ref_area,sex,classif1,classif2,time,eip_teip_sex_edu_mts_nb
gbr,sex_f,edu_aggregate_adv,mts_aggregate_1,1999,172.651
gbr,sex_f,edu_aggregate_adv,mts_aggregate_1,2000,184.456
gbr,sex_f,edu_aggregate_adv,mts_aggregate_1,2001,195.021
gbr,sex_f,edu_aggregate_adv,mts_aggregate_1,2002,197.989
gbr,sex_f,edu_aggregate_adv,mts_aggregate_1,2003,211.062
gbr,sex_f,edu_aggregate_adv,mts_aggregate_1,2004,225.682
gbr,sex_f,edu_aggregate_adv,mts_aggregate_1,2005,34.775
gbr,sex_f,edu_aggregate_adv,mts_aggregate_1,2006,205.82
gbr,sex_f,edu_aggregate_adv,mts_aggregate_1,2007,222.554
gbr,sex_f,edu_aggregate_adv,mts_aggregate_1,2008,341.089
gbr,sex_f,edu_aggregate_adv,mts_aggregate_1,2009,369.296
gbr,sex_f,edu_aggregate_adv,mts_aggregate_1,2010,410.619
gbr,sex_f,edu_aggregate_adv,mts_aggregate_1,2011,387.856
gbr,sex_f,edu_aggregate_adv,mts_aggregate_1,2012,466.851
gbr,sex_f,edu_aggregate_adv,mts_aggregate_1,2013,468.712
gbr,sex_f,edu_aggregate_adv,mts_aggregate_1,2014,475.455
gbr,sex_f,edu_aggregate_adv,mts_aggregate_1,2015,496.83
gbr,sex_f,edu_aggregate_adv,mts_aggregate_1,2016,525.73
gbr,sex_f,edu_aggregate_adv,mts_aggregate_1,2017,528.856
gbr,sex_f,edu_aggregate_adv,mts_aggregate_1,2018,553.558
gbr,sex_f,edu_aggregate_adv,mts_aggregate_1,2019,516.932
gbr,sex_f,edu_aggregate_adv,mts_aggregate_1,2020,568.6
gbr,sex_f,edu_aggregate_adv,mts_aggregate_1,2021,557.264
gbr,sex_f,edu_aggregate_adv,mts_aggregate_1,2022,655.496
gbr,sex_f,edu_aggregate_adv,mts_aggregate_1,2023,767.529
gbr,sex_f,edu_aggregate_adv,mts_aggregate_1,2024,737.598
gbr,sex_f,edu_aggregate_adv,mts_aggregate_2,1999,299.623
gbr,sex_f,edu_aggregate_adv,mts_aggregate_2,2000,329.708
gbr,sex_f,edu_aggregate_adv,mts_aggregate_2,2001,337.976
gbr,sex_f,edu_aggregate_adv,mts_aggregate_2,2002,332.397
gbr,sex_f,edu_aggregate_adv,mts_aggregate_2,2003,354.863
gbr,sex_f,edu_aggregate_adv,mts_aggregate_2,2004,366.013
gbr,sex_f,edu_aggregate_adv,mts_aggregate_2,2005,55.985
gbr,sex_f,edu_aggregate_adv,mts_aggregate_2,2006,341.873
gbr,sex_f,edu_aggregate_adv,mts_aggregate_2,2007,366.516
gbr,sex_f,edu_aggregate_adv,mts_aggregate_2,2008,634.529
gbr,sex_f,edu_aggregate_adv,mts_aggregate_2,2009,672.142
gbr,sex_f,edu_aggregate_adv,mts_aggregate_2,2010,704.139
gbr,sex_f,edu_aggregate_adv,mts_aggregate_2,2011,757.061
gbr,sex_f,edu_aggregate_adv,mts_aggregate_2,2012,887.184
gbr,sex_f,edu_aggregate_adv,mts_aggregate_2,2013,883.298
gbr,sex_f,edu_aggregate_adv,mts_aggregate_2,2014,914.612
gbr,sex_f,edu_aggregate_adv,mts_aggregate_2,2015,887.081
gbr,sex_f,edu_aggregate_adv,mts_aggregate_2,2016,892.834
gbr,sex_f,edu_aggregate_adv,mts_aggregate_2,2017,938.343
gbr,sex_f,edu_aggregate_adv,mts_aggregate_2,2018,927.737
gbr,sex_f,edu_aggregate_adv,mts_aggregate_2,2019,945.926
gbr,sex_f,edu_aggregate_adv,mts_aggregate_2,2020,951.765
gbr,sex_f,edu_aggregate_adv,mts_aggregate_2,2021,913.079
gbr,sex_f,edu_aggregate_adv,mts_aggregate_2,2022,1005.418
gbr,sex_f,edu_aggregate_adv,mts_aggregate_2,2023,1004.603
gbr,sex_f,edu_aggregate_adv,mts_aggregate_2,2024,1046.672
gbr,sex_f,edu_aggregate_adv,mts_aggregate_total,1999,472.274
gbr,sex_f,edu_aggregate_adv,mts_aggregate_total,2000,514.164
gbr,sex_f,edu_aggregate_adv,mts_aggregate_total,2001,532.997
gbr,sex_f,edu_aggregate_adv,mts_aggregate_total,2002,530.386
gbr,sex_f,edu_aggregate_adv,mts_aggregate_total,2003,565.925
gbr,sex_f,edu_aggregate_adv,mts_aggregate_total,2004,591.695
gbr,sex_f,edu_aggregate_adv,mts_aggregate_total,2005,90.76
gbr,sex_f,edu_aggregate_adv,mts_aggregate_total,2006,547.693
gbr,sex_f,edu_aggregate_adv,mts_aggregate_total,2007,589.07
gbr,sex_f,edu_aggregate_adv,mts_aggregate_total,2008,975.618
gbr,sex_f,edu_aggregate_adv,mts_aggregate_total,2009,1041.438
gbr,sex_f,edu_aggregate_adv,mts_aggregate_total,2010,1114.758
gbr,sex_f,edu_aggregate_adv,mts_aggregate_total,2011,1144.917
gbr,sex_f,edu_aggregate_adv,mts_aggregate_total,2012,1354.035
gbr,sex_f,edu_aggregate_adv,mts_aggregate_total,2013,1352.009
gbr,sex_f,edu_aggregate_adv,mts_aggregate_total,2014,1390.067
gbr,sex_f,edu_aggregate_adv,mts_aggregate_total,2015,1383.911
gbr,sex_f,edu_aggregate_adv,mts_aggregate_total,2016,1418.564
gbr,sex_f,edu_aggregate_adv,mts_aggregate_total,2017,1467.198
gbr,sex_f,edu_aggregate_adv,mts_aggregate_total,2018,1481.295
gbr,sex_f,edu_aggregate_adv,mts_aggregate_total,2019,1462.857
gbr,sex_f,edu_aggregate_adv,mts_aggregate_total,2020,1520.365
gbr,sex_f,edu_aggregate_adv,mts_aggregate_total,2021,1470.343
gbr,sex_f,edu_aggregate_adv,mts_aggregate_total,2022,1660.914
gbr,sex_f,edu_aggregate_adv,mts_aggregate_total,2023,1772.132
gbr,sex_f,edu_aggregate_adv,mts_aggregate_total,2024,1784.597
gbr,sex_f,edu_aggregate_adv,mts_details_mrd,2005,55.985
gbr,sex_f,edu_aggregate_adv,mts_details_mrd,2006,341.556
gbr,sex_f,edu_aggregate_adv,mts_details_mrd,2007,365.116
gbr,sex_f,edu_aggregate_adv,mts_details_mrd,2008,632.608
gbr,sex_f,edu_aggregate_adv,mts_details_mrd,2009,668.53
gbr,sex_f,edu_aggregate_adv,mts_details_mrd,2010,701.034
gbr,sex_f,edu_aggregate_adv,mts_details_mrd,2011,752.84
gbr,sex_f,edu_aggregate_adv,mts_details_mrd,2012,882.74
gbr,sex_f,edu_aggregate_adv,mts_details_mrd,2013,879.236
gbr,sex_f,edu_aggregate_adv,mts_details_mrd,2014,912.692
gbr,sex_f,edu_aggregate_adv,mts_details_mrd,2015,883.692
gbr,sex_f,edu_aggregate_adv,mts_details_mrd,2016,890.724
gbr,sex_f,edu_aggregate_adv,mts_details_mrd,2017,933.34
gbr,sex_f,edu_aggregate_adv,mts_details_mrd,2018,920.691
gbr,sex_f,edu_aggregate_adv,mts_details_mrd,2019,942.082
gbr,sex_f,edu_aggregate_adv,mts_details_mrd,2020,943.61
gbr,sex_f,edu_aggregate_adv,mts_details_mrd,2021,907.566
gbr,sex_f,edu_aggregate_adv,mts_details_mrd,2022,995.651
gbr,sex_f,edu_aggregate_adv,mts_details_mrd,2023,991.423
gbr,sex_f,edu_aggregate_adv,mts_details_mrd,2024,1030.391
gbr,sex_f,edu_aggregate_adv,mts_details_sep,2005,8.349
gbr,sex_f,edu_aggregate_adv,mts_details_sep,2006,48.847
gbr,sex_f,edu_aggregate_adv,mts_details_sep,2007,61.235
gbr,sex_f,edu_aggregate_adv,mts_details_sep,2008,103.537
gbr,sex_f,edu_aggregate_adv,mts_details_sep,2009,114.709
gbr,sex_f,edu_aggregate_adv,mts_details_sep,2010,117.378
gbr,sex_f,edu_aggregate_adv,mts_details_sep,2011,121.051
gbr,sex_f,edu_aggregate_adv,mts_details_sep,2012,154.657
gbr,sex_f,edu_aggregate_adv,mts_details_sep,2013,132.754
gbr,sex_f,edu_aggregate_adv,mts_details_sep,2014,154.179
gbr,sex_f,edu_aggregate_adv,mts_details_sep,2015,158.061
gbr,sex_f,edu_aggregate_adv,mts_details_sep,2016,161.749
gbr,sex_f,edu_aggregate_adv,mts_details_sep,2017,157.262
gbr,sex_f,edu_aggregate_adv,mts_details_sep,2018,158.706
gbr,sex_f,edu_aggregate_adv,mts_details_sep,2019,160.775
gbr,sex_f,edu_aggregate_adv,mts_details_sep,2020,165.6
gbr,sex_f,edu_aggregate_adv,mts_details_sep,2021,162.069
gbr,sex_f,edu_aggregate_adv,mts_details_sep,2022,208.949
gbr,sex_f,edu_aggregate_adv,mts_details_sep,2023,220.24
gbr,sex_f,edu_aggregate_adv,mts_details_sep,2024,210.439
gbr,sex_f,edu_aggregate_adv,mts_details_sgle,2005,24.492
gbr,sex_f,edu_aggregate_adv,mts_details_sgle,2006,147.055
gbr,sex_f,edu_aggregate_adv,mts_details_sgle,2007,152.098
gbr,sex_f,edu_aggregate_adv,mts_details_sgle,2008,185.088
gbr,sex_f,edu_aggregate_adv,mts_details_sgle,2009,201.386
gbr,sex_f,edu_aggregate_adv,mts_details_sgle,2010,235.278
gbr,sex_f,edu_aggregate_adv,mts_details_sgle,2011,228.195
gbr,sex_f,edu_aggregate_adv,mts_details_sgle,2012,255.94
gbr,sex_f,edu_aggregate_adv,mts_details_sgle,2013,271.306
gbr,sex_f,edu_aggregate_adv,mts_details_sgle,2014,259.405
gbr,sex_f,edu_aggregate_adv,mts_details_sgle,2015,277.762
gbr,sex_f,edu_aggregate_adv,mts_details_sgle,2016,295.013
gbr,sex_f,edu_aggregate_adv,mts_details_sgle,2017,299.399
gbr,sex_f,edu_aggregate_adv,mts_details_sgle,2018,326.18
gbr,sex_f,edu_aggregate_adv,mts_details_sgle,2019,298.205
gbr,sex_f,edu_aggregate_adv,mts_details_sgle,2020,344.206
gbr,sex_f,edu_aggregate_adv,mts_details_sgle,2021,326.749
gbr,sex_f,edu_aggregate_adv,mts_details_sgle,2022,376.044
gbr,sex_f,edu_aggregate_adv,mts_details_sgle,2023,474.286
gbr,sex_f,edu_aggregate_adv,mts_details_sgle,2024,458.238
gbr,sex_f,edu_aggregate_adv,mts_details_total,2005,90.76
gbr,sex_f,edu_aggregate_adv,mts_details_total,2006,547.693
gbr,sex_f,edu_aggregate_adv,mts_details_total,2007,589.07
gbr,sex_f,edu_aggregate_adv,mts_details_total,2008,975.618
gbr,sex_f,edu_aggregate_adv,mts_details_total,2009,1041.438
gbr,sex_f,edu_aggregate_adv,mts_details_total,2010,1114.758
gbr,sex_f,edu_aggregate_adv,mts_details_total,2011,1144.917
gbr,sex_f,edu_aggregate_adv,mts_details_total,2012,1354.035
gbr,sex_f,edu_aggregate_adv,mts_details_total,2013,1352.009
gbr,sex_f,edu_aggregate_adv,mts_details_total,2014,1390.067
gbr,sex_f,edu_aggregate_adv,mts_details_total,2015,1383.911
gbr,sex_f,edu_aggregate_adv,mts_details_total,2016,1418.564
gbr,sex_f,edu_aggregate_adv,mts_details_total,2017,1467.198
gbr,sex_f,edu_aggregate_adv,mts_details_total,2018,1481.295
gbr,sex_f,edu_aggregate_adv,mts_details_total,2019,1462.857
gbr,sex_f,edu_aggregate_adv,mts_details_total,2020,1520.365
gbr,sex_f,edu_aggregate_adv,mts_details_total,2021,1470.343
gbr,sex_f,edu_aggregate_adv,mts_details_total,2022,1660.914
gbr,sex_f,edu_aggregate_adv,mts_details_total,2023,1772.132
gbr,sex_f,edu_aggregate_adv,mts_details_total,2024,1784.597
gbr,sex_f,edu_aggregate_adv,mts_details_union,2007,1.401
gbr,sex_f,edu_aggregate_adv,mts_details_union,2008,1.922
gbr,sex_f,edu_aggregate_adv,mts_details_union,2009,3.612
gbr,sex_f,edu_aggregate_adv,mts_details_union,2010,3.105
gbr,sex_f,edu_aggregate_adv,mts_details_union,2011,4.221
gbr,sex_f,edu_aggregate_adv,mts_details_union,2012,4.444
gbr,sex_f,edu_aggregate_adv,mts_details_union,2013,4.061
gbr,sex_f,edu_aggregate_adv,mts_details_union,2014,1.921
gbr,sex_f,edu_aggregate_adv,mts_details_union,2015,3.39
gbr,sex_f,edu_aggregate_adv,mts_details_union,2016,2.11
gbr,sex_f,edu_aggregate_adv,mts_details_union,2017,5.003
gbr,sex_f,edu_aggregate_adv,mts_details_union,2018,7.047
gbr,sex_f,edu_aggregate_adv,mts_details_union,2019,3.844
gbr,sex_f,edu_aggregate_adv,mts_details_union,2020,8.155
gbr,sex_f,edu_aggregate_adv,mts_details_union,2021,5.513
gbr,sex_f,edu_aggregate_adv,mts_details_union,2022,9.767
gbr,sex_f,edu_aggregate_adv,mts_details_union,2023,13.181
gbr,sex_f,edu_aggregate_adv,mts_details_union,2024,16.281
gbr,sex_f,edu_aggregate_adv,mts_details_wid,2005,1.933
gbr,sex_f,edu_aggregate_adv,mts_details_wid,2006,9.918
gbr,sex_f,edu_aggregate_adv,mts_details_wid,2007,9.221
gbr,sex_f,edu_aggregate_adv,mts_details_wid,2008,52.465
gbr,sex_f,edu_aggregate_adv,mts_details_wid,2009,53.201
gbr,sex_f,edu_aggregate_adv,mts_details_wid,2010,57.962
gbr,sex_f,edu_aggregate_adv,mts_details_wid,2011,38.61
gbr,sex_f,edu_aggregate_adv,mts_details_wid,2012,56.253
gbr,sex_f,edu_aggregate_adv,mts_details_wid,2013,64.652
gbr,sex_f,edu_aggregate_adv,mts_details_wid,2014,61.871
gbr,sex_f,edu_aggregate_adv,mts_details_wid,2015,61.007
gbr,sex_f,edu_aggregate_adv,mts_details_wid,2016,68.968
gbr,sex_f,edu_aggregate_adv,mts_details_wid,2017,72.195
gbr,sex_f,edu_aggregate_adv,mts_details_wid,2018,68.672
gbr,sex_f,edu_aggregate_adv,mts_details_wid,2019,57.951
gbr,sex_f,edu_aggregate_adv,mts_details_wid,2020,58.794
gbr,sex_f,edu_aggregate_adv,mts_details_wid,2021,68.446
gbr,sex_f,edu_aggregate_adv,mts_details_wid,2022,70.502
gbr,sex_f,edu_aggregate_adv,mts_details_wid,2023,73.003
gbr,sex_f,edu_aggregate_adv,mts_details_wid,2024,68.922
gbr,sex_f,edu_aggregate_bas,mts_aggregate_1,1999,818.81
gbr,sex_f,edu_aggregate_bas,mts_aggregate_1,2000,794.242
gbr,sex_f,edu_aggregate_bas,mts_aggregate_1,2001,814.234
gbr,sex_f,edu_aggregate_bas,mts_aggregate_1,2002,795.182
gbr,sex_f,edu_aggregate_bas,mts_aggregate_1,2003,815.042
gbr,sex_f,edu_aggregate_bas,mts_aggregate_1,2004,836.529
gbr,sex_f,edu_aggregate_bas,mts_aggregate_1,2005,127.986
gbr,sex_f,edu_aggregate_bas,mts_aggregate_1,2006,912.19
gbr,sex_f,edu_aggregate_bas,mts_aggregate_1,2007,954.016
gbr,sex_f,edu_aggregate_bas,mts_aggregate_1,2008,958.941
gbr,sex_f,edu_aggregate_bas,mts_aggregate_1,2009,994.526
gbr,sex_f,edu_aggregate_bas,mts_aggregate_1,2010,1039.526
gbr,sex_f,edu_aggregate_bas,mts_aggregate_1,2011,977.956
gbr,sex_f,edu_aggregate_bas,mts_aggregate_1,2012,987.915
gbr,sex_f,edu_aggregate_bas,mts_aggregate_1,2013,996.923
gbr,sex_f,edu_aggregate_bas,mts_aggregate_1,2014,990.074
gbr,sex_f,edu_aggregate_bas,mts_aggregate_1,2015,973.46
gbr,sex_f,edu_aggregate_bas,mts_aggregate_1,2016,955.215
gbr,sex_f,edu_aggregate_bas,mts_aggregate_1,2017,932.536
gbr,sex_f,edu_aggregate_bas,mts_aggregate_1,2018,948.71
gbr,sex_f,edu_aggregate_bas,mts_aggregate_1,2019,943.649
gbr,sex_f,edu_aggregate_bas,mts_aggregate_1,2020,1007.687
gbr,sex_f,edu_aggregate_bas,mts_aggregate_1,2021,1046.791
gbr,sex_f,edu_aggregate_bas,mts_aggregate_1,2022,1155.655
gbr,sex_f,edu_aggregate_bas,mts_aggregate_1,2023,1234.495
gbr,sex_f,edu_aggregate_bas,mts_aggregate_1,2024,1338.443
gbr,sex_f,edu_aggregate_bas,mts_aggregate_2,1999,877.559
gbr,sex_f,edu_aggregate_bas,mts_aggregate_2,2000,849.319
gbr,sex_f,edu_aggregate_bas,mts_aggregate_2,2001,790.456
gbr,sex_f,edu_aggregate_bas,mts_aggregate_2,2002,746.408
gbr,sex_f,edu_aggregate_bas,mts_aggregate_2,2003,701.828
gbr,sex_f,edu_aggregate_bas,mts_aggregate_2,2004,671.587
gbr,sex_f,edu_aggregate_bas,mts_aggregate_2,2005,94.028
gbr,sex_f,edu_aggregate_bas,mts_aggregate_2,2006,797.263
gbr,sex_f,edu_aggregate_bas,mts_aggregate_2,2007,767.298
gbr,sex_f,edu_aggregate_bas,mts_aggregate_2,2008,815.689
gbr,sex_f,edu_aggregate_bas,mts_aggregate_2,2009,872.598
gbr,sex_f,edu_aggregate_bas,mts_aggregate_2,2010,886.701
gbr,sex_f,edu_aggregate_bas,mts_aggregate_2,2011,774.1
gbr,sex_f,edu_aggregate_bas,mts_aggregate_2,2012,855.442
gbr,sex_f,edu_aggregate_bas,mts_aggregate_2,2013,833.812
gbr,sex_f,edu_aggregate_bas,mts_aggregate_2,2014,837.559
gbr,sex_f,edu_aggregate_bas,mts_aggregate_2,2015,787.804
gbr,sex_f,edu_aggregate_bas,mts_aggregate_2,2016,785.236
gbr,sex_f,edu_aggregate_bas,mts_aggregate_2,2017,737.178
gbr,sex_f,edu_aggregate_bas,mts_aggregate_2,2018,733.927
gbr,sex_f,edu_aggregate_bas,mts_aggregate_2,2019,706.139
gbr,sex_f,edu_aggregate_bas,mts_aggregate_2,2020,669.657
gbr,sex_f,edu_aggregate_bas,mts_aggregate_2,2021,666.749
gbr,sex_f,edu_aggregate_bas,mts_aggregate_2,2022,799.619
gbr,sex_f,edu_aggregate_bas,mts_aggregate_2,2023,790.047
gbr,sex_f,edu_aggregate_bas,mts_aggregate_2,2024,714.409
gbr,sex_f,edu_aggregate_bas,mts_aggregate_total,1999,1696.369
gbr,sex_f,edu_aggregate_bas,mts_aggregate_total,2000,1643.561
gbr,sex_f,edu_aggregate_bas,mts_aggregate_total,2001,1604.69
gbr,sex_f,edu_aggregate_bas,mts_aggregate_total,2002,1541.59
gbr,sex_f,edu_aggregate_bas,mts_aggregate_total,2003,1516.87
gbr,sex_f,edu_aggregate_bas,mts_aggregate_total,2004,1508.116
gbr,sex_f,edu_aggregate_bas,mts_aggregate_total,2005,222.013
gbr,sex_f,edu_aggregate_bas,mts_aggregate_total,2006,1709.453
gbr,sex_f,edu_aggregate_bas,mts_aggregate_total,2007,1721.314
gbr,sex_f,edu_aggregate_bas,mts_aggregate_total,2008,1774.63
gbr,sex_f,edu_aggregate_bas,mts_aggregate_total,2009,1867.124
gbr,sex_f,edu_aggregate_bas,mts_aggregate_total,2010,1926.227
gbr,sex_f,edu_aggregate_bas,mts_aggregate_total,2011,1752.056
gbr,sex_f,edu_aggregate_bas,mts_aggregate_total,2012,1843.357
gbr,sex_f,edu_aggregate_bas,mts_aggregate_total,2013,1830.736
gbr,sex_f,edu_aggregate_bas,mts_aggregate_total,2014,1827.632
gbr,sex_f,edu_aggregate_bas,mts_aggregate_total,2015,1761.263
gbr,sex_f,edu_aggregate_bas,mts_aggregate_total,2016,1740.451
gbr,sex_f,edu_aggregate_bas,mts_aggregate_total,2017,1669.714
gbr,sex_f,edu_aggregate_bas,mts_aggregate_total,2018,1682.637
gbr,sex_f,edu_aggregate_bas,mts_aggregate_total,2019,1649.788
gbr,sex_f,edu_aggregate_bas,mts_aggregate_total,2020,1677.344
gbr,sex_f,edu_aggregate_bas,mts_aggregate_total,2021,1713.54
gbr,sex_f,edu_aggregate_bas,mts_aggregate_total,2022,1955.274
gbr,sex_f,edu_aggregate_bas,mts_aggregate_total,2023,2024.542
gbr,sex_f,edu_aggregate_bas,mts_aggregate_total,2024,2052.852
gbr,sex_f,edu_aggregate_bas,mts_details_mrd,2005,94.028
gbr,sex_f,edu_aggregate_bas,mts_details_mrd,2006,797.062
gbr,sex_f,edu_aggregate_bas,mts_details_mrd,2007,766.447
gbr,sex_f,edu_aggregate_bas,mts_details_mrd,2008,815.313
gbr,sex_f,edu_aggregate_bas,mts_details_mrd,2009,872.337
gbr,sex_f,edu_aggregate_bas,mts_details_mrd,2010,885.258
gbr,sex_f,edu_aggregate_bas,mts_details_mrd,2011,771.388
gbr,sex_f,edu_aggregate_bas,mts_details_mrd,2012,853.213
gbr,sex_f,edu_aggregate_bas,mts_details_mrd,2013,832.194
gbr,sex_f,edu_aggregate_bas,mts_details_mrd,2014,834.474
gbr,sex_f,edu_aggregate_bas,mts_details_mrd,2015,787.304
gbr,sex_f,edu_aggregate_bas,mts_details_mrd,2016,784.506
gbr,sex_f,edu_aggregate_bas,mts_details_mrd,2017,732.56
gbr,sex_f,edu_aggregate_bas,mts_details_mrd,2018,730.269
gbr,sex_f,edu_aggregate_bas,mts_details_mrd,2019,703.64
gbr,sex_f,edu_aggregate_bas,mts_details_mrd,2020,666.068
gbr,sex_f,edu_aggregate_bas,mts_details_mrd,2021,665.33
gbr,sex_f,edu_aggregate_bas,mts_details_mrd,2022,790.702
gbr,sex_f,edu_aggregate_bas,mts_details_mrd,2023,782.046
gbr,sex_f,edu_aggregate_bas,mts_details_mrd,2024,707.065
gbr,sex_f,edu_aggregate_bas,mts_details_sep,2005,27.826
gbr,sex_f,edu_aggregate_bas,mts_details_sep,2006,208.664
gbr,sex_f,edu_aggregate_bas,mts_details_sep,2007,210.574
gbr,sex_f,edu_aggregate_bas,mts_details_sep,2008,212.304
gbr,sex_f,edu_aggregate_bas,mts_details_sep,2009,220.742
gbr,sex_f,edu_aggregate_bas,mts_details_sep,2010,227.63
gbr,sex_f,edu_aggregate_bas,mts_details_sep,2011,211.626
gbr,sex_f,edu_aggregate_bas,mts_details_sep,2012,221.51
gbr,sex_f,edu_aggregate_bas,mts_details_sep,2013,207.357
gbr,sex_f,edu_aggregate_bas,mts_details_sep,2014,206.362
gbr,sex_f,edu_aggregate_bas,mts_details_sep,2015,190.931
gbr,sex_f,edu_aggregate_bas,mts_details_sep,2016,188.342
gbr,sex_f,edu_aggregate_bas,mts_details_sep,2017,191.092
gbr,sex_f,edu_aggregate_bas,mts_details_sep,2018,180.869
gbr,sex_f,edu_aggregate_bas,mts_details_sep,2019,178.686
gbr,sex_f,edu_aggregate_bas,mts_details_sep,2020,189.974
gbr,sex_f,edu_aggregate_bas,mts_details_sep,2021,199.105
gbr,sex_f,edu_aggregate_bas,mts_details_sep,2022,291.832
gbr,sex_f,edu_aggregate_bas,mts_details_sep,2023,317.964
gbr,sex_f,edu_aggregate_bas,mts_details_sep,2024,318.771
gbr,sex_f,edu_aggregate_bas,mts_details_sgle,2005,97.604
gbr,sex_f,edu_aggregate_bas,mts_details_sgle,2006,668.234
gbr,sex_f,edu_aggregate_bas,mts_details_sgle,2007,712.657
gbr,sex_f,edu_aggregate_bas,mts_details_sgle,2008,664.678
gbr,sex_f,edu_aggregate_bas,mts_details_sgle,2009,691.254
gbr,sex_f,edu_aggregate_bas,mts_details_sgle,2010,732.244
gbr,sex_f,edu_aggregate_bas,mts_details_sgle,2011,714.912
gbr,sex_f,edu_aggregate_bas,mts_details_sgle,2012,683.38
gbr,sex_f,edu_aggregate_bas,mts_details_sgle,2013,707.892
gbr,sex_f,edu_aggregate_bas,mts_details_sgle,2014,713.394
gbr,sex_f,edu_aggregate_bas,mts_details_sgle,2015,706.476
gbr,sex_f,edu_aggregate_bas,mts_details_sgle,2016,689.437
gbr,sex_f,edu_aggregate_bas,mts_details_sgle,2017,669.87
gbr,sex_f,edu_aggregate_bas,mts_details_sgle,2018,705.81
gbr,sex_f,edu_aggregate_bas,mts_details_sgle,2019,701.672
gbr,sex_f,edu_aggregate_bas,mts_details_sgle,2020,754.008
gbr,sex_f,edu_aggregate_bas,mts_details_sgle,2021,788.652
gbr,sex_f,edu_aggregate_bas,mts_details_sgle,2022,754.96
gbr,sex_f,edu_aggregate_bas,mts_details_sgle,2023,805.078
gbr,sex_f,edu_aggregate_bas,mts_details_sgle,2024,901.154
gbr,sex_f,edu_aggregate_bas,mts_details_total,2005,222.013
gbr,sex_f,edu_aggregate_bas,mts_details_total,2006,1709.453
gbr,sex_f,edu_aggregate_bas,mts_details_total,2007,1721.314
gbr,sex_f,edu_aggregate_bas,mts_details_total,2008,1774.63
gbr,sex_f,edu_aggregate_bas,mts_details_total,2009,1867.124
gbr,sex_f,edu_aggregate_bas,mts_details_total,2010,1926.227
gbr,sex_f,edu_aggregate_bas,mts_details_total,2011,1752.056
gbr,sex_f,edu_aggregate_bas,mts_details_total,2012,1843.357
gbr,sex_f,edu_aggregate_bas,mts_details_total,2013,1830.736
gbr,sex_f,edu_aggregate_bas,mts_details_total,2014,1827.632
gbr,sex_f,edu_aggregate_bas,mts_details_total,2015,1761.263
gbr,sex_f,edu_aggregate_bas,mts_details_total,2016,1740.451
gbr,sex_f,edu_aggregate_bas,mts_details_total,2017,1669.714
gbr,sex_f,edu_aggregate_bas,mts_details_total,2018,1682.637
gbr,sex_f,edu_aggregate_bas,mts_details_total,2019,1649.788
gbr,sex_f,edu_aggregate_bas,mts_details_total,2020,1677.344
gbr,sex_f,edu_aggregate_bas,mts_details_total,2021,1713.54
gbr,sex_f,edu_aggregate_bas,mts_details_total,2022,1955.274
gbr,sex_f,edu_aggregate_bas,mts_details_total,2023,2024.542
gbr,sex_f,edu_aggregate_bas,mts_details_total,2024,2052.852
gbr,sex_f,edu_aggregate_bas,mts_details_union,2007,0.851
gbr,sex_f,edu_aggregate_bas,mts_details_union,2010,1.444
gbr,sex_f,edu_aggregate_bas,mts_details_union,2011,2.713
gbr,sex_f,edu_aggregate_bas,mts_details_union,2012,2.228
gbr,sex_f,edu_aggregate_bas,mts_details_union,2013,1.619
gbr,sex_f,edu_aggregate_bas,mts_details_union,2014,3.085
gbr,sex_f,edu_aggregate_bas,mts_details_union,2016,0.731
gbr,sex_f,edu_aggregate_bas,mts_details_union,2017,4.619
gbr,sex_f,edu_aggregate_bas,mts_details_union,2018,3.658
gbr,sex_f,edu_aggregate_bas,mts_details_union,2019,2.499
gbr,sex_f,edu_aggregate_bas,mts_details_union,2020,3.589
gbr,sex_f,edu_aggregate_bas,mts_details_union,2022,8.918
gbr,sex_f,edu_aggregate_bas,mts_details_union,2023,8.001
gbr,sex_f,edu_aggregate_bas,mts_details_union,2024,7.343
gbr,sex_f,edu_aggregate_bas,mts_details_wid,2005,2.555
gbr,sex_f,edu_aggregate_bas,mts_details_wid,2006,35.292
gbr,sex_f,edu_aggregate_bas,mts_details_wid,2007,30.785
gbr,sex_f,edu_aggregate_bas,mts_details_wid,2008,81.959
gbr,sex_f,edu_aggregate_bas,mts_details_wid,2009,82.53
gbr,sex_f,edu_aggregate_bas,mts_details_wid,2010,79.653
gbr,sex_f,edu_aggregate_bas,mts_details_wid,2011,51.417
gbr,sex_f,edu_aggregate_bas,mts_details_wid,2012,83.026
gbr,sex_f,edu_aggregate_bas,mts_details_wid,2013,81.674
gbr,sex_f,edu_aggregate_bas,mts_details_wid,2014,70.318
gbr,sex_f,edu_aggregate_bas,mts_details_wid,2015,76.054
gbr,sex_f,edu_aggregate_bas,mts_details_wid,2016,77.436
gbr,sex_f,edu_aggregate_bas,mts_details_wid,2017,71.574
gbr,sex_f,edu_aggregate_bas,mts_details_wid,2018,62.031
gbr,sex_f,edu_aggregate_bas,mts_details_wid,2019,63.291
gbr,sex_f,edu_aggregate_bas,mts_details_wid,2020,63.705
gbr,sex_f,edu_aggregate_bas,mts_details_wid,2021,59.034
gbr,sex_f,edu_aggregate_bas,mts_details_wid,2022,108.863
gbr,sex_f,edu_aggregate_bas,mts_details_wid,2023,111.453
gbr,sex_f,edu_aggregate_bas,mts_details_wid,2024,118.518
gbr,sex_f,edu_aggregate_int,mts_aggregate_1,1999,1183.54
gbr,sex_f,edu_aggregate_int,mts_aggregate_1,2000,1188.454
gbr,sex_f,edu_aggregate_int,mts_aggregate_1,2001,1271.228
gbr,sex_f,edu_aggregate_int,mts_aggregate_1,2002,1291.267
gbr,sex_f,edu_aggregate_int,mts_aggregate_1,2003,1320.478
gbr,sex_f,edu_aggregate_int,mts_aggregate_1,2004,1481.772
gbr,sex_f,edu_aggregate_int,mts_aggregate_1,2005,125.18
gbr,sex_f,edu_aggregate_int,mts_aggregate_1,2006,680.447
gbr,sex_f,edu_aggregate_int,mts_aggregate_1,2007,727.226
gbr,sex_f,edu_aggregate_int,mts_aggregate_1,2008,816.034
gbr,sex_f,edu_aggregate_int,mts_aggregate_1,2009,896.96
gbr,sex_f,edu_aggregate_int,mts_aggregate_1,2010,948.139
gbr,sex_f,edu_aggregate_int,mts_aggregate_1,2011,1002.1
gbr,sex_f,edu_aggregate_int,mts_aggregate_1,2012,1031.957
gbr,sex_f,edu_aggregate_int,mts_aggregate_1,2013,1061.358
gbr,sex_f,edu_aggregate_int,mts_aggregate_1,2014,1087.176
gbr,sex_f,edu_aggregate_int,mts_aggregate_1,2015,1113.197
gbr,sex_f,edu_aggregate_int,mts_aggregate_1,2016,1106.264
gbr,sex_f,edu_aggregate_int,mts_aggregate_1,2017,1083.518
gbr,sex_f,edu_aggregate_int,mts_aggregate_1,2018,1111.477
gbr,sex_f,edu_aggregate_int,mts_aggregate_1,2019,1056.634
gbr,sex_f,edu_aggregate_int,mts_aggregate_1,2020,1067.311
gbr,sex_f,edu_aggregate_int,mts_aggregate_1,2021,1115.275
gbr,sex_f,edu_aggregate_int,mts_aggregate_1,2022,1496.06
gbr,sex_f,edu_aggregate_int,mts_aggregate_1,2023,1740.002
gbr,sex_f,edu_aggregate_int,mts_aggregate_1,2024,1817.544
gbr,sex_f,edu_aggregate_int,mts_aggregate_2,1999,988.166
gbr,sex_f,edu_aggregate_int,mts_aggregate_2,2000,944.777
gbr,sex_f,edu_aggregate_int,mts_aggregate_2,2001,941.797
gbr,sex_f,edu_aggregate_int,mts_aggregate_2,2002,948.583
gbr,sex_f,edu_aggregate_int,mts_aggregate_2,2003,910.913
gbr,sex_f,edu_aggregate_int,mts_aggregate_2,2004,1166.927
gbr,sex_f,edu_aggregate_int,mts_aggregate_2,2005,68.664
gbr,sex_f,edu_aggregate_int,mts_aggregate_2,2006,376.798
gbr,sex_f,edu_aggregate_int,mts_aggregate_2,2007,375.542
gbr,sex_f,edu_aggregate_int,mts_aggregate_2,2008,522.902
gbr,sex_f,edu_aggregate_int,mts_aggregate_2,2009,558.106
gbr,sex_f,edu_aggregate_int,mts_aggregate_2,2010,581.504
gbr,sex_f,edu_aggregate_int,mts_aggregate_2,2011,595.664
gbr,sex_f,edu_aggregate_int,mts_aggregate_2,2012,657.326
gbr,sex_f,edu_aggregate_int,mts_aggregate_2,2013,670.398
gbr,sex_f,edu_aggregate_int,mts_aggregate_2,2014,720.522
gbr,sex_f,edu_aggregate_int,mts_aggregate_2,2015,721.03
gbr,sex_f,edu_aggregate_int,mts_aggregate_2,2016,739.027
gbr,sex_f,edu_aggregate_int,mts_aggregate_2,2017,717.874
gbr,sex_f,edu_aggregate_int,mts_aggregate_2,2018,688.812
gbr,sex_f,edu_aggregate_int,mts_aggregate_2,2019,688.914
gbr,sex_f,edu_aggregate_int,mts_aggregate_2,2020,642.418
gbr,sex_f,edu_aggregate_int,mts_aggregate_2,2021,637.683
gbr,sex_f,edu_aggregate_int,mts_aggregate_2,2022,975.602
gbr,sex_f,edu_aggregate_int,mts_aggregate_2,2023,958.266
gbr,sex_f,edu_aggregate_int,mts_aggregate_2,2024,976.878
gbr,sex_f,edu_aggregate_int,mts_aggregate_total,1999,2171.706
gbr,sex_f,edu_aggregate_int,mts_aggregate_total,2000,2133.231
gbr,sex_f,edu_aggregate_int,mts_aggregate_total,2001,2213.025
gbr,sex_f,edu_aggregate_int,mts_aggregate_total,2002,2239.85
gbr,sex_f,edu_aggregate_int,mts_aggregate_total,2003,2231.391
gbr,sex_f,edu_aggregate_int,mts_aggregate_total,2004,2648.699
gbr,sex_f,edu_aggregate_int,mts_aggregate_total,2005,193.844
gbr,sex_f,edu_aggregate_int,mts_aggregate_total,2006,1057.246
gbr,sex_f,edu_aggregate_int,mts_aggregate_total,2007,1102.767
gbr,sex_f,edu_aggregate_int,mts_aggregate_total,2008,1338.937
gbr,sex_f,edu_aggregate_int,mts_aggregate_total,2009,1455.065
gbr,sex_f,edu_aggregate_int,mts_aggregate_total,2010,1529.643
gbr,sex_f,edu_aggregate_int,mts_aggregate_total,2011,1597.765
gbr,sex_f,edu_aggregate_int,mts_aggregate_total,2012,1689.283
gbr,sex_f,edu_aggregate_int,mts_aggregate_total,2013,1731.756
gbr,sex_f,edu_aggregate_int,mts_aggregate_total,2014,1807.697
gbr,sex_f,edu_aggregate_int,mts_aggregate_total,2015,1834.227
gbr,sex_f,edu_aggregate_int,mts_aggregate_total,2016,1845.291
gbr,sex_f,edu_aggregate_int,mts_aggregate_total,2017,1801.392
gbr,sex_f,edu_aggregate_int,mts_aggregate_total,2018,1800.289
gbr,sex_f,edu_aggregate_int,mts_aggregate_total,2019,1745.549
gbr,sex_f,edu_aggregate_int,mts_aggregate_total,2020,1709.729
gbr,sex_f,edu_aggregate_int,mts_aggregate_total,2021,1752.958
gbr,sex_f,edu_aggregate_int,mts_aggregate_total,2022,2471.662
gbr,sex_f,edu_aggregate_int,mts_aggregate_total,2023,2698.268
gbr,sex_f,edu_aggregate_int,mts_aggregate_total,2024,2794.591
gbr,sex_f,edu_aggregate_int,mts_details_mrd,2005,68.664
gbr,sex_f,edu_aggregate_int,mts_details_mrd,2006,376.544
gbr,sex_f,edu_aggregate_int,mts_details_mrd,2007,374.506
gbr,sex_f,edu_aggregate_int,mts_details_mrd,2008,521.089
gbr,sex_f,edu_aggregate_int,mts_details_mrd,2009,557.521
gbr,sex_f,edu_aggregate_int,mts_details_mrd,2010,580.396
gbr,sex_f,edu_aggregate_int,mts_details_mrd,2011,593.336
gbr,sex_f,edu_aggregate_int,mts_details_mrd,2012,655.674
gbr,sex_f,edu_aggregate_int,mts_details_mrd,2013,668.28
gbr,sex_f,edu_aggregate_int,mts_details_mrd,2014,717.757
gbr,sex_f,edu_aggregate_int,mts_details_mrd,2015,719.699
gbr,sex_f,edu_aggregate_int,mts_details_mrd,2016,737.14
gbr,sex_f,edu_aggregate_int,mts_details_mrd,2017,716.639
gbr,sex_f,edu_aggregate_int,mts_details_mrd,2018,685.85
gbr,sex_f,edu_aggregate_int,mts_details_mrd,2019,687.436
gbr,sex_f,edu_aggregate_int,mts_details_mrd,2020,637.336
gbr,sex_f,edu_aggregate_int,mts_details_mrd,2021,633.73
gbr,sex_f,edu_aggregate_int,mts_details_mrd,2022,967.969
gbr,sex_f,edu_aggregate_int,mts_details_mrd,2023,947.314
gbr,sex_f,edu_aggregate_int,mts_details_mrd,2024,968.79
gbr,sex_f,edu_aggregate_int,mts_details_sep,2005,18.866
gbr,sex_f,edu_aggregate_int,mts_details_sep,2006,103.108
gbr,sex_f,edu_aggregate_int,mts_details_sep,2007,102.568
gbr,sex_f,edu_aggregate_int,mts_details_sep,2008,132.881
gbr,sex_f,edu_aggregate_int,mts_details_sep,2009,153.769
gbr,sex_f,edu_aggregate_int,mts_details_sep,2010,169.06
gbr,sex_f,edu_aggregate_int,mts_details_sep,2011,170.591
gbr,sex_f,edu_aggregate_int,mts_details_sep,2012,181.701
gbr,sex_f,edu_aggregate_int,mts_details_sep,2013,185.794
gbr,sex_f,edu_aggregate_int,mts_details_sep,2014,203.139
gbr,sex_f,edu_aggregate_int,mts_details_sep,2015,202.619
gbr,sex_f,edu_aggregate_int,mts_details_sep,2016,194.842
gbr,sex_f,edu_aggregate_int,mts_details_sep,2017,197.143
gbr,sex_f,edu_aggregate_int,mts_details_sep,2018,197.448
gbr,sex_f,edu_aggregate_int,mts_details_sep,2019,178.671
gbr,sex_f,edu_aggregate_int,mts_details_sep,2020,191.57
gbr,sex_f,edu_aggregate_int,mts_details_sep,2021,196.37
gbr,sex_f,edu_aggregate_int,mts_details_sep,2022,285.445
gbr,sex_f,edu_aggregate_int,mts_details_sep,2023,309.056
gbr,sex_f,edu_aggregate_int,mts_details_sep,2024,330.591
gbr,sex_f,edu_aggregate_int,mts_details_sgle,2005,104.512
gbr,sex_f,edu_aggregate_int,mts_details_sgle,2006,564.914
gbr,sex_f,edu_aggregate_int,mts_details_sgle,2007,613.325
gbr,sex_f,edu_aggregate_int,mts_details_sgle,2008,642.758
gbr,sex_f,edu_aggregate_int,mts_details_sgle,2009,695.143
gbr,sex_f,edu_aggregate_int,mts_details_sgle,2010,717.994
gbr,sex_f,edu_aggregate_int,mts_details_sgle,2011,778.088
gbr,sex_f,edu_aggregate_int,mts_details_sgle,2012,793.393
gbr,sex_f,edu_aggregate_int,mts_details_sgle,2013,819.232
gbr,sex_f,edu_aggregate_int,mts_details_sgle,2014,828.423
gbr,sex_f,edu_aggregate_int,mts_details_sgle,2015,840.572
gbr,sex_f,edu_aggregate_int,mts_details_sgle,2016,849.994
gbr,sex_f,edu_aggregate_int,mts_details_sgle,2017,834.162
gbr,sex_f,edu_aggregate_int,mts_details_sgle,2018,858.418
gbr,sex_f,edu_aggregate_int,mts_details_sgle,2019,815.429
gbr,sex_f,edu_aggregate_int,mts_details_sgle,2020,812.395
gbr,sex_f,edu_aggregate_int,mts_details_sgle,2021,855.442
gbr,sex_f,edu_aggregate_int,mts_details_sgle,2022,1129.587
gbr,sex_f,edu_aggregate_int,mts_details_sgle,2023,1329.047
gbr,sex_f,edu_aggregate_int,mts_details_sgle,2024,1387.071
gbr,sex_f,edu_aggregate_int,mts_details_total,2005,193.844
gbr,sex_f,edu_aggregate_int,mts_details_total,2006,1057.246
gbr,sex_f,edu_aggregate_int,mts_details_total,2007,1102.767
gbr,sex_f,edu_aggregate_int,mts_details_total,2008,1338.937
gbr,sex_f,edu_aggregate_int,mts_details_total,2009,1455.065
gbr,sex_f,edu_aggregate_int,mts_details_total,2010,1529.643
gbr,sex_f,edu_aggregate_int,mts_details_total,2011,1597.765
gbr,sex_f,edu_aggregate_int,mts_details_total,2012,1689.283
gbr,sex_f,edu_aggregate_int,mts_details_total,2013,1731.756
gbr,sex_f,edu_aggregate_int,mts_details_total,2014,1807.697
gbr,sex_f,edu_aggregate_int,mts_details_total,2015,1834.227
gbr,sex_f,edu_aggregate_int,mts_details_total,2016,1845.291
gbr,sex_f,edu_aggregate_int,mts_details_total,2017,1801.392
gbr,sex_f,edu_aggregate_int,mts_details_total,2018,1800.289
gbr,sex_f,edu_aggregate_int,mts_details_total,2019,1745.549
gbr,sex_f,edu_aggregate_int,mts_details_total,2020,1709.729
gbr,sex_f,edu_aggregate_int,mts_details_total,2021,1752.958
gbr,sex_f,edu_aggregate_int,mts_details_total,2022,2471.662
gbr,sex_f,edu_aggregate_int,mts_details_total,2023,2698.268
gbr,sex_f,edu_aggregate_int,mts_details_total,2024,2794.591
gbr,sex_f,edu_aggregate_int,mts_details_union,2007,1.036
gbr,sex_f,edu_aggregate_int,mts_details_union,2008,1.813
gbr,sex_f,edu_aggregate_int,mts_details_union,2010,1.108
gbr,sex_f,edu_aggregate_int,mts_details_union,2011,2.328
gbr,sex_f,edu_aggregate_int,mts_details_union,2012,1.651
gbr,sex_f,edu_aggregate_int,mts_details_union,2013,2.117
gbr,sex_f,edu_aggregate_int,mts_details_union,2014,2.765
gbr,sex_f,edu_aggregate_int,mts_details_union,2015,1.33
gbr,sex_f,edu_aggregate_int,mts_details_union,2016,1.887
gbr,sex_f,edu_aggregate_int,mts_details_union,2017,1.235
gbr,sex_f,edu_aggregate_int,mts_details_union,2018,2.962
gbr,sex_f,edu_aggregate_int,mts_details_union,2019,1.478
gbr,sex_f,edu_aggregate_int,mts_details_union,2020,5.082
gbr,sex_f,edu_aggregate_int,mts_details_union,2021,3.953
gbr,sex_f,edu_aggregate_int,mts_details_union,2022,7.633
gbr,sex_f,edu_aggregate_int,mts_details_union,2023,10.951
gbr,sex_f,edu_aggregate_int,mts_details_union,2024,8.088
gbr,sex_f,edu_aggregate_int,mts_details_wid,2005,1.802
gbr,sex_f,edu_aggregate_int,mts_details_wid,2006,12.426
gbr,sex_f,edu_aggregate_int,mts_details_wid,2007,11.332
gbr,sex_f,edu_aggregate_int,mts_details_wid,2008,40.395
gbr,sex_f,edu_aggregate_int,mts_details_wid,2009,48.047
gbr,sex_f,edu_aggregate_int,mts_details_wid,2010,61.085
gbr,sex_f,edu_aggregate_int,mts_details_wid,2011,53.422
gbr,sex_f,edu_aggregate_int,mts_details_wid,2012,56.864
gbr,sex_f,edu_aggregate_int,mts_details_wid,2013,56.333
gbr,sex_f,edu_aggregate_int,mts_details_wid,2014,55.614
gbr,sex_f,edu_aggregate_int,mts_details_wid,2015,70.007
gbr,sex_f,edu_aggregate_int,mts_details_wid,2016,61.428
gbr,sex_f,edu_aggregate_int,mts_details_wid,2017,52.213
gbr,sex_f,edu_aggregate_int,mts_details_wid,2018,55.612
gbr,sex_f,edu_aggregate_int,mts_details_wid,2019,62.534
gbr,sex_f,edu_aggregate_int,mts_details_wid,2020,63.346
gbr,sex_f,edu_aggregate_int,mts_details_wid,2021,63.463
gbr,sex_f,edu_aggregate_int,mts_details_wid,2022,81.028
gbr,sex_f,edu_aggregate_int,mts_details_wid,2023,101.898
gbr,sex_f,edu_aggregate_int,mts_details_wid,2024,99.882
gbr,sex_f,edu_aggregate_ltb,mts_aggregate_1,2001,18.96
gbr,sex_f,edu_aggregate_ltb,mts_aggregate_1,2002,27.866
gbr,sex_f,edu_aggregate_ltb,mts_aggregate_1,2003,23.057
gbr,sex_f,edu_aggregate_ltb,mts_aggregate_1,2004,18.411
gbr,sex_f,edu_aggregate_ltb,mts_aggregate_1,2005,132.885
gbr,sex_f,edu_aggregate_ltb,mts_aggregate_1,2006,10.402
gbr,sex_f,edu_aggregate_ltb,mts_aggregate_1,2007,14.517
gbr,sex_f,edu_aggregate_ltb,mts_aggregate_1,2008,1130.714
gbr,sex_f,edu_aggregate_ltb,mts_aggregate_1,2009,1043.95
gbr,sex_f,edu_aggregate_ltb,mts_aggregate_1,2010,996.809
gbr,sex_f,edu_aggregate_ltb,mts_aggregate_1,2011,857.166
gbr,sex_f,edu_aggregate_ltb,mts_aggregate_1,2012,919.346
gbr,sex_f,edu_aggregate_ltb,mts_aggregate_1,2013,865.446
gbr,sex_f,edu_aggregate_ltb,mts_aggregate_1,2014,804.687
gbr,sex_f,edu_aggregate_ltb,mts_aggregate_1,2015,783.553
gbr,sex_f,edu_aggregate_ltb,mts_aggregate_1,2016,735.592
gbr,sex_f,edu_aggregate_ltb,mts_aggregate_1,2017,705.852
gbr,sex_f,edu_aggregate_ltb,mts_aggregate_1,2018,659.943
gbr,sex_f,edu_aggregate_ltb,mts_aggregate_1,2019,651.112
gbr,sex_f,edu_aggregate_ltb,mts_aggregate_1,2020,613.87
gbr,sex_f,edu_aggregate_ltb,mts_aggregate_1,2021,576.004
gbr,sex_f,edu_aggregate_ltb,mts_aggregate_1,2022,29.189
gbr,sex_f,edu_aggregate_ltb,mts_aggregate_1,2023,32.529
gbr,sex_f,edu_aggregate_ltb,mts_aggregate_1,2024,23.864
gbr,sex_f,edu_aggregate_ltb,mts_aggregate_2,2001,23.459
gbr,sex_f,edu_aggregate_ltb,mts_aggregate_2,2002,23.689
gbr,sex_f,edu_aggregate_ltb,mts_aggregate_2,2003,29.096
gbr,sex_f,edu_aggregate_ltb,mts_aggregate_2,2004,16.953
gbr,sex_f,edu_aggregate_ltb,mts_aggregate_2,2005,117.427
gbr,sex_f,edu_aggregate_ltb,mts_aggregate_2,2006,10.22
gbr,sex_f,edu_aggregate_ltb,mts_aggregate_2,2007,13.148
gbr,sex_f,edu_aggregate_ltb,mts_aggregate_2,2008,1269.755
gbr,sex_f,edu_aggregate_ltb,mts_aggregate_2,2009,1129.374
gbr,sex_f,edu_aggregate_ltb,mts_aggregate_2,2010,1040.388
gbr,sex_f,edu_aggregate_ltb,mts_aggregate_2,2011,824.211
gbr,sex_f,edu_aggregate_ltb,mts_aggregate_2,2012,874.522
gbr,sex_f,edu_aggregate_ltb,mts_aggregate_2,2013,862.492
gbr,sex_f,edu_aggregate_ltb,mts_aggregate_2,2014,794.452
gbr,sex_f,edu_aggregate_ltb,mts_aggregate_2,2015,757.944
gbr,sex_f,edu_aggregate_ltb,mts_aggregate_2,2016,679.74
gbr,sex_f,edu_aggregate_ltb,mts_aggregate_2,2017,640.938
gbr,sex_f,edu_aggregate_ltb,mts_aggregate_2,2018,563.413
gbr,sex_f,edu_aggregate_ltb,mts_aggregate_2,2019,529.656
gbr,sex_f,edu_aggregate_ltb,mts_aggregate_2,2020,441.368
gbr,sex_f,edu_aggregate_ltb,mts_aggregate_2,2021,444.101
gbr,sex_f,edu_aggregate_ltb,mts_aggregate_2,2022,25.895
gbr,sex_f,edu_aggregate_ltb,mts_aggregate_2,2023,26.447
gbr,sex_f,edu_aggregate_ltb,mts_aggregate_2,2024,20.759
gbr,sex_f,edu_aggregate_ltb,mts_aggregate_total,2001,42.419
gbr,sex_f,edu_aggregate_ltb,mts_aggregate_total,2002,51.555
gbr,sex_f,edu_aggregate_ltb,mts_aggregate_total,2003,52.153
gbr,sex_f,edu_aggregate_ltb,mts_aggregate_total,2004,35.364
gbr,sex_f,edu_aggregate_ltb,mts_aggregate_total,2005,250.311
gbr,sex_f,edu_aggregate_ltb,mts_aggregate_total,2006,20.622
gbr,sex_f,edu_aggregate_ltb,mts_aggregate_total,2007,27.665
gbr,sex_f,edu_aggregate_ltb,mts_aggregate_total,2008,2400.469
gbr,sex_f,edu_aggregate_ltb,mts_aggregate_total,2009,2173.39
gbr,sex_f,edu_aggregate_ltb,mts_aggregate_total,2010,2037.197
gbr,sex_f,edu_aggregate_ltb,mts_aggregate_total,2011,1681.377
gbr,sex_f,edu_aggregate_ltb,mts_aggregate_total,2012,1793.868
gbr,sex_f,edu_aggregate_ltb,mts_aggregate_total,2013,1727.938
gbr,sex_f,edu_aggregate_ltb,mts_aggregate_total,2014,1599.139
gbr,sex_f,edu_aggregate_ltb,mts_aggregate_total,2015,1541.497
gbr,sex_f,edu_aggregate_ltb,mts_aggregate_total,2016,1415.333
gbr,sex_f,edu_aggregate_ltb,mts_aggregate_total,2017,1346.791
gbr,sex_f,edu_aggregate_ltb,mts_aggregate_total,2018,1223.357
gbr,sex_f,edu_aggregate_ltb,mts_aggregate_total,2019,1180.768
gbr,sex_f,edu_aggregate_ltb,mts_aggregate_total,2020,1055.237
gbr,sex_f,edu_aggregate_ltb,mts_aggregate_total,2021,1020.105
gbr,sex_f,edu_aggregate_ltb,mts_aggregate_total,2022,55.084
gbr,sex_f,edu_aggregate_ltb,mts_aggregate_total,2023,58.976
gbr,sex_f,edu_aggregate_ltb,mts_aggregate_total,2024,44.623
gbr,sex_f,edu_aggregate_ltb,mts_details_mrd,2005,117.427
gbr,sex_f,edu_aggregate_ltb,mts_details_mrd,2006,10.22
gbr,sex_f,edu_aggregate_ltb,mts_details_mrd,2007,13.148
gbr,sex_f,edu_aggregate_ltb,mts_details_mrd,2008,1268.643
gbr,sex_f,edu_aggregate_ltb,mts_details_mrd,2009,1128.693
gbr,sex_f,edu_aggregate_ltb,mts_details_mrd,2010,1039.715
gbr,sex_f,edu_aggregate_ltb,mts_details_mrd,2011,823.386
gbr,sex_f,edu_aggregate_ltb,mts_details_mrd,2012,872.699
gbr,sex_f,edu_aggregate_ltb,mts_details_mrd,2013,860.914
gbr,sex_f,edu_aggregate_ltb,mts_details_mrd,2014,793.83
gbr,sex_f,edu_aggregate_ltb,mts_details_mrd,2015,756.872
gbr,sex_f,edu_aggregate_ltb,mts_details_mrd,2016,679.061
gbr,sex_f,edu_aggregate_ltb,mts_details_mrd,2017,639.272
gbr,sex_f,edu_aggregate_ltb,mts_details_mrd,2018,559.934
gbr,sex_f,edu_aggregate_ltb,mts_details_mrd,2019,529.656
gbr,sex_f,edu_aggregate_ltb,mts_details_mrd,2020,440.2
gbr,sex_f,edu_aggregate_ltb,mts_details_mrd,2021,443.699
gbr,sex_f,edu_aggregate_ltb,mts_details_mrd,2022,25.895
gbr,sex_f,edu_aggregate_ltb,mts_details_mrd,2023,26.447
gbr,sex_f,edu_aggregate_ltb,mts_details_mrd,2024,20.759
gbr,sex_f,edu_aggregate_ltb,mts_details_sep,2005,40.624
gbr,sex_f,edu_aggregate_ltb,mts_details_sep,2006,2.041
gbr,sex_f,edu_aggregate_ltb,mts_details_sep,2007,2.338
gbr,sex_f,edu_aggregate_ltb,mts_details_sep,2008,370.596
gbr,sex_f,edu_aggregate_ltb,mts_details_sep,2009,320.627
gbr,sex_f,edu_aggregate_ltb,mts_details_sep,2010,313.758
gbr,sex_f,edu_aggregate_ltb,mts_details_sep,2011,277.828
gbr,sex_f,edu_aggregate_ltb,mts_details_sep,2012,288.377
gbr,sex_f,edu_aggregate_ltb,mts_details_sep,2013,258.436
gbr,sex_f,edu_aggregate_ltb,mts_details_sep,2014,249.111
gbr,sex_f,edu_aggregate_ltb,mts_details_sep,2015,231.843
gbr,sex_f,edu_aggregate_ltb,mts_details_sep,2016,226.045
gbr,sex_f,edu_aggregate_ltb,mts_details_sep,2017,188.796
gbr,sex_f,edu_aggregate_ltb,mts_details_sep,2018,181.546
gbr,sex_f,edu_aggregate_ltb,mts_details_sep,2019,177.752
gbr,sex_f,edu_aggregate_ltb,mts_details_sep,2020,162.928
gbr,sex_f,edu_aggregate_ltb,mts_details_sep,2021,130.944
gbr,sex_f,edu_aggregate_ltb,mts_details_sep,2022,5.978
gbr,sex_f,edu_aggregate_ltb,mts_details_sep,2023,9.632
gbr,sex_f,edu_aggregate_ltb,mts_details_sep,2024,7.813
gbr,sex_f,edu_aggregate_ltb,mts_details_sgle,2005,84.001
gbr,sex_f,edu_aggregate_ltb,mts_details_sgle,2006,8.055
gbr,sex_f,edu_aggregate_ltb,mts_details_sgle,2007,11.918
gbr,sex_f,edu_aggregate_ltb,mts_details_sgle,2008,520.514
gbr,sex_f,edu_aggregate_ltb,mts_details_sgle,2009,506.718
gbr,sex_f,edu_aggregate_ltb,mts_details_sgle,2010,490.748
gbr,sex_f,edu_aggregate_ltb,mts_details_sgle,2011,455.683
gbr,sex_f,edu_aggregate_ltb,mts_details_sgle,2012,455.71
gbr,sex_f,edu_aggregate_ltb,mts_details_sgle,2013,438.168
gbr,sex_f,edu_aggregate_ltb,mts_details_sgle,2014,410.707
gbr,sex_f,edu_aggregate_ltb,mts_details_sgle,2015,415.887
gbr,sex_f,edu_aggregate_ltb,mts_details_sgle,2016,391.38
gbr,sex_f,edu_aggregate_ltb,mts_details_sgle,2017,412.534
gbr,sex_f,edu_aggregate_ltb,mts_details_sgle,2018,382.397
gbr,sex_f,edu_aggregate_ltb,mts_details_sgle,2019,388.043
gbr,sex_f,edu_aggregate_ltb,mts_details_sgle,2020,372.105
gbr,sex_f,edu_aggregate_ltb,mts_details_sgle,2021,377.157
gbr,sex_f,edu_aggregate_ltb,mts_details_sgle,2022,19.137
gbr,sex_f,edu_aggregate_ltb,mts_details_sgle,2023,18.104
gbr,sex_f,edu_aggregate_ltb,mts_details_sgle,2024,13.059
gbr,sex_f,edu_aggregate_ltb,mts_details_total,2005,250.311
gbr,sex_f,edu_aggregate_ltb,mts_details_total,2006,20.622
gbr,sex_f,edu_aggregate_ltb,mts_details_total,2007,27.665
gbr,sex_f,edu_aggregate_ltb,mts_details_total,2008,2400.469
gbr,sex_f,edu_aggregate_ltb,mts_details_total,2009,2173.39
gbr,sex_f,edu_aggregate_ltb,mts_details_total,2010,2037.197
gbr,sex_f,edu_aggregate_ltb,mts_details_total,2011,1681.377
gbr,sex_f,edu_aggregate_ltb,mts_details_total,2012,1793.868
gbr,sex_f,edu_aggregate_ltb,mts_details_total,2013,1727.938
gbr,sex_f,edu_aggregate_ltb,mts_details_total,2014,1599.139
gbr,sex_f,edu_aggregate_ltb,mts_details_total,2015,1541.497
gbr,sex_f,edu_aggregate_ltb,mts_details_total,2016,1415.333
gbr,sex_f,edu_aggregate_ltb,mts_details_total,2017,1346.791
gbr,sex_f,edu_aggregate_ltb,mts_details_total,2018,1223.357
gbr,sex_f,edu_aggregate_ltb,mts_details_total,2019,1180.768
gbr,sex_f,edu_aggregate_ltb,mts_details_total,2020,1055.237
gbr,sex_f,edu_aggregate_ltb,mts_details_total,2021,1020.105
gbr,sex_f,edu_aggregate_ltb,mts_details_total,2022,55.084
gbr,sex_f,edu_aggregate_ltb,mts_details_total,2023,58.976
gbr,sex_f,edu_aggregate_ltb,mts_details_total,2024,44.623
gbr,sex_f,edu_aggregate_ltb,mts_details_union,2008,1.112
gbr,sex_f,edu_aggregate_ltb,mts_details_union,2009,0.682
gbr,sex_f,edu_aggregate_ltb,mts_details_union,2010,0.673
gbr,sex_f,edu_aggregate_ltb,mts_details_union,2011,0.825
gbr,sex_f,edu_aggregate_ltb,mts_details_union,2012,1.823
gbr,sex_f,edu_aggregate_ltb,mts_details_union,2013,1.578
gbr,sex_f,edu_aggregate_ltb,mts_details_union,2015,1.071
gbr,sex_f,edu_aggregate_ltb,mts_details_union,2016,0.68
gbr,sex_f,edu_aggregate_ltb,mts_details_union,2017,1.666
gbr,sex_f,edu_aggregate_ltb,mts_details_union,2018,3.479
gbr,sex_f,edu_aggregate_ltb,mts_details_union,2020,1.168
gbr,sex_f,edu_aggregate_ltb,mts_details_wid,2005,8.259
gbr,sex_f,edu_aggregate_ltb,mts_details_wid,2008,239.605
gbr,sex_f,edu_aggregate_ltb,mts_details_wid,2009,216.606
gbr,sex_f,edu_aggregate_ltb,mts_details_wid,2010,192.303
gbr,sex_f,edu_aggregate_ltb,mts_details_wid,2011,123.654
gbr,sex_f,edu_aggregate_ltb,mts_details_wid,2012,175.259
gbr,sex_f,edu_aggregate_ltb,mts_details_wid,2013,168.842
gbr,sex_f,edu_aggregate_ltb,mts_details_wid,2014,144.869
gbr,sex_f,edu_aggregate_ltb,mts_details_wid,2015,135.824
gbr,sex_f,edu_aggregate_ltb,mts_details_wid,2016,118.168
gbr,sex_f,edu_aggregate_ltb,mts_details_wid,2017,104.522
gbr,sex_f,edu_aggregate_ltb,mts_details_wid,2018,96
gbr,sex_f,edu_aggregate_ltb,mts_details_wid,2019,85.317
gbr,sex_f,edu_aggregate_ltb,mts_details_wid,2020,78.837
gbr,sex_f,edu_aggregate_ltb,mts_details_wid,2021,67.903
gbr,sex_f,edu_aggregate_ltb,mts_details_wid,2022,4.074
gbr,sex_f,edu_aggregate_ltb,mts_details_wid,2023,4.793
gbr,sex_f,edu_aggregate_ltb,mts_details_wid,2024,2.993
gbr,sex_f,edu_aggregate_total,mts_aggregate_1,1999,5945.505
gbr,sex_f,edu_aggregate_total,mts_aggregate_1,2000,5880.105
gbr,sex_f,edu_aggregate_total,mts_aggregate_1,2001,6029.259
gbr,sex_f,edu_aggregate_total,mts_aggregate_1,2002,5956.098
gbr,sex_f,edu_aggregate_total,mts_aggregate_1,2003,6063.599
gbr,sex_f,edu_aggregate_total,mts_aggregate_1,2004,6074.967
gbr,sex_f,edu_aggregate_total,mts_aggregate_1,2005,6025.965
gbr,sex_f,edu_aggregate_total,mts_aggregate_1,2006,6051.373
gbr,sex_f,edu_aggregate_total,mts_aggregate_1,2007,6178.067
gbr,sex_f,edu_aggregate_total,mts_aggregate_1,2008,6207.313
gbr,sex_f,edu_aggregate_total,mts_aggregate_1,2009,6232.869
gbr,sex_f,edu_aggregate_total,mts_aggregate_1,2010,6324.313
gbr,sex_f,edu_aggregate_total,mts_aggregate_1,2011,6355.889
gbr,sex_f,edu_aggregate_total,mts_aggregate_1,2012,6393.385
gbr,sex_f,edu_aggregate_total,mts_aggregate_1,2013,6335.375
gbr,sex_f,edu_aggregate_total,mts_aggregate_1,2014,6279.598
gbr,sex_f,edu_aggregate_total,mts_aggregate_1,2015,6286.754
gbr,sex_f,edu_aggregate_total,mts_aggregate_1,2016,6292.238
gbr,sex_f,edu_aggregate_total,mts_aggregate_1,2017,6245.939
gbr,sex_f,edu_aggregate_total,mts_aggregate_1,2018,6289.891
gbr,sex_f,edu_aggregate_total,mts_aggregate_1,2019,6297.924
gbr,sex_f,edu_aggregate_total,mts_aggregate_1,2020,6283.084
gbr,sex_f,edu_aggregate_total,mts_aggregate_1,2021,6320.778
gbr,sex_f,edu_aggregate_total,mts_aggregate_1,2022,6437.29
gbr,sex_f,edu_aggregate_total,mts_aggregate_1,2023,6761.26
gbr,sex_f,edu_aggregate_total,mts_aggregate_1,2024,6965.312
gbr,sex_f,edu_aggregate_total,mts_aggregate_2,1999,5254.37
gbr,sex_f,edu_aggregate_total,mts_aggregate_2,2000,5270.109
gbr,sex_f,edu_aggregate_total,mts_aggregate_2,2001,5212.636
gbr,sex_f,edu_aggregate_total,mts_aggregate_2,2002,5201.278
gbr,sex_f,edu_aggregate_total,mts_aggregate_2,2003,5173.174
gbr,sex_f,edu_aggregate_total,mts_aggregate_2,2004,5156.837
gbr,sex_f,edu_aggregate_total,mts_aggregate_2,2005,5213.343
gbr,sex_f,edu_aggregate_total,mts_aggregate_2,2006,5160.342
gbr,sex_f,edu_aggregate_total,mts_aggregate_2,2007,5197.469
gbr,sex_f,edu_aggregate_total,mts_aggregate_2,2008,5179.499
gbr,sex_f,edu_aggregate_total,mts_aggregate_2,2009,5195.33
gbr,sex_f,edu_aggregate_total,mts_aggregate_2,2010,5224.346
gbr,sex_f,edu_aggregate_total,mts_aggregate_2,2011,5240.54
gbr,sex_f,edu_aggregate_total,mts_aggregate_2,2012,5209.538
gbr,sex_f,edu_aggregate_total,mts_aggregate_2,2013,5238.096
gbr,sex_f,edu_aggregate_total,mts_aggregate_2,2014,5293.886
gbr,sex_f,edu_aggregate_total,mts_aggregate_2,2015,5301.212
gbr,sex_f,edu_aggregate_total,mts_aggregate_2,2016,5273.134
gbr,sex_f,edu_aggregate_total,mts_aggregate_2,2017,5323.524
gbr,sex_f,edu_aggregate_total,mts_aggregate_2,2018,5271.637
gbr,sex_f,edu_aggregate_total,mts_aggregate_2,2019,5162.309
gbr,sex_f,edu_aggregate_total,mts_aggregate_2,2020,5176.416
gbr,sex_f,edu_aggregate_total,mts_aggregate_2,2021,5209.256
gbr,sex_f,edu_aggregate_total,mts_aggregate_2,2022,5216.06
gbr,sex_f,edu_aggregate_total,mts_aggregate_2,2023,5096.724
gbr,sex_f,edu_aggregate_total,mts_aggregate_2,2024,5056.457
gbr,sex_f,edu_aggregate_total,mts_aggregate_total,1999,11199.875
gbr,sex_f,edu_aggregate_total,mts_aggregate_total,2000,11150.214
gbr,sex_f,edu_aggregate_total,mts_aggregate_total,2001,11241.895
gbr,sex_f,edu_aggregate_total,mts_aggregate_total,2002,11157.376
gbr,sex_f,edu_aggregate_total,mts_aggregate_total,2003,11236.773
gbr,sex_f,edu_aggregate_total,mts_aggregate_total,2004,11231.804
gbr,sex_f,edu_aggregate_total,mts_aggregate_total,2005,11239.308
gbr,sex_f,edu_aggregate_total,mts_aggregate_total,2006,11211.714
gbr,sex_f,edu_aggregate_total,mts_aggregate_total,2007,11375.536
gbr,sex_f,edu_aggregate_total,mts_aggregate_total,2008,11386.812
gbr,sex_f,edu_aggregate_total,mts_aggregate_total,2009,11428.344
gbr,sex_f,edu_aggregate_total,mts_aggregate_total,2010,11548.659
gbr,sex_f,edu_aggregate_total,mts_aggregate_total,2011,11596.43
gbr,sex_f,edu_aggregate_total,mts_aggregate_total,2012,11602.923
gbr,sex_f,edu_aggregate_total,mts_aggregate_total,2013,11573.784
gbr,sex_f,edu_aggregate_total,mts_aggregate_total,2014,11573.484
gbr,sex_f,edu_aggregate_total,mts_aggregate_total,2015,11587.966
gbr,sex_f,edu_aggregate_total,mts_aggregate_total,2016,11565.569
gbr,sex_f,edu_aggregate_total,mts_aggregate_total,2017,11570.494
gbr,sex_f,edu_aggregate_total,mts_aggregate_total,2018,11561.528
gbr,sex_f,edu_aggregate_total,mts_aggregate_total,2019,11460.233
gbr,sex_f,edu_aggregate_total,mts_aggregate_total,2020,11459.5
gbr,sex_f,edu_aggregate_total,mts_aggregate_total,2021,11530.034
gbr,sex_f,edu_aggregate_total,mts_aggregate_total,2022,11653.35
gbr,sex_f,edu_aggregate_total,mts_aggregate_total,2023,11857.984
gbr,sex_f,edu_aggregate_total,mts_aggregate_total,2024,12022.265
gbr,sex_f,edu_aggregate_total,mts_aggregate_x,2017,1.03
gbr,sex_f,edu_aggregate_total,mts_details_mrd,2005,5213.343
gbr,sex_f,edu_aggregate_total,mts_details_mrd,2006,5158.127
gbr,sex_f,edu_aggregate_total,mts_details_mrd,2007,5191.706
gbr,sex_f,edu_aggregate_total,mts_details_mrd,2008,5172.958
gbr,sex_f,edu_aggregate_total,mts_details_mrd,2009,5190.064
gbr,sex_f,edu_aggregate_total,mts_details_mrd,2010,5217.087
gbr,sex_f,edu_aggregate_total,mts_details_mrd,2011,5226.911
gbr,sex_f,edu_aggregate_total,mts_details_mrd,2012,5195.412
gbr,sex_f,edu_aggregate_total,mts_details_mrd,2013,5225.202
gbr,sex_f,edu_aggregate_total,mts_details_mrd,2014,5282.033
gbr,sex_f,edu_aggregate_total,mts_details_mrd,2015,5292.124
gbr,sex_f,edu_aggregate_total,mts_details_mrd,2016,5265.523
gbr,sex_f,edu_aggregate_total,mts_details_mrd,2017,5306.09
gbr,sex_f,edu_aggregate_total,mts_details_mrd,2018,5250.312
gbr,sex_f,edu_aggregate_total,mts_details_mrd,2019,5148.354
gbr,sex_f,edu_aggregate_total,mts_details_mrd,2020,5154.344
gbr,sex_f,edu_aggregate_total,mts_details_mrd,2021,5192.579
gbr,sex_f,edu_aggregate_total,mts_details_mrd,2022,5183.844
gbr,sex_f,edu_aggregate_total,mts_details_mrd,2023,5048.935
gbr,sex_f,edu_aggregate_total,mts_details_mrd,2024,5005.624
gbr,sex_f,edu_aggregate_total,mts_details_sep,2005,1070.013
gbr,sex_f,edu_aggregate_total,mts_details_sep,2006,1102.9
gbr,sex_f,edu_aggregate_total,mts_details_sep,2007,1157.49
gbr,sex_f,edu_aggregate_total,mts_details_sep,2008,1176.789
gbr,sex_f,edu_aggregate_total,mts_details_sep,2009,1184.713
gbr,sex_f,edu_aggregate_total,mts_details_sep,2010,1186.263
gbr,sex_f,edu_aggregate_total,mts_details_sep,2011,1239.868
gbr,sex_f,edu_aggregate_total,mts_details_sep,2012,1257.928
gbr,sex_f,edu_aggregate_total,mts_details_sep,2013,1191.935
gbr,sex_f,edu_aggregate_total,mts_details_sep,2014,1250.679
gbr,sex_f,edu_aggregate_total,mts_details_sep,2015,1233.765
gbr,sex_f,edu_aggregate_total,mts_details_sep,2016,1247.923
gbr,sex_f,edu_aggregate_total,mts_details_sep,2017,1266.68
gbr,sex_f,edu_aggregate_total,mts_details_sep,2018,1270.872
gbr,sex_f,edu_aggregate_total,mts_details_sep,2019,1285.812
gbr,sex_f,edu_aggregate_total,mts_details_sep,2020,1308.842
gbr,sex_f,edu_aggregate_total,mts_details_sep,2021,1310.416
gbr,sex_f,edu_aggregate_total,mts_details_sep,2022,1443.046
gbr,sex_f,edu_aggregate_total,mts_details_sep,2023,1477.032
gbr,sex_f,edu_aggregate_total,mts_details_sep,2024,1555.074
gbr,sex_f,edu_aggregate_total,mts_details_sgle,2005,2565.792
gbr,sex_f,edu_aggregate_total,mts_details_sgle,2006,2576.235
gbr,sex_f,edu_aggregate_total,mts_details_sgle,2007,2672.962
gbr,sex_f,edu_aggregate_total,mts_details_sgle,2008,2724.525
gbr,sex_f,edu_aggregate_total,mts_details_sgle,2009,2770.882
gbr,sex_f,edu_aggregate_total,mts_details_sgle,2010,2869.865
gbr,sex_f,edu_aggregate_total,mts_details_sgle,2011,2891.206
gbr,sex_f,edu_aggregate_total,mts_details_sgle,2012,2877.091
gbr,sex_f,edu_aggregate_total,mts_details_sgle,2013,2905.118
gbr,sex_f,edu_aggregate_total,mts_details_sgle,2014,2855.866
gbr,sex_f,edu_aggregate_total,mts_details_sgle,2015,2887.472
gbr,sex_f,edu_aggregate_total,mts_details_sgle,2016,2861.413
gbr,sex_f,edu_aggregate_total,mts_details_sgle,2017,2883.453
gbr,sex_f,edu_aggregate_total,mts_details_sgle,2018,2937.92
gbr,sex_f,edu_aggregate_total,mts_details_sgle,2019,2913.271
gbr,sex_f,edu_aggregate_total,mts_details_sgle,2020,2997.437
gbr,sex_f,edu_aggregate_total,mts_details_sgle,2021,3059.988
gbr,sex_f,edu_aggregate_total,mts_details_sgle,2022,3080.62
gbr,sex_f,edu_aggregate_total,mts_details_sgle,2023,3329.182
gbr,sex_f,edu_aggregate_total,mts_details_sgle,2024,3459.304
gbr,sex_f,edu_aggregate_total,mts_details_total,2005,11239.308
gbr,sex_f,edu_aggregate_total,mts_details_total,2006,11211.714
gbr,sex_f,edu_aggregate_total,mts_details_total,2007,11375.536
gbr,sex_f,edu_aggregate_total,mts_details_total,2008,11386.812
gbr,sex_f,edu_aggregate_total,mts_details_total,2009,11428.344
gbr,sex_f,edu_aggregate_total,mts_details_total,2010,11548.659
gbr,sex_f,edu_aggregate_total,mts_details_total,2011,11596.43
gbr,sex_f,edu_aggregate_total,mts_details_total,2012,11602.923
gbr,sex_f,edu_aggregate_total,mts_details_total,2013,11573.784
gbr,sex_f,edu_aggregate_total,mts_details_total,2014,11573.484
gbr,sex_f,edu_aggregate_total,mts_details_total,2015,11587.966
gbr,sex_f,edu_aggregate_total,mts_details_total,2016,11565.569
gbr,sex_f,edu_aggregate_total,mts_details_total,2017,11570.494
gbr,sex_f,edu_aggregate_total,mts_details_total,2018,11561.528
gbr,sex_f,edu_aggregate_total,mts_details_total,2019,11460.233
gbr,sex_f,edu_aggregate_total,mts_details_total,2020,11459.5
gbr,sex_f,edu_aggregate_total,mts_details_total,2021,11530.034
gbr,sex_f,edu_aggregate_total,mts_details_total,2022,11653.35
gbr,sex_f,edu_aggregate_total,mts_details_total,2023,11857.984
gbr,sex_f,edu_aggregate_total,mts_details_total,2024,12022.265
gbr,sex_f,edu_aggregate_total,mts_details_union,2006,2.214
gbr,sex_f,edu_aggregate_total,mts_details_union,2007,5.763
gbr,sex_f,edu_aggregate_total,mts_details_union,2008,6.541
gbr,sex_f,edu_aggregate_total,mts_details_union,2009,5.266
gbr,sex_f,edu_aggregate_total,mts_details_union,2010,7.258
gbr,sex_f,edu_aggregate_total,mts_details_union,2011,13.63
gbr,sex_f,edu_aggregate_total,mts_details_union,2012,14.126
gbr,sex_f,edu_aggregate_total,mts_details_union,2013,12.893
gbr,sex_f,edu_aggregate_total,mts_details_union,2014,11.853
gbr,sex_f,edu_aggregate_total,mts_details_union,2015,9.088
gbr,sex_f,edu_aggregate_total,mts_details_union,2016,7.611
gbr,sex_f,edu_aggregate_total,mts_details_union,2017,17.434
gbr,sex_f,edu_aggregate_total,mts_details_union,2018,21.325
gbr,sex_f,edu_aggregate_total,mts_details_union,2019,13.955
gbr,sex_f,edu_aggregate_total,mts_details_union,2020,22.072
gbr,sex_f,edu_aggregate_total,mts_details_union,2021,16.677
gbr,sex_f,edu_aggregate_total,mts_details_union,2022,32.217
gbr,sex_f,edu_aggregate_total,mts_details_union,2023,47.788
gbr,sex_f,edu_aggregate_total,mts_details_union,2024,50.834
gbr,sex_f,edu_aggregate_total,mts_details_wid,2005,2390.16
gbr,sex_f,edu_aggregate_total,mts_details_wid,2006,2372.238
gbr,sex_f,edu_aggregate_total,mts_details_wid,2007,2347.615
gbr,sex_f,edu_aggregate_total,mts_details_wid,2008,2305.999
gbr,sex_f,edu_aggregate_total,mts_details_wid,2009,2277.274
gbr,sex_f,edu_aggregate_total,mts_details_wid,2010,2268.186
gbr,sex_f,edu_aggregate_total,mts_details_wid,2011,2224.815
gbr,sex_f,edu_aggregate_total,mts_details_wid,2012,2258.366
gbr,sex_f,edu_aggregate_total,mts_details_wid,2013,2238.321
gbr,sex_f,edu_aggregate_total,mts_details_wid,2014,2173.052
gbr,sex_f,edu_aggregate_total,mts_details_wid,2015,2165.517
gbr,sex_f,edu_aggregate_total,mts_details_wid,2016,2182.902
gbr,sex_f,edu_aggregate_total,mts_details_wid,2017,2095.806
gbr,sex_f,edu_aggregate_total,mts_details_wid,2018,2081.098
gbr,sex_f,edu_aggregate_total,mts_details_wid,2019,2098.84
gbr,sex_f,edu_aggregate_total,mts_details_wid,2020,1976.805
gbr,sex_f,edu_aggregate_total,mts_details_wid,2021,1950.374
gbr,sex_f,edu_aggregate_total,mts_details_wid,2022,1913.623
gbr,sex_f,edu_aggregate_total,mts_details_wid,2023,1955.046
gbr,sex_f,edu_aggregate_total,mts_details_wid,2024,1950.933
gbr,sex_f,edu_aggregate_total,mts_details_x,2017,1.03
gbr,sex_f,edu_aggregate_x,mts_aggregate_1,1999,3770.504
gbr,sex_f,edu_aggregate_x,mts_aggregate_1,2000,3712.953
gbr,sex_f,edu_aggregate_x,mts_aggregate_1,2001,3729.816
gbr,sex_f,edu_aggregate_x,mts_aggregate_1,2002,3643.794
gbr,sex_f,edu_aggregate_x,mts_aggregate_1,2003,3693.96
gbr,sex_f,edu_aggregate_x,mts_aggregate_1,2004,3512.573
gbr,sex_f,edu_aggregate_x,mts_aggregate_1,2005,5605.14
gbr,sex_f,edu_aggregate_x,mts_aggregate_1,2006,4242.514
gbr,sex_f,edu_aggregate_x,mts_aggregate_1,2007,4259.754
gbr,sex_f,edu_aggregate_x,mts_aggregate_1,2008,2960.535
gbr,sex_f,edu_aggregate_x,mts_aggregate_1,2009,2928.137
gbr,sex_f,edu_aggregate_x,mts_aggregate_1,2010,2929.22
gbr,sex_f,edu_aggregate_x,mts_aggregate_1,2011,3130.811
gbr,sex_f,edu_aggregate_x,mts_aggregate_1,2012,2987.315
gbr,sex_f,edu_aggregate_x,mts_aggregate_1,2013,2942.936
gbr,sex_f,edu_aggregate_x,mts_aggregate_1,2014,2922.207
gbr,sex_f,edu_aggregate_x,mts_aggregate_1,2015,2919.713
gbr,sex_f,edu_aggregate_x,mts_aggregate_1,2016,2969.437
gbr,sex_f,edu_aggregate_x,mts_aggregate_1,2017,2995.178
gbr,sex_f,edu_aggregate_x,mts_aggregate_1,2018,3016.202
gbr,sex_f,edu_aggregate_x,mts_aggregate_1,2019,3129.597
gbr,sex_f,edu_aggregate_x,mts_aggregate_1,2020,3025.617
gbr,sex_f,edu_aggregate_x,mts_aggregate_1,2021,3025.444
gbr,sex_f,edu_aggregate_x,mts_aggregate_1,2022,3100.89
gbr,sex_f,edu_aggregate_x,mts_aggregate_1,2023,2986.706
gbr,sex_f,edu_aggregate_x,mts_aggregate_1,2024,3047.863
gbr,sex_f,edu_aggregate_x,mts_aggregate_2,1999,3089.022
gbr,sex_f,edu_aggregate_x,mts_aggregate_2,2000,3146.305
gbr,sex_f,edu_aggregate_x,mts_aggregate_2,2001,3118.948
gbr,sex_f,edu_aggregate_x,mts_aggregate_2,2002,3150.201
gbr,sex_f,edu_aggregate_x,mts_aggregate_2,2003,3176.474
gbr,sex_f,edu_aggregate_x,mts_aggregate_2,2004,2935.357
gbr,sex_f,edu_aggregate_x,mts_aggregate_2,2005,4877.24
gbr,sex_f,edu_aggregate_x,mts_aggregate_2,2006,3634.188
gbr,sex_f,edu_aggregate_x,mts_aggregate_2,2007,3674.965
gbr,sex_f,edu_aggregate_x,mts_aggregate_2,2008,1936.624
gbr,sex_f,edu_aggregate_x,mts_aggregate_2,2009,1963.109
gbr,sex_f,edu_aggregate_x,mts_aggregate_2,2010,2011.613
gbr,sex_f,edu_aggregate_x,mts_aggregate_2,2011,2289.504
gbr,sex_f,edu_aggregate_x,mts_aggregate_2,2012,1935.064
gbr,sex_f,edu_aggregate_x,mts_aggregate_2,2013,1988.096
gbr,sex_f,edu_aggregate_x,mts_aggregate_2,2014,2026.741
gbr,sex_f,edu_aggregate_x,mts_aggregate_2,2015,2147.354
gbr,sex_f,edu_aggregate_x,mts_aggregate_2,2016,2176.296
gbr,sex_f,edu_aggregate_x,mts_aggregate_2,2017,2289.19
gbr,sex_f,edu_aggregate_x,mts_aggregate_2,2018,2357.748
gbr,sex_f,edu_aggregate_x,mts_aggregate_2,2019,2291.674
gbr,sex_f,edu_aggregate_x,mts_aggregate_2,2020,2471.208
gbr,sex_f,edu_aggregate_x,mts_aggregate_2,2021,2547.644
gbr,sex_f,edu_aggregate_x,mts_aggregate_2,2022,2409.526
gbr,sex_f,edu_aggregate_x,mts_aggregate_2,2023,2317.361
gbr,sex_f,edu_aggregate_x,mts_aggregate_2,2024,2297.74
gbr,sex_f,edu_aggregate_x,mts_aggregate_total,1999,6859.526
gbr,sex_f,edu_aggregate_x,mts_aggregate_total,2000,6859.258
gbr,sex_f,edu_aggregate_x,mts_aggregate_total,2001,6848.764
gbr,sex_f,edu_aggregate_x,mts_aggregate_total,2002,6793.995
gbr,sex_f,edu_aggregate_x,mts_aggregate_total,2003,6870.434
gbr,sex_f,edu_aggregate_x,mts_aggregate_total,2004,6447.93
gbr,sex_f,edu_aggregate_x,mts_aggregate_total,2005,10482.379
gbr,sex_f,edu_aggregate_x,mts_aggregate_total,2006,7876.702
gbr,sex_f,edu_aggregate_x,mts_aggregate_total,2007,7934.719
gbr,sex_f,edu_aggregate_x,mts_aggregate_total,2008,4897.159
gbr,sex_f,edu_aggregate_x,mts_aggregate_total,2009,4891.326
gbr,sex_f,edu_aggregate_x,mts_aggregate_total,2010,4940.833
gbr,sex_f,edu_aggregate_x,mts_aggregate_total,2011,5420.315
gbr,sex_f,edu_aggregate_x,mts_aggregate_total,2012,4922.379
gbr,sex_f,edu_aggregate_x,mts_aggregate_total,2013,4931.346
gbr,sex_f,edu_aggregate_x,mts_aggregate_total,2014,4948.948
gbr,sex_f,edu_aggregate_x,mts_aggregate_total,2015,5067.068
gbr,sex_f,edu_aggregate_x,mts_aggregate_total,2016,5145.93
gbr,sex_f,edu_aggregate_x,mts_aggregate_total,2017,5285.398
gbr,sex_f,edu_aggregate_x,mts_aggregate_total,2018,5373.95
gbr,sex_f,edu_aggregate_x,mts_aggregate_total,2019,5421.271
gbr,sex_f,edu_aggregate_x,mts_aggregate_total,2020,5496.825
gbr,sex_f,edu_aggregate_x,mts_aggregate_total,2021,5573.088
gbr,sex_f,edu_aggregate_x,mts_aggregate_total,2022,5510.417
gbr,sex_f,edu_aggregate_x,mts_aggregate_total,2023,5304.066
gbr,sex_f,edu_aggregate_x,mts_aggregate_total,2024,5345.602
gbr,sex_f,edu_aggregate_x,mts_aggregate_x,2017,1.03
gbr,sex_f,edu_aggregate_x,mts_details_mrd,2005,4877.24
gbr,sex_f,edu_aggregate_x,mts_details_mrd,2006,3632.746
gbr,sex_f,edu_aggregate_x,mts_details_mrd,2007,3672.49
gbr,sex_f,edu_aggregate_x,mts_details_mrd,2008,1935.306
gbr,sex_f,edu_aggregate_x,mts_details_mrd,2009,1962.983
gbr,sex_f,edu_aggregate_x,mts_details_mrd,2010,2010.685
gbr,sex_f,edu_aggregate_x,mts_details_mrd,2011,2285.961
gbr,sex_f,edu_aggregate_x,mts_details_mrd,2012,1931.084
gbr,sex_f,edu_aggregate_x,mts_details_mrd,2013,1984.579
gbr,sex_f,edu_aggregate_x,mts_details_mrd,2014,2023.281
gbr,sex_f,edu_aggregate_x,mts_details_mrd,2015,2144.557
gbr,sex_f,edu_aggregate_x,mts_details_mrd,2016,2174.093
gbr,sex_f,edu_aggregate_x,mts_details_mrd,2017,2284.28
gbr,sex_f,edu_aggregate_x,mts_details_mrd,2018,2353.569
gbr,sex_f,edu_aggregate_x,mts_details_mrd,2019,2285.54
gbr,sex_f,edu_aggregate_x,mts_details_mrd,2020,2467.131
gbr,sex_f,edu_aggregate_x,mts_details_mrd,2021,2542.254
gbr,sex_f,edu_aggregate_x,mts_details_mrd,2022,2403.628
gbr,sex_f,edu_aggregate_x,mts_details_mrd,2023,2301.705
gbr,sex_f,edu_aggregate_x,mts_details_mrd,2024,2278.619
gbr,sex_f,edu_aggregate_x,mts_details_sep,2005,974.347
gbr,sex_f,edu_aggregate_x,mts_details_sep,2006,740.24
gbr,sex_f,edu_aggregate_x,mts_details_sep,2007,780.775
gbr,sex_f,edu_aggregate_x,mts_details_sep,2008,357.471
gbr,sex_f,edu_aggregate_x,mts_details_sep,2009,374.866
gbr,sex_f,edu_aggregate_x,mts_details_sep,2010,358.437
gbr,sex_f,edu_aggregate_x,mts_details_sep,2011,458.771
gbr,sex_f,edu_aggregate_x,mts_details_sep,2012,411.683
gbr,sex_f,edu_aggregate_x,mts_details_sep,2013,407.595
gbr,sex_f,edu_aggregate_x,mts_details_sep,2014,437.889
gbr,sex_f,edu_aggregate_x,mts_details_sep,2015,450.312
gbr,sex_f,edu_aggregate_x,mts_details_sep,2016,476.945
gbr,sex_f,edu_aggregate_x,mts_details_sep,2017,532.387
gbr,sex_f,edu_aggregate_x,mts_details_sep,2018,552.303
gbr,sex_f,edu_aggregate_x,mts_details_sep,2019,589.928
gbr,sex_f,edu_aggregate_x,mts_details_sep,2020,598.772
gbr,sex_f,edu_aggregate_x,mts_details_sep,2021,621.928
gbr,sex_f,edu_aggregate_x,mts_details_sep,2022,650.842
gbr,sex_f,edu_aggregate_x,mts_details_sep,2023,620.14
gbr,sex_f,edu_aggregate_x,mts_details_sep,2024,687.46
gbr,sex_f,edu_aggregate_x,mts_details_sgle,2005,2255.182
gbr,sex_f,edu_aggregate_x,mts_details_sgle,2006,1187.977
gbr,sex_f,edu_aggregate_x,mts_details_sgle,2007,1182.964
gbr,sex_f,edu_aggregate_x,mts_details_sgle,2008,711.488
gbr,sex_f,edu_aggregate_x,mts_details_sgle,2009,676.382
gbr,sex_f,edu_aggregate_x,mts_details_sgle,2010,693.6
gbr,sex_f,edu_aggregate_x,mts_details_sgle,2011,714.328
gbr,sex_f,edu_aggregate_x,mts_details_sgle,2012,688.668
gbr,sex_f,edu_aggregate_x,mts_details_sgle,2013,668.521
gbr,sex_f,edu_aggregate_x,mts_details_sgle,2014,643.937
gbr,sex_f,edu_aggregate_x,mts_details_sgle,2015,646.776
gbr,sex_f,edu_aggregate_x,mts_details_sgle,2016,635.59
gbr,sex_f,edu_aggregate_x,mts_details_sgle,2017,667.487
gbr,sex_f,edu_aggregate_x,mts_details_sgle,2018,665.115
gbr,sex_f,edu_aggregate_x,mts_details_sgle,2019,709.922
gbr,sex_f,edu_aggregate_x,mts_details_sgle,2020,714.722
gbr,sex_f,edu_aggregate_x,mts_details_sgle,2021,711.988
gbr,sex_f,edu_aggregate_x,mts_details_sgle,2022,800.893
gbr,sex_f,edu_aggregate_x,mts_details_sgle,2023,702.667
gbr,sex_f,edu_aggregate_x,mts_details_sgle,2024,699.783
gbr,sex_f,edu_aggregate_x,mts_details_total,2005,10482.379
gbr,sex_f,edu_aggregate_x,mts_details_total,2006,7876.702
gbr,sex_f,edu_aggregate_x,mts_details_total,2007,7934.719
gbr,sex_f,edu_aggregate_x,mts_details_total,2008,4897.159
gbr,sex_f,edu_aggregate_x,mts_details_total,2009,4891.326
gbr,sex_f,edu_aggregate_x,mts_details_total,2010,4940.833
gbr,sex_f,edu_aggregate_x,mts_details_total,2011,5420.315
gbr,sex_f,edu_aggregate_x,mts_details_total,2012,4922.379
gbr,sex_f,edu_aggregate_x,mts_details_total,2013,4931.346
gbr,sex_f,edu_aggregate_x,mts_details_total,2014,4948.948
gbr,sex_f,edu_aggregate_x,mts_details_total,2015,5067.068
gbr,sex_f,edu_aggregate_x,mts_details_total,2016,5145.93
gbr,sex_f,edu_aggregate_x,mts_details_total,2017,5285.398
gbr,sex_f,edu_aggregate_x,mts_details_total,2018,5373.95
gbr,sex_f,edu_aggregate_x,mts_details_total,2019,5421.271
gbr,sex_f,edu_aggregate_x,mts_details_total,2020,5496.825
gbr,sex_f,edu_aggregate_x,mts_details_total,2021,5573.088
gbr,sex_f,edu_aggregate_x,mts_details_total,2022,5510.417
gbr,sex_f,edu_aggregate_x,mts_details_total,2023,5304.066
gbr,sex_f,edu_aggregate_x,mts_details_total,2024,5345.602
gbr,sex_f,edu_aggregate_x,mts_details_union,2006,1.442
gbr,sex_f,edu_aggregate_x,mts_details_union,2007,2.475
gbr,sex_f,edu_aggregate_x,mts_details_union,2008,1.318
gbr,sex_f,edu_aggregate_x,mts_details_union,2010,0.929
gbr,sex_f,edu_aggregate_x,mts_details_union,2011,3.543
gbr,sex_f,edu_aggregate_x,mts_details_union,2012,3.98
gbr,sex_f,edu_aggregate_x,mts_details_union,2013,3.518
gbr,sex_f,edu_aggregate_x,mts_details_union,2014,3.461
gbr,sex_f,edu_aggregate_x,mts_details_union,2015,2.797
gbr,sex_f,edu_aggregate_x,mts_details_union,2016,2.203
gbr,sex_f,edu_aggregate_x,mts_details_union,2017,4.91
gbr,sex_f,edu_aggregate_x,mts_details_union,2018,4.179
gbr,sex_f,edu_aggregate_x,mts_details_union,2019,6.134
gbr,sex_f,edu_aggregate_x,mts_details_union,2020,4.077
gbr,sex_f,edu_aggregate_x,mts_details_union,2021,5.39
gbr,sex_f,edu_aggregate_x,mts_details_union,2022,5.899
gbr,sex_f,edu_aggregate_x,mts_details_union,2023,15.656
gbr,sex_f,edu_aggregate_x,mts_details_union,2024,19.12
gbr,sex_f,edu_aggregate_x,mts_details_wid,2005,2375.611
gbr,sex_f,edu_aggregate_x,mts_details_wid,2006,2314.296
gbr,sex_f,edu_aggregate_x,mts_details_wid,2007,2296.015
gbr,sex_f,edu_aggregate_x,mts_details_wid,2008,1891.575
gbr,sex_f,edu_aggregate_x,mts_details_wid,2009,1876.89
gbr,sex_f,edu_aggregate_x,mts_details_wid,2010,1877.182
gbr,sex_f,edu_aggregate_x,mts_details_wid,2011,1957.711
gbr,sex_f,edu_aggregate_x,mts_details_wid,2012,1886.964
gbr,sex_f,edu_aggregate_x,mts_details_wid,2013,1866.82
gbr,sex_f,edu_aggregate_x,mts_details_wid,2014,1840.381
gbr,sex_f,edu_aggregate_x,mts_details_wid,2015,1822.626
gbr,sex_f,edu_aggregate_x,mts_details_wid,2016,1856.901
gbr,sex_f,edu_aggregate_x,mts_details_wid,2017,1795.303
gbr,sex_f,edu_aggregate_x,mts_details_wid,2018,1798.784
gbr,sex_f,edu_aggregate_x,mts_details_wid,2019,1829.747
gbr,sex_f,edu_aggregate_x,mts_details_wid,2020,1712.122
gbr,sex_f,edu_aggregate_x,mts_details_wid,2021,1691.528
gbr,sex_f,edu_aggregate_x,mts_details_wid,2022,1649.155
gbr,sex_f,edu_aggregate_x,mts_details_wid,2023,1663.899
gbr,sex_f,edu_aggregate_x,mts_details_wid,2024,1660.62
gbr,sex_f,edu_aggregate_x,mts_details_x,2017,1.03
gbr,sex_f,edu_isced11_0,mts_aggregate_1,2022,29.189
gbr,sex_f,edu_isced11_0,mts_aggregate_1,2023,32.529
gbr,sex_f,edu_isced11_0,mts_aggregate_1,2024,23.864
gbr,sex_f,edu_isced11_0,mts_aggregate_2,2022,25.895
gbr,sex_f,edu_isced11_0,mts_aggregate_2,2023,26.447
gbr,sex_f,edu_isced11_0,mts_aggregate_2,2024,20.759
gbr,sex_f,edu_isced11_0,mts_aggregate_total,2022,55.084
gbr,sex_f,edu_isced11_0,mts_aggregate_total,2023,58.976
gbr,sex_f,edu_isced11_0,mts_aggregate_total,2024,44.623
gbr,sex_f,edu_isced11_0,mts_details_mrd,2022,25.895
gbr,sex_f,edu_isced11_0,mts_details_mrd,2023,26.447
gbr,sex_f,edu_isced11_0,mts_details_mrd,2024,20.759
gbr,sex_f,edu_isced11_0,mts_details_sep,2022,5.978
gbr,sex_f,edu_isced11_0,mts_details_sep,2023,9.632
gbr,sex_f,edu_isced11_0,mts_details_sep,2024,7.813
gbr,sex_f,edu_isced11_0,mts_details_sgle,2022,19.137
gbr,sex_f,edu_isced11_0,mts_details_sgle,2023,18.104
gbr,sex_f,edu_isced11_0,mts_details_sgle,2024,13.059
gbr,sex_f,edu_isced11_0,mts_details_total,2022,55.084
gbr,sex_f,edu_isced11_0,mts_details_total,2023,58.976
gbr,sex_f,edu_isced11_0,mts_details_total,2024,44.623
gbr,sex_f,edu_isced11_0,mts_details_wid,2022,4.074
gbr,sex_f,edu_isced11_0,mts_details_wid,2023,4.793
gbr,sex_f,edu_isced11_0,mts_details_wid,2024,2.993
gbr,sex_f,edu_isced11_1,mts_aggregate_1,2022,31.685
gbr,sex_f,edu_isced11_1,mts_aggregate_1,2023,34.716
gbr,sex_f,edu_isced11_1,mts_aggregate_1,2024,45.548
gbr,sex_f,edu_isced11_1,mts_aggregate_2,2022,24.777
gbr,sex_f,edu_isced11_1,mts_aggregate_2,2023,16.266
gbr,sex_f,edu_isced11_1,mts_aggregate_2,2024,16.429
gbr,sex_f,edu_isced11_1,mts_aggregate_total,2022,56.462
gbr,sex_f,edu_isced11_1,mts_aggregate_total,2023,50.982
gbr,sex_f,edu_isced11_1,mts_aggregate_total,2024,61.978
gbr,sex_f,edu_isced11_1,mts_details_mrd,2022,24.777
gbr,sex_f,edu_isced11_1,mts_details_mrd,2023,16.266
gbr,sex_f,edu_isced11_1,mts_details_mrd,2024,16.429
gbr,sex_f,edu_isced11_1,mts_details_sep,2022,10.274
gbr,sex_f,edu_isced11_1,mts_details_sep,2023,9.532
gbr,sex_f,edu_isced11_1,mts_details_sep,2024,12.481
gbr,sex_f,edu_isced11_1,mts_details_sgle,2022,18.087
gbr,sex_f,edu_isced11_1,mts_details_sgle,2023,21.261
gbr,sex_f,edu_isced11_1,mts_details_sgle,2024,29.107
gbr,sex_f,edu_isced11_1,mts_details_total,2022,56.462
gbr,sex_f,edu_isced11_1,mts_details_total,2023,50.982
gbr,sex_f,edu_isced11_1,mts_details_total,2024,61.978
gbr,sex_f,edu_isced11_1,mts_details_wid,2022,3.325
gbr,sex_f,edu_isced11_1,mts_details_wid,2023,3.923
gbr,sex_f,edu_isced11_1,mts_details_wid,2024,3.961
gbr,sex_f,edu_isced11_2,mts_aggregate_1,2005,127.986
gbr,sex_f,edu_isced11_2,mts_aggregate_1,2006,912.19
gbr,sex_f,edu_isced11_2,mts_aggregate_1,2007,954.016
gbr,sex_f,edu_isced11_2,mts_aggregate_1,2008,958.941
gbr,sex_f,edu_isced11_2,mts_aggregate_1,2009,994.526
gbr,sex_f,edu_isced11_2,mts_aggregate_1,2010,1039.526
gbr,sex_f,edu_isced11_2,mts_aggregate_1,2011,977.956
gbr,sex_f,edu_isced11_2,mts_aggregate_1,2012,987.915
gbr,sex_f,edu_isced11_2,mts_aggregate_1,2013,996.923
gbr,sex_f,edu_isced11_2,mts_aggregate_1,2014,990.074
gbr,sex_f,edu_isced11_2,mts_aggregate_1,2015,973.46
gbr,sex_f,edu_isced11_2,mts_aggregate_1,2016,955.215
gbr,sex_f,edu_isced11_2,mts_aggregate_1,2017,932.536
gbr,sex_f,edu_isced11_2,mts_aggregate_1,2018,948.71
gbr,sex_f,edu_isced11_2,mts_aggregate_1,2019,943.649
gbr,sex_f,edu_isced11_2,mts_aggregate_1,2020,1007.687
gbr,sex_f,edu_isced11_2,mts_aggregate_1,2021,1046.791
gbr,sex_f,edu_isced11_2,mts_aggregate_1,2022,1123.97
gbr,sex_f,edu_isced11_2,mts_aggregate_1,2023,1199.778
gbr,sex_f,edu_isced11_2,mts_aggregate_1,2024,1292.894
gbr,sex_f,edu_isced11_2,mts_aggregate_2,2005,94.028
gbr,sex_f,edu_isced11_2,mts_aggregate_2,2006,797.263
gbr,sex_f,edu_isced11_2,mts_aggregate_2,2007,767.298
gbr,sex_f,edu_isced11_2,mts_aggregate_2,2008,815.689
gbr,sex_f,edu_isced11_2,mts_aggregate_2,2009,872.598
gbr,sex_f,edu_isced11_2,mts_aggregate_2,2010,886.701
gbr,sex_f,edu_isced11_2,mts_aggregate_2,2011,774.1
gbr,sex_f,edu_isced11_2,mts_aggregate_2,2012,855.442
gbr,sex_f,edu_isced11_2,mts_aggregate_2,2013,833.812
gbr,sex_f,edu_isced11_2,mts_aggregate_2,2014,837.559
gbr,sex_f,edu_isced11_2,mts_aggregate_2,2015,787.804
gbr,sex_f,edu_isced11_2,mts_aggregate_2,2016,785.236
gbr,sex_f,edu_isced11_2,mts_aggregate_2,2017,737.178
gbr,sex_f,edu_isced11_2,mts_aggregate_2,2018,733.927
gbr,sex_f,edu_isced11_2,mts_aggregate_2,2019,706.139
gbr,sex_f,edu_isced11_2,mts_aggregate_2,2020,669.657
gbr,sex_f,edu_isced11_2,mts_aggregate_2,2021,666.749
gbr,sex_f,edu_isced11_2,mts_aggregate_2,2022,774.842
gbr,sex_f,edu_isced11_2,mts_aggregate_2,2023,773.781
gbr,sex_f,edu_isced11_2,mts_aggregate_2,2024,697.98
gbr,sex_f,edu_isced11_2,mts_aggregate_total,2005,222.013
gbr,sex_f,edu_isced11_2,mts_aggregate_total,2006,1709.453
gbr,sex_f,edu_isced11_2,mts_aggregate_total,2007,1721.314
gbr,sex_f,edu_isced11_2,mts_aggregate_total,2008,1774.63
gbr,sex_f,edu_isced11_2,mts_aggregate_total,2009,1867.124
gbr,sex_f,edu_isced11_2,mts_aggregate_total,2010,1926.227
gbr,sex_f,edu_isced11_2,mts_aggregate_total,2011,1752.056
gbr,sex_f,edu_isced11_2,mts_aggregate_total,2012,1843.357
gbr,sex_f,edu_isced11_2,mts_aggregate_total,2013,1830.736
gbr,sex_f,edu_isced11_2,mts_aggregate_total,2014,1827.632
gbr,sex_f,edu_isced11_2,mts_aggregate_total,2015,1761.263
gbr,sex_f,edu_isced11_2,mts_aggregate_total,2016,1740.451
gbr,sex_f,edu_isced11_2,mts_aggregate_total,2017,1669.714
gbr,sex_f,edu_isced11_2,mts_aggregate_total,2018,1682.637
gbr,sex_f,edu_isced11_2,mts_aggregate_total,2019,1649.788
gbr,sex_f,edu_isced11_2,mts_aggregate_total,2020,1677.344
gbr,sex_f,edu_isced11_2,mts_aggregate_total,2021,1713.54
gbr,sex_f,edu_isced11_2,mts_aggregate_total,2022,1898.812
gbr,sex_f,edu_isced11_2,mts_aggregate_total,2023,1973.56
gbr,sex_f,edu_isced11_2,mts_aggregate_total,2024,1990.874
gbr,sex_f,edu_isced11_2,mts_details_mrd,2005,94.028
gbr,sex_f,edu_isced11_2,mts_details_mrd,2006,797.062
gbr,sex_f,edu_isced11_2,mts_details_mrd,2007,766.447
gbr,sex_f,edu_isced11_2,mts_details_mrd,2008,815.313
gbr,sex_f,edu_isced11_2,mts_details_mrd,2009,872.337
gbr,sex_f,edu_isced11_2,mts_details_mrd,2010,885.258
gbr,sex_f,edu_isced11_2,mts_details_mrd,2011,771.388
gbr,sex_f,edu_isced11_2,mts_details_mrd,2012,853.213
gbr,sex_f,edu_isced11_2,mts_details_mrd,2013,832.194
gbr,sex_f,edu_isced11_2,mts_details_mrd,2014,834.474
gbr,sex_f,edu_isced11_2,mts_details_mrd,2015,787.304
gbr,sex_f,edu_isced11_2,mts_details_mrd,2016,784.506
gbr,sex_f,edu_isced11_2,mts_details_mrd,2017,732.56
gbr,sex_f,edu_isced11_2,mts_details_mrd,2018,730.269
gbr,sex_f,edu_isced11_2,mts_details_mrd,2019,703.64
gbr,sex_f,edu_isced11_2,mts_details_mrd,2020,666.068
gbr,sex_f,edu_isced11_2,mts_details_mrd,2021,665.33
gbr,sex_f,edu_isced11_2,mts_details_mrd,2022,765.925
gbr,sex_f,edu_isced11_2,mts_details_mrd,2023,765.78
gbr,sex_f,edu_isced11_2,mts_details_mrd,2024,690.636
gbr,sex_f,edu_isced11_2,mts_details_sep,2005,27.826
gbr,sex_f,edu_isced11_2,mts_details_sep,2006,208.664
gbr,sex_f,edu_isced11_2,mts_details_sep,2007,210.574
gbr,sex_f,edu_isced11_2,mts_details_sep,2008,212.304
gbr,sex_f,edu_isced11_2,mts_details_sep,2009,220.742
gbr,sex_f,edu_isced11_2,mts_details_sep,2010,227.63
gbr,sex_f,edu_isced11_2,mts_details_sep,2011,211.626
gbr,sex_f,edu_isced11_2,mts_details_sep,2012,221.51
gbr,sex_f,edu_isced11_2,mts_details_sep,2013,207.357
gbr,sex_f,edu_isced11_2,mts_details_sep,2014,206.362
gbr,sex_f,edu_isced11_2,mts_details_sep,2015,190.931
gbr,sex_f,edu_isced11_2,mts_details_sep,2016,188.342
gbr,sex_f,edu_isced11_2,mts_details_sep,2017,191.092
gbr,sex_f,edu_isced11_2,mts_details_sep,2018,180.869
gbr,sex_f,edu_isced11_2,mts_details_sep,2019,178.686
gbr,sex_f,edu_isced11_2,mts_details_sep,2020,189.974
gbr,sex_f,edu_isced11_2,mts_details_sep,2021,199.105
gbr,sex_f,edu_isced11_2,mts_details_sep,2022,281.559
gbr,sex_f,edu_isced11_2,mts_details_sep,2023,308.432
gbr,sex_f,edu_isced11_2,mts_details_sep,2024,306.29
gbr,sex_f,edu_isced11_2,mts_details_sgle,2005,97.604
gbr,sex_f,edu_isced11_2,mts_details_sgle,2006,668.234
gbr,sex_f,edu_isced11_2,mts_details_sgle,2007,712.657
gbr,sex_f,edu_isced11_2,mts_details_sgle,2008,664.678
gbr,sex_f,edu_isced11_2,mts_details_sgle,2009,691.254
gbr,sex_f,edu_isced11_2,mts_details_sgle,2010,732.244
gbr,sex_f,edu_isced11_2,mts_details_sgle,2011,714.912
gbr,sex_f,edu_isced11_2,mts_details_sgle,2012,683.38
gbr,sex_f,edu_isced11_2,mts_details_sgle,2013,707.892
gbr,sex_f,edu_isced11_2,mts_details_sgle,2014,713.394
gbr,sex_f,edu_isced11_2,mts_details_sgle,2015,706.476
gbr,sex_f,edu_isced11_2,mts_details_sgle,2016,689.437
gbr,sex_f,edu_isced11_2,mts_details_sgle,2017,669.87
gbr,sex_f,edu_isced11_2,mts_details_sgle,2018,705.81
gbr,sex_f,edu_isced11_2,mts_details_sgle,2019,701.672
gbr,sex_f,edu_isced11_2,mts_details_sgle,2020,754.008
gbr,sex_f,edu_isced11_2,mts_details_sgle,2021,788.652
gbr,sex_f,edu_isced11_2,mts_details_sgle,2022,736.873
gbr,sex_f,edu_isced11_2,mts_details_sgle,2023,783.817
gbr,sex_f,edu_isced11_2,mts_details_sgle,2024,872.047
gbr,sex_f,edu_isced11_2,mts_details_total,2005,222.013
gbr,sex_f,edu_isced11_2,mts_details_total,2006,1709.453
gbr,sex_f,edu_isced11_2,mts_details_total,2007,1721.314
gbr,sex_f,edu_isced11_2,mts_details_total,2008,1774.63
gbr,sex_f,edu_isced11_2,mts_details_total,2009,1867.124
gbr,sex_f,edu_isced11_2,mts_details_total,2010,1926.227
gbr,sex_f,edu_isced11_2,mts_details_total,2011,1752.056
gbr,sex_f,edu_isced11_2,mts_details_total,2012,1843.357
gbr,sex_f,edu_isced11_2,mts_details_total,2013,1830.736
gbr,sex_f,edu_isced11_2,mts_details_total,2014,1827.632
gbr,sex_f,edu_isced11_2,mts_details_total,2015,1761.263
gbr,sex_f,edu_isced11_2,mts_details_total,2016,1740.451
gbr,sex_f,edu_isced11_2,mts_details_total,2017,1669.714
gbr,sex_f,edu_isced11_2,mts_details_total,2018,1682.637
gbr,sex_f,edu_isced11_2,mts_details_total,2019,1649.788
gbr,sex_f,edu_isced11_2,mts_details_total,2020,1677.344
gbr,sex_f,edu_isced11_2,mts_details_total,2021,1713.54
gbr,sex_f,edu_isced11_2,mts_details_total,2022,1898.812
gbr,sex_f,edu_isced11_2,mts_details_total,2023,1973.56
gbr,sex_f,edu_isced11_2,mts_details_total,2024,1990.874
gbr,sex_f,edu_isced11_2,mts_details_union,2007,0.851
gbr,sex_f,edu_isced11_2,mts_details_union,2010,1.444
gbr,sex_f,edu_isced11_2,mts_details_union,2011,2.713
gbr,sex_f,edu_isced11_2,mts_details_union,2012,2.228
gbr,sex_f,edu_isced11_2,mts_details_union,2013,1.619
gbr,sex_f,edu_isced11_2,mts_details_union,2014,3.085
gbr,sex_f,edu_isced11_2,mts_details_union,2016,0.731
gbr,sex_f,edu_isced11_2,mts_details_union,2017,4.619
gbr,sex_f,edu_isced11_2,mts_details_union,2018,3.658
gbr,sex_f,edu_isced11_2,mts_details_union,2019,2.499
gbr,sex_f,edu_isced11_2,mts_details_union,2020,3.589
gbr,sex_f,edu_isced11_2,mts_details_union,2022,8.918
gbr,sex_f,edu_isced11_2,mts_details_union,2023,8.001
gbr,sex_f,edu_isced11_2,mts_details_union,2024,7.343
gbr,sex_f,edu_isced11_2,mts_details_wid,2005,2.555
gbr,sex_f,edu_isced11_2,mts_details_wid,2006,35.292
gbr,sex_f,edu_isced11_2,mts_details_wid,2007,30.785
gbr,sex_f,edu_isced11_2,mts_details_wid,2008,81.959
gbr,sex_f,edu_isced11_2,mts_details_wid,2009,82.53
gbr,sex_f,edu_isced11_2,mts_details_wid,2010,79.653
gbr,sex_f,edu_isced11_2,mts_details_wid,2011,51.417
gbr,sex_f,edu_isced11_2,mts_details_wid,2012,83.026
gbr,sex_f,edu_isced11_2,mts_details_wid,2013,81.674
gbr,sex_f,edu_isced11_2,mts_details_wid,2014,70.318
gbr,sex_f,edu_isced11_2,mts_details_wid,2015,76.054
gbr,sex_f,edu_isced11_2,mts_details_wid,2016,77.436
gbr,sex_f,edu_isced11_2,mts_details_wid,2017,71.574
gbr,sex_f,edu_isced11_2,mts_details_wid,2018,62.031
gbr,sex_f,edu_isced11_2,mts_details_wid,2019,63.291
gbr,sex_f,edu_isced11_2,mts_details_wid,2020,63.705
gbr,sex_f,edu_isced11_2,mts_details_wid,2021,59.034
gbr,sex_f,edu_isced11_2,mts_details_wid,2022,105.538
gbr,sex_f,edu_isced11_2,mts_details_wid,2023,107.53
gbr,sex_f,edu_isced11_2,mts_details_wid,2024,114.557
gbr,sex_f,edu_isced11_3,mts_aggregate_1,2005,119.186
gbr,sex_f,edu_isced11_3,mts_aggregate_1,2006,639.621
gbr,sex_f,edu_isced11_3,mts_aggregate_1,2007,683.279
gbr,sex_f,edu_isced11_3,mts_aggregate_1,2008,763.101
gbr,sex_f,edu_isced11_3,mts_aggregate_1,2009,838.571
gbr,sex_f,edu_isced11_3,mts_aggregate_1,2010,881.198
gbr,sex_f,edu_isced11_3,mts_aggregate_1,2011,932.082
gbr,sex_f,edu_isced11_3,mts_aggregate_1,2012,956.762
gbr,sex_f,edu_isced11_3,mts_aggregate_1,2013,976.945
gbr,sex_f,edu_isced11_3,mts_aggregate_1,2014,999.673
gbr,sex_f,edu_isced11_3,mts_aggregate_1,2015,1021.938
gbr,sex_f,edu_isced11_3,mts_aggregate_1,2016,1003.559
gbr,sex_f,edu_isced11_3,mts_aggregate_1,2017,997.25
gbr,sex_f,edu_isced11_3,mts_aggregate_1,2018,1018.172
gbr,sex_f,edu_isced11_3,mts_aggregate_1,2019,975.572
gbr,sex_f,edu_isced11_3,mts_aggregate_1,2020,970.572
gbr,sex_f,edu_isced11_3,mts_aggregate_1,2021,1026.801
gbr,sex_f,edu_isced11_3,mts_aggregate_1,2022,1496.06
gbr,sex_f,edu_isced11_3,mts_aggregate_1,2023,1740.002
gbr,sex_f,edu_isced11_3,mts_aggregate_1,2024,1817.544
gbr,sex_f,edu_isced11_3,mts_aggregate_2,2005,61.522
gbr,sex_f,edu_isced11_3,mts_aggregate_2,2006,335.939
gbr,sex_f,edu_isced11_3,mts_aggregate_2,2007,331.757
gbr,sex_f,edu_isced11_3,mts_aggregate_2,2008,456.537
gbr,sex_f,edu_isced11_3,mts_aggregate_2,2009,484.452
gbr,sex_f,edu_isced11_3,mts_aggregate_2,2010,505.908
gbr,sex_f,edu_isced11_3,mts_aggregate_2,2011,504.021
gbr,sex_f,edu_isced11_3,mts_aggregate_2,2012,556.259
gbr,sex_f,edu_isced11_3,mts_aggregate_2,2013,569.124
gbr,sex_f,edu_isced11_3,mts_aggregate_2,2014,609.5
gbr,sex_f,edu_isced11_3,mts_aggregate_2,2015,597.945
gbr,sex_f,edu_isced11_3,mts_aggregate_2,2016,614.909
gbr,sex_f,edu_isced11_3,mts_aggregate_2,2017,602.885
gbr,sex_f,edu_isced11_3,mts_aggregate_2,2018,585.952
gbr,sex_f,edu_isced11_3,mts_aggregate_2,2019,580.978
gbr,sex_f,edu_isced11_3,mts_aggregate_2,2020,543.214
gbr,sex_f,edu_isced11_3,mts_aggregate_2,2021,548.797
gbr,sex_f,edu_isced11_3,mts_aggregate_2,2022,975.602
gbr,sex_f,edu_isced11_3,mts_aggregate_2,2023,958.266
gbr,sex_f,edu_isced11_3,mts_aggregate_2,2024,976.878
gbr,sex_f,edu_isced11_3,mts_aggregate_total,2005,180.708
gbr,sex_f,edu_isced11_3,mts_aggregate_total,2006,975.56
gbr,sex_f,edu_isced11_3,mts_aggregate_total,2007,1015.036
gbr,sex_f,edu_isced11_3,mts_aggregate_total,2008,1219.638
gbr,sex_f,edu_isced11_3,mts_aggregate_total,2009,1323.022
gbr,sex_f,edu_isced11_3,mts_aggregate_total,2010,1387.107
gbr,sex_f,edu_isced11_3,mts_aggregate_total,2011,1436.103
gbr,sex_f,edu_isced11_3,mts_aggregate_total,2012,1513.021
gbr,sex_f,edu_isced11_3,mts_aggregate_total,2013,1546.069
gbr,sex_f,edu_isced11_3,mts_aggregate_total,2014,1609.174
gbr,sex_f,edu_isced11_3,mts_aggregate_total,2015,1619.882
gbr,sex_f,edu_isced11_3,mts_aggregate_total,2016,1618.467
gbr,sex_f,edu_isced11_3,mts_aggregate_total,2017,1600.135
gbr,sex_f,edu_isced11_3,mts_aggregate_total,2018,1604.124
gbr,sex_f,edu_isced11_3,mts_aggregate_total,2019,1556.551
gbr,sex_f,edu_isced11_3,mts_aggregate_total,2020,1513.785
gbr,sex_f,edu_isced11_3,mts_aggregate_total,2021,1575.598
gbr,sex_f,edu_isced11_3,mts_aggregate_total,2022,2471.662
gbr,sex_f,edu_isced11_3,mts_aggregate_total,2023,2698.268
gbr,sex_f,edu_isced11_3,mts_aggregate_total,2024,2794.591
gbr,sex_f,edu_isced11_3,mts_details_mrd,2005,61.522
gbr,sex_f,edu_isced11_3,mts_details_mrd,2006,335.684
gbr,sex_f,edu_isced11_3,mts_details_mrd,2007,331.14
gbr,sex_f,edu_isced11_3,mts_details_mrd,2008,454.848
gbr,sex_f,edu_isced11_3,mts_details_mrd,2009,483.867
gbr,sex_f,edu_isced11_3,mts_details_mrd,2010,504.8
gbr,sex_f,edu_isced11_3,mts_details_mrd,2011,501.963
gbr,sex_f,edu_isced11_3,mts_details_mrd,2012,555.838
gbr,sex_f,edu_isced11_3,mts_details_mrd,2013,567.974
gbr,sex_f,edu_isced11_3,mts_details_mrd,2014,607.219
gbr,sex_f,edu_isced11_3,mts_details_mrd,2015,596.614
gbr,sex_f,edu_isced11_3,mts_details_mrd,2016,613.549
gbr,sex_f,edu_isced11_3,mts_details_mrd,2017,602.268
gbr,sex_f,edu_isced11_3,mts_details_mrd,2018,584.029
gbr,sex_f,edu_isced11_3,mts_details_mrd,2019,579.5
gbr,sex_f,edu_isced11_3,mts_details_mrd,2020,538.262
gbr,sex_f,edu_isced11_3,mts_details_mrd,2021,545.091
gbr,sex_f,edu_isced11_3,mts_details_mrd,2022,967.969
gbr,sex_f,edu_isced11_3,mts_details_mrd,2023,947.314
gbr,sex_f,edu_isced11_3,mts_details_mrd,2024,968.79
gbr,sex_f,edu_isced11_3,mts_details_sep,2005,17.067
gbr,sex_f,edu_isced11_3,mts_details_sep,2006,93.768
gbr,sex_f,edu_isced11_3,mts_details_sep,2007,92.784
gbr,sex_f,edu_isced11_3,mts_details_sep,2008,121.522
gbr,sex_f,edu_isced11_3,mts_details_sep,2009,137.694
gbr,sex_f,edu_isced11_3,mts_details_sep,2010,152.154
gbr,sex_f,edu_isced11_3,mts_details_sep,2011,151.982
gbr,sex_f,edu_isced11_3,mts_details_sep,2012,160.191
gbr,sex_f,edu_isced11_3,mts_details_sep,2013,162.298
gbr,sex_f,edu_isced11_3,mts_details_sep,2014,173.305
gbr,sex_f,edu_isced11_3,mts_details_sep,2015,174.972
gbr,sex_f,edu_isced11_3,mts_details_sep,2016,166.346
gbr,sex_f,edu_isced11_3,mts_details_sep,2017,172.024
gbr,sex_f,edu_isced11_3,mts_details_sep,2018,173.566
gbr,sex_f,edu_isced11_3,mts_details_sep,2019,153.959
gbr,sex_f,edu_isced11_3,mts_details_sep,2020,159.595
gbr,sex_f,edu_isced11_3,mts_details_sep,2021,170.078
gbr,sex_f,edu_isced11_3,mts_details_sep,2022,285.445
gbr,sex_f,edu_isced11_3,mts_details_sep,2023,309.056
gbr,sex_f,edu_isced11_3,mts_details_sep,2024,330.591
gbr,sex_f,edu_isced11_3,mts_details_sgle,2005,100.317
gbr,sex_f,edu_isced11_3,mts_details_sgle,2006,535.189
gbr,sex_f,edu_isced11_3,mts_details_sgle,2007,581.796
gbr,sex_f,edu_isced11_3,mts_details_sgle,2008,605.218
gbr,sex_f,edu_isced11_3,mts_details_sgle,2009,657.74
gbr,sex_f,edu_isced11_3,mts_details_sgle,2010,676.394
gbr,sex_f,edu_isced11_3,mts_details_sgle,2011,731.81
gbr,sex_f,edu_isced11_3,mts_details_sgle,2012,746.769
gbr,sex_f,edu_isced11_3,mts_details_sgle,2013,765.705
gbr,sex_f,edu_isced11_3,mts_details_sgle,2014,776.466
gbr,sex_f,edu_isced11_3,mts_details_sgle,2015,786.368
gbr,sex_f,edu_isced11_3,mts_details_sgle,2016,786.878
gbr,sex_f,edu_isced11_3,mts_details_sgle,2017,778.391
gbr,sex_f,edu_isced11_3,mts_details_sgle,2018,796.14
gbr,sex_f,edu_isced11_3,mts_details_sgle,2019,768.733
gbr,sex_f,edu_isced11_3,mts_details_sgle,2020,756.938
gbr,sex_f,edu_isced11_3,mts_details_sgle,2021,801.664
gbr,sex_f,edu_isced11_3,mts_details_sgle,2022,1129.587
gbr,sex_f,edu_isced11_3,mts_details_sgle,2023,1329.047
gbr,sex_f,edu_isced11_3,mts_details_sgle,2024,1387.071
gbr,sex_f,edu_isced11_3,mts_details_total,2005,180.708
gbr,sex_f,edu_isced11_3,mts_details_total,2006,975.56
gbr,sex_f,edu_isced11_3,mts_details_total,2007,1015.036
gbr,sex_f,edu_isced11_3,mts_details_total,2008,1219.638
gbr,sex_f,edu_isced11_3,mts_details_total,2009,1323.022
gbr,sex_f,edu_isced11_3,mts_details_total,2010,1387.107
gbr,sex_f,edu_isced11_3,mts_details_total,2011,1436.103
gbr,sex_f,edu_isced11_3,mts_details_total,2012,1513.021
gbr,sex_f,edu_isced11_3,mts_details_total,2013,1546.069
gbr,sex_f,edu_isced11_3,mts_details_total,2014,1609.174
gbr,sex_f,edu_isced11_3,mts_details_total,2015,1619.882
gbr,sex_f,edu_isced11_3,mts_details_total,2016,1618.467
gbr,sex_f,edu_isced11_3,mts_details_total,2017,1600.135
gbr,sex_f,edu_isced11_3,mts_details_total,2018,1604.124
gbr,sex_f,edu_isced11_3,mts_details_total,2019,1556.551
gbr,sex_f,edu_isced11_3,mts_details_total,2020,1513.785
gbr,sex_f,edu_isced11_3,mts_details_total,2021,1575.598
gbr,sex_f,edu_isced11_3,mts_details_total,2022,2471.662
gbr,sex_f,edu_isced11_3,mts_details_total,2023,2698.268
gbr,sex_f,edu_isced11_3,mts_details_total,2024,2794.591
gbr,sex_f,edu_isced11_3,mts_details_union,2008,1.689
gbr,sex_f,edu_isced11_3,mts_details_union,2010,1.108
gbr,sex_f,edu_isced11_3,mts_details_union,2011,2.058
gbr,sex_f,edu_isced11_3,mts_details_union,2013,1.15
gbr,sex_f,edu_isced11_3,mts_details_union,2014,2.281
gbr,sex_f,edu_isced11_3,mts_details_union,2015,1.33
gbr,sex_f,edu_isced11_3,mts_details_union,2016,1.359
gbr,sex_f,edu_isced11_3,mts_details_union,2018,1.923
gbr,sex_f,edu_isced11_3,mts_details_union,2019,1.478
gbr,sex_f,edu_isced11_3,mts_details_union,2020,4.952
gbr,sex_f,edu_isced11_3,mts_details_union,2022,7.633
gbr,sex_f,edu_isced11_3,mts_details_union,2023,10.951
gbr,sex_f,edu_isced11_3,mts_details_union,2024,8.088
gbr,sex_f,edu_isced11_3,mts_details_wid,2005,1.802
gbr,sex_f,edu_isced11_3,mts_details_wid,2006,10.663
gbr,sex_f,edu_isced11_3,mts_details_wid,2007,8.699
gbr,sex_f,edu_isced11_3,mts_details_wid,2008,36.361
gbr,sex_f,edu_isced11_3,mts_details_wid,2009,43.136
gbr,sex_f,edu_isced11_3,mts_details_wid,2010,52.651
gbr,sex_f,edu_isced11_3,mts_details_wid,2011,48.29
gbr,sex_f,edu_isced11_3,mts_details_wid,2012,49.802
gbr,sex_f,edu_isced11_3,mts_details_wid,2013,48.942
gbr,sex_f,edu_isced11_3,mts_details_wid,2014,49.902
gbr,sex_f,edu_isced11_3,mts_details_wid,2015,60.597
gbr,sex_f,edu_isced11_3,mts_details_wid,2016,50.336
gbr,sex_f,edu_isced11_3,mts_details_wid,2017,46.835
gbr,sex_f,edu_isced11_3,mts_details_wid,2018,48.465
gbr,sex_f,edu_isced11_3,mts_details_wid,2019,52.88
gbr,sex_f,edu_isced11_3,mts_details_wid,2020,54.039
gbr,sex_f,edu_isced11_3,mts_details_wid,2021,55.059
gbr,sex_f,edu_isced11_3,mts_details_wid,2022,81.028
gbr,sex_f,edu_isced11_3,mts_details_wid,2023,101.898
gbr,sex_f,edu_isced11_3,mts_details_wid,2024,99.882
gbr,sex_f,edu_isced11_4,mts_aggregate_1,2005,5.994
gbr,sex_f,edu_isced11_4,mts_aggregate_1,2006,40.827
gbr,sex_f,edu_isced11_4,mts_aggregate_1,2007,43.947
gbr,sex_f,edu_isced11_4,mts_aggregate_1,2008,52.934
gbr,sex_f,edu_isced11_4,mts_aggregate_1,2009,58.389
gbr,sex_f,edu_isced11_4,mts_aggregate_1,2010,66.94
gbr,sex_f,edu_isced11_4,mts_aggregate_1,2011,70.018
gbr,sex_f,edu_isced11_4,mts_aggregate_1,2012,75.196
gbr,sex_f,edu_isced11_4,mts_aggregate_1,2013,84.413
gbr,sex_f,edu_isced11_4,mts_aggregate_1,2014,87.502
gbr,sex_f,edu_isced11_4,mts_aggregate_1,2015,91.26
gbr,sex_f,edu_isced11_4,mts_aggregate_1,2016,102.705
gbr,sex_f,edu_isced11_4,mts_aggregate_1,2017,86.268
gbr,sex_f,edu_isced11_4,mts_aggregate_1,2018,93.306
gbr,sex_f,edu_isced11_4,mts_aggregate_1,2019,81.062
gbr,sex_f,edu_isced11_4,mts_aggregate_1,2020,96.739
gbr,sex_f,edu_isced11_4,mts_aggregate_1,2021,88.474
gbr,sex_f,edu_isced11_4,mts_aggregate_2,2005,7.142
gbr,sex_f,edu_isced11_4,mts_aggregate_2,2006,40.859
gbr,sex_f,edu_isced11_4,mts_aggregate_2,2007,43.785
gbr,sex_f,edu_isced11_4,mts_aggregate_2,2008,66.365
gbr,sex_f,edu_isced11_4,mts_aggregate_2,2009,73.654
gbr,sex_f,edu_isced11_4,mts_aggregate_2,2010,75.596
gbr,sex_f,edu_isced11_4,mts_aggregate_2,2011,91.644
gbr,sex_f,edu_isced11_4,mts_aggregate_2,2012,101.067
gbr,sex_f,edu_isced11_4,mts_aggregate_2,2013,101.274
gbr,sex_f,edu_isced11_4,mts_aggregate_2,2014,111.022
gbr,sex_f,edu_isced11_4,mts_aggregate_2,2015,123.085
gbr,sex_f,edu_isced11_4,mts_aggregate_2,2016,124.118
gbr,sex_f,edu_isced11_4,mts_aggregate_2,2017,114.989
gbr,sex_f,edu_isced11_4,mts_aggregate_2,2018,102.86
gbr,sex_f,edu_isced11_4,mts_aggregate_2,2019,107.936
gbr,sex_f,edu_isced11_4,mts_aggregate_2,2020,99.204
gbr,sex_f,edu_isced11_4,mts_aggregate_2,2021,88.886
gbr,sex_f,edu_isced11_4,mts_aggregate_total,2005,13.136
gbr,sex_f,edu_isced11_4,mts_aggregate_total,2006,81.686
gbr,sex_f,edu_isced11_4,mts_aggregate_total,2007,87.732
gbr,sex_f,edu_isced11_4,mts_aggregate_total,2008,119.298
gbr,sex_f,edu_isced11_4,mts_aggregate_total,2009,132.043
gbr,sex_f,edu_isced11_4,mts_aggregate_total,2010,142.536
gbr,sex_f,edu_isced11_4,mts_aggregate_total,2011,161.661
gbr,sex_f,edu_isced11_4,mts_aggregate_total,2012,176.262
gbr,sex_f,edu_isced11_4,mts_aggregate_total,2013,185.687
gbr,sex_f,edu_isced11_4,mts_aggregate_total,2014,198.524
gbr,sex_f,edu_isced11_4,mts_aggregate_total,2015,214.345
gbr,sex_f,edu_isced11_4,mts_aggregate_total,2016,226.823
gbr,sex_f,edu_isced11_4,mts_aggregate_total,2017,201.257
gbr,sex_f,edu_isced11_4,mts_aggregate_total,2018,196.166
gbr,sex_f,edu_isced11_4,mts_aggregate_total,2019,188.998
gbr,sex_f,edu_isced11_4,mts_aggregate_total,2020,195.944
gbr,sex_f,edu_isced11_4,mts_aggregate_total,2021,177.36
gbr,sex_f,edu_isced11_4,mts_details_mrd,2005,7.142
gbr,sex_f,edu_isced11_4,mts_details_mrd,2006,40.859
gbr,sex_f,edu_isced11_4,mts_details_mrd,2007,43.366
gbr,sex_f,edu_isced11_4,mts_details_mrd,2008,66.24
gbr,sex_f,edu_isced11_4,mts_details_mrd,2009,73.654
gbr,sex_f,edu_isced11_4,mts_details_mrd,2010,75.596
gbr,sex_f,edu_isced11_4,mts_details_mrd,2011,91.373
gbr,sex_f,edu_isced11_4,mts_details_mrd,2012,99.836
gbr,sex_f,edu_isced11_4,mts_details_mrd,2013,100.306
gbr,sex_f,edu_isced11_4,mts_details_mrd,2014,110.537
gbr,sex_f,edu_isced11_4,mts_details_mrd,2015,123.085
gbr,sex_f,edu_isced11_4,mts_details_mrd,2016,123.591
gbr,sex_f,edu_isced11_4,mts_details_mrd,2017,114.371
gbr,sex_f,edu_isced11_4,mts_details_mrd,2018,101.82
gbr,sex_f,edu_isced11_4,mts_details_mrd,2019,107.936
gbr,sex_f,edu_isced11_4,mts_details_mrd,2020,99.074
gbr,sex_f,edu_isced11_4,mts_details_mrd,2021,88.639
gbr,sex_f,edu_isced11_4,mts_details_sep,2005,1.799
gbr,sex_f,edu_isced11_4,mts_details_sep,2006,9.339
gbr,sex_f,edu_isced11_4,mts_details_sep,2007,9.784
gbr,sex_f,edu_isced11_4,mts_details_sep,2008,11.359
gbr,sex_f,edu_isced11_4,mts_details_sep,2009,16.075
gbr,sex_f,edu_isced11_4,mts_details_sep,2010,16.906
gbr,sex_f,edu_isced11_4,mts_details_sep,2011,18.608
gbr,sex_f,edu_isced11_4,mts_details_sep,2012,21.51
gbr,sex_f,edu_isced11_4,mts_details_sep,2013,23.496
gbr,sex_f,edu_isced11_4,mts_details_sep,2014,29.834
gbr,sex_f,edu_isced11_4,mts_details_sep,2015,27.646
gbr,sex_f,edu_isced11_4,mts_details_sep,2016,28.497
gbr,sex_f,edu_isced11_4,mts_details_sep,2017,25.119
gbr,sex_f,edu_isced11_4,mts_details_sep,2018,23.881
gbr,sex_f,edu_isced11_4,mts_details_sep,2019,24.712
gbr,sex_f,edu_isced11_4,mts_details_sep,2020,31.975
gbr,sex_f,edu_isced11_4,mts_details_sep,2021,26.292
gbr,sex_f,edu_isced11_4,mts_details_sgle,2005,4.195
gbr,sex_f,edu_isced11_4,mts_details_sgle,2006,29.724
gbr,sex_f,edu_isced11_4,mts_details_sgle,2007,31.529
gbr,sex_f,edu_isced11_4,mts_details_sgle,2008,37.54
gbr,sex_f,edu_isced11_4,mts_details_sgle,2009,37.403
gbr,sex_f,edu_isced11_4,mts_details_sgle,2010,41.601
gbr,sex_f,edu_isced11_4,mts_details_sgle,2011,46.278
gbr,sex_f,edu_isced11_4,mts_details_sgle,2012,46.624
gbr,sex_f,edu_isced11_4,mts_details_sgle,2013,53.527
gbr,sex_f,edu_isced11_4,mts_details_sgle,2014,51.956
gbr,sex_f,edu_isced11_4,mts_details_sgle,2015,54.204
gbr,sex_f,edu_isced11_4,mts_details_sgle,2016,63.116
gbr,sex_f,edu_isced11_4,mts_details_sgle,2017,55.771
gbr,sex_f,edu_isced11_4,mts_details_sgle,2018,62.278
gbr,sex_f,edu_isced11_4,mts_details_sgle,2019,46.696
gbr,sex_f,edu_isced11_4,mts_details_sgle,2020,55.458
gbr,sex_f,edu_isced11_4,mts_details_sgle,2021,53.778
gbr,sex_f,edu_isced11_4,mts_details_total,2005,13.136
gbr,sex_f,edu_isced11_4,mts_details_total,2006,81.686
gbr,sex_f,edu_isced11_4,mts_details_total,2007,87.732
gbr,sex_f,edu_isced11_4,mts_details_total,2008,119.298
gbr,sex_f,edu_isced11_4,mts_details_total,2009,132.043
gbr,sex_f,edu_isced11_4,mts_details_total,2010,142.536
gbr,sex_f,edu_isced11_4,mts_details_total,2011,161.661
gbr,sex_f,edu_isced11_4,mts_details_total,2012,176.262
gbr,sex_f,edu_isced11_4,mts_details_total,2013,185.687
gbr,sex_f,edu_isced11_4,mts_details_total,2014,198.524
gbr,sex_f,edu_isced11_4,mts_details_total,2015,214.345
gbr,sex_f,edu_isced11_4,mts_details_total,2016,226.823
gbr,sex_f,edu_isced11_4,mts_details_total,2017,201.257
gbr,sex_f,edu_isced11_4,mts_details_total,2018,196.166
gbr,sex_f,edu_isced11_4,mts_details_total,2019,188.998
gbr,sex_f,edu_isced11_4,mts_details_total,2020,195.944
gbr,sex_f,edu_isced11_4,mts_details_total,2021,177.36
gbr,sex_f,edu_isced11_4,mts_details_union,2012,1.23
gbr,sex_f,edu_isced11_4,mts_details_union,2013,0.968
gbr,sex_f,edu_isced11_4,mts_details_union,2018,1.04
gbr,sex_f,edu_isced11_4,mts_details_wid,2006,1.763
gbr,sex_f,edu_isced11_4,mts_details_wid,2007,2.633
gbr,sex_f,edu_isced11_4,mts_details_wid,2008,4.035
gbr,sex_f,edu_isced11_4,mts_details_wid,2009,4.911
gbr,sex_f,edu_isced11_4,mts_details_wid,2010,8.434
gbr,sex_f,edu_isced11_4,mts_details_wid,2011,5.132
gbr,sex_f,edu_isced11_4,mts_details_wid,2012,7.062
gbr,sex_f,edu_isced11_4,mts_details_wid,2013,7.391
gbr,sex_f,edu_isced11_4,mts_details_wid,2014,5.712
gbr,sex_f,edu_isced11_4,mts_details_wid,2015,9.409
gbr,sex_f,edu_isced11_4,mts_details_wid,2016,11.092
gbr,sex_f,edu_isced11_4,mts_details_wid,2017,5.378
gbr,sex_f,edu_isced11_4,mts_details_wid,2018,7.146
gbr,sex_f,edu_isced11_4,mts_details_wid,2019,9.655
gbr,sex_f,edu_isced11_4,mts_details_wid,2020,9.307
gbr,sex_f,edu_isced11_4,mts_details_wid,2021,8.404
gbr,sex_f,edu_isced11_5,mts_aggregate_1,2005,7.921
gbr,sex_f,edu_isced11_5,mts_aggregate_1,2006,52.881
gbr,sex_f,edu_isced11_5,mts_aggregate_1,2007,59.473
gbr,sex_f,edu_isced11_5,mts_aggregate_1,2008,124.659
gbr,sex_f,edu_isced11_5,mts_aggregate_1,2009,129.112
gbr,sex_f,edu_isced11_5,mts_aggregate_1,2010,138.963
gbr,sex_f,edu_isced11_5,mts_aggregate_1,2011,114.844
gbr,sex_f,edu_isced11_5,mts_aggregate_1,2012,145.742
gbr,sex_f,edu_isced11_5,mts_aggregate_1,2013,134.196
gbr,sex_f,edu_isced11_5,mts_aggregate_1,2014,138.08
gbr,sex_f,edu_isced11_5,mts_aggregate_1,2015,144.143
gbr,sex_f,edu_isced11_5,mts_aggregate_1,2016,134.211
gbr,sex_f,edu_isced11_5,mts_aggregate_1,2017,141.75
gbr,sex_f,edu_isced11_5,mts_aggregate_1,2018,136.317
gbr,sex_f,edu_isced11_5,mts_aggregate_1,2019,123.783
gbr,sex_f,edu_isced11_5,mts_aggregate_1,2020,129.687
gbr,sex_f,edu_isced11_5,mts_aggregate_1,2021,121.57
gbr,sex_f,edu_isced11_5,mts_aggregate_1,2022,296.691
gbr,sex_f,edu_isced11_5,mts_aggregate_1,2023,351.066
gbr,sex_f,edu_isced11_5,mts_aggregate_1,2024,310.324
gbr,sex_f,edu_isced11_5,mts_aggregate_2,2005,18.118
gbr,sex_f,edu_isced11_5,mts_aggregate_2,2006,105.103
gbr,sex_f,edu_isced11_5,mts_aggregate_2,2007,105.292
gbr,sex_f,edu_isced11_5,mts_aggregate_2,2008,243.335
gbr,sex_f,edu_isced11_5,mts_aggregate_2,2009,261.783
gbr,sex_f,edu_isced11_5,mts_aggregate_2,2010,253.942
gbr,sex_f,edu_isced11_5,mts_aggregate_2,2011,216.375
gbr,sex_f,edu_isced11_5,mts_aggregate_2,2012,288.981
gbr,sex_f,edu_isced11_5,mts_aggregate_2,2013,260.799
gbr,sex_f,edu_isced11_5,mts_aggregate_2,2014,269.31
gbr,sex_f,edu_isced11_5,mts_aggregate_2,2015,273.378
gbr,sex_f,edu_isced11_5,mts_aggregate_2,2016,261.668
gbr,sex_f,edu_isced11_5,mts_aggregate_2,2017,267.832
gbr,sex_f,edu_isced11_5,mts_aggregate_2,2018,248.778
gbr,sex_f,edu_isced11_5,mts_aggregate_2,2019,232.944
gbr,sex_f,edu_isced11_5,mts_aggregate_2,2020,228.987
gbr,sex_f,edu_isced11_5,mts_aggregate_2,2021,216.11
gbr,sex_f,edu_isced11_5,mts_aggregate_2,2022,455.178
gbr,sex_f,edu_isced11_5,mts_aggregate_2,2023,469.86
gbr,sex_f,edu_isced11_5,mts_aggregate_2,2024,475.077
gbr,sex_f,edu_isced11_5,mts_aggregate_total,2005,26.039
gbr,sex_f,edu_isced11_5,mts_aggregate_total,2006,157.984
gbr,sex_f,edu_isced11_5,mts_aggregate_total,2007,164.764
gbr,sex_f,edu_isced11_5,mts_aggregate_total,2008,367.994
gbr,sex_f,edu_isced11_5,mts_aggregate_total,2009,390.895
gbr,sex_f,edu_isced11_5,mts_aggregate_total,2010,392.905
gbr,sex_f,edu_isced11_5,mts_aggregate_total,2011,331.218
gbr,sex_f,edu_isced11_5,mts_aggregate_total,2012,434.723
gbr,sex_f,edu_isced11_5,mts_aggregate_total,2013,394.994
gbr,sex_f,edu_isced11_5,mts_aggregate_total,2014,407.389
gbr,sex_f,edu_isced11_5,mts_aggregate_total,2015,417.521
gbr,sex_f,edu_isced11_5,mts_aggregate_total,2016,395.88
gbr,sex_f,edu_isced11_5,mts_aggregate_total,2017,409.581
gbr,sex_f,edu_isced11_5,mts_aggregate_total,2018,385.095
gbr,sex_f,edu_isced11_5,mts_aggregate_total,2019,356.727
gbr,sex_f,edu_isced11_5,mts_aggregate_total,2020,358.674
gbr,sex_f,edu_isced11_5,mts_aggregate_total,2021,337.68
gbr,sex_f,edu_isced11_5,mts_aggregate_total,2022,751.869
gbr,sex_f,edu_isced11_5,mts_aggregate_total,2023,820.926
gbr,sex_f,edu_isced11_5,mts_aggregate_total,2024,785.4
gbr,sex_f,edu_isced11_5,mts_details_mrd,2005,18.118
gbr,sex_f,edu_isced11_5,mts_details_mrd,2006,104.99
gbr,sex_f,edu_isced11_5,mts_details_mrd,2007,104.743
gbr,sex_f,edu_isced11_5,mts_details_mrd,2008,241.607
gbr,sex_f,edu_isced11_5,mts_details_mrd,2009,260.76
gbr,sex_f,edu_isced11_5,mts_details_mrd,2010,253.827
gbr,sex_f,edu_isced11_5,mts_details_mrd,2011,215.511
gbr,sex_f,edu_isced11_5,mts_details_mrd,2012,287.173
gbr,sex_f,edu_isced11_5,mts_details_mrd,2013,259.682
gbr,sex_f,edu_isced11_5,mts_details_mrd,2014,269.31
gbr,sex_f,edu_isced11_5,mts_details_mrd,2015,273.054
gbr,sex_f,edu_isced11_5,mts_details_mrd,2016,261.018
gbr,sex_f,edu_isced11_5,mts_details_mrd,2017,266.402
gbr,sex_f,edu_isced11_5,mts_details_mrd,2018,246.17
gbr,sex_f,edu_isced11_5,mts_details_mrd,2019,232.428
gbr,sex_f,edu_isced11_5,mts_details_mrd,2020,227.465
gbr,sex_f,edu_isced11_5,mts_details_mrd,2021,216.11
gbr,sex_f,edu_isced11_5,mts_details_mrd,2022,453.979
gbr,sex_f,edu_isced11_5,mts_details_mrd,2023,464.269
gbr,sex_f,edu_isced11_5,mts_details_mrd,2024,469.125
gbr,sex_f,edu_isced11_5,mts_details_sep,2005,3.655
gbr,sex_f,edu_isced11_5,mts_details_sep,2006,18.799
gbr,sex_f,edu_isced11_5,mts_details_sep,2007,23.058
gbr,sex_f,edu_isced11_5,mts_details_sep,2008,48.58
gbr,sex_f,edu_isced11_5,mts_details_sep,2009,51.118
gbr,sex_f,edu_isced11_5,mts_details_sep,2010,47.871
gbr,sex_f,edu_isced11_5,mts_details_sep,2011,42.363
gbr,sex_f,edu_isced11_5,mts_details_sep,2012,66.126
gbr,sex_f,edu_isced11_5,mts_details_sep,2013,54.59
gbr,sex_f,edu_isced11_5,mts_details_sep,2014,56.651
gbr,sex_f,edu_isced11_5,mts_details_sep,2015,53.238
gbr,sex_f,edu_isced11_5,mts_details_sep,2016,56.844
gbr,sex_f,edu_isced11_5,mts_details_sep,2017,60.819
gbr,sex_f,edu_isced11_5,mts_details_sep,2018,56.773
gbr,sex_f,edu_isced11_5,mts_details_sep,2019,46.353
gbr,sex_f,edu_isced11_5,mts_details_sep,2020,48.582
gbr,sex_f,edu_isced11_5,mts_details_sep,2021,45.243
gbr,sex_f,edu_isced11_5,mts_details_sep,2022,107.773
gbr,sex_f,edu_isced11_5,mts_details_sep,2023,113.555
gbr,sex_f,edu_isced11_5,mts_details_sep,2024,103.176
gbr,sex_f,edu_isced11_5,mts_details_sgle,2005,3.897
gbr,sex_f,edu_isced11_5,mts_details_sgle,2006,29.189
gbr,sex_f,edu_isced11_5,mts_details_sgle,2007,31.395
gbr,sex_f,edu_isced11_5,mts_details_sgle,2008,43.974
gbr,sex_f,edu_isced11_5,mts_details_sgle,2009,47.797
gbr,sex_f,edu_isced11_5,mts_details_sgle,2010,59.011
gbr,sex_f,edu_isced11_5,mts_details_sgle,2011,51.199
gbr,sex_f,edu_isced11_5,mts_details_sgle,2012,53.965
gbr,sex_f,edu_isced11_5,mts_details_sgle,2013,49.602
gbr,sex_f,edu_isced11_5,mts_details_sgle,2014,52.751
gbr,sex_f,edu_isced11_5,mts_details_sgle,2015,63.818
gbr,sex_f,edu_isced11_5,mts_details_sgle,2016,52.084
gbr,sex_f,edu_isced11_5,mts_details_sgle,2017,54.385
gbr,sex_f,edu_isced11_5,mts_details_sgle,2018,52.372
gbr,sex_f,edu_isced11_5,mts_details_sgle,2019,56.369
gbr,sex_f,edu_isced11_5,mts_details_sgle,2020,58.635
gbr,sex_f,edu_isced11_5,mts_details_sgle,2021,50.793
gbr,sex_f,edu_isced11_5,mts_details_sgle,2022,154.771
gbr,sex_f,edu_isced11_5,mts_details_sgle,2023,202.254
gbr,sex_f,edu_isced11_5,mts_details_sgle,2024,176.835
gbr,sex_f,edu_isced11_5,mts_details_total,2005,26.039
gbr,sex_f,edu_isced11_5,mts_details_total,2006,157.984
gbr,sex_f,edu_isced11_5,mts_details_total,2007,164.764
gbr,sex_f,edu_isced11_5,mts_details_total,2008,367.994
gbr,sex_f,edu_isced11_5,mts_details_total,2009,390.895
gbr,sex_f,edu_isced11_5,mts_details_total,2010,392.905
gbr,sex_f,edu_isced11_5,mts_details_total,2011,331.218
gbr,sex_f,edu_isced11_5,mts_details_total,2012,434.723
gbr,sex_f,edu_isced11_5,mts_details_total,2013,394.994
gbr,sex_f,edu_isced11_5,mts_details_total,2014,407.389
gbr,sex_f,edu_isced11_5,mts_details_total,2015,417.521
gbr,sex_f,edu_isced11_5,mts_details_total,2016,395.88
gbr,sex_f,edu_isced11_5,mts_details_total,2017,409.581
gbr,sex_f,edu_isced11_5,mts_details_total,2018,385.095
gbr,sex_f,edu_isced11_5,mts_details_total,2019,356.727
gbr,sex_f,edu_isced11_5,mts_details_total,2020,358.674
gbr,sex_f,edu_isced11_5,mts_details_total,2021,337.68
gbr,sex_f,edu_isced11_5,mts_details_total,2022,751.869
gbr,sex_f,edu_isced11_5,mts_details_total,2023,820.926
gbr,sex_f,edu_isced11_5,mts_details_total,2024,785.4
gbr,sex_f,edu_isced11_5,mts_details_union,2007,0.548
gbr,sex_f,edu_isced11_5,mts_details_union,2008,1.728
gbr,sex_f,edu_isced11_5,mts_details_union,2009,1.022
gbr,sex_f,edu_isced11_5,mts_details_union,2011,0.864
gbr,sex_f,edu_isced11_5,mts_details_union,2012,1.808
gbr,sex_f,edu_isced11_5,mts_details_union,2013,1.116
gbr,sex_f,edu_isced11_5,mts_details_union,2017,1.43
gbr,sex_f,edu_isced11_5,mts_details_union,2018,2.608
gbr,sex_f,edu_isced11_5,mts_details_union,2020,1.522
gbr,sex_f,edu_isced11_5,mts_details_union,2022,1.199
gbr,sex_f,edu_isced11_5,mts_details_union,2023,5.59
gbr,sex_f,edu_isced11_5,mts_details_union,2024,5.952
gbr,sex_f,edu_isced11_5,mts_details_wid,2006,4.893
gbr,sex_f,edu_isced11_5,mts_details_wid,2007,5.019
gbr,sex_f,edu_isced11_5,mts_details_wid,2008,32.105
gbr,sex_f,edu_isced11_5,mts_details_wid,2009,30.198
gbr,sex_f,edu_isced11_5,mts_details_wid,2010,32.08
gbr,sex_f,edu_isced11_5,mts_details_wid,2011,21.282
gbr,sex_f,edu_isced11_5,mts_details_wid,2012,25.65
gbr,sex_f,edu_isced11_5,mts_details_wid,2013,30.003
gbr,sex_f,edu_isced11_5,mts_details_wid,2014,28.678
gbr,sex_f,edu_isced11_5,mts_details_wid,2015,27.087
gbr,sex_f,edu_isced11_5,mts_details_wid,2016,25.283
gbr,sex_f,edu_isced11_5,mts_details_wid,2017,26.546
gbr,sex_f,edu_isced11_5,mts_details_wid,2018,27.172
gbr,sex_f,edu_isced11_5,mts_details_wid,2019,21.061
gbr,sex_f,edu_isced11_5,mts_details_wid,2020,22.47
gbr,sex_f,edu_isced11_5,mts_details_wid,2021,25.534
gbr,sex_f,edu_isced11_5,mts_details_wid,2022,34.148
gbr,sex_f,edu_isced11_5,mts_details_wid,2023,35.257
gbr,sex_f,edu_isced11_5,mts_details_wid,2024,30.313
gbr,sex_f,edu_isced11_6,mts_aggregate_1,2005,22.972
gbr,sex_f,edu_isced11_6,mts_aggregate_1,2006,132.272
gbr,sex_f,edu_isced11_6,mts_aggregate_1,2007,138.484
gbr,sex_f,edu_isced11_6,mts_aggregate_1,2008,178.844
gbr,sex_f,edu_isced11_6,mts_aggregate_1,2009,194.125
gbr,sex_f,edu_isced11_6,mts_aggregate_1,2010,214.91
gbr,sex_f,edu_isced11_6,mts_aggregate_1,2011,234.079
gbr,sex_f,edu_isced11_6,mts_aggregate_1,2012,270.946
gbr,sex_f,edu_isced11_6,mts_aggregate_1,2013,283.383
gbr,sex_f,edu_isced11_6,mts_aggregate_1,2014,284.407
gbr,sex_f,edu_isced11_6,mts_aggregate_1,2015,293.979
gbr,sex_f,edu_isced11_6,mts_aggregate_1,2016,325.64
gbr,sex_f,edu_isced11_6,mts_aggregate_1,2017,323.593
gbr,sex_f,edu_isced11_6,mts_aggregate_1,2018,346.076
gbr,sex_f,edu_isced11_6,mts_aggregate_1,2019,326.424
gbr,sex_f,edu_isced11_6,mts_aggregate_1,2020,354.136
gbr,sex_f,edu_isced11_6,mts_aggregate_1,2021,356.401
gbr,sex_f,edu_isced11_6,mts_aggregate_1,2022,247.352
gbr,sex_f,edu_isced11_6,mts_aggregate_1,2023,284.18
gbr,sex_f,edu_isced11_6,mts_aggregate_1,2024,288.952
gbr,sex_f,edu_isced11_6,mts_aggregate_2,2005,32.748
gbr,sex_f,edu_isced11_6,mts_aggregate_2,2006,200.724
gbr,sex_f,edu_isced11_6,mts_aggregate_2,2007,213.67
gbr,sex_f,edu_isced11_6,mts_aggregate_2,2008,320.988
gbr,sex_f,edu_isced11_6,mts_aggregate_2,2009,332.793
gbr,sex_f,edu_isced11_6,mts_aggregate_2,2010,365.301
gbr,sex_f,edu_isced11_6,mts_aggregate_2,2011,466.618
gbr,sex_f,edu_isced11_6,mts_aggregate_2,2012,512.038
gbr,sex_f,edu_isced11_6,mts_aggregate_2,2013,532.633
gbr,sex_f,edu_isced11_6,mts_aggregate_2,2014,551.566
gbr,sex_f,edu_isced11_6,mts_aggregate_2,2015,518.056
gbr,sex_f,edu_isced11_6,mts_aggregate_2,2016,532.781
gbr,sex_f,edu_isced11_6,mts_aggregate_2,2017,566.605
gbr,sex_f,edu_isced11_6,mts_aggregate_2,2018,563.393
gbr,sex_f,edu_isced11_6,mts_aggregate_2,2019,587.969
gbr,sex_f,edu_isced11_6,mts_aggregate_2,2020,605.836
gbr,sex_f,edu_isced11_6,mts_aggregate_2,2021,578.909
gbr,sex_f,edu_isced11_6,mts_aggregate_2,2022,339.344
gbr,sex_f,edu_isced11_6,mts_aggregate_2,2023,318.909
gbr,sex_f,edu_isced11_6,mts_aggregate_2,2024,361.09
gbr,sex_f,edu_isced11_6,mts_aggregate_total,2005,55.72
gbr,sex_f,edu_isced11_6,mts_aggregate_total,2006,332.995
gbr,sex_f,edu_isced11_6,mts_aggregate_total,2007,352.154
gbr,sex_f,edu_isced11_6,mts_aggregate_total,2008,499.832
gbr,sex_f,edu_isced11_6,mts_aggregate_total,2009,526.919
gbr,sex_f,edu_isced11_6,mts_aggregate_total,2010,580.212
gbr,sex_f,edu_isced11_6,mts_aggregate_total,2011,700.697
gbr,sex_f,edu_isced11_6,mts_aggregate_total,2012,782.984
gbr,sex_f,edu_isced11_6,mts_aggregate_total,2013,816.016
gbr,sex_f,edu_isced11_6,mts_aggregate_total,2014,835.973
gbr,sex_f,edu_isced11_6,mts_aggregate_total,2015,812.035
gbr,sex_f,edu_isced11_6,mts_aggregate_total,2016,858.422
gbr,sex_f,edu_isced11_6,mts_aggregate_total,2017,890.198
gbr,sex_f,edu_isced11_6,mts_aggregate_total,2018,909.469
gbr,sex_f,edu_isced11_6,mts_aggregate_total,2019,914.394
gbr,sex_f,edu_isced11_6,mts_aggregate_total,2020,959.972
gbr,sex_f,edu_isced11_6,mts_aggregate_total,2021,935.31
gbr,sex_f,edu_isced11_6,mts_aggregate_total,2022,586.696
gbr,sex_f,edu_isced11_6,mts_aggregate_total,2023,603.089
gbr,sex_f,edu_isced11_6,mts_aggregate_total,2024,650.368
gbr,sex_f,edu_isced11_6,mts_details_mrd,2005,32.748
gbr,sex_f,edu_isced11_6,mts_details_mrd,2006,200.724
gbr,sex_f,edu_isced11_6,mts_details_mrd,2007,213.306
gbr,sex_f,edu_isced11_6,mts_details_mrd,2008,320.794
gbr,sex_f,edu_isced11_6,mts_details_mrd,2009,330.957
gbr,sex_f,edu_isced11_6,mts_details_mrd,2010,363.574
gbr,sex_f,edu_isced11_6,mts_details_mrd,2011,464.454
gbr,sex_f,edu_isced11_6,mts_details_mrd,2012,510.402
gbr,sex_f,edu_isced11_6,mts_details_mrd,2013,530.702
gbr,sex_f,edu_isced11_6,mts_details_mrd,2014,550.428
gbr,sex_f,edu_isced11_6,mts_details_mrd,2015,516.043
gbr,sex_f,edu_isced11_6,mts_details_mrd,2016,531.884
gbr,sex_f,edu_isced11_6,mts_details_mrd,2017,563.457
gbr,sex_f,edu_isced11_6,mts_details_mrd,2018,559.66
gbr,sex_f,edu_isced11_6,mts_details_mrd,2019,586.412
gbr,sex_f,edu_isced11_6,mts_details_mrd,2020,601.405
gbr,sex_f,edu_isced11_6,mts_details_mrd,2021,574.418
gbr,sex_f,edu_isced11_6,mts_details_mrd,2022,335.007
gbr,sex_f,edu_isced11_6,mts_details_mrd,2023,315.976
gbr,sex_f,edu_isced11_6,mts_details_mrd,2024,355.5
gbr,sex_f,edu_isced11_6,mts_details_sep,2005,3.914
gbr,sex_f,edu_isced11_6,mts_details_sep,2006,24.368
gbr,sex_f,edu_isced11_6,mts_details_sep,2007,31.776
gbr,sex_f,edu_isced11_6,mts_details_sep,2008,44.709
gbr,sex_f,edu_isced11_6,mts_details_sep,2009,51.911
gbr,sex_f,edu_isced11_6,mts_details_sep,2010,55.679
gbr,sex_f,edu_isced11_6,mts_details_sep,2011,66.552
gbr,sex_f,edu_isced11_6,mts_details_sep,2012,74.754
gbr,sex_f,edu_isced11_6,mts_details_sep,2013,64.261
gbr,sex_f,edu_isced11_6,mts_details_sep,2014,84.919
gbr,sex_f,edu_isced11_6,mts_details_sep,2015,85.172
gbr,sex_f,edu_isced11_6,mts_details_sep,2016,83.726
gbr,sex_f,edu_isced11_6,mts_details_sep,2017,81.764
gbr,sex_f,edu_isced11_6,mts_details_sep,2018,87.256
gbr,sex_f,edu_isced11_6,mts_details_sep,2019,95.926
gbr,sex_f,edu_isced11_6,mts_details_sep,2020,95.757
gbr,sex_f,edu_isced11_6,mts_details_sep,2021,93.867
gbr,sex_f,edu_isced11_6,mts_details_sep,2022,68.298
gbr,sex_f,edu_isced11_6,mts_details_sep,2023,66.39
gbr,sex_f,edu_isced11_6,mts_details_sep,2024,63.636
gbr,sex_f,edu_isced11_6,mts_details_sgle,2005,17.62
gbr,sex_f,edu_isced11_6,mts_details_sgle,2006,103.247
gbr,sex_f,edu_isced11_6,mts_details_sgle,2007,103.4
gbr,sex_f,edu_isced11_6,mts_details_sgle,2008,117.59
gbr,sex_f,edu_isced11_6,mts_details_sgle,2009,124.605
gbr,sex_f,edu_isced11_6,mts_details_sgle,2010,142.543
gbr,sex_f,edu_isced11_6,mts_details_sgle,2011,152.839
gbr,sex_f,edu_isced11_6,mts_details_sgle,2012,170.873
gbr,sex_f,edu_isced11_6,mts_details_sgle,2013,188.348
gbr,sex_f,edu_isced11_6,mts_details_sgle,2014,170.384
gbr,sex_f,edu_isced11_6,mts_details_sgle,2015,178.663
gbr,sex_f,edu_isced11_6,mts_details_sgle,2016,204.55
gbr,sex_f,edu_isced11_6,mts_details_sgle,2017,203.311
gbr,sex_f,edu_isced11_6,mts_details_sgle,2018,224.487
gbr,sex_f,edu_isced11_6,mts_details_sgle,2019,199.394
gbr,sex_f,edu_isced11_6,mts_details_sgle,2020,227.771
gbr,sex_f,edu_isced11_6,mts_details_sgle,2021,222.789
gbr,sex_f,edu_isced11_6,mts_details_sgle,2022,156.226
gbr,sex_f,edu_isced11_6,mts_details_sgle,2023,197.056
gbr,sex_f,edu_isced11_6,mts_details_sgle,2024,203.354
gbr,sex_f,edu_isced11_6,mts_details_total,2005,55.72
gbr,sex_f,edu_isced11_6,mts_details_total,2006,332.995
gbr,sex_f,edu_isced11_6,mts_details_total,2007,352.154
gbr,sex_f,edu_isced11_6,mts_details_total,2008,499.832
gbr,sex_f,edu_isced11_6,mts_details_total,2009,526.919
gbr,sex_f,edu_isced11_6,mts_details_total,2010,580.212
gbr,sex_f,edu_isced11_6,mts_details_total,2011,700.697
gbr,sex_f,edu_isced11_6,mts_details_total,2012,782.984
gbr,sex_f,edu_isced11_6,mts_details_total,2013,816.016
gbr,sex_f,edu_isced11_6,mts_details_total,2014,835.973
gbr,sex_f,edu_isced11_6,mts_details_total,2015,812.035
gbr,sex_f,edu_isced11_6,mts_details_total,2016,858.422
gbr,sex_f,edu_isced11_6,mts_details_total,2017,890.198
gbr,sex_f,edu_isced11_6,mts_details_total,2018,909.469
gbr,sex_f,edu_isced11_6,mts_details_total,2019,914.394
gbr,sex_f,edu_isced11_6,mts_details_total,2020,959.972
gbr,sex_f,edu_isced11_6,mts_details_total,2021,935.31
gbr,sex_f,edu_isced11_6,mts_details_total,2022,586.696
gbr,sex_f,edu_isced11_6,mts_details_total,2023,603.089
gbr,sex_f,edu_isced11_6,mts_details_total,2024,650.368
gbr,sex_f,edu_isced11_6,mts_details_union,2009,1.836
gbr,sex_f,edu_isced11_6,mts_details_union,2010,1.727
gbr,sex_f,edu_isced11_6,mts_details_union,2011,2.164
gbr,sex_f,edu_isced11_6,mts_details_union,2012,1.637
gbr,sex_f,edu_isced11_6,mts_details_union,2013,1.931
gbr,sex_f,edu_isced11_6,mts_details_union,2014,1.139
gbr,sex_f,edu_isced11_6,mts_details_union,2015,2.013
gbr,sex_f,edu_isced11_6,mts_details_union,2016,0.897
gbr,sex_f,edu_isced11_6,mts_details_union,2017,3.148
gbr,sex_f,edu_isced11_6,mts_details_union,2018,3.732
gbr,sex_f,edu_isced11_6,mts_details_union,2019,1.557
gbr,sex_f,edu_isced11_6,mts_details_union,2020,4.431
gbr,sex_f,edu_isced11_6,mts_details_union,2021,4.491
gbr,sex_f,edu_isced11_6,mts_details_union,2022,4.338
gbr,sex_f,edu_isced11_6,mts_details_union,2023,2.933
gbr,sex_f,edu_isced11_6,mts_details_union,2024,5.59
gbr,sex_f,edu_isced11_6,mts_details_wid,2005,1.438
gbr,sex_f,edu_isced11_6,mts_details_wid,2006,4.657
gbr,sex_f,edu_isced11_6,mts_details_wid,2007,3.308
gbr,sex_f,edu_isced11_6,mts_details_wid,2008,16.546
gbr,sex_f,edu_isced11_6,mts_details_wid,2009,17.61
gbr,sex_f,edu_isced11_6,mts_details_wid,2010,16.688
gbr,sex_f,edu_isced11_6,mts_details_wid,2011,14.689
gbr,sex_f,edu_isced11_6,mts_details_wid,2012,25.318
gbr,sex_f,edu_isced11_6,mts_details_wid,2013,30.774
gbr,sex_f,edu_isced11_6,mts_details_wid,2014,29.105
gbr,sex_f,edu_isced11_6,mts_details_wid,2015,30.144
gbr,sex_f,edu_isced11_6,mts_details_wid,2016,37.365
gbr,sex_f,edu_isced11_6,mts_details_wid,2017,38.519
gbr,sex_f,edu_isced11_6,mts_details_wid,2018,34.334
gbr,sex_f,edu_isced11_6,mts_details_wid,2019,31.103
gbr,sex_f,edu_isced11_6,mts_details_wid,2020,30.608
gbr,sex_f,edu_isced11_6,mts_details_wid,2021,39.745
gbr,sex_f,edu_isced11_6,mts_details_wid,2022,22.827
gbr,sex_f,edu_isced11_6,mts_details_wid,2023,20.733
gbr,sex_f,edu_isced11_6,mts_details_wid,2024,21.961
gbr,sex_f,edu_isced11_7,mts_aggregate_1,2005,3.438
gbr,sex_f,edu_isced11_7,mts_aggregate_1,2006,19.01
gbr,sex_f,edu_isced11_7,mts_aggregate_1,2007,22.822
gbr,sex_f,edu_isced11_7,mts_aggregate_1,2008,31.388
gbr,sex_f,edu_isced11_7,mts_aggregate_1,2009,40.871
gbr,sex_f,edu_isced11_7,mts_aggregate_1,2010,52.152
gbr,sex_f,edu_isced11_7,mts_aggregate_1,2011,35.601
gbr,sex_f,edu_isced11_7,mts_aggregate_1,2012,45.315
gbr,sex_f,edu_isced11_7,mts_aggregate_1,2013,45.738
gbr,sex_f,edu_isced11_7,mts_aggregate_1,2014,47.048
gbr,sex_f,edu_isced11_7,mts_aggregate_1,2015,52.676
gbr,sex_f,edu_isced11_7,mts_aggregate_1,2016,56.656
gbr,sex_f,edu_isced11_7,mts_aggregate_1,2017,56.774
gbr,sex_f,edu_isced11_7,mts_aggregate_1,2018,62.674
gbr,sex_f,edu_isced11_7,mts_aggregate_1,2019,61.273
gbr,sex_f,edu_isced11_7,mts_aggregate_1,2020,77.909
gbr,sex_f,edu_isced11_7,mts_aggregate_1,2021,71.456
gbr,sex_f,edu_isced11_7,mts_aggregate_1,2022,98.956
gbr,sex_f,edu_isced11_7,mts_aggregate_1,2023,123.355
gbr,sex_f,edu_isced11_7,mts_aggregate_1,2024,130.224
gbr,sex_f,edu_isced11_7,mts_aggregate_2,2005,3.786
gbr,sex_f,edu_isced11_7,mts_aggregate_2,2006,29.461
gbr,sex_f,edu_isced11_7,mts_aggregate_2,2007,39.528
gbr,sex_f,edu_isced11_7,mts_aggregate_2,2008,57.224
gbr,sex_f,edu_isced11_7,mts_aggregate_2,2009,65.536
gbr,sex_f,edu_isced11_7,mts_aggregate_2,2010,71.545
gbr,sex_f,edu_isced11_7,mts_aggregate_2,2011,65.134
gbr,sex_f,edu_isced11_7,mts_aggregate_2,2012,74.578
gbr,sex_f,edu_isced11_7,mts_aggregate_2,2013,75.89
gbr,sex_f,edu_isced11_7,mts_aggregate_2,2014,79.872
gbr,sex_f,edu_isced11_7,mts_aggregate_2,2015,83.756
gbr,sex_f,edu_isced11_7,mts_aggregate_2,2016,87.917
gbr,sex_f,edu_isced11_7,mts_aggregate_2,2017,90.878
gbr,sex_f,edu_isced11_7,mts_aggregate_2,2018,98.668
gbr,sex_f,edu_isced11_7,mts_aggregate_2,2019,106.001
gbr,sex_f,edu_isced11_7,mts_aggregate_2,2020,103.41
gbr,sex_f,edu_isced11_7,mts_aggregate_2,2021,98.706
gbr,sex_f,edu_isced11_7,mts_aggregate_2,2022,191.515
gbr,sex_f,edu_isced11_7,mts_aggregate_2,2023,190.879
gbr,sex_f,edu_isced11_7,mts_aggregate_2,2024,188.439
gbr,sex_f,edu_isced11_7,mts_aggregate_total,2005,7.224
gbr,sex_f,edu_isced11_7,mts_aggregate_total,2006,48.471
gbr,sex_f,edu_isced11_7,mts_aggregate_total,2007,62.351
gbr,sex_f,edu_isced11_7,mts_aggregate_total,2008,88.612
gbr,sex_f,edu_isced11_7,mts_aggregate_total,2009,106.408
gbr,sex_f,edu_isced11_7,mts_aggregate_total,2010,123.697
gbr,sex_f,edu_isced11_7,mts_aggregate_total,2011,100.736
gbr,sex_f,edu_isced11_7,mts_aggregate_total,2012,119.893
gbr,sex_f,edu_isced11_7,mts_aggregate_total,2013,121.627
gbr,sex_f,edu_isced11_7,mts_aggregate_total,2014,126.919
gbr,sex_f,edu_isced11_7,mts_aggregate_total,2015,136.433
gbr,sex_f,edu_isced11_7,mts_aggregate_total,2016,144.573
gbr,sex_f,edu_isced11_7,mts_aggregate_total,2017,147.652
gbr,sex_f,edu_isced11_7,mts_aggregate_total,2018,161.343
gbr,sex_f,edu_isced11_7,mts_aggregate_total,2019,167.275
gbr,sex_f,edu_isced11_7,mts_aggregate_total,2020,181.319
gbr,sex_f,edu_isced11_7,mts_aggregate_total,2021,170.162
gbr,sex_f,edu_isced11_7,mts_aggregate_total,2022,290.471
gbr,sex_f,edu_isced11_7,mts_aggregate_total,2023,314.234
gbr,sex_f,edu_isced11_7,mts_aggregate_total,2024,318.663
gbr,sex_f,edu_isced11_7,mts_details_mrd,2005,3.786
gbr,sex_f,edu_isced11_7,mts_details_mrd,2006,29.257
gbr,sex_f,edu_isced11_7,mts_details_mrd,2007,39.041
gbr,sex_f,edu_isced11_7,mts_details_mrd,2008,57.224
gbr,sex_f,edu_isced11_7,mts_details_mrd,2009,65.248
gbr,sex_f,edu_isced11_7,mts_details_mrd,2010,70.763
gbr,sex_f,edu_isced11_7,mts_details_mrd,2011,63.943
gbr,sex_f,edu_isced11_7,mts_details_mrd,2012,73.579
gbr,sex_f,edu_isced11_7,mts_details_mrd,2013,75.28
gbr,sex_f,edu_isced11_7,mts_details_mrd,2014,79.379
gbr,sex_f,edu_isced11_7,mts_details_mrd,2015,82.703
gbr,sex_f,edu_isced11_7,mts_details_mrd,2016,87.355
gbr,sex_f,edu_isced11_7,mts_details_mrd,2017,90.878
gbr,sex_f,edu_isced11_7,mts_details_mrd,2018,98.475
gbr,sex_f,edu_isced11_7,mts_details_mrd,2019,104.971
gbr,sex_f,edu_isced11_7,mts_details_mrd,2020,101.681
gbr,sex_f,edu_isced11_7,mts_details_mrd,2021,97.684
gbr,sex_f,edu_isced11_7,mts_details_mrd,2022,187.786
gbr,sex_f,edu_isced11_7,mts_details_mrd,2023,186.222
gbr,sex_f,edu_isced11_7,mts_details_mrd,2024,183.7
gbr,sex_f,edu_isced11_7,mts_details_sep,2006,5.034
gbr,sex_f,edu_isced11_7,mts_details_sep,2007,5.931
gbr,sex_f,edu_isced11_7,mts_details_sep,2008,6.887
gbr,sex_f,edu_isced11_7,mts_details_sep,2009,10.548
gbr,sex_f,edu_isced11_7,mts_details_sep,2010,12.233
gbr,sex_f,edu_isced11_7,mts_details_sep,2011,10.968
gbr,sex_f,edu_isced11_7,mts_details_sep,2012,12.956
gbr,sex_f,edu_isced11_7,mts_details_sep,2013,12.123
gbr,sex_f,edu_isced11_7,mts_details_sep,2014,11.707
gbr,sex_f,edu_isced11_7,mts_details_sep,2015,17.187
gbr,sex_f,edu_isced11_7,mts_details_sep,2016,18.647
gbr,sex_f,edu_isced11_7,mts_details_sep,2017,13.254
gbr,sex_f,edu_isced11_7,mts_details_sep,2018,13.024
gbr,sex_f,edu_isced11_7,mts_details_sep,2019,16.853
gbr,sex_f,edu_isced11_7,mts_details_sep,2020,19.285
gbr,sex_f,edu_isced11_7,mts_details_sep,2021,20.407
gbr,sex_f,edu_isced11_7,mts_details_sep,2022,30.132
gbr,sex_f,edu_isced11_7,mts_details_sep,2023,38.503
gbr,sex_f,edu_isced11_7,mts_details_sep,2024,41.249
gbr,sex_f,edu_isced11_7,mts_details_sgle,2005,2.859
gbr,sex_f,edu_isced11_7,mts_details_sgle,2006,13.609
gbr,sex_f,edu_isced11_7,mts_details_sgle,2007,16.14
gbr,sex_f,edu_isced11_7,mts_details_sgle,2008,20.899
gbr,sex_f,edu_isced11_7,mts_details_sgle,2009,25.826
gbr,sex_f,edu_isced11_7,mts_details_sgle,2010,31.448
gbr,sex_f,edu_isced11_7,mts_details_sgle,2011,22.123
gbr,sex_f,edu_isced11_7,mts_details_sgle,2012,28.185
gbr,sex_f,edu_isced11_7,mts_details_sgle,2013,29.858
gbr,sex_f,edu_isced11_7,mts_details_sgle,2014,32.224
gbr,sex_f,edu_isced11_7,mts_details_sgle,2015,32.507
gbr,sex_f,edu_isced11_7,mts_details_sgle,2016,31.977
gbr,sex_f,edu_isced11_7,mts_details_sgle,2017,37.419
gbr,sex_f,edu_isced11_7,mts_details_sgle,2018,44.089
gbr,sex_f,edu_isced11_7,mts_details_sgle,2019,38.996
gbr,sex_f,edu_isced11_7,mts_details_sgle,2020,53.633
gbr,sex_f,edu_isced11_7,mts_details_sgle,2021,48.28
gbr,sex_f,edu_isced11_7,mts_details_sgle,2022,55.853
gbr,sex_f,edu_isced11_7,mts_details_sgle,2023,69.277
gbr,sex_f,edu_isced11_7,mts_details_sgle,2024,73.49
gbr,sex_f,edu_isced11_7,mts_details_total,2005,7.224
gbr,sex_f,edu_isced11_7,mts_details_total,2006,48.471
gbr,sex_f,edu_isced11_7,mts_details_total,2007,62.351
gbr,sex_f,edu_isced11_7,mts_details_total,2008,88.612
gbr,sex_f,edu_isced11_7,mts_details_total,2009,106.408
gbr,sex_f,edu_isced11_7,mts_details_total,2010,123.697
gbr,sex_f,edu_isced11_7,mts_details_total,2011,100.736
gbr,sex_f,edu_isced11_7,mts_details_total,2012,119.893
gbr,sex_f,edu_isced11_7,mts_details_total,2013,121.627
gbr,sex_f,edu_isced11_7,mts_details_total,2014,126.919
gbr,sex_f,edu_isced11_7,mts_details_total,2015,136.433
gbr,sex_f,edu_isced11_7,mts_details_total,2016,144.573
gbr,sex_f,edu_isced11_7,mts_details_total,2017,147.652
gbr,sex_f,edu_isced11_7,mts_details_total,2018,161.343
gbr,sex_f,edu_isced11_7,mts_details_total,2019,167.275
gbr,sex_f,edu_isced11_7,mts_details_total,2020,181.319
gbr,sex_f,edu_isced11_7,mts_details_total,2021,170.162
gbr,sex_f,edu_isced11_7,mts_details_total,2022,290.471
gbr,sex_f,edu_isced11_7,mts_details_total,2023,314.234
gbr,sex_f,edu_isced11_7,mts_details_total,2024,318.663
gbr,sex_f,edu_isced11_7,mts_details_union,2010,0.782
gbr,sex_f,edu_isced11_7,mts_details_union,2011,1.192
gbr,sex_f,edu_isced11_7,mts_details_union,2012,0.999
gbr,sex_f,edu_isced11_7,mts_details_union,2015,1.053
gbr,sex_f,edu_isced11_7,mts_details_union,2019,1.03
gbr,sex_f,edu_isced11_7,mts_details_union,2020,1.729
gbr,sex_f,edu_isced11_7,mts_details_union,2022,3.728
gbr,sex_f,edu_isced11_7,mts_details_union,2023,4.657
gbr,sex_f,edu_isced11_7,mts_details_union,2024,4.739
gbr,sex_f,edu_isced11_7,mts_details_wid,2007,0.752
gbr,sex_f,edu_isced11_7,mts_details_wid,2008,3.602
gbr,sex_f,edu_isced11_7,mts_details_wid,2009,4.497
gbr,sex_f,edu_isced11_7,mts_details_wid,2010,8.471
gbr,sex_f,edu_isced11_7,mts_details_wid,2011,2.51
gbr,sex_f,edu_isced11_7,mts_details_wid,2012,4.173
gbr,sex_f,edu_isced11_7,mts_details_wid,2013,3.756
gbr,sex_f,edu_isced11_7,mts_details_wid,2014,3.117
gbr,sex_f,edu_isced11_7,mts_details_wid,2015,2.982
gbr,sex_f,edu_isced11_7,mts_details_wid,2016,6.032
gbr,sex_f,edu_isced11_7,mts_details_wid,2017,6.101
gbr,sex_f,edu_isced11_7,mts_details_wid,2018,5.561
gbr,sex_f,edu_isced11_7,mts_details_wid,2019,5.425
gbr,sex_f,edu_isced11_7,mts_details_wid,2020,4.992
gbr,sex_f,edu_isced11_7,mts_details_wid,2021,2.769
gbr,sex_f,edu_isced11_7,mts_details_wid,2022,12.971
gbr,sex_f,edu_isced11_7,mts_details_wid,2023,15.575
gbr,sex_f,edu_isced11_7,mts_details_wid,2024,15.485
gbr,sex_f,edu_isced11_8,mts_aggregate_1,2006,1.657
gbr,sex_f,edu_isced11_8,mts_aggregate_1,2007,1.774
gbr,sex_f,edu_isced11_8,mts_aggregate_1,2008,6.198
gbr,sex_f,edu_isced11_8,mts_aggregate_1,2009,5.187
gbr,sex_f,edu_isced11_8,mts_aggregate_1,2010,4.593
gbr,sex_f,edu_isced11_8,mts_aggregate_1,2011,3.332
gbr,sex_f,edu_isced11_8,mts_aggregate_1,2012,4.848
gbr,sex_f,edu_isced11_8,mts_aggregate_1,2013,5.396
gbr,sex_f,edu_isced11_8,mts_aggregate_1,2014,5.92
gbr,sex_f,edu_isced11_8,mts_aggregate_1,2015,6.032
gbr,sex_f,edu_isced11_8,mts_aggregate_1,2016,9.222
gbr,sex_f,edu_isced11_8,mts_aggregate_1,2017,6.739
gbr,sex_f,edu_isced11_8,mts_aggregate_1,2018,8.49
gbr,sex_f,edu_isced11_8,mts_aggregate_1,2019,5.451
gbr,sex_f,edu_isced11_8,mts_aggregate_1,2020,6.868
gbr,sex_f,edu_isced11_8,mts_aggregate_1,2021,7.837
gbr,sex_f,edu_isced11_8,mts_aggregate_1,2022,12.496
gbr,sex_f,edu_isced11_8,mts_aggregate_1,2023,8.928
gbr,sex_f,edu_isced11_8,mts_aggregate_1,2024,8.099
gbr,sex_f,edu_isced11_8,mts_aggregate_2,2005,1.333
gbr,sex_f,edu_isced11_8,mts_aggregate_2,2006,6.586
gbr,sex_f,edu_isced11_8,mts_aggregate_2,2007,8.027
gbr,sex_f,edu_isced11_8,mts_aggregate_2,2008,12.983
gbr,sex_f,edu_isced11_8,mts_aggregate_2,2009,12.03
gbr,sex_f,edu_isced11_8,mts_aggregate_2,2010,13.35
gbr,sex_f,edu_isced11_8,mts_aggregate_2,2011,8.933
gbr,sex_f,edu_isced11_8,mts_aggregate_2,2012,11.587
gbr,sex_f,edu_isced11_8,mts_aggregate_2,2013,13.977
gbr,sex_f,edu_isced11_8,mts_aggregate_2,2014,13.865
gbr,sex_f,edu_isced11_8,mts_aggregate_2,2015,11.891
gbr,sex_f,edu_isced11_8,mts_aggregate_2,2016,10.467
gbr,sex_f,edu_isced11_8,mts_aggregate_2,2017,13.028
gbr,sex_f,edu_isced11_8,mts_aggregate_2,2018,16.898
gbr,sex_f,edu_isced11_8,mts_aggregate_2,2019,19.011
gbr,sex_f,edu_isced11_8,mts_aggregate_2,2020,13.532
gbr,sex_f,edu_isced11_8,mts_aggregate_2,2021,19.354
gbr,sex_f,edu_isced11_8,mts_aggregate_2,2022,19.381
gbr,sex_f,edu_isced11_8,mts_aggregate_2,2023,24.955
gbr,sex_f,edu_isced11_8,mts_aggregate_2,2024,22.067
gbr,sex_f,edu_isced11_8,mts_aggregate_total,2005,1.778
gbr,sex_f,edu_isced11_8,mts_aggregate_total,2006,8.242
gbr,sex_f,edu_isced11_8,mts_aggregate_total,2007,9.801
gbr,sex_f,edu_isced11_8,mts_aggregate_total,2008,19.181
gbr,sex_f,edu_isced11_8,mts_aggregate_total,2009,17.217
gbr,sex_f,edu_isced11_8,mts_aggregate_total,2010,17.944
gbr,sex_f,edu_isced11_8,mts_aggregate_total,2011,12.265
gbr,sex_f,edu_isced11_8,mts_aggregate_total,2012,16.435
gbr,sex_f,edu_isced11_8,mts_aggregate_total,2013,19.372
gbr,sex_f,edu_isced11_8,mts_aggregate_total,2014,19.785
gbr,sex_f,edu_isced11_8,mts_aggregate_total,2015,17.923
gbr,sex_f,edu_isced11_8,mts_aggregate_total,2016,19.69
gbr,sex_f,edu_isced11_8,mts_aggregate_total,2017,19.767
gbr,sex_f,edu_isced11_8,mts_aggregate_total,2018,25.388
gbr,sex_f,edu_isced11_8,mts_aggregate_total,2019,24.462
gbr,sex_f,edu_isced11_8,mts_aggregate_total,2020,20.4
gbr,sex_f,edu_isced11_8,mts_aggregate_total,2021,27.191
gbr,sex_f,edu_isced11_8,mts_aggregate_total,2022,31.878
gbr,sex_f,edu_isced11_8,mts_aggregate_total,2023,33.883
gbr,sex_f,edu_isced11_8,mts_aggregate_total,2024,30.165
gbr,sex_f,edu_isced11_8,mts_details_mrd,2005,1.333
gbr,sex_f,edu_isced11_8,mts_details_mrd,2006,6.586
gbr,sex_f,edu_isced11_8,mts_details_mrd,2007,8.027
gbr,sex_f,edu_isced11_8,mts_details_mrd,2008,12.983
gbr,sex_f,edu_isced11_8,mts_details_mrd,2009,11.565
gbr,sex_f,edu_isced11_8,mts_details_mrd,2010,12.87
gbr,sex_f,edu_isced11_8,mts_details_mrd,2011,8.933
gbr,sex_f,edu_isced11_8,mts_details_mrd,2012,11.587
gbr,sex_f,edu_isced11_8,mts_details_mrd,2013,13.572
gbr,sex_f,edu_isced11_8,mts_details_mrd,2014,13.576
gbr,sex_f,edu_isced11_8,mts_details_mrd,2015,11.891
gbr,sex_f,edu_isced11_8,mts_details_mrd,2016,10.467
gbr,sex_f,edu_isced11_8,mts_details_mrd,2017,12.602
gbr,sex_f,edu_isced11_8,mts_details_mrd,2018,16.386
gbr,sex_f,edu_isced11_8,mts_details_mrd,2019,18.27
gbr,sex_f,edu_isced11_8,mts_details_mrd,2020,13.059
gbr,sex_f,edu_isced11_8,mts_details_mrd,2021,19.354
gbr,sex_f,edu_isced11_8,mts_details_mrd,2022,18.879
gbr,sex_f,edu_isced11_8,mts_details_mrd,2023,24.955
gbr,sex_f,edu_isced11_8,mts_details_mrd,2024,22.067
gbr,sex_f,edu_isced11_8,mts_details_sep,2006,0.647
gbr,sex_f,edu_isced11_8,mts_details_sep,2008,3.361
gbr,sex_f,edu_isced11_8,mts_details_sep,2009,1.133
gbr,sex_f,edu_isced11_8,mts_details_sep,2010,1.595
gbr,sex_f,edu_isced11_8,mts_details_sep,2011,1.168
gbr,sex_f,edu_isced11_8,mts_details_sep,2012,0.82
gbr,sex_f,edu_isced11_8,mts_details_sep,2013,1.78
gbr,sex_f,edu_isced11_8,mts_details_sep,2014,0.902
gbr,sex_f,edu_isced11_8,mts_details_sep,2015,2.464
gbr,sex_f,edu_isced11_8,mts_details_sep,2016,2.533
gbr,sex_f,edu_isced11_8,mts_details_sep,2017,1.425
gbr,sex_f,edu_isced11_8,mts_details_sep,2018,1.654
gbr,sex_f,edu_isced11_8,mts_details_sep,2019,1.642
gbr,sex_f,edu_isced11_8,mts_details_sep,2020,1.976
gbr,sex_f,edu_isced11_8,mts_details_sep,2022,2.746
gbr,sex_f,edu_isced11_8,mts_details_sep,2023,1.792
gbr,sex_f,edu_isced11_8,mts_details_sep,2024,2.378
gbr,sex_f,edu_isced11_8,mts_details_sgle,2006,1.01
gbr,sex_f,edu_isced11_8,mts_details_sgle,2007,1.162
gbr,sex_f,edu_isced11_8,mts_details_sgle,2008,2.624
gbr,sex_f,edu_isced11_8,mts_details_sgle,2009,3.158
gbr,sex_f,edu_isced11_8,mts_details_sgle,2010,2.275
gbr,sex_f,edu_isced11_8,mts_details_sgle,2011,2.034
gbr,sex_f,edu_isced11_8,mts_details_sgle,2012,2.917
gbr,sex_f,edu_isced11_8,mts_details_sgle,2013,3.497
gbr,sex_f,edu_isced11_8,mts_details_sgle,2014,4.046
gbr,sex_f,edu_isced11_8,mts_details_sgle,2015,2.774
gbr,sex_f,edu_isced11_8,mts_details_sgle,2016,6.402
gbr,sex_f,edu_isced11_8,mts_details_sgle,2017,4.285
gbr,sex_f,edu_isced11_8,mts_details_sgle,2018,5.232
gbr,sex_f,edu_isced11_8,mts_details_sgle,2019,3.446
gbr,sex_f,edu_isced11_8,mts_details_sgle,2020,4.167
gbr,sex_f,edu_isced11_8,mts_details_sgle,2021,4.887
gbr,sex_f,edu_isced11_8,mts_details_sgle,2022,9.194
gbr,sex_f,edu_isced11_8,mts_details_sgle,2023,5.699
gbr,sex_f,edu_isced11_8,mts_details_sgle,2024,4.558
gbr,sex_f,edu_isced11_8,mts_details_total,2005,1.778
gbr,sex_f,edu_isced11_8,mts_details_total,2006,8.242
gbr,sex_f,edu_isced11_8,mts_details_total,2007,9.801
gbr,sex_f,edu_isced11_8,mts_details_total,2008,19.181
gbr,sex_f,edu_isced11_8,mts_details_total,2009,17.217
gbr,sex_f,edu_isced11_8,mts_details_total,2010,17.944
gbr,sex_f,edu_isced11_8,mts_details_total,2011,12.265
gbr,sex_f,edu_isced11_8,mts_details_total,2012,16.435
gbr,sex_f,edu_isced11_8,mts_details_total,2013,19.372
gbr,sex_f,edu_isced11_8,mts_details_total,2014,19.785
gbr,sex_f,edu_isced11_8,mts_details_total,2015,17.923
gbr,sex_f,edu_isced11_8,mts_details_total,2016,19.69
gbr,sex_f,edu_isced11_8,mts_details_total,2017,19.767
gbr,sex_f,edu_isced11_8,mts_details_total,2018,25.388
gbr,sex_f,edu_isced11_8,mts_details_total,2019,24.462
gbr,sex_f,edu_isced11_8,mts_details_total,2020,20.4
gbr,sex_f,edu_isced11_8,mts_details_total,2021,27.191
gbr,sex_f,edu_isced11_8,mts_details_total,2022,31.878
gbr,sex_f,edu_isced11_8,mts_details_total,2023,33.883
gbr,sex_f,edu_isced11_8,mts_details_total,2024,30.165
gbr,sex_f,edu_isced11_8,mts_details_union,2019,0.741
gbr,sex_f,edu_isced11_8,mts_details_wid,2009,0.896
gbr,sex_f,edu_isced11_8,mts_details_wid,2012,1.111
gbr,sex_f,edu_isced11_8,mts_details_wid,2014,0.972
gbr,sex_f,edu_isced11_8,mts_details_wid,2015,0.794
gbr,sex_f,edu_isced11_8,mts_details_wid,2017,1.03
gbr,sex_f,edu_isced11_8,mts_details_wid,2018,1.604
gbr,sex_f,edu_isced11_8,mts_details_wid,2020,0.725
gbr,sex_f,edu_isced11_8,mts_details_wid,2023,1.437
gbr,sex_f,edu_isced11_8,mts_details_wid,2024,1.163
gbr,sex_f,edu_isced11_9,mts_aggregate_1,2005,5605.14
gbr,sex_f,edu_isced11_9,mts_aggregate_1,2006,4242.514
gbr,sex_f,edu_isced11_9,mts_aggregate_1,2007,4259.754
gbr,sex_f,edu_isced11_9,mts_aggregate_1,2008,2960.535
gbr,sex_f,edu_isced11_9,mts_aggregate_1,2009,2928.137
gbr,sex_f,edu_isced11_9,mts_aggregate_1,2010,2929.22
gbr,sex_f,edu_isced11_9,mts_aggregate_1,2011,3130.811
gbr,sex_f,edu_isced11_9,mts_aggregate_1,2012,2987.315
gbr,sex_f,edu_isced11_9,mts_aggregate_1,2013,2942.936
gbr,sex_f,edu_isced11_9,mts_aggregate_1,2014,2922.207
gbr,sex_f,edu_isced11_9,mts_aggregate_1,2015,2919.713
gbr,sex_f,edu_isced11_9,mts_aggregate_1,2016,2969.437
gbr,sex_f,edu_isced11_9,mts_aggregate_1,2017,2995.178
gbr,sex_f,edu_isced11_9,mts_aggregate_1,2018,3016.202
gbr,sex_f,edu_isced11_9,mts_aggregate_1,2019,3129.597
gbr,sex_f,edu_isced11_9,mts_aggregate_1,2020,3025.617
gbr,sex_f,edu_isced11_9,mts_aggregate_1,2021,3025.444
gbr,sex_f,edu_isced11_9,mts_aggregate_1,2022,3100.89
gbr,sex_f,edu_isced11_9,mts_aggregate_1,2023,2986.706
gbr,sex_f,edu_isced11_9,mts_aggregate_1,2024,3047.863
gbr,sex_f,edu_isced11_9,mts_aggregate_2,2005,4877.24
gbr,sex_f,edu_isced11_9,mts_aggregate_2,2006,3634.188
gbr,sex_f,edu_isced11_9,mts_aggregate_2,2007,3674.965
gbr,sex_f,edu_isced11_9,mts_aggregate_2,2008,1936.624
gbr,sex_f,edu_isced11_9,mts_aggregate_2,2009,1963.109
gbr,sex_f,edu_isced11_9,mts_aggregate_2,2010,2011.613
gbr,sex_f,edu_isced11_9,mts_aggregate_2,2011,2289.504
gbr,sex_f,edu_isced11_9,mts_aggregate_2,2012,1935.064
gbr,sex_f,edu_isced11_9,mts_aggregate_2,2013,1988.096
gbr,sex_f,edu_isced11_9,mts_aggregate_2,2014,2026.741
gbr,sex_f,edu_isced11_9,mts_aggregate_2,2015,2147.354
gbr,sex_f,edu_isced11_9,mts_aggregate_2,2016,2176.296
gbr,sex_f,edu_isced11_9,mts_aggregate_2,2017,2289.19
gbr,sex_f,edu_isced11_9,mts_aggregate_2,2018,2357.748
gbr,sex_f,edu_isced11_9,mts_aggregate_2,2019,2291.674
gbr,sex_f,edu_isced11_9,mts_aggregate_2,2020,2471.208
gbr,sex_f,edu_isced11_9,mts_aggregate_2,2021,2547.644
gbr,sex_f,edu_isced11_9,mts_aggregate_2,2022,2409.526
gbr,sex_f,edu_isced11_9,mts_aggregate_2,2023,2317.361
gbr,sex_f,edu_isced11_9,mts_aggregate_2,2024,2297.74
gbr,sex_f,edu_isced11_9,mts_aggregate_total,2005,10482.379
gbr,sex_f,edu_isced11_9,mts_aggregate_total,2006,7876.702
gbr,sex_f,edu_isced11_9,mts_aggregate_total,2007,7934.719
gbr,sex_f,edu_isced11_9,mts_aggregate_total,2008,4897.159
gbr,sex_f,edu_isced11_9,mts_aggregate_total,2009,4891.326
gbr,sex_f,edu_isced11_9,mts_aggregate_total,2010,4940.833
gbr,sex_f,edu_isced11_9,mts_aggregate_total,2011,5420.315
gbr,sex_f,edu_isced11_9,mts_aggregate_total,2012,4922.379
gbr,sex_f,edu_isced11_9,mts_aggregate_total,2013,4931.346
gbr,sex_f,edu_isced11_9,mts_aggregate_total,2014,4948.948
gbr,sex_f,edu_isced11_9,mts_aggregate_total,2015,5067.068
gbr,sex_f,edu_isced11_9,mts_aggregate_total,2016,5145.93
gbr,sex_f,edu_isced11_9,mts_aggregate_total,2017,5285.398
gbr,sex_f,edu_isced11_9,mts_aggregate_total,2018,5373.95
gbr,sex_f,edu_isced11_9,mts_aggregate_total,2019,5421.271
gbr,sex_f,edu_isced11_9,mts_aggregate_total,2020,5496.825
gbr,sex_f,edu_isced11_9,mts_aggregate_total,2021,5573.088
gbr,sex_f,edu_isced11_9,mts_aggregate_total,2022,5510.417
gbr,sex_f,edu_isced11_9,mts_aggregate_total,2023,5304.066
gbr,sex_f,edu_isced11_9,mts_aggregate_total,2024,5345.602
gbr,sex_f,edu_isced11_9,mts_aggregate_x,2017,1.03
gbr,sex_f,edu_isced11_9,mts_details_mrd,2005,4877.24
gbr,sex_f,edu_isced11_9,mts_details_mrd,2006,3632.746
gbr,sex_f,edu_isced11_9,mts_details_mrd,2007,3672.49
gbr,sex_f,edu_isced11_9,mts_details_mrd,2008,1935.306
gbr,sex_f,edu_isced11_9,mts_details_mrd,2009,1962.983
gbr,sex_f,edu_isced11_9,mts_details_mrd,2010,2010.685
gbr,sex_f,edu_isced11_9,mts_details_mrd,2011,2285.961
gbr,sex_f,edu_isced11_9,mts_details_mrd,2012,1931.084
gbr,sex_f,edu_isced11_9,mts_details_mrd,2013,1984.579
gbr,sex_f,edu_isced11_9,mts_details_mrd,2014,2023.281
gbr,sex_f,edu_isced11_9,mts_details_mrd,2015,2144.557
gbr,sex_f,edu_isced11_9,mts_details_mrd,2016,2174.093
gbr,sex_f,edu_isced11_9,mts_details_mrd,2017,2284.28
gbr,sex_f,edu_isced11_9,mts_details_mrd,2018,2353.569
gbr,sex_f,edu_isced11_9,mts_details_mrd,2019,2285.54
gbr,sex_f,edu_isced11_9,mts_details_mrd,2020,2467.131
gbr,sex_f,edu_isced11_9,mts_details_mrd,2021,2542.254
gbr,sex_f,edu_isced11_9,mts_details_mrd,2022,2403.628
gbr,sex_f,edu_isced11_9,mts_details_mrd,2023,2301.705
gbr,sex_f,edu_isced11_9,mts_details_mrd,2024,2278.619
gbr,sex_f,edu_isced11_9,mts_details_sep,2005,974.347
gbr,sex_f,edu_isced11_9,mts_details_sep,2006,740.24
gbr,sex_f,edu_isced11_9,mts_details_sep,2007,780.775
gbr,sex_f,edu_isced11_9,mts_details_sep,2008,357.471
gbr,sex_f,edu_isced11_9,mts_details_sep,2009,374.866
gbr,sex_f,edu_isced11_9,mts_details_sep,2010,358.437
gbr,sex_f,edu_isced11_9,mts_details_sep,2011,458.771
gbr,sex_f,edu_isced11_9,mts_details_sep,2012,411.683
gbr,sex_f,edu_isced11_9,mts_details_sep,2013,407.595
gbr,sex_f,edu_isced11_9,mts_details_sep,2014,437.889
gbr,sex_f,edu_isced11_9,mts_details_sep,2015,450.312
gbr,sex_f,edu_isced11_9,mts_details_sep,2016,476.945
gbr,sex_f,edu_isced11_9,mts_details_sep,2017,532.387
gbr,sex_f,edu_isced11_9,mts_details_sep,2018,552.303
gbr,sex_f,edu_isced11_9,mts_details_sep,2019,589.928
gbr,sex_f,edu_isced11_9,mts_details_sep,2020,598.772
gbr,sex_f,edu_isced11_9,mts_details_sep,2021,621.928
gbr,sex_f,edu_isced11_9,mts_details_sep,2022,650.842
gbr,sex_f,edu_isced11_9,mts_details_sep,2023,620.14
gbr,sex_f,edu_isced11_9,mts_details_sep,2024,687.46
gbr,sex_f,edu_isced11_9,mts_details_sgle,2005,2255.182
gbr,sex_f,edu_isced11_9,mts_details_sgle,2006,1187.977
gbr,sex_f,edu_isced11_9,mts_details_sgle,2007,1182.964
gbr,sex_f,edu_isced11_9,mts_details_sgle,2008,711.488
gbr,sex_f,edu_isced11_9,mts_details_sgle,2009,676.382
gbr,sex_f,edu_isced11_9,mts_details_sgle,2010,693.6
gbr,sex_f,edu_isced11_9,mts_details_sgle,2011,714.328
gbr,sex_f,edu_isced11_9,mts_details_sgle,2012,688.668
gbr,sex_f,edu_isced11_9,mts_details_sgle,2013,668.521
gbr,sex_f,edu_isced11_9,mts_details_sgle,2014,643.937
gbr,sex_f,edu_isced11_9,mts_details_sgle,2015,646.776
gbr,sex_f,edu_isced11_9,mts_details_sgle,2016,635.59
gbr,sex_f,edu_isced11_9,mts_details_sgle,2017,667.487
gbr,sex_f,edu_isced11_9,mts_details_sgle,2018,665.115
gbr,sex_f,edu_isced11_9,mts_details_sgle,2019,709.922
gbr,sex_f,edu_isced11_9,mts_details_sgle,2020,714.722
gbr,sex_f,edu_isced11_9,mts_details_sgle,2021,711.988
gbr,sex_f,edu_isced11_9,mts_details_sgle,2022,800.893
gbr,sex_f,edu_isced11_9,mts_details_sgle,2023,702.667
gbr,sex_f,edu_isced11_9,mts_details_sgle,2024,699.783
gbr,sex_f,edu_isced11_9,mts_details_total,2005,10482.379
gbr,sex_f,edu_isced11_9,mts_details_total,2006,7876.702
gbr,sex_f,edu_isced11_9,mts_details_total,2007,7934.719
gbr,sex_f,edu_isced11_9,mts_details_total,2008,4897.159
gbr,sex_f,edu_isced11_9,mts_details_total,2009,4891.326
gbr,sex_f,edu_isced11_9,mts_details_total,2010,4940.833
gbr,sex_f,edu_isced11_9,mts_details_total,2011,5420.315
gbr,sex_f,edu_isced11_9,mts_details_total,2012,4922.379
gbr,sex_f,edu_isced11_9,mts_details_total,2013,4931.346
gbr,sex_f,edu_isced11_9,mts_details_total,2014,4948.948
gbr,sex_f,edu_isced11_9,mts_details_total,2015,5067.068
gbr,sex_f,edu_isced11_9,mts_details_total,2016,5145.93
gbr,sex_f,edu_isced11_9,mts_details_total,2017,5285.398
gbr,sex_f,edu_isced11_9,mts_details_total,2018,5373.95
gbr,sex_f,edu_isced11_9,mts_details_total,2019,5421.271
gbr,sex_f,edu_isced11_9,mts_details_total,2020,5496.825
gbr,sex_f,edu_isced11_9,mts_details_total,2021,5573.088
gbr,sex_f,edu_isced11_9,mts_details_total,2022,5510.417
gbr,sex_f,edu_isced11_9,mts_details_total,2023,5304.066
gbr,sex_f,edu_isced11_9,mts_details_total,2024,5345.602
gbr,sex_f,edu_isced11_9,mts_details_union,2006,1.442
gbr,sex_f,edu_isced11_9,mts_details_union,2007,2.475
gbr,sex_f,edu_isced11_9,mts_details_union,2008,1.318
gbr,sex_f,edu_isced11_9,mts_details_union,2010,0.929
gbr,sex_f,edu_isced11_9,mts_details_union,2011,3.543
gbr,sex_f,edu_isced11_9,mts_details_union,2012,3.98
gbr,sex_f,edu_isced11_9,mts_details_union,2013,3.518
gbr,sex_f,edu_isced11_9,mts_details_union,2014,3.461
gbr,sex_f,edu_isced11_9,mts_details_union,2015,2.797
gbr,sex_f,edu_isced11_9,mts_details_union,2016,2.203
gbr,sex_f,edu_isced11_9,mts_details_union,2017,4.91
gbr,sex_f,edu_isced11_9,mts_details_union,2018,4.179
gbr,sex_f,edu_isced11_9,mts_details_union,2019,6.134
gbr,sex_f,edu_isced11_9,mts_details_union,2020,4.077
gbr,sex_f,edu_isced11_9,mts_details_union,2021,5.39
gbr,sex_f,edu_isced11_9,mts_details_union,2022,5.899
gbr,sex_f,edu_isced11_9,mts_details_union,2023,15.656
gbr,sex_f,edu_isced11_9,mts_details_union,2024,19.12
gbr,sex_f,edu_isced11_9,mts_details_wid,2005,2375.611
gbr,sex_f,edu_isced11_9,mts_details_wid,2006,2314.296
gbr,sex_f,edu_isced11_9,mts_details_wid,2007,2296.015
gbr,sex_f,edu_isced11_9,mts_details_wid,2008,1891.575
gbr,sex_f,edu_isced11_9,mts_details_wid,2009,1876.89
gbr,sex_f,edu_isced11_9,mts_details_wid,2010,1877.182
gbr,sex_f,edu_isced11_9,mts_details_wid,2011,1957.711
gbr,sex_f,edu_isced11_9,mts_details_wid,2012,1886.964
gbr,sex_f,edu_isced11_9,mts_details_wid,2013,1866.82
gbr,sex_f,edu_isced11_9,mts_details_wid,2014,1840.381
gbr,sex_f,edu_isced11_9,mts_details_wid,2015,1822.626
gbr,sex_f,edu_isced11_9,mts_details_wid,2016,1856.901
gbr,sex_f,edu_isced11_9,mts_details_wid,2017,1795.303
gbr,sex_f,edu_isced11_9,mts_details_wid,2018,1798.784
gbr,sex_f,edu_isced11_9,mts_details_wid,2019,1829.747
gbr,sex_f,edu_isced11_9,mts_details_wid,2020,1712.122
gbr,sex_f,edu_isced11_9,mts_details_wid,2021,1691.528
gbr,sex_f,edu_isced11_9,mts_details_wid,2022,1649.155
gbr,sex_f,edu_isced11_9,mts_details_wid,2023,1663.899
gbr,sex_f,edu_isced11_9,mts_details_wid,2024,1660.62
gbr,sex_f,edu_isced11_9,mts_details_x,2017,1.03
gbr,sex_f,edu_isced11_total,mts_aggregate_1,2005,6025.965
gbr,sex_f,edu_isced11_total,mts_aggregate_1,2006,6051.373
gbr,sex_f,edu_isced11_total,mts_aggregate_1,2007,6178.067
gbr,sex_f,edu_isced11_total,mts_aggregate_1,2008,6207.313
gbr,sex_f,edu_isced11_total,mts_aggregate_1,2009,6232.869
gbr,sex_f,edu_isced11_total,mts_aggregate_1,2010,6324.313
gbr,sex_f,edu_isced11_total,mts_aggregate_1,2011,6355.889
gbr,sex_f,edu_isced11_total,mts_aggregate_1,2012,6393.385
gbr,sex_f,edu_isced11_total,mts_aggregate_1,2013,6335.375
gbr,sex_f,edu_isced11_total,mts_aggregate_1,2014,6279.598
gbr,sex_f,edu_isced11_total,mts_aggregate_1,2015,6286.754
gbr,sex_f,edu_isced11_total,mts_aggregate_1,2016,6292.238
gbr,sex_f,edu_isced11_total,mts_aggregate_1,2017,6245.939
gbr,sex_f,edu_isced11_total,mts_aggregate_1,2018,6289.891
gbr,sex_f,edu_isced11_total,mts_aggregate_1,2019,6297.924
gbr,sex_f,edu_isced11_total,mts_aggregate_1,2020,6283.084
gbr,sex_f,edu_isced11_total,mts_aggregate_1,2021,6320.778
gbr,sex_f,edu_isced11_total,mts_aggregate_1,2022,6437.29
gbr,sex_f,edu_isced11_total,mts_aggregate_1,2023,6761.26
gbr,sex_f,edu_isced11_total,mts_aggregate_1,2024,6965.312
gbr,sex_f,edu_isced11_total,mts_aggregate_2,2005,5213.343
gbr,sex_f,edu_isced11_total,mts_aggregate_2,2006,5160.342
gbr,sex_f,edu_isced11_total,mts_aggregate_2,2007,5197.469
gbr,sex_f,edu_isced11_total,mts_aggregate_2,2008,5179.499
gbr,sex_f,edu_isced11_total,mts_aggregate_2,2009,5195.33
gbr,sex_f,edu_isced11_total,mts_aggregate_2,2010,5224.346
gbr,sex_f,edu_isced11_total,mts_aggregate_2,2011,5240.54
gbr,sex_f,edu_isced11_total,mts_aggregate_2,2012,5209.538
gbr,sex_f,edu_isced11_total,mts_aggregate_2,2013,5238.096
gbr,sex_f,edu_isced11_total,mts_aggregate_2,2014,5293.886
gbr,sex_f,edu_isced11_total,mts_aggregate_2,2015,5301.212
gbr,sex_f,edu_isced11_total,mts_aggregate_2,2016,5273.134
gbr,sex_f,edu_isced11_total,mts_aggregate_2,2017,5323.524
gbr,sex_f,edu_isced11_total,mts_aggregate_2,2018,5271.637
gbr,sex_f,edu_isced11_total,mts_aggregate_2,2019,5162.309
gbr,sex_f,edu_isced11_total,mts_aggregate_2,2020,5176.416
gbr,sex_f,edu_isced11_total,mts_aggregate_2,2021,5209.256
gbr,sex_f,edu_isced11_total,mts_aggregate_2,2022,5216.06
gbr,sex_f,edu_isced11_total,mts_aggregate_2,2023,5096.724
gbr,sex_f,edu_isced11_total,mts_aggregate_2,2024,5056.457
gbr,sex_f,edu_isced11_total,mts_aggregate_total,2005,11239.308
gbr,sex_f,edu_isced11_total,mts_aggregate_total,2006,11211.714
gbr,sex_f,edu_isced11_total,mts_aggregate_total,2007,11375.536
gbr,sex_f,edu_isced11_total,mts_aggregate_total,2008,11386.812
gbr,sex_f,edu_isced11_total,mts_aggregate_total,2009,11428.344
gbr,sex_f,edu_isced11_total,mts_aggregate_total,2010,11548.659
gbr,sex_f,edu_isced11_total,mts_aggregate_total,2011,11596.43
gbr,sex_f,edu_isced11_total,mts_aggregate_total,2012,11602.923
gbr,sex_f,edu_isced11_total,mts_aggregate_total,2013,11573.784
gbr,sex_f,edu_isced11_total,mts_aggregate_total,2014,11573.484
gbr,sex_f,edu_isced11_total,mts_aggregate_total,2015,11587.966
gbr,sex_f,edu_isced11_total,mts_aggregate_total,2016,11565.569
gbr,sex_f,edu_isced11_total,mts_aggregate_total,2017,11570.494
gbr,sex_f,edu_isced11_total,mts_aggregate_total,2018,11561.528
gbr,sex_f,edu_isced11_total,mts_aggregate_total,2019,11460.233
gbr,sex_f,edu_isced11_total,mts_aggregate_total,2020,11459.5
gbr,sex_f,edu_isced11_total,mts_aggregate_total,2021,11530.034
gbr,sex_f,edu_isced11_total,mts_aggregate_total,2022,11653.35
gbr,sex_f,edu_isced11_total,mts_aggregate_total,2023,11857.984
gbr,sex_f,edu_isced11_total,mts_aggregate_total,2024,12022.265
gbr,sex_f,edu_isced11_total,mts_aggregate_x,2017,1.03
gbr,sex_f,edu_isced11_total,mts_details_mrd,2005,5213.343
gbr,sex_f,edu_isced11_total,mts_details_mrd,2006,5158.127
gbr,sex_f,edu_isced11_total,mts_details_mrd,2007,5191.706
gbr,sex_f,edu_isced11_total,mts_details_mrd,2008,5172.958
gbr,sex_f,edu_isced11_total,mts_details_mrd,2009,5190.064
gbr,sex_f,edu_isced11_total,mts_details_mrd,2010,5217.087
gbr,sex_f,edu_isced11_total,mts_details_mrd,2011,5226.911
gbr,sex_f,edu_isced11_total,mts_details_mrd,2012,5195.412
gbr,sex_f,edu_isced11_total,mts_details_mrd,2013,5225.202
gbr,sex_f,edu_isced11_total,mts_details_mrd,2014,5282.033
gbr,sex_f,edu_isced11_total,mts_details_mrd,2015,5292.124
gbr,sex_f,edu_isced11_total,mts_details_mrd,2016,5265.523
gbr,sex_f,edu_isced11_total,mts_details_mrd,2017,5306.09
gbr,sex_f,edu_isced11_total,mts_details_mrd,2018,5250.312
gbr,sex_f,edu_isced11_total,mts_details_mrd,2019,5148.354
gbr,sex_f,edu_isced11_total,mts_details_mrd,2020,5154.344
gbr,sex_f,edu_isced11_total,mts_details_mrd,2021,5192.579
gbr,sex_f,edu_isced11_total,mts_details_mrd,2022,5183.844
gbr,sex_f,edu_isced11_total,mts_details_mrd,2023,5048.935
gbr,sex_f,edu_isced11_total,mts_details_mrd,2024,5005.624
gbr,sex_f,edu_isced11_total,mts_details_sep,2005,1070.013
gbr,sex_f,edu_isced11_total,mts_details_sep,2006,1102.9
gbr,sex_f,edu_isced11_total,mts_details_sep,2007,1157.49
gbr,sex_f,edu_isced11_total,mts_details_sep,2008,1176.789
gbr,sex_f,edu_isced11_total,mts_details_sep,2009,1184.713
gbr,sex_f,edu_isced11_total,mts_details_sep,2010,1186.263
gbr,sex_f,edu_isced11_total,mts_details_sep,2011,1239.868
gbr,sex_f,edu_isced11_total,mts_details_sep,2012,1257.928
gbr,sex_f,edu_isced11_total,mts_details_sep,2013,1191.935
gbr,sex_f,edu_isced11_total,mts_details_sep,2014,1250.679
gbr,sex_f,edu_isced11_total,mts_details_sep,2015,1233.765
gbr,sex_f,edu_isced11_total,mts_details_sep,2016,1247.923
gbr,sex_f,edu_isced11_total,mts_details_sep,2017,1266.68
gbr,sex_f,edu_isced11_total,mts_details_sep,2018,1270.872
gbr,sex_f,edu_isced11_total,mts_details_sep,2019,1285.812
gbr,sex_f,edu_isced11_total,mts_details_sep,2020,1308.842
gbr,sex_f,edu_isced11_total,mts_details_sep,2021,1310.416
gbr,sex_f,edu_isced11_total,mts_details_sep,2022,1443.046
gbr,sex_f,edu_isced11_total,mts_details_sep,2023,1477.032
gbr,sex_f,edu_isced11_total,mts_details_sep,2024,1555.074
gbr,sex_f,edu_isced11_total,mts_details_sgle,2005,2565.792
gbr,sex_f,edu_isced11_total,mts_details_sgle,2006,2576.235
gbr,sex_f,edu_isced11_total,mts_details_sgle,2007,2672.962
gbr,sex_f,edu_isced11_total,mts_details_sgle,2008,2724.525
gbr,sex_f,edu_isced11_total,mts_details_sgle,2009,2770.882
gbr,sex_f,edu_isced11_total,mts_details_sgle,2010,2869.865
gbr,sex_f,edu_isced11_total,mts_details_sgle,2011,2891.206
gbr,sex_f,edu_isced11_total,mts_details_sgle,2012,2877.091
gbr,sex_f,edu_isced11_total,mts_details_sgle,2013,2905.118
gbr,sex_f,edu_isced11_total,mts_details_sgle,2014,2855.866
gbr,sex_f,edu_isced11_total,mts_details_sgle,2015,2887.472
gbr,sex_f,edu_isced11_total,mts_details_sgle,2016,2861.413
gbr,sex_f,edu_isced11_total,mts_details_sgle,2017,2883.453
gbr,sex_f,edu_isced11_total,mts_details_sgle,2018,2937.92
gbr,sex_f,edu_isced11_total,mts_details_sgle,2019,2913.271
gbr,sex_f,edu_isced11_total,mts_details_sgle,2020,2997.437
gbr,sex_f,edu_isced11_total,mts_details_sgle,2021,3059.988
gbr,sex_f,edu_isced11_total,mts_details_sgle,2022,3080.62
gbr,sex_f,edu_isced11_total,mts_details_sgle,2023,3329.182
gbr,sex_f,edu_isced11_total,mts_details_sgle,2024,3459.304
gbr,sex_f,edu_isced11_total,mts_details_total,2005,11239.308
gbr,sex_f,edu_isced11_total,mts_details_total,2006,11211.714
gbr,sex_f,edu_isced11_total,mts_details_total,2007,11375.536
gbr,sex_f,edu_isced11_total,mts_details_total,2008,11386.812
gbr,sex_f,edu_isced11_total,mts_details_total,2009,11428.344
gbr,sex_f,edu_isced11_total,mts_details_total,2010,11548.659
gbr,sex_f,edu_isced11_total,mts_details_total,2011,11596.43
gbr,sex_f,edu_isced11_total,mts_details_total,2012,11602.923
gbr,sex_f,edu_isced11_total,mts_details_total,2013,11573.784
gbr,sex_f,edu_isced11_total,mts_details_total,2014,11573.484
gbr,sex_f,edu_isced11_total,mts_details_total,2015,11587.966
gbr,sex_f,edu_isced11_total,mts_details_total,2016,11565.569
gbr,sex_f,edu_isced11_total,mts_details_total,2017,11570.494
gbr,sex_f,edu_isced11_total,mts_details_total,2018,11561.528
gbr,sex_f,edu_isced11_total,mts_details_total,2019,11460.233
gbr,sex_f,edu_isced11_total,mts_details_total,2020,11459.5
gbr,sex_f,edu_isced11_total,mts_details_total,2021,11530.034
gbr,sex_f,edu_isced11_total,mts_details_total,2022,11653.35
gbr,sex_f,edu_isced11_total,mts_details_total,2023,11857.984
gbr,sex_f,edu_isced11_total,mts_details_total,2024,12022.265
gbr,sex_f,edu_isced11_total,mts_details_union,2006,2.214
gbr,sex_f,edu_isced11_total,mts_details_union,2007,5.763
gbr,sex_f,edu_isced11_total,mts_details_union,2008,6.541
gbr,sex_f,edu_isced11_total,mts_details_union,2009,5.266
gbr,sex_f,edu_isced11_total,mts_details_union,2010,7.258
gbr,sex_f,edu_isced11_total,mts_details_union,2011,13.63
gbr,sex_f,edu_isced11_total,mts_details_union,2012,14.126
gbr,sex_f,edu_isced11_total,mts_details_union,2013,12.893
gbr,sex_f,edu_isced11_total,mts_details_union,2014,11.853
gbr,sex_f,edu_isced11_total,mts_details_union,2015,9.088
gbr,sex_f,edu_isced11_total,mts_details_union,2016,7.611
gbr,sex_f,edu_isced11_total,mts_details_union,2017,17.434
gbr,sex_f,edu_isced11_total,mts_details_union,2018,21.325
gbr,sex_f,edu_isced11_total,mts_details_union,2019,13.955
gbr,sex_f,edu_isced11_total,mts_details_union,2020,22.072
gbr,sex_f,edu_isced11_total,mts_details_union,2021,16.677
gbr,sex_f,edu_isced11_total,mts_details_union,2022,32.217
gbr,sex_f,edu_isced11_total,mts_details_union,2023,47.788
gbr,sex_f,edu_isced11_total,mts_details_union,2024,50.834
gbr,sex_f,edu_isced11_total,mts_details_wid,2005,2390.16
gbr,sex_f,edu_isced11_total,mts_details_wid,2006,2372.238
gbr,sex_f,edu_isced11_total,mts_details_wid,2007,2347.615
gbr,sex_f,edu_isced11_total,mts_details_wid,2008,2305.999
gbr,sex_f,edu_isced11_total,mts_details_wid,2009,2277.274
gbr,sex_f,edu_isced11_total,mts_details_wid,2010,2268.186
gbr,sex_f,edu_isced11_total,mts_details_wid,2011,2224.815
gbr,sex_f,edu_isced11_total,mts_details_wid,2012,2258.366
gbr,sex_f,edu_isced11_total,mts_details_wid,2013,2238.321
gbr,sex_f,edu_isced11_total,mts_details_wid,2014,2173.052
gbr,sex_f,edu_isced11_total,mts_details_wid,2015,2165.517
gbr,sex_f,edu_isced11_total,mts_details_wid,2016,2182.902
gbr,sex_f,edu_isced11_total,mts_details_wid,2017,2095.806
gbr,sex_f,edu_isced11_total,mts_details_wid,2018,2081.098
gbr,sex_f,edu_isced11_total,mts_details_wid,2019,2098.84
gbr,sex_f,edu_isced11_total,mts_details_wid,2020,1976.805
gbr,sex_f,edu_isced11_total,mts_details_wid,2021,1950.374
gbr,sex_f,edu_isced11_total,mts_details_wid,2022,1913.623
gbr,sex_f,edu_isced11_total,mts_details_wid,2023,1955.046
gbr,sex_f,edu_isced11_total,mts_details_wid,2024,1950.933
gbr,sex_f,edu_isced11_total,mts_details_x,2017,1.03
gbr,sex_f,edu_isced11_x,mts_aggregate_1,2005,132.885
gbr,sex_f,edu_isced11_x,mts_aggregate_1,2006,10.402
gbr,sex_f,edu_isced11_x,mts_aggregate_1,2007,14.517
gbr,sex_f,edu_isced11_x,mts_aggregate_1,2008,1130.714
gbr,sex_f,edu_isced11_x,mts_aggregate_1,2009,1043.95
gbr,sex_f,edu_isced11_x,mts_aggregate_1,2010,996.809
gbr,sex_f,edu_isced11_x,mts_aggregate_1,2011,857.166
gbr,sex_f,edu_isced11_x,mts_aggregate_1,2012,919.346
gbr,sex_f,edu_isced11_x,mts_aggregate_1,2013,865.446
gbr,sex_f,edu_isced11_x,mts_aggregate_1,2014,804.687
gbr,sex_f,edu_isced11_x,mts_aggregate_1,2015,783.553
gbr,sex_f,edu_isced11_x,mts_aggregate_1,2016,735.592
gbr,sex_f,edu_isced11_x,mts_aggregate_1,2017,705.852
gbr,sex_f,edu_isced11_x,mts_aggregate_1,2018,659.943
gbr,sex_f,edu_isced11_x,mts_aggregate_1,2019,651.112
gbr,sex_f,edu_isced11_x,mts_aggregate_1,2020,613.87
gbr,sex_f,edu_isced11_x,mts_aggregate_1,2021,576.004
gbr,sex_f,edu_isced11_x,mts_aggregate_2,2005,117.427
gbr,sex_f,edu_isced11_x,mts_aggregate_2,2006,10.22
gbr,sex_f,edu_isced11_x,mts_aggregate_2,2007,13.148
gbr,sex_f,edu_isced11_x,mts_aggregate_2,2008,1269.755
gbr,sex_f,edu_isced11_x,mts_aggregate_2,2009,1129.374
gbr,sex_f,edu_isced11_x,mts_aggregate_2,2010,1040.388
gbr,sex_f,edu_isced11_x,mts_aggregate_2,2011,824.211
gbr,sex_f,edu_isced11_x,mts_aggregate_2,2012,874.522
gbr,sex_f,edu_isced11_x,mts_aggregate_2,2013,862.492
gbr,sex_f,edu_isced11_x,mts_aggregate_2,2014,794.452
gbr,sex_f,edu_isced11_x,mts_aggregate_2,2015,757.944
gbr,sex_f,edu_isced11_x,mts_aggregate_2,2016,679.74
gbr,sex_f,edu_isced11_x,mts_aggregate_2,2017,640.938
gbr,sex_f,edu_isced11_x,mts_aggregate_2,2018,563.413
gbr,sex_f,edu_isced11_x,mts_aggregate_2,2019,529.656
gbr,sex_f,edu_isced11_x,mts_aggregate_2,2020,441.368
gbr,sex_f,edu_isced11_x,mts_aggregate_2,2021,444.101
gbr,sex_f,edu_isced11_x,mts_aggregate_total,2005,250.311
gbr,sex_f,edu_isced11_x,mts_aggregate_total,2006,20.622
gbr,sex_f,edu_isced11_x,mts_aggregate_total,2007,27.665
gbr,sex_f,edu_isced11_x,mts_aggregate_total,2008,2400.469
gbr,sex_f,edu_isced11_x,mts_aggregate_total,2009,2173.39
gbr,sex_f,edu_isced11_x,mts_aggregate_total,2010,2037.197
gbr,sex_f,edu_isced11_x,mts_aggregate_total,2011,1681.377
gbr,sex_f,edu_isced11_x,mts_aggregate_total,2012,1793.868
gbr,sex_f,edu_isced11_x,mts_aggregate_total,2013,1727.938
gbr,sex_f,edu_isced11_x,mts_aggregate_total,2014,1599.139
gbr,sex_f,edu_isced11_x,mts_aggregate_total,2015,1541.497
gbr,sex_f,edu_isced11_x,mts_aggregate_total,2016,1415.333
gbr,sex_f,edu_isced11_x,mts_aggregate_total,2017,1346.791
gbr,sex_f,edu_isced11_x,mts_aggregate_total,2018,1223.357
gbr,sex_f,edu_isced11_x,mts_aggregate_total,2019,1180.768
gbr,sex_f,edu_isced11_x,mts_aggregate_total,2020,1055.237
gbr,sex_f,edu_isced11_x,mts_aggregate_total,2021,1020.105
gbr,sex_f,edu_isced11_x,mts_details_mrd,2005,117.427
gbr,sex_f,edu_isced11_x,mts_details_mrd,2006,10.22
gbr,sex_f,edu_isced11_x,mts_details_mrd,2007,13.148
gbr,sex_f,edu_isced11_x,mts_details_mrd,2008,1268.643
gbr,sex_f,edu_isced11_x,mts_details_mrd,2009,1128.693
gbr,sex_f,edu_isced11_x,mts_details_mrd,2010,1039.715
gbr,sex_f,edu_isced11_x,mts_details_mrd,2011,823.386
gbr,sex_f,edu_isced11_x,mts_details_mrd,2012,872.699
gbr,sex_f,edu_isced11_x,mts_details_mrd,2013,860.914
gbr,sex_f,edu_isced11_x,mts_details_mrd,2014,793.83
gbr,sex_f,edu_isced11_x,mts_details_mrd,2015,756.872
gbr,sex_f,edu_isced11_x,mts_details_mrd,2016,679.061
gbr,sex_f,edu_isced11_x,mts_details_mrd,2017,639.272
gbr,sex_f,edu_isced11_x,mts_details_mrd,2018,559.934
gbr,sex_f,edu_isced11_x,mts_details_mrd,2019,529.656
gbr,sex_f,edu_isced11_x,mts_details_mrd,2020,440.2
gbr,sex_f,edu_isced11_x,mts_details_mrd,2021,443.699
gbr,sex_f,edu_isced11_x,mts_details_sep,2005,40.624
gbr,sex_f,edu_isced11_x,mts_details_sep,2006,2.041
gbr,sex_f,edu_isced11_x,mts_details_sep,2007,2.338
gbr,sex_f,edu_isced11_x,mts_details_sep,2008,370.596
gbr,sex_f,edu_isced11_x,mts_details_sep,2009,320.627
gbr,sex_f,edu_isced11_x,mts_details_sep,2010,313.758
gbr,sex_f,edu_isced11_x,mts_details_sep,2011,277.828
gbr,sex_f,edu_isced11_x,mts_details_sep,2012,288.377
gbr,sex_f,edu_isced11_x,mts_details_sep,2013,258.436
gbr,sex_f,edu_isced11_x,mts_details_sep,2014,249.111
gbr,sex_f,edu_isced11_x,mts_details_sep,2015,231.843
gbr,sex_f,edu_isced11_x,mts_details_sep,2016,226.045
gbr,sex_f,edu_isced11_x,mts_details_sep,2017,188.796
gbr,sex_f,edu_isced11_x,mts_details_sep,2018,181.546
gbr,sex_f,edu_isced11_x,mts_details_sep,2019,177.752
gbr,sex_f,edu_isced11_x,mts_details_sep,2020,162.928
gbr,sex_f,edu_isced11_x,mts_details_sep,2021,130.944
gbr,sex_f,edu_isced11_x,mts_details_sgle,2005,84.001
gbr,sex_f,edu_isced11_x,mts_details_sgle,2006,8.055
gbr,sex_f,edu_isced11_x,mts_details_sgle,2007,11.918
gbr,sex_f,edu_isced11_x,mts_details_sgle,2008,520.514
gbr,sex_f,edu_isced11_x,mts_details_sgle,2009,506.718
gbr,sex_f,edu_isced11_x,mts_details_sgle,2010,490.748
gbr,sex_f,edu_isced11_x,mts_details_sgle,2011,455.683
gbr,sex_f,edu_isced11_x,mts_details_sgle,2012,455.71
gbr,sex_f,edu_isced11_x,mts_details_sgle,2013,438.168
gbr,sex_f,edu_isced11_x,mts_details_sgle,2014,410.707
gbr,sex_f,edu_isced11_x,mts_details_sgle,2015,415.887
gbr,sex_f,edu_isced11_x,mts_details_sgle,2016,391.38
gbr,sex_f,edu_isced11_x,mts_details_sgle,2017,412.534
gbr,sex_f,edu_isced11_x,mts_details_sgle,2018,382.397
gbr,sex_f,edu_isced11_x,mts_details_sgle,2019,388.043
gbr,sex_f,edu_isced11_x,mts_details_sgle,2020,372.105
gbr,sex_f,edu_isced11_x,mts_details_sgle,2021,377.157
gbr,sex_f,edu_isced11_x,mts_details_total,2005,250.311
gbr,sex_f,edu_isced11_x,mts_details_total,2006,20.622
gbr,sex_f,edu_isced11_x,mts_details_total,2007,27.665
gbr,sex_f,edu_isced11_x,mts_details_total,2008,2400.469
gbr,sex_f,edu_isced11_x,mts_details_total,2009,2173.39
gbr,sex_f,edu_isced11_x,mts_details_total,2010,2037.197
gbr,sex_f,edu_isced11_x,mts_details_total,2011,1681.377
gbr,sex_f,edu_isced11_x,mts_details_total,2012,1793.868
gbr,sex_f,edu_isced11_x,mts_details_total,2013,1727.938
gbr,sex_f,edu_isced11_x,mts_details_total,2014,1599.139
gbr,sex_f,edu_isced11_x,mts_details_total,2015,1541.497
gbr,sex_f,edu_isced11_x,mts_details_total,2016,1415.333
gbr,sex_f,edu_isced11_x,mts_details_total,2017,1346.791
gbr,sex_f,edu_isced11_x,mts_details_total,2018,1223.357
gbr,sex_f,edu_isced11_x,mts_details_total,2019,1180.768
gbr,sex_f,edu_isced11_x,mts_details_total,2020,1055.237
gbr,sex_f,edu_isced11_x,mts_details_total,2021,1020.105
gbr,sex_f,edu_isced11_x,mts_details_union,2008,1.112
gbr,sex_f,edu_isced11_x,mts_details_union,2009,0.682
gbr,sex_f,edu_isced11_x,mts_details_union,2010,0.673
gbr,sex_f,edu_isced11_x,mts_details_union,2011,0.825
gbr,sex_f,edu_isced11_x,mts_details_union,2012,1.823
gbr,sex_f,edu_isced11_x,mts_details_union,2013,1.578
gbr,sex_f,edu_isced11_x,mts_details_union,2015,1.071
gbr,sex_f,edu_isced11_x,mts_details_union,2016,0.68
gbr,sex_f,edu_isced11_x,mts_details_union,2017,1.666
gbr,sex_f,edu_isced11_x,mts_details_union,2018,3.479
gbr,sex_f,edu_isced11_x,mts_details_union,2020,1.168
gbr,sex_f,edu_isced11_x,mts_details_wid,2005,8.259
gbr,sex_f,edu_isced11_x,mts_details_wid,2008,239.605
gbr,sex_f,edu_isced11_x,mts_details_wid,2009,216.606
gbr,sex_f,edu_isced11_x,mts_details_wid,2010,192.303
gbr,sex_f,edu_isced11_x,mts_details_wid,2011,123.654
gbr,sex_f,edu_isced11_x,mts_details_wid,2012,175.259
gbr,sex_f,edu_isced11_x,mts_details_wid,2013,168.842
gbr,sex_f,edu_isced11_x,mts_details_wid,2014,144.869
gbr,sex_f,edu_isced11_x,mts_details_wid,2015,135.824
gbr,sex_f,edu_isced11_x,mts_details_wid,2016,118.168
gbr,sex_f,edu_isced11_x,mts_details_wid,2017,104.522
gbr,sex_f,edu_isced11_x,mts_details_wid,2018,96
gbr,sex_f,edu_isced11_x,mts_details_wid,2019,85.317
gbr,sex_f,edu_isced11_x,mts_details_wid,2020,78.837
gbr,sex_f,edu_isced11_x,mts_details_wid,2021,67.903
gbr,sex_f,edu_isced97_0,mts_aggregate_1,2001,18.96
gbr,sex_f,edu_isced97_0,mts_aggregate_1,2002,27.866
gbr,sex_f,edu_isced97_0,mts_aggregate_1,2003,23.057
gbr,sex_f,edu_isced97_0,mts_aggregate_1,2004,18.411
gbr,sex_f,edu_isced97_0,mts_aggregate_2,2001,23.459
gbr,sex_f,edu_isced97_0,mts_aggregate_2,2002,23.689
gbr,sex_f,edu_isced97_0,mts_aggregate_2,2003,29.096
gbr,sex_f,edu_isced97_0,mts_aggregate_2,2004,16.953
gbr,sex_f,edu_isced97_0,mts_aggregate_total,2001,42.419
gbr,sex_f,edu_isced97_0,mts_aggregate_total,2002,51.555
gbr,sex_f,edu_isced97_0,mts_aggregate_total,2003,52.153
gbr,sex_f,edu_isced97_0,mts_aggregate_total,2004,35.364
gbr,sex_f,edu_isced97_2,mts_aggregate_1,1999,818.81
gbr,sex_f,edu_isced97_2,mts_aggregate_1,2000,794.242
gbr,sex_f,edu_isced97_2,mts_aggregate_1,2001,814.234
gbr,sex_f,edu_isced97_2,mts_aggregate_1,2002,795.182
gbr,sex_f,edu_isced97_2,mts_aggregate_1,2003,815.042
gbr,sex_f,edu_isced97_2,mts_aggregate_1,2004,836.529
gbr,sex_f,edu_isced97_2,mts_aggregate_2,1999,877.559
gbr,sex_f,edu_isced97_2,mts_aggregate_2,2000,849.319
gbr,sex_f,edu_isced97_2,mts_aggregate_2,2001,790.456
gbr,sex_f,edu_isced97_2,mts_aggregate_2,2002,746.408
gbr,sex_f,edu_isced97_2,mts_aggregate_2,2003,701.828
gbr,sex_f,edu_isced97_2,mts_aggregate_2,2004,671.587
gbr,sex_f,edu_isced97_2,mts_aggregate_total,1999,1696.369
gbr,sex_f,edu_isced97_2,mts_aggregate_total,2000,1643.561
gbr,sex_f,edu_isced97_2,mts_aggregate_total,2001,1604.69
gbr,sex_f,edu_isced97_2,mts_aggregate_total,2002,1541.59
gbr,sex_f,edu_isced97_2,mts_aggregate_total,2003,1516.87
gbr,sex_f,edu_isced97_2,mts_aggregate_total,2004,1508.116
gbr,sex_f,edu_isced97_3,mts_aggregate_1,1999,1183.54
gbr,sex_f,edu_isced97_3,mts_aggregate_1,2000,1188.454
gbr,sex_f,edu_isced97_3,mts_aggregate_1,2001,1271.228
gbr,sex_f,edu_isced97_3,mts_aggregate_1,2002,1291.267
gbr,sex_f,edu_isced97_3,mts_aggregate_1,2003,1320.478
gbr,sex_f,edu_isced97_3,mts_aggregate_1,2004,1477.985
gbr,sex_f,edu_isced97_3,mts_aggregate_2,1999,988.166
gbr,sex_f,edu_isced97_3,mts_aggregate_2,2000,944.777
gbr,sex_f,edu_isced97_3,mts_aggregate_2,2001,941.797
gbr,sex_f,edu_isced97_3,mts_aggregate_2,2002,948.583
gbr,sex_f,edu_isced97_3,mts_aggregate_2,2003,910.913
gbr,sex_f,edu_isced97_3,mts_aggregate_2,2004,1163.821
gbr,sex_f,edu_isced97_3,mts_aggregate_total,1999,2171.706
gbr,sex_f,edu_isced97_3,mts_aggregate_total,2000,2133.231
gbr,sex_f,edu_isced97_3,mts_aggregate_total,2001,2213.025
gbr,sex_f,edu_isced97_3,mts_aggregate_total,2002,2239.85
gbr,sex_f,edu_isced97_3,mts_aggregate_total,2003,2231.391
gbr,sex_f,edu_isced97_3,mts_aggregate_total,2004,2641.806
gbr,sex_f,edu_isced97_4,mts_aggregate_1,2004,3.787
gbr,sex_f,edu_isced97_4,mts_aggregate_2,2004,3.106
gbr,sex_f,edu_isced97_4,mts_aggregate_total,2004,6.893
gbr,sex_f,edu_isced97_5,mts_aggregate_1,1999,171.398
gbr,sex_f,edu_isced97_5,mts_aggregate_1,2000,182.093
gbr,sex_f,edu_isced97_5,mts_aggregate_1,2001,194.633
gbr,sex_f,edu_isced97_5,mts_aggregate_1,2002,195.952
gbr,sex_f,edu_isced97_5,mts_aggregate_1,2003,209.353
gbr,sex_f,edu_isced97_5,mts_aggregate_1,2004,221.798
gbr,sex_f,edu_isced97_5,mts_aggregate_2,1999,297.227
gbr,sex_f,edu_isced97_5,mts_aggregate_2,2000,324.339
gbr,sex_f,edu_isced97_5,mts_aggregate_2,2001,334.134
gbr,sex_f,edu_isced97_5,mts_aggregate_2,2002,327.674
gbr,sex_f,edu_isced97_5,mts_aggregate_2,2003,351.031
gbr,sex_f,edu_isced97_5,mts_aggregate_2,2004,362.647
gbr,sex_f,edu_isced97_5,mts_aggregate_total,1999,468.625
gbr,sex_f,edu_isced97_5,mts_aggregate_total,2000,506.432
gbr,sex_f,edu_isced97_5,mts_aggregate_total,2001,528.767
gbr,sex_f,edu_isced97_5,mts_aggregate_total,2002,523.626
gbr,sex_f,edu_isced97_5,mts_aggregate_total,2003,560.384
gbr,sex_f,edu_isced97_5,mts_aggregate_total,2004,584.445
gbr,sex_f,edu_isced97_6,mts_aggregate_1,2000,2.363
gbr,sex_f,edu_isced97_6,mts_aggregate_1,2002,2.037
gbr,sex_f,edu_isced97_6,mts_aggregate_1,2004,3.884
gbr,sex_f,edu_isced97_6,mts_aggregate_2,1999,2.396
gbr,sex_f,edu_isced97_6,mts_aggregate_2,2000,5.369
gbr,sex_f,edu_isced97_6,mts_aggregate_2,2001,3.842
gbr,sex_f,edu_isced97_6,mts_aggregate_2,2002,4.723
gbr,sex_f,edu_isced97_6,mts_aggregate_2,2003,3.832
gbr,sex_f,edu_isced97_6,mts_aggregate_2,2004,3.366
gbr,sex_f,edu_isced97_6,mts_aggregate_total,1999,3.649
gbr,sex_f,edu_isced97_6,mts_aggregate_total,2000,7.732
gbr,sex_f,edu_isced97_6,mts_aggregate_total,2001,4.23
gbr,sex_f,edu_isced97_6,mts_aggregate_total,2002,6.76
gbr,sex_f,edu_isced97_6,mts_aggregate_total,2003,5.541
gbr,sex_f,edu_isced97_6,mts_aggregate_total,2004,7.25
gbr,sex_f,edu_isced97_total,mts_aggregate_1,1999,5945.505
gbr,sex_f,edu_isced97_total,mts_aggregate_1,2000,5880.105
gbr,sex_f,edu_isced97_total,mts_aggregate_1,2001,6029.259
gbr,sex_f,edu_isced97_total,mts_aggregate_1,2002,5956.098
gbr,sex_f,edu_isced97_total,mts_aggregate_1,2003,6063.599
gbr,sex_f,edu_isced97_total,mts_aggregate_1,2004,6074.967
gbr,sex_f,edu_isced97_total,mts_aggregate_2,1999,5254.37
gbr,sex_f,edu_isced97_total,mts_aggregate_2,2000,5270.109
gbr,sex_f,edu_isced97_total,mts_aggregate_2,2001,5212.636
gbr,sex_f,edu_isced97_total,mts_aggregate_2,2002,5201.278
gbr,sex_f,edu_isced97_total,mts_aggregate_2,2003,5173.174
gbr,sex_f,edu_isced97_total,mts_aggregate_2,2004,5156.837
gbr,sex_f,edu_isced97_total,mts_aggregate_total,1999,11199.875
gbr,sex_f,edu_isced97_total,mts_aggregate_total,2000,11150.214
gbr,sex_f,edu_isced97_total,mts_aggregate_total,2001,11241.895
gbr,sex_f,edu_isced97_total,mts_aggregate_total,2002,11157.376
gbr,sex_f,edu_isced97_total,mts_aggregate_total,2003,11236.773
gbr,sex_f,edu_isced97_total,mts_aggregate_total,2004,11231.804
gbr,sex_f,edu_isced97_unk,mts_aggregate_1,1999,3770.504
gbr,sex_f,edu_isced97_unk,mts_aggregate_1,2000,3712.953
gbr,sex_f,edu_isced97_unk,mts_aggregate_1,2001,3729.816
gbr,sex_f,edu_isced97_unk,mts_aggregate_1,2002,3643.794
gbr,sex_f,edu_isced97_unk,mts_aggregate_1,2003,3693.96
gbr,sex_f,edu_isced97_unk,mts_aggregate_1,2004,3512.573
gbr,sex_f,edu_isced97_unk,mts_aggregate_2,1999,3089.022
gbr,sex_f,edu_isced97_unk,mts_aggregate_2,2000,3146.305
gbr,sex_f,edu_isced97_unk,mts_aggregate_2,2001,3118.948
gbr,sex_f,edu_isced97_unk,mts_aggregate_2,2002,3150.201
gbr,sex_f,edu_isced97_unk,mts_aggregate_2,2003,3176.474
gbr,sex_f,edu_isced97_unk,mts_aggregate_2,2004,2935.357
gbr,sex_f,edu_isced97_unk,mts_aggregate_total,1999,6859.526
gbr,sex_f,edu_isced97_unk,mts_aggregate_total,2000,6859.258
gbr,sex_f,edu_isced97_unk,mts_aggregate_total,2001,6848.764
gbr,sex_f,edu_isced97_unk,mts_aggregate_total,2002,6793.995
gbr,sex_f,edu_isced97_unk,mts_aggregate_total,2003,6870.434
gbr,sex_f,edu_isced97_unk,mts_aggregate_total,2004,6447.93
gbr,sex_m,edu_aggregate_adv,mts_aggregate_1,1999,151.472
gbr,sex_m,edu_aggregate_adv,mts_aggregate_1,2000,140.327
gbr,sex_m,edu_aggregate_adv,mts_aggregate_1,2001,158.127
gbr,sex_m,edu_aggregate_adv,mts_aggregate_1,2002,174.68
gbr,sex_m,edu_aggregate_adv,mts_aggregate_1,2003,177.198
gbr,sex_m,edu_aggregate_adv,mts_aggregate_1,2004,195.426
gbr,sex_m,edu_aggregate_adv,mts_aggregate_1,2005,26.439
gbr,sex_m,edu_aggregate_adv,mts_aggregate_1,2006,160.215
gbr,sex_m,edu_aggregate_adv,mts_aggregate_1,2007,173.968
gbr,sex_m,edu_aggregate_adv,mts_aggregate_1,2008,200.948
gbr,sex_m,edu_aggregate_adv,mts_aggregate_1,2009,224.715
gbr,sex_m,edu_aggregate_adv,mts_aggregate_1,2010,255.478
gbr,sex_m,edu_aggregate_adv,mts_aggregate_1,2011,267.114
gbr,sex_m,edu_aggregate_adv,mts_aggregate_1,2012,281.761
gbr,sex_m,edu_aggregate_adv,mts_aggregate_1,2013,297.492
gbr,sex_m,edu_aggregate_adv,mts_aggregate_1,2014,305.912
gbr,sex_m,edu_aggregate_adv,mts_aggregate_1,2015,325.396
gbr,sex_m,edu_aggregate_adv,mts_aggregate_1,2016,342.905
gbr,sex_m,edu_aggregate_adv,mts_aggregate_1,2017,342.031
gbr,sex_m,edu_aggregate_adv,mts_aggregate_1,2018,340.482
gbr,sex_m,edu_aggregate_adv,mts_aggregate_1,2019,380.362
gbr,sex_m,edu_aggregate_adv,mts_aggregate_1,2020,348.642
gbr,sex_m,edu_aggregate_adv,mts_aggregate_1,2021,393.985
gbr,sex_m,edu_aggregate_adv,mts_aggregate_1,2022,492.634
gbr,sex_m,edu_aggregate_adv,mts_aggregate_1,2023,533.545
gbr,sex_m,edu_aggregate_adv,mts_aggregate_1,2024,511.581
gbr,sex_m,edu_aggregate_adv,mts_aggregate_2,1999,198.025
gbr,sex_m,edu_aggregate_adv,mts_aggregate_2,2000,213.636
gbr,sex_m,edu_aggregate_adv,mts_aggregate_2,2001,190.806
gbr,sex_m,edu_aggregate_adv,mts_aggregate_2,2002,204.761
gbr,sex_m,edu_aggregate_adv,mts_aggregate_2,2003,205
gbr,sex_m,edu_aggregate_adv,mts_aggregate_2,2004,228.816
gbr,sex_m,edu_aggregate_adv,mts_aggregate_2,2005,27.545
gbr,sex_m,edu_aggregate_adv,mts_aggregate_2,2006,179.498
gbr,sex_m,edu_aggregate_adv,mts_aggregate_2,2007,189.279
gbr,sex_m,edu_aggregate_adv,mts_aggregate_2,2008,313.284
gbr,sex_m,edu_aggregate_adv,mts_aggregate_2,2009,322.919
gbr,sex_m,edu_aggregate_adv,mts_aggregate_2,2010,325.058
gbr,sex_m,edu_aggregate_adv,mts_aggregate_2,2011,300.884
gbr,sex_m,edu_aggregate_adv,mts_aggregate_2,2012,390.41
gbr,sex_m,edu_aggregate_adv,mts_aggregate_2,2013,419.758
gbr,sex_m,edu_aggregate_adv,mts_aggregate_2,2014,445.33
gbr,sex_m,edu_aggregate_adv,mts_aggregate_2,2015,424.404
gbr,sex_m,edu_aggregate_adv,mts_aggregate_2,2016,432.922
gbr,sex_m,edu_aggregate_adv,mts_aggregate_2,2017,459.237
gbr,sex_m,edu_aggregate_adv,mts_aggregate_2,2018,467.966
gbr,sex_m,edu_aggregate_adv,mts_aggregate_2,2019,470.525
gbr,sex_m,edu_aggregate_adv,mts_aggregate_2,2020,499.482
gbr,sex_m,edu_aggregate_adv,mts_aggregate_2,2021,514.919
gbr,sex_m,edu_aggregate_adv,mts_aggregate_2,2022,625.03
gbr,sex_m,edu_aggregate_adv,mts_aggregate_2,2023,600.653
gbr,sex_m,edu_aggregate_adv,mts_aggregate_2,2024,632.367
gbr,sex_m,edu_aggregate_adv,mts_aggregate_total,1999,349.497
gbr,sex_m,edu_aggregate_adv,mts_aggregate_total,2000,353.963
gbr,sex_m,edu_aggregate_adv,mts_aggregate_total,2001,348.933
gbr,sex_m,edu_aggregate_adv,mts_aggregate_total,2002,379.441
gbr,sex_m,edu_aggregate_adv,mts_aggregate_total,2003,382.198
gbr,sex_m,edu_aggregate_adv,mts_aggregate_total,2004,424.242
gbr,sex_m,edu_aggregate_adv,mts_aggregate_total,2005,53.984
gbr,sex_m,edu_aggregate_adv,mts_aggregate_total,2006,339.712
gbr,sex_m,edu_aggregate_adv,mts_aggregate_total,2007,363.247
gbr,sex_m,edu_aggregate_adv,mts_aggregate_total,2008,514.232
gbr,sex_m,edu_aggregate_adv,mts_aggregate_total,2009,547.635
gbr,sex_m,edu_aggregate_adv,mts_aggregate_total,2010,580.537
gbr,sex_m,edu_aggregate_adv,mts_aggregate_total,2011,567.997
gbr,sex_m,edu_aggregate_adv,mts_aggregate_total,2012,672.171
gbr,sex_m,edu_aggregate_adv,mts_aggregate_total,2013,717.249
gbr,sex_m,edu_aggregate_adv,mts_aggregate_total,2014,751.242
gbr,sex_m,edu_aggregate_adv,mts_aggregate_total,2015,749.8
gbr,sex_m,edu_aggregate_adv,mts_aggregate_total,2016,775.828
gbr,sex_m,edu_aggregate_adv,mts_aggregate_total,2017,801.268
gbr,sex_m,edu_aggregate_adv,mts_aggregate_total,2018,808.449
gbr,sex_m,edu_aggregate_adv,mts_aggregate_total,2019,850.887
gbr,sex_m,edu_aggregate_adv,mts_aggregate_total,2020,848.124
gbr,sex_m,edu_aggregate_adv,mts_aggregate_total,2021,908.904
gbr,sex_m,edu_aggregate_adv,mts_aggregate_total,2022,1117.664
gbr,sex_m,edu_aggregate_adv,mts_aggregate_total,2023,1134.198
gbr,sex_m,edu_aggregate_adv,mts_aggregate_total,2024,1143.948
gbr,sex_m,edu_aggregate_adv,mts_details_mrd,2005,27.545
gbr,sex_m,edu_aggregate_adv,mts_details_mrd,2006,177.343
gbr,sex_m,edu_aggregate_adv,mts_details_mrd,2007,188.625
gbr,sex_m,edu_aggregate_adv,mts_details_mrd,2008,312.138
gbr,sex_m,edu_aggregate_adv,mts_details_mrd,2009,319.907
gbr,sex_m,edu_aggregate_adv,mts_details_mrd,2010,322.781
gbr,sex_m,edu_aggregate_adv,mts_details_mrd,2011,297.834
gbr,sex_m,edu_aggregate_adv,mts_details_mrd,2012,387.162
gbr,sex_m,edu_aggregate_adv,mts_details_mrd,2013,415.977
gbr,sex_m,edu_aggregate_adv,mts_details_mrd,2014,442.553
gbr,sex_m,edu_aggregate_adv,mts_details_mrd,2015,420.857
gbr,sex_m,edu_aggregate_adv,mts_details_mrd,2016,430.279
gbr,sex_m,edu_aggregate_adv,mts_details_mrd,2017,455.359
gbr,sex_m,edu_aggregate_adv,mts_details_mrd,2018,463.198
gbr,sex_m,edu_aggregate_adv,mts_details_mrd,2019,466.584
gbr,sex_m,edu_aggregate_adv,mts_details_mrd,2020,491.439
gbr,sex_m,edu_aggregate_adv,mts_details_mrd,2021,505.793
gbr,sex_m,edu_aggregate_adv,mts_details_mrd,2022,613.627
gbr,sex_m,edu_aggregate_adv,mts_details_mrd,2023,592.057
gbr,sex_m,edu_aggregate_adv,mts_details_mrd,2024,618.032
gbr,sex_m,edu_aggregate_adv,mts_details_sep,2005,6.181
gbr,sex_m,edu_aggregate_adv,mts_details_sep,2006,31.952
gbr,sex_m,edu_aggregate_adv,mts_details_sep,2007,31.101
gbr,sex_m,edu_aggregate_adv,mts_details_sep,2008,38.272
gbr,sex_m,edu_aggregate_adv,mts_details_sep,2009,48.576
gbr,sex_m,edu_aggregate_adv,mts_details_sep,2010,61.737
gbr,sex_m,edu_aggregate_adv,mts_details_sep,2011,53.087
gbr,sex_m,edu_aggregate_adv,mts_details_sep,2012,65.854
gbr,sex_m,edu_aggregate_adv,mts_details_sep,2013,69.4
gbr,sex_m,edu_aggregate_adv,mts_details_sep,2014,72.004
gbr,sex_m,edu_aggregate_adv,mts_details_sep,2015,71.737
gbr,sex_m,edu_aggregate_adv,mts_details_sep,2016,78.72
gbr,sex_m,edu_aggregate_adv,mts_details_sep,2017,77.585
gbr,sex_m,edu_aggregate_adv,mts_details_sep,2018,76.478
gbr,sex_m,edu_aggregate_adv,mts_details_sep,2019,87.435
gbr,sex_m,edu_aggregate_adv,mts_details_sep,2020,69.396
gbr,sex_m,edu_aggregate_adv,mts_details_sep,2021,71.318
gbr,sex_m,edu_aggregate_adv,mts_details_sep,2022,109.603
gbr,sex_m,edu_aggregate_adv,mts_details_sep,2023,108.018
gbr,sex_m,edu_aggregate_adv,mts_details_sep,2024,109.388
gbr,sex_m,edu_aggregate_adv,mts_details_sgle,2005,19.599
gbr,sex_m,edu_aggregate_adv,mts_details_sgle,2006,121.5
gbr,sex_m,edu_aggregate_adv,mts_details_sgle,2007,135.119
gbr,sex_m,edu_aggregate_adv,mts_details_sgle,2008,150.855
gbr,sex_m,edu_aggregate_adv,mts_details_sgle,2009,165.596
gbr,sex_m,edu_aggregate_adv,mts_details_sgle,2010,181.396
gbr,sex_m,edu_aggregate_adv,mts_details_sgle,2011,199.011
gbr,sex_m,edu_aggregate_adv,mts_details_sgle,2012,195.887
gbr,sex_m,edu_aggregate_adv,mts_details_sgle,2013,209.954
gbr,sex_m,edu_aggregate_adv,mts_details_sgle,2014,216.806
gbr,sex_m,edu_aggregate_adv,mts_details_sgle,2015,233.657
gbr,sex_m,edu_aggregate_adv,mts_details_sgle,2016,245.542
gbr,sex_m,edu_aggregate_adv,mts_details_sgle,2017,249.262
gbr,sex_m,edu_aggregate_adv,mts_details_sgle,2018,243.643
gbr,sex_m,edu_aggregate_adv,mts_details_sgle,2019,271.21
gbr,sex_m,edu_aggregate_adv,mts_details_sgle,2020,259.916
gbr,sex_m,edu_aggregate_adv,mts_details_sgle,2021,302.655
gbr,sex_m,edu_aggregate_adv,mts_details_sgle,2022,355.912
gbr,sex_m,edu_aggregate_adv,mts_details_sgle,2023,393.369
gbr,sex_m,edu_aggregate_adv,mts_details_sgle,2024,376.617
gbr,sex_m,edu_aggregate_adv,mts_details_total,2005,53.984
gbr,sex_m,edu_aggregate_adv,mts_details_total,2006,339.712
gbr,sex_m,edu_aggregate_adv,mts_details_total,2007,363.247
gbr,sex_m,edu_aggregate_adv,mts_details_total,2008,514.232
gbr,sex_m,edu_aggregate_adv,mts_details_total,2009,547.635
gbr,sex_m,edu_aggregate_adv,mts_details_total,2010,580.537
gbr,sex_m,edu_aggregate_adv,mts_details_total,2011,567.997
gbr,sex_m,edu_aggregate_adv,mts_details_total,2012,672.171
gbr,sex_m,edu_aggregate_adv,mts_details_total,2013,717.249
gbr,sex_m,edu_aggregate_adv,mts_details_total,2014,751.242
gbr,sex_m,edu_aggregate_adv,mts_details_total,2015,749.8
gbr,sex_m,edu_aggregate_adv,mts_details_total,2016,775.828
gbr,sex_m,edu_aggregate_adv,mts_details_total,2017,801.268
gbr,sex_m,edu_aggregate_adv,mts_details_total,2018,808.449
gbr,sex_m,edu_aggregate_adv,mts_details_total,2019,850.887
gbr,sex_m,edu_aggregate_adv,mts_details_total,2020,848.124
gbr,sex_m,edu_aggregate_adv,mts_details_total,2021,908.904
gbr,sex_m,edu_aggregate_adv,mts_details_total,2022,1117.664
gbr,sex_m,edu_aggregate_adv,mts_details_total,2023,1134.198
gbr,sex_m,edu_aggregate_adv,mts_details_total,2024,1143.948
gbr,sex_m,edu_aggregate_adv,mts_details_union,2006,2.155
gbr,sex_m,edu_aggregate_adv,mts_details_union,2007,0.654
gbr,sex_m,edu_aggregate_adv,mts_details_union,2008,1.146
gbr,sex_m,edu_aggregate_adv,mts_details_union,2009,3.012
gbr,sex_m,edu_aggregate_adv,mts_details_union,2010,2.277
gbr,sex_m,edu_aggregate_adv,mts_details_union,2011,3.049
gbr,sex_m,edu_aggregate_adv,mts_details_union,2012,3.248
gbr,sex_m,edu_aggregate_adv,mts_details_union,2013,3.78
gbr,sex_m,edu_aggregate_adv,mts_details_union,2014,2.776
gbr,sex_m,edu_aggregate_adv,mts_details_union,2015,3.546
gbr,sex_m,edu_aggregate_adv,mts_details_union,2016,2.643
gbr,sex_m,edu_aggregate_adv,mts_details_union,2017,3.878
gbr,sex_m,edu_aggregate_adv,mts_details_union,2018,4.768
gbr,sex_m,edu_aggregate_adv,mts_details_union,2019,3.94
gbr,sex_m,edu_aggregate_adv,mts_details_union,2020,8.043
gbr,sex_m,edu_aggregate_adv,mts_details_union,2021,9.126
gbr,sex_m,edu_aggregate_adv,mts_details_union,2022,11.403
gbr,sex_m,edu_aggregate_adv,mts_details_union,2023,8.596
gbr,sex_m,edu_aggregate_adv,mts_details_union,2024,14.335
gbr,sex_m,edu_aggregate_adv,mts_details_wid,2005,0.658
gbr,sex_m,edu_aggregate_adv,mts_details_wid,2006,6.762
gbr,sex_m,edu_aggregate_adv,mts_details_wid,2007,7.747
gbr,sex_m,edu_aggregate_adv,mts_details_wid,2008,11.822
gbr,sex_m,edu_aggregate_adv,mts_details_wid,2009,10.543
gbr,sex_m,edu_aggregate_adv,mts_details_wid,2010,12.345
gbr,sex_m,edu_aggregate_adv,mts_details_wid,2011,15.015
gbr,sex_m,edu_aggregate_adv,mts_details_wid,2012,20.02
gbr,sex_m,edu_aggregate_adv,mts_details_wid,2013,18.138
gbr,sex_m,edu_aggregate_adv,mts_details_wid,2014,17.102
gbr,sex_m,edu_aggregate_adv,mts_details_wid,2015,20.002
gbr,sex_m,edu_aggregate_adv,mts_details_wid,2016,18.642
gbr,sex_m,edu_aggregate_adv,mts_details_wid,2017,15.184
gbr,sex_m,edu_aggregate_adv,mts_details_wid,2018,20.362
gbr,sex_m,edu_aggregate_adv,mts_details_wid,2019,21.718
gbr,sex_m,edu_aggregate_adv,mts_details_wid,2020,19.33
gbr,sex_m,edu_aggregate_adv,mts_details_wid,2021,20.012
gbr,sex_m,edu_aggregate_adv,mts_details_wid,2022,27.12
gbr,sex_m,edu_aggregate_adv,mts_details_wid,2023,32.158
gbr,sex_m,edu_aggregate_adv,mts_details_wid,2024,25.576
gbr,sex_m,edu_aggregate_bas,mts_aggregate_1,1999,536.494
gbr,sex_m,edu_aggregate_bas,mts_aggregate_1,2000,515.511
gbr,sex_m,edu_aggregate_bas,mts_aggregate_1,2001,561.722
gbr,sex_m,edu_aggregate_bas,mts_aggregate_1,2002,591.137
gbr,sex_m,edu_aggregate_bas,mts_aggregate_1,2003,540.824
gbr,sex_m,edu_aggregate_bas,mts_aggregate_1,2004,616.677
gbr,sex_m,edu_aggregate_bas,mts_aggregate_1,2005,74.839
gbr,sex_m,edu_aggregate_bas,mts_aggregate_1,2006,592.353
gbr,sex_m,edu_aggregate_bas,mts_aggregate_1,2007,629.135
gbr,sex_m,edu_aggregate_bas,mts_aggregate_1,2008,580.555
gbr,sex_m,edu_aggregate_bas,mts_aggregate_1,2009,645.29
gbr,sex_m,edu_aggregate_bas,mts_aggregate_1,2010,707.168
gbr,sex_m,edu_aggregate_bas,mts_aggregate_1,2011,675.425
gbr,sex_m,edu_aggregate_bas,mts_aggregate_1,2012,661.474
gbr,sex_m,edu_aggregate_bas,mts_aggregate_1,2013,693.138
gbr,sex_m,edu_aggregate_bas,mts_aggregate_1,2014,709.976
gbr,sex_m,edu_aggregate_bas,mts_aggregate_1,2015,687.935
gbr,sex_m,edu_aggregate_bas,mts_aggregate_1,2016,704.218
gbr,sex_m,edu_aggregate_bas,mts_aggregate_1,2017,740.87
gbr,sex_m,edu_aggregate_bas,mts_aggregate_1,2018,729.988
gbr,sex_m,edu_aggregate_bas,mts_aggregate_1,2019,754.106
gbr,sex_m,edu_aggregate_bas,mts_aggregate_1,2020,787.242
gbr,sex_m,edu_aggregate_bas,mts_aggregate_1,2021,910.451
gbr,sex_m,edu_aggregate_bas,mts_aggregate_1,2022,1016.008
gbr,sex_m,edu_aggregate_bas,mts_aggregate_1,2023,1090.97
gbr,sex_m,edu_aggregate_bas,mts_aggregate_1,2024,1252.706
gbr,sex_m,edu_aggregate_bas,mts_aggregate_2,1999,430.956
gbr,sex_m,edu_aggregate_bas,mts_aggregate_2,2000,402.879
gbr,sex_m,edu_aggregate_bas,mts_aggregate_2,2001,391.296
gbr,sex_m,edu_aggregate_bas,mts_aggregate_2,2002,392.249
gbr,sex_m,edu_aggregate_bas,mts_aggregate_2,2003,359.039
gbr,sex_m,edu_aggregate_bas,mts_aggregate_2,2004,358.583
gbr,sex_m,edu_aggregate_bas,mts_aggregate_2,2005,26.173
gbr,sex_m,edu_aggregate_bas,mts_aggregate_2,2006,288.736
gbr,sex_m,edu_aggregate_bas,mts_aggregate_2,2007,280.856
gbr,sex_m,edu_aggregate_bas,mts_aggregate_2,2008,215.615
gbr,sex_m,edu_aggregate_bas,mts_aggregate_2,2009,235.387
gbr,sex_m,edu_aggregate_bas,mts_aggregate_2,2010,242.716
gbr,sex_m,edu_aggregate_bas,mts_aggregate_2,2011,197.993
gbr,sex_m,edu_aggregate_bas,mts_aggregate_2,2012,252.731
gbr,sex_m,edu_aggregate_bas,mts_aggregate_2,2013,241.546
gbr,sex_m,edu_aggregate_bas,mts_aggregate_2,2014,243.869
gbr,sex_m,edu_aggregate_bas,mts_aggregate_2,2015,237.985
gbr,sex_m,edu_aggregate_bas,mts_aggregate_2,2016,261.707
gbr,sex_m,edu_aggregate_bas,mts_aggregate_2,2017,267.502
gbr,sex_m,edu_aggregate_bas,mts_aggregate_2,2018,257.325
gbr,sex_m,edu_aggregate_bas,mts_aggregate_2,2019,251.47
gbr,sex_m,edu_aggregate_bas,mts_aggregate_2,2020,268.304
gbr,sex_m,edu_aggregate_bas,mts_aggregate_2,2021,293.213
gbr,sex_m,edu_aggregate_bas,mts_aggregate_2,2022,374.121
gbr,sex_m,edu_aggregate_bas,mts_aggregate_2,2023,388.019
gbr,sex_m,edu_aggregate_bas,mts_aggregate_2,2024,374.153
gbr,sex_m,edu_aggregate_bas,mts_aggregate_total,1999,967.45
gbr,sex_m,edu_aggregate_bas,mts_aggregate_total,2000,918.39
gbr,sex_m,edu_aggregate_bas,mts_aggregate_total,2001,953.018
gbr,sex_m,edu_aggregate_bas,mts_aggregate_total,2002,983.386
gbr,sex_m,edu_aggregate_bas,mts_aggregate_total,2003,899.863
gbr,sex_m,edu_aggregate_bas,mts_aggregate_total,2004,975.26
gbr,sex_m,edu_aggregate_bas,mts_aggregate_total,2005,101.012
gbr,sex_m,edu_aggregate_bas,mts_aggregate_total,2006,881.089
gbr,sex_m,edu_aggregate_bas,mts_aggregate_total,2007,909.991
gbr,sex_m,edu_aggregate_bas,mts_aggregate_total,2008,796.17
gbr,sex_m,edu_aggregate_bas,mts_aggregate_total,2009,880.678
gbr,sex_m,edu_aggregate_bas,mts_aggregate_total,2010,949.884
gbr,sex_m,edu_aggregate_bas,mts_aggregate_total,2011,873.418
gbr,sex_m,edu_aggregate_bas,mts_aggregate_total,2012,914.205
gbr,sex_m,edu_aggregate_bas,mts_aggregate_total,2013,934.684
gbr,sex_m,edu_aggregate_bas,mts_aggregate_total,2014,953.845
gbr,sex_m,edu_aggregate_bas,mts_aggregate_total,2015,925.92
gbr,sex_m,edu_aggregate_bas,mts_aggregate_total,2016,965.926
gbr,sex_m,edu_aggregate_bas,mts_aggregate_total,2017,1008.373
gbr,sex_m,edu_aggregate_bas,mts_aggregate_total,2018,987.313
gbr,sex_m,edu_aggregate_bas,mts_aggregate_total,2019,1005.576
gbr,sex_m,edu_aggregate_bas,mts_aggregate_total,2020,1055.546
gbr,sex_m,edu_aggregate_bas,mts_aggregate_total,2021,1203.664
gbr,sex_m,edu_aggregate_bas,mts_aggregate_total,2022,1390.13
gbr,sex_m,edu_aggregate_bas,mts_aggregate_total,2023,1478.99
gbr,sex_m,edu_aggregate_bas,mts_aggregate_total,2024,1626.859
gbr,sex_m,edu_aggregate_bas,mts_details_mrd,2005,26.173
gbr,sex_m,edu_aggregate_bas,mts_details_mrd,2006,287.925
gbr,sex_m,edu_aggregate_bas,mts_details_mrd,2007,279.082
gbr,sex_m,edu_aggregate_bas,mts_details_mrd,2008,214.636
gbr,sex_m,edu_aggregate_bas,mts_details_mrd,2009,234.859
gbr,sex_m,edu_aggregate_bas,mts_details_mrd,2010,241.08
gbr,sex_m,edu_aggregate_bas,mts_details_mrd,2011,197.302
gbr,sex_m,edu_aggregate_bas,mts_details_mrd,2012,251.25
gbr,sex_m,edu_aggregate_bas,mts_details_mrd,2013,239.054
gbr,sex_m,edu_aggregate_bas,mts_details_mrd,2014,242.023
gbr,sex_m,edu_aggregate_bas,mts_details_mrd,2015,235.954
gbr,sex_m,edu_aggregate_bas,mts_details_mrd,2016,258.009
gbr,sex_m,edu_aggregate_bas,mts_details_mrd,2017,265.442
gbr,sex_m,edu_aggregate_bas,mts_details_mrd,2018,256.104
gbr,sex_m,edu_aggregate_bas,mts_details_mrd,2019,250.505
gbr,sex_m,edu_aggregate_bas,mts_details_mrd,2020,263.211
gbr,sex_m,edu_aggregate_bas,mts_details_mrd,2021,288.407
gbr,sex_m,edu_aggregate_bas,mts_details_mrd,2022,368.462
gbr,sex_m,edu_aggregate_bas,mts_details_mrd,2023,375.073
gbr,sex_m,edu_aggregate_bas,mts_details_mrd,2024,365.52
gbr,sex_m,edu_aggregate_bas,mts_details_sep,2005,6.704
gbr,sex_m,edu_aggregate_bas,mts_details_sep,2006,71.617
gbr,sex_m,edu_aggregate_bas,mts_details_sep,2007,80.702
gbr,sex_m,edu_aggregate_bas,mts_details_sep,2008,64.202
gbr,sex_m,edu_aggregate_bas,mts_details_sep,2009,69.963
gbr,sex_m,edu_aggregate_bas,mts_details_sep,2010,75.751
gbr,sex_m,edu_aggregate_bas,mts_details_sep,2011,65.6
gbr,sex_m,edu_aggregate_bas,mts_details_sep,2012,67.124
gbr,sex_m,edu_aggregate_bas,mts_details_sep,2013,68.812
gbr,sex_m,edu_aggregate_bas,mts_details_sep,2014,71.175
gbr,sex_m,edu_aggregate_bas,mts_details_sep,2015,76.03
gbr,sex_m,edu_aggregate_bas,mts_details_sep,2016,84.415
gbr,sex_m,edu_aggregate_bas,mts_details_sep,2017,81.759
gbr,sex_m,edu_aggregate_bas,mts_details_sep,2018,70.903
gbr,sex_m,edu_aggregate_bas,mts_details_sep,2019,70.592
gbr,sex_m,edu_aggregate_bas,mts_details_sep,2020,74.402
gbr,sex_m,edu_aggregate_bas,mts_details_sep,2021,73.949
gbr,sex_m,edu_aggregate_bas,mts_details_sep,2022,155.157
gbr,sex_m,edu_aggregate_bas,mts_details_sep,2023,149.215
gbr,sex_m,edu_aggregate_bas,mts_details_sep,2024,162.984
gbr,sex_m,edu_aggregate_bas,mts_details_sgle,2005,67.358
gbr,sex_m,edu_aggregate_bas,mts_details_sgle,2006,506.908
gbr,sex_m,edu_aggregate_bas,mts_details_sgle,2007,533.109
gbr,sex_m,edu_aggregate_bas,mts_details_sgle,2008,502.808
gbr,sex_m,edu_aggregate_bas,mts_details_sgle,2009,563.437
gbr,sex_m,edu_aggregate_bas,mts_details_sgle,2010,618.271
gbr,sex_m,edu_aggregate_bas,mts_details_sgle,2011,597.615
gbr,sex_m,edu_aggregate_bas,mts_details_sgle,2012,581.467
gbr,sex_m,edu_aggregate_bas,mts_details_sgle,2013,612.424
gbr,sex_m,edu_aggregate_bas,mts_details_sgle,2014,626.06
gbr,sex_m,edu_aggregate_bas,mts_details_sgle,2015,597.445
gbr,sex_m,edu_aggregate_bas,mts_details_sgle,2016,606.627
gbr,sex_m,edu_aggregate_bas,mts_details_sgle,2017,643.97
gbr,sex_m,edu_aggregate_bas,mts_details_sgle,2018,645.364
gbr,sex_m,edu_aggregate_bas,mts_details_sgle,2019,669.585
gbr,sex_m,edu_aggregate_bas,mts_details_sgle,2020,699.584
gbr,sex_m,edu_aggregate_bas,mts_details_sgle,2021,820.136
gbr,sex_m,edu_aggregate_bas,mts_details_sgle,2022,825.19
gbr,sex_m,edu_aggregate_bas,mts_details_sgle,2023,912.984
gbr,sex_m,edu_aggregate_bas,mts_details_sgle,2024,1057.64
gbr,sex_m,edu_aggregate_bas,mts_details_total,2005,101.012
gbr,sex_m,edu_aggregate_bas,mts_details_total,2006,881.089
gbr,sex_m,edu_aggregate_bas,mts_details_total,2007,909.991
gbr,sex_m,edu_aggregate_bas,mts_details_total,2008,796.17
gbr,sex_m,edu_aggregate_bas,mts_details_total,2009,880.678
gbr,sex_m,edu_aggregate_bas,mts_details_total,2010,949.884
gbr,sex_m,edu_aggregate_bas,mts_details_total,2011,873.418
gbr,sex_m,edu_aggregate_bas,mts_details_total,2012,914.205
gbr,sex_m,edu_aggregate_bas,mts_details_total,2013,934.684
gbr,sex_m,edu_aggregate_bas,mts_details_total,2014,953.845
gbr,sex_m,edu_aggregate_bas,mts_details_total,2015,925.92
gbr,sex_m,edu_aggregate_bas,mts_details_total,2016,965.926
gbr,sex_m,edu_aggregate_bas,mts_details_total,2017,1008.373
gbr,sex_m,edu_aggregate_bas,mts_details_total,2018,987.313
gbr,sex_m,edu_aggregate_bas,mts_details_total,2019,1005.576
gbr,sex_m,edu_aggregate_bas,mts_details_total,2020,1055.546
gbr,sex_m,edu_aggregate_bas,mts_details_total,2021,1203.664
gbr,sex_m,edu_aggregate_bas,mts_details_total,2022,1390.13
gbr,sex_m,edu_aggregate_bas,mts_details_total,2023,1478.99
gbr,sex_m,edu_aggregate_bas,mts_details_total,2024,1626.859
gbr,sex_m,edu_aggregate_bas,mts_details_union,2006,0.811
gbr,sex_m,edu_aggregate_bas,mts_details_union,2007,1.774
gbr,sex_m,edu_aggregate_bas,mts_details_union,2008,0.979
gbr,sex_m,edu_aggregate_bas,mts_details_union,2010,1.636
gbr,sex_m,edu_aggregate_bas,mts_details_union,2011,0.692
gbr,sex_m,edu_aggregate_bas,mts_details_union,2012,1.48
gbr,sex_m,edu_aggregate_bas,mts_details_union,2013,2.493
gbr,sex_m,edu_aggregate_bas,mts_details_union,2014,1.846
gbr,sex_m,edu_aggregate_bas,mts_details_union,2015,2.031
gbr,sex_m,edu_aggregate_bas,mts_details_union,2016,3.698
gbr,sex_m,edu_aggregate_bas,mts_details_union,2017,2.06
gbr,sex_m,edu_aggregate_bas,mts_details_union,2018,1.222
gbr,sex_m,edu_aggregate_bas,mts_details_union,2019,0.965
gbr,sex_m,edu_aggregate_bas,mts_details_union,2020,5.093
gbr,sex_m,edu_aggregate_bas,mts_details_union,2021,4.806
gbr,sex_m,edu_aggregate_bas,mts_details_union,2022,5.659
gbr,sex_m,edu_aggregate_bas,mts_details_union,2023,12.947
gbr,sex_m,edu_aggregate_bas,mts_details_union,2024,8.633
gbr,sex_m,edu_aggregate_bas,mts_details_wid,2005,0.777
gbr,sex_m,edu_aggregate_bas,mts_details_wid,2006,13.828
gbr,sex_m,edu_aggregate_bas,mts_details_wid,2007,15.324
gbr,sex_m,edu_aggregate_bas,mts_details_wid,2008,13.546
gbr,sex_m,edu_aggregate_bas,mts_details_wid,2009,11.891
gbr,sex_m,edu_aggregate_bas,mts_details_wid,2010,13.146
gbr,sex_m,edu_aggregate_bas,mts_details_wid,2011,12.211
gbr,sex_m,edu_aggregate_bas,mts_details_wid,2012,12.883
gbr,sex_m,edu_aggregate_bas,mts_details_wid,2013,11.902
gbr,sex_m,edu_aggregate_bas,mts_details_wid,2014,12.741
gbr,sex_m,edu_aggregate_bas,mts_details_wid,2015,14.46
gbr,sex_m,edu_aggregate_bas,mts_details_wid,2016,13.176
gbr,sex_m,edu_aggregate_bas,mts_details_wid,2017,15.141
gbr,sex_m,edu_aggregate_bas,mts_details_wid,2018,13.721
gbr,sex_m,edu_aggregate_bas,mts_details_wid,2019,13.929
gbr,sex_m,edu_aggregate_bas,mts_details_wid,2020,13.256
gbr,sex_m,edu_aggregate_bas,mts_details_wid,2021,16.366
gbr,sex_m,edu_aggregate_bas,mts_details_wid,2022,35.661
gbr,sex_m,edu_aggregate_bas,mts_details_wid,2023,28.771
gbr,sex_m,edu_aggregate_bas,mts_details_wid,2024,32.081
gbr,sex_m,edu_aggregate_int,mts_aggregate_1,1999,810.631
gbr,sex_m,edu_aggregate_int,mts_aggregate_1,2000,823.888
gbr,sex_m,edu_aggregate_int,mts_aggregate_1,2001,919.821
gbr,sex_m,edu_aggregate_int,mts_aggregate_1,2002,915.771
gbr,sex_m,edu_aggregate_int,mts_aggregate_1,2003,1011.7
gbr,sex_m,edu_aggregate_int,mts_aggregate_1,2004,1143.112
gbr,sex_m,edu_aggregate_int,mts_aggregate_1,2005,121.364
gbr,sex_m,edu_aggregate_int,mts_aggregate_1,2006,624.308
gbr,sex_m,edu_aggregate_int,mts_aggregate_1,2007,650.646
gbr,sex_m,edu_aggregate_int,mts_aggregate_1,2008,742.609
gbr,sex_m,edu_aggregate_int,mts_aggregate_1,2009,775.001
gbr,sex_m,edu_aggregate_int,mts_aggregate_1,2010,830.176
gbr,sex_m,edu_aggregate_int,mts_aggregate_1,2011,893.683
gbr,sex_m,edu_aggregate_int,mts_aggregate_1,2012,931.631
gbr,sex_m,edu_aggregate_int,mts_aggregate_1,2013,969.12
gbr,sex_m,edu_aggregate_int,mts_aggregate_1,2014,962.603
gbr,sex_m,edu_aggregate_int,mts_aggregate_1,2015,946.62
gbr,sex_m,edu_aggregate_int,mts_aggregate_1,2016,954.978
gbr,sex_m,edu_aggregate_int,mts_aggregate_1,2017,912.121
gbr,sex_m,edu_aggregate_int,mts_aggregate_1,2018,913.523
gbr,sex_m,edu_aggregate_int,mts_aggregate_1,2019,968.017
gbr,sex_m,edu_aggregate_int,mts_aggregate_1,2020,919.02
gbr,sex_m,edu_aggregate_int,mts_aggregate_1,2021,946.756
gbr,sex_m,edu_aggregate_int,mts_aggregate_1,2022,1380.55
gbr,sex_m,edu_aggregate_int,mts_aggregate_1,2023,1483.564
gbr,sex_m,edu_aggregate_int,mts_aggregate_1,2024,1534.604
gbr,sex_m,edu_aggregate_int,mts_aggregate_2,1999,472.539
gbr,sex_m,edu_aggregate_int,mts_aggregate_2,2000,491.792
gbr,sex_m,edu_aggregate_int,mts_aggregate_2,2001,500.303
gbr,sex_m,edu_aggregate_int,mts_aggregate_2,2002,505.139
gbr,sex_m,edu_aggregate_int,mts_aggregate_2,2003,456.602
gbr,sex_m,edu_aggregate_int,mts_aggregate_2,2004,596.928
gbr,sex_m,edu_aggregate_int,mts_aggregate_2,2005,69.021
gbr,sex_m,edu_aggregate_int,mts_aggregate_2,2006,367.984
gbr,sex_m,edu_aggregate_int,mts_aggregate_2,2007,346.426
gbr,sex_m,edu_aggregate_int,mts_aggregate_2,2008,579.012
gbr,sex_m,edu_aggregate_int,mts_aggregate_2,2009,612.666
gbr,sex_m,edu_aggregate_int,mts_aggregate_2,2010,643.774
gbr,sex_m,edu_aggregate_int,mts_aggregate_2,2011,643.95
gbr,sex_m,edu_aggregate_int,mts_aggregate_2,2012,653.655
gbr,sex_m,edu_aggregate_int,mts_aggregate_2,2013,644.969
gbr,sex_m,edu_aggregate_int,mts_aggregate_2,2014,667.741
gbr,sex_m,edu_aggregate_int,mts_aggregate_2,2015,660.318
gbr,sex_m,edu_aggregate_int,mts_aggregate_2,2016,664.332
gbr,sex_m,edu_aggregate_int,mts_aggregate_2,2017,617.104
gbr,sex_m,edu_aggregate_int,mts_aggregate_2,2018,593.668
gbr,sex_m,edu_aggregate_int,mts_aggregate_2,2019,574.63
gbr,sex_m,edu_aggregate_int,mts_aggregate_2,2020,596.934
gbr,sex_m,edu_aggregate_int,mts_aggregate_2,2021,613.055
gbr,sex_m,edu_aggregate_int,mts_aggregate_2,2022,604.636
gbr,sex_m,edu_aggregate_int,mts_aggregate_2,2023,597.81
gbr,sex_m,edu_aggregate_int,mts_aggregate_2,2024,646.432
gbr,sex_m,edu_aggregate_int,mts_aggregate_total,1999,1283.17
gbr,sex_m,edu_aggregate_int,mts_aggregate_total,2000,1315.68
gbr,sex_m,edu_aggregate_int,mts_aggregate_total,2001,1420.124
gbr,sex_m,edu_aggregate_int,mts_aggregate_total,2002,1420.91
gbr,sex_m,edu_aggregate_int,mts_aggregate_total,2003,1468.302
gbr,sex_m,edu_aggregate_int,mts_aggregate_total,2004,1740.04
gbr,sex_m,edu_aggregate_int,mts_aggregate_total,2005,190.386
gbr,sex_m,edu_aggregate_int,mts_aggregate_total,2006,992.292
gbr,sex_m,edu_aggregate_int,mts_aggregate_total,2007,997.071
gbr,sex_m,edu_aggregate_int,mts_aggregate_total,2008,1321.621
gbr,sex_m,edu_aggregate_int,mts_aggregate_total,2009,1387.779
gbr,sex_m,edu_aggregate_int,mts_aggregate_total,2010,1473.95
gbr,sex_m,edu_aggregate_int,mts_aggregate_total,2011,1537.633
gbr,sex_m,edu_aggregate_int,mts_aggregate_total,2012,1585.286
gbr,sex_m,edu_aggregate_int,mts_aggregate_total,2013,1614.089
gbr,sex_m,edu_aggregate_int,mts_aggregate_total,2014,1630.343
gbr,sex_m,edu_aggregate_int,mts_aggregate_total,2015,1606.938
gbr,sex_m,edu_aggregate_int,mts_aggregate_total,2016,1619.31
gbr,sex_m,edu_aggregate_int,mts_aggregate_total,2017,1529.226
gbr,sex_m,edu_aggregate_int,mts_aggregate_total,2018,1507.191
gbr,sex_m,edu_aggregate_int,mts_aggregate_total,2019,1542.647
gbr,sex_m,edu_aggregate_int,mts_aggregate_total,2020,1515.955
gbr,sex_m,edu_aggregate_int,mts_aggregate_total,2021,1559.811
gbr,sex_m,edu_aggregate_int,mts_aggregate_total,2022,1985.186
gbr,sex_m,edu_aggregate_int,mts_aggregate_total,2023,2081.374
gbr,sex_m,edu_aggregate_int,mts_aggregate_total,2024,2181.036
gbr,sex_m,edu_aggregate_int,mts_details_mrd,2005,69.021
gbr,sex_m,edu_aggregate_int,mts_details_mrd,2006,366.344
gbr,sex_m,edu_aggregate_int,mts_details_mrd,2007,346.16
gbr,sex_m,edu_aggregate_int,mts_details_mrd,2008,577.948
gbr,sex_m,edu_aggregate_int,mts_details_mrd,2009,611.894
gbr,sex_m,edu_aggregate_int,mts_details_mrd,2010,641.575
gbr,sex_m,edu_aggregate_int,mts_details_mrd,2011,642.476
gbr,sex_m,edu_aggregate_int,mts_details_mrd,2012,650.78
gbr,sex_m,edu_aggregate_int,mts_details_mrd,2013,643.12
gbr,sex_m,edu_aggregate_int,mts_details_mrd,2014,665.05
gbr,sex_m,edu_aggregate_int,mts_details_mrd,2015,658.15
gbr,sex_m,edu_aggregate_int,mts_details_mrd,2016,663.41
gbr,sex_m,edu_aggregate_int,mts_details_mrd,2017,614.305
gbr,sex_m,edu_aggregate_int,mts_details_mrd,2018,589.93
gbr,sex_m,edu_aggregate_int,mts_details_mrd,2019,571.172
gbr,sex_m,edu_aggregate_int,mts_details_mrd,2020,591.446
gbr,sex_m,edu_aggregate_int,mts_details_mrd,2021,608.397
gbr,sex_m,edu_aggregate_int,mts_details_mrd,2022,600.992
gbr,sex_m,edu_aggregate_int,mts_details_mrd,2023,591.223
gbr,sex_m,edu_aggregate_int,mts_details_mrd,2024,634.233
gbr,sex_m,edu_aggregate_int,mts_details_sep,2005,16.941
gbr,sex_m,edu_aggregate_int,mts_details_sep,2006,103.122
gbr,sex_m,edu_aggregate_int,mts_details_sep,2007,100.546
gbr,sex_m,edu_aggregate_int,mts_details_sep,2008,122.092
gbr,sex_m,edu_aggregate_int,mts_details_sep,2009,131.156
gbr,sex_m,edu_aggregate_int,mts_details_sep,2010,159.118
gbr,sex_m,edu_aggregate_int,mts_details_sep,2011,165.26
gbr,sex_m,edu_aggregate_int,mts_details_sep,2012,172.127
gbr,sex_m,edu_aggregate_int,mts_details_sep,2013,172.805
gbr,sex_m,edu_aggregate_int,mts_details_sep,2014,178.077
gbr,sex_m,edu_aggregate_int,mts_details_sep,2015,177.844
gbr,sex_m,edu_aggregate_int,mts_details_sep,2016,175.823
gbr,sex_m,edu_aggregate_int,mts_details_sep,2017,149.304
gbr,sex_m,edu_aggregate_int,mts_details_sep,2018,154.911
gbr,sex_m,edu_aggregate_int,mts_details_sep,2019,154.664
gbr,sex_m,edu_aggregate_int,mts_details_sep,2020,154.676
gbr,sex_m,edu_aggregate_int,mts_details_sep,2021,151.376
gbr,sex_m,edu_aggregate_int,mts_details_sep,2022,193.461
gbr,sex_m,edu_aggregate_int,mts_details_sep,2023,238.118
gbr,sex_m,edu_aggregate_int,mts_details_sep,2024,226.586
gbr,sex_m,edu_aggregate_int,mts_details_sgle,2005,100.428
gbr,sex_m,edu_aggregate_int,mts_details_sgle,2006,505.07
gbr,sex_m,edu_aggregate_int,mts_details_sgle,2007,530.959
gbr,sex_m,edu_aggregate_int,mts_details_sgle,2008,576.714
gbr,sex_m,edu_aggregate_int,mts_details_sgle,2009,598.832
gbr,sex_m,edu_aggregate_int,mts_details_sgle,2010,625.481
gbr,sex_m,edu_aggregate_int,mts_details_sgle,2011,684.756
gbr,sex_m,edu_aggregate_int,mts_details_sgle,2012,707.912
gbr,sex_m,edu_aggregate_int,mts_details_sgle,2013,750.169
gbr,sex_m,edu_aggregate_int,mts_details_sgle,2014,740.857
gbr,sex_m,edu_aggregate_int,mts_details_sgle,2015,725.942
gbr,sex_m,edu_aggregate_int,mts_details_sgle,2016,735.412
gbr,sex_m,edu_aggregate_int,mts_details_sgle,2017,722.045
gbr,sex_m,edu_aggregate_int,mts_details_sgle,2018,716.566
gbr,sex_m,edu_aggregate_int,mts_details_sgle,2019,771.285
gbr,sex_m,edu_aggregate_int,mts_details_sgle,2020,730.576
gbr,sex_m,edu_aggregate_int,mts_details_sgle,2021,763.754
gbr,sex_m,edu_aggregate_int,mts_details_sgle,2022,1145.441
gbr,sex_m,edu_aggregate_int,mts_details_sgle,2023,1202.646
gbr,sex_m,edu_aggregate_int,mts_details_sgle,2024,1269.963
gbr,sex_m,edu_aggregate_int,mts_details_total,2005,190.386
gbr,sex_m,edu_aggregate_int,mts_details_total,2006,992.292
gbr,sex_m,edu_aggregate_int,mts_details_total,2007,997.071
gbr,sex_m,edu_aggregate_int,mts_details_total,2008,1321.621
gbr,sex_m,edu_aggregate_int,mts_details_total,2009,1387.779
gbr,sex_m,edu_aggregate_int,mts_details_total,2010,1473.95
gbr,sex_m,edu_aggregate_int,mts_details_total,2011,1537.633
gbr,sex_m,edu_aggregate_int,mts_details_total,2012,1585.286
gbr,sex_m,edu_aggregate_int,mts_details_total,2013,1614.089
gbr,sex_m,edu_aggregate_int,mts_details_total,2014,1630.343
gbr,sex_m,edu_aggregate_int,mts_details_total,2015,1606.938
gbr,sex_m,edu_aggregate_int,mts_details_total,2016,1619.31
gbr,sex_m,edu_aggregate_int,mts_details_total,2017,1529.226
gbr,sex_m,edu_aggregate_int,mts_details_total,2018,1507.191
gbr,sex_m,edu_aggregate_int,mts_details_total,2019,1542.647
gbr,sex_m,edu_aggregate_int,mts_details_total,2020,1515.955
gbr,sex_m,edu_aggregate_int,mts_details_total,2021,1559.811
gbr,sex_m,edu_aggregate_int,mts_details_total,2022,1985.186
gbr,sex_m,edu_aggregate_int,mts_details_total,2023,2081.374
gbr,sex_m,edu_aggregate_int,mts_details_total,2024,2181.036
gbr,sex_m,edu_aggregate_int,mts_details_union,2006,1.64
gbr,sex_m,edu_aggregate_int,mts_details_union,2008,1.064
gbr,sex_m,edu_aggregate_int,mts_details_union,2009,0.772
gbr,sex_m,edu_aggregate_int,mts_details_union,2010,2.199
gbr,sex_m,edu_aggregate_int,mts_details_union,2011,1.474
gbr,sex_m,edu_aggregate_int,mts_details_union,2012,2.874
gbr,sex_m,edu_aggregate_int,mts_details_union,2013,1.849
gbr,sex_m,edu_aggregate_int,mts_details_union,2014,2.691
gbr,sex_m,edu_aggregate_int,mts_details_union,2015,2.168
gbr,sex_m,edu_aggregate_int,mts_details_union,2016,0.922
gbr,sex_m,edu_aggregate_int,mts_details_union,2017,2.8
gbr,sex_m,edu_aggregate_int,mts_details_union,2018,3.739
gbr,sex_m,edu_aggregate_int,mts_details_union,2019,3.457
gbr,sex_m,edu_aggregate_int,mts_details_union,2020,5.488
gbr,sex_m,edu_aggregate_int,mts_details_union,2021,4.658
gbr,sex_m,edu_aggregate_int,mts_details_union,2022,3.643
gbr,sex_m,edu_aggregate_int,mts_details_union,2023,6.586
gbr,sex_m,edu_aggregate_int,mts_details_union,2024,12.199
gbr,sex_m,edu_aggregate_int,mts_details_wid,2005,3.995
gbr,sex_m,edu_aggregate_int,mts_details_wid,2006,16.116
gbr,sex_m,edu_aggregate_int,mts_details_wid,2007,19.14
gbr,sex_m,edu_aggregate_int,mts_details_wid,2008,43.803
gbr,sex_m,edu_aggregate_int,mts_details_wid,2009,45.013
gbr,sex_m,edu_aggregate_int,mts_details_wid,2010,45.578
gbr,sex_m,edu_aggregate_int,mts_details_wid,2011,43.668
gbr,sex_m,edu_aggregate_int,mts_details_wid,2012,51.592
gbr,sex_m,edu_aggregate_int,mts_details_wid,2013,46.146
gbr,sex_m,edu_aggregate_int,mts_details_wid,2014,43.669
gbr,sex_m,edu_aggregate_int,mts_details_wid,2015,42.834
gbr,sex_m,edu_aggregate_int,mts_details_wid,2016,43.742
gbr,sex_m,edu_aggregate_int,mts_details_wid,2017,40.772
gbr,sex_m,edu_aggregate_int,mts_details_wid,2018,42.046
gbr,sex_m,edu_aggregate_int,mts_details_wid,2019,42.068
gbr,sex_m,edu_aggregate_int,mts_details_wid,2020,33.77
gbr,sex_m,edu_aggregate_int,mts_details_wid,2021,31.626
gbr,sex_m,edu_aggregate_int,mts_details_wid,2022,41.648
gbr,sex_m,edu_aggregate_int,mts_details_wid,2023,42.8
gbr,sex_m,edu_aggregate_int,mts_details_wid,2024,38.054
gbr,sex_m,edu_aggregate_ltb,mts_aggregate_1,2001,13.551
gbr,sex_m,edu_aggregate_ltb,mts_aggregate_1,2002,18.048
gbr,sex_m,edu_aggregate_ltb,mts_aggregate_1,2003,17.519
gbr,sex_m,edu_aggregate_ltb,mts_aggregate_1,2004,14.59
gbr,sex_m,edu_aggregate_ltb,mts_aggregate_1,2005,96.948
gbr,sex_m,edu_aggregate_ltb,mts_aggregate_1,2006,14.331
gbr,sex_m,edu_aggregate_ltb,mts_aggregate_1,2007,16.976
gbr,sex_m,edu_aggregate_ltb,mts_aggregate_1,2008,677.008
gbr,sex_m,edu_aggregate_ltb,mts_aggregate_1,2009,679.808
gbr,sex_m,edu_aggregate_ltb,mts_aggregate_1,2010,650.134
gbr,sex_m,edu_aggregate_ltb,mts_aggregate_1,2011,614.431
gbr,sex_m,edu_aggregate_ltb,mts_aggregate_1,2012,620.616
gbr,sex_m,edu_aggregate_ltb,mts_aggregate_1,2013,623.316
gbr,sex_m,edu_aggregate_ltb,mts_aggregate_1,2014,596.552
gbr,sex_m,edu_aggregate_ltb,mts_aggregate_1,2015,638.372
gbr,sex_m,edu_aggregate_ltb,mts_aggregate_1,2016,619.898
gbr,sex_m,edu_aggregate_ltb,mts_aggregate_1,2017,591.818
gbr,sex_m,edu_aggregate_ltb,mts_aggregate_1,2018,592.71
gbr,sex_m,edu_aggregate_ltb,mts_aggregate_1,2019,625.934
gbr,sex_m,edu_aggregate_ltb,mts_aggregate_1,2020,634.361
gbr,sex_m,edu_aggregate_ltb,mts_aggregate_1,2021,618.718
gbr,sex_m,edu_aggregate_ltb,mts_aggregate_1,2022,28.62
gbr,sex_m,edu_aggregate_ltb,mts_aggregate_1,2023,21.079
gbr,sex_m,edu_aggregate_ltb,mts_aggregate_1,2024,23.518
gbr,sex_m,edu_aggregate_ltb,mts_aggregate_2,2001,6.023
gbr,sex_m,edu_aggregate_ltb,mts_aggregate_2,2002,5.63
gbr,sex_m,edu_aggregate_ltb,mts_aggregate_2,2003,7.366
gbr,sex_m,edu_aggregate_ltb,mts_aggregate_2,2004,6.998
gbr,sex_m,edu_aggregate_ltb,mts_aggregate_2,2005,63.287
gbr,sex_m,edu_aggregate_ltb,mts_aggregate_2,2006,7.635
gbr,sex_m,edu_aggregate_ltb,mts_aggregate_2,2007,5.722
gbr,sex_m,edu_aggregate_ltb,mts_aggregate_2,2008,507.005
gbr,sex_m,edu_aggregate_ltb,mts_aggregate_2,2009,451.072
gbr,sex_m,edu_aggregate_ltb,mts_aggregate_2,2010,429.958
gbr,sex_m,edu_aggregate_ltb,mts_aggregate_2,2011,333.486
gbr,sex_m,edu_aggregate_ltb,mts_aggregate_2,2012,410.917
gbr,sex_m,edu_aggregate_ltb,mts_aggregate_2,2013,399.042
gbr,sex_m,edu_aggregate_ltb,mts_aggregate_2,2014,365.644
gbr,sex_m,edu_aggregate_ltb,mts_aggregate_2,2015,363.33
gbr,sex_m,edu_aggregate_ltb,mts_aggregate_2,2016,322.799
gbr,sex_m,edu_aggregate_ltb,mts_aggregate_2,2017,291.186
gbr,sex_m,edu_aggregate_ltb,mts_aggregate_2,2018,258.413
gbr,sex_m,edu_aggregate_ltb,mts_aggregate_2,2019,234.765
gbr,sex_m,edu_aggregate_ltb,mts_aggregate_2,2020,223.961
gbr,sex_m,edu_aggregate_ltb,mts_aggregate_2,2021,231.277
gbr,sex_m,edu_aggregate_ltb,mts_aggregate_2,2022,14.245
gbr,sex_m,edu_aggregate_ltb,mts_aggregate_2,2023,11.854
gbr,sex_m,edu_aggregate_ltb,mts_aggregate_2,2024,9.848
gbr,sex_m,edu_aggregate_ltb,mts_aggregate_total,2001,19.574
gbr,sex_m,edu_aggregate_ltb,mts_aggregate_total,2002,23.678
gbr,sex_m,edu_aggregate_ltb,mts_aggregate_total,2003,24.885
gbr,sex_m,edu_aggregate_ltb,mts_aggregate_total,2004,21.588
gbr,sex_m,edu_aggregate_ltb,mts_aggregate_total,2005,160.235
gbr,sex_m,edu_aggregate_ltb,mts_aggregate_total,2006,21.966
gbr,sex_m,edu_aggregate_ltb,mts_aggregate_total,2007,22.697
gbr,sex_m,edu_aggregate_ltb,mts_aggregate_total,2008,1184.014
gbr,sex_m,edu_aggregate_ltb,mts_aggregate_total,2009,1130.88
gbr,sex_m,edu_aggregate_ltb,mts_aggregate_total,2010,1080.093
gbr,sex_m,edu_aggregate_ltb,mts_aggregate_total,2011,947.917
gbr,sex_m,edu_aggregate_ltb,mts_aggregate_total,2012,1031.533
gbr,sex_m,edu_aggregate_ltb,mts_aggregate_total,2013,1022.358
gbr,sex_m,edu_aggregate_ltb,mts_aggregate_total,2014,962.196
gbr,sex_m,edu_aggregate_ltb,mts_aggregate_total,2015,1001.702
gbr,sex_m,edu_aggregate_ltb,mts_aggregate_total,2016,942.696
gbr,sex_m,edu_aggregate_ltb,mts_aggregate_total,2017,883.004
gbr,sex_m,edu_aggregate_ltb,mts_aggregate_total,2018,851.122
gbr,sex_m,edu_aggregate_ltb,mts_aggregate_total,2019,860.699
gbr,sex_m,edu_aggregate_ltb,mts_aggregate_total,2020,858.322
gbr,sex_m,edu_aggregate_ltb,mts_aggregate_total,2021,849.995
gbr,sex_m,edu_aggregate_ltb,mts_aggregate_total,2022,42.865
gbr,sex_m,edu_aggregate_ltb,mts_aggregate_total,2023,32.933
gbr,sex_m,edu_aggregate_ltb,mts_aggregate_total,2024,33.716
gbr,sex_m,edu_aggregate_ltb,mts_details_mrd,2005,63.287
gbr,sex_m,edu_aggregate_ltb,mts_details_mrd,2006,7.635
gbr,sex_m,edu_aggregate_ltb,mts_details_mrd,2007,5.722
gbr,sex_m,edu_aggregate_ltb,mts_details_mrd,2008,506.365
gbr,sex_m,edu_aggregate_ltb,mts_details_mrd,2009,450.67
gbr,sex_m,edu_aggregate_ltb,mts_details_mrd,2010,428.694
gbr,sex_m,edu_aggregate_ltb,mts_details_mrd,2011,333.486
gbr,sex_m,edu_aggregate_ltb,mts_details_mrd,2012,410.917
gbr,sex_m,edu_aggregate_ltb,mts_details_mrd,2013,396.958
gbr,sex_m,edu_aggregate_ltb,mts_details_mrd,2014,364.571
gbr,sex_m,edu_aggregate_ltb,mts_details_mrd,2015,363.158
gbr,sex_m,edu_aggregate_ltb,mts_details_mrd,2016,322.585
gbr,sex_m,edu_aggregate_ltb,mts_details_mrd,2017,291.186
gbr,sex_m,edu_aggregate_ltb,mts_details_mrd,2018,257.959
gbr,sex_m,edu_aggregate_ltb,mts_details_mrd,2019,234.765
gbr,sex_m,edu_aggregate_ltb,mts_details_mrd,2020,221.607
gbr,sex_m,edu_aggregate_ltb,mts_details_mrd,2021,231.277
gbr,sex_m,edu_aggregate_ltb,mts_details_mrd,2022,14.245
gbr,sex_m,edu_aggregate_ltb,mts_details_mrd,2023,11.452
gbr,sex_m,edu_aggregate_ltb,mts_details_mrd,2024,9.848
gbr,sex_m,edu_aggregate_ltb,mts_details_sep,2005,21.219
gbr,sex_m,edu_aggregate_ltb,mts_details_sep,2006,2.299
gbr,sex_m,edu_aggregate_ltb,mts_details_sep,2007,1.55
gbr,sex_m,edu_aggregate_ltb,mts_details_sep,2008,148.666
gbr,sex_m,edu_aggregate_ltb,mts_details_sep,2009,143.479
gbr,sex_m,edu_aggregate_ltb,mts_details_sep,2010,142.693
gbr,sex_m,edu_aggregate_ltb,mts_details_sep,2011,144.574
gbr,sex_m,edu_aggregate_ltb,mts_details_sep,2012,152.402
gbr,sex_m,edu_aggregate_ltb,mts_details_sep,2013,137.559
gbr,sex_m,edu_aggregate_ltb,mts_details_sep,2014,134.385
gbr,sex_m,edu_aggregate_ltb,mts_details_sep,2015,133.142
gbr,sex_m,edu_aggregate_ltb,mts_details_sep,2016,126.425
gbr,sex_m,edu_aggregate_ltb,mts_details_sep,2017,121.983
gbr,sex_m,edu_aggregate_ltb,mts_details_sep,2018,102.292
gbr,sex_m,edu_aggregate_ltb,mts_details_sep,2019,99.853
gbr,sex_m,edu_aggregate_ltb,mts_details_sep,2020,91.631
gbr,sex_m,edu_aggregate_ltb,mts_details_sep,2021,86.673
gbr,sex_m,edu_aggregate_ltb,mts_details_sep,2022,3.56
gbr,sex_m,edu_aggregate_ltb,mts_details_sep,2023,1.552
gbr,sex_m,edu_aggregate_ltb,mts_details_sep,2024,1.886
gbr,sex_m,edu_aggregate_ltb,mts_details_sgle,2005,72.951
gbr,sex_m,edu_aggregate_ltb,mts_details_sgle,2006,11.785
gbr,sex_m,edu_aggregate_ltb,mts_details_sgle,2007,15.059
gbr,sex_m,edu_aggregate_ltb,mts_details_sgle,2008,486.583
gbr,sex_m,edu_aggregate_ltb,mts_details_sgle,2009,496.554
gbr,sex_m,edu_aggregate_ltb,mts_details_sgle,2010,460.731
gbr,sex_m,edu_aggregate_ltb,mts_details_sgle,2011,441.786
gbr,sex_m,edu_aggregate_ltb,mts_details_sgle,2012,429.698
gbr,sex_m,edu_aggregate_ltb,mts_details_sgle,2013,448.866
gbr,sex_m,edu_aggregate_ltb,mts_details_sgle,2014,426.568
gbr,sex_m,edu_aggregate_ltb,mts_details_sgle,2015,475.591
gbr,sex_m,edu_aggregate_ltb,mts_details_sgle,2016,467.209
gbr,sex_m,edu_aggregate_ltb,mts_details_sgle,2017,440.08
gbr,sex_m,edu_aggregate_ltb,mts_details_sgle,2018,462.25
gbr,sex_m,edu_aggregate_ltb,mts_details_sgle,2019,496.45
gbr,sex_m,edu_aggregate_ltb,mts_details_sgle,2020,521.771
gbr,sex_m,edu_aggregate_ltb,mts_details_sgle,2021,513.063
gbr,sex_m,edu_aggregate_ltb,mts_details_sgle,2022,25.06
gbr,sex_m,edu_aggregate_ltb,mts_details_sgle,2023,19.526
gbr,sex_m,edu_aggregate_ltb,mts_details_sgle,2024,21.632
gbr,sex_m,edu_aggregate_ltb,mts_details_total,2005,160.235
gbr,sex_m,edu_aggregate_ltb,mts_details_total,2006,21.966
gbr,sex_m,edu_aggregate_ltb,mts_details_total,2007,22.697
gbr,sex_m,edu_aggregate_ltb,mts_details_total,2008,1184.014
gbr,sex_m,edu_aggregate_ltb,mts_details_total,2009,1130.88
gbr,sex_m,edu_aggregate_ltb,mts_details_total,2010,1080.093
gbr,sex_m,edu_aggregate_ltb,mts_details_total,2011,947.917
gbr,sex_m,edu_aggregate_ltb,mts_details_total,2012,1031.533
gbr,sex_m,edu_aggregate_ltb,mts_details_total,2013,1022.358
gbr,sex_m,edu_aggregate_ltb,mts_details_total,2014,962.196
gbr,sex_m,edu_aggregate_ltb,mts_details_total,2015,1001.702
gbr,sex_m,edu_aggregate_ltb,mts_details_total,2016,942.696
gbr,sex_m,edu_aggregate_ltb,mts_details_total,2017,883.004
gbr,sex_m,edu_aggregate_ltb,mts_details_total,2018,851.122
gbr,sex_m,edu_aggregate_ltb,mts_details_total,2019,860.699
gbr,sex_m,edu_aggregate_ltb,mts_details_total,2020,858.322
gbr,sex_m,edu_aggregate_ltb,mts_details_total,2021,849.995
gbr,sex_m,edu_aggregate_ltb,mts_details_total,2022,42.865
gbr,sex_m,edu_aggregate_ltb,mts_details_total,2023,32.933
gbr,sex_m,edu_aggregate_ltb,mts_details_total,2024,33.716
gbr,sex_m,edu_aggregate_ltb,mts_details_union,2010,1.264
gbr,sex_m,edu_aggregate_ltb,mts_details_union,2013,2.083
gbr,sex_m,edu_aggregate_ltb,mts_details_union,2014,1.073
gbr,sex_m,edu_aggregate_ltb,mts_details_union,2020,2.353
gbr,sex_m,edu_aggregate_ltb,mts_details_wid,2005,2.779
gbr,sex_m,edu_aggregate_ltb,mts_details_wid,2008,41.76
gbr,sex_m,edu_aggregate_ltb,mts_details_wid,2009,39.775
gbr,sex_m,edu_aggregate_ltb,mts_details_wid,2010,46.71
gbr,sex_m,edu_aggregate_ltb,mts_details_wid,2011,28.072
gbr,sex_m,edu_aggregate_ltb,mts_details_wid,2012,38.516
gbr,sex_m,edu_aggregate_ltb,mts_details_wid,2013,36.891
gbr,sex_m,edu_aggregate_ltb,mts_details_wid,2014,35.598
gbr,sex_m,edu_aggregate_ltb,mts_details_wid,2015,29.64
gbr,sex_m,edu_aggregate_ltb,mts_details_wid,2016,26.263
gbr,sex_m,edu_aggregate_ltb,mts_details_wid,2017,29.754
gbr,sex_m,edu_aggregate_ltb,mts_details_wid,2018,28.168
gbr,sex_m,edu_aggregate_ltb,mts_details_wid,2019,29.631
gbr,sex_m,edu_aggregate_ltb,mts_details_wid,2020,20.959
gbr,sex_m,edu_aggregate_ltb,mts_details_wid,2021,18.982
gbr,sex_m,edu_aggregate_ltb,mts_details_wid,2022,0
gbr,sex_m,edu_aggregate_total,mts_aggregate_1,1999,3033.302
gbr,sex_m,edu_aggregate_total,mts_aggregate_1,2000,3007.76
gbr,sex_m,edu_aggregate_total,mts_aggregate_1,2001,3189.991
gbr,sex_m,edu_aggregate_total,mts_aggregate_1,2002,3284.374
gbr,sex_m,edu_aggregate_total,mts_aggregate_1,2003,3380.475
gbr,sex_m,edu_aggregate_total,mts_aggregate_1,2004,3478.766
gbr,sex_m,edu_aggregate_total,mts_aggregate_1,2005,3456.344
gbr,sex_m,edu_aggregate_total,mts_aggregate_1,2006,3467.456
gbr,sex_m,edu_aggregate_total,mts_aggregate_1,2007,3597.142
gbr,sex_m,edu_aggregate_total,mts_aggregate_1,2008,3698.827
gbr,sex_m,edu_aggregate_total,mts_aggregate_1,2009,3833.416
gbr,sex_m,edu_aggregate_total,mts_aggregate_1,2010,3956.973
gbr,sex_m,edu_aggregate_total,mts_aggregate_1,2011,4047.159
gbr,sex_m,edu_aggregate_total,mts_aggregate_1,2012,4015.355
gbr,sex_m,edu_aggregate_total,mts_aggregate_1,2013,4114.167
gbr,sex_m,edu_aggregate_total,mts_aggregate_1,2014,4133.053
gbr,sex_m,edu_aggregate_total,mts_aggregate_1,2015,4197.501
gbr,sex_m,edu_aggregate_total,mts_aggregate_1,2016,4262.83
gbr,sex_m,edu_aggregate_total,mts_aggregate_1,2017,4267.572
gbr,sex_m,edu_aggregate_total,mts_aggregate_1,2018,4317.622
gbr,sex_m,edu_aggregate_total,mts_aggregate_1,2019,4529.2
gbr,sex_m,edu_aggregate_total,mts_aggregate_1,2020,4497.49
gbr,sex_m,edu_aggregate_total,mts_aggregate_1,2021,4639.582
gbr,sex_m,edu_aggregate_total,mts_aggregate_1,2022,4787.947
gbr,sex_m,edu_aggregate_total,mts_aggregate_1,2023,4911.789
gbr,sex_m,edu_aggregate_total,mts_aggregate_1,2024,5131.312
gbr,sex_m,edu_aggregate_total,mts_aggregate_2,1999,3705.963
gbr,sex_m,edu_aggregate_total,mts_aggregate_2,2000,3761.843
gbr,sex_m,edu_aggregate_total,mts_aggregate_2,2001,3775.611
gbr,sex_m,edu_aggregate_total,mts_aggregate_2,2002,3775.289
gbr,sex_m,edu_aggregate_total,mts_aggregate_2,2003,3676.62
gbr,sex_m,edu_aggregate_total,mts_aggregate_2,2004,3724.945
gbr,sex_m,edu_aggregate_total,mts_aggregate_2,2005,3764.183
gbr,sex_m,edu_aggregate_total,mts_aggregate_2,2006,3751.715
gbr,sex_m,edu_aggregate_total,mts_aggregate_2,2007,3730.954
gbr,sex_m,edu_aggregate_total,mts_aggregate_2,2008,3666.593
gbr,sex_m,edu_aggregate_total,mts_aggregate_2,2009,3749.492
gbr,sex_m,edu_aggregate_total,mts_aggregate_2,2010,3788.744
gbr,sex_m,edu_aggregate_total,mts_aggregate_2,2011,3825.744
gbr,sex_m,edu_aggregate_total,mts_aggregate_2,2012,3888.651
gbr,sex_m,edu_aggregate_total,mts_aggregate_2,2013,3904.774
gbr,sex_m,edu_aggregate_total,mts_aggregate_2,2014,3955.038
gbr,sex_m,edu_aggregate_total,mts_aggregate_2,2015,3956.662
gbr,sex_m,edu_aggregate_total,mts_aggregate_2,2016,3981.404
gbr,sex_m,edu_aggregate_total,mts_aggregate_2,2017,4103.474
gbr,sex_m,edu_aggregate_total,mts_aggregate_2,2018,4069.12
gbr,sex_m,edu_aggregate_total,mts_aggregate_2,2019,4040.006
gbr,sex_m,edu_aggregate_total,mts_aggregate_2,2020,4250.795
gbr,sex_m,edu_aggregate_total,mts_aggregate_2,2021,4379.918
gbr,sex_m,edu_aggregate_total,mts_aggregate_2,2022,4200.021
gbr,sex_m,edu_aggregate_total,mts_aggregate_2,2023,4110.543
gbr,sex_m,edu_aggregate_total,mts_aggregate_2,2024,4202.953
gbr,sex_m,edu_aggregate_total,mts_aggregate_total,1999,6739.265
gbr,sex_m,edu_aggregate_total,mts_aggregate_total,2000,6769.603
gbr,sex_m,edu_aggregate_total,mts_aggregate_total,2001,6965.602
gbr,sex_m,edu_aggregate_total,mts_aggregate_total,2002,7059.663
gbr,sex_m,edu_aggregate_total,mts_aggregate_total,2003,7057.095
gbr,sex_m,edu_aggregate_total,mts_aggregate_total,2004,7203.711
gbr,sex_m,edu_aggregate_total,mts_aggregate_total,2005,7220.527
gbr,sex_m,edu_aggregate_total,mts_aggregate_total,2006,7219.171
gbr,sex_m,edu_aggregate_total,mts_aggregate_total,2007,7328.096
gbr,sex_m,edu_aggregate_total,mts_aggregate_total,2008,7365.42
gbr,sex_m,edu_aggregate_total,mts_aggregate_total,2009,7583.02
gbr,sex_m,edu_aggregate_total,mts_aggregate_total,2010,7745.718
gbr,sex_m,edu_aggregate_total,mts_aggregate_total,2011,7872.904
gbr,sex_m,edu_aggregate_total,mts_aggregate_total,2012,7904.006
gbr,sex_m,edu_aggregate_total,mts_aggregate_total,2013,8018.941
gbr,sex_m,edu_aggregate_total,mts_aggregate_total,2014,8088.091
gbr,sex_m,edu_aggregate_total,mts_aggregate_total,2015,8154.293
gbr,sex_m,edu_aggregate_total,mts_aggregate_total,2016,8245.888
gbr,sex_m,edu_aggregate_total,mts_aggregate_total,2017,8372.08
gbr,sex_m,edu_aggregate_total,mts_aggregate_total,2018,8386.742
gbr,sex_m,edu_aggregate_total,mts_aggregate_total,2019,8569.206
gbr,sex_m,edu_aggregate_total,mts_aggregate_total,2020,8748.285
gbr,sex_m,edu_aggregate_total,mts_aggregate_total,2021,9019.5
gbr,sex_m,edu_aggregate_total,mts_aggregate_total,2022,8987.968
gbr,sex_m,edu_aggregate_total,mts_aggregate_total,2023,9022.332
gbr,sex_m,edu_aggregate_total,mts_aggregate_total,2024,9334.778
gbr,sex_m,edu_aggregate_total,mts_aggregate_x,2016,1.654
gbr,sex_m,edu_aggregate_total,mts_aggregate_x,2017,1.034
gbr,sex_m,edu_aggregate_total,mts_details_mrd,2005,3764.183
gbr,sex_m,edu_aggregate_total,mts_details_mrd,2006,3745.478
gbr,sex_m,edu_aggregate_total,mts_details_mrd,2007,3725.436
gbr,sex_m,edu_aggregate_total,mts_details_mrd,2008,3659.883
gbr,sex_m,edu_aggregate_total,mts_details_mrd,2009,3742.951
gbr,sex_m,edu_aggregate_total,mts_details_mrd,2010,3779.474
gbr,sex_m,edu_aggregate_total,mts_details_mrd,2011,3816.331
gbr,sex_m,edu_aggregate_total,mts_details_mrd,2012,3876.241
gbr,sex_m,edu_aggregate_total,mts_details_mrd,2013,3888.335
gbr,sex_m,edu_aggregate_total,mts_details_mrd,2014,3941.877
gbr,sex_m,edu_aggregate_total,mts_details_mrd,2015,3942.747
gbr,sex_m,edu_aggregate_total,mts_details_mrd,2016,3964.428
gbr,sex_m,edu_aggregate_total,mts_details_mrd,2017,4089.658
gbr,sex_m,edu_aggregate_total,mts_details_mrd,2018,4053.817
gbr,sex_m,edu_aggregate_total,mts_details_mrd,2019,4024.968
gbr,sex_m,edu_aggregate_total,mts_details_mrd,2020,4220.71
gbr,sex_m,edu_aggregate_total,mts_details_mrd,2021,4349.872
gbr,sex_m,edu_aggregate_total,mts_details_mrd,2022,4173.304
gbr,sex_m,edu_aggregate_total,mts_details_mrd,2023,4059.617
gbr,sex_m,edu_aggregate_total,mts_details_mrd,2024,4148.819
gbr,sex_m,edu_aggregate_total,mts_details_sep,2005,584.934
gbr,sex_m,edu_aggregate_total,mts_details_sep,2006,585.208
gbr,sex_m,edu_aggregate_total,mts_details_sep,2007,614.808
gbr,sex_m,edu_aggregate_total,mts_details_sep,2008,597.846
gbr,sex_m,edu_aggregate_total,mts_details_sep,2009,633.913
gbr,sex_m,edu_aggregate_total,mts_details_sep,2010,692.045
gbr,sex_m,edu_aggregate_total,mts_details_sep,2011,745.445
gbr,sex_m,edu_aggregate_total,mts_details_sep,2012,734.221
gbr,sex_m,edu_aggregate_total,mts_details_sep,2013,746.355
gbr,sex_m,edu_aggregate_total,mts_details_sep,2014,756.98
gbr,sex_m,edu_aggregate_total,mts_details_sep,2015,781.642
gbr,sex_m,edu_aggregate_total,mts_details_sep,2016,803.601
gbr,sex_m,edu_aggregate_total,mts_details_sep,2017,783.522
gbr,sex_m,edu_aggregate_total,mts_details_sep,2018,745.119
gbr,sex_m,edu_aggregate_total,mts_details_sep,2019,783.688
gbr,sex_m,edu_aggregate_total,mts_details_sep,2020,786.153
gbr,sex_m,edu_aggregate_total,mts_details_sep,2021,792.513
gbr,sex_m,edu_aggregate_total,mts_details_sep,2022,861.233
gbr,sex_m,edu_aggregate_total,mts_details_sep,2023,889.048
gbr,sex_m,edu_aggregate_total,mts_details_sep,2024,941.173
gbr,sex_m,edu_aggregate_total,mts_details_sgle,2005,2193.814
gbr,sex_m,edu_aggregate_total,mts_details_sgle,2006,2216.656
gbr,sex_m,edu_aggregate_total,mts_details_sgle,2007,2304.718
gbr,sex_m,edu_aggregate_total,mts_details_sgle,2008,2388.39
gbr,sex_m,edu_aggregate_total,mts_details_sgle,2009,2528.804
gbr,sex_m,edu_aggregate_total,mts_details_sgle,2010,2578.883
gbr,sex_m,edu_aggregate_total,mts_details_sgle,2011,2580.431
gbr,sex_m,edu_aggregate_total,mts_details_sgle,2012,2573.27
gbr,sex_m,edu_aggregate_total,mts_details_sgle,2013,2675.298
gbr,sex_m,edu_aggregate_total,mts_details_sgle,2014,2687.385
gbr,sex_m,edu_aggregate_total,mts_details_sgle,2015,2692.208
gbr,sex_m,edu_aggregate_total,mts_details_sgle,2016,2732.633
gbr,sex_m,edu_aggregate_total,mts_details_sgle,2017,2767.7
gbr,sex_m,edu_aggregate_total,mts_details_sgle,2018,2785.567
gbr,sex_m,edu_aggregate_total,mts_details_sgle,2019,2935.194
gbr,sex_m,edu_aggregate_total,mts_details_sgle,2020,2989.681
gbr,sex_m,edu_aggregate_total,mts_details_sgle,2021,3198.17
gbr,sex_m,edu_aggregate_total,mts_details_sgle,2022,3192.894
gbr,sex_m,edu_aggregate_total,mts_details_sgle,2023,3282.961
gbr,sex_m,edu_aggregate_total,mts_details_sgle,2024,3467.361
gbr,sex_m,edu_aggregate_total,mts_details_total,2005,7220.527
gbr,sex_m,edu_aggregate_total,mts_details_total,2006,7219.171
gbr,sex_m,edu_aggregate_total,mts_details_total,2007,7328.096
gbr,sex_m,edu_aggregate_total,mts_details_total,2008,7365.42
gbr,sex_m,edu_aggregate_total,mts_details_total,2009,7583.02
gbr,sex_m,edu_aggregate_total,mts_details_total,2010,7745.718
gbr,sex_m,edu_aggregate_total,mts_details_total,2011,7872.904
gbr,sex_m,edu_aggregate_total,mts_details_total,2012,7904.006
gbr,sex_m,edu_aggregate_total,mts_details_total,2013,8018.941
gbr,sex_m,edu_aggregate_total,mts_details_total,2014,8088.091
gbr,sex_m,edu_aggregate_total,mts_details_total,2015,8154.293
gbr,sex_m,edu_aggregate_total,mts_details_total,2016,8245.888
gbr,sex_m,edu_aggregate_total,mts_details_total,2017,8372.08
gbr,sex_m,edu_aggregate_total,mts_details_total,2018,8386.742
gbr,sex_m,edu_aggregate_total,mts_details_total,2019,8569.206
gbr,sex_m,edu_aggregate_total,mts_details_total,2020,8748.285
gbr,sex_m,edu_aggregate_total,mts_details_total,2021,9019.5
gbr,sex_m,edu_aggregate_total,mts_details_total,2022,8987.968
gbr,sex_m,edu_aggregate_total,mts_details_total,2023,9022.332
gbr,sex_m,edu_aggregate_total,mts_details_total,2024,9334.778
gbr,sex_m,edu_aggregate_total,mts_details_union,2006,6.237
gbr,sex_m,edu_aggregate_total,mts_details_union,2007,5.518
gbr,sex_m,edu_aggregate_total,mts_details_union,2008,6.71
gbr,sex_m,edu_aggregate_total,mts_details_union,2009,6.541
gbr,sex_m,edu_aggregate_total,mts_details_union,2010,9.27
gbr,sex_m,edu_aggregate_total,mts_details_union,2011,9.413
gbr,sex_m,edu_aggregate_total,mts_details_union,2012,12.41
gbr,sex_m,edu_aggregate_total,mts_details_union,2013,16.439
gbr,sex_m,edu_aggregate_total,mts_details_union,2014,13.161
gbr,sex_m,edu_aggregate_total,mts_details_union,2015,13.915
gbr,sex_m,edu_aggregate_total,mts_details_union,2016,16.976
gbr,sex_m,edu_aggregate_total,mts_details_union,2017,13.816
gbr,sex_m,edu_aggregate_total,mts_details_union,2018,15.303
gbr,sex_m,edu_aggregate_total,mts_details_union,2019,15.039
gbr,sex_m,edu_aggregate_total,mts_details_union,2020,30.086
gbr,sex_m,edu_aggregate_total,mts_details_union,2021,30.046
gbr,sex_m,edu_aggregate_total,mts_details_union,2022,26.717
gbr,sex_m,edu_aggregate_total,mts_details_union,2023,50.926
gbr,sex_m,edu_aggregate_total,mts_details_union,2024,54.134
gbr,sex_m,edu_aggregate_total,mts_details_wid,2005,677.595
gbr,sex_m,edu_aggregate_total,mts_details_wid,2006,665.592
gbr,sex_m,edu_aggregate_total,mts_details_wid,2007,677.616
gbr,sex_m,edu_aggregate_total,mts_details_wid,2008,712.591
gbr,sex_m,edu_aggregate_total,mts_details_wid,2009,670.699
gbr,sex_m,edu_aggregate_total,mts_details_wid,2010,686.044
gbr,sex_m,edu_aggregate_total,mts_details_wid,2011,721.283
gbr,sex_m,edu_aggregate_total,mts_details_wid,2012,707.864
gbr,sex_m,edu_aggregate_total,mts_details_wid,2013,692.514
gbr,sex_m,edu_aggregate_total,mts_details_wid,2014,688.688
gbr,sex_m,edu_aggregate_total,mts_details_wid,2015,723.65
gbr,sex_m,edu_aggregate_total,mts_details_wid,2016,726.596
gbr,sex_m,edu_aggregate_total,mts_details_wid,2017,716.35
gbr,sex_m,edu_aggregate_total,mts_details_wid,2018,786.936
gbr,sex_m,edu_aggregate_total,mts_details_wid,2019,810.318
gbr,sex_m,edu_aggregate_total,mts_details_wid,2020,721.656
gbr,sex_m,edu_aggregate_total,mts_details_wid,2021,648.899
gbr,sex_m,edu_aggregate_total,mts_details_wid,2022,733.82
gbr,sex_m,edu_aggregate_total,mts_details_wid,2023,739.781
gbr,sex_m,edu_aggregate_total,mts_details_wid,2024,722.779
gbr,sex_m,edu_aggregate_total,mts_details_x,2016,1.654
gbr,sex_m,edu_aggregate_total,mts_details_x,2017,1.034
gbr,sex_m,edu_aggregate_x,mts_aggregate_1,1999,1534.705
gbr,sex_m,edu_aggregate_x,mts_aggregate_1,2000,1528.034
gbr,sex_m,edu_aggregate_x,mts_aggregate_1,2001,1536.77
gbr,sex_m,edu_aggregate_x,mts_aggregate_1,2002,1584.738
gbr,sex_m,edu_aggregate_x,mts_aggregate_1,2003,1633.234
gbr,sex_m,edu_aggregate_x,mts_aggregate_1,2004,1508.961
gbr,sex_m,edu_aggregate_x,mts_aggregate_1,2005,3136.754
gbr,sex_m,edu_aggregate_x,mts_aggregate_1,2006,2076.249
gbr,sex_m,edu_aggregate_x,mts_aggregate_1,2007,2126.419
gbr,sex_m,edu_aggregate_x,mts_aggregate_1,2008,1497.706
gbr,sex_m,edu_aggregate_x,mts_aggregate_1,2009,1508.601
gbr,sex_m,edu_aggregate_x,mts_aggregate_1,2010,1514.016
gbr,sex_m,edu_aggregate_x,mts_aggregate_1,2011,1596.506
gbr,sex_m,edu_aggregate_x,mts_aggregate_1,2012,1519.873
gbr,sex_m,edu_aggregate_x,mts_aggregate_1,2013,1531.101
gbr,sex_m,edu_aggregate_x,mts_aggregate_1,2014,1558.011
gbr,sex_m,edu_aggregate_x,mts_aggregate_1,2015,1599.177
gbr,sex_m,edu_aggregate_x,mts_aggregate_1,2016,1640.831
gbr,sex_m,edu_aggregate_x,mts_aggregate_1,2017,1680.732
gbr,sex_m,edu_aggregate_x,mts_aggregate_1,2018,1740.919
gbr,sex_m,edu_aggregate_x,mts_aggregate_1,2019,1800.781
gbr,sex_m,edu_aggregate_x,mts_aggregate_1,2020,1808.226
gbr,sex_m,edu_aggregate_x,mts_aggregate_1,2021,1769.672
gbr,sex_m,edu_aggregate_x,mts_aggregate_1,2022,1870.134
gbr,sex_m,edu_aggregate_x,mts_aggregate_1,2023,1782.63
gbr,sex_m,edu_aggregate_x,mts_aggregate_1,2024,1808.904
gbr,sex_m,edu_aggregate_x,mts_aggregate_2,1999,2604.443
gbr,sex_m,edu_aggregate_x,mts_aggregate_2,2000,2653.536
gbr,sex_m,edu_aggregate_x,mts_aggregate_2,2001,2687.183
gbr,sex_m,edu_aggregate_x,mts_aggregate_2,2002,2667.51
gbr,sex_m,edu_aggregate_x,mts_aggregate_2,2003,2648.613
gbr,sex_m,edu_aggregate_x,mts_aggregate_2,2004,2533.62
gbr,sex_m,edu_aggregate_x,mts_aggregate_2,2005,3578.157
gbr,sex_m,edu_aggregate_x,mts_aggregate_2,2006,2907.863
gbr,sex_m,edu_aggregate_x,mts_aggregate_2,2007,2908.672
gbr,sex_m,edu_aggregate_x,mts_aggregate_2,2008,2051.677
gbr,sex_m,edu_aggregate_x,mts_aggregate_2,2009,2127.447
gbr,sex_m,edu_aggregate_x,mts_aggregate_2,2010,2147.238
gbr,sex_m,edu_aggregate_x,mts_aggregate_2,2011,2349.432
gbr,sex_m,edu_aggregate_x,mts_aggregate_2,2012,2180.938
gbr,sex_m,edu_aggregate_x,mts_aggregate_2,2013,2199.461
gbr,sex_m,edu_aggregate_x,mts_aggregate_2,2014,2232.454
gbr,sex_m,edu_aggregate_x,mts_aggregate_2,2015,2270.625
gbr,sex_m,edu_aggregate_x,mts_aggregate_2,2016,2299.643
gbr,sex_m,edu_aggregate_x,mts_aggregate_2,2017,2468.444
gbr,sex_m,edu_aggregate_x,mts_aggregate_2,2018,2491.748
gbr,sex_m,edu_aggregate_x,mts_aggregate_2,2019,2508.617
gbr,sex_m,edu_aggregate_x,mts_aggregate_2,2020,2662.113
gbr,sex_m,edu_aggregate_x,mts_aggregate_2,2021,2727.454
gbr,sex_m,edu_aggregate_x,mts_aggregate_2,2022,2581.99
gbr,sex_m,edu_aggregate_x,mts_aggregate_2,2023,2512.207
gbr,sex_m,edu_aggregate_x,mts_aggregate_2,2024,2540.152
gbr,sex_m,edu_aggregate_x,mts_aggregate_total,1999,4139.148
gbr,sex_m,edu_aggregate_x,mts_aggregate_total,2000,4181.57
gbr,sex_m,edu_aggregate_x,mts_aggregate_total,2001,4223.953
gbr,sex_m,edu_aggregate_x,mts_aggregate_total,2002,4252.248
gbr,sex_m,edu_aggregate_x,mts_aggregate_total,2003,4281.847
gbr,sex_m,edu_aggregate_x,mts_aggregate_total,2004,4042.581
gbr,sex_m,edu_aggregate_x,mts_aggregate_total,2005,6714.911
gbr,sex_m,edu_aggregate_x,mts_aggregate_total,2006,4984.111
gbr,sex_m,edu_aggregate_x,mts_aggregate_total,2007,5035.09
gbr,sex_m,edu_aggregate_x,mts_aggregate_total,2008,3549.384
gbr,sex_m,edu_aggregate_x,mts_aggregate_total,2009,3636.048
gbr,sex_m,edu_aggregate_x,mts_aggregate_total,2010,3661.253
gbr,sex_m,edu_aggregate_x,mts_aggregate_total,2011,3945.937
gbr,sex_m,edu_aggregate_x,mts_aggregate_total,2012,3700.812
gbr,sex_m,edu_aggregate_x,mts_aggregate_total,2013,3730.562
gbr,sex_m,edu_aggregate_x,mts_aggregate_total,2014,3790.465
gbr,sex_m,edu_aggregate_x,mts_aggregate_total,2015,3869.932
gbr,sex_m,edu_aggregate_x,mts_aggregate_total,2016,3942.128
gbr,sex_m,edu_aggregate_x,mts_aggregate_total,2017,4150.211
gbr,sex_m,edu_aggregate_x,mts_aggregate_total,2018,4232.667
gbr,sex_m,edu_aggregate_x,mts_aggregate_total,2019,4309.398
gbr,sex_m,edu_aggregate_x,mts_aggregate_total,2020,4470.338
gbr,sex_m,edu_aggregate_x,mts_aggregate_total,2021,4497.126
gbr,sex_m,edu_aggregate_x,mts_aggregate_total,2022,4452.124
gbr,sex_m,edu_aggregate_x,mts_aggregate_total,2023,4294.837
gbr,sex_m,edu_aggregate_x,mts_aggregate_total,2024,4349.218
gbr,sex_m,edu_aggregate_x,mts_aggregate_x,2016,1.654
gbr,sex_m,edu_aggregate_x,mts_aggregate_x,2017,1.034
gbr,sex_m,edu_aggregate_x,mts_details_mrd,2005,3578.157
gbr,sex_m,edu_aggregate_x,mts_details_mrd,2006,2906.231
gbr,sex_m,edu_aggregate_x,mts_details_mrd,2007,2905.848
gbr,sex_m,edu_aggregate_x,mts_details_mrd,2008,2048.796
gbr,sex_m,edu_aggregate_x,mts_details_mrd,2009,2125.62
gbr,sex_m,edu_aggregate_x,mts_details_mrd,2010,2145.344
gbr,sex_m,edu_aggregate_x,mts_details_mrd,2011,2345.233
gbr,sex_m,edu_aggregate_x,mts_details_mrd,2012,2176.131
gbr,sex_m,edu_aggregate_x,mts_details_mrd,2013,2193.227
gbr,sex_m,edu_aggregate_x,mts_details_mrd,2014,2227.68
gbr,sex_m,edu_aggregate_x,mts_details_mrd,2015,2264.628
gbr,sex_m,edu_aggregate_x,mts_details_mrd,2016,2290.144
gbr,sex_m,edu_aggregate_x,mts_details_mrd,2017,2463.365
gbr,sex_m,edu_aggregate_x,mts_details_mrd,2018,2486.626
gbr,sex_m,edu_aggregate_x,mts_details_mrd,2019,2501.941
gbr,sex_m,edu_aggregate_x,mts_details_mrd,2020,2653.006
gbr,sex_m,edu_aggregate_x,mts_details_mrd,2021,2715.998
gbr,sex_m,edu_aggregate_x,mts_details_mrd,2022,2575.979
gbr,sex_m,edu_aggregate_x,mts_details_mrd,2023,2489.812
gbr,sex_m,edu_aggregate_x,mts_details_mrd,2024,2521.185
gbr,sex_m,edu_aggregate_x,mts_details_sep,2005,533.889
gbr,sex_m,edu_aggregate_x,mts_details_sep,2006,376.217
gbr,sex_m,edu_aggregate_x,mts_details_sep,2007,400.908
gbr,sex_m,edu_aggregate_x,mts_details_sep,2008,224.614
gbr,sex_m,edu_aggregate_x,mts_details_sep,2009,240.739
gbr,sex_m,edu_aggregate_x,mts_details_sep,2010,252.746
gbr,sex_m,edu_aggregate_x,mts_details_sep,2011,316.925
gbr,sex_m,edu_aggregate_x,mts_details_sep,2012,276.714
gbr,sex_m,edu_aggregate_x,mts_details_sep,2013,297.779
gbr,sex_m,edu_aggregate_x,mts_details_sep,2014,301.34
gbr,sex_m,edu_aggregate_x,mts_details_sep,2015,322.89
gbr,sex_m,edu_aggregate_x,mts_details_sep,2016,338.216
gbr,sex_m,edu_aggregate_x,mts_details_sep,2017,352.89
gbr,sex_m,edu_aggregate_x,mts_details_sep,2018,340.535
gbr,sex_m,edu_aggregate_x,mts_details_sep,2019,371.144
gbr,sex_m,edu_aggregate_x,mts_details_sep,2020,396.049
gbr,sex_m,edu_aggregate_x,mts_details_sep,2021,409.197
gbr,sex_m,edu_aggregate_x,mts_details_sep,2022,399.452
gbr,sex_m,edu_aggregate_x,mts_details_sep,2023,392.144
gbr,sex_m,edu_aggregate_x,mts_details_sep,2024,440.329
gbr,sex_m,edu_aggregate_x,mts_details_sgle,2005,1933.479
gbr,sex_m,edu_aggregate_x,mts_details_sgle,2006,1071.391
gbr,sex_m,edu_aggregate_x,mts_details_sgle,2007,1090.472
gbr,sex_m,edu_aggregate_x,mts_details_sgle,2008,671.431
gbr,sex_m,edu_aggregate_x,mts_details_sgle,2009,704.386
gbr,sex_m,edu_aggregate_x,mts_details_sgle,2010,693.004
gbr,sex_m,edu_aggregate_x,mts_details_sgle,2011,657.264
gbr,sex_m,edu_aggregate_x,mts_details_sgle,2012,658.306
gbr,sex_m,edu_aggregate_x,mts_details_sgle,2013,653.885
gbr,sex_m,edu_aggregate_x,mts_details_sgle,2014,677.093
gbr,sex_m,edu_aggregate_x,mts_details_sgle,2015,659.573
gbr,sex_m,edu_aggregate_x,mts_details_sgle,2016,677.842
gbr,sex_m,edu_aggregate_x,mts_details_sgle,2017,712.343
gbr,sex_m,edu_aggregate_x,mts_details_sgle,2018,717.744
gbr,sex_m,edu_aggregate_x,mts_details_sgle,2019,726.664
gbr,sex_m,edu_aggregate_x,mts_details_sgle,2020,777.835
gbr,sex_m,edu_aggregate_x,mts_details_sgle,2021,798.562
gbr,sex_m,edu_aggregate_x,mts_details_sgle,2022,841.291
gbr,sex_m,edu_aggregate_x,mts_details_sgle,2023,754.435
gbr,sex_m,edu_aggregate_x,mts_details_sgle,2024,741.508
gbr,sex_m,edu_aggregate_x,mts_details_total,2005,6714.911
gbr,sex_m,edu_aggregate_x,mts_details_total,2006,4984.111
gbr,sex_m,edu_aggregate_x,mts_details_total,2007,5035.09
gbr,sex_m,edu_aggregate_x,mts_details_total,2008,3549.384
gbr,sex_m,edu_aggregate_x,mts_details_total,2009,3636.048
gbr,sex_m,edu_aggregate_x,mts_details_total,2010,3661.253
gbr,sex_m,edu_aggregate_x,mts_details_total,2011,3945.937
gbr,sex_m,edu_aggregate_x,mts_details_total,2012,3700.812
gbr,sex_m,edu_aggregate_x,mts_details_total,2013,3730.562
gbr,sex_m,edu_aggregate_x,mts_details_total,2014,3790.465
gbr,sex_m,edu_aggregate_x,mts_details_total,2015,3869.932
gbr,sex_m,edu_aggregate_x,mts_details_total,2016,3942.128
gbr,sex_m,edu_aggregate_x,mts_details_total,2017,4150.211
gbr,sex_m,edu_aggregate_x,mts_details_total,2018,4232.667
gbr,sex_m,edu_aggregate_x,mts_details_total,2019,4309.398
gbr,sex_m,edu_aggregate_x,mts_details_total,2020,4470.338
gbr,sex_m,edu_aggregate_x,mts_details_total,2021,4497.126
gbr,sex_m,edu_aggregate_x,mts_details_total,2022,4452.124
gbr,sex_m,edu_aggregate_x,mts_details_total,2023,4294.837
gbr,sex_m,edu_aggregate_x,mts_details_total,2024,4349.218
gbr,sex_m,edu_aggregate_x,mts_details_union,2006,1.632
gbr,sex_m,edu_aggregate_x,mts_details_union,2007,2.824
gbr,sex_m,edu_aggregate_x,mts_details_union,2008,2.881
gbr,sex_m,edu_aggregate_x,mts_details_union,2009,1.827
gbr,sex_m,edu_aggregate_x,mts_details_union,2010,1.894
gbr,sex_m,edu_aggregate_x,mts_details_union,2011,4.199
gbr,sex_m,edu_aggregate_x,mts_details_union,2012,4.807
gbr,sex_m,edu_aggregate_x,mts_details_union,2013,6.234
gbr,sex_m,edu_aggregate_x,mts_details_union,2014,4.774
gbr,sex_m,edu_aggregate_x,mts_details_union,2015,5.997
gbr,sex_m,edu_aggregate_x,mts_details_union,2016,9.499
gbr,sex_m,edu_aggregate_x,mts_details_union,2017,5.08
gbr,sex_m,edu_aggregate_x,mts_details_union,2018,5.121
gbr,sex_m,edu_aggregate_x,mts_details_union,2019,6.676
gbr,sex_m,edu_aggregate_x,mts_details_union,2020,9.108
gbr,sex_m,edu_aggregate_x,mts_details_union,2021,11.456
gbr,sex_m,edu_aggregate_x,mts_details_union,2022,6.011
gbr,sex_m,edu_aggregate_x,mts_details_union,2023,22.395
gbr,sex_m,edu_aggregate_x,mts_details_union,2024,18.967
gbr,sex_m,edu_aggregate_x,mts_details_wid,2005,669.386
gbr,sex_m,edu_aggregate_x,mts_details_wid,2006,628.64
gbr,sex_m,edu_aggregate_x,mts_details_wid,2007,635.039
gbr,sex_m,edu_aggregate_x,mts_details_wid,2008,601.662
gbr,sex_m,edu_aggregate_x,mts_details_wid,2009,563.477
gbr,sex_m,edu_aggregate_x,mts_details_wid,2010,568.266
gbr,sex_m,edu_aggregate_x,mts_details_wid,2011,622.317
gbr,sex_m,edu_aggregate_x,mts_details_wid,2012,584.853
gbr,sex_m,edu_aggregate_x,mts_details_wid,2013,579.437
gbr,sex_m,edu_aggregate_x,mts_details_wid,2014,579.577
gbr,sex_m,edu_aggregate_x,mts_details_wid,2015,616.714
gbr,sex_m,edu_aggregate_x,mts_details_wid,2016,624.773
gbr,sex_m,edu_aggregate_x,mts_details_wid,2017,615.499
gbr,sex_m,edu_aggregate_x,mts_details_wid,2018,682.64
gbr,sex_m,edu_aggregate_x,mts_details_wid,2019,702.972
gbr,sex_m,edu_aggregate_x,mts_details_wid,2020,634.342
gbr,sex_m,edu_aggregate_x,mts_details_wid,2021,561.913
gbr,sex_m,edu_aggregate_x,mts_details_wid,2022,629.391
gbr,sex_m,edu_aggregate_x,mts_details_wid,2023,636.052
gbr,sex_m,edu_aggregate_x,mts_details_wid,2024,627.066
gbr,sex_m,edu_aggregate_x,mts_details_x,2016,1.654
gbr,sex_m,edu_aggregate_x,mts_details_x,2017,1.034
gbr,sex_m,edu_isced11_0,mts_aggregate_1,2022,28.62
gbr,sex_m,edu_isced11_0,mts_aggregate_1,2023,21.079
gbr,sex_m,edu_isced11_0,mts_aggregate_1,2024,23.518
gbr,sex_m,edu_isced11_0,mts_aggregate_2,2022,14.245
gbr,sex_m,edu_isced11_0,mts_aggregate_2,2023,11.854
gbr,sex_m,edu_isced11_0,mts_aggregate_2,2024,9.848
gbr,sex_m,edu_isced11_0,mts_aggregate_total,2022,42.865
gbr,sex_m,edu_isced11_0,mts_aggregate_total,2023,32.933
gbr,sex_m,edu_isced11_0,mts_aggregate_total,2024,33.716
gbr,sex_m,edu_isced11_0,mts_details_mrd,2022,14.245
gbr,sex_m,edu_isced11_0,mts_details_mrd,2023,11.452
gbr,sex_m,edu_isced11_0,mts_details_mrd,2024,9.848
gbr,sex_m,edu_isced11_0,mts_details_sep,2022,3.56
gbr,sex_m,edu_isced11_0,mts_details_sep,2023,1.552
gbr,sex_m,edu_isced11_0,mts_details_sep,2024,1.886
gbr,sex_m,edu_isced11_0,mts_details_sgle,2022,25.06
gbr,sex_m,edu_isced11_0,mts_details_sgle,2023,19.526
gbr,sex_m,edu_isced11_0,mts_details_sgle,2024,21.632
gbr,sex_m,edu_isced11_0,mts_details_total,2022,42.865
gbr,sex_m,edu_isced11_0,mts_details_total,2023,32.933
gbr,sex_m,edu_isced11_0,mts_details_total,2024,33.716
gbr,sex_m,edu_isced11_0,mts_details_wid,2022,0
gbr,sex_m,edu_isced11_1,mts_aggregate_1,2022,26.494
gbr,sex_m,edu_isced11_1,mts_aggregate_1,2023,33.74
gbr,sex_m,edu_isced11_1,mts_aggregate_1,2024,40.741
gbr,sex_m,edu_isced11_1,mts_aggregate_2,2022,13.089
gbr,sex_m,edu_isced11_1,mts_aggregate_2,2023,16.423
gbr,sex_m,edu_isced11_1,mts_aggregate_2,2024,14.603
gbr,sex_m,edu_isced11_1,mts_aggregate_total,2022,39.583
gbr,sex_m,edu_isced11_1,mts_aggregate_total,2023,50.163
gbr,sex_m,edu_isced11_1,mts_aggregate_total,2024,55.344
gbr,sex_m,edu_isced11_1,mts_details_mrd,2022,13.089
gbr,sex_m,edu_isced11_1,mts_details_mrd,2023,16.423
gbr,sex_m,edu_isced11_1,mts_details_mrd,2024,14.603
gbr,sex_m,edu_isced11_1,mts_details_sep,2022,5.372
gbr,sex_m,edu_isced11_1,mts_details_sep,2023,4.976
gbr,sex_m,edu_isced11_1,mts_details_sep,2024,3.567
gbr,sex_m,edu_isced11_1,mts_details_sgle,2022,20.163
gbr,sex_m,edu_isced11_1,mts_details_sgle,2023,26.348
gbr,sex_m,edu_isced11_1,mts_details_sgle,2024,34.448
gbr,sex_m,edu_isced11_1,mts_details_total,2022,39.583
gbr,sex_m,edu_isced11_1,mts_details_total,2023,50.163
gbr,sex_m,edu_isced11_1,mts_details_total,2024,55.344
gbr,sex_m,edu_isced11_1,mts_details_wid,2023,2.416
gbr,sex_m,edu_isced11_1,mts_details_wid,2024,2.727
gbr,sex_m,edu_isced11_2,mts_aggregate_1,2005,74.839
gbr,sex_m,edu_isced11_2,mts_aggregate_1,2006,592.353
gbr,sex_m,edu_isced11_2,mts_aggregate_1,2007,629.135
gbr,sex_m,edu_isced11_2,mts_aggregate_1,2008,580.555
gbr,sex_m,edu_isced11_2,mts_aggregate_1,2009,645.29
gbr,sex_m,edu_isced11_2,mts_aggregate_1,2010,707.168
gbr,sex_m,edu_isced11_2,mts_aggregate_1,2011,675.425
gbr,sex_m,edu_isced11_2,mts_aggregate_1,2012,661.474
gbr,sex_m,edu_isced11_2,mts_aggregate_1,2013,693.138
gbr,sex_m,edu_isced11_2,mts_aggregate_1,2014,709.976
gbr,sex_m,edu_isced11_2,mts_aggregate_1,2015,687.935
gbr,sex_m,edu_isced11_2,mts_aggregate_1,2016,704.218
gbr,sex_m,edu_isced11_2,mts_aggregate_1,2017,740.87
gbr,sex_m,edu_isced11_2,mts_aggregate_1,2018,729.988
gbr,sex_m,edu_isced11_2,mts_aggregate_1,2019,754.106
gbr,sex_m,edu_isced11_2,mts_aggregate_1,2020,787.242
gbr,sex_m,edu_isced11_2,mts_aggregate_1,2021,910.451
gbr,sex_m,edu_isced11_2,mts_aggregate_1,2022,989.514
gbr,sex_m,edu_isced11_2,mts_aggregate_1,2023,1057.231
gbr,sex_m,edu_isced11_2,mts_aggregate_1,2024,1211.964
gbr,sex_m,edu_isced11_2,mts_aggregate_2,2005,26.173
gbr,sex_m,edu_isced11_2,mts_aggregate_2,2006,288.736
gbr,sex_m,edu_isced11_2,mts_aggregate_2,2007,280.856
gbr,sex_m,edu_isced11_2,mts_aggregate_2,2008,215.615
gbr,sex_m,edu_isced11_2,mts_aggregate_2,2009,235.387
gbr,sex_m,edu_isced11_2,mts_aggregate_2,2010,242.716
gbr,sex_m,edu_isced11_2,mts_aggregate_2,2011,197.993
gbr,sex_m,edu_isced11_2,mts_aggregate_2,2012,252.731
gbr,sex_m,edu_isced11_2,mts_aggregate_2,2013,241.546
gbr,sex_m,edu_isced11_2,mts_aggregate_2,2014,243.869
gbr,sex_m,edu_isced11_2,mts_aggregate_2,2015,237.985
gbr,sex_m,edu_isced11_2,mts_aggregate_2,2016,261.707
gbr,sex_m,edu_isced11_2,mts_aggregate_2,2017,267.502
gbr,sex_m,edu_isced11_2,mts_aggregate_2,2018,257.325
gbr,sex_m,edu_isced11_2,mts_aggregate_2,2019,251.47
gbr,sex_m,edu_isced11_2,mts_aggregate_2,2020,268.304
gbr,sex_m,edu_isced11_2,mts_aggregate_2,2021,293.213
gbr,sex_m,edu_isced11_2,mts_aggregate_2,2022,361.032
gbr,sex_m,edu_isced11_2,mts_aggregate_2,2023,371.596
gbr,sex_m,edu_isced11_2,mts_aggregate_2,2024,359.55
gbr,sex_m,edu_isced11_2,mts_aggregate_total,2005,101.012
gbr,sex_m,edu_isced11_2,mts_aggregate_total,2006,881.089
gbr,sex_m,edu_isced11_2,mts_aggregate_total,2007,909.991
gbr,sex_m,edu_isced11_2,mts_aggregate_total,2008,796.17
gbr,sex_m,edu_isced11_2,mts_aggregate_total,2009,880.678
gbr,sex_m,edu_isced11_2,mts_aggregate_total,2010,949.884
gbr,sex_m,edu_isced11_2,mts_aggregate_total,2011,873.418
gbr,sex_m,edu_isced11_2,mts_aggregate_total,2012,914.205
gbr,sex_m,edu_isced11_2,mts_aggregate_total,2013,934.684
gbr,sex_m,edu_isced11_2,mts_aggregate_total,2014,953.845
gbr,sex_m,edu_isced11_2,mts_aggregate_total,2015,925.92
gbr,sex_m,edu_isced11_2,mts_aggregate_total,2016,965.926
gbr,sex_m,edu_isced11_2,mts_aggregate_total,2017,1008.373
gbr,sex_m,edu_isced11_2,mts_aggregate_total,2018,987.313
gbr,sex_m,edu_isced11_2,mts_aggregate_total,2019,1005.576
gbr,sex_m,edu_isced11_2,mts_aggregate_total,2020,1055.546
gbr,sex_m,edu_isced11_2,mts_aggregate_total,2021,1203.664
gbr,sex_m,edu_isced11_2,mts_aggregate_total,2022,1350.546
gbr,sex_m,edu_isced11_2,mts_aggregate_total,2023,1428.827
gbr,sex_m,edu_isced11_2,mts_aggregate_total,2024,1571.514
gbr,sex_m,edu_isced11_2,mts_details_mrd,2005,26.173
gbr,sex_m,edu_isced11_2,mts_details_mrd,2006,287.925
gbr,sex_m,edu_isced11_2,mts_details_mrd,2007,279.082
gbr,sex_m,edu_isced11_2,mts_details_mrd,2008,214.636
gbr,sex_m,edu_isced11_2,mts_details_mrd,2009,234.859
gbr,sex_m,edu_isced11_2,mts_details_mrd,2010,241.08
gbr,sex_m,edu_isced11_2,mts_details_mrd,2011,197.302
gbr,sex_m,edu_isced11_2,mts_details_mrd,2012,251.25
gbr,sex_m,edu_isced11_2,mts_details_mrd,2013,239.054
gbr,sex_m,edu_isced11_2,mts_details_mrd,2014,242.023
gbr,sex_m,edu_isced11_2,mts_details_mrd,2015,235.954
gbr,sex_m,edu_isced11_2,mts_details_mrd,2016,258.009
gbr,sex_m,edu_isced11_2,mts_details_mrd,2017,265.442
gbr,sex_m,edu_isced11_2,mts_details_mrd,2018,256.104
gbr,sex_m,edu_isced11_2,mts_details_mrd,2019,250.505
gbr,sex_m,edu_isced11_2,mts_details_mrd,2020,263.211
gbr,sex_m,edu_isced11_2,mts_details_mrd,2021,288.407
gbr,sex_m,edu_isced11_2,mts_details_mrd,2022,355.373
gbr,sex_m,edu_isced11_2,mts_details_mrd,2023,358.65
gbr,sex_m,edu_isced11_2,mts_details_mrd,2024,350.917
gbr,sex_m,edu_isced11_2,mts_details_sep,2005,6.704
gbr,sex_m,edu_isced11_2,mts_details_sep,2006,71.617
gbr,sex_m,edu_isced11_2,mts_details_sep,2007,80.702
gbr,sex_m,edu_isced11_2,mts_details_sep,2008,64.202
gbr,sex_m,edu_isced11_2,mts_details_sep,2009,69.963
gbr,sex_m,edu_isced11_2,mts_details_sep,2010,75.751
gbr,sex_m,edu_isced11_2,mts_details_sep,2011,65.6
gbr,sex_m,edu_isced11_2,mts_details_sep,2012,67.124
gbr,sex_m,edu_isced11_2,mts_details_sep,2013,68.812
gbr,sex_m,edu_isced11_2,mts_details_sep,2014,71.175
gbr,sex_m,edu_isced11_2,mts_details_sep,2015,76.03
gbr,sex_m,edu_isced11_2,mts_details_sep,2016,84.415
gbr,sex_m,edu_isced11_2,mts_details_sep,2017,81.759
gbr,sex_m,edu_isced11_2,mts_details_sep,2018,70.903
gbr,sex_m,edu_isced11_2,mts_details_sep,2019,70.592
gbr,sex_m,edu_isced11_2,mts_details_sep,2020,74.402
gbr,sex_m,edu_isced11_2,mts_details_sep,2021,73.949
gbr,sex_m,edu_isced11_2,mts_details_sep,2022,149.785
gbr,sex_m,edu_isced11_2,mts_details_sep,2023,144.239
gbr,sex_m,edu_isced11_2,mts_details_sep,2024,159.417
gbr,sex_m,edu_isced11_2,mts_details_sgle,2005,67.358
gbr,sex_m,edu_isced11_2,mts_details_sgle,2006,506.908
gbr,sex_m,edu_isced11_2,mts_details_sgle,2007,533.109
gbr,sex_m,edu_isced11_2,mts_details_sgle,2008,502.808
gbr,sex_m,edu_isced11_2,mts_details_sgle,2009,563.437
gbr,sex_m,edu_isced11_2,mts_details_sgle,2010,618.271
gbr,sex_m,edu_isced11_2,mts_details_sgle,2011,597.615
gbr,sex_m,edu_isced11_2,mts_details_sgle,2012,581.467
gbr,sex_m,edu_isced11_2,mts_details_sgle,2013,612.424
gbr,sex_m,edu_isced11_2,mts_details_sgle,2014,626.06
gbr,sex_m,edu_isced11_2,mts_details_sgle,2015,597.445
gbr,sex_m,edu_isced11_2,mts_details_sgle,2016,606.627
gbr,sex_m,edu_isced11_2,mts_details_sgle,2017,643.97
gbr,sex_m,edu_isced11_2,mts_details_sgle,2018,645.364
gbr,sex_m,edu_isced11_2,mts_details_sgle,2019,669.585
gbr,sex_m,edu_isced11_2,mts_details_sgle,2020,699.584
gbr,sex_m,edu_isced11_2,mts_details_sgle,2021,820.136
gbr,sex_m,edu_isced11_2,mts_details_sgle,2022,805.027
gbr,sex_m,edu_isced11_2,mts_details_sgle,2023,886.636
gbr,sex_m,edu_isced11_2,mts_details_sgle,2024,1023.192
gbr,sex_m,edu_isced11_2,mts_details_total,2005,101.012
gbr,sex_m,edu_isced11_2,mts_details_total,2006,881.089
gbr,sex_m,edu_isced11_2,mts_details_total,2007,909.991
gbr,sex_m,edu_isced11_2,mts_details_total,2008,796.17
gbr,sex_m,edu_isced11_2,mts_details_total,2009,880.678
gbr,sex_m,edu_isced11_2,mts_details_total,2010,949.884
gbr,sex_m,edu_isced11_2,mts_details_total,2011,873.418
gbr,sex_m,edu_isced11_2,mts_details_total,2012,914.205
gbr,sex_m,edu_isced11_2,mts_details_total,2013,934.684
gbr,sex_m,edu_isced11_2,mts_details_total,2014,953.845
gbr,sex_m,edu_isced11_2,mts_details_total,2015,925.92
gbr,sex_m,edu_isced11_2,mts_details_total,2016,965.926
gbr,sex_m,edu_isced11_2,mts_details_total,2017,1008.373
gbr,sex_m,edu_isced11_2,mts_details_total,2018,987.313
gbr,sex_m,edu_isced11_2,mts_details_total,2019,1005.576
gbr,sex_m,edu_isced11_2,mts_details_total,2020,1055.546
gbr,sex_m,edu_isced11_2,mts_details_total,2021,1203.664
gbr,sex_m,edu_isced11_2,mts_details_total,2022,1350.546
gbr,sex_m,edu_isced11_2,mts_details_total,2023,1428.827
gbr,sex_m,edu_isced11_2,mts_details_total,2024,1571.514
gbr,sex_m,edu_isced11_2,mts_details_union,2006,0.811
gbr,sex_m,edu_isced11_2,mts_details_union,2007,1.774
gbr,sex_m,edu_isced11_2,mts_details_union,2008,0.979
gbr,sex_m,edu_isced11_2,mts_details_union,2010,1.636
gbr,sex_m,edu_isced11_2,mts_details_union,2011,0.692
gbr,sex_m,edu_isced11_2,mts_details_union,2012,1.48
gbr,sex_m,edu_isced11_2,mts_details_union,2013,2.493
gbr,sex_m,edu_isced11_2,mts_details_union,2014,1.846
gbr,sex_m,edu_isced11_2,mts_details_union,2015,2.031
gbr,sex_m,edu_isced11_2,mts_details_union,2016,3.698
gbr,sex_m,edu_isced11_2,mts_details_union,2017,2.06
gbr,sex_m,edu_isced11_2,mts_details_union,2018,1.222
gbr,sex_m,edu_isced11_2,mts_details_union,2019,0.965
gbr,sex_m,edu_isced11_2,mts_details_union,2020,5.093
gbr,sex_m,edu_isced11_2,mts_details_union,2021,4.806
gbr,sex_m,edu_isced11_2,mts_details_union,2022,5.659
gbr,sex_m,edu_isced11_2,mts_details_union,2023,12.947
gbr,sex_m,edu_isced11_2,mts_details_union,2024,8.633
gbr,sex_m,edu_isced11_2,mts_details_wid,2005,0.777
gbr,sex_m,edu_isced11_2,mts_details_wid,2006,13.828
gbr,sex_m,edu_isced11_2,mts_details_wid,2007,15.324
gbr,sex_m,edu_isced11_2,mts_details_wid,2008,13.546
gbr,sex_m,edu_isced11_2,mts_details_wid,2009,11.891
gbr,sex_m,edu_isced11_2,mts_details_wid,2010,13.146
gbr,sex_m,edu_isced11_2,mts_details_wid,2011,12.211
gbr,sex_m,edu_isced11_2,mts_details_wid,2012,12.883
gbr,sex_m,edu_isced11_2,mts_details_wid,2013,11.902
gbr,sex_m,edu_isced11_2,mts_details_wid,2014,12.741
gbr,sex_m,edu_isced11_2,mts_details_wid,2015,14.46
gbr,sex_m,edu_isced11_2,mts_details_wid,2016,13.176
gbr,sex_m,edu_isced11_2,mts_details_wid,2017,15.141
gbr,sex_m,edu_isced11_2,mts_details_wid,2018,13.721
gbr,sex_m,edu_isced11_2,mts_details_wid,2019,13.929
gbr,sex_m,edu_isced11_2,mts_details_wid,2020,13.256
gbr,sex_m,edu_isced11_2,mts_details_wid,2021,16.366
gbr,sex_m,edu_isced11_2,mts_details_wid,2022,34.702
gbr,sex_m,edu_isced11_2,mts_details_wid,2023,26.355
gbr,sex_m,edu_isced11_2,mts_details_wid,2024,29.355
gbr,sex_m,edu_isced11_3,mts_aggregate_1,2005,112.549
gbr,sex_m,edu_isced11_3,mts_aggregate_1,2006,581.609
gbr,sex_m,edu_isced11_3,mts_aggregate_1,2007,600.859
gbr,sex_m,edu_isced11_3,mts_aggregate_1,2008,685.12
gbr,sex_m,edu_isced11_3,mts_aggregate_1,2009,714.619
gbr,sex_m,edu_isced11_3,mts_aggregate_1,2010,758.801
gbr,sex_m,edu_isced11_3,mts_aggregate_1,2011,813.571
gbr,sex_m,edu_isced11_3,mts_aggregate_1,2012,852.144
gbr,sex_m,edu_isced11_3,mts_aggregate_1,2013,896.397
gbr,sex_m,edu_isced11_3,mts_aggregate_1,2014,869.226
gbr,sex_m,edu_isced11_3,mts_aggregate_1,2015,861.927
gbr,sex_m,edu_isced11_3,mts_aggregate_1,2016,863.402
gbr,sex_m,edu_isced11_3,mts_aggregate_1,2017,830.078
gbr,sex_m,edu_isced11_3,mts_aggregate_1,2018,828.006
gbr,sex_m,edu_isced11_3,mts_aggregate_1,2019,881.151
gbr,sex_m,edu_isced11_3,mts_aggregate_1,2020,825.038
gbr,sex_m,edu_isced11_3,mts_aggregate_1,2021,853.163
gbr,sex_m,edu_isced11_3,mts_aggregate_1,2022,1380.55
gbr,sex_m,edu_isced11_3,mts_aggregate_1,2023,1483.564
gbr,sex_m,edu_isced11_3,mts_aggregate_1,2024,1534.604
gbr,sex_m,edu_isced11_3,mts_aggregate_2,2005,58.276
gbr,sex_m,edu_isced11_3,mts_aggregate_2,2006,314.029
gbr,sex_m,edu_isced11_3,mts_aggregate_2,2007,290.259
gbr,sex_m,edu_isced11_3,mts_aggregate_2,2008,479.149
gbr,sex_m,edu_isced11_3,mts_aggregate_2,2009,513.256
gbr,sex_m,edu_isced11_3,mts_aggregate_2,2010,535.238
gbr,sex_m,edu_isced11_3,mts_aggregate_2,2011,555.006
gbr,sex_m,edu_isced11_3,mts_aggregate_2,2012,532.654
gbr,sex_m,edu_isced11_3,mts_aggregate_2,2013,532.123
gbr,sex_m,edu_isced11_3,mts_aggregate_2,2014,541.202
gbr,sex_m,edu_isced11_3,mts_aggregate_2,2015,538.164
gbr,sex_m,edu_isced11_3,mts_aggregate_2,2016,525.86
gbr,sex_m,edu_isced11_3,mts_aggregate_2,2017,501.996
gbr,sex_m,edu_isced11_3,mts_aggregate_2,2018,474.716
gbr,sex_m,edu_isced11_3,mts_aggregate_2,2019,465.823
gbr,sex_m,edu_isced11_3,mts_aggregate_2,2020,499.997
gbr,sex_m,edu_isced11_3,mts_aggregate_2,2021,503.723
gbr,sex_m,edu_isced11_3,mts_aggregate_2,2022,604.636
gbr,sex_m,edu_isced11_3,mts_aggregate_2,2023,597.81
gbr,sex_m,edu_isced11_3,mts_aggregate_2,2024,646.432
gbr,sex_m,edu_isced11_3,mts_aggregate_total,2005,170.825
gbr,sex_m,edu_isced11_3,mts_aggregate_total,2006,895.638
gbr,sex_m,edu_isced11_3,mts_aggregate_total,2007,891.117
gbr,sex_m,edu_isced11_3,mts_aggregate_total,2008,1164.269
gbr,sex_m,edu_isced11_3,mts_aggregate_total,2009,1227.987
gbr,sex_m,edu_isced11_3,mts_aggregate_total,2010,1294.039
gbr,sex_m,edu_isced11_3,mts_aggregate_total,2011,1368.578
gbr,sex_m,edu_isced11_3,mts_aggregate_total,2012,1384.798
gbr,sex_m,edu_isced11_3,mts_aggregate_total,2013,1428.52
gbr,sex_m,edu_isced11_3,mts_aggregate_total,2014,1410.428
gbr,sex_m,edu_isced11_3,mts_aggregate_total,2015,1400.091
gbr,sex_m,edu_isced11_3,mts_aggregate_total,2016,1389.262
gbr,sex_m,edu_isced11_3,mts_aggregate_total,2017,1332.074
gbr,sex_m,edu_isced11_3,mts_aggregate_total,2018,1302.723
gbr,sex_m,edu_isced11_3,mts_aggregate_total,2019,1346.974
gbr,sex_m,edu_isced11_3,mts_aggregate_total,2020,1325.035
gbr,sex_m,edu_isced11_3,mts_aggregate_total,2021,1356.886
gbr,sex_m,edu_isced11_3,mts_aggregate_total,2022,1985.186
gbr,sex_m,edu_isced11_3,mts_aggregate_total,2023,2081.374
gbr,sex_m,edu_isced11_3,mts_aggregate_total,2024,2181.036
gbr,sex_m,edu_isced11_3,mts_details_mrd,2005,58.276
gbr,sex_m,edu_isced11_3,mts_details_mrd,2006,312.861
gbr,sex_m,edu_isced11_3,mts_details_mrd,2007,290.147
gbr,sex_m,edu_isced11_3,mts_details_mrd,2008,478.085
gbr,sex_m,edu_isced11_3,mts_details_mrd,2009,512.484
gbr,sex_m,edu_isced11_3,mts_details_mrd,2010,533.039
gbr,sex_m,edu_isced11_3,mts_details_mrd,2011,553.533
gbr,sex_m,edu_isced11_3,mts_details_mrd,2012,530.205
gbr,sex_m,edu_isced11_3,mts_details_mrd,2013,530.575
gbr,sex_m,edu_isced11_3,mts_details_mrd,2014,538.889
gbr,sex_m,edu_isced11_3,mts_details_mrd,2015,536.334
gbr,sex_m,edu_isced11_3,mts_details_mrd,2016,525.263
gbr,sex_m,edu_isced11_3,mts_details_mrd,2017,499.957
gbr,sex_m,edu_isced11_3,mts_details_mrd,2018,472.148
gbr,sex_m,edu_isced11_3,mts_details_mrd,2019,464.088
gbr,sex_m,edu_isced11_3,mts_details_mrd,2020,495.851
gbr,sex_m,edu_isced11_3,mts_details_mrd,2021,499.737
gbr,sex_m,edu_isced11_3,mts_details_mrd,2022,600.992
gbr,sex_m,edu_isced11_3,mts_details_mrd,2023,591.223
gbr,sex_m,edu_isced11_3,mts_details_mrd,2024,634.233
gbr,sex_m,edu_isced11_3,mts_details_sep,2005,15.124
gbr,sex_m,edu_isced11_3,mts_details_sep,2006,91.734
gbr,sex_m,edu_isced11_3,mts_details_sep,2007,88.275
gbr,sex_m,edu_isced11_3,mts_details_sep,2008,107.558
gbr,sex_m,edu_isced11_3,mts_details_sep,2009,114.399
gbr,sex_m,edu_isced11_3,mts_details_sep,2010,139.192
gbr,sex_m,edu_isced11_3,mts_details_sep,2011,147.234
gbr,sex_m,edu_isced11_3,mts_details_sep,2012,153.452
gbr,sex_m,edu_isced11_3,mts_details_sep,2013,155.572
gbr,sex_m,edu_isced11_3,mts_details_sep,2014,156.382
gbr,sex_m,edu_isced11_3,mts_details_sep,2015,152.288
gbr,sex_m,edu_isced11_3,mts_details_sep,2016,150.084
gbr,sex_m,edu_isced11_3,mts_details_sep,2017,128.722
gbr,sex_m,edu_isced11_3,mts_details_sep,2018,131.654
gbr,sex_m,edu_isced11_3,mts_details_sep,2019,129.344
gbr,sex_m,edu_isced11_3,mts_details_sep,2020,130.567
gbr,sex_m,edu_isced11_3,mts_details_sep,2021,128.063
gbr,sex_m,edu_isced11_3,mts_details_sep,2022,193.461
gbr,sex_m,edu_isced11_3,mts_details_sep,2023,238.118
gbr,sex_m,edu_isced11_3,mts_details_sep,2024,226.586
gbr,sex_m,edu_isced11_3,mts_details_sgle,2005,93.692
gbr,sex_m,edu_isced11_3,mts_details_sgle,2006,475.815
gbr,sex_m,edu_isced11_3,mts_details_sgle,2007,496.672
gbr,sex_m,edu_isced11_3,mts_details_sgle,2008,539.056
gbr,sex_m,edu_isced11_3,mts_details_sgle,2009,563.64
gbr,sex_m,edu_isced11_3,mts_details_sgle,2010,583.218
gbr,sex_m,edu_isced11_3,mts_details_sgle,2011,628.348
gbr,sex_m,edu_isced11_3,mts_details_sgle,2012,656.687
gbr,sex_m,edu_isced11_3,mts_details_sgle,2013,702.195
gbr,sex_m,edu_isced11_3,mts_details_sgle,2014,675.01
gbr,sex_m,edu_isced11_3,mts_details_sgle,2015,675.174
gbr,sex_m,edu_isced11_3,mts_details_sgle,2016,677.999
gbr,sex_m,edu_isced11_3,mts_details_sgle,2017,666.136
gbr,sex_m,edu_isced11_3,mts_details_sgle,2018,660.876
gbr,sex_m,edu_isced11_3,mts_details_sgle,2019,718.212
gbr,sex_m,edu_isced11_3,mts_details_sgle,2020,666.302
gbr,sex_m,edu_isced11_3,mts_details_sgle,2021,700.219
gbr,sex_m,edu_isced11_3,mts_details_sgle,2022,1145.441
gbr,sex_m,edu_isced11_3,mts_details_sgle,2023,1202.646
gbr,sex_m,edu_isced11_3,mts_details_sgle,2024,1269.963
gbr,sex_m,edu_isced11_3,mts_details_total,2005,170.825
gbr,sex_m,edu_isced11_3,mts_details_total,2006,895.638
gbr,sex_m,edu_isced11_3,mts_details_total,2007,891.117
gbr,sex_m,edu_isced11_3,mts_details_total,2008,1164.269
gbr,sex_m,edu_isced11_3,mts_details_total,2009,1227.987
gbr,sex_m,edu_isced11_3,mts_details_total,2010,1294.039
gbr,sex_m,edu_isced11_3,mts_details_total,2011,1368.578
gbr,sex_m,edu_isced11_3,mts_details_total,2012,1384.798
gbr,sex_m,edu_isced11_3,mts_details_total,2013,1428.52
gbr,sex_m,edu_isced11_3,mts_details_total,2014,1410.428
gbr,sex_m,edu_isced11_3,mts_details_total,2015,1400.091
gbr,sex_m,edu_isced11_3,mts_details_total,2016,1389.262
gbr,sex_m,edu_isced11_3,mts_details_total,2017,1332.074
gbr,sex_m,edu_isced11_3,mts_details_total,2018,1302.723
gbr,sex_m,edu_isced11_3,mts_details_total,2019,1346.974
gbr,sex_m,edu_isced11_3,mts_details_total,2020,1325.035
gbr,sex_m,edu_isced11_3,mts_details_total,2021,1356.886
gbr,sex_m,edu_isced11_3,mts_details_total,2022,1985.186
gbr,sex_m,edu_isced11_3,mts_details_total,2023,2081.374
gbr,sex_m,edu_isced11_3,mts_details_total,2024,2181.036
gbr,sex_m,edu_isced11_3,mts_details_union,2006,1.168
gbr,sex_m,edu_isced11_3,mts_details_union,2008,1.064
gbr,sex_m,edu_isced11_3,mts_details_union,2009,0.772
gbr,sex_m,edu_isced11_3,mts_details_union,2010,2.199
gbr,sex_m,edu_isced11_3,mts_details_union,2011,1.474
gbr,sex_m,edu_isced11_3,mts_details_union,2012,2.45
gbr,sex_m,edu_isced11_3,mts_details_union,2013,1.548
gbr,sex_m,edu_isced11_3,mts_details_union,2014,2.312
gbr,sex_m,edu_isced11_3,mts_details_union,2015,1.83
gbr,sex_m,edu_isced11_3,mts_details_union,2017,2.039
gbr,sex_m,edu_isced11_3,mts_details_union,2018,2.569
gbr,sex_m,edu_isced11_3,mts_details_union,2019,1.735
gbr,sex_m,edu_isced11_3,mts_details_union,2020,4.146
gbr,sex_m,edu_isced11_3,mts_details_union,2022,3.643
gbr,sex_m,edu_isced11_3,mts_details_union,2023,6.586
gbr,sex_m,edu_isced11_3,mts_details_union,2024,12.199
gbr,sex_m,edu_isced11_3,mts_details_wid,2005,3.732
gbr,sex_m,edu_isced11_3,mts_details_wid,2006,14.06
gbr,sex_m,edu_isced11_3,mts_details_wid,2007,15.912
gbr,sex_m,edu_isced11_3,mts_details_wid,2008,38.506
gbr,sex_m,edu_isced11_3,mts_details_wid,2009,36.58
gbr,sex_m,edu_isced11_3,mts_details_wid,2010,36.391
gbr,sex_m,edu_isced11_3,mts_details_wid,2011,37.989
gbr,sex_m,edu_isced11_3,mts_details_wid,2012,42.005
gbr,sex_m,edu_isced11_3,mts_details_wid,2013,38.63
gbr,sex_m,edu_isced11_3,mts_details_wid,2014,37.834
gbr,sex_m,edu_isced11_3,mts_details_wid,2015,34.464
gbr,sex_m,edu_isced11_3,mts_details_wid,2016,35.319
gbr,sex_m,edu_isced11_3,mts_details_wid,2017,35.22
gbr,sex_m,edu_isced11_3,mts_details_wid,2018,35.476
gbr,sex_m,edu_isced11_3,mts_details_wid,2019,33.595
gbr,sex_m,edu_isced11_3,mts_details_wid,2020,28.17
gbr,sex_m,edu_isced11_3,mts_details_wid,2021,24.881
gbr,sex_m,edu_isced11_3,mts_details_wid,2022,41.648
gbr,sex_m,edu_isced11_3,mts_details_wid,2023,42.8
gbr,sex_m,edu_isced11_3,mts_details_wid,2024,38.054
gbr,sex_m,edu_isced11_4,mts_aggregate_1,2005,8.816
gbr,sex_m,edu_isced11_4,mts_aggregate_1,2006,42.699
gbr,sex_m,edu_isced11_4,mts_aggregate_1,2007,49.787
gbr,sex_m,edu_isced11_4,mts_aggregate_1,2008,57.489
gbr,sex_m,edu_isced11_4,mts_aggregate_1,2009,60.382
gbr,sex_m,edu_isced11_4,mts_aggregate_1,2010,71.376
gbr,sex_m,edu_isced11_4,mts_aggregate_1,2011,80.112
gbr,sex_m,edu_isced11_4,mts_aggregate_1,2012,79.487
gbr,sex_m,edu_isced11_4,mts_aggregate_1,2013,72.723
gbr,sex_m,edu_isced11_4,mts_aggregate_1,2014,93.376
gbr,sex_m,edu_isced11_4,mts_aggregate_1,2015,84.694
gbr,sex_m,edu_isced11_4,mts_aggregate_1,2016,91.576
gbr,sex_m,edu_isced11_4,mts_aggregate_1,2017,82.043
gbr,sex_m,edu_isced11_4,mts_aggregate_1,2018,85.517
gbr,sex_m,edu_isced11_4,mts_aggregate_1,2019,86.866
gbr,sex_m,edu_isced11_4,mts_aggregate_1,2020,93.982
gbr,sex_m,edu_isced11_4,mts_aggregate_1,2021,93.593
gbr,sex_m,edu_isced11_4,mts_aggregate_2,2005,10.745
gbr,sex_m,edu_isced11_4,mts_aggregate_2,2006,53.955
gbr,sex_m,edu_isced11_4,mts_aggregate_2,2007,56.167
gbr,sex_m,edu_isced11_4,mts_aggregate_2,2008,99.863
gbr,sex_m,edu_isced11_4,mts_aggregate_2,2009,99.41
gbr,sex_m,edu_isced11_4,mts_aggregate_2,2010,108.536
gbr,sex_m,edu_isced11_4,mts_aggregate_2,2011,88.944
gbr,sex_m,edu_isced11_4,mts_aggregate_2,2012,121
gbr,sex_m,edu_isced11_4,mts_aggregate_2,2013,112.846
gbr,sex_m,edu_isced11_4,mts_aggregate_2,2014,126.539
gbr,sex_m,edu_isced11_4,mts_aggregate_2,2015,122.153
gbr,sex_m,edu_isced11_4,mts_aggregate_2,2016,138.472
gbr,sex_m,edu_isced11_4,mts_aggregate_2,2017,115.108
gbr,sex_m,edu_isced11_4,mts_aggregate_2,2018,118.952
gbr,sex_m,edu_isced11_4,mts_aggregate_2,2019,108.807
gbr,sex_m,edu_isced11_4,mts_aggregate_2,2020,96.937
gbr,sex_m,edu_isced11_4,mts_aggregate_2,2021,109.332
gbr,sex_m,edu_isced11_4,mts_aggregate_total,2005,19.561
gbr,sex_m,edu_isced11_4,mts_aggregate_total,2006,96.654
gbr,sex_m,edu_isced11_4,mts_aggregate_total,2007,105.954
gbr,sex_m,edu_isced11_4,mts_aggregate_total,2008,157.351
gbr,sex_m,edu_isced11_4,mts_aggregate_total,2009,159.792
gbr,sex_m,edu_isced11_4,mts_aggregate_total,2010,179.911
gbr,sex_m,edu_isced11_4,mts_aggregate_total,2011,169.056
gbr,sex_m,edu_isced11_4,mts_aggregate_total,2012,200.488
gbr,sex_m,edu_isced11_4,mts_aggregate_total,2013,185.569
gbr,sex_m,edu_isced11_4,mts_aggregate_total,2014,219.916
gbr,sex_m,edu_isced11_4,mts_aggregate_total,2015,206.847
gbr,sex_m,edu_isced11_4,mts_aggregate_total,2016,230.048
gbr,sex_m,edu_isced11_4,mts_aggregate_total,2017,197.151
gbr,sex_m,edu_isced11_4,mts_aggregate_total,2018,204.469
gbr,sex_m,edu_isced11_4,mts_aggregate_total,2019,195.673
gbr,sex_m,edu_isced11_4,mts_aggregate_total,2020,190.92
gbr,sex_m,edu_isced11_4,mts_aggregate_total,2021,202.925
gbr,sex_m,edu_isced11_4,mts_details_mrd,2005,10.745
gbr,sex_m,edu_isced11_4,mts_details_mrd,2006,53.484
gbr,sex_m,edu_isced11_4,mts_details_mrd,2007,56.013
gbr,sex_m,edu_isced11_4,mts_details_mrd,2008,99.863
gbr,sex_m,edu_isced11_4,mts_details_mrd,2009,99.41
gbr,sex_m,edu_isced11_4,mts_details_mrd,2010,108.536
gbr,sex_m,edu_isced11_4,mts_details_mrd,2011,88.944
gbr,sex_m,edu_isced11_4,mts_details_mrd,2012,120.576
gbr,sex_m,edu_isced11_4,mts_details_mrd,2013,112.544
gbr,sex_m,edu_isced11_4,mts_details_mrd,2014,126.16
gbr,sex_m,edu_isced11_4,mts_details_mrd,2015,121.816
gbr,sex_m,edu_isced11_4,mts_details_mrd,2016,138.147
gbr,sex_m,edu_isced11_4,mts_details_mrd,2017,114.348
gbr,sex_m,edu_isced11_4,mts_details_mrd,2018,117.782
gbr,sex_m,edu_isced11_4,mts_details_mrd,2019,107.084
gbr,sex_m,edu_isced11_4,mts_details_mrd,2020,95.596
gbr,sex_m,edu_isced11_4,mts_details_mrd,2021,108.66
gbr,sex_m,edu_isced11_4,mts_details_sep,2005,1.817
gbr,sex_m,edu_isced11_4,mts_details_sep,2006,11.388
gbr,sex_m,edu_isced11_4,mts_details_sep,2007,12.271
gbr,sex_m,edu_isced11_4,mts_details_sep,2008,14.534
gbr,sex_m,edu_isced11_4,mts_details_sep,2009,16.757
gbr,sex_m,edu_isced11_4,mts_details_sep,2010,19.925
gbr,sex_m,edu_isced11_4,mts_details_sep,2011,18.025
gbr,sex_m,edu_isced11_4,mts_details_sep,2012,18.675
gbr,sex_m,edu_isced11_4,mts_details_sep,2013,17.233
gbr,sex_m,edu_isced11_4,mts_details_sep,2014,21.695
gbr,sex_m,edu_isced11_4,mts_details_sep,2015,25.556
gbr,sex_m,edu_isced11_4,mts_details_sep,2016,25.739
gbr,sex_m,edu_isced11_4,mts_details_sep,2017,20.582
gbr,sex_m,edu_isced11_4,mts_details_sep,2018,23.258
gbr,sex_m,edu_isced11_4,mts_details_sep,2019,25.32
gbr,sex_m,edu_isced11_4,mts_details_sep,2020,24.108
gbr,sex_m,edu_isced11_4,mts_details_sep,2021,23.313
gbr,sex_m,edu_isced11_4,mts_details_sgle,2005,6.736
gbr,sex_m,edu_isced11_4,mts_details_sgle,2006,29.255
gbr,sex_m,edu_isced11_4,mts_details_sgle,2007,34.288
gbr,sex_m,edu_isced11_4,mts_details_sgle,2008,37.658
gbr,sex_m,edu_isced11_4,mts_details_sgle,2009,35.191
gbr,sex_m,edu_isced11_4,mts_details_sgle,2010,42.263
gbr,sex_m,edu_isced11_4,mts_details_sgle,2011,56.407
gbr,sex_m,edu_isced11_4,mts_details_sgle,2012,51.225
gbr,sex_m,edu_isced11_4,mts_details_sgle,2013,47.974
gbr,sex_m,edu_isced11_4,mts_details_sgle,2014,65.847
gbr,sex_m,edu_isced11_4,mts_details_sgle,2015,50.768
gbr,sex_m,edu_isced11_4,mts_details_sgle,2016,57.413
gbr,sex_m,edu_isced11_4,mts_details_sgle,2017,55.909
gbr,sex_m,edu_isced11_4,mts_details_sgle,2018,55.689
gbr,sex_m,edu_isced11_4,mts_details_sgle,2019,53.073
gbr,sex_m,edu_isced11_4,mts_details_sgle,2020,64.274
gbr,sex_m,edu_isced11_4,mts_details_sgle,2021,63.535
gbr,sex_m,edu_isced11_4,mts_details_total,2005,19.561
gbr,sex_m,edu_isced11_4,mts_details_total,2006,96.654
gbr,sex_m,edu_isced11_4,mts_details_total,2007,105.954
gbr,sex_m,edu_isced11_4,mts_details_total,2008,157.351
gbr,sex_m,edu_isced11_4,mts_details_total,2009,159.792
gbr,sex_m,edu_isced11_4,mts_details_total,2010,179.911
gbr,sex_m,edu_isced11_4,mts_details_total,2011,169.056
gbr,sex_m,edu_isced11_4,mts_details_total,2012,200.488
gbr,sex_m,edu_isced11_4,mts_details_total,2013,185.569
gbr,sex_m,edu_isced11_4,mts_details_total,2014,219.916
gbr,sex_m,edu_isced11_4,mts_details_total,2015,206.847
gbr,sex_m,edu_isced11_4,mts_details_total,2016,230.048
gbr,sex_m,edu_isced11_4,mts_details_total,2017,197.151
gbr,sex_m,edu_isced11_4,mts_details_total,2018,204.469
gbr,sex_m,edu_isced11_4,mts_details_total,2019,195.673
gbr,sex_m,edu_isced11_4,mts_details_total,2020,190.92
gbr,sex_m,edu_isced11_4,mts_details_total,2021,202.925
gbr,sex_m,edu_isced11_4,mts_details_union,2018,1.17
gbr,sex_m,edu_isced11_4,mts_details_union,2019,1.722
gbr,sex_m,edu_isced11_4,mts_details_union,2020,1.342
gbr,sex_m,edu_isced11_4,mts_details_wid,2006,2.056
gbr,sex_m,edu_isced11_4,mts_details_wid,2007,3.228
gbr,sex_m,edu_isced11_4,mts_details_wid,2008,5.296
gbr,sex_m,edu_isced11_4,mts_details_wid,2009,8.434
gbr,sex_m,edu_isced11_4,mts_details_wid,2010,9.187
gbr,sex_m,edu_isced11_4,mts_details_wid,2011,5.68
gbr,sex_m,edu_isced11_4,mts_details_wid,2012,9.587
gbr,sex_m,edu_isced11_4,mts_details_wid,2013,7.516
gbr,sex_m,edu_isced11_4,mts_details_wid,2014,5.835
gbr,sex_m,edu_isced11_4,mts_details_wid,2015,8.37
gbr,sex_m,edu_isced11_4,mts_details_wid,2016,8.423
gbr,sex_m,edu_isced11_4,mts_details_wid,2017,5.552
gbr,sex_m,edu_isced11_4,mts_details_wid,2018,6.57
gbr,sex_m,edu_isced11_4,mts_details_wid,2019,8.473
gbr,sex_m,edu_isced11_4,mts_details_wid,2020,5.6
gbr,sex_m,edu_isced11_4,mts_details_wid,2021,6.745
gbr,sex_m,edu_isced11_5,mts_aggregate_1,2005,2.238
gbr,sex_m,edu_isced11_5,mts_aggregate_1,2006,16.014
gbr,sex_m,edu_isced11_5,mts_aggregate_1,2007,25.924
gbr,sex_m,edu_isced11_5,mts_aggregate_1,2008,25.408
gbr,sex_m,edu_isced11_5,mts_aggregate_1,2009,22.829
gbr,sex_m,edu_isced11_5,mts_aggregate_1,2010,33.882
gbr,sex_m,edu_isced11_5,mts_aggregate_1,2011,28.034
gbr,sex_m,edu_isced11_5,mts_aggregate_1,2012,31.284
gbr,sex_m,edu_isced11_5,mts_aggregate_1,2013,30.42
gbr,sex_m,edu_isced11_5,mts_aggregate_1,2014,33.612
gbr,sex_m,edu_isced11_5,mts_aggregate_1,2015,39.273
gbr,sex_m,edu_isced11_5,mts_aggregate_1,2016,40.723
gbr,sex_m,edu_isced11_5,mts_aggregate_1,2017,40.956
gbr,sex_m,edu_isced11_5,mts_aggregate_1,2018,40.416
gbr,sex_m,edu_isced11_5,mts_aggregate_1,2019,47.49
gbr,sex_m,edu_isced11_5,mts_aggregate_1,2020,39.742
gbr,sex_m,edu_isced11_5,mts_aggregate_1,2021,39.974
gbr,sex_m,edu_isced11_5,mts_aggregate_1,2022,173.431
gbr,sex_m,edu_isced11_5,mts_aggregate_1,2023,194.475
gbr,sex_m,edu_isced11_5,mts_aggregate_1,2024,190.193
gbr,sex_m,edu_isced11_5,mts_aggregate_2,2005,2.889
gbr,sex_m,edu_isced11_5,mts_aggregate_2,2006,25.24
gbr,sex_m,edu_isced11_5,mts_aggregate_2,2007,25.913
gbr,sex_m,edu_isced11_5,mts_aggregate_2,2008,46.864
gbr,sex_m,edu_isced11_5,mts_aggregate_2,2009,55.949
gbr,sex_m,edu_isced11_5,mts_aggregate_2,2010,52.48
gbr,sex_m,edu_isced11_5,mts_aggregate_2,2011,38.806
gbr,sex_m,edu_isced11_5,mts_aggregate_2,2012,54.666
gbr,sex_m,edu_isced11_5,mts_aggregate_2,2013,51.522
gbr,sex_m,edu_isced11_5,mts_aggregate_2,2014,65.572
gbr,sex_m,edu_isced11_5,mts_aggregate_2,2015,58.652
gbr,sex_m,edu_isced11_5,mts_aggregate_2,2016,58.306
gbr,sex_m,edu_isced11_5,mts_aggregate_2,2017,55.937
gbr,sex_m,edu_isced11_5,mts_aggregate_2,2018,58.357
gbr,sex_m,edu_isced11_5,mts_aggregate_2,2019,54.764
gbr,sex_m,edu_isced11_5,mts_aggregate_2,2020,54.825
gbr,sex_m,edu_isced11_5,mts_aggregate_2,2021,40.587
gbr,sex_m,edu_isced11_5,mts_aggregate_2,2022,234.107
gbr,sex_m,edu_isced11_5,mts_aggregate_2,2023,224.752
gbr,sex_m,edu_isced11_5,mts_aggregate_2,2024,242.404
gbr,sex_m,edu_isced11_5,mts_aggregate_total,2005,5.127
gbr,sex_m,edu_isced11_5,mts_aggregate_total,2006,41.254
gbr,sex_m,edu_isced11_5,mts_aggregate_total,2007,51.836
gbr,sex_m,edu_isced11_5,mts_aggregate_total,2008,72.272
gbr,sex_m,edu_isced11_5,mts_aggregate_total,2009,78.778
gbr,sex_m,edu_isced11_5,mts_aggregate_total,2010,86.362
gbr,sex_m,edu_isced11_5,mts_aggregate_total,2011,66.84
gbr,sex_m,edu_isced11_5,mts_aggregate_total,2012,85.95
gbr,sex_m,edu_isced11_5,mts_aggregate_total,2013,81.943
gbr,sex_m,edu_isced11_5,mts_aggregate_total,2014,99.184
gbr,sex_m,edu_isced11_5,mts_aggregate_total,2015,97.926
gbr,sex_m,edu_isced11_5,mts_aggregate_total,2016,99.029
gbr,sex_m,edu_isced11_5,mts_aggregate_total,2017,96.893
gbr,sex_m,edu_isced11_5,mts_aggregate_total,2018,98.773
gbr,sex_m,edu_isced11_5,mts_aggregate_total,2019,102.255
gbr,sex_m,edu_isced11_5,mts_aggregate_total,2020,94.567
gbr,sex_m,edu_isced11_5,mts_aggregate_total,2021,80.561
gbr,sex_m,edu_isced11_5,mts_aggregate_total,2022,407.538
gbr,sex_m,edu_isced11_5,mts_aggregate_total,2023,419.228
gbr,sex_m,edu_isced11_5,mts_aggregate_total,2024,432.596
gbr,sex_m,edu_isced11_5,mts_details_mrd,2005,2.889
gbr,sex_m,edu_isced11_5,mts_details_mrd,2006,25.125
gbr,sex_m,edu_isced11_5,mts_details_mrd,2007,25.913
gbr,sex_m,edu_isced11_5,mts_details_mrd,2008,46.864
gbr,sex_m,edu_isced11_5,mts_details_mrd,2009,55.949
gbr,sex_m,edu_isced11_5,mts_details_mrd,2010,51.627
gbr,sex_m,edu_isced11_5,mts_details_mrd,2011,38.104
gbr,sex_m,edu_isced11_5,mts_details_mrd,2012,53.9
gbr,sex_m,edu_isced11_5,mts_details_mrd,2013,51.261
gbr,sex_m,edu_isced11_5,mts_details_mrd,2014,64.99
gbr,sex_m,edu_isced11_5,mts_details_mrd,2015,57.841
gbr,sex_m,edu_isced11_5,mts_details_mrd,2016,57.608
gbr,sex_m,edu_isced11_5,mts_details_mrd,2017,55.429
gbr,sex_m,edu_isced11_5,mts_details_mrd,2018,57.242
gbr,sex_m,edu_isced11_5,mts_details_mrd,2019,53.979
gbr,sex_m,edu_isced11_5,mts_details_mrd,2020,53.366
gbr,sex_m,edu_isced11_5,mts_details_mrd,2021,40.587
gbr,sex_m,edu_isced11_5,mts_details_mrd,2022,231.792
gbr,sex_m,edu_isced11_5,mts_details_mrd,2023,221.755
gbr,sex_m,edu_isced11_5,mts_details_mrd,2024,235.693
gbr,sex_m,edu_isced11_5,mts_details_sep,2006,5.054
gbr,sex_m,edu_isced11_5,mts_details_sep,2007,5.447
gbr,sex_m,edu_isced11_5,mts_details_sep,2008,5.236
gbr,sex_m,edu_isced11_5,mts_details_sep,2009,6.666
gbr,sex_m,edu_isced11_5,mts_details_sep,2010,12.548
gbr,sex_m,edu_isced11_5,mts_details_sep,2011,8.303
gbr,sex_m,edu_isced11_5,mts_details_sep,2012,10.817
gbr,sex_m,edu_isced11_5,mts_details_sep,2013,10.38
gbr,sex_m,edu_isced11_5,mts_details_sep,2014,11.849
gbr,sex_m,edu_isced11_5,mts_details_sep,2015,13.832
gbr,sex_m,edu_isced11_5,mts_details_sep,2016,9.973
gbr,sex_m,edu_isced11_5,mts_details_sep,2017,11.979
gbr,sex_m,edu_isced11_5,mts_details_sep,2018,13.85
gbr,sex_m,edu_isced11_5,mts_details_sep,2019,16.443
gbr,sex_m,edu_isced11_5,mts_details_sep,2020,12.419
gbr,sex_m,edu_isced11_5,mts_details_sep,2021,5.49
gbr,sex_m,edu_isced11_5,mts_details_sep,2022,44.758
gbr,sex_m,edu_isced11_5,mts_details_sep,2023,47.391
gbr,sex_m,edu_isced11_5,mts_details_sep,2024,50.063
gbr,sex_m,edu_isced11_5,mts_details_sgle,2005,1.695
gbr,sex_m,edu_isced11_5,mts_details_sgle,2006,10.003
gbr,sex_m,edu_isced11_5,mts_details_sgle,2007,18.674
gbr,sex_m,edu_isced11_5,mts_details_sgle,2008,18.632
gbr,sex_m,edu_isced11_5,mts_details_sgle,2009,14.976
gbr,sex_m,edu_isced11_5,mts_details_sgle,2010,19.699
gbr,sex_m,edu_isced11_5,mts_details_sgle,2011,17.85
gbr,sex_m,edu_isced11_5,mts_details_sgle,2012,18.3
gbr,sex_m,edu_isced11_5,mts_details_sgle,2013,16.552
gbr,sex_m,edu_isced11_5,mts_details_sgle,2014,19.358
gbr,sex_m,edu_isced11_5,mts_details_sgle,2015,22.061
gbr,sex_m,edu_isced11_5,mts_details_sgle,2016,27.834
gbr,sex_m,edu_isced11_5,mts_details_sgle,2017,27.363
gbr,sex_m,edu_isced11_5,mts_details_sgle,2018,24.432
gbr,sex_m,edu_isced11_5,mts_details_sgle,2019,29.11
gbr,sex_m,edu_isced11_5,mts_details_sgle,2020,25.219
gbr,sex_m,edu_isced11_5,mts_details_sgle,2021,29.276
gbr,sex_m,edu_isced11_5,mts_details_sgle,2022,116.655
gbr,sex_m,edu_isced11_5,mts_details_sgle,2023,132.464
gbr,sex_m,edu_isced11_5,mts_details_sgle,2024,128.38
gbr,sex_m,edu_isced11_5,mts_details_total,2005,5.127
gbr,sex_m,edu_isced11_5,mts_details_total,2006,41.254
gbr,sex_m,edu_isced11_5,mts_details_total,2007,51.836
gbr,sex_m,edu_isced11_5,mts_details_total,2008,72.272
gbr,sex_m,edu_isced11_5,mts_details_total,2009,78.778
gbr,sex_m,edu_isced11_5,mts_details_total,2010,86.362
gbr,sex_m,edu_isced11_5,mts_details_total,2011,66.84
gbr,sex_m,edu_isced11_5,mts_details_total,2012,85.95
gbr,sex_m,edu_isced11_5,mts_details_total,2013,81.943
gbr,sex_m,edu_isced11_5,mts_details_total,2014,99.184
gbr,sex_m,edu_isced11_5,mts_details_total,2015,97.926
gbr,sex_m,edu_isced11_5,mts_details_total,2016,99.029
gbr,sex_m,edu_isced11_5,mts_details_total,2017,96.893
gbr,sex_m,edu_isced11_5,mts_details_total,2018,98.773
gbr,sex_m,edu_isced11_5,mts_details_total,2019,102.255
gbr,sex_m,edu_isced11_5,mts_details_total,2020,94.567
gbr,sex_m,edu_isced11_5,mts_details_total,2021,80.561
gbr,sex_m,edu_isced11_5,mts_details_total,2022,407.538
gbr,sex_m,edu_isced11_5,mts_details_total,2023,419.228
gbr,sex_m,edu_isced11_5,mts_details_total,2024,432.596
gbr,sex_m,edu_isced11_5,mts_details_union,2008,0
gbr,sex_m,edu_isced11_5,mts_details_union,2010,0.853
gbr,sex_m,edu_isced11_5,mts_details_union,2015,0.811
gbr,sex_m,edu_isced11_5,mts_details_union,2018,1.114
gbr,sex_m,edu_isced11_5,mts_details_union,2020,1.46
gbr,sex_m,edu_isced11_5,mts_details_union,2022,2.315
gbr,sex_m,edu_isced11_5,mts_details_union,2023,2.998
gbr,sex_m,edu_isced11_5,mts_details_union,2024,6.71
gbr,sex_m,edu_isced11_5,mts_details_wid,2006,0.957
gbr,sex_m,edu_isced11_5,mts_details_wid,2007,1.802
gbr,sex_m,edu_isced11_5,mts_details_wid,2008,1.541
gbr,sex_m,edu_isced11_5,mts_details_wid,2009,1.186
gbr,sex_m,edu_isced11_5,mts_details_wid,2010,1.635
gbr,sex_m,edu_isced11_5,mts_details_wid,2011,1.881
gbr,sex_m,edu_isced11_5,mts_details_wid,2012,2.167
gbr,sex_m,edu_isced11_5,mts_details_wid,2013,3.487
gbr,sex_m,edu_isced11_5,mts_details_wid,2014,2.405
gbr,sex_m,edu_isced11_5,mts_details_wid,2015,3.381
gbr,sex_m,edu_isced11_5,mts_details_wid,2016,2.916
gbr,sex_m,edu_isced11_5,mts_details_wid,2017,1.614
gbr,sex_m,edu_isced11_5,mts_details_wid,2018,2.135
gbr,sex_m,edu_isced11_5,mts_details_wid,2019,1.938
gbr,sex_m,edu_isced11_5,mts_details_wid,2020,2.103
gbr,sex_m,edu_isced11_5,mts_details_wid,2021,5.208
gbr,sex_m,edu_isced11_5,mts_details_wid,2022,12.018
gbr,sex_m,edu_isced11_5,mts_details_wid,2023,14.62
gbr,sex_m,edu_isced11_5,mts_details_wid,2024,11.75
gbr,sex_m,edu_isced11_6,mts_aggregate_1,2005,20.019
gbr,sex_m,edu_isced11_6,mts_aggregate_1,2006,114.225
gbr,sex_m,edu_isced11_6,mts_aggregate_1,2007,120.354
gbr,sex_m,edu_isced11_6,mts_aggregate_1,2008,137.782
gbr,sex_m,edu_isced11_6,mts_aggregate_1,2009,163.222
gbr,sex_m,edu_isced11_6,mts_aggregate_1,2010,170.642
gbr,sex_m,edu_isced11_6,mts_aggregate_1,2011,192.926
gbr,sex_m,edu_isced11_6,mts_aggregate_1,2012,206.492
gbr,sex_m,edu_isced11_6,mts_aggregate_1,2013,217.849
gbr,sex_m,edu_isced11_6,mts_aggregate_1,2014,222.3
gbr,sex_m,edu_isced11_6,mts_aggregate_1,2015,226.316
gbr,sex_m,edu_isced11_6,mts_aggregate_1,2016,239.44
gbr,sex_m,edu_isced11_6,mts_aggregate_1,2017,234.491
gbr,sex_m,edu_isced11_6,mts_aggregate_1,2018,232.417
gbr,sex_m,edu_isced11_6,mts_aggregate_1,2019,265.418
gbr,sex_m,edu_isced11_6,mts_aggregate_1,2020,246.066
gbr,sex_m,edu_isced11_6,mts_aggregate_1,2021,270.834
gbr,sex_m,edu_isced11_6,mts_aggregate_1,2022,213.967
gbr,sex_m,edu_isced11_6,mts_aggregate_1,2023,224.889
gbr,sex_m,edu_isced11_6,mts_aggregate_1,2024,214.365
gbr,sex_m,edu_isced11_6,mts_aggregate_2,2005,18.306
gbr,sex_m,edu_isced11_6,mts_aggregate_2,2006,114.466
gbr,sex_m,edu_isced11_6,mts_aggregate_2,2007,125.661
gbr,sex_m,edu_isced11_6,mts_aggregate_2,2008,195.862
gbr,sex_m,edu_isced11_6,mts_aggregate_2,2009,193.932
gbr,sex_m,edu_isced11_6,mts_aggregate_2,2010,199.264
gbr,sex_m,edu_isced11_6,mts_aggregate_2,2011,196.778
gbr,sex_m,edu_isced11_6,mts_aggregate_2,2012,257.519
gbr,sex_m,edu_isced11_6,mts_aggregate_2,2013,284.368
gbr,sex_m,edu_isced11_6,mts_aggregate_2,2014,290.063
gbr,sex_m,edu_isced11_6,mts_aggregate_2,2015,275.857
gbr,sex_m,edu_isced11_6,mts_aggregate_2,2016,275.534
gbr,sex_m,edu_isced11_6,mts_aggregate_2,2017,301.623
gbr,sex_m,edu_isced11_6,mts_aggregate_2,2018,290.936
gbr,sex_m,edu_isced11_6,mts_aggregate_2,2019,308.793
gbr,sex_m,edu_isced11_6,mts_aggregate_2,2020,336.658
gbr,sex_m,edu_isced11_6,mts_aggregate_2,2021,354.192
gbr,sex_m,edu_isced11_6,mts_aggregate_2,2022,231.296
gbr,sex_m,edu_isced11_6,mts_aggregate_2,2023,226.156
gbr,sex_m,edu_isced11_6,mts_aggregate_2,2024,234.759
gbr,sex_m,edu_isced11_6,mts_aggregate_total,2005,38.325
gbr,sex_m,edu_isced11_6,mts_aggregate_total,2006,228.691
gbr,sex_m,edu_isced11_6,mts_aggregate_total,2007,246.014
gbr,sex_m,edu_isced11_6,mts_aggregate_total,2008,333.645
gbr,sex_m,edu_isced11_6,mts_aggregate_total,2009,357.154
gbr,sex_m,edu_isced11_6,mts_aggregate_total,2010,369.906
gbr,sex_m,edu_isced11_6,mts_aggregate_total,2011,389.704
gbr,sex_m,edu_isced11_6,mts_aggregate_total,2012,464.01
gbr,sex_m,edu_isced11_6,mts_aggregate_total,2013,502.217
gbr,sex_m,edu_isced11_6,mts_aggregate_total,2014,512.364
gbr,sex_m,edu_isced11_6,mts_aggregate_total,2015,502.173
gbr,sex_m,edu_isced11_6,mts_aggregate_total,2016,514.973
gbr,sex_m,edu_isced11_6,mts_aggregate_total,2017,536.114
gbr,sex_m,edu_isced11_6,mts_aggregate_total,2018,523.353
gbr,sex_m,edu_isced11_6,mts_aggregate_total,2019,574.211
gbr,sex_m,edu_isced11_6,mts_aggregate_total,2020,582.724
gbr,sex_m,edu_isced11_6,mts_aggregate_total,2021,625.026
gbr,sex_m,edu_isced11_6,mts_aggregate_total,2022,445.263
gbr,sex_m,edu_isced11_6,mts_aggregate_total,2023,451.045
gbr,sex_m,edu_isced11_6,mts_aggregate_total,2024,449.124
gbr,sex_m,edu_isced11_6,mts_details_mrd,2005,18.306
gbr,sex_m,edu_isced11_6,mts_details_mrd,2006,112.924
gbr,sex_m,edu_isced11_6,mts_details_mrd,2007,125.006
gbr,sex_m,edu_isced11_6,mts_details_mrd,2008,194.716
gbr,sex_m,edu_isced11_6,mts_details_mrd,2009,191.376
gbr,sex_m,edu_isced11_6,mts_details_mrd,2010,198.129
gbr,sex_m,edu_isced11_6,mts_details_mrd,2011,195.853
gbr,sex_m,edu_isced11_6,mts_details_mrd,2012,256.002
gbr,sex_m,edu_isced11_6,mts_details_mrd,2013,280.848
gbr,sex_m,edu_isced11_6,mts_details_mrd,2014,288.724
gbr,sex_m,edu_isced11_6,mts_details_mrd,2015,274.57
gbr,sex_m,edu_isced11_6,mts_details_mrd,2016,273.911
gbr,sex_m,edu_isced11_6,mts_details_mrd,2017,299.923
gbr,sex_m,edu_isced11_6,mts_details_mrd,2018,289.704
gbr,sex_m,edu_isced11_6,mts_details_mrd,2019,307.45
gbr,sex_m,edu_isced11_6,mts_details_mrd,2020,333.154
gbr,sex_m,edu_isced11_6,mts_details_mrd,2021,348.551
gbr,sex_m,edu_isced11_6,mts_details_mrd,2022,226.735
gbr,sex_m,edu_isced11_6,mts_details_mrd,2023,221.832
gbr,sex_m,edu_isced11_6,mts_details_mrd,2024,229.779
gbr,sex_m,edu_isced11_6,mts_details_sep,2005,4.866
gbr,sex_m,edu_isced11_6,mts_details_sep,2006,21.925
gbr,sex_m,edu_isced11_6,mts_details_sep,2007,20.02
gbr,sex_m,edu_isced11_6,mts_details_sep,2008,24.238
gbr,sex_m,edu_isced11_6,mts_details_sep,2009,31.334
gbr,sex_m,edu_isced11_6,mts_details_sep,2010,32.763
gbr,sex_m,edu_isced11_6,mts_details_sep,2011,34.581
gbr,sex_m,edu_isced11_6,mts_details_sep,2012,44.386
gbr,sex_m,edu_isced11_6,mts_details_sep,2013,44.341
gbr,sex_m,edu_isced11_6,mts_details_sep,2014,44.786
gbr,sex_m,edu_isced11_6,mts_details_sep,2015,42.998
gbr,sex_m,edu_isced11_6,mts_details_sep,2016,53.579
gbr,sex_m,edu_isced11_6,mts_details_sep,2017,54.497
gbr,sex_m,edu_isced11_6,mts_details_sep,2018,49.098
gbr,sex_m,edu_isced11_6,mts_details_sep,2019,54.636
gbr,sex_m,edu_isced11_6,mts_details_sep,2020,43.923
gbr,sex_m,edu_isced11_6,mts_details_sep,2021,51.577
gbr,sex_m,edu_isced11_6,mts_details_sep,2022,37.828
gbr,sex_m,edu_isced11_6,mts_details_sep,2023,38.448
gbr,sex_m,edu_isced11_6,mts_details_sep,2024,34.887
gbr,sex_m,edu_isced11_6,mts_details_sgle,2005,14.724
gbr,sex_m,edu_isced11_6,mts_details_sgle,2006,87.019
gbr,sex_m,edu_isced11_6,mts_details_sgle,2007,95.253
gbr,sex_m,edu_isced11_6,mts_details_sgle,2008,104.86
gbr,sex_m,edu_isced11_6,mts_details_sgle,2009,124.392
gbr,sex_m,edu_isced11_6,mts_details_sgle,2010,128.233
gbr,sex_m,edu_isced11_6,mts_details_sgle,2011,148.293
gbr,sex_m,edu_isced11_6,mts_details_sgle,2012,147.84
gbr,sex_m,edu_isced11_6,mts_details_sgle,2013,160.927
gbr,sex_m,edu_isced11_6,mts_details_sgle,2014,165.579
gbr,sex_m,edu_isced11_6,mts_details_sgle,2015,170.963
gbr,sex_m,edu_isced11_6,mts_details_sgle,2016,173.604
gbr,sex_m,edu_isced11_6,mts_details_sgle,2017,170.132
gbr,sex_m,edu_isced11_6,mts_details_sgle,2018,170.402
gbr,sex_m,edu_isced11_6,mts_details_sgle,2019,197.178
gbr,sex_m,edu_isced11_6,mts_details_sgle,2020,188.403
gbr,sex_m,edu_isced11_6,mts_details_sgle,2021,207.439
gbr,sex_m,edu_isced11_6,mts_details_sgle,2022,167.35
gbr,sex_m,edu_isced11_6,mts_details_sgle,2023,178.088
gbr,sex_m,edu_isced11_6,mts_details_sgle,2024,171.881
gbr,sex_m,edu_isced11_6,mts_details_total,2005,38.325
gbr,sex_m,edu_isced11_6,mts_details_total,2006,228.691
gbr,sex_m,edu_isced11_6,mts_details_total,2007,246.014
gbr,sex_m,edu_isced11_6,mts_details_total,2008,333.645
gbr,sex_m,edu_isced11_6,mts_details_total,2009,357.154
gbr,sex_m,edu_isced11_6,mts_details_total,2010,369.906
gbr,sex_m,edu_isced11_6,mts_details_total,2011,389.704
gbr,sex_m,edu_isced11_6,mts_details_total,2012,464.01
gbr,sex_m,edu_isced11_6,mts_details_total,2013,502.217
gbr,sex_m,edu_isced11_6,mts_details_total,2014,512.364
gbr,sex_m,edu_isced11_6,mts_details_total,2015,502.173
gbr,sex_m,edu_isced11_6,mts_details_total,2016,514.973
gbr,sex_m,edu_isced11_6,mts_details_total,2017,536.114
gbr,sex_m,edu_isced11_6,mts_details_total,2018,523.353
gbr,sex_m,edu_isced11_6,mts_details_total,2019,574.211
gbr,sex_m,edu_isced11_6,mts_details_total,2020,582.724
gbr,sex_m,edu_isced11_6,mts_details_total,2021,625.026
gbr,sex_m,edu_isced11_6,mts_details_total,2022,445.263
gbr,sex_m,edu_isced11_6,mts_details_total,2023,451.045
gbr,sex_m,edu_isced11_6,mts_details_total,2024,449.124
gbr,sex_m,edu_isced11_6,mts_details_union,2006,1.542
gbr,sex_m,edu_isced11_6,mts_details_union,2007,0.654
gbr,sex_m,edu_isced11_6,mts_details_union,2008,1.146
gbr,sex_m,edu_isced11_6,mts_details_union,2009,2.555
gbr,sex_m,edu_isced11_6,mts_details_union,2010,1.136
gbr,sex_m,edu_isced11_6,mts_details_union,2011,0.924
gbr,sex_m,edu_isced11_6,mts_details_union,2012,1.517
gbr,sex_m,edu_isced11_6,mts_details_union,2013,3.519
gbr,sex_m,edu_isced11_6,mts_details_union,2014,1.339
gbr,sex_m,edu_isced11_6,mts_details_union,2015,1.286
gbr,sex_m,edu_isced11_6,mts_details_union,2016,1.623
gbr,sex_m,edu_isced11_6,mts_details_union,2017,1.7
gbr,sex_m,edu_isced11_6,mts_details_union,2018,1.232
gbr,sex_m,edu_isced11_6,mts_details_union,2019,1.343
gbr,sex_m,edu_isced11_6,mts_details_union,2020,3.503
gbr,sex_m,edu_isced11_6,mts_details_union,2021,5.641
gbr,sex_m,edu_isced11_6,mts_details_union,2022,4.561
gbr,sex_m,edu_isced11_6,mts_details_union,2023,4.324
gbr,sex_m,edu_isced11_6,mts_details_union,2024,4.98
gbr,sex_m,edu_isced11_6,mts_details_wid,2006,5.282
gbr,sex_m,edu_isced11_6,mts_details_wid,2007,5.08
gbr,sex_m,edu_isced11_6,mts_details_wid,2008,8.684
gbr,sex_m,edu_isced11_6,mts_details_wid,2009,7.496
gbr,sex_m,edu_isced11_6,mts_details_wid,2010,9.646
gbr,sex_m,edu_isced11_6,mts_details_wid,2011,10.052
gbr,sex_m,edu_isced11_6,mts_details_wid,2012,14.265
gbr,sex_m,edu_isced11_6,mts_details_wid,2013,12.581
gbr,sex_m,edu_isced11_6,mts_details_wid,2014,11.935
gbr,sex_m,edu_isced11_6,mts_details_wid,2015,12.355
gbr,sex_m,edu_isced11_6,mts_details_wid,2016,12.257
gbr,sex_m,edu_isced11_6,mts_details_wid,2017,9.862
gbr,sex_m,edu_isced11_6,mts_details_wid,2018,12.917
gbr,sex_m,edu_isced11_6,mts_details_wid,2019,13.604
gbr,sex_m,edu_isced11_6,mts_details_wid,2020,13.74
gbr,sex_m,edu_isced11_6,mts_details_wid,2021,11.818
gbr,sex_m,edu_isced11_6,mts_details_wid,2022,8.789
gbr,sex_m,edu_isced11_6,mts_details_wid,2023,8.354
gbr,sex_m,edu_isced11_6,mts_details_wid,2024,7.598
gbr,sex_m,edu_isced11_7,mts_aggregate_1,2005,3.362
gbr,sex_m,edu_isced11_7,mts_aggregate_1,2006,25.578
gbr,sex_m,edu_isced11_7,mts_aggregate_1,2007,22.187
gbr,sex_m,edu_isced11_7,mts_aggregate_1,2008,30.911
gbr,sex_m,edu_isced11_7,mts_aggregate_1,2009,32.374
gbr,sex_m,edu_isced11_7,mts_aggregate_1,2010,40.846
gbr,sex_m,edu_isced11_7,mts_aggregate_1,2011,37.857
gbr,sex_m,edu_isced11_7,mts_aggregate_1,2012,39.233
gbr,sex_m,edu_isced11_7,mts_aggregate_1,2013,42.429
gbr,sex_m,edu_isced11_7,mts_aggregate_1,2014,43.789
gbr,sex_m,edu_isced11_7,mts_aggregate_1,2015,52.067
gbr,sex_m,edu_isced11_7,mts_aggregate_1,2016,54.02
gbr,sex_m,edu_isced11_7,mts_aggregate_1,2017,57.446
gbr,sex_m,edu_isced11_7,mts_aggregate_1,2018,57.435
gbr,sex_m,edu_isced11_7,mts_aggregate_1,2019,54.269
gbr,sex_m,edu_isced11_7,mts_aggregate_1,2020,56.365
gbr,sex_m,edu_isced11_7,mts_aggregate_1,2021,73.177
gbr,sex_m,edu_isced11_7,mts_aggregate_1,2022,90.975
gbr,sex_m,edu_isced11_7,mts_aggregate_1,2023,103.646
gbr,sex_m,edu_isced11_7,mts_aggregate_1,2024,95.702
gbr,sex_m,edu_isced11_7,mts_aggregate_2,2005,4.357
gbr,sex_m,edu_isced11_7,mts_aggregate_2,2006,30.323
gbr,sex_m,edu_isced11_7,mts_aggregate_2,2007,28.346
gbr,sex_m,edu_isced11_7,mts_aggregate_2,2008,52.377
gbr,sex_m,edu_isced11_7,mts_aggregate_2,2009,50.579
gbr,sex_m,edu_isced11_7,mts_aggregate_2,2010,54.434
gbr,sex_m,edu_isced11_7,mts_aggregate_2,2011,47.601
gbr,sex_m,edu_isced11_7,mts_aggregate_2,2012,57.98
gbr,sex_m,edu_isced11_7,mts_aggregate_2,2013,61.643
gbr,sex_m,edu_isced11_7,mts_aggregate_2,2014,70.45
gbr,sex_m,edu_isced11_7,mts_aggregate_2,2015,64.914
gbr,sex_m,edu_isced11_7,mts_aggregate_2,2016,76.138
gbr,sex_m,edu_isced11_7,mts_aggregate_2,2017,75.355
gbr,sex_m,edu_isced11_7,mts_aggregate_2,2018,90.744
gbr,sex_m,edu_isced11_7,mts_aggregate_2,2019,86.1
gbr,sex_m,edu_isced11_7,mts_aggregate_2,2020,88.527
gbr,sex_m,edu_isced11_7,mts_aggregate_2,2021,99.39
gbr,sex_m,edu_isced11_7,mts_aggregate_2,2022,133.306
gbr,sex_m,edu_isced11_7,mts_aggregate_2,2023,116.327
gbr,sex_m,edu_isced11_7,mts_aggregate_2,2024,122.671
gbr,sex_m,edu_isced11_7,mts_aggregate_total,2005,7.718
gbr,sex_m,edu_isced11_7,mts_aggregate_total,2006,55.9
gbr,sex_m,edu_isced11_7,mts_aggregate_total,2007,50.532
gbr,sex_m,edu_isced11_7,mts_aggregate_total,2008,83.288
gbr,sex_m,edu_isced11_7,mts_aggregate_total,2009,82.953
gbr,sex_m,edu_isced11_7,mts_aggregate_total,2010,95.28
gbr,sex_m,edu_isced11_7,mts_aggregate_total,2011,85.458
gbr,sex_m,edu_isced11_7,mts_aggregate_total,2012,97.213
gbr,sex_m,edu_isced11_7,mts_aggregate_total,2013,104.072
gbr,sex_m,edu_isced11_7,mts_aggregate_total,2014,114.239
gbr,sex_m,edu_isced11_7,mts_aggregate_total,2015,116.981
gbr,sex_m,edu_isced11_7,mts_aggregate_total,2016,130.158
gbr,sex_m,edu_isced11_7,mts_aggregate_total,2017,132.8
gbr,sex_m,edu_isced11_7,mts_aggregate_total,2018,148.179
gbr,sex_m,edu_isced11_7,mts_aggregate_total,2019,140.369
gbr,sex_m,edu_isced11_7,mts_aggregate_total,2020,144.892
gbr,sex_m,edu_isced11_7,mts_aggregate_total,2021,172.567
gbr,sex_m,edu_isced11_7,mts_aggregate_total,2022,224.281
gbr,sex_m,edu_isced11_7,mts_aggregate_total,2023,219.973
gbr,sex_m,edu_isced11_7,mts_aggregate_total,2024,218.373
gbr,sex_m,edu_isced11_7,mts_details_mrd,2005,4.357
gbr,sex_m,edu_isced11_7,mts_details_mrd,2006,29.962
gbr,sex_m,edu_isced11_7,mts_details_mrd,2007,28.346
gbr,sex_m,edu_isced11_7,mts_details_mrd,2008,52.377
gbr,sex_m,edu_isced11_7,mts_details_mrd,2009,50.294
gbr,sex_m,edu_isced11_7,mts_details_mrd,2010,54.145
gbr,sex_m,edu_isced11_7,mts_details_mrd,2011,46.581
gbr,sex_m,edu_isced11_7,mts_details_mrd,2012,57.291
gbr,sex_m,edu_isced11_7,mts_details_mrd,2013,61.643
gbr,sex_m,edu_isced11_7,mts_details_mrd,2014,69.595
gbr,sex_m,edu_isced11_7,mts_details_mrd,2015,63.465
gbr,sex_m,edu_isced11_7,mts_details_mrd,2016,75.816
gbr,sex_m,edu_isced11_7,mts_details_mrd,2017,74.642
gbr,sex_m,edu_isced11_7,mts_details_mrd,2018,89.234
gbr,sex_m,edu_isced11_7,mts_details_mrd,2019,84.938
gbr,sex_m,edu_isced11_7,mts_details_mrd,2020,85.774
gbr,sex_m,edu_isced11_7,mts_details_mrd,2021,95.905
gbr,sex_m,edu_isced11_7,mts_details_mrd,2022,129.144
gbr,sex_m,edu_isced11_7,mts_details_mrd,2023,115.053
gbr,sex_m,edu_isced11_7,mts_details_mrd,2024,120.026
gbr,sex_m,edu_isced11_7,mts_details_sep,2006,3.678
gbr,sex_m,edu_isced11_7,mts_details_sep,2007,4.6
gbr,sex_m,edu_isced11_7,mts_details_sep,2008,6.41
gbr,sex_m,edu_isced11_7,mts_details_sep,2009,8.239
gbr,sex_m,edu_isced11_7,mts_details_sep,2010,10.71
gbr,sex_m,edu_isced11_7,mts_details_sep,2011,6.995
gbr,sex_m,edu_isced11_7,mts_details_sep,2012,9.33
gbr,sex_m,edu_isced11_7,mts_details_sep,2013,11.24
gbr,sex_m,edu_isced11_7,mts_details_sep,2014,11.746
gbr,sex_m,edu_isced11_7,mts_details_sep,2015,11.748
gbr,sex_m,edu_isced11_7,mts_details_sep,2016,13.034
gbr,sex_m,edu_isced11_7,mts_details_sep,2017,9.94
gbr,sex_m,edu_isced11_7,mts_details_sep,2018,9.434
gbr,sex_m,edu_isced11_7,mts_details_sep,2019,13.133
gbr,sex_m,edu_isced11_7,mts_details_sep,2020,11.635
gbr,sex_m,edu_isced11_7,mts_details_sep,2021,11.484
gbr,sex_m,edu_isced11_7,mts_details_sep,2022,25.105
gbr,sex_m,edu_isced11_7,mts_details_sep,2023,20.593
gbr,sex_m,edu_isced11_7,mts_details_sep,2024,22.22
gbr,sex_m,edu_isced11_7,mts_details_sgle,2005,2.942
gbr,sex_m,edu_isced11_7,mts_details_sgle,2006,21.64
gbr,sex_m,edu_isced11_7,mts_details_sgle,2007,16.996
gbr,sex_m,edu_isced11_7,mts_details_sgle,2008,23.002
gbr,sex_m,edu_isced11_7,mts_details_sgle,2009,22.491
gbr,sex_m,edu_isced11_7,mts_details_sgle,2010,29.07
gbr,sex_m,edu_isced11_7,mts_details_sgle,2011,28.97
gbr,sex_m,edu_isced11_7,mts_details_sgle,2012,28.22
gbr,sex_m,edu_isced11_7,mts_details_sgle,2013,29.893
gbr,sex_m,edu_isced11_7,mts_details_sgle,2014,30.624
gbr,sex_m,edu_isced11_7,mts_details_sgle,2015,37.178
gbr,sex_m,edu_isced11_7,mts_details_sgle,2016,37.516
gbr,sex_m,edu_isced11_7,mts_details_sgle,2017,44.31
gbr,sex_m,edu_isced11_7,mts_details_sgle,2018,43.675
gbr,sex_m,edu_isced11_7,mts_details_sgle,2019,36.24
gbr,sex_m,edu_isced11_7,mts_details_sgle,2020,42.364
gbr,sex_m,edu_isced11_7,mts_details_sgle,2021,59.722
gbr,sex_m,edu_isced11_7,mts_details_sgle,2022,59.556
gbr,sex_m,edu_isced11_7,mts_details_sgle,2023,74.006
gbr,sex_m,edu_isced11_7,mts_details_sgle,2024,67.613
gbr,sex_m,edu_isced11_7,mts_details_total,2005,7.718
gbr,sex_m,edu_isced11_7,mts_details_total,2006,55.9
gbr,sex_m,edu_isced11_7,mts_details_total,2007,50.532
gbr,sex_m,edu_isced11_7,mts_details_total,2008,83.288
gbr,sex_m,edu_isced11_7,mts_details_total,2009,82.953
gbr,sex_m,edu_isced11_7,mts_details_total,2010,95.28
gbr,sex_m,edu_isced11_7,mts_details_total,2011,85.458
gbr,sex_m,edu_isced11_7,mts_details_total,2012,97.213
gbr,sex_m,edu_isced11_7,mts_details_total,2013,104.072
gbr,sex_m,edu_isced11_7,mts_details_total,2014,114.239
gbr,sex_m,edu_isced11_7,mts_details_total,2015,116.981
gbr,sex_m,edu_isced11_7,mts_details_total,2016,130.158
gbr,sex_m,edu_isced11_7,mts_details_total,2017,132.8
gbr,sex_m,edu_isced11_7,mts_details_total,2018,148.179
gbr,sex_m,edu_isced11_7,mts_details_total,2019,140.369
gbr,sex_m,edu_isced11_7,mts_details_total,2020,144.892
gbr,sex_m,edu_isced11_7,mts_details_total,2021,172.567
gbr,sex_m,edu_isced11_7,mts_details_total,2022,224.281
gbr,sex_m,edu_isced11_7,mts_details_total,2023,219.973
gbr,sex_m,edu_isced11_7,mts_details_total,2024,218.373
gbr,sex_m,edu_isced11_7,mts_details_union,2011,1.02
gbr,sex_m,edu_isced11_7,mts_details_union,2014,0.855
gbr,sex_m,edu_isced11_7,mts_details_union,2015,1.449
gbr,sex_m,edu_isced11_7,mts_details_union,2017,0.712
gbr,sex_m,edu_isced11_7,mts_details_union,2018,1.511
gbr,sex_m,edu_isced11_7,mts_details_union,2019,1.162
gbr,sex_m,edu_isced11_7,mts_details_union,2020,2.753
gbr,sex_m,edu_isced11_7,mts_details_union,2021,3.485
gbr,sex_m,edu_isced11_7,mts_details_union,2022,4.162
gbr,sex_m,edu_isced11_7,mts_details_union,2023,1.274
gbr,sex_m,edu_isced11_7,mts_details_union,2024,2.644
gbr,sex_m,edu_isced11_7,mts_details_wid,2007,0.591
gbr,sex_m,edu_isced11_7,mts_details_wid,2008,1.499
gbr,sex_m,edu_isced11_7,mts_details_wid,2009,1.644
gbr,sex_m,edu_isced11_7,mts_details_wid,2010,1.064
gbr,sex_m,edu_isced11_7,mts_details_wid,2011,1.893
gbr,sex_m,edu_isced11_7,mts_details_wid,2012,1.683
gbr,sex_m,edu_isced11_7,mts_details_wid,2013,1.296
gbr,sex_m,edu_isced11_7,mts_details_wid,2014,1.419
gbr,sex_m,edu_isced11_7,mts_details_wid,2015,3.14
gbr,sex_m,edu_isced11_7,mts_details_wid,2016,3.47
gbr,sex_m,edu_isced11_7,mts_details_wid,2017,3.196
gbr,sex_m,edu_isced11_7,mts_details_wid,2018,4.327
gbr,sex_m,edu_isced11_7,mts_details_wid,2019,4.897
gbr,sex_m,edu_isced11_7,mts_details_wid,2020,2.366
gbr,sex_m,edu_isced11_7,mts_details_wid,2022,6.313
gbr,sex_m,edu_isced11_7,mts_details_wid,2023,9.046
gbr,sex_m,edu_isced11_7,mts_details_wid,2024,5.87
gbr,sex_m,edu_isced11_8,mts_aggregate_1,2005,0.82
gbr,sex_m,edu_isced11_8,mts_aggregate_1,2006,4.398
gbr,sex_m,edu_isced11_8,mts_aggregate_1,2007,5.504
gbr,sex_m,edu_isced11_8,mts_aggregate_1,2008,6.846
gbr,sex_m,edu_isced11_8,mts_aggregate_1,2009,6.29
gbr,sex_m,edu_isced11_8,mts_aggregate_1,2010,10.109
gbr,sex_m,edu_isced11_8,mts_aggregate_1,2011,8.297
gbr,sex_m,edu_isced11_8,mts_aggregate_1,2012,4.752
gbr,sex_m,edu_isced11_8,mts_aggregate_1,2013,6.794
gbr,sex_m,edu_isced11_8,mts_aggregate_1,2014,6.212
gbr,sex_m,edu_isced11_8,mts_aggregate_1,2015,7.74
gbr,sex_m,edu_isced11_8,mts_aggregate_1,2016,8.722
gbr,sex_m,edu_isced11_8,mts_aggregate_1,2017,9.138
gbr,sex_m,edu_isced11_8,mts_aggregate_1,2018,10.214
gbr,sex_m,edu_isced11_8,mts_aggregate_1,2019,13.184
gbr,sex_m,edu_isced11_8,mts_aggregate_1,2020,6.469
gbr,sex_m,edu_isced11_8,mts_aggregate_1,2021,10
gbr,sex_m,edu_isced11_8,mts_aggregate_1,2022,14.261
gbr,sex_m,edu_isced11_8,mts_aggregate_1,2023,10.535
gbr,sex_m,edu_isced11_8,mts_aggregate_1,2024,11.321
gbr,sex_m,edu_isced11_8,mts_aggregate_2,2005,1.992
gbr,sex_m,edu_isced11_8,mts_aggregate_2,2006,9.47
gbr,sex_m,edu_isced11_8,mts_aggregate_2,2007,9.36
gbr,sex_m,edu_isced11_8,mts_aggregate_2,2008,18.182
gbr,sex_m,edu_isced11_8,mts_aggregate_2,2009,22.459
gbr,sex_m,edu_isced11_8,mts_aggregate_2,2010,18.88
gbr,sex_m,edu_isced11_8,mts_aggregate_2,2011,17.699
gbr,sex_m,edu_isced11_8,mts_aggregate_2,2012,20.246
gbr,sex_m,edu_isced11_8,mts_aggregate_2,2013,22.224
gbr,sex_m,edu_isced11_8,mts_aggregate_2,2014,19.244
gbr,sex_m,edu_isced11_8,mts_aggregate_2,2015,24.98
gbr,sex_m,edu_isced11_8,mts_aggregate_2,2016,22.945
gbr,sex_m,edu_isced11_8,mts_aggregate_2,2017,26.322
gbr,sex_m,edu_isced11_8,mts_aggregate_2,2018,27.929
gbr,sex_m,edu_isced11_8,mts_aggregate_2,2019,20.868
gbr,sex_m,edu_isced11_8,mts_aggregate_2,2020,19.472
gbr,sex_m,edu_isced11_8,mts_aggregate_2,2021,20.75
gbr,sex_m,edu_isced11_8,mts_aggregate_2,2022,26.322
gbr,sex_m,edu_isced11_8,mts_aggregate_2,2023,33.418
gbr,sex_m,edu_isced11_8,mts_aggregate_2,2024,32.534
gbr,sex_m,edu_isced11_8,mts_aggregate_total,2005,2.812
gbr,sex_m,edu_isced11_8,mts_aggregate_total,2006,13.868
gbr,sex_m,edu_isced11_8,mts_aggregate_total,2007,14.864
gbr,sex_m,edu_isced11_8,mts_aggregate_total,2008,25.028
gbr,sex_m,edu_isced11_8,mts_aggregate_total,2009,28.75
gbr,sex_m,edu_isced11_8,mts_aggregate_total,2010,28.988
gbr,sex_m,edu_isced11_8,mts_aggregate_total,2011,25.996
gbr,sex_m,edu_isced11_8,mts_aggregate_total,2012,24.998
gbr,sex_m,edu_isced11_8,mts_aggregate_total,2013,29.017
gbr,sex_m,edu_isced11_8,mts_aggregate_total,2014,25.455
gbr,sex_m,edu_isced11_8,mts_aggregate_total,2015,32.72
gbr,sex_m,edu_isced11_8,mts_aggregate_total,2016,31.667
gbr,sex_m,edu_isced11_8,mts_aggregate_total,2017,35.46
gbr,sex_m,edu_isced11_8,mts_aggregate_total,2018,38.143
gbr,sex_m,edu_isced11_8,mts_aggregate_total,2019,34.052
gbr,sex_m,edu_isced11_8,mts_aggregate_total,2020,25.941
gbr,sex_m,edu_isced11_8,mts_aggregate_total,2021,30.75
gbr,sex_m,edu_isced11_8,mts_aggregate_total,2022,40.583
gbr,sex_m,edu_isced11_8,mts_aggregate_total,2023,43.953
gbr,sex_m,edu_isced11_8,mts_aggregate_total,2024,43.855
gbr,sex_m,edu_isced11_8,mts_details_mrd,2005,1.992
gbr,sex_m,edu_isced11_8,mts_details_mrd,2006,9.332
gbr,sex_m,edu_isced11_8,mts_details_mrd,2007,9.36
gbr,sex_m,edu_isced11_8,mts_details_mrd,2008,18.182
gbr,sex_m,edu_isced11_8,mts_details_mrd,2009,22.287
gbr,sex_m,edu_isced11_8,mts_details_mrd,2010,18.88
gbr,sex_m,edu_isced11_8,mts_details_mrd,2011,17.297
gbr,sex_m,edu_isced11_8,mts_details_mrd,2012,19.969
gbr,sex_m,edu_isced11_8,mts_details_mrd,2013,22.224
gbr,sex_m,edu_isced11_8,mts_details_mrd,2014,19.244
gbr,sex_m,edu_isced11_8,mts_details_mrd,2015,24.98
gbr,sex_m,edu_isced11_8,mts_details_mrd,2016,22.945
gbr,sex_m,edu_isced11_8,mts_details_mrd,2017,25.365
gbr,sex_m,edu_isced11_8,mts_details_mrd,2018,27.018
gbr,sex_m,edu_isced11_8,mts_details_mrd,2019,20.217
gbr,sex_m,edu_isced11_8,mts_details_mrd,2020,19.145
gbr,sex_m,edu_isced11_8,mts_details_mrd,2021,20.75
gbr,sex_m,edu_isced11_8,mts_details_mrd,2022,25.956
gbr,sex_m,edu_isced11_8,mts_details_mrd,2023,33.418
gbr,sex_m,edu_isced11_8,mts_details_mrd,2024,32.534
gbr,sex_m,edu_isced11_8,mts_details_sep,2005,0.582
gbr,sex_m,edu_isced11_8,mts_details_sep,2006,1.296
gbr,sex_m,edu_isced11_8,mts_details_sep,2007,1.033
gbr,sex_m,edu_isced11_8,mts_details_sep,2008,2.387
gbr,sex_m,edu_isced11_8,mts_details_sep,2009,2.337
gbr,sex_m,edu_isced11_8,mts_details_sep,2010,5.716
gbr,sex_m,edu_isced11_8,mts_details_sep,2011,3.209
gbr,sex_m,edu_isced11_8,mts_details_sep,2012,1.322
gbr,sex_m,edu_isced11_8,mts_details_sep,2013,3.438
gbr,sex_m,edu_isced11_8,mts_details_sep,2014,3.623
gbr,sex_m,edu_isced11_8,mts_details_sep,2015,3.159
gbr,sex_m,edu_isced11_8,mts_details_sep,2016,2.134
gbr,sex_m,edu_isced11_8,mts_details_sep,2017,1.17
gbr,sex_m,edu_isced11_8,mts_details_sep,2018,4.096
gbr,sex_m,edu_isced11_8,mts_details_sep,2019,3.224
gbr,sex_m,edu_isced11_8,mts_details_sep,2020,1.419
gbr,sex_m,edu_isced11_8,mts_details_sep,2021,2.767
gbr,sex_m,edu_isced11_8,mts_details_sep,2022,1.911
gbr,sex_m,edu_isced11_8,mts_details_sep,2023,1.587
gbr,sex_m,edu_isced11_8,mts_details_sep,2024,2.218
gbr,sex_m,edu_isced11_8,mts_details_sgle,2006,2.838
gbr,sex_m,edu_isced11_8,mts_details_sgle,2007,4.197
gbr,sex_m,edu_isced11_8,mts_details_sgle,2008,4.361
gbr,sex_m,edu_isced11_8,mts_details_sgle,2009,3.738
gbr,sex_m,edu_isced11_8,mts_details_sgle,2010,4.393
gbr,sex_m,edu_isced11_8,mts_details_sgle,2011,3.898
gbr,sex_m,edu_isced11_8,mts_details_sgle,2012,1.526
gbr,sex_m,edu_isced11_8,mts_details_sgle,2013,2.582
gbr,sex_m,edu_isced11_8,mts_details_sgle,2014,1.245
gbr,sex_m,edu_isced11_8,mts_details_sgle,2015,3.454
gbr,sex_m,edu_isced11_8,mts_details_sgle,2016,6.588
gbr,sex_m,edu_isced11_8,mts_details_sgle,2017,7.456
gbr,sex_m,edu_isced11_8,mts_details_sgle,2018,5.135
gbr,sex_m,edu_isced11_8,mts_details_sgle,2019,8.682
gbr,sex_m,edu_isced11_8,mts_details_sgle,2020,3.93
gbr,sex_m,edu_isced11_8,mts_details_sgle,2021,6.218
gbr,sex_m,edu_isced11_8,mts_details_sgle,2022,12.35
gbr,sex_m,edu_isced11_8,mts_details_sgle,2023,8.811
gbr,sex_m,edu_isced11_8,mts_details_sgle,2024,8.743
gbr,sex_m,edu_isced11_8,mts_details_total,2005,2.812
gbr,sex_m,edu_isced11_8,mts_details_total,2006,13.868
gbr,sex_m,edu_isced11_8,mts_details_total,2007,14.864
gbr,sex_m,edu_isced11_8,mts_details_total,2008,25.028
gbr,sex_m,edu_isced11_8,mts_details_total,2009,28.75
gbr,sex_m,edu_isced11_8,mts_details_total,2010,28.988
gbr,sex_m,edu_isced11_8,mts_details_total,2011,25.996
gbr,sex_m,edu_isced11_8,mts_details_total,2012,24.998
gbr,sex_m,edu_isced11_8,mts_details_total,2013,29.017
gbr,sex_m,edu_isced11_8,mts_details_total,2014,25.455
gbr,sex_m,edu_isced11_8,mts_details_total,2015,32.72
gbr,sex_m,edu_isced11_8,mts_details_total,2016,31.667
gbr,sex_m,edu_isced11_8,mts_details_total,2017,35.46
gbr,sex_m,edu_isced11_8,mts_details_total,2018,38.143
gbr,sex_m,edu_isced11_8,mts_details_total,2019,34.052
gbr,sex_m,edu_isced11_8,mts_details_total,2020,25.941
gbr,sex_m,edu_isced11_8,mts_details_total,2021,30.75
gbr,sex_m,edu_isced11_8,mts_details_total,2022,40.583
gbr,sex_m,edu_isced11_8,mts_details_total,2023,43.953
gbr,sex_m,edu_isced11_8,mts_details_total,2024,43.855
gbr,sex_m,edu_isced11_8,mts_details_wid,2011,1.19
gbr,sex_m,edu_isced11_8,mts_details_wid,2012,1.904
gbr,sex_m,edu_isced11_8,mts_details_wid,2013,0.774
gbr,sex_m,edu_isced11_8,mts_details_wid,2014,1.344
gbr,sex_m,edu_isced11_8,mts_details_wid,2015,1.127
gbr,sex_m,edu_isced11_8,mts_details_wid,2019,1.278
gbr,sex_m,edu_isced11_8,mts_details_wid,2020,1.12
gbr,sex_m,edu_isced11_9,mts_aggregate_1,2005,3136.754
gbr,sex_m,edu_isced11_9,mts_aggregate_1,2006,2076.249
gbr,sex_m,edu_isced11_9,mts_aggregate_1,2007,2126.419
gbr,sex_m,edu_isced11_9,mts_aggregate_1,2008,1497.706
gbr,sex_m,edu_isced11_9,mts_aggregate_1,2009,1508.601
gbr,sex_m,edu_isced11_9,mts_aggregate_1,2010,1514.016
gbr,sex_m,edu_isced11_9,mts_aggregate_1,2011,1596.506
gbr,sex_m,edu_isced11_9,mts_aggregate_1,2012,1519.873
gbr,sex_m,edu_isced11_9,mts_aggregate_1,2013,1531.101
gbr,sex_m,edu_isced11_9,mts_aggregate_1,2014,1558.011
gbr,sex_m,edu_isced11_9,mts_aggregate_1,2015,1599.177
gbr,sex_m,edu_isced11_9,mts_aggregate_1,2016,1640.831
gbr,sex_m,edu_isced11_9,mts_aggregate_1,2017,1680.732
gbr,sex_m,edu_isced11_9,mts_aggregate_1,2018,1740.919
gbr,sex_m,edu_isced11_9,mts_aggregate_1,2019,1800.781
gbr,sex_m,edu_isced11_9,mts_aggregate_1,2020,1808.226
gbr,sex_m,edu_isced11_9,mts_aggregate_1,2021,1769.672
gbr,sex_m,edu_isced11_9,mts_aggregate_1,2022,1870.134
gbr,sex_m,edu_isced11_9,mts_aggregate_1,2023,1782.63
gbr,sex_m,edu_isced11_9,mts_aggregate_1,2024,1808.904
gbr,sex_m,edu_isced11_9,mts_aggregate_2,2005,3578.157
gbr,sex_m,edu_isced11_9,mts_aggregate_2,2006,2907.863
gbr,sex_m,edu_isced11_9,mts_aggregate_2,2007,2908.672
gbr,sex_m,edu_isced11_9,mts_aggregate_2,2008,2051.677
gbr,sex_m,edu_isced11_9,mts_aggregate_2,2009,2127.447
gbr,sex_m,edu_isced11_9,mts_aggregate_2,2010,2147.238
gbr,sex_m,edu_isced11_9,mts_aggregate_2,2011,2349.432
gbr,sex_m,edu_isced11_9,mts_aggregate_2,2012,2180.938
gbr,sex_m,edu_isced11_9,mts_aggregate_2,2013,2199.461
gbr,sex_m,edu_isced11_9,mts_aggregate_2,2014,2232.454
gbr,sex_m,edu_isced11_9,mts_aggregate_2,2015,2270.625
gbr,sex_m,edu_isced11_9,mts_aggregate_2,2016,2299.643
gbr,sex_m,edu_isced11_9,mts_aggregate_2,2017,2468.444
gbr,sex_m,edu_isced11_9,mts_aggregate_2,2018,2491.748
gbr,sex_m,edu_isced11_9,mts_aggregate_2,2019,2508.617
gbr,sex_m,edu_isced11_9,mts_aggregate_2,2020,2662.113
gbr,sex_m,edu_isced11_9,mts_aggregate_2,2021,2727.454
gbr,sex_m,edu_isced11_9,mts_aggregate_2,2022,2581.99
gbr,sex_m,edu_isced11_9,mts_aggregate_2,2023,2512.207
gbr,sex_m,edu_isced11_9,mts_aggregate_2,2024,2540.152
gbr,sex_m,edu_isced11_9,mts_aggregate_total,2005,6714.911
gbr,sex_m,edu_isced11_9,mts_aggregate_total,2006,4984.111
gbr,sex_m,edu_isced11_9,mts_aggregate_total,2007,5035.09
gbr,sex_m,edu_isced11_9,mts_aggregate_total,2008,3549.384
gbr,sex_m,edu_isced11_9,mts_aggregate_total,2009,3636.048
gbr,sex_m,edu_isced11_9,mts_aggregate_total,2010,3661.253
gbr,sex_m,edu_isced11_9,mts_aggregate_total,2011,3945.937
gbr,sex_m,edu_isced11_9,mts_aggregate_total,2012,3700.812
gbr,sex_m,edu_isced11_9,mts_aggregate_total,2013,3730.562
gbr,sex_m,edu_isced11_9,mts_aggregate_total,2014,3790.465
gbr,sex_m,edu_isced11_9,mts_aggregate_total,2015,3869.932
gbr,sex_m,edu_isced11_9,mts_aggregate_total,2016,3942.128
gbr,sex_m,edu_isced11_9,mts_aggregate_total,2017,4150.211
gbr,sex_m,edu_isced11_9,mts_aggregate_total,2018,4232.667
gbr,sex_m,edu_isced11_9,mts_aggregate_total,2019,4309.398
gbr,sex_m,edu_isced11_9,mts_aggregate_total,2020,4470.338
gbr,sex_m,edu_isced11_9,mts_aggregate_total,2021,4497.126
gbr,sex_m,edu_isced11_9,mts_aggregate_total,2022,4452.124
gbr,sex_m,edu_isced11_9,mts_aggregate_total,2023,4294.837
gbr,sex_m,edu_isced11_9,mts_aggregate_total,2024,4349.218
gbr,sex_m,edu_isced11_9,mts_aggregate_x,2016,1.654
gbr,sex_m,edu_isced11_9,mts_aggregate_x,2017,1.034
gbr,sex_m,edu_isced11_9,mts_details_mrd,2005,3578.157
gbr,sex_m,edu_isced11_9,mts_details_mrd,2006,2906.231
gbr,sex_m,edu_isced11_9,mts_details_mrd,2007,2905.848
gbr,sex_m,edu_isced11_9,mts_details_mrd,2008,2048.796
gbr,sex_m,edu_isced11_9,mts_details_mrd,2009,2125.62
gbr,sex_m,edu_isced11_9,mts_details_mrd,2010,2145.344
gbr,sex_m,edu_isced11_9,mts_details_mrd,2011,2345.233
gbr,sex_m,edu_isced11_9,mts_details_mrd,2012,2176.131
gbr,sex_m,edu_isced11_9,mts_details_mrd,2013,2193.227
gbr,sex_m,edu_isced11_9,mts_details_mrd,2014,2227.68
gbr,sex_m,edu_isced11_9,mts_details_mrd,2015,2264.628
gbr,sex_m,edu_isced11_9,mts_details_mrd,2016,2290.144
gbr,sex_m,edu_isced11_9,mts_details_mrd,2017,2463.365
gbr,sex_m,edu_isced11_9,mts_details_mrd,2018,2486.626
gbr,sex_m,edu_isced11_9,mts_details_mrd,2019,2501.941
gbr,sex_m,edu_isced11_9,mts_details_mrd,2020,2653.006
gbr,sex_m,edu_isced11_9,mts_details_mrd,2021,2715.998
gbr,sex_m,edu_isced11_9,mts_details_mrd,2022,2575.979
gbr,sex_m,edu_isced11_9,mts_details_mrd,2023,2489.812
gbr,sex_m,edu_isced11_9,mts_details_mrd,2024,2521.185
gbr,sex_m,edu_isced11_9,mts_details_sep,2005,533.889
gbr,sex_m,edu_isced11_9,mts_details_sep,2006,376.217
gbr,sex_m,edu_isced11_9,mts_details_sep,2007,400.908
gbr,sex_m,edu_isced11_9,mts_details_sep,2008,224.614
gbr,sex_m,edu_isced11_9,mts_details_sep,2009,240.739
gbr,sex_m,edu_isced11_9,mts_details_sep,2010,252.746
gbr,sex_m,edu_isced11_9,mts_details_sep,2011,316.925
gbr,sex_m,edu_isced11_9,mts_details_sep,2012,276.714
gbr,sex_m,edu_isced11_9,mts_details_sep,2013,297.779
gbr,sex_m,edu_isced11_9,mts_details_sep,2014,301.34
gbr,sex_m,edu_isced11_9,mts_details_sep,2015,322.89
gbr,sex_m,edu_isced11_9,mts_details_sep,2016,338.216
gbr,sex_m,edu_isced11_9,mts_details_sep,2017,352.89
gbr,sex_m,edu_isced11_9,mts_details_sep,2018,340.535
gbr,sex_m,edu_isced11_9,mts_details_sep,2019,371.144
gbr,sex_m,edu_isced11_9,mts_details_sep,2020,396.049
gbr,sex_m,edu_isced11_9,mts_details_sep,2021,409.197
gbr,sex_m,edu_isced11_9,mts_details_sep,2022,399.452
gbr,sex_m,edu_isced11_9,mts_details_sep,2023,392.144
gbr,sex_m,edu_isced11_9,mts_details_sep,2024,440.329
gbr,sex_m,edu_isced11_9,mts_details_sgle,2005,1933.479
gbr,sex_m,edu_isced11_9,mts_details_sgle,2006,1071.391
gbr,sex_m,edu_isced11_9,mts_details_sgle,2007,1090.472
gbr,sex_m,edu_isced11_9,mts_details_sgle,2008,671.431
gbr,sex_m,edu_isced11_9,mts_details_sgle,2009,704.386
gbr,sex_m,edu_isced11_9,mts_details_sgle,2010,693.004
gbr,sex_m,edu_isced11_9,mts_details_sgle,2011,657.264
gbr,sex_m,edu_isced11_9,mts_details_sgle,2012,658.306
gbr,sex_m,edu_isced11_9,mts_details_sgle,2013,653.885
gbr,sex_m,edu_isced11_9,mts_details_sgle,2014,677.093
gbr,sex_m,edu_isced11_9,mts_details_sgle,2015,659.573
gbr,sex_m,edu_isced11_9,mts_details_sgle,2016,677.842
gbr,sex_m,edu_isced11_9,mts_details_sgle,2017,712.343
gbr,sex_m,edu_isced11_9,mts_details_sgle,2018,717.744
gbr,sex_m,edu_isced11_9,mts_details_sgle,2019,726.664
gbr,sex_m,edu_isced11_9,mts_details_sgle,2020,777.835
gbr,sex_m,edu_isced11_9,mts_details_sgle,2021,798.562
gbr,sex_m,edu_isced11_9,mts_details_sgle,2022,841.291
gbr,sex_m,edu_isced11_9,mts_details_sgle,2023,754.435
gbr,sex_m,edu_isced11_9,mts_details_sgle,2024,741.508
gbr,sex_m,edu_isced11_9,mts_details_total,2005,6714.911
gbr,sex_m,edu_isced11_9,mts_details_total,2006,4984.111
gbr,sex_m,edu_isced11_9,mts_details_total,2007,5035.09
gbr,sex_m,edu_isced11_9,mts_details_total,2008,3549.384
gbr,sex_m,edu_isced11_9,mts_details_total,2009,3636.048
gbr,sex_m,edu_isced11_9,mts_details_total,2010,3661.253
gbr,sex_m,edu_isced11_9,mts_details_total,2011,3945.937
gbr,sex_m,edu_isced11_9,mts_details_total,2012,3700.812
gbr,sex_m,edu_isced11_9,mts_details_total,2013,3730.562
gbr,sex_m,edu_isced11_9,mts_details_total,2014,3790.465
gbr,sex_m,edu_isced11_9,mts_details_total,2015,3869.932
gbr,sex_m,edu_isced11_9,mts_details_total,2016,3942.128
gbr,sex_m,edu_isced11_9,mts_details_total,2017,4150.211
gbr,sex_m,edu_isced11_9,mts_details_total,2018,4232.667
gbr,sex_m,edu_isced11_9,mts_details_total,2019,4309.398
gbr,sex_m,edu_isced11_9,mts_details_total,2020,4470.338
gbr,sex_m,edu_isced11_9,mts_details_total,2021,4497.126
gbr,sex_m,edu_isced11_9,mts_details_total,2022,4452.124
gbr,sex_m,edu_isced11_9,mts_details_total,2023,4294.837
gbr,sex_m,edu_isced11_9,mts_details_total,2024,4349.218
gbr,sex_m,edu_isced11_9,mts_details_union,2006,1.632
gbr,sex_m,edu_isced11_9,mts_details_union,2007,2.824
gbr,sex_m,edu_isced11_9,mts_details_union,2008,2.881
gbr,sex_m,edu_isced11_9,mts_details_union,2009,1.827
gbr,sex_m,edu_isced11_9,mts_details_union,2010,1.894
gbr,sex_m,edu_isced11_9,mts_details_union,2011,4.199
gbr,sex_m,edu_isced11_9,mts_details_union,2012,4.807
gbr,sex_m,edu_isced11_9,mts_details_union,2013,6.234
gbr,sex_m,edu_isced11_9,mts_details_union,2014,4.774
gbr,sex_m,edu_isced11_9,mts_details_union,2015,5.997
gbr,sex_m,edu_isced11_9,mts_details_union,2016,9.499
gbr,sex_m,edu_isced11_9,mts_details_union,2017,5.08
gbr,sex_m,edu_isced11_9,mts_details_union,2018,5.121
gbr,sex_m,edu_isced11_9,mts_details_union,2019,6.676
gbr,sex_m,edu_isced11_9,mts_details_union,2020,9.108
gbr,sex_m,edu_isced11_9,mts_details_union,2021,11.456
gbr,sex_m,edu_isced11_9,mts_details_union,2022,6.011
gbr,sex_m,edu_isced11_9,mts_details_union,2023,22.395
gbr,sex_m,edu_isced11_9,mts_details_union,2024,18.967
gbr,sex_m,edu_isced11_9,mts_details_wid,2005,669.386
gbr,sex_m,edu_isced11_9,mts_details_wid,2006,628.64
gbr,sex_m,edu_isced11_9,mts_details_wid,2007,635.039
gbr,sex_m,edu_isced11_9,mts_details_wid,2008,601.662
gbr,sex_m,edu_isced11_9,mts_details_wid,2009,563.477
gbr,sex_m,edu_isced11_9,mts_details_wid,2010,568.266
gbr,sex_m,edu_isced11_9,mts_details_wid,2011,622.317
gbr,sex_m,edu_isced11_9,mts_details_wid,2012,584.853
gbr,sex_m,edu_isced11_9,mts_details_wid,2013,579.437
gbr,sex_m,edu_isced11_9,mts_details_wid,2014,579.577
gbr,sex_m,edu_isced11_9,mts_details_wid,2015,616.714
gbr,sex_m,edu_isced11_9,mts_details_wid,2016,624.773
gbr,sex_m,edu_isced11_9,mts_details_wid,2017,615.499
gbr,sex_m,edu_isced11_9,mts_details_wid,2018,682.64
gbr,sex_m,edu_isced11_9,mts_details_wid,2019,702.972
gbr,sex_m,edu_isced11_9,mts_details_wid,2020,634.342
gbr,sex_m,edu_isced11_9,mts_details_wid,2021,561.913
gbr,sex_m,edu_isced11_9,mts_details_wid,2022,629.391
gbr,sex_m,edu_isced11_9,mts_details_wid,2023,636.052
gbr,sex_m,edu_isced11_9,mts_details_wid,2024,627.066
gbr,sex_m,edu_isced11_9,mts_details_x,2016,1.654
gbr,sex_m,edu_isced11_9,mts_details_x,2017,1.034
gbr,sex_m,edu_isced11_total,mts_aggregate_1,2005,3456.344
gbr,sex_m,edu_isced11_total,mts_aggregate_1,2006,3467.456
gbr,sex_m,edu_isced11_total,mts_aggregate_1,2007,3597.142
gbr,sex_m,edu_isced11_total,mts_aggregate_1,2008,3698.827
gbr,sex_m,edu_isced11_total,mts_aggregate_1,2009,3833.416
gbr,sex_m,edu_isced11_total,mts_aggregate_1,2010,3956.973
gbr,sex_m,edu_isced11_total,mts_aggregate_1,2011,4047.159
gbr,sex_m,edu_isced11_total,mts_aggregate_1,2012,4015.355
gbr,sex_m,edu_isced11_total,mts_aggregate_1,2013,4114.167
gbr,sex_m,edu_isced11_total,mts_aggregate_1,2014,4133.053
gbr,sex_m,edu_isced11_total,mts_aggregate_1,2015,4197.501
gbr,sex_m,edu_isced11_total,mts_aggregate_1,2016,4262.83
gbr,sex_m,edu_isced11_total,mts_aggregate_1,2017,4267.572
gbr,sex_m,edu_isced11_total,mts_aggregate_1,2018,4317.622
gbr,sex_m,edu_isced11_total,mts_aggregate_1,2019,4529.2
gbr,sex_m,edu_isced11_total,mts_aggregate_1,2020,4497.49
gbr,sex_m,edu_isced11_total,mts_aggregate_1,2021,4639.582
gbr,sex_m,edu_isced11_total,mts_aggregate_1,2022,4787.947
gbr,sex_m,edu_isced11_total,mts_aggregate_1,2023,4911.789
gbr,sex_m,edu_isced11_total,mts_aggregate_1,2024,5131.312
gbr,sex_m,edu_isced11_total,mts_aggregate_2,2005,3764.183
gbr,sex_m,edu_isced11_total,mts_aggregate_2,2006,3751.715
gbr,sex_m,edu_isced11_total,mts_aggregate_2,2007,3730.954
gbr,sex_m,edu_isced11_total,mts_aggregate_2,2008,3666.593
gbr,sex_m,edu_isced11_total,mts_aggregate_2,2009,3749.492
gbr,sex_m,edu_isced11_total,mts_aggregate_2,2010,3788.744
gbr,sex_m,edu_isced11_total,mts_aggregate_2,2011,3825.744
gbr,sex_m,edu_isced11_total,mts_aggregate_2,2012,3888.651
gbr,sex_m,edu_isced11_total,mts_aggregate_2,2013,3904.774
gbr,sex_m,edu_isced11_total,mts_aggregate_2,2014,3955.038
gbr,sex_m,edu_isced11_total,mts_aggregate_2,2015,3956.662
gbr,sex_m,edu_isced11_total,mts_aggregate_2,2016,3981.404
gbr,sex_m,edu_isced11_total,mts_aggregate_2,2017,4103.474
gbr,sex_m,edu_isced11_total,mts_aggregate_2,2018,4069.12
gbr,sex_m,edu_isced11_total,mts_aggregate_2,2019,4040.006
gbr,sex_m,edu_isced11_total,mts_aggregate_2,2020,4250.795
gbr,sex_m,edu_isced11_total,mts_aggregate_2,2021,4379.918
gbr,sex_m,edu_isced11_total,mts_aggregate_2,2022,4200.021
gbr,sex_m,edu_isced11_total,mts_aggregate_2,2023,4110.543
gbr,sex_m,edu_isced11_total,mts_aggregate_2,2024,4202.953
gbr,sex_m,edu_isced11_total,mts_aggregate_total,2005,7220.527
gbr,sex_m,edu_isced11_total,mts_aggregate_total,2006,7219.171
gbr,sex_m,edu_isced11_total,mts_aggregate_total,2007,7328.096
gbr,sex_m,edu_isced11_total,mts_aggregate_total,2008,7365.42
gbr,sex_m,edu_isced11_total,mts_aggregate_total,2009,7583.02
gbr,sex_m,edu_isced11_total,mts_aggregate_total,2010,7745.718
gbr,sex_m,edu_isced11_total,mts_aggregate_total,2011,7872.904
gbr,sex_m,edu_isced11_total,mts_aggregate_total,2012,7904.006
gbr,sex_m,edu_isced11_total,mts_aggregate_total,2013,8018.941
gbr,sex_m,edu_isced11_total,mts_aggregate_total,2014,8088.091
gbr,sex_m,edu_isced11_total,mts_aggregate_total,2015,8154.293
gbr,sex_m,edu_isced11_total,mts_aggregate_total,2016,8245.888
gbr,sex_m,edu_isced11_total,mts_aggregate_total,2017,8372.08
gbr,sex_m,edu_isced11_total,mts_aggregate_total,2018,8386.742
gbr,sex_m,edu_isced11_total,mts_aggregate_total,2019,8569.206
gbr,sex_m,edu_isced11_total,mts_aggregate_total,2020,8748.285
gbr,sex_m,edu_isced11_total,mts_aggregate_total,2021,9019.5
gbr,sex_m,edu_isced11_total,mts_aggregate_total,2022,8987.968
gbr,sex_m,edu_isced11_total,mts_aggregate_total,2023,9022.332
gbr,sex_m,edu_isced11_total,mts_aggregate_total,2024,9334.778
gbr,sex_m,edu_isced11_total,mts_aggregate_x,2016,1.654
gbr,sex_m,edu_isced11_total,mts_aggregate_x,2017,1.034
gbr,sex_m,edu_isced11_total,mts_details_mrd,2005,3764.183
gbr,sex_m,edu_isced11_total,mts_details_mrd,2006,3745.478
gbr,sex_m,edu_isced11_total,mts_details_mrd,2007,3725.436
gbr,sex_m,edu_isced11_total,mts_details_mrd,2008,3659.883
gbr,sex_m,edu_isced11_total,mts_details_mrd,2009,3742.951
gbr,sex_m,edu_isced11_total,mts_details_mrd,2010,3779.474
gbr,sex_m,edu_isced11_total,mts_details_mrd,2011,3816.331
gbr,sex_m,edu_isced11_total,mts_details_mrd,2012,3876.241
gbr,sex_m,edu_isced11_total,mts_details_mrd,2013,3888.335
gbr,sex_m,edu_isced11_total,mts_details_mrd,2014,3941.877
gbr,sex_m,edu_isced11_total,mts_details_mrd,2015,3942.747
gbr,sex_m,edu_isced11_total,mts_details_mrd,2016,3964.428
gbr,sex_m,edu_isced11_total,mts_details_mrd,2017,4089.658
gbr,sex_m,edu_isced11_total,mts_details_mrd,2018,4053.817
gbr,sex_m,edu_isced11_total,mts_details_mrd,2019,4024.968
gbr,sex_m,edu_isced11_total,mts_details_mrd,2020,4220.71
gbr,sex_m,edu_isced11_total,mts_details_mrd,2021,4349.872
gbr,sex_m,edu_isced11_total,mts_details_mrd,2022,4173.304
gbr,sex_m,edu_isced11_total,mts_details_mrd,2023,4059.617
gbr,sex_m,edu_isced11_total,mts_details_mrd,2024,4148.819
gbr,sex_m,edu_isced11_total,mts_details_sep,2005,584.934
gbr,sex_m,edu_isced11_total,mts_details_sep,2006,585.208
gbr,sex_m,edu_isced11_total,mts_details_sep,2007,614.808
gbr,sex_m,edu_isced11_total,mts_details_sep,2008,597.846
gbr,sex_m,edu_isced11_total,mts_details_sep,2009,633.913
gbr,sex_m,edu_isced11_total,mts_details_sep,2010,692.045
gbr,sex_m,edu_isced11_total,mts_details_sep,2011,745.445
gbr,sex_m,edu_isced11_total,mts_details_sep,2012,734.221
gbr,sex_m,edu_isced11_total,mts_details_sep,2013,746.355
gbr,sex_m,edu_isced11_total,mts_details_sep,2014,756.98
gbr,sex_m,edu_isced11_total,mts_details_sep,2015,781.642
gbr,sex_m,edu_isced11_total,mts_details_sep,2016,803.601
gbr,sex_m,edu_isced11_total,mts_details_sep,2017,783.522
gbr,sex_m,edu_isced11_total,mts_details_sep,2018,745.119
gbr,sex_m,edu_isced11_total,mts_details_sep,2019,783.688
gbr,sex_m,edu_isced11_total,mts_details_sep,2020,786.153
gbr,sex_m,edu_isced11_total,mts_details_sep,2021,792.513
gbr,sex_m,edu_isced11_total,mts_details_sep,2022,861.233
gbr,sex_m,edu_isced11_total,mts_details_sep,2023,889.048
gbr,sex_m,edu_isced11_total,mts_details_sep,2024,941.173
gbr,sex_m,edu_isced11_total,mts_details_sgle,2005,2193.814
gbr,sex_m,edu_isced11_total,mts_details_sgle,2006,2216.656
gbr,sex_m,edu_isced11_total,mts_details_sgle,2007,2304.718
gbr,sex_m,edu_isced11_total,mts_details_sgle,2008,2388.39
gbr,sex_m,edu_isced11_total,mts_details_sgle,2009,2528.804
gbr,sex_m,edu_isced11_total,mts_details_sgle,2010,2578.883
gbr,sex_m,edu_isced11_total,mts_details_sgle,2011,2580.431
gbr,sex_m,edu_isced11_total,mts_details_sgle,2012,2573.27
gbr,sex_m,edu_isced11_total,mts_details_sgle,2013,2675.298
gbr,sex_m,edu_isced11_total,mts_details_sgle,2014,2687.385
gbr,sex_m,edu_isced11_total,mts_details_sgle,2015,2692.208
gbr,sex_m,edu_isced11_total,mts_details_sgle,2016,2732.633
gbr,sex_m,edu_isced11_total,mts_details_sgle,2017,2767.7
gbr,sex_m,edu_isced11_total,mts_details_sgle,2018,2785.567
gbr,sex_m,edu_isced11_total,mts_details_sgle,2019,2935.194
gbr,sex_m,edu_isced11_total,mts_details_sgle,2020,2989.681
gbr,sex_m,edu_isced11_total,mts_details_sgle,2021,3198.17
gbr,sex_m,edu_isced11_total,mts_details_sgle,2022,3192.894
gbr,sex_m,edu_isced11_total,mts_details_sgle,2023,3282.961
gbr,sex_m,edu_isced11_total,mts_details_sgle,2024,3467.361
gbr,sex_m,edu_isced11_total,mts_details_total,2005,7220.527
gbr,sex_m,edu_isced11_total,mts_details_total,2006,7219.171
gbr,sex_m,edu_isced11_total,mts_details_total,2007,7328.096
gbr,sex_m,edu_isced11_total,mts_details_total,2008,7365.42
gbr,sex_m,edu_isced11_total,mts_details_total,2009,7583.02
gbr,sex_m,edu_isced11_total,mts_details_total,2010,7745.718
gbr,sex_m,edu_isced11_total,mts_details_total,2011,7872.904
gbr,sex_m,edu_isced11_total,mts_details_total,2012,7904.006
gbr,sex_m,edu_isced11_total,mts_details_total,2013,8018.941
gbr,sex_m,edu_isced11_total,mts_details_total,2014,8088.091
gbr,sex_m,edu_isced11_total,mts_details_total,2015,8154.293
gbr,sex_m,edu_isced11_total,mts_details_total,2016,8245.888
gbr,sex_m,edu_isced11_total,mts_details_total,2017,8372.08
gbr,sex_m,edu_isced11_total,mts_details_total,2018,8386.742
gbr,sex_m,edu_isced11_total,mts_details_total,2019,8569.206
gbr,sex_m,edu_isced11_total,mts_details_total,2020,8748.285
gbr,sex_m,edu_isced11_total,mts_details_total,2021,9019.5
gbr,sex_m,edu_isced11_total,mts_details_total,2022,8987.968
gbr,sex_m,edu_isced11_total,mts_details_total,2023,9022.332
gbr,sex_m,edu_isced11_total,mts_details_total,2024,9334.778
gbr,sex_m,edu_isced11_total,mts_details_union,2006,6.237
gbr,sex_m,edu_isced11_total,mts_details_union,2007,5.518
gbr,sex_m,edu_isced11_total,mts_details_union,2008,6.71
gbr,sex_m,edu_isced11_total,mts_details_union,2009,6.541
gbr,sex_m,edu_isced11_total,mts_details_union,2010,9.27
gbr,sex_m,edu_isced11_total,mts_details_union,2011,9.413
gbr,sex_m,edu_isced11_total,mts_details_union,2012,12.41
gbr,sex_m,edu_isced11_total,mts_details_union,2013,16.439
gbr,sex_m,edu_isced11_total,mts_details_union,2014,13.161
gbr,sex_m,edu_isced11_total,mts_details_union,2015,13.915
gbr,sex_m,edu_isced11_total,mts_details_union,2016,16.976
gbr,sex_m,edu_isced11_total,mts_details_union,2017,13.816
gbr,sex_m,edu_isced11_total,mts_details_union,2018,15.303
gbr,sex_m,edu_isced11_total,mts_details_union,2019,15.039
gbr,sex_m,edu_isced11_total,mts_details_union,2020,30.086
gbr,sex_m,edu_isced11_total,mts_details_union,2021,30.046
gbr,sex_m,edu_isced11_total,mts_details_union,2022,26.717
gbr,sex_m,edu_isced11_total,mts_details_union,2023,50.926
gbr,sex_m,edu_isced11_total,mts_details_union,2024,54.134
gbr,sex_m,edu_isced11_total,mts_details_wid,2005,677.595
gbr,sex_m,edu_isced11_total,mts_details_wid,2006,665.592
gbr,sex_m,edu_isced11_total,mts_details_wid,2007,677.616
gbr,sex_m,edu_isced11_total,mts_details_wid,2008,712.591
gbr,sex_m,edu_isced11_total,mts_details_wid,2009,670.699
gbr,sex_m,edu_isced11_total,mts_details_wid,2010,686.044
gbr,sex_m,edu_isced11_total,mts_details_wid,2011,721.283
gbr,sex_m,edu_isced11_total,mts_details_wid,2012,707.864
gbr,sex_m,edu_isced11_total,mts_details_wid,2013,692.514
gbr,sex_m,edu_isced11_total,mts_details_wid,2014,688.688
gbr,sex_m,edu_isced11_total,mts_details_wid,2015,723.65
gbr,sex_m,edu_isced11_total,mts_details_wid,2016,726.596
gbr,sex_m,edu_isced11_total,mts_details_wid,2017,716.35
gbr,sex_m,edu_isced11_total,mts_details_wid,2018,786.936
gbr,sex_m,edu_isced11_total,mts_details_wid,2019,810.318
gbr,sex_m,edu_isced11_total,mts_details_wid,2020,721.656
gbr,sex_m,edu_isced11_total,mts_details_wid,2021,648.899
gbr,sex_m,edu_isced11_total,mts_details_wid,2022,733.82
gbr,sex_m,edu_isced11_total,mts_details_wid,2023,739.781
gbr,sex_m,edu_isced11_total,mts_details_wid,2024,722.779
gbr,sex_m,edu_isced11_total,mts_details_x,2016,1.654
gbr,sex_m,edu_isced11_total,mts_details_x,2017,1.034
gbr,sex_m,edu_isced11_x,mts_aggregate_1,2005,96.948
gbr,sex_m,edu_isced11_x,mts_aggregate_1,2006,14.331
gbr,sex_m,edu_isced11_x,mts_aggregate_1,2007,16.976
gbr,sex_m,edu_isced11_x,mts_aggregate_1,2008,677.008
gbr,sex_m,edu_isced11_x,mts_aggregate_1,2009,679.808
gbr,sex_m,edu_isced11_x,mts_aggregate_1,2010,650.134
gbr,sex_m,edu_isced11_x,mts_aggregate_1,2011,614.431
gbr,sex_m,edu_isced11_x,mts_aggregate_1,2012,620.616
gbr,sex_m,edu_isced11_x,mts_aggregate_1,2013,623.316
gbr,sex_m,edu_isced11_x,mts_aggregate_1,2014,596.552
gbr,sex_m,edu_isced11_x,mts_aggregate_1,2015,638.372
gbr,sex_m,edu_isced11_x,mts_aggregate_1,2016,619.898
gbr,sex_m,edu_isced11_x,mts_aggregate_1,2017,591.818
gbr,sex_m,edu_isced11_x,mts_aggregate_1,2018,592.71
gbr,sex_m,edu_isced11_x,mts_aggregate_1,2019,625.934
gbr,sex_m,edu_isced11_x,mts_aggregate_1,2020,634.361
gbr,sex_m,edu_isced11_x,mts_aggregate_1,2021,618.718
gbr,sex_m,edu_isced11_x,mts_aggregate_2,2005,63.287
gbr,sex_m,edu_isced11_x,mts_aggregate_2,2006,7.635
gbr,sex_m,edu_isced11_x,mts_aggregate_2,2007,5.722
gbr,sex_m,edu_isced11_x,mts_aggregate_2,2008,507.005
gbr,sex_m,edu_isced11_x,mts_aggregate_2,2009,451.072
gbr,sex_m,edu_isced11_x,mts_aggregate_2,2010,429.958
gbr,sex_m,edu_isced11_x,mts_aggregate_2,2011,333.486
gbr,sex_m,edu_isced11_x,mts_aggregate_2,2012,410.917
gbr,sex_m,edu_isced11_x,mts_aggregate_2,2013,399.042
gbr,sex_m,edu_isced11_x,mts_aggregate_2,2014,365.644
gbr,sex_m,edu_isced11_x,mts_aggregate_2,2015,363.33
gbr,sex_m,edu_isced11_x,mts_aggregate_2,2016,322.799
gbr,sex_m,edu_isced11_x,mts_aggregate_2,2017,291.186
gbr,sex_m,edu_isced11_x,mts_aggregate_2,2018,258.413
gbr,sex_m,edu_isced11_x,mts_aggregate_2,2019,234.765
gbr,sex_m,edu_isced11_x,mts_aggregate_2,2020,223.961
gbr,sex_m,edu_isced11_x,mts_aggregate_2,2021,231.277
gbr,sex_m,edu_isced11_x,mts_aggregate_total,2005,160.235
gbr,sex_m,edu_isced11_x,mts_aggregate_total,2006,21.966
gbr,sex_m,edu_isced11_x,mts_aggregate_total,2007,22.697
gbr,sex_m,edu_isced11_x,mts_aggregate_total,2008,1184.014
gbr,sex_m,edu_isced11_x,mts_aggregate_total,2009,1130.88
gbr,sex_m,edu_isced11_x,mts_aggregate_total,2010,1080.093
gbr,sex_m,edu_isced11_x,mts_aggregate_total,2011,947.917
gbr,sex_m,edu_isced11_x,mts_aggregate_total,2012,1031.533
gbr,sex_m,edu_isced11_x,mts_aggregate_total,2013,1022.358
gbr,sex_m,edu_isced11_x,mts_aggregate_total,2014,962.196
gbr,sex_m,edu_isced11_x,mts_aggregate_total,2015,1001.702
gbr,sex_m,edu_isced11_x,mts_aggregate_total,2016,942.696
gbr,sex_m,edu_isced11_x,mts_aggregate_total,2017,883.004
gbr,sex_m,edu_isced11_x,mts_aggregate_total,2018,851.122
gbr,sex_m,edu_isced11_x,mts_aggregate_total,2019,860.699
gbr,sex_m,edu_isced11_x,mts_aggregate_total,2020,858.322
gbr,sex_m,edu_isced11_x,mts_aggregate_total,2021,849.995
gbr,sex_m,edu_isced11_x,mts_details_mrd,2005,63.287
gbr,sex_m,edu_isced11_x,mts_details_mrd,2006,7.635
gbr,sex_m,edu_isced11_x,mts_details_mrd,2007,5.722
gbr,sex_m,edu_isced11_x,mts_details_mrd,2008,506.365
gbr,sex_m,edu_isced11_x,mts_details_mrd,2009,450.67
gbr,sex_m,edu_isced11_x,mts_details_mrd,2010,428.694
gbr,sex_m,edu_isced11_x,mts_details_mrd,2011,333.486
gbr,sex_m,edu_isced11_x,mts_details_mrd,2012,410.917
gbr,sex_m,edu_isced11_x,mts_details_mrd,2013,396.958
gbr,sex_m,edu_isced11_x,mts_details_mrd,2014,364.571
gbr,sex_m,edu_isced11_x,mts_details_mrd,2015,363.158
gbr,sex_m,edu_isced11_x,mts_details_mrd,2016,322.585
gbr,sex_m,edu_isced11_x,mts_details_mrd,2017,291.186
gbr,sex_m,edu_isced11_x,mts_details_mrd,2018,257.959
gbr,sex_m,edu_isced11_x,mts_details_mrd,2019,234.765
gbr,sex_m,edu_isced11_x,mts_details_mrd,2020,221.607
gbr,sex_m,edu_isced11_x,mts_details_mrd,2021,231.277
gbr,sex_m,edu_isced11_x,mts_details_sep,2005,21.219
gbr,sex_m,edu_isced11_x,mts_details_sep,2006,2.299
gbr,sex_m,edu_isced11_x,mts_details_sep,2007,1.55
gbr,sex_m,edu_isced11_x,mts_details_sep,2008,148.666
gbr,sex_m,edu_isced11_x,mts_details_sep,2009,143.479
gbr,sex_m,edu_isced11_x,mts_details_sep,2010,142.693
gbr,sex_m,edu_isced11_x,mts_details_sep,2011,144.574
gbr,sex_m,edu_isced11_x,mts_details_sep,2012,152.402
gbr,sex_m,edu_isced11_x,mts_details_sep,2013,137.559
gbr,sex_m,edu_isced11_x,mts_details_sep,2014,134.385
gbr,sex_m,edu_isced11_x,mts_details_sep,2015,133.142
gbr,sex_m,edu_isced11_x,mts_details_sep,2016,126.425
gbr,sex_m,edu_isced11_x,mts_details_sep,2017,121.983
gbr,sex_m,edu_isced11_x,mts_details_sep,2018,102.292
gbr,sex_m,edu_isced11_x,mts_details_sep,2019,99.853
gbr,sex_m,edu_isced11_x,mts_details_sep,2020,91.631
gbr,sex_m,edu_isced11_x,mts_details_sep,2021,86.673
gbr,sex_m,edu_isced11_x,mts_details_sgle,2005,72.951
gbr,sex_m,edu_isced11_x,mts_details_sgle,2006,11.785
gbr,sex_m,edu_isced11_x,mts_details_sgle,2007,15.059
gbr,sex_m,edu_isced11_x,mts_details_sgle,2008,486.583
gbr,sex_m,edu_isced11_x,mts_details_sgle,2009,496.554
gbr,sex_m,edu_isced11_x,mts_details_sgle,2010,460.731
gbr,sex_m,edu_isced11_x,mts_details_sgle,2011,441.786
gbr,sex_m,edu_isced11_x,mts_details_sgle,2012,429.698
gbr,sex_m,edu_isced11_x,mts_details_sgle,2013,448.866
gbr,sex_m,edu_isced11_x,mts_details_sgle,2014,426.568
gbr,sex_m,edu_isced11_x,mts_details_sgle,2015,475.591
gbr,sex_m,edu_isced11_x,mts_details_sgle,2016,467.209
gbr,sex_m,edu_isced11_x,mts_details_sgle,2017,440.08
gbr,sex_m,edu_isced11_x,mts_details_sgle,2018,462.25
gbr,sex_m,edu_isced11_x,mts_details_sgle,2019,496.45
gbr,sex_m,edu_isced11_x,mts_details_sgle,2020,521.771
gbr,sex_m,edu_isced11_x,mts_details_sgle,2021,513.063
gbr,sex_m,edu_isced11_x,mts_details_total,2005,160.235
gbr,sex_m,edu_isced11_x,mts_details_total,2006,21.966
gbr,sex_m,edu_isced11_x,mts_details_total,2007,22.697
gbr,sex_m,edu_isced11_x,mts_details_total,2008,1184.014
gbr,sex_m,edu_isced11_x,mts_details_total,2009,1130.88
gbr,sex_m,edu_isced11_x,mts_details_total,2010,1080.093
gbr,sex_m,edu_isced11_x,mts_details_total,2011,947.917
gbr,sex_m,edu_isced11_x,mts_details_total,2012,1031.533
gbr,sex_m,edu_isced11_x,mts_details_total,2013,1022.358
gbr,sex_m,edu_isced11_x,mts_details_total,2014,962.196
gbr,sex_m,edu_isced11_x,mts_details_total,2015,1001.702
gbr,sex_m,edu_isced11_x,mts_details_total,2016,942.696
gbr,sex_m,edu_isced11_x,mts_details_total,2017,883.004
gbr,sex_m,edu_isced11_x,mts_details_total,2018,851.122
gbr,sex_m,edu_isced11_x,mts_details_total,2019,860.699
gbr,sex_m,edu_isced11_x,mts_details_total,2020,858.322
gbr,sex_m,edu_isced11_x,mts_details_total,2021,849.995
gbr,sex_m,edu_isced11_x,mts_details_union,2010,1.264
gbr,sex_m,edu_isced11_x,mts_details_union,2013,2.083
gbr,sex_m,edu_isced11_x,mts_details_union,2014,1.073
gbr,sex_m,edu_isced11_x,mts_details_union,2020,2.353
gbr,sex_m,edu_isced11_x,mts_details_wid,2005,2.779
gbr,sex_m,edu_isced11_x,mts_details_wid,2008,41.76
gbr,sex_m,edu_isced11_x,mts_details_wid,2009,39.775
gbr,sex_m,edu_isced11_x,mts_details_wid,2010,46.71
gbr,sex_m,edu_isced11_x,mts_details_wid,2011,28.072
gbr,sex_m,edu_isced11_x,mts_details_wid,2012,38.516
gbr,sex_m,edu_isced11_x,mts_details_wid,2013,36.891
gbr,sex_m,edu_isced11_x,mts_details_wid,2014,35.598
gbr,sex_m,edu_isced11_x,mts_details_wid,2015,29.64
gbr,sex_m,edu_isced11_x,mts_details_wid,2016,26.263
gbr,sex_m,edu_isced11_x,mts_details_wid,2017,29.754
gbr,sex_m,edu_isced11_x,mts_details_wid,2018,28.168
gbr,sex_m,edu_isced11_x,mts_details_wid,2019,29.631
gbr,sex_m,edu_isced11_x,mts_details_wid,2020,20.959
gbr,sex_m,edu_isced11_x,mts_details_wid,2021,18.982
gbr,sex_m,edu_isced97_0,mts_aggregate_1,2001,13.551
gbr,sex_m,edu_isced97_0,mts_aggregate_1,2002,18.048
gbr,sex_m,edu_isced97_0,mts_aggregate_1,2003,17.519
gbr,sex_m,edu_isced97_0,mts_aggregate_1,2004,14.59
gbr,sex_m,edu_isced97_0,mts_aggregate_2,2001,6.023
gbr,sex_m,edu_isced97_0,mts_aggregate_2,2002,5.63
gbr,sex_m,edu_isced97_0,mts_aggregate_2,2003,7.366
gbr,sex_m,edu_isced97_0,mts_aggregate_2,2004,6.998
gbr,sex_m,edu_isced97_0,mts_aggregate_total,2001,19.574
gbr,sex_m,edu_isced97_0,mts_aggregate_total,2002,23.678
gbr,sex_m,edu_isced97_0,mts_aggregate_total,2003,24.885
gbr,sex_m,edu_isced97_0,mts_aggregate_total,2004,21.588
gbr,sex_m,edu_isced97_2,mts_aggregate_1,1999,536.494
gbr,sex_m,edu_isced97_2,mts_aggregate_1,2000,515.511
gbr,sex_m,edu_isced97_2,mts_aggregate_1,2001,561.722
gbr,sex_m,edu_isced97_2,mts_aggregate_1,2002,591.137
gbr,sex_m,edu_isced97_2,mts_aggregate_1,2003,540.824
gbr,sex_m,edu_isced97_2,mts_aggregate_1,2004,616.677
gbr,sex_m,edu_isced97_2,mts_aggregate_2,1999,430.956
gbr,sex_m,edu_isced97_2,mts_aggregate_2,2000,402.879
gbr,sex_m,edu_isced97_2,mts_aggregate_2,2001,391.296
gbr,sex_m,edu_isced97_2,mts_aggregate_2,2002,392.249
gbr,sex_m,edu_isced97_2,mts_aggregate_2,2003,359.039
gbr,sex_m,edu_isced97_2,mts_aggregate_2,2004,358.583
gbr,sex_m,edu_isced97_2,mts_aggregate_total,1999,967.45
gbr,sex_m,edu_isced97_2,mts_aggregate_total,2000,918.39
gbr,sex_m,edu_isced97_2,mts_aggregate_total,2001,953.018
gbr,sex_m,edu_isced97_2,mts_aggregate_total,2002,983.386
gbr,sex_m,edu_isced97_2,mts_aggregate_total,2003,899.863
gbr,sex_m,edu_isced97_2,mts_aggregate_total,2004,975.26
gbr,sex_m,edu_isced97_3,mts_aggregate_1,1999,810.631
gbr,sex_m,edu_isced97_3,mts_aggregate_1,2000,823.888
gbr,sex_m,edu_isced97_3,mts_aggregate_1,2001,919.821
gbr,sex_m,edu_isced97_3,mts_aggregate_1,2002,915.771
gbr,sex_m,edu_isced97_3,mts_aggregate_1,2003,1011.7
gbr,sex_m,edu_isced97_3,mts_aggregate_1,2004,1142.139
gbr,sex_m,edu_isced97_3,mts_aggregate_2,1999,472.539
gbr,sex_m,edu_isced97_3,mts_aggregate_2,2000,491.792
gbr,sex_m,edu_isced97_3,mts_aggregate_2,2001,500.303
gbr,sex_m,edu_isced97_3,mts_aggregate_2,2002,505.139
gbr,sex_m,edu_isced97_3,mts_aggregate_2,2003,456.602
gbr,sex_m,edu_isced97_3,mts_aggregate_2,2004,595.684
gbr,sex_m,edu_isced97_3,mts_aggregate_total,1999,1283.17
gbr,sex_m,edu_isced97_3,mts_aggregate_total,2000,1315.68
gbr,sex_m,edu_isced97_3,mts_aggregate_total,2001,1420.124
gbr,sex_m,edu_isced97_3,mts_aggregate_total,2002,1420.91
gbr,sex_m,edu_isced97_3,mts_aggregate_total,2003,1468.302
gbr,sex_m,edu_isced97_3,mts_aggregate_total,2004,1737.823
gbr,sex_m,edu_isced97_5,mts_aggregate_1,1999,147.896
gbr,sex_m,edu_isced97_5,mts_aggregate_1,2000,138.346
gbr,sex_m,edu_isced97_5,mts_aggregate_1,2001,156.823
gbr,sex_m,edu_isced97_5,mts_aggregate_1,2002,171.666
gbr,sex_m,edu_isced97_5,mts_aggregate_1,2003,174.341
gbr,sex_m,edu_isced97_5,mts_aggregate_1,2004,191.009
gbr,sex_m,edu_isced97_5,mts_aggregate_2,1999,191.727
gbr,sex_m,edu_isced97_5,mts_aggregate_2,2000,202.647
gbr,sex_m,edu_isced97_5,mts_aggregate_2,2001,185.883
gbr,sex_m,edu_isced97_5,mts_aggregate_2,2002,197.641
gbr,sex_m,edu_isced97_5,mts_aggregate_2,2003,197.916
gbr,sex_m,edu_isced97_5,mts_aggregate_2,2004,220.93
gbr,sex_m,edu_isced97_5,mts_aggregate_total,1999,339.623
gbr,sex_m,edu_isced97_5,mts_aggregate_total,2000,340.993
gbr,sex_m,edu_isced97_5,mts_aggregate_total,2001,342.706
gbr,sex_m,edu_isced97_5,mts_aggregate_total,2002,369.307
gbr,sex_m,edu_isced97_5,mts_aggregate_total,2003,372.257
gbr,sex_m,edu_isced97_5,mts_aggregate_total,2004,411.939
gbr,sex_m,edu_isced97_6,mts_aggregate_1,1999,3.576
gbr,sex_m,edu_isced97_6,mts_aggregate_1,2000,1.981
gbr,sex_m,edu_isced97_6,mts_aggregate_1,2002,3.014
gbr,sex_m,edu_isced97_6,mts_aggregate_1,2003,2.857
gbr,sex_m,edu_isced97_6,mts_aggregate_1,2004,4.417
gbr,sex_m,edu_isced97_6,mts_aggregate_2,1999,6.298
gbr,sex_m,edu_isced97_6,mts_aggregate_2,2000,10.989
gbr,sex_m,edu_isced97_6,mts_aggregate_2,2001,4.923
gbr,sex_m,edu_isced97_6,mts_aggregate_2,2002,7.12
gbr,sex_m,edu_isced97_6,mts_aggregate_2,2003,7.084
gbr,sex_m,edu_isced97_6,mts_aggregate_2,2004,7.886
gbr,sex_m,edu_isced97_6,mts_aggregate_total,1999,9.874
gbr,sex_m,edu_isced97_6,mts_aggregate_total,2000,12.97
gbr,sex_m,edu_isced97_6,mts_aggregate_total,2001,6.227
gbr,sex_m,edu_isced97_6,mts_aggregate_total,2002,10.134
gbr,sex_m,edu_isced97_6,mts_aggregate_total,2003,9.941
gbr,sex_m,edu_isced97_6,mts_aggregate_total,2004,12.303
gbr,sex_m,edu_isced97_total,mts_aggregate_1,1999,3033.302
gbr,sex_m,edu_isced97_total,mts_aggregate_1,2000,3007.76
gbr,sex_m,edu_isced97_total,mts_aggregate_1,2001,3189.991
gbr,sex_m,edu_isced97_total,mts_aggregate_1,2002,3284.374
gbr,sex_m,edu_isced97_total,mts_aggregate_1,2003,3380.475
gbr,sex_m,edu_isced97_total,mts_aggregate_1,2004,3478.766
gbr,sex_m,edu_isced97_total,mts_aggregate_2,1999,3705.963
gbr,sex_m,edu_isced97_total,mts_aggregate_2,2000,3761.843
gbr,sex_m,edu_isced97_total,mts_aggregate_2,2001,3775.611
gbr,sex_m,edu_isced97_total,mts_aggregate_2,2002,3775.289
gbr,sex_m,edu_isced97_total,mts_aggregate_2,2003,3676.62
gbr,sex_m,edu_isced97_total,mts_aggregate_2,2004,3724.945
gbr,sex_m,edu_isced97_total,mts_aggregate_total,1999,6739.265
gbr,sex_m,edu_isced97_total,mts_aggregate_total,2000,6769.603
gbr,sex_m,edu_isced97_total,mts_aggregate_total,2001,6965.602
gbr,sex_m,edu_isced97_total,mts_aggregate_total,2002,7059.663
gbr,sex_m,edu_isced97_total,mts_aggregate_total,2003,7057.095
gbr,sex_m,edu_isced97_total,mts_aggregate_total,2004,7203.711
gbr,sex_m,edu_isced97_unk,mts_aggregate_1,1999,1534.705
gbr,sex_m,edu_isced97_unk,mts_aggregate_1,2000,1528.034
gbr,sex_m,edu_isced97_unk,mts_aggregate_1,2001,1536.77
gbr,sex_m,edu_isced97_unk,mts_aggregate_1,2002,1584.738
gbr,sex_m,edu_isced97_unk,mts_aggregate_1,2003,1633.234
gbr,sex_m,edu_isced97_unk,mts_aggregate_1,2004,1508.961
gbr,sex_m,edu_isced97_unk,mts_aggregate_2,1999,2604.443
gbr,sex_m,edu_isced97_unk,mts_aggregate_2,2000,2653.536
gbr,sex_m,edu_isced97_unk,mts_aggregate_2,2001,2687.183
gbr,sex_m,edu_isced97_unk,mts_aggregate_2,2002,2667.51
gbr,sex_m,edu_isced97_unk,mts_aggregate_2,2003,2648.613
gbr,sex_m,edu_isced97_unk,mts_aggregate_2,2004,2533.62
gbr,sex_m,edu_isced97_unk,mts_aggregate_total,1999,4139.148
gbr,sex_m,edu_isced97_unk,mts_aggregate_total,2000,4181.57
gbr,sex_m,edu_isced97_unk,mts_aggregate_total,2001,4223.953
gbr,sex_m,edu_isced97_unk,mts_aggregate_total,2002,4252.248
gbr,sex_m,edu_isced97_unk,mts_aggregate_total,2003,4281.847
gbr,sex_m,edu_isced97_unk,mts_aggregate_total,2004,4042.581
gbr,sex_t,edu_aggregate_adv,mts_aggregate_1,1999,324.123
gbr,sex_t,edu_aggregate_adv,mts_aggregate_1,2000,324.783
gbr,sex_t,edu_aggregate_adv,mts_aggregate_1,2001,353.148
gbr,sex_t,edu_aggregate_adv,mts_aggregate_1,2002,372.669
gbr,sex_t,edu_aggregate_adv,mts_aggregate_1,2003,388.26
gbr,sex_t,edu_aggregate_adv,mts_aggregate_1,2004,421.108
gbr,sex_t,edu_aggregate_adv,mts_aggregate_1,2005,61.214
gbr,sex_t,edu_aggregate_adv,mts_aggregate_1,2006,366.035
gbr,sex_t,edu_aggregate_adv,mts_aggregate_1,2007,396.522
gbr,sex_t,edu_aggregate_adv,mts_aggregate_1,2008,542.037
gbr,sex_t,edu_aggregate_adv,mts_aggregate_1,2009,594.012
gbr,sex_t,edu_aggregate_adv,mts_aggregate_1,2010,666.097
gbr,sex_t,edu_aggregate_adv,mts_aggregate_1,2011,654.97
gbr,sex_t,edu_aggregate_adv,mts_aggregate_1,2012,748.612
gbr,sex_t,edu_aggregate_adv,mts_aggregate_1,2013,766.204
gbr,sex_t,edu_aggregate_adv,mts_aggregate_1,2014,781.367
gbr,sex_t,edu_aggregate_adv,mts_aggregate_1,2015,822.226
gbr,sex_t,edu_aggregate_adv,mts_aggregate_1,2016,868.635
gbr,sex_t,edu_aggregate_adv,mts_aggregate_1,2017,870.886
gbr,sex_t,edu_aggregate_adv,mts_aggregate_1,2018,894.04
gbr,sex_t,edu_aggregate_adv,mts_aggregate_1,2019,897.294
gbr,sex_t,edu_aggregate_adv,mts_aggregate_1,2020,917.242
gbr,sex_t,edu_aggregate_adv,mts_aggregate_1,2021,951.249
gbr,sex_t,edu_aggregate_adv,mts_aggregate_1,2022,1148.13
gbr,sex_t,edu_aggregate_adv,mts_aggregate_1,2023,1301.074
gbr,sex_t,edu_aggregate_adv,mts_aggregate_1,2024,1249.179
gbr,sex_t,edu_aggregate_adv,mts_aggregate_2,1999,497.648
gbr,sex_t,edu_aggregate_adv,mts_aggregate_2,2000,543.344
gbr,sex_t,edu_aggregate_adv,mts_aggregate_2,2001,528.782
gbr,sex_t,edu_aggregate_adv,mts_aggregate_2,2002,537.158
gbr,sex_t,edu_aggregate_adv,mts_aggregate_2,2003,559.863
gbr,sex_t,edu_aggregate_adv,mts_aggregate_2,2004,594.829
gbr,sex_t,edu_aggregate_adv,mts_aggregate_2,2005,83.53
gbr,sex_t,edu_aggregate_adv,mts_aggregate_2,2006,521.37
gbr,sex_t,edu_aggregate_adv,mts_aggregate_2,2007,555.795
gbr,sex_t,edu_aggregate_adv,mts_aggregate_2,2008,947.813
gbr,sex_t,edu_aggregate_adv,mts_aggregate_2,2009,995.061
gbr,sex_t,edu_aggregate_adv,mts_aggregate_2,2010,1029.197
gbr,sex_t,edu_aggregate_adv,mts_aggregate_2,2011,1057.944
gbr,sex_t,edu_aggregate_adv,mts_aggregate_2,2012,1277.595
gbr,sex_t,edu_aggregate_adv,mts_aggregate_2,2013,1303.055
gbr,sex_t,edu_aggregate_adv,mts_aggregate_2,2014,1359.942
gbr,sex_t,edu_aggregate_adv,mts_aggregate_2,2015,1311.485
gbr,sex_t,edu_aggregate_adv,mts_aggregate_2,2016,1325.757
gbr,sex_t,edu_aggregate_adv,mts_aggregate_2,2017,1397.58
gbr,sex_t,edu_aggregate_adv,mts_aggregate_2,2018,1395.704
gbr,sex_t,edu_aggregate_adv,mts_aggregate_2,2019,1416.45
gbr,sex_t,edu_aggregate_adv,mts_aggregate_2,2020,1451.247
gbr,sex_t,edu_aggregate_adv,mts_aggregate_2,2021,1427.998
gbr,sex_t,edu_aggregate_adv,mts_aggregate_2,2022,1630.448
gbr,sex_t,edu_aggregate_adv,mts_aggregate_2,2023,1605.256
gbr,sex_t,edu_aggregate_adv,mts_aggregate_2,2024,1679.04
gbr,sex_t,edu_aggregate_adv,mts_aggregate_total,1999,821.771
gbr,sex_t,edu_aggregate_adv,mts_aggregate_total,2000,868.127
gbr,sex_t,edu_aggregate_adv,mts_aggregate_total,2001,881.93
gbr,sex_t,edu_aggregate_adv,mts_aggregate_total,2002,909.827
gbr,sex_t,edu_aggregate_adv,mts_aggregate_total,2003,948.123
gbr,sex_t,edu_aggregate_adv,mts_aggregate_total,2004,1015.937
gbr,sex_t,edu_aggregate_adv,mts_aggregate_total,2005,144.744
gbr,sex_t,edu_aggregate_adv,mts_aggregate_total,2006,887.406
gbr,sex_t,edu_aggregate_adv,mts_aggregate_total,2007,952.317
gbr,sex_t,edu_aggregate_adv,mts_aggregate_total,2008,1489.85
gbr,sex_t,edu_aggregate_adv,mts_aggregate_total,2009,1589.073
gbr,sex_t,edu_aggregate_adv,mts_aggregate_total,2010,1695.294
gbr,sex_t,edu_aggregate_adv,mts_aggregate_total,2011,1712.914
gbr,sex_t,edu_aggregate_adv,mts_aggregate_total,2012,2026.206
gbr,sex_t,edu_aggregate_adv,mts_aggregate_total,2013,2069.258
gbr,sex_t,edu_aggregate_adv,mts_aggregate_total,2014,2141.309
gbr,sex_t,edu_aggregate_adv,mts_aggregate_total,2015,2133.711
gbr,sex_t,edu_aggregate_adv,mts_aggregate_total,2016,2194.392
gbr,sex_t,edu_aggregate_adv,mts_aggregate_total,2017,2268.466
gbr,sex_t,edu_aggregate_adv,mts_aggregate_total,2018,2289.744
gbr,sex_t,edu_aggregate_adv,mts_aggregate_total,2019,2313.744
gbr,sex_t,edu_aggregate_adv,mts_aggregate_total,2020,2368.489
gbr,sex_t,edu_aggregate_adv,mts_aggregate_total,2021,2379.247
gbr,sex_t,edu_aggregate_adv,mts_aggregate_total,2022,2778.578
gbr,sex_t,edu_aggregate_adv,mts_aggregate_total,2023,2906.33
gbr,sex_t,edu_aggregate_adv,mts_aggregate_total,2024,2928.545
gbr,sex_t,edu_aggregate_adv,mts_details_mrd,2005,83.53
gbr,sex_t,edu_aggregate_adv,mts_details_mrd,2006,518.898
gbr,sex_t,edu_aggregate_adv,mts_details_mrd,2007,553.74
gbr,sex_t,edu_aggregate_adv,mts_details_mrd,2008,944.746
gbr,sex_t,edu_aggregate_adv,mts_details_mrd,2009,988.438
gbr,sex_t,edu_aggregate_adv,mts_details_mrd,2010,1023.815
gbr,sex_t,edu_aggregate_adv,mts_details_mrd,2011,1050.675
gbr,sex_t,edu_aggregate_adv,mts_details_mrd,2012,1269.902
gbr,sex_t,edu_aggregate_adv,mts_details_mrd,2013,1295.213
gbr,sex_t,edu_aggregate_adv,mts_details_mrd,2014,1355.245
gbr,sex_t,edu_aggregate_adv,mts_details_mrd,2015,1304.549
gbr,sex_t,edu_aggregate_adv,mts_details_mrd,2016,1321.004
gbr,sex_t,edu_aggregate_adv,mts_details_mrd,2017,1388.699
gbr,sex_t,edu_aggregate_adv,mts_details_mrd,2018,1383.889
gbr,sex_t,edu_aggregate_adv,mts_details_mrd,2019,1408.666
gbr,sex_t,edu_aggregate_adv,mts_details_mrd,2020,1435.049
gbr,sex_t,edu_aggregate_adv,mts_details_mrd,2021,1413.359
gbr,sex_t,edu_aggregate_adv,mts_details_mrd,2022,1609.278
gbr,sex_t,edu_aggregate_adv,mts_details_mrd,2023,1583.48
gbr,sex_t,edu_aggregate_adv,mts_details_mrd,2024,1648.424
gbr,sex_t,edu_aggregate_adv,mts_details_sep,2005,14.531
gbr,sex_t,edu_aggregate_adv,mts_details_sep,2006,80.799
gbr,sex_t,edu_aggregate_adv,mts_details_sep,2007,92.336
gbr,sex_t,edu_aggregate_adv,mts_details_sep,2008,141.809
gbr,sex_t,edu_aggregate_adv,mts_details_sep,2009,163.286
gbr,sex_t,edu_aggregate_adv,mts_details_sep,2010,179.116
gbr,sex_t,edu_aggregate_adv,mts_details_sep,2011,174.139
gbr,sex_t,edu_aggregate_adv,mts_details_sep,2012,220.512
gbr,sex_t,edu_aggregate_adv,mts_details_sep,2013,202.154
gbr,sex_t,edu_aggregate_adv,mts_details_sep,2014,226.183
gbr,sex_t,edu_aggregate_adv,mts_details_sep,2015,229.798
gbr,sex_t,edu_aggregate_adv,mts_details_sep,2016,240.469
gbr,sex_t,edu_aggregate_adv,mts_details_sep,2017,234.847
gbr,sex_t,edu_aggregate_adv,mts_details_sep,2018,235.184
gbr,sex_t,edu_aggregate_adv,mts_details_sep,2019,248.21
gbr,sex_t,edu_aggregate_adv,mts_details_sep,2020,234.995
gbr,sex_t,edu_aggregate_adv,mts_details_sep,2021,233.387
gbr,sex_t,edu_aggregate_adv,mts_details_sep,2022,318.552
gbr,sex_t,edu_aggregate_adv,mts_details_sep,2023,328.259
gbr,sex_t,edu_aggregate_adv,mts_details_sep,2024,319.826
gbr,sex_t,edu_aggregate_adv,mts_details_sgle,2005,44.092
gbr,sex_t,edu_aggregate_adv,mts_details_sgle,2006,268.556
gbr,sex_t,edu_aggregate_adv,mts_details_sgle,2007,287.217
gbr,sex_t,edu_aggregate_adv,mts_details_sgle,2008,335.942
gbr,sex_t,edu_aggregate_adv,mts_details_sgle,2009,366.982
gbr,sex_t,edu_aggregate_adv,mts_details_sgle,2010,416.674
gbr,sex_t,edu_aggregate_adv,mts_details_sgle,2011,427.206
gbr,sex_t,edu_aggregate_adv,mts_details_sgle,2012,451.827
gbr,sex_t,edu_aggregate_adv,mts_details_sgle,2013,481.259
gbr,sex_t,edu_aggregate_adv,mts_details_sgle,2014,476.211
gbr,sex_t,edu_aggregate_adv,mts_details_sgle,2015,511.418
gbr,sex_t,edu_aggregate_adv,mts_details_sgle,2016,540.555
gbr,sex_t,edu_aggregate_adv,mts_details_sgle,2017,548.661
gbr,sex_t,edu_aggregate_adv,mts_details_sgle,2018,569.822
gbr,sex_t,edu_aggregate_adv,mts_details_sgle,2019,569.414
gbr,sex_t,edu_aggregate_adv,mts_details_sgle,2020,604.122
gbr,sex_t,edu_aggregate_adv,mts_details_sgle,2021,629.404
gbr,sex_t,edu_aggregate_adv,mts_details_sgle,2022,731.956
gbr,sex_t,edu_aggregate_adv,mts_details_sgle,2023,867.655
gbr,sex_t,edu_aggregate_adv,mts_details_sgle,2024,834.854
gbr,sex_t,edu_aggregate_adv,mts_details_total,2005,144.744
gbr,sex_t,edu_aggregate_adv,mts_details_total,2006,887.406
gbr,sex_t,edu_aggregate_adv,mts_details_total,2007,952.317
gbr,sex_t,edu_aggregate_adv,mts_details_total,2008,1489.85
gbr,sex_t,edu_aggregate_adv,mts_details_total,2009,1589.073
gbr,sex_t,edu_aggregate_adv,mts_details_total,2010,1695.294
gbr,sex_t,edu_aggregate_adv,mts_details_total,2011,1712.914
gbr,sex_t,edu_aggregate_adv,mts_details_total,2012,2026.206
gbr,sex_t,edu_aggregate_adv,mts_details_total,2013,2069.258
gbr,sex_t,edu_aggregate_adv,mts_details_total,2014,2141.309
gbr,sex_t,edu_aggregate_adv,mts_details_total,2015,2133.711
gbr,sex_t,edu_aggregate_adv,mts_details_total,2016,2194.392
gbr,sex_t,edu_aggregate_adv,mts_details_total,2017,2268.466
gbr,sex_t,edu_aggregate_adv,mts_details_total,2018,2289.744
gbr,sex_t,edu_aggregate_adv,mts_details_total,2019,2313.744
gbr,sex_t,edu_aggregate_adv,mts_details_total,2020,2368.489
gbr,sex_t,edu_aggregate_adv,mts_details_total,2021,2379.247
gbr,sex_t,edu_aggregate_adv,mts_details_total,2022,2778.578
gbr,sex_t,edu_aggregate_adv,mts_details_total,2023,2906.33
gbr,sex_t,edu_aggregate_adv,mts_details_total,2024,2928.545
gbr,sex_t,edu_aggregate_adv,mts_details_union,2006,2.472
gbr,sex_t,edu_aggregate_adv,mts_details_union,2007,2.055
gbr,sex_t,edu_aggregate_adv,mts_details_union,2008,3.068
gbr,sex_t,edu_aggregate_adv,mts_details_union,2009,6.624
gbr,sex_t,edu_aggregate_adv,mts_details_union,2010,5.382
gbr,sex_t,edu_aggregate_adv,mts_details_union,2011,7.27
gbr,sex_t,edu_aggregate_adv,mts_details_union,2012,7.692
gbr,sex_t,edu_aggregate_adv,mts_details_union,2013,7.842
gbr,sex_t,edu_aggregate_adv,mts_details_union,2014,4.697
gbr,sex_t,edu_aggregate_adv,mts_details_union,2015,6.936
gbr,sex_t,edu_aggregate_adv,mts_details_union,2016,4.753
gbr,sex_t,edu_aggregate_adv,mts_details_union,2017,8.881
gbr,sex_t,edu_aggregate_adv,mts_details_union,2018,11.815
gbr,sex_t,edu_aggregate_adv,mts_details_union,2019,7.784
gbr,sex_t,edu_aggregate_adv,mts_details_union,2020,16.198
gbr,sex_t,edu_aggregate_adv,mts_details_union,2021,14.639
gbr,sex_t,edu_aggregate_adv,mts_details_union,2022,21.17
gbr,sex_t,edu_aggregate_adv,mts_details_union,2023,21.776
gbr,sex_t,edu_aggregate_adv,mts_details_union,2024,30.616
gbr,sex_t,edu_aggregate_adv,mts_details_wid,2005,2.591
gbr,sex_t,edu_aggregate_adv,mts_details_wid,2006,16.68
gbr,sex_t,edu_aggregate_adv,mts_details_wid,2007,16.968
gbr,sex_t,edu_aggregate_adv,mts_details_wid,2008,64.286
gbr,sex_t,edu_aggregate_adv,mts_details_wid,2009,63.744
gbr,sex_t,edu_aggregate_adv,mts_details_wid,2010,70.308
gbr,sex_t,edu_aggregate_adv,mts_details_wid,2011,53.625
gbr,sex_t,edu_aggregate_adv,mts_details_wid,2012,76.273
gbr,sex_t,edu_aggregate_adv,mts_details_wid,2013,82.79
gbr,sex_t,edu_aggregate_adv,mts_details_wid,2014,78.973
gbr,sex_t,edu_aggregate_adv,mts_details_wid,2015,81.01
gbr,sex_t,edu_aggregate_adv,mts_details_wid,2016,87.61
gbr,sex_t,edu_aggregate_adv,mts_details_wid,2017,87.379
gbr,sex_t,edu_aggregate_adv,mts_details_wid,2018,89.034
gbr,sex_t,edu_aggregate_adv,mts_details_wid,2019,79.669
gbr,sex_t,edu_aggregate_adv,mts_details_wid,2020,78.124
gbr,sex_t,edu_aggregate_adv,mts_details_wid,2021,88.458
gbr,sex_t,edu_aggregate_adv,mts_details_wid,2022,97.622
gbr,sex_t,edu_aggregate_adv,mts_details_wid,2023,105.16
gbr,sex_t,edu_aggregate_adv,mts_details_wid,2024,94.498
gbr,sex_t,edu_aggregate_bas,mts_aggregate_1,1999,1355.304
gbr,sex_t,edu_aggregate_bas,mts_aggregate_1,2000,1309.753
gbr,sex_t,edu_aggregate_bas,mts_aggregate_1,2001,1375.956
gbr,sex_t,edu_aggregate_bas,mts_aggregate_1,2002,1386.319
gbr,sex_t,edu_aggregate_bas,mts_aggregate_1,2003,1355.866
gbr,sex_t,edu_aggregate_bas,mts_aggregate_1,2004,1453.206
gbr,sex_t,edu_aggregate_bas,mts_aggregate_1,2005,202.824
gbr,sex_t,edu_aggregate_bas,mts_aggregate_1,2006,1504.543
gbr,sex_t,edu_aggregate_bas,mts_aggregate_1,2007,1583.151
gbr,sex_t,edu_aggregate_bas,mts_aggregate_1,2008,1539.496
gbr,sex_t,edu_aggregate_bas,mts_aggregate_1,2009,1639.816
gbr,sex_t,edu_aggregate_bas,mts_aggregate_1,2010,1746.695
gbr,sex_t,edu_aggregate_bas,mts_aggregate_1,2011,1653.381
gbr,sex_t,edu_aggregate_bas,mts_aggregate_1,2012,1649.39
gbr,sex_t,edu_aggregate_bas,mts_aggregate_1,2013,1690.061
gbr,sex_t,edu_aggregate_bas,mts_aggregate_1,2014,1700.05
gbr,sex_t,edu_aggregate_bas,mts_aggregate_1,2015,1661.395
gbr,sex_t,edu_aggregate_bas,mts_aggregate_1,2016,1659.433
gbr,sex_t,edu_aggregate_bas,mts_aggregate_1,2017,1673.406
gbr,sex_t,edu_aggregate_bas,mts_aggregate_1,2018,1678.698
gbr,sex_t,edu_aggregate_bas,mts_aggregate_1,2019,1697.755
gbr,sex_t,edu_aggregate_bas,mts_aggregate_1,2020,1794.929
gbr,sex_t,edu_aggregate_bas,mts_aggregate_1,2021,1957.242
gbr,sex_t,edu_aggregate_bas,mts_aggregate_1,2022,2171.663
gbr,sex_t,edu_aggregate_bas,mts_aggregate_1,2023,2325.465
gbr,sex_t,edu_aggregate_bas,mts_aggregate_1,2024,2591.148
gbr,sex_t,edu_aggregate_bas,mts_aggregate_2,1999,1308.515
gbr,sex_t,edu_aggregate_bas,mts_aggregate_2,2000,1252.198
gbr,sex_t,edu_aggregate_bas,mts_aggregate_2,2001,1181.752
gbr,sex_t,edu_aggregate_bas,mts_aggregate_2,2002,1138.657
gbr,sex_t,edu_aggregate_bas,mts_aggregate_2,2003,1060.867
gbr,sex_t,edu_aggregate_bas,mts_aggregate_2,2004,1030.17
gbr,sex_t,edu_aggregate_bas,mts_aggregate_2,2005,120.2
gbr,sex_t,edu_aggregate_bas,mts_aggregate_2,2006,1085.998
gbr,sex_t,edu_aggregate_bas,mts_aggregate_2,2007,1048.155
gbr,sex_t,edu_aggregate_bas,mts_aggregate_2,2008,1031.303
gbr,sex_t,edu_aggregate_bas,mts_aggregate_2,2009,1107.986
gbr,sex_t,edu_aggregate_bas,mts_aggregate_2,2010,1129.417
gbr,sex_t,edu_aggregate_bas,mts_aggregate_2,2011,972.093
gbr,sex_t,edu_aggregate_bas,mts_aggregate_2,2012,1108.172
gbr,sex_t,edu_aggregate_bas,mts_aggregate_2,2013,1075.359
gbr,sex_t,edu_aggregate_bas,mts_aggregate_2,2014,1081.428
gbr,sex_t,edu_aggregate_bas,mts_aggregate_2,2015,1025.789
gbr,sex_t,edu_aggregate_bas,mts_aggregate_2,2016,1046.944
gbr,sex_t,edu_aggregate_bas,mts_aggregate_2,2017,1004.681
gbr,sex_t,edu_aggregate_bas,mts_aggregate_2,2018,991.253
gbr,sex_t,edu_aggregate_bas,mts_aggregate_2,2019,957.609
gbr,sex_t,edu_aggregate_bas,mts_aggregate_2,2020,937.961
gbr,sex_t,edu_aggregate_bas,mts_aggregate_2,2021,959.962
gbr,sex_t,edu_aggregate_bas,mts_aggregate_2,2022,1173.74
gbr,sex_t,edu_aggregate_bas,mts_aggregate_2,2023,1178.066
gbr,sex_t,edu_aggregate_bas,mts_aggregate_2,2024,1088.562
gbr,sex_t,edu_aggregate_bas,mts_aggregate_total,1999,2663.819
gbr,sex_t,edu_aggregate_bas,mts_aggregate_total,2000,2561.951
gbr,sex_t,edu_aggregate_bas,mts_aggregate_total,2001,2557.708
gbr,sex_t,edu_aggregate_bas,mts_aggregate_total,2002,2524.976
gbr,sex_t,edu_aggregate_bas,mts_aggregate_total,2003,2416.733
gbr,sex_t,edu_aggregate_bas,mts_aggregate_total,2004,2483.376
gbr,sex_t,edu_aggregate_bas,mts_aggregate_total,2005,323.025
gbr,sex_t,edu_aggregate_bas,mts_aggregate_total,2006,2590.541
gbr,sex_t,edu_aggregate_bas,mts_aggregate_total,2007,2631.305
gbr,sex_t,edu_aggregate_bas,mts_aggregate_total,2008,2570.799
gbr,sex_t,edu_aggregate_bas,mts_aggregate_total,2009,2747.802
gbr,sex_t,edu_aggregate_bas,mts_aggregate_total,2010,2876.112
gbr,sex_t,edu_aggregate_bas,mts_aggregate_total,2011,2625.474
gbr,sex_t,edu_aggregate_bas,mts_aggregate_total,2012,2757.562
gbr,sex_t,edu_aggregate_bas,mts_aggregate_total,2013,2765.419
gbr,sex_t,edu_aggregate_bas,mts_aggregate_total,2014,2781.478
gbr,sex_t,edu_aggregate_bas,mts_aggregate_total,2015,2687.184
gbr,sex_t,edu_aggregate_bas,mts_aggregate_total,2016,2706.377
gbr,sex_t,edu_aggregate_bas,mts_aggregate_total,2017,2678.087
gbr,sex_t,edu_aggregate_bas,mts_aggregate_total,2018,2669.95
gbr,sex_t,edu_aggregate_bas,mts_aggregate_total,2019,2655.364
gbr,sex_t,edu_aggregate_bas,mts_aggregate_total,2020,2732.89
gbr,sex_t,edu_aggregate_bas,mts_aggregate_total,2021,2917.204
gbr,sex_t,edu_aggregate_bas,mts_aggregate_total,2022,3345.404
gbr,sex_t,edu_aggregate_bas,mts_aggregate_total,2023,3503.532
gbr,sex_t,edu_aggregate_bas,mts_aggregate_total,2024,3679.71
gbr,sex_t,edu_aggregate_bas,mts_details_mrd,2005,120.2
gbr,sex_t,edu_aggregate_bas,mts_details_mrd,2006,1084.987
gbr,sex_t,edu_aggregate_bas,mts_details_mrd,2007,1045.529
gbr,sex_t,edu_aggregate_bas,mts_details_mrd,2008,1029.949
gbr,sex_t,edu_aggregate_bas,mts_details_mrd,2009,1107.196
gbr,sex_t,edu_aggregate_bas,mts_details_mrd,2010,1126.338
gbr,sex_t,edu_aggregate_bas,mts_details_mrd,2011,968.689
gbr,sex_t,edu_aggregate_bas,mts_details_mrd,2012,1104.464
gbr,sex_t,edu_aggregate_bas,mts_details_mrd,2013,1071.247
gbr,sex_t,edu_aggregate_bas,mts_details_mrd,2014,1076.497
gbr,sex_t,edu_aggregate_bas,mts_details_mrd,2015,1023.258
gbr,sex_t,edu_aggregate_bas,mts_details_mrd,2016,1042.514
gbr,sex_t,edu_aggregate_bas,mts_details_mrd,2017,998.002
gbr,sex_t,edu_aggregate_bas,mts_details_mrd,2018,986.373
gbr,sex_t,edu_aggregate_bas,mts_details_mrd,2019,954.144
gbr,sex_t,edu_aggregate_bas,mts_details_mrd,2020,929.279
gbr,sex_t,edu_aggregate_bas,mts_details_mrd,2021,953.737
gbr,sex_t,edu_aggregate_bas,mts_details_mrd,2022,1159.164
gbr,sex_t,edu_aggregate_bas,mts_details_mrd,2023,1157.119
gbr,sex_t,edu_aggregate_bas,mts_details_mrd,2024,1072.585
gbr,sex_t,edu_aggregate_bas,mts_details_sep,2005,34.53
gbr,sex_t,edu_aggregate_bas,mts_details_sep,2006,280.281
gbr,sex_t,edu_aggregate_bas,mts_details_sep,2007,291.276
gbr,sex_t,edu_aggregate_bas,mts_details_sep,2008,276.506
gbr,sex_t,edu_aggregate_bas,mts_details_sep,2009,290.704
gbr,sex_t,edu_aggregate_bas,mts_details_sep,2010,303.38
gbr,sex_t,edu_aggregate_bas,mts_details_sep,2011,277.226
gbr,sex_t,edu_aggregate_bas,mts_details_sep,2012,288.634
gbr,sex_t,edu_aggregate_bas,mts_details_sep,2013,276.168
gbr,sex_t,edu_aggregate_bas,mts_details_sep,2014,277.536
gbr,sex_t,edu_aggregate_bas,mts_details_sep,2015,266.96
gbr,sex_t,edu_aggregate_bas,mts_details_sep,2016,272.758
gbr,sex_t,edu_aggregate_bas,mts_details_sep,2017,272.851
gbr,sex_t,edu_aggregate_bas,mts_details_sep,2018,251.772
gbr,sex_t,edu_aggregate_bas,mts_details_sep,2019,249.278
gbr,sex_t,edu_aggregate_bas,mts_details_sep,2020,264.375
gbr,sex_t,edu_aggregate_bas,mts_details_sep,2021,273.054
gbr,sex_t,edu_aggregate_bas,mts_details_sep,2022,446.99
gbr,sex_t,edu_aggregate_bas,mts_details_sep,2023,467.179
gbr,sex_t,edu_aggregate_bas,mts_details_sep,2024,481.755
gbr,sex_t,edu_aggregate_bas,mts_details_sgle,2005,164.962
gbr,sex_t,edu_aggregate_bas,mts_details_sgle,2006,1175.142
gbr,sex_t,edu_aggregate_bas,mts_details_sgle,2007,1245.766
gbr,sex_t,edu_aggregate_bas,mts_details_sgle,2008,1167.485
gbr,sex_t,edu_aggregate_bas,mts_details_sgle,2009,1254.691
gbr,sex_t,edu_aggregate_bas,mts_details_sgle,2010,1350.515
gbr,sex_t,edu_aggregate_bas,mts_details_sgle,2011,1312.526
gbr,sex_t,edu_aggregate_bas,mts_details_sgle,2012,1264.847
gbr,sex_t,edu_aggregate_bas,mts_details_sgle,2013,1320.316
gbr,sex_t,edu_aggregate_bas,mts_details_sgle,2014,1339.454
gbr,sex_t,edu_aggregate_bas,mts_details_sgle,2015,1303.92
gbr,sex_t,edu_aggregate_bas,mts_details_sgle,2016,1296.064
gbr,sex_t,edu_aggregate_bas,mts_details_sgle,2017,1313.84
gbr,sex_t,edu_aggregate_bas,mts_details_sgle,2018,1351.174
gbr,sex_t,edu_aggregate_bas,mts_details_sgle,2019,1371.257
gbr,sex_t,edu_aggregate_bas,mts_details_sgle,2020,1453.593
gbr,sex_t,edu_aggregate_bas,mts_details_sgle,2021,1608.788
gbr,sex_t,edu_aggregate_bas,mts_details_sgle,2022,1580.15
gbr,sex_t,edu_aggregate_bas,mts_details_sgle,2023,1718.062
gbr,sex_t,edu_aggregate_bas,mts_details_sgle,2024,1958.794
gbr,sex_t,edu_aggregate_bas,mts_details_total,2005,323.025
gbr,sex_t,edu_aggregate_bas,mts_details_total,2006,2590.541
gbr,sex_t,edu_aggregate_bas,mts_details_total,2007,2631.305
gbr,sex_t,edu_aggregate_bas,mts_details_total,2008,2570.799
gbr,sex_t,edu_aggregate_bas,mts_details_total,2009,2747.802
gbr,sex_t,edu_aggregate_bas,mts_details_total,2010,2876.112
gbr,sex_t,edu_aggregate_bas,mts_details_total,2011,2625.474
gbr,sex_t,edu_aggregate_bas,mts_details_total,2012,2757.562
gbr,sex_t,edu_aggregate_bas,mts_details_total,2013,2765.419
gbr,sex_t,edu_aggregate_bas,mts_details_total,2014,2781.478
gbr,sex_t,edu_aggregate_bas,mts_details_total,2015,2687.184
gbr,sex_t,edu_aggregate_bas,mts_details_total,2016,2706.377
gbr,sex_t,edu_aggregate_bas,mts_details_total,2017,2678.087
gbr,sex_t,edu_aggregate_bas,mts_details_total,2018,2669.95
gbr,sex_t,edu_aggregate_bas,mts_details_total,2019,2655.364
gbr,sex_t,edu_aggregate_bas,mts_details_total,2020,2732.89
gbr,sex_t,edu_aggregate_bas,mts_details_total,2021,2917.204
gbr,sex_t,edu_aggregate_bas,mts_details_total,2022,3345.404
gbr,sex_t,edu_aggregate_bas,mts_details_total,2023,3503.532
gbr,sex_t,edu_aggregate_bas,mts_details_total,2024,3679.71
gbr,sex_t,edu_aggregate_bas,mts_details_union,2006,1.012
gbr,sex_t,edu_aggregate_bas,mts_details_union,2007,2.626
gbr,sex_t,edu_aggregate_bas,mts_details_union,2008,1.355
gbr,sex_t,edu_aggregate_bas,mts_details_union,2009,0.79
gbr,sex_t,edu_aggregate_bas,mts_details_union,2010,3.079
gbr,sex_t,edu_aggregate_bas,mts_details_union,2011,3.404
gbr,sex_t,edu_aggregate_bas,mts_details_union,2012,3.708
gbr,sex_t,edu_aggregate_bas,mts_details_union,2013,4.111
gbr,sex_t,edu_aggregate_bas,mts_details_union,2014,4.931
gbr,sex_t,edu_aggregate_bas,mts_details_union,2015,2.531
gbr,sex_t,edu_aggregate_bas,mts_details_union,2016,4.429
gbr,sex_t,edu_aggregate_bas,mts_details_union,2017,6.679
gbr,sex_t,edu_aggregate_bas,mts_details_union,2018,4.88
gbr,sex_t,edu_aggregate_bas,mts_details_union,2019,3.464
gbr,sex_t,edu_aggregate_bas,mts_details_union,2020,8.682
gbr,sex_t,edu_aggregate_bas,mts_details_union,2021,6.225
gbr,sex_t,edu_aggregate_bas,mts_details_union,2022,14.577
gbr,sex_t,edu_aggregate_bas,mts_details_union,2023,20.948
gbr,sex_t,edu_aggregate_bas,mts_details_union,2024,15.977
gbr,sex_t,edu_aggregate_bas,mts_details_wid,2005,3.332
gbr,sex_t,edu_aggregate_bas,mts_details_wid,2006,49.12
gbr,sex_t,edu_aggregate_bas,mts_details_wid,2007,46.109
gbr,sex_t,edu_aggregate_bas,mts_details_wid,2008,95.504
gbr,sex_t,edu_aggregate_bas,mts_details_wid,2009,94.421
gbr,sex_t,edu_aggregate_bas,mts_details_wid,2010,92.799
gbr,sex_t,edu_aggregate_bas,mts_details_wid,2011,63.628
gbr,sex_t,edu_aggregate_bas,mts_details_wid,2012,95.909
gbr,sex_t,edu_aggregate_bas,mts_details_wid,2013,93.576
gbr,sex_t,edu_aggregate_bas,mts_details_wid,2014,83.059
gbr,sex_t,edu_aggregate_bas,mts_details_wid,2015,90.514
gbr,sex_t,edu_aggregate_bas,mts_details_wid,2016,90.612
gbr,sex_t,edu_aggregate_bas,mts_details_wid,2017,86.714
gbr,sex_t,edu_aggregate_bas,mts_details_wid,2018,75.752
gbr,sex_t,edu_aggregate_bas,mts_details_wid,2019,77.22
gbr,sex_t,edu_aggregate_bas,mts_details_wid,2020,76.961
gbr,sex_t,edu_aggregate_bas,mts_details_wid,2021,75.4
gbr,sex_t,edu_aggregate_bas,mts_details_wid,2022,144.524
gbr,sex_t,edu_aggregate_bas,mts_details_wid,2023,140.224
gbr,sex_t,edu_aggregate_bas,mts_details_wid,2024,150.599
gbr,sex_t,edu_aggregate_int,mts_aggregate_1,1999,1994.171
gbr,sex_t,edu_aggregate_int,mts_aggregate_1,2000,2012.342
gbr,sex_t,edu_aggregate_int,mts_aggregate_1,2001,2191.049
gbr,sex_t,edu_aggregate_int,mts_aggregate_1,2002,2207.038
gbr,sex_t,edu_aggregate_int,mts_aggregate_1,2003,2332.178
gbr,sex_t,edu_aggregate_int,mts_aggregate_1,2004,2624.884
gbr,sex_t,edu_aggregate_int,mts_aggregate_1,2005,246.544
gbr,sex_t,edu_aggregate_int,mts_aggregate_1,2006,1304.755
gbr,sex_t,edu_aggregate_int,mts_aggregate_1,2007,1377.871
gbr,sex_t,edu_aggregate_int,mts_aggregate_1,2008,1558.643
gbr,sex_t,edu_aggregate_int,mts_aggregate_1,2009,1671.961
gbr,sex_t,edu_aggregate_int,mts_aggregate_1,2010,1778.315
gbr,sex_t,edu_aggregate_int,mts_aggregate_1,2011,1895.784
gbr,sex_t,edu_aggregate_int,mts_aggregate_1,2012,1963.589
gbr,sex_t,edu_aggregate_int,mts_aggregate_1,2013,2030.478
gbr,sex_t,edu_aggregate_int,mts_aggregate_1,2014,2049.778
gbr,sex_t,edu_aggregate_int,mts_aggregate_1,2015,2059.818
gbr,sex_t,edu_aggregate_int,mts_aggregate_1,2016,2061.242
gbr,sex_t,edu_aggregate_int,mts_aggregate_1,2017,1995.639
gbr,sex_t,edu_aggregate_int,mts_aggregate_1,2018,2025
gbr,sex_t,edu_aggregate_int,mts_aggregate_1,2019,2024.651
gbr,sex_t,edu_aggregate_int,mts_aggregate_1,2020,1986.331
gbr,sex_t,edu_aggregate_int,mts_aggregate_1,2021,2062.031
gbr,sex_t,edu_aggregate_int,mts_aggregate_1,2022,2876.61
gbr,sex_t,edu_aggregate_int,mts_aggregate_1,2023,3223.566
gbr,sex_t,edu_aggregate_int,mts_aggregate_1,2024,3352.147
gbr,sex_t,edu_aggregate_int,mts_aggregate_2,1999,1460.705
gbr,sex_t,edu_aggregate_int,mts_aggregate_2,2000,1436.569
gbr,sex_t,edu_aggregate_int,mts_aggregate_2,2001,1442.1
gbr,sex_t,edu_aggregate_int,mts_aggregate_2,2002,1453.722
gbr,sex_t,edu_aggregate_int,mts_aggregate_2,2003,1367.515
gbr,sex_t,edu_aggregate_int,mts_aggregate_2,2004,1763.855
gbr,sex_t,edu_aggregate_int,mts_aggregate_2,2005,137.685
gbr,sex_t,edu_aggregate_int,mts_aggregate_2,2006,744.782
gbr,sex_t,edu_aggregate_int,mts_aggregate_2,2007,721.967
gbr,sex_t,edu_aggregate_int,mts_aggregate_2,2008,1101.914
gbr,sex_t,edu_aggregate_int,mts_aggregate_2,2009,1170.772
gbr,sex_t,edu_aggregate_int,mts_aggregate_2,2010,1225.278
gbr,sex_t,edu_aggregate_int,mts_aggregate_2,2011,1239.615
gbr,sex_t,edu_aggregate_int,mts_aggregate_2,2012,1310.981
gbr,sex_t,edu_aggregate_int,mts_aggregate_2,2013,1315.367
gbr,sex_t,edu_aggregate_int,mts_aggregate_2,2014,1388.263
gbr,sex_t,edu_aggregate_int,mts_aggregate_2,2015,1381.348
gbr,sex_t,edu_aggregate_int,mts_aggregate_2,2016,1403.359
gbr,sex_t,edu_aggregate_int,mts_aggregate_2,2017,1334.978
gbr,sex_t,edu_aggregate_int,mts_aggregate_2,2018,1282.48
gbr,sex_t,edu_aggregate_int,mts_aggregate_2,2019,1263.544
gbr,sex_t,edu_aggregate_int,mts_aggregate_2,2020,1239.352
gbr,sex_t,edu_aggregate_int,mts_aggregate_2,2021,1250.738
gbr,sex_t,edu_aggregate_int,mts_aggregate_2,2022,1580.237
gbr,sex_t,edu_aggregate_int,mts_aggregate_2,2023,1556.076
gbr,sex_t,edu_aggregate_int,mts_aggregate_2,2024,1623.31
gbr,sex_t,edu_aggregate_int,mts_aggregate_total,1999,3454.876
gbr,sex_t,edu_aggregate_int,mts_aggregate_total,2000,3448.911
gbr,sex_t,edu_aggregate_int,mts_aggregate_total,2001,3633.149
gbr,sex_t,edu_aggregate_int,mts_aggregate_total,2002,3660.76
gbr,sex_t,edu_aggregate_int,mts_aggregate_total,2003,3699.693
gbr,sex_t,edu_aggregate_int,mts_aggregate_total,2004,4388.739
gbr,sex_t,edu_aggregate_int,mts_aggregate_total,2005,384.23
gbr,sex_t,edu_aggregate_int,mts_aggregate_total,2006,2049.538
gbr,sex_t,edu_aggregate_int,mts_aggregate_total,2007,2099.839
gbr,sex_t,edu_aggregate_int,mts_aggregate_total,2008,2660.557
gbr,sex_t,edu_aggregate_int,mts_aggregate_total,2009,2842.844
gbr,sex_t,edu_aggregate_int,mts_aggregate_total,2010,3003.594
gbr,sex_t,edu_aggregate_int,mts_aggregate_total,2011,3135.398
gbr,sex_t,edu_aggregate_int,mts_aggregate_total,2012,3274.569
gbr,sex_t,edu_aggregate_int,mts_aggregate_total,2013,3345.845
gbr,sex_t,edu_aggregate_int,mts_aggregate_total,2014,3438.041
gbr,sex_t,edu_aggregate_int,mts_aggregate_total,2015,3441.166
gbr,sex_t,edu_aggregate_int,mts_aggregate_total,2016,3464.6
gbr,sex_t,edu_aggregate_int,mts_aggregate_total,2017,3330.617
gbr,sex_t,edu_aggregate_int,mts_aggregate_total,2018,3307.48
gbr,sex_t,edu_aggregate_int,mts_aggregate_total,2019,3288.195
gbr,sex_t,edu_aggregate_int,mts_aggregate_total,2020,3225.684
gbr,sex_t,edu_aggregate_int,mts_aggregate_total,2021,3312.769
gbr,sex_t,edu_aggregate_int,mts_aggregate_total,2022,4456.848
gbr,sex_t,edu_aggregate_int,mts_aggregate_total,2023,4779.641
gbr,sex_t,edu_aggregate_int,mts_aggregate_total,2024,4975.627
gbr,sex_t,edu_aggregate_int,mts_details_mrd,2005,137.685
gbr,sex_t,edu_aggregate_int,mts_details_mrd,2006,742.888
gbr,sex_t,edu_aggregate_int,mts_details_mrd,2007,720.666
gbr,sex_t,edu_aggregate_int,mts_details_mrd,2008,1099.037
gbr,sex_t,edu_aggregate_int,mts_details_mrd,2009,1169.416
gbr,sex_t,edu_aggregate_int,mts_details_mrd,2010,1221.971
gbr,sex_t,edu_aggregate_int,mts_details_mrd,2011,1235.812
gbr,sex_t,edu_aggregate_int,mts_details_mrd,2012,1306.455
gbr,sex_t,edu_aggregate_int,mts_details_mrd,2013,1311.4
gbr,sex_t,edu_aggregate_int,mts_details_mrd,2014,1382.806
gbr,sex_t,edu_aggregate_int,mts_details_mrd,2015,1377.849
gbr,sex_t,edu_aggregate_int,mts_details_mrd,2016,1400.55
gbr,sex_t,edu_aggregate_int,mts_details_mrd,2017,1330.944
gbr,sex_t,edu_aggregate_int,mts_details_mrd,2018,1275.779
gbr,sex_t,edu_aggregate_int,mts_details_mrd,2019,1258.609
gbr,sex_t,edu_aggregate_int,mts_details_mrd,2020,1228.782
gbr,sex_t,edu_aggregate_int,mts_details_mrd,2021,1242.127
gbr,sex_t,edu_aggregate_int,mts_details_mrd,2022,1568.961
gbr,sex_t,edu_aggregate_int,mts_details_mrd,2023,1538.538
gbr,sex_t,edu_aggregate_int,mts_details_mrd,2024,1603.023
gbr,sex_t,edu_aggregate_int,mts_details_sep,2005,35.807
gbr,sex_t,edu_aggregate_int,mts_details_sep,2006,206.23
gbr,sex_t,edu_aggregate_int,mts_details_sep,2007,203.115
gbr,sex_t,edu_aggregate_int,mts_details_sep,2008,254.973
gbr,sex_t,edu_aggregate_int,mts_details_sep,2009,284.926
gbr,sex_t,edu_aggregate_int,mts_details_sep,2010,328.177
gbr,sex_t,edu_aggregate_int,mts_details_sep,2011,335.85
gbr,sex_t,edu_aggregate_int,mts_details_sep,2012,353.828
gbr,sex_t,edu_aggregate_int,mts_details_sep,2013,358.599
gbr,sex_t,edu_aggregate_int,mts_details_sep,2014,381.216
gbr,sex_t,edu_aggregate_int,mts_details_sep,2015,380.463
gbr,sex_t,edu_aggregate_int,mts_details_sep,2016,370.666
gbr,sex_t,edu_aggregate_int,mts_details_sep,2017,346.448
gbr,sex_t,edu_aggregate_int,mts_details_sep,2018,352.359
gbr,sex_t,edu_aggregate_int,mts_details_sep,2019,333.335
gbr,sex_t,edu_aggregate_int,mts_details_sep,2020,346.245
gbr,sex_t,edu_aggregate_int,mts_details_sep,2021,347.746
gbr,sex_t,edu_aggregate_int,mts_details_sep,2022,478.906
gbr,sex_t,edu_aggregate_int,mts_details_sep,2023,547.173
gbr,sex_t,edu_aggregate_int,mts_details_sep,2024,557.178
gbr,sex_t,edu_aggregate_int,mts_details_sgle,2005,204.94
gbr,sex_t,edu_aggregate_int,mts_details_sgle,2006,1069.984
gbr,sex_t,edu_aggregate_int,mts_details_sgle,2007,1144.284
gbr,sex_t,edu_aggregate_int,mts_details_sgle,2008,1219.473
gbr,sex_t,edu_aggregate_int,mts_details_sgle,2009,1293.975
gbr,sex_t,edu_aggregate_int,mts_details_sgle,2010,1343.475
gbr,sex_t,edu_aggregate_int,mts_details_sgle,2011,1462.843
gbr,sex_t,edu_aggregate_int,mts_details_sgle,2012,1501.305
gbr,sex_t,edu_aggregate_int,mts_details_sgle,2013,1569.401
gbr,sex_t,edu_aggregate_int,mts_details_sgle,2014,1569.28
gbr,sex_t,edu_aggregate_int,mts_details_sgle,2015,1566.514
gbr,sex_t,edu_aggregate_int,mts_details_sgle,2016,1585.406
gbr,sex_t,edu_aggregate_int,mts_details_sgle,2017,1556.207
gbr,sex_t,edu_aggregate_int,mts_details_sgle,2018,1574.984
gbr,sex_t,edu_aggregate_int,mts_details_sgle,2019,1586.714
gbr,sex_t,edu_aggregate_int,mts_details_sgle,2020,1542.971
gbr,sex_t,edu_aggregate_int,mts_details_sgle,2021,1619.196
gbr,sex_t,edu_aggregate_int,mts_details_sgle,2022,2275.028
gbr,sex_t,edu_aggregate_int,mts_details_sgle,2023,2531.693
gbr,sex_t,edu_aggregate_int,mts_details_sgle,2024,2657.034
gbr,sex_t,edu_aggregate_int,mts_details_total,2005,384.23
gbr,sex_t,edu_aggregate_int,mts_details_total,2006,2049.538
gbr,sex_t,edu_aggregate_int,mts_details_total,2007,2099.839
gbr,sex_t,edu_aggregate_int,mts_details_total,2008,2660.557
gbr,sex_t,edu_aggregate_int,mts_details_total,2009,2842.844
gbr,sex_t,edu_aggregate_int,mts_details_total,2010,3003.594
gbr,sex_t,edu_aggregate_int,mts_details_total,2011,3135.398
gbr,sex_t,edu_aggregate_int,mts_details_total,2012,3274.569
gbr,sex_t,edu_aggregate_int,mts_details_total,2013,3345.845
gbr,sex_t,edu_aggregate_int,mts_details_total,2014,3438.041
gbr,sex_t,edu_aggregate_int,mts_details_total,2015,3441.166
gbr,sex_t,edu_aggregate_int,mts_details_total,2016,3464.6
gbr,sex_t,edu_aggregate_int,mts_details_total,2017,3330.617
gbr,sex_t,edu_aggregate_int,mts_details_total,2018,3307.48
gbr,sex_t,edu_aggregate_int,mts_details_total,2019,3288.195
gbr,sex_t,edu_aggregate_int,mts_details_total,2020,3225.684
gbr,sex_t,edu_aggregate_int,mts_details_total,2021,3312.769
gbr,sex_t,edu_aggregate_int,mts_details_total,2022,4456.848
gbr,sex_t,edu_aggregate_int,mts_details_total,2023,4779.641
gbr,sex_t,edu_aggregate_int,mts_details_total,2024,4975.627
gbr,sex_t,edu_aggregate_int,mts_details_union,2006,1.894
gbr,sex_t,edu_aggregate_int,mts_details_union,2007,1.302
gbr,sex_t,edu_aggregate_int,mts_details_union,2008,2.877
gbr,sex_t,edu_aggregate_int,mts_details_union,2009,1.356
gbr,sex_t,edu_aggregate_int,mts_details_union,2010,3.307
gbr,sex_t,edu_aggregate_int,mts_details_union,2011,3.802
gbr,sex_t,edu_aggregate_int,mts_details_union,2012,4.526
gbr,sex_t,edu_aggregate_int,mts_details_union,2013,3.967
gbr,sex_t,edu_aggregate_int,mts_details_union,2014,5.456
gbr,sex_t,edu_aggregate_int,mts_details_union,2015,3.499
gbr,sex_t,edu_aggregate_int,mts_details_union,2016,2.809
gbr,sex_t,edu_aggregate_int,mts_details_union,2017,4.035
gbr,sex_t,edu_aggregate_int,mts_details_union,2018,6.701
gbr,sex_t,edu_aggregate_int,mts_details_union,2019,4.935
gbr,sex_t,edu_aggregate_int,mts_details_union,2020,10.571
gbr,sex_t,edu_aggregate_int,mts_details_union,2021,8.611
gbr,sex_t,edu_aggregate_int,mts_details_union,2022,11.276
gbr,sex_t,edu_aggregate_int,mts_details_union,2023,17.538
gbr,sex_t,edu_aggregate_int,mts_details_union,2024,20.288
gbr,sex_t,edu_aggregate_int,mts_details_wid,2005,5.797
gbr,sex_t,edu_aggregate_int,mts_details_wid,2006,28.541
gbr,sex_t,edu_aggregate_int,mts_details_wid,2007,30.472
gbr,sex_t,edu_aggregate_int,mts_details_wid,2008,84.198
gbr,sex_t,edu_aggregate_int,mts_details_wid,2009,93.06
gbr,sex_t,edu_aggregate_int,mts_details_wid,2010,106.663
gbr,sex_t,edu_aggregate_int,mts_details_wid,2011,97.09
gbr,sex_t,edu_aggregate_int,mts_details_wid,2012,108.456
gbr,sex_t,edu_aggregate_int,mts_details_wid,2013,102.478
gbr,sex_t,edu_aggregate_int,mts_details_wid,2014,99.282
gbr,sex_t,edu_aggregate_int,mts_details_wid,2015,112.841
gbr,sex_t,edu_aggregate_int,mts_details_wid,2016,105.17
gbr,sex_t,edu_aggregate_int,mts_details_wid,2017,92.984
gbr,sex_t,edu_aggregate_int,mts_details_wid,2018,97.658
gbr,sex_t,edu_aggregate_int,mts_details_wid,2019,104.603
gbr,sex_t,edu_aggregate_int,mts_details_wid,2020,97.116
gbr,sex_t,edu_aggregate_int,mts_details_wid,2021,95.089
gbr,sex_t,edu_aggregate_int,mts_details_wid,2022,122.677
gbr,sex_t,edu_aggregate_int,mts_details_wid,2023,144.699
gbr,sex_t,edu_aggregate_int,mts_details_wid,2024,137.936
gbr,sex_t,edu_aggregate_ltb,mts_aggregate_1,2001,32.511
gbr,sex_t,edu_aggregate_ltb,mts_aggregate_1,2002,45.914
gbr,sex_t,edu_aggregate_ltb,mts_aggregate_1,2003,40.576
gbr,sex_t,edu_aggregate_ltb,mts_aggregate_1,2004,33.001
gbr,sex_t,edu_aggregate_ltb,mts_aggregate_1,2005,229.833
gbr,sex_t,edu_aggregate_ltb,mts_aggregate_1,2006,24.733
gbr,sex_t,edu_aggregate_ltb,mts_aggregate_1,2007,31.492
gbr,sex_t,edu_aggregate_ltb,mts_aggregate_1,2008,1807.723
gbr,sex_t,edu_aggregate_ltb,mts_aggregate_1,2009,1723.758
gbr,sex_t,edu_aggregate_ltb,mts_aggregate_1,2010,1646.944
gbr,sex_t,edu_aggregate_ltb,mts_aggregate_1,2011,1471.597
gbr,sex_t,edu_aggregate_ltb,mts_aggregate_1,2012,1539.961
gbr,sex_t,edu_aggregate_ltb,mts_aggregate_1,2013,1488.762
gbr,sex_t,edu_aggregate_ltb,mts_aggregate_1,2014,1401.239
gbr,sex_t,edu_aggregate_ltb,mts_aggregate_1,2015,1421.925
gbr,sex_t,edu_aggregate_ltb,mts_aggregate_1,2016,1355.49
gbr,sex_t,edu_aggregate_ltb,mts_aggregate_1,2017,1297.67
gbr,sex_t,edu_aggregate_ltb,mts_aggregate_1,2018,1252.653
gbr,sex_t,edu_aggregate_ltb,mts_aggregate_1,2019,1277.046
gbr,sex_t,edu_aggregate_ltb,mts_aggregate_1,2020,1248.231
gbr,sex_t,edu_aggregate_ltb,mts_aggregate_1,2021,1194.722
gbr,sex_t,edu_aggregate_ltb,mts_aggregate_1,2022,57.809
gbr,sex_t,edu_aggregate_ltb,mts_aggregate_1,2023,53.608
gbr,sex_t,edu_aggregate_ltb,mts_aggregate_1,2024,47.383
gbr,sex_t,edu_aggregate_ltb,mts_aggregate_2,2001,29.482
gbr,sex_t,edu_aggregate_ltb,mts_aggregate_2,2002,29.319
gbr,sex_t,edu_aggregate_ltb,mts_aggregate_2,2003,36.462
gbr,sex_t,edu_aggregate_ltb,mts_aggregate_2,2004,23.951
gbr,sex_t,edu_aggregate_ltb,mts_aggregate_2,2005,180.714
gbr,sex_t,edu_aggregate_ltb,mts_aggregate_2,2006,17.855
gbr,sex_t,edu_aggregate_ltb,mts_aggregate_2,2007,18.87
gbr,sex_t,edu_aggregate_ltb,mts_aggregate_2,2008,1776.761
gbr,sex_t,edu_aggregate_ltb,mts_aggregate_2,2009,1580.447
gbr,sex_t,edu_aggregate_ltb,mts_aggregate_2,2010,1470.347
gbr,sex_t,edu_aggregate_ltb,mts_aggregate_2,2011,1157.697
gbr,sex_t,edu_aggregate_ltb,mts_aggregate_2,2012,1285.439
gbr,sex_t,edu_aggregate_ltb,mts_aggregate_2,2013,1261.534
gbr,sex_t,edu_aggregate_ltb,mts_aggregate_2,2014,1160.096
gbr,sex_t,edu_aggregate_ltb,mts_aggregate_2,2015,1121.273
gbr,sex_t,edu_aggregate_ltb,mts_aggregate_2,2016,1002.539
gbr,sex_t,edu_aggregate_ltb,mts_aggregate_2,2017,932.125
gbr,sex_t,edu_aggregate_ltb,mts_aggregate_2,2018,821.826
gbr,sex_t,edu_aggregate_ltb,mts_aggregate_2,2019,764.421
gbr,sex_t,edu_aggregate_ltb,mts_aggregate_2,2020,665.328
gbr,sex_t,edu_aggregate_ltb,mts_aggregate_2,2021,675.378
gbr,sex_t,edu_aggregate_ltb,mts_aggregate_2,2022,40.14
gbr,sex_t,edu_aggregate_ltb,mts_aggregate_2,2023,38.301
gbr,sex_t,edu_aggregate_ltb,mts_aggregate_2,2024,30.606
gbr,sex_t,edu_aggregate_ltb,mts_aggregate_total,2001,61.993
gbr,sex_t,edu_aggregate_ltb,mts_aggregate_total,2002,75.233
gbr,sex_t,edu_aggregate_ltb,mts_aggregate_total,2003,77.038
gbr,sex_t,edu_aggregate_ltb,mts_aggregate_total,2004,56.952
gbr,sex_t,edu_aggregate_ltb,mts_aggregate_total,2005,410.546
gbr,sex_t,edu_aggregate_ltb,mts_aggregate_total,2006,42.588
gbr,sex_t,edu_aggregate_ltb,mts_aggregate_total,2007,50.362
gbr,sex_t,edu_aggregate_ltb,mts_aggregate_total,2008,3584.483
gbr,sex_t,edu_aggregate_ltb,mts_aggregate_total,2009,3304.27
gbr,sex_t,edu_aggregate_ltb,mts_aggregate_total,2010,3117.29
gbr,sex_t,edu_aggregate_ltb,mts_aggregate_total,2011,2629.294
gbr,sex_t,edu_aggregate_ltb,mts_aggregate_total,2012,2825.401
gbr,sex_t,edu_aggregate_ltb,mts_aggregate_total,2013,2750.296
gbr,sex_t,edu_aggregate_ltb,mts_aggregate_total,2014,2561.335
gbr,sex_t,edu_aggregate_ltb,mts_aggregate_total,2015,2543.198
gbr,sex_t,edu_aggregate_ltb,mts_aggregate_total,2016,2358.029
gbr,sex_t,edu_aggregate_ltb,mts_aggregate_total,2017,2229.795
gbr,sex_t,edu_aggregate_ltb,mts_aggregate_total,2018,2074.479
gbr,sex_t,edu_aggregate_ltb,mts_aggregate_total,2019,2041.467
gbr,sex_t,edu_aggregate_ltb,mts_aggregate_total,2020,1913.559
gbr,sex_t,edu_aggregate_ltb,mts_aggregate_total,2021,1870.1
gbr,sex_t,edu_aggregate_ltb,mts_aggregate_total,2022,97.948
gbr,sex_t,edu_aggregate_ltb,mts_aggregate_total,2023,91.908
gbr,sex_t,edu_aggregate_ltb,mts_aggregate_total,2024,78.339
gbr,sex_t,edu_aggregate_ltb,mts_details_mrd,2005,180.714
gbr,sex_t,edu_aggregate_ltb,mts_details_mrd,2006,17.855
gbr,sex_t,edu_aggregate_ltb,mts_details_mrd,2007,18.87
gbr,sex_t,edu_aggregate_ltb,mts_details_mrd,2008,1775.008
gbr,sex_t,edu_aggregate_ltb,mts_details_mrd,2009,1579.363
gbr,sex_t,edu_aggregate_ltb,mts_details_mrd,2010,1468.409
gbr,sex_t,edu_aggregate_ltb,mts_details_mrd,2011,1156.872
gbr,sex_t,edu_aggregate_ltb,mts_details_mrd,2012,1283.617
gbr,sex_t,edu_aggregate_ltb,mts_details_mrd,2013,1257.872
gbr,sex_t,edu_aggregate_ltb,mts_details_mrd,2014,1158.401
gbr,sex_t,edu_aggregate_ltb,mts_details_mrd,2015,1120.03
gbr,sex_t,edu_aggregate_ltb,mts_details_mrd,2016,1001.646
gbr,sex_t,edu_aggregate_ltb,mts_details_mrd,2017,930.458
gbr,sex_t,edu_aggregate_ltb,mts_details_mrd,2018,817.893
gbr,sex_t,edu_aggregate_ltb,mts_details_mrd,2019,764.421
gbr,sex_t,edu_aggregate_ltb,mts_details_mrd,2020,661.807
gbr,sex_t,edu_aggregate_ltb,mts_details_mrd,2021,674.976
gbr,sex_t,edu_aggregate_ltb,mts_details_mrd,2022,40.14
gbr,sex_t,edu_aggregate_ltb,mts_details_mrd,2023,37.899
gbr,sex_t,edu_aggregate_ltb,mts_details_mrd,2024,30.606
gbr,sex_t,edu_aggregate_ltb,mts_details_sep,2005,61.843
gbr,sex_t,edu_aggregate_ltb,mts_details_sep,2006,4.34
gbr,sex_t,edu_aggregate_ltb,mts_details_sep,2007,3.888
gbr,sex_t,edu_aggregate_ltb,mts_details_sep,2008,519.262
gbr,sex_t,edu_aggregate_ltb,mts_details_sep,2009,464.106
gbr,sex_t,edu_aggregate_ltb,mts_details_sep,2010,456.451
gbr,sex_t,edu_aggregate_ltb,mts_details_sep,2011,422.402
gbr,sex_t,edu_aggregate_ltb,mts_details_sep,2012,440.779
gbr,sex_t,edu_aggregate_ltb,mts_details_sep,2013,395.995
gbr,sex_t,edu_aggregate_ltb,mts_details_sep,2014,383.496
gbr,sex_t,edu_aggregate_ltb,mts_details_sep,2015,364.984
gbr,sex_t,edu_aggregate_ltb,mts_details_sep,2016,352.47
gbr,sex_t,edu_aggregate_ltb,mts_details_sep,2017,310.78
gbr,sex_t,edu_aggregate_ltb,mts_details_sep,2018,283.838
gbr,sex_t,edu_aggregate_ltb,mts_details_sep,2019,277.605
gbr,sex_t,edu_aggregate_ltb,mts_details_sep,2020,254.559
gbr,sex_t,edu_aggregate_ltb,mts_details_sep,2021,217.617
gbr,sex_t,edu_aggregate_ltb,mts_details_sep,2022,9.539
gbr,sex_t,edu_aggregate_ltb,mts_details_sep,2023,11.185
gbr,sex_t,edu_aggregate_ltb,mts_details_sep,2024,9.699
gbr,sex_t,edu_aggregate_ltb,mts_details_sgle,2005,156.952
gbr,sex_t,edu_aggregate_ltb,mts_details_sgle,2006,19.84
gbr,sex_t,edu_aggregate_ltb,mts_details_sgle,2007,26.977
gbr,sex_t,edu_aggregate_ltb,mts_details_sgle,2008,1007.096
gbr,sex_t,edu_aggregate_ltb,mts_details_sgle,2009,1003.271
gbr,sex_t,edu_aggregate_ltb,mts_details_sgle,2010,951.48
gbr,sex_t,edu_aggregate_ltb,mts_details_sgle,2011,897.469
gbr,sex_t,edu_aggregate_ltb,mts_details_sgle,2012,885.407
gbr,sex_t,edu_aggregate_ltb,mts_details_sgle,2013,887.034
gbr,sex_t,edu_aggregate_ltb,mts_details_sgle,2014,837.276
gbr,sex_t,edu_aggregate_ltb,mts_details_sgle,2015,891.477
gbr,sex_t,edu_aggregate_ltb,mts_details_sgle,2016,858.588
gbr,sex_t,edu_aggregate_ltb,mts_details_sgle,2017,852.614
gbr,sex_t,edu_aggregate_ltb,mts_details_sgle,2018,844.647
gbr,sex_t,edu_aggregate_ltb,mts_details_sgle,2019,884.494
gbr,sex_t,edu_aggregate_ltb,mts_details_sgle,2020,893.876
gbr,sex_t,edu_aggregate_ltb,mts_details_sgle,2021,890.22
gbr,sex_t,edu_aggregate_ltb,mts_details_sgle,2022,44.196
gbr,sex_t,edu_aggregate_ltb,mts_details_sgle,2023,37.63
gbr,sex_t,edu_aggregate_ltb,mts_details_sgle,2024,34.691
gbr,sex_t,edu_aggregate_ltb,mts_details_total,2005,410.546
gbr,sex_t,edu_aggregate_ltb,mts_details_total,2006,42.588
gbr,sex_t,edu_aggregate_ltb,mts_details_total,2007,50.362
gbr,sex_t,edu_aggregate_ltb,mts_details_total,2008,3584.483
gbr,sex_t,edu_aggregate_ltb,mts_details_total,2009,3304.27
gbr,sex_t,edu_aggregate_ltb,mts_details_total,2010,3117.29
gbr,sex_t,edu_aggregate_ltb,mts_details_total,2011,2629.294
gbr,sex_t,edu_aggregate_ltb,mts_details_total,2012,2825.401
gbr,sex_t,edu_aggregate_ltb,mts_details_total,2013,2750.296
gbr,sex_t,edu_aggregate_ltb,mts_details_total,2014,2561.335
gbr,sex_t,edu_aggregate_ltb,mts_details_total,2015,2543.198
gbr,sex_t,edu_aggregate_ltb,mts_details_total,2016,2358.029
gbr,sex_t,edu_aggregate_ltb,mts_details_total,2017,2229.795
gbr,sex_t,edu_aggregate_ltb,mts_details_total,2018,2074.479
gbr,sex_t,edu_aggregate_ltb,mts_details_total,2019,2041.467
gbr,sex_t,edu_aggregate_ltb,mts_details_total,2020,1913.559
gbr,sex_t,edu_aggregate_ltb,mts_details_total,2021,1870.1
gbr,sex_t,edu_aggregate_ltb,mts_details_total,2022,97.948
gbr,sex_t,edu_aggregate_ltb,mts_details_total,2023,91.908
gbr,sex_t,edu_aggregate_ltb,mts_details_total,2024,78.339
gbr,sex_t,edu_aggregate_ltb,mts_details_union,2008,1.752
gbr,sex_t,edu_aggregate_ltb,mts_details_union,2009,1.084
gbr,sex_t,edu_aggregate_ltb,mts_details_union,2010,1.937
gbr,sex_t,edu_aggregate_ltb,mts_details_union,2011,0.825
gbr,sex_t,edu_aggregate_ltb,mts_details_union,2012,1.823
gbr,sex_t,edu_aggregate_ltb,mts_details_union,2013,3.662
gbr,sex_t,edu_aggregate_ltb,mts_details_union,2014,1.695
gbr,sex_t,edu_aggregate_ltb,mts_details_union,2015,1.243
gbr,sex_t,edu_aggregate_ltb,mts_details_union,2016,0.894
gbr,sex_t,edu_aggregate_ltb,mts_details_union,2017,1.666
gbr,sex_t,edu_aggregate_ltb,mts_details_union,2018,3.933
gbr,sex_t,edu_aggregate_ltb,mts_details_union,2020,3.521
gbr,sex_t,edu_aggregate_ltb,mts_details_wid,2005,11.038
gbr,sex_t,edu_aggregate_ltb,mts_details_wid,2007,0.628
gbr,sex_t,edu_aggregate_ltb,mts_details_wid,2008,281.365
gbr,sex_t,edu_aggregate_ltb,mts_details_wid,2009,256.381
gbr,sex_t,edu_aggregate_ltb,mts_details_wid,2010,239.013
gbr,sex_t,edu_aggregate_ltb,mts_details_wid,2011,151.726
gbr,sex_t,edu_aggregate_ltb,mts_details_wid,2012,213.775
gbr,sex_t,edu_aggregate_ltb,mts_details_wid,2013,205.733
gbr,sex_t,edu_aggregate_ltb,mts_details_wid,2014,180.467
gbr,sex_t,edu_aggregate_ltb,mts_details_wid,2015,165.464
gbr,sex_t,edu_aggregate_ltb,mts_details_wid,2016,144.432
gbr,sex_t,edu_aggregate_ltb,mts_details_wid,2017,134.276
gbr,sex_t,edu_aggregate_ltb,mts_details_wid,2018,124.168
gbr,sex_t,edu_aggregate_ltb,mts_details_wid,2019,114.948
gbr,sex_t,edu_aggregate_ltb,mts_details_wid,2020,99.796
gbr,sex_t,edu_aggregate_ltb,mts_details_wid,2021,86.885
gbr,sex_t,edu_aggregate_ltb,mts_details_wid,2022,4.074
gbr,sex_t,edu_aggregate_ltb,mts_details_wid,2023,4.793
gbr,sex_t,edu_aggregate_ltb,mts_details_wid,2024,2.993
gbr,sex_t,edu_aggregate_total,mts_aggregate_1,1999,8978.807
gbr,sex_t,edu_aggregate_total,mts_aggregate_1,2000,8887.865
gbr,sex_t,edu_aggregate_total,mts_aggregate_1,2001,9219.25
gbr,sex_t,edu_aggregate_total,mts_aggregate_1,2002,9240.472
gbr,sex_t,edu_aggregate_total,mts_aggregate_1,2003,9444.074
gbr,sex_t,edu_aggregate_total,mts_aggregate_1,2004,9553.733
gbr,sex_t,edu_aggregate_total,mts_aggregate_1,2005,9482.308
gbr,sex_t,edu_aggregate_total,mts_aggregate_1,2006,9518.828
gbr,sex_t,edu_aggregate_total,mts_aggregate_1,2007,9775.209
gbr,sex_t,edu_aggregate_total,mts_aggregate_1,2008,9906.14
gbr,sex_t,edu_aggregate_total,mts_aggregate_1,2009,10066.285
gbr,sex_t,edu_aggregate_total,mts_aggregate_1,2010,10281.286
gbr,sex_t,edu_aggregate_total,mts_aggregate_1,2011,10403.048
gbr,sex_t,edu_aggregate_total,mts_aggregate_1,2012,10408.74
gbr,sex_t,edu_aggregate_total,mts_aggregate_1,2013,10449.542
gbr,sex_t,edu_aggregate_total,mts_aggregate_1,2014,10412.651
gbr,sex_t,edu_aggregate_total,mts_aggregate_1,2015,10484.254
gbr,sex_t,edu_aggregate_total,mts_aggregate_1,2016,10555.068
gbr,sex_t,edu_aggregate_total,mts_aggregate_1,2017,10513.511
gbr,sex_t,edu_aggregate_total,mts_aggregate_1,2018,10607.513
gbr,sex_t,edu_aggregate_total,mts_aggregate_1,2019,10827.124
gbr,sex_t,edu_aggregate_total,mts_aggregate_1,2020,10780.575
gbr,sex_t,edu_aggregate_total,mts_aggregate_1,2021,10960.36
gbr,sex_t,edu_aggregate_total,mts_aggregate_1,2022,11225.237
gbr,sex_t,edu_aggregate_total,mts_aggregate_1,2023,11673.048
gbr,sex_t,edu_aggregate_total,mts_aggregate_1,2024,12096.624
gbr,sex_t,edu_aggregate_total,mts_aggregate_2,1999,8960.333
gbr,sex_t,edu_aggregate_total,mts_aggregate_2,2000,9031.952
gbr,sex_t,edu_aggregate_total,mts_aggregate_2,2001,8988.247
gbr,sex_t,edu_aggregate_total,mts_aggregate_2,2002,8976.567
gbr,sex_t,edu_aggregate_total,mts_aggregate_2,2003,8849.794
gbr,sex_t,edu_aggregate_total,mts_aggregate_2,2004,8881.782
gbr,sex_t,edu_aggregate_total,mts_aggregate_2,2005,8977.526
gbr,sex_t,edu_aggregate_total,mts_aggregate_2,2006,8912.057
gbr,sex_t,edu_aggregate_total,mts_aggregate_2,2007,8928.424
gbr,sex_t,edu_aggregate_total,mts_aggregate_2,2008,8846.092
gbr,sex_t,edu_aggregate_total,mts_aggregate_2,2009,8944.822
gbr,sex_t,edu_aggregate_total,mts_aggregate_2,2010,9013.09
gbr,sex_t,edu_aggregate_total,mts_aggregate_2,2011,9066.285
gbr,sex_t,edu_aggregate_total,mts_aggregate_2,2012,9098.189
gbr,sex_t,edu_aggregate_total,mts_aggregate_2,2013,9142.87
gbr,sex_t,edu_aggregate_total,mts_aggregate_2,2014,9248.924
gbr,sex_t,edu_aggregate_total,mts_aggregate_2,2015,9257.874
gbr,sex_t,edu_aggregate_total,mts_aggregate_2,2016,9254.538
gbr,sex_t,edu_aggregate_total,mts_aggregate_2,2017,9426.998
gbr,sex_t,edu_aggregate_total,mts_aggregate_2,2018,9340.758
gbr,sex_t,edu_aggregate_total,mts_aggregate_2,2019,9202.315
gbr,sex_t,edu_aggregate_total,mts_aggregate_2,2020,9427.21
gbr,sex_t,edu_aggregate_total,mts_aggregate_2,2021,9589.174
gbr,sex_t,edu_aggregate_total,mts_aggregate_2,2022,9416.082
gbr,sex_t,edu_aggregate_total,mts_aggregate_2,2023,9207.267
gbr,sex_t,edu_aggregate_total,mts_aggregate_2,2024,9259.41
gbr,sex_t,edu_aggregate_total,mts_aggregate_total,1999,17939.14
gbr,sex_t,edu_aggregate_total,mts_aggregate_total,2000,17919.817
gbr,sex_t,edu_aggregate_total,mts_aggregate_total,2001,18207.497
gbr,sex_t,edu_aggregate_total,mts_aggregate_total,2002,18217.039
gbr,sex_t,edu_aggregate_total,mts_aggregate_total,2003,18293.868
gbr,sex_t,edu_aggregate_total,mts_aggregate_total,2004,18435.515
gbr,sex_t,edu_aggregate_total,mts_aggregate_total,2005,18459.835
gbr,sex_t,edu_aggregate_total,mts_aggregate_total,2006,18430.885
gbr,sex_t,edu_aggregate_total,mts_aggregate_total,2007,18703.633
gbr,sex_t,edu_aggregate_total,mts_aggregate_total,2008,18752.232
gbr,sex_t,edu_aggregate_total,mts_aggregate_total,2009,19011.364
gbr,sex_t,edu_aggregate_total,mts_aggregate_total,2010,19294.376
gbr,sex_t,edu_aggregate_total,mts_aggregate_total,2011,19469.333
gbr,sex_t,edu_aggregate_total,mts_aggregate_total,2012,19506.929
gbr,sex_t,edu_aggregate_total,mts_aggregate_total,2013,19592.726
gbr,sex_t,edu_aggregate_total,mts_aggregate_total,2014,19661.575
gbr,sex_t,edu_aggregate_total,mts_aggregate_total,2015,19742.258
gbr,sex_t,edu_aggregate_total,mts_aggregate_total,2016,19811.457
gbr,sex_t,edu_aggregate_total,mts_aggregate_total,2017,19942.574
gbr,sex_t,edu_aggregate_total,mts_aggregate_total,2018,19948.27
gbr,sex_t,edu_aggregate_total,mts_aggregate_total,2019,20029.439
gbr,sex_t,edu_aggregate_total,mts_aggregate_total,2020,20207.785
gbr,sex_t,edu_aggregate_total,mts_aggregate_total,2021,20549.534
gbr,sex_t,edu_aggregate_total,mts_aggregate_total,2022,20641.318
gbr,sex_t,edu_aggregate_total,mts_aggregate_total,2023,20880.315
gbr,sex_t,edu_aggregate_total,mts_aggregate_total,2024,21357.042
gbr,sex_t,edu_aggregate_total,mts_aggregate_x,2016,1.851
gbr,sex_t,edu_aggregate_total,mts_aggregate_x,2017,2.065
gbr,sex_t,edu_aggregate_total,mts_details_mrd,2005,8977.526
gbr,sex_t,edu_aggregate_total,mts_details_mrd,2006,8903.606
gbr,sex_t,edu_aggregate_total,mts_details_mrd,2007,8917.142
gbr,sex_t,edu_aggregate_total,mts_details_mrd,2008,8832.841
gbr,sex_t,edu_aggregate_total,mts_details_mrd,2009,8933.015
gbr,sex_t,edu_aggregate_total,mts_details_mrd,2010,8996.562
gbr,sex_t,edu_aggregate_total,mts_details_mrd,2011,9043.242
gbr,sex_t,edu_aggregate_total,mts_details_mrd,2012,9071.652
gbr,sex_t,edu_aggregate_total,mts_details_mrd,2013,9113.537
gbr,sex_t,edu_aggregate_total,mts_details_mrd,2014,9223.91
gbr,sex_t,edu_aggregate_total,mts_details_mrd,2015,9234.871
gbr,sex_t,edu_aggregate_total,mts_details_mrd,2016,9229.951
gbr,sex_t,edu_aggregate_total,mts_details_mrd,2017,9395.748
gbr,sex_t,edu_aggregate_total,mts_details_mrd,2018,9304.129
gbr,sex_t,edu_aggregate_total,mts_details_mrd,2019,9173.322
gbr,sex_t,edu_aggregate_total,mts_details_mrd,2020,9375.053
gbr,sex_t,edu_aggregate_total,mts_details_mrd,2021,9542.451
gbr,sex_t,edu_aggregate_total,mts_details_mrd,2022,9357.148
gbr,sex_t,edu_aggregate_total,mts_details_mrd,2023,9108.552
gbr,sex_t,edu_aggregate_total,mts_details_mrd,2024,9154.442
gbr,sex_t,edu_aggregate_total,mts_details_sep,2005,1654.947
gbr,sex_t,edu_aggregate_total,mts_details_sep,2006,1688.107
gbr,sex_t,edu_aggregate_total,mts_details_sep,2007,1772.298
gbr,sex_t,edu_aggregate_total,mts_details_sep,2008,1774.634
gbr,sex_t,edu_aggregate_total,mts_details_sep,2009,1818.626
gbr,sex_t,edu_aggregate_total,mts_details_sep,2010,1878.308
gbr,sex_t,edu_aggregate_total,mts_details_sep,2011,1985.313
gbr,sex_t,edu_aggregate_total,mts_details_sep,2012,1992.15
gbr,sex_t,edu_aggregate_total,mts_details_sep,2013,1938.29
gbr,sex_t,edu_aggregate_total,mts_details_sep,2014,2007.66
gbr,sex_t,edu_aggregate_total,mts_details_sep,2015,2015.407
gbr,sex_t,edu_aggregate_total,mts_details_sep,2016,2051.524
gbr,sex_t,edu_aggregate_total,mts_details_sep,2017,2050.202
gbr,sex_t,edu_aggregate_total,mts_details_sep,2018,2015.991
gbr,sex_t,edu_aggregate_total,mts_details_sep,2019,2069.5
gbr,sex_t,edu_aggregate_total,mts_details_sep,2020,2094.995
gbr,sex_t,edu_aggregate_total,mts_details_sep,2021,2102.929
gbr,sex_t,edu_aggregate_total,mts_details_sep,2022,2304.279
gbr,sex_t,edu_aggregate_total,mts_details_sep,2023,2366.079
gbr,sex_t,edu_aggregate_total,mts_details_sep,2024,2496.247
gbr,sex_t,edu_aggregate_total,mts_details_sgle,2005,4759.606
gbr,sex_t,edu_aggregate_total,mts_details_sgle,2006,4792.891
gbr,sex_t,edu_aggregate_total,mts_details_sgle,2007,4977.68
gbr,sex_t,edu_aggregate_total,mts_details_sgle,2008,5112.915
gbr,sex_t,edu_aggregate_total,mts_details_sgle,2009,5299.686
gbr,sex_t,edu_aggregate_total,mts_details_sgle,2010,5448.748
gbr,sex_t,edu_aggregate_total,mts_details_sgle,2011,5471.637
gbr,sex_t,edu_aggregate_total,mts_details_sgle,2012,5450.36
gbr,sex_t,edu_aggregate_total,mts_details_sgle,2013,5580.416
gbr,sex_t,edu_aggregate_total,mts_details_sgle,2014,5543.251
gbr,sex_t,edu_aggregate_total,mts_details_sgle,2015,5579.68
gbr,sex_t,edu_aggregate_total,mts_details_sgle,2016,5594.046
gbr,sex_t,edu_aggregate_total,mts_details_sgle,2017,5651.152
gbr,sex_t,edu_aggregate_total,mts_details_sgle,2018,5723.487
gbr,sex_t,edu_aggregate_total,mts_details_sgle,2019,5848.466
gbr,sex_t,edu_aggregate_total,mts_details_sgle,2020,5987.118
gbr,sex_t,edu_aggregate_total,mts_details_sgle,2021,6258.158
gbr,sex_t,edu_aggregate_total,mts_details_sgle,2022,6273.514
gbr,sex_t,edu_aggregate_total,mts_details_sgle,2023,6612.142
gbr,sex_t,edu_aggregate_total,mts_details_sgle,2024,6926.665
gbr,sex_t,edu_aggregate_total,mts_details_total,2005,18459.835
gbr,sex_t,edu_aggregate_total,mts_details_total,2006,18430.885
gbr,sex_t,edu_aggregate_total,mts_details_total,2007,18703.633
gbr,sex_t,edu_aggregate_total,mts_details_total,2008,18752.232
gbr,sex_t,edu_aggregate_total,mts_details_total,2009,19011.364
gbr,sex_t,edu_aggregate_total,mts_details_total,2010,19294.376
gbr,sex_t,edu_aggregate_total,mts_details_total,2011,19469.333
gbr,sex_t,edu_aggregate_total,mts_details_total,2012,19506.929
gbr,sex_t,edu_aggregate_total,mts_details_total,2013,19592.726
gbr,sex_t,edu_aggregate_total,mts_details_total,2014,19661.575
gbr,sex_t,edu_aggregate_total,mts_details_total,2015,19742.258
gbr,sex_t,edu_aggregate_total,mts_details_total,2016,19811.457
gbr,sex_t,edu_aggregate_total,mts_details_total,2017,19942.574
gbr,sex_t,edu_aggregate_total,mts_details_total,2018,19948.27
gbr,sex_t,edu_aggregate_total,mts_details_total,2019,20029.439
gbr,sex_t,edu_aggregate_total,mts_details_total,2020,20207.785
gbr,sex_t,edu_aggregate_total,mts_details_total,2021,20549.534
gbr,sex_t,edu_aggregate_total,mts_details_total,2022,20641.318
gbr,sex_t,edu_aggregate_total,mts_details_total,2023,20880.315
gbr,sex_t,edu_aggregate_total,mts_details_total,2024,21357.042
gbr,sex_t,edu_aggregate_total,mts_details_union,2006,8.451
gbr,sex_t,edu_aggregate_total,mts_details_union,2007,11.281
gbr,sex_t,edu_aggregate_total,mts_details_union,2008,13.251
gbr,sex_t,edu_aggregate_total,mts_details_union,2009,11.807
gbr,sex_t,edu_aggregate_total,mts_details_union,2010,16.529
gbr,sex_t,edu_aggregate_total,mts_details_union,2011,23.043
gbr,sex_t,edu_aggregate_total,mts_details_union,2012,26.536
gbr,sex_t,edu_aggregate_total,mts_details_union,2013,29.333
gbr,sex_t,edu_aggregate_total,mts_details_union,2014,25.014
gbr,sex_t,edu_aggregate_total,mts_details_union,2015,23.003
gbr,sex_t,edu_aggregate_total,mts_details_union,2016,24.587
gbr,sex_t,edu_aggregate_total,mts_details_union,2017,31.25
gbr,sex_t,edu_aggregate_total,mts_details_union,2018,36.629
gbr,sex_t,edu_aggregate_total,mts_details_union,2019,28.994
gbr,sex_t,edu_aggregate_total,mts_details_union,2020,52.157
gbr,sex_t,edu_aggregate_total,mts_details_union,2021,46.723
gbr,sex_t,edu_aggregate_total,mts_details_union,2022,58.933
gbr,sex_t,edu_aggregate_total,mts_details_union,2023,98.714
gbr,sex_t,edu_aggregate_total,mts_details_union,2024,104.968
gbr,sex_t,edu_aggregate_total,mts_details_wid,2005,3067.755
gbr,sex_t,edu_aggregate_total,mts_details_wid,2006,3037.83
gbr,sex_t,edu_aggregate_total,mts_details_wid,2007,3025.231
gbr,sex_t,edu_aggregate_total,mts_details_wid,2008,3018.59
gbr,sex_t,edu_aggregate_total,mts_details_wid,2009,2947.973
gbr,sex_t,edu_aggregate_total,mts_details_wid,2010,2954.23
gbr,sex_t,edu_aggregate_total,mts_details_wid,2011,2946.098
gbr,sex_t,edu_aggregate_total,mts_details_wid,2012,2966.23
gbr,sex_t,edu_aggregate_total,mts_details_wid,2013,2930.835
gbr,sex_t,edu_aggregate_total,mts_details_wid,2014,2861.74
gbr,sex_t,edu_aggregate_total,mts_details_wid,2015,2889.167
gbr,sex_t,edu_aggregate_total,mts_details_wid,2016,2909.498
gbr,sex_t,edu_aggregate_total,mts_details_wid,2017,2812.156
gbr,sex_t,edu_aggregate_total,mts_details_wid,2018,2868.035
gbr,sex_t,edu_aggregate_total,mts_details_wid,2019,2909.158
gbr,sex_t,edu_aggregate_total,mts_details_wid,2020,2698.461
gbr,sex_t,edu_aggregate_total,mts_details_wid,2021,2599.273
gbr,sex_t,edu_aggregate_total,mts_details_wid,2022,2647.443
gbr,sex_t,edu_aggregate_total,mts_details_wid,2023,2694.827
gbr,sex_t,edu_aggregate_total,mts_details_wid,2024,2673.712
gbr,sex_t,edu_aggregate_total,mts_details_x,2016,1.851
gbr,sex_t,edu_aggregate_total,mts_details_x,2017,2.065
gbr,sex_t,edu_aggregate_x,mts_aggregate_1,1999,5305.209
gbr,sex_t,edu_aggregate_x,mts_aggregate_1,2000,5240.987
gbr,sex_t,edu_aggregate_x,mts_aggregate_1,2001,5266.586
gbr,sex_t,edu_aggregate_x,mts_aggregate_1,2002,5228.532
gbr,sex_t,edu_aggregate_x,mts_aggregate_1,2003,5327.194
gbr,sex_t,edu_aggregate_x,mts_aggregate_1,2004,5021.534
gbr,sex_t,edu_aggregate_x,mts_aggregate_1,2005,8741.893
gbr,sex_t,edu_aggregate_x,mts_aggregate_1,2006,6318.762
gbr,sex_t,edu_aggregate_x,mts_aggregate_1,2007,6386.173
gbr,sex_t,edu_aggregate_x,mts_aggregate_1,2008,4458.241
gbr,sex_t,edu_aggregate_x,mts_aggregate_1,2009,4436.739
gbr,sex_t,edu_aggregate_x,mts_aggregate_1,2010,4443.236
gbr,sex_t,edu_aggregate_x,mts_aggregate_1,2011,4727.317
gbr,sex_t,edu_aggregate_x,mts_aggregate_1,2012,4507.189
gbr,sex_t,edu_aggregate_x,mts_aggregate_1,2013,4474.037
gbr,sex_t,edu_aggregate_x,mts_aggregate_1,2014,4480.218
gbr,sex_t,edu_aggregate_x,mts_aggregate_1,2015,4518.89
gbr,sex_t,edu_aggregate_x,mts_aggregate_1,2016,4610.268
gbr,sex_t,edu_aggregate_x,mts_aggregate_1,2017,4675.91
gbr,sex_t,edu_aggregate_x,mts_aggregate_1,2018,4757.122
gbr,sex_t,edu_aggregate_x,mts_aggregate_1,2019,4930.377
gbr,sex_t,edu_aggregate_x,mts_aggregate_1,2020,4833.842
gbr,sex_t,edu_aggregate_x,mts_aggregate_1,2021,4795.116
gbr,sex_t,edu_aggregate_x,mts_aggregate_1,2022,4971.025
gbr,sex_t,edu_aggregate_x,mts_aggregate_1,2023,4769.336
gbr,sex_t,edu_aggregate_x,mts_aggregate_1,2024,4856.766
gbr,sex_t,edu_aggregate_x,mts_aggregate_2,1999,5693.465
gbr,sex_t,edu_aggregate_x,mts_aggregate_2,2000,5799.841
gbr,sex_t,edu_aggregate_x,mts_aggregate_2,2001,5806.131
gbr,sex_t,edu_aggregate_x,mts_aggregate_2,2002,5817.711
gbr,sex_t,edu_aggregate_x,mts_aggregate_2,2003,5825.087
gbr,sex_t,edu_aggregate_x,mts_aggregate_2,2004,5468.977
gbr,sex_t,edu_aggregate_x,mts_aggregate_2,2005,8455.397
gbr,sex_t,edu_aggregate_x,mts_aggregate_2,2006,6542.05
gbr,sex_t,edu_aggregate_x,mts_aggregate_2,2007,6583.636
gbr,sex_t,edu_aggregate_x,mts_aggregate_2,2008,3988.302
gbr,sex_t,edu_aggregate_x,mts_aggregate_2,2009,4090.557
gbr,sex_t,edu_aggregate_x,mts_aggregate_2,2010,4158.851
gbr,sex_t,edu_aggregate_x,mts_aggregate_2,2011,4638.935
gbr,sex_t,edu_aggregate_x,mts_aggregate_2,2012,4116.002
gbr,sex_t,edu_aggregate_x,mts_aggregate_2,2013,4187.556
gbr,sex_t,edu_aggregate_x,mts_aggregate_2,2014,4259.195
gbr,sex_t,edu_aggregate_x,mts_aggregate_2,2015,4417.98
gbr,sex_t,edu_aggregate_x,mts_aggregate_2,2016,4475.939
gbr,sex_t,edu_aggregate_x,mts_aggregate_2,2017,4757.635
gbr,sex_t,edu_aggregate_x,mts_aggregate_2,2018,4849.495
gbr,sex_t,edu_aggregate_x,mts_aggregate_2,2019,4800.292
gbr,sex_t,edu_aggregate_x,mts_aggregate_2,2020,5133.321
gbr,sex_t,edu_aggregate_x,mts_aggregate_2,2021,5275.098
gbr,sex_t,edu_aggregate_x,mts_aggregate_2,2022,4991.516
gbr,sex_t,edu_aggregate_x,mts_aggregate_2,2023,4829.568
gbr,sex_t,edu_aggregate_x,mts_aggregate_2,2024,4837.892
gbr,sex_t,edu_aggregate_x,mts_aggregate_total,1999,10998.674
gbr,sex_t,edu_aggregate_x,mts_aggregate_total,2000,11040.828
gbr,sex_t,edu_aggregate_x,mts_aggregate_total,2001,11072.717
gbr,sex_t,edu_aggregate_x,mts_aggregate_total,2002,11046.243
gbr,sex_t,edu_aggregate_x,mts_aggregate_total,2003,11152.281
gbr,sex_t,edu_aggregate_x,mts_aggregate_total,2004,10490.511
gbr,sex_t,edu_aggregate_x,mts_aggregate_total,2005,17197.29
gbr,sex_t,edu_aggregate_x,mts_aggregate_total,2006,12860.813
gbr,sex_t,edu_aggregate_x,mts_aggregate_total,2007,12969.809
gbr,sex_t,edu_aggregate_x,mts_aggregate_total,2008,8446.542
gbr,sex_t,edu_aggregate_x,mts_aggregate_total,2009,8527.375
gbr,sex_t,edu_aggregate_x,mts_aggregate_total,2010,8602.087
gbr,sex_t,edu_aggregate_x,mts_aggregate_total,2011,9366.252
gbr,sex_t,edu_aggregate_x,mts_aggregate_total,2012,8623.191
gbr,sex_t,edu_aggregate_x,mts_aggregate_total,2013,8661.908
gbr,sex_t,edu_aggregate_x,mts_aggregate_total,2014,8739.413
gbr,sex_t,edu_aggregate_x,mts_aggregate_total,2015,8937
gbr,sex_t,edu_aggregate_x,mts_aggregate_total,2016,9088.058
gbr,sex_t,edu_aggregate_x,mts_aggregate_total,2017,9435.609
gbr,sex_t,edu_aggregate_x,mts_aggregate_total,2018,9606.617
gbr,sex_t,edu_aggregate_x,mts_aggregate_total,2019,9730.669
gbr,sex_t,edu_aggregate_x,mts_aggregate_total,2020,9967.163
gbr,sex_t,edu_aggregate_x,mts_aggregate_total,2021,10070.214
gbr,sex_t,edu_aggregate_x,mts_aggregate_total,2022,9962.54
gbr,sex_t,edu_aggregate_x,mts_aggregate_total,2023,9598.904
gbr,sex_t,edu_aggregate_x,mts_aggregate_total,2024,9694.821
gbr,sex_t,edu_aggregate_x,mts_aggregate_x,2016,1.851
gbr,sex_t,edu_aggregate_x,mts_aggregate_x,2017,2.065
gbr,sex_t,edu_aggregate_x,mts_details_mrd,2005,8455.397
gbr,sex_t,edu_aggregate_x,mts_details_mrd,2006,6538.977
gbr,sex_t,edu_aggregate_x,mts_details_mrd,2007,6578.337
gbr,sex_t,edu_aggregate_x,mts_details_mrd,2008,3984.102
gbr,sex_t,edu_aggregate_x,mts_details_mrd,2009,4088.603
gbr,sex_t,edu_aggregate_x,mts_details_mrd,2010,4156.029
gbr,sex_t,edu_aggregate_x,mts_details_mrd,2011,4631.194
gbr,sex_t,edu_aggregate_x,mts_details_mrd,2012,4107.215
gbr,sex_t,edu_aggregate_x,mts_details_mrd,2013,4177.805
gbr,sex_t,edu_aggregate_x,mts_details_mrd,2014,4250.961
gbr,sex_t,edu_aggregate_x,mts_details_mrd,2015,4409.185
gbr,sex_t,edu_aggregate_x,mts_details_mrd,2016,4464.237
gbr,sex_t,edu_aggregate_x,mts_details_mrd,2017,4747.645
gbr,sex_t,edu_aggregate_x,mts_details_mrd,2018,4840.196
gbr,sex_t,edu_aggregate_x,mts_details_mrd,2019,4787.482
gbr,sex_t,edu_aggregate_x,mts_details_mrd,2020,5120.136
gbr,sex_t,edu_aggregate_x,mts_details_mrd,2021,5258.252
gbr,sex_t,edu_aggregate_x,mts_details_mrd,2022,4979.606
gbr,sex_t,edu_aggregate_x,mts_details_mrd,2023,4791.517
gbr,sex_t,edu_aggregate_x,mts_details_mrd,2024,4799.804
gbr,sex_t,edu_aggregate_x,mts_details_sep,2005,1508.236
gbr,sex_t,edu_aggregate_x,mts_details_sep,2006,1116.457
gbr,sex_t,edu_aggregate_x,mts_details_sep,2007,1181.683
gbr,sex_t,edu_aggregate_x,mts_details_sep,2008,582.085
gbr,sex_t,edu_aggregate_x,mts_details_sep,2009,615.604
gbr,sex_t,edu_aggregate_x,mts_details_sep,2010,611.183
gbr,sex_t,edu_aggregate_x,mts_details_sep,2011,775.696
gbr,sex_t,edu_aggregate_x,mts_details_sep,2012,688.398
gbr,sex_t,edu_aggregate_x,mts_details_sep,2013,705.374
gbr,sex_t,edu_aggregate_x,mts_details_sep,2014,739.229
gbr,sex_t,edu_aggregate_x,mts_details_sep,2015,773.202
gbr,sex_t,edu_aggregate_x,mts_details_sep,2016,815.162
gbr,sex_t,edu_aggregate_x,mts_details_sep,2017,885.277
gbr,sex_t,edu_aggregate_x,mts_details_sep,2018,892.838
gbr,sex_t,edu_aggregate_x,mts_details_sep,2019,961.072
gbr,sex_t,edu_aggregate_x,mts_details_sep,2020,994.821
gbr,sex_t,edu_aggregate_x,mts_details_sep,2021,1031.125
gbr,sex_t,edu_aggregate_x,mts_details_sep,2022,1050.294
gbr,sex_t,edu_aggregate_x,mts_details_sep,2023,1012.283
gbr,sex_t,edu_aggregate_x,mts_details_sep,2024,1127.789
gbr,sex_t,edu_aggregate_x,mts_details_sgle,2005,4188.661
gbr,sex_t,edu_aggregate_x,mts_details_sgle,2006,2259.368
gbr,sex_t,edu_aggregate_x,mts_details_sgle,2007,2273.436
gbr,sex_t,edu_aggregate_x,mts_details_sgle,2008,1382.919
gbr,sex_t,edu_aggregate_x,mts_details_sgle,2009,1380.767
gbr,sex_t,edu_aggregate_x,mts_details_sgle,2010,1386.604
gbr,sex_t,edu_aggregate_x,mts_details_sgle,2011,1371.592
gbr,sex_t,edu_aggregate_x,mts_details_sgle,2012,1346.974
gbr,sex_t,edu_aggregate_x,mts_details_sgle,2013,1322.406
gbr,sex_t,edu_aggregate_x,mts_details_sgle,2014,1321.031
gbr,sex_t,edu_aggregate_x,mts_details_sgle,2015,1306.349
gbr,sex_t,edu_aggregate_x,mts_details_sgle,2016,1313.432
gbr,sex_t,edu_aggregate_x,mts_details_sgle,2017,1379.83
gbr,sex_t,edu_aggregate_x,mts_details_sgle,2018,1382.86
gbr,sex_t,edu_aggregate_x,mts_details_sgle,2019,1436.586
gbr,sex_t,edu_aggregate_x,mts_details_sgle,2020,1492.557
gbr,sex_t,edu_aggregate_x,mts_details_sgle,2021,1510.55
gbr,sex_t,edu_aggregate_x,mts_details_sgle,2022,1642.184
gbr,sex_t,edu_aggregate_x,mts_details_sgle,2023,1457.102
gbr,sex_t,edu_aggregate_x,mts_details_sgle,2024,1441.291
gbr,sex_t,edu_aggregate_x,mts_details_total,2005,17197.29
gbr,sex_t,edu_aggregate_x,mts_details_total,2006,12860.813
gbr,sex_t,edu_aggregate_x,mts_details_total,2007,12969.809
gbr,sex_t,edu_aggregate_x,mts_details_total,2008,8446.542
gbr,sex_t,edu_aggregate_x,mts_details_total,2009,8527.375
gbr,sex_t,edu_aggregate_x,mts_details_total,2010,8602.087
gbr,sex_t,edu_aggregate_x,mts_details_total,2011,9366.252
gbr,sex_t,edu_aggregate_x,mts_details_total,2012,8623.191
gbr,sex_t,edu_aggregate_x,mts_details_total,2013,8661.908
gbr,sex_t,edu_aggregate_x,mts_details_total,2014,8739.413
gbr,sex_t,edu_aggregate_x,mts_details_total,2015,8937
gbr,sex_t,edu_aggregate_x,mts_details_total,2016,9088.058
gbr,sex_t,edu_aggregate_x,mts_details_total,2017,9435.609
gbr,sex_t,edu_aggregate_x,mts_details_total,2018,9606.617
gbr,sex_t,edu_aggregate_x,mts_details_total,2019,9730.669
gbr,sex_t,edu_aggregate_x,mts_details_total,2020,9967.163
gbr,sex_t,edu_aggregate_x,mts_details_total,2021,10070.214
gbr,sex_t,edu_aggregate_x,mts_details_total,2022,9962.54
gbr,sex_t,edu_aggregate_x,mts_details_total,2023,9598.904
gbr,sex_t,edu_aggregate_x,mts_details_total,2024,9694.821
gbr,sex_t,edu_aggregate_x,mts_details_union,2006,3.074
gbr,sex_t,edu_aggregate_x,mts_details_union,2007,5.299
gbr,sex_t,edu_aggregate_x,mts_details_union,2008,4.199
gbr,sex_t,edu_aggregate_x,mts_details_union,2009,1.954
gbr,sex_t,edu_aggregate_x,mts_details_union,2010,2.822
gbr,sex_t,edu_aggregate_x,mts_details_union,2011,7.742
gbr,sex_t,edu_aggregate_x,mts_details_union,2012,8.787
gbr,sex_t,edu_aggregate_x,mts_details_union,2013,9.752
gbr,sex_t,edu_aggregate_x,mts_details_union,2014,8.235
gbr,sex_t,edu_aggregate_x,mts_details_union,2015,8.794
gbr,sex_t,edu_aggregate_x,mts_details_union,2016,11.702
gbr,sex_t,edu_aggregate_x,mts_details_union,2017,9.99
gbr,sex_t,edu_aggregate_x,mts_details_union,2018,9.3
gbr,sex_t,edu_aggregate_x,mts_details_union,2019,12.81
gbr,sex_t,edu_aggregate_x,mts_details_union,2020,13.184
gbr,sex_t,edu_aggregate_x,mts_details_union,2021,16.846
gbr,sex_t,edu_aggregate_x,mts_details_union,2022,11.91
gbr,sex_t,edu_aggregate_x,mts_details_union,2023,38.05
gbr,sex_t,edu_aggregate_x,mts_details_union,2024,38.087
gbr,sex_t,edu_aggregate_x,mts_details_wid,2005,3044.997
gbr,sex_t,edu_aggregate_x,mts_details_wid,2006,2942.937
gbr,sex_t,edu_aggregate_x,mts_details_wid,2007,2931.054
gbr,sex_t,edu_aggregate_x,mts_details_wid,2008,2493.237
gbr,sex_t,edu_aggregate_x,mts_details_wid,2009,2440.367
gbr,sex_t,edu_aggregate_x,mts_details_wid,2010,2445.448
gbr,sex_t,edu_aggregate_x,mts_details_wid,2011,2580.029
gbr,sex_t,edu_aggregate_x,mts_details_wid,2012,2471.817
gbr,sex_t,edu_aggregate_x,mts_details_wid,2013,2446.257
gbr,sex_t,edu_aggregate_x,mts_details_wid,2014,2419.958
gbr,sex_t,edu_aggregate_x,mts_details_wid,2015,2439.34
gbr,sex_t,edu_aggregate_x,mts_details_wid,2016,2481.674
gbr,sex_t,edu_aggregate_x,mts_details_wid,2017,2410.802
gbr,sex_t,edu_aggregate_x,mts_details_wid,2018,2481.424
gbr,sex_t,edu_aggregate_x,mts_details_wid,2019,2532.719
gbr,sex_t,edu_aggregate_x,mts_details_wid,2020,2346.465
gbr,sex_t,edu_aggregate_x,mts_details_wid,2021,2253.441
gbr,sex_t,edu_aggregate_x,mts_details_wid,2022,2278.546
gbr,sex_t,edu_aggregate_x,mts_details_wid,2023,2299.951
gbr,sex_t,edu_aggregate_x,mts_details_wid,2024,2287.686
gbr,sex_t,edu_aggregate_x,mts_details_x,2016,1.851
gbr,sex_t,edu_aggregate_x,mts_details_x,2017,2.065
gbr,sex_t,edu_isced11_0,mts_aggregate_1,2022,57.809
gbr,sex_t,edu_isced11_0,mts_aggregate_1,2023,53.608
gbr,sex_t,edu_isced11_0,mts_aggregate_1,2024,47.383
gbr,sex_t,edu_isced11_0,mts_aggregate_2,2022,40.14
gbr,sex_t,edu_isced11_0,mts_aggregate_2,2023,38.301
gbr,sex_t,edu_isced11_0,mts_aggregate_2,2024,30.606
gbr,sex_t,edu_isced11_0,mts_aggregate_total,2022,97.948
gbr,sex_t,edu_isced11_0,mts_aggregate_total,2023,91.908
gbr,sex_t,edu_isced11_0,mts_aggregate_total,2024,78.339
gbr,sex_t,edu_isced11_0,mts_details_mrd,2022,40.14
gbr,sex_t,edu_isced11_0,mts_details_mrd,2023,37.899
gbr,sex_t,edu_isced11_0,mts_details_mrd,2024,30.606
gbr,sex_t,edu_isced11_0,mts_details_sep,2022,9.539
gbr,sex_t,edu_isced11_0,mts_details_sep,2023,11.185
gbr,sex_t,edu_isced11_0,mts_details_sep,2024,9.699
gbr,sex_t,edu_isced11_0,mts_details_sgle,2022,44.196
gbr,sex_t,edu_isced11_0,mts_details_sgle,2023,37.63
gbr,sex_t,edu_isced11_0,mts_details_sgle,2024,34.691
gbr,sex_t,edu_isced11_0,mts_details_total,2022,97.948
gbr,sex_t,edu_isced11_0,mts_details_total,2023,91.908
gbr,sex_t,edu_isced11_0,mts_details_total,2024,78.339
gbr,sex_t,edu_isced11_0,mts_details_wid,2022,4.074
gbr,sex_t,edu_isced11_0,mts_details_wid,2023,4.793
gbr,sex_t,edu_isced11_0,mts_details_wid,2024,2.993
gbr,sex_t,edu_isced11_1,mts_aggregate_1,2022,58.179
gbr,sex_t,edu_isced11_1,mts_aggregate_1,2023,68.456
gbr,sex_t,edu_isced11_1,mts_aggregate_1,2024,86.29
gbr,sex_t,edu_isced11_1,mts_aggregate_2,2022,37.866
gbr,sex_t,edu_isced11_1,mts_aggregate_2,2023,32.689
gbr,sex_t,edu_isced11_1,mts_aggregate_2,2024,31.032
gbr,sex_t,edu_isced11_1,mts_aggregate_total,2022,96.045
gbr,sex_t,edu_isced11_1,mts_aggregate_total,2023,101.145
gbr,sex_t,edu_isced11_1,mts_aggregate_total,2024,117.322
gbr,sex_t,edu_isced11_1,mts_details_mrd,2022,37.866
gbr,sex_t,edu_isced11_1,mts_details_mrd,2023,32.689
gbr,sex_t,edu_isced11_1,mts_details_mrd,2024,31.032
gbr,sex_t,edu_isced11_1,mts_details_sep,2022,15.646
gbr,sex_t,edu_isced11_1,mts_details_sep,2023,14.508
gbr,sex_t,edu_isced11_1,mts_details_sep,2024,16.048
gbr,sex_t,edu_isced11_1,mts_details_sgle,2022,38.249
gbr,sex_t,edu_isced11_1,mts_details_sgle,2023,47.608
gbr,sex_t,edu_isced11_1,mts_details_sgle,2024,63.555
gbr,sex_t,edu_isced11_1,mts_details_total,2022,96.045
gbr,sex_t,edu_isced11_1,mts_details_total,2023,101.145
gbr,sex_t,edu_isced11_1,mts_details_total,2024,117.322
gbr,sex_t,edu_isced11_1,mts_details_wid,2022,4.284
gbr,sex_t,edu_isced11_1,mts_details_wid,2023,6.339
gbr,sex_t,edu_isced11_1,mts_details_wid,2024,6.687
gbr,sex_t,edu_isced11_2,mts_aggregate_1,2005,202.824
gbr,sex_t,edu_isced11_2,mts_aggregate_1,2006,1504.543
gbr,sex_t,edu_isced11_2,mts_aggregate_1,2007,1583.151
gbr,sex_t,edu_isced11_2,mts_aggregate_1,2008,1539.496
gbr,sex_t,edu_isced11_2,mts_aggregate_1,2009,1639.816
gbr,sex_t,edu_isced11_2,mts_aggregate_1,2010,1746.695
gbr,sex_t,edu_isced11_2,mts_aggregate_1,2011,1653.381
gbr,sex_t,edu_isced11_2,mts_aggregate_1,2012,1649.39
gbr,sex_t,edu_isced11_2,mts_aggregate_1,2013,1690.061
gbr,sex_t,edu_isced11_2,mts_aggregate_1,2014,1700.05
gbr,sex_t,edu_isced11_2,mts_aggregate_1,2015,1661.395
gbr,sex_t,edu_isced11_2,mts_aggregate_1,2016,1659.433
gbr,sex_t,edu_isced11_2,mts_aggregate_1,2017,1673.406
gbr,sex_t,edu_isced11_2,mts_aggregate_1,2018,1678.698
gbr,sex_t,edu_isced11_2,mts_aggregate_1,2019,1697.755
gbr,sex_t,edu_isced11_2,mts_aggregate_1,2020,1794.929
gbr,sex_t,edu_isced11_2,mts_aggregate_1,2021,1957.242
gbr,sex_t,edu_isced11_2,mts_aggregate_1,2022,2113.484
gbr,sex_t,edu_isced11_2,mts_aggregate_1,2023,2257.009
gbr,sex_t,edu_isced11_2,mts_aggregate_1,2024,2504.858
gbr,sex_t,edu_isced11_2,mts_aggregate_2,2005,120.2
gbr,sex_t,edu_isced11_2,mts_aggregate_2,2006,1085.998
gbr,sex_t,edu_isced11_2,mts_aggregate_2,2007,1048.155
gbr,sex_t,edu_isced11_2,mts_aggregate_2,2008,1031.303
gbr,sex_t,edu_isced11_2,mts_aggregate_2,2009,1107.986
gbr,sex_t,edu_isced11_2,mts_aggregate_2,2010,1129.417
gbr,sex_t,edu_isced11_2,mts_aggregate_2,2011,972.093
gbr,sex_t,edu_isced11_2,mts_aggregate_2,2012,1108.172
gbr,sex_t,edu_isced11_2,mts_aggregate_2,2013,1075.359
gbr,sex_t,edu_isced11_2,mts_aggregate_2,2014,1081.428
gbr,sex_t,edu_isced11_2,mts_aggregate_2,2015,1025.789
gbr,sex_t,edu_isced11_2,mts_aggregate_2,2016,1046.944
gbr,sex_t,edu_isced11_2,mts_aggregate_2,2017,1004.681
gbr,sex_t,edu_isced11_2,mts_aggregate_2,2018,991.253
gbr,sex_t,edu_isced11_2,mts_aggregate_2,2019,957.609
gbr,sex_t,edu_isced11_2,mts_aggregate_2,2020,937.961
gbr,sex_t,edu_isced11_2,mts_aggregate_2,2021,959.962
gbr,sex_t,edu_isced11_2,mts_aggregate_2,2022,1135.874
gbr,sex_t,edu_isced11_2,mts_aggregate_2,2023,1145.377
gbr,sex_t,edu_isced11_2,mts_aggregate_2,2024,1057.53
gbr,sex_t,edu_isced11_2,mts_aggregate_total,2005,323.025
gbr,sex_t,edu_isced11_2,mts_aggregate_total,2006,2590.541
gbr,sex_t,edu_isced11_2,mts_aggregate_total,2007,2631.305
gbr,sex_t,edu_isced11_2,mts_aggregate_total,2008,2570.799
gbr,sex_t,edu_isced11_2,mts_aggregate_total,2009,2747.802
gbr,sex_t,edu_isced11_2,mts_aggregate_total,2010,2876.112
gbr,sex_t,edu_isced11_2,mts_aggregate_total,2011,2625.474
gbr,sex_t,edu_isced11_2,mts_aggregate_total,2012,2757.562
gbr,sex_t,edu_isced11_2,mts_aggregate_total,2013,2765.419
gbr,sex_t,edu_isced11_2,mts_aggregate_total,2014,2781.478
gbr,sex_t,edu_isced11_2,mts_aggregate_total,2015,2687.184
gbr,sex_t,edu_isced11_2,mts_aggregate_total,2016,2706.377
gbr,sex_t,edu_isced11_2,mts_aggregate_total,2017,2678.087
gbr,sex_t,edu_isced11_2,mts_aggregate_total,2018,2669.95
gbr,sex_t,edu_isced11_2,mts_aggregate_total,2019,2655.364
gbr,sex_t,edu_isced11_2,mts_aggregate_total,2020,2732.89
gbr,sex_t,edu_isced11_2,mts_aggregate_total,2021,2917.204
gbr,sex_t,edu_isced11_2,mts_aggregate_total,2022,3249.358
gbr,sex_t,edu_isced11_2,mts_aggregate_total,2023,3402.386
gbr,sex_t,edu_isced11_2,mts_aggregate_total,2024,3562.388
gbr,sex_t,edu_isced11_2,mts_details_mrd,2005,120.2
gbr,sex_t,edu_isced11_2,mts_details_mrd,2006,1084.987
gbr,sex_t,edu_isced11_2,mts_details_mrd,2007,1045.529
gbr,sex_t,edu_isced11_2,mts_details_mrd,2008,1029.949
gbr,sex_t,edu_isced11_2,mts_details_mrd,2009,1107.196
gbr,sex_t,edu_isced11_2,mts_details_mrd,2010,1126.338
gbr,sex_t,edu_isced11_2,mts_details_mrd,2011,968.689
gbr,sex_t,edu_isced11_2,mts_details_mrd,2012,1104.464
gbr,sex_t,edu_isced11_2,mts_details_mrd,2013,1071.247
gbr,sex_t,edu_isced11_2,mts_details_mrd,2014,1076.497
gbr,sex_t,edu_isced11_2,mts_details_mrd,2015,1023.258
gbr,sex_t,edu_isced11_2,mts_details_mrd,2016,1042.514
gbr,sex_t,edu_isced11_2,mts_details_mrd,2017,998.002
gbr,sex_t,edu_isced11_2,mts_details_mrd,2018,986.373
gbr,sex_t,edu_isced11_2,mts_details_mrd,2019,954.144
gbr,sex_t,edu_isced11_2,mts_details_mrd,2020,929.279
gbr,sex_t,edu_isced11_2,mts_details_mrd,2021,953.737
gbr,sex_t,edu_isced11_2,mts_details_mrd,2022,1121.298
gbr,sex_t,edu_isced11_2,mts_details_mrd,2023,1124.43
gbr,sex_t,edu_isced11_2,mts_details_mrd,2024,1041.553
gbr,sex_t,edu_isced11_2,mts_details_sep,2005,34.53
gbr,sex_t,edu_isced11_2,mts_details_sep,2006,280.281
gbr,sex_t,edu_isced11_2,mts_details_sep,2007,291.276
gbr,sex_t,edu_isced11_2,mts_details_sep,2008,276.506
gbr,sex_t,edu_isced11_2,mts_details_sep,2009,290.704
gbr,sex_t,edu_isced11_2,mts_details_sep,2010,303.38
gbr,sex_t,edu_isced11_2,mts_details_sep,2011,277.226
gbr,sex_t,edu_isced11_2,mts_details_sep,2012,288.634
gbr,sex_t,edu_isced11_2,mts_details_sep,2013,276.168
gbr,sex_t,edu_isced11_2,mts_details_sep,2014,277.536
gbr,sex_t,edu_isced11_2,mts_details_sep,2015,266.96
gbr,sex_t,edu_isced11_2,mts_details_sep,2016,272.758
gbr,sex_t,edu_isced11_2,mts_details_sep,2017,272.851
gbr,sex_t,edu_isced11_2,mts_details_sep,2018,251.772
gbr,sex_t,edu_isced11_2,mts_details_sep,2019,249.278
gbr,sex_t,edu_isced11_2,mts_details_sep,2020,264.375
gbr,sex_t,edu_isced11_2,mts_details_sep,2021,273.054
gbr,sex_t,edu_isced11_2,mts_details_sep,2022,431.343
gbr,sex_t,edu_isced11_2,mts_details_sep,2023,452.671
gbr,sex_t,edu_isced11_2,mts_details_sep,2024,465.707
gbr,sex_t,edu_isced11_2,mts_details_sgle,2005,164.962
gbr,sex_t,edu_isced11_2,mts_details_sgle,2006,1175.142
gbr,sex_t,edu_isced11_2,mts_details_sgle,2007,1245.766
gbr,sex_t,edu_isced11_2,mts_details_sgle,2008,1167.485
gbr,sex_t,edu_isced11_2,mts_details_sgle,2009,1254.691
gbr,sex_t,edu_isced11_2,mts_details_sgle,2010,1350.515
gbr,sex_t,edu_isced11_2,mts_details_sgle,2011,1312.526
gbr,sex_t,edu_isced11_2,mts_details_sgle,2012,1264.847
gbr,sex_t,edu_isced11_2,mts_details_sgle,2013,1320.316
gbr,sex_t,edu_isced11_2,mts_details_sgle,2014,1339.454
gbr,sex_t,edu_isced11_2,mts_details_sgle,2015,1303.92
gbr,sex_t,edu_isced11_2,mts_details_sgle,2016,1296.064
gbr,sex_t,edu_isced11_2,mts_details_sgle,2017,1313.84
gbr,sex_t,edu_isced11_2,mts_details_sgle,2018,1351.174
gbr,sex_t,edu_isced11_2,mts_details_sgle,2019,1371.257
gbr,sex_t,edu_isced11_2,mts_details_sgle,2020,1453.593
gbr,sex_t,edu_isced11_2,mts_details_sgle,2021,1608.788
gbr,sex_t,edu_isced11_2,mts_details_sgle,2022,1541.9
gbr,sex_t,edu_isced11_2,mts_details_sgle,2023,1670.454
gbr,sex_t,edu_isced11_2,mts_details_sgle,2024,1895.239
gbr,sex_t,edu_isced11_2,mts_details_total,2005,323.025
gbr,sex_t,edu_isced11_2,mts_details_total,2006,2590.541
gbr,sex_t,edu_isced11_2,mts_details_total,2007,2631.305
gbr,sex_t,edu_isced11_2,mts_details_total,2008,2570.799
gbr,sex_t,edu_isced11_2,mts_details_total,2009,2747.802
gbr,sex_t,edu_isced11_2,mts_details_total,2010,2876.112
gbr,sex_t,edu_isced11_2,mts_details_total,2011,2625.474
gbr,sex_t,edu_isced11_2,mts_details_total,2012,2757.562
gbr,sex_t,edu_isced11_2,mts_details_total,2013,2765.419
gbr,sex_t,edu_isced11_2,mts_details_total,2014,2781.478
gbr,sex_t,edu_isced11_2,mts_details_total,2015,2687.184
gbr,sex_t,edu_isced11_2,mts_details_total,2016,2706.377
gbr,sex_t,edu_isced11_2,mts_details_total,2017,2678.087
gbr,sex_t,edu_isced11_2,mts_details_total,2018,2669.95
gbr,sex_t,edu_isced11_2,mts_details_total,2019,2655.364
gbr,sex_t,edu_isced11_2,mts_details_total,2020,2732.89
gbr,sex_t,edu_isced11_2,mts_details_total,2021,2917.204
gbr,sex_t,edu_isced11_2,mts_details_total,2022,3249.358
gbr,sex_t,edu_isced11_2,mts_details_total,2023,3402.386
gbr,sex_t,edu_isced11_2,mts_details_total,2024,3562.388
gbr,sex_t,edu_isced11_2,mts_details_union,2006,1.012
gbr,sex_t,edu_isced11_2,mts_details_union,2007,2.626
gbr,sex_t,edu_isced11_2,mts_details_union,2008,1.355
gbr,sex_t,edu_isced11_2,mts_details_union,2009,0.79
gbr,sex_t,edu_isced11_2,mts_details_union,2010,3.079
gbr,sex_t,edu_isced11_2,mts_details_union,2011,3.404
gbr,sex_t,edu_isced11_2,mts_details_union,2012,3.708
gbr,sex_t,edu_isced11_2,mts_details_union,2013,4.111
gbr,sex_t,edu_isced11_2,mts_details_union,2014,4.931
gbr,sex_t,edu_isced11_2,mts_details_union,2015,2.531
gbr,sex_t,edu_isced11_2,mts_details_union,2016,4.429
gbr,sex_t,edu_isced11_2,mts_details_union,2017,6.679
gbr,sex_t,edu_isced11_2,mts_details_union,2018,4.88
gbr,sex_t,edu_isced11_2,mts_details_union,2019,3.464
gbr,sex_t,edu_isced11_2,mts_details_union,2020,8.682
gbr,sex_t,edu_isced11_2,mts_details_union,2021,6.225
gbr,sex_t,edu_isced11_2,mts_details_union,2022,14.577
gbr,sex_t,edu_isced11_2,mts_details_union,2023,20.948
gbr,sex_t,edu_isced11_2,mts_details_union,2024,15.977
gbr,sex_t,edu_isced11_2,mts_details_wid,2005,3.332
gbr,sex_t,edu_isced11_2,mts_details_wid,2006,49.12
gbr,sex_t,edu_isced11_2,mts_details_wid,2007,46.109
gbr,sex_t,edu_isced11_2,mts_details_wid,2008,95.504
gbr,sex_t,edu_isced11_2,mts_details_wid,2009,94.421
gbr,sex_t,edu_isced11_2,mts_details_wid,2010,92.799
gbr,sex_t,edu_isced11_2,mts_details_wid,2011,63.628
gbr,sex_t,edu_isced11_2,mts_details_wid,2012,95.909
gbr,sex_t,edu_isced11_2,mts_details_wid,2013,93.576
gbr,sex_t,edu_isced11_2,mts_details_wid,2014,83.059
gbr,sex_t,edu_isced11_2,mts_details_wid,2015,90.514
gbr,sex_t,edu_isced11_2,mts_details_wid,2016,90.612
gbr,sex_t,edu_isced11_2,mts_details_wid,2017,86.714
gbr,sex_t,edu_isced11_2,mts_details_wid,2018,75.752
gbr,sex_t,edu_isced11_2,mts_details_wid,2019,77.22
gbr,sex_t,edu_isced11_2,mts_details_wid,2020,76.961
gbr,sex_t,edu_isced11_2,mts_details_wid,2021,75.4
gbr,sex_t,edu_isced11_2,mts_details_wid,2022,140.24
gbr,sex_t,edu_isced11_2,mts_details_wid,2023,133.885
gbr,sex_t,edu_isced11_2,mts_details_wid,2024,143.912
gbr,sex_t,edu_isced11_3,mts_aggregate_1,2005,231.734
gbr,sex_t,edu_isced11_3,mts_aggregate_1,2006,1221.23
gbr,sex_t,edu_isced11_3,mts_aggregate_1,2007,1284.138
gbr,sex_t,edu_isced11_3,mts_aggregate_1,2008,1448.221
gbr,sex_t,edu_isced11_3,mts_aggregate_1,2009,1553.19
gbr,sex_t,edu_isced11_3,mts_aggregate_1,2010,1639.999
gbr,sex_t,edu_isced11_3,mts_aggregate_1,2011,1745.653
gbr,sex_t,edu_isced11_3,mts_aggregate_1,2012,1808.905
gbr,sex_t,edu_isced11_3,mts_aggregate_1,2013,1873.342
gbr,sex_t,edu_isced11_3,mts_aggregate_1,2014,1868.9
gbr,sex_t,edu_isced11_3,mts_aggregate_1,2015,1883.864
gbr,sex_t,edu_isced11_3,mts_aggregate_1,2016,1866.961
gbr,sex_t,edu_isced11_3,mts_aggregate_1,2017,1827.328
gbr,sex_t,edu_isced11_3,mts_aggregate_1,2018,1846.178
gbr,sex_t,edu_isced11_3,mts_aggregate_1,2019,1856.723
gbr,sex_t,edu_isced11_3,mts_aggregate_1,2020,1795.61
gbr,sex_t,edu_isced11_3,mts_aggregate_1,2021,1879.964
gbr,sex_t,edu_isced11_3,mts_aggregate_1,2022,2876.61
gbr,sex_t,edu_isced11_3,mts_aggregate_1,2023,3223.566
gbr,sex_t,edu_isced11_3,mts_aggregate_1,2024,3352.147
gbr,sex_t,edu_isced11_3,mts_aggregate_2,2005,119.798
gbr,sex_t,edu_isced11_3,mts_aggregate_2,2006,649.968
gbr,sex_t,edu_isced11_3,mts_aggregate_2,2007,622.015
gbr,sex_t,edu_isced11_3,mts_aggregate_2,2008,935.686
gbr,sex_t,edu_isced11_3,mts_aggregate_2,2009,997.708
gbr,sex_t,edu_isced11_3,mts_aggregate_2,2010,1041.147
gbr,sex_t,edu_isced11_3,mts_aggregate_2,2011,1059.027
gbr,sex_t,edu_isced11_3,mts_aggregate_2,2012,1088.914
gbr,sex_t,edu_isced11_3,mts_aggregate_2,2013,1101.246
gbr,sex_t,edu_isced11_3,mts_aggregate_2,2014,1150.702
gbr,sex_t,edu_isced11_3,mts_aggregate_2,2015,1136.11
gbr,sex_t,edu_isced11_3,mts_aggregate_2,2016,1140.768
gbr,sex_t,edu_isced11_3,mts_aggregate_2,2017,1104.881
gbr,sex_t,edu_isced11_3,mts_aggregate_2,2018,1060.668
gbr,sex_t,edu_isced11_3,mts_aggregate_2,2019,1046.801
gbr,sex_t,edu_isced11_3,mts_aggregate_2,2020,1043.211
gbr,sex_t,edu_isced11_3,mts_aggregate_2,2021,1052.52
gbr,sex_t,edu_isced11_3,mts_aggregate_2,2022,1580.237
gbr,sex_t,edu_isced11_3,mts_aggregate_2,2023,1556.076
gbr,sex_t,edu_isced11_3,mts_aggregate_2,2024,1623.31
gbr,sex_t,edu_isced11_3,mts_aggregate_total,2005,351.533
gbr,sex_t,edu_isced11_3,mts_aggregate_total,2006,1871.197
gbr,sex_t,edu_isced11_3,mts_aggregate_total,2007,1906.153
gbr,sex_t,edu_isced11_3,mts_aggregate_total,2008,2383.907
gbr,sex_t,edu_isced11_3,mts_aggregate_total,2009,2551.009
gbr,sex_t,edu_isced11_3,mts_aggregate_total,2010,2681.146
gbr,sex_t,edu_isced11_3,mts_aggregate_total,2011,2804.681
gbr,sex_t,edu_isced11_3,mts_aggregate_total,2012,2897.819
gbr,sex_t,edu_isced11_3,mts_aggregate_total,2013,2974.588
gbr,sex_t,edu_isced11_3,mts_aggregate_total,2014,3019.601
gbr,sex_t,edu_isced11_3,mts_aggregate_total,2015,3019.974
gbr,sex_t,edu_isced11_3,mts_aggregate_total,2016,3007.73
gbr,sex_t,edu_isced11_3,mts_aggregate_total,2017,2932.209
gbr,sex_t,edu_isced11_3,mts_aggregate_total,2018,2906.846
gbr,sex_t,edu_isced11_3,mts_aggregate_total,2019,2903.524
gbr,sex_t,edu_isced11_3,mts_aggregate_total,2020,2838.821
gbr,sex_t,edu_isced11_3,mts_aggregate_total,2021,2932.484
gbr,sex_t,edu_isced11_3,mts_aggregate_total,2022,4456.848
gbr,sex_t,edu_isced11_3,mts_aggregate_total,2023,4779.641
gbr,sex_t,edu_isced11_3,mts_aggregate_total,2024,4975.627
gbr,sex_t,edu_isced11_3,mts_details_mrd,2005,119.798
gbr,sex_t,edu_isced11_3,mts_details_mrd,2006,648.545
gbr,sex_t,edu_isced11_3,mts_details_mrd,2007,621.287
gbr,sex_t,edu_isced11_3,mts_details_mrd,2008,932.934
gbr,sex_t,edu_isced11_3,mts_details_mrd,2009,996.352
gbr,sex_t,edu_isced11_3,mts_details_mrd,2010,1037.84
gbr,sex_t,edu_isced11_3,mts_details_mrd,2011,1055.496
gbr,sex_t,edu_isced11_3,mts_details_mrd,2012,1086.044
gbr,sex_t,edu_isced11_3,mts_details_mrd,2013,1098.549
gbr,sex_t,edu_isced11_3,mts_details_mrd,2014,1146.108
gbr,sex_t,edu_isced11_3,mts_details_mrd,2015,1132.948
gbr,sex_t,edu_isced11_3,mts_details_mrd,2016,1138.812
gbr,sex_t,edu_isced11_3,mts_details_mrd,2017,1102.225
gbr,sex_t,edu_isced11_3,mts_details_mrd,2018,1056.177
gbr,sex_t,edu_isced11_3,mts_details_mrd,2019,1043.588
gbr,sex_t,edu_isced11_3,mts_details_mrd,2020,1034.113
gbr,sex_t,edu_isced11_3,mts_details_mrd,2021,1044.828
gbr,sex_t,edu_isced11_3,mts_details_mrd,2022,1568.961
gbr,sex_t,edu_isced11_3,mts_details_mrd,2023,1538.538
gbr,sex_t,edu_isced11_3,mts_details_mrd,2024,1603.023
gbr,sex_t,edu_isced11_3,mts_details_sep,2005,32.191
gbr,sex_t,edu_isced11_3,mts_details_sep,2006,185.502
gbr,sex_t,edu_isced11_3,mts_details_sep,2007,181.059
gbr,sex_t,edu_isced11_3,mts_details_sep,2008,229.08
gbr,sex_t,edu_isced11_3,mts_details_sep,2009,252.094
gbr,sex_t,edu_isced11_3,mts_details_sep,2010,291.346
gbr,sex_t,edu_isced11_3,mts_details_sep,2011,299.217
gbr,sex_t,edu_isced11_3,mts_details_sep,2012,313.643
gbr,sex_t,edu_isced11_3,mts_details_sep,2013,317.871
gbr,sex_t,edu_isced11_3,mts_details_sep,2014,329.687
gbr,sex_t,edu_isced11_3,mts_details_sep,2015,327.26
gbr,sex_t,edu_isced11_3,mts_details_sep,2016,316.43
gbr,sex_t,edu_isced11_3,mts_details_sep,2017,300.746
gbr,sex_t,edu_isced11_3,mts_details_sep,2018,305.22
gbr,sex_t,edu_isced11_3,mts_details_sep,2019,283.304
gbr,sex_t,edu_isced11_3,mts_details_sep,2020,290.162
gbr,sex_t,edu_isced11_3,mts_details_sep,2021,298.141
gbr,sex_t,edu_isced11_3,mts_details_sep,2022,478.906
gbr,sex_t,edu_isced11_3,mts_details_sep,2023,547.173
gbr,sex_t,edu_isced11_3,mts_details_sep,2024,557.178
gbr,sex_t,edu_isced11_3,mts_details_sgle,2005,194.01
gbr,sex_t,edu_isced11_3,mts_details_sgle,2006,1011.005
gbr,sex_t,edu_isced11_3,mts_details_sgle,2007,1078.467
gbr,sex_t,edu_isced11_3,mts_details_sgle,2008,1144.274
gbr,sex_t,edu_isced11_3,mts_details_sgle,2009,1221.38
gbr,sex_t,edu_isced11_3,mts_details_sgle,2010,1259.611
gbr,sex_t,edu_isced11_3,mts_details_sgle,2011,1360.158
gbr,sex_t,edu_isced11_3,mts_details_sgle,2012,1403.456
gbr,sex_t,edu_isced11_3,mts_details_sgle,2013,1467.9
gbr,sex_t,edu_isced11_3,mts_details_sgle,2014,1451.476
gbr,sex_t,edu_isced11_3,mts_details_sgle,2015,1461.543
gbr,sex_t,edu_isced11_3,mts_details_sgle,2016,1464.877
gbr,sex_t,edu_isced11_3,mts_details_sgle,2017,1444.527
gbr,sex_t,edu_isced11_3,mts_details_sgle,2018,1457.017
gbr,sex_t,edu_isced11_3,mts_details_sgle,2019,1486.945
gbr,sex_t,edu_isced11_3,mts_details_sgle,2020,1423.239
gbr,sex_t,edu_isced11_3,mts_details_sgle,2021,1501.883
gbr,sex_t,edu_isced11_3,mts_details_sgle,2022,2275.028
gbr,sex_t,edu_isced11_3,mts_details_sgle,2023,2531.693
gbr,sex_t,edu_isced11_3,mts_details_sgle,2024,2657.034
gbr,sex_t,edu_isced11_3,mts_details_total,2005,351.533
gbr,sex_t,edu_isced11_3,mts_details_total,2006,1871.197
gbr,sex_t,edu_isced11_3,mts_details_total,2007,1906.153
gbr,sex_t,edu_isced11_3,mts_details_total,2008,2383.907
gbr,sex_t,edu_isced11_3,mts_details_total,2009,2551.009
gbr,sex_t,edu_isced11_3,mts_details_total,2010,2681.146
gbr,sex_t,edu_isced11_3,mts_details_total,2011,2804.681
gbr,sex_t,edu_isced11_3,mts_details_total,2012,2897.819
gbr,sex_t,edu_isced11_3,mts_details_total,2013,2974.588
gbr,sex_t,edu_isced11_3,mts_details_total,2014,3019.601
gbr,sex_t,edu_isced11_3,mts_details_total,2015,3019.974
gbr,sex_t,edu_isced11_3,mts_details_total,2016,3007.73
gbr,sex_t,edu_isced11_3,mts_details_total,2017,2932.209
gbr,sex_t,edu_isced11_3,mts_details_total,2018,2906.846
gbr,sex_t,edu_isced11_3,mts_details_total,2019,2903.524
gbr,sex_t,edu_isced11_3,mts_details_total,2020,2838.821
gbr,sex_t,edu_isced11_3,mts_details_total,2021,2932.484
gbr,sex_t,edu_isced11_3,mts_details_total,2022,4456.848
gbr,sex_t,edu_isced11_3,mts_details_total,2023,4779.641
gbr,sex_t,edu_isced11_3,mts_details_total,2024,4975.627
gbr,sex_t,edu_isced11_3,mts_details_union,2006,1.422
gbr,sex_t,edu_isced11_3,mts_details_union,2007,0.728
gbr,sex_t,edu_isced11_3,mts_details_union,2008,2.753
gbr,sex_t,edu_isced11_3,mts_details_union,2009,1.356
gbr,sex_t,edu_isced11_3,mts_details_union,2010,3.307
gbr,sex_t,edu_isced11_3,mts_details_union,2011,3.531
gbr,sex_t,edu_isced11_3,mts_details_union,2012,2.87
gbr,sex_t,edu_isced11_3,mts_details_union,2013,2.697
gbr,sex_t,edu_isced11_3,mts_details_union,2014,4.593
gbr,sex_t,edu_isced11_3,mts_details_union,2015,3.161
gbr,sex_t,edu_isced11_3,mts_details_union,2016,1.956
gbr,sex_t,edu_isced11_3,mts_details_union,2017,2.656
gbr,sex_t,edu_isced11_3,mts_details_union,2018,4.492
gbr,sex_t,edu_isced11_3,mts_details_union,2019,3.213
gbr,sex_t,edu_isced11_3,mts_details_union,2020,9.098
gbr,sex_t,edu_isced11_3,mts_details_union,2021,7.692
gbr,sex_t,edu_isced11_3,mts_details_union,2022,11.276
gbr,sex_t,edu_isced11_3,mts_details_union,2023,17.538
gbr,sex_t,edu_isced11_3,mts_details_union,2024,20.288
gbr,sex_t,edu_isced11_3,mts_details_wid,2005,5.534
gbr,sex_t,edu_isced11_3,mts_details_wid,2006,24.722
gbr,sex_t,edu_isced11_3,mts_details_wid,2007,24.611
gbr,sex_t,edu_isced11_3,mts_details_wid,2008,74.867
gbr,sex_t,edu_isced11_3,mts_details_wid,2009,79.716
gbr,sex_t,edu_isced11_3,mts_details_wid,2010,89.042
gbr,sex_t,edu_isced11_3,mts_details_wid,2011,86.279
gbr,sex_t,edu_isced11_3,mts_details_wid,2012,91.806
gbr,sex_t,edu_isced11_3,mts_details_wid,2013,87.572
gbr,sex_t,edu_isced11_3,mts_details_wid,2014,87.736
gbr,sex_t,edu_isced11_3,mts_details_wid,2015,95.062
gbr,sex_t,edu_isced11_3,mts_details_wid,2016,85.654
gbr,sex_t,edu_isced11_3,mts_details_wid,2017,82.054
gbr,sex_t,edu_isced11_3,mts_details_wid,2018,83.941
gbr,sex_t,edu_isced11_3,mts_details_wid,2019,86.475
gbr,sex_t,edu_isced11_3,mts_details_wid,2020,82.209
gbr,sex_t,edu_isced11_3,mts_details_wid,2021,79.94
gbr,sex_t,edu_isced11_3,mts_details_wid,2022,122.677
gbr,sex_t,edu_isced11_3,mts_details_wid,2023,144.699
gbr,sex_t,edu_isced11_3,mts_details_wid,2024,137.936
gbr,sex_t,edu_isced11_4,mts_aggregate_1,2005,14.81
gbr,sex_t,edu_isced11_4,mts_aggregate_1,2006,83.526
gbr,sex_t,edu_isced11_4,mts_aggregate_1,2007,93.734
gbr,sex_t,edu_isced11_4,mts_aggregate_1,2008,110.422
gbr,sex_t,edu_isced11_4,mts_aggregate_1,2009,118.771
gbr,sex_t,edu_isced11_4,mts_aggregate_1,2010,138.316
gbr,sex_t,edu_isced11_4,mts_aggregate_1,2011,150.13
gbr,sex_t,edu_isced11_4,mts_aggregate_1,2012,154.683
gbr,sex_t,edu_isced11_4,mts_aggregate_1,2013,157.136
gbr,sex_t,edu_isced11_4,mts_aggregate_1,2014,180.879
gbr,sex_t,edu_isced11_4,mts_aggregate_1,2015,175.953
gbr,sex_t,edu_isced11_4,mts_aggregate_1,2016,194.28
gbr,sex_t,edu_isced11_4,mts_aggregate_1,2017,168.311
gbr,sex_t,edu_isced11_4,mts_aggregate_1,2018,178.822
gbr,sex_t,edu_isced11_4,mts_aggregate_1,2019,167.928
gbr,sex_t,edu_isced11_4,mts_aggregate_1,2020,190.721
gbr,sex_t,edu_isced11_4,mts_aggregate_1,2021,182.067
gbr,sex_t,edu_isced11_4,mts_aggregate_2,2005,17.887
gbr,sex_t,edu_isced11_4,mts_aggregate_2,2006,94.815
gbr,sex_t,edu_isced11_4,mts_aggregate_2,2007,99.952
gbr,sex_t,edu_isced11_4,mts_aggregate_2,2008,166.227
gbr,sex_t,edu_isced11_4,mts_aggregate_2,2009,173.064
gbr,sex_t,edu_isced11_4,mts_aggregate_2,2010,184.131
gbr,sex_t,edu_isced11_4,mts_aggregate_2,2011,180.587
gbr,sex_t,edu_isced11_4,mts_aggregate_2,2012,222.067
gbr,sex_t,edu_isced11_4,mts_aggregate_2,2013,214.12
gbr,sex_t,edu_isced11_4,mts_aggregate_2,2014,237.561
gbr,sex_t,edu_isced11_4,mts_aggregate_2,2015,245.238
gbr,sex_t,edu_isced11_4,mts_aggregate_2,2016,262.591
gbr,sex_t,edu_isced11_4,mts_aggregate_2,2017,230.097
gbr,sex_t,edu_isced11_4,mts_aggregate_2,2018,221.811
gbr,sex_t,edu_isced11_4,mts_aggregate_2,2019,216.743
gbr,sex_t,edu_isced11_4,mts_aggregate_2,2020,196.142
gbr,sex_t,edu_isced11_4,mts_aggregate_2,2021,198.218
gbr,sex_t,edu_isced11_4,mts_aggregate_total,2005,32.697
gbr,sex_t,edu_isced11_4,mts_aggregate_total,2006,178.34
gbr,sex_t,edu_isced11_4,mts_aggregate_total,2007,193.686
gbr,sex_t,edu_isced11_4,mts_aggregate_total,2008,276.65
gbr,sex_t,edu_isced11_4,mts_aggregate_total,2009,291.835
gbr,sex_t,edu_isced11_4,mts_aggregate_total,2010,322.447
gbr,sex_t,edu_isced11_4,mts_aggregate_total,2011,330.717
gbr,sex_t,edu_isced11_4,mts_aggregate_total,2012,376.75
gbr,sex_t,edu_isced11_4,mts_aggregate_total,2013,371.256
gbr,sex_t,edu_isced11_4,mts_aggregate_total,2014,418.44
gbr,sex_t,edu_isced11_4,mts_aggregate_total,2015,421.192
gbr,sex_t,edu_isced11_4,mts_aggregate_total,2016,456.871
gbr,sex_t,edu_isced11_4,mts_aggregate_total,2017,398.408
gbr,sex_t,edu_isced11_4,mts_aggregate_total,2018,400.634
gbr,sex_t,edu_isced11_4,mts_aggregate_total,2019,384.671
gbr,sex_t,edu_isced11_4,mts_aggregate_total,2020,386.863
gbr,sex_t,edu_isced11_4,mts_aggregate_total,2021,380.285
gbr,sex_t,edu_isced11_4,mts_details_mrd,2005,17.887
gbr,sex_t,edu_isced11_4,mts_details_mrd,2006,94.343
gbr,sex_t,edu_isced11_4,mts_details_mrd,2007,99.379
gbr,sex_t,edu_isced11_4,mts_details_mrd,2008,166.103
gbr,sex_t,edu_isced11_4,mts_details_mrd,2009,173.064
gbr,sex_t,edu_isced11_4,mts_details_mrd,2010,184.131
gbr,sex_t,edu_isced11_4,mts_details_mrd,2011,180.316
gbr,sex_t,edu_isced11_4,mts_details_mrd,2012,220.411
gbr,sex_t,edu_isced11_4,mts_details_mrd,2013,212.851
gbr,sex_t,edu_isced11_4,mts_details_mrd,2014,236.698
gbr,sex_t,edu_isced11_4,mts_details_mrd,2015,244.9
gbr,sex_t,edu_isced11_4,mts_details_mrd,2016,261.738
gbr,sex_t,edu_isced11_4,mts_details_mrd,2017,228.719
gbr,sex_t,edu_isced11_4,mts_details_mrd,2018,219.602
gbr,sex_t,edu_isced11_4,mts_details_mrd,2019,215.02
gbr,sex_t,edu_isced11_4,mts_details_mrd,2020,194.669
gbr,sex_t,edu_isced11_4,mts_details_mrd,2021,197.299
gbr,sex_t,edu_isced11_4,mts_details_sep,2005,3.616
gbr,sex_t,edu_isced11_4,mts_details_sep,2006,20.727
gbr,sex_t,edu_isced11_4,mts_details_sep,2007,22.056
gbr,sex_t,edu_isced11_4,mts_details_sep,2008,25.893
gbr,sex_t,edu_isced11_4,mts_details_sep,2009,32.832
gbr,sex_t,edu_isced11_4,mts_details_sep,2010,36.831
gbr,sex_t,edu_isced11_4,mts_details_sep,2011,36.633
gbr,sex_t,edu_isced11_4,mts_details_sep,2012,40.185
gbr,sex_t,edu_isced11_4,mts_details_sep,2013,40.728
gbr,sex_t,edu_isced11_4,mts_details_sep,2014,51.529
gbr,sex_t,edu_isced11_4,mts_details_sep,2015,53.203
gbr,sex_t,edu_isced11_4,mts_details_sep,2016,54.236
gbr,sex_t,edu_isced11_4,mts_details_sep,2017,45.701
gbr,sex_t,edu_isced11_4,mts_details_sep,2018,47.139
gbr,sex_t,edu_isced11_4,mts_details_sep,2019,50.032
gbr,sex_t,edu_isced11_4,mts_details_sep,2020,56.083
gbr,sex_t,edu_isced11_4,mts_details_sep,2021,49.605
gbr,sex_t,edu_isced11_4,mts_details_sgle,2005,10.931
gbr,sex_t,edu_isced11_4,mts_details_sgle,2006,58.98
gbr,sex_t,edu_isced11_4,mts_details_sgle,2007,65.817
gbr,sex_t,edu_isced11_4,mts_details_sgle,2008,75.198
gbr,sex_t,edu_isced11_4,mts_details_sgle,2009,72.594
gbr,sex_t,edu_isced11_4,mts_details_sgle,2010,83.864
gbr,sex_t,edu_isced11_4,mts_details_sgle,2011,102.685
gbr,sex_t,edu_isced11_4,mts_details_sgle,2012,97.85
gbr,sex_t,edu_isced11_4,mts_details_sgle,2013,101.501
gbr,sex_t,edu_isced11_4,mts_details_sgle,2014,117.803
gbr,sex_t,edu_isced11_4,mts_details_sgle,2015,104.972
gbr,sex_t,edu_isced11_4,mts_details_sgle,2016,120.529
gbr,sex_t,edu_isced11_4,mts_details_sgle,2017,111.68
gbr,sex_t,edu_isced11_4,mts_details_sgle,2018,117.967
gbr,sex_t,edu_isced11_4,mts_details_sgle,2019,99.769
gbr,sex_t,edu_isced11_4,mts_details_sgle,2020,119.732
gbr,sex_t,edu_isced11_4,mts_details_sgle,2021,117.313
gbr,sex_t,edu_isced11_4,mts_details_total,2005,32.697
gbr,sex_t,edu_isced11_4,mts_details_total,2006,178.34
gbr,sex_t,edu_isced11_4,mts_details_total,2007,193.686
gbr,sex_t,edu_isced11_4,mts_details_total,2008,276.65
gbr,sex_t,edu_isced11_4,mts_details_total,2009,291.835
gbr,sex_t,edu_isced11_4,mts_details_total,2010,322.447
gbr,sex_t,edu_isced11_4,mts_details_total,2011,330.717
gbr,sex_t,edu_isced11_4,mts_details_total,2012,376.75
gbr,sex_t,edu_isced11_4,mts_details_total,2013,371.256
gbr,sex_t,edu_isced11_4,mts_details_total,2014,418.44
gbr,sex_t,edu_isced11_4,mts_details_total,2015,421.192
gbr,sex_t,edu_isced11_4,mts_details_total,2016,456.871
gbr,sex_t,edu_isced11_4,mts_details_total,2017,398.408
gbr,sex_t,edu_isced11_4,mts_details_total,2018,400.634
gbr,sex_t,edu_isced11_4,mts_details_total,2019,384.671
gbr,sex_t,edu_isced11_4,mts_details_total,2020,386.863
gbr,sex_t,edu_isced11_4,mts_details_total,2021,380.285
gbr,sex_t,edu_isced11_4,mts_details_union,2007,0.573
gbr,sex_t,edu_isced11_4,mts_details_union,2012,1.656
gbr,sex_t,edu_isced11_4,mts_details_union,2013,1.27
gbr,sex_t,edu_isced11_4,mts_details_union,2014,0.863
gbr,sex_t,edu_isced11_4,mts_details_union,2016,0.853
gbr,sex_t,edu_isced11_4,mts_details_union,2017,1.379
gbr,sex_t,edu_isced11_4,mts_details_union,2018,2.209
gbr,sex_t,edu_isced11_4,mts_details_union,2019,1.722
gbr,sex_t,edu_isced11_4,mts_details_union,2020,1.472
gbr,sex_t,edu_isced11_4,mts_details_wid,2006,3.819
gbr,sex_t,edu_isced11_4,mts_details_wid,2007,5.861
gbr,sex_t,edu_isced11_4,mts_details_wid,2008,9.331
gbr,sex_t,edu_isced11_4,mts_details_wid,2009,13.344
gbr,sex_t,edu_isced11_4,mts_details_wid,2010,17.621
gbr,sex_t,edu_isced11_4,mts_details_wid,2011,10.812
gbr,sex_t,edu_isced11_4,mts_details_wid,2012,16.649
gbr,sex_t,edu_isced11_4,mts_details_wid,2013,14.907
gbr,sex_t,edu_isced11_4,mts_details_wid,2014,11.546
gbr,sex_t,edu_isced11_4,mts_details_wid,2015,17.779
gbr,sex_t,edu_isced11_4,mts_details_wid,2016,19.516
gbr,sex_t,edu_isced11_4,mts_details_wid,2017,10.93
gbr,sex_t,edu_isced11_4,mts_details_wid,2018,13.717
gbr,sex_t,edu_isced11_4,mts_details_wid,2019,18.128
gbr,sex_t,edu_isced11_4,mts_details_wid,2020,14.907
gbr,sex_t,edu_isced11_4,mts_details_wid,2021,15.149
gbr,sex_t,edu_isced11_5,mts_aggregate_1,2005,10.159
gbr,sex_t,edu_isced11_5,mts_aggregate_1,2006,68.896
gbr,sex_t,edu_isced11_5,mts_aggregate_1,2007,85.396
gbr,sex_t,edu_isced11_5,mts_aggregate_1,2008,150.067
gbr,sex_t,edu_isced11_5,mts_aggregate_1,2009,151.941
gbr,sex_t,edu_isced11_5,mts_aggregate_1,2010,172.844
gbr,sex_t,edu_isced11_5,mts_aggregate_1,2011,142.877
gbr,sex_t,edu_isced11_5,mts_aggregate_1,2012,177.026
gbr,sex_t,edu_isced11_5,mts_aggregate_1,2013,164.616
gbr,sex_t,edu_isced11_5,mts_aggregate_1,2014,171.691
gbr,sex_t,edu_isced11_5,mts_aggregate_1,2015,183.416
gbr,sex_t,edu_isced11_5,mts_aggregate_1,2016,174.935
gbr,sex_t,edu_isced11_5,mts_aggregate_1,2017,182.705
gbr,sex_t,edu_isced11_5,mts_aggregate_1,2018,176.733
gbr,sex_t,edu_isced11_5,mts_aggregate_1,2019,171.273
gbr,sex_t,edu_isced11_5,mts_aggregate_1,2020,169.428
gbr,sex_t,edu_isced11_5,mts_aggregate_1,2021,161.544
gbr,sex_t,edu_isced11_5,mts_aggregate_1,2022,470.122
gbr,sex_t,edu_isced11_5,mts_aggregate_1,2023,545.541
gbr,sex_t,edu_isced11_5,mts_aggregate_1,2024,500.516
gbr,sex_t,edu_isced11_5,mts_aggregate_2,2005,21.007
gbr,sex_t,edu_isced11_5,mts_aggregate_2,2006,130.342
gbr,sex_t,edu_isced11_5,mts_aggregate_2,2007,131.204
gbr,sex_t,edu_isced11_5,mts_aggregate_2,2008,290.199
gbr,sex_t,edu_isced11_5,mts_aggregate_2,2009,317.731
gbr,sex_t,edu_isced11_5,mts_aggregate_2,2010,306.422
gbr,sex_t,edu_isced11_5,mts_aggregate_2,2011,255.181
gbr,sex_t,edu_isced11_5,mts_aggregate_2,2012,343.647
gbr,sex_t,edu_isced11_5,mts_aggregate_2,2013,312.321
gbr,sex_t,edu_isced11_5,mts_aggregate_2,2014,334.882
gbr,sex_t,edu_isced11_5,mts_aggregate_2,2015,332.03
gbr,sex_t,edu_isced11_5,mts_aggregate_2,2016,319.974
gbr,sex_t,edu_isced11_5,mts_aggregate_2,2017,323.769
gbr,sex_t,edu_isced11_5,mts_aggregate_2,2018,307.135
gbr,sex_t,edu_isced11_5,mts_aggregate_2,2019,287.708
gbr,sex_t,edu_isced11_5,mts_aggregate_2,2020,283.813
gbr,sex_t,edu_isced11_5,mts_aggregate_2,2021,256.697
gbr,sex_t,edu_isced11_5,mts_aggregate_2,2022,689.284
gbr,sex_t,edu_isced11_5,mts_aggregate_2,2023,694.612
gbr,sex_t,edu_isced11_5,mts_aggregate_2,2024,717.48
gbr,sex_t,edu_isced11_5,mts_aggregate_total,2005,31.166
gbr,sex_t,edu_isced11_5,mts_aggregate_total,2006,199.238
gbr,sex_t,edu_isced11_5,mts_aggregate_total,2007,216.601
gbr,sex_t,edu_isced11_5,mts_aggregate_total,2008,440.266
gbr,sex_t,edu_isced11_5,mts_aggregate_total,2009,469.673
gbr,sex_t,edu_isced11_5,mts_aggregate_total,2010,479.267
gbr,sex_t,edu_isced11_5,mts_aggregate_total,2011,398.058
gbr,sex_t,edu_isced11_5,mts_aggregate_total,2012,520.673
gbr,sex_t,edu_isced11_5,mts_aggregate_total,2013,476.937
gbr,sex_t,edu_isced11_5,mts_aggregate_total,2014,506.573
gbr,sex_t,edu_isced11_5,mts_aggregate_total,2015,515.446
gbr,sex_t,edu_isced11_5,mts_aggregate_total,2016,494.908
gbr,sex_t,edu_isced11_5,mts_aggregate_total,2017,506.474
gbr,sex_t,edu_isced11_5,mts_aggregate_total,2018,483.868
gbr,sex_t,edu_isced11_5,mts_aggregate_total,2019,458.981
gbr,sex_t,edu_isced11_5,mts_aggregate_total,2020,453.241
gbr,sex_t,edu_isced11_5,mts_aggregate_total,2021,418.241
gbr,sex_t,edu_isced11_5,mts_aggregate_total,2022,1159.407
gbr,sex_t,edu_isced11_5,mts_aggregate_total,2023,1240.153
gbr,sex_t,edu_isced11_5,mts_aggregate_total,2024,1217.996
gbr,sex_t,edu_isced11_5,mts_details_mrd,2005,21.007
gbr,sex_t,edu_isced11_5,mts_details_mrd,2006,130.114
gbr,sex_t,edu_isced11_5,mts_details_mrd,2007,130.656
gbr,sex_t,edu_isced11_5,mts_details_mrd,2008,288.471
gbr,sex_t,edu_isced11_5,mts_details_mrd,2009,316.709
gbr,sex_t,edu_isced11_5,mts_details_mrd,2010,305.455
gbr,sex_t,edu_isced11_5,mts_details_mrd,2011,253.614
gbr,sex_t,edu_isced11_5,mts_details_mrd,2012,341.073
gbr,sex_t,edu_isced11_5,mts_details_mrd,2013,310.944
gbr,sex_t,edu_isced11_5,mts_details_mrd,2014,334.3
gbr,sex_t,edu_isced11_5,mts_details_mrd,2015,330.896
gbr,sex_t,edu_isced11_5,mts_details_mrd,2016,318.626
gbr,sex_t,edu_isced11_5,mts_details_mrd,2017,321.831
gbr,sex_t,edu_isced11_5,mts_details_mrd,2018,303.413
gbr,sex_t,edu_isced11_5,mts_details_mrd,2019,286.408
gbr,sex_t,edu_isced11_5,mts_details_mrd,2020,280.83
gbr,sex_t,edu_isced11_5,mts_details_mrd,2021,256.697
gbr,sex_t,edu_isced11_5,mts_details_mrd,2022,685.77
gbr,sex_t,edu_isced11_5,mts_details_mrd,2023,686.024
gbr,sex_t,edu_isced11_5,mts_details_mrd,2024,704.818
gbr,sex_t,edu_isced11_5,mts_details_sep,2005,4.11
gbr,sex_t,edu_isced11_5,mts_details_sep,2006,23.852
gbr,sex_t,edu_isced11_5,mts_details_sep,2007,28.506
gbr,sex_t,edu_isced11_5,mts_details_sep,2008,53.816
gbr,sex_t,edu_isced11_5,mts_details_sep,2009,57.784
gbr,sex_t,edu_isced11_5,mts_details_sep,2010,60.419
gbr,sex_t,edu_isced11_5,mts_details_sep,2011,50.666
gbr,sex_t,edu_isced11_5,mts_details_sep,2012,76.943
gbr,sex_t,edu_isced11_5,mts_details_sep,2013,64.97
gbr,sex_t,edu_isced11_5,mts_details_sep,2014,68.5
gbr,sex_t,edu_isced11_5,mts_details_sep,2015,67.07
gbr,sex_t,edu_isced11_5,mts_details_sep,2016,66.818
gbr,sex_t,edu_isced11_5,mts_details_sep,2017,72.797
gbr,sex_t,edu_isced11_5,mts_details_sep,2018,70.623
gbr,sex_t,edu_isced11_5,mts_details_sep,2019,62.796
gbr,sex_t,edu_isced11_5,mts_details_sep,2020,61.001
gbr,sex_t,edu_isced11_5,mts_details_sep,2021,50.733
gbr,sex_t,edu_isced11_5,mts_details_sep,2022,152.531
gbr,sex_t,edu_isced11_5,mts_details_sep,2023,160.946
gbr,sex_t,edu_isced11_5,mts_details_sep,2024,153.239
gbr,sex_t,edu_isced11_5,mts_details_sgle,2005,5.592
gbr,sex_t,edu_isced11_5,mts_details_sgle,2006,39.193
gbr,sex_t,edu_isced11_5,mts_details_sgle,2007,50.07
gbr,sex_t,edu_isced11_5,mts_details_sgle,2008,62.606
gbr,sex_t,edu_isced11_5,mts_details_sgle,2009,62.773
gbr,sex_t,edu_isced11_5,mts_details_sgle,2010,78.71
gbr,sex_t,edu_isced11_5,mts_details_sgle,2011,69.049
gbr,sex_t,edu_isced11_5,mts_details_sgle,2012,72.265
gbr,sex_t,edu_isced11_5,mts_details_sgle,2013,66.155
gbr,sex_t,edu_isced11_5,mts_details_sgle,2014,72.109
gbr,sex_t,edu_isced11_5,mts_details_sgle,2015,85.879
gbr,sex_t,edu_isced11_5,mts_details_sgle,2016,79.918
gbr,sex_t,edu_isced11_5,mts_details_sgle,2017,81.748
gbr,sex_t,edu_isced11_5,mts_details_sgle,2018,76.804
gbr,sex_t,edu_isced11_5,mts_details_sgle,2019,85.478
gbr,sex_t,edu_isced11_5,mts_details_sgle,2020,83.854
gbr,sex_t,edu_isced11_5,mts_details_sgle,2021,80.069
gbr,sex_t,edu_isced11_5,mts_details_sgle,2022,271.426
gbr,sex_t,edu_isced11_5,mts_details_sgle,2023,334.717
gbr,sex_t,edu_isced11_5,mts_details_sgle,2024,305.214
gbr,sex_t,edu_isced11_5,mts_details_total,2005,31.166
gbr,sex_t,edu_isced11_5,mts_details_total,2006,199.238
gbr,sex_t,edu_isced11_5,mts_details_total,2007,216.601
gbr,sex_t,edu_isced11_5,mts_details_total,2008,440.266
gbr,sex_t,edu_isced11_5,mts_details_total,2009,469.673
gbr,sex_t,edu_isced11_5,mts_details_total,2010,479.267
gbr,sex_t,edu_isced11_5,mts_details_total,2011,398.058
gbr,sex_t,edu_isced11_5,mts_details_total,2012,520.673
gbr,sex_t,edu_isced11_5,mts_details_total,2013,476.937
gbr,sex_t,edu_isced11_5,mts_details_total,2014,506.573
gbr,sex_t,edu_isced11_5,mts_details_total,2015,515.446
gbr,sex_t,edu_isced11_5,mts_details_total,2016,494.908
gbr,sex_t,edu_isced11_5,mts_details_total,2017,506.474
gbr,sex_t,edu_isced11_5,mts_details_total,2018,483.868
gbr,sex_t,edu_isced11_5,mts_details_total,2019,458.981
gbr,sex_t,edu_isced11_5,mts_details_total,2020,453.241
gbr,sex_t,edu_isced11_5,mts_details_total,2021,418.241
gbr,sex_t,edu_isced11_5,mts_details_total,2022,1159.407
gbr,sex_t,edu_isced11_5,mts_details_total,2023,1240.153
gbr,sex_t,edu_isced11_5,mts_details_total,2024,1217.996
gbr,sex_t,edu_isced11_5,mts_details_union,2007,0.548
gbr,sex_t,edu_isced11_5,mts_details_union,2008,1.728
gbr,sex_t,edu_isced11_5,mts_details_union,2009,1.022
gbr,sex_t,edu_isced11_5,mts_details_union,2010,0.968
gbr,sex_t,edu_isced11_5,mts_details_union,2011,1.566
gbr,sex_t,edu_isced11_5,mts_details_union,2012,2.574
gbr,sex_t,edu_isced11_5,mts_details_union,2013,1.378
gbr,sex_t,edu_isced11_5,mts_details_union,2015,1.135
gbr,sex_t,edu_isced11_5,mts_details_union,2016,1.348
gbr,sex_t,edu_isced11_5,mts_details_union,2017,1.938
gbr,sex_t,edu_isced11_5,mts_details_union,2018,3.723
gbr,sex_t,edu_isced11_5,mts_details_union,2019,1.301
gbr,sex_t,edu_isced11_5,mts_details_union,2020,2.982
gbr,sex_t,edu_isced11_5,mts_details_union,2022,3.514
gbr,sex_t,edu_isced11_5,mts_details_union,2023,8.588
gbr,sex_t,edu_isced11_5,mts_details_union,2024,12.662
gbr,sex_t,edu_isced11_5,mts_details_wid,2006,5.851
gbr,sex_t,edu_isced11_5,mts_details_wid,2007,6.821
gbr,sex_t,edu_isced11_5,mts_details_wid,2008,33.645
gbr,sex_t,edu_isced11_5,mts_details_wid,2009,31.384
gbr,sex_t,edu_isced11_5,mts_details_wid,2010,33.715
gbr,sex_t,edu_isced11_5,mts_details_wid,2011,23.163
gbr,sex_t,edu_isced11_5,mts_details_wid,2012,27.817
gbr,sex_t,edu_isced11_5,mts_details_wid,2013,33.49
gbr,sex_t,edu_isced11_5,mts_details_wid,2014,31.082
gbr,sex_t,edu_isced11_5,mts_details_wid,2015,30.468
gbr,sex_t,edu_isced11_5,mts_details_wid,2016,28.198
gbr,sex_t,edu_isced11_5,mts_details_wid,2017,28.16
gbr,sex_t,edu_isced11_5,mts_details_wid,2018,29.306
gbr,sex_t,edu_isced11_5,mts_details_wid,2019,22.998
gbr,sex_t,edu_isced11_5,mts_details_wid,2020,24.573
gbr,sex_t,edu_isced11_5,mts_details_wid,2021,30.742
gbr,sex_t,edu_isced11_5,mts_details_wid,2022,46.166
gbr,sex_t,edu_isced11_5,mts_details_wid,2023,49.878
gbr,sex_t,edu_isced11_5,mts_details_wid,2024,42.063
gbr,sex_t,edu_isced11_6,mts_aggregate_1,2005,42.991
gbr,sex_t,edu_isced11_6,mts_aggregate_1,2006,246.497
gbr,sex_t,edu_isced11_6,mts_aggregate_1,2007,258.838
gbr,sex_t,edu_isced11_6,mts_aggregate_1,2008,316.627
gbr,sex_t,edu_isced11_6,mts_aggregate_1,2009,357.348
gbr,sex_t,edu_isced11_6,mts_aggregate_1,2010,385.552
gbr,sex_t,edu_isced11_6,mts_aggregate_1,2011,427.005
gbr,sex_t,edu_isced11_6,mts_aggregate_1,2012,477.437
gbr,sex_t,edu_isced11_6,mts_aggregate_1,2013,501.232
gbr,sex_t,edu_isced11_6,mts_aggregate_1,2014,506.707
gbr,sex_t,edu_isced11_6,mts_aggregate_1,2015,520.295
gbr,sex_t,edu_isced11_6,mts_aggregate_1,2016,565.08
gbr,sex_t,edu_isced11_6,mts_aggregate_1,2017,558.084
gbr,sex_t,edu_isced11_6,mts_aggregate_1,2018,578.493
gbr,sex_t,edu_isced11_6,mts_aggregate_1,2019,591.842
gbr,sex_t,edu_isced11_6,mts_aggregate_1,2020,600.202
gbr,sex_t,edu_isced11_6,mts_aggregate_1,2021,627.235
gbr,sex_t,edu_isced11_6,mts_aggregate_1,2022,461.318
gbr,sex_t,edu_isced11_6,mts_aggregate_1,2023,509.069
gbr,sex_t,edu_isced11_6,mts_aggregate_1,2024,503.317
gbr,sex_t,edu_isced11_6,mts_aggregate_2,2005,51.055
gbr,sex_t,edu_isced11_6,mts_aggregate_2,2006,315.189
gbr,sex_t,edu_isced11_6,mts_aggregate_2,2007,339.33
gbr,sex_t,edu_isced11_6,mts_aggregate_2,2008,516.85
gbr,sex_t,edu_isced11_6,mts_aggregate_2,2009,526.725
gbr,sex_t,edu_isced11_6,mts_aggregate_2,2010,564.566
gbr,sex_t,edu_isced11_6,mts_aggregate_2,2011,663.396
gbr,sex_t,edu_isced11_6,mts_aggregate_2,2012,769.558
gbr,sex_t,edu_isced11_6,mts_aggregate_2,2013,817
gbr,sex_t,edu_isced11_6,mts_aggregate_2,2014,841.63
gbr,sex_t,edu_isced11_6,mts_aggregate_2,2015,793.913
gbr,sex_t,edu_isced11_6,mts_aggregate_2,2016,808.315
gbr,sex_t,edu_isced11_6,mts_aggregate_2,2017,868.228
gbr,sex_t,edu_isced11_6,mts_aggregate_2,2018,854.329
gbr,sex_t,edu_isced11_6,mts_aggregate_2,2019,896.762
gbr,sex_t,edu_isced11_6,mts_aggregate_2,2020,942.494
gbr,sex_t,edu_isced11_6,mts_aggregate_2,2021,933.101
gbr,sex_t,edu_isced11_6,mts_aggregate_2,2022,570.64
gbr,sex_t,edu_isced11_6,mts_aggregate_2,2023,545.065
gbr,sex_t,edu_isced11_6,mts_aggregate_2,2024,595.849
gbr,sex_t,edu_isced11_6,mts_aggregate_total,2005,94.046
gbr,sex_t,edu_isced11_6,mts_aggregate_total,2006,561.686
gbr,sex_t,edu_isced11_6,mts_aggregate_total,2007,598.168
gbr,sex_t,edu_isced11_6,mts_aggregate_total,2008,833.476
gbr,sex_t,edu_isced11_6,mts_aggregate_total,2009,884.073
gbr,sex_t,edu_isced11_6,mts_aggregate_total,2010,950.118
gbr,sex_t,edu_isced11_6,mts_aggregate_total,2011,1090.401
gbr,sex_t,edu_isced11_6,mts_aggregate_total,2012,1246.995
gbr,sex_t,edu_isced11_6,mts_aggregate_total,2013,1318.232
gbr,sex_t,edu_isced11_6,mts_aggregate_total,2014,1348.337
gbr,sex_t,edu_isced11_6,mts_aggregate_total,2015,1314.208
gbr,sex_t,edu_isced11_6,mts_aggregate_total,2016,1373.395
gbr,sex_t,edu_isced11_6,mts_aggregate_total,2017,1426.312
gbr,sex_t,edu_isced11_6,mts_aggregate_total,2018,1432.822
gbr,sex_t,edu_isced11_6,mts_aggregate_total,2019,1488.604
gbr,sex_t,edu_isced11_6,mts_aggregate_total,2020,1542.696
gbr,sex_t,edu_isced11_6,mts_aggregate_total,2021,1560.336
gbr,sex_t,edu_isced11_6,mts_aggregate_total,2022,1031.959
gbr,sex_t,edu_isced11_6,mts_aggregate_total,2023,1054.134
gbr,sex_t,edu_isced11_6,mts_aggregate_total,2024,1099.492
gbr,sex_t,edu_isced11_6,mts_details_mrd,2005,51.055
gbr,sex_t,edu_isced11_6,mts_details_mrd,2006,313.647
gbr,sex_t,edu_isced11_6,mts_details_mrd,2007,338.312
gbr,sex_t,edu_isced11_6,mts_details_mrd,2008,515.51
gbr,sex_t,edu_isced11_6,mts_details_mrd,2009,522.334
gbr,sex_t,edu_isced11_6,mts_details_mrd,2010,561.703
gbr,sex_t,edu_isced11_6,mts_details_mrd,2011,660.307
gbr,sex_t,edu_isced11_6,mts_details_mrd,2012,766.404
gbr,sex_t,edu_isced11_6,mts_details_mrd,2013,811.55
gbr,sex_t,edu_isced11_6,mts_details_mrd,2014,839.152
gbr,sex_t,edu_isced11_6,mts_details_mrd,2015,790.613
gbr,sex_t,edu_isced11_6,mts_details_mrd,2016,805.795
gbr,sex_t,edu_isced11_6,mts_details_mrd,2017,863.38
gbr,sex_t,edu_isced11_6,mts_details_mrd,2018,849.364
gbr,sex_t,edu_isced11_6,mts_details_mrd,2019,893.862
gbr,sex_t,edu_isced11_6,mts_details_mrd,2020,934.559
gbr,sex_t,edu_isced11_6,mts_details_mrd,2021,922.969
gbr,sex_t,edu_isced11_6,mts_details_mrd,2022,561.742
gbr,sex_t,edu_isced11_6,mts_details_mrd,2023,537.808
gbr,sex_t,edu_isced11_6,mts_details_mrd,2024,585.279
gbr,sex_t,edu_isced11_6,mts_details_sep,2005,8.78
gbr,sex_t,edu_isced11_6,mts_details_sep,2006,46.292
gbr,sex_t,edu_isced11_6,mts_details_sep,2007,51.797
gbr,sex_t,edu_isced11_6,mts_details_sep,2008,68.947
gbr,sex_t,edu_isced11_6,mts_details_sep,2009,83.244
gbr,sex_t,edu_isced11_6,mts_details_sep,2010,88.442
gbr,sex_t,edu_isced11_6,mts_details_sep,2011,101.133
gbr,sex_t,edu_isced11_6,mts_details_sep,2012,119.14
gbr,sex_t,edu_isced11_6,mts_details_sep,2013,108.603
gbr,sex_t,edu_isced11_6,mts_details_sep,2014,129.705
gbr,sex_t,edu_isced11_6,mts_details_sep,2015,128.17
gbr,sex_t,edu_isced11_6,mts_details_sep,2016,137.305
gbr,sex_t,edu_isced11_6,mts_details_sep,2017,136.261
gbr,sex_t,edu_isced11_6,mts_details_sep,2018,136.353
gbr,sex_t,edu_isced11_6,mts_details_sep,2019,150.562
gbr,sex_t,edu_isced11_6,mts_details_sep,2020,139.679
gbr,sex_t,edu_isced11_6,mts_details_sep,2021,145.444
gbr,sex_t,edu_isced11_6,mts_details_sep,2022,106.126
gbr,sex_t,edu_isced11_6,mts_details_sep,2023,104.838
gbr,sex_t,edu_isced11_6,mts_details_sep,2024,98.522
gbr,sex_t,edu_isced11_6,mts_details_sgle,2005,32.344
gbr,sex_t,edu_isced11_6,mts_details_sgle,2006,190.266
gbr,sex_t,edu_isced11_6,mts_details_sgle,2007,198.654
gbr,sex_t,edu_isced11_6,mts_details_sgle,2008,222.45
gbr,sex_t,edu_isced11_6,mts_details_sgle,2009,248.997
gbr,sex_t,edu_isced11_6,mts_details_sgle,2010,270.776
gbr,sex_t,edu_isced11_6,mts_details_sgle,2011,301.131
gbr,sex_t,edu_isced11_6,mts_details_sgle,2012,318.714
gbr,sex_t,edu_isced11_6,mts_details_sgle,2013,349.275
gbr,sex_t,edu_isced11_6,mts_details_sgle,2014,335.963
gbr,sex_t,edu_isced11_6,mts_details_sgle,2015,349.627
gbr,sex_t,edu_isced11_6,mts_details_sgle,2016,378.154
gbr,sex_t,edu_isced11_6,mts_details_sgle,2017,373.443
gbr,sex_t,edu_isced11_6,mts_details_sgle,2018,394.888
gbr,sex_t,edu_isced11_6,mts_details_sgle,2019,396.572
gbr,sex_t,edu_isced11_6,mts_details_sgle,2020,416.175
gbr,sex_t,edu_isced11_6,mts_details_sgle,2021,430.228
gbr,sex_t,edu_isced11_6,mts_details_sgle,2022,323.576
gbr,sex_t,edu_isced11_6,mts_details_sgle,2023,375.144
gbr,sex_t,edu_isced11_6,mts_details_sgle,2024,375.235
gbr,sex_t,edu_isced11_6,mts_details_total,2005,94.046
gbr,sex_t,edu_isced11_6,mts_details_total,2006,561.686
gbr,sex_t,edu_isced11_6,mts_details_total,2007,598.168
gbr,sex_t,edu_isced11_6,mts_details_total,2008,833.476
gbr,sex_t,edu_isced11_6,mts_details_total,2009,884.073
gbr,sex_t,edu_isced11_6,mts_details_total,2010,950.118
gbr,sex_t,edu_isced11_6,mts_details_total,2011,1090.401
gbr,sex_t,edu_isced11_6,mts_details_total,2012,1246.995
gbr,sex_t,edu_isced11_6,mts_details_total,2013,1318.232
gbr,sex_t,edu_isced11_6,mts_details_total,2014,1348.337
gbr,sex_t,edu_isced11_6,mts_details_total,2015,1314.208
gbr,sex_t,edu_isced11_6,mts_details_total,2016,1373.395
gbr,sex_t,edu_isced11_6,mts_details_total,2017,1426.312
gbr,sex_t,edu_isced11_6,mts_details_total,2018,1432.822
gbr,sex_t,edu_isced11_6,mts_details_total,2019,1488.604
gbr,sex_t,edu_isced11_6,mts_details_total,2020,1542.696
gbr,sex_t,edu_isced11_6,mts_details_total,2021,1560.336
gbr,sex_t,edu_isced11_6,mts_details_total,2022,1031.959
gbr,sex_t,edu_isced11_6,mts_details_total,2023,1054.134
gbr,sex_t,edu_isced11_6,mts_details_total,2024,1099.492
gbr,sex_t,edu_isced11_6,mts_details_union,2006,1.542
gbr,sex_t,edu_isced11_6,mts_details_union,2007,1.018
gbr,sex_t,edu_isced11_6,mts_details_union,2008,1.34
gbr,sex_t,edu_isced11_6,mts_details_union,2009,4.391
gbr,sex_t,edu_isced11_6,mts_details_union,2010,2.863
gbr,sex_t,edu_isced11_6,mts_details_union,2011,3.089
gbr,sex_t,edu_isced11_6,mts_details_union,2012,3.154
gbr,sex_t,edu_isced11_6,mts_details_union,2013,5.45
gbr,sex_t,edu_isced11_6,mts_details_union,2014,2.478
gbr,sex_t,edu_isced11_6,mts_details_union,2015,3.3
gbr,sex_t,edu_isced11_6,mts_details_union,2016,2.52
gbr,sex_t,edu_isced11_6,mts_details_union,2017,4.848
gbr,sex_t,edu_isced11_6,mts_details_union,2018,4.964
gbr,sex_t,edu_isced11_6,mts_details_union,2019,2.9
gbr,sex_t,edu_isced11_6,mts_details_union,2020,7.935
gbr,sex_t,edu_isced11_6,mts_details_union,2021,10.132
gbr,sex_t,edu_isced11_6,mts_details_union,2022,8.899
gbr,sex_t,edu_isced11_6,mts_details_union,2023,7.258
gbr,sex_t,edu_isced11_6,mts_details_union,2024,10.57
gbr,sex_t,edu_isced11_6,mts_details_wid,2005,1.867
gbr,sex_t,edu_isced11_6,mts_details_wid,2006,9.938
gbr,sex_t,edu_isced11_6,mts_details_wid,2007,8.387
gbr,sex_t,edu_isced11_6,mts_details_wid,2008,25.23
gbr,sex_t,edu_isced11_6,mts_details_wid,2009,25.106
gbr,sex_t,edu_isced11_6,mts_details_wid,2010,26.334
gbr,sex_t,edu_isced11_6,mts_details_wid,2011,24.741
gbr,sex_t,edu_isced11_6,mts_details_wid,2012,39.584
gbr,sex_t,edu_isced11_6,mts_details_wid,2013,43.354
gbr,sex_t,edu_isced11_6,mts_details_wid,2014,41.039
gbr,sex_t,edu_isced11_6,mts_details_wid,2015,42.499
gbr,sex_t,edu_isced11_6,mts_details_wid,2016,49.622
gbr,sex_t,edu_isced11_6,mts_details_wid,2017,48.381
gbr,sex_t,edu_isced11_6,mts_details_wid,2018,47.252
gbr,sex_t,edu_isced11_6,mts_details_wid,2019,44.708
gbr,sex_t,edu_isced11_6,mts_details_wid,2020,44.348
gbr,sex_t,edu_isced11_6,mts_details_wid,2021,51.563
gbr,sex_t,edu_isced11_6,mts_details_wid,2022,31.616
gbr,sex_t,edu_isced11_6,mts_details_wid,2023,29.087
gbr,sex_t,edu_isced11_6,mts_details_wid,2024,29.559
gbr,sex_t,edu_isced11_7,mts_aggregate_1,2005,6.8
gbr,sex_t,edu_isced11_7,mts_aggregate_1,2006,44.588
gbr,sex_t,edu_isced11_7,mts_aggregate_1,2007,45.009
gbr,sex_t,edu_isced11_7,mts_aggregate_1,2008,62.299
gbr,sex_t,edu_isced11_7,mts_aggregate_1,2009,73.246
gbr,sex_t,edu_isced11_7,mts_aggregate_1,2010,92.998
gbr,sex_t,edu_isced11_7,mts_aggregate_1,2011,73.458
gbr,sex_t,edu_isced11_7,mts_aggregate_1,2012,84.548
gbr,sex_t,edu_isced11_7,mts_aggregate_1,2013,88.167
gbr,sex_t,edu_isced11_7,mts_aggregate_1,2014,90.836
gbr,sex_t,edu_isced11_7,mts_aggregate_1,2015,104.743
gbr,sex_t,edu_isced11_7,mts_aggregate_1,2016,110.676
gbr,sex_t,edu_isced11_7,mts_aggregate_1,2017,114.22
gbr,sex_t,edu_isced11_7,mts_aggregate_1,2018,120.109
gbr,sex_t,edu_isced11_7,mts_aggregate_1,2019,115.543
gbr,sex_t,edu_isced11_7,mts_aggregate_1,2020,134.274
gbr,sex_t,edu_isced11_7,mts_aggregate_1,2021,144.633
gbr,sex_t,edu_isced11_7,mts_aggregate_1,2022,189.932
gbr,sex_t,edu_isced11_7,mts_aggregate_1,2023,227.001
gbr,sex_t,edu_isced11_7,mts_aggregate_1,2024,225.927
gbr,sex_t,edu_isced11_7,mts_aggregate_2,2005,8.143
gbr,sex_t,edu_isced11_7,mts_aggregate_2,2006,59.783
gbr,sex_t,edu_isced11_7,mts_aggregate_2,2007,67.874
gbr,sex_t,edu_isced11_7,mts_aggregate_2,2008,109.6
gbr,sex_t,edu_isced11_7,mts_aggregate_2,2009,116.115
gbr,sex_t,edu_isced11_7,mts_aggregate_2,2010,125.979
gbr,sex_t,edu_isced11_7,mts_aggregate_2,2011,112.736
gbr,sex_t,edu_isced11_7,mts_aggregate_2,2012,132.557
gbr,sex_t,edu_isced11_7,mts_aggregate_2,2013,137.533
gbr,sex_t,edu_isced11_7,mts_aggregate_2,2014,150.322
gbr,sex_t,edu_isced11_7,mts_aggregate_2,2015,148.671
gbr,sex_t,edu_isced11_7,mts_aggregate_2,2016,164.055
gbr,sex_t,edu_isced11_7,mts_aggregate_2,2017,166.233
gbr,sex_t,edu_isced11_7,mts_aggregate_2,2018,189.413
gbr,sex_t,edu_isced11_7,mts_aggregate_2,2019,192.101
gbr,sex_t,edu_isced11_7,mts_aggregate_2,2020,191.937
gbr,sex_t,edu_isced11_7,mts_aggregate_2,2021,198.096
gbr,sex_t,edu_isced11_7,mts_aggregate_2,2022,324.82
gbr,sex_t,edu_isced11_7,mts_aggregate_2,2023,307.206
gbr,sex_t,edu_isced11_7,mts_aggregate_2,2024,311.11
gbr,sex_t,edu_isced11_7,mts_aggregate_total,2005,14.942
gbr,sex_t,edu_isced11_7,mts_aggregate_total,2006,104.371
gbr,sex_t,edu_isced11_7,mts_aggregate_total,2007,112.883
gbr,sex_t,edu_isced11_7,mts_aggregate_total,2008,171.899
gbr,sex_t,edu_isced11_7,mts_aggregate_total,2009,189.361
gbr,sex_t,edu_isced11_7,mts_aggregate_total,2010,218.977
gbr,sex_t,edu_isced11_7,mts_aggregate_total,2011,186.194
gbr,sex_t,edu_isced11_7,mts_aggregate_total,2012,217.105
gbr,sex_t,edu_isced11_7,mts_aggregate_total,2013,225.7
gbr,sex_t,edu_isced11_7,mts_aggregate_total,2014,241.158
gbr,sex_t,edu_isced11_7,mts_aggregate_total,2015,253.414
gbr,sex_t,edu_isced11_7,mts_aggregate_total,2016,274.731
gbr,sex_t,edu_isced11_7,mts_aggregate_total,2017,280.452
gbr,sex_t,edu_isced11_7,mts_aggregate_total,2018,309.522
gbr,sex_t,edu_isced11_7,mts_aggregate_total,2019,307.644
gbr,sex_t,edu_isced11_7,mts_aggregate_total,2020,326.211
gbr,sex_t,edu_isced11_7,mts_aggregate_total,2021,342.729
gbr,sex_t,edu_isced11_7,mts_aggregate_total,2022,514.752
gbr,sex_t,edu_isced11_7,mts_aggregate_total,2023,534.207
gbr,sex_t,edu_isced11_7,mts_aggregate_total,2024,537.036
gbr,sex_t,edu_isced11_7,mts_details_mrd,2005,8.143
gbr,sex_t,edu_isced11_7,mts_details_mrd,2006,59.219
gbr,sex_t,edu_isced11_7,mts_details_mrd,2007,67.386
gbr,sex_t,edu_isced11_7,mts_details_mrd,2008,109.6
gbr,sex_t,edu_isced11_7,mts_details_mrd,2009,115.542
gbr,sex_t,edu_isced11_7,mts_details_mrd,2010,124.908
gbr,sex_t,edu_isced11_7,mts_details_mrd,2011,110.523
gbr,sex_t,edu_isced11_7,mts_details_mrd,2012,130.869
gbr,sex_t,edu_isced11_7,mts_details_mrd,2013,136.923
gbr,sex_t,edu_isced11_7,mts_details_mrd,2014,148.974
gbr,sex_t,edu_isced11_7,mts_details_mrd,2015,146.169
gbr,sex_t,edu_isced11_7,mts_details_mrd,2016,163.171
gbr,sex_t,edu_isced11_7,mts_details_mrd,2017,165.521
gbr,sex_t,edu_isced11_7,mts_details_mrd,2018,187.708
gbr,sex_t,edu_isced11_7,mts_details_mrd,2019,189.909
gbr,sex_t,edu_isced11_7,mts_details_mrd,2020,187.455
gbr,sex_t,edu_isced11_7,mts_details_mrd,2021,193.589
gbr,sex_t,edu_isced11_7,mts_details_mrd,2022,316.93
gbr,sex_t,edu_isced11_7,mts_details_mrd,2023,301.275
gbr,sex_t,edu_isced11_7,mts_details_mrd,2024,303.726
gbr,sex_t,edu_isced11_7,mts_details_sep,2005,0.731
gbr,sex_t,edu_isced11_7,mts_details_sep,2006,8.712
gbr,sex_t,edu_isced11_7,mts_details_sep,2007,10.531
gbr,sex_t,edu_isced11_7,mts_details_sep,2008,13.297
gbr,sex_t,edu_isced11_7,mts_details_sep,2009,18.787
gbr,sex_t,edu_isced11_7,mts_details_sep,2010,22.944
gbr,sex_t,edu_isced11_7,mts_details_sep,2011,17.963
gbr,sex_t,edu_isced11_7,mts_details_sep,2012,22.286
gbr,sex_t,edu_isced11_7,mts_details_sep,2013,23.363
gbr,sex_t,edu_isced11_7,mts_details_sep,2014,23.452
gbr,sex_t,edu_isced11_7,mts_details_sep,2015,28.936
gbr,sex_t,edu_isced11_7,mts_details_sep,2016,31.681
gbr,sex_t,edu_isced11_7,mts_details_sep,2017,23.194
gbr,sex_t,edu_isced11_7,mts_details_sep,2018,22.457
gbr,sex_t,edu_isced11_7,mts_details_sep,2019,29.986
gbr,sex_t,edu_isced11_7,mts_details_sep,2020,30.92
gbr,sex_t,edu_isced11_7,mts_details_sep,2021,31.891
gbr,sex_t,edu_isced11_7,mts_details_sep,2022,55.237
gbr,sex_t,edu_isced11_7,mts_details_sep,2023,59.096
gbr,sex_t,edu_isced11_7,mts_details_sep,2024,63.469
gbr,sex_t,edu_isced11_7,mts_details_sgle,2005,5.802
gbr,sex_t,edu_isced11_7,mts_details_sgle,2006,35.248
gbr,sex_t,edu_isced11_7,mts_details_sgle,2007,33.135
gbr,sex_t,edu_isced11_7,mts_details_sgle,2008,43.901
gbr,sex_t,edu_isced11_7,mts_details_sgle,2009,48.317
gbr,sex_t,edu_isced11_7,mts_details_sgle,2010,60.519
gbr,sex_t,edu_isced11_7,mts_details_sgle,2011,51.093
gbr,sex_t,edu_isced11_7,mts_details_sgle,2012,56.405
gbr,sex_t,edu_isced11_7,mts_details_sgle,2013,59.751
gbr,sex_t,edu_isced11_7,mts_details_sgle,2014,62.848
gbr,sex_t,edu_isced11_7,mts_details_sgle,2015,69.685
gbr,sex_t,edu_isced11_7,mts_details_sgle,2016,69.494
gbr,sex_t,edu_isced11_7,mts_details_sgle,2017,81.729
gbr,sex_t,edu_isced11_7,mts_details_sgle,2018,87.764
gbr,sex_t,edu_isced11_7,mts_details_sgle,2019,75.235
gbr,sex_t,edu_isced11_7,mts_details_sgle,2020,95.997
gbr,sex_t,edu_isced11_7,mts_details_sgle,2021,108.002
gbr,sex_t,edu_isced11_7,mts_details_sgle,2022,115.41
gbr,sex_t,edu_isced11_7,mts_details_sgle,2023,143.284
gbr,sex_t,edu_isced11_7,mts_details_sgle,2024,141.103
gbr,sex_t,edu_isced11_7,mts_details_total,2005,14.942
gbr,sex_t,edu_isced11_7,mts_details_total,2006,104.371
gbr,sex_t,edu_isced11_7,mts_details_total,2007,112.883
gbr,sex_t,edu_isced11_7,mts_details_total,2008,171.899
gbr,sex_t,edu_isced11_7,mts_details_total,2009,189.361
gbr,sex_t,edu_isced11_7,mts_details_total,2010,218.977
gbr,sex_t,edu_isced11_7,mts_details_total,2011,186.194
gbr,sex_t,edu_isced11_7,mts_details_total,2012,217.105
gbr,sex_t,edu_isced11_7,mts_details_total,2013,225.7
gbr,sex_t,edu_isced11_7,mts_details_total,2014,241.158
gbr,sex_t,edu_isced11_7,mts_details_total,2015,253.414
gbr,sex_t,edu_isced11_7,mts_details_total,2016,274.731
gbr,sex_t,edu_isced11_7,mts_details_total,2017,280.452
gbr,sex_t,edu_isced11_7,mts_details_total,2018,309.522
gbr,sex_t,edu_isced11_7,mts_details_total,2019,307.644
gbr,sex_t,edu_isced11_7,mts_details_total,2020,326.211
gbr,sex_t,edu_isced11_7,mts_details_total,2021,342.729
gbr,sex_t,edu_isced11_7,mts_details_total,2022,514.752
gbr,sex_t,edu_isced11_7,mts_details_total,2023,534.207
gbr,sex_t,edu_isced11_7,mts_details_total,2024,537.036
gbr,sex_t,edu_isced11_7,mts_details_union,2006,0.564
gbr,sex_t,edu_isced11_7,mts_details_union,2010,1.071
gbr,sex_t,edu_isced11_7,mts_details_union,2011,2.212
gbr,sex_t,edu_isced11_7,mts_details_union,2012,1.688
gbr,sex_t,edu_isced11_7,mts_details_union,2014,1.348
gbr,sex_t,edu_isced11_7,mts_details_union,2015,2.502
gbr,sex_t,edu_isced11_7,mts_details_union,2016,0.885
gbr,sex_t,edu_isced11_7,mts_details_union,2017,0.712
gbr,sex_t,edu_isced11_7,mts_details_union,2018,1.704
gbr,sex_t,edu_isced11_7,mts_details_union,2019,2.192
gbr,sex_t,edu_isced11_7,mts_details_union,2020,4.482
gbr,sex_t,edu_isced11_7,mts_details_union,2021,4.507
gbr,sex_t,edu_isced11_7,mts_details_union,2022,7.89
gbr,sex_t,edu_isced11_7,mts_details_union,2023,5.931
gbr,sex_t,edu_isced11_7,mts_details_union,2024,7.384
gbr,sex_t,edu_isced11_7,mts_details_wid,2006,0.627
gbr,sex_t,edu_isced11_7,mts_details_wid,2007,1.343
gbr,sex_t,edu_isced11_7,mts_details_wid,2008,5.101
gbr,sex_t,edu_isced11_7,mts_details_wid,2009,6.141
gbr,sex_t,edu_isced11_7,mts_details_wid,2010,9.535
gbr,sex_t,edu_isced11_7,mts_details_wid,2011,4.402
gbr,sex_t,edu_isced11_7,mts_details_wid,2012,5.856
gbr,sex_t,edu_isced11_7,mts_details_wid,2013,5.053
gbr,sex_t,edu_isced11_7,mts_details_wid,2014,4.536
gbr,sex_t,edu_isced11_7,mts_details_wid,2015,6.122
gbr,sex_t,edu_isced11_7,mts_details_wid,2016,9.502
gbr,sex_t,edu_isced11_7,mts_details_wid,2017,9.296
gbr,sex_t,edu_isced11_7,mts_details_wid,2018,9.888
gbr,sex_t,edu_isced11_7,mts_details_wid,2019,10.322
gbr,sex_t,edu_isced11_7,mts_details_wid,2020,7.357
gbr,sex_t,edu_isced11_7,mts_details_wid,2021,4.74
gbr,sex_t,edu_isced11_7,mts_details_wid,2022,19.284
gbr,sex_t,edu_isced11_7,mts_details_wid,2023,24.621
gbr,sex_t,edu_isced11_7,mts_details_wid,2024,21.354
gbr,sex_t,edu_isced11_8,mts_aggregate_1,2005,1.264
gbr,sex_t,edu_isced11_8,mts_aggregate_1,2006,6.054
gbr,sex_t,edu_isced11_8,mts_aggregate_1,2007,7.279
gbr,sex_t,edu_isced11_8,mts_aggregate_1,2008,13.044
gbr,sex_t,edu_isced11_8,mts_aggregate_1,2009,11.477
gbr,sex_t,edu_isced11_8,mts_aggregate_1,2010,14.703
gbr,sex_t,edu_isced11_8,mts_aggregate_1,2011,11.629
gbr,sex_t,edu_isced11_8,mts_aggregate_1,2012,9.6
gbr,sex_t,edu_isced11_8,mts_aggregate_1,2013,12.189
gbr,sex_t,edu_isced11_8,mts_aggregate_1,2014,12.132
gbr,sex_t,edu_isced11_8,mts_aggregate_1,2015,13.772
gbr,sex_t,edu_isced11_8,mts_aggregate_1,2016,17.945
gbr,sex_t,edu_isced11_8,mts_aggregate_1,2017,15.877
gbr,sex_t,edu_isced11_8,mts_aggregate_1,2018,18.704
gbr,sex_t,edu_isced11_8,mts_aggregate_1,2019,18.635
gbr,sex_t,edu_isced11_8,mts_aggregate_1,2020,13.337
gbr,sex_t,edu_isced11_8,mts_aggregate_1,2021,17.837
gbr,sex_t,edu_isced11_8,mts_aggregate_1,2022,26.758
gbr,sex_t,edu_isced11_8,mts_aggregate_1,2023,19.463
gbr,sex_t,edu_isced11_8,mts_aggregate_1,2024,19.42
gbr,sex_t,edu_isced11_8,mts_aggregate_2,2005,3.326
gbr,sex_t,edu_isced11_8,mts_aggregate_2,2006,16.056
gbr,sex_t,edu_isced11_8,mts_aggregate_2,2007,17.387
gbr,sex_t,edu_isced11_8,mts_aggregate_2,2008,31.164
gbr,sex_t,edu_isced11_8,mts_aggregate_2,2009,34.489
gbr,sex_t,edu_isced11_8,mts_aggregate_2,2010,32.23
gbr,sex_t,edu_isced11_8,mts_aggregate_2,2011,26.632
gbr,sex_t,edu_isced11_8,mts_aggregate_2,2012,31.833
gbr,sex_t,edu_isced11_8,mts_aggregate_2,2013,36.2
gbr,sex_t,edu_isced11_8,mts_aggregate_2,2014,33.108
gbr,sex_t,edu_isced11_8,mts_aggregate_2,2015,36.871
gbr,sex_t,edu_isced11_8,mts_aggregate_2,2016,33.413
gbr,sex_t,edu_isced11_8,mts_aggregate_2,2017,39.35
gbr,sex_t,edu_isced11_8,mts_aggregate_2,2018,44.827
gbr,sex_t,edu_isced11_8,mts_aggregate_2,2019,39.879
gbr,sex_t,edu_isced11_8,mts_aggregate_2,2020,33.004
gbr,sex_t,edu_isced11_8,mts_aggregate_2,2021,40.104
gbr,sex_t,edu_isced11_8,mts_aggregate_2,2022,45.702
gbr,sex_t,edu_isced11_8,mts_aggregate_2,2023,58.373
gbr,sex_t,edu_isced11_8,mts_aggregate_2,2024,54.6
gbr,sex_t,edu_isced11_8,mts_aggregate_total,2005,4.59
gbr,sex_t,edu_isced11_8,mts_aggregate_total,2006,22.11
gbr,sex_t,edu_isced11_8,mts_aggregate_total,2007,24.665
gbr,sex_t,edu_isced11_8,mts_aggregate_total,2008,44.208
gbr,sex_t,edu_isced11_8,mts_aggregate_total,2009,45.967
gbr,sex_t,edu_isced11_8,mts_aggregate_total,2010,46.932
gbr,sex_t,edu_isced11_8,mts_aggregate_total,2011,38.261
gbr,sex_t,edu_isced11_8,mts_aggregate_total,2012,41.433
gbr,sex_t,edu_isced11_8,mts_aggregate_total,2013,48.39
gbr,sex_t,edu_isced11_8,mts_aggregate_total,2014,45.24
gbr,sex_t,edu_isced11_8,mts_aggregate_total,2015,50.643
gbr,sex_t,edu_isced11_8,mts_aggregate_total,2016,51.357
gbr,sex_t,edu_isced11_8,mts_aggregate_total,2017,55.227
gbr,sex_t,edu_isced11_8,mts_aggregate_total,2018,63.531
gbr,sex_t,edu_isced11_8,mts_aggregate_total,2019,58.514
gbr,sex_t,edu_isced11_8,mts_aggregate_total,2020,46.341
gbr,sex_t,edu_isced11_8,mts_aggregate_total,2021,57.941
gbr,sex_t,edu_isced11_8,mts_aggregate_total,2022,72.46
gbr,sex_t,edu_isced11_8,mts_aggregate_total,2023,77.836
gbr,sex_t,edu_isced11_8,mts_aggregate_total,2024,74.02
gbr,sex_t,edu_isced11_8,mts_details_mrd,2005,3.326
gbr,sex_t,edu_isced11_8,mts_details_mrd,2006,15.918
gbr,sex_t,edu_isced11_8,mts_details_mrd,2007,17.387
gbr,sex_t,edu_isced11_8,mts_details_mrd,2008,31.164
gbr,sex_t,edu_isced11_8,mts_details_mrd,2009,33.852
gbr,sex_t,edu_isced11_8,mts_details_mrd,2010,31.749
gbr,sex_t,edu_isced11_8,mts_details_mrd,2011,26.23
gbr,sex_t,edu_isced11_8,mts_details_mrd,2012,31.556
gbr,sex_t,edu_isced11_8,mts_details_mrd,2013,35.796
gbr,sex_t,edu_isced11_8,mts_details_mrd,2014,32.819
gbr,sex_t,edu_isced11_8,mts_details_mrd,2015,36.871
gbr,sex_t,edu_isced11_8,mts_details_mrd,2016,33.413
gbr,sex_t,edu_isced11_8,mts_details_mrd,2017,37.967
gbr,sex_t,edu_isced11_8,mts_details_mrd,2018,43.403
gbr,sex_t,edu_isced11_8,mts_details_mrd,2019,38.487
gbr,sex_t,edu_isced11_8,mts_details_mrd,2020,32.205
gbr,sex_t,edu_isced11_8,mts_details_mrd,2021,40.104
gbr,sex_t,edu_isced11_8,mts_details_mrd,2022,44.835
gbr,sex_t,edu_isced11_8,mts_details_mrd,2023,58.373
gbr,sex_t,edu_isced11_8,mts_details_mrd,2024,54.6
gbr,sex_t,edu_isced11_8,mts_details_sep,2005,0.91
gbr,sex_t,edu_isced11_8,mts_details_sep,2006,1.942
gbr,sex_t,edu_isced11_8,mts_details_sep,2007,1.503
gbr,sex_t,edu_isced11_8,mts_details_sep,2008,5.748
gbr,sex_t,edu_isced11_8,mts_details_sep,2009,3.47
gbr,sex_t,edu_isced11_8,mts_details_sep,2010,7.311
gbr,sex_t,edu_isced11_8,mts_details_sep,2011,4.377
gbr,sex_t,edu_isced11_8,mts_details_sep,2012,2.142
gbr,sex_t,edu_isced11_8,mts_details_sep,2013,5.218
gbr,sex_t,edu_isced11_8,mts_details_sep,2014,4.525
gbr,sex_t,edu_isced11_8,mts_details_sep,2015,5.623
gbr,sex_t,edu_isced11_8,mts_details_sep,2016,4.666
gbr,sex_t,edu_isced11_8,mts_details_sep,2017,2.595
gbr,sex_t,edu_isced11_8,mts_details_sep,2018,5.75
gbr,sex_t,edu_isced11_8,mts_details_sep,2019,4.866
gbr,sex_t,edu_isced11_8,mts_details_sep,2020,3.395
gbr,sex_t,edu_isced11_8,mts_details_sep,2021,5.319
gbr,sex_t,edu_isced11_8,mts_details_sep,2022,4.657
gbr,sex_t,edu_isced11_8,mts_details_sep,2023,3.379
gbr,sex_t,edu_isced11_8,mts_details_sep,2024,4.596
gbr,sex_t,edu_isced11_8,mts_details_sgle,2006,3.848
gbr,sex_t,edu_isced11_8,mts_details_sgle,2007,5.359
gbr,sex_t,edu_isced11_8,mts_details_sgle,2008,6.985
gbr,sex_t,edu_isced11_8,mts_details_sgle,2009,6.896
gbr,sex_t,edu_isced11_8,mts_details_sgle,2010,6.668
gbr,sex_t,edu_isced11_8,mts_details_sgle,2011,5.933
gbr,sex_t,edu_isced11_8,mts_details_sgle,2012,4.443
gbr,sex_t,edu_isced11_8,mts_details_sgle,2013,6.078
gbr,sex_t,edu_isced11_8,mts_details_sgle,2014,5.291
gbr,sex_t,edu_isced11_8,mts_details_sgle,2015,6.228
gbr,sex_t,edu_isced11_8,mts_details_sgle,2016,12.99
gbr,sex_t,edu_isced11_8,mts_details_sgle,2017,11.741
gbr,sex_t,edu_isced11_8,mts_details_sgle,2018,10.367
gbr,sex_t,edu_isced11_8,mts_details_sgle,2019,12.129
gbr,sex_t,edu_isced11_8,mts_details_sgle,2020,8.097
gbr,sex_t,edu_isced11_8,mts_details_sgle,2021,11.105
gbr,sex_t,edu_isced11_8,mts_details_sgle,2022,21.544
gbr,sex_t,edu_isced11_8,mts_details_sgle,2023,14.51
gbr,sex_t,edu_isced11_8,mts_details_sgle,2024,13.302
gbr,sex_t,edu_isced11_8,mts_details_total,2005,4.59
gbr,sex_t,edu_isced11_8,mts_details_total,2006,22.11
gbr,sex_t,edu_isced11_8,mts_details_total,2007,24.665
gbr,sex_t,edu_isced11_8,mts_details_total,2008,44.208
gbr,sex_t,edu_isced11_8,mts_details_total,2009,45.967
gbr,sex_t,edu_isced11_8,mts_details_total,2010,46.932
gbr,sex_t,edu_isced11_8,mts_details_total,2011,38.261
gbr,sex_t,edu_isced11_8,mts_details_total,2012,41.433
gbr,sex_t,edu_isced11_8,mts_details_total,2013,48.39
gbr,sex_t,edu_isced11_8,mts_details_total,2014,45.24
gbr,sex_t,edu_isced11_8,mts_details_total,2015,50.643
gbr,sex_t,edu_isced11_8,mts_details_total,2016,51.357
gbr,sex_t,edu_isced11_8,mts_details_total,2017,55.227
gbr,sex_t,edu_isced11_8,mts_details_total,2018,63.531
gbr,sex_t,edu_isced11_8,mts_details_total,2019,58.514
gbr,sex_t,edu_isced11_8,mts_details_total,2020,46.341
gbr,sex_t,edu_isced11_8,mts_details_total,2021,57.941
gbr,sex_t,edu_isced11_8,mts_details_total,2022,72.46
gbr,sex_t,edu_isced11_8,mts_details_total,2023,77.836
gbr,sex_t,edu_isced11_8,mts_details_total,2024,74.02
gbr,sex_t,edu_isced11_8,mts_details_union,2017,1.383
gbr,sex_t,edu_isced11_8,mts_details_union,2018,1.424
gbr,sex_t,edu_isced11_8,mts_details_union,2019,1.391
gbr,sex_t,edu_isced11_8,mts_details_wid,2009,1.112
gbr,sex_t,edu_isced11_8,mts_details_wid,2011,1.319
gbr,sex_t,edu_isced11_8,mts_details_wid,2012,3.015
gbr,sex_t,edu_isced11_8,mts_details_wid,2013,0.893
gbr,sex_t,edu_isced11_8,mts_details_wid,2014,2.316
gbr,sex_t,edu_isced11_8,mts_details_wid,2015,1.921
gbr,sex_t,edu_isced11_8,mts_details_wid,2017,1.542
gbr,sex_t,edu_isced11_8,mts_details_wid,2018,2.587
gbr,sex_t,edu_isced11_8,mts_details_wid,2019,1.641
gbr,sex_t,edu_isced11_8,mts_details_wid,2020,1.845
gbr,sex_t,edu_isced11_8,mts_details_wid,2023,1.574
gbr,sex_t,edu_isced11_8,mts_details_wid,2024,1.522
gbr,sex_t,edu_isced11_9,mts_aggregate_1,2005,8741.893
gbr,sex_t,edu_isced11_9,mts_aggregate_1,2006,6318.762
gbr,sex_t,edu_isced11_9,mts_aggregate_1,2007,6386.173
gbr,sex_t,edu_isced11_9,mts_aggregate_1,2008,4458.241
gbr,sex_t,edu_isced11_9,mts_aggregate_1,2009,4436.739
gbr,sex_t,edu_isced11_9,mts_aggregate_1,2010,4443.236
gbr,sex_t,edu_isced11_9,mts_aggregate_1,2011,4727.317
gbr,sex_t,edu_isced11_9,mts_aggregate_1,2012,4507.189
gbr,sex_t,edu_isced11_9,mts_aggregate_1,2013,4474.037
gbr,sex_t,edu_isced11_9,mts_aggregate_1,2014,4480.218
gbr,sex_t,edu_isced11_9,mts_aggregate_1,2015,4518.89
gbr,sex_t,edu_isced11_9,mts_aggregate_1,2016,4610.268
gbr,sex_t,edu_isced11_9,mts_aggregate_1,2017,4675.91
gbr,sex_t,edu_isced11_9,mts_aggregate_1,2018,4757.122
gbr,sex_t,edu_isced11_9,mts_aggregate_1,2019,4930.377
gbr,sex_t,edu_isced11_9,mts_aggregate_1,2020,4833.842
gbr,sex_t,edu_isced11_9,mts_aggregate_1,2021,4795.116
gbr,sex_t,edu_isced11_9,mts_aggregate_1,2022,4971.025
gbr,sex_t,edu_isced11_9,mts_aggregate_1,2023,4769.336
gbr,sex_t,edu_isced11_9,mts_aggregate_1,2024,4856.766
gbr,sex_t,edu_isced11_9,mts_aggregate_2,2005,8455.397
gbr,sex_t,edu_isced11_9,mts_aggregate_2,2006,6542.05
gbr,sex_t,edu_isced11_9,mts_aggregate_2,2007,6583.636
gbr,sex_t,edu_isced11_9,mts_aggregate_2,2008,3988.302
gbr,sex_t,edu_isced11_9,mts_aggregate_2,2009,4090.557
gbr,sex_t,edu_isced11_9,mts_aggregate_2,2010,4158.851
gbr,sex_t,edu_isced11_9,mts_aggregate_2,2011,4638.935
gbr,sex_t,edu_isced11_9,mts_aggregate_2,2012,4116.002
gbr,sex_t,edu_isced11_9,mts_aggregate_2,2013,4187.556
gbr,sex_t,edu_isced11_9,mts_aggregate_2,2014,4259.195
gbr,sex_t,edu_isced11_9,mts_aggregate_2,2015,4417.98
gbr,sex_t,edu_isced11_9,mts_aggregate_2,2016,4475.939
gbr,sex_t,edu_isced11_9,mts_aggregate_2,2017,4757.635
gbr,sex_t,edu_isced11_9,mts_aggregate_2,2018,4849.495
gbr,sex_t,edu_isced11_9,mts_aggregate_2,2019,4800.292
gbr,sex_t,edu_isced11_9,mts_aggregate_2,2020,5133.321
gbr,sex_t,edu_isced11_9,mts_aggregate_2,2021,5275.098
gbr,sex_t,edu_isced11_9,mts_aggregate_2,2022,4991.516
gbr,sex_t,edu_isced11_9,mts_aggregate_2,2023,4829.568
gbr,sex_t,edu_isced11_9,mts_aggregate_2,2024,4837.892
gbr,sex_t,edu_isced11_9,mts_aggregate_total,2005,17197.29
gbr,sex_t,edu_isced11_9,mts_aggregate_total,2006,12860.813
gbr,sex_t,edu_isced11_9,mts_aggregate_total,2007,12969.809
gbr,sex_t,edu_isced11_9,mts_aggregate_total,2008,8446.542
gbr,sex_t,edu_isced11_9,mts_aggregate_total,2009,8527.375
gbr,sex_t,edu_isced11_9,mts_aggregate_total,2010,8602.087
gbr,sex_t,edu_isced11_9,mts_aggregate_total,2011,9366.252
gbr,sex_t,edu_isced11_9,mts_aggregate_total,2012,8623.191
gbr,sex_t,edu_isced11_9,mts_aggregate_total,2013,8661.908
gbr,sex_t,edu_isced11_9,mts_aggregate_total,2014,8739.413
gbr,sex_t,edu_isced11_9,mts_aggregate_total,2015,8937
gbr,sex_t,edu_isced11_9,mts_aggregate_total,2016,9088.058
gbr,sex_t,edu_isced11_9,mts_aggregate_total,2017,9435.609
gbr,sex_t,edu_isced11_9,mts_aggregate_total,2018,9606.617
gbr,sex_t,edu_isced11_9,mts_aggregate_total,2019,9730.669
gbr,sex_t,edu_isced11_9,mts_aggregate_total,2020,9967.163
gbr,sex_t,edu_isced11_9,mts_aggregate_total,2021,10070.214
gbr,sex_t,edu_isced11_9,mts_aggregate_total,2022,9962.54
gbr,sex_t,edu_isced11_9,mts_aggregate_total,2023,9598.904
gbr,sex_t,edu_isced11_9,mts_aggregate_total,2024,9694.821
gbr,sex_t,edu_isced11_9,mts_aggregate_x,2016,1.851
gbr,sex_t,edu_isced11_9,mts_aggregate_x,2017,2.065
gbr,sex_t,edu_isced11_9,mts_details_mrd,2005,8455.397
gbr,sex_t,edu_isced11_9,mts_details_mrd,2006,6538.977
gbr,sex_t,edu_isced11_9,mts_details_mrd,2007,6578.337
gbr,sex_t,edu_isced11_9,mts_details_mrd,2008,3984.102
gbr,sex_t,edu_isced11_9,mts_details_mrd,2009,4088.603
gbr,sex_t,edu_isced11_9,mts_details_mrd,2010,4156.029
gbr,sex_t,edu_isced11_9,mts_details_mrd,2011,4631.194
gbr,sex_t,edu_isced11_9,mts_details_mrd,2012,4107.215
gbr,sex_t,edu_isced11_9,mts_details_mrd,2013,4177.805
gbr,sex_t,edu_isced11_9,mts_details_mrd,2014,4250.961
gbr,sex_t,edu_isced11_9,mts_details_mrd,2015,4409.185
gbr,sex_t,edu_isced11_9,mts_details_mrd,2016,4464.237
gbr,sex_t,edu_isced11_9,mts_details_mrd,2017,4747.645
gbr,sex_t,edu_isced11_9,mts_details_mrd,2018,4840.196
gbr,sex_t,edu_isced11_9,mts_details_mrd,2019,4787.482
gbr,sex_t,edu_isced11_9,mts_details_mrd,2020,5120.136
gbr,sex_t,edu_isced11_9,mts_details_mrd,2021,5258.252
gbr,sex_t,edu_isced11_9,mts_details_mrd,2022,4979.606
gbr,sex_t,edu_isced11_9,mts_details_mrd,2023,4791.517
gbr,sex_t,edu_isced11_9,mts_details_mrd,2024,4799.804
gbr,sex_t,edu_isced11_9,mts_details_sep,2005,1508.236
gbr,sex_t,edu_isced11_9,mts_details_sep,2006,1116.457
gbr,sex_t,edu_isced11_9,mts_details_sep,2007,1181.683
gbr,sex_t,edu_isced11_9,mts_details_sep,2008,582.085
gbr,sex_t,edu_isced11_9,mts_details_sep,2009,615.604
gbr,sex_t,edu_isced11_9,mts_details_sep,2010,611.183
gbr,sex_t,edu_isced11_9,mts_details_sep,2011,775.696
gbr,sex_t,edu_isced11_9,mts_details_sep,2012,688.398
gbr,sex_t,edu_isced11_9,mts_details_sep,2013,705.374
gbr,sex_t,edu_isced11_9,mts_details_sep,2014,739.229
gbr,sex_t,edu_isced11_9,mts_details_sep,2015,773.202
gbr,sex_t,edu_isced11_9,mts_details_sep,2016,815.162
gbr,sex_t,edu_isced11_9,mts_details_sep,2017,885.277
gbr,sex_t,edu_isced11_9,mts_details_sep,2018,892.838
gbr,sex_t,edu_isced11_9,mts_details_sep,2019,961.072
gbr,sex_t,edu_isced11_9,mts_details_sep,2020,994.821
gbr,sex_t,edu_isced11_9,mts_details_sep,2021,1031.125
gbr,sex_t,edu_isced11_9,mts_details_sep,2022,1050.294
gbr,sex_t,edu_isced11_9,mts_details_sep,2023,1012.283
gbr,sex_t,edu_isced11_9,mts_details_sep,2024,1127.789
gbr,sex_t,edu_isced11_9,mts_details_sgle,2005,4188.661
gbr,sex_t,edu_isced11_9,mts_details_sgle,2006,2259.368
gbr,sex_t,edu_isced11_9,mts_details_sgle,2007,2273.436
gbr,sex_t,edu_isced11_9,mts_details_sgle,2008,1382.919
gbr,sex_t,edu_isced11_9,mts_details_sgle,2009,1380.767
gbr,sex_t,edu_isced11_9,mts_details_sgle,2010,1386.604
gbr,sex_t,edu_isced11_9,mts_details_sgle,2011,1371.592
gbr,sex_t,edu_isced11_9,mts_details_sgle,2012,1346.974
gbr,sex_t,edu_isced11_9,mts_details_sgle,2013,1322.406
gbr,sex_t,edu_isced11_9,mts_details_sgle,2014,1321.031
gbr,sex_t,edu_isced11_9,mts_details_sgle,2015,1306.349
gbr,sex_t,edu_isced11_9,mts_details_sgle,2016,1313.432
gbr,sex_t,edu_isced11_9,mts_details_sgle,2017,1379.83
gbr,sex_t,edu_isced11_9,mts_details_sgle,2018,1382.86
gbr,sex_t,edu_isced11_9,mts_details_sgle,2019,1436.586
gbr,sex_t,edu_isced11_9,mts_details_sgle,2020,1492.557
gbr,sex_t,edu_isced11_9,mts_details_sgle,2021,1510.55
gbr,sex_t,edu_isced11_9,mts_details_sgle,2022,1642.184
gbr,sex_t,edu_isced11_9,mts_details_sgle,2023,1457.102
gbr,sex_t,edu_isced11_9,mts_details_sgle,2024,1441.291
gbr,sex_t,edu_isced11_9,mts_details_total,2005,17197.29
gbr,sex_t,edu_isced11_9,mts_details_total,2006,12860.813
gbr,sex_t,edu_isced11_9,mts_details_total,2007,12969.809
gbr,sex_t,edu_isced11_9,mts_details_total,2008,8446.542
gbr,sex_t,edu_isced11_9,mts_details_total,2009,8527.375
gbr,sex_t,edu_isced11_9,mts_details_total,2010,8602.087
gbr,sex_t,edu_isced11_9,mts_details_total,2011,9366.252
gbr,sex_t,edu_isced11_9,mts_details_total,2012,8623.191
gbr,sex_t,edu_isced11_9,mts_details_total,2013,8661.908
gbr,sex_t,edu_isced11_9,mts_details_total,2014,8739.413
gbr,sex_t,edu_isced11_9,mts_details_total,2015,8937
gbr,sex_t,edu_isced11_9,mts_details_total,2016,9088.058
gbr,sex_t,edu_isced11_9,mts_details_total,2017,9435.609
gbr,sex_t,edu_isced11_9,mts_details_total,2018,9606.617
gbr,sex_t,edu_isced11_9,mts_details_total,2019,9730.669
gbr,sex_t,edu_isced11_9,mts_details_total,2020,9967.163
gbr,sex_t,edu_isced11_9,mts_details_total,2021,10070.214
gbr,sex_t,edu_isced11_9,mts_details_total,2022,9962.54
gbr,sex_t,edu_isced11_9,mts_details_total,2023,9598.904
gbr,sex_t,edu_isced11_9,mts_details_total,2024,9694.821
gbr,sex_t,edu_isced11_9,mts_details_union,2006,3.074
gbr,sex_t,edu_isced11_9,mts_details_union,2007,5.299
gbr,sex_t,edu_isced11_9,mts_details_union,2008,4.199
gbr,sex_t,edu_isced11_9,mts_details_union,2009,1.954
gbr,sex_t,edu_isced11_9,mts_details_union,2010,2.822
gbr,sex_t,edu_isced11_9,mts_details_union,2011,7.742
gbr,sex_t,edu_isced11_9,mts_details_union,2012,8.787
gbr,sex_t,edu_isced11_9,mts_details_union,2013,9.752
gbr,sex_t,edu_isced11_9,mts_details_union,2014,8.235
gbr,sex_t,edu_isced11_9,mts_details_union,2015,8.794
gbr,sex_t,edu_isced11_9,mts_details_union,2016,11.702
gbr,sex_t,edu_isced11_9,mts_details_union,2017,9.99
gbr,sex_t,edu_isced11_9,mts_details_union,2018,9.3
gbr,sex_t,edu_isced11_9,mts_details_union,2019,12.81
gbr,sex_t,edu_isced11_9,mts_details_union,2020,13.184
gbr,sex_t,edu_isced11_9,mts_details_union,2021,16.846
gbr,sex_t,edu_isced11_9,mts_details_union,2022,11.91
gbr,sex_t,edu_isced11_9,mts_details_union,2023,38.05
gbr,sex_t,edu_isced11_9,mts_details_union,2024,38.087
gbr,sex_t,edu_isced11_9,mts_details_wid,2005,3044.997
gbr,sex_t,edu_isced11_9,mts_details_wid,2006,2942.937
gbr,sex_t,edu_isced11_9,mts_details_wid,2007,2931.054
gbr,sex_t,edu_isced11_9,mts_details_wid,2008,2493.237
gbr,sex_t,edu_isced11_9,mts_details_wid,2009,2440.367
gbr,sex_t,edu_isced11_9,mts_details_wid,2010,2445.448
gbr,sex_t,edu_isced11_9,mts_details_wid,2011,2580.029
gbr,sex_t,edu_isced11_9,mts_details_wid,2012,2471.817
gbr,sex_t,edu_isced11_9,mts_details_wid,2013,2446.257
gbr,sex_t,edu_isced11_9,mts_details_wid,2014,2419.958
gbr,sex_t,edu_isced11_9,mts_details_wid,2015,2439.34
gbr,sex_t,edu_isced11_9,mts_details_wid,2016,2481.674
gbr,sex_t,edu_isced11_9,mts_details_wid,2017,2410.802
gbr,sex_t,edu_isced11_9,mts_details_wid,2018,2481.424
gbr,sex_t,edu_isced11_9,mts_details_wid,2019,2532.719
gbr,sex_t,edu_isced11_9,mts_details_wid,2020,2346.465
gbr,sex_t,edu_isced11_9,mts_details_wid,2021,2253.441
gbr,sex_t,edu_isced11_9,mts_details_wid,2022,2278.546
gbr,sex_t,edu_isced11_9,mts_details_wid,2023,2299.951
gbr,sex_t,edu_isced11_9,mts_details_wid,2024,2287.686
gbr,sex_t,edu_isced11_9,mts_details_x,2016,1.851
gbr,sex_t,edu_isced11_9,mts_details_x,2017,2.065
gbr,sex_t,edu_isced11_total,mts_aggregate_1,2005,9482.308
gbr,sex_t,edu_isced11_total,mts_aggregate_1,2006,9518.828
gbr,sex_t,edu_isced11_total,mts_aggregate_1,2007,9775.209
gbr,sex_t,edu_isced11_total,mts_aggregate_1,2008,9906.14
gbr,sex_t,edu_isced11_total,mts_aggregate_1,2009,10066.285
gbr,sex_t,edu_isced11_total,mts_aggregate_1,2010,10281.286
gbr,sex_t,edu_isced11_total,mts_aggregate_1,2011,10403.048
gbr,sex_t,edu_isced11_total,mts_aggregate_1,2012,10408.74
gbr,sex_t,edu_isced11_total,mts_aggregate_1,2013,10449.542
gbr,sex_t,edu_isced11_total,mts_aggregate_1,2014,10412.651
gbr,sex_t,edu_isced11_total,mts_aggregate_1,2015,10484.254
gbr,sex_t,edu_isced11_total,mts_aggregate_1,2016,10555.068
gbr,sex_t,edu_isced11_total,mts_aggregate_1,2017,10513.511
gbr,sex_t,edu_isced11_total,mts_aggregate_1,2018,10607.513
gbr,sex_t,edu_isced11_total,mts_aggregate_1,2019,10827.124
gbr,sex_t,edu_isced11_total,mts_aggregate_1,2020,10780.575
gbr,sex_t,edu_isced11_total,mts_aggregate_1,2021,10960.36
gbr,sex_t,edu_isced11_total,mts_aggregate_1,2022,11225.237
gbr,sex_t,edu_isced11_total,mts_aggregate_1,2023,11673.048
gbr,sex_t,edu_isced11_total,mts_aggregate_1,2024,12096.624
gbr,sex_t,edu_isced11_total,mts_aggregate_2,2005,8977.526
gbr,sex_t,edu_isced11_total,mts_aggregate_2,2006,8912.057
gbr,sex_t,edu_isced11_total,mts_aggregate_2,2007,8928.424
gbr,sex_t,edu_isced11_total,mts_aggregate_2,2008,8846.092
gbr,sex_t,edu_isced11_total,mts_aggregate_2,2009,8944.822
gbr,sex_t,edu_isced11_total,mts_aggregate_2,2010,9013.09
gbr,sex_t,edu_isced11_total,mts_aggregate_2,2011,9066.285
gbr,sex_t,edu_isced11_total,mts_aggregate_2,2012,9098.189
gbr,sex_t,edu_isced11_total,mts_aggregate_2,2013,9142.87
gbr,sex_t,edu_isced11_total,mts_aggregate_2,2014,9248.924
gbr,sex_t,edu_isced11_total,mts_aggregate_2,2015,9257.874
gbr,sex_t,edu_isced11_total,mts_aggregate_2,2016,9254.538
gbr,sex_t,edu_isced11_total,mts_aggregate_2,2017,9426.998
gbr,sex_t,edu_isced11_total,mts_aggregate_2,2018,9340.758
gbr,sex_t,edu_isced11_total,mts_aggregate_2,2019,9202.315
gbr,sex_t,edu_isced11_total,mts_aggregate_2,2020,9427.21
gbr,sex_t,edu_isced11_total,mts_aggregate_2,2021,9589.174
gbr,sex_t,edu_isced11_total,mts_aggregate_2,2022,9416.082
gbr,sex_t,edu_isced11_total,mts_aggregate_2,2023,9207.267
gbr,sex_t,edu_isced11_total,mts_aggregate_2,2024,9259.41
gbr,sex_t,edu_isced11_total,mts_aggregate_total,2005,18459.835
gbr,sex_t,edu_isced11_total,mts_aggregate_total,2006,18430.885
gbr,sex_t,edu_isced11_total,mts_aggregate_total,2007,18703.633
gbr,sex_t,edu_isced11_total,mts_aggregate_total,2008,18752.232
gbr,sex_t,edu_isced11_total,mts_aggregate_total,2009,19011.364
gbr,sex_t,edu_isced11_total,mts_aggregate_total,2010,19294.376
gbr,sex_t,edu_isced11_total,mts_aggregate_total,2011,19469.333
gbr,sex_t,edu_isced11_total,mts_aggregate_total,2012,19506.929
gbr,sex_t,edu_isced11_total,mts_aggregate_total,2013,19592.726
gbr,sex_t,edu_isced11_total,mts_aggregate_total,2014,19661.575
gbr,sex_t,edu_isced11_total,mts_aggregate_total,2015,19742.258
gbr,sex_t,edu_isced11_total,mts_aggregate_total,2016,19811.457
gbr,sex_t,edu_isced11_total,mts_aggregate_total,2017,19942.574
gbr,sex_t,edu_isced11_total,mts_aggregate_total,2018,19948.27
gbr,sex_t,edu_isced11_total,mts_aggregate_total,2019,20029.439
gbr,sex_t,edu_isced11_total,mts_aggregate_total,2020,20207.785
gbr,sex_t,edu_isced11_total,mts_aggregate_total,2021,20549.534
gbr,sex_t,edu_isced11_total,mts_aggregate_total,2022,20641.318
gbr,sex_t,edu_isced11_total,mts_aggregate_total,2023,20880.315
gbr,sex_t,edu_isced11_total,mts_aggregate_total,2024,21357.042
gbr,sex_t,edu_isced11_total,mts_aggregate_x,2016,1.851
gbr,sex_t,edu_isced11_total,mts_aggregate_x,2017,2.065
gbr,sex_t,edu_isced11_total,mts_details_mrd,2005,8977.526
gbr,sex_t,edu_isced11_total,mts_details_mrd,2006,8903.606
gbr,sex_t,edu_isced11_total,mts_details_mrd,2007,8917.142
gbr,sex_t,edu_isced11_total,mts_details_mrd,2008,8832.841
gbr,sex_t,edu_isced11_total,mts_details_mrd,2009,8933.015
gbr,sex_t,edu_isced11_total,mts_details_mrd,2010,8996.562
gbr,sex_t,edu_isced11_total,mts_details_mrd,2011,9043.242
gbr,sex_t,edu_isced11_total,mts_details_mrd,2012,9071.652
gbr,sex_t,edu_isced11_total,mts_details_mrd,2013,9113.537
gbr,sex_t,edu_isced11_total,mts_details_mrd,2014,9223.91
gbr,sex_t,edu_isced11_total,mts_details_mrd,2015,9234.871
gbr,sex_t,edu_isced11_total,mts_details_mrd,2016,9229.951
gbr,sex_t,edu_isced11_total,mts_details_mrd,2017,9395.748
gbr,sex_t,edu_isced11_total,mts_details_mrd,2018,9304.129
gbr,sex_t,edu_isced11_total,mts_details_mrd,2019,9173.322
gbr,sex_t,edu_isced11_total,mts_details_mrd,2020,9375.053
gbr,sex_t,edu_isced11_total,mts_details_mrd,2021,9542.451
gbr,sex_t,edu_isced11_total,mts_details_mrd,2022,9357.148
gbr,sex_t,edu_isced11_total,mts_details_mrd,2023,9108.552
gbr,sex_t,edu_isced11_total,mts_details_mrd,2024,9154.442
gbr,sex_t,edu_isced11_total,mts_details_sep,2005,1654.947
gbr,sex_t,edu_isced11_total,mts_details_sep,2006,1688.107
gbr,sex_t,edu_isced11_total,mts_details_sep,2007,1772.298
gbr,sex_t,edu_isced11_total,mts_details_sep,2008,1774.634
gbr,sex_t,edu_isced11_total,mts_details_sep,2009,1818.626
gbr,sex_t,edu_isced11_total,mts_details_sep,2010,1878.308
gbr,sex_t,edu_isced11_total,mts_details_sep,2011,1985.313
gbr,sex_t,edu_isced11_total,mts_details_sep,2012,1992.15
gbr,sex_t,edu_isced11_total,mts_details_sep,2013,1938.29
gbr,sex_t,edu_isced11_total,mts_details_sep,2014,2007.66
gbr,sex_t,edu_isced11_total,mts_details_sep,2015,2015.407
gbr,sex_t,edu_isced11_total,mts_details_sep,2016,2051.524
gbr,sex_t,edu_isced11_total,mts_details_sep,2017,2050.202
gbr,sex_t,edu_isced11_total,mts_details_sep,2018,2015.991
gbr,sex_t,edu_isced11_total,mts_details_sep,2019,2069.5
gbr,sex_t,edu_isced11_total,mts_details_sep,2020,2094.995
gbr,sex_t,edu_isced11_total,mts_details_sep,2021,2102.929
gbr,sex_t,edu_isced11_total,mts_details_sep,2022,2304.279
gbr,sex_t,edu_isced11_total,mts_details_sep,2023,2366.079
gbr,sex_t,edu_isced11_total,mts_details_sep,2024,2496.247
gbr,sex_t,edu_isced11_total,mts_details_sgle,2005,4759.606
gbr,sex_t,edu_isced11_total,mts_details_sgle,2006,4792.891
gbr,sex_t,edu_isced11_total,mts_details_sgle,2007,4977.68
gbr,sex_t,edu_isced11_total,mts_details_sgle,2008,5112.915
gbr,sex_t,edu_isced11_total,mts_details_sgle,2009,5299.686
gbr,sex_t,edu_isced11_total,mts_details_sgle,2010,5448.748
gbr,sex_t,edu_isced11_total,mts_details_sgle,2011,5471.637
gbr,sex_t,edu_isced11_total,mts_details_sgle,2012,5450.36
gbr,sex_t,edu_isced11_total,mts_details_sgle,2013,5580.416
gbr,sex_t,edu_isced11_total,mts_details_sgle,2014,5543.251
gbr,sex_t,edu_isced11_total,mts_details_sgle,2015,5579.68
gbr,sex_t,edu_isced11_total,mts_details_sgle,2016,5594.046
gbr,sex_t,edu_isced11_total,mts_details_sgle,2017,5651.152
gbr,sex_t,edu_isced11_total,mts_details_sgle,2018,5723.487
gbr,sex_t,edu_isced11_total,mts_details_sgle,2019,5848.466
gbr,sex_t,edu_isced11_total,mts_details_sgle,2020,5987.118
gbr,sex_t,edu_isced11_total,mts_details_sgle,2021,6258.158
gbr,sex_t,edu_isced11_total,mts_details_sgle,2022,6273.514
gbr,sex_t,edu_isced11_total,mts_details_sgle,2023,6612.142
gbr,sex_t,edu_isced11_total,mts_details_sgle,2024,6926.665
gbr,sex_t,edu_isced11_total,mts_details_total,2005,18459.835
gbr,sex_t,edu_isced11_total,mts_details_total,2006,18430.885
gbr,sex_t,edu_isced11_total,mts_details_total,2007,18703.633
gbr,sex_t,edu_isced11_total,mts_details_total,2008,18752.232
gbr,sex_t,edu_isced11_total,mts_details_total,2009,19011.364
gbr,sex_t,edu_isced11_total,mts_details_total,2010,19294.376
gbr,sex_t,edu_isced11_total,mts_details_total,2011,19469.333
gbr,sex_t,edu_isced11_total,mts_details_total,2012,19506.929
gbr,sex_t,edu_isced11_total,mts_details_total,2013,19592.726
gbr,sex_t,edu_isced11_total,mts_details_total,2014,19661.575
gbr,sex_t,edu_isced11_total,mts_details_total,2015,19742.258
gbr,sex_t,edu_isced11_total,mts_details_total,2016,19811.457
gbr,sex_t,edu_isced11_total,mts_details_total,2017,19942.574
gbr,sex_t,edu_isced11_total,mts_details_total,2018,19948.27
gbr,sex_t,edu_isced11_total,mts_details_total,2019,20029.439
gbr,sex_t,edu_isced11_total,mts_details_total,2020,20207.785
gbr,sex_t,edu_isced11_total,mts_details_total,2021,20549.534
gbr,sex_t,edu_isced11_total,mts_details_total,2022,20641.318
gbr,sex_t,edu_isced11_total,mts_details_total,2023,20880.315
gbr,sex_t,edu_isced11_total,mts_details_total,2024,21357.042
gbr,sex_t,edu_isced11_total,mts_details_union,2006,8.451
gbr,sex_t,edu_isced11_total,mts_details_union,2007,11.281
gbr,sex_t,edu_isced11_total,mts_details_union,2008,13.251
gbr,sex_t,edu_isced11_total,mts_details_union,2009,11.807
gbr,sex_t,edu_isced11_total,mts_details_union,2010,16.529
gbr,sex_t,edu_isced11_total,mts_details_union,2011,23.043
gbr,sex_t,edu_isced11_total,mts_details_union,2012,26.536
gbr,sex_t,edu_isced11_total,mts_details_union,2013,29.333
gbr,sex_t,edu_isced11_total,mts_details_union,2014,25.014
gbr,sex_t,edu_isced11_total,mts_details_union,2015,23.003
gbr,sex_t,edu_isced11_total,mts_details_union,2016,24.587
gbr,sex_t,edu_isced11_total,mts_details_union,2017,31.25
gbr,sex_t,edu_isced11_total,mts_details_union,2018,36.629
gbr,sex_t,edu_isced11_total,mts_details_union,2019,28.994
gbr,sex_t,edu_isced11_total,mts_details_union,2020,52.157
gbr,sex_t,edu_isced11_total,mts_details_union,2021,46.723
gbr,sex_t,edu_isced11_total,mts_details_union,2022,58.933
gbr,sex_t,edu_isced11_total,mts_details_union,2023,98.714
gbr,sex_t,edu_isced11_total,mts_details_union,2024,104.968
gbr,sex_t,edu_isced11_total,mts_details_wid,2005,3067.755
gbr,sex_t,edu_isced11_total,mts_details_wid,2006,3037.83
gbr,sex_t,edu_isced11_total,mts_details_wid,2007,3025.231
gbr,sex_t,edu_isced11_total,mts_details_wid,2008,3018.59
gbr,sex_t,edu_isced11_total,mts_details_wid,2009,2947.973
gbr,sex_t,edu_isced11_total,mts_details_wid,2010,2954.23
gbr,sex_t,edu_isced11_total,mts_details_wid,2011,2946.098
gbr,sex_t,edu_isced11_total,mts_details_wid,2012,2966.23
gbr,sex_t,edu_isced11_total,mts_details_wid,2013,2930.835
gbr,sex_t,edu_isced11_total,mts_details_wid,2014,2861.74
gbr,sex_t,edu_isced11_total,mts_details_wid,2015,2889.167
gbr,sex_t,edu_isced11_total,mts_details_wid,2016,2909.498
gbr,sex_t,edu_isced11_total,mts_details_wid,2017,2812.156
gbr,sex_t,edu_isced11_total,mts_details_wid,2018,2868.035
gbr,sex_t,edu_isced11_total,mts_details_wid,2019,2909.158
gbr,sex_t,edu_isced11_total,mts_details_wid,2020,2698.461
gbr,sex_t,edu_isced11_total,mts_details_wid,2021,2599.273
gbr,sex_t,edu_isced11_total,mts_details_wid,2022,2647.443
gbr,sex_t,edu_isced11_total,mts_details_wid,2023,2694.827
gbr,sex_t,edu_isced11_total,mts_details_wid,2024,2673.712
gbr,sex_t,edu_isced11_total,mts_details_x,2016,1.851
gbr,sex_t,edu_isced11_total,mts_details_x,2017,2.065
gbr,sex_t,edu_isced11_x,mts_aggregate_1,2005,229.833
gbr,sex_t,edu_isced11_x,mts_aggregate_1,2006,24.733
gbr,sex_t,edu_isced11_x,mts_aggregate_1,2007,31.492
gbr,sex_t,edu_isced11_x,mts_aggregate_1,2008,1807.723
gbr,sex_t,edu_isced11_x,mts_aggregate_1,2009,1723.758
gbr,sex_t,edu_isced11_x,mts_aggregate_1,2010,1646.944
gbr,sex_t,edu_isced11_x,mts_aggregate_1,2011,1471.597
gbr,sex_t,edu_isced11_x,mts_aggregate_1,2012,1539.961
gbr,sex_t,edu_isced11_x,mts_aggregate_1,2013,1488.762
gbr,sex_t,edu_isced11_x,mts_aggregate_1,2014,1401.239
gbr,sex_t,edu_isced11_x,mts_aggregate_1,2015,1421.925
gbr,sex_t,edu_isced11_x,mts_aggregate_1,2016,1355.49
gbr,sex_t,edu_isced11_x,mts_aggregate_1,2017,1297.67
gbr,sex_t,edu_isced11_x,mts_aggregate_1,2018,1252.653
gbr,sex_t,edu_isced11_x,mts_aggregate_1,2019,1277.046
gbr,sex_t,edu_isced11_x,mts_aggregate_1,2020,1248.231
gbr,sex_t,edu_isced11_x,mts_aggregate_1,2021,1194.722
gbr,sex_t,edu_isced11_x,mts_aggregate_2,2005,180.714
gbr,sex_t,edu_isced11_x,mts_aggregate_2,2006,17.855
gbr,sex_t,edu_isced11_x,mts_aggregate_2,2007,18.87
gbr,sex_t,edu_isced11_x,mts_aggregate_2,2008,1776.761
gbr,sex_t,edu_isced11_x,mts_aggregate_2,2009,1580.447
gbr,sex_t,edu_isced11_x,mts_aggregate_2,2010,1470.347
gbr,sex_t,edu_isced11_x,mts_aggregate_2,2011,1157.697
gbr,sex_t,edu_isced11_x,mts_aggregate_2,2012,1285.439
gbr,sex_t,edu_isced11_x,mts_aggregate_2,2013,1261.534
gbr,sex_t,edu_isced11_x,mts_aggregate_2,2014,1160.096
gbr,sex_t,edu_isced11_x,mts_aggregate_2,2015,1121.273
gbr,sex_t,edu_isced11_x,mts_aggregate_2,2016,1002.539
gbr,sex_t,edu_isced11_x,mts_aggregate_2,2017,932.125
gbr,sex_t,edu_isced11_x,mts_aggregate_2,2018,821.826
gbr,sex_t,edu_isced11_x,mts_aggregate_2,2019,764.421
gbr,sex_t,edu_isced11_x,mts_aggregate_2,2020,665.328
gbr,sex_t,edu_isced11_x,mts_aggregate_2,2021,675.378
gbr,sex_t,edu_isced11_x,mts_aggregate_total,2005,410.546
gbr,sex_t,edu_isced11_x,mts_aggregate_total,2006,42.588
gbr,sex_t,edu_isced11_x,mts_aggregate_total,2007,50.362
gbr,sex_t,edu_isced11_x,mts_aggregate_total,2008,3584.483
gbr,sex_t,edu_isced11_x,mts_aggregate_total,2009,3304.27
gbr,sex_t,edu_isced11_x,mts_aggregate_total,2010,3117.29
gbr,sex_t,edu_isced11_x,mts_aggregate_total,2011,2629.294
gbr,sex_t,edu_isced11_x,mts_aggregate_total,2012,2825.401
gbr,sex_t,edu_isced11_x,mts_aggregate_total,2013,2750.296
gbr,sex_t,edu_isced11_x,mts_aggregate_total,2014,2561.335
gbr,sex_t,edu_isced11_x,mts_aggregate_total,2015,2543.198
gbr,sex_t,edu_isced11_x,mts_aggregate_total,2016,2358.029
gbr,sex_t,edu_isced11_x,mts_aggregate_total,2017,2229.795
gbr,sex_t,edu_isced11_x,mts_aggregate_total,2018,2074.479
gbr,sex_t,edu_isced11_x,mts_aggregate_total,2019,2041.467
gbr,sex_t,edu_isced11_x,mts_aggregate_total,2020,1913.559
gbr,sex_t,edu_isced11_x,mts_aggregate_total,2021,1870.1
gbr,sex_t,edu_isced11_x,mts_details_mrd,2005,180.714
gbr,sex_t,edu_isced11_x,mts_details_mrd,2006,17.855
gbr,sex_t,edu_isced11_x,mts_details_mrd,2007,18.87
gbr,sex_t,edu_isced11_x,mts_details_mrd,2008,1775.008
gbr,sex_t,edu_isced11_x,mts_details_mrd,2009,1579.363
gbr,sex_t,edu_isced11_x,mts_details_mrd,2010,1468.409
gbr,sex_t,edu_isced11_x,mts_details_mrd,2011,1156.872
gbr,sex_t,edu_isced11_x,mts_details_mrd,2012,1283.617
gbr,sex_t,edu_isced11_x,mts_details_mrd,2013,1257.872
gbr,sex_t,edu_isced11_x,mts_details_mrd,2014,1158.401
gbr,sex_t,edu_isced11_x,mts_details_mrd,2015,1120.03
gbr,sex_t,edu_isced11_x,mts_details_mrd,2016,1001.646
gbr,sex_t,edu_isced11_x,mts_details_mrd,2017,930.458
gbr,sex_t,edu_isced11_x,mts_details_mrd,2018,817.893
gbr,sex_t,edu_isced11_x,mts_details_mrd,2019,764.421
gbr,sex_t,edu_isced11_x,mts_details_mrd,2020,661.807
gbr,sex_t,edu_isced11_x,mts_details_mrd,2021,674.976
gbr,sex_t,edu_isced11_x,mts_details_sep,2005,61.843
gbr,sex_t,edu_isced11_x,mts_details_sep,2006,4.34
gbr,sex_t,edu_isced11_x,mts_details_sep,2007,3.888
gbr,sex_t,edu_isced11_x,mts_details_sep,2008,519.262
gbr,sex_t,edu_isced11_x,mts_details_sep,2009,464.106
gbr,sex_t,edu_isced11_x,mts_details_sep,2010,456.451
gbr,sex_t,edu_isced11_x,mts_details_sep,2011,422.402
gbr,sex_t,edu_isced11_x,mts_details_sep,2012,440.779
gbr,sex_t,edu_isced11_x,mts_details_sep,2013,395.995
gbr,sex_t,edu_isced11_x,mts_details_sep,2014,383.496
gbr,sex_t,edu_isced11_x,mts_details_sep,2015,364.984
gbr,sex_t,edu_isced11_x,mts_details_sep,2016,352.47
gbr,sex_t,edu_isced11_x,mts_details_sep,2017,310.78
gbr,sex_t,edu_isced11_x,mts_details_sep,2018,283.838
gbr,sex_t,edu_isced11_x,mts_details_sep,2019,277.605
gbr,sex_t,edu_isced11_x,mts_details_sep,2020,254.559
gbr,sex_t,edu_isced11_x,mts_details_sep,2021,217.617
gbr,sex_t,edu_isced11_x,mts_details_sgle,2005,156.952
gbr,sex_t,edu_isced11_x,mts_details_sgle,2006,19.84
gbr,sex_t,edu_isced11_x,mts_details_sgle,2007,26.977
gbr,sex_t,edu_isced11_x,mts_details_sgle,2008,1007.096
gbr,sex_t,edu_isced11_x,mts_details_sgle,2009,1003.271
gbr,sex_t,edu_isced11_x,mts_details_sgle,2010,951.48
gbr,sex_t,edu_isced11_x,mts_details_sgle,2011,897.469
gbr,sex_t,edu_isced11_x,mts_details_sgle,2012,885.407
gbr,sex_t,edu_isced11_x,mts_details_sgle,2013,887.034
gbr,sex_t,edu_isced11_x,mts_details_sgle,2014,837.276
gbr,sex_t,edu_isced11_x,mts_details_sgle,2015,891.477
gbr,sex_t,edu_isced11_x,mts_details_sgle,2016,858.588
gbr,sex_t,edu_isced11_x,mts_details_sgle,2017,852.614
gbr,sex_t,edu_isced11_x,mts_details_sgle,2018,844.647
gbr,sex_t,edu_isced11_x,mts_details_sgle,2019,884.494
gbr,sex_t,edu_isced11_x,mts_details_sgle,2020,893.876
gbr,sex_t,edu_isced11_x,mts_details_sgle,2021,890.22
gbr,sex_t,edu_isced11_x,mts_details_total,2005,410.546
gbr,sex_t,edu_isced11_x,mts_details_total,2006,42.588
gbr,sex_t,edu_isced11_x,mts_details_total,2007,50.362
gbr,sex_t,edu_isced11_x,mts_details_total,2008,3584.483
gbr,sex_t,edu_isced11_x,mts_details_total,2009,3304.27
gbr,sex_t,edu_isced11_x,mts_details_total,2010,3117.29
gbr,sex_t,edu_isced11_x,mts_details_total,2011,2629.294
gbr,sex_t,edu_isced11_x,mts_details_total,2012,2825.401
gbr,sex_t,edu_isced11_x,mts_details_total,2013,2750.296
gbr,sex_t,edu_isced11_x,mts_details_total,2014,2561.335
gbr,sex_t,edu_isced11_x,mts_details_total,2015,2543.198
gbr,sex_t,edu_isced11_x,mts_details_total,2016,2358.029
gbr,sex_t,edu_isced11_x,mts_details_total,2017,2229.795
gbr,sex_t,edu_isced11_x,mts_details_total,2018,2074.479
gbr,sex_t,edu_isced11_x,mts_details_total,2019,2041.467
gbr,sex_t,edu_isced11_x,mts_details_total,2020,1913.559
gbr,sex_t,edu_isced11_x,mts_details_total,2021,1870.1
gbr,sex_t,edu_isced11_x,mts_details_union,2008,1.752
gbr,sex_t,edu_isced11_x,mts_details_union,2009,1.084
gbr,sex_t,edu_isced11_x,mts_details_union,2010,1.937
gbr,sex_t,edu_isced11_x,mts_details_union,2011,0.825
gbr,sex_t,edu_isced11_x,mts_details_union,2012,1.823
gbr,sex_t,edu_isced11_x,mts_details_union,2013,3.662
gbr,sex_t,edu_isced11_x,mts_details_union,2014,1.695
gbr,sex_t,edu_isced11_x,mts_details_union,2015,1.243
gbr,sex_t,edu_isced11_x,mts_details_union,2016,0.894
gbr,sex_t,edu_isced11_x,mts_details_union,2017,1.666
gbr,sex_t,edu_isced11_x,mts_details_union,2018,3.933
gbr,sex_t,edu_isced11_x,mts_details_union,2020,3.521
gbr,sex_t,edu_isced11_x,mts_details_wid,2005,11.038
gbr,sex_t,edu_isced11_x,mts_details_wid,2007,0.628
gbr,sex_t,edu_isced11_x,mts_details_wid,2008,281.365
gbr,sex_t,edu_isced11_x,mts_details_wid,2009,256.381
gbr,sex_t,edu_isced11_x,mts_details_wid,2010,239.013
gbr,sex_t,edu_isced11_x,mts_details_wid,2011,151.726
gbr,sex_t,edu_isced11_x,mts_details_wid,2012,213.775
gbr,sex_t,edu_isced11_x,mts_details_wid,2013,205.733
gbr,sex_t,edu_isced11_x,mts_details_wid,2014,180.467
gbr,sex_t,edu_isced11_x,mts_details_wid,2015,165.464
gbr,sex_t,edu_isced11_x,mts_details_wid,2016,144.432
gbr,sex_t,edu_isced11_x,mts_details_wid,2017,134.276
gbr,sex_t,edu_isced11_x,mts_details_wid,2018,124.168
gbr,sex_t,edu_isced11_x,mts_details_wid,2019,114.948
gbr,sex_t,edu_isced11_x,mts_details_wid,2020,99.796
gbr,sex_t,edu_isced11_x,mts_details_wid,2021,86.885
gbr,sex_t,edu_isced97_0,mts_aggregate_1,2001,32.511
gbr,sex_t,edu_isced97_0,mts_aggregate_1,2002,45.914
gbr,sex_t,edu_isced97_0,mts_aggregate_1,2003,40.576
gbr,sex_t,edu_isced97_0,mts_aggregate_1,2004,33.001
gbr,sex_t,edu_isced97_0,mts_aggregate_2,2001,29.482
gbr,sex_t,edu_isced97_0,mts_aggregate_2,2002,29.319
gbr,sex_t,edu_isced97_0,mts_aggregate_2,2003,36.462
gbr,sex_t,edu_isced97_0,mts_aggregate_2,2004,23.951
gbr,sex_t,edu_isced97_0,mts_aggregate_total,2001,61.993
gbr,sex_t,edu_isced97_0,mts_aggregate_total,2002,75.233
gbr,sex_t,edu_isced97_0,mts_aggregate_total,2003,77.038
gbr,sex_t,edu_isced97_0,mts_aggregate_total,2004,56.952
gbr,sex_t,edu_isced97_2,mts_aggregate_1,1999,1355.304
gbr,sex_t,edu_isced97_2,mts_aggregate_1,2000,1309.753
gbr,sex_t,edu_isced97_2,mts_aggregate_1,2001,1375.956
gbr,sex_t,edu_isced97_2,mts_aggregate_1,2002,1386.319
gbr,sex_t,edu_isced97_2,mts_aggregate_1,2003,1355.866
gbr,sex_t,edu_isced97_2,mts_aggregate_1,2004,1453.206
gbr,sex_t,edu_isced97_2,mts_aggregate_2,1999,1308.515
gbr,sex_t,edu_isced97_2,mts_aggregate_2,2000,1252.198
gbr,sex_t,edu_isced97_2,mts_aggregate_2,2001,1181.752
gbr,sex_t,edu_isced97_2,mts_aggregate_2,2002,1138.657
gbr,sex_t,edu_isced97_2,mts_aggregate_2,2003,1060.867
gbr,sex_t,edu_isced97_2,mts_aggregate_2,2004,1030.17
gbr,sex_t,edu_isced97_2,mts_aggregate_total,1999,2663.819
gbr,sex_t,edu_isced97_2,mts_aggregate_total,2000,2561.951
gbr,sex_t,edu_isced97_2,mts_aggregate_total,2001,2557.708
gbr,sex_t,edu_isced97_2,mts_aggregate_total,2002,2524.976
gbr,sex_t,edu_isced97_2,mts_aggregate_total,2003,2416.733
gbr,sex_t,edu_isced97_2,mts_aggregate_total,2004,2483.376
gbr,sex_t,edu_isced97_3,mts_aggregate_1,1999,1994.171
gbr,sex_t,edu_isced97_3,mts_aggregate_1,2000,2012.342
gbr,sex_t,edu_isced97_3,mts_aggregate_1,2001,2191.049
gbr,sex_t,edu_isced97_3,mts_aggregate_1,2002,2207.038
gbr,sex_t,edu_isced97_3,mts_aggregate_1,2003,2332.178
gbr,sex_t,edu_isced97_3,mts_aggregate_1,2004,2620.124
gbr,sex_t,edu_isced97_3,mts_aggregate_2,1999,1460.705
gbr,sex_t,edu_isced97_3,mts_aggregate_2,2000,1436.569
gbr,sex_t,edu_isced97_3,mts_aggregate_2,2001,1442.1
gbr,sex_t,edu_isced97_3,mts_aggregate_2,2002,1453.722
gbr,sex_t,edu_isced97_3,mts_aggregate_2,2003,1367.515
gbr,sex_t,edu_isced97_3,mts_aggregate_2,2004,1759.505
gbr,sex_t,edu_isced97_3,mts_aggregate_total,1999,3454.876
gbr,sex_t,edu_isced97_3,mts_aggregate_total,2000,3448.911
gbr,sex_t,edu_isced97_3,mts_aggregate_total,2001,3633.149
gbr,sex_t,edu_isced97_3,mts_aggregate_total,2002,3660.76
gbr,sex_t,edu_isced97_3,mts_aggregate_total,2003,3699.693
gbr,sex_t,edu_isced97_3,mts_aggregate_total,2004,4379.629
gbr,sex_t,edu_isced97_4,mts_aggregate_1,2004,4.76
gbr,sex_t,edu_isced97_4,mts_aggregate_2,2004,4.35
gbr,sex_t,edu_isced97_4,mts_aggregate_total,2004,9.11
gbr,sex_t,edu_isced97_5,mts_aggregate_1,1999,319.294
gbr,sex_t,edu_isced97_5,mts_aggregate_1,2000,320.439
gbr,sex_t,edu_isced97_5,mts_aggregate_1,2001,351.456
gbr,sex_t,edu_isced97_5,mts_aggregate_1,2002,367.618
gbr,sex_t,edu_isced97_5,mts_aggregate_1,2003,383.694
gbr,sex_t,edu_isced97_5,mts_aggregate_1,2004,412.807
gbr,sex_t,edu_isced97_5,mts_aggregate_2,1999,488.954
gbr,sex_t,edu_isced97_5,mts_aggregate_2,2000,526.986
gbr,sex_t,edu_isced97_5,mts_aggregate_2,2001,520.017
gbr,sex_t,edu_isced97_5,mts_aggregate_2,2002,525.315
gbr,sex_t,edu_isced97_5,mts_aggregate_2,2003,548.947
gbr,sex_t,edu_isced97_5,mts_aggregate_2,2004,583.577
gbr,sex_t,edu_isced97_5,mts_aggregate_total,1999,808.248
gbr,sex_t,edu_isced97_5,mts_aggregate_total,2000,847.425
gbr,sex_t,edu_isced97_5,mts_aggregate_total,2001,871.473
gbr,sex_t,edu_isced97_5,mts_aggregate_total,2002,892.933
gbr,sex_t,edu_isced97_5,mts_aggregate_total,2003,932.641
gbr,sex_t,edu_isced97_5,mts_aggregate_total,2004,996.384
gbr,sex_t,edu_isced97_6,mts_aggregate_1,1999,4.829
gbr,sex_t,edu_isced97_6,mts_aggregate_1,2000,4.344
gbr,sex_t,edu_isced97_6,mts_aggregate_1,2002,5.051
gbr,sex_t,edu_isced97_6,mts_aggregate_1,2003,4.566
gbr,sex_t,edu_isced97_6,mts_aggregate_1,2004,8.301
gbr,sex_t,edu_isced97_6,mts_aggregate_2,1999,8.694
gbr,sex_t,edu_isced97_6,mts_aggregate_2,2000,16.358
gbr,sex_t,edu_isced97_6,mts_aggregate_2,2001,8.765
gbr,sex_t,edu_isced97_6,mts_aggregate_2,2002,11.843
gbr,sex_t,edu_isced97_6,mts_aggregate_2,2003,10.916
gbr,sex_t,edu_isced97_6,mts_aggregate_2,2004,11.252
gbr,sex_t,edu_isced97_6,mts_aggregate_total,1999,13.523
gbr,sex_t,edu_isced97_6,mts_aggregate_total,2000,20.702
gbr,sex_t,edu_isced97_6,mts_aggregate_total,2001,10.457
gbr,sex_t,edu_isced97_6,mts_aggregate_total,2002,16.894
gbr,sex_t,edu_isced97_6,mts_aggregate_total,2003,15.482
gbr,sex_t,edu_isced97_6,mts_aggregate_total,2004,19.553
gbr,sex_t,edu_isced97_total,mts_aggregate_1,1999,8978.807
gbr,sex_t,edu_isced97_total,mts_aggregate_1,2000,8887.865
gbr,sex_t,edu_isced97_total,mts_aggregate_1,2001,9219.25
gbr,sex_t,edu_isced97_total,mts_aggregate_1,2002,9240.472
gbr,sex_t,edu_isced97_total,mts_aggregate_1,2003,9444.074
gbr,sex_t,edu_isced97_total,mts_aggregate_1,2004,9553.733
gbr,sex_t,edu_isced97_total,mts_aggregate_2,1999,8960.333
gbr,sex_t,edu_isced97_total,mts_aggregate_2,2000,9031.952
gbr,sex_t,edu_isced97_total,mts_aggregate_2,2001,8988.247
gbr,sex_t,edu_isced97_total,mts_aggregate_2,2002,8976.567
gbr,sex_t,edu_isced97_total,mts_aggregate_2,2003,8849.794
gbr,sex_t,edu_isced97_total,mts_aggregate_2,2004,8881.782
gbr,sex_t,edu_isced97_total,mts_aggregate_total,1999,17939.14
gbr,sex_t,edu_isced97_total,mts_aggregate_total,2000,17919.817
gbr,sex_t,edu_isced97_total,mts_aggregate_total,2001,18207.497
gbr,sex_t,edu_isced97_total,mts_aggregate_total,2002,18217.039
gbr,sex_t,edu_isced97_total,mts_aggregate_total,2003,18293.868
gbr,sex_t,edu_isced97_total,mts_aggregate_total,2004,18435.515
gbr,sex_t,edu_isced97_unk,mts_aggregate_1,1999,5305.209
gbr,sex_t,edu_isced97_unk,mts_aggregate_1,2000,5240.987
gbr,sex_t,edu_isced97_unk,mts_aggregate_1,2001,5266.586
gbr,sex_t,edu_isced97_unk,mts_aggregate_1,2002,5228.532
gbr,sex_t,edu_isced97_unk,mts_aggregate_1,2003,5327.194
gbr,sex_t,edu_isced97_unk,mts_aggregate_1,2004,5021.534
gbr,sex_t,edu_isced97_unk,mts_aggregate_2,1999,5693.465
gbr,sex_t,edu_isced97_unk,mts_aggregate_2,2000,5799.841
gbr,sex_t,edu_isced97_unk,mts_aggregate_2,2001,5806.131
gbr,sex_t,edu_isced97_unk,mts_aggregate_2,2002,5817.711
gbr,sex_t,edu_isced97_unk,mts_aggregate_2,2003,5825.087
gbr,sex_t,edu_isced97_unk,mts_aggregate_2,2004,5468.977
gbr,sex_t,edu_isced97_unk,mts_aggregate_total,1999,10998.674
gbr,sex_t,edu_isced97_unk,mts_aggregate_total,2000,11040.828
gbr,sex_t,edu_isced97_unk,mts_aggregate_total,2001,11072.717
gbr,sex_t,edu_isced97_unk,mts_aggregate_total,2002,11046.243
gbr,sex_t,edu_isced97_unk,mts_aggregate_total,2003,11152.281
gbr,sex_t,edu_isced97_unk,mts_aggregate_total,2004,10490.511
