ref_area,sex,classif1,time,emp_nifl_sex_ocu_nb
afg,sex_f,ocu_isco08_0,2021,0
afg,sex_f,ocu_isco08_1,2021,0
afg,sex_f,ocu_isco08_2,2021,29.047
afg,sex_f,ocu_isco08_5,2021,17.79
afg,sex_f,ocu_isco08_6,2021,1270.044
afg,sex_f,ocu_isco08_7,2021,290.644
afg,sex_f,ocu_isco08_9,2021,32.825
afg,sex_f,ocu_isco08_total,2021,1779.573
afg,sex_f,ocu_isco08_x,2021,138.091
afg,sex_f,ocu_skill_l1,2021,32.825
afg,sex_f,ocu_skill_l2,2021,1579.475
afg,sex_f,ocu_skill_l3_4,2021,29.182
afg,sex_f,ocu_skill_total,2021,1779.573
afg,sex_f,ocu_skill_x,2021,138.091
afg,sex_m,ocu_isco08_0,2021,40.572
afg,sex_m,ocu_isco08_1,2021,46.025
afg,sex_m,ocu_isco08_2,2021,147.163
afg,sex_m,ocu_isco08_3,2021,46.893
afg,sex_m,ocu_isco08_4,2021,7.531
afg,sex_m,ocu_isco08_5,2021,624.075
afg,sex_m,ocu_isco08_6,2021,2345.212
afg,sex_m,ocu_isco08_7,2021,340.472
afg,sex_m,ocu_isco08_8,2021,287.057
afg,sex_m,ocu_isco08_9,2021,846.285
afg,sex_m,ocu_isco08_total,2021,4834.379
afg,sex_m,ocu_isco08_x,2021,103.094
afg,sex_m,ocu_skill_l1,2021,846.285
afg,sex_m,ocu_skill_l2,2021,3604.347
afg,sex_m,ocu_skill_l3_4,2021,240.081
afg,sex_m,ocu_skill_total,2021,4834.379
afg,sex_m,ocu_skill_x,2021,143.666
afg,sex_t,ocu_isco08_0,2021,40.572
afg,sex_t,ocu_isco08_1,2021,46.025
afg,sex_t,ocu_isco08_2,2021,176.21
afg,sex_t,ocu_isco08_3,2021,47.028
afg,sex_t,ocu_isco08_4,2021,7.531
afg,sex_t,ocu_isco08_5,2021,641.865
afg,sex_t,ocu_isco08_6,2021,3615.256
afg,sex_t,ocu_isco08_7,2021,631.116
afg,sex_t,ocu_isco08_8,2021,288.054
afg,sex_t,ocu_isco08_9,2021,879.11
afg,sex_t,ocu_isco08_total,2021,6613.952
afg,sex_t,ocu_isco08_x,2021,241.185
afg,sex_t,ocu_skill_l1,2021,879.11
afg,sex_t,ocu_skill_l2,2021,5183.822
afg,sex_t,ocu_skill_l3_4,2021,269.263
afg,sex_t,ocu_skill_total,2021,6613.952
afg,sex_t,ocu_skill_x,2021,281.757
ago,sex_f,ocu_isco08_0,2011,17.524
ago,sex_f,ocu_isco08_0,2019,1.503
ago,sex_f,ocu_isco08_0,2021,0
ago,sex_f,ocu_isco08_0,2022,2.625
ago,sex_f,ocu_isco08_1,2011,39.097
ago,sex_f,ocu_isco08_1,2019,8.541
ago,sex_f,ocu_isco08_1,2021,7.81
ago,sex_f,ocu_isco08_1,2022,11.245
ago,sex_f,ocu_isco08_2,2019,70.085
ago,sex_f,ocu_isco08_2,2021,40.428
ago,sex_f,ocu_isco08_2,2022,120.77
ago,sex_f,ocu_isco08_3,2011,46.813
ago,sex_f,ocu_isco08_3,2019,30.824
ago,sex_f,ocu_isco08_3,2021,19.074
ago,sex_f,ocu_isco08_3,2022,56.454
ago,sex_f,ocu_isco08_4,2011,826.501
ago,sex_f,ocu_isco08_4,2019,10.668
ago,sex_f,ocu_isco08_4,2021,13.745
ago,sex_f,ocu_isco08_4,2022,17.976
ago,sex_f,ocu_isco08_5,2011,192.087
ago,sex_f,ocu_isco08_5,2019,1296.085
ago,sex_f,ocu_isco08_5,2021,1488.314
ago,sex_f,ocu_isco08_5,2022,1679.216
ago,sex_f,ocu_isco08_6,2011,1980.382
ago,sex_f,ocu_isco08_6,2019,2891.236
ago,sex_f,ocu_isco08_6,2021,3375.925
ago,sex_f,ocu_isco08_6,2022,3306.366
ago,sex_f,ocu_isco08_7,2011,8.982
ago,sex_f,ocu_isco08_7,2019,34.15
ago,sex_f,ocu_isco08_7,2021,19.554
ago,sex_f,ocu_isco08_7,2022,27.2
ago,sex_f,ocu_isco08_8,2011,3.063
ago,sex_f,ocu_isco08_8,2019,3.858
ago,sex_f,ocu_isco08_8,2022,2.45
ago,sex_f,ocu_isco08_9,2011,16.066
ago,sex_f,ocu_isco08_9,2019,380.422
ago,sex_f,ocu_isco08_9,2021,346.444
ago,sex_f,ocu_isco08_9,2022,387.458
ago,sex_f,ocu_isco08_total,2011,3130.515
ago,sex_f,ocu_isco08_total,2019,4874.092
ago,sex_f,ocu_isco08_total,2021,5406.176
ago,sex_f,ocu_isco08_total,2022,5730.408
ago,sex_f,ocu_isco08_x,2019,146.72
ago,sex_f,ocu_isco08_x,2021,93.485
ago,sex_f,ocu_isco08_x,2022,118.648
ago,sex_f,ocu_isco88_0,2004,16.582
ago,sex_f,ocu_isco88_1,2004,24.809
ago,sex_f,ocu_isco88_2,2004,2.641
ago,sex_f,ocu_isco88_3,2004,13.61
ago,sex_f,ocu_isco88_4,2004,683.105
ago,sex_f,ocu_isco88_5,2004,149.293
ago,sex_f,ocu_isco88_6,2004,917.198
ago,sex_f,ocu_isco88_7,2004,16
ago,sex_f,ocu_isco88_8,2004,5.617
ago,sex_f,ocu_isco88_9,2004,10.644
ago,sex_f,ocu_isco88_total,2004,1863.93
ago,sex_f,ocu_isco88_x,2004,24.434
ago,sex_f,ocu_skill_l1,2004,10.644
ago,sex_f,ocu_skill_l1,2011,16.066
ago,sex_f,ocu_skill_l1,2019,380.422
ago,sex_f,ocu_skill_l1,2021,346.444
ago,sex_f,ocu_skill_l1,2022,387.458
ago,sex_f,ocu_skill_l2,2004,1771.211
ago,sex_f,ocu_skill_l2,2011,3011.015
ago,sex_f,ocu_skill_l2,2019,4235.998
ago,sex_f,ocu_skill_l2,2021,4898.935
ago,sex_f,ocu_skill_l2,2022,5033.207
ago,sex_f,ocu_skill_l3_4,2004,41.059
ago,sex_f,ocu_skill_l3_4,2011,85.909
ago,sex_f,ocu_skill_l3_4,2019,109.45
ago,sex_f,ocu_skill_l3_4,2021,67.312
ago,sex_f,ocu_skill_l3_4,2022,188.47
ago,sex_f,ocu_skill_total,2004,1863.93
ago,sex_f,ocu_skill_total,2011,3130.515
ago,sex_f,ocu_skill_total,2019,4874.092
ago,sex_f,ocu_skill_total,2021,5406.176
ago,sex_f,ocu_skill_total,2022,5730.408
ago,sex_f,ocu_skill_x,2004,41.016
ago,sex_f,ocu_skill_x,2011,17.524
ago,sex_f,ocu_skill_x,2019,148.223
ago,sex_f,ocu_skill_x,2021,93.485
ago,sex_f,ocu_skill_x,2022,121.274
ago,sex_m,ocu_isco08_0,2011,31.913
ago,sex_m,ocu_isco08_0,2019,17.264
ago,sex_m,ocu_isco08_0,2021,19.201
ago,sex_m,ocu_isco08_0,2022,87.18
ago,sex_m,ocu_isco08_1,2011,64.643
ago,sex_m,ocu_isco08_1,2019,55.025
ago,sex_m,ocu_isco08_1,2021,44.831
ago,sex_m,ocu_isco08_1,2022,72.356
ago,sex_m,ocu_isco08_2,2011,6.772
ago,sex_m,ocu_isco08_2,2019,126.179
ago,sex_m,ocu_isco08_2,2021,108.273
ago,sex_m,ocu_isco08_2,2022,202.165
ago,sex_m,ocu_isco08_3,2011,63.857
ago,sex_m,ocu_isco08_3,2019,76.859
ago,sex_m,ocu_isco08_3,2021,61.687
ago,sex_m,ocu_isco08_3,2022,145.378
ago,sex_m,ocu_isco08_4,2011,235.873
ago,sex_m,ocu_isco08_4,2019,29.628
ago,sex_m,ocu_isco08_4,2021,26.122
ago,sex_m,ocu_isco08_4,2022,32.011
ago,sex_m,ocu_isco08_5,2011,97.014
ago,sex_m,ocu_isco08_5,2019,495.311
ago,sex_m,ocu_isco08_5,2021,515.751
ago,sex_m,ocu_isco08_5,2022,681.016
ago,sex_m,ocu_isco08_6,2011,1486.53
ago,sex_m,ocu_isco08_6,2019,2248.328
ago,sex_m,ocu_isco08_6,2021,2716.447
ago,sex_m,ocu_isco08_6,2022,2671.773
ago,sex_m,ocu_isco08_7,2011,43.878
ago,sex_m,ocu_isco08_7,2019,495.856
ago,sex_m,ocu_isco08_7,2021,552.48
ago,sex_m,ocu_isco08_7,2022,619.959
ago,sex_m,ocu_isco08_8,2011,136.613
ago,sex_m,ocu_isco08_8,2019,306.085
ago,sex_m,ocu_isco08_8,2021,353.41
ago,sex_m,ocu_isco08_8,2022,383.995
ago,sex_m,ocu_isco08_9,2011,427.765
ago,sex_m,ocu_isco08_9,2019,198.031
ago,sex_m,ocu_isco08_9,2021,148.884
ago,sex_m,ocu_isco08_9,2022,153.545
ago,sex_m,ocu_isco08_total,2011,2594.858
ago,sex_m,ocu_isco08_total,2019,4133.529
ago,sex_m,ocu_isco08_total,2021,4619.717
ago,sex_m,ocu_isco08_total,2022,5129.045
ago,sex_m,ocu_isco08_x,2019,84.965
ago,sex_m,ocu_isco08_x,2021,72.631
ago,sex_m,ocu_isco08_x,2022,79.666
ago,sex_m,ocu_isco88_0,2004,34.508
ago,sex_m,ocu_isco88_1,2004,62.112
ago,sex_m,ocu_isco88_2,2004,22.647
ago,sex_m,ocu_isco88_3,2004,48.222
ago,sex_m,ocu_isco88_4,2004,243.372
ago,sex_m,ocu_isco88_5,2004,104.676
ago,sex_m,ocu_isco88_6,2004,639.23
ago,sex_m,ocu_isco88_7,2004,40.117
ago,sex_m,ocu_isco88_8,2004,181.775
ago,sex_m,ocu_isco88_9,2004,277.076
ago,sex_m,ocu_isco88_total,2004,1675.717
ago,sex_m,ocu_isco88_x,2004,21.981
ago,sex_m,ocu_skill_l1,2004,277.076
ago,sex_m,ocu_skill_l1,2011,427.765
ago,sex_m,ocu_skill_l1,2019,198.031
ago,sex_m,ocu_skill_l1,2021,148.884
ago,sex_m,ocu_skill_l1,2022,153.545
ago,sex_m,ocu_skill_l2,2004,1209.171
ago,sex_m,ocu_skill_l2,2011,1999.908
ago,sex_m,ocu_skill_l2,2019,3575.208
ago,sex_m,ocu_skill_l2,2021,4164.209
ago,sex_m,ocu_skill_l2,2022,4388.755
ago,sex_m,ocu_skill_l3_4,2004,132.981
ago,sex_m,ocu_skill_l3_4,2011,135.272
ago,sex_m,ocu_skill_l3_4,2019,258.062
ago,sex_m,ocu_skill_l3_4,2021,214.791
ago,sex_m,ocu_skill_l3_4,2022,419.899
ago,sex_m,ocu_skill_total,2004,1675.717
ago,sex_m,ocu_skill_total,2011,2594.858
ago,sex_m,ocu_skill_total,2019,4133.529
ago,sex_m,ocu_skill_total,2021,4619.717
ago,sex_m,ocu_skill_total,2022,5129.045
ago,sex_m,ocu_skill_x,2004,56.489
ago,sex_m,ocu_skill_x,2011,31.913
ago,sex_m,ocu_skill_x,2019,102.228
ago,sex_m,ocu_skill_x,2021,91.832
ago,sex_m,ocu_skill_x,2022,166.846
ago,sex_t,ocu_isco08_0,2011,49.438
ago,sex_t,ocu_isco08_0,2019,18.767
ago,sex_t,ocu_isco08_0,2021,19.201
ago,sex_t,ocu_isco08_0,2022,89.805
ago,sex_t,ocu_isco08_1,2011,103.74
ago,sex_t,ocu_isco08_1,2019,63.566
ago,sex_t,ocu_isco08_1,2021,52.641
ago,sex_t,ocu_isco08_1,2022,83.601
ago,sex_t,ocu_isco08_2,2011,6.772
ago,sex_t,ocu_isco08_2,2019,196.264
ago,sex_t,ocu_isco08_2,2021,148.701
ago,sex_t,ocu_isco08_2,2022,322.935
ago,sex_t,ocu_isco08_3,2011,110.669
ago,sex_t,ocu_isco08_3,2019,107.682
ago,sex_t,ocu_isco08_3,2021,80.761
ago,sex_t,ocu_isco08_3,2022,201.832
ago,sex_t,ocu_isco08_4,2011,1062.374
ago,sex_t,ocu_isco08_4,2019,40.296
ago,sex_t,ocu_isco08_4,2021,39.867
ago,sex_t,ocu_isco08_4,2022,49.987
ago,sex_t,ocu_isco08_5,2011,289.101
ago,sex_t,ocu_isco08_5,2019,1791.397
ago,sex_t,ocu_isco08_5,2021,2004.064
ago,sex_t,ocu_isco08_5,2022,2360.232
ago,sex_t,ocu_isco08_6,2011,3466.912
ago,sex_t,ocu_isco08_6,2019,5139.564
ago,sex_t,ocu_isco08_6,2021,6092.372
ago,sex_t,ocu_isco08_6,2022,5978.138
ago,sex_t,ocu_isco08_7,2011,52.86
ago,sex_t,ocu_isco08_7,2019,530.006
ago,sex_t,ocu_isco08_7,2021,572.034
ago,sex_t,ocu_isco08_7,2022,647.159
ago,sex_t,ocu_isco08_8,2011,139.676
ago,sex_t,ocu_isco08_8,2019,309.942
ago,sex_t,ocu_isco08_8,2021,354.807
ago,sex_t,ocu_isco08_8,2022,386.445
ago,sex_t,ocu_isco08_9,2011,443.83
ago,sex_t,ocu_isco08_9,2019,578.453
ago,sex_t,ocu_isco08_9,2021,495.328
ago,sex_t,ocu_isco08_9,2022,541.004
ago,sex_t,ocu_isco08_total,2011,5725.372
ago,sex_t,ocu_isco08_total,2019,9007.622
ago,sex_t,ocu_isco08_total,2021,10025.893
ago,sex_t,ocu_isco08_total,2022,10859.453
ago,sex_t,ocu_isco08_x,2019,231.685
ago,sex_t,ocu_isco08_x,2021,166.116
ago,sex_t,ocu_isco08_x,2022,198.315
ago,sex_t,ocu_isco88_0,2004,51.09
ago,sex_t,ocu_isco88_1,2004,86.921
ago,sex_t,ocu_isco88_2,2004,25.287
ago,sex_t,ocu_isco88_3,2004,61.832
ago,sex_t,ocu_isco88_4,2004,926.478
ago,sex_t,ocu_isco88_5,2004,253.969
ago,sex_t,ocu_isco88_6,2004,1556.427
ago,sex_t,ocu_isco88_7,2004,56.117
ago,sex_t,ocu_isco88_8,2004,187.392
ago,sex_t,ocu_isco88_9,2004,287.72
ago,sex_t,ocu_isco88_total,2004,3539.647
ago,sex_t,ocu_isco88_x,2004,46.415
ago,sex_t,ocu_skill_l1,2004,287.72
ago,sex_t,ocu_skill_l1,2011,443.83
ago,sex_t,ocu_skill_l1,2019,578.453
ago,sex_t,ocu_skill_l1,2021,495.328
ago,sex_t,ocu_skill_l1,2022,541.004
ago,sex_t,ocu_skill_l2,2004,2980.382
ago,sex_t,ocu_skill_l2,2011,5010.924
ago,sex_t,ocu_skill_l2,2019,7811.206
ago,sex_t,ocu_skill_l2,2021,9063.144
ago,sex_t,ocu_skill_l2,2022,9421.962
ago,sex_t,ocu_skill_l3_4,2004,174.04
ago,sex_t,ocu_skill_l3_4,2011,221.181
ago,sex_t,ocu_skill_l3_4,2019,367.512
ago,sex_t,ocu_skill_l3_4,2021,282.103
ago,sex_t,ocu_skill_l3_4,2022,608.368
ago,sex_t,ocu_skill_total,2004,3539.647
ago,sex_t,ocu_skill_total,2011,5725.372
ago,sex_t,ocu_skill_total,2019,9007.622
ago,sex_t,ocu_skill_total,2021,10025.893
ago,sex_t,ocu_skill_total,2022,10859.453
ago,sex_t,ocu_skill_x,2004,97.505
ago,sex_t,ocu_skill_x,2011,49.438
ago,sex_t,ocu_skill_x,2019,250.452
ago,sex_t,ocu_skill_x,2021,185.318
ago,sex_t,ocu_skill_x,2022,288.12
arg,sex_f,ocu_isco08_1,2004,85.56
arg,sex_f,ocu_isco08_1,2005,81.087
arg,sex_f,ocu_isco08_1,2006,92.2
arg,sex_f,ocu_isco08_1,2008,115.786
arg,sex_f,ocu_isco08_1,2009,136.313
arg,sex_f,ocu_isco08_1,2010,119.425
arg,sex_f,ocu_isco08_1,2011,114.344
arg,sex_f,ocu_isco08_1,2012,112.99
arg,sex_f,ocu_isco08_1,2013,100.866
arg,sex_f,ocu_isco08_1,2014,97.042
arg,sex_f,ocu_isco08_1,2017,82.297
arg,sex_f,ocu_isco08_1,2018,116.094
arg,sex_f,ocu_isco08_1,2019,111.037
arg,sex_f,ocu_isco08_1,2020,57.245
arg,sex_f,ocu_isco08_1,2021,110.339
arg,sex_f,ocu_isco08_1,2022,83.222
arg,sex_f,ocu_isco08_1,2023,122.958
arg,sex_f,ocu_isco08_1,2024,106.931
arg,sex_f,ocu_isco08_2,2004,199.027
arg,sex_f,ocu_isco08_2,2005,174.822
arg,sex_f,ocu_isco08_2,2006,167.613
arg,sex_f,ocu_isco08_2,2008,175.43
arg,sex_f,ocu_isco08_2,2009,164.789
arg,sex_f,ocu_isco08_2,2010,160.05
arg,sex_f,ocu_isco08_2,2011,156.31
arg,sex_f,ocu_isco08_2,2012,165.288
arg,sex_f,ocu_isco08_2,2013,174.935
arg,sex_f,ocu_isco08_2,2014,156.51
arg,sex_f,ocu_isco08_2,2017,126.32
arg,sex_f,ocu_isco08_2,2018,178.89
arg,sex_f,ocu_isco08_2,2019,178.42
arg,sex_f,ocu_isco08_2,2020,110.971
arg,sex_f,ocu_isco08_2,2021,163.919
arg,sex_f,ocu_isco08_2,2022,136.345
arg,sex_f,ocu_isco08_2,2023,187.908
arg,sex_f,ocu_isco08_2,2024,210.688
arg,sex_f,ocu_isco08_3,2004,129.964
arg,sex_f,ocu_isco08_3,2005,117.506
arg,sex_f,ocu_isco08_3,2006,121.97
arg,sex_f,ocu_isco08_3,2008,104.263
arg,sex_f,ocu_isco08_3,2009,118.876
arg,sex_f,ocu_isco08_3,2010,134.11
arg,sex_f,ocu_isco08_3,2011,123.89
arg,sex_f,ocu_isco08_3,2012,134.655
arg,sex_f,ocu_isco08_3,2013,113.321
arg,sex_f,ocu_isco08_3,2014,125.65
arg,sex_f,ocu_isco08_3,2017,90.231
arg,sex_f,ocu_isco08_3,2018,141.454
arg,sex_f,ocu_isco08_3,2019,166.958
arg,sex_f,ocu_isco08_3,2020,103.127
arg,sex_f,ocu_isco08_3,2021,158.232
arg,sex_f,ocu_isco08_3,2022,127.139
arg,sex_f,ocu_isco08_3,2023,155.562
arg,sex_f,ocu_isco08_3,2024,203.114
arg,sex_f,ocu_isco08_4,2004,118.29
arg,sex_f,ocu_isco08_4,2005,123.968
arg,sex_f,ocu_isco08_4,2006,131.426
arg,sex_f,ocu_isco08_4,2008,104.562
arg,sex_f,ocu_isco08_4,2009,98.624
arg,sex_f,ocu_isco08_4,2010,95.379
arg,sex_f,ocu_isco08_4,2011,99.6
arg,sex_f,ocu_isco08_4,2012,98.778
arg,sex_f,ocu_isco08_4,2013,89.942
arg,sex_f,ocu_isco08_4,2014,100.444
arg,sex_f,ocu_isco08_4,2017,84.044
arg,sex_f,ocu_isco08_4,2018,102.068
arg,sex_f,ocu_isco08_4,2019,98.749
arg,sex_f,ocu_isco08_4,2020,54.441
arg,sex_f,ocu_isco08_4,2021,126.491
arg,sex_f,ocu_isco08_4,2022,84.784
arg,sex_f,ocu_isco08_4,2023,124.42
arg,sex_f,ocu_isco08_4,2024,148.486
arg,sex_f,ocu_isco08_5,2004,707.471
arg,sex_f,ocu_isco08_5,2005,650.558
arg,sex_f,ocu_isco08_5,2006,653.601
arg,sex_f,ocu_isco08_5,2008,670.545
arg,sex_f,ocu_isco08_5,2009,672.416
arg,sex_f,ocu_isco08_5,2010,658.934
arg,sex_f,ocu_isco08_5,2011,673.53
arg,sex_f,ocu_isco08_5,2012,657.989
arg,sex_f,ocu_isco08_5,2013,713.992
arg,sex_f,ocu_isco08_5,2014,759.43
arg,sex_f,ocu_isco08_5,2017,692.577
arg,sex_f,ocu_isco08_5,2018,970.052
arg,sex_f,ocu_isco08_5,2019,1020.691
arg,sex_f,ocu_isco08_5,2020,701.415
arg,sex_f,ocu_isco08_5,2021,1018.545
arg,sex_f,ocu_isco08_5,2022,874.294
arg,sex_f,ocu_isco08_5,2023,1222.739
arg,sex_f,ocu_isco08_5,2024,1261.002
arg,sex_f,ocu_isco08_6,2004,17.722
arg,sex_f,ocu_isco08_6,2005,9.748
arg,sex_f,ocu_isco08_6,2006,6.199
arg,sex_f,ocu_isco08_6,2008,1.937
arg,sex_f,ocu_isco08_6,2009,3.572
arg,sex_f,ocu_isco08_6,2010,2.642
arg,sex_f,ocu_isco08_6,2011,4.628
arg,sex_f,ocu_isco08_6,2012,2.786
arg,sex_f,ocu_isco08_6,2013,3.672
arg,sex_f,ocu_isco08_6,2014,1.403
arg,sex_f,ocu_isco08_6,2017,1.517
arg,sex_f,ocu_isco08_6,2018,4.265
arg,sex_f,ocu_isco08_6,2019,2.253
arg,sex_f,ocu_isco08_6,2020,1.444
arg,sex_f,ocu_isco08_6,2021,6.344
arg,sex_f,ocu_isco08_6,2022,4.674
arg,sex_f,ocu_isco08_6,2023,5.969
arg,sex_f,ocu_isco08_6,2024,5.278
arg,sex_f,ocu_isco08_7,2004,41.072
arg,sex_f,ocu_isco08_7,2005,43.694
arg,sex_f,ocu_isco08_7,2006,36.874
arg,sex_f,ocu_isco08_7,2008,39.007
arg,sex_f,ocu_isco08_7,2009,32.318
arg,sex_f,ocu_isco08_7,2010,36.631
arg,sex_f,ocu_isco08_7,2011,73.942
arg,sex_f,ocu_isco08_7,2012,73.007
arg,sex_f,ocu_isco08_7,2013,68.184
arg,sex_f,ocu_isco08_7,2014,76.863
arg,sex_f,ocu_isco08_7,2017,66.577
arg,sex_f,ocu_isco08_7,2018,95.6
arg,sex_f,ocu_isco08_7,2019,95.777
arg,sex_f,ocu_isco08_7,2020,78.306
arg,sex_f,ocu_isco08_7,2021,118.214
arg,sex_f,ocu_isco08_7,2022,93.986
arg,sex_f,ocu_isco08_7,2023,144.533
arg,sex_f,ocu_isco08_7,2024,117.757
arg,sex_f,ocu_isco08_8,2004,12.332
arg,sex_f,ocu_isco08_8,2005,11.867
arg,sex_f,ocu_isco08_8,2006,10.096
arg,sex_f,ocu_isco08_8,2008,11.469
arg,sex_f,ocu_isco08_8,2009,11.827
arg,sex_f,ocu_isco08_8,2010,13.129
arg,sex_f,ocu_isco08_8,2011,71.244
arg,sex_f,ocu_isco08_8,2012,74.222
arg,sex_f,ocu_isco08_8,2013,68.471
arg,sex_f,ocu_isco08_8,2014,75.345
arg,sex_f,ocu_isco08_8,2017,68.08
arg,sex_f,ocu_isco08_8,2018,88.111
arg,sex_f,ocu_isco08_8,2019,96.695
arg,sex_f,ocu_isco08_8,2020,73.883
arg,sex_f,ocu_isco08_8,2021,85.562
arg,sex_f,ocu_isco08_8,2022,76.122
arg,sex_f,ocu_isco08_8,2023,88.201
arg,sex_f,ocu_isco08_8,2024,93.579
arg,sex_f,ocu_isco08_9,2004,842.37
arg,sex_f,ocu_isco08_9,2005,909.115
arg,sex_f,ocu_isco08_9,2006,905.326
arg,sex_f,ocu_isco08_9,2008,799.292
arg,sex_f,ocu_isco08_9,2009,787.828
arg,sex_f,ocu_isco08_9,2010,773.695
arg,sex_f,ocu_isco08_9,2011,738.465
arg,sex_f,ocu_isco08_9,2012,753.727
arg,sex_f,ocu_isco08_9,2013,666.994
arg,sex_f,ocu_isco08_9,2014,605.493
arg,sex_f,ocu_isco08_9,2017,456.938
arg,sex_f,ocu_isco08_9,2018,627.277
arg,sex_f,ocu_isco08_9,2019,633.788
arg,sex_f,ocu_isco08_9,2020,377.152
arg,sex_f,ocu_isco08_9,2021,543.045
arg,sex_f,ocu_isco08_9,2022,486.096
arg,sex_f,ocu_isco08_9,2023,628.966
arg,sex_f,ocu_isco08_9,2024,611.598
arg,sex_f,ocu_isco08_total,2004,2441.035
arg,sex_f,ocu_isco08_total,2005,2427.018
arg,sex_f,ocu_isco08_total,2006,2416.678
arg,sex_f,ocu_isco08_total,2008,2243.096
arg,sex_f,ocu_isco08_total,2009,2238.274
arg,sex_f,ocu_isco08_total,2010,2195.501
arg,sex_f,ocu_isco08_total,2011,2180.36
arg,sex_f,ocu_isco08_total,2012,2189.684
arg,sex_f,ocu_isco08_total,2013,2142.322
arg,sex_f,ocu_isco08_total,2014,2160.644
arg,sex_f,ocu_isco08_total,2017,2358.735
arg,sex_f,ocu_isco08_total,2018,2508.516
arg,sex_f,ocu_isco08_total,2019,2607.319
arg,sex_f,ocu_isco08_total,2020,2211.573
arg,sex_f,ocu_isco08_total,2021,2587.601
arg,sex_f,ocu_isco08_total,2022,2869.887
arg,sex_f,ocu_isco08_total,2023,2938.148
arg,sex_f,ocu_isco08_total,2024,3078.05
arg,sex_f,ocu_isco08_x,2004,287.228
arg,sex_f,ocu_isco08_x,2005,304.652
arg,sex_f,ocu_isco08_x,2006,291.373
arg,sex_f,ocu_isco08_x,2008,220.804
arg,sex_f,ocu_isco08_x,2009,211.71
arg,sex_f,ocu_isco08_x,2010,201.507
arg,sex_f,ocu_isco08_x,2011,124.407
arg,sex_f,ocu_isco08_x,2012,116.24
arg,sex_f,ocu_isco08_x,2013,141.945
arg,sex_f,ocu_isco08_x,2014,162.465
arg,sex_f,ocu_isco08_x,2017,690.154
arg,sex_f,ocu_isco08_x,2018,184.706
arg,sex_f,ocu_isco08_x,2019,202.95
arg,sex_f,ocu_isco08_x,2020,653.589
arg,sex_f,ocu_isco08_x,2021,256.91
arg,sex_f,ocu_isco08_x,2022,903.225
arg,sex_f,ocu_isco08_x,2023,256.892
arg,sex_f,ocu_isco08_x,2024,319.616
arg,sex_f,ocu_skill_l1,2004,842.37
arg,sex_f,ocu_skill_l1,2005,909.115
arg,sex_f,ocu_skill_l1,2006,905.326
arg,sex_f,ocu_skill_l1,2008,799.292
arg,sex_f,ocu_skill_l1,2009,787.828
arg,sex_f,ocu_skill_l1,2010,773.695
arg,sex_f,ocu_skill_l1,2011,738.465
arg,sex_f,ocu_skill_l1,2012,753.727
arg,sex_f,ocu_skill_l1,2013,666.994
arg,sex_f,ocu_skill_l1,2014,605.493
arg,sex_f,ocu_skill_l1,2017,456.938
arg,sex_f,ocu_skill_l1,2018,627.277
arg,sex_f,ocu_skill_l1,2019,633.788
arg,sex_f,ocu_skill_l1,2020,377.152
arg,sex_f,ocu_skill_l1,2021,543.045
arg,sex_f,ocu_skill_l1,2022,486.096
arg,sex_f,ocu_skill_l1,2023,628.966
arg,sex_f,ocu_skill_l1,2024,611.598
arg,sex_f,ocu_skill_l2,2004,896.887
arg,sex_f,ocu_skill_l2,2005,839.835
arg,sex_f,ocu_skill_l2,2006,838.196
arg,sex_f,ocu_skill_l2,2008,827.52
arg,sex_f,ocu_skill_l2,2009,818.758
arg,sex_f,ocu_skill_l2,2010,806.713
arg,sex_f,ocu_skill_l2,2011,922.944
arg,sex_f,ocu_skill_l2,2012,906.783
arg,sex_f,ocu_skill_l2,2013,944.26
arg,sex_f,ocu_skill_l2,2014,1013.484
arg,sex_f,ocu_skill_l2,2017,912.794
arg,sex_f,ocu_skill_l2,2018,1260.095
arg,sex_f,ocu_skill_l2,2019,1314.166
arg,sex_f,ocu_skill_l2,2020,909.49
arg,sex_f,ocu_skill_l2,2021,1355.156
arg,sex_f,ocu_skill_l2,2022,1133.859
arg,sex_f,ocu_skill_l2,2023,1585.863
arg,sex_f,ocu_skill_l2,2024,1626.102
arg,sex_f,ocu_skill_l3_4,2004,414.55
arg,sex_f,ocu_skill_l3_4,2005,373.416
arg,sex_f,ocu_skill_l3_4,2006,381.783
arg,sex_f,ocu_skill_l3_4,2008,395.479
arg,sex_f,ocu_skill_l3_4,2009,419.977
arg,sex_f,ocu_skill_l3_4,2010,413.586
arg,sex_f,ocu_skill_l3_4,2011,394.545
arg,sex_f,ocu_skill_l3_4,2012,412.934
arg,sex_f,ocu_skill_l3_4,2013,389.122
arg,sex_f,ocu_skill_l3_4,2014,379.202
arg,sex_f,ocu_skill_l3_4,2017,298.848
arg,sex_f,ocu_skill_l3_4,2018,436.438
arg,sex_f,ocu_skill_l3_4,2019,456.416
arg,sex_f,ocu_skill_l3_4,2020,271.342
arg,sex_f,ocu_skill_l3_4,2021,432.49
arg,sex_f,ocu_skill_l3_4,2022,346.706
arg,sex_f,ocu_skill_l3_4,2023,466.427
arg,sex_f,ocu_skill_l3_4,2024,520.733
arg,sex_f,ocu_skill_total,2004,2441.035
arg,sex_f,ocu_skill_total,2005,2427.018
arg,sex_f,ocu_skill_total,2006,2416.678
arg,sex_f,ocu_skill_total,2008,2243.096
arg,sex_f,ocu_skill_total,2009,2238.274
arg,sex_f,ocu_skill_total,2010,2195.501
arg,sex_f,ocu_skill_total,2011,2180.36
arg,sex_f,ocu_skill_total,2012,2189.684
arg,sex_f,ocu_skill_total,2013,2142.322
arg,sex_f,ocu_skill_total,2014,2160.644
arg,sex_f,ocu_skill_total,2017,2358.735
arg,sex_f,ocu_skill_total,2018,2508.516
arg,sex_f,ocu_skill_total,2019,2607.319
arg,sex_f,ocu_skill_total,2020,2211.573
arg,sex_f,ocu_skill_total,2021,2587.601
arg,sex_f,ocu_skill_total,2022,2869.887
arg,sex_f,ocu_skill_total,2023,2938.148
arg,sex_f,ocu_skill_total,2024,3078.05
arg,sex_f,ocu_skill_x,2004,287.228
arg,sex_f,ocu_skill_x,2005,304.652
arg,sex_f,ocu_skill_x,2006,291.373
arg,sex_f,ocu_skill_x,2008,220.804
arg,sex_f,ocu_skill_x,2009,211.71
arg,sex_f,ocu_skill_x,2010,201.507
arg,sex_f,ocu_skill_x,2011,124.407
arg,sex_f,ocu_skill_x,2012,116.24
arg,sex_f,ocu_skill_x,2013,141.945
arg,sex_f,ocu_skill_x,2014,162.465
arg,sex_f,ocu_skill_x,2017,690.154
arg,sex_f,ocu_skill_x,2018,184.706
arg,sex_f,ocu_skill_x,2019,202.95
arg,sex_f,ocu_skill_x,2020,653.589
arg,sex_f,ocu_skill_x,2021,256.91
arg,sex_f,ocu_skill_x,2022,903.225
arg,sex_f,ocu_skill_x,2023,256.892
arg,sex_f,ocu_skill_x,2024,319.616
arg,sex_m,ocu_isco08_1,2004,237.481
arg,sex_m,ocu_isco08_1,2005,245.072
arg,sex_m,ocu_isco08_1,2006,267.27
arg,sex_m,ocu_isco08_1,2008,322.244
arg,sex_m,ocu_isco08_1,2009,305.623
arg,sex_m,ocu_isco08_1,2010,295.997
arg,sex_m,ocu_isco08_1,2011,323.036
arg,sex_m,ocu_isco08_1,2012,275.359
arg,sex_m,ocu_isco08_1,2013,267.76
arg,sex_m,ocu_isco08_1,2014,242.638
arg,sex_m,ocu_isco08_1,2017,197.232
arg,sex_m,ocu_isco08_1,2018,264.87
arg,sex_m,ocu_isco08_1,2019,270.433
arg,sex_m,ocu_isco08_1,2020,146.486
arg,sex_m,ocu_isco08_1,2021,268.946
arg,sex_m,ocu_isco08_1,2022,204.609
arg,sex_m,ocu_isco08_1,2023,261.85
arg,sex_m,ocu_isco08_1,2024,277.282
arg,sex_m,ocu_isco08_2,2004,150.31
arg,sex_m,ocu_isco08_2,2005,112.888
arg,sex_m,ocu_isco08_2,2006,116.292
arg,sex_m,ocu_isco08_2,2008,125.952
arg,sex_m,ocu_isco08_2,2009,131.45
arg,sex_m,ocu_isco08_2,2010,118.315
arg,sex_m,ocu_isco08_2,2011,133.988
arg,sex_m,ocu_isco08_2,2012,131.008
arg,sex_m,ocu_isco08_2,2013,132.334
arg,sex_m,ocu_isco08_2,2014,122.9
arg,sex_m,ocu_isco08_2,2017,84.366
arg,sex_m,ocu_isco08_2,2018,124.22
arg,sex_m,ocu_isco08_2,2019,125.205
arg,sex_m,ocu_isco08_2,2020,78.287
arg,sex_m,ocu_isco08_2,2021,126.25
arg,sex_m,ocu_isco08_2,2022,104.99
arg,sex_m,ocu_isco08_2,2023,136.226
arg,sex_m,ocu_isco08_2,2024,138.211
arg,sex_m,ocu_isco08_3,2004,185.026
arg,sex_m,ocu_isco08_3,2005,191.207
arg,sex_m,ocu_isco08_3,2006,174.035
arg,sex_m,ocu_isco08_3,2008,161.675
arg,sex_m,ocu_isco08_3,2009,167.345
arg,sex_m,ocu_isco08_3,2010,167.418
arg,sex_m,ocu_isco08_3,2011,174.8
arg,sex_m,ocu_isco08_3,2012,184.716
arg,sex_m,ocu_isco08_3,2013,181.993
arg,sex_m,ocu_isco08_3,2014,175.685
arg,sex_m,ocu_isco08_3,2017,129.554
arg,sex_m,ocu_isco08_3,2018,169.341
arg,sex_m,ocu_isco08_3,2019,198.608
arg,sex_m,ocu_isco08_3,2020,120.496
arg,sex_m,ocu_isco08_3,2021,201.89
arg,sex_m,ocu_isco08_3,2022,159.324
arg,sex_m,ocu_isco08_3,2023,227.47
arg,sex_m,ocu_isco08_3,2024,233.167
arg,sex_m,ocu_isco08_4,2004,76.475
arg,sex_m,ocu_isco08_4,2005,97.329
arg,sex_m,ocu_isco08_4,2006,104.972
arg,sex_m,ocu_isco08_4,2008,76.535
arg,sex_m,ocu_isco08_4,2009,82.736
arg,sex_m,ocu_isco08_4,2010,81.369
arg,sex_m,ocu_isco08_4,2011,76.896
arg,sex_m,ocu_isco08_4,2012,76.424
arg,sex_m,ocu_isco08_4,2013,89.826
arg,sex_m,ocu_isco08_4,2014,94.838
arg,sex_m,ocu_isco08_4,2017,60.792
arg,sex_m,ocu_isco08_4,2018,76.969
arg,sex_m,ocu_isco08_4,2019,67.142
arg,sex_m,ocu_isco08_4,2020,51.119
arg,sex_m,ocu_isco08_4,2021,100.231
arg,sex_m,ocu_isco08_4,2022,75.689
arg,sex_m,ocu_isco08_4,2023,99.05
arg,sex_m,ocu_isco08_4,2024,88.601
arg,sex_m,ocu_isco08_5,2004,587.039
arg,sex_m,ocu_isco08_5,2005,546.356
arg,sex_m,ocu_isco08_5,2006,552.315
arg,sex_m,ocu_isco08_5,2008,500.86
arg,sex_m,ocu_isco08_5,2009,491.244
arg,sex_m,ocu_isco08_5,2010,511.213
arg,sex_m,ocu_isco08_5,2011,507.858
arg,sex_m,ocu_isco08_5,2012,495.004
arg,sex_m,ocu_isco08_5,2013,504.955
arg,sex_m,ocu_isco08_5,2014,489.519
arg,sex_m,ocu_isco08_5,2017,430.739
arg,sex_m,ocu_isco08_5,2018,578.719
arg,sex_m,ocu_isco08_5,2019,633.793
arg,sex_m,ocu_isco08_5,2020,432.501
arg,sex_m,ocu_isco08_5,2021,589.74
arg,sex_m,ocu_isco08_5,2022,545.92
arg,sex_m,ocu_isco08_5,2023,737.4
arg,sex_m,ocu_isco08_5,2024,767.804
arg,sex_m,ocu_isco08_6,2004,31.113
arg,sex_m,ocu_isco08_6,2005,19.665
arg,sex_m,ocu_isco08_6,2006,20.927
arg,sex_m,ocu_isco08_6,2008,15.459
arg,sex_m,ocu_isco08_6,2009,12.023
arg,sex_m,ocu_isco08_6,2010,14.118
arg,sex_m,ocu_isco08_6,2011,15.58
arg,sex_m,ocu_isco08_6,2012,13.07
arg,sex_m,ocu_isco08_6,2013,18.095
arg,sex_m,ocu_isco08_6,2014,15.323
arg,sex_m,ocu_isco08_6,2017,13.197
arg,sex_m,ocu_isco08_6,2018,10.843
arg,sex_m,ocu_isco08_6,2019,17.608
arg,sex_m,ocu_isco08_6,2020,7.158
arg,sex_m,ocu_isco08_6,2021,12.453
arg,sex_m,ocu_isco08_6,2022,9.559
arg,sex_m,ocu_isco08_6,2023,14.256
arg,sex_m,ocu_isco08_6,2024,12.62
arg,sex_m,ocu_isco08_7,2004,655.098
arg,sex_m,ocu_isco08_7,2005,673.5
arg,sex_m,ocu_isco08_7,2006,662.864
arg,sex_m,ocu_isco08_7,2008,702.666
arg,sex_m,ocu_isco08_7,2009,718.9
arg,sex_m,ocu_isco08_7,2010,690.276
arg,sex_m,ocu_isco08_7,2011,824.936
arg,sex_m,ocu_isco08_7,2012,850.288
arg,sex_m,ocu_isco08_7,2013,892.272
arg,sex_m,ocu_isco08_7,2014,898.049
arg,sex_m,ocu_isco08_7,2017,679.408
arg,sex_m,ocu_isco08_7,2018,865.215
arg,sex_m,ocu_isco08_7,2019,890.666
arg,sex_m,ocu_isco08_7,2020,596.483
arg,sex_m,ocu_isco08_7,2021,921.714
arg,sex_m,ocu_isco08_7,2022,772.336
arg,sex_m,ocu_isco08_7,2023,1066.245
arg,sex_m,ocu_isco08_7,2024,990.622
arg,sex_m,ocu_isco08_8,2004,280.79
arg,sex_m,ocu_isco08_8,2005,286.412
arg,sex_m,ocu_isco08_8,2006,277.82
arg,sex_m,ocu_isco08_8,2008,285.515
arg,sex_m,ocu_isco08_8,2009,294.376
arg,sex_m,ocu_isco08_8,2010,287.432
arg,sex_m,ocu_isco08_8,2011,351.216
arg,sex_m,ocu_isco08_8,2012,407.905
arg,sex_m,ocu_isco08_8,2013,408.882
arg,sex_m,ocu_isco08_8,2014,422.193
arg,sex_m,ocu_isco08_8,2017,289.901
arg,sex_m,ocu_isco08_8,2018,382.325
arg,sex_m,ocu_isco08_8,2019,394.291
arg,sex_m,ocu_isco08_8,2020,228.432
arg,sex_m,ocu_isco08_8,2021,345.82
arg,sex_m,ocu_isco08_8,2022,303.277
arg,sex_m,ocu_isco08_8,2023,406.658
arg,sex_m,ocu_isco08_8,2024,429.681
arg,sex_m,ocu_isco08_9,2004,639.187
arg,sex_m,ocu_isco08_9,2005,627.11
arg,sex_m,ocu_isco08_9,2006,596.442
arg,sex_m,ocu_isco08_9,2008,502.358
arg,sex_m,ocu_isco08_9,2009,521.607
arg,sex_m,ocu_isco08_9,2010,528.004
arg,sex_m,ocu_isco08_9,2011,508.276
arg,sex_m,ocu_isco08_9,2012,499.19
arg,sex_m,ocu_isco08_9,2013,433.795
arg,sex_m,ocu_isco08_9,2014,405.362
arg,sex_m,ocu_isco08_9,2017,404.754
arg,sex_m,ocu_isco08_9,2018,539.735
arg,sex_m,ocu_isco08_9,2019,569.022
arg,sex_m,ocu_isco08_9,2020,388.63
arg,sex_m,ocu_isco08_9,2021,561.683
arg,sex_m,ocu_isco08_9,2022,439.252
arg,sex_m,ocu_isco08_9,2023,559.436
arg,sex_m,ocu_isco08_9,2024,538.61
arg,sex_m,ocu_isco08_total,2004,3149.116
arg,sex_m,ocu_isco08_total,2005,3175.171
arg,sex_m,ocu_isco08_total,2006,3144.322
arg,sex_m,ocu_isco08_total,2008,3013.959
arg,sex_m,ocu_isco08_total,2009,3016.014
arg,sex_m,ocu_isco08_total,2010,3000.541
arg,sex_m,ocu_isco08_total,2011,3040.802
arg,sex_m,ocu_isco08_total,2012,3066.581
arg,sex_m,ocu_isco08_total,2013,3115.745
arg,sex_m,ocu_isco08_total,2014,3080.566
arg,sex_m,ocu_isco08_total,2017,3259.14
arg,sex_m,ocu_isco08_total,2018,3214.653
arg,sex_m,ocu_isco08_total,2019,3403.334
arg,sex_m,ocu_isco08_total,2020,2926.521
arg,sex_m,ocu_isco08_total,2021,3428.236
arg,sex_m,ocu_isco08_total,2022,3724.838
arg,sex_m,ocu_isco08_total,2023,3767.794
arg,sex_m,ocu_isco08_total,2024,3799.788
arg,sex_m,ocu_isco08_x,2004,306.596
arg,sex_m,ocu_isco08_x,2005,375.633
arg,sex_m,ocu_isco08_x,2006,371.385
arg,sex_m,ocu_isco08_x,2008,320.694
arg,sex_m,ocu_isco08_x,2009,290.708
arg,sex_m,ocu_isco08_x,2010,306.4
arg,sex_m,ocu_isco08_x,2011,124.215
arg,sex_m,ocu_isco08_x,2012,133.617
arg,sex_m,ocu_isco08_x,2013,185.834
arg,sex_m,ocu_isco08_x,2014,214.059
arg,sex_m,ocu_isco08_x,2017,969.196
arg,sex_m,ocu_isco08_x,2018,202.415
arg,sex_m,ocu_isco08_x,2019,236.566
arg,sex_m,ocu_isco08_x,2020,876.93
arg,sex_m,ocu_isco08_x,2021,299.509
arg,sex_m,ocu_isco08_x,2022,1109.881
arg,sex_m,ocu_isco08_x,2023,259.204
arg,sex_m,ocu_isco08_x,2024,323.19
arg,sex_m,ocu_skill_l1,2004,639.187
arg,sex_m,ocu_skill_l1,2005,627.11
arg,sex_m,ocu_skill_l1,2006,596.442
arg,sex_m,ocu_skill_l1,2008,502.358
arg,sex_m,ocu_skill_l1,2009,521.607
arg,sex_m,ocu_skill_l1,2010,528.004
arg,sex_m,ocu_skill_l1,2011,508.276
arg,sex_m,ocu_skill_l1,2012,499.19
arg,sex_m,ocu_skill_l1,2013,433.795
arg,sex_m,ocu_skill_l1,2014,405.362
arg,sex_m,ocu_skill_l1,2017,404.754
arg,sex_m,ocu_skill_l1,2018,539.735
arg,sex_m,ocu_skill_l1,2019,569.022
arg,sex_m,ocu_skill_l1,2020,388.63
arg,sex_m,ocu_skill_l1,2021,561.683
arg,sex_m,ocu_skill_l1,2022,439.252
arg,sex_m,ocu_skill_l1,2023,559.436
arg,sex_m,ocu_skill_l1,2024,538.61
arg,sex_m,ocu_skill_l2,2004,1630.516
arg,sex_m,ocu_skill_l2,2005,1623.261
arg,sex_m,ocu_skill_l2,2006,1618.897
arg,sex_m,ocu_skill_l2,2008,1581.035
arg,sex_m,ocu_skill_l2,2009,1599.28
arg,sex_m,ocu_skill_l2,2010,1584.408
arg,sex_m,ocu_skill_l2,2011,1776.488
arg,sex_m,ocu_skill_l2,2012,1842.691
arg,sex_m,ocu_skill_l2,2013,1914.03
arg,sex_m,ocu_skill_l2,2014,1919.921
arg,sex_m,ocu_skill_l2,2017,1474.037
arg,sex_m,ocu_skill_l2,2018,1914.071
arg,sex_m,ocu_skill_l2,2019,2003.5
arg,sex_m,ocu_skill_l2,2020,1315.694
arg,sex_m,ocu_skill_l2,2021,1969.958
arg,sex_m,ocu_skill_l2,2022,1706.781
arg,sex_m,ocu_skill_l2,2023,2323.609
arg,sex_m,ocu_skill_l2,2024,2289.328
arg,sex_m,ocu_skill_l3_4,2004,572.817
arg,sex_m,ocu_skill_l3_4,2005,549.168
arg,sex_m,ocu_skill_l3_4,2006,557.598
arg,sex_m,ocu_skill_l3_4,2008,609.871
arg,sex_m,ocu_skill_l3_4,2009,604.419
arg,sex_m,ocu_skill_l3_4,2010,581.729
arg,sex_m,ocu_skill_l3_4,2011,631.824
arg,sex_m,ocu_skill_l3_4,2012,591.083
arg,sex_m,ocu_skill_l3_4,2013,582.086
arg,sex_m,ocu_skill_l3_4,2014,541.224
arg,sex_m,ocu_skill_l3_4,2017,411.152
arg,sex_m,ocu_skill_l3_4,2018,558.432
arg,sex_m,ocu_skill_l3_4,2019,594.246
arg,sex_m,ocu_skill_l3_4,2020,345.269
arg,sex_m,ocu_skill_l3_4,2021,597.086
arg,sex_m,ocu_skill_l3_4,2022,468.924
arg,sex_m,ocu_skill_l3_4,2023,625.546
arg,sex_m,ocu_skill_l3_4,2024,648.659
arg,sex_m,ocu_skill_total,2004,3149.116
arg,sex_m,ocu_skill_total,2005,3175.171
arg,sex_m,ocu_skill_total,2006,3144.322
arg,sex_m,ocu_skill_total,2008,3013.959
arg,sex_m,ocu_skill_total,2009,3016.014
arg,sex_m,ocu_skill_total,2010,3000.541
arg,sex_m,ocu_skill_total,2011,3040.802
arg,sex_m,ocu_skill_total,2012,3066.581
arg,sex_m,ocu_skill_total,2013,3115.745
arg,sex_m,ocu_skill_total,2014,3080.566
arg,sex_m,ocu_skill_total,2017,3259.14
arg,sex_m,ocu_skill_total,2018,3214.653
arg,sex_m,ocu_skill_total,2019,3403.334
arg,sex_m,ocu_skill_total,2020,2926.521
arg,sex_m,ocu_skill_total,2021,3428.236
arg,sex_m,ocu_skill_total,2022,3724.838
arg,sex_m,ocu_skill_total,2023,3767.794
arg,sex_m,ocu_skill_total,2024,3799.788
arg,sex_m,ocu_skill_x,2004,306.596
arg,sex_m,ocu_skill_x,2005,375.633
arg,sex_m,ocu_skill_x,2006,371.385
arg,sex_m,ocu_skill_x,2008,320.694
arg,sex_m,ocu_skill_x,2009,290.708
arg,sex_m,ocu_skill_x,2010,306.4
arg,sex_m,ocu_skill_x,2011,124.215
arg,sex_m,ocu_skill_x,2012,133.617
arg,sex_m,ocu_skill_x,2013,185.834
arg,sex_m,ocu_skill_x,2014,214.059
arg,sex_m,ocu_skill_x,2017,969.196
arg,sex_m,ocu_skill_x,2018,202.415
arg,sex_m,ocu_skill_x,2019,236.566
arg,sex_m,ocu_skill_x,2020,876.93
arg,sex_m,ocu_skill_x,2021,299.509
arg,sex_m,ocu_skill_x,2022,1109.881
arg,sex_m,ocu_skill_x,2023,259.204
arg,sex_m,ocu_skill_x,2024,323.19
arg,sex_t,ocu_isco08_1,2004,323.041
arg,sex_t,ocu_isco08_1,2005,326.159
arg,sex_t,ocu_isco08_1,2006,359.469
arg,sex_t,ocu_isco08_1,2008,438.031
arg,sex_t,ocu_isco08_1,2009,441.936
arg,sex_t,ocu_isco08_1,2010,415.422
arg,sex_t,ocu_isco08_1,2011,437.38
arg,sex_t,ocu_isco08_1,2012,388.35
arg,sex_t,ocu_isco08_1,2013,368.626
arg,sex_t,ocu_isco08_1,2014,339.68
arg,sex_t,ocu_isco08_1,2017,279.528
arg,sex_t,ocu_isco08_1,2018,380.963
arg,sex_t,ocu_isco08_1,2019,381.47
arg,sex_t,ocu_isco08_1,2020,203.73
arg,sex_t,ocu_isco08_1,2021,379.285
arg,sex_t,ocu_isco08_1,2022,287.832
arg,sex_t,ocu_isco08_1,2023,384.807
arg,sex_t,ocu_isco08_1,2024,384.213
arg,sex_t,ocu_isco08_2,2004,349.336
arg,sex_t,ocu_isco08_2,2005,287.711
arg,sex_t,ocu_isco08_2,2006,283.906
arg,sex_t,ocu_isco08_2,2008,301.381
arg,sex_t,ocu_isco08_2,2009,296.239
arg,sex_t,ocu_isco08_2,2010,278.365
arg,sex_t,ocu_isco08_2,2011,290.298
arg,sex_t,ocu_isco08_2,2012,296.296
arg,sex_t,ocu_isco08_2,2013,307.269
arg,sex_t,ocu_isco08_2,2014,279.41
arg,sex_t,ocu_isco08_2,2017,210.686
arg,sex_t,ocu_isco08_2,2018,303.11
arg,sex_t,ocu_isco08_2,2019,303.625
arg,sex_t,ocu_isco08_2,2020,189.258
arg,sex_t,ocu_isco08_2,2021,290.168
arg,sex_t,ocu_isco08_2,2022,241.335
arg,sex_t,ocu_isco08_2,2023,324.134
arg,sex_t,ocu_isco08_2,2024,348.899
arg,sex_t,ocu_isco08_3,2004,314.99
arg,sex_t,ocu_isco08_3,2005,308.713
arg,sex_t,ocu_isco08_3,2006,296.006
arg,sex_t,ocu_isco08_3,2008,265.938
arg,sex_t,ocu_isco08_3,2009,286.221
arg,sex_t,ocu_isco08_3,2010,301.528
arg,sex_t,ocu_isco08_3,2011,298.691
arg,sex_t,ocu_isco08_3,2012,319.371
arg,sex_t,ocu_isco08_3,2013,295.313
arg,sex_t,ocu_isco08_3,2014,301.336
arg,sex_t,ocu_isco08_3,2017,219.786
arg,sex_t,ocu_isco08_3,2018,310.796
arg,sex_t,ocu_isco08_3,2019,365.566
arg,sex_t,ocu_isco08_3,2020,223.622
arg,sex_t,ocu_isco08_3,2021,360.122
arg,sex_t,ocu_isco08_3,2022,286.463
arg,sex_t,ocu_isco08_3,2023,383.031
arg,sex_t,ocu_isco08_3,2024,436.28
arg,sex_t,ocu_isco08_4,2004,194.765
arg,sex_t,ocu_isco08_4,2005,221.297
arg,sex_t,ocu_isco08_4,2006,236.398
arg,sex_t,ocu_isco08_4,2008,181.097
arg,sex_t,ocu_isco08_4,2009,181.36
arg,sex_t,ocu_isco08_4,2010,176.748
arg,sex_t,ocu_isco08_4,2011,176.497
arg,sex_t,ocu_isco08_4,2012,175.202
arg,sex_t,ocu_isco08_4,2013,179.768
arg,sex_t,ocu_isco08_4,2014,195.282
arg,sex_t,ocu_isco08_4,2017,144.836
arg,sex_t,ocu_isco08_4,2018,179.037
arg,sex_t,ocu_isco08_4,2019,165.892
arg,sex_t,ocu_isco08_4,2020,105.56
arg,sex_t,ocu_isco08_4,2021,226.721
arg,sex_t,ocu_isco08_4,2022,160.472
arg,sex_t,ocu_isco08_4,2023,223.47
arg,sex_t,ocu_isco08_4,2024,237.087
arg,sex_t,ocu_isco08_5,2004,1294.51
arg,sex_t,ocu_isco08_5,2005,1196.915
arg,sex_t,ocu_isco08_5,2006,1205.916
arg,sex_t,ocu_isco08_5,2008,1171.405
arg,sex_t,ocu_isco08_5,2009,1163.661
arg,sex_t,ocu_isco08_5,2010,1170.147
arg,sex_t,ocu_isco08_5,2011,1181.388
arg,sex_t,ocu_isco08_5,2012,1152.993
arg,sex_t,ocu_isco08_5,2013,1218.947
arg,sex_t,ocu_isco08_5,2014,1248.948
arg,sex_t,ocu_isco08_5,2017,1123.316
arg,sex_t,ocu_isco08_5,2018,1548.771
arg,sex_t,ocu_isco08_5,2019,1654.484
arg,sex_t,ocu_isco08_5,2020,1133.917
arg,sex_t,ocu_isco08_5,2021,1608.286
arg,sex_t,ocu_isco08_5,2022,1420.215
arg,sex_t,ocu_isco08_5,2023,1960.139
arg,sex_t,ocu_isco08_5,2024,2028.806
arg,sex_t,ocu_isco08_6,2004,48.835
arg,sex_t,ocu_isco08_6,2005,29.413
arg,sex_t,ocu_isco08_6,2006,27.126
arg,sex_t,ocu_isco08_6,2008,17.395
arg,sex_t,ocu_isco08_6,2009,15.595
arg,sex_t,ocu_isco08_6,2010,16.76
arg,sex_t,ocu_isco08_6,2011,20.208
arg,sex_t,ocu_isco08_6,2012,15.856
arg,sex_t,ocu_isco08_6,2013,21.767
arg,sex_t,ocu_isco08_6,2014,16.725
arg,sex_t,ocu_isco08_6,2017,14.714
arg,sex_t,ocu_isco08_6,2018,15.108
arg,sex_t,ocu_isco08_6,2019,19.861
arg,sex_t,ocu_isco08_6,2020,8.602
arg,sex_t,ocu_isco08_6,2021,18.797
arg,sex_t,ocu_isco08_6,2022,14.233
arg,sex_t,ocu_isco08_6,2023,20.226
arg,sex_t,ocu_isco08_6,2024,17.898
arg,sex_t,ocu_isco08_7,2004,696.17
arg,sex_t,ocu_isco08_7,2005,717.193
arg,sex_t,ocu_isco08_7,2006,699.737
arg,sex_t,ocu_isco08_7,2008,741.672
arg,sex_t,ocu_isco08_7,2009,751.218
arg,sex_t,ocu_isco08_7,2010,726.907
arg,sex_t,ocu_isco08_7,2011,898.878
arg,sex_t,ocu_isco08_7,2012,923.295
arg,sex_t,ocu_isco08_7,2013,960.456
arg,sex_t,ocu_isco08_7,2014,974.912
arg,sex_t,ocu_isco08_7,2017,745.985
arg,sex_t,ocu_isco08_7,2018,960.815
arg,sex_t,ocu_isco08_7,2019,986.444
arg,sex_t,ocu_isco08_7,2020,674.789
arg,sex_t,ocu_isco08_7,2021,1039.928
arg,sex_t,ocu_isco08_7,2022,866.322
arg,sex_t,ocu_isco08_7,2023,1210.778
arg,sex_t,ocu_isco08_7,2024,1108.38
arg,sex_t,ocu_isco08_8,2004,293.122
arg,sex_t,ocu_isco08_8,2005,298.279
arg,sex_t,ocu_isco08_8,2006,287.915
arg,sex_t,ocu_isco08_8,2008,296.985
arg,sex_t,ocu_isco08_8,2009,306.203
arg,sex_t,ocu_isco08_8,2010,300.561
arg,sex_t,ocu_isco08_8,2011,422.46
arg,sex_t,ocu_isco08_8,2012,482.127
arg,sex_t,ocu_isco08_8,2013,477.353
arg,sex_t,ocu_isco08_8,2014,497.538
arg,sex_t,ocu_isco08_8,2017,357.981
arg,sex_t,ocu_isco08_8,2018,470.436
arg,sex_t,ocu_isco08_8,2019,490.986
arg,sex_t,ocu_isco08_8,2020,302.316
arg,sex_t,ocu_isco08_8,2021,431.382
arg,sex_t,ocu_isco08_8,2022,379.398
arg,sex_t,ocu_isco08_8,2023,494.859
arg,sex_t,ocu_isco08_8,2024,523.259
arg,sex_t,ocu_isco08_9,2004,1481.557
arg,sex_t,ocu_isco08_9,2005,1536.225
arg,sex_t,ocu_isco08_9,2006,1501.769
arg,sex_t,ocu_isco08_9,2008,1301.651
arg,sex_t,ocu_isco08_9,2009,1309.435
arg,sex_t,ocu_isco08_9,2010,1301.699
arg,sex_t,ocu_isco08_9,2011,1246.74
arg,sex_t,ocu_isco08_9,2012,1252.917
arg,sex_t,ocu_isco08_9,2013,1100.79
arg,sex_t,ocu_isco08_9,2014,1010.855
arg,sex_t,ocu_isco08_9,2017,861.692
arg,sex_t,ocu_isco08_9,2018,1167.012
arg,sex_t,ocu_isco08_9,2019,1202.811
arg,sex_t,ocu_isco08_9,2020,765.782
arg,sex_t,ocu_isco08_9,2021,1104.728
arg,sex_t,ocu_isco08_9,2022,925.349
arg,sex_t,ocu_isco08_9,2023,1188.402
arg,sex_t,ocu_isco08_9,2024,1150.208
arg,sex_t,ocu_isco08_total,2004,5590.151
arg,sex_t,ocu_isco08_total,2005,5602.189
arg,sex_t,ocu_isco08_total,2006,5561
arg,sex_t,ocu_isco08_total,2008,5257.055
arg,sex_t,ocu_isco08_total,2009,5254.288
arg,sex_t,ocu_isco08_total,2010,5196.042
arg,sex_t,ocu_isco08_total,2011,5221.163
arg,sex_t,ocu_isco08_total,2012,5256.265
arg,sex_t,ocu_isco08_total,2013,5258.067
arg,sex_t,ocu_isco08_total,2014,5241.209
arg,sex_t,ocu_isco08_total,2017,5617.874
arg,sex_t,ocu_isco08_total,2018,5723.169
arg,sex_t,ocu_isco08_total,2019,6010.653
arg,sex_t,ocu_isco08_total,2020,5138.094
arg,sex_t,ocu_isco08_total,2021,6015.837
arg,sex_t,ocu_isco08_total,2022,6594.725
arg,sex_t,ocu_isco08_total,2023,6705.942
arg,sex_t,ocu_isco08_total,2024,6877.837
arg,sex_t,ocu_isco08_x,2004,593.824
arg,sex_t,ocu_isco08_x,2005,680.285
arg,sex_t,ocu_isco08_x,2006,662.758
arg,sex_t,ocu_isco08_x,2008,541.499
arg,sex_t,ocu_isco08_x,2009,502.418
arg,sex_t,ocu_isco08_x,2010,507.907
arg,sex_t,ocu_isco08_x,2011,248.622
arg,sex_t,ocu_isco08_x,2012,249.857
arg,sex_t,ocu_isco08_x,2013,327.779
arg,sex_t,ocu_isco08_x,2014,376.523
arg,sex_t,ocu_isco08_x,2017,1659.351
arg,sex_t,ocu_isco08_x,2018,387.121
arg,sex_t,ocu_isco08_x,2019,439.516
arg,sex_t,ocu_isco08_x,2020,1530.518
arg,sex_t,ocu_isco08_x,2021,556.419
arg,sex_t,ocu_isco08_x,2022,2013.106
arg,sex_t,ocu_isco08_x,2023,516.096
arg,sex_t,ocu_isco08_x,2024,642.806
arg,sex_t,ocu_skill_l1,2004,1481.557
arg,sex_t,ocu_skill_l1,2005,1536.225
arg,sex_t,ocu_skill_l1,2006,1501.769
arg,sex_t,ocu_skill_l1,2008,1301.651
arg,sex_t,ocu_skill_l1,2009,1309.435
arg,sex_t,ocu_skill_l1,2010,1301.699
arg,sex_t,ocu_skill_l1,2011,1246.74
arg,sex_t,ocu_skill_l1,2012,1252.917
arg,sex_t,ocu_skill_l1,2013,1100.79
arg,sex_t,ocu_skill_l1,2014,1010.855
arg,sex_t,ocu_skill_l1,2017,861.692
arg,sex_t,ocu_skill_l1,2018,1167.012
arg,sex_t,ocu_skill_l1,2019,1202.811
arg,sex_t,ocu_skill_l1,2020,765.782
arg,sex_t,ocu_skill_l1,2021,1104.728
arg,sex_t,ocu_skill_l1,2022,925.349
arg,sex_t,ocu_skill_l1,2023,1188.402
arg,sex_t,ocu_skill_l1,2024,1150.208
arg,sex_t,ocu_skill_l2,2004,2527.403
arg,sex_t,ocu_skill_l2,2005,2463.096
arg,sex_t,ocu_skill_l2,2006,2457.093
arg,sex_t,ocu_skill_l2,2008,2408.555
arg,sex_t,ocu_skill_l2,2009,2418.038
arg,sex_t,ocu_skill_l2,2010,2391.122
arg,sex_t,ocu_skill_l2,2011,2699.431
arg,sex_t,ocu_skill_l2,2012,2749.474
arg,sex_t,ocu_skill_l2,2013,2858.29
arg,sex_t,ocu_skill_l2,2014,2933.405
arg,sex_t,ocu_skill_l2,2017,2386.832
arg,sex_t,ocu_skill_l2,2018,3174.166
arg,sex_t,ocu_skill_l2,2019,3317.666
arg,sex_t,ocu_skill_l2,2020,2225.183
arg,sex_t,ocu_skill_l2,2021,3325.114
arg,sex_t,ocu_skill_l2,2022,2840.64
arg,sex_t,ocu_skill_l2,2023,3909.472
arg,sex_t,ocu_skill_l2,2024,3915.43
arg,sex_t,ocu_skill_l3_4,2004,987.367
arg,sex_t,ocu_skill_l3_4,2005,922.583
arg,sex_t,ocu_skill_l3_4,2006,939.381
arg,sex_t,ocu_skill_l3_4,2008,1005.35
arg,sex_t,ocu_skill_l3_4,2009,1024.396
arg,sex_t,ocu_skill_l3_4,2010,995.315
arg,sex_t,ocu_skill_l3_4,2011,1026.37
arg,sex_t,ocu_skill_l3_4,2012,1004.017
arg,sex_t,ocu_skill_l3_4,2013,971.208
arg,sex_t,ocu_skill_l3_4,2014,920.426
arg,sex_t,ocu_skill_l3_4,2017,710
arg,sex_t,ocu_skill_l3_4,2018,994.869
arg,sex_t,ocu_skill_l3_4,2019,1050.661
arg,sex_t,ocu_skill_l3_4,2020,616.611
arg,sex_t,ocu_skill_l3_4,2021,1029.575
arg,sex_t,ocu_skill_l3_4,2022,815.63
arg,sex_t,ocu_skill_l3_4,2023,1091.973
arg,sex_t,ocu_skill_l3_4,2024,1169.392
arg,sex_t,ocu_skill_total,2004,5590.151
arg,sex_t,ocu_skill_total,2005,5602.189
arg,sex_t,ocu_skill_total,2006,5561
arg,sex_t,ocu_skill_total,2008,5257.055
arg,sex_t,ocu_skill_total,2009,5254.288
arg,sex_t,ocu_skill_total,2010,5196.042
arg,sex_t,ocu_skill_total,2011,5221.163
arg,sex_t,ocu_skill_total,2012,5256.265
arg,sex_t,ocu_skill_total,2013,5258.067
arg,sex_t,ocu_skill_total,2014,5241.209
arg,sex_t,ocu_skill_total,2017,5617.874
arg,sex_t,ocu_skill_total,2018,5723.169
arg,sex_t,ocu_skill_total,2019,6010.653
arg,sex_t,ocu_skill_total,2020,5138.094
arg,sex_t,ocu_skill_total,2021,6015.837
arg,sex_t,ocu_skill_total,2022,6594.725
arg,sex_t,ocu_skill_total,2023,6705.942
arg,sex_t,ocu_skill_total,2024,6877.837
arg,sex_t,ocu_skill_x,2004,593.824
arg,sex_t,ocu_skill_x,2005,680.285
arg,sex_t,ocu_skill_x,2006,662.758
arg,sex_t,ocu_skill_x,2008,541.499
arg,sex_t,ocu_skill_x,2009,502.418
arg,sex_t,ocu_skill_x,2010,507.907
arg,sex_t,ocu_skill_x,2011,248.622
arg,sex_t,ocu_skill_x,2012,249.857
arg,sex_t,ocu_skill_x,2013,327.779
arg,sex_t,ocu_skill_x,2014,376.523
arg,sex_t,ocu_skill_x,2017,1659.351
arg,sex_t,ocu_skill_x,2018,387.121
arg,sex_t,ocu_skill_x,2019,439.516
arg,sex_t,ocu_skill_x,2020,1530.518
arg,sex_t,ocu_skill_x,2021,556.419
arg,sex_t,ocu_skill_x,2022,2013.106
arg,sex_t,ocu_skill_x,2023,516.096
arg,sex_t,ocu_skill_x,2024,642.806
arm,sex_f,ocu_isco08_1,2014,2.278
arm,sex_f,ocu_isco08_1,2015,1.076
arm,sex_f,ocu_isco08_2,2014,12.573
arm,sex_f,ocu_isco08_2,2015,3.824
arm,sex_f,ocu_isco08_2,2016,3.328
arm,sex_f,ocu_isco08_2,2017,4.077
arm,sex_f,ocu_isco08_3,2014,12.41
arm,sex_f,ocu_isco08_3,2015,6.661
arm,sex_f,ocu_isco08_3,2016,6.16
arm,sex_f,ocu_isco08_3,2017,6.037
arm,sex_f,ocu_isco08_4,2014,5.394
arm,sex_f,ocu_isco08_4,2015,2.835
arm,sex_f,ocu_isco08_4,2016,1.228
arm,sex_f,ocu_isco08_4,2017,2.281
arm,sex_f,ocu_isco08_5,2014,39.398
arm,sex_f,ocu_isco08_5,2015,26.341
arm,sex_f,ocu_isco08_5,2016,27.005
arm,sex_f,ocu_isco08_5,2017,28.905
arm,sex_f,ocu_isco08_6,2014,218.07
arm,sex_f,ocu_isco08_6,2015,199.535
arm,sex_f,ocu_isco08_6,2016,173.895
arm,sex_f,ocu_isco08_6,2017,162.841
arm,sex_f,ocu_isco08_7,2014,14.82
arm,sex_f,ocu_isco08_7,2015,9.941
arm,sex_f,ocu_isco08_7,2016,10.821
arm,sex_f,ocu_isco08_7,2017,9.527
arm,sex_f,ocu_isco08_8,2014,0.536
arm,sex_f,ocu_isco08_9,2014,11.88
arm,sex_f,ocu_isco08_9,2015,11.77
arm,sex_f,ocu_isco08_9,2016,10.334
arm,sex_f,ocu_isco08_9,2017,13.529
arm,sex_f,ocu_isco08_total,2014,317.359
arm,sex_f,ocu_isco08_total,2015,262.131
arm,sex_f,ocu_isco08_total,2016,233.561
arm,sex_f,ocu_isco08_total,2017,227.931
arm,sex_f,ocu_isco88_1,2008,6.385
arm,sex_f,ocu_isco88_2,2008,10.41
arm,sex_f,ocu_isco88_3,2008,29.872
arm,sex_f,ocu_isco88_4,2008,1.807
arm,sex_f,ocu_isco88_5,2008,26.458
arm,sex_f,ocu_isco88_6,2008,138.409
arm,sex_f,ocu_isco88_7,2008,11.047
arm,sex_f,ocu_isco88_total,2008,225.176
arm,sex_f,ocu_skill_l1,2014,11.88
arm,sex_f,ocu_skill_l1,2015,11.77
arm,sex_f,ocu_skill_l1,2016,10.334
arm,sex_f,ocu_skill_l1,2017,13.529
arm,sex_f,ocu_skill_l2,2008,178.509
arm,sex_f,ocu_skill_l2,2014,278.218
arm,sex_f,ocu_skill_l2,2015,238.8
arm,sex_f,ocu_skill_l2,2016,213.527
arm,sex_f,ocu_skill_l2,2017,203.94
arm,sex_f,ocu_skill_l3_4,2008,46.666
arm,sex_f,ocu_skill_l3_4,2014,27.261
arm,sex_f,ocu_skill_l3_4,2015,11.561
arm,sex_f,ocu_skill_l3_4,2016,9.7
arm,sex_f,ocu_skill_l3_4,2017,10.462
arm,sex_f,ocu_skill_total,2008,225.176
arm,sex_f,ocu_skill_total,2014,317.359
arm,sex_f,ocu_skill_total,2015,262.131
arm,sex_f,ocu_skill_total,2016,233.561
arm,sex_f,ocu_skill_total,2017,227.931
arm,sex_m,ocu_isco08_1,2014,8.975
arm,sex_m,ocu_isco08_1,2015,3.054
arm,sex_m,ocu_isco08_1,2016,3.074
arm,sex_m,ocu_isco08_1,2017,2.16
arm,sex_m,ocu_isco08_2,2014,14.888
arm,sex_m,ocu_isco08_2,2015,5.278
arm,sex_m,ocu_isco08_2,2016,4.006
arm,sex_m,ocu_isco08_2,2017,3.04
arm,sex_m,ocu_isco08_3,2014,15.846
arm,sex_m,ocu_isco08_3,2015,9.264
arm,sex_m,ocu_isco08_3,2016,7.312
arm,sex_m,ocu_isco08_3,2017,5.414
arm,sex_m,ocu_isco08_4,2014,4.824
arm,sex_m,ocu_isco08_4,2015,1.296
arm,sex_m,ocu_isco08_4,2016,1.723
arm,sex_m,ocu_isco08_4,2017,1.427
arm,sex_m,ocu_isco08_5,2014,24.222
arm,sex_m,ocu_isco08_5,2015,18.949
arm,sex_m,ocu_isco08_5,2016,17.057
arm,sex_m,ocu_isco08_5,2017,21.472
arm,sex_m,ocu_isco08_6,2014,167.14
arm,sex_m,ocu_isco08_6,2015,164.467
arm,sex_m,ocu_isco08_6,2016,155.343
arm,sex_m,ocu_isco08_6,2017,140.506
arm,sex_m,ocu_isco08_7,2014,61.054
arm,sex_m,ocu_isco08_7,2015,49.502
arm,sex_m,ocu_isco08_7,2016,37.389
arm,sex_m,ocu_isco08_7,2017,39.891
arm,sex_m,ocu_isco08_8,2014,38.075
arm,sex_m,ocu_isco08_8,2015,25.144
arm,sex_m,ocu_isco08_8,2016,24.12
arm,sex_m,ocu_isco08_8,2017,21.437
arm,sex_m,ocu_isco08_9,2014,17.749
arm,sex_m,ocu_isco08_9,2015,20.056
arm,sex_m,ocu_isco08_9,2016,18.59
arm,sex_m,ocu_isco08_9,2017,21.117
arm,sex_m,ocu_isco08_total,2014,352.773
arm,sex_m,ocu_isco08_total,2015,297.009
arm,sex_m,ocu_isco08_total,2016,268.614
arm,sex_m,ocu_isco08_total,2017,256.464
arm,sex_m,ocu_isco88_1,2008,27.695
arm,sex_m,ocu_isco88_2,2008,17.659
arm,sex_m,ocu_isco88_3,2008,32.085
arm,sex_m,ocu_isco88_5,2008,21.515
arm,sex_m,ocu_isco88_6,2008,112.335
arm,sex_m,ocu_isco88_7,2008,56.211
arm,sex_m,ocu_isco88_8,2008,21.842
arm,sex_m,ocu_isco88_total,2008,290.505
arm,sex_m,ocu_skill_l1,2014,17.749
arm,sex_m,ocu_skill_l1,2015,20.056
arm,sex_m,ocu_skill_l1,2016,18.59
arm,sex_m,ocu_skill_l1,2017,21.117
arm,sex_m,ocu_skill_l2,2008,212.617
arm,sex_m,ocu_skill_l2,2014,295.315
arm,sex_m,ocu_skill_l2,2015,259.357
arm,sex_m,ocu_skill_l2,2016,235.632
arm,sex_m,ocu_skill_l2,2017,224.733
arm,sex_m,ocu_skill_l3_4,2008,77.439
arm,sex_m,ocu_skill_l3_4,2014,39.71
arm,sex_m,ocu_skill_l3_4,2015,17.596
arm,sex_m,ocu_skill_l3_4,2016,14.392
arm,sex_m,ocu_skill_l3_4,2017,10.614
arm,sex_m,ocu_skill_total,2008,290.505
arm,sex_m,ocu_skill_total,2014,352.773
arm,sex_m,ocu_skill_total,2015,297.009
arm,sex_m,ocu_skill_total,2016,268.614
arm,sex_m,ocu_skill_total,2017,256.464
arm,sex_t,ocu_isco08_1,2014,11.253
arm,sex_t,ocu_isco08_1,2015,4.131
arm,sex_t,ocu_isco08_1,2016,3.286
arm,sex_t,ocu_isco08_1,2017,2.509
arm,sex_t,ocu_isco08_2,2014,27.461
arm,sex_t,ocu_isco08_2,2015,9.102
arm,sex_t,ocu_isco08_2,2016,7.334
arm,sex_t,ocu_isco08_2,2017,7.117
arm,sex_t,ocu_isco08_3,2014,28.256
arm,sex_t,ocu_isco08_3,2015,15.924
arm,sex_t,ocu_isco08_3,2016,13.473
arm,sex_t,ocu_isco08_3,2017,11.45
arm,sex_t,ocu_isco08_4,2014,10.217
arm,sex_t,ocu_isco08_4,2015,4.131
arm,sex_t,ocu_isco08_4,2016,2.951
arm,sex_t,ocu_isco08_4,2017,3.708
arm,sex_t,ocu_isco08_5,2014,63.62
arm,sex_t,ocu_isco08_5,2015,45.289
arm,sex_t,ocu_isco08_5,2016,44.061
arm,sex_t,ocu_isco08_5,2017,50.377
arm,sex_t,ocu_isco08_6,2014,385.209
arm,sex_t,ocu_isco08_6,2015,364.002
arm,sex_t,ocu_isco08_6,2016,329.238
arm,sex_t,ocu_isco08_6,2017,303.347
arm,sex_t,ocu_isco08_7,2014,75.874
arm,sex_t,ocu_isco08_7,2015,59.442
arm,sex_t,ocu_isco08_7,2016,48.211
arm,sex_t,ocu_isco08_7,2017,49.418
arm,sex_t,ocu_isco08_8,2014,38.611
arm,sex_t,ocu_isco08_8,2015,25.292
arm,sex_t,ocu_isco08_8,2016,24.698
arm,sex_t,ocu_isco08_8,2017,21.823
arm,sex_t,ocu_isco08_9,2014,29.629
arm,sex_t,ocu_isco08_9,2015,31.826
arm,sex_t,ocu_isco08_9,2016,28.924
arm,sex_t,ocu_isco08_9,2017,34.646
arm,sex_t,ocu_isco08_total,2014,670.132
arm,sex_t,ocu_isco08_total,2015,559.141
arm,sex_t,ocu_isco08_total,2016,502.175
arm,sex_t,ocu_isco08_total,2017,484.395
arm,sex_t,ocu_isco88_1,2008,34.08
arm,sex_t,ocu_isco88_2,2008,28.068
arm,sex_t,ocu_isco88_3,2008,61.957
arm,sex_t,ocu_isco88_4,2008,2.522
arm,sex_t,ocu_isco88_5,2008,47.974
arm,sex_t,ocu_isco88_6,2008,250.744
arm,sex_t,ocu_isco88_7,2008,67.259
arm,sex_t,ocu_isco88_8,2008,22.629
arm,sex_t,ocu_isco88_total,2008,515.68
arm,sex_t,ocu_skill_l1,2014,29.629
arm,sex_t,ocu_skill_l1,2015,31.826
arm,sex_t,ocu_skill_l1,2016,28.924
arm,sex_t,ocu_skill_l1,2017,34.646
arm,sex_t,ocu_skill_l2,2008,391.126
arm,sex_t,ocu_skill_l2,2014,573.533
arm,sex_t,ocu_skill_l2,2015,498.157
arm,sex_t,ocu_skill_l2,2016,449.159
arm,sex_t,ocu_skill_l2,2017,428.673
arm,sex_t,ocu_skill_l3_4,2008,124.105
arm,sex_t,ocu_skill_l3_4,2014,66.971
arm,sex_t,ocu_skill_l3_4,2015,29.157
arm,sex_t,ocu_skill_l3_4,2016,24.092
arm,sex_t,ocu_skill_l3_4,2017,21.076
arm,sex_t,ocu_skill_total,2008,515.68
arm,sex_t,ocu_skill_total,2014,670.132
arm,sex_t,ocu_skill_total,2015,559.141
arm,sex_t,ocu_skill_total,2016,502.175
arm,sex_t,ocu_skill_total,2017,484.395
aut,sex_f,ocu_isco08_2,2011,1.771
aut,sex_f,ocu_isco08_2,2012,9.001
aut,sex_f,ocu_isco08_2,2013,5.151
aut,sex_f,ocu_isco08_2,2016,7.849
aut,sex_f,ocu_isco08_2,2017,4.465
aut,sex_f,ocu_isco08_2,2018,9.483
aut,sex_f,ocu_isco08_2,2019,8.768
aut,sex_f,ocu_isco08_2,2020,11.201
aut,sex_f,ocu_isco08_2,2021,5.579
aut,sex_f,ocu_isco08_2,2023,5.746
aut,sex_f,ocu_isco08_3,2012,4.072
aut,sex_f,ocu_isco08_3,2013,5.12
aut,sex_f,ocu_isco08_3,2016,8.533
aut,sex_f,ocu_isco08_3,2018,4.527
aut,sex_f,ocu_isco08_3,2019,3.432
aut,sex_f,ocu_isco08_3,2020,4.143
aut,sex_f,ocu_isco08_4,2016,5.567
aut,sex_f,ocu_isco08_5,2011,7.154
aut,sex_f,ocu_isco08_5,2012,17.972
aut,sex_f,ocu_isco08_5,2013,24.14
aut,sex_f,ocu_isco08_5,2014,15.929
aut,sex_f,ocu_isco08_5,2015,11.372
aut,sex_f,ocu_isco08_5,2016,18.155
aut,sex_f,ocu_isco08_5,2017,19.152
aut,sex_f,ocu_isco08_5,2018,13.72
aut,sex_f,ocu_isco08_5,2019,18.985
aut,sex_f,ocu_isco08_5,2020,19.767
aut,sex_f,ocu_isco08_5,2021,15.107
aut,sex_f,ocu_isco08_5,2022,12.782
aut,sex_f,ocu_isco08_5,2023,10.76
aut,sex_f,ocu_isco08_6,2011,12.056
aut,sex_f,ocu_isco08_6,2012,7.232
aut,sex_f,ocu_isco08_6,2013,7.665
aut,sex_f,ocu_isco08_6,2014,3.809
aut,sex_f,ocu_isco08_6,2015,5.715
aut,sex_f,ocu_isco08_6,2016,10.759
aut,sex_f,ocu_isco08_6,2017,4.072
aut,sex_f,ocu_isco08_6,2018,6.584
aut,sex_f,ocu_isco08_6,2019,9.062
aut,sex_f,ocu_isco08_6,2020,4.44
aut,sex_f,ocu_isco08_6,2021,3.51
aut,sex_f,ocu_isco08_9,2011,3.321
aut,sex_f,ocu_isco08_9,2012,3.709
aut,sex_f,ocu_isco08_total,2011,27.438
aut,sex_f,ocu_isco08_total,2012,52.839
aut,sex_f,ocu_isco08_total,2013,46.842
aut,sex_f,ocu_isco08_total,2014,23.858
aut,sex_f,ocu_isco08_total,2015,25.546
aut,sex_f,ocu_isco08_total,2016,57.154
aut,sex_f,ocu_isco08_total,2017,34.1
aut,sex_f,ocu_isco08_total,2018,41.428
aut,sex_f,ocu_isco08_total,2019,49.373
aut,sex_f,ocu_isco08_total,2020,41.612
aut,sex_f,ocu_isco08_total,2021,33.627
aut,sex_f,ocu_isco08_total,2022,35.099
aut,sex_f,ocu_isco08_total,2023,25.872
aut,sex_f,ocu_isco88_2,2009,2.898
aut,sex_f,ocu_isco88_3,2009,4.634
aut,sex_f,ocu_isco88_4,2008,4.367
aut,sex_f,ocu_isco88_5,2007,4.027
aut,sex_f,ocu_isco88_5,2009,4.301
aut,sex_f,ocu_isco88_5,2010,6.468
aut,sex_f,ocu_isco88_6,2007,2.711
aut,sex_f,ocu_isco88_6,2008,6.79
aut,sex_f,ocu_isco88_6,2009,8.331
aut,sex_f,ocu_isco88_6,2010,7.352
aut,sex_f,ocu_isco88_9,2007,9.367
aut,sex_f,ocu_isco88_9,2008,6.139
aut,sex_f,ocu_isco88_9,2009,2.527
aut,sex_f,ocu_isco88_total,2007,21.571
aut,sex_f,ocu_isco88_total,2008,26.452
aut,sex_f,ocu_isco88_total,2009,27.864
aut,sex_f,ocu_isco88_total,2010,26.81
aut,sex_f,ocu_skill_l1,2007,9.367
aut,sex_f,ocu_skill_l1,2008,6.139
aut,sex_f,ocu_skill_l1,2009,2.527
aut,sex_f,ocu_skill_l1,2011,3.321
aut,sex_f,ocu_skill_l1,2012,3.709
aut,sex_f,ocu_skill_l2,2007,8.86
aut,sex_f,ocu_skill_l2,2008,17.725
aut,sex_f,ocu_skill_l2,2009,15.309
aut,sex_f,ocu_skill_l2,2010,18.955
aut,sex_f,ocu_skill_l2,2011,20.49
aut,sex_f,ocu_skill_l2,2012,27.836
aut,sex_f,ocu_skill_l2,2013,34.658
aut,sex_f,ocu_skill_l2,2014,22.226
aut,sex_f,ocu_skill_l2,2015,18.23
aut,sex_f,ocu_skill_l2,2016,36.837
aut,sex_f,ocu_skill_l2,2017,26.273
aut,sex_f,ocu_skill_l2,2018,24.749
aut,sex_f,ocu_skill_l2,2019,30.922
aut,sex_f,ocu_skill_l2,2020,24.76
aut,sex_f,ocu_skill_l2,2021,20.502
aut,sex_f,ocu_skill_l2,2022,21.587
aut,sex_f,ocu_skill_l2,2023,14.859
aut,sex_f,ocu_skill_l3_4,2009,9.338
aut,sex_f,ocu_skill_l3_4,2010,5.039
aut,sex_f,ocu_skill_l3_4,2011,3.627
aut,sex_f,ocu_skill_l3_4,2012,16.011
aut,sex_f,ocu_skill_l3_4,2013,10.85
aut,sex_f,ocu_skill_l3_4,2015,3.42
aut,sex_f,ocu_skill_l3_4,2016,16.924
aut,sex_f,ocu_skill_l3_4,2017,7.827
aut,sex_f,ocu_skill_l3_4,2018,14.528
aut,sex_f,ocu_skill_l3_4,2019,14.396
aut,sex_f,ocu_skill_l3_4,2020,16.852
aut,sex_f,ocu_skill_l3_4,2021,12.189
aut,sex_f,ocu_skill_l3_4,2022,9.324
aut,sex_f,ocu_skill_l3_4,2023,9.359
aut,sex_f,ocu_skill_total,2007,21.571
aut,sex_f,ocu_skill_total,2008,26.452
aut,sex_f,ocu_skill_total,2009,27.864
aut,sex_f,ocu_skill_total,2010,26.81
aut,sex_f,ocu_skill_total,2011,27.438
aut,sex_f,ocu_skill_total,2012,52.839
aut,sex_f,ocu_skill_total,2013,46.842
aut,sex_f,ocu_skill_total,2014,23.858
aut,sex_f,ocu_skill_total,2015,25.546
aut,sex_f,ocu_skill_total,2016,57.154
aut,sex_f,ocu_skill_total,2017,34.1
aut,sex_f,ocu_skill_total,2018,41.428
aut,sex_f,ocu_skill_total,2019,49.373
aut,sex_f,ocu_skill_total,2020,41.612
aut,sex_f,ocu_skill_total,2021,33.627
aut,sex_f,ocu_skill_total,2022,35.099
aut,sex_f,ocu_skill_total,2023,25.872
aut,sex_m,ocu_isco08_1,2018,7.981
aut,sex_m,ocu_isco08_2,2013,2.313
aut,sex_m,ocu_isco08_2,2015,4.904
aut,sex_m,ocu_isco08_2,2016,5.841
aut,sex_m,ocu_isco08_2,2017,8.384
aut,sex_m,ocu_isco08_2,2018,4.39
aut,sex_m,ocu_isco08_2,2019,11.31
aut,sex_m,ocu_isco08_2,2020,10.103
aut,sex_m,ocu_isco08_2,2021,7.569
aut,sex_m,ocu_isco08_2,2022,4.152
aut,sex_m,ocu_isco08_2,2023,5.248
aut,sex_m,ocu_isco08_3,2013,2.437
aut,sex_m,ocu_isco08_3,2015,3.526
aut,sex_m,ocu_isco08_3,2018,12.528
aut,sex_m,ocu_isco08_3,2019,2.979
aut,sex_m,ocu_isco08_3,2020,5.823
aut,sex_m,ocu_isco08_5,2011,5.909
aut,sex_m,ocu_isco08_5,2012,5.282
aut,sex_m,ocu_isco08_5,2013,4.484
aut,sex_m,ocu_isco08_5,2015,6.545
aut,sex_m,ocu_isco08_5,2017,3.389
aut,sex_m,ocu_isco08_5,2018,6.836
aut,sex_m,ocu_isco08_5,2019,6.575
aut,sex_m,ocu_isco08_5,2020,5.561
aut,sex_m,ocu_isco08_6,2011,3.633
aut,sex_m,ocu_isco08_6,2012,4.573
aut,sex_m,ocu_isco08_6,2013,5.035
aut,sex_m,ocu_isco08_6,2014,8.856
aut,sex_m,ocu_isco08_6,2015,3.054
aut,sex_m,ocu_isco08_6,2016,4.268
aut,sex_m,ocu_isco08_6,2018,2.912
aut,sex_m,ocu_isco08_6,2019,6.089
aut,sex_m,ocu_isco08_6,2020,5.139
aut,sex_m,ocu_isco08_7,2011,8.873
aut,sex_m,ocu_isco08_7,2012,11.536
aut,sex_m,ocu_isco08_7,2013,10.765
aut,sex_m,ocu_isco08_7,2014,4.949
aut,sex_m,ocu_isco08_7,2015,8.165
aut,sex_m,ocu_isco08_7,2017,6.43
aut,sex_m,ocu_isco08_7,2018,4.828
aut,sex_m,ocu_isco08_7,2019,9.542
aut,sex_m,ocu_isco08_7,2020,7.279
aut,sex_m,ocu_isco08_total,2011,24.44
aut,sex_m,ocu_isco08_total,2012,31.546
aut,sex_m,ocu_isco08_total,2013,31.855
aut,sex_m,ocu_isco08_total,2014,20.809
aut,sex_m,ocu_isco08_total,2015,30.686
aut,sex_m,ocu_isco08_total,2016,22.895
aut,sex_m,ocu_isco08_total,2017,29.654
aut,sex_m,ocu_isco08_total,2018,42.296
aut,sex_m,ocu_isco08_total,2019,40.73
aut,sex_m,ocu_isco08_total,2020,36.273
aut,sex_m,ocu_isco08_total,2021,27.323
aut,sex_m,ocu_isco08_total,2022,21.087
aut,sex_m,ocu_isco08_total,2023,12.918
aut,sex_m,ocu_isco88_3,2009,3.087
aut,sex_m,ocu_isco88_3,2010,5.662
aut,sex_m,ocu_isco88_6,2008,4.513
aut,sex_m,ocu_isco88_6,2010,3.153
aut,sex_m,ocu_isco88_7,2008,3.907
aut,sex_m,ocu_isco88_9,2007,2.003
aut,sex_m,ocu_isco88_9,2008,3.522
aut,sex_m,ocu_isco88_9,2009,4.76
aut,sex_m,ocu_isco88_9,2010,4.342
aut,sex_m,ocu_isco88_total,2007,8.202
aut,sex_m,ocu_isco88_total,2008,23.984
aut,sex_m,ocu_isco88_total,2009,15.735
aut,sex_m,ocu_isco88_total,2010,21.709
aut,sex_m,ocu_skill_l1,2007,2.003
aut,sex_m,ocu_skill_l1,2008,3.522
aut,sex_m,ocu_skill_l1,2009,4.76
aut,sex_m,ocu_skill_l1,2010,4.342
aut,sex_m,ocu_skill_l2,2007,3.981
aut,sex_m,ocu_skill_l2,2008,14.179
aut,sex_m,ocu_skill_l2,2009,5.582
aut,sex_m,ocu_skill_l2,2010,9.277
aut,sex_m,ocu_skill_l2,2011,18.977
aut,sex_m,ocu_skill_l2,2012,22.928
aut,sex_m,ocu_skill_l2,2013,23.336
aut,sex_m,ocu_skill_l2,2014,17.456
aut,sex_m,ocu_skill_l2,2015,19.181
aut,sex_m,ocu_skill_l2,2016,12.679
aut,sex_m,ocu_skill_l2,2017,13.066
aut,sex_m,ocu_skill_l2,2018,15.572
aut,sex_m,ocu_skill_l2,2019,22.745
aut,sex_m,ocu_skill_l2,2020,19.073
aut,sex_m,ocu_skill_l2,2021,14.351
aut,sex_m,ocu_skill_l2,2022,9.426
aut,sex_m,ocu_skill_l3_4,2008,6.283
aut,sex_m,ocu_skill_l3_4,2009,5.007
aut,sex_m,ocu_skill_l3_4,2010,7.109
aut,sex_m,ocu_skill_l3_4,2011,3.223
aut,sex_m,ocu_skill_l3_4,2012,4.619
aut,sex_m,ocu_skill_l3_4,2013,6.056
aut,sex_m,ocu_skill_l3_4,2015,8.43
aut,sex_m,ocu_skill_l3_4,2016,9.368
aut,sex_m,ocu_skill_l3_4,2017,15.319
aut,sex_m,ocu_skill_l3_4,2018,24.899
aut,sex_m,ocu_skill_l3_4,2019,17.984
aut,sex_m,ocu_skill_l3_4,2020,17.2
aut,sex_m,ocu_skill_l3_4,2021,10.923
aut,sex_m,ocu_skill_l3_4,2022,6.853
aut,sex_m,ocu_skill_l3_4,2023,9.128
aut,sex_m,ocu_skill_total,2007,8.202
aut,sex_m,ocu_skill_total,2008,23.984
aut,sex_m,ocu_skill_total,2009,15.735
aut,sex_m,ocu_skill_total,2010,21.709
aut,sex_m,ocu_skill_total,2011,24.44
aut,sex_m,ocu_skill_total,2012,31.546
aut,sex_m,ocu_skill_total,2013,31.855
aut,sex_m,ocu_skill_total,2014,20.809
aut,sex_m,ocu_skill_total,2015,30.686
aut,sex_m,ocu_skill_total,2016,22.895
aut,sex_m,ocu_skill_total,2017,29.654
aut,sex_m,ocu_skill_total,2018,42.296
aut,sex_m,ocu_skill_total,2019,40.73
aut,sex_m,ocu_skill_total,2020,36.273
aut,sex_m,ocu_skill_total,2021,27.323
aut,sex_m,ocu_skill_total,2022,21.087
aut,sex_m,ocu_skill_total,2023,12.918
aut,sex_t,ocu_isco08_1,2018,8.5
aut,sex_t,ocu_isco08_1,2019,5.891
aut,sex_t,ocu_isco08_1,2023,3.964
aut,sex_t,ocu_isco08_2,2011,3.909
aut,sex_t,ocu_isco08_2,2012,10.64
aut,sex_t,ocu_isco08_2,2013,7.464
aut,sex_t,ocu_isco08_2,2015,5.57
aut,sex_t,ocu_isco08_2,2016,13.69
aut,sex_t,ocu_isco08_2,2017,12.849
aut,sex_t,ocu_isco08_2,2018,13.872
aut,sex_t,ocu_isco08_2,2019,20.078
aut,sex_t,ocu_isco08_2,2020,21.304
aut,sex_t,ocu_isco08_2,2021,13.148
aut,sex_t,ocu_isco08_2,2022,6.824
aut,sex_t,ocu_isco08_2,2023,10.994
aut,sex_t,ocu_isco08_3,2011,2.021
aut,sex_t,ocu_isco08_3,2012,6.682
aut,sex_t,ocu_isco08_3,2013,7.557
aut,sex_t,ocu_isco08_3,2014,2.768
aut,sex_t,ocu_isco08_3,2015,5.848
aut,sex_t,ocu_isco08_3,2016,11.455
aut,sex_t,ocu_isco08_3,2017,7.689
aut,sex_t,ocu_isco08_3,2018,17.055
aut,sex_t,ocu_isco08_3,2019,6.411
aut,sex_t,ocu_isco08_3,2020,9.966
aut,sex_t,ocu_isco08_3,2021,9.273
aut,sex_t,ocu_isco08_3,2022,5.125
aut,sex_t,ocu_isco08_4,2012,2.273
aut,sex_t,ocu_isco08_4,2013,4.697
aut,sex_t,ocu_isco08_4,2016,6.945
aut,sex_t,ocu_isco08_5,2011,13.063
aut,sex_t,ocu_isco08_5,2012,23.254
aut,sex_t,ocu_isco08_5,2013,28.625
aut,sex_t,ocu_isco08_5,2014,19.581
aut,sex_t,ocu_isco08_5,2015,17.917
aut,sex_t,ocu_isco08_5,2016,21.844
aut,sex_t,ocu_isco08_5,2017,22.541
aut,sex_t,ocu_isco08_5,2018,20.556
aut,sex_t,ocu_isco08_5,2019,25.561
aut,sex_t,ocu_isco08_5,2020,25.328
aut,sex_t,ocu_isco08_5,2021,21.094
aut,sex_t,ocu_isco08_5,2022,16.823
aut,sex_t,ocu_isco08_5,2023,12.193
aut,sex_t,ocu_isco08_6,2011,15.69
aut,sex_t,ocu_isco08_6,2012,11.806
aut,sex_t,ocu_isco08_6,2013,12.7
aut,sex_t,ocu_isco08_6,2014,12.665
aut,sex_t,ocu_isco08_6,2015,8.769
aut,sex_t,ocu_isco08_6,2016,15.027
aut,sex_t,ocu_isco08_6,2017,7.32
aut,sex_t,ocu_isco08_6,2018,9.495
aut,sex_t,ocu_isco08_6,2019,15.151
aut,sex_t,ocu_isco08_6,2020,9.579
aut,sex_t,ocu_isco08_6,2021,6.935
aut,sex_t,ocu_isco08_6,2022,5.472
aut,sex_t,ocu_isco08_7,2011,9.143
aut,sex_t,ocu_isco08_7,2012,12.464
aut,sex_t,ocu_isco08_7,2013,11.7
aut,sex_t,ocu_isco08_7,2014,5.818
aut,sex_t,ocu_isco08_7,2015,8.762
aut,sex_t,ocu_isco08_7,2016,3.785
aut,sex_t,ocu_isco08_7,2017,6.768
aut,sex_t,ocu_isco08_7,2018,4.828
aut,sex_t,ocu_isco08_7,2019,10.694
aut,sex_t,ocu_isco08_7,2020,7.279
aut,sex_t,ocu_isco08_7,2022,6.066
aut,sex_t,ocu_isco08_9,2011,5.341
aut,sex_t,ocu_isco08_9,2012,7.057
aut,sex_t,ocu_isco08_9,2013,2.496
aut,sex_t,ocu_isco08_9,2015,4.398
aut,sex_t,ocu_isco08_9,2018,3.976
aut,sex_t,ocu_isco08_9,2022,5.636
aut,sex_t,ocu_isco08_total,2011,51.878
aut,sex_t,ocu_isco08_total,2012,84.385
aut,sex_t,ocu_isco08_total,2013,78.696
aut,sex_t,ocu_isco08_total,2014,44.667
aut,sex_t,ocu_isco08_total,2015,56.232
aut,sex_t,ocu_isco08_total,2016,80.049
aut,sex_t,ocu_isco08_total,2017,63.754
aut,sex_t,ocu_isco08_total,2018,83.724
aut,sex_t,ocu_isco08_total,2019,90.102
aut,sex_t,ocu_isco08_total,2020,77.885
aut,sex_t,ocu_isco08_total,2021,60.95
aut,sex_t,ocu_isco08_total,2022,56.187
aut,sex_t,ocu_isco08_total,2023,38.79
aut,sex_t,ocu_isco08_x,2012,5.934
aut,sex_t,ocu_isco88_2,2009,2.898
aut,sex_t,ocu_isco88_2,2010,3.91
aut,sex_t,ocu_isco88_3,2008,2.768
aut,sex_t,ocu_isco88_3,2009,7.721
aut,sex_t,ocu_isco88_3,2010,6.872
aut,sex_t,ocu_isco88_4,2007,2.476
aut,sex_t,ocu_isco88_4,2008,5.834
aut,sex_t,ocu_isco88_4,2009,3.755
aut,sex_t,ocu_isco88_4,2010,4.091
aut,sex_t,ocu_isco88_5,2007,6.417
aut,sex_t,ocu_isco88_5,2008,8.992
aut,sex_t,ocu_isco88_5,2009,4.75
aut,sex_t,ocu_isco88_5,2010,8.481
aut,sex_t,ocu_isco88_6,2007,3.445
aut,sex_t,ocu_isco88_6,2008,11.303
aut,sex_t,ocu_isco88_6,2009,10.458
aut,sex_t,ocu_isco88_6,2010,10.505
aut,sex_t,ocu_isco88_7,2008,4.936
aut,sex_t,ocu_isco88_7,2010,3.666
aut,sex_t,ocu_isco88_9,2007,11.37
aut,sex_t,ocu_isco88_9,2008,9.661
aut,sex_t,ocu_isco88_9,2009,7.287
aut,sex_t,ocu_isco88_9,2010,7.158
aut,sex_t,ocu_isco88_total,2007,29.773
aut,sex_t,ocu_isco88_total,2008,50.437
aut,sex_t,ocu_isco88_total,2009,43.599
aut,sex_t,ocu_isco88_total,2010,48.52
aut,sex_t,ocu_skill_l1,2007,11.37
aut,sex_t,ocu_skill_l1,2008,9.661
aut,sex_t,ocu_skill_l1,2009,7.287
aut,sex_t,ocu_skill_l1,2010,7.158
aut,sex_t,ocu_skill_l1,2011,5.341
aut,sex_t,ocu_skill_l1,2012,7.057
aut,sex_t,ocu_skill_l1,2013,2.496
aut,sex_t,ocu_skill_l1,2015,4.398
aut,sex_t,ocu_skill_l1,2018,3.976
aut,sex_t,ocu_skill_l1,2022,5.636
aut,sex_t,ocu_skill_l2,2007,12.841
aut,sex_t,ocu_skill_l2,2008,31.904
aut,sex_t,ocu_skill_l2,2009,20.892
aut,sex_t,ocu_skill_l2,2010,28.232
aut,sex_t,ocu_skill_l2,2011,39.467
aut,sex_t,ocu_skill_l2,2012,50.764
aut,sex_t,ocu_skill_l2,2013,57.994
aut,sex_t,ocu_skill_l2,2014,39.682
aut,sex_t,ocu_skill_l2,2015,37.411
aut,sex_t,ocu_skill_l2,2016,49.516
aut,sex_t,ocu_skill_l2,2017,39.34
aut,sex_t,ocu_skill_l2,2018,40.32
aut,sex_t,ocu_skill_l2,2019,53.667
aut,sex_t,ocu_skill_l2,2020,43.833
aut,sex_t,ocu_skill_l2,2021,34.854
aut,sex_t,ocu_skill_l2,2022,31.013
aut,sex_t,ocu_skill_l2,2023,18.649
aut,sex_t,ocu_skill_l3_4,2007,4.907
aut,sex_t,ocu_skill_l3_4,2008,8.871
aut,sex_t,ocu_skill_l3_4,2009,14.345
aut,sex_t,ocu_skill_l3_4,2010,12.148
aut,sex_t,ocu_skill_l3_4,2011,6.85
aut,sex_t,ocu_skill_l3_4,2012,20.63
aut,sex_t,ocu_skill_l3_4,2013,16.906
aut,sex_t,ocu_skill_l3_4,2014,4.214
aut,sex_t,ocu_skill_l3_4,2015,11.849
aut,sex_t,ocu_skill_l3_4,2016,26.293
aut,sex_t,ocu_skill_l3_4,2017,23.146
aut,sex_t,ocu_skill_l3_4,2018,39.427
aut,sex_t,ocu_skill_l3_4,2019,32.381
aut,sex_t,ocu_skill_l3_4,2020,34.052
aut,sex_t,ocu_skill_l3_4,2021,23.112
aut,sex_t,ocu_skill_l3_4,2022,16.177
aut,sex_t,ocu_skill_l3_4,2023,18.487
aut,sex_t,ocu_skill_total,2007,29.773
aut,sex_t,ocu_skill_total,2008,50.437
aut,sex_t,ocu_skill_total,2009,43.599
aut,sex_t,ocu_skill_total,2010,48.52
aut,sex_t,ocu_skill_total,2011,51.878
aut,sex_t,ocu_skill_total,2012,84.385
aut,sex_t,ocu_skill_total,2013,78.696
aut,sex_t,ocu_skill_total,2014,44.667
aut,sex_t,ocu_skill_total,2015,56.232
aut,sex_t,ocu_skill_total,2016,80.049
aut,sex_t,ocu_skill_total,2017,63.754
aut,sex_t,ocu_skill_total,2018,83.724
aut,sex_t,ocu_skill_total,2019,90.102
aut,sex_t,ocu_skill_total,2020,77.885
aut,sex_t,ocu_skill_total,2021,60.95
aut,sex_t,ocu_skill_total,2022,56.187
aut,sex_t,ocu_skill_total,2023,38.79
aut,sex_t,ocu_skill_x,2012,5.934
bel,sex_f,ocu_isco08_1,2014,3.814
bel,sex_f,ocu_isco08_1,2017,2.131
bel,sex_f,ocu_isco08_1,2021,2.43
bel,sex_f,ocu_isco08_2,2011,7.47
bel,sex_f,ocu_isco08_2,2012,9.844
bel,sex_f,ocu_isco08_2,2013,9.707
bel,sex_f,ocu_isco08_2,2014,7.18
bel,sex_f,ocu_isco08_2,2015,5.532
bel,sex_f,ocu_isco08_2,2016,13.284
bel,sex_f,ocu_isco08_2,2017,10.847
bel,sex_f,ocu_isco08_2,2018,10.661
bel,sex_f,ocu_isco08_2,2019,6.548
bel,sex_f,ocu_isco08_2,2020,4.279
bel,sex_f,ocu_isco08_2,2022,5.189
bel,sex_f,ocu_isco08_3,2011,6.612
bel,sex_f,ocu_isco08_3,2013,9.42
bel,sex_f,ocu_isco08_3,2014,6.589
bel,sex_f,ocu_isco08_3,2015,4.29
bel,sex_f,ocu_isco08_3,2017,8.265
bel,sex_f,ocu_isco08_3,2018,5.043
bel,sex_f,ocu_isco08_4,2011,6.444
bel,sex_f,ocu_isco08_4,2012,6.627
bel,sex_f,ocu_isco08_4,2013,7.782
bel,sex_f,ocu_isco08_4,2014,9.271
bel,sex_f,ocu_isco08_4,2015,6.714
bel,sex_f,ocu_isco08_4,2016,6.761
bel,sex_f,ocu_isco08_4,2017,7.79
bel,sex_f,ocu_isco08_5,2011,26.36
bel,sex_f,ocu_isco08_5,2012,29.291
bel,sex_f,ocu_isco08_5,2013,31.335
bel,sex_f,ocu_isco08_5,2014,44.396
bel,sex_f,ocu_isco08_5,2015,23.022
bel,sex_f,ocu_isco08_5,2016,28.813
bel,sex_f,ocu_isco08_5,2017,28.267
bel,sex_f,ocu_isco08_5,2018,33.106
bel,sex_f,ocu_isco08_5,2019,28.985
bel,sex_f,ocu_isco08_5,2020,15.702
bel,sex_f,ocu_isco08_5,2021,15.238
bel,sex_f,ocu_isco08_5,2022,12.61
bel,sex_f,ocu_isco08_5,2023,11.753
bel,sex_f,ocu_isco08_6,2011,5.261
bel,sex_f,ocu_isco08_6,2014,3.494
bel,sex_f,ocu_isco08_6,2015,6.109
bel,sex_f,ocu_isco08_6,2016,8.11
bel,sex_f,ocu_isco08_7,2013,4.085
bel,sex_f,ocu_isco08_9,2011,5.185
bel,sex_f,ocu_isco08_9,2012,8.86
bel,sex_f,ocu_isco08_9,2013,10.994
bel,sex_f,ocu_isco08_9,2014,5.572
bel,sex_f,ocu_isco08_9,2015,10.749
bel,sex_f,ocu_isco08_9,2016,8.608
bel,sex_f,ocu_isco08_9,2017,8.872
bel,sex_f,ocu_isco08_9,2018,5.699
bel,sex_f,ocu_isco08_9,2019,4.965
bel,sex_f,ocu_isco08_total,2011,64.94
bel,sex_f,ocu_isco08_total,2012,61.999
bel,sex_f,ocu_isco08_total,2013,79.624
bel,sex_f,ocu_isco08_total,2014,82.455
bel,sex_f,ocu_isco08_total,2015,62.545
bel,sex_f,ocu_isco08_total,2016,69.034
bel,sex_f,ocu_isco08_total,2017,73.618
bel,sex_f,ocu_isco08_total,2018,64.668
bel,sex_f,ocu_isco08_total,2019,50.358
bel,sex_f,ocu_isco08_total,2020,34.091
bel,sex_f,ocu_isco08_total,2021,31.065
bel,sex_f,ocu_isco08_total,2022,31.356
bel,sex_f,ocu_isco08_total,2023,24.465
bel,sex_f,ocu_isco08_x,2011,4.49
bel,sex_f,ocu_isco88_1,2007,7.516
bel,sex_f,ocu_isco88_1,2009,8.234
bel,sex_f,ocu_isco88_2,2007,15.48
bel,sex_f,ocu_isco88_2,2008,7.743
bel,sex_f,ocu_isco88_2,2009,10.878
bel,sex_f,ocu_isco88_2,2010,12.511
bel,sex_f,ocu_isco88_3,2007,7.628
bel,sex_f,ocu_isco88_3,2008,8.527
bel,sex_f,ocu_isco88_3,2009,9.587
bel,sex_f,ocu_isco88_3,2010,9.781
bel,sex_f,ocu_isco88_4,2007,10.687
bel,sex_f,ocu_isco88_4,2008,8.295
bel,sex_f,ocu_isco88_4,2009,11.275
bel,sex_f,ocu_isco88_4,2010,15.294
bel,sex_f,ocu_isco88_5,2007,19.626
bel,sex_f,ocu_isco88_5,2008,11.787
bel,sex_f,ocu_isco88_5,2009,17.09
bel,sex_f,ocu_isco88_5,2010,18.921
bel,sex_f,ocu_isco88_6,2009,12.528
bel,sex_f,ocu_isco88_6,2010,5.118
bel,sex_f,ocu_isco88_7,2008,2.469
bel,sex_f,ocu_isco88_9,2007,13.213
bel,sex_f,ocu_isco88_9,2008,12.457
bel,sex_f,ocu_isco88_9,2009,5.799
bel,sex_f,ocu_isco88_9,2010,6.177
bel,sex_f,ocu_isco88_total,2007,75.846
bel,sex_f,ocu_isco88_total,2008,56.529
bel,sex_f,ocu_isco88_total,2009,81.451
bel,sex_f,ocu_isco88_total,2010,71.212
bel,sex_f,ocu_isco88_x,2009,5.58
bel,sex_f,ocu_skill_l1,2007,13.213
bel,sex_f,ocu_skill_l1,2008,12.457
bel,sex_f,ocu_skill_l1,2009,5.799
bel,sex_f,ocu_skill_l1,2010,6.177
bel,sex_f,ocu_skill_l1,2011,5.185
bel,sex_f,ocu_skill_l1,2012,8.86
bel,sex_f,ocu_skill_l1,2013,10.994
bel,sex_f,ocu_skill_l1,2014,5.572
bel,sex_f,ocu_skill_l1,2015,10.749
bel,sex_f,ocu_skill_l1,2016,8.608
bel,sex_f,ocu_skill_l1,2017,8.872
bel,sex_f,ocu_skill_l1,2018,5.699
bel,sex_f,ocu_skill_l1,2019,4.965
bel,sex_f,ocu_skill_l2,2007,32.009
bel,sex_f,ocu_skill_l2,2008,25.294
bel,sex_f,ocu_skill_l2,2009,41.374
bel,sex_f,ocu_skill_l2,2010,41.541
bel,sex_f,ocu_skill_l2,2011,39.614
bel,sex_f,ocu_skill_l2,2012,39.063
bel,sex_f,ocu_skill_l2,2013,46.411
bel,sex_f,ocu_skill_l2,2014,58.388
bel,sex_f,ocu_skill_l2,2015,38.181
bel,sex_f,ocu_skill_l2,2016,44.387
bel,sex_f,ocu_skill_l2,2017,43.503
bel,sex_f,ocu_skill_l2,2018,41.253
bel,sex_f,ocu_skill_l2,2019,35.428
bel,sex_f,ocu_skill_l2,2020,20.79
bel,sex_f,ocu_skill_l2,2021,21.568
bel,sex_f,ocu_skill_l2,2022,17.192
bel,sex_f,ocu_skill_l2,2023,18.355
bel,sex_f,ocu_skill_l3_4,2007,30.624
bel,sex_f,ocu_skill_l3_4,2008,18.779
bel,sex_f,ocu_skill_l3_4,2009,28.699
bel,sex_f,ocu_skill_l3_4,2010,23.494
bel,sex_f,ocu_skill_l3_4,2011,15.65
bel,sex_f,ocu_skill_l3_4,2012,14.076
bel,sex_f,ocu_skill_l3_4,2013,22.22
bel,sex_f,ocu_skill_l3_4,2014,17.583
bel,sex_f,ocu_skill_l3_4,2015,13.191
bel,sex_f,ocu_skill_l3_4,2016,14.744
bel,sex_f,ocu_skill_l3_4,2017,21.243
bel,sex_f,ocu_skill_l3_4,2018,17.716
bel,sex_f,ocu_skill_l3_4,2019,7.749
bel,sex_f,ocu_skill_l3_4,2020,7.239
bel,sex_f,ocu_skill_l3_4,2021,6.688
bel,sex_f,ocu_skill_l3_4,2022,9.133
bel,sex_f,ocu_skill_total,2007,75.846
bel,sex_f,ocu_skill_total,2008,56.529
bel,sex_f,ocu_skill_total,2009,81.451
bel,sex_f,ocu_skill_total,2010,71.212
bel,sex_f,ocu_skill_total,2011,64.94
bel,sex_f,ocu_skill_total,2012,61.999
bel,sex_f,ocu_skill_total,2013,79.624
bel,sex_f,ocu_skill_total,2014,82.455
bel,sex_f,ocu_skill_total,2015,62.545
bel,sex_f,ocu_skill_total,2016,69.034
bel,sex_f,ocu_skill_total,2017,73.618
bel,sex_f,ocu_skill_total,2018,64.668
bel,sex_f,ocu_skill_total,2019,50.358
bel,sex_f,ocu_skill_total,2020,34.091
bel,sex_f,ocu_skill_total,2021,31.065
bel,sex_f,ocu_skill_total,2022,31.356
bel,sex_f,ocu_skill_total,2023,24.465
bel,sex_f,ocu_skill_x,2009,5.58
bel,sex_f,ocu_skill_x,2011,4.49
bel,sex_m,ocu_isco08_1,2011,4.971
bel,sex_m,ocu_isco08_1,2015,8.079
bel,sex_m,ocu_isco08_1,2016,3.889
bel,sex_m,ocu_isco08_1,2017,3.1
bel,sex_m,ocu_isco08_1,2021,2.655
bel,sex_m,ocu_isco08_2,2011,5.778
bel,sex_m,ocu_isco08_2,2012,6.588
bel,sex_m,ocu_isco08_2,2013,2.532
bel,sex_m,ocu_isco08_2,2014,5.149
bel,sex_m,ocu_isco08_2,2016,8.43
bel,sex_m,ocu_isco08_2,2017,4.73
bel,sex_m,ocu_isco08_2,2018,6.769
bel,sex_m,ocu_isco08_2,2019,5.714
bel,sex_m,ocu_isco08_2,2021,8.612
bel,sex_m,ocu_isco08_2,2023,3.61
bel,sex_m,ocu_isco08_3,2012,3.109
bel,sex_m,ocu_isco08_3,2015,7.808
bel,sex_m,ocu_isco08_3,2016,2.146
bel,sex_m,ocu_isco08_3,2018,7.902
bel,sex_m,ocu_isco08_4,2011,5.423
bel,sex_m,ocu_isco08_4,2017,4.502
bel,sex_m,ocu_isco08_4,2018,5.696
bel,sex_m,ocu_isco08_5,2011,8.602
bel,sex_m,ocu_isco08_5,2012,7.522
bel,sex_m,ocu_isco08_5,2013,10.05
bel,sex_m,ocu_isco08_5,2014,8.306
bel,sex_m,ocu_isco08_5,2015,7.91
bel,sex_m,ocu_isco08_5,2016,11.546
bel,sex_m,ocu_isco08_5,2017,7.81
bel,sex_m,ocu_isco08_5,2018,10.155
bel,sex_m,ocu_isco08_5,2019,5.166
bel,sex_m,ocu_isco08_5,2020,4.855
bel,sex_m,ocu_isco08_5,2021,9.996
bel,sex_m,ocu_isco08_5,2022,11.447
bel,sex_m,ocu_isco08_5,2023,5.273
bel,sex_m,ocu_isco08_6,2013,6.85
bel,sex_m,ocu_isco08_6,2017,4.696
bel,sex_m,ocu_isco08_7,2011,7.9
bel,sex_m,ocu_isco08_7,2012,5.649
bel,sex_m,ocu_isco08_7,2013,5.714
bel,sex_m,ocu_isco08_7,2014,11.304
bel,sex_m,ocu_isco08_7,2015,5.846
bel,sex_m,ocu_isco08_7,2016,8.057
bel,sex_m,ocu_isco08_7,2017,9.491
bel,sex_m,ocu_isco08_7,2018,8.021
bel,sex_m,ocu_isco08_7,2021,4.298
bel,sex_m,ocu_isco08_7,2023,4.926
bel,sex_m,ocu_isco08_8,2014,3.101
bel,sex_m,ocu_isco08_8,2015,4.515
bel,sex_m,ocu_isco08_8,2017,4.69
bel,sex_m,ocu_isco08_8,2018,6.23
bel,sex_m,ocu_isco08_8,2020,3.062
bel,sex_m,ocu_isco08_9,2011,6.348
bel,sex_m,ocu_isco08_9,2012,6.004
bel,sex_m,ocu_isco08_9,2013,8.981
bel,sex_m,ocu_isco08_9,2014,8.729
bel,sex_m,ocu_isco08_9,2017,10.613
bel,sex_m,ocu_isco08_9,2018,6.31
bel,sex_m,ocu_isco08_9,2020,3.349
bel,sex_m,ocu_isco08_total,2011,52.79
bel,sex_m,ocu_isco08_total,2012,39.958
bel,sex_m,ocu_isco08_total,2013,41.867
bel,sex_m,ocu_isco08_total,2014,44.104
bel,sex_m,ocu_isco08_total,2015,44.213
bel,sex_m,ocu_isco08_total,2016,41.952
bel,sex_m,ocu_isco08_total,2017,52.214
bel,sex_m,ocu_isco08_total,2018,53.856
bel,sex_m,ocu_isco08_total,2019,28.581
bel,sex_m,ocu_isco08_total,2020,24.654
bel,sex_m,ocu_isco08_total,2021,37.684
bel,sex_m,ocu_isco08_total,2022,28.503
bel,sex_m,ocu_isco08_total,2023,26.187
bel,sex_m,ocu_isco08_x,2011,8.128
bel,sex_m,ocu_isco08_x,2022,4.108
bel,sex_m,ocu_isco88_1,2007,7.777
bel,sex_m,ocu_isco88_1,2008,6.837
bel,sex_m,ocu_isco88_1,2009,7.212
bel,sex_m,ocu_isco88_1,2010,5.927
bel,sex_m,ocu_isco88_2,2007,3.973
bel,sex_m,ocu_isco88_2,2008,8.531
bel,sex_m,ocu_isco88_2,2009,12.735
bel,sex_m,ocu_isco88_2,2010,10.149
bel,sex_m,ocu_isco88_3,2007,4.454
bel,sex_m,ocu_isco88_3,2008,3.967
bel,sex_m,ocu_isco88_3,2009,9.636
bel,sex_m,ocu_isco88_3,2010,11.789
bel,sex_m,ocu_isco88_4,2007,6.729
bel,sex_m,ocu_isco88_4,2010,4.507
bel,sex_m,ocu_isco88_5,2007,6.77
bel,sex_m,ocu_isco88_5,2008,3.338
bel,sex_m,ocu_isco88_5,2009,4.348
bel,sex_m,ocu_isco88_5,2010,3.879
bel,sex_m,ocu_isco88_7,2007,13.837
bel,sex_m,ocu_isco88_7,2008,3.598
bel,sex_m,ocu_isco88_7,2009,2.817
bel,sex_m,ocu_isco88_7,2010,6.499
bel,sex_m,ocu_isco88_8,2007,3.752
bel,sex_m,ocu_isco88_9,2007,11.107
bel,sex_m,ocu_isco88_9,2008,6.532
bel,sex_m,ocu_isco88_9,2009,8.025
bel,sex_m,ocu_isco88_9,2010,5.823
bel,sex_m,ocu_isco88_total,2007,61.507
bel,sex_m,ocu_isco88_total,2008,41.703
bel,sex_m,ocu_isco88_total,2009,54.15
bel,sex_m,ocu_isco88_total,2010,52.153
bel,sex_m,ocu_skill_l1,2007,11.107
bel,sex_m,ocu_skill_l1,2008,6.532
bel,sex_m,ocu_skill_l1,2009,8.025
bel,sex_m,ocu_skill_l1,2010,5.823
bel,sex_m,ocu_skill_l1,2011,6.348
bel,sex_m,ocu_skill_l1,2012,6.004
bel,sex_m,ocu_skill_l1,2013,8.981
bel,sex_m,ocu_skill_l1,2014,8.729
bel,sex_m,ocu_skill_l1,2017,10.613
bel,sex_m,ocu_skill_l1,2018,6.31
bel,sex_m,ocu_skill_l1,2020,3.349
bel,sex_m,ocu_skill_l2,2007,33.125
bel,sex_m,ocu_skill_l2,2008,13.45
bel,sex_m,ocu_skill_l2,2009,15.555
bel,sex_m,ocu_skill_l2,2010,18.464
bel,sex_m,ocu_skill_l2,2011,25.018
bel,sex_m,ocu_skill_l2,2012,19.923
bel,sex_m,ocu_skill_l2,2013,25.411
bel,sex_m,ocu_skill_l2,2014,27.203
bel,sex_m,ocu_skill_l2,2015,20.785
bel,sex_m,ocu_skill_l2,2016,26.003
bel,sex_m,ocu_skill_l2,2017,31.189
bel,sex_m,ocu_skill_l2,2018,31.173
bel,sex_m,ocu_skill_l2,2019,16.098
bel,sex_m,ocu_skill_l2,2020,11.825
bel,sex_m,ocu_skill_l2,2021,18.994
bel,sex_m,ocu_skill_l2,2022,20.693
bel,sex_m,ocu_skill_l2,2023,15.134
bel,sex_m,ocu_skill_l3_4,2007,16.204
bel,sex_m,ocu_skill_l3_4,2008,19.335
bel,sex_m,ocu_skill_l3_4,2009,29.582
bel,sex_m,ocu_skill_l3_4,2010,27.866
bel,sex_m,ocu_skill_l3_4,2011,13.296
bel,sex_m,ocu_skill_l3_4,2012,11.793
bel,sex_m,ocu_skill_l3_4,2013,6.404
bel,sex_m,ocu_skill_l3_4,2014,8.172
bel,sex_m,ocu_skill_l3_4,2015,18.829
bel,sex_m,ocu_skill_l3_4,2016,14.466
bel,sex_m,ocu_skill_l3_4,2017,10.412
bel,sex_m,ocu_skill_l3_4,2018,16.373
bel,sex_m,ocu_skill_l3_4,2019,10.363
bel,sex_m,ocu_skill_l3_4,2020,4.584
bel,sex_m,ocu_skill_l3_4,2021,13.393
bel,sex_m,ocu_skill_l3_4,2022,3.702
bel,sex_m,ocu_skill_l3_4,2023,8.205
bel,sex_m,ocu_skill_total,2007,61.507
bel,sex_m,ocu_skill_total,2008,41.703
bel,sex_m,ocu_skill_total,2009,54.15
bel,sex_m,ocu_skill_total,2010,52.153
bel,sex_m,ocu_skill_total,2011,52.79
bel,sex_m,ocu_skill_total,2012,39.958
bel,sex_m,ocu_skill_total,2013,41.867
bel,sex_m,ocu_skill_total,2014,44.104
bel,sex_m,ocu_skill_total,2015,44.213
bel,sex_m,ocu_skill_total,2016,41.952
bel,sex_m,ocu_skill_total,2017,52.214
bel,sex_m,ocu_skill_total,2018,53.856
bel,sex_m,ocu_skill_total,2019,28.581
bel,sex_m,ocu_skill_total,2020,24.654
bel,sex_m,ocu_skill_total,2021,37.684
bel,sex_m,ocu_skill_total,2022,28.503
bel,sex_m,ocu_skill_total,2023,26.187
bel,sex_m,ocu_skill_x,2011,8.128
bel,sex_m,ocu_skill_x,2022,4.108
bel,sex_t,ocu_isco08_1,2011,6.538
bel,sex_t,ocu_isco08_1,2013,5.877
bel,sex_t,ocu_isco08_1,2014,5.57
bel,sex_t,ocu_isco08_1,2015,11.449
bel,sex_t,ocu_isco08_1,2016,3.889
bel,sex_t,ocu_isco08_1,2017,5.231
bel,sex_t,ocu_isco08_1,2018,3.714
bel,sex_t,ocu_isco08_1,2021,5.085
bel,sex_t,ocu_isco08_2,2011,13.248
bel,sex_t,ocu_isco08_2,2012,16.433
bel,sex_t,ocu_isco08_2,2013,12.239
bel,sex_t,ocu_isco08_2,2014,12.329
bel,sex_t,ocu_isco08_2,2015,8.474
bel,sex_t,ocu_isco08_2,2016,21.714
bel,sex_t,ocu_isco08_2,2017,15.577
bel,sex_t,ocu_isco08_2,2018,17.43
bel,sex_t,ocu_isco08_2,2019,12.261
bel,sex_t,ocu_isco08_2,2020,7.96
bel,sex_t,ocu_isco08_2,2021,11.487
bel,sex_t,ocu_isco08_2,2022,6.6
bel,sex_t,ocu_isco08_2,2023,7.801
bel,sex_t,ocu_isco08_3,2011,9.159
bel,sex_t,ocu_isco08_3,2012,6.522
bel,sex_t,ocu_isco08_3,2013,10.507
bel,sex_t,ocu_isco08_3,2014,7.855
bel,sex_t,ocu_isco08_3,2015,12.098
bel,sex_t,ocu_isco08_3,2016,3.606
bel,sex_t,ocu_isco08_3,2017,10.847
bel,sex_t,ocu_isco08_3,2018,12.945
bel,sex_t,ocu_isco08_3,2022,3.425
bel,sex_t,ocu_isco08_4,2011,11.866
bel,sex_t,ocu_isco08_4,2012,9.126
bel,sex_t,ocu_isco08_4,2013,9.494
bel,sex_t,ocu_isco08_4,2014,11.707
bel,sex_t,ocu_isco08_4,2015,7.797
bel,sex_t,ocu_isco08_4,2016,9.352
bel,sex_t,ocu_isco08_4,2017,12.292
bel,sex_t,ocu_isco08_4,2018,9.118
bel,sex_t,ocu_isco08_4,2019,4.99
bel,sex_t,ocu_isco08_4,2020,3.251
bel,sex_t,ocu_isco08_4,2021,3.623
bel,sex_t,ocu_isco08_4,2022,4.57
bel,sex_t,ocu_isco08_5,2011,34.962
bel,sex_t,ocu_isco08_5,2012,36.813
bel,sex_t,ocu_isco08_5,2013,41.385
bel,sex_t,ocu_isco08_5,2014,52.702
bel,sex_t,ocu_isco08_5,2015,30.932
bel,sex_t,ocu_isco08_5,2016,40.359
bel,sex_t,ocu_isco08_5,2017,36.077
bel,sex_t,ocu_isco08_5,2018,43.261
bel,sex_t,ocu_isco08_5,2019,34.151
bel,sex_t,ocu_isco08_5,2020,20.557
bel,sex_t,ocu_isco08_5,2021,25.233
bel,sex_t,ocu_isco08_5,2022,24.057
bel,sex_t,ocu_isco08_5,2023,17.026
bel,sex_t,ocu_isco08_6,2011,5.9
bel,sex_t,ocu_isco08_6,2012,4.44
bel,sex_t,ocu_isco08_6,2013,10.058
bel,sex_t,ocu_isco08_6,2014,5.551
bel,sex_t,ocu_isco08_6,2015,7.538
bel,sex_t,ocu_isco08_6,2016,9.062
bel,sex_t,ocu_isco08_6,2017,8.651
bel,sex_t,ocu_isco08_6,2019,6.756
bel,sex_t,ocu_isco08_6,2021,6.328
bel,sex_t,ocu_isco08_7,2011,8.258
bel,sex_t,ocu_isco08_7,2012,6.177
bel,sex_t,ocu_isco08_7,2013,9.8
bel,sex_t,ocu_isco08_7,2014,12.532
bel,sex_t,ocu_isco08_7,2015,8.184
bel,sex_t,ocu_isco08_7,2016,8.759
bel,sex_t,ocu_isco08_7,2017,11.258
bel,sex_t,ocu_isco08_7,2018,10.169
bel,sex_t,ocu_isco08_7,2019,3.452
bel,sex_t,ocu_isco08_7,2020,3.613
bel,sex_t,ocu_isco08_7,2021,4.873
bel,sex_t,ocu_isco08_7,2022,4.045
bel,sex_t,ocu_isco08_7,2023,6.422
bel,sex_t,ocu_isco08_8,2011,3.646
bel,sex_t,ocu_isco08_8,2014,3.101
bel,sex_t,ocu_isco08_8,2015,4.515
bel,sex_t,ocu_isco08_8,2017,6.412
bel,sex_t,ocu_isco08_8,2018,6.23
bel,sex_t,ocu_isco08_8,2020,3.062
bel,sex_t,ocu_isco08_9,2011,11.534
bel,sex_t,ocu_isco08_9,2012,14.864
bel,sex_t,ocu_isco08_9,2013,19.974
bel,sex_t,ocu_isco08_9,2014,14.301
bel,sex_t,ocu_isco08_9,2015,13.921
bel,sex_t,ocu_isco08_9,2016,10.091
bel,sex_t,ocu_isco08_9,2017,19.486
bel,sex_t,ocu_isco08_9,2018,12.009
bel,sex_t,ocu_isco08_9,2019,5.606
bel,sex_t,ocu_isco08_9,2020,5.606
bel,sex_t,ocu_isco08_9,2021,5.349
bel,sex_t,ocu_isco08_total,2011,117.729
bel,sex_t,ocu_isco08_total,2012,101.957
bel,sex_t,ocu_isco08_total,2013,121.491
bel,sex_t,ocu_isco08_total,2014,126.559
bel,sex_t,ocu_isco08_total,2015,106.758
bel,sex_t,ocu_isco08_total,2016,110.987
bel,sex_t,ocu_isco08_total,2017,125.832
bel,sex_t,ocu_isco08_total,2018,118.525
bel,sex_t,ocu_isco08_total,2019,78.939
bel,sex_t,ocu_isco08_total,2020,58.745
bel,sex_t,ocu_isco08_total,2021,68.748
bel,sex_t,ocu_isco08_total,2022,59.859
bel,sex_t,ocu_isco08_total,2023,50.652
bel,sex_t,ocu_isco08_x,2011,12.618
bel,sex_t,ocu_isco08_x,2020,8.701
bel,sex_t,ocu_isco08_x,2022,5.378
bel,sex_t,ocu_isco08_x,2023,3.526
bel,sex_t,ocu_isco88_1,2007,15.293
bel,sex_t,ocu_isco88_1,2008,9.346
bel,sex_t,ocu_isco88_1,2009,15.446
bel,sex_t,ocu_isco88_1,2010,7.129
bel,sex_t,ocu_isco88_2,2007,19.453
bel,sex_t,ocu_isco88_2,2008,16.275
bel,sex_t,ocu_isco88_2,2009,23.613
bel,sex_t,ocu_isco88_2,2010,22.661
bel,sex_t,ocu_isco88_3,2007,12.082
bel,sex_t,ocu_isco88_3,2008,12.494
bel,sex_t,ocu_isco88_3,2009,19.222
bel,sex_t,ocu_isco88_3,2010,21.57
bel,sex_t,ocu_isco88_4,2007,17.416
bel,sex_t,ocu_isco88_4,2008,10.313
bel,sex_t,ocu_isco88_4,2009,13.946
bel,sex_t,ocu_isco88_4,2010,19.801
bel,sex_t,ocu_isco88_5,2007,26.397
bel,sex_t,ocu_isco88_5,2008,15.126
bel,sex_t,ocu_isco88_5,2009,21.438
bel,sex_t,ocu_isco88_5,2010,22.8
bel,sex_t,ocu_isco88_6,2008,4.011
bel,sex_t,ocu_isco88_6,2009,15.107
bel,sex_t,ocu_isco88_6,2010,6.358
bel,sex_t,ocu_isco88_7,2007,14.648
bel,sex_t,ocu_isco88_7,2008,6.066
bel,sex_t,ocu_isco88_7,2009,3.298
bel,sex_t,ocu_isco88_7,2010,7.018
bel,sex_t,ocu_isco88_8,2007,4.636
bel,sex_t,ocu_isco88_9,2007,24.32
bel,sex_t,ocu_isco88_9,2008,18.99
bel,sex_t,ocu_isco88_9,2009,13.825
bel,sex_t,ocu_isco88_9,2010,12
bel,sex_t,ocu_isco88_total,2007,137.353
bel,sex_t,ocu_isco88_total,2008,98.232
bel,sex_t,ocu_isco88_total,2009,135.601
bel,sex_t,ocu_isco88_total,2010,123.365
bel,sex_t,ocu_isco88_x,2009,6.567
bel,sex_t,ocu_skill_l1,2007,24.32
bel,sex_t,ocu_skill_l1,2008,18.99
bel,sex_t,ocu_skill_l1,2009,13.825
bel,sex_t,ocu_skill_l1,2010,12
bel,sex_t,ocu_skill_l1,2011,11.534
bel,sex_t,ocu_skill_l1,2012,14.864
bel,sex_t,ocu_skill_l1,2013,19.974
bel,sex_t,ocu_skill_l1,2014,14.301
bel,sex_t,ocu_skill_l1,2015,13.921
bel,sex_t,ocu_skill_l1,2016,10.091
bel,sex_t,ocu_skill_l1,2017,19.486
bel,sex_t,ocu_skill_l1,2018,12.009
bel,sex_t,ocu_skill_l1,2019,5.606
bel,sex_t,ocu_skill_l1,2020,5.606
bel,sex_t,ocu_skill_l1,2021,5.349
bel,sex_t,ocu_skill_l2,2007,65.134
bel,sex_t,ocu_skill_l2,2008,38.744
bel,sex_t,ocu_skill_l2,2009,56.928
bel,sex_t,ocu_skill_l2,2010,60.004
bel,sex_t,ocu_skill_l2,2011,64.632
bel,sex_t,ocu_skill_l2,2012,58.986
bel,sex_t,ocu_skill_l2,2013,71.821
bel,sex_t,ocu_skill_l2,2014,85.592
bel,sex_t,ocu_skill_l2,2015,58.966
bel,sex_t,ocu_skill_l2,2016,70.39
bel,sex_t,ocu_skill_l2,2017,74.691
bel,sex_t,ocu_skill_l2,2018,72.427
bel,sex_t,ocu_skill_l2,2019,51.526
bel,sex_t,ocu_skill_l2,2020,32.615
bel,sex_t,ocu_skill_l2,2021,40.563
bel,sex_t,ocu_skill_l2,2022,37.886
bel,sex_t,ocu_skill_l2,2023,33.489
bel,sex_t,ocu_skill_l3_4,2007,46.828
bel,sex_t,ocu_skill_l3_4,2008,38.114
bel,sex_t,ocu_skill_l3_4,2009,58.281
bel,sex_t,ocu_skill_l3_4,2010,51.36
bel,sex_t,ocu_skill_l3_4,2011,28.946
bel,sex_t,ocu_skill_l3_4,2012,25.869
bel,sex_t,ocu_skill_l3_4,2013,28.624
bel,sex_t,ocu_skill_l3_4,2014,25.754
bel,sex_t,ocu_skill_l3_4,2015,32.021
bel,sex_t,ocu_skill_l3_4,2016,29.209
bel,sex_t,ocu_skill_l3_4,2017,31.655
bel,sex_t,ocu_skill_l3_4,2018,34.089
bel,sex_t,ocu_skill_l3_4,2019,18.111
bel,sex_t,ocu_skill_l3_4,2020,11.823
bel,sex_t,ocu_skill_l3_4,2021,20.082
bel,sex_t,ocu_skill_l3_4,2022,12.835
bel,sex_t,ocu_skill_l3_4,2023,12.396
bel,sex_t,ocu_skill_total,2007,137.353
bel,sex_t,ocu_skill_total,2008,98.232
bel,sex_t,ocu_skill_total,2009,135.601
bel,sex_t,ocu_skill_total,2010,123.365
bel,sex_t,ocu_skill_total,2011,117.729
bel,sex_t,ocu_skill_total,2012,101.957
bel,sex_t,ocu_skill_total,2013,121.491
bel,sex_t,ocu_skill_total,2014,126.559
bel,sex_t,ocu_skill_total,2015,106.758
bel,sex_t,ocu_skill_total,2016,110.987
bel,sex_t,ocu_skill_total,2017,125.832
bel,sex_t,ocu_skill_total,2018,118.525
bel,sex_t,ocu_skill_total,2019,78.939
bel,sex_t,ocu_skill_total,2020,58.745
bel,sex_t,ocu_skill_total,2021,68.748
bel,sex_t,ocu_skill_total,2022,59.859
bel,sex_t,ocu_skill_total,2023,50.652
bel,sex_t,ocu_skill_x,2009,6.567
bel,sex_t,ocu_skill_x,2011,12.618
bel,sex_t,ocu_skill_x,2020,8.701
bel,sex_t,ocu_skill_x,2022,5.378
bel,sex_t,ocu_skill_x,2023,3.526
ben,sex_f,ocu_isco08_1,2022,19.893
ben,sex_f,ocu_isco08_2,2022,17.876
ben,sex_f,ocu_isco08_3,2022,15.156
ben,sex_f,ocu_isco08_4,2022,13.069
ben,sex_f,ocu_isco08_5,2022,1227.858
ben,sex_f,ocu_isco08_6,2022,1040.818
ben,sex_f,ocu_isco08_7,2022,309.459
ben,sex_f,ocu_isco08_9,2022,139.948
ben,sex_f,ocu_isco08_total,2022,2785.11
ben,sex_f,ocu_skill_l1,2022,139.948
ben,sex_f,ocu_skill_l2,2022,2591.662
ben,sex_f,ocu_skill_l3_4,2022,52.926
ben,sex_f,ocu_skill_total,2022,2785.11
ben,sex_m,ocu_isco08_0,2022,2.832
ben,sex_m,ocu_isco08_1,2022,6.321
ben,sex_m,ocu_isco08_2,2022,63.287
ben,sex_m,ocu_isco08_3,2022,48.065
ben,sex_m,ocu_isco08_4,2022,12.512
ben,sex_m,ocu_isco08_5,2022,306.207
ben,sex_m,ocu_isco08_6,2022,1278.718
ben,sex_m,ocu_isco08_7,2022,478.833
ben,sex_m,ocu_isco08_8,2022,189.583
ben,sex_m,ocu_isco08_9,2022,73.564
ben,sex_m,ocu_isco08_total,2022,2460.998
ben,sex_m,ocu_skill_l1,2022,73.564
ben,sex_m,ocu_skill_l2,2022,2265.854
ben,sex_m,ocu_skill_l3_4,2022,117.673
ben,sex_m,ocu_skill_total,2022,2460.998
ben,sex_m,ocu_skill_x,2022,3.907
ben,sex_t,ocu_isco08_0,2022,2.832
ben,sex_t,ocu_isco08_1,2022,26.214
ben,sex_t,ocu_isco08_2,2022,81.163
ben,sex_t,ocu_isco08_3,2022,63.221
ben,sex_t,ocu_isco08_4,2022,25.581
ben,sex_t,ocu_isco08_5,2022,1534.065
ben,sex_t,ocu_isco08_6,2022,2319.536
ben,sex_t,ocu_isco08_7,2022,788.292
ben,sex_t,ocu_isco08_8,2022,190.041
ben,sex_t,ocu_isco08_9,2022,213.513
ben,sex_t,ocu_isco08_total,2022,5246.107
ben,sex_t,ocu_isco08_x,2022,1.649
ben,sex_t,ocu_skill_l1,2022,213.513
ben,sex_t,ocu_skill_l2,2022,4857.515
ben,sex_t,ocu_skill_l3_4,2022,170.598
ben,sex_t,ocu_skill_total,2022,5246.107
ben,sex_t,ocu_skill_x,2022,4.481
bfa,sex_f,ocu_isco08_1,2018,72.667
bfa,sex_f,ocu_isco08_1,2022,11.064
bfa,sex_f,ocu_isco08_1,2023,55.532
bfa,sex_f,ocu_isco08_1,2024,114.215
bfa,sex_f,ocu_isco08_2,2018,54.782
bfa,sex_f,ocu_isco08_2,2022,19.852
bfa,sex_f,ocu_isco08_2,2023,57.244
bfa,sex_f,ocu_isco08_2,2024,108.811
bfa,sex_f,ocu_isco08_3,2018,81.933
bfa,sex_f,ocu_isco08_3,2022,15.623
bfa,sex_f,ocu_isco08_3,2023,86.224
bfa,sex_f,ocu_isco08_3,2024,113.652
bfa,sex_f,ocu_isco08_4,2018,14.435
bfa,sex_f,ocu_isco08_4,2022,10.736
bfa,sex_f,ocu_isco08_4,2023,19.233
bfa,sex_f,ocu_isco08_4,2024,17.269
bfa,sex_f,ocu_isco08_5,2018,820.358
bfa,sex_f,ocu_isco08_5,2022,833.229
bfa,sex_f,ocu_isco08_5,2023,1015.109
bfa,sex_f,ocu_isco08_5,2024,779.208
bfa,sex_f,ocu_isco08_6,2018,358.979
bfa,sex_f,ocu_isco08_6,2022,1576.727
bfa,sex_f,ocu_isco08_6,2023,602.59
bfa,sex_f,ocu_isco08_6,2024,2127.304
bfa,sex_f,ocu_isco08_7,2018,270.787
bfa,sex_f,ocu_isco08_7,2022,174.459
bfa,sex_f,ocu_isco08_7,2023,347.28
bfa,sex_f,ocu_isco08_7,2024,288.411
bfa,sex_f,ocu_isco08_8,2018,44.965
bfa,sex_f,ocu_isco08_8,2023,44.638
bfa,sex_f,ocu_isco08_8,2024,9.842
bfa,sex_f,ocu_isco08_9,2018,183.801
bfa,sex_f,ocu_isco08_9,2022,170.349
bfa,sex_f,ocu_isco08_9,2023,223.001
bfa,sex_f,ocu_isco08_9,2024,177.775
bfa,sex_f,ocu_isco08_total,2018,1917.95
bfa,sex_f,ocu_isco08_total,2022,3989.98
bfa,sex_f,ocu_isco08_total,2023,2502.791
bfa,sex_f,ocu_isco08_total,2024,3736.488
bfa,sex_f,ocu_isco08_x,2018,14.218
bfa,sex_f,ocu_isco08_x,2022,1176.277
bfa,sex_f,ocu_isco08_x,2023,51.233
bfa,sex_f,ocu_skill_l1,2018,183.801
bfa,sex_f,ocu_skill_l1,2022,170.349
bfa,sex_f,ocu_skill_l1,2023,223.001
bfa,sex_f,ocu_skill_l1,2024,177.775
bfa,sex_f,ocu_skill_l2,2018,1509.524
bfa,sex_f,ocu_skill_l2,2022,2596.485
bfa,sex_f,ocu_skill_l2,2023,2028.85
bfa,sex_f,ocu_skill_l2,2024,3222.035
bfa,sex_f,ocu_skill_l3_4,2018,209.382
bfa,sex_f,ocu_skill_l3_4,2022,46.539
bfa,sex_f,ocu_skill_l3_4,2023,199
bfa,sex_f,ocu_skill_l3_4,2024,336.679
bfa,sex_f,ocu_skill_total,2018,1917.95
bfa,sex_f,ocu_skill_total,2022,3989.98
bfa,sex_f,ocu_skill_total,2023,2502.791
bfa,sex_f,ocu_skill_total,2024,3736.488
bfa,sex_f,ocu_skill_x,2018,15.243
bfa,sex_f,ocu_skill_x,2022,1176.606
bfa,sex_f,ocu_skill_x,2023,51.94
bfa,sex_m,ocu_isco08_0,2018,7.677
bfa,sex_m,ocu_isco08_0,2022,5.744
bfa,sex_m,ocu_isco08_0,2023,4.829
bfa,sex_m,ocu_isco08_1,2018,42.855
bfa,sex_m,ocu_isco08_1,2022,7.659
bfa,sex_m,ocu_isco08_1,2023,20.146
bfa,sex_m,ocu_isco08_1,2024,84.879
bfa,sex_m,ocu_isco08_2,2018,118.958
bfa,sex_m,ocu_isco08_2,2022,24.854
bfa,sex_m,ocu_isco08_2,2023,103.134
bfa,sex_m,ocu_isco08_2,2024,166.651
bfa,sex_m,ocu_isco08_3,2018,96.625
bfa,sex_m,ocu_isco08_3,2022,14.33
bfa,sex_m,ocu_isco08_3,2023,150.223
bfa,sex_m,ocu_isco08_3,2024,158.393
bfa,sex_m,ocu_isco08_4,2018,28.707
bfa,sex_m,ocu_isco08_4,2022,16.008
bfa,sex_m,ocu_isco08_4,2023,39.605
bfa,sex_m,ocu_isco08_4,2024,15.035
bfa,sex_m,ocu_isco08_5,2018,500.676
bfa,sex_m,ocu_isco08_5,2022,635.335
bfa,sex_m,ocu_isco08_5,2023,470.831
bfa,sex_m,ocu_isco08_5,2024,357.204
bfa,sex_m,ocu_isco08_6,2018,617.261
bfa,sex_m,ocu_isco08_6,2022,1733.651
bfa,sex_m,ocu_isco08_6,2023,804.666
bfa,sex_m,ocu_isco08_6,2024,2109.583
bfa,sex_m,ocu_isco08_7,2018,393.751
bfa,sex_m,ocu_isco08_7,2022,322.861
bfa,sex_m,ocu_isco08_7,2023,419.731
bfa,sex_m,ocu_isco08_7,2024,358.263
bfa,sex_m,ocu_isco08_8,2018,157.479
bfa,sex_m,ocu_isco08_8,2022,59.715
bfa,sex_m,ocu_isco08_8,2023,155.428
bfa,sex_m,ocu_isco08_8,2024,90.329
bfa,sex_m,ocu_isco08_9,2018,228.102
bfa,sex_m,ocu_isco08_9,2022,343.115
bfa,sex_m,ocu_isco08_9,2023,316.534
bfa,sex_m,ocu_isco08_9,2024,308.462
bfa,sex_m,ocu_isco08_total,2018,2201.795
bfa,sex_m,ocu_isco08_total,2022,3731.267
bfa,sex_m,ocu_isco08_total,2023,2532.545
bfa,sex_m,ocu_isco08_total,2024,3649.185
bfa,sex_m,ocu_isco08_x,2018,9.705
bfa,sex_m,ocu_isco08_x,2022,567.995
bfa,sex_m,ocu_isco08_x,2023,47.418
bfa,sex_m,ocu_skill_l1,2018,228.102
bfa,sex_m,ocu_skill_l1,2022,343.115
bfa,sex_m,ocu_skill_l1,2023,316.534
bfa,sex_m,ocu_skill_l1,2024,308.462
bfa,sex_m,ocu_skill_l2,2018,1697.874
bfa,sex_m,ocu_skill_l2,2022,2767.57
bfa,sex_m,ocu_skill_l2,2023,1890.26
bfa,sex_m,ocu_skill_l2,2024,2930.415
bfa,sex_m,ocu_skill_l3_4,2018,258.437
bfa,sex_m,ocu_skill_l3_4,2022,46.843
bfa,sex_m,ocu_skill_l3_4,2023,273.504
bfa,sex_m,ocu_skill_l3_4,2024,409.924
bfa,sex_m,ocu_skill_total,2018,2201.795
bfa,sex_m,ocu_skill_total,2022,3731.267
bfa,sex_m,ocu_skill_total,2023,2532.545
bfa,sex_m,ocu_skill_total,2024,3649.185
bfa,sex_m,ocu_skill_x,2018,17.382
bfa,sex_m,ocu_skill_x,2022,573.739
bfa,sex_m,ocu_skill_x,2023,52.247
bfa,sex_t,ocu_isco08_0,2018,8.701
bfa,sex_t,ocu_isco08_0,2022,6.073
bfa,sex_t,ocu_isco08_0,2023,5.536
bfa,sex_t,ocu_isco08_1,2018,115.521
bfa,sex_t,ocu_isco08_1,2022,18.723
bfa,sex_t,ocu_isco08_1,2023,75.678
bfa,sex_t,ocu_isco08_1,2024,199.094
bfa,sex_t,ocu_isco08_2,2018,173.74
bfa,sex_t,ocu_isco08_2,2022,44.706
bfa,sex_t,ocu_isco08_2,2023,160.378
bfa,sex_t,ocu_isco08_2,2024,275.463
bfa,sex_t,ocu_isco08_3,2018,178.558
bfa,sex_t,ocu_isco08_3,2022,29.953
bfa,sex_t,ocu_isco08_3,2023,236.448
bfa,sex_t,ocu_isco08_3,2024,272.046
bfa,sex_t,ocu_isco08_4,2018,43.143
bfa,sex_t,ocu_isco08_4,2022,26.744
bfa,sex_t,ocu_isco08_4,2023,58.838
bfa,sex_t,ocu_isco08_4,2024,32.305
bfa,sex_t,ocu_isco08_5,2018,1321.033
bfa,sex_t,ocu_isco08_5,2022,1468.563
bfa,sex_t,ocu_isco08_5,2023,1485.939
bfa,sex_t,ocu_isco08_5,2024,1136.412
bfa,sex_t,ocu_isco08_6,2018,976.24
bfa,sex_t,ocu_isco08_6,2022,3310.377
bfa,sex_t,ocu_isco08_6,2023,1407.256
bfa,sex_t,ocu_isco08_6,2024,4236.887
bfa,sex_t,ocu_isco08_7,2018,664.538
bfa,sex_t,ocu_isco08_7,2022,497.32
bfa,sex_t,ocu_isco08_7,2023,767.012
bfa,sex_t,ocu_isco08_7,2024,646.675
bfa,sex_t,ocu_isco08_8,2018,202.444
bfa,sex_t,ocu_isco08_8,2022,61.051
bfa,sex_t,ocu_isco08_8,2023,200.066
bfa,sex_t,ocu_isco08_8,2024,100.17
bfa,sex_t,ocu_isco08_9,2018,411.902
bfa,sex_t,ocu_isco08_9,2022,513.464
bfa,sex_t,ocu_isco08_9,2023,539.535
bfa,sex_t,ocu_isco08_9,2024,486.237
bfa,sex_t,ocu_isco08_total,2018,4119.744
bfa,sex_t,ocu_isco08_total,2022,7721.247
bfa,sex_t,ocu_isco08_total,2023,5035.336
bfa,sex_t,ocu_isco08_total,2024,7385.673
bfa,sex_t,ocu_isco08_x,2018,23.923
bfa,sex_t,ocu_isco08_x,2022,1744.272
bfa,sex_t,ocu_isco08_x,2023,98.65
bfa,sex_t,ocu_skill_l1,2018,411.902
bfa,sex_t,ocu_skill_l1,2022,513.464
bfa,sex_t,ocu_skill_l1,2023,539.535
bfa,sex_t,ocu_skill_l1,2024,486.237
bfa,sex_t,ocu_skill_l2,2018,3207.398
bfa,sex_t,ocu_skill_l2,2022,5364.055
bfa,sex_t,ocu_skill_l2,2023,3919.11
bfa,sex_t,ocu_skill_l2,2024,6152.449
bfa,sex_t,ocu_skill_l3_4,2018,467.819
bfa,sex_t,ocu_skill_l3_4,2022,93.383
bfa,sex_t,ocu_skill_l3_4,2023,472.504
bfa,sex_t,ocu_skill_l3_4,2024,746.603
bfa,sex_t,ocu_skill_total,2018,4119.744
bfa,sex_t,ocu_skill_total,2022,7721.247
bfa,sex_t,ocu_skill_total,2023,5035.336
bfa,sex_t,ocu_skill_total,2024,7385.673
bfa,sex_t,ocu_skill_x,2018,32.625
bfa,sex_t,ocu_skill_x,2022,1750.345
bfa,sex_t,ocu_skill_x,2023,104.187
bgd,sex_f,ocu_isco08_0,2017,2.571
bgd,sex_f,ocu_isco08_1,2013,44.237
bgd,sex_f,ocu_isco08_1,2017,62.05
bgd,sex_f,ocu_isco08_1,2022,36.251
bgd,sex_f,ocu_isco08_1,2023,33.139
bgd,sex_f,ocu_isco08_2,2013,466.88
bgd,sex_f,ocu_isco08_2,2017,675.765
bgd,sex_f,ocu_isco08_2,2022,663.596
bgd,sex_f,ocu_isco08_2,2023,697.832
bgd,sex_f,ocu_isco08_3,2013,113.556
bgd,sex_f,ocu_isco08_3,2017,108.049
bgd,sex_f,ocu_isco08_3,2022,155.305
bgd,sex_f,ocu_isco08_3,2023,99.865
bgd,sex_f,ocu_isco08_4,2013,122.56
bgd,sex_f,ocu_isco08_4,2017,102.251
bgd,sex_f,ocu_isco08_4,2022,78.01
bgd,sex_f,ocu_isco08_4,2023,48.753
bgd,sex_f,ocu_isco08_5,2013,1376.432
bgd,sex_f,ocu_isco08_5,2017,879.281
bgd,sex_f,ocu_isco08_5,2022,471.391
bgd,sex_f,ocu_isco08_5,2023,468.79
bgd,sex_f,ocu_isco08_6,2013,7417.34
bgd,sex_f,ocu_isco08_6,2017,9635.234
bgd,sex_f,ocu_isco08_6,2022,6962.678
bgd,sex_f,ocu_isco08_6,2023,17859.951
bgd,sex_f,ocu_isco08_7,2013,3806.599
bgd,sex_f,ocu_isco08_7,2017,3223.369
bgd,sex_f,ocu_isco08_7,2022,2348.475
bgd,sex_f,ocu_isco08_7,2023,2366.664
bgd,sex_f,ocu_isco08_8,2013,446.159
bgd,sex_f,ocu_isco08_8,2017,403.577
bgd,sex_f,ocu_isco08_8,2022,224.02
bgd,sex_f,ocu_isco08_8,2023,182.042
bgd,sex_f,ocu_isco08_9,2013,1993.786
bgd,sex_f,ocu_isco08_9,2017,2914.795
bgd,sex_f,ocu_isco08_9,2022,7184.764
bgd,sex_f,ocu_isco08_9,2023,1383.224
bgd,sex_f,ocu_isco08_total,2013,15790.088
bgd,sex_f,ocu_isco08_total,2017,18006.942
bgd,sex_f,ocu_isco08_total,2022,24030.663
bgd,sex_f,ocu_isco08_total,2023,23465.656
bgd,sex_f,ocu_isco08_x,2022,5905.199
bgd,sex_f,ocu_isco08_x,2023,324.163
bgd,sex_f,ocu_isco88_1,2010,85.597
bgd,sex_f,ocu_isco88_2,2010,148.219
bgd,sex_f,ocu_isco88_3,2010,102.643
bgd,sex_f,ocu_isco88_4,2010,56.956
bgd,sex_f,ocu_isco88_5,2010,1585.182
bgd,sex_f,ocu_isco88_6,2010,454.353
bgd,sex_f,ocu_isco88_7,2010,1192.726
bgd,sex_f,ocu_isco88_8,2010,721.364
bgd,sex_f,ocu_isco88_9,2010,10600.505
bgd,sex_f,ocu_isco88_total,2010,14947.545
bgd,sex_f,ocu_skill_l1,2010,10600.505
bgd,sex_f,ocu_skill_l1,2013,1993.786
bgd,sex_f,ocu_skill_l1,2017,2914.795
bgd,sex_f,ocu_skill_l1,2022,7184.764
bgd,sex_f,ocu_skill_l1,2023,1383.224
bgd,sex_f,ocu_skill_l2,2010,4010.581
bgd,sex_f,ocu_skill_l2,2013,13169.09
bgd,sex_f,ocu_skill_l2,2017,14243.711
bgd,sex_f,ocu_skill_l2,2022,10084.574
bgd,sex_f,ocu_skill_l2,2023,20926.201
bgd,sex_f,ocu_skill_l3_4,2010,336.46
bgd,sex_f,ocu_skill_l3_4,2013,624.673
bgd,sex_f,ocu_skill_l3_4,2017,845.864
bgd,sex_f,ocu_skill_l3_4,2022,855.152
bgd,sex_f,ocu_skill_l3_4,2023,830.836
bgd,sex_f,ocu_skill_total,2010,14947.545
bgd,sex_f,ocu_skill_total,2013,15790.088
bgd,sex_f,ocu_skill_total,2017,18006.942
bgd,sex_f,ocu_skill_total,2022,24030.663
bgd,sex_f,ocu_skill_total,2023,23465.656
bgd,sex_f,ocu_skill_x,2017,2.571
bgd,sex_f,ocu_skill_x,2022,5906.172
bgd,sex_f,ocu_skill_x,2023,325.395
bgd,sex_m,ocu_isco08_0,2017,1.686
bgd,sex_m,ocu_isco08_0,2022,19.748
bgd,sex_m,ocu_isco08_0,2023,11.718
bgd,sex_m,ocu_isco08_1,2013,317.632
bgd,sex_m,ocu_isco08_1,2017,603.03
bgd,sex_m,ocu_isco08_1,2022,548.453
bgd,sex_m,ocu_isco08_1,2023,618.337
bgd,sex_m,ocu_isco08_2,2013,916.112
bgd,sex_m,ocu_isco08_2,2017,1266.967
bgd,sex_m,ocu_isco08_2,2022,1510.944
bgd,sex_m,ocu_isco08_2,2023,1477.908
bgd,sex_m,ocu_isco08_3,2013,507.245
bgd,sex_m,ocu_isco08_3,2017,755.602
bgd,sex_m,ocu_isco08_3,2022,1430.83
bgd,sex_m,ocu_isco08_3,2023,1142.082
bgd,sex_m,ocu_isco08_4,2013,389.923
bgd,sex_m,ocu_isco08_4,2017,426.185
bgd,sex_m,ocu_isco08_4,2022,419.818
bgd,sex_m,ocu_isco08_4,2023,310.415
bgd,sex_m,ocu_isco08_5,2013,6665.227
bgd,sex_m,ocu_isco08_5,2017,8520.497
bgd,sex_m,ocu_isco08_5,2022,4984.561
bgd,sex_m,ocu_isco08_5,2023,5215.093
bgd,sex_m,ocu_isco08_6,2013,13470.125
bgd,sex_m,ocu_isco08_6,2017,10020.063
bgd,sex_m,ocu_isco08_6,2022,10485.349
bgd,sex_m,ocu_isco08_6,2023,10033.001
bgd,sex_m,ocu_isco08_7,2013,5801.113
bgd,sex_m,ocu_isco08_7,2017,6891.303
bgd,sex_m,ocu_isco08_7,2022,6601.814
bgd,sex_m,ocu_isco08_7,2023,6716.05
bgd,sex_m,ocu_isco08_8,2013,2540.551
bgd,sex_m,ocu_isco08_8,2017,3667.568
bgd,sex_m,ocu_isco08_8,2022,4146.633
bgd,sex_m,ocu_isco08_8,2023,4258.033
bgd,sex_m,ocu_isco08_9,2013,5529.743
bgd,sex_m,ocu_isco08_9,2017,7446.074
bgd,sex_m,ocu_isco08_9,2022,5198.08
bgd,sex_m,ocu_isco08_9,2023,5598.055
bgd,sex_m,ocu_isco08_total,2013,36141.515
bgd,sex_m,ocu_isco08_total,2017,39598.975
bgd,sex_m,ocu_isco08_total,2022,35797.937
bgd,sex_m,ocu_isco08_total,2023,36285.103
bgd,sex_m,ocu_isco08_x,2022,451.707
bgd,sex_m,ocu_isco08_x,2023,904.409
bgd,sex_m,ocu_isco88_1,2010,393.645
bgd,sex_m,ocu_isco88_2,2010,435.459
bgd,sex_m,ocu_isco88_3,2010,363.498
bgd,sex_m,ocu_isco88_4,2010,469.009
bgd,sex_m,ocu_isco88_5,2010,6635.159
bgd,sex_m,ocu_isco88_6,2010,6678.526
bgd,sex_m,ocu_isco88_7,2010,3248.439
bgd,sex_m,ocu_isco88_8,2010,1999.543
bgd,sex_m,ocu_isco88_9,2010,12319.366
bgd,sex_m,ocu_isco88_total,2010,32542.643
bgd,sex_m,ocu_skill_l1,2010,12319.366
bgd,sex_m,ocu_skill_l1,2013,5529.743
bgd,sex_m,ocu_skill_l1,2017,7446.074
bgd,sex_m,ocu_skill_l1,2022,5198.08
bgd,sex_m,ocu_skill_l1,2023,5598.055
bgd,sex_m,ocu_skill_l2,2010,19030.675
bgd,sex_m,ocu_skill_l2,2013,28866.939
bgd,sex_m,ocu_skill_l2,2017,29525.616
bgd,sex_m,ocu_skill_l2,2022,26638.175
bgd,sex_m,ocu_skill_l2,2023,26532.593
bgd,sex_m,ocu_skill_l3_4,2010,1192.602
bgd,sex_m,ocu_skill_l3_4,2013,1740.989
bgd,sex_m,ocu_skill_l3_4,2017,2625.599
bgd,sex_m,ocu_skill_l3_4,2022,3490.227
bgd,sex_m,ocu_skill_l3_4,2023,3238.328
bgd,sex_m,ocu_skill_total,2010,32542.643
bgd,sex_m,ocu_skill_total,2013,36141.515
bgd,sex_m,ocu_skill_total,2017,39598.975
bgd,sex_m,ocu_skill_total,2022,35797.937
bgd,sex_m,ocu_skill_total,2023,36285.103
bgd,sex_m,ocu_skill_x,2017,1.686
bgd,sex_m,ocu_skill_x,2022,471.455
bgd,sex_m,ocu_skill_x,2023,916.128
bgd,sex_o,ocu_isco08_6,2023,1.862
bgd,sex_o,ocu_isco08_total,2023,5.159
bgd,sex_o,ocu_skill_l2,2023,3.401
bgd,sex_o,ocu_skill_total,2023,5.159
bgd,sex_t,ocu_isco08_0,2013,6.384
bgd,sex_t,ocu_isco08_0,2017,4.258
bgd,sex_t,ocu_isco08_0,2022,20.721
bgd,sex_t,ocu_isco08_0,2023,12.95
bgd,sex_t,ocu_isco08_1,2013,361.87
bgd,sex_t,ocu_isco08_1,2017,665.08
bgd,sex_t,ocu_isco08_1,2022,584.704
bgd,sex_t,ocu_isco08_1,2023,651.477
bgd,sex_t,ocu_isco08_2,2013,1382.992
bgd,sex_t,ocu_isco08_2,2017,1942.732
bgd,sex_t,ocu_isco08_2,2022,2174.54
bgd,sex_t,ocu_isco08_2,2023,2176.076
bgd,sex_t,ocu_isco08_3,2013,620.8
bgd,sex_t,ocu_isco08_3,2017,863.651
bgd,sex_t,ocu_isco08_3,2022,1586.135
bgd,sex_t,ocu_isco08_3,2023,1242.093
bgd,sex_t,ocu_isco08_4,2013,512.483
bgd,sex_t,ocu_isco08_4,2017,528.436
bgd,sex_t,ocu_isco08_4,2022,497.827
bgd,sex_t,ocu_isco08_4,2023,359.169
bgd,sex_t,ocu_isco08_5,2013,8041.659
bgd,sex_t,ocu_isco08_5,2017,9399.778
bgd,sex_t,ocu_isco08_5,2022,5455.952
bgd,sex_t,ocu_isco08_5,2023,5683.883
bgd,sex_t,ocu_isco08_6,2013,20887.465
bgd,sex_t,ocu_isco08_6,2017,19655.297
bgd,sex_t,ocu_isco08_6,2022,17448.027
bgd,sex_t,ocu_isco08_6,2023,27894.815
bgd,sex_t,ocu_isco08_7,2013,9607.712
bgd,sex_t,ocu_isco08_7,2017,10114.672
bgd,sex_t,ocu_isco08_7,2022,8950.289
bgd,sex_t,ocu_isco08_7,2023,9083.78
bgd,sex_t,ocu_isco08_8,2013,2986.71
bgd,sex_t,ocu_isco08_8,2017,4071.144
bgd,sex_t,ocu_isco08_8,2022,4370.654
bgd,sex_t,ocu_isco08_8,2023,4440.548
bgd,sex_t,ocu_isco08_9,2013,7523.528
bgd,sex_t,ocu_isco08_9,2017,10360.869
bgd,sex_t,ocu_isco08_9,2022,12382.844
bgd,sex_t,ocu_isco08_9,2023,6982.031
bgd,sex_t,ocu_isco08_total,2013,51931.603
bgd,sex_t,ocu_isco08_total,2017,57605.917
bgd,sex_t,ocu_isco08_total,2022,59828.6
bgd,sex_t,ocu_isco08_total,2023,59755.918
bgd,sex_t,ocu_isco08_x,2022,6356.906
bgd,sex_t,ocu_isco08_x,2023,1229.096
bgd,sex_t,ocu_isco88_1,2010,479.242
bgd,sex_t,ocu_isco88_2,2010,583.678
bgd,sex_t,ocu_isco88_3,2010,466.141
bgd,sex_t,ocu_isco88_4,2010,525.965
bgd,sex_t,ocu_isco88_5,2010,8220.341
bgd,sex_t,ocu_isco88_6,2010,7132.879
bgd,sex_t,ocu_isco88_7,2010,4441.164
bgd,sex_t,ocu_isco88_8,2010,2720.906
bgd,sex_t,ocu_isco88_9,2010,22919.871
bgd,sex_t,ocu_isco88_total,2010,47490.188
bgd,sex_t,ocu_skill_l1,2010,22919.871
bgd,sex_t,ocu_skill_l1,2013,7523.528
bgd,sex_t,ocu_skill_l1,2017,10360.869
bgd,sex_t,ocu_skill_l1,2022,12382.844
bgd,sex_t,ocu_skill_l1,2023,6982.031
bgd,sex_t,ocu_skill_l2,2010,23041.256
bgd,sex_t,ocu_skill_l2,2013,42036.029
bgd,sex_t,ocu_skill_l2,2017,43769.327
bgd,sex_t,ocu_skill_l2,2022,36722.749
bgd,sex_t,ocu_skill_l2,2023,47462.195
bgd,sex_t,ocu_skill_l3_4,2010,1529.062
bgd,sex_t,ocu_skill_l3_4,2013,2365.661
bgd,sex_t,ocu_skill_l3_4,2017,3471.463
bgd,sex_t,ocu_skill_l3_4,2022,4345.379
bgd,sex_t,ocu_skill_l3_4,2023,4069.646
bgd,sex_t,ocu_skill_total,2010,47490.188
bgd,sex_t,ocu_skill_total,2013,51931.603
bgd,sex_t,ocu_skill_total,2017,57605.917
bgd,sex_t,ocu_skill_total,2022,59828.6
bgd,sex_t,ocu_skill_total,2023,59755.918
bgd,sex_t,ocu_skill_x,2013,6.384
bgd,sex_t,ocu_skill_x,2017,4.258
bgd,sex_t,ocu_skill_x,2022,6377.628
bgd,sex_t,ocu_skill_x,2023,1242.046
bgr,sex_f,ocu_isco08_4,2012,2.282
bgr,sex_f,ocu_isco08_4,2014,4.406
bgr,sex_f,ocu_isco08_4,2016,1.162
bgr,sex_f,ocu_isco08_5,2011,29.891
bgr,sex_f,ocu_isco08_5,2012,18.033
bgr,sex_f,ocu_isco08_5,2013,22.978
bgr,sex_f,ocu_isco08_5,2014,24.067
bgr,sex_f,ocu_isco08_5,2015,18.522
bgr,sex_f,ocu_isco08_5,2016,18.872
bgr,sex_f,ocu_isco08_5,2017,13.771
bgr,sex_f,ocu_isco08_5,2018,18.497
bgr,sex_f,ocu_isco08_5,2019,21.754
bgr,sex_f,ocu_isco08_5,2020,12.556
bgr,sex_f,ocu_isco08_5,2021,12.716
bgr,sex_f,ocu_isco08_5,2022,11.838
bgr,sex_f,ocu_isco08_5,2023,18.237
bgr,sex_f,ocu_isco08_6,2011,6.635
bgr,sex_f,ocu_isco08_6,2012,7.774
bgr,sex_f,ocu_isco08_6,2013,11.928
bgr,sex_f,ocu_isco08_6,2014,15.254
bgr,sex_f,ocu_isco08_6,2015,9.451
bgr,sex_f,ocu_isco08_6,2016,14.822
bgr,sex_f,ocu_isco08_6,2017,6.098
bgr,sex_f,ocu_isco08_6,2018,4.031
bgr,sex_f,ocu_isco08_6,2019,3.24
bgr,sex_f,ocu_isco08_6,2020,3.89
bgr,sex_f,ocu_isco08_6,2021,2.613
bgr,sex_f,ocu_isco08_6,2022,1.518
bgr,sex_f,ocu_isco08_6,2023,1.82
bgr,sex_f,ocu_isco08_7,2013,4.129
bgr,sex_f,ocu_isco08_7,2014,3.578
bgr,sex_f,ocu_isco08_7,2016,2.751
bgr,sex_f,ocu_isco08_7,2018,2.644
bgr,sex_f,ocu_isco08_7,2020,0
bgr,sex_f,ocu_isco08_8,2011,0
bgr,sex_f,ocu_isco08_8,2014,2.539
bgr,sex_f,ocu_isco08_9,2011,22.004
bgr,sex_f,ocu_isco08_9,2012,25.122
bgr,sex_f,ocu_isco08_9,2013,21.136
bgr,sex_f,ocu_isco08_9,2014,20.756
bgr,sex_f,ocu_isco08_9,2015,18.222
bgr,sex_f,ocu_isco08_9,2016,18.505
bgr,sex_f,ocu_isco08_9,2017,10.051
bgr,sex_f,ocu_isco08_9,2018,13.36
bgr,sex_f,ocu_isco08_9,2019,13.386
bgr,sex_f,ocu_isco08_9,2020,10.608
bgr,sex_f,ocu_isco08_9,2021,4.97
bgr,sex_f,ocu_isco08_9,2022,2.004
bgr,sex_f,ocu_isco08_9,2023,2.104
bgr,sex_f,ocu_isco08_total,2011,65.598
bgr,sex_f,ocu_isco08_total,2012,59.076
bgr,sex_f,ocu_isco08_total,2013,65.489
bgr,sex_f,ocu_isco08_total,2014,75.454
bgr,sex_f,ocu_isco08_total,2015,55.526
bgr,sex_f,ocu_isco08_total,2016,59.968
bgr,sex_f,ocu_isco08_total,2017,35.745
bgr,sex_f,ocu_isco08_total,2018,40.439
bgr,sex_f,ocu_isco08_total,2019,43.946
bgr,sex_f,ocu_isco08_total,2020,31.044
bgr,sex_f,ocu_isco08_total,2021,23.016
bgr,sex_f,ocu_isco08_total,2022,19.499
bgr,sex_f,ocu_isco08_total,2023,25.386
bgr,sex_f,ocu_isco88_2,2009,3.907
bgr,sex_f,ocu_isco88_3,2007,5.181
bgr,sex_f,ocu_isco88_3,2008,3.693
bgr,sex_f,ocu_isco88_4,2007,5.082
bgr,sex_f,ocu_isco88_4,2008,5.739
bgr,sex_f,ocu_isco88_4,2009,4.902
bgr,sex_f,ocu_isco88_4,2010,1.757
bgr,sex_f,ocu_isco88_5,2007,24.096
bgr,sex_f,ocu_isco88_5,2008,20.913
bgr,sex_f,ocu_isco88_5,2009,22.086
bgr,sex_f,ocu_isco88_5,2010,25.022
bgr,sex_f,ocu_isco88_6,2007,7.121
bgr,sex_f,ocu_isco88_6,2008,20.037
bgr,sex_f,ocu_isco88_6,2009,21.118
bgr,sex_f,ocu_isco88_6,2010,16.347
bgr,sex_f,ocu_isco88_7,2007,8.498
bgr,sex_f,ocu_isco88_8,2007,3.679
bgr,sex_f,ocu_isco88_8,2008,3.396
bgr,sex_f,ocu_isco88_9,2007,36.204
bgr,sex_f,ocu_isco88_9,2008,38.889
bgr,sex_f,ocu_isco88_9,2009,32.578
bgr,sex_f,ocu_isco88_9,2010,23.651
bgr,sex_f,ocu_isco88_total,2007,104.584
bgr,sex_f,ocu_isco88_total,2008,96.543
bgr,sex_f,ocu_isco88_total,2009,89.126
bgr,sex_f,ocu_isco88_total,2010,73.103
bgr,sex_f,ocu_isco88_x,2007,12.655
bgr,sex_f,ocu_skill_l1,2007,36.204
bgr,sex_f,ocu_skill_l1,2008,38.889
bgr,sex_f,ocu_skill_l1,2009,32.578
bgr,sex_f,ocu_skill_l1,2010,23.651
bgr,sex_f,ocu_skill_l1,2011,22.004
bgr,sex_f,ocu_skill_l1,2012,25.122
bgr,sex_f,ocu_skill_l1,2013,21.136
bgr,sex_f,ocu_skill_l1,2014,20.756
bgr,sex_f,ocu_skill_l1,2015,18.222
bgr,sex_f,ocu_skill_l1,2016,18.505
bgr,sex_f,ocu_skill_l1,2017,10.051
bgr,sex_f,ocu_skill_l1,2018,13.36
bgr,sex_f,ocu_skill_l1,2019,13.386
bgr,sex_f,ocu_skill_l1,2020,10.608
bgr,sex_f,ocu_skill_l1,2021,4.97
bgr,sex_f,ocu_skill_l1,2022,2.004
bgr,sex_f,ocu_skill_l1,2023,2.104
bgr,sex_f,ocu_skill_l2,2007,48.476
bgr,sex_f,ocu_skill_l2,2008,51.407
bgr,sex_f,ocu_skill_l2,2009,51.297
bgr,sex_f,ocu_skill_l2,2010,45.329
bgr,sex_f,ocu_skill_l2,2011,40.571
bgr,sex_f,ocu_skill_l2,2012,30.268
bgr,sex_f,ocu_skill_l2,2013,41.18
bgr,sex_f,ocu_skill_l2,2014,49.845
bgr,sex_f,ocu_skill_l2,2015,33.841
bgr,sex_f,ocu_skill_l2,2016,38.887
bgr,sex_f,ocu_skill_l2,2017,23.237
bgr,sex_f,ocu_skill_l2,2018,26.026
bgr,sex_f,ocu_skill_l2,2019,27.667
bgr,sex_f,ocu_skill_l2,2020,18.499
bgr,sex_f,ocu_skill_l2,2021,16.727
bgr,sex_f,ocu_skill_l2,2022,16.352
bgr,sex_f,ocu_skill_l2,2023,23.282
bgr,sex_f,ocu_skill_l3_4,2007,7.248
bgr,sex_f,ocu_skill_l3_4,2008,5.083
bgr,sex_f,ocu_skill_l3_4,2009,5.251
bgr,sex_f,ocu_skill_l3_4,2010,4.123
bgr,sex_f,ocu_skill_l3_4,2011,3.023
bgr,sex_f,ocu_skill_l3_4,2012,3.686
bgr,sex_f,ocu_skill_l3_4,2014,4.854
bgr,sex_f,ocu_skill_l3_4,2015,3.462
bgr,sex_f,ocu_skill_l3_4,2016,2.576
bgr,sex_f,ocu_skill_l3_4,2017,2.457
bgr,sex_f,ocu_skill_l3_4,2019,2.893
bgr,sex_f,ocu_skill_l3_4,2020,1.937
bgr,sex_f,ocu_skill_total,2007,104.584
bgr,sex_f,ocu_skill_total,2008,96.543
bgr,sex_f,ocu_skill_total,2009,89.126
bgr,sex_f,ocu_skill_total,2010,73.103
bgr,sex_f,ocu_skill_total,2011,65.598
bgr,sex_f,ocu_skill_total,2012,59.076
bgr,sex_f,ocu_skill_total,2013,65.489
bgr,sex_f,ocu_skill_total,2014,75.454
bgr,sex_f,ocu_skill_total,2015,55.526
bgr,sex_f,ocu_skill_total,2016,59.968
bgr,sex_f,ocu_skill_total,2017,35.745
bgr,sex_f,ocu_skill_total,2018,40.439
bgr,sex_f,ocu_skill_total,2019,43.946
bgr,sex_f,ocu_skill_total,2020,31.044
bgr,sex_f,ocu_skill_total,2021,23.016
bgr,sex_f,ocu_skill_total,2022,19.499
bgr,sex_f,ocu_skill_total,2023,25.386
bgr,sex_f,ocu_skill_x,2007,12.655
bgr,sex_m,ocu_isco08_3,2016,2.039
bgr,sex_m,ocu_isco08_5,2011,14.029
bgr,sex_m,ocu_isco08_5,2012,8.138
bgr,sex_m,ocu_isco08_5,2013,3.827
bgr,sex_m,ocu_isco08_5,2014,8.428
bgr,sex_m,ocu_isco08_5,2015,6.87
bgr,sex_m,ocu_isco08_5,2016,9.995
bgr,sex_m,ocu_isco08_5,2017,3.754
bgr,sex_m,ocu_isco08_5,2018,3.184
bgr,sex_m,ocu_isco08_5,2020,2.515
bgr,sex_m,ocu_isco08_6,2011,10.352
bgr,sex_m,ocu_isco08_6,2012,11.959
bgr,sex_m,ocu_isco08_6,2013,8.365
bgr,sex_m,ocu_isco08_6,2014,17.368
bgr,sex_m,ocu_isco08_6,2015,13.075
bgr,sex_m,ocu_isco08_6,2016,16.035
bgr,sex_m,ocu_isco08_6,2017,7.894
bgr,sex_m,ocu_isco08_6,2018,6.242
bgr,sex_m,ocu_isco08_6,2019,6.711
bgr,sex_m,ocu_isco08_6,2020,6.998
bgr,sex_m,ocu_isco08_6,2023,2.655
bgr,sex_m,ocu_isco08_7,2011,34.057
bgr,sex_m,ocu_isco08_7,2012,20.724
bgr,sex_m,ocu_isco08_7,2013,17.544
bgr,sex_m,ocu_isco08_7,2014,21.157
bgr,sex_m,ocu_isco08_7,2015,14.396
bgr,sex_m,ocu_isco08_7,2016,11.494
bgr,sex_m,ocu_isco08_7,2017,13.974
bgr,sex_m,ocu_isco08_7,2018,11.466
bgr,sex_m,ocu_isco08_7,2019,7.938
bgr,sex_m,ocu_isco08_7,2020,9.658
bgr,sex_m,ocu_isco08_7,2021,1.247
bgr,sex_m,ocu_isco08_8,2011,8.039
bgr,sex_m,ocu_isco08_8,2012,7.002
bgr,sex_m,ocu_isco08_8,2013,3.077
bgr,sex_m,ocu_isco08_8,2014,7.212
bgr,sex_m,ocu_isco08_8,2015,7.101
bgr,sex_m,ocu_isco08_8,2016,2.574
bgr,sex_m,ocu_isco08_8,2017,5.272
bgr,sex_m,ocu_isco08_8,2018,4.872
bgr,sex_m,ocu_isco08_8,2019,3.027
bgr,sex_m,ocu_isco08_8,2020,3.946
bgr,sex_m,ocu_isco08_8,2022,1.978
bgr,sex_m,ocu_isco08_9,2011,51.077
bgr,sex_m,ocu_isco08_9,2012,34.107
bgr,sex_m,ocu_isco08_9,2013,32.785
bgr,sex_m,ocu_isco08_9,2014,47.011
bgr,sex_m,ocu_isco08_9,2015,45.127
bgr,sex_m,ocu_isco08_9,2016,30.259
bgr,sex_m,ocu_isco08_9,2017,29.846
bgr,sex_m,ocu_isco08_9,2018,33.198
bgr,sex_m,ocu_isco08_9,2019,28.35
bgr,sex_m,ocu_isco08_9,2020,29.139
bgr,sex_m,ocu_isco08_9,2021,11.748
bgr,sex_m,ocu_isco08_9,2022,15.36
bgr,sex_m,ocu_isco08_9,2023,5.964
bgr,sex_m,ocu_isco08_total,2011,120.744
bgr,sex_m,ocu_isco08_total,2012,85.971
bgr,sex_m,ocu_isco08_total,2013,70.681
bgr,sex_m,ocu_isco08_total,2014,108.56
bgr,sex_m,ocu_isco08_total,2015,90.166
bgr,sex_m,ocu_isco08_total,2016,73.99
bgr,sex_m,ocu_isco08_total,2017,63.199
bgr,sex_m,ocu_isco08_total,2018,61.907
bgr,sex_m,ocu_isco08_total,2019,49.751
bgr,sex_m,ocu_isco08_total,2020,54.248
bgr,sex_m,ocu_isco08_total,2021,16.825
bgr,sex_m,ocu_isco08_total,2022,21.77
bgr,sex_m,ocu_isco08_total,2023,11.778
bgr,sex_m,ocu_isco88_2,2007,5.931
bgr,sex_m,ocu_isco88_3,2007,8.251
bgr,sex_m,ocu_isco88_3,2009,2.871
bgr,sex_m,ocu_isco88_3,2010,3.027
bgr,sex_m,ocu_isco88_4,2009,3.795
bgr,sex_m,ocu_isco88_4,2010,2.677
bgr,sex_m,ocu_isco88_5,2007,12.079
bgr,sex_m,ocu_isco88_5,2008,7.127
bgr,sex_m,ocu_isco88_5,2009,13.437
bgr,sex_m,ocu_isco88_5,2010,8.675
bgr,sex_m,ocu_isco88_6,2007,8.355
bgr,sex_m,ocu_isco88_6,2008,15.176
bgr,sex_m,ocu_isco88_6,2009,14.017
bgr,sex_m,ocu_isco88_6,2010,12.531
bgr,sex_m,ocu_isco88_7,2007,33.81
bgr,sex_m,ocu_isco88_7,2008,25.823
bgr,sex_m,ocu_isco88_7,2009,33.882
bgr,sex_m,ocu_isco88_7,2010,35.971
bgr,sex_m,ocu_isco88_8,2007,8.928
bgr,sex_m,ocu_isco88_8,2008,7.089
bgr,sex_m,ocu_isco88_8,2009,8.446
bgr,sex_m,ocu_isco88_8,2010,9.05
bgr,sex_m,ocu_isco88_9,2007,78.126
bgr,sex_m,ocu_isco88_9,2008,68.573
bgr,sex_m,ocu_isco88_9,2009,67.485
bgr,sex_m,ocu_isco88_9,2010,57.008
bgr,sex_m,ocu_isco88_total,2007,172.23
bgr,sex_m,ocu_isco88_total,2008,129.988
bgr,sex_m,ocu_isco88_total,2009,145.726
bgr,sex_m,ocu_isco88_total,2010,131.986
bgr,sex_m,ocu_isco88_x,2007,13.338
bgr,sex_m,ocu_skill_l1,2007,78.126
bgr,sex_m,ocu_skill_l1,2008,68.573
bgr,sex_m,ocu_skill_l1,2009,67.485
bgr,sex_m,ocu_skill_l1,2010,57.008
bgr,sex_m,ocu_skill_l1,2011,51.077
bgr,sex_m,ocu_skill_l1,2012,34.107
bgr,sex_m,ocu_skill_l1,2013,32.785
bgr,sex_m,ocu_skill_l1,2014,47.011
bgr,sex_m,ocu_skill_l1,2015,45.127
bgr,sex_m,ocu_skill_l1,2016,30.259
bgr,sex_m,ocu_skill_l1,2017,29.846
bgr,sex_m,ocu_skill_l1,2018,33.198
bgr,sex_m,ocu_skill_l1,2019,28.35
bgr,sex_m,ocu_skill_l1,2020,29.139
bgr,sex_m,ocu_skill_l1,2021,11.748
bgr,sex_m,ocu_skill_l1,2022,15.36
bgr,sex_m,ocu_skill_l1,2023,5.964
bgr,sex_m,ocu_skill_l2,2007,65.376
bgr,sex_m,ocu_skill_l2,2008,55.574
bgr,sex_m,ocu_skill_l2,2009,73.577
bgr,sex_m,ocu_skill_l2,2010,68.905
bgr,sex_m,ocu_skill_l2,2011,66.477
bgr,sex_m,ocu_skill_l2,2012,48.953
bgr,sex_m,ocu_skill_l2,2013,33.457
bgr,sex_m,ocu_skill_l2,2014,54.703
bgr,sex_m,ocu_skill_l2,2015,41.739
bgr,sex_m,ocu_skill_l2,2016,40.312
bgr,sex_m,ocu_skill_l2,2017,31.557
bgr,sex_m,ocu_skill_l2,2018,25.997
bgr,sex_m,ocu_skill_l2,2019,19.323
bgr,sex_m,ocu_skill_l2,2020,23.335
bgr,sex_m,ocu_skill_l2,2021,5.077
bgr,sex_m,ocu_skill_l2,2022,5.575
bgr,sex_m,ocu_skill_l2,2023,5.644
bgr,sex_m,ocu_skill_l3_4,2007,15.39
bgr,sex_m,ocu_skill_l3_4,2008,5.842
bgr,sex_m,ocu_skill_l3_4,2009,4.664
bgr,sex_m,ocu_skill_l3_4,2010,5.573
bgr,sex_m,ocu_skill_l3_4,2011,2.655
bgr,sex_m,ocu_skill_l3_4,2012,2.912
bgr,sex_m,ocu_skill_l3_4,2013,4.439
bgr,sex_m,ocu_skill_l3_4,2014,6.846
bgr,sex_m,ocu_skill_l3_4,2015,3.3
bgr,sex_m,ocu_skill_l3_4,2016,3.418
bgr,sex_m,ocu_skill_l3_4,2017,1.796
bgr,sex_m,ocu_skill_l3_4,2018,2.711
bgr,sex_m,ocu_skill_l3_4,2019,2.079
bgr,sex_m,ocu_skill_total,2007,172.23
bgr,sex_m,ocu_skill_total,2008,129.988
bgr,sex_m,ocu_skill_total,2009,145.726
bgr,sex_m,ocu_skill_total,2010,131.986
bgr,sex_m,ocu_skill_total,2011,120.744
bgr,sex_m,ocu_skill_total,2012,85.971
bgr,sex_m,ocu_skill_total,2013,70.681
bgr,sex_m,ocu_skill_total,2014,108.56
bgr,sex_m,ocu_skill_total,2015,90.166
bgr,sex_m,ocu_skill_total,2016,73.99
bgr,sex_m,ocu_skill_total,2017,63.199
bgr,sex_m,ocu_skill_total,2018,61.907
bgr,sex_m,ocu_skill_total,2019,49.751
bgr,sex_m,ocu_skill_total,2020,54.248
bgr,sex_m,ocu_skill_total,2021,16.825
bgr,sex_m,ocu_skill_total,2022,21.77
bgr,sex_m,ocu_skill_total,2023,11.778
bgr,sex_m,ocu_skill_x,2007,13.338
bgr,sex_t,ocu_isco08_1,2014,3.786
bgr,sex_t,ocu_isco08_1,2019,2.772
bgr,sex_t,ocu_isco08_2,2011,2.151
bgr,sex_t,ocu_isco08_2,2012,2.974
bgr,sex_t,ocu_isco08_2,2014,5.071
bgr,sex_t,ocu_isco08_2,2015,4.426
bgr,sex_t,ocu_isco08_2,2016,2.074
bgr,sex_t,ocu_isco08_2,2019,1.454
bgr,sex_t,ocu_isco08_3,2011,2.702
bgr,sex_t,ocu_isco08_3,2013,3.587
bgr,sex_t,ocu_isco08_3,2016,3.375
bgr,sex_t,ocu_isco08_4,2012,3.411
bgr,sex_t,ocu_isco08_4,2014,4.943
bgr,sex_t,ocu_isco08_4,2016,1.377
bgr,sex_t,ocu_isco08_5,2011,43.92
bgr,sex_t,ocu_isco08_5,2012,26.171
bgr,sex_t,ocu_isco08_5,2013,26.805
bgr,sex_t,ocu_isco08_5,2014,32.495
bgr,sex_t,ocu_isco08_5,2015,25.392
bgr,sex_t,ocu_isco08_5,2016,28.867
bgr,sex_t,ocu_isco08_5,2017,17.525
bgr,sex_t,ocu_isco08_5,2018,21.682
bgr,sex_t,ocu_isco08_5,2019,23.185
bgr,sex_t,ocu_isco08_5,2020,15.071
bgr,sex_t,ocu_isco08_5,2021,14.39
bgr,sex_t,ocu_isco08_5,2022,12.813
bgr,sex_t,ocu_isco08_5,2023,19.564
bgr,sex_t,ocu_isco08_6,2011,16.988
bgr,sex_t,ocu_isco08_6,2012,19.733
bgr,sex_t,ocu_isco08_6,2013,20.294
bgr,sex_t,ocu_isco08_6,2014,32.622
bgr,sex_t,ocu_isco08_6,2015,22.526
bgr,sex_t,ocu_isco08_6,2016,30.857
bgr,sex_t,ocu_isco08_6,2017,13.992
bgr,sex_t,ocu_isco08_6,2018,10.273
bgr,sex_t,ocu_isco08_6,2019,9.951
bgr,sex_t,ocu_isco08_6,2020,10.888
bgr,sex_t,ocu_isco08_6,2021,2.935
bgr,sex_t,ocu_isco08_6,2022,2.531
bgr,sex_t,ocu_isco08_6,2023,4.475
bgr,sex_t,ocu_isco08_7,2011,36.469
bgr,sex_t,ocu_isco08_7,2012,21.862
bgr,sex_t,ocu_isco08_7,2013,21.673
bgr,sex_t,ocu_isco08_7,2014,24.735
bgr,sex_t,ocu_isco08_7,2015,17.364
bgr,sex_t,ocu_isco08_7,2016,14.245
bgr,sex_t,ocu_isco08_7,2017,16.431
bgr,sex_t,ocu_isco08_7,2018,14.11
bgr,sex_t,ocu_isco08_7,2019,8.887
bgr,sex_t,ocu_isco08_7,2020,9.658
bgr,sex_t,ocu_isco08_7,2021,1.406
bgr,sex_t,ocu_isco08_7,2023,2.03
bgr,sex_t,ocu_isco08_8,2011,8.039
bgr,sex_t,ocu_isco08_8,2012,8.043
bgr,sex_t,ocu_isco08_8,2013,4.194
bgr,sex_t,ocu_isco08_8,2014,9.751
bgr,sex_t,ocu_isco08_8,2015,8.615
bgr,sex_t,ocu_isco08_8,2016,3.853
bgr,sex_t,ocu_isco08_8,2017,5.504
bgr,sex_t,ocu_isco08_8,2018,5.726
bgr,sex_t,ocu_isco08_8,2019,4.75
bgr,sex_t,ocu_isco08_8,2020,4.093
bgr,sex_t,ocu_isco08_8,2022,4.098
bgr,sex_t,ocu_isco08_9,2011,73.081
bgr,sex_t,ocu_isco08_9,2012,59.229
bgr,sex_t,ocu_isco08_9,2013,53.92
bgr,sex_t,ocu_isco08_9,2014,67.766
bgr,sex_t,ocu_isco08_9,2015,63.349
bgr,sex_t,ocu_isco08_9,2016,48.765
bgr,sex_t,ocu_isco08_9,2017,39.897
bgr,sex_t,ocu_isco08_9,2018,46.558
bgr,sex_t,ocu_isco08_9,2019,41.736
bgr,sex_t,ocu_isco08_9,2020,39.747
bgr,sex_t,ocu_isco08_9,2021,16.718
bgr,sex_t,ocu_isco08_9,2022,17.365
bgr,sex_t,ocu_isco08_9,2023,8.068
bgr,sex_t,ocu_isco08_total,2011,186.342
bgr,sex_t,ocu_isco08_total,2012,145.048
bgr,sex_t,ocu_isco08_total,2013,136.17
bgr,sex_t,ocu_isco08_total,2014,184.014
bgr,sex_t,ocu_isco08_total,2015,145.691
bgr,sex_t,ocu_isco08_total,2016,133.958
bgr,sex_t,ocu_isco08_total,2017,98.944
bgr,sex_t,ocu_isco08_total,2018,102.346
bgr,sex_t,ocu_isco08_total,2019,93.697
bgr,sex_t,ocu_isco08_total,2020,85.291
bgr,sex_t,ocu_isco08_total,2021,39.841
bgr,sex_t,ocu_isco08_total,2022,41.269
bgr,sex_t,ocu_isco08_total,2023,37.164
bgr,sex_t,ocu_isco88_1,2010,4.264
bgr,sex_t,ocu_isco88_2,2007,7.999
bgr,sex_t,ocu_isco88_2,2009,4.538
bgr,sex_t,ocu_isco88_3,2007,13.432
bgr,sex_t,ocu_isco88_3,2008,6.534
bgr,sex_t,ocu_isco88_3,2009,3.599
bgr,sex_t,ocu_isco88_3,2010,4.551
bgr,sex_t,ocu_isco88_4,2007,7.286
bgr,sex_t,ocu_isco88_4,2008,6.098
bgr,sex_t,ocu_isco88_4,2009,8.697
bgr,sex_t,ocu_isco88_4,2010,4.434
bgr,sex_t,ocu_isco88_5,2007,36.175
bgr,sex_t,ocu_isco88_5,2008,28.041
bgr,sex_t,ocu_isco88_5,2009,35.522
bgr,sex_t,ocu_isco88_5,2010,33.697
bgr,sex_t,ocu_isco88_6,2007,15.477
bgr,sex_t,ocu_isco88_6,2008,35.213
bgr,sex_t,ocu_isco88_6,2009,35.135
bgr,sex_t,ocu_isco88_6,2010,28.878
bgr,sex_t,ocu_isco88_7,2007,42.309
bgr,sex_t,ocu_isco88_7,2008,27.144
bgr,sex_t,ocu_isco88_7,2009,35.125
bgr,sex_t,ocu_isco88_7,2010,36.857
bgr,sex_t,ocu_isco88_8,2007,12.606
bgr,sex_t,ocu_isco88_8,2008,10.486
bgr,sex_t,ocu_isco88_8,2009,10.395
bgr,sex_t,ocu_isco88_8,2010,10.368
bgr,sex_t,ocu_isco88_9,2007,114.33
bgr,sex_t,ocu_isco88_9,2008,107.462
bgr,sex_t,ocu_isco88_9,2009,100.063
bgr,sex_t,ocu_isco88_9,2010,80.659
bgr,sex_t,ocu_isco88_total,2007,276.814
bgr,sex_t,ocu_isco88_total,2008,226.532
bgr,sex_t,ocu_isco88_total,2009,234.851
bgr,sex_t,ocu_isco88_total,2010,205.089
bgr,sex_t,ocu_isco88_x,2007,25.993
bgr,sex_t,ocu_skill_l1,2007,114.33
bgr,sex_t,ocu_skill_l1,2008,107.462
bgr,sex_t,ocu_skill_l1,2009,100.063
bgr,sex_t,ocu_skill_l1,2010,80.659
bgr,sex_t,ocu_skill_l1,2011,73.081
bgr,sex_t,ocu_skill_l1,2012,59.229
bgr,sex_t,ocu_skill_l1,2013,53.92
bgr,sex_t,ocu_skill_l1,2014,67.766
bgr,sex_t,ocu_skill_l1,2015,63.349
bgr,sex_t,ocu_skill_l1,2016,48.765
bgr,sex_t,ocu_skill_l1,2017,39.897
bgr,sex_t,ocu_skill_l1,2018,46.558
bgr,sex_t,ocu_skill_l1,2019,41.736
bgr,sex_t,ocu_skill_l1,2020,39.747
bgr,sex_t,ocu_skill_l1,2021,16.718
bgr,sex_t,ocu_skill_l1,2022,17.365
bgr,sex_t,ocu_skill_l1,2023,8.068
bgr,sex_t,ocu_skill_l2,2007,113.853
bgr,sex_t,ocu_skill_l2,2008,106.981
bgr,sex_t,ocu_skill_l2,2009,124.874
bgr,sex_t,ocu_skill_l2,2010,114.234
bgr,sex_t,ocu_skill_l2,2011,107.047
bgr,sex_t,ocu_skill_l2,2012,79.221
bgr,sex_t,ocu_skill_l2,2013,74.636
bgr,sex_t,ocu_skill_l2,2014,104.548
bgr,sex_t,ocu_skill_l2,2015,75.581
bgr,sex_t,ocu_skill_l2,2016,79.199
bgr,sex_t,ocu_skill_l2,2017,54.794
bgr,sex_t,ocu_skill_l2,2018,52.024
bgr,sex_t,ocu_skill_l2,2019,46.989
bgr,sex_t,ocu_skill_l2,2020,41.834
bgr,sex_t,ocu_skill_l2,2021,21.804
bgr,sex_t,ocu_skill_l2,2022,21.927
bgr,sex_t,ocu_skill_l2,2023,28.927
bgr,sex_t,ocu_skill_l3_4,2007,22.638
bgr,sex_t,ocu_skill_l3_4,2008,10.925
bgr,sex_t,ocu_skill_l3_4,2009,9.915
bgr,sex_t,ocu_skill_l3_4,2010,9.696
bgr,sex_t,ocu_skill_l3_4,2011,5.678
bgr,sex_t,ocu_skill_l3_4,2012,6.598
bgr,sex_t,ocu_skill_l3_4,2013,7.613
bgr,sex_t,ocu_skill_l3_4,2014,11.7
bgr,sex_t,ocu_skill_l3_4,2015,6.762
bgr,sex_t,ocu_skill_l3_4,2016,5.994
bgr,sex_t,ocu_skill_l3_4,2017,4.253
bgr,sex_t,ocu_skill_l3_4,2018,3.764
bgr,sex_t,ocu_skill_l3_4,2019,4.972
bgr,sex_t,ocu_skill_l3_4,2020,3.711
bgr,sex_t,ocu_skill_l3_4,2022,1.977
bgr,sex_t,ocu_skill_total,2007,276.814
bgr,sex_t,ocu_skill_total,2008,226.532
bgr,sex_t,ocu_skill_total,2009,234.851
bgr,sex_t,ocu_skill_total,2010,205.089
bgr,sex_t,ocu_skill_total,2011,186.342
bgr,sex_t,ocu_skill_total,2012,145.048
bgr,sex_t,ocu_skill_total,2013,136.17
bgr,sex_t,ocu_skill_total,2014,184.014
bgr,sex_t,ocu_skill_total,2015,145.691
bgr,sex_t,ocu_skill_total,2016,133.958
bgr,sex_t,ocu_skill_total,2017,98.944
bgr,sex_t,ocu_skill_total,2018,102.346
bgr,sex_t,ocu_skill_total,2019,93.697
bgr,sex_t,ocu_skill_total,2020,85.291
bgr,sex_t,ocu_skill_total,2021,39.841
bgr,sex_t,ocu_skill_total,2022,41.269
bgr,sex_t,ocu_skill_total,2023,37.164
bgr,sex_t,ocu_skill_x,2007,25.993
bhs,sex_f,ocu_isco08_1,2019,0.898
bhs,sex_f,ocu_isco08_2,2019,1.185
bhs,sex_f,ocu_isco08_3,2019,1
bhs,sex_f,ocu_isco08_4,2019,1.427
bhs,sex_f,ocu_isco08_5,2019,7.387
bhs,sex_f,ocu_isco08_7,2019,0.332
bhs,sex_f,ocu_isco08_8,2019,0.403
bhs,sex_f,ocu_isco08_9,2019,3.439
bhs,sex_f,ocu_isco08_total,2019,16.281
bhs,sex_f,ocu_skill_l1,2019,3.439
bhs,sex_f,ocu_skill_l2,2019,9.568
bhs,sex_f,ocu_skill_l3_4,2019,3.084
bhs,sex_f,ocu_skill_total,2019,16.281
bhs,sex_m,ocu_isco08_0,2019,0.154
bhs,sex_m,ocu_isco08_1,2019,0.351
bhs,sex_m,ocu_isco08_2,2019,0.329
bhs,sex_m,ocu_isco08_3,2019,0.968
bhs,sex_m,ocu_isco08_5,2019,3.438
bhs,sex_m,ocu_isco08_6,2019,1.767
bhs,sex_m,ocu_isco08_7,2019,6.734
bhs,sex_m,ocu_isco08_8,2019,2.106
bhs,sex_m,ocu_isco08_9,2019,6.229
bhs,sex_m,ocu_isco08_total,2019,22.521
bhs,sex_m,ocu_skill_l1,2019,6.229
bhs,sex_m,ocu_skill_l2,2019,14.274
bhs,sex_m,ocu_skill_l3_4,2019,1.648
bhs,sex_m,ocu_skill_total,2019,22.521
bhs,sex_m,ocu_skill_x,2019,0.37
bhs,sex_t,ocu_isco08_0,2019,0.154
bhs,sex_t,ocu_isco08_1,2019,1.249
bhs,sex_t,ocu_isco08_2,2019,1.515
bhs,sex_t,ocu_isco08_3,2019,1.968
bhs,sex_t,ocu_isco08_4,2019,1.656
bhs,sex_t,ocu_isco08_5,2019,10.825
bhs,sex_t,ocu_isco08_6,2019,1.785
bhs,sex_t,ocu_isco08_7,2019,7.066
bhs,sex_t,ocu_isco08_8,2019,2.509
bhs,sex_t,ocu_isco08_9,2019,9.669
bhs,sex_t,ocu_isco08_total,2019,38.802
bhs,sex_t,ocu_isco08_x,2019,0.406
bhs,sex_t,ocu_skill_l1,2019,9.669
bhs,sex_t,ocu_skill_l2,2019,23.842
bhs,sex_t,ocu_skill_l3_4,2019,4.731
bhs,sex_t,ocu_skill_total,2019,38.802
bhs,sex_t,ocu_skill_x,2019,0.56
bih,sex_f,ocu_isco08_1,2011,1.473
bih,sex_f,ocu_isco08_1,2012,0.803
bih,sex_f,ocu_isco08_1,2013,2.125
bih,sex_f,ocu_isco08_1,2014,1.434
bih,sex_f,ocu_isco08_1,2015,1.872
bih,sex_f,ocu_isco08_1,2016,2.311
bih,sex_f,ocu_isco08_2,2011,2.072
bih,sex_f,ocu_isco08_2,2012,1.904
bih,sex_f,ocu_isco08_2,2013,1.674
bih,sex_f,ocu_isco08_2,2014,2.434
bih,sex_f,ocu_isco08_2,2015,3.875
bih,sex_f,ocu_isco08_2,2016,2.467
bih,sex_f,ocu_isco08_2,2017,2.237
bih,sex_f,ocu_isco08_2,2018,2.2
bih,sex_f,ocu_isco08_2,2019,1.157
bih,sex_f,ocu_isco08_2,2020,4.087
bih,sex_f,ocu_isco08_2,2021,3.906
bih,sex_f,ocu_isco08_2,2022,2.453
bih,sex_f,ocu_isco08_2,2023,2.383
bih,sex_f,ocu_isco08_3,2011,1.597
bih,sex_f,ocu_isco08_3,2012,1.831
bih,sex_f,ocu_isco08_3,2013,2.258
bih,sex_f,ocu_isco08_3,2014,1.407
bih,sex_f,ocu_isco08_3,2015,1.445
bih,sex_f,ocu_isco08_3,2016,1.936
bih,sex_f,ocu_isco08_3,2017,1.157
bih,sex_f,ocu_isco08_3,2018,1.841
bih,sex_f,ocu_isco08_3,2019,1.018
bih,sex_f,ocu_isco08_3,2020,1.549
bih,sex_f,ocu_isco08_3,2021,1.972
bih,sex_f,ocu_isco08_3,2022,1.628
bih,sex_f,ocu_isco08_3,2023,1.359
bih,sex_f,ocu_isco08_4,2011,1.177
bih,sex_f,ocu_isco08_4,2012,1.715
bih,sex_f,ocu_isco08_4,2013,1.71
bih,sex_f,ocu_isco08_4,2014,1.88
bih,sex_f,ocu_isco08_4,2015,1.827
bih,sex_f,ocu_isco08_4,2016,1.46
bih,sex_f,ocu_isco08_4,2017,1.004
bih,sex_f,ocu_isco08_4,2018,1.229
bih,sex_f,ocu_isco08_4,2019,1.129
bih,sex_f,ocu_isco08_4,2020,1.849
bih,sex_f,ocu_isco08_4,2021,1.495
bih,sex_f,ocu_isco08_4,2022,1.276
bih,sex_f,ocu_isco08_4,2023,1.217
bih,sex_f,ocu_isco08_5,2011,16.278
bih,sex_f,ocu_isco08_5,2012,17.695
bih,sex_f,ocu_isco08_5,2013,16.769
bih,sex_f,ocu_isco08_5,2014,15.942
bih,sex_f,ocu_isco08_5,2015,17.966
bih,sex_f,ocu_isco08_5,2016,14.479
bih,sex_f,ocu_isco08_5,2017,12.975
bih,sex_f,ocu_isco08_5,2018,13.163
bih,sex_f,ocu_isco08_5,2019,9.811
bih,sex_f,ocu_isco08_5,2020,9.085
bih,sex_f,ocu_isco08_5,2021,9.71
bih,sex_f,ocu_isco08_5,2022,8.63
bih,sex_f,ocu_isco08_5,2023,7.339
bih,sex_f,ocu_isco08_6,2011,57.039
bih,sex_f,ocu_isco08_6,2012,57.648
bih,sex_f,ocu_isco08_6,2013,46.651
bih,sex_f,ocu_isco08_6,2014,42.374
bih,sex_f,ocu_isco08_6,2015,39.855
bih,sex_f,ocu_isco08_6,2016,45.096
bih,sex_f,ocu_isco08_6,2017,48.737
bih,sex_f,ocu_isco08_6,2018,35.329
bih,sex_f,ocu_isco08_6,2019,52.809
bih,sex_f,ocu_isco08_6,2020,44.129
bih,sex_f,ocu_isco08_6,2021,96.808
bih,sex_f,ocu_isco08_6,2022,101.444
bih,sex_f,ocu_isco08_6,2023,109.687
bih,sex_f,ocu_isco08_7,2011,3.189
bih,sex_f,ocu_isco08_7,2012,4.066
bih,sex_f,ocu_isco08_7,2013,2.795
bih,sex_f,ocu_isco08_7,2014,3.636
bih,sex_f,ocu_isco08_7,2015,1.921
bih,sex_f,ocu_isco08_7,2016,4.367
bih,sex_f,ocu_isco08_7,2017,3.159
bih,sex_f,ocu_isco08_7,2018,3.447
bih,sex_f,ocu_isco08_7,2019,1.675
bih,sex_f,ocu_isco08_7,2020,3.5
bih,sex_f,ocu_isco08_7,2021,6.124
bih,sex_f,ocu_isco08_7,2022,4.963
bih,sex_f,ocu_isco08_7,2023,2.878
bih,sex_f,ocu_isco08_8,2012,0.54
bih,sex_f,ocu_isco08_8,2013,0.971
bih,sex_f,ocu_isco08_8,2014,1.162
bih,sex_f,ocu_isco08_8,2015,0.845
bih,sex_f,ocu_isco08_8,2016,0.765
bih,sex_f,ocu_isco08_8,2017,0
bih,sex_f,ocu_isco08_8,2019,0.7
bih,sex_f,ocu_isco08_8,2020,0.254
bih,sex_f,ocu_isco08_8,2021,0.971
bih,sex_f,ocu_isco08_8,2022,0.548
bih,sex_f,ocu_isco08_9,2011,6.848
bih,sex_f,ocu_isco08_9,2012,9.694
bih,sex_f,ocu_isco08_9,2013,13.088
bih,sex_f,ocu_isco08_9,2014,10.3
bih,sex_f,ocu_isco08_9,2015,14.625
bih,sex_f,ocu_isco08_9,2016,6.438
bih,sex_f,ocu_isco08_9,2017,11.216
bih,sex_f,ocu_isco08_9,2018,10.542
bih,sex_f,ocu_isco08_9,2019,6.509
bih,sex_f,ocu_isco08_9,2020,11.005
bih,sex_f,ocu_isco08_9,2021,6.875
bih,sex_f,ocu_isco08_9,2022,7.173
bih,sex_f,ocu_isco08_9,2023,9.145
bih,sex_f,ocu_isco08_total,2011,90.04
bih,sex_f,ocu_isco08_total,2012,95.897
bih,sex_f,ocu_isco08_total,2013,88.041
bih,sex_f,ocu_isco08_total,2014,80.569
bih,sex_f,ocu_isco08_total,2015,84.231
bih,sex_f,ocu_isco08_total,2016,79.32
bih,sex_f,ocu_isco08_total,2017,80.518
bih,sex_f,ocu_isco08_total,2018,68.671
bih,sex_f,ocu_isco08_total,2019,74.807
bih,sex_f,ocu_isco08_total,2020,75.515
bih,sex_f,ocu_isco08_total,2021,127.925
bih,sex_f,ocu_isco08_total,2022,128.134
bih,sex_f,ocu_isco08_total,2023,134.07
bih,sex_f,ocu_isco88_1,2006,1.703
bih,sex_f,ocu_isco88_1,2007,1.709
bih,sex_f,ocu_isco88_1,2008,2.716
bih,sex_f,ocu_isco88_1,2009,2.163
bih,sex_f,ocu_isco88_1,2010,2.342
bih,sex_f,ocu_isco88_2,2006,2.773
bih,sex_f,ocu_isco88_2,2007,1.774
bih,sex_f,ocu_isco88_2,2008,1.632
bih,sex_f,ocu_isco88_2,2009,1.701
bih,sex_f,ocu_isco88_2,2010,2.469
bih,sex_f,ocu_isco88_3,2006,2.865
bih,sex_f,ocu_isco88_3,2007,1.827
bih,sex_f,ocu_isco88_3,2008,1.803
bih,sex_f,ocu_isco88_3,2009,1.622
bih,sex_f,ocu_isco88_3,2010,1.758
bih,sex_f,ocu_isco88_4,2006,2.596
bih,sex_f,ocu_isco88_4,2007,2.918
bih,sex_f,ocu_isco88_4,2008,2.225
bih,sex_f,ocu_isco88_4,2009,1.33
bih,sex_f,ocu_isco88_4,2010,1.677
bih,sex_f,ocu_isco88_5,2006,21.399
bih,sex_f,ocu_isco88_5,2007,21.133
bih,sex_f,ocu_isco88_5,2008,18.509
bih,sex_f,ocu_isco88_5,2009,16.715
bih,sex_f,ocu_isco88_5,2010,18.822
bih,sex_f,ocu_isco88_6,2006,38.377
bih,sex_f,ocu_isco88_6,2007,49.438
bih,sex_f,ocu_isco88_6,2008,59.73
bih,sex_f,ocu_isco88_6,2009,70.029
bih,sex_f,ocu_isco88_6,2010,59.547
bih,sex_f,ocu_isco88_7,2006,5.908
bih,sex_f,ocu_isco88_7,2007,4.414
bih,sex_f,ocu_isco88_7,2008,3.388
bih,sex_f,ocu_isco88_7,2009,2.779
bih,sex_f,ocu_isco88_7,2010,3.223
bih,sex_f,ocu_isco88_8,2006,1.189
bih,sex_f,ocu_isco88_8,2007,1.044
bih,sex_f,ocu_isco88_8,2008,2.514
bih,sex_f,ocu_isco88_8,2009,1.312
bih,sex_f,ocu_isco88_9,2006,22.503
bih,sex_f,ocu_isco88_9,2007,14.921
bih,sex_f,ocu_isco88_9,2008,13.372
bih,sex_f,ocu_isco88_9,2009,10.641
bih,sex_f,ocu_isco88_9,2010,10.914
bih,sex_f,ocu_isco88_total,2006,101.106
bih,sex_f,ocu_isco88_total,2007,99.499
bih,sex_f,ocu_isco88_total,2008,106.592
bih,sex_f,ocu_isco88_total,2009,109.268
bih,sex_f,ocu_isco88_total,2010,102.053
bih,sex_f,ocu_isco88_x,2006,1.793
bih,sex_f,ocu_isco88_x,2008,0.703
bih,sex_f,ocu_isco88_x,2009,0.977
bih,sex_f,ocu_isco88_x,2010,0.841
bih,sex_f,ocu_skill_l1,2006,22.503
bih,sex_f,ocu_skill_l1,2007,14.921
bih,sex_f,ocu_skill_l1,2008,13.372
bih,sex_f,ocu_skill_l1,2009,10.641
bih,sex_f,ocu_skill_l1,2010,10.914
bih,sex_f,ocu_skill_l1,2011,6.848
bih,sex_f,ocu_skill_l1,2012,9.694
bih,sex_f,ocu_skill_l1,2013,13.088
bih,sex_f,ocu_skill_l1,2014,10.3
bih,sex_f,ocu_skill_l1,2015,14.625
bih,sex_f,ocu_skill_l1,2016,6.438
bih,sex_f,ocu_skill_l1,2017,11.216
bih,sex_f,ocu_skill_l1,2018,10.542
bih,sex_f,ocu_skill_l1,2019,6.509
bih,sex_f,ocu_skill_l1,2020,11.005
bih,sex_f,ocu_skill_l1,2021,6.875
bih,sex_f,ocu_skill_l1,2022,7.173
bih,sex_f,ocu_skill_l1,2023,9.145
bih,sex_f,ocu_skill_l2,2006,69.469
bih,sex_f,ocu_skill_l2,2007,78.947
bih,sex_f,ocu_skill_l2,2008,86.366
bih,sex_f,ocu_skill_l2,2009,92.165
bih,sex_f,ocu_skill_l2,2010,83.729
bih,sex_f,ocu_skill_l2,2011,78.05
bih,sex_f,ocu_skill_l2,2012,81.664
bih,sex_f,ocu_skill_l2,2013,68.896
bih,sex_f,ocu_skill_l2,2014,64.994
bih,sex_f,ocu_skill_l2,2015,62.415
bih,sex_f,ocu_skill_l2,2016,66.167
bih,sex_f,ocu_skill_l2,2017,65.875
bih,sex_f,ocu_skill_l2,2018,53.75
bih,sex_f,ocu_skill_l2,2019,66.123
bih,sex_f,ocu_skill_l2,2020,58.817
bih,sex_f,ocu_skill_l2,2021,115.107
bih,sex_f,ocu_skill_l2,2022,116.861
bih,sex_f,ocu_skill_l2,2023,121.176
bih,sex_f,ocu_skill_l3_4,2006,7.341
bih,sex_f,ocu_skill_l3_4,2007,5.31
bih,sex_f,ocu_skill_l3_4,2008,6.151
bih,sex_f,ocu_skill_l3_4,2009,5.486
bih,sex_f,ocu_skill_l3_4,2010,6.569
bih,sex_f,ocu_skill_l3_4,2011,5.141
bih,sex_f,ocu_skill_l3_4,2012,4.539
bih,sex_f,ocu_skill_l3_4,2013,6.058
bih,sex_f,ocu_skill_l3_4,2014,5.275
bih,sex_f,ocu_skill_l3_4,2015,7.192
bih,sex_f,ocu_skill_l3_4,2016,6.715
bih,sex_f,ocu_skill_l3_4,2017,3.427
bih,sex_f,ocu_skill_l3_4,2018,4.25
bih,sex_f,ocu_skill_l3_4,2019,2.176
bih,sex_f,ocu_skill_l3_4,2020,5.693
bih,sex_f,ocu_skill_l3_4,2021,5.942
bih,sex_f,ocu_skill_l3_4,2022,4.1
bih,sex_f,ocu_skill_l3_4,2023,3.748
bih,sex_f,ocu_skill_total,2006,101.106
bih,sex_f,ocu_skill_total,2007,99.499
bih,sex_f,ocu_skill_total,2008,106.592
bih,sex_f,ocu_skill_total,2009,109.268
bih,sex_f,ocu_skill_total,2010,102.053
bih,sex_f,ocu_skill_total,2011,90.04
bih,sex_f,ocu_skill_total,2012,95.897
bih,sex_f,ocu_skill_total,2013,88.041
bih,sex_f,ocu_skill_total,2014,80.569
bih,sex_f,ocu_skill_total,2015,84.231
bih,sex_f,ocu_skill_total,2016,79.32
bih,sex_f,ocu_skill_total,2017,80.518
bih,sex_f,ocu_skill_total,2018,68.671
bih,sex_f,ocu_skill_total,2019,74.807
bih,sex_f,ocu_skill_total,2020,75.515
bih,sex_f,ocu_skill_total,2021,127.925
bih,sex_f,ocu_skill_total,2022,128.134
bih,sex_f,ocu_skill_total,2023,134.07
bih,sex_f,ocu_skill_x,2006,1.793
bih,sex_f,ocu_skill_x,2008,0.703
bih,sex_f,ocu_skill_x,2009,0.977
bih,sex_f,ocu_skill_x,2010,0.841
bih,sex_m,ocu_isco08_1,2011,5.353
bih,sex_m,ocu_isco08_1,2012,4.606
bih,sex_m,ocu_isco08_1,2013,7.358
bih,sex_m,ocu_isco08_1,2014,5.297
bih,sex_m,ocu_isco08_1,2015,6.461
bih,sex_m,ocu_isco08_1,2016,6.798
bih,sex_m,ocu_isco08_1,2020,0.373
bih,sex_m,ocu_isco08_1,2021,0.569
bih,sex_m,ocu_isco08_1,2022,0.253
bih,sex_m,ocu_isco08_2,2011,2.722
bih,sex_m,ocu_isco08_2,2012,3.607
bih,sex_m,ocu_isco08_2,2013,3.993
bih,sex_m,ocu_isco08_2,2014,5.263
bih,sex_m,ocu_isco08_2,2015,4.15
bih,sex_m,ocu_isco08_2,2016,4.104
bih,sex_m,ocu_isco08_2,2017,3.116
bih,sex_m,ocu_isco08_2,2018,2.456
bih,sex_m,ocu_isco08_2,2019,1.872
bih,sex_m,ocu_isco08_2,2020,2.47
bih,sex_m,ocu_isco08_2,2021,4.244
bih,sex_m,ocu_isco08_2,2022,4.239
bih,sex_m,ocu_isco08_2,2023,3.755
bih,sex_m,ocu_isco08_3,2011,2.85
bih,sex_m,ocu_isco08_3,2012,3.237
bih,sex_m,ocu_isco08_3,2013,4.642
bih,sex_m,ocu_isco08_3,2014,2.862
bih,sex_m,ocu_isco08_3,2015,3.954
bih,sex_m,ocu_isco08_3,2016,2.494
bih,sex_m,ocu_isco08_3,2017,1.944
bih,sex_m,ocu_isco08_3,2018,2.036
bih,sex_m,ocu_isco08_3,2019,1.862
bih,sex_m,ocu_isco08_3,2020,2.003
bih,sex_m,ocu_isco08_3,2021,2.846
bih,sex_m,ocu_isco08_3,2022,2.535
bih,sex_m,ocu_isco08_3,2023,2.813
bih,sex_m,ocu_isco08_4,2011,0.772
bih,sex_m,ocu_isco08_4,2012,1.983
bih,sex_m,ocu_isco08_4,2013,1.306
bih,sex_m,ocu_isco08_4,2014,1.362
bih,sex_m,ocu_isco08_4,2015,1.501
bih,sex_m,ocu_isco08_4,2016,1.972
bih,sex_m,ocu_isco08_4,2017,1.525
bih,sex_m,ocu_isco08_4,2018,0.892
bih,sex_m,ocu_isco08_4,2020,0.409
bih,sex_m,ocu_isco08_4,2021,1.496
bih,sex_m,ocu_isco08_4,2022,1.568
bih,sex_m,ocu_isco08_4,2023,1.511
bih,sex_m,ocu_isco08_5,2011,15.031
bih,sex_m,ocu_isco08_5,2012,18.168
bih,sex_m,ocu_isco08_5,2013,15.934
bih,sex_m,ocu_isco08_5,2014,18.456
bih,sex_m,ocu_isco08_5,2015,20.689
bih,sex_m,ocu_isco08_5,2016,21.312
bih,sex_m,ocu_isco08_5,2017,10.932
bih,sex_m,ocu_isco08_5,2018,7.41
bih,sex_m,ocu_isco08_5,2019,7.126
bih,sex_m,ocu_isco08_5,2020,8.332
bih,sex_m,ocu_isco08_5,2021,10.033
bih,sex_m,ocu_isco08_5,2022,7.968
bih,sex_m,ocu_isco08_5,2023,6.798
bih,sex_m,ocu_isco08_6,2011,69.914
bih,sex_m,ocu_isco08_6,2012,71.362
bih,sex_m,ocu_isco08_6,2013,64
bih,sex_m,ocu_isco08_6,2014,62.308
bih,sex_m,ocu_isco08_6,2015,66.066
bih,sex_m,ocu_isco08_6,2016,68.518
bih,sex_m,ocu_isco08_6,2017,50.084
bih,sex_m,ocu_isco08_6,2018,41.746
bih,sex_m,ocu_isco08_6,2019,50.794
bih,sex_m,ocu_isco08_6,2020,32.221
bih,sex_m,ocu_isco08_6,2021,65.451
bih,sex_m,ocu_isco08_6,2022,64.21
bih,sex_m,ocu_isco08_6,2023,65.6
bih,sex_m,ocu_isco08_7,2011,28.613
bih,sex_m,ocu_isco08_7,2012,33.699
bih,sex_m,ocu_isco08_7,2013,32.384
bih,sex_m,ocu_isco08_7,2014,27.015
bih,sex_m,ocu_isco08_7,2015,24.455
bih,sex_m,ocu_isco08_7,2016,28.138
bih,sex_m,ocu_isco08_7,2017,20.824
bih,sex_m,ocu_isco08_7,2018,27.277
bih,sex_m,ocu_isco08_7,2019,26.362
bih,sex_m,ocu_isco08_7,2020,21.234
bih,sex_m,ocu_isco08_7,2021,21.453
bih,sex_m,ocu_isco08_7,2022,21.593
bih,sex_m,ocu_isco08_7,2023,23.151
bih,sex_m,ocu_isco08_8,2011,13.424
bih,sex_m,ocu_isco08_8,2012,12.036
bih,sex_m,ocu_isco08_8,2013,11.691
bih,sex_m,ocu_isco08_8,2014,10.377
bih,sex_m,ocu_isco08_8,2015,10.612
bih,sex_m,ocu_isco08_8,2016,9.508
bih,sex_m,ocu_isco08_8,2017,6.24
bih,sex_m,ocu_isco08_8,2018,7.039
bih,sex_m,ocu_isco08_8,2019,5.549
bih,sex_m,ocu_isco08_8,2020,4.28
bih,sex_m,ocu_isco08_8,2021,5.065
bih,sex_m,ocu_isco08_8,2022,4.379
bih,sex_m,ocu_isco08_8,2023,5.881
bih,sex_m,ocu_isco08_9,2011,23.315
bih,sex_m,ocu_isco08_9,2012,29.51
bih,sex_m,ocu_isco08_9,2013,29.509
bih,sex_m,ocu_isco08_9,2014,24.239
bih,sex_m,ocu_isco08_9,2015,25.286
bih,sex_m,ocu_isco08_9,2016,21.998
bih,sex_m,ocu_isco08_9,2017,26.864
bih,sex_m,ocu_isco08_9,2018,24.288
bih,sex_m,ocu_isco08_9,2019,16.959
bih,sex_m,ocu_isco08_9,2020,20.858
bih,sex_m,ocu_isco08_9,2021,22.021
bih,sex_m,ocu_isco08_9,2022,22.926
bih,sex_m,ocu_isco08_9,2023,19.935
bih,sex_m,ocu_isco08_total,2011,161.992
bih,sex_m,ocu_isco08_total,2012,178.209
bih,sex_m,ocu_isco08_total,2013,170.816
bih,sex_m,ocu_isco08_total,2014,157.177
bih,sex_m,ocu_isco08_total,2015,163.297
bih,sex_m,ocu_isco08_total,2016,164.843
bih,sex_m,ocu_isco08_total,2017,121.959
bih,sex_m,ocu_isco08_total,2018,113.468
bih,sex_m,ocu_isco08_total,2019,110.852
bih,sex_m,ocu_isco08_total,2020,92.18
bih,sex_m,ocu_isco08_total,2021,133.178
bih,sex_m,ocu_isco08_total,2022,129.726
bih,sex_m,ocu_isco08_total,2023,129.521
bih,sex_m,ocu_isco88_1,2006,7.48
bih,sex_m,ocu_isco88_1,2007,8.72
bih,sex_m,ocu_isco88_1,2008,7.044
bih,sex_m,ocu_isco88_1,2009,7.361
bih,sex_m,ocu_isco88_1,2010,8.399
bih,sex_m,ocu_isco88_2,2006,3.923
bih,sex_m,ocu_isco88_2,2007,3.085
bih,sex_m,ocu_isco88_2,2008,2.337
bih,sex_m,ocu_isco88_2,2009,3.132
bih,sex_m,ocu_isco88_2,2010,3.471
bih,sex_m,ocu_isco88_3,2006,6.224
bih,sex_m,ocu_isco88_3,2007,5.002
bih,sex_m,ocu_isco88_3,2008,5.447
bih,sex_m,ocu_isco88_3,2009,2.779
bih,sex_m,ocu_isco88_3,2010,4.474
bih,sex_m,ocu_isco88_4,2006,0.755
bih,sex_m,ocu_isco88_4,2007,2.077
bih,sex_m,ocu_isco88_4,2008,2.038
bih,sex_m,ocu_isco88_4,2009,1.106
bih,sex_m,ocu_isco88_4,2010,1.685
bih,sex_m,ocu_isco88_5,2006,20.31
bih,sex_m,ocu_isco88_5,2007,18.343
bih,sex_m,ocu_isco88_5,2008,18.134
bih,sex_m,ocu_isco88_5,2009,17.436
bih,sex_m,ocu_isco88_5,2010,17.152
bih,sex_m,ocu_isco88_6,2006,62.736
bih,sex_m,ocu_isco88_6,2007,70.698
bih,sex_m,ocu_isco88_6,2008,78.496
bih,sex_m,ocu_isco88_6,2009,72.722
bih,sex_m,ocu_isco88_6,2010,68.753
bih,sex_m,ocu_isco88_7,2006,45.989
bih,sex_m,ocu_isco88_7,2007,47.034
bih,sex_m,ocu_isco88_7,2008,42.977
bih,sex_m,ocu_isco88_7,2009,38.492
bih,sex_m,ocu_isco88_7,2010,31.016
bih,sex_m,ocu_isco88_8,2006,16.746
bih,sex_m,ocu_isco88_8,2007,18.523
bih,sex_m,ocu_isco88_8,2008,12.029
bih,sex_m,ocu_isco88_8,2009,10.204
bih,sex_m,ocu_isco88_8,2010,10.893
bih,sex_m,ocu_isco88_9,2006,38.029
bih,sex_m,ocu_isco88_9,2007,35.1
bih,sex_m,ocu_isco88_9,2008,37.346
bih,sex_m,ocu_isco88_9,2009,26.112
bih,sex_m,ocu_isco88_9,2010,20.932
bih,sex_m,ocu_isco88_total,2006,206.784
bih,sex_m,ocu_isco88_total,2007,215.325
bih,sex_m,ocu_isco88_total,2008,210.131
bih,sex_m,ocu_isco88_total,2009,181.096
bih,sex_m,ocu_isco88_total,2010,169.312
bih,sex_m,ocu_isco88_x,2006,4.479
bih,sex_m,ocu_isco88_x,2007,6.67
bih,sex_m,ocu_isco88_x,2008,4.052
bih,sex_m,ocu_isco88_x,2009,1.752
bih,sex_m,ocu_isco88_x,2010,2.428
bih,sex_m,ocu_skill_l1,2006,38.029
bih,sex_m,ocu_skill_l1,2007,35.1
bih,sex_m,ocu_skill_l1,2008,37.346
bih,sex_m,ocu_skill_l1,2009,26.112
bih,sex_m,ocu_skill_l1,2010,20.932
bih,sex_m,ocu_skill_l1,2011,23.315
bih,sex_m,ocu_skill_l1,2012,29.51
bih,sex_m,ocu_skill_l1,2013,29.509
bih,sex_m,ocu_skill_l1,2014,24.239
bih,sex_m,ocu_skill_l1,2015,25.286
bih,sex_m,ocu_skill_l1,2016,21.998
bih,sex_m,ocu_skill_l1,2017,26.864
bih,sex_m,ocu_skill_l1,2018,24.288
bih,sex_m,ocu_skill_l1,2019,16.959
bih,sex_m,ocu_skill_l1,2020,20.858
bih,sex_m,ocu_skill_l1,2021,22.021
bih,sex_m,ocu_skill_l1,2022,22.926
bih,sex_m,ocu_skill_l1,2023,19.935
bih,sex_m,ocu_skill_l2,2006,146.536
bih,sex_m,ocu_skill_l2,2007,156.675
bih,sex_m,ocu_skill_l2,2008,153.674
bih,sex_m,ocu_skill_l2,2009,139.959
bih,sex_m,ocu_skill_l2,2010,129.498
bih,sex_m,ocu_skill_l2,2011,127.753
bih,sex_m,ocu_skill_l2,2012,137.249
bih,sex_m,ocu_skill_l2,2013,125.314
bih,sex_m,ocu_skill_l2,2014,119.517
bih,sex_m,ocu_skill_l2,2015,123.323
bih,sex_m,ocu_skill_l2,2016,129.449
bih,sex_m,ocu_skill_l2,2017,89.605
bih,sex_m,ocu_skill_l2,2018,84.364
bih,sex_m,ocu_skill_l2,2019,90.13
bih,sex_m,ocu_skill_l2,2020,66.476
bih,sex_m,ocu_skill_l2,2021,103.499
bih,sex_m,ocu_skill_l2,2022,99.717
bih,sex_m,ocu_skill_l2,2023,102.941
bih,sex_m,ocu_skill_l3_4,2006,17.628
bih,sex_m,ocu_skill_l3_4,2007,16.807
bih,sex_m,ocu_skill_l3_4,2008,14.829
bih,sex_m,ocu_skill_l3_4,2009,13.272
bih,sex_m,ocu_skill_l3_4,2010,16.344
bih,sex_m,ocu_skill_l3_4,2011,10.925
bih,sex_m,ocu_skill_l3_4,2012,11.451
bih,sex_m,ocu_skill_l3_4,2013,15.993
bih,sex_m,ocu_skill_l3_4,2014,13.422
bih,sex_m,ocu_skill_l3_4,2015,14.565
bih,sex_m,ocu_skill_l3_4,2016,13.396
bih,sex_m,ocu_skill_l3_4,2017,5.489
bih,sex_m,ocu_skill_l3_4,2018,4.815
bih,sex_m,ocu_skill_l3_4,2019,3.763
bih,sex_m,ocu_skill_l3_4,2020,4.846
bih,sex_m,ocu_skill_l3_4,2021,7.658
bih,sex_m,ocu_skill_l3_4,2022,7.027
bih,sex_m,ocu_skill_l3_4,2023,6.644
bih,sex_m,ocu_skill_total,2006,206.784
bih,sex_m,ocu_skill_total,2007,215.325
bih,sex_m,ocu_skill_total,2008,210.131
bih,sex_m,ocu_skill_total,2009,181.096
bih,sex_m,ocu_skill_total,2010,169.312
bih,sex_m,ocu_skill_total,2011,161.992
bih,sex_m,ocu_skill_total,2012,178.209
bih,sex_m,ocu_skill_total,2013,170.816
bih,sex_m,ocu_skill_total,2014,157.177
bih,sex_m,ocu_skill_total,2015,163.297
bih,sex_m,ocu_skill_total,2016,164.843
bih,sex_m,ocu_skill_total,2017,121.959
bih,sex_m,ocu_skill_total,2018,113.468
bih,sex_m,ocu_skill_total,2019,110.852
bih,sex_m,ocu_skill_total,2020,92.18
bih,sex_m,ocu_skill_total,2021,133.178
bih,sex_m,ocu_skill_total,2022,129.726
bih,sex_m,ocu_skill_total,2023,129.521
bih,sex_m,ocu_skill_x,2006,4.592
bih,sex_m,ocu_skill_x,2007,6.742
bih,sex_m,ocu_skill_x,2008,4.282
bih,sex_m,ocu_skill_x,2009,1.752
bih,sex_m,ocu_skill_x,2010,2.537
bih,sex_t,ocu_isco08_1,2011,6.826
bih,sex_t,ocu_isco08_1,2012,5.41
bih,sex_t,ocu_isco08_1,2013,9.483
bih,sex_t,ocu_isco08_1,2014,6.731
bih,sex_t,ocu_isco08_1,2015,8.334
bih,sex_t,ocu_isco08_1,2016,9.11
bih,sex_t,ocu_isco08_1,2017,0.463
bih,sex_t,ocu_isco08_1,2018,0.531
bih,sex_t,ocu_isco08_1,2020,0.43
bih,sex_t,ocu_isco08_1,2021,0.633
bih,sex_t,ocu_isco08_1,2022,0.272
bih,sex_t,ocu_isco08_2,2011,4.794
bih,sex_t,ocu_isco08_2,2012,5.511
bih,sex_t,ocu_isco08_2,2013,5.667
bih,sex_t,ocu_isco08_2,2014,7.696
bih,sex_t,ocu_isco08_2,2015,8.024
bih,sex_t,ocu_isco08_2,2016,6.571
bih,sex_t,ocu_isco08_2,2017,5.353
bih,sex_t,ocu_isco08_2,2018,4.657
bih,sex_t,ocu_isco08_2,2019,3.03
bih,sex_t,ocu_isco08_2,2020,6.558
bih,sex_t,ocu_isco08_2,2021,8.149
bih,sex_t,ocu_isco08_2,2022,6.692
bih,sex_t,ocu_isco08_2,2023,6.138
bih,sex_t,ocu_isco08_3,2011,4.447
bih,sex_t,ocu_isco08_3,2012,5.068
bih,sex_t,ocu_isco08_3,2013,6.9
bih,sex_t,ocu_isco08_3,2014,4.27
bih,sex_t,ocu_isco08_3,2015,5.399
bih,sex_t,ocu_isco08_3,2016,4.43
bih,sex_t,ocu_isco08_3,2017,3.101
bih,sex_t,ocu_isco08_3,2018,3.877
bih,sex_t,ocu_isco08_3,2019,2.88
bih,sex_t,ocu_isco08_3,2020,3.552
bih,sex_t,ocu_isco08_3,2021,4.818
bih,sex_t,ocu_isco08_3,2022,4.163
bih,sex_t,ocu_isco08_3,2023,4.171
bih,sex_t,ocu_isco08_4,2011,1.948
bih,sex_t,ocu_isco08_4,2012,3.698
bih,sex_t,ocu_isco08_4,2013,3.016
bih,sex_t,ocu_isco08_4,2014,3.242
bih,sex_t,ocu_isco08_4,2015,3.328
bih,sex_t,ocu_isco08_4,2016,3.432
bih,sex_t,ocu_isco08_4,2017,2.529
bih,sex_t,ocu_isco08_4,2018,2.121
bih,sex_t,ocu_isco08_4,2019,1.427
bih,sex_t,ocu_isco08_4,2020,2.259
bih,sex_t,ocu_isco08_4,2021,2.991
bih,sex_t,ocu_isco08_4,2022,2.843
bih,sex_t,ocu_isco08_4,2023,2.728
bih,sex_t,ocu_isco08_5,2011,31.309
bih,sex_t,ocu_isco08_5,2012,35.863
bih,sex_t,ocu_isco08_5,2013,32.702
bih,sex_t,ocu_isco08_5,2014,34.398
bih,sex_t,ocu_isco08_5,2015,38.656
bih,sex_t,ocu_isco08_5,2016,35.791
bih,sex_t,ocu_isco08_5,2017,23.907
bih,sex_t,ocu_isco08_5,2018,20.573
bih,sex_t,ocu_isco08_5,2019,16.938
bih,sex_t,ocu_isco08_5,2020,17.417
bih,sex_t,ocu_isco08_5,2021,19.743
bih,sex_t,ocu_isco08_5,2022,16.598
bih,sex_t,ocu_isco08_5,2023,14.136
bih,sex_t,ocu_isco08_6,2011,126.953
bih,sex_t,ocu_isco08_6,2012,129.01
bih,sex_t,ocu_isco08_6,2013,110.651
bih,sex_t,ocu_isco08_6,2014,104.681
bih,sex_t,ocu_isco08_6,2015,105.921
bih,sex_t,ocu_isco08_6,2016,113.614
bih,sex_t,ocu_isco08_6,2017,98.821
bih,sex_t,ocu_isco08_6,2018,77.075
bih,sex_t,ocu_isco08_6,2019,103.603
bih,sex_t,ocu_isco08_6,2020,76.35
bih,sex_t,ocu_isco08_6,2021,162.259
bih,sex_t,ocu_isco08_6,2022,165.654
bih,sex_t,ocu_isco08_6,2023,175.287
bih,sex_t,ocu_isco08_7,2011,31.802
bih,sex_t,ocu_isco08_7,2012,37.764
bih,sex_t,ocu_isco08_7,2013,35.179
bih,sex_t,ocu_isco08_7,2014,30.651
bih,sex_t,ocu_isco08_7,2015,26.376
bih,sex_t,ocu_isco08_7,2016,32.505
bih,sex_t,ocu_isco08_7,2017,23.984
bih,sex_t,ocu_isco08_7,2018,30.724
bih,sex_t,ocu_isco08_7,2019,28.037
bih,sex_t,ocu_isco08_7,2020,24.734
bih,sex_t,ocu_isco08_7,2021,27.577
bih,sex_t,ocu_isco08_7,2022,26.556
bih,sex_t,ocu_isco08_7,2023,26.029
bih,sex_t,ocu_isco08_8,2011,13.791
bih,sex_t,ocu_isco08_8,2012,12.577
bih,sex_t,ocu_isco08_8,2013,12.662
bih,sex_t,ocu_isco08_8,2014,11.539
bih,sex_t,ocu_isco08_8,2015,11.457
bih,sex_t,ocu_isco08_8,2016,10.273
bih,sex_t,ocu_isco08_8,2017,6.24
bih,sex_t,ocu_isco08_8,2018,7.621
bih,sex_t,ocu_isco08_8,2019,6.249
bih,sex_t,ocu_isco08_8,2020,4.534
bih,sex_t,ocu_isco08_8,2021,6.036
bih,sex_t,ocu_isco08_8,2022,4.926
bih,sex_t,ocu_isco08_8,2023,5.937
bih,sex_t,ocu_isco08_9,2011,30.163
bih,sex_t,ocu_isco08_9,2012,39.204
bih,sex_t,ocu_isco08_9,2013,42.597
bih,sex_t,ocu_isco08_9,2014,34.539
bih,sex_t,ocu_isco08_9,2015,39.911
bih,sex_t,ocu_isco08_9,2016,28.436
bih,sex_t,ocu_isco08_9,2017,38.079
bih,sex_t,ocu_isco08_9,2018,34.83
bih,sex_t,ocu_isco08_9,2019,23.468
bih,sex_t,ocu_isco08_9,2020,31.863
bih,sex_t,ocu_isco08_9,2021,28.896
bih,sex_t,ocu_isco08_9,2022,30.098
bih,sex_t,ocu_isco08_9,2023,29.08
bih,sex_t,ocu_isco08_total,2011,252.033
bih,sex_t,ocu_isco08_total,2012,274.106
bih,sex_t,ocu_isco08_total,2013,258.857
bih,sex_t,ocu_isco08_total,2014,237.746
bih,sex_t,ocu_isco08_total,2015,247.528
bih,sex_t,ocu_isco08_total,2016,244.163
bih,sex_t,ocu_isco08_total,2017,202.477
bih,sex_t,ocu_isco08_total,2018,182.138
bih,sex_t,ocu_isco08_total,2019,185.659
bih,sex_t,ocu_isco08_total,2020,167.695
bih,sex_t,ocu_isco08_total,2021,261.103
bih,sex_t,ocu_isco08_total,2022,257.86
bih,sex_t,ocu_isco08_total,2023,263.59
bih,sex_t,ocu_isco88_1,2006,9.183
bih,sex_t,ocu_isco88_1,2007,10.429
bih,sex_t,ocu_isco88_1,2008,9.76
bih,sex_t,ocu_isco88_1,2009,9.524
bih,sex_t,ocu_isco88_1,2010,10.741
bih,sex_t,ocu_isco88_2,2006,6.696
bih,sex_t,ocu_isco88_2,2007,4.859
bih,sex_t,ocu_isco88_2,2008,3.969
bih,sex_t,ocu_isco88_2,2009,4.833
bih,sex_t,ocu_isco88_2,2010,5.94
bih,sex_t,ocu_isco88_3,2006,9.09
bih,sex_t,ocu_isco88_3,2007,6.829
bih,sex_t,ocu_isco88_3,2008,7.25
bih,sex_t,ocu_isco88_3,2009,4.4
bih,sex_t,ocu_isco88_3,2010,6.232
bih,sex_t,ocu_isco88_4,2006,3.351
bih,sex_t,ocu_isco88_4,2007,4.995
bih,sex_t,ocu_isco88_4,2008,4.263
bih,sex_t,ocu_isco88_4,2009,2.436
bih,sex_t,ocu_isco88_4,2010,3.361
bih,sex_t,ocu_isco88_5,2006,41.709
bih,sex_t,ocu_isco88_5,2007,39.476
bih,sex_t,ocu_isco88_5,2008,36.643
bih,sex_t,ocu_isco88_5,2009,34.151
bih,sex_t,ocu_isco88_5,2010,35.974
bih,sex_t,ocu_isco88_6,2006,101.113
bih,sex_t,ocu_isco88_6,2007,120.136
bih,sex_t,ocu_isco88_6,2008,138.226
bih,sex_t,ocu_isco88_6,2009,142.75
bih,sex_t,ocu_isco88_6,2010,128.3
bih,sex_t,ocu_isco88_7,2006,51.897
bih,sex_t,ocu_isco88_7,2007,51.448
bih,sex_t,ocu_isco88_7,2008,46.365
bih,sex_t,ocu_isco88_7,2009,41.271
bih,sex_t,ocu_isco88_7,2010,34.239
bih,sex_t,ocu_isco88_8,2006,17.935
bih,sex_t,ocu_isco88_8,2007,19.566
bih,sex_t,ocu_isco88_8,2008,14.543
bih,sex_t,ocu_isco88_8,2009,11.517
bih,sex_t,ocu_isco88_8,2010,11.352
bih,sex_t,ocu_isco88_9,2006,60.532
bih,sex_t,ocu_isco88_9,2007,50.022
bih,sex_t,ocu_isco88_9,2008,50.718
bih,sex_t,ocu_isco88_9,2009,36.753
bih,sex_t,ocu_isco88_9,2010,31.846
bih,sex_t,ocu_isco88_total,2006,307.89
bih,sex_t,ocu_isco88_total,2007,314.823
bih,sex_t,ocu_isco88_total,2008,316.723
bih,sex_t,ocu_isco88_total,2009,290.364
bih,sex_t,ocu_isco88_total,2010,271.365
bih,sex_t,ocu_isco88_x,2006,6.272
bih,sex_t,ocu_isco88_x,2007,6.989
bih,sex_t,ocu_isco88_x,2008,4.755
bih,sex_t,ocu_isco88_x,2009,2.729
bih,sex_t,ocu_isco88_x,2010,3.269
bih,sex_t,ocu_skill_l1,2006,60.532
bih,sex_t,ocu_skill_l1,2007,50.022
bih,sex_t,ocu_skill_l1,2008,50.718
bih,sex_t,ocu_skill_l1,2009,36.753
bih,sex_t,ocu_skill_l1,2010,31.846
bih,sex_t,ocu_skill_l1,2011,30.163
bih,sex_t,ocu_skill_l1,2012,39.204
bih,sex_t,ocu_skill_l1,2013,42.597
bih,sex_t,ocu_skill_l1,2014,34.539
bih,sex_t,ocu_skill_l1,2015,39.911
bih,sex_t,ocu_skill_l1,2016,28.436
bih,sex_t,ocu_skill_l1,2017,38.079
bih,sex_t,ocu_skill_l1,2018,34.83
bih,sex_t,ocu_skill_l1,2019,23.468
bih,sex_t,ocu_skill_l1,2020,31.863
bih,sex_t,ocu_skill_l1,2021,28.896
bih,sex_t,ocu_skill_l1,2022,30.098
bih,sex_t,ocu_skill_l1,2023,29.08
bih,sex_t,ocu_skill_l2,2006,216.005
bih,sex_t,ocu_skill_l2,2007,235.622
bih,sex_t,ocu_skill_l2,2008,240.04
bih,sex_t,ocu_skill_l2,2009,232.125
bih,sex_t,ocu_skill_l2,2010,213.227
bih,sex_t,ocu_skill_l2,2011,205.803
bih,sex_t,ocu_skill_l2,2012,218.913
bih,sex_t,ocu_skill_l2,2013,194.21
bih,sex_t,ocu_skill_l2,2014,184.511
bih,sex_t,ocu_skill_l2,2015,185.738
bih,sex_t,ocu_skill_l2,2016,195.616
bih,sex_t,ocu_skill_l2,2017,155.481
bih,sex_t,ocu_skill_l2,2018,138.114
bih,sex_t,ocu_skill_l2,2019,156.253
bih,sex_t,ocu_skill_l2,2020,125.293
bih,sex_t,ocu_skill_l2,2021,218.606
bih,sex_t,ocu_skill_l2,2022,216.578
bih,sex_t,ocu_skill_l2,2023,224.117
bih,sex_t,ocu_skill_l3_4,2006,24.969
bih,sex_t,ocu_skill_l3_4,2007,22.117
bih,sex_t,ocu_skill_l3_4,2008,20.98
bih,sex_t,ocu_skill_l3_4,2009,18.758
bih,sex_t,ocu_skill_l3_4,2010,22.913
bih,sex_t,ocu_skill_l3_4,2011,16.067
bih,sex_t,ocu_skill_l3_4,2012,15.989
bih,sex_t,ocu_skill_l3_4,2013,22.05
bih,sex_t,ocu_skill_l3_4,2014,18.696
bih,sex_t,ocu_skill_l3_4,2015,21.757
bih,sex_t,ocu_skill_l3_4,2016,20.111
bih,sex_t,ocu_skill_l3_4,2017,8.917
bih,sex_t,ocu_skill_l3_4,2018,9.065
bih,sex_t,ocu_skill_l3_4,2019,5.939
bih,sex_t,ocu_skill_l3_4,2020,10.539
bih,sex_t,ocu_skill_l3_4,2021,13.6
bih,sex_t,ocu_skill_l3_4,2022,11.127
bih,sex_t,ocu_skill_l3_4,2023,10.393
bih,sex_t,ocu_skill_total,2006,307.89
bih,sex_t,ocu_skill_total,2007,314.823
bih,sex_t,ocu_skill_total,2008,316.723
bih,sex_t,ocu_skill_total,2009,290.364
bih,sex_t,ocu_skill_total,2010,271.365
bih,sex_t,ocu_skill_total,2011,252.033
bih,sex_t,ocu_skill_total,2012,274.106
bih,sex_t,ocu_skill_total,2013,258.857
bih,sex_t,ocu_skill_total,2014,237.746
bih,sex_t,ocu_skill_total,2015,247.528
bih,sex_t,ocu_skill_total,2016,244.163
bih,sex_t,ocu_skill_total,2017,202.477
bih,sex_t,ocu_skill_total,2018,182.138
bih,sex_t,ocu_skill_total,2019,185.659
bih,sex_t,ocu_skill_total,2020,167.695
bih,sex_t,ocu_skill_total,2021,261.103
bih,sex_t,ocu_skill_total,2022,257.86
bih,sex_t,ocu_skill_total,2023,263.59
bih,sex_t,ocu_skill_x,2006,6.385
bih,sex_t,ocu_skill_x,2007,7.062
bih,sex_t,ocu_skill_x,2008,4.985
bih,sex_t,ocu_skill_x,2009,2.729
bih,sex_t,ocu_skill_x,2010,3.378
bol,sex_f,ocu_isco08_0,2008,0.972
bol,sex_f,ocu_isco08_0,2011,2.431
bol,sex_f,ocu_isco08_0,2014,2.476
bol,sex_f,ocu_isco08_0,2016,0.149
bol,sex_f,ocu_isco08_1,2005,9.444
bol,sex_f,ocu_isco08_1,2006,18.297
bol,sex_f,ocu_isco08_1,2007,6.135
bol,sex_f,ocu_isco08_1,2009,5.727
bol,sex_f,ocu_isco08_1,2011,17.533
bol,sex_f,ocu_isco08_1,2012,7.98
bol,sex_f,ocu_isco08_1,2013,13.732
bol,sex_f,ocu_isco08_1,2014,19.196
bol,sex_f,ocu_isco08_1,2015,14.393
bol,sex_f,ocu_isco08_1,2016,14.237
bol,sex_f,ocu_isco08_1,2017,17.603
bol,sex_f,ocu_isco08_1,2018,21.223
bol,sex_f,ocu_isco08_1,2019,19.153
bol,sex_f,ocu_isco08_1,2022,16.584
bol,sex_f,ocu_isco08_1,2023,16.586
bol,sex_f,ocu_isco08_2,2005,79.064
bol,sex_f,ocu_isco08_2,2006,127.486
bol,sex_f,ocu_isco08_2,2007,33.087
bol,sex_f,ocu_isco08_2,2008,43.24
bol,sex_f,ocu_isco08_2,2009,57.816
bol,sex_f,ocu_isco08_2,2011,57.889
bol,sex_f,ocu_isco08_2,2012,65.537
bol,sex_f,ocu_isco08_2,2013,73.08
bol,sex_f,ocu_isco08_2,2014,70.862
bol,sex_f,ocu_isco08_2,2015,84.203
bol,sex_f,ocu_isco08_2,2016,52.903
bol,sex_f,ocu_isco08_2,2017,50.001
bol,sex_f,ocu_isco08_2,2018,49.007
bol,sex_f,ocu_isco08_2,2019,61.05
bol,sex_f,ocu_isco08_2,2022,59.491
bol,sex_f,ocu_isco08_2,2023,65.696
bol,sex_f,ocu_isco08_3,2005,83.629
bol,sex_f,ocu_isco08_3,2006,78.498
bol,sex_f,ocu_isco08_3,2007,50.465
bol,sex_f,ocu_isco08_3,2008,69.466
bol,sex_f,ocu_isco08_3,2009,66.891
bol,sex_f,ocu_isco08_3,2011,51.278
bol,sex_f,ocu_isco08_3,2012,59.194
bol,sex_f,ocu_isco08_3,2013,56.953
bol,sex_f,ocu_isco08_3,2014,60.74
bol,sex_f,ocu_isco08_3,2015,43.333
bol,sex_f,ocu_isco08_3,2016,44.217
bol,sex_f,ocu_isco08_3,2017,43.45
bol,sex_f,ocu_isco08_3,2018,50.447
bol,sex_f,ocu_isco08_3,2019,59.659
bol,sex_f,ocu_isco08_3,2022,67.298
bol,sex_f,ocu_isco08_3,2023,82.757
bol,sex_f,ocu_isco08_4,2005,72.259
bol,sex_f,ocu_isco08_4,2006,88.254
bol,sex_f,ocu_isco08_4,2007,53.836
bol,sex_f,ocu_isco08_4,2008,57.869
bol,sex_f,ocu_isco08_4,2009,56.813
bol,sex_f,ocu_isco08_4,2011,55.433
bol,sex_f,ocu_isco08_4,2012,66.372
bol,sex_f,ocu_isco08_4,2013,52.818
bol,sex_f,ocu_isco08_4,2014,47.801
bol,sex_f,ocu_isco08_4,2015,54.368
bol,sex_f,ocu_isco08_4,2016,39.895
bol,sex_f,ocu_isco08_4,2017,40.022
bol,sex_f,ocu_isco08_4,2018,42.409
bol,sex_f,ocu_isco08_4,2019,44.307
bol,sex_f,ocu_isco08_4,2022,42.767
bol,sex_f,ocu_isco08_4,2023,50.758
bol,sex_f,ocu_isco08_5,2005,424.272
bol,sex_f,ocu_isco08_5,2006,438.69
bol,sex_f,ocu_isco08_5,2007,429.231
bol,sex_f,ocu_isco08_5,2008,549.015
bol,sex_f,ocu_isco08_5,2009,545.443
bol,sex_f,ocu_isco08_5,2011,592.943
bol,sex_f,ocu_isco08_5,2012,600.458
bol,sex_f,ocu_isco08_5,2013,600.048
bol,sex_f,ocu_isco08_5,2014,627.534
bol,sex_f,ocu_isco08_5,2015,614.573
bol,sex_f,ocu_isco08_5,2016,555.734
bol,sex_f,ocu_isco08_5,2017,617.831
bol,sex_f,ocu_isco08_5,2018,714.114
bol,sex_f,ocu_isco08_5,2019,759.885
bol,sex_f,ocu_isco08_5,2022,1070.919
bol,sex_f,ocu_isco08_5,2023,1065.657
bol,sex_f,ocu_isco08_6,2005,629.08
bol,sex_f,ocu_isco08_6,2006,665.146
bol,sex_f,ocu_isco08_6,2007,680.303
bol,sex_f,ocu_isco08_6,2008,632.403
bol,sex_f,ocu_isco08_6,2009,595.712
bol,sex_f,ocu_isco08_6,2011,580.315
bol,sex_f,ocu_isco08_6,2012,542.232
bol,sex_f,ocu_isco08_6,2013,621.265
bol,sex_f,ocu_isco08_6,2014,660.069
bol,sex_f,ocu_isco08_6,2015,563.121
bol,sex_f,ocu_isco08_6,2016,590.859
bol,sex_f,ocu_isco08_6,2017,667.983
bol,sex_f,ocu_isco08_6,2018,750.368
bol,sex_f,ocu_isco08_6,2019,697.99
bol,sex_f,ocu_isco08_6,2022,731.345
bol,sex_f,ocu_isco08_6,2023,769.093
bol,sex_f,ocu_isco08_7,2005,84.376
bol,sex_f,ocu_isco08_7,2006,165.588
bol,sex_f,ocu_isco08_7,2007,79.477
bol,sex_f,ocu_isco08_7,2008,114.442
bol,sex_f,ocu_isco08_7,2009,99.841
bol,sex_f,ocu_isco08_7,2011,179.652
bol,sex_f,ocu_isco08_7,2012,156.679
bol,sex_f,ocu_isco08_7,2013,185.081
bol,sex_f,ocu_isco08_7,2014,184.7
bol,sex_f,ocu_isco08_7,2015,181.56
bol,sex_f,ocu_isco08_7,2016,178.884
bol,sex_f,ocu_isco08_7,2017,190.349
bol,sex_f,ocu_isco08_7,2018,222.587
bol,sex_f,ocu_isco08_7,2019,278.534
bol,sex_f,ocu_isco08_7,2022,371.756
bol,sex_f,ocu_isco08_7,2023,381.094
bol,sex_f,ocu_isco08_8,2006,2.847
bol,sex_f,ocu_isco08_8,2011,5.923
bol,sex_f,ocu_isco08_8,2012,4.151
bol,sex_f,ocu_isco08_8,2013,2.258
bol,sex_f,ocu_isco08_8,2014,5.157
bol,sex_f,ocu_isco08_8,2015,5.448
bol,sex_f,ocu_isco08_8,2016,5.441
bol,sex_f,ocu_isco08_8,2017,7.177
bol,sex_f,ocu_isco08_8,2018,6.236
bol,sex_f,ocu_isco08_8,2019,10.075
bol,sex_f,ocu_isco08_8,2022,10.324
bol,sex_f,ocu_isco08_8,2023,10.907
bol,sex_f,ocu_isco08_9,2005,62.272
bol,sex_f,ocu_isco08_9,2006,231.037
bol,sex_f,ocu_isco08_9,2007,80.055
bol,sex_f,ocu_isco08_9,2008,100.738
bol,sex_f,ocu_isco08_9,2009,109.248
bol,sex_f,ocu_isco08_9,2011,267.173
bol,sex_f,ocu_isco08_9,2012,219.976
bol,sex_f,ocu_isco08_9,2013,187.611
bol,sex_f,ocu_isco08_9,2014,239.29
bol,sex_f,ocu_isco08_9,2015,183.676
bol,sex_f,ocu_isco08_9,2016,158.264
bol,sex_f,ocu_isco08_9,2017,163.729
bol,sex_f,ocu_isco08_9,2018,171.794
bol,sex_f,ocu_isco08_9,2019,201.799
bol,sex_f,ocu_isco08_9,2022,237.184
bol,sex_f,ocu_isco08_9,2023,255.181
bol,sex_f,ocu_isco08_total,2005,1706.154
bol,sex_f,ocu_isco08_total,2006,1815.843
bol,sex_f,ocu_isco08_total,2007,1714.359
bol,sex_f,ocu_isco08_total,2008,1817.787
bol,sex_f,ocu_isco08_total,2009,1813.186
bol,sex_f,ocu_isco08_total,2011,1811.117
bol,sex_f,ocu_isco08_total,2012,1724.057
bol,sex_f,ocu_isco08_total,2013,1794.339
bol,sex_f,ocu_isco08_total,2014,1919.095
bol,sex_f,ocu_isco08_total,2015,1747.477
bol,sex_f,ocu_isco08_total,2016,1641.089
bol,sex_f,ocu_isco08_total,2017,1798.709
bol,sex_f,ocu_isco08_total,2018,2028.186
bol,sex_f,ocu_isco08_total,2019,2132.555
bol,sex_f,ocu_isco08_total,2022,2607.667
bol,sex_f,ocu_isco08_total,2023,2697.729
bol,sex_f,ocu_isco08_x,2005,259.452
bol,sex_f,ocu_isco08_x,2007,299.434
bol,sex_f,ocu_isco08_x,2008,247.947
bol,sex_f,ocu_isco08_x,2009,274.042
bol,sex_f,ocu_isco08_x,2013,1.315
bol,sex_f,ocu_isco08_x,2014,1.27
bol,sex_f,ocu_isco08_x,2015,2.646
bol,sex_f,ocu_isco08_x,2016,0.508
bol,sex_f,ocu_isco08_x,2017,0.485
bol,sex_f,ocu_isco88_0,1999,648.391
bol,sex_f,ocu_isco88_1,1999,135.345
bol,sex_f,ocu_isco88_1,2000,6.54
bol,sex_f,ocu_isco88_1,2002,2.825
bol,sex_f,ocu_isco88_2,1999,14.361
bol,sex_f,ocu_isco88_2,2000,10.961
bol,sex_f,ocu_isco88_2,2001,19.032
bol,sex_f,ocu_isco88_2,2002,20.49
bol,sex_f,ocu_isco88_3,1999,6.829
bol,sex_f,ocu_isco88_3,2000,26.016
bol,sex_f,ocu_isco88_3,2001,20.677
bol,sex_f,ocu_isco88_3,2002,22.592
bol,sex_f,ocu_isco88_4,1999,2.964
bol,sex_f,ocu_isco88_4,2000,37.953
bol,sex_f,ocu_isco88_4,2001,41.307
bol,sex_f,ocu_isco88_4,2002,34.646
bol,sex_f,ocu_isco88_5,1999,444.587
bol,sex_f,ocu_isco88_5,2000,192.803
bol,sex_f,ocu_isco88_5,2001,239.738
bol,sex_f,ocu_isco88_5,2002,272.197
bol,sex_f,ocu_isco88_6,1999,12.267
bol,sex_f,ocu_isco88_6,2000,508.469
bol,sex_f,ocu_isco88_6,2001,403.655
bol,sex_f,ocu_isco88_6,2002,541.792
bol,sex_f,ocu_isco88_7,1999,29.342
bol,sex_f,ocu_isco88_7,2000,85.718
bol,sex_f,ocu_isco88_7,2001,105.121
bol,sex_f,ocu_isco88_7,2002,155.499
bol,sex_f,ocu_isco88_8,1999,19.878
bol,sex_f,ocu_isco88_8,2000,1.239
bol,sex_f,ocu_isco88_8,2001,1.933
bol,sex_f,ocu_isco88_8,2002,3.112
bol,sex_f,ocu_isco88_9,1999,135.264
bol,sex_f,ocu_isco88_9,2000,211.93
bol,sex_f,ocu_isco88_9,2001,382.488
bol,sex_f,ocu_isco88_9,2002,194.262
bol,sex_f,ocu_isco88_total,1999,1449.228
bol,sex_f,ocu_isco88_total,2000,1082.51
bol,sex_f,ocu_isco88_total,2001,1215.961
bol,sex_f,ocu_isco88_total,2002,1247.415
bol,sex_f,ocu_skill_l1,1999,135.264
bol,sex_f,ocu_skill_l1,2000,211.93
bol,sex_f,ocu_skill_l1,2001,382.488
bol,sex_f,ocu_skill_l1,2002,194.262
bol,sex_f,ocu_skill_l1,2005,62.272
bol,sex_f,ocu_skill_l1,2006,231.037
bol,sex_f,ocu_skill_l1,2007,80.055
bol,sex_f,ocu_skill_l1,2008,100.738
bol,sex_f,ocu_skill_l1,2009,109.248
bol,sex_f,ocu_skill_l1,2011,267.173
bol,sex_f,ocu_skill_l1,2012,219.976
bol,sex_f,ocu_skill_l1,2013,187.611
bol,sex_f,ocu_skill_l1,2014,239.29
bol,sex_f,ocu_skill_l1,2015,183.676
bol,sex_f,ocu_skill_l1,2016,158.264
bol,sex_f,ocu_skill_l1,2017,163.729
bol,sex_f,ocu_skill_l1,2018,171.794
bol,sex_f,ocu_skill_l1,2019,201.799
bol,sex_f,ocu_skill_l1,2022,237.184
bol,sex_f,ocu_skill_l1,2023,255.181
bol,sex_f,ocu_skill_l2,1999,509.038
bol,sex_f,ocu_skill_l2,2000,826.182
bol,sex_f,ocu_skill_l2,2001,791.754
bol,sex_f,ocu_skill_l2,2002,1007.246
bol,sex_f,ocu_skill_l2,2005,1210.688
bol,sex_f,ocu_skill_l2,2006,1360.525
bol,sex_f,ocu_skill_l2,2007,1243.67
bol,sex_f,ocu_skill_l2,2008,1354.323
bol,sex_f,ocu_skill_l2,2009,1299.462
bol,sex_f,ocu_skill_l2,2011,1414.266
bol,sex_f,ocu_skill_l2,2012,1369.892
bol,sex_f,ocu_skill_l2,2013,1461.47
bol,sex_f,ocu_skill_l2,2014,1525.261
bol,sex_f,ocu_skill_l2,2015,1419.07
bol,sex_f,ocu_skill_l2,2016,1370.812
bol,sex_f,ocu_skill_l2,2017,1523.362
bol,sex_f,ocu_skill_l2,2018,1735.715
bol,sex_f,ocu_skill_l2,2019,1790.792
bol,sex_f,ocu_skill_l2,2022,2227.111
bol,sex_f,ocu_skill_l2,2023,2277.509
bol,sex_f,ocu_skill_l3_4,1999,156.535
bol,sex_f,ocu_skill_l3_4,2000,43.517
bol,sex_f,ocu_skill_l3_4,2001,40.808
bol,sex_f,ocu_skill_l3_4,2002,45.907
bol,sex_f,ocu_skill_l3_4,2005,172.137
bol,sex_f,ocu_skill_l3_4,2006,224.281
bol,sex_f,ocu_skill_l3_4,2007,89.687
bol,sex_f,ocu_skill_l3_4,2008,113.807
bol,sex_f,ocu_skill_l3_4,2009,130.434
bol,sex_f,ocu_skill_l3_4,2011,126.7
bol,sex_f,ocu_skill_l3_4,2012,132.711
bol,sex_f,ocu_skill_l3_4,2013,143.765
bol,sex_f,ocu_skill_l3_4,2014,150.798
bol,sex_f,ocu_skill_l3_4,2015,141.929
bol,sex_f,ocu_skill_l3_4,2016,111.356
bol,sex_f,ocu_skill_l3_4,2017,111.054
bol,sex_f,ocu_skill_l3_4,2018,120.677
bol,sex_f,ocu_skill_l3_4,2019,139.862
bol,sex_f,ocu_skill_l3_4,2022,143.372
bol,sex_f,ocu_skill_l3_4,2023,165.038
bol,sex_f,ocu_skill_total,1999,1449.228
bol,sex_f,ocu_skill_total,2000,1082.51
bol,sex_f,ocu_skill_total,2001,1215.961
bol,sex_f,ocu_skill_total,2002,1247.415
bol,sex_f,ocu_skill_total,2005,1706.154
bol,sex_f,ocu_skill_total,2006,1815.843
bol,sex_f,ocu_skill_total,2007,1714.359
bol,sex_f,ocu_skill_total,2008,1817.787
bol,sex_f,ocu_skill_total,2009,1813.186
bol,sex_f,ocu_skill_total,2011,1811.117
bol,sex_f,ocu_skill_total,2012,1724.057
bol,sex_f,ocu_skill_total,2013,1794.339
bol,sex_f,ocu_skill_total,2014,1919.095
bol,sex_f,ocu_skill_total,2015,1747.477
bol,sex_f,ocu_skill_total,2016,1641.089
bol,sex_f,ocu_skill_total,2017,1798.709
bol,sex_f,ocu_skill_total,2018,2028.186
bol,sex_f,ocu_skill_total,2019,2132.555
bol,sex_f,ocu_skill_total,2022,2607.667
bol,sex_f,ocu_skill_total,2023,2697.729
bol,sex_f,ocu_skill_x,1999,648.391
bol,sex_f,ocu_skill_x,2005,261.057
bol,sex_f,ocu_skill_x,2007,300.947
bol,sex_f,ocu_skill_x,2008,248.919
bol,sex_f,ocu_skill_x,2009,274.042
bol,sex_f,ocu_skill_x,2011,2.978
bol,sex_f,ocu_skill_x,2012,1.478
bol,sex_f,ocu_skill_x,2013,1.493
bol,sex_f,ocu_skill_x,2014,3.746
bol,sex_f,ocu_skill_x,2015,2.802
bol,sex_f,ocu_skill_x,2016,0.656
bol,sex_f,ocu_skill_x,2017,0.563
bol,sex_m,ocu_isco08_0,2005,6.372
bol,sex_m,ocu_isco08_0,2006,1.672
bol,sex_m,ocu_isco08_0,2007,1.803
bol,sex_m,ocu_isco08_0,2009,3.831
bol,sex_m,ocu_isco08_0,2011,3.722
bol,sex_m,ocu_isco08_0,2012,1.629
bol,sex_m,ocu_isco08_0,2013,2.263
bol,sex_m,ocu_isco08_0,2014,4.214
bol,sex_m,ocu_isco08_0,2015,2.705
bol,sex_m,ocu_isco08_1,2005,25.31
bol,sex_m,ocu_isco08_1,2006,38.431
bol,sex_m,ocu_isco08_1,2007,18.318
bol,sex_m,ocu_isco08_1,2008,5.829
bol,sex_m,ocu_isco08_1,2009,4.411
bol,sex_m,ocu_isco08_1,2011,26.392
bol,sex_m,ocu_isco08_1,2012,15.32
bol,sex_m,ocu_isco08_1,2013,23.503
bol,sex_m,ocu_isco08_1,2014,16.468
bol,sex_m,ocu_isco08_1,2015,22.711
bol,sex_m,ocu_isco08_1,2016,19.821
bol,sex_m,ocu_isco08_1,2017,23.813
bol,sex_m,ocu_isco08_1,2018,23.561
bol,sex_m,ocu_isco08_1,2019,24.802
bol,sex_m,ocu_isco08_1,2022,25.265
bol,sex_m,ocu_isco08_1,2023,26.489
bol,sex_m,ocu_isco08_2,2005,104.386
bol,sex_m,ocu_isco08_2,2006,121.457
bol,sex_m,ocu_isco08_2,2007,37.133
bol,sex_m,ocu_isco08_2,2008,51.457
bol,sex_m,ocu_isco08_2,2009,47.161
bol,sex_m,ocu_isco08_2,2011,61.31
bol,sex_m,ocu_isco08_2,2012,81.077
bol,sex_m,ocu_isco08_2,2013,93.048
bol,sex_m,ocu_isco08_2,2014,78.461
bol,sex_m,ocu_isco08_2,2015,80.725
bol,sex_m,ocu_isco08_2,2016,52.799
bol,sex_m,ocu_isco08_2,2017,48.745
bol,sex_m,ocu_isco08_2,2018,46.626
bol,sex_m,ocu_isco08_2,2019,54.834
bol,sex_m,ocu_isco08_2,2022,56.164
bol,sex_m,ocu_isco08_2,2023,59.573
bol,sex_m,ocu_isco08_3,2005,109.11
bol,sex_m,ocu_isco08_3,2006,143.43
bol,sex_m,ocu_isco08_3,2007,77.95
bol,sex_m,ocu_isco08_3,2008,78.048
bol,sex_m,ocu_isco08_3,2009,117.095
bol,sex_m,ocu_isco08_3,2011,106.003
bol,sex_m,ocu_isco08_3,2012,99.586
bol,sex_m,ocu_isco08_3,2013,122.845
bol,sex_m,ocu_isco08_3,2014,125.859
bol,sex_m,ocu_isco08_3,2015,111.459
bol,sex_m,ocu_isco08_3,2016,83.813
bol,sex_m,ocu_isco08_3,2017,84.483
bol,sex_m,ocu_isco08_3,2018,90.691
bol,sex_m,ocu_isco08_3,2019,101.826
bol,sex_m,ocu_isco08_3,2022,133.64
bol,sex_m,ocu_isco08_3,2023,157.884
bol,sex_m,ocu_isco08_4,2005,40
bol,sex_m,ocu_isco08_4,2006,46.235
bol,sex_m,ocu_isco08_4,2007,27.373
bol,sex_m,ocu_isco08_4,2008,26.131
bol,sex_m,ocu_isco08_4,2009,35.296
bol,sex_m,ocu_isco08_4,2011,34.349
bol,sex_m,ocu_isco08_4,2012,36.327
bol,sex_m,ocu_isco08_4,2013,26.704
bol,sex_m,ocu_isco08_4,2014,34.64
bol,sex_m,ocu_isco08_4,2015,38.457
bol,sex_m,ocu_isco08_4,2016,24.811
bol,sex_m,ocu_isco08_4,2017,24.245
bol,sex_m,ocu_isco08_4,2018,24.778
bol,sex_m,ocu_isco08_4,2019,27.355
bol,sex_m,ocu_isco08_4,2022,29.926
bol,sex_m,ocu_isco08_4,2023,32.756
bol,sex_m,ocu_isco08_5,2005,165.833
bol,sex_m,ocu_isco08_5,2006,177.609
bol,sex_m,ocu_isco08_5,2007,164.128
bol,sex_m,ocu_isco08_5,2008,195.361
bol,sex_m,ocu_isco08_5,2009,187.099
bol,sex_m,ocu_isco08_5,2011,198.963
bol,sex_m,ocu_isco08_5,2012,199.414
bol,sex_m,ocu_isco08_5,2013,188.873
bol,sex_m,ocu_isco08_5,2014,210.748
bol,sex_m,ocu_isco08_5,2015,198.437
bol,sex_m,ocu_isco08_5,2016,159.787
bol,sex_m,ocu_isco08_5,2017,184.26
bol,sex_m,ocu_isco08_5,2018,217.891
bol,sex_m,ocu_isco08_5,2019,242.587
bol,sex_m,ocu_isco08_5,2022,353.589
bol,sex_m,ocu_isco08_5,2023,368.213
bol,sex_m,ocu_isco08_6,2005,683.335
bol,sex_m,ocu_isco08_6,2006,807.056
bol,sex_m,ocu_isco08_6,2007,657.082
bol,sex_m,ocu_isco08_6,2008,717.058
bol,sex_m,ocu_isco08_6,2009,696.24
bol,sex_m,ocu_isco08_6,2011,650.511
bol,sex_m,ocu_isco08_6,2012,654.493
bol,sex_m,ocu_isco08_6,2013,745.345
bol,sex_m,ocu_isco08_6,2014,801.794
bol,sex_m,ocu_isco08_6,2015,746.452
bol,sex_m,ocu_isco08_6,2016,749.683
bol,sex_m,ocu_isco08_6,2017,787.43
bol,sex_m,ocu_isco08_6,2018,838.16
bol,sex_m,ocu_isco08_6,2019,780.756
bol,sex_m,ocu_isco08_6,2022,805.805
bol,sex_m,ocu_isco08_6,2023,831.625
bol,sex_m,ocu_isco08_7,2005,399.432
bol,sex_m,ocu_isco08_7,2006,494.583
bol,sex_m,ocu_isco08_7,2007,441.542
bol,sex_m,ocu_isco08_7,2008,455.899
bol,sex_m,ocu_isco08_7,2009,470.01
bol,sex_m,ocu_isco08_7,2011,524.535
bol,sex_m,ocu_isco08_7,2012,487.663
bol,sex_m,ocu_isco08_7,2013,557.58
bol,sex_m,ocu_isco08_7,2014,583.209
bol,sex_m,ocu_isco08_7,2015,668.063
bol,sex_m,ocu_isco08_7,2016,541.121
bol,sex_m,ocu_isco08_7,2017,589.461
bol,sex_m,ocu_isco08_7,2018,592.774
bol,sex_m,ocu_isco08_7,2019,686.672
bol,sex_m,ocu_isco08_7,2022,809.112
bol,sex_m,ocu_isco08_7,2023,767.367
bol,sex_m,ocu_isco08_8,2005,220.898
bol,sex_m,ocu_isco08_8,2006,221.756
bol,sex_m,ocu_isco08_8,2007,232.839
bol,sex_m,ocu_isco08_8,2008,269.129
bol,sex_m,ocu_isco08_8,2009,249.743
bol,sex_m,ocu_isco08_8,2011,320.246
bol,sex_m,ocu_isco08_8,2012,325.784
bol,sex_m,ocu_isco08_8,2013,317.956
bol,sex_m,ocu_isco08_8,2014,359.653
bol,sex_m,ocu_isco08_8,2015,356.274
bol,sex_m,ocu_isco08_8,2016,325.328
bol,sex_m,ocu_isco08_8,2017,360.261
bol,sex_m,ocu_isco08_8,2018,377.82
bol,sex_m,ocu_isco08_8,2019,424.417
bol,sex_m,ocu_isco08_8,2022,476.716
bol,sex_m,ocu_isco08_8,2023,479.07
bol,sex_m,ocu_isco08_9,2005,119.978
bol,sex_m,ocu_isco08_9,2006,155.019
bol,sex_m,ocu_isco08_9,2007,112.52
bol,sex_m,ocu_isco08_9,2008,122.297
bol,sex_m,ocu_isco08_9,2009,144.923
bol,sex_m,ocu_isco08_9,2011,260.799
bol,sex_m,ocu_isco08_9,2012,226.452
bol,sex_m,ocu_isco08_9,2013,104.498
bol,sex_m,ocu_isco08_9,2014,196.584
bol,sex_m,ocu_isco08_9,2015,144.76
bol,sex_m,ocu_isco08_9,2016,100.458
bol,sex_m,ocu_isco08_9,2017,84.624
bol,sex_m,ocu_isco08_9,2018,89.905
bol,sex_m,ocu_isco08_9,2019,105.879
bol,sex_m,ocu_isco08_9,2022,144.94
bol,sex_m,ocu_isco08_9,2023,138.322
bol,sex_m,ocu_isco08_total,2005,2067.701
bol,sex_m,ocu_isco08_total,2006,2207.248
bol,sex_m,ocu_isco08_total,2007,1940.664
bol,sex_m,ocu_isco08_total,2008,2116.064
bol,sex_m,ocu_isco08_total,2009,2163.628
bol,sex_m,ocu_isco08_total,2011,2186.83
bol,sex_m,ocu_isco08_total,2012,2130.382
bol,sex_m,ocu_isco08_total,2013,2183.694
bol,sex_m,ocu_isco08_total,2014,2411.798
bol,sex_m,ocu_isco08_total,2015,2371.824
bol,sex_m,ocu_isco08_total,2016,2058.132
bol,sex_m,ocu_isco08_total,2017,2187.942
bol,sex_m,ocu_isco08_total,2018,2302.212
bol,sex_m,ocu_isco08_total,2019,2449.126
bol,sex_m,ocu_isco08_total,2022,2835.154
bol,sex_m,ocu_isco08_total,2023,2861.301
bol,sex_m,ocu_isco08_x,2005,193.047
bol,sex_m,ocu_isco08_x,2007,169.976
bol,sex_m,ocu_isco08_x,2008,193.394
bol,sex_m,ocu_isco08_x,2009,207.819
bol,sex_m,ocu_isco08_x,2012,2.637
bol,sex_m,ocu_isco08_x,2013,1.079
bol,sex_m,ocu_isco08_x,2015,1.781
bol,sex_m,ocu_isco08_x,2016,0.353
bol,sex_m,ocu_isco08_x,2017,0.543
bol,sex_m,ocu_isco88_0,1999,801.673
bol,sex_m,ocu_isco88_1,1999,127.855
bol,sex_m,ocu_isco88_1,2000,6.409
bol,sex_m,ocu_isco88_1,2001,7.84
bol,sex_m,ocu_isco88_1,2002,13.267
bol,sex_m,ocu_isco88_2,1999,45.055
bol,sex_m,ocu_isco88_2,2000,20.826
bol,sex_m,ocu_isco88_2,2001,21.861
bol,sex_m,ocu_isco88_2,2002,22.282
bol,sex_m,ocu_isco88_3,1999,43.629
bol,sex_m,ocu_isco88_3,2000,57.154
bol,sex_m,ocu_isco88_3,2001,53.806
bol,sex_m,ocu_isco88_3,2002,48.179
bol,sex_m,ocu_isco88_4,1999,181.29
bol,sex_m,ocu_isco88_4,2000,19.669
bol,sex_m,ocu_isco88_4,2001,23.386
bol,sex_m,ocu_isco88_4,2002,30.377
bol,sex_m,ocu_isco88_5,1999,222.008
bol,sex_m,ocu_isco88_5,2000,73.115
bol,sex_m,ocu_isco88_5,2001,87.741
bol,sex_m,ocu_isco88_5,2002,101.485
bol,sex_m,ocu_isco88_6,1999,168.44
bol,sex_m,ocu_isco88_6,2000,664.659
bol,sex_m,ocu_isco88_6,2001,627.926
bol,sex_m,ocu_isco88_6,2002,715.981
bol,sex_m,ocu_isco88_7,1999,42.93
bol,sex_m,ocu_isco88_7,2000,329.232
bol,sex_m,ocu_isco88_7,2001,320.165
bol,sex_m,ocu_isco88_7,2002,376.04
bol,sex_m,ocu_isco88_8,1999,21.38
bol,sex_m,ocu_isco88_8,2000,88.934
bol,sex_m,ocu_isco88_8,2001,112.771
bol,sex_m,ocu_isco88_8,2002,103.325
bol,sex_m,ocu_isco88_9,1999,48.907
bol,sex_m,ocu_isco88_9,2000,90.216
bol,sex_m,ocu_isco88_9,2001,204.596
bol,sex_m,ocu_isco88_9,2002,137.533
bol,sex_m,ocu_isco88_total,1999,1703.167
bol,sex_m,ocu_isco88_total,2000,1351.021
bol,sex_m,ocu_isco88_total,2001,1461.225
bol,sex_m,ocu_isco88_total,2002,1549.454
bol,sex_m,ocu_skill_l1,1999,48.907
bol,sex_m,ocu_skill_l1,2000,90.216
bol,sex_m,ocu_skill_l1,2001,204.596
bol,sex_m,ocu_skill_l1,2002,137.533
bol,sex_m,ocu_skill_l1,2005,119.978
bol,sex_m,ocu_skill_l1,2006,155.019
bol,sex_m,ocu_skill_l1,2007,112.52
bol,sex_m,ocu_skill_l1,2008,122.297
bol,sex_m,ocu_skill_l1,2009,144.923
bol,sex_m,ocu_skill_l1,2011,260.799
bol,sex_m,ocu_skill_l1,2012,226.452
bol,sex_m,ocu_skill_l1,2013,104.498
bol,sex_m,ocu_skill_l1,2014,196.584
bol,sex_m,ocu_skill_l1,2015,144.76
bol,sex_m,ocu_skill_l1,2016,100.458
bol,sex_m,ocu_skill_l1,2017,84.624
bol,sex_m,ocu_skill_l1,2018,89.905
bol,sex_m,ocu_skill_l1,2019,105.879
bol,sex_m,ocu_skill_l1,2022,144.94
bol,sex_m,ocu_skill_l1,2023,138.322
bol,sex_m,ocu_skill_l2,1999,636.048
bol,sex_m,ocu_skill_l2,2000,1175.609
bol,sex_m,ocu_skill_l2,2001,1171.989
bol,sex_m,ocu_skill_l2,2002,1327.208
bol,sex_m,ocu_skill_l2,2005,1509.498
bol,sex_m,ocu_skill_l2,2006,1747.239
bol,sex_m,ocu_skill_l2,2007,1522.964
bol,sex_m,ocu_skill_l2,2008,1663.578
bol,sex_m,ocu_skill_l2,2009,1638.388
bol,sex_m,ocu_skill_l2,2011,1728.604
bol,sex_m,ocu_skill_l2,2012,1703.681
bol,sex_m,ocu_skill_l2,2013,1836.458
bol,sex_m,ocu_skill_l2,2014,1990.044
bol,sex_m,ocu_skill_l2,2015,2007.683
bol,sex_m,ocu_skill_l2,2016,1800.731
bol,sex_m,ocu_skill_l2,2017,1945.657
bol,sex_m,ocu_skill_l2,2018,2051.423
bol,sex_m,ocu_skill_l2,2019,2161.786
bol,sex_m,ocu_skill_l2,2022,2475.146
bol,sex_m,ocu_skill_l2,2023,2479.032
bol,sex_m,ocu_skill_l3_4,1999,216.539
bol,sex_m,ocu_skill_l3_4,2000,84.389
bol,sex_m,ocu_skill_l3_4,2001,83.507
bol,sex_m,ocu_skill_l3_4,2002,83.728
bol,sex_m,ocu_skill_l3_4,2005,238.806
bol,sex_m,ocu_skill_l3_4,2006,303.318
bol,sex_m,ocu_skill_l3_4,2007,133.401
bol,sex_m,ocu_skill_l3_4,2008,135.334
bol,sex_m,ocu_skill_l3_4,2009,168.667
bol,sex_m,ocu_skill_l3_4,2011,193.705
bol,sex_m,ocu_skill_l3_4,2012,195.983
bol,sex_m,ocu_skill_l3_4,2013,239.396
bol,sex_m,ocu_skill_l3_4,2014,220.788
bol,sex_m,ocu_skill_l3_4,2015,214.895
bol,sex_m,ocu_skill_l3_4,2016,156.432
bol,sex_m,ocu_skill_l3_4,2017,157.04
bol,sex_m,ocu_skill_l3_4,2018,160.878
bol,sex_m,ocu_skill_l3_4,2019,181.461
bol,sex_m,ocu_skill_l3_4,2022,215.068
bol,sex_m,ocu_skill_l3_4,2023,243.946
bol,sex_m,ocu_skill_total,1999,1703.167
bol,sex_m,ocu_skill_total,2000,1351.021
bol,sex_m,ocu_skill_total,2001,1461.225
bol,sex_m,ocu_skill_total,2002,1549.454
bol,sex_m,ocu_skill_total,2005,2067.701
bol,sex_m,ocu_skill_total,2006,2207.248
bol,sex_m,ocu_skill_total,2007,1940.664
bol,sex_m,ocu_skill_total,2008,2116.064
bol,sex_m,ocu_skill_total,2009,2163.628
bol,sex_m,ocu_skill_total,2011,2186.83
bol,sex_m,ocu_skill_total,2012,2130.382
bol,sex_m,ocu_skill_total,2013,2183.694
bol,sex_m,ocu_skill_total,2014,2411.798
bol,sex_m,ocu_skill_total,2015,2371.824
bol,sex_m,ocu_skill_total,2016,2058.132
bol,sex_m,ocu_skill_total,2017,2187.942
bol,sex_m,ocu_skill_total,2018,2302.212
bol,sex_m,ocu_skill_total,2019,2449.126
bol,sex_m,ocu_skill_total,2022,2835.154
bol,sex_m,ocu_skill_total,2023,2861.301
bol,sex_m,ocu_skill_x,1999,801.673
bol,sex_m,ocu_skill_x,2005,199.419
bol,sex_m,ocu_skill_x,2006,1.672
bol,sex_m,ocu_skill_x,2007,171.779
bol,sex_m,ocu_skill_x,2008,194.855
bol,sex_m,ocu_skill_x,2009,211.65
bol,sex_m,ocu_skill_x,2011,3.722
bol,sex_m,ocu_skill_x,2012,4.266
bol,sex_m,ocu_skill_x,2013,3.342
bol,sex_m,ocu_skill_x,2014,4.382
bol,sex_m,ocu_skill_x,2015,4.486
bol,sex_m,ocu_skill_x,2016,0.511
bol,sex_m,ocu_skill_x,2017,0.622
bol,sex_t,ocu_isco08_0,2005,7.977
bol,sex_t,ocu_isco08_0,2006,1.672
bol,sex_t,ocu_isco08_0,2007,3.316
bol,sex_t,ocu_isco08_0,2008,2.433
bol,sex_t,ocu_isco08_0,2009,3.831
bol,sex_t,ocu_isco08_0,2011,6.153
bol,sex_t,ocu_isco08_0,2012,2.029
bol,sex_t,ocu_isco08_0,2013,2.441
bol,sex_t,ocu_isco08_0,2014,6.69
bol,sex_t,ocu_isco08_0,2015,2.861
bol,sex_t,ocu_isco08_0,2016,0.306
bol,sex_t,ocu_isco08_1,2005,34.754
bol,sex_t,ocu_isco08_1,2006,56.728
bol,sex_t,ocu_isco08_1,2007,24.453
bol,sex_t,ocu_isco08_1,2008,6.93
bol,sex_t,ocu_isco08_1,2009,10.138
bol,sex_t,ocu_isco08_1,2011,43.925
bol,sex_t,ocu_isco08_1,2012,23.3
bol,sex_t,ocu_isco08_1,2013,37.235
bol,sex_t,ocu_isco08_1,2014,35.664
bol,sex_t,ocu_isco08_1,2015,37.104
bol,sex_t,ocu_isco08_1,2016,34.057
bol,sex_t,ocu_isco08_1,2017,41.415
bol,sex_t,ocu_isco08_1,2018,44.784
bol,sex_t,ocu_isco08_1,2019,43.955
bol,sex_t,ocu_isco08_1,2022,41.849
bol,sex_t,ocu_isco08_1,2023,43.075
bol,sex_t,ocu_isco08_2,2005,183.45
bol,sex_t,ocu_isco08_2,2006,248.943
bol,sex_t,ocu_isco08_2,2007,70.22
bol,sex_t,ocu_isco08_2,2008,94.697
bol,sex_t,ocu_isco08_2,2009,104.977
bol,sex_t,ocu_isco08_2,2011,119.199
bol,sex_t,ocu_isco08_2,2012,146.614
bol,sex_t,ocu_isco08_2,2013,166.128
bol,sex_t,ocu_isco08_2,2014,149.323
bol,sex_t,ocu_isco08_2,2015,164.928
bol,sex_t,ocu_isco08_2,2016,105.702
bol,sex_t,ocu_isco08_2,2017,98.746
bol,sex_t,ocu_isco08_2,2018,95.633
bol,sex_t,ocu_isco08_2,2019,115.884
bol,sex_t,ocu_isco08_2,2022,115.654
bol,sex_t,ocu_isco08_2,2023,125.269
bol,sex_t,ocu_isco08_3,2005,192.739
bol,sex_t,ocu_isco08_3,2006,221.928
bol,sex_t,ocu_isco08_3,2007,128.415
bol,sex_t,ocu_isco08_3,2008,147.514
bol,sex_t,ocu_isco08_3,2009,183.986
bol,sex_t,ocu_isco08_3,2011,157.281
bol,sex_t,ocu_isco08_3,2012,158.78
bol,sex_t,ocu_isco08_3,2013,179.798
bol,sex_t,ocu_isco08_3,2014,186.599
bol,sex_t,ocu_isco08_3,2015,154.792
bol,sex_t,ocu_isco08_3,2016,128.029
bol,sex_t,ocu_isco08_3,2017,127.933
bol,sex_t,ocu_isco08_3,2018,141.137
bol,sex_t,ocu_isco08_3,2019,161.484
bol,sex_t,ocu_isco08_3,2022,200.938
bol,sex_t,ocu_isco08_3,2023,240.641
bol,sex_t,ocu_isco08_4,2005,112.259
bol,sex_t,ocu_isco08_4,2006,134.489
bol,sex_t,ocu_isco08_4,2007,81.209
bol,sex_t,ocu_isco08_4,2008,84
bol,sex_t,ocu_isco08_4,2009,92.109
bol,sex_t,ocu_isco08_4,2011,89.782
bol,sex_t,ocu_isco08_4,2012,102.699
bol,sex_t,ocu_isco08_4,2013,79.522
bol,sex_t,ocu_isco08_4,2014,82.441
bol,sex_t,ocu_isco08_4,2015,92.825
bol,sex_t,ocu_isco08_4,2016,64.706
bol,sex_t,ocu_isco08_4,2017,64.267
bol,sex_t,ocu_isco08_4,2018,67.187
bol,sex_t,ocu_isco08_4,2019,71.661
bol,sex_t,ocu_isco08_4,2022,72.692
bol,sex_t,ocu_isco08_4,2023,83.514
bol,sex_t,ocu_isco08_5,2005,590.105
bol,sex_t,ocu_isco08_5,2006,616.299
bol,sex_t,ocu_isco08_5,2007,593.359
bol,sex_t,ocu_isco08_5,2008,744.376
bol,sex_t,ocu_isco08_5,2009,732.542
bol,sex_t,ocu_isco08_5,2011,791.906
bol,sex_t,ocu_isco08_5,2012,799.872
bol,sex_t,ocu_isco08_5,2013,788.921
bol,sex_t,ocu_isco08_5,2014,838.282
bol,sex_t,ocu_isco08_5,2015,813.01
bol,sex_t,ocu_isco08_5,2016,715.521
bol,sex_t,ocu_isco08_5,2017,802.091
bol,sex_t,ocu_isco08_5,2018,932.005
bol,sex_t,ocu_isco08_5,2019,1002.472
bol,sex_t,ocu_isco08_5,2022,1424.508
bol,sex_t,ocu_isco08_5,2023,1433.871
bol,sex_t,ocu_isco08_6,2005,1312.415
bol,sex_t,ocu_isco08_6,2006,1472.202
bol,sex_t,ocu_isco08_6,2007,1337.385
bol,sex_t,ocu_isco08_6,2008,1349.461
bol,sex_t,ocu_isco08_6,2009,1291.952
bol,sex_t,ocu_isco08_6,2011,1230.826
bol,sex_t,ocu_isco08_6,2012,1196.725
bol,sex_t,ocu_isco08_6,2013,1366.61
bol,sex_t,ocu_isco08_6,2014,1461.863
bol,sex_t,ocu_isco08_6,2015,1309.573
bol,sex_t,ocu_isco08_6,2016,1340.542
bol,sex_t,ocu_isco08_6,2017,1455.412
bol,sex_t,ocu_isco08_6,2018,1588.528
bol,sex_t,ocu_isco08_6,2019,1478.747
bol,sex_t,ocu_isco08_6,2022,1537.149
bol,sex_t,ocu_isco08_6,2023,1600.718
bol,sex_t,ocu_isco08_7,2005,483.808
bol,sex_t,ocu_isco08_7,2006,660.171
bol,sex_t,ocu_isco08_7,2007,521.019
bol,sex_t,ocu_isco08_7,2008,570.341
bol,sex_t,ocu_isco08_7,2009,569.851
bol,sex_t,ocu_isco08_7,2011,704.187
bol,sex_t,ocu_isco08_7,2012,644.342
bol,sex_t,ocu_isco08_7,2013,742.661
bol,sex_t,ocu_isco08_7,2014,767.909
bol,sex_t,ocu_isco08_7,2015,849.623
bol,sex_t,ocu_isco08_7,2016,720.005
bol,sex_t,ocu_isco08_7,2017,779.81
bol,sex_t,ocu_isco08_7,2018,815.361
bol,sex_t,ocu_isco08_7,2019,965.206
bol,sex_t,ocu_isco08_7,2022,1180.867
bol,sex_t,ocu_isco08_7,2023,1148.461
bol,sex_t,ocu_isco08_8,2005,221.599
bol,sex_t,ocu_isco08_8,2006,224.603
bol,sex_t,ocu_isco08_8,2007,233.662
bol,sex_t,ocu_isco08_8,2008,269.723
bol,sex_t,ocu_isco08_8,2009,251.396
bol,sex_t,ocu_isco08_8,2011,326.169
bol,sex_t,ocu_isco08_8,2012,329.935
bol,sex_t,ocu_isco08_8,2013,320.214
bol,sex_t,ocu_isco08_8,2014,364.81
bol,sex_t,ocu_isco08_8,2015,361.722
bol,sex_t,ocu_isco08_8,2016,330.769
bol,sex_t,ocu_isco08_8,2017,367.438
bol,sex_t,ocu_isco08_8,2018,384.056
bol,sex_t,ocu_isco08_8,2019,434.491
bol,sex_t,ocu_isco08_8,2022,487.04
bol,sex_t,ocu_isco08_8,2023,489.978
bol,sex_t,ocu_isco08_9,2005,182.25
bol,sex_t,ocu_isco08_9,2006,386.056
bol,sex_t,ocu_isco08_9,2007,192.575
bol,sex_t,ocu_isco08_9,2008,223.035
bol,sex_t,ocu_isco08_9,2009,254.171
bol,sex_t,ocu_isco08_9,2011,527.972
bol,sex_t,ocu_isco08_9,2012,446.428
bol,sex_t,ocu_isco08_9,2013,292.109
bol,sex_t,ocu_isco08_9,2014,435.874
bol,sex_t,ocu_isco08_9,2015,328.436
bol,sex_t,ocu_isco08_9,2016,258.721
bol,sex_t,ocu_isco08_9,2017,248.353
bol,sex_t,ocu_isco08_9,2018,261.699
bol,sex_t,ocu_isco08_9,2019,307.678
bol,sex_t,ocu_isco08_9,2022,382.124
bol,sex_t,ocu_isco08_9,2023,393.503
bol,sex_t,ocu_isco08_total,2005,3773.855
bol,sex_t,ocu_isco08_total,2006,4023.091
bol,sex_t,ocu_isco08_total,2007,3655.023
bol,sex_t,ocu_isco08_total,2008,3933.851
bol,sex_t,ocu_isco08_total,2009,3976.814
bol,sex_t,ocu_isco08_total,2011,3997.947
bol,sex_t,ocu_isco08_total,2012,3854.439
bol,sex_t,ocu_isco08_total,2013,3978.033
bol,sex_t,ocu_isco08_total,2014,4330.893
bol,sex_t,ocu_isco08_total,2015,4119.301
bol,sex_t,ocu_isco08_total,2016,3699.22
bol,sex_t,ocu_isco08_total,2017,3986.651
bol,sex_t,ocu_isco08_total,2018,4330.398
bol,sex_t,ocu_isco08_total,2019,4581.681
bol,sex_t,ocu_isco08_total,2022,5442.822
bol,sex_t,ocu_isco08_total,2023,5559.029
bol,sex_t,ocu_isco08_x,2005,452.499
bol,sex_t,ocu_isco08_x,2007,469.41
bol,sex_t,ocu_isco08_x,2008,441.341
bol,sex_t,ocu_isco08_x,2009,481.861
bol,sex_t,ocu_isco08_x,2012,3.715
bol,sex_t,ocu_isco08_x,2013,2.394
bol,sex_t,ocu_isco08_x,2014,1.438
bol,sex_t,ocu_isco08_x,2015,4.427
bol,sex_t,ocu_isco08_x,2016,0.861
bol,sex_t,ocu_isco08_x,2017,1.028
bol,sex_t,ocu_isco88_0,1999,1450.064
bol,sex_t,ocu_isco88_1,1999,263.2
bol,sex_t,ocu_isco88_1,2000,12.949
bol,sex_t,ocu_isco88_1,2001,8.939
bol,sex_t,ocu_isco88_1,2002,16.092
bol,sex_t,ocu_isco88_2,1999,59.416
bol,sex_t,ocu_isco88_2,2000,31.787
bol,sex_t,ocu_isco88_2,2001,40.893
bol,sex_t,ocu_isco88_2,2002,42.772
bol,sex_t,ocu_isco88_3,1999,50.458
bol,sex_t,ocu_isco88_3,2000,83.17
bol,sex_t,ocu_isco88_3,2001,74.483
bol,sex_t,ocu_isco88_3,2002,70.771
bol,sex_t,ocu_isco88_4,1999,184.254
bol,sex_t,ocu_isco88_4,2000,57.622
bol,sex_t,ocu_isco88_4,2001,64.693
bol,sex_t,ocu_isco88_4,2002,65.023
bol,sex_t,ocu_isco88_5,1999,666.595
bol,sex_t,ocu_isco88_5,2000,265.918
bol,sex_t,ocu_isco88_5,2001,327.479
bol,sex_t,ocu_isco88_5,2002,373.682
bol,sex_t,ocu_isco88_6,1999,180.707
bol,sex_t,ocu_isco88_6,2000,1173.128
bol,sex_t,ocu_isco88_6,2001,1031.581
bol,sex_t,ocu_isco88_6,2002,1257.773
bol,sex_t,ocu_isco88_7,1999,72.272
bol,sex_t,ocu_isco88_7,2000,414.95
bol,sex_t,ocu_isco88_7,2001,425.286
bol,sex_t,ocu_isco88_7,2002,531.539
bol,sex_t,ocu_isco88_8,1999,41.258
bol,sex_t,ocu_isco88_8,2000,90.173
bol,sex_t,ocu_isco88_8,2001,114.704
bol,sex_t,ocu_isco88_8,2002,106.437
bol,sex_t,ocu_isco88_9,1999,184.171
bol,sex_t,ocu_isco88_9,2000,302.146
bol,sex_t,ocu_isco88_9,2001,587.084
bol,sex_t,ocu_isco88_9,2002,331.795
bol,sex_t,ocu_isco88_total,1999,3152.395
bol,sex_t,ocu_isco88_total,2000,2433.531
bol,sex_t,ocu_isco88_total,2001,2677.186
bol,sex_t,ocu_isco88_total,2002,2796.869
bol,sex_t,ocu_skill_l1,1999,184.171
bol,sex_t,ocu_skill_l1,2000,302.146
bol,sex_t,ocu_skill_l1,2001,587.084
bol,sex_t,ocu_skill_l1,2002,331.795
bol,sex_t,ocu_skill_l1,2005,182.25
bol,sex_t,ocu_skill_l1,2006,386.056
bol,sex_t,ocu_skill_l1,2007,192.575
bol,sex_t,ocu_skill_l1,2008,223.035
bol,sex_t,ocu_skill_l1,2009,254.171
bol,sex_t,ocu_skill_l1,2011,527.972
bol,sex_t,ocu_skill_l1,2012,446.428
bol,sex_t,ocu_skill_l1,2013,292.109
bol,sex_t,ocu_skill_l1,2014,435.874
bol,sex_t,ocu_skill_l1,2015,328.436
bol,sex_t,ocu_skill_l1,2016,258.721
bol,sex_t,ocu_skill_l1,2017,248.353
bol,sex_t,ocu_skill_l1,2018,261.699
bol,sex_t,ocu_skill_l1,2019,307.678
bol,sex_t,ocu_skill_l1,2022,382.124
bol,sex_t,ocu_skill_l1,2023,393.503
bol,sex_t,ocu_skill_l2,1999,1145.086
bol,sex_t,ocu_skill_l2,2000,2001.791
bol,sex_t,ocu_skill_l2,2001,1963.743
bol,sex_t,ocu_skill_l2,2002,2334.454
bol,sex_t,ocu_skill_l2,2005,2720.186
bol,sex_t,ocu_skill_l2,2006,3107.764
bol,sex_t,ocu_skill_l2,2007,2766.634
bol,sex_t,ocu_skill_l2,2008,3017.901
bol,sex_t,ocu_skill_l2,2009,2937.85
bol,sex_t,ocu_skill_l2,2011,3142.87
bol,sex_t,ocu_skill_l2,2012,3073.573
bol,sex_t,ocu_skill_l2,2013,3297.928
bol,sex_t,ocu_skill_l2,2014,3515.305
bol,sex_t,ocu_skill_l2,2015,3426.753
bol,sex_t,ocu_skill_l2,2016,3171.543
bol,sex_t,ocu_skill_l2,2017,3469.019
bol,sex_t,ocu_skill_l2,2018,3787.138
bol,sex_t,ocu_skill_l2,2019,3952.578
bol,sex_t,ocu_skill_l2,2022,4702.257
bol,sex_t,ocu_skill_l2,2023,4756.542
bol,sex_t,ocu_skill_l3_4,1999,373.074
bol,sex_t,ocu_skill_l3_4,2000,127.906
bol,sex_t,ocu_skill_l3_4,2001,124.315
bol,sex_t,ocu_skill_l3_4,2002,129.635
bol,sex_t,ocu_skill_l3_4,2005,410.943
bol,sex_t,ocu_skill_l3_4,2006,527.599
bol,sex_t,ocu_skill_l3_4,2007,223.088
bol,sex_t,ocu_skill_l3_4,2008,249.141
bol,sex_t,ocu_skill_l3_4,2009,299.101
bol,sex_t,ocu_skill_l3_4,2011,320.405
bol,sex_t,ocu_skill_l3_4,2012,328.694
bol,sex_t,ocu_skill_l3_4,2013,383.161
bol,sex_t,ocu_skill_l3_4,2014,371.586
bol,sex_t,ocu_skill_l3_4,2015,356.824
bol,sex_t,ocu_skill_l3_4,2016,267.788
bol,sex_t,ocu_skill_l3_4,2017,268.094
bol,sex_t,ocu_skill_l3_4,2018,281.555
bol,sex_t,ocu_skill_l3_4,2019,321.323
bol,sex_t,ocu_skill_l3_4,2022,358.441
bol,sex_t,ocu_skill_l3_4,2023,408.985
bol,sex_t,ocu_skill_total,1999,3152.395
bol,sex_t,ocu_skill_total,2000,2433.531
bol,sex_t,ocu_skill_total,2001,2677.186
bol,sex_t,ocu_skill_total,2002,2796.869
bol,sex_t,ocu_skill_total,2005,3773.855
bol,sex_t,ocu_skill_total,2006,4023.091
bol,sex_t,ocu_skill_total,2007,3655.023
bol,sex_t,ocu_skill_total,2008,3933.851
bol,sex_t,ocu_skill_total,2009,3976.814
bol,sex_t,ocu_skill_total,2011,3997.947
bol,sex_t,ocu_skill_total,2012,3854.439
bol,sex_t,ocu_skill_total,2013,3978.033
bol,sex_t,ocu_skill_total,2014,4330.893
bol,sex_t,ocu_skill_total,2015,4119.301
bol,sex_t,ocu_skill_total,2016,3699.22
bol,sex_t,ocu_skill_total,2017,3986.651
bol,sex_t,ocu_skill_total,2018,4330.398
bol,sex_t,ocu_skill_total,2019,4581.681
bol,sex_t,ocu_skill_total,2022,5442.822
bol,sex_t,ocu_skill_total,2023,5559.029
bol,sex_t,ocu_skill_x,1999,1450.064
bol,sex_t,ocu_skill_x,2001,2.044
bol,sex_t,ocu_skill_x,2005,460.476
bol,sex_t,ocu_skill_x,2006,1.672
bol,sex_t,ocu_skill_x,2007,472.726
bol,sex_t,ocu_skill_x,2008,443.774
bol,sex_t,ocu_skill_x,2009,485.692
bol,sex_t,ocu_skill_x,2011,6.7
bol,sex_t,ocu_skill_x,2012,5.744
bol,sex_t,ocu_skill_x,2013,4.835
bol,sex_t,ocu_skill_x,2014,8.128
bol,sex_t,ocu_skill_x,2015,7.288
bol,sex_t,ocu_skill_x,2016,1.167
bol,sex_t,ocu_skill_x,2017,1.185
bra,sex_f,ocu_isco08_1,2016,191.501
bra,sex_f,ocu_isco08_1,2017,165.281
bra,sex_f,ocu_isco08_1,2018,126.342
bra,sex_f,ocu_isco08_1,2019,127.753
bra,sex_f,ocu_isco08_1,2020,103.533
bra,sex_f,ocu_isco08_1,2021,112.484
bra,sex_f,ocu_isco08_1,2022,91.324
bra,sex_f,ocu_isco08_1,2023,89.668
bra,sex_f,ocu_isco08_1,2024,98.129
bra,sex_f,ocu_isco08_2,2016,786.08
bra,sex_f,ocu_isco08_2,2017,873.027
bra,sex_f,ocu_isco08_2,2018,984.124
bra,sex_f,ocu_isco08_2,2019,1053.589
bra,sex_f,ocu_isco08_2,2020,963.059
bra,sex_f,ocu_isco08_2,2021,1087.778
bra,sex_f,ocu_isco08_2,2022,1185.348
bra,sex_f,ocu_isco08_2,2023,1296.227
bra,sex_f,ocu_isco08_2,2024,1357.525
bra,sex_f,ocu_isco08_3,2016,561.652
bra,sex_f,ocu_isco08_3,2017,592.897
bra,sex_f,ocu_isco08_3,2018,607.592
bra,sex_f,ocu_isco08_3,2019,649.818
bra,sex_f,ocu_isco08_3,2020,551.386
bra,sex_f,ocu_isco08_3,2021,588.925
bra,sex_f,ocu_isco08_3,2022,672.926
bra,sex_f,ocu_isco08_3,2023,751.148
bra,sex_f,ocu_isco08_3,2024,793.758
bra,sex_f,ocu_isco08_4,2016,422.775
bra,sex_f,ocu_isco08_4,2017,449.946
bra,sex_f,ocu_isco08_4,2018,559.471
bra,sex_f,ocu_isco08_4,2019,572.281
bra,sex_f,ocu_isco08_4,2020,470.027
bra,sex_f,ocu_isco08_4,2021,505.515
bra,sex_f,ocu_isco08_4,2022,632.74
bra,sex_f,ocu_isco08_4,2023,613.971
bra,sex_f,ocu_isco08_4,2024,623.902
bra,sex_f,ocu_isco08_5,2016,4672.162
bra,sex_f,ocu_isco08_5,2017,5318.865
bra,sex_f,ocu_isco08_5,2018,5749.018
bra,sex_f,ocu_isco08_5,2019,6036.986
bra,sex_f,ocu_isco08_5,2020,4890.768
bra,sex_f,ocu_isco08_5,2021,5228.817
bra,sex_f,ocu_isco08_5,2022,5947.533
bra,sex_f,ocu_isco08_5,2023,5849.595
bra,sex_f,ocu_isco08_5,2024,5920.218
bra,sex_f,ocu_isco08_6,2016,967.301
bra,sex_f,ocu_isco08_6,2017,915.701
bra,sex_f,ocu_isco08_6,2018,909.366
bra,sex_f,ocu_isco08_6,2019,893.893
bra,sex_f,ocu_isco08_6,2020,889.148
bra,sex_f,ocu_isco08_6,2021,982.72
bra,sex_f,ocu_isco08_6,2022,941.348
bra,sex_f,ocu_isco08_6,2023,845.473
bra,sex_f,ocu_isco08_6,2024,742.811
bra,sex_f,ocu_isco08_7,2016,1134.778
bra,sex_f,ocu_isco08_7,2017,1243.562
bra,sex_f,ocu_isco08_7,2018,1360.501
bra,sex_f,ocu_isco08_7,2019,1385.855
bra,sex_f,ocu_isco08_7,2020,1238.607
bra,sex_f,ocu_isco08_7,2021,1328.138
bra,sex_f,ocu_isco08_7,2022,1278.209
bra,sex_f,ocu_isco08_7,2023,1280.463
bra,sex_f,ocu_isco08_7,2024,1292.113
bra,sex_f,ocu_isco08_8,2016,361.466
bra,sex_f,ocu_isco08_8,2017,377.132
bra,sex_f,ocu_isco08_8,2018,382.035
bra,sex_f,ocu_isco08_8,2019,405.438
bra,sex_f,ocu_isco08_8,2020,294.24
bra,sex_f,ocu_isco08_8,2021,365.305
bra,sex_f,ocu_isco08_8,2022,480.933
bra,sex_f,ocu_isco08_8,2023,447.822
bra,sex_f,ocu_isco08_8,2024,472.961
bra,sex_f,ocu_isco08_9,2016,3913.399
bra,sex_f,ocu_isco08_9,2017,3928.321
bra,sex_f,ocu_isco08_9,2018,3783.264
bra,sex_f,ocu_isco08_9,2019,3797.746
bra,sex_f,ocu_isco08_9,2020,3086.206
bra,sex_f,ocu_isco08_9,2021,3451.384
bra,sex_f,ocu_isco08_9,2022,3758.601
bra,sex_f,ocu_isco08_9,2023,3745.389
bra,sex_f,ocu_isco08_9,2024,3836.447
bra,sex_f,ocu_isco08_total,2016,13084.764
bra,sex_f,ocu_isco08_total,2017,13929.585
bra,sex_f,ocu_isco08_total,2018,14518.303
bra,sex_f,ocu_isco08_total,2019,14980.917
bra,sex_f,ocu_isco08_total,2020,12547.872
bra,sex_f,ocu_isco08_total,2021,13725.397
bra,sex_f,ocu_isco08_total,2022,15043.854
bra,sex_f,ocu_isco08_total,2023,14968.243
bra,sex_f,ocu_isco08_total,2024,15194.734
bra,sex_f,ocu_isco08_x,2016,73.649
bra,sex_f,ocu_isco08_x,2017,64.853
bra,sex_f,ocu_isco08_x,2018,56.59
bra,sex_f,ocu_isco08_x,2019,57.559
bra,sex_f,ocu_isco08_x,2020,60.897
bra,sex_f,ocu_isco08_x,2021,74.33
bra,sex_f,ocu_isco08_x,2022,54.892
bra,sex_f,ocu_isco08_x,2023,48.488
bra,sex_f,ocu_isco08_x,2024,56.872
bra,sex_f,ocu_isco88_0,2009,11.22
bra,sex_f,ocu_isco88_0,2011,6.913
bra,sex_f,ocu_isco88_0,2012,16.024
bra,sex_f,ocu_isco88_0,2013,22.298
bra,sex_f,ocu_isco88_0,2014,23.858
bra,sex_f,ocu_isco88_0,2015,30.429
bra,sex_f,ocu_isco88_1,2009,241.177
bra,sex_f,ocu_isco88_1,2011,191.332
bra,sex_f,ocu_isco88_1,2012,245.056
bra,sex_f,ocu_isco88_1,2013,238.164
bra,sex_f,ocu_isco88_1,2014,235.569
bra,sex_f,ocu_isco88_1,2015,212.767
bra,sex_f,ocu_isco88_2,2009,985.69
bra,sex_f,ocu_isco88_2,2011,1089.369
bra,sex_f,ocu_isco88_2,2012,1224.44
bra,sex_f,ocu_isco88_2,2013,1185.916
bra,sex_f,ocu_isco88_2,2014,1365.799
bra,sex_f,ocu_isco88_2,2015,1320.748
bra,sex_f,ocu_isco88_3,2009,677.878
bra,sex_f,ocu_isco88_3,2011,574.28
bra,sex_f,ocu_isco88_3,2012,580.805
bra,sex_f,ocu_isco88_3,2013,576.223
bra,sex_f,ocu_isco88_3,2014,684.106
bra,sex_f,ocu_isco88_3,2015,601.998
bra,sex_f,ocu_isco88_4,2009,785.052
bra,sex_f,ocu_isco88_4,2011,634.297
bra,sex_f,ocu_isco88_4,2012,694.732
bra,sex_f,ocu_isco88_4,2013,693.566
bra,sex_f,ocu_isco88_4,2014,690.098
bra,sex_f,ocu_isco88_4,2015,539.039
bra,sex_f,ocu_isco88_5,2009,4632.411
bra,sex_f,ocu_isco88_5,2011,4814.519
bra,sex_f,ocu_isco88_5,2012,4981.057
bra,sex_f,ocu_isco88_5,2013,4920.785
bra,sex_f,ocu_isco88_5,2014,5265.163
bra,sex_f,ocu_isco88_5,2015,5115.556
bra,sex_f,ocu_isco88_6,2009,4476.184
bra,sex_f,ocu_isco88_6,2011,4028.394
bra,sex_f,ocu_isco88_6,2012,3632.617
bra,sex_f,ocu_isco88_6,2013,3782.839
bra,sex_f,ocu_isco88_6,2014,4183.346
bra,sex_f,ocu_isco88_6,2015,3628.154
bra,sex_f,ocu_isco88_7,2009,763.679
bra,sex_f,ocu_isco88_7,2011,416.666
bra,sex_f,ocu_isco88_7,2012,373.171
bra,sex_f,ocu_isco88_7,2013,348.056
bra,sex_f,ocu_isco88_7,2014,409.64
bra,sex_f,ocu_isco88_7,2015,376.11
bra,sex_f,ocu_isco88_8,2009,1225.225
bra,sex_f,ocu_isco88_8,2011,954.071
bra,sex_f,ocu_isco88_8,2012,991.914
bra,sex_f,ocu_isco88_8,2013,1029.642
bra,sex_f,ocu_isco88_8,2014,1044.149
bra,sex_f,ocu_isco88_8,2015,1077.175
bra,sex_f,ocu_isco88_9,2009,5390.128
bra,sex_f,ocu_isco88_9,2011,4469.237
bra,sex_f,ocu_isco88_9,2012,4235.353
bra,sex_f,ocu_isco88_9,2013,4018.732
bra,sex_f,ocu_isco88_9,2014,4051.9
bra,sex_f,ocu_isco88_9,2015,3960.216
bra,sex_f,ocu_isco88_total,2009,19188.644
bra,sex_f,ocu_isco88_total,2011,17197.181
bra,sex_f,ocu_isco88_total,2012,16983.781
bra,sex_f,ocu_isco88_total,2013,16824.503
bra,sex_f,ocu_isco88_total,2014,17960.344
bra,sex_f,ocu_isco88_total,2015,16866.612
bra,sex_f,ocu_isco88_x,2011,18.103
bra,sex_f,ocu_isco88_x,2012,8.612
bra,sex_f,ocu_isco88_x,2013,8.282
bra,sex_f,ocu_isco88_x,2014,6.716
bra,sex_f,ocu_isco88_x,2015,4.42
bra,sex_f,ocu_skill_l1,2009,5390.128
bra,sex_f,ocu_skill_l1,2011,4469.237
bra,sex_f,ocu_skill_l1,2012,4235.353
bra,sex_f,ocu_skill_l1,2013,4018.732
bra,sex_f,ocu_skill_l1,2014,4051.9
bra,sex_f,ocu_skill_l1,2015,3960.216
bra,sex_f,ocu_skill_l1,2016,3913.399
bra,sex_f,ocu_skill_l1,2017,3928.321
bra,sex_f,ocu_skill_l1,2018,3783.264
bra,sex_f,ocu_skill_l1,2019,3797.746
bra,sex_f,ocu_skill_l1,2020,3086.206
bra,sex_f,ocu_skill_l1,2021,3451.384
bra,sex_f,ocu_skill_l1,2022,3758.601
bra,sex_f,ocu_skill_l1,2023,3745.389
bra,sex_f,ocu_skill_l1,2024,3836.447
bra,sex_f,ocu_skill_l2,2009,11882.551
bra,sex_f,ocu_skill_l2,2011,10847.947
bra,sex_f,ocu_skill_l2,2012,10673.491
bra,sex_f,ocu_skill_l2,2013,10774.888
bra,sex_f,ocu_skill_l2,2014,11592.396
bra,sex_f,ocu_skill_l2,2015,10736.034
bra,sex_f,ocu_skill_l2,2016,7558.482
bra,sex_f,ocu_skill_l2,2017,8305.206
bra,sex_f,ocu_skill_l2,2018,8960.391
bra,sex_f,ocu_skill_l2,2019,9294.454
bra,sex_f,ocu_skill_l2,2020,7782.792
bra,sex_f,ocu_skill_l2,2021,8410.496
bra,sex_f,ocu_skill_l2,2022,9280.764
bra,sex_f,ocu_skill_l2,2023,9037.324
bra,sex_f,ocu_skill_l2,2024,9052.003
bra,sex_f,ocu_skill_l3_4,2009,1904.745
bra,sex_f,ocu_skill_l3_4,2011,1854.981
bra,sex_f,ocu_skill_l3_4,2012,2050.301
bra,sex_f,ocu_skill_l3_4,2013,2000.303
bra,sex_f,ocu_skill_l3_4,2014,2285.474
bra,sex_f,ocu_skill_l3_4,2015,2135.513
bra,sex_f,ocu_skill_l3_4,2016,1539.234
bra,sex_f,ocu_skill_l3_4,2017,1631.206
bra,sex_f,ocu_skill_l3_4,2018,1718.057
bra,sex_f,ocu_skill_l3_4,2019,1831.159
bra,sex_f,ocu_skill_l3_4,2020,1617.977
bra,sex_f,ocu_skill_l3_4,2021,1789.188
bra,sex_f,ocu_skill_l3_4,2022,1949.597
bra,sex_f,ocu_skill_l3_4,2023,2137.042
bra,sex_f,ocu_skill_l3_4,2024,2249.412
bra,sex_f,ocu_skill_total,2009,19188.644
bra,sex_f,ocu_skill_total,2011,17197.181
bra,sex_f,ocu_skill_total,2012,16983.781
bra,sex_f,ocu_skill_total,2013,16824.503
bra,sex_f,ocu_skill_total,2014,17960.344
bra,sex_f,ocu_skill_total,2015,16866.612
bra,sex_f,ocu_skill_total,2016,13084.764
bra,sex_f,ocu_skill_total,2017,13929.585
bra,sex_f,ocu_skill_total,2018,14518.303
bra,sex_f,ocu_skill_total,2019,14980.917
bra,sex_f,ocu_skill_total,2020,12547.872
bra,sex_f,ocu_skill_total,2021,13725.397
bra,sex_f,ocu_skill_total,2022,15043.854
bra,sex_f,ocu_skill_total,2023,14968.243
bra,sex_f,ocu_skill_total,2024,15194.734
bra,sex_f,ocu_skill_x,2009,11.22
bra,sex_f,ocu_skill_x,2011,25.016
bra,sex_f,ocu_skill_x,2012,24.636
bra,sex_f,ocu_skill_x,2013,30.58
bra,sex_f,ocu_skill_x,2014,30.574
bra,sex_f,ocu_skill_x,2015,34.849
bra,sex_f,ocu_skill_x,2016,73.649
bra,sex_f,ocu_skill_x,2017,64.853
bra,sex_f,ocu_skill_x,2018,56.59
bra,sex_f,ocu_skill_x,2019,57.559
bra,sex_f,ocu_skill_x,2020,60.897
bra,sex_f,ocu_skill_x,2021,74.33
bra,sex_f,ocu_skill_x,2022,54.892
bra,sex_f,ocu_skill_x,2023,48.488
bra,sex_f,ocu_skill_x,2024,56.872
bra,sex_m,ocu_isco08_1,2016,256.695
bra,sex_m,ocu_isco08_1,2017,241.592
bra,sex_m,ocu_isco08_1,2018,210
bra,sex_m,ocu_isco08_1,2019,211.708
bra,sex_m,ocu_isco08_1,2020,157.333
bra,sex_m,ocu_isco08_1,2021,150.876
bra,sex_m,ocu_isco08_1,2022,141.691
bra,sex_m,ocu_isco08_1,2023,141.721
bra,sex_m,ocu_isco08_1,2024,148.528
bra,sex_m,ocu_isco08_2,2016,706.214
bra,sex_m,ocu_isco08_2,2017,790.445
bra,sex_m,ocu_isco08_2,2018,819.931
bra,sex_m,ocu_isco08_2,2019,891.452
bra,sex_m,ocu_isco08_2,2020,862.706
bra,sex_m,ocu_isco08_2,2021,926.532
bra,sex_m,ocu_isco08_2,2022,924.742
bra,sex_m,ocu_isco08_2,2023,1044.738
bra,sex_m,ocu_isco08_2,2024,1053.441
bra,sex_m,ocu_isco08_3,2016,820.671
bra,sex_m,ocu_isco08_3,2017,799.245
bra,sex_m,ocu_isco08_3,2018,846.717
bra,sex_m,ocu_isco08_3,2019,890.892
bra,sex_m,ocu_isco08_3,2020,822.565
bra,sex_m,ocu_isco08_3,2021,866.755
bra,sex_m,ocu_isco08_3,2022,934.496
bra,sex_m,ocu_isco08_3,2023,977.078
bra,sex_m,ocu_isco08_3,2024,1020.206
bra,sex_m,ocu_isco08_4,2016,262.051
bra,sex_m,ocu_isco08_4,2017,271.215
bra,sex_m,ocu_isco08_4,2018,318.748
bra,sex_m,ocu_isco08_4,2019,326.595
bra,sex_m,ocu_isco08_4,2020,264.409
bra,sex_m,ocu_isco08_4,2021,289.253
bra,sex_m,ocu_isco08_4,2022,353.246
bra,sex_m,ocu_isco08_4,2023,358.987
bra,sex_m,ocu_isco08_4,2024,363.815
bra,sex_m,ocu_isco08_5,2016,2528.734
bra,sex_m,ocu_isco08_5,2017,2930.305
bra,sex_m,ocu_isco08_5,2018,3235.787
bra,sex_m,ocu_isco08_5,2019,3305.189
bra,sex_m,ocu_isco08_5,2020,2698.222
bra,sex_m,ocu_isco08_5,2021,2882.206
bra,sex_m,ocu_isco08_5,2022,3112.301
bra,sex_m,ocu_isco08_5,2023,3139.029
bra,sex_m,ocu_isco08_5,2024,3103.385
bra,sex_m,ocu_isco08_6,2016,3310.37
bra,sex_m,ocu_isco08_6,2017,3159.966
bra,sex_m,ocu_isco08_6,2018,3270.268
bra,sex_m,ocu_isco08_6,2019,3256.804
bra,sex_m,ocu_isco08_6,2020,3256.354
bra,sex_m,ocu_isco08_6,2021,3507.455
bra,sex_m,ocu_isco08_6,2022,3335.114
bra,sex_m,ocu_isco08_6,2023,3155.489
bra,sex_m,ocu_isco08_6,2024,3043.142
bra,sex_m,ocu_isco08_7,2016,5432.88
bra,sex_m,ocu_isco08_7,2017,5469.273
bra,sex_m,ocu_isco08_7,2018,5395.885
bra,sex_m,ocu_isco08_7,2019,5395.062
bra,sex_m,ocu_isco08_7,2020,4774.904
bra,sex_m,ocu_isco08_7,2021,5283.366
bra,sex_m,ocu_isco08_7,2022,5426.192
bra,sex_m,ocu_isco08_7,2023,5253.501
bra,sex_m,ocu_isco08_7,2024,5494.887
bra,sex_m,ocu_isco08_8,2016,1918.068
bra,sex_m,ocu_isco08_8,2017,2136.47
bra,sex_m,ocu_isco08_8,2018,2369.52
bra,sex_m,ocu_isco08_8,2019,2595.675
bra,sex_m,ocu_isco08_8,2020,2340.084
bra,sex_m,ocu_isco08_8,2021,2553.393
bra,sex_m,ocu_isco08_8,2022,2749.97
bra,sex_m,ocu_isco08_8,2023,2945.32
bra,sex_m,ocu_isco08_8,2024,3054.491
bra,sex_m,ocu_isco08_9,2016,4639.907
bra,sex_m,ocu_isco08_9,2017,4532.032
bra,sex_m,ocu_isco08_9,2018,4346.265
bra,sex_m,ocu_isco08_9,2019,4473.816
bra,sex_m,ocu_isco08_9,2020,3922.669
bra,sex_m,ocu_isco08_9,2021,4444.591
bra,sex_m,ocu_isco08_9,2022,4583.82
bra,sex_m,ocu_isco08_9,2023,4532.827
bra,sex_m,ocu_isco08_9,2024,4548.445
bra,sex_m,ocu_isco08_total,2016,20213.68
bra,sex_m,ocu_isco08_total,2017,20637.764
bra,sex_m,ocu_isco08_total,2018,21106.934
bra,sex_m,ocu_isco08_total,2019,21647.767
bra,sex_m,ocu_isco08_total,2020,19360.848
bra,sex_m,ocu_isco08_total,2021,21178.027
bra,sex_m,ocu_isco08_total,2022,21807.022
bra,sex_m,ocu_isco08_total,2023,21800.787
bra,sex_m,ocu_isco08_total,2024,22079.965
bra,sex_m,ocu_isco08_x,2016,338.09
bra,sex_m,ocu_isco08_x,2017,307.221
bra,sex_m,ocu_isco08_x,2018,293.812
bra,sex_m,ocu_isco08_x,2019,300.575
bra,sex_m,ocu_isco08_x,2020,261.601
bra,sex_m,ocu_isco08_x,2021,273.6
bra,sex_m,ocu_isco08_x,2022,245.449
bra,sex_m,ocu_isco08_x,2023,252.097
bra,sex_m,ocu_isco08_x,2024,249.626
bra,sex_m,ocu_isco88_0,2009,263.5
bra,sex_m,ocu_isco88_0,2011,226.316
bra,sex_m,ocu_isco88_0,2012,343.504
bra,sex_m,ocu_isco88_0,2013,331.962
bra,sex_m,ocu_isco88_0,2014,321.791
bra,sex_m,ocu_isco88_0,2015,327.446
bra,sex_m,ocu_isco88_1,2009,400.88
bra,sex_m,ocu_isco88_1,2011,331.618
bra,sex_m,ocu_isco88_1,2012,379.516
bra,sex_m,ocu_isco88_1,2013,353.438
bra,sex_m,ocu_isco88_1,2014,361.477
bra,sex_m,ocu_isco88_1,2015,307.099
bra,sex_m,ocu_isco88_2,2009,846.964
bra,sex_m,ocu_isco88_2,2011,1002.484
bra,sex_m,ocu_isco88_2,2012,954.508
bra,sex_m,ocu_isco88_2,2013,984.173
bra,sex_m,ocu_isco88_2,2014,1140.642
bra,sex_m,ocu_isco88_2,2015,1125.73
bra,sex_m,ocu_isco88_3,2009,1302.227
bra,sex_m,ocu_isco88_3,2011,1102.474
bra,sex_m,ocu_isco88_3,2012,1141.343
bra,sex_m,ocu_isco88_3,2013,1168.53
bra,sex_m,ocu_isco88_3,2014,1221.305
bra,sex_m,ocu_isco88_3,2015,1217.14
bra,sex_m,ocu_isco88_4,2009,474.173
bra,sex_m,ocu_isco88_4,2011,382.171
bra,sex_m,ocu_isco88_4,2012,405.559
bra,sex_m,ocu_isco88_4,2013,413.469
bra,sex_m,ocu_isco88_4,2014,386.639
bra,sex_m,ocu_isco88_4,2015,342.015
bra,sex_m,ocu_isco88_5,2009,2365.124
bra,sex_m,ocu_isco88_5,2011,2647.309
bra,sex_m,ocu_isco88_5,2012,2500.705
bra,sex_m,ocu_isco88_5,2013,2410.55
bra,sex_m,ocu_isco88_5,2014,2535.905
bra,sex_m,ocu_isco88_5,2015,2598.034
bra,sex_m,ocu_isco88_6,2009,8691.636
bra,sex_m,ocu_isco88_6,2011,8051.772
bra,sex_m,ocu_isco88_6,2012,7668.323
bra,sex_m,ocu_isco88_6,2013,7700.109
bra,sex_m,ocu_isco88_6,2014,7718.027
bra,sex_m,ocu_isco88_6,2015,7509.532
bra,sex_m,ocu_isco88_7,2009,4621.924
bra,sex_m,ocu_isco88_7,2011,4566.728
bra,sex_m,ocu_isco88_7,2012,4831.019
bra,sex_m,ocu_isco88_7,2013,4782.504
bra,sex_m,ocu_isco88_7,2014,5167.12
bra,sex_m,ocu_isco88_7,2015,4996.798
bra,sex_m,ocu_isco88_8,2009,2262.808
bra,sex_m,ocu_isco88_8,2011,2221.921
bra,sex_m,ocu_isco88_8,2012,2333.033
bra,sex_m,ocu_isco88_8,2013,2412.159
bra,sex_m,ocu_isco88_8,2014,2381.781
bra,sex_m,ocu_isco88_8,2015,2380.522
bra,sex_m,ocu_isco88_9,2009,4252.054
bra,sex_m,ocu_isco88_9,2011,4164.977
bra,sex_m,ocu_isco88_9,2012,4137.716
bra,sex_m,ocu_isco88_9,2013,4224.27
bra,sex_m,ocu_isco88_9,2014,4240.025
bra,sex_m,ocu_isco88_9,2015,4283.373
bra,sex_m,ocu_isco88_total,2009,25481.29
bra,sex_m,ocu_isco88_total,2011,24710.764
bra,sex_m,ocu_isco88_total,2012,24714.723
bra,sex_m,ocu_isco88_total,2013,24790.055
bra,sex_m,ocu_isco88_total,2014,25483.25
bra,sex_m,ocu_isco88_total,2015,25093.602
bra,sex_m,ocu_isco88_x,2011,12.994
bra,sex_m,ocu_isco88_x,2012,19.497
bra,sex_m,ocu_isco88_x,2013,8.891
bra,sex_m,ocu_isco88_x,2014,8.538
bra,sex_m,ocu_isco88_x,2015,5.913
bra,sex_m,ocu_skill_l1,2009,4252.054
bra,sex_m,ocu_skill_l1,2011,4164.977
bra,sex_m,ocu_skill_l1,2012,4137.716
bra,sex_m,ocu_skill_l1,2013,4224.27
bra,sex_m,ocu_skill_l1,2014,4240.025
bra,sex_m,ocu_skill_l1,2015,4283.373
bra,sex_m,ocu_skill_l1,2016,4639.907
bra,sex_m,ocu_skill_l1,2017,4532.032
bra,sex_m,ocu_skill_l1,2018,4346.265
bra,sex_m,ocu_skill_l1,2019,4473.816
bra,sex_m,ocu_skill_l1,2020,3922.669
bra,sex_m,ocu_skill_l1,2021,4444.591
bra,sex_m,ocu_skill_l1,2022,4583.82
bra,sex_m,ocu_skill_l1,2023,4532.827
bra,sex_m,ocu_skill_l1,2024,4548.445
bra,sex_m,ocu_skill_l2,2009,18415.665
bra,sex_m,ocu_skill_l2,2011,17869.901
bra,sex_m,ocu_skill_l2,2012,17738.639
bra,sex_m,ocu_skill_l2,2013,17718.791
bra,sex_m,ocu_skill_l2,2014,18189.472
bra,sex_m,ocu_skill_l2,2015,17826.901
bra,sex_m,ocu_skill_l2,2016,13452.102
bra,sex_m,ocu_skill_l2,2017,13967.229
bra,sex_m,ocu_skill_l2,2018,14590.208
bra,sex_m,ocu_skill_l2,2019,14879.325
bra,sex_m,ocu_skill_l2,2020,13333.974
bra,sex_m,ocu_skill_l2,2021,14515.673
bra,sex_m,ocu_skill_l2,2022,14976.824
bra,sex_m,ocu_skill_l2,2023,14852.326
bra,sex_m,ocu_skill_l2,2024,15059.719
bra,sex_m,ocu_skill_l3_4,2009,2550.071
bra,sex_m,ocu_skill_l3_4,2011,2436.576
bra,sex_m,ocu_skill_l3_4,2012,2475.367
bra,sex_m,ocu_skill_l3_4,2013,2506.141
bra,sex_m,ocu_skill_l3_4,2014,2723.424
bra,sex_m,ocu_skill_l3_4,2015,2649.969
bra,sex_m,ocu_skill_l3_4,2016,1783.58
bra,sex_m,ocu_skill_l3_4,2017,1831.282
bra,sex_m,ocu_skill_l3_4,2018,1876.648
bra,sex_m,ocu_skill_l3_4,2019,1994.051
bra,sex_m,ocu_skill_l3_4,2020,1842.604
bra,sex_m,ocu_skill_l3_4,2021,1944.163
bra,sex_m,ocu_skill_l3_4,2022,2000.928
bra,sex_m,ocu_skill_l3_4,2023,2163.537
bra,sex_m,ocu_skill_l3_4,2024,2222.175
bra,sex_m,ocu_skill_total,2009,25481.29
bra,sex_m,ocu_skill_total,2011,24710.764
bra,sex_m,ocu_skill_total,2012,24714.723
bra,sex_m,ocu_skill_total,2013,24790.055
bra,sex_m,ocu_skill_total,2014,25483.25
bra,sex_m,ocu_skill_total,2015,25093.602
bra,sex_m,ocu_skill_total,2016,20213.68
bra,sex_m,ocu_skill_total,2017,20637.764
bra,sex_m,ocu_skill_total,2018,21106.934
bra,sex_m,ocu_skill_total,2019,21647.767
bra,sex_m,ocu_skill_total,2020,19360.848
bra,sex_m,ocu_skill_total,2021,21178.027
bra,sex_m,ocu_skill_total,2022,21807.022
bra,sex_m,ocu_skill_total,2023,21800.787
bra,sex_m,ocu_skill_total,2024,22079.965
bra,sex_m,ocu_skill_x,2009,263.5
bra,sex_m,ocu_skill_x,2011,239.31
bra,sex_m,ocu_skill_x,2012,363.001
bra,sex_m,ocu_skill_x,2013,340.853
bra,sex_m,ocu_skill_x,2014,330.329
bra,sex_m,ocu_skill_x,2015,333.359
bra,sex_m,ocu_skill_x,2016,338.09
bra,sex_m,ocu_skill_x,2017,307.221
bra,sex_m,ocu_skill_x,2018,293.812
bra,sex_m,ocu_skill_x,2019,300.575
bra,sex_m,ocu_skill_x,2020,261.601
bra,sex_m,ocu_skill_x,2021,273.6
bra,sex_m,ocu_skill_x,2022,245.449
bra,sex_m,ocu_skill_x,2023,252.097
bra,sex_m,ocu_skill_x,2024,249.626
bra,sex_t,ocu_isco08_1,2016,448.197
bra,sex_t,ocu_isco08_1,2017,406.873
bra,sex_t,ocu_isco08_1,2018,336.341
bra,sex_t,ocu_isco08_1,2019,339.461
bra,sex_t,ocu_isco08_1,2020,260.866
bra,sex_t,ocu_isco08_1,2021,263.36
bra,sex_t,ocu_isco08_1,2022,233.014
bra,sex_t,ocu_isco08_1,2023,231.388
bra,sex_t,ocu_isco08_1,2024,246.657
bra,sex_t,ocu_isco08_2,2016,1492.294
bra,sex_t,ocu_isco08_2,2017,1663.472
bra,sex_t,ocu_isco08_2,2018,1804.055
bra,sex_t,ocu_isco08_2,2019,1945.04
bra,sex_t,ocu_isco08_2,2020,1825.765
bra,sex_t,ocu_isco08_2,2021,2014.31
bra,sex_t,ocu_isco08_2,2022,2110.09
bra,sex_t,ocu_isco08_2,2023,2340.965
bra,sex_t,ocu_isco08_2,2024,2410.966
bra,sex_t,ocu_isco08_3,2016,1382.323
bra,sex_t,ocu_isco08_3,2017,1392.143
bra,sex_t,ocu_isco08_3,2018,1454.309
bra,sex_t,ocu_isco08_3,2019,1540.71
bra,sex_t,ocu_isco08_3,2020,1373.951
bra,sex_t,ocu_isco08_3,2021,1455.68
bra,sex_t,ocu_isco08_3,2022,1607.421
bra,sex_t,ocu_isco08_3,2023,1728.226
bra,sex_t,ocu_isco08_3,2024,1813.964
bra,sex_t,ocu_isco08_4,2016,684.825
bra,sex_t,ocu_isco08_4,2017,721.161
bra,sex_t,ocu_isco08_4,2018,878.219
bra,sex_t,ocu_isco08_4,2019,898.876
bra,sex_t,ocu_isco08_4,2020,734.436
bra,sex_t,ocu_isco08_4,2021,794.769
bra,sex_t,ocu_isco08_4,2022,985.987
bra,sex_t,ocu_isco08_4,2023,972.958
bra,sex_t,ocu_isco08_4,2024,987.717
bra,sex_t,ocu_isco08_5,2016,7200.896
bra,sex_t,ocu_isco08_5,2017,8249.17
bra,sex_t,ocu_isco08_5,2018,8984.805
bra,sex_t,ocu_isco08_5,2019,9342.175
bra,sex_t,ocu_isco08_5,2020,7588.991
bra,sex_t,ocu_isco08_5,2021,8111.023
bra,sex_t,ocu_isco08_5,2022,9059.834
bra,sex_t,ocu_isco08_5,2023,8988.624
bra,sex_t,ocu_isco08_5,2024,9023.603
bra,sex_t,ocu_isco08_6,2016,4277.672
bra,sex_t,ocu_isco08_6,2017,4075.667
bra,sex_t,ocu_isco08_6,2018,4179.635
bra,sex_t,ocu_isco08_6,2019,4150.697
bra,sex_t,ocu_isco08_6,2020,4145.503
bra,sex_t,ocu_isco08_6,2021,4490.175
bra,sex_t,ocu_isco08_6,2022,4276.462
bra,sex_t,ocu_isco08_6,2023,4000.963
bra,sex_t,ocu_isco08_6,2024,3785.952
bra,sex_t,ocu_isco08_7,2016,6567.658
bra,sex_t,ocu_isco08_7,2017,6712.835
bra,sex_t,ocu_isco08_7,2018,6756.385
bra,sex_t,ocu_isco08_7,2019,6780.917
bra,sex_t,ocu_isco08_7,2020,6013.512
bra,sex_t,ocu_isco08_7,2021,6611.505
bra,sex_t,ocu_isco08_7,2022,6704.402
bra,sex_t,ocu_isco08_7,2023,6533.964
bra,sex_t,ocu_isco08_7,2024,6787
bra,sex_t,ocu_isco08_8,2016,2279.534
bra,sex_t,ocu_isco08_8,2017,2513.602
bra,sex_t,ocu_isco08_8,2018,2751.556
bra,sex_t,ocu_isco08_8,2019,3001.114
bra,sex_t,ocu_isco08_8,2020,2634.324
bra,sex_t,ocu_isco08_8,2021,2918.698
bra,sex_t,ocu_isco08_8,2022,3230.904
bra,sex_t,ocu_isco08_8,2023,3393.142
bra,sex_t,ocu_isco08_8,2024,3527.452
bra,sex_t,ocu_isco08_9,2016,8553.306
bra,sex_t,ocu_isco08_9,2017,8460.353
bra,sex_t,ocu_isco08_9,2018,8129.53
bra,sex_t,ocu_isco08_9,2019,8271.562
bra,sex_t,ocu_isco08_9,2020,7008.875
bra,sex_t,ocu_isco08_9,2021,7895.974
bra,sex_t,ocu_isco08_9,2022,8342.422
bra,sex_t,ocu_isco08_9,2023,8278.216
bra,sex_t,ocu_isco08_9,2024,8384.892
bra,sex_t,ocu_isco08_total,2016,33298.443
bra,sex_t,ocu_isco08_total,2017,34567.349
bra,sex_t,ocu_isco08_total,2018,35625.237
bra,sex_t,ocu_isco08_total,2019,36628.684
bra,sex_t,ocu_isco08_total,2020,31908.72
bra,sex_t,ocu_isco08_total,2021,34903.424
bra,sex_t,ocu_isco08_total,2022,36850.876
bra,sex_t,ocu_isco08_total,2023,36769.03
bra,sex_t,ocu_isco08_total,2024,37274.699
bra,sex_t,ocu_isco08_x,2016,411.739
bra,sex_t,ocu_isco08_x,2017,372.074
bra,sex_t,ocu_isco08_x,2018,350.402
bra,sex_t,ocu_isco08_x,2019,358.133
bra,sex_t,ocu_isco08_x,2020,322.498
bra,sex_t,ocu_isco08_x,2021,347.93
bra,sex_t,ocu_isco08_x,2022,300.341
bra,sex_t,ocu_isco08_x,2023,300.585
bra,sex_t,ocu_isco08_x,2024,306.498
bra,sex_t,ocu_isco88_0,2009,274.72
bra,sex_t,ocu_isco88_0,2011,233.229
bra,sex_t,ocu_isco88_0,2012,359.528
bra,sex_t,ocu_isco88_0,2013,354.26
bra,sex_t,ocu_isco88_0,2014,345.649
bra,sex_t,ocu_isco88_0,2015,357.875
bra,sex_t,ocu_isco88_1,2009,642.057
bra,sex_t,ocu_isco88_1,2011,522.95
bra,sex_t,ocu_isco88_1,2012,624.572
bra,sex_t,ocu_isco88_1,2013,591.602
bra,sex_t,ocu_isco88_1,2014,597.046
bra,sex_t,ocu_isco88_1,2015,519.866
bra,sex_t,ocu_isco88_2,2009,1832.654
bra,sex_t,ocu_isco88_2,2011,2091.853
bra,sex_t,ocu_isco88_2,2012,2178.948
bra,sex_t,ocu_isco88_2,2013,2170.089
bra,sex_t,ocu_isco88_2,2014,2506.441
bra,sex_t,ocu_isco88_2,2015,2446.478
bra,sex_t,ocu_isco88_3,2009,1980.105
bra,sex_t,ocu_isco88_3,2011,1676.754
bra,sex_t,ocu_isco88_3,2012,1722.148
bra,sex_t,ocu_isco88_3,2013,1744.753
bra,sex_t,ocu_isco88_3,2014,1905.411
bra,sex_t,ocu_isco88_3,2015,1819.138
bra,sex_t,ocu_isco88_4,2009,1259.225
bra,sex_t,ocu_isco88_4,2011,1016.468
bra,sex_t,ocu_isco88_4,2012,1100.291
bra,sex_t,ocu_isco88_4,2013,1107.035
bra,sex_t,ocu_isco88_4,2014,1076.737
bra,sex_t,ocu_isco88_4,2015,881.054
bra,sex_t,ocu_isco88_5,2009,6997.535
bra,sex_t,ocu_isco88_5,2011,7461.828
bra,sex_t,ocu_isco88_5,2012,7481.762
bra,sex_t,ocu_isco88_5,2013,7331.335
bra,sex_t,ocu_isco88_5,2014,7801.068
bra,sex_t,ocu_isco88_5,2015,7713.59
bra,sex_t,ocu_isco88_6,2009,13167.82
bra,sex_t,ocu_isco88_6,2011,12080.166
bra,sex_t,ocu_isco88_6,2012,11300.94
bra,sex_t,ocu_isco88_6,2013,11482.948
bra,sex_t,ocu_isco88_6,2014,11901.373
bra,sex_t,ocu_isco88_6,2015,11137.686
bra,sex_t,ocu_isco88_7,2009,5385.603
bra,sex_t,ocu_isco88_7,2011,4983.394
bra,sex_t,ocu_isco88_7,2012,5204.19
bra,sex_t,ocu_isco88_7,2013,5130.56
bra,sex_t,ocu_isco88_7,2014,5576.76
bra,sex_t,ocu_isco88_7,2015,5372.908
bra,sex_t,ocu_isco88_8,2009,3488.033
bra,sex_t,ocu_isco88_8,2011,3175.992
bra,sex_t,ocu_isco88_8,2012,3324.947
bra,sex_t,ocu_isco88_8,2013,3441.801
bra,sex_t,ocu_isco88_8,2014,3425.93
bra,sex_t,ocu_isco88_8,2015,3457.697
bra,sex_t,ocu_isco88_9,2009,9642.182
bra,sex_t,ocu_isco88_9,2011,8634.214
bra,sex_t,ocu_isco88_9,2012,8373.069
bra,sex_t,ocu_isco88_9,2013,8243.002
bra,sex_t,ocu_isco88_9,2014,8291.925
bra,sex_t,ocu_isco88_9,2015,8243.589
bra,sex_t,ocu_isco88_total,2009,44669.934
bra,sex_t,ocu_isco88_total,2011,41907.945
bra,sex_t,ocu_isco88_total,2012,41698.504
bra,sex_t,ocu_isco88_total,2013,41614.558
bra,sex_t,ocu_isco88_total,2014,43443.594
bra,sex_t,ocu_isco88_total,2015,41960.214
bra,sex_t,ocu_isco88_x,2011,31.097
bra,sex_t,ocu_isco88_x,2012,28.109
bra,sex_t,ocu_isco88_x,2013,17.173
bra,sex_t,ocu_isco88_x,2014,15.254
bra,sex_t,ocu_isco88_x,2015,10.333
bra,sex_t,ocu_skill_l1,2009,9642.182
bra,sex_t,ocu_skill_l1,2011,8634.214
bra,sex_t,ocu_skill_l1,2012,8373.069
bra,sex_t,ocu_skill_l1,2013,8243.002
bra,sex_t,ocu_skill_l1,2014,8291.925
bra,sex_t,ocu_skill_l1,2015,8243.589
bra,sex_t,ocu_skill_l1,2016,8553.306
bra,sex_t,ocu_skill_l1,2017,8460.353
bra,sex_t,ocu_skill_l1,2018,8129.53
bra,sex_t,ocu_skill_l1,2019,8271.562
bra,sex_t,ocu_skill_l1,2020,7008.875
bra,sex_t,ocu_skill_l1,2021,7895.974
bra,sex_t,ocu_skill_l1,2022,8342.422
bra,sex_t,ocu_skill_l1,2023,8278.216
bra,sex_t,ocu_skill_l1,2024,8384.892
bra,sex_t,ocu_skill_l2,2009,30298.216
bra,sex_t,ocu_skill_l2,2011,28717.848
bra,sex_t,ocu_skill_l2,2012,28412.13
bra,sex_t,ocu_skill_l2,2013,28493.679
bra,sex_t,ocu_skill_l2,2014,29781.868
bra,sex_t,ocu_skill_l2,2015,28562.935
bra,sex_t,ocu_skill_l2,2016,21010.584
bra,sex_t,ocu_skill_l2,2017,22272.435
bra,sex_t,ocu_skill_l2,2018,23550.599
bra,sex_t,ocu_skill_l2,2019,24173.779
bra,sex_t,ocu_skill_l2,2020,21116.765
bra,sex_t,ocu_skill_l2,2021,22926.169
bra,sex_t,ocu_skill_l2,2022,24257.588
bra,sex_t,ocu_skill_l2,2023,23889.65
bra,sex_t,ocu_skill_l2,2024,24111.723
bra,sex_t,ocu_skill_l3_4,2009,4454.816
bra,sex_t,ocu_skill_l3_4,2011,4291.557
bra,sex_t,ocu_skill_l3_4,2012,4525.668
bra,sex_t,ocu_skill_l3_4,2013,4506.444
bra,sex_t,ocu_skill_l3_4,2014,5008.898
bra,sex_t,ocu_skill_l3_4,2015,4785.482
bra,sex_t,ocu_skill_l3_4,2016,3322.814
bra,sex_t,ocu_skill_l3_4,2017,3462.488
bra,sex_t,ocu_skill_l3_4,2018,3594.705
bra,sex_t,ocu_skill_l3_4,2019,3825.21
bra,sex_t,ocu_skill_l3_4,2020,3460.582
bra,sex_t,ocu_skill_l3_4,2021,3733.35
bra,sex_t,ocu_skill_l3_4,2022,3950.525
bra,sex_t,ocu_skill_l3_4,2023,4300.58
bra,sex_t,ocu_skill_l3_4,2024,4471.587
bra,sex_t,ocu_skill_total,2009,44669.934
bra,sex_t,ocu_skill_total,2011,41907.945
bra,sex_t,ocu_skill_total,2012,41698.504
bra,sex_t,ocu_skill_total,2013,41614.558
bra,sex_t,ocu_skill_total,2014,43443.594
bra,sex_t,ocu_skill_total,2015,41960.214
bra,sex_t,ocu_skill_total,2016,33298.443
bra,sex_t,ocu_skill_total,2017,34567.349
bra,sex_t,ocu_skill_total,2018,35625.237
bra,sex_t,ocu_skill_total,2019,36628.684
bra,sex_t,ocu_skill_total,2020,31908.72
bra,sex_t,ocu_skill_total,2021,34903.424
bra,sex_t,ocu_skill_total,2022,36850.876
bra,sex_t,ocu_skill_total,2023,36769.03
bra,sex_t,ocu_skill_total,2024,37274.699
bra,sex_t,ocu_skill_x,2009,274.72
bra,sex_t,ocu_skill_x,2011,264.326
bra,sex_t,ocu_skill_x,2012,387.637
bra,sex_t,ocu_skill_x,2013,371.433
bra,sex_t,ocu_skill_x,2014,360.903
bra,sex_t,ocu_skill_x,2015,368.208
bra,sex_t,ocu_skill_x,2016,411.739
bra,sex_t,ocu_skill_x,2017,372.074
bra,sex_t,ocu_skill_x,2018,350.402
bra,sex_t,ocu_skill_x,2019,358.133
bra,sex_t,ocu_skill_x,2020,322.498
bra,sex_t,ocu_skill_x,2021,347.93
bra,sex_t,ocu_skill_x,2022,300.341
bra,sex_t,ocu_skill_x,2023,300.585
bra,sex_t,ocu_skill_x,2024,306.498
brb,sex_f,ocu_isco08_1,2016,0.662
brb,sex_f,ocu_isco08_2,2016,2.183
brb,sex_f,ocu_isco08_3,2016,2.006
brb,sex_f,ocu_isco08_4,2016,2.217
brb,sex_f,ocu_isco08_5,2016,7.598
brb,sex_f,ocu_isco08_6,2016,0.229
brb,sex_f,ocu_isco08_7,2016,1.102
brb,sex_f,ocu_isco08_8,2016,0.268
brb,sex_f,ocu_isco08_9,2016,2.629
brb,sex_f,ocu_isco08_total,2016,26.873
brb,sex_f,ocu_isco08_x,2016,7.98
brb,sex_f,ocu_skill_l1,2016,2.629
brb,sex_f,ocu_skill_l2,2016,11.413
brb,sex_f,ocu_skill_l3_4,2016,4.851
brb,sex_f,ocu_skill_total,2016,26.873
brb,sex_f,ocu_skill_x,2016,7.98
brb,sex_m,ocu_isco08_1,2016,0.604
brb,sex_m,ocu_isco08_2,2016,1.992
brb,sex_m,ocu_isco08_3,2016,1.793
brb,sex_m,ocu_isco08_4,2016,0.304
brb,sex_m,ocu_isco08_5,2016,3.004
brb,sex_m,ocu_isco08_6,2016,0.882
brb,sex_m,ocu_isco08_7,2016,5.468
brb,sex_m,ocu_isco08_8,2016,1.799
brb,sex_m,ocu_isco08_9,2016,3.463
brb,sex_m,ocu_isco08_total,2016,27.978
brb,sex_m,ocu_isco08_x,2016,8.641
brb,sex_m,ocu_skill_l1,2016,3.463
brb,sex_m,ocu_skill_l2,2016,11.458
brb,sex_m,ocu_skill_l3_4,2016,4.388
brb,sex_m,ocu_skill_total,2016,27.978
brb,sex_m,ocu_skill_x,2016,8.668
brb,sex_t,ocu_isco08_1,2016,1.266
brb,sex_t,ocu_isco08_2,2016,4.175
brb,sex_t,ocu_isco08_3,2016,3.799
brb,sex_t,ocu_isco08_4,2016,2.522
brb,sex_t,ocu_isco08_5,2016,10.602
brb,sex_t,ocu_isco08_6,2016,1.11
brb,sex_t,ocu_isco08_7,2016,6.57
brb,sex_t,ocu_isco08_8,2016,2.067
brb,sex_t,ocu_isco08_9,2016,6.092
brb,sex_t,ocu_isco08_total,2016,54.851
brb,sex_t,ocu_isco08_x,2016,16.621
brb,sex_t,ocu_skill_l1,2016,6.092
brb,sex_t,ocu_skill_l2,2016,22.871
brb,sex_t,ocu_skill_l3_4,2016,9.239
brb,sex_t,ocu_skill_total,2016,54.851
brb,sex_t,ocu_skill_x,2016,16.648
brn,sex_f,ocu_isco08_0,2017,0.256
brn,sex_f,ocu_isco08_1,2014,0.94
brn,sex_f,ocu_isco08_1,2017,1.979
brn,sex_f,ocu_isco08_1,2018,0.294
brn,sex_f,ocu_isco08_1,2019,0.967
brn,sex_f,ocu_isco08_1,2020,0.284
brn,sex_f,ocu_isco08_1,2021,0.62
brn,sex_f,ocu_isco08_1,2022,0.801
brn,sex_f,ocu_isco08_1,2023,1.469
brn,sex_f,ocu_isco08_2,2014,2.484
brn,sex_f,ocu_isco08_2,2017,2.181
brn,sex_f,ocu_isco08_2,2018,2.325
brn,sex_f,ocu_isco08_2,2019,1.776
brn,sex_f,ocu_isco08_2,2020,1.952
brn,sex_f,ocu_isco08_2,2021,2.28
brn,sex_f,ocu_isco08_2,2022,1.954
brn,sex_f,ocu_isco08_2,2023,2.502
brn,sex_f,ocu_isco08_3,2014,1.507
brn,sex_f,ocu_isco08_3,2017,1.157
brn,sex_f,ocu_isco08_3,2018,0.7
brn,sex_f,ocu_isco08_3,2019,0.938
brn,sex_f,ocu_isco08_3,2020,0.996
brn,sex_f,ocu_isco08_3,2021,1.555
brn,sex_f,ocu_isco08_3,2022,0.901
brn,sex_f,ocu_isco08_3,2023,0.838
brn,sex_f,ocu_isco08_4,2014,0.859
brn,sex_f,ocu_isco08_4,2017,0.903
brn,sex_f,ocu_isco08_4,2018,0.997
brn,sex_f,ocu_isco08_4,2019,0.796
brn,sex_f,ocu_isco08_4,2020,0.979
brn,sex_f,ocu_isco08_4,2021,0.998
brn,sex_f,ocu_isco08_4,2022,1.498
brn,sex_f,ocu_isco08_4,2023,0.755
brn,sex_f,ocu_isco08_5,2014,5.41
brn,sex_f,ocu_isco08_5,2017,6.505
brn,sex_f,ocu_isco08_5,2018,6.236
brn,sex_f,ocu_isco08_5,2019,7.414
brn,sex_f,ocu_isco08_5,2020,7.574
brn,sex_f,ocu_isco08_5,2021,7.522
brn,sex_f,ocu_isco08_5,2022,6.472
brn,sex_f,ocu_isco08_5,2023,7.279
brn,sex_f,ocu_isco08_6,2014,0.889
brn,sex_f,ocu_isco08_6,2017,0.122
brn,sex_f,ocu_isco08_6,2018,0.173
brn,sex_f,ocu_isco08_6,2019,0.234
brn,sex_f,ocu_isco08_6,2020,0.467
brn,sex_f,ocu_isco08_6,2021,0.156
brn,sex_f,ocu_isco08_6,2022,0.201
brn,sex_f,ocu_isco08_6,2023,0.169
brn,sex_f,ocu_isco08_7,2014,1.889
brn,sex_f,ocu_isco08_7,2017,1.622
brn,sex_f,ocu_isco08_7,2018,1.269
brn,sex_f,ocu_isco08_7,2019,0.526
brn,sex_f,ocu_isco08_7,2020,1.372
brn,sex_f,ocu_isco08_7,2021,1.222
brn,sex_f,ocu_isco08_7,2022,1.179
brn,sex_f,ocu_isco08_7,2023,1.834
brn,sex_f,ocu_isco08_8,2017,0.161
brn,sex_f,ocu_isco08_8,2021,0.367
brn,sex_f,ocu_isco08_9,2014,10.839
brn,sex_f,ocu_isco08_9,2017,10.713
brn,sex_f,ocu_isco08_9,2018,11.571
brn,sex_f,ocu_isco08_9,2019,8.491
brn,sex_f,ocu_isco08_9,2020,7.771
brn,sex_f,ocu_isco08_9,2021,9.341
brn,sex_f,ocu_isco08_9,2022,7.804
brn,sex_f,ocu_isco08_9,2023,8.52
brn,sex_f,ocu_isco08_total,2014,24.981
brn,sex_f,ocu_isco08_total,2017,25.6
brn,sex_f,ocu_isco08_total,2018,23.634
brn,sex_f,ocu_isco08_total,2019,21.153
brn,sex_f,ocu_isco08_total,2020,21.476
brn,sex_f,ocu_isco08_total,2021,24.084
brn,sex_f,ocu_isco08_total,2022,20.986
brn,sex_f,ocu_isco08_total,2023,23.772
brn,sex_f,ocu_isco08_x,2023,0.332
brn,sex_f,ocu_skill_l1,2014,10.839
brn,sex_f,ocu_skill_l1,2017,10.713
brn,sex_f,ocu_skill_l1,2018,11.571
brn,sex_f,ocu_skill_l1,2019,8.491
brn,sex_f,ocu_skill_l1,2020,7.771
brn,sex_f,ocu_skill_l1,2021,9.341
brn,sex_f,ocu_skill_l1,2022,7.804
brn,sex_f,ocu_skill_l1,2023,8.52
brn,sex_f,ocu_skill_l2,2014,9.158
brn,sex_f,ocu_skill_l2,2017,9.313
brn,sex_f,ocu_skill_l2,2018,8.722
brn,sex_f,ocu_skill_l2,2019,8.982
brn,sex_f,ocu_skill_l2,2020,10.473
brn,sex_f,ocu_skill_l2,2021,10.265
brn,sex_f,ocu_skill_l2,2022,9.449
brn,sex_f,ocu_skill_l2,2023,10.112
brn,sex_f,ocu_skill_l3_4,2014,4.931
brn,sex_f,ocu_skill_l3_4,2017,5.317
brn,sex_f,ocu_skill_l3_4,2018,3.32
brn,sex_f,ocu_skill_l3_4,2019,3.68
brn,sex_f,ocu_skill_l3_4,2020,3.232
brn,sex_f,ocu_skill_l3_4,2021,4.455
brn,sex_f,ocu_skill_l3_4,2022,3.656
brn,sex_f,ocu_skill_l3_4,2023,4.809
brn,sex_f,ocu_skill_total,2014,24.981
brn,sex_f,ocu_skill_total,2017,25.6
brn,sex_f,ocu_skill_total,2018,23.634
brn,sex_f,ocu_skill_total,2019,21.153
brn,sex_f,ocu_skill_total,2020,21.476
brn,sex_f,ocu_skill_total,2021,24.084
brn,sex_f,ocu_skill_total,2022,20.986
brn,sex_f,ocu_skill_total,2023,23.772
brn,sex_f,ocu_skill_x,2017,0.256
brn,sex_f,ocu_skill_x,2023,0.332
brn,sex_m,ocu_isco08_0,2014,0.689
brn,sex_m,ocu_isco08_0,2017,2.575
brn,sex_m,ocu_isco08_0,2021,0.871
brn,sex_m,ocu_isco08_1,2014,2.741
brn,sex_m,ocu_isco08_1,2017,2.577
brn,sex_m,ocu_isco08_1,2018,1.915
brn,sex_m,ocu_isco08_1,2019,2.596
brn,sex_m,ocu_isco08_1,2020,1.78
brn,sex_m,ocu_isco08_1,2021,1.19
brn,sex_m,ocu_isco08_1,2022,2.413
brn,sex_m,ocu_isco08_1,2023,2.163
brn,sex_m,ocu_isco08_2,2014,2.946
brn,sex_m,ocu_isco08_2,2017,2.105
brn,sex_m,ocu_isco08_2,2018,3.416
brn,sex_m,ocu_isco08_2,2019,1.619
brn,sex_m,ocu_isco08_2,2020,1.884
brn,sex_m,ocu_isco08_2,2021,1.939
brn,sex_m,ocu_isco08_2,2022,1.723
brn,sex_m,ocu_isco08_2,2023,2.983
brn,sex_m,ocu_isco08_3,2014,4.851
brn,sex_m,ocu_isco08_3,2017,4.576
brn,sex_m,ocu_isco08_3,2018,4.583
brn,sex_m,ocu_isco08_3,2019,5.421
brn,sex_m,ocu_isco08_3,2020,4.932
brn,sex_m,ocu_isco08_3,2021,4.195
brn,sex_m,ocu_isco08_3,2022,2.919
brn,sex_m,ocu_isco08_3,2023,4.305
brn,sex_m,ocu_isco08_4,2014,0.859
brn,sex_m,ocu_isco08_4,2017,0.66
brn,sex_m,ocu_isco08_4,2018,0.353
brn,sex_m,ocu_isco08_4,2019,0.718
brn,sex_m,ocu_isco08_4,2020,0.937
brn,sex_m,ocu_isco08_4,2021,1.116
brn,sex_m,ocu_isco08_4,2022,0.924
brn,sex_m,ocu_isco08_4,2023,0.412
brn,sex_m,ocu_isco08_5,2014,7.268
brn,sex_m,ocu_isco08_5,2017,5.573
brn,sex_m,ocu_isco08_5,2018,9.706
brn,sex_m,ocu_isco08_5,2019,6.757
brn,sex_m,ocu_isco08_5,2020,7.576
brn,sex_m,ocu_isco08_5,2021,5.81
brn,sex_m,ocu_isco08_5,2022,6.392
brn,sex_m,ocu_isco08_5,2023,7.079
brn,sex_m,ocu_isco08_6,2014,2.462
brn,sex_m,ocu_isco08_6,2017,1.571
brn,sex_m,ocu_isco08_6,2018,1.097
brn,sex_m,ocu_isco08_6,2019,0.845
brn,sex_m,ocu_isco08_6,2020,1.689
brn,sex_m,ocu_isco08_6,2021,1.163
brn,sex_m,ocu_isco08_6,2022,1.323
brn,sex_m,ocu_isco08_6,2023,0.752
brn,sex_m,ocu_isco08_7,2014,9.254
brn,sex_m,ocu_isco08_7,2017,5.342
brn,sex_m,ocu_isco08_7,2018,7.497
brn,sex_m,ocu_isco08_7,2019,13.13
brn,sex_m,ocu_isco08_7,2020,12.511
brn,sex_m,ocu_isco08_7,2021,7.56
brn,sex_m,ocu_isco08_7,2022,9.858
brn,sex_m,ocu_isco08_7,2023,7.483
brn,sex_m,ocu_isco08_8,2014,2.929
brn,sex_m,ocu_isco08_8,2017,2.048
brn,sex_m,ocu_isco08_8,2018,4.152
brn,sex_m,ocu_isco08_8,2019,3.115
brn,sex_m,ocu_isco08_8,2020,4.121
brn,sex_m,ocu_isco08_8,2021,11.14
brn,sex_m,ocu_isco08_8,2022,5.266
brn,sex_m,ocu_isco08_8,2023,2.45
brn,sex_m,ocu_isco08_9,2014,4.883
brn,sex_m,ocu_isco08_9,2017,8.928
brn,sex_m,ocu_isco08_9,2018,10.703
brn,sex_m,ocu_isco08_9,2019,14.341
brn,sex_m,ocu_isco08_9,2020,18.623
brn,sex_m,ocu_isco08_9,2021,13.23
brn,sex_m,ocu_isco08_9,2022,13.377
brn,sex_m,ocu_isco08_9,2023,10.209
brn,sex_m,ocu_isco08_total,2014,38.884
brn,sex_m,ocu_isco08_total,2017,35.956
brn,sex_m,ocu_isco08_total,2018,43.51
brn,sex_m,ocu_isco08_total,2019,48.543
brn,sex_m,ocu_isco08_total,2020,54.051
brn,sex_m,ocu_isco08_total,2021,48.213
brn,sex_m,ocu_isco08_total,2022,44.406
brn,sex_m,ocu_isco08_total,2023,38.11
brn,sex_m,ocu_isco08_x,2022,0.152
brn,sex_m,ocu_isco08_x,2023,0.274
brn,sex_m,ocu_skill_l1,2014,4.883
brn,sex_m,ocu_skill_l1,2017,8.928
brn,sex_m,ocu_skill_l1,2018,10.703
brn,sex_m,ocu_skill_l1,2019,14.341
brn,sex_m,ocu_skill_l1,2020,18.623
brn,sex_m,ocu_skill_l1,2021,13.23
brn,sex_m,ocu_skill_l1,2022,13.377
brn,sex_m,ocu_skill_l1,2023,10.209
brn,sex_m,ocu_skill_l2,2014,22.772
brn,sex_m,ocu_skill_l2,2017,15.194
brn,sex_m,ocu_skill_l2,2018,22.806
brn,sex_m,ocu_skill_l2,2019,24.565
brn,sex_m,ocu_skill_l2,2020,26.833
brn,sex_m,ocu_skill_l2,2021,26.789
brn,sex_m,ocu_skill_l2,2022,23.763
brn,sex_m,ocu_skill_l2,2023,18.176
brn,sex_m,ocu_skill_l3_4,2014,10.539
brn,sex_m,ocu_skill_l3_4,2017,9.259
brn,sex_m,ocu_skill_l3_4,2018,9.914
brn,sex_m,ocu_skill_l3_4,2019,9.637
brn,sex_m,ocu_skill_l3_4,2020,8.595
brn,sex_m,ocu_skill_l3_4,2021,7.323
brn,sex_m,ocu_skill_l3_4,2022,7.055
brn,sex_m,ocu_skill_l3_4,2023,9.451
brn,sex_m,ocu_skill_total,2014,38.884
brn,sex_m,ocu_skill_total,2017,35.956
brn,sex_m,ocu_skill_total,2018,43.51
brn,sex_m,ocu_skill_total,2019,48.543
brn,sex_m,ocu_skill_total,2020,54.051
brn,sex_m,ocu_skill_total,2021,48.213
brn,sex_m,ocu_skill_total,2022,44.406
brn,sex_m,ocu_skill_total,2023,38.11
brn,sex_m,ocu_skill_x,2014,0.689
brn,sex_m,ocu_skill_x,2017,2.575
brn,sex_m,ocu_skill_x,2021,0.871
brn,sex_m,ocu_skill_x,2022,0.212
brn,sex_m,ocu_skill_x,2023,0.274
brn,sex_t,ocu_isco08_0,2014,0.742
brn,sex_t,ocu_isco08_0,2017,2.831
brn,sex_t,ocu_isco08_0,2021,0.894
brn,sex_t,ocu_isco08_1,2014,3.681
brn,sex_t,ocu_isco08_1,2017,4.556
brn,sex_t,ocu_isco08_1,2018,2.209
brn,sex_t,ocu_isco08_1,2019,3.562
brn,sex_t,ocu_isco08_1,2020,2.064
brn,sex_t,ocu_isco08_1,2021,1.81
brn,sex_t,ocu_isco08_1,2022,3.214
brn,sex_t,ocu_isco08_1,2023,3.632
brn,sex_t,ocu_isco08_2,2014,5.43
brn,sex_t,ocu_isco08_2,2017,4.286
brn,sex_t,ocu_isco08_2,2018,5.741
brn,sex_t,ocu_isco08_2,2019,3.395
brn,sex_t,ocu_isco08_2,2020,3.836
brn,sex_t,ocu_isco08_2,2021,4.219
brn,sex_t,ocu_isco08_2,2022,3.677
brn,sex_t,ocu_isco08_2,2023,5.485
brn,sex_t,ocu_isco08_3,2014,6.359
brn,sex_t,ocu_isco08_3,2017,5.734
brn,sex_t,ocu_isco08_3,2018,5.283
brn,sex_t,ocu_isco08_3,2019,6.359
brn,sex_t,ocu_isco08_3,2020,5.927
brn,sex_t,ocu_isco08_3,2021,5.75
brn,sex_t,ocu_isco08_3,2022,3.82
brn,sex_t,ocu_isco08_3,2023,5.143
brn,sex_t,ocu_isco08_4,2014,1.718
brn,sex_t,ocu_isco08_4,2017,1.563
brn,sex_t,ocu_isco08_4,2018,1.35
brn,sex_t,ocu_isco08_4,2019,1.514
brn,sex_t,ocu_isco08_4,2020,1.916
brn,sex_t,ocu_isco08_4,2021,2.114
brn,sex_t,ocu_isco08_4,2022,2.422
brn,sex_t,ocu_isco08_4,2023,1.167
brn,sex_t,ocu_isco08_5,2014,12.678
brn,sex_t,ocu_isco08_5,2017,12.078
brn,sex_t,ocu_isco08_5,2018,15.943
brn,sex_t,ocu_isco08_5,2019,14.171
brn,sex_t,ocu_isco08_5,2020,15.15
brn,sex_t,ocu_isco08_5,2021,13.332
brn,sex_t,ocu_isco08_5,2022,12.864
brn,sex_t,ocu_isco08_5,2023,14.358
brn,sex_t,ocu_isco08_6,2014,3.352
brn,sex_t,ocu_isco08_6,2017,1.692
brn,sex_t,ocu_isco08_6,2018,1.27
brn,sex_t,ocu_isco08_6,2019,1.08
brn,sex_t,ocu_isco08_6,2020,2.155
brn,sex_t,ocu_isco08_6,2021,1.319
brn,sex_t,ocu_isco08_6,2022,1.523
brn,sex_t,ocu_isco08_6,2023,0.922
brn,sex_t,ocu_isco08_7,2014,11.142
brn,sex_t,ocu_isco08_7,2017,6.964
brn,sex_t,ocu_isco08_7,2018,8.767
brn,sex_t,ocu_isco08_7,2019,13.656
brn,sex_t,ocu_isco08_7,2020,13.882
brn,sex_t,ocu_isco08_7,2021,8.782
brn,sex_t,ocu_isco08_7,2022,11.037
brn,sex_t,ocu_isco08_7,2023,9.316
brn,sex_t,ocu_isco08_8,2014,3.041
brn,sex_t,ocu_isco08_8,2017,2.209
brn,sex_t,ocu_isco08_8,2018,4.198
brn,sex_t,ocu_isco08_8,2019,3.127
brn,sex_t,ocu_isco08_8,2020,4.203
brn,sex_t,ocu_isco08_8,2021,11.506
brn,sex_t,ocu_isco08_8,2022,5.366
brn,sex_t,ocu_isco08_8,2023,2.525
brn,sex_t,ocu_isco08_9,2014,15.722
brn,sex_t,ocu_isco08_9,2017,19.641
brn,sex_t,ocu_isco08_9,2018,22.274
brn,sex_t,ocu_isco08_9,2019,22.832
brn,sex_t,ocu_isco08_9,2020,26.394
brn,sex_t,ocu_isco08_9,2021,22.571
brn,sex_t,ocu_isco08_9,2022,21.181
brn,sex_t,ocu_isco08_9,2023,18.729
brn,sex_t,ocu_isco08_total,2014,63.865
brn,sex_t,ocu_isco08_total,2017,61.555
brn,sex_t,ocu_isco08_total,2018,67.144
brn,sex_t,ocu_isco08_total,2019,69.696
brn,sex_t,ocu_isco08_total,2020,75.527
brn,sex_t,ocu_isco08_total,2021,72.298
brn,sex_t,ocu_isco08_total,2022,65.392
brn,sex_t,ocu_isco08_total,2023,61.883
brn,sex_t,ocu_isco08_x,2022,0.207
brn,sex_t,ocu_isco08_x,2023,0.606
brn,sex_t,ocu_skill_l1,2014,15.722
brn,sex_t,ocu_skill_l1,2017,19.641
brn,sex_t,ocu_skill_l1,2018,22.274
brn,sex_t,ocu_skill_l1,2019,22.832
brn,sex_t,ocu_skill_l1,2020,26.394
brn,sex_t,ocu_skill_l1,2021,22.571
brn,sex_t,ocu_skill_l1,2022,21.181
brn,sex_t,ocu_skill_l1,2023,18.729
brn,sex_t,ocu_skill_l2,2014,31.93
brn,sex_t,ocu_skill_l2,2017,24.507
brn,sex_t,ocu_skill_l2,2018,31.528
brn,sex_t,ocu_skill_l2,2019,33.547
brn,sex_t,ocu_skill_l2,2020,37.306
brn,sex_t,ocu_skill_l2,2021,37.054
brn,sex_t,ocu_skill_l2,2022,33.212
brn,sex_t,ocu_skill_l2,2023,28.288
brn,sex_t,ocu_skill_l3_4,2014,15.47
brn,sex_t,ocu_skill_l3_4,2017,14.576
brn,sex_t,ocu_skill_l3_4,2018,13.233
brn,sex_t,ocu_skill_l3_4,2019,13.317
brn,sex_t,ocu_skill_l3_4,2020,11.827
brn,sex_t,ocu_skill_l3_4,2021,11.778
brn,sex_t,ocu_skill_l3_4,2022,10.711
brn,sex_t,ocu_skill_l3_4,2023,14.261
brn,sex_t,ocu_skill_total,2014,63.865
brn,sex_t,ocu_skill_total,2017,61.555
brn,sex_t,ocu_skill_total,2018,67.144
brn,sex_t,ocu_skill_total,2019,69.696
brn,sex_t,ocu_skill_total,2020,75.527
brn,sex_t,ocu_skill_total,2021,72.298
brn,sex_t,ocu_skill_total,2022,65.392
brn,sex_t,ocu_skill_total,2023,61.883
brn,sex_t,ocu_skill_x,2014,0.742
brn,sex_t,ocu_skill_x,2017,2.831
brn,sex_t,ocu_skill_x,2021,0.894
brn,sex_t,ocu_skill_x,2022,0.288
brn,sex_t,ocu_skill_x,2023,0.606
bwa,sex_f,ocu_isco08_1,2019,15.503
bwa,sex_f,ocu_isco08_1,2020,17.976
bwa,sex_f,ocu_isco08_1,2021,15.413
bwa,sex_f,ocu_isco08_1,2022,20.828
bwa,sex_f,ocu_isco08_1,2023,15.286
bwa,sex_f,ocu_isco08_2,2019,11.901
bwa,sex_f,ocu_isco08_2,2020,9.264
bwa,sex_f,ocu_isco08_2,2021,10.639
bwa,sex_f,ocu_isco08_2,2022,11.991
bwa,sex_f,ocu_isco08_2,2023,14.955
bwa,sex_f,ocu_isco08_3,2019,8.536
bwa,sex_f,ocu_isco08_3,2020,6.786
bwa,sex_f,ocu_isco08_3,2021,9.433
bwa,sex_f,ocu_isco08_3,2022,7.827
bwa,sex_f,ocu_isco08_3,2023,10.244
bwa,sex_f,ocu_isco08_4,2019,15.233
bwa,sex_f,ocu_isco08_4,2020,13.704
bwa,sex_f,ocu_isco08_4,2021,11.569
bwa,sex_f,ocu_isco08_4,2022,13.669
bwa,sex_f,ocu_isco08_4,2023,14.504
bwa,sex_f,ocu_isco08_5,2019,75.627
bwa,sex_f,ocu_isco08_5,2020,78.922
bwa,sex_f,ocu_isco08_5,2021,74.1
bwa,sex_f,ocu_isco08_5,2022,78.644
bwa,sex_f,ocu_isco08_5,2023,83.714
bwa,sex_f,ocu_isco08_6,2019,37.775
bwa,sex_f,ocu_isco08_6,2020,64.149
bwa,sex_f,ocu_isco08_6,2021,43.731
bwa,sex_f,ocu_isco08_6,2022,35.549
bwa,sex_f,ocu_isco08_6,2023,33.882
bwa,sex_f,ocu_isco08_7,2019,12.944
bwa,sex_f,ocu_isco08_7,2020,11.142
bwa,sex_f,ocu_isco08_7,2021,13.259
bwa,sex_f,ocu_isco08_7,2022,8.656
bwa,sex_f,ocu_isco08_7,2023,12.853
bwa,sex_f,ocu_isco08_8,2019,4.035
bwa,sex_f,ocu_isco08_8,2020,2.751
bwa,sex_f,ocu_isco08_8,2021,2.977
bwa,sex_f,ocu_isco08_8,2022,3.758
bwa,sex_f,ocu_isco08_8,2023,2.545
bwa,sex_f,ocu_isco08_9,2019,91.172
bwa,sex_f,ocu_isco08_9,2020,92.539
bwa,sex_f,ocu_isco08_9,2021,86.501
bwa,sex_f,ocu_isco08_9,2022,89.6
bwa,sex_f,ocu_isco08_9,2023,108.35
bwa,sex_f,ocu_isco08_total,2019,274.702
bwa,sex_f,ocu_isco08_total,2020,298.972
bwa,sex_f,ocu_isco08_total,2021,268.825
bwa,sex_f,ocu_isco08_total,2022,274.971
bwa,sex_f,ocu_isco08_total,2023,297.616
bwa,sex_f,ocu_isco08_x,2019,1.976
bwa,sex_f,ocu_isco08_x,2020,1.739
bwa,sex_f,ocu_isco08_x,2022,4.449
bwa,sex_f,ocu_isco08_x,2023,1.283
bwa,sex_f,ocu_skill_l1,2019,91.172
bwa,sex_f,ocu_skill_l1,2020,92.539
bwa,sex_f,ocu_skill_l1,2021,86.501
bwa,sex_f,ocu_skill_l1,2022,89.6
bwa,sex_f,ocu_skill_l1,2023,108.35
bwa,sex_f,ocu_skill_l2,2019,145.615
bwa,sex_f,ocu_skill_l2,2020,170.668
bwa,sex_f,ocu_skill_l2,2021,145.637
bwa,sex_f,ocu_skill_l2,2022,140.276
bwa,sex_f,ocu_skill_l2,2023,147.498
bwa,sex_f,ocu_skill_l3_4,2019,35.94
bwa,sex_f,ocu_skill_l3_4,2020,34.026
bwa,sex_f,ocu_skill_l3_4,2021,35.484
bwa,sex_f,ocu_skill_l3_4,2022,40.645
bwa,sex_f,ocu_skill_l3_4,2023,40.485
bwa,sex_f,ocu_skill_total,2019,274.702
bwa,sex_f,ocu_skill_total,2020,298.972
bwa,sex_f,ocu_skill_total,2021,268.825
bwa,sex_f,ocu_skill_total,2022,274.971
bwa,sex_f,ocu_skill_total,2023,297.616
bwa,sex_f,ocu_skill_x,2019,1.976
bwa,sex_f,ocu_skill_x,2020,1.739
bwa,sex_f,ocu_skill_x,2022,4.449
bwa,sex_f,ocu_skill_x,2023,1.283
bwa,sex_m,ocu_isco08_1,2019,7.732
bwa,sex_m,ocu_isco08_1,2020,10.251
bwa,sex_m,ocu_isco08_1,2021,7.489
bwa,sex_m,ocu_isco08_1,2022,11.181
bwa,sex_m,ocu_isco08_1,2023,10.579
bwa,sex_m,ocu_isco08_2,2019,9.441
bwa,sex_m,ocu_isco08_2,2020,7.96
bwa,sex_m,ocu_isco08_2,2021,7.164
bwa,sex_m,ocu_isco08_2,2022,8.876
bwa,sex_m,ocu_isco08_2,2023,12.996
bwa,sex_m,ocu_isco08_3,2019,8.981
bwa,sex_m,ocu_isco08_3,2020,8.911
bwa,sex_m,ocu_isco08_3,2021,8.07
bwa,sex_m,ocu_isco08_3,2022,14.22
bwa,sex_m,ocu_isco08_3,2023,11.258
bwa,sex_m,ocu_isco08_4,2019,4.523
bwa,sex_m,ocu_isco08_4,2020,4.913
bwa,sex_m,ocu_isco08_4,2021,4.645
bwa,sex_m,ocu_isco08_4,2022,3.394
bwa,sex_m,ocu_isco08_4,2023,4.5
bwa,sex_m,ocu_isco08_5,2019,45.112
bwa,sex_m,ocu_isco08_5,2020,45.841
bwa,sex_m,ocu_isco08_5,2021,49.11
bwa,sex_m,ocu_isco08_5,2022,41.458
bwa,sex_m,ocu_isco08_5,2023,53.43
bwa,sex_m,ocu_isco08_6,2019,76.902
bwa,sex_m,ocu_isco08_6,2020,94.456
bwa,sex_m,ocu_isco08_6,2021,79.841
bwa,sex_m,ocu_isco08_6,2022,68.916
bwa,sex_m,ocu_isco08_6,2023,82.203
bwa,sex_m,ocu_isco08_7,2019,48.635
bwa,sex_m,ocu_isco08_7,2020,45.156
bwa,sex_m,ocu_isco08_7,2021,45.193
bwa,sex_m,ocu_isco08_7,2022,52.155
bwa,sex_m,ocu_isco08_7,2023,51.998
bwa,sex_m,ocu_isco08_8,2019,23.343
bwa,sex_m,ocu_isco08_8,2020,26.291
bwa,sex_m,ocu_isco08_8,2021,25.318
bwa,sex_m,ocu_isco08_8,2022,23.099
bwa,sex_m,ocu_isco08_8,2023,25
bwa,sex_m,ocu_isco08_9,2019,77.624
bwa,sex_m,ocu_isco08_9,2020,85.915
bwa,sex_m,ocu_isco08_9,2021,78.882
bwa,sex_m,ocu_isco08_9,2022,90.704
bwa,sex_m,ocu_isco08_9,2023,111.359
bwa,sex_m,ocu_isco08_total,2019,303.508
bwa,sex_m,ocu_isco08_total,2020,331.161
bwa,sex_m,ocu_isco08_total,2021,307.522
bwa,sex_m,ocu_isco08_total,2022,316.803
bwa,sex_m,ocu_isco08_total,2023,364.606
bwa,sex_m,ocu_isco08_x,2019,1.215
bwa,sex_m,ocu_isco08_x,2020,1.466
bwa,sex_m,ocu_isco08_x,2021,1.81
bwa,sex_m,ocu_isco08_x,2022,2.8
bwa,sex_m,ocu_skill_l1,2019,77.624
bwa,sex_m,ocu_skill_l1,2020,85.915
bwa,sex_m,ocu_skill_l1,2021,78.882
bwa,sex_m,ocu_skill_l1,2022,90.704
bwa,sex_m,ocu_skill_l1,2023,111.359
bwa,sex_m,ocu_skill_l2,2019,198.515
bwa,sex_m,ocu_skill_l2,2020,216.658
bwa,sex_m,ocu_skill_l2,2021,204.106
bwa,sex_m,ocu_skill_l2,2022,189.022
bwa,sex_m,ocu_skill_l2,2023,217.131
bwa,sex_m,ocu_skill_l3_4,2019,26.155
bwa,sex_m,ocu_skill_l3_4,2020,27.121
bwa,sex_m,ocu_skill_l3_4,2021,22.723
bwa,sex_m,ocu_skill_l3_4,2022,34.277
bwa,sex_m,ocu_skill_l3_4,2023,34.833
bwa,sex_m,ocu_skill_total,2019,303.508
bwa,sex_m,ocu_skill_total,2020,331.161
bwa,sex_m,ocu_skill_total,2021,307.522
bwa,sex_m,ocu_skill_total,2022,316.803
bwa,sex_m,ocu_skill_total,2023,364.606
bwa,sex_m,ocu_skill_x,2019,1.215
bwa,sex_m,ocu_skill_x,2020,1.466
bwa,sex_m,ocu_skill_x,2021,1.81
bwa,sex_m,ocu_skill_x,2022,2.8
bwa,sex_t,ocu_isco08_1,2019,23.235
bwa,sex_t,ocu_isco08_1,2020,28.227
bwa,sex_t,ocu_isco08_1,2021,22.902
bwa,sex_t,ocu_isco08_1,2022,32.009
bwa,sex_t,ocu_isco08_1,2023,25.864
bwa,sex_t,ocu_isco08_2,2019,21.342
bwa,sex_t,ocu_isco08_2,2020,17.223
bwa,sex_t,ocu_isco08_2,2021,17.803
bwa,sex_t,ocu_isco08_2,2022,20.867
bwa,sex_t,ocu_isco08_2,2023,27.951
bwa,sex_t,ocu_isco08_3,2019,17.517
bwa,sex_t,ocu_isco08_3,2020,15.697
bwa,sex_t,ocu_isco08_3,2021,17.502
bwa,sex_t,ocu_isco08_3,2022,22.047
bwa,sex_t,ocu_isco08_3,2023,21.503
bwa,sex_t,ocu_isco08_4,2019,19.756
bwa,sex_t,ocu_isco08_4,2020,18.617
bwa,sex_t,ocu_isco08_4,2021,16.214
bwa,sex_t,ocu_isco08_4,2022,17.063
bwa,sex_t,ocu_isco08_4,2023,19.004
bwa,sex_t,ocu_isco08_5,2019,120.739
bwa,sex_t,ocu_isco08_5,2020,124.763
bwa,sex_t,ocu_isco08_5,2021,123.211
bwa,sex_t,ocu_isco08_5,2022,120.102
bwa,sex_t,ocu_isco08_5,2023,137.144
bwa,sex_t,ocu_isco08_6,2019,114.678
bwa,sex_t,ocu_isco08_6,2020,158.606
bwa,sex_t,ocu_isco08_6,2021,123.572
bwa,sex_t,ocu_isco08_6,2022,104.465
bwa,sex_t,ocu_isco08_6,2023,116.085
bwa,sex_t,ocu_isco08_7,2019,61.579
bwa,sex_t,ocu_isco08_7,2020,56.299
bwa,sex_t,ocu_isco08_7,2021,58.452
bwa,sex_t,ocu_isco08_7,2022,60.811
bwa,sex_t,ocu_isco08_7,2023,64.852
bwa,sex_t,ocu_isco08_8,2019,27.378
bwa,sex_t,ocu_isco08_8,2020,29.041
bwa,sex_t,ocu_isco08_8,2021,28.295
bwa,sex_t,ocu_isco08_8,2022,26.857
bwa,sex_t,ocu_isco08_8,2023,27.545
bwa,sex_t,ocu_isco08_9,2019,168.796
bwa,sex_t,ocu_isco08_9,2020,178.454
bwa,sex_t,ocu_isco08_9,2021,165.383
bwa,sex_t,ocu_isco08_9,2022,180.304
bwa,sex_t,ocu_isco08_9,2023,219.71
bwa,sex_t,ocu_isco08_total,2019,578.211
bwa,sex_t,ocu_isco08_total,2020,630.132
bwa,sex_t,ocu_isco08_total,2021,576.347
bwa,sex_t,ocu_isco08_total,2022,591.774
bwa,sex_t,ocu_isco08_total,2023,662.223
bwa,sex_t,ocu_isco08_x,2019,3.191
bwa,sex_t,ocu_isco08_x,2020,3.205
bwa,sex_t,ocu_isco08_x,2021,3.013
bwa,sex_t,ocu_isco08_x,2022,7.249
bwa,sex_t,ocu_isco08_x,2023,2.566
bwa,sex_t,ocu_skill_l1,2019,168.796
bwa,sex_t,ocu_skill_l1,2020,178.454
bwa,sex_t,ocu_skill_l1,2021,165.383
bwa,sex_t,ocu_skill_l1,2022,180.304
bwa,sex_t,ocu_skill_l1,2023,219.71
bwa,sex_t,ocu_skill_l2,2019,344.13
bwa,sex_t,ocu_skill_l2,2020,387.326
bwa,sex_t,ocu_skill_l2,2021,349.743
bwa,sex_t,ocu_skill_l2,2022,329.298
bwa,sex_t,ocu_skill_l2,2023,364.629
bwa,sex_t,ocu_skill_l3_4,2019,62.094
bwa,sex_t,ocu_skill_l3_4,2020,61.147
bwa,sex_t,ocu_skill_l3_4,2021,58.207
bwa,sex_t,ocu_skill_l3_4,2022,74.923
bwa,sex_t,ocu_skill_l3_4,2023,75.318
bwa,sex_t,ocu_skill_total,2019,578.211
bwa,sex_t,ocu_skill_total,2020,630.132
bwa,sex_t,ocu_skill_total,2021,576.347
bwa,sex_t,ocu_skill_total,2022,591.774
bwa,sex_t,ocu_skill_total,2023,662.223
bwa,sex_t,ocu_skill_x,2019,3.191
bwa,sex_t,ocu_skill_x,2020,3.205
bwa,sex_t,ocu_skill_x,2021,3.013
bwa,sex_t,ocu_skill_x,2022,7.249
bwa,sex_t,ocu_skill_x,2023,2.566
che,sex_f,ocu_isco08_2,2016,2.817
che,sex_f,ocu_isco08_2,2022,4.223
che,sex_f,ocu_isco08_3,2011,2.382
che,sex_f,ocu_isco08_4,2011,2.214
che,sex_f,ocu_isco08_4,2016,2.465
che,sex_f,ocu_isco08_4,2017,1.568
che,sex_f,ocu_isco08_5,2011,16.828
che,sex_f,ocu_isco08_5,2012,21.267
che,sex_f,ocu_isco08_5,2013,18.651
che,sex_f,ocu_isco08_5,2014,24.647
che,sex_f,ocu_isco08_5,2015,23.503
che,sex_f,ocu_isco08_5,2016,23.099
che,sex_f,ocu_isco08_5,2017,26.412
che,sex_f,ocu_isco08_5,2018,16.637
che,sex_f,ocu_isco08_5,2019,21.703
che,sex_f,ocu_isco08_5,2020,25.127
che,sex_f,ocu_isco08_5,2021,22.506
che,sex_f,ocu_isco08_5,2022,25.807
che,sex_f,ocu_isco08_6,2011,10.03
che,sex_f,ocu_isco08_6,2012,6.859
che,sex_f,ocu_isco08_6,2013,8.824
che,sex_f,ocu_isco08_6,2014,5.445
che,sex_f,ocu_isco08_6,2015,7.023
che,sex_f,ocu_isco08_6,2016,5.197
che,sex_f,ocu_isco08_6,2017,3.965
che,sex_f,ocu_isco08_6,2019,4.104
che,sex_f,ocu_isco08_6,2020,3.017
che,sex_f,ocu_isco08_9,2011,2.463
che,sex_f,ocu_isco08_9,2013,3.125
che,sex_f,ocu_isco08_9,2014,6.327
che,sex_f,ocu_isco08_9,2015,9.061
che,sex_f,ocu_isco08_9,2016,8.804
che,sex_f,ocu_isco08_9,2017,6.948
che,sex_f,ocu_isco08_9,2018,13.072
che,sex_f,ocu_isco08_9,2019,7.65
che,sex_f,ocu_isco08_9,2020,2.408
che,sex_f,ocu_isco08_9,2021,6.43
che,sex_f,ocu_isco08_total,2011,36.026
che,sex_f,ocu_isco08_total,2012,35.743
che,sex_f,ocu_isco08_total,2013,36.191
che,sex_f,ocu_isco08_total,2014,41.497
che,sex_f,ocu_isco08_total,2015,46.394
che,sex_f,ocu_isco08_total,2016,44.478
che,sex_f,ocu_isco08_total,2017,42.187
che,sex_f,ocu_isco08_total,2018,45.533
che,sex_f,ocu_isco08_total,2019,40.394
che,sex_f,ocu_isco08_total,2020,35.179
che,sex_f,ocu_isco08_total,2021,35.369
che,sex_f,ocu_isco08_total,2022,34.816
che,sex_f,ocu_isco88_3,2007,5.556
che,sex_f,ocu_isco88_3,2008,12.948
che,sex_f,ocu_isco88_3,2009,9.286
che,sex_f,ocu_isco88_3,2010,13.768
che,sex_f,ocu_isco88_4,2007,11.607
che,sex_f,ocu_isco88_4,2008,9.787
che,sex_f,ocu_isco88_4,2009,11.017
che,sex_f,ocu_isco88_4,2010,9.914
che,sex_f,ocu_isco88_5,2007,14.194
che,sex_f,ocu_isco88_5,2008,11.639
che,sex_f,ocu_isco88_5,2009,16.189
che,sex_f,ocu_isco88_5,2010,10.72
che,sex_f,ocu_isco88_6,2007,2.614
che,sex_f,ocu_isco88_6,2008,8.164
che,sex_f,ocu_isco88_6,2009,6.33
che,sex_f,ocu_isco88_6,2010,8.262
che,sex_f,ocu_isco88_7,2007,3.562
che,sex_f,ocu_isco88_7,2008,3.868
che,sex_f,ocu_isco88_7,2009,3.071
che,sex_f,ocu_isco88_7,2010,5.091
che,sex_f,ocu_isco88_9,2009,2.393
che,sex_f,ocu_isco88_9,2010,3.742
che,sex_f,ocu_isco88_total,2007,45.617
che,sex_f,ocu_isco88_total,2008,52.347
che,sex_f,ocu_isco88_total,2009,51.931
che,sex_f,ocu_isco88_total,2010,55.175
che,sex_f,ocu_isco88_x,2007,5.354
che,sex_f,ocu_skill_l1,2009,2.393
che,sex_f,ocu_skill_l1,2010,3.742
che,sex_f,ocu_skill_l1,2011,2.463
che,sex_f,ocu_skill_l1,2013,3.125
che,sex_f,ocu_skill_l1,2014,6.327
che,sex_f,ocu_skill_l1,2015,9.061
che,sex_f,ocu_skill_l1,2016,8.804
che,sex_f,ocu_skill_l1,2017,6.948
che,sex_f,ocu_skill_l1,2018,13.072
che,sex_f,ocu_skill_l1,2019,7.65
che,sex_f,ocu_skill_l1,2020,2.408
che,sex_f,ocu_skill_l1,2021,6.43
che,sex_f,ocu_skill_l2,2007,31.978
che,sex_f,ocu_skill_l2,2008,35.081
che,sex_f,ocu_skill_l2,2009,36.875
che,sex_f,ocu_skill_l2,2010,33.987
che,sex_f,ocu_skill_l2,2011,29.348
che,sex_f,ocu_skill_l2,2012,30.665
che,sex_f,ocu_skill_l2,2013,29.031
che,sex_f,ocu_skill_l2,2014,31.038
che,sex_f,ocu_skill_l2,2015,31.186
che,sex_f,ocu_skill_l2,2016,31.041
che,sex_f,ocu_skill_l2,2017,31.945
che,sex_f,ocu_skill_l2,2018,22.137
che,sex_f,ocu_skill_l2,2019,27.182
che,sex_f,ocu_skill_l2,2020,30.036
che,sex_f,ocu_skill_l2,2021,25.007
che,sex_f,ocu_skill_l2,2022,28.364
che,sex_f,ocu_skill_l3_4,2007,7.483
che,sex_f,ocu_skill_l3_4,2008,14.745
che,sex_f,ocu_skill_l3_4,2009,11.692
che,sex_f,ocu_skill_l3_4,2010,17.041
che,sex_f,ocu_skill_l3_4,2011,4.215
che,sex_f,ocu_skill_l3_4,2012,2.945
che,sex_f,ocu_skill_l3_4,2013,4.035
che,sex_f,ocu_skill_l3_4,2014,4.132
che,sex_f,ocu_skill_l3_4,2015,6.148
che,sex_f,ocu_skill_l3_4,2016,4.633
che,sex_f,ocu_skill_l3_4,2017,2.65
che,sex_f,ocu_skill_l3_4,2018,10.324
che,sex_f,ocu_skill_l3_4,2019,5.561
che,sex_f,ocu_skill_l3_4,2020,2.734
che,sex_f,ocu_skill_l3_4,2021,3.933
che,sex_f,ocu_skill_l3_4,2022,4.223
che,sex_f,ocu_skill_total,2007,45.617
che,sex_f,ocu_skill_total,2008,52.347
che,sex_f,ocu_skill_total,2009,51.931
che,sex_f,ocu_skill_total,2010,55.175
che,sex_f,ocu_skill_total,2011,36.026
che,sex_f,ocu_skill_total,2012,35.743
che,sex_f,ocu_skill_total,2013,36.191
che,sex_f,ocu_skill_total,2014,41.497
che,sex_f,ocu_skill_total,2015,46.394
che,sex_f,ocu_skill_total,2016,44.478
che,sex_f,ocu_skill_total,2017,42.187
che,sex_f,ocu_skill_total,2018,45.533
che,sex_f,ocu_skill_total,2019,40.394
che,sex_f,ocu_skill_total,2020,35.179
che,sex_f,ocu_skill_total,2021,35.369
che,sex_f,ocu_skill_total,2022,34.816
che,sex_f,ocu_skill_x,2007,5.354
che,sex_m,ocu_isco08_2,2021,3.879
che,sex_m,ocu_isco08_5,2011,3.732
che,sex_m,ocu_isco08_5,2012,4.186
che,sex_m,ocu_isco08_5,2014,5.874
che,sex_m,ocu_isco08_5,2015,8.956
che,sex_m,ocu_isco08_5,2019,3.621
che,sex_m,ocu_isco08_5,2020,5.055
che,sex_m,ocu_isco08_6,2013,2.557
che,sex_m,ocu_isco08_6,2014,4.959
che,sex_m,ocu_isco08_6,2015,5.201
che,sex_m,ocu_isco08_6,2016,4.158
che,sex_m,ocu_isco08_6,2017,2.32
che,sex_m,ocu_isco08_total,2011,11.312
che,sex_m,ocu_isco08_total,2012,7.592
che,sex_m,ocu_isco08_total,2013,11.872
che,sex_m,ocu_isco08_total,2014,17.554
che,sex_m,ocu_isco08_total,2015,21.751
che,sex_m,ocu_isco08_total,2016,17.32
che,sex_m,ocu_isco08_total,2017,8.375
che,sex_m,ocu_isco08_total,2018,14.585
che,sex_m,ocu_isco08_total,2019,6.448
che,sex_m,ocu_isco08_total,2020,18.055
che,sex_m,ocu_isco08_total,2021,10.712
che,sex_m,ocu_isco08_total,2022,4.301
che,sex_m,ocu_isco88_2,2007,3.274
che,sex_m,ocu_isco88_2,2008,2.823
che,sex_m,ocu_isco88_2,2009,1.401
che,sex_m,ocu_isco88_2,2010,3.929
che,sex_m,ocu_isco88_3,2007,3.546
che,sex_m,ocu_isco88_3,2008,5.278
che,sex_m,ocu_isco88_3,2009,3.136
che,sex_m,ocu_isco88_3,2010,6.468
che,sex_m,ocu_isco88_4,2007,4.209
che,sex_m,ocu_isco88_4,2008,5.574
che,sex_m,ocu_isco88_4,2009,5.021
che,sex_m,ocu_isco88_4,2010,3.038
che,sex_m,ocu_isco88_5,2007,2.662
che,sex_m,ocu_isco88_5,2008,5.835
che,sex_m,ocu_isco88_5,2009,4.864
che,sex_m,ocu_isco88_5,2010,4.554
che,sex_m,ocu_isco88_6,2007,4.528
che,sex_m,ocu_isco88_6,2008,4.318
che,sex_m,ocu_isco88_6,2009,3.301
che,sex_m,ocu_isco88_6,2010,5.399
che,sex_m,ocu_isco88_7,2007,25.076
che,sex_m,ocu_isco88_7,2008,32.115
che,sex_m,ocu_isco88_7,2009,24.237
che,sex_m,ocu_isco88_7,2010,24.677
che,sex_m,ocu_isco88_9,2010,3.832
che,sex_m,ocu_isco88_total,2007,50.5
che,sex_m,ocu_isco88_total,2008,61.155
che,sex_m,ocu_isco88_total,2009,45.6
che,sex_m,ocu_isco88_total,2010,53.936
che,sex_m,ocu_isco88_x,2007,4.959
che,sex_m,ocu_skill_l1,2010,3.832
che,sex_m,ocu_skill_l2,2007,37.692
che,sex_m,ocu_skill_l2,2008,49.565
che,sex_m,ocu_skill_l2,2009,38.454
che,sex_m,ocu_skill_l2,2010,37.956
che,sex_m,ocu_skill_l2,2011,6.215
che,sex_m,ocu_skill_l2,2012,4.848
che,sex_m,ocu_skill_l2,2013,9.704
che,sex_m,ocu_skill_l2,2014,14.778
che,sex_m,ocu_skill_l2,2015,15.294
che,sex_m,ocu_skill_l2,2016,10.173
che,sex_m,ocu_skill_l2,2017,5.948
che,sex_m,ocu_skill_l2,2018,11.898
che,sex_m,ocu_skill_l2,2019,4.079
che,sex_m,ocu_skill_l2,2020,8.839
che,sex_m,ocu_skill_l2,2021,4.331
che,sex_m,ocu_skill_l3_4,2007,6.82
che,sex_m,ocu_skill_l3_4,2008,9.37
che,sex_m,ocu_skill_l3_4,2009,5.724
che,sex_m,ocu_skill_l3_4,2010,11.808
che,sex_m,ocu_skill_l3_4,2011,3.67
che,sex_m,ocu_skill_l3_4,2016,3.484
che,sex_m,ocu_skill_l3_4,2020,3.129
che,sex_m,ocu_skill_l3_4,2021,5.758
che,sex_m,ocu_skill_total,2007,50.5
che,sex_m,ocu_skill_total,2008,61.155
che,sex_m,ocu_skill_total,2009,45.6
che,sex_m,ocu_skill_total,2010,53.936
che,sex_m,ocu_skill_total,2011,11.312
che,sex_m,ocu_skill_total,2012,7.592
che,sex_m,ocu_skill_total,2013,11.872
che,sex_m,ocu_skill_total,2014,17.554
che,sex_m,ocu_skill_total,2015,21.751
che,sex_m,ocu_skill_total,2016,17.32
che,sex_m,ocu_skill_total,2017,8.375
che,sex_m,ocu_skill_total,2018,14.585
che,sex_m,ocu_skill_total,2019,6.448
che,sex_m,ocu_skill_total,2020,18.055
che,sex_m,ocu_skill_total,2021,10.712
che,sex_m,ocu_skill_total,2022,4.301
che,sex_m,ocu_skill_x,2007,4.959
che,sex_t,ocu_isco08_1,2013,2.594
che,sex_t,ocu_isco08_2,2011,3.514
che,sex_t,ocu_isco08_2,2012,1.876
che,sex_t,ocu_isco08_2,2016,3.704
che,sex_t,ocu_isco08_2,2018,5.083
che,sex_t,ocu_isco08_2,2020,3.877
che,sex_t,ocu_isco08_2,2021,5.159
che,sex_t,ocu_isco08_2,2022,5.495
che,sex_t,ocu_isco08_3,2011,3.326
che,sex_t,ocu_isco08_3,2015,2.482
che,sex_t,ocu_isco08_3,2016,4.026
che,sex_t,ocu_isco08_3,2021,4.145
che,sex_t,ocu_isco08_4,2011,2.214
che,sex_t,ocu_isco08_4,2016,3.388
che,sex_t,ocu_isco08_4,2017,1.568
che,sex_t,ocu_isco08_4,2018,7.452
che,sex_t,ocu_isco08_4,2020,3.348
che,sex_t,ocu_isco08_5,2011,20.56
che,sex_t,ocu_isco08_5,2012,25.454
che,sex_t,ocu_isco08_5,2013,23.079
che,sex_t,ocu_isco08_5,2014,30.521
che,sex_t,ocu_isco08_5,2015,32.459
che,sex_t,ocu_isco08_5,2016,27.056
che,sex_t,ocu_isco08_5,2017,29.552
che,sex_t,ocu_isco08_5,2018,25.726
che,sex_t,ocu_isco08_5,2019,25.324
che,sex_t,ocu_isco08_5,2020,30.182
che,sex_t,ocu_isco08_5,2021,25.045
che,sex_t,ocu_isco08_5,2022,26.983
che,sex_t,ocu_isco08_6,2011,10.345
che,sex_t,ocu_isco08_6,2012,7.25
che,sex_t,ocu_isco08_6,2013,11.381
che,sex_t,ocu_isco08_6,2014,10.404
che,sex_t,ocu_isco08_6,2015,12.223
che,sex_t,ocu_isco08_6,2016,9.355
che,sex_t,ocu_isco08_6,2017,6.285
che,sex_t,ocu_isco08_6,2019,4.104
che,sex_t,ocu_isco08_6,2020,3.017
che,sex_t,ocu_isco08_6,2022,2.933
che,sex_t,ocu_isco08_9,2011,3.891
che,sex_t,ocu_isco08_9,2013,3.489
che,sex_t,ocu_isco08_9,2014,7.069
che,sex_t,ocu_isco08_9,2015,14.549
che,sex_t,ocu_isco08_9,2016,12.467
che,sex_t,ocu_isco08_9,2017,6.948
che,sex_t,ocu_isco08_9,2018,13.072
che,sex_t,ocu_isco08_9,2019,8.878
che,sex_t,ocu_isco08_9,2020,3.949
che,sex_t,ocu_isco08_9,2021,7.052
che,sex_t,ocu_isco08_total,2011,47.339
che,sex_t,ocu_isco08_total,2012,43.335
che,sex_t,ocu_isco08_total,2013,48.063
che,sex_t,ocu_isco08_total,2014,59.05
che,sex_t,ocu_isco08_total,2015,68.145
che,sex_t,ocu_isco08_total,2016,61.798
che,sex_t,ocu_isco08_total,2017,50.561
che,sex_t,ocu_isco08_total,2018,60.118
che,sex_t,ocu_isco08_total,2019,46.842
che,sex_t,ocu_isco08_total,2020,53.234
che,sex_t,ocu_isco08_total,2021,46.081
che,sex_t,ocu_isco08_total,2022,39.116
che,sex_t,ocu_isco88_1,2009,2.062
che,sex_t,ocu_isco88_1,2010,2.626
che,sex_t,ocu_isco88_2,2007,4.877
che,sex_t,ocu_isco88_2,2008,4.133
che,sex_t,ocu_isco88_2,2009,2.932
che,sex_t,ocu_isco88_2,2010,5.987
che,sex_t,ocu_isco88_3,2007,9.102
che,sex_t,ocu_isco88_3,2008,18.226
che,sex_t,ocu_isco88_3,2009,12.422
che,sex_t,ocu_isco88_3,2010,20.237
che,sex_t,ocu_isco88_4,2007,15.816
che,sex_t,ocu_isco88_4,2008,15.361
che,sex_t,ocu_isco88_4,2009,16.038
che,sex_t,ocu_isco88_4,2010,12.951
che,sex_t,ocu_isco88_5,2007,16.856
che,sex_t,ocu_isco88_5,2008,17.473
che,sex_t,ocu_isco88_5,2009,21.054
che,sex_t,ocu_isco88_5,2010,15.274
che,sex_t,ocu_isco88_6,2007,7.142
che,sex_t,ocu_isco88_6,2008,12.482
che,sex_t,ocu_isco88_6,2009,9.631
che,sex_t,ocu_isco88_6,2010,13.662
che,sex_t,ocu_isco88_7,2007,28.639
che,sex_t,ocu_isco88_7,2008,35.982
che,sex_t,ocu_isco88_7,2009,27.308
che,sex_t,ocu_isco88_7,2010,29.768
che,sex_t,ocu_isco88_8,2008,3.349
che,sex_t,ocu_isco88_9,2009,3.814
che,sex_t,ocu_isco88_9,2010,7.574
che,sex_t,ocu_isco88_total,2007,96.117
che,sex_t,ocu_isco88_total,2008,113.502
che,sex_t,ocu_isco88_total,2009,97.531
che,sex_t,ocu_isco88_total,2010,109.111
che,sex_t,ocu_isco88_x,2007,10.313
che,sex_t,ocu_isco88_x,2008,2.415
che,sex_t,ocu_skill_l1,2009,3.814
che,sex_t,ocu_skill_l1,2010,7.574
che,sex_t,ocu_skill_l1,2011,3.891
che,sex_t,ocu_skill_l1,2013,3.489
che,sex_t,ocu_skill_l1,2014,7.069
che,sex_t,ocu_skill_l1,2015,14.549
che,sex_t,ocu_skill_l1,2016,12.467
che,sex_t,ocu_skill_l1,2017,6.948
che,sex_t,ocu_skill_l1,2018,13.072
che,sex_t,ocu_skill_l1,2019,8.878
che,sex_t,ocu_skill_l1,2020,3.949
che,sex_t,ocu_skill_l1,2021,7.052
che,sex_t,ocu_skill_l2,2007,69.67
che,sex_t,ocu_skill_l2,2008,84.647
che,sex_t,ocu_skill_l2,2009,75.329
che,sex_t,ocu_skill_l2,2010,71.943
che,sex_t,ocu_skill_l2,2011,35.563
che,sex_t,ocu_skill_l2,2012,35.512
che,sex_t,ocu_skill_l2,2013,38.734
che,sex_t,ocu_skill_l2,2014,45.817
che,sex_t,ocu_skill_l2,2015,46.48
che,sex_t,ocu_skill_l2,2016,41.215
che,sex_t,ocu_skill_l2,2017,37.893
che,sex_t,ocu_skill_l2,2018,34.036
che,sex_t,ocu_skill_l2,2019,31.262
che,sex_t,ocu_skill_l2,2020,38.875
che,sex_t,ocu_skill_l2,2021,29.338
che,sex_t,ocu_skill_l2,2022,30.467
che,sex_t,ocu_skill_l3_4,2007,14.302
che,sex_t,ocu_skill_l3_4,2008,24.115
che,sex_t,ocu_skill_l3_4,2009,17.416
che,sex_t,ocu_skill_l3_4,2010,28.849
che,sex_t,ocu_skill_l3_4,2011,7.885
che,sex_t,ocu_skill_l3_4,2012,5.689
che,sex_t,ocu_skill_l3_4,2013,5.839
che,sex_t,ocu_skill_l3_4,2014,6.165
che,sex_t,ocu_skill_l3_4,2015,7.116
che,sex_t,ocu_skill_l3_4,2016,8.117
che,sex_t,ocu_skill_l3_4,2017,5.077
che,sex_t,ocu_skill_l3_4,2018,11.48
che,sex_t,ocu_skill_l3_4,2019,6.703
che,sex_t,ocu_skill_l3_4,2020,5.863
che,sex_t,ocu_skill_l3_4,2021,9.691
che,sex_t,ocu_skill_l3_4,2022,6.42
che,sex_t,ocu_skill_total,2007,96.117
che,sex_t,ocu_skill_total,2008,113.502
che,sex_t,ocu_skill_total,2009,97.531
che,sex_t,ocu_skill_total,2010,109.111
che,sex_t,ocu_skill_total,2011,47.339
che,sex_t,ocu_skill_total,2012,43.335
che,sex_t,ocu_skill_total,2013,48.063
che,sex_t,ocu_skill_total,2014,59.05
che,sex_t,ocu_skill_total,2015,68.145
che,sex_t,ocu_skill_total,2016,61.798
che,sex_t,ocu_skill_total,2017,50.561
che,sex_t,ocu_skill_total,2018,60.118
che,sex_t,ocu_skill_total,2019,46.842
che,sex_t,ocu_skill_total,2020,53.234
che,sex_t,ocu_skill_total,2021,46.081
che,sex_t,ocu_skill_total,2022,39.116
che,sex_t,ocu_skill_x,2007,10.313
che,sex_t,ocu_skill_x,2008,2.415
chl,sex_f,ocu_isco08_1,2019,4.796
chl,sex_f,ocu_isco08_1,2020,4.125
chl,sex_f,ocu_isco08_1,2021,5.701
chl,sex_f,ocu_isco08_1,2022,4.658
chl,sex_f,ocu_isco08_1,2023,5.523
chl,sex_f,ocu_isco08_1,2024,4.843
chl,sex_f,ocu_isco08_2,2019,92.126
chl,sex_f,ocu_isco08_2,2020,92.725
chl,sex_f,ocu_isco08_2,2021,96.938
chl,sex_f,ocu_isco08_2,2022,87.962
chl,sex_f,ocu_isco08_2,2023,97.122
chl,sex_f,ocu_isco08_2,2024,102.628
chl,sex_f,ocu_isco08_3,2019,61.866
chl,sex_f,ocu_isco08_3,2020,56.816
chl,sex_f,ocu_isco08_3,2021,59.494
chl,sex_f,ocu_isco08_3,2022,64.586
chl,sex_f,ocu_isco08_3,2023,66.106
chl,sex_f,ocu_isco08_3,2024,68.999
chl,sex_f,ocu_isco08_4,2019,28.619
chl,sex_f,ocu_isco08_4,2020,20.962
chl,sex_f,ocu_isco08_4,2021,22.526
chl,sex_f,ocu_isco08_4,2022,24.066
chl,sex_f,ocu_isco08_4,2023,26.477
chl,sex_f,ocu_isco08_4,2024,27.699
chl,sex_f,ocu_isco08_5,2019,417.226
chl,sex_f,ocu_isco08_5,2020,305.806
chl,sex_f,ocu_isco08_5,2021,378.215
chl,sex_f,ocu_isco08_5,2022,422.77
chl,sex_f,ocu_isco08_5,2023,457.329
chl,sex_f,ocu_isco08_5,2024,485.503
chl,sex_f,ocu_isco08_6,2019,24.522
chl,sex_f,ocu_isco08_6,2020,15.447
chl,sex_f,ocu_isco08_6,2021,16.165
chl,sex_f,ocu_isco08_6,2022,16.749
chl,sex_f,ocu_isco08_6,2023,18.517
chl,sex_f,ocu_isco08_6,2024,18.739
chl,sex_f,ocu_isco08_7,2019,118.439
chl,sex_f,ocu_isco08_7,2020,121.787
chl,sex_f,ocu_isco08_7,2021,127.854
chl,sex_f,ocu_isco08_7,2022,131.402
chl,sex_f,ocu_isco08_7,2023,133.159
chl,sex_f,ocu_isco08_7,2024,133.949
chl,sex_f,ocu_isco08_8,2019,13.28
chl,sex_f,ocu_isco08_8,2020,10.795
chl,sex_f,ocu_isco08_8,2021,10.387
chl,sex_f,ocu_isco08_8,2022,10.78
chl,sex_f,ocu_isco08_8,2023,15.715
chl,sex_f,ocu_isco08_8,2024,15.922
chl,sex_f,ocu_isco08_9,2019,350.492
chl,sex_f,ocu_isco08_9,2020,225.254
chl,sex_f,ocu_isco08_9,2021,242.802
chl,sex_f,ocu_isco08_9,2022,292.928
chl,sex_f,ocu_isco08_9,2023,296.295
chl,sex_f,ocu_isco08_9,2024,299.35
chl,sex_f,ocu_isco08_total,2019,1115.449
chl,sex_f,ocu_isco08_total,2020,863.629
chl,sex_f,ocu_isco08_total,2021,967.893
chl,sex_f,ocu_isco08_total,2022,1067.058
chl,sex_f,ocu_isco08_total,2023,1128.626
chl,sex_f,ocu_isco08_total,2024,1171.206
chl,sex_f,ocu_isco08_x,2019,4.083
chl,sex_f,ocu_isco08_x,2020,9.911
chl,sex_f,ocu_isco08_x,2021,7.811
chl,sex_f,ocu_isco08_x,2022,11.156
chl,sex_f,ocu_isco08_x,2023,12.386
chl,sex_f,ocu_isco08_x,2024,13.572
chl,sex_f,ocu_isco88_1,2010,19.687
chl,sex_f,ocu_isco88_1,2011,13.242
chl,sex_f,ocu_isco88_1,2012,16.171
chl,sex_f,ocu_isco88_1,2013,19.598
chl,sex_f,ocu_isco88_1,2014,19.533
chl,sex_f,ocu_isco88_1,2015,14.041
chl,sex_f,ocu_isco88_1,2016,14.738
chl,sex_f,ocu_isco88_1,2017,59.596
chl,sex_f,ocu_isco88_1,2018,10.321
chl,sex_f,ocu_isco88_2,2010,56.383
chl,sex_f,ocu_isco88_2,2011,58.109
chl,sex_f,ocu_isco88_2,2012,63.225
chl,sex_f,ocu_isco88_2,2013,71.487
chl,sex_f,ocu_isco88_2,2014,78.404
chl,sex_f,ocu_isco88_2,2015,96.567
chl,sex_f,ocu_isco88_2,2016,83.392
chl,sex_f,ocu_isco88_2,2017,312.487
chl,sex_f,ocu_isco88_2,2018,86.613
chl,sex_f,ocu_isco88_3,2010,86.104
chl,sex_f,ocu_isco88_3,2011,81.443
chl,sex_f,ocu_isco88_3,2012,79.521
chl,sex_f,ocu_isco88_3,2013,87.807
chl,sex_f,ocu_isco88_3,2014,94.09
chl,sex_f,ocu_isco88_3,2015,96.77
chl,sex_f,ocu_isco88_3,2016,102.107
chl,sex_f,ocu_isco88_3,2017,259.73
chl,sex_f,ocu_isco88_3,2018,58.106
chl,sex_f,ocu_isco88_4,2010,65.378
chl,sex_f,ocu_isco88_4,2011,68.204
chl,sex_f,ocu_isco88_4,2012,71.64
chl,sex_f,ocu_isco88_4,2013,60.699
chl,sex_f,ocu_isco88_4,2014,71.51
chl,sex_f,ocu_isco88_4,2015,70.36
chl,sex_f,ocu_isco88_4,2016,64.14
chl,sex_f,ocu_isco88_4,2017,190.742
chl,sex_f,ocu_isco88_4,2018,35.569
chl,sex_f,ocu_isco88_5,2010,472.157
chl,sex_f,ocu_isco88_5,2011,483.419
chl,sex_f,ocu_isco88_5,2012,438.449
chl,sex_f,ocu_isco88_5,2013,467.771
chl,sex_f,ocu_isco88_5,2014,469.642
chl,sex_f,ocu_isco88_5,2015,482.444
chl,sex_f,ocu_isco88_5,2016,495.413
chl,sex_f,ocu_isco88_5,2017,702.883
chl,sex_f,ocu_isco88_5,2018,399.53
chl,sex_f,ocu_isco88_6,2010,39.16
chl,sex_f,ocu_isco88_6,2011,46.274
chl,sex_f,ocu_isco88_6,2012,54.42
chl,sex_f,ocu_isco88_6,2013,47.513
chl,sex_f,ocu_isco88_6,2014,40.828
chl,sex_f,ocu_isco88_6,2015,52.202
chl,sex_f,ocu_isco88_6,2016,48.104
chl,sex_f,ocu_isco88_6,2017,35.546
chl,sex_f,ocu_isco88_6,2018,29.39
chl,sex_f,ocu_isco88_7,2010,136.456
chl,sex_f,ocu_isco88_7,2011,137.864
chl,sex_f,ocu_isco88_7,2012,141.288
chl,sex_f,ocu_isco88_7,2013,167.072
chl,sex_f,ocu_isco88_7,2014,168.921
chl,sex_f,ocu_isco88_7,2015,172.401
chl,sex_f,ocu_isco88_7,2016,171.592
chl,sex_f,ocu_isco88_7,2017,153.588
chl,sex_f,ocu_isco88_7,2018,122.888
chl,sex_f,ocu_isco88_8,2010,28.92
chl,sex_f,ocu_isco88_8,2011,24.226
chl,sex_f,ocu_isco88_8,2012,22.6
chl,sex_f,ocu_isco88_8,2013,21.301
chl,sex_f,ocu_isco88_8,2014,26.822
chl,sex_f,ocu_isco88_8,2015,27.453
chl,sex_f,ocu_isco88_8,2016,27.721
chl,sex_f,ocu_isco88_8,2017,31.523
chl,sex_f,ocu_isco88_8,2018,15.384
chl,sex_f,ocu_isco88_9,2010,469.241
chl,sex_f,ocu_isco88_9,2011,484.222
chl,sex_f,ocu_isco88_9,2012,461.551
chl,sex_f,ocu_isco88_9,2013,445.92
chl,sex_f,ocu_isco88_9,2014,438.168
chl,sex_f,ocu_isco88_9,2015,448.068
chl,sex_f,ocu_isco88_9,2016,455.25
chl,sex_f,ocu_isco88_9,2017,584.303
chl,sex_f,ocu_isco88_9,2018,345.544
chl,sex_f,ocu_isco88_total,2010,1373.487
chl,sex_f,ocu_isco88_total,2011,1397
chl,sex_f,ocu_isco88_total,2012,1348.866
chl,sex_f,ocu_isco88_total,2013,1389.187
chl,sex_f,ocu_isco88_total,2014,1407.919
chl,sex_f,ocu_isco88_total,2015,1460.306
chl,sex_f,ocu_isco88_total,2016,1462.549
chl,sex_f,ocu_isco88_total,2017,2331.624
chl,sex_f,ocu_isco88_total,2018,1103.345
chl,sex_f,ocu_isco88_x,2017,1.225
chl,sex_f,ocu_isco88_x,2018,0
chl,sex_f,ocu_skill_l1,2010,469.241
chl,sex_f,ocu_skill_l1,2011,484.222
chl,sex_f,ocu_skill_l1,2012,461.551
chl,sex_f,ocu_skill_l1,2013,445.92
chl,sex_f,ocu_skill_l1,2014,438.168
chl,sex_f,ocu_skill_l1,2015,448.068
chl,sex_f,ocu_skill_l1,2016,455.25
chl,sex_f,ocu_skill_l1,2017,584.303
chl,sex_f,ocu_skill_l1,2018,345.544
chl,sex_f,ocu_skill_l1,2019,350.492
chl,sex_f,ocu_skill_l1,2020,225.254
chl,sex_f,ocu_skill_l1,2021,242.802
chl,sex_f,ocu_skill_l1,2022,292.928
chl,sex_f,ocu_skill_l1,2023,296.295
chl,sex_f,ocu_skill_l1,2024,299.35
chl,sex_f,ocu_skill_l2,2010,742.071
chl,sex_f,ocu_skill_l2,2011,759.985
chl,sex_f,ocu_skill_l2,2012,728.398
chl,sex_f,ocu_skill_l2,2013,764.356
chl,sex_f,ocu_skill_l2,2014,777.723
chl,sex_f,ocu_skill_l2,2015,804.86
chl,sex_f,ocu_skill_l2,2016,806.97
chl,sex_f,ocu_skill_l2,2017,1114.282
chl,sex_f,ocu_skill_l2,2018,602.761
chl,sex_f,ocu_skill_l2,2019,602.086
chl,sex_f,ocu_skill_l2,2020,474.798
chl,sex_f,ocu_skill_l2,2021,555.147
chl,sex_f,ocu_skill_l2,2022,605.768
chl,sex_f,ocu_skill_l2,2023,651.196
chl,sex_f,ocu_skill_l2,2024,681.812
chl,sex_f,ocu_skill_l3_4,2010,162.174
chl,sex_f,ocu_skill_l3_4,2011,152.793
chl,sex_f,ocu_skill_l3_4,2012,158.917
chl,sex_f,ocu_skill_l3_4,2013,178.892
chl,sex_f,ocu_skill_l3_4,2014,192.027
chl,sex_f,ocu_skill_l3_4,2015,207.378
chl,sex_f,ocu_skill_l3_4,2016,200.237
chl,sex_f,ocu_skill_l3_4,2017,631.813
chl,sex_f,ocu_skill_l3_4,2018,155.04
chl,sex_f,ocu_skill_l3_4,2019,158.788
chl,sex_f,ocu_skill_l3_4,2020,153.666
chl,sex_f,ocu_skill_l3_4,2021,162.133
chl,sex_f,ocu_skill_l3_4,2022,157.207
chl,sex_f,ocu_skill_l3_4,2023,168.75
chl,sex_f,ocu_skill_l3_4,2024,176.471
chl,sex_f,ocu_skill_total,2010,1373.487
chl,sex_f,ocu_skill_total,2011,1397
chl,sex_f,ocu_skill_total,2012,1348.866
chl,sex_f,ocu_skill_total,2013,1389.187
chl,sex_f,ocu_skill_total,2014,1407.919
chl,sex_f,ocu_skill_total,2015,1460.306
chl,sex_f,ocu_skill_total,2016,1462.549
chl,sex_f,ocu_skill_total,2017,2331.624
chl,sex_f,ocu_skill_total,2018,1103.345
chl,sex_f,ocu_skill_total,2019,1115.449
chl,sex_f,ocu_skill_total,2020,863.629
chl,sex_f,ocu_skill_total,2021,967.893
chl,sex_f,ocu_skill_total,2022,1067.058
chl,sex_f,ocu_skill_total,2023,1128.626
chl,sex_f,ocu_skill_total,2024,1171.206
chl,sex_f,ocu_skill_x,2017,1.225
chl,sex_f,ocu_skill_x,2018,0
chl,sex_f,ocu_skill_x,2019,4.083
chl,sex_f,ocu_skill_x,2020,9.911
chl,sex_f,ocu_skill_x,2021,7.811
chl,sex_f,ocu_skill_x,2022,11.156
chl,sex_f,ocu_skill_x,2023,12.386
chl,sex_f,ocu_skill_x,2024,13.572
chl,sex_m,ocu_isco08_1,2019,12.775
chl,sex_m,ocu_isco08_1,2020,11.19
chl,sex_m,ocu_isco08_1,2021,7.791
chl,sex_m,ocu_isco08_1,2022,9.542
chl,sex_m,ocu_isco08_1,2023,12.946
chl,sex_m,ocu_isco08_1,2024,10.419
chl,sex_m,ocu_isco08_2,2019,98.816
chl,sex_m,ocu_isco08_2,2020,77.491
chl,sex_m,ocu_isco08_2,2021,84.001
chl,sex_m,ocu_isco08_2,2022,81.921
chl,sex_m,ocu_isco08_2,2023,90.699
chl,sex_m,ocu_isco08_2,2024,88.479
chl,sex_m,ocu_isco08_3,2019,60.958
chl,sex_m,ocu_isco08_3,2020,58.545
chl,sex_m,ocu_isco08_3,2021,55.761
chl,sex_m,ocu_isco08_3,2022,58.627
chl,sex_m,ocu_isco08_3,2023,56.87
chl,sex_m,ocu_isco08_3,2024,61.804
chl,sex_m,ocu_isco08_4,2019,19.323
chl,sex_m,ocu_isco08_4,2020,19.85
chl,sex_m,ocu_isco08_4,2021,16.779
chl,sex_m,ocu_isco08_4,2022,14.318
chl,sex_m,ocu_isco08_4,2023,15.867
chl,sex_m,ocu_isco08_4,2024,19.102
chl,sex_m,ocu_isco08_5,2019,206.826
chl,sex_m,ocu_isco08_5,2020,181.758
chl,sex_m,ocu_isco08_5,2021,200.776
chl,sex_m,ocu_isco08_5,2022,208.992
chl,sex_m,ocu_isco08_5,2023,215.168
chl,sex_m,ocu_isco08_5,2024,221.871
chl,sex_m,ocu_isco08_6,2019,118.116
chl,sex_m,ocu_isco08_6,2020,91.306
chl,sex_m,ocu_isco08_6,2021,90.059
chl,sex_m,ocu_isco08_6,2022,90.52
chl,sex_m,ocu_isco08_6,2023,90.972
chl,sex_m,ocu_isco08_6,2024,96.165
chl,sex_m,ocu_isco08_7,2019,341.11
chl,sex_m,ocu_isco08_7,2020,299.146
chl,sex_m,ocu_isco08_7,2021,367.866
chl,sex_m,ocu_isco08_7,2022,377.507
chl,sex_m,ocu_isco08_7,2023,370.434
chl,sex_m,ocu_isco08_7,2024,366.585
chl,sex_m,ocu_isco08_8,2019,188.547
chl,sex_m,ocu_isco08_8,2020,150.465
chl,sex_m,ocu_isco08_8,2021,159.864
chl,sex_m,ocu_isco08_8,2022,176.644
chl,sex_m,ocu_isco08_8,2023,176.339
chl,sex_m,ocu_isco08_8,2024,185.062
chl,sex_m,ocu_isco08_9,2019,353.528
chl,sex_m,ocu_isco08_9,2020,273.155
chl,sex_m,ocu_isco08_9,2021,305.705
chl,sex_m,ocu_isco08_9,2022,321.202
chl,sex_m,ocu_isco08_9,2023,316.916
chl,sex_m,ocu_isco08_9,2024,324.878
chl,sex_m,ocu_isco08_total,2019,1404.971
chl,sex_m,ocu_isco08_total,2020,1172.702
chl,sex_m,ocu_isco08_total,2021,1306.573
chl,sex_m,ocu_isco08_total,2022,1361.202
chl,sex_m,ocu_isco08_total,2023,1357.852
chl,sex_m,ocu_isco08_total,2024,1387.584
chl,sex_m,ocu_isco08_x,2019,4.972
chl,sex_m,ocu_isco08_x,2020,9.796
chl,sex_m,ocu_isco08_x,2021,17.972
chl,sex_m,ocu_isco08_x,2022,21.929
chl,sex_m,ocu_isco08_x,2023,11.64
chl,sex_m,ocu_isco08_x,2024,13.221
chl,sex_m,ocu_isco88_1,2010,43.136
chl,sex_m,ocu_isco88_1,2011,37.483
chl,sex_m,ocu_isco88_1,2012,44.988
chl,sex_m,ocu_isco88_1,2013,46.041
chl,sex_m,ocu_isco88_1,2014,57.408
chl,sex_m,ocu_isco88_1,2015,41.486
chl,sex_m,ocu_isco88_1,2016,49.387
chl,sex_m,ocu_isco88_1,2017,141.318
chl,sex_m,ocu_isco88_1,2018,12.489
chl,sex_m,ocu_isco88_2,2010,84.36
chl,sex_m,ocu_isco88_2,2011,88.734
chl,sex_m,ocu_isco88_2,2012,97.469
chl,sex_m,ocu_isco88_2,2013,97.275
chl,sex_m,ocu_isco88_2,2014,98.818
chl,sex_m,ocu_isco88_2,2015,103.446
chl,sex_m,ocu_isco88_2,2016,110.18
chl,sex_m,ocu_isco88_2,2017,310.153
chl,sex_m,ocu_isco88_2,2018,85.929
chl,sex_m,ocu_isco88_3,2010,115.773
chl,sex_m,ocu_isco88_3,2011,124.844
chl,sex_m,ocu_isco88_3,2012,115.594
chl,sex_m,ocu_isco88_3,2013,119.094
chl,sex_m,ocu_isco88_3,2014,136.657
chl,sex_m,ocu_isco88_3,2015,131.767
chl,sex_m,ocu_isco88_3,2016,137.121
chl,sex_m,ocu_isco88_3,2017,254.272
chl,sex_m,ocu_isco88_3,2018,54.753
chl,sex_m,ocu_isco88_4,2010,43.146
chl,sex_m,ocu_isco88_4,2011,27.049
chl,sex_m,ocu_isco88_4,2012,22.148
chl,sex_m,ocu_isco88_4,2013,29.603
chl,sex_m,ocu_isco88_4,2014,27.819
chl,sex_m,ocu_isco88_4,2015,31.899
chl,sex_m,ocu_isco88_4,2016,26.009
chl,sex_m,ocu_isco88_4,2017,150.569
chl,sex_m,ocu_isco88_4,2018,21.86
chl,sex_m,ocu_isco88_5,2010,227.684
chl,sex_m,ocu_isco88_5,2011,207.902
chl,sex_m,ocu_isco88_5,2012,199.543
chl,sex_m,ocu_isco88_5,2013,208.814
chl,sex_m,ocu_isco88_5,2014,204.052
chl,sex_m,ocu_isco88_5,2015,200.791
chl,sex_m,ocu_isco88_5,2016,236.81
chl,sex_m,ocu_isco88_5,2017,482.52
chl,sex_m,ocu_isco88_5,2018,191.896
chl,sex_m,ocu_isco88_6,2010,194.832
chl,sex_m,ocu_isco88_6,2011,184.577
chl,sex_m,ocu_isco88_6,2012,189.951
chl,sex_m,ocu_isco88_6,2013,180.727
chl,sex_m,ocu_isco88_6,2014,194.991
chl,sex_m,ocu_isco88_6,2015,194.093
chl,sex_m,ocu_isco88_6,2016,191.985
chl,sex_m,ocu_isco88_6,2017,158.26
chl,sex_m,ocu_isco88_6,2018,119.184
chl,sex_m,ocu_isco88_7,2010,428.204
chl,sex_m,ocu_isco88_7,2011,385.31
chl,sex_m,ocu_isco88_7,2012,390.363
chl,sex_m,ocu_isco88_7,2013,398.202
chl,sex_m,ocu_isco88_7,2014,415.723
chl,sex_m,ocu_isco88_7,2015,421.939
chl,sex_m,ocu_isco88_7,2016,438.914
chl,sex_m,ocu_isco88_7,2017,637.548
chl,sex_m,ocu_isco88_7,2018,349.117
chl,sex_m,ocu_isco88_8,2010,199.853
chl,sex_m,ocu_isco88_8,2011,195.341
chl,sex_m,ocu_isco88_8,2012,206.208
chl,sex_m,ocu_isco88_8,2013,214.591
chl,sex_m,ocu_isco88_8,2014,208.058
chl,sex_m,ocu_isco88_8,2015,217.018
chl,sex_m,ocu_isco88_8,2016,221.901
chl,sex_m,ocu_isco88_8,2017,410.646
chl,sex_m,ocu_isco88_8,2018,180.442
chl,sex_m,ocu_isco88_9,2010,383.892
chl,sex_m,ocu_isco88_9,2011,357.245
chl,sex_m,ocu_isco88_9,2012,331.585
chl,sex_m,ocu_isco88_9,2013,347.521
chl,sex_m,ocu_isco88_9,2014,347.094
chl,sex_m,ocu_isco88_9,2015,350.056
chl,sex_m,ocu_isco88_9,2016,367.021
chl,sex_m,ocu_isco88_9,2017,619.986
chl,sex_m,ocu_isco88_9,2018,353.119
chl,sex_m,ocu_isco88_total,2010,1721.05
chl,sex_m,ocu_isco88_total,2011,1608.638
chl,sex_m,ocu_isco88_total,2012,1598.004
chl,sex_m,ocu_isco88_total,2013,1641.935
chl,sex_m,ocu_isco88_total,2014,1692.025
chl,sex_m,ocu_isco88_total,2015,1692.818
chl,sex_m,ocu_isco88_total,2016,1780.56
chl,sex_m,ocu_isco88_total,2017,3181.165
chl,sex_m,ocu_isco88_total,2018,1369.969
chl,sex_m,ocu_isco88_x,2017,15.892
chl,sex_m,ocu_isco88_x,2018,1.18
chl,sex_m,ocu_skill_l1,2010,383.892
chl,sex_m,ocu_skill_l1,2011,357.245
chl,sex_m,ocu_skill_l1,2012,331.585
chl,sex_m,ocu_skill_l1,2013,347.521
chl,sex_m,ocu_skill_l1,2014,347.094
chl,sex_m,ocu_skill_l1,2015,350.056
chl,sex_m,ocu_skill_l1,2016,367.021
chl,sex_m,ocu_skill_l1,2017,619.986
chl,sex_m,ocu_skill_l1,2018,353.119
chl,sex_m,ocu_skill_l1,2019,353.528
chl,sex_m,ocu_skill_l1,2020,273.155
chl,sex_m,ocu_skill_l1,2021,305.705
chl,sex_m,ocu_skill_l1,2022,321.202
chl,sex_m,ocu_skill_l1,2023,316.916
chl,sex_m,ocu_skill_l1,2024,324.878
chl,sex_m,ocu_skill_l2,2010,1093.719
chl,sex_m,ocu_skill_l2,2011,1000.178
chl,sex_m,ocu_skill_l2,2012,1008.213
chl,sex_m,ocu_skill_l2,2013,1031.937
chl,sex_m,ocu_skill_l2,2014,1050.642
chl,sex_m,ocu_skill_l2,2015,1065.739
chl,sex_m,ocu_skill_l2,2016,1115.619
chl,sex_m,ocu_skill_l2,2017,1839.543
chl,sex_m,ocu_skill_l2,2018,862.499
chl,sex_m,ocu_skill_l2,2019,873.921
chl,sex_m,ocu_skill_l2,2020,742.525
chl,sex_m,ocu_skill_l2,2021,835.344
chl,sex_m,ocu_skill_l2,2022,867.981
chl,sex_m,ocu_skill_l2,2023,868.78
chl,sex_m,ocu_skill_l2,2024,888.785
chl,sex_m,ocu_skill_l3_4,2010,243.269
chl,sex_m,ocu_skill_l3_4,2011,251.06
chl,sex_m,ocu_skill_l3_4,2012,258.051
chl,sex_m,ocu_skill_l3_4,2013,262.409
chl,sex_m,ocu_skill_l3_4,2014,292.884
chl,sex_m,ocu_skill_l3_4,2015,276.698
chl,sex_m,ocu_skill_l3_4,2016,296.688
chl,sex_m,ocu_skill_l3_4,2017,705.743
chl,sex_m,ocu_skill_l3_4,2018,153.171
chl,sex_m,ocu_skill_l3_4,2019,172.549
chl,sex_m,ocu_skill_l3_4,2020,147.226
chl,sex_m,ocu_skill_l3_4,2021,147.553
chl,sex_m,ocu_skill_l3_4,2022,150.09
chl,sex_m,ocu_skill_l3_4,2023,160.516
chl,sex_m,ocu_skill_l3_4,2024,160.701
chl,sex_m,ocu_skill_total,2010,1721.05
chl,sex_m,ocu_skill_total,2011,1608.638
chl,sex_m,ocu_skill_total,2012,1598.004
chl,sex_m,ocu_skill_total,2013,1641.935
chl,sex_m,ocu_skill_total,2014,1692.025
chl,sex_m,ocu_skill_total,2015,1692.818
chl,sex_m,ocu_skill_total,2016,1780.56
chl,sex_m,ocu_skill_total,2017,3181.165
chl,sex_m,ocu_skill_total,2018,1369.969
chl,sex_m,ocu_skill_total,2019,1404.971
chl,sex_m,ocu_skill_total,2020,1172.702
chl,sex_m,ocu_skill_total,2021,1306.573
chl,sex_m,ocu_skill_total,2022,1361.202
chl,sex_m,ocu_skill_total,2023,1357.852
chl,sex_m,ocu_skill_total,2024,1387.584
chl,sex_m,ocu_skill_x,2017,15.892
chl,sex_m,ocu_skill_x,2018,1.18
chl,sex_m,ocu_skill_x,2019,4.972
chl,sex_m,ocu_skill_x,2020,9.796
chl,sex_m,ocu_skill_x,2021,17.972
chl,sex_m,ocu_skill_x,2022,21.929
chl,sex_m,ocu_skill_x,2023,11.64
chl,sex_m,ocu_skill_x,2024,13.221
chl,sex_t,ocu_isco08_1,2019,17.571
chl,sex_t,ocu_isco08_1,2020,15.315
chl,sex_t,ocu_isco08_1,2021,13.491
chl,sex_t,ocu_isco08_1,2022,14.2
chl,sex_t,ocu_isco08_1,2023,18.469
chl,sex_t,ocu_isco08_1,2024,15.262
chl,sex_t,ocu_isco08_2,2019,190.941
chl,sex_t,ocu_isco08_2,2020,170.216
chl,sex_t,ocu_isco08_2,2021,180.939
chl,sex_t,ocu_isco08_2,2022,169.882
chl,sex_t,ocu_isco08_2,2023,187.821
chl,sex_t,ocu_isco08_2,2024,191.107
chl,sex_t,ocu_isco08_3,2019,122.825
chl,sex_t,ocu_isco08_3,2020,115.361
chl,sex_t,ocu_isco08_3,2021,115.255
chl,sex_t,ocu_isco08_3,2022,123.213
chl,sex_t,ocu_isco08_3,2023,122.976
chl,sex_t,ocu_isco08_3,2024,130.803
chl,sex_t,ocu_isco08_4,2019,47.942
chl,sex_t,ocu_isco08_4,2020,40.812
chl,sex_t,ocu_isco08_4,2021,39.305
chl,sex_t,ocu_isco08_4,2022,38.384
chl,sex_t,ocu_isco08_4,2023,42.343
chl,sex_t,ocu_isco08_4,2024,46.801
chl,sex_t,ocu_isco08_5,2019,624.053
chl,sex_t,ocu_isco08_5,2020,487.565
chl,sex_t,ocu_isco08_5,2021,578.991
chl,sex_t,ocu_isco08_5,2022,631.762
chl,sex_t,ocu_isco08_5,2023,672.497
chl,sex_t,ocu_isco08_5,2024,707.374
chl,sex_t,ocu_isco08_6,2019,142.637
chl,sex_t,ocu_isco08_6,2020,106.753
chl,sex_t,ocu_isco08_6,2021,106.224
chl,sex_t,ocu_isco08_6,2022,107.269
chl,sex_t,ocu_isco08_6,2023,109.489
chl,sex_t,ocu_isco08_6,2024,114.903
chl,sex_t,ocu_isco08_7,2019,459.549
chl,sex_t,ocu_isco08_7,2020,420.933
chl,sex_t,ocu_isco08_7,2021,495.72
chl,sex_t,ocu_isco08_7,2022,508.909
chl,sex_t,ocu_isco08_7,2023,503.593
chl,sex_t,ocu_isco08_7,2024,500.534
chl,sex_t,ocu_isco08_8,2019,201.827
chl,sex_t,ocu_isco08_8,2020,161.26
chl,sex_t,ocu_isco08_8,2021,170.251
chl,sex_t,ocu_isco08_8,2022,187.425
chl,sex_t,ocu_isco08_8,2023,192.054
chl,sex_t,ocu_isco08_8,2024,200.984
chl,sex_t,ocu_isco08_9,2019,704.02
chl,sex_t,ocu_isco08_9,2020,498.409
chl,sex_t,ocu_isco08_9,2021,548.507
chl,sex_t,ocu_isco08_9,2022,614.129
chl,sex_t,ocu_isco08_9,2023,613.211
chl,sex_t,ocu_isco08_9,2024,624.228
chl,sex_t,ocu_isco08_total,2019,2520.42
chl,sex_t,ocu_isco08_total,2020,2036.331
chl,sex_t,ocu_isco08_total,2021,2274.466
chl,sex_t,ocu_isco08_total,2022,2428.26
chl,sex_t,ocu_isco08_total,2023,2486.478
chl,sex_t,ocu_isco08_total,2024,2558.79
chl,sex_t,ocu_isco08_x,2019,9.055
chl,sex_t,ocu_isco08_x,2020,19.707
chl,sex_t,ocu_isco08_x,2021,25.783
chl,sex_t,ocu_isco08_x,2022,33.085
chl,sex_t,ocu_isco08_x,2023,24.025
chl,sex_t,ocu_isco08_x,2024,26.793
chl,sex_t,ocu_isco88_1,2010,62.823
chl,sex_t,ocu_isco88_1,2011,50.724
chl,sex_t,ocu_isco88_1,2012,61.159
chl,sex_t,ocu_isco88_1,2013,65.639
chl,sex_t,ocu_isco88_1,2014,76.941
chl,sex_t,ocu_isco88_1,2015,55.527
chl,sex_t,ocu_isco88_1,2016,64.125
chl,sex_t,ocu_isco88_1,2017,200.914
chl,sex_t,ocu_isco88_1,2018,22.811
chl,sex_t,ocu_isco88_2,2010,140.744
chl,sex_t,ocu_isco88_2,2011,146.842
chl,sex_t,ocu_isco88_2,2012,160.693
chl,sex_t,ocu_isco88_2,2013,168.762
chl,sex_t,ocu_isco88_2,2014,177.222
chl,sex_t,ocu_isco88_2,2015,200.013
chl,sex_t,ocu_isco88_2,2016,193.573
chl,sex_t,ocu_isco88_2,2017,622.64
chl,sex_t,ocu_isco88_2,2018,172.541
chl,sex_t,ocu_isco88_3,2010,201.877
chl,sex_t,ocu_isco88_3,2011,206.286
chl,sex_t,ocu_isco88_3,2012,195.116
chl,sex_t,ocu_isco88_3,2013,206.901
chl,sex_t,ocu_isco88_3,2014,230.747
chl,sex_t,ocu_isco88_3,2015,228.537
chl,sex_t,ocu_isco88_3,2016,239.228
chl,sex_t,ocu_isco88_3,2017,514.002
chl,sex_t,ocu_isco88_3,2018,112.859
chl,sex_t,ocu_isco88_4,2010,108.524
chl,sex_t,ocu_isco88_4,2011,95.252
chl,sex_t,ocu_isco88_4,2012,93.788
chl,sex_t,ocu_isco88_4,2013,90.303
chl,sex_t,ocu_isco88_4,2014,99.329
chl,sex_t,ocu_isco88_4,2015,102.259
chl,sex_t,ocu_isco88_4,2016,90.149
chl,sex_t,ocu_isco88_4,2017,341.312
chl,sex_t,ocu_isco88_4,2018,57.429
chl,sex_t,ocu_isco88_5,2010,699.841
chl,sex_t,ocu_isco88_5,2011,691.32
chl,sex_t,ocu_isco88_5,2012,637.992
chl,sex_t,ocu_isco88_5,2013,676.585
chl,sex_t,ocu_isco88_5,2014,673.694
chl,sex_t,ocu_isco88_5,2015,683.235
chl,sex_t,ocu_isco88_5,2016,732.223
chl,sex_t,ocu_isco88_5,2017,1185.403
chl,sex_t,ocu_isco88_5,2018,591.425
chl,sex_t,ocu_isco88_6,2010,233.992
chl,sex_t,ocu_isco88_6,2011,230.851
chl,sex_t,ocu_isco88_6,2012,244.371
chl,sex_t,ocu_isco88_6,2013,228.24
chl,sex_t,ocu_isco88_6,2014,235.819
chl,sex_t,ocu_isco88_6,2015,246.295
chl,sex_t,ocu_isco88_6,2016,240.089
chl,sex_t,ocu_isco88_6,2017,193.805
chl,sex_t,ocu_isco88_6,2018,148.574
chl,sex_t,ocu_isco88_7,2010,564.66
chl,sex_t,ocu_isco88_7,2011,523.173
chl,sex_t,ocu_isco88_7,2012,531.651
chl,sex_t,ocu_isco88_7,2013,565.274
chl,sex_t,ocu_isco88_7,2014,584.644
chl,sex_t,ocu_isco88_7,2015,594.34
chl,sex_t,ocu_isco88_7,2016,610.506
chl,sex_t,ocu_isco88_7,2017,791.137
chl,sex_t,ocu_isco88_7,2018,472.006
chl,sex_t,ocu_isco88_8,2010,228.773
chl,sex_t,ocu_isco88_8,2011,219.567
chl,sex_t,ocu_isco88_8,2012,228.808
chl,sex_t,ocu_isco88_8,2013,235.892
chl,sex_t,ocu_isco88_8,2014,234.879
chl,sex_t,ocu_isco88_8,2015,244.471
chl,sex_t,ocu_isco88_8,2016,249.622
chl,sex_t,ocu_isco88_8,2017,442.169
chl,sex_t,ocu_isco88_8,2018,195.826
chl,sex_t,ocu_isco88_9,2010,853.133
chl,sex_t,ocu_isco88_9,2011,841.467
chl,sex_t,ocu_isco88_9,2012,793.136
chl,sex_t,ocu_isco88_9,2013,793.442
chl,sex_t,ocu_isco88_9,2014,785.262
chl,sex_t,ocu_isco88_9,2015,798.125
chl,sex_t,ocu_isco88_9,2016,822.271
chl,sex_t,ocu_isco88_9,2017,1204.29
chl,sex_t,ocu_isco88_9,2018,698.663
chl,sex_t,ocu_isco88_total,2010,3094.537
chl,sex_t,ocu_isco88_total,2011,3005.638
chl,sex_t,ocu_isco88_total,2012,2946.87
chl,sex_t,ocu_isco88_total,2013,3031.122
chl,sex_t,ocu_isco88_total,2014,3099.944
chl,sex_t,ocu_isco88_total,2015,3153.124
chl,sex_t,ocu_isco88_total,2016,3243.11
chl,sex_t,ocu_isco88_total,2017,5512.789
chl,sex_t,ocu_isco88_total,2018,2473.314
chl,sex_t,ocu_isco88_x,2016,1.324
chl,sex_t,ocu_isco88_x,2017,17.117
chl,sex_t,ocu_isco88_x,2018,1.18
chl,sex_t,ocu_skill_l1,2010,853.133
chl,sex_t,ocu_skill_l1,2011,841.467
chl,sex_t,ocu_skill_l1,2012,793.136
chl,sex_t,ocu_skill_l1,2013,793.442
chl,sex_t,ocu_skill_l1,2014,785.262
chl,sex_t,ocu_skill_l1,2015,798.125
chl,sex_t,ocu_skill_l1,2016,822.271
chl,sex_t,ocu_skill_l1,2017,1204.29
chl,sex_t,ocu_skill_l1,2018,698.663
chl,sex_t,ocu_skill_l1,2019,704.02
chl,sex_t,ocu_skill_l1,2020,498.409
chl,sex_t,ocu_skill_l1,2021,548.507
chl,sex_t,ocu_skill_l1,2022,614.129
chl,sex_t,ocu_skill_l1,2023,613.211
chl,sex_t,ocu_skill_l1,2024,624.228
chl,sex_t,ocu_skill_l2,2010,1835.79
chl,sex_t,ocu_skill_l2,2011,1760.163
chl,sex_t,ocu_skill_l2,2012,1736.61
chl,sex_t,ocu_skill_l2,2013,1796.293
chl,sex_t,ocu_skill_l2,2014,1828.365
chl,sex_t,ocu_skill_l2,2015,1870.6
chl,sex_t,ocu_skill_l2,2016,1922.59
chl,sex_t,ocu_skill_l2,2017,2953.826
chl,sex_t,ocu_skill_l2,2018,1465.26
chl,sex_t,ocu_skill_l2,2019,1476.008
chl,sex_t,ocu_skill_l2,2020,1217.323
chl,sex_t,ocu_skill_l2,2021,1390.491
chl,sex_t,ocu_skill_l2,2022,1473.749
chl,sex_t,ocu_skill_l2,2023,1519.976
chl,sex_t,ocu_skill_l2,2024,1570.597
chl,sex_t,ocu_skill_l3_4,2010,405.444
chl,sex_t,ocu_skill_l3_4,2011,403.853
chl,sex_t,ocu_skill_l3_4,2012,416.968
chl,sex_t,ocu_skill_l3_4,2013,441.302
chl,sex_t,ocu_skill_l3_4,2014,484.911
chl,sex_t,ocu_skill_l3_4,2015,484.077
chl,sex_t,ocu_skill_l3_4,2016,496.926
chl,sex_t,ocu_skill_l3_4,2017,1337.556
chl,sex_t,ocu_skill_l3_4,2018,308.211
chl,sex_t,ocu_skill_l3_4,2019,331.337
chl,sex_t,ocu_skill_l3_4,2020,300.892
chl,sex_t,ocu_skill_l3_4,2021,309.685
chl,sex_t,ocu_skill_l3_4,2022,307.296
chl,sex_t,ocu_skill_l3_4,2023,329.266
chl,sex_t,ocu_skill_l3_4,2024,337.172
chl,sex_t,ocu_skill_total,2010,3094.537
chl,sex_t,ocu_skill_total,2011,3005.638
chl,sex_t,ocu_skill_total,2012,2946.87
chl,sex_t,ocu_skill_total,2013,3031.122
chl,sex_t,ocu_skill_total,2014,3099.944
chl,sex_t,ocu_skill_total,2015,3153.124
chl,sex_t,ocu_skill_total,2016,3243.11
chl,sex_t,ocu_skill_total,2017,5512.789
chl,sex_t,ocu_skill_total,2018,2473.314
chl,sex_t,ocu_skill_total,2019,2520.42
chl,sex_t,ocu_skill_total,2020,2036.331
chl,sex_t,ocu_skill_total,2021,2274.466
chl,sex_t,ocu_skill_total,2022,2428.26
chl,sex_t,ocu_skill_total,2023,2486.478
chl,sex_t,ocu_skill_total,2024,2558.79
chl,sex_t,ocu_skill_x,2016,1.324
chl,sex_t,ocu_skill_x,2017,17.117
chl,sex_t,ocu_skill_x,2018,1.18
chl,sex_t,ocu_skill_x,2019,9.055
chl,sex_t,ocu_skill_x,2020,19.707
chl,sex_t,ocu_skill_x,2021,25.783
chl,sex_t,ocu_skill_x,2022,33.085
chl,sex_t,ocu_skill_x,2023,24.025
chl,sex_t,ocu_skill_x,2024,26.793
civ,sex_f,ocu_isco08_0,2016,7.545
civ,sex_f,ocu_isco08_1,2016,3.14
civ,sex_f,ocu_isco08_1,2017,43.181
civ,sex_f,ocu_isco08_1,2019,10.238
civ,sex_f,ocu_isco08_2,2016,25.062
civ,sex_f,ocu_isco08_2,2017,15.134
civ,sex_f,ocu_isco08_2,2019,19.724
civ,sex_f,ocu_isco08_2,2022,7.396
civ,sex_f,ocu_isco08_3,2016,20.976
civ,sex_f,ocu_isco08_3,2017,32.222
civ,sex_f,ocu_isco08_3,2019,45.038
civ,sex_f,ocu_isco08_3,2022,24.682
civ,sex_f,ocu_isco08_4,2016,7.635
civ,sex_f,ocu_isco08_4,2017,7.672
civ,sex_f,ocu_isco08_4,2019,7.72
civ,sex_f,ocu_isco08_4,2022,55.736
civ,sex_f,ocu_isco08_5,2016,1434.168
civ,sex_f,ocu_isco08_5,2017,1220.668
civ,sex_f,ocu_isco08_5,2019,1653.966
civ,sex_f,ocu_isco08_5,2022,2303.805
civ,sex_f,ocu_isco08_6,2016,1831.175
civ,sex_f,ocu_isco08_6,2017,902.689
civ,sex_f,ocu_isco08_6,2019,1466.059
civ,sex_f,ocu_isco08_6,2022,2327.293
civ,sex_f,ocu_isco08_7,2016,81.209
civ,sex_f,ocu_isco08_7,2017,216.158
civ,sex_f,ocu_isco08_7,2019,144.154
civ,sex_f,ocu_isco08_7,2022,192.575
civ,sex_f,ocu_isco08_8,2016,6.622
civ,sex_f,ocu_isco08_8,2017,18.868
civ,sex_f,ocu_isco08_8,2019,4.622
civ,sex_f,ocu_isco08_8,2022,0
civ,sex_f,ocu_isco08_9,2016,195.937
civ,sex_f,ocu_isco08_9,2017,359.202
civ,sex_f,ocu_isco08_9,2019,240.991
civ,sex_f,ocu_isco08_9,2022,200.962
civ,sex_f,ocu_isco08_total,2016,3929.094
civ,sex_f,ocu_isco08_total,2017,2816.398
civ,sex_f,ocu_isco08_total,2019,3720.737
civ,sex_f,ocu_isco08_total,2022,5141.86
civ,sex_f,ocu_isco08_x,2016,315.626
civ,sex_f,ocu_isco08_x,2019,128.225
civ,sex_f,ocu_isco08_x,2022,28.427
civ,sex_f,ocu_skill_l1,2016,195.937
civ,sex_f,ocu_skill_l1,2017,359.202
civ,sex_f,ocu_skill_l1,2019,240.991
civ,sex_f,ocu_skill_l1,2022,200.962
civ,sex_f,ocu_skill_l2,2016,3360.808
civ,sex_f,ocu_skill_l2,2017,2366.055
civ,sex_f,ocu_skill_l2,2019,3276.521
civ,sex_f,ocu_skill_l2,2022,4879.41
civ,sex_f,ocu_skill_l3_4,2016,49.177
civ,sex_f,ocu_skill_l3_4,2017,90.537
civ,sex_f,ocu_skill_l3_4,2019,75.001
civ,sex_f,ocu_skill_l3_4,2022,32.077
civ,sex_f,ocu_skill_total,2016,3929.094
civ,sex_f,ocu_skill_total,2017,2816.398
civ,sex_f,ocu_skill_total,2019,3720.737
civ,sex_f,ocu_skill_total,2022,5141.86
civ,sex_f,ocu_skill_x,2016,323.171
civ,sex_f,ocu_skill_x,2019,128.225
civ,sex_f,ocu_skill_x,2022,29.411
civ,sex_m,ocu_isco08_0,2016,38.73
civ,sex_m,ocu_isco08_0,2022,19.178
civ,sex_m,ocu_isco08_1,2016,18.632
civ,sex_m,ocu_isco08_1,2017,20.288
civ,sex_m,ocu_isco08_1,2019,25.169
civ,sex_m,ocu_isco08_2,2016,125.312
civ,sex_m,ocu_isco08_2,2017,72.349
civ,sex_m,ocu_isco08_2,2019,114.969
civ,sex_m,ocu_isco08_2,2022,77.967
civ,sex_m,ocu_isco08_3,2016,59.537
civ,sex_m,ocu_isco08_3,2017,173.355
civ,sex_m,ocu_isco08_3,2019,109.565
civ,sex_m,ocu_isco08_3,2022,42.91
civ,sex_m,ocu_isco08_4,2016,14.346
civ,sex_m,ocu_isco08_4,2017,17.983
civ,sex_m,ocu_isco08_4,2019,14.342
civ,sex_m,ocu_isco08_4,2022,102.275
civ,sex_m,ocu_isco08_5,2016,584.077
civ,sex_m,ocu_isco08_5,2017,432.566
civ,sex_m,ocu_isco08_5,2019,600.094
civ,sex_m,ocu_isco08_5,2022,996.848
civ,sex_m,ocu_isco08_6,2016,2657.575
civ,sex_m,ocu_isco08_6,2017,1849.59
civ,sex_m,ocu_isco08_6,2019,2495.852
civ,sex_m,ocu_isco08_6,2022,3038.508
civ,sex_m,ocu_isco08_7,2016,522.037
civ,sex_m,ocu_isco08_7,2017,635.928
civ,sex_m,ocu_isco08_7,2019,615.284
civ,sex_m,ocu_isco08_7,2022,775.775
civ,sex_m,ocu_isco08_8,2016,240.052
civ,sex_m,ocu_isco08_8,2017,321.196
civ,sex_m,ocu_isco08_8,2019,324.299
civ,sex_m,ocu_isco08_8,2022,98.338
civ,sex_m,ocu_isco08_9,2016,288.358
civ,sex_m,ocu_isco08_9,2017,335.901
civ,sex_m,ocu_isco08_9,2019,233.347
civ,sex_m,ocu_isco08_9,2022,326.219
civ,sex_m,ocu_isco08_total,2016,4934.274
civ,sex_m,ocu_isco08_total,2017,3860.35
civ,sex_m,ocu_isco08_total,2019,4660.461
civ,sex_m,ocu_isco08_total,2022,5531.448
civ,sex_m,ocu_isco08_x,2016,385.62
civ,sex_m,ocu_isco08_x,2019,127.541
civ,sex_m,ocu_isco08_x,2022,51.364
civ,sex_m,ocu_skill_l1,2016,288.358
civ,sex_m,ocu_skill_l1,2017,335.901
civ,sex_m,ocu_skill_l1,2019,233.347
civ,sex_m,ocu_skill_l1,2022,326.219
civ,sex_m,ocu_skill_l2,2016,4018.087
civ,sex_m,ocu_skill_l2,2017,3257.262
civ,sex_m,ocu_skill_l2,2019,4049.87
civ,sex_m,ocu_skill_l2,2022,5011.744
civ,sex_m,ocu_skill_l3_4,2016,203.48
civ,sex_m,ocu_skill_l3_4,2017,265.992
civ,sex_m,ocu_skill_l3_4,2019,249.703
civ,sex_m,ocu_skill_l3_4,2022,122.942
civ,sex_m,ocu_skill_total,2016,4934.274
civ,sex_m,ocu_skill_total,2017,3860.35
civ,sex_m,ocu_skill_total,2019,4660.461
civ,sex_m,ocu_skill_total,2022,5531.448
civ,sex_m,ocu_skill_x,2016,424.349
civ,sex_m,ocu_skill_x,2019,127.541
civ,sex_m,ocu_skill_x,2022,70.542
civ,sex_t,ocu_isco08_0,2016,46.275
civ,sex_t,ocu_isco08_0,2017,1.61
civ,sex_t,ocu_isco08_0,2022,20.162
civ,sex_t,ocu_isco08_1,2016,21.771
civ,sex_t,ocu_isco08_1,2017,63.468
civ,sex_t,ocu_isco08_1,2019,35.407
civ,sex_t,ocu_isco08_2,2016,150.374
civ,sex_t,ocu_isco08_2,2017,87.484
civ,sex_t,ocu_isco08_2,2019,134.693
civ,sex_t,ocu_isco08_2,2022,85.362
civ,sex_t,ocu_isco08_3,2016,80.512
civ,sex_t,ocu_isco08_3,2017,205.577
civ,sex_t,ocu_isco08_3,2019,154.603
civ,sex_t,ocu_isco08_3,2022,67.592
civ,sex_t,ocu_isco08_4,2016,21.98
civ,sex_t,ocu_isco08_4,2017,25.655
civ,sex_t,ocu_isco08_4,2019,22.062
civ,sex_t,ocu_isco08_4,2022,158.011
civ,sex_t,ocu_isco08_5,2016,2018.245
civ,sex_t,ocu_isco08_5,2017,1653.234
civ,sex_t,ocu_isco08_5,2019,2254.059
civ,sex_t,ocu_isco08_5,2022,3300.653
civ,sex_t,ocu_isco08_6,2016,4488.75
civ,sex_t,ocu_isco08_6,2017,2752.279
civ,sex_t,ocu_isco08_6,2019,3961.911
civ,sex_t,ocu_isco08_6,2022,5365.801
civ,sex_t,ocu_isco08_7,2016,603.245
civ,sex_t,ocu_isco08_7,2017,852.086
civ,sex_t,ocu_isco08_7,2019,759.438
civ,sex_t,ocu_isco08_7,2022,968.351
civ,sex_t,ocu_isco08_8,2016,246.674
civ,sex_t,ocu_isco08_8,2017,340.064
civ,sex_t,ocu_isco08_8,2019,328.921
civ,sex_t,ocu_isco08_8,2022,98.338
civ,sex_t,ocu_isco08_9,2016,484.296
civ,sex_t,ocu_isco08_9,2017,695.104
civ,sex_t,ocu_isco08_9,2019,474.338
civ,sex_t,ocu_isco08_9,2022,527.181
civ,sex_t,ocu_isco08_total,2016,8863.368
civ,sex_t,ocu_isco08_total,2017,6676.748
civ,sex_t,ocu_isco08_total,2019,8381.199
civ,sex_t,ocu_isco08_total,2022,10673.307
civ,sex_t,ocu_isco08_x,2016,701.245
civ,sex_t,ocu_isco08_x,2019,255.765
civ,sex_t,ocu_isco08_x,2022,79.791
civ,sex_t,ocu_skill_l1,2016,484.296
civ,sex_t,ocu_skill_l1,2017,695.104
civ,sex_t,ocu_skill_l1,2019,474.338
civ,sex_t,ocu_skill_l1,2022,527.181
civ,sex_t,ocu_skill_l2,2016,7378.895
civ,sex_t,ocu_skill_l2,2017,5623.317
civ,sex_t,ocu_skill_l2,2019,7326.391
civ,sex_t,ocu_skill_l2,2022,9891.154
civ,sex_t,ocu_skill_l3_4,2016,252.657
civ,sex_t,ocu_skill_l3_4,2017,356.529
civ,sex_t,ocu_skill_l3_4,2019,324.704
civ,sex_t,ocu_skill_l3_4,2022,155.019
civ,sex_t,ocu_skill_total,2016,8863.368
civ,sex_t,ocu_skill_total,2017,6676.748
civ,sex_t,ocu_skill_total,2019,8381.199
civ,sex_t,ocu_skill_total,2022,10673.307
civ,sex_t,ocu_skill_x,2016,747.52
civ,sex_t,ocu_skill_x,2017,1.798
civ,sex_t,ocu_skill_x,2019,255.765
civ,sex_t,ocu_skill_x,2022,99.953
cmr,sex_f,ocu_isco08_1,2014,96.276
cmr,sex_f,ocu_isco08_2,2014,61.051
cmr,sex_f,ocu_isco08_3,2014,40.818
cmr,sex_f,ocu_isco08_4,2014,37.305
cmr,sex_f,ocu_isco08_5,2014,726.332
cmr,sex_f,ocu_isco08_6,2014,2165.02
cmr,sex_f,ocu_isco08_7,2014,288.09
cmr,sex_f,ocu_isco08_8,2014,6.163
cmr,sex_f,ocu_isco08_9,2014,335.117
cmr,sex_f,ocu_isco08_total,2014,3757.257
cmr,sex_f,ocu_skill_l1,2007,2633.074
cmr,sex_f,ocu_skill_l1,2014,335.117
cmr,sex_f,ocu_skill_l2,2007,1181.996
cmr,sex_f,ocu_skill_l2,2014,3222.909
cmr,sex_f,ocu_skill_l3_4,2007,44.724
cmr,sex_f,ocu_skill_l3_4,2014,198.145
cmr,sex_f,ocu_skill_total,2007,3862.253
cmr,sex_f,ocu_skill_total,2014,3757.257
cmr,sex_f,ocu_skill_x,2007,2.459
cmr,sex_m,ocu_isco08_0,2014,5.672
cmr,sex_m,ocu_isco08_1,2014,53.218
cmr,sex_m,ocu_isco08_2,2014,123.381
cmr,sex_m,ocu_isco08_3,2014,86.263
cmr,sex_m,ocu_isco08_4,2014,54.573
cmr,sex_m,ocu_isco08_5,2014,473.253
cmr,sex_m,ocu_isco08_6,2014,1841.735
cmr,sex_m,ocu_isco08_7,2014,552.861
cmr,sex_m,ocu_isco08_8,2014,258.885
cmr,sex_m,ocu_isco08_9,2014,139.164
cmr,sex_m,ocu_isco08_total,2014,3589.322
cmr,sex_m,ocu_skill_l1,2007,2156.715
cmr,sex_m,ocu_skill_l1,2014,139.164
cmr,sex_m,ocu_skill_l2,2007,1328.069
cmr,sex_m,ocu_skill_l2,2014,3181.307
cmr,sex_m,ocu_skill_l3_4,2007,102.365
cmr,sex_m,ocu_skill_l3_4,2014,262.862
cmr,sex_m,ocu_skill_total,2007,3592.602
cmr,sex_m,ocu_skill_total,2014,3589.322
cmr,sex_m,ocu_skill_x,2007,5.453
cmr,sex_m,ocu_skill_x,2014,5.99
cmr,sex_t,ocu_isco08_0,2014,6.758
cmr,sex_t,ocu_isco08_1,2014,149.494
cmr,sex_t,ocu_isco08_2,2014,184.432
cmr,sex_t,ocu_isco08_3,2014,127.082
cmr,sex_t,ocu_isco08_4,2014,91.878
cmr,sex_t,ocu_isco08_5,2014,1199.584
cmr,sex_t,ocu_isco08_6,2014,4006.755
cmr,sex_t,ocu_isco08_7,2014,840.951
cmr,sex_t,ocu_isco08_8,2014,265.048
cmr,sex_t,ocu_isco08_9,2014,474.28
cmr,sex_t,ocu_isco08_total,2014,7346.579
cmr,sex_t,ocu_skill_l1,2007,4789.789
cmr,sex_t,ocu_skill_l1,2014,474.28
cmr,sex_t,ocu_skill_l2,2007,2510.065
cmr,sex_t,ocu_skill_l2,2014,6404.216
cmr,sex_t,ocu_skill_l3_4,2007,147.089
cmr,sex_t,ocu_skill_l3_4,2014,461.007
cmr,sex_t,ocu_skill_total,2007,7454.855
cmr,sex_t,ocu_skill_total,2014,7346.579
cmr,sex_t,ocu_skill_x,2007,7.912
cmr,sex_t,ocu_skill_x,2014,7.076
cod,sex_f,ocu_isco08_1,2012,69.277
cod,sex_f,ocu_isco08_1,2020,318.241
cod,sex_f,ocu_isco08_2,2012,108.697
cod,sex_f,ocu_isco08_2,2020,353.321
cod,sex_f,ocu_isco08_3,2012,374.432
cod,sex_f,ocu_isco08_3,2020,297.371
cod,sex_f,ocu_isco08_4,2012,91.551
cod,sex_f,ocu_isco08_4,2020,30.713
cod,sex_f,ocu_isco08_5,2012,2165.813
cod,sex_f,ocu_isco08_5,2020,1594.645
cod,sex_f,ocu_isco08_6,2012,8561.676
cod,sex_f,ocu_isco08_6,2020,11491.21
cod,sex_f,ocu_isco08_7,2012,507.045
cod,sex_f,ocu_isco08_7,2020,215.001
cod,sex_f,ocu_isco08_8,2012,24
cod,sex_f,ocu_isco08_8,2020,14.883
cod,sex_f,ocu_isco08_9,2012,1409.691
cod,sex_f,ocu_isco08_9,2020,290.37
cod,sex_f,ocu_isco08_total,2012,13406.31
cod,sex_f,ocu_isco08_total,2020,14867.003
cod,sex_f,ocu_isco08_x,2012,94.127
cod,sex_f,ocu_isco08_x,2020,259.365
cod,sex_f,ocu_isco88_1,2005,11.952
cod,sex_f,ocu_isco88_2,2005,29.155
cod,sex_f,ocu_isco88_3,2005,147.586
cod,sex_f,ocu_isco88_4,2005,25.818
cod,sex_f,ocu_isco88_5,2005,1137.514
cod,sex_f,ocu_isco88_6,2005,699.829
cod,sex_f,ocu_isco88_7,2005,250.72
cod,sex_f,ocu_isco88_8,2005,14.601
cod,sex_f,ocu_isco88_9,2005,7220.497
cod,sex_f,ocu_isco88_total,2005,9599.964
cod,sex_f,ocu_isco88_x,2005,62.089
cod,sex_f,ocu_skill_l1,2005,7220.497
cod,sex_f,ocu_skill_l1,2012,1409.691
cod,sex_f,ocu_skill_l1,2020,290.37
cod,sex_f,ocu_skill_l2,2005,2128.482
cod,sex_f,ocu_skill_l2,2012,11350.086
cod,sex_f,ocu_skill_l2,2020,13346.453
cod,sex_f,ocu_skill_l3_4,2005,188.694
cod,sex_f,ocu_skill_l3_4,2012,552.407
cod,sex_f,ocu_skill_l3_4,2020,968.933
cod,sex_f,ocu_skill_total,2005,9599.964
cod,sex_f,ocu_skill_total,2012,13406.31
cod,sex_f,ocu_skill_total,2020,14867.003
cod,sex_f,ocu_skill_x,2005,62.292
cod,sex_f,ocu_skill_x,2012,94.127
cod,sex_f,ocu_skill_x,2020,261.248
cod,sex_m,ocu_isco08_0,2020,5.022
cod,sex_m,ocu_isco08_1,2012,253.98
cod,sex_m,ocu_isco08_1,2020,421.043
cod,sex_m,ocu_isco08_2,2012,480.939
cod,sex_m,ocu_isco08_2,2020,906.397
cod,sex_m,ocu_isco08_3,2012,997.017
cod,sex_m,ocu_isco08_3,2020,543.318
cod,sex_m,ocu_isco08_4,2012,192.754
cod,sex_m,ocu_isco08_4,2020,88.568
cod,sex_m,ocu_isco08_5,2012,1054.375
cod,sex_m,ocu_isco08_5,2020,1022.356
cod,sex_m,ocu_isco08_6,2012,7221.936
cod,sex_m,ocu_isco08_6,2020,10729.599
cod,sex_m,ocu_isco08_7,2012,1267.925
cod,sex_m,ocu_isco08_7,2020,467.506
cod,sex_m,ocu_isco08_8,2012,352.947
cod,sex_m,ocu_isco08_8,2020,491.923
cod,sex_m,ocu_isco08_9,2012,1371.568
cod,sex_m,ocu_isco08_9,2020,307.472
cod,sex_m,ocu_isco08_total,2012,13270.996
cod,sex_m,ocu_isco08_total,2020,15210.391
cod,sex_m,ocu_isco08_x,2012,77.555
cod,sex_m,ocu_isco08_x,2020,227.188
cod,sex_m,ocu_isco88_1,2005,151.695
cod,sex_m,ocu_isco88_2,2005,163.583
cod,sex_m,ocu_isco88_3,2005,630.058
cod,sex_m,ocu_isco88_4,2005,92.382
cod,sex_m,ocu_isco88_5,2005,570.787
cod,sex_m,ocu_isco88_6,2005,654.222
cod,sex_m,ocu_isco88_7,2005,1190.833
cod,sex_m,ocu_isco88_8,2005,129.804
cod,sex_m,ocu_isco88_9,2005,5633.311
cod,sex_m,ocu_isco88_total,2005,9253.775
cod,sex_m,ocu_isco88_x,2005,36.519
cod,sex_m,ocu_skill_l1,2005,5633.311
cod,sex_m,ocu_skill_l1,2012,1371.568
cod,sex_m,ocu_skill_l1,2020,307.472
cod,sex_m,ocu_skill_l2,2005,2638.029
cod,sex_m,ocu_skill_l2,2012,10089.937
cod,sex_m,ocu_skill_l2,2020,12799.952
cod,sex_m,ocu_skill_l3_4,2005,945.336
cod,sex_m,ocu_skill_l3_4,2012,1731.936
cod,sex_m,ocu_skill_l3_4,2020,1870.758
cod,sex_m,ocu_skill_total,2005,9253.775
cod,sex_m,ocu_skill_total,2012,13270.996
cod,sex_m,ocu_skill_total,2020,15210.391
cod,sex_m,ocu_skill_x,2005,37.098
cod,sex_m,ocu_skill_x,2012,77.555
cod,sex_m,ocu_skill_x,2020,232.21
cod,sex_t,ocu_isco08_0,2020,6.904
cod,sex_t,ocu_isco08_1,2012,323.257
cod,sex_t,ocu_isco08_1,2020,739.284
cod,sex_t,ocu_isco08_2,2012,589.636
cod,sex_t,ocu_isco08_2,2020,1259.719
cod,sex_t,ocu_isco08_3,2012,1371.449
cod,sex_t,ocu_isco08_3,2020,840.689
cod,sex_t,ocu_isco08_4,2012,284.305
cod,sex_t,ocu_isco08_4,2020,119.281
cod,sex_t,ocu_isco08_5,2012,3220.188
cod,sex_t,ocu_isco08_5,2020,2617.001
cod,sex_t,ocu_isco08_6,2012,15783.612
cod,sex_t,ocu_isco08_6,2020,22220.809
cod,sex_t,ocu_isco08_7,2012,1774.97
cod,sex_t,ocu_isco08_7,2020,682.507
cod,sex_t,ocu_isco08_8,2012,376.947
cod,sex_t,ocu_isco08_8,2020,506.806
cod,sex_t,ocu_isco08_9,2012,2781.26
cod,sex_t,ocu_isco08_9,2020,597.841
cod,sex_t,ocu_isco08_total,2012,26677.306
cod,sex_t,ocu_isco08_total,2020,30077.394
cod,sex_t,ocu_isco08_x,2012,171.682
cod,sex_t,ocu_isco08_x,2020,486.554
cod,sex_t,ocu_isco88_1,2005,163.647
cod,sex_t,ocu_isco88_2,2005,192.738
cod,sex_t,ocu_isco88_3,2005,777.644
cod,sex_t,ocu_isco88_4,2005,118.201
cod,sex_t,ocu_isco88_5,2005,1708.301
cod,sex_t,ocu_isco88_6,2005,1354.051
cod,sex_t,ocu_isco88_7,2005,1441.553
cod,sex_t,ocu_isco88_8,2005,144.405
cod,sex_t,ocu_isco88_9,2005,12853.808
cod,sex_t,ocu_isco88_total,2005,18853.739
cod,sex_t,ocu_isco88_x,2005,98.609
cod,sex_t,ocu_skill_l1,2005,12853.808
cod,sex_t,ocu_skill_l1,2012,2781.26
cod,sex_t,ocu_skill_l1,2020,597.841
cod,sex_t,ocu_skill_l2,2005,4766.511
cod,sex_t,ocu_skill_l2,2012,21440.022
cod,sex_t,ocu_skill_l2,2020,26146.404
cod,sex_t,ocu_skill_l3_4,2005,1134.03
cod,sex_t,ocu_skill_l3_4,2012,2284.343
cod,sex_t,ocu_skill_l3_4,2020,2839.692
cod,sex_t,ocu_skill_total,2005,18853.739
cod,sex_t,ocu_skill_total,2012,26677.306
cod,sex_t,ocu_skill_total,2020,30077.394
cod,sex_t,ocu_skill_x,2005,99.39
cod,sex_t,ocu_skill_x,2012,171.682
cod,sex_t,ocu_skill_x,2020,493.458
cog,sex_f,ocu_isco08_0,2009,12.756
cog,sex_f,ocu_isco08_1,2009,4.659
cog,sex_f,ocu_isco08_2,2009,25.265
cog,sex_f,ocu_isco08_3,2009,41.911
cog,sex_f,ocu_isco08_4,2009,25.841
cog,sex_f,ocu_isco08_5,2009,208.421
cog,sex_f,ocu_isco08_6,2009,29.627
cog,sex_f,ocu_isco08_7,2009,90.646
cog,sex_f,ocu_isco08_8,2009,7.332
cog,sex_f,ocu_isco08_9,2009,29.91
cog,sex_f,ocu_isco08_total,2009,476.736
cog,sex_f,ocu_skill_l1,2009,29.91
cog,sex_f,ocu_skill_l2,2009,361.867
cog,sex_f,ocu_skill_l3_4,2009,71.836
cog,sex_f,ocu_skill_total,2009,476.736
cog,sex_f,ocu_skill_x,2009,13.123
cog,sex_m,ocu_isco08_0,2009,9.151
cog,sex_m,ocu_isco08_1,2009,2.689
cog,sex_m,ocu_isco08_2,2009,20.224
cog,sex_m,ocu_isco08_3,2009,27.44
cog,sex_m,ocu_isco08_4,2009,16.022
cog,sex_m,ocu_isco08_5,2009,187.801
cog,sex_m,ocu_isco08_6,2009,8.23
cog,sex_m,ocu_isco08_7,2009,87.89
cog,sex_m,ocu_isco08_8,2009,4.793
cog,sex_m,ocu_isco08_9,2009,33.124
cog,sex_m,ocu_isco08_total,2009,399.286
cog,sex_m,ocu_isco08_x,2009,1.922
cog,sex_m,ocu_skill_l1,2009,33.124
cog,sex_m,ocu_skill_l2,2009,304.736
cog,sex_m,ocu_skill_l3_4,2009,50.353
cog,sex_m,ocu_skill_total,2009,399.286
cog,sex_m,ocu_skill_x,2009,11.073
cog,sex_t,ocu_isco08_0,2009,21.907
cog,sex_t,ocu_isco08_1,2009,7.348
cog,sex_t,ocu_isco08_2,2009,45.49
cog,sex_t,ocu_isco08_3,2009,69.351
cog,sex_t,ocu_isco08_4,2009,41.863
cog,sex_t,ocu_isco08_5,2009,396.222
cog,sex_t,ocu_isco08_6,2009,37.857
cog,sex_t,ocu_isco08_7,2009,178.536
cog,sex_t,ocu_isco08_8,2009,12.125
cog,sex_t,ocu_isco08_9,2009,63.034
cog,sex_t,ocu_isco08_total,2009,876.022
cog,sex_t,ocu_isco08_x,2009,2.289
cog,sex_t,ocu_skill_l1,2009,63.034
cog,sex_t,ocu_skill_l2,2009,666.604
cog,sex_t,ocu_skill_l3_4,2009,122.189
cog,sex_t,ocu_skill_total,2009,876.022
cog,sex_t,ocu_skill_x,2009,24.196
cok,sex_f,ocu_isco08_1,2019,0.12
cok,sex_f,ocu_isco08_2,2019,0.057
cok,sex_f,ocu_isco08_3,2019,0.077
cok,sex_f,ocu_isco08_4,2019,0.082
cok,sex_f,ocu_isco08_5,2019,0.559
cok,sex_f,ocu_isco08_7,2019,0.11
cok,sex_f,ocu_isco08_9,2019,0.084
cok,sex_f,ocu_isco08_total,2019,1.116
cok,sex_f,ocu_skill_l1,2019,0.084
cok,sex_f,ocu_skill_l2,2019,0.778
cok,sex_f,ocu_skill_l3_4,2019,0.254
cok,sex_f,ocu_skill_total,2019,1.116
cok,sex_m,ocu_isco08_1,2019,0.093
cok,sex_m,ocu_isco08_2,2019,0.127
cok,sex_m,ocu_isco08_3,2019,0.04
cok,sex_m,ocu_isco08_5,2019,0.237
cok,sex_m,ocu_isco08_6,2019,0.182
cok,sex_m,ocu_isco08_7,2019,0.264
cok,sex_m,ocu_isco08_8,2019,0.042
cok,sex_m,ocu_isco08_9,2019,0.21
cok,sex_m,ocu_isco08_total,2019,1.221
cok,sex_m,ocu_skill_l1,2019,0.21
cok,sex_m,ocu_skill_l2,2019,0.752
cok,sex_m,ocu_skill_l3_4,2019,0.259
cok,sex_m,ocu_skill_total,2019,1.221
cok,sex_t,ocu_isco08_1,2019,0.212
cok,sex_t,ocu_isco08_2,2019,0.183
cok,sex_t,ocu_isco08_3,2019,0.117
cok,sex_t,ocu_isco08_4,2019,0.11
cok,sex_t,ocu_isco08_5,2019,0.796
cok,sex_t,ocu_isco08_6,2019,0.198
cok,sex_t,ocu_isco08_7,2019,0.373
cok,sex_t,ocu_isco08_8,2019,0.054
cok,sex_t,ocu_isco08_9,2019,0.294
cok,sex_t,ocu_isco08_total,2019,2.337
cok,sex_t,ocu_skill_l1,2019,0.294
cok,sex_t,ocu_skill_l2,2019,1.531
cok,sex_t,ocu_skill_l3_4,2019,0.512
cok,sex_t,ocu_skill_total,2019,2.337
col,sex_f,ocu_isco08_1,2007,478.725
col,sex_f,ocu_isco08_1,2008,457.928
col,sex_f,ocu_isco08_1,2009,502.277
col,sex_f,ocu_isco08_1,2010,545.318
col,sex_f,ocu_isco08_1,2011,567.614
col,sex_f,ocu_isco08_1,2012,590.53
col,sex_f,ocu_isco08_1,2013,610.307
col,sex_f,ocu_isco08_1,2014,576.532
col,sex_f,ocu_isco08_1,2015,604.522
col,sex_f,ocu_isco08_1,2016,648.624
col,sex_f,ocu_isco08_1,2017,637.934
col,sex_f,ocu_isco08_1,2018,607.873
col,sex_f,ocu_isco08_1,2019,554.703
col,sex_f,ocu_isco08_1,2021,519.573
col,sex_f,ocu_isco08_1,2022,177.898
col,sex_f,ocu_isco08_1,2023,165.369
col,sex_f,ocu_isco08_1,2024,159.316
col,sex_f,ocu_isco08_2,2007,483.296
col,sex_f,ocu_isco08_2,2008,409.838
col,sex_f,ocu_isco08_2,2009,455.176
col,sex_f,ocu_isco08_2,2010,473.275
col,sex_f,ocu_isco08_2,2011,478.271
col,sex_f,ocu_isco08_2,2012,498.943
col,sex_f,ocu_isco08_2,2013,487.715
col,sex_f,ocu_isco08_2,2014,509.316
col,sex_f,ocu_isco08_2,2015,511.773
col,sex_f,ocu_isco08_2,2016,502.48
col,sex_f,ocu_isco08_2,2017,503.734
col,sex_f,ocu_isco08_2,2018,519.118
col,sex_f,ocu_isco08_2,2019,544.972
col,sex_f,ocu_isco08_2,2021,534.804
col,sex_f,ocu_isco08_2,2022,276.157
col,sex_f,ocu_isco08_2,2023,234.697
col,sex_f,ocu_isco08_2,2024,236.951
col,sex_f,ocu_isco08_3,2007,795.881
col,sex_f,ocu_isco08_3,2008,578.332
col,sex_f,ocu_isco08_3,2009,654.298
col,sex_f,ocu_isco08_3,2010,658.355
col,sex_f,ocu_isco08_3,2011,664.365
col,sex_f,ocu_isco08_3,2012,718.634
col,sex_f,ocu_isco08_3,2013,692.06
col,sex_f,ocu_isco08_3,2014,725.223
col,sex_f,ocu_isco08_3,2015,724.261
col,sex_f,ocu_isco08_3,2016,698.889
col,sex_f,ocu_isco08_3,2017,706.127
col,sex_f,ocu_isco08_3,2018,731.176
col,sex_f,ocu_isco08_3,2019,732.317
col,sex_f,ocu_isco08_3,2021,702.194
col,sex_f,ocu_isco08_3,2022,240.936
col,sex_f,ocu_isco08_3,2023,235.747
col,sex_f,ocu_isco08_3,2024,226.428
col,sex_f,ocu_isco08_4,2007,314.408
col,sex_f,ocu_isco08_4,2008,168.374
col,sex_f,ocu_isco08_4,2009,193.129
col,sex_f,ocu_isco08_4,2010,176.244
col,sex_f,ocu_isco08_4,2011,186.494
col,sex_f,ocu_isco08_4,2012,177.052
col,sex_f,ocu_isco08_4,2013,179.478
col,sex_f,ocu_isco08_4,2014,173.386
col,sex_f,ocu_isco08_4,2015,170.987
col,sex_f,ocu_isco08_4,2016,153.058
col,sex_f,ocu_isco08_4,2017,159.579
col,sex_f,ocu_isco08_4,2018,153.118
col,sex_f,ocu_isco08_4,2019,145.151
col,sex_f,ocu_isco08_4,2021,120.111
col,sex_f,ocu_isco08_4,2022,113.45
col,sex_f,ocu_isco08_4,2023,113.7
col,sex_f,ocu_isco08_4,2024,110.23
col,sex_f,ocu_isco08_5,2007,888.686
col,sex_f,ocu_isco08_5,2008,1396.619
col,sex_f,ocu_isco08_5,2009,1551
col,sex_f,ocu_isco08_5,2010,1570.343
col,sex_f,ocu_isco08_5,2011,1627.793
col,sex_f,ocu_isco08_5,2012,1685.646
col,sex_f,ocu_isco08_5,2013,1680.581
col,sex_f,ocu_isco08_5,2014,1674.933
col,sex_f,ocu_isco08_5,2015,1674.627
col,sex_f,ocu_isco08_5,2016,1660.906
col,sex_f,ocu_isco08_5,2017,1625.268
col,sex_f,ocu_isco08_5,2018,1591.595
col,sex_f,ocu_isco08_5,2019,1663.84
col,sex_f,ocu_isco08_5,2021,1504.237
col,sex_f,ocu_isco08_5,2022,1874.306
col,sex_f,ocu_isco08_5,2023,1903.548
col,sex_f,ocu_isco08_5,2024,1943.126
col,sex_f,ocu_isco08_6,2007,124.215
col,sex_f,ocu_isco08_6,2008,94.25
col,sex_f,ocu_isco08_6,2009,108.235
col,sex_f,ocu_isco08_6,2010,119.342
col,sex_f,ocu_isco08_6,2011,141.759
col,sex_f,ocu_isco08_6,2012,152.641
col,sex_f,ocu_isco08_6,2013,142.555
col,sex_f,ocu_isco08_6,2014,135.526
col,sex_f,ocu_isco08_6,2015,145.776
col,sex_f,ocu_isco08_6,2016,156.513
col,sex_f,ocu_isco08_6,2017,175.826
col,sex_f,ocu_isco08_6,2018,168.293
col,sex_f,ocu_isco08_6,2019,145.995
col,sex_f,ocu_isco08_6,2021,138.324
col,sex_f,ocu_isco08_6,2022,205.863
col,sex_f,ocu_isco08_6,2023,195.21
col,sex_f,ocu_isco08_6,2024,190.997
col,sex_f,ocu_isco08_7,2007,240.347
col,sex_f,ocu_isco08_7,2008,358.005
col,sex_f,ocu_isco08_7,2009,427.543
col,sex_f,ocu_isco08_7,2010,458.701
col,sex_f,ocu_isco08_7,2011,480.058
col,sex_f,ocu_isco08_7,2012,506.76
col,sex_f,ocu_isco08_7,2013,481.127
col,sex_f,ocu_isco08_7,2014,509.304
col,sex_f,ocu_isco08_7,2015,515.353
col,sex_f,ocu_isco08_7,2016,519.39
col,sex_f,ocu_isco08_7,2017,521.605
col,sex_f,ocu_isco08_7,2018,522.508
col,sex_f,ocu_isco08_7,2019,517.679
col,sex_f,ocu_isco08_7,2021,484.788
col,sex_f,ocu_isco08_7,2022,448.373
col,sex_f,ocu_isco08_7,2023,455.763
col,sex_f,ocu_isco08_7,2024,445.778
col,sex_f,ocu_isco08_8,2007,302.04
col,sex_f,ocu_isco08_8,2008,373.796
col,sex_f,ocu_isco08_8,2009,428.215
col,sex_f,ocu_isco08_8,2010,433.712
col,sex_f,ocu_isco08_8,2011,474.009
col,sex_f,ocu_isco08_8,2012,481.369
col,sex_f,ocu_isco08_8,2013,433.083
col,sex_f,ocu_isco08_8,2014,423.711
col,sex_f,ocu_isco08_8,2015,440.451
col,sex_f,ocu_isco08_8,2016,396.508
col,sex_f,ocu_isco08_8,2017,418.444
col,sex_f,ocu_isco08_8,2018,439.608
col,sex_f,ocu_isco08_8,2019,407.14
col,sex_f,ocu_isco08_8,2021,395.985
col,sex_f,ocu_isco08_8,2022,125.115
col,sex_f,ocu_isco08_8,2023,131.279
col,sex_f,ocu_isco08_8,2024,147.496
col,sex_f,ocu_isco08_9,2007,405.973
col,sex_f,ocu_isco08_9,2008,547.253
col,sex_f,ocu_isco08_9,2009,610.282
col,sex_f,ocu_isco08_9,2010,659.196
col,sex_f,ocu_isco08_9,2011,662.455
col,sex_f,ocu_isco08_9,2012,678.924
col,sex_f,ocu_isco08_9,2013,682.499
col,sex_f,ocu_isco08_9,2014,650.919
col,sex_f,ocu_isco08_9,2015,670.207
col,sex_f,ocu_isco08_9,2016,645.434
col,sex_f,ocu_isco08_9,2017,644.712
col,sex_f,ocu_isco08_9,2018,636.798
col,sex_f,ocu_isco08_9,2019,638.613
col,sex_f,ocu_isco08_9,2021,607.628
col,sex_f,ocu_isco08_9,2022,1483.476
col,sex_f,ocu_isco08_9,2023,1622.621
col,sex_f,ocu_isco08_9,2024,1661.993
col,sex_f,ocu_isco08_total,2007,4304.466
col,sex_f,ocu_isco08_total,2008,4386.476
col,sex_f,ocu_isco08_total,2009,4931.485
col,sex_f,ocu_isco08_total,2010,5095.003
col,sex_f,ocu_isco08_total,2011,5283.113
col,sex_f,ocu_isco08_total,2012,5491.016
col,sex_f,ocu_isco08_total,2013,5389.506
col,sex_f,ocu_isco08_total,2014,5379.286
col,sex_f,ocu_isco08_total,2015,5458.067
col,sex_f,ocu_isco08_total,2016,5381.928
col,sex_f,ocu_isco08_total,2017,5393.667
col,sex_f,ocu_isco08_total,2018,5370.501
col,sex_f,ocu_isco08_total,2019,5350.41
col,sex_f,ocu_isco08_total,2021,5007.895
col,sex_f,ocu_isco08_total,2022,4946.109
col,sex_f,ocu_isco08_total,2023,5058.077
col,sex_f,ocu_isco08_total,2024,5122.329
col,sex_f,ocu_isco08_x,2007,270.896
col,sex_f,ocu_isco08_x,2008,2.081
col,sex_f,ocu_isco08_x,2009,1.331
col,sex_f,ocu_isco08_x,2010,0.517
col,sex_f,ocu_isco08_x,2012,0.517
col,sex_f,ocu_isco08_x,2017,0.439
col,sex_f,ocu_isco08_x,2022,0.528
col,sex_f,ocu_skill_l1,2007,405.973
col,sex_f,ocu_skill_l1,2008,547.253
col,sex_f,ocu_skill_l1,2009,610.282
col,sex_f,ocu_skill_l1,2010,659.196
col,sex_f,ocu_skill_l1,2011,662.455
col,sex_f,ocu_skill_l1,2012,678.924
col,sex_f,ocu_skill_l1,2013,682.499
col,sex_f,ocu_skill_l1,2014,650.919
col,sex_f,ocu_skill_l1,2015,670.207
col,sex_f,ocu_skill_l1,2016,645.434
col,sex_f,ocu_skill_l1,2017,644.712
col,sex_f,ocu_skill_l1,2018,636.798
col,sex_f,ocu_skill_l1,2019,638.613
col,sex_f,ocu_skill_l1,2021,607.628
col,sex_f,ocu_skill_l1,2022,1483.476
col,sex_f,ocu_skill_l1,2023,1622.621
col,sex_f,ocu_skill_l1,2024,1661.993
col,sex_f,ocu_skill_l2,2007,1869.695
col,sex_f,ocu_skill_l2,2008,2391.044
col,sex_f,ocu_skill_l2,2009,2708.121
col,sex_f,ocu_skill_l2,2010,2758.342
col,sex_f,ocu_skill_l2,2011,2910.113
col,sex_f,ocu_skill_l2,2012,3003.468
col,sex_f,ocu_skill_l2,2013,2916.824
col,sex_f,ocu_skill_l2,2014,2916.86
col,sex_f,ocu_skill_l2,2015,2947.195
col,sex_f,ocu_skill_l2,2016,2886.375
col,sex_f,ocu_skill_l2,2017,2900.721
col,sex_f,ocu_skill_l2,2018,2875.122
col,sex_f,ocu_skill_l2,2019,2879.806
col,sex_f,ocu_skill_l2,2021,2643.445
col,sex_f,ocu_skill_l2,2022,2767.106
col,sex_f,ocu_skill_l2,2023,2799.501
col,sex_f,ocu_skill_l2,2024,2837.628
col,sex_f,ocu_skill_l3_4,2007,1757.902
col,sex_f,ocu_skill_l3_4,2008,1446.098
col,sex_f,ocu_skill_l3_4,2009,1611.751
col,sex_f,ocu_skill_l3_4,2010,1676.949
col,sex_f,ocu_skill_l3_4,2011,1710.249
col,sex_f,ocu_skill_l3_4,2012,1808.107
col,sex_f,ocu_skill_l3_4,2013,1790.081
col,sex_f,ocu_skill_l3_4,2014,1811.071
col,sex_f,ocu_skill_l3_4,2015,1840.557
col,sex_f,ocu_skill_l3_4,2016,1849.994
col,sex_f,ocu_skill_l3_4,2017,1847.795
col,sex_f,ocu_skill_l3_4,2018,1858.167
col,sex_f,ocu_skill_l3_4,2019,1831.991
col,sex_f,ocu_skill_l3_4,2021,1756.571
col,sex_f,ocu_skill_l3_4,2022,694.991
col,sex_f,ocu_skill_l3_4,2023,635.812
col,sex_f,ocu_skill_l3_4,2024,622.695
col,sex_f,ocu_skill_total,2007,4304.466
col,sex_f,ocu_skill_total,2008,4386.476
col,sex_f,ocu_skill_total,2009,4931.485
col,sex_f,ocu_skill_total,2010,5095.003
col,sex_f,ocu_skill_total,2011,5283.113
col,sex_f,ocu_skill_total,2012,5491.016
col,sex_f,ocu_skill_total,2013,5389.506
col,sex_f,ocu_skill_total,2014,5379.286
col,sex_f,ocu_skill_total,2015,5458.067
col,sex_f,ocu_skill_total,2016,5381.928
col,sex_f,ocu_skill_total,2017,5393.667
col,sex_f,ocu_skill_total,2018,5370.501
col,sex_f,ocu_skill_total,2019,5350.41
col,sex_f,ocu_skill_total,2021,5007.895
col,sex_f,ocu_skill_total,2022,4946.109
col,sex_f,ocu_skill_total,2023,5058.077
col,sex_f,ocu_skill_total,2024,5122.329
col,sex_f,ocu_skill_x,2007,270.896
col,sex_f,ocu_skill_x,2008,2.081
col,sex_f,ocu_skill_x,2009,1.331
col,sex_f,ocu_skill_x,2010,0.517
col,sex_f,ocu_skill_x,2012,0.517
col,sex_f,ocu_skill_x,2017,0.439
col,sex_f,ocu_skill_x,2022,0.536
col,sex_m,ocu_isco08_0,2022,0.391
col,sex_m,ocu_isco08_1,2007,884.878
col,sex_m,ocu_isco08_1,2008,1258.694
col,sex_m,ocu_isco08_1,2009,1401.882
col,sex_m,ocu_isco08_1,2010,1552.342
col,sex_m,ocu_isco08_1,2011,1548.627
col,sex_m,ocu_isco08_1,2012,1575.965
col,sex_m,ocu_isco08_1,2013,1599.217
col,sex_m,ocu_isco08_1,2014,1603.766
col,sex_m,ocu_isco08_1,2015,1636.454
col,sex_m,ocu_isco08_1,2016,1639.979
col,sex_m,ocu_isco08_1,2017,1662.11
col,sex_m,ocu_isco08_1,2018,1585.963
col,sex_m,ocu_isco08_1,2019,1429.793
col,sex_m,ocu_isco08_1,2021,1336.555
col,sex_m,ocu_isco08_1,2022,267.584
col,sex_m,ocu_isco08_1,2023,240.316
col,sex_m,ocu_isco08_1,2024,262.618
col,sex_m,ocu_isco08_2,2007,321.4
col,sex_m,ocu_isco08_2,2008,342.759
col,sex_m,ocu_isco08_2,2009,359.311
col,sex_m,ocu_isco08_2,2010,350.001
col,sex_m,ocu_isco08_2,2011,351.688
col,sex_m,ocu_isco08_2,2012,355.237
col,sex_m,ocu_isco08_2,2013,354.565
col,sex_m,ocu_isco08_2,2014,352.908
col,sex_m,ocu_isco08_2,2015,356.304
col,sex_m,ocu_isco08_2,2016,366.19
col,sex_m,ocu_isco08_2,2017,357.893
col,sex_m,ocu_isco08_2,2018,391.612
col,sex_m,ocu_isco08_2,2019,373.537
col,sex_m,ocu_isco08_2,2021,426.504
col,sex_m,ocu_isco08_2,2022,309.843
col,sex_m,ocu_isco08_2,2023,280.855
col,sex_m,ocu_isco08_2,2024,285.062
col,sex_m,ocu_isco08_3,2007,1024.195
col,sex_m,ocu_isco08_3,2008,793.356
col,sex_m,ocu_isco08_3,2009,823.596
col,sex_m,ocu_isco08_3,2010,803.997
col,sex_m,ocu_isco08_3,2011,820.74
col,sex_m,ocu_isco08_3,2012,848.148
col,sex_m,ocu_isco08_3,2013,836.384
col,sex_m,ocu_isco08_3,2014,822.6
col,sex_m,ocu_isco08_3,2015,833.742
col,sex_m,ocu_isco08_3,2016,816.639
col,sex_m,ocu_isco08_3,2017,818.926
col,sex_m,ocu_isco08_3,2018,874.074
col,sex_m,ocu_isco08_3,2019,871.95
col,sex_m,ocu_isco08_3,2021,913.894
col,sex_m,ocu_isco08_3,2022,282.97
col,sex_m,ocu_isco08_3,2023,274.917
col,sex_m,ocu_isco08_3,2024,275.958
col,sex_m,ocu_isco08_4,2007,592.949
col,sex_m,ocu_isco08_4,2008,174.946
col,sex_m,ocu_isco08_4,2009,170.595
col,sex_m,ocu_isco08_4,2010,164.345
col,sex_m,ocu_isco08_4,2011,179.275
col,sex_m,ocu_isco08_4,2012,180.668
col,sex_m,ocu_isco08_4,2013,174.964
col,sex_m,ocu_isco08_4,2014,172.447
col,sex_m,ocu_isco08_4,2015,173.868
col,sex_m,ocu_isco08_4,2016,172.07
col,sex_m,ocu_isco08_4,2017,171.231
col,sex_m,ocu_isco08_4,2018,170.454
col,sex_m,ocu_isco08_4,2019,159.191
col,sex_m,ocu_isco08_4,2021,169.05
col,sex_m,ocu_isco08_4,2022,103.208
col,sex_m,ocu_isco08_4,2023,88.103
col,sex_m,ocu_isco08_4,2024,88.984
col,sex_m,ocu_isco08_5,2007,568.863
col,sex_m,ocu_isco08_5,2008,597.354
col,sex_m,ocu_isco08_5,2009,607.525
col,sex_m,ocu_isco08_5,2010,612.71
col,sex_m,ocu_isco08_5,2011,632.564
col,sex_m,ocu_isco08_5,2012,624.602
col,sex_m,ocu_isco08_5,2013,646.346
col,sex_m,ocu_isco08_5,2014,624.436
col,sex_m,ocu_isco08_5,2015,623.6
col,sex_m,ocu_isco08_5,2016,616.34
col,sex_m,ocu_isco08_5,2017,609.924
col,sex_m,ocu_isco08_5,2018,645.338
col,sex_m,ocu_isco08_5,2019,652.906
col,sex_m,ocu_isco08_5,2021,649.318
col,sex_m,ocu_isco08_5,2022,1006.676
col,sex_m,ocu_isco08_5,2023,985.888
col,sex_m,ocu_isco08_5,2024,996.574
col,sex_m,ocu_isco08_6,2007,479.641
col,sex_m,ocu_isco08_6,2008,757.56
col,sex_m,ocu_isco08_6,2009,879.53
col,sex_m,ocu_isco08_6,2010,882.695
col,sex_m,ocu_isco08_6,2011,898.163
col,sex_m,ocu_isco08_6,2012,889.246
col,sex_m,ocu_isco08_6,2013,827.374
col,sex_m,ocu_isco08_6,2014,834.566
col,sex_m,ocu_isco08_6,2015,846.007
col,sex_m,ocu_isco08_6,2016,839.416
col,sex_m,ocu_isco08_6,2017,880.442
col,sex_m,ocu_isco08_6,2018,841.209
col,sex_m,ocu_isco08_6,2019,830.578
col,sex_m,ocu_isco08_6,2021,799.206
col,sex_m,ocu_isco08_6,2022,1079.546
col,sex_m,ocu_isco08_6,2023,981.7
col,sex_m,ocu_isco08_6,2024,946.325
col,sex_m,ocu_isco08_7,2007,1085.653
col,sex_m,ocu_isco08_7,2008,1152.638
col,sex_m,ocu_isco08_7,2009,1210.778
col,sex_m,ocu_isco08_7,2010,1227.469
col,sex_m,ocu_isco08_7,2011,1267.379
col,sex_m,ocu_isco08_7,2012,1265.472
col,sex_m,ocu_isco08_7,2013,1253.86
col,sex_m,ocu_isco08_7,2014,1285.315
col,sex_m,ocu_isco08_7,2015,1306.83
col,sex_m,ocu_isco08_7,2016,1337.36
col,sex_m,ocu_isco08_7,2017,1335.381
col,sex_m,ocu_isco08_7,2018,1348.251
col,sex_m,ocu_isco08_7,2019,1371.622
col,sex_m,ocu_isco08_7,2021,1496.531
col,sex_m,ocu_isco08_7,2022,1262.534
col,sex_m,ocu_isco08_7,2023,1239.06
col,sex_m,ocu_isco08_7,2024,1258.667
col,sex_m,ocu_isco08_8,2007,1176.143
col,sex_m,ocu_isco08_8,2008,1425.209
col,sex_m,ocu_isco08_8,2009,1432.095
col,sex_m,ocu_isco08_8,2010,1342.72
col,sex_m,ocu_isco08_8,2011,1320.421
col,sex_m,ocu_isco08_8,2012,1345.252
col,sex_m,ocu_isco08_8,2013,1304.09
col,sex_m,ocu_isco08_8,2014,1301.112
col,sex_m,ocu_isco08_8,2015,1312.812
col,sex_m,ocu_isco08_8,2016,1296.021
col,sex_m,ocu_isco08_8,2017,1294.395
col,sex_m,ocu_isco08_8,2018,1414.309
col,sex_m,ocu_isco08_8,2019,1481.048
col,sex_m,ocu_isco08_8,2021,1515.847
col,sex_m,ocu_isco08_8,2022,1007.286
col,sex_m,ocu_isco08_8,2023,1055.649
col,sex_m,ocu_isco08_8,2024,1063.088
col,sex_m,ocu_isco08_9,2007,604.731
col,sex_m,ocu_isco08_9,2008,657.216
col,sex_m,ocu_isco08_9,2009,689.272
col,sex_m,ocu_isco08_9,2010,611.222
col,sex_m,ocu_isco08_9,2011,639.417
col,sex_m,ocu_isco08_9,2012,658.214
col,sex_m,ocu_isco08_9,2013,626.082
col,sex_m,ocu_isco08_9,2014,613.063
col,sex_m,ocu_isco08_9,2015,637.536
col,sex_m,ocu_isco08_9,2016,598.647
col,sex_m,ocu_isco08_9,2017,613.504
col,sex_m,ocu_isco08_9,2018,636.359
col,sex_m,ocu_isco08_9,2019,680.089
col,sex_m,ocu_isco08_9,2021,802.332
col,sex_m,ocu_isco08_9,2022,2542.262
col,sex_m,ocu_isco08_9,2023,2671.647
col,sex_m,ocu_isco08_9,2024,2633.27
col,sex_m,ocu_isco08_total,2007,7050.923
col,sex_m,ocu_isco08_total,2008,7163.643
col,sex_m,ocu_isco08_total,2009,7577.503
col,sex_m,ocu_isco08_total,2010,7548.727
col,sex_m,ocu_isco08_total,2011,7658.615
col,sex_m,ocu_isco08_total,2012,7743.509
col,sex_m,ocu_isco08_total,2013,7623.661
col,sex_m,ocu_isco08_total,2014,7610.529
col,sex_m,ocu_isco08_total,2015,7727.169
col,sex_m,ocu_isco08_total,2016,7682.855
col,sex_m,ocu_isco08_total,2017,7744.464
col,sex_m,ocu_isco08_total,2018,7907.573
col,sex_m,ocu_isco08_total,2019,7850.949
col,sex_m,ocu_isco08_total,2021,8109.247
col,sex_m,ocu_isco08_total,2022,7865.736
col,sex_m,ocu_isco08_total,2023,7818.673
col,sex_m,ocu_isco08_total,2024,7810.765
col,sex_m,ocu_isco08_x,2007,312.468
col,sex_m,ocu_isco08_x,2008,3.912
col,sex_m,ocu_isco08_x,2009,2.918
col,sex_m,ocu_isco08_x,2010,1.225
col,sex_m,ocu_isco08_x,2011,0.341
col,sex_m,ocu_isco08_x,2012,0.706
col,sex_m,ocu_isco08_x,2013,0.779
col,sex_m,ocu_isco08_x,2014,0.317
col,sex_m,ocu_isco08_x,2016,0.193
col,sex_m,ocu_isco08_x,2017,0.658
col,sex_m,ocu_isco08_x,2022,3.434
col,sex_m,ocu_isco08_x,2023,0.482
col,sex_m,ocu_skill_l1,2007,604.731
col,sex_m,ocu_skill_l1,2008,657.216
col,sex_m,ocu_skill_l1,2009,689.272
col,sex_m,ocu_skill_l1,2010,611.222
col,sex_m,ocu_skill_l1,2011,639.417
col,sex_m,ocu_skill_l1,2012,658.214
col,sex_m,ocu_skill_l1,2013,626.082
col,sex_m,ocu_skill_l1,2014,613.063
col,sex_m,ocu_skill_l1,2015,637.536
col,sex_m,ocu_skill_l1,2016,598.647
col,sex_m,ocu_skill_l1,2017,613.504
col,sex_m,ocu_skill_l1,2018,636.359
col,sex_m,ocu_skill_l1,2019,680.089
col,sex_m,ocu_skill_l1,2021,802.332
col,sex_m,ocu_skill_l1,2022,2542.262
col,sex_m,ocu_skill_l1,2023,2671.647
col,sex_m,ocu_skill_l1,2024,2633.27
col,sex_m,ocu_skill_l2,2007,3903.251
col,sex_m,ocu_skill_l2,2008,4107.706
col,sex_m,ocu_skill_l2,2009,4300.523
col,sex_m,ocu_skill_l2,2010,4229.938
col,sex_m,ocu_skill_l2,2011,4297.802
col,sex_m,ocu_skill_l2,2012,4305.239
col,sex_m,ocu_skill_l2,2013,4206.634
col,sex_m,ocu_skill_l2,2014,4217.876
col,sex_m,ocu_skill_l2,2015,4263.117
col,sex_m,ocu_skill_l2,2016,4261.208
col,sex_m,ocu_skill_l2,2017,4291.373
col,sex_m,ocu_skill_l2,2018,4419.561
col,sex_m,ocu_skill_l2,2019,4495.346
col,sex_m,ocu_skill_l2,2021,4629.951
col,sex_m,ocu_skill_l2,2022,4459.251
col,sex_m,ocu_skill_l2,2023,4350.4
col,sex_m,ocu_skill_l2,2024,4353.637
col,sex_m,ocu_skill_l3_4,2007,2230.472
col,sex_m,ocu_skill_l3_4,2008,2394.809
col,sex_m,ocu_skill_l3_4,2009,2584.789
col,sex_m,ocu_skill_l3_4,2010,2706.341
col,sex_m,ocu_skill_l3_4,2011,2721.055
col,sex_m,ocu_skill_l3_4,2012,2779.351
col,sex_m,ocu_skill_l3_4,2013,2790.165
col,sex_m,ocu_skill_l3_4,2014,2779.273
col,sex_m,ocu_skill_l3_4,2015,2826.5
col,sex_m,ocu_skill_l3_4,2016,2822.808
col,sex_m,ocu_skill_l3_4,2017,2838.928
col,sex_m,ocu_skill_l3_4,2018,2851.648
col,sex_m,ocu_skill_l3_4,2019,2675.28
col,sex_m,ocu_skill_l3_4,2021,2676.953
col,sex_m,ocu_skill_l3_4,2022,860.397
col,sex_m,ocu_skill_l3_4,2023,796.088
col,sex_m,ocu_skill_l3_4,2024,823.639
col,sex_m,ocu_skill_total,2007,7050.923
col,sex_m,ocu_skill_total,2008,7163.643
col,sex_m,ocu_skill_total,2009,7577.503
col,sex_m,ocu_skill_total,2010,7548.727
col,sex_m,ocu_skill_total,2011,7658.615
col,sex_m,ocu_skill_total,2012,7743.509
col,sex_m,ocu_skill_total,2013,7623.661
col,sex_m,ocu_skill_total,2014,7610.529
col,sex_m,ocu_skill_total,2015,7727.169
col,sex_m,ocu_skill_total,2016,7682.855
col,sex_m,ocu_skill_total,2017,7744.464
col,sex_m,ocu_skill_total,2018,7907.573
col,sex_m,ocu_skill_total,2019,7850.949
col,sex_m,ocu_skill_total,2021,8109.247
col,sex_m,ocu_skill_total,2022,7865.736
col,sex_m,ocu_skill_total,2023,7818.673
col,sex_m,ocu_skill_total,2024,7810.765
col,sex_m,ocu_skill_x,2007,312.468
col,sex_m,ocu_skill_x,2008,3.912
col,sex_m,ocu_skill_x,2009,2.918
col,sex_m,ocu_skill_x,2010,1.225
col,sex_m,ocu_skill_x,2011,0.341
col,sex_m,ocu_skill_x,2012,0.706
col,sex_m,ocu_skill_x,2013,0.779
col,sex_m,ocu_skill_x,2014,0.317
col,sex_m,ocu_skill_x,2016,0.193
col,sex_m,ocu_skill_x,2017,0.658
col,sex_m,ocu_skill_x,2022,3.825
col,sex_m,ocu_skill_x,2023,0.538
col,sex_t,ocu_isco08_0,2022,0.4
col,sex_t,ocu_isco08_1,2007,1363.602
col,sex_t,ocu_isco08_1,2008,1716.622
col,sex_t,ocu_isco08_1,2009,1904.16
col,sex_t,ocu_isco08_1,2010,2097.66
col,sex_t,ocu_isco08_1,2011,2116.24
col,sex_t,ocu_isco08_1,2012,2166.495
col,sex_t,ocu_isco08_1,2013,2209.523
col,sex_t,ocu_isco08_1,2014,2180.298
col,sex_t,ocu_isco08_1,2015,2240.977
col,sex_t,ocu_isco08_1,2016,2288.604
col,sex_t,ocu_isco08_1,2017,2300.043
col,sex_t,ocu_isco08_1,2018,2193.836
col,sex_t,ocu_isco08_1,2019,1984.496
col,sex_t,ocu_isco08_1,2021,1856.128
col,sex_t,ocu_isco08_1,2022,445.482
col,sex_t,ocu_isco08_1,2023,405.685
col,sex_t,ocu_isco08_1,2024,421.935
col,sex_t,ocu_isco08_2,2007,804.696
col,sex_t,ocu_isco08_2,2008,752.597
col,sex_t,ocu_isco08_2,2009,814.486
col,sex_t,ocu_isco08_2,2010,823.277
col,sex_t,ocu_isco08_2,2011,829.958
col,sex_t,ocu_isco08_2,2012,854.18
col,sex_t,ocu_isco08_2,2013,842.28
col,sex_t,ocu_isco08_2,2014,862.223
col,sex_t,ocu_isco08_2,2015,868.077
col,sex_t,ocu_isco08_2,2016,868.67
col,sex_t,ocu_isco08_2,2017,861.627
col,sex_t,ocu_isco08_2,2018,910.73
col,sex_t,ocu_isco08_2,2019,918.509
col,sex_t,ocu_isco08_2,2021,961.309
col,sex_t,ocu_isco08_2,2022,586
col,sex_t,ocu_isco08_2,2023,515.552
col,sex_t,ocu_isco08_2,2024,522.013
col,sex_t,ocu_isco08_3,2007,1820.075
col,sex_t,ocu_isco08_3,2008,1371.688
col,sex_t,ocu_isco08_3,2009,1477.894
col,sex_t,ocu_isco08_3,2010,1462.353
col,sex_t,ocu_isco08_3,2011,1485.105
col,sex_t,ocu_isco08_3,2012,1566.782
col,sex_t,ocu_isco08_3,2013,1528.444
col,sex_t,ocu_isco08_3,2014,1547.823
col,sex_t,ocu_isco08_3,2015,1558.003
col,sex_t,ocu_isco08_3,2016,1515.528
col,sex_t,ocu_isco08_3,2017,1525.053
col,sex_t,ocu_isco08_3,2018,1605.25
col,sex_t,ocu_isco08_3,2019,1604.267
col,sex_t,ocu_isco08_3,2021,1616.088
col,sex_t,ocu_isco08_3,2022,523.906
col,sex_t,ocu_isco08_3,2023,510.663
col,sex_t,ocu_isco08_3,2024,502.386
col,sex_t,ocu_isco08_4,2007,907.357
col,sex_t,ocu_isco08_4,2008,343.319
col,sex_t,ocu_isco08_4,2009,363.724
col,sex_t,ocu_isco08_4,2010,340.59
col,sex_t,ocu_isco08_4,2011,365.768
col,sex_t,ocu_isco08_4,2012,357.72
col,sex_t,ocu_isco08_4,2013,354.442
col,sex_t,ocu_isco08_4,2014,345.834
col,sex_t,ocu_isco08_4,2015,344.856
col,sex_t,ocu_isco08_4,2016,325.128
col,sex_t,ocu_isco08_4,2017,330.809
col,sex_t,ocu_isco08_4,2018,323.572
col,sex_t,ocu_isco08_4,2019,304.342
col,sex_t,ocu_isco08_4,2021,289.161
col,sex_t,ocu_isco08_4,2022,216.658
col,sex_t,ocu_isco08_4,2023,201.804
col,sex_t,ocu_isco08_4,2024,199.214
col,sex_t,ocu_isco08_5,2007,1457.549
col,sex_t,ocu_isco08_5,2008,1993.973
col,sex_t,ocu_isco08_5,2009,2158.525
col,sex_t,ocu_isco08_5,2010,2183.052
col,sex_t,ocu_isco08_5,2011,2260.357
col,sex_t,ocu_isco08_5,2012,2310.248
col,sex_t,ocu_isco08_5,2013,2326.928
col,sex_t,ocu_isco08_5,2014,2299.369
col,sex_t,ocu_isco08_5,2015,2298.227
col,sex_t,ocu_isco08_5,2016,2277.246
col,sex_t,ocu_isco08_5,2017,2235.192
col,sex_t,ocu_isco08_5,2018,2236.933
col,sex_t,ocu_isco08_5,2019,2316.746
col,sex_t,ocu_isco08_5,2021,2153.555
col,sex_t,ocu_isco08_5,2022,2880.982
col,sex_t,ocu_isco08_5,2023,2889.436
col,sex_t,ocu_isco08_5,2024,2939.7
col,sex_t,ocu_isco08_6,2007,603.856
col,sex_t,ocu_isco08_6,2008,851.811
col,sex_t,ocu_isco08_6,2009,987.765
col,sex_t,ocu_isco08_6,2010,1002.037
col,sex_t,ocu_isco08_6,2011,1039.922
col,sex_t,ocu_isco08_6,2012,1041.887
col,sex_t,ocu_isco08_6,2013,969.929
col,sex_t,ocu_isco08_6,2014,970.092
col,sex_t,ocu_isco08_6,2015,991.784
col,sex_t,ocu_isco08_6,2016,995.93
col,sex_t,ocu_isco08_6,2017,1056.268
col,sex_t,ocu_isco08_6,2018,1009.502
col,sex_t,ocu_isco08_6,2019,976.574
col,sex_t,ocu_isco08_6,2021,937.53
col,sex_t,ocu_isco08_6,2022,1285.409
col,sex_t,ocu_isco08_6,2023,1176.91
col,sex_t,ocu_isco08_6,2024,1137.322
col,sex_t,ocu_isco08_7,2007,1326
col,sex_t,ocu_isco08_7,2008,1510.643
col,sex_t,ocu_isco08_7,2009,1638.321
col,sex_t,ocu_isco08_7,2010,1686.169
col,sex_t,ocu_isco08_7,2011,1747.438
col,sex_t,ocu_isco08_7,2012,1772.232
col,sex_t,ocu_isco08_7,2013,1734.987
col,sex_t,ocu_isco08_7,2014,1794.619
col,sex_t,ocu_isco08_7,2015,1822.183
col,sex_t,ocu_isco08_7,2016,1856.75
col,sex_t,ocu_isco08_7,2017,1856.986
col,sex_t,ocu_isco08_7,2018,1870.759
col,sex_t,ocu_isco08_7,2019,1889.301
col,sex_t,ocu_isco08_7,2021,1981.318
col,sex_t,ocu_isco08_7,2022,1710.907
col,sex_t,ocu_isco08_7,2023,1694.823
col,sex_t,ocu_isco08_7,2024,1704.445
col,sex_t,ocu_isco08_8,2007,1478.183
col,sex_t,ocu_isco08_8,2008,1799.005
col,sex_t,ocu_isco08_8,2009,1860.31
col,sex_t,ocu_isco08_8,2010,1776.431
col,sex_t,ocu_isco08_8,2011,1794.43
col,sex_t,ocu_isco08_8,2012,1826.621
col,sex_t,ocu_isco08_8,2013,1737.172
col,sex_t,ocu_isco08_8,2014,1724.823
col,sex_t,ocu_isco08_8,2015,1753.263
col,sex_t,ocu_isco08_8,2016,1692.529
col,sex_t,ocu_isco08_8,2017,1712.839
col,sex_t,ocu_isco08_8,2018,1853.917
col,sex_t,ocu_isco08_8,2019,1888.189
col,sex_t,ocu_isco08_8,2021,1911.832
col,sex_t,ocu_isco08_8,2022,1132.401
col,sex_t,ocu_isco08_8,2023,1186.928
col,sex_t,ocu_isco08_8,2024,1210.584
col,sex_t,ocu_isco08_9,2007,1010.704
col,sex_t,ocu_isco08_9,2008,1204.469
col,sex_t,ocu_isco08_9,2009,1299.554
col,sex_t,ocu_isco08_9,2010,1270.417
col,sex_t,ocu_isco08_9,2011,1301.872
col,sex_t,ocu_isco08_9,2012,1337.137
col,sex_t,ocu_isco08_9,2013,1308.581
col,sex_t,ocu_isco08_9,2014,1263.982
col,sex_t,ocu_isco08_9,2015,1307.743
col,sex_t,ocu_isco08_9,2016,1244.081
col,sex_t,ocu_isco08_9,2017,1258.216
col,sex_t,ocu_isco08_9,2018,1273.157
col,sex_t,ocu_isco08_9,2019,1318.702
col,sex_t,ocu_isco08_9,2021,1409.96
col,sex_t,ocu_isco08_9,2022,4025.738
col,sex_t,ocu_isco08_9,2023,4294.268
col,sex_t,ocu_isco08_9,2024,4295.263
col,sex_t,ocu_isco08_total,2007,11355.389
col,sex_t,ocu_isco08_total,2008,11550.119
col,sex_t,ocu_isco08_total,2009,12508.988
col,sex_t,ocu_isco08_total,2010,12643.73
col,sex_t,ocu_isco08_total,2011,12941.728
col,sex_t,ocu_isco08_total,2012,13234.525
col,sex_t,ocu_isco08_total,2013,13013.166
col,sex_t,ocu_isco08_total,2014,12989.815
col,sex_t,ocu_isco08_total,2015,13185.235
col,sex_t,ocu_isco08_total,2016,13064.783
col,sex_t,ocu_isco08_total,2017,13138.131
col,sex_t,ocu_isco08_total,2018,13278.074
col,sex_t,ocu_isco08_total,2019,13201.36
col,sex_t,ocu_isco08_total,2021,13117.142
col,sex_t,ocu_isco08_total,2022,12811.845
col,sex_t,ocu_isco08_total,2023,12876.75
col,sex_t,ocu_isco08_total,2024,12933.094
col,sex_t,ocu_isco08_x,2007,583.364
col,sex_t,ocu_isco08_x,2008,5.992
col,sex_t,ocu_isco08_x,2009,4.249
col,sex_t,ocu_isco08_x,2010,1.742
col,sex_t,ocu_isco08_x,2011,0.638
col,sex_t,ocu_isco08_x,2012,1.223
col,sex_t,ocu_isco08_x,2013,0.881
col,sex_t,ocu_isco08_x,2014,0.753
col,sex_t,ocu_isco08_x,2015,0.122
col,sex_t,ocu_isco08_x,2016,0.317
col,sex_t,ocu_isco08_x,2017,1.097
col,sex_t,ocu_isco08_x,2022,3.962
col,sex_t,ocu_isco08_x,2023,0.614
col,sex_t,ocu_skill_l1,2007,1010.704
col,sex_t,ocu_skill_l1,2008,1204.469
col,sex_t,ocu_skill_l1,2009,1299.554
col,sex_t,ocu_skill_l1,2010,1270.417
col,sex_t,ocu_skill_l1,2011,1301.872
col,sex_t,ocu_skill_l1,2012,1337.137
col,sex_t,ocu_skill_l1,2013,1308.581
col,sex_t,ocu_skill_l1,2014,1263.982
col,sex_t,ocu_skill_l1,2015,1307.743
col,sex_t,ocu_skill_l1,2016,1244.081
col,sex_t,ocu_skill_l1,2017,1258.216
col,sex_t,ocu_skill_l1,2018,1273.157
col,sex_t,ocu_skill_l1,2019,1318.702
col,sex_t,ocu_skill_l1,2021,1409.96
col,sex_t,ocu_skill_l1,2022,4025.738
col,sex_t,ocu_skill_l1,2023,4294.268
col,sex_t,ocu_skill_l1,2024,4295.263
col,sex_t,ocu_skill_l2,2007,5772.946
col,sex_t,ocu_skill_l2,2008,6498.751
col,sex_t,ocu_skill_l2,2009,7008.644
col,sex_t,ocu_skill_l2,2010,6988.28
col,sex_t,ocu_skill_l2,2011,7207.915
col,sex_t,ocu_skill_l2,2012,7308.708
col,sex_t,ocu_skill_l2,2013,7123.458
col,sex_t,ocu_skill_l2,2014,7134.736
col,sex_t,ocu_skill_l2,2015,7210.312
col,sex_t,ocu_skill_l2,2016,7147.583
col,sex_t,ocu_skill_l2,2017,7192.094
col,sex_t,ocu_skill_l2,2018,7294.682
col,sex_t,ocu_skill_l2,2019,7375.152
col,sex_t,ocu_skill_l2,2021,7273.396
col,sex_t,ocu_skill_l2,2022,7226.357
col,sex_t,ocu_skill_l2,2023,7149.901
col,sex_t,ocu_skill_l2,2024,7191.265
col,sex_t,ocu_skill_l3_4,2007,3988.374
col,sex_t,ocu_skill_l3_4,2008,3840.907
col,sex_t,ocu_skill_l3_4,2009,4196.54
col,sex_t,ocu_skill_l3_4,2010,4383.29
col,sex_t,ocu_skill_l3_4,2011,4431.304
col,sex_t,ocu_skill_l3_4,2012,4587.457
col,sex_t,ocu_skill_l3_4,2013,4580.246
col,sex_t,ocu_skill_l3_4,2014,4590.344
col,sex_t,ocu_skill_l3_4,2015,4667.057
col,sex_t,ocu_skill_l3_4,2016,4672.802
col,sex_t,ocu_skill_l3_4,2017,4686.724
col,sex_t,ocu_skill_l3_4,2018,4709.815
col,sex_t,ocu_skill_l3_4,2019,4507.272
col,sex_t,ocu_skill_l3_4,2021,4433.524
col,sex_t,ocu_skill_l3_4,2022,1555.388
col,sex_t,ocu_skill_l3_4,2023,1431.9
col,sex_t,ocu_skill_l3_4,2024,1446.334
col,sex_t,ocu_skill_total,2007,11355.389
col,sex_t,ocu_skill_total,2008,11550.119
col,sex_t,ocu_skill_total,2009,12508.988
col,sex_t,ocu_skill_total,2010,12643.73
col,sex_t,ocu_skill_total,2011,12941.728
col,sex_t,ocu_skill_total,2012,13234.525
col,sex_t,ocu_skill_total,2013,13013.166
col,sex_t,ocu_skill_total,2014,12989.815
col,sex_t,ocu_skill_total,2015,13185.235
col,sex_t,ocu_skill_total,2016,13064.783
col,sex_t,ocu_skill_total,2017,13138.131
col,sex_t,ocu_skill_total,2018,13278.074
col,sex_t,ocu_skill_total,2019,13201.36
col,sex_t,ocu_skill_total,2021,13117.142
col,sex_t,ocu_skill_total,2022,12811.845
col,sex_t,ocu_skill_total,2023,12876.75
col,sex_t,ocu_skill_total,2024,12933.094
col,sex_t,ocu_skill_x,2007,583.364
col,sex_t,ocu_skill_x,2008,5.992
col,sex_t,ocu_skill_x,2009,4.249
col,sex_t,ocu_skill_x,2010,1.742
col,sex_t,ocu_skill_x,2011,0.638
col,sex_t,ocu_skill_x,2012,1.223
col,sex_t,ocu_skill_x,2013,0.881
col,sex_t,ocu_skill_x,2014,0.753
col,sex_t,ocu_skill_x,2015,0.122
col,sex_t,ocu_skill_x,2016,0.317
col,sex_t,ocu_skill_x,2017,1.097
col,sex_t,ocu_skill_x,2022,4.362
col,sex_t,ocu_skill_x,2023,0.681
com,sex_f,ocu_isco08_0,2014,0.33
com,sex_f,ocu_isco08_1,2014,0.793
com,sex_f,ocu_isco08_1,2021,0.37
com,sex_f,ocu_isco08_2,2014,3.921
com,sex_f,ocu_isco08_2,2021,2.414
com,sex_f,ocu_isco08_3,2014,4.258
com,sex_f,ocu_isco08_3,2021,1.238
com,sex_f,ocu_isco08_4,2014,3.046
com,sex_f,ocu_isco08_4,2021,3.154
com,sex_f,ocu_isco08_5,2014,14.678
com,sex_f,ocu_isco08_5,2021,13.722
com,sex_f,ocu_isco08_6,2014,23.721
com,sex_f,ocu_isco08_6,2021,30.206
com,sex_f,ocu_isco08_7,2014,9.164
com,sex_f,ocu_isco08_7,2021,2.819
com,sex_f,ocu_isco08_9,2014,2.462
com,sex_f,ocu_isco08_9,2021,7.047
com,sex_f,ocu_isco08_total,2014,62.397
com,sex_f,ocu_isco08_total,2021,103.564
com,sex_f,ocu_isco08_x,2021,42.49
com,sex_f,ocu_skill_l1,2014,2.462
com,sex_f,ocu_skill_l1,2021,7.047
com,sex_f,ocu_skill_l2,2014,50.633
com,sex_f,ocu_skill_l2,2021,49.963
com,sex_f,ocu_skill_l3_4,2014,8.972
com,sex_f,ocu_skill_l3_4,2021,4.022
com,sex_f,ocu_skill_total,2014,62.397
com,sex_f,ocu_skill_total,2021,103.564
com,sex_f,ocu_skill_x,2014,0.33
com,sex_f,ocu_skill_x,2021,42.532
com,sex_m,ocu_isco08_0,2014,2.761
com,sex_m,ocu_isco08_0,2021,1.993
com,sex_m,ocu_isco08_1,2014,2.348
com,sex_m,ocu_isco08_1,2021,0.355
com,sex_m,ocu_isco08_2,2014,7.64
com,sex_m,ocu_isco08_2,2021,3.95
com,sex_m,ocu_isco08_3,2014,7.168
com,sex_m,ocu_isco08_3,2021,2.589
com,sex_m,ocu_isco08_4,2014,4.292
com,sex_m,ocu_isco08_4,2021,3.614
com,sex_m,ocu_isco08_5,2014,14.749
com,sex_m,ocu_isco08_5,2021,7.57
com,sex_m,ocu_isco08_6,2014,40.364
com,sex_m,ocu_isco08_6,2021,39.689
com,sex_m,ocu_isco08_7,2014,19.244
com,sex_m,ocu_isco08_7,2021,8.387
com,sex_m,ocu_isco08_8,2014,0.204
com,sex_m,ocu_isco08_8,2021,5.045
com,sex_m,ocu_isco08_9,2014,3.15
com,sex_m,ocu_isco08_9,2021,15.069
com,sex_m,ocu_isco08_total,2014,101.919
com,sex_m,ocu_isco08_total,2021,127.471
com,sex_m,ocu_isco08_x,2021,39.209
com,sex_m,ocu_skill_l1,2014,3.15
com,sex_m,ocu_skill_l1,2021,15.069
com,sex_m,ocu_skill_l2,2014,78.852
com,sex_m,ocu_skill_l2,2021,64.306
com,sex_m,ocu_skill_l3_4,2014,17.157
com,sex_m,ocu_skill_l3_4,2021,6.894
com,sex_m,ocu_skill_total,2014,101.919
com,sex_m,ocu_skill_total,2021,127.471
com,sex_m,ocu_skill_x,2014,2.761
com,sex_m,ocu_skill_x,2021,41.202
com,sex_t,ocu_isco08_0,2014,3.09
com,sex_t,ocu_isco08_0,2021,2.035
com,sex_t,ocu_isco08_1,2014,3.141
com,sex_t,ocu_isco08_1,2021,0.725
com,sex_t,ocu_isco08_2,2014,11.561
com,sex_t,ocu_isco08_2,2021,6.364
com,sex_t,ocu_isco08_3,2014,11.426
com,sex_t,ocu_isco08_3,2021,3.827
com,sex_t,ocu_isco08_4,2014,7.338
com,sex_t,ocu_isco08_4,2021,6.768
com,sex_t,ocu_isco08_5,2014,29.427
com,sex_t,ocu_isco08_5,2021,21.292
com,sex_t,ocu_isco08_6,2014,64.084
com,sex_t,ocu_isco08_6,2021,69.896
com,sex_t,ocu_isco08_7,2014,28.407
com,sex_t,ocu_isco08_7,2021,11.206
com,sex_t,ocu_isco08_8,2014,0.229
com,sex_t,ocu_isco08_8,2021,5.106
com,sex_t,ocu_isco08_9,2014,5.612
com,sex_t,ocu_isco08_9,2021,22.116
com,sex_t,ocu_isco08_total,2014,164.316
com,sex_t,ocu_isco08_total,2021,231.035
com,sex_t,ocu_isco08_x,2021,81.699
com,sex_t,ocu_skill_l1,2014,5.612
com,sex_t,ocu_skill_l1,2021,22.116
com,sex_t,ocu_skill_l2,2014,129.485
com,sex_t,ocu_skill_l2,2021,114.268
com,sex_t,ocu_skill_l3_4,2014,26.129
com,sex_t,ocu_skill_l3_4,2021,10.916
com,sex_t,ocu_skill_total,2014,164.316
com,sex_t,ocu_skill_total,2021,231.035
com,sex_t,ocu_skill_x,2014,3.09
com,sex_t,ocu_skill_x,2021,83.734
cpv,sex_f,ocu_isco08_2,2015,1.197
cpv,sex_f,ocu_isco08_3,2015,0.839
cpv,sex_f,ocu_isco08_4,2015,0.829
cpv,sex_f,ocu_isco08_5,2015,11.939
cpv,sex_f,ocu_isco08_7,2015,3.007
cpv,sex_f,ocu_isco08_9,2015,19.408
cpv,sex_f,ocu_isco08_total,2015,37.566
cpv,sex_f,ocu_skill_l1,2015,19.408
cpv,sex_f,ocu_skill_l2,2015,15.843
cpv,sex_f,ocu_skill_l3_4,2015,2.147
cpv,sex_f,ocu_skill_total,2015,37.566
cpv,sex_m,ocu_isco08_1,2015,0.288
cpv,sex_m,ocu_isco08_2,2015,0.69
cpv,sex_m,ocu_isco08_3,2015,1.124
cpv,sex_m,ocu_isco08_4,2015,0.732
cpv,sex_m,ocu_isco08_5,2015,4.142
cpv,sex_m,ocu_isco08_6,2015,1.25
cpv,sex_m,ocu_isco08_7,2015,12.319
cpv,sex_m,ocu_isco08_8,2015,1.492
cpv,sex_m,ocu_isco08_9,2015,17.136
cpv,sex_m,ocu_isco08_total,2015,39.175
cpv,sex_m,ocu_skill_l1,2015,17.136
cpv,sex_m,ocu_skill_l2,2015,19.936
cpv,sex_m,ocu_skill_l3_4,2015,2.103
cpv,sex_m,ocu_skill_total,2015,39.175
cpv,sex_t,ocu_isco08_1,2015,0.399
cpv,sex_t,ocu_isco08_2,2015,1.887
cpv,sex_t,ocu_isco08_3,2015,1.963
cpv,sex_t,ocu_isco08_4,2015,1.562
cpv,sex_t,ocu_isco08_5,2015,16.081
cpv,sex_t,ocu_isco08_6,2015,1.278
cpv,sex_t,ocu_isco08_7,2015,15.326
cpv,sex_t,ocu_isco08_8,2015,1.532
cpv,sex_t,ocu_isco08_9,2015,36.544
cpv,sex_t,ocu_isco08_total,2015,76.74
cpv,sex_t,ocu_skill_l1,2015,36.544
cpv,sex_t,ocu_skill_l2,2015,35.779
cpv,sex_t,ocu_skill_l3_4,2015,4.25
cpv,sex_t,ocu_skill_total,2015,76.74
cri,sex_f,ocu_isco08_1,2017,0.454
cri,sex_f,ocu_isco08_1,2018,0.283
cri,sex_f,ocu_isco08_1,2019,0.362
cri,sex_f,ocu_isco08_1,2020,1.135
cri,sex_f,ocu_isco08_1,2021,1.04
cri,sex_f,ocu_isco08_1,2022,0.744
cri,sex_f,ocu_isco08_1,2023,1.136
cri,sex_f,ocu_isco08_1,2024,0.599
cri,sex_f,ocu_isco08_2,2017,8.212
cri,sex_f,ocu_isco08_2,2018,10.47
cri,sex_f,ocu_isco08_2,2019,9.53
cri,sex_f,ocu_isco08_2,2020,5.742
cri,sex_f,ocu_isco08_2,2021,8.375
cri,sex_f,ocu_isco08_2,2022,6.788
cri,sex_f,ocu_isco08_2,2023,5.726
cri,sex_f,ocu_isco08_2,2024,10.349
cri,sex_f,ocu_isco08_3,2017,9.885
cri,sex_f,ocu_isco08_3,2018,9.536
cri,sex_f,ocu_isco08_3,2019,9.743
cri,sex_f,ocu_isco08_3,2020,5.962
cri,sex_f,ocu_isco08_3,2021,8.906
cri,sex_f,ocu_isco08_3,2022,9.049
cri,sex_f,ocu_isco08_3,2023,5.941
cri,sex_f,ocu_isco08_3,2024,13.29
cri,sex_f,ocu_isco08_4,2017,8.02
cri,sex_f,ocu_isco08_4,2018,11.074
cri,sex_f,ocu_isco08_4,2019,10.041
cri,sex_f,ocu_isco08_4,2020,7.398
cri,sex_f,ocu_isco08_4,2021,8.098
cri,sex_f,ocu_isco08_4,2022,7.032
cri,sex_f,ocu_isco08_4,2023,5.558
cri,sex_f,ocu_isco08_4,2024,8.812
cri,sex_f,ocu_isco08_5,2017,140.851
cri,sex_f,ocu_isco08_5,2018,150.289
cri,sex_f,ocu_isco08_5,2019,158.14
cri,sex_f,ocu_isco08_5,2020,112.796
cri,sex_f,ocu_isco08_5,2021,122.654
cri,sex_f,ocu_isco08_5,2022,141.469
cri,sex_f,ocu_isco08_5,2023,128.585
cri,sex_f,ocu_isco08_5,2024,137.261
cri,sex_f,ocu_isco08_6,2017,6.256
cri,sex_f,ocu_isco08_6,2018,6.062
cri,sex_f,ocu_isco08_6,2019,6.773
cri,sex_f,ocu_isco08_6,2020,6.146
cri,sex_f,ocu_isco08_6,2021,5.905
cri,sex_f,ocu_isco08_6,2022,4.098
cri,sex_f,ocu_isco08_6,2023,3.857
cri,sex_f,ocu_isco08_6,2024,4.345
cri,sex_f,ocu_isco08_7,2017,32.465
cri,sex_f,ocu_isco08_7,2018,45.32
cri,sex_f,ocu_isco08_7,2019,49.472
cri,sex_f,ocu_isco08_7,2020,44.036
cri,sex_f,ocu_isco08_7,2021,48.602
cri,sex_f,ocu_isco08_7,2022,46.817
cri,sex_f,ocu_isco08_7,2023,38.51
cri,sex_f,ocu_isco08_7,2024,40.676
cri,sex_f,ocu_isco08_8,2017,1.984
cri,sex_f,ocu_isco08_8,2018,2.997
cri,sex_f,ocu_isco08_8,2019,2.407
cri,sex_f,ocu_isco08_8,2020,1.44
cri,sex_f,ocu_isco08_8,2021,2.534
cri,sex_f,ocu_isco08_8,2022,3.685
cri,sex_f,ocu_isco08_8,2023,1.749
cri,sex_f,ocu_isco08_8,2024,3.092
cri,sex_f,ocu_isco08_9,2017,99.996
cri,sex_f,ocu_isco08_9,2018,104.109
cri,sex_f,ocu_isco08_9,2019,118.707
cri,sex_f,ocu_isco08_9,2020,90.401
cri,sex_f,ocu_isco08_9,2021,106.194
cri,sex_f,ocu_isco08_9,2022,107.112
cri,sex_f,ocu_isco08_9,2023,81.781
cri,sex_f,ocu_isco08_9,2024,91.14
cri,sex_f,ocu_isco08_total,2017,343.983
cri,sex_f,ocu_isco08_total,2018,382.714
cri,sex_f,ocu_isco08_total,2019,410.423
cri,sex_f,ocu_isco08_total,2020,319.067
cri,sex_f,ocu_isco08_total,2021,351.98
cri,sex_f,ocu_isco08_total,2022,368.056
cri,sex_f,ocu_isco08_total,2023,308.057
cri,sex_f,ocu_isco08_total,2024,338.283
cri,sex_f,ocu_isco08_x,2017,35.858
cri,sex_f,ocu_isco08_x,2018,42.574
cri,sex_f,ocu_isco08_x,2019,45.248
cri,sex_f,ocu_isco08_x,2020,44.011
cri,sex_f,ocu_isco08_x,2021,39.674
cri,sex_f,ocu_isco08_x,2022,41.261
cri,sex_f,ocu_isco08_x,2023,35.213
cri,sex_f,ocu_isco08_x,2024,28.718
cri,sex_f,ocu_isco88_1,2010,0.861
cri,sex_f,ocu_isco88_2,2010,7.323
cri,sex_f,ocu_isco88_3,2010,15.255
cri,sex_f,ocu_isco88_4,2010,14.454
cri,sex_f,ocu_isco88_5,2010,85.556
cri,sex_f,ocu_isco88_6,2010,3.498
cri,sex_f,ocu_isco88_7,2010,26.138
cri,sex_f,ocu_isco88_8,2010,2.242
cri,sex_f,ocu_isco88_9,2010,139.784
cri,sex_f,ocu_isco88_total,2010,295.485
cri,sex_f,ocu_skill_l1,2010,139.784
cri,sex_f,ocu_skill_l1,2011,83.762
cri,sex_f,ocu_skill_l1,2012,96.169
cri,sex_f,ocu_skill_l1,2013,101.801
cri,sex_f,ocu_skill_l1,2014,116.543
cri,sex_f,ocu_skill_l1,2015,110.664
cri,sex_f,ocu_skill_l1,2016,103.606
cri,sex_f,ocu_skill_l1,2017,95.894
cri,sex_f,ocu_skill_l1,2018,98.672
cri,sex_f,ocu_skill_l1,2019,112.463
cri,sex_f,ocu_skill_l1,2020,86.296
cri,sex_f,ocu_skill_l1,2021,101.293
cri,sex_f,ocu_skill_l1,2022,102.488
cri,sex_f,ocu_skill_l1,2023,79.239
cri,sex_f,ocu_skill_l1,2024,89.335
cri,sex_f,ocu_skill_l2,2010,131.888
cri,sex_f,ocu_skill_l2,2011,182.5
cri,sex_f,ocu_skill_l2,2012,235.861
cri,sex_f,ocu_skill_l2,2013,257.14
cri,sex_f,ocu_skill_l2,2014,251.96
cri,sex_f,ocu_skill_l2,2015,261.668
cri,sex_f,ocu_skill_l2,2016,216.79
cri,sex_f,ocu_skill_l2,2017,229.774
cri,sex_f,ocu_skill_l2,2018,263.265
cri,sex_f,ocu_skill_l2,2019,278.86
cri,sex_f,ocu_skill_l2,2020,220.455
cri,sex_f,ocu_skill_l2,2021,233.154
cri,sex_f,ocu_skill_l2,2022,249.392
cri,sex_f,ocu_skill_l2,2023,216.444
cri,sex_f,ocu_skill_l2,2024,225.543
cri,sex_f,ocu_skill_l3_4,2010,23.439
cri,sex_f,ocu_skill_l3_4,2011,20.506
cri,sex_f,ocu_skill_l3_4,2012,22.095
cri,sex_f,ocu_skill_l3_4,2013,22.004
cri,sex_f,ocu_skill_l3_4,2014,16.709
cri,sex_f,ocu_skill_l3_4,2015,17.382
cri,sex_f,ocu_skill_l3_4,2016,17.306
cri,sex_f,ocu_skill_l3_4,2017,17.66
cri,sex_f,ocu_skill_l3_4,2018,20.136
cri,sex_f,ocu_skill_l3_4,2019,18.672
cri,sex_f,ocu_skill_l3_4,2020,12.315
cri,sex_f,ocu_skill_l3_4,2021,17.516
cri,sex_f,ocu_skill_l3_4,2022,15.936
cri,sex_f,ocu_skill_l3_4,2023,12.373
cri,sex_f,ocu_skill_l3_4,2024,23.404
cri,sex_f,ocu_skill_total,2010,295.485
cri,sex_f,ocu_skill_total,2011,286.95
cri,sex_f,ocu_skill_total,2012,354.276
cri,sex_f,ocu_skill_total,2013,381.452
cri,sex_f,ocu_skill_total,2014,385.906
cri,sex_f,ocu_skill_total,2015,389.743
cri,sex_f,ocu_skill_total,2016,337.912
cri,sex_f,ocu_skill_total,2017,343.983
cri,sex_f,ocu_skill_total,2018,382.714
cri,sex_f,ocu_skill_total,2019,410.423
cri,sex_f,ocu_skill_total,2020,319.067
cri,sex_f,ocu_skill_total,2021,351.98
cri,sex_f,ocu_skill_total,2022,368.056
cri,sex_f,ocu_skill_total,2023,308.057
cri,sex_f,ocu_skill_total,2024,338.283
cri,sex_f,ocu_skill_x,2012,0.151
cri,sex_f,ocu_skill_x,2013,0.507
cri,sex_f,ocu_skill_x,2014,0.693
cri,sex_m,ocu_isco08_1,2017,0.75
cri,sex_m,ocu_isco08_1,2018,0.659
cri,sex_m,ocu_isco08_1,2019,1.103
cri,sex_m,ocu_isco08_1,2020,0.289
cri,sex_m,ocu_isco08_1,2021,0.181
cri,sex_m,ocu_isco08_1,2023,0.405
cri,sex_m,ocu_isco08_1,2024,0.275
cri,sex_m,ocu_isco08_2,2017,8.262
cri,sex_m,ocu_isco08_2,2018,9.026
cri,sex_m,ocu_isco08_2,2019,10.507
cri,sex_m,ocu_isco08_2,2020,5.963
cri,sex_m,ocu_isco08_2,2021,6.074
cri,sex_m,ocu_isco08_2,2022,9.471
cri,sex_m,ocu_isco08_2,2023,7.842
cri,sex_m,ocu_isco08_2,2024,10.741
cri,sex_m,ocu_isco08_3,2017,21.252
cri,sex_m,ocu_isco08_3,2018,16.785
cri,sex_m,ocu_isco08_3,2019,17.297
cri,sex_m,ocu_isco08_3,2020,14.046
cri,sex_m,ocu_isco08_3,2021,19.362
cri,sex_m,ocu_isco08_3,2022,15.064
cri,sex_m,ocu_isco08_3,2023,13.119
cri,sex_m,ocu_isco08_3,2024,23.015
cri,sex_m,ocu_isco08_4,2017,4.588
cri,sex_m,ocu_isco08_4,2018,4.759
cri,sex_m,ocu_isco08_4,2019,5.568
cri,sex_m,ocu_isco08_4,2020,3.74
cri,sex_m,ocu_isco08_4,2021,6.342
cri,sex_m,ocu_isco08_4,2022,4.504
cri,sex_m,ocu_isco08_4,2023,3.689
cri,sex_m,ocu_isco08_4,2024,7.874
cri,sex_m,ocu_isco08_5,2017,53.023
cri,sex_m,ocu_isco08_5,2018,47.121
cri,sex_m,ocu_isco08_5,2019,56.328
cri,sex_m,ocu_isco08_5,2020,47.929
cri,sex_m,ocu_isco08_5,2021,57.615
cri,sex_m,ocu_isco08_5,2022,51.423
cri,sex_m,ocu_isco08_5,2023,56.549
cri,sex_m,ocu_isco08_5,2024,61.712
cri,sex_m,ocu_isco08_6,2017,61.285
cri,sex_m,ocu_isco08_6,2018,46.002
cri,sex_m,ocu_isco08_6,2019,49.759
cri,sex_m,ocu_isco08_6,2020,40.876
cri,sex_m,ocu_isco08_6,2021,35.983
cri,sex_m,ocu_isco08_6,2022,33.069
cri,sex_m,ocu_isco08_6,2023,39.519
cri,sex_m,ocu_isco08_6,2024,35.549
cri,sex_m,ocu_isco08_7,2017,80.664
cri,sex_m,ocu_isco08_7,2018,88.707
cri,sex_m,ocu_isco08_7,2019,104.449
cri,sex_m,ocu_isco08_7,2020,103.34
cri,sex_m,ocu_isco08_7,2021,102.677
cri,sex_m,ocu_isco08_7,2022,111.842
cri,sex_m,ocu_isco08_7,2023,108.428
cri,sex_m,ocu_isco08_7,2024,110.327
cri,sex_m,ocu_isco08_8,2017,53.059
cri,sex_m,ocu_isco08_8,2018,54.325
cri,sex_m,ocu_isco08_8,2019,59.658
cri,sex_m,ocu_isco08_8,2020,57.925
cri,sex_m,ocu_isco08_8,2021,56.314
cri,sex_m,ocu_isco08_8,2022,57.761
cri,sex_m,ocu_isco08_8,2023,59.396
cri,sex_m,ocu_isco08_8,2024,74.62
cri,sex_m,ocu_isco08_9,2017,203.276
cri,sex_m,ocu_isco08_9,2018,207.172
cri,sex_m,ocu_isco08_9,2019,189.992
cri,sex_m,ocu_isco08_9,2020,174.347
cri,sex_m,ocu_isco08_9,2021,195.893
cri,sex_m,ocu_isco08_9,2022,198.885
cri,sex_m,ocu_isco08_9,2023,171.838
cri,sex_m,ocu_isco08_9,2024,152.272
cri,sex_m,ocu_isco08_total,2017,518.814
cri,sex_m,ocu_isco08_total,2018,518.22
cri,sex_m,ocu_isco08_total,2019,535.501
cri,sex_m,ocu_isco08_total,2020,491.098
cri,sex_m,ocu_isco08_total,2021,524.822
cri,sex_m,ocu_isco08_total,2022,523.359
cri,sex_m,ocu_isco08_total,2023,494.82
cri,sex_m,ocu_isco08_total,2024,505.765
cri,sex_m,ocu_isco08_x,2017,32.654
cri,sex_m,ocu_isco08_x,2018,43.663
cri,sex_m,ocu_isco08_x,2019,40.84
cri,sex_m,ocu_isco08_x,2020,42.642
cri,sex_m,ocu_isco08_x,2021,44.382
cri,sex_m,ocu_isco08_x,2022,41.217
cri,sex_m,ocu_isco08_x,2023,34.036
cri,sex_m,ocu_isco08_x,2024,29.382
cri,sex_m,ocu_isco88_1,2010,2.546
cri,sex_m,ocu_isco88_2,2010,9.596
cri,sex_m,ocu_isco88_3,2010,37.229
cri,sex_m,ocu_isco88_4,2010,11.58
cri,sex_m,ocu_isco88_5,2010,31.667
cri,sex_m,ocu_isco88_6,2010,51.399
cri,sex_m,ocu_isco88_7,2010,76.21
cri,sex_m,ocu_isco88_8,2010,52.414
cri,sex_m,ocu_isco88_9,2010,152.424
cri,sex_m,ocu_isco88_total,2010,426.549
cri,sex_m,ocu_isco88_x,2010,1.484
cri,sex_m,ocu_skill_l1,2010,152.424
cri,sex_m,ocu_skill_l1,2011,125.262
cri,sex_m,ocu_skill_l1,2012,145.802
cri,sex_m,ocu_skill_l1,2013,152.232
cri,sex_m,ocu_skill_l1,2014,169.488
cri,sex_m,ocu_skill_l1,2015,178.14
cri,sex_m,ocu_skill_l1,2016,174.63
cri,sex_m,ocu_skill_l1,2017,183.268
cri,sex_m,ocu_skill_l1,2018,181.948
cri,sex_m,ocu_skill_l1,2019,164.737
cri,sex_m,ocu_skill_l1,2020,153.011
cri,sex_m,ocu_skill_l1,2021,174.008
cri,sex_m,ocu_skill_l1,2022,175.945
cri,sex_m,ocu_skill_l1,2023,157.023
cri,sex_m,ocu_skill_l1,2024,140.646
cri,sex_m,ocu_skill_l2,2010,223.27
cri,sex_m,ocu_skill_l2,2011,256.365
cri,sex_m,ocu_skill_l2,2012,269.058
cri,sex_m,ocu_skill_l2,2013,286.337
cri,sex_m,ocu_skill_l2,2014,298.104
cri,sex_m,ocu_skill_l2,2015,302.39
cri,sex_m,ocu_skill_l2,2016,290.809
cri,sex_m,ocu_skill_l2,2017,305.744
cri,sex_m,ocu_skill_l2,2018,310.552
cri,sex_m,ocu_skill_l2,2019,343.338
cri,sex_m,ocu_skill_l2,2020,319.669
cri,sex_m,ocu_skill_l2,2021,325.406
cri,sex_m,ocu_skill_l2,2022,324.566
cri,sex_m,ocu_skill_l2,2023,317.528
cri,sex_m,ocu_skill_l2,2024,332.093
cri,sex_m,ocu_skill_l3_4,2010,49.371
cri,sex_m,ocu_skill_l3_4,2011,33.803
cri,sex_m,ocu_skill_l3_4,2012,36.703
cri,sex_m,ocu_skill_l3_4,2013,36.106
cri,sex_m,ocu_skill_l3_4,2014,30.184
cri,sex_m,ocu_skill_l3_4,2015,28.185
cri,sex_m,ocu_skill_l3_4,2016,28.432
cri,sex_m,ocu_skill_l3_4,2017,29.038
cri,sex_m,ocu_skill_l3_4,2018,24.848
cri,sex_m,ocu_skill_l3_4,2019,27.079
cri,sex_m,ocu_skill_l3_4,2020,18.178
cri,sex_m,ocu_skill_l3_4,2021,23.773
cri,sex_m,ocu_skill_l3_4,2022,22.25
cri,sex_m,ocu_skill_l3_4,2023,20.134
cri,sex_m,ocu_skill_l3_4,2024,32.724
cri,sex_m,ocu_skill_total,2010,426.549
cri,sex_m,ocu_skill_total,2011,416.421
cri,sex_m,ocu_skill_total,2012,452.169
cri,sex_m,ocu_skill_total,2013,475.806
cri,sex_m,ocu_skill_total,2014,498.488
cri,sex_m,ocu_skill_total,2015,509.248
cri,sex_m,ocu_skill_total,2016,494.578
cri,sex_m,ocu_skill_total,2017,518.814
cri,sex_m,ocu_skill_total,2018,518.22
cri,sex_m,ocu_skill_total,2019,535.501
cri,sex_m,ocu_skill_total,2020,491.098
cri,sex_m,ocu_skill_total,2021,524.822
cri,sex_m,ocu_skill_total,2022,523.359
cri,sex_m,ocu_skill_total,2023,494.82
cri,sex_m,ocu_skill_total,2024,505.765
cri,sex_m,ocu_skill_x,2010,1.484
cri,sex_m,ocu_skill_x,2011,0.992
cri,sex_m,ocu_skill_x,2012,0.606
cri,sex_m,ocu_skill_x,2013,1.131
cri,sex_m,ocu_skill_x,2018,0.872
cri,sex_m,ocu_skill_x,2021,1.635
cri,sex_m,ocu_skill_x,2022,0.599
cri,sex_t,ocu_isco08_1,2017,1.205
cri,sex_t,ocu_isco08_1,2018,0.942
cri,sex_t,ocu_isco08_1,2019,1.466
cri,sex_t,ocu_isco08_1,2020,1.425
cri,sex_t,ocu_isco08_1,2021,1.221
cri,sex_t,ocu_isco08_1,2022,0.868
cri,sex_t,ocu_isco08_1,2023,1.541
cri,sex_t,ocu_isco08_1,2024,0.874
cri,sex_t,ocu_isco08_2,2017,16.474
cri,sex_t,ocu_isco08_2,2018,19.496
cri,sex_t,ocu_isco08_2,2019,20.037
cri,sex_t,ocu_isco08_2,2020,11.704
cri,sex_t,ocu_isco08_2,2021,14.449
cri,sex_t,ocu_isco08_2,2022,16.259
cri,sex_t,ocu_isco08_2,2023,13.568
cri,sex_t,ocu_isco08_2,2024,21.09
cri,sex_t,ocu_isco08_3,2017,31.137
cri,sex_t,ocu_isco08_3,2018,26.322
cri,sex_t,ocu_isco08_3,2019,27.04
cri,sex_t,ocu_isco08_3,2020,20.008
cri,sex_t,ocu_isco08_3,2021,28.267
cri,sex_t,ocu_isco08_3,2022,24.113
cri,sex_t,ocu_isco08_3,2023,19.06
cri,sex_t,ocu_isco08_3,2024,36.305
cri,sex_t,ocu_isco08_4,2017,12.609
cri,sex_t,ocu_isco08_4,2018,15.833
cri,sex_t,ocu_isco08_4,2019,15.609
cri,sex_t,ocu_isco08_4,2020,11.138
cri,sex_t,ocu_isco08_4,2021,14.44
cri,sex_t,ocu_isco08_4,2022,11.536
cri,sex_t,ocu_isco08_4,2023,9.247
cri,sex_t,ocu_isco08_4,2024,16.686
cri,sex_t,ocu_isco08_5,2017,193.874
cri,sex_t,ocu_isco08_5,2018,197.41
cri,sex_t,ocu_isco08_5,2019,214.467
cri,sex_t,ocu_isco08_5,2020,160.725
cri,sex_t,ocu_isco08_5,2021,180.269
cri,sex_t,ocu_isco08_5,2022,192.892
cri,sex_t,ocu_isco08_5,2023,185.134
cri,sex_t,ocu_isco08_5,2024,198.973
cri,sex_t,ocu_isco08_6,2017,67.541
cri,sex_t,ocu_isco08_6,2018,52.064
cri,sex_t,ocu_isco08_6,2019,56.532
cri,sex_t,ocu_isco08_6,2020,47.022
cri,sex_t,ocu_isco08_6,2021,41.888
cri,sex_t,ocu_isco08_6,2022,37.167
cri,sex_t,ocu_isco08_6,2023,43.376
cri,sex_t,ocu_isco08_6,2024,39.894
cri,sex_t,ocu_isco08_7,2017,113.13
cri,sex_t,ocu_isco08_7,2018,134.027
cri,sex_t,ocu_isco08_7,2019,153.921
cri,sex_t,ocu_isco08_7,2020,147.376
cri,sex_t,ocu_isco08_7,2021,151.278
cri,sex_t,ocu_isco08_7,2022,158.66
cri,sex_t,ocu_isco08_7,2023,146.938
cri,sex_t,ocu_isco08_7,2024,151.004
cri,sex_t,ocu_isco08_8,2017,55.044
cri,sex_t,ocu_isco08_8,2018,57.322
cri,sex_t,ocu_isco08_8,2019,62.065
cri,sex_t,ocu_isco08_8,2020,59.365
cri,sex_t,ocu_isco08_8,2021,58.848
cri,sex_t,ocu_isco08_8,2022,61.446
cri,sex_t,ocu_isco08_8,2023,61.145
cri,sex_t,ocu_isco08_8,2024,77.712
cri,sex_t,ocu_isco08_9,2017,303.272
cri,sex_t,ocu_isco08_9,2018,311.281
cri,sex_t,ocu_isco08_9,2019,308.698
cri,sex_t,ocu_isco08_9,2020,264.748
cri,sex_t,ocu_isco08_9,2021,302.087
cri,sex_t,ocu_isco08_9,2022,305.996
cri,sex_t,ocu_isco08_9,2023,253.619
cri,sex_t,ocu_isco08_9,2024,243.411
cri,sex_t,ocu_isco08_total,2017,862.796
cri,sex_t,ocu_isco08_total,2018,900.934
cri,sex_t,ocu_isco08_total,2019,945.924
cri,sex_t,ocu_isco08_total,2020,810.164
cri,sex_t,ocu_isco08_total,2021,876.802
cri,sex_t,ocu_isco08_total,2022,891.415
cri,sex_t,ocu_isco08_total,2023,802.876
cri,sex_t,ocu_isco08_total,2024,844.048
cri,sex_t,ocu_isco08_x,2017,68.512
cri,sex_t,ocu_isco08_x,2018,86.238
cri,sex_t,ocu_isco08_x,2019,86.089
cri,sex_t,ocu_isco08_x,2020,86.653
cri,sex_t,ocu_isco08_x,2021,84.055
cri,sex_t,ocu_isco08_x,2022,82.478
cri,sex_t,ocu_isco08_x,2023,69.249
cri,sex_t,ocu_isco08_x,2024,58.1
cri,sex_t,ocu_isco88_1,2010,3.407
cri,sex_t,ocu_isco88_2,2010,16.919
cri,sex_t,ocu_isco88_3,2010,52.484
cri,sex_t,ocu_isco88_4,2010,26.034
cri,sex_t,ocu_isco88_5,2010,117.223
cri,sex_t,ocu_isco88_6,2010,54.897
cri,sex_t,ocu_isco88_7,2010,102.348
cri,sex_t,ocu_isco88_8,2010,54.656
cri,sex_t,ocu_isco88_9,2010,292.208
cri,sex_t,ocu_isco88_total,2010,722.034
cri,sex_t,ocu_isco88_x,2010,1.858
cri,sex_t,ocu_skill_l1,2010,292.208
cri,sex_t,ocu_skill_l1,2011,209.024
cri,sex_t,ocu_skill_l1,2012,241.971
cri,sex_t,ocu_skill_l1,2013,254.032
cri,sex_t,ocu_skill_l1,2014,286.031
cri,sex_t,ocu_skill_l1,2015,288.804
cri,sex_t,ocu_skill_l1,2016,278.236
cri,sex_t,ocu_skill_l1,2017,279.162
cri,sex_t,ocu_skill_l1,2018,280.62
cri,sex_t,ocu_skill_l1,2019,277.2
cri,sex_t,ocu_skill_l1,2020,239.307
cri,sex_t,ocu_skill_l1,2021,275.301
cri,sex_t,ocu_skill_l1,2022,278.433
cri,sex_t,ocu_skill_l1,2023,236.262
cri,sex_t,ocu_skill_l1,2024,229.982
cri,sex_t,ocu_skill_l2,2010,355.158
cri,sex_t,ocu_skill_l2,2011,438.865
cri,sex_t,ocu_skill_l2,2012,504.919
cri,sex_t,ocu_skill_l2,2013,543.476
cri,sex_t,ocu_skill_l2,2014,550.064
cri,sex_t,ocu_skill_l2,2015,564.058
cri,sex_t,ocu_skill_l2,2016,507.599
cri,sex_t,ocu_skill_l2,2017,535.518
cri,sex_t,ocu_skill_l2,2018,573.817
cri,sex_t,ocu_skill_l2,2019,622.198
cri,sex_t,ocu_skill_l2,2020,540.124
cri,sex_t,ocu_skill_l2,2021,558.56
cri,sex_t,ocu_skill_l2,2022,573.958
cri,sex_t,ocu_skill_l2,2023,533.972
cri,sex_t,ocu_skill_l2,2024,557.636
cri,sex_t,ocu_skill_l3_4,2010,72.81
cri,sex_t,ocu_skill_l3_4,2011,54.309
cri,sex_t,ocu_skill_l3_4,2012,58.798
cri,sex_t,ocu_skill_l3_4,2013,58.111
cri,sex_t,ocu_skill_l3_4,2014,46.894
cri,sex_t,ocu_skill_l3_4,2015,45.568
cri,sex_t,ocu_skill_l3_4,2016,45.738
cri,sex_t,ocu_skill_l3_4,2017,46.699
cri,sex_t,ocu_skill_l3_4,2018,44.984
cri,sex_t,ocu_skill_l3_4,2019,45.751
cri,sex_t,ocu_skill_l3_4,2020,30.493
cri,sex_t,ocu_skill_l3_4,2021,41.288
cri,sex_t,ocu_skill_l3_4,2022,38.185
cri,sex_t,ocu_skill_l3_4,2023,32.508
cri,sex_t,ocu_skill_l3_4,2024,56.128
cri,sex_t,ocu_skill_total,2010,722.034
cri,sex_t,ocu_skill_total,2011,703.372
cri,sex_t,ocu_skill_total,2012,806.445
cri,sex_t,ocu_skill_total,2013,857.258
cri,sex_t,ocu_skill_total,2014,884.394
cri,sex_t,ocu_skill_total,2015,898.991
cri,sex_t,ocu_skill_total,2016,832.489
cri,sex_t,ocu_skill_total,2017,862.796
cri,sex_t,ocu_skill_total,2018,900.934
cri,sex_t,ocu_skill_total,2019,945.924
cri,sex_t,ocu_skill_total,2020,810.164
cri,sex_t,ocu_skill_total,2021,876.802
cri,sex_t,ocu_skill_total,2022,891.415
cri,sex_t,ocu_skill_total,2023,802.876
cri,sex_t,ocu_skill_total,2024,844.048
cri,sex_t,ocu_skill_x,2010,1.858
cri,sex_t,ocu_skill_x,2011,1.174
cri,sex_t,ocu_skill_x,2012,0.757
cri,sex_t,ocu_skill_x,2013,1.638
cri,sex_t,ocu_skill_x,2014,1.406
cri,sex_t,ocu_skill_x,2015,0.561
cri,sex_t,ocu_skill_x,2016,0.916
cri,sex_t,ocu_skill_x,2017,1.417
cri,sex_t,ocu_skill_x,2018,1.513
cri,sex_t,ocu_skill_x,2019,0.774
cri,sex_t,ocu_skill_x,2021,1.653
cri,sex_t,ocu_skill_x,2022,0.839
cyp,sex_f,ocu_isco08_2,2011,0.499
cyp,sex_f,ocu_isco08_2,2012,0.662
cyp,sex_f,ocu_isco08_2,2013,0.468
cyp,sex_f,ocu_isco08_2,2014,0.658
cyp,sex_f,ocu_isco08_2,2015,0.549
cyp,sex_f,ocu_isco08_2,2016,0.639
cyp,sex_f,ocu_isco08_2,2017,0.75
cyp,sex_f,ocu_isco08_2,2018,0.846
cyp,sex_f,ocu_isco08_2,2019,0.533
cyp,sex_f,ocu_isco08_2,2020,0.677
cyp,sex_f,ocu_isco08_2,2023,0.41
cyp,sex_f,ocu_isco08_4,2011,0.939
cyp,sex_f,ocu_isco08_4,2012,0.388
cyp,sex_f,ocu_isco08_4,2013,0.632
cyp,sex_f,ocu_isco08_4,2014,0.431
cyp,sex_f,ocu_isco08_4,2015,0.891
cyp,sex_f,ocu_isco08_4,2016,0.482
cyp,sex_f,ocu_isco08_4,2017,0.746
cyp,sex_f,ocu_isco08_4,2021,1.035
cyp,sex_f,ocu_isco08_5,2011,3.602
cyp,sex_f,ocu_isco08_5,2012,5.09
cyp,sex_f,ocu_isco08_5,2013,4.771
cyp,sex_f,ocu_isco08_5,2014,4.768
cyp,sex_f,ocu_isco08_5,2015,4.41
cyp,sex_f,ocu_isco08_5,2016,3.883
cyp,sex_f,ocu_isco08_5,2017,4.292
cyp,sex_f,ocu_isco08_5,2018,4.199
cyp,sex_f,ocu_isco08_5,2019,3.601
cyp,sex_f,ocu_isco08_5,2020,3.389
cyp,sex_f,ocu_isco08_5,2021,4.508
cyp,sex_f,ocu_isco08_5,2022,3.986
cyp,sex_f,ocu_isco08_5,2023,3.887
cyp,sex_f,ocu_isco08_9,2011,3.823
cyp,sex_f,ocu_isco08_9,2012,5.321
cyp,sex_f,ocu_isco08_9,2013,2.753
cyp,sex_f,ocu_isco08_9,2014,2.846
cyp,sex_f,ocu_isco08_9,2015,4.132
cyp,sex_f,ocu_isco08_9,2016,3.774
cyp,sex_f,ocu_isco08_9,2017,2.878
cyp,sex_f,ocu_isco08_9,2018,2.44
cyp,sex_f,ocu_isco08_9,2019,2.729
cyp,sex_f,ocu_isco08_9,2020,2.268
cyp,sex_f,ocu_isco08_9,2021,1.372
cyp,sex_f,ocu_isco08_9,2022,1.794
cyp,sex_f,ocu_isco08_9,2023,1.867
cyp,sex_f,ocu_isco08_total,2011,9.133
cyp,sex_f,ocu_isco08_total,2012,11.797
cyp,sex_f,ocu_isco08_total,2013,8.822
cyp,sex_f,ocu_isco08_total,2014,9.207
cyp,sex_f,ocu_isco08_total,2015,9.982
cyp,sex_f,ocu_isco08_total,2016,8.879
cyp,sex_f,ocu_isco08_total,2017,8.841
cyp,sex_f,ocu_isco08_total,2018,7.756
cyp,sex_f,ocu_isco08_total,2019,7.4
cyp,sex_f,ocu_isco08_total,2020,6.874
cyp,sex_f,ocu_isco08_total,2021,7.14
cyp,sex_f,ocu_isco08_total,2022,6.481
cyp,sex_f,ocu_isco08_total,2023,6.417
cyp,sex_f,ocu_isco88_2,2007,0.81
cyp,sex_f,ocu_isco88_2,2008,0.328
cyp,sex_f,ocu_isco88_2,2009,0.594
cyp,sex_f,ocu_isco88_3,2007,0.408
cyp,sex_f,ocu_isco88_3,2008,0.821
cyp,sex_f,ocu_isco88_3,2010,0.452
cyp,sex_f,ocu_isco88_4,2007,0.456
cyp,sex_f,ocu_isco88_4,2008,1.178
cyp,sex_f,ocu_isco88_4,2009,0.831
cyp,sex_f,ocu_isco88_5,2007,1.401
cyp,sex_f,ocu_isco88_5,2008,1.246
cyp,sex_f,ocu_isco88_5,2010,0.709
cyp,sex_f,ocu_isco88_9,2007,2.424
cyp,sex_f,ocu_isco88_9,2008,3.754
cyp,sex_f,ocu_isco88_9,2009,1.973
cyp,sex_f,ocu_isco88_9,2010,2.633
cyp,sex_f,ocu_isco88_total,2007,5.808
cyp,sex_f,ocu_isco88_total,2008,7.858
cyp,sex_f,ocu_isco88_total,2009,4.602
cyp,sex_f,ocu_isco88_total,2010,4.787
cyp,sex_f,ocu_skill_l1,2007,2.424
cyp,sex_f,ocu_skill_l1,2008,3.754
cyp,sex_f,ocu_skill_l1,2009,1.973
cyp,sex_f,ocu_skill_l1,2010,2.633
cyp,sex_f,ocu_skill_l1,2011,3.823
cyp,sex_f,ocu_skill_l1,2012,5.321
cyp,sex_f,ocu_skill_l1,2013,2.753
cyp,sex_f,ocu_skill_l1,2014,2.846
cyp,sex_f,ocu_skill_l1,2015,4.132
cyp,sex_f,ocu_skill_l1,2016,3.774
cyp,sex_f,ocu_skill_l1,2017,2.878
cyp,sex_f,ocu_skill_l1,2018,2.44
cyp,sex_f,ocu_skill_l1,2019,2.729
cyp,sex_f,ocu_skill_l1,2020,2.268
cyp,sex_f,ocu_skill_l1,2021,1.372
cyp,sex_f,ocu_skill_l1,2022,1.794
cyp,sex_f,ocu_skill_l1,2023,1.867
cyp,sex_f,ocu_skill_l2,2007,2.165
cyp,sex_f,ocu_skill_l2,2008,2.955
cyp,sex_f,ocu_skill_l2,2009,1.628
cyp,sex_f,ocu_skill_l2,2010,1.6
cyp,sex_f,ocu_skill_l2,2011,4.666
cyp,sex_f,ocu_skill_l2,2012,5.681
cyp,sex_f,ocu_skill_l2,2013,5.439
cyp,sex_f,ocu_skill_l2,2014,5.354
cyp,sex_f,ocu_skill_l2,2015,5.301
cyp,sex_f,ocu_skill_l2,2016,4.365
cyp,sex_f,ocu_skill_l2,2017,5.087
cyp,sex_f,ocu_skill_l2,2018,4.199
cyp,sex_f,ocu_skill_l2,2019,3.985
cyp,sex_f,ocu_skill_l2,2020,3.749
cyp,sex_f,ocu_skill_l2,2021,5.543
cyp,sex_f,ocu_skill_l2,2022,4.42
cyp,sex_f,ocu_skill_l2,2023,4.14
cyp,sex_f,ocu_skill_l3_4,2007,1.218
cyp,sex_f,ocu_skill_l3_4,2008,1.149
cyp,sex_f,ocu_skill_l3_4,2009,1.001
cyp,sex_f,ocu_skill_l3_4,2010,0.554
cyp,sex_f,ocu_skill_l3_4,2011,0.643
cyp,sex_f,ocu_skill_l3_4,2012,0.795
cyp,sex_f,ocu_skill_l3_4,2013,0.629
cyp,sex_f,ocu_skill_l3_4,2014,1.007
cyp,sex_f,ocu_skill_l3_4,2015,0.549
cyp,sex_f,ocu_skill_l3_4,2016,0.739
cyp,sex_f,ocu_skill_l3_4,2017,0.875
cyp,sex_f,ocu_skill_l3_4,2018,1.117
cyp,sex_f,ocu_skill_l3_4,2019,0.686
cyp,sex_f,ocu_skill_l3_4,2020,0.857
cyp,sex_f,ocu_skill_l3_4,2021,0.225
cyp,sex_f,ocu_skill_l3_4,2023,0.41
cyp,sex_f,ocu_skill_total,2007,5.808
cyp,sex_f,ocu_skill_total,2008,7.858
cyp,sex_f,ocu_skill_total,2009,4.602
cyp,sex_f,ocu_skill_total,2010,4.787
cyp,sex_f,ocu_skill_total,2011,9.133
cyp,sex_f,ocu_skill_total,2012,11.797
cyp,sex_f,ocu_skill_total,2013,8.822
cyp,sex_f,ocu_skill_total,2014,9.207
cyp,sex_f,ocu_skill_total,2015,9.982
cyp,sex_f,ocu_skill_total,2016,8.879
cyp,sex_f,ocu_skill_total,2017,8.841
cyp,sex_f,ocu_skill_total,2018,7.756
cyp,sex_f,ocu_skill_total,2019,7.4
cyp,sex_f,ocu_skill_total,2020,6.874
cyp,sex_f,ocu_skill_total,2021,7.14
cyp,sex_f,ocu_skill_total,2022,6.481
cyp,sex_f,ocu_skill_total,2023,6.417
cyp,sex_m,ocu_isco08_2,2011,0.795
cyp,sex_m,ocu_isco08_2,2012,0.323
cyp,sex_m,ocu_isco08_2,2013,0.349
cyp,sex_m,ocu_isco08_2,2017,0.679
cyp,sex_m,ocu_isco08_4,2012,0.409
cyp,sex_m,ocu_isco08_5,2011,0.974
cyp,sex_m,ocu_isco08_5,2012,0.999
cyp,sex_m,ocu_isco08_5,2013,1.37
cyp,sex_m,ocu_isco08_5,2014,1.223
cyp,sex_m,ocu_isco08_5,2015,1.616
cyp,sex_m,ocu_isco08_5,2016,1.608
cyp,sex_m,ocu_isco08_5,2017,1.462
cyp,sex_m,ocu_isco08_5,2018,1.196
cyp,sex_m,ocu_isco08_5,2019,1.219
cyp,sex_m,ocu_isco08_5,2020,1.72
cyp,sex_m,ocu_isco08_5,2021,2.01
cyp,sex_m,ocu_isco08_5,2022,1.292
cyp,sex_m,ocu_isco08_5,2023,1.145
cyp,sex_m,ocu_isco08_7,2011,0.521
cyp,sex_m,ocu_isco08_7,2012,0.707
cyp,sex_m,ocu_isco08_7,2014,0.472
cyp,sex_m,ocu_isco08_7,2015,0.856
cyp,sex_m,ocu_isco08_7,2016,0.927
cyp,sex_m,ocu_isco08_7,2017,0.6
cyp,sex_m,ocu_isco08_9,2011,1.371
cyp,sex_m,ocu_isco08_9,2012,0.99
cyp,sex_m,ocu_isco08_9,2013,0.313
cyp,sex_m,ocu_isco08_9,2014,0.879
cyp,sex_m,ocu_isco08_9,2015,1.023
cyp,sex_m,ocu_isco08_9,2016,0.596
cyp,sex_m,ocu_isco08_9,2017,0.688
cyp,sex_m,ocu_isco08_9,2018,0.941
cyp,sex_m,ocu_isco08_9,2019,0.556
cyp,sex_m,ocu_isco08_9,2020,0.772
cyp,sex_m,ocu_isco08_total,2011,4.391
cyp,sex_m,ocu_isco08_total,2012,4.06
cyp,sex_m,ocu_isco08_total,2013,2.482
cyp,sex_m,ocu_isco08_total,2014,3.607
cyp,sex_m,ocu_isco08_total,2015,4.271
cyp,sex_m,ocu_isco08_total,2016,3.928
cyp,sex_m,ocu_isco08_total,2017,3.756
cyp,sex_m,ocu_isco08_total,2018,3.348
cyp,sex_m,ocu_isco08_total,2019,3.316
cyp,sex_m,ocu_isco08_total,2020,3.369
cyp,sex_m,ocu_isco08_total,2021,3.274
cyp,sex_m,ocu_isco08_total,2022,3.75
cyp,sex_m,ocu_isco08_total,2023,1.731
cyp,sex_m,ocu_isco88_3,2007,0.806
cyp,sex_m,ocu_isco88_3,2008,0.902
cyp,sex_m,ocu_isco88_3,2009,0.244
cyp,sex_m,ocu_isco88_5,2007,0.413
cyp,sex_m,ocu_isco88_5,2008,0.935
cyp,sex_m,ocu_isco88_7,2007,0.67
cyp,sex_m,ocu_isco88_7,2008,0.634
cyp,sex_m,ocu_isco88_7,2009,0.931
cyp,sex_m,ocu_isco88_7,2010,1.216
cyp,sex_m,ocu_isco88_9,2007,1.109
cyp,sex_m,ocu_isco88_9,2008,0.985
cyp,sex_m,ocu_isco88_9,2009,0.864
cyp,sex_m,ocu_isco88_9,2010,1.508
cyp,sex_m,ocu_isco88_total,2007,4.228
cyp,sex_m,ocu_isco88_total,2008,3.648
cyp,sex_m,ocu_isco88_total,2009,2.982
cyp,sex_m,ocu_isco88_total,2010,4.021
cyp,sex_m,ocu_skill_l1,2007,1.109
cyp,sex_m,ocu_skill_l1,2008,0.985
cyp,sex_m,ocu_skill_l1,2009,0.864
cyp,sex_m,ocu_skill_l1,2010,1.508
cyp,sex_m,ocu_skill_l1,2011,1.371
cyp,sex_m,ocu_skill_l1,2012,0.99
cyp,sex_m,ocu_skill_l1,2013,0.313
cyp,sex_m,ocu_skill_l1,2014,0.879
cyp,sex_m,ocu_skill_l1,2015,1.023
cyp,sex_m,ocu_skill_l1,2016,0.596
cyp,sex_m,ocu_skill_l1,2017,0.688
cyp,sex_m,ocu_skill_l1,2018,0.941
cyp,sex_m,ocu_skill_l1,2019,0.556
cyp,sex_m,ocu_skill_l1,2020,0.772
cyp,sex_m,ocu_skill_l2,2007,1.925
cyp,sex_m,ocu_skill_l2,2008,1.608
cyp,sex_m,ocu_skill_l2,2009,1.326
cyp,sex_m,ocu_skill_l2,2010,1.96
cyp,sex_m,ocu_skill_l2,2011,1.938
cyp,sex_m,ocu_skill_l2,2012,2.115
cyp,sex_m,ocu_skill_l2,2013,1.584
cyp,sex_m,ocu_skill_l2,2014,2.238
cyp,sex_m,ocu_skill_l2,2015,2.733
cyp,sex_m,ocu_skill_l2,2016,2.662
cyp,sex_m,ocu_skill_l2,2017,2.136
cyp,sex_m,ocu_skill_l2,2018,1.869
cyp,sex_m,ocu_skill_l2,2019,2.058
cyp,sex_m,ocu_skill_l2,2020,2.378
cyp,sex_m,ocu_skill_l2,2021,2.302
cyp,sex_m,ocu_skill_l2,2022,1.76
cyp,sex_m,ocu_skill_l2,2023,1.251
cyp,sex_m,ocu_skill_l3_4,2007,1.194
cyp,sex_m,ocu_skill_l3_4,2008,1.054
cyp,sex_m,ocu_skill_l3_4,2009,0.793
cyp,sex_m,ocu_skill_l3_4,2010,0.553
cyp,sex_m,ocu_skill_l3_4,2011,1.083
cyp,sex_m,ocu_skill_l3_4,2012,0.955
cyp,sex_m,ocu_skill_l3_4,2013,0.585
cyp,sex_m,ocu_skill_l3_4,2014,0.315
cyp,sex_m,ocu_skill_l3_4,2015,0.515
cyp,sex_m,ocu_skill_l3_4,2016,0.67
cyp,sex_m,ocu_skill_l3_4,2017,0.933
cyp,sex_m,ocu_skill_l3_4,2019,0.491
cyp,sex_m,ocu_skill_total,2007,4.228
cyp,sex_m,ocu_skill_total,2008,3.648
cyp,sex_m,ocu_skill_total,2009,2.982
cyp,sex_m,ocu_skill_total,2010,4.021
cyp,sex_m,ocu_skill_total,2011,4.391
cyp,sex_m,ocu_skill_total,2012,4.06
cyp,sex_m,ocu_skill_total,2013,2.482
cyp,sex_m,ocu_skill_total,2014,3.607
cyp,sex_m,ocu_skill_total,2015,4.271
cyp,sex_m,ocu_skill_total,2016,3.928
cyp,sex_m,ocu_skill_total,2017,3.756
cyp,sex_m,ocu_skill_total,2018,3.348
cyp,sex_m,ocu_skill_total,2019,3.316
cyp,sex_m,ocu_skill_total,2020,3.369
cyp,sex_m,ocu_skill_total,2021,3.274
cyp,sex_m,ocu_skill_total,2022,3.75
cyp,sex_m,ocu_skill_total,2023,1.731
cyp,sex_t,ocu_isco08_2,2011,1.294
cyp,sex_t,ocu_isco08_2,2012,0.985
cyp,sex_t,ocu_isco08_2,2013,0.818
cyp,sex_t,ocu_isco08_2,2014,0.725
cyp,sex_t,ocu_isco08_2,2015,0.87
cyp,sex_t,ocu_isco08_2,2016,0.815
cyp,sex_t,ocu_isco08_2,2017,1.429
cyp,sex_t,ocu_isco08_2,2018,0.978
cyp,sex_t,ocu_isco08_2,2019,0.665
cyp,sex_t,ocu_isco08_2,2020,0.855
cyp,sex_t,ocu_isco08_2,2021,0.46
cyp,sex_t,ocu_isco08_2,2022,1.631
cyp,sex_t,ocu_isco08_2,2023,0.734
cyp,sex_t,ocu_isco08_3,2011,0.387
cyp,sex_t,ocu_isco08_3,2012,0.643
cyp,sex_t,ocu_isco08_3,2014,0.555
cyp,sex_t,ocu_isco08_3,2016,0.595
cyp,sex_t,ocu_isco08_3,2017,0.379
cyp,sex_t,ocu_isco08_4,2011,1.27
cyp,sex_t,ocu_isco08_4,2012,0.797
cyp,sex_t,ocu_isco08_4,2013,0.632
cyp,sex_t,ocu_isco08_4,2014,0.746
cyp,sex_t,ocu_isco08_4,2015,1.061
cyp,sex_t,ocu_isco08_4,2016,0.511
cyp,sex_t,ocu_isco08_4,2017,0.746
cyp,sex_t,ocu_isco08_4,2019,0.669
cyp,sex_t,ocu_isco08_4,2020,0.453
cyp,sex_t,ocu_isco08_4,2021,1.104
cyp,sex_t,ocu_isco08_5,2011,4.576
cyp,sex_t,ocu_isco08_5,2012,6.089
cyp,sex_t,ocu_isco08_5,2013,6.141
cyp,sex_t,ocu_isco08_5,2014,5.991
cyp,sex_t,ocu_isco08_5,2015,6.026
cyp,sex_t,ocu_isco08_5,2016,5.491
cyp,sex_t,ocu_isco08_5,2017,5.754
cyp,sex_t,ocu_isco08_5,2018,5.394
cyp,sex_t,ocu_isco08_5,2019,4.82
cyp,sex_t,ocu_isco08_5,2020,5.109
cyp,sex_t,ocu_isco08_5,2021,6.518
cyp,sex_t,ocu_isco08_5,2022,5.277
cyp,sex_t,ocu_isco08_5,2023,5.032
cyp,sex_t,ocu_isco08_7,2011,0.567
cyp,sex_t,ocu_isco08_7,2012,0.775
cyp,sex_t,ocu_isco08_7,2014,0.472
cyp,sex_t,ocu_isco08_7,2015,0.856
cyp,sex_t,ocu_isco08_7,2016,0.927
cyp,sex_t,ocu_isco08_7,2017,0.637
cyp,sex_t,ocu_isco08_8,2014,0.358
cyp,sex_t,ocu_isco08_9,2011,5.194
cyp,sex_t,ocu_isco08_9,2012,6.311
cyp,sex_t,ocu_isco08_9,2013,3.066
cyp,sex_t,ocu_isco08_9,2014,3.725
cyp,sex_t,ocu_isco08_9,2015,5.155
cyp,sex_t,ocu_isco08_9,2016,4.37
cyp,sex_t,ocu_isco08_9,2017,3.565
cyp,sex_t,ocu_isco08_9,2018,3.381
cyp,sex_t,ocu_isco08_9,2019,3.285
cyp,sex_t,ocu_isco08_9,2020,3.04
cyp,sex_t,ocu_isco08_9,2021,1.962
cyp,sex_t,ocu_isco08_9,2022,2.249
cyp,sex_t,ocu_isco08_9,2023,2
cyp,sex_t,ocu_isco08_total,2011,13.524
cyp,sex_t,ocu_isco08_total,2012,15.857
cyp,sex_t,ocu_isco08_total,2013,11.304
cyp,sex_t,ocu_isco08_total,2014,12.814
cyp,sex_t,ocu_isco08_total,2015,14.253
cyp,sex_t,ocu_isco08_total,2016,12.807
cyp,sex_t,ocu_isco08_total,2017,12.597
cyp,sex_t,ocu_isco08_total,2018,11.104
cyp,sex_t,ocu_isco08_total,2019,10.716
cyp,sex_t,ocu_isco08_total,2020,10.243
cyp,sex_t,ocu_isco08_total,2021,10.415
cyp,sex_t,ocu_isco08_total,2022,10.231
cyp,sex_t,ocu_isco08_total,2023,8.147
cyp,sex_t,ocu_isco88_2,2007,1.164
cyp,sex_t,ocu_isco88_2,2008,0.48
cyp,sex_t,ocu_isco88_2,2009,0.903
cyp,sex_t,ocu_isco88_2,2010,0.336
cyp,sex_t,ocu_isco88_3,2007,1.214
cyp,sex_t,ocu_isco88_3,2008,1.723
cyp,sex_t,ocu_isco88_3,2009,0.651
cyp,sex_t,ocu_isco88_3,2010,0.656
cyp,sex_t,ocu_isco88_4,2007,0.956
cyp,sex_t,ocu_isco88_4,2008,1.178
cyp,sex_t,ocu_isco88_4,2009,0.863
cyp,sex_t,ocu_isco88_4,2010,0.646
cyp,sex_t,ocu_isco88_5,2007,1.814
cyp,sex_t,ocu_isco88_5,2008,2.181
cyp,sex_t,ocu_isco88_5,2009,0.692
cyp,sex_t,ocu_isco88_5,2010,0.912
cyp,sex_t,ocu_isco88_7,2007,0.772
cyp,sex_t,ocu_isco88_7,2008,0.836
cyp,sex_t,ocu_isco88_7,2009,1.133
cyp,sex_t,ocu_isco88_7,2010,1.554
cyp,sex_t,ocu_isco88_8,2007,0.288
cyp,sex_t,ocu_isco88_8,2010,0.359
cyp,sex_t,ocu_isco88_9,2007,3.533
cyp,sex_t,ocu_isco88_9,2008,4.739
cyp,sex_t,ocu_isco88_9,2009,2.836
cyp,sex_t,ocu_isco88_9,2010,4.141
cyp,sex_t,ocu_isco88_total,2007,10.036
cyp,sex_t,ocu_isco88_total,2008,11.505
cyp,sex_t,ocu_isco88_total,2009,7.584
cyp,sex_t,ocu_isco88_total,2010,8.808
cyp,sex_t,ocu_skill_l1,2007,3.533
cyp,sex_t,ocu_skill_l1,2008,4.739
cyp,sex_t,ocu_skill_l1,2009,2.836
cyp,sex_t,ocu_skill_l1,2010,4.141
cyp,sex_t,ocu_skill_l1,2011,5.194
cyp,sex_t,ocu_skill_l1,2012,6.311
cyp,sex_t,ocu_skill_l1,2013,3.066
cyp,sex_t,ocu_skill_l1,2014,3.725
cyp,sex_t,ocu_skill_l1,2015,5.155
cyp,sex_t,ocu_skill_l1,2016,4.37
cyp,sex_t,ocu_skill_l1,2017,3.565
cyp,sex_t,ocu_skill_l1,2018,3.381
cyp,sex_t,ocu_skill_l1,2019,3.285
cyp,sex_t,ocu_skill_l1,2020,3.04
cyp,sex_t,ocu_skill_l1,2021,1.962
cyp,sex_t,ocu_skill_l1,2022,2.249
cyp,sex_t,ocu_skill_l1,2023,2
cyp,sex_t,ocu_skill_l2,2007,4.09
cyp,sex_t,ocu_skill_l2,2008,4.563
cyp,sex_t,ocu_skill_l2,2009,2.954
cyp,sex_t,ocu_skill_l2,2010,3.56
cyp,sex_t,ocu_skill_l2,2011,6.604
cyp,sex_t,ocu_skill_l2,2012,7.795
cyp,sex_t,ocu_skill_l2,2013,7.023
cyp,sex_t,ocu_skill_l2,2014,7.592
cyp,sex_t,ocu_skill_l2,2015,8.034
cyp,sex_t,ocu_skill_l2,2016,7.027
cyp,sex_t,ocu_skill_l2,2017,7.223
cyp,sex_t,ocu_skill_l2,2018,6.068
cyp,sex_t,ocu_skill_l2,2019,6.043
cyp,sex_t,ocu_skill_l2,2020,6.127
cyp,sex_t,ocu_skill_l2,2021,7.845
cyp,sex_t,ocu_skill_l2,2022,6.179
cyp,sex_t,ocu_skill_l2,2023,5.39
cyp,sex_t,ocu_skill_l3_4,2007,2.413
cyp,sex_t,ocu_skill_l3_4,2008,2.203
cyp,sex_t,ocu_skill_l3_4,2009,1.794
cyp,sex_t,ocu_skill_l3_4,2010,1.107
cyp,sex_t,ocu_skill_l3_4,2011,1.726
cyp,sex_t,ocu_skill_l3_4,2012,1.751
cyp,sex_t,ocu_skill_l3_4,2013,1.214
cyp,sex_t,ocu_skill_l3_4,2014,1.322
cyp,sex_t,ocu_skill_l3_4,2015,1.064
cyp,sex_t,ocu_skill_l3_4,2016,1.41
cyp,sex_t,ocu_skill_l3_4,2017,1.809
cyp,sex_t,ocu_skill_l3_4,2018,1.477
cyp,sex_t,ocu_skill_l3_4,2019,1.177
cyp,sex_t,ocu_skill_l3_4,2020,1.075
cyp,sex_t,ocu_skill_l3_4,2021,0.561
cyp,sex_t,ocu_skill_l3_4,2022,1.804
cyp,sex_t,ocu_skill_l3_4,2023,0.757
cyp,sex_t,ocu_skill_total,2007,10.036
cyp,sex_t,ocu_skill_total,2008,11.505
cyp,sex_t,ocu_skill_total,2009,7.584
cyp,sex_t,ocu_skill_total,2010,8.808
cyp,sex_t,ocu_skill_total,2011,13.524
cyp,sex_t,ocu_skill_total,2012,15.857
cyp,sex_t,ocu_skill_total,2013,11.304
cyp,sex_t,ocu_skill_total,2014,12.814
cyp,sex_t,ocu_skill_total,2015,14.253
cyp,sex_t,ocu_skill_total,2016,12.807
cyp,sex_t,ocu_skill_total,2017,12.597
cyp,sex_t,ocu_skill_total,2018,11.104
cyp,sex_t,ocu_skill_total,2019,10.716
cyp,sex_t,ocu_skill_total,2020,10.243
cyp,sex_t,ocu_skill_total,2021,10.415
cyp,sex_t,ocu_skill_total,2022,10.231
cyp,sex_t,ocu_skill_total,2023,8.147
cze,sex_f,ocu_isco08_2,2012,4.579
cze,sex_f,ocu_isco08_2,2013,3.664
cze,sex_f,ocu_isco08_2,2014,3.879
cze,sex_f,ocu_isco08_2,2016,3.635
cze,sex_f,ocu_isco08_2,2017,3.534
cze,sex_f,ocu_isco08_3,2013,7.989
cze,sex_f,ocu_isco08_3,2014,5.488
cze,sex_f,ocu_isco08_3,2015,5.833
cze,sex_f,ocu_isco08_3,2016,3.747
cze,sex_f,ocu_isco08_3,2018,4.736
cze,sex_f,ocu_isco08_3,2022,6.06
cze,sex_f,ocu_isco08_3,2023,3.468
cze,sex_f,ocu_isco08_4,2011,4.092
cze,sex_f,ocu_isco08_4,2012,10.276
cze,sex_f,ocu_isco08_4,2013,9.782
cze,sex_f,ocu_isco08_4,2014,8.343
cze,sex_f,ocu_isco08_4,2015,7.051
cze,sex_f,ocu_isco08_4,2016,7.858
cze,sex_f,ocu_isco08_4,2017,7.109
cze,sex_f,ocu_isco08_4,2018,6.287
cze,sex_f,ocu_isco08_4,2019,6.526
cze,sex_f,ocu_isco08_4,2020,7.62
cze,sex_f,ocu_isco08_4,2021,4.922
cze,sex_f,ocu_isco08_4,2022,7.247
cze,sex_f,ocu_isco08_4,2023,9.428
cze,sex_f,ocu_isco08_5,2011,39.028
cze,sex_f,ocu_isco08_5,2012,41.68
cze,sex_f,ocu_isco08_5,2013,51.67
cze,sex_f,ocu_isco08_5,2014,51.942
cze,sex_f,ocu_isco08_5,2015,55.197
cze,sex_f,ocu_isco08_5,2016,53.034
cze,sex_f,ocu_isco08_5,2017,61.681
cze,sex_f,ocu_isco08_5,2018,50.171
cze,sex_f,ocu_isco08_5,2019,46.608
cze,sex_f,ocu_isco08_5,2020,39.891
cze,sex_f,ocu_isco08_5,2021,39.753
cze,sex_f,ocu_isco08_5,2022,29.109
cze,sex_f,ocu_isco08_5,2023,38.175
cze,sex_f,ocu_isco08_7,2011,5.858
cze,sex_f,ocu_isco08_7,2019,2.818
cze,sex_f,ocu_isco08_8,2011,3.985
cze,sex_f,ocu_isco08_8,2014,2.95
cze,sex_f,ocu_isco08_9,2012,3.311
cze,sex_f,ocu_isco08_9,2013,7.881
cze,sex_f,ocu_isco08_9,2014,10.084
cze,sex_f,ocu_isco08_9,2015,5.602
cze,sex_f,ocu_isco08_9,2016,7.177
cze,sex_f,ocu_isco08_9,2017,5.36
cze,sex_f,ocu_isco08_9,2018,6.308
cze,sex_f,ocu_isco08_9,2019,3.619
cze,sex_f,ocu_isco08_9,2021,4.578
cze,sex_f,ocu_isco08_9,2022,4.594
cze,sex_f,ocu_isco08_9,2023,9.843
cze,sex_f,ocu_isco08_total,2011,60.491
cze,sex_f,ocu_isco08_total,2012,64.784
cze,sex_f,ocu_isco08_total,2013,87.499
cze,sex_f,ocu_isco08_total,2014,86.293
cze,sex_f,ocu_isco08_total,2015,82.172
cze,sex_f,ocu_isco08_total,2016,80.618
cze,sex_f,ocu_isco08_total,2017,89.031
cze,sex_f,ocu_isco08_total,2018,74.687
cze,sex_f,ocu_isco08_total,2019,64.817
cze,sex_f,ocu_isco08_total,2020,58.736
cze,sex_f,ocu_isco08_total,2021,55.624
cze,sex_f,ocu_isco08_total,2022,50.668
cze,sex_f,ocu_isco08_total,2023,70.112
cze,sex_f,ocu_isco88_2,2007,3.299
cze,sex_f,ocu_isco88_2,2009,4.224
cze,sex_f,ocu_isco88_3,2007,3.267
cze,sex_f,ocu_isco88_3,2008,4.778
cze,sex_f,ocu_isco88_3,2009,4.351
cze,sex_f,ocu_isco88_4,2008,8.256
cze,sex_f,ocu_isco88_4,2009,4.063
cze,sex_f,ocu_isco88_4,2010,4.846
cze,sex_f,ocu_isco88_5,2007,3.577
cze,sex_f,ocu_isco88_5,2008,6.475
cze,sex_f,ocu_isco88_5,2009,8.895
cze,sex_f,ocu_isco88_5,2010,7.263
cze,sex_f,ocu_isco88_7,2008,2.89
cze,sex_f,ocu_isco88_9,2007,5.844
cze,sex_f,ocu_isco88_9,2008,2.957
cze,sex_f,ocu_isco88_9,2010,4.064
cze,sex_f,ocu_isco88_total,2007,20.358
cze,sex_f,ocu_isco88_total,2008,29.661
cze,sex_f,ocu_isco88_total,2009,27.451
cze,sex_f,ocu_isco88_total,2010,21.596
cze,sex_f,ocu_skill_l1,2007,5.844
cze,sex_f,ocu_skill_l1,2008,2.957
cze,sex_f,ocu_skill_l1,2010,4.064
cze,sex_f,ocu_skill_l1,2012,3.311
cze,sex_f,ocu_skill_l1,2013,7.881
cze,sex_f,ocu_skill_l1,2014,10.084
cze,sex_f,ocu_skill_l1,2015,5.602
cze,sex_f,ocu_skill_l1,2016,7.177
cze,sex_f,ocu_skill_l1,2017,5.36
cze,sex_f,ocu_skill_l1,2018,6.308
cze,sex_f,ocu_skill_l1,2019,3.619
cze,sex_f,ocu_skill_l1,2021,4.578
cze,sex_f,ocu_skill_l1,2022,4.594
cze,sex_f,ocu_skill_l1,2023,9.843
cze,sex_f,ocu_skill_l2,2007,7.948
cze,sex_f,ocu_skill_l2,2008,20.036
cze,sex_f,ocu_skill_l2,2009,17.007
cze,sex_f,ocu_skill_l2,2010,14.08
cze,sex_f,ocu_skill_l2,2011,53.626
cze,sex_f,ocu_skill_l2,2012,54.873
cze,sex_f,ocu_skill_l2,2013,67.311
cze,sex_f,ocu_skill_l2,2014,66.037
cze,sex_f,ocu_skill_l2,2015,65.982
cze,sex_f,ocu_skill_l2,2016,65.465
cze,sex_f,ocu_skill_l2,2017,74.879
cze,sex_f,ocu_skill_l2,2018,60.68
cze,sex_f,ocu_skill_l2,2019,56.772
cze,sex_f,ocu_skill_l2,2020,52.109
cze,sex_f,ocu_skill_l2,2021,47.508
cze,sex_f,ocu_skill_l2,2022,37.899
cze,sex_f,ocu_skill_l2,2023,52.15
cze,sex_f,ocu_skill_l3_4,2007,6.566
cze,sex_f,ocu_skill_l3_4,2008,6.668
cze,sex_f,ocu_skill_l3_4,2009,8.575
cze,sex_f,ocu_skill_l3_4,2010,3.452
cze,sex_f,ocu_skill_l3_4,2011,3.461
cze,sex_f,ocu_skill_l3_4,2012,6.599
cze,sex_f,ocu_skill_l3_4,2013,12.306
cze,sex_f,ocu_skill_l3_4,2014,10.172
cze,sex_f,ocu_skill_l3_4,2015,10.588
cze,sex_f,ocu_skill_l3_4,2016,7.976
cze,sex_f,ocu_skill_l3_4,2017,8.792
cze,sex_f,ocu_skill_l3_4,2018,7.699
cze,sex_f,ocu_skill_l3_4,2019,4.426
cze,sex_f,ocu_skill_l3_4,2020,3.761
cze,sex_f,ocu_skill_l3_4,2022,8.174
cze,sex_f,ocu_skill_l3_4,2023,8.12
cze,sex_f,ocu_skill_total,2007,20.358
cze,sex_f,ocu_skill_total,2008,29.661
cze,sex_f,ocu_skill_total,2009,27.451
cze,sex_f,ocu_skill_total,2010,21.596
cze,sex_f,ocu_skill_total,2011,60.491
cze,sex_f,ocu_skill_total,2012,64.784
cze,sex_f,ocu_skill_total,2013,87.499
cze,sex_f,ocu_skill_total,2014,86.293
cze,sex_f,ocu_skill_total,2015,82.172
cze,sex_f,ocu_skill_total,2016,80.618
cze,sex_f,ocu_skill_total,2017,89.031
cze,sex_f,ocu_skill_total,2018,74.687
cze,sex_f,ocu_skill_total,2019,64.817
cze,sex_f,ocu_skill_total,2020,58.736
cze,sex_f,ocu_skill_total,2021,55.624
cze,sex_f,ocu_skill_total,2022,50.668
cze,sex_f,ocu_skill_total,2023,70.112
cze,sex_m,ocu_isco08_2,2017,4.435
cze,sex_m,ocu_isco08_3,2020,4.208
cze,sex_m,ocu_isco08_3,2021,3.953
cze,sex_m,ocu_isco08_4,2011,3.146
cze,sex_m,ocu_isco08_5,2011,5.868
cze,sex_m,ocu_isco08_5,2012,10.222
cze,sex_m,ocu_isco08_5,2013,5.1
cze,sex_m,ocu_isco08_5,2014,4.616
cze,sex_m,ocu_isco08_5,2015,9.075
cze,sex_m,ocu_isco08_5,2016,4.457
cze,sex_m,ocu_isco08_5,2017,5.288
cze,sex_m,ocu_isco08_5,2018,4.28
cze,sex_m,ocu_isco08_5,2019,3.598
cze,sex_m,ocu_isco08_5,2021,6.498
cze,sex_m,ocu_isco08_5,2022,6.846
cze,sex_m,ocu_isco08_5,2023,10.347
cze,sex_m,ocu_isco08_7,2011,7.09
cze,sex_m,ocu_isco08_7,2012,4.718
cze,sex_m,ocu_isco08_7,2015,7.054
cze,sex_m,ocu_isco08_7,2017,3.447
cze,sex_m,ocu_isco08_7,2021,6.181
cze,sex_m,ocu_isco08_7,2022,4.099
cze,sex_m,ocu_isco08_7,2023,7.54
cze,sex_m,ocu_isco08_8,2011,6.24
cze,sex_m,ocu_isco08_8,2014,4.345
cze,sex_m,ocu_isco08_8,2019,4.264
cze,sex_m,ocu_isco08_8,2022,7.606
cze,sex_m,ocu_isco08_9,2013,3.942
cze,sex_m,ocu_isco08_9,2015,9.21
cze,sex_m,ocu_isco08_9,2016,9.424
cze,sex_m,ocu_isco08_9,2018,2.385
cze,sex_m,ocu_isco08_total,2011,31.236
cze,sex_m,ocu_isco08_total,2012,31.237
cze,sex_m,ocu_isco08_total,2013,17.266
cze,sex_m,ocu_isco08_total,2014,18.288
cze,sex_m,ocu_isco08_total,2015,38.13
cze,sex_m,ocu_isco08_total,2016,22.497
cze,sex_m,ocu_isco08_total,2017,21.483
cze,sex_m,ocu_isco08_total,2018,13.68
cze,sex_m,ocu_isco08_total,2019,14.826
cze,sex_m,ocu_isco08_total,2020,16.767
cze,sex_m,ocu_isco08_total,2021,23.158
cze,sex_m,ocu_isco08_total,2022,27.715
cze,sex_m,ocu_isco08_total,2023,27.875
cze,sex_m,ocu_isco88_5,2008,3.271
cze,sex_m,ocu_isco88_7,2007,2.793
cze,sex_m,ocu_isco88_7,2008,3.107
cze,sex_m,ocu_isco88_7,2010,4.637
cze,sex_m,ocu_isco88_8,2007,3.603
cze,sex_m,ocu_isco88_8,2008,3.324
cze,sex_m,ocu_isco88_8,2010,4.423
cze,sex_m,ocu_isco88_9,2007,2.543
cze,sex_m,ocu_isco88_total,2007,15.705
cze,sex_m,ocu_isco88_total,2008,14.898
cze,sex_m,ocu_isco88_total,2009,10.004
cze,sex_m,ocu_isco88_total,2010,13.03
cze,sex_m,ocu_skill_l1,2007,2.543
cze,sex_m,ocu_skill_l1,2013,3.942
cze,sex_m,ocu_skill_l1,2015,9.21
cze,sex_m,ocu_skill_l1,2016,9.424
cze,sex_m,ocu_skill_l1,2018,2.385
cze,sex_m,ocu_skill_l2,2007,9.622
cze,sex_m,ocu_skill_l2,2008,12.299
cze,sex_m,ocu_skill_l2,2009,7.214
cze,sex_m,ocu_skill_l2,2010,10.497
cze,sex_m,ocu_skill_l2,2011,23.148
cze,sex_m,ocu_skill_l2,2012,21.466
cze,sex_m,ocu_skill_l2,2013,8.91
cze,sex_m,ocu_skill_l2,2014,10.06
cze,sex_m,ocu_skill_l2,2015,23.4
cze,sex_m,ocu_skill_l2,2016,7.866
cze,sex_m,ocu_skill_l2,2017,11.949
cze,sex_m,ocu_skill_l2,2018,9.105
cze,sex_m,ocu_skill_l2,2019,9.638
cze,sex_m,ocu_skill_l2,2020,11.827
cze,sex_m,ocu_skill_l2,2021,15.733
cze,sex_m,ocu_skill_l2,2022,23.089
cze,sex_m,ocu_skill_l2,2023,22.15
cze,sex_m,ocu_skill_l3_4,2007,3.54
cze,sex_m,ocu_skill_l3_4,2011,7.144
cze,sex_m,ocu_skill_l3_4,2012,5.837
cze,sex_m,ocu_skill_l3_4,2013,4.413
cze,sex_m,ocu_skill_l3_4,2014,4.016
cze,sex_m,ocu_skill_l3_4,2015,5.521
cze,sex_m,ocu_skill_l3_4,2016,5.207
cze,sex_m,ocu_skill_l3_4,2017,6.225
cze,sex_m,ocu_skill_l3_4,2020,4.208
cze,sex_m,ocu_skill_l3_4,2021,5.067
cze,sex_m,ocu_skill_l3_4,2023,5.725
cze,sex_m,ocu_skill_total,2007,15.705
cze,sex_m,ocu_skill_total,2008,14.898
cze,sex_m,ocu_skill_total,2009,10.004
cze,sex_m,ocu_skill_total,2010,13.03
cze,sex_m,ocu_skill_total,2011,31.236
cze,sex_m,ocu_skill_total,2012,31.237
cze,sex_m,ocu_skill_total,2013,17.266
cze,sex_m,ocu_skill_total,2014,18.288
cze,sex_m,ocu_skill_total,2015,38.13
cze,sex_m,ocu_skill_total,2016,22.497
cze,sex_m,ocu_skill_total,2017,21.483
cze,sex_m,ocu_skill_total,2018,13.68
cze,sex_m,ocu_skill_total,2019,14.826
cze,sex_m,ocu_skill_total,2020,16.767
cze,sex_m,ocu_skill_total,2021,23.158
cze,sex_m,ocu_skill_total,2022,27.715
cze,sex_m,ocu_skill_total,2023,27.875
cze,sex_t,ocu_isco08_2,2011,3.346
cze,sex_t,ocu_isco08_2,2012,6.367
cze,sex_t,ocu_isco08_2,2013,5.979
cze,sex_t,ocu_isco08_2,2014,5.378
cze,sex_t,ocu_isco08_2,2015,6.432
cze,sex_t,ocu_isco08_2,2016,5.622
cze,sex_t,ocu_isco08_2,2017,7.968
cze,sex_t,ocu_isco08_2,2022,5.779
cze,sex_t,ocu_isco08_2,2023,4.747
cze,sex_t,ocu_isco08_3,2011,7.259
cze,sex_t,ocu_isco08_3,2012,5.388
cze,sex_t,ocu_isco08_3,2013,10.087
cze,sex_t,ocu_isco08_3,2014,8.006
cze,sex_t,ocu_isco08_3,2015,8.811
cze,sex_t,ocu_isco08_3,2016,6.967
cze,sex_t,ocu_isco08_3,2017,5.07
cze,sex_t,ocu_isco08_3,2018,5.858
cze,sex_t,ocu_isco08_3,2019,5.077
cze,sex_t,ocu_isco08_3,2020,6.252
cze,sex_t,ocu_isco08_3,2021,3.953
cze,sex_t,ocu_isco08_3,2022,6.06
cze,sex_t,ocu_isco08_3,2023,8.515
cze,sex_t,ocu_isco08_4,2011,7.238
cze,sex_t,ocu_isco08_4,2012,12.8
cze,sex_t,ocu_isco08_4,2013,11.051
cze,sex_t,ocu_isco08_4,2014,8.343
cze,sex_t,ocu_isco08_4,2015,9.589
cze,sex_t,ocu_isco08_4,2016,7.858
cze,sex_t,ocu_isco08_4,2017,7.717
cze,sex_t,ocu_isco08_4,2018,6.287
cze,sex_t,ocu_isco08_4,2019,6.882
cze,sex_t,ocu_isco08_4,2020,8.09
cze,sex_t,ocu_isco08_4,2021,4.922
cze,sex_t,ocu_isco08_4,2022,10.341
cze,sex_t,ocu_isco08_4,2023,9.996
cze,sex_t,ocu_isco08_5,2011,44.897
cze,sex_t,ocu_isco08_5,2012,51.901
cze,sex_t,ocu_isco08_5,2013,56.77
cze,sex_t,ocu_isco08_5,2014,56.557
cze,sex_t,ocu_isco08_5,2015,64.271
cze,sex_t,ocu_isco08_5,2016,57.492
cze,sex_t,ocu_isco08_5,2017,66.969
cze,sex_t,ocu_isco08_5,2018,54.451
cze,sex_t,ocu_isco08_5,2019,50.206
cze,sex_t,ocu_isco08_5,2020,42.164
cze,sex_t,ocu_isco08_5,2021,46.252
cze,sex_t,ocu_isco08_5,2022,35.955
cze,sex_t,ocu_isco08_5,2023,48.522
cze,sex_t,ocu_isco08_6,2023,3.563
cze,sex_t,ocu_isco08_7,2011,12.948
cze,sex_t,ocu_isco08_7,2012,6.152
cze,sex_t,ocu_isco08_7,2013,3.308
cze,sex_t,ocu_isco08_7,2014,3.505
cze,sex_t,ocu_isco08_7,2015,8.841
cze,sex_t,ocu_isco08_7,2016,3.946
cze,sex_t,ocu_isco08_7,2017,6.027
cze,sex_t,ocu_isco08_7,2018,3.9
cze,sex_t,ocu_isco08_7,2019,4.239
cze,sex_t,ocu_isco08_7,2020,6.785
cze,sex_t,ocu_isco08_7,2021,7.856
cze,sex_t,ocu_isco08_7,2022,5.642
cze,sex_t,ocu_isco08_7,2023,7.54
cze,sex_t,ocu_isco08_8,2011,10.225
cze,sex_t,ocu_isco08_8,2012,3.923
cze,sex_t,ocu_isco08_8,2013,3.361
cze,sex_t,ocu_isco08_8,2014,7.295
cze,sex_t,ocu_isco08_8,2015,3.742
cze,sex_t,ocu_isco08_8,2016,3.342
cze,sex_t,ocu_isco08_8,2018,3.294
cze,sex_t,ocu_isco08_8,2019,4.264
cze,sex_t,ocu_isco08_8,2020,4.682
cze,sex_t,ocu_isco08_8,2021,4.211
cze,sex_t,ocu_isco08_8,2022,7.606
cze,sex_t,ocu_isco08_8,2023,4.678
cze,sex_t,ocu_isco08_9,2011,4.348
cze,sex_t,ocu_isco08_9,2012,7.246
cze,sex_t,ocu_isco08_9,2013,11.823
cze,sex_t,ocu_isco08_9,2014,14.296
cze,sex_t,ocu_isco08_9,2015,14.812
cze,sex_t,ocu_isco08_9,2016,16.602
cze,sex_t,ocu_isco08_9,2017,8.669
cze,sex_t,ocu_isco08_9,2018,8.693
cze,sex_t,ocu_isco08_9,2019,6.146
cze,sex_t,ocu_isco08_9,2021,6.937
cze,sex_t,ocu_isco08_9,2022,5.556
cze,sex_t,ocu_isco08_9,2023,9.843
cze,sex_t,ocu_isco08_total,2011,91.727
cze,sex_t,ocu_isco08_total,2012,96.02
cze,sex_t,ocu_isco08_total,2013,104.765
cze,sex_t,ocu_isco08_total,2014,104.582
cze,sex_t,ocu_isco08_total,2015,120.303
cze,sex_t,ocu_isco08_total,2016,103.115
cze,sex_t,ocu_isco08_total,2017,110.514
cze,sex_t,ocu_isco08_total,2018,88.367
cze,sex_t,ocu_isco08_total,2019,79.643
cze,sex_t,ocu_isco08_total,2020,75.504
cze,sex_t,ocu_isco08_total,2021,78.782
cze,sex_t,ocu_isco08_total,2022,78.383
cze,sex_t,ocu_isco08_total,2023,97.988
cze,sex_t,ocu_isco88_2,2007,3.775
cze,sex_t,ocu_isco88_2,2009,4.927
cze,sex_t,ocu_isco88_3,2007,5.631
cze,sex_t,ocu_isco88_3,2008,6.473
cze,sex_t,ocu_isco88_3,2009,4.351
cze,sex_t,ocu_isco88_4,2007,3.723
cze,sex_t,ocu_isco88_4,2008,8.845
cze,sex_t,ocu_isco88_4,2009,4.39
cze,sex_t,ocu_isco88_4,2010,5.122
cze,sex_t,ocu_isco88_5,2007,4.128
cze,sex_t,ocu_isco88_5,2008,9.747
cze,sex_t,ocu_isco88_5,2009,10.871
cze,sex_t,ocu_isco88_5,2010,8.424
cze,sex_t,ocu_isco88_6,2008,3.618
cze,sex_t,ocu_isco88_6,2009,2.752
cze,sex_t,ocu_isco88_7,2007,4.124
cze,sex_t,ocu_isco88_7,2008,5.998
cze,sex_t,ocu_isco88_7,2009,3.82
cze,sex_t,ocu_isco88_7,2010,5.599
cze,sex_t,ocu_isco88_8,2007,4.276
cze,sex_t,ocu_isco88_8,2008,4.128
cze,sex_t,ocu_isco88_8,2010,4.96
cze,sex_t,ocu_isco88_9,2007,8.387
cze,sex_t,ocu_isco88_9,2008,3.601
cze,sex_t,ocu_isco88_9,2009,3.956
cze,sex_t,ocu_isco88_9,2010,5.57
cze,sex_t,ocu_isco88_total,2007,36.063
cze,sex_t,ocu_isco88_total,2008,44.559
cze,sex_t,ocu_isco88_total,2009,37.455
cze,sex_t,ocu_isco88_total,2010,34.626
cze,sex_t,ocu_skill_l1,2007,8.387
cze,sex_t,ocu_skill_l1,2008,3.601
cze,sex_t,ocu_skill_l1,2009,3.956
cze,sex_t,ocu_skill_l1,2010,5.57
cze,sex_t,ocu_skill_l1,2011,4.348
cze,sex_t,ocu_skill_l1,2012,7.246
cze,sex_t,ocu_skill_l1,2013,11.823
cze,sex_t,ocu_skill_l1,2014,14.296
cze,sex_t,ocu_skill_l1,2015,14.812
cze,sex_t,ocu_skill_l1,2016,16.602
cze,sex_t,ocu_skill_l1,2017,8.669
cze,sex_t,ocu_skill_l1,2018,8.693
cze,sex_t,ocu_skill_l1,2019,6.146
cze,sex_t,ocu_skill_l1,2021,6.937
cze,sex_t,ocu_skill_l1,2022,5.556
cze,sex_t,ocu_skill_l1,2023,9.843
cze,sex_t,ocu_skill_l2,2007,17.57
cze,sex_t,ocu_skill_l2,2008,32.335
cze,sex_t,ocu_skill_l2,2009,24.221
cze,sex_t,ocu_skill_l2,2010,24.577
cze,sex_t,ocu_skill_l2,2011,76.774
cze,sex_t,ocu_skill_l2,2012,76.339
cze,sex_t,ocu_skill_l2,2013,76.222
cze,sex_t,ocu_skill_l2,2014,76.098
cze,sex_t,ocu_skill_l2,2015,89.382
cze,sex_t,ocu_skill_l2,2016,73.33
cze,sex_t,ocu_skill_l2,2017,86.828
cze,sex_t,ocu_skill_l2,2018,69.786
cze,sex_t,ocu_skill_l2,2019,66.41
cze,sex_t,ocu_skill_l2,2020,63.935
cze,sex_t,ocu_skill_l2,2021,63.241
cze,sex_t,ocu_skill_l2,2022,60.989
cze,sex_t,ocu_skill_l2,2023,74.3
cze,sex_t,ocu_skill_l3_4,2007,10.106
cze,sex_t,ocu_skill_l3_4,2008,8.363
cze,sex_t,ocu_skill_l3_4,2009,9.278
cze,sex_t,ocu_skill_l3_4,2010,4.479
cze,sex_t,ocu_skill_l3_4,2011,10.605
cze,sex_t,ocu_skill_l3_4,2012,12.436
cze,sex_t,ocu_skill_l3_4,2013,16.72
cze,sex_t,ocu_skill_l3_4,2014,14.188
cze,sex_t,ocu_skill_l3_4,2015,16.109
cze,sex_t,ocu_skill_l3_4,2016,13.183
cze,sex_t,ocu_skill_l3_4,2017,15.017
cze,sex_t,ocu_skill_l3_4,2018,9.889
cze,sex_t,ocu_skill_l3_4,2019,7.087
cze,sex_t,ocu_skill_l3_4,2020,7.968
cze,sex_t,ocu_skill_l3_4,2021,8.604
cze,sex_t,ocu_skill_l3_4,2022,11.839
cze,sex_t,ocu_skill_l3_4,2023,13.845
cze,sex_t,ocu_skill_total,2007,36.063
cze,sex_t,ocu_skill_total,2008,44.559
cze,sex_t,ocu_skill_total,2009,37.455
cze,sex_t,ocu_skill_total,2010,34.626
cze,sex_t,ocu_skill_total,2011,91.727
cze,sex_t,ocu_skill_total,2012,96.02
cze,sex_t,ocu_skill_total,2013,104.765
cze,sex_t,ocu_skill_total,2014,104.582
cze,sex_t,ocu_skill_total,2015,120.303
cze,sex_t,ocu_skill_total,2016,103.115
cze,sex_t,ocu_skill_total,2017,110.514
cze,sex_t,ocu_skill_total,2018,88.367
cze,sex_t,ocu_skill_total,2019,79.643
cze,sex_t,ocu_skill_total,2020,75.504
cze,sex_t,ocu_skill_total,2021,78.782
cze,sex_t,ocu_skill_total,2022,78.383
cze,sex_t,ocu_skill_total,2023,97.988
deu,sex_f,ocu_isco08_2,2020,128.696
deu,sex_f,ocu_isco08_2,2021,36.558
deu,sex_f,ocu_isco08_3,2020,106.48
deu,sex_f,ocu_isco08_3,2021,24.168
deu,sex_f,ocu_isco08_4,2020,74.518
deu,sex_f,ocu_isco08_4,2021,18.768
deu,sex_f,ocu_isco08_5,2020,172.885
deu,sex_f,ocu_isco08_5,2021,131.084
deu,sex_f,ocu_isco08_6,2020,10.863
deu,sex_f,ocu_isco08_6,2021,9.996
deu,sex_f,ocu_isco08_7,2020,13.491
deu,sex_f,ocu_isco08_7,2021,5.509
deu,sex_f,ocu_isco08_9,2020,82.707
deu,sex_f,ocu_isco08_9,2021,25.649
deu,sex_f,ocu_isco08_total,2020,639.961
deu,sex_f,ocu_isco08_total,2021,351.761
deu,sex_f,ocu_isco08_x,2020,38.12
deu,sex_f,ocu_isco08_x,2021,91.026
deu,sex_f,ocu_skill_l1,2020,82.707
deu,sex_f,ocu_skill_l1,2021,25.649
deu,sex_f,ocu_skill_l2,2020,274.568
deu,sex_f,ocu_skill_l2,2021,169.312
deu,sex_f,ocu_skill_l3_4,2020,240.347
deu,sex_f,ocu_skill_l3_4,2021,65.774
deu,sex_f,ocu_skill_total,2020,639.961
deu,sex_f,ocu_skill_total,2021,351.761
deu,sex_f,ocu_skill_x,2020,42.339
deu,sex_f,ocu_skill_x,2021,91.026
deu,sex_m,ocu_isco08_0,2020,11.11
deu,sex_m,ocu_isco08_1,2021,11.344
deu,sex_m,ocu_isco08_2,2020,76.824
deu,sex_m,ocu_isco08_2,2021,32.978
deu,sex_m,ocu_isco08_3,2020,69.802
deu,sex_m,ocu_isco08_3,2021,26.618
deu,sex_m,ocu_isco08_4,2020,57.325
deu,sex_m,ocu_isco08_4,2021,15.261
deu,sex_m,ocu_isco08_5,2020,101.991
deu,sex_m,ocu_isco08_5,2021,38.648
deu,sex_m,ocu_isco08_6,2020,19.871
deu,sex_m,ocu_isco08_6,2021,17.929
deu,sex_m,ocu_isco08_7,2020,126.254
deu,sex_m,ocu_isco08_7,2021,17.89
deu,sex_m,ocu_isco08_8,2020,43.279
deu,sex_m,ocu_isco08_8,2021,15.549
deu,sex_m,ocu_isco08_9,2020,48.894
deu,sex_m,ocu_isco08_9,2021,26.559
deu,sex_m,ocu_isco08_total,2020,593.356
deu,sex_m,ocu_isco08_total,2021,284.461
deu,sex_m,ocu_isco08_x,2020,34.712
deu,sex_m,ocu_isco08_x,2021,80.329
deu,sex_m,ocu_skill_l1,2020,48.894
deu,sex_m,ocu_skill_l1,2021,26.559
deu,sex_m,ocu_skill_l2,2020,348.719
deu,sex_m,ocu_skill_l2,2021,105.276
deu,sex_m,ocu_skill_l3_4,2020,149.919
deu,sex_m,ocu_skill_l3_4,2021,70.939
deu,sex_m,ocu_skill_total,2020,593.356
deu,sex_m,ocu_skill_total,2021,284.461
deu,sex_m,ocu_skill_x,2020,45.823
deu,sex_m,ocu_skill_x,2021,81.687
deu,sex_t,ocu_isco08_0,2020,15.329
deu,sex_t,ocu_isco08_1,2020,8.464
deu,sex_t,ocu_isco08_1,2021,16.392
deu,sex_t,ocu_isco08_2,2020,205.521
deu,sex_t,ocu_isco08_2,2021,69.536
deu,sex_t,ocu_isco08_3,2020,176.282
deu,sex_t,ocu_isco08_3,2021,50.786
deu,sex_t,ocu_isco08_4,2020,131.843
deu,sex_t,ocu_isco08_4,2021,34.029
deu,sex_t,ocu_isco08_5,2020,274.876
deu,sex_t,ocu_isco08_5,2021,169.732
deu,sex_t,ocu_isco08_6,2020,30.734
deu,sex_t,ocu_isco08_6,2021,27.925
deu,sex_t,ocu_isco08_7,2020,139.744
deu,sex_t,ocu_isco08_7,2021,23.398
deu,sex_t,ocu_isco08_8,2020,46.09
deu,sex_t,ocu_isco08_8,2021,19.504
deu,sex_t,ocu_isco08_9,2020,131.601
deu,sex_t,ocu_isco08_9,2021,52.208
deu,sex_t,ocu_isco08_total,2020,1233.317
deu,sex_t,ocu_isco08_total,2021,636.223
deu,sex_t,ocu_isco08_x,2020,72.832
deu,sex_t,ocu_isco08_x,2021,171.356
deu,sex_t,ocu_skill_l1,2020,131.601
deu,sex_t,ocu_skill_l1,2021,52.208
deu,sex_t,ocu_skill_l2,2020,623.287
deu,sex_t,ocu_skill_l2,2021,274.588
deu,sex_t,ocu_skill_l3_4,2020,390.267
deu,sex_t,ocu_skill_l3_4,2021,136.713
deu,sex_t,ocu_skill_total,2020,1233.317
deu,sex_t,ocu_skill_total,2021,636.223
deu,sex_t,ocu_skill_x,2020,88.162
deu,sex_t,ocu_skill_x,2021,172.713
dji,sex_f,ocu_isco08_1,2017,0.149
dji,sex_f,ocu_isco08_2,2017,0.501
dji,sex_f,ocu_isco08_3,2017,0.595
dji,sex_f,ocu_isco08_4,2017,0.303
dji,sex_f,ocu_isco08_5,2017,9.435
dji,sex_f,ocu_isco08_6,2017,0.085
dji,sex_f,ocu_isco08_7,2017,0.232
dji,sex_f,ocu_isco08_9,2017,1.535
dji,sex_f,ocu_isco08_total,2017,13.435
dji,sex_f,ocu_isco08_x,2017,0.542
dji,sex_f,ocu_skill_l1,2017,1.535
dji,sex_f,ocu_skill_l2,2017,10.055
dji,sex_f,ocu_skill_l3_4,2017,1.245
dji,sex_f,ocu_skill_total,2017,13.435
dji,sex_f,ocu_skill_x,2017,0.599
dji,sex_m,ocu_isco08_0,2017,1.486
dji,sex_m,ocu_isco08_1,2017,0.543
dji,sex_m,ocu_isco08_2,2017,1.186
dji,sex_m,ocu_isco08_3,2017,2.115
dji,sex_m,ocu_isco08_4,2017,4.914
dji,sex_m,ocu_isco08_5,2017,7.87
dji,sex_m,ocu_isco08_6,2017,1.352
dji,sex_m,ocu_isco08_7,2017,4.156
dji,sex_m,ocu_isco08_8,2017,0.511
dji,sex_m,ocu_isco08_9,2017,3.093
dji,sex_m,ocu_isco08_total,2017,28.36
dji,sex_m,ocu_isco08_x,2017,1.135
dji,sex_m,ocu_skill_l1,2017,3.093
dji,sex_m,ocu_skill_l2,2017,18.803
dji,sex_m,ocu_skill_l3_4,2017,3.844
dji,sex_m,ocu_skill_total,2017,28.36
dji,sex_m,ocu_skill_x,2017,2.621
dji,sex_t,ocu_isco08_0,2017,1.543
dji,sex_t,ocu_isco08_1,2017,0.692
dji,sex_t,ocu_isco08_2,2017,1.687
dji,sex_t,ocu_isco08_3,2017,2.709
dji,sex_t,ocu_isco08_4,2017,5.216
dji,sex_t,ocu_isco08_5,2017,17.305
dji,sex_t,ocu_isco08_6,2017,1.437
dji,sex_t,ocu_isco08_7,2017,4.388
dji,sex_t,ocu_isco08_8,2017,0.511
dji,sex_t,ocu_isco08_9,2017,4.629
dji,sex_t,ocu_isco08_total,2017,41.795
dji,sex_t,ocu_isco08_x,2017,1.677
dji,sex_t,ocu_skill_l1,2017,4.629
dji,sex_t,ocu_skill_l2,2017,28.858
dji,sex_t,ocu_skill_l3_4,2017,5.088
dji,sex_t,ocu_skill_total,2017,41.795
dji,sex_t,ocu_skill_x,2017,3.22
dnk,sex_f,ocu_isco08_1,2011,3.172
dnk,sex_f,ocu_isco08_1,2012,6.79
dnk,sex_f,ocu_isco08_1,2013,8.545
dnk,sex_f,ocu_isco08_1,2014,4.012
dnk,sex_f,ocu_isco08_1,2015,3.889
dnk,sex_f,ocu_isco08_2,2011,3.255
dnk,sex_f,ocu_isco08_2,2012,22.973
dnk,sex_f,ocu_isco08_2,2013,23.556
dnk,sex_f,ocu_isco08_2,2014,25.295
dnk,sex_f,ocu_isco08_2,2015,23.785
dnk,sex_f,ocu_isco08_2,2016,6.987
dnk,sex_f,ocu_isco08_2,2017,2.305
dnk,sex_f,ocu_isco08_2,2018,4.499
dnk,sex_f,ocu_isco08_2,2019,5.662
dnk,sex_f,ocu_isco08_3,2012,2.424
dnk,sex_f,ocu_isco08_3,2013,6.618
dnk,sex_f,ocu_isco08_3,2014,7.31
dnk,sex_f,ocu_isco08_3,2015,3.538
dnk,sex_f,ocu_isco08_3,2016,2.587
dnk,sex_f,ocu_isco08_3,2017,2.986
dnk,sex_f,ocu_isco08_3,2018,1.252
dnk,sex_f,ocu_isco08_4,2011,4.087
dnk,sex_f,ocu_isco08_4,2012,2.635
dnk,sex_f,ocu_isco08_4,2013,2.309
dnk,sex_f,ocu_isco08_4,2014,3.198
dnk,sex_f,ocu_isco08_4,2015,2.298
dnk,sex_f,ocu_isco08_4,2016,3.734
dnk,sex_f,ocu_isco08_4,2017,1.213
dnk,sex_f,ocu_isco08_5,2011,8.734
dnk,sex_f,ocu_isco08_5,2012,17.909
dnk,sex_f,ocu_isco08_5,2013,11.139
dnk,sex_f,ocu_isco08_5,2014,15.925
dnk,sex_f,ocu_isco08_5,2015,20.634
dnk,sex_f,ocu_isco08_5,2016,14.546
dnk,sex_f,ocu_isco08_5,2017,5.484
dnk,sex_f,ocu_isco08_5,2018,3.398
dnk,sex_f,ocu_isco08_5,2019,3.81
dnk,sex_f,ocu_isco08_6,2011,2.484
dnk,sex_f,ocu_isco08_6,2012,1.133
dnk,sex_f,ocu_isco08_6,2014,3.527
dnk,sex_f,ocu_isco08_6,2015,3.331
dnk,sex_f,ocu_isco08_7,2012,2.612
dnk,sex_f,ocu_isco08_7,2014,1.554
dnk,sex_f,ocu_isco08_7,2015,3.064
dnk,sex_f,ocu_isco08_9,2011,2.034
dnk,sex_f,ocu_isco08_9,2012,4.999
dnk,sex_f,ocu_isco08_9,2013,6.088
dnk,sex_f,ocu_isco08_9,2014,3.987
dnk,sex_f,ocu_isco08_9,2015,4.862
dnk,sex_f,ocu_isco08_9,2016,4.543
dnk,sex_f,ocu_isco08_9,2017,5.487
dnk,sex_f,ocu_isco08_total,2011,24.333
dnk,sex_f,ocu_isco08_total,2012,62.062
dnk,sex_f,ocu_isco08_total,2013,61.356
dnk,sex_f,ocu_isco08_total,2014,71.083
dnk,sex_f,ocu_isco08_total,2015,76.41
dnk,sex_f,ocu_isco08_total,2016,37.312
dnk,sex_f,ocu_isco08_total,2017,21.186
dnk,sex_f,ocu_isco08_total,2018,28.456
dnk,sex_f,ocu_isco08_total,2019,35.053
dnk,sex_f,ocu_isco08_x,2014,5.919
dnk,sex_f,ocu_isco08_x,2015,10.604
dnk,sex_f,ocu_isco08_x,2016,2.309
dnk,sex_f,ocu_isco08_x,2017,2.753
dnk,sex_f,ocu_isco08_x,2018,14.732
dnk,sex_f,ocu_isco08_x,2019,15.906
dnk,sex_f,ocu_isco88_1,2007,1.271
dnk,sex_f,ocu_isco88_1,2009,2.864
dnk,sex_f,ocu_isco88_1,2010,2.865
dnk,sex_f,ocu_isco88_2,2008,1.441
dnk,sex_f,ocu_isco88_2,2009,9.254
dnk,sex_f,ocu_isco88_2,2010,7.432
dnk,sex_f,ocu_isco88_3,2007,3.71
dnk,sex_f,ocu_isco88_3,2008,3.732
dnk,sex_f,ocu_isco88_3,2009,8.698
dnk,sex_f,ocu_isco88_3,2010,14.666
dnk,sex_f,ocu_isco88_4,2007,5.466
dnk,sex_f,ocu_isco88_4,2008,3.509
dnk,sex_f,ocu_isco88_4,2009,10.374
dnk,sex_f,ocu_isco88_4,2010,7.889
dnk,sex_f,ocu_isco88_5,2007,4.62
dnk,sex_f,ocu_isco88_5,2008,4.806
dnk,sex_f,ocu_isco88_5,2009,12.879
dnk,sex_f,ocu_isco88_5,2010,16.582
dnk,sex_f,ocu_isco88_6,2007,0.659
dnk,sex_f,ocu_isco88_6,2008,1.682
dnk,sex_f,ocu_isco88_6,2009,2.115
dnk,sex_f,ocu_isco88_6,2010,4.789
dnk,sex_f,ocu_isco88_7,2009,1.717
dnk,sex_f,ocu_isco88_8,2008,2.675
dnk,sex_f,ocu_isco88_8,2009,4.719
dnk,sex_f,ocu_isco88_9,2007,3.575
dnk,sex_f,ocu_isco88_9,2008,5.561
dnk,sex_f,ocu_isco88_9,2009,5.538
dnk,sex_f,ocu_isco88_9,2010,6.595
dnk,sex_f,ocu_isco88_total,2007,23.312
dnk,sex_f,ocu_isco88_total,2008,25.718
dnk,sex_f,ocu_isco88_total,2009,86.692
dnk,sex_f,ocu_isco88_total,2010,81.71
dnk,sex_f,ocu_isco88_x,2007,1.89
dnk,sex_f,ocu_isco88_x,2008,1.68
dnk,sex_f,ocu_isco88_x,2009,28.534
dnk,sex_f,ocu_isco88_x,2010,18.377
dnk,sex_f,ocu_skill_l1,2007,3.575
dnk,sex_f,ocu_skill_l1,2008,5.561
dnk,sex_f,ocu_skill_l1,2009,5.538
dnk,sex_f,ocu_skill_l1,2010,6.595
dnk,sex_f,ocu_skill_l1,2011,2.034
dnk,sex_f,ocu_skill_l1,2012,4.999
dnk,sex_f,ocu_skill_l1,2013,6.088
dnk,sex_f,ocu_skill_l1,2014,3.987
dnk,sex_f,ocu_skill_l1,2015,4.862
dnk,sex_f,ocu_skill_l1,2016,4.543
dnk,sex_f,ocu_skill_l1,2017,5.487
dnk,sex_f,ocu_skill_l2,2007,11.985
dnk,sex_f,ocu_skill_l2,2008,12.671
dnk,sex_f,ocu_skill_l2,2009,31.805
dnk,sex_f,ocu_skill_l2,2010,31.776
dnk,sex_f,ocu_skill_l2,2011,15.628
dnk,sex_f,ocu_skill_l2,2012,24.658
dnk,sex_f,ocu_skill_l2,2013,16.549
dnk,sex_f,ocu_skill_l2,2014,24.56
dnk,sex_f,ocu_skill_l2,2015,29.732
dnk,sex_f,ocu_skill_l2,2016,19.977
dnk,sex_f,ocu_skill_l2,2017,7.431
dnk,sex_f,ocu_skill_l2,2018,6.093
dnk,sex_f,ocu_skill_l2,2019,7.231
dnk,sex_f,ocu_skill_l3_4,2007,5.862
dnk,sex_f,ocu_skill_l3_4,2008,5.806
dnk,sex_f,ocu_skill_l3_4,2009,20.816
dnk,sex_f,ocu_skill_l3_4,2010,24.962
dnk,sex_f,ocu_skill_l3_4,2011,6.671
dnk,sex_f,ocu_skill_l3_4,2012,32.186
dnk,sex_f,ocu_skill_l3_4,2013,38.719
dnk,sex_f,ocu_skill_l3_4,2014,36.617
dnk,sex_f,ocu_skill_l3_4,2015,31.212
dnk,sex_f,ocu_skill_l3_4,2016,10.482
dnk,sex_f,ocu_skill_l3_4,2017,5.516
dnk,sex_f,ocu_skill_l3_4,2018,6.333
dnk,sex_f,ocu_skill_l3_4,2019,11.578
dnk,sex_f,ocu_skill_total,2007,23.312
dnk,sex_f,ocu_skill_total,2008,25.718
dnk,sex_f,ocu_skill_total,2009,86.692
dnk,sex_f,ocu_skill_total,2010,81.71
dnk,sex_f,ocu_skill_total,2011,24.333
dnk,sex_f,ocu_skill_total,2012,62.062
dnk,sex_f,ocu_skill_total,2013,61.356
dnk,sex_f,ocu_skill_total,2014,71.083
dnk,sex_f,ocu_skill_total,2015,76.41
dnk,sex_f,ocu_skill_total,2016,37.312
dnk,sex_f,ocu_skill_total,2017,21.186
dnk,sex_f,ocu_skill_total,2018,28.456
dnk,sex_f,ocu_skill_total,2019,35.053
dnk,sex_f,ocu_skill_x,2007,1.89
dnk,sex_f,ocu_skill_x,2008,1.68
dnk,sex_f,ocu_skill_x,2009,28.534
dnk,sex_f,ocu_skill_x,2010,18.377
dnk,sex_f,ocu_skill_x,2014,5.919
dnk,sex_f,ocu_skill_x,2015,10.604
dnk,sex_f,ocu_skill_x,2016,2.309
dnk,sex_f,ocu_skill_x,2017,2.753
dnk,sex_f,ocu_skill_x,2018,14.732
dnk,sex_f,ocu_skill_x,2019,15.906
dnk,sex_m,ocu_isco08_1,2011,5.875
dnk,sex_m,ocu_isco08_1,2012,26.396
dnk,sex_m,ocu_isco08_1,2013,35.654
dnk,sex_m,ocu_isco08_1,2014,25.636
dnk,sex_m,ocu_isco08_1,2015,16.325
dnk,sex_m,ocu_isco08_1,2016,2.128
dnk,sex_m,ocu_isco08_1,2017,3.283
dnk,sex_m,ocu_isco08_1,2019,4.854
dnk,sex_m,ocu_isco08_2,2011,2.667
dnk,sex_m,ocu_isco08_2,2012,34.578
dnk,sex_m,ocu_isco08_2,2013,35.607
dnk,sex_m,ocu_isco08_2,2014,46.953
dnk,sex_m,ocu_isco08_2,2015,36.618
dnk,sex_m,ocu_isco08_2,2016,5.862
dnk,sex_m,ocu_isco08_2,2017,9.08
dnk,sex_m,ocu_isco08_2,2018,3.067
dnk,sex_m,ocu_isco08_2,2019,3.861
dnk,sex_m,ocu_isco08_3,2011,1.958
dnk,sex_m,ocu_isco08_3,2012,25.504
dnk,sex_m,ocu_isco08_3,2013,18.196
dnk,sex_m,ocu_isco08_3,2014,19.48
dnk,sex_m,ocu_isco08_3,2015,15.519
dnk,sex_m,ocu_isco08_3,2016,7.059
dnk,sex_m,ocu_isco08_3,2017,4.92
dnk,sex_m,ocu_isco08_3,2018,6.041
dnk,sex_m,ocu_isco08_4,2012,2.803
dnk,sex_m,ocu_isco08_4,2013,2.538
dnk,sex_m,ocu_isco08_4,2014,4.435
dnk,sex_m,ocu_isco08_5,2011,5.982
dnk,sex_m,ocu_isco08_5,2012,10.298
dnk,sex_m,ocu_isco08_5,2013,10.806
dnk,sex_m,ocu_isco08_5,2014,14.972
dnk,sex_m,ocu_isco08_5,2015,15.853
dnk,sex_m,ocu_isco08_5,2016,7.349
dnk,sex_m,ocu_isco08_5,2017,5.769
dnk,sex_m,ocu_isco08_5,2018,2.328
dnk,sex_m,ocu_isco08_5,2019,4.013
dnk,sex_m,ocu_isco08_6,2011,9.02
dnk,sex_m,ocu_isco08_6,2012,24.125
dnk,sex_m,ocu_isco08_6,2013,25.578
dnk,sex_m,ocu_isco08_6,2014,21.965
dnk,sex_m,ocu_isco08_6,2015,25.537
dnk,sex_m,ocu_isco08_6,2016,7.423
dnk,sex_m,ocu_isco08_6,2017,1.774
dnk,sex_m,ocu_isco08_6,2019,4.196
dnk,sex_m,ocu_isco08_7,2011,4.416
dnk,sex_m,ocu_isco08_7,2012,36.644
dnk,sex_m,ocu_isco08_7,2013,30.908
dnk,sex_m,ocu_isco08_7,2014,22.597
dnk,sex_m,ocu_isco08_7,2015,33.492
dnk,sex_m,ocu_isco08_7,2016,7.628
dnk,sex_m,ocu_isco08_7,2017,5.774
dnk,sex_m,ocu_isco08_8,2012,7.133
dnk,sex_m,ocu_isco08_8,2013,8.636
dnk,sex_m,ocu_isco08_8,2014,2.951
dnk,sex_m,ocu_isco08_8,2015,4.595
dnk,sex_m,ocu_isco08_9,2012,3.75
dnk,sex_m,ocu_isco08_9,2013,4.729
dnk,sex_m,ocu_isco08_9,2014,3.65
dnk,sex_m,ocu_isco08_9,2015,7.376
dnk,sex_m,ocu_isco08_9,2016,3.212
dnk,sex_m,ocu_isco08_9,2017,2.856
dnk,sex_m,ocu_isco08_9,2019,1.565
dnk,sex_m,ocu_isco08_total,2011,33.607
dnk,sex_m,ocu_isco08_total,2012,172.991
dnk,sex_m,ocu_isco08_total,2013,173.616
dnk,sex_m,ocu_isco08_total,2014,174.491
dnk,sex_m,ocu_isco08_total,2015,170.962
dnk,sex_m,ocu_isco08_total,2016,44.553
dnk,sex_m,ocu_isco08_total,2017,39.952
dnk,sex_m,ocu_isco08_total,2018,40.391
dnk,sex_m,ocu_isco08_total,2019,36.67
dnk,sex_m,ocu_isco08_x,2014,11.832
dnk,sex_m,ocu_isco08_x,2015,14.443
dnk,sex_m,ocu_isco08_x,2016,2.111
dnk,sex_m,ocu_isco08_x,2017,4.958
dnk,sex_m,ocu_isco08_x,2018,20.096
dnk,sex_m,ocu_isco08_x,2019,11.145
dnk,sex_m,ocu_isco88_1,2007,3.112
dnk,sex_m,ocu_isco88_1,2009,3.86
dnk,sex_m,ocu_isco88_1,2010,3.447
dnk,sex_m,ocu_isco88_2,2007,3.328
dnk,sex_m,ocu_isco88_2,2008,3.652
dnk,sex_m,ocu_isco88_2,2009,2.078
dnk,sex_m,ocu_isco88_2,2010,3.922
dnk,sex_m,ocu_isco88_3,2007,3.522
dnk,sex_m,ocu_isco88_3,2008,4.149
dnk,sex_m,ocu_isco88_3,2009,6.721
dnk,sex_m,ocu_isco88_3,2010,9.241
dnk,sex_m,ocu_isco88_4,2007,0
dnk,sex_m,ocu_isco88_5,2008,2.92
dnk,sex_m,ocu_isco88_5,2009,4.566
dnk,sex_m,ocu_isco88_5,2010,3.396
dnk,sex_m,ocu_isco88_6,2007,4.473
dnk,sex_m,ocu_isco88_6,2008,7.688
dnk,sex_m,ocu_isco88_6,2009,11.01
dnk,sex_m,ocu_isco88_6,2010,14.978
dnk,sex_m,ocu_isco88_7,2007,7.159
dnk,sex_m,ocu_isco88_7,2008,3.191
dnk,sex_m,ocu_isco88_7,2009,2.658
dnk,sex_m,ocu_isco88_7,2010,6.357
dnk,sex_m,ocu_isco88_8,2008,1.961
dnk,sex_m,ocu_isco88_8,2010,1.421
dnk,sex_m,ocu_isco88_9,2007,4.681
dnk,sex_m,ocu_isco88_9,2008,1.887
dnk,sex_m,ocu_isco88_9,2009,5.833
dnk,sex_m,ocu_isco88_9,2010,4.308
dnk,sex_m,ocu_isco88_total,2007,28.532
dnk,sex_m,ocu_isco88_total,2008,27.849
dnk,sex_m,ocu_isco88_total,2009,58.682
dnk,sex_m,ocu_isco88_total,2010,56.801
dnk,sex_m,ocu_isco88_x,2009,17.771
dnk,sex_m,ocu_isco88_x,2010,9.155
dnk,sex_m,ocu_skill_l1,2007,4.681
dnk,sex_m,ocu_skill_l1,2008,1.887
dnk,sex_m,ocu_skill_l1,2009,5.833
dnk,sex_m,ocu_skill_l1,2010,4.308
dnk,sex_m,ocu_skill_l1,2012,3.75
dnk,sex_m,ocu_skill_l1,2013,4.729
dnk,sex_m,ocu_skill_l1,2014,3.65
dnk,sex_m,ocu_skill_l1,2015,7.376
dnk,sex_m,ocu_skill_l1,2016,3.212
dnk,sex_m,ocu_skill_l1,2017,2.856
dnk,sex_m,ocu_skill_l1,2019,1.565
dnk,sex_m,ocu_skill_l2,2007,13.727
dnk,sex_m,ocu_skill_l2,2008,16.966
dnk,sex_m,ocu_skill_l2,2009,22.101
dnk,sex_m,ocu_skill_l2,2010,26.639
dnk,sex_m,ocu_skill_l2,2011,22.143
dnk,sex_m,ocu_skill_l2,2012,81.003
dnk,sex_m,ocu_skill_l2,2013,78.465
dnk,sex_m,ocu_skill_l2,2014,66.92
dnk,sex_m,ocu_skill_l2,2015,80.546
dnk,sex_m,ocu_skill_l2,2016,23.899
dnk,sex_m,ocu_skill_l2,2017,14.856
dnk,sex_m,ocu_skill_l2,2018,8.227
dnk,sex_m,ocu_skill_l2,2019,12.429
dnk,sex_m,ocu_skill_l3_4,2007,9.963
dnk,sex_m,ocu_skill_l3_4,2008,8.496
dnk,sex_m,ocu_skill_l3_4,2009,12.659
dnk,sex_m,ocu_skill_l3_4,2010,16.61
dnk,sex_m,ocu_skill_l3_4,2011,10.501
dnk,sex_m,ocu_skill_l3_4,2012,86.478
dnk,sex_m,ocu_skill_l3_4,2013,89.457
dnk,sex_m,ocu_skill_l3_4,2014,92.069
dnk,sex_m,ocu_skill_l3_4,2015,68.462
dnk,sex_m,ocu_skill_l3_4,2016,15.05
dnk,sex_m,ocu_skill_l3_4,2017,17.283
dnk,sex_m,ocu_skill_l3_4,2018,11.028
dnk,sex_m,ocu_skill_l3_4,2019,11.531
dnk,sex_m,ocu_skill_total,2007,28.532
dnk,sex_m,ocu_skill_total,2008,27.849
dnk,sex_m,ocu_skill_total,2009,58.682
dnk,sex_m,ocu_skill_total,2010,56.801
dnk,sex_m,ocu_skill_total,2011,33.607
dnk,sex_m,ocu_skill_total,2012,172.991
dnk,sex_m,ocu_skill_total,2013,173.616
dnk,sex_m,ocu_skill_total,2014,174.491
dnk,sex_m,ocu_skill_total,2015,170.962
dnk,sex_m,ocu_skill_total,2016,44.553
dnk,sex_m,ocu_skill_total,2017,39.952
dnk,sex_m,ocu_skill_total,2018,40.391
dnk,sex_m,ocu_skill_total,2019,36.67
dnk,sex_m,ocu_skill_x,2009,18.089
dnk,sex_m,ocu_skill_x,2010,9.245
dnk,sex_m,ocu_skill_x,2012,1.759
dnk,sex_m,ocu_skill_x,2014,11.852
dnk,sex_m,ocu_skill_x,2015,14.579
dnk,sex_m,ocu_skill_x,2016,2.393
dnk,sex_m,ocu_skill_x,2017,4.958
dnk,sex_m,ocu_skill_x,2018,20.408
dnk,sex_m,ocu_skill_x,2019,11.145
dnk,sex_t,ocu_isco08_1,2011,9.047
dnk,sex_t,ocu_isco08_1,2012,33.186
dnk,sex_t,ocu_isco08_1,2013,44.199
dnk,sex_t,ocu_isco08_1,2014,29.648
dnk,sex_t,ocu_isco08_1,2015,20.214
dnk,sex_t,ocu_isco08_1,2016,3.037
dnk,sex_t,ocu_isco08_1,2017,3.508
dnk,sex_t,ocu_isco08_1,2019,7.58
dnk,sex_t,ocu_isco08_2,2011,5.922
dnk,sex_t,ocu_isco08_2,2012,57.551
dnk,sex_t,ocu_isco08_2,2013,59.163
dnk,sex_t,ocu_isco08_2,2014,72.248
dnk,sex_t,ocu_isco08_2,2015,60.403
dnk,sex_t,ocu_isco08_2,2016,12.849
dnk,sex_t,ocu_isco08_2,2017,11.385
dnk,sex_t,ocu_isco08_2,2018,7.566
dnk,sex_t,ocu_isco08_2,2019,9.524
dnk,sex_t,ocu_isco08_3,2011,2.203
dnk,sex_t,ocu_isco08_3,2012,27.928
dnk,sex_t,ocu_isco08_3,2013,24.814
dnk,sex_t,ocu_isco08_3,2014,26.79
dnk,sex_t,ocu_isco08_3,2015,19.057
dnk,sex_t,ocu_isco08_3,2016,9.646
dnk,sex_t,ocu_isco08_3,2017,7.906
dnk,sex_t,ocu_isco08_3,2018,7.293
dnk,sex_t,ocu_isco08_3,2019,6.006
dnk,sex_t,ocu_isco08_4,2011,4.343
dnk,sex_t,ocu_isco08_4,2012,5.438
dnk,sex_t,ocu_isco08_4,2013,4.846
dnk,sex_t,ocu_isco08_4,2014,7.633
dnk,sex_t,ocu_isco08_4,2015,3.367
dnk,sex_t,ocu_isco08_4,2016,4.139
dnk,sex_t,ocu_isco08_4,2017,1.213
dnk,sex_t,ocu_isco08_5,2011,14.716
dnk,sex_t,ocu_isco08_5,2012,28.207
dnk,sex_t,ocu_isco08_5,2013,21.945
dnk,sex_t,ocu_isco08_5,2014,30.897
dnk,sex_t,ocu_isco08_5,2015,36.487
dnk,sex_t,ocu_isco08_5,2016,21.895
dnk,sex_t,ocu_isco08_5,2017,11.253
dnk,sex_t,ocu_isco08_5,2018,5.725
dnk,sex_t,ocu_isco08_5,2019,7.823
dnk,sex_t,ocu_isco08_6,2011,11.503
dnk,sex_t,ocu_isco08_6,2012,25.258
dnk,sex_t,ocu_isco08_6,2013,26.767
dnk,sex_t,ocu_isco08_6,2014,25.493
dnk,sex_t,ocu_isco08_6,2015,28.868
dnk,sex_t,ocu_isco08_6,2016,8.018
dnk,sex_t,ocu_isco08_6,2017,1.819
dnk,sex_t,ocu_isco08_6,2018,2.777
dnk,sex_t,ocu_isco08_6,2019,5.786
dnk,sex_t,ocu_isco08_7,2011,4.739
dnk,sex_t,ocu_isco08_7,2012,39.257
dnk,sex_t,ocu_isco08_7,2013,31.735
dnk,sex_t,ocu_isco08_7,2014,24.152
dnk,sex_t,ocu_isco08_7,2015,36.556
dnk,sex_t,ocu_isco08_7,2016,8.343
dnk,sex_t,ocu_isco08_7,2017,5.937
dnk,sex_t,ocu_isco08_7,2018,2.798
dnk,sex_t,ocu_isco08_7,2019,2.497
dnk,sex_t,ocu_isco08_8,2012,7.502
dnk,sex_t,ocu_isco08_8,2013,9.722
dnk,sex_t,ocu_isco08_8,2014,3.306
dnk,sex_t,ocu_isco08_8,2015,5
dnk,sex_t,ocu_isco08_8,2016,1.48
dnk,sex_t,ocu_isco08_9,2011,2.643
dnk,sex_t,ocu_isco08_9,2012,8.75
dnk,sex_t,ocu_isco08_9,2013,10.817
dnk,sex_t,ocu_isco08_9,2014,7.637
dnk,sex_t,ocu_isco08_9,2015,12.238
dnk,sex_t,ocu_isco08_9,2016,7.755
dnk,sex_t,ocu_isco08_9,2017,8.343
dnk,sex_t,ocu_isco08_9,2019,1.902
dnk,sex_t,ocu_isco08_total,2011,57.94
dnk,sex_t,ocu_isco08_total,2012,235.053
dnk,sex_t,ocu_isco08_total,2013,234.972
dnk,sex_t,ocu_isco08_total,2014,245.574
dnk,sex_t,ocu_isco08_total,2015,247.373
dnk,sex_t,ocu_isco08_total,2016,81.865
dnk,sex_t,ocu_isco08_total,2017,61.139
dnk,sex_t,ocu_isco08_total,2018,68.847
dnk,sex_t,ocu_isco08_total,2019,71.723
dnk,sex_t,ocu_isco08_x,2014,17.751
dnk,sex_t,ocu_isco08_x,2015,25.047
dnk,sex_t,ocu_isco08_x,2016,4.421
dnk,sex_t,ocu_isco08_x,2017,7.711
dnk,sex_t,ocu_isco08_x,2018,34.828
dnk,sex_t,ocu_isco08_x,2019,27.052
dnk,sex_t,ocu_isco88_1,2007,4.384
dnk,sex_t,ocu_isco88_1,2008,1.329
dnk,sex_t,ocu_isco88_1,2009,6.724
dnk,sex_t,ocu_isco88_1,2010,6.312
dnk,sex_t,ocu_isco88_2,2007,4.21
dnk,sex_t,ocu_isco88_2,2008,5.093
dnk,sex_t,ocu_isco88_2,2009,11.331
dnk,sex_t,ocu_isco88_2,2010,11.354
dnk,sex_t,ocu_isco88_3,2007,7.232
dnk,sex_t,ocu_isco88_3,2008,7.88
dnk,sex_t,ocu_isco88_3,2009,15.419
dnk,sex_t,ocu_isco88_3,2010,23.907
dnk,sex_t,ocu_isco88_4,2007,5.466
dnk,sex_t,ocu_isco88_4,2008,4.714
dnk,sex_t,ocu_isco88_4,2009,13.16
dnk,sex_t,ocu_isco88_4,2010,8.375
dnk,sex_t,ocu_isco88_5,2007,5.353
dnk,sex_t,ocu_isco88_5,2008,7.726
dnk,sex_t,ocu_isco88_5,2009,17.445
dnk,sex_t,ocu_isco88_5,2010,19.978
dnk,sex_t,ocu_isco88_6,2007,5.132
dnk,sex_t,ocu_isco88_6,2008,9.369
dnk,sex_t,ocu_isco88_6,2009,13.124
dnk,sex_t,ocu_isco88_6,2010,19.767
dnk,sex_t,ocu_isco88_7,2007,7.42
dnk,sex_t,ocu_isco88_7,2008,3.191
dnk,sex_t,ocu_isco88_7,2009,4.376
dnk,sex_t,ocu_isco88_7,2010,7.251
dnk,sex_t,ocu_isco88_8,2007,2.341
dnk,sex_t,ocu_isco88_8,2008,4.636
dnk,sex_t,ocu_isco88_8,2009,5.8
dnk,sex_t,ocu_isco88_8,2010,3.042
dnk,sex_t,ocu_isco88_9,2007,8.257
dnk,sex_t,ocu_isco88_9,2008,7.449
dnk,sex_t,ocu_isco88_9,2009,11.371
dnk,sex_t,ocu_isco88_9,2010,10.903
dnk,sex_t,ocu_isco88_total,2007,51.845
dnk,sex_t,ocu_isco88_total,2008,53.568
dnk,sex_t,ocu_isco88_total,2009,145.374
dnk,sex_t,ocu_isco88_total,2010,138.511
dnk,sex_t,ocu_isco88_x,2007,2.051
dnk,sex_t,ocu_isco88_x,2008,2.179
dnk,sex_t,ocu_isco88_x,2009,46.305
dnk,sex_t,ocu_isco88_x,2010,27.532
dnk,sex_t,ocu_skill_l1,2007,8.257
dnk,sex_t,ocu_skill_l1,2008,7.449
dnk,sex_t,ocu_skill_l1,2009,11.371
dnk,sex_t,ocu_skill_l1,2010,10.903
dnk,sex_t,ocu_skill_l1,2011,2.643
dnk,sex_t,ocu_skill_l1,2012,8.75
dnk,sex_t,ocu_skill_l1,2013,10.817
dnk,sex_t,ocu_skill_l1,2014,7.637
dnk,sex_t,ocu_skill_l1,2015,12.238
dnk,sex_t,ocu_skill_l1,2016,7.755
dnk,sex_t,ocu_skill_l1,2017,8.343
dnk,sex_t,ocu_skill_l1,2019,1.902
dnk,sex_t,ocu_skill_l2,2007,25.712
dnk,sex_t,ocu_skill_l2,2008,29.638
dnk,sex_t,ocu_skill_l2,2009,53.905
dnk,sex_t,ocu_skill_l2,2010,58.414
dnk,sex_t,ocu_skill_l2,2011,37.771
dnk,sex_t,ocu_skill_l2,2012,105.661
dnk,sex_t,ocu_skill_l2,2013,95.014
dnk,sex_t,ocu_skill_l2,2014,91.48
dnk,sex_t,ocu_skill_l2,2015,110.278
dnk,sex_t,ocu_skill_l2,2016,43.876
dnk,sex_t,ocu_skill_l2,2017,22.286
dnk,sex_t,ocu_skill_l2,2018,14.319
dnk,sex_t,ocu_skill_l2,2019,19.66
dnk,sex_t,ocu_skill_l3_4,2007,15.825
dnk,sex_t,ocu_skill_l3_4,2008,14.302
dnk,sex_t,ocu_skill_l3_4,2009,33.475
dnk,sex_t,ocu_skill_l3_4,2010,41.572
dnk,sex_t,ocu_skill_l3_4,2011,17.171
dnk,sex_t,ocu_skill_l3_4,2012,118.664
dnk,sex_t,ocu_skill_l3_4,2013,128.176
dnk,sex_t,ocu_skill_l3_4,2014,128.686
dnk,sex_t,ocu_skill_l3_4,2015,99.674
dnk,sex_t,ocu_skill_l3_4,2016,25.532
dnk,sex_t,ocu_skill_l3_4,2017,22.798
dnk,sex_t,ocu_skill_l3_4,2018,17.361
dnk,sex_t,ocu_skill_l3_4,2019,23.109
dnk,sex_t,ocu_skill_total,2007,51.845
dnk,sex_t,ocu_skill_total,2008,53.568
dnk,sex_t,ocu_skill_total,2009,145.374
dnk,sex_t,ocu_skill_total,2010,138.511
dnk,sex_t,ocu_skill_total,2011,57.94
dnk,sex_t,ocu_skill_total,2012,235.053
dnk,sex_t,ocu_skill_total,2013,234.972
dnk,sex_t,ocu_skill_total,2014,245.574
dnk,sex_t,ocu_skill_total,2015,247.373
dnk,sex_t,ocu_skill_total,2016,81.865
dnk,sex_t,ocu_skill_total,2017,61.139
dnk,sex_t,ocu_skill_total,2018,68.847
dnk,sex_t,ocu_skill_total,2019,71.723
dnk,sex_t,ocu_skill_x,2007,2.051
dnk,sex_t,ocu_skill_x,2008,2.179
dnk,sex_t,ocu_skill_x,2009,46.623
dnk,sex_t,ocu_skill_x,2010,27.622
dnk,sex_t,ocu_skill_x,2012,1.978
dnk,sex_t,ocu_skill_x,2014,17.771
dnk,sex_t,ocu_skill_x,2015,25.183
dnk,sex_t,ocu_skill_x,2016,4.702
dnk,sex_t,ocu_skill_x,2017,7.711
dnk,sex_t,ocu_skill_x,2018,35.141
dnk,sex_t,ocu_skill_x,2019,27.052
dom,sex_f,ocu_isco08_1,2015,3.789
dom,sex_f,ocu_isco08_1,2016,6.597
dom,sex_f,ocu_isco08_1,2017,4.796
dom,sex_f,ocu_isco08_1,2018,5.054
dom,sex_f,ocu_isco08_1,2019,2.672
dom,sex_f,ocu_isco08_1,2020,1.212
dom,sex_f,ocu_isco08_1,2021,4.075
dom,sex_f,ocu_isco08_1,2022,2.693
dom,sex_f,ocu_isco08_1,2023,6.812
dom,sex_f,ocu_isco08_1,2024,4.237
dom,sex_f,ocu_isco08_2,2015,24.485
dom,sex_f,ocu_isco08_2,2016,34.299
dom,sex_f,ocu_isco08_2,2017,29.536
dom,sex_f,ocu_isco08_2,2018,28.983
dom,sex_f,ocu_isco08_2,2019,26.459
dom,sex_f,ocu_isco08_2,2020,14.661
dom,sex_f,ocu_isco08_2,2021,26.202
dom,sex_f,ocu_isco08_2,2022,27.495
dom,sex_f,ocu_isco08_2,2023,29.731
dom,sex_f,ocu_isco08_2,2024,22.27
dom,sex_f,ocu_isco08_3,2015,16.829
dom,sex_f,ocu_isco08_3,2016,19.444
dom,sex_f,ocu_isco08_3,2017,22.056
dom,sex_f,ocu_isco08_3,2018,20.526
dom,sex_f,ocu_isco08_3,2019,21.737
dom,sex_f,ocu_isco08_3,2020,25.029
dom,sex_f,ocu_isco08_3,2021,23.363
dom,sex_f,ocu_isco08_3,2022,31.865
dom,sex_f,ocu_isco08_3,2023,25.426
dom,sex_f,ocu_isco08_3,2024,19.486
dom,sex_f,ocu_isco08_4,2015,53.399
dom,sex_f,ocu_isco08_4,2016,56.24
dom,sex_f,ocu_isco08_4,2017,63.43
dom,sex_f,ocu_isco08_4,2018,63.031
dom,sex_f,ocu_isco08_4,2019,63.024
dom,sex_f,ocu_isco08_4,2020,53.915
dom,sex_f,ocu_isco08_4,2021,63.474
dom,sex_f,ocu_isco08_4,2022,64.304
dom,sex_f,ocu_isco08_4,2023,61.48
dom,sex_f,ocu_isco08_4,2024,48.772
dom,sex_f,ocu_isco08_5,2015,395.747
dom,sex_f,ocu_isco08_5,2016,420.738
dom,sex_f,ocu_isco08_5,2017,438.857
dom,sex_f,ocu_isco08_5,2018,459.16
dom,sex_f,ocu_isco08_5,2019,464.518
dom,sex_f,ocu_isco08_5,2020,442.797
dom,sex_f,ocu_isco08_5,2021,486.792
dom,sex_f,ocu_isco08_5,2022,529.614
dom,sex_f,ocu_isco08_5,2023,531.319
dom,sex_f,ocu_isco08_5,2024,406.021
dom,sex_f,ocu_isco08_6,2015,14.302
dom,sex_f,ocu_isco08_6,2016,10.549
dom,sex_f,ocu_isco08_6,2017,14.089
dom,sex_f,ocu_isco08_6,2018,14.94
dom,sex_f,ocu_isco08_6,2019,14.351
dom,sex_f,ocu_isco08_6,2020,10.432
dom,sex_f,ocu_isco08_6,2021,11.415
dom,sex_f,ocu_isco08_6,2022,13.102
dom,sex_f,ocu_isco08_6,2023,12.617
dom,sex_f,ocu_isco08_6,2024,7.16
dom,sex_f,ocu_isco08_7,2015,35.34
dom,sex_f,ocu_isco08_7,2016,37.313
dom,sex_f,ocu_isco08_7,2017,43.748
dom,sex_f,ocu_isco08_7,2018,45.911
dom,sex_f,ocu_isco08_7,2019,48.294
dom,sex_f,ocu_isco08_7,2020,39.058
dom,sex_f,ocu_isco08_7,2021,40.948
dom,sex_f,ocu_isco08_7,2022,44.885
dom,sex_f,ocu_isco08_7,2023,49.386
dom,sex_f,ocu_isco08_7,2024,31.148
dom,sex_f,ocu_isco08_8,2015,2.462
dom,sex_f,ocu_isco08_8,2016,3.662
dom,sex_f,ocu_isco08_8,2017,5.06
dom,sex_f,ocu_isco08_8,2018,3.076
dom,sex_f,ocu_isco08_8,2019,2.932
dom,sex_f,ocu_isco08_8,2020,1.149
dom,sex_f,ocu_isco08_8,2021,1.363
dom,sex_f,ocu_isco08_8,2022,3.73
dom,sex_f,ocu_isco08_8,2023,3.08
dom,sex_f,ocu_isco08_8,2024,2.642
dom,sex_f,ocu_isco08_9,2015,290.167
dom,sex_f,ocu_isco08_9,2016,297.959
dom,sex_f,ocu_isco08_9,2017,303.796
dom,sex_f,ocu_isco08_9,2018,303.746
dom,sex_f,ocu_isco08_9,2019,306.277
dom,sex_f,ocu_isco08_9,2020,284.962
dom,sex_f,ocu_isco08_9,2021,294.301
dom,sex_f,ocu_isco08_9,2022,282.153
dom,sex_f,ocu_isco08_9,2023,308.344
dom,sex_f,ocu_isco08_9,2024,232.625
dom,sex_f,ocu_isco08_total,2015,836.604
dom,sex_f,ocu_isco08_total,2016,886.802
dom,sex_f,ocu_isco08_total,2017,925.368
dom,sex_f,ocu_isco08_total,2018,944.555
dom,sex_f,ocu_isco08_total,2019,950.264
dom,sex_f,ocu_isco08_total,2020,873.216
dom,sex_f,ocu_isco08_total,2021,951.934
dom,sex_f,ocu_isco08_total,2022,999.842
dom,sex_f,ocu_isco08_total,2023,1028.196
dom,sex_f,ocu_isco08_total,2024,1027.515
dom,sex_f,ocu_isco08_x,2024,253.155
dom,sex_f,ocu_isco88_0,2001,1.605
dom,sex_f,ocu_isco88_0,2002,5
dom,sex_f,ocu_isco88_0,2003,4.706
dom,sex_f,ocu_isco88_0,2004,4.748
dom,sex_f,ocu_isco88_0,2005,1.102
dom,sex_f,ocu_isco88_1,2000,20.927
dom,sex_f,ocu_isco88_1,2001,20.235
dom,sex_f,ocu_isco88_1,2002,21.446
dom,sex_f,ocu_isco88_1,2003,24.035
dom,sex_f,ocu_isco88_1,2004,22.571
dom,sex_f,ocu_isco88_1,2005,8.742
dom,sex_f,ocu_isco88_1,2006,7.737
dom,sex_f,ocu_isco88_1,2007,9.489
dom,sex_f,ocu_isco88_1,2008,7.598
dom,sex_f,ocu_isco88_1,2009,4.383
dom,sex_f,ocu_isco88_1,2010,7.166
dom,sex_f,ocu_isco88_1,2011,14.958
dom,sex_f,ocu_isco88_1,2012,5.155
dom,sex_f,ocu_isco88_1,2013,7.533
dom,sex_f,ocu_isco88_1,2014,5.893
dom,sex_f,ocu_isco88_2,2000,75.076
dom,sex_f,ocu_isco88_2,2001,75.496
dom,sex_f,ocu_isco88_2,2002,79.619
dom,sex_f,ocu_isco88_2,2003,93.318
dom,sex_f,ocu_isco88_2,2004,95.332
dom,sex_f,ocu_isco88_2,2005,39.206
dom,sex_f,ocu_isco88_2,2006,25.828
dom,sex_f,ocu_isco88_2,2007,15.679
dom,sex_f,ocu_isco88_2,2008,14.348
dom,sex_f,ocu_isco88_2,2009,12.668
dom,sex_f,ocu_isco88_2,2010,14.581
dom,sex_f,ocu_isco88_2,2011,15.568
dom,sex_f,ocu_isco88_2,2012,10.759
dom,sex_f,ocu_isco88_2,2013,15.366
dom,sex_f,ocu_isco88_2,2014,14.694
dom,sex_f,ocu_isco88_3,2000,94.509
dom,sex_f,ocu_isco88_3,2001,96.36
dom,sex_f,ocu_isco88_3,2002,92.763
dom,sex_f,ocu_isco88_3,2003,105.972
dom,sex_f,ocu_isco88_3,2004,104.686
dom,sex_f,ocu_isco88_3,2005,49.589
dom,sex_f,ocu_isco88_3,2006,48.104
dom,sex_f,ocu_isco88_3,2007,30.868
dom,sex_f,ocu_isco88_3,2008,29.58
dom,sex_f,ocu_isco88_3,2009,33.669
dom,sex_f,ocu_isco88_3,2010,28.072
dom,sex_f,ocu_isco88_3,2011,40.028
dom,sex_f,ocu_isco88_3,2012,49.979
dom,sex_f,ocu_isco88_3,2013,38.311
dom,sex_f,ocu_isco88_3,2014,31.107
dom,sex_f,ocu_isco88_4,2000,141.06
dom,sex_f,ocu_isco88_4,2001,130.67
dom,sex_f,ocu_isco88_4,2002,152.761
dom,sex_f,ocu_isco88_4,2003,137.82
dom,sex_f,ocu_isco88_4,2004,135.697
dom,sex_f,ocu_isco88_4,2005,95.704
dom,sex_f,ocu_isco88_4,2006,89.452
dom,sex_f,ocu_isco88_4,2007,73.76
dom,sex_f,ocu_isco88_4,2008,88.676
dom,sex_f,ocu_isco88_4,2009,71.546
dom,sex_f,ocu_isco88_4,2010,71.308
dom,sex_f,ocu_isco88_4,2011,70.606
dom,sex_f,ocu_isco88_4,2012,81.146
dom,sex_f,ocu_isco88_4,2013,84.562
dom,sex_f,ocu_isco88_4,2014,74.895
dom,sex_f,ocu_isco88_5,2000,230.225
dom,sex_f,ocu_isco88_5,2001,237.305
dom,sex_f,ocu_isco88_5,2002,270.048
dom,sex_f,ocu_isco88_5,2003,259.134
dom,sex_f,ocu_isco88_5,2004,257.298
dom,sex_f,ocu_isco88_5,2005,257.022
dom,sex_f,ocu_isco88_5,2006,272.568
dom,sex_f,ocu_isco88_5,2007,263.243
dom,sex_f,ocu_isco88_5,2008,272.268
dom,sex_f,ocu_isco88_5,2009,251.113
dom,sex_f,ocu_isco88_5,2010,282.345
dom,sex_f,ocu_isco88_5,2011,305.85
dom,sex_f,ocu_isco88_5,2012,325.297
dom,sex_f,ocu_isco88_5,2013,326.236
dom,sex_f,ocu_isco88_5,2014,329.273
dom,sex_f,ocu_isco88_6,2000,12.517
dom,sex_f,ocu_isco88_6,2001,9.072
dom,sex_f,ocu_isco88_6,2002,11.347
dom,sex_f,ocu_isco88_6,2003,7.328
dom,sex_f,ocu_isco88_6,2004,9.118
dom,sex_f,ocu_isco88_6,2005,15.502
dom,sex_f,ocu_isco88_6,2006,12.168
dom,sex_f,ocu_isco88_6,2007,14.004
dom,sex_f,ocu_isco88_6,2008,16.423
dom,sex_f,ocu_isco88_6,2009,8.751
dom,sex_f,ocu_isco88_6,2010,16.959
dom,sex_f,ocu_isco88_6,2011,16.204
dom,sex_f,ocu_isco88_6,2012,11.534
dom,sex_f,ocu_isco88_6,2013,11.614
dom,sex_f,ocu_isco88_6,2014,11.217
dom,sex_f,ocu_isco88_7,2000,58.142
dom,sex_f,ocu_isco88_7,2001,46.904
dom,sex_f,ocu_isco88_7,2002,45.132
dom,sex_f,ocu_isco88_7,2003,39.769
dom,sex_f,ocu_isco88_7,2004,41.138
dom,sex_f,ocu_isco88_7,2005,43.989
dom,sex_f,ocu_isco88_7,2006,38.511
dom,sex_f,ocu_isco88_7,2007,34.215
dom,sex_f,ocu_isco88_7,2008,62.92
dom,sex_f,ocu_isco88_7,2009,26.654
dom,sex_f,ocu_isco88_7,2010,31.13
dom,sex_f,ocu_isco88_7,2011,39.675
dom,sex_f,ocu_isco88_7,2012,36.321
dom,sex_f,ocu_isco88_7,2013,30.696
dom,sex_f,ocu_isco88_7,2014,35.623
dom,sex_f,ocu_isco88_8,2000,109.39
dom,sex_f,ocu_isco88_8,2001,80.434
dom,sex_f,ocu_isco88_8,2002,75.39
dom,sex_f,ocu_isco88_8,2003,77.439
dom,sex_f,ocu_isco88_8,2004,76.342
dom,sex_f,ocu_isco88_8,2005,26.811
dom,sex_f,ocu_isco88_8,2006,18.49
dom,sex_f,ocu_isco88_8,2007,13.466
dom,sex_f,ocu_isco88_8,2008,13.079
dom,sex_f,ocu_isco88_8,2009,7.456
dom,sex_f,ocu_isco88_8,2010,12.36
dom,sex_f,ocu_isco88_8,2011,10.123
dom,sex_f,ocu_isco88_8,2012,5.696
dom,sex_f,ocu_isco88_8,2013,7.585
dom,sex_f,ocu_isco88_8,2014,7.234
dom,sex_f,ocu_isco88_9,2000,217.767
dom,sex_f,ocu_isco88_9,2001,224.388
dom,sex_f,ocu_isco88_9,2002,246.725
dom,sex_f,ocu_isco88_9,2003,236.803
dom,sex_f,ocu_isco88_9,2004,249.55
dom,sex_f,ocu_isco88_9,2005,219.913
dom,sex_f,ocu_isco88_9,2006,232.042
dom,sex_f,ocu_isco88_9,2007,225.773
dom,sex_f,ocu_isco88_9,2008,238.083
dom,sex_f,ocu_isco88_9,2009,242.686
dom,sex_f,ocu_isco88_9,2010,245.078
dom,sex_f,ocu_isco88_9,2011,256.91
dom,sex_f,ocu_isco88_9,2012,264.779
dom,sex_f,ocu_isco88_9,2013,264.789
dom,sex_f,ocu_isco88_9,2014,275.572
dom,sex_f,ocu_isco88_total,2000,960.078
dom,sex_f,ocu_isco88_total,2001,922.47
dom,sex_f,ocu_isco88_total,2002,1000.23
dom,sex_f,ocu_isco88_total,2003,986.322
dom,sex_f,ocu_isco88_total,2004,996.48
dom,sex_f,ocu_isco88_total,2005,757.58
dom,sex_f,ocu_isco88_total,2006,745.287
dom,sex_f,ocu_isco88_total,2007,680.496
dom,sex_f,ocu_isco88_total,2008,742.973
dom,sex_f,ocu_isco88_total,2009,659.043
dom,sex_f,ocu_isco88_total,2010,709.408
dom,sex_f,ocu_isco88_total,2011,770.06
dom,sex_f,ocu_isco88_total,2012,790.801
dom,sex_f,ocu_isco88_total,2013,787
dom,sex_f,ocu_isco88_total,2014,785.508
dom,sex_f,ocu_skill_l1,2000,217.767
dom,sex_f,ocu_skill_l1,2001,224.388
dom,sex_f,ocu_skill_l1,2002,246.725
dom,sex_f,ocu_skill_l1,2003,236.803
dom,sex_f,ocu_skill_l1,2004,249.55
dom,sex_f,ocu_skill_l1,2005,219.913
dom,sex_f,ocu_skill_l1,2006,232.042
dom,sex_f,ocu_skill_l1,2007,225.773
dom,sex_f,ocu_skill_l1,2008,238.083
dom,sex_f,ocu_skill_l1,2009,242.686
dom,sex_f,ocu_skill_l1,2010,245.078
dom,sex_f,ocu_skill_l1,2011,256.91
dom,sex_f,ocu_skill_l1,2012,264.779
dom,sex_f,ocu_skill_l1,2013,264.789
dom,sex_f,ocu_skill_l1,2014,275.572
dom,sex_f,ocu_skill_l1,2015,290.167
dom,sex_f,ocu_skill_l1,2016,297.959
dom,sex_f,ocu_skill_l1,2017,303.796
dom,sex_f,ocu_skill_l1,2018,303.746
dom,sex_f,ocu_skill_l1,2019,306.277
dom,sex_f,ocu_skill_l1,2020,284.962
dom,sex_f,ocu_skill_l1,2021,294.301
dom,sex_f,ocu_skill_l1,2022,282.153
dom,sex_f,ocu_skill_l1,2023,308.344
dom,sex_f,ocu_skill_l1,2024,232.625
dom,sex_f,ocu_skill_l2,2000,551.334
dom,sex_f,ocu_skill_l2,2001,504.385
dom,sex_f,ocu_skill_l2,2002,554.677
dom,sex_f,ocu_skill_l2,2003,521.49
dom,sex_f,ocu_skill_l2,2004,519.594
dom,sex_f,ocu_skill_l2,2005,439.028
dom,sex_f,ocu_skill_l2,2006,431.188
dom,sex_f,ocu_skill_l2,2007,398.688
dom,sex_f,ocu_skill_l2,2008,453.366
dom,sex_f,ocu_skill_l2,2009,365.52
dom,sex_f,ocu_skill_l2,2010,414.102
dom,sex_f,ocu_skill_l2,2011,442.456
dom,sex_f,ocu_skill_l2,2012,459.993
dom,sex_f,ocu_skill_l2,2013,460.693
dom,sex_f,ocu_skill_l2,2014,458.242
dom,sex_f,ocu_skill_l2,2015,501.25
dom,sex_f,ocu_skill_l2,2016,528.503
dom,sex_f,ocu_skill_l2,2017,565.184
dom,sex_f,ocu_skill_l2,2018,586.117
dom,sex_f,ocu_skill_l2,2019,593.12
dom,sex_f,ocu_skill_l2,2020,547.352
dom,sex_f,ocu_skill_l2,2021,603.992
dom,sex_f,ocu_skill_l2,2022,655.636
dom,sex_f,ocu_skill_l2,2023,657.883
dom,sex_f,ocu_skill_l2,2024,495.742
dom,sex_f,ocu_skill_l3_4,2000,190.512
dom,sex_f,ocu_skill_l3_4,2001,192.091
dom,sex_f,ocu_skill_l3_4,2002,193.828
dom,sex_f,ocu_skill_l3_4,2003,223.324
dom,sex_f,ocu_skill_l3_4,2004,222.588
dom,sex_f,ocu_skill_l3_4,2005,97.537
dom,sex_f,ocu_skill_l3_4,2006,81.669
dom,sex_f,ocu_skill_l3_4,2007,56.036
dom,sex_f,ocu_skill_l3_4,2008,51.525
dom,sex_f,ocu_skill_l3_4,2009,50.721
dom,sex_f,ocu_skill_l3_4,2010,49.818
dom,sex_f,ocu_skill_l3_4,2011,70.554
dom,sex_f,ocu_skill_l3_4,2012,65.894
dom,sex_f,ocu_skill_l3_4,2013,61.21
dom,sex_f,ocu_skill_l3_4,2014,51.694
dom,sex_f,ocu_skill_l3_4,2015,45.103
dom,sex_f,ocu_skill_l3_4,2016,60.34
dom,sex_f,ocu_skill_l3_4,2017,56.388
dom,sex_f,ocu_skill_l3_4,2018,54.563
dom,sex_f,ocu_skill_l3_4,2019,50.868
dom,sex_f,ocu_skill_l3_4,2020,40.902
dom,sex_f,ocu_skill_l3_4,2021,53.641
dom,sex_f,ocu_skill_l3_4,2022,62.053
dom,sex_f,ocu_skill_l3_4,2023,61.969
dom,sex_f,ocu_skill_l3_4,2024,45.993
dom,sex_f,ocu_skill_total,2000,960.078
dom,sex_f,ocu_skill_total,2001,922.47
dom,sex_f,ocu_skill_total,2002,1000.23
dom,sex_f,ocu_skill_total,2003,986.322
dom,sex_f,ocu_skill_total,2004,996.48
dom,sex_f,ocu_skill_total,2005,757.58
dom,sex_f,ocu_skill_total,2006,745.287
dom,sex_f,ocu_skill_total,2007,680.496
dom,sex_f,ocu_skill_total,2008,742.973
dom,sex_f,ocu_skill_total,2009,659.043
dom,sex_f,ocu_skill_total,2010,709.408
dom,sex_f,ocu_skill_total,2011,770.06
dom,sex_f,ocu_skill_total,2012,790.801
dom,sex_f,ocu_skill_total,2013,787
dom,sex_f,ocu_skill_total,2014,785.508
dom,sex_f,ocu_skill_total,2015,836.604
dom,sex_f,ocu_skill_total,2016,886.802
dom,sex_f,ocu_skill_total,2017,925.368
dom,sex_f,ocu_skill_total,2018,944.555
dom,sex_f,ocu_skill_total,2019,950.264
dom,sex_f,ocu_skill_total,2020,873.216
dom,sex_f,ocu_skill_total,2021,951.934
dom,sex_f,ocu_skill_total,2022,999.842
dom,sex_f,ocu_skill_total,2023,1028.196
dom,sex_f,ocu_skill_total,2024,1027.515
dom,sex_f,ocu_skill_x,2001,1.605
dom,sex_f,ocu_skill_x,2002,5
dom,sex_f,ocu_skill_x,2003,4.706
dom,sex_f,ocu_skill_x,2004,4.748
dom,sex_f,ocu_skill_x,2005,1.102
dom,sex_f,ocu_skill_x,2024,253.155
dom,sex_m,ocu_isco08_1,2015,10.525
dom,sex_m,ocu_isco08_1,2016,13.621
dom,sex_m,ocu_isco08_1,2017,10.435
dom,sex_m,ocu_isco08_1,2018,10.906
dom,sex_m,ocu_isco08_1,2019,10.21
dom,sex_m,ocu_isco08_1,2020,8.335
dom,sex_m,ocu_isco08_1,2021,13.311
dom,sex_m,ocu_isco08_1,2022,12.142
dom,sex_m,ocu_isco08_1,2023,15.177
dom,sex_m,ocu_isco08_1,2024,16.561
dom,sex_m,ocu_isco08_2,2015,19.158
dom,sex_m,ocu_isco08_2,2016,18.275
dom,sex_m,ocu_isco08_2,2017,16.157
dom,sex_m,ocu_isco08_2,2018,26.568
dom,sex_m,ocu_isco08_2,2019,24.343
dom,sex_m,ocu_isco08_2,2020,16.02
dom,sex_m,ocu_isco08_2,2021,23.13
dom,sex_m,ocu_isco08_2,2022,25.459
dom,sex_m,ocu_isco08_2,2023,25.817
dom,sex_m,ocu_isco08_2,2024,13.584
dom,sex_m,ocu_isco08_3,2015,31.301
dom,sex_m,ocu_isco08_3,2016,35.274
dom,sex_m,ocu_isco08_3,2017,30.196
dom,sex_m,ocu_isco08_3,2018,33.205
dom,sex_m,ocu_isco08_3,2019,34.842
dom,sex_m,ocu_isco08_3,2020,24.863
dom,sex_m,ocu_isco08_3,2021,32.795
dom,sex_m,ocu_isco08_3,2022,39.787
dom,sex_m,ocu_isco08_3,2023,46.942
dom,sex_m,ocu_isco08_3,2024,38.143
dom,sex_m,ocu_isco08_4,2015,28.848
dom,sex_m,ocu_isco08_4,2016,33.303
dom,sex_m,ocu_isco08_4,2017,33.052
dom,sex_m,ocu_isco08_4,2018,39.155
dom,sex_m,ocu_isco08_4,2019,35.642
dom,sex_m,ocu_isco08_4,2020,28.251
dom,sex_m,ocu_isco08_4,2021,35.823
dom,sex_m,ocu_isco08_4,2022,28.568
dom,sex_m,ocu_isco08_4,2023,32.253
dom,sex_m,ocu_isco08_4,2024,21.775
dom,sex_m,ocu_isco08_5,2015,284.598
dom,sex_m,ocu_isco08_5,2016,294.439
dom,sex_m,ocu_isco08_5,2017,282.29
dom,sex_m,ocu_isco08_5,2018,293.901
dom,sex_m,ocu_isco08_5,2019,295.554
dom,sex_m,ocu_isco08_5,2020,259.502
dom,sex_m,ocu_isco08_5,2021,281.866
dom,sex_m,ocu_isco08_5,2022,312.863
dom,sex_m,ocu_isco08_5,2023,294.016
dom,sex_m,ocu_isco08_5,2024,220.563
dom,sex_m,ocu_isco08_6,2015,203.199
dom,sex_m,ocu_isco08_6,2016,188.703
dom,sex_m,ocu_isco08_6,2017,213.257
dom,sex_m,ocu_isco08_6,2018,223.047
dom,sex_m,ocu_isco08_6,2019,214.319
dom,sex_m,ocu_isco08_6,2020,202.909
dom,sex_m,ocu_isco08_6,2021,197.311
dom,sex_m,ocu_isco08_6,2022,189.674
dom,sex_m,ocu_isco08_6,2023,175.952
dom,sex_m,ocu_isco08_6,2024,147.709
dom,sex_m,ocu_isco08_7,2015,404.401
dom,sex_m,ocu_isco08_7,2016,412.074
dom,sex_m,ocu_isco08_7,2017,466.799
dom,sex_m,ocu_isco08_7,2018,489.366
dom,sex_m,ocu_isco08_7,2019,463.788
dom,sex_m,ocu_isco08_7,2020,439.327
dom,sex_m,ocu_isco08_7,2021,512.89
dom,sex_m,ocu_isco08_7,2022,518.045
dom,sex_m,ocu_isco08_7,2023,537.228
dom,sex_m,ocu_isco08_7,2024,417.357
dom,sex_m,ocu_isco08_8,2015,183.702
dom,sex_m,ocu_isco08_8,2016,200.396
dom,sex_m,ocu_isco08_8,2017,199.909
dom,sex_m,ocu_isco08_8,2018,202.603
dom,sex_m,ocu_isco08_8,2019,200.987
dom,sex_m,ocu_isco08_8,2020,229.819
dom,sex_m,ocu_isco08_8,2021,245.236
dom,sex_m,ocu_isco08_8,2022,224.832
dom,sex_m,ocu_isco08_8,2023,230.868
dom,sex_m,ocu_isco08_8,2024,187.028
dom,sex_m,ocu_isco08_9,2015,312.632
dom,sex_m,ocu_isco08_9,2016,317.961
dom,sex_m,ocu_isco08_9,2017,327.692
dom,sex_m,ocu_isco08_9,2018,314.415
dom,sex_m,ocu_isco08_9,2019,301.455
dom,sex_m,ocu_isco08_9,2020,308.604
dom,sex_m,ocu_isco08_9,2021,317.318
dom,sex_m,ocu_isco08_9,2022,294.95
dom,sex_m,ocu_isco08_9,2023,305.661
dom,sex_m,ocu_isco08_9,2024,224.191
dom,sex_m,ocu_isco08_total,2015,1478.452
dom,sex_m,ocu_isco08_total,2016,1514.101
dom,sex_m,ocu_isco08_total,2017,1580.118
dom,sex_m,ocu_isco08_total,2018,1633.291
dom,sex_m,ocu_isco08_total,2019,1581.139
dom,sex_m,ocu_isco08_total,2020,1517.63
dom,sex_m,ocu_isco08_total,2021,1659.68
dom,sex_m,ocu_isco08_total,2022,1646.504
dom,sex_m,ocu_isco08_total,2023,1663.915
dom,sex_m,ocu_isco08_total,2024,1711.052
dom,sex_m,ocu_isco08_x,2024,424.141
dom,sex_m,ocu_isco88_0,2000,23.492
dom,sex_m,ocu_isco88_0,2001,30.727
dom,sex_m,ocu_isco88_0,2002,28.338
dom,sex_m,ocu_isco88_0,2003,28.395
dom,sex_m,ocu_isco88_0,2004,22.968
dom,sex_m,ocu_isco88_0,2005,10.487
dom,sex_m,ocu_isco88_0,2006,1.929
dom,sex_m,ocu_isco88_0,2009,1.389
dom,sex_m,ocu_isco88_0,2011,1.482
dom,sex_m,ocu_isco88_1,2000,37.32
dom,sex_m,ocu_isco88_1,2001,35.038
dom,sex_m,ocu_isco88_1,2002,40.294
dom,sex_m,ocu_isco88_1,2003,41.028
dom,sex_m,ocu_isco88_1,2004,40.696
dom,sex_m,ocu_isco88_1,2005,17.494
dom,sex_m,ocu_isco88_1,2006,16.779
dom,sex_m,ocu_isco88_1,2007,16.262
dom,sex_m,ocu_isco88_1,2008,13.005
dom,sex_m,ocu_isco88_1,2009,15.283
dom,sex_m,ocu_isco88_1,2010,11.754
dom,sex_m,ocu_isco88_1,2011,11.263
dom,sex_m,ocu_isco88_1,2012,11.943
dom,sex_m,ocu_isco88_1,2013,10.857
dom,sex_m,ocu_isco88_1,2014,13.172
dom,sex_m,ocu_isco88_2,2000,70.927
dom,sex_m,ocu_isco88_2,2001,60.318
dom,sex_m,ocu_isco88_2,2002,72.085
dom,sex_m,ocu_isco88_2,2003,71.622
dom,sex_m,ocu_isco88_2,2004,75.809
dom,sex_m,ocu_isco88_2,2005,23.976
dom,sex_m,ocu_isco88_2,2006,19.177
dom,sex_m,ocu_isco88_2,2007,11.108
dom,sex_m,ocu_isco88_2,2008,9.908
dom,sex_m,ocu_isco88_2,2009,10.198
dom,sex_m,ocu_isco88_2,2010,7.167
dom,sex_m,ocu_isco88_2,2011,9.392
dom,sex_m,ocu_isco88_2,2012,7.633
dom,sex_m,ocu_isco88_2,2013,7.63
dom,sex_m,ocu_isco88_2,2014,9.057
dom,sex_m,ocu_isco88_3,2000,89.951
dom,sex_m,ocu_isco88_3,2001,88.152
dom,sex_m,ocu_isco88_3,2002,96.728
dom,sex_m,ocu_isco88_3,2003,110.06
dom,sex_m,ocu_isco88_3,2004,104.765
dom,sex_m,ocu_isco88_3,2005,67.279
dom,sex_m,ocu_isco88_3,2006,57.174
dom,sex_m,ocu_isco88_3,2007,46.652
dom,sex_m,ocu_isco88_3,2008,46.06
dom,sex_m,ocu_isco88_3,2009,46.844
dom,sex_m,ocu_isco88_3,2010,34.167
dom,sex_m,ocu_isco88_3,2011,38.492
dom,sex_m,ocu_isco88_3,2012,42.215
dom,sex_m,ocu_isco88_3,2013,37.746
dom,sex_m,ocu_isco88_3,2014,40.127
dom,sex_m,ocu_isco88_4,2000,71.055
dom,sex_m,ocu_isco88_4,2001,72.144
dom,sex_m,ocu_isco88_4,2002,70.795
dom,sex_m,ocu_isco88_4,2003,64.428
dom,sex_m,ocu_isco88_4,2004,70.103
dom,sex_m,ocu_isco88_4,2005,45.459
dom,sex_m,ocu_isco88_4,2006,39.95
dom,sex_m,ocu_isco88_4,2007,32.189
dom,sex_m,ocu_isco88_4,2008,31.703
dom,sex_m,ocu_isco88_4,2009,31.013
dom,sex_m,ocu_isco88_4,2010,39.546
dom,sex_m,ocu_isco88_4,2011,34.086
dom,sex_m,ocu_isco88_4,2012,33.428
dom,sex_m,ocu_isco88_4,2013,41.34
dom,sex_m,ocu_isco88_4,2014,42.172
dom,sex_m,ocu_isco88_5,2000,230.184
dom,sex_m,ocu_isco88_5,2001,220.28
dom,sex_m,ocu_isco88_5,2002,216.06
dom,sex_m,ocu_isco88_5,2003,218.781
dom,sex_m,ocu_isco88_5,2004,224.586
dom,sex_m,ocu_isco88_5,2005,192.415
dom,sex_m,ocu_isco88_5,2006,187.536
dom,sex_m,ocu_isco88_5,2007,185.34
dom,sex_m,ocu_isco88_5,2008,199.501
dom,sex_m,ocu_isco88_5,2009,175.172
dom,sex_m,ocu_isco88_5,2010,179.416
dom,sex_m,ocu_isco88_5,2011,209.63
dom,sex_m,ocu_isco88_5,2012,205.321
dom,sex_m,ocu_isco88_5,2013,210.92
dom,sex_m,ocu_isco88_5,2014,227.052
dom,sex_m,ocu_isco88_6,2000,261.222
dom,sex_m,ocu_isco88_6,2001,236.024
dom,sex_m,ocu_isco88_6,2002,282.562
dom,sex_m,ocu_isco88_6,2003,248.911
dom,sex_m,ocu_isco88_6,2004,253.031
dom,sex_m,ocu_isco88_6,2005,264.278
dom,sex_m,ocu_isco88_6,2006,263.962
dom,sex_m,ocu_isco88_6,2007,262.508
dom,sex_m,ocu_isco88_6,2008,237.028
dom,sex_m,ocu_isco88_6,2009,230.962
dom,sex_m,ocu_isco88_6,2010,228.664
dom,sex_m,ocu_isco88_6,2011,223.425
dom,sex_m,ocu_isco88_6,2012,214.988
dom,sex_m,ocu_isco88_6,2013,216.505
dom,sex_m,ocu_isco88_6,2014,214.834
dom,sex_m,ocu_isco88_7,2000,388.583
dom,sex_m,ocu_isco88_7,2001,385.05
dom,sex_m,ocu_isco88_7,2002,370.989
dom,sex_m,ocu_isco88_7,2003,385.088
dom,sex_m,ocu_isco88_7,2004,411.416
dom,sex_m,ocu_isco88_7,2005,397.797
dom,sex_m,ocu_isco88_7,2006,404.064
dom,sex_m,ocu_isco88_7,2007,356.962
dom,sex_m,ocu_isco88_7,2008,368.459
dom,sex_m,ocu_isco88_7,2009,298.277
dom,sex_m,ocu_isco88_7,2010,311.963
dom,sex_m,ocu_isco88_7,2011,332.983
dom,sex_m,ocu_isco88_7,2012,354.179
dom,sex_m,ocu_isco88_7,2013,342.828
dom,sex_m,ocu_isco88_7,2014,372.022
dom,sex_m,ocu_isco88_8,2000,252.511
dom,sex_m,ocu_isco88_8,2001,266.051
dom,sex_m,ocu_isco88_8,2002,279.705
dom,sex_m,ocu_isco88_8,2003,264.71
dom,sex_m,ocu_isco88_8,2004,277.878
dom,sex_m,ocu_isco88_8,2005,188.494
dom,sex_m,ocu_isco88_8,2006,158.442
dom,sex_m,ocu_isco88_8,2007,144.19
dom,sex_m,ocu_isco88_8,2008,142.862
dom,sex_m,ocu_isco88_8,2009,119.183
dom,sex_m,ocu_isco88_8,2010,119.618
dom,sex_m,ocu_isco88_8,2011,132.744
dom,sex_m,ocu_isco88_8,2012,150.82
dom,sex_m,ocu_isco88_8,2013,156.768
dom,sex_m,ocu_isco88_8,2014,150.02
dom,sex_m,ocu_isco88_9,2000,372.782
dom,sex_m,ocu_isco88_9,2001,345.371
dom,sex_m,ocu_isco88_9,2002,378.805
dom,sex_m,ocu_isco88_9,2003,359.908
dom,sex_m,ocu_isco88_9,2004,363.196
dom,sex_m,ocu_isco88_9,2005,316.563
dom,sex_m,ocu_isco88_9,2006,309.515
dom,sex_m,ocu_isco88_9,2007,260.502
dom,sex_m,ocu_isco88_9,2008,269.752
dom,sex_m,ocu_isco88_9,2009,328.054
dom,sex_m,ocu_isco88_9,2010,313.854
dom,sex_m,ocu_isco88_9,2011,348.448
dom,sex_m,ocu_isco88_9,2012,349.363
dom,sex_m,ocu_isco88_9,2013,351.093
dom,sex_m,ocu_isco88_9,2014,324.226
dom,sex_m,ocu_isco88_total,2000,1798.027
dom,sex_m,ocu_isco88_total,2001,1739.155
dom,sex_m,ocu_isco88_total,2002,1836.36
dom,sex_m,ocu_isco88_total,2003,1792.931
dom,sex_m,ocu_isco88_total,2004,1844.448
dom,sex_m,ocu_isco88_total,2005,1524.242
dom,sex_m,ocu_isco88_total,2006,1458.526
dom,sex_m,ocu_isco88_total,2007,1315.713
dom,sex_m,ocu_isco88_total,2008,1318.277
dom,sex_m,ocu_isco88_total,2009,1256.376
dom,sex_m,ocu_isco88_total,2010,1246.445
dom,sex_m,ocu_isco88_total,2011,1341.945
dom,sex_m,ocu_isco88_total,2012,1369.89
dom,sex_m,ocu_isco88_total,2013,1375.879
dom,sex_m,ocu_isco88_total,2014,1392.725
dom,sex_m,ocu_skill_l1,2000,372.782
dom,sex_m,ocu_skill_l1,2001,345.371
dom,sex_m,ocu_skill_l1,2002,378.805
dom,sex_m,ocu_skill_l1,2003,359.908
dom,sex_m,ocu_skill_l1,2004,363.196
dom,sex_m,ocu_skill_l1,2005,316.563
dom,sex_m,ocu_skill_l1,2006,309.515
dom,sex_m,ocu_skill_l1,2007,260.502
dom,sex_m,ocu_skill_l1,2008,269.752
dom,sex_m,ocu_skill_l1,2009,328.054
dom,sex_m,ocu_skill_l1,2010,313.854
dom,sex_m,ocu_skill_l1,2011,348.448
dom,sex_m,ocu_skill_l1,2012,349.363
dom,sex_m,ocu_skill_l1,2013,351.093
dom,sex_m,ocu_skill_l1,2014,324.226
dom,sex_m,ocu_skill_l1,2015,312.632
dom,sex_m,ocu_skill_l1,2016,317.961
dom,sex_m,ocu_skill_l1,2017,327.692
dom,sex_m,ocu_skill_l1,2018,314.415
dom,sex_m,ocu_skill_l1,2019,301.455
dom,sex_m,ocu_skill_l1,2020,308.604
dom,sex_m,ocu_skill_l1,2021,317.318
dom,sex_m,ocu_skill_l1,2022,294.95
dom,sex_m,ocu_skill_l1,2023,305.661
dom,sex_m,ocu_skill_l1,2024,224.191
dom,sex_m,ocu_skill_l2,2000,1203.555
dom,sex_m,ocu_skill_l2,2001,1179.55
dom,sex_m,ocu_skill_l2,2002,1220.11
dom,sex_m,ocu_skill_l2,2003,1181.92
dom,sex_m,ocu_skill_l2,2004,1237.015
dom,sex_m,ocu_skill_l2,2005,1088.443
dom,sex_m,ocu_skill_l2,2006,1053.953
dom,sex_m,ocu_skill_l2,2007,981.188
dom,sex_m,ocu_skill_l2,2008,979.553
dom,sex_m,ocu_skill_l2,2009,854.607
dom,sex_m,ocu_skill_l2,2010,879.206
dom,sex_m,ocu_skill_l2,2011,932.867
dom,sex_m,ocu_skill_l2,2012,958.736
dom,sex_m,ocu_skill_l2,2013,968.36
dom,sex_m,ocu_skill_l2,2014,1006.1
dom,sex_m,ocu_skill_l2,2015,1104.747
dom,sex_m,ocu_skill_l2,2016,1128.916
dom,sex_m,ocu_skill_l2,2017,1195.308
dom,sex_m,ocu_skill_l2,2018,1248.072
dom,sex_m,ocu_skill_l2,2019,1210.29
dom,sex_m,ocu_skill_l2,2020,1159.807
dom,sex_m,ocu_skill_l2,2021,1273.126
dom,sex_m,ocu_skill_l2,2022,1273.982
dom,sex_m,ocu_skill_l2,2023,1270.318
dom,sex_m,ocu_skill_l2,2024,994.432
dom,sex_m,ocu_skill_l3_4,2000,198.198
dom,sex_m,ocu_skill_l3_4,2001,183.507
dom,sex_m,ocu_skill_l3_4,2002,209.107
dom,sex_m,ocu_skill_l3_4,2003,222.708
dom,sex_m,ocu_skill_l3_4,2004,221.269
dom,sex_m,ocu_skill_l3_4,2005,108.75
dom,sex_m,ocu_skill_l3_4,2006,93.129
dom,sex_m,ocu_skill_l3_4,2007,74.022
dom,sex_m,ocu_skill_l3_4,2008,68.972
dom,sex_m,ocu_skill_l3_4,2009,72.326
dom,sex_m,ocu_skill_l3_4,2010,53.089
dom,sex_m,ocu_skill_l3_4,2011,59.148
dom,sex_m,ocu_skill_l3_4,2012,61.791
dom,sex_m,ocu_skill_l3_4,2013,56.233
dom,sex_m,ocu_skill_l3_4,2014,62.356
dom,sex_m,ocu_skill_l3_4,2015,60.984
dom,sex_m,ocu_skill_l3_4,2016,67.169
dom,sex_m,ocu_skill_l3_4,2017,56.788
dom,sex_m,ocu_skill_l3_4,2018,70.679
dom,sex_m,ocu_skill_l3_4,2019,69.395
dom,sex_m,ocu_skill_l3_4,2020,49.218
dom,sex_m,ocu_skill_l3_4,2021,69.237
dom,sex_m,ocu_skill_l3_4,2022,77.388
dom,sex_m,ocu_skill_l3_4,2023,87.936
dom,sex_m,ocu_skill_l3_4,2024,68.288
dom,sex_m,ocu_skill_total,2000,1798.027
dom,sex_m,ocu_skill_total,2001,1739.155
dom,sex_m,ocu_skill_total,2002,1836.36
dom,sex_m,ocu_skill_total,2003,1792.931
dom,sex_m,ocu_skill_total,2004,1844.448
dom,sex_m,ocu_skill_total,2005,1524.242
dom,sex_m,ocu_skill_total,2006,1458.526
dom,sex_m,ocu_skill_total,2007,1315.713
dom,sex_m,ocu_skill_total,2008,1318.277
dom,sex_m,ocu_skill_total,2009,1256.376
dom,sex_m,ocu_skill_total,2010,1246.445
dom,sex_m,ocu_skill_total,2011,1341.945
dom,sex_m,ocu_skill_total,2012,1369.89
dom,sex_m,ocu_skill_total,2013,1375.879
dom,sex_m,ocu_skill_total,2014,1392.725
dom,sex_m,ocu_skill_total,2015,1478.452
dom,sex_m,ocu_skill_total,2016,1514.101
dom,sex_m,ocu_skill_total,2017,1580.118
dom,sex_m,ocu_skill_total,2018,1633.291
dom,sex_m,ocu_skill_total,2019,1581.139
dom,sex_m,ocu_skill_total,2020,1517.63
dom,sex_m,ocu_skill_total,2021,1659.68
dom,sex_m,ocu_skill_total,2022,1646.504
dom,sex_m,ocu_skill_total,2023,1663.915
dom,sex_m,ocu_skill_total,2024,1711.052
dom,sex_m,ocu_skill_x,2000,23.492
dom,sex_m,ocu_skill_x,2001,30.727
dom,sex_m,ocu_skill_x,2002,28.338
dom,sex_m,ocu_skill_x,2003,28.395
dom,sex_m,ocu_skill_x,2004,22.968
dom,sex_m,ocu_skill_x,2005,10.487
dom,sex_m,ocu_skill_x,2006,1.929
dom,sex_m,ocu_skill_x,2009,1.389
dom,sex_m,ocu_skill_x,2011,1.482
dom,sex_m,ocu_skill_x,2017,0.33
dom,sex_m,ocu_skill_x,2024,424.141
dom,sex_t,ocu_isco08_1,2015,14.314
dom,sex_t,ocu_isco08_1,2016,20.218
dom,sex_t,ocu_isco08_1,2017,15.231
dom,sex_t,ocu_isco08_1,2018,15.96
dom,sex_t,ocu_isco08_1,2019,12.882
dom,sex_t,ocu_isco08_1,2020,9.547
dom,sex_t,ocu_isco08_1,2021,17.387
dom,sex_t,ocu_isco08_1,2022,14.835
dom,sex_t,ocu_isco08_1,2023,21.989
dom,sex_t,ocu_isco08_1,2024,20.798
dom,sex_t,ocu_isco08_2,2015,43.643
dom,sex_t,ocu_isco08_2,2016,52.574
dom,sex_t,ocu_isco08_2,2017,45.693
dom,sex_t,ocu_isco08_2,2018,55.551
dom,sex_t,ocu_isco08_2,2019,50.802
dom,sex_t,ocu_isco08_2,2020,30.682
dom,sex_t,ocu_isco08_2,2021,49.333
dom,sex_t,ocu_isco08_2,2022,52.954
dom,sex_t,ocu_isco08_2,2023,55.548
dom,sex_t,ocu_isco08_2,2024,35.853
dom,sex_t,ocu_isco08_3,2015,48.13
dom,sex_t,ocu_isco08_3,2016,54.718
dom,sex_t,ocu_isco08_3,2017,52.252
dom,sex_t,ocu_isco08_3,2018,53.731
dom,sex_t,ocu_isco08_3,2019,56.578
dom,sex_t,ocu_isco08_3,2020,49.891
dom,sex_t,ocu_isco08_3,2021,56.158
dom,sex_t,ocu_isco08_3,2022,71.652
dom,sex_t,ocu_isco08_3,2023,72.368
dom,sex_t,ocu_isco08_3,2024,57.629
dom,sex_t,ocu_isco08_4,2015,82.247
dom,sex_t,ocu_isco08_4,2016,89.543
dom,sex_t,ocu_isco08_4,2017,96.482
dom,sex_t,ocu_isco08_4,2018,102.186
dom,sex_t,ocu_isco08_4,2019,98.665
dom,sex_t,ocu_isco08_4,2020,82.166
dom,sex_t,ocu_isco08_4,2021,99.296
dom,sex_t,ocu_isco08_4,2022,92.872
dom,sex_t,ocu_isco08_4,2023,93.734
dom,sex_t,ocu_isco08_4,2024,70.547
dom,sex_t,ocu_isco08_5,2015,680.344
dom,sex_t,ocu_isco08_5,2016,715.177
dom,sex_t,ocu_isco08_5,2017,721.147
dom,sex_t,ocu_isco08_5,2018,753.061
dom,sex_t,ocu_isco08_5,2019,760.072
dom,sex_t,ocu_isco08_5,2020,702.299
dom,sex_t,ocu_isco08_5,2021,768.658
dom,sex_t,ocu_isco08_5,2022,842.477
dom,sex_t,ocu_isco08_5,2023,825.336
dom,sex_t,ocu_isco08_5,2024,626.584
dom,sex_t,ocu_isco08_6,2015,217.501
dom,sex_t,ocu_isco08_6,2016,199.253
dom,sex_t,ocu_isco08_6,2017,227.346
dom,sex_t,ocu_isco08_6,2018,237.987
dom,sex_t,ocu_isco08_6,2019,228.671
dom,sex_t,ocu_isco08_6,2020,213.341
dom,sex_t,ocu_isco08_6,2021,208.726
dom,sex_t,ocu_isco08_6,2022,202.776
dom,sex_t,ocu_isco08_6,2023,188.569
dom,sex_t,ocu_isco08_6,2024,154.868
dom,sex_t,ocu_isco08_7,2015,439.741
dom,sex_t,ocu_isco08_7,2016,449.388
dom,sex_t,ocu_isco08_7,2017,510.547
dom,sex_t,ocu_isco08_7,2018,535.277
dom,sex_t,ocu_isco08_7,2019,512.082
dom,sex_t,ocu_isco08_7,2020,478.385
dom,sex_t,ocu_isco08_7,2021,553.839
dom,sex_t,ocu_isco08_7,2022,562.931
dom,sex_t,ocu_isco08_7,2023,586.614
dom,sex_t,ocu_isco08_7,2024,448.505
dom,sex_t,ocu_isco08_8,2015,186.164
dom,sex_t,ocu_isco08_8,2016,204.058
dom,sex_t,ocu_isco08_8,2017,204.97
dom,sex_t,ocu_isco08_8,2018,205.678
dom,sex_t,ocu_isco08_8,2019,203.919
dom,sex_t,ocu_isco08_8,2020,230.968
dom,sex_t,ocu_isco08_8,2021,246.6
dom,sex_t,ocu_isco08_8,2022,228.562
dom,sex_t,ocu_isco08_8,2023,233.948
dom,sex_t,ocu_isco08_8,2024,189.67
dom,sex_t,ocu_isco08_9,2015,602.799
dom,sex_t,ocu_isco08_9,2016,615.92
dom,sex_t,ocu_isco08_9,2017,631.487
dom,sex_t,ocu_isco08_9,2018,618.161
dom,sex_t,ocu_isco08_9,2019,607.732
dom,sex_t,ocu_isco08_9,2020,593.567
dom,sex_t,ocu_isco08_9,2021,611.619
dom,sex_t,ocu_isco08_9,2022,577.103
dom,sex_t,ocu_isco08_9,2023,614.005
dom,sex_t,ocu_isco08_9,2024,456.816
dom,sex_t,ocu_isco08_total,2015,2315.057
dom,sex_t,ocu_isco08_total,2016,2400.904
dom,sex_t,ocu_isco08_total,2017,2505.486
dom,sex_t,ocu_isco08_total,2018,2577.847
dom,sex_t,ocu_isco08_total,2019,2531.403
dom,sex_t,ocu_isco08_total,2020,2390.846
dom,sex_t,ocu_isco08_total,2021,2611.614
dom,sex_t,ocu_isco08_total,2022,2646.345
dom,sex_t,ocu_isco08_total,2023,2692.111
dom,sex_t,ocu_isco08_total,2024,2738.567
dom,sex_t,ocu_isco08_x,2024,677.296
dom,sex_t,ocu_isco88_0,2000,23.958
dom,sex_t,ocu_isco88_0,2001,32.331
dom,sex_t,ocu_isco88_0,2002,33.338
dom,sex_t,ocu_isco88_0,2003,33.101
dom,sex_t,ocu_isco88_0,2004,27.715
dom,sex_t,ocu_isco88_0,2005,11.589
dom,sex_t,ocu_isco88_0,2006,2.316
dom,sex_t,ocu_isco88_0,2009,1.505
dom,sex_t,ocu_isco88_0,2010,0.704
dom,sex_t,ocu_isco88_0,2011,1.621
dom,sex_t,ocu_isco88_1,2000,58.247
dom,sex_t,ocu_isco88_1,2001,55.272
dom,sex_t,ocu_isco88_1,2002,61.74
dom,sex_t,ocu_isco88_1,2003,65.063
dom,sex_t,ocu_isco88_1,2004,63.266
dom,sex_t,ocu_isco88_1,2005,26.236
dom,sex_t,ocu_isco88_1,2006,24.515
dom,sex_t,ocu_isco88_1,2007,25.752
dom,sex_t,ocu_isco88_1,2008,20.603
dom,sex_t,ocu_isco88_1,2009,19.666
dom,sex_t,ocu_isco88_1,2010,18.921
dom,sex_t,ocu_isco88_1,2011,26.221
dom,sex_t,ocu_isco88_1,2012,17.098
dom,sex_t,ocu_isco88_1,2013,18.39
dom,sex_t,ocu_isco88_1,2014,19.064
dom,sex_t,ocu_isco88_2,2000,146.002
dom,sex_t,ocu_isco88_2,2001,135.815
dom,sex_t,ocu_isco88_2,2002,151.703
dom,sex_t,ocu_isco88_2,2003,164.939
dom,sex_t,ocu_isco88_2,2004,171.141
dom,sex_t,ocu_isco88_2,2005,63.182
dom,sex_t,ocu_isco88_2,2006,45.005
dom,sex_t,ocu_isco88_2,2007,26.787
dom,sex_t,ocu_isco88_2,2008,24.255
dom,sex_t,ocu_isco88_2,2009,22.866
dom,sex_t,ocu_isco88_2,2010,21.747
dom,sex_t,ocu_isco88_2,2011,24.959
dom,sex_t,ocu_isco88_2,2012,18.392
dom,sex_t,ocu_isco88_2,2013,22.996
dom,sex_t,ocu_isco88_2,2014,23.752
dom,sex_t,ocu_isco88_3,2000,184.46
dom,sex_t,ocu_isco88_3,2001,184.512
dom,sex_t,ocu_isco88_3,2002,189.492
dom,sex_t,ocu_isco88_3,2003,216.031
dom,sex_t,ocu_isco88_3,2004,209.451
dom,sex_t,ocu_isco88_3,2005,116.868
dom,sex_t,ocu_isco88_3,2006,105.278
dom,sex_t,ocu_isco88_3,2007,77.52
dom,sex_t,ocu_isco88_3,2008,75.639
dom,sex_t,ocu_isco88_3,2009,80.513
dom,sex_t,ocu_isco88_3,2010,62.239
dom,sex_t,ocu_isco88_3,2011,78.52
dom,sex_t,ocu_isco88_3,2012,92.195
dom,sex_t,ocu_isco88_3,2013,76.058
dom,sex_t,ocu_isco88_3,2014,71.234
dom,sex_t,ocu_isco88_4,2000,212.115
dom,sex_t,ocu_isco88_4,2001,202.814
dom,sex_t,ocu_isco88_4,2002,223.556
dom,sex_t,ocu_isco88_4,2003,202.249
dom,sex_t,ocu_isco88_4,2004,205.8
dom,sex_t,ocu_isco88_4,2005,141.163
dom,sex_t,ocu_isco88_4,2006,129.401
dom,sex_t,ocu_isco88_4,2007,105.949
dom,sex_t,ocu_isco88_4,2008,120.38
dom,sex_t,ocu_isco88_4,2009,102.559
dom,sex_t,ocu_isco88_4,2010,110.854
dom,sex_t,ocu_isco88_4,2011,104.692
dom,sex_t,ocu_isco88_4,2012,114.574
dom,sex_t,ocu_isco88_4,2013,125.902
dom,sex_t,ocu_isco88_4,2014,117.068
dom,sex_t,ocu_isco88_5,2000,460.408
dom,sex_t,ocu_isco88_5,2001,457.586
dom,sex_t,ocu_isco88_5,2002,486.108
dom,sex_t,ocu_isco88_5,2003,477.916
dom,sex_t,ocu_isco88_5,2004,481.884
dom,sex_t,ocu_isco88_5,2005,449.436
dom,sex_t,ocu_isco88_5,2006,460.103
dom,sex_t,ocu_isco88_5,2007,448.583
dom,sex_t,ocu_isco88_5,2008,471.769
dom,sex_t,ocu_isco88_5,2009,426.284
dom,sex_t,ocu_isco88_5,2010,461.76
dom,sex_t,ocu_isco88_5,2011,515.48
dom,sex_t,ocu_isco88_5,2012,530.617
dom,sex_t,ocu_isco88_5,2013,537.157
dom,sex_t,ocu_isco88_5,2014,556.324
dom,sex_t,ocu_isco88_6,2000,273.738
dom,sex_t,ocu_isco88_6,2001,245.095
dom,sex_t,ocu_isco88_6,2002,293.908
dom,sex_t,ocu_isco88_6,2003,256.24
dom,sex_t,ocu_isco88_6,2004,262.15
dom,sex_t,ocu_isco88_6,2005,279.781
dom,sex_t,ocu_isco88_6,2006,276.13
dom,sex_t,ocu_isco88_6,2007,276.511
dom,sex_t,ocu_isco88_6,2008,253.451
dom,sex_t,ocu_isco88_6,2009,239.713
dom,sex_t,ocu_isco88_6,2010,245.624
dom,sex_t,ocu_isco88_6,2011,239.629
dom,sex_t,ocu_isco88_6,2012,226.522
dom,sex_t,ocu_isco88_6,2013,228.119
dom,sex_t,ocu_isco88_6,2014,226.052
dom,sex_t,ocu_isco88_7,2000,446.726
dom,sex_t,ocu_isco88_7,2001,431.954
dom,sex_t,ocu_isco88_7,2002,416.12
dom,sex_t,ocu_isco88_7,2003,424.857
dom,sex_t,ocu_isco88_7,2004,452.555
dom,sex_t,ocu_isco88_7,2005,441.786
dom,sex_t,ocu_isco88_7,2006,442.576
dom,sex_t,ocu_isco88_7,2007,391.178
dom,sex_t,ocu_isco88_7,2008,431.379
dom,sex_t,ocu_isco88_7,2009,324.931
dom,sex_t,ocu_isco88_7,2010,343.093
dom,sex_t,ocu_isco88_7,2011,372.658
dom,sex_t,ocu_isco88_7,2012,390.5
dom,sex_t,ocu_isco88_7,2013,373.524
dom,sex_t,ocu_isco88_7,2014,407.644
dom,sex_t,ocu_isco88_8,2000,361.902
dom,sex_t,ocu_isco88_8,2001,346.486
dom,sex_t,ocu_isco88_8,2002,355.094
dom,sex_t,ocu_isco88_8,2003,342.149
dom,sex_t,ocu_isco88_8,2004,354.221
dom,sex_t,ocu_isco88_8,2005,215.305
dom,sex_t,ocu_isco88_8,2006,176.932
dom,sex_t,ocu_isco88_8,2007,157.655
dom,sex_t,ocu_isco88_8,2008,155.94
dom,sex_t,ocu_isco88_8,2009,126.64
dom,sex_t,ocu_isco88_8,2010,131.977
dom,sex_t,ocu_isco88_8,2011,142.866
dom,sex_t,ocu_isco88_8,2012,156.516
dom,sex_t,ocu_isco88_8,2013,164.352
dom,sex_t,ocu_isco88_8,2014,157.254
dom,sex_t,ocu_isco88_9,2000,590.549
dom,sex_t,ocu_isco88_9,2001,569.759
dom,sex_t,ocu_isco88_9,2002,625.53
dom,sex_t,ocu_isco88_9,2003,596.71
dom,sex_t,ocu_isco88_9,2004,612.746
dom,sex_t,ocu_isco88_9,2005,536.476
dom,sex_t,ocu_isco88_9,2006,541.556
dom,sex_t,ocu_isco88_9,2007,486.274
dom,sex_t,ocu_isco88_9,2008,507.834
dom,sex_t,ocu_isco88_9,2009,570.74
dom,sex_t,ocu_isco88_9,2010,558.933
dom,sex_t,ocu_isco88_9,2011,605.359
dom,sex_t,ocu_isco88_9,2012,614.142
dom,sex_t,ocu_isco88_9,2013,615.883
dom,sex_t,ocu_isco88_9,2014,599.797
dom,sex_t,ocu_isco88_total,2000,2758.106
dom,sex_t,ocu_isco88_total,2001,2661.624
dom,sex_t,ocu_isco88_total,2002,2836.59
dom,sex_t,ocu_isco88_total,2003,2779.254
dom,sex_t,ocu_isco88_total,2004,2840.929
dom,sex_t,ocu_isco88_total,2005,2281.823
dom,sex_t,ocu_isco88_total,2006,2203.813
dom,sex_t,ocu_isco88_total,2007,1996.209
dom,sex_t,ocu_isco88_total,2008,2061.25
dom,sex_t,ocu_isco88_total,2009,1915.418
dom,sex_t,ocu_isco88_total,2010,1955.852
dom,sex_t,ocu_isco88_total,2011,2112.004
dom,sex_t,ocu_isco88_total,2012,2160.691
dom,sex_t,ocu_isco88_total,2013,2162.879
dom,sex_t,ocu_isco88_total,2014,2178.232
dom,sex_t,ocu_skill_l1,2000,590.549
dom,sex_t,ocu_skill_l1,2001,569.759
dom,sex_t,ocu_skill_l1,2002,625.53
dom,sex_t,ocu_skill_l1,2003,596.71
dom,sex_t,ocu_skill_l1,2004,612.746
dom,sex_t,ocu_skill_l1,2005,536.476
dom,sex_t,ocu_skill_l1,2006,541.556
dom,sex_t,ocu_skill_l1,2007,486.274
dom,sex_t,ocu_skill_l1,2008,507.834
dom,sex_t,ocu_skill_l1,2009,570.74
dom,sex_t,ocu_skill_l1,2010,558.933
dom,sex_t,ocu_skill_l1,2011,605.359
dom,sex_t,ocu_skill_l1,2012,614.142
dom,sex_t,ocu_skill_l1,2013,615.883
dom,sex_t,ocu_skill_l1,2014,599.797
dom,sex_t,ocu_skill_l1,2015,602.799
dom,sex_t,ocu_skill_l1,2016,615.92
dom,sex_t,ocu_skill_l1,2017,631.487
dom,sex_t,ocu_skill_l1,2018,618.161
dom,sex_t,ocu_skill_l1,2019,607.732
dom,sex_t,ocu_skill_l1,2020,593.567
dom,sex_t,ocu_skill_l1,2021,611.619
dom,sex_t,ocu_skill_l1,2022,577.103
dom,sex_t,ocu_skill_l1,2023,614.005
dom,sex_t,ocu_skill_l1,2024,456.816
dom,sex_t,ocu_skill_l2,2000,1754.89
dom,sex_t,ocu_skill_l2,2001,1683.935
dom,sex_t,ocu_skill_l2,2002,1774.787
dom,sex_t,ocu_skill_l2,2003,1703.409
dom,sex_t,ocu_skill_l2,2004,1756.61
dom,sex_t,ocu_skill_l2,2005,1527.47
dom,sex_t,ocu_skill_l2,2006,1485.141
dom,sex_t,ocu_skill_l2,2007,1379.876
dom,sex_t,ocu_skill_l2,2008,1432.919
dom,sex_t,ocu_skill_l2,2009,1220.127
dom,sex_t,ocu_skill_l2,2010,1293.308
dom,sex_t,ocu_skill_l2,2011,1375.323
dom,sex_t,ocu_skill_l2,2012,1418.728
dom,sex_t,ocu_skill_l2,2013,1429.053
dom,sex_t,ocu_skill_l2,2014,1464.342
dom,sex_t,ocu_skill_l2,2015,1605.998
dom,sex_t,ocu_skill_l2,2016,1657.419
dom,sex_t,ocu_skill_l2,2017,1760.492
dom,sex_t,ocu_skill_l2,2018,1834.189
dom,sex_t,ocu_skill_l2,2019,1803.409
dom,sex_t,ocu_skill_l2,2020,1707.159
dom,sex_t,ocu_skill_l2,2021,1877.118
dom,sex_t,ocu_skill_l2,2022,1929.618
dom,sex_t,ocu_skill_l2,2023,1928.201
dom,sex_t,ocu_skill_l2,2024,1490.174
dom,sex_t,ocu_skill_l3_4,2000,388.71
dom,sex_t,ocu_skill_l3_4,2001,375.599
dom,sex_t,ocu_skill_l3_4,2002,402.936
dom,sex_t,ocu_skill_l3_4,2003,446.033
dom,sex_t,ocu_skill_l3_4,2004,443.858
dom,sex_t,ocu_skill_l3_4,2005,206.287
dom,sex_t,ocu_skill_l3_4,2006,174.798
dom,sex_t,ocu_skill_l3_4,2007,130.059
dom,sex_t,ocu_skill_l3_4,2008,120.497
dom,sex_t,ocu_skill_l3_4,2009,123.046
dom,sex_t,ocu_skill_l3_4,2010,102.908
dom,sex_t,ocu_skill_l3_4,2011,129.701
dom,sex_t,ocu_skill_l3_4,2012,127.684
dom,sex_t,ocu_skill_l3_4,2013,117.443
dom,sex_t,ocu_skill_l3_4,2014,114.05
dom,sex_t,ocu_skill_l3_4,2015,106.087
dom,sex_t,ocu_skill_l3_4,2016,127.51
dom,sex_t,ocu_skill_l3_4,2017,113.176
dom,sex_t,ocu_skill_l3_4,2018,125.242
dom,sex_t,ocu_skill_l3_4,2019,120.262
dom,sex_t,ocu_skill_l3_4,2020,90.12
dom,sex_t,ocu_skill_l3_4,2021,122.877
dom,sex_t,ocu_skill_l3_4,2022,139.441
dom,sex_t,ocu_skill_l3_4,2023,149.905
dom,sex_t,ocu_skill_l3_4,2024,114.281
dom,sex_t,ocu_skill_total,2000,2758.106
dom,sex_t,ocu_skill_total,2001,2661.624
dom,sex_t,ocu_skill_total,2002,2836.59
dom,sex_t,ocu_skill_total,2003,2779.254
dom,sex_t,ocu_skill_total,2004,2840.929
dom,sex_t,ocu_skill_total,2005,2281.823
dom,sex_t,ocu_skill_total,2006,2203.813
dom,sex_t,ocu_skill_total,2007,1996.209
dom,sex_t,ocu_skill_total,2008,2061.25
dom,sex_t,ocu_skill_total,2009,1915.418
dom,sex_t,ocu_skill_total,2010,1955.852
dom,sex_t,ocu_skill_total,2011,2112.004
dom,sex_t,ocu_skill_total,2012,2160.691
dom,sex_t,ocu_skill_total,2013,2162.879
dom,sex_t,ocu_skill_total,2014,2178.232
dom,sex_t,ocu_skill_total,2015,2315.057
dom,sex_t,ocu_skill_total,2016,2400.904
dom,sex_t,ocu_skill_total,2017,2505.486
dom,sex_t,ocu_skill_total,2018,2577.847
dom,sex_t,ocu_skill_total,2019,2531.403
dom,sex_t,ocu_skill_total,2020,2390.846
dom,sex_t,ocu_skill_total,2021,2611.614
dom,sex_t,ocu_skill_total,2022,2646.345
dom,sex_t,ocu_skill_total,2023,2692.111
dom,sex_t,ocu_skill_total,2024,2738.567
dom,sex_t,ocu_skill_x,2000,23.958
dom,sex_t,ocu_skill_x,2001,32.331
dom,sex_t,ocu_skill_x,2002,33.338
dom,sex_t,ocu_skill_x,2003,33.101
dom,sex_t,ocu_skill_x,2004,27.715
dom,sex_t,ocu_skill_x,2005,11.589
dom,sex_t,ocu_skill_x,2006,2.316
dom,sex_t,ocu_skill_x,2009,1.505
dom,sex_t,ocu_skill_x,2010,0.704
dom,sex_t,ocu_skill_x,2011,1.621
dom,sex_t,ocu_skill_x,2017,0.33
dom,sex_t,ocu_skill_x,2024,677.296
ecu,sex_f,ocu_isco08_1,2013,1.67
ecu,sex_f,ocu_isco08_1,2014,0.824
ecu,sex_f,ocu_isco08_1,2015,1.403
ecu,sex_f,ocu_isco08_1,2016,1.111
ecu,sex_f,ocu_isco08_1,2017,1.091
ecu,sex_f,ocu_isco08_1,2018,0.944
ecu,sex_f,ocu_isco08_1,2019,0.929
ecu,sex_f,ocu_isco08_1,2021,1.409
ecu,sex_f,ocu_isco08_1,2022,2.039
ecu,sex_f,ocu_isco08_1,2023,1.567
ecu,sex_f,ocu_isco08_1,2024,1.656
ecu,sex_f,ocu_isco08_2,2013,23.032
ecu,sex_f,ocu_isco08_2,2014,16.828
ecu,sex_f,ocu_isco08_2,2015,24.453
ecu,sex_f,ocu_isco08_2,2016,27.773
ecu,sex_f,ocu_isco08_2,2017,26.675
ecu,sex_f,ocu_isco08_2,2018,26.352
ecu,sex_f,ocu_isco08_2,2019,32.484
ecu,sex_f,ocu_isco08_2,2021,38.976
ecu,sex_f,ocu_isco08_2,2022,44.522
ecu,sex_f,ocu_isco08_2,2023,49.75
ecu,sex_f,ocu_isco08_2,2024,46.513
ecu,sex_f,ocu_isco08_3,2013,17.728
ecu,sex_f,ocu_isco08_3,2014,17.718
ecu,sex_f,ocu_isco08_3,2015,16.004
ecu,sex_f,ocu_isco08_3,2016,23.583
ecu,sex_f,ocu_isco08_3,2017,24.063
ecu,sex_f,ocu_isco08_3,2018,21.807
ecu,sex_f,ocu_isco08_3,2019,22.326
ecu,sex_f,ocu_isco08_3,2021,29.556
ecu,sex_f,ocu_isco08_3,2022,36.022
ecu,sex_f,ocu_isco08_3,2023,34.31
ecu,sex_f,ocu_isco08_3,2024,37.023
ecu,sex_f,ocu_isco08_4,2013,38.228
ecu,sex_f,ocu_isco08_4,2014,35.691
ecu,sex_f,ocu_isco08_4,2015,37.069
ecu,sex_f,ocu_isco08_4,2016,39.247
ecu,sex_f,ocu_isco08_4,2017,28.448
ecu,sex_f,ocu_isco08_4,2018,29.297
ecu,sex_f,ocu_isco08_4,2019,29.482
ecu,sex_f,ocu_isco08_4,2021,30.874
ecu,sex_f,ocu_isco08_4,2022,31.208
ecu,sex_f,ocu_isco08_4,2023,29.498
ecu,sex_f,ocu_isco08_4,2024,30.273
ecu,sex_f,ocu_isco08_5,2013,589.148
ecu,sex_f,ocu_isco08_5,2014,565.832
ecu,sex_f,ocu_isco08_5,2015,611.525
ecu,sex_f,ocu_isco08_5,2016,694.53
ecu,sex_f,ocu_isco08_5,2017,695.482
ecu,sex_f,ocu_isco08_5,2018,655.683
ecu,sex_f,ocu_isco08_5,2019,659.166
ecu,sex_f,ocu_isco08_5,2021,681.514
ecu,sex_f,ocu_isco08_5,2022,710.172
ecu,sex_f,ocu_isco08_5,2023,709.109
ecu,sex_f,ocu_isco08_5,2024,634.111
ecu,sex_f,ocu_isco08_6,2013,235.545
ecu,sex_f,ocu_isco08_6,2014,245.183
ecu,sex_f,ocu_isco08_6,2015,271.334
ecu,sex_f,ocu_isco08_6,2016,307.382
ecu,sex_f,ocu_isco08_6,2017,340.158
ecu,sex_f,ocu_isco08_6,2018,347.492
ecu,sex_f,ocu_isco08_6,2019,359.783
ecu,sex_f,ocu_isco08_6,2021,398.937
ecu,sex_f,ocu_isco08_6,2022,414.017
ecu,sex_f,ocu_isco08_6,2023,432.332
ecu,sex_f,ocu_isco08_6,2024,414.774
ecu,sex_f,ocu_isco08_7,2013,133.321
ecu,sex_f,ocu_isco08_7,2014,136.685
ecu,sex_f,ocu_isco08_7,2015,132.76
ecu,sex_f,ocu_isco08_7,2016,119.968
ecu,sex_f,ocu_isco08_7,2017,153.062
ecu,sex_f,ocu_isco08_7,2018,135.531
ecu,sex_f,ocu_isco08_7,2019,133.382
ecu,sex_f,ocu_isco08_7,2021,124.834
ecu,sex_f,ocu_isco08_7,2022,161.157
ecu,sex_f,ocu_isco08_7,2023,162.801
ecu,sex_f,ocu_isco08_7,2024,156.107
ecu,sex_f,ocu_isco08_8,2013,15.323
ecu,sex_f,ocu_isco08_8,2014,16.599
ecu,sex_f,ocu_isco08_8,2015,19.451
ecu,sex_f,ocu_isco08_8,2016,20.547
ecu,sex_f,ocu_isco08_8,2017,21.723
ecu,sex_f,ocu_isco08_8,2018,18.38
ecu,sex_f,ocu_isco08_8,2019,17.839
ecu,sex_f,ocu_isco08_8,2021,15.619
ecu,sex_f,ocu_isco08_8,2022,14.84
ecu,sex_f,ocu_isco08_8,2023,16.207
ecu,sex_f,ocu_isco08_8,2024,16.355
ecu,sex_f,ocu_isco08_9,2013,545.462
ecu,sex_f,ocu_isco08_9,2014,517.051
ecu,sex_f,ocu_isco08_9,2015,639.018
ecu,sex_f,ocu_isco08_9,2016,750.014
ecu,sex_f,ocu_isco08_9,2017,856.618
ecu,sex_f,ocu_isco08_9,2018,880.823
ecu,sex_f,ocu_isco08_9,2019,910.343
ecu,sex_f,ocu_isco08_9,2021,991.026
ecu,sex_f,ocu_isco08_9,2022,1026.026
ecu,sex_f,ocu_isco08_9,2023,1006.991
ecu,sex_f,ocu_isco08_9,2024,1068.533
ecu,sex_f,ocu_isco08_total,2013,1599.752
ecu,sex_f,ocu_isco08_total,2014,1552.411
ecu,sex_f,ocu_isco08_total,2015,1753.015
ecu,sex_f,ocu_isco08_total,2016,1984.156
ecu,sex_f,ocu_isco08_total,2017,2147.319
ecu,sex_f,ocu_isco08_total,2018,2117.05
ecu,sex_f,ocu_isco08_total,2019,2165.732
ecu,sex_f,ocu_isco08_total,2021,2312.745
ecu,sex_f,ocu_isco08_total,2022,2440.005
ecu,sex_f,ocu_isco08_total,2023,2442.565
ecu,sex_f,ocu_isco08_total,2024,2405.345
ecu,sex_f,ocu_isco88_0,2003,0
ecu,sex_f,ocu_isco88_1,2001,6.848
ecu,sex_f,ocu_isco88_1,2003,6.607
ecu,sex_f,ocu_isco88_1,2004,9.571
ecu,sex_f,ocu_isco88_1,2005,7.56
ecu,sex_f,ocu_isco88_1,2006,7.45
ecu,sex_f,ocu_isco88_1,2007,6.763
ecu,sex_f,ocu_isco88_1,2008,5.463
ecu,sex_f,ocu_isco88_1,2009,4.436
ecu,sex_f,ocu_isco88_1,2010,3.793
ecu,sex_f,ocu_isco88_1,2011,4.12
ecu,sex_f,ocu_isco88_1,2012,1.525
ecu,sex_f,ocu_isco88_2,2001,49.103
ecu,sex_f,ocu_isco88_2,2003,42.198
ecu,sex_f,ocu_isco88_2,2004,37.766
ecu,sex_f,ocu_isco88_2,2005,38.893
ecu,sex_f,ocu_isco88_2,2006,38.743
ecu,sex_f,ocu_isco88_2,2007,39.495
ecu,sex_f,ocu_isco88_2,2008,45.657
ecu,sex_f,ocu_isco88_2,2009,30.606
ecu,sex_f,ocu_isco88_2,2010,32.255
ecu,sex_f,ocu_isco88_2,2011,23.719
ecu,sex_f,ocu_isco88_2,2012,22.182
ecu,sex_f,ocu_isco88_3,2001,49.723
ecu,sex_f,ocu_isco88_3,2003,64.232
ecu,sex_f,ocu_isco88_3,2004,61.462
ecu,sex_f,ocu_isco88_3,2005,63.443
ecu,sex_f,ocu_isco88_3,2006,60.207
ecu,sex_f,ocu_isco88_3,2007,67.19
ecu,sex_f,ocu_isco88_3,2008,64.378
ecu,sex_f,ocu_isco88_3,2009,54.067
ecu,sex_f,ocu_isco88_3,2010,48.916
ecu,sex_f,ocu_isco88_3,2011,45.107
ecu,sex_f,ocu_isco88_3,2012,40.93
ecu,sex_f,ocu_isco88_4,2001,61.431
ecu,sex_f,ocu_isco88_4,2003,49.272
ecu,sex_f,ocu_isco88_4,2004,58.335
ecu,sex_f,ocu_isco88_4,2005,64.72
ecu,sex_f,ocu_isco88_4,2006,81.543
ecu,sex_f,ocu_isco88_4,2007,85.641
ecu,sex_f,ocu_isco88_4,2008,94.078
ecu,sex_f,ocu_isco88_4,2009,77.437
ecu,sex_f,ocu_isco88_4,2010,64.2
ecu,sex_f,ocu_isco88_4,2011,53.689
ecu,sex_f,ocu_isco88_4,2012,47.857
ecu,sex_f,ocu_isco88_5,2001,456.279
ecu,sex_f,ocu_isco88_5,2003,402.613
ecu,sex_f,ocu_isco88_5,2004,464.007
ecu,sex_f,ocu_isco88_5,2005,465.282
ecu,sex_f,ocu_isco88_5,2006,478.405
ecu,sex_f,ocu_isco88_5,2007,535.767
ecu,sex_f,ocu_isco88_5,2008,510.54
ecu,sex_f,ocu_isco88_5,2009,489.288
ecu,sex_f,ocu_isco88_5,2010,462.04
ecu,sex_f,ocu_isco88_5,2011,473.048
ecu,sex_f,ocu_isco88_5,2012,491.472
ecu,sex_f,ocu_isco88_6,2001,153.601
ecu,sex_f,ocu_isco88_6,2003,240.043
ecu,sex_f,ocu_isco88_6,2004,403.657
ecu,sex_f,ocu_isco88_6,2005,304.438
ecu,sex_f,ocu_isco88_6,2006,230.673
ecu,sex_f,ocu_isco88_6,2007,217.941
ecu,sex_f,ocu_isco88_6,2008,231.33
ecu,sex_f,ocu_isco88_6,2009,227.735
ecu,sex_f,ocu_isco88_6,2010,204.455
ecu,sex_f,ocu_isco88_6,2011,275.438
ecu,sex_f,ocu_isco88_6,2012,230.274
ecu,sex_f,ocu_isco88_7,2001,157.633
ecu,sex_f,ocu_isco88_7,2003,117.273
ecu,sex_f,ocu_isco88_7,2004,138.844
ecu,sex_f,ocu_isco88_7,2005,120.169
ecu,sex_f,ocu_isco88_7,2006,133.562
ecu,sex_f,ocu_isco88_7,2007,130.393
ecu,sex_f,ocu_isco88_7,2008,132.598
ecu,sex_f,ocu_isco88_7,2009,119.915
ecu,sex_f,ocu_isco88_7,2010,122.071
ecu,sex_f,ocu_isco88_7,2011,124.604
ecu,sex_f,ocu_isco88_7,2012,119.686
ecu,sex_f,ocu_isco88_8,2001,13.782
ecu,sex_f,ocu_isco88_8,2003,14.975
ecu,sex_f,ocu_isco88_8,2004,15.036
ecu,sex_f,ocu_isco88_8,2005,14.419
ecu,sex_f,ocu_isco88_8,2006,23.681
ecu,sex_f,ocu_isco88_8,2007,16.883
ecu,sex_f,ocu_isco88_8,2008,19.424
ecu,sex_f,ocu_isco88_8,2009,22.432
ecu,sex_f,ocu_isco88_8,2010,13.134
ecu,sex_f,ocu_isco88_8,2011,17.702
ecu,sex_f,ocu_isco88_8,2012,20.889
ecu,sex_f,ocu_isco88_9,2001,768.142
ecu,sex_f,ocu_isco88_9,2003,558.745
ecu,sex_f,ocu_isco88_9,2004,514.337
ecu,sex_f,ocu_isco88_9,2005,628.839
ecu,sex_f,ocu_isco88_9,2006,742.606
ecu,sex_f,ocu_isco88_9,2007,697.532
ecu,sex_f,ocu_isco88_9,2008,692.996
ecu,sex_f,ocu_isco88_9,2009,691.685
ecu,sex_f,ocu_isco88_9,2010,643.172
ecu,sex_f,ocu_isco88_9,2011,540.012
ecu,sex_f,ocu_isco88_9,2012,600.23
ecu,sex_f,ocu_isco88_total,2001,1723.698
ecu,sex_f,ocu_isco88_total,2003,1495.957
ecu,sex_f,ocu_isco88_total,2004,1703.216
ecu,sex_f,ocu_isco88_total,2005,1708.361
ecu,sex_f,ocu_isco88_total,2006,1796.904
ecu,sex_f,ocu_isco88_total,2007,1797.605
ecu,sex_f,ocu_isco88_total,2008,1796.66
ecu,sex_f,ocu_isco88_total,2009,1717.764
ecu,sex_f,ocu_isco88_total,2010,1594.23
ecu,sex_f,ocu_isco88_total,2011,1557.439
ecu,sex_f,ocu_isco88_total,2012,1575.045
ecu,sex_f,ocu_isco88_x,2001,7.157
ecu,sex_f,ocu_skill_l1,2001,768.142
ecu,sex_f,ocu_skill_l1,2003,558.745
ecu,sex_f,ocu_skill_l1,2004,514.337
ecu,sex_f,ocu_skill_l1,2005,628.839
ecu,sex_f,ocu_skill_l1,2006,742.606
ecu,sex_f,ocu_skill_l1,2007,697.532
ecu,sex_f,ocu_skill_l1,2008,692.996
ecu,sex_f,ocu_skill_l1,2009,691.685
ecu,sex_f,ocu_skill_l1,2010,643.172
ecu,sex_f,ocu_skill_l1,2011,540.012
ecu,sex_f,ocu_skill_l1,2012,600.23
ecu,sex_f,ocu_skill_l1,2013,545.462
ecu,sex_f,ocu_skill_l1,2014,517.051
ecu,sex_f,ocu_skill_l1,2015,639.018
ecu,sex_f,ocu_skill_l1,2016,750.014
ecu,sex_f,ocu_skill_l1,2017,856.618
ecu,sex_f,ocu_skill_l1,2018,880.823
ecu,sex_f,ocu_skill_l1,2019,910.343
ecu,sex_f,ocu_skill_l1,2021,991.026
ecu,sex_f,ocu_skill_l1,2022,1026.026
ecu,sex_f,ocu_skill_l1,2023,1006.991
ecu,sex_f,ocu_skill_l1,2024,1068.533
ecu,sex_f,ocu_skill_l2,2001,842.725
ecu,sex_f,ocu_skill_l2,2003,824.175
ecu,sex_f,ocu_skill_l2,2004,1079.879
ecu,sex_f,ocu_skill_l2,2005,969.028
ecu,sex_f,ocu_skill_l2,2006,947.864
ecu,sex_f,ocu_skill_l2,2007,986.625
ecu,sex_f,ocu_skill_l2,2008,987.97
ecu,sex_f,ocu_skill_l2,2009,936.808
ecu,sex_f,ocu_skill_l2,2010,865.901
ecu,sex_f,ocu_skill_l2,2011,944.481
ecu,sex_f,ocu_skill_l2,2012,910.178
ecu,sex_f,ocu_skill_l2,2013,1011.566
ecu,sex_f,ocu_skill_l2,2014,999.99
ecu,sex_f,ocu_skill_l2,2015,1072.138
ecu,sex_f,ocu_skill_l2,2016,1181.675
ecu,sex_f,ocu_skill_l2,2017,1238.873
ecu,sex_f,ocu_skill_l2,2018,1186.383
ecu,sex_f,ocu_skill_l2,2019,1199.651
ecu,sex_f,ocu_skill_l2,2021,1251.778
ecu,sex_f,ocu_skill_l2,2022,1331.395
ecu,sex_f,ocu_skill_l2,2023,1349.948
ecu,sex_f,ocu_skill_l2,2024,1251.62
ecu,sex_f,ocu_skill_l3_4,2001,105.674
ecu,sex_f,ocu_skill_l3_4,2003,113.037
ecu,sex_f,ocu_skill_l3_4,2004,108.799
ecu,sex_f,ocu_skill_l3_4,2005,109.896
ecu,sex_f,ocu_skill_l3_4,2006,106.399
ecu,sex_f,ocu_skill_l3_4,2007,113.448
ecu,sex_f,ocu_skill_l3_4,2008,115.498
ecu,sex_f,ocu_skill_l3_4,2009,89.109
ecu,sex_f,ocu_skill_l3_4,2010,84.964
ecu,sex_f,ocu_skill_l3_4,2011,72.946
ecu,sex_f,ocu_skill_l3_4,2012,64.637
ecu,sex_f,ocu_skill_l3_4,2013,42.43
ecu,sex_f,ocu_skill_l3_4,2014,35.369
ecu,sex_f,ocu_skill_l3_4,2015,41.86
ecu,sex_f,ocu_skill_l3_4,2016,52.467
ecu,sex_f,ocu_skill_l3_4,2017,51.828
ecu,sex_f,ocu_skill_l3_4,2018,49.102
ecu,sex_f,ocu_skill_l3_4,2019,55.739
ecu,sex_f,ocu_skill_l3_4,2021,69.941
ecu,sex_f,ocu_skill_l3_4,2022,82.584
ecu,sex_f,ocu_skill_l3_4,2023,85.627
ecu,sex_f,ocu_skill_l3_4,2024,85.193
ecu,sex_f,ocu_skill_total,2001,1723.698
ecu,sex_f,ocu_skill_total,2003,1495.957
ecu,sex_f,ocu_skill_total,2004,1703.216
ecu,sex_f,ocu_skill_total,2005,1708.361
ecu,sex_f,ocu_skill_total,2006,1796.904
ecu,sex_f,ocu_skill_total,2007,1797.605
ecu,sex_f,ocu_skill_total,2008,1796.66
ecu,sex_f,ocu_skill_total,2009,1717.764
ecu,sex_f,ocu_skill_total,2010,1594.23
ecu,sex_f,ocu_skill_total,2011,1557.439
ecu,sex_f,ocu_skill_total,2012,1575.045
ecu,sex_f,ocu_skill_total,2013,1599.752
ecu,sex_f,ocu_skill_total,2014,1552.411
ecu,sex_f,ocu_skill_total,2015,1753.015
ecu,sex_f,ocu_skill_total,2016,1984.156
ecu,sex_f,ocu_skill_total,2017,2147.319
ecu,sex_f,ocu_skill_total,2018,2117.05
ecu,sex_f,ocu_skill_total,2019,2165.732
ecu,sex_f,ocu_skill_total,2021,2312.745
ecu,sex_f,ocu_skill_total,2022,2440.005
ecu,sex_f,ocu_skill_total,2023,2442.565
ecu,sex_f,ocu_skill_total,2024,2405.345
ecu,sex_f,ocu_skill_x,2001,7.157
ecu,sex_f,ocu_skill_x,2003,0
ecu,sex_m,ocu_isco08_1,2013,3.157
ecu,sex_m,ocu_isco08_1,2014,2.613
ecu,sex_m,ocu_isco08_1,2015,3.087
ecu,sex_m,ocu_isco08_1,2016,3.054
ecu,sex_m,ocu_isco08_1,2017,2.967
ecu,sex_m,ocu_isco08_1,2018,1.985
ecu,sex_m,ocu_isco08_1,2019,2.477
ecu,sex_m,ocu_isco08_1,2021,2.614
ecu,sex_m,ocu_isco08_1,2022,2.026
ecu,sex_m,ocu_isco08_1,2023,1.931
ecu,sex_m,ocu_isco08_1,2024,3.366
ecu,sex_m,ocu_isco08_2,2013,26.26
ecu,sex_m,ocu_isco08_2,2014,25.715
ecu,sex_m,ocu_isco08_2,2015,23.071
ecu,sex_m,ocu_isco08_2,2016,31.494
ecu,sex_m,ocu_isco08_2,2017,31.535
ecu,sex_m,ocu_isco08_2,2018,35.443
ecu,sex_m,ocu_isco08_2,2019,35.583
ecu,sex_m,ocu_isco08_2,2021,35.856
ecu,sex_m,ocu_isco08_2,2022,41.059
ecu,sex_m,ocu_isco08_2,2023,39.517
ecu,sex_m,ocu_isco08_2,2024,44.667
ecu,sex_m,ocu_isco08_3,2013,35.47
ecu,sex_m,ocu_isco08_3,2014,26.617
ecu,sex_m,ocu_isco08_3,2015,28.617
ecu,sex_m,ocu_isco08_3,2016,35.512
ecu,sex_m,ocu_isco08_3,2017,31.643
ecu,sex_m,ocu_isco08_3,2018,37.898
ecu,sex_m,ocu_isco08_3,2019,37.853
ecu,sex_m,ocu_isco08_3,2021,45.719
ecu,sex_m,ocu_isco08_3,2022,55.303
ecu,sex_m,ocu_isco08_3,2023,57.738
ecu,sex_m,ocu_isco08_3,2024,53.888
ecu,sex_m,ocu_isco08_4,2013,29.358
ecu,sex_m,ocu_isco08_4,2014,25.422
ecu,sex_m,ocu_isco08_4,2015,29.572
ecu,sex_m,ocu_isco08_4,2016,24.702
ecu,sex_m,ocu_isco08_4,2017,19.969
ecu,sex_m,ocu_isco08_4,2018,19.063
ecu,sex_m,ocu_isco08_4,2019,19.405
ecu,sex_m,ocu_isco08_4,2021,23.013
ecu,sex_m,ocu_isco08_4,2022,24.34
ecu,sex_m,ocu_isco08_4,2023,27.315
ecu,sex_m,ocu_isco08_4,2024,22.02
ecu,sex_m,ocu_isco08_5,2013,279.285
ecu,sex_m,ocu_isco08_5,2014,277.214
ecu,sex_m,ocu_isco08_5,2015,280.864
ecu,sex_m,ocu_isco08_5,2016,297.913
ecu,sex_m,ocu_isco08_5,2017,296.666
ecu,sex_m,ocu_isco08_5,2018,276.454
ecu,sex_m,ocu_isco08_5,2019,298.136
ecu,sex_m,ocu_isco08_5,2021,337.167
ecu,sex_m,ocu_isco08_5,2022,321.413
ecu,sex_m,ocu_isco08_5,2023,301.356
ecu,sex_m,ocu_isco08_5,2024,308.993
ecu,sex_m,ocu_isco08_6,2013,565.57
ecu,sex_m,ocu_isco08_6,2014,555.349
ecu,sex_m,ocu_isco08_6,2015,607.671
ecu,sex_m,ocu_isco08_6,2016,737.312
ecu,sex_m,ocu_isco08_6,2017,819.466
ecu,sex_m,ocu_isco08_6,2018,888.346
ecu,sex_m,ocu_isco08_6,2019,924.407
ecu,sex_m,ocu_isco08_6,2021,1014.911
ecu,sex_m,ocu_isco08_6,2022,1024.719
ecu,sex_m,ocu_isco08_6,2023,1011.674
ecu,sex_m,ocu_isco08_6,2024,1114.334
ecu,sex_m,ocu_isco08_7,2013,456.194
ecu,sex_m,ocu_isco08_7,2014,487.309
ecu,sex_m,ocu_isco08_7,2015,466.141
ecu,sex_m,ocu_isco08_7,2016,484.138
ecu,sex_m,ocu_isco08_7,2017,492.275
ecu,sex_m,ocu_isco08_7,2018,492.373
ecu,sex_m,ocu_isco08_7,2019,491.288
ecu,sex_m,ocu_isco08_7,2021,486.916
ecu,sex_m,ocu_isco08_7,2022,509.774
ecu,sex_m,ocu_isco08_7,2023,518.884
ecu,sex_m,ocu_isco08_7,2024,512.093
ecu,sex_m,ocu_isco08_8,2013,201.287
ecu,sex_m,ocu_isco08_8,2014,208.117
ecu,sex_m,ocu_isco08_8,2015,229.567
ecu,sex_m,ocu_isco08_8,2016,246.559
ecu,sex_m,ocu_isco08_8,2017,254.323
ecu,sex_m,ocu_isco08_8,2018,243.533
ecu,sex_m,ocu_isco08_8,2019,241.073
ecu,sex_m,ocu_isco08_8,2021,278.688
ecu,sex_m,ocu_isco08_8,2022,267.363
ecu,sex_m,ocu_isco08_8,2023,284.562
ecu,sex_m,ocu_isco08_8,2024,254.196
ecu,sex_m,ocu_isco08_9,2013,822.176
ecu,sex_m,ocu_isco08_9,2014,769.465
ecu,sex_m,ocu_isco08_9,2015,743.911
ecu,sex_m,ocu_isco08_9,2016,720.856
ecu,sex_m,ocu_isco08_9,2017,762.328
ecu,sex_m,ocu_isco08_9,2018,761.987
ecu,sex_m,ocu_isco08_9,2019,771.189
ecu,sex_m,ocu_isco08_9,2021,918.659
ecu,sex_m,ocu_isco08_9,2022,913.645
ecu,sex_m,ocu_isco08_9,2023,841.47
ecu,sex_m,ocu_isco08_9,2024,938.34
ecu,sex_m,ocu_isco08_total,2013,2418.756
ecu,sex_m,ocu_isco08_total,2014,2377.99
ecu,sex_m,ocu_isco08_total,2015,2412.502
ecu,sex_m,ocu_isco08_total,2016,2581.539
ecu,sex_m,ocu_isco08_total,2017,2711.193
ecu,sex_m,ocu_isco08_total,2018,2757.082
ecu,sex_m,ocu_isco08_total,2019,2821.412
ecu,sex_m,ocu_isco08_total,2021,3143.542
ecu,sex_m,ocu_isco08_total,2022,3159.641
ecu,sex_m,ocu_isco08_total,2023,3084.445
ecu,sex_m,ocu_isco08_total,2024,3251.965
ecu,sex_m,ocu_isco88_0,2001,2.947
ecu,sex_m,ocu_isco88_0,2003,3.283
ecu,sex_m,ocu_isco88_0,2004,2.839
ecu,sex_m,ocu_isco88_1,2001,18.29
ecu,sex_m,ocu_isco88_1,2003,10.158
ecu,sex_m,ocu_isco88_1,2004,18.014
ecu,sex_m,ocu_isco88_1,2005,17.857
ecu,sex_m,ocu_isco88_1,2006,13.113
ecu,sex_m,ocu_isco88_1,2007,12.927
ecu,sex_m,ocu_isco88_1,2008,10.195
ecu,sex_m,ocu_isco88_1,2009,5.809
ecu,sex_m,ocu_isco88_1,2010,4.643
ecu,sex_m,ocu_isco88_1,2011,5.192
ecu,sex_m,ocu_isco88_1,2012,4.884
ecu,sex_m,ocu_isco88_2,2001,55.288
ecu,sex_m,ocu_isco88_2,2003,42.156
ecu,sex_m,ocu_isco88_2,2004,39.789
ecu,sex_m,ocu_isco88_2,2005,43.347
ecu,sex_m,ocu_isco88_2,2006,39.714
ecu,sex_m,ocu_isco88_2,2007,42.034
ecu,sex_m,ocu_isco88_2,2008,37.873
ecu,sex_m,ocu_isco88_2,2009,31.145
ecu,sex_m,ocu_isco88_2,2010,28.764
ecu,sex_m,ocu_isco88_2,2011,24.605
ecu,sex_m,ocu_isco88_2,2012,22.569
ecu,sex_m,ocu_isco88_3,2001,64.4
ecu,sex_m,ocu_isco88_3,2003,72.641
ecu,sex_m,ocu_isco88_3,2004,69.737
ecu,sex_m,ocu_isco88_3,2005,67.707
ecu,sex_m,ocu_isco88_3,2006,66.945
ecu,sex_m,ocu_isco88_3,2007,73.799
ecu,sex_m,ocu_isco88_3,2008,79.93
ecu,sex_m,ocu_isco88_3,2009,61.302
ecu,sex_m,ocu_isco88_3,2010,56.391
ecu,sex_m,ocu_isco88_3,2011,42.457
ecu,sex_m,ocu_isco88_3,2012,48.64
ecu,sex_m,ocu_isco88_4,2001,51.582
ecu,sex_m,ocu_isco88_4,2003,38.886
ecu,sex_m,ocu_isco88_4,2004,36.792
ecu,sex_m,ocu_isco88_4,2005,39.704
ecu,sex_m,ocu_isco88_4,2006,56.156
ecu,sex_m,ocu_isco88_4,2007,55.369
ecu,sex_m,ocu_isco88_4,2008,56.573
ecu,sex_m,ocu_isco88_4,2009,50.26
ecu,sex_m,ocu_isco88_4,2010,46.094
ecu,sex_m,ocu_isco88_4,2011,37.2
ecu,sex_m,ocu_isco88_4,2012,37.598
ecu,sex_m,ocu_isco88_5,2001,285.202
ecu,sex_m,ocu_isco88_5,2003,260.638
ecu,sex_m,ocu_isco88_5,2004,302.412
ecu,sex_m,ocu_isco88_5,2005,307.481
ecu,sex_m,ocu_isco88_5,2006,319.17
ecu,sex_m,ocu_isco88_5,2007,286.359
ecu,sex_m,ocu_isco88_5,2008,281.522
ecu,sex_m,ocu_isco88_5,2009,232.041
ecu,sex_m,ocu_isco88_5,2010,243.962
ecu,sex_m,ocu_isco88_5,2011,234.978
ecu,sex_m,ocu_isco88_5,2012,239.11
ecu,sex_m,ocu_isco88_6,2001,472.415
ecu,sex_m,ocu_isco88_6,2003,481.062
ecu,sex_m,ocu_isco88_6,2004,582.41
ecu,sex_m,ocu_isco88_6,2005,546.165
ecu,sex_m,ocu_isco88_6,2006,499.55
ecu,sex_m,ocu_isco88_6,2007,475.861
ecu,sex_m,ocu_isco88_6,2008,491.514
ecu,sex_m,ocu_isco88_6,2009,589.072
ecu,sex_m,ocu_isco88_6,2010,531.435
ecu,sex_m,ocu_isco88_6,2011,593.473
ecu,sex_m,ocu_isco88_6,2012,593.602
ecu,sex_m,ocu_isco88_7,2001,478.439
ecu,sex_m,ocu_isco88_7,2003,492.238
ecu,sex_m,ocu_isco88_7,2004,466.321
ecu,sex_m,ocu_isco88_7,2005,435.593
ecu,sex_m,ocu_isco88_7,2006,493.175
ecu,sex_m,ocu_isco88_7,2007,462.154
ecu,sex_m,ocu_isco88_7,2008,464.975
ecu,sex_m,ocu_isco88_7,2009,470.69
ecu,sex_m,ocu_isco88_7,2010,434.633
ecu,sex_m,ocu_isco88_7,2011,458.251
ecu,sex_m,ocu_isco88_7,2012,440.372
ecu,sex_m,ocu_isco88_8,2001,193.653
ecu,sex_m,ocu_isco88_8,2003,195.035
ecu,sex_m,ocu_isco88_8,2004,216.544
ecu,sex_m,ocu_isco88_8,2005,229.331
ecu,sex_m,ocu_isco88_8,2006,209.583
ecu,sex_m,ocu_isco88_8,2007,222.569
ecu,sex_m,ocu_isco88_8,2008,214.579
ecu,sex_m,ocu_isco88_8,2009,215.449
ecu,sex_m,ocu_isco88_8,2010,220.769
ecu,sex_m,ocu_isco88_8,2011,220.723
ecu,sex_m,ocu_isco88_8,2012,197.384
ecu,sex_m,ocu_isco88_9,2001,947.263
ecu,sex_m,ocu_isco88_9,2003,866.355
ecu,sex_m,ocu_isco88_9,2004,788.537
ecu,sex_m,ocu_isco88_9,2005,972.785
ecu,sex_m,ocu_isco88_9,2006,1039.006
ecu,sex_m,ocu_isco88_9,2007,1033.053
ecu,sex_m,ocu_isco88_9,2008,1011.862
ecu,sex_m,ocu_isco88_9,2009,930.902
ecu,sex_m,ocu_isco88_9,2010,942.32
ecu,sex_m,ocu_isco88_9,2011,798.45
ecu,sex_m,ocu_isco88_9,2012,825.142
ecu,sex_m,ocu_isco88_total,2001,2575.083
ecu,sex_m,ocu_isco88_total,2003,2462.847
ecu,sex_m,ocu_isco88_total,2004,2523.47
ecu,sex_m,ocu_isco88_total,2005,2660.725
ecu,sex_m,ocu_isco88_total,2006,2736.414
ecu,sex_m,ocu_isco88_total,2007,2665.497
ecu,sex_m,ocu_isco88_total,2008,2649.516
ecu,sex_m,ocu_isco88_total,2009,2587.645
ecu,sex_m,ocu_isco88_total,2010,2509.86
ecu,sex_m,ocu_isco88_total,2011,2415.788
ecu,sex_m,ocu_isco88_total,2012,2409.324
ecu,sex_m,ocu_isco88_x,2001,5.603
ecu,sex_m,ocu_skill_l1,2001,947.263
ecu,sex_m,ocu_skill_l1,2003,866.355
ecu,sex_m,ocu_skill_l1,2004,788.537
ecu,sex_m,ocu_skill_l1,2005,972.785
ecu,sex_m,ocu_skill_l1,2006,1039.006
ecu,sex_m,ocu_skill_l1,2007,1033.053
ecu,sex_m,ocu_skill_l1,2008,1011.862
ecu,sex_m,ocu_skill_l1,2009,930.902
ecu,sex_m,ocu_skill_l1,2010,942.32
ecu,sex_m,ocu_skill_l1,2011,798.45
ecu,sex_m,ocu_skill_l1,2012,825.142
ecu,sex_m,ocu_skill_l1,2013,822.176
ecu,sex_m,ocu_skill_l1,2014,769.465
ecu,sex_m,ocu_skill_l1,2015,743.911
ecu,sex_m,ocu_skill_l1,2016,720.856
ecu,sex_m,ocu_skill_l1,2017,762.328
ecu,sex_m,ocu_skill_l1,2018,761.987
ecu,sex_m,ocu_skill_l1,2019,771.189
ecu,sex_m,ocu_skill_l1,2021,918.659
ecu,sex_m,ocu_skill_l1,2022,913.645
ecu,sex_m,ocu_skill_l1,2023,841.47
ecu,sex_m,ocu_skill_l1,2024,938.34
ecu,sex_m,ocu_skill_l2,2001,1481.292
ecu,sex_m,ocu_skill_l2,2003,1467.859
ecu,sex_m,ocu_skill_l2,2004,1604.481
ecu,sex_m,ocu_skill_l2,2005,1558.272
ecu,sex_m,ocu_skill_l2,2006,1577.634
ecu,sex_m,ocu_skill_l2,2007,1502.312
ecu,sex_m,ocu_skill_l2,2008,1509.162
ecu,sex_m,ocu_skill_l2,2009,1557.512
ecu,sex_m,ocu_skill_l2,2010,1476.894
ecu,sex_m,ocu_skill_l2,2011,1544.625
ecu,sex_m,ocu_skill_l2,2012,1508.065
ecu,sex_m,ocu_skill_l2,2013,1531.693
ecu,sex_m,ocu_skill_l2,2014,1553.411
ecu,sex_m,ocu_skill_l2,2015,1613.815
ecu,sex_m,ocu_skill_l2,2016,1790.624
ecu,sex_m,ocu_skill_l2,2017,1882.699
ecu,sex_m,ocu_skill_l2,2018,1919.77
ecu,sex_m,ocu_skill_l2,2019,1974.309
ecu,sex_m,ocu_skill_l2,2021,2140.695
ecu,sex_m,ocu_skill_l2,2022,2147.609
ecu,sex_m,ocu_skill_l2,2023,2143.79
ecu,sex_m,ocu_skill_l2,2024,2211.636
ecu,sex_m,ocu_skill_l3_4,2001,137.978
ecu,sex_m,ocu_skill_l3_4,2003,124.956
ecu,sex_m,ocu_skill_l3_4,2004,127.539
ecu,sex_m,ocu_skill_l3_4,2005,128.912
ecu,sex_m,ocu_skill_l3_4,2006,119.773
ecu,sex_m,ocu_skill_l3_4,2007,128.76
ecu,sex_m,ocu_skill_l3_4,2008,127.999
ecu,sex_m,ocu_skill_l3_4,2009,98.256
ecu,sex_m,ocu_skill_l3_4,2010,89.798
ecu,sex_m,ocu_skill_l3_4,2011,72.255
ecu,sex_m,ocu_skill_l3_4,2012,76.094
ecu,sex_m,ocu_skill_l3_4,2013,64.887
ecu,sex_m,ocu_skill_l3_4,2014,54.946
ecu,sex_m,ocu_skill_l3_4,2015,54.776
ecu,sex_m,ocu_skill_l3_4,2016,70.06
ecu,sex_m,ocu_skill_l3_4,2017,66.145
ecu,sex_m,ocu_skill_l3_4,2018,75.326
ecu,sex_m,ocu_skill_l3_4,2019,75.913
ecu,sex_m,ocu_skill_l3_4,2021,84.188
ecu,sex_m,ocu_skill_l3_4,2022,98.388
ecu,sex_m,ocu_skill_l3_4,2023,99.186
ecu,sex_m,ocu_skill_l3_4,2024,101.921
ecu,sex_m,ocu_skill_total,2001,2575.083
ecu,sex_m,ocu_skill_total,2003,2462.847
ecu,sex_m,ocu_skill_total,2004,2523.47
ecu,sex_m,ocu_skill_total,2005,2660.725
ecu,sex_m,ocu_skill_total,2006,2736.414
ecu,sex_m,ocu_skill_total,2007,2665.497
ecu,sex_m,ocu_skill_total,2008,2649.516
ecu,sex_m,ocu_skill_total,2009,2587.645
ecu,sex_m,ocu_skill_total,2010,2509.86
ecu,sex_m,ocu_skill_total,2011,2415.788
ecu,sex_m,ocu_skill_total,2012,2409.324
ecu,sex_m,ocu_skill_total,2013,2418.756
ecu,sex_m,ocu_skill_total,2014,2377.99
ecu,sex_m,ocu_skill_total,2015,2412.502
ecu,sex_m,ocu_skill_total,2016,2581.539
ecu,sex_m,ocu_skill_total,2017,2711.193
ecu,sex_m,ocu_skill_total,2018,2757.082
ecu,sex_m,ocu_skill_total,2019,2821.412
ecu,sex_m,ocu_skill_total,2021,3143.542
ecu,sex_m,ocu_skill_total,2022,3159.641
ecu,sex_m,ocu_skill_total,2023,3084.445
ecu,sex_m,ocu_skill_total,2024,3251.965
ecu,sex_m,ocu_skill_x,2001,8.55
ecu,sex_m,ocu_skill_x,2003,3.678
ecu,sex_m,ocu_skill_x,2004,2.913
ecu,sex_m,ocu_skill_x,2005,0.756
ecu,sex_m,ocu_skill_x,2007,1.372
ecu,sex_m,ocu_skill_x,2010,0.848
ecu,sex_t,ocu_isco08_1,2013,4.827
ecu,sex_t,ocu_isco08_1,2014,3.437
ecu,sex_t,ocu_isco08_1,2015,4.49
ecu,sex_t,ocu_isco08_1,2016,4.165
ecu,sex_t,ocu_isco08_1,2017,4.059
ecu,sex_t,ocu_isco08_1,2018,2.929
ecu,sex_t,ocu_isco08_1,2019,3.406
ecu,sex_t,ocu_isco08_1,2021,4.023
ecu,sex_t,ocu_isco08_1,2022,4.065
ecu,sex_t,ocu_isco08_1,2023,3.498
ecu,sex_t,ocu_isco08_1,2024,5.023
ecu,sex_t,ocu_isco08_2,2013,49.291
ecu,sex_t,ocu_isco08_2,2014,42.543
ecu,sex_t,ocu_isco08_2,2015,47.524
ecu,sex_t,ocu_isco08_2,2016,59.266
ecu,sex_t,ocu_isco08_2,2017,58.209
ecu,sex_t,ocu_isco08_2,2018,61.795
ecu,sex_t,ocu_isco08_2,2019,68.067
ecu,sex_t,ocu_isco08_2,2021,74.832
ecu,sex_t,ocu_isco08_2,2022,85.582
ecu,sex_t,ocu_isco08_2,2023,89.267
ecu,sex_t,ocu_isco08_2,2024,91.18
ecu,sex_t,ocu_isco08_3,2013,53.198
ecu,sex_t,ocu_isco08_3,2014,44.335
ecu,sex_t,ocu_isco08_3,2015,44.621
ecu,sex_t,ocu_isco08_3,2016,59.096
ecu,sex_t,ocu_isco08_3,2017,55.706
ecu,sex_t,ocu_isco08_3,2018,59.705
ecu,sex_t,ocu_isco08_3,2019,60.179
ecu,sex_t,ocu_isco08_3,2021,75.275
ecu,sex_t,ocu_isco08_3,2022,91.326
ecu,sex_t,ocu_isco08_3,2023,92.048
ecu,sex_t,ocu_isco08_3,2024,90.911
ecu,sex_t,ocu_isco08_4,2013,67.585
ecu,sex_t,ocu_isco08_4,2014,61.113
ecu,sex_t,ocu_isco08_4,2015,66.641
ecu,sex_t,ocu_isco08_4,2016,63.95
ecu,sex_t,ocu_isco08_4,2017,48.416
ecu,sex_t,ocu_isco08_4,2018,48.36
ecu,sex_t,ocu_isco08_4,2019,48.887
ecu,sex_t,ocu_isco08_4,2021,53.887
ecu,sex_t,ocu_isco08_4,2022,55.548
ecu,sex_t,ocu_isco08_4,2023,56.813
ecu,sex_t,ocu_isco08_4,2024,52.294
ecu,sex_t,ocu_isco08_5,2013,868.433
ecu,sex_t,ocu_isco08_5,2014,843.046
ecu,sex_t,ocu_isco08_5,2015,892.388
ecu,sex_t,ocu_isco08_5,2016,992.442
ecu,sex_t,ocu_isco08_5,2017,992.148
ecu,sex_t,ocu_isco08_5,2018,932.137
ecu,sex_t,ocu_isco08_5,2019,957.302
ecu,sex_t,ocu_isco08_5,2021,1018.682
ecu,sex_t,ocu_isco08_5,2022,1031.585
ecu,sex_t,ocu_isco08_5,2023,1010.465
ecu,sex_t,ocu_isco08_5,2024,943.105
ecu,sex_t,ocu_isco08_6,2013,801.115
ecu,sex_t,ocu_isco08_6,2014,800.532
ecu,sex_t,ocu_isco08_6,2015,879.005
ecu,sex_t,ocu_isco08_6,2016,1044.694
ecu,sex_t,ocu_isco08_6,2017,1159.624
ecu,sex_t,ocu_isco08_6,2018,1235.838
ecu,sex_t,ocu_isco08_6,2019,1284.189
ecu,sex_t,ocu_isco08_6,2021,1413.848
ecu,sex_t,ocu_isco08_6,2022,1438.736
ecu,sex_t,ocu_isco08_6,2023,1444.006
ecu,sex_t,ocu_isco08_6,2024,1529.108
ecu,sex_t,ocu_isco08_7,2013,589.515
ecu,sex_t,ocu_isco08_7,2014,623.994
ecu,sex_t,ocu_isco08_7,2015,598.901
ecu,sex_t,ocu_isco08_7,2016,604.107
ecu,sex_t,ocu_isco08_7,2017,645.338
ecu,sex_t,ocu_isco08_7,2018,627.904
ecu,sex_t,ocu_isco08_7,2019,624.67
ecu,sex_t,ocu_isco08_7,2021,611.75
ecu,sex_t,ocu_isco08_7,2022,670.931
ecu,sex_t,ocu_isco08_7,2023,681.684
ecu,sex_t,ocu_isco08_7,2024,668.2
ecu,sex_t,ocu_isco08_8,2013,216.61
ecu,sex_t,ocu_isco08_8,2014,224.717
ecu,sex_t,ocu_isco08_8,2015,249.017
ecu,sex_t,ocu_isco08_8,2016,267.106
ecu,sex_t,ocu_isco08_8,2017,276.046
ecu,sex_t,ocu_isco08_8,2018,261.913
ecu,sex_t,ocu_isco08_8,2019,258.912
ecu,sex_t,ocu_isco08_8,2021,294.307
ecu,sex_t,ocu_isco08_8,2022,282.203
ecu,sex_t,ocu_isco08_8,2023,300.769
ecu,sex_t,ocu_isco08_8,2024,270.551
ecu,sex_t,ocu_isco08_9,2013,1367.638
ecu,sex_t,ocu_isco08_9,2014,1286.516
ecu,sex_t,ocu_isco08_9,2015,1382.928
ecu,sex_t,ocu_isco08_9,2016,1470.869
ecu,sex_t,ocu_isco08_9,2017,1618.946
ecu,sex_t,ocu_isco08_9,2018,1642.81
ecu,sex_t,ocu_isco08_9,2019,1681.532
ecu,sex_t,ocu_isco08_9,2021,1909.685
ecu,sex_t,ocu_isco08_9,2022,1939.671
ecu,sex_t,ocu_isco08_9,2023,1848.461
ecu,sex_t,ocu_isco08_9,2024,2006.873
ecu,sex_t,ocu_isco08_total,2013,4018.508
ecu,sex_t,ocu_isco08_total,2014,3930.401
ecu,sex_t,ocu_isco08_total,2015,4165.516
ecu,sex_t,ocu_isco08_total,2016,4565.695
ecu,sex_t,ocu_isco08_total,2017,4858.512
ecu,sex_t,ocu_isco08_total,2018,4874.132
ecu,sex_t,ocu_isco08_total,2019,4987.144
ecu,sex_t,ocu_isco08_total,2021,5456.287
ecu,sex_t,ocu_isco08_total,2022,5599.646
ecu,sex_t,ocu_isco08_total,2023,5527.01
ecu,sex_t,ocu_isco08_total,2024,5657.31
ecu,sex_t,ocu_isco88_0,2001,2.947
ecu,sex_t,ocu_isco88_0,2003,3.283
ecu,sex_t,ocu_isco88_0,2004,2.998
ecu,sex_t,ocu_isco88_1,2001,25.137
ecu,sex_t,ocu_isco88_1,2003,16.766
ecu,sex_t,ocu_isco88_1,2004,27.585
ecu,sex_t,ocu_isco88_1,2005,25.417
ecu,sex_t,ocu_isco88_1,2006,20.563
ecu,sex_t,ocu_isco88_1,2007,19.689
ecu,sex_t,ocu_isco88_1,2008,15.658
ecu,sex_t,ocu_isco88_1,2009,10.246
ecu,sex_t,ocu_isco88_1,2010,8.436
ecu,sex_t,ocu_isco88_1,2011,9.313
ecu,sex_t,ocu_isco88_1,2012,6.41
ecu,sex_t,ocu_isco88_2,2001,104.391
ecu,sex_t,ocu_isco88_2,2003,84.354
ecu,sex_t,ocu_isco88_2,2004,77.555
ecu,sex_t,ocu_isco88_2,2005,82.241
ecu,sex_t,ocu_isco88_2,2006,78.457
ecu,sex_t,ocu_isco88_2,2007,81.53
ecu,sex_t,ocu_isco88_2,2008,83.53
ecu,sex_t,ocu_isco88_2,2009,61.751
ecu,sex_t,ocu_isco88_2,2010,61.019
ecu,sex_t,ocu_isco88_2,2011,48.324
ecu,sex_t,ocu_isco88_2,2012,44.751
ecu,sex_t,ocu_isco88_3,2001,114.123
ecu,sex_t,ocu_isco88_3,2003,136.873
ecu,sex_t,ocu_isco88_3,2004,131.199
ecu,sex_t,ocu_isco88_3,2005,131.15
ecu,sex_t,ocu_isco88_3,2006,127.152
ecu,sex_t,ocu_isco88_3,2007,140.989
ecu,sex_t,ocu_isco88_3,2008,144.309
ecu,sex_t,ocu_isco88_3,2009,115.368
ecu,sex_t,ocu_isco88_3,2010,105.308
ecu,sex_t,ocu_isco88_3,2011,87.564
ecu,sex_t,ocu_isco88_3,2012,89.57
ecu,sex_t,ocu_isco88_4,2001,113.013
ecu,sex_t,ocu_isco88_4,2003,88.157
ecu,sex_t,ocu_isco88_4,2004,95.128
ecu,sex_t,ocu_isco88_4,2005,104.424
ecu,sex_t,ocu_isco88_4,2006,137.698
ecu,sex_t,ocu_isco88_4,2007,141.011
ecu,sex_t,ocu_isco88_4,2008,150.651
ecu,sex_t,ocu_isco88_4,2009,127.697
ecu,sex_t,ocu_isco88_4,2010,110.294
ecu,sex_t,ocu_isco88_4,2011,90.889
ecu,sex_t,ocu_isco88_4,2012,85.454
ecu,sex_t,ocu_isco88_5,2001,741.481
ecu,sex_t,ocu_isco88_5,2003,663.251
ecu,sex_t,ocu_isco88_5,2004,766.419
ecu,sex_t,ocu_isco88_5,2005,772.763
ecu,sex_t,ocu_isco88_5,2006,797.576
ecu,sex_t,ocu_isco88_5,2007,822.125
ecu,sex_t,ocu_isco88_5,2008,792.062
ecu,sex_t,ocu_isco88_5,2009,721.329
ecu,sex_t,ocu_isco88_5,2010,706.003
ecu,sex_t,ocu_isco88_5,2011,708.026
ecu,sex_t,ocu_isco88_5,2012,730.582
ecu,sex_t,ocu_isco88_6,2001,626.016
ecu,sex_t,ocu_isco88_6,2003,721.105
ecu,sex_t,ocu_isco88_6,2004,986.068
ecu,sex_t,ocu_isco88_6,2005,850.602
ecu,sex_t,ocu_isco88_6,2006,730.223
ecu,sex_t,ocu_isco88_6,2007,693.802
ecu,sex_t,ocu_isco88_6,2008,722.844
ecu,sex_t,ocu_isco88_6,2009,816.808
ecu,sex_t,ocu_isco88_6,2010,735.89
ecu,sex_t,ocu_isco88_6,2011,868.912
ecu,sex_t,ocu_isco88_6,2012,823.875
ecu,sex_t,ocu_isco88_7,2001,636.072
ecu,sex_t,ocu_isco88_7,2003,609.511
ecu,sex_t,ocu_isco88_7,2004,605.165
ecu,sex_t,ocu_isco88_7,2005,555.762
ecu,sex_t,ocu_isco88_7,2006,626.737
ecu,sex_t,ocu_isco88_7,2007,592.546
ecu,sex_t,ocu_isco88_7,2008,597.572
ecu,sex_t,ocu_isco88_7,2009,590.605
ecu,sex_t,ocu_isco88_7,2010,556.704
ecu,sex_t,ocu_isco88_7,2011,582.854
ecu,sex_t,ocu_isco88_7,2012,560.058
ecu,sex_t,ocu_isco88_8,2001,207.435
ecu,sex_t,ocu_isco88_8,2003,210.01
ecu,sex_t,ocu_isco88_8,2004,231.58
ecu,sex_t,ocu_isco88_8,2005,243.75
ecu,sex_t,ocu_isco88_8,2006,233.264
ecu,sex_t,ocu_isco88_8,2007,239.452
ecu,sex_t,ocu_isco88_8,2008,234.002
ecu,sex_t,ocu_isco88_8,2009,237.881
ecu,sex_t,ocu_isco88_8,2010,233.904
ecu,sex_t,ocu_isco88_8,2011,238.425
ecu,sex_t,ocu_isco88_8,2012,218.272
ecu,sex_t,ocu_isco88_9,2001,1715.405
ecu,sex_t,ocu_isco88_9,2003,1425.1
ecu,sex_t,ocu_isco88_9,2004,1302.874
ecu,sex_t,ocu_isco88_9,2005,1601.624
ecu,sex_t,ocu_isco88_9,2006,1781.613
ecu,sex_t,ocu_isco88_9,2007,1730.585
ecu,sex_t,ocu_isco88_9,2008,1704.858
ecu,sex_t,ocu_isco88_9,2009,1622.587
ecu,sex_t,ocu_isco88_9,2010,1585.492
ecu,sex_t,ocu_isco88_9,2011,1338.462
ecu,sex_t,ocu_isco88_9,2012,1425.372
ecu,sex_t,ocu_isco88_total,2001,4298.781
ecu,sex_t,ocu_isco88_total,2003,3958.804
ecu,sex_t,ocu_isco88_total,2004,4226.686
ecu,sex_t,ocu_isco88_total,2005,4369.087
ecu,sex_t,ocu_isco88_total,2006,4533.318
ecu,sex_t,ocu_isco88_total,2007,4463.102
ecu,sex_t,ocu_isco88_total,2008,4446.176
ecu,sex_t,ocu_isco88_total,2009,4305.41
ecu,sex_t,ocu_isco88_total,2010,4104.091
ecu,sex_t,ocu_isco88_total,2011,3973.227
ecu,sex_t,ocu_isco88_total,2012,3984.369
ecu,sex_t,ocu_isco88_x,2001,12.76
ecu,sex_t,ocu_isco88_x,2005,0.851
ecu,sex_t,ocu_isco88_x,2010,0.442
ecu,sex_t,ocu_skill_l1,2001,1715.405
ecu,sex_t,ocu_skill_l1,2003,1425.1
ecu,sex_t,ocu_skill_l1,2004,1302.874
ecu,sex_t,ocu_skill_l1,2005,1601.624
ecu,sex_t,ocu_skill_l1,2006,1781.613
ecu,sex_t,ocu_skill_l1,2007,1730.585
ecu,sex_t,ocu_skill_l1,2008,1704.858
ecu,sex_t,ocu_skill_l1,2009,1622.587
ecu,sex_t,ocu_skill_l1,2010,1585.492
ecu,sex_t,ocu_skill_l1,2011,1338.462
ecu,sex_t,ocu_skill_l1,2012,1425.372
ecu,sex_t,ocu_skill_l1,2013,1367.638
ecu,sex_t,ocu_skill_l1,2014,1286.516
ecu,sex_t,ocu_skill_l1,2015,1382.928
ecu,sex_t,ocu_skill_l1,2016,1470.869
ecu,sex_t,ocu_skill_l1,2017,1618.946
ecu,sex_t,ocu_skill_l1,2018,1642.81
ecu,sex_t,ocu_skill_l1,2019,1681.532
ecu,sex_t,ocu_skill_l1,2021,1909.685
ecu,sex_t,ocu_skill_l1,2022,1939.671
ecu,sex_t,ocu_skill_l1,2023,1848.461
ecu,sex_t,ocu_skill_l1,2024,2006.873
ecu,sex_t,ocu_skill_l2,2001,2324.017
ecu,sex_t,ocu_skill_l2,2003,2292.034
ecu,sex_t,ocu_skill_l2,2004,2684.36
ecu,sex_t,ocu_skill_l2,2005,2527.301
ecu,sex_t,ocu_skill_l2,2006,2525.499
ecu,sex_t,ocu_skill_l2,2007,2488.937
ecu,sex_t,ocu_skill_l2,2008,2497.132
ecu,sex_t,ocu_skill_l2,2009,2494.319
ecu,sex_t,ocu_skill_l2,2010,2342.794
ecu,sex_t,ocu_skill_l2,2011,2489.106
ecu,sex_t,ocu_skill_l2,2012,2418.242
ecu,sex_t,ocu_skill_l2,2013,2543.259
ecu,sex_t,ocu_skill_l2,2014,2553.401
ecu,sex_t,ocu_skill_l2,2015,2685.952
ecu,sex_t,ocu_skill_l2,2016,2972.299
ecu,sex_t,ocu_skill_l2,2017,3121.572
ecu,sex_t,ocu_skill_l2,2018,3106.153
ecu,sex_t,ocu_skill_l2,2019,3173.96
ecu,sex_t,ocu_skill_l2,2021,3392.474
ecu,sex_t,ocu_skill_l2,2022,3479.003
ecu,sex_t,ocu_skill_l2,2023,3493.737
ecu,sex_t,ocu_skill_l2,2024,3463.256
ecu,sex_t,ocu_skill_l3_4,2001,243.651
ecu,sex_t,ocu_skill_l3_4,2003,237.992
ecu,sex_t,ocu_skill_l3_4,2004,236.339
ecu,sex_t,ocu_skill_l3_4,2005,238.808
ecu,sex_t,ocu_skill_l3_4,2006,226.172
ecu,sex_t,ocu_skill_l3_4,2007,242.208
ecu,sex_t,ocu_skill_l3_4,2008,243.496
ecu,sex_t,ocu_skill_l3_4,2009,187.365
ecu,sex_t,ocu_skill_l3_4,2010,174.762
ecu,sex_t,ocu_skill_l3_4,2011,145.201
ecu,sex_t,ocu_skill_l3_4,2012,140.731
ecu,sex_t,ocu_skill_l3_4,2013,107.317
ecu,sex_t,ocu_skill_l3_4,2014,90.315
ecu,sex_t,ocu_skill_l3_4,2015,96.636
ecu,sex_t,ocu_skill_l3_4,2016,122.527
ecu,sex_t,ocu_skill_l3_4,2017,117.973
ecu,sex_t,ocu_skill_l3_4,2018,124.428
ecu,sex_t,ocu_skill_l3_4,2019,131.652
ecu,sex_t,ocu_skill_l3_4,2021,154.129
ecu,sex_t,ocu_skill_l3_4,2022,180.972
ecu,sex_t,ocu_skill_l3_4,2023,184.812
ecu,sex_t,ocu_skill_l3_4,2024,187.114
ecu,sex_t,ocu_skill_total,2001,4298.781
ecu,sex_t,ocu_skill_total,2003,3958.804
ecu,sex_t,ocu_skill_total,2004,4226.686
ecu,sex_t,ocu_skill_total,2005,4369.087
ecu,sex_t,ocu_skill_total,2006,4533.318
ecu,sex_t,ocu_skill_total,2007,4463.102
ecu,sex_t,ocu_skill_total,2008,4446.176
ecu,sex_t,ocu_skill_total,2009,4305.41
ecu,sex_t,ocu_skill_total,2010,4104.091
ecu,sex_t,ocu_skill_total,2011,3973.227
ecu,sex_t,ocu_skill_total,2012,3984.369
ecu,sex_t,ocu_skill_total,2013,4018.508
ecu,sex_t,ocu_skill_total,2014,3930.401
ecu,sex_t,ocu_skill_total,2015,4165.516
ecu,sex_t,ocu_skill_total,2016,4565.695
ecu,sex_t,ocu_skill_total,2017,4858.512
ecu,sex_t,ocu_skill_total,2018,4874.132
ecu,sex_t,ocu_skill_total,2019,4987.144
ecu,sex_t,ocu_skill_total,2021,5456.287
ecu,sex_t,ocu_skill_total,2022,5599.646
ecu,sex_t,ocu_skill_total,2023,5527.01
ecu,sex_t,ocu_skill_total,2024,5657.31
ecu,sex_t,ocu_skill_x,2001,15.707
ecu,sex_t,ocu_skill_x,2003,3.678
ecu,sex_t,ocu_skill_x,2004,3.113
ecu,sex_t,ocu_skill_x,2005,1.354
ecu,sex_t,ocu_skill_x,2007,1.372
ecu,sex_t,ocu_skill_x,2008,0.689
ecu,sex_t,ocu_skill_x,2009,1.138
ecu,sex_t,ocu_skill_x,2010,1.042
egy,sex_f,ocu_isco08_0,2009,1.75
egy,sex_f,ocu_isco08_0,2010,1.738
egy,sex_f,ocu_isco08_0,2011,2.91
egy,sex_f,ocu_isco08_1,2009,25.693
egy,sex_f,ocu_isco08_1,2010,31.594
egy,sex_f,ocu_isco08_1,2011,28.25
egy,sex_f,ocu_isco08_1,2012,78.833
egy,sex_f,ocu_isco08_1,2013,90.045
egy,sex_f,ocu_isco08_1,2015,79.782
egy,sex_f,ocu_isco08_1,2016,97.856
egy,sex_f,ocu_isco08_1,2017,99.535
egy,sex_f,ocu_isco08_1,2018,103.719
egy,sex_f,ocu_isco08_1,2019,98.019
egy,sex_f,ocu_isco08_1,2023,22.556
egy,sex_f,ocu_isco08_2,2009,88.941
egy,sex_f,ocu_isco08_2,2010,123.151
egy,sex_f,ocu_isco08_2,2011,126.367
egy,sex_f,ocu_isco08_2,2012,104.301
egy,sex_f,ocu_isco08_2,2013,106.63
egy,sex_f,ocu_isco08_2,2015,141.256
egy,sex_f,ocu_isco08_2,2016,172.392
egy,sex_f,ocu_isco08_2,2017,226.297
egy,sex_f,ocu_isco08_2,2018,197.037
egy,sex_f,ocu_isco08_2,2019,178.872
egy,sex_f,ocu_isco08_2,2023,320.068
egy,sex_f,ocu_isco08_3,2009,31.737
egy,sex_f,ocu_isco08_3,2010,43.517
egy,sex_f,ocu_isco08_3,2011,41.099
egy,sex_f,ocu_isco08_3,2012,38.521
egy,sex_f,ocu_isco08_3,2013,39.078
egy,sex_f,ocu_isco08_3,2015,41.134
egy,sex_f,ocu_isco08_3,2016,45.124
egy,sex_f,ocu_isco08_3,2017,64.008
egy,sex_f,ocu_isco08_3,2018,45.302
egy,sex_f,ocu_isco08_3,2019,50.756
egy,sex_f,ocu_isco08_3,2023,71.856
egy,sex_f,ocu_isco08_4,2009,35.936
egy,sex_f,ocu_isco08_4,2010,42.895
egy,sex_f,ocu_isco08_4,2011,38.645
egy,sex_f,ocu_isco08_4,2012,32.687
egy,sex_f,ocu_isco08_4,2013,63.581
egy,sex_f,ocu_isco08_4,2015,55.504
egy,sex_f,ocu_isco08_4,2016,67.098
egy,sex_f,ocu_isco08_4,2017,73.634
egy,sex_f,ocu_isco08_4,2018,90.06
egy,sex_f,ocu_isco08_4,2019,79.349
egy,sex_f,ocu_isco08_4,2023,114.393
egy,sex_f,ocu_isco08_5,2009,140.72
egy,sex_f,ocu_isco08_5,2010,173.457
egy,sex_f,ocu_isco08_5,2011,149.344
egy,sex_f,ocu_isco08_5,2012,150.499
egy,sex_f,ocu_isco08_5,2013,190.88
egy,sex_f,ocu_isco08_5,2015,332.872
egy,sex_f,ocu_isco08_5,2016,429.699
egy,sex_f,ocu_isco08_5,2017,437.706
egy,sex_f,ocu_isco08_5,2018,502.216
egy,sex_f,ocu_isco08_5,2019,370.293
egy,sex_f,ocu_isco08_5,2023,770.586
egy,sex_f,ocu_isco08_6,2009,2072.268
egy,sex_f,ocu_isco08_6,2010,1995.976
egy,sex_f,ocu_isco08_6,2011,1973.125
egy,sex_f,ocu_isco08_6,2012,1773.437
egy,sex_f,ocu_isco08_6,2013,1913.82
egy,sex_f,ocu_isco08_6,2015,1495.335
egy,sex_f,ocu_isco08_6,2016,1912.06
egy,sex_f,ocu_isco08_6,2017,2021.056
egy,sex_f,ocu_isco08_6,2018,1144.62
egy,sex_f,ocu_isco08_6,2019,886.527
egy,sex_f,ocu_isco08_6,2023,830.36
egy,sex_f,ocu_isco08_7,2009,43.859
egy,sex_f,ocu_isco08_7,2010,57.19
egy,sex_f,ocu_isco08_7,2011,53.642
egy,sex_f,ocu_isco08_7,2012,44.893
egy,sex_f,ocu_isco08_7,2013,45.451
egy,sex_f,ocu_isco08_7,2015,47.024
egy,sex_f,ocu_isco08_7,2016,74.385
egy,sex_f,ocu_isco08_7,2017,73.366
egy,sex_f,ocu_isco08_7,2018,63.583
egy,sex_f,ocu_isco08_7,2019,69.711
egy,sex_f,ocu_isco08_7,2023,82.45
egy,sex_f,ocu_isco08_8,2009,51.578
egy,sex_f,ocu_isco08_8,2010,62.43
egy,sex_f,ocu_isco08_8,2011,51.505
egy,sex_f,ocu_isco08_8,2012,47.528
egy,sex_f,ocu_isco08_8,2013,149.912
egy,sex_f,ocu_isco08_8,2015,77.735
egy,sex_f,ocu_isco08_8,2016,93.438
egy,sex_f,ocu_isco08_8,2017,69.587
egy,sex_f,ocu_isco08_8,2018,135.956
egy,sex_f,ocu_isco08_8,2019,136.222
egy,sex_f,ocu_isco08_8,2023,143.806
egy,sex_f,ocu_isco08_9,2009,94.752
egy,sex_f,ocu_isco08_9,2010,127.949
egy,sex_f,ocu_isco08_9,2011,106.848
egy,sex_f,ocu_isco08_9,2012,121.287
egy,sex_f,ocu_isco08_9,2013,154.65
egy,sex_f,ocu_isco08_9,2015,688.588
egy,sex_f,ocu_isco08_9,2016,158.538
egy,sex_f,ocu_isco08_9,2017,234.559
egy,sex_f,ocu_isco08_9,2018,209.066
egy,sex_f,ocu_isco08_9,2019,199.513
egy,sex_f,ocu_isco08_9,2023,198.353
egy,sex_f,ocu_isco08_total,2009,2587.235
egy,sex_f,ocu_isco08_total,2010,2659.896
egy,sex_f,ocu_isco08_total,2011,2571.735
egy,sex_f,ocu_isco08_total,2012,2392.24
egy,sex_f,ocu_isco08_total,2013,2754.048
egy,sex_f,ocu_isco08_total,2015,2959.23
egy,sex_f,ocu_isco08_total,2016,3050.591
egy,sex_f,ocu_isco08_total,2017,3299.894
egy,sex_f,ocu_isco08_total,2018,2491.559
egy,sex_f,ocu_isco08_total,2019,2071.809
egy,sex_f,ocu_isco08_total,2023,3381.12
egy,sex_f,ocu_isco08_x,2018,0
egy,sex_f,ocu_isco08_x,2019,2.547
egy,sex_f,ocu_isco08_x,2023,826.691
egy,sex_f,ocu_skill_l1,2009,94.752
egy,sex_f,ocu_skill_l1,2010,127.949
egy,sex_f,ocu_skill_l1,2011,106.848
egy,sex_f,ocu_skill_l1,2012,121.287
egy,sex_f,ocu_skill_l1,2013,154.65
egy,sex_f,ocu_skill_l1,2015,688.588
egy,sex_f,ocu_skill_l1,2016,158.538
egy,sex_f,ocu_skill_l1,2017,234.559
egy,sex_f,ocu_skill_l1,2018,209.066
egy,sex_f,ocu_skill_l1,2019,199.513
egy,sex_f,ocu_skill_l1,2023,198.353
egy,sex_f,ocu_skill_l2,2009,2344.363
egy,sex_f,ocu_skill_l2,2010,2331.947
egy,sex_f,ocu_skill_l2,2011,2266.261
egy,sex_f,ocu_skill_l2,2012,2049.044
egy,sex_f,ocu_skill_l2,2013,2363.645
egy,sex_f,ocu_skill_l2,2015,2008.47
egy,sex_f,ocu_skill_l2,2016,2576.681
egy,sex_f,ocu_skill_l2,2017,2675.348
egy,sex_f,ocu_skill_l2,2018,1936.435
egy,sex_f,ocu_skill_l2,2019,1542.103
egy,sex_f,ocu_skill_l2,2023,1941.595
egy,sex_f,ocu_skill_l3_4,2009,146.371
egy,sex_f,ocu_skill_l3_4,2010,198.262
egy,sex_f,ocu_skill_l3_4,2011,195.716
egy,sex_f,ocu_skill_l3_4,2012,221.655
egy,sex_f,ocu_skill_l3_4,2013,235.753
egy,sex_f,ocu_skill_l3_4,2015,262.172
egy,sex_f,ocu_skill_l3_4,2016,315.371
egy,sex_f,ocu_skill_l3_4,2017,389.84
egy,sex_f,ocu_skill_l3_4,2018,346.057
egy,sex_f,ocu_skill_l3_4,2019,327.646
egy,sex_f,ocu_skill_l3_4,2023,414.481
egy,sex_f,ocu_skill_total,2009,2587.235
egy,sex_f,ocu_skill_total,2010,2659.896
egy,sex_f,ocu_skill_total,2011,2571.735
egy,sex_f,ocu_skill_total,2012,2392.24
egy,sex_f,ocu_skill_total,2013,2754.048
egy,sex_f,ocu_skill_total,2015,2959.23
egy,sex_f,ocu_skill_total,2016,3050.591
egy,sex_f,ocu_skill_total,2017,3299.894
egy,sex_f,ocu_skill_total,2018,2491.559
egy,sex_f,ocu_skill_total,2019,2071.809
egy,sex_f,ocu_skill_total,2023,3381.12
egy,sex_f,ocu_skill_x,2009,1.75
egy,sex_f,ocu_skill_x,2010,1.738
egy,sex_f,ocu_skill_x,2011,2.91
egy,sex_f,ocu_skill_x,2018,0
egy,sex_f,ocu_skill_x,2019,2.547
egy,sex_f,ocu_skill_x,2023,826.691
egy,sex_m,ocu_isco08_0,2009,5.811
egy,sex_m,ocu_isco08_0,2010,17.047
egy,sex_m,ocu_isco08_0,2011,22.199
egy,sex_m,ocu_isco08_0,2012,1.209
egy,sex_m,ocu_isco08_1,2009,247.71
egy,sex_m,ocu_isco08_1,2010,288.872
egy,sex_m,ocu_isco08_1,2011,363.838
egy,sex_m,ocu_isco08_1,2012,1394.018
egy,sex_m,ocu_isco08_1,2013,2280.59
egy,sex_m,ocu_isco08_1,2015,2211.957
egy,sex_m,ocu_isco08_1,2016,2311.229
egy,sex_m,ocu_isco08_1,2017,2120.557
egy,sex_m,ocu_isco08_1,2018,2028.314
egy,sex_m,ocu_isco08_1,2019,1975.246
egy,sex_m,ocu_isco08_1,2023,415.971
egy,sex_m,ocu_isco08_2,2009,199.448
egy,sex_m,ocu_isco08_2,2010,218.943
egy,sex_m,ocu_isco08_2,2011,254.266
egy,sex_m,ocu_isco08_2,2012,175.436
egy,sex_m,ocu_isco08_2,2013,178.045
egy,sex_m,ocu_isco08_2,2015,197.387
egy,sex_m,ocu_isco08_2,2016,232.89
egy,sex_m,ocu_isco08_2,2017,285.705
egy,sex_m,ocu_isco08_2,2018,325.117
egy,sex_m,ocu_isco08_2,2019,387.091
egy,sex_m,ocu_isco08_2,2023,591.016
egy,sex_m,ocu_isco08_3,2009,146.019
egy,sex_m,ocu_isco08_3,2010,187
egy,sex_m,ocu_isco08_3,2011,190.423
egy,sex_m,ocu_isco08_3,2012,177.602
egy,sex_m,ocu_isco08_3,2013,194.439
egy,sex_m,ocu_isco08_3,2015,175.883
egy,sex_m,ocu_isco08_3,2016,204.449
egy,sex_m,ocu_isco08_3,2017,216.464
egy,sex_m,ocu_isco08_3,2018,220.1
egy,sex_m,ocu_isco08_3,2019,272.876
egy,sex_m,ocu_isco08_3,2023,445.593
egy,sex_m,ocu_isco08_4,2009,65.928
egy,sex_m,ocu_isco08_4,2010,83.308
egy,sex_m,ocu_isco08_4,2011,79.672
egy,sex_m,ocu_isco08_4,2012,63.73
egy,sex_m,ocu_isco08_4,2013,55.244
egy,sex_m,ocu_isco08_4,2015,83.915
egy,sex_m,ocu_isco08_4,2016,88.254
egy,sex_m,ocu_isco08_4,2017,139.682
egy,sex_m,ocu_isco08_4,2018,113.359
egy,sex_m,ocu_isco08_4,2019,133.838
egy,sex_m,ocu_isco08_4,2023,214.109
egy,sex_m,ocu_isco08_5,2009,838.17
egy,sex_m,ocu_isco08_5,2010,1011.811
egy,sex_m,ocu_isco08_5,2011,949.534
egy,sex_m,ocu_isco08_5,2012,878.451
egy,sex_m,ocu_isco08_5,2013,1029.751
egy,sex_m,ocu_isco08_5,2015,1312.445
egy,sex_m,ocu_isco08_5,2016,1494.234
egy,sex_m,ocu_isco08_5,2017,1570.863
egy,sex_m,ocu_isco08_5,2018,1722.576
egy,sex_m,ocu_isco08_5,2019,1954.816
egy,sex_m,ocu_isco08_5,2023,3327.764
egy,sex_m,ocu_isco08_6,2009,4173.433
egy,sex_m,ocu_isco08_6,2010,4319.73
egy,sex_m,ocu_isco08_6,2011,4383.572
egy,sex_m,ocu_isco08_6,2012,3356.678
egy,sex_m,ocu_isco08_6,2013,2372.78
egy,sex_m,ocu_isco08_6,2015,2331.85
egy,sex_m,ocu_isco08_6,2016,2394.031
egy,sex_m,ocu_isco08_6,2017,2658.18
egy,sex_m,ocu_isco08_6,2018,2789.211
egy,sex_m,ocu_isco08_6,2019,3097.526
egy,sex_m,ocu_isco08_6,2023,4149.797
egy,sex_m,ocu_isco08_7,2009,3026.451
egy,sex_m,ocu_isco08_7,2010,3405.545
egy,sex_m,ocu_isco08_7,2011,3274.843
egy,sex_m,ocu_isco08_7,2012,3244.208
egy,sex_m,ocu_isco08_7,2013,3321.454
egy,sex_m,ocu_isco08_7,2015,3623.667
egy,sex_m,ocu_isco08_7,2016,3721.298
egy,sex_m,ocu_isco08_7,2017,3999.527
egy,sex_m,ocu_isco08_7,2018,4048.626
egy,sex_m,ocu_isco08_7,2019,4462.323
egy,sex_m,ocu_isco08_7,2023,5379.896
egy,sex_m,ocu_isco08_8,2009,617.198
egy,sex_m,ocu_isco08_8,2010,690.999
egy,sex_m,ocu_isco08_8,2011,750.784
egy,sex_m,ocu_isco08_8,2012,681.44
egy,sex_m,ocu_isco08_8,2013,692.864
egy,sex_m,ocu_isco08_8,2015,954.247
egy,sex_m,ocu_isco08_8,2016,1134.545
egy,sex_m,ocu_isco08_8,2017,1183.215
egy,sex_m,ocu_isco08_8,2018,1595.888
egy,sex_m,ocu_isco08_8,2019,1796.368
egy,sex_m,ocu_isco08_8,2023,2226.018
egy,sex_m,ocu_isco08_9,2009,822.481
egy,sex_m,ocu_isco08_9,2010,851.372
egy,sex_m,ocu_isco08_9,2011,869.38
egy,sex_m,ocu_isco08_9,2012,811.681
egy,sex_m,ocu_isco08_9,2013,932.93
egy,sex_m,ocu_isco08_9,2015,973.537
egy,sex_m,ocu_isco08_9,2016,1040.168
egy,sex_m,ocu_isco08_9,2017,1099.655
egy,sex_m,ocu_isco08_9,2018,1242.083
egy,sex_m,ocu_isco08_9,2019,1327.474
egy,sex_m,ocu_isco08_9,2023,1086.246
egy,sex_m,ocu_isco08_total,2009,10142.647
egy,sex_m,ocu_isco08_total,2010,11074.625
egy,sex_m,ocu_isco08_total,2011,11138.511
egy,sex_m,ocu_isco08_total,2012,10784.454
egy,sex_m,ocu_isco08_total,2013,11058.096
egy,sex_m,ocu_isco08_total,2015,11864.887
egy,sex_m,ocu_isco08_total,2016,12621.098
egy,sex_m,ocu_isco08_total,2017,13276.558
egy,sex_m,ocu_isco08_total,2018,14094.082
egy,sex_m,ocu_isco08_total,2019,15430.806
egy,sex_m,ocu_isco08_total,2023,17936.729
egy,sex_m,ocu_isco08_x,2017,2.71
egy,sex_m,ocu_isco08_x,2018,8.808
egy,sex_m,ocu_isco08_x,2019,23.248
egy,sex_m,ocu_isco08_x,2023,100.318
egy,sex_m,ocu_skill_l1,2009,822.481
egy,sex_m,ocu_skill_l1,2010,851.372
egy,sex_m,ocu_skill_l1,2011,869.38
egy,sex_m,ocu_skill_l1,2012,811.681
egy,sex_m,ocu_skill_l1,2013,932.93
egy,sex_m,ocu_skill_l1,2015,973.537
egy,sex_m,ocu_skill_l1,2016,1040.168
egy,sex_m,ocu_skill_l1,2017,1099.655
egy,sex_m,ocu_skill_l1,2018,1242.083
egy,sex_m,ocu_skill_l1,2019,1327.474
egy,sex_m,ocu_skill_l1,2023,1086.246
egy,sex_m,ocu_skill_l2,2009,8721.18
egy,sex_m,ocu_skill_l2,2010,9511.392
egy,sex_m,ocu_skill_l2,2011,9438.405
egy,sex_m,ocu_skill_l2,2012,8224.508
egy,sex_m,ocu_skill_l2,2013,7472.093
egy,sex_m,ocu_skill_l2,2015,8306.122
egy,sex_m,ocu_skill_l2,2016,8832.362
egy,sex_m,ocu_skill_l2,2017,9551.467
egy,sex_m,ocu_skill_l2,2018,10269.661
egy,sex_m,ocu_skill_l2,2019,11444.871
egy,sex_m,ocu_skill_l2,2023,15297.584
egy,sex_m,ocu_skill_l3_4,2009,593.176
egy,sex_m,ocu_skill_l3_4,2010,694.815
egy,sex_m,ocu_skill_l3_4,2011,808.527
egy,sex_m,ocu_skill_l3_4,2012,1747.057
egy,sex_m,ocu_skill_l3_4,2013,2653.074
egy,sex_m,ocu_skill_l3_4,2015,2585.227
egy,sex_m,ocu_skill_l3_4,2016,2748.568
egy,sex_m,ocu_skill_l3_4,2017,2622.727
egy,sex_m,ocu_skill_l3_4,2018,2573.531
egy,sex_m,ocu_skill_l3_4,2019,2635.214
egy,sex_m,ocu_skill_l3_4,2023,1452.58
egy,sex_m,ocu_skill_total,2009,10142.647
egy,sex_m,ocu_skill_total,2010,11074.625
egy,sex_m,ocu_skill_total,2011,11138.511
egy,sex_m,ocu_skill_total,2012,10784.454
egy,sex_m,ocu_skill_total,2013,11058.096
egy,sex_m,ocu_skill_total,2015,11864.887
egy,sex_m,ocu_skill_total,2016,12621.098
egy,sex_m,ocu_skill_total,2017,13276.558
egy,sex_m,ocu_skill_total,2018,14094.082
egy,sex_m,ocu_skill_total,2019,15430.806
egy,sex_m,ocu_skill_total,2023,17936.729
egy,sex_m,ocu_skill_x,2009,5.811
egy,sex_m,ocu_skill_x,2010,17.047
egy,sex_m,ocu_skill_x,2011,22.199
egy,sex_m,ocu_skill_x,2012,1.209
egy,sex_m,ocu_skill_x,2017,2.71
egy,sex_m,ocu_skill_x,2018,8.808
egy,sex_m,ocu_skill_x,2019,23.248
egy,sex_m,ocu_skill_x,2023,100.318
egy,sex_t,ocu_isco08_0,2009,7.561
egy,sex_t,ocu_isco08_0,2010,18.785
egy,sex_t,ocu_isco08_0,2011,25.109
egy,sex_t,ocu_isco08_0,2012,1.463
egy,sex_t,ocu_isco08_1,2009,273.403
egy,sex_t,ocu_isco08_1,2010,320.466
egy,sex_t,ocu_isco08_1,2011,392.088
egy,sex_t,ocu_isco08_1,2012,1472.851
egy,sex_t,ocu_isco08_1,2013,2370.635
egy,sex_t,ocu_isco08_1,2015,2291.739
egy,sex_t,ocu_isco08_1,2016,2409.085
egy,sex_t,ocu_isco08_1,2017,2220.092
egy,sex_t,ocu_isco08_1,2018,2132.033
egy,sex_t,ocu_isco08_1,2019,2073.265
egy,sex_t,ocu_isco08_1,2023,438.528
egy,sex_t,ocu_isco08_2,2009,288.389
egy,sex_t,ocu_isco08_2,2010,342.094
egy,sex_t,ocu_isco08_2,2011,380.633
egy,sex_t,ocu_isco08_2,2012,279.737
egy,sex_t,ocu_isco08_2,2013,284.675
egy,sex_t,ocu_isco08_2,2015,338.643
egy,sex_t,ocu_isco08_2,2016,405.282
egy,sex_t,ocu_isco08_2,2017,512.003
egy,sex_t,ocu_isco08_2,2018,522.154
egy,sex_t,ocu_isco08_2,2019,565.963
egy,sex_t,ocu_isco08_2,2023,911.085
egy,sex_t,ocu_isco08_3,2009,177.755
egy,sex_t,ocu_isco08_3,2010,230.516
egy,sex_t,ocu_isco08_3,2011,231.522
egy,sex_t,ocu_isco08_3,2012,216.124
egy,sex_t,ocu_isco08_3,2013,233.517
egy,sex_t,ocu_isco08_3,2015,217.017
egy,sex_t,ocu_isco08_3,2016,249.573
egy,sex_t,ocu_isco08_3,2017,280.472
egy,sex_t,ocu_isco08_3,2018,265.402
egy,sex_t,ocu_isco08_3,2019,323.632
egy,sex_t,ocu_isco08_3,2023,517.449
egy,sex_t,ocu_isco08_4,2009,101.864
egy,sex_t,ocu_isco08_4,2010,126.202
egy,sex_t,ocu_isco08_4,2011,118.318
egy,sex_t,ocu_isco08_4,2012,96.417
egy,sex_t,ocu_isco08_4,2013,118.826
egy,sex_t,ocu_isco08_4,2015,139.418
egy,sex_t,ocu_isco08_4,2016,155.352
egy,sex_t,ocu_isco08_4,2017,213.316
egy,sex_t,ocu_isco08_4,2018,203.42
egy,sex_t,ocu_isco08_4,2019,213.187
egy,sex_t,ocu_isco08_4,2023,328.503
egy,sex_t,ocu_isco08_5,2009,978.89
egy,sex_t,ocu_isco08_5,2010,1185.267
egy,sex_t,ocu_isco08_5,2011,1098.878
egy,sex_t,ocu_isco08_5,2012,1028.95
egy,sex_t,ocu_isco08_5,2013,1220.631
egy,sex_t,ocu_isco08_5,2015,1645.317
egy,sex_t,ocu_isco08_5,2016,1923.934
egy,sex_t,ocu_isco08_5,2017,2008.569
egy,sex_t,ocu_isco08_5,2018,2224.793
egy,sex_t,ocu_isco08_5,2019,2325.109
egy,sex_t,ocu_isco08_5,2023,4098.35
egy,sex_t,ocu_isco08_6,2009,6245.701
egy,sex_t,ocu_isco08_6,2010,6315.706
egy,sex_t,ocu_isco08_6,2011,6356.697
egy,sex_t,ocu_isco08_6,2012,5130.115
egy,sex_t,ocu_isco08_6,2013,4286.6
egy,sex_t,ocu_isco08_6,2015,3827.185
egy,sex_t,ocu_isco08_6,2016,4306.091
egy,sex_t,ocu_isco08_6,2017,4679.236
egy,sex_t,ocu_isco08_6,2018,3933.831
egy,sex_t,ocu_isco08_6,2019,3984.054
egy,sex_t,ocu_isco08_6,2023,4980.156
egy,sex_t,ocu_isco08_7,2009,3070.31
egy,sex_t,ocu_isco08_7,2010,3462.734
egy,sex_t,ocu_isco08_7,2011,3328.485
egy,sex_t,ocu_isco08_7,2012,3289.101
egy,sex_t,ocu_isco08_7,2013,3366.905
egy,sex_t,ocu_isco08_7,2015,3670.691
egy,sex_t,ocu_isco08_7,2016,3795.683
egy,sex_t,ocu_isco08_7,2017,4072.893
egy,sex_t,ocu_isco08_7,2018,4112.208
egy,sex_t,ocu_isco08_7,2019,4532.034
egy,sex_t,ocu_isco08_7,2023,5462.346
egy,sex_t,ocu_isco08_8,2009,668.777
egy,sex_t,ocu_isco08_8,2010,753.429
egy,sex_t,ocu_isco08_8,2011,802.288
egy,sex_t,ocu_isco08_8,2012,728.968
egy,sex_t,ocu_isco08_8,2013,842.776
egy,sex_t,ocu_isco08_8,2015,1031.982
egy,sex_t,ocu_isco08_8,2016,1227.983
egy,sex_t,ocu_isco08_8,2017,1252.802
egy,sex_t,ocu_isco08_8,2018,1731.844
egy,sex_t,ocu_isco08_8,2019,1932.59
egy,sex_t,ocu_isco08_8,2023,2369.824
egy,sex_t,ocu_isco08_9,2009,917.233
egy,sex_t,ocu_isco08_9,2010,979.321
egy,sex_t,ocu_isco08_9,2011,976.228
egy,sex_t,ocu_isco08_9,2012,932.968
egy,sex_t,ocu_isco08_9,2013,1087.58
egy,sex_t,ocu_isco08_9,2015,1662.125
egy,sex_t,ocu_isco08_9,2016,1198.706
egy,sex_t,ocu_isco08_9,2017,1334.213
egy,sex_t,ocu_isco08_9,2018,1451.149
egy,sex_t,ocu_isco08_9,2019,1526.987
egy,sex_t,ocu_isco08_9,2023,1284.6
egy,sex_t,ocu_isco08_total,2009,12729.883
egy,sex_t,ocu_isco08_total,2010,13734.521
egy,sex_t,ocu_isco08_total,2011,13710.247
egy,sex_t,ocu_isco08_total,2012,13176.694
egy,sex_t,ocu_isco08_total,2013,13812.144
egy,sex_t,ocu_isco08_total,2015,14824.117
egy,sex_t,ocu_isco08_total,2016,15671.688
egy,sex_t,ocu_isco08_total,2017,16576.452
egy,sex_t,ocu_isco08_total,2018,16585.641
egy,sex_t,ocu_isco08_total,2019,17502.615
egy,sex_t,ocu_isco08_total,2023,21317.85
egy,sex_t,ocu_isco08_x,2017,2.856
egy,sex_t,ocu_isco08_x,2018,8.808
egy,sex_t,ocu_isco08_x,2019,25.795
egy,sex_t,ocu_isco08_x,2023,927.01
egy,sex_t,ocu_skill_l1,2009,917.233
egy,sex_t,ocu_skill_l1,2010,979.321
egy,sex_t,ocu_skill_l1,2011,976.228
egy,sex_t,ocu_skill_l1,2012,932.968
egy,sex_t,ocu_skill_l1,2013,1087.58
egy,sex_t,ocu_skill_l1,2015,1662.125
egy,sex_t,ocu_skill_l1,2016,1198.706
egy,sex_t,ocu_skill_l1,2017,1334.213
egy,sex_t,ocu_skill_l1,2018,1451.149
egy,sex_t,ocu_skill_l1,2019,1526.987
egy,sex_t,ocu_skill_l1,2023,1284.6
egy,sex_t,ocu_skill_l2,2009,11065.542
egy,sex_t,ocu_skill_l2,2010,11843.339
egy,sex_t,ocu_skill_l2,2011,11704.666
egy,sex_t,ocu_skill_l2,2012,10273.552
egy,sex_t,ocu_skill_l2,2013,9835.738
egy,sex_t,ocu_skill_l2,2015,10314.592
egy,sex_t,ocu_skill_l2,2016,11409.043
egy,sex_t,ocu_skill_l2,2017,12226.816
egy,sex_t,ocu_skill_l2,2018,12206.096
egy,sex_t,ocu_skill_l2,2019,12986.974
egy,sex_t,ocu_skill_l2,2023,17239.179
egy,sex_t,ocu_skill_l3_4,2009,739.547
egy,sex_t,ocu_skill_l3_4,2010,893.076
egy,sex_t,ocu_skill_l3_4,2011,1004.243
egy,sex_t,ocu_skill_l3_4,2012,1968.712
egy,sex_t,ocu_skill_l3_4,2013,2888.827
egy,sex_t,ocu_skill_l3_4,2015,2847.399
egy,sex_t,ocu_skill_l3_4,2016,3063.939
egy,sex_t,ocu_skill_l3_4,2017,3012.567
egy,sex_t,ocu_skill_l3_4,2018,2919.588
egy,sex_t,ocu_skill_l3_4,2019,2962.86
egy,sex_t,ocu_skill_l3_4,2023,1867.062
egy,sex_t,ocu_skill_total,2009,12729.883
egy,sex_t,ocu_skill_total,2010,13734.521
egy,sex_t,ocu_skill_total,2011,13710.247
egy,sex_t,ocu_skill_total,2012,13176.694
egy,sex_t,ocu_skill_total,2013,13812.144
egy,sex_t,ocu_skill_total,2015,14824.117
egy,sex_t,ocu_skill_total,2016,15671.688
egy,sex_t,ocu_skill_total,2017,16576.452
egy,sex_t,ocu_skill_total,2018,16585.641
egy,sex_t,ocu_skill_total,2019,17502.615
egy,sex_t,ocu_skill_total,2023,21317.85
egy,sex_t,ocu_skill_x,2009,7.561
egy,sex_t,ocu_skill_x,2010,18.785
egy,sex_t,ocu_skill_x,2011,25.109
egy,sex_t,ocu_skill_x,2012,1.463
egy,sex_t,ocu_skill_x,2017,2.856
egy,sex_t,ocu_skill_x,2018,8.808
egy,sex_t,ocu_skill_x,2019,25.795
egy,sex_t,ocu_skill_x,2023,927.01
esp,sex_f,ocu_isco08_1,2011,17.081
esp,sex_f,ocu_isco08_1,2012,6.048
esp,sex_f,ocu_isco08_1,2013,16.051
esp,sex_f,ocu_isco08_1,2014,21.196
esp,sex_f,ocu_isco08_1,2015,10.242
esp,sex_f,ocu_isco08_1,2016,9.004
esp,sex_f,ocu_isco08_1,2018,9.079
esp,sex_f,ocu_isco08_1,2021,9.223
esp,sex_f,ocu_isco08_1,2022,3.86
esp,sex_f,ocu_isco08_1,2023,4.631
esp,sex_f,ocu_isco08_2,2011,13.64
esp,sex_f,ocu_isco08_2,2012,13.94
esp,sex_f,ocu_isco08_2,2013,16.136
esp,sex_f,ocu_isco08_2,2014,13.074
esp,sex_f,ocu_isco08_2,2015,16.205
esp,sex_f,ocu_isco08_2,2016,16.48
esp,sex_f,ocu_isco08_2,2017,22.891
esp,sex_f,ocu_isco08_2,2018,31.913
esp,sex_f,ocu_isco08_2,2019,38.296
esp,sex_f,ocu_isco08_2,2020,29.642
esp,sex_f,ocu_isco08_2,2021,54.45
esp,sex_f,ocu_isco08_2,2022,30.359
esp,sex_f,ocu_isco08_2,2023,15.347
esp,sex_f,ocu_isco08_3,2011,14.826
esp,sex_f,ocu_isco08_3,2012,29.415
esp,sex_f,ocu_isco08_3,2013,20.678
esp,sex_f,ocu_isco08_3,2014,22.443
esp,sex_f,ocu_isco08_3,2015,25.175
esp,sex_f,ocu_isco08_3,2016,22.12
esp,sex_f,ocu_isco08_3,2017,27.295
esp,sex_f,ocu_isco08_3,2018,20.693
esp,sex_f,ocu_isco08_3,2019,15.182
esp,sex_f,ocu_isco08_3,2020,18.33
esp,sex_f,ocu_isco08_3,2021,29.667
esp,sex_f,ocu_isco08_3,2022,26.705
esp,sex_f,ocu_isco08_3,2023,17.513
esp,sex_f,ocu_isco08_4,2011,18.478
esp,sex_f,ocu_isco08_4,2012,19.707
esp,sex_f,ocu_isco08_4,2013,37.879
esp,sex_f,ocu_isco08_4,2014,25.642
esp,sex_f,ocu_isco08_4,2015,50.045
esp,sex_f,ocu_isco08_4,2016,26.837
esp,sex_f,ocu_isco08_4,2017,29.688
esp,sex_f,ocu_isco08_4,2018,35.905
esp,sex_f,ocu_isco08_4,2019,30.15
esp,sex_f,ocu_isco08_4,2020,28.294
esp,sex_f,ocu_isco08_4,2021,39.953
esp,sex_f,ocu_isco08_4,2022,23.835
esp,sex_f,ocu_isco08_4,2023,15.961
esp,sex_f,ocu_isco08_5,2011,147.322
esp,sex_f,ocu_isco08_5,2012,135.69
esp,sex_f,ocu_isco08_5,2013,195.403
esp,sex_f,ocu_isco08_5,2014,186.667
esp,sex_f,ocu_isco08_5,2015,186.005
esp,sex_f,ocu_isco08_5,2016,193.548
esp,sex_f,ocu_isco08_5,2017,201.369
esp,sex_f,ocu_isco08_5,2018,213.22
esp,sex_f,ocu_isco08_5,2019,167.491
esp,sex_f,ocu_isco08_5,2020,142.177
esp,sex_f,ocu_isco08_5,2021,180.259
esp,sex_f,ocu_isco08_5,2022,160.598
esp,sex_f,ocu_isco08_5,2023,143.682
esp,sex_f,ocu_isco08_6,2011,10.503
esp,sex_f,ocu_isco08_6,2012,9.581
esp,sex_f,ocu_isco08_6,2013,6.635
esp,sex_f,ocu_isco08_6,2014,12.486
esp,sex_f,ocu_isco08_6,2015,12.745
esp,sex_f,ocu_isco08_6,2019,6.411
esp,sex_f,ocu_isco08_6,2021,7.6
esp,sex_f,ocu_isco08_6,2022,6.265
esp,sex_f,ocu_isco08_6,2023,4.644
esp,sex_f,ocu_isco08_7,2011,8.006
esp,sex_f,ocu_isco08_7,2014,8.095
esp,sex_f,ocu_isco08_7,2016,3.481
esp,sex_f,ocu_isco08_7,2018,10.801
esp,sex_f,ocu_isco08_7,2019,13.739
esp,sex_f,ocu_isco08_7,2020,7.394
esp,sex_f,ocu_isco08_7,2021,10.852
esp,sex_f,ocu_isco08_7,2022,9.509
esp,sex_f,ocu_isco08_7,2023,6.932
esp,sex_f,ocu_isco08_8,2018,19.142
esp,sex_f,ocu_isco08_8,2019,15.143
esp,sex_f,ocu_isco08_8,2021,2.658
esp,sex_f,ocu_isco08_9,2011,94.354
esp,sex_f,ocu_isco08_9,2012,61.317
esp,sex_f,ocu_isco08_9,2013,81.411
esp,sex_f,ocu_isco08_9,2014,80.469
esp,sex_f,ocu_isco08_9,2015,90.804
esp,sex_f,ocu_isco08_9,2016,50.469
esp,sex_f,ocu_isco08_9,2017,64.506
esp,sex_f,ocu_isco08_9,2018,86.011
esp,sex_f,ocu_isco08_9,2019,57.616
esp,sex_f,ocu_isco08_9,2020,63.299
esp,sex_f,ocu_isco08_9,2021,86.445
esp,sex_f,ocu_isco08_9,2022,59.559
esp,sex_f,ocu_isco08_9,2023,53.965
esp,sex_f,ocu_isco08_total,2011,334.072
esp,sex_f,ocu_isco08_total,2012,282.058
esp,sex_f,ocu_isco08_total,2013,379.684
esp,sex_f,ocu_isco08_total,2014,375.741
esp,sex_f,ocu_isco08_total,2015,404.384
esp,sex_f,ocu_isco08_total,2016,325.134
esp,sex_f,ocu_isco08_total,2017,365.041
esp,sex_f,ocu_isco08_total,2018,428.937
esp,sex_f,ocu_isco08_total,2019,348.874
esp,sex_f,ocu_isco08_total,2020,297.245
esp,sex_f,ocu_isco08_total,2021,421.108
esp,sex_f,ocu_isco08_total,2022,323.284
esp,sex_f,ocu_isco08_total,2023,263.99
esp,sex_f,ocu_isco08_x,2011,7.414
esp,sex_f,ocu_isco88_0,2007,5.349
esp,sex_f,ocu_isco88_1,2007,34.154
esp,sex_f,ocu_isco88_1,2008,15.788
esp,sex_f,ocu_isco88_1,2009,16.828
esp,sex_f,ocu_isco88_1,2010,33.562
esp,sex_f,ocu_isco88_2,2007,129.122
esp,sex_f,ocu_isco88_2,2008,13.797
esp,sex_f,ocu_isco88_2,2009,24.787
esp,sex_f,ocu_isco88_2,2010,24.392
esp,sex_f,ocu_isco88_3,2007,66.307
esp,sex_f,ocu_isco88_3,2008,24.02
esp,sex_f,ocu_isco88_3,2009,19.73
esp,sex_f,ocu_isco88_3,2010,21.621
esp,sex_f,ocu_isco88_4,2007,127.254
esp,sex_f,ocu_isco88_4,2008,43.601
esp,sex_f,ocu_isco88_4,2009,25.663
esp,sex_f,ocu_isco88_4,2010,24.589
esp,sex_f,ocu_isco88_5,2007,141.03
esp,sex_f,ocu_isco88_5,2008,75.49
esp,sex_f,ocu_isco88_5,2009,85.741
esp,sex_f,ocu_isco88_5,2010,48.644
esp,sex_f,ocu_isco88_6,2007,30.774
esp,sex_f,ocu_isco88_6,2008,14.045
esp,sex_f,ocu_isco88_6,2009,10.359
esp,sex_f,ocu_isco88_6,2010,6.215
esp,sex_f,ocu_isco88_7,2007,31.603
esp,sex_f,ocu_isco88_7,2008,6.411
esp,sex_f,ocu_isco88_7,2009,7.209
esp,sex_f,ocu_isco88_7,2010,8.983
esp,sex_f,ocu_isco88_8,2007,12.014
esp,sex_f,ocu_isco88_8,2010,9.276
esp,sex_f,ocu_isco88_9,2007,401.997
esp,sex_f,ocu_isco88_9,2008,87.334
esp,sex_f,ocu_isco88_9,2009,67.776
esp,sex_f,ocu_isco88_9,2010,69.975
esp,sex_f,ocu_isco88_total,2007,981.45
esp,sex_f,ocu_isco88_total,2008,284.904
esp,sex_f,ocu_isco88_total,2009,263.338
esp,sex_f,ocu_isco88_total,2010,248.441
esp,sex_f,ocu_skill_l1,2007,401.997
esp,sex_f,ocu_skill_l1,2008,87.334
esp,sex_f,ocu_skill_l1,2009,67.776
esp,sex_f,ocu_skill_l1,2010,69.975
esp,sex_f,ocu_skill_l1,2011,94.354
esp,sex_f,ocu_skill_l1,2012,61.317
esp,sex_f,ocu_skill_l1,2013,81.411
esp,sex_f,ocu_skill_l1,2014,80.469
esp,sex_f,ocu_skill_l1,2015,90.804
esp,sex_f,ocu_skill_l1,2016,50.469
esp,sex_f,ocu_skill_l1,2017,64.506
esp,sex_f,ocu_skill_l1,2018,86.011
esp,sex_f,ocu_skill_l1,2019,57.616
esp,sex_f,ocu_skill_l1,2020,63.299
esp,sex_f,ocu_skill_l1,2021,86.445
esp,sex_f,ocu_skill_l1,2022,59.559
esp,sex_f,ocu_skill_l1,2023,53.965
esp,sex_f,ocu_skill_l2,2007,342.675
esp,sex_f,ocu_skill_l2,2008,141.133
esp,sex_f,ocu_skill_l2,2009,131.662
esp,sex_f,ocu_skill_l2,2010,97.708
esp,sex_f,ocu_skill_l2,2011,186.757
esp,sex_f,ocu_skill_l2,2012,170.49
esp,sex_f,ocu_skill_l2,2013,241.448
esp,sex_f,ocu_skill_l2,2014,238.558
esp,sex_f,ocu_skill_l2,2015,261.958
esp,sex_f,ocu_skill_l2,2016,227.061
esp,sex_f,ocu_skill_l2,2017,245.096
esp,sex_f,ocu_skill_l2,2018,281.241
esp,sex_f,ocu_skill_l2,2019,232.934
esp,sex_f,ocu_skill_l2,2020,184.169
esp,sex_f,ocu_skill_l2,2021,241.323
esp,sex_f,ocu_skill_l2,2022,202.802
esp,sex_f,ocu_skill_l2,2023,172.298
esp,sex_f,ocu_skill_l3_4,2007,229.583
esp,sex_f,ocu_skill_l3_4,2008,53.605
esp,sex_f,ocu_skill_l3_4,2009,61.345
esp,sex_f,ocu_skill_l3_4,2010,79.575
esp,sex_f,ocu_skill_l3_4,2011,45.547
esp,sex_f,ocu_skill_l3_4,2012,49.403
esp,sex_f,ocu_skill_l3_4,2013,52.866
esp,sex_f,ocu_skill_l3_4,2014,56.713
esp,sex_f,ocu_skill_l3_4,2015,51.622
esp,sex_f,ocu_skill_l3_4,2016,47.604
esp,sex_f,ocu_skill_l3_4,2017,55.439
esp,sex_f,ocu_skill_l3_4,2018,61.685
esp,sex_f,ocu_skill_l3_4,2019,58.324
esp,sex_f,ocu_skill_l3_4,2020,49.777
esp,sex_f,ocu_skill_l3_4,2021,93.34
esp,sex_f,ocu_skill_l3_4,2022,60.924
esp,sex_f,ocu_skill_l3_4,2023,37.491
esp,sex_f,ocu_skill_total,2007,981.45
esp,sex_f,ocu_skill_total,2008,284.904
esp,sex_f,ocu_skill_total,2009,263.338
esp,sex_f,ocu_skill_total,2010,248.441
esp,sex_f,ocu_skill_total,2011,334.072
esp,sex_f,ocu_skill_total,2012,282.058
esp,sex_f,ocu_skill_total,2013,379.684
esp,sex_f,ocu_skill_total,2014,375.741
esp,sex_f,ocu_skill_total,2015,404.384
esp,sex_f,ocu_skill_total,2016,325.134
esp,sex_f,ocu_skill_total,2017,365.041
esp,sex_f,ocu_skill_total,2018,428.937
esp,sex_f,ocu_skill_total,2019,348.874
esp,sex_f,ocu_skill_total,2020,297.245
esp,sex_f,ocu_skill_total,2021,421.108
esp,sex_f,ocu_skill_total,2022,323.284
esp,sex_f,ocu_skill_total,2023,263.99
esp,sex_f,ocu_skill_x,2007,7.195
esp,sex_f,ocu_skill_x,2011,7.414
esp,sex_m,ocu_isco08_1,2011,24.776
esp,sex_m,ocu_isco08_1,2012,26.609
esp,sex_m,ocu_isco08_1,2013,20.651
esp,sex_m,ocu_isco08_1,2014,19.879
esp,sex_m,ocu_isco08_1,2015,16.086
esp,sex_m,ocu_isco08_1,2016,12.3
esp,sex_m,ocu_isco08_1,2017,23.049
esp,sex_m,ocu_isco08_1,2018,14.758
esp,sex_m,ocu_isco08_1,2019,10.375
esp,sex_m,ocu_isco08_1,2020,16.173
esp,sex_m,ocu_isco08_1,2021,8.581
esp,sex_m,ocu_isco08_1,2022,13.066
esp,sex_m,ocu_isco08_1,2023,6.439
esp,sex_m,ocu_isco08_2,2011,11.005
esp,sex_m,ocu_isco08_2,2012,18.005
esp,sex_m,ocu_isco08_2,2013,24.101
esp,sex_m,ocu_isco08_2,2014,16.04
esp,sex_m,ocu_isco08_2,2015,18.217
esp,sex_m,ocu_isco08_2,2016,24.808
esp,sex_m,ocu_isco08_2,2017,30.024
esp,sex_m,ocu_isco08_2,2018,21.217
esp,sex_m,ocu_isco08_2,2019,23.189
esp,sex_m,ocu_isco08_2,2020,23.133
esp,sex_m,ocu_isco08_2,2021,36.128
esp,sex_m,ocu_isco08_2,2022,16.729
esp,sex_m,ocu_isco08_2,2023,20.296
esp,sex_m,ocu_isco08_3,2011,24.284
esp,sex_m,ocu_isco08_3,2012,14.959
esp,sex_m,ocu_isco08_3,2013,18.911
esp,sex_m,ocu_isco08_3,2014,29.042
esp,sex_m,ocu_isco08_3,2015,41.814
esp,sex_m,ocu_isco08_3,2016,13.152
esp,sex_m,ocu_isco08_3,2017,32.693
esp,sex_m,ocu_isco08_3,2018,19.285
esp,sex_m,ocu_isco08_3,2019,38.119
esp,sex_m,ocu_isco08_3,2020,26.138
esp,sex_m,ocu_isco08_3,2021,38.76
esp,sex_m,ocu_isco08_3,2022,19.993
esp,sex_m,ocu_isco08_3,2023,10.589
esp,sex_m,ocu_isco08_4,2011,12.664
esp,sex_m,ocu_isco08_4,2013,11.928
esp,sex_m,ocu_isco08_4,2014,12.6
esp,sex_m,ocu_isco08_4,2017,12.118
esp,sex_m,ocu_isco08_4,2018,3.083
esp,sex_m,ocu_isco08_4,2019,12.386
esp,sex_m,ocu_isco08_4,2020,9.362
esp,sex_m,ocu_isco08_4,2021,10.725
esp,sex_m,ocu_isco08_4,2022,7.771
esp,sex_m,ocu_isco08_5,2011,54.668
esp,sex_m,ocu_isco08_5,2012,55.088
esp,sex_m,ocu_isco08_5,2013,70.399
esp,sex_m,ocu_isco08_5,2014,137.758
esp,sex_m,ocu_isco08_5,2015,111.637
esp,sex_m,ocu_isco08_5,2016,59.058
esp,sex_m,ocu_isco08_5,2017,72.18
esp,sex_m,ocu_isco08_5,2018,69.819
esp,sex_m,ocu_isco08_5,2019,52.151
esp,sex_m,ocu_isco08_5,2020,49.293
esp,sex_m,ocu_isco08_5,2021,78.943
esp,sex_m,ocu_isco08_5,2022,61.986
esp,sex_m,ocu_isco08_5,2023,38.713
esp,sex_m,ocu_isco08_6,2011,29.374
esp,sex_m,ocu_isco08_6,2012,12.376
esp,sex_m,ocu_isco08_6,2013,10.138
esp,sex_m,ocu_isco08_6,2014,21.075
esp,sex_m,ocu_isco08_6,2015,31.464
esp,sex_m,ocu_isco08_6,2016,20.081
esp,sex_m,ocu_isco08_6,2017,17.314
esp,sex_m,ocu_isco08_6,2018,6.124
esp,sex_m,ocu_isco08_6,2019,7.069
esp,sex_m,ocu_isco08_6,2020,18.776
esp,sex_m,ocu_isco08_6,2021,26.65
esp,sex_m,ocu_isco08_6,2022,10.132
esp,sex_m,ocu_isco08_6,2023,9.684
esp,sex_m,ocu_isco08_7,2011,40.365
esp,sex_m,ocu_isco08_7,2012,71.024
esp,sex_m,ocu_isco08_7,2013,43.249
esp,sex_m,ocu_isco08_7,2014,82.091
esp,sex_m,ocu_isco08_7,2015,80.17
esp,sex_m,ocu_isco08_7,2016,72.737
esp,sex_m,ocu_isco08_7,2017,68.177
esp,sex_m,ocu_isco08_7,2018,67.515
esp,sex_m,ocu_isco08_7,2019,56.554
esp,sex_m,ocu_isco08_7,2020,53.493
esp,sex_m,ocu_isco08_7,2021,54.628
esp,sex_m,ocu_isco08_7,2022,34.774
esp,sex_m,ocu_isco08_7,2023,26.163
esp,sex_m,ocu_isco08_8,2011,14.386
esp,sex_m,ocu_isco08_8,2012,14.437
esp,sex_m,ocu_isco08_8,2013,13.914
esp,sex_m,ocu_isco08_8,2014,31.443
esp,sex_m,ocu_isco08_8,2015,22.69
esp,sex_m,ocu_isco08_8,2016,23.996
esp,sex_m,ocu_isco08_8,2017,19.017
esp,sex_m,ocu_isco08_8,2018,12.959
esp,sex_m,ocu_isco08_8,2019,28.016
esp,sex_m,ocu_isco08_8,2020,14.845
esp,sex_m,ocu_isco08_8,2021,45.213
esp,sex_m,ocu_isco08_8,2022,16.666
esp,sex_m,ocu_isco08_8,2023,9.64
esp,sex_m,ocu_isco08_9,2011,47.048
esp,sex_m,ocu_isco08_9,2012,29.476
esp,sex_m,ocu_isco08_9,2013,76.978
esp,sex_m,ocu_isco08_9,2014,54.182
esp,sex_m,ocu_isco08_9,2015,75.145
esp,sex_m,ocu_isco08_9,2016,45.147
esp,sex_m,ocu_isco08_9,2017,71.358
esp,sex_m,ocu_isco08_9,2018,40.498
esp,sex_m,ocu_isco08_9,2019,44.303
esp,sex_m,ocu_isco08_9,2020,34.622
esp,sex_m,ocu_isco08_9,2021,52.822
esp,sex_m,ocu_isco08_9,2022,16.553
esp,sex_m,ocu_isco08_9,2023,14.975
esp,sex_m,ocu_isco08_total,2011,263.309
esp,sex_m,ocu_isco08_total,2012,245.458
esp,sex_m,ocu_isco08_total,2013,290.269
esp,sex_m,ocu_isco08_total,2014,404.11
esp,sex_m,ocu_isco08_total,2015,400.699
esp,sex_m,ocu_isco08_total,2016,277.834
esp,sex_m,ocu_isco08_total,2017,347.077
esp,sex_m,ocu_isco08_total,2018,255.258
esp,sex_m,ocu_isco08_total,2019,274.791
esp,sex_m,ocu_isco08_total,2020,249.962
esp,sex_m,ocu_isco08_total,2021,356.52
esp,sex_m,ocu_isco08_total,2022,197.67
esp,sex_m,ocu_isco08_total,2023,138.607
esp,sex_m,ocu_isco88_0,2007,5.928
esp,sex_m,ocu_isco88_1,2007,72.386
esp,sex_m,ocu_isco88_1,2008,18.184
esp,sex_m,ocu_isco88_1,2009,44.814
esp,sex_m,ocu_isco88_1,2010,70.287
esp,sex_m,ocu_isco88_2,2007,83.507
esp,sex_m,ocu_isco88_2,2008,12.748
esp,sex_m,ocu_isco88_2,2009,12.601
esp,sex_m,ocu_isco88_2,2010,25.044
esp,sex_m,ocu_isco88_3,2007,47.05
esp,sex_m,ocu_isco88_3,2008,17.572
esp,sex_m,ocu_isco88_3,2009,31.023
esp,sex_m,ocu_isco88_3,2010,23.633
esp,sex_m,ocu_isco88_4,2007,24.529
esp,sex_m,ocu_isco88_4,2009,8.935
esp,sex_m,ocu_isco88_4,2010,6.876
esp,sex_m,ocu_isco88_5,2007,51.544
esp,sex_m,ocu_isco88_5,2008,18.657
esp,sex_m,ocu_isco88_5,2009,38.331
esp,sex_m,ocu_isco88_5,2010,35.003
esp,sex_m,ocu_isco88_6,2007,99.482
esp,sex_m,ocu_isco88_6,2008,23.772
esp,sex_m,ocu_isco88_6,2009,24.728
esp,sex_m,ocu_isco88_6,2010,32.772
esp,sex_m,ocu_isco88_7,2007,127.038
esp,sex_m,ocu_isco88_7,2008,31.319
esp,sex_m,ocu_isco88_7,2009,41.088
esp,sex_m,ocu_isco88_7,2010,64.127
esp,sex_m,ocu_isco88_8,2007,25.891
esp,sex_m,ocu_isco88_8,2008,17.362
esp,sex_m,ocu_isco88_8,2009,12.862
esp,sex_m,ocu_isco88_8,2010,38.919
esp,sex_m,ocu_isco88_9,2007,74.221
esp,sex_m,ocu_isco88_9,2008,33.331
esp,sex_m,ocu_isco88_9,2009,34.897
esp,sex_m,ocu_isco88_9,2010,62.601
esp,sex_m,ocu_isco88_total,2007,616.176
esp,sex_m,ocu_isco88_total,2008,184.022
esp,sex_m,ocu_isco88_total,2009,251.506
esp,sex_m,ocu_isco88_total,2010,362.456
esp,sex_m,ocu_isco88_x,2007,4.601
esp,sex_m,ocu_isco88_x,2008,6.454
esp,sex_m,ocu_skill_l1,2007,74.221
esp,sex_m,ocu_skill_l1,2008,33.331
esp,sex_m,ocu_skill_l1,2009,34.897
esp,sex_m,ocu_skill_l1,2010,62.601
esp,sex_m,ocu_skill_l1,2011,47.048
esp,sex_m,ocu_skill_l1,2012,29.476
esp,sex_m,ocu_skill_l1,2013,76.978
esp,sex_m,ocu_skill_l1,2014,54.182
esp,sex_m,ocu_skill_l1,2015,75.145
esp,sex_m,ocu_skill_l1,2016,45.147
esp,sex_m,ocu_skill_l1,2017,71.358
esp,sex_m,ocu_skill_l1,2018,40.498
esp,sex_m,ocu_skill_l1,2019,44.303
esp,sex_m,ocu_skill_l1,2020,34.622
esp,sex_m,ocu_skill_l1,2021,52.822
esp,sex_m,ocu_skill_l1,2022,16.553
esp,sex_m,ocu_skill_l1,2023,14.975
esp,sex_m,ocu_skill_l2,2007,328.483
esp,sex_m,ocu_skill_l2,2008,95.733
esp,sex_m,ocu_skill_l2,2009,125.945
esp,sex_m,ocu_skill_l2,2010,177.696
esp,sex_m,ocu_skill_l2,2011,151.458
esp,sex_m,ocu_skill_l2,2012,156.408
esp,sex_m,ocu_skill_l2,2013,149.629
esp,sex_m,ocu_skill_l2,2014,284.967
esp,sex_m,ocu_skill_l2,2015,249.437
esp,sex_m,ocu_skill_l2,2016,182.426
esp,sex_m,ocu_skill_l2,2017,188.806
esp,sex_m,ocu_skill_l2,2018,159.5
esp,sex_m,ocu_skill_l2,2019,156.175
esp,sex_m,ocu_skill_l2,2020,145.769
esp,sex_m,ocu_skill_l2,2021,216.159
esp,sex_m,ocu_skill_l2,2022,131.329
esp,sex_m,ocu_skill_l2,2023,85.864
esp,sex_m,ocu_skill_l3_4,2007,202.943
esp,sex_m,ocu_skill_l3_4,2008,48.504
esp,sex_m,ocu_skill_l3_4,2009,88.437
esp,sex_m,ocu_skill_l3_4,2010,118.964
esp,sex_m,ocu_skill_l3_4,2011,60.065
esp,sex_m,ocu_skill_l3_4,2012,59.573
esp,sex_m,ocu_skill_l3_4,2013,63.663
esp,sex_m,ocu_skill_l3_4,2014,64.961
esp,sex_m,ocu_skill_l3_4,2015,76.117
esp,sex_m,ocu_skill_l3_4,2016,50.261
esp,sex_m,ocu_skill_l3_4,2017,85.766
esp,sex_m,ocu_skill_l3_4,2018,55.26
esp,sex_m,ocu_skill_l3_4,2019,71.683
esp,sex_m,ocu_skill_l3_4,2020,65.444
esp,sex_m,ocu_skill_l3_4,2021,83.469
esp,sex_m,ocu_skill_l3_4,2022,49.788
esp,sex_m,ocu_skill_l3_4,2023,37.324
esp,sex_m,ocu_skill_total,2007,616.176
esp,sex_m,ocu_skill_total,2008,184.022
esp,sex_m,ocu_skill_total,2009,251.506
esp,sex_m,ocu_skill_total,2010,362.456
esp,sex_m,ocu_skill_total,2011,263.309
esp,sex_m,ocu_skill_total,2012,245.458
esp,sex_m,ocu_skill_total,2013,290.269
esp,sex_m,ocu_skill_total,2014,404.11
esp,sex_m,ocu_skill_total,2015,400.699
esp,sex_m,ocu_skill_total,2016,277.834
esp,sex_m,ocu_skill_total,2017,347.077
esp,sex_m,ocu_skill_total,2018,255.258
esp,sex_m,ocu_skill_total,2019,274.791
esp,sex_m,ocu_skill_total,2020,249.962
esp,sex_m,ocu_skill_total,2021,356.52
esp,sex_m,ocu_skill_total,2022,197.67
esp,sex_m,ocu_skill_total,2023,138.607
esp,sex_m,ocu_skill_x,2007,10.53
esp,sex_m,ocu_skill_x,2008,6.454
esp,sex_t,ocu_isco08_1,2011,41.856
esp,sex_t,ocu_isco08_1,2012,32.657
esp,sex_t,ocu_isco08_1,2013,36.702
esp,sex_t,ocu_isco08_1,2014,41.076
esp,sex_t,ocu_isco08_1,2015,26.328
esp,sex_t,ocu_isco08_1,2016,21.304
esp,sex_t,ocu_isco08_1,2017,28.302
esp,sex_t,ocu_isco08_1,2018,23.837
esp,sex_t,ocu_isco08_1,2019,15.221
esp,sex_t,ocu_isco08_1,2020,17.978
esp,sex_t,ocu_isco08_1,2021,17.804
esp,sex_t,ocu_isco08_1,2022,16.926
esp,sex_t,ocu_isco08_1,2023,11.07
esp,sex_t,ocu_isco08_2,2011,24.645
esp,sex_t,ocu_isco08_2,2012,31.946
esp,sex_t,ocu_isco08_2,2013,40.237
esp,sex_t,ocu_isco08_2,2014,29.114
esp,sex_t,ocu_isco08_2,2015,34.423
esp,sex_t,ocu_isco08_2,2016,41.288
esp,sex_t,ocu_isco08_2,2017,52.915
esp,sex_t,ocu_isco08_2,2018,53.129
esp,sex_t,ocu_isco08_2,2019,61.485
esp,sex_t,ocu_isco08_2,2020,52.775
esp,sex_t,ocu_isco08_2,2021,90.578
esp,sex_t,ocu_isco08_2,2022,47.088
esp,sex_t,ocu_isco08_2,2023,35.643
esp,sex_t,ocu_isco08_3,2011,39.11
esp,sex_t,ocu_isco08_3,2012,44.374
esp,sex_t,ocu_isco08_3,2013,39.589
esp,sex_t,ocu_isco08_3,2014,51.485
esp,sex_t,ocu_isco08_3,2015,66.988
esp,sex_t,ocu_isco08_3,2016,35.272
esp,sex_t,ocu_isco08_3,2017,59.987
esp,sex_t,ocu_isco08_3,2018,39.978
esp,sex_t,ocu_isco08_3,2019,53.301
esp,sex_t,ocu_isco08_3,2020,44.468
esp,sex_t,ocu_isco08_3,2021,68.427
esp,sex_t,ocu_isco08_3,2022,46.698
esp,sex_t,ocu_isco08_3,2023,28.102
esp,sex_t,ocu_isco08_4,2011,31.143
esp,sex_t,ocu_isco08_4,2012,23.19
esp,sex_t,ocu_isco08_4,2013,49.806
esp,sex_t,ocu_isco08_4,2014,38.242
esp,sex_t,ocu_isco08_4,2015,53.52
esp,sex_t,ocu_isco08_4,2016,33.392
esp,sex_t,ocu_isco08_4,2017,41.807
esp,sex_t,ocu_isco08_4,2018,38.988
esp,sex_t,ocu_isco08_4,2019,42.535
esp,sex_t,ocu_isco08_4,2020,37.657
esp,sex_t,ocu_isco08_4,2021,50.678
esp,sex_t,ocu_isco08_4,2022,31.606
esp,sex_t,ocu_isco08_4,2023,17.626
esp,sex_t,ocu_isco08_5,2011,201.99
esp,sex_t,ocu_isco08_5,2012,190.779
esp,sex_t,ocu_isco08_5,2013,265.802
esp,sex_t,ocu_isco08_5,2014,324.425
esp,sex_t,ocu_isco08_5,2015,297.642
esp,sex_t,ocu_isco08_5,2016,252.606
esp,sex_t,ocu_isco08_5,2017,273.549
esp,sex_t,ocu_isco08_5,2018,283.039
esp,sex_t,ocu_isco08_5,2019,219.642
esp,sex_t,ocu_isco08_5,2020,191.47
esp,sex_t,ocu_isco08_5,2021,259.202
esp,sex_t,ocu_isco08_5,2022,222.584
esp,sex_t,ocu_isco08_5,2023,182.395
esp,sex_t,ocu_isco08_6,2011,39.877
esp,sex_t,ocu_isco08_6,2012,21.957
esp,sex_t,ocu_isco08_6,2013,16.773
esp,sex_t,ocu_isco08_6,2014,33.562
esp,sex_t,ocu_isco08_6,2015,44.209
esp,sex_t,ocu_isco08_6,2016,22.28
esp,sex_t,ocu_isco08_6,2017,18.139
esp,sex_t,ocu_isco08_6,2018,8.296
esp,sex_t,ocu_isco08_6,2019,13.48
esp,sex_t,ocu_isco08_6,2020,20.004
esp,sex_t,ocu_isco08_6,2021,34.25
esp,sex_t,ocu_isco08_6,2022,16.397
esp,sex_t,ocu_isco08_6,2023,14.328
esp,sex_t,ocu_isco08_7,2011,48.371
esp,sex_t,ocu_isco08_7,2012,76.356
esp,sex_t,ocu_isco08_7,2013,43.605
esp,sex_t,ocu_isco08_7,2014,90.186
esp,sex_t,ocu_isco08_7,2015,91.529
esp,sex_t,ocu_isco08_7,2016,76.218
esp,sex_t,ocu_isco08_7,2017,76.841
esp,sex_t,ocu_isco08_7,2018,78.316
esp,sex_t,ocu_isco08_7,2019,70.293
esp,sex_t,ocu_isco08_7,2020,60.888
esp,sex_t,ocu_isco08_7,2021,65.481
esp,sex_t,ocu_isco08_7,2022,44.283
esp,sex_t,ocu_isco08_7,2023,33.095
esp,sex_t,ocu_isco08_8,2011,16.834
esp,sex_t,ocu_isco08_8,2012,14.617
esp,sex_t,ocu_isco08_8,2013,15.089
esp,sex_t,ocu_isco08_8,2014,37.111
esp,sex_t,ocu_isco08_8,2015,24.494
esp,sex_t,ocu_isco08_8,2016,24.991
esp,sex_t,ocu_isco08_8,2017,23.566
esp,sex_t,ocu_isco08_8,2018,32.101
esp,sex_t,ocu_isco08_8,2019,43.159
esp,sex_t,ocu_isco08_8,2020,19.919
esp,sex_t,ocu_isco08_8,2021,47.87
esp,sex_t,ocu_isco08_8,2022,19.261
esp,sex_t,ocu_isco08_8,2023,10.717
esp,sex_t,ocu_isco08_9,2011,141.402
esp,sex_t,ocu_isco08_9,2012,90.793
esp,sex_t,ocu_isco08_9,2013,158.389
esp,sex_t,ocu_isco08_9,2014,134.651
esp,sex_t,ocu_isco08_9,2015,165.949
esp,sex_t,ocu_isco08_9,2016,95.616
esp,sex_t,ocu_isco08_9,2017,135.864
esp,sex_t,ocu_isco08_9,2018,126.509
esp,sex_t,ocu_isco08_9,2019,101.919
esp,sex_t,ocu_isco08_9,2020,97.921
esp,sex_t,ocu_isco08_9,2021,139.268
esp,sex_t,ocu_isco08_9,2022,76.112
esp,sex_t,ocu_isco08_9,2023,68.94
esp,sex_t,ocu_isco08_total,2011,597.38
esp,sex_t,ocu_isco08_total,2012,527.516
esp,sex_t,ocu_isco08_total,2013,669.954
esp,sex_t,ocu_isco08_total,2014,779.85
esp,sex_t,ocu_isco08_total,2015,805.082
esp,sex_t,ocu_isco08_total,2016,602.968
esp,sex_t,ocu_isco08_total,2017,712.118
esp,sex_t,ocu_isco08_total,2018,684.195
esp,sex_t,ocu_isco08_total,2019,623.666
esp,sex_t,ocu_isco08_total,2020,547.207
esp,sex_t,ocu_isco08_total,2021,777.628
esp,sex_t,ocu_isco08_total,2022,520.954
esp,sex_t,ocu_isco08_total,2023,402.597
esp,sex_t,ocu_isco08_x,2011,12.152
esp,sex_t,ocu_isco88_0,2007,11.277
esp,sex_t,ocu_isco88_1,2007,106.54
esp,sex_t,ocu_isco88_1,2008,33.972
esp,sex_t,ocu_isco88_1,2009,61.642
esp,sex_t,ocu_isco88_1,2010,103.848
esp,sex_t,ocu_isco88_2,2007,212.629
esp,sex_t,ocu_isco88_2,2008,26.545
esp,sex_t,ocu_isco88_2,2009,37.388
esp,sex_t,ocu_isco88_2,2010,49.436
esp,sex_t,ocu_isco88_3,2007,113.357
esp,sex_t,ocu_isco88_3,2008,41.592
esp,sex_t,ocu_isco88_3,2009,50.753
esp,sex_t,ocu_isco88_3,2010,45.254
esp,sex_t,ocu_isco88_4,2007,151.783
esp,sex_t,ocu_isco88_4,2008,48.224
esp,sex_t,ocu_isco88_4,2009,34.599
esp,sex_t,ocu_isco88_4,2010,31.465
esp,sex_t,ocu_isco88_5,2007,192.574
esp,sex_t,ocu_isco88_5,2008,94.148
esp,sex_t,ocu_isco88_5,2009,124.071
esp,sex_t,ocu_isco88_5,2010,83.647
esp,sex_t,ocu_isco88_6,2007,130.256
esp,sex_t,ocu_isco88_6,2008,37.817
esp,sex_t,ocu_isco88_6,2009,35.087
esp,sex_t,ocu_isco88_6,2010,38.987
esp,sex_t,ocu_isco88_7,2007,158.64
esp,sex_t,ocu_isco88_7,2008,37.73
esp,sex_t,ocu_isco88_7,2009,48.297
esp,sex_t,ocu_isco88_7,2010,73.11
esp,sex_t,ocu_isco88_8,2007,37.904
esp,sex_t,ocu_isco88_8,2008,18.947
esp,sex_t,ocu_isco88_8,2009,15.552
esp,sex_t,ocu_isco88_8,2010,48.194
esp,sex_t,ocu_isco88_9,2007,476.218
esp,sex_t,ocu_isco88_9,2008,120.665
esp,sex_t,ocu_isco88_9,2009,102.673
esp,sex_t,ocu_isco88_9,2010,132.576
esp,sex_t,ocu_isco88_total,2007,1597.626
esp,sex_t,ocu_isco88_total,2008,468.926
esp,sex_t,ocu_isco88_total,2009,514.845
esp,sex_t,ocu_isco88_total,2010,610.897
esp,sex_t,ocu_isco88_x,2007,6.447
esp,sex_t,ocu_isco88_x,2008,9.286
esp,sex_t,ocu_isco88_x,2010,4.378
esp,sex_t,ocu_skill_l1,2007,476.218
esp,sex_t,ocu_skill_l1,2008,120.665
esp,sex_t,ocu_skill_l1,2009,102.673
esp,sex_t,ocu_skill_l1,2010,132.576
esp,sex_t,ocu_skill_l1,2011,141.402
esp,sex_t,ocu_skill_l1,2012,90.793
esp,sex_t,ocu_skill_l1,2013,158.389
esp,sex_t,ocu_skill_l1,2014,134.651
esp,sex_t,ocu_skill_l1,2015,165.949
esp,sex_t,ocu_skill_l1,2016,95.616
esp,sex_t,ocu_skill_l1,2017,135.864
esp,sex_t,ocu_skill_l1,2018,126.509
esp,sex_t,ocu_skill_l1,2019,101.919
esp,sex_t,ocu_skill_l1,2020,97.921
esp,sex_t,ocu_skill_l1,2021,139.268
esp,sex_t,ocu_skill_l1,2022,76.112
esp,sex_t,ocu_skill_l1,2023,68.94
esp,sex_t,ocu_skill_l2,2007,671.158
esp,sex_t,ocu_skill_l2,2008,236.866
esp,sex_t,ocu_skill_l2,2009,257.607
esp,sex_t,ocu_skill_l2,2010,275.404
esp,sex_t,ocu_skill_l2,2011,338.215
esp,sex_t,ocu_skill_l2,2012,326.898
esp,sex_t,ocu_skill_l2,2013,391.077
esp,sex_t,ocu_skill_l2,2014,523.525
esp,sex_t,ocu_skill_l2,2015,511.394
esp,sex_t,ocu_skill_l2,2016,409.487
esp,sex_t,ocu_skill_l2,2017,433.902
esp,sex_t,ocu_skill_l2,2018,440.741
esp,sex_t,ocu_skill_l2,2019,389.109
esp,sex_t,ocu_skill_l2,2020,329.938
esp,sex_t,ocu_skill_l2,2021,457.482
esp,sex_t,ocu_skill_l2,2022,334.131
esp,sex_t,ocu_skill_l2,2023,258.162
esp,sex_t,ocu_skill_l3_4,2007,432.526
esp,sex_t,ocu_skill_l3_4,2008,102.109
esp,sex_t,ocu_skill_l3_4,2009,149.782
esp,sex_t,ocu_skill_l3_4,2010,198.539
esp,sex_t,ocu_skill_l3_4,2011,105.612
esp,sex_t,ocu_skill_l3_4,2012,108.976
esp,sex_t,ocu_skill_l3_4,2013,116.528
esp,sex_t,ocu_skill_l3_4,2014,121.674
esp,sex_t,ocu_skill_l3_4,2015,127.738
esp,sex_t,ocu_skill_l3_4,2016,97.864
esp,sex_t,ocu_skill_l3_4,2017,141.205
esp,sex_t,ocu_skill_l3_4,2018,116.945
esp,sex_t,ocu_skill_l3_4,2019,130.008
esp,sex_t,ocu_skill_l3_4,2020,115.221
esp,sex_t,ocu_skill_l3_4,2021,176.809
esp,sex_t,ocu_skill_l3_4,2022,110.711
esp,sex_t,ocu_skill_l3_4,2023,74.815
esp,sex_t,ocu_skill_total,2007,1597.626
esp,sex_t,ocu_skill_total,2008,468.926
esp,sex_t,ocu_skill_total,2009,514.845
esp,sex_t,ocu_skill_total,2010,610.897
esp,sex_t,ocu_skill_total,2011,597.38
esp,sex_t,ocu_skill_total,2012,527.516
esp,sex_t,ocu_skill_total,2013,669.954
esp,sex_t,ocu_skill_total,2014,779.85
esp,sex_t,ocu_skill_total,2015,805.082
esp,sex_t,ocu_skill_total,2016,602.968
esp,sex_t,ocu_skill_total,2017,712.118
esp,sex_t,ocu_skill_total,2018,684.195
esp,sex_t,ocu_skill_total,2019,623.666
esp,sex_t,ocu_skill_total,2020,547.207
esp,sex_t,ocu_skill_total,2021,777.628
esp,sex_t,ocu_skill_total,2022,520.954
esp,sex_t,ocu_skill_total,2023,402.597
esp,sex_t,ocu_skill_x,2007,17.724
esp,sex_t,ocu_skill_x,2008,9.286
esp,sex_t,ocu_skill_x,2010,4.378
esp,sex_t,ocu_skill_x,2011,12.152
est,sex_f,ocu_isco08_1,2014,1.281
est,sex_f,ocu_isco08_1,2016,1.245
est,sex_f,ocu_isco08_1,2017,0.8
est,sex_f,ocu_isco08_1,2018,0.906
est,sex_f,ocu_isco08_1,2019,0.649
est,sex_f,ocu_isco08_1,2020,0.322
est,sex_f,ocu_isco08_1,2021,0.961
est,sex_f,ocu_isco08_1,2022,0.612
est,sex_f,ocu_isco08_2,2011,1.006
est,sex_f,ocu_isco08_2,2012,0.777
est,sex_f,ocu_isco08_2,2013,0.545
est,sex_f,ocu_isco08_2,2014,1.142
est,sex_f,ocu_isco08_2,2015,0.88
est,sex_f,ocu_isco08_2,2016,0.792
est,sex_f,ocu_isco08_2,2017,1.186
est,sex_f,ocu_isco08_2,2018,1.001
est,sex_f,ocu_isco08_2,2019,0.47
est,sex_f,ocu_isco08_2,2020,0.919
est,sex_f,ocu_isco08_2,2021,0.545
est,sex_f,ocu_isco08_2,2022,0.817
est,sex_f,ocu_isco08_3,2014,0.529
est,sex_f,ocu_isco08_3,2015,0.871
est,sex_f,ocu_isco08_3,2016,0.593
est,sex_f,ocu_isco08_3,2020,0.961
est,sex_f,ocu_isco08_3,2021,0.576
est,sex_f,ocu_isco08_3,2023,0.608
est,sex_f,ocu_isco08_4,2012,0.835
est,sex_f,ocu_isco08_4,2015,0.472
est,sex_f,ocu_isco08_5,2011,2.865
est,sex_f,ocu_isco08_5,2012,2.954
est,sex_f,ocu_isco08_5,2013,2.269
est,sex_f,ocu_isco08_5,2014,3.644
est,sex_f,ocu_isco08_5,2015,3.868
est,sex_f,ocu_isco08_5,2016,3.743
est,sex_f,ocu_isco08_5,2017,3.107
est,sex_f,ocu_isco08_5,2018,2.723
est,sex_f,ocu_isco08_5,2019,3.996
est,sex_f,ocu_isco08_5,2020,3.872
est,sex_f,ocu_isco08_5,2021,4.466
est,sex_f,ocu_isco08_5,2022,5.056
est,sex_f,ocu_isco08_5,2023,4.258
est,sex_f,ocu_isco08_6,2011,0.458
est,sex_f,ocu_isco08_6,2012,0.364
est,sex_f,ocu_isco08_6,2016,0.397
est,sex_f,ocu_isco08_6,2017,0.293
est,sex_f,ocu_isco08_6,2020,0.215
est,sex_f,ocu_isco08_7,2011,0
est,sex_f,ocu_isco08_7,2019,0
est,sex_f,ocu_isco08_9,2011,0.326
est,sex_f,ocu_isco08_9,2012,0.287
est,sex_f,ocu_isco08_9,2013,0.568
est,sex_f,ocu_isco08_9,2014,0.177
est,sex_f,ocu_isco08_9,2015,0.719
est,sex_f,ocu_isco08_9,2019,0.623
est,sex_f,ocu_isco08_total,2011,6.263
est,sex_f,ocu_isco08_total,2012,6.642
est,sex_f,ocu_isco08_total,2013,4.802
est,sex_f,ocu_isco08_total,2014,7.222
est,sex_f,ocu_isco08_total,2015,8.032
est,sex_f,ocu_isco08_total,2016,7.876
est,sex_f,ocu_isco08_total,2017,6.282
est,sex_f,ocu_isco08_total,2018,5.481
est,sex_f,ocu_isco08_total,2019,6.454
est,sex_f,ocu_isco08_total,2020,6.803
est,sex_f,ocu_isco08_total,2021,7.504
est,sex_f,ocu_isco08_total,2022,8.123
est,sex_f,ocu_isco08_total,2023,6.027
est,sex_f,ocu_isco08_x,2021,0.448
est,sex_f,ocu_isco88_1,2007,0.606
est,sex_f,ocu_isco88_3,2007,0.589
est,sex_f,ocu_isco88_5,2007,2.151
est,sex_f,ocu_isco88_5,2008,0.731
est,sex_f,ocu_isco88_5,2009,0.594
est,sex_f,ocu_isco88_5,2010,1.075
est,sex_f,ocu_isco88_6,2007,0.876
est,sex_f,ocu_isco88_6,2008,0.265
est,sex_f,ocu_isco88_6,2009,0.386
est,sex_f,ocu_isco88_6,2010,0.342
est,sex_f,ocu_isco88_7,2007,0.298
est,sex_f,ocu_isco88_9,2007,1.22
est,sex_f,ocu_isco88_9,2008,0.53
est,sex_f,ocu_isco88_9,2009,0.32
est,sex_f,ocu_isco88_total,2007,6.316
est,sex_f,ocu_isco88_total,2008,3.207
est,sex_f,ocu_isco88_total,2009,2.388
est,sex_f,ocu_isco88_total,2010,3.248
est,sex_f,ocu_skill_l1,2007,1.22
est,sex_f,ocu_skill_l1,2008,0.53
est,sex_f,ocu_skill_l1,2009,0.32
est,sex_f,ocu_skill_l1,2011,0.326
est,sex_f,ocu_skill_l1,2012,0.287
est,sex_f,ocu_skill_l1,2013,0.568
est,sex_f,ocu_skill_l1,2014,0.177
est,sex_f,ocu_skill_l1,2015,0.719
est,sex_f,ocu_skill_l1,2019,0.623
est,sex_f,ocu_skill_l2,2007,3.744
est,sex_f,ocu_skill_l2,2008,1.499
est,sex_f,ocu_skill_l2,2009,1.253
est,sex_f,ocu_skill_l2,2010,1.671
est,sex_f,ocu_skill_l2,2011,4.125
est,sex_f,ocu_skill_l2,2012,4.242
est,sex_f,ocu_skill_l2,2013,3.358
est,sex_f,ocu_skill_l2,2014,4.092
est,sex_f,ocu_skill_l2,2015,4.992
est,sex_f,ocu_skill_l2,2016,4.716
est,sex_f,ocu_skill_l2,2017,3.682
est,sex_f,ocu_skill_l2,2018,3.21
est,sex_f,ocu_skill_l2,2019,4.289
est,sex_f,ocu_skill_l2,2020,4.295
est,sex_f,ocu_skill_l2,2021,4.931
est,sex_f,ocu_skill_l2,2022,5.195
est,sex_f,ocu_skill_l2,2023,4.675
est,sex_f,ocu_skill_l3_4,2007,1.316
est,sex_f,ocu_skill_l3_4,2008,0.95
est,sex_f,ocu_skill_l3_4,2009,0.599
est,sex_f,ocu_skill_l3_4,2010,1.155
est,sex_f,ocu_skill_l3_4,2011,1.812
est,sex_f,ocu_skill_l3_4,2012,2.113
est,sex_f,ocu_skill_l3_4,2013,0.876
est,sex_f,ocu_skill_l3_4,2014,2.953
est,sex_f,ocu_skill_l3_4,2015,2.321
est,sex_f,ocu_skill_l3_4,2016,2.63
est,sex_f,ocu_skill_l3_4,2017,2.371
est,sex_f,ocu_skill_l3_4,2018,2.065
est,sex_f,ocu_skill_l3_4,2019,1.542
est,sex_f,ocu_skill_l3_4,2020,2.202
est,sex_f,ocu_skill_l3_4,2021,2.081
est,sex_f,ocu_skill_l3_4,2022,2.341
est,sex_f,ocu_skill_l3_4,2023,0.897
est,sex_f,ocu_skill_total,2007,6.316
est,sex_f,ocu_skill_total,2008,3.207
est,sex_f,ocu_skill_total,2009,2.388
est,sex_f,ocu_skill_total,2010,3.248
est,sex_f,ocu_skill_total,2011,6.263
est,sex_f,ocu_skill_total,2012,6.642
est,sex_f,ocu_skill_total,2013,4.802
est,sex_f,ocu_skill_total,2014,7.222
est,sex_f,ocu_skill_total,2015,8.032
est,sex_f,ocu_skill_total,2016,7.876
est,sex_f,ocu_skill_total,2017,6.282
est,sex_f,ocu_skill_total,2018,5.481
est,sex_f,ocu_skill_total,2019,6.454
est,sex_f,ocu_skill_total,2020,6.803
est,sex_f,ocu_skill_total,2021,7.504
est,sex_f,ocu_skill_total,2022,8.123
est,sex_f,ocu_skill_total,2023,6.027
est,sex_f,ocu_skill_x,2021,0.448
est,sex_f,ocu_skill_x,2022,0.586
est,sex_m,ocu_isco08_1,2011,1.234
est,sex_m,ocu_isco08_1,2012,1.668
est,sex_m,ocu_isco08_1,2013,1.174
est,sex_m,ocu_isco08_1,2014,1.94
est,sex_m,ocu_isco08_1,2015,3.336
est,sex_m,ocu_isco08_1,2016,3.5
est,sex_m,ocu_isco08_1,2017,3.392
est,sex_m,ocu_isco08_1,2018,0.599
est,sex_m,ocu_isco08_1,2019,1.414
est,sex_m,ocu_isco08_1,2020,1.138
est,sex_m,ocu_isco08_1,2021,2.153
est,sex_m,ocu_isco08_1,2022,1.568
est,sex_m,ocu_isco08_1,2023,1.044
est,sex_m,ocu_isco08_2,2015,1.029
est,sex_m,ocu_isco08_2,2016,0.735
est,sex_m,ocu_isco08_2,2017,0.326
est,sex_m,ocu_isco08_2,2019,0.62
est,sex_m,ocu_isco08_2,2020,1.629
est,sex_m,ocu_isco08_2,2021,1.771
est,sex_m,ocu_isco08_2,2022,0.788
est,sex_m,ocu_isco08_2,2023,1.275
est,sex_m,ocu_isco08_3,2012,0.726
est,sex_m,ocu_isco08_3,2014,0.755
est,sex_m,ocu_isco08_3,2015,1.162
est,sex_m,ocu_isco08_3,2017,0.654
est,sex_m,ocu_isco08_3,2019,0.738
est,sex_m,ocu_isco08_3,2020,1.851
est,sex_m,ocu_isco08_3,2021,1.065
est,sex_m,ocu_isco08_3,2022,0.759
est,sex_m,ocu_isco08_3,2023,0.883
est,sex_m,ocu_isco08_5,2011,0.699
est,sex_m,ocu_isco08_5,2013,0.518
est,sex_m,ocu_isco08_5,2017,0.715
est,sex_m,ocu_isco08_6,2011,0.986
est,sex_m,ocu_isco08_6,2012,0.402
est,sex_m,ocu_isco08_6,2013,0.902
est,sex_m,ocu_isco08_6,2014,1.167
est,sex_m,ocu_isco08_6,2015,0.992
est,sex_m,ocu_isco08_6,2016,0.594
est,sex_m,ocu_isco08_6,2017,0.74
est,sex_m,ocu_isco08_6,2019,0.708
est,sex_m,ocu_isco08_6,2020,0.721
est,sex_m,ocu_isco08_6,2021,0.558
est,sex_m,ocu_isco08_6,2022,0.435
est,sex_m,ocu_isco08_6,2023,0.422
est,sex_m,ocu_isco08_7,2011,2.762
est,sex_m,ocu_isco08_7,2012,2.162
est,sex_m,ocu_isco08_7,2013,0.776
est,sex_m,ocu_isco08_7,2014,1.513
est,sex_m,ocu_isco08_7,2015,0.998
est,sex_m,ocu_isco08_7,2016,0.683
est,sex_m,ocu_isco08_7,2017,1.138
est,sex_m,ocu_isco08_7,2019,1.891
est,sex_m,ocu_isco08_7,2020,1.514
est,sex_m,ocu_isco08_7,2021,1.4
est,sex_m,ocu_isco08_7,2022,1.692
est,sex_m,ocu_isco08_7,2023,0.932
est,sex_m,ocu_isco08_8,2011,0.71
est,sex_m,ocu_isco08_8,2012,1.045
est,sex_m,ocu_isco08_8,2013,0.366
est,sex_m,ocu_isco08_8,2014,1.018
est,sex_m,ocu_isco08_8,2015,0.409
est,sex_m,ocu_isco08_8,2016,0.866
est,sex_m,ocu_isco08_8,2017,0.624
est,sex_m,ocu_isco08_8,2019,0.934
est,sex_m,ocu_isco08_8,2023,0.71
est,sex_m,ocu_isco08_9,2011,0.504
est,sex_m,ocu_isco08_9,2012,0.887
est,sex_m,ocu_isco08_9,2013,0.779
est,sex_m,ocu_isco08_9,2015,0.994
est,sex_m,ocu_isco08_9,2016,0.53
est,sex_m,ocu_isco08_9,2019,0.527
est,sex_m,ocu_isco08_9,2020,0.85
est,sex_m,ocu_isco08_total,2011,8.082
est,sex_m,ocu_isco08_total,2012,7.852
est,sex_m,ocu_isco08_total,2013,5.431
est,sex_m,ocu_isco08_total,2014,7.321
est,sex_m,ocu_isco08_total,2015,9.213
est,sex_m,ocu_isco08_total,2016,7.958
est,sex_m,ocu_isco08_total,2017,7.747
est,sex_m,ocu_isco08_total,2018,2.275
est,sex_m,ocu_isco08_total,2019,7.244
est,sex_m,ocu_isco08_total,2020,8.56
est,sex_m,ocu_isco08_total,2021,9.259
est,sex_m,ocu_isco08_total,2022,7.13
est,sex_m,ocu_isco08_total,2023,7.126
est,sex_m,ocu_isco08_x,2020,0.357
est,sex_m,ocu_isco08_x,2021,1.013
est,sex_m,ocu_isco08_x,2023,1.327
est,sex_m,ocu_isco88_1,2007,0.555
est,sex_m,ocu_isco88_1,2008,1.384
est,sex_m,ocu_isco88_1,2010,0.719
est,sex_m,ocu_isco88_6,2007,3.173
est,sex_m,ocu_isco88_6,2008,1.05
est,sex_m,ocu_isco88_6,2009,0.859
est,sex_m,ocu_isco88_6,2010,0.963
est,sex_m,ocu_isco88_7,2007,6.38
est,sex_m,ocu_isco88_7,2008,3.306
est,sex_m,ocu_isco88_7,2009,1.553
est,sex_m,ocu_isco88_7,2010,2.483
est,sex_m,ocu_isco88_8,2007,1.754
est,sex_m,ocu_isco88_8,2008,0.609
est,sex_m,ocu_isco88_8,2009,0.709
est,sex_m,ocu_isco88_8,2010,0.713
est,sex_m,ocu_isco88_9,2007,2.394
est,sex_m,ocu_isco88_9,2008,1.544
est,sex_m,ocu_isco88_9,2009,0.777
est,sex_m,ocu_isco88_9,2010,1.412
est,sex_m,ocu_isco88_total,2007,15.342
est,sex_m,ocu_isco88_total,2008,8.601
est,sex_m,ocu_isco88_total,2009,5.415
est,sex_m,ocu_isco88_total,2010,7.147
est,sex_m,ocu_isco88_x,2009,0.553
est,sex_m,ocu_skill_l1,2007,2.394
est,sex_m,ocu_skill_l1,2008,1.544
est,sex_m,ocu_skill_l1,2009,0.777
est,sex_m,ocu_skill_l1,2010,1.412
est,sex_m,ocu_skill_l1,2011,0.504
est,sex_m,ocu_skill_l1,2012,0.887
est,sex_m,ocu_skill_l1,2013,0.779
est,sex_m,ocu_skill_l1,2015,0.994
est,sex_m,ocu_skill_l1,2016,0.53
est,sex_m,ocu_skill_l1,2019,0.527
est,sex_m,ocu_skill_l1,2020,0.85
est,sex_m,ocu_skill_l2,2007,11.577
est,sex_m,ocu_skill_l2,2008,5.12
est,sex_m,ocu_skill_l2,2009,3.334
est,sex_m,ocu_skill_l2,2010,4.759
est,sex_m,ocu_skill_l2,2011,5.193
est,sex_m,ocu_skill_l2,2012,4.151
est,sex_m,ocu_skill_l2,2013,2.563
est,sex_m,ocu_skill_l2,2014,4.006
est,sex_m,ocu_skill_l2,2015,2.64
est,sex_m,ocu_skill_l2,2016,2.505
est,sex_m,ocu_skill_l2,2017,3.304
est,sex_m,ocu_skill_l2,2018,0.906
est,sex_m,ocu_skill_l2,2019,3.881
est,sex_m,ocu_skill_l2,2020,2.736
est,sex_m,ocu_skill_l2,2021,2.899
est,sex_m,ocu_skill_l2,2022,3.298
est,sex_m,ocu_skill_l2,2023,2.221
est,sex_m,ocu_skill_l3_4,2007,1.37
est,sex_m,ocu_skill_l3_4,2008,1.886
est,sex_m,ocu_skill_l3_4,2009,0.75
est,sex_m,ocu_skill_l3_4,2010,0.976
est,sex_m,ocu_skill_l3_4,2011,2.386
est,sex_m,ocu_skill_l3_4,2012,2.815
est,sex_m,ocu_skill_l3_4,2013,2.089
est,sex_m,ocu_skill_l3_4,2014,3.014
est,sex_m,ocu_skill_l3_4,2015,5.527
est,sex_m,ocu_skill_l3_4,2016,4.705
est,sex_m,ocu_skill_l3_4,2017,4.371
est,sex_m,ocu_skill_l3_4,2018,0.765
est,sex_m,ocu_skill_l3_4,2019,2.772
est,sex_m,ocu_skill_l3_4,2020,4.617
est,sex_m,ocu_skill_l3_4,2021,4.989
est,sex_m,ocu_skill_l3_4,2022,3.115
est,sex_m,ocu_skill_l3_4,2023,3.202
est,sex_m,ocu_skill_total,2007,15.342
est,sex_m,ocu_skill_total,2008,8.601
est,sex_m,ocu_skill_total,2009,5.415
est,sex_m,ocu_skill_total,2010,7.147
est,sex_m,ocu_skill_total,2011,8.082
est,sex_m,ocu_skill_total,2012,7.852
est,sex_m,ocu_skill_total,2013,5.431
est,sex_m,ocu_skill_total,2014,7.321
est,sex_m,ocu_skill_total,2015,9.213
est,sex_m,ocu_skill_total,2016,7.958
est,sex_m,ocu_skill_total,2017,7.747
est,sex_m,ocu_skill_total,2018,2.275
est,sex_m,ocu_skill_total,2019,7.244
est,sex_m,ocu_skill_total,2020,8.56
est,sex_m,ocu_skill_total,2021,9.259
est,sex_m,ocu_skill_total,2022,7.13
est,sex_m,ocu_skill_total,2023,7.126
est,sex_m,ocu_skill_x,2009,0.553
est,sex_m,ocu_skill_x,2020,0.357
est,sex_m,ocu_skill_x,2021,1.22
est,sex_m,ocu_skill_x,2023,1.703
est,sex_t,ocu_isco08_0,2023,0.736
est,sex_t,ocu_isco08_1,2011,1.547
est,sex_t,ocu_isco08_1,2012,2.098
est,sex_t,ocu_isco08_1,2013,1.469
est,sex_t,ocu_isco08_1,2014,3.221
est,sex_t,ocu_isco08_1,2015,3.906
est,sex_t,ocu_isco08_1,2016,4.745
est,sex_t,ocu_isco08_1,2017,4.192
est,sex_t,ocu_isco08_1,2018,1.504
est,sex_t,ocu_isco08_1,2019,2.063
est,sex_t,ocu_isco08_1,2020,1.459
est,sex_t,ocu_isco08_1,2021,3.114
est,sex_t,ocu_isco08_1,2022,2.18
est,sex_t,ocu_isco08_1,2023,1.063
est,sex_t,ocu_isco08_2,2011,1.699
est,sex_t,ocu_isco08_2,2012,1.199
est,sex_t,ocu_isco08_2,2013,0.788
est,sex_t,ocu_isco08_2,2014,1.461
est,sex_t,ocu_isco08_2,2015,1.91
est,sex_t,ocu_isco08_2,2016,1.527
est,sex_t,ocu_isco08_2,2017,1.512
est,sex_t,ocu_isco08_2,2018,1.001
est,sex_t,ocu_isco08_2,2019,1.089
est,sex_t,ocu_isco08_2,2020,2.549
est,sex_t,ocu_isco08_2,2021,2.316
est,sex_t,ocu_isco08_2,2022,1.604
est,sex_t,ocu_isco08_2,2023,1.545
est,sex_t,ocu_isco08_3,2011,0.951
est,sex_t,ocu_isco08_3,2012,1.632
est,sex_t,ocu_isco08_3,2013,0.708
est,sex_t,ocu_isco08_3,2014,1.284
est,sex_t,ocu_isco08_3,2015,2.033
est,sex_t,ocu_isco08_3,2016,1.063
est,sex_t,ocu_isco08_3,2017,1.038
est,sex_t,ocu_isco08_3,2019,1.161
est,sex_t,ocu_isco08_3,2020,2.812
est,sex_t,ocu_isco08_3,2021,1.641
est,sex_t,ocu_isco08_3,2022,1.672
est,sex_t,ocu_isco08_3,2023,1.491
est,sex_t,ocu_isco08_4,2012,0.984
est,sex_t,ocu_isco08_4,2015,0.472
est,sex_t,ocu_isco08_5,2011,3.564
est,sex_t,ocu_isco08_5,2012,3.346
est,sex_t,ocu_isco08_5,2013,2.788
est,sex_t,ocu_isco08_5,2014,3.952
est,sex_t,ocu_isco08_5,2015,4.109
est,sex_t,ocu_isco08_5,2016,4.105
est,sex_t,ocu_isco08_5,2017,3.821
est,sex_t,ocu_isco08_5,2018,2.912
est,sex_t,ocu_isco08_5,2019,4.25
est,sex_t,ocu_isco08_5,2020,4.116
est,sex_t,ocu_isco08_5,2021,4.675
est,sex_t,ocu_isco08_5,2022,5.18
est,sex_t,ocu_isco08_5,2023,4.416
est,sex_t,ocu_isco08_6,2011,1.444
est,sex_t,ocu_isco08_6,2012,0.766
est,sex_t,ocu_isco08_6,2013,0.941
est,sex_t,ocu_isco08_6,2014,1.421
est,sex_t,ocu_isco08_6,2015,1.143
est,sex_t,ocu_isco08_6,2016,0.991
est,sex_t,ocu_isco08_6,2017,1.033
est,sex_t,ocu_isco08_6,2018,0.632
est,sex_t,ocu_isco08_6,2019,1
est,sex_t,ocu_isco08_6,2020,0.935
est,sex_t,ocu_isco08_6,2021,0.719
est,sex_t,ocu_isco08_6,2022,0.483
est,sex_t,ocu_isco08_6,2023,0.475
est,sex_t,ocu_isco08_7,2011,2.762
est,sex_t,ocu_isco08_7,2012,2.251
est,sex_t,ocu_isco08_7,2013,1.055
est,sex_t,ocu_isco08_7,2014,1.513
est,sex_t,ocu_isco08_7,2015,1.21
est,sex_t,ocu_isco08_7,2016,0.773
est,sex_t,ocu_isco08_7,2017,1.183
est,sex_t,ocu_isco08_7,2018,0.499
est,sex_t,ocu_isco08_7,2019,1.891
est,sex_t,ocu_isco08_7,2020,1.722
est,sex_t,ocu_isco08_7,2021,1.612
est,sex_t,ocu_isco08_7,2022,1.784
est,sex_t,ocu_isco08_7,2023,0.932
est,sex_t,ocu_isco08_8,2011,1.171
est,sex_t,ocu_isco08_8,2012,1.045
est,sex_t,ocu_isco08_8,2013,0.694
est,sex_t,ocu_isco08_8,2014,1.018
est,sex_t,ocu_isco08_8,2015,0.698
est,sex_t,ocu_isco08_8,2016,0.939
est,sex_t,ocu_isco08_8,2017,0.796
est,sex_t,ocu_isco08_8,2019,0.934
est,sex_t,ocu_isco08_8,2021,0.326
est,sex_t,ocu_isco08_8,2023,0.914
est,sex_t,ocu_isco08_9,2011,0.83
est,sex_t,ocu_isco08_9,2012,1.174
est,sex_t,ocu_isco08_9,2013,1.347
est,sex_t,ocu_isco08_9,2014,0.478
est,sex_t,ocu_isco08_9,2015,1.712
est,sex_t,ocu_isco08_9,2016,1.06
est,sex_t,ocu_isco08_9,2018,0.609
est,sex_t,ocu_isco08_9,2019,1.15
est,sex_t,ocu_isco08_9,2020,1.156
est,sex_t,ocu_isco08_total,2011,14.346
est,sex_t,ocu_isco08_total,2012,14.495
est,sex_t,ocu_isco08_total,2013,10.233
est,sex_t,ocu_isco08_total,2014,14.544
est,sex_t,ocu_isco08_total,2015,17.244
est,sex_t,ocu_isco08_total,2016,15.834
est,sex_t,ocu_isco08_total,2017,14.029
est,sex_t,ocu_isco08_total,2018,7.756
est,sex_t,ocu_isco08_total,2019,13.697
est,sex_t,ocu_isco08_total,2020,15.362
est,sex_t,ocu_isco08_total,2021,16.762
est,sex_t,ocu_isco08_total,2022,15.253
est,sex_t,ocu_isco08_total,2023,13.154
est,sex_t,ocu_isco08_x,2020,0.357
est,sex_t,ocu_isco08_x,2021,1.46
est,sex_t,ocu_isco08_x,2022,0.838
est,sex_t,ocu_isco08_x,2023,1.375
est,sex_t,ocu_isco88_1,2007,1.162
est,sex_t,ocu_isco88_1,2008,1.792
est,sex_t,ocu_isco88_1,2009,0.703
est,sex_t,ocu_isco88_1,2010,1.25
est,sex_t,ocu_isco88_2,2008,0.777
est,sex_t,ocu_isco88_3,2007,1.317
est,sex_t,ocu_isco88_3,2009,0.59
est,sex_t,ocu_isco88_3,2010,0.632
est,sex_t,ocu_isco88_5,2007,2.341
est,sex_t,ocu_isco88_5,2008,0.884
est,sex_t,ocu_isco88_5,2009,0.773
est,sex_t,ocu_isco88_5,2010,1.324
est,sex_t,ocu_isco88_6,2007,4.049
est,sex_t,ocu_isco88_6,2008,1.315
est,sex_t,ocu_isco88_6,2009,1.245
est,sex_t,ocu_isco88_6,2010,1.304
est,sex_t,ocu_isco88_7,2007,6.678
est,sex_t,ocu_isco88_7,2008,3.561
est,sex_t,ocu_isco88_7,2009,1.705
est,sex_t,ocu_isco88_7,2010,2.707
est,sex_t,ocu_isco88_8,2007,2.082
est,sex_t,ocu_isco88_8,2008,0.705
est,sex_t,ocu_isco88_8,2009,0.709
est,sex_t,ocu_isco88_8,2010,0.713
est,sex_t,ocu_isco88_9,2007,3.614
est,sex_t,ocu_isco88_9,2008,2.074
est,sex_t,ocu_isco88_9,2009,1.098
est,sex_t,ocu_isco88_9,2010,1.742
est,sex_t,ocu_isco88_total,2007,21.657
est,sex_t,ocu_isco88_total,2008,11.808
est,sex_t,ocu_isco88_total,2009,7.802
est,sex_t,ocu_isco88_total,2010,10.395
est,sex_t,ocu_isco88_x,2009,0.769
est,sex_t,ocu_skill_l1,2007,3.614
est,sex_t,ocu_skill_l1,2008,2.074
est,sex_t,ocu_skill_l1,2009,1.098
est,sex_t,ocu_skill_l1,2010,1.742
est,sex_t,ocu_skill_l1,2011,0.83
est,sex_t,ocu_skill_l1,2012,1.174
est,sex_t,ocu_skill_l1,2013,1.347
est,sex_t,ocu_skill_l1,2014,0.478
est,sex_t,ocu_skill_l1,2015,1.712
est,sex_t,ocu_skill_l1,2016,1.06
est,sex_t,ocu_skill_l1,2018,0.609
est,sex_t,ocu_skill_l1,2019,1.15
est,sex_t,ocu_skill_l1,2020,1.156
est,sex_t,ocu_skill_l2,2007,15.321
est,sex_t,ocu_skill_l2,2008,6.619
est,sex_t,ocu_skill_l2,2009,4.587
est,sex_t,ocu_skill_l2,2010,6.431
est,sex_t,ocu_skill_l2,2011,9.318
est,sex_t,ocu_skill_l2,2012,8.393
est,sex_t,ocu_skill_l2,2013,5.921
est,sex_t,ocu_skill_l2,2014,8.098
est,sex_t,ocu_skill_l2,2015,7.632
est,sex_t,ocu_skill_l2,2016,7.221
est,sex_t,ocu_skill_l2,2017,6.986
est,sex_t,ocu_skill_l2,2018,4.116
est,sex_t,ocu_skill_l2,2019,8.17
est,sex_t,ocu_skill_l2,2020,7.03
est,sex_t,ocu_skill_l2,2021,7.83
est,sex_t,ocu_skill_l2,2022,8.493
est,sex_t,ocu_skill_l2,2023,6.896
est,sex_t,ocu_skill_l3_4,2007,2.686
est,sex_t,ocu_skill_l3_4,2008,2.835
est,sex_t,ocu_skill_l3_4,2009,1.348
est,sex_t,ocu_skill_l3_4,2010,2.13
est,sex_t,ocu_skill_l3_4,2011,4.197
est,sex_t,ocu_skill_l3_4,2012,4.928
est,sex_t,ocu_skill_l3_4,2013,2.965
est,sex_t,ocu_skill_l3_4,2014,5.967
est,sex_t,ocu_skill_l3_4,2015,7.849
est,sex_t,ocu_skill_l3_4,2016,7.335
est,sex_t,ocu_skill_l3_4,2017,6.742
est,sex_t,ocu_skill_l3_4,2018,2.83
est,sex_t,ocu_skill_l3_4,2019,4.313
est,sex_t,ocu_skill_l3_4,2020,6.819
est,sex_t,ocu_skill_l3_4,2021,7.07
est,sex_t,ocu_skill_l3_4,2022,5.456
est,sex_t,ocu_skill_l3_4,2023,4.099
est,sex_t,ocu_skill_total,2007,21.657
est,sex_t,ocu_skill_total,2008,11.808
est,sex_t,ocu_skill_total,2009,7.802
est,sex_t,ocu_skill_total,2010,10.395
est,sex_t,ocu_skill_total,2011,14.346
est,sex_t,ocu_skill_total,2012,14.495
est,sex_t,ocu_skill_total,2013,10.233
est,sex_t,ocu_skill_total,2014,14.544
est,sex_t,ocu_skill_total,2015,17.244
est,sex_t,ocu_skill_total,2016,15.834
est,sex_t,ocu_skill_total,2017,14.029
est,sex_t,ocu_skill_total,2018,7.756
est,sex_t,ocu_skill_total,2019,13.697
est,sex_t,ocu_skill_total,2020,15.362
est,sex_t,ocu_skill_total,2021,16.762
est,sex_t,ocu_skill_total,2022,15.253
est,sex_t,ocu_skill_total,2023,13.154
est,sex_t,ocu_skill_x,2009,0.769
est,sex_t,ocu_skill_x,2020,0.357
est,sex_t,ocu_skill_x,2021,1.667
est,sex_t,ocu_skill_x,2022,1.166
est,sex_t,ocu_skill_x,2023,2.111
eth,sex_f,ocu_isco08_0,2021,1.814
eth,sex_f,ocu_isco08_1,2021,12.076
eth,sex_f,ocu_isco08_2,2021,17.013
eth,sex_f,ocu_isco08_3,2021,15.232
eth,sex_f,ocu_isco08_4,2021,15.45
eth,sex_f,ocu_isco08_5,2021,2109.047
eth,sex_f,ocu_isco08_6,2021,6303.685
eth,sex_f,ocu_isco08_7,2021,429.092
eth,sex_f,ocu_isco08_8,2021,20.844
eth,sex_f,ocu_isco08_9,2021,4724.968
eth,sex_f,ocu_isco08_total,2021,13665.495
eth,sex_f,ocu_isco08_x,2021,16.273
eth,sex_f,ocu_skill_l1,2021,4724.968
eth,sex_f,ocu_skill_l2,2021,8878.119
eth,sex_f,ocu_skill_l3_4,2021,44.321
eth,sex_f,ocu_skill_total,2021,13665.495
eth,sex_f,ocu_skill_x,2021,18.087
eth,sex_m,ocu_isco08_0,2021,6.049
eth,sex_m,ocu_isco08_1,2021,23.033
eth,sex_m,ocu_isco08_2,2021,43.398
eth,sex_m,ocu_isco08_3,2021,46.455
eth,sex_m,ocu_isco08_4,2021,14.002
eth,sex_m,ocu_isco08_5,2021,1129.751
eth,sex_m,ocu_isco08_6,2021,12029.602
eth,sex_m,ocu_isco08_7,2021,432.616
eth,sex_m,ocu_isco08_8,2021,362.563
eth,sex_m,ocu_isco08_9,2021,3785.634
eth,sex_m,ocu_isco08_total,2021,17900.959
eth,sex_m,ocu_isco08_x,2021,27.855
eth,sex_m,ocu_skill_l1,2021,3785.634
eth,sex_m,ocu_skill_l2,2021,13968.535
eth,sex_m,ocu_skill_l3_4,2021,112.886
eth,sex_m,ocu_skill_total,2021,17900.959
eth,sex_m,ocu_skill_x,2021,33.904
eth,sex_t,ocu_isco08_0,2021,7.864
eth,sex_t,ocu_isco08_1,2021,35.108
eth,sex_t,ocu_isco08_2,2021,60.411
eth,sex_t,ocu_isco08_3,2021,61.687
eth,sex_t,ocu_isco08_4,2021,29.452
eth,sex_t,ocu_isco08_5,2021,3238.798
eth,sex_t,ocu_isco08_6,2021,18333.287
eth,sex_t,ocu_isco08_7,2021,861.708
eth,sex_t,ocu_isco08_8,2021,383.407
eth,sex_t,ocu_isco08_9,2021,8510.602
eth,sex_t,ocu_isco08_total,2021,31566.454
eth,sex_t,ocu_isco08_x,2021,44.128
eth,sex_t,ocu_skill_l1,2021,8510.602
eth,sex_t,ocu_skill_l2,2021,22846.654
eth,sex_t,ocu_skill_l3_4,2021,157.207
eth,sex_t,ocu_skill_total,2021,31566.454
eth,sex_t,ocu_skill_x,2021,51.992
fin,sex_f,ocu_isco08_1,2011,1.175
fin,sex_f,ocu_isco08_2,2011,2.045
fin,sex_f,ocu_isco08_2,2012,1.495
fin,sex_f,ocu_isco08_2,2014,1.441
fin,sex_f,ocu_isco08_2,2016,1.955
fin,sex_f,ocu_isco08_2,2018,1.84
fin,sex_f,ocu_isco08_2,2019,2.024
fin,sex_f,ocu_isco08_2,2020,0.841
fin,sex_f,ocu_isco08_2,2022,3.586
fin,sex_f,ocu_isco08_2,2023,4.15
fin,sex_f,ocu_isco08_3,2011,1.019
fin,sex_f,ocu_isco08_3,2012,0.513
fin,sex_f,ocu_isco08_3,2013,1.297
fin,sex_f,ocu_isco08_3,2014,1.861
fin,sex_f,ocu_isco08_3,2015,1.755
fin,sex_f,ocu_isco08_3,2016,1.213
fin,sex_f,ocu_isco08_3,2017,1.955
fin,sex_f,ocu_isco08_3,2019,0.771
fin,sex_f,ocu_isco08_3,2021,1.463
fin,sex_f,ocu_isco08_3,2022,2.752
fin,sex_f,ocu_isco08_4,2011,0.872
fin,sex_f,ocu_isco08_4,2012,0.598
fin,sex_f,ocu_isco08_4,2013,1.155
fin,sex_f,ocu_isco08_4,2014,1.148
fin,sex_f,ocu_isco08_4,2015,0.912
fin,sex_f,ocu_isco08_4,2016,0.852
fin,sex_f,ocu_isco08_4,2018,1.174
fin,sex_f,ocu_isco08_4,2019,2.233
fin,sex_f,ocu_isco08_4,2020,0.893
fin,sex_f,ocu_isco08_4,2021,1.486
fin,sex_f,ocu_isco08_5,2011,13.734
fin,sex_f,ocu_isco08_5,2012,19.936
fin,sex_f,ocu_isco08_5,2013,20.779
fin,sex_f,ocu_isco08_5,2014,20.614
fin,sex_f,ocu_isco08_5,2015,18.968
fin,sex_f,ocu_isco08_5,2016,19.486
fin,sex_f,ocu_isco08_5,2017,20.435
fin,sex_f,ocu_isco08_5,2018,21.097
fin,sex_f,ocu_isco08_5,2019,17.147
fin,sex_f,ocu_isco08_5,2020,17.827
fin,sex_f,ocu_isco08_5,2021,13.095
fin,sex_f,ocu_isco08_5,2022,15.461
fin,sex_f,ocu_isco08_5,2023,17.565
fin,sex_f,ocu_isco08_6,2011,1.863
fin,sex_f,ocu_isco08_6,2012,2.172
fin,sex_f,ocu_isco08_6,2013,1.37
fin,sex_f,ocu_isco08_6,2014,2.548
fin,sex_f,ocu_isco08_6,2015,2.122
fin,sex_f,ocu_isco08_6,2016,2.542
fin,sex_f,ocu_isco08_6,2017,1.577
fin,sex_f,ocu_isco08_6,2018,1.219
fin,sex_f,ocu_isco08_6,2019,2.144
fin,sex_f,ocu_isco08_6,2020,2.922
fin,sex_f,ocu_isco08_6,2021,1.016
fin,sex_f,ocu_isco08_6,2022,1.539
fin,sex_f,ocu_isco08_6,2023,1.263
fin,sex_f,ocu_isco08_7,2013,0.475
fin,sex_f,ocu_isco08_7,2014,0.949
fin,sex_f,ocu_isco08_7,2015,0.61
fin,sex_f,ocu_isco08_8,2021,0.451
fin,sex_f,ocu_isco08_8,2022,0.293
fin,sex_f,ocu_isco08_9,2011,1.367
fin,sex_f,ocu_isco08_9,2012,0.461
fin,sex_f,ocu_isco08_9,2013,0.583
fin,sex_f,ocu_isco08_9,2015,1.032
fin,sex_f,ocu_isco08_9,2016,1.208
fin,sex_f,ocu_isco08_9,2017,0.73
fin,sex_f,ocu_isco08_9,2020,0.805
fin,sex_f,ocu_isco08_9,2022,1.474
fin,sex_f,ocu_isco08_total,2011,22.771
fin,sex_f,ocu_isco08_total,2012,26.208
fin,sex_f,ocu_isco08_total,2013,26.166
fin,sex_f,ocu_isco08_total,2014,29.228
fin,sex_f,ocu_isco08_total,2015,27.02
fin,sex_f,ocu_isco08_total,2016,28.891
fin,sex_f,ocu_isco08_total,2017,26.671
fin,sex_f,ocu_isco08_total,2018,27.554
fin,sex_f,ocu_isco08_total,2019,26.204
fin,sex_f,ocu_isco08_total,2020,25.92
fin,sex_f,ocu_isco08_total,2021,20.098
fin,sex_f,ocu_isco08_total,2022,25.911
fin,sex_f,ocu_isco08_total,2023,25.885
fin,sex_f,ocu_isco88_1,2007,3.095
fin,sex_f,ocu_isco88_1,2008,1.328
fin,sex_f,ocu_isco88_1,2009,3.293
fin,sex_f,ocu_isco88_1,2010,3.369
fin,sex_f,ocu_isco88_2,2007,1.546
fin,sex_f,ocu_isco88_2,2009,2.042
fin,sex_f,ocu_isco88_2,2010,2.083
fin,sex_f,ocu_isco88_3,2007,3.589
fin,sex_f,ocu_isco88_3,2008,2.215
fin,sex_f,ocu_isco88_3,2009,1.942
fin,sex_f,ocu_isco88_3,2010,3.107
fin,sex_f,ocu_isco88_4,2007,0.607
fin,sex_f,ocu_isco88_4,2008,0.816
fin,sex_f,ocu_isco88_4,2009,1.456
fin,sex_f,ocu_isco88_4,2010,0.452
fin,sex_f,ocu_isco88_5,2007,4.314
fin,sex_f,ocu_isco88_5,2008,6.149
fin,sex_f,ocu_isco88_5,2009,3.435
fin,sex_f,ocu_isco88_5,2010,0.759
fin,sex_f,ocu_isco88_6,2007,3.838
fin,sex_f,ocu_isco88_6,2008,1.51
fin,sex_f,ocu_isco88_6,2009,1.943
fin,sex_f,ocu_isco88_6,2010,2.261
fin,sex_f,ocu_isco88_7,2007,0.537
fin,sex_f,ocu_isco88_7,2008,0.775
fin,sex_f,ocu_isco88_7,2009,1.497
fin,sex_f,ocu_isco88_7,2010,0.531
fin,sex_f,ocu_isco88_9,2007,1.148
fin,sex_f,ocu_isco88_9,2008,1.056
fin,sex_f,ocu_isco88_total,2007,19.085
fin,sex_f,ocu_isco88_total,2008,14.72
fin,sex_f,ocu_isco88_total,2009,15.983
fin,sex_f,ocu_isco88_total,2010,12.638
fin,sex_f,ocu_skill_l1,2007,1.148
fin,sex_f,ocu_skill_l1,2008,1.056
fin,sex_f,ocu_skill_l1,2011,1.367
fin,sex_f,ocu_skill_l1,2012,0.461
fin,sex_f,ocu_skill_l1,2013,0.583
fin,sex_f,ocu_skill_l1,2015,1.032
fin,sex_f,ocu_skill_l1,2016,1.208
fin,sex_f,ocu_skill_l1,2017,0.73
fin,sex_f,ocu_skill_l1,2020,0.805
fin,sex_f,ocu_skill_l1,2022,1.474
fin,sex_f,ocu_skill_l2,2007,9.708
fin,sex_f,ocu_skill_l2,2008,9.508
fin,sex_f,ocu_skill_l2,2009,8.642
fin,sex_f,ocu_skill_l2,2010,4.003
fin,sex_f,ocu_skill_l2,2011,17.165
fin,sex_f,ocu_skill_l2,2012,23.465
fin,sex_f,ocu_skill_l2,2013,23.875
fin,sex_f,ocu_skill_l2,2014,25.351
fin,sex_f,ocu_skill_l2,2015,23.317
fin,sex_f,ocu_skill_l2,2016,24.066
fin,sex_f,ocu_skill_l2,2017,23.118
fin,sex_f,ocu_skill_l2,2018,24.148
fin,sex_f,ocu_skill_l2,2019,22.333
fin,sex_f,ocu_skill_l2,2020,23.352
fin,sex_f,ocu_skill_l2,2021,16.793
fin,sex_f,ocu_skill_l2,2022,18.099
fin,sex_f,ocu_skill_l2,2023,20.045
fin,sex_f,ocu_skill_l3_4,2007,8.229
fin,sex_f,ocu_skill_l3_4,2008,4.157
fin,sex_f,ocu_skill_l3_4,2009,7.277
fin,sex_f,ocu_skill_l3_4,2010,8.558
fin,sex_f,ocu_skill_l3_4,2011,4.239
fin,sex_f,ocu_skill_l3_4,2012,2.283
fin,sex_f,ocu_skill_l3_4,2013,1.708
fin,sex_f,ocu_skill_l3_4,2014,3.302
fin,sex_f,ocu_skill_l3_4,2015,2.671
fin,sex_f,ocu_skill_l3_4,2016,3.168
fin,sex_f,ocu_skill_l3_4,2017,2.823
fin,sex_f,ocu_skill_l3_4,2018,3.06
fin,sex_f,ocu_skill_l3_4,2019,2.795
fin,sex_f,ocu_skill_l3_4,2020,1.762
fin,sex_f,ocu_skill_l3_4,2021,2.048
fin,sex_f,ocu_skill_l3_4,2022,6.338
fin,sex_f,ocu_skill_l3_4,2023,5.075
fin,sex_f,ocu_skill_total,2007,19.085
fin,sex_f,ocu_skill_total,2008,14.72
fin,sex_f,ocu_skill_total,2009,15.983
fin,sex_f,ocu_skill_total,2010,12.638
fin,sex_f,ocu_skill_total,2011,22.771
fin,sex_f,ocu_skill_total,2012,26.208
fin,sex_f,ocu_skill_total,2013,26.166
fin,sex_f,ocu_skill_total,2014,29.228
fin,sex_f,ocu_skill_total,2015,27.02
fin,sex_f,ocu_skill_total,2016,28.891
fin,sex_f,ocu_skill_total,2017,26.671
fin,sex_f,ocu_skill_total,2018,27.554
fin,sex_f,ocu_skill_total,2019,26.204
fin,sex_f,ocu_skill_total,2020,25.92
fin,sex_f,ocu_skill_total,2021,20.098
fin,sex_f,ocu_skill_total,2022,25.911
fin,sex_f,ocu_skill_total,2023,25.885
fin,sex_m,ocu_isco08_1,2011,2.924
fin,sex_m,ocu_isco08_2,2011,3.072
fin,sex_m,ocu_isco08_2,2012,3.647
fin,sex_m,ocu_isco08_2,2013,3.287
fin,sex_m,ocu_isco08_2,2014,1.07
fin,sex_m,ocu_isco08_2,2015,2.06
fin,sex_m,ocu_isco08_2,2016,1.788
fin,sex_m,ocu_isco08_2,2017,4.308
fin,sex_m,ocu_isco08_2,2018,3.658
fin,sex_m,ocu_isco08_2,2019,3.542
fin,sex_m,ocu_isco08_2,2020,2.024
fin,sex_m,ocu_isco08_2,2021,1.129
fin,sex_m,ocu_isco08_2,2022,4.352
fin,sex_m,ocu_isco08_2,2023,5.541
fin,sex_m,ocu_isco08_3,2011,1.588
fin,sex_m,ocu_isco08_3,2012,4.682
fin,sex_m,ocu_isco08_3,2013,5.231
fin,sex_m,ocu_isco08_3,2014,3.719
fin,sex_m,ocu_isco08_3,2015,3.656
fin,sex_m,ocu_isco08_3,2016,2.297
fin,sex_m,ocu_isco08_3,2017,1.864
fin,sex_m,ocu_isco08_3,2018,1.687
fin,sex_m,ocu_isco08_3,2019,1.422
fin,sex_m,ocu_isco08_3,2020,1.714
fin,sex_m,ocu_isco08_3,2021,0.958
fin,sex_m,ocu_isco08_3,2022,2.557
fin,sex_m,ocu_isco08_3,2023,1.824
fin,sex_m,ocu_isco08_5,2011,2.167
fin,sex_m,ocu_isco08_5,2012,2.473
fin,sex_m,ocu_isco08_5,2013,4.161
fin,sex_m,ocu_isco08_5,2014,5.3
fin,sex_m,ocu_isco08_5,2015,6.816
fin,sex_m,ocu_isco08_5,2016,4.025
fin,sex_m,ocu_isco08_5,2017,4.273
fin,sex_m,ocu_isco08_5,2018,3.257
fin,sex_m,ocu_isco08_5,2019,4.057
fin,sex_m,ocu_isco08_5,2020,5.255
fin,sex_m,ocu_isco08_5,2021,4.431
fin,sex_m,ocu_isco08_5,2022,2.097
fin,sex_m,ocu_isco08_5,2023,3.534
fin,sex_m,ocu_isco08_6,2011,4.967
fin,sex_m,ocu_isco08_6,2012,3.762
fin,sex_m,ocu_isco08_6,2013,5.084
fin,sex_m,ocu_isco08_6,2014,2.255
fin,sex_m,ocu_isco08_6,2015,2.178
fin,sex_m,ocu_isco08_6,2016,3.398
fin,sex_m,ocu_isco08_6,2017,2.002
fin,sex_m,ocu_isco08_6,2018,2.211
fin,sex_m,ocu_isco08_6,2019,1.791
fin,sex_m,ocu_isco08_6,2020,5.074
fin,sex_m,ocu_isco08_6,2021,1.689
fin,sex_m,ocu_isco08_6,2022,3.011
fin,sex_m,ocu_isco08_6,2023,1.984
fin,sex_m,ocu_isco08_7,2011,5.11
fin,sex_m,ocu_isco08_7,2012,4.8
fin,sex_m,ocu_isco08_7,2013,2.648
fin,sex_m,ocu_isco08_7,2014,1.708
fin,sex_m,ocu_isco08_7,2015,3.372
fin,sex_m,ocu_isco08_7,2016,3.819
fin,sex_m,ocu_isco08_7,2017,2.725
fin,sex_m,ocu_isco08_7,2018,4.569
fin,sex_m,ocu_isco08_7,2019,2.274
fin,sex_m,ocu_isco08_7,2020,2.192
fin,sex_m,ocu_isco08_7,2021,4.952
fin,sex_m,ocu_isco08_7,2022,5.152
fin,sex_m,ocu_isco08_7,2023,5.686
fin,sex_m,ocu_isco08_8,2011,1.71
fin,sex_m,ocu_isco08_8,2012,0.244
fin,sex_m,ocu_isco08_8,2013,0.355
fin,sex_m,ocu_isco08_8,2014,0.609
fin,sex_m,ocu_isco08_8,2015,1.124
fin,sex_m,ocu_isco08_8,2016,0.364
fin,sex_m,ocu_isco08_8,2017,1.628
fin,sex_m,ocu_isco08_8,2018,2.581
fin,sex_m,ocu_isco08_8,2019,1.522
fin,sex_m,ocu_isco08_8,2020,0.931
fin,sex_m,ocu_isco08_8,2021,2.589
fin,sex_m,ocu_isco08_8,2022,1.401
fin,sex_m,ocu_isco08_8,2023,1.991
fin,sex_m,ocu_isco08_9,2011,1.651
fin,sex_m,ocu_isco08_9,2012,0.772
fin,sex_m,ocu_isco08_9,2013,2.267
fin,sex_m,ocu_isco08_9,2014,1.319
fin,sex_m,ocu_isco08_9,2015,0.974
fin,sex_m,ocu_isco08_9,2017,1.359
fin,sex_m,ocu_isco08_9,2018,0.469
fin,sex_m,ocu_isco08_9,2019,0.763
fin,sex_m,ocu_isco08_9,2021,1.671
fin,sex_m,ocu_isco08_9,2023,2.367
fin,sex_m,ocu_isco08_total,2011,24.132
fin,sex_m,ocu_isco08_total,2012,21.322
fin,sex_m,ocu_isco08_total,2013,23.58
fin,sex_m,ocu_isco08_total,2014,16.219
fin,sex_m,ocu_isco08_total,2015,20.372
fin,sex_m,ocu_isco08_total,2016,17.124
fin,sex_m,ocu_isco08_total,2017,18.238
fin,sex_m,ocu_isco08_total,2018,18.46
fin,sex_m,ocu_isco08_total,2019,15.37
fin,sex_m,ocu_isco08_total,2020,17.762
fin,sex_m,ocu_isco08_total,2021,18.078
fin,sex_m,ocu_isco08_total,2022,19.805
fin,sex_m,ocu_isco08_total,2023,23.724
fin,sex_m,ocu_isco88_1,2007,6.59
fin,sex_m,ocu_isco88_1,2008,7.507
fin,sex_m,ocu_isco88_1,2009,5.435
fin,sex_m,ocu_isco88_1,2010,7.33
fin,sex_m,ocu_isco88_2,2007,2.123
fin,sex_m,ocu_isco88_2,2008,1.473
fin,sex_m,ocu_isco88_2,2009,3.004
fin,sex_m,ocu_isco88_2,2010,1.518
fin,sex_m,ocu_isco88_3,2007,0.924
fin,sex_m,ocu_isco88_3,2008,4.32
fin,sex_m,ocu_isco88_3,2009,3.559
fin,sex_m,ocu_isco88_3,2010,2.172
fin,sex_m,ocu_isco88_5,2008,1.817
fin,sex_m,ocu_isco88_5,2010,1.349
fin,sex_m,ocu_isco88_6,2007,4.65
fin,sex_m,ocu_isco88_6,2008,4.291
fin,sex_m,ocu_isco88_6,2009,3.037
fin,sex_m,ocu_isco88_6,2010,2.824
fin,sex_m,ocu_isco88_7,2007,3.425
fin,sex_m,ocu_isco88_7,2008,3.628
fin,sex_m,ocu_isco88_7,2009,5.786
fin,sex_m,ocu_isco88_7,2010,2.654
fin,sex_m,ocu_isco88_8,2007,0.717
fin,sex_m,ocu_isco88_8,2009,1.829
fin,sex_m,ocu_isco88_9,2007,1.645
fin,sex_m,ocu_isco88_9,2008,2.327
fin,sex_m,ocu_isco88_9,2009,0.961
fin,sex_m,ocu_isco88_total,2007,21.321
fin,sex_m,ocu_isco88_total,2008,26.424
fin,sex_m,ocu_isco88_total,2009,25.244
fin,sex_m,ocu_isco88_total,2010,18.574
fin,sex_m,ocu_skill_l1,2007,1.645
fin,sex_m,ocu_skill_l1,2008,2.327
fin,sex_m,ocu_skill_l1,2009,0.961
fin,sex_m,ocu_skill_l1,2011,1.651
fin,sex_m,ocu_skill_l1,2012,0.772
fin,sex_m,ocu_skill_l1,2013,2.267
fin,sex_m,ocu_skill_l1,2014,1.319
fin,sex_m,ocu_skill_l1,2015,0.974
fin,sex_m,ocu_skill_l1,2017,1.359
fin,sex_m,ocu_skill_l1,2018,0.469
fin,sex_m,ocu_skill_l1,2019,0.763
fin,sex_m,ocu_skill_l1,2021,1.671
fin,sex_m,ocu_skill_l1,2023,2.367
fin,sex_m,ocu_skill_l2,2007,10.04
fin,sex_m,ocu_skill_l2,2008,10.796
fin,sex_m,ocu_skill_l2,2009,12.285
fin,sex_m,ocu_skill_l2,2010,7.495
fin,sex_m,ocu_skill_l2,2011,14.897
fin,sex_m,ocu_skill_l2,2012,11.691
fin,sex_m,ocu_skill_l2,2013,12.248
fin,sex_m,ocu_skill_l2,2014,10.111
fin,sex_m,ocu_skill_l2,2015,13.49
fin,sex_m,ocu_skill_l2,2016,12.643
fin,sex_m,ocu_skill_l2,2017,10.627
fin,sex_m,ocu_skill_l2,2018,12.646
fin,sex_m,ocu_skill_l2,2019,9.643
fin,sex_m,ocu_skill_l2,2020,13.647
fin,sex_m,ocu_skill_l2,2021,14.035
fin,sex_m,ocu_skill_l2,2022,11.661
fin,sex_m,ocu_skill_l2,2023,13.231
fin,sex_m,ocu_skill_l3_4,2007,9.636
fin,sex_m,ocu_skill_l3_4,2008,13.301
fin,sex_m,ocu_skill_l3_4,2009,11.998
fin,sex_m,ocu_skill_l3_4,2010,11.02
fin,sex_m,ocu_skill_l3_4,2011,7.584
fin,sex_m,ocu_skill_l3_4,2012,8.859
fin,sex_m,ocu_skill_l3_4,2013,9.066
fin,sex_m,ocu_skill_l3_4,2014,4.789
fin,sex_m,ocu_skill_l3_4,2015,5.908
fin,sex_m,ocu_skill_l3_4,2016,4.401
fin,sex_m,ocu_skill_l3_4,2017,6.252
fin,sex_m,ocu_skill_l3_4,2018,5.345
fin,sex_m,ocu_skill_l3_4,2019,4.964
fin,sex_m,ocu_skill_l3_4,2020,3.738
fin,sex_m,ocu_skill_l3_4,2021,2.372
fin,sex_m,ocu_skill_l3_4,2022,7.496
fin,sex_m,ocu_skill_l3_4,2023,8.127
fin,sex_m,ocu_skill_total,2007,21.321
fin,sex_m,ocu_skill_total,2008,26.424
fin,sex_m,ocu_skill_total,2009,25.244
fin,sex_m,ocu_skill_total,2010,18.574
fin,sex_m,ocu_skill_total,2011,24.132
fin,sex_m,ocu_skill_total,2012,21.322
fin,sex_m,ocu_skill_total,2013,23.58
fin,sex_m,ocu_skill_total,2014,16.219
fin,sex_m,ocu_skill_total,2015,20.372
fin,sex_m,ocu_skill_total,2016,17.124
fin,sex_m,ocu_skill_total,2017,18.238
fin,sex_m,ocu_skill_total,2018,18.46
fin,sex_m,ocu_skill_total,2019,15.37
fin,sex_m,ocu_skill_total,2020,17.762
fin,sex_m,ocu_skill_total,2021,18.078
fin,sex_m,ocu_skill_total,2022,19.805
fin,sex_m,ocu_skill_total,2023,23.724
fin,sex_t,ocu_isco08_1,2011,4.099
fin,sex_t,ocu_isco08_1,2012,0.804
fin,sex_t,ocu_isco08_1,2023,1.079
fin,sex_t,ocu_isco08_2,2011,5.117
fin,sex_t,ocu_isco08_2,2012,5.142
fin,sex_t,ocu_isco08_2,2013,3.699
fin,sex_t,ocu_isco08_2,2014,2.511
fin,sex_t,ocu_isco08_2,2015,2.976
fin,sex_t,ocu_isco08_2,2016,3.744
fin,sex_t,ocu_isco08_2,2017,5.176
fin,sex_t,ocu_isco08_2,2018,5.499
fin,sex_t,ocu_isco08_2,2019,5.566
fin,sex_t,ocu_isco08_2,2020,2.865
fin,sex_t,ocu_isco08_2,2021,1.524
fin,sex_t,ocu_isco08_2,2022,7.938
fin,sex_t,ocu_isco08_2,2023,9.691
fin,sex_t,ocu_isco08_3,2011,2.607
fin,sex_t,ocu_isco08_3,2012,5.195
fin,sex_t,ocu_isco08_3,2013,6.528
fin,sex_t,ocu_isco08_3,2014,5.58
fin,sex_t,ocu_isco08_3,2015,5.411
fin,sex_t,ocu_isco08_3,2016,3.51
fin,sex_t,ocu_isco08_3,2017,3.819
fin,sex_t,ocu_isco08_3,2018,2.906
fin,sex_t,ocu_isco08_3,2019,2.193
fin,sex_t,ocu_isco08_3,2020,2.635
fin,sex_t,ocu_isco08_3,2021,2.421
fin,sex_t,ocu_isco08_3,2022,5.309
fin,sex_t,ocu_isco08_3,2023,2.432
fin,sex_t,ocu_isco08_4,2011,1.815
fin,sex_t,ocu_isco08_4,2012,1.011
fin,sex_t,ocu_isco08_4,2013,1.155
fin,sex_t,ocu_isco08_4,2014,1.386
fin,sex_t,ocu_isco08_4,2015,0.912
fin,sex_t,ocu_isco08_4,2016,1.888
fin,sex_t,ocu_isco08_4,2018,1.202
fin,sex_t,ocu_isco08_4,2019,2.233
fin,sex_t,ocu_isco08_4,2020,1.089
fin,sex_t,ocu_isco08_4,2021,1.861
fin,sex_t,ocu_isco08_4,2023,0.399
fin,sex_t,ocu_isco08_5,2011,15.901
fin,sex_t,ocu_isco08_5,2012,22.408
fin,sex_t,ocu_isco08_5,2013,24.94
fin,sex_t,ocu_isco08_5,2014,25.915
fin,sex_t,ocu_isco08_5,2015,25.784
fin,sex_t,ocu_isco08_5,2016,23.511
fin,sex_t,ocu_isco08_5,2017,24.708
fin,sex_t,ocu_isco08_5,2018,24.355
fin,sex_t,ocu_isco08_5,2019,21.203
fin,sex_t,ocu_isco08_5,2020,23.082
fin,sex_t,ocu_isco08_5,2021,17.526
fin,sex_t,ocu_isco08_5,2022,17.557
fin,sex_t,ocu_isco08_5,2023,21.098
fin,sex_t,ocu_isco08_6,2011,6.829
fin,sex_t,ocu_isco08_6,2012,5.933
fin,sex_t,ocu_isco08_6,2013,6.455
fin,sex_t,ocu_isco08_6,2014,4.803
fin,sex_t,ocu_isco08_6,2015,4.3
fin,sex_t,ocu_isco08_6,2016,5.94
fin,sex_t,ocu_isco08_6,2017,3.579
fin,sex_t,ocu_isco08_6,2018,3.43
fin,sex_t,ocu_isco08_6,2019,3.935
fin,sex_t,ocu_isco08_6,2020,7.995
fin,sex_t,ocu_isco08_6,2021,2.704
fin,sex_t,ocu_isco08_6,2022,4.549
fin,sex_t,ocu_isco08_6,2023,3.247
fin,sex_t,ocu_isco08_7,2011,5.429
fin,sex_t,ocu_isco08_7,2012,5.356
fin,sex_t,ocu_isco08_7,2013,3.123
fin,sex_t,ocu_isco08_7,2014,2.658
fin,sex_t,ocu_isco08_7,2015,3.982
fin,sex_t,ocu_isco08_7,2016,4.126
fin,sex_t,ocu_isco08_7,2017,3.233
fin,sex_t,ocu_isco08_7,2018,4.889
fin,sex_t,ocu_isco08_7,2019,2.936
fin,sex_t,ocu_isco08_7,2020,3.436
fin,sex_t,ocu_isco08_7,2021,5.697
fin,sex_t,ocu_isco08_7,2022,5.319
fin,sex_t,ocu_isco08_7,2023,6.384
fin,sex_t,ocu_isco08_8,2011,2.087
fin,sex_t,ocu_isco08_8,2012,0.448
fin,sex_t,ocu_isco08_8,2013,0.45
fin,sex_t,ocu_isco08_8,2014,0.7
fin,sex_t,ocu_isco08_8,2015,1.829
fin,sex_t,ocu_isco08_8,2016,1.243
fin,sex_t,ocu_isco08_8,2017,1.739
fin,sex_t,ocu_isco08_8,2018,2.918
fin,sex_t,ocu_isco08_8,2019,1.669
fin,sex_t,ocu_isco08_8,2020,1.397
fin,sex_t,ocu_isco08_8,2021,3.039
fin,sex_t,ocu_isco08_8,2022,1.694
fin,sex_t,ocu_isco08_8,2023,2.147
fin,sex_t,ocu_isco08_9,2011,3.018
fin,sex_t,ocu_isco08_9,2012,1.233
fin,sex_t,ocu_isco08_9,2013,2.85
fin,sex_t,ocu_isco08_9,2014,1.894
fin,sex_t,ocu_isco08_9,2015,2.006
fin,sex_t,ocu_isco08_9,2016,1.288
fin,sex_t,ocu_isco08_9,2017,2.089
fin,sex_t,ocu_isco08_9,2018,0.815
fin,sex_t,ocu_isco08_9,2019,1.839
fin,sex_t,ocu_isco08_9,2020,1.182
fin,sex_t,ocu_isco08_9,2021,2.928
fin,sex_t,ocu_isco08_9,2022,2.122
fin,sex_t,ocu_isco08_9,2023,3.132
fin,sex_t,ocu_isco08_total,2011,46.903
fin,sex_t,ocu_isco08_total,2012,47.531
fin,sex_t,ocu_isco08_total,2013,49.746
fin,sex_t,ocu_isco08_total,2014,45.447
fin,sex_t,ocu_isco08_total,2015,47.392
fin,sex_t,ocu_isco08_total,2016,46.015
fin,sex_t,ocu_isco08_total,2017,44.909
fin,sex_t,ocu_isco08_total,2018,46.014
fin,sex_t,ocu_isco08_total,2019,41.574
fin,sex_t,ocu_isco08_total,2020,43.681
fin,sex_t,ocu_isco08_total,2021,38.176
fin,sex_t,ocu_isco08_total,2022,45.716
fin,sex_t,ocu_isco08_total,2023,49.609
fin,sex_t,ocu_isco88_1,2007,9.685
fin,sex_t,ocu_isco88_1,2008,8.836
fin,sex_t,ocu_isco88_1,2009,8.728
fin,sex_t,ocu_isco88_1,2010,10.699
fin,sex_t,ocu_isco88_2,2007,3.668
fin,sex_t,ocu_isco88_2,2008,2.087
fin,sex_t,ocu_isco88_2,2009,5.045
fin,sex_t,ocu_isco88_2,2010,3.6
fin,sex_t,ocu_isco88_3,2007,4.512
fin,sex_t,ocu_isco88_3,2008,6.535
fin,sex_t,ocu_isco88_3,2009,5.501
fin,sex_t,ocu_isco88_3,2010,5.279
fin,sex_t,ocu_isco88_4,2007,1.322
fin,sex_t,ocu_isco88_4,2008,1.01
fin,sex_t,ocu_isco88_4,2009,1.807
fin,sex_t,ocu_isco88_4,2010,0.701
fin,sex_t,ocu_isco88_5,2007,4.847
fin,sex_t,ocu_isco88_5,2008,7.966
fin,sex_t,ocu_isco88_5,2009,4.718
fin,sex_t,ocu_isco88_5,2010,2.108
fin,sex_t,ocu_isco88_6,2007,8.488
fin,sex_t,ocu_isco88_6,2008,5.801
fin,sex_t,ocu_isco88_6,2009,4.979
fin,sex_t,ocu_isco88_6,2010,5.085
fin,sex_t,ocu_isco88_7,2007,3.962
fin,sex_t,ocu_isco88_7,2008,4.403
fin,sex_t,ocu_isco88_7,2009,7.284
fin,sex_t,ocu_isco88_7,2010,3.186
fin,sex_t,ocu_isco88_8,2007,1.129
fin,sex_t,ocu_isco88_8,2008,1.125
fin,sex_t,ocu_isco88_8,2009,2.139
fin,sex_t,ocu_isco88_9,2007,2.793
fin,sex_t,ocu_isco88_9,2008,3.383
fin,sex_t,ocu_isco88_9,2009,1.026
fin,sex_t,ocu_isco88_total,2007,40.407
fin,sex_t,ocu_isco88_total,2008,41.145
fin,sex_t,ocu_isco88_total,2009,41.227
fin,sex_t,ocu_isco88_total,2010,31.212
fin,sex_t,ocu_skill_l1,2007,2.793
fin,sex_t,ocu_skill_l1,2008,3.383
fin,sex_t,ocu_skill_l1,2009,1.026
fin,sex_t,ocu_skill_l1,2011,3.018
fin,sex_t,ocu_skill_l1,2012,1.233
fin,sex_t,ocu_skill_l1,2013,2.85
fin,sex_t,ocu_skill_l1,2014,1.894
fin,sex_t,ocu_skill_l1,2015,2.006
fin,sex_t,ocu_skill_l1,2016,1.288
fin,sex_t,ocu_skill_l1,2017,2.089
fin,sex_t,ocu_skill_l1,2018,0.815
fin,sex_t,ocu_skill_l1,2019,1.839
fin,sex_t,ocu_skill_l1,2020,1.182
fin,sex_t,ocu_skill_l1,2021,2.928
fin,sex_t,ocu_skill_l1,2022,2.122
fin,sex_t,ocu_skill_l1,2023,3.132
fin,sex_t,ocu_skill_l2,2007,19.748
fin,sex_t,ocu_skill_l2,2008,20.304
fin,sex_t,ocu_skill_l2,2009,20.927
fin,sex_t,ocu_skill_l2,2010,11.498
fin,sex_t,ocu_skill_l2,2011,32.062
fin,sex_t,ocu_skill_l2,2012,35.156
fin,sex_t,ocu_skill_l2,2013,36.122
fin,sex_t,ocu_skill_l2,2014,35.462
fin,sex_t,ocu_skill_l2,2015,36.808
fin,sex_t,ocu_skill_l2,2016,36.709
fin,sex_t,ocu_skill_l2,2017,33.745
fin,sex_t,ocu_skill_l2,2018,36.794
fin,sex_t,ocu_skill_l2,2019,31.976
fin,sex_t,ocu_skill_l2,2020,36.999
fin,sex_t,ocu_skill_l2,2021,30.828
fin,sex_t,ocu_skill_l2,2022,29.76
fin,sex_t,ocu_skill_l2,2023,33.276
fin,sex_t,ocu_skill_l3_4,2007,17.866
fin,sex_t,ocu_skill_l3_4,2008,17.458
fin,sex_t,ocu_skill_l3_4,2009,19.274
fin,sex_t,ocu_skill_l3_4,2010,19.579
fin,sex_t,ocu_skill_l3_4,2011,11.823
fin,sex_t,ocu_skill_l3_4,2012,11.142
fin,sex_t,ocu_skill_l3_4,2013,10.774
fin,sex_t,ocu_skill_l3_4,2014,8.091
fin,sex_t,ocu_skill_l3_4,2015,8.579
fin,sex_t,ocu_skill_l3_4,2016,7.569
fin,sex_t,ocu_skill_l3_4,2017,9.075
fin,sex_t,ocu_skill_l3_4,2018,8.405
fin,sex_t,ocu_skill_l3_4,2019,7.759
fin,sex_t,ocu_skill_l3_4,2020,5.5
fin,sex_t,ocu_skill_l3_4,2021,4.42
fin,sex_t,ocu_skill_l3_4,2022,13.834
fin,sex_t,ocu_skill_l3_4,2023,13.202
fin,sex_t,ocu_skill_total,2007,40.407
fin,sex_t,ocu_skill_total,2008,41.145
fin,sex_t,ocu_skill_total,2009,41.227
fin,sex_t,ocu_skill_total,2010,31.212
fin,sex_t,ocu_skill_total,2011,46.903
fin,sex_t,ocu_skill_total,2012,47.531
fin,sex_t,ocu_skill_total,2013,49.746
fin,sex_t,ocu_skill_total,2014,45.447
fin,sex_t,ocu_skill_total,2015,47.392
fin,sex_t,ocu_skill_total,2016,46.015
fin,sex_t,ocu_skill_total,2017,44.909
fin,sex_t,ocu_skill_total,2018,46.014
fin,sex_t,ocu_skill_total,2019,41.574
fin,sex_t,ocu_skill_total,2020,43.681
fin,sex_t,ocu_skill_total,2021,38.176
fin,sex_t,ocu_skill_total,2022,45.716
fin,sex_t,ocu_skill_total,2023,49.609
fji,sex_f,ocu_isco08_1,2016,1.281
fji,sex_f,ocu_isco08_2,2016,0.693
fji,sex_f,ocu_isco08_3,2016,1.276
fji,sex_f,ocu_isco08_4,2016,1.143
fji,sex_f,ocu_isco08_5,2016,6.956
fji,sex_f,ocu_isco08_6,2016,20.019
fji,sex_f,ocu_isco08_7,2016,3.655
fji,sex_f,ocu_isco08_9,2016,10.13
fji,sex_f,ocu_isco08_total,2016,45.251
fji,sex_f,ocu_skill_l1,2016,10.13
fji,sex_f,ocu_skill_l2,2016,31.87
fji,sex_f,ocu_skill_l3_4,2016,3.25
fji,sex_f,ocu_skill_total,2016,45.251
fji,sex_m,ocu_isco08_1,2016,1.541
fji,sex_m,ocu_isco08_2,2016,1.903
fji,sex_m,ocu_isco08_3,2016,1.6
fji,sex_m,ocu_isco08_4,2016,0.51
fji,sex_m,ocu_isco08_5,2016,3.37
fji,sex_m,ocu_isco08_6,2016,60.65
fji,sex_m,ocu_isco08_7,2016,9.198
fji,sex_m,ocu_isco08_8,2016,6.582
fji,sex_m,ocu_isco08_9,2016,12.134
fji,sex_m,ocu_isco08_total,2016,97.488
fji,sex_m,ocu_skill_l1,2016,12.134
fji,sex_m,ocu_skill_l2,2016,80.31
fji,sex_m,ocu_skill_l3_4,2016,5.044
fji,sex_m,ocu_skill_total,2016,97.488
fji,sex_t,ocu_isco08_1,2016,2.822
fji,sex_t,ocu_isco08_2,2016,2.596
fji,sex_t,ocu_isco08_3,2016,2.876
fji,sex_t,ocu_isco08_4,2016,1.653
fji,sex_t,ocu_isco08_5,2016,10.326
fji,sex_t,ocu_isco08_6,2016,80.67
fji,sex_t,ocu_isco08_7,2016,12.852
fji,sex_t,ocu_isco08_8,2016,6.679
fji,sex_t,ocu_isco08_9,2016,22.264
fji,sex_t,ocu_isco08_total,2016,142.738
fji,sex_t,ocu_skill_l1,2016,22.264
fji,sex_t,ocu_skill_l2,2016,112.18
fji,sex_t,ocu_skill_l3_4,2016,8.294
fji,sex_t,ocu_skill_total,2016,142.738
fra,sex_f,ocu_isco08_0,2011,11.697
fra,sex_f,ocu_isco08_0,2012,12.726
fra,sex_f,ocu_isco08_0,2016,18.961
fra,sex_f,ocu_isco08_0,2017,15.349
fra,sex_f,ocu_isco08_0,2018,18.904
fra,sex_f,ocu_isco08_1,2011,55.595
fra,sex_f,ocu_isco08_1,2012,45.15
fra,sex_f,ocu_isco08_1,2013,56.087
fra,sex_f,ocu_isco08_1,2014,49.856
fra,sex_f,ocu_isco08_1,2015,22.274
fra,sex_f,ocu_isco08_1,2020,10.544
fra,sex_f,ocu_isco08_1,2021,12.988
fra,sex_f,ocu_isco08_1,2022,38.852
fra,sex_f,ocu_isco08_1,2023,20.285
fra,sex_f,ocu_isco08_2,2011,206.592
fra,sex_f,ocu_isco08_2,2012,213.474
fra,sex_f,ocu_isco08_2,2013,129.942
fra,sex_f,ocu_isco08_2,2014,216.394
fra,sex_f,ocu_isco08_2,2015,167.898
fra,sex_f,ocu_isco08_2,2016,285.804
fra,sex_f,ocu_isco08_2,2017,229.602
fra,sex_f,ocu_isco08_2,2018,165.609
fra,sex_f,ocu_isco08_2,2019,179.334
fra,sex_f,ocu_isco08_2,2020,55.408
fra,sex_f,ocu_isco08_2,2021,29.689
fra,sex_f,ocu_isco08_2,2022,91.143
fra,sex_f,ocu_isco08_2,2023,67.739
fra,sex_f,ocu_isco08_3,2011,112.986
fra,sex_f,ocu_isco08_3,2012,112.728
fra,sex_f,ocu_isco08_3,2013,140.309
fra,sex_f,ocu_isco08_3,2014,134.156
fra,sex_f,ocu_isco08_3,2015,230.274
fra,sex_f,ocu_isco08_3,2016,171.018
fra,sex_f,ocu_isco08_3,2017,200.374
fra,sex_f,ocu_isco08_3,2018,193.879
fra,sex_f,ocu_isco08_3,2019,159.911
fra,sex_f,ocu_isco08_3,2020,40.517
fra,sex_f,ocu_isco08_3,2021,35.038
fra,sex_f,ocu_isco08_3,2022,53.734
fra,sex_f,ocu_isco08_3,2023,66.625
fra,sex_f,ocu_isco08_4,2011,86.978
fra,sex_f,ocu_isco08_4,2012,97.814
fra,sex_f,ocu_isco08_4,2013,107.311
fra,sex_f,ocu_isco08_4,2014,97.921
fra,sex_f,ocu_isco08_4,2015,112.635
fra,sex_f,ocu_isco08_4,2016,109.073
fra,sex_f,ocu_isco08_4,2017,64.672
fra,sex_f,ocu_isco08_4,2018,83.892
fra,sex_f,ocu_isco08_4,2019,74.076
fra,sex_f,ocu_isco08_4,2020,16.492
fra,sex_f,ocu_isco08_4,2021,18.493
fra,sex_f,ocu_isco08_4,2022,29.042
fra,sex_f,ocu_isco08_4,2023,22.768
fra,sex_f,ocu_isco08_5,2011,221.465
fra,sex_f,ocu_isco08_5,2012,225.527
fra,sex_f,ocu_isco08_5,2013,247.593
fra,sex_f,ocu_isco08_5,2014,235.191
fra,sex_f,ocu_isco08_5,2015,263.287
fra,sex_f,ocu_isco08_5,2016,335.608
fra,sex_f,ocu_isco08_5,2017,324.52
fra,sex_f,ocu_isco08_5,2018,282.045
fra,sex_f,ocu_isco08_5,2019,307.099
fra,sex_f,ocu_isco08_5,2020,200.254
fra,sex_f,ocu_isco08_5,2021,179.912
fra,sex_f,ocu_isco08_5,2022,151.912
fra,sex_f,ocu_isco08_5,2023,198.77
fra,sex_f,ocu_isco08_6,2011,76.913
fra,sex_f,ocu_isco08_6,2012,74.911
fra,sex_f,ocu_isco08_6,2013,69.85
fra,sex_f,ocu_isco08_6,2014,89.465
fra,sex_f,ocu_isco08_6,2015,66.844
fra,sex_f,ocu_isco08_6,2016,52.882
fra,sex_f,ocu_isco08_6,2017,45.186
fra,sex_f,ocu_isco08_6,2018,21.324
fra,sex_f,ocu_isco08_6,2019,23.488
fra,sex_f,ocu_isco08_6,2020,38.541
fra,sex_f,ocu_isco08_6,2021,22.703
fra,sex_f,ocu_isco08_6,2022,9.506
fra,sex_f,ocu_isco08_6,2023,25.136
fra,sex_f,ocu_isco08_7,2011,39.922
fra,sex_f,ocu_isco08_7,2012,29.699
fra,sex_f,ocu_isco08_7,2013,21.502
fra,sex_f,ocu_isco08_7,2014,20.887
fra,sex_f,ocu_isco08_7,2015,14.845
fra,sex_f,ocu_isco08_7,2016,11.654
fra,sex_f,ocu_isco08_7,2017,19.87
fra,sex_f,ocu_isco08_7,2018,44.444
fra,sex_f,ocu_isco08_7,2019,25.711
fra,sex_f,ocu_isco08_7,2020,24.464
fra,sex_f,ocu_isco08_7,2021,34.926
fra,sex_f,ocu_isco08_7,2022,22.823
fra,sex_f,ocu_isco08_7,2023,16.888
fra,sex_f,ocu_isco08_8,2017,15.978
fra,sex_f,ocu_isco08_8,2021,11.602
fra,sex_f,ocu_isco08_9,2011,153.154
fra,sex_f,ocu_isco08_9,2012,115.69
fra,sex_f,ocu_isco08_9,2013,144.223
fra,sex_f,ocu_isco08_9,2014,127.562
fra,sex_f,ocu_isco08_9,2015,128.493
fra,sex_f,ocu_isco08_9,2016,137.049
fra,sex_f,ocu_isco08_9,2017,123.448
fra,sex_f,ocu_isco08_9,2018,100.317
fra,sex_f,ocu_isco08_9,2019,107.901
fra,sex_f,ocu_isco08_9,2020,17.084
fra,sex_f,ocu_isco08_9,2021,23.913
fra,sex_f,ocu_isco08_9,2022,33.15
fra,sex_f,ocu_isco08_9,2023,21.354
fra,sex_f,ocu_isco08_total,2011,1024.577
fra,sex_f,ocu_isco08_total,2012,959.501
fra,sex_f,ocu_isco08_total,2013,943.857
fra,sex_f,ocu_isco08_total,2014,1009.604
fra,sex_f,ocu_isco08_total,2015,1026.013
fra,sex_f,ocu_isco08_total,2016,1139.585
fra,sex_f,ocu_isco08_total,2017,1060.373
fra,sex_f,ocu_isco08_total,2018,923.878
fra,sex_f,ocu_isco08_total,2019,903.169
fra,sex_f,ocu_isco08_total,2020,409.554
fra,sex_f,ocu_isco08_total,2021,378.571
fra,sex_f,ocu_isco08_total,2022,454.116
fra,sex_f,ocu_isco08_total,2023,464.753
fra,sex_f,ocu_isco08_x,2011,51.208
fra,sex_f,ocu_isco08_x,2012,28.091
fra,sex_f,ocu_isco08_x,2013,19.005
fra,sex_f,ocu_isco08_x,2014,28.824
fra,sex_f,ocu_isco08_x,2017,13.65
fra,sex_f,ocu_isco08_x,2021,9.307
fra,sex_f,ocu_isco08_x,2022,18.311
fra,sex_f,ocu_isco08_x,2023,25.189
fra,sex_f,ocu_isco88_0,2007,12.522
fra,sex_f,ocu_isco88_0,2008,12.253
fra,sex_f,ocu_isco88_0,2009,9.26
fra,sex_f,ocu_isco88_0,2010,10.153
fra,sex_f,ocu_isco88_1,2007,77.956
fra,sex_f,ocu_isco88_1,2008,83.695
fra,sex_f,ocu_isco88_1,2009,64.098
fra,sex_f,ocu_isco88_1,2010,62.75
fra,sex_f,ocu_isco88_2,2007,227.37
fra,sex_f,ocu_isco88_2,2008,148.01
fra,sex_f,ocu_isco88_2,2009,186.554
fra,sex_f,ocu_isco88_2,2010,177.711
fra,sex_f,ocu_isco88_3,2007,207.883
fra,sex_f,ocu_isco88_3,2008,172.839
fra,sex_f,ocu_isco88_3,2009,186.269
fra,sex_f,ocu_isco88_3,2010,198.512
fra,sex_f,ocu_isco88_4,2007,154.702
fra,sex_f,ocu_isco88_4,2008,133.344
fra,sex_f,ocu_isco88_4,2009,98.757
fra,sex_f,ocu_isco88_4,2010,111.756
fra,sex_f,ocu_isco88_5,2007,168.797
fra,sex_f,ocu_isco88_5,2008,175.361
fra,sex_f,ocu_isco88_5,2009,146.008
fra,sex_f,ocu_isco88_5,2010,190.564
fra,sex_f,ocu_isco88_6,2007,69.039
fra,sex_f,ocu_isco88_6,2008,46.622
fra,sex_f,ocu_isco88_6,2009,39.755
fra,sex_f,ocu_isco88_6,2010,55.796
fra,sex_f,ocu_isco88_7,2007,41.909
fra,sex_f,ocu_isco88_7,2008,45.403
fra,sex_f,ocu_isco88_7,2009,41.313
fra,sex_f,ocu_isco88_7,2010,21.737
fra,sex_f,ocu_isco88_8,2008,14.184
fra,sex_f,ocu_isco88_9,2007,224.037
fra,sex_f,ocu_isco88_9,2008,207.191
fra,sex_f,ocu_isco88_9,2009,185.843
fra,sex_f,ocu_isco88_9,2010,170.515
fra,sex_f,ocu_isco88_total,2007,1191.33
fra,sex_f,ocu_isco88_total,2008,1108.492
fra,sex_f,ocu_isco88_total,2009,972.318
fra,sex_f,ocu_isco88_total,2010,1009.215
fra,sex_f,ocu_isco88_x,2008,69.589
fra,sex_f,ocu_skill_l1,2007,224.037
fra,sex_f,ocu_skill_l1,2008,207.191
fra,sex_f,ocu_skill_l1,2009,185.843
fra,sex_f,ocu_skill_l1,2010,170.515
fra,sex_f,ocu_skill_l1,2011,153.154
fra,sex_f,ocu_skill_l1,2012,115.69
fra,sex_f,ocu_skill_l1,2013,144.223
fra,sex_f,ocu_skill_l1,2014,127.562
fra,sex_f,ocu_skill_l1,2015,128.493
fra,sex_f,ocu_skill_l1,2016,137.049
fra,sex_f,ocu_skill_l1,2017,123.448
fra,sex_f,ocu_skill_l1,2018,100.317
fra,sex_f,ocu_skill_l1,2019,107.901
fra,sex_f,ocu_skill_l1,2020,17.084
fra,sex_f,ocu_skill_l1,2021,23.913
fra,sex_f,ocu_skill_l1,2022,33.15
fra,sex_f,ocu_skill_l1,2023,21.354
fra,sex_f,ocu_skill_l2,2007,440.168
fra,sex_f,ocu_skill_l2,2008,414.914
fra,sex_f,ocu_skill_l2,2009,335.121
fra,sex_f,ocu_skill_l2,2010,382.651
fra,sex_f,ocu_skill_l2,2011,433.346
fra,sex_f,ocu_skill_l2,2012,431.642
fra,sex_f,ocu_skill_l2,2013,447.103
fra,sex_f,ocu_skill_l2,2014,444.82
fra,sex_f,ocu_skill_l2,2015,461.297
fra,sex_f,ocu_skill_l2,2016,513.131
fra,sex_f,ocu_skill_l2,2017,470.227
fra,sex_f,ocu_skill_l2,2018,435.354
fra,sex_f,ocu_skill_l2,2019,435.015
fra,sex_f,ocu_skill_l2,2020,286
fra,sex_f,ocu_skill_l2,2021,267.636
fra,sex_f,ocu_skill_l2,2022,218.031
fra,sex_f,ocu_skill_l2,2023,263.562
fra,sex_f,ocu_skill_l3_4,2007,513.21
fra,sex_f,ocu_skill_l3_4,2008,404.544
fra,sex_f,ocu_skill_l3_4,2009,436.922
fra,sex_f,ocu_skill_l3_4,2010,438.974
fra,sex_f,ocu_skill_l3_4,2011,375.173
fra,sex_f,ocu_skill_l3_4,2012,371.351
fra,sex_f,ocu_skill_l3_4,2013,326.338
fra,sex_f,ocu_skill_l3_4,2014,400.406
fra,sex_f,ocu_skill_l3_4,2015,420.446
fra,sex_f,ocu_skill_l3_4,2016,466.671
fra,sex_f,ocu_skill_l3_4,2017,437.699
fra,sex_f,ocu_skill_l3_4,2018,362.359
fra,sex_f,ocu_skill_l3_4,2019,346.24
fra,sex_f,ocu_skill_l3_4,2020,106.47
fra,sex_f,ocu_skill_l3_4,2021,77.715
fra,sex_f,ocu_skill_l3_4,2022,183.73
fra,sex_f,ocu_skill_l3_4,2023,154.649
fra,sex_f,ocu_skill_total,2007,1191.33
fra,sex_f,ocu_skill_total,2008,1108.492
fra,sex_f,ocu_skill_total,2009,972.318
fra,sex_f,ocu_skill_total,2010,1009.215
fra,sex_f,ocu_skill_total,2011,1024.577
fra,sex_f,ocu_skill_total,2012,959.501
fra,sex_f,ocu_skill_total,2013,943.857
fra,sex_f,ocu_skill_total,2014,1009.604
fra,sex_f,ocu_skill_total,2015,1026.013
fra,sex_f,ocu_skill_total,2016,1139.585
fra,sex_f,ocu_skill_total,2017,1060.373
fra,sex_f,ocu_skill_total,2018,923.878
fra,sex_f,ocu_skill_total,2019,903.169
fra,sex_f,ocu_skill_total,2020,409.554
fra,sex_f,ocu_skill_total,2021,378.571
fra,sex_f,ocu_skill_total,2022,454.116
fra,sex_f,ocu_skill_total,2023,464.753
fra,sex_f,ocu_skill_x,2007,13.916
fra,sex_f,ocu_skill_x,2008,81.843
fra,sex_f,ocu_skill_x,2009,14.432
fra,sex_f,ocu_skill_x,2010,17.075
fra,sex_f,ocu_skill_x,2011,62.905
fra,sex_f,ocu_skill_x,2012,40.818
fra,sex_f,ocu_skill_x,2013,26.193
fra,sex_f,ocu_skill_x,2014,36.815
fra,sex_f,ocu_skill_x,2015,15.777
fra,sex_f,ocu_skill_x,2016,22.734
fra,sex_f,ocu_skill_x,2017,28.999
fra,sex_f,ocu_skill_x,2018,25.848
fra,sex_f,ocu_skill_x,2021,9.307
fra,sex_f,ocu_skill_x,2022,19.206
fra,sex_f,ocu_skill_x,2023,25.189
fra,sex_m,ocu_isco08_0,2011,35.898
fra,sex_m,ocu_isco08_0,2012,54
fra,sex_m,ocu_isco08_0,2013,52.631
fra,sex_m,ocu_isco08_0,2014,57.222
fra,sex_m,ocu_isco08_0,2015,46.968
fra,sex_m,ocu_isco08_0,2016,35.44
fra,sex_m,ocu_isco08_0,2017,21.714
fra,sex_m,ocu_isco08_0,2018,22.2
fra,sex_m,ocu_isco08_1,2011,46.938
fra,sex_m,ocu_isco08_1,2012,22.337
fra,sex_m,ocu_isco08_1,2013,31.544
fra,sex_m,ocu_isco08_1,2014,42.142
fra,sex_m,ocu_isco08_1,2015,11.32
fra,sex_m,ocu_isco08_1,2017,6.63
fra,sex_m,ocu_isco08_1,2018,20.031
fra,sex_m,ocu_isco08_1,2019,16.564
fra,sex_m,ocu_isco08_1,2020,30.578
fra,sex_m,ocu_isco08_1,2021,14.341
fra,sex_m,ocu_isco08_1,2022,61.322
fra,sex_m,ocu_isco08_1,2023,26.06
fra,sex_m,ocu_isco08_2,2011,52.018
fra,sex_m,ocu_isco08_2,2012,79.417
fra,sex_m,ocu_isco08_2,2013,74.646
fra,sex_m,ocu_isco08_2,2014,87.048
fra,sex_m,ocu_isco08_2,2015,115.804
fra,sex_m,ocu_isco08_2,2016,151.456
fra,sex_m,ocu_isco08_2,2017,159.785
fra,sex_m,ocu_isco08_2,2018,114.876
fra,sex_m,ocu_isco08_2,2019,98.482
fra,sex_m,ocu_isco08_2,2020,79.516
fra,sex_m,ocu_isco08_2,2021,31.973
fra,sex_m,ocu_isco08_2,2022,62.911
fra,sex_m,ocu_isco08_2,2023,63.494
fra,sex_m,ocu_isco08_3,2011,90.173
fra,sex_m,ocu_isco08_3,2012,75.634
fra,sex_m,ocu_isco08_3,2013,86.318
fra,sex_m,ocu_isco08_3,2014,69.324
fra,sex_m,ocu_isco08_3,2015,109.964
fra,sex_m,ocu_isco08_3,2016,126.298
fra,sex_m,ocu_isco08_3,2017,96.256
fra,sex_m,ocu_isco08_3,2018,88.294
fra,sex_m,ocu_isco08_3,2019,79.959
fra,sex_m,ocu_isco08_3,2020,62.719
fra,sex_m,ocu_isco08_3,2021,96.265
fra,sex_m,ocu_isco08_3,2022,52.013
fra,sex_m,ocu_isco08_3,2023,61.571
fra,sex_m,ocu_isco08_4,2012,15.396
fra,sex_m,ocu_isco08_4,2013,38.295
fra,sex_m,ocu_isco08_4,2014,25.424
fra,sex_m,ocu_isco08_4,2016,23.585
fra,sex_m,ocu_isco08_4,2017,28.599
fra,sex_m,ocu_isco08_4,2018,22.175
fra,sex_m,ocu_isco08_5,2011,98.46
fra,sex_m,ocu_isco08_5,2012,82.932
fra,sex_m,ocu_isco08_5,2013,113.23
fra,sex_m,ocu_isco08_5,2014,139.137
fra,sex_m,ocu_isco08_5,2015,117.657
fra,sex_m,ocu_isco08_5,2016,130.406
fra,sex_m,ocu_isco08_5,2017,101.06
fra,sex_m,ocu_isco08_5,2018,102.17
fra,sex_m,ocu_isco08_5,2019,114.346
fra,sex_m,ocu_isco08_5,2020,89.652
fra,sex_m,ocu_isco08_5,2021,83.35
fra,sex_m,ocu_isco08_5,2022,62.2
fra,sex_m,ocu_isco08_5,2023,65.519
fra,sex_m,ocu_isco08_6,2011,99.645
fra,sex_m,ocu_isco08_6,2012,62.208
fra,sex_m,ocu_isco08_6,2013,63.816
fra,sex_m,ocu_isco08_6,2014,73.774
fra,sex_m,ocu_isco08_6,2015,50.436
fra,sex_m,ocu_isco08_6,2016,72.04
fra,sex_m,ocu_isco08_6,2017,67.013
fra,sex_m,ocu_isco08_6,2018,59.794
fra,sex_m,ocu_isco08_6,2019,86.31
fra,sex_m,ocu_isco08_6,2020,50.855
fra,sex_m,ocu_isco08_6,2021,39.513
fra,sex_m,ocu_isco08_6,2022,30.292
fra,sex_m,ocu_isco08_6,2023,34.382
fra,sex_m,ocu_isco08_7,2011,40.412
fra,sex_m,ocu_isco08_7,2012,91.034
fra,sex_m,ocu_isco08_7,2013,49.63
fra,sex_m,ocu_isco08_7,2014,68.593
fra,sex_m,ocu_isco08_7,2015,31.695
fra,sex_m,ocu_isco08_7,2016,67.745
fra,sex_m,ocu_isco08_7,2017,95.546
fra,sex_m,ocu_isco08_7,2018,56.062
fra,sex_m,ocu_isco08_7,2019,71.398
fra,sex_m,ocu_isco08_7,2020,149.384
fra,sex_m,ocu_isco08_7,2021,149.439
fra,sex_m,ocu_isco08_7,2022,107.991
fra,sex_m,ocu_isco08_7,2023,100.004
fra,sex_m,ocu_isco08_8,2011,41.929
fra,sex_m,ocu_isco08_8,2013,17.961
fra,sex_m,ocu_isco08_8,2014,15.686
fra,sex_m,ocu_isco08_8,2015,26.577
fra,sex_m,ocu_isco08_8,2016,33.203
fra,sex_m,ocu_isco08_8,2017,18.828
fra,sex_m,ocu_isco08_8,2018,23.923
fra,sex_m,ocu_isco08_8,2019,24.189
fra,sex_m,ocu_isco08_8,2020,30.095
fra,sex_m,ocu_isco08_8,2021,31.118
fra,sex_m,ocu_isco08_8,2022,48.03
fra,sex_m,ocu_isco08_8,2023,37.536
fra,sex_m,ocu_isco08_9,2011,70.628
fra,sex_m,ocu_isco08_9,2012,55.672
fra,sex_m,ocu_isco08_9,2013,53.707
fra,sex_m,ocu_isco08_9,2014,61.6
fra,sex_m,ocu_isco08_9,2015,74.695
fra,sex_m,ocu_isco08_9,2016,35.919
fra,sex_m,ocu_isco08_9,2017,29.895
fra,sex_m,ocu_isco08_9,2018,54.951
fra,sex_m,ocu_isco08_9,2019,42.303
fra,sex_m,ocu_isco08_9,2020,37.791
fra,sex_m,ocu_isco08_9,2021,32.639
fra,sex_m,ocu_isco08_9,2022,14.315
fra,sex_m,ocu_isco08_9,2023,35.395
fra,sex_m,ocu_isco08_total,2011,607.539
fra,sex_m,ocu_isco08_total,2012,565.166
fra,sex_m,ocu_isco08_total,2013,603.998
fra,sex_m,ocu_isco08_total,2014,667.915
fra,sex_m,ocu_isco08_total,2015,603.018
fra,sex_m,ocu_isco08_total,2016,684.735
fra,sex_m,ocu_isco08_total,2017,625.325
fra,sex_m,ocu_isco08_total,2018,579.218
fra,sex_m,ocu_isco08_total,2019,552.391
fra,sex_m,ocu_isco08_total,2020,561.152
fra,sex_m,ocu_isco08_total,2021,504.312
fra,sex_m,ocu_isco08_total,2022,489.918
fra,sex_m,ocu_isco08_total,2023,461.26
fra,sex_m,ocu_isco08_x,2011,17.225
fra,sex_m,ocu_isco08_x,2012,19.105
fra,sex_m,ocu_isco08_x,2013,22.22
fra,sex_m,ocu_isco08_x,2014,27.966
fra,sex_m,ocu_isco08_x,2021,12.995
fra,sex_m,ocu_isco08_x,2022,41.457
fra,sex_m,ocu_isco08_x,2023,24.072
fra,sex_m,ocu_isco88_0,2007,77.213
fra,sex_m,ocu_isco88_0,2008,82.87
fra,sex_m,ocu_isco88_0,2009,72.643
fra,sex_m,ocu_isco88_0,2010,74.3
fra,sex_m,ocu_isco88_1,2007,81.525
fra,sex_m,ocu_isco88_1,2008,75.238
fra,sex_m,ocu_isco88_1,2009,54.751
fra,sex_m,ocu_isco88_1,2010,46.661
fra,sex_m,ocu_isco88_2,2007,128.191
fra,sex_m,ocu_isco88_2,2008,79.442
fra,sex_m,ocu_isco88_2,2009,94.728
fra,sex_m,ocu_isco88_2,2010,77.202
fra,sex_m,ocu_isco88_3,2007,95.614
fra,sex_m,ocu_isco88_3,2008,80.892
fra,sex_m,ocu_isco88_3,2009,107.776
fra,sex_m,ocu_isco88_3,2010,111.962
fra,sex_m,ocu_isco88_4,2007,35.958
fra,sex_m,ocu_isco88_4,2008,29.602
fra,sex_m,ocu_isco88_4,2009,28.05
fra,sex_m,ocu_isco88_4,2010,31.748
fra,sex_m,ocu_isco88_5,2007,44.172
fra,sex_m,ocu_isco88_5,2008,22.202
fra,sex_m,ocu_isco88_5,2009,20.001
fra,sex_m,ocu_isco88_5,2010,22.933
fra,sex_m,ocu_isco88_6,2007,107.013
fra,sex_m,ocu_isco88_6,2008,64.814
fra,sex_m,ocu_isco88_6,2009,64.184
fra,sex_m,ocu_isco88_6,2010,66.202
fra,sex_m,ocu_isco88_7,2007,88.711
fra,sex_m,ocu_isco88_7,2008,121.127
fra,sex_m,ocu_isco88_7,2009,74.345
fra,sex_m,ocu_isco88_7,2010,84.336
fra,sex_m,ocu_isco88_8,2007,38.407
fra,sex_m,ocu_isco88_8,2008,54.565
fra,sex_m,ocu_isco88_8,2009,25.756
fra,sex_m,ocu_isco88_8,2010,17.691
fra,sex_m,ocu_isco88_9,2007,67.579
fra,sex_m,ocu_isco88_9,2008,79.26
fra,sex_m,ocu_isco88_9,2009,54.947
fra,sex_m,ocu_isco88_9,2010,80.493
fra,sex_m,ocu_isco88_total,2007,769.806
fra,sex_m,ocu_isco88_total,2008,744.7
fra,sex_m,ocu_isco88_total,2009,600.373
fra,sex_m,ocu_isco88_total,2010,615.825
fra,sex_m,ocu_isco88_x,2008,54.688
fra,sex_m,ocu_skill_l1,2007,67.579
fra,sex_m,ocu_skill_l1,2008,79.26
fra,sex_m,ocu_skill_l1,2009,54.947
fra,sex_m,ocu_skill_l1,2010,80.493
fra,sex_m,ocu_skill_l1,2011,70.628
fra,sex_m,ocu_skill_l1,2012,55.672
fra,sex_m,ocu_skill_l1,2013,53.707
fra,sex_m,ocu_skill_l1,2014,61.6
fra,sex_m,ocu_skill_l1,2015,74.695
fra,sex_m,ocu_skill_l1,2016,35.919
fra,sex_m,ocu_skill_l1,2017,29.895
fra,sex_m,ocu_skill_l1,2018,54.951
fra,sex_m,ocu_skill_l1,2019,42.303
fra,sex_m,ocu_skill_l1,2020,37.791
fra,sex_m,ocu_skill_l1,2021,32.639
fra,sex_m,ocu_skill_l1,2022,14.315
fra,sex_m,ocu_skill_l1,2023,35.395
fra,sex_m,ocu_skill_l2,2007,314.262
fra,sex_m,ocu_skill_l2,2008,292.311
fra,sex_m,ocu_skill_l2,2009,212.336
fra,sex_m,ocu_skill_l2,2010,222.91
fra,sex_m,ocu_skill_l2,2011,294.66
fra,sex_m,ocu_skill_l2,2012,259.002
fra,sex_m,ocu_skill_l2,2013,282.932
fra,sex_m,ocu_skill_l2,2014,322.614
fra,sex_m,ocu_skill_l2,2015,244.267
fra,sex_m,ocu_skill_l2,2016,326.979
fra,sex_m,ocu_skill_l2,2017,311.046
fra,sex_m,ocu_skill_l2,2018,264.124
fra,sex_m,ocu_skill_l2,2019,310.413
fra,sex_m,ocu_skill_l2,2020,325.791
fra,sex_m,ocu_skill_l2,2021,313.589
fra,sex_m,ocu_skill_l2,2022,257.899
fra,sex_m,ocu_skill_l2,2023,250.669
fra,sex_m,ocu_skill_l3_4,2007,305.33
fra,sex_m,ocu_skill_l3_4,2008,235.572
fra,sex_m,ocu_skill_l3_4,2009,257.256
fra,sex_m,ocu_skill_l3_4,2010,235.825
fra,sex_m,ocu_skill_l3_4,2011,189.129
fra,sex_m,ocu_skill_l3_4,2012,177.388
fra,sex_m,ocu_skill_l3_4,2013,192.508
fra,sex_m,ocu_skill_l3_4,2014,198.514
fra,sex_m,ocu_skill_l3_4,2015,237.088
fra,sex_m,ocu_skill_l3_4,2016,286.396
fra,sex_m,ocu_skill_l3_4,2017,262.67
fra,sex_m,ocu_skill_l3_4,2018,223.202
fra,sex_m,ocu_skill_l3_4,2019,195.006
fra,sex_m,ocu_skill_l3_4,2020,172.813
fra,sex_m,ocu_skill_l3_4,2021,142.579
fra,sex_m,ocu_skill_l3_4,2022,176.247
fra,sex_m,ocu_skill_l3_4,2023,151.125
fra,sex_m,ocu_skill_total,2007,769.806
fra,sex_m,ocu_skill_total,2008,744.7
fra,sex_m,ocu_skill_total,2009,600.373
fra,sex_m,ocu_skill_total,2010,615.825
fra,sex_m,ocu_skill_total,2011,607.539
fra,sex_m,ocu_skill_total,2012,565.166
fra,sex_m,ocu_skill_total,2013,603.998
fra,sex_m,ocu_skill_total,2014,667.915
fra,sex_m,ocu_skill_total,2015,603.018
fra,sex_m,ocu_skill_total,2016,684.735
fra,sex_m,ocu_skill_total,2017,625.325
fra,sex_m,ocu_skill_total,2018,579.218
fra,sex_m,ocu_skill_total,2019,552.391
fra,sex_m,ocu_skill_total,2020,561.152
fra,sex_m,ocu_skill_total,2021,504.312
fra,sex_m,ocu_skill_total,2022,489.918
fra,sex_m,ocu_skill_total,2023,461.26
fra,sex_m,ocu_skill_x,2007,82.636
fra,sex_m,ocu_skill_x,2008,137.558
fra,sex_m,ocu_skill_x,2009,75.834
fra,sex_m,ocu_skill_x,2010,76.597
fra,sex_m,ocu_skill_x,2011,53.122
fra,sex_m,ocu_skill_x,2012,73.104
fra,sex_m,ocu_skill_x,2013,74.85
fra,sex_m,ocu_skill_x,2014,85.188
fra,sex_m,ocu_skill_x,2015,46.968
fra,sex_m,ocu_skill_x,2016,35.44
fra,sex_m,ocu_skill_x,2017,21.714
fra,sex_m,ocu_skill_x,2018,36.941
fra,sex_m,ocu_skill_x,2020,24.757
fra,sex_m,ocu_skill_x,2021,15.505
fra,sex_m,ocu_skill_x,2022,41.457
fra,sex_m,ocu_skill_x,2023,24.072
fra,sex_t,ocu_isco08_0,2011,47.594
fra,sex_t,ocu_isco08_0,2012,66.726
fra,sex_t,ocu_isco08_0,2013,59.819
fra,sex_t,ocu_isco08_0,2014,65.213
fra,sex_t,ocu_isco08_0,2015,55.486
fra,sex_t,ocu_isco08_0,2016,54.401
fra,sex_t,ocu_isco08_0,2017,37.062
fra,sex_t,ocu_isco08_0,2018,41.104
fra,sex_t,ocu_isco08_0,2019,15.189
fra,sex_t,ocu_isco08_1,2011,102.533
fra,sex_t,ocu_isco08_1,2012,67.486
fra,sex_t,ocu_isco08_1,2013,87.631
fra,sex_t,ocu_isco08_1,2014,91.998
fra,sex_t,ocu_isco08_1,2015,33.594
fra,sex_t,ocu_isco08_1,2016,18.492
fra,sex_t,ocu_isco08_1,2017,14.353
fra,sex_t,ocu_isco08_1,2018,22.902
fra,sex_t,ocu_isco08_1,2019,23.56
fra,sex_t,ocu_isco08_1,2020,41.123
fra,sex_t,ocu_isco08_1,2021,27.329
fra,sex_t,ocu_isco08_1,2022,100.175
fra,sex_t,ocu_isco08_1,2023,46.345
fra,sex_t,ocu_isco08_2,2011,258.61
fra,sex_t,ocu_isco08_2,2012,292.891
fra,sex_t,ocu_isco08_2,2013,204.588
fra,sex_t,ocu_isco08_2,2014,303.442
fra,sex_t,ocu_isco08_2,2015,283.702
fra,sex_t,ocu_isco08_2,2016,437.26
fra,sex_t,ocu_isco08_2,2017,389.387
fra,sex_t,ocu_isco08_2,2018,280.486
fra,sex_t,ocu_isco08_2,2019,277.816
fra,sex_t,ocu_isco08_2,2020,134.924
fra,sex_t,ocu_isco08_2,2021,61.662
fra,sex_t,ocu_isco08_2,2022,154.054
fra,sex_t,ocu_isco08_2,2023,131.234
fra,sex_t,ocu_isco08_3,2011,203.159
fra,sex_t,ocu_isco08_3,2012,188.361
fra,sex_t,ocu_isco08_3,2013,226.627
fra,sex_t,ocu_isco08_3,2014,203.48
fra,sex_t,ocu_isco08_3,2015,340.238
fra,sex_t,ocu_isco08_3,2016,297.316
fra,sex_t,ocu_isco08_3,2017,296.629
fra,sex_t,ocu_isco08_3,2018,282.173
fra,sex_t,ocu_isco08_3,2019,239.87
fra,sex_t,ocu_isco08_3,2020,103.236
fra,sex_t,ocu_isco08_3,2021,131.303
fra,sex_t,ocu_isco08_3,2022,105.748
fra,sex_t,ocu_isco08_3,2023,128.196
fra,sex_t,ocu_isco08_4,2011,101.193
fra,sex_t,ocu_isco08_4,2012,113.21
fra,sex_t,ocu_isco08_4,2013,145.606
fra,sex_t,ocu_isco08_4,2014,123.344
fra,sex_t,ocu_isco08_4,2015,130.537
fra,sex_t,ocu_isco08_4,2016,132.659
fra,sex_t,ocu_isco08_4,2017,93.271
fra,sex_t,ocu_isco08_4,2018,106.068
fra,sex_t,ocu_isco08_4,2019,88.245
fra,sex_t,ocu_isco08_4,2020,22.296
fra,sex_t,ocu_isco08_4,2021,28.661
fra,sex_t,ocu_isco08_4,2022,38.428
fra,sex_t,ocu_isco08_4,2023,35.996
fra,sex_t,ocu_isco08_5,2011,319.926
fra,sex_t,ocu_isco08_5,2012,308.459
fra,sex_t,ocu_isco08_5,2013,360.822
fra,sex_t,ocu_isco08_5,2014,374.328
fra,sex_t,ocu_isco08_5,2015,380.944
fra,sex_t,ocu_isco08_5,2016,466.014
fra,sex_t,ocu_isco08_5,2017,425.58
fra,sex_t,ocu_isco08_5,2018,384.215
fra,sex_t,ocu_isco08_5,2019,421.445
fra,sex_t,ocu_isco08_5,2020,289.906
fra,sex_t,ocu_isco08_5,2021,263.262
fra,sex_t,ocu_isco08_5,2022,214.112
fra,sex_t,ocu_isco08_5,2023,264.289
fra,sex_t,ocu_isco08_6,2011,176.558
fra,sex_t,ocu_isco08_6,2012,137.118
fra,sex_t,ocu_isco08_6,2013,133.666
fra,sex_t,ocu_isco08_6,2014,163.239
fra,sex_t,ocu_isco08_6,2015,117.28
fra,sex_t,ocu_isco08_6,2016,124.922
fra,sex_t,ocu_isco08_6,2017,112.2
fra,sex_t,ocu_isco08_6,2018,81.117
fra,sex_t,ocu_isco08_6,2019,109.798
fra,sex_t,ocu_isco08_6,2020,89.396
fra,sex_t,ocu_isco08_6,2021,62.216
fra,sex_t,ocu_isco08_6,2022,39.798
fra,sex_t,ocu_isco08_6,2023,59.517
fra,sex_t,ocu_isco08_7,2011,80.334
fra,sex_t,ocu_isco08_7,2012,120.732
fra,sex_t,ocu_isco08_7,2013,71.132
fra,sex_t,ocu_isco08_7,2014,89.48
fra,sex_t,ocu_isco08_7,2015,46.541
fra,sex_t,ocu_isco08_7,2016,79.399
fra,sex_t,ocu_isco08_7,2017,115.416
fra,sex_t,ocu_isco08_7,2018,100.506
fra,sex_t,ocu_isco08_7,2019,97.109
fra,sex_t,ocu_isco08_7,2020,173.848
fra,sex_t,ocu_isco08_7,2021,184.366
fra,sex_t,ocu_isco08_7,2022,130.813
fra,sex_t,ocu_isco08_7,2023,116.893
fra,sex_t,ocu_isco08_8,2011,49.996
fra,sex_t,ocu_isco08_8,2012,11.125
fra,sex_t,ocu_isco08_8,2013,18.808
fra,sex_t,ocu_isco08_8,2014,17.042
fra,sex_t,ocu_isco08_8,2015,30.263
fra,sex_t,ocu_isco08_8,2016,37.117
fra,sex_t,ocu_isco08_8,2017,34.806
fra,sex_t,ocu_isco08_8,2018,27.572
fra,sex_t,ocu_isco08_8,2019,28.831
fra,sex_t,ocu_isco08_8,2020,36.346
fra,sex_t,ocu_isco08_8,2021,42.72
fra,sex_t,ocu_isco08_8,2022,52.779
fra,sex_t,ocu_isco08_8,2023,37.536
fra,sex_t,ocu_isco08_9,2011,223.781
fra,sex_t,ocu_isco08_9,2012,171.363
fra,sex_t,ocu_isco08_9,2013,197.93
fra,sex_t,ocu_isco08_9,2014,189.162
fra,sex_t,ocu_isco08_9,2015,203.188
fra,sex_t,ocu_isco08_9,2016,172.968
fra,sex_t,ocu_isco08_9,2017,153.343
fra,sex_t,ocu_isco08_9,2018,155.268
fra,sex_t,ocu_isco08_9,2019,150.203
fra,sex_t,ocu_isco08_9,2020,54.875
fra,sex_t,ocu_isco08_9,2021,56.552
fra,sex_t,ocu_isco08_9,2022,47.465
fra,sex_t,ocu_isco08_9,2023,56.748
fra,sex_t,ocu_isco08_total,2011,1632.116
fra,sex_t,ocu_isco08_total,2012,1524.668
fra,sex_t,ocu_isco08_total,2013,1547.854
fra,sex_t,ocu_isco08_total,2014,1677.519
fra,sex_t,ocu_isco08_total,2015,1629.03
fra,sex_t,ocu_isco08_total,2016,1824.32
fra,sex_t,ocu_isco08_total,2017,1685.698
fra,sex_t,ocu_isco08_total,2018,1503.096
fra,sex_t,ocu_isco08_total,2019,1455.559
fra,sex_t,ocu_isco08_total,2020,970.706
fra,sex_t,ocu_isco08_total,2021,882.883
fra,sex_t,ocu_isco08_total,2022,944.035
fra,sex_t,ocu_isco08_total,2023,926.014
fra,sex_t,ocu_isco08_x,2011,68.433
fra,sex_t,ocu_isco08_x,2012,47.196
fra,sex_t,ocu_isco08_x,2013,41.224
fra,sex_t,ocu_isco08_x,2014,56.79
fra,sex_t,ocu_isco08_x,2017,13.65
fra,sex_t,ocu_isco08_x,2021,22.301
fra,sex_t,ocu_isco08_x,2022,59.768
fra,sex_t,ocu_isco08_x,2023,49.26
fra,sex_t,ocu_isco88_0,2007,89.735
fra,sex_t,ocu_isco88_0,2008,95.124
fra,sex_t,ocu_isco88_0,2009,81.903
fra,sex_t,ocu_isco88_0,2010,84.453
fra,sex_t,ocu_isco88_1,2007,159.481
fra,sex_t,ocu_isco88_1,2008,158.933
fra,sex_t,ocu_isco88_1,2009,118.85
fra,sex_t,ocu_isco88_1,2010,109.411
fra,sex_t,ocu_isco88_2,2007,355.561
fra,sex_t,ocu_isco88_2,2008,227.452
fra,sex_t,ocu_isco88_2,2009,281.283
fra,sex_t,ocu_isco88_2,2010,254.913
fra,sex_t,ocu_isco88_3,2007,303.497
fra,sex_t,ocu_isco88_3,2008,253.731
fra,sex_t,ocu_isco88_3,2009,294.045
fra,sex_t,ocu_isco88_3,2010,310.475
fra,sex_t,ocu_isco88_4,2007,190.66
fra,sex_t,ocu_isco88_4,2008,162.945
fra,sex_t,ocu_isco88_4,2009,126.807
fra,sex_t,ocu_isco88_4,2010,143.504
fra,sex_t,ocu_isco88_5,2007,212.969
fra,sex_t,ocu_isco88_5,2008,197.563
fra,sex_t,ocu_isco88_5,2009,166.009
fra,sex_t,ocu_isco88_5,2010,213.497
fra,sex_t,ocu_isco88_6,2007,176.051
fra,sex_t,ocu_isco88_6,2008,111.436
fra,sex_t,ocu_isco88_6,2009,103.939
fra,sex_t,ocu_isco88_6,2010,121.998
fra,sex_t,ocu_isco88_7,2007,130.62
fra,sex_t,ocu_isco88_7,2008,166.53
fra,sex_t,ocu_isco88_7,2009,115.658
fra,sex_t,ocu_isco88_7,2010,106.073
fra,sex_t,ocu_isco88_8,2007,44.129
fra,sex_t,ocu_isco88_8,2008,68.749
fra,sex_t,ocu_isco88_8,2009,35.045
fra,sex_t,ocu_isco88_8,2010,20.49
fra,sex_t,ocu_isco88_9,2007,291.616
fra,sex_t,ocu_isco88_9,2008,286.451
fra,sex_t,ocu_isco88_9,2009,240.79
fra,sex_t,ocu_isco88_9,2010,251.009
fra,sex_t,ocu_isco88_total,2007,1961.136
fra,sex_t,ocu_isco88_total,2008,1853.192
fra,sex_t,ocu_isco88_total,2009,1572.692
fra,sex_t,ocu_isco88_total,2010,1625.041
fra,sex_t,ocu_isco88_x,2008,124.277
fra,sex_t,ocu_isco88_x,2009,8.363
fra,sex_t,ocu_skill_l1,2007,291.616
fra,sex_t,ocu_skill_l1,2008,286.451
fra,sex_t,ocu_skill_l1,2009,240.79
fra,sex_t,ocu_skill_l1,2010,251.009
fra,sex_t,ocu_skill_l1,2011,223.781
fra,sex_t,ocu_skill_l1,2012,171.363
fra,sex_t,ocu_skill_l1,2013,197.93
fra,sex_t,ocu_skill_l1,2014,189.162
fra,sex_t,ocu_skill_l1,2015,203.188
fra,sex_t,ocu_skill_l1,2016,172.968
fra,sex_t,ocu_skill_l1,2017,153.343
fra,sex_t,ocu_skill_l1,2018,155.268
fra,sex_t,ocu_skill_l1,2019,150.203
fra,sex_t,ocu_skill_l1,2020,54.875
fra,sex_t,ocu_skill_l1,2021,56.552
fra,sex_t,ocu_skill_l1,2022,47.465
fra,sex_t,ocu_skill_l1,2023,56.748
fra,sex_t,ocu_skill_l2,2007,754.43
fra,sex_t,ocu_skill_l2,2008,707.224
fra,sex_t,ocu_skill_l2,2009,547.458
fra,sex_t,ocu_skill_l2,2010,605.561
fra,sex_t,ocu_skill_l2,2011,728.006
fra,sex_t,ocu_skill_l2,2012,690.645
fra,sex_t,ocu_skill_l2,2013,730.035
fra,sex_t,ocu_skill_l2,2014,767.433
fra,sex_t,ocu_skill_l2,2015,705.564
fra,sex_t,ocu_skill_l2,2016,840.111
fra,sex_t,ocu_skill_l2,2017,781.273
fra,sex_t,ocu_skill_l2,2018,699.479
fra,sex_t,ocu_skill_l2,2019,745.428
fra,sex_t,ocu_skill_l2,2020,611.791
fra,sex_t,ocu_skill_l2,2021,581.225
fra,sex_t,ocu_skill_l2,2022,475.93
fra,sex_t,ocu_skill_l2,2023,514.231
fra,sex_t,ocu_skill_l3_4,2007,818.54
fra,sex_t,ocu_skill_l3_4,2008,640.116
fra,sex_t,ocu_skill_l3_4,2009,694.178
fra,sex_t,ocu_skill_l3_4,2010,674.799
fra,sex_t,ocu_skill_l3_4,2011,564.302
fra,sex_t,ocu_skill_l3_4,2012,548.738
fra,sex_t,ocu_skill_l3_4,2013,518.846
fra,sex_t,ocu_skill_l3_4,2014,598.92
fra,sex_t,ocu_skill_l3_4,2015,657.534
fra,sex_t,ocu_skill_l3_4,2016,753.068
fra,sex_t,ocu_skill_l3_4,2017,700.369
fra,sex_t,ocu_skill_l3_4,2018,585.561
fra,sex_t,ocu_skill_l3_4,2019,541.246
fra,sex_t,ocu_skill_l3_4,2020,279.283
fra,sex_t,ocu_skill_l3_4,2021,220.294
fra,sex_t,ocu_skill_l3_4,2022,359.976
fra,sex_t,ocu_skill_l3_4,2023,305.774
fra,sex_t,ocu_skill_total,2007,1961.136
fra,sex_t,ocu_skill_total,2008,1853.192
fra,sex_t,ocu_skill_total,2009,1572.692
fra,sex_t,ocu_skill_total,2010,1625.041
fra,sex_t,ocu_skill_total,2011,1632.116
fra,sex_t,ocu_skill_total,2012,1524.668
fra,sex_t,ocu_skill_total,2013,1547.854
fra,sex_t,ocu_skill_total,2014,1677.519
fra,sex_t,ocu_skill_total,2015,1629.03
fra,sex_t,ocu_skill_total,2016,1824.32
fra,sex_t,ocu_skill_total,2017,1685.698
fra,sex_t,ocu_skill_total,2018,1503.096
fra,sex_t,ocu_skill_total,2019,1455.559
fra,sex_t,ocu_skill_total,2020,970.706
fra,sex_t,ocu_skill_total,2021,882.883
fra,sex_t,ocu_skill_total,2022,944.035
fra,sex_t,ocu_skill_total,2023,926.014
fra,sex_t,ocu_skill_x,2007,96.551
fra,sex_t,ocu_skill_x,2008,219.401
fra,sex_t,ocu_skill_x,2009,90.266
fra,sex_t,ocu_skill_x,2010,93.672
fra,sex_t,ocu_skill_x,2011,116.027
fra,sex_t,ocu_skill_x,2012,113.922
fra,sex_t,ocu_skill_x,2013,101.043
fra,sex_t,ocu_skill_x,2014,122.003
fra,sex_t,ocu_skill_x,2015,62.745
fra,sex_t,ocu_skill_x,2016,58.174
fra,sex_t,ocu_skill_x,2017,50.712
fra,sex_t,ocu_skill_x,2018,62.788
fra,sex_t,ocu_skill_x,2019,18.682
fra,sex_t,ocu_skill_x,2020,24.757
fra,sex_t,ocu_skill_x,2021,24.812
fra,sex_t,ocu_skill_x,2022,60.663
fra,sex_t,ocu_skill_x,2023,49.26
gbr,sex_f,ocu_isco08_1,2011,34.985
gbr,sex_f,ocu_isco08_1,2012,38.734
gbr,sex_f,ocu_isco08_1,2013,43.846
gbr,sex_f,ocu_isco08_1,2014,24.093
gbr,sex_f,ocu_isco08_1,2015,47.603
gbr,sex_f,ocu_isco08_1,2016,22.461
gbr,sex_f,ocu_isco08_1,2017,69.605
gbr,sex_f,ocu_isco08_1,2018,51.13
gbr,sex_f,ocu_isco08_2,2011,82.479
gbr,sex_f,ocu_isco08_2,2012,81.636
gbr,sex_f,ocu_isco08_2,2013,78.479
gbr,sex_f,ocu_isco08_2,2014,61.898
gbr,sex_f,ocu_isco08_2,2015,54.819
gbr,sex_f,ocu_isco08_2,2016,72.782
gbr,sex_f,ocu_isco08_2,2017,110.793
gbr,sex_f,ocu_isco08_2,2018,75.796
gbr,sex_f,ocu_isco08_3,2011,41.77
gbr,sex_f,ocu_isco08_3,2012,40.419
gbr,sex_f,ocu_isco08_3,2013,61.355
gbr,sex_f,ocu_isco08_3,2014,45.72
gbr,sex_f,ocu_isco08_3,2015,50.359
gbr,sex_f,ocu_isco08_3,2016,55.063
gbr,sex_f,ocu_isco08_3,2017,90.641
gbr,sex_f,ocu_isco08_3,2018,78.628
gbr,sex_f,ocu_isco08_4,2011,83.802
gbr,sex_f,ocu_isco08_4,2012,66.946
gbr,sex_f,ocu_isco08_4,2013,42.626
gbr,sex_f,ocu_isco08_4,2014,59.962
gbr,sex_f,ocu_isco08_4,2015,36.597
gbr,sex_f,ocu_isco08_4,2016,76.152
gbr,sex_f,ocu_isco08_4,2017,261.909
gbr,sex_f,ocu_isco08_4,2018,136.688
gbr,sex_f,ocu_isco08_5,2011,271.253
gbr,sex_f,ocu_isco08_5,2012,378.81
gbr,sex_f,ocu_isco08_5,2013,341.17
gbr,sex_f,ocu_isco08_5,2014,436.555
gbr,sex_f,ocu_isco08_5,2015,352.111
gbr,sex_f,ocu_isco08_5,2016,363.941
gbr,sex_f,ocu_isco08_5,2017,893.518
gbr,sex_f,ocu_isco08_5,2018,508.77
gbr,sex_f,ocu_isco08_7,2012,11.796
gbr,sex_f,ocu_isco08_7,2014,13.708
gbr,sex_f,ocu_isco08_7,2015,16.643
gbr,sex_f,ocu_isco08_7,2017,15.206
gbr,sex_f,ocu_isco08_7,2018,9.814
gbr,sex_f,ocu_isco08_8,2011,16.159
gbr,sex_f,ocu_isco08_8,2012,12.255
gbr,sex_f,ocu_isco08_8,2013,13.034
gbr,sex_f,ocu_isco08_8,2018,11.334
gbr,sex_f,ocu_isco08_9,2011,69.958
gbr,sex_f,ocu_isco08_9,2012,127.877
gbr,sex_f,ocu_isco08_9,2013,114.234
gbr,sex_f,ocu_isco08_9,2014,77.049
gbr,sex_f,ocu_isco08_9,2015,119.219
gbr,sex_f,ocu_isco08_9,2016,114.267
gbr,sex_f,ocu_isco08_9,2017,311.572
gbr,sex_f,ocu_isco08_9,2018,196.305
gbr,sex_f,ocu_isco08_total,2011,686.09
gbr,sex_f,ocu_isco08_total,2012,802.441
gbr,sex_f,ocu_isco08_total,2013,718.183
gbr,sex_f,ocu_isco08_total,2014,734.453
gbr,sex_f,ocu_isco08_total,2015,712.66
gbr,sex_f,ocu_isco08_total,2016,752.976
gbr,sex_f,ocu_isco08_total,2017,1841.006
gbr,sex_f,ocu_isco08_total,2018,1209.6
gbr,sex_f,ocu_isco08_x,2011,80.555
gbr,sex_f,ocu_isco08_x,2012,35.819
gbr,sex_f,ocu_isco08_x,2013,12.593
gbr,sex_f,ocu_isco08_x,2016,26.912
gbr,sex_f,ocu_isco08_x,2017,71.293
gbr,sex_f,ocu_isco08_x,2018,136.42
gbr,sex_f,ocu_isco88_1,2007,78.754
gbr,sex_f,ocu_isco88_1,2008,100.446
gbr,sex_f,ocu_isco88_1,2009,86.505
gbr,sex_f,ocu_isco88_1,2010,21.159
gbr,sex_f,ocu_isco88_2,2007,171.258
gbr,sex_f,ocu_isco88_2,2008,117.216
gbr,sex_f,ocu_isco88_2,2009,103.99
gbr,sex_f,ocu_isco88_2,2010,32.619
gbr,sex_f,ocu_isco88_3,2007,146.646
gbr,sex_f,ocu_isco88_3,2008,114.818
gbr,sex_f,ocu_isco88_3,2009,130.38
gbr,sex_f,ocu_isco88_3,2010,23.708
gbr,sex_f,ocu_isco88_4,2007,250.168
gbr,sex_f,ocu_isco88_4,2008,302.136
gbr,sex_f,ocu_isco88_4,2009,274.741
gbr,sex_f,ocu_isco88_4,2010,54.09
gbr,sex_f,ocu_isco88_5,2007,300.083
gbr,sex_f,ocu_isco88_5,2008,791.392
gbr,sex_f,ocu_isco88_5,2009,726.192
gbr,sex_f,ocu_isco88_5,2010,128.865
gbr,sex_f,ocu_isco88_7,2007,0
gbr,sex_f,ocu_isco88_7,2008,34.334
gbr,sex_f,ocu_isco88_7,2009,17.784
gbr,sex_f,ocu_isco88_8,2007,19.085
gbr,sex_f,ocu_isco88_8,2008,76.614
gbr,sex_f,ocu_isco88_8,2009,96.648
gbr,sex_f,ocu_isco88_9,2007,115.023
gbr,sex_f,ocu_isco88_9,2008,324.876
gbr,sex_f,ocu_isco88_9,2009,322.182
gbr,sex_f,ocu_isco88_9,2010,59.798
gbr,sex_f,ocu_isco88_total,2007,1226.159
gbr,sex_f,ocu_isco88_total,2008,1905.632
gbr,sex_f,ocu_isco88_total,2009,1852.043
gbr,sex_f,ocu_isco88_total,2010,356.507
gbr,sex_f,ocu_isco88_x,2007,145.144
gbr,sex_f,ocu_isco88_x,2008,32.819
gbr,sex_f,ocu_isco88_x,2009,86.132
gbr,sex_f,ocu_isco88_x,2010,24.009
gbr,sex_f,ocu_skill_l1,2007,115.023
gbr,sex_f,ocu_skill_l1,2008,324.876
gbr,sex_f,ocu_skill_l1,2009,322.182
gbr,sex_f,ocu_skill_l1,2010,59.798
gbr,sex_f,ocu_skill_l1,2011,69.958
gbr,sex_f,ocu_skill_l1,2012,127.877
gbr,sex_f,ocu_skill_l1,2013,114.234
gbr,sex_f,ocu_skill_l1,2014,77.049
gbr,sex_f,ocu_skill_l1,2015,119.219
gbr,sex_f,ocu_skill_l1,2016,114.267
gbr,sex_f,ocu_skill_l1,2017,311.572
gbr,sex_f,ocu_skill_l1,2018,196.305
gbr,sex_f,ocu_skill_l2,2007,569.335
gbr,sex_f,ocu_skill_l2,2008,1215.457
gbr,sex_f,ocu_skill_l2,2009,1122.854
gbr,sex_f,ocu_skill_l2,2010,195.214
gbr,sex_f,ocu_skill_l2,2011,376.342
gbr,sex_f,ocu_skill_l2,2012,477.957
gbr,sex_f,ocu_skill_l2,2013,407.676
gbr,sex_f,ocu_skill_l2,2014,523.621
gbr,sex_f,ocu_skill_l2,2015,425.728
gbr,sex_f,ocu_skill_l2,2016,461.491
gbr,sex_f,ocu_skill_l2,2017,1187.102
gbr,sex_f,ocu_skill_l2,2018,671.32
gbr,sex_f,ocu_skill_l3_4,2007,396.657
gbr,sex_f,ocu_skill_l3_4,2008,332.48
gbr,sex_f,ocu_skill_l3_4,2009,320.876
gbr,sex_f,ocu_skill_l3_4,2010,77.486
gbr,sex_f,ocu_skill_l3_4,2011,159.234
gbr,sex_f,ocu_skill_l3_4,2012,160.789
gbr,sex_f,ocu_skill_l3_4,2013,183.68
gbr,sex_f,ocu_skill_l3_4,2014,131.711
gbr,sex_f,ocu_skill_l3_4,2015,152.781
gbr,sex_f,ocu_skill_l3_4,2016,150.306
gbr,sex_f,ocu_skill_l3_4,2017,271.039
gbr,sex_f,ocu_skill_l3_4,2018,205.554
gbr,sex_f,ocu_skill_total,2007,1226.159
gbr,sex_f,ocu_skill_total,2008,1905.632
gbr,sex_f,ocu_skill_total,2009,1852.043
gbr,sex_f,ocu_skill_total,2010,356.507
gbr,sex_f,ocu_skill_total,2011,686.09
gbr,sex_f,ocu_skill_total,2012,802.441
gbr,sex_f,ocu_skill_total,2013,718.183
gbr,sex_f,ocu_skill_total,2014,734.453
gbr,sex_f,ocu_skill_total,2015,712.66
gbr,sex_f,ocu_skill_total,2016,752.976
gbr,sex_f,ocu_skill_total,2017,1841.006
gbr,sex_f,ocu_skill_total,2018,1209.6
gbr,sex_f,ocu_skill_x,2007,145.144
gbr,sex_f,ocu_skill_x,2008,32.819
gbr,sex_f,ocu_skill_x,2009,86.132
gbr,sex_f,ocu_skill_x,2010,24.009
gbr,sex_f,ocu_skill_x,2011,80.555
gbr,sex_f,ocu_skill_x,2012,35.819
gbr,sex_f,ocu_skill_x,2013,12.593
gbr,sex_f,ocu_skill_x,2016,26.912
gbr,sex_f,ocu_skill_x,2017,71.293
gbr,sex_f,ocu_skill_x,2018,136.42
gbr,sex_m,ocu_isco08_1,2011,55.706
gbr,sex_m,ocu_isco08_1,2012,70.459
gbr,sex_m,ocu_isco08_1,2013,69.206
gbr,sex_m,ocu_isco08_1,2014,41.831
gbr,sex_m,ocu_isco08_1,2015,70.429
gbr,sex_m,ocu_isco08_1,2016,37.008
gbr,sex_m,ocu_isco08_1,2017,38.792
gbr,sex_m,ocu_isco08_1,2018,69.891
gbr,sex_m,ocu_isco08_2,2011,73.847
gbr,sex_m,ocu_isco08_2,2012,108.636
gbr,sex_m,ocu_isco08_2,2013,84.568
gbr,sex_m,ocu_isco08_2,2014,65.092
gbr,sex_m,ocu_isco08_2,2015,63.469
gbr,sex_m,ocu_isco08_2,2016,79.648
gbr,sex_m,ocu_isco08_2,2017,94.132
gbr,sex_m,ocu_isco08_2,2018,78.134
gbr,sex_m,ocu_isco08_3,2011,14.883
gbr,sex_m,ocu_isco08_3,2012,56.756
gbr,sex_m,ocu_isco08_3,2013,36.303
gbr,sex_m,ocu_isco08_3,2014,54.221
gbr,sex_m,ocu_isco08_3,2015,47.546
gbr,sex_m,ocu_isco08_3,2016,42.373
gbr,sex_m,ocu_isco08_3,2017,58.923
gbr,sex_m,ocu_isco08_3,2018,50.627
gbr,sex_m,ocu_isco08_4,2012,54.821
gbr,sex_m,ocu_isco08_4,2013,30.562
gbr,sex_m,ocu_isco08_4,2014,30.617
gbr,sex_m,ocu_isco08_4,2015,20.334
gbr,sex_m,ocu_isco08_4,2016,33.289
gbr,sex_m,ocu_isco08_4,2017,84.604
gbr,sex_m,ocu_isco08_4,2018,49.085
gbr,sex_m,ocu_isco08_5,2011,64.692
gbr,sex_m,ocu_isco08_5,2012,138.317
gbr,sex_m,ocu_isco08_5,2013,120.303
gbr,sex_m,ocu_isco08_5,2014,103.441
gbr,sex_m,ocu_isco08_5,2015,113.079
gbr,sex_m,ocu_isco08_5,2016,153.919
gbr,sex_m,ocu_isco08_5,2017,270.572
gbr,sex_m,ocu_isco08_5,2018,141.364
gbr,sex_m,ocu_isco08_6,2011,28.749
gbr,sex_m,ocu_isco08_6,2012,38.691
gbr,sex_m,ocu_isco08_6,2013,20.315
gbr,sex_m,ocu_isco08_6,2014,25.951
gbr,sex_m,ocu_isco08_6,2015,25.584
gbr,sex_m,ocu_isco08_6,2016,20.185
gbr,sex_m,ocu_isco08_6,2017,31.788
gbr,sex_m,ocu_isco08_6,2018,13.865
gbr,sex_m,ocu_isco08_7,2011,70.724
gbr,sex_m,ocu_isco08_7,2012,117.2
gbr,sex_m,ocu_isco08_7,2013,96.71
gbr,sex_m,ocu_isco08_7,2014,61.851
gbr,sex_m,ocu_isco08_7,2015,52.396
gbr,sex_m,ocu_isco08_7,2016,49.046
gbr,sex_m,ocu_isco08_7,2017,67.272
gbr,sex_m,ocu_isco08_7,2018,82.011
gbr,sex_m,ocu_isco08_8,2011,19.492
gbr,sex_m,ocu_isco08_8,2012,74.263
gbr,sex_m,ocu_isco08_8,2013,42.847
gbr,sex_m,ocu_isco08_8,2014,16.615
gbr,sex_m,ocu_isco08_8,2015,34.167
gbr,sex_m,ocu_isco08_8,2016,21.401
gbr,sex_m,ocu_isco08_8,2017,46.424
gbr,sex_m,ocu_isco08_8,2018,40.585
gbr,sex_m,ocu_isco08_9,2011,75.567
gbr,sex_m,ocu_isco08_9,2012,106.143
gbr,sex_m,ocu_isco08_9,2013,80.9
gbr,sex_m,ocu_isco08_9,2014,88.16
gbr,sex_m,ocu_isco08_9,2015,95.632
gbr,sex_m,ocu_isco08_9,2016,53.6
gbr,sex_m,ocu_isco08_9,2017,176.414
gbr,sex_m,ocu_isco08_9,2018,110.347
gbr,sex_m,ocu_isco08_total,2011,513.681
gbr,sex_m,ocu_isco08_total,2012,775.291
gbr,sex_m,ocu_isco08_total,2013,595.915
gbr,sex_m,ocu_isco08_total,2014,503.42
gbr,sex_m,ocu_isco08_total,2015,526.847
gbr,sex_m,ocu_isco08_total,2016,493.044
gbr,sex_m,ocu_isco08_total,2017,984.694
gbr,sex_m,ocu_isco08_total,2018,880.567
gbr,sex_m,ocu_isco08_x,2011,93.332
gbr,sex_m,ocu_isco08_x,2013,14.201
gbr,sex_m,ocu_isco08_x,2017,115.773
gbr,sex_m,ocu_isco08_x,2018,242.213
gbr,sex_m,ocu_isco88_1,2007,136.634
gbr,sex_m,ocu_isco88_1,2008,69.229
gbr,sex_m,ocu_isco88_1,2009,108.637
gbr,sex_m,ocu_isco88_1,2010,45.443
gbr,sex_m,ocu_isco88_2,2007,158.472
gbr,sex_m,ocu_isco88_2,2008,79.05
gbr,sex_m,ocu_isco88_2,2009,76.414
gbr,sex_m,ocu_isco88_2,2010,35.992
gbr,sex_m,ocu_isco88_3,2007,110.878
gbr,sex_m,ocu_isco88_3,2008,74.378
gbr,sex_m,ocu_isco88_3,2009,110.174
gbr,sex_m,ocu_isco88_3,2010,41.193
gbr,sex_m,ocu_isco88_4,2007,70.257
gbr,sex_m,ocu_isco88_4,2008,65.74
gbr,sex_m,ocu_isco88_4,2009,80.637
gbr,sex_m,ocu_isco88_4,2010,22.542
gbr,sex_m,ocu_isco88_5,2007,124.495
gbr,sex_m,ocu_isco88_5,2008,142.018
gbr,sex_m,ocu_isco88_5,2009,210.575
gbr,sex_m,ocu_isco88_5,2010,41.763
gbr,sex_m,ocu_isco88_6,2007,13.25
gbr,sex_m,ocu_isco88_6,2008,19.834
gbr,sex_m,ocu_isco88_6,2009,10.509
gbr,sex_m,ocu_isco88_7,2007,106.096
gbr,sex_m,ocu_isco88_7,2008,128.639
gbr,sex_m,ocu_isco88_7,2009,155.688
gbr,sex_m,ocu_isco88_7,2010,45.876
gbr,sex_m,ocu_isco88_8,2007,80.622
gbr,sex_m,ocu_isco88_8,2008,102.62
gbr,sex_m,ocu_isco88_8,2009,92.3
gbr,sex_m,ocu_isco88_8,2010,19.24
gbr,sex_m,ocu_isco88_9,2007,189.236
gbr,sex_m,ocu_isco88_9,2008,165.966
gbr,sex_m,ocu_isco88_9,2009,151.965
gbr,sex_m,ocu_isco88_9,2010,42.789
gbr,sex_m,ocu_isco88_total,2007,1256.173
gbr,sex_m,ocu_isco88_total,2008,883.481
gbr,sex_m,ocu_isco88_total,2009,1055.068
gbr,sex_m,ocu_isco88_total,2010,349.752
gbr,sex_m,ocu_isco88_x,2007,266.234
gbr,sex_m,ocu_isco88_x,2008,36.006
gbr,sex_m,ocu_isco88_x,2009,58.169
gbr,sex_m,ocu_isco88_x,2010,45.817
gbr,sex_m,ocu_skill_l1,2007,189.236
gbr,sex_m,ocu_skill_l1,2008,165.966
gbr,sex_m,ocu_skill_l1,2009,151.965
gbr,sex_m,ocu_skill_l1,2010,42.789
gbr,sex_m,ocu_skill_l1,2011,75.567
gbr,sex_m,ocu_skill_l1,2012,106.143
gbr,sex_m,ocu_skill_l1,2013,80.9
gbr,sex_m,ocu_skill_l1,2014,88.16
gbr,sex_m,ocu_skill_l1,2015,95.632
gbr,sex_m,ocu_skill_l1,2016,53.6
gbr,sex_m,ocu_skill_l1,2017,176.414
gbr,sex_m,ocu_skill_l1,2018,110.347
gbr,sex_m,ocu_skill_l2,2007,394.72
gbr,sex_m,ocu_skill_l2,2008,458.851
gbr,sex_m,ocu_skill_l2,2009,549.709
gbr,sex_m,ocu_skill_l2,2010,138.518
gbr,sex_m,ocu_skill_l2,2011,200.345
gbr,sex_m,ocu_skill_l2,2012,423.292
gbr,sex_m,ocu_skill_l2,2013,310.737
gbr,sex_m,ocu_skill_l2,2014,238.475
gbr,sex_m,ocu_skill_l2,2015,245.56
gbr,sex_m,ocu_skill_l2,2016,277.84
gbr,sex_m,ocu_skill_l2,2017,500.66
gbr,sex_m,ocu_skill_l2,2018,326.91
gbr,sex_m,ocu_skill_l3_4,2007,405.984
gbr,sex_m,ocu_skill_l3_4,2008,222.658
gbr,sex_m,ocu_skill_l3_4,2009,295.225
gbr,sex_m,ocu_skill_l3_4,2010,122.628
gbr,sex_m,ocu_skill_l3_4,2011,144.436
gbr,sex_m,ocu_skill_l3_4,2012,235.851
gbr,sex_m,ocu_skill_l3_4,2013,190.077
gbr,sex_m,ocu_skill_l3_4,2014,161.144
gbr,sex_m,ocu_skill_l3_4,2015,181.444
gbr,sex_m,ocu_skill_l3_4,2016,159.029
gbr,sex_m,ocu_skill_l3_4,2017,191.847
gbr,sex_m,ocu_skill_l3_4,2018,198.651
gbr,sex_m,ocu_skill_total,2007,1256.173
gbr,sex_m,ocu_skill_total,2008,883.481
gbr,sex_m,ocu_skill_total,2009,1055.068
gbr,sex_m,ocu_skill_total,2010,349.752
gbr,sex_m,ocu_skill_total,2011,513.681
gbr,sex_m,ocu_skill_total,2012,775.291
gbr,sex_m,ocu_skill_total,2013,595.915
gbr,sex_m,ocu_skill_total,2014,503.42
gbr,sex_m,ocu_skill_total,2015,526.847
gbr,sex_m,ocu_skill_total,2016,493.044
gbr,sex_m,ocu_skill_total,2017,984.694
gbr,sex_m,ocu_skill_total,2018,880.567
gbr,sex_m,ocu_skill_x,2007,266.234
gbr,sex_m,ocu_skill_x,2008,36.006
gbr,sex_m,ocu_skill_x,2009,58.169
gbr,sex_m,ocu_skill_x,2010,45.817
gbr,sex_m,ocu_skill_x,2011,93.332
gbr,sex_m,ocu_skill_x,2013,14.201
gbr,sex_m,ocu_skill_x,2017,115.773
gbr,sex_m,ocu_skill_x,2018,244.658
gbr,sex_t,ocu_isco08_1,2011,90.691
gbr,sex_t,ocu_isco08_1,2012,109.192
gbr,sex_t,ocu_isco08_1,2013,113.052
gbr,sex_t,ocu_isco08_1,2014,65.924
gbr,sex_t,ocu_isco08_1,2015,118.032
gbr,sex_t,ocu_isco08_1,2016,59.469
gbr,sex_t,ocu_isco08_1,2017,108.397
gbr,sex_t,ocu_isco08_1,2018,121.02
gbr,sex_t,ocu_isco08_2,2011,156.326
gbr,sex_t,ocu_isco08_2,2012,190.273
gbr,sex_t,ocu_isco08_2,2013,163.047
gbr,sex_t,ocu_isco08_2,2014,126.99
gbr,sex_t,ocu_isco08_2,2015,118.288
gbr,sex_t,ocu_isco08_2,2016,152.43
gbr,sex_t,ocu_isco08_2,2017,204.926
gbr,sex_t,ocu_isco08_2,2018,153.93
gbr,sex_t,ocu_isco08_3,2011,56.654
gbr,sex_t,ocu_isco08_3,2012,97.174
gbr,sex_t,ocu_isco08_3,2013,97.658
gbr,sex_t,ocu_isco08_3,2014,99.941
gbr,sex_t,ocu_isco08_3,2015,97.905
gbr,sex_t,ocu_isco08_3,2016,97.436
gbr,sex_t,ocu_isco08_3,2017,149.564
gbr,sex_t,ocu_isco08_3,2018,129.256
gbr,sex_t,ocu_isco08_4,2011,100.491
gbr,sex_t,ocu_isco08_4,2012,121.766
gbr,sex_t,ocu_isco08_4,2013,73.188
gbr,sex_t,ocu_isco08_4,2014,90.579
gbr,sex_t,ocu_isco08_4,2015,56.931
gbr,sex_t,ocu_isco08_4,2016,109.441
gbr,sex_t,ocu_isco08_4,2017,346.513
gbr,sex_t,ocu_isco08_4,2018,185.773
gbr,sex_t,ocu_isco08_5,2011,335.944
gbr,sex_t,ocu_isco08_5,2012,517.127
gbr,sex_t,ocu_isco08_5,2013,461.473
gbr,sex_t,ocu_isco08_5,2014,539.996
gbr,sex_t,ocu_isco08_5,2015,465.19
gbr,sex_t,ocu_isco08_5,2016,517.86
gbr,sex_t,ocu_isco08_5,2017,1164.09
gbr,sex_t,ocu_isco08_5,2018,650.134
gbr,sex_t,ocu_isco08_6,2011,28.749
gbr,sex_t,ocu_isco08_6,2012,46.842
gbr,sex_t,ocu_isco08_6,2013,25.164
gbr,sex_t,ocu_isco08_6,2014,29.727
gbr,sex_t,ocu_isco08_6,2015,31.875
gbr,sex_t,ocu_isco08_6,2016,23.283
gbr,sex_t,ocu_isco08_6,2017,36.44
gbr,sex_t,ocu_isco08_6,2018,18.58
gbr,sex_t,ocu_isco08_7,2011,75.851
gbr,sex_t,ocu_isco08_7,2012,128.996
gbr,sex_t,ocu_isco08_7,2013,102.707
gbr,sex_t,ocu_isco08_7,2014,75.559
gbr,sex_t,ocu_isco08_7,2015,69.039
gbr,sex_t,ocu_isco08_7,2016,56.819
gbr,sex_t,ocu_isco08_7,2017,82.479
gbr,sex_t,ocu_isco08_7,2018,91.825
gbr,sex_t,ocu_isco08_8,2011,35.652
gbr,sex_t,ocu_isco08_8,2012,86.518
gbr,sex_t,ocu_isco08_8,2013,55.881
gbr,sex_t,ocu_isco08_8,2014,26.235
gbr,sex_t,ocu_isco08_8,2015,48.253
gbr,sex_t,ocu_isco08_8,2016,31.928
gbr,sex_t,ocu_isco08_8,2017,58.24
gbr,sex_t,ocu_isco08_8,2018,51.92
gbr,sex_t,ocu_isco08_9,2011,145.525
gbr,sex_t,ocu_isco08_9,2012,234.019
gbr,sex_t,ocu_isco08_9,2013,195.134
gbr,sex_t,ocu_isco08_9,2014,165.209
gbr,sex_t,ocu_isco08_9,2015,214.851
gbr,sex_t,ocu_isco08_9,2016,167.867
gbr,sex_t,ocu_isco08_9,2017,487.986
gbr,sex_t,ocu_isco08_9,2018,306.653
gbr,sex_t,ocu_isco08_total,2011,1199.771
gbr,sex_t,ocu_isco08_total,2012,1577.733
gbr,sex_t,ocu_isco08_total,2013,1314.098
gbr,sex_t,ocu_isco08_total,2014,1237.873
gbr,sex_t,ocu_isco08_total,2015,1239.507
gbr,sex_t,ocu_isco08_total,2016,1246.02
gbr,sex_t,ocu_isco08_total,2017,2825.7
gbr,sex_t,ocu_isco08_total,2018,2090.167
gbr,sex_t,ocu_isco08_x,2011,173.888
gbr,sex_t,ocu_isco08_x,2012,39.798
gbr,sex_t,ocu_isco08_x,2013,26.794
gbr,sex_t,ocu_isco08_x,2015,19.143
gbr,sex_t,ocu_isco08_x,2016,29.487
gbr,sex_t,ocu_isco08_x,2017,187.066
gbr,sex_t,ocu_isco08_x,2018,378.634
gbr,sex_t,ocu_isco88_1,2007,215.388
gbr,sex_t,ocu_isco88_1,2008,169.675
gbr,sex_t,ocu_isco88_1,2009,195.142
gbr,sex_t,ocu_isco88_1,2010,66.603
gbr,sex_t,ocu_isco88_2,2007,329.73
gbr,sex_t,ocu_isco88_2,2008,196.266
gbr,sex_t,ocu_isco88_2,2009,180.404
gbr,sex_t,ocu_isco88_2,2010,68.611
gbr,sex_t,ocu_isco88_3,2007,257.523
gbr,sex_t,ocu_isco88_3,2008,189.196
gbr,sex_t,ocu_isco88_3,2009,240.554
gbr,sex_t,ocu_isco88_3,2010,64.901
gbr,sex_t,ocu_isco88_4,2007,320.425
gbr,sex_t,ocu_isco88_4,2008,367.876
gbr,sex_t,ocu_isco88_4,2009,355.377
gbr,sex_t,ocu_isco88_4,2010,76.633
gbr,sex_t,ocu_isco88_5,2007,424.578
gbr,sex_t,ocu_isco88_5,2008,933.41
gbr,sex_t,ocu_isco88_5,2009,936.767
gbr,sex_t,ocu_isco88_5,2010,170.628
gbr,sex_t,ocu_isco88_6,2007,13.25
gbr,sex_t,ocu_isco88_6,2008,30.816
gbr,sex_t,ocu_isco88_6,2009,17.998
gbr,sex_t,ocu_isco88_6,2010,16.848
gbr,sex_t,ocu_isco88_7,2007,106.096
gbr,sex_t,ocu_isco88_7,2008,162.972
gbr,sex_t,ocu_isco88_7,2009,173.472
gbr,sex_t,ocu_isco88_7,2010,45.876
gbr,sex_t,ocu_isco88_8,2007,99.707
gbr,sex_t,ocu_isco88_8,2008,179.234
gbr,sex_t,ocu_isco88_8,2009,188.948
gbr,sex_t,ocu_isco88_8,2010,23.746
gbr,sex_t,ocu_isco88_9,2007,304.259
gbr,sex_t,ocu_isco88_9,2008,490.842
gbr,sex_t,ocu_isco88_9,2009,474.147
gbr,sex_t,ocu_isco88_9,2010,102.587
gbr,sex_t,ocu_isco88_total,2007,2482.333
gbr,sex_t,ocu_isco88_total,2008,2789.113
gbr,sex_t,ocu_isco88_total,2009,2907.111
gbr,sex_t,ocu_isco88_total,2010,706.259
gbr,sex_t,ocu_isco88_x,2007,411.378
gbr,sex_t,ocu_isco88_x,2008,68.825
gbr,sex_t,ocu_isco88_x,2009,144.3
gbr,sex_t,ocu_isco88_x,2010,69.826
gbr,sex_t,ocu_skill_l1,2007,304.259
gbr,sex_t,ocu_skill_l1,2008,490.842
gbr,sex_t,ocu_skill_l1,2009,474.147
gbr,sex_t,ocu_skill_l1,2010,102.587
gbr,sex_t,ocu_skill_l1,2011,145.525
gbr,sex_t,ocu_skill_l1,2012,234.019
gbr,sex_t,ocu_skill_l1,2013,195.134
gbr,sex_t,ocu_skill_l1,2014,165.209
gbr,sex_t,ocu_skill_l1,2015,214.851
gbr,sex_t,ocu_skill_l1,2016,167.867
gbr,sex_t,ocu_skill_l1,2017,487.986
gbr,sex_t,ocu_skill_l1,2018,306.653
gbr,sex_t,ocu_skill_l2,2007,964.056
gbr,sex_t,ocu_skill_l2,2008,1674.309
gbr,sex_t,ocu_skill_l2,2009,1672.563
gbr,sex_t,ocu_skill_l2,2010,333.732
gbr,sex_t,ocu_skill_l2,2011,576.688
gbr,sex_t,ocu_skill_l2,2012,901.249
gbr,sex_t,ocu_skill_l2,2013,718.413
gbr,sex_t,ocu_skill_l2,2014,762.096
gbr,sex_t,ocu_skill_l2,2015,671.288
gbr,sex_t,ocu_skill_l2,2016,739.331
gbr,sex_t,ocu_skill_l2,2017,1687.762
gbr,sex_t,ocu_skill_l2,2018,998.23
gbr,sex_t,ocu_skill_l3_4,2007,802.641
gbr,sex_t,ocu_skill_l3_4,2008,555.138
gbr,sex_t,ocu_skill_l3_4,2009,616.101
gbr,sex_t,ocu_skill_l3_4,2010,200.115
gbr,sex_t,ocu_skill_l3_4,2011,303.671
gbr,sex_t,ocu_skill_l3_4,2012,396.639
gbr,sex_t,ocu_skill_l3_4,2013,373.757
gbr,sex_t,ocu_skill_l3_4,2014,292.855
gbr,sex_t,ocu_skill_l3_4,2015,334.225
gbr,sex_t,ocu_skill_l3_4,2016,309.335
gbr,sex_t,ocu_skill_l3_4,2017,462.886
gbr,sex_t,ocu_skill_l3_4,2018,404.205
gbr,sex_t,ocu_skill_total,2007,2482.333
gbr,sex_t,ocu_skill_total,2008,2789.113
gbr,sex_t,ocu_skill_total,2009,2907.111
gbr,sex_t,ocu_skill_total,2010,706.259
gbr,sex_t,ocu_skill_total,2011,1199.771
gbr,sex_t,ocu_skill_total,2012,1577.733
gbr,sex_t,ocu_skill_total,2013,1314.098
gbr,sex_t,ocu_skill_total,2014,1237.873
gbr,sex_t,ocu_skill_total,2015,1239.507
gbr,sex_t,ocu_skill_total,2016,1246.02
gbr,sex_t,ocu_skill_total,2017,2825.7
gbr,sex_t,ocu_skill_total,2018,2090.167
gbr,sex_t,ocu_skill_x,2007,411.378
gbr,sex_t,ocu_skill_x,2008,68.825
gbr,sex_t,ocu_skill_x,2009,144.3
gbr,sex_t,ocu_skill_x,2010,69.826
gbr,sex_t,ocu_skill_x,2011,173.888
gbr,sex_t,ocu_skill_x,2012,45.825
gbr,sex_t,ocu_skill_x,2013,26.794
gbr,sex_t,ocu_skill_x,2014,17.713
gbr,sex_t,ocu_skill_x,2015,19.143
gbr,sex_t,ocu_skill_x,2016,29.487
gbr,sex_t,ocu_skill_x,2017,187.066
gbr,sex_t,ocu_skill_x,2018,381.079
geo,sex_f,ocu_isco08_1,2019,0.889
geo,sex_f,ocu_isco08_1,2020,1.413
geo,sex_f,ocu_isco08_2,2019,5.687
geo,sex_f,ocu_isco08_2,2020,7.989
geo,sex_f,ocu_isco08_3,2019,2.777
geo,sex_f,ocu_isco08_3,2020,5.578
geo,sex_f,ocu_isco08_4,2019,3.598
geo,sex_f,ocu_isco08_4,2020,1.552
geo,sex_f,ocu_isco08_5,2019,45.804
geo,sex_f,ocu_isco08_5,2020,48.593
geo,sex_f,ocu_isco08_6,2019,315.887
geo,sex_f,ocu_isco08_6,2020,332.618
geo,sex_f,ocu_isco08_7,2019,7.16
geo,sex_f,ocu_isco08_7,2020,8.436
geo,sex_f,ocu_isco08_8,2019,0.931
geo,sex_f,ocu_isco08_8,2020,2.348
geo,sex_f,ocu_isco08_9,2019,16.226
geo,sex_f,ocu_isco08_9,2020,23.093
geo,sex_f,ocu_isco08_total,2019,398.959
geo,sex_f,ocu_isco08_total,2020,431.621
geo,sex_f,ocu_skill_l1,2019,16.226
geo,sex_f,ocu_skill_l1,2020,23.093
geo,sex_f,ocu_skill_l2,2019,373.38
geo,sex_f,ocu_skill_l2,2020,393.547
geo,sex_f,ocu_skill_l3_4,2019,9.353
geo,sex_f,ocu_skill_l3_4,2020,14.981
geo,sex_f,ocu_skill_total,2019,398.959
geo,sex_f,ocu_skill_total,2020,431.621
geo,sex_m,ocu_isco08_1,2019,1.275
geo,sex_m,ocu_isco08_1,2020,3.048
geo,sex_m,ocu_isco08_2,2019,3.687
geo,sex_m,ocu_isco08_2,2020,7.685
geo,sex_m,ocu_isco08_3,2019,10.021
geo,sex_m,ocu_isco08_3,2020,11.21
geo,sex_m,ocu_isco08_4,2019,3.127
geo,sex_m,ocu_isco08_4,2020,2.706
geo,sex_m,ocu_isco08_5,2019,15.378
geo,sex_m,ocu_isco08_5,2020,22.742
geo,sex_m,ocu_isco08_6,2019,308.616
geo,sex_m,ocu_isco08_6,2020,333.414
geo,sex_m,ocu_isco08_7,2019,67.357
geo,sex_m,ocu_isco08_7,2020,65.374
geo,sex_m,ocu_isco08_8,2019,28.545
geo,sex_m,ocu_isco08_8,2020,33.556
geo,sex_m,ocu_isco08_9,2019,29.667
geo,sex_m,ocu_isco08_9,2020,28.27
geo,sex_m,ocu_isco08_total,2019,467.673
geo,sex_m,ocu_isco08_total,2020,508.004
geo,sex_m,ocu_skill_l1,2019,29.667
geo,sex_m,ocu_skill_l1,2020,28.27
geo,sex_m,ocu_skill_l2,2019,423.023
geo,sex_m,ocu_skill_l2,2020,457.791
geo,sex_m,ocu_skill_l3_4,2019,14.983
geo,sex_m,ocu_skill_l3_4,2020,21.943
geo,sex_m,ocu_skill_total,2019,467.673
geo,sex_m,ocu_skill_total,2020,508.004
geo,sex_t,ocu_isco08_1,2019,2.164
geo,sex_t,ocu_isco08_1,2020,4.461
geo,sex_t,ocu_isco08_2,2019,9.374
geo,sex_t,ocu_isco08_2,2020,15.674
geo,sex_t,ocu_isco08_3,2019,12.798
geo,sex_t,ocu_isco08_3,2020,16.788
geo,sex_t,ocu_isco08_4,2019,6.726
geo,sex_t,ocu_isco08_4,2020,4.258
geo,sex_t,ocu_isco08_5,2019,61.182
geo,sex_t,ocu_isco08_5,2020,71.335
geo,sex_t,ocu_isco08_6,2019,624.502
geo,sex_t,ocu_isco08_6,2020,666.032
geo,sex_t,ocu_isco08_7,2019,74.517
geo,sex_t,ocu_isco08_7,2020,73.81
geo,sex_t,ocu_isco08_8,2019,29.476
geo,sex_t,ocu_isco08_8,2020,35.904
geo,sex_t,ocu_isco08_9,2019,45.892
geo,sex_t,ocu_isco08_9,2020,51.362
geo,sex_t,ocu_isco08_total,2019,866.632
geo,sex_t,ocu_isco08_total,2020,939.624
geo,sex_t,ocu_skill_l1,2019,45.892
geo,sex_t,ocu_skill_l1,2020,51.362
geo,sex_t,ocu_skill_l2,2019,796.403
geo,sex_t,ocu_skill_l2,2020,851.338
geo,sex_t,ocu_skill_l3_4,2019,24.336
geo,sex_t,ocu_skill_l3_4,2020,36.924
geo,sex_t,ocu_skill_total,2019,866.632
geo,sex_t,ocu_skill_total,2020,939.624
gha,sex_f,ocu_isco08_1,2013,54.133
gha,sex_f,ocu_isco08_1,2015,21.995
gha,sex_f,ocu_isco08_2,2013,68.535
gha,sex_f,ocu_isco08_2,2015,97.589
gha,sex_f,ocu_isco08_3,2013,21.676
gha,sex_f,ocu_isco08_3,2015,19.303
gha,sex_f,ocu_isco08_4,2013,37.808
gha,sex_f,ocu_isco08_4,2015,19.716
gha,sex_f,ocu_isco08_5,2013,2250.716
gha,sex_f,ocu_isco08_5,2015,1369.65
gha,sex_f,ocu_isco08_6,2013,2630.664
gha,sex_f,ocu_isco08_6,2015,1165.349
gha,sex_f,ocu_isco08_7,2013,670.219
gha,sex_f,ocu_isco08_7,2015,782.647
gha,sex_f,ocu_isco08_8,2013,11.617
gha,sex_f,ocu_isco08_8,2015,15.536
gha,sex_f,ocu_isco08_9,2013,187.265
gha,sex_f,ocu_isco08_9,2015,226.811
gha,sex_f,ocu_isco08_total,2013,5957.645
gha,sex_f,ocu_isco08_total,2015,3718.595
gha,sex_f,ocu_isco08_x,2013,23.759
gha,sex_f,ocu_skill_l1,2013,187.265
gha,sex_f,ocu_skill_l1,2015,226.811
gha,sex_f,ocu_skill_l2,2013,5601.024
gha,sex_f,ocu_skill_l2,2015,3352.897
gha,sex_f,ocu_skill_l3_4,2013,144.344
gha,sex_f,ocu_skill_l3_4,2015,138.886
gha,sex_f,ocu_skill_total,2013,5957.645
gha,sex_f,ocu_skill_total,2015,3718.595
gha,sex_f,ocu_skill_x,2013,25.012
gha,sex_m,ocu_isco08_0,2013,3.036
gha,sex_m,ocu_isco08_1,2013,51.913
gha,sex_m,ocu_isco08_1,2015,20.294
gha,sex_m,ocu_isco08_2,2013,137.841
gha,sex_m,ocu_isco08_2,2015,130.94
gha,sex_m,ocu_isco08_3,2013,104.9
gha,sex_m,ocu_isco08_3,2015,73.18
gha,sex_m,ocu_isco08_4,2013,40.305
gha,sex_m,ocu_isco08_4,2015,57.838
gha,sex_m,ocu_isco08_5,2013,528.464
gha,sex_m,ocu_isco08_5,2015,324.546
gha,sex_m,ocu_isco08_6,2013,2771.832
gha,sex_m,ocu_isco08_6,2015,1522.972
gha,sex_m,ocu_isco08_7,2013,763.387
gha,sex_m,ocu_isco08_7,2015,526.766
gha,sex_m,ocu_isco08_8,2013,439.472
gha,sex_m,ocu_isco08_8,2015,254.819
gha,sex_m,ocu_isco08_9,2013,271.179
gha,sex_m,ocu_isco08_9,2015,277.561
gha,sex_m,ocu_isco08_total,2013,5132.151
gha,sex_m,ocu_isco08_total,2015,3188.916
gha,sex_m,ocu_isco08_x,2013,19.821
gha,sex_m,ocu_skill_l1,2013,271.179
gha,sex_m,ocu_skill_l1,2015,277.561
gha,sex_m,ocu_skill_l2,2013,4543.461
gha,sex_m,ocu_skill_l2,2015,2686.942
gha,sex_m,ocu_skill_l3_4,2013,294.654
gha,sex_m,ocu_skill_l3_4,2015,224.414
gha,sex_m,ocu_skill_total,2013,5132.151
gha,sex_m,ocu_skill_total,2015,3188.916
gha,sex_m,ocu_skill_x,2013,22.857
gha,sex_t,ocu_isco08_0,2013,4.289
gha,sex_t,ocu_isco08_1,2013,106.047
gha,sex_t,ocu_isco08_1,2015,42.289
gha,sex_t,ocu_isco08_2,2013,206.376
gha,sex_t,ocu_isco08_2,2015,228.529
gha,sex_t,ocu_isco08_3,2013,126.576
gha,sex_t,ocu_isco08_3,2015,92.483
gha,sex_t,ocu_isco08_4,2013,78.113
gha,sex_t,ocu_isco08_4,2015,77.554
gha,sex_t,ocu_isco08_5,2013,2779.181
gha,sex_t,ocu_isco08_5,2015,1694.196
gha,sex_t,ocu_isco08_6,2013,5402.496
gha,sex_t,ocu_isco08_6,2015,2688.321
gha,sex_t,ocu_isco08_7,2013,1433.605
gha,sex_t,ocu_isco08_7,2015,1309.413
gha,sex_t,ocu_isco08_8,2013,451.089
gha,sex_t,ocu_isco08_8,2015,270.355
gha,sex_t,ocu_isco08_9,2013,458.444
gha,sex_t,ocu_isco08_9,2015,504.372
gha,sex_t,ocu_isco08_total,2013,11089.796
gha,sex_t,ocu_isco08_total,2015,6907.511
gha,sex_t,ocu_isco08_x,2013,43.58
gha,sex_t,ocu_skill_l1,2013,458.444
gha,sex_t,ocu_skill_l1,2015,504.372
gha,sex_t,ocu_skill_l2,2013,10144.485
gha,sex_t,ocu_skill_l2,2015,6039.839
gha,sex_t,ocu_skill_l3_4,2013,438.998
gha,sex_t,ocu_skill_l3_4,2015,363.3
gha,sex_t,ocu_skill_total,2013,11089.796
gha,sex_t,ocu_skill_total,2015,6907.511
gha,sex_t,ocu_skill_x,2013,47.869
gmb,sex_f,ocu_isco08_0,2012,0.525
gmb,sex_f,ocu_isco08_0,2018,0.809
gmb,sex_f,ocu_isco08_1,2012,0.546
gmb,sex_f,ocu_isco08_1,2018,0.244
gmb,sex_f,ocu_isco08_1,2023,1.234
gmb,sex_f,ocu_isco08_2,2012,3.041
gmb,sex_f,ocu_isco08_2,2018,1.587
gmb,sex_f,ocu_isco08_2,2023,4.546
gmb,sex_f,ocu_isco08_3,2012,0.306
gmb,sex_f,ocu_isco08_3,2018,1.131
gmb,sex_f,ocu_isco08_3,2023,1.578
gmb,sex_f,ocu_isco08_4,2012,1.053
gmb,sex_f,ocu_isco08_4,2018,1.371
gmb,sex_f,ocu_isco08_4,2023,0.75
gmb,sex_f,ocu_isco08_5,2012,84.953
gmb,sex_f,ocu_isco08_5,2018,33.658
gmb,sex_f,ocu_isco08_5,2023,117.848
gmb,sex_f,ocu_isco08_6,2012,78.176
gmb,sex_f,ocu_isco08_6,2018,235.896
gmb,sex_f,ocu_isco08_6,2023,114.186
gmb,sex_f,ocu_isco08_7,2012,7.149
gmb,sex_f,ocu_isco08_7,2018,2.185
gmb,sex_f,ocu_isco08_7,2023,12.395
gmb,sex_f,ocu_isco08_8,2023,1.84
gmb,sex_f,ocu_isco08_9,2012,18.723
gmb,sex_f,ocu_isco08_9,2018,53.614
gmb,sex_f,ocu_isco08_9,2023,33.496
gmb,sex_f,ocu_isco08_total,2012,201.743
gmb,sex_f,ocu_isco08_total,2018,332.441
gmb,sex_f,ocu_isco08_total,2023,287.981
gmb,sex_f,ocu_isco08_x,2012,7.013
gmb,sex_f,ocu_isco08_x,2018,1.802
gmb,sex_f,ocu_skill_l1,2012,18.723
gmb,sex_f,ocu_skill_l1,2018,53.614
gmb,sex_f,ocu_skill_l1,2023,33.496
gmb,sex_f,ocu_skill_l2,2012,171.591
gmb,sex_f,ocu_skill_l2,2018,273.255
gmb,sex_f,ocu_skill_l2,2023,247.019
gmb,sex_f,ocu_skill_l3_4,2012,3.892
gmb,sex_f,ocu_skill_l3_4,2018,2.962
gmb,sex_f,ocu_skill_l3_4,2023,7.358
gmb,sex_f,ocu_skill_total,2012,201.743
gmb,sex_f,ocu_skill_total,2018,332.441
gmb,sex_f,ocu_skill_total,2023,287.981
gmb,sex_f,ocu_skill_x,2012,7.538
gmb,sex_f,ocu_skill_x,2018,2.611
gmb,sex_m,ocu_isco08_0,2012,1.577
gmb,sex_m,ocu_isco08_0,2018,2.815
gmb,sex_m,ocu_isco08_1,2012,0.226
gmb,sex_m,ocu_isco08_1,2018,0.735
gmb,sex_m,ocu_isco08_1,2023,2.691
gmb,sex_m,ocu_isco08_2,2012,5.901
gmb,sex_m,ocu_isco08_2,2018,11.682
gmb,sex_m,ocu_isco08_2,2023,10.599
gmb,sex_m,ocu_isco08_3,2012,3.115
gmb,sex_m,ocu_isco08_3,2018,11.153
gmb,sex_m,ocu_isco08_3,2023,6.271
gmb,sex_m,ocu_isco08_4,2012,0.923
gmb,sex_m,ocu_isco08_4,2018,1.146
gmb,sex_m,ocu_isco08_4,2023,1.271
gmb,sex_m,ocu_isco08_5,2012,43.418
gmb,sex_m,ocu_isco08_5,2018,28.19
gmb,sex_m,ocu_isco08_5,2023,39.97
gmb,sex_m,ocu_isco08_6,2012,67.665
gmb,sex_m,ocu_isco08_6,2018,142.034
gmb,sex_m,ocu_isco08_6,2023,41.224
gmb,sex_m,ocu_isco08_7,2012,52.772
gmb,sex_m,ocu_isco08_7,2018,10.315
gmb,sex_m,ocu_isco08_7,2023,73.984
gmb,sex_m,ocu_isco08_8,2012,10.257
gmb,sex_m,ocu_isco08_8,2018,2.625
gmb,sex_m,ocu_isco08_8,2023,20.78
gmb,sex_m,ocu_isco08_9,2012,22.704
gmb,sex_m,ocu_isco08_9,2018,82.326
gmb,sex_m,ocu_isco08_9,2023,39.54
gmb,sex_m,ocu_isco08_total,2012,214.603
gmb,sex_m,ocu_isco08_total,2018,295.027
gmb,sex_m,ocu_isco08_total,2023,236.33
gmb,sex_m,ocu_isco08_x,2012,6.045
gmb,sex_m,ocu_isco08_x,2018,2.006
gmb,sex_m,ocu_skill_l1,2012,22.704
gmb,sex_m,ocu_skill_l1,2018,82.326
gmb,sex_m,ocu_skill_l1,2023,39.54
gmb,sex_m,ocu_skill_l2,2012,175.035
gmb,sex_m,ocu_skill_l2,2018,184.31
gmb,sex_m,ocu_skill_l2,2023,177.228
gmb,sex_m,ocu_skill_l3_4,2012,9.242
gmb,sex_m,ocu_skill_l3_4,2018,23.57
gmb,sex_m,ocu_skill_l3_4,2023,19.561
gmb,sex_m,ocu_skill_total,2012,214.603
gmb,sex_m,ocu_skill_total,2018,295.027
gmb,sex_m,ocu_skill_total,2023,236.33
gmb,sex_m,ocu_skill_x,2012,7.622
gmb,sex_m,ocu_skill_x,2018,4.821
gmb,sex_t,ocu_isco08_0,2012,2.102
gmb,sex_t,ocu_isco08_0,2018,3.624
gmb,sex_t,ocu_isco08_1,2012,0.772
gmb,sex_t,ocu_isco08_1,2018,0.979
gmb,sex_t,ocu_isco08_1,2023,3.925
gmb,sex_t,ocu_isco08_2,2012,8.941
gmb,sex_t,ocu_isco08_2,2018,13.269
gmb,sex_t,ocu_isco08_2,2023,15.145
gmb,sex_t,ocu_isco08_3,2012,3.421
gmb,sex_t,ocu_isco08_3,2018,12.284
gmb,sex_t,ocu_isco08_3,2023,7.85
gmb,sex_t,ocu_isco08_4,2012,1.976
gmb,sex_t,ocu_isco08_4,2018,2.517
gmb,sex_t,ocu_isco08_4,2023,2.021
gmb,sex_t,ocu_isco08_5,2012,128.371
gmb,sex_t,ocu_isco08_5,2018,61.847
gmb,sex_t,ocu_isco08_5,2023,157.818
gmb,sex_t,ocu_isco08_6,2012,145.841
gmb,sex_t,ocu_isco08_6,2018,377.931
gmb,sex_t,ocu_isco08_6,2023,155.41
gmb,sex_t,ocu_isco08_7,2012,59.921
gmb,sex_t,ocu_isco08_7,2018,12.5
gmb,sex_t,ocu_isco08_7,2023,86.379
gmb,sex_t,ocu_isco08_8,2012,10.516
gmb,sex_t,ocu_isco08_8,2018,2.77
gmb,sex_t,ocu_isco08_8,2023,22.62
gmb,sex_t,ocu_isco08_9,2012,41.427
gmb,sex_t,ocu_isco08_9,2018,135.94
gmb,sex_t,ocu_isco08_9,2023,73.036
gmb,sex_t,ocu_isco08_total,2012,416.346
gmb,sex_t,ocu_isco08_total,2018,627.468
gmb,sex_t,ocu_isco08_total,2023,524.312
gmb,sex_t,ocu_isco08_x,2012,13.057
gmb,sex_t,ocu_isco08_x,2018,3.808
gmb,sex_t,ocu_skill_l1,2012,41.427
gmb,sex_t,ocu_skill_l1,2018,135.94
gmb,sex_t,ocu_skill_l1,2023,73.036
gmb,sex_t,ocu_skill_l2,2012,346.626
gmb,sex_t,ocu_skill_l2,2018,457.565
gmb,sex_t,ocu_skill_l2,2023,424.247
gmb,sex_t,ocu_skill_l3_4,2012,13.134
gmb,sex_t,ocu_skill_l3_4,2018,26.532
gmb,sex_t,ocu_skill_l3_4,2023,26.919
gmb,sex_t,ocu_skill_total,2012,416.346
gmb,sex_t,ocu_skill_total,2018,627.468
gmb,sex_t,ocu_skill_total,2023,524.312
gmb,sex_t,ocu_skill_x,2012,15.16
gmb,sex_t,ocu_skill_x,2018,7.432
gnb,sex_f,ocu_isco08_0,2018,1.351
gnb,sex_f,ocu_isco08_0,2022,0.662
gnb,sex_f,ocu_isco08_1,2018,1.92
gnb,sex_f,ocu_isco08_2,2018,3.776
gnb,sex_f,ocu_isco08_2,2022,5.296
gnb,sex_f,ocu_isco08_3,2018,24.788
gnb,sex_f,ocu_isco08_3,2022,0.825
gnb,sex_f,ocu_isco08_4,2018,1.195
gnb,sex_f,ocu_isco08_4,2022,1.609
gnb,sex_f,ocu_isco08_5,2018,36.656
gnb,sex_f,ocu_isco08_5,2022,74.271
gnb,sex_f,ocu_isco08_6,2018,21.455
gnb,sex_f,ocu_isco08_6,2022,143.525
gnb,sex_f,ocu_isco08_7,2018,3.22
gnb,sex_f,ocu_isco08_7,2022,7.839
gnb,sex_f,ocu_isco08_8,2018,0.824
gnb,sex_f,ocu_isco08_8,2022,0.203
gnb,sex_f,ocu_isco08_9,2018,14.686
gnb,sex_f,ocu_isco08_9,2022,109.878
gnb,sex_f,ocu_isco08_total,2018,251.706
gnb,sex_f,ocu_isco08_total,2022,344.424
gnb,sex_f,ocu_isco08_x,2018,141.833
gnb,sex_f,ocu_skill_l1,2018,14.686
gnb,sex_f,ocu_skill_l1,2022,109.878
gnb,sex_f,ocu_skill_l2,2018,63.351
gnb,sex_f,ocu_skill_l2,2022,227.446
gnb,sex_f,ocu_skill_l3_4,2018,30.484
gnb,sex_f,ocu_skill_l3_4,2022,6.399
gnb,sex_f,ocu_skill_total,2018,251.706
gnb,sex_f,ocu_skill_total,2022,344.424
gnb,sex_f,ocu_skill_x,2018,143.185
gnb,sex_f,ocu_skill_x,2022,0.701
gnb,sex_m,ocu_isco08_0,2018,3.865
gnb,sex_m,ocu_isco08_0,2022,2.588
gnb,sex_m,ocu_isco08_1,2018,1.667
gnb,sex_m,ocu_isco08_1,2022,0.633
gnb,sex_m,ocu_isco08_2,2018,14.242
gnb,sex_m,ocu_isco08_2,2022,10.245
gnb,sex_m,ocu_isco08_3,2018,18.873
gnb,sex_m,ocu_isco08_3,2022,3.704
gnb,sex_m,ocu_isco08_4,2018,3.488
gnb,sex_m,ocu_isco08_4,2022,3.305
gnb,sex_m,ocu_isco08_5,2018,15.973
gnb,sex_m,ocu_isco08_5,2022,34.551
gnb,sex_m,ocu_isco08_6,2018,27.984
gnb,sex_m,ocu_isco08_6,2022,136.885
gnb,sex_m,ocu_isco08_7,2018,21.456
gnb,sex_m,ocu_isco08_7,2022,35.555
gnb,sex_m,ocu_isco08_8,2018,6.296
gnb,sex_m,ocu_isco08_8,2022,16.303
gnb,sex_m,ocu_isco08_9,2018,10.714
gnb,sex_m,ocu_isco08_9,2022,86.138
gnb,sex_m,ocu_isco08_total,2018,266.734
gnb,sex_m,ocu_isco08_total,2022,329.917
gnb,sex_m,ocu_isco08_x,2018,142.175
gnb,sex_m,ocu_skill_l1,2018,10.714
gnb,sex_m,ocu_skill_l1,2022,86.138
gnb,sex_m,ocu_skill_l2,2018,75.197
gnb,sex_m,ocu_skill_l2,2022,226.599
gnb,sex_m,ocu_skill_l3_4,2018,34.782
gnb,sex_m,ocu_skill_l3_4,2022,14.583
gnb,sex_m,ocu_skill_total,2018,266.734
gnb,sex_m,ocu_skill_total,2022,329.917
gnb,sex_m,ocu_skill_x,2018,146.04
gnb,sex_m,ocu_skill_x,2022,2.598
gnb,sex_t,ocu_isco08_0,2018,5.216
gnb,sex_t,ocu_isco08_0,2022,3.25
gnb,sex_t,ocu_isco08_1,2018,3.587
gnb,sex_t,ocu_isco08_1,2022,0.911
gnb,sex_t,ocu_isco08_2,2018,18.018
gnb,sex_t,ocu_isco08_2,2022,15.541
gnb,sex_t,ocu_isco08_3,2018,43.661
gnb,sex_t,ocu_isco08_3,2022,4.529
gnb,sex_t,ocu_isco08_4,2018,4.683
gnb,sex_t,ocu_isco08_4,2022,4.914
gnb,sex_t,ocu_isco08_5,2018,52.629
gnb,sex_t,ocu_isco08_5,2022,108.821
gnb,sex_t,ocu_isco08_6,2018,49.44
gnb,sex_t,ocu_isco08_6,2022,280.409
gnb,sex_t,ocu_isco08_7,2018,24.676
gnb,sex_t,ocu_isco08_7,2022,43.394
gnb,sex_t,ocu_isco08_8,2018,7.121
gnb,sex_t,ocu_isco08_8,2022,16.506
gnb,sex_t,ocu_isco08_9,2018,25.4
gnb,sex_t,ocu_isco08_9,2022,196.015
gnb,sex_t,ocu_isco08_total,2018,518.44
gnb,sex_t,ocu_isco08_total,2022,674.341
gnb,sex_t,ocu_isco08_x,2018,284.009
gnb,sex_t,ocu_skill_l1,2018,25.4
gnb,sex_t,ocu_skill_l1,2022,196.015
gnb,sex_t,ocu_skill_l2,2018,138.548
gnb,sex_t,ocu_skill_l2,2022,454.045
gnb,sex_t,ocu_skill_l3_4,2018,65.267
gnb,sex_t,ocu_skill_l3_4,2022,20.982
gnb,sex_t,ocu_skill_total,2018,518.44
gnb,sex_t,ocu_skill_total,2022,674.341
gnb,sex_t,ocu_skill_x,2018,289.225
gnb,sex_t,ocu_skill_x,2022,3.299
grc,sex_f,ocu_isco08_1,2011,8.91
grc,sex_f,ocu_isco08_1,2012,3.231
grc,sex_f,ocu_isco08_1,2013,7.4
grc,sex_f,ocu_isco08_1,2017,3.275
grc,sex_f,ocu_isco08_1,2018,3.019
grc,sex_f,ocu_isco08_1,2019,2.155
grc,sex_f,ocu_isco08_1,2021,3.601
grc,sex_f,ocu_isco08_2,2011,8.045
grc,sex_f,ocu_isco08_2,2012,3.539
grc,sex_f,ocu_isco08_2,2013,6.671
grc,sex_f,ocu_isco08_2,2014,4.167
grc,sex_f,ocu_isco08_2,2015,3.099
grc,sex_f,ocu_isco08_2,2016,4.683
grc,sex_f,ocu_isco08_2,2017,6.451
grc,sex_f,ocu_isco08_2,2018,10.338
grc,sex_f,ocu_isco08_2,2019,5.432
grc,sex_f,ocu_isco08_2,2020,4.997
grc,sex_f,ocu_isco08_2,2021,5.079
grc,sex_f,ocu_isco08_2,2022,6.918
grc,sex_f,ocu_isco08_2,2023,1.771
grc,sex_f,ocu_isco08_3,2013,5.12
grc,sex_f,ocu_isco08_3,2014,4.336
grc,sex_f,ocu_isco08_3,2015,5.446
grc,sex_f,ocu_isco08_3,2016,3.601
grc,sex_f,ocu_isco08_3,2017,1.634
grc,sex_f,ocu_isco08_3,2018,5.054
grc,sex_f,ocu_isco08_3,2019,5.706
grc,sex_f,ocu_isco08_3,2020,2.579
grc,sex_f,ocu_isco08_3,2021,2.972
grc,sex_f,ocu_isco08_3,2022,5.437
grc,sex_f,ocu_isco08_4,2011,8.586
grc,sex_f,ocu_isco08_4,2012,3.768
grc,sex_f,ocu_isco08_4,2013,5.803
grc,sex_f,ocu_isco08_4,2014,6.111
grc,sex_f,ocu_isco08_4,2015,5.772
grc,sex_f,ocu_isco08_4,2016,9.68
grc,sex_f,ocu_isco08_4,2017,11.658
grc,sex_f,ocu_isco08_4,2018,8.404
grc,sex_f,ocu_isco08_4,2019,6.592
grc,sex_f,ocu_isco08_4,2020,5.17
grc,sex_f,ocu_isco08_4,2021,6.206
grc,sex_f,ocu_isco08_4,2022,10.348
grc,sex_f,ocu_isco08_4,2023,11.251
grc,sex_f,ocu_isco08_5,2011,40.615
grc,sex_f,ocu_isco08_5,2012,44.094
grc,sex_f,ocu_isco08_5,2013,39.213
grc,sex_f,ocu_isco08_5,2014,47.288
grc,sex_f,ocu_isco08_5,2015,42.524
grc,sex_f,ocu_isco08_5,2016,63.625
grc,sex_f,ocu_isco08_5,2017,51.861
grc,sex_f,ocu_isco08_5,2018,49.675
grc,sex_f,ocu_isco08_5,2019,41.294
grc,sex_f,ocu_isco08_5,2020,40.469
grc,sex_f,ocu_isco08_5,2021,34.274
grc,sex_f,ocu_isco08_5,2022,38.167
grc,sex_f,ocu_isco08_5,2023,39.863
grc,sex_f,ocu_isco08_6,2011,48.533
grc,sex_f,ocu_isco08_6,2012,35.24
grc,sex_f,ocu_isco08_6,2013,33.806
grc,sex_f,ocu_isco08_6,2014,40.876
grc,sex_f,ocu_isco08_6,2015,27.042
grc,sex_f,ocu_isco08_6,2016,34.119
grc,sex_f,ocu_isco08_6,2017,36.669
grc,sex_f,ocu_isco08_6,2018,39.114
grc,sex_f,ocu_isco08_6,2019,50.556
grc,sex_f,ocu_isco08_6,2020,57.367
grc,sex_f,ocu_isco08_6,2021,30.462
grc,sex_f,ocu_isco08_6,2022,25.829
grc,sex_f,ocu_isco08_6,2023,20.733
grc,sex_f,ocu_isco08_7,2014,3.799
grc,sex_f,ocu_isco08_7,2016,1.307
grc,sex_f,ocu_isco08_7,2017,1.347
grc,sex_f,ocu_isco08_7,2018,2.521
grc,sex_f,ocu_isco08_7,2019,6.532
grc,sex_f,ocu_isco08_7,2020,2.516
grc,sex_f,ocu_isco08_7,2021,4.036
grc,sex_f,ocu_isco08_7,2022,3.894
grc,sex_f,ocu_isco08_7,2023,7.505
grc,sex_f,ocu_isco08_8,2015,0
grc,sex_f,ocu_isco08_8,2016,1.602
grc,sex_f,ocu_isco08_8,2018,1.583
grc,sex_f,ocu_isco08_9,2011,37.422
grc,sex_f,ocu_isco08_9,2012,30.385
grc,sex_f,ocu_isco08_9,2013,25.421
grc,sex_f,ocu_isco08_9,2014,18.845
grc,sex_f,ocu_isco08_9,2015,18.46
grc,sex_f,ocu_isco08_9,2016,16.919
grc,sex_f,ocu_isco08_9,2017,19.678
grc,sex_f,ocu_isco08_9,2018,18.373
grc,sex_f,ocu_isco08_9,2019,18.188
grc,sex_f,ocu_isco08_9,2020,9.965
grc,sex_f,ocu_isco08_9,2021,12.074
grc,sex_f,ocu_isco08_9,2022,16.195
grc,sex_f,ocu_isco08_9,2023,17.762
grc,sex_f,ocu_isco08_total,2011,154.987
grc,sex_f,ocu_isco08_total,2012,126.982
grc,sex_f,ocu_isco08_total,2013,126.504
grc,sex_f,ocu_isco08_total,2014,125.624
grc,sex_f,ocu_isco08_total,2015,103.966
grc,sex_f,ocu_isco08_total,2016,136.652
grc,sex_f,ocu_isco08_total,2017,133.356
grc,sex_f,ocu_isco08_total,2018,138.083
grc,sex_f,ocu_isco08_total,2019,136.635
grc,sex_f,ocu_isco08_total,2020,124.798
grc,sex_f,ocu_isco08_total,2021,98.704
grc,sex_f,ocu_isco08_total,2022,106.788
grc,sex_f,ocu_isco08_total,2023,101.309
grc,sex_f,ocu_isco88_1,2007,9.605
grc,sex_f,ocu_isco88_1,2008,4.548
grc,sex_f,ocu_isco88_1,2009,9.796
grc,sex_f,ocu_isco88_1,2010,10.732
grc,sex_f,ocu_isco88_2,2007,10.24
grc,sex_f,ocu_isco88_2,2008,9.682
grc,sex_f,ocu_isco88_2,2009,5.825
grc,sex_f,ocu_isco88_3,2007,5.696
grc,sex_f,ocu_isco88_3,2008,13.73
grc,sex_f,ocu_isco88_3,2009,10.783
grc,sex_f,ocu_isco88_3,2010,3.28
grc,sex_f,ocu_isco88_4,2007,23.664
grc,sex_f,ocu_isco88_4,2008,15.528
grc,sex_f,ocu_isco88_4,2009,18.957
grc,sex_f,ocu_isco88_4,2010,28.165
grc,sex_f,ocu_isco88_5,2007,46.235
grc,sex_f,ocu_isco88_5,2008,41.288
grc,sex_f,ocu_isco88_5,2009,41.354
grc,sex_f,ocu_isco88_5,2010,48.018
grc,sex_f,ocu_isco88_6,2007,91.984
grc,sex_f,ocu_isco88_6,2008,95.559
grc,sex_f,ocu_isco88_6,2009,92.41
grc,sex_f,ocu_isco88_6,2010,74.985
grc,sex_f,ocu_isco88_7,2007,12.776
grc,sex_f,ocu_isco88_7,2008,11.678
grc,sex_f,ocu_isco88_7,2009,10.211
grc,sex_f,ocu_isco88_7,2010,9.145
grc,sex_f,ocu_isco88_9,2007,38.299
grc,sex_f,ocu_isco88_9,2008,35.158
grc,sex_f,ocu_isco88_9,2009,33.292
grc,sex_f,ocu_isco88_9,2010,33.643
grc,sex_f,ocu_isco88_total,2007,241.55
grc,sex_f,ocu_isco88_total,2008,227.17
grc,sex_f,ocu_isco88_total,2009,222.628
grc,sex_f,ocu_isco88_total,2010,210.194
grc,sex_f,ocu_skill_l1,2007,38.299
grc,sex_f,ocu_skill_l1,2008,35.158
grc,sex_f,ocu_skill_l1,2009,33.292
grc,sex_f,ocu_skill_l1,2010,33.643
grc,sex_f,ocu_skill_l1,2011,37.422
grc,sex_f,ocu_skill_l1,2012,30.385
grc,sex_f,ocu_skill_l1,2013,25.421
grc,sex_f,ocu_skill_l1,2014,18.845
grc,sex_f,ocu_skill_l1,2015,18.46
grc,sex_f,ocu_skill_l1,2016,16.919
grc,sex_f,ocu_skill_l1,2017,19.678
grc,sex_f,ocu_skill_l1,2018,18.373
grc,sex_f,ocu_skill_l1,2019,18.188
grc,sex_f,ocu_skill_l1,2020,9.965
grc,sex_f,ocu_skill_l1,2021,12.074
grc,sex_f,ocu_skill_l1,2022,16.195
grc,sex_f,ocu_skill_l1,2023,17.762
grc,sex_f,ocu_skill_l2,2007,177.711
grc,sex_f,ocu_skill_l2,2008,164.053
grc,sex_f,ocu_skill_l2,2009,162.933
grc,sex_f,ocu_skill_l2,2010,160.705
grc,sex_f,ocu_skill_l2,2011,100.482
grc,sex_f,ocu_skill_l2,2012,87.77
grc,sex_f,ocu_skill_l2,2013,81.892
grc,sex_f,ocu_skill_l2,2014,98.075
grc,sex_f,ocu_skill_l2,2015,76.436
grc,sex_f,ocu_skill_l2,2016,110.333
grc,sex_f,ocu_skill_l2,2017,102.319
grc,sex_f,ocu_skill_l2,2018,101.298
grc,sex_f,ocu_skill_l2,2019,105.153
grc,sex_f,ocu_skill_l2,2020,106.116
grc,sex_f,ocu_skill_l2,2021,74.978
grc,sex_f,ocu_skill_l2,2022,78.238
grc,sex_f,ocu_skill_l2,2023,79.353
grc,sex_f,ocu_skill_l3_4,2007,25.541
grc,sex_f,ocu_skill_l3_4,2008,27.96
grc,sex_f,ocu_skill_l3_4,2009,26.404
grc,sex_f,ocu_skill_l3_4,2010,15.846
grc,sex_f,ocu_skill_l3_4,2011,17.084
grc,sex_f,ocu_skill_l3_4,2012,8.826
grc,sex_f,ocu_skill_l3_4,2013,19.191
grc,sex_f,ocu_skill_l3_4,2014,8.704
grc,sex_f,ocu_skill_l3_4,2015,9.07
grc,sex_f,ocu_skill_l3_4,2016,9.399
grc,sex_f,ocu_skill_l3_4,2017,11.36
grc,sex_f,ocu_skill_l3_4,2018,18.412
grc,sex_f,ocu_skill_l3_4,2019,13.293
grc,sex_f,ocu_skill_l3_4,2020,8.717
grc,sex_f,ocu_skill_l3_4,2021,11.651
grc,sex_f,ocu_skill_l3_4,2022,12.355
grc,sex_f,ocu_skill_l3_4,2023,4.194
grc,sex_f,ocu_skill_total,2007,241.55
grc,sex_f,ocu_skill_total,2008,227.17
grc,sex_f,ocu_skill_total,2009,222.628
grc,sex_f,ocu_skill_total,2010,210.194
grc,sex_f,ocu_skill_total,2011,154.987
grc,sex_f,ocu_skill_total,2012,126.982
grc,sex_f,ocu_skill_total,2013,126.504
grc,sex_f,ocu_skill_total,2014,125.624
grc,sex_f,ocu_skill_total,2015,103.966
grc,sex_f,ocu_skill_total,2016,136.652
grc,sex_f,ocu_skill_total,2017,133.356
grc,sex_f,ocu_skill_total,2018,138.083
grc,sex_f,ocu_skill_total,2019,136.635
grc,sex_f,ocu_skill_total,2020,124.798
grc,sex_f,ocu_skill_total,2021,98.704
grc,sex_f,ocu_skill_total,2022,106.788
grc,sex_f,ocu_skill_total,2023,101.309
grc,sex_m,ocu_isco08_1,2011,3.268
grc,sex_m,ocu_isco08_1,2012,3.825
grc,sex_m,ocu_isco08_1,2017,2.409
grc,sex_m,ocu_isco08_1,2018,2.312
grc,sex_m,ocu_isco08_1,2019,1.694
grc,sex_m,ocu_isco08_1,2021,4.293
grc,sex_m,ocu_isco08_1,2022,3.062
grc,sex_m,ocu_isco08_2,2011,2.793
grc,sex_m,ocu_isco08_2,2012,10.605
grc,sex_m,ocu_isco08_2,2014,7.68
grc,sex_m,ocu_isco08_2,2015,3.532
grc,sex_m,ocu_isco08_2,2016,3.815
grc,sex_m,ocu_isco08_2,2017,5.543
grc,sex_m,ocu_isco08_2,2018,5.526
grc,sex_m,ocu_isco08_2,2019,5.133
grc,sex_m,ocu_isco08_2,2020,3.324
grc,sex_m,ocu_isco08_2,2021,5.419
grc,sex_m,ocu_isco08_2,2022,4.798
grc,sex_m,ocu_isco08_2,2023,5.88
grc,sex_m,ocu_isco08_3,2012,3.183
grc,sex_m,ocu_isco08_3,2013,7.164
grc,sex_m,ocu_isco08_3,2014,2.804
grc,sex_m,ocu_isco08_3,2015,3.003
grc,sex_m,ocu_isco08_3,2016,2.249
grc,sex_m,ocu_isco08_3,2017,1.345
grc,sex_m,ocu_isco08_3,2018,2.731
grc,sex_m,ocu_isco08_3,2019,2.385
grc,sex_m,ocu_isco08_3,2021,3.291
grc,sex_m,ocu_isco08_3,2022,5.454
grc,sex_m,ocu_isco08_3,2023,1.931
grc,sex_m,ocu_isco08_4,2012,8.109
grc,sex_m,ocu_isco08_4,2014,2.75
grc,sex_m,ocu_isco08_4,2015,2.823
grc,sex_m,ocu_isco08_4,2016,2.016
grc,sex_m,ocu_isco08_4,2017,2.866
grc,sex_m,ocu_isco08_4,2018,4.237
grc,sex_m,ocu_isco08_4,2019,4.874
grc,sex_m,ocu_isco08_4,2021,5.505
grc,sex_m,ocu_isco08_4,2022,2.242
grc,sex_m,ocu_isco08_5,2011,16.395
grc,sex_m,ocu_isco08_5,2012,15.638
grc,sex_m,ocu_isco08_5,2013,17.683
grc,sex_m,ocu_isco08_5,2014,25.547
grc,sex_m,ocu_isco08_5,2015,20.767
grc,sex_m,ocu_isco08_5,2016,29.145
grc,sex_m,ocu_isco08_5,2017,30.045
grc,sex_m,ocu_isco08_5,2018,22.882
grc,sex_m,ocu_isco08_5,2019,31.332
grc,sex_m,ocu_isco08_5,2020,26.385
grc,sex_m,ocu_isco08_5,2021,25.161
grc,sex_m,ocu_isco08_5,2022,21.397
grc,sex_m,ocu_isco08_5,2023,24.706
grc,sex_m,ocu_isco08_6,2011,17.909
grc,sex_m,ocu_isco08_6,2012,13.046
grc,sex_m,ocu_isco08_6,2013,15.592
grc,sex_m,ocu_isco08_6,2014,15.355
grc,sex_m,ocu_isco08_6,2015,5.509
grc,sex_m,ocu_isco08_6,2016,14.767
grc,sex_m,ocu_isco08_6,2017,19.442
grc,sex_m,ocu_isco08_6,2018,12.124
grc,sex_m,ocu_isco08_6,2019,25.006
grc,sex_m,ocu_isco08_6,2020,25.466
grc,sex_m,ocu_isco08_6,2021,14.737
grc,sex_m,ocu_isco08_6,2022,13.284
grc,sex_m,ocu_isco08_6,2023,7.608
grc,sex_m,ocu_isco08_7,2011,13.796
grc,sex_m,ocu_isco08_7,2012,21.15
grc,sex_m,ocu_isco08_7,2013,9.614
grc,sex_m,ocu_isco08_7,2014,6.537
grc,sex_m,ocu_isco08_7,2015,9.46
grc,sex_m,ocu_isco08_7,2016,14.585
grc,sex_m,ocu_isco08_7,2017,13.723
grc,sex_m,ocu_isco08_7,2018,15.497
grc,sex_m,ocu_isco08_7,2019,10.445
grc,sex_m,ocu_isco08_7,2020,9.772
grc,sex_m,ocu_isco08_7,2021,9.167
grc,sex_m,ocu_isco08_7,2022,8.41
grc,sex_m,ocu_isco08_7,2023,9.605
grc,sex_m,ocu_isco08_8,2011,2.306
grc,sex_m,ocu_isco08_8,2013,2.779
grc,sex_m,ocu_isco08_8,2014,5.922
grc,sex_m,ocu_isco08_8,2015,4.911
grc,sex_m,ocu_isco08_8,2016,3.502
grc,sex_m,ocu_isco08_8,2017,7.303
grc,sex_m,ocu_isco08_8,2018,7.252
grc,sex_m,ocu_isco08_8,2019,1.963
grc,sex_m,ocu_isco08_8,2020,2.159
grc,sex_m,ocu_isco08_8,2021,4.628
grc,sex_m,ocu_isco08_8,2022,3.261
grc,sex_m,ocu_isco08_8,2023,2.38
grc,sex_m,ocu_isco08_9,2011,6.309
grc,sex_m,ocu_isco08_9,2012,10.616
grc,sex_m,ocu_isco08_9,2013,12.868
grc,sex_m,ocu_isco08_9,2014,24.171
grc,sex_m,ocu_isco08_9,2015,16.17
grc,sex_m,ocu_isco08_9,2016,12.381
grc,sex_m,ocu_isco08_9,2017,7.471
grc,sex_m,ocu_isco08_9,2018,7.783
grc,sex_m,ocu_isco08_9,2019,15.932
grc,sex_m,ocu_isco08_9,2020,10.934
grc,sex_m,ocu_isco08_9,2021,9.383
grc,sex_m,ocu_isco08_9,2022,9.049
grc,sex_m,ocu_isco08_9,2023,11.85
grc,sex_m,ocu_isco08_total,2011,65.093
grc,sex_m,ocu_isco08_total,2012,87.037
grc,sex_m,ocu_isco08_total,2013,72.65
grc,sex_m,ocu_isco08_total,2014,90.765
grc,sex_m,ocu_isco08_total,2015,66.176
grc,sex_m,ocu_isco08_total,2016,82.813
grc,sex_m,ocu_isco08_total,2017,90.394
grc,sex_m,ocu_isco08_total,2018,80.343
grc,sex_m,ocu_isco08_total,2019,98.764
grc,sex_m,ocu_isco08_total,2020,81.58
grc,sex_m,ocu_isco08_total,2021,81.584
grc,sex_m,ocu_isco08_total,2022,70.956
grc,sex_m,ocu_isco08_total,2023,65.682
grc,sex_m,ocu_isco88_1,2007,2.727
grc,sex_m,ocu_isco88_1,2008,5.815
grc,sex_m,ocu_isco88_1,2009,18.316
grc,sex_m,ocu_isco88_1,2010,15.302
grc,sex_m,ocu_isco88_2,2007,3.728
grc,sex_m,ocu_isco88_2,2008,5.469
grc,sex_m,ocu_isco88_2,2009,3.35
grc,sex_m,ocu_isco88_2,2010,5.6
grc,sex_m,ocu_isco88_3,2008,4.566
grc,sex_m,ocu_isco88_3,2009,3.049
grc,sex_m,ocu_isco88_3,2010,6.626
grc,sex_m,ocu_isco88_4,2007,4.223
grc,sex_m,ocu_isco88_4,2008,4.327
grc,sex_m,ocu_isco88_4,2009,2.3
grc,sex_m,ocu_isco88_4,2010,9.754
grc,sex_m,ocu_isco88_5,2007,18.192
grc,sex_m,ocu_isco88_5,2008,21.209
grc,sex_m,ocu_isco88_5,2009,24.748
grc,sex_m,ocu_isco88_5,2010,19.512
grc,sex_m,ocu_isco88_6,2007,20.714
grc,sex_m,ocu_isco88_6,2008,22.369
grc,sex_m,ocu_isco88_6,2009,32.009
grc,sex_m,ocu_isco88_6,2010,30.291
grc,sex_m,ocu_isco88_7,2007,29.216
grc,sex_m,ocu_isco88_7,2008,27.753
grc,sex_m,ocu_isco88_7,2009,19.526
grc,sex_m,ocu_isco88_7,2010,23.869
grc,sex_m,ocu_isco88_8,2007,8.451
grc,sex_m,ocu_isco88_8,2008,5.667
grc,sex_m,ocu_isco88_8,2010,5.162
grc,sex_m,ocu_isco88_9,2007,7.472
grc,sex_m,ocu_isco88_9,2008,16.71
grc,sex_m,ocu_isco88_9,2009,8.38
grc,sex_m,ocu_isco88_9,2010,9.969
grc,sex_m,ocu_isco88_total,2007,97.692
grc,sex_m,ocu_isco88_total,2008,113.884
grc,sex_m,ocu_isco88_total,2009,112.54
grc,sex_m,ocu_isco88_total,2010,126.085
grc,sex_m,ocu_skill_l1,2007,7.472
grc,sex_m,ocu_skill_l1,2008,16.71
grc,sex_m,ocu_skill_l1,2009,8.38
grc,sex_m,ocu_skill_l1,2010,9.969
grc,sex_m,ocu_skill_l1,2011,6.309
grc,sex_m,ocu_skill_l1,2012,10.616
grc,sex_m,ocu_skill_l1,2013,12.868
grc,sex_m,ocu_skill_l1,2014,24.171
grc,sex_m,ocu_skill_l1,2015,16.17
grc,sex_m,ocu_skill_l1,2016,12.381
grc,sex_m,ocu_skill_l1,2017,7.471
grc,sex_m,ocu_skill_l1,2018,7.783
grc,sex_m,ocu_skill_l1,2019,15.932
grc,sex_m,ocu_skill_l1,2020,10.934
grc,sex_m,ocu_skill_l1,2021,9.383
grc,sex_m,ocu_skill_l1,2022,9.049
grc,sex_m,ocu_skill_l1,2023,11.85
grc,sex_m,ocu_skill_l2,2007,80.797
grc,sex_m,ocu_skill_l2,2008,81.324
grc,sex_m,ocu_skill_l2,2009,79.446
grc,sex_m,ocu_skill_l2,2010,88.588
grc,sex_m,ocu_skill_l2,2011,50.406
grc,sex_m,ocu_skill_l2,2012,58.808
grc,sex_m,ocu_skill_l2,2013,48.337
grc,sex_m,ocu_skill_l2,2014,56.111
grc,sex_m,ocu_skill_l2,2015,43.47
grc,sex_m,ocu_skill_l2,2016,64.013
grc,sex_m,ocu_skill_l2,2017,73.378
grc,sex_m,ocu_skill_l2,2018,61.991
grc,sex_m,ocu_skill_l2,2019,73.621
grc,sex_m,ocu_skill_l2,2020,65.636
grc,sex_m,ocu_skill_l2,2021,59.198
grc,sex_m,ocu_skill_l2,2022,48.593
grc,sex_m,ocu_skill_l2,2023,44.772
grc,sex_m,ocu_skill_l3_4,2007,9.424
grc,sex_m,ocu_skill_l3_4,2008,15.85
grc,sex_m,ocu_skill_l3_4,2009,24.714
grc,sex_m,ocu_skill_l3_4,2010,27.528
grc,sex_m,ocu_skill_l3_4,2011,8.379
grc,sex_m,ocu_skill_l3_4,2012,17.613
grc,sex_m,ocu_skill_l3_4,2013,11.445
grc,sex_m,ocu_skill_l3_4,2014,10.484
grc,sex_m,ocu_skill_l3_4,2015,6.535
grc,sex_m,ocu_skill_l3_4,2016,6.418
grc,sex_m,ocu_skill_l3_4,2017,9.296
grc,sex_m,ocu_skill_l3_4,2018,10.569
grc,sex_m,ocu_skill_l3_4,2019,9.212
grc,sex_m,ocu_skill_l3_4,2020,5.009
grc,sex_m,ocu_skill_l3_4,2021,13.003
grc,sex_m,ocu_skill_l3_4,2022,13.314
grc,sex_m,ocu_skill_l3_4,2023,9.061
grc,sex_m,ocu_skill_total,2007,97.692
grc,sex_m,ocu_skill_total,2008,113.884
grc,sex_m,ocu_skill_total,2009,112.54
grc,sex_m,ocu_skill_total,2010,126.085
grc,sex_m,ocu_skill_total,2011,65.093
grc,sex_m,ocu_skill_total,2012,87.037
grc,sex_m,ocu_skill_total,2013,72.65
grc,sex_m,ocu_skill_total,2014,90.765
grc,sex_m,ocu_skill_total,2015,66.176
grc,sex_m,ocu_skill_total,2016,82.813
grc,sex_m,ocu_skill_total,2017,90.394
grc,sex_m,ocu_skill_total,2018,80.343
grc,sex_m,ocu_skill_total,2019,98.764
grc,sex_m,ocu_skill_total,2020,81.58
grc,sex_m,ocu_skill_total,2021,81.584
grc,sex_m,ocu_skill_total,2022,70.956
grc,sex_m,ocu_skill_total,2023,65.682
grc,sex_t,ocu_isco08_1,2011,12.178
grc,sex_t,ocu_isco08_1,2012,7.057
grc,sex_t,ocu_isco08_1,2013,9.208
grc,sex_t,ocu_isco08_1,2017,5.684
grc,sex_t,ocu_isco08_1,2018,5.331
grc,sex_t,ocu_isco08_1,2019,3.849
grc,sex_t,ocu_isco08_1,2020,1.888
grc,sex_t,ocu_isco08_1,2021,7.893
grc,sex_t,ocu_isco08_1,2022,3.062
grc,sex_t,ocu_isco08_2,2011,10.838
grc,sex_t,ocu_isco08_2,2012,14.145
grc,sex_t,ocu_isco08_2,2013,9.144
grc,sex_t,ocu_isco08_2,2014,11.847
grc,sex_t,ocu_isco08_2,2015,6.631
grc,sex_t,ocu_isco08_2,2016,8.498
grc,sex_t,ocu_isco08_2,2017,11.994
grc,sex_t,ocu_isco08_2,2018,15.865
grc,sex_t,ocu_isco08_2,2019,10.564
grc,sex_t,ocu_isco08_2,2020,8.321
grc,sex_t,ocu_isco08_2,2021,10.498
grc,sex_t,ocu_isco08_2,2022,11.716
grc,sex_t,ocu_isco08_2,2023,7.652
grc,sex_t,ocu_isco08_3,2012,5.238
grc,sex_t,ocu_isco08_3,2013,12.284
grc,sex_t,ocu_isco08_3,2014,7.14
grc,sex_t,ocu_isco08_3,2015,8.449
grc,sex_t,ocu_isco08_3,2016,5.85
grc,sex_t,ocu_isco08_3,2017,2.978
grc,sex_t,ocu_isco08_3,2018,7.785
grc,sex_t,ocu_isco08_3,2019,8.092
grc,sex_t,ocu_isco08_3,2020,3.517
grc,sex_t,ocu_isco08_3,2021,6.263
grc,sex_t,ocu_isco08_3,2022,10.891
grc,sex_t,ocu_isco08_3,2023,3.334
grc,sex_t,ocu_isco08_4,2011,8.586
grc,sex_t,ocu_isco08_4,2012,11.877
grc,sex_t,ocu_isco08_4,2013,8.472
grc,sex_t,ocu_isco08_4,2014,8.861
grc,sex_t,ocu_isco08_4,2015,8.595
grc,sex_t,ocu_isco08_4,2016,11.696
grc,sex_t,ocu_isco08_4,2017,14.524
grc,sex_t,ocu_isco08_4,2018,12.641
grc,sex_t,ocu_isco08_4,2019,11.465
grc,sex_t,ocu_isco08_4,2020,7.024
grc,sex_t,ocu_isco08_4,2021,11.711
grc,sex_t,ocu_isco08_4,2022,12.59
grc,sex_t,ocu_isco08_4,2023,11.724
grc,sex_t,ocu_isco08_5,2011,57.01
grc,sex_t,ocu_isco08_5,2012,59.732
grc,sex_t,ocu_isco08_5,2013,56.896
grc,sex_t,ocu_isco08_5,2014,72.835
grc,sex_t,ocu_isco08_5,2015,63.291
grc,sex_t,ocu_isco08_5,2016,92.769
grc,sex_t,ocu_isco08_5,2017,81.906
grc,sex_t,ocu_isco08_5,2018,72.557
grc,sex_t,ocu_isco08_5,2019,72.626
grc,sex_t,ocu_isco08_5,2020,66.854
grc,sex_t,ocu_isco08_5,2021,59.435
grc,sex_t,ocu_isco08_5,2022,59.564
grc,sex_t,ocu_isco08_5,2023,64.569
grc,sex_t,ocu_isco08_6,2011,66.442
grc,sex_t,ocu_isco08_6,2012,48.285
grc,sex_t,ocu_isco08_6,2013,49.398
grc,sex_t,ocu_isco08_6,2014,56.231
grc,sex_t,ocu_isco08_6,2015,32.551
grc,sex_t,ocu_isco08_6,2016,48.886
grc,sex_t,ocu_isco08_6,2017,56.11
grc,sex_t,ocu_isco08_6,2018,51.238
grc,sex_t,ocu_isco08_6,2019,75.562
grc,sex_t,ocu_isco08_6,2020,82.834
grc,sex_t,ocu_isco08_6,2021,45.199
grc,sex_t,ocu_isco08_6,2022,39.113
grc,sex_t,ocu_isco08_6,2023,28.341
grc,sex_t,ocu_isco08_7,2011,16.544
grc,sex_t,ocu_isco08_7,2012,24.164
grc,sex_t,ocu_isco08_7,2013,12.684
grc,sex_t,ocu_isco08_7,2014,10.337
grc,sex_t,ocu_isco08_7,2015,10.557
grc,sex_t,ocu_isco08_7,2016,15.892
grc,sex_t,ocu_isco08_7,2017,15.069
grc,sex_t,ocu_isco08_7,2018,18.018
grc,sex_t,ocu_isco08_7,2019,16.977
grc,sex_t,ocu_isco08_7,2020,12.288
grc,sex_t,ocu_isco08_7,2021,13.203
grc,sex_t,ocu_isco08_7,2022,12.304
grc,sex_t,ocu_isco08_7,2023,17.111
grc,sex_t,ocu_isco08_8,2011,2.306
grc,sex_t,ocu_isco08_8,2013,2.779
grc,sex_t,ocu_isco08_8,2014,5.922
grc,sex_t,ocu_isco08_8,2015,4.911
grc,sex_t,ocu_isco08_8,2016,5.103
grc,sex_t,ocu_isco08_8,2017,8.087
grc,sex_t,ocu_isco08_8,2018,8.835
grc,sex_t,ocu_isco08_8,2019,2.143
grc,sex_t,ocu_isco08_8,2020,2.752
grc,sex_t,ocu_isco08_8,2021,4.628
grc,sex_t,ocu_isco08_8,2022,3.261
grc,sex_t,ocu_isco08_8,2023,2.38
grc,sex_t,ocu_isco08_9,2011,43.731
grc,sex_t,ocu_isco08_9,2012,41.001
grc,sex_t,ocu_isco08_9,2013,38.289
grc,sex_t,ocu_isco08_9,2014,43.016
grc,sex_t,ocu_isco08_9,2015,34.631
grc,sex_t,ocu_isco08_9,2016,29.3
grc,sex_t,ocu_isco08_9,2017,27.149
grc,sex_t,ocu_isco08_9,2018,26.156
grc,sex_t,ocu_isco08_9,2019,34.12
grc,sex_t,ocu_isco08_9,2020,20.9
grc,sex_t,ocu_isco08_9,2021,21.457
grc,sex_t,ocu_isco08_9,2022,25.244
grc,sex_t,ocu_isco08_9,2023,29.612
grc,sex_t,ocu_isco08_total,2011,220.081
grc,sex_t,ocu_isco08_total,2012,214.019
grc,sex_t,ocu_isco08_total,2013,199.155
grc,sex_t,ocu_isco08_total,2014,216.389
grc,sex_t,ocu_isco08_total,2015,170.142
grc,sex_t,ocu_isco08_total,2016,219.464
grc,sex_t,ocu_isco08_total,2017,223.75
grc,sex_t,ocu_isco08_total,2018,218.426
grc,sex_t,ocu_isco08_total,2019,235.399
grc,sex_t,ocu_isco08_total,2020,206.378
grc,sex_t,ocu_isco08_total,2021,180.288
grc,sex_t,ocu_isco08_total,2022,177.744
grc,sex_t,ocu_isco08_total,2023,166.992
grc,sex_t,ocu_isco88_1,2007,12.332
grc,sex_t,ocu_isco88_1,2008,10.363
grc,sex_t,ocu_isco88_1,2009,28.112
grc,sex_t,ocu_isco88_1,2010,26.034
grc,sex_t,ocu_isco88_2,2007,13.968
grc,sex_t,ocu_isco88_2,2008,15.151
grc,sex_t,ocu_isco88_2,2009,9.174
grc,sex_t,ocu_isco88_2,2010,7.434
grc,sex_t,ocu_isco88_3,2007,8.665
grc,sex_t,ocu_isco88_3,2008,18.296
grc,sex_t,ocu_isco88_3,2009,13.832
grc,sex_t,ocu_isco88_3,2010,9.906
grc,sex_t,ocu_isco88_4,2007,27.888
grc,sex_t,ocu_isco88_4,2008,19.855
grc,sex_t,ocu_isco88_4,2009,21.257
grc,sex_t,ocu_isco88_4,2010,37.92
grc,sex_t,ocu_isco88_5,2007,64.427
grc,sex_t,ocu_isco88_5,2008,62.497
grc,sex_t,ocu_isco88_5,2009,66.102
grc,sex_t,ocu_isco88_5,2010,67.53
grc,sex_t,ocu_isco88_6,2007,112.698
grc,sex_t,ocu_isco88_6,2008,117.928
grc,sex_t,ocu_isco88_6,2009,124.419
grc,sex_t,ocu_isco88_6,2010,105.276
grc,sex_t,ocu_isco88_7,2007,41.992
grc,sex_t,ocu_isco88_7,2008,39.431
grc,sex_t,ocu_isco88_7,2009,29.737
grc,sex_t,ocu_isco88_7,2010,33.014
grc,sex_t,ocu_isco88_8,2007,11.502
grc,sex_t,ocu_isco88_8,2008,5.667
grc,sex_t,ocu_isco88_8,2010,5.553
grc,sex_t,ocu_isco88_9,2007,45.771
grc,sex_t,ocu_isco88_9,2008,51.868
grc,sex_t,ocu_isco88_9,2009,41.671
grc,sex_t,ocu_isco88_9,2010,43.612
grc,sex_t,ocu_isco88_total,2007,339.243
grc,sex_t,ocu_isco88_total,2008,341.055
grc,sex_t,ocu_isco88_total,2009,335.168
grc,sex_t,ocu_isco88_total,2010,336.279
grc,sex_t,ocu_skill_l1,2007,45.771
grc,sex_t,ocu_skill_l1,2008,51.868
grc,sex_t,ocu_skill_l1,2009,41.671
grc,sex_t,ocu_skill_l1,2010,43.612
grc,sex_t,ocu_skill_l1,2011,43.731
grc,sex_t,ocu_skill_l1,2012,41.001
grc,sex_t,ocu_skill_l1,2013,38.289
grc,sex_t,ocu_skill_l1,2014,43.016
grc,sex_t,ocu_skill_l1,2015,34.631
grc,sex_t,ocu_skill_l1,2016,29.3
grc,sex_t,ocu_skill_l1,2017,27.149
grc,sex_t,ocu_skill_l1,2018,26.156
grc,sex_t,ocu_skill_l1,2019,34.12
grc,sex_t,ocu_skill_l1,2020,20.9
grc,sex_t,ocu_skill_l1,2021,21.457
grc,sex_t,ocu_skill_l1,2022,25.244
grc,sex_t,ocu_skill_l1,2023,29.612
grc,sex_t,ocu_skill_l2,2007,258.507
grc,sex_t,ocu_skill_l2,2008,245.377
grc,sex_t,ocu_skill_l2,2009,242.379
grc,sex_t,ocu_skill_l2,2010,249.293
grc,sex_t,ocu_skill_l2,2011,150.888
grc,sex_t,ocu_skill_l2,2012,146.578
grc,sex_t,ocu_skill_l2,2013,130.23
grc,sex_t,ocu_skill_l2,2014,154.185
grc,sex_t,ocu_skill_l2,2015,119.906
grc,sex_t,ocu_skill_l2,2016,174.347
grc,sex_t,ocu_skill_l2,2017,175.697
grc,sex_t,ocu_skill_l2,2018,163.289
grc,sex_t,ocu_skill_l2,2019,178.773
grc,sex_t,ocu_skill_l2,2020,171.752
grc,sex_t,ocu_skill_l2,2021,134.177
grc,sex_t,ocu_skill_l2,2022,126.831
grc,sex_t,ocu_skill_l2,2023,124.124
grc,sex_t,ocu_skill_l3_4,2007,34.965
grc,sex_t,ocu_skill_l3_4,2008,43.81
grc,sex_t,ocu_skill_l3_4,2009,51.117
grc,sex_t,ocu_skill_l3_4,2010,43.374
grc,sex_t,ocu_skill_l3_4,2011,25.462
grc,sex_t,ocu_skill_l3_4,2012,26.439
grc,sex_t,ocu_skill_l3_4,2013,30.636
grc,sex_t,ocu_skill_l3_4,2014,19.188
grc,sex_t,ocu_skill_l3_4,2015,15.605
grc,sex_t,ocu_skill_l3_4,2016,15.818
grc,sex_t,ocu_skill_l3_4,2017,20.656
grc,sex_t,ocu_skill_l3_4,2018,28.981
grc,sex_t,ocu_skill_l3_4,2019,22.505
grc,sex_t,ocu_skill_l3_4,2020,13.726
grc,sex_t,ocu_skill_l3_4,2021,24.654
grc,sex_t,ocu_skill_l3_4,2022,25.67
grc,sex_t,ocu_skill_l3_4,2023,13.255
grc,sex_t,ocu_skill_total,2007,339.243
grc,sex_t,ocu_skill_total,2008,341.055
grc,sex_t,ocu_skill_total,2009,335.168
grc,sex_t,ocu_skill_total,2010,336.279
grc,sex_t,ocu_skill_total,2011,220.081
grc,sex_t,ocu_skill_total,2012,214.019
grc,sex_t,ocu_skill_total,2013,199.155
grc,sex_t,ocu_skill_total,2014,216.389
grc,sex_t,ocu_skill_total,2015,170.142
grc,sex_t,ocu_skill_total,2016,219.464
grc,sex_t,ocu_skill_total,2017,223.75
grc,sex_t,ocu_skill_total,2018,218.426
grc,sex_t,ocu_skill_total,2019,235.399
grc,sex_t,ocu_skill_total,2020,206.378
grc,sex_t,ocu_skill_total,2021,180.288
grc,sex_t,ocu_skill_total,2022,177.744
grc,sex_t,ocu_skill_total,2023,166.992
grd,sex_f,ocu_isco08_0,2023,0.243
grd,sex_f,ocu_isco08_1,2019,1.008
grd,sex_f,ocu_isco08_2,2018,0.439
grd,sex_f,ocu_isco08_2,2019,2.003
grd,sex_f,ocu_isco08_2,2020,0.34
grd,sex_f,ocu_isco08_2,2021,0.677
grd,sex_f,ocu_isco08_2,2023,0.204
grd,sex_f,ocu_isco08_3,2019,1.369
grd,sex_f,ocu_isco08_3,2020,0.463
grd,sex_f,ocu_isco08_3,2021,0.705
grd,sex_f,ocu_isco08_3,2023,0.217
grd,sex_f,ocu_isco08_4,2018,0.32
grd,sex_f,ocu_isco08_4,2019,2.516
grd,sex_f,ocu_isco08_4,2020,0.639
grd,sex_f,ocu_isco08_4,2021,1.577
grd,sex_f,ocu_isco08_4,2023,0.425
grd,sex_f,ocu_isco08_5,2018,4.721
grd,sex_f,ocu_isco08_5,2019,17.626
grd,sex_f,ocu_isco08_5,2020,3.308
grd,sex_f,ocu_isco08_5,2021,7.559
grd,sex_f,ocu_isco08_5,2023,2.727
grd,sex_f,ocu_isco08_6,2019,2.333
grd,sex_f,ocu_isco08_6,2020,0.579
grd,sex_f,ocu_isco08_6,2021,1.455
grd,sex_f,ocu_isco08_6,2023,0.21
grd,sex_f,ocu_isco08_7,2018,0.494
grd,sex_f,ocu_isco08_7,2019,1.811
grd,sex_f,ocu_isco08_7,2020,0.466
grd,sex_f,ocu_isco08_7,2021,1.074
grd,sex_f,ocu_isco08_7,2023,0.151
grd,sex_f,ocu_isco08_9,2018,1.786
grd,sex_f,ocu_isco08_9,2019,6.055
grd,sex_f,ocu_isco08_9,2020,1.553
grd,sex_f,ocu_isco08_9,2021,3.164
grd,sex_f,ocu_isco08_9,2023,4.128
grd,sex_f,ocu_isco08_total,2018,8.574
grd,sex_f,ocu_isco08_total,2019,42.942
grd,sex_f,ocu_isco08_total,2020,7.561
grd,sex_f,ocu_isco08_total,2021,16.585
grd,sex_f,ocu_isco08_total,2023,8.419
grd,sex_f,ocu_isco08_x,2019,7.597
grd,sex_f,ocu_isco08_x,2020,0.085
grd,sex_f,ocu_skill_l1,2018,1.786
grd,sex_f,ocu_skill_l1,2019,6.055
grd,sex_f,ocu_skill_l1,2020,1.553
grd,sex_f,ocu_skill_l1,2021,3.164
grd,sex_f,ocu_skill_l1,2023,4.128
grd,sex_f,ocu_skill_l2,2018,5.704
grd,sex_f,ocu_skill_l2,2019,24.911
grd,sex_f,ocu_skill_l2,2020,5.018
grd,sex_f,ocu_skill_l2,2021,11.782
grd,sex_f,ocu_skill_l2,2023,3.537
grd,sex_f,ocu_skill_l3_4,2018,0.984
grd,sex_f,ocu_skill_l3_4,2019,4.379
grd,sex_f,ocu_skill_l3_4,2020,0.905
grd,sex_f,ocu_skill_l3_4,2021,1.515
grd,sex_f,ocu_skill_l3_4,2023,0.482
grd,sex_f,ocu_skill_total,2018,8.574
grd,sex_f,ocu_skill_total,2019,42.942
grd,sex_f,ocu_skill_total,2020,7.561
grd,sex_f,ocu_skill_total,2021,16.585
grd,sex_f,ocu_skill_total,2023,8.419
grd,sex_f,ocu_skill_x,2019,7.597
grd,sex_f,ocu_skill_x,2020,0.085
grd,sex_f,ocu_skill_x,2023,0.271
grd,sex_m,ocu_isco08_0,2023,0.516
grd,sex_m,ocu_isco08_1,2018,0.348
grd,sex_m,ocu_isco08_1,2019,2.108
grd,sex_m,ocu_isco08_1,2020,0.116
grd,sex_m,ocu_isco08_1,2021,0.529
grd,sex_m,ocu_isco08_1,2023,0.108
grd,sex_m,ocu_isco08_2,2018,0.28
grd,sex_m,ocu_isco08_2,2019,0.948
grd,sex_m,ocu_isco08_2,2020,0.171
grd,sex_m,ocu_isco08_2,2021,0.445
grd,sex_m,ocu_isco08_2,2023,0.265
grd,sex_m,ocu_isco08_3,2018,0.425
grd,sex_m,ocu_isco08_3,2019,1.617
grd,sex_m,ocu_isco08_3,2020,0.76
grd,sex_m,ocu_isco08_3,2021,1.603
grd,sex_m,ocu_isco08_3,2023,0.471
grd,sex_m,ocu_isco08_4,2019,0.859
grd,sex_m,ocu_isco08_4,2020,0.112
grd,sex_m,ocu_isco08_4,2021,0.277
grd,sex_m,ocu_isco08_4,2023,0.079
grd,sex_m,ocu_isco08_5,2018,1.49
grd,sex_m,ocu_isco08_5,2019,7.337
grd,sex_m,ocu_isco08_5,2020,1.976
grd,sex_m,ocu_isco08_5,2021,4.295
grd,sex_m,ocu_isco08_5,2023,1.433
grd,sex_m,ocu_isco08_6,2018,1.83
grd,sex_m,ocu_isco08_6,2019,12.484
grd,sex_m,ocu_isco08_6,2020,3.711
grd,sex_m,ocu_isco08_6,2021,7.272
grd,sex_m,ocu_isco08_6,2023,2.404
grd,sex_m,ocu_isco08_7,2018,3.936
grd,sex_m,ocu_isco08_7,2019,17.665
grd,sex_m,ocu_isco08_7,2020,3.002
grd,sex_m,ocu_isco08_7,2021,8.266
grd,sex_m,ocu_isco08_7,2023,3.35
grd,sex_m,ocu_isco08_8,2018,1.091
grd,sex_m,ocu_isco08_8,2019,3.774
grd,sex_m,ocu_isco08_8,2020,0.68
grd,sex_m,ocu_isco08_8,2021,1.911
grd,sex_m,ocu_isco08_8,2023,0.633
grd,sex_m,ocu_isco08_9,2018,4.179
grd,sex_m,ocu_isco08_9,2019,14.777
grd,sex_m,ocu_isco08_9,2020,2.468
grd,sex_m,ocu_isco08_9,2021,7.451
grd,sex_m,ocu_isco08_9,2023,7.394
grd,sex_m,ocu_isco08_total,2018,13.91
grd,sex_m,ocu_isco08_total,2019,70.495
grd,sex_m,ocu_isco08_total,2020,13.204
grd,sex_m,ocu_isco08_total,2021,32.304
grd,sex_m,ocu_isco08_total,2023,16.718
grd,sex_m,ocu_isco08_x,2019,8.925
grd,sex_m,ocu_isco08_x,2020,0.21
grd,sex_m,ocu_skill_l1,2018,4.179
grd,sex_m,ocu_skill_l1,2019,14.777
grd,sex_m,ocu_skill_l1,2020,2.468
grd,sex_m,ocu_skill_l1,2021,7.451
grd,sex_m,ocu_skill_l1,2023,7.394
grd,sex_m,ocu_skill_l2,2018,8.51
grd,sex_m,ocu_skill_l2,2019,42.119
grd,sex_m,ocu_skill_l2,2020,9.479
grd,sex_m,ocu_skill_l2,2021,22.022
grd,sex_m,ocu_skill_l2,2023,7.899
grd,sex_m,ocu_skill_l3_4,2018,1.053
grd,sex_m,ocu_skill_l3_4,2019,4.674
grd,sex_m,ocu_skill_l3_4,2020,1.047
grd,sex_m,ocu_skill_l3_4,2021,2.577
grd,sex_m,ocu_skill_l3_4,2023,0.844
grd,sex_m,ocu_skill_total,2018,13.91
grd,sex_m,ocu_skill_total,2019,70.495
grd,sex_m,ocu_skill_total,2020,13.204
grd,sex_m,ocu_skill_total,2021,32.304
grd,sex_m,ocu_skill_total,2023,16.718
grd,sex_m,ocu_skill_x,2019,8.925
grd,sex_m,ocu_skill_x,2020,0.21
grd,sex_m,ocu_skill_x,2023,0.581
grd,sex_t,ocu_isco08_0,2023,0.759
grd,sex_t,ocu_isco08_1,2018,0.416
grd,sex_t,ocu_isco08_1,2019,3.116
grd,sex_t,ocu_isco08_1,2020,0.217
grd,sex_t,ocu_isco08_1,2021,0.663
grd,sex_t,ocu_isco08_1,2023,0.17
grd,sex_t,ocu_isco08_2,2018,0.719
grd,sex_t,ocu_isco08_2,2019,2.951
grd,sex_t,ocu_isco08_2,2020,0.512
grd,sex_t,ocu_isco08_2,2021,1.122
grd,sex_t,ocu_isco08_2,2023,0.469
grd,sex_t,ocu_isco08_3,2018,0.902
grd,sex_t,ocu_isco08_3,2019,2.987
grd,sex_t,ocu_isco08_3,2020,1.223
grd,sex_t,ocu_isco08_3,2021,2.308
grd,sex_t,ocu_isco08_3,2023,0.687
grd,sex_t,ocu_isco08_4,2018,0.484
grd,sex_t,ocu_isco08_4,2019,3.375
grd,sex_t,ocu_isco08_4,2020,0.751
grd,sex_t,ocu_isco08_4,2021,1.854
grd,sex_t,ocu_isco08_4,2023,0.504
grd,sex_t,ocu_isco08_5,2018,6.212
grd,sex_t,ocu_isco08_5,2019,24.964
grd,sex_t,ocu_isco08_5,2020,5.284
grd,sex_t,ocu_isco08_5,2021,11.854
grd,sex_t,ocu_isco08_5,2023,4.16
grd,sex_t,ocu_isco08_6,2018,1.945
grd,sex_t,ocu_isco08_6,2019,14.816
grd,sex_t,ocu_isco08_6,2020,4.29
grd,sex_t,ocu_isco08_6,2021,8.727
grd,sex_t,ocu_isco08_6,2023,2.614
grd,sex_t,ocu_isco08_7,2018,4.429
grd,sex_t,ocu_isco08_7,2019,19.477
grd,sex_t,ocu_isco08_7,2020,3.467
grd,sex_t,ocu_isco08_7,2021,9.341
grd,sex_t,ocu_isco08_7,2023,3.501
grd,sex_t,ocu_isco08_8,2018,1.144
grd,sex_t,ocu_isco08_8,2019,4.399
grd,sex_t,ocu_isco08_8,2020,0.705
grd,sex_t,ocu_isco08_8,2021,2.027
grd,sex_t,ocu_isco08_8,2023,0.657
grd,sex_t,ocu_isco08_9,2018,5.964
grd,sex_t,ocu_isco08_9,2019,20.832
grd,sex_t,ocu_isco08_9,2020,4.022
grd,sex_t,ocu_isco08_9,2021,10.615
grd,sex_t,ocu_isco08_9,2023,11.522
grd,sex_t,ocu_isco08_total,2018,22.484
grd,sex_t,ocu_isco08_total,2019,113.437
grd,sex_t,ocu_isco08_total,2020,20.765
grd,sex_t,ocu_isco08_total,2021,48.889
grd,sex_t,ocu_isco08_total,2023,25.136
grd,sex_t,ocu_isco08_x,2018,0.269
grd,sex_t,ocu_isco08_x,2019,16.522
grd,sex_t,ocu_isco08_x,2020,0.294
grd,sex_t,ocu_isco08_x,2021,0.378
grd,sex_t,ocu_isco08_x,2023,0.093
grd,sex_t,ocu_skill_l1,2018,5.964
grd,sex_t,ocu_skill_l1,2019,20.832
grd,sex_t,ocu_skill_l1,2020,4.022
grd,sex_t,ocu_skill_l1,2021,10.615
grd,sex_t,ocu_skill_l1,2023,11.522
grd,sex_t,ocu_skill_l2,2018,14.214
grd,sex_t,ocu_skill_l2,2019,67.03
grd,sex_t,ocu_skill_l2,2020,14.497
grd,sex_t,ocu_skill_l2,2021,33.804
grd,sex_t,ocu_skill_l2,2023,11.436
grd,sex_t,ocu_skill_l3_4,2018,2.037
grd,sex_t,ocu_skill_l3_4,2019,9.053
grd,sex_t,ocu_skill_l3_4,2020,1.952
grd,sex_t,ocu_skill_l3_4,2021,4.093
grd,sex_t,ocu_skill_l3_4,2023,1.326
grd,sex_t,ocu_skill_total,2018,22.484
grd,sex_t,ocu_skill_total,2019,113.437
grd,sex_t,ocu_skill_total,2020,20.765
grd,sex_t,ocu_skill_total,2021,48.889
grd,sex_t,ocu_skill_total,2023,25.136
grd,sex_t,ocu_skill_x,2018,0.269
grd,sex_t,ocu_skill_x,2019,16.522
grd,sex_t,ocu_skill_x,2020,0.294
grd,sex_t,ocu_skill_x,2021,0.378
grd,sex_t,ocu_skill_x,2023,0.852
gtm,sex_f,ocu_isco08_1,2006,76.526
gtm,sex_f,ocu_isco08_1,2010,103.143
gtm,sex_f,ocu_isco08_1,2011,262.348
gtm,sex_f,ocu_isco08_1,2012,28.574
gtm,sex_f,ocu_isco08_1,2013,17.481
gtm,sex_f,ocu_isco08_1,2014,12.862
gtm,sex_f,ocu_isco08_1,2015,5.335
gtm,sex_f,ocu_isco08_1,2016,18.482
gtm,sex_f,ocu_isco08_1,2017,4.52
gtm,sex_f,ocu_isco08_1,2018,3.222
gtm,sex_f,ocu_isco08_1,2019,6.85
gtm,sex_f,ocu_isco08_1,2021,3.521
gtm,sex_f,ocu_isco08_1,2022,6.909
gtm,sex_f,ocu_isco08_1,2023,8.344
gtm,sex_f,ocu_isco08_2,2006,51.047
gtm,sex_f,ocu_isco08_2,2010,45.851
gtm,sex_f,ocu_isco08_2,2011,59.933
gtm,sex_f,ocu_isco08_2,2012,39.714
gtm,sex_f,ocu_isco08_2,2013,58.48
gtm,sex_f,ocu_isco08_2,2014,65.981
gtm,sex_f,ocu_isco08_2,2015,47.884
gtm,sex_f,ocu_isco08_2,2016,54.359
gtm,sex_f,ocu_isco08_2,2017,50.158
gtm,sex_f,ocu_isco08_2,2018,47.882
gtm,sex_f,ocu_isco08_2,2019,55.106
gtm,sex_f,ocu_isco08_2,2021,54.547
gtm,sex_f,ocu_isco08_2,2022,49.927
gtm,sex_f,ocu_isco08_2,2023,57.657
gtm,sex_f,ocu_isco08_3,2006,30.45
gtm,sex_f,ocu_isco08_3,2010,21.544
gtm,sex_f,ocu_isco08_3,2011,16.933
gtm,sex_f,ocu_isco08_3,2012,20.617
gtm,sex_f,ocu_isco08_3,2013,28.32
gtm,sex_f,ocu_isco08_3,2014,30.57
gtm,sex_f,ocu_isco08_3,2015,30.702
gtm,sex_f,ocu_isco08_3,2016,29.488
gtm,sex_f,ocu_isco08_3,2017,29.609
gtm,sex_f,ocu_isco08_3,2018,32.962
gtm,sex_f,ocu_isco08_3,2019,40.248
gtm,sex_f,ocu_isco08_3,2021,49.146
gtm,sex_f,ocu_isco08_3,2022,61.994
gtm,sex_f,ocu_isco08_3,2023,44.356
gtm,sex_f,ocu_isco08_4,2006,26.783
gtm,sex_f,ocu_isco08_4,2010,41.191
gtm,sex_f,ocu_isco08_4,2011,37.384
gtm,sex_f,ocu_isco08_4,2012,43.651
gtm,sex_f,ocu_isco08_4,2013,43.637
gtm,sex_f,ocu_isco08_4,2014,61.681
gtm,sex_f,ocu_isco08_4,2015,42.193
gtm,sex_f,ocu_isco08_4,2016,44.97
gtm,sex_f,ocu_isco08_4,2017,48.533
gtm,sex_f,ocu_isco08_4,2018,45.793
gtm,sex_f,ocu_isco08_4,2019,60.522
gtm,sex_f,ocu_isco08_4,2021,40.612
gtm,sex_f,ocu_isco08_4,2022,51.504
gtm,sex_f,ocu_isco08_4,2023,45.503
gtm,sex_f,ocu_isco08_5,2006,451.61
gtm,sex_f,ocu_isco08_5,2010,480.107
gtm,sex_f,ocu_isco08_5,2011,347.561
gtm,sex_f,ocu_isco08_5,2012,762.702
gtm,sex_f,ocu_isco08_5,2013,703.644
gtm,sex_f,ocu_isco08_5,2014,784.941
gtm,sex_f,ocu_isco08_5,2015,781.597
gtm,sex_f,ocu_isco08_5,2016,831.198
gtm,sex_f,ocu_isco08_5,2017,891.467
gtm,sex_f,ocu_isco08_5,2018,904.651
gtm,sex_f,ocu_isco08_5,2019,868.465
gtm,sex_f,ocu_isco08_5,2021,825.349
gtm,sex_f,ocu_isco08_5,2022,788.798
gtm,sex_f,ocu_isco08_5,2023,944.553
gtm,sex_f,ocu_isco08_6,2006,68.04
gtm,sex_f,ocu_isco08_6,2010,80.777
gtm,sex_f,ocu_isco08_6,2011,105.185
gtm,sex_f,ocu_isco08_6,2012,55.062
gtm,sex_f,ocu_isco08_6,2013,55.692
gtm,sex_f,ocu_isco08_6,2014,145.227
gtm,sex_f,ocu_isco08_6,2015,134.56
gtm,sex_f,ocu_isco08_6,2016,74.307
gtm,sex_f,ocu_isco08_6,2017,95.017
gtm,sex_f,ocu_isco08_6,2018,217.833
gtm,sex_f,ocu_isco08_6,2019,151.306
gtm,sex_f,ocu_isco08_6,2021,94.475
gtm,sex_f,ocu_isco08_6,2022,129.907
gtm,sex_f,ocu_isco08_6,2023,259.741
gtm,sex_f,ocu_isco08_7,2006,289.446
gtm,sex_f,ocu_isco08_7,2010,256.882
gtm,sex_f,ocu_isco08_7,2011,123.021
gtm,sex_f,ocu_isco08_7,2012,203.222
gtm,sex_f,ocu_isco08_7,2013,227.852
gtm,sex_f,ocu_isco08_7,2014,199.39
gtm,sex_f,ocu_isco08_7,2015,166.274
gtm,sex_f,ocu_isco08_7,2016,205.168
gtm,sex_f,ocu_isco08_7,2017,190.201
gtm,sex_f,ocu_isco08_7,2018,272.166
gtm,sex_f,ocu_isco08_7,2019,264.004
gtm,sex_f,ocu_isco08_7,2021,489.507
gtm,sex_f,ocu_isco08_7,2022,381.803
gtm,sex_f,ocu_isco08_7,2023,514.313
gtm,sex_f,ocu_isco08_8,2006,22.962
gtm,sex_f,ocu_isco08_8,2010,11.125
gtm,sex_f,ocu_isco08_8,2011,40.195
gtm,sex_f,ocu_isco08_8,2012,19.354
gtm,sex_f,ocu_isco08_8,2013,9.566
gtm,sex_f,ocu_isco08_8,2014,18.003
gtm,sex_f,ocu_isco08_8,2015,14.241
gtm,sex_f,ocu_isco08_8,2016,12.172
gtm,sex_f,ocu_isco08_8,2017,11.12
gtm,sex_f,ocu_isco08_8,2018,12.754
gtm,sex_f,ocu_isco08_8,2019,10.486
gtm,sex_f,ocu_isco08_8,2021,29.921
gtm,sex_f,ocu_isco08_8,2022,29.154
gtm,sex_f,ocu_isco08_8,2023,42.974
gtm,sex_f,ocu_isco08_9,2006,538.087
gtm,sex_f,ocu_isco08_9,2010,505.851
gtm,sex_f,ocu_isco08_9,2011,444.169
gtm,sex_f,ocu_isco08_9,2012,693.771
gtm,sex_f,ocu_isco08_9,2013,483.528
gtm,sex_f,ocu_isco08_9,2014,357.09
gtm,sex_f,ocu_isco08_9,2015,400.208
gtm,sex_f,ocu_isco08_9,2016,525.172
gtm,sex_f,ocu_isco08_9,2017,479.789
gtm,sex_f,ocu_isco08_9,2018,393.384
gtm,sex_f,ocu_isco08_9,2019,447.758
gtm,sex_f,ocu_isco08_9,2021,626.961
gtm,sex_f,ocu_isco08_9,2022,622.711
gtm,sex_f,ocu_isco08_9,2023,860.035
gtm,sex_f,ocu_isco08_total,2006,1558.056
gtm,sex_f,ocu_isco08_total,2010,1556.32
gtm,sex_f,ocu_isco08_total,2011,1444.727
gtm,sex_f,ocu_isco08_total,2012,1866.667
gtm,sex_f,ocu_isco08_total,2013,1628.199
gtm,sex_f,ocu_isco08_total,2014,1675.745
gtm,sex_f,ocu_isco08_total,2015,1623.115
gtm,sex_f,ocu_isco08_total,2016,1795.316
gtm,sex_f,ocu_isco08_total,2017,1800.575
gtm,sex_f,ocu_isco08_total,2018,1930.649
gtm,sex_f,ocu_isco08_total,2019,1904.745
gtm,sex_f,ocu_isco08_total,2021,2214.039
gtm,sex_f,ocu_isco08_total,2022,2131.711
gtm,sex_f,ocu_isco08_total,2023,2777.476
gtm,sex_f,ocu_isco08_x,2006,3.105
gtm,sex_f,ocu_isco08_x,2010,6.647
gtm,sex_f,ocu_isco08_x,2011,7.996
gtm,sex_f,ocu_isco08_x,2022,9.004
gtm,sex_f,ocu_isco08_x,2023,0
gtm,sex_f,ocu_isco88_1,2002,37.117
gtm,sex_f,ocu_isco88_1,2003,17.951
gtm,sex_f,ocu_isco88_1,2004,11.207
gtm,sex_f,ocu_isco88_2,2002,48.511
gtm,sex_f,ocu_isco88_2,2003,43.529
gtm,sex_f,ocu_isco88_2,2004,40.013
gtm,sex_f,ocu_isco88_3,2002,22.268
gtm,sex_f,ocu_isco88_3,2003,26.411
gtm,sex_f,ocu_isco88_3,2004,31.092
gtm,sex_f,ocu_isco88_4,2002,20.406
gtm,sex_f,ocu_isco88_4,2003,18.31
gtm,sex_f,ocu_isco88_4,2004,21.654
gtm,sex_f,ocu_isco88_5,2002,397.958
gtm,sex_f,ocu_isco88_5,2003,470.234
gtm,sex_f,ocu_isco88_5,2004,293.051
gtm,sex_f,ocu_isco88_6,2002,95.229
gtm,sex_f,ocu_isco88_6,2003,50.806
gtm,sex_f,ocu_isco88_6,2004,53.199
gtm,sex_f,ocu_isco88_7,2002,310.701
gtm,sex_f,ocu_isco88_7,2003,291.173
gtm,sex_f,ocu_isco88_7,2004,251.29
gtm,sex_f,ocu_isco88_8,2002,22.338
gtm,sex_f,ocu_isco88_8,2003,26.974
gtm,sex_f,ocu_isco88_8,2004,7.652
gtm,sex_f,ocu_isco88_9,2002,383.765
gtm,sex_f,ocu_isco88_9,2003,428.026
gtm,sex_f,ocu_isco88_9,2004,584.401
gtm,sex_f,ocu_isco88_total,2002,1338.45
gtm,sex_f,ocu_isco88_total,2003,1373.414
gtm,sex_f,ocu_isco88_total,2004,1294.591
gtm,sex_f,ocu_skill_l1,2002,383.765
gtm,sex_f,ocu_skill_l1,2003,428.026
gtm,sex_f,ocu_skill_l1,2004,584.401
gtm,sex_f,ocu_skill_l1,2006,538.087
gtm,sex_f,ocu_skill_l1,2010,505.851
gtm,sex_f,ocu_skill_l1,2011,444.169
gtm,sex_f,ocu_skill_l1,2012,693.771
gtm,sex_f,ocu_skill_l1,2013,483.528
gtm,sex_f,ocu_skill_l1,2014,357.09
gtm,sex_f,ocu_skill_l1,2015,400.208
gtm,sex_f,ocu_skill_l1,2016,525.172
gtm,sex_f,ocu_skill_l1,2017,479.789
gtm,sex_f,ocu_skill_l1,2018,393.384
gtm,sex_f,ocu_skill_l1,2019,447.758
gtm,sex_f,ocu_skill_l1,2021,626.961
gtm,sex_f,ocu_skill_l1,2022,622.711
gtm,sex_f,ocu_skill_l1,2023,860.035
gtm,sex_f,ocu_skill_l2,2002,846.633
gtm,sex_f,ocu_skill_l2,2003,857.497
gtm,sex_f,ocu_skill_l2,2004,626.845
gtm,sex_f,ocu_skill_l2,2006,858.841
gtm,sex_f,ocu_skill_l2,2010,870.082
gtm,sex_f,ocu_skill_l2,2011,653.347
gtm,sex_f,ocu_skill_l2,2012,1083.991
gtm,sex_f,ocu_skill_l2,2013,1040.39
gtm,sex_f,ocu_skill_l2,2014,1209.243
gtm,sex_f,ocu_skill_l2,2015,1138.863
gtm,sex_f,ocu_skill_l2,2016,1167.815
gtm,sex_f,ocu_skill_l2,2017,1236.337
gtm,sex_f,ocu_skill_l2,2018,1453.198
gtm,sex_f,ocu_skill_l2,2019,1354.783
gtm,sex_f,ocu_skill_l2,2021,1479.864
gtm,sex_f,ocu_skill_l2,2022,1381.166
gtm,sex_f,ocu_skill_l2,2023,1807.084
gtm,sex_f,ocu_skill_l3_4,2002,107.896
gtm,sex_f,ocu_skill_l3_4,2003,87.891
gtm,sex_f,ocu_skill_l3_4,2004,82.312
gtm,sex_f,ocu_skill_l3_4,2006,158.024
gtm,sex_f,ocu_skill_l3_4,2010,170.538
gtm,sex_f,ocu_skill_l3_4,2011,339.215
gtm,sex_f,ocu_skill_l3_4,2012,88.905
gtm,sex_f,ocu_skill_l3_4,2013,104.281
gtm,sex_f,ocu_skill_l3_4,2014,109.412
gtm,sex_f,ocu_skill_l3_4,2015,83.921
gtm,sex_f,ocu_skill_l3_4,2016,102.329
gtm,sex_f,ocu_skill_l3_4,2017,84.287
gtm,sex_f,ocu_skill_l3_4,2018,84.067
gtm,sex_f,ocu_skill_l3_4,2019,102.204
gtm,sex_f,ocu_skill_l3_4,2021,107.214
gtm,sex_f,ocu_skill_l3_4,2022,118.83
gtm,sex_f,ocu_skill_l3_4,2023,110.357
gtm,sex_f,ocu_skill_total,2002,1338.45
gtm,sex_f,ocu_skill_total,2003,1373.414
gtm,sex_f,ocu_skill_total,2004,1294.591
gtm,sex_f,ocu_skill_total,2006,1558.056
gtm,sex_f,ocu_skill_total,2010,1556.32
gtm,sex_f,ocu_skill_total,2011,1444.727
gtm,sex_f,ocu_skill_total,2012,1866.667
gtm,sex_f,ocu_skill_total,2013,1628.199
gtm,sex_f,ocu_skill_total,2014,1675.745
gtm,sex_f,ocu_skill_total,2015,1623.115
gtm,sex_f,ocu_skill_total,2016,1795.316
gtm,sex_f,ocu_skill_total,2017,1800.575
gtm,sex_f,ocu_skill_total,2018,1930.649
gtm,sex_f,ocu_skill_total,2019,1904.745
gtm,sex_f,ocu_skill_total,2021,2214.039
gtm,sex_f,ocu_skill_total,2022,2131.711
gtm,sex_f,ocu_skill_total,2023,2777.476
gtm,sex_f,ocu_skill_x,2006,3.105
gtm,sex_f,ocu_skill_x,2010,9.849
gtm,sex_f,ocu_skill_x,2011,7.996
gtm,sex_f,ocu_skill_x,2022,9.004
gtm,sex_f,ocu_skill_x,2023,0
gtm,sex_m,ocu_isco08_0,2006,0.362
gtm,sex_m,ocu_isco08_0,2010,9.809
gtm,sex_m,ocu_isco08_0,2019,2.342
gtm,sex_m,ocu_isco08_0,2021,4.954
gtm,sex_m,ocu_isco08_1,2006,159.001
gtm,sex_m,ocu_isco08_1,2010,51.38
gtm,sex_m,ocu_isco08_1,2011,169.649
gtm,sex_m,ocu_isco08_1,2012,25.581
gtm,sex_m,ocu_isco08_1,2013,31.686
gtm,sex_m,ocu_isco08_1,2014,11.755
gtm,sex_m,ocu_isco08_1,2015,12.719
gtm,sex_m,ocu_isco08_1,2016,15.256
gtm,sex_m,ocu_isco08_1,2017,9.22
gtm,sex_m,ocu_isco08_1,2018,7.981
gtm,sex_m,ocu_isco08_1,2019,10.666
gtm,sex_m,ocu_isco08_1,2021,10.274
gtm,sex_m,ocu_isco08_1,2022,15.301
gtm,sex_m,ocu_isco08_1,2023,12.611
gtm,sex_m,ocu_isco08_2,2006,52.553
gtm,sex_m,ocu_isco08_2,2010,45.003
gtm,sex_m,ocu_isco08_2,2011,70.867
gtm,sex_m,ocu_isco08_2,2012,45.122
gtm,sex_m,ocu_isco08_2,2013,56.374
gtm,sex_m,ocu_isco08_2,2014,76.274
gtm,sex_m,ocu_isco08_2,2015,60.466
gtm,sex_m,ocu_isco08_2,2016,59.65
gtm,sex_m,ocu_isco08_2,2017,73.807
gtm,sex_m,ocu_isco08_2,2018,65.752
gtm,sex_m,ocu_isco08_2,2019,47.135
gtm,sex_m,ocu_isco08_2,2021,55.196
gtm,sex_m,ocu_isco08_2,2022,61.136
gtm,sex_m,ocu_isco08_2,2023,57.201
gtm,sex_m,ocu_isco08_3,2006,55.733
gtm,sex_m,ocu_isco08_3,2010,57.89
gtm,sex_m,ocu_isco08_3,2011,32.541
gtm,sex_m,ocu_isco08_3,2012,52.153
gtm,sex_m,ocu_isco08_3,2013,45.181
gtm,sex_m,ocu_isco08_3,2014,45.787
gtm,sex_m,ocu_isco08_3,2015,50.038
gtm,sex_m,ocu_isco08_3,2016,41.943
gtm,sex_m,ocu_isco08_3,2017,39.475
gtm,sex_m,ocu_isco08_3,2018,37.714
gtm,sex_m,ocu_isco08_3,2019,57.963
gtm,sex_m,ocu_isco08_3,2021,65.727
gtm,sex_m,ocu_isco08_3,2022,90.811
gtm,sex_m,ocu_isco08_3,2023,54.944
gtm,sex_m,ocu_isco08_4,2006,25.353
gtm,sex_m,ocu_isco08_4,2010,33.879
gtm,sex_m,ocu_isco08_4,2011,29.016
gtm,sex_m,ocu_isco08_4,2012,39.653
gtm,sex_m,ocu_isco08_4,2013,40.126
gtm,sex_m,ocu_isco08_4,2014,45.109
gtm,sex_m,ocu_isco08_4,2015,40.383
gtm,sex_m,ocu_isco08_4,2016,52.692
gtm,sex_m,ocu_isco08_4,2017,45.366
gtm,sex_m,ocu_isco08_4,2018,50.06
gtm,sex_m,ocu_isco08_4,2019,62.323
gtm,sex_m,ocu_isco08_4,2021,63.516
gtm,sex_m,ocu_isco08_4,2022,55.549
gtm,sex_m,ocu_isco08_4,2023,44.79
gtm,sex_m,ocu_isco08_5,2006,212.44
gtm,sex_m,ocu_isco08_5,2010,265.33
gtm,sex_m,ocu_isco08_5,2011,254.985
gtm,sex_m,ocu_isco08_5,2012,408.989
gtm,sex_m,ocu_isco08_5,2013,408.639
gtm,sex_m,ocu_isco08_5,2014,417.734
gtm,sex_m,ocu_isco08_5,2015,448.307
gtm,sex_m,ocu_isco08_5,2016,435.609
gtm,sex_m,ocu_isco08_5,2017,501.89
gtm,sex_m,ocu_isco08_5,2018,498.168
gtm,sex_m,ocu_isco08_5,2019,537.686
gtm,sex_m,ocu_isco08_5,2021,536.912
gtm,sex_m,ocu_isco08_5,2022,415.509
gtm,sex_m,ocu_isco08_5,2023,426.051
gtm,sex_m,ocu_isco08_6,2006,562.495
gtm,sex_m,ocu_isco08_6,2010,684.415
gtm,sex_m,ocu_isco08_6,2011,730.612
gtm,sex_m,ocu_isco08_6,2012,552.374
gtm,sex_m,ocu_isco08_6,2013,573.724
gtm,sex_m,ocu_isco08_6,2014,941.876
gtm,sex_m,ocu_isco08_6,2015,1081.078
gtm,sex_m,ocu_isco08_6,2016,652.97
gtm,sex_m,ocu_isco08_6,2017,762.421
gtm,sex_m,ocu_isco08_6,2018,1571.799
gtm,sex_m,ocu_isco08_6,2019,1111.785
gtm,sex_m,ocu_isco08_6,2021,617.566
gtm,sex_m,ocu_isco08_6,2022,779.703
gtm,sex_m,ocu_isco08_6,2023,519.761
gtm,sex_m,ocu_isco08_7,2006,392.211
gtm,sex_m,ocu_isco08_7,2010,440.548
gtm,sex_m,ocu_isco08_7,2011,387.64
gtm,sex_m,ocu_isco08_7,2012,488.394
gtm,sex_m,ocu_isco08_7,2013,459.454
gtm,sex_m,ocu_isco08_7,2014,497.654
gtm,sex_m,ocu_isco08_7,2015,614.832
gtm,sex_m,ocu_isco08_7,2016,639.748
gtm,sex_m,ocu_isco08_7,2017,619.187
gtm,sex_m,ocu_isco08_7,2018,769.362
gtm,sex_m,ocu_isco08_7,2019,678.496
gtm,sex_m,ocu_isco08_7,2021,742.465
gtm,sex_m,ocu_isco08_7,2022,699.428
gtm,sex_m,ocu_isco08_7,2023,654.412
gtm,sex_m,ocu_isco08_8,2006,118.804
gtm,sex_m,ocu_isco08_8,2010,125.735
gtm,sex_m,ocu_isco08_8,2011,103.521
gtm,sex_m,ocu_isco08_8,2012,126.821
gtm,sex_m,ocu_isco08_8,2013,147.213
gtm,sex_m,ocu_isco08_8,2014,136.935
gtm,sex_m,ocu_isco08_8,2015,183.476
gtm,sex_m,ocu_isco08_8,2016,160.169
gtm,sex_m,ocu_isco08_8,2017,158.089
gtm,sex_m,ocu_isco08_8,2018,155.232
gtm,sex_m,ocu_isco08_8,2019,195.923
gtm,sex_m,ocu_isco08_8,2021,235.811
gtm,sex_m,ocu_isco08_8,2022,227.249
gtm,sex_m,ocu_isco08_8,2023,247.928
gtm,sex_m,ocu_isco08_9,2006,817.533
gtm,sex_m,ocu_isco08_9,2010,936.944
gtm,sex_m,ocu_isco08_9,2011,1115.113
gtm,sex_m,ocu_isco08_9,2012,1399.123
gtm,sex_m,ocu_isco08_9,2013,1252.445
gtm,sex_m,ocu_isco08_9,2014,881.86
gtm,sex_m,ocu_isco08_9,2015,826.04
gtm,sex_m,ocu_isco08_9,2016,1274.442
gtm,sex_m,ocu_isco08_9,2017,1346.789
gtm,sex_m,ocu_isco08_9,2018,483.921
gtm,sex_m,ocu_isco08_9,2019,1002.826
gtm,sex_m,ocu_isco08_9,2021,1387.919
gtm,sex_m,ocu_isco08_9,2022,1058.24
gtm,sex_m,ocu_isco08_9,2023,1681.903
gtm,sex_m,ocu_isco08_total,2006,2397.647
gtm,sex_m,ocu_isco08_total,2010,2658.203
gtm,sex_m,ocu_isco08_total,2011,2897.744
gtm,sex_m,ocu_isco08_total,2012,3138.781
gtm,sex_m,ocu_isco08_total,2013,3015.382
gtm,sex_m,ocu_isco08_total,2014,3054.982
gtm,sex_m,ocu_isco08_total,2015,3318.34
gtm,sex_m,ocu_isco08_total,2016,3332.929
gtm,sex_m,ocu_isco08_total,2017,3556.967
gtm,sex_m,ocu_isco08_total,2018,3640.811
gtm,sex_m,ocu_isco08_total,2019,3707.144
gtm,sex_m,ocu_isco08_total,2021,3720.34
gtm,sex_m,ocu_isco08_total,2022,3411.252
gtm,sex_m,ocu_isco08_total,2023,3706.165
gtm,sex_m,ocu_isco08_x,2006,1.163
gtm,sex_m,ocu_isco08_x,2010,7.27
gtm,sex_m,ocu_isco08_x,2011,3.801
gtm,sex_m,ocu_isco08_x,2022,5.459
gtm,sex_m,ocu_isco08_x,2023,6.564
gtm,sex_m,ocu_isco88_0,2002,1.544
gtm,sex_m,ocu_isco88_0,2003,2.652
gtm,sex_m,ocu_isco88_1,2002,50.124
gtm,sex_m,ocu_isco88_1,2003,32.392
gtm,sex_m,ocu_isco88_1,2004,29.718
gtm,sex_m,ocu_isco88_2,2002,45.051
gtm,sex_m,ocu_isco88_2,2003,46.302
gtm,sex_m,ocu_isco88_2,2004,39.432
gtm,sex_m,ocu_isco88_3,2002,35.734
gtm,sex_m,ocu_isco88_3,2003,49.456
gtm,sex_m,ocu_isco88_3,2004,45.996
gtm,sex_m,ocu_isco88_4,2002,21.939
gtm,sex_m,ocu_isco88_4,2003,25.422
gtm,sex_m,ocu_isco88_4,2004,18.145
gtm,sex_m,ocu_isco88_5,2002,221.221
gtm,sex_m,ocu_isco88_5,2003,235.782
gtm,sex_m,ocu_isco88_5,2004,153.115
gtm,sex_m,ocu_isco88_6,2002,689.49
gtm,sex_m,ocu_isco88_6,2003,571.004
gtm,sex_m,ocu_isco88_6,2004,646.126
gtm,sex_m,ocu_isco88_7,2002,349.353
gtm,sex_m,ocu_isco88_7,2003,389.197
gtm,sex_m,ocu_isco88_7,2004,413.967
gtm,sex_m,ocu_isco88_8,2002,101.202
gtm,sex_m,ocu_isco88_8,2003,121.915
gtm,sex_m,ocu_isco88_8,2004,109.21
gtm,sex_m,ocu_isco88_9,2002,706.59
gtm,sex_m,ocu_isco88_9,2003,739.693
gtm,sex_m,ocu_isco88_9,2004,862.553
gtm,sex_m,ocu_isco88_total,2002,2222.961
gtm,sex_m,ocu_isco88_total,2003,2214.403
gtm,sex_m,ocu_isco88_total,2004,2318.343
gtm,sex_m,ocu_skill_l1,2002,706.59
gtm,sex_m,ocu_skill_l1,2003,739.693
gtm,sex_m,ocu_skill_l1,2004,862.553
gtm,sex_m,ocu_skill_l1,2006,817.533
gtm,sex_m,ocu_skill_l1,2010,936.944
gtm,sex_m,ocu_skill_l1,2011,1115.113
gtm,sex_m,ocu_skill_l1,2012,1399.123
gtm,sex_m,ocu_skill_l1,2013,1252.445
gtm,sex_m,ocu_skill_l1,2014,881.86
gtm,sex_m,ocu_skill_l1,2015,826.04
gtm,sex_m,ocu_skill_l1,2016,1274.442
gtm,sex_m,ocu_skill_l1,2017,1346.789
gtm,sex_m,ocu_skill_l1,2018,483.921
gtm,sex_m,ocu_skill_l1,2019,1002.826
gtm,sex_m,ocu_skill_l1,2021,1387.919
gtm,sex_m,ocu_skill_l1,2022,1058.24
gtm,sex_m,ocu_skill_l1,2023,1681.903
gtm,sex_m,ocu_skill_l2,2002,1383.205
gtm,sex_m,ocu_skill_l2,2003,1343.32
gtm,sex_m,ocu_skill_l2,2004,1340.563
gtm,sex_m,ocu_skill_l2,2006,1311.302
gtm,sex_m,ocu_skill_l2,2010,1549.907
gtm,sex_m,ocu_skill_l2,2011,1505.774
gtm,sex_m,ocu_skill_l2,2012,1616.231
gtm,sex_m,ocu_skill_l2,2013,1629.156
gtm,sex_m,ocu_skill_l2,2014,2039.307
gtm,sex_m,ocu_skill_l2,2015,2368.076
gtm,sex_m,ocu_skill_l2,2016,1941.188
gtm,sex_m,ocu_skill_l2,2017,2086.953
gtm,sex_m,ocu_skill_l2,2018,3044.621
gtm,sex_m,ocu_skill_l2,2019,2586.213
gtm,sex_m,ocu_skill_l2,2021,2196.27
gtm,sex_m,ocu_skill_l2,2022,2177.438
gtm,sex_m,ocu_skill_l2,2023,1892.942
gtm,sex_m,ocu_skill_l3_4,2002,130.909
gtm,sex_m,ocu_skill_l3_4,2003,128.15
gtm,sex_m,ocu_skill_l3_4,2004,115.147
gtm,sex_m,ocu_skill_l3_4,2006,267.287
gtm,sex_m,ocu_skill_l3_4,2010,154.273
gtm,sex_m,ocu_skill_l3_4,2011,273.056
gtm,sex_m,ocu_skill_l3_4,2012,122.856
gtm,sex_m,ocu_skill_l3_4,2013,133.242
gtm,sex_m,ocu_skill_l3_4,2014,133.815
gtm,sex_m,ocu_skill_l3_4,2015,123.222
gtm,sex_m,ocu_skill_l3_4,2016,116.849
gtm,sex_m,ocu_skill_l3_4,2017,122.502
gtm,sex_m,ocu_skill_l3_4,2018,111.448
gtm,sex_m,ocu_skill_l3_4,2019,115.763
gtm,sex_m,ocu_skill_l3_4,2021,131.197
gtm,sex_m,ocu_skill_l3_4,2022,167.248
gtm,sex_m,ocu_skill_l3_4,2023,124.756
gtm,sex_m,ocu_skill_total,2002,2222.961
gtm,sex_m,ocu_skill_total,2003,2214.403
gtm,sex_m,ocu_skill_total,2004,2318.343
gtm,sex_m,ocu_skill_total,2006,2397.647
gtm,sex_m,ocu_skill_total,2010,2658.203
gtm,sex_m,ocu_skill_total,2011,2897.744
gtm,sex_m,ocu_skill_total,2012,3138.781
gtm,sex_m,ocu_skill_total,2013,3015.382
gtm,sex_m,ocu_skill_total,2014,3054.982
gtm,sex_m,ocu_skill_total,2015,3318.34
gtm,sex_m,ocu_skill_total,2016,3332.929
gtm,sex_m,ocu_skill_total,2017,3556.967
gtm,sex_m,ocu_skill_total,2018,3640.811
gtm,sex_m,ocu_skill_total,2019,3707.144
gtm,sex_m,ocu_skill_total,2021,3720.34
gtm,sex_m,ocu_skill_total,2022,3411.252
gtm,sex_m,ocu_skill_total,2023,3706.165
gtm,sex_m,ocu_skill_x,2002,2.257
gtm,sex_m,ocu_skill_x,2003,3.24
gtm,sex_m,ocu_skill_x,2006,1.525
gtm,sex_m,ocu_skill_x,2010,17.079
gtm,sex_m,ocu_skill_x,2011,3.801
gtm,sex_m,ocu_skill_x,2019,2.342
gtm,sex_m,ocu_skill_x,2021,4.954
gtm,sex_m,ocu_skill_x,2022,8.326
gtm,sex_m,ocu_skill_x,2023,6.564
gtm,sex_t,ocu_isco08_0,2006,0.362
gtm,sex_t,ocu_isco08_0,2010,13.011
gtm,sex_t,ocu_isco08_0,2019,2.342
gtm,sex_t,ocu_isco08_0,2021,4.954
gtm,sex_t,ocu_isco08_1,2006,235.528
gtm,sex_t,ocu_isco08_1,2010,154.523
gtm,sex_t,ocu_isco08_1,2011,431.996
gtm,sex_t,ocu_isco08_1,2012,54.155
gtm,sex_t,ocu_isco08_1,2013,49.167
gtm,sex_t,ocu_isco08_1,2014,24.617
gtm,sex_t,ocu_isco08_1,2015,18.054
gtm,sex_t,ocu_isco08_1,2016,33.738
gtm,sex_t,ocu_isco08_1,2017,13.74
gtm,sex_t,ocu_isco08_1,2018,11.203
gtm,sex_t,ocu_isco08_1,2019,17.516
gtm,sex_t,ocu_isco08_1,2021,13.795
gtm,sex_t,ocu_isco08_1,2022,22.21
gtm,sex_t,ocu_isco08_1,2023,20.955
gtm,sex_t,ocu_isco08_2,2006,103.601
gtm,sex_t,ocu_isco08_2,2010,90.854
gtm,sex_t,ocu_isco08_2,2011,130.8
gtm,sex_t,ocu_isco08_2,2012,84.836
gtm,sex_t,ocu_isco08_2,2013,114.854
gtm,sex_t,ocu_isco08_2,2014,142.255
gtm,sex_t,ocu_isco08_2,2015,108.35
gtm,sex_t,ocu_isco08_2,2016,114.009
gtm,sex_t,ocu_isco08_2,2017,123.965
gtm,sex_t,ocu_isco08_2,2018,113.634
gtm,sex_t,ocu_isco08_2,2019,102.24
gtm,sex_t,ocu_isco08_2,2021,109.743
gtm,sex_t,ocu_isco08_2,2022,111.063
gtm,sex_t,ocu_isco08_2,2023,114.858
gtm,sex_t,ocu_isco08_3,2006,86.183
gtm,sex_t,ocu_isco08_3,2010,79.434
gtm,sex_t,ocu_isco08_3,2011,49.474
gtm,sex_t,ocu_isco08_3,2012,72.77
gtm,sex_t,ocu_isco08_3,2013,73.501
gtm,sex_t,ocu_isco08_3,2014,76.356
gtm,sex_t,ocu_isco08_3,2015,80.74
gtm,sex_t,ocu_isco08_3,2016,71.431
gtm,sex_t,ocu_isco08_3,2017,69.083
gtm,sex_t,ocu_isco08_3,2018,70.677
gtm,sex_t,ocu_isco08_3,2019,98.21
gtm,sex_t,ocu_isco08_3,2021,114.873
gtm,sex_t,ocu_isco08_3,2022,152.805
gtm,sex_t,ocu_isco08_3,2023,99.3
gtm,sex_t,ocu_isco08_4,2006,52.136
gtm,sex_t,ocu_isco08_4,2010,75.07
gtm,sex_t,ocu_isco08_4,2011,66.4
gtm,sex_t,ocu_isco08_4,2012,83.304
gtm,sex_t,ocu_isco08_4,2013,83.763
gtm,sex_t,ocu_isco08_4,2014,106.79
gtm,sex_t,ocu_isco08_4,2015,82.576
gtm,sex_t,ocu_isco08_4,2016,97.662
gtm,sex_t,ocu_isco08_4,2017,93.898
gtm,sex_t,ocu_isco08_4,2018,95.853
gtm,sex_t,ocu_isco08_4,2019,122.845
gtm,sex_t,ocu_isco08_4,2021,104.128
gtm,sex_t,ocu_isco08_4,2022,107.053
gtm,sex_t,ocu_isco08_4,2023,90.293
gtm,sex_t,ocu_isco08_5,2006,664.05
gtm,sex_t,ocu_isco08_5,2010,745.437
gtm,sex_t,ocu_isco08_5,2011,602.546
gtm,sex_t,ocu_isco08_5,2012,1171.691
gtm,sex_t,ocu_isco08_5,2013,1112.283
gtm,sex_t,ocu_isco08_5,2014,1202.675
gtm,sex_t,ocu_isco08_5,2015,1229.904
gtm,sex_t,ocu_isco08_5,2016,1266.807
gtm,sex_t,ocu_isco08_5,2017,1393.356
gtm,sex_t,ocu_isco08_5,2018,1402.82
gtm,sex_t,ocu_isco08_5,2019,1406.151
gtm,sex_t,ocu_isco08_5,2021,1362.261
gtm,sex_t,ocu_isco08_5,2022,1204.307
gtm,sex_t,ocu_isco08_5,2023,1370.604
gtm,sex_t,ocu_isco08_6,2006,630.535
gtm,sex_t,ocu_isco08_6,2010,765.192
gtm,sex_t,ocu_isco08_6,2011,835.797
gtm,sex_t,ocu_isco08_6,2012,607.436
gtm,sex_t,ocu_isco08_6,2013,629.416
gtm,sex_t,ocu_isco08_6,2014,1087.103
gtm,sex_t,ocu_isco08_6,2015,1215.637
gtm,sex_t,ocu_isco08_6,2016,727.277
gtm,sex_t,ocu_isco08_6,2017,857.438
gtm,sex_t,ocu_isco08_6,2018,1789.632
gtm,sex_t,ocu_isco08_6,2019,1263.092
gtm,sex_t,ocu_isco08_6,2021,712.041
gtm,sex_t,ocu_isco08_6,2022,909.61
gtm,sex_t,ocu_isco08_6,2023,779.502
gtm,sex_t,ocu_isco08_7,2006,681.657
gtm,sex_t,ocu_isco08_7,2010,697.43
gtm,sex_t,ocu_isco08_7,2011,510.661
gtm,sex_t,ocu_isco08_7,2012,691.616
gtm,sex_t,ocu_isco08_7,2013,687.306
gtm,sex_t,ocu_isco08_7,2014,697.044
gtm,sex_t,ocu_isco08_7,2015,781.106
gtm,sex_t,ocu_isco08_7,2016,844.916
gtm,sex_t,ocu_isco08_7,2017,809.387
gtm,sex_t,ocu_isco08_7,2018,1041.528
gtm,sex_t,ocu_isco08_7,2019,942.5
gtm,sex_t,ocu_isco08_7,2021,1231.972
gtm,sex_t,ocu_isco08_7,2022,1081.231
gtm,sex_t,ocu_isco08_7,2023,1168.725
gtm,sex_t,ocu_isco08_8,2006,141.766
gtm,sex_t,ocu_isco08_8,2010,136.86
gtm,sex_t,ocu_isco08_8,2011,143.716
gtm,sex_t,ocu_isco08_8,2012,146.175
gtm,sex_t,ocu_isco08_8,2013,156.778
gtm,sex_t,ocu_isco08_8,2014,154.938
gtm,sex_t,ocu_isco08_8,2015,197.716
gtm,sex_t,ocu_isco08_8,2016,172.341
gtm,sex_t,ocu_isco08_8,2017,169.21
gtm,sex_t,ocu_isco08_8,2018,167.987
gtm,sex_t,ocu_isco08_8,2019,206.408
gtm,sex_t,ocu_isco08_8,2021,265.732
gtm,sex_t,ocu_isco08_8,2022,256.403
gtm,sex_t,ocu_isco08_8,2023,290.902
gtm,sex_t,ocu_isco08_9,2006,1355.619
gtm,sex_t,ocu_isco08_9,2010,1442.795
gtm,sex_t,ocu_isco08_9,2011,1559.282
gtm,sex_t,ocu_isco08_9,2012,2092.894
gtm,sex_t,ocu_isco08_9,2013,1735.974
gtm,sex_t,ocu_isco08_9,2014,1238.949
gtm,sex_t,ocu_isco08_9,2015,1226.249
gtm,sex_t,ocu_isco08_9,2016,1799.614
gtm,sex_t,ocu_isco08_9,2017,1826.578
gtm,sex_t,ocu_isco08_9,2018,877.305
gtm,sex_t,ocu_isco08_9,2019,1450.584
gtm,sex_t,ocu_isco08_9,2021,2014.88
gtm,sex_t,ocu_isco08_9,2022,1680.951
gtm,sex_t,ocu_isco08_9,2023,2541.938
gtm,sex_t,ocu_isco08_total,2006,3955.704
gtm,sex_t,ocu_isco08_total,2010,4214.523
gtm,sex_t,ocu_isco08_total,2011,4342.471
gtm,sex_t,ocu_isco08_total,2012,5005.448
gtm,sex_t,ocu_isco08_total,2013,4643.582
gtm,sex_t,ocu_isco08_total,2014,4730.728
gtm,sex_t,ocu_isco08_total,2015,4941.454
gtm,sex_t,ocu_isco08_total,2016,5128.245
gtm,sex_t,ocu_isco08_total,2017,5357.543
gtm,sex_t,ocu_isco08_total,2018,5571.46
gtm,sex_t,ocu_isco08_total,2019,5611.889
gtm,sex_t,ocu_isco08_total,2021,5934.379
gtm,sex_t,ocu_isco08_total,2022,5542.963
gtm,sex_t,ocu_isco08_total,2023,6483.641
gtm,sex_t,ocu_isco08_x,2006,4.268
gtm,sex_t,ocu_isco08_x,2010,13.917
gtm,sex_t,ocu_isco08_x,2011,11.797
gtm,sex_t,ocu_isco08_x,2022,14.463
gtm,sex_t,ocu_isco08_x,2023,6.564
gtm,sex_t,ocu_isco88_0,2002,1.544
gtm,sex_t,ocu_isco88_0,2003,2.652
gtm,sex_t,ocu_isco88_1,2002,87.241
gtm,sex_t,ocu_isco88_1,2003,50.343
gtm,sex_t,ocu_isco88_1,2004,40.925
gtm,sex_t,ocu_isco88_2,2002,93.562
gtm,sex_t,ocu_isco88_2,2003,89.831
gtm,sex_t,ocu_isco88_2,2004,79.446
gtm,sex_t,ocu_isco88_3,2002,58.002
gtm,sex_t,ocu_isco88_3,2003,75.867
gtm,sex_t,ocu_isco88_3,2004,77.088
gtm,sex_t,ocu_isco88_4,2002,42.345
gtm,sex_t,ocu_isco88_4,2003,43.732
gtm,sex_t,ocu_isco88_4,2004,39.799
gtm,sex_t,ocu_isco88_5,2002,619.18
gtm,sex_t,ocu_isco88_5,2003,706.016
gtm,sex_t,ocu_isco88_5,2004,446.167
gtm,sex_t,ocu_isco88_6,2002,784.719
gtm,sex_t,ocu_isco88_6,2003,621.81
gtm,sex_t,ocu_isco88_6,2004,699.325
gtm,sex_t,ocu_isco88_7,2002,660.054
gtm,sex_t,ocu_isco88_7,2003,680.37
gtm,sex_t,ocu_isco88_7,2004,665.256
gtm,sex_t,ocu_isco88_8,2002,123.54
gtm,sex_t,ocu_isco88_8,2003,148.889
gtm,sex_t,ocu_isco88_8,2004,116.862
gtm,sex_t,ocu_isco88_9,2002,1090.355
gtm,sex_t,ocu_isco88_9,2003,1167.719
gtm,sex_t,ocu_isco88_9,2004,1446.954
gtm,sex_t,ocu_isco88_total,2002,3561.411
gtm,sex_t,ocu_isco88_total,2003,3587.817
gtm,sex_t,ocu_isco88_total,2004,3612.934
gtm,sex_t,ocu_skill_l1,2002,1090.355
gtm,sex_t,ocu_skill_l1,2003,1167.719
gtm,sex_t,ocu_skill_l1,2004,1446.954
gtm,sex_t,ocu_skill_l1,2006,1355.619
gtm,sex_t,ocu_skill_l1,2010,1442.795
gtm,sex_t,ocu_skill_l1,2011,1559.282
gtm,sex_t,ocu_skill_l1,2012,2092.894
gtm,sex_t,ocu_skill_l1,2013,1735.974
gtm,sex_t,ocu_skill_l1,2014,1238.949
gtm,sex_t,ocu_skill_l1,2015,1226.249
gtm,sex_t,ocu_skill_l1,2016,1799.614
gtm,sex_t,ocu_skill_l1,2017,1826.578
gtm,sex_t,ocu_skill_l1,2018,877.305
gtm,sex_t,ocu_skill_l1,2019,1450.584
gtm,sex_t,ocu_skill_l1,2021,2014.88
gtm,sex_t,ocu_skill_l1,2022,1680.951
gtm,sex_t,ocu_skill_l1,2023,2541.938
gtm,sex_t,ocu_skill_l2,2002,2229.838
gtm,sex_t,ocu_skill_l2,2003,2200.817
gtm,sex_t,ocu_skill_l2,2004,1967.408
gtm,sex_t,ocu_skill_l2,2006,2170.143
gtm,sex_t,ocu_skill_l2,2010,2419.989
gtm,sex_t,ocu_skill_l2,2011,2159.12
gtm,sex_t,ocu_skill_l2,2012,2700.222
gtm,sex_t,ocu_skill_l2,2013,2669.546
gtm,sex_t,ocu_skill_l2,2014,3248.55
gtm,sex_t,ocu_skill_l2,2015,3506.94
gtm,sex_t,ocu_skill_l2,2016,3109.004
gtm,sex_t,ocu_skill_l2,2017,3323.29
gtm,sex_t,ocu_skill_l2,2018,4497.819
gtm,sex_t,ocu_skill_l2,2019,3940.996
gtm,sex_t,ocu_skill_l2,2021,3676.134
gtm,sex_t,ocu_skill_l2,2022,3558.604
gtm,sex_t,ocu_skill_l2,2023,3700.026
gtm,sex_t,ocu_skill_l3_4,2002,238.805
gtm,sex_t,ocu_skill_l3_4,2003,216.041
gtm,sex_t,ocu_skill_l3_4,2004,197.459
gtm,sex_t,ocu_skill_l3_4,2006,425.311
gtm,sex_t,ocu_skill_l3_4,2010,324.811
gtm,sex_t,ocu_skill_l3_4,2011,612.271
gtm,sex_t,ocu_skill_l3_4,2012,211.761
gtm,sex_t,ocu_skill_l3_4,2013,237.523
gtm,sex_t,ocu_skill_l3_4,2014,243.228
gtm,sex_t,ocu_skill_l3_4,2015,207.144
gtm,sex_t,ocu_skill_l3_4,2016,219.178
gtm,sex_t,ocu_skill_l3_4,2017,206.789
gtm,sex_t,ocu_skill_l3_4,2018,195.514
gtm,sex_t,ocu_skill_l3_4,2019,217.966
gtm,sex_t,ocu_skill_l3_4,2021,238.411
gtm,sex_t,ocu_skill_l3_4,2022,286.078
gtm,sex_t,ocu_skill_l3_4,2023,235.113
gtm,sex_t,ocu_skill_total,2002,3561.411
gtm,sex_t,ocu_skill_total,2003,3587.817
gtm,sex_t,ocu_skill_total,2004,3612.934
gtm,sex_t,ocu_skill_total,2006,3955.704
gtm,sex_t,ocu_skill_total,2010,4214.523
gtm,sex_t,ocu_skill_total,2011,4342.471
gtm,sex_t,ocu_skill_total,2012,5005.448
gtm,sex_t,ocu_skill_total,2013,4643.582
gtm,sex_t,ocu_skill_total,2014,4730.728
gtm,sex_t,ocu_skill_total,2015,4941.454
gtm,sex_t,ocu_skill_total,2016,5128.245
gtm,sex_t,ocu_skill_total,2017,5357.543
gtm,sex_t,ocu_skill_total,2018,5571.46
gtm,sex_t,ocu_skill_total,2019,5611.889
gtm,sex_t,ocu_skill_total,2021,5934.379
gtm,sex_t,ocu_skill_total,2022,5542.963
gtm,sex_t,ocu_skill_total,2023,6483.641
gtm,sex_t,ocu_skill_x,2002,2.413
gtm,sex_t,ocu_skill_x,2003,3.24
gtm,sex_t,ocu_skill_x,2006,4.63
gtm,sex_t,ocu_skill_x,2010,26.928
gtm,sex_t,ocu_skill_x,2011,11.797
gtm,sex_t,ocu_skill_x,2015,1.122
gtm,sex_t,ocu_skill_x,2017,0.886
gtm,sex_t,ocu_skill_x,2019,2.342
gtm,sex_t,ocu_skill_x,2021,4.954
gtm,sex_t,ocu_skill_x,2022,17.33
gtm,sex_t,ocu_skill_x,2023,6.564
guy,sex_f,ocu_isco08_1,2018,0.903
guy,sex_f,ocu_isco08_1,2019,1.47
guy,sex_f,ocu_isco08_2,2018,1.687
guy,sex_f,ocu_isco08_2,2019,1.134
guy,sex_f,ocu_isco08_3,2018,0.89
guy,sex_f,ocu_isco08_3,2019,1.096
guy,sex_f,ocu_isco08_4,2018,0.995
guy,sex_f,ocu_isco08_4,2019,1.01
guy,sex_f,ocu_isco08_5,2018,22.017
guy,sex_f,ocu_isco08_5,2019,19.367
guy,sex_f,ocu_isco08_6,2018,4.286
guy,sex_f,ocu_isco08_6,2019,3.931
guy,sex_f,ocu_isco08_7,2018,2.813
guy,sex_f,ocu_isco08_7,2019,2.937
guy,sex_f,ocu_isco08_8,2018,0.48
guy,sex_f,ocu_isco08_8,2019,0.248
guy,sex_f,ocu_isco08_9,2018,8.985
guy,sex_f,ocu_isco08_9,2019,9.367
guy,sex_f,ocu_isco08_total,2018,46.096
guy,sex_f,ocu_isco08_total,2019,43.252
guy,sex_f,ocu_isco08_x,2018,3.017
guy,sex_f,ocu_isco08_x,2019,2.679
guy,sex_f,ocu_skill_l1,2018,8.985
guy,sex_f,ocu_skill_l1,2019,9.367
guy,sex_f,ocu_skill_l2,2018,30.591
guy,sex_f,ocu_skill_l2,2019,27.492
guy,sex_f,ocu_skill_l3_4,2018,3.48
guy,sex_f,ocu_skill_l3_4,2019,3.7
guy,sex_f,ocu_skill_total,2018,46.096
guy,sex_f,ocu_skill_total,2019,43.252
guy,sex_f,ocu_skill_x,2018,3.04
guy,sex_f,ocu_skill_x,2019,2.692
guy,sex_m,ocu_isco08_1,2018,1.641
guy,sex_m,ocu_isco08_1,2019,1.674
guy,sex_m,ocu_isco08_2,2018,1.338
guy,sex_m,ocu_isco08_2,2019,1.468
guy,sex_m,ocu_isco08_3,2018,2.132
guy,sex_m,ocu_isco08_3,2019,1.832
guy,sex_m,ocu_isco08_4,2018,0.468
guy,sex_m,ocu_isco08_4,2019,0.432
guy,sex_m,ocu_isco08_5,2018,10.324
guy,sex_m,ocu_isco08_5,2019,9.973
guy,sex_m,ocu_isco08_6,2018,16.686
guy,sex_m,ocu_isco08_6,2019,16.136
guy,sex_m,ocu_isco08_7,2018,19.704
guy,sex_m,ocu_isco08_7,2019,17.284
guy,sex_m,ocu_isco08_8,2018,11.387
guy,sex_m,ocu_isco08_8,2019,9.808
guy,sex_m,ocu_isco08_9,2018,22.284
guy,sex_m,ocu_isco08_9,2019,21.433
guy,sex_m,ocu_isco08_total,2018,88.686
guy,sex_m,ocu_isco08_total,2019,82.585
guy,sex_m,ocu_isco08_x,2018,2.68
guy,sex_m,ocu_isco08_x,2019,2.543
guy,sex_m,ocu_skill_l1,2018,22.284
guy,sex_m,ocu_skill_l1,2019,21.433
guy,sex_m,ocu_skill_l2,2018,58.569
guy,sex_m,ocu_skill_l2,2019,53.634
guy,sex_m,ocu_skill_l3_4,2018,5.111
guy,sex_m,ocu_skill_l3_4,2019,4.974
guy,sex_m,ocu_skill_total,2018,88.686
guy,sex_m,ocu_skill_total,2019,82.585
guy,sex_m,ocu_skill_x,2018,2.722
guy,sex_m,ocu_skill_x,2019,2.543
guy,sex_t,ocu_isco08_0,2018,0.065
guy,sex_t,ocu_isco08_1,2018,2.543
guy,sex_t,ocu_isco08_1,2019,3.144
guy,sex_t,ocu_isco08_2,2018,3.025
guy,sex_t,ocu_isco08_2,2019,2.602
guy,sex_t,ocu_isco08_3,2018,3.022
guy,sex_t,ocu_isco08_3,2019,2.928
guy,sex_t,ocu_isco08_4,2018,1.462
guy,sex_t,ocu_isco08_4,2019,1.442
guy,sex_t,ocu_isco08_5,2018,32.341
guy,sex_t,ocu_isco08_5,2019,29.34
guy,sex_t,ocu_isco08_6,2018,20.973
guy,sex_t,ocu_isco08_6,2019,20.066
guy,sex_t,ocu_isco08_7,2018,22.517
guy,sex_t,ocu_isco08_7,2019,20.221
guy,sex_t,ocu_isco08_8,2018,11.867
guy,sex_t,ocu_isco08_8,2019,10.056
guy,sex_t,ocu_isco08_9,2018,31.269
guy,sex_t,ocu_isco08_9,2019,30.801
guy,sex_t,ocu_isco08_total,2018,134.782
guy,sex_t,ocu_isco08_total,2019,125.837
guy,sex_t,ocu_isco08_x,2018,5.697
guy,sex_t,ocu_isco08_x,2019,5.223
guy,sex_t,ocu_skill_l1,2018,31.269
guy,sex_t,ocu_skill_l1,2019,30.801
guy,sex_t,ocu_skill_l2,2018,89.16
guy,sex_t,ocu_skill_l2,2019,81.126
guy,sex_t,ocu_skill_l3_4,2018,8.591
guy,sex_t,ocu_skill_l3_4,2019,8.674
guy,sex_t,ocu_skill_total,2018,134.782
guy,sex_t,ocu_skill_total,2019,125.837
guy,sex_t,ocu_skill_x,2018,5.763
guy,sex_t,ocu_skill_x,2019,5.236
hnd,sex_f,ocu_isco08_1,2015,21.843
hnd,sex_f,ocu_isco08_1,2016,21.42
hnd,sex_f,ocu_isco08_1,2017,21.052
hnd,sex_f,ocu_isco08_2,2015,19.741
hnd,sex_f,ocu_isco08_2,2016,26.51
hnd,sex_f,ocu_isco08_2,2017,28.651
hnd,sex_f,ocu_isco08_3,2015,37.361
hnd,sex_f,ocu_isco08_3,2016,48.54
hnd,sex_f,ocu_isco08_3,2017,51.286
hnd,sex_f,ocu_isco08_4,2015,18.524
hnd,sex_f,ocu_isco08_4,2016,15.563
hnd,sex_f,ocu_isco08_4,2017,17.629
hnd,sex_f,ocu_isco08_5,2015,438.878
hnd,sex_f,ocu_isco08_5,2016,474.67
hnd,sex_f,ocu_isco08_5,2017,463.081
hnd,sex_f,ocu_isco08_6,2015,64.509
hnd,sex_f,ocu_isco08_6,2016,70.829
hnd,sex_f,ocu_isco08_6,2017,89.165
hnd,sex_f,ocu_isco08_7,2015,181.076
hnd,sex_f,ocu_isco08_7,2016,164.713
hnd,sex_f,ocu_isco08_7,2017,193.965
hnd,sex_f,ocu_isco08_8,2015,7.214
hnd,sex_f,ocu_isco08_8,2016,7.55
hnd,sex_f,ocu_isco08_8,2017,12.51
hnd,sex_f,ocu_isco08_9,2015,266.182
hnd,sex_f,ocu_isco08_9,2016,232.53
hnd,sex_f,ocu_isco08_9,2017,252.233
hnd,sex_f,ocu_isco08_total,2015,1056.188
hnd,sex_f,ocu_isco08_total,2016,1063.275
hnd,sex_f,ocu_isco08_total,2017,1131.031
hnd,sex_f,ocu_isco88_0,2007,0.654
hnd,sex_f,ocu_isco88_1,2006,130.609
hnd,sex_f,ocu_isco88_1,2007,108.294
hnd,sex_f,ocu_isco88_1,2008,181.352
hnd,sex_f,ocu_isco88_1,2009,194.678
hnd,sex_f,ocu_isco88_1,2010,147.571
hnd,sex_f,ocu_isco88_1,2011,175.738
hnd,sex_f,ocu_isco88_1,2012,194.695
hnd,sex_f,ocu_isco88_1,2013,233.109
hnd,sex_f,ocu_isco88_1,2014,198.152
hnd,sex_f,ocu_isco88_2,2006,9.527
hnd,sex_f,ocu_isco88_2,2007,11.557
hnd,sex_f,ocu_isco88_2,2008,14.74
hnd,sex_f,ocu_isco88_2,2009,10.95
hnd,sex_f,ocu_isco88_2,2010,21.335
hnd,sex_f,ocu_isco88_2,2011,15.303
hnd,sex_f,ocu_isco88_2,2012,18.015
hnd,sex_f,ocu_isco88_2,2013,14.463
hnd,sex_f,ocu_isco88_2,2014,16.427
hnd,sex_f,ocu_isco88_3,2006,25.569
hnd,sex_f,ocu_isco88_3,2007,30.294
hnd,sex_f,ocu_isco88_3,2008,43.657
hnd,sex_f,ocu_isco88_3,2009,36.711
hnd,sex_f,ocu_isco88_3,2010,29.866
hnd,sex_f,ocu_isco88_3,2011,48.864
hnd,sex_f,ocu_isco88_3,2012,39.526
hnd,sex_f,ocu_isco88_3,2013,30.123
hnd,sex_f,ocu_isco88_3,2014,33.852
hnd,sex_f,ocu_isco88_4,2006,9.417
hnd,sex_f,ocu_isco88_4,2007,10.462
hnd,sex_f,ocu_isco88_4,2008,14.799
hnd,sex_f,ocu_isco88_4,2009,9.316
hnd,sex_f,ocu_isco88_4,2010,13.246
hnd,sex_f,ocu_isco88_4,2011,19.085
hnd,sex_f,ocu_isco88_4,2012,16.204
hnd,sex_f,ocu_isco88_4,2013,14.512
hnd,sex_f,ocu_isco88_4,2014,15.248
hnd,sex_f,ocu_isco88_5,2006,118.383
hnd,sex_f,ocu_isco88_5,2007,121.471
hnd,sex_f,ocu_isco88_5,2008,150.356
hnd,sex_f,ocu_isco88_5,2009,163.615
hnd,sex_f,ocu_isco88_5,2010,163.65
hnd,sex_f,ocu_isco88_5,2011,185.969
hnd,sex_f,ocu_isco88_5,2012,171.229
hnd,sex_f,ocu_isco88_5,2013,215.164
hnd,sex_f,ocu_isco88_5,2014,217.889
hnd,sex_f,ocu_isco88_6,2006,74.347
hnd,sex_f,ocu_isco88_6,2007,52.226
hnd,sex_f,ocu_isco88_6,2008,65.199
hnd,sex_f,ocu_isco88_6,2009,83.511
hnd,sex_f,ocu_isco88_6,2010,90.435
hnd,sex_f,ocu_isco88_6,2011,57.492
hnd,sex_f,ocu_isco88_6,2012,80.621
hnd,sex_f,ocu_isco88_6,2013,73.937
hnd,sex_f,ocu_isco88_6,2014,80.475
hnd,sex_f,ocu_isco88_7,2006,102.477
hnd,sex_f,ocu_isco88_7,2007,104.323
hnd,sex_f,ocu_isco88_7,2008,120.251
hnd,sex_f,ocu_isco88_7,2009,128.409
hnd,sex_f,ocu_isco88_7,2010,136.715
hnd,sex_f,ocu_isco88_7,2011,136.359
hnd,sex_f,ocu_isco88_7,2012,151.37
hnd,sex_f,ocu_isco88_7,2013,149.59
hnd,sex_f,ocu_isco88_7,2014,148.51
hnd,sex_f,ocu_isco88_8,2006,4.781
hnd,sex_f,ocu_isco88_8,2007,3.719
hnd,sex_f,ocu_isco88_8,2008,4.069
hnd,sex_f,ocu_isco88_8,2009,4.628
hnd,sex_f,ocu_isco88_8,2010,8.63
hnd,sex_f,ocu_isco88_8,2011,3.286
hnd,sex_f,ocu_isco88_8,2012,1.52
hnd,sex_f,ocu_isco88_8,2013,2.465
hnd,sex_f,ocu_isco88_8,2014,3.115
hnd,sex_f,ocu_isco88_9,2006,143.536
hnd,sex_f,ocu_isco88_9,2007,163.901
hnd,sex_f,ocu_isco88_9,2008,159.649
hnd,sex_f,ocu_isco88_9,2009,169.68
hnd,sex_f,ocu_isco88_9,2010,252.792
hnd,sex_f,ocu_isco88_9,2011,202.482
hnd,sex_f,ocu_isco88_9,2012,197.214
hnd,sex_f,ocu_isco88_9,2013,233.511
hnd,sex_f,ocu_isco88_9,2014,242.369
hnd,sex_f,ocu_isco88_total,2006,618.789
hnd,sex_f,ocu_isco88_total,2007,607.714
hnd,sex_f,ocu_isco88_total,2008,754.353
hnd,sex_f,ocu_isco88_total,2009,801.586
hnd,sex_f,ocu_isco88_total,2010,869.376
hnd,sex_f,ocu_isco88_total,2011,845.514
hnd,sex_f,ocu_isco88_total,2012,870.634
hnd,sex_f,ocu_isco88_total,2013,967.122
hnd,sex_f,ocu_isco88_total,2014,958.315
hnd,sex_f,ocu_isco88_x,2007,0.813
hnd,sex_f,ocu_isco88_x,2010,5.138
hnd,sex_f,ocu_isco88_x,2014,2.279
hnd,sex_f,ocu_skill_l1,2006,143.536
hnd,sex_f,ocu_skill_l1,2007,163.901
hnd,sex_f,ocu_skill_l1,2008,159.649
hnd,sex_f,ocu_skill_l1,2009,169.68
hnd,sex_f,ocu_skill_l1,2010,252.792
hnd,sex_f,ocu_skill_l1,2011,202.482
hnd,sex_f,ocu_skill_l1,2012,197.214
hnd,sex_f,ocu_skill_l1,2013,233.511
hnd,sex_f,ocu_skill_l1,2014,242.369
hnd,sex_f,ocu_skill_l1,2015,266.182
hnd,sex_f,ocu_skill_l1,2016,232.53
hnd,sex_f,ocu_skill_l1,2017,252.233
hnd,sex_f,ocu_skill_l2,2006,309.406
hnd,sex_f,ocu_skill_l2,2007,292.2
hnd,sex_f,ocu_skill_l2,2008,354.673
hnd,sex_f,ocu_skill_l2,2009,389.479
hnd,sex_f,ocu_skill_l2,2010,412.675
hnd,sex_f,ocu_skill_l2,2011,402.19
hnd,sex_f,ocu_skill_l2,2012,420.944
hnd,sex_f,ocu_skill_l2,2013,455.668
hnd,sex_f,ocu_skill_l2,2014,465.237
hnd,sex_f,ocu_skill_l2,2015,710.202
hnd,sex_f,ocu_skill_l2,2016,733.324
hnd,sex_f,ocu_skill_l2,2017,776.35
hnd,sex_f,ocu_skill_l3_4,2006,165.705
hnd,sex_f,ocu_skill_l3_4,2007,150.146
hnd,sex_f,ocu_skill_l3_4,2008,239.749
hnd,sex_f,ocu_skill_l3_4,2009,242.339
hnd,sex_f,ocu_skill_l3_4,2010,198.772
hnd,sex_f,ocu_skill_l3_4,2011,239.905
hnd,sex_f,ocu_skill_l3_4,2012,252.237
hnd,sex_f,ocu_skill_l3_4,2013,277.694
hnd,sex_f,ocu_skill_l3_4,2014,248.431
hnd,sex_f,ocu_skill_l3_4,2015,78.945
hnd,sex_f,ocu_skill_l3_4,2016,96.471
hnd,sex_f,ocu_skill_l3_4,2017,100.989
hnd,sex_f,ocu_skill_total,2006,618.789
hnd,sex_f,ocu_skill_total,2007,607.714
hnd,sex_f,ocu_skill_total,2008,754.353
hnd,sex_f,ocu_skill_total,2009,801.586
hnd,sex_f,ocu_skill_total,2010,869.376
hnd,sex_f,ocu_skill_total,2011,845.514
hnd,sex_f,ocu_skill_total,2012,870.634
hnd,sex_f,ocu_skill_total,2013,967.122
hnd,sex_f,ocu_skill_total,2014,958.315
hnd,sex_f,ocu_skill_total,2015,1056.188
hnd,sex_f,ocu_skill_total,2016,1063.275
hnd,sex_f,ocu_skill_total,2017,1131.031
hnd,sex_f,ocu_skill_x,2007,1.468
hnd,sex_f,ocu_skill_x,2010,5.138
hnd,sex_f,ocu_skill_x,2014,2.279
hnd,sex_m,ocu_isco08_1,2015,20.048
hnd,sex_m,ocu_isco08_1,2016,29.335
hnd,sex_m,ocu_isco08_1,2017,18.062
hnd,sex_m,ocu_isco08_2,2015,19.167
hnd,sex_m,ocu_isco08_2,2016,26.625
hnd,sex_m,ocu_isco08_2,2017,23.534
hnd,sex_m,ocu_isco08_3,2015,60.239
hnd,sex_m,ocu_isco08_3,2016,67.587
hnd,sex_m,ocu_isco08_3,2017,57.971
hnd,sex_m,ocu_isco08_4,2015,21.009
hnd,sex_m,ocu_isco08_4,2016,22.552
hnd,sex_m,ocu_isco08_4,2017,19.482
hnd,sex_m,ocu_isco08_5,2015,228.524
hnd,sex_m,ocu_isco08_5,2016,242.798
hnd,sex_m,ocu_isco08_5,2017,227.211
hnd,sex_m,ocu_isco08_6,2015,540.285
hnd,sex_m,ocu_isco08_6,2016,435.086
hnd,sex_m,ocu_isco08_6,2017,548.706
hnd,sex_m,ocu_isco08_7,2015,270.48
hnd,sex_m,ocu_isco08_7,2016,280.322
hnd,sex_m,ocu_isco08_7,2017,275.466
hnd,sex_m,ocu_isco08_8,2015,91.055
hnd,sex_m,ocu_isco08_8,2016,98.089
hnd,sex_m,ocu_isco08_8,2017,101.158
hnd,sex_m,ocu_isco08_9,2015,501.511
hnd,sex_m,ocu_isco08_9,2016,538.237
hnd,sex_m,ocu_isco08_9,2017,626.482
hnd,sex_m,ocu_isco08_total,2015,1754.44
hnd,sex_m,ocu_isco08_total,2016,1741.812
hnd,sex_m,ocu_isco08_total,2017,1898.59
hnd,sex_m,ocu_isco08_x,2015,2.122
hnd,sex_m,ocu_isco88_0,2006,0.427
hnd,sex_m,ocu_isco88_0,2007,3.375
hnd,sex_m,ocu_isco88_1,2006,77.713
hnd,sex_m,ocu_isco88_1,2007,62.148
hnd,sex_m,ocu_isco88_1,2008,108.046
hnd,sex_m,ocu_isco88_1,2009,100.724
hnd,sex_m,ocu_isco88_1,2010,95.734
hnd,sex_m,ocu_isco88_1,2011,107.367
hnd,sex_m,ocu_isco88_1,2012,103.542
hnd,sex_m,ocu_isco88_1,2013,126.74
hnd,sex_m,ocu_isco88_1,2014,107.458
hnd,sex_m,ocu_isco88_2,2006,18.43
hnd,sex_m,ocu_isco88_2,2007,20.824
hnd,sex_m,ocu_isco88_2,2008,23.983
hnd,sex_m,ocu_isco88_2,2009,21.704
hnd,sex_m,ocu_isco88_2,2010,23.363
hnd,sex_m,ocu_isco88_2,2011,29.652
hnd,sex_m,ocu_isco88_2,2012,25.4
hnd,sex_m,ocu_isco88_2,2013,25.539
hnd,sex_m,ocu_isco88_2,2014,24.128
hnd,sex_m,ocu_isco88_3,2006,28.766
hnd,sex_m,ocu_isco88_3,2007,31.762
hnd,sex_m,ocu_isco88_3,2008,38.496
hnd,sex_m,ocu_isco88_3,2009,33.112
hnd,sex_m,ocu_isco88_3,2010,25.788
hnd,sex_m,ocu_isco88_3,2011,41.161
hnd,sex_m,ocu_isco88_3,2012,37.669
hnd,sex_m,ocu_isco88_3,2013,38.668
hnd,sex_m,ocu_isco88_3,2014,35.858
hnd,sex_m,ocu_isco88_4,2006,8.498
hnd,sex_m,ocu_isco88_4,2007,6.498
hnd,sex_m,ocu_isco88_4,2008,8.428
hnd,sex_m,ocu_isco88_4,2009,7.229
hnd,sex_m,ocu_isco88_4,2010,10.962
hnd,sex_m,ocu_isco88_4,2011,13.835
hnd,sex_m,ocu_isco88_4,2012,12.514
hnd,sex_m,ocu_isco88_4,2013,12.247
hnd,sex_m,ocu_isco88_4,2014,11.529
hnd,sex_m,ocu_isco88_5,2006,43.46
hnd,sex_m,ocu_isco88_5,2007,46.371
hnd,sex_m,ocu_isco88_5,2008,52.273
hnd,sex_m,ocu_isco88_5,2009,54.924
hnd,sex_m,ocu_isco88_5,2010,52.046
hnd,sex_m,ocu_isco88_5,2011,66.222
hnd,sex_m,ocu_isco88_5,2012,65.851
hnd,sex_m,ocu_isco88_5,2013,80.615
hnd,sex_m,ocu_isco88_5,2014,93.636
hnd,sex_m,ocu_isco88_6,2006,427.516
hnd,sex_m,ocu_isco88_6,2007,432.725
hnd,sex_m,ocu_isco88_6,2008,454.391
hnd,sex_m,ocu_isco88_6,2009,489.557
hnd,sex_m,ocu_isco88_6,2010,534.201
hnd,sex_m,ocu_isco88_6,2011,544.906
hnd,sex_m,ocu_isco88_6,2012,565.037
hnd,sex_m,ocu_isco88_6,2013,587.994
hnd,sex_m,ocu_isco88_6,2014,493.253
hnd,sex_m,ocu_isco88_7,2006,250.807
hnd,sex_m,ocu_isco88_7,2007,261.858
hnd,sex_m,ocu_isco88_7,2008,297.546
hnd,sex_m,ocu_isco88_7,2009,302.806
hnd,sex_m,ocu_isco88_7,2010,291.714
hnd,sex_m,ocu_isco88_7,2011,316.268
hnd,sex_m,ocu_isco88_7,2012,323.994
hnd,sex_m,ocu_isco88_7,2013,326.729
hnd,sex_m,ocu_isco88_7,2014,349.113
hnd,sex_m,ocu_isco88_8,2006,55.169
hnd,sex_m,ocu_isco88_8,2007,60.592
hnd,sex_m,ocu_isco88_8,2008,69.291
hnd,sex_m,ocu_isco88_8,2009,70.383
hnd,sex_m,ocu_isco88_8,2010,69.083
hnd,sex_m,ocu_isco88_8,2011,57.582
hnd,sex_m,ocu_isco88_8,2012,71.051
hnd,sex_m,ocu_isco88_8,2013,89.743
hnd,sex_m,ocu_isco88_8,2014,91.904
hnd,sex_m,ocu_isco88_9,2006,391.224
hnd,sex_m,ocu_isco88_9,2007,374.606
hnd,sex_m,ocu_isco88_9,2008,452.157
hnd,sex_m,ocu_isco88_9,2009,465.554
hnd,sex_m,ocu_isco88_9,2010,514.221
hnd,sex_m,ocu_isco88_9,2011,519.646
hnd,sex_m,ocu_isco88_9,2012,538.616
hnd,sex_m,ocu_isco88_9,2013,507.606
hnd,sex_m,ocu_isco88_9,2014,450.09
hnd,sex_m,ocu_isco88_total,2006,1302.367
hnd,sex_m,ocu_isco88_total,2007,1301.428
hnd,sex_m,ocu_isco88_total,2008,1505.207
hnd,sex_m,ocu_isco88_total,2009,1546.056
hnd,sex_m,ocu_isco88_total,2010,1630.798
hnd,sex_m,ocu_isco88_total,2011,1699.544
hnd,sex_m,ocu_isco88_total,2012,1745.128
hnd,sex_m,ocu_isco88_total,2013,1796.379
hnd,sex_m,ocu_isco88_total,2014,1659.871
hnd,sex_m,ocu_isco88_x,2006,0.356
hnd,sex_m,ocu_isco88_x,2007,0.668
hnd,sex_m,ocu_isco88_x,2008,0.597
hnd,sex_m,ocu_isco88_x,2010,13.686
hnd,sex_m,ocu_isco88_x,2011,2.903
hnd,sex_m,ocu_isco88_x,2012,1.454
hnd,sex_m,ocu_isco88_x,2014,2.902
hnd,sex_m,ocu_skill_l1,2006,391.224
hnd,sex_m,ocu_skill_l1,2007,374.606
hnd,sex_m,ocu_skill_l1,2008,452.157
hnd,sex_m,ocu_skill_l1,2009,465.554
hnd,sex_m,ocu_skill_l1,2010,514.221
hnd,sex_m,ocu_skill_l1,2011,519.646
hnd,sex_m,ocu_skill_l1,2012,538.616
hnd,sex_m,ocu_skill_l1,2013,507.606
hnd,sex_m,ocu_skill_l1,2014,450.09
hnd,sex_m,ocu_skill_l1,2015,501.511
hnd,sex_m,ocu_skill_l1,2016,538.237
hnd,sex_m,ocu_skill_l1,2017,626.482
hnd,sex_m,ocu_skill_l2,2006,785.45
hnd,sex_m,ocu_skill_l2,2007,808.043
hnd,sex_m,ocu_skill_l2,2008,881.928
hnd,sex_m,ocu_skill_l2,2009,924.899
hnd,sex_m,ocu_skill_l2,2010,958.006
hnd,sex_m,ocu_skill_l2,2011,998.814
hnd,sex_m,ocu_skill_l2,2012,1038.447
hnd,sex_m,ocu_skill_l2,2013,1097.326
hnd,sex_m,ocu_skill_l2,2014,1039.435
hnd,sex_m,ocu_skill_l2,2015,1151.353
hnd,sex_m,ocu_skill_l2,2016,1078.847
hnd,sex_m,ocu_skill_l2,2017,1172.023
hnd,sex_m,ocu_skill_l3_4,2006,124.909
hnd,sex_m,ocu_skill_l3_4,2007,114.735
hnd,sex_m,ocu_skill_l3_4,2008,170.525
hnd,sex_m,ocu_skill_l3_4,2009,155.54
hnd,sex_m,ocu_skill_l3_4,2010,144.885
hnd,sex_m,ocu_skill_l3_4,2011,178.181
hnd,sex_m,ocu_skill_l3_4,2012,166.611
hnd,sex_m,ocu_skill_l3_4,2013,190.948
hnd,sex_m,ocu_skill_l3_4,2014,167.444
hnd,sex_m,ocu_skill_l3_4,2015,99.454
hnd,sex_m,ocu_skill_l3_4,2016,123.547
hnd,sex_m,ocu_skill_l3_4,2017,99.567
hnd,sex_m,ocu_skill_total,2006,1302.367
hnd,sex_m,ocu_skill_total,2007,1301.428
hnd,sex_m,ocu_skill_total,2008,1505.207
hnd,sex_m,ocu_skill_total,2009,1546.056
hnd,sex_m,ocu_skill_total,2010,1630.798
hnd,sex_m,ocu_skill_total,2011,1699.544
hnd,sex_m,ocu_skill_total,2012,1745.128
hnd,sex_m,ocu_skill_total,2013,1796.379
hnd,sex_m,ocu_skill_total,2014,1659.871
hnd,sex_m,ocu_skill_total,2015,1754.44
hnd,sex_m,ocu_skill_total,2016,1741.812
hnd,sex_m,ocu_skill_total,2017,1898.59
hnd,sex_m,ocu_skill_x,2006,0.784
hnd,sex_m,ocu_skill_x,2007,4.043
hnd,sex_m,ocu_skill_x,2008,0.597
hnd,sex_m,ocu_skill_x,2010,13.686
hnd,sex_m,ocu_skill_x,2011,2.903
hnd,sex_m,ocu_skill_x,2012,1.454
hnd,sex_m,ocu_skill_x,2014,2.902
hnd,sex_m,ocu_skill_x,2015,2.122
hnd,sex_t,ocu_isco08_1,2015,41.891
hnd,sex_t,ocu_isco08_1,2016,50.756
hnd,sex_t,ocu_isco08_1,2017,39.114
hnd,sex_t,ocu_isco08_2,2015,38.909
hnd,sex_t,ocu_isco08_2,2016,53.136
hnd,sex_t,ocu_isco08_2,2017,52.185
hnd,sex_t,ocu_isco08_3,2015,97.6
hnd,sex_t,ocu_isco08_3,2016,116.127
hnd,sex_t,ocu_isco08_3,2017,109.258
hnd,sex_t,ocu_isco08_4,2015,39.533
hnd,sex_t,ocu_isco08_4,2016,38.114
hnd,sex_t,ocu_isco08_4,2017,37.111
hnd,sex_t,ocu_isco08_5,2015,667.402
hnd,sex_t,ocu_isco08_5,2016,717.467
hnd,sex_t,ocu_isco08_5,2017,690.292
hnd,sex_t,ocu_isco08_6,2015,604.793
hnd,sex_t,ocu_isco08_6,2016,505.915
hnd,sex_t,ocu_isco08_6,2017,637.872
hnd,sex_t,ocu_isco08_7,2015,451.556
hnd,sex_t,ocu_isco08_7,2016,445.035
hnd,sex_t,ocu_isco08_7,2017,469.431
hnd,sex_t,ocu_isco08_8,2015,98.27
hnd,sex_t,ocu_isco08_8,2016,105.639
hnd,sex_t,ocu_isco08_8,2017,113.667
hnd,sex_t,ocu_isco08_9,2015,767.693
hnd,sex_t,ocu_isco08_9,2016,770.768
hnd,sex_t,ocu_isco08_9,2017,878.715
hnd,sex_t,ocu_isco08_total,2015,2810.628
hnd,sex_t,ocu_isco08_total,2016,2805.087
hnd,sex_t,ocu_isco08_total,2017,3029.621
hnd,sex_t,ocu_isco08_x,2015,2.981
hnd,sex_t,ocu_isco08_x,2016,1.849
hnd,sex_t,ocu_isco08_x,2017,1.976
hnd,sex_t,ocu_isco88_0,2006,0.512
hnd,sex_t,ocu_isco88_0,2007,4.029
hnd,sex_t,ocu_isco88_1,2006,208.322
hnd,sex_t,ocu_isco88_1,2007,170.442
hnd,sex_t,ocu_isco88_1,2008,289.398
hnd,sex_t,ocu_isco88_1,2009,295.402
hnd,sex_t,ocu_isco88_1,2010,243.305
hnd,sex_t,ocu_isco88_1,2011,283.105
hnd,sex_t,ocu_isco88_1,2012,298.238
hnd,sex_t,ocu_isco88_1,2013,359.849
hnd,sex_t,ocu_isco88_1,2014,305.61
hnd,sex_t,ocu_isco88_2,2006,27.957
hnd,sex_t,ocu_isco88_2,2007,32.382
hnd,sex_t,ocu_isco88_2,2008,38.723
hnd,sex_t,ocu_isco88_2,2009,32.655
hnd,sex_t,ocu_isco88_2,2010,44.698
hnd,sex_t,ocu_isco88_2,2011,44.956
hnd,sex_t,ocu_isco88_2,2012,43.415
hnd,sex_t,ocu_isco88_2,2013,40.002
hnd,sex_t,ocu_isco88_2,2014,40.556
hnd,sex_t,ocu_isco88_3,2006,54.335
hnd,sex_t,ocu_isco88_3,2007,62.056
hnd,sex_t,ocu_isco88_3,2008,82.153
hnd,sex_t,ocu_isco88_3,2009,69.823
hnd,sex_t,ocu_isco88_3,2010,55.654
hnd,sex_t,ocu_isco88_3,2011,90.026
hnd,sex_t,ocu_isco88_3,2012,77.195
hnd,sex_t,ocu_isco88_3,2013,68.791
hnd,sex_t,ocu_isco88_3,2014,69.709
hnd,sex_t,ocu_isco88_4,2006,17.916
hnd,sex_t,ocu_isco88_4,2007,16.96
hnd,sex_t,ocu_isco88_4,2008,23.227
hnd,sex_t,ocu_isco88_4,2009,16.545
hnd,sex_t,ocu_isco88_4,2010,24.208
hnd,sex_t,ocu_isco88_4,2011,32.92
hnd,sex_t,ocu_isco88_4,2012,28.718
hnd,sex_t,ocu_isco88_4,2013,26.758
hnd,sex_t,ocu_isco88_4,2014,26.777
hnd,sex_t,ocu_isco88_5,2006,161.843
hnd,sex_t,ocu_isco88_5,2007,167.842
hnd,sex_t,ocu_isco88_5,2008,202.628
hnd,sex_t,ocu_isco88_5,2009,218.539
hnd,sex_t,ocu_isco88_5,2010,215.696
hnd,sex_t,ocu_isco88_5,2011,252.191
hnd,sex_t,ocu_isco88_5,2012,237.08
hnd,sex_t,ocu_isco88_5,2013,295.779
hnd,sex_t,ocu_isco88_5,2014,311.525
hnd,sex_t,ocu_isco88_6,2006,501.863
hnd,sex_t,ocu_isco88_6,2007,484.951
hnd,sex_t,ocu_isco88_6,2008,519.59
hnd,sex_t,ocu_isco88_6,2009,573.068
hnd,sex_t,ocu_isco88_6,2010,624.636
hnd,sex_t,ocu_isco88_6,2011,602.398
hnd,sex_t,ocu_isco88_6,2012,645.658
hnd,sex_t,ocu_isco88_6,2013,661.93
hnd,sex_t,ocu_isco88_6,2014,573.727
hnd,sex_t,ocu_isco88_7,2006,353.284
hnd,sex_t,ocu_isco88_7,2007,366.181
hnd,sex_t,ocu_isco88_7,2008,417.796
hnd,sex_t,ocu_isco88_7,2009,431.215
hnd,sex_t,ocu_isco88_7,2010,428.428
hnd,sex_t,ocu_isco88_7,2011,452.627
hnd,sex_t,ocu_isco88_7,2012,475.364
hnd,sex_t,ocu_isco88_7,2013,476.319
hnd,sex_t,ocu_isco88_7,2014,497.623
hnd,sex_t,ocu_isco88_8,2006,59.949
hnd,sex_t,ocu_isco88_8,2007,64.311
hnd,sex_t,ocu_isco88_8,2008,73.36
hnd,sex_t,ocu_isco88_8,2009,75.011
hnd,sex_t,ocu_isco88_8,2010,77.712
hnd,sex_t,ocu_isco88_8,2011,60.868
hnd,sex_t,ocu_isco88_8,2012,72.57
hnd,sex_t,ocu_isco88_8,2013,92.208
hnd,sex_t,ocu_isco88_8,2014,95.019
hnd,sex_t,ocu_isco88_9,2006,534.76
hnd,sex_t,ocu_isco88_9,2007,538.507
hnd,sex_t,ocu_isco88_9,2008,611.806
hnd,sex_t,ocu_isco88_9,2009,635.233
hnd,sex_t,ocu_isco88_9,2010,767.013
hnd,sex_t,ocu_isco88_9,2011,722.129
hnd,sex_t,ocu_isco88_9,2012,735.831
hnd,sex_t,ocu_isco88_9,2013,741.117
hnd,sex_t,ocu_isco88_9,2014,692.459
hnd,sex_t,ocu_isco88_total,2006,1921.156
hnd,sex_t,ocu_isco88_total,2007,1909.142
hnd,sex_t,ocu_isco88_total,2008,2259.56
hnd,sex_t,ocu_isco88_total,2009,2347.643
hnd,sex_t,ocu_isco88_total,2010,2500.174
hnd,sex_t,ocu_isco88_total,2011,2545.058
hnd,sex_t,ocu_isco88_total,2012,2615.763
hnd,sex_t,ocu_isco88_total,2013,2763.5
hnd,sex_t,ocu_isco88_total,2014,2618.186
hnd,sex_t,ocu_isco88_x,2006,0.414
hnd,sex_t,ocu_isco88_x,2007,1.482
hnd,sex_t,ocu_isco88_x,2008,0.879
hnd,sex_t,ocu_isco88_x,2010,18.824
hnd,sex_t,ocu_isco88_x,2011,3.839
hnd,sex_t,ocu_isco88_x,2012,1.693
hnd,sex_t,ocu_isco88_x,2014,5.181
hnd,sex_t,ocu_skill_l1,2006,534.76
hnd,sex_t,ocu_skill_l1,2007,538.507
hnd,sex_t,ocu_skill_l1,2008,611.806
hnd,sex_t,ocu_skill_l1,2009,635.233
hnd,sex_t,ocu_skill_l1,2010,767.013
hnd,sex_t,ocu_skill_l1,2011,722.129
hnd,sex_t,ocu_skill_l1,2012,735.831
hnd,sex_t,ocu_skill_l1,2013,741.117
hnd,sex_t,ocu_skill_l1,2014,692.459
hnd,sex_t,ocu_skill_l1,2015,767.693
hnd,sex_t,ocu_skill_l1,2016,770.768
hnd,sex_t,ocu_skill_l1,2017,878.715
hnd,sex_t,ocu_skill_l2,2006,1094.856
hnd,sex_t,ocu_skill_l2,2007,1100.244
hnd,sex_t,ocu_skill_l2,2008,1236.601
hnd,sex_t,ocu_skill_l2,2009,1314.378
hnd,sex_t,ocu_skill_l2,2010,1370.681
hnd,sex_t,ocu_skill_l2,2011,1401.004
hnd,sex_t,ocu_skill_l2,2012,1459.391
hnd,sex_t,ocu_skill_l2,2013,1552.994
hnd,sex_t,ocu_skill_l2,2014,1504.671
hnd,sex_t,ocu_skill_l2,2015,1861.554
hnd,sex_t,ocu_skill_l2,2016,1812.171
hnd,sex_t,ocu_skill_l2,2017,1948.373
hnd,sex_t,ocu_skill_l3_4,2006,290.614
hnd,sex_t,ocu_skill_l3_4,2007,264.88
hnd,sex_t,ocu_skill_l3_4,2008,410.274
hnd,sex_t,ocu_skill_l3_4,2009,397.88
hnd,sex_t,ocu_skill_l3_4,2010,343.657
hnd,sex_t,ocu_skill_l3_4,2011,418.086
hnd,sex_t,ocu_skill_l3_4,2012,418.848
hnd,sex_t,ocu_skill_l3_4,2013,468.642
hnd,sex_t,ocu_skill_l3_4,2014,415.875
hnd,sex_t,ocu_skill_l3_4,2015,178.399
hnd,sex_t,ocu_skill_l3_4,2016,220.018
hnd,sex_t,ocu_skill_l3_4,2017,200.556
hnd,sex_t,ocu_skill_total,2006,1921.156
hnd,sex_t,ocu_skill_total,2007,1909.142
hnd,sex_t,ocu_skill_total,2008,2259.56
hnd,sex_t,ocu_skill_total,2009,2347.643
hnd,sex_t,ocu_skill_total,2010,2500.174
hnd,sex_t,ocu_skill_total,2011,2545.058
hnd,sex_t,ocu_skill_total,2012,2615.763
hnd,sex_t,ocu_skill_total,2013,2763.5
hnd,sex_t,ocu_skill_total,2014,2618.186
hnd,sex_t,ocu_skill_total,2015,2810.628
hnd,sex_t,ocu_skill_total,2016,2805.087
hnd,sex_t,ocu_skill_total,2017,3029.621
hnd,sex_t,ocu_skill_x,2006,0.926
hnd,sex_t,ocu_skill_x,2007,5.511
hnd,sex_t,ocu_skill_x,2008,0.879
hnd,sex_t,ocu_skill_x,2010,18.824
hnd,sex_t,ocu_skill_x,2011,3.839
hnd,sex_t,ocu_skill_x,2012,1.693
hnd,sex_t,ocu_skill_x,2014,5.181
hnd,sex_t,ocu_skill_x,2015,2.981
hnd,sex_t,ocu_skill_x,2016,2.13
hnd,sex_t,ocu_skill_x,2017,1.976
hrv,sex_f,ocu_isco08_2,2011,2.328
hrv,sex_f,ocu_isco08_2,2012,2.691
hrv,sex_f,ocu_isco08_2,2013,5.447
hrv,sex_f,ocu_isco08_2,2015,4.729
hrv,sex_f,ocu_isco08_2,2016,2.528
hrv,sex_f,ocu_isco08_2,2017,1.178
hrv,sex_f,ocu_isco08_2,2018,2.647
hrv,sex_f,ocu_isco08_2,2019,1.256
hrv,sex_f,ocu_isco08_2,2023,1.562
hrv,sex_f,ocu_isco08_3,2011,1.762
hrv,sex_f,ocu_isco08_3,2013,3.331
hrv,sex_f,ocu_isco08_3,2015,1.712
hrv,sex_f,ocu_isco08_3,2016,1.809
hrv,sex_f,ocu_isco08_3,2018,1.028
hrv,sex_f,ocu_isco08_3,2021,0.773
hrv,sex_f,ocu_isco08_4,2011,1.93
hrv,sex_f,ocu_isco08_4,2012,2.852
hrv,sex_f,ocu_isco08_4,2013,1.914
hrv,sex_f,ocu_isco08_4,2015,2.005
hrv,sex_f,ocu_isco08_4,2018,1.265
hrv,sex_f,ocu_isco08_4,2019,1.162
hrv,sex_f,ocu_isco08_5,2011,12.036
hrv,sex_f,ocu_isco08_5,2012,14.306
hrv,sex_f,ocu_isco08_5,2013,15.557
hrv,sex_f,ocu_isco08_5,2014,13.688
hrv,sex_f,ocu_isco08_5,2015,11.338
hrv,sex_f,ocu_isco08_5,2016,11.234
hrv,sex_f,ocu_isco08_5,2017,4.359
hrv,sex_f,ocu_isco08_5,2018,8.286
hrv,sex_f,ocu_isco08_5,2019,10.344
hrv,sex_f,ocu_isco08_5,2020,7.682
hrv,sex_f,ocu_isco08_5,2021,9.118
hrv,sex_f,ocu_isco08_5,2022,8.213
hrv,sex_f,ocu_isco08_5,2023,7.639
hrv,sex_f,ocu_isco08_6,2011,7.282
hrv,sex_f,ocu_isco08_6,2012,6.172
hrv,sex_f,ocu_isco08_6,2013,3.233
hrv,sex_f,ocu_isco08_6,2014,3.552
hrv,sex_f,ocu_isco08_6,2015,4.009
hrv,sex_f,ocu_isco08_6,2016,3.616
hrv,sex_f,ocu_isco08_6,2017,2.942
hrv,sex_f,ocu_isco08_6,2018,2.388
hrv,sex_f,ocu_isco08_6,2019,3.186
hrv,sex_f,ocu_isco08_6,2020,2.858
hrv,sex_f,ocu_isco08_6,2021,1.514
hrv,sex_f,ocu_isco08_6,2022,1.11
hrv,sex_f,ocu_isco08_6,2023,0.87
hrv,sex_f,ocu_isco08_8,2018,0.65
hrv,sex_f,ocu_isco08_9,2012,2.074
hrv,sex_f,ocu_isco08_9,2013,3.811
hrv,sex_f,ocu_isco08_9,2014,2.937
hrv,sex_f,ocu_isco08_9,2015,5.26
hrv,sex_f,ocu_isco08_9,2016,3.532
hrv,sex_f,ocu_isco08_9,2017,1.313
hrv,sex_f,ocu_isco08_9,2018,1.825
hrv,sex_f,ocu_isco08_9,2019,3.069
hrv,sex_f,ocu_isco08_9,2020,1.588
hrv,sex_f,ocu_isco08_9,2021,1.834
hrv,sex_f,ocu_isco08_9,2022,2.734
hrv,sex_f,ocu_isco08_9,2023,1.935
hrv,sex_f,ocu_isco08_total,2011,27.39
hrv,sex_f,ocu_isco08_total,2012,33.384
hrv,sex_f,ocu_isco08_total,2013,34.109
hrv,sex_f,ocu_isco08_total,2014,25.521
hrv,sex_f,ocu_isco08_total,2015,30.446
hrv,sex_f,ocu_isco08_total,2016,26.362
hrv,sex_f,ocu_isco08_total,2017,18.344
hrv,sex_f,ocu_isco08_total,2018,19.618
hrv,sex_f,ocu_isco08_total,2019,22.11
hrv,sex_f,ocu_isco08_total,2020,16.96
hrv,sex_f,ocu_isco08_total,2021,15.087
hrv,sex_f,ocu_isco08_total,2022,14.535
hrv,sex_f,ocu_isco08_total,2023,14.542
hrv,sex_f,ocu_isco08_x,2016,0.723
hrv,sex_f,ocu_isco08_x,2017,6.558
hrv,sex_f,ocu_isco08_x,2018,1.042
hrv,sex_f,ocu_isco08_x,2020,3.177
hrv,sex_f,ocu_isco88_2,2010,2.281
hrv,sex_f,ocu_isco88_5,2010,3.885
hrv,sex_f,ocu_isco88_6,2010,3.722
hrv,sex_f,ocu_isco88_total,2010,13.351
hrv,sex_f,ocu_skill_l1,2012,2.074
hrv,sex_f,ocu_skill_l1,2013,3.811
hrv,sex_f,ocu_skill_l1,2014,2.937
hrv,sex_f,ocu_skill_l1,2015,5.26
hrv,sex_f,ocu_skill_l1,2016,3.532
hrv,sex_f,ocu_skill_l1,2017,1.313
hrv,sex_f,ocu_skill_l1,2018,1.825
hrv,sex_f,ocu_skill_l1,2019,3.069
hrv,sex_f,ocu_skill_l1,2020,1.588
hrv,sex_f,ocu_skill_l1,2021,1.834
hrv,sex_f,ocu_skill_l1,2022,2.734
hrv,sex_f,ocu_skill_l1,2023,1.935
hrv,sex_f,ocu_skill_l2,2010,8.754
hrv,sex_f,ocu_skill_l2,2011,21.807
hrv,sex_f,ocu_skill_l2,2012,24.82
hrv,sex_f,ocu_skill_l2,2013,21.272
hrv,sex_f,ocu_skill_l2,2014,19.647
hrv,sex_f,ocu_skill_l2,2015,18.474
hrv,sex_f,ocu_skill_l2,2016,17.624
hrv,sex_f,ocu_skill_l2,2017,8.523
hrv,sex_f,ocu_skill_l2,2018,13.076
hrv,sex_f,ocu_skill_l2,2019,15.129
hrv,sex_f,ocu_skill_l2,2020,11.926
hrv,sex_f,ocu_skill_l2,2021,11.593
hrv,sex_f,ocu_skill_l2,2022,10.105
hrv,sex_f,ocu_skill_l2,2023,10.042
hrv,sex_f,ocu_skill_l3_4,2010,3.724
hrv,sex_f,ocu_skill_l3_4,2011,4.09
hrv,sex_f,ocu_skill_l3_4,2012,4.838
hrv,sex_f,ocu_skill_l3_4,2013,9.027
hrv,sex_f,ocu_skill_l3_4,2014,2.938
hrv,sex_f,ocu_skill_l3_4,2015,6.712
hrv,sex_f,ocu_skill_l3_4,2016,4.483
hrv,sex_f,ocu_skill_l3_4,2017,1.951
hrv,sex_f,ocu_skill_l3_4,2018,3.675
hrv,sex_f,ocu_skill_l3_4,2019,3.912
hrv,sex_f,ocu_skill_l3_4,2021,1.66
hrv,sex_f,ocu_skill_l3_4,2023,2.565
hrv,sex_f,ocu_skill_total,2010,13.351
hrv,sex_f,ocu_skill_total,2011,27.39
hrv,sex_f,ocu_skill_total,2012,33.384
hrv,sex_f,ocu_skill_total,2013,34.109
hrv,sex_f,ocu_skill_total,2014,25.521
hrv,sex_f,ocu_skill_total,2015,30.446
hrv,sex_f,ocu_skill_total,2016,26.362
hrv,sex_f,ocu_skill_total,2017,18.344
hrv,sex_f,ocu_skill_total,2018,19.618
hrv,sex_f,ocu_skill_total,2019,22.11
hrv,sex_f,ocu_skill_total,2020,16.96
hrv,sex_f,ocu_skill_total,2021,15.087
hrv,sex_f,ocu_skill_total,2022,14.535
hrv,sex_f,ocu_skill_total,2023,14.542
hrv,sex_f,ocu_skill_x,2016,0.723
hrv,sex_f,ocu_skill_x,2017,6.558
hrv,sex_f,ocu_skill_x,2018,1.042
hrv,sex_f,ocu_skill_x,2020,3.177
hrv,sex_m,ocu_isco08_2,2015,2.079
hrv,sex_m,ocu_isco08_2,2016,1.171
hrv,sex_m,ocu_isco08_3,2011,3.074
hrv,sex_m,ocu_isco08_3,2013,1.428
hrv,sex_m,ocu_isco08_3,2014,1.834
hrv,sex_m,ocu_isco08_3,2015,2.212
hrv,sex_m,ocu_isco08_3,2016,4.162
hrv,sex_m,ocu_isco08_3,2018,1.46
hrv,sex_m,ocu_isco08_3,2021,1.575
hrv,sex_m,ocu_isco08_3,2023,0.964
hrv,sex_m,ocu_isco08_5,2011,5.059
hrv,sex_m,ocu_isco08_5,2012,3.41
hrv,sex_m,ocu_isco08_5,2013,4.69
hrv,sex_m,ocu_isco08_5,2014,3.705
hrv,sex_m,ocu_isco08_5,2015,7.494
hrv,sex_m,ocu_isco08_5,2016,4.167
hrv,sex_m,ocu_isco08_5,2017,0.968
hrv,sex_m,ocu_isco08_5,2018,1.101
hrv,sex_m,ocu_isco08_5,2019,4.019
hrv,sex_m,ocu_isco08_5,2021,1.421
hrv,sex_m,ocu_isco08_5,2022,2.271
hrv,sex_m,ocu_isco08_5,2023,1.885
hrv,sex_m,ocu_isco08_6,2011,3.855
hrv,sex_m,ocu_isco08_6,2012,2.158
hrv,sex_m,ocu_isco08_6,2013,1.913
hrv,sex_m,ocu_isco08_6,2015,2.564
hrv,sex_m,ocu_isco08_6,2016,2.439
hrv,sex_m,ocu_isco08_6,2017,2.661
hrv,sex_m,ocu_isco08_6,2018,1.796
hrv,sex_m,ocu_isco08_6,2019,1.664
hrv,sex_m,ocu_isco08_6,2021,1.174
hrv,sex_m,ocu_isco08_6,2022,1.25
hrv,sex_m,ocu_isco08_6,2023,0.581
hrv,sex_m,ocu_isco08_7,2011,2.997
hrv,sex_m,ocu_isco08_7,2012,2.891
hrv,sex_m,ocu_isco08_7,2013,3.468
hrv,sex_m,ocu_isco08_7,2014,2.594
hrv,sex_m,ocu_isco08_7,2015,2.892
hrv,sex_m,ocu_isco08_7,2016,3.7
hrv,sex_m,ocu_isco08_7,2017,1.387
hrv,sex_m,ocu_isco08_7,2018,2.518
hrv,sex_m,ocu_isco08_7,2019,2.845
hrv,sex_m,ocu_isco08_7,2021,1.051
hrv,sex_m,ocu_isco08_7,2022,0.64
hrv,sex_m,ocu_isco08_7,2023,1.226
hrv,sex_m,ocu_isco08_8,2011,2.096
hrv,sex_m,ocu_isco08_8,2012,2.475
hrv,sex_m,ocu_isco08_8,2013,1.154
hrv,sex_m,ocu_isco08_8,2015,3.711
hrv,sex_m,ocu_isco08_8,2016,1.11
hrv,sex_m,ocu_isco08_8,2018,1.607
hrv,sex_m,ocu_isco08_8,2019,1.453
hrv,sex_m,ocu_isco08_9,2011,1.389
hrv,sex_m,ocu_isco08_9,2012,4.28
hrv,sex_m,ocu_isco08_9,2013,3.384
hrv,sex_m,ocu_isco08_9,2014,3.542
hrv,sex_m,ocu_isco08_9,2015,4.282
hrv,sex_m,ocu_isco08_9,2016,3.656
hrv,sex_m,ocu_isco08_9,2017,1.927
hrv,sex_m,ocu_isco08_9,2018,2.583
hrv,sex_m,ocu_isco08_9,2019,2.596
hrv,sex_m,ocu_isco08_9,2020,1.518
hrv,sex_m,ocu_isco08_9,2021,3.347
hrv,sex_m,ocu_isco08_9,2022,2.157
hrv,sex_m,ocu_isco08_9,2023,1.888
hrv,sex_m,ocu_isco08_total,2011,20.761
hrv,sex_m,ocu_isco08_total,2012,16.738
hrv,sex_m,ocu_isco08_total,2013,18.353
hrv,sex_m,ocu_isco08_total,2014,13.058
hrv,sex_m,ocu_isco08_total,2015,27.203
hrv,sex_m,ocu_isco08_total,2016,20.867
hrv,sex_m,ocu_isco08_total,2017,16.041
hrv,sex_m,ocu_isco08_total,2018,12.893
hrv,sex_m,ocu_isco08_total,2019,15.65
hrv,sex_m,ocu_isco08_total,2020,7.326
hrv,sex_m,ocu_isco08_total,2021,10.961
hrv,sex_m,ocu_isco08_total,2022,8.882
hrv,sex_m,ocu_isco08_total,2023,7.545
hrv,sex_m,ocu_isco08_x,2017,7.723
hrv,sex_m,ocu_isco08_x,2020,2.085
hrv,sex_m,ocu_isco88_6,2010,3.217
hrv,sex_m,ocu_isco88_total,2010,10.728
hrv,sex_m,ocu_skill_l1,2011,1.389
hrv,sex_m,ocu_skill_l1,2012,4.28
hrv,sex_m,ocu_skill_l1,2013,3.384
hrv,sex_m,ocu_skill_l1,2014,3.542
hrv,sex_m,ocu_skill_l1,2015,4.282
hrv,sex_m,ocu_skill_l1,2016,3.656
hrv,sex_m,ocu_skill_l1,2017,1.927
hrv,sex_m,ocu_skill_l1,2018,2.583
hrv,sex_m,ocu_skill_l1,2019,2.596
hrv,sex_m,ocu_skill_l1,2020,1.518
hrv,sex_m,ocu_skill_l1,2021,3.347
hrv,sex_m,ocu_skill_l1,2022,2.157
hrv,sex_m,ocu_skill_l1,2023,1.888
hrv,sex_m,ocu_skill_l2,2010,6.682
hrv,sex_m,ocu_skill_l2,2011,14.957
hrv,sex_m,ocu_skill_l2,2012,11.399
hrv,sex_m,ocu_skill_l2,2013,12.25
hrv,sex_m,ocu_skill_l2,2014,6.946
hrv,sex_m,ocu_skill_l2,2015,17.873
hrv,sex_m,ocu_skill_l2,2016,11.416
hrv,sex_m,ocu_skill_l2,2017,5.934
hrv,sex_m,ocu_skill_l2,2018,7.888
hrv,sex_m,ocu_skill_l2,2019,10.718
hrv,sex_m,ocu_skill_l2,2020,2.945
hrv,sex_m,ocu_skill_l2,2021,4.633
hrv,sex_m,ocu_skill_l2,2022,5.132
hrv,sex_m,ocu_skill_l2,2023,4.034
hrv,sex_m,ocu_skill_l3_4,2010,2.135
hrv,sex_m,ocu_skill_l3_4,2011,3.836
hrv,sex_m,ocu_skill_l3_4,2013,2.719
hrv,sex_m,ocu_skill_l3_4,2014,2.57
hrv,sex_m,ocu_skill_l3_4,2015,4.29
hrv,sex_m,ocu_skill_l3_4,2016,5.745
hrv,sex_m,ocu_skill_l3_4,2018,2.019
hrv,sex_m,ocu_skill_l3_4,2019,1.297
hrv,sex_m,ocu_skill_l3_4,2021,2.803
hrv,sex_m,ocu_skill_l3_4,2022,1.476
hrv,sex_m,ocu_skill_l3_4,2023,1.623
hrv,sex_m,ocu_skill_total,2010,10.728
hrv,sex_m,ocu_skill_total,2011,20.761
hrv,sex_m,ocu_skill_total,2012,16.738
hrv,sex_m,ocu_skill_total,2013,18.353
hrv,sex_m,ocu_skill_total,2014,13.058
hrv,sex_m,ocu_skill_total,2015,27.203
hrv,sex_m,ocu_skill_total,2016,20.867
hrv,sex_m,ocu_skill_total,2017,16.041
hrv,sex_m,ocu_skill_total,2018,12.893
hrv,sex_m,ocu_skill_total,2019,15.65
hrv,sex_m,ocu_skill_total,2020,7.326
hrv,sex_m,ocu_skill_total,2021,10.961
hrv,sex_m,ocu_skill_total,2022,8.882
hrv,sex_m,ocu_skill_total,2023,7.545
hrv,sex_m,ocu_skill_x,2017,7.723
hrv,sex_m,ocu_skill_x,2020,2.085
hrv,sex_t,ocu_isco08_2,2011,3.091
hrv,sex_t,ocu_isco08_2,2012,3.521
hrv,sex_t,ocu_isco08_2,2013,5.783
hrv,sex_t,ocu_isco08_2,2014,2.172
hrv,sex_t,ocu_isco08_2,2015,6.808
hrv,sex_t,ocu_isco08_2,2016,3.699
hrv,sex_t,ocu_isco08_2,2017,1.178
hrv,sex_t,ocu_isco08_2,2018,3.206
hrv,sex_t,ocu_isco08_2,2019,2.062
hrv,sex_t,ocu_isco08_2,2021,1.76
hrv,sex_t,ocu_isco08_2,2022,2.298
hrv,sex_t,ocu_isco08_2,2023,2.22
hrv,sex_t,ocu_isco08_3,2011,4.836
hrv,sex_t,ocu_isco08_3,2012,1.255
hrv,sex_t,ocu_isco08_3,2013,4.758
hrv,sex_t,ocu_isco08_3,2014,2.472
hrv,sex_t,ocu_isco08_3,2015,3.924
hrv,sex_t,ocu_isco08_3,2016,5.971
hrv,sex_t,ocu_isco08_3,2017,1.23
hrv,sex_t,ocu_isco08_3,2018,2.488
hrv,sex_t,ocu_isco08_3,2019,2.149
hrv,sex_t,ocu_isco08_3,2021,2.349
hrv,sex_t,ocu_isco08_3,2023,1.766
hrv,sex_t,ocu_isco08_4,2011,2.881
hrv,sex_t,ocu_isco08_4,2012,3.317
hrv,sex_t,ocu_isco08_4,2013,2.939
hrv,sex_t,ocu_isco08_4,2015,3.217
hrv,sex_t,ocu_isco08_4,2018,2.131
hrv,sex_t,ocu_isco08_4,2019,1.899
hrv,sex_t,ocu_isco08_4,2020,1.375
hrv,sex_t,ocu_isco08_5,2011,17.094
hrv,sex_t,ocu_isco08_5,2012,17.715
hrv,sex_t,ocu_isco08_5,2013,20.247
hrv,sex_t,ocu_isco08_5,2014,17.394
hrv,sex_t,ocu_isco08_5,2015,18.832
hrv,sex_t,ocu_isco08_5,2016,15.4
hrv,sex_t,ocu_isco08_5,2017,5.326
hrv,sex_t,ocu_isco08_5,2018,9.387
hrv,sex_t,ocu_isco08_5,2019,14.363
hrv,sex_t,ocu_isco08_5,2020,8.394
hrv,sex_t,ocu_isco08_5,2021,10.539
hrv,sex_t,ocu_isco08_5,2022,10.483
hrv,sex_t,ocu_isco08_5,2023,9.524
hrv,sex_t,ocu_isco08_6,2011,11.137
hrv,sex_t,ocu_isco08_6,2012,8.331
hrv,sex_t,ocu_isco08_6,2013,5.146
hrv,sex_t,ocu_isco08_6,2014,4.081
hrv,sex_t,ocu_isco08_6,2015,6.573
hrv,sex_t,ocu_isco08_6,2016,6.055
hrv,sex_t,ocu_isco08_6,2017,5.603
hrv,sex_t,ocu_isco08_6,2018,4.184
hrv,sex_t,ocu_isco08_6,2019,4.85
hrv,sex_t,ocu_isco08_6,2020,3.463
hrv,sex_t,ocu_isco08_6,2021,2.688
hrv,sex_t,ocu_isco08_6,2022,2.36
hrv,sex_t,ocu_isco08_6,2023,1.45
hrv,sex_t,ocu_isco08_7,2011,3.322
hrv,sex_t,ocu_isco08_7,2012,3.819
hrv,sex_t,ocu_isco08_7,2013,3.88
hrv,sex_t,ocu_isco08_7,2014,4.109
hrv,sex_t,ocu_isco08_7,2015,3.825
hrv,sex_t,ocu_isco08_7,2016,4.737
hrv,sex_t,ocu_isco08_7,2017,1.652
hrv,sex_t,ocu_isco08_7,2018,3.005
hrv,sex_t,ocu_isco08_7,2019,3.282
hrv,sex_t,ocu_isco08_7,2021,1.492
hrv,sex_t,ocu_isco08_7,2022,0.822
hrv,sex_t,ocu_isco08_7,2023,1.55
hrv,sex_t,ocu_isco08_8,2011,2.33
hrv,sex_t,ocu_isco08_8,2012,3.037
hrv,sex_t,ocu_isco08_8,2013,1.31
hrv,sex_t,ocu_isco08_8,2015,3.9
hrv,sex_t,ocu_isco08_8,2016,1.357
hrv,sex_t,ocu_isco08_8,2017,1.589
hrv,sex_t,ocu_isco08_8,2018,2.257
hrv,sex_t,ocu_isco08_8,2019,1.453
hrv,sex_t,ocu_isco08_8,2023,0.594
hrv,sex_t,ocu_isco08_9,2011,2.348
hrv,sex_t,ocu_isco08_9,2012,6.354
hrv,sex_t,ocu_isco08_9,2013,7.195
hrv,sex_t,ocu_isco08_9,2014,6.479
hrv,sex_t,ocu_isco08_9,2015,9.542
hrv,sex_t,ocu_isco08_9,2016,7.189
hrv,sex_t,ocu_isco08_9,2017,3.24
hrv,sex_t,ocu_isco08_9,2018,4.408
hrv,sex_t,ocu_isco08_9,2019,5.666
hrv,sex_t,ocu_isco08_9,2020,3.107
hrv,sex_t,ocu_isco08_9,2021,5.181
hrv,sex_t,ocu_isco08_9,2022,4.891
hrv,sex_t,ocu_isco08_9,2023,3.823
hrv,sex_t,ocu_isco08_total,2011,48.151
hrv,sex_t,ocu_isco08_total,2012,50.122
hrv,sex_t,ocu_isco08_total,2013,52.462
hrv,sex_t,ocu_isco08_total,2014,38.579
hrv,sex_t,ocu_isco08_total,2015,57.649
hrv,sex_t,ocu_isco08_total,2016,47.229
hrv,sex_t,ocu_isco08_total,2017,34.385
hrv,sex_t,ocu_isco08_total,2018,32.512
hrv,sex_t,ocu_isco08_total,2019,37.76
hrv,sex_t,ocu_isco08_total,2020,24.286
hrv,sex_t,ocu_isco08_total,2021,26.048
hrv,sex_t,ocu_isco08_total,2022,23.417
hrv,sex_t,ocu_isco08_total,2023,22.087
hrv,sex_t,ocu_isco08_x,2016,0.774
hrv,sex_t,ocu_isco08_x,2017,14.28
hrv,sex_t,ocu_isco08_x,2018,1.444
hrv,sex_t,ocu_isco08_x,2020,5.262
hrv,sex_t,ocu_isco88_2,2010,3.514
hrv,sex_t,ocu_isco88_3,2010,2.345
hrv,sex_t,ocu_isco88_5,2010,5.867
hrv,sex_t,ocu_isco88_6,2010,6.939
hrv,sex_t,ocu_isco88_9,2010,2.784
hrv,sex_t,ocu_isco88_total,2010,24.079
hrv,sex_t,ocu_skill_l1,2010,2.784
hrv,sex_t,ocu_skill_l1,2011,2.348
hrv,sex_t,ocu_skill_l1,2012,6.354
hrv,sex_t,ocu_skill_l1,2013,7.195
hrv,sex_t,ocu_skill_l1,2014,6.479
hrv,sex_t,ocu_skill_l1,2015,9.542
hrv,sex_t,ocu_skill_l1,2016,7.189
hrv,sex_t,ocu_skill_l1,2017,3.24
hrv,sex_t,ocu_skill_l1,2018,4.408
hrv,sex_t,ocu_skill_l1,2019,5.666
hrv,sex_t,ocu_skill_l1,2020,3.107
hrv,sex_t,ocu_skill_l1,2021,5.181
hrv,sex_t,ocu_skill_l1,2022,4.891
hrv,sex_t,ocu_skill_l1,2023,3.823
hrv,sex_t,ocu_skill_l2,2010,15.436
hrv,sex_t,ocu_skill_l2,2011,36.764
hrv,sex_t,ocu_skill_l2,2012,36.219
hrv,sex_t,ocu_skill_l2,2013,33.522
hrv,sex_t,ocu_skill_l2,2014,26.593
hrv,sex_t,ocu_skill_l2,2015,36.347
hrv,sex_t,ocu_skill_l2,2016,29.039
hrv,sex_t,ocu_skill_l2,2017,14.457
hrv,sex_t,ocu_skill_l2,2018,20.965
hrv,sex_t,ocu_skill_l2,2019,25.847
hrv,sex_t,ocu_skill_l2,2020,14.87
hrv,sex_t,ocu_skill_l2,2021,16.226
hrv,sex_t,ocu_skill_l2,2022,15.237
hrv,sex_t,ocu_skill_l2,2023,14.076
hrv,sex_t,ocu_skill_l3_4,2010,5.859
hrv,sex_t,ocu_skill_l3_4,2011,7.927
hrv,sex_t,ocu_skill_l3_4,2012,5.898
hrv,sex_t,ocu_skill_l3_4,2013,11.746
hrv,sex_t,ocu_skill_l3_4,2014,5.507
hrv,sex_t,ocu_skill_l3_4,2015,11.002
hrv,sex_t,ocu_skill_l3_4,2016,10.227
hrv,sex_t,ocu_skill_l3_4,2017,2.408
hrv,sex_t,ocu_skill_l3_4,2018,5.694
hrv,sex_t,ocu_skill_l3_4,2019,5.209
hrv,sex_t,ocu_skill_l3_4,2020,1.047
hrv,sex_t,ocu_skill_l3_4,2021,4.463
hrv,sex_t,ocu_skill_l3_4,2022,3.173
hrv,sex_t,ocu_skill_l3_4,2023,4.188
hrv,sex_t,ocu_skill_total,2010,24.079
hrv,sex_t,ocu_skill_total,2011,48.151
hrv,sex_t,ocu_skill_total,2012,50.122
hrv,sex_t,ocu_skill_total,2013,52.462
hrv,sex_t,ocu_skill_total,2014,38.579
hrv,sex_t,ocu_skill_total,2015,57.649
hrv,sex_t,ocu_skill_total,2016,47.229
hrv,sex_t,ocu_skill_total,2017,34.385
hrv,sex_t,ocu_skill_total,2018,32.512
hrv,sex_t,ocu_skill_total,2019,37.76
hrv,sex_t,ocu_skill_total,2020,24.286
hrv,sex_t,ocu_skill_total,2021,26.048
hrv,sex_t,ocu_skill_total,2022,23.417
hrv,sex_t,ocu_skill_total,2023,22.087
hrv,sex_t,ocu_skill_x,2016,0.774
hrv,sex_t,ocu_skill_x,2017,14.28
hrv,sex_t,ocu_skill_x,2018,1.444
hrv,sex_t,ocu_skill_x,2020,5.262
hun,sex_f,ocu_isco08_2,2012,2.969
hun,sex_f,ocu_isco08_2,2013,2.082
hun,sex_f,ocu_isco08_2,2016,4.666
hun,sex_f,ocu_isco08_2,2017,7.809
hun,sex_f,ocu_isco08_3,2014,2.883
hun,sex_f,ocu_isco08_3,2016,4.672
hun,sex_f,ocu_isco08_3,2017,6.067
hun,sex_f,ocu_isco08_3,2018,4.17
hun,sex_f,ocu_isco08_4,2011,6.723
hun,sex_f,ocu_isco08_4,2012,5.252
hun,sex_f,ocu_isco08_4,2013,6.94
hun,sex_f,ocu_isco08_4,2014,4.345
hun,sex_f,ocu_isco08_4,2015,4.141
hun,sex_f,ocu_isco08_4,2016,5.919
hun,sex_f,ocu_isco08_4,2017,7.171
hun,sex_f,ocu_isco08_5,2011,35.86
hun,sex_f,ocu_isco08_5,2012,30.5
hun,sex_f,ocu_isco08_5,2013,21.24
hun,sex_f,ocu_isco08_5,2014,17.6
hun,sex_f,ocu_isco08_5,2015,22.312
hun,sex_f,ocu_isco08_5,2016,23.509
hun,sex_f,ocu_isco08_5,2017,19.065
hun,sex_f,ocu_isco08_5,2018,31.395
hun,sex_f,ocu_isco08_5,2019,15.483
hun,sex_f,ocu_isco08_5,2020,22.37
hun,sex_f,ocu_isco08_6,2011,6.453
hun,sex_f,ocu_isco08_6,2012,4.578
hun,sex_f,ocu_isco08_6,2013,4.629
hun,sex_f,ocu_isco08_6,2014,7.146
hun,sex_f,ocu_isco08_6,2015,5.774
hun,sex_f,ocu_isco08_6,2016,7.495
hun,sex_f,ocu_isco08_6,2017,4.517
hun,sex_f,ocu_isco08_6,2018,4.061
hun,sex_f,ocu_isco08_6,2019,3.446
hun,sex_f,ocu_isco08_6,2020,5.438
hun,sex_f,ocu_isco08_8,2013,3.141
hun,sex_f,ocu_isco08_8,2014,1.148
hun,sex_f,ocu_isco08_9,2011,4.929
hun,sex_f,ocu_isco08_9,2012,4.876
hun,sex_f,ocu_isco08_9,2013,7.588
hun,sex_f,ocu_isco08_9,2014,4.838
hun,sex_f,ocu_isco08_9,2015,4.129
hun,sex_f,ocu_isco08_9,2016,3.199
hun,sex_f,ocu_isco08_9,2017,6.147
hun,sex_f,ocu_isco08_9,2018,11.645
hun,sex_f,ocu_isco08_9,2019,2.359
hun,sex_f,ocu_isco08_total,2011,59.612
hun,sex_f,ocu_isco08_total,2012,53.692
hun,sex_f,ocu_isco08_total,2013,52.054
hun,sex_f,ocu_isco08_total,2014,41.871
hun,sex_f,ocu_isco08_total,2015,49.216
hun,sex_f,ocu_isco08_total,2016,57.668
hun,sex_f,ocu_isco08_total,2017,66.737
hun,sex_f,ocu_isco08_total,2018,57.409
hun,sex_f,ocu_isco08_total,2019,30.988
hun,sex_f,ocu_isco08_total,2020,35.254
hun,sex_f,ocu_isco08_x,2015,4.188
hun,sex_f,ocu_isco08_x,2016,4.56
hun,sex_f,ocu_isco08_x,2017,10.069
hun,sex_f,ocu_isco88_2,2007,2.792
hun,sex_f,ocu_isco88_2,2010,1.248
hun,sex_f,ocu_isco88_3,2008,3.84
hun,sex_f,ocu_isco88_3,2009,4.308
hun,sex_f,ocu_isco88_3,2010,2.874
hun,sex_f,ocu_isco88_4,2007,3.685
hun,sex_f,ocu_isco88_4,2009,2.265
hun,sex_f,ocu_isco88_4,2010,4.291
hun,sex_f,ocu_isco88_5,2007,9.691
hun,sex_f,ocu_isco88_5,2008,4.191
hun,sex_f,ocu_isco88_5,2009,3.644
hun,sex_f,ocu_isco88_5,2010,7.842
hun,sex_f,ocu_isco88_6,2007,5.746
hun,sex_f,ocu_isco88_6,2008,3.776
hun,sex_f,ocu_isco88_6,2009,16.579
hun,sex_f,ocu_isco88_6,2010,5.059
hun,sex_f,ocu_isco88_7,2007,2.918
hun,sex_f,ocu_isco88_9,2008,2.912
hun,sex_f,ocu_isco88_9,2009,2.85
hun,sex_f,ocu_isco88_9,2010,5.816
hun,sex_f,ocu_isco88_total,2007,33.01
hun,sex_f,ocu_isco88_total,2008,22.002
hun,sex_f,ocu_isco88_total,2009,40.967
hun,sex_f,ocu_isco88_total,2010,31.314
hun,sex_f,ocu_isco88_x,2007,2.651
hun,sex_f,ocu_isco88_x,2008,3.331
hun,sex_f,ocu_isco88_x,2009,6.038
hun,sex_f,ocu_skill_l1,2008,2.912
hun,sex_f,ocu_skill_l1,2009,2.85
hun,sex_f,ocu_skill_l1,2010,5.816
hun,sex_f,ocu_skill_l1,2011,4.929
hun,sex_f,ocu_skill_l1,2012,4.876
hun,sex_f,ocu_skill_l1,2013,7.588
hun,sex_f,ocu_skill_l1,2014,4.838
hun,sex_f,ocu_skill_l1,2015,4.129
hun,sex_f,ocu_skill_l1,2016,3.199
hun,sex_f,ocu_skill_l1,2017,6.147
hun,sex_f,ocu_skill_l1,2018,11.645
hun,sex_f,ocu_skill_l1,2019,2.359
hun,sex_f,ocu_skill_l2,2007,23.789
hun,sex_f,ocu_skill_l2,2008,10.282
hun,sex_f,ocu_skill_l2,2009,24.688
hun,sex_f,ocu_skill_l2,2010,20.335
hun,sex_f,ocu_skill_l2,2011,52.149
hun,sex_f,ocu_skill_l2,2012,44.485
hun,sex_f,ocu_skill_l2,2013,38.459
hun,sex_f,ocu_skill_l2,2014,31.489
hun,sex_f,ocu_skill_l2,2015,33.341
hun,sex_f,ocu_skill_l2,2016,40.358
hun,sex_f,ocu_skill_l2,2017,33.037
hun,sex_f,ocu_skill_l2,2018,38.638
hun,sex_f,ocu_skill_l2,2019,20.142
hun,sex_f,ocu_skill_l2,2020,30.837
hun,sex_f,ocu_skill_l3_4,2007,5.558
hun,sex_f,ocu_skill_l3_4,2008,5.477
hun,sex_f,ocu_skill_l3_4,2009,7.391
hun,sex_f,ocu_skill_l3_4,2010,4.122
hun,sex_f,ocu_skill_l3_4,2011,2.534
hun,sex_f,ocu_skill_l3_4,2012,4.331
hun,sex_f,ocu_skill_l3_4,2013,3.878
hun,sex_f,ocu_skill_l3_4,2014,4.528
hun,sex_f,ocu_skill_l3_4,2015,7.558
hun,sex_f,ocu_skill_l3_4,2016,9.551
hun,sex_f,ocu_skill_l3_4,2017,17.484
hun,sex_f,ocu_skill_l3_4,2018,6.996
hun,sex_f,ocu_skill_l3_4,2019,4.46
hun,sex_f,ocu_skill_total,2007,33.01
hun,sex_f,ocu_skill_total,2008,22.002
hun,sex_f,ocu_skill_total,2009,40.967
hun,sex_f,ocu_skill_total,2010,31.314
hun,sex_f,ocu_skill_total,2011,59.612
hun,sex_f,ocu_skill_total,2012,53.692
hun,sex_f,ocu_skill_total,2013,52.054
hun,sex_f,ocu_skill_total,2014,41.871
hun,sex_f,ocu_skill_total,2015,49.216
hun,sex_f,ocu_skill_total,2016,57.668
hun,sex_f,ocu_skill_total,2017,66.737
hun,sex_f,ocu_skill_total,2018,57.409
hun,sex_f,ocu_skill_total,2019,30.988
hun,sex_f,ocu_skill_total,2020,35.254
hun,sex_f,ocu_skill_x,2007,2.651
hun,sex_f,ocu_skill_x,2008,3.331
hun,sex_f,ocu_skill_x,2009,6.038
hun,sex_f,ocu_skill_x,2015,4.188
hun,sex_f,ocu_skill_x,2016,4.56
hun,sex_f,ocu_skill_x,2017,10.069
hun,sex_m,ocu_isco08_1,2017,5.317
hun,sex_m,ocu_isco08_2,2011,1.923
hun,sex_m,ocu_isco08_2,2013,5.958
hun,sex_m,ocu_isco08_2,2016,5.968
hun,sex_m,ocu_isco08_2,2017,15.309
hun,sex_m,ocu_isco08_3,2014,4.072
hun,sex_m,ocu_isco08_3,2015,3.594
hun,sex_m,ocu_isco08_3,2017,6.438
hun,sex_m,ocu_isco08_4,2013,3.34
hun,sex_m,ocu_isco08_5,2011,4.33
hun,sex_m,ocu_isco08_5,2012,5.096
hun,sex_m,ocu_isco08_5,2013,3.823
hun,sex_m,ocu_isco08_5,2014,2.607
hun,sex_m,ocu_isco08_5,2017,8.874
hun,sex_m,ocu_isco08_5,2019,6.098
hun,sex_m,ocu_isco08_6,2011,5.207
hun,sex_m,ocu_isco08_6,2012,5.243
hun,sex_m,ocu_isco08_6,2013,6.706
hun,sex_m,ocu_isco08_6,2014,6.065
hun,sex_m,ocu_isco08_6,2016,6.671
hun,sex_m,ocu_isco08_6,2017,9.905
hun,sex_m,ocu_isco08_6,2019,7.431
hun,sex_m,ocu_isco08_7,2011,5.819
hun,sex_m,ocu_isco08_7,2012,2.652
hun,sex_m,ocu_isco08_7,2013,12.279
hun,sex_m,ocu_isco08_7,2014,4.502
hun,sex_m,ocu_isco08_7,2015,4.555
hun,sex_m,ocu_isco08_7,2016,10.316
hun,sex_m,ocu_isco08_7,2017,10.867
hun,sex_m,ocu_isco08_7,2019,6.265
hun,sex_m,ocu_isco08_8,2011,2.083
hun,sex_m,ocu_isco08_8,2012,3.219
hun,sex_m,ocu_isco08_8,2013,2.219
hun,sex_m,ocu_isco08_8,2014,2.604
hun,sex_m,ocu_isco08_8,2016,3.469
hun,sex_m,ocu_isco08_8,2019,3.557
hun,sex_m,ocu_isco08_9,2011,3.9
hun,sex_m,ocu_isco08_9,2012,5.83
hun,sex_m,ocu_isco08_9,2013,6.851
hun,sex_m,ocu_isco08_9,2014,3.108
hun,sex_m,ocu_isco08_9,2015,4.075
hun,sex_m,ocu_isco08_9,2016,2.842
hun,sex_m,ocu_isco08_9,2017,3.712
hun,sex_m,ocu_isco08_9,2019,2.089
hun,sex_m,ocu_isco08_total,2011,26.298
hun,sex_m,ocu_isco08_total,2012,26.523
hun,sex_m,ocu_isco08_total,2013,46.834
hun,sex_m,ocu_isco08_total,2014,24.63
hun,sex_m,ocu_isco08_total,2015,20.608
hun,sex_m,ocu_isco08_total,2016,34.008
hun,sex_m,ocu_isco08_total,2017,72.726
hun,sex_m,ocu_isco08_total,2018,26.433
hun,sex_m,ocu_isco08_total,2019,39.858
hun,sex_m,ocu_isco08_total,2020,22.284
hun,sex_m,ocu_isco08_x,2015,3.521
hun,sex_m,ocu_isco08_x,2017,10.292
hun,sex_m,ocu_isco88_1,2007,2.669
hun,sex_m,ocu_isco88_2,2010,2.117
hun,sex_m,ocu_isco88_5,2007,6.097
hun,sex_m,ocu_isco88_5,2008,4.323
hun,sex_m,ocu_isco88_5,2009,3.116
hun,sex_m,ocu_isco88_5,2010,2.399
hun,sex_m,ocu_isco88_6,2009,7.09
hun,sex_m,ocu_isco88_6,2010,3.528
hun,sex_m,ocu_isco88_7,2007,10.968
hun,sex_m,ocu_isco88_7,2008,6.461
hun,sex_m,ocu_isco88_7,2009,6.228
hun,sex_m,ocu_isco88_7,2010,8.413
hun,sex_m,ocu_isco88_8,2009,2.063
hun,sex_m,ocu_isco88_8,2010,2.314
hun,sex_m,ocu_isco88_9,2007,5.788
hun,sex_m,ocu_isco88_9,2009,3.407
hun,sex_m,ocu_isco88_9,2010,5.758
hun,sex_m,ocu_isco88_total,2007,36.892
hun,sex_m,ocu_isco88_total,2008,22.336
hun,sex_m,ocu_isco88_total,2009,31.568
hun,sex_m,ocu_isco88_total,2010,28.652
hun,sex_m,ocu_isco88_x,2007,4.536
hun,sex_m,ocu_isco88_x,2008,2.637
hun,sex_m,ocu_isco88_x,2009,4.595
hun,sex_m,ocu_skill_l1,2007,5.788
hun,sex_m,ocu_skill_l1,2009,3.407
hun,sex_m,ocu_skill_l1,2010,5.758
hun,sex_m,ocu_skill_l1,2011,3.9
hun,sex_m,ocu_skill_l1,2012,5.83
hun,sex_m,ocu_skill_l1,2013,6.851
hun,sex_m,ocu_skill_l1,2014,3.108
hun,sex_m,ocu_skill_l1,2015,4.075
hun,sex_m,ocu_skill_l1,2016,2.842
hun,sex_m,ocu_skill_l1,2017,3.712
hun,sex_m,ocu_skill_l1,2019,2.089
hun,sex_m,ocu_skill_l2,2007,20.506
hun,sex_m,ocu_skill_l2,2008,14.361
hun,sex_m,ocu_skill_l2,2009,18.818
hun,sex_m,ocu_skill_l2,2010,18.094
hun,sex_m,ocu_skill_l2,2011,17.439
hun,sex_m,ocu_skill_l2,2012,18.095
hun,sex_m,ocu_skill_l2,2013,28.367
hun,sex_m,ocu_skill_l2,2014,16.431
hun,sex_m,ocu_skill_l2,2015,8.183
hun,sex_m,ocu_skill_l2,2016,21.434
hun,sex_m,ocu_skill_l2,2017,31.658
hun,sex_m,ocu_skill_l2,2018,14.013
hun,sex_m,ocu_skill_l2,2019,23.351
hun,sex_m,ocu_skill_l2,2020,14.377
hun,sex_m,ocu_skill_l3_4,2007,6.062
hun,sex_m,ocu_skill_l3_4,2008,3.321
hun,sex_m,ocu_skill_l3_4,2009,4.748
hun,sex_m,ocu_skill_l3_4,2010,3.869
hun,sex_m,ocu_skill_l3_4,2011,4.849
hun,sex_m,ocu_skill_l3_4,2012,2.129
hun,sex_m,ocu_skill_l3_4,2013,10.362
hun,sex_m,ocu_skill_l3_4,2014,4.518
hun,sex_m,ocu_skill_l3_4,2015,4.829
hun,sex_m,ocu_skill_l3_4,2016,7.584
hun,sex_m,ocu_skill_l3_4,2017,27.064
hun,sex_m,ocu_skill_l3_4,2018,4.757
hun,sex_m,ocu_skill_l3_4,2019,13.253
hun,sex_m,ocu_skill_total,2007,36.892
hun,sex_m,ocu_skill_total,2008,22.336
hun,sex_m,ocu_skill_total,2009,31.568
hun,sex_m,ocu_skill_total,2010,28.652
hun,sex_m,ocu_skill_total,2011,26.298
hun,sex_m,ocu_skill_total,2012,26.523
hun,sex_m,ocu_skill_total,2013,46.834
hun,sex_m,ocu_skill_total,2014,24.63
hun,sex_m,ocu_skill_total,2015,20.608
hun,sex_m,ocu_skill_total,2016,34.008
hun,sex_m,ocu_skill_total,2017,72.726
hun,sex_m,ocu_skill_total,2018,26.433
hun,sex_m,ocu_skill_total,2019,39.858
hun,sex_m,ocu_skill_total,2020,22.284
hun,sex_m,ocu_skill_x,2007,4.536
hun,sex_m,ocu_skill_x,2008,2.637
hun,sex_m,ocu_skill_x,2009,4.595
hun,sex_m,ocu_skill_x,2015,3.521
hun,sex_m,ocu_skill_x,2017,10.292
hun,sex_t,ocu_isco08_1,2013,2.958
hun,sex_t,ocu_isco08_1,2017,8.925
hun,sex_t,ocu_isco08_2,2011,3.405
hun,sex_t,ocu_isco08_2,2012,4.096
hun,sex_t,ocu_isco08_2,2013,8.04
hun,sex_t,ocu_isco08_2,2014,2.091
hun,sex_t,ocu_isco08_2,2015,6.449
hun,sex_t,ocu_isco08_2,2016,10.634
hun,sex_t,ocu_isco08_2,2017,23.118
hun,sex_t,ocu_isco08_2,2018,4.574
hun,sex_t,ocu_isco08_2,2019,5.968
hun,sex_t,ocu_isco08_3,2011,2.427
hun,sex_t,ocu_isco08_3,2013,3.242
hun,sex_t,ocu_isco08_3,2014,6.955
hun,sex_t,ocu_isco08_3,2015,5.938
hun,sex_t,ocu_isco08_3,2016,6.288
hun,sex_t,ocu_isco08_3,2017,12.505
hun,sex_t,ocu_isco08_3,2018,5.71
hun,sex_t,ocu_isco08_3,2019,9.945
hun,sex_t,ocu_isco08_4,2011,6.723
hun,sex_t,ocu_isco08_4,2012,7.137
hun,sex_t,ocu_isco08_4,2013,10.28
hun,sex_t,ocu_isco08_4,2014,4.998
hun,sex_t,ocu_isco08_4,2015,4.141
hun,sex_t,ocu_isco08_4,2016,6.435
hun,sex_t,ocu_isco08_4,2017,7.562
hun,sex_t,ocu_isco08_5,2011,40.19
hun,sex_t,ocu_isco08_5,2012,35.596
hun,sex_t,ocu_isco08_5,2013,25.063
hun,sex_t,ocu_isco08_5,2014,20.207
hun,sex_t,ocu_isco08_5,2015,23.658
hun,sex_t,ocu_isco08_5,2016,23.971
hun,sex_t,ocu_isco08_5,2017,27.939
hun,sex_t,ocu_isco08_5,2018,35.28
hun,sex_t,ocu_isco08_5,2019,21.581
hun,sex_t,ocu_isco08_5,2020,26.896
hun,sex_t,ocu_isco08_6,2011,11.66
hun,sex_t,ocu_isco08_6,2012,9.821
hun,sex_t,ocu_isco08_6,2013,11.335
hun,sex_t,ocu_isco08_6,2014,13.211
hun,sex_t,ocu_isco08_6,2015,7.844
hun,sex_t,ocu_isco08_6,2016,14.166
hun,sex_t,ocu_isco08_6,2017,14.422
hun,sex_t,ocu_isco08_6,2018,8.612
hun,sex_t,ocu_isco08_6,2019,10.877
hun,sex_t,ocu_isco08_6,2020,9.293
hun,sex_t,ocu_isco08_7,2011,7.433
hun,sex_t,ocu_isco08_7,2012,4.559
hun,sex_t,ocu_isco08_7,2013,14.788
hun,sex_t,ocu_isco08_7,2014,5.752
hun,sex_t,ocu_isco08_7,2015,4.843
hun,sex_t,ocu_isco08_7,2016,10.664
hun,sex_t,ocu_isco08_7,2017,11.726
hun,sex_t,ocu_isco08_7,2019,6.265
hun,sex_t,ocu_isco08_8,2011,3.582
hun,sex_t,ocu_isco08_8,2012,5.467
hun,sex_t,ocu_isco08_8,2013,5.36
hun,sex_t,ocu_isco08_8,2014,3.752
hun,sex_t,ocu_isco08_8,2016,6.556
hun,sex_t,ocu_isco08_8,2017,3.046
hun,sex_t,ocu_isco08_8,2019,3.557
hun,sex_t,ocu_isco08_9,2011,8.829
hun,sex_t,ocu_isco08_9,2012,10.706
hun,sex_t,ocu_isco08_9,2013,14.439
hun,sex_t,ocu_isco08_9,2014,7.946
hun,sex_t,ocu_isco08_9,2015,8.204
hun,sex_t,ocu_isco08_9,2016,6.041
hun,sex_t,ocu_isco08_9,2017,9.859
hun,sex_t,ocu_isco08_9,2018,13.711
hun,sex_t,ocu_isco08_9,2019,4.448
hun,sex_t,ocu_isco08_9,2020,6.137
hun,sex_t,ocu_isco08_total,2011,85.91
hun,sex_t,ocu_isco08_total,2012,80.215
hun,sex_t,ocu_isco08_total,2013,98.888
hun,sex_t,ocu_isco08_total,2014,66.501
hun,sex_t,ocu_isco08_total,2015,69.824
hun,sex_t,ocu_isco08_total,2016,91.676
hun,sex_t,ocu_isco08_total,2017,139.463
hun,sex_t,ocu_isco08_total,2018,83.842
hun,sex_t,ocu_isco08_total,2019,70.846
hun,sex_t,ocu_isco08_total,2020,57.538
hun,sex_t,ocu_isco08_x,2013,3.383
hun,sex_t,ocu_isco08_x,2015,7.709
hun,sex_t,ocu_isco08_x,2016,6.708
hun,sex_t,ocu_isco08_x,2017,20.361
hun,sex_t,ocu_isco08_x,2019,5.192
hun,sex_t,ocu_isco88_1,2007,3.17
hun,sex_t,ocu_isco88_2,2007,4.254
hun,sex_t,ocu_isco88_2,2008,2.457
hun,sex_t,ocu_isco88_2,2009,3.608
hun,sex_t,ocu_isco88_2,2010,3.365
hun,sex_t,ocu_isco88_3,2007,4.196
hun,sex_t,ocu_isco88_3,2008,5.718
hun,sex_t,ocu_isco88_3,2009,6.295
hun,sex_t,ocu_isco88_3,2010,3.685
hun,sex_t,ocu_isco88_4,2007,5.057
hun,sex_t,ocu_isco88_4,2009,2.586
hun,sex_t,ocu_isco88_4,2010,5.731
hun,sex_t,ocu_isco88_5,2007,15.788
hun,sex_t,ocu_isco88_5,2008,8.514
hun,sex_t,ocu_isco88_5,2009,6.76
hun,sex_t,ocu_isco88_5,2010,10.241
hun,sex_t,ocu_isco88_6,2007,6.861
hun,sex_t,ocu_isco88_6,2008,4.74
hun,sex_t,ocu_isco88_6,2009,23.669
hun,sex_t,ocu_isco88_6,2010,8.587
hun,sex_t,ocu_isco88_7,2007,13.886
hun,sex_t,ocu_isco88_7,2008,6.461
hun,sex_t,ocu_isco88_7,2009,7.167
hun,sex_t,ocu_isco88_7,2010,9.943
hun,sex_t,ocu_isco88_8,2007,2.703
hun,sex_t,ocu_isco88_8,2009,3.324
hun,sex_t,ocu_isco88_8,2010,3.927
hun,sex_t,ocu_isco88_9,2007,6.8
hun,sex_t,ocu_isco88_9,2008,4.929
hun,sex_t,ocu_isco88_9,2009,6.257
hun,sex_t,ocu_isco88_9,2010,11.574
hun,sex_t,ocu_isco88_total,2007,69.902
hun,sex_t,ocu_isco88_total,2008,44.338
hun,sex_t,ocu_isco88_total,2009,72.535
hun,sex_t,ocu_isco88_total,2010,59.966
hun,sex_t,ocu_isco88_x,2007,7.187
hun,sex_t,ocu_isco88_x,2008,5.968
hun,sex_t,ocu_isco88_x,2009,10.633
hun,sex_t,ocu_isco88_x,2010,1.972
hun,sex_t,ocu_skill_l1,2007,6.8
hun,sex_t,ocu_skill_l1,2008,4.929
hun,sex_t,ocu_skill_l1,2009,6.257
hun,sex_t,ocu_skill_l1,2010,11.574
hun,sex_t,ocu_skill_l1,2011,8.829
hun,sex_t,ocu_skill_l1,2012,10.706
hun,sex_t,ocu_skill_l1,2013,14.439
hun,sex_t,ocu_skill_l1,2014,7.946
hun,sex_t,ocu_skill_l1,2015,8.204
hun,sex_t,ocu_skill_l1,2016,6.041
hun,sex_t,ocu_skill_l1,2017,9.859
hun,sex_t,ocu_skill_l1,2018,13.711
hun,sex_t,ocu_skill_l1,2019,4.448
hun,sex_t,ocu_skill_l1,2020,6.137
hun,sex_t,ocu_skill_l2,2007,44.295
hun,sex_t,ocu_skill_l2,2008,24.643
hun,sex_t,ocu_skill_l2,2009,43.506
hun,sex_t,ocu_skill_l2,2010,38.429
hun,sex_t,ocu_skill_l2,2011,69.588
hun,sex_t,ocu_skill_l2,2012,62.58
hun,sex_t,ocu_skill_l2,2013,66.826
hun,sex_t,ocu_skill_l2,2014,47.92
hun,sex_t,ocu_skill_l2,2015,41.524
hun,sex_t,ocu_skill_l2,2016,61.792
hun,sex_t,ocu_skill_l2,2017,64.695
hun,sex_t,ocu_skill_l2,2018,52.651
hun,sex_t,ocu_skill_l2,2019,43.493
hun,sex_t,ocu_skill_l2,2020,45.214
hun,sex_t,ocu_skill_l3_4,2007,11.62
hun,sex_t,ocu_skill_l3_4,2008,8.798
hun,sex_t,ocu_skill_l3_4,2009,12.139
hun,sex_t,ocu_skill_l3_4,2010,7.991
hun,sex_t,ocu_skill_l3_4,2011,7.383
hun,sex_t,ocu_skill_l3_4,2012,6.46
hun,sex_t,ocu_skill_l3_4,2013,14.24
hun,sex_t,ocu_skill_l3_4,2014,9.046
hun,sex_t,ocu_skill_l3_4,2015,12.387
hun,sex_t,ocu_skill_l3_4,2016,17.135
hun,sex_t,ocu_skill_l3_4,2017,44.548
hun,sex_t,ocu_skill_l3_4,2018,11.753
hun,sex_t,ocu_skill_l3_4,2019,17.713
hun,sex_t,ocu_skill_total,2007,69.902
hun,sex_t,ocu_skill_total,2008,44.338
hun,sex_t,ocu_skill_total,2009,72.535
hun,sex_t,ocu_skill_total,2010,59.966
hun,sex_t,ocu_skill_total,2011,85.91
hun,sex_t,ocu_skill_total,2012,80.215
hun,sex_t,ocu_skill_total,2013,98.888
hun,sex_t,ocu_skill_total,2014,66.501
hun,sex_t,ocu_skill_total,2015,69.824
hun,sex_t,ocu_skill_total,2016,91.676
hun,sex_t,ocu_skill_total,2017,139.463
hun,sex_t,ocu_skill_total,2018,83.842
hun,sex_t,ocu_skill_total,2019,70.846
hun,sex_t,ocu_skill_total,2020,57.538
hun,sex_t,ocu_skill_x,2007,7.187
hun,sex_t,ocu_skill_x,2008,5.968
hun,sex_t,ocu_skill_x,2009,10.633
hun,sex_t,ocu_skill_x,2010,1.972
hun,sex_t,ocu_skill_x,2013,3.383
hun,sex_t,ocu_skill_x,2015,7.709
hun,sex_t,ocu_skill_x,2016,6.708
hun,sex_t,ocu_skill_x,2017,20.361
hun,sex_t,ocu_skill_x,2019,5.192
idn,sex_f,ocu_isco08_0,2022,2.947
idn,sex_f,ocu_isco08_1,2017,354.094
idn,sex_f,ocu_isco08_1,2019,507.12
idn,sex_f,ocu_isco08_1,2022,449.943
idn,sex_f,ocu_isco08_1,2023,575.588
idn,sex_f,ocu_isco08_2,2017,2572.038
idn,sex_f,ocu_isco08_2,2019,2852.526
idn,sex_f,ocu_isco08_2,2022,2859.359
idn,sex_f,ocu_isco08_2,2023,3202.13
idn,sex_f,ocu_isco08_3,2017,484.75
idn,sex_f,ocu_isco08_3,2019,631.42
idn,sex_f,ocu_isco08_3,2022,727.264
idn,sex_f,ocu_isco08_3,2023,842.662
idn,sex_f,ocu_isco08_4,2017,1589.113
idn,sex_f,ocu_isco08_4,2019,1802.284
idn,sex_f,ocu_isco08_4,2022,1536.675
idn,sex_f,ocu_isco08_4,2023,1657.42
idn,sex_f,ocu_isco08_5,2017,13483.47
idn,sex_f,ocu_isco08_5,2019,13950.04
idn,sex_f,ocu_isco08_5,2022,14638.433
idn,sex_f,ocu_isco08_5,2023,14811.219
idn,sex_f,ocu_isco08_6,2017,10801.052
idn,sex_f,ocu_isco08_6,2019,10528.565
idn,sex_f,ocu_isco08_6,2022,9996.74
idn,sex_f,ocu_isco08_6,2023,10326.792
idn,sex_f,ocu_isco08_7,2017,4464.954
idn,sex_f,ocu_isco08_7,2019,4347.011
idn,sex_f,ocu_isco08_7,2022,4631.208
idn,sex_f,ocu_isco08_7,2023,4586.296
idn,sex_f,ocu_isco08_8,2017,757.415
idn,sex_f,ocu_isco08_8,2019,754.05
idn,sex_f,ocu_isco08_8,2022,692.834
idn,sex_f,ocu_isco08_8,2023,724.872
idn,sex_f,ocu_isco08_9,2017,6637.879
idn,sex_f,ocu_isco08_9,2019,7262.257
idn,sex_f,ocu_isco08_9,2022,7836.726
idn,sex_f,ocu_isco08_9,2023,8432.514
idn,sex_f,ocu_isco08_total,2017,41144.766
idn,sex_f,ocu_isco08_total,2019,42635.272
idn,sex_f,ocu_isco08_total,2022,43372.131
idn,sex_f,ocu_isco08_total,2023,45161.124
idn,sex_f,ocu_skill_l1,2016,6660.064
idn,sex_f,ocu_skill_l1,2017,6637.879
idn,sex_f,ocu_skill_l1,2019,7262.257
idn,sex_f,ocu_skill_l1,2022,7836.726
idn,sex_f,ocu_skill_l1,2023,8432.514
idn,sex_f,ocu_skill_l2,2016,28615.166
idn,sex_f,ocu_skill_l2,2017,31096.005
idn,sex_f,ocu_skill_l2,2019,31381.95
idn,sex_f,ocu_skill_l2,2022,31495.891
idn,sex_f,ocu_skill_l2,2023,32106.598
idn,sex_f,ocu_skill_l3_4,2016,4349.078
idn,sex_f,ocu_skill_l3_4,2017,3410.882
idn,sex_f,ocu_skill_l3_4,2019,3991.066
idn,sex_f,ocu_skill_l3_4,2022,4036.566
idn,sex_f,ocu_skill_l3_4,2023,4620.38
idn,sex_f,ocu_skill_total,2016,39643.865
idn,sex_f,ocu_skill_total,2017,41144.766
idn,sex_f,ocu_skill_total,2019,42635.272
idn,sex_f,ocu_skill_total,2022,43372.131
idn,sex_f,ocu_skill_total,2023,45161.124
idn,sex_f,ocu_skill_x,2016,19.558
idn,sex_f,ocu_skill_x,2022,2.947
idn,sex_m,ocu_isco08_0,2022,15.366
idn,sex_m,ocu_isco08_0,2023,5.426
idn,sex_m,ocu_isco08_1,2017,728.12
idn,sex_m,ocu_isco08_1,2019,926.13
idn,sex_m,ocu_isco08_1,2022,845.596
idn,sex_m,ocu_isco08_1,2023,897.31
idn,sex_m,ocu_isco08_2,2017,1461.146
idn,sex_m,ocu_isco08_2,2019,1623.297
idn,sex_m,ocu_isco08_2,2022,1638.019
idn,sex_m,ocu_isco08_2,2023,1830.057
idn,sex_m,ocu_isco08_3,2017,1391.65
idn,sex_m,ocu_isco08_3,2019,1622.424
idn,sex_m,ocu_isco08_3,2022,1453.605
idn,sex_m,ocu_isco08_3,2023,1642.256
idn,sex_m,ocu_isco08_4,2017,1892.579
idn,sex_m,ocu_isco08_4,2019,1936.008
idn,sex_m,ocu_isco08_4,2022,1897.219
idn,sex_m,ocu_isco08_4,2023,1938.584
idn,sex_m,ocu_isco08_5,2017,10607.908
idn,sex_m,ocu_isco08_5,2019,10553.438
idn,sex_m,ocu_isco08_5,2022,11335.522
idn,sex_m,ocu_isco08_5,2023,11681.564
idn,sex_m,ocu_isco08_6,2017,18407.43
idn,sex_m,ocu_isco08_6,2019,17518.91
idn,sex_m,ocu_isco08_6,2022,17680.233
idn,sex_m,ocu_isco08_6,2023,17844.684
idn,sex_m,ocu_isco08_7,2017,8440.586
idn,sex_m,ocu_isco08_7,2019,8148.939
idn,sex_m,ocu_isco08_7,2022,8466.274
idn,sex_m,ocu_isco08_7,2023,8744.897
idn,sex_m,ocu_isco08_8,2017,5743.764
idn,sex_m,ocu_isco08_8,2019,6021.99
idn,sex_m,ocu_isco08_8,2022,5631.394
idn,sex_m,ocu_isco08_8,2023,6283.938
idn,sex_m,ocu_isco08_9,2017,13608.352
idn,sex_m,ocu_isco08_9,2019,14613.819
idn,sex_m,ocu_isco08_9,2022,16052.88
idn,sex_m,ocu_isco08_9,2023,17018.331
idn,sex_m,ocu_isco08_total,2017,62281.536
idn,sex_m,ocu_isco08_total,2019,62964.954
idn,sex_m,ocu_isco08_total,2022,65016.11
idn,sex_m,ocu_isco08_total,2023,67887.048
idn,sex_m,ocu_skill_l1,2016,12886.548
idn,sex_m,ocu_skill_l1,2017,13608.352
idn,sex_m,ocu_skill_l1,2019,14613.819
idn,sex_m,ocu_skill_l1,2022,16052.88
idn,sex_m,ocu_skill_l1,2023,17018.331
idn,sex_m,ocu_skill_l2,2016,43836.298
idn,sex_m,ocu_skill_l2,2017,45092.268
idn,sex_m,ocu_skill_l2,2019,44179.285
idn,sex_m,ocu_skill_l2,2022,45010.643
idn,sex_m,ocu_skill_l2,2023,46493.668
idn,sex_m,ocu_skill_l3_4,2016,3864.63
idn,sex_m,ocu_skill_l3_4,2017,3580.916
idn,sex_m,ocu_skill_l3_4,2019,4171.85
idn,sex_m,ocu_skill_l3_4,2022,3937.22
idn,sex_m,ocu_skill_l3_4,2023,4369.623
idn,sex_m,ocu_skill_total,2016,61136.233
idn,sex_m,ocu_skill_total,2017,62281.536
idn,sex_m,ocu_skill_total,2019,62964.954
idn,sex_m,ocu_skill_total,2022,65016.11
idn,sex_m,ocu_skill_total,2023,67887.048
idn,sex_m,ocu_skill_x,2016,548.758
idn,sex_m,ocu_skill_x,2022,15.366
idn,sex_m,ocu_skill_x,2023,5.426
idn,sex_t,ocu_isco08_0,2022,18.314
idn,sex_t,ocu_isco08_0,2023,7.059
idn,sex_t,ocu_isco08_1,2017,1082.214
idn,sex_t,ocu_isco08_1,2019,1433.25
idn,sex_t,ocu_isco08_1,2022,1295.54
idn,sex_t,ocu_isco08_1,2023,1472.898
idn,sex_t,ocu_isco08_2,2017,4033.184
idn,sex_t,ocu_isco08_2,2019,4475.822
idn,sex_t,ocu_isco08_2,2022,4497.378
idn,sex_t,ocu_isco08_2,2023,5032.188
idn,sex_t,ocu_isco08_3,2017,1876.4
idn,sex_t,ocu_isco08_3,2019,2253.844
idn,sex_t,ocu_isco08_3,2022,2180.869
idn,sex_t,ocu_isco08_3,2023,2484.918
idn,sex_t,ocu_isco08_4,2017,3481.692
idn,sex_t,ocu_isco08_4,2019,3738.292
idn,sex_t,ocu_isco08_4,2022,3433.894
idn,sex_t,ocu_isco08_4,2023,3596.004
idn,sex_t,ocu_isco08_5,2017,24091.379
idn,sex_t,ocu_isco08_5,2019,24503.479
idn,sex_t,ocu_isco08_5,2022,25973.956
idn,sex_t,ocu_isco08_5,2023,26492.783
idn,sex_t,ocu_isco08_6,2017,29208.482
idn,sex_t,ocu_isco08_6,2019,28047.475
idn,sex_t,ocu_isco08_6,2022,27676.974
idn,sex_t,ocu_isco08_6,2023,28171.477
idn,sex_t,ocu_isco08_7,2017,12905.54
idn,sex_t,ocu_isco08_7,2019,12495.95
idn,sex_t,ocu_isco08_7,2022,13097.482
idn,sex_t,ocu_isco08_7,2023,13331.193
idn,sex_t,ocu_isco08_8,2017,6501.18
idn,sex_t,ocu_isco08_8,2019,6776.04
idn,sex_t,ocu_isco08_8,2022,6324.227
idn,sex_t,ocu_isco08_8,2023,7008.81
idn,sex_t,ocu_isco08_9,2017,20246.231
idn,sex_t,ocu_isco08_9,2019,21876.075
idn,sex_t,ocu_isco08_9,2022,23889.607
idn,sex_t,ocu_isco08_9,2023,25450.845
idn,sex_t,ocu_isco08_total,2017,103426.303
idn,sex_t,ocu_isco08_total,2019,105600.227
idn,sex_t,ocu_isco08_total,2022,108388.24
idn,sex_t,ocu_isco08_total,2023,113048.172
idn,sex_t,ocu_skill_l1,2016,19546.611
idn,sex_t,ocu_skill_l1,2017,20246.231
idn,sex_t,ocu_skill_l1,2019,21876.075
idn,sex_t,ocu_skill_l1,2022,23889.607
idn,sex_t,ocu_skill_l1,2023,25450.845
idn,sex_t,ocu_skill_l2,2016,72451.463
idn,sex_t,ocu_skill_l2,2017,76188.273
idn,sex_t,ocu_skill_l2,2019,75561.235
idn,sex_t,ocu_skill_l2,2022,76506.533
idn,sex_t,ocu_skill_l2,2023,78600.266
idn,sex_t,ocu_skill_l3_4,2016,8213.708
idn,sex_t,ocu_skill_l3_4,2017,6991.798
idn,sex_t,ocu_skill_l3_4,2019,8162.916
idn,sex_t,ocu_skill_l3_4,2022,7973.787
idn,sex_t,ocu_skill_l3_4,2023,8990.002
idn,sex_t,ocu_skill_total,2016,100780.098
idn,sex_t,ocu_skill_total,2017,103426.303
idn,sex_t,ocu_skill_total,2019,105600.227
idn,sex_t,ocu_skill_total,2022,108388.24
idn,sex_t,ocu_skill_total,2023,113048.172
idn,sex_t,ocu_skill_x,2016,568.316
idn,sex_t,ocu_skill_x,2022,18.314
idn,sex_t,ocu_skill_x,2023,7.059
ind,sex_f,ocu_isco08_1,2022,3134.508
ind,sex_f,ocu_isco08_1,2023,1660.093
ind,sex_f,ocu_isco08_1,2024,1492.719
ind,sex_f,ocu_isco08_2,2022,4060.129
ind,sex_f,ocu_isco08_2,2023,4795.698
ind,sex_f,ocu_isco08_2,2024,4766.31
ind,sex_f,ocu_isco08_3,2022,1399.465
ind,sex_f,ocu_isco08_3,2023,1684.915
ind,sex_f,ocu_isco08_3,2024,1764.682
ind,sex_f,ocu_isco08_4,2022,961.523
ind,sex_f,ocu_isco08_4,2023,1027.787
ind,sex_f,ocu_isco08_4,2024,1129.51
ind,sex_f,ocu_isco08_5,2022,9378.987
ind,sex_f,ocu_isco08_5,2023,11891.734
ind,sex_f,ocu_isco08_5,2024,12075.193
ind,sex_f,ocu_isco08_6,2022,54168.401
ind,sex_f,ocu_isco08_6,2023,72309.707
ind,sex_f,ocu_isco08_6,2024,73217.062
ind,sex_f,ocu_isco08_7,2022,9672.012
ind,sex_f,ocu_isco08_7,2023,13256.286
ind,sex_f,ocu_isco08_7,2024,13700.73
ind,sex_f,ocu_isco08_8,2022,988.177
ind,sex_f,ocu_isco08_8,2023,785.912
ind,sex_f,ocu_isco08_8,2024,779.346
ind,sex_f,ocu_isco08_9,2022,25441.529
ind,sex_f,ocu_isco08_9,2023,29423.683
ind,sex_f,ocu_isco08_9,2024,28884.699
ind,sex_f,ocu_isco08_total,2022,109204.731
ind,sex_f,ocu_isco08_total,2023,136835.815
ind,sex_f,ocu_isco08_total,2024,137810.252
ind,sex_f,ocu_isco88_0,2012,88913.793
ind,sex_f,ocu_isco88_1,2010,2293.715
ind,sex_f,ocu_isco88_1,2018,3535.471
ind,sex_f,ocu_isco88_1,2019,5224.305
ind,sex_f,ocu_isco88_1,2020,5659.188
ind,sex_f,ocu_isco88_2,2010,1064.773
ind,sex_f,ocu_isco88_2,2018,2136.805
ind,sex_f,ocu_isco88_2,2019,2776.625
ind,sex_f,ocu_isco88_2,2020,2408.808
ind,sex_f,ocu_isco88_3,2010,1107.38
ind,sex_f,ocu_isco88_3,2018,2951.41
ind,sex_f,ocu_isco88_3,2019,3171.628
ind,sex_f,ocu_isco88_3,2020,3506.898
ind,sex_f,ocu_isco88_4,2010,281.889
ind,sex_f,ocu_isco88_4,2018,593.44
ind,sex_f,ocu_isco88_4,2019,789.818
ind,sex_f,ocu_isco88_4,2020,731.601
ind,sex_f,ocu_isco88_5,2010,2760.537
ind,sex_f,ocu_isco88_5,2018,5492.024
ind,sex_f,ocu_isco88_5,2019,6603.31
ind,sex_f,ocu_isco88_5,2020,5948.247
ind,sex_f,ocu_isco88_6,2010,28351.229
ind,sex_f,ocu_isco88_6,2018,24870.369
ind,sex_f,ocu_isco88_6,2019,32185.215
ind,sex_f,ocu_isco88_6,2020,41743.231
ind,sex_f,ocu_isco88_7,2010,6278.219
ind,sex_f,ocu_isco88_7,2018,6914.083
ind,sex_f,ocu_isco88_7,2019,8206.266
ind,sex_f,ocu_isco88_7,2020,7350.175
ind,sex_f,ocu_isco88_8,2010,539.682
ind,sex_f,ocu_isco88_8,2018,575.829
ind,sex_f,ocu_isco88_8,2019,726.614
ind,sex_f,ocu_isco88_8,2020,812.953
ind,sex_f,ocu_isco88_9,2010,31237.429
ind,sex_f,ocu_isco88_9,2018,19708.111
ind,sex_f,ocu_isco88_9,2019,23842.922
ind,sex_f,ocu_isco88_9,2020,24221.331
ind,sex_f,ocu_isco88_total,2010,88370.799
ind,sex_f,ocu_isco88_total,2012,88913.793
ind,sex_f,ocu_isco88_total,2018,67403.646
ind,sex_f,ocu_isco88_total,2019,84267.641
ind,sex_f,ocu_isco88_total,2020,92750.777
ind,sex_f,ocu_isco88_x,2010,14455.944
ind,sex_f,ocu_isco88_x,2018,626.106
ind,sex_f,ocu_isco88_x,2019,740.94
ind,sex_f,ocu_isco88_x,2020,368.345
ind,sex_f,ocu_skill_l1,2010,31237.429
ind,sex_f,ocu_skill_l1,2018,19708.111
ind,sex_f,ocu_skill_l1,2019,23842.922
ind,sex_f,ocu_skill_l1,2020,24221.331
ind,sex_f,ocu_skill_l1,2021,25596.815
ind,sex_f,ocu_skill_l1,2022,25441.529
ind,sex_f,ocu_skill_l1,2023,29423.683
ind,sex_f,ocu_skill_l1,2024,28884.699
ind,sex_f,ocu_skill_l2,2010,38211.556
ind,sex_f,ocu_skill_l2,2018,38445.744
ind,sex_f,ocu_skill_l2,2019,48511.223
ind,sex_f,ocu_skill_l2,2020,56586.206
ind,sex_f,ocu_skill_l2,2021,62675.516
ind,sex_f,ocu_skill_l2,2022,75169.1
ind,sex_f,ocu_skill_l2,2023,99271.426
ind,sex_f,ocu_skill_l2,2024,100901.842
ind,sex_f,ocu_skill_l3_4,2010,4465.869
ind,sex_f,ocu_skill_l3_4,2018,8623.686
ind,sex_f,ocu_skill_l3_4,2019,11172.557
ind,sex_f,ocu_skill_l3_4,2020,11574.894
ind,sex_f,ocu_skill_l3_4,2021,10819.078
ind,sex_f,ocu_skill_l3_4,2022,8594.103
ind,sex_f,ocu_skill_l3_4,2023,8140.706
ind,sex_f,ocu_skill_l3_4,2024,8023.711
ind,sex_f,ocu_skill_total,2010,88370.799
ind,sex_f,ocu_skill_total,2012,88913.793
ind,sex_f,ocu_skill_total,2018,67403.646
ind,sex_f,ocu_skill_total,2019,84267.641
ind,sex_f,ocu_skill_total,2020,92750.777
ind,sex_f,ocu_skill_total,2021,99091.41
ind,sex_f,ocu_skill_total,2022,109204.731
ind,sex_f,ocu_skill_total,2023,136835.815
ind,sex_f,ocu_skill_total,2024,137810.252
ind,sex_f,ocu_skill_x,2010,14455.944
ind,sex_f,ocu_skill_x,2012,88913.793
ind,sex_f,ocu_skill_x,2018,626.106
ind,sex_f,ocu_skill_x,2019,740.94
ind,sex_f,ocu_skill_x,2020,368.345
ind,sex_m,ocu_isco08_1,2022,15617.646
ind,sex_m,ocu_isco08_1,2023,10455.899
ind,sex_m,ocu_isco08_1,2024,10317.628
ind,sex_m,ocu_isco08_2,2022,6690.856
ind,sex_m,ocu_isco08_2,2023,7474.547
ind,sex_m,ocu_isco08_2,2024,8157.742
ind,sex_m,ocu_isco08_3,2022,3909.702
ind,sex_m,ocu_isco08_3,2023,4389.824
ind,sex_m,ocu_isco08_3,2024,4454.933
ind,sex_m,ocu_isco08_4,2022,2954.009
ind,sex_m,ocu_isco08_4,2023,3242.087
ind,sex_m,ocu_isco08_4,2024,2997.94
ind,sex_m,ocu_isco08_5,2022,35983.247
ind,sex_m,ocu_isco08_5,2023,41676.328
ind,sex_m,ocu_isco08_5,2024,42293.766
ind,sex_m,ocu_isco08_6,2022,99149.062
ind,sex_m,ocu_isco08_6,2023,94911.322
ind,sex_m,ocu_isco08_6,2024,96304.099
ind,sex_m,ocu_isco08_7,2022,33863.68
ind,sex_m,ocu_isco08_7,2023,35341.852
ind,sex_m,ocu_isco08_7,2024,36416.306
ind,sex_m,ocu_isco08_8,2022,20932.628
ind,sex_m,ocu_isco08_8,2023,21908.164
ind,sex_m,ocu_isco08_8,2024,23960.936
ind,sex_m,ocu_isco08_9,2022,67710.658
ind,sex_m,ocu_isco08_9,2023,62591.444
ind,sex_m,ocu_isco08_9,2024,63900.476
ind,sex_m,ocu_isco08_total,2022,286811.487
ind,sex_m,ocu_isco08_total,2023,281991.467
ind,sex_m,ocu_isco08_total,2024,288803.827
ind,sex_m,ocu_isco88_0,2012,255046.311
ind,sex_m,ocu_isco88_1,2010,15111.993
ind,sex_m,ocu_isco88_1,2018,20575.751
ind,sex_m,ocu_isco88_1,2019,24805.847
ind,sex_m,ocu_isco88_1,2020,25493.358
ind,sex_m,ocu_isco88_2,2010,6945.066
ind,sex_m,ocu_isco88_2,2018,6477.419
ind,sex_m,ocu_isco88_2,2019,7124.404
ind,sex_m,ocu_isco88_2,2020,6498.598
ind,sex_m,ocu_isco88_3,2010,3149.302
ind,sex_m,ocu_isco88_3,2018,4825.752
ind,sex_m,ocu_isco88_3,2019,5251.633
ind,sex_m,ocu_isco88_3,2020,5129.455
ind,sex_m,ocu_isco88_4,2010,1519.756
ind,sex_m,ocu_isco88_4,2018,2692.425
ind,sex_m,ocu_isco88_4,2019,2859.222
ind,sex_m,ocu_isco88_4,2020,2909.496
ind,sex_m,ocu_isco88_5,2010,19020.678
ind,sex_m,ocu_isco88_5,2018,24284.197
ind,sex_m,ocu_isco88_5,2019,26694.795
ind,sex_m,ocu_isco88_5,2020,23684.12
ind,sex_m,ocu_isco88_6,2010,78466.482
ind,sex_m,ocu_isco88_6,2018,77980.318
ind,sex_m,ocu_isco88_6,2019,79117.56
ind,sex_m,ocu_isco88_6,2020,90604.384
ind,sex_m,ocu_isco88_7,2010,29045.543
ind,sex_m,ocu_isco88_7,2018,30223.065
ind,sex_m,ocu_isco88_7,2019,31489.172
ind,sex_m,ocu_isco88_7,2020,32816.274
ind,sex_m,ocu_isco88_8,2010,9970.449
ind,sex_m,ocu_isco88_8,2018,16863.454
ind,sex_m,ocu_isco88_8,2019,17706.434
ind,sex_m,ocu_isco88_8,2020,16255.441
ind,sex_m,ocu_isco88_9,2010,76745.095
ind,sex_m,ocu_isco88_9,2018,55370.89
ind,sex_m,ocu_isco88_9,2019,56625.244
ind,sex_m,ocu_isco88_9,2020,51724.611
ind,sex_m,ocu_isco88_total,2010,243021.517
ind,sex_m,ocu_isco88_total,2012,255046.311
ind,sex_m,ocu_isco88_total,2018,240369.228
ind,sex_m,ocu_isco88_total,2019,253447.422
ind,sex_m,ocu_isco88_total,2020,256329.157
ind,sex_m,ocu_isco88_x,2010,3047.154
ind,sex_m,ocu_isco88_x,2018,1075.956
ind,sex_m,ocu_isco88_x,2019,1773.11
ind,sex_m,ocu_isco88_x,2020,1213.419
ind,sex_m,ocu_skill_l1,2010,76745.095
ind,sex_m,ocu_skill_l1,2018,55370.89
ind,sex_m,ocu_skill_l1,2019,56625.244
ind,sex_m,ocu_skill_l1,2020,51724.611
ind,sex_m,ocu_skill_l1,2021,57684.872
ind,sex_m,ocu_skill_l1,2022,67710.658
ind,sex_m,ocu_skill_l1,2023,62591.444
ind,sex_m,ocu_skill_l1,2024,63900.476
ind,sex_m,ocu_skill_l2,2010,138022.908
ind,sex_m,ocu_skill_l2,2018,152043.46
ind,sex_m,ocu_skill_l2,2019,157867.183
ind,sex_m,ocu_skill_l2,2020,166269.715
ind,sex_m,ocu_skill_l2,2021,168571.181
ind,sex_m,ocu_skill_l2,2022,192882.626
ind,sex_m,ocu_skill_l2,2023,197079.754
ind,sex_m,ocu_skill_l2,2024,201973.047
ind,sex_m,ocu_skill_l3_4,2010,25206.36
ind,sex_m,ocu_skill_l3_4,2018,31878.922
ind,sex_m,ocu_skill_l3_4,2019,37181.884
ind,sex_m,ocu_skill_l3_4,2020,37121.411
ind,sex_m,ocu_skill_l3_4,2021,36690.414
ind,sex_m,ocu_skill_l3_4,2022,26218.204
ind,sex_m,ocu_skill_l3_4,2023,22320.27
ind,sex_m,ocu_skill_l3_4,2024,22930.304
ind,sex_m,ocu_skill_total,2010,243021.517
ind,sex_m,ocu_skill_total,2012,255046.311
ind,sex_m,ocu_skill_total,2018,240369.228
ind,sex_m,ocu_skill_total,2019,253447.422
ind,sex_m,ocu_skill_total,2020,256329.157
ind,sex_m,ocu_skill_total,2021,262970.149
ind,sex_m,ocu_skill_total,2022,286811.487
ind,sex_m,ocu_skill_total,2023,281991.467
ind,sex_m,ocu_skill_total,2024,288803.827
ind,sex_m,ocu_skill_x,2010,3047.154
ind,sex_m,ocu_skill_x,2012,255046.311
ind,sex_m,ocu_skill_x,2018,1075.956
ind,sex_m,ocu_skill_x,2019,1773.11
ind,sex_m,ocu_skill_x,2020,1213.419
ind,sex_o,ocu_isco08_total,2023,15.507
ind,sex_o,ocu_isco88_5,2020,37.5
ind,sex_o,ocu_isco88_6,2019,57.249
ind,sex_o,ocu_isco88_9,2019,21.208
ind,sex_o,ocu_isco88_total,2018,36.305
ind,sex_o,ocu_isco88_total,2019,88.156
ind,sex_o,ocu_isco88_total,2020,78.307
ind,sex_o,ocu_skill_l1,2019,21.208
ind,sex_o,ocu_skill_l2,2018,30.683
ind,sex_o,ocu_skill_l2,2019,66.891
ind,sex_o,ocu_skill_l2,2020,48.836
ind,sex_o,ocu_skill_l2,2021,14.969
ind,sex_o,ocu_skill_total,2018,36.305
ind,sex_o,ocu_skill_total,2019,88.156
ind,sex_o,ocu_skill_total,2020,78.307
ind,sex_o,ocu_skill_total,2021,23.946
ind,sex_o,ocu_skill_total,2023,15.507
ind,sex_t,ocu_isco08_1,2022,18752.154
ind,sex_t,ocu_isco08_1,2023,12115.992
ind,sex_t,ocu_isco08_1,2024,11810.347
ind,sex_t,ocu_isco08_2,2022,10750.986
ind,sex_t,ocu_isco08_2,2023,12272.176
ind,sex_t,ocu_isco08_2,2024,12924.052
ind,sex_t,ocu_isco08_3,2022,5313.269
ind,sex_t,ocu_isco08_3,2023,6074.739
ind,sex_t,ocu_isco08_3,2024,6219.615
ind,sex_t,ocu_isco08_4,2022,3915.532
ind,sex_t,ocu_isco08_4,2023,4269.874
ind,sex_t,ocu_isco08_4,2024,4127.45
ind,sex_t,ocu_isco08_5,2022,45362.496
ind,sex_t,ocu_isco08_5,2023,53568.463
ind,sex_t,ocu_isco08_5,2024,54369.441
ind,sex_t,ocu_isco08_6,2022,153320.304
ind,sex_t,ocu_isco08_6,2023,167230.579
ind,sex_t,ocu_isco08_6,2024,169521.367
ind,sex_t,ocu_isco08_7,2022,43535.692
ind,sex_t,ocu_isco08_7,2023,48601.764
ind,sex_t,ocu_isco08_7,2024,50117.037
ind,sex_t,ocu_isco08_8,2022,21920.805
ind,sex_t,ocu_isco08_8,2023,22694.076
ind,sex_t,ocu_isco08_8,2024,24740.282
ind,sex_t,ocu_isco08_9,2022,93152.186
ind,sex_t,ocu_isco08_9,2023,92015.126
ind,sex_t,ocu_isco08_9,2024,92785.175
ind,sex_t,ocu_isco08_total,2022,396023.424
ind,sex_t,ocu_isco08_total,2023,418842.79
ind,sex_t,ocu_isco08_total,2024,426614.766
ind,sex_t,ocu_isco88_0,2012,343960.103
ind,sex_t,ocu_isco88_1,2010,17405.708
ind,sex_t,ocu_isco88_1,2018,24114.97
ind,sex_t,ocu_isco88_1,2019,30030.151
ind,sex_t,ocu_isco88_1,2020,31153.28
ind,sex_t,ocu_isco88_2,2010,8009.839
ind,sex_t,ocu_isco88_2,2018,8615.171
ind,sex_t,ocu_isco88_2,2019,9901.029
ind,sex_t,ocu_isco88_2,2020,8908.012
ind,sex_t,ocu_isco88_3,2010,4256.682
ind,sex_t,ocu_isco88_3,2018,7777.162
ind,sex_t,ocu_isco88_3,2019,8423.318
ind,sex_t,ocu_isco88_3,2020,8636.353
ind,sex_t,ocu_isco88_4,2010,1801.646
ind,sex_t,ocu_isco88_4,2018,3285.865
ind,sex_t,ocu_isco88_4,2019,3650.45
ind,sex_t,ocu_isco88_4,2020,3641.097
ind,sex_t,ocu_isco88_5,2010,21781.215
ind,sex_t,ocu_isco88_5,2018,29794.516
ind,sex_t,ocu_isco88_5,2019,33303.852
ind,sex_t,ocu_isco88_5,2020,29669.867
ind,sex_t,ocu_isco88_6,2010,106817.711
ind,sex_t,ocu_isco88_6,2018,102859.363
ind,sex_t,ocu_isco88_6,2019,111360.024
ind,sex_t,ocu_isco88_6,2020,132350.875
ind,sex_t,ocu_isco88_7,2010,35323.762
ind,sex_t,ocu_isco88_7,2018,37140.859
ind,sex_t,ocu_isco88_7,2019,39697.014
ind,sex_t,ocu_isco88_7,2020,40171.495
ind,sex_t,ocu_isco88_8,2010,10510.131
ind,sex_t,ocu_isco88_8,2018,17439.283
ind,sex_t,ocu_isco88_8,2019,18433.957
ind,sex_t,ocu_isco88_8,2020,17071.424
ind,sex_t,ocu_isco88_9,2010,107982.525
ind,sex_t,ocu_isco88_9,2018,75079.929
ind,sex_t,ocu_isco88_9,2019,80489.374
ind,sex_t,ocu_isco88_9,2020,75974.074
ind,sex_t,ocu_isco88_total,2010,331392.316
ind,sex_t,ocu_isco88_total,2012,343960.103
ind,sex_t,ocu_isco88_total,2018,307809.18
ind,sex_t,ocu_isco88_total,2019,337803.219
ind,sex_t,ocu_isco88_total,2020,349158.241
ind,sex_t,ocu_isco88_x,2010,17503.098
ind,sex_t,ocu_isco88_x,2018,1702.062
ind,sex_t,ocu_isco88_x,2019,2514.05
ind,sex_t,ocu_isco88_x,2020,1581.765
ind,sex_t,ocu_skill_l1,2010,107982.525
ind,sex_t,ocu_skill_l1,2018,75079.929
ind,sex_t,ocu_skill_l1,2019,80489.374
ind,sex_t,ocu_skill_l1,2020,75974.074
ind,sex_t,ocu_skill_l1,2021,83282.016
ind,sex_t,ocu_skill_l1,2022,93152.186
ind,sex_t,ocu_skill_l1,2023,92015.126
ind,sex_t,ocu_skill_l1,2024,92785.175
ind,sex_t,ocu_skill_l2,2010,176234.464
ind,sex_t,ocu_skill_l2,2018,190519.886
ind,sex_t,ocu_skill_l2,2019,206445.298
ind,sex_t,ocu_skill_l2,2020,222904.758
ind,sex_t,ocu_skill_l2,2021,231261.666
ind,sex_t,ocu_skill_l2,2022,268054.829
ind,sex_t,ocu_skill_l2,2023,296364.757
ind,sex_t,ocu_skill_l2,2024,302875.577
ind,sex_t,ocu_skill_l3_4,2010,29672.229
ind,sex_t,ocu_skill_l3_4,2018,40507.303
ind,sex_t,ocu_skill_l3_4,2019,48354.498
ind,sex_t,ocu_skill_l3_4,2020,48697.644
ind,sex_t,ocu_skill_l3_4,2021,47518.14
ind,sex_t,ocu_skill_l3_4,2022,34816.408
ind,sex_t,ocu_skill_l3_4,2023,30462.907
ind,sex_t,ocu_skill_l3_4,2024,30954.015
ind,sex_t,ocu_skill_total,2010,331392.316
ind,sex_t,ocu_skill_total,2012,343960.103
ind,sex_t,ocu_skill_total,2018,307809.18
ind,sex_t,ocu_skill_total,2019,337803.219
ind,sex_t,ocu_skill_total,2020,349158.241
ind,sex_t,ocu_skill_total,2021,362085.504
ind,sex_t,ocu_skill_total,2022,396023.424
ind,sex_t,ocu_skill_total,2023,418842.79
ind,sex_t,ocu_skill_total,2024,426614.766
ind,sex_t,ocu_skill_x,2010,17503.098
ind,sex_t,ocu_skill_x,2012,343960.103
ind,sex_t,ocu_skill_x,2018,1702.062
ind,sex_t,ocu_skill_x,2019,2514.05
ind,sex_t,ocu_skill_x,2020,1581.765
irl,sex_f,ocu_isco08_1,2013,1.73
irl,sex_f,ocu_isco08_1,2014,1.692
irl,sex_f,ocu_isco08_2,2011,4.252
irl,sex_f,ocu_isco08_2,2012,4.935
irl,sex_f,ocu_isco08_2,2013,2.174
irl,sex_f,ocu_isco08_2,2014,3.771
irl,sex_f,ocu_isco08_2,2015,2.868
irl,sex_f,ocu_isco08_2,2016,1.812
irl,sex_f,ocu_isco08_2,2017,1.585
irl,sex_f,ocu_isco08_2,2018,2.444
irl,sex_f,ocu_isco08_3,2013,1.425
irl,sex_f,ocu_isco08_3,2014,2.969
irl,sex_f,ocu_isco08_4,2013,1.877
irl,sex_f,ocu_isco08_4,2014,2.811
irl,sex_f,ocu_isco08_4,2015,1.15
irl,sex_f,ocu_isco08_4,2016,0.977
irl,sex_f,ocu_isco08_4,2017,2.881
irl,sex_f,ocu_isco08_4,2018,4.427
irl,sex_f,ocu_isco08_4,2022,4.233
irl,sex_f,ocu_isco08_5,2011,11.98
irl,sex_f,ocu_isco08_5,2014,9.477
irl,sex_f,ocu_isco08_5,2015,10.095
irl,sex_f,ocu_isco08_5,2016,11.822
irl,sex_f,ocu_isco08_5,2017,12.821
irl,sex_f,ocu_isco08_5,2018,17.827
irl,sex_f,ocu_isco08_5,2019,4.766
irl,sex_f,ocu_isco08_5,2020,5.083
irl,sex_f,ocu_isco08_5,2023,9.25
irl,sex_f,ocu_isco08_6,2012,4.65
irl,sex_f,ocu_isco08_6,2013,3.917
irl,sex_f,ocu_isco08_6,2017,1.825
irl,sex_f,ocu_isco08_6,2021,1.509
irl,sex_f,ocu_isco08_9,2012,4.74
irl,sex_f,ocu_isco08_9,2013,2.773
irl,sex_f,ocu_isco08_9,2014,1.737
irl,sex_f,ocu_isco08_9,2016,0.913
irl,sex_f,ocu_isco08_9,2022,4.125
irl,sex_f,ocu_isco08_total,2011,18.793
irl,sex_f,ocu_isco08_total,2012,23.668
irl,sex_f,ocu_isco08_total,2013,17.406
irl,sex_f,ocu_isco08_total,2014,24.611
irl,sex_f,ocu_isco08_total,2015,19.032
irl,sex_f,ocu_isco08_total,2016,17.523
irl,sex_f,ocu_isco08_total,2017,21.62
irl,sex_f,ocu_isco08_total,2018,27.656
irl,sex_f,ocu_isco08_total,2019,6.982
irl,sex_f,ocu_isco08_total,2020,12.22
irl,sex_f,ocu_isco08_total,2021,9.892
irl,sex_f,ocu_isco08_total,2022,14.738
irl,sex_f,ocu_isco08_total,2023,15.551
irl,sex_f,ocu_isco88_1,2007,1.952
irl,sex_f,ocu_isco88_1,2008,4.168
irl,sex_f,ocu_isco88_1,2009,3.041
irl,sex_f,ocu_isco88_1,2010,4.338
irl,sex_f,ocu_isco88_2,2007,2.955
irl,sex_f,ocu_isco88_2,2008,2.316
irl,sex_f,ocu_isco88_2,2009,4.743
irl,sex_f,ocu_isco88_2,2010,2.99
irl,sex_f,ocu_isco88_3,2007,0.883
irl,sex_f,ocu_isco88_3,2008,1.495
irl,sex_f,ocu_isco88_3,2009,1.514
irl,sex_f,ocu_isco88_4,2007,7.391
irl,sex_f,ocu_isco88_4,2008,4.536
irl,sex_f,ocu_isco88_4,2009,3.415
irl,sex_f,ocu_isco88_4,2010,1.939
irl,sex_f,ocu_isco88_5,2007,23.306
irl,sex_f,ocu_isco88_5,2008,19.233
irl,sex_f,ocu_isco88_5,2009,6.844
irl,sex_f,ocu_isco88_5,2010,19.676
irl,sex_f,ocu_isco88_7,2010,3.02
irl,sex_f,ocu_isco88_9,2007,9.75
irl,sex_f,ocu_isco88_9,2008,4.481
irl,sex_f,ocu_isco88_9,2009,1.581
irl,sex_f,ocu_isco88_9,2010,2.045
irl,sex_f,ocu_isco88_total,2007,48.427
irl,sex_f,ocu_isco88_total,2008,38.119
irl,sex_f,ocu_isco88_total,2009,24.376
irl,sex_f,ocu_isco88_total,2010,35.107
irl,sex_f,ocu_skill_l1,2007,9.75
irl,sex_f,ocu_skill_l1,2008,4.481
irl,sex_f,ocu_skill_l1,2009,1.581
irl,sex_f,ocu_skill_l1,2010,2.045
irl,sex_f,ocu_skill_l1,2012,4.74
irl,sex_f,ocu_skill_l1,2013,2.773
irl,sex_f,ocu_skill_l1,2014,1.737
irl,sex_f,ocu_skill_l1,2016,0.913
irl,sex_f,ocu_skill_l1,2022,4.125
irl,sex_f,ocu_skill_l2,2007,32.594
irl,sex_f,ocu_skill_l2,2008,25.279
irl,sex_f,ocu_skill_l2,2009,11.762
irl,sex_f,ocu_skill_l2,2010,24.673
irl,sex_f,ocu_skill_l2,2011,12.502
irl,sex_f,ocu_skill_l2,2012,9.886
irl,sex_f,ocu_skill_l2,2013,9.304
irl,sex_f,ocu_skill_l2,2014,14.442
irl,sex_f,ocu_skill_l2,2015,12.373
irl,sex_f,ocu_skill_l2,2016,13.656
irl,sex_f,ocu_skill_l2,2017,17.822
irl,sex_f,ocu_skill_l2,2018,22.563
irl,sex_f,ocu_skill_l2,2019,5.942
irl,sex_f,ocu_skill_l2,2020,9.132
irl,sex_f,ocu_skill_l2,2021,6.935
irl,sex_f,ocu_skill_l2,2022,9.642
irl,sex_f,ocu_skill_l2,2023,11.681
irl,sex_f,ocu_skill_l3_4,2007,5.789
irl,sex_f,ocu_skill_l3_4,2008,7.978
irl,sex_f,ocu_skill_l3_4,2009,9.298
irl,sex_f,ocu_skill_l3_4,2010,8.124
irl,sex_f,ocu_skill_l3_4,2011,5.908
irl,sex_f,ocu_skill_l3_4,2012,9.042
irl,sex_f,ocu_skill_l3_4,2013,5.329
irl,sex_f,ocu_skill_l3_4,2014,8.432
irl,sex_f,ocu_skill_l3_4,2015,5.654
irl,sex_f,ocu_skill_l3_4,2016,2.465
irl,sex_f,ocu_skill_l3_4,2017,2.406
irl,sex_f,ocu_skill_l3_4,2018,4.579
irl,sex_f,ocu_skill_l3_4,2021,2.475
irl,sex_f,ocu_skill_l3_4,2022,0.971
irl,sex_f,ocu_skill_l3_4,2023,1.97
irl,sex_f,ocu_skill_total,2007,48.427
irl,sex_f,ocu_skill_total,2008,38.119
irl,sex_f,ocu_skill_total,2009,24.376
irl,sex_f,ocu_skill_total,2010,35.107
irl,sex_f,ocu_skill_total,2011,18.793
irl,sex_f,ocu_skill_total,2012,23.668
irl,sex_f,ocu_skill_total,2013,17.406
irl,sex_f,ocu_skill_total,2014,24.611
irl,sex_f,ocu_skill_total,2015,19.032
irl,sex_f,ocu_skill_total,2016,17.523
irl,sex_f,ocu_skill_total,2017,21.62
irl,sex_f,ocu_skill_total,2018,27.656
irl,sex_f,ocu_skill_total,2019,6.982
irl,sex_f,ocu_skill_total,2020,12.22
irl,sex_f,ocu_skill_total,2021,9.892
irl,sex_f,ocu_skill_total,2022,14.738
irl,sex_f,ocu_skill_total,2023,15.551
irl,sex_m,ocu_isco08_1,2011,1.438
irl,sex_m,ocu_isco08_1,2012,5.133
irl,sex_m,ocu_isco08_1,2013,2.929
irl,sex_m,ocu_isco08_1,2014,4.705
irl,sex_m,ocu_isco08_1,2015,1.971
irl,sex_m,ocu_isco08_1,2016,2.055
irl,sex_m,ocu_isco08_1,2017,1.464
irl,sex_m,ocu_isco08_1,2022,2.147
irl,sex_m,ocu_isco08_2,2011,2.894
irl,sex_m,ocu_isco08_2,2012,2.566
irl,sex_m,ocu_isco08_2,2013,3.08
irl,sex_m,ocu_isco08_2,2014,3.153
irl,sex_m,ocu_isco08_2,2016,2.049
irl,sex_m,ocu_isco08_2,2017,2.126
irl,sex_m,ocu_isco08_2,2021,1.42
irl,sex_m,ocu_isco08_2,2022,2.488
irl,sex_m,ocu_isco08_3,2012,3.18
irl,sex_m,ocu_isco08_3,2013,4.033
irl,sex_m,ocu_isco08_3,2014,2.796
irl,sex_m,ocu_isco08_3,2022,1.705
irl,sex_m,ocu_isco08_3,2023,2.187
irl,sex_m,ocu_isco08_5,2011,7.384
irl,sex_m,ocu_isco08_5,2012,7.707
irl,sex_m,ocu_isco08_5,2013,10.187
irl,sex_m,ocu_isco08_5,2014,9.565
irl,sex_m,ocu_isco08_5,2015,3.114
irl,sex_m,ocu_isco08_5,2016,7.166
irl,sex_m,ocu_isco08_5,2017,5.549
irl,sex_m,ocu_isco08_5,2018,5.73
irl,sex_m,ocu_isco08_5,2019,6.305
irl,sex_m,ocu_isco08_5,2020,4.907
irl,sex_m,ocu_isco08_5,2021,2.666
irl,sex_m,ocu_isco08_5,2022,8.134
irl,sex_m,ocu_isco08_5,2023,6.092
irl,sex_m,ocu_isco08_6,2011,2.584
irl,sex_m,ocu_isco08_6,2014,5.258
irl,sex_m,ocu_isco08_6,2015,3.382
irl,sex_m,ocu_isco08_6,2016,4.012
irl,sex_m,ocu_isco08_6,2017,3.201
irl,sex_m,ocu_isco08_6,2018,2.1
irl,sex_m,ocu_isco08_6,2019,1.856
irl,sex_m,ocu_isco08_6,2020,3.731
irl,sex_m,ocu_isco08_6,2021,3.149
irl,sex_m,ocu_isco08_6,2022,4.399
irl,sex_m,ocu_isco08_6,2023,10.859
irl,sex_m,ocu_isco08_7,2011,4.709
irl,sex_m,ocu_isco08_7,2014,6.179
irl,sex_m,ocu_isco08_7,2020,2.023
irl,sex_m,ocu_isco08_8,2012,4.726
irl,sex_m,ocu_isco08_8,2013,3.503
irl,sex_m,ocu_isco08_8,2014,2.74
irl,sex_m,ocu_isco08_8,2016,2.626
irl,sex_m,ocu_isco08_8,2022,2.37
irl,sex_m,ocu_isco08_9,2011,4.101
irl,sex_m,ocu_isco08_9,2012,1.986
irl,sex_m,ocu_isco08_9,2013,1.406
irl,sex_m,ocu_isco08_9,2014,3.398
irl,sex_m,ocu_isco08_9,2015,5.128
irl,sex_m,ocu_isco08_9,2016,3.054
irl,sex_m,ocu_isco08_9,2020,2.842
irl,sex_m,ocu_isco08_9,2021,2.722
irl,sex_m,ocu_isco08_9,2022,3.326
irl,sex_m,ocu_isco08_9,2023,5.092
irl,sex_m,ocu_isco08_total,2011,24.674
irl,sex_m,ocu_isco08_total,2012,28.159
irl,sex_m,ocu_isco08_total,2013,27.176
irl,sex_m,ocu_isco08_total,2014,39.233
irl,sex_m,ocu_isco08_total,2015,19.073
irl,sex_m,ocu_isco08_total,2016,24.634
irl,sex_m,ocu_isco08_total,2017,17.078
irl,sex_m,ocu_isco08_total,2018,12.695
irl,sex_m,ocu_isco08_total,2019,12.381
irl,sex_m,ocu_isco08_total,2020,16.186
irl,sex_m,ocu_isco08_total,2021,13.159
irl,sex_m,ocu_isco08_total,2022,26.57
irl,sex_m,ocu_isco08_total,2023,32.815
irl,sex_m,ocu_isco88_1,2007,6.395
irl,sex_m,ocu_isco88_1,2008,8.43
irl,sex_m,ocu_isco88_1,2009,10.478
irl,sex_m,ocu_isco88_1,2010,16.251
irl,sex_m,ocu_isco88_2,2007,2.645
irl,sex_m,ocu_isco88_2,2008,2.064
irl,sex_m,ocu_isco88_2,2009,2.797
irl,sex_m,ocu_isco88_2,2010,2.47
irl,sex_m,ocu_isco88_3,2007,3.258
irl,sex_m,ocu_isco88_5,2007,6.504
irl,sex_m,ocu_isco88_5,2008,9.396
irl,sex_m,ocu_isco88_5,2009,4.733
irl,sex_m,ocu_isco88_5,2010,11.052
irl,sex_m,ocu_isco88_6,2007,1.168
irl,sex_m,ocu_isco88_7,2007,10.674
irl,sex_m,ocu_isco88_7,2008,5.912
irl,sex_m,ocu_isco88_7,2009,4.83
irl,sex_m,ocu_isco88_7,2010,7.833
irl,sex_m,ocu_isco88_8,2007,1.696
irl,sex_m,ocu_isco88_8,2010,3.653
irl,sex_m,ocu_isco88_9,2007,9.628
irl,sex_m,ocu_isco88_9,2008,6.692
irl,sex_m,ocu_isco88_9,2009,6.566
irl,sex_m,ocu_isco88_9,2010,5.472
irl,sex_m,ocu_isco88_total,2007,42.535
irl,sex_m,ocu_isco88_total,2008,37.737
irl,sex_m,ocu_isco88_total,2009,32.495
irl,sex_m,ocu_isco88_total,2010,51.558
irl,sex_m,ocu_skill_l1,2007,9.628
irl,sex_m,ocu_skill_l1,2008,6.692
irl,sex_m,ocu_skill_l1,2009,6.566
irl,sex_m,ocu_skill_l1,2010,5.472
irl,sex_m,ocu_skill_l1,2011,4.101
irl,sex_m,ocu_skill_l1,2012,1.986
irl,sex_m,ocu_skill_l1,2013,1.406
irl,sex_m,ocu_skill_l1,2014,3.398
irl,sex_m,ocu_skill_l1,2015,5.128
irl,sex_m,ocu_skill_l1,2016,3.054
irl,sex_m,ocu_skill_l1,2020,2.842
irl,sex_m,ocu_skill_l1,2021,2.722
irl,sex_m,ocu_skill_l1,2022,3.326
irl,sex_m,ocu_skill_l1,2023,5.092
irl,sex_m,ocu_skill_l2,2007,20.609
irl,sex_m,ocu_skill_l2,2008,19.429
irl,sex_m,ocu_skill_l2,2009,12.253
irl,sex_m,ocu_skill_l2,2010,23.177
irl,sex_m,ocu_skill_l2,2011,14.728
irl,sex_m,ocu_skill_l2,2012,14.243
irl,sex_m,ocu_skill_l2,2013,15.728
irl,sex_m,ocu_skill_l2,2014,24.834
irl,sex_m,ocu_skill_l2,2015,9.512
irl,sex_m,ocu_skill_l2,2016,15.957
irl,sex_m,ocu_skill_l2,2017,10.064
irl,sex_m,ocu_skill_l2,2018,10.373
irl,sex_m,ocu_skill_l2,2019,9.648
irl,sex_m,ocu_skill_l2,2020,11.223
irl,sex_m,ocu_skill_l2,2021,7.153
irl,sex_m,ocu_skill_l2,2022,16.904
irl,sex_m,ocu_skill_l2,2023,21.809
irl,sex_m,ocu_skill_l3_4,2007,12.297
irl,sex_m,ocu_skill_l3_4,2008,11.616
irl,sex_m,ocu_skill_l3_4,2009,13.676
irl,sex_m,ocu_skill_l3_4,2010,22.908
irl,sex_m,ocu_skill_l3_4,2011,5.549
irl,sex_m,ocu_skill_l3_4,2012,10.878
irl,sex_m,ocu_skill_l3_4,2013,10.042
irl,sex_m,ocu_skill_l3_4,2014,10.654
irl,sex_m,ocu_skill_l3_4,2015,4.19
irl,sex_m,ocu_skill_l3_4,2016,5.372
irl,sex_m,ocu_skill_l3_4,2017,4.233
irl,sex_m,ocu_skill_l3_4,2018,2.117
irl,sex_m,ocu_skill_l3_4,2020,2.121
irl,sex_m,ocu_skill_l3_4,2021,3.284
irl,sex_m,ocu_skill_l3_4,2022,6.34
irl,sex_m,ocu_skill_l3_4,2023,5.231
irl,sex_m,ocu_skill_total,2007,42.535
irl,sex_m,ocu_skill_total,2008,37.737
irl,sex_m,ocu_skill_total,2009,32.495
irl,sex_m,ocu_skill_total,2010,51.558
irl,sex_m,ocu_skill_total,2011,24.674
irl,sex_m,ocu_skill_total,2012,28.159
irl,sex_m,ocu_skill_total,2013,27.176
irl,sex_m,ocu_skill_total,2014,39.233
irl,sex_m,ocu_skill_total,2015,19.073
irl,sex_m,ocu_skill_total,2016,24.634
irl,sex_m,ocu_skill_total,2017,17.078
irl,sex_m,ocu_skill_total,2018,12.695
irl,sex_m,ocu_skill_total,2019,12.381
irl,sex_m,ocu_skill_total,2020,16.186
irl,sex_m,ocu_skill_total,2021,13.159
irl,sex_m,ocu_skill_total,2022,26.57
irl,sex_m,ocu_skill_total,2023,32.815
irl,sex_t,ocu_isco08_1,2011,1.558
irl,sex_t,ocu_isco08_1,2012,6.474
irl,sex_t,ocu_isco08_1,2013,4.66
irl,sex_t,ocu_isco08_1,2014,6.396
irl,sex_t,ocu_isco08_1,2015,3.853
irl,sex_t,ocu_isco08_1,2016,2.231
irl,sex_t,ocu_isco08_1,2017,1.974
irl,sex_t,ocu_isco08_1,2018,1.316
irl,sex_t,ocu_isco08_1,2020,1.71
irl,sex_t,ocu_isco08_1,2021,3.072
irl,sex_t,ocu_isco08_1,2022,2.438
irl,sex_t,ocu_isco08_1,2023,2.194
irl,sex_t,ocu_isco08_2,2011,7.146
irl,sex_t,ocu_isco08_2,2012,7.501
irl,sex_t,ocu_isco08_2,2013,5.254
irl,sex_t,ocu_isco08_2,2014,6.924
irl,sex_t,ocu_isco08_2,2015,3.655
irl,sex_t,ocu_isco08_2,2016,3.861
irl,sex_t,ocu_isco08_2,2017,3.711
irl,sex_t,ocu_isco08_2,2018,3.35
irl,sex_t,ocu_isco08_2,2021,1.985
irl,sex_t,ocu_isco08_2,2022,2.789
irl,sex_t,ocu_isco08_2,2023,2.561
irl,sex_t,ocu_isco08_3,2012,5.946
irl,sex_t,ocu_isco08_3,2013,5.457
irl,sex_t,ocu_isco08_3,2014,5.765
irl,sex_t,ocu_isco08_3,2015,2.337
irl,sex_t,ocu_isco08_3,2016,1.746
irl,sex_t,ocu_isco08_3,2018,2.03
irl,sex_t,ocu_isco08_3,2022,2.084
irl,sex_t,ocu_isco08_3,2023,2.446
irl,sex_t,ocu_isco08_4,2012,2.252
irl,sex_t,ocu_isco08_4,2013,3.585
irl,sex_t,ocu_isco08_4,2014,3.903
irl,sex_t,ocu_isco08_4,2015,1.737
irl,sex_t,ocu_isco08_4,2016,0.977
irl,sex_t,ocu_isco08_4,2017,2.881
irl,sex_t,ocu_isco08_4,2018,4.427
irl,sex_t,ocu_isco08_4,2020,2.756
irl,sex_t,ocu_isco08_4,2022,6.235
irl,sex_t,ocu_isco08_5,2011,19.364
irl,sex_t,ocu_isco08_5,2012,9.39
irl,sex_t,ocu_isco08_5,2013,11.981
irl,sex_t,ocu_isco08_5,2014,19.043
irl,sex_t,ocu_isco08_5,2015,13.209
irl,sex_t,ocu_isco08_5,2016,18.989
irl,sex_t,ocu_isco08_5,2017,18.37
irl,sex_t,ocu_isco08_5,2018,23.557
irl,sex_t,ocu_isco08_5,2019,11.071
irl,sex_t,ocu_isco08_5,2020,9.99
irl,sex_t,ocu_isco08_5,2021,3.115
irl,sex_t,ocu_isco08_5,2022,9.222
irl,sex_t,ocu_isco08_5,2023,15.342
irl,sex_t,ocu_isco08_6,2011,2.584
irl,sex_t,ocu_isco08_6,2012,5.116
irl,sex_t,ocu_isco08_6,2013,4.247
irl,sex_t,ocu_isco08_6,2014,5.541
irl,sex_t,ocu_isco08_6,2015,4.047
irl,sex_t,ocu_isco08_6,2016,4.367
irl,sex_t,ocu_isco08_6,2017,5.027
irl,sex_t,ocu_isco08_6,2018,2.408
irl,sex_t,ocu_isco08_6,2019,2.248
irl,sex_t,ocu_isco08_6,2020,5.014
irl,sex_t,ocu_isco08_6,2021,4.658
irl,sex_t,ocu_isco08_6,2022,6.566
irl,sex_t,ocu_isco08_6,2023,10.974
irl,sex_t,ocu_isco08_7,2011,4.881
irl,sex_t,ocu_isco08_7,2012,2.645
irl,sex_t,ocu_isco08_7,2014,7.215
irl,sex_t,ocu_isco08_7,2015,1.705
irl,sex_t,ocu_isco08_7,2016,2.428
irl,sex_t,ocu_isco08_7,2017,1.234
irl,sex_t,ocu_isco08_7,2020,2.429
irl,sex_t,ocu_isco08_7,2021,3.234
irl,sex_t,ocu_isco08_7,2023,4.808
irl,sex_t,ocu_isco08_8,2012,4.726
irl,sex_t,ocu_isco08_8,2013,3.503
irl,sex_t,ocu_isco08_8,2014,3.575
irl,sex_t,ocu_isco08_8,2016,2.851
irl,sex_t,ocu_isco08_8,2022,2.37
irl,sex_t,ocu_isco08_9,2011,4.483
irl,sex_t,ocu_isco08_9,2012,6.726
irl,sex_t,ocu_isco08_9,2013,4.179
irl,sex_t,ocu_isco08_9,2014,5.136
irl,sex_t,ocu_isco08_9,2015,5.871
irl,sex_t,ocu_isco08_9,2016,3.966
irl,sex_t,ocu_isco08_9,2017,3.894
irl,sex_t,ocu_isco08_9,2019,1.684
irl,sex_t,ocu_isco08_9,2020,4.502
irl,sex_t,ocu_isco08_9,2021,3.205
irl,sex_t,ocu_isco08_9,2022,7.451
irl,sex_t,ocu_isco08_9,2023,6.992
irl,sex_t,ocu_isco08_total,2011,43.467
irl,sex_t,ocu_isco08_total,2012,51.827
irl,sex_t,ocu_isco08_total,2013,44.582
irl,sex_t,ocu_isco08_total,2014,63.844
irl,sex_t,ocu_isco08_total,2015,38.105
irl,sex_t,ocu_isco08_total,2016,42.157
irl,sex_t,ocu_isco08_total,2017,38.697
irl,sex_t,ocu_isco08_total,2018,40.351
irl,sex_t,ocu_isco08_total,2019,19.363
irl,sex_t,ocu_isco08_total,2020,28.406
irl,sex_t,ocu_isco08_total,2021,23.052
irl,sex_t,ocu_isco08_total,2022,41.308
irl,sex_t,ocu_isco08_total,2023,48.365
irl,sex_t,ocu_isco88_1,2007,8.347
irl,sex_t,ocu_isco88_1,2008,12.597
irl,sex_t,ocu_isco88_1,2009,13.518
irl,sex_t,ocu_isco88_1,2010,20.589
irl,sex_t,ocu_isco88_2,2007,5.599
irl,sex_t,ocu_isco88_2,2008,4.379
irl,sex_t,ocu_isco88_2,2009,7.54
irl,sex_t,ocu_isco88_2,2010,5.46
irl,sex_t,ocu_isco88_3,2007,4.141
irl,sex_t,ocu_isco88_3,2008,2.618
irl,sex_t,ocu_isco88_3,2009,1.916
irl,sex_t,ocu_isco88_3,2010,4.983
irl,sex_t,ocu_isco88_4,2007,7.958
irl,sex_t,ocu_isco88_4,2008,6.989
irl,sex_t,ocu_isco88_4,2009,4.339
irl,sex_t,ocu_isco88_4,2010,2.243
irl,sex_t,ocu_isco88_5,2007,29.811
irl,sex_t,ocu_isco88_5,2008,28.629
irl,sex_t,ocu_isco88_5,2009,11.576
irl,sex_t,ocu_isco88_5,2010,30.728
irl,sex_t,ocu_isco88_6,2007,1.168
irl,sex_t,ocu_isco88_7,2007,12.17
irl,sex_t,ocu_isco88_7,2008,7.235
irl,sex_t,ocu_isco88_7,2009,6.276
irl,sex_t,ocu_isco88_7,2010,10.853
irl,sex_t,ocu_isco88_8,2007,2.096
irl,sex_t,ocu_isco88_8,2009,1.12
irl,sex_t,ocu_isco88_8,2010,3.692
irl,sex_t,ocu_isco88_9,2007,19.379
irl,sex_t,ocu_isco88_9,2008,11.173
irl,sex_t,ocu_isco88_9,2009,8.148
irl,sex_t,ocu_isco88_9,2010,7.518
irl,sex_t,ocu_isco88_total,2007,90.962
irl,sex_t,ocu_isco88_total,2008,75.856
irl,sex_t,ocu_isco88_total,2009,56.871
irl,sex_t,ocu_isco88_total,2010,86.665
irl,sex_t,ocu_skill_l1,2007,19.379
irl,sex_t,ocu_skill_l1,2008,11.173
irl,sex_t,ocu_skill_l1,2009,8.148
irl,sex_t,ocu_skill_l1,2010,7.518
irl,sex_t,ocu_skill_l1,2011,4.483
irl,sex_t,ocu_skill_l1,2012,6.726
irl,sex_t,ocu_skill_l1,2013,4.179
irl,sex_t,ocu_skill_l1,2014,5.136
irl,sex_t,ocu_skill_l1,2015,5.871
irl,sex_t,ocu_skill_l1,2016,3.966
irl,sex_t,ocu_skill_l1,2017,3.894
irl,sex_t,ocu_skill_l1,2019,1.684
irl,sex_t,ocu_skill_l1,2020,4.502
irl,sex_t,ocu_skill_l1,2021,3.205
irl,sex_t,ocu_skill_l1,2022,7.451
irl,sex_t,ocu_skill_l1,2023,6.992
irl,sex_t,ocu_skill_l2,2007,53.203
irl,sex_t,ocu_skill_l2,2008,44.709
irl,sex_t,ocu_skill_l2,2009,24.014
irl,sex_t,ocu_skill_l2,2010,47.85
irl,sex_t,ocu_skill_l2,2011,27.23
irl,sex_t,ocu_skill_l2,2012,24.129
irl,sex_t,ocu_skill_l2,2013,25.032
irl,sex_t,ocu_skill_l2,2014,39.276
irl,sex_t,ocu_skill_l2,2015,21.885
irl,sex_t,ocu_skill_l2,2016,29.612
irl,sex_t,ocu_skill_l2,2017,27.886
irl,sex_t,ocu_skill_l2,2018,32.937
irl,sex_t,ocu_skill_l2,2019,15.59
irl,sex_t,ocu_skill_l2,2020,20.355
irl,sex_t,ocu_skill_l2,2021,14.087
irl,sex_t,ocu_skill_l2,2022,26.546
irl,sex_t,ocu_skill_l2,2023,33.49
irl,sex_t,ocu_skill_l3_4,2007,18.087
irl,sex_t,ocu_skill_l3_4,2008,19.594
irl,sex_t,ocu_skill_l3_4,2009,22.974
irl,sex_t,ocu_skill_l3_4,2010,31.032
irl,sex_t,ocu_skill_l3_4,2011,11.457
irl,sex_t,ocu_skill_l3_4,2012,19.921
irl,sex_t,ocu_skill_l3_4,2013,15.371
irl,sex_t,ocu_skill_l3_4,2014,19.086
irl,sex_t,ocu_skill_l3_4,2015,9.845
irl,sex_t,ocu_skill_l3_4,2016,7.837
irl,sex_t,ocu_skill_l3_4,2017,6.639
irl,sex_t,ocu_skill_l3_4,2018,6.697
irl,sex_t,ocu_skill_l3_4,2019,2.089
irl,sex_t,ocu_skill_l3_4,2020,3.549
irl,sex_t,ocu_skill_l3_4,2021,5.759
irl,sex_t,ocu_skill_l3_4,2022,7.311
irl,sex_t,ocu_skill_l3_4,2023,7.2
irl,sex_t,ocu_skill_total,2007,90.962
irl,sex_t,ocu_skill_total,2008,75.856
irl,sex_t,ocu_skill_total,2009,56.871
irl,sex_t,ocu_skill_total,2010,86.665
irl,sex_t,ocu_skill_total,2011,43.467
irl,sex_t,ocu_skill_total,2012,51.827
irl,sex_t,ocu_skill_total,2013,44.582
irl,sex_t,ocu_skill_total,2014,63.844
irl,sex_t,ocu_skill_total,2015,38.105
irl,sex_t,ocu_skill_total,2016,42.157
irl,sex_t,ocu_skill_total,2017,38.697
irl,sex_t,ocu_skill_total,2018,40.351
irl,sex_t,ocu_skill_total,2019,19.363
irl,sex_t,ocu_skill_total,2020,28.406
irl,sex_t,ocu_skill_total,2021,23.052
irl,sex_t,ocu_skill_total,2022,41.308
irl,sex_t,ocu_skill_total,2023,48.365
irq,sex_f,ocu_isco08_2,2021,134.133
irq,sex_f,ocu_isco08_3,2021,12.677
irq,sex_f,ocu_isco08_4,2021,10.977
irq,sex_f,ocu_isco08_5,2021,49.173
irq,sex_f,ocu_isco08_6,2021,159.87
irq,sex_f,ocu_isco08_7,2021,53.65
irq,sex_f,ocu_isco08_9,2021,14.222
irq,sex_f,ocu_isco08_total,2021,455.019
irq,sex_f,ocu_isco08_x,2021,14.702
irq,sex_f,ocu_skill_l1,2021,14.222
irq,sex_f,ocu_skill_l2,2021,274.327
irq,sex_f,ocu_skill_l3_4,2021,147.879
irq,sex_f,ocu_skill_total,2021,455.019
irq,sex_f,ocu_skill_x,2021,18.591
irq,sex_m,ocu_isco08_0,2021,49.34
irq,sex_m,ocu_isco08_1,2021,29.591
irq,sex_m,ocu_isco08_2,2021,208.757
irq,sex_m,ocu_isco08_3,2021,245.151
irq,sex_m,ocu_isco08_4,2021,51.697
irq,sex_m,ocu_isco08_5,2021,1258.658
irq,sex_m,ocu_isco08_6,2021,559.762
irq,sex_m,ocu_isco08_7,2021,1682.411
irq,sex_m,ocu_isco08_8,2021,775.897
irq,sex_m,ocu_isco08_9,2021,398.459
irq,sex_m,ocu_isco08_total,2021,5412.6
irq,sex_m,ocu_isco08_x,2021,152.879
irq,sex_m,ocu_skill_l1,2021,398.459
irq,sex_m,ocu_skill_l2,2021,4328.425
irq,sex_m,ocu_skill_l3_4,2021,483.498
irq,sex_m,ocu_skill_total,2021,5412.6
irq,sex_m,ocu_skill_x,2021,202.218
irq,sex_t,ocu_isco08_0,2021,53.228
irq,sex_t,ocu_isco08_1,2021,30.66
irq,sex_t,ocu_isco08_2,2021,342.889
irq,sex_t,ocu_isco08_3,2021,257.828
irq,sex_t,ocu_isco08_4,2021,62.675
irq,sex_t,ocu_isco08_5,2021,1307.831
irq,sex_t,ocu_isco08_6,2021,719.632
irq,sex_t,ocu_isco08_7,2021,1736.061
irq,sex_t,ocu_isco08_8,2021,776.554
irq,sex_t,ocu_isco08_9,2021,412.68
irq,sex_t,ocu_isco08_total,2021,5867.619
irq,sex_t,ocu_isco08_x,2021,167.58
irq,sex_t,ocu_skill_l1,2021,412.68
irq,sex_t,ocu_skill_l2,2021,4602.752
irq,sex_t,ocu_skill_l3_4,2021,631.377
irq,sex_t,ocu_skill_total,2021,5867.619
irq,sex_t,ocu_skill_x,2021,220.809
isl,sex_f,ocu_isco08_2,2011,0.3
isl,sex_f,ocu_isco08_2,2012,0.199
isl,sex_f,ocu_isco08_2,2017,0.278
isl,sex_f,ocu_isco08_2,2019,0.251
isl,sex_f,ocu_isco08_5,2011,1.041
isl,sex_f,ocu_isco08_5,2012,1.273
isl,sex_f,ocu_isco08_5,2017,0.375
isl,sex_f,ocu_isco08_5,2018,0.443
isl,sex_f,ocu_isco08_5,2019,0.314
isl,sex_f,ocu_isco08_9,2012,0.216
isl,sex_f,ocu_isco08_total,2011,1.697
isl,sex_f,ocu_isco08_total,2012,2.013
isl,sex_f,ocu_isco08_total,2017,0.745
isl,sex_f,ocu_isco08_total,2018,0.773
isl,sex_f,ocu_isco08_total,2019,0.958
isl,sex_f,ocu_isco88_1,2007,0.186
isl,sex_f,ocu_isco88_1,2008,0.284
isl,sex_f,ocu_isco88_2,2007,0.447
isl,sex_f,ocu_isco88_2,2008,0.412
isl,sex_f,ocu_isco88_2,2009,0.392
isl,sex_f,ocu_isco88_2,2010,0.204
isl,sex_f,ocu_isco88_3,2007,0.417
isl,sex_f,ocu_isco88_3,2008,0.279
isl,sex_f,ocu_isco88_4,2008,0.312
isl,sex_f,ocu_isco88_5,2007,0.389
isl,sex_f,ocu_isco88_5,2008,0.27
isl,sex_f,ocu_isco88_5,2009,0.36
isl,sex_f,ocu_isco88_5,2010,0.398
isl,sex_f,ocu_isco88_6,2007,0.203
isl,sex_f,ocu_isco88_9,2007,0.174
isl,sex_f,ocu_isco88_9,2008,0.179
isl,sex_f,ocu_isco88_total,2007,2.088
isl,sex_f,ocu_isco88_total,2008,2.019
isl,sex_f,ocu_isco88_total,2009,1.403
isl,sex_f,ocu_isco88_total,2010,1.023
isl,sex_f,ocu_isco88_x,2007,0.188
isl,sex_f,ocu_skill_l1,2007,0.174
isl,sex_f,ocu_skill_l1,2008,0.179
isl,sex_f,ocu_skill_l1,2012,0.216
isl,sex_f,ocu_skill_l2,2007,0.677
isl,sex_f,ocu_skill_l2,2008,0.773
isl,sex_f,ocu_skill_l2,2009,0.696
isl,sex_f,ocu_skill_l2,2010,0.474
isl,sex_f,ocu_skill_l2,2011,1.248
isl,sex_f,ocu_skill_l2,2012,1.435
isl,sex_f,ocu_skill_l2,2017,0.402
isl,sex_f,ocu_skill_l2,2018,0.508
isl,sex_f,ocu_skill_l2,2019,0.427
isl,sex_f,ocu_skill_l3_4,2007,1.049
isl,sex_f,ocu_skill_l3_4,2008,0.976
isl,sex_f,ocu_skill_l3_4,2009,0.563
isl,sex_f,ocu_skill_l3_4,2010,0.394
isl,sex_f,ocu_skill_l3_4,2011,0.356
isl,sex_f,ocu_skill_l3_4,2012,0.268
isl,sex_f,ocu_skill_l3_4,2017,0.344
isl,sex_f,ocu_skill_l3_4,2019,0.477
isl,sex_f,ocu_skill_total,2007,2.088
isl,sex_f,ocu_skill_total,2008,2.019
isl,sex_f,ocu_skill_total,2009,1.403
isl,sex_f,ocu_skill_total,2010,1.023
isl,sex_f,ocu_skill_total,2011,1.697
isl,sex_f,ocu_skill_total,2012,2.013
isl,sex_f,ocu_skill_total,2017,0.745
isl,sex_f,ocu_skill_total,2018,0.773
isl,sex_f,ocu_skill_total,2019,0.958
isl,sex_f,ocu_skill_x,2007,0.188
isl,sex_m,ocu_isco08_1,2012,0.276
isl,sex_m,ocu_isco08_2,2011,0.363
isl,sex_m,ocu_isco08_2,2012,0.409
isl,sex_m,ocu_isco08_2,2017,0.46
isl,sex_m,ocu_isco08_2,2018,0.148
isl,sex_m,ocu_isco08_2,2019,0.177
isl,sex_m,ocu_isco08_3,2017,0.087
isl,sex_m,ocu_isco08_5,2011,0.295
isl,sex_m,ocu_isco08_5,2012,0.39
isl,sex_m,ocu_isco08_6,2011,0.155
isl,sex_m,ocu_isco08_6,2012,0.204
isl,sex_m,ocu_isco08_6,2017,0.114
isl,sex_m,ocu_isco08_6,2018,0.161
isl,sex_m,ocu_isco08_6,2019,0.299
isl,sex_m,ocu_isco08_7,2011,0.121
isl,sex_m,ocu_isco08_7,2012,0.183
isl,sex_m,ocu_isco08_9,2012,0.126
isl,sex_m,ocu_isco08_total,2011,1.164
isl,sex_m,ocu_isco08_total,2012,1.839
isl,sex_m,ocu_isco08_total,2017,0.888
isl,sex_m,ocu_isco08_total,2018,0.654
isl,sex_m,ocu_isco08_total,2019,1.323
isl,sex_m,ocu_isco88_1,2007,0.367
isl,sex_m,ocu_isco88_1,2008,0.334
isl,sex_m,ocu_isco88_1,2009,0.201
isl,sex_m,ocu_isco88_1,2010,0.277
isl,sex_m,ocu_isco88_2,2007,0.465
isl,sex_m,ocu_isco88_2,2008,0.359
isl,sex_m,ocu_isco88_2,2009,0.242
isl,sex_m,ocu_isco88_2,2010,0.308
isl,sex_m,ocu_isco88_3,2007,0.321
isl,sex_m,ocu_isco88_3,2008,0.306
isl,sex_m,ocu_isco88_3,2009,0.336
isl,sex_m,ocu_isco88_3,2010,0.271
isl,sex_m,ocu_isco88_4,2007,0.128
isl,sex_m,ocu_isco88_5,2007,0.225
isl,sex_m,ocu_isco88_5,2008,0.344
isl,sex_m,ocu_isco88_6,2007,0.185
isl,sex_m,ocu_isco88_6,2009,0.32
isl,sex_m,ocu_isco88_7,2007,0.356
isl,sex_m,ocu_isco88_7,2008,0.206
isl,sex_m,ocu_isco88_7,2010,0.41
isl,sex_m,ocu_isco88_8,2007,0.127
isl,sex_m,ocu_isco88_8,2009,0.128
isl,sex_m,ocu_isco88_9,2007,0.149
isl,sex_m,ocu_isco88_9,2008,0.166
isl,sex_m,ocu_isco88_total,2007,2.695
isl,sex_m,ocu_isco88_total,2008,2.224
isl,sex_m,ocu_isco88_total,2009,1.652
isl,sex_m,ocu_isco88_total,2010,1.616
isl,sex_m,ocu_isco88_x,2007,0.372
isl,sex_m,ocu_isco88_x,2008,0.342
isl,sex_m,ocu_skill_l1,2007,0.149
isl,sex_m,ocu_skill_l1,2008,0.166
isl,sex_m,ocu_skill_l1,2012,0.126
isl,sex_m,ocu_skill_l2,2007,1.021
isl,sex_m,ocu_skill_l2,2008,0.717
isl,sex_m,ocu_skill_l2,2009,0.796
isl,sex_m,ocu_skill_l2,2010,0.636
isl,sex_m,ocu_skill_l2,2011,0.637
isl,sex_m,ocu_skill_l2,2012,0.854
isl,sex_m,ocu_skill_l2,2017,0.263
isl,sex_m,ocu_skill_l2,2018,0.322
isl,sex_m,ocu_skill_l2,2019,0.773
isl,sex_m,ocu_skill_l3_4,2007,1.153
isl,sex_m,ocu_skill_l3_4,2008,0.999
isl,sex_m,ocu_skill_l3_4,2009,0.779
isl,sex_m,ocu_skill_l3_4,2010,0.856
isl,sex_m,ocu_skill_l3_4,2011,0.527
isl,sex_m,ocu_skill_l3_4,2012,0.813
isl,sex_m,ocu_skill_l3_4,2017,0.605
isl,sex_m,ocu_skill_l3_4,2018,0.243
isl,sex_m,ocu_skill_l3_4,2019,0.333
isl,sex_m,ocu_skill_total,2007,2.695
isl,sex_m,ocu_skill_total,2008,2.224
isl,sex_m,ocu_skill_total,2009,1.652
isl,sex_m,ocu_skill_total,2010,1.616
isl,sex_m,ocu_skill_total,2011,1.164
isl,sex_m,ocu_skill_total,2012,1.839
isl,sex_m,ocu_skill_total,2017,0.888
isl,sex_m,ocu_skill_total,2018,0.654
isl,sex_m,ocu_skill_total,2019,1.323
isl,sex_m,ocu_skill_x,2007,0.372
isl,sex_m,ocu_skill_x,2008,0.342
isl,sex_t,ocu_isco08_1,2012,0.299
isl,sex_t,ocu_isco08_2,2011,0.663
isl,sex_t,ocu_isco08_2,2012,0.609
isl,sex_t,ocu_isco08_2,2017,0.738
isl,sex_t,ocu_isco08_2,2018,0.188
isl,sex_t,ocu_isco08_2,2019,0.428
isl,sex_t,ocu_isco08_3,2011,0.195
isl,sex_t,ocu_isco08_3,2012,0.174
isl,sex_t,ocu_isco08_3,2017,0.131
isl,sex_t,ocu_isco08_4,2012,0.163
isl,sex_t,ocu_isco08_5,2011,1.337
isl,sex_t,ocu_isco08_5,2012,1.663
isl,sex_t,ocu_isco08_5,2017,0.418
isl,sex_t,ocu_isco08_5,2018,0.47
isl,sex_t,ocu_isco08_5,2019,0.409
isl,sex_t,ocu_isco08_6,2011,0.258
isl,sex_t,ocu_isco08_6,2012,0.265
isl,sex_t,ocu_isco08_6,2017,0.114
isl,sex_t,ocu_isco08_6,2018,0.169
isl,sex_t,ocu_isco08_6,2019,0.299
isl,sex_t,ocu_isco08_7,2011,0.155
isl,sex_t,ocu_isco08_7,2012,0.183
isl,sex_t,ocu_isco08_9,2012,0.342
isl,sex_t,ocu_isco08_total,2011,2.861
isl,sex_t,ocu_isco08_total,2012,3.852
isl,sex_t,ocu_isco08_total,2017,1.634
isl,sex_t,ocu_isco08_total,2018,1.428
isl,sex_t,ocu_isco08_total,2019,2.282
isl,sex_t,ocu_isco08_x,2012,0.14
isl,sex_t,ocu_isco08_x,2019,0.177
isl,sex_t,ocu_isco88_1,2007,0.553
isl,sex_t,ocu_isco88_1,2008,0.618
isl,sex_t,ocu_isco88_1,2009,0.342
isl,sex_t,ocu_isco88_1,2010,0.359
isl,sex_t,ocu_isco88_2,2007,0.912
isl,sex_t,ocu_isco88_2,2008,0.772
isl,sex_t,ocu_isco88_2,2009,0.634
isl,sex_t,ocu_isco88_2,2010,0.511
isl,sex_t,ocu_isco88_3,2007,0.738
isl,sex_t,ocu_isco88_3,2008,0.586
isl,sex_t,ocu_isco88_3,2009,0.366
isl,sex_t,ocu_isco88_3,2010,0.38
isl,sex_t,ocu_isco88_4,2007,0.213
isl,sex_t,ocu_isco88_4,2008,0.365
isl,sex_t,ocu_isco88_5,2007,0.614
isl,sex_t,ocu_isco88_5,2008,0.615
isl,sex_t,ocu_isco88_5,2009,0.414
isl,sex_t,ocu_isco88_5,2010,0.477
isl,sex_t,ocu_isco88_6,2007,0.388
isl,sex_t,ocu_isco88_6,2008,0.142
isl,sex_t,ocu_isco88_6,2009,0.408
isl,sex_t,ocu_isco88_6,2010,0.16
isl,sex_t,ocu_isco88_7,2007,0.356
isl,sex_t,ocu_isco88_7,2008,0.324
isl,sex_t,ocu_isco88_7,2009,0.387
isl,sex_t,ocu_isco88_7,2010,0.41
isl,sex_t,ocu_isco88_8,2007,0.127
isl,sex_t,ocu_isco88_8,2009,0.168
isl,sex_t,ocu_isco88_9,2007,0.323
isl,sex_t,ocu_isco88_9,2008,0.344
isl,sex_t,ocu_isco88_9,2009,0.165
isl,sex_t,ocu_isco88_9,2010,0.254
isl,sex_t,ocu_isco88_total,2007,4.783
isl,sex_t,ocu_isco88_total,2008,4.243
isl,sex_t,ocu_isco88_total,2009,3.055
isl,sex_t,ocu_isco88_total,2010,2.639
isl,sex_t,ocu_isco88_x,2007,0.559
isl,sex_t,ocu_isco88_x,2008,0.434
isl,sex_t,ocu_skill_l1,2007,0.323
isl,sex_t,ocu_skill_l1,2008,0.344
isl,sex_t,ocu_skill_l1,2009,0.165
isl,sex_t,ocu_skill_l1,2010,0.254
isl,sex_t,ocu_skill_l1,2012,0.342
isl,sex_t,ocu_skill_l2,2007,1.698
isl,sex_t,ocu_skill_l2,2008,1.49
isl,sex_t,ocu_skill_l2,2009,1.493
isl,sex_t,ocu_skill_l2,2010,1.11
isl,sex_t,ocu_skill_l2,2011,1.885
isl,sex_t,ocu_skill_l2,2012,2.289
isl,sex_t,ocu_skill_l2,2017,0.664
isl,sex_t,ocu_skill_l2,2018,0.83
isl,sex_t,ocu_skill_l2,2019,1.2
isl,sex_t,ocu_skill_l3_4,2007,2.203
isl,sex_t,ocu_skill_l3_4,2008,1.975
isl,sex_t,ocu_skill_l3_4,2009,1.342
isl,sex_t,ocu_skill_l3_4,2010,1.25
isl,sex_t,ocu_skill_l3_4,2011,0.883
isl,sex_t,ocu_skill_l3_4,2012,1.081
isl,sex_t,ocu_skill_l3_4,2017,0.948
isl,sex_t,ocu_skill_l3_4,2018,0.329
isl,sex_t,ocu_skill_l3_4,2019,0.809
isl,sex_t,ocu_skill_total,2007,4.783
isl,sex_t,ocu_skill_total,2008,4.243
isl,sex_t,ocu_skill_total,2009,3.055
isl,sex_t,ocu_skill_total,2010,2.639
isl,sex_t,ocu_skill_total,2011,2.861
isl,sex_t,ocu_skill_total,2012,3.852
isl,sex_t,ocu_skill_total,2017,1.634
isl,sex_t,ocu_skill_total,2018,1.428
isl,sex_t,ocu_skill_total,2019,2.282
isl,sex_t,ocu_skill_x,2007,0.559
isl,sex_t,ocu_skill_x,2008,0.434
isl,sex_t,ocu_skill_x,2012,0.14
isl,sex_t,ocu_skill_x,2019,0.177
ita,sex_f,ocu_isco08_1,2011,38.063
ita,sex_f,ocu_isco08_1,2012,34.41
ita,sex_f,ocu_isco08_1,2013,40.125
ita,sex_f,ocu_isco08_1,2014,29.035
ita,sex_f,ocu_isco08_1,2015,30.018
ita,sex_f,ocu_isco08_1,2016,29.715
ita,sex_f,ocu_isco08_1,2017,27.949
ita,sex_f,ocu_isco08_1,2018,16.646
ita,sex_f,ocu_isco08_1,2019,30.845
ita,sex_f,ocu_isco08_1,2020,7.851
ita,sex_f,ocu_isco08_1,2021,16.382
ita,sex_f,ocu_isco08_1,2022,10.422
ita,sex_f,ocu_isco08_1,2023,13.003
ita,sex_f,ocu_isco08_2,2011,33.915
ita,sex_f,ocu_isco08_2,2012,38.519
ita,sex_f,ocu_isco08_2,2013,38.778
ita,sex_f,ocu_isco08_2,2014,37.025
ita,sex_f,ocu_isco08_2,2015,39.597
ita,sex_f,ocu_isco08_2,2016,24.104
ita,sex_f,ocu_isco08_2,2017,50.173
ita,sex_f,ocu_isco08_2,2018,64.115
ita,sex_f,ocu_isco08_2,2019,76.777
ita,sex_f,ocu_isco08_2,2020,77.619
ita,sex_f,ocu_isco08_2,2021,46.832
ita,sex_f,ocu_isco08_2,2022,41.56
ita,sex_f,ocu_isco08_2,2023,64.642
ita,sex_f,ocu_isco08_3,2011,66.528
ita,sex_f,ocu_isco08_3,2012,44.805
ita,sex_f,ocu_isco08_3,2013,27.331
ita,sex_f,ocu_isco08_3,2014,39.956
ita,sex_f,ocu_isco08_3,2015,38.031
ita,sex_f,ocu_isco08_3,2016,30.754
ita,sex_f,ocu_isco08_3,2017,27.417
ita,sex_f,ocu_isco08_3,2018,48.528
ita,sex_f,ocu_isco08_3,2019,38.124
ita,sex_f,ocu_isco08_3,2020,99.107
ita,sex_f,ocu_isco08_3,2021,75.084
ita,sex_f,ocu_isco08_3,2022,33.24
ita,sex_f,ocu_isco08_3,2023,22.735
ita,sex_f,ocu_isco08_4,2011,59.093
ita,sex_f,ocu_isco08_4,2012,58.52
ita,sex_f,ocu_isco08_4,2013,44.269
ita,sex_f,ocu_isco08_4,2014,48.178
ita,sex_f,ocu_isco08_4,2015,45.503
ita,sex_f,ocu_isco08_4,2016,41.953
ita,sex_f,ocu_isco08_4,2017,44.745
ita,sex_f,ocu_isco08_4,2018,55.717
ita,sex_f,ocu_isco08_4,2019,55.941
ita,sex_f,ocu_isco08_4,2020,42.455
ita,sex_f,ocu_isco08_4,2021,33.174
ita,sex_f,ocu_isco08_4,2022,45.568
ita,sex_f,ocu_isco08_4,2023,31.27
ita,sex_f,ocu_isco08_5,2011,196.861
ita,sex_f,ocu_isco08_5,2012,217.558
ita,sex_f,ocu_isco08_5,2013,267.269
ita,sex_f,ocu_isco08_5,2014,198.375
ita,sex_f,ocu_isco08_5,2015,229.331
ita,sex_f,ocu_isco08_5,2016,248.76
ita,sex_f,ocu_isco08_5,2017,218.782
ita,sex_f,ocu_isco08_5,2018,255.967
ita,sex_f,ocu_isco08_5,2019,252.401
ita,sex_f,ocu_isco08_5,2020,197.981
ita,sex_f,ocu_isco08_5,2021,208.65
ita,sex_f,ocu_isco08_5,2022,170.94
ita,sex_f,ocu_isco08_5,2023,210.591
ita,sex_f,ocu_isco08_6,2011,24.858
ita,sex_f,ocu_isco08_6,2012,40.357
ita,sex_f,ocu_isco08_6,2013,27.771
ita,sex_f,ocu_isco08_6,2014,28.135
ita,sex_f,ocu_isco08_6,2015,31.134
ita,sex_f,ocu_isco08_6,2016,23.34
ita,sex_f,ocu_isco08_6,2017,18.058
ita,sex_f,ocu_isco08_6,2018,33.423
ita,sex_f,ocu_isco08_6,2019,24.758
ita,sex_f,ocu_isco08_6,2020,17.004
ita,sex_f,ocu_isco08_6,2021,13.897
ita,sex_f,ocu_isco08_6,2022,17.548
ita,sex_f,ocu_isco08_6,2023,15.893
ita,sex_f,ocu_isco08_7,2011,24.052
ita,sex_f,ocu_isco08_7,2012,21.851
ita,sex_f,ocu_isco08_7,2013,6.268
ita,sex_f,ocu_isco08_7,2014,20.996
ita,sex_f,ocu_isco08_7,2015,17.581
ita,sex_f,ocu_isco08_7,2016,31.653
ita,sex_f,ocu_isco08_7,2017,26.702
ita,sex_f,ocu_isco08_7,2018,13.495
ita,sex_f,ocu_isco08_7,2019,28.971
ita,sex_f,ocu_isco08_7,2020,23.9
ita,sex_f,ocu_isco08_7,2021,19.597
ita,sex_f,ocu_isco08_7,2022,8.534
ita,sex_f,ocu_isco08_7,2023,11.799
ita,sex_f,ocu_isco08_8,2011,8.043
ita,sex_f,ocu_isco08_8,2012,7.43
ita,sex_f,ocu_isco08_8,2014,14.433
ita,sex_f,ocu_isco08_8,2016,2.963
ita,sex_f,ocu_isco08_8,2017,9.81
ita,sex_f,ocu_isco08_8,2018,3.46
ita,sex_f,ocu_isco08_8,2019,15.421
ita,sex_f,ocu_isco08_8,2021,17.273
ita,sex_f,ocu_isco08_9,2011,76.761
ita,sex_f,ocu_isco08_9,2012,77.492
ita,sex_f,ocu_isco08_9,2013,52.684
ita,sex_f,ocu_isco08_9,2014,80.002
ita,sex_f,ocu_isco08_9,2015,90.38
ita,sex_f,ocu_isco08_9,2016,86.197
ita,sex_f,ocu_isco08_9,2017,73.739
ita,sex_f,ocu_isco08_9,2018,96.006
ita,sex_f,ocu_isco08_9,2019,93.073
ita,sex_f,ocu_isco08_9,2020,106.953
ita,sex_f,ocu_isco08_9,2021,109.001
ita,sex_f,ocu_isco08_9,2022,87.612
ita,sex_f,ocu_isco08_9,2023,62.435
ita,sex_f,ocu_isco08_total,2011,529.27
ita,sex_f,ocu_isco08_total,2012,543.833
ita,sex_f,ocu_isco08_total,2013,507.714
ita,sex_f,ocu_isco08_total,2014,496.135
ita,sex_f,ocu_isco08_total,2015,528.233
ita,sex_f,ocu_isco08_total,2016,519.439
ita,sex_f,ocu_isco08_total,2017,497.432
ita,sex_f,ocu_isco08_total,2018,587.357
ita,sex_f,ocu_isco08_total,2019,616.312
ita,sex_f,ocu_isco08_total,2020,578.797
ita,sex_f,ocu_isco08_total,2021,539.89
ita,sex_f,ocu_isco08_total,2022,419.697
ita,sex_f,ocu_isco08_total,2023,437.6
ita,sex_f,ocu_isco88_1,2007,56.561
ita,sex_f,ocu_isco88_1,2008,73.024
ita,sex_f,ocu_isco88_1,2009,54.648
ita,sex_f,ocu_isco88_1,2010,65.895
ita,sex_f,ocu_isco88_2,2007,23.485
ita,sex_f,ocu_isco88_2,2008,25.875
ita,sex_f,ocu_isco88_2,2009,30.363
ita,sex_f,ocu_isco88_2,2010,28.51
ita,sex_f,ocu_isco88_3,2007,46.362
ita,sex_f,ocu_isco88_3,2008,29.91
ita,sex_f,ocu_isco88_3,2009,41.684
ita,sex_f,ocu_isco88_3,2010,33.095
ita,sex_f,ocu_isco88_4,2007,33.636
ita,sex_f,ocu_isco88_4,2008,38.378
ita,sex_f,ocu_isco88_4,2009,31.743
ita,sex_f,ocu_isco88_4,2010,30.519
ita,sex_f,ocu_isco88_5,2007,79.652
ita,sex_f,ocu_isco88_5,2008,82.281
ita,sex_f,ocu_isco88_5,2009,62.841
ita,sex_f,ocu_isco88_5,2010,76.162
ita,sex_f,ocu_isco88_6,2007,34.54
ita,sex_f,ocu_isco88_6,2008,33.614
ita,sex_f,ocu_isco88_6,2009,30.101
ita,sex_f,ocu_isco88_6,2010,32.965
ita,sex_f,ocu_isco88_7,2007,28.837
ita,sex_f,ocu_isco88_7,2008,24.412
ita,sex_f,ocu_isco88_7,2009,18.619
ita,sex_f,ocu_isco88_7,2010,20.454
ita,sex_f,ocu_isco88_8,2007,11.002
ita,sex_f,ocu_isco88_8,2008,10.418
ita,sex_f,ocu_isco88_8,2009,7.478
ita,sex_f,ocu_isco88_8,2010,11.249
ita,sex_f,ocu_isco88_9,2007,39.183
ita,sex_f,ocu_isco88_9,2008,37.903
ita,sex_f,ocu_isco88_9,2009,50.702
ita,sex_f,ocu_isco88_9,2010,57.483
ita,sex_f,ocu_isco88_total,2007,353.259
ita,sex_f,ocu_isco88_total,2008,355.814
ita,sex_f,ocu_isco88_total,2009,328.179
ita,sex_f,ocu_isco88_total,2010,356.332
ita,sex_f,ocu_skill_l1,2007,39.183
ita,sex_f,ocu_skill_l1,2008,37.903
ita,sex_f,ocu_skill_l1,2009,50.702
ita,sex_f,ocu_skill_l1,2010,57.483
ita,sex_f,ocu_skill_l1,2011,76.761
ita,sex_f,ocu_skill_l1,2012,77.492
ita,sex_f,ocu_skill_l1,2013,52.684
ita,sex_f,ocu_skill_l1,2014,80.002
ita,sex_f,ocu_skill_l1,2015,90.38
ita,sex_f,ocu_skill_l1,2016,86.197
ita,sex_f,ocu_skill_l1,2017,73.739
ita,sex_f,ocu_skill_l1,2018,96.006
ita,sex_f,ocu_skill_l1,2019,93.073
ita,sex_f,ocu_skill_l1,2020,106.953
ita,sex_f,ocu_skill_l1,2021,109.001
ita,sex_f,ocu_skill_l1,2022,87.612
ita,sex_f,ocu_skill_l1,2023,62.435
ita,sex_f,ocu_skill_l2,2007,187.667
ita,sex_f,ocu_skill_l2,2008,189.103
ita,sex_f,ocu_skill_l2,2009,150.781
ita,sex_f,ocu_skill_l2,2010,171.35
ita,sex_f,ocu_skill_l2,2011,312.906
ita,sex_f,ocu_skill_l2,2012,345.716
ita,sex_f,ocu_skill_l2,2013,348.795
ita,sex_f,ocu_skill_l2,2014,310.117
ita,sex_f,ocu_skill_l2,2015,330.206
ita,sex_f,ocu_skill_l2,2016,348.669
ita,sex_f,ocu_skill_l2,2017,318.096
ita,sex_f,ocu_skill_l2,2018,362.063
ita,sex_f,ocu_skill_l2,2019,377.493
ita,sex_f,ocu_skill_l2,2020,287.267
ita,sex_f,ocu_skill_l2,2021,292.591
ita,sex_f,ocu_skill_l2,2022,246.863
ita,sex_f,ocu_skill_l2,2023,274.785
ita,sex_f,ocu_skill_l3_4,2007,126.409
ita,sex_f,ocu_skill_l3_4,2008,128.808
ita,sex_f,ocu_skill_l3_4,2009,126.696
ita,sex_f,ocu_skill_l3_4,2010,127.5
ita,sex_f,ocu_skill_l3_4,2011,138.506
ita,sex_f,ocu_skill_l3_4,2012,117.733
ita,sex_f,ocu_skill_l3_4,2013,106.235
ita,sex_f,ocu_skill_l3_4,2014,106.015
ita,sex_f,ocu_skill_l3_4,2015,107.647
ita,sex_f,ocu_skill_l3_4,2016,84.573
ita,sex_f,ocu_skill_l3_4,2017,105.54
ita,sex_f,ocu_skill_l3_4,2018,129.289
ita,sex_f,ocu_skill_l3_4,2019,145.746
ita,sex_f,ocu_skill_l3_4,2020,184.578
ita,sex_f,ocu_skill_l3_4,2021,138.298
ita,sex_f,ocu_skill_l3_4,2022,85.222
ita,sex_f,ocu_skill_l3_4,2023,100.38
ita,sex_f,ocu_skill_total,2007,353.259
ita,sex_f,ocu_skill_total,2008,355.814
ita,sex_f,ocu_skill_total,2009,328.179
ita,sex_f,ocu_skill_total,2010,356.332
ita,sex_f,ocu_skill_total,2011,529.27
ita,sex_f,ocu_skill_total,2012,543.833
ita,sex_f,ocu_skill_total,2013,507.714
ita,sex_f,ocu_skill_total,2014,496.135
ita,sex_f,ocu_skill_total,2015,528.233
ita,sex_f,ocu_skill_total,2016,519.439
ita,sex_f,ocu_skill_total,2017,497.432
ita,sex_f,ocu_skill_total,2018,587.357
ita,sex_f,ocu_skill_total,2019,616.312
ita,sex_f,ocu_skill_total,2020,578.797
ita,sex_f,ocu_skill_total,2021,539.89
ita,sex_f,ocu_skill_total,2022,419.697
ita,sex_f,ocu_skill_total,2023,437.6
ita,sex_m,ocu_isco08_1,2011,45.13
ita,sex_m,ocu_isco08_1,2012,30.212
ita,sex_m,ocu_isco08_1,2013,39.867
ita,sex_m,ocu_isco08_1,2014,20.419
ita,sex_m,ocu_isco08_1,2015,20.136
ita,sex_m,ocu_isco08_1,2016,35.622
ita,sex_m,ocu_isco08_1,2017,24.654
ita,sex_m,ocu_isco08_1,2018,15.172
ita,sex_m,ocu_isco08_1,2019,33.438
ita,sex_m,ocu_isco08_1,2020,22.59
ita,sex_m,ocu_isco08_1,2021,15.516
ita,sex_m,ocu_isco08_1,2022,22.95
ita,sex_m,ocu_isco08_1,2023,16.142
ita,sex_m,ocu_isco08_2,2011,53.531
ita,sex_m,ocu_isco08_2,2012,46.818
ita,sex_m,ocu_isco08_2,2013,30.875
ita,sex_m,ocu_isco08_2,2014,31.945
ita,sex_m,ocu_isco08_2,2015,46.657
ita,sex_m,ocu_isco08_2,2016,26.843
ita,sex_m,ocu_isco08_2,2017,25.648
ita,sex_m,ocu_isco08_2,2018,45.748
ita,sex_m,ocu_isco08_2,2019,62.705
ita,sex_m,ocu_isco08_2,2020,69.477
ita,sex_m,ocu_isco08_2,2021,65.095
ita,sex_m,ocu_isco08_2,2022,58.84
ita,sex_m,ocu_isco08_2,2023,32.319
ita,sex_m,ocu_isco08_3,2011,50.657
ita,sex_m,ocu_isco08_3,2012,59.684
ita,sex_m,ocu_isco08_3,2013,43.027
ita,sex_m,ocu_isco08_3,2014,36.471
ita,sex_m,ocu_isco08_3,2015,42.424
ita,sex_m,ocu_isco08_3,2016,52.4
ita,sex_m,ocu_isco08_3,2017,33.99
ita,sex_m,ocu_isco08_3,2018,66.363
ita,sex_m,ocu_isco08_3,2019,50.751
ita,sex_m,ocu_isco08_3,2020,48.428
ita,sex_m,ocu_isco08_3,2021,53.95
ita,sex_m,ocu_isco08_3,2022,59.408
ita,sex_m,ocu_isco08_3,2023,47.156
ita,sex_m,ocu_isco08_4,2011,27.873
ita,sex_m,ocu_isco08_4,2012,24.343
ita,sex_m,ocu_isco08_4,2013,13.371
ita,sex_m,ocu_isco08_4,2014,17.702
ita,sex_m,ocu_isco08_4,2015,28.508
ita,sex_m,ocu_isco08_4,2016,23.394
ita,sex_m,ocu_isco08_4,2017,16.83
ita,sex_m,ocu_isco08_4,2018,27.205
ita,sex_m,ocu_isco08_4,2019,32.502
ita,sex_m,ocu_isco08_4,2020,42.224
ita,sex_m,ocu_isco08_4,2021,17.78
ita,sex_m,ocu_isco08_4,2022,4.973
ita,sex_m,ocu_isco08_4,2023,21.275
ita,sex_m,ocu_isco08_5,2011,116.174
ita,sex_m,ocu_isco08_5,2012,128.8
ita,sex_m,ocu_isco08_5,2013,138.202
ita,sex_m,ocu_isco08_5,2014,125.12
ita,sex_m,ocu_isco08_5,2015,117.21
ita,sex_m,ocu_isco08_5,2016,148.557
ita,sex_m,ocu_isco08_5,2017,99.382
ita,sex_m,ocu_isco08_5,2018,121.444
ita,sex_m,ocu_isco08_5,2019,141.044
ita,sex_m,ocu_isco08_5,2020,79.613
ita,sex_m,ocu_isco08_5,2021,99.768
ita,sex_m,ocu_isco08_5,2022,109.909
ita,sex_m,ocu_isco08_5,2023,125.82
ita,sex_m,ocu_isco08_6,2011,42.101
ita,sex_m,ocu_isco08_6,2012,34.49
ita,sex_m,ocu_isco08_6,2013,35.71
ita,sex_m,ocu_isco08_6,2014,35.44
ita,sex_m,ocu_isco08_6,2015,27.079
ita,sex_m,ocu_isco08_6,2016,57.739
ita,sex_m,ocu_isco08_6,2017,40.77
ita,sex_m,ocu_isco08_6,2018,40.242
ita,sex_m,ocu_isco08_6,2019,36.28
ita,sex_m,ocu_isco08_6,2020,13.365
ita,sex_m,ocu_isco08_6,2021,24.804
ita,sex_m,ocu_isco08_6,2022,25.824
ita,sex_m,ocu_isco08_6,2023,11.644
ita,sex_m,ocu_isco08_7,2011,121.145
ita,sex_m,ocu_isco08_7,2012,136.696
ita,sex_m,ocu_isco08_7,2013,65.592
ita,sex_m,ocu_isco08_7,2014,69.701
ita,sex_m,ocu_isco08_7,2015,92.828
ita,sex_m,ocu_isco08_7,2016,112.969
ita,sex_m,ocu_isco08_7,2017,100.237
ita,sex_m,ocu_isco08_7,2018,122.159
ita,sex_m,ocu_isco08_7,2019,93.068
ita,sex_m,ocu_isco08_7,2020,64.401
ita,sex_m,ocu_isco08_7,2021,94.691
ita,sex_m,ocu_isco08_7,2022,75.561
ita,sex_m,ocu_isco08_7,2023,73.69
ita,sex_m,ocu_isco08_8,2011,30.595
ita,sex_m,ocu_isco08_8,2012,39.376
ita,sex_m,ocu_isco08_8,2013,23.696
ita,sex_m,ocu_isco08_8,2014,25.562
ita,sex_m,ocu_isco08_8,2015,23.461
ita,sex_m,ocu_isco08_8,2016,21.334
ita,sex_m,ocu_isco08_8,2017,29.216
ita,sex_m,ocu_isco08_8,2018,21.39
ita,sex_m,ocu_isco08_8,2019,33.97
ita,sex_m,ocu_isco08_8,2020,17.193
ita,sex_m,ocu_isco08_8,2021,37.931
ita,sex_m,ocu_isco08_8,2022,25.837
ita,sex_m,ocu_isco08_8,2023,16.865
ita,sex_m,ocu_isco08_9,2011,66.296
ita,sex_m,ocu_isco08_9,2012,45.037
ita,sex_m,ocu_isco08_9,2013,40.075
ita,sex_m,ocu_isco08_9,2014,49.668
ita,sex_m,ocu_isco08_9,2015,83.527
ita,sex_m,ocu_isco08_9,2016,93.125
ita,sex_m,ocu_isco08_9,2017,86.984
ita,sex_m,ocu_isco08_9,2018,126.462
ita,sex_m,ocu_isco08_9,2019,77.338
ita,sex_m,ocu_isco08_9,2020,74.432
ita,sex_m,ocu_isco08_9,2021,122.409
ita,sex_m,ocu_isco08_9,2022,104.795
ita,sex_m,ocu_isco08_9,2023,75.904
ita,sex_m,ocu_isco08_total,2011,553.502
ita,sex_m,ocu_isco08_total,2012,545.457
ita,sex_m,ocu_isco08_total,2013,432.536
ita,sex_m,ocu_isco08_total,2014,412.028
ita,sex_m,ocu_isco08_total,2015,485.679
ita,sex_m,ocu_isco08_total,2016,571.984
ita,sex_m,ocu_isco08_total,2017,459.03
ita,sex_m,ocu_isco08_total,2018,586.35
ita,sex_m,ocu_isco08_total,2019,562.151
ita,sex_m,ocu_isco08_total,2020,434.128
ita,sex_m,ocu_isco08_total,2021,534.5
ita,sex_m,ocu_isco08_total,2022,488.098
ita,sex_m,ocu_isco08_total,2023,422.445
ita,sex_m,ocu_isco88_1,2007,59.02
ita,sex_m,ocu_isco88_1,2008,68.878
ita,sex_m,ocu_isco88_1,2009,73.236
ita,sex_m,ocu_isco88_1,2010,58.782
ita,sex_m,ocu_isco88_2,2007,35.817
ita,sex_m,ocu_isco88_2,2008,26.32
ita,sex_m,ocu_isco88_2,2009,20.73
ita,sex_m,ocu_isco88_2,2010,26.011
ita,sex_m,ocu_isco88_3,2007,42.107
ita,sex_m,ocu_isco88_3,2008,53.351
ita,sex_m,ocu_isco88_3,2009,36.25
ita,sex_m,ocu_isco88_3,2010,29.138
ita,sex_m,ocu_isco88_4,2007,9.68
ita,sex_m,ocu_isco88_4,2008,20.08
ita,sex_m,ocu_isco88_4,2009,13.9
ita,sex_m,ocu_isco88_4,2010,11.269
ita,sex_m,ocu_isco88_5,2007,35.026
ita,sex_m,ocu_isco88_5,2008,58.669
ita,sex_m,ocu_isco88_5,2009,30.161
ita,sex_m,ocu_isco88_5,2010,34.304
ita,sex_m,ocu_isco88_6,2007,36.175
ita,sex_m,ocu_isco88_6,2008,73.823
ita,sex_m,ocu_isco88_6,2009,66.577
ita,sex_m,ocu_isco88_6,2010,59.602
ita,sex_m,ocu_isco88_7,2007,80.952
ita,sex_m,ocu_isco88_7,2008,79.611
ita,sex_m,ocu_isco88_7,2009,79.933
ita,sex_m,ocu_isco88_7,2010,127.826
ita,sex_m,ocu_isco88_8,2007,25.407
ita,sex_m,ocu_isco88_8,2008,17.596
ita,sex_m,ocu_isco88_8,2009,15.161
ita,sex_m,ocu_isco88_8,2010,24.91
ita,sex_m,ocu_isco88_9,2007,37.986
ita,sex_m,ocu_isco88_9,2008,32.195
ita,sex_m,ocu_isco88_9,2009,22.626
ita,sex_m,ocu_isco88_9,2010,54.2
ita,sex_m,ocu_isco88_total,2007,365.402
ita,sex_m,ocu_isco88_total,2008,431.027
ita,sex_m,ocu_isco88_total,2009,358.572
ita,sex_m,ocu_isco88_total,2010,426.043
ita,sex_m,ocu_skill_l1,2007,37.986
ita,sex_m,ocu_skill_l1,2008,32.195
ita,sex_m,ocu_skill_l1,2009,22.626
ita,sex_m,ocu_skill_l1,2010,54.2
ita,sex_m,ocu_skill_l1,2011,66.296
ita,sex_m,ocu_skill_l1,2012,45.037
ita,sex_m,ocu_skill_l1,2013,40.075
ita,sex_m,ocu_skill_l1,2014,49.668
ita,sex_m,ocu_skill_l1,2015,83.527
ita,sex_m,ocu_skill_l1,2016,93.125
ita,sex_m,ocu_skill_l1,2017,86.984
ita,sex_m,ocu_skill_l1,2018,126.462
ita,sex_m,ocu_skill_l1,2019,77.338
ita,sex_m,ocu_skill_l1,2020,74.432
ita,sex_m,ocu_skill_l1,2021,122.409
ita,sex_m,ocu_skill_l1,2022,104.795
ita,sex_m,ocu_skill_l1,2023,75.904
ita,sex_m,ocu_skill_l2,2007,187.239
ita,sex_m,ocu_skill_l2,2008,249.779
ita,sex_m,ocu_skill_l2,2009,205.731
ita,sex_m,ocu_skill_l2,2010,257.912
ita,sex_m,ocu_skill_l2,2011,337.887
ita,sex_m,ocu_skill_l2,2012,363.706
ita,sex_m,ocu_skill_l2,2013,276.571
ita,sex_m,ocu_skill_l2,2014,273.525
ita,sex_m,ocu_skill_l2,2015,289.086
ita,sex_m,ocu_skill_l2,2016,363.994
ita,sex_m,ocu_skill_l2,2017,286.434
ita,sex_m,ocu_skill_l2,2018,332.44
ita,sex_m,ocu_skill_l2,2019,336.864
ita,sex_m,ocu_skill_l2,2020,216.796
ita,sex_m,ocu_skill_l2,2021,274.973
ita,sex_m,ocu_skill_l2,2022,242.105
ita,sex_m,ocu_skill_l2,2023,249.293
ita,sex_m,ocu_skill_l3_4,2007,136.944
ita,sex_m,ocu_skill_l3_4,2008,148.549
ita,sex_m,ocu_skill_l3_4,2009,130.215
ita,sex_m,ocu_skill_l3_4,2010,113.931
ita,sex_m,ocu_skill_l3_4,2011,149.318
ita,sex_m,ocu_skill_l3_4,2012,136.714
ita,sex_m,ocu_skill_l3_4,2013,113.769
ita,sex_m,ocu_skill_l3_4,2014,88.835
ita,sex_m,ocu_skill_l3_4,2015,109.218
ita,sex_m,ocu_skill_l3_4,2016,114.865
ita,sex_m,ocu_skill_l3_4,2017,84.292
ita,sex_m,ocu_skill_l3_4,2018,127.283
ita,sex_m,ocu_skill_l3_4,2019,146.894
ita,sex_m,ocu_skill_l3_4,2020,140.495
ita,sex_m,ocu_skill_l3_4,2021,134.562
ita,sex_m,ocu_skill_l3_4,2022,141.198
ita,sex_m,ocu_skill_l3_4,2023,95.617
ita,sex_m,ocu_skill_total,2007,365.402
ita,sex_m,ocu_skill_total,2008,431.027
ita,sex_m,ocu_skill_total,2009,358.572
ita,sex_m,ocu_skill_total,2010,426.043
ita,sex_m,ocu_skill_total,2011,553.502
ita,sex_m,ocu_skill_total,2012,545.457
ita,sex_m,ocu_skill_total,2013,432.536
ita,sex_m,ocu_skill_total,2014,412.028
ita,sex_m,ocu_skill_total,2015,485.679
ita,sex_m,ocu_skill_total,2016,571.984
ita,sex_m,ocu_skill_total,2017,459.03
ita,sex_m,ocu_skill_total,2018,586.35
ita,sex_m,ocu_skill_total,2019,562.151
ita,sex_m,ocu_skill_total,2020,434.128
ita,sex_m,ocu_skill_total,2021,534.5
ita,sex_m,ocu_skill_total,2022,488.098
ita,sex_m,ocu_skill_total,2023,422.445
ita,sex_t,ocu_isco08_1,2011,83.193
ita,sex_t,ocu_isco08_1,2012,64.622
ita,sex_t,ocu_isco08_1,2013,79.992
ita,sex_t,ocu_isco08_1,2014,49.454
ita,sex_t,ocu_isco08_1,2015,50.154
ita,sex_t,ocu_isco08_1,2016,65.336
ita,sex_t,ocu_isco08_1,2017,52.603
ita,sex_t,ocu_isco08_1,2018,31.818
ita,sex_t,ocu_isco08_1,2019,64.283
ita,sex_t,ocu_isco08_1,2020,30.441
ita,sex_t,ocu_isco08_1,2021,31.898
ita,sex_t,ocu_isco08_1,2022,33.372
ita,sex_t,ocu_isco08_1,2023,29.145
ita,sex_t,ocu_isco08_2,2011,87.446
ita,sex_t,ocu_isco08_2,2012,85.337
ita,sex_t,ocu_isco08_2,2013,69.653
ita,sex_t,ocu_isco08_2,2014,68.97
ita,sex_t,ocu_isco08_2,2015,86.254
ita,sex_t,ocu_isco08_2,2016,50.947
ita,sex_t,ocu_isco08_2,2017,75.822
ita,sex_t,ocu_isco08_2,2018,109.863
ita,sex_t,ocu_isco08_2,2019,139.483
ita,sex_t,ocu_isco08_2,2020,147.096
ita,sex_t,ocu_isco08_2,2021,111.928
ita,sex_t,ocu_isco08_2,2022,100.4
ita,sex_t,ocu_isco08_2,2023,96.961
ita,sex_t,ocu_isco08_3,2011,117.185
ita,sex_t,ocu_isco08_3,2012,104.489
ita,sex_t,ocu_isco08_3,2013,70.359
ita,sex_t,ocu_isco08_3,2014,76.426
ita,sex_t,ocu_isco08_3,2015,80.456
ita,sex_t,ocu_isco08_3,2016,83.154
ita,sex_t,ocu_isco08_3,2017,61.407
ita,sex_t,ocu_isco08_3,2018,114.891
ita,sex_t,ocu_isco08_3,2019,88.875
ita,sex_t,ocu_isco08_3,2020,147.536
ita,sex_t,ocu_isco08_3,2021,129.034
ita,sex_t,ocu_isco08_3,2022,92.648
ita,sex_t,ocu_isco08_3,2023,69.89
ita,sex_t,ocu_isco08_4,2011,86.966
ita,sex_t,ocu_isco08_4,2012,82.863
ita,sex_t,ocu_isco08_4,2013,57.64
ita,sex_t,ocu_isco08_4,2014,65.88
ita,sex_t,ocu_isco08_4,2015,74.011
ita,sex_t,ocu_isco08_4,2016,65.348
ita,sex_t,ocu_isco08_4,2017,61.575
ita,sex_t,ocu_isco08_4,2018,82.922
ita,sex_t,ocu_isco08_4,2019,88.443
ita,sex_t,ocu_isco08_4,2020,84.68
ita,sex_t,ocu_isco08_4,2021,50.953
ita,sex_t,ocu_isco08_4,2022,50.541
ita,sex_t,ocu_isco08_4,2023,52.544
ita,sex_t,ocu_isco08_5,2011,313.034
ita,sex_t,ocu_isco08_5,2012,346.358
ita,sex_t,ocu_isco08_5,2013,405.471
ita,sex_t,ocu_isco08_5,2014,323.494
ita,sex_t,ocu_isco08_5,2015,346.541
ita,sex_t,ocu_isco08_5,2016,397.317
ita,sex_t,ocu_isco08_5,2017,318.164
ita,sex_t,ocu_isco08_5,2018,377.411
ita,sex_t,ocu_isco08_5,2019,393.446
ita,sex_t,ocu_isco08_5,2020,277.594
ita,sex_t,ocu_isco08_5,2021,308.418
ita,sex_t,ocu_isco08_5,2022,280.848
ita,sex_t,ocu_isco08_5,2023,336.411
ita,sex_t,ocu_isco08_6,2011,66.959
ita,sex_t,ocu_isco08_6,2012,74.847
ita,sex_t,ocu_isco08_6,2013,63.481
ita,sex_t,ocu_isco08_6,2014,63.575
ita,sex_t,ocu_isco08_6,2015,58.213
ita,sex_t,ocu_isco08_6,2016,81.08
ita,sex_t,ocu_isco08_6,2017,58.827
ita,sex_t,ocu_isco08_6,2018,73.665
ita,sex_t,ocu_isco08_6,2019,61.038
ita,sex_t,ocu_isco08_6,2020,30.369
ita,sex_t,ocu_isco08_6,2021,38.701
ita,sex_t,ocu_isco08_6,2022,43.373
ita,sex_t,ocu_isco08_6,2023,27.537
ita,sex_t,ocu_isco08_7,2011,145.197
ita,sex_t,ocu_isco08_7,2012,158.547
ita,sex_t,ocu_isco08_7,2013,71.859
ita,sex_t,ocu_isco08_7,2014,90.697
ita,sex_t,ocu_isco08_7,2015,110.409
ita,sex_t,ocu_isco08_7,2016,144.622
ita,sex_t,ocu_isco08_7,2017,126.939
ita,sex_t,ocu_isco08_7,2018,135.654
ita,sex_t,ocu_isco08_7,2019,122.039
ita,sex_t,ocu_isco08_7,2020,88.301
ita,sex_t,ocu_isco08_7,2021,114.287
ita,sex_t,ocu_isco08_7,2022,84.095
ita,sex_t,ocu_isco08_7,2023,85.488
ita,sex_t,ocu_isco08_8,2011,38.638
ita,sex_t,ocu_isco08_8,2012,46.806
ita,sex_t,ocu_isco08_8,2013,26.914
ita,sex_t,ocu_isco08_8,2014,39.995
ita,sex_t,ocu_isco08_8,2015,30.118
ita,sex_t,ocu_isco08_8,2016,24.297
ita,sex_t,ocu_isco08_8,2017,39.025
ita,sex_t,ocu_isco08_8,2018,24.851
ita,sex_t,ocu_isco08_8,2019,49.392
ita,sex_t,ocu_isco08_8,2020,23.119
ita,sex_t,ocu_isco08_8,2021,55.204
ita,sex_t,ocu_isco08_8,2022,30.111
ita,sex_t,ocu_isco08_8,2023,22.097
ita,sex_t,ocu_isco08_9,2011,143.058
ita,sex_t,ocu_isco08_9,2012,122.529
ita,sex_t,ocu_isco08_9,2013,92.758
ita,sex_t,ocu_isco08_9,2014,129.67
ita,sex_t,ocu_isco08_9,2015,173.907
ita,sex_t,ocu_isco08_9,2016,179.322
ita,sex_t,ocu_isco08_9,2017,160.723
ita,sex_t,ocu_isco08_9,2018,222.468
ita,sex_t,ocu_isco08_9,2019,170.411
ita,sex_t,ocu_isco08_9,2020,181.385
ita,sex_t,ocu_isco08_9,2021,231.41
ita,sex_t,ocu_isco08_9,2022,192.407
ita,sex_t,ocu_isco08_9,2023,138.34
ita,sex_t,ocu_isco08_total,2011,1082.772
ita,sex_t,ocu_isco08_total,2012,1089.29
ita,sex_t,ocu_isco08_total,2013,940.25
ita,sex_t,ocu_isco08_total,2014,908.162
ita,sex_t,ocu_isco08_total,2015,1013.912
ita,sex_t,ocu_isco08_total,2016,1091.422
ita,sex_t,ocu_isco08_total,2017,956.461
ita,sex_t,ocu_isco08_total,2018,1173.707
ita,sex_t,ocu_isco08_total,2019,1178.463
ita,sex_t,ocu_isco08_total,2020,1012.925
ita,sex_t,ocu_isco08_total,2021,1074.39
ita,sex_t,ocu_isco08_total,2022,907.795
ita,sex_t,ocu_isco08_total,2023,860.045
ita,sex_t,ocu_isco88_1,2007,115.581
ita,sex_t,ocu_isco88_1,2008,141.902
ita,sex_t,ocu_isco88_1,2009,127.884
ita,sex_t,ocu_isco88_1,2010,124.677
ita,sex_t,ocu_isco88_2,2007,59.303
ita,sex_t,ocu_isco88_2,2008,52.195
ita,sex_t,ocu_isco88_2,2009,51.093
ita,sex_t,ocu_isco88_2,2010,54.521
ita,sex_t,ocu_isco88_3,2007,88.469
ita,sex_t,ocu_isco88_3,2008,83.26
ita,sex_t,ocu_isco88_3,2009,77.934
ita,sex_t,ocu_isco88_3,2010,62.233
ita,sex_t,ocu_isco88_4,2007,43.315
ita,sex_t,ocu_isco88_4,2008,58.458
ita,sex_t,ocu_isco88_4,2009,45.642
ita,sex_t,ocu_isco88_4,2010,41.788
ita,sex_t,ocu_isco88_5,2007,114.678
ita,sex_t,ocu_isco88_5,2008,140.951
ita,sex_t,ocu_isco88_5,2009,93.002
ita,sex_t,ocu_isco88_5,2010,110.467
ita,sex_t,ocu_isco88_6,2007,70.715
ita,sex_t,ocu_isco88_6,2008,107.437
ita,sex_t,ocu_isco88_6,2009,96.677
ita,sex_t,ocu_isco88_6,2010,92.568
ita,sex_t,ocu_isco88_7,2007,109.789
ita,sex_t,ocu_isco88_7,2008,104.023
ita,sex_t,ocu_isco88_7,2009,98.552
ita,sex_t,ocu_isco88_7,2010,148.281
ita,sex_t,ocu_isco88_8,2007,36.409
ita,sex_t,ocu_isco88_8,2008,28.013
ita,sex_t,ocu_isco88_8,2009,22.638
ita,sex_t,ocu_isco88_8,2010,36.158
ita,sex_t,ocu_isco88_9,2007,77.168
ita,sex_t,ocu_isco88_9,2008,70.098
ita,sex_t,ocu_isco88_9,2009,73.328
ita,sex_t,ocu_isco88_9,2010,111.683
ita,sex_t,ocu_isco88_total,2007,718.661
ita,sex_t,ocu_isco88_total,2008,786.841
ita,sex_t,ocu_isco88_total,2009,686.751
ita,sex_t,ocu_isco88_total,2010,782.375
ita,sex_t,ocu_skill_l1,2007,77.168
ita,sex_t,ocu_skill_l1,2008,70.098
ita,sex_t,ocu_skill_l1,2009,73.328
ita,sex_t,ocu_skill_l1,2010,111.683
ita,sex_t,ocu_skill_l1,2011,143.058
ita,sex_t,ocu_skill_l1,2012,122.529
ita,sex_t,ocu_skill_l1,2013,92.758
ita,sex_t,ocu_skill_l1,2014,129.67
ita,sex_t,ocu_skill_l1,2015,173.907
ita,sex_t,ocu_skill_l1,2016,179.322
ita,sex_t,ocu_skill_l1,2017,160.723
ita,sex_t,ocu_skill_l1,2018,222.468
ita,sex_t,ocu_skill_l1,2019,170.411
ita,sex_t,ocu_skill_l1,2020,181.385
ita,sex_t,ocu_skill_l1,2021,231.41
ita,sex_t,ocu_skill_l1,2022,192.407
ita,sex_t,ocu_skill_l1,2023,138.34
ita,sex_t,ocu_skill_l2,2007,374.906
ita,sex_t,ocu_skill_l2,2008,438.882
ita,sex_t,ocu_skill_l2,2009,356.513
ita,sex_t,ocu_skill_l2,2010,429.261
ita,sex_t,ocu_skill_l2,2011,650.794
ita,sex_t,ocu_skill_l2,2012,709.422
ita,sex_t,ocu_skill_l2,2013,625.365
ita,sex_t,ocu_skill_l2,2014,583.642
ita,sex_t,ocu_skill_l2,2015,619.292
ita,sex_t,ocu_skill_l2,2016,712.663
ita,sex_t,ocu_skill_l2,2017,604.53
ita,sex_t,ocu_skill_l2,2018,694.503
ita,sex_t,ocu_skill_l2,2019,714.357
ita,sex_t,ocu_skill_l2,2020,504.062
ita,sex_t,ocu_skill_l2,2021,567.564
ita,sex_t,ocu_skill_l2,2022,488.968
ita,sex_t,ocu_skill_l2,2023,524.078
ita,sex_t,ocu_skill_l3_4,2007,263.353
ita,sex_t,ocu_skill_l3_4,2008,277.357
ita,sex_t,ocu_skill_l3_4,2009,256.91
ita,sex_t,ocu_skill_l3_4,2010,241.431
ita,sex_t,ocu_skill_l3_4,2011,287.824
ita,sex_t,ocu_skill_l3_4,2012,254.447
ita,sex_t,ocu_skill_l3_4,2013,220.004
ita,sex_t,ocu_skill_l3_4,2014,194.851
ita,sex_t,ocu_skill_l3_4,2015,216.864
ita,sex_t,ocu_skill_l3_4,2016,199.438
ita,sex_t,ocu_skill_l3_4,2017,189.832
ita,sex_t,ocu_skill_l3_4,2018,256.572
ita,sex_t,ocu_skill_l3_4,2019,292.64
ita,sex_t,ocu_skill_l3_4,2020,325.072
ita,sex_t,ocu_skill_l3_4,2021,272.86
ita,sex_t,ocu_skill_l3_4,2022,226.42
ita,sex_t,ocu_skill_l3_4,2023,195.997
ita,sex_t,ocu_skill_total,2007,718.661
ita,sex_t,ocu_skill_total,2008,786.841
ita,sex_t,ocu_skill_total,2009,686.751
ita,sex_t,ocu_skill_total,2010,782.375
ita,sex_t,ocu_skill_total,2011,1082.772
ita,sex_t,ocu_skill_total,2012,1089.29
ita,sex_t,ocu_skill_total,2013,940.25
ita,sex_t,ocu_skill_total,2014,908.162
ita,sex_t,ocu_skill_total,2015,1013.912
ita,sex_t,ocu_skill_total,2016,1091.422
ita,sex_t,ocu_skill_total,2017,956.461
ita,sex_t,ocu_skill_total,2018,1173.707
ita,sex_t,ocu_skill_total,2019,1178.463
ita,sex_t,ocu_skill_total,2020,1012.925
ita,sex_t,ocu_skill_total,2021,1074.39
ita,sex_t,ocu_skill_total,2022,907.795
ita,sex_t,ocu_skill_total,2023,860.045
jam,sex_f,ocu_isco08_1,2021,35.485
jam,sex_f,ocu_isco08_1,2022,34.334
jam,sex_f,ocu_isco08_2,2021,5.396
jam,sex_f,ocu_isco08_2,2022,4.514
jam,sex_f,ocu_isco08_3,2021,5.979
jam,sex_f,ocu_isco08_3,2022,4.93
jam,sex_f,ocu_isco08_4,2021,6.904
jam,sex_f,ocu_isco08_4,2022,8.901
jam,sex_f,ocu_isco08_5,2021,111.939
jam,sex_f,ocu_isco08_5,2022,114.796
jam,sex_f,ocu_isco08_6,2021,46.887
jam,sex_f,ocu_isco08_6,2022,46.278
jam,sex_f,ocu_isco08_7,2021,10.305
jam,sex_f,ocu_isco08_7,2022,11.613
jam,sex_f,ocu_isco08_8,2021,1.744
jam,sex_f,ocu_isco08_8,2022,1.438
jam,sex_f,ocu_isco08_9,2021,42.067
jam,sex_f,ocu_isco08_9,2022,38.1
jam,sex_f,ocu_isco08_total,2021,267.534
jam,sex_f,ocu_isco08_total,2022,265.3
jam,sex_f,ocu_isco08_x,2021,0.83
jam,sex_f,ocu_isco08_x,2022,0.395
jam,sex_f,ocu_skill_l1,2021,42.067
jam,sex_f,ocu_skill_l1,2022,38.1
jam,sex_f,ocu_skill_l1,2023,42.566
jam,sex_f,ocu_skill_l2,2021,177.778
jam,sex_f,ocu_skill_l2,2022,183.026
jam,sex_f,ocu_skill_l2,2023,183.225
jam,sex_f,ocu_skill_l3_4,2021,46.859
jam,sex_f,ocu_skill_l3_4,2022,43.778
jam,sex_f,ocu_skill_l3_4,2023,41.574
jam,sex_f,ocu_skill_total,2021,267.534
jam,sex_f,ocu_skill_total,2022,265.3
jam,sex_f,ocu_skill_total,2023,267.802
jam,sex_f,ocu_skill_x,2021,0.83
jam,sex_f,ocu_skill_x,2022,0.395
jam,sex_f,ocu_skill_x,2023,0.437
jam,sex_m,ocu_isco08_1,2021,17.821
jam,sex_m,ocu_isco08_1,2022,15.666
jam,sex_m,ocu_isco08_2,2021,8.317
jam,sex_m,ocu_isco08_2,2022,8.827
jam,sex_m,ocu_isco08_3,2021,11.25
jam,sex_m,ocu_isco08_3,2022,10.359
jam,sex_m,ocu_isco08_4,2021,2.616
jam,sex_m,ocu_isco08_4,2022,2.928
jam,sex_m,ocu_isco08_5,2021,43.951
jam,sex_m,ocu_isco08_5,2022,44.422
jam,sex_m,ocu_isco08_6,2021,135.443
jam,sex_m,ocu_isco08_6,2022,132.393
jam,sex_m,ocu_isco08_7,2021,113.763
jam,sex_m,ocu_isco08_7,2022,119.724
jam,sex_m,ocu_isco08_8,2021,40.533
jam,sex_m,ocu_isco08_8,2022,35.467
jam,sex_m,ocu_isco08_9,2021,64.962
jam,sex_m,ocu_isco08_9,2022,65.544
jam,sex_m,ocu_isco08_total,2021,439.716
jam,sex_m,ocu_isco08_total,2022,436.232
jam,sex_m,ocu_isco08_x,2021,0.959
jam,sex_m,ocu_isco08_x,2022,0.755
jam,sex_m,ocu_skill_l1,2021,64.962
jam,sex_m,ocu_skill_l1,2022,65.544
jam,sex_m,ocu_skill_l1,2023,75.954
jam,sex_m,ocu_skill_l2,2021,336.306
jam,sex_m,ocu_skill_l2,2022,334.932
jam,sex_m,ocu_skill_l2,2023,337.127
jam,sex_m,ocu_skill_l3_4,2021,37.387
jam,sex_m,ocu_skill_l3_4,2022,34.852
jam,sex_m,ocu_skill_l3_4,2023,37.139
jam,sex_m,ocu_skill_total,2021,439.716
jam,sex_m,ocu_skill_total,2022,436.232
jam,sex_m,ocu_skill_total,2023,451.009
jam,sex_m,ocu_skill_x,2021,1.061
jam,sex_m,ocu_skill_x,2022,0.904
jam,sex_m,ocu_skill_x,2023,0.788
jam,sex_t,ocu_isco08_1,2021,53.306
jam,sex_t,ocu_isco08_1,2022,50
jam,sex_t,ocu_isco08_2,2021,13.713
jam,sex_t,ocu_isco08_2,2022,13.341
jam,sex_t,ocu_isco08_3,2021,17.228
jam,sex_t,ocu_isco08_3,2022,15.289
jam,sex_t,ocu_isco08_4,2021,9.519
jam,sex_t,ocu_isco08_4,2022,11.829
jam,sex_t,ocu_isco08_5,2021,155.89
jam,sex_t,ocu_isco08_5,2022,159.218
jam,sex_t,ocu_isco08_6,2021,182.33
jam,sex_t,ocu_isco08_6,2022,178.671
jam,sex_t,ocu_isco08_7,2021,124.067
jam,sex_t,ocu_isco08_7,2022,131.336
jam,sex_t,ocu_isco08_8,2021,42.277
jam,sex_t,ocu_isco08_8,2022,36.905
jam,sex_t,ocu_isco08_9,2021,107.029
jam,sex_t,ocu_isco08_9,2022,103.645
jam,sex_t,ocu_isco08_total,2021,707.251
jam,sex_t,ocu_isco08_total,2022,701.532
jam,sex_t,ocu_isco08_x,2021,1.789
jam,sex_t,ocu_isco08_x,2022,1.15
jam,sex_t,ocu_skill_l1,2021,107.029
jam,sex_t,ocu_skill_l1,2022,103.645
jam,sex_t,ocu_skill_l1,2023,118.52
jam,sex_t,ocu_skill_l2,2021,514.084
jam,sex_t,ocu_skill_l2,2022,517.959
jam,sex_t,ocu_skill_l2,2023,520.352
jam,sex_t,ocu_skill_l3_4,2021,84.247
jam,sex_t,ocu_skill_l3_4,2022,78.63
jam,sex_t,ocu_skill_l3_4,2023,78.714
jam,sex_t,ocu_skill_total,2021,707.251
jam,sex_t,ocu_skill_total,2022,701.532
jam,sex_t,ocu_skill_total,2023,718.812
jam,sex_t,ocu_skill_x,2021,1.891
jam,sex_t,ocu_skill_x,2022,1.298
jam,sex_t,ocu_skill_x,2023,1.226
jor,sex_f,ocu_isco08_1,2017,0.457
jor,sex_f,ocu_isco08_2,2017,17.03
jor,sex_f,ocu_isco08_2,2018,13.688
jor,sex_f,ocu_isco08_2,2019,13.211
jor,sex_f,ocu_isco08_2,2020,9.151
jor,sex_f,ocu_isco08_2,2021,13.753
jor,sex_f,ocu_isco08_2,2022,12.919
jor,sex_f,ocu_isco08_2,2023,14.715
jor,sex_f,ocu_isco08_3,2017,4.777
jor,sex_f,ocu_isco08_3,2018,2.814
jor,sex_f,ocu_isco08_3,2019,1.937
jor,sex_f,ocu_isco08_3,2020,1.749
jor,sex_f,ocu_isco08_3,2021,1.763
jor,sex_f,ocu_isco08_3,2022,2.64
jor,sex_f,ocu_isco08_3,2023,3.152
jor,sex_f,ocu_isco08_4,2017,4.256
jor,sex_f,ocu_isco08_4,2018,3.491
jor,sex_f,ocu_isco08_4,2019,2.557
jor,sex_f,ocu_isco08_4,2020,3.197
jor,sex_f,ocu_isco08_4,2021,3.619
jor,sex_f,ocu_isco08_4,2022,2.402
jor,sex_f,ocu_isco08_4,2023,3.861
jor,sex_f,ocu_isco08_5,2017,16.05
jor,sex_f,ocu_isco08_5,2018,13.101
jor,sex_f,ocu_isco08_5,2019,14.872
jor,sex_f,ocu_isco08_5,2020,14.473
jor,sex_f,ocu_isco08_5,2021,15.247
jor,sex_f,ocu_isco08_5,2022,18.236
jor,sex_f,ocu_isco08_5,2023,17.029
jor,sex_f,ocu_isco08_6,2017,3.678
jor,sex_f,ocu_isco08_6,2018,2.462
jor,sex_f,ocu_isco08_6,2019,2.224
jor,sex_f,ocu_isco08_6,2020,2.756
jor,sex_f,ocu_isco08_6,2021,1.429
jor,sex_f,ocu_isco08_6,2022,2.309
jor,sex_f,ocu_isco08_6,2023,0.911
jor,sex_f,ocu_isco08_7,2017,6.027
jor,sex_f,ocu_isco08_7,2018,4.282
jor,sex_f,ocu_isco08_7,2019,4.108
jor,sex_f,ocu_isco08_7,2020,2.261
jor,sex_f,ocu_isco08_7,2021,2.897
jor,sex_f,ocu_isco08_7,2022,4.338
jor,sex_f,ocu_isco08_7,2023,4.396
jor,sex_f,ocu_isco08_8,2018,0
jor,sex_f,ocu_isco08_8,2019,0
jor,sex_f,ocu_isco08_8,2020,0
jor,sex_f,ocu_isco08_8,2021,0
jor,sex_f,ocu_isco08_8,2022,0
jor,sex_f,ocu_isco08_8,2023,0
jor,sex_f,ocu_isco08_9,2017,86.257
jor,sex_f,ocu_isco08_9,2018,69.04
jor,sex_f,ocu_isco08_9,2019,59.861
jor,sex_f,ocu_isco08_9,2020,98.505
jor,sex_f,ocu_isco08_9,2021,78.344
jor,sex_f,ocu_isco08_9,2022,80.566
jor,sex_f,ocu_isco08_9,2023,156.768
jor,sex_f,ocu_isco08_total,2017,138.587
jor,sex_f,ocu_isco08_total,2018,108.988
jor,sex_f,ocu_isco08_total,2019,98.769
jor,sex_f,ocu_isco08_total,2020,132.467
jor,sex_f,ocu_isco08_total,2021,117.115
jor,sex_f,ocu_isco08_total,2022,123.596
jor,sex_f,ocu_isco08_total,2023,200.988
jor,sex_f,ocu_isco08_x,2020,0.31
jor,sex_f,ocu_isco08_x,2021,0
jor,sex_f,ocu_isco08_x,2022,0.074
jor,sex_f,ocu_skill_l1,2017,86.257
jor,sex_f,ocu_skill_l1,2018,69.04
jor,sex_f,ocu_skill_l1,2019,59.861
jor,sex_f,ocu_skill_l1,2020,98.505
jor,sex_f,ocu_skill_l1,2021,78.344
jor,sex_f,ocu_skill_l1,2022,80.566
jor,sex_f,ocu_skill_l1,2023,156.768
jor,sex_f,ocu_skill_l2,2017,30.066
jor,sex_f,ocu_skill_l2,2018,23.335
jor,sex_f,ocu_skill_l2,2019,23.76
jor,sex_f,ocu_skill_l2,2020,22.687
jor,sex_f,ocu_skill_l2,2021,23.192
jor,sex_f,ocu_skill_l2,2022,27.285
jor,sex_f,ocu_skill_l2,2023,26.198
jor,sex_f,ocu_skill_l3_4,2017,22.264
jor,sex_f,ocu_skill_l3_4,2018,16.613
jor,sex_f,ocu_skill_l3_4,2019,15.148
jor,sex_f,ocu_skill_l3_4,2020,10.965
jor,sex_f,ocu_skill_l3_4,2021,15.579
jor,sex_f,ocu_skill_l3_4,2022,15.67
jor,sex_f,ocu_skill_l3_4,2023,18.021
jor,sex_f,ocu_skill_total,2017,138.587
jor,sex_f,ocu_skill_total,2018,108.988
jor,sex_f,ocu_skill_total,2019,98.769
jor,sex_f,ocu_skill_total,2020,132.467
jor,sex_f,ocu_skill_total,2021,117.115
jor,sex_f,ocu_skill_total,2022,123.596
jor,sex_f,ocu_skill_total,2023,200.988
jor,sex_f,ocu_skill_x,2020,0.31
jor,sex_f,ocu_skill_x,2021,0
jor,sex_f,ocu_skill_x,2022,0.074
jor,sex_m,ocu_isco08_2,2017,26.121
jor,sex_m,ocu_isco08_2,2018,32.626
jor,sex_m,ocu_isco08_2,2019,26.245
jor,sex_m,ocu_isco08_2,2020,19.258
jor,sex_m,ocu_isco08_2,2021,25.159
jor,sex_m,ocu_isco08_2,2022,23.091
jor,sex_m,ocu_isco08_2,2023,23.583
jor,sex_m,ocu_isco08_3,2017,17.596
jor,sex_m,ocu_isco08_3,2018,12.826
jor,sex_m,ocu_isco08_3,2019,12.701
jor,sex_m,ocu_isco08_3,2020,11.979
jor,sex_m,ocu_isco08_3,2021,12.302
jor,sex_m,ocu_isco08_3,2022,14.715
jor,sex_m,ocu_isco08_3,2023,16.186
jor,sex_m,ocu_isco08_4,2017,13.909
jor,sex_m,ocu_isco08_4,2018,8.544
jor,sex_m,ocu_isco08_4,2019,6.865
jor,sex_m,ocu_isco08_4,2020,6.772
jor,sex_m,ocu_isco08_4,2021,10.73
jor,sex_m,ocu_isco08_4,2022,9.179
jor,sex_m,ocu_isco08_4,2023,7.74
jor,sex_m,ocu_isco08_5,2017,276.01
jor,sex_m,ocu_isco08_5,2018,403.361
jor,sex_m,ocu_isco08_5,2019,580.521
jor,sex_m,ocu_isco08_5,2020,632.066
jor,sex_m,ocu_isco08_5,2021,546.673
jor,sex_m,ocu_isco08_5,2022,613.907
jor,sex_m,ocu_isco08_5,2023,755.316
jor,sex_m,ocu_isco08_6,2017,57.061
jor,sex_m,ocu_isco08_6,2018,64.612
jor,sex_m,ocu_isco08_6,2019,56.007
jor,sex_m,ocu_isco08_6,2020,57.447
jor,sex_m,ocu_isco08_6,2021,50.86
jor,sex_m,ocu_isco08_6,2022,49.173
jor,sex_m,ocu_isco08_6,2023,46.065
jor,sex_m,ocu_isco08_7,2017,253.708
jor,sex_m,ocu_isco08_7,2018,260.914
jor,sex_m,ocu_isco08_7,2019,265.924
jor,sex_m,ocu_isco08_7,2020,251.719
jor,sex_m,ocu_isco08_7,2021,263.838
jor,sex_m,ocu_isco08_7,2022,281.422
jor,sex_m,ocu_isco08_7,2023,276.093
jor,sex_m,ocu_isco08_8,2017,97.665
jor,sex_m,ocu_isco08_8,2018,87.395
jor,sex_m,ocu_isco08_8,2019,80.496
jor,sex_m,ocu_isco08_8,2020,68.199
jor,sex_m,ocu_isco08_8,2021,72.285
jor,sex_m,ocu_isco08_8,2022,71.762
jor,sex_m,ocu_isco08_8,2023,85.454
jor,sex_m,ocu_isco08_9,2017,67.14
jor,sex_m,ocu_isco08_9,2018,63.888
jor,sex_m,ocu_isco08_9,2019,79.305
jor,sex_m,ocu_isco08_9,2020,87.99
jor,sex_m,ocu_isco08_9,2021,103.52
jor,sex_m,ocu_isco08_9,2022,128.754
jor,sex_m,ocu_isco08_9,2023,106.696
jor,sex_m,ocu_isco08_total,2017,809.365
jor,sex_m,ocu_isco08_total,2018,934.201
jor,sex_m,ocu_isco08_total,2019,1108.171
jor,sex_m,ocu_isco08_total,2020,1137.298
jor,sex_m,ocu_isco08_total,2021,1089.415
jor,sex_m,ocu_isco08_total,2022,1194.873
jor,sex_m,ocu_isco08_total,2023,1317.133
jor,sex_m,ocu_isco08_x,2020,1.822
jor,sex_m,ocu_isco08_x,2021,3.978
jor,sex_m,ocu_isco08_x,2022,2.821
jor,sex_m,ocu_skill_l1,2017,67.14
jor,sex_m,ocu_skill_l1,2018,63.888
jor,sex_m,ocu_skill_l1,2019,79.305
jor,sex_m,ocu_skill_l1,2020,87.99
jor,sex_m,ocu_skill_l1,2021,103.52
jor,sex_m,ocu_skill_l1,2022,128.754
jor,sex_m,ocu_skill_l1,2023,106.696
jor,sex_m,ocu_skill_l2,2017,698.353
jor,sex_m,ocu_skill_l2,2018,824.826
jor,sex_m,ocu_skill_l2,2019,989.814
jor,sex_m,ocu_skill_l2,2020,1016.204
jor,sex_m,ocu_skill_l2,2021,944.387
jor,sex_m,ocu_skill_l2,2022,1025.443
jor,sex_m,ocu_skill_l2,2023,1170.668
jor,sex_m,ocu_skill_l3_4,2017,43.872
jor,sex_m,ocu_skill_l3_4,2018,45.487
jor,sex_m,ocu_skill_l3_4,2019,38.999
jor,sex_m,ocu_skill_l3_4,2020,31.282
jor,sex_m,ocu_skill_l3_4,2021,37.531
jor,sex_m,ocu_skill_l3_4,2022,37.855
jor,sex_m,ocu_skill_l3_4,2023,39.769
jor,sex_m,ocu_skill_total,2017,809.365
jor,sex_m,ocu_skill_total,2018,934.201
jor,sex_m,ocu_skill_total,2019,1108.171
jor,sex_m,ocu_skill_total,2020,1137.298
jor,sex_m,ocu_skill_total,2021,1089.415
jor,sex_m,ocu_skill_total,2022,1194.873
jor,sex_m,ocu_skill_total,2023,1317.133
jor,sex_m,ocu_skill_x,2020,1.822
jor,sex_m,ocu_skill_x,2021,3.978
jor,sex_m,ocu_skill_x,2022,2.821
jor,sex_t,ocu_isco08_1,2017,0.612
jor,sex_t,ocu_isco08_1,2018,0.146
jor,sex_t,ocu_isco08_2,2017,43.151
jor,sex_t,ocu_isco08_2,2018,46.314
jor,sex_t,ocu_isco08_2,2019,39.457
jor,sex_t,ocu_isco08_2,2020,28.409
jor,sex_t,ocu_isco08_2,2021,38.912
jor,sex_t,ocu_isco08_2,2022,36.01
jor,sex_t,ocu_isco08_2,2023,38.298
jor,sex_t,ocu_isco08_3,2017,22.372
jor,sex_t,ocu_isco08_3,2018,15.64
jor,sex_t,ocu_isco08_3,2019,14.637
jor,sex_t,ocu_isco08_3,2020,13.728
jor,sex_t,ocu_isco08_3,2021,14.065
jor,sex_t,ocu_isco08_3,2022,17.355
jor,sex_t,ocu_isco08_3,2023,19.338
jor,sex_t,ocu_isco08_4,2017,18.166
jor,sex_t,ocu_isco08_4,2018,12.036
jor,sex_t,ocu_isco08_4,2019,9.422
jor,sex_t,ocu_isco08_4,2020,9.969
jor,sex_t,ocu_isco08_4,2021,14.349
jor,sex_t,ocu_isco08_4,2022,11.582
jor,sex_t,ocu_isco08_4,2023,11.601
jor,sex_t,ocu_isco08_5,2017,292.06
jor,sex_t,ocu_isco08_5,2018,416.462
jor,sex_t,ocu_isco08_5,2019,595.393
jor,sex_t,ocu_isco08_5,2020,646.539
jor,sex_t,ocu_isco08_5,2021,561.92
jor,sex_t,ocu_isco08_5,2022,632.142
jor,sex_t,ocu_isco08_5,2023,772.346
jor,sex_t,ocu_isco08_6,2017,60.739
jor,sex_t,ocu_isco08_6,2018,67.074
jor,sex_t,ocu_isco08_6,2019,58.231
jor,sex_t,ocu_isco08_6,2020,60.203
jor,sex_t,ocu_isco08_6,2021,52.289
jor,sex_t,ocu_isco08_6,2022,51.482
jor,sex_t,ocu_isco08_6,2023,46.977
jor,sex_t,ocu_isco08_7,2017,259.735
jor,sex_t,ocu_isco08_7,2018,265.195
jor,sex_t,ocu_isco08_7,2019,270.032
jor,sex_t,ocu_isco08_7,2020,253.98
jor,sex_t,ocu_isco08_7,2021,266.735
jor,sex_t,ocu_isco08_7,2022,285.76
jor,sex_t,ocu_isco08_7,2023,280.49
jor,sex_t,ocu_isco08_8,2017,97.72
jor,sex_t,ocu_isco08_8,2018,87.395
jor,sex_t,ocu_isco08_8,2019,80.496
jor,sex_t,ocu_isco08_8,2020,68.199
jor,sex_t,ocu_isco08_8,2021,72.285
jor,sex_t,ocu_isco08_8,2022,71.762
jor,sex_t,ocu_isco08_8,2023,85.454
jor,sex_t,ocu_isco08_9,2017,153.397
jor,sex_t,ocu_isco08_9,2018,132.929
jor,sex_t,ocu_isco08_9,2019,139.166
jor,sex_t,ocu_isco08_9,2020,186.495
jor,sex_t,ocu_isco08_9,2021,181.863
jor,sex_t,ocu_isco08_9,2022,209.321
jor,sex_t,ocu_isco08_9,2023,263.464
jor,sex_t,ocu_isco08_total,2017,947.952
jor,sex_t,ocu_isco08_total,2018,1043.189
jor,sex_t,ocu_isco08_total,2019,1206.94
jor,sex_t,ocu_isco08_total,2020,1269.765
jor,sex_t,ocu_isco08_total,2021,1206.531
jor,sex_t,ocu_isco08_total,2022,1318.469
jor,sex_t,ocu_isco08_total,2023,1518.12
jor,sex_t,ocu_isco08_x,2020,2.132
jor,sex_t,ocu_isco08_x,2021,3.978
jor,sex_t,ocu_isco08_x,2022,2.895
jor,sex_t,ocu_skill_l1,2017,153.397
jor,sex_t,ocu_skill_l1,2018,132.929
jor,sex_t,ocu_skill_l1,2019,139.166
jor,sex_t,ocu_skill_l1,2020,186.495
jor,sex_t,ocu_skill_l1,2021,181.863
jor,sex_t,ocu_skill_l1,2022,209.321
jor,sex_t,ocu_skill_l1,2023,263.464
jor,sex_t,ocu_skill_l2,2017,728.419
jor,sex_t,ocu_skill_l2,2018,848.161
jor,sex_t,ocu_skill_l2,2019,1013.574
jor,sex_t,ocu_skill_l2,2020,1038.891
jor,sex_t,ocu_skill_l2,2021,967.579
jor,sex_t,ocu_skill_l2,2022,1052.728
jor,sex_t,ocu_skill_l2,2023,1196.866
jor,sex_t,ocu_skill_l3_4,2017,66.136
jor,sex_t,ocu_skill_l3_4,2018,62.1
jor,sex_t,ocu_skill_l3_4,2019,54.147
jor,sex_t,ocu_skill_l3_4,2020,42.247
jor,sex_t,ocu_skill_l3_4,2021,53.11
jor,sex_t,ocu_skill_l3_4,2022,53.525
jor,sex_t,ocu_skill_l3_4,2023,57.79
jor,sex_t,ocu_skill_total,2017,947.952
jor,sex_t,ocu_skill_total,2018,1043.189
jor,sex_t,ocu_skill_total,2019,1206.94
jor,sex_t,ocu_skill_total,2020,1269.765
jor,sex_t,ocu_skill_total,2021,1206.531
jor,sex_t,ocu_skill_total,2022,1318.469
jor,sex_t,ocu_skill_total,2023,1518.12
jor,sex_t,ocu_skill_x,2020,2.132
jor,sex_t,ocu_skill_x,2021,3.978
jor,sex_t,ocu_skill_x,2022,2.895
ken,sex_f,ocu_isco08_0,2019,3.211
ken,sex_f,ocu_isco08_1,2019,385.327
ken,sex_f,ocu_isco08_2,2019,219.13
ken,sex_f,ocu_isco08_3,2019,54.793
ken,sex_f,ocu_isco08_4,2019,28.077
ken,sex_f,ocu_isco08_5,2019,892.516
ken,sex_f,ocu_isco08_6,2019,2840.143
ken,sex_f,ocu_isco08_7,2019,220.664
ken,sex_f,ocu_isco08_8,2019,87.931
ken,sex_f,ocu_isco08_9,2019,3310.097
ken,sex_f,ocu_isco08_total,2019,8044.129
ken,sex_f,ocu_skill_l1,2019,3310.097
ken,sex_f,ocu_skill_l2,2019,4069.33
ken,sex_f,ocu_skill_l3_4,2019,659.25
ken,sex_f,ocu_skill_total,2019,8044.129
ken,sex_f,ocu_skill_x,2019,5.452
ken,sex_m,ocu_isco08_0,2019,27.608
ken,sex_m,ocu_isco08_1,2019,322.431
ken,sex_m,ocu_isco08_2,2019,278.448
ken,sex_m,ocu_isco08_3,2019,188.817
ken,sex_m,ocu_isco08_4,2019,30.334
ken,sex_m,ocu_isco08_5,2019,580.98
ken,sex_m,ocu_isco08_6,2019,2272.999
ken,sex_m,ocu_isco08_7,2019,840.498
ken,sex_m,ocu_isco08_8,2019,648.843
ken,sex_m,ocu_isco08_9,2019,2959.116
ken,sex_m,ocu_isco08_total,2019,8150.505
ken,sex_m,ocu_skill_l1,2019,2959.116
ken,sex_m,ocu_skill_l2,2019,4373.654
ken,sex_m,ocu_skill_l3_4,2019,789.695
ken,sex_m,ocu_skill_total,2019,8150.505
ken,sex_m,ocu_skill_x,2019,28.04
ken,sex_t,ocu_isco08_0,2019,30.819
ken,sex_t,ocu_isco08_1,2019,707.758
ken,sex_t,ocu_isco08_2,2019,497.578
ken,sex_t,ocu_isco08_3,2019,243.61
ken,sex_t,ocu_isco08_4,2019,58.411
ken,sex_t,ocu_isco08_5,2019,1473.495
ken,sex_t,ocu_isco08_6,2019,5113.142
ken,sex_t,ocu_isco08_7,2019,1061.162
ken,sex_t,ocu_isco08_8,2019,736.774
ken,sex_t,ocu_isco08_9,2019,6269.213
ken,sex_t,ocu_isco08_total,2019,16194.634
ken,sex_t,ocu_skill_l1,2019,6269.213
ken,sex_t,ocu_skill_l2,2019,8442.984
ken,sex_t,ocu_skill_l3_4,2019,1448.946
ken,sex_t,ocu_skill_total,2019,16194.634
ken,sex_t,ocu_skill_x,2019,33.492
kgz,sex_f,ocu_isco08_1,2012,0.359
kgz,sex_f,ocu_isco08_1,2013,0.719
kgz,sex_f,ocu_isco08_1,2016,0.802
kgz,sex_f,ocu_isco08_1,2017,1.064
kgz,sex_f,ocu_isco08_1,2018,1.953
kgz,sex_f,ocu_isco08_1,2019,4.402
kgz,sex_f,ocu_isco08_1,2020,4.335
kgz,sex_f,ocu_isco08_1,2021,4.957
kgz,sex_f,ocu_isco08_1,2022,7
kgz,sex_f,ocu_isco08_1,2023,9.572
kgz,sex_f,ocu_isco08_2,2012,11.161
kgz,sex_f,ocu_isco08_2,2013,9.509
kgz,sex_f,ocu_isco08_2,2014,9.542
kgz,sex_f,ocu_isco08_2,2015,15.566
kgz,sex_f,ocu_isco08_2,2016,20.524
kgz,sex_f,ocu_isco08_2,2017,13.431
kgz,sex_f,ocu_isco08_2,2018,12.756
kgz,sex_f,ocu_isco08_2,2019,19.661
kgz,sex_f,ocu_isco08_2,2020,23.765
kgz,sex_f,ocu_isco08_2,2021,27.179
kgz,sex_f,ocu_isco08_2,2022,23.301
kgz,sex_f,ocu_isco08_2,2023,23.747
kgz,sex_f,ocu_isco08_3,2012,12.776
kgz,sex_f,ocu_isco08_3,2013,20.89
kgz,sex_f,ocu_isco08_3,2014,26.815
kgz,sex_f,ocu_isco08_3,2015,26.906
kgz,sex_f,ocu_isco08_3,2016,30.655
kgz,sex_f,ocu_isco08_3,2017,29.446
kgz,sex_f,ocu_isco08_3,2018,26.496
kgz,sex_f,ocu_isco08_3,2019,20.486
kgz,sex_f,ocu_isco08_3,2020,12.37
kgz,sex_f,ocu_isco08_3,2021,13.564
kgz,sex_f,ocu_isco08_3,2022,14.321
kgz,sex_f,ocu_isco08_3,2023,13.551
kgz,sex_f,ocu_isco08_4,2012,4.82
kgz,sex_f,ocu_isco08_4,2013,2.927
kgz,sex_f,ocu_isco08_4,2014,3.623
kgz,sex_f,ocu_isco08_4,2015,5.219
kgz,sex_f,ocu_isco08_4,2016,5.502
kgz,sex_f,ocu_isco08_4,2017,3.773
kgz,sex_f,ocu_isco08_4,2018,3.76
kgz,sex_f,ocu_isco08_4,2019,5.702
kgz,sex_f,ocu_isco08_4,2020,5.722
kgz,sex_f,ocu_isco08_4,2021,7.233
kgz,sex_f,ocu_isco08_4,2022,8.459
kgz,sex_f,ocu_isco08_4,2023,8.198
kgz,sex_f,ocu_isco08_5,2012,122.159
kgz,sex_f,ocu_isco08_5,2013,105.331
kgz,sex_f,ocu_isco08_5,2014,102.728
kgz,sex_f,ocu_isco08_5,2015,119.31
kgz,sex_f,ocu_isco08_5,2016,115.61
kgz,sex_f,ocu_isco08_5,2017,102.392
kgz,sex_f,ocu_isco08_5,2018,115.685
kgz,sex_f,ocu_isco08_5,2019,144.762
kgz,sex_f,ocu_isco08_5,2020,123.987
kgz,sex_f,ocu_isco08_5,2021,134.354
kgz,sex_f,ocu_isco08_5,2022,138.054
kgz,sex_f,ocu_isco08_5,2023,153.318
kgz,sex_f,ocu_isco08_6,2012,216.654
kgz,sex_f,ocu_isco08_6,2013,188.808
kgz,sex_f,ocu_isco08_6,2014,205.039
kgz,sex_f,ocu_isco08_6,2015,195.254
kgz,sex_f,ocu_isco08_6,2016,221.19
kgz,sex_f,ocu_isco08_6,2017,81.102
kgz,sex_f,ocu_isco08_6,2018,88.556
kgz,sex_f,ocu_isco08_6,2019,147.743
kgz,sex_f,ocu_isco08_6,2020,135.941
kgz,sex_f,ocu_isco08_6,2021,148.078
kgz,sex_f,ocu_isco08_6,2022,161.4
kgz,sex_f,ocu_isco08_6,2023,164.794
kgz,sex_f,ocu_isco08_7,2012,60.028
kgz,sex_f,ocu_isco08_7,2013,58.793
kgz,sex_f,ocu_isco08_7,2014,68.32
kgz,sex_f,ocu_isco08_7,2015,61.984
kgz,sex_f,ocu_isco08_7,2016,61.684
kgz,sex_f,ocu_isco08_7,2017,58.547
kgz,sex_f,ocu_isco08_7,2018,68.818
kgz,sex_f,ocu_isco08_7,2019,74.882
kgz,sex_f,ocu_isco08_7,2020,77.085
kgz,sex_f,ocu_isco08_7,2021,86.95
kgz,sex_f,ocu_isco08_7,2022,88.096
kgz,sex_f,ocu_isco08_7,2023,95.035
kgz,sex_f,ocu_isco08_8,2012,2.858
kgz,sex_f,ocu_isco08_8,2013,38.085
kgz,sex_f,ocu_isco08_8,2014,49.53
kgz,sex_f,ocu_isco08_8,2015,45.432
kgz,sex_f,ocu_isco08_8,2016,3.349
kgz,sex_f,ocu_isco08_8,2017,8.047
kgz,sex_f,ocu_isco08_8,2018,3.498
kgz,sex_f,ocu_isco08_8,2019,3.358
kgz,sex_f,ocu_isco08_8,2020,2.523
kgz,sex_f,ocu_isco08_8,2021,3.644
kgz,sex_f,ocu_isco08_8,2022,7.856
kgz,sex_f,ocu_isco08_8,2023,7.223
kgz,sex_f,ocu_isco08_9,2012,54.76
kgz,sex_f,ocu_isco08_9,2013,52.364
kgz,sex_f,ocu_isco08_9,2014,53.009
kgz,sex_f,ocu_isco08_9,2015,57.872
kgz,sex_f,ocu_isco08_9,2016,50.462
kgz,sex_f,ocu_isco08_9,2017,125.492
kgz,sex_f,ocu_isco08_9,2018,133.632
kgz,sex_f,ocu_isco08_9,2019,59.651
kgz,sex_f,ocu_isco08_9,2020,79.143
kgz,sex_f,ocu_isco08_9,2021,72.541
kgz,sex_f,ocu_isco08_9,2022,74.708
kgz,sex_f,ocu_isco08_9,2023,69.562
kgz,sex_f,ocu_isco08_total,2012,485.575
kgz,sex_f,ocu_isco08_total,2013,478.052
kgz,sex_f,ocu_isco08_total,2014,519.579
kgz,sex_f,ocu_isco08_total,2015,527.954
kgz,sex_f,ocu_isco08_total,2016,509.801
kgz,sex_f,ocu_isco08_total,2017,432.418
kgz,sex_f,ocu_isco08_total,2018,455.359
kgz,sex_f,ocu_isco08_total,2019,481.4
kgz,sex_f,ocu_isco08_total,2020,464.87
kgz,sex_f,ocu_isco08_total,2021,498.5
kgz,sex_f,ocu_isco08_total,2022,523.197
kgz,sex_f,ocu_isco08_total,2023,545
kgz,sex_f,ocu_isco08_x,2017,9.124
kgz,sex_f,ocu_isco08_x,2019,0.752
kgz,sex_f,ocu_skill_l1,2012,54.76
kgz,sex_f,ocu_skill_l1,2013,52.364
kgz,sex_f,ocu_skill_l1,2014,53.009
kgz,sex_f,ocu_skill_l1,2015,57.872
kgz,sex_f,ocu_skill_l1,2016,50.462
kgz,sex_f,ocu_skill_l1,2017,125.492
kgz,sex_f,ocu_skill_l1,2018,133.632
kgz,sex_f,ocu_skill_l1,2019,59.651
kgz,sex_f,ocu_skill_l1,2020,79.143
kgz,sex_f,ocu_skill_l1,2021,72.541
kgz,sex_f,ocu_skill_l1,2022,74.708
kgz,sex_f,ocu_skill_l1,2023,69.562
kgz,sex_f,ocu_skill_l2,2012,406.519
kgz,sex_f,ocu_skill_l2,2013,393.945
kgz,sex_f,ocu_skill_l2,2014,429.24
kgz,sex_f,ocu_skill_l2,2015,427.199
kgz,sex_f,ocu_skill_l2,2016,407.336
kgz,sex_f,ocu_skill_l2,2017,253.86
kgz,sex_f,ocu_skill_l2,2018,280.318
kgz,sex_f,ocu_skill_l2,2019,376.448
kgz,sex_f,ocu_skill_l2,2020,345.258
kgz,sex_f,ocu_skill_l2,2021,380.259
kgz,sex_f,ocu_skill_l2,2022,403.866
kgz,sex_f,ocu_skill_l2,2023,428.568
kgz,sex_f,ocu_skill_l3_4,2012,24.296
kgz,sex_f,ocu_skill_l3_4,2013,31.117
kgz,sex_f,ocu_skill_l3_4,2014,36.798
kgz,sex_f,ocu_skill_l3_4,2015,42.647
kgz,sex_f,ocu_skill_l3_4,2016,51.981
kgz,sex_f,ocu_skill_l3_4,2017,43.941
kgz,sex_f,ocu_skill_l3_4,2018,41.205
kgz,sex_f,ocu_skill_l3_4,2019,44.549
kgz,sex_f,ocu_skill_l3_4,2020,40.469
kgz,sex_f,ocu_skill_l3_4,2021,45.7
kgz,sex_f,ocu_skill_l3_4,2022,44.623
kgz,sex_f,ocu_skill_l3_4,2023,46.871
kgz,sex_f,ocu_skill_total,2012,485.575
kgz,sex_f,ocu_skill_total,2013,478.052
kgz,sex_f,ocu_skill_total,2014,519.579
kgz,sex_f,ocu_skill_total,2015,527.954
kgz,sex_f,ocu_skill_total,2016,509.801
kgz,sex_f,ocu_skill_total,2017,432.418
kgz,sex_f,ocu_skill_total,2018,455.359
kgz,sex_f,ocu_skill_total,2019,481.4
kgz,sex_f,ocu_skill_total,2020,464.87
kgz,sex_f,ocu_skill_total,2021,498.5
kgz,sex_f,ocu_skill_total,2022,523.197
kgz,sex_f,ocu_skill_total,2023,545
kgz,sex_f,ocu_skill_x,2017,9.124
kgz,sex_f,ocu_skill_x,2019,0.752
kgz,sex_m,ocu_isco08_0,2017,0.463
kgz,sex_m,ocu_isco08_1,2012,1.794
kgz,sex_m,ocu_isco08_1,2013,1.423
kgz,sex_m,ocu_isco08_1,2014,1.321
kgz,sex_m,ocu_isco08_1,2015,1.842
kgz,sex_m,ocu_isco08_1,2016,2.871
kgz,sex_m,ocu_isco08_1,2017,5.608
kgz,sex_m,ocu_isco08_1,2018,3.555
kgz,sex_m,ocu_isco08_1,2019,7.146
kgz,sex_m,ocu_isco08_1,2020,4.692
kgz,sex_m,ocu_isco08_1,2021,5.919
kgz,sex_m,ocu_isco08_1,2022,8.566
kgz,sex_m,ocu_isco08_1,2023,9.874
kgz,sex_m,ocu_isco08_2,2012,7.782
kgz,sex_m,ocu_isco08_2,2013,19.036
kgz,sex_m,ocu_isco08_2,2014,18.543
kgz,sex_m,ocu_isco08_2,2015,19.725
kgz,sex_m,ocu_isco08_2,2016,20.263
kgz,sex_m,ocu_isco08_2,2017,11.631
kgz,sex_m,ocu_isco08_2,2018,13.665
kgz,sex_m,ocu_isco08_2,2019,19.307
kgz,sex_m,ocu_isco08_2,2020,21.663
kgz,sex_m,ocu_isco08_2,2021,25.696
kgz,sex_m,ocu_isco08_2,2022,25.447
kgz,sex_m,ocu_isco08_2,2023,25.496
kgz,sex_m,ocu_isco08_3,2012,12.198
kgz,sex_m,ocu_isco08_3,2013,20.121
kgz,sex_m,ocu_isco08_3,2014,26.302
kgz,sex_m,ocu_isco08_3,2015,25.366
kgz,sex_m,ocu_isco08_3,2016,28.74
kgz,sex_m,ocu_isco08_3,2017,18.475
kgz,sex_m,ocu_isco08_3,2018,21.062
kgz,sex_m,ocu_isco08_3,2019,25.237
kgz,sex_m,ocu_isco08_3,2020,27.787
kgz,sex_m,ocu_isco08_3,2021,29.093
kgz,sex_m,ocu_isco08_3,2022,37.216
kgz,sex_m,ocu_isco08_3,2023,35.541
kgz,sex_m,ocu_isco08_4,2012,4.908
kgz,sex_m,ocu_isco08_4,2013,2.791
kgz,sex_m,ocu_isco08_4,2014,2.144
kgz,sex_m,ocu_isco08_4,2015,4.576
kgz,sex_m,ocu_isco08_4,2016,6.986
kgz,sex_m,ocu_isco08_4,2017,1.872
kgz,sex_m,ocu_isco08_4,2018,3.453
kgz,sex_m,ocu_isco08_4,2019,3.82
kgz,sex_m,ocu_isco08_4,2020,7.078
kgz,sex_m,ocu_isco08_4,2021,12.834
kgz,sex_m,ocu_isco08_4,2022,8.341
kgz,sex_m,ocu_isco08_4,2023,10.178
kgz,sex_m,ocu_isco08_5,2012,86.038
kgz,sex_m,ocu_isco08_5,2013,88.346
kgz,sex_m,ocu_isco08_5,2014,99.74
kgz,sex_m,ocu_isco08_5,2015,98.938
kgz,sex_m,ocu_isco08_5,2016,94.62
kgz,sex_m,ocu_isco08_5,2017,84.232
kgz,sex_m,ocu_isco08_5,2018,104.197
kgz,sex_m,ocu_isco08_5,2019,109.405
kgz,sex_m,ocu_isco08_5,2020,112.247
kgz,sex_m,ocu_isco08_5,2021,129.202
kgz,sex_m,ocu_isco08_5,2022,122.404
kgz,sex_m,ocu_isco08_5,2023,126.999
kgz,sex_m,ocu_isco08_6,2012,166.137
kgz,sex_m,ocu_isco08_6,2013,137.911
kgz,sex_m,ocu_isco08_6,2014,139.876
kgz,sex_m,ocu_isco08_6,2015,127.454
kgz,sex_m,ocu_isco08_6,2016,173.747
kgz,sex_m,ocu_isco08_6,2017,82.056
kgz,sex_m,ocu_isco08_6,2018,81.245
kgz,sex_m,ocu_isco08_6,2019,101.836
kgz,sex_m,ocu_isco08_6,2020,140.634
kgz,sex_m,ocu_isco08_6,2021,139.296
kgz,sex_m,ocu_isco08_6,2022,140.985
kgz,sex_m,ocu_isco08_6,2023,141.966
kgz,sex_m,ocu_isco08_7,2012,256.212
kgz,sex_m,ocu_isco08_7,2013,251.256
kgz,sex_m,ocu_isco08_7,2014,263.503
kgz,sex_m,ocu_isco08_7,2015,294.178
kgz,sex_m,ocu_isco08_7,2016,294.833
kgz,sex_m,ocu_isco08_7,2017,162.81
kgz,sex_m,ocu_isco08_7,2018,190.099
kgz,sex_m,ocu_isco08_7,2019,272.378
kgz,sex_m,ocu_isco08_7,2020,239.157
kgz,sex_m,ocu_isco08_7,2021,283.159
kgz,sex_m,ocu_isco08_7,2022,285.096
kgz,sex_m,ocu_isco08_7,2023,289.543
kgz,sex_m,ocu_isco08_8,2012,73.248
kgz,sex_m,ocu_isco08_8,2013,101.715
kgz,sex_m,ocu_isco08_8,2014,104.047
kgz,sex_m,ocu_isco08_8,2015,119.501
kgz,sex_m,ocu_isco08_8,2016,100.993
kgz,sex_m,ocu_isco08_8,2017,117.045
kgz,sex_m,ocu_isco08_8,2018,102.804
kgz,sex_m,ocu_isco08_8,2019,132.145
kgz,sex_m,ocu_isco08_8,2020,130.001
kgz,sex_m,ocu_isco08_8,2021,154.48
kgz,sex_m,ocu_isco08_8,2022,157.462
kgz,sex_m,ocu_isco08_8,2023,159.745
kgz,sex_m,ocu_isco08_9,2012,93.465
kgz,sex_m,ocu_isco08_9,2013,105.67
kgz,sex_m,ocu_isco08_9,2014,92.997
kgz,sex_m,ocu_isco08_9,2015,90.031
kgz,sex_m,ocu_isco08_9,2016,93.3
kgz,sex_m,ocu_isco08_9,2017,315.787
kgz,sex_m,ocu_isco08_9,2018,280.412
kgz,sex_m,ocu_isco08_9,2019,221.687
kgz,sex_m,ocu_isco08_9,2020,198.403
kgz,sex_m,ocu_isco08_9,2021,200.693
kgz,sex_m,ocu_isco08_9,2022,188.964
kgz,sex_m,ocu_isco08_9,2023,178.552
kgz,sex_m,ocu_isco08_total,2012,702.23
kgz,sex_m,ocu_isco08_total,2013,729.068
kgz,sex_m,ocu_isco08_total,2014,749.193
kgz,sex_m,ocu_isco08_total,2015,782.307
kgz,sex_m,ocu_isco08_total,2016,817.439
kgz,sex_m,ocu_isco08_total,2017,809.31
kgz,sex_m,ocu_isco08_total,2018,801.46
kgz,sex_m,ocu_isco08_total,2019,893.995
kgz,sex_m,ocu_isco08_total,2020,881.718
kgz,sex_m,ocu_isco08_total,2021,980.372
kgz,sex_m,ocu_isco08_total,2022,974.481
kgz,sex_m,ocu_isco08_total,2023,977.896
kgz,sex_m,ocu_isco08_x,2013,0.798
kgz,sex_m,ocu_isco08_x,2014,0.718
kgz,sex_m,ocu_isco08_x,2016,1.086
kgz,sex_m,ocu_isco08_x,2017,9.332
kgz,sex_m,ocu_isco08_x,2018,0.97
kgz,sex_m,ocu_isco08_x,2019,1.032
kgz,sex_m,ocu_skill_l1,2012,93.465
kgz,sex_m,ocu_skill_l1,2013,105.67
kgz,sex_m,ocu_skill_l1,2014,92.997
kgz,sex_m,ocu_skill_l1,2015,90.031
kgz,sex_m,ocu_skill_l1,2016,93.3
kgz,sex_m,ocu_skill_l1,2017,315.787
kgz,sex_m,ocu_skill_l1,2018,280.412
kgz,sex_m,ocu_skill_l1,2019,221.687
kgz,sex_m,ocu_skill_l1,2020,198.403
kgz,sex_m,ocu_skill_l1,2021,200.693
kgz,sex_m,ocu_skill_l1,2022,188.964
kgz,sex_m,ocu_skill_l1,2023,178.552
kgz,sex_m,ocu_skill_l2,2012,586.543
kgz,sex_m,ocu_skill_l2,2013,582.019
kgz,sex_m,ocu_skill_l2,2014,609.312
kgz,sex_m,ocu_skill_l2,2015,644.648
kgz,sex_m,ocu_skill_l2,2016,671.178
kgz,sex_m,ocu_skill_l2,2017,448.014
kgz,sex_m,ocu_skill_l2,2018,481.797
kgz,sex_m,ocu_skill_l2,2019,619.586
kgz,sex_m,ocu_skill_l2,2020,629.118
kgz,sex_m,ocu_skill_l2,2021,718.971
kgz,sex_m,ocu_skill_l2,2022,714.288
kgz,sex_m,ocu_skill_l2,2023,728.432
kgz,sex_m,ocu_skill_l3_4,2012,21.775
kgz,sex_m,ocu_skill_l3_4,2013,40.58
kgz,sex_m,ocu_skill_l3_4,2014,46.166
kgz,sex_m,ocu_skill_l3_4,2015,46.933
kgz,sex_m,ocu_skill_l3_4,2016,51.874
kgz,sex_m,ocu_skill_l3_4,2017,35.714
kgz,sex_m,ocu_skill_l3_4,2018,38.282
kgz,sex_m,ocu_skill_l3_4,2019,51.69
kgz,sex_m,ocu_skill_l3_4,2020,54.142
kgz,sex_m,ocu_skill_l3_4,2021,60.708
kgz,sex_m,ocu_skill_l3_4,2022,71.229
kgz,sex_m,ocu_skill_l3_4,2023,70.911
kgz,sex_m,ocu_skill_total,2012,702.23
kgz,sex_m,ocu_skill_total,2013,729.068
kgz,sex_m,ocu_skill_total,2014,749.193
kgz,sex_m,ocu_skill_total,2015,782.307
kgz,sex_m,ocu_skill_total,2016,817.439
kgz,sex_m,ocu_skill_total,2017,809.31
kgz,sex_m,ocu_skill_total,2018,801.46
kgz,sex_m,ocu_skill_total,2019,893.995
kgz,sex_m,ocu_skill_total,2020,881.718
kgz,sex_m,ocu_skill_total,2021,980.372
kgz,sex_m,ocu_skill_total,2022,974.481
kgz,sex_m,ocu_skill_total,2023,977.896
kgz,sex_m,ocu_skill_x,2013,0.798
kgz,sex_m,ocu_skill_x,2014,0.718
kgz,sex_m,ocu_skill_x,2016,1.086
kgz,sex_m,ocu_skill_x,2017,9.795
kgz,sex_m,ocu_skill_x,2018,0.97
kgz,sex_m,ocu_skill_x,2019,1.032
kgz,sex_t,ocu_isco08_0,2017,0.463
kgz,sex_t,ocu_isco08_1,2012,2.154
kgz,sex_t,ocu_isco08_1,2013,2.142
kgz,sex_t,ocu_isco08_1,2014,1.763
kgz,sex_t,ocu_isco08_1,2015,2.018
kgz,sex_t,ocu_isco08_1,2016,3.674
kgz,sex_t,ocu_isco08_1,2017,6.672
kgz,sex_t,ocu_isco08_1,2018,5.508
kgz,sex_t,ocu_isco08_1,2019,11.548
kgz,sex_t,ocu_isco08_1,2020,9.027
kgz,sex_t,ocu_isco08_1,2021,10.876
kgz,sex_t,ocu_isco08_1,2022,15.567
kgz,sex_t,ocu_isco08_1,2023,19.447
kgz,sex_t,ocu_isco08_2,2012,18.943
kgz,sex_t,ocu_isco08_2,2013,28.545
kgz,sex_t,ocu_isco08_2,2014,28.085
kgz,sex_t,ocu_isco08_2,2015,35.29
kgz,sex_t,ocu_isco08_2,2016,40.787
kgz,sex_t,ocu_isco08_2,2017,25.062
kgz,sex_t,ocu_isco08_2,2018,26.42
kgz,sex_t,ocu_isco08_2,2019,38.968
kgz,sex_t,ocu_isco08_2,2020,45.428
kgz,sex_t,ocu_isco08_2,2021,52.875
kgz,sex_t,ocu_isco08_2,2022,48.748
kgz,sex_t,ocu_isco08_2,2023,49.243
kgz,sex_t,ocu_isco08_3,2012,24.974
kgz,sex_t,ocu_isco08_3,2013,41.01
kgz,sex_t,ocu_isco08_3,2014,53.117
kgz,sex_t,ocu_isco08_3,2015,52.272
kgz,sex_t,ocu_isco08_3,2016,59.395
kgz,sex_t,ocu_isco08_3,2017,47.921
kgz,sex_t,ocu_isco08_3,2018,47.558
kgz,sex_t,ocu_isco08_3,2019,45.724
kgz,sex_t,ocu_isco08_3,2020,40.156
kgz,sex_t,ocu_isco08_3,2021,42.657
kgz,sex_t,ocu_isco08_3,2022,51.537
kgz,sex_t,ocu_isco08_3,2023,49.092
kgz,sex_t,ocu_isco08_4,2012,9.729
kgz,sex_t,ocu_isco08_4,2013,5.718
kgz,sex_t,ocu_isco08_4,2014,5.767
kgz,sex_t,ocu_isco08_4,2015,9.795
kgz,sex_t,ocu_isco08_4,2016,12.488
kgz,sex_t,ocu_isco08_4,2017,5.645
kgz,sex_t,ocu_isco08_4,2018,7.213
kgz,sex_t,ocu_isco08_4,2019,9.522
kgz,sex_t,ocu_isco08_4,2020,12.8
kgz,sex_t,ocu_isco08_4,2021,20.067
kgz,sex_t,ocu_isco08_4,2022,16.799
kgz,sex_t,ocu_isco08_4,2023,18.376
kgz,sex_t,ocu_isco08_5,2012,208.198
kgz,sex_t,ocu_isco08_5,2013,193.677
kgz,sex_t,ocu_isco08_5,2014,202.469
kgz,sex_t,ocu_isco08_5,2015,218.248
kgz,sex_t,ocu_isco08_5,2016,210.23
kgz,sex_t,ocu_isco08_5,2017,186.624
kgz,sex_t,ocu_isco08_5,2018,219.882
kgz,sex_t,ocu_isco08_5,2019,254.168
kgz,sex_t,ocu_isco08_5,2020,236.234
kgz,sex_t,ocu_isco08_5,2021,263.556
kgz,sex_t,ocu_isco08_5,2022,260.459
kgz,sex_t,ocu_isco08_5,2023,280.317
kgz,sex_t,ocu_isco08_6,2012,382.79
kgz,sex_t,ocu_isco08_6,2013,326.719
kgz,sex_t,ocu_isco08_6,2014,344.916
kgz,sex_t,ocu_isco08_6,2015,322.708
kgz,sex_t,ocu_isco08_6,2016,394.937
kgz,sex_t,ocu_isco08_6,2017,163.158
kgz,sex_t,ocu_isco08_6,2018,169.801
kgz,sex_t,ocu_isco08_6,2019,249.58
kgz,sex_t,ocu_isco08_6,2020,276.575
kgz,sex_t,ocu_isco08_6,2021,287.374
kgz,sex_t,ocu_isco08_6,2022,302.385
kgz,sex_t,ocu_isco08_6,2023,306.76
kgz,sex_t,ocu_isco08_7,2012,316.24
kgz,sex_t,ocu_isco08_7,2013,310.05
kgz,sex_t,ocu_isco08_7,2014,331.824
kgz,sex_t,ocu_isco08_7,2015,356.162
kgz,sex_t,ocu_isco08_7,2016,356.518
kgz,sex_t,ocu_isco08_7,2017,221.356
kgz,sex_t,ocu_isco08_7,2018,258.917
kgz,sex_t,ocu_isco08_7,2019,347.261
kgz,sex_t,ocu_isco08_7,2020,316.242
kgz,sex_t,ocu_isco08_7,2021,370.109
kgz,sex_t,ocu_isco08_7,2022,373.192
kgz,sex_t,ocu_isco08_7,2023,384.578
kgz,sex_t,ocu_isco08_8,2012,76.105
kgz,sex_t,ocu_isco08_8,2013,139.8
kgz,sex_t,ocu_isco08_8,2014,153.577
kgz,sex_t,ocu_isco08_8,2015,164.934
kgz,sex_t,ocu_isco08_8,2016,104.342
kgz,sex_t,ocu_isco08_8,2017,125.092
kgz,sex_t,ocu_isco08_8,2018,106.302
kgz,sex_t,ocu_isco08_8,2019,135.503
kgz,sex_t,ocu_isco08_8,2020,132.525
kgz,sex_t,ocu_isco08_8,2021,158.124
kgz,sex_t,ocu_isco08_8,2022,165.319
kgz,sex_t,ocu_isco08_8,2023,166.968
kgz,sex_t,ocu_isco08_9,2012,148.225
kgz,sex_t,ocu_isco08_9,2013,158.034
kgz,sex_t,ocu_isco08_9,2014,146.007
kgz,sex_t,ocu_isco08_9,2015,147.903
kgz,sex_t,ocu_isco08_9,2016,143.763
kgz,sex_t,ocu_isco08_9,2017,441.279
kgz,sex_t,ocu_isco08_9,2018,414.044
kgz,sex_t,ocu_isco08_9,2019,281.338
kgz,sex_t,ocu_isco08_9,2020,277.545
kgz,sex_t,ocu_isco08_9,2021,273.234
kgz,sex_t,ocu_isco08_9,2022,263.672
kgz,sex_t,ocu_isco08_9,2023,248.114
kgz,sex_t,ocu_isco08_total,2012,1187.805
kgz,sex_t,ocu_isco08_total,2013,1207.119
kgz,sex_t,ocu_isco08_total,2014,1268.772
kgz,sex_t,ocu_isco08_total,2015,1310.261
kgz,sex_t,ocu_isco08_total,2016,1327.24
kgz,sex_t,ocu_isco08_total,2017,1241.728
kgz,sex_t,ocu_isco08_total,2018,1256.819
kgz,sex_t,ocu_isco08_total,2019,1375.395
kgz,sex_t,ocu_isco08_total,2020,1346.588
kgz,sex_t,ocu_isco08_total,2021,1478.872
kgz,sex_t,ocu_isco08_total,2022,1497.678
kgz,sex_t,ocu_isco08_total,2023,1522.896
kgz,sex_t,ocu_isco08_x,2013,1.424
kgz,sex_t,ocu_isco08_x,2014,1.249
kgz,sex_t,ocu_isco08_x,2015,0.931
kgz,sex_t,ocu_isco08_x,2016,1.107
kgz,sex_t,ocu_isco08_x,2017,18.456
kgz,sex_t,ocu_isco08_x,2018,1.174
kgz,sex_t,ocu_isco08_x,2019,1.784
kgz,sex_t,ocu_skill_l1,2012,148.225
kgz,sex_t,ocu_skill_l1,2013,158.034
kgz,sex_t,ocu_skill_l1,2014,146.007
kgz,sex_t,ocu_skill_l1,2015,147.903
kgz,sex_t,ocu_skill_l1,2016,143.763
kgz,sex_t,ocu_skill_l1,2017,441.279
kgz,sex_t,ocu_skill_l1,2018,414.044
kgz,sex_t,ocu_skill_l1,2019,281.338
kgz,sex_t,ocu_skill_l1,2020,277.545
kgz,sex_t,ocu_skill_l1,2021,273.234
kgz,sex_t,ocu_skill_l1,2022,263.672
kgz,sex_t,ocu_skill_l1,2023,248.114
kgz,sex_t,ocu_skill_l2,2012,993.062
kgz,sex_t,ocu_skill_l2,2013,975.964
kgz,sex_t,ocu_skill_l2,2014,1038.552
kgz,sex_t,ocu_skill_l2,2015,1071.847
kgz,sex_t,ocu_skill_l2,2016,1078.514
kgz,sex_t,ocu_skill_l2,2017,701.875
kgz,sex_t,ocu_skill_l2,2018,762.115
kgz,sex_t,ocu_skill_l2,2019,996.034
kgz,sex_t,ocu_skill_l2,2020,974.376
kgz,sex_t,ocu_skill_l2,2021,1099.23
kgz,sex_t,ocu_skill_l2,2022,1118.154
kgz,sex_t,ocu_skill_l2,2023,1157
kgz,sex_t,ocu_skill_l3_4,2012,46.071
kgz,sex_t,ocu_skill_l3_4,2013,71.698
kgz,sex_t,ocu_skill_l3_4,2014,82.964
kgz,sex_t,ocu_skill_l3_4,2015,89.58
kgz,sex_t,ocu_skill_l3_4,2016,103.856
kgz,sex_t,ocu_skill_l3_4,2017,79.655
kgz,sex_t,ocu_skill_l3_4,2018,79.487
kgz,sex_t,ocu_skill_l3_4,2019,96.239
kgz,sex_t,ocu_skill_l3_4,2020,94.611
kgz,sex_t,ocu_skill_l3_4,2021,106.408
kgz,sex_t,ocu_skill_l3_4,2022,115.852
kgz,sex_t,ocu_skill_l3_4,2023,117.782
kgz,sex_t,ocu_skill_total,2012,1187.805
kgz,sex_t,ocu_skill_total,2013,1207.119
kgz,sex_t,ocu_skill_total,2014,1268.772
kgz,sex_t,ocu_skill_total,2015,1310.261
kgz,sex_t,ocu_skill_total,2016,1327.24
kgz,sex_t,ocu_skill_total,2017,1241.728
kgz,sex_t,ocu_skill_total,2018,1256.819
kgz,sex_t,ocu_skill_total,2019,1375.395
kgz,sex_t,ocu_skill_total,2020,1346.588
kgz,sex_t,ocu_skill_total,2021,1478.872
kgz,sex_t,ocu_skill_total,2022,1497.678
kgz,sex_t,ocu_skill_total,2023,1522.896
kgz,sex_t,ocu_skill_x,2013,1.424
kgz,sex_t,ocu_skill_x,2014,1.249
kgz,sex_t,ocu_skill_x,2015,0.931
kgz,sex_t,ocu_skill_x,2016,1.107
kgz,sex_t,ocu_skill_x,2017,18.919
kgz,sex_t,ocu_skill_x,2018,1.174
kgz,sex_t,ocu_skill_x,2019,1.784
khm,sex_f,ocu_isco08_0,2019,3.422
khm,sex_f,ocu_isco08_1,2012,34.788
khm,sex_f,ocu_isco08_1,2019,23.299
khm,sex_f,ocu_isco08_2,2012,54.646
khm,sex_f,ocu_isco08_2,2019,95.435
khm,sex_f,ocu_isco08_3,2012,78.192
khm,sex_f,ocu_isco08_3,2019,70.342
khm,sex_f,ocu_isco08_4,2012,40.14
khm,sex_f,ocu_isco08_4,2019,49.895
khm,sex_f,ocu_isco08_5,2012,1011.359
khm,sex_f,ocu_isco08_5,2019,1048.263
khm,sex_f,ocu_isco08_6,2012,802.093
khm,sex_f,ocu_isco08_6,2019,1544.38
khm,sex_f,ocu_isco08_7,2012,311.007
khm,sex_f,ocu_isco08_7,2019,584.083
khm,sex_f,ocu_isco08_8,2012,460.298
khm,sex_f,ocu_isco08_8,2019,42.109
khm,sex_f,ocu_isco08_9,2012,471.921
khm,sex_f,ocu_isco08_9,2019,322.408
khm,sex_f,ocu_isco08_total,2012,3264.444
khm,sex_f,ocu_isco08_total,2019,3783.635
khm,sex_f,ocu_skill_l1,2012,471.921
khm,sex_f,ocu_skill_l1,2019,322.408
khm,sex_f,ocu_skill_l2,2012,2624.897
khm,sex_f,ocu_skill_l2,2019,3268.73
khm,sex_f,ocu_skill_l3_4,2012,167.626
khm,sex_f,ocu_skill_l3_4,2019,189.076
khm,sex_f,ocu_skill_total,2012,3264.444
khm,sex_f,ocu_skill_total,2019,3783.635
khm,sex_f,ocu_skill_x,2019,3.422
khm,sex_m,ocu_isco08_0,2012,9.362
khm,sex_m,ocu_isco08_0,2019,36.664
khm,sex_m,ocu_isco08_1,2012,69.172
khm,sex_m,ocu_isco08_1,2019,57.74
khm,sex_m,ocu_isco08_2,2012,101.647
khm,sex_m,ocu_isco08_2,2019,101.533
khm,sex_m,ocu_isco08_3,2012,151.461
khm,sex_m,ocu_isco08_3,2019,134.348
khm,sex_m,ocu_isco08_4,2012,60.025
khm,sex_m,ocu_isco08_4,2019,41.604
khm,sex_m,ocu_isco08_5,2012,488.043
khm,sex_m,ocu_isco08_5,2019,514.396
khm,sex_m,ocu_isco08_6,2012,884.635
khm,sex_m,ocu_isco08_6,2019,1516.832
khm,sex_m,ocu_isco08_7,2012,531.855
khm,sex_m,ocu_isco08_7,2019,863.993
khm,sex_m,ocu_isco08_8,2012,405.481
khm,sex_m,ocu_isco08_8,2019,322.17
khm,sex_m,ocu_isco08_9,2012,768.811
khm,sex_m,ocu_isco08_9,2019,415.943
khm,sex_m,ocu_isco08_total,2012,3470.492
khm,sex_m,ocu_isco08_total,2019,4005.223
khm,sex_m,ocu_skill_l1,2012,768.811
khm,sex_m,ocu_skill_l1,2019,415.943
khm,sex_m,ocu_skill_l2,2012,2370.039
khm,sex_m,ocu_skill_l2,2019,3258.995
khm,sex_m,ocu_skill_l3_4,2012,322.28
khm,sex_m,ocu_skill_l3_4,2019,293.621
khm,sex_m,ocu_skill_total,2012,3470.492
khm,sex_m,ocu_skill_total,2019,4005.223
khm,sex_m,ocu_skill_x,2012,9.362
khm,sex_m,ocu_skill_x,2019,36.664
khm,sex_t,ocu_isco08_0,2012,9.362
khm,sex_t,ocu_isco08_0,2019,40.086
khm,sex_t,ocu_isco08_1,2012,103.96
khm,sex_t,ocu_isco08_1,2019,81.038
khm,sex_t,ocu_isco08_2,2012,156.293
khm,sex_t,ocu_isco08_2,2019,196.968
khm,sex_t,ocu_isco08_3,2012,229.653
khm,sex_t,ocu_isco08_3,2019,204.69
khm,sex_t,ocu_isco08_4,2012,100.165
khm,sex_t,ocu_isco08_4,2019,91.499
khm,sex_t,ocu_isco08_5,2012,1499.402
khm,sex_t,ocu_isco08_5,2019,1562.658
khm,sex_t,ocu_isco08_6,2012,1686.728
khm,sex_t,ocu_isco08_6,2019,3061.211
khm,sex_t,ocu_isco08_7,2012,842.862
khm,sex_t,ocu_isco08_7,2019,1448.077
khm,sex_t,ocu_isco08_8,2012,865.779
khm,sex_t,ocu_isco08_8,2019,364.279
khm,sex_t,ocu_isco08_9,2012,1240.732
khm,sex_t,ocu_isco08_9,2019,738.351
khm,sex_t,ocu_isco08_total,2012,6734.936
khm,sex_t,ocu_isco08_total,2019,7788.859
khm,sex_t,ocu_skill_l1,2012,1240.732
khm,sex_t,ocu_skill_l1,2019,738.351
khm,sex_t,ocu_skill_l2,2012,4994.937
khm,sex_t,ocu_skill_l2,2019,6527.725
khm,sex_t,ocu_skill_l3_4,2012,489.906
khm,sex_t,ocu_skill_l3_4,2019,482.697
khm,sex_t,ocu_skill_total,2012,6734.936
khm,sex_t,ocu_skill_total,2019,7788.859
khm,sex_t,ocu_skill_x,2012,9.362
khm,sex_t,ocu_skill_x,2019,40.086
kir,sex_f,ocu_isco08_1,2019,0.191
kir,sex_f,ocu_isco08_1,2020,0.109
kir,sex_f,ocu_isco08_1,2023,0.143
kir,sex_f,ocu_isco08_2,2019,0.273
kir,sex_f,ocu_isco08_2,2020,0.267
kir,sex_f,ocu_isco08_2,2023,0.47
kir,sex_f,ocu_isco08_3,2019,0.088
kir,sex_f,ocu_isco08_3,2020,0.06
kir,sex_f,ocu_isco08_3,2023,0.106
kir,sex_f,ocu_isco08_4,2019,0.098
kir,sex_f,ocu_isco08_4,2020,0.076
kir,sex_f,ocu_isco08_4,2023,0.209
kir,sex_f,ocu_isco08_5,2019,2.642
kir,sex_f,ocu_isco08_5,2020,1.328
kir,sex_f,ocu_isco08_5,2023,2.336
kir,sex_f,ocu_isco08_6,2019,0.096
kir,sex_f,ocu_isco08_6,2020,0.211
kir,sex_f,ocu_isco08_6,2023,0.127
kir,sex_f,ocu_isco08_7,2019,0.566
kir,sex_f,ocu_isco08_7,2020,2.576
kir,sex_f,ocu_isco08_7,2023,4.805
kir,sex_f,ocu_isco08_8,2020,0.137
kir,sex_f,ocu_isco08_8,2023,0.11
kir,sex_f,ocu_isco08_9,2019,0.61
kir,sex_f,ocu_isco08_9,2020,2.064
kir,sex_f,ocu_isco08_9,2023,2.075
kir,sex_f,ocu_isco08_total,2019,4.581
kir,sex_f,ocu_isco08_total,2020,6.828
kir,sex_f,ocu_isco08_total,2023,10.398
kir,sex_f,ocu_skill_l1,2019,0.61
kir,sex_f,ocu_skill_l1,2020,2.064
kir,sex_f,ocu_skill_l1,2023,2.075
kir,sex_f,ocu_skill_l2,2019,3.418
kir,sex_f,ocu_skill_l2,2020,4.328
kir,sex_f,ocu_skill_l2,2023,7.587
kir,sex_f,ocu_skill_l3_4,2019,0.553
kir,sex_f,ocu_skill_l3_4,2020,0.436
kir,sex_f,ocu_skill_l3_4,2023,0.719
kir,sex_f,ocu_skill_total,2019,4.581
kir,sex_f,ocu_skill_total,2020,6.828
kir,sex_f,ocu_skill_total,2023,10.398
kir,sex_m,ocu_isco08_1,2019,0.267
kir,sex_m,ocu_isco08_1,2020,0.181
kir,sex_m,ocu_isco08_1,2023,0.198
kir,sex_m,ocu_isco08_2,2019,0.294
kir,sex_m,ocu_isco08_2,2020,0.271
kir,sex_m,ocu_isco08_2,2023,0.452
kir,sex_m,ocu_isco08_3,2019,0.117
kir,sex_m,ocu_isco08_3,2020,0.182
kir,sex_m,ocu_isco08_3,2023,0.208
kir,sex_m,ocu_isco08_4,2020,0.047
kir,sex_m,ocu_isco08_4,2023,0.109
kir,sex_m,ocu_isco08_5,2019,1.333
kir,sex_m,ocu_isco08_5,2020,0.847
kir,sex_m,ocu_isco08_5,2023,1.986
kir,sex_m,ocu_isco08_6,2019,0.93
kir,sex_m,ocu_isco08_6,2020,1.019
kir,sex_m,ocu_isco08_6,2023,0.917
kir,sex_m,ocu_isco08_7,2019,0.588
kir,sex_m,ocu_isco08_7,2020,1.045
kir,sex_m,ocu_isco08_7,2023,2.188
kir,sex_m,ocu_isco08_8,2019,0.485
kir,sex_m,ocu_isco08_8,2020,0.3
kir,sex_m,ocu_isco08_8,2023,0.612
kir,sex_m,ocu_isco08_9,2019,3.354
kir,sex_m,ocu_isco08_9,2020,6.681
kir,sex_m,ocu_isco08_9,2023,6.612
kir,sex_m,ocu_isco08_total,2019,7.402
kir,sex_m,ocu_isco08_total,2020,10.573
kir,sex_m,ocu_isco08_total,2023,13.282
kir,sex_m,ocu_skill_l1,2019,3.354
kir,sex_m,ocu_skill_l1,2020,6.681
kir,sex_m,ocu_skill_l1,2023,6.612
kir,sex_m,ocu_skill_l2,2019,3.37
kir,sex_m,ocu_skill_l2,2020,3.258
kir,sex_m,ocu_skill_l2,2023,5.812
kir,sex_m,ocu_skill_l3_4,2019,0.678
kir,sex_m,ocu_skill_l3_4,2020,0.634
kir,sex_m,ocu_skill_l3_4,2023,0.857
kir,sex_m,ocu_skill_total,2019,7.402
kir,sex_m,ocu_skill_total,2020,10.573
kir,sex_m,ocu_skill_total,2023,13.282
kir,sex_t,ocu_isco08_1,2019,0.458
kir,sex_t,ocu_isco08_1,2020,0.29
kir,sex_t,ocu_isco08_1,2023,0.341
kir,sex_t,ocu_isco08_2,2019,0.567
kir,sex_t,ocu_isco08_2,2020,0.538
kir,sex_t,ocu_isco08_2,2023,0.922
kir,sex_t,ocu_isco08_3,2019,0.205
kir,sex_t,ocu_isco08_3,2020,0.242
kir,sex_t,ocu_isco08_3,2023,0.313
kir,sex_t,ocu_isco08_4,2019,0.132
kir,sex_t,ocu_isco08_4,2020,0.123
kir,sex_t,ocu_isco08_4,2023,0.318
kir,sex_t,ocu_isco08_5,2019,3.975
kir,sex_t,ocu_isco08_5,2020,2.175
kir,sex_t,ocu_isco08_5,2023,4.322
kir,sex_t,ocu_isco08_6,2019,1.026
kir,sex_t,ocu_isco08_6,2020,1.23
kir,sex_t,ocu_isco08_6,2023,1.045
kir,sex_t,ocu_isco08_7,2019,1.154
kir,sex_t,ocu_isco08_7,2020,3.621
kir,sex_t,ocu_isco08_7,2023,6.993
kir,sex_t,ocu_isco08_8,2019,0.5
kir,sex_t,ocu_isco08_8,2020,0.437
kir,sex_t,ocu_isco08_8,2023,0.722
kir,sex_t,ocu_isco08_9,2019,3.964
kir,sex_t,ocu_isco08_9,2020,8.745
kir,sex_t,ocu_isco08_9,2023,8.688
kir,sex_t,ocu_isco08_total,2019,11.983
kir,sex_t,ocu_isco08_total,2020,17.401
kir,sex_t,ocu_isco08_total,2023,23.68
kir,sex_t,ocu_skill_l1,2019,3.964
kir,sex_t,ocu_skill_l1,2020,8.745
kir,sex_t,ocu_skill_l1,2023,8.688
kir,sex_t,ocu_skill_l2,2019,6.788
kir,sex_t,ocu_skill_l2,2020,7.586
kir,sex_t,ocu_skill_l2,2023,13.4
kir,sex_t,ocu_skill_l3_4,2019,1.231
kir,sex_t,ocu_skill_l3_4,2020,1.07
kir,sex_t,ocu_skill_l3_4,2023,1.576
kir,sex_t,ocu_skill_total,2019,11.983
kir,sex_t,ocu_skill_total,2020,17.401
kir,sex_t,ocu_skill_total,2023,23.68
lao,sex_f,ocu_isco08_0,2017,0.932
lao,sex_f,ocu_isco08_0,2022,3.584
lao,sex_f,ocu_isco08_1,2017,103.253
lao,sex_f,ocu_isco08_1,2022,1.976
lao,sex_f,ocu_isco08_2,2017,23.954
lao,sex_f,ocu_isco08_2,2022,12.091
lao,sex_f,ocu_isco08_3,2017,6.139
lao,sex_f,ocu_isco08_3,2022,41.851
lao,sex_f,ocu_isco08_4,2017,4.173
lao,sex_f,ocu_isco08_4,2022,3.199
lao,sex_f,ocu_isco08_5,2017,103.782
lao,sex_f,ocu_isco08_5,2022,266.296
lao,sex_f,ocu_isco08_6,2017,834.125
lao,sex_f,ocu_isco08_6,2022,1097.009
lao,sex_f,ocu_isco08_7,2017,74.206
lao,sex_f,ocu_isco08_7,2022,46.08
lao,sex_f,ocu_isco08_8,2017,8.673
lao,sex_f,ocu_isco08_8,2022,13.04
lao,sex_f,ocu_isco08_9,2017,39.418
lao,sex_f,ocu_isco08_9,2022,51.966
lao,sex_f,ocu_isco08_total,2017,1209.373
lao,sex_f,ocu_isco08_total,2022,1537.092
lao,sex_f,ocu_isco08_x,2017,10.717
lao,sex_f,ocu_skill_l1,2017,39.418
lao,sex_f,ocu_skill_l1,2022,51.966
lao,sex_f,ocu_skill_l2,2017,1024.959
lao,sex_f,ocu_skill_l2,2022,1425.624
lao,sex_f,ocu_skill_l3_4,2017,133.346
lao,sex_f,ocu_skill_l3_4,2022,55.918
lao,sex_f,ocu_skill_total,2017,1209.373
lao,sex_f,ocu_skill_total,2022,1537.092
lao,sex_f,ocu_skill_x,2017,11.649
lao,sex_f,ocu_skill_x,2022,3.584
lao,sex_m,ocu_isco08_0,2017,6.072
lao,sex_m,ocu_isco08_0,2022,12.695
lao,sex_m,ocu_isco08_1,2017,52.157
lao,sex_m,ocu_isco08_1,2022,7.044
lao,sex_m,ocu_isco08_2,2017,22.954
lao,sex_m,ocu_isco08_2,2022,10.441
lao,sex_m,ocu_isco08_3,2017,10.045
lao,sex_m,ocu_isco08_3,2022,46.029
lao,sex_m,ocu_isco08_4,2017,7.068
lao,sex_m,ocu_isco08_4,2022,0.666
lao,sex_m,ocu_isco08_5,2017,43.852
lao,sex_m,ocu_isco08_5,2022,111.611
lao,sex_m,ocu_isco08_6,2017,849.061
lao,sex_m,ocu_isco08_6,2022,1147.136
lao,sex_m,ocu_isco08_7,2017,107.872
lao,sex_m,ocu_isco08_7,2022,38.944
lao,sex_m,ocu_isco08_8,2017,55.609
lao,sex_m,ocu_isco08_8,2022,44.468
lao,sex_m,ocu_isco08_9,2017,76.896
lao,sex_m,ocu_isco08_9,2022,219.219
lao,sex_m,ocu_isco08_total,2017,1234.696
lao,sex_m,ocu_isco08_total,2022,1638.416
lao,sex_m,ocu_isco08_x,2017,3.111
lao,sex_m,ocu_skill_l1,2017,76.896
lao,sex_m,ocu_skill_l1,2022,219.219
lao,sex_m,ocu_skill_l2,2017,1063.462
lao,sex_m,ocu_skill_l2,2022,1342.826
lao,sex_m,ocu_skill_l3_4,2017,85.156
lao,sex_m,ocu_skill_l3_4,2022,63.514
lao,sex_m,ocu_skill_total,2017,1234.696
lao,sex_m,ocu_skill_total,2022,1638.416
lao,sex_m,ocu_skill_x,2017,9.183
lao,sex_m,ocu_skill_x,2022,12.857
lao,sex_t,ocu_isco08_0,2017,7.004
lao,sex_t,ocu_isco08_0,2022,16.279
lao,sex_t,ocu_isco08_1,2017,155.41
lao,sex_t,ocu_isco08_1,2022,9.02
lao,sex_t,ocu_isco08_2,2017,46.908
lao,sex_t,ocu_isco08_2,2022,22.532
lao,sex_t,ocu_isco08_3,2017,16.184
lao,sex_t,ocu_isco08_3,2022,87.88
lao,sex_t,ocu_isco08_4,2017,11.241
lao,sex_t,ocu_isco08_4,2022,3.866
lao,sex_t,ocu_isco08_5,2017,147.634
lao,sex_t,ocu_isco08_5,2022,377.907
lao,sex_t,ocu_isco08_6,2017,1683.186
lao,sex_t,ocu_isco08_6,2022,2244.146
lao,sex_t,ocu_isco08_7,2017,182.078
lao,sex_t,ocu_isco08_7,2022,85.024
lao,sex_t,ocu_isco08_8,2017,64.282
lao,sex_t,ocu_isco08_8,2022,57.508
lao,sex_t,ocu_isco08_9,2017,116.314
lao,sex_t,ocu_isco08_9,2022,271.185
lao,sex_t,ocu_isco08_total,2017,2444.069
lao,sex_t,ocu_isco08_total,2022,3175.508
lao,sex_t,ocu_isco08_x,2017,13.828
lao,sex_t,ocu_skill_l1,2017,116.314
lao,sex_t,ocu_skill_l1,2022,271.185
lao,sex_t,ocu_skill_l2,2017,2088.422
lao,sex_t,ocu_skill_l2,2022,2768.45
lao,sex_t,ocu_skill_l3_4,2017,218.502
lao,sex_t,ocu_skill_l3_4,2022,119.432
lao,sex_t,ocu_skill_total,2017,2444.069
lao,sex_t,ocu_skill_total,2022,3175.508
lao,sex_t,ocu_skill_x,2017,20.832
lao,sex_t,ocu_skill_x,2022,16.441
lbn,sex_f,ocu_isco08_1,2019,3.758
lbn,sex_f,ocu_isco08_2,2019,47.221
lbn,sex_f,ocu_isco08_3,2019,11.458
lbn,sex_f,ocu_isco08_4,2019,8.566
lbn,sex_f,ocu_isco08_5,2019,56.356
lbn,sex_f,ocu_isco08_6,2019,4.609
lbn,sex_f,ocu_isco08_7,2019,11.358
lbn,sex_f,ocu_isco08_8,2019,1.935
lbn,sex_f,ocu_isco08_9,2019,123.67
lbn,sex_f,ocu_isco08_total,2019,270.314
lbn,sex_f,ocu_isco08_x,2019,1.375
lbn,sex_f,ocu_skill_l1,2019,123.67
lbn,sex_f,ocu_skill_l2,2019,82.824
lbn,sex_f,ocu_skill_l3_4,2019,62.437
lbn,sex_f,ocu_skill_total,2019,270.314
lbn,sex_f,ocu_skill_x,2019,1.384
lbn,sex_m,ocu_isco08_0,2019,0.222
lbn,sex_m,ocu_isco08_1,2019,23.975
lbn,sex_m,ocu_isco08_2,2019,30.81
lbn,sex_m,ocu_isco08_3,2019,15.924
lbn,sex_m,ocu_isco08_4,2019,8.949
lbn,sex_m,ocu_isco08_5,2019,125.461
lbn,sex_m,ocu_isco08_6,2019,29.246
lbn,sex_m,ocu_isco08_7,2019,193.389
lbn,sex_m,ocu_isco08_8,2019,93.52
lbn,sex_m,ocu_isco08_9,2019,88.667
lbn,sex_m,ocu_isco08_total,2019,613.939
lbn,sex_m,ocu_isco08_x,2019,3.775
lbn,sex_m,ocu_skill_l1,2019,88.667
lbn,sex_m,ocu_skill_l2,2019,450.565
lbn,sex_m,ocu_skill_l3_4,2019,70.709
lbn,sex_m,ocu_skill_total,2019,613.939
lbn,sex_m,ocu_skill_x,2019,3.998
lbn,sex_t,ocu_isco08_0,2019,0.232
lbn,sex_t,ocu_isco08_1,2019,27.733
lbn,sex_t,ocu_isco08_2,2019,78.031
lbn,sex_t,ocu_isco08_3,2019,27.382
lbn,sex_t,ocu_isco08_4,2019,17.515
lbn,sex_t,ocu_isco08_5,2019,181.817
lbn,sex_t,ocu_isco08_6,2019,33.855
lbn,sex_t,ocu_isco08_7,2019,204.747
lbn,sex_t,ocu_isco08_8,2019,95.455
lbn,sex_t,ocu_isco08_9,2019,212.337
lbn,sex_t,ocu_isco08_total,2019,884.253
lbn,sex_t,ocu_isco08_x,2019,5.15
lbn,sex_t,ocu_skill_l1,2019,212.337
lbn,sex_t,ocu_skill_l2,2019,533.389
lbn,sex_t,ocu_skill_l3_4,2019,133.146
lbn,sex_t,ocu_skill_total,2019,884.253
lbn,sex_t,ocu_skill_x,2019,5.381
lbr,sex_f,ocu_isco08_0,2017,2.546
lbr,sex_f,ocu_isco08_1,2010,1.014
lbr,sex_f,ocu_isco08_1,2017,13.428
lbr,sex_f,ocu_isco08_2,2010,18.932
lbr,sex_f,ocu_isco08_2,2017,14.854
lbr,sex_f,ocu_isco08_3,2010,2.372
lbr,sex_f,ocu_isco08_3,2017,12.221
lbr,sex_f,ocu_isco08_4,2010,0.948
lbr,sex_f,ocu_isco08_4,2017,0.934
lbr,sex_f,ocu_isco08_5,2010,150.296
lbr,sex_f,ocu_isco08_5,2017,99.099
lbr,sex_f,ocu_isco08_6,2010,195.399
lbr,sex_f,ocu_isco08_6,2017,119.476
lbr,sex_f,ocu_isco08_7,2010,15.452
lbr,sex_f,ocu_isco08_7,2017,5.127
lbr,sex_f,ocu_isco08_8,2010,2.776
lbr,sex_f,ocu_isco08_8,2017,1.406
lbr,sex_f,ocu_isco08_9,2010,104.88
lbr,sex_f,ocu_isco08_9,2017,17.574
lbr,sex_f,ocu_isco08_total,2010,496.954
lbr,sex_f,ocu_isco08_total,2017,480.714
lbr,sex_f,ocu_isco08_x,2010,4.884
lbr,sex_f,ocu_isco08_x,2017,194.049
lbr,sex_f,ocu_skill_l1,2010,104.88
lbr,sex_f,ocu_skill_l1,2017,17.574
lbr,sex_f,ocu_skill_l2,2010,364.871
lbr,sex_f,ocu_skill_l2,2017,226.042
lbr,sex_f,ocu_skill_l3_4,2010,22.318
lbr,sex_f,ocu_skill_l3_4,2017,40.502
lbr,sex_f,ocu_skill_total,2010,496.954
lbr,sex_f,ocu_skill_total,2017,480.714
lbr,sex_f,ocu_skill_x,2010,4.884
lbr,sex_f,ocu_skill_x,2017,196.596
lbr,sex_m,ocu_isco08_0,2017,1.891
lbr,sex_m,ocu_isco08_1,2010,5.241
lbr,sex_m,ocu_isco08_1,2017,9.124
lbr,sex_m,ocu_isco08_2,2010,23.944
lbr,sex_m,ocu_isco08_2,2017,23.221
lbr,sex_m,ocu_isco08_3,2010,4.36
lbr,sex_m,ocu_isco08_3,2017,14.158
lbr,sex_m,ocu_isco08_4,2010,2.159
lbr,sex_m,ocu_isco08_4,2017,2.446
lbr,sex_m,ocu_isco08_5,2010,63.18
lbr,sex_m,ocu_isco08_5,2017,45.115
lbr,sex_m,ocu_isco08_6,2010,202.205
lbr,sex_m,ocu_isco08_6,2017,98.877
lbr,sex_m,ocu_isco08_7,2010,38.914
lbr,sex_m,ocu_isco08_7,2017,21.4
lbr,sex_m,ocu_isco08_8,2010,14.987
lbr,sex_m,ocu_isco08_8,2017,15.932
lbr,sex_m,ocu_isco08_9,2010,73.18
lbr,sex_m,ocu_isco08_9,2017,33.258
lbr,sex_m,ocu_isco08_total,2010,439.559
lbr,sex_m,ocu_isco08_total,2017,447.208
lbr,sex_m,ocu_isco08_x,2010,11.389
lbr,sex_m,ocu_isco08_x,2017,181.787
lbr,sex_m,ocu_skill_l1,2010,73.18
lbr,sex_m,ocu_skill_l1,2017,33.258
lbr,sex_m,ocu_skill_l2,2010,321.445
lbr,sex_m,ocu_skill_l2,2017,183.77
lbr,sex_m,ocu_skill_l3_4,2010,33.545
lbr,sex_m,ocu_skill_l3_4,2017,46.503
lbr,sex_m,ocu_skill_total,2010,439.559
lbr,sex_m,ocu_skill_total,2017,447.208
lbr,sex_m,ocu_skill_x,2010,11.389
lbr,sex_m,ocu_skill_x,2017,183.677
lbr,sex_t,ocu_isco08_0,2017,4.437
lbr,sex_t,ocu_isco08_1,2010,6.255
lbr,sex_t,ocu_isco08_1,2017,22.551
lbr,sex_t,ocu_isco08_2,2010,42.876
lbr,sex_t,ocu_isco08_2,2017,38.074
lbr,sex_t,ocu_isco08_3,2010,6.732
lbr,sex_t,ocu_isco08_3,2017,26.379
lbr,sex_t,ocu_isco08_4,2010,3.107
lbr,sex_t,ocu_isco08_4,2017,3.381
lbr,sex_t,ocu_isco08_5,2010,213.476
lbr,sex_t,ocu_isco08_5,2017,144.214
lbr,sex_t,ocu_isco08_6,2010,397.604
lbr,sex_t,ocu_isco08_6,2017,218.353
lbr,sex_t,ocu_isco08_7,2010,54.366
lbr,sex_t,ocu_isco08_7,2017,26.526
lbr,sex_t,ocu_isco08_8,2010,17.763
lbr,sex_t,ocu_isco08_8,2017,17.338
lbr,sex_t,ocu_isco08_9,2010,178.06
lbr,sex_t,ocu_isco08_9,2017,50.832
lbr,sex_t,ocu_isco08_total,2010,936.513
lbr,sex_t,ocu_isco08_total,2017,927.922
lbr,sex_t,ocu_isco08_x,2010,16.273
lbr,sex_t,ocu_isco08_x,2017,375.836
lbr,sex_t,ocu_skill_l1,2010,178.06
lbr,sex_t,ocu_skill_l1,2017,50.832
lbr,sex_t,ocu_skill_l2,2010,686.316
lbr,sex_t,ocu_skill_l2,2017,409.812
lbr,sex_t,ocu_skill_l3_4,2010,55.863
lbr,sex_t,ocu_skill_l3_4,2017,87.004
lbr,sex_t,ocu_skill_total,2010,936.513
lbr,sex_t,ocu_skill_total,2017,927.922
lbr,sex_t,ocu_skill_x,2010,16.273
lbr,sex_t,ocu_skill_x,2017,380.273
lca,sex_f,ocu_isco08_1,2017,0.294
lca,sex_f,ocu_isco08_1,2018,0.533
lca,sex_f,ocu_isco08_1,2019,0.745
lca,sex_f,ocu_isco08_1,2020,0.392
lca,sex_f,ocu_isco08_1,2021,0.431
lca,sex_f,ocu_isco08_1,2022,0.556
lca,sex_f,ocu_isco08_1,2023,0.56
lca,sex_f,ocu_isco08_1,2024,0.721
lca,sex_f,ocu_isco08_2,2017,0.321
lca,sex_f,ocu_isco08_2,2018,0.279
lca,sex_f,ocu_isco08_2,2019,0.26
lca,sex_f,ocu_isco08_2,2021,0.229
lca,sex_f,ocu_isco08_2,2022,0.279
lca,sex_f,ocu_isco08_2,2023,0.387
lca,sex_f,ocu_isco08_2,2024,0.283
lca,sex_f,ocu_isco08_3,2018,0.172
lca,sex_f,ocu_isco08_3,2019,0.163
lca,sex_f,ocu_isco08_3,2021,0.147
lca,sex_f,ocu_isco08_3,2022,0.216
lca,sex_f,ocu_isco08_3,2023,0.254
lca,sex_f,ocu_isco08_4,2019,0.128
lca,sex_f,ocu_isco08_4,2020,0.174
lca,sex_f,ocu_isco08_4,2023,0.334
lca,sex_f,ocu_isco08_4,2024,0.153
lca,sex_f,ocu_isco08_5,2017,4.411
lca,sex_f,ocu_isco08_5,2018,3.752
lca,sex_f,ocu_isco08_5,2019,4.81
lca,sex_f,ocu_isco08_5,2020,2.827
lca,sex_f,ocu_isco08_5,2021,3.469
lca,sex_f,ocu_isco08_5,2022,4.533
lca,sex_f,ocu_isco08_5,2023,4.28
lca,sex_f,ocu_isco08_5,2024,4.193
lca,sex_f,ocu_isco08_6,2017,1.038
lca,sex_f,ocu_isco08_6,2018,0.924
lca,sex_f,ocu_isco08_6,2019,0.581
lca,sex_f,ocu_isco08_6,2020,0.581
lca,sex_f,ocu_isco08_6,2021,1.251
lca,sex_f,ocu_isco08_6,2022,0.947
lca,sex_f,ocu_isco08_6,2023,0.993
lca,sex_f,ocu_isco08_6,2024,0.961
lca,sex_f,ocu_isco08_7,2017,0.523
lca,sex_f,ocu_isco08_7,2018,0.522
lca,sex_f,ocu_isco08_7,2019,0.688
lca,sex_f,ocu_isco08_7,2020,0.346
lca,sex_f,ocu_isco08_7,2021,0.683
lca,sex_f,ocu_isco08_7,2022,0.715
lca,sex_f,ocu_isco08_7,2023,0.486
lca,sex_f,ocu_isco08_7,2024,0.554
lca,sex_f,ocu_isco08_8,2019,0.118
lca,sex_f,ocu_isco08_8,2020,0
lca,sex_f,ocu_isco08_9,2017,1.153
lca,sex_f,ocu_isco08_9,2018,1.773
lca,sex_f,ocu_isco08_9,2019,1.235
lca,sex_f,ocu_isco08_9,2020,1.048
lca,sex_f,ocu_isco08_9,2021,0.987
lca,sex_f,ocu_isco08_9,2022,0.811
lca,sex_f,ocu_isco08_9,2023,1.255
lca,sex_f,ocu_isco08_9,2024,0.816
lca,sex_f,ocu_isco08_total,2017,8.421
lca,sex_f,ocu_isco08_total,2018,8.957
lca,sex_f,ocu_isco08_total,2019,9.054
lca,sex_f,ocu_isco08_total,2020,6.051
lca,sex_f,ocu_isco08_total,2021,7.695
lca,sex_f,ocu_isco08_total,2022,8.477
lca,sex_f,ocu_isco08_total,2023,9.063
lca,sex_f,ocu_isco08_total,2024,8.258
lca,sex_f,ocu_isco08_x,2017,0.546
lca,sex_f,ocu_isco08_x,2018,0.802
lca,sex_f,ocu_isco08_x,2019,0.325
lca,sex_f,ocu_isco08_x,2020,0.459
lca,sex_f,ocu_isco08_x,2021,0.318
lca,sex_f,ocu_isco08_x,2022,0.357
lca,sex_f,ocu_isco08_x,2023,0.478
lca,sex_f,ocu_isco08_x,2024,0.402
lca,sex_f,ocu_skill_l1,2017,1.153
lca,sex_f,ocu_skill_l1,2018,1.773
lca,sex_f,ocu_skill_l1,2019,1.235
lca,sex_f,ocu_skill_l1,2020,1.048
lca,sex_f,ocu_skill_l1,2021,0.987
lca,sex_f,ocu_skill_l1,2022,0.811
lca,sex_f,ocu_skill_l1,2023,1.255
lca,sex_f,ocu_skill_l1,2024,0.816
lca,sex_f,ocu_skill_l2,2017,6.074
lca,sex_f,ocu_skill_l2,2018,5.398
lca,sex_f,ocu_skill_l2,2019,6.326
lca,sex_f,ocu_skill_l2,2020,3.928
lca,sex_f,ocu_skill_l2,2021,5.584
lca,sex_f,ocu_skill_l2,2022,6.258
lca,sex_f,ocu_skill_l2,2023,6.13
lca,sex_f,ocu_skill_l2,2024,5.952
lca,sex_f,ocu_skill_l3_4,2017,0.648
lca,sex_f,ocu_skill_l3_4,2018,0.984
lca,sex_f,ocu_skill_l3_4,2019,1.168
lca,sex_f,ocu_skill_l3_4,2020,0.616
lca,sex_f,ocu_skill_l3_4,2021,0.806
lca,sex_f,ocu_skill_l3_4,2022,1.051
lca,sex_f,ocu_skill_l3_4,2023,1.2
lca,sex_f,ocu_skill_l3_4,2024,1.088
lca,sex_f,ocu_skill_total,2017,8.421
lca,sex_f,ocu_skill_total,2018,8.957
lca,sex_f,ocu_skill_total,2019,9.054
lca,sex_f,ocu_skill_total,2020,6.051
lca,sex_f,ocu_skill_total,2021,7.695
lca,sex_f,ocu_skill_total,2022,8.477
lca,sex_f,ocu_skill_total,2023,9.063
lca,sex_f,ocu_skill_total,2024,8.258
lca,sex_f,ocu_skill_x,2017,0.546
lca,sex_f,ocu_skill_x,2018,0.802
lca,sex_f,ocu_skill_x,2019,0.325
lca,sex_f,ocu_skill_x,2020,0.459
lca,sex_f,ocu_skill_x,2021,0.318
lca,sex_f,ocu_skill_x,2022,0.357
lca,sex_f,ocu_skill_x,2023,0.478
lca,sex_f,ocu_skill_x,2024,0.402
lca,sex_m,ocu_isco08_1,2017,0.314
lca,sex_m,ocu_isco08_1,2018,0.322
lca,sex_m,ocu_isco08_1,2019,0.656
lca,sex_m,ocu_isco08_1,2021,0.332
lca,sex_m,ocu_isco08_1,2022,0.473
lca,sex_m,ocu_isco08_1,2023,0.6
lca,sex_m,ocu_isco08_1,2024,0.992
lca,sex_m,ocu_isco08_2,2017,0.325
lca,sex_m,ocu_isco08_2,2018,0.403
lca,sex_m,ocu_isco08_2,2019,0.297
lca,sex_m,ocu_isco08_2,2020,0.238
lca,sex_m,ocu_isco08_2,2021,0.175
lca,sex_m,ocu_isco08_2,2022,0.578
lca,sex_m,ocu_isco08_2,2023,0.626
lca,sex_m,ocu_isco08_2,2024,0.631
lca,sex_m,ocu_isco08_3,2017,0.39
lca,sex_m,ocu_isco08_3,2018,0.406
lca,sex_m,ocu_isco08_3,2019,0.435
lca,sex_m,ocu_isco08_3,2020,0.144
lca,sex_m,ocu_isco08_3,2021,0.297
lca,sex_m,ocu_isco08_3,2022,0.332
lca,sex_m,ocu_isco08_3,2023,0.371
lca,sex_m,ocu_isco08_3,2024,0.337
lca,sex_m,ocu_isco08_5,2017,1.137
lca,sex_m,ocu_isco08_5,2018,1.28
lca,sex_m,ocu_isco08_5,2019,1.238
lca,sex_m,ocu_isco08_5,2020,0.801
lca,sex_m,ocu_isco08_5,2021,1.014
lca,sex_m,ocu_isco08_5,2022,1.073
lca,sex_m,ocu_isco08_5,2023,1.019
lca,sex_m,ocu_isco08_5,2024,1.351
lca,sex_m,ocu_isco08_6,2017,4.098
lca,sex_m,ocu_isco08_6,2018,4.514
lca,sex_m,ocu_isco08_6,2019,4.144
lca,sex_m,ocu_isco08_6,2020,2.651
lca,sex_m,ocu_isco08_6,2021,4.202
lca,sex_m,ocu_isco08_6,2022,4.938
lca,sex_m,ocu_isco08_6,2023,5.025
lca,sex_m,ocu_isco08_6,2024,4.601
lca,sex_m,ocu_isco08_7,2017,4.424
lca,sex_m,ocu_isco08_7,2018,4.265
lca,sex_m,ocu_isco08_7,2019,4.178
lca,sex_m,ocu_isco08_7,2020,2.938
lca,sex_m,ocu_isco08_7,2021,3.378
lca,sex_m,ocu_isco08_7,2022,4.363
lca,sex_m,ocu_isco08_7,2023,4.646
lca,sex_m,ocu_isco08_7,2024,5.104
lca,sex_m,ocu_isco08_8,2017,1.378
lca,sex_m,ocu_isco08_8,2018,1.827
lca,sex_m,ocu_isco08_8,2019,1.819
lca,sex_m,ocu_isco08_8,2020,0.864
lca,sex_m,ocu_isco08_8,2021,1.548
lca,sex_m,ocu_isco08_8,2022,1.421
lca,sex_m,ocu_isco08_8,2023,2.076
lca,sex_m,ocu_isco08_8,2024,1.721
lca,sex_m,ocu_isco08_9,2017,2.909
lca,sex_m,ocu_isco08_9,2018,2.985
lca,sex_m,ocu_isco08_9,2019,3.001
lca,sex_m,ocu_isco08_9,2020,1.713
lca,sex_m,ocu_isco08_9,2021,2.306
lca,sex_m,ocu_isco08_9,2022,4.267
lca,sex_m,ocu_isco08_9,2023,4.22
lca,sex_m,ocu_isco08_9,2024,2.787
lca,sex_m,ocu_isco08_total,2017,16.14
lca,sex_m,ocu_isco08_total,2018,17.001
lca,sex_m,ocu_isco08_total,2019,16.516
lca,sex_m,ocu_isco08_total,2020,10.555
lca,sex_m,ocu_isco08_total,2021,13.813
lca,sex_m,ocu_isco08_total,2022,18.59
lca,sex_m,ocu_isco08_total,2023,19.459
lca,sex_m,ocu_isco08_total,2024,18.302
lca,sex_m,ocu_isco08_x,2017,1.146
lca,sex_m,ocu_isco08_x,2018,0.974
lca,sex_m,ocu_isco08_x,2019,0.694
lca,sex_m,ocu_isco08_x,2020,1.008
lca,sex_m,ocu_isco08_x,2021,0.517
lca,sex_m,ocu_isco08_x,2022,1.103
lca,sex_m,ocu_isco08_x,2023,0.808
lca,sex_m,ocu_isco08_x,2024,0.762
lca,sex_m,ocu_skill_l1,2017,2.909
lca,sex_m,ocu_skill_l1,2018,2.985
lca,sex_m,ocu_skill_l1,2019,3.001
lca,sex_m,ocu_skill_l1,2020,1.713
lca,sex_m,ocu_skill_l1,2021,2.306
lca,sex_m,ocu_skill_l1,2022,4.267
lca,sex_m,ocu_skill_l1,2023,4.22
lca,sex_m,ocu_skill_l1,2024,2.787
lca,sex_m,ocu_skill_l2,2017,11.055
lca,sex_m,ocu_skill_l2,2018,11.911
lca,sex_m,ocu_skill_l2,2019,11.433
lca,sex_m,ocu_skill_l2,2020,7.254
lca,sex_m,ocu_skill_l2,2021,10.186
lca,sex_m,ocu_skill_l2,2022,11.837
lca,sex_m,ocu_skill_l2,2023,12.835
lca,sex_m,ocu_skill_l2,2024,12.792
lca,sex_m,ocu_skill_l3_4,2017,1.029
lca,sex_m,ocu_skill_l3_4,2018,1.131
lca,sex_m,ocu_skill_l3_4,2019,1.388
lca,sex_m,ocu_skill_l3_4,2020,0.58
lca,sex_m,ocu_skill_l3_4,2021,0.803
lca,sex_m,ocu_skill_l3_4,2022,1.383
lca,sex_m,ocu_skill_l3_4,2023,1.597
lca,sex_m,ocu_skill_l3_4,2024,1.96
lca,sex_m,ocu_skill_total,2017,16.14
lca,sex_m,ocu_skill_total,2018,17.001
lca,sex_m,ocu_skill_total,2019,16.516
lca,sex_m,ocu_skill_total,2020,10.555
lca,sex_m,ocu_skill_total,2021,13.813
lca,sex_m,ocu_skill_total,2022,18.59
lca,sex_m,ocu_skill_total,2023,19.459
lca,sex_m,ocu_skill_total,2024,18.302
lca,sex_m,ocu_skill_x,2017,1.146
lca,sex_m,ocu_skill_x,2018,0.974
lca,sex_m,ocu_skill_x,2019,0.694
lca,sex_m,ocu_skill_x,2020,1.008
lca,sex_m,ocu_skill_x,2021,0.517
lca,sex_m,ocu_skill_x,2022,1.103
lca,sex_m,ocu_skill_x,2023,0.808
lca,sex_m,ocu_skill_x,2024,0.762
lca,sex_t,ocu_isco08_1,2017,0.608
lca,sex_t,ocu_isco08_1,2018,0.856
lca,sex_t,ocu_isco08_1,2019,1.402
lca,sex_t,ocu_isco08_1,2020,0.589
lca,sex_t,ocu_isco08_1,2021,0.762
lca,sex_t,ocu_isco08_1,2022,1.029
lca,sex_t,ocu_isco08_1,2023,1.16
lca,sex_t,ocu_isco08_1,2024,1.713
lca,sex_t,ocu_isco08_2,2017,0.647
lca,sex_t,ocu_isco08_2,2018,0.681
lca,sex_t,ocu_isco08_2,2019,0.557
lca,sex_t,ocu_isco08_2,2020,0.398
lca,sex_t,ocu_isco08_2,2021,0.404
lca,sex_t,ocu_isco08_2,2022,0.857
lca,sex_t,ocu_isco08_2,2023,1.013
lca,sex_t,ocu_isco08_2,2024,0.914
lca,sex_t,ocu_isco08_3,2017,0.423
lca,sex_t,ocu_isco08_3,2018,0.578
lca,sex_t,ocu_isco08_3,2019,0.598
lca,sex_t,ocu_isco08_3,2020,0.208
lca,sex_t,ocu_isco08_3,2021,0.443
lca,sex_t,ocu_isco08_3,2022,0.548
lca,sex_t,ocu_isco08_3,2023,0.624
lca,sex_t,ocu_isco08_3,2024,0.422
lca,sex_t,ocu_isco08_4,2018,0.119
lca,sex_t,ocu_isco08_4,2019,0.183
lca,sex_t,ocu_isco08_4,2020,0.174
lca,sex_t,ocu_isco08_4,2021,0.191
lca,sex_t,ocu_isco08_4,2023,0.402
lca,sex_t,ocu_isco08_4,2024,0.168
lca,sex_t,ocu_isco08_5,2017,5.548
lca,sex_t,ocu_isco08_5,2018,5.032
lca,sex_t,ocu_isco08_5,2019,6.048
lca,sex_t,ocu_isco08_5,2020,3.628
lca,sex_t,ocu_isco08_5,2021,4.483
lca,sex_t,ocu_isco08_5,2022,5.606
lca,sex_t,ocu_isco08_5,2023,5.299
lca,sex_t,ocu_isco08_5,2024,5.544
lca,sex_t,ocu_isco08_6,2017,5.136
lca,sex_t,ocu_isco08_6,2018,5.438
lca,sex_t,ocu_isco08_6,2019,4.724
lca,sex_t,ocu_isco08_6,2020,3.232
lca,sex_t,ocu_isco08_6,2021,5.454
lca,sex_t,ocu_isco08_6,2022,5.885
lca,sex_t,ocu_isco08_6,2023,6.018
lca,sex_t,ocu_isco08_6,2024,5.562
lca,sex_t,ocu_isco08_7,2017,4.947
lca,sex_t,ocu_isco08_7,2018,4.787
lca,sex_t,ocu_isco08_7,2019,4.866
lca,sex_t,ocu_isco08_7,2020,3.284
lca,sex_t,ocu_isco08_7,2021,4.06
lca,sex_t,ocu_isco08_7,2022,5.079
lca,sex_t,ocu_isco08_7,2023,5.132
lca,sex_t,ocu_isco08_7,2024,5.658
lca,sex_t,ocu_isco08_8,2017,1.411
lca,sex_t,ocu_isco08_8,2018,1.933
lca,sex_t,ocu_isco08_8,2019,1.937
lca,sex_t,ocu_isco08_8,2020,0.864
lca,sex_t,ocu_isco08_8,2021,1.582
lca,sex_t,ocu_isco08_8,2022,1.443
lca,sex_t,ocu_isco08_8,2023,2.113
lca,sex_t,ocu_isco08_8,2024,1.812
lca,sex_t,ocu_isco08_9,2017,4.062
lca,sex_t,ocu_isco08_9,2018,4.758
lca,sex_t,ocu_isco08_9,2019,4.236
lca,sex_t,ocu_isco08_9,2020,2.761
lca,sex_t,ocu_isco08_9,2021,3.293
lca,sex_t,ocu_isco08_9,2022,5.078
lca,sex_t,ocu_isco08_9,2023,5.474
lca,sex_t,ocu_isco08_9,2024,3.603
lca,sex_t,ocu_isco08_total,2017,24.56
lca,sex_t,ocu_isco08_total,2018,25.958
lca,sex_t,ocu_isco08_total,2019,25.57
lca,sex_t,ocu_isco08_total,2020,16.606
lca,sex_t,ocu_isco08_total,2021,21.508
lca,sex_t,ocu_isco08_total,2022,27.068
lca,sex_t,ocu_isco08_total,2023,28.523
lca,sex_t,ocu_isco08_total,2024,26.56
lca,sex_t,ocu_isco08_x,2017,1.693
lca,sex_t,ocu_isco08_x,2018,1.777
lca,sex_t,ocu_isco08_x,2019,1.019
lca,sex_t,ocu_isco08_x,2020,1.467
lca,sex_t,ocu_isco08_x,2021,0.836
lca,sex_t,ocu_isco08_x,2022,1.461
lca,sex_t,ocu_isco08_x,2023,1.286
lca,sex_t,ocu_isco08_x,2024,1.164
lca,sex_t,ocu_skill_l1,2017,4.062
lca,sex_t,ocu_skill_l1,2018,4.758
lca,sex_t,ocu_skill_l1,2019,4.236
lca,sex_t,ocu_skill_l1,2020,2.761
lca,sex_t,ocu_skill_l1,2021,3.293
lca,sex_t,ocu_skill_l1,2022,5.078
lca,sex_t,ocu_skill_l1,2023,5.474
lca,sex_t,ocu_skill_l1,2024,3.603
lca,sex_t,ocu_skill_l2,2017,17.129
lca,sex_t,ocu_skill_l2,2018,17.308
lca,sex_t,ocu_skill_l2,2019,17.758
lca,sex_t,ocu_skill_l2,2020,11.182
lca,sex_t,ocu_skill_l2,2021,15.77
lca,sex_t,ocu_skill_l2,2022,18.095
lca,sex_t,ocu_skill_l2,2023,18.965
lca,sex_t,ocu_skill_l2,2024,18.744
lca,sex_t,ocu_skill_l3_4,2017,1.677
lca,sex_t,ocu_skill_l3_4,2018,2.115
lca,sex_t,ocu_skill_l3_4,2019,2.556
lca,sex_t,ocu_skill_l3_4,2020,1.196
lca,sex_t,ocu_skill_l3_4,2021,1.609
lca,sex_t,ocu_skill_l3_4,2022,2.434
lca,sex_t,ocu_skill_l3_4,2023,2.797
lca,sex_t,ocu_skill_l3_4,2024,3.048
lca,sex_t,ocu_skill_total,2017,24.56
lca,sex_t,ocu_skill_total,2018,25.958
lca,sex_t,ocu_skill_total,2019,25.57
lca,sex_t,ocu_skill_total,2020,16.606
lca,sex_t,ocu_skill_total,2021,21.508
lca,sex_t,ocu_skill_total,2022,27.068
lca,sex_t,ocu_skill_total,2023,28.523
lca,sex_t,ocu_skill_total,2024,26.56
lca,sex_t,ocu_skill_x,2017,1.693
lca,sex_t,ocu_skill_x,2018,1.777
lca,sex_t,ocu_skill_x,2019,1.019
lca,sex_t,ocu_skill_x,2020,1.467
lca,sex_t,ocu_skill_x,2021,0.836
lca,sex_t,ocu_skill_x,2022,1.461
lca,sex_t,ocu_skill_x,2023,1.286
lca,sex_t,ocu_skill_x,2024,1.164
lka,sex_f,ocu_isco08_0,2013,3.623
lka,sex_f,ocu_isco08_0,2015,2.033
lka,sex_f,ocu_isco08_0,2016,3.516
lka,sex_f,ocu_isco08_0,2017,1.516
lka,sex_f,ocu_isco08_0,2018,2.816
lka,sex_f,ocu_isco08_0,2019,1.669
lka,sex_f,ocu_isco08_0,2020,2.954
lka,sex_f,ocu_isco08_1,2013,64.615
lka,sex_f,ocu_isco08_1,2014,48.355
lka,sex_f,ocu_isco08_1,2015,70.004
lka,sex_f,ocu_isco08_1,2016,85.22
lka,sex_f,ocu_isco08_1,2017,92.563
lka,sex_f,ocu_isco08_1,2018,102.976
lka,sex_f,ocu_isco08_1,2019,106.699
lka,sex_f,ocu_isco08_1,2020,79.164
lka,sex_f,ocu_isco08_1,2021,19.282
lka,sex_f,ocu_isco08_1,2022,26.879
lka,sex_f,ocu_isco08_2,2013,66.63
lka,sex_f,ocu_isco08_2,2014,56.441
lka,sex_f,ocu_isco08_2,2015,70.181
lka,sex_f,ocu_isco08_2,2016,75.832
lka,sex_f,ocu_isco08_2,2017,78.505
lka,sex_f,ocu_isco08_2,2018,69.723
lka,sex_f,ocu_isco08_2,2019,72.843
lka,sex_f,ocu_isco08_2,2020,63.455
lka,sex_f,ocu_isco08_2,2021,61.527
lka,sex_f,ocu_isco08_2,2022,69.168
lka,sex_f,ocu_isco08_3,2013,40.333
lka,sex_f,ocu_isco08_3,2014,28.115
lka,sex_f,ocu_isco08_3,2015,23.715
lka,sex_f,ocu_isco08_3,2016,27.215
lka,sex_f,ocu_isco08_3,2017,43.257
lka,sex_f,ocu_isco08_3,2018,57.77
lka,sex_f,ocu_isco08_3,2019,75.202
lka,sex_f,ocu_isco08_3,2020,59.052
lka,sex_f,ocu_isco08_3,2021,58.297
lka,sex_f,ocu_isco08_3,2022,40.27
lka,sex_f,ocu_isco08_4,2013,33.789
lka,sex_f,ocu_isco08_4,2014,34.77
lka,sex_f,ocu_isco08_4,2015,32.129
lka,sex_f,ocu_isco08_4,2016,37.382
lka,sex_f,ocu_isco08_4,2017,37.18
lka,sex_f,ocu_isco08_4,2018,28.586
lka,sex_f,ocu_isco08_4,2019,37.325
lka,sex_f,ocu_isco08_4,2020,35.173
lka,sex_f,ocu_isco08_4,2021,32.244
lka,sex_f,ocu_isco08_4,2022,35.302
lka,sex_f,ocu_isco08_5,2013,210.072
lka,sex_f,ocu_isco08_5,2014,221.298
lka,sex_f,ocu_isco08_5,2015,220.447
lka,sex_f,ocu_isco08_5,2016,227.55
lka,sex_f,ocu_isco08_5,2017,215.048
lka,sex_f,ocu_isco08_5,2018,146.966
lka,sex_f,ocu_isco08_5,2019,159.386
lka,sex_f,ocu_isco08_5,2020,165.104
lka,sex_f,ocu_isco08_5,2021,240.957
lka,sex_f,ocu_isco08_5,2022,221.421
lka,sex_f,ocu_isco08_6,2013,425.888
lka,sex_f,ocu_isco08_6,2014,468.462
lka,sex_f,ocu_isco08_6,2015,424.325
lka,sex_f,ocu_isco08_6,2016,421.202
lka,sex_f,ocu_isco08_6,2017,435.202
lka,sex_f,ocu_isco08_6,2018,352.903
lka,sex_f,ocu_isco08_6,2019,351.119
lka,sex_f,ocu_isco08_6,2020,324.297
lka,sex_f,ocu_isco08_6,2021,291.056
lka,sex_f,ocu_isco08_6,2022,300.925
lka,sex_f,ocu_isco08_7,2013,305.783
lka,sex_f,ocu_isco08_7,2014,305.452
lka,sex_f,ocu_isco08_7,2015,348.639
lka,sex_f,ocu_isco08_7,2016,342.823
lka,sex_f,ocu_isco08_7,2017,363.541
lka,sex_f,ocu_isco08_7,2018,311.666
lka,sex_f,ocu_isco08_7,2019,317.538
lka,sex_f,ocu_isco08_7,2020,258.092
lka,sex_f,ocu_isco08_7,2021,262.704
lka,sex_f,ocu_isco08_7,2022,289.501
lka,sex_f,ocu_isco08_8,2013,40.934
lka,sex_f,ocu_isco08_8,2014,34.422
lka,sex_f,ocu_isco08_8,2015,37.748
lka,sex_f,ocu_isco08_8,2016,35.448
lka,sex_f,ocu_isco08_8,2017,47.223
lka,sex_f,ocu_isco08_8,2018,40.103
lka,sex_f,ocu_isco08_8,2019,35.255
lka,sex_f,ocu_isco08_8,2020,38.074
lka,sex_f,ocu_isco08_8,2021,48.822
lka,sex_f,ocu_isco08_8,2022,54.158
lka,sex_f,ocu_isco08_9,2013,505.099
lka,sex_f,ocu_isco08_9,2014,436.431
lka,sex_f,ocu_isco08_9,2015,472.149
lka,sex_f,ocu_isco08_9,2016,482.371
lka,sex_f,ocu_isco08_9,2017,490.15
lka,sex_f,ocu_isco08_9,2018,495.796
lka,sex_f,ocu_isco08_9,2019,487.401
lka,sex_f,ocu_isco08_9,2020,492.37
lka,sex_f,ocu_isco08_9,2021,592.591
lka,sex_f,ocu_isco08_9,2022,548.638
lka,sex_f,ocu_isco08_total,2013,1696.767
lka,sex_f,ocu_isco08_total,2014,1633.745
lka,sex_f,ocu_isco08_total,2015,1763.505
lka,sex_f,ocu_isco08_total,2016,1812.489
lka,sex_f,ocu_isco08_total,2017,1874.483
lka,sex_f,ocu_isco08_total,2018,1675.65
lka,sex_f,ocu_isco08_total,2019,1719.288
lka,sex_f,ocu_isco08_total,2020,1579.02
lka,sex_f,ocu_isco08_total,2021,1639.009
lka,sex_f,ocu_isco08_total,2022,1635.485
lka,sex_f,ocu_isco08_x,2015,62.135
lka,sex_f,ocu_isco08_x,2016,73.93
lka,sex_f,ocu_isco08_x,2017,70.298
lka,sex_f,ocu_isco08_x,2018,66.345
lka,sex_f,ocu_isco08_x,2019,74.852
lka,sex_f,ocu_isco08_x,2020,61.287
lka,sex_f,ocu_isco08_x,2021,31.144
lka,sex_f,ocu_isco08_x,2022,48.928
lka,sex_f,ocu_isco88_1,2010,127.257
lka,sex_f,ocu_isco88_1,2011,104.267
lka,sex_f,ocu_isco88_2,2010,61.364
lka,sex_f,ocu_isco88_2,2011,63.877
lka,sex_f,ocu_isco88_3,2010,20.275
lka,sex_f,ocu_isco88_3,2011,18.01
lka,sex_f,ocu_isco88_4,2010,32.293
lka,sex_f,ocu_isco88_4,2011,30.544
lka,sex_f,ocu_isco88_5,2010,166.957
lka,sex_f,ocu_isco88_5,2011,190.762
lka,sex_f,ocu_isco88_6,2010,608.57
lka,sex_f,ocu_isco88_6,2011,618.182
lka,sex_f,ocu_isco88_7,2010,268.67
lka,sex_f,ocu_isco88_7,2011,267.538
lka,sex_f,ocu_isco88_8,2010,24.685
lka,sex_f,ocu_isco88_8,2011,36.16
lka,sex_f,ocu_isco88_9,2010,401.431
lka,sex_f,ocu_isco88_9,2011,334.217
lka,sex_f,ocu_isco88_total,2010,1713.73
lka,sex_f,ocu_isco88_total,2011,1665.518
lka,sex_f,ocu_isco88_x,2010,2.227
lka,sex_f,ocu_isco88_x,2011,1.96
lka,sex_f,ocu_skill_l1,2010,401.431
lka,sex_f,ocu_skill_l1,2011,334.217
lka,sex_f,ocu_skill_l1,2013,505.099
lka,sex_f,ocu_skill_l1,2014,436.431
lka,sex_f,ocu_skill_l1,2015,472.149
lka,sex_f,ocu_skill_l1,2016,482.371
lka,sex_f,ocu_skill_l1,2017,490.15
lka,sex_f,ocu_skill_l1,2018,495.796
lka,sex_f,ocu_skill_l1,2019,487.401
lka,sex_f,ocu_skill_l1,2020,492.37
lka,sex_f,ocu_skill_l1,2021,592.591
lka,sex_f,ocu_skill_l1,2022,548.638
lka,sex_f,ocu_skill_l2,2010,1101.175
lka,sex_f,ocu_skill_l2,2011,1143.187
lka,sex_f,ocu_skill_l2,2013,1016.466
lka,sex_f,ocu_skill_l2,2014,1064.404
lka,sex_f,ocu_skill_l2,2015,1063.288
lka,sex_f,ocu_skill_l2,2016,1064.405
lka,sex_f,ocu_skill_l2,2017,1098.194
lka,sex_f,ocu_skill_l2,2018,880.224
lka,sex_f,ocu_skill_l2,2019,900.622
lka,sex_f,ocu_skill_l2,2020,820.739
lka,sex_f,ocu_skill_l2,2021,875.783
lka,sex_f,ocu_skill_l2,2022,901.306
lka,sex_f,ocu_skill_l3_4,2010,208.896
lka,sex_f,ocu_skill_l3_4,2011,186.154
lka,sex_f,ocu_skill_l3_4,2013,171.578
lka,sex_f,ocu_skill_l3_4,2014,132.91
lka,sex_f,ocu_skill_l3_4,2015,163.9
lka,sex_f,ocu_skill_l3_4,2016,188.267
lka,sex_f,ocu_skill_l3_4,2017,214.325
lka,sex_f,ocu_skill_l3_4,2018,230.469
lka,sex_f,ocu_skill_l3_4,2019,254.744
lka,sex_f,ocu_skill_l3_4,2020,201.671
lka,sex_f,ocu_skill_l3_4,2021,139.107
lka,sex_f,ocu_skill_l3_4,2022,136.317
lka,sex_f,ocu_skill_total,2010,1713.73
lka,sex_f,ocu_skill_total,2011,1665.518
lka,sex_f,ocu_skill_total,2013,1696.767
lka,sex_f,ocu_skill_total,2014,1633.745
lka,sex_f,ocu_skill_total,2015,1763.505
lka,sex_f,ocu_skill_total,2016,1812.489
lka,sex_f,ocu_skill_total,2017,1874.483
lka,sex_f,ocu_skill_total,2018,1675.65
lka,sex_f,ocu_skill_total,2019,1719.288
lka,sex_f,ocu_skill_total,2020,1579.02
lka,sex_f,ocu_skill_total,2021,1639.009
lka,sex_f,ocu_skill_total,2022,1635.485
lka,sex_f,ocu_skill_x,2010,2.227
lka,sex_f,ocu_skill_x,2011,1.96
lka,sex_f,ocu_skill_x,2013,3.623
lka,sex_f,ocu_skill_x,2015,64.167
lka,sex_f,ocu_skill_x,2016,77.446
lka,sex_f,ocu_skill_x,2017,71.814
lka,sex_f,ocu_skill_x,2018,69.161
lka,sex_f,ocu_skill_x,2019,76.522
lka,sex_f,ocu_skill_x,2020,64.24
lka,sex_f,ocu_skill_x,2021,31.528
lka,sex_f,ocu_skill_x,2022,49.224
lka,sex_m,ocu_isco08_0,2013,4.934
lka,sex_m,ocu_isco08_0,2014,3.54
lka,sex_m,ocu_isco08_0,2015,6.766
lka,sex_m,ocu_isco08_0,2016,6.305
lka,sex_m,ocu_isco08_0,2017,3.717
lka,sex_m,ocu_isco08_0,2018,6.836
lka,sex_m,ocu_isco08_0,2019,5.06
lka,sex_m,ocu_isco08_0,2020,2.151
lka,sex_m,ocu_isco08_0,2021,2.347
lka,sex_m,ocu_isco08_0,2022,8.43
lka,sex_m,ocu_isco08_1,2013,123.136
lka,sex_m,ocu_isco08_1,2014,116.84
lka,sex_m,ocu_isco08_1,2015,189.037
lka,sex_m,ocu_isco08_1,2016,187.733
lka,sex_m,ocu_isco08_1,2017,190.306
lka,sex_m,ocu_isco08_1,2018,232.98
lka,sex_m,ocu_isco08_1,2019,234.21
lka,sex_m,ocu_isco08_1,2020,161.476
lka,sex_m,ocu_isco08_1,2021,79.137
lka,sex_m,ocu_isco08_1,2022,87.2
lka,sex_m,ocu_isco08_2,2013,54.54
lka,sex_m,ocu_isco08_2,2014,39.47
lka,sex_m,ocu_isco08_2,2015,50.452
lka,sex_m,ocu_isco08_2,2016,54.649
lka,sex_m,ocu_isco08_2,2017,56.82
lka,sex_m,ocu_isco08_2,2018,52.77
lka,sex_m,ocu_isco08_2,2019,62.973
lka,sex_m,ocu_isco08_2,2020,51.645
lka,sex_m,ocu_isco08_2,2021,48.318
lka,sex_m,ocu_isco08_2,2022,62.79
lka,sex_m,ocu_isco08_3,2013,82.955
lka,sex_m,ocu_isco08_3,2014,91.555
lka,sex_m,ocu_isco08_3,2015,93.06
lka,sex_m,ocu_isco08_3,2016,82.604
lka,sex_m,ocu_isco08_3,2017,102.271
lka,sex_m,ocu_isco08_3,2018,155.563
lka,sex_m,ocu_isco08_3,2019,165.521
lka,sex_m,ocu_isco08_3,2020,134.315
lka,sex_m,ocu_isco08_3,2021,124.289
lka,sex_m,ocu_isco08_3,2022,134.348
lka,sex_m,ocu_isco08_4,2013,30.733
lka,sex_m,ocu_isco08_4,2014,36.77
lka,sex_m,ocu_isco08_4,2015,32.073
lka,sex_m,ocu_isco08_4,2016,32.23
lka,sex_m,ocu_isco08_4,2017,36.87
lka,sex_m,ocu_isco08_4,2018,31.977
lka,sex_m,ocu_isco08_4,2019,39.238
lka,sex_m,ocu_isco08_4,2020,33.932
lka,sex_m,ocu_isco08_4,2021,33.06
lka,sex_m,ocu_isco08_4,2022,36.639
lka,sex_m,ocu_isco08_5,2013,369.103
lka,sex_m,ocu_isco08_5,2014,400.995
lka,sex_m,ocu_isco08_5,2015,367.078
lka,sex_m,ocu_isco08_5,2016,384.095
lka,sex_m,ocu_isco08_5,2017,330.32
lka,sex_m,ocu_isco08_5,2018,288.978
lka,sex_m,ocu_isco08_5,2019,255.347
lka,sex_m,ocu_isco08_5,2020,306.383
lka,sex_m,ocu_isco08_5,2021,404.935
lka,sex_m,ocu_isco08_5,2022,367.933
lka,sex_m,ocu_isco08_6,2013,841.458
lka,sex_m,ocu_isco08_6,2014,878.275
lka,sex_m,ocu_isco08_6,2015,837.76
lka,sex_m,ocu_isco08_6,2016,807.404
lka,sex_m,ocu_isco08_6,2017,780.459
lka,sex_m,ocu_isco08_6,2018,747.721
lka,sex_m,ocu_isco08_6,2019,780.658
lka,sex_m,ocu_isco08_6,2020,849.57
lka,sex_m,ocu_isco08_6,2021,869.329
lka,sex_m,ocu_isco08_6,2022,828.691
lka,sex_m,ocu_isco08_7,2013,703.141
lka,sex_m,ocu_isco08_7,2014,704.97
lka,sex_m,ocu_isco08_7,2015,709.128
lka,sex_m,ocu_isco08_7,2016,700.435
lka,sex_m,ocu_isco08_7,2017,755.274
lka,sex_m,ocu_isco08_7,2018,763.24
lka,sex_m,ocu_isco08_7,2019,752.946
lka,sex_m,ocu_isco08_7,2020,755.348
lka,sex_m,ocu_isco08_7,2021,719.429
lka,sex_m,ocu_isco08_7,2022,717.941
lka,sex_m,ocu_isco08_8,2013,423.507
lka,sex_m,ocu_isco08_8,2014,423.6
lka,sex_m,ocu_isco08_8,2015,440.642
lka,sex_m,ocu_isco08_8,2016,461.755
lka,sex_m,ocu_isco08_8,2017,480.743
lka,sex_m,ocu_isco08_8,2018,472.152
lka,sex_m,ocu_isco08_8,2019,469.68
lka,sex_m,ocu_isco08_8,2020,467.488
lka,sex_m,ocu_isco08_8,2021,459.839
lka,sex_m,ocu_isco08_8,2022,460.791
lka,sex_m,ocu_isco08_9,2013,897.4
lka,sex_m,ocu_isco08_9,2014,853.198
lka,sex_m,ocu_isco08_9,2015,852.177
lka,sex_m,ocu_isco08_9,2016,910.703
lka,sex_m,ocu_isco08_9,2017,892.929
lka,sex_m,ocu_isco08_9,2018,908.178
lka,sex_m,ocu_isco08_9,2019,841.746
lka,sex_m,ocu_isco08_9,2020,912.207
lka,sex_m,ocu_isco08_9,2021,1007.488
lka,sex_m,ocu_isco08_9,2022,1016.289
lka,sex_m,ocu_isco08_total,2013,3530.906
lka,sex_m,ocu_isco08_total,2014,3549.212
lka,sex_m,ocu_isco08_total,2015,3683.967
lka,sex_m,ocu_isco08_total,2016,3729.685
lka,sex_m,ocu_isco08_total,2017,3721.404
lka,sex_m,ocu_isco08_total,2018,3780.469
lka,sex_m,ocu_isco08_total,2019,3748.721
lka,sex_m,ocu_isco08_total,2020,3791.122
lka,sex_m,ocu_isco08_total,2021,3840.256
lka,sex_m,ocu_isco08_total,2022,3826.588
lka,sex_m,ocu_isco08_x,2015,105.793
lka,sex_m,ocu_isco08_x,2016,101.771
lka,sex_m,ocu_isco08_x,2017,91.697
lka,sex_m,ocu_isco08_x,2018,120.072
lka,sex_m,ocu_isco08_x,2019,141.342
lka,sex_m,ocu_isco08_x,2020,116.607
lka,sex_m,ocu_isco08_x,2021,92.085
lka,sex_m,ocu_isco08_x,2022,105.535
lka,sex_m,ocu_isco88_0,2010,2.173
lka,sex_m,ocu_isco88_1,2010,298.085
lka,sex_m,ocu_isco88_1,2011,291.053
lka,sex_m,ocu_isco88_2,2010,38.367
lka,sex_m,ocu_isco88_2,2011,42.683
lka,sex_m,ocu_isco88_3,2010,64.398
lka,sex_m,ocu_isco88_3,2011,58.937
lka,sex_m,ocu_isco88_4,2010,44.749
lka,sex_m,ocu_isco88_4,2011,51.112
lka,sex_m,ocu_isco88_5,2010,291.339
lka,sex_m,ocu_isco88_5,2011,302.283
lka,sex_m,ocu_isco88_6,2010,1064.376
lka,sex_m,ocu_isco88_6,2011,1079.913
lka,sex_m,ocu_isco88_7,2010,668.778
lka,sex_m,ocu_isco88_7,2011,677.678
lka,sex_m,ocu_isco88_8,2010,379.432
lka,sex_m,ocu_isco88_8,2011,372.104
lka,sex_m,ocu_isco88_9,2010,879.2
lka,sex_m,ocu_isco88_9,2011,818.692
lka,sex_m,ocu_isco88_total,2010,3749.586
lka,sex_m,ocu_isco88_total,2011,3712.221
lka,sex_m,ocu_isco88_x,2010,18.689
lka,sex_m,ocu_isco88_x,2011,16.646
lka,sex_m,ocu_skill_l1,2010,879.2
lka,sex_m,ocu_skill_l1,2011,818.692
lka,sex_m,ocu_skill_l1,2013,897.4
lka,sex_m,ocu_skill_l1,2014,853.198
lka,sex_m,ocu_skill_l1,2015,852.177
lka,sex_m,ocu_skill_l1,2016,910.703
lka,sex_m,ocu_skill_l1,2017,892.929
lka,sex_m,ocu_skill_l1,2018,908.178
lka,sex_m,ocu_skill_l1,2019,841.746
lka,sex_m,ocu_skill_l1,2020,912.207
lka,sex_m,ocu_skill_l1,2021,1007.488
lka,sex_m,ocu_skill_l1,2022,1016.289
lka,sex_m,ocu_skill_l2,2010,2448.674
lka,sex_m,ocu_skill_l2,2011,2483.091
lka,sex_m,ocu_skill_l2,2013,2367.942
lka,sex_m,ocu_skill_l2,2014,2444.61
lka,sex_m,ocu_skill_l2,2015,2386.682
lka,sex_m,ocu_skill_l2,2016,2385.919
lka,sex_m,ocu_skill_l2,2017,2383.664
lka,sex_m,ocu_skill_l2,2018,2304.069
lka,sex_m,ocu_skill_l2,2019,2297.868
lka,sex_m,ocu_skill_l2,2020,2412.721
lka,sex_m,ocu_skill_l2,2021,2486.593
lka,sex_m,ocu_skill_l2,2022,2411.995
lka,sex_m,ocu_skill_l3_4,2010,400.849
lka,sex_m,ocu_skill_l3_4,2011,392.673
lka,sex_m,ocu_skill_l3_4,2013,260.63
lka,sex_m,ocu_skill_l3_4,2014,247.865
lka,sex_m,ocu_skill_l3_4,2015,332.549
lka,sex_m,ocu_skill_l3_4,2016,324.986
lka,sex_m,ocu_skill_l3_4,2017,349.397
lka,sex_m,ocu_skill_l3_4,2018,441.313
lka,sex_m,ocu_skill_l3_4,2019,462.705
lka,sex_m,ocu_skill_l3_4,2020,347.436
lka,sex_m,ocu_skill_l3_4,2021,251.744
lka,sex_m,ocu_skill_l3_4,2022,284.338
lka,sex_m,ocu_skill_total,2010,3749.586
lka,sex_m,ocu_skill_total,2011,3712.221
lka,sex_m,ocu_skill_total,2013,3530.906
lka,sex_m,ocu_skill_total,2014,3549.212
lka,sex_m,ocu_skill_total,2015,3683.967
lka,sex_m,ocu_skill_total,2016,3729.685
lka,sex_m,ocu_skill_total,2017,3721.404
lka,sex_m,ocu_skill_total,2018,3780.469
lka,sex_m,ocu_skill_total,2019,3748.721
lka,sex_m,ocu_skill_total,2020,3791.122
lka,sex_m,ocu_skill_total,2021,3840.256
lka,sex_m,ocu_skill_total,2022,3826.588
lka,sex_m,ocu_skill_x,2010,20.863
lka,sex_m,ocu_skill_x,2011,17.766
lka,sex_m,ocu_skill_x,2013,4.934
lka,sex_m,ocu_skill_x,2014,3.54
lka,sex_m,ocu_skill_x,2015,112.559
lka,sex_m,ocu_skill_x,2016,108.076
lka,sex_m,ocu_skill_x,2017,95.414
lka,sex_m,ocu_skill_x,2018,126.908
lka,sex_m,ocu_skill_x,2019,146.401
lka,sex_m,ocu_skill_x,2020,118.758
lka,sex_m,ocu_skill_x,2021,94.432
lka,sex_m,ocu_skill_x,2022,113.965
lka,sex_t,ocu_isco08_0,2013,8.557
lka,sex_t,ocu_isco08_0,2014,3.54
lka,sex_t,ocu_isco08_0,2015,8.799
lka,sex_t,ocu_isco08_0,2016,9.822
lka,sex_t,ocu_isco08_0,2017,5.233
lka,sex_t,ocu_isco08_0,2018,9.652
lka,sex_t,ocu_isco08_0,2019,6.729
lka,sex_t,ocu_isco08_0,2020,5.105
lka,sex_t,ocu_isco08_0,2021,2.731
lka,sex_t,ocu_isco08_0,2022,8.726
lka,sex_t,ocu_isco08_1,2013,187.751
lka,sex_t,ocu_isco08_1,2014,165.194
lka,sex_t,ocu_isco08_1,2015,259.042
lka,sex_t,ocu_isco08_1,2016,272.953
lka,sex_t,ocu_isco08_1,2017,282.869
lka,sex_t,ocu_isco08_1,2018,335.956
lka,sex_t,ocu_isco08_1,2019,340.909
lka,sex_t,ocu_isco08_1,2020,240.64
lka,sex_t,ocu_isco08_1,2021,98.419
lka,sex_t,ocu_isco08_1,2022,114.079
lka,sex_t,ocu_isco08_2,2013,121.17
lka,sex_t,ocu_isco08_2,2014,95.911
lka,sex_t,ocu_isco08_2,2015,120.633
lka,sex_t,ocu_isco08_2,2016,130.481
lka,sex_t,ocu_isco08_2,2017,135.324
lka,sex_t,ocu_isco08_2,2018,122.493
lka,sex_t,ocu_isco08_2,2019,135.816
lka,sex_t,ocu_isco08_2,2020,115.1
lka,sex_t,ocu_isco08_2,2021,109.845
lka,sex_t,ocu_isco08_2,2022,131.958
lka,sex_t,ocu_isco08_3,2013,123.288
lka,sex_t,ocu_isco08_3,2014,119.67
lka,sex_t,ocu_isco08_3,2015,116.774
lka,sex_t,ocu_isco08_3,2016,109.82
lka,sex_t,ocu_isco08_3,2017,145.529
lka,sex_t,ocu_isco08_3,2018,213.333
lka,sex_t,ocu_isco08_3,2019,240.724
lka,sex_t,ocu_isco08_3,2020,193.367
lka,sex_t,ocu_isco08_3,2021,182.586
lka,sex_t,ocu_isco08_3,2022,174.619
lka,sex_t,ocu_isco08_4,2013,64.522
lka,sex_t,ocu_isco08_4,2014,71.54
lka,sex_t,ocu_isco08_4,2015,64.203
lka,sex_t,ocu_isco08_4,2016,69.612
lka,sex_t,ocu_isco08_4,2017,74.05
lka,sex_t,ocu_isco08_4,2018,60.564
lka,sex_t,ocu_isco08_4,2019,76.564
lka,sex_t,ocu_isco08_4,2020,69.105
lka,sex_t,ocu_isco08_4,2021,65.304
lka,sex_t,ocu_isco08_4,2022,71.941
lka,sex_t,ocu_isco08_5,2013,579.176
lka,sex_t,ocu_isco08_5,2014,622.293
lka,sex_t,ocu_isco08_5,2015,587.526
lka,sex_t,ocu_isco08_5,2016,611.645
lka,sex_t,ocu_isco08_5,2017,545.368
lka,sex_t,ocu_isco08_5,2018,435.944
lka,sex_t,ocu_isco08_5,2019,414.732
lka,sex_t,ocu_isco08_5,2020,471.487
lka,sex_t,ocu_isco08_5,2021,645.892
lka,sex_t,ocu_isco08_5,2022,589.355
lka,sex_t,ocu_isco08_6,2013,1267.346
lka,sex_t,ocu_isco08_6,2014,1346.737
lka,sex_t,ocu_isco08_6,2015,1262.085
lka,sex_t,ocu_isco08_6,2016,1228.606
lka,sex_t,ocu_isco08_6,2017,1215.661
lka,sex_t,ocu_isco08_6,2018,1100.624
lka,sex_t,ocu_isco08_6,2019,1131.776
lka,sex_t,ocu_isco08_6,2020,1173.867
lka,sex_t,ocu_isco08_6,2021,1160.386
lka,sex_t,ocu_isco08_6,2022,1129.616
lka,sex_t,ocu_isco08_7,2013,1008.924
lka,sex_t,ocu_isco08_7,2014,1010.421
lka,sex_t,ocu_isco08_7,2015,1057.767
lka,sex_t,ocu_isco08_7,2016,1043.257
lka,sex_t,ocu_isco08_7,2017,1118.814
lka,sex_t,ocu_isco08_7,2018,1074.906
lka,sex_t,ocu_isco08_7,2019,1070.484
lka,sex_t,ocu_isco08_7,2020,1013.44
lka,sex_t,ocu_isco08_7,2021,982.132
lka,sex_t,ocu_isco08_7,2022,1007.441
lka,sex_t,ocu_isco08_8,2013,464.441
lka,sex_t,ocu_isco08_8,2014,458.022
lka,sex_t,ocu_isco08_8,2015,478.39
lka,sex_t,ocu_isco08_8,2016,497.203
lka,sex_t,ocu_isco08_8,2017,527.966
lka,sex_t,ocu_isco08_8,2018,512.255
lka,sex_t,ocu_isco08_8,2019,504.935
lka,sex_t,ocu_isco08_8,2020,505.562
lka,sex_t,ocu_isco08_8,2021,508.661
lka,sex_t,ocu_isco08_8,2022,514.949
lka,sex_t,ocu_isco08_9,2013,1402.499
lka,sex_t,ocu_isco08_9,2014,1289.629
lka,sex_t,ocu_isco08_9,2015,1324.327
lka,sex_t,ocu_isco08_9,2016,1393.074
lka,sex_t,ocu_isco08_9,2017,1383.079
lka,sex_t,ocu_isco08_9,2018,1403.975
lka,sex_t,ocu_isco08_9,2019,1329.146
lka,sex_t,ocu_isco08_9,2020,1404.577
lka,sex_t,ocu_isco08_9,2021,1600.08
lka,sex_t,ocu_isco08_9,2022,1564.927
lka,sex_t,ocu_isco08_total,2013,5227.672
lka,sex_t,ocu_isco08_total,2014,5182.958
lka,sex_t,ocu_isco08_total,2015,5447.472
lka,sex_t,ocu_isco08_total,2016,5542.174
lka,sex_t,ocu_isco08_total,2017,5595.887
lka,sex_t,ocu_isco08_total,2018,5456.119
lka,sex_t,ocu_isco08_total,2019,5468.009
lka,sex_t,ocu_isco08_total,2020,5370.141
lka,sex_t,ocu_isco08_total,2021,5479.266
lka,sex_t,ocu_isco08_total,2022,5462.073
lka,sex_t,ocu_isco08_x,2015,167.928
lka,sex_t,ocu_isco08_x,2016,175.701
lka,sex_t,ocu_isco08_x,2017,161.995
lka,sex_t,ocu_isco08_x,2018,186.417
lka,sex_t,ocu_isco08_x,2019,216.194
lka,sex_t,ocu_isco08_x,2020,177.893
lka,sex_t,ocu_isco08_x,2021,123.229
lka,sex_t,ocu_isco08_x,2022,154.463
lka,sex_t,ocu_isco88_0,2010,2.173
lka,sex_t,ocu_isco88_1,2010,425.342
lka,sex_t,ocu_isco88_1,2011,395.32
lka,sex_t,ocu_isco88_2,2010,99.731
lka,sex_t,ocu_isco88_2,2011,106.56
lka,sex_t,ocu_isco88_3,2010,84.673
lka,sex_t,ocu_isco88_3,2011,76.947
lka,sex_t,ocu_isco88_4,2010,77.042
lka,sex_t,ocu_isco88_4,2011,81.657
lka,sex_t,ocu_isco88_5,2010,458.296
lka,sex_t,ocu_isco88_5,2011,493.045
lka,sex_t,ocu_isco88_6,2010,1672.946
lka,sex_t,ocu_isco88_6,2011,1698.095
lka,sex_t,ocu_isco88_7,2010,937.448
lka,sex_t,ocu_isco88_7,2011,945.216
lka,sex_t,ocu_isco88_8,2010,404.118
lka,sex_t,ocu_isco88_8,2011,408.264
lka,sex_t,ocu_isco88_9,2010,1280.63
lka,sex_t,ocu_isco88_9,2011,1152.909
lka,sex_t,ocu_isco88_total,2010,5463.316
lka,sex_t,ocu_isco88_total,2011,5377.74
lka,sex_t,ocu_isco88_x,2010,20.917
lka,sex_t,ocu_isco88_x,2011,18.606
lka,sex_t,ocu_skill_l1,2010,1280.63
lka,sex_t,ocu_skill_l1,2011,1152.909
lka,sex_t,ocu_skill_l1,2013,1402.499
lka,sex_t,ocu_skill_l1,2014,1289.629
lka,sex_t,ocu_skill_l1,2015,1324.327
lka,sex_t,ocu_skill_l1,2016,1393.074
lka,sex_t,ocu_skill_l1,2017,1383.079
lka,sex_t,ocu_skill_l1,2018,1403.975
lka,sex_t,ocu_skill_l1,2019,1329.146
lka,sex_t,ocu_skill_l1,2020,1404.577
lka,sex_t,ocu_skill_l1,2021,1600.08
lka,sex_t,ocu_skill_l1,2022,1564.927
lka,sex_t,ocu_skill_l2,2010,3549.849
lka,sex_t,ocu_skill_l2,2011,3626.278
lka,sex_t,ocu_skill_l2,2013,3384.408
lka,sex_t,ocu_skill_l2,2014,3509.014
lka,sex_t,ocu_skill_l2,2015,3449.97
lka,sex_t,ocu_skill_l2,2016,3450.324
lka,sex_t,ocu_skill_l2,2017,3481.858
lka,sex_t,ocu_skill_l2,2018,3184.293
lka,sex_t,ocu_skill_l2,2019,3198.491
lka,sex_t,ocu_skill_l2,2020,3233.46
lka,sex_t,ocu_skill_l2,2021,3362.376
lka,sex_t,ocu_skill_l2,2022,3313.301
lka,sex_t,ocu_skill_l3_4,2010,609.746
lka,sex_t,ocu_skill_l3_4,2011,578.827
lka,sex_t,ocu_skill_l3_4,2013,432.208
lka,sex_t,ocu_skill_l3_4,2014,380.775
lka,sex_t,ocu_skill_l3_4,2015,496.449
lka,sex_t,ocu_skill_l3_4,2016,513.253
lka,sex_t,ocu_skill_l3_4,2017,563.722
lka,sex_t,ocu_skill_l3_4,2018,671.783
lka,sex_t,ocu_skill_l3_4,2019,717.449
lka,sex_t,ocu_skill_l3_4,2020,549.106
lka,sex_t,ocu_skill_l3_4,2021,390.85
lka,sex_t,ocu_skill_l3_4,2022,420.656
lka,sex_t,ocu_skill_total,2010,5463.316
lka,sex_t,ocu_skill_total,2011,5377.74
lka,sex_t,ocu_skill_total,2013,5227.672
lka,sex_t,ocu_skill_total,2014,5182.958
lka,sex_t,ocu_skill_total,2015,5447.472
lka,sex_t,ocu_skill_total,2016,5542.174
lka,sex_t,ocu_skill_total,2017,5595.887
lka,sex_t,ocu_skill_total,2018,5456.119
lka,sex_t,ocu_skill_total,2019,5468.009
lka,sex_t,ocu_skill_total,2020,5370.141
lka,sex_t,ocu_skill_total,2021,5479.266
lka,sex_t,ocu_skill_total,2022,5462.073
lka,sex_t,ocu_skill_x,2010,23.09
lka,sex_t,ocu_skill_x,2011,19.726
lka,sex_t,ocu_skill_x,2013,8.557
lka,sex_t,ocu_skill_x,2014,3.54
lka,sex_t,ocu_skill_x,2015,176.727
lka,sex_t,ocu_skill_x,2016,185.522
lka,sex_t,ocu_skill_x,2017,167.228
lka,sex_t,ocu_skill_x,2018,196.069
lka,sex_t,ocu_skill_x,2019,222.923
lka,sex_t,ocu_skill_x,2020,182.998
lka,sex_t,ocu_skill_x,2021,125.96
lka,sex_t,ocu_skill_x,2022,163.189
lso,sex_f,ocu_isco08_1,2019,1.379
lso,sex_f,ocu_isco08_2,2019,6.244
lso,sex_f,ocu_isco08_3,2019,6.244
lso,sex_f,ocu_isco08_4,2019,3.965
lso,sex_f,ocu_isco08_5,2019,49.424
lso,sex_f,ocu_isco08_6,2019,39.922
lso,sex_f,ocu_isco08_7,2019,18.607
lso,sex_f,ocu_isco08_8,2019,19.183
lso,sex_f,ocu_isco08_9,2019,79.888
lso,sex_f,ocu_isco08_total,2019,224.898
lso,sex_f,ocu_skill_l1,2019,79.888
lso,sex_f,ocu_skill_l2,2019,131.101
lso,sex_f,ocu_skill_l3_4,2019,13.867
lso,sex_f,ocu_skill_total,2019,224.898
lso,sex_m,ocu_isco08_1,2019,2.636
lso,sex_m,ocu_isco08_2,2019,3.88
lso,sex_m,ocu_isco08_3,2019,4.185
lso,sex_m,ocu_isco08_4,2019,1.934
lso,sex_m,ocu_isco08_5,2019,27.263
lso,sex_m,ocu_isco08_6,2019,107.281
lso,sex_m,ocu_isco08_7,2019,47.569
lso,sex_m,ocu_isco08_8,2019,22.667
lso,sex_m,ocu_isco08_9,2019,79.552
lso,sex_m,ocu_isco08_total,2019,296.967
lso,sex_m,ocu_skill_l1,2019,79.552
lso,sex_m,ocu_skill_l2,2019,206.714
lso,sex_m,ocu_skill_l3_4,2019,10.701
lso,sex_m,ocu_skill_total,2019,296.967
lso,sex_t,ocu_isco08_1,2019,4.015
lso,sex_t,ocu_isco08_2,2019,10.124
lso,sex_t,ocu_isco08_3,2019,10.429
lso,sex_t,ocu_isco08_4,2019,5.899
lso,sex_t,ocu_isco08_5,2019,76.687
lso,sex_t,ocu_isco08_6,2019,147.203
lso,sex_t,ocu_isco08_7,2019,66.176
lso,sex_t,ocu_isco08_8,2019,41.85
lso,sex_t,ocu_isco08_9,2019,159.441
lso,sex_t,ocu_isco08_total,2019,521.865
lso,sex_t,ocu_skill_l1,2019,159.441
lso,sex_t,ocu_skill_l2,2019,337.815
lso,sex_t,ocu_skill_l3_4,2019,24.569
lso,sex_t,ocu_skill_total,2019,521.865
ltu,sex_f,ocu_isco08_2,2016,2.181
ltu,sex_f,ocu_isco08_2,2017,1.567
ltu,sex_f,ocu_isco08_2,2021,2.042
ltu,sex_f,ocu_isco08_2,2022,2.17
ltu,sex_f,ocu_isco08_3,2011,1.512
ltu,sex_f,ocu_isco08_5,2011,5.906
ltu,sex_f,ocu_isco08_5,2012,6.463
ltu,sex_f,ocu_isco08_5,2013,9.846
ltu,sex_f,ocu_isco08_5,2014,10.206
ltu,sex_f,ocu_isco08_5,2015,10.749
ltu,sex_f,ocu_isco08_5,2016,8.426
ltu,sex_f,ocu_isco08_5,2017,5.265
ltu,sex_f,ocu_isco08_5,2018,10.318
ltu,sex_f,ocu_isco08_5,2019,8.306
ltu,sex_f,ocu_isco08_5,2020,12.392
ltu,sex_f,ocu_isco08_5,2021,9.73
ltu,sex_f,ocu_isco08_5,2022,9.789
ltu,sex_f,ocu_isco08_5,2023,9.347
ltu,sex_f,ocu_isco08_6,2011,11.245
ltu,sex_f,ocu_isco08_6,2012,11.363
ltu,sex_f,ocu_isco08_6,2013,10.553
ltu,sex_f,ocu_isco08_6,2014,12.6
ltu,sex_f,ocu_isco08_6,2015,12.379
ltu,sex_f,ocu_isco08_6,2016,12.81
ltu,sex_f,ocu_isco08_6,2017,11.647
ltu,sex_f,ocu_isco08_6,2018,9.548
ltu,sex_f,ocu_isco08_6,2019,7.561
ltu,sex_f,ocu_isco08_6,2020,6.762
ltu,sex_f,ocu_isco08_6,2021,4.639
ltu,sex_f,ocu_isco08_6,2022,2.718
ltu,sex_f,ocu_isco08_6,2023,1.714
ltu,sex_f,ocu_isco08_9,2011,1.163
ltu,sex_f,ocu_isco08_9,2012,2.624
ltu,sex_f,ocu_isco08_9,2013,1.897
ltu,sex_f,ocu_isco08_9,2014,2.37
ltu,sex_f,ocu_isco08_9,2015,2.255
ltu,sex_f,ocu_isco08_9,2016,2.954
ltu,sex_f,ocu_isco08_9,2017,1.899
ltu,sex_f,ocu_isco08_9,2018,1.497
ltu,sex_f,ocu_isco08_9,2019,2.019
ltu,sex_f,ocu_isco08_9,2023,0.818
ltu,sex_f,ocu_isco08_total,2011,21.603
ltu,sex_f,ocu_isco08_total,2012,22.934
ltu,sex_f,ocu_isco08_total,2013,26.25
ltu,sex_f,ocu_isco08_total,2014,30.105
ltu,sex_f,ocu_isco08_total,2015,26.975
ltu,sex_f,ocu_isco08_total,2016,27.837
ltu,sex_f,ocu_isco08_total,2017,21.108
ltu,sex_f,ocu_isco08_total,2018,22.114
ltu,sex_f,ocu_isco08_total,2019,22.497
ltu,sex_f,ocu_isco08_total,2020,23.137
ltu,sex_f,ocu_isco08_total,2021,20.782
ltu,sex_f,ocu_isco08_total,2022,22.824
ltu,sex_f,ocu_isco08_total,2023,20.546
ltu,sex_f,ocu_isco08_x,2020,1.698
ltu,sex_f,ocu_isco08_x,2021,3.324
ltu,sex_f,ocu_isco08_x,2022,5.478
ltu,sex_f,ocu_isco08_x,2023,5.361
ltu,sex_f,ocu_isco88_5,2010,0.606
ltu,sex_f,ocu_isco88_6,2010,10.004
ltu,sex_f,ocu_isco88_9,2010,2.319
ltu,sex_f,ocu_isco88_total,2010,15.191
ltu,sex_f,ocu_skill_l1,2010,2.319
ltu,sex_f,ocu_skill_l1,2011,1.163
ltu,sex_f,ocu_skill_l1,2012,2.624
ltu,sex_f,ocu_skill_l1,2013,1.897
ltu,sex_f,ocu_skill_l1,2014,2.37
ltu,sex_f,ocu_skill_l1,2015,2.255
ltu,sex_f,ocu_skill_l1,2016,2.954
ltu,sex_f,ocu_skill_l1,2017,1.899
ltu,sex_f,ocu_skill_l1,2018,1.497
ltu,sex_f,ocu_skill_l1,2019,2.019
ltu,sex_f,ocu_skill_l1,2023,0.818
ltu,sex_f,ocu_skill_l2,2010,11.067
ltu,sex_f,ocu_skill_l2,2011,17.999
ltu,sex_f,ocu_skill_l2,2012,18.844
ltu,sex_f,ocu_skill_l2,2013,21.981
ltu,sex_f,ocu_skill_l2,2014,23.403
ltu,sex_f,ocu_skill_l2,2015,23.128
ltu,sex_f,ocu_skill_l2,2016,21.551
ltu,sex_f,ocu_skill_l2,2017,17.015
ltu,sex_f,ocu_skill_l2,2018,20.412
ltu,sex_f,ocu_skill_l2,2019,18.255
ltu,sex_f,ocu_skill_l2,2020,19.725
ltu,sex_f,ocu_skill_l2,2021,14.554
ltu,sex_f,ocu_skill_l2,2022,12.832
ltu,sex_f,ocu_skill_l2,2023,11.19
ltu,sex_f,ocu_skill_l3_4,2010,1.805
ltu,sex_f,ocu_skill_l3_4,2011,2.441
ltu,sex_f,ocu_skill_l3_4,2012,1.465
ltu,sex_f,ocu_skill_l3_4,2013,2.372
ltu,sex_f,ocu_skill_l3_4,2014,4.332
ltu,sex_f,ocu_skill_l3_4,2015,1.593
ltu,sex_f,ocu_skill_l3_4,2016,3.296
ltu,sex_f,ocu_skill_l3_4,2017,2.193
ltu,sex_f,ocu_skill_l3_4,2019,2.131
ltu,sex_f,ocu_skill_l3_4,2020,1.161
ltu,sex_f,ocu_skill_l3_4,2021,2.323
ltu,sex_f,ocu_skill_l3_4,2022,3.097
ltu,sex_f,ocu_skill_l3_4,2023,3.176
ltu,sex_f,ocu_skill_total,2010,15.191
ltu,sex_f,ocu_skill_total,2011,21.603
ltu,sex_f,ocu_skill_total,2012,22.934
ltu,sex_f,ocu_skill_total,2013,26.25
ltu,sex_f,ocu_skill_total,2014,30.105
ltu,sex_f,ocu_skill_total,2015,26.975
ltu,sex_f,ocu_skill_total,2016,27.837
ltu,sex_f,ocu_skill_total,2017,21.108
ltu,sex_f,ocu_skill_total,2018,22.114
ltu,sex_f,ocu_skill_total,2019,22.497
ltu,sex_f,ocu_skill_total,2020,23.137
ltu,sex_f,ocu_skill_total,2021,20.782
ltu,sex_f,ocu_skill_total,2022,22.824
ltu,sex_f,ocu_skill_total,2023,20.546
ltu,sex_f,ocu_skill_x,2020,1.698
ltu,sex_f,ocu_skill_x,2021,3.324
ltu,sex_f,ocu_skill_x,2022,5.478
ltu,sex_f,ocu_skill_x,2023,5.361
ltu,sex_m,ocu_isco08_1,2016,2.407
ltu,sex_m,ocu_isco08_1,2023,1.238
ltu,sex_m,ocu_isco08_2,2020,2.263
ltu,sex_m,ocu_isco08_3,2012,0.975
ltu,sex_m,ocu_isco08_5,2011,1.68
ltu,sex_m,ocu_isco08_5,2017,1.71
ltu,sex_m,ocu_isco08_5,2019,1.569
ltu,sex_m,ocu_isco08_5,2023,0
ltu,sex_m,ocu_isco08_6,2011,10.615
ltu,sex_m,ocu_isco08_6,2012,11.874
ltu,sex_m,ocu_isco08_6,2013,12.2
ltu,sex_m,ocu_isco08_6,2014,9.825
ltu,sex_m,ocu_isco08_6,2015,11.616
ltu,sex_m,ocu_isco08_6,2016,12.705
ltu,sex_m,ocu_isco08_6,2017,11.015
ltu,sex_m,ocu_isco08_6,2018,6.674
ltu,sex_m,ocu_isco08_6,2019,4.629
ltu,sex_m,ocu_isco08_6,2020,5.854
ltu,sex_m,ocu_isco08_6,2021,4.329
ltu,sex_m,ocu_isco08_6,2022,3.861
ltu,sex_m,ocu_isco08_6,2023,4.501
ltu,sex_m,ocu_isco08_7,2011,5.078
ltu,sex_m,ocu_isco08_7,2012,3.977
ltu,sex_m,ocu_isco08_7,2013,2.991
ltu,sex_m,ocu_isco08_7,2014,2.11
ltu,sex_m,ocu_isco08_7,2017,0.57
ltu,sex_m,ocu_isco08_7,2021,1.689
ltu,sex_m,ocu_isco08_7,2022,1.453
ltu,sex_m,ocu_isco08_7,2023,2.849
ltu,sex_m,ocu_isco08_8,2016,1.731
ltu,sex_m,ocu_isco08_9,2011,3.212
ltu,sex_m,ocu_isco08_9,2012,4.604
ltu,sex_m,ocu_isco08_9,2013,2.491
ltu,sex_m,ocu_isco08_9,2014,2.623
ltu,sex_m,ocu_isco08_9,2015,8.052
ltu,sex_m,ocu_isco08_9,2016,6.231
ltu,sex_m,ocu_isco08_9,2017,2.578
ltu,sex_m,ocu_isco08_9,2018,2.578
ltu,sex_m,ocu_isco08_9,2019,0.961
ltu,sex_m,ocu_isco08_9,2021,2.225
ltu,sex_m,ocu_isco08_total,2011,22.471
ltu,sex_m,ocu_isco08_total,2012,24.864
ltu,sex_m,ocu_isco08_total,2013,21.879
ltu,sex_m,ocu_isco08_total,2014,15.926
ltu,sex_m,ocu_isco08_total,2015,23.092
ltu,sex_m,ocu_isco08_total,2016,25.057
ltu,sex_m,ocu_isco08_total,2017,16.845
ltu,sex_m,ocu_isco08_total,2018,13.208
ltu,sex_m,ocu_isco08_total,2019,9.507
ltu,sex_m,ocu_isco08_total,2020,15.038
ltu,sex_m,ocu_isco08_total,2021,12.446
ltu,sex_m,ocu_isco08_total,2022,12.083
ltu,sex_m,ocu_isco08_total,2023,22.609
ltu,sex_m,ocu_isco08_x,2020,4.22
ltu,sex_m,ocu_isco08_x,2021,2.941
ltu,sex_m,ocu_isco08_x,2022,4.109
ltu,sex_m,ocu_isco08_x,2023,12.659
ltu,sex_m,ocu_isco88_6,2010,12.492
ltu,sex_m,ocu_isco88_7,2010,6.192
ltu,sex_m,ocu_isco88_9,2010,1.509
ltu,sex_m,ocu_isco88_total,2010,21.98
ltu,sex_m,ocu_skill_l1,2010,1.509
ltu,sex_m,ocu_skill_l1,2011,3.212
ltu,sex_m,ocu_skill_l1,2012,4.604
ltu,sex_m,ocu_skill_l1,2013,2.491
ltu,sex_m,ocu_skill_l1,2014,2.623
ltu,sex_m,ocu_skill_l1,2015,8.052
ltu,sex_m,ocu_skill_l1,2016,6.231
ltu,sex_m,ocu_skill_l1,2017,2.578
ltu,sex_m,ocu_skill_l1,2018,2.578
ltu,sex_m,ocu_skill_l1,2019,0.961
ltu,sex_m,ocu_skill_l1,2021,2.225
ltu,sex_m,ocu_skill_l2,2010,19.923
ltu,sex_m,ocu_skill_l2,2011,17.738
ltu,sex_m,ocu_skill_l2,2012,18.041
ltu,sex_m,ocu_skill_l2,2013,16.139
ltu,sex_m,ocu_skill_l2,2014,12.817
ltu,sex_m,ocu_skill_l2,2015,14.003
ltu,sex_m,ocu_skill_l2,2016,16.156
ltu,sex_m,ocu_skill_l2,2017,13.295
ltu,sex_m,ocu_skill_l2,2018,8.227
ltu,sex_m,ocu_skill_l2,2019,6.716
ltu,sex_m,ocu_skill_l2,2020,7.622
ltu,sex_m,ocu_skill_l2,2021,6.332
ltu,sex_m,ocu_skill_l2,2022,5.858
ltu,sex_m,ocu_skill_l2,2023,7.35
ltu,sex_m,ocu_skill_l3_4,2011,1.52
ltu,sex_m,ocu_skill_l3_4,2012,2.219
ltu,sex_m,ocu_skill_l3_4,2013,2.154
ltu,sex_m,ocu_skill_l3_4,2016,2.67
ltu,sex_m,ocu_skill_l3_4,2018,2.276
ltu,sex_m,ocu_skill_l3_4,2019,1.83
ltu,sex_m,ocu_skill_l3_4,2020,2.935
ltu,sex_m,ocu_skill_l3_4,2021,0.947
ltu,sex_m,ocu_skill_l3_4,2022,1.295
ltu,sex_m,ocu_skill_l3_4,2023,1.474
ltu,sex_m,ocu_skill_total,2010,21.98
ltu,sex_m,ocu_skill_total,2011,22.471
ltu,sex_m,ocu_skill_total,2012,24.864
ltu,sex_m,ocu_skill_total,2013,21.879
ltu,sex_m,ocu_skill_total,2014,15.926
ltu,sex_m,ocu_skill_total,2015,23.092
ltu,sex_m,ocu_skill_total,2016,25.057
ltu,sex_m,ocu_skill_total,2017,16.845
ltu,sex_m,ocu_skill_total,2018,13.208
ltu,sex_m,ocu_skill_total,2019,9.507
ltu,sex_m,ocu_skill_total,2020,15.038
ltu,sex_m,ocu_skill_total,2021,12.446
ltu,sex_m,ocu_skill_total,2022,12.083
ltu,sex_m,ocu_skill_total,2023,22.609
ltu,sex_m,ocu_skill_x,2020,4.22
ltu,sex_m,ocu_skill_x,2021,2.941
ltu,sex_m,ocu_skill_x,2022,4.109
ltu,sex_m,ocu_skill_x,2023,12.659
ltu,sex_t,ocu_isco08_1,2011,1.505
ltu,sex_t,ocu_isco08_1,2015,1.218
ltu,sex_t,ocu_isco08_1,2016,2.619
ltu,sex_t,ocu_isco08_1,2017,1.358
ltu,sex_t,ocu_isco08_1,2023,1.849
ltu,sex_t,ocu_isco08_2,2012,2.037
ltu,sex_t,ocu_isco08_2,2013,2.365
ltu,sex_t,ocu_isco08_2,2014,3.534
ltu,sex_t,ocu_isco08_2,2016,2.181
ltu,sex_t,ocu_isco08_2,2017,1.567
ltu,sex_t,ocu_isco08_2,2019,2.659
ltu,sex_t,ocu_isco08_2,2020,2.994
ltu,sex_t,ocu_isco08_2,2021,2.769
ltu,sex_t,ocu_isco08_2,2022,3.148
ltu,sex_t,ocu_isco08_3,2011,2.022
ltu,sex_t,ocu_isco08_3,2012,1.135
ltu,sex_t,ocu_isco08_3,2013,1.016
ltu,sex_t,ocu_isco08_3,2022,1.124
ltu,sex_t,ocu_isco08_5,2011,7.586
ltu,sex_t,ocu_isco08_5,2012,6.936
ltu,sex_t,ocu_isco08_5,2013,10.303
ltu,sex_t,ocu_isco08_5,2014,10.679
ltu,sex_t,ocu_isco08_5,2015,10.893
ltu,sex_t,ocu_isco08_5,2016,9.583
ltu,sex_t,ocu_isco08_5,2017,6.975
ltu,sex_t,ocu_isco08_5,2018,10.789
ltu,sex_t,ocu_isco08_5,2019,9.875
ltu,sex_t,ocu_isco08_5,2020,13.07
ltu,sex_t,ocu_isco08_5,2021,9.776
ltu,sex_t,ocu_isco08_5,2022,10.089
ltu,sex_t,ocu_isco08_5,2023,9.347
ltu,sex_t,ocu_isco08_6,2011,21.86
ltu,sex_t,ocu_isco08_6,2012,23.237
ltu,sex_t,ocu_isco08_6,2013,22.754
ltu,sex_t,ocu_isco08_6,2014,22.424
ltu,sex_t,ocu_isco08_6,2015,23.995
ltu,sex_t,ocu_isco08_6,2016,25.515
ltu,sex_t,ocu_isco08_6,2017,22.661
ltu,sex_t,ocu_isco08_6,2018,16.222
ltu,sex_t,ocu_isco08_6,2019,12.19
ltu,sex_t,ocu_isco08_6,2020,12.616
ltu,sex_t,ocu_isco08_6,2021,8.969
ltu,sex_t,ocu_isco08_6,2022,6.579
ltu,sex_t,ocu_isco08_6,2023,6.215
ltu,sex_t,ocu_isco08_7,2011,5.152
ltu,sex_t,ocu_isco08_7,2012,4.626
ltu,sex_t,ocu_isco08_7,2013,3.53
ltu,sex_t,ocu_isco08_7,2014,2.707
ltu,sex_t,ocu_isco08_7,2017,0.597
ltu,sex_t,ocu_isco08_7,2019,2.905
ltu,sex_t,ocu_isco08_7,2020,0.958
ltu,sex_t,ocu_isco08_7,2021,1.689
ltu,sex_t,ocu_isco08_7,2022,1.778
ltu,sex_t,ocu_isco08_7,2023,2.849
ltu,sex_t,ocu_isco08_8,2016,1.877
ltu,sex_t,ocu_isco08_9,2011,4.374
ltu,sex_t,ocu_isco08_9,2012,7.228
ltu,sex_t,ocu_isco08_9,2013,4.388
ltu,sex_t,ocu_isco08_9,2014,4.993
ltu,sex_t,ocu_isco08_9,2015,10.307
ltu,sex_t,ocu_isco08_9,2016,9.185
ltu,sex_t,ocu_isco08_9,2017,4.478
ltu,sex_t,ocu_isco08_9,2018,4.076
ltu,sex_t,ocu_isco08_9,2019,2.98
ltu,sex_t,ocu_isco08_9,2020,0.813
ltu,sex_t,ocu_isco08_9,2021,2.806
ltu,sex_t,ocu_isco08_9,2022,2.239
ltu,sex_t,ocu_isco08_9,2023,1.945
ltu,sex_t,ocu_isco08_total,2011,44.073
ltu,sex_t,ocu_isco08_total,2012,47.797
ltu,sex_t,ocu_isco08_total,2013,48.129
ltu,sex_t,ocu_isco08_total,2014,46.031
ltu,sex_t,ocu_isco08_total,2015,50.068
ltu,sex_t,ocu_isco08_total,2016,52.894
ltu,sex_t,ocu_isco08_total,2017,37.953
ltu,sex_t,ocu_isco08_total,2018,35.322
ltu,sex_t,ocu_isco08_total,2019,32.004
ltu,sex_t,ocu_isco08_total,2020,38.175
ltu,sex_t,ocu_isco08_total,2021,33.227
ltu,sex_t,ocu_isco08_total,2022,34.907
ltu,sex_t,ocu_isco08_total,2023,43.155
ltu,sex_t,ocu_isco08_x,2020,5.918
ltu,sex_t,ocu_isco08_x,2021,6.265
ltu,sex_t,ocu_isco08_x,2022,9.587
ltu,sex_t,ocu_isco08_x,2023,18.02
ltu,sex_t,ocu_isco88_3,2010,0.668
ltu,sex_t,ocu_isco88_5,2010,1.33
ltu,sex_t,ocu_isco88_6,2010,22.496
ltu,sex_t,ocu_isco88_7,2010,6.649
ltu,sex_t,ocu_isco88_9,2010,3.828
ltu,sex_t,ocu_isco88_total,2010,37.17
ltu,sex_t,ocu_skill_l1,2010,3.828
ltu,sex_t,ocu_skill_l1,2011,4.374
ltu,sex_t,ocu_skill_l1,2012,7.228
ltu,sex_t,ocu_skill_l1,2013,4.388
ltu,sex_t,ocu_skill_l1,2014,4.993
ltu,sex_t,ocu_skill_l1,2015,10.307
ltu,sex_t,ocu_skill_l1,2016,9.185
ltu,sex_t,ocu_skill_l1,2017,4.478
ltu,sex_t,ocu_skill_l1,2018,4.076
ltu,sex_t,ocu_skill_l1,2019,2.98
ltu,sex_t,ocu_skill_l1,2020,0.813
ltu,sex_t,ocu_skill_l1,2021,2.806
ltu,sex_t,ocu_skill_l1,2022,2.239
ltu,sex_t,ocu_skill_l1,2023,1.945
ltu,sex_t,ocu_skill_l2,2010,30.99
ltu,sex_t,ocu_skill_l2,2011,35.737
ltu,sex_t,ocu_skill_l2,2012,36.885
ltu,sex_t,ocu_skill_l2,2013,38.12
ltu,sex_t,ocu_skill_l2,2014,36.22
ltu,sex_t,ocu_skill_l2,2015,37.131
ltu,sex_t,ocu_skill_l2,2016,37.706
ltu,sex_t,ocu_skill_l2,2017,30.31
ltu,sex_t,ocu_skill_l2,2018,28.639
ltu,sex_t,ocu_skill_l2,2019,24.97
ltu,sex_t,ocu_skill_l2,2020,27.347
ltu,sex_t,ocu_skill_l2,2021,20.886
ltu,sex_t,ocu_skill_l2,2022,18.69
ltu,sex_t,ocu_skill_l2,2023,18.541
ltu,sex_t,ocu_skill_l3_4,2010,2.268
ltu,sex_t,ocu_skill_l3_4,2011,3.962
ltu,sex_t,ocu_skill_l3_4,2012,3.684
ltu,sex_t,ocu_skill_l3_4,2013,4.526
ltu,sex_t,ocu_skill_l3_4,2014,4.818
ltu,sex_t,ocu_skill_l3_4,2015,2.63
ltu,sex_t,ocu_skill_l3_4,2016,5.966
ltu,sex_t,ocu_skill_l3_4,2017,3.165
ltu,sex_t,ocu_skill_l3_4,2018,2.481
ltu,sex_t,ocu_skill_l3_4,2019,3.961
ltu,sex_t,ocu_skill_l3_4,2020,4.096
ltu,sex_t,ocu_skill_l3_4,2021,3.271
ltu,sex_t,ocu_skill_l3_4,2022,4.392
ltu,sex_t,ocu_skill_l3_4,2023,4.65
ltu,sex_t,ocu_skill_total,2010,37.17
ltu,sex_t,ocu_skill_total,2011,44.073
ltu,sex_t,ocu_skill_total,2012,47.797
ltu,sex_t,ocu_skill_total,2013,48.129
ltu,sex_t,ocu_skill_total,2014,46.031
ltu,sex_t,ocu_skill_total,2015,50.068
ltu,sex_t,ocu_skill_total,2016,52.894
ltu,sex_t,ocu_skill_total,2017,37.953
ltu,sex_t,ocu_skill_total,2018,35.322
ltu,sex_t,ocu_skill_total,2019,32.004
ltu,sex_t,ocu_skill_total,2020,38.175
ltu,sex_t,ocu_skill_total,2021,33.227
ltu,sex_t,ocu_skill_total,2022,34.907
ltu,sex_t,ocu_skill_total,2023,43.155
ltu,sex_t,ocu_skill_x,2020,5.918
ltu,sex_t,ocu_skill_x,2021,6.265
ltu,sex_t,ocu_skill_x,2022,9.587
ltu,sex_t,ocu_skill_x,2023,18.02
lux,sex_f,ocu_isco08_2,2012,0.112
lux,sex_f,ocu_isco08_2,2015,0.415
lux,sex_f,ocu_isco08_2,2018,0.434
lux,sex_f,ocu_isco08_2,2019,0.559
lux,sex_f,ocu_isco08_2,2020,0.399
lux,sex_f,ocu_isco08_2,2021,0.422
lux,sex_f,ocu_isco08_2,2022,0.454
lux,sex_f,ocu_isco08_2,2023,1.365
lux,sex_f,ocu_isco08_3,2011,0.171
lux,sex_f,ocu_isco08_3,2013,0.249
lux,sex_f,ocu_isco08_3,2017,0.642
lux,sex_f,ocu_isco08_3,2018,0.368
lux,sex_f,ocu_isco08_3,2019,0.535
lux,sex_f,ocu_isco08_3,2020,0.731
lux,sex_f,ocu_isco08_3,2021,1.338
lux,sex_f,ocu_isco08_3,2022,0.281
lux,sex_f,ocu_isco08_3,2023,1.474
lux,sex_f,ocu_isco08_4,2016,0.435
lux,sex_f,ocu_isco08_4,2019,0.244
lux,sex_f,ocu_isco08_4,2021,0.225
lux,sex_f,ocu_isco08_4,2023,0.269
lux,sex_f,ocu_isco08_5,2011,0.84
lux,sex_f,ocu_isco08_5,2012,0.801
lux,sex_f,ocu_isco08_5,2013,1.842
lux,sex_f,ocu_isco08_5,2014,1.478
lux,sex_f,ocu_isco08_5,2015,1.688
lux,sex_f,ocu_isco08_5,2016,1.155
lux,sex_f,ocu_isco08_5,2017,0.814
lux,sex_f,ocu_isco08_5,2018,1.296
lux,sex_f,ocu_isco08_5,2019,1.33
lux,sex_f,ocu_isco08_5,2020,0.899
lux,sex_f,ocu_isco08_5,2021,1.084
lux,sex_f,ocu_isco08_5,2022,1.476
lux,sex_f,ocu_isco08_5,2023,1.222
lux,sex_f,ocu_isco08_6,2011,0.183
lux,sex_f,ocu_isco08_6,2012,0.207
lux,sex_f,ocu_isco08_6,2014,0.217
lux,sex_f,ocu_isco08_9,2011,0.489
lux,sex_f,ocu_isco08_9,2012,0.509
lux,sex_f,ocu_isco08_9,2013,0.806
lux,sex_f,ocu_isco08_9,2014,0.596
lux,sex_f,ocu_isco08_9,2015,0.591
lux,sex_f,ocu_isco08_9,2016,0.724
lux,sex_f,ocu_isco08_9,2018,0.536
lux,sex_f,ocu_isco08_9,2019,0.316
lux,sex_f,ocu_isco08_9,2020,0.482
lux,sex_f,ocu_isco08_9,2021,0.922
lux,sex_f,ocu_isco08_9,2022,0.611
lux,sex_f,ocu_isco08_9,2023,1.093
lux,sex_f,ocu_isco08_total,2011,2.01
lux,sex_f,ocu_isco08_total,2012,1.765
lux,sex_f,ocu_isco08_total,2013,3.181
lux,sex_f,ocu_isco08_total,2014,2.737
lux,sex_f,ocu_isco08_total,2015,3.157
lux,sex_f,ocu_isco08_total,2016,2.874
lux,sex_f,ocu_isco08_total,2017,2.051
lux,sex_f,ocu_isco08_total,2018,3.013
lux,sex_f,ocu_isco08_total,2019,3.366
lux,sex_f,ocu_isco08_total,2020,2.795
lux,sex_f,ocu_isco08_total,2021,4.653
lux,sex_f,ocu_isco08_total,2022,3.351
lux,sex_f,ocu_isco08_total,2023,5.999
lux,sex_f,ocu_isco08_x,2019,0.285
lux,sex_f,ocu_isco88_2,2009,0.119
lux,sex_f,ocu_isco88_3,2009,0.448
lux,sex_f,ocu_isco88_3,2010,0.115
lux,sex_f,ocu_isco88_4,2007,0.184
lux,sex_f,ocu_isco88_5,2007,0.052
lux,sex_f,ocu_isco88_5,2008,0.144
lux,sex_f,ocu_isco88_5,2009,0.234
lux,sex_f,ocu_isco88_5,2010,0.633
lux,sex_f,ocu_isco88_6,2007,0.194
lux,sex_f,ocu_isco88_6,2009,0.326
lux,sex_f,ocu_isco88_6,2010,0.212
lux,sex_f,ocu_isco88_9,2007,0.578
lux,sex_f,ocu_isco88_9,2008,0.678
lux,sex_f,ocu_isco88_9,2009,0.642
lux,sex_f,ocu_isco88_9,2010,0.783
lux,sex_f,ocu_isco88_total,2007,1.417
lux,sex_f,ocu_isco88_total,2008,1.502
lux,sex_f,ocu_isco88_total,2009,2.176
lux,sex_f,ocu_isco88_total,2010,1.859
lux,sex_f,ocu_skill_l1,2007,0.578
lux,sex_f,ocu_skill_l1,2008,0.678
lux,sex_f,ocu_skill_l1,2009,0.642
lux,sex_f,ocu_skill_l1,2010,0.783
lux,sex_f,ocu_skill_l1,2011,0.489
lux,sex_f,ocu_skill_l1,2012,0.509
lux,sex_f,ocu_skill_l1,2013,0.806
lux,sex_f,ocu_skill_l1,2014,0.596
lux,sex_f,ocu_skill_l1,2015,0.591
lux,sex_f,ocu_skill_l1,2016,0.724
lux,sex_f,ocu_skill_l1,2018,0.536
lux,sex_f,ocu_skill_l1,2019,0.316
lux,sex_f,ocu_skill_l1,2020,0.482
lux,sex_f,ocu_skill_l1,2021,0.922
lux,sex_f,ocu_skill_l1,2022,0.611
lux,sex_f,ocu_skill_l1,2023,1.093
lux,sex_f,ocu_skill_l2,2007,0.566
lux,sex_f,ocu_skill_l2,2008,0.591
lux,sex_f,ocu_skill_l2,2009,0.794
lux,sex_f,ocu_skill_l2,2010,0.936
lux,sex_f,ocu_skill_l2,2011,1.24
lux,sex_f,ocu_skill_l2,2012,1.096
lux,sex_f,ocu_skill_l2,2013,2.062
lux,sex_f,ocu_skill_l2,2014,1.807
lux,sex_f,ocu_skill_l2,2015,1.992
lux,sex_f,ocu_skill_l2,2016,1.655
lux,sex_f,ocu_skill_l2,2017,1.047
lux,sex_f,ocu_skill_l2,2018,1.528
lux,sex_f,ocu_skill_l2,2019,1.644
lux,sex_f,ocu_skill_l2,2020,1.13
lux,sex_f,ocu_skill_l2,2021,1.947
lux,sex_f,ocu_skill_l2,2022,1.765
lux,sex_f,ocu_skill_l2,2023,1.491
lux,sex_f,ocu_skill_l3_4,2007,0.273
lux,sex_f,ocu_skill_l3_4,2008,0.233
lux,sex_f,ocu_skill_l3_4,2009,0.74
lux,sex_f,ocu_skill_l3_4,2010,0.14
lux,sex_f,ocu_skill_l3_4,2011,0.281
lux,sex_f,ocu_skill_l3_4,2012,0.148
lux,sex_f,ocu_skill_l3_4,2013,0.313
lux,sex_f,ocu_skill_l3_4,2014,0.334
lux,sex_f,ocu_skill_l3_4,2015,0.574
lux,sex_f,ocu_skill_l3_4,2016,0.427
lux,sex_f,ocu_skill_l3_4,2017,0.716
lux,sex_f,ocu_skill_l3_4,2018,0.83
lux,sex_f,ocu_skill_l3_4,2019,1.121
lux,sex_f,ocu_skill_l3_4,2020,1.13
lux,sex_f,ocu_skill_l3_4,2021,1.784
lux,sex_f,ocu_skill_l3_4,2022,0.787
lux,sex_f,ocu_skill_l3_4,2023,2.958
lux,sex_f,ocu_skill_total,2007,1.417
lux,sex_f,ocu_skill_total,2008,1.502
lux,sex_f,ocu_skill_total,2009,2.176
lux,sex_f,ocu_skill_total,2010,1.859
lux,sex_f,ocu_skill_total,2011,2.01
lux,sex_f,ocu_skill_total,2012,1.765
lux,sex_f,ocu_skill_total,2013,3.181
lux,sex_f,ocu_skill_total,2014,2.737
lux,sex_f,ocu_skill_total,2015,3.157
lux,sex_f,ocu_skill_total,2016,2.874
lux,sex_f,ocu_skill_total,2017,2.051
lux,sex_f,ocu_skill_total,2018,3.013
lux,sex_f,ocu_skill_total,2019,3.366
lux,sex_f,ocu_skill_total,2020,2.795
lux,sex_f,ocu_skill_total,2021,4.653
lux,sex_f,ocu_skill_total,2022,3.351
lux,sex_f,ocu_skill_total,2023,5.999
lux,sex_f,ocu_skill_x,2019,0.285
lux,sex_m,ocu_isco08_1,2018,0.521
lux,sex_m,ocu_isco08_2,2011,0.041
lux,sex_m,ocu_isco08_2,2012,0.078
lux,sex_m,ocu_isco08_2,2016,0.194
lux,sex_m,ocu_isco08_2,2017,0.362
lux,sex_m,ocu_isco08_2,2018,0.507
lux,sex_m,ocu_isco08_2,2021,0.978
lux,sex_m,ocu_isco08_2,2022,0.226
lux,sex_m,ocu_isco08_2,2023,1.083
lux,sex_m,ocu_isco08_3,2016,0.242
lux,sex_m,ocu_isco08_3,2020,0.661
lux,sex_m,ocu_isco08_3,2021,0.603
lux,sex_m,ocu_isco08_3,2022,0.417
lux,sex_m,ocu_isco08_3,2023,0.875
lux,sex_m,ocu_isco08_4,2011,0.204
lux,sex_m,ocu_isco08_4,2020,0.983
lux,sex_m,ocu_isco08_5,2012,0.229
lux,sex_m,ocu_isco08_5,2014,0.201
lux,sex_m,ocu_isco08_5,2015,0.315
lux,sex_m,ocu_isco08_5,2018,0.18
lux,sex_m,ocu_isco08_5,2020,0.288
lux,sex_m,ocu_isco08_5,2021,0.771
lux,sex_m,ocu_isco08_5,2023,0.976
lux,sex_m,ocu_isco08_6,2015,0.335
lux,sex_m,ocu_isco08_7,2015,0.359
lux,sex_m,ocu_isco08_7,2016,0.15
lux,sex_m,ocu_isco08_7,2017,0.231
lux,sex_m,ocu_isco08_7,2020,0.62
lux,sex_m,ocu_isco08_8,2017,0.22
lux,sex_m,ocu_isco08_8,2018,0.32
lux,sex_m,ocu_isco08_9,2013,0.262
lux,sex_m,ocu_isco08_9,2014,0.286
lux,sex_m,ocu_isco08_9,2015,0.39
lux,sex_m,ocu_isco08_9,2018,0.417
lux,sex_m,ocu_isco08_9,2021,0.925
lux,sex_m,ocu_isco08_total,2011,0.611
lux,sex_m,ocu_isco08_total,2012,0.76
lux,sex_m,ocu_isco08_total,2013,0.993
lux,sex_m,ocu_isco08_total,2014,1.08
lux,sex_m,ocu_isco08_total,2015,2.124
lux,sex_m,ocu_isco08_total,2016,1.135
lux,sex_m,ocu_isco08_total,2017,2.204
lux,sex_m,ocu_isco08_total,2018,2.532
lux,sex_m,ocu_isco08_total,2019,1.904
lux,sex_m,ocu_isco08_total,2020,3.28
lux,sex_m,ocu_isco08_total,2021,4.436
lux,sex_m,ocu_isco08_total,2022,1.275
lux,sex_m,ocu_isco08_total,2023,4.486
lux,sex_m,ocu_isco88_5,2010,0.526
lux,sex_m,ocu_isco88_6,2009,0.316
lux,sex_m,ocu_isco88_6,2010,0.216
lux,sex_m,ocu_isco88_7,2007,0.17
lux,sex_m,ocu_isco88_7,2010,0.158
lux,sex_m,ocu_isco88_9,2007,0.08
lux,sex_m,ocu_isco88_total,2007,1.218
lux,sex_m,ocu_isco88_total,2008,0.223
lux,sex_m,ocu_isco88_total,2009,1.15
lux,sex_m,ocu_isco88_total,2010,1.271
lux,sex_m,ocu_skill_l1,2007,0.08
lux,sex_m,ocu_skill_l1,2013,0.262
lux,sex_m,ocu_skill_l1,2014,0.286
lux,sex_m,ocu_skill_l1,2015,0.39
lux,sex_m,ocu_skill_l1,2018,0.417
lux,sex_m,ocu_skill_l1,2021,0.925
lux,sex_m,ocu_skill_l2,2007,1.043
lux,sex_m,ocu_skill_l2,2008,0.135
lux,sex_m,ocu_skill_l2,2009,0.831
lux,sex_m,ocu_skill_l2,2010,1.108
lux,sex_m,ocu_skill_l2,2011,0.374
lux,sex_m,ocu_skill_l2,2012,0.392
lux,sex_m,ocu_skill_l2,2013,0.364
lux,sex_m,ocu_skill_l2,2014,0.395
lux,sex_m,ocu_skill_l2,2015,1.237
lux,sex_m,ocu_skill_l2,2016,0.593
lux,sex_m,ocu_skill_l2,2017,1.231
lux,sex_m,ocu_skill_l2,2018,0.822
lux,sex_m,ocu_skill_l2,2019,0.797
lux,sex_m,ocu_skill_l2,2020,1.984
lux,sex_m,ocu_skill_l2,2021,1.866
lux,sex_m,ocu_skill_l2,2022,0.317
lux,sex_m,ocu_skill_l2,2023,2.092
lux,sex_m,ocu_skill_l3_4,2007,0.086
lux,sex_m,ocu_skill_l3_4,2009,0.071
lux,sex_m,ocu_skill_l3_4,2010,0.156
lux,sex_m,ocu_skill_l3_4,2011,0.103
lux,sex_m,ocu_skill_l3_4,2012,0.136
lux,sex_m,ocu_skill_l3_4,2013,0.322
lux,sex_m,ocu_skill_l3_4,2014,0.399
lux,sex_m,ocu_skill_l3_4,2015,0.496
lux,sex_m,ocu_skill_l3_4,2016,0.461
lux,sex_m,ocu_skill_l3_4,2017,0.651
lux,sex_m,ocu_skill_l3_4,2018,1.241
lux,sex_m,ocu_skill_l3_4,2019,0.761
lux,sex_m,ocu_skill_l3_4,2020,0.962
lux,sex_m,ocu_skill_l3_4,2021,1.624
lux,sex_m,ocu_skill_l3_4,2022,0.799
lux,sex_m,ocu_skill_l3_4,2023,2.094
lux,sex_m,ocu_skill_total,2007,1.218
lux,sex_m,ocu_skill_total,2008,0.223
lux,sex_m,ocu_skill_total,2009,1.15
lux,sex_m,ocu_skill_total,2010,1.271
lux,sex_m,ocu_skill_total,2011,0.611
lux,sex_m,ocu_skill_total,2012,0.76
lux,sex_m,ocu_skill_total,2013,0.993
lux,sex_m,ocu_skill_total,2014,1.08
lux,sex_m,ocu_skill_total,2015,2.124
lux,sex_m,ocu_skill_total,2016,1.135
lux,sex_m,ocu_skill_total,2017,2.204
lux,sex_m,ocu_skill_total,2018,2.532
lux,sex_m,ocu_skill_total,2019,1.904
lux,sex_m,ocu_skill_total,2020,3.28
lux,sex_m,ocu_skill_total,2021,4.436
lux,sex_m,ocu_skill_total,2022,1.275
lux,sex_m,ocu_skill_total,2023,4.486
lux,sex_m,ocu_skill_x,2019,0.238
lux,sex_t,ocu_isco08_1,2017,0.162
lux,sex_t,ocu_isco08_1,2018,0.549
lux,sex_t,ocu_isco08_1,2019,0.361
lux,sex_t,ocu_isco08_1,2023,0.256
lux,sex_t,ocu_isco08_2,2011,0.089
lux,sex_t,ocu_isco08_2,2012,0.19
lux,sex_t,ocu_isco08_2,2013,0.363
lux,sex_t,ocu_isco08_2,2014,0.303
lux,sex_t,ocu_isco08_2,2015,0.628
lux,sex_t,ocu_isco08_2,2016,0.245
lux,sex_t,ocu_isco08_2,2017,0.408
lux,sex_t,ocu_isco08_2,2018,0.941
lux,sex_t,ocu_isco08_2,2019,0.708
lux,sex_t,ocu_isco08_2,2020,0.434
lux,sex_t,ocu_isco08_2,2021,1.4
lux,sex_t,ocu_isco08_2,2022,0.68
lux,sex_t,ocu_isco08_2,2023,2.448
lux,sex_t,ocu_isco08_3,2011,0.18
lux,sex_t,ocu_isco08_3,2012,0.038
lux,sex_t,ocu_isco08_3,2013,0.272
lux,sex_t,ocu_isco08_3,2014,0.383
lux,sex_t,ocu_isco08_3,2015,0.286
lux,sex_t,ocu_isco08_3,2016,0.451
lux,sex_t,ocu_isco08_3,2017,0.798
lux,sex_t,ocu_isco08_3,2018,0.581
lux,sex_t,ocu_isco08_3,2019,0.813
lux,sex_t,ocu_isco08_3,2020,1.392
lux,sex_t,ocu_isco08_3,2021,1.941
lux,sex_t,ocu_isco08_3,2022,0.698
lux,sex_t,ocu_isco08_3,2023,2.349
lux,sex_t,ocu_isco08_4,2011,0.418
lux,sex_t,ocu_isco08_4,2012,0.183
lux,sex_t,ocu_isco08_4,2013,0.171
lux,sex_t,ocu_isco08_4,2015,0.287
lux,sex_t,ocu_isco08_4,2016,0.489
lux,sex_t,ocu_isco08_4,2017,0.327
lux,sex_t,ocu_isco08_4,2018,0.164
lux,sex_t,ocu_isco08_4,2019,0.448
lux,sex_t,ocu_isco08_4,2020,0.999
lux,sex_t,ocu_isco08_4,2021,0.501
lux,sex_t,ocu_isco08_4,2023,0.313
lux,sex_t,ocu_isco08_5,2011,0.918
lux,sex_t,ocu_isco08_5,2012,1.03
lux,sex_t,ocu_isco08_5,2013,1.976
lux,sex_t,ocu_isco08_5,2014,1.679
lux,sex_t,ocu_isco08_5,2015,2.003
lux,sex_t,ocu_isco08_5,2016,1.325
lux,sex_t,ocu_isco08_5,2017,0.984
lux,sex_t,ocu_isco08_5,2018,1.476
lux,sex_t,ocu_isco08_5,2019,1.55
lux,sex_t,ocu_isco08_5,2020,1.187
lux,sex_t,ocu_isco08_5,2021,1.855
lux,sex_t,ocu_isco08_5,2022,1.555
lux,sex_t,ocu_isco08_5,2023,2.198
lux,sex_t,ocu_isco08_6,2011,0.183
lux,sex_t,ocu_isco08_6,2012,0.243
lux,sex_t,ocu_isco08_6,2014,0.264
lux,sex_t,ocu_isco08_6,2015,0.335
lux,sex_t,ocu_isco08_6,2017,0.516
lux,sex_t,ocu_isco08_6,2018,0.261
lux,sex_t,ocu_isco08_7,2015,0.384
lux,sex_t,ocu_isco08_7,2016,0.17
lux,sex_t,ocu_isco08_7,2017,0.231
lux,sex_t,ocu_isco08_7,2020,0.62
lux,sex_t,ocu_isco08_8,2017,0.22
lux,sex_t,ocu_isco08_8,2018,0.32
lux,sex_t,ocu_isco08_8,2021,0.759
lux,sex_t,ocu_isco08_9,2011,0.624
lux,sex_t,ocu_isco08_9,2012,0.667
lux,sex_t,ocu_isco08_9,2013,1.068
lux,sex_t,ocu_isco08_9,2014,0.881
lux,sex_t,ocu_isco08_9,2015,0.981
lux,sex_t,ocu_isco08_9,2016,0.778
lux,sex_t,ocu_isco08_9,2017,0.479
lux,sex_t,ocu_isco08_9,2018,0.953
lux,sex_t,ocu_isco08_9,2019,0.423
lux,sex_t,ocu_isco08_9,2020,0.691
lux,sex_t,ocu_isco08_9,2021,1.847
lux,sex_t,ocu_isco08_9,2022,0.611
lux,sex_t,ocu_isco08_9,2023,1.362
lux,sex_t,ocu_isco08_total,2011,2.621
lux,sex_t,ocu_isco08_total,2012,2.526
lux,sex_t,ocu_isco08_total,2013,4.174
lux,sex_t,ocu_isco08_total,2014,3.817
lux,sex_t,ocu_isco08_total,2015,5.28
lux,sex_t,ocu_isco08_total,2016,4.01
lux,sex_t,ocu_isco08_total,2017,4.255
lux,sex_t,ocu_isco08_total,2018,5.545
lux,sex_t,ocu_isco08_total,2019,5.27
lux,sex_t,ocu_isco08_total,2020,6.074
lux,sex_t,ocu_isco08_total,2021,9.089
lux,sex_t,ocu_isco08_total,2022,4.625
lux,sex_t,ocu_isco08_total,2023,10.485
lux,sex_t,ocu_isco08_x,2019,0.492
lux,sex_t,ocu_isco08_x,2022,0.347
lux,sex_t,ocu_isco88_1,2007,0.178
lux,sex_t,ocu_isco88_2,2007,0.066
lux,sex_t,ocu_isco88_2,2009,0.142
lux,sex_t,ocu_isco88_3,2009,0.478
lux,sex_t,ocu_isco88_3,2010,0.173
lux,sex_t,ocu_isco88_4,2007,0.613
lux,sex_t,ocu_isco88_4,2009,0.3
lux,sex_t,ocu_isco88_5,2007,0.383
lux,sex_t,ocu_isco88_5,2008,0.157
lux,sex_t,ocu_isco88_5,2009,0.417
lux,sex_t,ocu_isco88_5,2010,1.16
lux,sex_t,ocu_isco88_6,2007,0.305
lux,sex_t,ocu_isco88_6,2008,0.246
lux,sex_t,ocu_isco88_6,2009,0.643
lux,sex_t,ocu_isco88_6,2010,0.428
lux,sex_t,ocu_isco88_7,2007,0.306
lux,sex_t,ocu_isco88_7,2010,0.158
lux,sex_t,ocu_isco88_9,2007,0.658
lux,sex_t,ocu_isco88_9,2008,0.697
lux,sex_t,ocu_isco88_9,2009,0.87
lux,sex_t,ocu_isco88_9,2010,0.789
lux,sex_t,ocu_isco88_total,2007,2.636
lux,sex_t,ocu_isco88_total,2008,1.725
lux,sex_t,ocu_isco88_total,2009,3.326
lux,sex_t,ocu_isco88_total,2010,3.129
lux,sex_t,ocu_skill_l1,2007,0.658
lux,sex_t,ocu_skill_l1,2008,0.697
lux,sex_t,ocu_skill_l1,2009,0.87
lux,sex_t,ocu_skill_l1,2010,0.789
lux,sex_t,ocu_skill_l1,2011,0.624
lux,sex_t,ocu_skill_l1,2012,0.667
lux,sex_t,ocu_skill_l1,2013,1.068
lux,sex_t,ocu_skill_l1,2014,0.881
lux,sex_t,ocu_skill_l1,2015,0.981
lux,sex_t,ocu_skill_l1,2016,0.778
lux,sex_t,ocu_skill_l1,2017,0.479
lux,sex_t,ocu_skill_l1,2018,0.953
lux,sex_t,ocu_skill_l1,2019,0.423
lux,sex_t,ocu_skill_l1,2020,0.691
lux,sex_t,ocu_skill_l1,2021,1.847
lux,sex_t,ocu_skill_l1,2022,0.611
lux,sex_t,ocu_skill_l1,2023,1.362
lux,sex_t,ocu_skill_l2,2007,1.609
lux,sex_t,ocu_skill_l2,2008,0.726
lux,sex_t,ocu_skill_l2,2009,1.625
lux,sex_t,ocu_skill_l2,2010,2.044
lux,sex_t,ocu_skill_l2,2011,1.614
lux,sex_t,ocu_skill_l2,2012,1.488
lux,sex_t,ocu_skill_l2,2013,2.425
lux,sex_t,ocu_skill_l2,2014,2.202
lux,sex_t,ocu_skill_l2,2015,3.229
lux,sex_t,ocu_skill_l2,2016,2.249
lux,sex_t,ocu_skill_l2,2017,2.278
lux,sex_t,ocu_skill_l2,2018,2.35
lux,sex_t,ocu_skill_l2,2019,2.441
lux,sex_t,ocu_skill_l2,2020,3.114
lux,sex_t,ocu_skill_l2,2021,3.813
lux,sex_t,ocu_skill_l2,2022,2.082
lux,sex_t,ocu_skill_l2,2023,3.584
lux,sex_t,ocu_skill_l3_4,2007,0.359
lux,sex_t,ocu_skill_l3_4,2008,0.302
lux,sex_t,ocu_skill_l3_4,2009,0.811
lux,sex_t,ocu_skill_l3_4,2010,0.296
lux,sex_t,ocu_skill_l3_4,2011,0.384
lux,sex_t,ocu_skill_l3_4,2012,0.284
lux,sex_t,ocu_skill_l3_4,2013,0.635
lux,sex_t,ocu_skill_l3_4,2014,0.733
lux,sex_t,ocu_skill_l3_4,2015,1.071
lux,sex_t,ocu_skill_l3_4,2016,0.888
lux,sex_t,ocu_skill_l3_4,2017,1.368
lux,sex_t,ocu_skill_l3_4,2018,2.071
lux,sex_t,ocu_skill_l3_4,2019,1.883
lux,sex_t,ocu_skill_l3_4,2020,2.092
lux,sex_t,ocu_skill_l3_4,2021,3.409
lux,sex_t,ocu_skill_l3_4,2022,1.585
lux,sex_t,ocu_skill_l3_4,2023,5.052
lux,sex_t,ocu_skill_total,2007,2.636
lux,sex_t,ocu_skill_total,2008,1.725
lux,sex_t,ocu_skill_total,2009,3.326
lux,sex_t,ocu_skill_total,2010,3.129
lux,sex_t,ocu_skill_total,2011,2.621
lux,sex_t,ocu_skill_total,2012,2.526
lux,sex_t,ocu_skill_total,2013,4.174
lux,sex_t,ocu_skill_total,2014,3.817
lux,sex_t,ocu_skill_total,2015,5.28
lux,sex_t,ocu_skill_total,2016,4.01
lux,sex_t,ocu_skill_total,2017,4.255
lux,sex_t,ocu_skill_total,2018,5.545
lux,sex_t,ocu_skill_total,2019,5.27
lux,sex_t,ocu_skill_total,2020,6.074
lux,sex_t,ocu_skill_total,2021,9.089
lux,sex_t,ocu_skill_total,2022,4.625
lux,sex_t,ocu_skill_total,2023,10.485
lux,sex_t,ocu_skill_x,2019,0.523
lux,sex_t,ocu_skill_x,2022,0.347
lva,sex_f,ocu_isco08_1,2011,0.551
lva,sex_f,ocu_isco08_2,2011,1.197
lva,sex_f,ocu_isco08_2,2013,0.882
lva,sex_f,ocu_isco08_2,2014,1.219
lva,sex_f,ocu_isco08_2,2018,0.623
lva,sex_f,ocu_isco08_3,2011,0.623
lva,sex_f,ocu_isco08_3,2022,0.587
lva,sex_f,ocu_isco08_4,2011,0.8
lva,sex_f,ocu_isco08_5,2011,5.452
lva,sex_f,ocu_isco08_5,2012,4.819
lva,sex_f,ocu_isco08_5,2013,4.705
lva,sex_f,ocu_isco08_5,2014,4.565
lva,sex_f,ocu_isco08_5,2015,5.183
lva,sex_f,ocu_isco08_5,2016,5.448
lva,sex_f,ocu_isco08_5,2017,7.459
lva,sex_f,ocu_isco08_5,2018,6.159
lva,sex_f,ocu_isco08_5,2019,5.23
lva,sex_f,ocu_isco08_5,2020,7.303
lva,sex_f,ocu_isco08_5,2021,7.564
lva,sex_f,ocu_isco08_5,2022,6.097
lva,sex_f,ocu_isco08_5,2023,5.516
lva,sex_f,ocu_isco08_6,2011,1.705
lva,sex_f,ocu_isco08_6,2012,1.579
lva,sex_f,ocu_isco08_6,2013,0.983
lva,sex_f,ocu_isco08_6,2014,1.41
lva,sex_f,ocu_isco08_6,2015,2.066
lva,sex_f,ocu_isco08_6,2016,1.052
lva,sex_f,ocu_isco08_6,2017,1.365
lva,sex_f,ocu_isco08_6,2018,0.718
lva,sex_f,ocu_isco08_6,2019,1.257
lva,sex_f,ocu_isco08_6,2021,0.648
lva,sex_f,ocu_isco08_6,2022,0.611
lva,sex_f,ocu_isco08_9,2011,9.395
lva,sex_f,ocu_isco08_9,2012,6.007
lva,sex_f,ocu_isco08_9,2013,4.623
lva,sex_f,ocu_isco08_9,2014,2.718
lva,sex_f,ocu_isco08_9,2015,1.603
lva,sex_f,ocu_isco08_9,2016,2.462
lva,sex_f,ocu_isco08_9,2017,2.114
lva,sex_f,ocu_isco08_9,2018,1.713
lva,sex_f,ocu_isco08_9,2019,1.003
lva,sex_f,ocu_isco08_9,2020,1.52
lva,sex_f,ocu_isco08_9,2021,0.912
lva,sex_f,ocu_isco08_9,2022,1.304
lva,sex_f,ocu_isco08_9,2023,2.27
lva,sex_f,ocu_isco08_total,2011,20.295
lva,sex_f,ocu_isco08_total,2012,14.316
lva,sex_f,ocu_isco08_total,2013,11.979
lva,sex_f,ocu_isco08_total,2014,10.833
lva,sex_f,ocu_isco08_total,2015,10.066
lva,sex_f,ocu_isco08_total,2016,9.661
lva,sex_f,ocu_isco08_total,2017,11.728
lva,sex_f,ocu_isco08_total,2018,9.74
lva,sex_f,ocu_isco08_total,2019,9.213
lva,sex_f,ocu_isco08_total,2020,10.44
lva,sex_f,ocu_isco08_total,2021,10.428
lva,sex_f,ocu_isco08_total,2022,10.198
lva,sex_f,ocu_isco08_total,2023,10.911
lva,sex_f,ocu_isco88_2,2010,0.87
lva,sex_f,ocu_isco88_3,2008,0.807
lva,sex_f,ocu_isco88_5,2007,1.991
lva,sex_f,ocu_isco88_5,2008,1.057
lva,sex_f,ocu_isco88_5,2009,2.416
lva,sex_f,ocu_isco88_5,2010,1.547
lva,sex_f,ocu_isco88_6,2007,3.088
lva,sex_f,ocu_isco88_6,2008,2.029
lva,sex_f,ocu_isco88_6,2009,3.674
lva,sex_f,ocu_isco88_6,2010,1.899
lva,sex_f,ocu_isco88_8,2010,0
lva,sex_f,ocu_isco88_9,2007,6.012
lva,sex_f,ocu_isco88_9,2008,1.968
lva,sex_f,ocu_isco88_9,2009,4.156
lva,sex_f,ocu_isco88_9,2010,5.099
lva,sex_f,ocu_isco88_total,2007,13.116
lva,sex_f,ocu_isco88_total,2008,6.869
lva,sex_f,ocu_isco88_total,2009,11.485
lva,sex_f,ocu_isco88_total,2010,10.381
lva,sex_f,ocu_skill_l1,2007,6.012
lva,sex_f,ocu_skill_l1,2008,1.968
lva,sex_f,ocu_skill_l1,2009,4.156
lva,sex_f,ocu_skill_l1,2010,5.099
lva,sex_f,ocu_skill_l1,2011,9.395
lva,sex_f,ocu_skill_l1,2012,6.007
lva,sex_f,ocu_skill_l1,2013,4.623
lva,sex_f,ocu_skill_l1,2014,2.718
lva,sex_f,ocu_skill_l1,2015,1.603
lva,sex_f,ocu_skill_l1,2016,2.462
lva,sex_f,ocu_skill_l1,2017,2.114
lva,sex_f,ocu_skill_l1,2018,1.713
lva,sex_f,ocu_skill_l1,2019,1.003
lva,sex_f,ocu_skill_l1,2020,1.52
lva,sex_f,ocu_skill_l1,2021,0.912
lva,sex_f,ocu_skill_l1,2022,1.304
lva,sex_f,ocu_skill_l1,2023,2.27
lva,sex_f,ocu_skill_l2,2007,6.451
lva,sex_f,ocu_skill_l2,2008,3.732
lva,sex_f,ocu_skill_l2,2009,6.331
lva,sex_f,ocu_skill_l2,2010,3.871
lva,sex_f,ocu_skill_l2,2011,8.529
lva,sex_f,ocu_skill_l2,2012,7.043
lva,sex_f,ocu_skill_l2,2013,6.136
lva,sex_f,ocu_skill_l2,2014,6.34
lva,sex_f,ocu_skill_l2,2015,7.466
lva,sex_f,ocu_skill_l2,2016,6.636
lva,sex_f,ocu_skill_l2,2017,8.949
lva,sex_f,ocu_skill_l2,2018,7.165
lva,sex_f,ocu_skill_l2,2019,7.16
lva,sex_f,ocu_skill_l2,2020,7.956
lva,sex_f,ocu_skill_l2,2021,8.212
lva,sex_f,ocu_skill_l2,2022,7.455
lva,sex_f,ocu_skill_l2,2023,6.792
lva,sex_f,ocu_skill_l3_4,2008,1.169
lva,sex_f,ocu_skill_l3_4,2009,0.997
lva,sex_f,ocu_skill_l3_4,2010,1.412
lva,sex_f,ocu_skill_l3_4,2011,2.371
lva,sex_f,ocu_skill_l3_4,2012,1.266
lva,sex_f,ocu_skill_l3_4,2013,1.1
lva,sex_f,ocu_skill_l3_4,2014,1.775
lva,sex_f,ocu_skill_l3_4,2015,0.997
lva,sex_f,ocu_skill_l3_4,2016,0.563
lva,sex_f,ocu_skill_l3_4,2017,0.664
lva,sex_f,ocu_skill_l3_4,2018,0.861
lva,sex_f,ocu_skill_l3_4,2019,1.05
lva,sex_f,ocu_skill_l3_4,2020,0.964
lva,sex_f,ocu_skill_l3_4,2021,1.206
lva,sex_f,ocu_skill_l3_4,2022,1.439
lva,sex_f,ocu_skill_l3_4,2023,1.849
lva,sex_f,ocu_skill_total,2007,13.116
lva,sex_f,ocu_skill_total,2008,6.869
lva,sex_f,ocu_skill_total,2009,11.485
lva,sex_f,ocu_skill_total,2010,10.381
lva,sex_f,ocu_skill_total,2011,20.295
lva,sex_f,ocu_skill_total,2012,14.316
lva,sex_f,ocu_skill_total,2013,11.979
lva,sex_f,ocu_skill_total,2014,10.833
lva,sex_f,ocu_skill_total,2015,10.066
lva,sex_f,ocu_skill_total,2016,9.661
lva,sex_f,ocu_skill_total,2017,11.728
lva,sex_f,ocu_skill_total,2018,9.74
lva,sex_f,ocu_skill_total,2019,9.213
lva,sex_f,ocu_skill_total,2020,10.44
lva,sex_f,ocu_skill_total,2021,10.428
lva,sex_f,ocu_skill_total,2022,10.198
lva,sex_f,ocu_skill_total,2023,10.911
lva,sex_m,ocu_isco08_1,2020,0.612
lva,sex_m,ocu_isco08_1,2021,0.486
lva,sex_m,ocu_isco08_1,2022,0.986
lva,sex_m,ocu_isco08_2,2013,1.234
lva,sex_m,ocu_isco08_3,2011,1.206
lva,sex_m,ocu_isco08_3,2013,2.17
lva,sex_m,ocu_isco08_3,2014,1.85
lva,sex_m,ocu_isco08_3,2015,2.057
lva,sex_m,ocu_isco08_3,2016,2.821
lva,sex_m,ocu_isco08_3,2017,1.209
lva,sex_m,ocu_isco08_3,2018,1.717
lva,sex_m,ocu_isco08_3,2019,1.375
lva,sex_m,ocu_isco08_3,2020,1.035
lva,sex_m,ocu_isco08_3,2021,2.719
lva,sex_m,ocu_isco08_3,2022,0.7
lva,sex_m,ocu_isco08_3,2023,1.75
lva,sex_m,ocu_isco08_5,2011,0.577
lva,sex_m,ocu_isco08_5,2018,0.841
lva,sex_m,ocu_isco08_5,2019,1.073
lva,sex_m,ocu_isco08_5,2022,0
lva,sex_m,ocu_isco08_6,2011,3.724
lva,sex_m,ocu_isco08_6,2012,2.144
lva,sex_m,ocu_isco08_6,2013,1.935
lva,sex_m,ocu_isco08_6,2014,2.384
lva,sex_m,ocu_isco08_6,2015,3.147
lva,sex_m,ocu_isco08_6,2016,3.249
lva,sex_m,ocu_isco08_6,2017,2.147
lva,sex_m,ocu_isco08_6,2018,1.91
lva,sex_m,ocu_isco08_6,2019,1.193
lva,sex_m,ocu_isco08_6,2020,1.878
lva,sex_m,ocu_isco08_6,2021,2.145
lva,sex_m,ocu_isco08_6,2023,0.716
lva,sex_m,ocu_isco08_7,2011,3.502
lva,sex_m,ocu_isco08_7,2012,2.103
lva,sex_m,ocu_isco08_7,2013,3.06
lva,sex_m,ocu_isco08_7,2014,1.423
lva,sex_m,ocu_isco08_7,2015,2.707
lva,sex_m,ocu_isco08_7,2016,1.614
lva,sex_m,ocu_isco08_7,2017,1.105
lva,sex_m,ocu_isco08_7,2018,1.139
lva,sex_m,ocu_isco08_7,2019,1.437
lva,sex_m,ocu_isco08_7,2020,1.359
lva,sex_m,ocu_isco08_7,2021,1.049
lva,sex_m,ocu_isco08_7,2022,1.075
lva,sex_m,ocu_isco08_7,2023,1.25
lva,sex_m,ocu_isco08_8,2011,2.486
lva,sex_m,ocu_isco08_8,2012,1.03
lva,sex_m,ocu_isco08_8,2013,1.456
lva,sex_m,ocu_isco08_8,2014,1.85
lva,sex_m,ocu_isco08_8,2015,3.388
lva,sex_m,ocu_isco08_8,2016,0.754
lva,sex_m,ocu_isco08_8,2017,0.823
lva,sex_m,ocu_isco08_8,2019,1.004
lva,sex_m,ocu_isco08_8,2020,0.582
lva,sex_m,ocu_isco08_8,2021,0.604
lva,sex_m,ocu_isco08_9,2011,9.425
lva,sex_m,ocu_isco08_9,2012,4.06
lva,sex_m,ocu_isco08_9,2013,5.552
lva,sex_m,ocu_isco08_9,2014,5.247
lva,sex_m,ocu_isco08_9,2015,2.39
lva,sex_m,ocu_isco08_9,2016,4.07
lva,sex_m,ocu_isco08_9,2017,2.477
lva,sex_m,ocu_isco08_9,2018,2.109
lva,sex_m,ocu_isco08_9,2019,1.981
lva,sex_m,ocu_isco08_9,2020,1.989
lva,sex_m,ocu_isco08_9,2021,2.784
lva,sex_m,ocu_isco08_9,2022,1.395
lva,sex_m,ocu_isco08_9,2023,2.219
lva,sex_m,ocu_isco08_total,2011,21.415
lva,sex_m,ocu_isco08_total,2012,11.075
lva,sex_m,ocu_isco08_total,2013,15.888
lva,sex_m,ocu_isco08_total,2014,13.789
lva,sex_m,ocu_isco08_total,2015,14.251
lva,sex_m,ocu_isco08_total,2016,13.231
lva,sex_m,ocu_isco08_total,2017,8.515
lva,sex_m,ocu_isco08_total,2018,8.913
lva,sex_m,ocu_isco08_total,2019,8.319
lva,sex_m,ocu_isco08_total,2020,8.878
lva,sex_m,ocu_isco08_total,2021,10.459
lva,sex_m,ocu_isco08_total,2022,5.464
lva,sex_m,ocu_isco08_total,2023,7.915
lva,sex_m,ocu_isco88_1,2010,0.915
lva,sex_m,ocu_isco88_2,2008,0.452
lva,sex_m,ocu_isco88_3,2008,0.944
lva,sex_m,ocu_isco88_3,2010,1.94
lva,sex_m,ocu_isco88_6,2007,2.056
lva,sex_m,ocu_isco88_6,2008,1.572
lva,sex_m,ocu_isco88_6,2009,1.967
lva,sex_m,ocu_isco88_6,2010,2.424
lva,sex_m,ocu_isco88_7,2007,4.264
lva,sex_m,ocu_isco88_7,2008,2.423
lva,sex_m,ocu_isco88_7,2009,2.411
lva,sex_m,ocu_isco88_7,2010,2.544
lva,sex_m,ocu_isco88_8,2007,2.274
lva,sex_m,ocu_isco88_8,2008,1.305
lva,sex_m,ocu_isco88_8,2009,1.798
lva,sex_m,ocu_isco88_8,2010,3.177
lva,sex_m,ocu_isco88_9,2007,11.685
lva,sex_m,ocu_isco88_9,2008,6.787
lva,sex_m,ocu_isco88_9,2009,6.932
lva,sex_m,ocu_isco88_9,2010,8.634
lva,sex_m,ocu_isco88_total,2007,22.099
lva,sex_m,ocu_isco88_total,2008,14.107
lva,sex_m,ocu_isco88_total,2009,15.093
lva,sex_m,ocu_isco88_total,2010,20.646
lva,sex_m,ocu_skill_l1,2007,11.685
lva,sex_m,ocu_skill_l1,2008,6.787
lva,sex_m,ocu_skill_l1,2009,6.932
lva,sex_m,ocu_skill_l1,2010,8.634
lva,sex_m,ocu_skill_l1,2011,9.425
lva,sex_m,ocu_skill_l1,2012,4.06
lva,sex_m,ocu_skill_l1,2013,5.552
lva,sex_m,ocu_skill_l1,2014,5.247
lva,sex_m,ocu_skill_l1,2015,2.39
lva,sex_m,ocu_skill_l1,2016,4.07
lva,sex_m,ocu_skill_l1,2017,2.477
lva,sex_m,ocu_skill_l1,2018,2.109
lva,sex_m,ocu_skill_l1,2019,1.981
lva,sex_m,ocu_skill_l1,2020,1.989
lva,sex_m,ocu_skill_l1,2021,2.784
lva,sex_m,ocu_skill_l1,2022,1.395
lva,sex_m,ocu_skill_l1,2023,2.219
lva,sex_m,ocu_skill_l2,2007,9.027
lva,sex_m,ocu_skill_l2,2008,5.924
lva,sex_m,ocu_skill_l2,2009,6.591
lva,sex_m,ocu_skill_l2,2010,8.517
lva,sex_m,ocu_skill_l2,2011,10.289
lva,sex_m,ocu_skill_l2,2012,6.046
lva,sex_m,ocu_skill_l2,2013,6.679
lva,sex_m,ocu_skill_l2,2014,6.027
lva,sex_m,ocu_skill_l2,2015,9.453
lva,sex_m,ocu_skill_l2,2016,6.268
lva,sex_m,ocu_skill_l2,2017,4.703
lva,sex_m,ocu_skill_l2,2018,4.829
lva,sex_m,ocu_skill_l2,2019,4.706
lva,sex_m,ocu_skill_l2,2020,4.656
lva,sex_m,ocu_skill_l2,2021,4.376
lva,sex_m,ocu_skill_l2,2022,2.382
lva,sex_m,ocu_skill_l2,2023,3.454
lva,sex_m,ocu_skill_l3_4,2007,0.903
lva,sex_m,ocu_skill_l3_4,2008,1.396
lva,sex_m,ocu_skill_l3_4,2009,1.57
lva,sex_m,ocu_skill_l3_4,2010,3.495
lva,sex_m,ocu_skill_l3_4,2011,1.701
lva,sex_m,ocu_skill_l3_4,2012,0.833
lva,sex_m,ocu_skill_l3_4,2013,3.658
lva,sex_m,ocu_skill_l3_4,2014,2.515
lva,sex_m,ocu_skill_l3_4,2015,2.409
lva,sex_m,ocu_skill_l3_4,2016,2.893
lva,sex_m,ocu_skill_l3_4,2017,1.336
lva,sex_m,ocu_skill_l3_4,2018,1.975
lva,sex_m,ocu_skill_l3_4,2019,1.631
lva,sex_m,ocu_skill_l3_4,2020,2.233
lva,sex_m,ocu_skill_l3_4,2021,3.299
lva,sex_m,ocu_skill_l3_4,2022,1.687
lva,sex_m,ocu_skill_l3_4,2023,2.243
lva,sex_m,ocu_skill_total,2007,22.099
lva,sex_m,ocu_skill_total,2008,14.107
lva,sex_m,ocu_skill_total,2009,15.093
lva,sex_m,ocu_skill_total,2010,20.646
lva,sex_m,ocu_skill_total,2011,21.415
lva,sex_m,ocu_skill_total,2012,11.075
lva,sex_m,ocu_skill_total,2013,15.888
lva,sex_m,ocu_skill_total,2014,13.789
lva,sex_m,ocu_skill_total,2015,14.251
lva,sex_m,ocu_skill_total,2016,13.231
lva,sex_m,ocu_skill_total,2017,8.515
lva,sex_m,ocu_skill_total,2018,8.913
lva,sex_m,ocu_skill_total,2019,8.319
lva,sex_m,ocu_skill_total,2020,8.878
lva,sex_m,ocu_skill_total,2021,10.459
lva,sex_m,ocu_skill_total,2022,5.464
lva,sex_m,ocu_skill_total,2023,7.915
lva,sex_t,ocu_isco08_1,2011,0.632
lva,sex_t,ocu_isco08_1,2012,0.646
lva,sex_t,ocu_isco08_1,2020,0.773
lva,sex_t,ocu_isco08_1,2021,0.858
lva,sex_t,ocu_isco08_1,2022,1.388
lva,sex_t,ocu_isco08_1,2023,0.863
lva,sex_t,ocu_isco08_2,2011,1.61
lva,sex_t,ocu_isco08_2,2013,2.116
lva,sex_t,ocu_isco08_2,2014,1.741
lva,sex_t,ocu_isco08_2,2018,0.623
lva,sex_t,ocu_isco08_2,2020,1.022
lva,sex_t,ocu_isco08_2,2023,1.005
lva,sex_t,ocu_isco08_3,2011,1.83
lva,sex_t,ocu_isco08_3,2012,1.027
lva,sex_t,ocu_isco08_3,2013,2.17
lva,sex_t,ocu_isco08_3,2014,2.294
lva,sex_t,ocu_isco08_3,2015,2.421
lva,sex_t,ocu_isco08_3,2016,2.917
lva,sex_t,ocu_isco08_3,2017,1.312
lva,sex_t,ocu_isco08_3,2018,1.717
lva,sex_t,ocu_isco08_3,2019,1.604
lva,sex_t,ocu_isco08_3,2020,1.402
lva,sex_t,ocu_isco08_3,2021,3.099
lva,sex_t,ocu_isco08_3,2022,1.287
lva,sex_t,ocu_isco08_3,2023,2.224
lva,sex_t,ocu_isco08_4,2011,0.8
lva,sex_t,ocu_isco08_5,2011,6.029
lva,sex_t,ocu_isco08_5,2012,5.3
lva,sex_t,ocu_isco08_5,2013,4.847
lva,sex_t,ocu_isco08_5,2014,4.936
lva,sex_t,ocu_isco08_5,2015,5.394
lva,sex_t,ocu_isco08_5,2016,5.866
lva,sex_t,ocu_isco08_5,2017,7.865
lva,sex_t,ocu_isco08_5,2018,7
lva,sex_t,ocu_isco08_5,2019,6.303
lva,sex_t,ocu_isco08_5,2020,8.139
lva,sex_t,ocu_isco08_5,2021,7.948
lva,sex_t,ocu_isco08_5,2022,6.097
lva,sex_t,ocu_isco08_5,2023,6.22
lva,sex_t,ocu_isco08_6,2011,5.429
lva,sex_t,ocu_isco08_6,2012,3.723
lva,sex_t,ocu_isco08_6,2013,2.918
lva,sex_t,ocu_isco08_6,2014,3.794
lva,sex_t,ocu_isco08_6,2015,5.213
lva,sex_t,ocu_isco08_6,2016,4.302
lva,sex_t,ocu_isco08_6,2017,3.512
lva,sex_t,ocu_isco08_6,2018,2.628
lva,sex_t,ocu_isco08_6,2019,2.45
lva,sex_t,ocu_isco08_6,2020,2.45
lva,sex_t,ocu_isco08_6,2021,2.793
lva,sex_t,ocu_isco08_6,2022,1.12
lva,sex_t,ocu_isco08_6,2023,0.996
lva,sex_t,ocu_isco08_7,2011,3.978
lva,sex_t,ocu_isco08_7,2012,2.594
lva,sex_t,ocu_isco08_7,2013,3.507
lva,sex_t,ocu_isco08_7,2014,1.788
lva,sex_t,ocu_isco08_7,2015,2.827
lva,sex_t,ocu_isco08_7,2016,1.749
lva,sex_t,ocu_isco08_7,2017,1.105
lva,sex_t,ocu_isco08_7,2018,1.428
lva,sex_t,ocu_isco08_7,2019,1.437
lva,sex_t,ocu_isco08_7,2020,1.44
lva,sex_t,ocu_isco08_7,2021,1.049
lva,sex_t,ocu_isco08_7,2022,1.546
lva,sex_t,ocu_isco08_7,2023,1.56
lva,sex_t,ocu_isco08_8,2011,2.581
lva,sex_t,ocu_isco08_8,2012,1.119
lva,sex_t,ocu_isco08_8,2013,1.456
lva,sex_t,ocu_isco08_8,2014,1.85
lva,sex_t,ocu_isco08_8,2015,3.485
lva,sex_t,ocu_isco08_8,2016,0.754
lva,sex_t,ocu_isco08_8,2017,0.823
lva,sex_t,ocu_isco08_8,2019,1.218
lva,sex_t,ocu_isco08_8,2020,0.582
lva,sex_t,ocu_isco08_8,2021,0.604
lva,sex_t,ocu_isco08_9,2011,18.82
lva,sex_t,ocu_isco08_9,2012,10.067
lva,sex_t,ocu_isco08_9,2013,10.175
lva,sex_t,ocu_isco08_9,2014,7.965
lva,sex_t,ocu_isco08_9,2015,3.993
lva,sex_t,ocu_isco08_9,2016,6.532
lva,sex_t,ocu_isco08_9,2017,4.592
lva,sex_t,ocu_isco08_9,2018,3.822
lva,sex_t,ocu_isco08_9,2019,2.984
lva,sex_t,ocu_isco08_9,2020,3.51
lva,sex_t,ocu_isco08_9,2021,3.696
lva,sex_t,ocu_isco08_9,2022,2.699
lva,sex_t,ocu_isco08_9,2023,4.488
lva,sex_t,ocu_isco08_total,2011,41.71
lva,sex_t,ocu_isco08_total,2012,25.391
lva,sex_t,ocu_isco08_total,2013,27.868
lva,sex_t,ocu_isco08_total,2014,24.622
lva,sex_t,ocu_isco08_total,2015,24.317
lva,sex_t,ocu_isco08_total,2016,22.893
lva,sex_t,ocu_isco08_total,2017,20.243
lva,sex_t,ocu_isco08_total,2018,18.653
lva,sex_t,ocu_isco08_total,2019,17.532
lva,sex_t,ocu_isco08_total,2020,19.318
lva,sex_t,ocu_isco08_total,2021,20.887
lva,sex_t,ocu_isco08_total,2022,15.661
lva,sex_t,ocu_isco08_total,2023,18.827
lva,sex_t,ocu_isco88_1,2009,0.893
lva,sex_t,ocu_isco88_1,2010,0.915
lva,sex_t,ocu_isco88_2,2008,0.814
lva,sex_t,ocu_isco88_2,2010,1.51
lva,sex_t,ocu_isco88_3,2007,0.817
lva,sex_t,ocu_isco88_3,2008,1.751
lva,sex_t,ocu_isco88_3,2009,1.387
lva,sex_t,ocu_isco88_3,2010,2.481
lva,sex_t,ocu_isco88_5,2007,2.273
lva,sex_t,ocu_isco88_5,2008,1.461
lva,sex_t,ocu_isco88_5,2009,2.657
lva,sex_t,ocu_isco88_5,2010,1.919
lva,sex_t,ocu_isco88_6,2007,5.144
lva,sex_t,ocu_isco88_6,2008,3.601
lva,sex_t,ocu_isco88_6,2009,5.64
lva,sex_t,ocu_isco88_6,2010,4.323
lva,sex_t,ocu_isco88_7,2007,4.942
lva,sex_t,ocu_isco88_7,2008,2.639
lva,sex_t,ocu_isco88_7,2009,2.576
lva,sex_t,ocu_isco88_7,2010,2.969
lva,sex_t,ocu_isco88_8,2007,2.31
lva,sex_t,ocu_isco88_8,2008,1.378
lva,sex_t,ocu_isco88_8,2009,1.798
lva,sex_t,ocu_isco88_8,2010,3.177
lva,sex_t,ocu_isco88_9,2007,17.697
lva,sex_t,ocu_isco88_9,2008,8.754
lva,sex_t,ocu_isco88_9,2009,11.088
lva,sex_t,ocu_isco88_9,2010,13.733
lva,sex_t,ocu_isco88_total,2007,35.215
lva,sex_t,ocu_isco88_total,2008,20.975
lva,sex_t,ocu_isco88_total,2009,26.578
lva,sex_t,ocu_isco88_total,2010,31.027
lva,sex_t,ocu_skill_l1,2007,17.697
lva,sex_t,ocu_skill_l1,2008,8.754
lva,sex_t,ocu_skill_l1,2009,11.088
lva,sex_t,ocu_skill_l1,2010,13.733
lva,sex_t,ocu_skill_l1,2011,18.82
lva,sex_t,ocu_skill_l1,2012,10.067
lva,sex_t,ocu_skill_l1,2013,10.175
lva,sex_t,ocu_skill_l1,2014,7.965
lva,sex_t,ocu_skill_l1,2015,3.993
lva,sex_t,ocu_skill_l1,2016,6.532
lva,sex_t,ocu_skill_l1,2017,4.592
lva,sex_t,ocu_skill_l1,2018,3.822
lva,sex_t,ocu_skill_l1,2019,2.984
lva,sex_t,ocu_skill_l1,2020,3.51
lva,sex_t,ocu_skill_l1,2021,3.696
lva,sex_t,ocu_skill_l1,2022,2.699
lva,sex_t,ocu_skill_l1,2023,4.488
lva,sex_t,ocu_skill_l2,2007,15.478
lva,sex_t,ocu_skill_l2,2008,9.656
lva,sex_t,ocu_skill_l2,2009,12.922
lva,sex_t,ocu_skill_l2,2010,12.387
lva,sex_t,ocu_skill_l2,2011,18.818
lva,sex_t,ocu_skill_l2,2012,13.089
lva,sex_t,ocu_skill_l2,2013,12.815
lva,sex_t,ocu_skill_l2,2014,12.368
lva,sex_t,ocu_skill_l2,2015,16.919
lva,sex_t,ocu_skill_l2,2016,12.904
lva,sex_t,ocu_skill_l2,2017,13.652
lva,sex_t,ocu_skill_l2,2018,11.995
lva,sex_t,ocu_skill_l2,2019,11.867
lva,sex_t,ocu_skill_l2,2020,12.611
lva,sex_t,ocu_skill_l2,2021,12.587
lva,sex_t,ocu_skill_l2,2022,9.837
lva,sex_t,ocu_skill_l2,2023,10.246
lva,sex_t,ocu_skill_l3_4,2007,1.556
lva,sex_t,ocu_skill_l3_4,2008,2.564
lva,sex_t,ocu_skill_l3_4,2009,2.568
lva,sex_t,ocu_skill_l3_4,2010,4.907
lva,sex_t,ocu_skill_l3_4,2011,4.072
lva,sex_t,ocu_skill_l3_4,2012,2.099
lva,sex_t,ocu_skill_l3_4,2013,4.757
lva,sex_t,ocu_skill_l3_4,2014,4.29
lva,sex_t,ocu_skill_l3_4,2015,3.406
lva,sex_t,ocu_skill_l3_4,2016,3.456
lva,sex_t,ocu_skill_l3_4,2017,2
lva,sex_t,ocu_skill_l3_4,2018,2.836
lva,sex_t,ocu_skill_l3_4,2019,2.681
lva,sex_t,ocu_skill_l3_4,2020,3.197
lva,sex_t,ocu_skill_l3_4,2021,4.506
lva,sex_t,ocu_skill_l3_4,2022,3.126
lva,sex_t,ocu_skill_l3_4,2023,4.092
lva,sex_t,ocu_skill_total,2007,35.215
lva,sex_t,ocu_skill_total,2008,20.975
lva,sex_t,ocu_skill_total,2009,26.578
lva,sex_t,ocu_skill_total,2010,31.027
lva,sex_t,ocu_skill_total,2011,41.71
lva,sex_t,ocu_skill_total,2012,25.391
lva,sex_t,ocu_skill_total,2013,27.868
lva,sex_t,ocu_skill_total,2014,24.622
lva,sex_t,ocu_skill_total,2015,24.317
lva,sex_t,ocu_skill_total,2016,22.893
lva,sex_t,ocu_skill_total,2017,20.243
lva,sex_t,ocu_skill_total,2018,18.653
lva,sex_t,ocu_skill_total,2019,17.532
lva,sex_t,ocu_skill_total,2020,19.318
lva,sex_t,ocu_skill_total,2021,20.887
lva,sex_t,ocu_skill_total,2022,15.661
lva,sex_t,ocu_skill_total,2023,18.827
mda,sex_f,ocu_isco08_1,2004,0.305
mda,sex_f,ocu_isco08_1,2006,0.482
mda,sex_f,ocu_isco08_1,2007,0.145
mda,sex_f,ocu_isco08_1,2011,0
mda,sex_f,ocu_isco08_1,2012,0.429
mda,sex_f,ocu_isco08_2,2003,1.478
mda,sex_f,ocu_isco08_2,2004,1.506
mda,sex_f,ocu_isco08_2,2005,1.165
mda,sex_f,ocu_isco08_2,2006,1.891
mda,sex_f,ocu_isco08_2,2007,0.718
mda,sex_f,ocu_isco08_2,2008,0.517
mda,sex_f,ocu_isco08_2,2009,0.777
mda,sex_f,ocu_isco08_2,2010,0.739
mda,sex_f,ocu_isco08_2,2011,0.918
mda,sex_f,ocu_isco08_2,2012,0.283
mda,sex_f,ocu_isco08_2,2013,0.32
mda,sex_f,ocu_isco08_2,2014,0.534
mda,sex_f,ocu_isco08_2,2015,1.925
mda,sex_f,ocu_isco08_2,2016,1.328
mda,sex_f,ocu_isco08_2,2017,1.199
mda,sex_f,ocu_isco08_2,2018,2.086
mda,sex_f,ocu_isco08_2,2019,0.573
mda,sex_f,ocu_isco08_2,2022,0.704
mda,sex_f,ocu_isco08_2,2023,1.042
mda,sex_f,ocu_isco08_2,2024,1.136
mda,sex_f,ocu_isco08_3,2003,1.969
mda,sex_f,ocu_isco08_3,2004,1.149
mda,sex_f,ocu_isco08_3,2005,0.46
mda,sex_f,ocu_isco08_3,2006,1.027
mda,sex_f,ocu_isco08_3,2007,0.778
mda,sex_f,ocu_isco08_3,2008,0.67
mda,sex_f,ocu_isco08_3,2009,1.762
mda,sex_f,ocu_isco08_3,2010,1.745
mda,sex_f,ocu_isco08_3,2011,1.372
mda,sex_f,ocu_isco08_3,2012,0.631
mda,sex_f,ocu_isco08_3,2013,0.594
mda,sex_f,ocu_isco08_3,2014,0.747
mda,sex_f,ocu_isco08_3,2015,0.407
mda,sex_f,ocu_isco08_3,2016,0.941
mda,sex_f,ocu_isco08_3,2017,0.516
mda,sex_f,ocu_isco08_3,2018,0.59
mda,sex_f,ocu_isco08_3,2019,0.567
mda,sex_f,ocu_isco08_3,2020,0.43
mda,sex_f,ocu_isco08_4,2003,1.185
mda,sex_f,ocu_isco08_4,2004,0.824
mda,sex_f,ocu_isco08_4,2005,0.503
mda,sex_f,ocu_isco08_4,2006,0.378
mda,sex_f,ocu_isco08_4,2007,0.233
mda,sex_f,ocu_isco08_4,2008,0.284
mda,sex_f,ocu_isco08_4,2011,0.589
mda,sex_f,ocu_isco08_4,2012,0.574
mda,sex_f,ocu_isco08_4,2014,0.32
mda,sex_f,ocu_isco08_5,2003,35.476
mda,sex_f,ocu_isco08_5,2004,28.072
mda,sex_f,ocu_isco08_5,2005,20.879
mda,sex_f,ocu_isco08_5,2006,26.355
mda,sex_f,ocu_isco08_5,2007,26.356
mda,sex_f,ocu_isco08_5,2008,23.534
mda,sex_f,ocu_isco08_5,2009,25.442
mda,sex_f,ocu_isco08_5,2010,27.682
mda,sex_f,ocu_isco08_5,2011,28.936
mda,sex_f,ocu_isco08_5,2012,23.181
mda,sex_f,ocu_isco08_5,2013,23.916
mda,sex_f,ocu_isco08_5,2014,16.69
mda,sex_f,ocu_isco08_5,2015,14.181
mda,sex_f,ocu_isco08_5,2016,15.174
mda,sex_f,ocu_isco08_5,2017,14.178
mda,sex_f,ocu_isco08_5,2018,13.207
mda,sex_f,ocu_isco08_5,2019,11.418
mda,sex_f,ocu_isco08_5,2020,5.949
mda,sex_f,ocu_isco08_5,2021,8.073
mda,sex_f,ocu_isco08_5,2022,8.381
mda,sex_f,ocu_isco08_5,2023,11.068
mda,sex_f,ocu_isco08_5,2024,10.06
mda,sex_f,ocu_isco08_6,2003,231.412
mda,sex_f,ocu_isco08_6,2004,232.618
mda,sex_f,ocu_isco08_6,2005,231.941
mda,sex_f,ocu_isco08_6,2006,316.967
mda,sex_f,ocu_isco08_6,2007,325.963
mda,sex_f,ocu_isco08_6,2008,332.152
mda,sex_f,ocu_isco08_6,2009,367.999
mda,sex_f,ocu_isco08_6,2010,424.96
mda,sex_f,ocu_isco08_6,2011,430.198
mda,sex_f,ocu_isco08_6,2012,437.793
mda,sex_f,ocu_isco08_6,2013,442.733
mda,sex_f,ocu_isco08_6,2014,427.291
mda,sex_f,ocu_isco08_6,2015,465.17
mda,sex_f,ocu_isco08_6,2016,473.461
mda,sex_f,ocu_isco08_6,2017,445.435
mda,sex_f,ocu_isco08_6,2018,410.921
mda,sex_f,ocu_isco08_6,2019,404.621
mda,sex_f,ocu_isco08_6,2020,414.783
mda,sex_f,ocu_isco08_6,2021,434.948
mda,sex_f,ocu_isco08_6,2022,431.258
mda,sex_f,ocu_isco08_6,2023,375.545
mda,sex_f,ocu_isco08_6,2024,376.832
mda,sex_f,ocu_isco08_7,2003,4.393
mda,sex_f,ocu_isco08_7,2004,3.474
mda,sex_f,ocu_isco08_7,2005,2.598
mda,sex_f,ocu_isco08_7,2006,3.843
mda,sex_f,ocu_isco08_7,2007,3.75
mda,sex_f,ocu_isco08_7,2008,3.807
mda,sex_f,ocu_isco08_7,2009,3.565
mda,sex_f,ocu_isco08_7,2010,3.026
mda,sex_f,ocu_isco08_7,2011,4.197
mda,sex_f,ocu_isco08_7,2012,2.789
mda,sex_f,ocu_isco08_7,2013,2.571
mda,sex_f,ocu_isco08_7,2014,3.267
mda,sex_f,ocu_isco08_7,2015,3.772
mda,sex_f,ocu_isco08_7,2016,3.256
mda,sex_f,ocu_isco08_7,2017,3.533
mda,sex_f,ocu_isco08_7,2018,3.333
mda,sex_f,ocu_isco08_7,2019,3.079
mda,sex_f,ocu_isco08_7,2020,2.539
mda,sex_f,ocu_isco08_7,2021,2.928
mda,sex_f,ocu_isco08_7,2022,2.948
mda,sex_f,ocu_isco08_7,2023,3.065
mda,sex_f,ocu_isco08_7,2024,2.346
mda,sex_f,ocu_isco08_8,2006,0.735
mda,sex_f,ocu_isco08_8,2007,0.192
mda,sex_f,ocu_isco08_8,2013,0
mda,sex_f,ocu_isco08_8,2014,0
mda,sex_f,ocu_isco08_8,2018,0
mda,sex_f,ocu_isco08_8,2022,0
mda,sex_f,ocu_isco08_8,2023,0
mda,sex_f,ocu_isco08_9,2003,53.514
mda,sex_f,ocu_isco08_9,2004,30.362
mda,sex_f,ocu_isco08_9,2005,44.766
mda,sex_f,ocu_isco08_9,2006,67.188
mda,sex_f,ocu_isco08_9,2007,80.316
mda,sex_f,ocu_isco08_9,2008,81.026
mda,sex_f,ocu_isco08_9,2009,66.843
mda,sex_f,ocu_isco08_9,2010,78.58
mda,sex_f,ocu_isco08_9,2011,93.113
mda,sex_f,ocu_isco08_9,2012,109.475
mda,sex_f,ocu_isco08_9,2013,115.811
mda,sex_f,ocu_isco08_9,2014,58.981
mda,sex_f,ocu_isco08_9,2015,20.7
mda,sex_f,ocu_isco08_9,2016,19.182
mda,sex_f,ocu_isco08_9,2017,16.028
mda,sex_f,ocu_isco08_9,2018,13.688
mda,sex_f,ocu_isco08_9,2019,15.078
mda,sex_f,ocu_isco08_9,2020,11.685
mda,sex_f,ocu_isco08_9,2021,14.344
mda,sex_f,ocu_isco08_9,2022,12.737
mda,sex_f,ocu_isco08_9,2023,15.692
mda,sex_f,ocu_isco08_9,2024,14.483
mda,sex_f,ocu_isco08_total,2003,329.667
mda,sex_f,ocu_isco08_total,2004,298.366
mda,sex_f,ocu_isco08_total,2005,302.719
mda,sex_f,ocu_isco08_total,2006,418.866
mda,sex_f,ocu_isco08_total,2007,438.45
mda,sex_f,ocu_isco08_total,2008,442.12
mda,sex_f,ocu_isco08_total,2009,466.71
mda,sex_f,ocu_isco08_total,2010,537.06
mda,sex_f,ocu_isco08_total,2011,559.439
mda,sex_f,ocu_isco08_total,2012,575.224
mda,sex_f,ocu_isco08_total,2013,586.442
mda,sex_f,ocu_isco08_total,2014,507.877
mda,sex_f,ocu_isco08_total,2015,506.66
mda,sex_f,ocu_isco08_total,2016,513.51
mda,sex_f,ocu_isco08_total,2017,481.038
mda,sex_f,ocu_isco08_total,2018,444.081
mda,sex_f,ocu_isco08_total,2019,435.695
mda,sex_f,ocu_isco08_total,2020,436.005
mda,sex_f,ocu_isco08_total,2021,461.02
mda,sex_f,ocu_isco08_total,2022,456.417
mda,sex_f,ocu_isco08_total,2023,406.941
mda,sex_f,ocu_isco08_total,2024,405.409
mda,sex_f,ocu_isco08_x,2018,0
mda,sex_f,ocu_isco08_x,2019,0
mda,sex_f,ocu_skill_l1,2003,53.514
mda,sex_f,ocu_skill_l1,2004,30.362
mda,sex_f,ocu_skill_l1,2005,44.766
mda,sex_f,ocu_skill_l1,2006,67.188
mda,sex_f,ocu_skill_l1,2007,80.316
mda,sex_f,ocu_skill_l1,2008,81.026
mda,sex_f,ocu_skill_l1,2009,66.843
mda,sex_f,ocu_skill_l1,2010,78.58
mda,sex_f,ocu_skill_l1,2011,93.113
mda,sex_f,ocu_skill_l1,2012,109.475
mda,sex_f,ocu_skill_l1,2013,115.811
mda,sex_f,ocu_skill_l1,2014,58.981
mda,sex_f,ocu_skill_l1,2015,20.7
mda,sex_f,ocu_skill_l1,2016,19.182
mda,sex_f,ocu_skill_l1,2017,16.028
mda,sex_f,ocu_skill_l1,2018,13.688
mda,sex_f,ocu_skill_l1,2019,15.078
mda,sex_f,ocu_skill_l1,2020,11.685
mda,sex_f,ocu_skill_l1,2021,14.344
mda,sex_f,ocu_skill_l1,2022,12.737
mda,sex_f,ocu_skill_l1,2023,15.692
mda,sex_f,ocu_skill_l1,2024,14.483
mda,sex_f,ocu_skill_l2,2003,272.5
mda,sex_f,ocu_skill_l2,2004,265.044
mda,sex_f,ocu_skill_l2,2005,256.094
mda,sex_f,ocu_skill_l2,2006,348.278
mda,sex_f,ocu_skill_l2,2007,356.494
mda,sex_f,ocu_skill_l2,2008,359.846
mda,sex_f,ocu_skill_l2,2009,397.257
mda,sex_f,ocu_skill_l2,2010,455.806
mda,sex_f,ocu_skill_l2,2011,464.037
mda,sex_f,ocu_skill_l2,2012,464.406
mda,sex_f,ocu_skill_l2,2013,469.42
mda,sex_f,ocu_skill_l2,2014,447.569
mda,sex_f,ocu_skill_l2,2015,483.628
mda,sex_f,ocu_skill_l2,2016,492.059
mda,sex_f,ocu_skill_l2,2017,463.296
mda,sex_f,ocu_skill_l2,2018,427.561
mda,sex_f,ocu_skill_l2,2019,419.478
mda,sex_f,ocu_skill_l2,2020,423.384
mda,sex_f,ocu_skill_l2,2021,446.066
mda,sex_f,ocu_skill_l2,2022,442.846
mda,sex_f,ocu_skill_l2,2023,389.883
mda,sex_f,ocu_skill_l2,2024,389.619
mda,sex_f,ocu_skill_l3_4,2003,3.653
mda,sex_f,ocu_skill_l3_4,2004,2.96
mda,sex_f,ocu_skill_l3_4,2005,1.858
mda,sex_f,ocu_skill_l3_4,2006,3.4
mda,sex_f,ocu_skill_l3_4,2007,1.64
mda,sex_f,ocu_skill_l3_4,2008,1.248
mda,sex_f,ocu_skill_l3_4,2009,2.61
mda,sex_f,ocu_skill_l3_4,2010,2.674
mda,sex_f,ocu_skill_l3_4,2011,2.29
mda,sex_f,ocu_skill_l3_4,2012,1.343
mda,sex_f,ocu_skill_l3_4,2013,1.21
mda,sex_f,ocu_skill_l3_4,2014,1.327
mda,sex_f,ocu_skill_l3_4,2015,2.331
mda,sex_f,ocu_skill_l3_4,2016,2.269
mda,sex_f,ocu_skill_l3_4,2017,1.714
mda,sex_f,ocu_skill_l3_4,2018,2.832
mda,sex_f,ocu_skill_l3_4,2019,1.14
mda,sex_f,ocu_skill_l3_4,2020,0.935
mda,sex_f,ocu_skill_l3_4,2021,0.61
mda,sex_f,ocu_skill_l3_4,2022,0.835
mda,sex_f,ocu_skill_l3_4,2023,1.366
mda,sex_f,ocu_skill_l3_4,2024,1.306
mda,sex_f,ocu_skill_total,2003,329.667
mda,sex_f,ocu_skill_total,2004,298.366
mda,sex_f,ocu_skill_total,2005,302.719
mda,sex_f,ocu_skill_total,2006,418.866
mda,sex_f,ocu_skill_total,2007,438.45
mda,sex_f,ocu_skill_total,2008,442.12
mda,sex_f,ocu_skill_total,2009,466.71
mda,sex_f,ocu_skill_total,2010,537.06
mda,sex_f,ocu_skill_total,2011,559.439
mda,sex_f,ocu_skill_total,2012,575.224
mda,sex_f,ocu_skill_total,2013,586.442
mda,sex_f,ocu_skill_total,2014,507.877
mda,sex_f,ocu_skill_total,2015,506.66
mda,sex_f,ocu_skill_total,2016,513.51
mda,sex_f,ocu_skill_total,2017,481.038
mda,sex_f,ocu_skill_total,2018,444.081
mda,sex_f,ocu_skill_total,2019,435.695
mda,sex_f,ocu_skill_total,2020,436.005
mda,sex_f,ocu_skill_total,2021,461.02
mda,sex_f,ocu_skill_total,2022,456.417
mda,sex_f,ocu_skill_total,2023,406.941
mda,sex_f,ocu_skill_total,2024,405.409
mda,sex_f,ocu_skill_x,2018,0
mda,sex_f,ocu_skill_x,2019,0
mda,sex_m,ocu_isco08_1,2003,0.445
mda,sex_m,ocu_isco08_1,2004,0.734
mda,sex_m,ocu_isco08_1,2005,0.51
mda,sex_m,ocu_isco08_1,2006,1.172
mda,sex_m,ocu_isco08_1,2007,0.84
mda,sex_m,ocu_isco08_1,2008,0.558
mda,sex_m,ocu_isco08_1,2009,0.667
mda,sex_m,ocu_isco08_1,2010,0.425
mda,sex_m,ocu_isco08_1,2011,0.742
mda,sex_m,ocu_isco08_1,2012,0.877
mda,sex_m,ocu_isco08_1,2013,0.409
mda,sex_m,ocu_isco08_2,2003,2.451
mda,sex_m,ocu_isco08_2,2004,1.463
mda,sex_m,ocu_isco08_2,2005,0.765
mda,sex_m,ocu_isco08_2,2006,2.738
mda,sex_m,ocu_isco08_2,2007,1.071
mda,sex_m,ocu_isco08_2,2008,1.242
mda,sex_m,ocu_isco08_2,2009,1.212
mda,sex_m,ocu_isco08_2,2010,1.858
mda,sex_m,ocu_isco08_2,2011,2.133
mda,sex_m,ocu_isco08_2,2012,1.591
mda,sex_m,ocu_isco08_2,2013,2.299
mda,sex_m,ocu_isco08_2,2014,2.53
mda,sex_m,ocu_isco08_2,2015,2.23
mda,sex_m,ocu_isco08_2,2016,3.099
mda,sex_m,ocu_isco08_2,2017,3.086
mda,sex_m,ocu_isco08_2,2018,2.948
mda,sex_m,ocu_isco08_2,2019,2.165
mda,sex_m,ocu_isco08_2,2020,2.235
mda,sex_m,ocu_isco08_2,2021,2.297
mda,sex_m,ocu_isco08_2,2022,3.177
mda,sex_m,ocu_isco08_2,2023,2.65
mda,sex_m,ocu_isco08_2,2024,1.306
mda,sex_m,ocu_isco08_3,2003,2.278
mda,sex_m,ocu_isco08_3,2004,2.3
mda,sex_m,ocu_isco08_3,2005,2.295
mda,sex_m,ocu_isco08_3,2006,2.367
mda,sex_m,ocu_isco08_3,2007,2.61
mda,sex_m,ocu_isco08_3,2008,1.753
mda,sex_m,ocu_isco08_3,2009,1.54
mda,sex_m,ocu_isco08_3,2010,1.886
mda,sex_m,ocu_isco08_3,2011,2.028
mda,sex_m,ocu_isco08_3,2012,1.877
mda,sex_m,ocu_isco08_3,2013,1.517
mda,sex_m,ocu_isco08_3,2014,0.738
mda,sex_m,ocu_isco08_3,2015,1.891
mda,sex_m,ocu_isco08_3,2016,1.568
mda,sex_m,ocu_isco08_3,2017,1.009
mda,sex_m,ocu_isco08_3,2018,0.954
mda,sex_m,ocu_isco08_3,2019,0.788
mda,sex_m,ocu_isco08_3,2020,0.633
mda,sex_m,ocu_isco08_3,2021,0.402
mda,sex_m,ocu_isco08_3,2022,0.76
mda,sex_m,ocu_isco08_3,2024,1.048
mda,sex_m,ocu_isco08_4,2003,0.407
mda,sex_m,ocu_isco08_4,2005,0.547
mda,sex_m,ocu_isco08_4,2009,0.253
mda,sex_m,ocu_isco08_4,2010,0.299
mda,sex_m,ocu_isco08_4,2011,0.172
mda,sex_m,ocu_isco08_4,2013,0.379
mda,sex_m,ocu_isco08_5,2003,14.347
mda,sex_m,ocu_isco08_5,2004,10.583
mda,sex_m,ocu_isco08_5,2005,8.819
mda,sex_m,ocu_isco08_5,2006,8.115
mda,sex_m,ocu_isco08_5,2007,7.25
mda,sex_m,ocu_isco08_5,2008,7.083
mda,sex_m,ocu_isco08_5,2009,11.047
mda,sex_m,ocu_isco08_5,2010,10.872
mda,sex_m,ocu_isco08_5,2011,11.242
mda,sex_m,ocu_isco08_5,2012,10.102
mda,sex_m,ocu_isco08_5,2013,12.303
mda,sex_m,ocu_isco08_5,2014,6.271
mda,sex_m,ocu_isco08_5,2015,3.909
mda,sex_m,ocu_isco08_5,2016,5.627
mda,sex_m,ocu_isco08_5,2017,6.095
mda,sex_m,ocu_isco08_5,2018,4.001
mda,sex_m,ocu_isco08_5,2019,4.848
mda,sex_m,ocu_isco08_5,2020,2.478
mda,sex_m,ocu_isco08_5,2021,2.428
mda,sex_m,ocu_isco08_5,2022,1.855
mda,sex_m,ocu_isco08_5,2023,2.372
mda,sex_m,ocu_isco08_5,2024,2.414
mda,sex_m,ocu_isco08_6,2003,152.59
mda,sex_m,ocu_isco08_6,2004,146.677
mda,sex_m,ocu_isco08_6,2005,147.915
mda,sex_m,ocu_isco08_6,2006,204.682
mda,sex_m,ocu_isco08_6,2007,218.169
mda,sex_m,ocu_isco08_6,2008,227.917
mda,sex_m,ocu_isco08_6,2009,277.591
mda,sex_m,ocu_isco08_6,2010,319.104
mda,sex_m,ocu_isco08_6,2011,309.628
mda,sex_m,ocu_isco08_6,2012,319.985
mda,sex_m,ocu_isco08_6,2013,319.633
mda,sex_m,ocu_isco08_6,2014,325.59
mda,sex_m,ocu_isco08_6,2015,385.225
mda,sex_m,ocu_isco08_6,2016,380.593
mda,sex_m,ocu_isco08_6,2017,361.022
mda,sex_m,ocu_isco08_6,2018,315.1
mda,sex_m,ocu_isco08_6,2019,295.71
mda,sex_m,ocu_isco08_6,2020,323.712
mda,sex_m,ocu_isco08_6,2021,331.234
mda,sex_m,ocu_isco08_6,2022,322.558
mda,sex_m,ocu_isco08_6,2023,260.15
mda,sex_m,ocu_isco08_6,2024,264.01
mda,sex_m,ocu_isco08_7,2003,24.781
mda,sex_m,ocu_isco08_7,2004,21.929
mda,sex_m,ocu_isco08_7,2005,21.089
mda,sex_m,ocu_isco08_7,2006,27.013
mda,sex_m,ocu_isco08_7,2007,31.562
mda,sex_m,ocu_isco08_7,2008,35.166
mda,sex_m,ocu_isco08_7,2009,33.984
mda,sex_m,ocu_isco08_7,2010,36.945
mda,sex_m,ocu_isco08_7,2011,38.144
mda,sex_m,ocu_isco08_7,2012,36.683
mda,sex_m,ocu_isco08_7,2013,35.61
mda,sex_m,ocu_isco08_7,2014,31.248
mda,sex_m,ocu_isco08_7,2015,33.746
mda,sex_m,ocu_isco08_7,2016,31.761
mda,sex_m,ocu_isco08_7,2017,28.64
mda,sex_m,ocu_isco08_7,2018,32.298
mda,sex_m,ocu_isco08_7,2019,42.463
mda,sex_m,ocu_isco08_7,2020,40.855
mda,sex_m,ocu_isco08_7,2021,43.992
mda,sex_m,ocu_isco08_7,2022,44.302
mda,sex_m,ocu_isco08_7,2023,43.083
mda,sex_m,ocu_isco08_7,2024,42.261
mda,sex_m,ocu_isco08_8,2003,15.566
mda,sex_m,ocu_isco08_8,2004,13.321
mda,sex_m,ocu_isco08_8,2005,9.224
mda,sex_m,ocu_isco08_8,2006,10.238
mda,sex_m,ocu_isco08_8,2007,10.436
mda,sex_m,ocu_isco08_8,2008,13.488
mda,sex_m,ocu_isco08_8,2009,12.536
mda,sex_m,ocu_isco08_8,2010,11.598
mda,sex_m,ocu_isco08_8,2011,11.268
mda,sex_m,ocu_isco08_8,2012,9.681
mda,sex_m,ocu_isco08_8,2013,11.776
mda,sex_m,ocu_isco08_8,2014,8.268
mda,sex_m,ocu_isco08_8,2015,7.041
mda,sex_m,ocu_isco08_8,2016,9.216
mda,sex_m,ocu_isco08_8,2017,6.969
mda,sex_m,ocu_isco08_8,2018,6.518
mda,sex_m,ocu_isco08_8,2019,8.205
mda,sex_m,ocu_isco08_8,2020,6.612
mda,sex_m,ocu_isco08_8,2021,6.082
mda,sex_m,ocu_isco08_8,2022,5.902
mda,sex_m,ocu_isco08_8,2023,7.056
mda,sex_m,ocu_isco08_8,2024,4.749
mda,sex_m,ocu_isco08_9,2003,56.935
mda,sex_m,ocu_isco08_9,2004,32.277
mda,sex_m,ocu_isco08_9,2005,37.463
mda,sex_m,ocu_isco08_9,2006,73.493
mda,sex_m,ocu_isco08_9,2007,84.081
mda,sex_m,ocu_isco08_9,2008,82.223
mda,sex_m,ocu_isco08_9,2009,75.274
mda,sex_m,ocu_isco08_9,2010,92.323
mda,sex_m,ocu_isco08_9,2011,101.013
mda,sex_m,ocu_isco08_9,2012,114.115
mda,sex_m,ocu_isco08_9,2013,122.304
mda,sex_m,ocu_isco08_9,2014,68.856
mda,sex_m,ocu_isco08_9,2015,33.713
mda,sex_m,ocu_isco08_9,2016,26.54
mda,sex_m,ocu_isco08_9,2017,25.279
mda,sex_m,ocu_isco08_9,2018,20.082
mda,sex_m,ocu_isco08_9,2019,20.38
mda,sex_m,ocu_isco08_9,2020,20.945
mda,sex_m,ocu_isco08_9,2021,24.582
mda,sex_m,ocu_isco08_9,2022,20.694
mda,sex_m,ocu_isco08_9,2023,26.463
mda,sex_m,ocu_isco08_9,2024,21.065
mda,sex_m,ocu_isco08_total,2003,269.799
mda,sex_m,ocu_isco08_total,2004,229.476
mda,sex_m,ocu_isco08_total,2005,228.628
mda,sex_m,ocu_isco08_total,2006,329.991
mda,sex_m,ocu_isco08_total,2007,356.095
mda,sex_m,ocu_isco08_total,2008,369.508
mda,sex_m,ocu_isco08_total,2009,414.104
mda,sex_m,ocu_isco08_total,2010,475.309
mda,sex_m,ocu_isco08_total,2011,476.37
mda,sex_m,ocu_isco08_total,2012,495.017
mda,sex_m,ocu_isco08_total,2013,506.23
mda,sex_m,ocu_isco08_total,2014,443.695
mda,sex_m,ocu_isco08_total,2015,468.173
mda,sex_m,ocu_isco08_total,2016,458.595
mda,sex_m,ocu_isco08_total,2017,432.295
mda,sex_m,ocu_isco08_total,2018,383.891
mda,sex_m,ocu_isco08_total,2019,375.972
mda,sex_m,ocu_isco08_total,2020,398.805
mda,sex_m,ocu_isco08_total,2021,411.65
mda,sex_m,ocu_isco08_total,2022,399.693
mda,sex_m,ocu_isco08_total,2023,342.284
mda,sex_m,ocu_isco08_total,2024,337.257
mda,sex_m,ocu_isco08_x,2018,1.609
mda,sex_m,ocu_isco08_x,2019,1.137
mda,sex_m,ocu_isco08_x,2020,0.962
mda,sex_m,ocu_isco08_x,2021,0.455
mda,sex_m,ocu_isco08_x,2024,0.332
mda,sex_m,ocu_skill_l1,2003,56.935
mda,sex_m,ocu_skill_l1,2004,32.277
mda,sex_m,ocu_skill_l1,2005,37.463
mda,sex_m,ocu_skill_l1,2006,73.493
mda,sex_m,ocu_skill_l1,2007,84.081
mda,sex_m,ocu_skill_l1,2008,82.223
mda,sex_m,ocu_skill_l1,2009,75.274
mda,sex_m,ocu_skill_l1,2010,92.323
mda,sex_m,ocu_skill_l1,2011,101.013
mda,sex_m,ocu_skill_l1,2012,114.115
mda,sex_m,ocu_skill_l1,2013,122.304
mda,sex_m,ocu_skill_l1,2014,68.856
mda,sex_m,ocu_skill_l1,2015,33.713
mda,sex_m,ocu_skill_l1,2016,26.54
mda,sex_m,ocu_skill_l1,2017,25.279
mda,sex_m,ocu_skill_l1,2018,20.082
mda,sex_m,ocu_skill_l1,2019,20.38
mda,sex_m,ocu_skill_l1,2020,20.945
mda,sex_m,ocu_skill_l1,2021,24.582
mda,sex_m,ocu_skill_l1,2022,20.694
mda,sex_m,ocu_skill_l1,2023,26.463
mda,sex_m,ocu_skill_l1,2024,21.065
mda,sex_m,ocu_skill_l2,2003,207.691
mda,sex_m,ocu_skill_l2,2004,192.702
mda,sex_m,ocu_skill_l2,2005,187.595
mda,sex_m,ocu_skill_l2,2006,250.222
mda,sex_m,ocu_skill_l2,2007,267.493
mda,sex_m,ocu_skill_l2,2008,283.731
mda,sex_m,ocu_skill_l2,2009,335.412
mda,sex_m,ocu_skill_l2,2010,378.817
mda,sex_m,ocu_skill_l2,2011,370.454
mda,sex_m,ocu_skill_l2,2012,376.556
mda,sex_m,ocu_skill_l2,2013,379.702
mda,sex_m,ocu_skill_l2,2014,371.57
mda,sex_m,ocu_skill_l2,2015,430.31
mda,sex_m,ocu_skill_l2,2016,427.198
mda,sex_m,ocu_skill_l2,2017,402.759
mda,sex_m,ocu_skill_l2,2018,358.153
mda,sex_m,ocu_skill_l2,2019,351.318
mda,sex_m,ocu_skill_l2,2020,373.807
mda,sex_m,ocu_skill_l2,2021,383.736
mda,sex_m,ocu_skill_l2,2022,374.765
mda,sex_m,ocu_skill_l2,2023,312.662
mda,sex_m,ocu_skill_l2,2024,313.505
mda,sex_m,ocu_skill_l3_4,2003,5.173
mda,sex_m,ocu_skill_l3_4,2004,4.497
mda,sex_m,ocu_skill_l3_4,2005,3.57
mda,sex_m,ocu_skill_l3_4,2006,6.277
mda,sex_m,ocu_skill_l3_4,2007,4.522
mda,sex_m,ocu_skill_l3_4,2008,3.554
mda,sex_m,ocu_skill_l3_4,2009,3.418
mda,sex_m,ocu_skill_l3_4,2010,4.169
mda,sex_m,ocu_skill_l3_4,2011,4.903
mda,sex_m,ocu_skill_l3_4,2012,4.346
mda,sex_m,ocu_skill_l3_4,2013,4.225
mda,sex_m,ocu_skill_l3_4,2014,3.268
mda,sex_m,ocu_skill_l3_4,2015,4.15
mda,sex_m,ocu_skill_l3_4,2016,4.858
mda,sex_m,ocu_skill_l3_4,2017,4.256
mda,sex_m,ocu_skill_l3_4,2018,4.048
mda,sex_m,ocu_skill_l3_4,2019,3.136
mda,sex_m,ocu_skill_l3_4,2020,3.091
mda,sex_m,ocu_skill_l3_4,2021,2.877
mda,sex_m,ocu_skill_l3_4,2022,3.936
mda,sex_m,ocu_skill_l3_4,2023,3.05
mda,sex_m,ocu_skill_l3_4,2024,2.354
mda,sex_m,ocu_skill_total,2003,269.799
mda,sex_m,ocu_skill_total,2004,229.476
mda,sex_m,ocu_skill_total,2005,228.628
mda,sex_m,ocu_skill_total,2006,329.991
mda,sex_m,ocu_skill_total,2007,356.095
mda,sex_m,ocu_skill_total,2008,369.508
mda,sex_m,ocu_skill_total,2009,414.104
mda,sex_m,ocu_skill_total,2010,475.309
mda,sex_m,ocu_skill_total,2011,476.37
mda,sex_m,ocu_skill_total,2012,495.017
mda,sex_m,ocu_skill_total,2013,506.23
mda,sex_m,ocu_skill_total,2014,443.695
mda,sex_m,ocu_skill_total,2015,468.173
mda,sex_m,ocu_skill_total,2016,458.595
mda,sex_m,ocu_skill_total,2017,432.295
mda,sex_m,ocu_skill_total,2018,383.891
mda,sex_m,ocu_skill_total,2019,375.972
mda,sex_m,ocu_skill_total,2020,398.805
mda,sex_m,ocu_skill_total,2021,411.65
mda,sex_m,ocu_skill_total,2022,399.693
mda,sex_m,ocu_skill_total,2023,342.284
mda,sex_m,ocu_skill_total,2024,337.257
mda,sex_m,ocu_skill_x,2018,1.609
mda,sex_m,ocu_skill_x,2019,1.137
mda,sex_m,ocu_skill_x,2020,0.962
mda,sex_m,ocu_skill_x,2021,0.455
mda,sex_m,ocu_skill_x,2024,0.332
mda,sex_t,ocu_isco08_1,2003,0.652
mda,sex_t,ocu_isco08_1,2004,1.038
mda,sex_t,ocu_isco08_1,2005,0.743
mda,sex_t,ocu_isco08_1,2006,1.654
mda,sex_t,ocu_isco08_1,2007,0.985
mda,sex_t,ocu_isco08_1,2008,0.619
mda,sex_t,ocu_isco08_1,2009,0.737
mda,sex_t,ocu_isco08_1,2010,0.615
mda,sex_t,ocu_isco08_1,2011,0.742
mda,sex_t,ocu_isco08_1,2012,1.307
mda,sex_t,ocu_isco08_1,2013,0.705
mda,sex_t,ocu_isco08_1,2018,0.302
mda,sex_t,ocu_isco08_2,2003,3.928
mda,sex_t,ocu_isco08_2,2004,2.969
mda,sex_t,ocu_isco08_2,2005,1.931
mda,sex_t,ocu_isco08_2,2006,4.628
mda,sex_t,ocu_isco08_2,2007,1.789
mda,sex_t,ocu_isco08_2,2008,1.759
mda,sex_t,ocu_isco08_2,2009,1.989
mda,sex_t,ocu_isco08_2,2010,2.597
mda,sex_t,ocu_isco08_2,2011,3.05
mda,sex_t,ocu_isco08_2,2012,1.874
mda,sex_t,ocu_isco08_2,2013,2.618
mda,sex_t,ocu_isco08_2,2014,3.064
mda,sex_t,ocu_isco08_2,2015,4.155
mda,sex_t,ocu_isco08_2,2016,4.427
mda,sex_t,ocu_isco08_2,2017,4.285
mda,sex_t,ocu_isco08_2,2018,5.035
mda,sex_t,ocu_isco08_2,2019,2.738
mda,sex_t,ocu_isco08_2,2020,2.74
mda,sex_t,ocu_isco08_2,2021,2.586
mda,sex_t,ocu_isco08_2,2022,3.88
mda,sex_t,ocu_isco08_2,2023,3.692
mda,sex_t,ocu_isco08_2,2024,2.442
mda,sex_t,ocu_isco08_3,2003,4.246
mda,sex_t,ocu_isco08_3,2004,3.449
mda,sex_t,ocu_isco08_3,2005,2.755
mda,sex_t,ocu_isco08_3,2006,3.394
mda,sex_t,ocu_isco08_3,2007,3.388
mda,sex_t,ocu_isco08_3,2008,2.423
mda,sex_t,ocu_isco08_3,2009,3.303
mda,sex_t,ocu_isco08_3,2010,3.631
mda,sex_t,ocu_isco08_3,2011,3.4
mda,sex_t,ocu_isco08_3,2012,2.507
mda,sex_t,ocu_isco08_3,2013,2.111
mda,sex_t,ocu_isco08_3,2014,1.485
mda,sex_t,ocu_isco08_3,2015,2.297
mda,sex_t,ocu_isco08_3,2016,2.509
mda,sex_t,ocu_isco08_3,2017,1.524
mda,sex_t,ocu_isco08_3,2018,1.543
mda,sex_t,ocu_isco08_3,2019,1.354
mda,sex_t,ocu_isco08_3,2020,1.063
mda,sex_t,ocu_isco08_3,2021,0.724
mda,sex_t,ocu_isco08_3,2022,0.89
mda,sex_t,ocu_isco08_3,2023,0.724
mda,sex_t,ocu_isco08_3,2024,1.218
mda,sex_t,ocu_isco08_4,2003,1.592
mda,sex_t,ocu_isco08_4,2004,1.014
mda,sex_t,ocu_isco08_4,2005,1.05
mda,sex_t,ocu_isco08_4,2006,0.552
mda,sex_t,ocu_isco08_4,2007,0.309
mda,sex_t,ocu_isco08_4,2008,0.362
mda,sex_t,ocu_isco08_4,2009,0.42
mda,sex_t,ocu_isco08_4,2010,0.309
mda,sex_t,ocu_isco08_4,2011,0.76
mda,sex_t,ocu_isco08_4,2012,0.68
mda,sex_t,ocu_isco08_4,2013,0.58
mda,sex_t,ocu_isco08_4,2014,0.512
mda,sex_t,ocu_isco08_4,2015,0.63
mda,sex_t,ocu_isco08_4,2018,0.335
mda,sex_t,ocu_isco08_4,2022,0.408
mda,sex_t,ocu_isco08_5,2003,49.823
mda,sex_t,ocu_isco08_5,2004,38.655
mda,sex_t,ocu_isco08_5,2005,29.699
mda,sex_t,ocu_isco08_5,2006,34.47
mda,sex_t,ocu_isco08_5,2007,33.606
mda,sex_t,ocu_isco08_5,2008,30.617
mda,sex_t,ocu_isco08_5,2009,36.489
mda,sex_t,ocu_isco08_5,2010,38.554
mda,sex_t,ocu_isco08_5,2011,40.178
mda,sex_t,ocu_isco08_5,2012,33.283
mda,sex_t,ocu_isco08_5,2013,36.219
mda,sex_t,ocu_isco08_5,2014,22.961
mda,sex_t,ocu_isco08_5,2015,18.09
mda,sex_t,ocu_isco08_5,2016,20.801
mda,sex_t,ocu_isco08_5,2017,20.273
mda,sex_t,ocu_isco08_5,2018,17.208
mda,sex_t,ocu_isco08_5,2019,16.267
mda,sex_t,ocu_isco08_5,2020,8.427
mda,sex_t,ocu_isco08_5,2021,10.502
mda,sex_t,ocu_isco08_5,2022,10.236
mda,sex_t,ocu_isco08_5,2023,13.44
mda,sex_t,ocu_isco08_5,2024,12.475
mda,sex_t,ocu_isco08_6,2003,384.002
mda,sex_t,ocu_isco08_6,2004,379.296
mda,sex_t,ocu_isco08_6,2005,379.856
mda,sex_t,ocu_isco08_6,2006,521.649
mda,sex_t,ocu_isco08_6,2007,544.132
mda,sex_t,ocu_isco08_6,2008,560.069
mda,sex_t,ocu_isco08_6,2009,645.59
mda,sex_t,ocu_isco08_6,2010,744.064
mda,sex_t,ocu_isco08_6,2011,739.826
mda,sex_t,ocu_isco08_6,2012,757.778
mda,sex_t,ocu_isco08_6,2013,762.366
mda,sex_t,ocu_isco08_6,2014,752.881
mda,sex_t,ocu_isco08_6,2015,850.395
mda,sex_t,ocu_isco08_6,2016,854.054
mda,sex_t,ocu_isco08_6,2017,806.457
mda,sex_t,ocu_isco08_6,2018,726.021
mda,sex_t,ocu_isco08_6,2019,700.331
mda,sex_t,ocu_isco08_6,2020,738.495
mda,sex_t,ocu_isco08_6,2021,766.182
mda,sex_t,ocu_isco08_6,2022,753.815
mda,sex_t,ocu_isco08_6,2023,635.695
mda,sex_t,ocu_isco08_6,2024,640.843
mda,sex_t,ocu_isco08_7,2003,29.174
mda,sex_t,ocu_isco08_7,2004,25.403
mda,sex_t,ocu_isco08_7,2005,23.688
mda,sex_t,ocu_isco08_7,2006,30.856
mda,sex_t,ocu_isco08_7,2007,35.312
mda,sex_t,ocu_isco08_7,2008,38.973
mda,sex_t,ocu_isco08_7,2009,37.549
mda,sex_t,ocu_isco08_7,2010,39.971
mda,sex_t,ocu_isco08_7,2011,42.342
mda,sex_t,ocu_isco08_7,2012,39.472
mda,sex_t,ocu_isco08_7,2013,38.181
mda,sex_t,ocu_isco08_7,2014,34.516
mda,sex_t,ocu_isco08_7,2015,37.517
mda,sex_t,ocu_isco08_7,2016,35.018
mda,sex_t,ocu_isco08_7,2017,32.174
mda,sex_t,ocu_isco08_7,2018,35.631
mda,sex_t,ocu_isco08_7,2019,45.543
mda,sex_t,ocu_isco08_7,2020,43.394
mda,sex_t,ocu_isco08_7,2021,46.92
mda,sex_t,ocu_isco08_7,2022,47.251
mda,sex_t,ocu_isco08_7,2023,46.148
mda,sex_t,ocu_isco08_7,2024,44.607
mda,sex_t,ocu_isco08_8,2003,15.599
mda,sex_t,ocu_isco08_8,2004,13.377
mda,sex_t,ocu_isco08_8,2005,9.396
mda,sex_t,ocu_isco08_8,2006,10.973
mda,sex_t,ocu_isco08_8,2007,10.628
mda,sex_t,ocu_isco08_8,2008,13.557
mda,sex_t,ocu_isco08_8,2009,12.62
mda,sex_t,ocu_isco08_8,2010,11.725
mda,sex_t,ocu_isco08_8,2011,11.386
mda,sex_t,ocu_isco08_8,2012,9.748
mda,sex_t,ocu_isco08_8,2013,11.776
mda,sex_t,ocu_isco08_8,2014,8.268
mda,sex_t,ocu_isco08_8,2015,7.306
mda,sex_t,ocu_isco08_8,2016,9.278
mda,sex_t,ocu_isco08_8,2017,6.998
mda,sex_t,ocu_isco08_8,2018,6.518
mda,sex_t,ocu_isco08_8,2019,8.287
mda,sex_t,ocu_isco08_8,2020,6.725
mda,sex_t,ocu_isco08_8,2021,6.199
mda,sex_t,ocu_isco08_8,2022,5.902
mda,sex_t,ocu_isco08_8,2023,7.056
mda,sex_t,ocu_isco08_8,2024,4.822
mda,sex_t,ocu_isco08_9,2003,110.449
mda,sex_t,ocu_isco08_9,2004,62.639
mda,sex_t,ocu_isco08_9,2005,82.229
mda,sex_t,ocu_isco08_9,2006,140.681
mda,sex_t,ocu_isco08_9,2007,164.396
mda,sex_t,ocu_isco08_9,2008,163.249
mda,sex_t,ocu_isco08_9,2009,142.117
mda,sex_t,ocu_isco08_9,2010,170.903
mda,sex_t,ocu_isco08_9,2011,194.126
mda,sex_t,ocu_isco08_9,2012,223.59
mda,sex_t,ocu_isco08_9,2013,238.116
mda,sex_t,ocu_isco08_9,2014,127.837
mda,sex_t,ocu_isco08_9,2015,54.413
mda,sex_t,ocu_isco08_9,2016,45.723
mda,sex_t,ocu_isco08_9,2017,41.307
mda,sex_t,ocu_isco08_9,2018,33.77
mda,sex_t,ocu_isco08_9,2019,35.458
mda,sex_t,ocu_isco08_9,2020,32.63
mda,sex_t,ocu_isco08_9,2021,38.926
mda,sex_t,ocu_isco08_9,2022,33.431
mda,sex_t,ocu_isco08_9,2023,42.155
mda,sex_t,ocu_isco08_9,2024,35.549
mda,sex_t,ocu_isco08_total,2003,599.466
mda,sex_t,ocu_isco08_total,2004,527.841
mda,sex_t,ocu_isco08_total,2005,531.347
mda,sex_t,ocu_isco08_total,2006,748.857
mda,sex_t,ocu_isco08_total,2007,794.545
mda,sex_t,ocu_isco08_total,2008,811.628
mda,sex_t,ocu_isco08_total,2009,880.815
mda,sex_t,ocu_isco08_total,2010,1012.369
mda,sex_t,ocu_isco08_total,2011,1035.81
mda,sex_t,ocu_isco08_total,2012,1070.241
mda,sex_t,ocu_isco08_total,2013,1092.672
mda,sex_t,ocu_isco08_total,2014,951.572
mda,sex_t,ocu_isco08_total,2015,974.833
mda,sex_t,ocu_isco08_total,2016,972.106
mda,sex_t,ocu_isco08_total,2017,913.332
mda,sex_t,ocu_isco08_total,2018,827.972
mda,sex_t,ocu_isco08_total,2019,811.667
mda,sex_t,ocu_isco08_total,2020,834.809
mda,sex_t,ocu_isco08_total,2021,872.669
mda,sex_t,ocu_isco08_total,2022,856.11
mda,sex_t,ocu_isco08_total,2023,749.225
mda,sex_t,ocu_isco08_total,2024,742.665
mda,sex_t,ocu_isco08_x,2018,1.609
mda,sex_t,ocu_isco08_x,2019,1.137
mda,sex_t,ocu_isco08_x,2020,0.962
mda,sex_t,ocu_isco08_x,2021,0.455
mda,sex_t,ocu_isco08_x,2024,0.332
mda,sex_t,ocu_skill_l1,2003,110.449
mda,sex_t,ocu_skill_l1,2004,62.639
mda,sex_t,ocu_skill_l1,2005,82.229
mda,sex_t,ocu_skill_l1,2006,140.681
mda,sex_t,ocu_skill_l1,2007,164.396
mda,sex_t,ocu_skill_l1,2008,163.249
mda,sex_t,ocu_skill_l1,2009,142.117
mda,sex_t,ocu_skill_l1,2010,170.903
mda,sex_t,ocu_skill_l1,2011,194.126
mda,sex_t,ocu_skill_l1,2012,223.59
mda,sex_t,ocu_skill_l1,2013,238.116
mda,sex_t,ocu_skill_l1,2014,127.837
mda,sex_t,ocu_skill_l1,2015,54.413
mda,sex_t,ocu_skill_l1,2016,45.723
mda,sex_t,ocu_skill_l1,2017,41.307
mda,sex_t,ocu_skill_l1,2018,33.77
mda,sex_t,ocu_skill_l1,2019,35.458
mda,sex_t,ocu_skill_l1,2020,32.63
mda,sex_t,ocu_skill_l1,2021,38.926
mda,sex_t,ocu_skill_l1,2022,33.431
mda,sex_t,ocu_skill_l1,2023,42.155
mda,sex_t,ocu_skill_l1,2024,35.549
mda,sex_t,ocu_skill_l2,2003,480.19
mda,sex_t,ocu_skill_l2,2004,457.746
mda,sex_t,ocu_skill_l2,2005,443.689
mda,sex_t,ocu_skill_l2,2006,598.499
mda,sex_t,ocu_skill_l2,2007,623.987
mda,sex_t,ocu_skill_l2,2008,643.578
mda,sex_t,ocu_skill_l2,2009,732.669
mda,sex_t,ocu_skill_l2,2010,834.623
mda,sex_t,ocu_skill_l2,2011,834.491
mda,sex_t,ocu_skill_l2,2012,840.962
mda,sex_t,ocu_skill_l2,2013,849.122
mda,sex_t,ocu_skill_l2,2014,819.139
mda,sex_t,ocu_skill_l2,2015,913.938
mda,sex_t,ocu_skill_l2,2016,919.257
mda,sex_t,ocu_skill_l2,2017,866.055
mda,sex_t,ocu_skill_l2,2018,785.714
mda,sex_t,ocu_skill_l2,2019,770.795
mda,sex_t,ocu_skill_l2,2020,797.19
mda,sex_t,ocu_skill_l2,2021,829.802
mda,sex_t,ocu_skill_l2,2022,817.611
mda,sex_t,ocu_skill_l2,2023,702.545
mda,sex_t,ocu_skill_l2,2024,703.124
mda,sex_t,ocu_skill_l3_4,2003,8.827
mda,sex_t,ocu_skill_l3_4,2004,7.456
mda,sex_t,ocu_skill_l3_4,2005,5.429
mda,sex_t,ocu_skill_l3_4,2006,9.677
mda,sex_t,ocu_skill_l3_4,2007,6.162
mda,sex_t,ocu_skill_l3_4,2008,4.801
mda,sex_t,ocu_skill_l3_4,2009,6.028
mda,sex_t,ocu_skill_l3_4,2010,6.843
mda,sex_t,ocu_skill_l3_4,2011,7.193
mda,sex_t,ocu_skill_l3_4,2012,5.688
mda,sex_t,ocu_skill_l3_4,2013,5.435
mda,sex_t,ocu_skill_l3_4,2014,4.595
mda,sex_t,ocu_skill_l3_4,2015,6.481
mda,sex_t,ocu_skill_l3_4,2016,7.126
mda,sex_t,ocu_skill_l3_4,2017,5.97
mda,sex_t,ocu_skill_l3_4,2018,6.88
mda,sex_t,ocu_skill_l3_4,2019,4.276
mda,sex_t,ocu_skill_l3_4,2020,4.026
mda,sex_t,ocu_skill_l3_4,2021,3.486
mda,sex_t,ocu_skill_l3_4,2022,4.771
mda,sex_t,ocu_skill_l3_4,2023,4.417
mda,sex_t,ocu_skill_l3_4,2024,3.66
mda,sex_t,ocu_skill_total,2003,599.466
mda,sex_t,ocu_skill_total,2004,527.841
mda,sex_t,ocu_skill_total,2005,531.347
mda,sex_t,ocu_skill_total,2006,748.857
mda,sex_t,ocu_skill_total,2007,794.545
mda,sex_t,ocu_skill_total,2008,811.628
mda,sex_t,ocu_skill_total,2009,880.815
mda,sex_t,ocu_skill_total,2010,1012.369
mda,sex_t,ocu_skill_total,2011,1035.81
mda,sex_t,ocu_skill_total,2012,1070.241
mda,sex_t,ocu_skill_total,2013,1092.672
mda,sex_t,ocu_skill_total,2014,951.572
mda,sex_t,ocu_skill_total,2015,974.833
mda,sex_t,ocu_skill_total,2016,972.106
mda,sex_t,ocu_skill_total,2017,913.332
mda,sex_t,ocu_skill_total,2018,827.972
mda,sex_t,ocu_skill_total,2019,811.667
mda,sex_t,ocu_skill_total,2020,834.809
mda,sex_t,ocu_skill_total,2021,872.669
mda,sex_t,ocu_skill_total,2022,856.11
mda,sex_t,ocu_skill_total,2023,749.225
mda,sex_t,ocu_skill_total,2024,742.665
mda,sex_t,ocu_skill_x,2018,1.609
mda,sex_t,ocu_skill_x,2019,1.137
mda,sex_t,ocu_skill_x,2020,0.962
mda,sex_t,ocu_skill_x,2021,0.455
mda,sex_t,ocu_skill_x,2024,0.332
mdg,sex_f,ocu_isco08_0,2022,1.091
mdg,sex_f,ocu_isco08_1,2015,15.515
mdg,sex_f,ocu_isco08_1,2022,10.149
mdg,sex_f,ocu_isco08_2,2015,74.664
mdg,sex_f,ocu_isco08_2,2022,101.075
mdg,sex_f,ocu_isco08_3,2015,25.15
mdg,sex_f,ocu_isco08_3,2022,44.967
mdg,sex_f,ocu_isco08_4,2015,24.6
mdg,sex_f,ocu_isco08_4,2022,22.334
mdg,sex_f,ocu_isco08_5,2015,424.262
mdg,sex_f,ocu_isco08_5,2022,458.477
mdg,sex_f,ocu_isco08_6,2015,764.349
mdg,sex_f,ocu_isco08_6,2022,2953.829
mdg,sex_f,ocu_isco08_7,2015,462.819
mdg,sex_f,ocu_isco08_7,2022,507.677
mdg,sex_f,ocu_isco08_8,2015,14.834
mdg,sex_f,ocu_isco08_8,2022,6.344
mdg,sex_f,ocu_isco08_9,2015,3387.701
mdg,sex_f,ocu_isco08_9,2022,1302.004
mdg,sex_f,ocu_isco08_total,2015,5198.927
mdg,sex_f,ocu_isco08_total,2022,5421.79
mdg,sex_f,ocu_isco08_x,2022,13.843
mdg,sex_f,ocu_isco88_1,2012,7.511
mdg,sex_f,ocu_isco88_2,2012,59.089
mdg,sex_f,ocu_isco88_3,2012,28.91
mdg,sex_f,ocu_isco88_4,2012,14.944
mdg,sex_f,ocu_isco88_5,2012,491.202
mdg,sex_f,ocu_isco88_6,2012,746.936
mdg,sex_f,ocu_isco88_7,2012,267.96
mdg,sex_f,ocu_isco88_8,2012,8.225
mdg,sex_f,ocu_isco88_9,2012,2842.956
mdg,sex_f,ocu_isco88_total,2012,4894.589
mdg,sex_f,ocu_isco88_x,2012,425.812
mdg,sex_f,ocu_skill_l1,2012,2842.956
mdg,sex_f,ocu_skill_l1,2015,3387.701
mdg,sex_f,ocu_skill_l1,2022,1302.004
mdg,sex_f,ocu_skill_l2,2012,1529.267
mdg,sex_f,ocu_skill_l2,2015,1690.864
mdg,sex_f,ocu_skill_l2,2022,3948.661
mdg,sex_f,ocu_skill_l3_4,2012,95.51
mdg,sex_f,ocu_skill_l3_4,2015,115.329
mdg,sex_f,ocu_skill_l3_4,2022,156.191
mdg,sex_f,ocu_skill_total,2012,4894.589
mdg,sex_f,ocu_skill_total,2015,5198.927
mdg,sex_f,ocu_skill_total,2022,5421.79
mdg,sex_f,ocu_skill_x,2012,426.856
mdg,sex_f,ocu_skill_x,2022,14.934
mdg,sex_m,ocu_isco08_0,2015,22.749
mdg,sex_m,ocu_isco08_0,2022,8.078
mdg,sex_m,ocu_isco08_1,2015,27.93
mdg,sex_m,ocu_isco08_1,2022,27.164
mdg,sex_m,ocu_isco08_2,2015,77.605
mdg,sex_m,ocu_isco08_2,2022,97.369
mdg,sex_m,ocu_isco08_3,2015,30.56
mdg,sex_m,ocu_isco08_3,2022,57.15
mdg,sex_m,ocu_isco08_4,2015,23.284
mdg,sex_m,ocu_isco08_4,2022,26.848
mdg,sex_m,ocu_isco08_5,2015,203.306
mdg,sex_m,ocu_isco08_5,2022,228.249
mdg,sex_m,ocu_isco08_6,2015,2792.9
mdg,sex_m,ocu_isco08_6,2022,3261.816
mdg,sex_m,ocu_isco08_7,2015,381.091
mdg,sex_m,ocu_isco08_7,2022,519.717
mdg,sex_m,ocu_isco08_8,2015,100.137
mdg,sex_m,ocu_isco08_8,2022,110.447
mdg,sex_m,ocu_isco08_9,2015,1663.266
mdg,sex_m,ocu_isco08_9,2022,1647.312
mdg,sex_m,ocu_isco08_total,2015,5322.827
mdg,sex_m,ocu_isco08_total,2022,5992.908
mdg,sex_m,ocu_isco08_x,2022,8.757
mdg,sex_m,ocu_isco88_0,2012,4.142
mdg,sex_m,ocu_isco88_1,2012,20.206
mdg,sex_m,ocu_isco88_2,2012,81.7
mdg,sex_m,ocu_isco88_3,2012,35.672
mdg,sex_m,ocu_isco88_4,2012,20.907
mdg,sex_m,ocu_isco88_5,2012,210.871
mdg,sex_m,ocu_isco88_6,2012,2414.59
mdg,sex_m,ocu_isco88_7,2012,306.346
mdg,sex_m,ocu_isco88_8,2012,68.276
mdg,sex_m,ocu_isco88_9,2012,1440.482
mdg,sex_m,ocu_isco88_total,2012,4861.037
mdg,sex_m,ocu_isco88_x,2012,257.845
mdg,sex_m,ocu_skill_l1,2012,1440.482
mdg,sex_m,ocu_skill_l1,2015,1663.266
mdg,sex_m,ocu_skill_l1,2022,1647.312
mdg,sex_m,ocu_skill_l2,2012,3020.991
mdg,sex_m,ocu_skill_l2,2015,3500.717
mdg,sex_m,ocu_skill_l2,2022,4147.078
mdg,sex_m,ocu_skill_l3_4,2012,137.577
mdg,sex_m,ocu_skill_l3_4,2015,136.095
mdg,sex_m,ocu_skill_l3_4,2022,181.683
mdg,sex_m,ocu_skill_total,2012,4861.037
mdg,sex_m,ocu_skill_total,2015,5322.827
mdg,sex_m,ocu_skill_total,2022,5992.908
mdg,sex_m,ocu_skill_x,2012,261.986
mdg,sex_m,ocu_skill_x,2015,22.749
mdg,sex_m,ocu_skill_x,2022,16.836
mdg,sex_t,ocu_isco08_0,2015,27.784
mdg,sex_t,ocu_isco08_0,2022,9.169
mdg,sex_t,ocu_isco08_1,2015,43.444
mdg,sex_t,ocu_isco08_1,2022,37.313
mdg,sex_t,ocu_isco08_2,2015,152.269
mdg,sex_t,ocu_isco08_2,2022,198.444
mdg,sex_t,ocu_isco08_3,2015,55.71
mdg,sex_t,ocu_isco08_3,2022,102.117
mdg,sex_t,ocu_isco08_4,2015,47.883
mdg,sex_t,ocu_isco08_4,2022,49.182
mdg,sex_t,ocu_isco08_5,2015,627.568
mdg,sex_t,ocu_isco08_5,2022,686.726
mdg,sex_t,ocu_isco08_6,2015,3557.249
mdg,sex_t,ocu_isco08_6,2022,6215.645
mdg,sex_t,ocu_isco08_7,2015,843.909
mdg,sex_t,ocu_isco08_7,2022,1027.394
mdg,sex_t,ocu_isco08_8,2015,114.971
mdg,sex_t,ocu_isco08_8,2022,116.791
mdg,sex_t,ocu_isco08_9,2015,5050.966
mdg,sex_t,ocu_isco08_9,2022,2949.316
mdg,sex_t,ocu_isco08_total,2015,10521.754
mdg,sex_t,ocu_isco08_total,2022,11414.698
mdg,sex_t,ocu_isco08_x,2022,22.6
mdg,sex_t,ocu_isco88_0,2012,5.186
mdg,sex_t,ocu_isco88_1,2012,27.716
mdg,sex_t,ocu_isco88_2,2012,140.79
mdg,sex_t,ocu_isco88_3,2012,64.582
mdg,sex_t,ocu_isco88_4,2012,35.852
mdg,sex_t,ocu_isco88_5,2012,702.073
mdg,sex_t,ocu_isco88_6,2012,3161.527
mdg,sex_t,ocu_isco88_7,2012,574.306
mdg,sex_t,ocu_isco88_8,2012,76.501
mdg,sex_t,ocu_isco88_9,2012,4283.438
mdg,sex_t,ocu_isco88_total,2012,9755.626
mdg,sex_t,ocu_isco88_x,2012,683.656
mdg,sex_t,ocu_skill_l1,2012,4283.438
mdg,sex_t,ocu_skill_l1,2015,5050.966
mdg,sex_t,ocu_skill_l1,2022,2949.316
mdg,sex_t,ocu_skill_l2,2012,4550.258
mdg,sex_t,ocu_skill_l2,2015,5191.58
mdg,sex_t,ocu_skill_l2,2022,8095.738
mdg,sex_t,ocu_skill_l3_4,2012,233.088
mdg,sex_t,ocu_skill_l3_4,2015,251.424
mdg,sex_t,ocu_skill_l3_4,2022,337.874
mdg,sex_t,ocu_skill_total,2012,9755.626
mdg,sex_t,ocu_skill_total,2015,10521.754
mdg,sex_t,ocu_skill_total,2022,11414.698
mdg,sex_t,ocu_skill_x,2012,688.842
mdg,sex_t,ocu_skill_x,2015,27.784
mdg,sex_t,ocu_skill_x,2022,31.77
mdv,sex_f,ocu_isco08_1,2016,1.04
mdv,sex_f,ocu_isco08_1,2019,0.714
mdv,sex_f,ocu_isco08_2,2016,4.599
mdv,sex_f,ocu_isco08_2,2019,5.257
mdv,sex_f,ocu_isco08_3,2016,0.831
mdv,sex_f,ocu_isco08_3,2019,0.799
mdv,sex_f,ocu_isco08_4,2016,1.507
mdv,sex_f,ocu_isco08_4,2019,1.242
mdv,sex_f,ocu_isco08_5,2016,4.874
mdv,sex_f,ocu_isco08_5,2019,6.235
mdv,sex_f,ocu_isco08_6,2016,1.104
mdv,sex_f,ocu_isco08_6,2019,15.602
mdv,sex_f,ocu_isco08_7,2016,10.159
mdv,sex_f,ocu_isco08_7,2019,8.726
mdv,sex_f,ocu_isco08_8,2016,0.078
mdv,sex_f,ocu_isco08_8,2019,0.109
mdv,sex_f,ocu_isco08_9,2016,3.384
mdv,sex_f,ocu_isco08_9,2019,3.952
mdv,sex_f,ocu_isco08_total,2016,30.691
mdv,sex_f,ocu_isco08_total,2019,42.941
mdv,sex_f,ocu_isco08_x,2016,3.114
mdv,sex_f,ocu_isco08_x,2019,0.306
mdv,sex_f,ocu_skill_l1,2016,3.384
mdv,sex_f,ocu_skill_l1,2019,3.952
mdv,sex_f,ocu_skill_l2,2016,17.723
mdv,sex_f,ocu_skill_l2,2019,31.914
mdv,sex_f,ocu_skill_l3_4,2016,6.47
mdv,sex_f,ocu_skill_l3_4,2019,6.769
mdv,sex_f,ocu_skill_total,2016,30.691
mdv,sex_f,ocu_skill_total,2019,42.941
mdv,sex_f,ocu_skill_x,2016,3.114
mdv,sex_f,ocu_skill_x,2019,0.306
mdv,sex_m,ocu_isco08_1,2016,5.945
mdv,sex_m,ocu_isco08_1,2019,5.276
mdv,sex_m,ocu_isco08_2,2016,1.878
mdv,sex_m,ocu_isco08_2,2019,3.165
mdv,sex_m,ocu_isco08_3,2016,4.137
mdv,sex_m,ocu_isco08_3,2019,5.491
mdv,sex_m,ocu_isco08_4,2016,1.926
mdv,sex_m,ocu_isco08_4,2019,1.399
mdv,sex_m,ocu_isco08_5,2016,5.55
mdv,sex_m,ocu_isco08_5,2019,6.062
mdv,sex_m,ocu_isco08_6,2016,10.453
mdv,sex_m,ocu_isco08_6,2019,17.26
mdv,sex_m,ocu_isco08_7,2016,6.267
mdv,sex_m,ocu_isco08_7,2019,5.37
mdv,sex_m,ocu_isco08_8,2016,3.322
mdv,sex_m,ocu_isco08_8,2019,1.862
mdv,sex_m,ocu_isco08_9,2016,3.649
mdv,sex_m,ocu_isco08_9,2019,3.599
mdv,sex_m,ocu_isco08_total,2016,45.979
mdv,sex_m,ocu_isco08_total,2019,49.886
mdv,sex_m,ocu_isco08_x,2016,2.734
mdv,sex_m,ocu_isco08_x,2019,0.401
mdv,sex_m,ocu_skill_l1,2016,3.649
mdv,sex_m,ocu_skill_l1,2019,3.599
mdv,sex_m,ocu_skill_l2,2016,27.518
mdv,sex_m,ocu_skill_l2,2019,31.953
mdv,sex_m,ocu_skill_l3_4,2016,11.961
mdv,sex_m,ocu_skill_l3_4,2019,13.932
mdv,sex_m,ocu_skill_total,2016,45.979
mdv,sex_m,ocu_skill_total,2019,49.886
mdv,sex_m,ocu_skill_x,2016,2.851
mdv,sex_m,ocu_skill_x,2019,0.401
mdv,sex_t,ocu_isco08_1,2016,6.985
mdv,sex_t,ocu_isco08_1,2019,5.99
mdv,sex_t,ocu_isco08_2,2016,6.477
mdv,sex_t,ocu_isco08_2,2019,8.422
mdv,sex_t,ocu_isco08_3,2016,4.968
mdv,sex_t,ocu_isco08_3,2019,6.29
mdv,sex_t,ocu_isco08_4,2016,3.433
mdv,sex_t,ocu_isco08_4,2019,2.641
mdv,sex_t,ocu_isco08_5,2016,10.424
mdv,sex_t,ocu_isco08_5,2019,12.297
mdv,sex_t,ocu_isco08_6,2016,11.557
mdv,sex_t,ocu_isco08_6,2019,32.862
mdv,sex_t,ocu_isco08_7,2016,16.426
mdv,sex_t,ocu_isco08_7,2019,14.096
mdv,sex_t,ocu_isco08_8,2016,3.4
mdv,sex_t,ocu_isco08_8,2019,1.972
mdv,sex_t,ocu_isco08_9,2016,7.034
mdv,sex_t,ocu_isco08_9,2019,7.551
mdv,sex_t,ocu_isco08_total,2016,76.67
mdv,sex_t,ocu_isco08_total,2019,92.827
mdv,sex_t,ocu_isco08_x,2016,5.848
mdv,sex_t,ocu_isco08_x,2019,0.708
mdv,sex_t,ocu_skill_l1,2016,7.034
mdv,sex_t,ocu_skill_l1,2019,7.551
mdv,sex_t,ocu_skill_l2,2016,45.24
mdv,sex_t,ocu_skill_l2,2019,63.867
mdv,sex_t,ocu_skill_l3_4,2016,18.431
mdv,sex_t,ocu_skill_l3_4,2019,20.702
mdv,sex_t,ocu_skill_total,2016,76.67
mdv,sex_t,ocu_skill_total,2019,92.827
mdv,sex_t,ocu_skill_x,2016,5.965
mdv,sex_t,ocu_skill_x,2019,0.708
mex,sex_f,ocu_isco08_0,2019,0.307
mex,sex_f,ocu_isco08_0,2021,0.336
mex,sex_f,ocu_isco08_1,2013,98.104
mex,sex_f,ocu_isco08_1,2014,85.442
mex,sex_f,ocu_isco08_1,2015,80.696
mex,sex_f,ocu_isco08_1,2016,81.4
mex,sex_f,ocu_isco08_1,2017,85.491
mex,sex_f,ocu_isco08_1,2018,94.557
mex,sex_f,ocu_isco08_1,2019,93.863
mex,sex_f,ocu_isco08_1,2020,92.932
mex,sex_f,ocu_isco08_1,2021,99.005
mex,sex_f,ocu_isco08_1,2022,95.408
mex,sex_f,ocu_isco08_1,2023,107.493
mex,sex_f,ocu_isco08_1,2024,109.098
mex,sex_f,ocu_isco08_1,2025,134.041
mex,sex_f,ocu_isco08_2,2013,431.561
mex,sex_f,ocu_isco08_2,2014,408.095
mex,sex_f,ocu_isco08_2,2015,402.784
mex,sex_f,ocu_isco08_2,2016,434.757
mex,sex_f,ocu_isco08_2,2017,453.401
mex,sex_f,ocu_isco08_2,2018,484.196
mex,sex_f,ocu_isco08_2,2019,489.512
mex,sex_f,ocu_isco08_2,2020,438.365
mex,sex_f,ocu_isco08_2,2021,474.92
mex,sex_f,ocu_isco08_2,2022,457.409
mex,sex_f,ocu_isco08_2,2023,605.211
mex,sex_f,ocu_isco08_2,2024,632.787
mex,sex_f,ocu_isco08_2,2025,607.794
mex,sex_f,ocu_isco08_3,2013,861.719
mex,sex_f,ocu_isco08_3,2014,840.605
mex,sex_f,ocu_isco08_3,2015,860.657
mex,sex_f,ocu_isco08_3,2016,859.715
mex,sex_f,ocu_isco08_3,2017,835.765
mex,sex_f,ocu_isco08_3,2018,861.982
mex,sex_f,ocu_isco08_3,2019,904.102
mex,sex_f,ocu_isco08_3,2020,766.742
mex,sex_f,ocu_isco08_3,2021,813.692
mex,sex_f,ocu_isco08_3,2022,852.743
mex,sex_f,ocu_isco08_3,2023,993.004
mex,sex_f,ocu_isco08_3,2024,1008.912
mex,sex_f,ocu_isco08_3,2025,999.786
mex,sex_f,ocu_isco08_4,2013,369.844
mex,sex_f,ocu_isco08_4,2014,351.215
mex,sex_f,ocu_isco08_4,2015,367.293
mex,sex_f,ocu_isco08_4,2016,357.522
mex,sex_f,ocu_isco08_4,2017,373.2
mex,sex_f,ocu_isco08_4,2018,396.086
mex,sex_f,ocu_isco08_4,2019,408.598
mex,sex_f,ocu_isco08_4,2020,358.022
mex,sex_f,ocu_isco08_4,2021,388.744
mex,sex_f,ocu_isco08_4,2022,402.872
mex,sex_f,ocu_isco08_4,2023,427.835
mex,sex_f,ocu_isco08_4,2024,430.202
mex,sex_f,ocu_isco08_4,2025,447.276
mex,sex_f,ocu_isco08_5,2013,4297.06
mex,sex_f,ocu_isco08_5,2014,4193.108
mex,sex_f,ocu_isco08_5,2015,4251.562
mex,sex_f,ocu_isco08_5,2016,4305.851
mex,sex_f,ocu_isco08_5,2017,4229.355
mex,sex_f,ocu_isco08_5,2018,4449.843
mex,sex_f,ocu_isco08_5,2019,4854.048
mex,sex_f,ocu_isco08_5,2020,4092.705
mex,sex_f,ocu_isco08_5,2021,4661.011
mex,sex_f,ocu_isco08_5,2022,5174.586
mex,sex_f,ocu_isco08_5,2023,4792.012
mex,sex_f,ocu_isco08_5,2024,4914.392
mex,sex_f,ocu_isco08_5,2025,4963.258
mex,sex_f,ocu_isco08_6,2013,267.286
mex,sex_f,ocu_isco08_6,2014,270.096
mex,sex_f,ocu_isco08_6,2015,268.457
mex,sex_f,ocu_isco08_6,2016,268.891
mex,sex_f,ocu_isco08_6,2017,293.09
mex,sex_f,ocu_isco08_6,2018,294.689
mex,sex_f,ocu_isco08_6,2019,301.37
mex,sex_f,ocu_isco08_6,2020,294.703
mex,sex_f,ocu_isco08_6,2021,334.88
mex,sex_f,ocu_isco08_6,2022,381.632
mex,sex_f,ocu_isco08_6,2023,399.144
mex,sex_f,ocu_isco08_6,2024,396.976
mex,sex_f,ocu_isco08_6,2025,368.697
mex,sex_f,ocu_isco08_7,2013,1105.534
mex,sex_f,ocu_isco08_7,2014,1071.305
mex,sex_f,ocu_isco08_7,2015,1126.14
mex,sex_f,ocu_isco08_7,2016,1194.171
mex,sex_f,ocu_isco08_7,2017,1235.676
mex,sex_f,ocu_isco08_7,2018,1329.836
mex,sex_f,ocu_isco08_7,2019,1325.306
mex,sex_f,ocu_isco08_7,2020,1191.481
mex,sex_f,ocu_isco08_7,2021,1219.595
mex,sex_f,ocu_isco08_7,2022,1341.962
mex,sex_f,ocu_isco08_7,2023,1563.043
mex,sex_f,ocu_isco08_7,2024,1541.302
mex,sex_f,ocu_isco08_7,2025,1494.645
mex,sex_f,ocu_isco08_8,2013,137.901
mex,sex_f,ocu_isco08_8,2014,120.808
mex,sex_f,ocu_isco08_8,2015,138.068
mex,sex_f,ocu_isco08_8,2016,138.492
mex,sex_f,ocu_isco08_8,2017,146.414
mex,sex_f,ocu_isco08_8,2018,138.84
mex,sex_f,ocu_isco08_8,2019,160.531
mex,sex_f,ocu_isco08_8,2020,146.239
mex,sex_f,ocu_isco08_8,2021,160.982
mex,sex_f,ocu_isco08_8,2022,201.55
mex,sex_f,ocu_isco08_8,2023,185.39
mex,sex_f,ocu_isco08_8,2024,212.628
mex,sex_f,ocu_isco08_8,2025,229.215
mex,sex_f,ocu_isco08_9,2013,3175.265
mex,sex_f,ocu_isco08_9,2014,3123.71
mex,sex_f,ocu_isco08_9,2015,3314.704
mex,sex_f,ocu_isco08_9,2016,3316.599
mex,sex_f,ocu_isco08_9,2017,3362.703
mex,sex_f,ocu_isco08_9,2018,3347.077
mex,sex_f,ocu_isco08_9,2019,3504.486
mex,sex_f,ocu_isco08_9,2020,3096.451
mex,sex_f,ocu_isco08_9,2021,3205.008
mex,sex_f,ocu_isco08_9,2022,3565.026
mex,sex_f,ocu_isco08_9,2023,4361.973
mex,sex_f,ocu_isco08_9,2024,4240.258
mex,sex_f,ocu_isco08_9,2025,4097.926
mex,sex_f,ocu_isco08_total,2013,11079.85
mex,sex_f,ocu_isco08_total,2014,10783.582
mex,sex_f,ocu_isco08_total,2015,11150.345
mex,sex_f,ocu_isco08_total,2016,11287.292
mex,sex_f,ocu_isco08_total,2017,11317.21
mex,sex_f,ocu_isco08_total,2018,11682.825
mex,sex_f,ocu_isco08_total,2019,12335.15
mex,sex_f,ocu_isco08_total,2020,10715.714
mex,sex_f,ocu_isco08_total,2021,11664.766
mex,sex_f,ocu_isco08_total,2022,12850.308
mex,sex_f,ocu_isco08_total,2023,13471.306
mex,sex_f,ocu_isco08_total,2024,13524.474
mex,sex_f,ocu_isco08_total,2025,13382.058
mex,sex_f,ocu_isco08_x,2013,335.574
mex,sex_f,ocu_isco08_x,2014,319.184
mex,sex_f,ocu_isco08_x,2015,339.893
mex,sex_f,ocu_isco08_x,2016,329.673
mex,sex_f,ocu_isco08_x,2017,302.116
mex,sex_f,ocu_isco08_x,2018,285.569
mex,sex_f,ocu_isco08_x,2019,293.028
mex,sex_f,ocu_isco08_x,2020,238.051
mex,sex_f,ocu_isco08_x,2021,306.593
mex,sex_f,ocu_isco08_x,2022,377.07
mex,sex_f,ocu_isco08_x,2023,35.923
mex,sex_f,ocu_isco08_x,2024,37.669
mex,sex_f,ocu_isco08_x,2025,38.569
mex,sex_f,ocu_isco88_0,2003,0.125
mex,sex_f,ocu_isco88_1,2002,62.571
mex,sex_f,ocu_isco88_1,2003,65.846
mex,sex_f,ocu_isco88_1,2004,68.047
mex,sex_f,ocu_isco88_2,2002,289.554
mex,sex_f,ocu_isco88_2,2003,315.143
mex,sex_f,ocu_isco88_2,2004,360.77
mex,sex_f,ocu_isco88_3,2002,505.228
mex,sex_f,ocu_isco88_3,2003,522.317
mex,sex_f,ocu_isco88_3,2004,595.551
mex,sex_f,ocu_isco88_4,2002,307.742
mex,sex_f,ocu_isco88_4,2003,324.174
mex,sex_f,ocu_isco88_4,2004,340.111
mex,sex_f,ocu_isco88_5,2002,2654.05
mex,sex_f,ocu_isco88_5,2003,2818.112
mex,sex_f,ocu_isco88_5,2004,2971.682
mex,sex_f,ocu_isco88_6,2002,767.746
mex,sex_f,ocu_isco88_6,2003,733.525
mex,sex_f,ocu_isco88_6,2004,703.585
mex,sex_f,ocu_isco88_7,2002,1118.254
mex,sex_f,ocu_isco88_7,2003,1149.006
mex,sex_f,ocu_isco88_7,2004,1152.784
mex,sex_f,ocu_isco88_8,2002,131.642
mex,sex_f,ocu_isco88_8,2003,130.049
mex,sex_f,ocu_isco88_8,2004,150.468
mex,sex_f,ocu_isco88_9,2002,2691.042
mex,sex_f,ocu_isco88_9,2003,2831.091
mex,sex_f,ocu_isco88_9,2004,2952.747
mex,sex_f,ocu_isco88_total,2002,8529.147
mex,sex_f,ocu_isco88_total,2003,8891.408
mex,sex_f,ocu_isco88_total,2004,9297.342
mex,sex_f,ocu_isco88_x,2002,1.059
mex,sex_f,ocu_isco88_x,2003,2.02
mex,sex_f,ocu_isco88_x,2004,1.217
mex,sex_f,ocu_skill_l1,2002,2691.042
mex,sex_f,ocu_skill_l1,2003,2831.091
mex,sex_f,ocu_skill_l1,2004,2952.747
mex,sex_f,ocu_skill_l1,2008,689.281
mex,sex_f,ocu_skill_l1,2009,621.966
mex,sex_f,ocu_skill_l1,2010,633.194
mex,sex_f,ocu_skill_l1,2011,626.944
mex,sex_f,ocu_skill_l1,2012,1979.653
mex,sex_f,ocu_skill_l1,2013,3175.265
mex,sex_f,ocu_skill_l1,2014,3123.71
mex,sex_f,ocu_skill_l1,2015,3314.704
mex,sex_f,ocu_skill_l1,2016,3316.599
mex,sex_f,ocu_skill_l1,2017,3362.703
mex,sex_f,ocu_skill_l1,2018,3347.077
mex,sex_f,ocu_skill_l1,2019,3504.486
mex,sex_f,ocu_skill_l1,2020,1966.152
mex,sex_f,ocu_skill_l1,2021,798.393
mex,sex_f,ocu_skill_l1,2022,879.984
mex,sex_f,ocu_skill_l1,2023,4361.973
mex,sex_f,ocu_skill_l1,2024,4240.258
mex,sex_f,ocu_skill_l1,2025,4097.926
mex,sex_f,ocu_skill_l2,2002,4979.434
mex,sex_f,ocu_skill_l2,2003,5154.866
mex,sex_f,ocu_skill_l2,2004,5318.631
mex,sex_f,ocu_skill_l2,2008,8582.977
mex,sex_f,ocu_skill_l2,2009,8999.996
mex,sex_f,ocu_skill_l2,2010,9110.948
mex,sex_f,ocu_skill_l2,2011,9212.264
mex,sex_f,ocu_skill_l2,2012,7856.984
mex,sex_f,ocu_skill_l2,2013,6177.626
mex,sex_f,ocu_skill_l2,2014,6006.532
mex,sex_f,ocu_skill_l2,2015,6151.52
mex,sex_f,ocu_skill_l2,2016,6264.928
mex,sex_f,ocu_skill_l2,2017,6277.734
mex,sex_f,ocu_skill_l2,2018,6609.294
mex,sex_f,ocu_skill_l2,2019,7049.852
mex,sex_f,ocu_skill_l2,2020,7582.537
mex,sex_f,ocu_skill_l2,2021,9946.56
mex,sex_f,ocu_skill_l2,2022,10981.452
mex,sex_f,ocu_skill_l2,2023,7367.423
mex,sex_f,ocu_skill_l2,2024,7495.5
mex,sex_f,ocu_skill_l2,2025,7503.09
mex,sex_f,ocu_skill_l3_4,2002,857.353
mex,sex_f,ocu_skill_l3_4,2003,903.306
mex,sex_f,ocu_skill_l3_4,2004,1024.367
mex,sex_f,ocu_skill_l3_4,2008,635.463
mex,sex_f,ocu_skill_l3_4,2009,651.324
mex,sex_f,ocu_skill_l3_4,2010,703.409
mex,sex_f,ocu_skill_l3_4,2011,703.518
mex,sex_f,ocu_skill_l3_4,2012,1076.898
mex,sex_f,ocu_skill_l3_4,2013,1391.384
mex,sex_f,ocu_skill_l3_4,2014,1334.142
mex,sex_f,ocu_skill_l3_4,2015,1344.137
mex,sex_f,ocu_skill_l3_4,2016,1375.871
mex,sex_f,ocu_skill_l3_4,2017,1374.657
mex,sex_f,ocu_skill_l3_4,2018,1440.736
mex,sex_f,ocu_skill_l3_4,2019,1487.476
mex,sex_f,ocu_skill_l3_4,2020,1038.981
mex,sex_f,ocu_skill_l3_4,2021,917.744
mex,sex_f,ocu_skill_l3_4,2022,987.508
mex,sex_f,ocu_skill_l3_4,2023,1705.707
mex,sex_f,ocu_skill_l3_4,2024,1750.797
mex,sex_f,ocu_skill_l3_4,2025,1741.621
mex,sex_f,ocu_skill_total,2002,8529.147
mex,sex_f,ocu_skill_total,2003,8891.408
mex,sex_f,ocu_skill_total,2004,9297.342
mex,sex_f,ocu_skill_total,2008,9907.751
mex,sex_f,ocu_skill_total,2009,10274.472
mex,sex_f,ocu_skill_total,2010,10447.551
mex,sex_f,ocu_skill_total,2011,10544.136
mex,sex_f,ocu_skill_total,2012,11097.5
mex,sex_f,ocu_skill_total,2013,11079.85
mex,sex_f,ocu_skill_total,2014,10783.582
mex,sex_f,ocu_skill_total,2015,11150.345
mex,sex_f,ocu_skill_total,2016,11287.292
mex,sex_f,ocu_skill_total,2017,11317.21
mex,sex_f,ocu_skill_total,2018,11682.825
mex,sex_f,ocu_skill_total,2019,12335.15
mex,sex_f,ocu_skill_total,2020,10715.714
mex,sex_f,ocu_skill_total,2021,11664.766
mex,sex_f,ocu_skill_total,2022,12850.308
mex,sex_f,ocu_skill_total,2023,13471.306
mex,sex_f,ocu_skill_total,2024,13524.474
mex,sex_f,ocu_skill_total,2025,13382.058
mex,sex_f,ocu_skill_x,2002,1.318
mex,sex_f,ocu_skill_x,2003,2.145
mex,sex_f,ocu_skill_x,2004,1.597
mex,sex_f,ocu_skill_x,2011,1.411
mex,sex_f,ocu_skill_x,2012,183.964
mex,sex_f,ocu_skill_x,2013,335.574
mex,sex_f,ocu_skill_x,2014,319.198
mex,sex_f,ocu_skill_x,2015,339.984
mex,sex_f,ocu_skill_x,2016,329.894
mex,sex_f,ocu_skill_x,2017,302.116
mex,sex_f,ocu_skill_x,2018,285.719
mex,sex_f,ocu_skill_x,2019,293.335
mex,sex_f,ocu_skill_x,2020,128.044
mex,sex_f,ocu_skill_x,2021,2.069
mex,sex_f,ocu_skill_x,2022,1.363
mex,sex_f,ocu_skill_x,2023,36.202
mex,sex_f,ocu_skill_x,2024,37.919
mex,sex_f,ocu_skill_x,2025,39.421
mex,sex_m,ocu_isco08_0,2013,0.395
mex,sex_m,ocu_isco08_0,2014,0.46
mex,sex_m,ocu_isco08_0,2015,0.146
mex,sex_m,ocu_isco08_0,2017,0.478
mex,sex_m,ocu_isco08_0,2020,0.689
mex,sex_m,ocu_isco08_0,2021,0.796
mex,sex_m,ocu_isco08_0,2022,0.798
mex,sex_m,ocu_isco08_0,2023,0.598
mex,sex_m,ocu_isco08_0,2025,4.878
mex,sex_m,ocu_isco08_1,2013,174.638
mex,sex_m,ocu_isco08_1,2014,148.044
mex,sex_m,ocu_isco08_1,2015,154.858
mex,sex_m,ocu_isco08_1,2016,154.266
mex,sex_m,ocu_isco08_1,2017,148.363
mex,sex_m,ocu_isco08_1,2018,158.043
mex,sex_m,ocu_isco08_1,2019,156.344
mex,sex_m,ocu_isco08_1,2020,142.795
mex,sex_m,ocu_isco08_1,2021,162.891
mex,sex_m,ocu_isco08_1,2022,159.888
mex,sex_m,ocu_isco08_1,2023,172.716
mex,sex_m,ocu_isco08_1,2024,175.418
mex,sex_m,ocu_isco08_1,2025,193.408
mex,sex_m,ocu_isco08_2,2013,560.417
mex,sex_m,ocu_isco08_2,2014,525.846
mex,sex_m,ocu_isco08_2,2015,561.088
mex,sex_m,ocu_isco08_2,2016,564.5
mex,sex_m,ocu_isco08_2,2017,580.495
mex,sex_m,ocu_isco08_2,2018,623.961
mex,sex_m,ocu_isco08_2,2019,600.176
mex,sex_m,ocu_isco08_2,2020,491.011
mex,sex_m,ocu_isco08_2,2021,582.209
mex,sex_m,ocu_isco08_2,2022,618.584
mex,sex_m,ocu_isco08_2,2023,692.424
mex,sex_m,ocu_isco08_2,2024,669.527
mex,sex_m,ocu_isco08_2,2025,691.101
mex,sex_m,ocu_isco08_3,2013,509.705
mex,sex_m,ocu_isco08_3,2014,497.439
mex,sex_m,ocu_isco08_3,2015,493.016
mex,sex_m,ocu_isco08_3,2016,474.603
mex,sex_m,ocu_isco08_3,2017,497.959
mex,sex_m,ocu_isco08_3,2018,483.389
mex,sex_m,ocu_isco08_3,2019,498.457
mex,sex_m,ocu_isco08_3,2020,427.592
mex,sex_m,ocu_isco08_3,2021,483.702
mex,sex_m,ocu_isco08_3,2022,545.818
mex,sex_m,ocu_isco08_3,2023,713.635
mex,sex_m,ocu_isco08_3,2024,718.621
mex,sex_m,ocu_isco08_3,2025,729.164
mex,sex_m,ocu_isco08_4,2013,226.911
mex,sex_m,ocu_isco08_4,2014,223.462
mex,sex_m,ocu_isco08_4,2015,239.228
mex,sex_m,ocu_isco08_4,2016,222.345
mex,sex_m,ocu_isco08_4,2017,229.372
mex,sex_m,ocu_isco08_4,2018,252.9
mex,sex_m,ocu_isco08_4,2019,237.415
mex,sex_m,ocu_isco08_4,2020,211.321
mex,sex_m,ocu_isco08_4,2021,225.597
mex,sex_m,ocu_isco08_4,2022,220.464
mex,sex_m,ocu_isco08_4,2023,232.744
mex,sex_m,ocu_isco08_4,2024,246.665
mex,sex_m,ocu_isco08_4,2025,274.848
mex,sex_m,ocu_isco08_5,2013,2750.482
mex,sex_m,ocu_isco08_5,2014,2714.491
mex,sex_m,ocu_isco08_5,2015,2722.368
mex,sex_m,ocu_isco08_5,2016,2731.046
mex,sex_m,ocu_isco08_5,2017,2771.565
mex,sex_m,ocu_isco08_5,2018,2785.918
mex,sex_m,ocu_isco08_5,2019,2961.714
mex,sex_m,ocu_isco08_5,2020,2633.708
mex,sex_m,ocu_isco08_5,2021,2842.992
mex,sex_m,ocu_isco08_5,2022,3051.038
mex,sex_m,ocu_isco08_5,2023,2723.064
mex,sex_m,ocu_isco08_5,2024,2717.126
mex,sex_m,ocu_isco08_5,2025,2689.289
mex,sex_m,ocu_isco08_6,2013,3325.916
mex,sex_m,ocu_isco08_6,2014,3399.164
mex,sex_m,ocu_isco08_6,2015,3329.007
mex,sex_m,ocu_isco08_6,2016,3268.489
mex,sex_m,ocu_isco08_6,2017,3339.677
mex,sex_m,ocu_isco08_6,2018,3402.296
mex,sex_m,ocu_isco08_6,2019,3447.941
mex,sex_m,ocu_isco08_6,2020,3252.897
mex,sex_m,ocu_isco08_6,2021,3299.641
mex,sex_m,ocu_isco08_6,2022,3342.428
mex,sex_m,ocu_isco08_6,2023,3401.654
mex,sex_m,ocu_isco08_6,2024,3317.056
mex,sex_m,ocu_isco08_6,2025,3171.195
mex,sex_m,ocu_isco08_7,2013,3293.285
mex,sex_m,ocu_isco08_7,2014,3273.732
mex,sex_m,ocu_isco08_7,2015,3417.548
mex,sex_m,ocu_isco08_7,2016,3539.542
mex,sex_m,ocu_isco08_7,2017,3727.893
mex,sex_m,ocu_isco08_7,2018,3866.606
mex,sex_m,ocu_isco08_7,2019,3786.235
mex,sex_m,ocu_isco08_7,2020,3607.569
mex,sex_m,ocu_isco08_7,2021,3890.076
mex,sex_m,ocu_isco08_7,2022,4120.383
mex,sex_m,ocu_isco08_7,2023,4179.396
mex,sex_m,ocu_isco08_7,2024,4168.149
mex,sex_m,ocu_isco08_7,2025,4167.2
mex,sex_m,ocu_isco08_8,2013,1683.519
mex,sex_m,ocu_isco08_8,2014,1688.847
mex,sex_m,ocu_isco08_8,2015,1712.47
mex,sex_m,ocu_isco08_8,2016,1771.982
mex,sex_m,ocu_isco08_8,2017,1803.443
mex,sex_m,ocu_isco08_8,2018,1871.916
mex,sex_m,ocu_isco08_8,2019,1831.644
mex,sex_m,ocu_isco08_8,2020,1720.947
mex,sex_m,ocu_isco08_8,2021,1737.959
mex,sex_m,ocu_isco08_8,2022,1891.325
mex,sex_m,ocu_isco08_8,2023,1928.944
mex,sex_m,ocu_isco08_8,2024,1958.549
mex,sex_m,ocu_isco08_8,2025,2084.33
mex,sex_m,ocu_isco08_9,2013,4998.938
mex,sex_m,ocu_isco08_9,2014,5008.764
mex,sex_m,ocu_isco08_9,2015,5161.996
mex,sex_m,ocu_isco08_9,2016,5222.245
mex,sex_m,ocu_isco08_9,2017,5174.58
mex,sex_m,ocu_isco08_9,2018,5191.858
mex,sex_m,ocu_isco08_9,2019,5316.483
mex,sex_m,ocu_isco08_9,2020,4779.627
mex,sex_m,ocu_isco08_9,2021,5220.754
mex,sex_m,ocu_isco08_9,2022,5305.366
mex,sex_m,ocu_isco08_9,2023,5553.646
mex,sex_m,ocu_isco08_9,2024,5439.416
mex,sex_m,ocu_isco08_9,2025,5447.227
mex,sex_m,ocu_isco08_total,2013,17818.392
mex,sex_m,ocu_isco08_total,2014,17754.645
mex,sex_m,ocu_isco08_total,2015,18108.141
mex,sex_m,ocu_isco08_total,2016,18259.601
mex,sex_m,ocu_isco08_total,2017,18587.143
mex,sex_m,ocu_isco08_total,2018,18948.012
mex,sex_m,ocu_isco08_total,2019,19128.866
mex,sex_m,ocu_isco08_total,2020,17594.23
mex,sex_m,ocu_isco08_total,2021,18757.563
mex,sex_m,ocu_isco08_total,2022,19602.019
mex,sex_m,ocu_isco08_total,2023,19691.035
mex,sex_m,ocu_isco08_total,2024,19507.209
mex,sex_m,ocu_isco08_total,2025,19553.366
mex,sex_m,ocu_isco08_x,2013,294.185
mex,sex_m,ocu_isco08_x,2014,274.398
mex,sex_m,ocu_isco08_x,2015,316.416
mex,sex_m,ocu_isco08_x,2016,310.024
mex,sex_m,ocu_isco08_x,2017,313.32
mex,sex_m,ocu_isco08_x,2018,310.756
mex,sex_m,ocu_isco08_x,2019,292.151
mex,sex_m,ocu_isco08_x,2020,326.075
mex,sex_m,ocu_isco08_x,2021,310.944
mex,sex_m,ocu_isco08_x,2022,345.928
mex,sex_m,ocu_isco08_x,2023,92.214
mex,sex_m,ocu_isco08_x,2024,96.245
mex,sex_m,ocu_isco08_x,2025,100.726
mex,sex_m,ocu_isco88_0,2002,36.08
mex,sex_m,ocu_isco88_0,2003,33.889
mex,sex_m,ocu_isco88_0,2004,30.971
mex,sex_m,ocu_isco88_1,2002,190.671
mex,sex_m,ocu_isco88_1,2003,181.246
mex,sex_m,ocu_isco88_1,2004,180.658
mex,sex_m,ocu_isco88_2,2002,619.112
mex,sex_m,ocu_isco88_2,2003,645.536
mex,sex_m,ocu_isco88_2,2004,685.105
mex,sex_m,ocu_isco88_3,2002,712.367
mex,sex_m,ocu_isco88_3,2003,709.361
mex,sex_m,ocu_isco88_3,2004,754.306
mex,sex_m,ocu_isco88_4,2002,148.375
mex,sex_m,ocu_isco88_4,2003,166.355
mex,sex_m,ocu_isco88_4,2004,173.588
mex,sex_m,ocu_isco88_5,2002,2133.954
mex,sex_m,ocu_isco88_5,2003,2188.307
mex,sex_m,ocu_isco88_5,2004,2266.01
mex,sex_m,ocu_isco88_6,2002,5626.446
mex,sex_m,ocu_isco88_6,2003,5482.417
mex,sex_m,ocu_isco88_6,2004,5278.616
mex,sex_m,ocu_isco88_7,2002,3151.711
mex,sex_m,ocu_isco88_7,2003,3244.166
mex,sex_m,ocu_isco88_7,2004,3336.696
mex,sex_m,ocu_isco88_8,2002,1299.831
mex,sex_m,ocu_isco88_8,2003,1346.43
mex,sex_m,ocu_isco88_8,2004,1404.615
mex,sex_m,ocu_isco88_9,2002,3274.816
mex,sex_m,ocu_isco88_9,2003,3460.521
mex,sex_m,ocu_isco88_9,2004,3467.003
mex,sex_m,ocu_isco88_total,2002,17197.495
mex,sex_m,ocu_isco88_total,2003,17462.866
mex,sex_m,ocu_isco88_total,2004,17581.702
mex,sex_m,ocu_isco88_x,2002,4.132
mex,sex_m,ocu_isco88_x,2003,4.637
mex,sex_m,ocu_isco88_x,2004,4.135
mex,sex_m,ocu_skill_l1,2002,3274.816
mex,sex_m,ocu_skill_l1,2003,3460.521
mex,sex_m,ocu_skill_l1,2004,3467.003
mex,sex_m,ocu_skill_l1,2008,6334.664
mex,sex_m,ocu_skill_l1,2009,6592.513
mex,sex_m,ocu_skill_l1,2010,6697.614
mex,sex_m,ocu_skill_l1,2011,6542.974
mex,sex_m,ocu_skill_l1,2012,5957.628
mex,sex_m,ocu_skill_l1,2013,4998.938
mex,sex_m,ocu_skill_l1,2014,5008.764
mex,sex_m,ocu_skill_l1,2015,5161.996
mex,sex_m,ocu_skill_l1,2016,5222.245
mex,sex_m,ocu_skill_l1,2017,5174.58
mex,sex_m,ocu_skill_l1,2018,5191.858
mex,sex_m,ocu_skill_l1,2019,5316.483
mex,sex_m,ocu_skill_l1,2020,5552.017
mex,sex_m,ocu_skill_l1,2021,6742.417
mex,sex_m,ocu_skill_l1,2022,6853.036
mex,sex_m,ocu_skill_l1,2023,5553.646
mex,sex_m,ocu_skill_l1,2024,5439.416
mex,sex_m,ocu_skill_l1,2025,5447.227
mex,sex_m,ocu_skill_l2,2002,12360.317
mex,sex_m,ocu_skill_l2,2003,12427.675
mex,sex_m,ocu_skill_l2,2004,12459.525
mex,sex_m,ocu_skill_l2,2008,9277.882
mex,sex_m,ocu_skill_l2,2009,9463.879
mex,sex_m,ocu_skill_l2,2010,9785.004
mex,sex_m,ocu_skill_l2,2011,9830.738
mex,sex_m,ocu_skill_l2,2012,10515.103
mex,sex_m,ocu_skill_l2,2013,11280.114
mex,sex_m,ocu_skill_l2,2014,11299.696
mex,sex_m,ocu_skill_l2,2015,11420.621
mex,sex_m,ocu_skill_l2,2016,11533.405
mex,sex_m,ocu_skill_l2,2017,11871.95
mex,sex_m,ocu_skill_l2,2018,12179.635
mex,sex_m,ocu_skill_l2,2019,12264.95
mex,sex_m,ocu_skill_l2,2020,10817.19
mex,sex_m,ocu_skill_l2,2021,10848.7
mex,sex_m,ocu_skill_l2,2022,11475.498
mex,sex_m,ocu_skill_l2,2023,12465.802
mex,sex_m,ocu_skill_l2,2024,12407.545
mex,sex_m,ocu_skill_l2,2025,12386.862
mex,sex_m,ocu_skill_l3_4,2002,1522.149
mex,sex_m,ocu_skill_l3_4,2003,1536.143
mex,sex_m,ocu_skill_l3_4,2004,1620.069
mex,sex_m,ocu_skill_l3_4,2008,901.605
mex,sex_m,ocu_skill_l3_4,2009,987.322
mex,sex_m,ocu_skill_l3_4,2010,983.516
mex,sex_m,ocu_skill_l3_4,2011,1037.64
mex,sex_m,ocu_skill_l3_4,2012,1172.009
mex,sex_m,ocu_skill_l3_4,2013,1244.76
mex,sex_m,ocu_skill_l3_4,2014,1171.328
mex,sex_m,ocu_skill_l3_4,2015,1208.962
mex,sex_m,ocu_skill_l3_4,2016,1193.37
mex,sex_m,ocu_skill_l3_4,2017,1226.817
mex,sex_m,ocu_skill_l3_4,2018,1265.393
mex,sex_m,ocu_skill_l3_4,2019,1254.977
mex,sex_m,ocu_skill_l3_4,2020,1041.62
mex,sex_m,ocu_skill_l3_4,2021,1162.306
mex,sex_m,ocu_skill_l3_4,2022,1269.367
mex,sex_m,ocu_skill_l3_4,2023,1578.775
mex,sex_m,ocu_skill_l3_4,2024,1563.566
mex,sex_m,ocu_skill_l3_4,2025,1613.673
mex,sex_m,ocu_skill_total,2002,17197.495
mex,sex_m,ocu_skill_total,2003,17462.866
mex,sex_m,ocu_skill_total,2004,17581.702
mex,sex_m,ocu_skill_total,2008,16514.752
mex,sex_m,ocu_skill_total,2009,17044.781
mex,sex_m,ocu_skill_total,2010,17466.617
mex,sex_m,ocu_skill_total,2011,17413.319
mex,sex_m,ocu_skill_total,2012,17796.825
mex,sex_m,ocu_skill_total,2013,17818.392
mex,sex_m,ocu_skill_total,2014,17754.645
mex,sex_m,ocu_skill_total,2015,18108.141
mex,sex_m,ocu_skill_total,2016,18259.601
mex,sex_m,ocu_skill_total,2017,18587.143
mex,sex_m,ocu_skill_total,2018,18948.012
mex,sex_m,ocu_skill_total,2019,19128.866
mex,sex_m,ocu_skill_total,2020,17594.23
mex,sex_m,ocu_skill_total,2021,18757.563
mex,sex_m,ocu_skill_total,2022,19602.019
mex,sex_m,ocu_skill_total,2023,19691.035
mex,sex_m,ocu_skill_total,2024,19507.209
mex,sex_m,ocu_skill_total,2025,19553.366
mex,sex_m,ocu_skill_x,2002,40.212
mex,sex_m,ocu_skill_x,2003,38.526
mex,sex_m,ocu_skill_x,2004,35.105
mex,sex_m,ocu_skill_x,2008,0.6
mex,sex_m,ocu_skill_x,2009,1.067
mex,sex_m,ocu_skill_x,2011,1.967
mex,sex_m,ocu_skill_x,2012,152.085
mex,sex_m,ocu_skill_x,2013,294.58
mex,sex_m,ocu_skill_x,2014,274.858
mex,sex_m,ocu_skill_x,2015,316.562
mex,sex_m,ocu_skill_x,2016,310.582
mex,sex_m,ocu_skill_x,2017,313.797
mex,sex_m,ocu_skill_x,2018,311.126
mex,sex_m,ocu_skill_x,2019,292.456
mex,sex_m,ocu_skill_x,2020,183.403
mex,sex_m,ocu_skill_x,2021,4.14
mex,sex_m,ocu_skill_x,2022,4.118
mex,sex_m,ocu_skill_x,2023,92.812
mex,sex_m,ocu_skill_x,2024,96.683
mex,sex_m,ocu_skill_x,2025,105.604
mex,sex_t,ocu_isco08_0,2013,0.395
mex,sex_t,ocu_isco08_0,2014,0.474
mex,sex_t,ocu_isco08_0,2015,0.237
mex,sex_t,ocu_isco08_0,2016,0.779
mex,sex_t,ocu_isco08_0,2017,0.478
mex,sex_t,ocu_isco08_0,2018,0.519
mex,sex_t,ocu_isco08_0,2019,0.613
mex,sex_t,ocu_isco08_0,2020,0.712
mex,sex_t,ocu_isco08_0,2021,1.132
mex,sex_t,ocu_isco08_0,2022,0.85
mex,sex_t,ocu_isco08_0,2023,0.877
mex,sex_t,ocu_isco08_0,2024,0.688
mex,sex_t,ocu_isco08_0,2025,5.73
mex,sex_t,ocu_isco08_1,2013,272.742
mex,sex_t,ocu_isco08_1,2014,233.486
mex,sex_t,ocu_isco08_1,2015,235.554
mex,sex_t,ocu_isco08_1,2016,235.666
mex,sex_t,ocu_isco08_1,2017,233.854
mex,sex_t,ocu_isco08_1,2018,252.6
mex,sex_t,ocu_isco08_1,2019,250.207
mex,sex_t,ocu_isco08_1,2020,235.727
mex,sex_t,ocu_isco08_1,2021,261.896
mex,sex_t,ocu_isco08_1,2022,255.296
mex,sex_t,ocu_isco08_1,2023,280.209
mex,sex_t,ocu_isco08_1,2024,284.516
mex,sex_t,ocu_isco08_1,2025,327.449
mex,sex_t,ocu_isco08_2,2013,991.978
mex,sex_t,ocu_isco08_2,2014,933.941
mex,sex_t,ocu_isco08_2,2015,963.872
mex,sex_t,ocu_isco08_2,2016,999.257
mex,sex_t,ocu_isco08_2,2017,1033.896
mex,sex_t,ocu_isco08_2,2018,1108.157
mex,sex_t,ocu_isco08_2,2019,1089.688
mex,sex_t,ocu_isco08_2,2020,929.376
mex,sex_t,ocu_isco08_2,2021,1057.129
mex,sex_t,ocu_isco08_2,2022,1075.993
mex,sex_t,ocu_isco08_2,2023,1297.635
mex,sex_t,ocu_isco08_2,2024,1302.314
mex,sex_t,ocu_isco08_2,2025,1298.895
mex,sex_t,ocu_isco08_3,2013,1371.425
mex,sex_t,ocu_isco08_3,2014,1338.044
mex,sex_t,ocu_isco08_3,2015,1353.673
mex,sex_t,ocu_isco08_3,2016,1334.318
mex,sex_t,ocu_isco08_3,2017,1333.724
mex,sex_t,ocu_isco08_3,2018,1345.372
mex,sex_t,ocu_isco08_3,2019,1402.559
mex,sex_t,ocu_isco08_3,2020,1194.334
mex,sex_t,ocu_isco08_3,2021,1297.394
mex,sex_t,ocu_isco08_3,2022,1398.561
mex,sex_t,ocu_isco08_3,2023,1706.639
mex,sex_t,ocu_isco08_3,2024,1727.533
mex,sex_t,ocu_isco08_3,2025,1728.95
mex,sex_t,ocu_isco08_4,2013,596.756
mex,sex_t,ocu_isco08_4,2014,574.677
mex,sex_t,ocu_isco08_4,2015,606.521
mex,sex_t,ocu_isco08_4,2016,579.868
mex,sex_t,ocu_isco08_4,2017,602.572
mex,sex_t,ocu_isco08_4,2018,648.986
mex,sex_t,ocu_isco08_4,2019,646.013
mex,sex_t,ocu_isco08_4,2020,569.343
mex,sex_t,ocu_isco08_4,2021,614.341
mex,sex_t,ocu_isco08_4,2022,623.336
mex,sex_t,ocu_isco08_4,2023,660.58
mex,sex_t,ocu_isco08_4,2024,676.867
mex,sex_t,ocu_isco08_4,2025,722.124
mex,sex_t,ocu_isco08_5,2013,7047.543
mex,sex_t,ocu_isco08_5,2014,6907.599
mex,sex_t,ocu_isco08_5,2015,6973.931
mex,sex_t,ocu_isco08_5,2016,7036.897
mex,sex_t,ocu_isco08_5,2017,7000.92
mex,sex_t,ocu_isco08_5,2018,7235.761
mex,sex_t,ocu_isco08_5,2019,7815.762
mex,sex_t,ocu_isco08_5,2020,6726.413
mex,sex_t,ocu_isco08_5,2021,7504.003
mex,sex_t,ocu_isco08_5,2022,8225.624
mex,sex_t,ocu_isco08_5,2023,7515.077
mex,sex_t,ocu_isco08_5,2024,7631.518
mex,sex_t,ocu_isco08_5,2025,7652.547
mex,sex_t,ocu_isco08_6,2013,3593.203
mex,sex_t,ocu_isco08_6,2014,3669.26
mex,sex_t,ocu_isco08_6,2015,3597.464
mex,sex_t,ocu_isco08_6,2016,3537.38
mex,sex_t,ocu_isco08_6,2017,3632.767
mex,sex_t,ocu_isco08_6,2018,3696.985
mex,sex_t,ocu_isco08_6,2019,3749.311
mex,sex_t,ocu_isco08_6,2020,3547.599
mex,sex_t,ocu_isco08_6,2021,3634.521
mex,sex_t,ocu_isco08_6,2022,3724.06
mex,sex_t,ocu_isco08_6,2023,3800.798
mex,sex_t,ocu_isco08_6,2024,3714.032
mex,sex_t,ocu_isco08_6,2025,3539.892
mex,sex_t,ocu_isco08_7,2013,4398.819
mex,sex_t,ocu_isco08_7,2014,4345.038
mex,sex_t,ocu_isco08_7,2015,4543.687
mex,sex_t,ocu_isco08_7,2016,4733.713
mex,sex_t,ocu_isco08_7,2017,4963.568
mex,sex_t,ocu_isco08_7,2018,5196.442
mex,sex_t,ocu_isco08_7,2019,5111.541
mex,sex_t,ocu_isco08_7,2020,4799.05
mex,sex_t,ocu_isco08_7,2021,5109.671
mex,sex_t,ocu_isco08_7,2022,5462.344
mex,sex_t,ocu_isco08_7,2023,5742.438
mex,sex_t,ocu_isco08_7,2024,5709.451
mex,sex_t,ocu_isco08_7,2025,5661.844
mex,sex_t,ocu_isco08_8,2013,1821.42
mex,sex_t,ocu_isco08_8,2014,1809.655
mex,sex_t,ocu_isco08_8,2015,1850.538
mex,sex_t,ocu_isco08_8,2016,1910.474
mex,sex_t,ocu_isco08_8,2017,1949.858
mex,sex_t,ocu_isco08_8,2018,2010.756
mex,sex_t,ocu_isco08_8,2019,1992.175
mex,sex_t,ocu_isco08_8,2020,1867.186
mex,sex_t,ocu_isco08_8,2021,1898.942
mex,sex_t,ocu_isco08_8,2022,2092.875
mex,sex_t,ocu_isco08_8,2023,2114.333
mex,sex_t,ocu_isco08_8,2024,2171.176
mex,sex_t,ocu_isco08_8,2025,2313.546
mex,sex_t,ocu_isco08_9,2013,8174.203
mex,sex_t,ocu_isco08_9,2014,8132.474
mex,sex_t,ocu_isco08_9,2015,8476.699
mex,sex_t,ocu_isco08_9,2016,8538.844
mex,sex_t,ocu_isco08_9,2017,8537.282
mex,sex_t,ocu_isco08_9,2018,8538.934
mex,sex_t,ocu_isco08_9,2019,8820.969
mex,sex_t,ocu_isco08_9,2020,7876.077
mex,sex_t,ocu_isco08_9,2021,8425.762
mex,sex_t,ocu_isco08_9,2022,8870.392
mex,sex_t,ocu_isco08_9,2023,9915.619
mex,sex_t,ocu_isco08_9,2024,9679.674
mex,sex_t,ocu_isco08_9,2025,9545.153
mex,sex_t,ocu_isco08_total,2013,28898.242
mex,sex_t,ocu_isco08_total,2014,28538.228
mex,sex_t,ocu_isco08_total,2015,29258.486
mex,sex_t,ocu_isco08_total,2016,29546.893
mex,sex_t,ocu_isco08_total,2017,29904.353
mex,sex_t,ocu_isco08_total,2018,30630.837
mex,sex_t,ocu_isco08_total,2019,31464.016
mex,sex_t,ocu_isco08_total,2020,28309.943
mex,sex_t,ocu_isco08_total,2021,30422.329
mex,sex_t,ocu_isco08_total,2022,32452.328
mex,sex_t,ocu_isco08_total,2023,33162.341
mex,sex_t,ocu_isco08_total,2024,33031.684
mex,sex_t,ocu_isco08_total,2025,32935.425
mex,sex_t,ocu_isco08_x,2013,629.759
mex,sex_t,ocu_isco08_x,2014,593.582
mex,sex_t,ocu_isco08_x,2015,656.309
mex,sex_t,ocu_isco08_x,2016,639.696
mex,sex_t,ocu_isco08_x,2017,615.435
mex,sex_t,ocu_isco08_x,2018,596.326
mex,sex_t,ocu_isco08_x,2019,585.178
mex,sex_t,ocu_isco08_x,2020,564.126
mex,sex_t,ocu_isco08_x,2021,617.537
mex,sex_t,ocu_isco08_x,2022,722.998
mex,sex_t,ocu_isco08_x,2023,128.137
mex,sex_t,ocu_isco08_x,2024,133.914
mex,sex_t,ocu_isco08_x,2025,139.296
mex,sex_t,ocu_isco88_0,2002,36.34
mex,sex_t,ocu_isco88_0,2003,34.014
mex,sex_t,ocu_isco88_0,2004,31.35
mex,sex_t,ocu_isco88_1,2002,253.242
mex,sex_t,ocu_isco88_1,2003,247.092
mex,sex_t,ocu_isco88_1,2004,248.704
mex,sex_t,ocu_isco88_2,2002,908.665
mex,sex_t,ocu_isco88_2,2003,960.679
mex,sex_t,ocu_isco88_2,2004,1045.874
mex,sex_t,ocu_isco88_3,2002,1217.595
mex,sex_t,ocu_isco88_3,2003,1231.678
mex,sex_t,ocu_isco88_3,2004,1349.857
mex,sex_t,ocu_isco88_4,2002,456.117
mex,sex_t,ocu_isco88_4,2003,490.529
mex,sex_t,ocu_isco88_4,2004,513.699
mex,sex_t,ocu_isco88_5,2002,4788.004
mex,sex_t,ocu_isco88_5,2003,5006.418
mex,sex_t,ocu_isco88_5,2004,5237.693
mex,sex_t,ocu_isco88_6,2002,6394.193
mex,sex_t,ocu_isco88_6,2003,6215.942
mex,sex_t,ocu_isco88_6,2004,5982.201
mex,sex_t,ocu_isco88_7,2002,4269.965
mex,sex_t,ocu_isco88_7,2003,4393.172
mex,sex_t,ocu_isco88_7,2004,4489.481
mex,sex_t,ocu_isco88_8,2002,1431.473
mex,sex_t,ocu_isco88_8,2003,1476.48
mex,sex_t,ocu_isco88_8,2004,1555.082
mex,sex_t,ocu_isco88_9,2002,5965.858
mex,sex_t,ocu_isco88_9,2003,6291.612
mex,sex_t,ocu_isco88_9,2004,6419.75
mex,sex_t,ocu_isco88_total,2002,25726.642
mex,sex_t,ocu_isco88_total,2003,26354.274
mex,sex_t,ocu_isco88_total,2004,26879.044
mex,sex_t,ocu_isco88_x,2002,5.191
mex,sex_t,ocu_isco88_x,2003,6.657
mex,sex_t,ocu_isco88_x,2004,5.352
mex,sex_t,ocu_skill_l1,2002,5965.858
mex,sex_t,ocu_skill_l1,2003,6291.612
mex,sex_t,ocu_skill_l1,2004,6419.75
mex,sex_t,ocu_skill_l1,2008,7023.945
mex,sex_t,ocu_skill_l1,2009,7214.479
mex,sex_t,ocu_skill_l1,2010,7330.808
mex,sex_t,ocu_skill_l1,2011,7169.919
mex,sex_t,ocu_skill_l1,2012,7937.282
mex,sex_t,ocu_skill_l1,2013,8174.203
mex,sex_t,ocu_skill_l1,2014,8132.474
mex,sex_t,ocu_skill_l1,2015,8476.699
mex,sex_t,ocu_skill_l1,2016,8538.844
mex,sex_t,ocu_skill_l1,2017,8537.282
mex,sex_t,ocu_skill_l1,2018,8538.934
mex,sex_t,ocu_skill_l1,2019,8820.969
mex,sex_t,ocu_skill_l1,2020,7518.169
mex,sex_t,ocu_skill_l1,2021,7540.81
mex,sex_t,ocu_skill_l1,2022,7733.021
mex,sex_t,ocu_skill_l1,2023,9915.619
mex,sex_t,ocu_skill_l1,2024,9679.674
mex,sex_t,ocu_skill_l1,2025,9545.153
mex,sex_t,ocu_skill_l2,2002,17339.751
mex,sex_t,ocu_skill_l2,2003,17582.542
mex,sex_t,ocu_skill_l2,2004,17778.156
mex,sex_t,ocu_skill_l2,2008,17860.859
mex,sex_t,ocu_skill_l2,2009,18463.875
mex,sex_t,ocu_skill_l2,2010,18895.952
mex,sex_t,ocu_skill_l2,2011,19043.002
mex,sex_t,ocu_skill_l2,2012,18372.087
mex,sex_t,ocu_skill_l2,2013,17457.74
mex,sex_t,ocu_skill_l2,2014,17306.228
mex,sex_t,ocu_skill_l2,2015,17572.141
mex,sex_t,ocu_skill_l2,2016,17798.332
mex,sex_t,ocu_skill_l2,2017,18149.684
mex,sex_t,ocu_skill_l2,2018,18788.929
mex,sex_t,ocu_skill_l2,2019,19314.802
mex,sex_t,ocu_skill_l2,2020,18399.727
mex,sex_t,ocu_skill_l2,2021,20795.26
mex,sex_t,ocu_skill_l2,2022,22456.95
mex,sex_t,ocu_skill_l2,2023,19833.225
mex,sex_t,ocu_skill_l2,2024,19903.044
mex,sex_t,ocu_skill_l2,2025,19889.952
mex,sex_t,ocu_skill_l3_4,2002,2379.502
mex,sex_t,ocu_skill_l3_4,2003,2439.448
mex,sex_t,ocu_skill_l3_4,2004,2644.436
mex,sex_t,ocu_skill_l3_4,2008,1537.068
mex,sex_t,ocu_skill_l3_4,2009,1638.646
mex,sex_t,ocu_skill_l3_4,2010,1686.925
mex,sex_t,ocu_skill_l3_4,2011,1741.157
mex,sex_t,ocu_skill_l3_4,2012,2248.907
mex,sex_t,ocu_skill_l3_4,2013,2636.144
mex,sex_t,ocu_skill_l3_4,2014,2505.47
mex,sex_t,ocu_skill_l3_4,2015,2553.099
mex,sex_t,ocu_skill_l3_4,2016,2569.241
mex,sex_t,ocu_skill_l3_4,2017,2601.474
mex,sex_t,ocu_skill_l3_4,2018,2706.129
mex,sex_t,ocu_skill_l3_4,2019,2742.454
mex,sex_t,ocu_skill_l3_4,2020,2080.601
mex,sex_t,ocu_skill_l3_4,2021,2080.051
mex,sex_t,ocu_skill_l3_4,2022,2256.875
mex,sex_t,ocu_skill_l3_4,2023,3284.482
mex,sex_t,ocu_skill_l3_4,2024,3314.363
mex,sex_t,ocu_skill_l3_4,2025,3355.294
mex,sex_t,ocu_skill_total,2002,25726.642
mex,sex_t,ocu_skill_total,2003,26354.274
mex,sex_t,ocu_skill_total,2004,26879.044
mex,sex_t,ocu_skill_total,2008,26422.503
mex,sex_t,ocu_skill_total,2009,27319.253
mex,sex_t,ocu_skill_total,2010,27914.168
mex,sex_t,ocu_skill_total,2011,27957.455
mex,sex_t,ocu_skill_total,2012,28894.325
mex,sex_t,ocu_skill_total,2013,28898.242
mex,sex_t,ocu_skill_total,2014,28538.228
mex,sex_t,ocu_skill_total,2015,29258.486
mex,sex_t,ocu_skill_total,2016,29546.893
mex,sex_t,ocu_skill_total,2017,29904.353
mex,sex_t,ocu_skill_total,2018,30630.837
mex,sex_t,ocu_skill_total,2019,31464.016
mex,sex_t,ocu_skill_total,2020,28309.943
mex,sex_t,ocu_skill_total,2021,30422.329
mex,sex_t,ocu_skill_total,2022,32452.328
mex,sex_t,ocu_skill_total,2023,33162.341
mex,sex_t,ocu_skill_total,2024,33031.684
mex,sex_t,ocu_skill_total,2025,32935.425
mex,sex_t,ocu_skill_x,2002,41.531
mex,sex_t,ocu_skill_x,2003,40.671
mex,sex_t,ocu_skill_x,2004,36.702
mex,sex_t,ocu_skill_x,2008,0.63
mex,sex_t,ocu_skill_x,2009,2.253
mex,sex_t,ocu_skill_x,2011,3.378
mex,sex_t,ocu_skill_x,2012,336.05
mex,sex_t,ocu_skill_x,2013,630.154
mex,sex_t,ocu_skill_x,2014,594.056
mex,sex_t,ocu_skill_x,2015,656.546
mex,sex_t,ocu_skill_x,2016,640.475
mex,sex_t,ocu_skill_x,2017,615.913
mex,sex_t,ocu_skill_x,2018,596.844
mex,sex_t,ocu_skill_x,2019,585.791
mex,sex_t,ocu_skill_x,2020,311.447
mex,sex_t,ocu_skill_x,2021,6.209
mex,sex_t,ocu_skill_x,2022,5.481
mex,sex_t,ocu_skill_x,2023,129.014
mex,sex_t,ocu_skill_x,2024,134.602
mex,sex_t,ocu_skill_x,2025,145.025
mhl,sex_f,ocu_isco08_1,2021,0.059
mhl,sex_f,ocu_isco08_2,2019,0.126
mhl,sex_f,ocu_isco08_2,2021,0.043
mhl,sex_f,ocu_isco08_3,2021,0.03
mhl,sex_f,ocu_isco08_4,2021,0.025
mhl,sex_f,ocu_isco08_5,2019,0.269
mhl,sex_f,ocu_isco08_5,2021,0.549
mhl,sex_f,ocu_isco08_6,2021,0.129
mhl,sex_f,ocu_isco08_7,2019,0.836
mhl,sex_f,ocu_isco08_7,2021,0.592
mhl,sex_f,ocu_isco08_8,2019,0
mhl,sex_f,ocu_isco08_8,2021,0.022
mhl,sex_f,ocu_isco08_9,2019,0.113
mhl,sex_f,ocu_isco08_9,2021,0.297
mhl,sex_f,ocu_isco08_total,2019,1.41
mhl,sex_f,ocu_isco08_total,2021,1.801
mhl,sex_f,ocu_isco08_x,2021,0.055
mhl,sex_f,ocu_skill_l1,2019,0.113
mhl,sex_f,ocu_skill_l1,2021,0.297
mhl,sex_f,ocu_skill_l2,2019,1.145
mhl,sex_f,ocu_skill_l2,2021,1.317
mhl,sex_f,ocu_skill_l3_4,2019,0.152
mhl,sex_f,ocu_skill_l3_4,2021,0.132
mhl,sex_f,ocu_skill_total,2019,1.41
mhl,sex_f,ocu_skill_total,2021,1.801
mhl,sex_f,ocu_skill_x,2021,0.055
mhl,sex_m,ocu_isco08_1,2019,0.121
mhl,sex_m,ocu_isco08_1,2021,0.106
mhl,sex_m,ocu_isco08_2,2019,0.09
mhl,sex_m,ocu_isco08_2,2021,0.073
mhl,sex_m,ocu_isco08_3,2021,0.089
mhl,sex_m,ocu_isco08_4,2019,0.122
mhl,sex_m,ocu_isco08_4,2021,0.039
mhl,sex_m,ocu_isco08_5,2019,0.141
mhl,sex_m,ocu_isco08_5,2021,0.196
mhl,sex_m,ocu_isco08_6,2019,0.575
mhl,sex_m,ocu_isco08_6,2021,1.197
mhl,sex_m,ocu_isco08_7,2019,0.228
mhl,sex_m,ocu_isco08_7,2021,0.162
mhl,sex_m,ocu_isco08_8,2019,0.255
mhl,sex_m,ocu_isco08_8,2021,0.194
mhl,sex_m,ocu_isco08_9,2019,0.909
mhl,sex_m,ocu_isco08_9,2021,0.228
mhl,sex_m,ocu_isco08_total,2019,2.475
mhl,sex_m,ocu_isco08_total,2021,2.329
mhl,sex_m,ocu_isco08_x,2021,0.044
mhl,sex_m,ocu_skill_l1,2019,0.909
mhl,sex_m,ocu_skill_l1,2021,0.228
mhl,sex_m,ocu_skill_l2,2019,1.322
mhl,sex_m,ocu_skill_l2,2021,1.788
mhl,sex_m,ocu_skill_l3_4,2019,0.233
mhl,sex_m,ocu_skill_l3_4,2021,0.268
mhl,sex_m,ocu_skill_total,2019,2.475
mhl,sex_m,ocu_skill_total,2021,2.329
mhl,sex_m,ocu_skill_x,2021,0.045
mhl,sex_t,ocu_isco08_1,2019,0.138
mhl,sex_t,ocu_isco08_1,2021,0.165
mhl,sex_t,ocu_isco08_2,2019,0.217
mhl,sex_t,ocu_isco08_2,2021,0.116
mhl,sex_t,ocu_isco08_3,2019,0.031
mhl,sex_t,ocu_isco08_3,2021,0.119
mhl,sex_t,ocu_isco08_4,2019,0.151
mhl,sex_t,ocu_isco08_4,2021,0.064
mhl,sex_t,ocu_isco08_5,2019,0.41
mhl,sex_t,ocu_isco08_5,2021,0.745
mhl,sex_t,ocu_isco08_6,2019,0.585
mhl,sex_t,ocu_isco08_6,2021,1.326
mhl,sex_t,ocu_isco08_7,2019,1.064
mhl,sex_t,ocu_isco08_7,2021,0.754
mhl,sex_t,ocu_isco08_8,2019,0.255
mhl,sex_t,ocu_isco08_8,2021,0.216
mhl,sex_t,ocu_isco08_9,2019,1.022
mhl,sex_t,ocu_isco08_9,2021,0.525
mhl,sex_t,ocu_isco08_total,2019,3.885
mhl,sex_t,ocu_isco08_total,2021,4.13
mhl,sex_t,ocu_isco08_x,2021,0.099
mhl,sex_t,ocu_skill_l1,2019,1.022
mhl,sex_t,ocu_skill_l1,2021,0.525
mhl,sex_t,ocu_skill_l2,2019,2.466
mhl,sex_t,ocu_skill_l2,2021,3.105
mhl,sex_t,ocu_skill_l3_4,2019,0.385
mhl,sex_t,ocu_skill_l3_4,2021,0.4
mhl,sex_t,ocu_skill_total,2019,3.885
mhl,sex_t,ocu_skill_total,2021,4.13
mhl,sex_t,ocu_skill_x,2021,0.1
mkd,sex_f,ocu_isco08_1,2009,0.376
mkd,sex_f,ocu_isco08_1,2010,0.261
mkd,sex_f,ocu_isco08_1,2011,0.231
mkd,sex_f,ocu_isco08_1,2014,3.518
mkd,sex_f,ocu_isco08_2,2009,1.415
mkd,sex_f,ocu_isco08_2,2010,1.172
mkd,sex_f,ocu_isco08_2,2011,1.561
mkd,sex_f,ocu_isco08_2,2012,1.815
mkd,sex_f,ocu_isco08_2,2013,1.175
mkd,sex_f,ocu_isco08_2,2014,1.553
mkd,sex_f,ocu_isco08_2,2015,0.361
mkd,sex_f,ocu_isco08_2,2016,0.702
mkd,sex_f,ocu_isco08_2,2017,1.077
mkd,sex_f,ocu_isco08_2,2018,1.285
mkd,sex_f,ocu_isco08_2,2019,0.828
mkd,sex_f,ocu_isco08_2,2020,1.219
mkd,sex_f,ocu_isco08_2,2021,0.876
mkd,sex_f,ocu_isco08_2,2022,0.682
mkd,sex_f,ocu_isco08_2,2023,1.071
mkd,sex_f,ocu_isco08_2,2024,1.098
mkd,sex_f,ocu_isco08_3,2009,0.894
mkd,sex_f,ocu_isco08_3,2010,0.916
mkd,sex_f,ocu_isco08_3,2011,0.802
mkd,sex_f,ocu_isco08_3,2012,1.095
mkd,sex_f,ocu_isco08_3,2013,0.841
mkd,sex_f,ocu_isco08_3,2014,0.696
mkd,sex_f,ocu_isco08_3,2015,0.632
mkd,sex_f,ocu_isco08_3,2016,0.574
mkd,sex_f,ocu_isco08_3,2017,0.507
mkd,sex_f,ocu_isco08_3,2018,0.529
mkd,sex_f,ocu_isco08_3,2019,0.515
mkd,sex_f,ocu_isco08_3,2020,0.354
mkd,sex_f,ocu_isco08_3,2021,0.623
mkd,sex_f,ocu_isco08_3,2022,0.742
mkd,sex_f,ocu_isco08_3,2023,0.389
mkd,sex_f,ocu_isco08_3,2024,0.537
mkd,sex_f,ocu_isco08_4,2009,0.901
mkd,sex_f,ocu_isco08_4,2010,0.863
mkd,sex_f,ocu_isco08_4,2011,0.694
mkd,sex_f,ocu_isco08_4,2012,0.403
mkd,sex_f,ocu_isco08_4,2013,1.103
mkd,sex_f,ocu_isco08_4,2014,0.631
mkd,sex_f,ocu_isco08_4,2015,0.794
mkd,sex_f,ocu_isco08_4,2016,0.586
mkd,sex_f,ocu_isco08_4,2017,0.484
mkd,sex_f,ocu_isco08_4,2018,0.259
mkd,sex_f,ocu_isco08_4,2019,0.438
mkd,sex_f,ocu_isco08_4,2021,0.404
mkd,sex_f,ocu_isco08_4,2022,0.447
mkd,sex_f,ocu_isco08_5,2009,5.165
mkd,sex_f,ocu_isco08_5,2010,4.125
mkd,sex_f,ocu_isco08_5,2011,3.225
mkd,sex_f,ocu_isco08_5,2012,3.978
mkd,sex_f,ocu_isco08_5,2013,3.476
mkd,sex_f,ocu_isco08_5,2014,5.699
mkd,sex_f,ocu_isco08_5,2015,2.751
mkd,sex_f,ocu_isco08_5,2016,2.235
mkd,sex_f,ocu_isco08_5,2017,1.637
mkd,sex_f,ocu_isco08_5,2018,1.616
mkd,sex_f,ocu_isco08_5,2019,2.277
mkd,sex_f,ocu_isco08_5,2020,1.982
mkd,sex_f,ocu_isco08_5,2021,1.395
mkd,sex_f,ocu_isco08_5,2022,1.895
mkd,sex_f,ocu_isco08_5,2023,2.38
mkd,sex_f,ocu_isco08_5,2024,3.058
mkd,sex_f,ocu_isco08_6,2009,0.25
mkd,sex_f,ocu_isco08_6,2010,0.324
mkd,sex_f,ocu_isco08_6,2011,0.919
mkd,sex_f,ocu_isco08_6,2012,0.933
mkd,sex_f,ocu_isco08_6,2013,1.015
mkd,sex_f,ocu_isco08_6,2014,3.707
mkd,sex_f,ocu_isco08_6,2015,2.417
mkd,sex_f,ocu_isco08_6,2016,6.127
mkd,sex_f,ocu_isco08_6,2017,5.922
mkd,sex_f,ocu_isco08_6,2018,9.549
mkd,sex_f,ocu_isco08_6,2019,8.71
mkd,sex_f,ocu_isco08_6,2020,6.933
mkd,sex_f,ocu_isco08_6,2021,9.051
mkd,sex_f,ocu_isco08_6,2022,10.603
mkd,sex_f,ocu_isco08_6,2023,5.221
mkd,sex_f,ocu_isco08_6,2024,3.029
mkd,sex_f,ocu_isco08_7,2009,0.48
mkd,sex_f,ocu_isco08_7,2010,0.951
mkd,sex_f,ocu_isco08_7,2011,2.074
mkd,sex_f,ocu_isco08_7,2012,1.658
mkd,sex_f,ocu_isco08_7,2013,1.898
mkd,sex_f,ocu_isco08_7,2014,2.377
mkd,sex_f,ocu_isco08_7,2015,0.592
mkd,sex_f,ocu_isco08_7,2016,0.591
mkd,sex_f,ocu_isco08_7,2017,1.34
mkd,sex_f,ocu_isco08_7,2018,1.16
mkd,sex_f,ocu_isco08_7,2019,1.139
mkd,sex_f,ocu_isco08_7,2020,0.81
mkd,sex_f,ocu_isco08_7,2021,1.378
mkd,sex_f,ocu_isco08_7,2022,0.772
mkd,sex_f,ocu_isco08_7,2023,0.343
mkd,sex_f,ocu_isco08_7,2024,0.676
mkd,sex_f,ocu_isco08_8,2009,2.504
mkd,sex_f,ocu_isco08_8,2010,2.167
mkd,sex_f,ocu_isco08_8,2011,1.094
mkd,sex_f,ocu_isco08_8,2012,0.804
mkd,sex_f,ocu_isco08_8,2013,0.827
mkd,sex_f,ocu_isco08_8,2014,0.509
mkd,sex_f,ocu_isco08_8,2015,0.839
mkd,sex_f,ocu_isco08_8,2016,0.199
mkd,sex_f,ocu_isco08_8,2017,0.328
mkd,sex_f,ocu_isco08_8,2018,0.37
mkd,sex_f,ocu_isco08_8,2019,0.867
mkd,sex_f,ocu_isco08_8,2021,0.327
mkd,sex_f,ocu_isco08_8,2022,0.432
mkd,sex_f,ocu_isco08_8,2023,0.142
mkd,sex_f,ocu_isco08_8,2024,0.28
mkd,sex_f,ocu_isco08_9,2009,41.966
mkd,sex_f,ocu_isco08_9,2010,41.206
mkd,sex_f,ocu_isco08_9,2011,44.106
mkd,sex_f,ocu_isco08_9,2012,42.404
mkd,sex_f,ocu_isco08_9,2013,48.977
mkd,sex_f,ocu_isco08_9,2014,43.256
mkd,sex_f,ocu_isco08_9,2015,40.814
mkd,sex_f,ocu_isco08_9,2016,30.095
mkd,sex_f,ocu_isco08_9,2017,32.191
mkd,sex_f,ocu_isco08_9,2018,28.076
mkd,sex_f,ocu_isco08_9,2019,22.42
mkd,sex_f,ocu_isco08_9,2020,18.471
mkd,sex_f,ocu_isco08_9,2021,14.934
mkd,sex_f,ocu_isco08_9,2022,8.828
mkd,sex_f,ocu_isco08_9,2023,9.598
mkd,sex_f,ocu_isco08_9,2024,14.03
mkd,sex_f,ocu_isco08_total,2009,54.114
mkd,sex_f,ocu_isco08_total,2010,51.985
mkd,sex_f,ocu_isco08_total,2011,54.819
mkd,sex_f,ocu_isco08_total,2012,53.132
mkd,sex_f,ocu_isco08_total,2013,59.398
mkd,sex_f,ocu_isco08_total,2014,61.978
mkd,sex_f,ocu_isco08_total,2015,49.251
mkd,sex_f,ocu_isco08_total,2016,41.23
mkd,sex_f,ocu_isco08_total,2017,43.486
mkd,sex_f,ocu_isco08_total,2018,42.875
mkd,sex_f,ocu_isco08_total,2019,37.194
mkd,sex_f,ocu_isco08_total,2020,30.242
mkd,sex_f,ocu_isco08_total,2021,29.094
mkd,sex_f,ocu_isco08_total,2022,24.467
mkd,sex_f,ocu_isco08_total,2023,19.309
mkd,sex_f,ocu_isco08_total,2024,23.987
mkd,sex_f,ocu_isco08_x,2009,0.163
mkd,sex_f,ocu_isco08_x,2024,0.937
mkd,sex_f,ocu_skill_l1,2009,41.966
mkd,sex_f,ocu_skill_l1,2010,41.206
mkd,sex_f,ocu_skill_l1,2011,44.106
mkd,sex_f,ocu_skill_l1,2012,42.404
mkd,sex_f,ocu_skill_l1,2013,48.977
mkd,sex_f,ocu_skill_l1,2014,43.256
mkd,sex_f,ocu_skill_l1,2015,40.814
mkd,sex_f,ocu_skill_l1,2016,30.095
mkd,sex_f,ocu_skill_l1,2017,32.191
mkd,sex_f,ocu_skill_l1,2018,28.076
mkd,sex_f,ocu_skill_l1,2019,22.42
mkd,sex_f,ocu_skill_l1,2020,18.471
mkd,sex_f,ocu_skill_l1,2021,14.934
mkd,sex_f,ocu_skill_l1,2022,8.828
mkd,sex_f,ocu_skill_l1,2023,9.598
mkd,sex_f,ocu_skill_l1,2024,14.03
mkd,sex_f,ocu_skill_l2,2009,9.3
mkd,sex_f,ocu_skill_l2,2010,8.43
mkd,sex_f,ocu_skill_l2,2011,8.007
mkd,sex_f,ocu_skill_l2,2012,7.776
mkd,sex_f,ocu_skill_l2,2013,8.319
mkd,sex_f,ocu_skill_l2,2014,12.924
mkd,sex_f,ocu_skill_l2,2015,7.392
mkd,sex_f,ocu_skill_l2,2016,9.738
mkd,sex_f,ocu_skill_l2,2017,9.71
mkd,sex_f,ocu_skill_l2,2018,12.954
mkd,sex_f,ocu_skill_l2,2019,13.432
mkd,sex_f,ocu_skill_l2,2020,10.013
mkd,sex_f,ocu_skill_l2,2021,12.555
mkd,sex_f,ocu_skill_l2,2022,14.149
mkd,sex_f,ocu_skill_l2,2023,8.25
mkd,sex_f,ocu_skill_l2,2024,7.225
mkd,sex_f,ocu_skill_l3_4,2009,2.685
mkd,sex_f,ocu_skill_l3_4,2010,2.349
mkd,sex_f,ocu_skill_l3_4,2011,2.594
mkd,sex_f,ocu_skill_l3_4,2012,2.952
mkd,sex_f,ocu_skill_l3_4,2013,2.015
mkd,sex_f,ocu_skill_l3_4,2014,5.767
mkd,sex_f,ocu_skill_l3_4,2015,0.993
mkd,sex_f,ocu_skill_l3_4,2016,1.397
mkd,sex_f,ocu_skill_l3_4,2017,1.584
mkd,sex_f,ocu_skill_l3_4,2018,1.814
mkd,sex_f,ocu_skill_l3_4,2019,1.343
mkd,sex_f,ocu_skill_l3_4,2020,1.758
mkd,sex_f,ocu_skill_l3_4,2021,1.583
mkd,sex_f,ocu_skill_l3_4,2022,1.468
mkd,sex_f,ocu_skill_l3_4,2023,1.46
mkd,sex_f,ocu_skill_l3_4,2024,1.796
mkd,sex_f,ocu_skill_total,2009,54.114
mkd,sex_f,ocu_skill_total,2010,51.985
mkd,sex_f,ocu_skill_total,2011,54.819
mkd,sex_f,ocu_skill_total,2012,53.132
mkd,sex_f,ocu_skill_total,2013,59.398
mkd,sex_f,ocu_skill_total,2014,61.978
mkd,sex_f,ocu_skill_total,2015,49.251
mkd,sex_f,ocu_skill_total,2016,41.23
mkd,sex_f,ocu_skill_total,2017,43.486
mkd,sex_f,ocu_skill_total,2018,42.875
mkd,sex_f,ocu_skill_total,2019,37.194
mkd,sex_f,ocu_skill_total,2020,30.242
mkd,sex_f,ocu_skill_total,2021,29.094
mkd,sex_f,ocu_skill_total,2022,24.467
mkd,sex_f,ocu_skill_total,2023,19.309
mkd,sex_f,ocu_skill_total,2024,23.987
mkd,sex_f,ocu_skill_x,2009,0.163
mkd,sex_f,ocu_skill_x,2024,0.937
mkd,sex_m,ocu_isco08_1,2009,1.106
mkd,sex_m,ocu_isco08_1,2010,0.486
mkd,sex_m,ocu_isco08_1,2011,0.701
mkd,sex_m,ocu_isco08_1,2012,0.567
mkd,sex_m,ocu_isco08_1,2014,11.154
mkd,sex_m,ocu_isco08_1,2018,0.317
mkd,sex_m,ocu_isco08_2,2009,0.873
mkd,sex_m,ocu_isco08_2,2010,1.525
mkd,sex_m,ocu_isco08_2,2011,2.008
mkd,sex_m,ocu_isco08_2,2012,2.05
mkd,sex_m,ocu_isco08_2,2013,2.378
mkd,sex_m,ocu_isco08_2,2014,3.07
mkd,sex_m,ocu_isco08_2,2015,1.118
mkd,sex_m,ocu_isco08_2,2016,1.419
mkd,sex_m,ocu_isco08_2,2017,1.051
mkd,sex_m,ocu_isco08_2,2018,2.05
mkd,sex_m,ocu_isco08_2,2019,2.25
mkd,sex_m,ocu_isco08_2,2020,0.953
mkd,sex_m,ocu_isco08_2,2021,0.257
mkd,sex_m,ocu_isco08_2,2022,1.244
mkd,sex_m,ocu_isco08_2,2023,0.779
mkd,sex_m,ocu_isco08_2,2024,2.501
mkd,sex_m,ocu_isco08_3,2009,1.654
mkd,sex_m,ocu_isco08_3,2010,1.549
mkd,sex_m,ocu_isco08_3,2011,1.74
mkd,sex_m,ocu_isco08_3,2012,1.356
mkd,sex_m,ocu_isco08_3,2013,1.52
mkd,sex_m,ocu_isco08_3,2014,3.156
mkd,sex_m,ocu_isco08_3,2015,1.608
mkd,sex_m,ocu_isco08_3,2016,0.884
mkd,sex_m,ocu_isco08_3,2017,1.397
mkd,sex_m,ocu_isco08_3,2018,1.108
mkd,sex_m,ocu_isco08_3,2019,0.765
mkd,sex_m,ocu_isco08_3,2020,0.46
mkd,sex_m,ocu_isco08_3,2021,1.193
mkd,sex_m,ocu_isco08_3,2022,0.972
mkd,sex_m,ocu_isco08_3,2023,1.087
mkd,sex_m,ocu_isco08_3,2024,1.977
mkd,sex_m,ocu_isco08_4,2009,0.618
mkd,sex_m,ocu_isco08_4,2010,0.719
mkd,sex_m,ocu_isco08_4,2011,0.737
mkd,sex_m,ocu_isco08_4,2012,0.47
mkd,sex_m,ocu_isco08_4,2013,0.329
mkd,sex_m,ocu_isco08_4,2014,0.688
mkd,sex_m,ocu_isco08_4,2016,0.733
mkd,sex_m,ocu_isco08_4,2017,0.178
mkd,sex_m,ocu_isco08_4,2018,0.811
mkd,sex_m,ocu_isco08_4,2019,0.885
mkd,sex_m,ocu_isco08_4,2020,0.82
mkd,sex_m,ocu_isco08_4,2021,0.59
mkd,sex_m,ocu_isco08_4,2022,0.418
mkd,sex_m,ocu_isco08_4,2023,0.522
mkd,sex_m,ocu_isco08_4,2024,0.442
mkd,sex_m,ocu_isco08_5,2009,9.002
mkd,sex_m,ocu_isco08_5,2010,8.349
mkd,sex_m,ocu_isco08_5,2011,7.24
mkd,sex_m,ocu_isco08_5,2012,7.026
mkd,sex_m,ocu_isco08_5,2013,7.463
mkd,sex_m,ocu_isco08_5,2014,13.394
mkd,sex_m,ocu_isco08_5,2015,6
mkd,sex_m,ocu_isco08_5,2016,7.936
mkd,sex_m,ocu_isco08_5,2017,7.364
mkd,sex_m,ocu_isco08_5,2018,9.188
mkd,sex_m,ocu_isco08_5,2019,9.158
mkd,sex_m,ocu_isco08_5,2020,7.992
mkd,sex_m,ocu_isco08_5,2021,5.964
mkd,sex_m,ocu_isco08_5,2022,6.032
mkd,sex_m,ocu_isco08_5,2023,6.99
mkd,sex_m,ocu_isco08_5,2024,7.537
mkd,sex_m,ocu_isco08_6,2009,1.616
mkd,sex_m,ocu_isco08_6,2010,1.171
mkd,sex_m,ocu_isco08_6,2011,1.978
mkd,sex_m,ocu_isco08_6,2012,5.174
mkd,sex_m,ocu_isco08_6,2013,7.404
mkd,sex_m,ocu_isco08_6,2014,15.693
mkd,sex_m,ocu_isco08_6,2015,10.816
mkd,sex_m,ocu_isco08_6,2016,18.814
mkd,sex_m,ocu_isco08_6,2017,15.877
mkd,sex_m,ocu_isco08_6,2018,19.207
mkd,sex_m,ocu_isco08_6,2019,16.489
mkd,sex_m,ocu_isco08_6,2020,11.852
mkd,sex_m,ocu_isco08_6,2021,11.557
mkd,sex_m,ocu_isco08_6,2022,10.449
mkd,sex_m,ocu_isco08_6,2023,7.26
mkd,sex_m,ocu_isco08_6,2024,6.973
mkd,sex_m,ocu_isco08_7,2009,20.342
mkd,sex_m,ocu_isco08_7,2010,18.244
mkd,sex_m,ocu_isco08_7,2011,16.171
mkd,sex_m,ocu_isco08_7,2012,17.953
mkd,sex_m,ocu_isco08_7,2013,19.709
mkd,sex_m,ocu_isco08_7,2014,22.407
mkd,sex_m,ocu_isco08_7,2015,17.823
mkd,sex_m,ocu_isco08_7,2016,16.614
mkd,sex_m,ocu_isco08_7,2017,17.732
mkd,sex_m,ocu_isco08_7,2018,18.007
mkd,sex_m,ocu_isco08_7,2019,21.002
mkd,sex_m,ocu_isco08_7,2020,22.29
mkd,sex_m,ocu_isco08_7,2021,15.655
mkd,sex_m,ocu_isco08_7,2022,14.653
mkd,sex_m,ocu_isco08_7,2023,16.151
mkd,sex_m,ocu_isco08_7,2024,16.646
mkd,sex_m,ocu_isco08_8,2009,6.939
mkd,sex_m,ocu_isco08_8,2010,5.181
mkd,sex_m,ocu_isco08_8,2011,5.317
mkd,sex_m,ocu_isco08_8,2012,3.912
mkd,sex_m,ocu_isco08_8,2013,6.212
mkd,sex_m,ocu_isco08_8,2014,7.675
mkd,sex_m,ocu_isco08_8,2015,3.59
mkd,sex_m,ocu_isco08_8,2016,3.809
mkd,sex_m,ocu_isco08_8,2017,4.779
mkd,sex_m,ocu_isco08_8,2018,3.874
mkd,sex_m,ocu_isco08_8,2019,4.011
mkd,sex_m,ocu_isco08_8,2020,3.588
mkd,sex_m,ocu_isco08_8,2021,3.27
mkd,sex_m,ocu_isco08_8,2022,2.525
mkd,sex_m,ocu_isco08_8,2023,2.619
mkd,sex_m,ocu_isco08_8,2024,3.173
mkd,sex_m,ocu_isco08_9,2009,58.757
mkd,sex_m,ocu_isco08_9,2010,54.676
mkd,sex_m,ocu_isco08_9,2011,58.031
mkd,sex_m,ocu_isco08_9,2012,52.407
mkd,sex_m,ocu_isco08_9,2013,48.89
mkd,sex_m,ocu_isco08_9,2014,58.938
mkd,sex_m,ocu_isco08_9,2015,45.498
mkd,sex_m,ocu_isco08_9,2016,33.493
mkd,sex_m,ocu_isco08_9,2017,32.273
mkd,sex_m,ocu_isco08_9,2018,26.704
mkd,sex_m,ocu_isco08_9,2019,19.064
mkd,sex_m,ocu_isco08_9,2020,14.211
mkd,sex_m,ocu_isco08_9,2021,12.235
mkd,sex_m,ocu_isco08_9,2022,9.813
mkd,sex_m,ocu_isco08_9,2023,11.583
mkd,sex_m,ocu_isco08_9,2024,13.023
mkd,sex_m,ocu_isco08_total,2009,101.333
mkd,sex_m,ocu_isco08_total,2010,91.9
mkd,sex_m,ocu_isco08_total,2011,95.81
mkd,sex_m,ocu_isco08_total,2012,90.916
mkd,sex_m,ocu_isco08_total,2013,94.22
mkd,sex_m,ocu_isco08_total,2014,136.175
mkd,sex_m,ocu_isco08_total,2015,86.65
mkd,sex_m,ocu_isco08_total,2016,83.807
mkd,sex_m,ocu_isco08_total,2017,80.849
mkd,sex_m,ocu_isco08_total,2018,81.267
mkd,sex_m,ocu_isco08_total,2019,73.69
mkd,sex_m,ocu_isco08_total,2020,62.514
mkd,sex_m,ocu_isco08_total,2021,50.922
mkd,sex_m,ocu_isco08_total,2022,46.136
mkd,sex_m,ocu_isco08_total,2023,46.993
mkd,sex_m,ocu_isco08_total,2024,52.971
mkd,sex_m,ocu_isco08_x,2009,0.428
mkd,sex_m,ocu_isco08_x,2011,1.876
mkd,sex_m,ocu_isco08_x,2024,0.698
mkd,sex_m,ocu_skill_l1,2009,58.757
mkd,sex_m,ocu_skill_l1,2010,54.676
mkd,sex_m,ocu_skill_l1,2011,58.031
mkd,sex_m,ocu_skill_l1,2012,52.407
mkd,sex_m,ocu_skill_l1,2013,48.89
mkd,sex_m,ocu_skill_l1,2014,58.938
mkd,sex_m,ocu_skill_l1,2015,45.498
mkd,sex_m,ocu_skill_l1,2016,33.493
mkd,sex_m,ocu_skill_l1,2017,32.273
mkd,sex_m,ocu_skill_l1,2018,26.704
mkd,sex_m,ocu_skill_l1,2019,19.064
mkd,sex_m,ocu_skill_l1,2020,14.211
mkd,sex_m,ocu_skill_l1,2021,12.235
mkd,sex_m,ocu_skill_l1,2022,9.813
mkd,sex_m,ocu_skill_l1,2023,11.583
mkd,sex_m,ocu_skill_l1,2024,13.023
mkd,sex_m,ocu_skill_l2,2009,38.516
mkd,sex_m,ocu_skill_l2,2010,33.664
mkd,sex_m,ocu_skill_l2,2011,31.443
mkd,sex_m,ocu_skill_l2,2012,34.535
mkd,sex_m,ocu_skill_l2,2013,41.118
mkd,sex_m,ocu_skill_l2,2014,59.857
mkd,sex_m,ocu_skill_l2,2015,38.259
mkd,sex_m,ocu_skill_l2,2016,47.906
mkd,sex_m,ocu_skill_l2,2017,45.93
mkd,sex_m,ocu_skill_l2,2018,51.087
mkd,sex_m,ocu_skill_l2,2019,51.546
mkd,sex_m,ocu_skill_l2,2020,46.542
mkd,sex_m,ocu_skill_l2,2021,37.036
mkd,sex_m,ocu_skill_l2,2022,34.077
mkd,sex_m,ocu_skill_l2,2023,33.543
mkd,sex_m,ocu_skill_l2,2024,34.772
mkd,sex_m,ocu_skill_l3_4,2009,3.632
mkd,sex_m,ocu_skill_l3_4,2010,3.56
mkd,sex_m,ocu_skill_l3_4,2011,4.449
mkd,sex_m,ocu_skill_l3_4,2012,3.974
mkd,sex_m,ocu_skill_l3_4,2013,4.106
mkd,sex_m,ocu_skill_l3_4,2014,17.38
mkd,sex_m,ocu_skill_l3_4,2015,2.836
mkd,sex_m,ocu_skill_l3_4,2016,2.36
mkd,sex_m,ocu_skill_l3_4,2017,2.646
mkd,sex_m,ocu_skill_l3_4,2018,3.475
mkd,sex_m,ocu_skill_l3_4,2019,3.053
mkd,sex_m,ocu_skill_l3_4,2020,1.738
mkd,sex_m,ocu_skill_l3_4,2021,1.634
mkd,sex_m,ocu_skill_l3_4,2022,2.215
mkd,sex_m,ocu_skill_l3_4,2023,1.866
mkd,sex_m,ocu_skill_l3_4,2024,4.478
mkd,sex_m,ocu_skill_total,2009,101.333
mkd,sex_m,ocu_skill_total,2010,91.9
mkd,sex_m,ocu_skill_total,2011,95.81
mkd,sex_m,ocu_skill_total,2012,90.916
mkd,sex_m,ocu_skill_total,2013,94.22
mkd,sex_m,ocu_skill_total,2014,136.175
mkd,sex_m,ocu_skill_total,2015,86.65
mkd,sex_m,ocu_skill_total,2016,83.807
mkd,sex_m,ocu_skill_total,2017,80.849
mkd,sex_m,ocu_skill_total,2018,81.267
mkd,sex_m,ocu_skill_total,2019,73.69
mkd,sex_m,ocu_skill_total,2020,62.514
mkd,sex_m,ocu_skill_total,2021,50.922
mkd,sex_m,ocu_skill_total,2022,46.136
mkd,sex_m,ocu_skill_total,2023,46.993
mkd,sex_m,ocu_skill_total,2024,52.971
mkd,sex_m,ocu_skill_x,2009,0.428
mkd,sex_m,ocu_skill_x,2011,1.888
mkd,sex_m,ocu_skill_x,2024,0.698
mkd,sex_t,ocu_isco08_1,2009,1.482
mkd,sex_t,ocu_isco08_1,2010,0.747
mkd,sex_t,ocu_isco08_1,2011,0.932
mkd,sex_t,ocu_isco08_1,2012,0.609
mkd,sex_t,ocu_isco08_1,2014,14.672
mkd,sex_t,ocu_isco08_1,2018,0.317
mkd,sex_t,ocu_isco08_1,2020,0.509
mkd,sex_t,ocu_isco08_1,2021,0.268
mkd,sex_t,ocu_isco08_2,2009,2.288
mkd,sex_t,ocu_isco08_2,2010,2.697
mkd,sex_t,ocu_isco08_2,2011,3.569
mkd,sex_t,ocu_isco08_2,2012,3.866
mkd,sex_t,ocu_isco08_2,2013,3.552
mkd,sex_t,ocu_isco08_2,2014,4.623
mkd,sex_t,ocu_isco08_2,2015,1.479
mkd,sex_t,ocu_isco08_2,2016,2.121
mkd,sex_t,ocu_isco08_2,2017,2.128
mkd,sex_t,ocu_isco08_2,2018,3.335
mkd,sex_t,ocu_isco08_2,2019,3.078
mkd,sex_t,ocu_isco08_2,2020,2.172
mkd,sex_t,ocu_isco08_2,2021,1.133
mkd,sex_t,ocu_isco08_2,2022,1.926
mkd,sex_t,ocu_isco08_2,2023,1.85
mkd,sex_t,ocu_isco08_2,2024,3.599
mkd,sex_t,ocu_isco08_3,2009,2.548
mkd,sex_t,ocu_isco08_3,2010,2.465
mkd,sex_t,ocu_isco08_3,2011,2.542
mkd,sex_t,ocu_isco08_3,2012,2.451
mkd,sex_t,ocu_isco08_3,2013,2.36
mkd,sex_t,ocu_isco08_3,2014,3.852
mkd,sex_t,ocu_isco08_3,2015,2.241
mkd,sex_t,ocu_isco08_3,2016,1.457
mkd,sex_t,ocu_isco08_3,2017,1.903
mkd,sex_t,ocu_isco08_3,2018,1.637
mkd,sex_t,ocu_isco08_3,2019,1.28
mkd,sex_t,ocu_isco08_3,2020,0.814
mkd,sex_t,ocu_isco08_3,2021,1.816
mkd,sex_t,ocu_isco08_3,2022,1.714
mkd,sex_t,ocu_isco08_3,2023,1.476
mkd,sex_t,ocu_isco08_3,2024,2.514
mkd,sex_t,ocu_isco08_4,2009,1.519
mkd,sex_t,ocu_isco08_4,2010,1.581
mkd,sex_t,ocu_isco08_4,2011,1.431
mkd,sex_t,ocu_isco08_4,2012,0.874
mkd,sex_t,ocu_isco08_4,2013,1.432
mkd,sex_t,ocu_isco08_4,2014,1.319
mkd,sex_t,ocu_isco08_4,2015,0.823
mkd,sex_t,ocu_isco08_4,2016,1.319
mkd,sex_t,ocu_isco08_4,2017,0.662
mkd,sex_t,ocu_isco08_4,2018,1.07
mkd,sex_t,ocu_isco08_4,2019,1.324
mkd,sex_t,ocu_isco08_4,2020,0.966
mkd,sex_t,ocu_isco08_4,2021,0.994
mkd,sex_t,ocu_isco08_4,2022,0.865
mkd,sex_t,ocu_isco08_4,2023,0.686
mkd,sex_t,ocu_isco08_4,2024,0.624
mkd,sex_t,ocu_isco08_5,2009,14.167
mkd,sex_t,ocu_isco08_5,2010,12.473
mkd,sex_t,ocu_isco08_5,2011,10.465
mkd,sex_t,ocu_isco08_5,2012,11.004
mkd,sex_t,ocu_isco08_5,2013,10.94
mkd,sex_t,ocu_isco08_5,2014,19.093
mkd,sex_t,ocu_isco08_5,2015,8.751
mkd,sex_t,ocu_isco08_5,2016,10.171
mkd,sex_t,ocu_isco08_5,2017,9.001
mkd,sex_t,ocu_isco08_5,2018,10.804
mkd,sex_t,ocu_isco08_5,2019,11.435
mkd,sex_t,ocu_isco08_5,2020,9.974
mkd,sex_t,ocu_isco08_5,2021,7.359
mkd,sex_t,ocu_isco08_5,2022,7.927
mkd,sex_t,ocu_isco08_5,2023,9.37
mkd,sex_t,ocu_isco08_5,2024,10.596
mkd,sex_t,ocu_isco08_6,2009,1.865
mkd,sex_t,ocu_isco08_6,2010,1.496
mkd,sex_t,ocu_isco08_6,2011,2.897
mkd,sex_t,ocu_isco08_6,2012,6.107
mkd,sex_t,ocu_isco08_6,2013,8.419
mkd,sex_t,ocu_isco08_6,2014,19.4
mkd,sex_t,ocu_isco08_6,2015,13.233
mkd,sex_t,ocu_isco08_6,2016,24.94
mkd,sex_t,ocu_isco08_6,2017,21.799
mkd,sex_t,ocu_isco08_6,2018,28.756
mkd,sex_t,ocu_isco08_6,2019,25.199
mkd,sex_t,ocu_isco08_6,2020,18.785
mkd,sex_t,ocu_isco08_6,2021,20.609
mkd,sex_t,ocu_isco08_6,2022,21.052
mkd,sex_t,ocu_isco08_6,2023,12.48
mkd,sex_t,ocu_isco08_6,2024,10.002
mkd,sex_t,ocu_isco08_7,2009,20.821
mkd,sex_t,ocu_isco08_7,2010,19.196
mkd,sex_t,ocu_isco08_7,2011,18.246
mkd,sex_t,ocu_isco08_7,2012,19.61
mkd,sex_t,ocu_isco08_7,2013,21.607
mkd,sex_t,ocu_isco08_7,2014,24.785
mkd,sex_t,ocu_isco08_7,2015,18.415
mkd,sex_t,ocu_isco08_7,2016,17.205
mkd,sex_t,ocu_isco08_7,2017,19.072
mkd,sex_t,ocu_isco08_7,2018,19.166
mkd,sex_t,ocu_isco08_7,2019,22.141
mkd,sex_t,ocu_isco08_7,2020,23.099
mkd,sex_t,ocu_isco08_7,2021,17.033
mkd,sex_t,ocu_isco08_7,2022,15.425
mkd,sex_t,ocu_isco08_7,2023,16.495
mkd,sex_t,ocu_isco08_7,2024,17.322
mkd,sex_t,ocu_isco08_8,2009,9.443
mkd,sex_t,ocu_isco08_8,2010,7.348
mkd,sex_t,ocu_isco08_8,2011,6.412
mkd,sex_t,ocu_isco08_8,2012,4.716
mkd,sex_t,ocu_isco08_8,2013,7.039
mkd,sex_t,ocu_isco08_8,2014,8.184
mkd,sex_t,ocu_isco08_8,2015,4.429
mkd,sex_t,ocu_isco08_8,2016,4.008
mkd,sex_t,ocu_isco08_8,2017,5.107
mkd,sex_t,ocu_isco08_8,2018,4.245
mkd,sex_t,ocu_isco08_8,2019,4.878
mkd,sex_t,ocu_isco08_8,2020,3.73
mkd,sex_t,ocu_isco08_8,2021,3.596
mkd,sex_t,ocu_isco08_8,2022,2.957
mkd,sex_t,ocu_isco08_8,2023,2.762
mkd,sex_t,ocu_isco08_8,2024,3.453
mkd,sex_t,ocu_isco08_9,2009,100.723
mkd,sex_t,ocu_isco08_9,2010,95.882
mkd,sex_t,ocu_isco08_9,2011,102.137
mkd,sex_t,ocu_isco08_9,2012,94.811
mkd,sex_t,ocu_isco08_9,2013,97.867
mkd,sex_t,ocu_isco08_9,2014,102.194
mkd,sex_t,ocu_isco08_9,2015,86.312
mkd,sex_t,ocu_isco08_9,2016,63.588
mkd,sex_t,ocu_isco08_9,2017,64.464
mkd,sex_t,ocu_isco08_9,2018,54.78
mkd,sex_t,ocu_isco08_9,2019,41.484
mkd,sex_t,ocu_isco08_9,2020,32.683
mkd,sex_t,ocu_isco08_9,2021,27.169
mkd,sex_t,ocu_isco08_9,2022,18.641
mkd,sex_t,ocu_isco08_9,2023,21.182
mkd,sex_t,ocu_isco08_9,2024,27.053
mkd,sex_t,ocu_isco08_total,2009,155.447
mkd,sex_t,ocu_isco08_total,2010,143.885
mkd,sex_t,ocu_isco08_total,2011,150.629
mkd,sex_t,ocu_isco08_total,2012,144.048
mkd,sex_t,ocu_isco08_total,2013,153.619
mkd,sex_t,ocu_isco08_total,2014,198.153
mkd,sex_t,ocu_isco08_total,2015,135.901
mkd,sex_t,ocu_isco08_total,2016,125.037
mkd,sex_t,ocu_isco08_total,2017,124.335
mkd,sex_t,ocu_isco08_total,2018,124.142
mkd,sex_t,ocu_isco08_total,2019,110.884
mkd,sex_t,ocu_isco08_total,2020,92.756
mkd,sex_t,ocu_isco08_total,2021,80.016
mkd,sex_t,ocu_isco08_total,2022,70.603
mkd,sex_t,ocu_isco08_total,2023,66.302
mkd,sex_t,ocu_isco08_total,2024,76.958
mkd,sex_t,ocu_isco08_x,2009,0.59
mkd,sex_t,ocu_isco08_x,2011,1.988
mkd,sex_t,ocu_isco08_x,2024,1.635
mkd,sex_t,ocu_skill_l1,2009,100.723
mkd,sex_t,ocu_skill_l1,2010,95.882
mkd,sex_t,ocu_skill_l1,2011,102.137
mkd,sex_t,ocu_skill_l1,2012,94.811
mkd,sex_t,ocu_skill_l1,2013,97.867
mkd,sex_t,ocu_skill_l1,2014,102.194
mkd,sex_t,ocu_skill_l1,2015,86.312
mkd,sex_t,ocu_skill_l1,2016,63.588
mkd,sex_t,ocu_skill_l1,2017,64.464
mkd,sex_t,ocu_skill_l1,2018,54.78
mkd,sex_t,ocu_skill_l1,2019,41.484
mkd,sex_t,ocu_skill_l1,2020,32.683
mkd,sex_t,ocu_skill_l1,2021,27.169
mkd,sex_t,ocu_skill_l1,2022,18.641
mkd,sex_t,ocu_skill_l1,2023,21.182
mkd,sex_t,ocu_skill_l1,2024,27.053
mkd,sex_t,ocu_skill_l2,2009,47.816
mkd,sex_t,ocu_skill_l2,2010,42.094
mkd,sex_t,ocu_skill_l2,2011,39.45
mkd,sex_t,ocu_skill_l2,2012,42.31
mkd,sex_t,ocu_skill_l2,2013,49.437
mkd,sex_t,ocu_skill_l2,2014,72.78
mkd,sex_t,ocu_skill_l2,2015,45.651
mkd,sex_t,ocu_skill_l2,2016,57.643
mkd,sex_t,ocu_skill_l2,2017,55.64
mkd,sex_t,ocu_skill_l2,2018,64.041
mkd,sex_t,ocu_skill_l2,2019,64.977
mkd,sex_t,ocu_skill_l2,2020,56.555
mkd,sex_t,ocu_skill_l2,2021,49.592
mkd,sex_t,ocu_skill_l2,2022,48.226
mkd,sex_t,ocu_skill_l2,2023,41.794
mkd,sex_t,ocu_skill_l2,2024,41.997
mkd,sex_t,ocu_skill_l3_4,2009,6.318
mkd,sex_t,ocu_skill_l3_4,2010,5.909
mkd,sex_t,ocu_skill_l3_4,2011,7.043
mkd,sex_t,ocu_skill_l3_4,2012,6.926
mkd,sex_t,ocu_skill_l3_4,2013,6.121
mkd,sex_t,ocu_skill_l3_4,2014,23.147
mkd,sex_t,ocu_skill_l3_4,2015,3.83
mkd,sex_t,ocu_skill_l3_4,2016,3.758
mkd,sex_t,ocu_skill_l3_4,2017,4.23
mkd,sex_t,ocu_skill_l3_4,2018,5.29
mkd,sex_t,ocu_skill_l3_4,2019,4.395
mkd,sex_t,ocu_skill_l3_4,2020,3.495
mkd,sex_t,ocu_skill_l3_4,2021,3.217
mkd,sex_t,ocu_skill_l3_4,2022,3.683
mkd,sex_t,ocu_skill_l3_4,2023,3.327
mkd,sex_t,ocu_skill_l3_4,2024,6.273
mkd,sex_t,ocu_skill_total,2009,155.447
mkd,sex_t,ocu_skill_total,2010,143.885
mkd,sex_t,ocu_skill_total,2011,150.629
mkd,sex_t,ocu_skill_total,2012,144.048
mkd,sex_t,ocu_skill_total,2013,153.619
mkd,sex_t,ocu_skill_total,2014,198.153
mkd,sex_t,ocu_skill_total,2015,135.901
mkd,sex_t,ocu_skill_total,2016,125.037
mkd,sex_t,ocu_skill_total,2017,124.335
mkd,sex_t,ocu_skill_total,2018,124.142
mkd,sex_t,ocu_skill_total,2019,110.884
mkd,sex_t,ocu_skill_total,2020,92.756
mkd,sex_t,ocu_skill_total,2021,80.016
mkd,sex_t,ocu_skill_total,2022,70.603
mkd,sex_t,ocu_skill_total,2023,66.302
mkd,sex_t,ocu_skill_total,2024,76.958
mkd,sex_t,ocu_skill_x,2009,0.59
mkd,sex_t,ocu_skill_x,2011,1.999
mkd,sex_t,ocu_skill_x,2015,0.108
mkd,sex_t,ocu_skill_x,2024,1.635
mli,sex_f,ocu_isco08_0,2018,1.285
mli,sex_f,ocu_isco08_0,2022,0
mli,sex_f,ocu_isco08_1,2017,1.823
mli,sex_f,ocu_isco08_1,2022,2.262
mli,sex_f,ocu_isco08_2,2013,11.444
mli,sex_f,ocu_isco08_2,2014,10.888
mli,sex_f,ocu_isco08_2,2015,13.288
mli,sex_f,ocu_isco08_2,2016,10.989
mli,sex_f,ocu_isco08_2,2017,11.203
mli,sex_f,ocu_isco08_2,2018,16.089
mli,sex_f,ocu_isco08_2,2020,13.661
mli,sex_f,ocu_isco08_2,2022,37.767
mli,sex_f,ocu_isco08_3,2013,26.133
mli,sex_f,ocu_isco08_3,2014,32.323
mli,sex_f,ocu_isco08_3,2015,27.174
mli,sex_f,ocu_isco08_3,2016,26.815
mli,sex_f,ocu_isco08_3,2017,31.778
mli,sex_f,ocu_isco08_3,2018,34.235
mli,sex_f,ocu_isco08_3,2020,24.728
mli,sex_f,ocu_isco08_3,2022,6.912
mli,sex_f,ocu_isco08_4,2013,18.602
mli,sex_f,ocu_isco08_4,2014,25.743
mli,sex_f,ocu_isco08_4,2015,25.17
mli,sex_f,ocu_isco08_4,2016,20.846
mli,sex_f,ocu_isco08_4,2017,20.786
mli,sex_f,ocu_isco08_4,2018,23.724
mli,sex_f,ocu_isco08_4,2020,20.136
mli,sex_f,ocu_isco08_4,2022,9.45
mli,sex_f,ocu_isco08_5,2013,425.753
mli,sex_f,ocu_isco08_5,2014,572.824
mli,sex_f,ocu_isco08_5,2015,619.75
mli,sex_f,ocu_isco08_5,2016,519.643
mli,sex_f,ocu_isco08_5,2017,612.341
mli,sex_f,ocu_isco08_5,2018,522.205
mli,sex_f,ocu_isco08_5,2020,485.44
mli,sex_f,ocu_isco08_5,2022,606.758
mli,sex_f,ocu_isco08_6,2013,1984.289
mli,sex_f,ocu_isco08_6,2014,1706.775
mli,sex_f,ocu_isco08_6,2015,1653.505
mli,sex_f,ocu_isco08_6,2016,1464.589
mli,sex_f,ocu_isco08_6,2017,1642.783
mli,sex_f,ocu_isco08_6,2018,1619.247
mli,sex_f,ocu_isco08_6,2020,1678.997
mli,sex_f,ocu_isco08_6,2022,1502.794
mli,sex_f,ocu_isco08_7,2013,52.653
mli,sex_f,ocu_isco08_7,2014,150.7
mli,sex_f,ocu_isco08_7,2015,193.801
mli,sex_f,ocu_isco08_7,2016,147.852
mli,sex_f,ocu_isco08_7,2017,206.327
mli,sex_f,ocu_isco08_7,2018,190.761
mli,sex_f,ocu_isco08_7,2020,201.35
mli,sex_f,ocu_isco08_7,2022,73.113
mli,sex_f,ocu_isco08_9,2013,67.133
mli,sex_f,ocu_isco08_9,2014,57.706
mli,sex_f,ocu_isco08_9,2015,65.347
mli,sex_f,ocu_isco08_9,2016,48.315
mli,sex_f,ocu_isco08_9,2017,55.016
mli,sex_f,ocu_isco08_9,2018,66.372
mli,sex_f,ocu_isco08_9,2020,59.383
mli,sex_f,ocu_isco08_9,2022,117.538
mli,sex_f,ocu_isco08_total,2013,2590.563
mli,sex_f,ocu_isco08_total,2014,2558.38
mli,sex_f,ocu_isco08_total,2015,2599.188
mli,sex_f,ocu_isco08_total,2016,2242.694
mli,sex_f,ocu_isco08_total,2017,2586.976
mli,sex_f,ocu_isco08_total,2018,2477.728
mli,sex_f,ocu_isco08_total,2020,2485.474
mli,sex_f,ocu_isco08_total,2022,2356.808
mli,sex_f,ocu_isco08_x,2013,3.354
mli,sex_f,ocu_isco08_x,2017,1.317
mli,sex_f,ocu_isco08_x,2018,1.717
mli,sex_f,ocu_skill_l1,2013,67.133
mli,sex_f,ocu_skill_l1,2014,57.706
mli,sex_f,ocu_skill_l1,2015,65.347
mli,sex_f,ocu_skill_l1,2016,48.315
mli,sex_f,ocu_skill_l1,2017,55.016
mli,sex_f,ocu_skill_l1,2018,66.372
mli,sex_f,ocu_skill_l1,2020,59.383
mli,sex_f,ocu_skill_l1,2022,117.538
mli,sex_f,ocu_skill_l2,2013,2481.762
mli,sex_f,ocu_skill_l2,2014,2456.261
mli,sex_f,ocu_skill_l2,2015,2492.225
mli,sex_f,ocu_skill_l2,2016,2153.533
mli,sex_f,ocu_skill_l2,2017,2485.659
mli,sex_f,ocu_skill_l2,2018,2356.775
mli,sex_f,ocu_skill_l2,2020,2386.089
mli,sex_f,ocu_skill_l2,2022,2192.284
mli,sex_f,ocu_skill_l3_4,2013,38.049
mli,sex_f,ocu_skill_l3_4,2014,43.212
mli,sex_f,ocu_skill_l3_4,2015,40.892
mli,sex_f,ocu_skill_l3_4,2016,38.368
mli,sex_f,ocu_skill_l3_4,2017,44.803
mli,sex_f,ocu_skill_l3_4,2018,51.579
mli,sex_f,ocu_skill_l3_4,2020,39.626
mli,sex_f,ocu_skill_l3_4,2022,46.942
mli,sex_f,ocu_skill_total,2013,2590.563
mli,sex_f,ocu_skill_total,2014,2558.38
mli,sex_f,ocu_skill_total,2015,2599.188
mli,sex_f,ocu_skill_total,2016,2242.694
mli,sex_f,ocu_skill_total,2017,2586.976
mli,sex_f,ocu_skill_total,2018,2477.728
mli,sex_f,ocu_skill_total,2020,2485.474
mli,sex_f,ocu_skill_total,2022,2356.808
mli,sex_f,ocu_skill_x,2013,3.619
mli,sex_f,ocu_skill_x,2014,1.201
mli,sex_f,ocu_skill_x,2016,2.478
mli,sex_f,ocu_skill_x,2017,1.496
mli,sex_f,ocu_skill_x,2018,3.002
mli,sex_m,ocu_isco08_0,2013,8.19
mli,sex_m,ocu_isco08_0,2014,6.459
mli,sex_m,ocu_isco08_0,2015,9.373
mli,sex_m,ocu_isco08_0,2016,12.611
mli,sex_m,ocu_isco08_0,2017,7.603
mli,sex_m,ocu_isco08_0,2018,11.051
mli,sex_m,ocu_isco08_0,2020,7.643
mli,sex_m,ocu_isco08_0,2022,2.927
mli,sex_m,ocu_isco08_1,2013,1.676
mli,sex_m,ocu_isco08_1,2014,6.291
mli,sex_m,ocu_isco08_1,2015,4.604
mli,sex_m,ocu_isco08_1,2016,8.5
mli,sex_m,ocu_isco08_1,2017,9.181
mli,sex_m,ocu_isco08_1,2018,7.235
mli,sex_m,ocu_isco08_1,2020,4.091
mli,sex_m,ocu_isco08_1,2022,6.96
mli,sex_m,ocu_isco08_2,2013,45.452
mli,sex_m,ocu_isco08_2,2014,72.576
mli,sex_m,ocu_isco08_2,2015,68.49
mli,sex_m,ocu_isco08_2,2016,54.915
mli,sex_m,ocu_isco08_2,2017,70.249
mli,sex_m,ocu_isco08_2,2018,86.438
mli,sex_m,ocu_isco08_2,2020,61.757
mli,sex_m,ocu_isco08_2,2022,66.759
mli,sex_m,ocu_isco08_3,2013,44.357
mli,sex_m,ocu_isco08_3,2014,64.714
mli,sex_m,ocu_isco08_3,2015,69.99
mli,sex_m,ocu_isco08_3,2016,72.472
mli,sex_m,ocu_isco08_3,2017,67.904
mli,sex_m,ocu_isco08_3,2018,76.25
mli,sex_m,ocu_isco08_3,2020,79.69
mli,sex_m,ocu_isco08_3,2022,20.655
mli,sex_m,ocu_isco08_4,2013,34.901
mli,sex_m,ocu_isco08_4,2014,68.941
mli,sex_m,ocu_isco08_4,2015,95.15
mli,sex_m,ocu_isco08_4,2016,95.649
mli,sex_m,ocu_isco08_4,2017,90.178
mli,sex_m,ocu_isco08_4,2018,93.752
mli,sex_m,ocu_isco08_4,2020,86.426
mli,sex_m,ocu_isco08_4,2022,9.547
mli,sex_m,ocu_isco08_5,2013,194.919
mli,sex_m,ocu_isco08_5,2014,258.926
mli,sex_m,ocu_isco08_5,2015,320.72
mli,sex_m,ocu_isco08_5,2016,267.527
mli,sex_m,ocu_isco08_5,2017,293.551
mli,sex_m,ocu_isco08_5,2018,305.156
mli,sex_m,ocu_isco08_5,2020,292.54
mli,sex_m,ocu_isco08_5,2022,536.499
mli,sex_m,ocu_isco08_6,2013,2091.021
mli,sex_m,ocu_isco08_6,2014,2114.128
mli,sex_m,ocu_isco08_6,2015,2026.667
mli,sex_m,ocu_isco08_6,2016,2121.472
mli,sex_m,ocu_isco08_6,2017,2200.399
mli,sex_m,ocu_isco08_6,2018,2200.208
mli,sex_m,ocu_isco08_6,2020,2503.985
mli,sex_m,ocu_isco08_6,2022,2717.756
mli,sex_m,ocu_isco08_7,2013,230.504
mli,sex_m,ocu_isco08_7,2014,243.571
mli,sex_m,ocu_isco08_7,2015,351.384
mli,sex_m,ocu_isco08_7,2016,248.553
mli,sex_m,ocu_isco08_7,2017,301.532
mli,sex_m,ocu_isco08_7,2018,308.697
mli,sex_m,ocu_isco08_7,2020,295.458
mli,sex_m,ocu_isco08_7,2022,328.015
mli,sex_m,ocu_isco08_8,2013,8.512
mli,sex_m,ocu_isco08_8,2014,4.12
mli,sex_m,ocu_isco08_8,2015,4.383
mli,sex_m,ocu_isco08_8,2016,4.904
mli,sex_m,ocu_isco08_8,2017,10.385
mli,sex_m,ocu_isco08_8,2018,11.673
mli,sex_m,ocu_isco08_8,2020,7.655
mli,sex_m,ocu_isco08_8,2022,94.585
mli,sex_m,ocu_isco08_9,2013,68.676
mli,sex_m,ocu_isco08_9,2014,61.978
mli,sex_m,ocu_isco08_9,2015,44.301
mli,sex_m,ocu_isco08_9,2016,47.723
mli,sex_m,ocu_isco08_9,2017,51.467
mli,sex_m,ocu_isco08_9,2018,53.694
mli,sex_m,ocu_isco08_9,2020,38.828
mli,sex_m,ocu_isco08_9,2022,105.264
mli,sex_m,ocu_isco08_total,2013,2730.808
mli,sex_m,ocu_isco08_total,2014,2901.884
mli,sex_m,ocu_isco08_total,2015,2999.055
mli,sex_m,ocu_isco08_total,2016,2937.118
mli,sex_m,ocu_isco08_total,2017,3107.22
mli,sex_m,ocu_isco08_total,2018,3157.09
mli,sex_m,ocu_isco08_total,2020,3378.504
mli,sex_m,ocu_isco08_total,2022,3888.968
mli,sex_m,ocu_isco08_x,2013,2.6
mli,sex_m,ocu_isco08_x,2015,3.993
mli,sex_m,ocu_isco08_x,2016,2.793
mli,sex_m,ocu_isco08_x,2017,4.77
mli,sex_m,ocu_isco08_x,2018,2.936
mli,sex_m,ocu_skill_l1,2013,68.676
mli,sex_m,ocu_skill_l1,2014,61.978
mli,sex_m,ocu_skill_l1,2015,44.301
mli,sex_m,ocu_skill_l1,2016,47.723
mli,sex_m,ocu_skill_l1,2017,51.467
mli,sex_m,ocu_skill_l1,2018,53.694
mli,sex_m,ocu_skill_l1,2020,38.828
mli,sex_m,ocu_skill_l1,2022,105.264
mli,sex_m,ocu_skill_l2,2013,2559.858
mli,sex_m,ocu_skill_l2,2014,2689.687
mli,sex_m,ocu_skill_l2,2015,2798.303
mli,sex_m,ocu_skill_l2,2016,2738.104
mli,sex_m,ocu_skill_l2,2017,2896.045
mli,sex_m,ocu_skill_l2,2018,2919.486
mli,sex_m,ocu_skill_l2,2020,3186.064
mli,sex_m,ocu_skill_l2,2022,3686.403
mli,sex_m,ocu_skill_l3_4,2013,91.485
mli,sex_m,ocu_skill_l3_4,2014,143.581
mli,sex_m,ocu_skill_l3_4,2015,143.085
mli,sex_m,ocu_skill_l3_4,2016,135.887
mli,sex_m,ocu_skill_l3_4,2017,147.335
mli,sex_m,ocu_skill_l3_4,2018,169.923
mli,sex_m,ocu_skill_l3_4,2020,145.538
mli,sex_m,ocu_skill_l3_4,2022,94.374
mli,sex_m,ocu_skill_total,2013,2730.808
mli,sex_m,ocu_skill_total,2014,2901.884
mli,sex_m,ocu_skill_total,2015,2999.055
mli,sex_m,ocu_skill_total,2016,2937.118
mli,sex_m,ocu_skill_total,2017,3107.22
mli,sex_m,ocu_skill_total,2018,3157.09
mli,sex_m,ocu_skill_total,2020,3378.504
mli,sex_m,ocu_skill_total,2022,3888.968
mli,sex_m,ocu_skill_x,2013,10.789
mli,sex_m,ocu_skill_x,2014,6.638
mli,sex_m,ocu_skill_x,2015,13.365
mli,sex_m,ocu_skill_x,2016,15.404
mli,sex_m,ocu_skill_x,2017,12.373
mli,sex_m,ocu_skill_x,2018,13.987
mli,sex_m,ocu_skill_x,2020,8.075
mli,sex_m,ocu_skill_x,2022,2.927
mli,sex_t,ocu_isco08_0,2013,8.454
mli,sex_t,ocu_isco08_0,2014,6.557
mli,sex_t,ocu_isco08_0,2015,9.799
mli,sex_t,ocu_isco08_0,2016,13.433
mli,sex_t,ocu_isco08_0,2017,7.781
mli,sex_t,ocu_isco08_0,2018,12.336
mli,sex_t,ocu_isco08_0,2020,8.019
mli,sex_t,ocu_isco08_0,2022,2.927
mli,sex_t,ocu_isco08_1,2013,2.148
mli,sex_t,ocu_isco08_1,2014,6.291
mli,sex_t,ocu_isco08_1,2015,5.034
mli,sex_t,ocu_isco08_1,2016,9.064
mli,sex_t,ocu_isco08_1,2017,11.004
mli,sex_t,ocu_isco08_1,2018,8.49
mli,sex_t,ocu_isco08_1,2020,5.328
mli,sex_t,ocu_isco08_1,2022,9.222
mli,sex_t,ocu_isco08_2,2013,56.896
mli,sex_t,ocu_isco08_2,2014,83.464
mli,sex_t,ocu_isco08_2,2015,81.779
mli,sex_t,ocu_isco08_2,2016,65.904
mli,sex_t,ocu_isco08_2,2017,81.452
mli,sex_t,ocu_isco08_2,2018,102.527
mli,sex_t,ocu_isco08_2,2020,75.418
mli,sex_t,ocu_isco08_2,2022,104.526
mli,sex_t,ocu_isco08_3,2013,70.49
mli,sex_t,ocu_isco08_3,2014,97.038
mli,sex_t,ocu_isco08_3,2015,97.164
mli,sex_t,ocu_isco08_3,2016,99.287
mli,sex_t,ocu_isco08_3,2017,99.682
mli,sex_t,ocu_isco08_3,2018,110.486
mli,sex_t,ocu_isco08_3,2020,104.418
mli,sex_t,ocu_isco08_3,2022,27.567
mli,sex_t,ocu_isco08_4,2013,53.502
mli,sex_t,ocu_isco08_4,2014,94.684
mli,sex_t,ocu_isco08_4,2015,120.319
mli,sex_t,ocu_isco08_4,2016,116.495
mli,sex_t,ocu_isco08_4,2017,110.964
mli,sex_t,ocu_isco08_4,2018,117.475
mli,sex_t,ocu_isco08_4,2020,106.562
mli,sex_t,ocu_isco08_4,2022,18.997
mli,sex_t,ocu_isco08_5,2013,620.673
mli,sex_t,ocu_isco08_5,2014,831.75
mli,sex_t,ocu_isco08_5,2015,940.47
mli,sex_t,ocu_isco08_5,2016,787.171
mli,sex_t,ocu_isco08_5,2017,905.892
mli,sex_t,ocu_isco08_5,2018,827.362
mli,sex_t,ocu_isco08_5,2020,777.98
mli,sex_t,ocu_isco08_5,2022,1143.258
mli,sex_t,ocu_isco08_6,2013,4075.31
mli,sex_t,ocu_isco08_6,2014,3820.904
mli,sex_t,ocu_isco08_6,2015,3680.172
mli,sex_t,ocu_isco08_6,2016,3586.061
mli,sex_t,ocu_isco08_6,2017,3843.182
mli,sex_t,ocu_isco08_6,2018,3819.455
mli,sex_t,ocu_isco08_6,2020,4182.981
mli,sex_t,ocu_isco08_6,2022,4220.55
mli,sex_t,ocu_isco08_7,2013,283.158
mli,sex_t,ocu_isco08_7,2014,394.271
mli,sex_t,ocu_isco08_7,2015,545.184
mli,sex_t,ocu_isco08_7,2016,396.404
mli,sex_t,ocu_isco08_7,2017,507.859
mli,sex_t,ocu_isco08_7,2018,499.458
mli,sex_t,ocu_isco08_7,2020,496.808
mli,sex_t,ocu_isco08_7,2022,401.128
mli,sex_t,ocu_isco08_8,2013,8.977
mli,sex_t,ocu_isco08_8,2014,4.34
mli,sex_t,ocu_isco08_8,2015,4.383
mli,sex_t,ocu_isco08_8,2016,5.506
mli,sex_t,ocu_isco08_8,2017,13.807
mli,sex_t,ocu_isco08_8,2018,12.511
mli,sex_t,ocu_isco08_8,2020,7.822
mli,sex_t,ocu_isco08_8,2022,94.754
mli,sex_t,ocu_isco08_9,2013,135.81
mli,sex_t,ocu_isco08_9,2014,119.684
mli,sex_t,ocu_isco08_9,2015,109.648
mli,sex_t,ocu_isco08_9,2016,96.038
mli,sex_t,ocu_isco08_9,2017,106.483
mli,sex_t,ocu_isco08_9,2018,120.066
mli,sex_t,ocu_isco08_9,2020,98.211
mli,sex_t,ocu_isco08_9,2022,222.802
mli,sex_t,ocu_isco08_total,2013,5321.371
mli,sex_t,ocu_isco08_total,2014,5460.264
mli,sex_t,ocu_isco08_total,2015,5598.243
mli,sex_t,ocu_isco08_total,2016,5179.812
mli,sex_t,ocu_isco08_total,2017,5694.195
mli,sex_t,ocu_isco08_total,2018,5634.818
mli,sex_t,ocu_isco08_total,2020,5863.979
mli,sex_t,ocu_isco08_total,2022,6245.776
mli,sex_t,ocu_isco08_x,2013,5.954
mli,sex_t,ocu_isco08_x,2014,1.282
mli,sex_t,ocu_isco08_x,2015,4.291
mli,sex_t,ocu_isco08_x,2016,4.448
mli,sex_t,ocu_isco08_x,2017,6.088
mli,sex_t,ocu_isco08_x,2018,4.653
mli,sex_t,ocu_skill_l1,2013,135.81
mli,sex_t,ocu_skill_l1,2014,119.684
mli,sex_t,ocu_skill_l1,2015,109.648
mli,sex_t,ocu_skill_l1,2016,96.038
mli,sex_t,ocu_skill_l1,2017,106.483
mli,sex_t,ocu_skill_l1,2018,120.066
mli,sex_t,ocu_skill_l1,2020,98.211
mli,sex_t,ocu_skill_l1,2022,222.802
mli,sex_t,ocu_skill_l2,2013,5041.62
mli,sex_t,ocu_skill_l2,2014,5145.948
mli,sex_t,ocu_skill_l2,2015,5290.528
mli,sex_t,ocu_skill_l2,2016,4891.638
mli,sex_t,ocu_skill_l2,2017,5381.705
mli,sex_t,ocu_skill_l2,2018,5276.261
mli,sex_t,ocu_skill_l2,2020,5572.153
mli,sex_t,ocu_skill_l2,2022,5878.687
mli,sex_t,ocu_skill_l3_4,2013,129.534
mli,sex_t,ocu_skill_l3_4,2014,186.793
mli,sex_t,ocu_skill_l3_4,2015,183.977
mli,sex_t,ocu_skill_l3_4,2016,174.255
mli,sex_t,ocu_skill_l3_4,2017,192.138
mli,sex_t,ocu_skill_l3_4,2018,221.502
mli,sex_t,ocu_skill_l3_4,2020,185.164
mli,sex_t,ocu_skill_l3_4,2022,141.316
mli,sex_t,ocu_skill_total,2013,5321.371
mli,sex_t,ocu_skill_total,2014,5460.264
mli,sex_t,ocu_skill_total,2015,5598.243
mli,sex_t,ocu_skill_total,2016,5179.812
mli,sex_t,ocu_skill_total,2017,5694.195
mli,sex_t,ocu_skill_total,2018,5634.818
mli,sex_t,ocu_skill_total,2020,5863.979
mli,sex_t,ocu_skill_total,2022,6245.776
mli,sex_t,ocu_skill_x,2013,14.408
mli,sex_t,ocu_skill_x,2014,7.839
mli,sex_t,ocu_skill_x,2015,14.089
mli,sex_t,ocu_skill_x,2016,17.881
mli,sex_t,ocu_skill_x,2017,13.869
mli,sex_t,ocu_skill_x,2018,16.989
mli,sex_t,ocu_skill_x,2020,8.45
mli,sex_t,ocu_skill_x,2022,2.972
mlt,sex_f,ocu_isco08_4,2012,0.296
mlt,sex_f,ocu_isco08_5,2011,0.861
mlt,sex_f,ocu_isco08_5,2012,0.77
mlt,sex_f,ocu_isco08_5,2013,0.302
mlt,sex_f,ocu_isco08_5,2016,0.194
mlt,sex_f,ocu_isco08_5,2017,0.283
mlt,sex_f,ocu_isco08_5,2018,0.129
mlt,sex_f,ocu_isco08_5,2019,0.315
mlt,sex_f,ocu_isco08_9,2011,0.219
mlt,sex_f,ocu_isco08_total,2011,1.442
mlt,sex_f,ocu_isco08_total,2012,1.479
mlt,sex_f,ocu_isco08_total,2013,0.574
mlt,sex_f,ocu_isco08_total,2014,0.667
mlt,sex_f,ocu_isco08_total,2015,0.541
mlt,sex_f,ocu_isco08_total,2016,0.451
mlt,sex_f,ocu_isco08_total,2017,0.4
mlt,sex_f,ocu_isco08_total,2018,0.487
mlt,sex_f,ocu_isco08_total,2019,0.732
mlt,sex_f,ocu_isco08_total,2020,0.698
mlt,sex_f,ocu_isco08_total,2021,0.438
mlt,sex_f,ocu_isco88_2,2010,0.21
mlt,sex_f,ocu_isco88_4,2007,0.272
mlt,sex_f,ocu_isco88_5,2007,0.339
mlt,sex_f,ocu_isco88_5,2008,0.291
mlt,sex_f,ocu_isco88_5,2010,0.663
mlt,sex_f,ocu_isco88_9,2010,0.263
mlt,sex_f,ocu_isco88_total,2007,0.854
mlt,sex_f,ocu_isco88_total,2008,1.003
mlt,sex_f,ocu_isco88_total,2009,0.5
mlt,sex_f,ocu_isco88_total,2010,1.659
mlt,sex_f,ocu_isco88_x,2008,0.412
mlt,sex_f,ocu_skill_l1,2010,0.263
mlt,sex_f,ocu_skill_l1,2011,0.219
mlt,sex_f,ocu_skill_l2,2007,0.632
mlt,sex_f,ocu_skill_l2,2008,0.32
mlt,sex_f,ocu_skill_l2,2009,0.344
mlt,sex_f,ocu_skill_l2,2010,0.91
mlt,sex_f,ocu_skill_l2,2011,0.944
mlt,sex_f,ocu_skill_l2,2012,1.137
mlt,sex_f,ocu_skill_l2,2013,0.378
mlt,sex_f,ocu_skill_l2,2014,0.355
mlt,sex_f,ocu_skill_l2,2015,0.267
mlt,sex_f,ocu_skill_l2,2016,0.285
mlt,sex_f,ocu_skill_l2,2017,0.3
mlt,sex_f,ocu_skill_l2,2018,0.22
mlt,sex_f,ocu_skill_l2,2019,0.525
mlt,sex_f,ocu_skill_l2,2020,0.423
mlt,sex_f,ocu_skill_l2,2021,0.287
mlt,sex_f,ocu_skill_l3_4,2010,0.486
mlt,sex_f,ocu_skill_l3_4,2011,0.28
mlt,sex_f,ocu_skill_l3_4,2012,0.195
mlt,sex_f,ocu_skill_l3_4,2013,0.195
mlt,sex_f,ocu_skill_l3_4,2014,0.285
mlt,sex_f,ocu_skill_l3_4,2015,0.257
mlt,sex_f,ocu_skill_l3_4,2016,0.166
mlt,sex_f,ocu_skill_l3_4,2017,0.1
mlt,sex_f,ocu_skill_l3_4,2018,0.268
mlt,sex_f,ocu_skill_total,2007,0.854
mlt,sex_f,ocu_skill_total,2008,1.003
mlt,sex_f,ocu_skill_total,2009,0.5
mlt,sex_f,ocu_skill_total,2010,1.659
mlt,sex_f,ocu_skill_total,2011,1.442
mlt,sex_f,ocu_skill_total,2012,1.479
mlt,sex_f,ocu_skill_total,2013,0.574
mlt,sex_f,ocu_skill_total,2014,0.667
mlt,sex_f,ocu_skill_total,2015,0.541
mlt,sex_f,ocu_skill_total,2016,0.451
mlt,sex_f,ocu_skill_total,2017,0.4
mlt,sex_f,ocu_skill_total,2018,0.487
mlt,sex_f,ocu_skill_total,2019,0.732
mlt,sex_f,ocu_skill_total,2020,0.698
mlt,sex_f,ocu_skill_total,2021,0.438
mlt,sex_f,ocu_skill_x,2008,0.412
mlt,sex_m,ocu_isco08_1,2011,0.292
mlt,sex_m,ocu_isco08_1,2018,0.393
mlt,sex_m,ocu_isco08_2,2011,0.225
mlt,sex_m,ocu_isco08_3,2011,0.224
mlt,sex_m,ocu_isco08_3,2012,0.229
mlt,sex_m,ocu_isco08_3,2017,0.393
mlt,sex_m,ocu_isco08_3,2021,0.456
mlt,sex_m,ocu_isco08_5,2011,0.402
mlt,sex_m,ocu_isco08_5,2012,0.17
mlt,sex_m,ocu_isco08_5,2015,0.162
mlt,sex_m,ocu_isco08_5,2016,0.314
mlt,sex_m,ocu_isco08_5,2017,0.438
mlt,sex_m,ocu_isco08_7,2011,0.278
mlt,sex_m,ocu_isco08_7,2012,0.218
mlt,sex_m,ocu_isco08_7,2016,0.234
mlt,sex_m,ocu_isco08_7,2017,0.245
mlt,sex_m,ocu_isco08_8,2011,0.274
mlt,sex_m,ocu_isco08_8,2012,0.175
mlt,sex_m,ocu_isco08_8,2015,0.404
mlt,sex_m,ocu_isco08_total,2011,2.033
mlt,sex_m,ocu_isco08_total,2012,1.156
mlt,sex_m,ocu_isco08_total,2013,0.393
mlt,sex_m,ocu_isco08_total,2014,0.421
mlt,sex_m,ocu_isco08_total,2015,1.002
mlt,sex_m,ocu_isco08_total,2016,1.086
mlt,sex_m,ocu_isco08_total,2017,1.597
mlt,sex_m,ocu_isco08_total,2018,0.971
mlt,sex_m,ocu_isco08_total,2019,0.705
mlt,sex_m,ocu_isco08_total,2020,0.876
mlt,sex_m,ocu_isco08_total,2021,1.408
mlt,sex_m,ocu_isco88_2,2010,0.24
mlt,sex_m,ocu_isco88_5,2007,0.212
mlt,sex_m,ocu_isco88_7,2007,0.218
mlt,sex_m,ocu_isco88_7,2008,0.4
mlt,sex_m,ocu_isco88_7,2010,0.28
mlt,sex_m,ocu_isco88_total,2007,0.976
mlt,sex_m,ocu_isco88_total,2008,1.458
mlt,sex_m,ocu_isco88_total,2009,0.542
mlt,sex_m,ocu_isco88_total,2010,1.492
mlt,sex_m,ocu_isco88_x,2008,0.615
mlt,sex_m,ocu_skill_l2,2007,0.586
mlt,sex_m,ocu_skill_l2,2008,0.582
mlt,sex_m,ocu_skill_l2,2009,0.336
mlt,sex_m,ocu_skill_l2,2010,0.784
mlt,sex_m,ocu_skill_l2,2011,1.081
mlt,sex_m,ocu_skill_l2,2012,0.618
mlt,sex_m,ocu_skill_l2,2013,0.269
mlt,sex_m,ocu_skill_l2,2014,0.35
mlt,sex_m,ocu_skill_l2,2015,0.722
mlt,sex_m,ocu_skill_l2,2016,0.781
mlt,sex_m,ocu_skill_l2,2017,0.881
mlt,sex_m,ocu_skill_l2,2018,0.427
mlt,sex_m,ocu_skill_l2,2019,0.315
mlt,sex_m,ocu_skill_l2,2020,0.381
mlt,sex_m,ocu_skill_l2,2021,0.714
mlt,sex_m,ocu_skill_l3_4,2007,0.261
mlt,sex_m,ocu_skill_l3_4,2008,0.261
mlt,sex_m,ocu_skill_l3_4,2010,0.451
mlt,sex_m,ocu_skill_l3_4,2011,0.741
mlt,sex_m,ocu_skill_l3_4,2012,0.288
mlt,sex_m,ocu_skill_l3_4,2016,0.305
mlt,sex_m,ocu_skill_l3_4,2017,0.669
mlt,sex_m,ocu_skill_l3_4,2018,0.544
mlt,sex_m,ocu_skill_l3_4,2020,0.495
mlt,sex_m,ocu_skill_l3_4,2021,0.554
mlt,sex_m,ocu_skill_total,2007,0.976
mlt,sex_m,ocu_skill_total,2008,1.458
mlt,sex_m,ocu_skill_total,2009,0.542
mlt,sex_m,ocu_skill_total,2010,1.492
mlt,sex_m,ocu_skill_total,2011,2.033
mlt,sex_m,ocu_skill_total,2012,1.156
mlt,sex_m,ocu_skill_total,2013,0.393
mlt,sex_m,ocu_skill_total,2014,0.421
mlt,sex_m,ocu_skill_total,2015,1.002
mlt,sex_m,ocu_skill_total,2016,1.086
mlt,sex_m,ocu_skill_total,2017,1.597
mlt,sex_m,ocu_skill_total,2018,0.971
mlt,sex_m,ocu_skill_total,2019,0.705
mlt,sex_m,ocu_skill_total,2020,0.876
mlt,sex_m,ocu_skill_total,2021,1.408
mlt,sex_m,ocu_skill_x,2008,0.615
mlt,sex_t,ocu_isco08_1,2011,0.327
mlt,sex_t,ocu_isco08_1,2018,0.555
mlt,sex_t,ocu_isco08_2,2011,0.331
mlt,sex_t,ocu_isco08_2,2016,0.184
mlt,sex_t,ocu_isco08_3,2011,0.362
mlt,sex_t,ocu_isco08_3,2012,0.353
mlt,sex_t,ocu_isco08_3,2013,0.13
mlt,sex_t,ocu_isco08_3,2017,0.478
mlt,sex_t,ocu_isco08_3,2020,0.404
mlt,sex_t,ocu_isco08_3,2021,0.591
mlt,sex_t,ocu_isco08_4,2012,0.296
mlt,sex_t,ocu_isco08_5,2011,1.263
mlt,sex_t,ocu_isco08_5,2012,0.94
mlt,sex_t,ocu_isco08_5,2013,0.375
mlt,sex_t,ocu_isco08_5,2014,0.37
mlt,sex_t,ocu_isco08_5,2015,0.343
mlt,sex_t,ocu_isco08_5,2016,0.507
mlt,sex_t,ocu_isco08_5,2017,0.721
mlt,sex_t,ocu_isco08_5,2018,0.23
mlt,sex_t,ocu_isco08_5,2019,0.385
mlt,sex_t,ocu_isco08_5,2020,0.365
mlt,sex_t,ocu_isco08_5,2021,0.275
mlt,sex_t,ocu_isco08_7,2011,0.304
mlt,sex_t,ocu_isco08_7,2012,0.261
mlt,sex_t,ocu_isco08_7,2016,0.266
mlt,sex_t,ocu_isco08_7,2017,0.245
mlt,sex_t,ocu_isco08_7,2021,0.486
mlt,sex_t,ocu_isco08_8,2011,0.274
mlt,sex_t,ocu_isco08_8,2012,0.204
mlt,sex_t,ocu_isco08_8,2015,0.404
mlt,sex_t,ocu_isco08_9,2011,0.416
mlt,sex_t,ocu_isco08_9,2012,0.291
mlt,sex_t,ocu_isco08_total,2011,3.476
mlt,sex_t,ocu_isco08_total,2012,2.635
mlt,sex_t,ocu_isco08_total,2013,0.966
mlt,sex_t,ocu_isco08_total,2014,1.089
mlt,sex_t,ocu_isco08_total,2015,1.543
mlt,sex_t,ocu_isco08_total,2016,1.537
mlt,sex_t,ocu_isco08_total,2017,1.997
mlt,sex_t,ocu_isco08_total,2018,1.459
mlt,sex_t,ocu_isco08_total,2019,1.437
mlt,sex_t,ocu_isco08_total,2020,1.574
mlt,sex_t,ocu_isco08_total,2021,1.845
mlt,sex_t,ocu_isco88_1,2010,0.202
mlt,sex_t,ocu_isco88_2,2008,0.241
mlt,sex_t,ocu_isco88_2,2010,0.45
mlt,sex_t,ocu_isco88_3,2010,0.285
mlt,sex_t,ocu_isco88_4,2007,0.345
mlt,sex_t,ocu_isco88_5,2007,0.551
mlt,sex_t,ocu_isco88_5,2008,0.443
mlt,sex_t,ocu_isco88_5,2009,0.28
mlt,sex_t,ocu_isco88_5,2010,0.918
mlt,sex_t,ocu_isco88_6,2009,0.146
mlt,sex_t,ocu_isco88_7,2007,0.24
mlt,sex_t,ocu_isco88_7,2008,0.43
mlt,sex_t,ocu_isco88_7,2009,0.19
mlt,sex_t,ocu_isco88_7,2010,0.302
mlt,sex_t,ocu_isco88_8,2010,0.144
mlt,sex_t,ocu_isco88_9,2010,0.52
mlt,sex_t,ocu_isco88_total,2007,1.83
mlt,sex_t,ocu_isco88_total,2008,2.462
mlt,sex_t,ocu_isco88_total,2009,1.042
mlt,sex_t,ocu_isco88_total,2010,3.151
mlt,sex_t,ocu_isco88_x,2008,1.028
mlt,sex_t,ocu_skill_l1,2010,0.52
mlt,sex_t,ocu_skill_l1,2011,0.416
mlt,sex_t,ocu_skill_l1,2012,0.291
mlt,sex_t,ocu_skill_l2,2007,1.218
mlt,sex_t,ocu_skill_l2,2008,0.902
mlt,sex_t,ocu_skill_l2,2009,0.68
mlt,sex_t,ocu_skill_l2,2010,1.693
mlt,sex_t,ocu_skill_l2,2011,2.024
mlt,sex_t,ocu_skill_l2,2012,1.756
mlt,sex_t,ocu_skill_l2,2013,0.647
mlt,sex_t,ocu_skill_l2,2014,0.705
mlt,sex_t,ocu_skill_l2,2015,0.989
mlt,sex_t,ocu_skill_l2,2016,1.066
mlt,sex_t,ocu_skill_l2,2017,1.181
mlt,sex_t,ocu_skill_l2,2018,0.647
mlt,sex_t,ocu_skill_l2,2019,0.841
mlt,sex_t,ocu_skill_l2,2020,0.804
mlt,sex_t,ocu_skill_l2,2021,1.001
mlt,sex_t,ocu_skill_l3_4,2007,0.412
mlt,sex_t,ocu_skill_l3_4,2008,0.313
mlt,sex_t,ocu_skill_l3_4,2009,0.259
mlt,sex_t,ocu_skill_l3_4,2010,0.937
mlt,sex_t,ocu_skill_l3_4,2011,1.021
mlt,sex_t,ocu_skill_l3_4,2012,0.484
mlt,sex_t,ocu_skill_l3_4,2013,0.281
mlt,sex_t,ocu_skill_l3_4,2014,0.357
mlt,sex_t,ocu_skill_l3_4,2015,0.477
mlt,sex_t,ocu_skill_l3_4,2016,0.471
mlt,sex_t,ocu_skill_l3_4,2017,0.77
mlt,sex_t,ocu_skill_l3_4,2018,0.812
mlt,sex_t,ocu_skill_l3_4,2020,0.754
mlt,sex_t,ocu_skill_l3_4,2021,0.69
mlt,sex_t,ocu_skill_total,2007,1.83
mlt,sex_t,ocu_skill_total,2008,2.462
mlt,sex_t,ocu_skill_total,2009,1.042
mlt,sex_t,ocu_skill_total,2010,3.151
mlt,sex_t,ocu_skill_total,2011,3.476
mlt,sex_t,ocu_skill_total,2012,2.635
mlt,sex_t,ocu_skill_total,2013,0.966
mlt,sex_t,ocu_skill_total,2014,1.089
mlt,sex_t,ocu_skill_total,2015,1.543
mlt,sex_t,ocu_skill_total,2016,1.537
mlt,sex_t,ocu_skill_total,2017,1.997
mlt,sex_t,ocu_skill_total,2018,1.459
mlt,sex_t,ocu_skill_total,2019,1.437
mlt,sex_t,ocu_skill_total,2020,1.574
mlt,sex_t,ocu_skill_total,2021,1.845
mlt,sex_t,ocu_skill_x,2008,1.028
mmr,sex_f,ocu_isco08_1,2015,29.523
mmr,sex_f,ocu_isco08_1,2017,31.705
mmr,sex_f,ocu_isco08_1,2018,35.7
mmr,sex_f,ocu_isco08_1,2019,33.946
mmr,sex_f,ocu_isco08_1,2020,26.022
mmr,sex_f,ocu_isco08_2,2015,102.281
mmr,sex_f,ocu_isco08_2,2017,110.017
mmr,sex_f,ocu_isco08_2,2018,98.592
mmr,sex_f,ocu_isco08_2,2019,62.546
mmr,sex_f,ocu_isco08_2,2020,126.678
mmr,sex_f,ocu_isco08_3,2015,56.94
mmr,sex_f,ocu_isco08_3,2017,51.453
mmr,sex_f,ocu_isco08_3,2018,64.766
mmr,sex_f,ocu_isco08_3,2019,47.105
mmr,sex_f,ocu_isco08_3,2020,43.899
mmr,sex_f,ocu_isco08_4,2015,83.278
mmr,sex_f,ocu_isco08_4,2017,125.858
mmr,sex_f,ocu_isco08_4,2018,115.376
mmr,sex_f,ocu_isco08_4,2019,136.733
mmr,sex_f,ocu_isco08_4,2020,200.994
mmr,sex_f,ocu_isco08_5,2015,1823.51
mmr,sex_f,ocu_isco08_5,2017,1897.214
mmr,sex_f,ocu_isco08_5,2018,2196.569
mmr,sex_f,ocu_isco08_5,2019,2304.01
mmr,sex_f,ocu_isco08_5,2020,2281.822
mmr,sex_f,ocu_isco08_6,2015,3169.14
mmr,sex_f,ocu_isco08_6,2017,3035.096
mmr,sex_f,ocu_isco08_6,2018,2805.622
mmr,sex_f,ocu_isco08_6,2019,2721.724
mmr,sex_f,ocu_isco08_6,2020,2517.198
mmr,sex_f,ocu_isco08_7,2015,881.414
mmr,sex_f,ocu_isco08_7,2017,883.822
mmr,sex_f,ocu_isco08_7,2018,1165.029
mmr,sex_f,ocu_isco08_7,2019,1177.162
mmr,sex_f,ocu_isco08_7,2020,1051.225
mmr,sex_f,ocu_isco08_8,2015,122.042
mmr,sex_f,ocu_isco08_8,2017,110.641
mmr,sex_f,ocu_isco08_8,2018,107.804
mmr,sex_f,ocu_isco08_8,2019,71.651
mmr,sex_f,ocu_isco08_8,2020,41.283
mmr,sex_f,ocu_isco08_9,2015,1549.41
mmr,sex_f,ocu_isco08_9,2017,1844.63
mmr,sex_f,ocu_isco08_9,2018,1829.779
mmr,sex_f,ocu_isco08_9,2019,1692.066
mmr,sex_f,ocu_isco08_9,2020,1419.889
mmr,sex_f,ocu_isco08_total,2015,7864.745
mmr,sex_f,ocu_isco08_total,2017,8092.115
mmr,sex_f,ocu_isco08_total,2018,8419.936
mmr,sex_f,ocu_isco08_total,2019,8246.943
mmr,sex_f,ocu_isco08_total,2020,7709.007
mmr,sex_f,ocu_isco08_x,2015,46.702
mmr,sex_f,ocu_skill_l1,2015,1549.41
mmr,sex_f,ocu_skill_l1,2017,1844.63
mmr,sex_f,ocu_skill_l1,2018,1829.779
mmr,sex_f,ocu_skill_l1,2019,1692.066
mmr,sex_f,ocu_skill_l1,2020,1419.889
mmr,sex_f,ocu_skill_l2,2015,6079.383
mmr,sex_f,ocu_skill_l2,2017,6052.631
mmr,sex_f,ocu_skill_l2,2018,6390.4
mmr,sex_f,ocu_skill_l2,2019,6411.28
mmr,sex_f,ocu_skill_l2,2020,6092.521
mmr,sex_f,ocu_skill_l3_4,2015,188.744
mmr,sex_f,ocu_skill_l3_4,2017,193.174
mmr,sex_f,ocu_skill_l3_4,2018,199.058
mmr,sex_f,ocu_skill_l3_4,2019,143.597
mmr,sex_f,ocu_skill_l3_4,2020,196.598
mmr,sex_f,ocu_skill_total,2015,7864.745
mmr,sex_f,ocu_skill_total,2017,8092.115
mmr,sex_f,ocu_skill_total,2018,8419.936
mmr,sex_f,ocu_skill_total,2019,8246.943
mmr,sex_f,ocu_skill_total,2020,7709.007
mmr,sex_f,ocu_skill_x,2015,47.208
mmr,sex_m,ocu_isco08_0,2015,3.068
mmr,sex_m,ocu_isco08_1,2015,60.015
mmr,sex_m,ocu_isco08_1,2017,59.527
mmr,sex_m,ocu_isco08_1,2018,75.832
mmr,sex_m,ocu_isco08_1,2019,63.448
mmr,sex_m,ocu_isco08_1,2020,60.924
mmr,sex_m,ocu_isco08_2,2015,77.404
mmr,sex_m,ocu_isco08_2,2017,62.634
mmr,sex_m,ocu_isco08_2,2018,56.856
mmr,sex_m,ocu_isco08_2,2019,49.326
mmr,sex_m,ocu_isco08_2,2020,75.014
mmr,sex_m,ocu_isco08_3,2015,183.551
mmr,sex_m,ocu_isco08_3,2017,150.19
mmr,sex_m,ocu_isco08_3,2018,201.78
mmr,sex_m,ocu_isco08_3,2019,158.386
mmr,sex_m,ocu_isco08_3,2020,150.77
mmr,sex_m,ocu_isco08_4,2015,82.14
mmr,sex_m,ocu_isco08_4,2017,76.558
mmr,sex_m,ocu_isco08_4,2018,88.156
mmr,sex_m,ocu_isco08_4,2019,99.814
mmr,sex_m,ocu_isco08_4,2020,154.877
mmr,sex_m,ocu_isco08_5,2015,1014.052
mmr,sex_m,ocu_isco08_5,2017,1042.112
mmr,sex_m,ocu_isco08_5,2018,1068.52
mmr,sex_m,ocu_isco08_5,2019,1182.422
mmr,sex_m,ocu_isco08_5,2020,1275.806
mmr,sex_m,ocu_isco08_6,2015,4391.521
mmr,sex_m,ocu_isco08_6,2017,3957.832
mmr,sex_m,ocu_isco08_6,2018,3463.947
mmr,sex_m,ocu_isco08_6,2019,3621.961
mmr,sex_m,ocu_isco08_6,2020,3857.555
mmr,sex_m,ocu_isco08_7,2015,1497.226
mmr,sex_m,ocu_isco08_7,2017,1280.424
mmr,sex_m,ocu_isco08_7,2018,1554.858
mmr,sex_m,ocu_isco08_7,2019,1558.34
mmr,sex_m,ocu_isco08_7,2020,1554.289
mmr,sex_m,ocu_isco08_8,2015,643.437
mmr,sex_m,ocu_isco08_8,2017,706.16
mmr,sex_m,ocu_isco08_8,2018,696.113
mmr,sex_m,ocu_isco08_8,2019,883.094
mmr,sex_m,ocu_isco08_8,2020,1021.055
mmr,sex_m,ocu_isco08_9,2015,2134.052
mmr,sex_m,ocu_isco08_9,2017,2480.93
mmr,sex_m,ocu_isco08_9,2018,2633.066
mmr,sex_m,ocu_isco08_9,2019,2135.272
mmr,sex_m,ocu_isco08_9,2020,2173.645
mmr,sex_m,ocu_isco08_total,2015,10126.897
mmr,sex_m,ocu_isco08_total,2017,9817.109
mmr,sex_m,ocu_isco08_total,2018,9839.354
mmr,sex_m,ocu_isco08_total,2019,9752.201
mmr,sex_m,ocu_isco08_total,2020,10324.5
mmr,sex_m,ocu_isco08_x,2015,40.431
mmr,sex_m,ocu_skill_l1,2015,2134.052
mmr,sex_m,ocu_skill_l1,2017,2480.93
mmr,sex_m,ocu_skill_l1,2018,2633.066
mmr,sex_m,ocu_skill_l1,2019,2135.272
mmr,sex_m,ocu_skill_l1,2020,2173.645
mmr,sex_m,ocu_skill_l2,2015,7628.377
mmr,sex_m,ocu_skill_l2,2017,7063.086
mmr,sex_m,ocu_skill_l2,2018,6871.594
mmr,sex_m,ocu_skill_l2,2019,7345.63
mmr,sex_m,ocu_skill_l2,2020,7863.581
mmr,sex_m,ocu_skill_l3_4,2015,320.97
mmr,sex_m,ocu_skill_l3_4,2017,272.35
mmr,sex_m,ocu_skill_l3_4,2018,334.468
mmr,sex_m,ocu_skill_l3_4,2019,271.16
mmr,sex_m,ocu_skill_l3_4,2020,286.709
mmr,sex_m,ocu_skill_total,2015,10126.897
mmr,sex_m,ocu_skill_total,2017,9817.109
mmr,sex_m,ocu_skill_total,2018,9839.354
mmr,sex_m,ocu_skill_total,2019,9752.201
mmr,sex_m,ocu_skill_total,2020,10324.5
mmr,sex_m,ocu_skill_x,2015,43.498
mmr,sex_t,ocu_isco08_0,2015,3.573
mmr,sex_t,ocu_isco08_0,2017,2.421
mmr,sex_t,ocu_isco08_1,2015,89.538
mmr,sex_t,ocu_isco08_1,2017,91.232
mmr,sex_t,ocu_isco08_1,2018,111.532
mmr,sex_t,ocu_isco08_1,2019,97.394
mmr,sex_t,ocu_isco08_1,2020,86.946
mmr,sex_t,ocu_isco08_2,2015,179.685
mmr,sex_t,ocu_isco08_2,2017,172.65
mmr,sex_t,ocu_isco08_2,2018,155.448
mmr,sex_t,ocu_isco08_2,2019,111.872
mmr,sex_t,ocu_isco08_2,2020,201.692
mmr,sex_t,ocu_isco08_3,2015,240.491
mmr,sex_t,ocu_isco08_3,2017,201.643
mmr,sex_t,ocu_isco08_3,2018,266.546
mmr,sex_t,ocu_isco08_3,2019,205.491
mmr,sex_t,ocu_isco08_3,2020,194.669
mmr,sex_t,ocu_isco08_4,2015,165.419
mmr,sex_t,ocu_isco08_4,2017,202.416
mmr,sex_t,ocu_isco08_4,2018,203.532
mmr,sex_t,ocu_isco08_4,2019,236.547
mmr,sex_t,ocu_isco08_4,2020,355.871
mmr,sex_t,ocu_isco08_5,2015,2837.562
mmr,sex_t,ocu_isco08_5,2017,2939.326
mmr,sex_t,ocu_isco08_5,2018,3265.089
mmr,sex_t,ocu_isco08_5,2019,3486.432
mmr,sex_t,ocu_isco08_5,2020,3557.627
mmr,sex_t,ocu_isco08_6,2015,7560.661
mmr,sex_t,ocu_isco08_6,2017,6992.928
mmr,sex_t,ocu_isco08_6,2018,6269.569
mmr,sex_t,ocu_isco08_6,2019,6343.685
mmr,sex_t,ocu_isco08_6,2020,6374.753
mmr,sex_t,ocu_isco08_7,2015,2378.64
mmr,sex_t,ocu_isco08_7,2017,2164.246
mmr,sex_t,ocu_isco08_7,2018,2719.887
mmr,sex_t,ocu_isco08_7,2019,2735.501
mmr,sex_t,ocu_isco08_7,2020,2605.513
mmr,sex_t,ocu_isco08_8,2015,765.478
mmr,sex_t,ocu_isco08_8,2017,816.801
mmr,sex_t,ocu_isco08_8,2018,803.917
mmr,sex_t,ocu_isco08_8,2019,954.745
mmr,sex_t,ocu_isco08_8,2020,1062.338
mmr,sex_t,ocu_isco08_9,2015,3683.461
mmr,sex_t,ocu_isco08_9,2017,4325.56
mmr,sex_t,ocu_isco08_9,2018,4462.846
mmr,sex_t,ocu_isco08_9,2019,3827.338
mmr,sex_t,ocu_isco08_9,2020,3593.534
mmr,sex_t,ocu_isco08_total,2015,17991.642
mmr,sex_t,ocu_isco08_total,2017,17909.224
mmr,sex_t,ocu_isco08_total,2018,18259.29
mmr,sex_t,ocu_isco08_total,2019,17999.144
mmr,sex_t,ocu_isco08_total,2020,18033.507
mmr,sex_t,ocu_isco08_x,2015,87.133
mmr,sex_t,ocu_skill_l1,2015,3683.461
mmr,sex_t,ocu_skill_l1,2017,4325.56
mmr,sex_t,ocu_skill_l1,2018,4462.846
mmr,sex_t,ocu_skill_l1,2019,3827.338
mmr,sex_t,ocu_skill_l1,2020,3593.534
mmr,sex_t,ocu_skill_l2,2015,13707.76
mmr,sex_t,ocu_skill_l2,2017,13115.718
mmr,sex_t,ocu_skill_l2,2018,13261.994
mmr,sex_t,ocu_skill_l2,2019,13756.91
mmr,sex_t,ocu_skill_l2,2020,13956.102
mmr,sex_t,ocu_skill_l3_4,2015,509.714
mmr,sex_t,ocu_skill_l3_4,2017,465.525
mmr,sex_t,ocu_skill_l3_4,2018,533.526
mmr,sex_t,ocu_skill_l3_4,2019,414.757
mmr,sex_t,ocu_skill_l3_4,2020,483.307
mmr,sex_t,ocu_skill_total,2015,17991.642
mmr,sex_t,ocu_skill_total,2017,17909.224
mmr,sex_t,ocu_skill_total,2018,18259.29
mmr,sex_t,ocu_skill_total,2019,17999.144
mmr,sex_t,ocu_skill_total,2020,18033.507
mmr,sex_t,ocu_skill_x,2015,90.707
mmr,sex_t,ocu_skill_x,2017,2.421
mng,sex_f,ocu_isco08_0,2023,11.01
mng,sex_f,ocu_isco08_1,2008,2.145
mng,sex_f,ocu_isco08_1,2009,2.7
mng,sex_f,ocu_isco08_1,2010,3.936
mng,sex_f,ocu_isco08_1,2011,4.358
mng,sex_f,ocu_isco08_1,2012,4.905
mng,sex_f,ocu_isco08_1,2013,7.055
mng,sex_f,ocu_isco08_1,2014,3.895
mng,sex_f,ocu_isco08_1,2015,4.062
mng,sex_f,ocu_isco08_1,2016,5.573
mng,sex_f,ocu_isco08_1,2017,5.169
mng,sex_f,ocu_isco08_1,2018,3.941
mng,sex_f,ocu_isco08_1,2019,0.774
mng,sex_f,ocu_isco08_1,2020,1.932
mng,sex_f,ocu_isco08_1,2021,1.64
mng,sex_f,ocu_isco08_1,2022,1.841
mng,sex_f,ocu_isco08_1,2023,2.595
mng,sex_f,ocu_isco08_2,2008,3.163
mng,sex_f,ocu_isco08_2,2009,2.377
mng,sex_f,ocu_isco08_2,2010,3.465
mng,sex_f,ocu_isco08_2,2011,5.451
mng,sex_f,ocu_isco08_2,2012,5.942
mng,sex_f,ocu_isco08_2,2013,4.614
mng,sex_f,ocu_isco08_2,2014,4.308
mng,sex_f,ocu_isco08_2,2015,4.754
mng,sex_f,ocu_isco08_2,2016,3.136
mng,sex_f,ocu_isco08_2,2017,4.206
mng,sex_f,ocu_isco08_2,2018,4.674
mng,sex_f,ocu_isco08_2,2019,3.382
mng,sex_f,ocu_isco08_2,2020,3.699
mng,sex_f,ocu_isco08_2,2021,1.412
mng,sex_f,ocu_isco08_2,2022,4.297
mng,sex_f,ocu_isco08_2,2023,2.999
mng,sex_f,ocu_isco08_3,2008,2.431
mng,sex_f,ocu_isco08_3,2010,3.225
mng,sex_f,ocu_isco08_3,2011,1.802
mng,sex_f,ocu_isco08_3,2012,1.753
mng,sex_f,ocu_isco08_3,2013,0.876
mng,sex_f,ocu_isco08_3,2014,1.255
mng,sex_f,ocu_isco08_3,2015,0.981
mng,sex_f,ocu_isco08_3,2016,1.098
mng,sex_f,ocu_isco08_3,2017,0.619
mng,sex_f,ocu_isco08_3,2018,1.047
mng,sex_f,ocu_isco08_3,2019,0.854
mng,sex_f,ocu_isco08_3,2020,0.825
mng,sex_f,ocu_isco08_3,2021,1.329
mng,sex_f,ocu_isco08_3,2022,1.867
mng,sex_f,ocu_isco08_3,2023,2.158
mng,sex_f,ocu_isco08_4,2008,0.813
mng,sex_f,ocu_isco08_4,2009,0.557
mng,sex_f,ocu_isco08_4,2010,1.169
mng,sex_f,ocu_isco08_4,2011,1.018
mng,sex_f,ocu_isco08_4,2012,2.075
mng,sex_f,ocu_isco08_4,2013,2.299
mng,sex_f,ocu_isco08_4,2014,1.855
mng,sex_f,ocu_isco08_4,2015,1.564
mng,sex_f,ocu_isco08_4,2016,1.992
mng,sex_f,ocu_isco08_4,2017,1.489
mng,sex_f,ocu_isco08_4,2018,1.744
mng,sex_f,ocu_isco08_4,2019,2.687
mng,sex_f,ocu_isco08_4,2020,1.677
mng,sex_f,ocu_isco08_4,2021,0.934
mng,sex_f,ocu_isco08_4,2023,0.473
mng,sex_f,ocu_isco08_5,2008,29.273
mng,sex_f,ocu_isco08_5,2009,27.637
mng,sex_f,ocu_isco08_5,2010,42.92
mng,sex_f,ocu_isco08_5,2011,64.191
mng,sex_f,ocu_isco08_5,2012,72.289
mng,sex_f,ocu_isco08_5,2013,82.097
mng,sex_f,ocu_isco08_5,2014,62.464
mng,sex_f,ocu_isco08_5,2015,61.368
mng,sex_f,ocu_isco08_5,2016,61.591
mng,sex_f,ocu_isco08_5,2017,73.013
mng,sex_f,ocu_isco08_5,2018,69.63
mng,sex_f,ocu_isco08_5,2019,41.161
mng,sex_f,ocu_isco08_5,2020,35.457
mng,sex_f,ocu_isco08_5,2021,35.378
mng,sex_f,ocu_isco08_5,2022,43.49
mng,sex_f,ocu_isco08_5,2023,35.598
mng,sex_f,ocu_isco08_6,2008,158.327
mng,sex_f,ocu_isco08_6,2009,157.971
mng,sex_f,ocu_isco08_6,2010,152.729
mng,sex_f,ocu_isco08_6,2011,154.362
mng,sex_f,ocu_isco08_6,2012,169.584
mng,sex_f,ocu_isco08_6,2013,146.651
mng,sex_f,ocu_isco08_6,2014,135.495
mng,sex_f,ocu_isco08_6,2015,145.775
mng,sex_f,ocu_isco08_6,2016,149.21
mng,sex_f,ocu_isco08_6,2017,149.859
mng,sex_f,ocu_isco08_6,2018,140.385
mng,sex_f,ocu_isco08_6,2019,178.688
mng,sex_f,ocu_isco08_6,2020,163.662
mng,sex_f,ocu_isco08_6,2021,152.195
mng,sex_f,ocu_isco08_6,2022,156.388
mng,sex_f,ocu_isco08_6,2023,143.01
mng,sex_f,ocu_isco08_7,2008,16.983
mng,sex_f,ocu_isco08_7,2009,15.597
mng,sex_f,ocu_isco08_7,2010,20.549
mng,sex_f,ocu_isco08_7,2011,19.503
mng,sex_f,ocu_isco08_7,2012,18.332
mng,sex_f,ocu_isco08_7,2013,23.08
mng,sex_f,ocu_isco08_7,2014,21.966
mng,sex_f,ocu_isco08_7,2015,22.125
mng,sex_f,ocu_isco08_7,2016,23.166
mng,sex_f,ocu_isco08_7,2017,23.835
mng,sex_f,ocu_isco08_7,2018,24.293
mng,sex_f,ocu_isco08_7,2019,19.576
mng,sex_f,ocu_isco08_7,2020,17.356
mng,sex_f,ocu_isco08_7,2021,15.157
mng,sex_f,ocu_isco08_7,2022,18.654
mng,sex_f,ocu_isco08_7,2023,17.144
mng,sex_f,ocu_isco08_8,2008,1.261
mng,sex_f,ocu_isco08_8,2009,0.749
mng,sex_f,ocu_isco08_8,2010,1.74
mng,sex_f,ocu_isco08_8,2011,1.85
mng,sex_f,ocu_isco08_8,2012,1.539
mng,sex_f,ocu_isco08_8,2013,2.751
mng,sex_f,ocu_isco08_8,2014,2.284
mng,sex_f,ocu_isco08_8,2015,2.021
mng,sex_f,ocu_isco08_8,2016,1.967
mng,sex_f,ocu_isco08_8,2017,2.413
mng,sex_f,ocu_isco08_8,2018,2.445
mng,sex_f,ocu_isco08_8,2019,0.764
mng,sex_f,ocu_isco08_8,2020,2.267
mng,sex_f,ocu_isco08_8,2021,0.708
mng,sex_f,ocu_isco08_8,2022,1.269
mng,sex_f,ocu_isco08_8,2023,1.306
mng,sex_f,ocu_isco08_9,2008,7.857
mng,sex_f,ocu_isco08_9,2009,7.9
mng,sex_f,ocu_isco08_9,2010,8.975
mng,sex_f,ocu_isco08_9,2011,11.302
mng,sex_f,ocu_isco08_9,2012,9.521
mng,sex_f,ocu_isco08_9,2013,8.542
mng,sex_f,ocu_isco08_9,2014,6.674
mng,sex_f,ocu_isco08_9,2015,8.369
mng,sex_f,ocu_isco08_9,2016,7.657
mng,sex_f,ocu_isco08_9,2017,10.307
mng,sex_f,ocu_isco08_9,2018,8.889
mng,sex_f,ocu_isco08_9,2019,8.395
mng,sex_f,ocu_isco08_9,2020,9.782
mng,sex_f,ocu_isco08_9,2021,6.369
mng,sex_f,ocu_isco08_9,2022,12.22
mng,sex_f,ocu_isco08_9,2023,8.944
mng,sex_f,ocu_isco08_total,2008,222.254
mng,sex_f,ocu_isco08_total,2009,216.069
mng,sex_f,ocu_isco08_total,2010,239.347
mng,sex_f,ocu_isco08_total,2011,263.893
mng,sex_f,ocu_isco08_total,2012,285.941
mng,sex_f,ocu_isco08_total,2013,278.099
mng,sex_f,ocu_isco08_total,2014,240.378
mng,sex_f,ocu_isco08_total,2015,251.083
mng,sex_f,ocu_isco08_total,2016,255.39
mng,sex_f,ocu_isco08_total,2017,271.32
mng,sex_f,ocu_isco08_total,2018,257.307
mng,sex_f,ocu_isco08_total,2019,267.694
mng,sex_f,ocu_isco08_total,2020,248.097
mng,sex_f,ocu_isco08_total,2021,228.345
mng,sex_f,ocu_isco08_total,2022,250.16
mng,sex_f,ocu_isco08_total,2023,225.237
mng,sex_f,ocu_isco08_x,2010,0.64
mng,sex_f,ocu_isco08_x,2019,11.312
mng,sex_f,ocu_isco08_x,2020,11.44
mng,sex_f,ocu_isco08_x,2021,13.223
mng,sex_f,ocu_isco08_x,2022,9.752
mng,sex_f,ocu_isco88_1,2006,4.585
mng,sex_f,ocu_isco88_2,2006,4.514
mng,sex_f,ocu_isco88_3,2006,2.541
mng,sex_f,ocu_isco88_4,2006,1.308
mng,sex_f,ocu_isco88_5,2006,33.995
mng,sex_f,ocu_isco88_6,2006,163.165
mng,sex_f,ocu_isco88_7,2006,16.475
mng,sex_f,ocu_isco88_8,2006,1.798
mng,sex_f,ocu_isco88_9,2006,11.969
mng,sex_f,ocu_isco88_total,2006,240.663
mng,sex_f,ocu_isco88_x,2006,0.313
mng,sex_f,ocu_skill_l1,2006,11.969
mng,sex_f,ocu_skill_l1,2008,7.857
mng,sex_f,ocu_skill_l1,2009,7.9
mng,sex_f,ocu_skill_l1,2010,8.975
mng,sex_f,ocu_skill_l1,2011,11.302
mng,sex_f,ocu_skill_l1,2012,9.521
mng,sex_f,ocu_skill_l1,2013,8.542
mng,sex_f,ocu_skill_l1,2014,6.674
mng,sex_f,ocu_skill_l1,2015,8.369
mng,sex_f,ocu_skill_l1,2016,7.657
mng,sex_f,ocu_skill_l1,2017,10.307
mng,sex_f,ocu_skill_l1,2018,8.889
mng,sex_f,ocu_skill_l1,2019,8.395
mng,sex_f,ocu_skill_l1,2020,9.782
mng,sex_f,ocu_skill_l1,2021,6.369
mng,sex_f,ocu_skill_l1,2022,12.22
mng,sex_f,ocu_skill_l1,2023,8.944
mng,sex_f,ocu_skill_l2,2006,216.741
mng,sex_f,ocu_skill_l2,2008,206.657
mng,sex_f,ocu_skill_l2,2009,202.511
mng,sex_f,ocu_skill_l2,2010,219.107
mng,sex_f,ocu_skill_l2,2011,240.924
mng,sex_f,ocu_skill_l2,2012,263.819
mng,sex_f,ocu_skill_l2,2013,256.878
mng,sex_f,ocu_skill_l2,2014,224.065
mng,sex_f,ocu_skill_l2,2015,232.854
mng,sex_f,ocu_skill_l2,2016,237.926
mng,sex_f,ocu_skill_l2,2017,250.608
mng,sex_f,ocu_skill_l2,2018,238.497
mng,sex_f,ocu_skill_l2,2019,242.876
mng,sex_f,ocu_skill_l2,2020,220.419
mng,sex_f,ocu_skill_l2,2021,204.372
mng,sex_f,ocu_skill_l2,2022,220.183
mng,sex_f,ocu_skill_l2,2023,197.531
mng,sex_f,ocu_skill_l3_4,2006,11.639
mng,sex_f,ocu_skill_l3_4,2008,7.739
mng,sex_f,ocu_skill_l3_4,2009,5.413
mng,sex_f,ocu_skill_l3_4,2010,10.625
mng,sex_f,ocu_skill_l3_4,2011,11.61
mng,sex_f,ocu_skill_l3_4,2012,12.601
mng,sex_f,ocu_skill_l3_4,2013,12.546
mng,sex_f,ocu_skill_l3_4,2014,9.458
mng,sex_f,ocu_skill_l3_4,2015,9.797
mng,sex_f,ocu_skill_l3_4,2016,9.807
mng,sex_f,ocu_skill_l3_4,2017,9.994
mng,sex_f,ocu_skill_l3_4,2018,9.663
mng,sex_f,ocu_skill_l3_4,2019,5.01
mng,sex_f,ocu_skill_l3_4,2020,6.456
mng,sex_f,ocu_skill_l3_4,2021,4.381
mng,sex_f,ocu_skill_l3_4,2022,8.005
mng,sex_f,ocu_skill_l3_4,2023,7.752
mng,sex_f,ocu_skill_total,2006,240.663
mng,sex_f,ocu_skill_total,2008,222.254
mng,sex_f,ocu_skill_total,2009,216.069
mng,sex_f,ocu_skill_total,2010,239.347
mng,sex_f,ocu_skill_total,2011,263.893
mng,sex_f,ocu_skill_total,2012,285.941
mng,sex_f,ocu_skill_total,2013,278.099
mng,sex_f,ocu_skill_total,2014,240.378
mng,sex_f,ocu_skill_total,2015,251.083
mng,sex_f,ocu_skill_total,2016,255.39
mng,sex_f,ocu_skill_total,2017,271.32
mng,sex_f,ocu_skill_total,2018,257.307
mng,sex_f,ocu_skill_total,2019,267.694
mng,sex_f,ocu_skill_total,2020,248.097
mng,sex_f,ocu_skill_total,2021,228.345
mng,sex_f,ocu_skill_total,2022,250.16
mng,sex_f,ocu_skill_total,2023,225.237
mng,sex_f,ocu_skill_x,2006,0.313
mng,sex_f,ocu_skill_x,2010,0.64
mng,sex_f,ocu_skill_x,2019,11.413
mng,sex_f,ocu_skill_x,2020,11.44
mng,sex_f,ocu_skill_x,2021,13.223
mng,sex_f,ocu_skill_x,2022,9.752
mng,sex_f,ocu_skill_x,2023,11.01
mng,sex_m,ocu_isco08_0,2023,11.482
mng,sex_m,ocu_isco08_1,2008,2.782
mng,sex_m,ocu_isco08_1,2009,5.167
mng,sex_m,ocu_isco08_1,2010,6.834
mng,sex_m,ocu_isco08_1,2011,8.916
mng,sex_m,ocu_isco08_1,2012,6.97
mng,sex_m,ocu_isco08_1,2013,8.426
mng,sex_m,ocu_isco08_1,2014,7.709
mng,sex_m,ocu_isco08_1,2015,8.354
mng,sex_m,ocu_isco08_1,2016,7.696
mng,sex_m,ocu_isco08_1,2017,7.598
mng,sex_m,ocu_isco08_1,2018,8.585
mng,sex_m,ocu_isco08_1,2019,1.299
mng,sex_m,ocu_isco08_1,2020,1.486
mng,sex_m,ocu_isco08_1,2021,1.402
mng,sex_m,ocu_isco08_1,2022,2.857
mng,sex_m,ocu_isco08_1,2023,1.696
mng,sex_m,ocu_isco08_2,2008,2.701
mng,sex_m,ocu_isco08_2,2009,1.912
mng,sex_m,ocu_isco08_2,2010,3.622
mng,sex_m,ocu_isco08_2,2011,4.892
mng,sex_m,ocu_isco08_2,2012,4.989
mng,sex_m,ocu_isco08_2,2013,5.894
mng,sex_m,ocu_isco08_2,2014,4.213
mng,sex_m,ocu_isco08_2,2015,6.349
mng,sex_m,ocu_isco08_2,2016,3.864
mng,sex_m,ocu_isco08_2,2017,5.476
mng,sex_m,ocu_isco08_2,2018,6.199
mng,sex_m,ocu_isco08_2,2019,3.355
mng,sex_m,ocu_isco08_2,2020,6.073
mng,sex_m,ocu_isco08_2,2021,2.727
mng,sex_m,ocu_isco08_2,2022,2.926
mng,sex_m,ocu_isco08_2,2023,6.346
mng,sex_m,ocu_isco08_3,2008,2.015
mng,sex_m,ocu_isco08_3,2009,1.296
mng,sex_m,ocu_isco08_3,2010,3.594
mng,sex_m,ocu_isco08_3,2011,2.719
mng,sex_m,ocu_isco08_3,2012,2.839
mng,sex_m,ocu_isco08_3,2013,3.411
mng,sex_m,ocu_isco08_3,2014,1.645
mng,sex_m,ocu_isco08_3,2015,2.343
mng,sex_m,ocu_isco08_3,2016,0.899
mng,sex_m,ocu_isco08_3,2017,1.798
mng,sex_m,ocu_isco08_3,2018,2.159
mng,sex_m,ocu_isco08_3,2019,2.505
mng,sex_m,ocu_isco08_3,2020,1.925
mng,sex_m,ocu_isco08_3,2021,2.633
mng,sex_m,ocu_isco08_3,2022,2.841
mng,sex_m,ocu_isco08_3,2023,1.526
mng,sex_m,ocu_isco08_4,2008,0.936
mng,sex_m,ocu_isco08_4,2010,0.758
mng,sex_m,ocu_isco08_4,2011,0.45
mng,sex_m,ocu_isco08_4,2012,0.383
mng,sex_m,ocu_isco08_4,2013,1.047
mng,sex_m,ocu_isco08_4,2014,0.823
mng,sex_m,ocu_isco08_4,2015,0.555
mng,sex_m,ocu_isco08_4,2016,0.628
mng,sex_m,ocu_isco08_4,2017,0.517
mng,sex_m,ocu_isco08_4,2018,0.88
mng,sex_m,ocu_isco08_4,2019,0.89
mng,sex_m,ocu_isco08_4,2020,0.808
mng,sex_m,ocu_isco08_4,2022,0.809
mng,sex_m,ocu_isco08_4,2023,0.823
mng,sex_m,ocu_isco08_5,2008,12.02
mng,sex_m,ocu_isco08_5,2009,11.97
mng,sex_m,ocu_isco08_5,2010,17.872
mng,sex_m,ocu_isco08_5,2011,30.873
mng,sex_m,ocu_isco08_5,2012,36.024
mng,sex_m,ocu_isco08_5,2013,42.157
mng,sex_m,ocu_isco08_5,2014,27.825
mng,sex_m,ocu_isco08_5,2015,25.611
mng,sex_m,ocu_isco08_5,2016,27.204
mng,sex_m,ocu_isco08_5,2017,32.191
mng,sex_m,ocu_isco08_5,2018,31.405
mng,sex_m,ocu_isco08_5,2019,12.63
mng,sex_m,ocu_isco08_5,2020,21.457
mng,sex_m,ocu_isco08_5,2021,16.365
mng,sex_m,ocu_isco08_5,2022,18.201
mng,sex_m,ocu_isco08_5,2023,13.463
mng,sex_m,ocu_isco08_6,2008,141.766
mng,sex_m,ocu_isco08_6,2009,124.263
mng,sex_m,ocu_isco08_6,2010,176.293
mng,sex_m,ocu_isco08_6,2011,173.814
mng,sex_m,ocu_isco08_6,2012,191.311
mng,sex_m,ocu_isco08_6,2013,174.727
mng,sex_m,ocu_isco08_6,2014,165.591
mng,sex_m,ocu_isco08_6,2015,172.839
mng,sex_m,ocu_isco08_6,2016,189.61
mng,sex_m,ocu_isco08_6,2017,194.854
mng,sex_m,ocu_isco08_6,2018,183.638
mng,sex_m,ocu_isco08_6,2019,217.531
mng,sex_m,ocu_isco08_6,2020,202.95
mng,sex_m,ocu_isco08_6,2021,203.122
mng,sex_m,ocu_isco08_6,2022,208.795
mng,sex_m,ocu_isco08_6,2023,192.243
mng,sex_m,ocu_isco08_7,2008,27.455
mng,sex_m,ocu_isco08_7,2009,27.689
mng,sex_m,ocu_isco08_7,2010,37.127
mng,sex_m,ocu_isco08_7,2011,36.266
mng,sex_m,ocu_isco08_7,2012,36.656
mng,sex_m,ocu_isco08_7,2013,45.217
mng,sex_m,ocu_isco08_7,2014,46.345
mng,sex_m,ocu_isco08_7,2015,45.923
mng,sex_m,ocu_isco08_7,2016,40.114
mng,sex_m,ocu_isco08_7,2017,48.829
mng,sex_m,ocu_isco08_7,2018,51.461
mng,sex_m,ocu_isco08_7,2019,34.539
mng,sex_m,ocu_isco08_7,2020,46.552
mng,sex_m,ocu_isco08_7,2021,47.56
mng,sex_m,ocu_isco08_7,2022,43.97
mng,sex_m,ocu_isco08_7,2023,49.084
mng,sex_m,ocu_isco08_8,2008,24.137
mng,sex_m,ocu_isco08_8,2009,28.249
mng,sex_m,ocu_isco08_8,2010,36.925
mng,sex_m,ocu_isco08_8,2011,41.712
mng,sex_m,ocu_isco08_8,2012,36.311
mng,sex_m,ocu_isco08_8,2013,46.138
mng,sex_m,ocu_isco08_8,2014,42.146
mng,sex_m,ocu_isco08_8,2015,42.798
mng,sex_m,ocu_isco08_8,2016,38.597
mng,sex_m,ocu_isco08_8,2017,50.665
mng,sex_m,ocu_isco08_8,2018,49.044
mng,sex_m,ocu_isco08_8,2019,33.885
mng,sex_m,ocu_isco08_8,2020,33.393
mng,sex_m,ocu_isco08_8,2021,30.71
mng,sex_m,ocu_isco08_8,2022,37.323
mng,sex_m,ocu_isco08_8,2023,32.264
mng,sex_m,ocu_isco08_9,2008,9.484
mng,sex_m,ocu_isco08_9,2009,10.081
mng,sex_m,ocu_isco08_9,2010,16.119
mng,sex_m,ocu_isco08_9,2011,19.9
mng,sex_m,ocu_isco08_9,2012,17.265
mng,sex_m,ocu_isco08_9,2013,16.392
mng,sex_m,ocu_isco08_9,2014,16.38
mng,sex_m,ocu_isco08_9,2015,19.547
mng,sex_m,ocu_isco08_9,2016,17.568
mng,sex_m,ocu_isco08_9,2017,21.753
mng,sex_m,ocu_isco08_9,2018,20.535
mng,sex_m,ocu_isco08_9,2019,21.217
mng,sex_m,ocu_isco08_9,2020,22.915
mng,sex_m,ocu_isco08_9,2021,16.264
mng,sex_m,ocu_isco08_9,2022,21.74
mng,sex_m,ocu_isco08_9,2023,18.299
mng,sex_m,ocu_isco08_total,2008,223.669
mng,sex_m,ocu_isco08_total,2009,211.123
mng,sex_m,ocu_isco08_total,2010,299.578
mng,sex_m,ocu_isco08_total,2011,319.995
mng,sex_m,ocu_isco08_total,2012,332.799
mng,sex_m,ocu_isco08_total,2013,343.409
mng,sex_m,ocu_isco08_total,2014,312.86
mng,sex_m,ocu_isco08_total,2015,324.426
mng,sex_m,ocu_isco08_total,2016,326.179
mng,sex_m,ocu_isco08_total,2017,364.049
mng,sex_m,ocu_isco08_total,2018,354.134
mng,sex_m,ocu_isco08_total,2019,340.668
mng,sex_m,ocu_isco08_total,2020,351.885
mng,sex_m,ocu_isco08_total,2021,335.168
mng,sex_m,ocu_isco08_total,2022,350.509
mng,sex_m,ocu_isco08_total,2023,327.226
mng,sex_m,ocu_isco08_x,2010,0.432
mng,sex_m,ocu_isco08_x,2011,0.319
mng,sex_m,ocu_isco08_x,2019,12.748
mng,sex_m,ocu_isco08_x,2020,14.326
mng,sex_m,ocu_isco08_x,2021,14.044
mng,sex_m,ocu_isco08_x,2022,11.047
mng,sex_m,ocu_isco88_1,2006,6.718
mng,sex_m,ocu_isco88_2,2006,2.677
mng,sex_m,ocu_isco88_3,2006,2.1
mng,sex_m,ocu_isco88_4,2006,0.589
mng,sex_m,ocu_isco88_5,2006,15.578
mng,sex_m,ocu_isco88_6,2006,160.967
mng,sex_m,ocu_isco88_7,2006,26.585
mng,sex_m,ocu_isco88_8,2006,24.905
mng,sex_m,ocu_isco88_9,2006,14.141
mng,sex_m,ocu_isco88_total,2006,255.133
mng,sex_m,ocu_isco88_x,2006,0.873
mng,sex_m,ocu_skill_l1,2006,14.141
mng,sex_m,ocu_skill_l1,2008,9.484
mng,sex_m,ocu_skill_l1,2009,10.081
mng,sex_m,ocu_skill_l1,2010,16.119
mng,sex_m,ocu_skill_l1,2011,19.9
mng,sex_m,ocu_skill_l1,2012,17.265
mng,sex_m,ocu_skill_l1,2013,16.392
mng,sex_m,ocu_skill_l1,2014,16.38
mng,sex_m,ocu_skill_l1,2015,19.547
mng,sex_m,ocu_skill_l1,2016,17.568
mng,sex_m,ocu_skill_l1,2017,21.753
mng,sex_m,ocu_skill_l1,2018,20.535
mng,sex_m,ocu_skill_l1,2019,21.217
mng,sex_m,ocu_skill_l1,2020,22.915
mng,sex_m,ocu_skill_l1,2021,16.264
mng,sex_m,ocu_skill_l1,2022,21.74
mng,sex_m,ocu_skill_l1,2023,18.299
mng,sex_m,ocu_skill_l2,2006,228.624
mng,sex_m,ocu_skill_l2,2008,206.313
mng,sex_m,ocu_skill_l2,2009,192.428
mng,sex_m,ocu_skill_l2,2010,268.976
mng,sex_m,ocu_skill_l2,2011,283.115
mng,sex_m,ocu_skill_l2,2012,300.685
mng,sex_m,ocu_skill_l2,2013,309.286
mng,sex_m,ocu_skill_l2,2014,282.731
mng,sex_m,ocu_skill_l2,2015,287.727
mng,sex_m,ocu_skill_l2,2016,296.153
mng,sex_m,ocu_skill_l2,2017,327.056
mng,sex_m,ocu_skill_l2,2018,316.428
mng,sex_m,ocu_skill_l2,2019,299.475
mng,sex_m,ocu_skill_l2,2020,305.16
mng,sex_m,ocu_skill_l2,2021,298.098
mng,sex_m,ocu_skill_l2,2022,309.098
mng,sex_m,ocu_skill_l2,2023,287.877
mng,sex_m,ocu_skill_l3_4,2006,11.495
mng,sex_m,ocu_skill_l3_4,2008,7.498
mng,sex_m,ocu_skill_l3_4,2009,8.376
mng,sex_m,ocu_skill_l3_4,2010,14.051
mng,sex_m,ocu_skill_l3_4,2011,16.527
mng,sex_m,ocu_skill_l3_4,2012,14.799
mng,sex_m,ocu_skill_l3_4,2013,17.732
mng,sex_m,ocu_skill_l3_4,2014,13.568
mng,sex_m,ocu_skill_l3_4,2015,17.046
mng,sex_m,ocu_skill_l3_4,2016,12.459
mng,sex_m,ocu_skill_l3_4,2017,14.873
mng,sex_m,ocu_skill_l3_4,2018,16.944
mng,sex_m,ocu_skill_l3_4,2019,7.159
mng,sex_m,ocu_skill_l3_4,2020,9.484
mng,sex_m,ocu_skill_l3_4,2021,6.762
mng,sex_m,ocu_skill_l3_4,2022,8.624
mng,sex_m,ocu_skill_l3_4,2023,9.568
mng,sex_m,ocu_skill_total,2006,255.133
mng,sex_m,ocu_skill_total,2008,223.669
mng,sex_m,ocu_skill_total,2009,211.123
mng,sex_m,ocu_skill_total,2010,299.578
mng,sex_m,ocu_skill_total,2011,319.995
mng,sex_m,ocu_skill_total,2012,332.799
mng,sex_m,ocu_skill_total,2013,343.409
mng,sex_m,ocu_skill_total,2014,312.86
mng,sex_m,ocu_skill_total,2015,324.426
mng,sex_m,ocu_skill_total,2016,326.179
mng,sex_m,ocu_skill_total,2017,364.049
mng,sex_m,ocu_skill_total,2018,354.134
mng,sex_m,ocu_skill_total,2019,340.668
mng,sex_m,ocu_skill_total,2020,351.885
mng,sex_m,ocu_skill_total,2021,335.168
mng,sex_m,ocu_skill_total,2022,350.509
mng,sex_m,ocu_skill_total,2023,327.226
mng,sex_m,ocu_skill_x,2006,0.873
mng,sex_m,ocu_skill_x,2010,0.432
mng,sex_m,ocu_skill_x,2011,0.453
mng,sex_m,ocu_skill_x,2017,0.368
mng,sex_m,ocu_skill_x,2019,12.817
mng,sex_m,ocu_skill_x,2020,14.326
mng,sex_m,ocu_skill_x,2021,14.044
mng,sex_m,ocu_skill_x,2022,11.047
mng,sex_m,ocu_skill_x,2023,11.482
mng,sex_t,ocu_isco08_0,2023,22.492
mng,sex_t,ocu_isco08_1,2008,4.926
mng,sex_t,ocu_isco08_1,2009,7.868
mng,sex_t,ocu_isco08_1,2010,10.77
mng,sex_t,ocu_isco08_1,2011,13.274
mng,sex_t,ocu_isco08_1,2012,11.876
mng,sex_t,ocu_isco08_1,2013,15.482
mng,sex_t,ocu_isco08_1,2014,11.604
mng,sex_t,ocu_isco08_1,2015,12.416
mng,sex_t,ocu_isco08_1,2016,13.268
mng,sex_t,ocu_isco08_1,2017,12.767
mng,sex_t,ocu_isco08_1,2018,12.526
mng,sex_t,ocu_isco08_1,2019,2.073
mng,sex_t,ocu_isco08_1,2020,3.418
mng,sex_t,ocu_isco08_1,2021,3.042
mng,sex_t,ocu_isco08_1,2022,4.698
mng,sex_t,ocu_isco08_1,2023,4.291
mng,sex_t,ocu_isco08_2,2008,5.865
mng,sex_t,ocu_isco08_2,2009,4.289
mng,sex_t,ocu_isco08_2,2010,7.087
mng,sex_t,ocu_isco08_2,2011,10.343
mng,sex_t,ocu_isco08_2,2012,10.931
mng,sex_t,ocu_isco08_2,2013,10.509
mng,sex_t,ocu_isco08_2,2014,8.521
mng,sex_t,ocu_isco08_2,2015,11.103
mng,sex_t,ocu_isco08_2,2016,7.001
mng,sex_t,ocu_isco08_2,2017,9.682
mng,sex_t,ocu_isco08_2,2018,10.874
mng,sex_t,ocu_isco08_2,2019,6.737
mng,sex_t,ocu_isco08_2,2020,9.772
mng,sex_t,ocu_isco08_2,2021,4.139
mng,sex_t,ocu_isco08_2,2022,7.223
mng,sex_t,ocu_isco08_2,2023,9.345
mng,sex_t,ocu_isco08_3,2008,4.446
mng,sex_t,ocu_isco08_3,2009,1.632
mng,sex_t,ocu_isco08_3,2010,6.819
mng,sex_t,ocu_isco08_3,2011,4.521
mng,sex_t,ocu_isco08_3,2012,4.592
mng,sex_t,ocu_isco08_3,2013,4.287
mng,sex_t,ocu_isco08_3,2014,2.9
mng,sex_t,ocu_isco08_3,2015,3.324
mng,sex_t,ocu_isco08_3,2016,1.997
mng,sex_t,ocu_isco08_3,2017,2.417
mng,sex_t,ocu_isco08_3,2018,3.207
mng,sex_t,ocu_isco08_3,2019,3.359
mng,sex_t,ocu_isco08_3,2020,2.75
mng,sex_t,ocu_isco08_3,2021,3.962
mng,sex_t,ocu_isco08_3,2022,4.708
mng,sex_t,ocu_isco08_3,2023,3.684
mng,sex_t,ocu_isco08_4,2008,1.749
mng,sex_t,ocu_isco08_4,2009,0.814
mng,sex_t,ocu_isco08_4,2010,1.928
mng,sex_t,ocu_isco08_4,2011,1.468
mng,sex_t,ocu_isco08_4,2012,2.458
mng,sex_t,ocu_isco08_4,2013,3.347
mng,sex_t,ocu_isco08_4,2014,2.678
mng,sex_t,ocu_isco08_4,2015,2.12
mng,sex_t,ocu_isco08_4,2016,2.62
mng,sex_t,ocu_isco08_4,2017,2.006
mng,sex_t,ocu_isco08_4,2018,2.624
mng,sex_t,ocu_isco08_4,2019,3.577
mng,sex_t,ocu_isco08_4,2020,2.485
mng,sex_t,ocu_isco08_4,2021,1.275
mng,sex_t,ocu_isco08_4,2022,1.191
mng,sex_t,ocu_isco08_4,2023,1.296
mng,sex_t,ocu_isco08_5,2008,41.293
mng,sex_t,ocu_isco08_5,2009,39.607
mng,sex_t,ocu_isco08_5,2010,60.791
mng,sex_t,ocu_isco08_5,2011,95.064
mng,sex_t,ocu_isco08_5,2012,108.313
mng,sex_t,ocu_isco08_5,2013,124.254
mng,sex_t,ocu_isco08_5,2014,90.289
mng,sex_t,ocu_isco08_5,2015,86.979
mng,sex_t,ocu_isco08_5,2016,88.794
mng,sex_t,ocu_isco08_5,2017,105.204
mng,sex_t,ocu_isco08_5,2018,101.035
mng,sex_t,ocu_isco08_5,2019,53.791
mng,sex_t,ocu_isco08_5,2020,56.914
mng,sex_t,ocu_isco08_5,2021,51.743
mng,sex_t,ocu_isco08_5,2022,61.691
mng,sex_t,ocu_isco08_5,2023,49.061
mng,sex_t,ocu_isco08_6,2008,300.093
mng,sex_t,ocu_isco08_6,2009,282.234
mng,sex_t,ocu_isco08_6,2010,329.022
mng,sex_t,ocu_isco08_6,2011,328.176
mng,sex_t,ocu_isco08_6,2012,360.896
mng,sex_t,ocu_isco08_6,2013,321.378
mng,sex_t,ocu_isco08_6,2014,301.087
mng,sex_t,ocu_isco08_6,2015,318.614
mng,sex_t,ocu_isco08_6,2016,338.82
mng,sex_t,ocu_isco08_6,2017,344.713
mng,sex_t,ocu_isco08_6,2018,324.023
mng,sex_t,ocu_isco08_6,2019,396.219
mng,sex_t,ocu_isco08_6,2020,366.612
mng,sex_t,ocu_isco08_6,2021,355.317
mng,sex_t,ocu_isco08_6,2022,365.183
mng,sex_t,ocu_isco08_6,2023,335.253
mng,sex_t,ocu_isco08_7,2008,44.438
mng,sex_t,ocu_isco08_7,2009,43.286
mng,sex_t,ocu_isco08_7,2010,57.676
mng,sex_t,ocu_isco08_7,2011,55.769
mng,sex_t,ocu_isco08_7,2012,54.988
mng,sex_t,ocu_isco08_7,2013,68.297
mng,sex_t,ocu_isco08_7,2014,68.312
mng,sex_t,ocu_isco08_7,2015,68.047
mng,sex_t,ocu_isco08_7,2016,63.279
mng,sex_t,ocu_isco08_7,2017,72.664
mng,sex_t,ocu_isco08_7,2018,75.753
mng,sex_t,ocu_isco08_7,2019,54.115
mng,sex_t,ocu_isco08_7,2020,63.908
mng,sex_t,ocu_isco08_7,2021,62.717
mng,sex_t,ocu_isco08_7,2022,62.624
mng,sex_t,ocu_isco08_7,2023,66.228
mng,sex_t,ocu_isco08_8,2008,25.398
mng,sex_t,ocu_isco08_8,2009,28.998
mng,sex_t,ocu_isco08_8,2010,38.666
mng,sex_t,ocu_isco08_8,2011,43.561
mng,sex_t,ocu_isco08_8,2012,37.85
mng,sex_t,ocu_isco08_8,2013,48.888
mng,sex_t,ocu_isco08_8,2014,44.431
mng,sex_t,ocu_isco08_8,2015,44.82
mng,sex_t,ocu_isco08_8,2016,40.564
mng,sex_t,ocu_isco08_8,2017,53.078
mng,sex_t,ocu_isco08_8,2018,51.49
mng,sex_t,ocu_isco08_8,2019,34.649
mng,sex_t,ocu_isco08_8,2020,35.66
mng,sex_t,ocu_isco08_8,2021,31.418
mng,sex_t,ocu_isco08_8,2022,38.592
mng,sex_t,ocu_isco08_8,2023,33.57
mng,sex_t,ocu_isco08_9,2008,17.341
mng,sex_t,ocu_isco08_9,2009,17.98
mng,sex_t,ocu_isco08_9,2010,25.094
mng,sex_t,ocu_isco08_9,2011,31.203
mng,sex_t,ocu_isco08_9,2012,26.786
mng,sex_t,ocu_isco08_9,2013,24.933
mng,sex_t,ocu_isco08_9,2014,23.054
mng,sex_t,ocu_isco08_9,2015,27.916
mng,sex_t,ocu_isco08_9,2016,25.225
mng,sex_t,ocu_isco08_9,2017,32.059
mng,sex_t,ocu_isco08_9,2018,29.424
mng,sex_t,ocu_isco08_9,2019,29.612
mng,sex_t,ocu_isco08_9,2020,32.697
mng,sex_t,ocu_isco08_9,2021,22.633
mng,sex_t,ocu_isco08_9,2022,33.96
mng,sex_t,ocu_isco08_9,2023,27.243
mng,sex_t,ocu_isco08_total,2008,445.922
mng,sex_t,ocu_isco08_total,2009,427.191
mng,sex_t,ocu_isco08_total,2010,538.925
mng,sex_t,ocu_isco08_total,2011,583.888
mng,sex_t,ocu_isco08_total,2012,618.74
mng,sex_t,ocu_isco08_total,2013,621.508
mng,sex_t,ocu_isco08_total,2014,553.238
mng,sex_t,ocu_isco08_total,2015,575.509
mng,sex_t,ocu_isco08_total,2016,581.569
mng,sex_t,ocu_isco08_total,2017,635.37
mng,sex_t,ocu_isco08_total,2018,611.441
mng,sex_t,ocu_isco08_total,2019,608.362
mng,sex_t,ocu_isco08_total,2020,599.982
mng,sex_t,ocu_isco08_total,2021,563.513
mng,sex_t,ocu_isco08_total,2022,600.669
mng,sex_t,ocu_isco08_total,2023,552.463
mng,sex_t,ocu_isco08_x,2010,1.072
mng,sex_t,ocu_isco08_x,2011,0.375
mng,sex_t,ocu_isco08_x,2017,0.718
mng,sex_t,ocu_isco08_x,2018,0.486
mng,sex_t,ocu_isco08_x,2019,24.06
mng,sex_t,ocu_isco08_x,2020,25.766
mng,sex_t,ocu_isco08_x,2021,27.267
mng,sex_t,ocu_isco08_x,2022,20.799
mng,sex_t,ocu_isco88_1,2006,11.303
mng,sex_t,ocu_isco88_2,2006,7.191
mng,sex_t,ocu_isco88_3,2006,4.641
mng,sex_t,ocu_isco88_4,2006,1.897
mng,sex_t,ocu_isco88_5,2006,49.574
mng,sex_t,ocu_isco88_6,2006,324.132
mng,sex_t,ocu_isco88_7,2006,43.06
mng,sex_t,ocu_isco88_8,2006,26.703
mng,sex_t,ocu_isco88_9,2006,26.11
mng,sex_t,ocu_isco88_total,2006,495.796
mng,sex_t,ocu_isco88_x,2006,1.187
mng,sex_t,ocu_skill_l1,2006,26.11
mng,sex_t,ocu_skill_l1,2008,17.341
mng,sex_t,ocu_skill_l1,2009,17.98
mng,sex_t,ocu_skill_l1,2010,25.094
mng,sex_t,ocu_skill_l1,2011,31.203
mng,sex_t,ocu_skill_l1,2012,26.786
mng,sex_t,ocu_skill_l1,2013,24.933
mng,sex_t,ocu_skill_l1,2014,23.054
mng,sex_t,ocu_skill_l1,2015,27.916
mng,sex_t,ocu_skill_l1,2016,25.225
mng,sex_t,ocu_skill_l1,2017,32.059
mng,sex_t,ocu_skill_l1,2018,29.424
mng,sex_t,ocu_skill_l1,2019,29.612
mng,sex_t,ocu_skill_l1,2020,32.697
mng,sex_t,ocu_skill_l1,2021,22.633
mng,sex_t,ocu_skill_l1,2022,33.96
mng,sex_t,ocu_skill_l1,2023,27.243
mng,sex_t,ocu_skill_l2,2006,445.365
mng,sex_t,ocu_skill_l2,2008,412.971
mng,sex_t,ocu_skill_l2,2009,394.938
mng,sex_t,ocu_skill_l2,2010,488.083
mng,sex_t,ocu_skill_l2,2011,524.039
mng,sex_t,ocu_skill_l2,2012,564.504
mng,sex_t,ocu_skill_l2,2013,566.164
mng,sex_t,ocu_skill_l2,2014,506.796
mng,sex_t,ocu_skill_l2,2015,520.58
mng,sex_t,ocu_skill_l2,2016,534.078
mng,sex_t,ocu_skill_l2,2017,577.664
mng,sex_t,ocu_skill_l2,2018,554.924
mng,sex_t,ocu_skill_l2,2019,542.351
mng,sex_t,ocu_skill_l2,2020,525.579
mng,sex_t,ocu_skill_l2,2021,502.47
mng,sex_t,ocu_skill_l2,2022,529.281
mng,sex_t,ocu_skill_l2,2023,485.408
mng,sex_t,ocu_skill_l3_4,2006,23.135
mng,sex_t,ocu_skill_l3_4,2008,15.238
mng,sex_t,ocu_skill_l3_4,2009,13.788
mng,sex_t,ocu_skill_l3_4,2010,24.677
mng,sex_t,ocu_skill_l3_4,2011,28.138
mng,sex_t,ocu_skill_l3_4,2012,27.399
mng,sex_t,ocu_skill_l3_4,2013,30.277
mng,sex_t,ocu_skill_l3_4,2014,23.025
mng,sex_t,ocu_skill_l3_4,2015,26.844
mng,sex_t,ocu_skill_l3_4,2016,22.266
mng,sex_t,ocu_skill_l3_4,2017,24.866
mng,sex_t,ocu_skill_l3_4,2018,26.606
mng,sex_t,ocu_skill_l3_4,2019,12.169
mng,sex_t,ocu_skill_l3_4,2020,15.94
mng,sex_t,ocu_skill_l3_4,2021,11.143
mng,sex_t,ocu_skill_l3_4,2022,16.629
mng,sex_t,ocu_skill_l3_4,2023,17.32
mng,sex_t,ocu_skill_total,2006,495.796
mng,sex_t,ocu_skill_total,2008,445.922
mng,sex_t,ocu_skill_total,2009,427.191
mng,sex_t,ocu_skill_total,2010,538.925
mng,sex_t,ocu_skill_total,2011,583.888
mng,sex_t,ocu_skill_total,2012,618.74
mng,sex_t,ocu_skill_total,2013,621.508
mng,sex_t,ocu_skill_total,2014,553.238
mng,sex_t,ocu_skill_total,2015,575.509
mng,sex_t,ocu_skill_total,2016,581.569
mng,sex_t,ocu_skill_total,2017,635.37
mng,sex_t,ocu_skill_total,2018,611.441
mng,sex_t,ocu_skill_total,2019,608.362
mng,sex_t,ocu_skill_total,2020,599.982
mng,sex_t,ocu_skill_total,2021,563.513
mng,sex_t,ocu_skill_total,2022,600.669
mng,sex_t,ocu_skill_total,2023,552.463
mng,sex_t,ocu_skill_x,2006,1.187
mng,sex_t,ocu_skill_x,2010,1.072
mng,sex_t,ocu_skill_x,2011,0.509
mng,sex_t,ocu_skill_x,2017,0.779
mng,sex_t,ocu_skill_x,2018,0.486
mng,sex_t,ocu_skill_x,2019,24.23
mng,sex_t,ocu_skill_x,2020,25.766
mng,sex_t,ocu_skill_x,2021,27.267
mng,sex_t,ocu_skill_x,2022,20.799
mng,sex_t,ocu_skill_x,2023,22.492
moz,sex_f,ocu_isco08_1,2015,4.541
moz,sex_f,ocu_isco08_2,2015,56.464
moz,sex_f,ocu_isco08_3,2015,45.734
moz,sex_f,ocu_isco08_4,2015,19.404
moz,sex_f,ocu_isco08_5,2015,480.566
moz,sex_f,ocu_isco08_6,2015,4204.573
moz,sex_f,ocu_isco08_7,2015,67.746
moz,sex_f,ocu_isco08_8,2015,43.202
moz,sex_f,ocu_isco08_9,2015,160.913
moz,sex_f,ocu_isco08_total,2015,5087.924
moz,sex_f,ocu_isco08_x,2015,4.248
moz,sex_f,ocu_skill_l1,2015,160.913
moz,sex_f,ocu_skill_l2,2015,4815.492
moz,sex_f,ocu_skill_l3_4,2015,106.739
moz,sex_f,ocu_skill_total,2015,5087.924
moz,sex_f,ocu_skill_x,2015,4.78
moz,sex_m,ocu_isco08_0,2015,6.966
moz,sex_m,ocu_isco08_1,2015,17.847
moz,sex_m,ocu_isco08_2,2015,117.46
moz,sex_m,ocu_isco08_3,2015,61.969
moz,sex_m,ocu_isco08_4,2015,28.236
moz,sex_m,ocu_isco08_5,2015,505.593
moz,sex_m,ocu_isco08_6,2015,2751.129
moz,sex_m,ocu_isco08_7,2015,414.552
moz,sex_m,ocu_isco08_8,2015,179.823
moz,sex_m,ocu_isco08_9,2015,228.708
moz,sex_m,ocu_isco08_total,2015,4317.361
moz,sex_m,ocu_isco08_x,2015,5.076
moz,sex_m,ocu_skill_l1,2015,228.708
moz,sex_m,ocu_skill_l2,2015,3879.334
moz,sex_m,ocu_skill_l3_4,2015,197.276
moz,sex_m,ocu_skill_total,2015,4317.361
moz,sex_m,ocu_skill_x,2015,12.041
moz,sex_t,ocu_isco08_0,2015,7.498
moz,sex_t,ocu_isco08_1,2015,22.388
moz,sex_t,ocu_isco08_2,2015,173.925
moz,sex_t,ocu_isco08_3,2015,107.703
moz,sex_t,ocu_isco08_4,2015,47.64
moz,sex_t,ocu_isco08_5,2015,986.16
moz,sex_t,ocu_isco08_6,2015,6955.702
moz,sex_t,ocu_isco08_7,2015,482.299
moz,sex_t,ocu_isco08_8,2015,223.026
moz,sex_t,ocu_isco08_9,2015,389.622
moz,sex_t,ocu_isco08_total,2015,9405.284
moz,sex_t,ocu_isco08_x,2015,9.323
moz,sex_t,ocu_skill_l1,2015,389.622
moz,sex_t,ocu_skill_l2,2015,8694.826
moz,sex_t,ocu_skill_l3_4,2015,304.016
moz,sex_t,ocu_skill_total,2015,9405.284
moz,sex_t,ocu_skill_x,2015,16.821
mus,sex_f,ocu_isco08_1,2012,1.03
mus,sex_f,ocu_isco08_1,2013,2.824
mus,sex_f,ocu_isco08_1,2014,2.8
mus,sex_f,ocu_isco08_1,2015,3.079
mus,sex_f,ocu_isco08_1,2016,2.76
mus,sex_f,ocu_isco08_1,2017,1.428
mus,sex_f,ocu_isco08_1,2018,2.218
mus,sex_f,ocu_isco08_1,2019,1.687
mus,sex_f,ocu_isco08_1,2021,0.791
mus,sex_f,ocu_isco08_1,2023,2.773
mus,sex_f,ocu_isco08_2,2012,9.474
mus,sex_f,ocu_isco08_2,2013,14.116
mus,sex_f,ocu_isco08_2,2014,15.749
mus,sex_f,ocu_isco08_2,2015,15.037
mus,sex_f,ocu_isco08_2,2016,11.827
mus,sex_f,ocu_isco08_2,2017,13.195
mus,sex_f,ocu_isco08_2,2018,14.158
mus,sex_f,ocu_isco08_2,2019,16.082
mus,sex_f,ocu_isco08_2,2021,1.271
mus,sex_f,ocu_isco08_2,2022,0.943
mus,sex_f,ocu_isco08_2,2023,3.844
mus,sex_f,ocu_isco08_3,2012,8.46
mus,sex_f,ocu_isco08_3,2013,9.257
mus,sex_f,ocu_isco08_3,2014,10.521
mus,sex_f,ocu_isco08_3,2015,10.775
mus,sex_f,ocu_isco08_3,2016,9.702
mus,sex_f,ocu_isco08_3,2017,11.117
mus,sex_f,ocu_isco08_3,2018,11.067
mus,sex_f,ocu_isco08_3,2019,11.125
mus,sex_f,ocu_isco08_3,2021,1.145
mus,sex_f,ocu_isco08_3,2022,0.998
mus,sex_f,ocu_isco08_3,2023,3.074
mus,sex_f,ocu_isco08_4,2012,7.94
mus,sex_f,ocu_isco08_4,2013,6.607
mus,sex_f,ocu_isco08_4,2014,7.715
mus,sex_f,ocu_isco08_4,2015,8.123
mus,sex_f,ocu_isco08_4,2016,7.279
mus,sex_f,ocu_isco08_4,2017,8.649
mus,sex_f,ocu_isco08_4,2018,9.948
mus,sex_f,ocu_isco08_4,2019,9.562
mus,sex_f,ocu_isco08_4,2021,1.485
mus,sex_f,ocu_isco08_4,2022,0.941
mus,sex_f,ocu_isco08_4,2023,3.38
mus,sex_f,ocu_isco08_5,2012,26
mus,sex_f,ocu_isco08_5,2013,25.232
mus,sex_f,ocu_isco08_5,2014,28.997
mus,sex_f,ocu_isco08_5,2015,28.202
mus,sex_f,ocu_isco08_5,2016,30.403
mus,sex_f,ocu_isco08_5,2017,28.737
mus,sex_f,ocu_isco08_5,2018,29.217
mus,sex_f,ocu_isco08_5,2019,30.353
mus,sex_f,ocu_isco08_5,2021,20.123
mus,sex_f,ocu_isco08_5,2022,19.258
mus,sex_f,ocu_isco08_5,2023,23.432
mus,sex_f,ocu_isco08_6,2012,4.187
mus,sex_f,ocu_isco08_6,2013,4.631
mus,sex_f,ocu_isco08_6,2014,5.475
mus,sex_f,ocu_isco08_6,2015,5.388
mus,sex_f,ocu_isco08_6,2016,4.821
mus,sex_f,ocu_isco08_6,2017,4.975
mus,sex_f,ocu_isco08_6,2018,3.866
mus,sex_f,ocu_isco08_6,2019,3.621
mus,sex_f,ocu_isco08_6,2021,3.166
mus,sex_f,ocu_isco08_6,2022,2.202
mus,sex_f,ocu_isco08_6,2023,3.631
mus,sex_f,ocu_isco08_7,2012,5.54
mus,sex_f,ocu_isco08_7,2013,5.573
mus,sex_f,ocu_isco08_7,2014,5.74
mus,sex_f,ocu_isco08_7,2015,5.5
mus,sex_f,ocu_isco08_7,2016,6.048
mus,sex_f,ocu_isco08_7,2017,5.313
mus,sex_f,ocu_isco08_7,2018,5.234
mus,sex_f,ocu_isco08_7,2019,5.353
mus,sex_f,ocu_isco08_7,2021,4.477
mus,sex_f,ocu_isco08_7,2022,3.584
mus,sex_f,ocu_isco08_7,2023,4.862
mus,sex_f,ocu_isco08_8,2012,1.564
mus,sex_f,ocu_isco08_8,2013,1.333
mus,sex_f,ocu_isco08_8,2014,0.988
mus,sex_f,ocu_isco08_8,2015,0.957
mus,sex_f,ocu_isco08_8,2016,1.155
mus,sex_f,ocu_isco08_8,2017,1.048
mus,sex_f,ocu_isco08_8,2018,1.233
mus,sex_f,ocu_isco08_8,2019,0.915
mus,sex_f,ocu_isco08_8,2021,0.393
mus,sex_f,ocu_isco08_8,2022,0.573
mus,sex_f,ocu_isco08_8,2023,1.124
mus,sex_f,ocu_isco08_9,2012,26.267
mus,sex_f,ocu_isco08_9,2013,25.335
mus,sex_f,ocu_isco08_9,2014,27.591
mus,sex_f,ocu_isco08_9,2015,27.94
mus,sex_f,ocu_isco08_9,2016,28.842
mus,sex_f,ocu_isco08_9,2017,26.836
mus,sex_f,ocu_isco08_9,2018,27.49
mus,sex_f,ocu_isco08_9,2019,25.907
mus,sex_f,ocu_isco08_9,2021,18.555
mus,sex_f,ocu_isco08_9,2022,22.081
mus,sex_f,ocu_isco08_9,2023,17.132
mus,sex_f,ocu_isco08_total,2012,91.603
mus,sex_f,ocu_isco08_total,2013,95.584
mus,sex_f,ocu_isco08_total,2014,105.806
mus,sex_f,ocu_isco08_total,2015,105.456
mus,sex_f,ocu_isco08_total,2016,103.108
mus,sex_f,ocu_isco08_total,2017,101.842
mus,sex_f,ocu_isco08_total,2018,104.79
mus,sex_f,ocu_isco08_total,2019,105.048
mus,sex_f,ocu_isco08_total,2021,51.406
mus,sex_f,ocu_isco08_total,2022,50.669
mus,sex_f,ocu_isco08_total,2023,63.575
mus,sex_f,ocu_isco08_x,2012,1.142
mus,sex_f,ocu_isco08_x,2013,0.675
mus,sex_f,ocu_isco08_x,2014,0.23
mus,sex_f,ocu_isco08_x,2015,0.456
mus,sex_f,ocu_isco08_x,2016,0.271
mus,sex_f,ocu_isco08_x,2017,0.543
mus,sex_f,ocu_isco08_x,2018,0.359
mus,sex_f,ocu_isco08_x,2019,0.443
mus,sex_f,ocu_isco08_x,2023,0.324
mus,sex_f,ocu_skill_l1,2012,26.267
mus,sex_f,ocu_skill_l1,2013,25.335
mus,sex_f,ocu_skill_l1,2014,27.591
mus,sex_f,ocu_skill_l1,2015,27.94
mus,sex_f,ocu_skill_l1,2016,28.842
mus,sex_f,ocu_skill_l1,2017,26.836
mus,sex_f,ocu_skill_l1,2018,27.49
mus,sex_f,ocu_skill_l1,2019,25.907
mus,sex_f,ocu_skill_l1,2021,18.555
mus,sex_f,ocu_skill_l1,2022,22.081
mus,sex_f,ocu_skill_l1,2023,17.132
mus,sex_f,ocu_skill_l2,2012,45.231
mus,sex_f,ocu_skill_l2,2013,43.376
mus,sex_f,ocu_skill_l2,2014,48.916
mus,sex_f,ocu_skill_l2,2015,48.169
mus,sex_f,ocu_skill_l2,2016,49.706
mus,sex_f,ocu_skill_l2,2017,48.723
mus,sex_f,ocu_skill_l2,2018,49.498
mus,sex_f,ocu_skill_l2,2019,49.804
mus,sex_f,ocu_skill_l2,2021,29.644
mus,sex_f,ocu_skill_l2,2022,26.558
mus,sex_f,ocu_skill_l2,2023,36.428
mus,sex_f,ocu_skill_l3_4,2012,18.964
mus,sex_f,ocu_skill_l3_4,2013,26.198
mus,sex_f,ocu_skill_l3_4,2014,29.07
mus,sex_f,ocu_skill_l3_4,2015,28.89
mus,sex_f,ocu_skill_l3_4,2016,24.289
mus,sex_f,ocu_skill_l3_4,2017,25.741
mus,sex_f,ocu_skill_l3_4,2018,27.443
mus,sex_f,ocu_skill_l3_4,2019,28.893
mus,sex_f,ocu_skill_l3_4,2021,3.207
mus,sex_f,ocu_skill_l3_4,2022,2.03
mus,sex_f,ocu_skill_l3_4,2023,9.692
mus,sex_f,ocu_skill_total,2012,91.603
mus,sex_f,ocu_skill_total,2013,95.584
mus,sex_f,ocu_skill_total,2014,105.806
mus,sex_f,ocu_skill_total,2015,105.456
mus,sex_f,ocu_skill_total,2016,103.108
mus,sex_f,ocu_skill_total,2017,101.842
mus,sex_f,ocu_skill_total,2018,104.79
mus,sex_f,ocu_skill_total,2019,105.048
mus,sex_f,ocu_skill_total,2021,51.406
mus,sex_f,ocu_skill_total,2022,50.669
mus,sex_f,ocu_skill_total,2023,63.575
mus,sex_f,ocu_skill_x,2012,1.142
mus,sex_f,ocu_skill_x,2013,0.675
mus,sex_f,ocu_skill_x,2014,0.23
mus,sex_f,ocu_skill_x,2015,0.456
mus,sex_f,ocu_skill_x,2016,0.271
mus,sex_f,ocu_skill_x,2017,0.543
mus,sex_f,ocu_skill_x,2018,0.359
mus,sex_f,ocu_skill_x,2019,0.443
mus,sex_f,ocu_skill_x,2023,0.324
mus,sex_m,ocu_isco08_1,2012,2.86
mus,sex_m,ocu_isco08_1,2013,4.069
mus,sex_m,ocu_isco08_1,2014,5.26
mus,sex_m,ocu_isco08_1,2015,5.089
mus,sex_m,ocu_isco08_1,2016,3.86
mus,sex_m,ocu_isco08_1,2017,2.881
mus,sex_m,ocu_isco08_1,2018,3.574
mus,sex_m,ocu_isco08_1,2019,2.532
mus,sex_m,ocu_isco08_1,2021,0.938
mus,sex_m,ocu_isco08_1,2022,0.541
mus,sex_m,ocu_isco08_1,2023,6.792
mus,sex_m,ocu_isco08_2,2012,8.515
mus,sex_m,ocu_isco08_2,2013,9.988
mus,sex_m,ocu_isco08_2,2014,11.233
mus,sex_m,ocu_isco08_2,2015,10.342
mus,sex_m,ocu_isco08_2,2016,9.891
mus,sex_m,ocu_isco08_2,2017,10.105
mus,sex_m,ocu_isco08_2,2018,11.214
mus,sex_m,ocu_isco08_2,2019,12.12
mus,sex_m,ocu_isco08_2,2021,2.915
mus,sex_m,ocu_isco08_2,2022,2.131
mus,sex_m,ocu_isco08_2,2023,4.93
mus,sex_m,ocu_isco08_3,2012,12.001
mus,sex_m,ocu_isco08_3,2013,13.551
mus,sex_m,ocu_isco08_3,2014,14.455
mus,sex_m,ocu_isco08_3,2015,14.722
mus,sex_m,ocu_isco08_3,2016,17.405
mus,sex_m,ocu_isco08_3,2017,15.631
mus,sex_m,ocu_isco08_3,2018,17.433
mus,sex_m,ocu_isco08_3,2019,15.069
mus,sex_m,ocu_isco08_3,2021,3.128
mus,sex_m,ocu_isco08_3,2022,4.278
mus,sex_m,ocu_isco08_3,2023,7.335
mus,sex_m,ocu_isco08_4,2012,4.791
mus,sex_m,ocu_isco08_4,2013,3.64
mus,sex_m,ocu_isco08_4,2014,5.362
mus,sex_m,ocu_isco08_4,2015,5.243
mus,sex_m,ocu_isco08_4,2016,4.773
mus,sex_m,ocu_isco08_4,2017,5.1
mus,sex_m,ocu_isco08_4,2018,5.071
mus,sex_m,ocu_isco08_4,2019,5.475
mus,sex_m,ocu_isco08_4,2021,1.173
mus,sex_m,ocu_isco08_4,2022,0.542
mus,sex_m,ocu_isco08_4,2023,2.204
mus,sex_m,ocu_isco08_5,2012,34.311
mus,sex_m,ocu_isco08_5,2013,31.039
mus,sex_m,ocu_isco08_5,2014,33.48
mus,sex_m,ocu_isco08_5,2015,36.28
mus,sex_m,ocu_isco08_5,2016,35.204
mus,sex_m,ocu_isco08_5,2017,35.919
mus,sex_m,ocu_isco08_5,2018,35.283
mus,sex_m,ocu_isco08_5,2019,39.543
mus,sex_m,ocu_isco08_5,2021,16.262
mus,sex_m,ocu_isco08_5,2022,18.633
mus,sex_m,ocu_isco08_5,2023,20.9
mus,sex_m,ocu_isco08_6,2012,14.207
mus,sex_m,ocu_isco08_6,2013,14.414
mus,sex_m,ocu_isco08_6,2014,15.937
mus,sex_m,ocu_isco08_6,2015,16.697
mus,sex_m,ocu_isco08_6,2016,14.319
mus,sex_m,ocu_isco08_6,2017,15.798
mus,sex_m,ocu_isco08_6,2018,15.123
mus,sex_m,ocu_isco08_6,2019,13.533
mus,sex_m,ocu_isco08_6,2021,11.897
mus,sex_m,ocu_isco08_6,2022,11.393
mus,sex_m,ocu_isco08_6,2023,12.817
mus,sex_m,ocu_isco08_7,2012,52.734
mus,sex_m,ocu_isco08_7,2013,56.308
mus,sex_m,ocu_isco08_7,2014,58.37
mus,sex_m,ocu_isco08_7,2015,53.676
mus,sex_m,ocu_isco08_7,2016,59.511
mus,sex_m,ocu_isco08_7,2017,57.867
mus,sex_m,ocu_isco08_7,2018,58.306
mus,sex_m,ocu_isco08_7,2019,59.895
mus,sex_m,ocu_isco08_7,2021,45.807
mus,sex_m,ocu_isco08_7,2022,60.324
mus,sex_m,ocu_isco08_7,2023,46.844
mus,sex_m,ocu_isco08_8,2012,15.185
mus,sex_m,ocu_isco08_8,2013,17.789
mus,sex_m,ocu_isco08_8,2014,17.219
mus,sex_m,ocu_isco08_8,2015,16.653
mus,sex_m,ocu_isco08_8,2016,16.358
mus,sex_m,ocu_isco08_8,2017,17.186
mus,sex_m,ocu_isco08_8,2018,16.421
mus,sex_m,ocu_isco08_8,2019,16.756
mus,sex_m,ocu_isco08_8,2021,12.399
mus,sex_m,ocu_isco08_8,2022,13.31
mus,sex_m,ocu_isco08_8,2023,13.052
mus,sex_m,ocu_isco08_9,2012,23.016
mus,sex_m,ocu_isco08_9,2013,21.096
mus,sex_m,ocu_isco08_9,2014,22.547
mus,sex_m,ocu_isco08_9,2015,22.424
mus,sex_m,ocu_isco08_9,2016,19.538
mus,sex_m,ocu_isco08_9,2017,21.499
mus,sex_m,ocu_isco08_9,2018,23.526
mus,sex_m,ocu_isco08_9,2019,24.552
mus,sex_m,ocu_isco08_9,2021,7.954
mus,sex_m,ocu_isco08_9,2022,6.975
mus,sex_m,ocu_isco08_9,2023,9.652
mus,sex_m,ocu_isco08_total,2012,170.9
mus,sex_m,ocu_isco08_total,2013,175.226
mus,sex_m,ocu_isco08_total,2014,184.728
mus,sex_m,ocu_isco08_total,2015,181.68
mus,sex_m,ocu_isco08_total,2016,181.649
mus,sex_m,ocu_isco08_total,2017,182.57
mus,sex_m,ocu_isco08_total,2018,186.412
mus,sex_m,ocu_isco08_total,2019,189.878
mus,sex_m,ocu_isco08_total,2021,102.472
mus,sex_m,ocu_isco08_total,2022,118.128
mus,sex_m,ocu_isco08_total,2023,124.713
mus,sex_m,ocu_isco08_x,2012,3.281
mus,sex_m,ocu_isco08_x,2013,3.333
mus,sex_m,ocu_isco08_x,2014,0.866
mus,sex_m,ocu_isco08_x,2015,0.554
mus,sex_m,ocu_isco08_x,2016,0.789
mus,sex_m,ocu_isco08_x,2017,0.585
mus,sex_m,ocu_isco08_x,2018,0.461
mus,sex_m,ocu_isco08_x,2019,0.402
mus,sex_m,ocu_skill_l1,2012,23.016
mus,sex_m,ocu_skill_l1,2013,21.096
mus,sex_m,ocu_skill_l1,2014,22.547
mus,sex_m,ocu_skill_l1,2015,22.424
mus,sex_m,ocu_skill_l1,2016,19.538
mus,sex_m,ocu_skill_l1,2017,21.499
mus,sex_m,ocu_skill_l1,2018,23.526
mus,sex_m,ocu_skill_l1,2019,24.552
mus,sex_m,ocu_skill_l1,2021,7.954
mus,sex_m,ocu_skill_l1,2022,6.975
mus,sex_m,ocu_skill_l1,2023,9.652
mus,sex_m,ocu_skill_l2,2012,121.227
mus,sex_m,ocu_skill_l2,2013,123.19
mus,sex_m,ocu_skill_l2,2014,130.368
mus,sex_m,ocu_skill_l2,2015,128.549
mus,sex_m,ocu_skill_l2,2016,130.166
mus,sex_m,ocu_skill_l2,2017,131.87
mus,sex_m,ocu_skill_l2,2018,130.204
mus,sex_m,ocu_skill_l2,2019,135.202
mus,sex_m,ocu_skill_l2,2021,87.537
mus,sex_m,ocu_skill_l2,2022,104.202
mus,sex_m,ocu_skill_l2,2023,95.818
mus,sex_m,ocu_skill_l3_4,2012,23.376
mus,sex_m,ocu_skill_l3_4,2013,27.608
mus,sex_m,ocu_skill_l3_4,2014,30.948
mus,sex_m,ocu_skill_l3_4,2015,30.152
mus,sex_m,ocu_skill_l3_4,2016,31.156
mus,sex_m,ocu_skill_l3_4,2017,28.616
mus,sex_m,ocu_skill_l3_4,2018,32.221
mus,sex_m,ocu_skill_l3_4,2019,29.721
mus,sex_m,ocu_skill_l3_4,2021,6.98
mus,sex_m,ocu_skill_l3_4,2022,6.951
mus,sex_m,ocu_skill_l3_4,2023,19.058
mus,sex_m,ocu_skill_total,2012,170.9
mus,sex_m,ocu_skill_total,2013,175.226
mus,sex_m,ocu_skill_total,2014,184.728
mus,sex_m,ocu_skill_total,2015,181.68
mus,sex_m,ocu_skill_total,2016,181.649
mus,sex_m,ocu_skill_total,2017,182.57
mus,sex_m,ocu_skill_total,2018,186.412
mus,sex_m,ocu_skill_total,2019,189.878
mus,sex_m,ocu_skill_total,2021,102.472
mus,sex_m,ocu_skill_total,2022,118.128
mus,sex_m,ocu_skill_total,2023,124.713
mus,sex_m,ocu_skill_x,2012,3.281
mus,sex_m,ocu_skill_x,2013,3.333
mus,sex_m,ocu_skill_x,2014,0.866
mus,sex_m,ocu_skill_x,2015,0.554
mus,sex_m,ocu_skill_x,2016,0.789
mus,sex_m,ocu_skill_x,2017,0.585
mus,sex_m,ocu_skill_x,2018,0.461
mus,sex_m,ocu_skill_x,2019,0.402
mus,sex_t,ocu_isco08_1,2012,3.89
mus,sex_t,ocu_isco08_1,2013,6.893
mus,sex_t,ocu_isco08_1,2014,8.06
mus,sex_t,ocu_isco08_1,2015,8.168
mus,sex_t,ocu_isco08_1,2016,6.62
mus,sex_t,ocu_isco08_1,2017,4.309
mus,sex_t,ocu_isco08_1,2018,5.791
mus,sex_t,ocu_isco08_1,2019,4.219
mus,sex_t,ocu_isco08_1,2021,1.729
mus,sex_t,ocu_isco08_1,2022,0.631
mus,sex_t,ocu_isco08_1,2023,9.565
mus,sex_t,ocu_isco08_2,2012,17.989
mus,sex_t,ocu_isco08_2,2013,24.104
mus,sex_t,ocu_isco08_2,2014,26.981
mus,sex_t,ocu_isco08_2,2015,25.379
mus,sex_t,ocu_isco08_2,2016,21.718
mus,sex_t,ocu_isco08_2,2017,23.3
mus,sex_t,ocu_isco08_2,2018,25.372
mus,sex_t,ocu_isco08_2,2019,28.202
mus,sex_t,ocu_isco08_2,2021,4.186
mus,sex_t,ocu_isco08_2,2022,3.074
mus,sex_t,ocu_isco08_2,2023,8.774
mus,sex_t,ocu_isco08_3,2012,20.461
mus,sex_t,ocu_isco08_3,2013,22.809
mus,sex_t,ocu_isco08_3,2014,24.976
mus,sex_t,ocu_isco08_3,2015,25.496
mus,sex_t,ocu_isco08_3,2016,27.107
mus,sex_t,ocu_isco08_3,2017,26.748
mus,sex_t,ocu_isco08_3,2018,28.5
mus,sex_t,ocu_isco08_3,2019,26.194
mus,sex_t,ocu_isco08_3,2021,4.272
mus,sex_t,ocu_isco08_3,2022,5.277
mus,sex_t,ocu_isco08_3,2023,10.41
mus,sex_t,ocu_isco08_4,2012,12.731
mus,sex_t,ocu_isco08_4,2013,10.248
mus,sex_t,ocu_isco08_4,2014,13.077
mus,sex_t,ocu_isco08_4,2015,13.366
mus,sex_t,ocu_isco08_4,2016,12.052
mus,sex_t,ocu_isco08_4,2017,13.749
mus,sex_t,ocu_isco08_4,2018,15.019
mus,sex_t,ocu_isco08_4,2019,15.037
mus,sex_t,ocu_isco08_4,2021,2.658
mus,sex_t,ocu_isco08_4,2022,1.483
mus,sex_t,ocu_isco08_4,2023,5.584
mus,sex_t,ocu_isco08_5,2012,60.311
mus,sex_t,ocu_isco08_5,2013,56.271
mus,sex_t,ocu_isco08_5,2014,62.478
mus,sex_t,ocu_isco08_5,2015,64.482
mus,sex_t,ocu_isco08_5,2016,65.607
mus,sex_t,ocu_isco08_5,2017,64.657
mus,sex_t,ocu_isco08_5,2018,64.5
mus,sex_t,ocu_isco08_5,2019,69.897
mus,sex_t,ocu_isco08_5,2021,36.385
mus,sex_t,ocu_isco08_5,2022,37.89
mus,sex_t,ocu_isco08_5,2023,44.332
mus,sex_t,ocu_isco08_6,2012,18.394
mus,sex_t,ocu_isco08_6,2013,19.044
mus,sex_t,ocu_isco08_6,2014,21.412
mus,sex_t,ocu_isco08_6,2015,22.085
mus,sex_t,ocu_isco08_6,2016,19.141
mus,sex_t,ocu_isco08_6,2017,20.773
mus,sex_t,ocu_isco08_6,2018,18.989
mus,sex_t,ocu_isco08_6,2019,17.154
mus,sex_t,ocu_isco08_6,2021,15.062
mus,sex_t,ocu_isco08_6,2022,13.595
mus,sex_t,ocu_isco08_6,2023,16.447
mus,sex_t,ocu_isco08_7,2012,58.274
mus,sex_t,ocu_isco08_7,2013,61.88
mus,sex_t,ocu_isco08_7,2014,64.111
mus,sex_t,ocu_isco08_7,2015,59.175
mus,sex_t,ocu_isco08_7,2016,65.558
mus,sex_t,ocu_isco08_7,2017,63.181
mus,sex_t,ocu_isco08_7,2018,63.54
mus,sex_t,ocu_isco08_7,2019,65.247
mus,sex_t,ocu_isco08_7,2021,50.285
mus,sex_t,ocu_isco08_7,2022,63.908
mus,sex_t,ocu_isco08_7,2023,51.706
mus,sex_t,ocu_isco08_8,2012,16.749
mus,sex_t,ocu_isco08_8,2013,19.122
mus,sex_t,ocu_isco08_8,2014,18.206
mus,sex_t,ocu_isco08_8,2015,17.609
mus,sex_t,ocu_isco08_8,2016,17.513
mus,sex_t,ocu_isco08_8,2017,18.233
mus,sex_t,ocu_isco08_8,2018,17.654
mus,sex_t,ocu_isco08_8,2019,17.671
mus,sex_t,ocu_isco08_8,2021,12.792
mus,sex_t,ocu_isco08_8,2022,13.883
mus,sex_t,ocu_isco08_8,2023,14.176
mus,sex_t,ocu_isco08_9,2012,49.282
mus,sex_t,ocu_isco08_9,2013,46.431
mus,sex_t,ocu_isco08_9,2014,50.138
mus,sex_t,ocu_isco08_9,2015,50.364
mus,sex_t,ocu_isco08_9,2016,48.38
mus,sex_t,ocu_isco08_9,2017,48.334
mus,sex_t,ocu_isco08_9,2018,51.017
mus,sex_t,ocu_isco08_9,2019,50.458
mus,sex_t,ocu_isco08_9,2021,26.509
mus,sex_t,ocu_isco08_9,2022,29.056
mus,sex_t,ocu_isco08_9,2023,26.783
mus,sex_t,ocu_isco08_total,2012,262.503
mus,sex_t,ocu_isco08_total,2013,270.81
mus,sex_t,ocu_isco08_total,2014,290.534
mus,sex_t,ocu_isco08_total,2015,287.135
mus,sex_t,ocu_isco08_total,2016,284.758
mus,sex_t,ocu_isco08_total,2017,284.412
mus,sex_t,ocu_isco08_total,2018,291.202
mus,sex_t,ocu_isco08_total,2019,294.926
mus,sex_t,ocu_isco08_total,2021,153.877
mus,sex_t,ocu_isco08_total,2022,168.798
mus,sex_t,ocu_isco08_total,2023,188.288
mus,sex_t,ocu_isco08_x,2012,4.423
mus,sex_t,ocu_isco08_x,2013,4.008
mus,sex_t,ocu_isco08_x,2014,1.095
mus,sex_t,ocu_isco08_x,2015,1.01
mus,sex_t,ocu_isco08_x,2016,1.06
mus,sex_t,ocu_isco08_x,2017,1.128
mus,sex_t,ocu_isco08_x,2018,0.82
mus,sex_t,ocu_isco08_x,2019,0.846
mus,sex_t,ocu_isco08_x,2023,0.51
mus,sex_t,ocu_skill_l1,2012,49.282
mus,sex_t,ocu_skill_l1,2013,46.431
mus,sex_t,ocu_skill_l1,2014,50.138
mus,sex_t,ocu_skill_l1,2015,50.364
mus,sex_t,ocu_skill_l1,2016,48.38
mus,sex_t,ocu_skill_l1,2017,48.334
mus,sex_t,ocu_skill_l1,2018,51.017
mus,sex_t,ocu_skill_l1,2019,50.458
mus,sex_t,ocu_skill_l1,2021,26.509
mus,sex_t,ocu_skill_l1,2022,29.056
mus,sex_t,ocu_skill_l1,2023,26.783
mus,sex_t,ocu_skill_l2,2012,166.458
mus,sex_t,ocu_skill_l2,2013,166.565
mus,sex_t,ocu_skill_l2,2014,179.284
mus,sex_t,ocu_skill_l2,2015,176.718
mus,sex_t,ocu_skill_l2,2016,179.872
mus,sex_t,ocu_skill_l2,2017,180.593
mus,sex_t,ocu_skill_l2,2018,179.702
mus,sex_t,ocu_skill_l2,2019,185.007
mus,sex_t,ocu_skill_l2,2021,117.181
mus,sex_t,ocu_skill_l2,2022,130.76
mus,sex_t,ocu_skill_l2,2023,132.246
mus,sex_t,ocu_skill_l3_4,2012,42.339
mus,sex_t,ocu_skill_l3_4,2013,53.806
mus,sex_t,ocu_skill_l3_4,2014,60.017
mus,sex_t,ocu_skill_l3_4,2015,59.043
mus,sex_t,ocu_skill_l3_4,2016,55.446
mus,sex_t,ocu_skill_l3_4,2017,54.357
mus,sex_t,ocu_skill_l3_4,2018,59.664
mus,sex_t,ocu_skill_l3_4,2019,58.615
mus,sex_t,ocu_skill_l3_4,2021,10.187
mus,sex_t,ocu_skill_l3_4,2022,8.981
mus,sex_t,ocu_skill_l3_4,2023,28.749
mus,sex_t,ocu_skill_total,2012,262.503
mus,sex_t,ocu_skill_total,2013,270.81
mus,sex_t,ocu_skill_total,2014,290.534
mus,sex_t,ocu_skill_total,2015,287.135
mus,sex_t,ocu_skill_total,2016,284.758
mus,sex_t,ocu_skill_total,2017,284.412
mus,sex_t,ocu_skill_total,2018,291.202
mus,sex_t,ocu_skill_total,2019,294.926
mus,sex_t,ocu_skill_total,2021,153.877
mus,sex_t,ocu_skill_total,2022,168.798
mus,sex_t,ocu_skill_total,2023,188.288
mus,sex_t,ocu_skill_x,2012,4.423
mus,sex_t,ocu_skill_x,2013,4.008
mus,sex_t,ocu_skill_x,2014,1.095
mus,sex_t,ocu_skill_x,2015,1.01
mus,sex_t,ocu_skill_x,2016,1.06
mus,sex_t,ocu_skill_x,2017,1.128
mus,sex_t,ocu_skill_x,2018,0.82
mus,sex_t,ocu_skill_x,2019,0.846
mus,sex_t,ocu_skill_x,2023,0.51
mwi,sex_f,ocu_isco08_2,2013,23.692
mwi,sex_f,ocu_isco08_4,2013,7.19
mwi,sex_f,ocu_isco08_5,2013,410.125
mwi,sex_f,ocu_isco08_6,2013,1448.078
mwi,sex_f,ocu_isco08_7,2013,24.945
mwi,sex_f,ocu_isco08_8,2013,93.119
mwi,sex_f,ocu_isco08_9,2013,583.194
mwi,sex_f,ocu_isco08_total,2013,2808.512
mwi,sex_f,ocu_isco08_x,2013,217.08
mwi,sex_f,ocu_skill_l1,2013,583.194
mwi,sex_f,ocu_skill_l2,2013,1983.457
mwi,sex_f,ocu_skill_l3_4,2013,24.78
mwi,sex_f,ocu_skill_total,2013,2808.512
mwi,sex_f,ocu_skill_x,2013,217.08
mwi,sex_m,ocu_isco08_1,2013,6.215
mwi,sex_m,ocu_isco08_2,2013,31.005
mwi,sex_m,ocu_isco08_3,2013,6.942
mwi,sex_m,ocu_isco08_4,2013,9.878
mwi,sex_m,ocu_isco08_5,2013,371.219
mwi,sex_m,ocu_isco08_6,2013,1119.364
mwi,sex_m,ocu_isco08_7,2013,173.679
mwi,sex_m,ocu_isco08_8,2013,128.651
mwi,sex_m,ocu_isco08_9,2013,583.91
mwi,sex_m,ocu_isco08_total,2013,2550.566
mwi,sex_m,ocu_isco08_x,2013,119.703
mwi,sex_m,ocu_skill_l1,2013,583.91
mwi,sex_m,ocu_skill_l2,2013,1802.792
mwi,sex_m,ocu_skill_l3_4,2013,44.162
mwi,sex_m,ocu_skill_total,2013,2550.566
mwi,sex_m,ocu_skill_x,2013,119.703
mwi,sex_t,ocu_isco08_1,2013,6.632
mwi,sex_t,ocu_isco08_2,2013,54.697
mwi,sex_t,ocu_isco08_3,2013,7.612
mwi,sex_t,ocu_isco08_4,2013,17.068
mwi,sex_t,ocu_isco08_5,2013,781.345
mwi,sex_t,ocu_isco08_6,2013,2567.442
mwi,sex_t,ocu_isco08_7,2013,198.625
mwi,sex_t,ocu_isco08_8,2013,221.77
mwi,sex_t,ocu_isco08_9,2013,1167.103
mwi,sex_t,ocu_isco08_total,2013,5359.078
mwi,sex_t,ocu_isco08_x,2013,336.783
mwi,sex_t,ocu_skill_l1,2013,1167.103
mwi,sex_t,ocu_skill_l2,2013,3786.249
mwi,sex_t,ocu_skill_l3_4,2013,68.942
mwi,sex_t,ocu_skill_total,2013,5359.078
mwi,sex_t,ocu_skill_x,2013,336.783
nam,sex_f,ocu_isco88_0,2016,1.816
nam,sex_f,ocu_isco88_0,2018,0.861
nam,sex_f,ocu_isco88_1,2012,1.16
nam,sex_f,ocu_isco88_1,2013,1.807
nam,sex_f,ocu_isco88_1,2014,2.571
nam,sex_f,ocu_isco88_1,2016,4.325
nam,sex_f,ocu_isco88_1,2018,3.353
nam,sex_f,ocu_isco88_2,2012,3.835
nam,sex_f,ocu_isco88_2,2013,4.206
nam,sex_f,ocu_isco88_2,2014,4.845
nam,sex_f,ocu_isco88_2,2016,11.391
nam,sex_f,ocu_isco88_2,2018,3.082
nam,sex_f,ocu_isco88_3,2012,2.726
nam,sex_f,ocu_isco88_3,2013,3.426
nam,sex_f,ocu_isco88_3,2014,4.121
nam,sex_f,ocu_isco88_3,2016,8.219
nam,sex_f,ocu_isco88_3,2018,4.168
nam,sex_f,ocu_isco88_4,2012,5.117
nam,sex_f,ocu_isco88_4,2013,6.206
nam,sex_f,ocu_isco88_4,2014,5.475
nam,sex_f,ocu_isco88_4,2016,19.818
nam,sex_f,ocu_isco88_4,2018,7.615
nam,sex_f,ocu_isco88_5,2012,27.62
nam,sex_f,ocu_isco88_5,2013,29.877
nam,sex_f,ocu_isco88_5,2014,32.999
nam,sex_f,ocu_isco88_5,2016,39.926
nam,sex_f,ocu_isco88_5,2018,38.15
nam,sex_f,ocu_isco88_6,2012,78.505
nam,sex_f,ocu_isco88_6,2013,100.618
nam,sex_f,ocu_isco88_6,2014,84.429
nam,sex_f,ocu_isco88_6,2016,38.1
nam,sex_f,ocu_isco88_6,2018,59.05
nam,sex_f,ocu_isco88_7,2012,12.686
nam,sex_f,ocu_isco88_7,2013,11.385
nam,sex_f,ocu_isco88_7,2014,13.496
nam,sex_f,ocu_isco88_7,2016,11.975
nam,sex_f,ocu_isco88_7,2018,17.069
nam,sex_f,ocu_isco88_8,2012,0.651
nam,sex_f,ocu_isco88_8,2013,0.34
nam,sex_f,ocu_isco88_8,2014,0.306
nam,sex_f,ocu_isco88_8,2016,0.687
nam,sex_f,ocu_isco88_8,2018,0.828
nam,sex_f,ocu_isco88_9,2012,39.595
nam,sex_f,ocu_isco88_9,2013,54.737
nam,sex_f,ocu_isco88_9,2014,55.449
nam,sex_f,ocu_isco88_9,2016,68.487
nam,sex_f,ocu_isco88_9,2018,71.147
nam,sex_f,ocu_isco88_total,2012,171.954
nam,sex_f,ocu_isco88_total,2013,214.588
nam,sex_f,ocu_isco88_total,2014,206.857
nam,sex_f,ocu_isco88_total,2016,216.118
nam,sex_f,ocu_isco88_total,2018,211.333
nam,sex_f,ocu_isco88_x,2013,1.879
nam,sex_f,ocu_isco88_x,2014,2.898
nam,sex_f,ocu_isco88_x,2016,11.375
nam,sex_f,ocu_isco88_x,2018,6.011
nam,sex_f,ocu_skill_l1,2012,39.595
nam,sex_f,ocu_skill_l1,2013,54.737
nam,sex_f,ocu_skill_l1,2014,55.449
nam,sex_f,ocu_skill_l1,2016,68.487
nam,sex_f,ocu_skill_l1,2018,71.147
nam,sex_f,ocu_skill_l2,2012,124.578
nam,sex_f,ocu_skill_l2,2013,148.427
nam,sex_f,ocu_skill_l2,2014,136.705
nam,sex_f,ocu_skill_l2,2016,110.506
nam,sex_f,ocu_skill_l2,2018,122.712
nam,sex_f,ocu_skill_l3_4,2012,7.721
nam,sex_f,ocu_skill_l3_4,2013,9.439
nam,sex_f,ocu_skill_l3_4,2014,11.537
nam,sex_f,ocu_skill_l3_4,2016,23.935
nam,sex_f,ocu_skill_l3_4,2018,10.604
nam,sex_f,ocu_skill_total,2012,171.954
nam,sex_f,ocu_skill_total,2013,214.588
nam,sex_f,ocu_skill_total,2014,206.857
nam,sex_f,ocu_skill_total,2016,216.118
nam,sex_f,ocu_skill_total,2018,211.333
nam,sex_f,ocu_skill_x,2013,1.985
nam,sex_f,ocu_skill_x,2014,3.167
nam,sex_f,ocu_skill_x,2016,13.19
nam,sex_f,ocu_skill_x,2018,6.871
nam,sex_m,ocu_isco88_0,2012,0.486
nam,sex_m,ocu_isco88_0,2013,0.454
nam,sex_m,ocu_isco88_0,2016,1.874
nam,sex_m,ocu_isco88_0,2018,0.31
nam,sex_m,ocu_isco88_1,2012,2.887
nam,sex_m,ocu_isco88_1,2013,1.612
nam,sex_m,ocu_isco88_1,2014,2.188
nam,sex_m,ocu_isco88_1,2016,6.472
nam,sex_m,ocu_isco88_1,2018,4.21
nam,sex_m,ocu_isco88_2,2012,2.905
nam,sex_m,ocu_isco88_2,2013,4.37
nam,sex_m,ocu_isco88_2,2014,2.961
nam,sex_m,ocu_isco88_2,2016,7.196
nam,sex_m,ocu_isco88_2,2018,3.39
nam,sex_m,ocu_isco88_3,2012,2.493
nam,sex_m,ocu_isco88_3,2013,2.946
nam,sex_m,ocu_isco88_3,2014,3.43
nam,sex_m,ocu_isco88_3,2016,7.907
nam,sex_m,ocu_isco88_3,2018,3.741
nam,sex_m,ocu_isco88_4,2012,2.414
nam,sex_m,ocu_isco88_4,2013,2.197
nam,sex_m,ocu_isco88_4,2014,1.098
nam,sex_m,ocu_isco88_4,2016,6.68
nam,sex_m,ocu_isco88_4,2018,2.546
nam,sex_m,ocu_isco88_5,2012,9.581
nam,sex_m,ocu_isco88_5,2013,13.387
nam,sex_m,ocu_isco88_5,2014,14.685
nam,sex_m,ocu_isco88_5,2016,20.194
nam,sex_m,ocu_isco88_5,2018,14.023
nam,sex_m,ocu_isco88_6,2012,61.552
nam,sex_m,ocu_isco88_6,2013,66.271
nam,sex_m,ocu_isco88_6,2014,68.784
nam,sex_m,ocu_isco88_6,2016,34.098
nam,sex_m,ocu_isco88_6,2018,50.035
nam,sex_m,ocu_isco88_7,2012,38.108
nam,sex_m,ocu_isco88_7,2013,39.494
nam,sex_m,ocu_isco88_7,2014,43.466
nam,sex_m,ocu_isco88_7,2016,48.44
nam,sex_m,ocu_isco88_7,2018,37.577
nam,sex_m,ocu_isco88_8,2012,7.775
nam,sex_m,ocu_isco88_8,2013,11.503
nam,sex_m,ocu_isco88_8,2014,10.677
nam,sex_m,ocu_isco88_8,2016,14.852
nam,sex_m,ocu_isco88_8,2018,11.649
nam,sex_m,ocu_isco88_9,2012,36.96
nam,sex_m,ocu_isco88_9,2013,42.057
nam,sex_m,ocu_isco88_9,2014,35.702
nam,sex_m,ocu_isco88_9,2016,55.616
nam,sex_m,ocu_isco88_9,2018,48.099
nam,sex_m,ocu_isco88_total,2012,165.316
nam,sex_m,ocu_isco88_total,2013,190.364
nam,sex_m,ocu_isco88_total,2014,191.726
nam,sex_m,ocu_isco88_total,2016,226.946
nam,sex_m,ocu_isco88_total,2018,191.633
nam,sex_m,ocu_isco88_x,2013,6.072
nam,sex_m,ocu_isco88_x,2014,8.486
nam,sex_m,ocu_isco88_x,2016,23.617
nam,sex_m,ocu_isco88_x,2018,16.054
nam,sex_m,ocu_skill_l1,2012,36.96
nam,sex_m,ocu_skill_l1,2013,42.057
nam,sex_m,ocu_skill_l1,2014,35.702
nam,sex_m,ocu_skill_l1,2016,55.616
nam,sex_m,ocu_skill_l1,2018,48.099
nam,sex_m,ocu_skill_l2,2012,119.43
nam,sex_m,ocu_skill_l2,2013,132.853
nam,sex_m,ocu_skill_l2,2014,138.71
nam,sex_m,ocu_skill_l2,2016,124.264
nam,sex_m,ocu_skill_l2,2018,115.83
nam,sex_m,ocu_skill_l3_4,2012,8.286
nam,sex_m,ocu_skill_l3_4,2013,8.928
nam,sex_m,ocu_skill_l3_4,2014,8.578
nam,sex_m,ocu_skill_l3_4,2016,21.575
nam,sex_m,ocu_skill_l3_4,2018,11.34
nam,sex_m,ocu_skill_total,2012,165.316
nam,sex_m,ocu_skill_total,2013,190.364
nam,sex_m,ocu_skill_total,2014,191.726
nam,sex_m,ocu_skill_total,2016,226.946
nam,sex_m,ocu_skill_total,2018,191.633
nam,sex_m,ocu_skill_x,2012,0.641
nam,sex_m,ocu_skill_x,2013,6.526
nam,sex_m,ocu_skill_x,2014,8.736
nam,sex_m,ocu_skill_x,2016,25.491
nam,sex_m,ocu_skill_x,2018,16.364
nam,sex_t,ocu_isco88_0,2012,0.486
nam,sex_t,ocu_isco88_0,2013,0.56
nam,sex_t,ocu_isco88_0,2014,0.519
nam,sex_t,ocu_isco88_0,2016,3.689
nam,sex_t,ocu_isco88_0,2018,1.171
nam,sex_t,ocu_isco88_1,2012,4.047
nam,sex_t,ocu_isco88_1,2013,3.419
nam,sex_t,ocu_isco88_1,2014,4.759
nam,sex_t,ocu_isco88_1,2016,10.797
nam,sex_t,ocu_isco88_1,2018,7.563
nam,sex_t,ocu_isco88_2,2012,6.74
nam,sex_t,ocu_isco88_2,2013,8.576
nam,sex_t,ocu_isco88_2,2014,7.806
nam,sex_t,ocu_isco88_2,2016,18.588
nam,sex_t,ocu_isco88_2,2018,6.472
nam,sex_t,ocu_isco88_3,2012,5.22
nam,sex_t,ocu_isco88_3,2013,6.372
nam,sex_t,ocu_isco88_3,2014,7.55
nam,sex_t,ocu_isco88_3,2016,16.125
nam,sex_t,ocu_isco88_3,2018,7.908
nam,sex_t,ocu_isco88_4,2012,7.531
nam,sex_t,ocu_isco88_4,2013,8.404
nam,sex_t,ocu_isco88_4,2014,6.573
nam,sex_t,ocu_isco88_4,2016,26.499
nam,sex_t,ocu_isco88_4,2018,10.161
nam,sex_t,ocu_isco88_5,2012,37.201
nam,sex_t,ocu_isco88_5,2013,43.263
nam,sex_t,ocu_isco88_5,2014,47.684
nam,sex_t,ocu_isco88_5,2016,60.12
nam,sex_t,ocu_isco88_5,2018,52.173
nam,sex_t,ocu_isco88_6,2012,140.057
nam,sex_t,ocu_isco88_6,2013,166.89
nam,sex_t,ocu_isco88_6,2014,153.213
nam,sex_t,ocu_isco88_6,2016,72.198
nam,sex_t,ocu_isco88_6,2018,109.085
nam,sex_t,ocu_isco88_7,2012,50.794
nam,sex_t,ocu_isco88_7,2013,50.88
nam,sex_t,ocu_isco88_7,2014,56.962
nam,sex_t,ocu_isco88_7,2016,60.415
nam,sex_t,ocu_isco88_7,2018,54.646
nam,sex_t,ocu_isco88_8,2012,8.426
nam,sex_t,ocu_isco88_8,2013,11.843
nam,sex_t,ocu_isco88_8,2014,10.983
nam,sex_t,ocu_isco88_8,2016,15.539
nam,sex_t,ocu_isco88_8,2018,12.476
nam,sex_t,ocu_isco88_9,2012,76.555
nam,sex_t,ocu_isco88_9,2013,96.793
nam,sex_t,ocu_isco88_9,2014,91.151
nam,sex_t,ocu_isco88_9,2016,124.103
nam,sex_t,ocu_isco88_9,2018,119.246
nam,sex_t,ocu_isco88_total,2012,337.27
nam,sex_t,ocu_isco88_total,2013,404.952
nam,sex_t,ocu_isco88_total,2014,398.584
nam,sex_t,ocu_isco88_total,2016,443.064
nam,sex_t,ocu_isco88_total,2018,402.966
nam,sex_t,ocu_isco88_x,2013,7.951
nam,sex_t,ocu_isco88_x,2014,11.384
nam,sex_t,ocu_isco88_x,2016,34.992
nam,sex_t,ocu_isco88_x,2018,22.064
nam,sex_t,ocu_skill_l1,2012,76.555
nam,sex_t,ocu_skill_l1,2013,96.793
nam,sex_t,ocu_skill_l1,2014,91.151
nam,sex_t,ocu_skill_l1,2016,124.103
nam,sex_t,ocu_skill_l1,2018,119.246
nam,sex_t,ocu_skill_l2,2012,244.008
nam,sex_t,ocu_skill_l2,2013,281.279
nam,sex_t,ocu_skill_l2,2014,275.415
nam,sex_t,ocu_skill_l2,2016,234.77
nam,sex_t,ocu_skill_l2,2018,238.542
nam,sex_t,ocu_skill_l3_4,2012,16.007
nam,sex_t,ocu_skill_l3_4,2013,18.368
nam,sex_t,ocu_skill_l3_4,2014,20.115
nam,sex_t,ocu_skill_l3_4,2016,45.51
nam,sex_t,ocu_skill_l3_4,2018,21.944
nam,sex_t,ocu_skill_total,2012,337.27
nam,sex_t,ocu_skill_total,2013,404.952
nam,sex_t,ocu_skill_total,2014,398.584
nam,sex_t,ocu_skill_total,2016,443.064
nam,sex_t,ocu_skill_total,2018,402.966
nam,sex_t,ocu_skill_x,2012,0.7
nam,sex_t,ocu_skill_x,2013,8.511
nam,sex_t,ocu_skill_x,2014,11.903
nam,sex_t,ocu_skill_x,2016,38.681
nam,sex_t,ocu_skill_x,2018,23.235
ner,sex_f,ocu_isco08_0,2022,0
ner,sex_f,ocu_isco08_1,2017,38.823
ner,sex_f,ocu_isco08_2,2017,2.491
ner,sex_f,ocu_isco08_2,2022,13.838
ner,sex_f,ocu_isco08_3,2017,9.513
ner,sex_f,ocu_isco08_3,2022,19.461
ner,sex_f,ocu_isco08_4,2022,10.637
ner,sex_f,ocu_isco08_5,2017,250.416
ner,sex_f,ocu_isco08_5,2022,786.591
ner,sex_f,ocu_isco08_6,2017,88.846
ner,sex_f,ocu_isco08_6,2022,3695.582
ner,sex_f,ocu_isco08_7,2017,105.729
ner,sex_f,ocu_isco08_7,2022,107.998
ner,sex_f,ocu_isco08_8,2017,4.443
ner,sex_f,ocu_isco08_9,2017,33.111
ner,sex_f,ocu_isco08_9,2022,45.949
ner,sex_f,ocu_isco08_total,2017,544.59
ner,sex_f,ocu_isco08_total,2022,4693.388
ner,sex_f,ocu_isco08_x,2017,11.067
ner,sex_f,ocu_isco08_x,2022,12.498
ner,sex_f,ocu_skill_l1,2017,33.111
ner,sex_f,ocu_skill_l1,2022,45.949
ner,sex_f,ocu_skill_l2,2017,449.585
ner,sex_f,ocu_skill_l2,2022,4601.642
ner,sex_f,ocu_skill_l3_4,2017,50.827
ner,sex_f,ocu_skill_l3_4,2022,33.299
ner,sex_f,ocu_skill_total,2017,544.59
ner,sex_f,ocu_skill_total,2022,4693.388
ner,sex_f,ocu_skill_x,2017,11.067
ner,sex_f,ocu_skill_x,2022,12.498
ner,sex_m,ocu_isco08_0,2022,3.556
ner,sex_m,ocu_isco08_1,2017,21.875
ner,sex_m,ocu_isco08_1,2022,2.264
ner,sex_m,ocu_isco08_2,2017,10.201
ner,sex_m,ocu_isco08_2,2022,68.089
ner,sex_m,ocu_isco08_3,2017,52.947
ner,sex_m,ocu_isco08_3,2022,18.6
ner,sex_m,ocu_isco08_4,2017,1.131
ner,sex_m,ocu_isco08_4,2022,15.152
ner,sex_m,ocu_isco08_5,2017,222.97
ner,sex_m,ocu_isco08_5,2022,721.413
ner,sex_m,ocu_isco08_6,2017,437.511
ner,sex_m,ocu_isco08_6,2022,3056.806
ner,sex_m,ocu_isco08_7,2017,139.71
ner,sex_m,ocu_isco08_7,2022,248.818
ner,sex_m,ocu_isco08_8,2017,25.929
ner,sex_m,ocu_isco08_8,2022,23.271
ner,sex_m,ocu_isco08_9,2017,82.977
ner,sex_m,ocu_isco08_9,2022,279.721
ner,sex_m,ocu_isco08_total,2017,1019.356
ner,sex_m,ocu_isco08_total,2022,4469.111
ner,sex_m,ocu_isco08_x,2017,24.105
ner,sex_m,ocu_isco08_x,2022,31.421
ner,sex_m,ocu_skill_l1,2017,82.977
ner,sex_m,ocu_skill_l1,2022,279.721
ner,sex_m,ocu_skill_l2,2017,827.251
ner,sex_m,ocu_skill_l2,2022,4065.46
ner,sex_m,ocu_skill_l3_4,2017,85.023
ner,sex_m,ocu_skill_l3_4,2022,88.953
ner,sex_m,ocu_skill_total,2017,1019.356
ner,sex_m,ocu_skill_total,2022,4469.111
ner,sex_m,ocu_skill_x,2017,24.105
ner,sex_m,ocu_skill_x,2022,34.977
ner,sex_t,ocu_isco08_0,2022,3.556
ner,sex_t,ocu_isco08_1,2017,60.698
ner,sex_t,ocu_isco08_1,2022,2.264
ner,sex_t,ocu_isco08_2,2017,12.692
ner,sex_t,ocu_isco08_2,2022,81.926
ner,sex_t,ocu_isco08_3,2017,62.46
ner,sex_t,ocu_isco08_3,2022,38.061
ner,sex_t,ocu_isco08_4,2017,1.282
ner,sex_t,ocu_isco08_4,2022,25.788
ner,sex_t,ocu_isco08_5,2017,473.386
ner,sex_t,ocu_isco08_5,2022,1508.004
ner,sex_t,ocu_isco08_6,2017,526.357
ner,sex_t,ocu_isco08_6,2022,6752.388
ner,sex_t,ocu_isco08_7,2017,245.439
ner,sex_t,ocu_isco08_7,2022,356.816
ner,sex_t,ocu_isco08_8,2017,30.372
ner,sex_t,ocu_isco08_8,2022,24.106
ner,sex_t,ocu_isco08_9,2017,116.088
ner,sex_t,ocu_isco08_9,2022,325.67
ner,sex_t,ocu_isco08_total,2017,1563.946
ner,sex_t,ocu_isco08_total,2022,9162.499
ner,sex_t,ocu_isco08_x,2017,35.172
ner,sex_t,ocu_isco08_x,2022,43.919
ner,sex_t,ocu_skill_l1,2017,116.088
ner,sex_t,ocu_skill_l1,2022,325.67
ner,sex_t,ocu_skill_l2,2017,1276.836
ner,sex_t,ocu_skill_l2,2022,8667.102
ner,sex_t,ocu_skill_l3_4,2017,135.85
ner,sex_t,ocu_skill_l3_4,2022,122.252
ner,sex_t,ocu_skill_total,2017,1563.946
ner,sex_t,ocu_skill_total,2022,9162.499
ner,sex_t,ocu_skill_x,2017,35.172
ner,sex_t,ocu_skill_x,2022,47.475
nic,sex_f,ocu_isco88_1,2012,3.84
nic,sex_f,ocu_isco88_2,2012,12.258
nic,sex_f,ocu_isco88_3,2012,39.707
nic,sex_f,ocu_isco88_4,2012,13.273
nic,sex_f,ocu_isco88_5,2012,438.914
nic,sex_f,ocu_isco88_6,2012,78.12
nic,sex_f,ocu_isco88_7,2012,82.259
nic,sex_f,ocu_isco88_8,2012,4.427
nic,sex_f,ocu_isco88_9,2012,397.58
nic,sex_f,ocu_isco88_total,2012,1070.742
nic,sex_f,ocu_skill_l1,2012,397.58
nic,sex_f,ocu_skill_l2,2012,616.993
nic,sex_f,ocu_skill_l3_4,2012,55.805
nic,sex_f,ocu_skill_total,2012,1070.742
nic,sex_f,ocu_skill_x,2012,0.365
nic,sex_m,ocu_isco88_0,2012,6.502
nic,sex_m,ocu_isco88_1,2012,16.536
nic,sex_m,ocu_isco88_2,2012,15.569
nic,sex_m,ocu_isco88_3,2012,48.143
nic,sex_m,ocu_isco88_4,2012,8.703
nic,sex_m,ocu_isco88_5,2012,144.012
nic,sex_m,ocu_isco88_6,2012,296.737
nic,sex_m,ocu_isco88_7,2012,177.039
nic,sex_m,ocu_isco88_8,2012,74.449
nic,sex_m,ocu_isco88_9,2012,526.516
nic,sex_m,ocu_isco88_total,2012,1315.158
nic,sex_m,ocu_isco88_x,2012,0.953
nic,sex_m,ocu_skill_l1,2012,526.516
nic,sex_m,ocu_skill_l2,2012,700.94
nic,sex_m,ocu_skill_l3_4,2012,80.248
nic,sex_m,ocu_skill_total,2012,1315.158
nic,sex_m,ocu_skill_x,2012,7.455
nic,sex_t,ocu_isco88_0,2012,6.655
nic,sex_t,ocu_isco88_1,2012,20.375
nic,sex_t,ocu_isco88_2,2012,27.827
nic,sex_t,ocu_isco88_3,2012,87.85
nic,sex_t,ocu_isco88_4,2012,21.976
nic,sex_t,ocu_isco88_5,2012,582.926
nic,sex_t,ocu_isco88_6,2012,374.857
nic,sex_t,ocu_isco88_7,2012,259.298
nic,sex_t,ocu_isco88_8,2012,78.876
nic,sex_t,ocu_isco88_9,2012,924.096
nic,sex_t,ocu_isco88_total,2012,2385.9
nic,sex_t,ocu_isco88_x,2012,1.165
nic,sex_t,ocu_skill_l1,2012,924.096
nic,sex_t,ocu_skill_l2,2012,1317.933
nic,sex_t,ocu_skill_l3_4,2012,136.052
nic,sex_t,ocu_skill_total,2012,2385.9
nic,sex_t,ocu_skill_x,2012,7.82
nld,sex_f,ocu_isco08_1,2011,9.669
nld,sex_f,ocu_isco08_1,2012,6.679
nld,sex_f,ocu_isco08_1,2013,7.444
nld,sex_f,ocu_isco08_1,2014,5.899
nld,sex_f,ocu_isco08_1,2015,4.569
nld,sex_f,ocu_isco08_1,2016,4.334
nld,sex_f,ocu_isco08_1,2017,7.15
nld,sex_f,ocu_isco08_1,2018,7.491
nld,sex_f,ocu_isco08_1,2019,1.836
nld,sex_f,ocu_isco08_1,2021,4.045
nld,sex_f,ocu_isco08_1,2022,2.887
nld,sex_f,ocu_isco08_2,2011,17.276
nld,sex_f,ocu_isco08_2,2012,24.527
nld,sex_f,ocu_isco08_2,2013,24.915
nld,sex_f,ocu_isco08_2,2014,20.849
nld,sex_f,ocu_isco08_2,2015,19.148
nld,sex_f,ocu_isco08_2,2016,19.456
nld,sex_f,ocu_isco08_2,2017,20.297
nld,sex_f,ocu_isco08_2,2018,31.686
nld,sex_f,ocu_isco08_2,2019,22.386
nld,sex_f,ocu_isco08_2,2020,32.786
nld,sex_f,ocu_isco08_2,2021,13.366
nld,sex_f,ocu_isco08_2,2022,21.455
nld,sex_f,ocu_isco08_2,2023,18.732
nld,sex_f,ocu_isco08_3,2011,9.605
nld,sex_f,ocu_isco08_3,2012,14.773
nld,sex_f,ocu_isco08_3,2013,13.19
nld,sex_f,ocu_isco08_3,2014,13.972
nld,sex_f,ocu_isco08_3,2015,15.193
nld,sex_f,ocu_isco08_3,2016,11.157
nld,sex_f,ocu_isco08_3,2017,11.635
nld,sex_f,ocu_isco08_3,2018,10.836
nld,sex_f,ocu_isco08_3,2019,10.485
nld,sex_f,ocu_isco08_3,2020,11.008
nld,sex_f,ocu_isco08_3,2021,9.406
nld,sex_f,ocu_isco08_3,2022,20.889
nld,sex_f,ocu_isco08_3,2023,15.637
nld,sex_f,ocu_isco08_4,2011,17.767
nld,sex_f,ocu_isco08_4,2012,19.009
nld,sex_f,ocu_isco08_4,2013,11.85
nld,sex_f,ocu_isco08_4,2014,10.417
nld,sex_f,ocu_isco08_4,2015,10.409
nld,sex_f,ocu_isco08_4,2016,11.66
nld,sex_f,ocu_isco08_4,2017,14.204
nld,sex_f,ocu_isco08_4,2018,6.178
nld,sex_f,ocu_isco08_4,2019,12.104
nld,sex_f,ocu_isco08_4,2020,6.563
nld,sex_f,ocu_isco08_4,2021,19.143
nld,sex_f,ocu_isco08_4,2022,11.35
nld,sex_f,ocu_isco08_4,2023,15.938
nld,sex_f,ocu_isco08_5,2011,61.156
nld,sex_f,ocu_isco08_5,2012,55.394
nld,sex_f,ocu_isco08_5,2013,52.121
nld,sex_f,ocu_isco08_5,2014,38.526
nld,sex_f,ocu_isco08_5,2015,39.778
nld,sex_f,ocu_isco08_5,2016,47.055
nld,sex_f,ocu_isco08_5,2017,39.364
nld,sex_f,ocu_isco08_5,2018,48.443
nld,sex_f,ocu_isco08_5,2019,31.363
nld,sex_f,ocu_isco08_5,2020,34.401
nld,sex_f,ocu_isco08_5,2021,37.304
nld,sex_f,ocu_isco08_5,2022,31.667
nld,sex_f,ocu_isco08_5,2023,44.439
nld,sex_f,ocu_isco08_6,2011,7.059
nld,sex_f,ocu_isco08_6,2012,10.062
nld,sex_f,ocu_isco08_6,2013,5.472
nld,sex_f,ocu_isco08_6,2014,6.047
nld,sex_f,ocu_isco08_6,2015,3.603
nld,sex_f,ocu_isco08_6,2016,3.656
nld,sex_f,ocu_isco08_6,2017,7.221
nld,sex_f,ocu_isco08_6,2018,2.048
nld,sex_f,ocu_isco08_6,2019,4.612
nld,sex_f,ocu_isco08_6,2020,2.785
nld,sex_f,ocu_isco08_6,2021,5.603
nld,sex_f,ocu_isco08_6,2022,5.965
nld,sex_f,ocu_isco08_7,2016,3.497
nld,sex_f,ocu_isco08_7,2017,3.919
nld,sex_f,ocu_isco08_7,2020,2.729
nld,sex_f,ocu_isco08_7,2022,1.82
nld,sex_f,ocu_isco08_9,2011,5.913
nld,sex_f,ocu_isco08_9,2012,7.441
nld,sex_f,ocu_isco08_9,2013,7.432
nld,sex_f,ocu_isco08_9,2014,5.442
nld,sex_f,ocu_isco08_9,2015,9.714
nld,sex_f,ocu_isco08_9,2016,9.4
nld,sex_f,ocu_isco08_9,2017,8.712
nld,sex_f,ocu_isco08_9,2018,19.128
nld,sex_f,ocu_isco08_9,2019,6.932
nld,sex_f,ocu_isco08_9,2020,10.066
nld,sex_f,ocu_isco08_9,2021,7.629
nld,sex_f,ocu_isco08_9,2022,5.32
nld,sex_f,ocu_isco08_9,2023,3.553
nld,sex_f,ocu_isco08_total,2011,157.887
nld,sex_f,ocu_isco08_total,2012,161.677
nld,sex_f,ocu_isco08_total,2013,140.33
nld,sex_f,ocu_isco08_total,2014,119.858
nld,sex_f,ocu_isco08_total,2015,116.457
nld,sex_f,ocu_isco08_total,2016,112.341
nld,sex_f,ocu_isco08_total,2017,132.172
nld,sex_f,ocu_isco08_total,2018,152.692
nld,sex_f,ocu_isco08_total,2019,118.091
nld,sex_f,ocu_isco08_total,2020,135.937
nld,sex_f,ocu_isco08_total,2021,117.783
nld,sex_f,ocu_isco08_total,2022,118.135
nld,sex_f,ocu_isco08_total,2023,112.544
nld,sex_f,ocu_isco08_x,2011,26.631
nld,sex_f,ocu_isco08_x,2012,19.64
nld,sex_f,ocu_isco08_x,2013,13.483
nld,sex_f,ocu_isco08_x,2014,14.034
nld,sex_f,ocu_isco08_x,2015,7.61
nld,sex_f,ocu_isco08_x,2017,19.476
nld,sex_f,ocu_isco08_x,2018,23.015
nld,sex_f,ocu_isco08_x,2019,23.366
nld,sex_f,ocu_isco08_x,2020,32.048
nld,sex_f,ocu_isco08_x,2021,17.834
nld,sex_f,ocu_isco08_x,2022,15.673
nld,sex_f,ocu_isco08_x,2023,10.956
nld,sex_f,ocu_isco88_1,2007,3.352
nld,sex_f,ocu_isco88_1,2008,3.254
nld,sex_f,ocu_isco88_1,2010,15.141
nld,sex_f,ocu_isco88_2,2007,9.531
nld,sex_f,ocu_isco88_2,2008,8.194
nld,sex_f,ocu_isco88_2,2009,6.726
nld,sex_f,ocu_isco88_2,2010,15.241
nld,sex_f,ocu_isco88_3,2007,9.248
nld,sex_f,ocu_isco88_3,2008,11.896
nld,sex_f,ocu_isco88_3,2009,8.765
nld,sex_f,ocu_isco88_3,2010,14.064
nld,sex_f,ocu_isco88_4,2007,10.911
nld,sex_f,ocu_isco88_4,2008,17.583
nld,sex_f,ocu_isco88_4,2009,20.261
nld,sex_f,ocu_isco88_4,2010,18.447
nld,sex_f,ocu_isco88_5,2007,29.054
nld,sex_f,ocu_isco88_5,2008,29.106
nld,sex_f,ocu_isco88_5,2009,27.5
nld,sex_f,ocu_isco88_5,2010,34.534
nld,sex_f,ocu_isco88_6,2007,7.563
nld,sex_f,ocu_isco88_6,2008,7.018
nld,sex_f,ocu_isco88_6,2009,7.331
nld,sex_f,ocu_isco88_6,2010,3.414
nld,sex_f,ocu_isco88_8,2010,4.078
nld,sex_f,ocu_isco88_9,2007,6.086
nld,sex_f,ocu_isco88_9,2008,8.112
nld,sex_f,ocu_isco88_9,2009,5.04
nld,sex_f,ocu_isco88_9,2010,5.548
nld,sex_f,ocu_isco88_total,2007,117.775
nld,sex_f,ocu_isco88_total,2008,139.008
nld,sex_f,ocu_isco88_total,2009,130.123
nld,sex_f,ocu_isco88_total,2010,177.246
nld,sex_f,ocu_isco88_x,2007,42.03
nld,sex_f,ocu_isco88_x,2008,50.15
nld,sex_f,ocu_isco88_x,2009,50.477
nld,sex_f,ocu_isco88_x,2010,64.338
nld,sex_f,ocu_skill_l1,2007,6.086
nld,sex_f,ocu_skill_l1,2008,8.112
nld,sex_f,ocu_skill_l1,2009,5.04
nld,sex_f,ocu_skill_l1,2010,5.548
nld,sex_f,ocu_skill_l1,2011,5.913
nld,sex_f,ocu_skill_l1,2012,7.441
nld,sex_f,ocu_skill_l1,2013,7.432
nld,sex_f,ocu_skill_l1,2014,5.442
nld,sex_f,ocu_skill_l1,2015,9.714
nld,sex_f,ocu_skill_l1,2016,9.4
nld,sex_f,ocu_skill_l1,2017,8.712
nld,sex_f,ocu_skill_l1,2018,19.128
nld,sex_f,ocu_skill_l1,2019,6.932
nld,sex_f,ocu_skill_l1,2020,10.066
nld,sex_f,ocu_skill_l1,2021,7.629
nld,sex_f,ocu_skill_l1,2022,5.32
nld,sex_f,ocu_skill_l1,2023,3.553
nld,sex_f,ocu_skill_l2,2007,47.528
nld,sex_f,ocu_skill_l2,2008,57.402
nld,sex_f,ocu_skill_l2,2009,57.612
nld,sex_f,ocu_skill_l2,2010,62.915
nld,sex_f,ocu_skill_l2,2011,88.792
nld,sex_f,ocu_skill_l2,2012,88.617
nld,sex_f,ocu_skill_l2,2013,72.516
nld,sex_f,ocu_skill_l2,2014,58.828
nld,sex_f,ocu_skill_l2,2015,58.638
nld,sex_f,ocu_skill_l2,2016,66.354
nld,sex_f,ocu_skill_l2,2017,64.708
nld,sex_f,ocu_skill_l2,2018,60.529
nld,sex_f,ocu_skill_l2,2019,53.086
nld,sex_f,ocu_skill_l2,2020,47.494
nld,sex_f,ocu_skill_l2,2021,65.504
nld,sex_f,ocu_skill_l2,2022,51.911
nld,sex_f,ocu_skill_l2,2023,62.498
nld,sex_f,ocu_skill_l3_4,2007,22.131
nld,sex_f,ocu_skill_l3_4,2008,23.344
nld,sex_f,ocu_skill_l3_4,2009,16.994
nld,sex_f,ocu_skill_l3_4,2010,44.446
nld,sex_f,ocu_skill_l3_4,2011,36.55
nld,sex_f,ocu_skill_l3_4,2012,45.979
nld,sex_f,ocu_skill_l3_4,2013,45.548
nld,sex_f,ocu_skill_l3_4,2014,40.72
nld,sex_f,ocu_skill_l3_4,2015,38.91
nld,sex_f,ocu_skill_l3_4,2016,34.947
nld,sex_f,ocu_skill_l3_4,2017,39.082
nld,sex_f,ocu_skill_l3_4,2018,50.013
nld,sex_f,ocu_skill_l3_4,2019,34.707
nld,sex_f,ocu_skill_l3_4,2020,46.328
nld,sex_f,ocu_skill_l3_4,2021,26.816
nld,sex_f,ocu_skill_l3_4,2022,45.231
nld,sex_f,ocu_skill_l3_4,2023,35.537
nld,sex_f,ocu_skill_total,2007,117.775
nld,sex_f,ocu_skill_total,2008,139.008
nld,sex_f,ocu_skill_total,2009,130.123
nld,sex_f,ocu_skill_total,2010,177.246
nld,sex_f,ocu_skill_total,2011,157.887
nld,sex_f,ocu_skill_total,2012,161.677
nld,sex_f,ocu_skill_total,2013,140.33
nld,sex_f,ocu_skill_total,2014,119.858
nld,sex_f,ocu_skill_total,2015,116.457
nld,sex_f,ocu_skill_total,2016,112.341
nld,sex_f,ocu_skill_total,2017,132.172
nld,sex_f,ocu_skill_total,2018,152.692
nld,sex_f,ocu_skill_total,2019,118.091
nld,sex_f,ocu_skill_total,2020,135.937
nld,sex_f,ocu_skill_total,2021,117.783
nld,sex_f,ocu_skill_total,2022,118.135
nld,sex_f,ocu_skill_total,2023,112.544
nld,sex_f,ocu_skill_x,2007,42.03
nld,sex_f,ocu_skill_x,2008,50.15
nld,sex_f,ocu_skill_x,2009,50.477
nld,sex_f,ocu_skill_x,2010,64.338
nld,sex_f,ocu_skill_x,2011,26.631
nld,sex_f,ocu_skill_x,2012,19.64
nld,sex_f,ocu_skill_x,2013,14.834
nld,sex_f,ocu_skill_x,2014,14.869
nld,sex_f,ocu_skill_x,2015,9.195
nld,sex_f,ocu_skill_x,2016,1.64
nld,sex_f,ocu_skill_x,2017,19.669
nld,sex_f,ocu_skill_x,2018,23.022
nld,sex_f,ocu_skill_x,2019,23.366
nld,sex_f,ocu_skill_x,2020,32.048
nld,sex_f,ocu_skill_x,2021,17.834
nld,sex_f,ocu_skill_x,2022,15.673
nld,sex_f,ocu_skill_x,2023,10.956
nld,sex_m,ocu_isco08_0,2015,5.923
nld,sex_m,ocu_isco08_0,2016,2.036
nld,sex_m,ocu_isco08_1,2011,12.809
nld,sex_m,ocu_isco08_1,2012,13.606
nld,sex_m,ocu_isco08_1,2013,12.439
nld,sex_m,ocu_isco08_1,2014,16.369
nld,sex_m,ocu_isco08_1,2015,6.637
nld,sex_m,ocu_isco08_1,2016,12.396
nld,sex_m,ocu_isco08_1,2017,11.964
nld,sex_m,ocu_isco08_1,2018,6.38
nld,sex_m,ocu_isco08_1,2019,4.684
nld,sex_m,ocu_isco08_1,2020,2.315
nld,sex_m,ocu_isco08_1,2021,3.539
nld,sex_m,ocu_isco08_1,2022,2.102
nld,sex_m,ocu_isco08_1,2023,8.061
nld,sex_m,ocu_isco08_2,2011,37.043
nld,sex_m,ocu_isco08_2,2012,37.316
nld,sex_m,ocu_isco08_2,2013,34.149
nld,sex_m,ocu_isco08_2,2014,20.254
nld,sex_m,ocu_isco08_2,2015,28.941
nld,sex_m,ocu_isco08_2,2016,22.235
nld,sex_m,ocu_isco08_2,2017,27.81
nld,sex_m,ocu_isco08_2,2018,29.219
nld,sex_m,ocu_isco08_2,2019,21.667
nld,sex_m,ocu_isco08_2,2020,36.034
nld,sex_m,ocu_isco08_2,2021,19.802
nld,sex_m,ocu_isco08_2,2022,27.89
nld,sex_m,ocu_isco08_2,2023,29.773
nld,sex_m,ocu_isco08_3,2011,9.992
nld,sex_m,ocu_isco08_3,2012,22.831
nld,sex_m,ocu_isco08_3,2013,11.47
nld,sex_m,ocu_isco08_3,2014,11.106
nld,sex_m,ocu_isco08_3,2015,12.413
nld,sex_m,ocu_isco08_3,2016,8.173
nld,sex_m,ocu_isco08_3,2017,11.244
nld,sex_m,ocu_isco08_3,2018,17.036
nld,sex_m,ocu_isco08_3,2019,19.111
nld,sex_m,ocu_isco08_3,2020,10.857
nld,sex_m,ocu_isco08_3,2021,5.39
nld,sex_m,ocu_isco08_3,2022,5.771
nld,sex_m,ocu_isco08_3,2023,7.36
nld,sex_m,ocu_isco08_4,2011,5.915
nld,sex_m,ocu_isco08_4,2012,5.301
nld,sex_m,ocu_isco08_4,2013,12.091
nld,sex_m,ocu_isco08_4,2014,10.693
nld,sex_m,ocu_isco08_4,2015,7.423
nld,sex_m,ocu_isco08_4,2016,3.545
nld,sex_m,ocu_isco08_4,2018,4.455
nld,sex_m,ocu_isco08_4,2019,3.34
nld,sex_m,ocu_isco08_4,2020,4.274
nld,sex_m,ocu_isco08_4,2021,3.92
nld,sex_m,ocu_isco08_4,2022,3.436
nld,sex_m,ocu_isco08_4,2023,6.159
nld,sex_m,ocu_isco08_5,2011,13.263
nld,sex_m,ocu_isco08_5,2012,17.373
nld,sex_m,ocu_isco08_5,2013,15.479
nld,sex_m,ocu_isco08_5,2014,9.469
nld,sex_m,ocu_isco08_5,2015,18.355
nld,sex_m,ocu_isco08_5,2016,19.162
nld,sex_m,ocu_isco08_5,2017,19.494
nld,sex_m,ocu_isco08_5,2018,15.155
nld,sex_m,ocu_isco08_5,2019,11.443
nld,sex_m,ocu_isco08_5,2020,14.589
nld,sex_m,ocu_isco08_5,2021,13.163
nld,sex_m,ocu_isco08_5,2022,13.958
nld,sex_m,ocu_isco08_5,2023,13.664
nld,sex_m,ocu_isco08_6,2011,18.375
nld,sex_m,ocu_isco08_6,2012,18.687
nld,sex_m,ocu_isco08_6,2013,10.365
nld,sex_m,ocu_isco08_6,2014,7.37
nld,sex_m,ocu_isco08_6,2015,7.179
nld,sex_m,ocu_isco08_6,2016,5.459
nld,sex_m,ocu_isco08_6,2017,6.029
nld,sex_m,ocu_isco08_6,2018,7.323
nld,sex_m,ocu_isco08_6,2019,10.241
nld,sex_m,ocu_isco08_6,2020,5.665
nld,sex_m,ocu_isco08_6,2021,4.157
nld,sex_m,ocu_isco08_6,2022,2.672
nld,sex_m,ocu_isco08_7,2011,14.884
nld,sex_m,ocu_isco08_7,2012,11.007
nld,sex_m,ocu_isco08_7,2013,7.511
nld,sex_m,ocu_isco08_7,2014,6.111
nld,sex_m,ocu_isco08_7,2015,20.328
nld,sex_m,ocu_isco08_7,2016,10.223
nld,sex_m,ocu_isco08_7,2017,14.438
nld,sex_m,ocu_isco08_7,2018,11.546
nld,sex_m,ocu_isco08_7,2019,11.528
nld,sex_m,ocu_isco08_7,2020,12.776
nld,sex_m,ocu_isco08_7,2021,13.722
nld,sex_m,ocu_isco08_7,2022,10.062
nld,sex_m,ocu_isco08_7,2023,11.028
nld,sex_m,ocu_isco08_8,2011,2.705
nld,sex_m,ocu_isco08_8,2012,4.566
nld,sex_m,ocu_isco08_8,2013,7.578
nld,sex_m,ocu_isco08_8,2015,6.245
nld,sex_m,ocu_isco08_8,2016,5.408
nld,sex_m,ocu_isco08_8,2017,4.55
nld,sex_m,ocu_isco08_8,2018,3.271
nld,sex_m,ocu_isco08_8,2020,4.007
nld,sex_m,ocu_isco08_8,2021,1.145
nld,sex_m,ocu_isco08_8,2023,0.952
nld,sex_m,ocu_isco08_9,2011,6.668
nld,sex_m,ocu_isco08_9,2012,5.458
nld,sex_m,ocu_isco08_9,2013,11.254
nld,sex_m,ocu_isco08_9,2014,3.958
nld,sex_m,ocu_isco08_9,2015,4.566
nld,sex_m,ocu_isco08_9,2016,5.102
nld,sex_m,ocu_isco08_9,2017,1.667
nld,sex_m,ocu_isco08_9,2018,3.895
nld,sex_m,ocu_isco08_9,2019,4.534
nld,sex_m,ocu_isco08_9,2020,3.569
nld,sex_m,ocu_isco08_9,2021,2.904
nld,sex_m,ocu_isco08_9,2023,1.515
nld,sex_m,ocu_isco08_total,2011,132.754
nld,sex_m,ocu_isco08_total,2012,151.063
nld,sex_m,ocu_isco08_total,2013,126.948
nld,sex_m,ocu_isco08_total,2014,93.418
nld,sex_m,ocu_isco08_total,2015,124.959
nld,sex_m,ocu_isco08_total,2016,94.735
nld,sex_m,ocu_isco08_total,2017,126.953
nld,sex_m,ocu_isco08_total,2018,120.235
nld,sex_m,ocu_isco08_total,2019,112.765
nld,sex_m,ocu_isco08_total,2020,113.111
nld,sex_m,ocu_isco08_total,2021,76.424
nld,sex_m,ocu_isco08_total,2022,81.384
nld,sex_m,ocu_isco08_total,2023,88.678
nld,sex_m,ocu_isco08_x,2011,11.099
nld,sex_m,ocu_isco08_x,2012,14.917
nld,sex_m,ocu_isco08_x,2013,4.613
nld,sex_m,ocu_isco08_x,2014,4.28
nld,sex_m,ocu_isco08_x,2017,26.242
nld,sex_m,ocu_isco08_x,2018,19.405
nld,sex_m,ocu_isco08_x,2019,25.34
nld,sex_m,ocu_isco08_x,2020,19.024
nld,sex_m,ocu_isco08_x,2021,8.681
nld,sex_m,ocu_isco08_x,2022,14.434
nld,sex_m,ocu_isco08_x,2023,8.956
nld,sex_m,ocu_isco88_1,2008,3.697
nld,sex_m,ocu_isco88_1,2009,3.928
nld,sex_m,ocu_isco88_1,2010,27.683
nld,sex_m,ocu_isco88_2,2007,10.904
nld,sex_m,ocu_isco88_2,2008,13.52
nld,sex_m,ocu_isco88_2,2009,9.089
nld,sex_m,ocu_isco88_2,2010,24.426
nld,sex_m,ocu_isco88_3,2007,6.712
nld,sex_m,ocu_isco88_3,2008,16.982
nld,sex_m,ocu_isco88_3,2009,8.271
nld,sex_m,ocu_isco88_3,2010,25.14
nld,sex_m,ocu_isco88_4,2007,10.821
nld,sex_m,ocu_isco88_4,2009,7.511
nld,sex_m,ocu_isco88_5,2007,4.645
nld,sex_m,ocu_isco88_5,2008,11.217
nld,sex_m,ocu_isco88_5,2009,13.775
nld,sex_m,ocu_isco88_5,2010,26.159
nld,sex_m,ocu_isco88_6,2008,10.607
nld,sex_m,ocu_isco88_6,2010,4.761
nld,sex_m,ocu_isco88_7,2008,6.058
nld,sex_m,ocu_isco88_7,2009,10.153
nld,sex_m,ocu_isco88_7,2010,10.338
nld,sex_m,ocu_isco88_8,2007,3.877
nld,sex_m,ocu_isco88_8,2008,9.993
nld,sex_m,ocu_isco88_8,2009,11.533
nld,sex_m,ocu_isco88_8,2010,13.774
nld,sex_m,ocu_isco88_9,2007,8.667
nld,sex_m,ocu_isco88_9,2008,4.171
nld,sex_m,ocu_isco88_9,2009,4.433
nld,sex_m,ocu_isco88_9,2010,9.975
nld,sex_m,ocu_isco88_total,2007,96.67
nld,sex_m,ocu_isco88_total,2008,115.627
nld,sex_m,ocu_isco88_total,2009,134.426
nld,sex_m,ocu_isco88_total,2010,214.773
nld,sex_m,ocu_isco88_x,2007,44.278
nld,sex_m,ocu_isco88_x,2008,38.996
nld,sex_m,ocu_isco88_x,2009,61.568
nld,sex_m,ocu_isco88_x,2010,66.399
nld,sex_m,ocu_skill_l1,2007,8.667
nld,sex_m,ocu_skill_l1,2008,4.171
nld,sex_m,ocu_skill_l1,2009,4.433
nld,sex_m,ocu_skill_l1,2010,9.975
nld,sex_m,ocu_skill_l1,2011,6.668
nld,sex_m,ocu_skill_l1,2012,5.458
nld,sex_m,ocu_skill_l1,2013,11.254
nld,sex_m,ocu_skill_l1,2014,3.958
nld,sex_m,ocu_skill_l1,2015,4.566
nld,sex_m,ocu_skill_l1,2016,5.102
nld,sex_m,ocu_skill_l1,2017,1.667
nld,sex_m,ocu_skill_l1,2018,3.895
nld,sex_m,ocu_skill_l1,2019,4.534
nld,sex_m,ocu_skill_l1,2020,3.569
nld,sex_m,ocu_skill_l1,2021,2.904
nld,sex_m,ocu_skill_l1,2023,1.515
nld,sex_m,ocu_skill_l2,2007,25.126
nld,sex_m,ocu_skill_l2,2008,38.261
nld,sex_m,ocu_skill_l2,2009,47.136
nld,sex_m,ocu_skill_l2,2010,61.15
nld,sex_m,ocu_skill_l2,2011,55.143
nld,sex_m,ocu_skill_l2,2012,56.935
nld,sex_m,ocu_skill_l2,2013,53.024
nld,sex_m,ocu_skill_l2,2014,35.634
nld,sex_m,ocu_skill_l2,2015,59.53
nld,sex_m,ocu_skill_l2,2016,43.798
nld,sex_m,ocu_skill_l2,2017,46.119
nld,sex_m,ocu_skill_l2,2018,41.752
nld,sex_m,ocu_skill_l2,2019,37.429
nld,sex_m,ocu_skill_l2,2020,41.312
nld,sex_m,ocu_skill_l2,2021,36.108
nld,sex_m,ocu_skill_l2,2022,30.486
nld,sex_m,ocu_skill_l2,2023,33.014
nld,sex_m,ocu_skill_l3_4,2007,18.6
nld,sex_m,ocu_skill_l3_4,2008,34.199
nld,sex_m,ocu_skill_l3_4,2009,21.289
nld,sex_m,ocu_skill_l3_4,2010,77.249
nld,sex_m,ocu_skill_l3_4,2011,59.844
nld,sex_m,ocu_skill_l3_4,2012,73.753
nld,sex_m,ocu_skill_l3_4,2013,58.058
nld,sex_m,ocu_skill_l3_4,2014,47.729
nld,sex_m,ocu_skill_l3_4,2015,47.991
nld,sex_m,ocu_skill_l3_4,2016,42.804
nld,sex_m,ocu_skill_l3_4,2017,51.018
nld,sex_m,ocu_skill_l3_4,2018,52.635
nld,sex_m,ocu_skill_l3_4,2019,45.462
nld,sex_m,ocu_skill_l3_4,2020,49.207
nld,sex_m,ocu_skill_l3_4,2021,28.731
nld,sex_m,ocu_skill_l3_4,2022,35.764
nld,sex_m,ocu_skill_l3_4,2023,45.194
nld,sex_m,ocu_skill_total,2007,96.67
nld,sex_m,ocu_skill_total,2008,115.627
nld,sex_m,ocu_skill_total,2009,134.426
nld,sex_m,ocu_skill_total,2010,214.773
nld,sex_m,ocu_skill_total,2011,132.754
nld,sex_m,ocu_skill_total,2012,151.063
nld,sex_m,ocu_skill_total,2013,126.948
nld,sex_m,ocu_skill_total,2014,93.418
nld,sex_m,ocu_skill_total,2015,124.959
nld,sex_m,ocu_skill_total,2016,94.735
nld,sex_m,ocu_skill_total,2017,126.953
nld,sex_m,ocu_skill_total,2018,120.235
nld,sex_m,ocu_skill_total,2019,112.765
nld,sex_m,ocu_skill_total,2020,113.111
nld,sex_m,ocu_skill_total,2021,76.424
nld,sex_m,ocu_skill_total,2022,81.384
nld,sex_m,ocu_skill_total,2023,88.678
nld,sex_m,ocu_skill_x,2007,44.278
nld,sex_m,ocu_skill_x,2008,38.996
nld,sex_m,ocu_skill_x,2009,61.568
nld,sex_m,ocu_skill_x,2010,66.399
nld,sex_m,ocu_skill_x,2011,11.099
nld,sex_m,ocu_skill_x,2012,14.917
nld,sex_m,ocu_skill_x,2013,4.613
nld,sex_m,ocu_skill_x,2014,6.097
nld,sex_m,ocu_skill_x,2015,12.872
nld,sex_m,ocu_skill_x,2016,3.031
nld,sex_m,ocu_skill_x,2017,28.149
nld,sex_m,ocu_skill_x,2018,21.953
nld,sex_m,ocu_skill_x,2019,25.34
nld,sex_m,ocu_skill_x,2020,19.024
nld,sex_m,ocu_skill_x,2021,8.681
nld,sex_m,ocu_skill_x,2022,14.434
nld,sex_m,ocu_skill_x,2023,8.956
nld,sex_t,ocu_isco08_0,2014,2.651
nld,sex_t,ocu_isco08_0,2015,7.509
nld,sex_t,ocu_isco08_0,2016,2.231
nld,sex_t,ocu_isco08_0,2017,2.101
nld,sex_t,ocu_isco08_0,2018,2.555
nld,sex_t,ocu_isco08_1,2011,22.478
nld,sex_t,ocu_isco08_1,2012,20.285
nld,sex_t,ocu_isco08_1,2013,19.883
nld,sex_t,ocu_isco08_1,2014,22.268
nld,sex_t,ocu_isco08_1,2015,11.206
nld,sex_t,ocu_isco08_1,2016,16.73
nld,sex_t,ocu_isco08_1,2017,19.115
nld,sex_t,ocu_isco08_1,2018,13.871
nld,sex_t,ocu_isco08_1,2019,6.52
nld,sex_t,ocu_isco08_1,2020,4.849
nld,sex_t,ocu_isco08_1,2021,7.584
nld,sex_t,ocu_isco08_1,2022,4.99
nld,sex_t,ocu_isco08_1,2023,9.228
nld,sex_t,ocu_isco08_2,2011,54.319
nld,sex_t,ocu_isco08_2,2012,61.844
nld,sex_t,ocu_isco08_2,2013,59.064
nld,sex_t,ocu_isco08_2,2014,41.103
nld,sex_t,ocu_isco08_2,2015,48.089
nld,sex_t,ocu_isco08_2,2016,41.692
nld,sex_t,ocu_isco08_2,2017,48.107
nld,sex_t,ocu_isco08_2,2018,60.905
nld,sex_t,ocu_isco08_2,2019,44.053
nld,sex_t,ocu_isco08_2,2020,68.821
nld,sex_t,ocu_isco08_2,2021,33.167
nld,sex_t,ocu_isco08_2,2022,49.344
nld,sex_t,ocu_isco08_2,2023,48.505
nld,sex_t,ocu_isco08_3,2011,19.598
nld,sex_t,ocu_isco08_3,2012,37.603
nld,sex_t,ocu_isco08_3,2013,24.66
nld,sex_t,ocu_isco08_3,2014,25.078
nld,sex_t,ocu_isco08_3,2015,27.606
nld,sex_t,ocu_isco08_3,2016,19.33
nld,sex_t,ocu_isco08_3,2017,22.879
nld,sex_t,ocu_isco08_3,2018,27.872
nld,sex_t,ocu_isco08_3,2019,29.596
nld,sex_t,ocu_isco08_3,2020,21.866
nld,sex_t,ocu_isco08_3,2021,14.796
nld,sex_t,ocu_isco08_3,2022,26.661
nld,sex_t,ocu_isco08_3,2023,22.998
nld,sex_t,ocu_isco08_4,2011,23.683
nld,sex_t,ocu_isco08_4,2012,24.31
nld,sex_t,ocu_isco08_4,2013,23.941
nld,sex_t,ocu_isco08_4,2014,21.109
nld,sex_t,ocu_isco08_4,2015,17.832
nld,sex_t,ocu_isco08_4,2016,15.205
nld,sex_t,ocu_isco08_4,2017,15.812
nld,sex_t,ocu_isco08_4,2018,10.633
nld,sex_t,ocu_isco08_4,2019,15.444
nld,sex_t,ocu_isco08_4,2020,10.837
nld,sex_t,ocu_isco08_4,2021,23.063
nld,sex_t,ocu_isco08_4,2022,14.787
nld,sex_t,ocu_isco08_4,2023,22.097
nld,sex_t,ocu_isco08_5,2011,74.42
nld,sex_t,ocu_isco08_5,2012,72.767
nld,sex_t,ocu_isco08_5,2013,67.6
nld,sex_t,ocu_isco08_5,2014,47.995
nld,sex_t,ocu_isco08_5,2015,58.133
nld,sex_t,ocu_isco08_5,2016,66.218
nld,sex_t,ocu_isco08_5,2017,58.858
nld,sex_t,ocu_isco08_5,2018,63.599
nld,sex_t,ocu_isco08_5,2019,42.806
nld,sex_t,ocu_isco08_5,2020,48.991
nld,sex_t,ocu_isco08_5,2021,50.468
nld,sex_t,ocu_isco08_5,2022,45.624
nld,sex_t,ocu_isco08_5,2023,58.102
nld,sex_t,ocu_isco08_6,2011,25.434
nld,sex_t,ocu_isco08_6,2012,28.75
nld,sex_t,ocu_isco08_6,2013,15.837
nld,sex_t,ocu_isco08_6,2014,13.417
nld,sex_t,ocu_isco08_6,2015,10.782
nld,sex_t,ocu_isco08_6,2016,9.115
nld,sex_t,ocu_isco08_6,2017,13.25
nld,sex_t,ocu_isco08_6,2018,9.371
nld,sex_t,ocu_isco08_6,2019,14.853
nld,sex_t,ocu_isco08_6,2020,8.451
nld,sex_t,ocu_isco08_6,2021,9.76
nld,sex_t,ocu_isco08_6,2022,8.637
nld,sex_t,ocu_isco08_6,2023,2.03
nld,sex_t,ocu_isco08_7,2011,16.782
nld,sex_t,ocu_isco08_7,2012,14.401
nld,sex_t,ocu_isco08_7,2013,8.901
nld,sex_t,ocu_isco08_7,2014,7.227
nld,sex_t,ocu_isco08_7,2015,21.634
nld,sex_t,ocu_isco08_7,2016,13.721
nld,sex_t,ocu_isco08_7,2017,18.358
nld,sex_t,ocu_isco08_7,2018,15.406
nld,sex_t,ocu_isco08_7,2019,14.095
nld,sex_t,ocu_isco08_7,2020,15.505
nld,sex_t,ocu_isco08_7,2021,16.228
nld,sex_t,ocu_isco08_7,2022,11.882
nld,sex_t,ocu_isco08_7,2023,12.331
nld,sex_t,ocu_isco08_8,2011,3.616
nld,sex_t,ocu_isco08_8,2012,5.324
nld,sex_t,ocu_isco08_8,2013,9.261
nld,sex_t,ocu_isco08_8,2014,4.713
nld,sex_t,ocu_isco08_8,2015,9.786
nld,sex_t,ocu_isco08_8,2016,5.893
nld,sex_t,ocu_isco08_8,2017,4.55
nld,sex_t,ocu_isco08_8,2018,3.271
nld,sex_t,ocu_isco08_8,2019,3.316
nld,sex_t,ocu_isco08_8,2020,5.023
nld,sex_t,ocu_isco08_8,2021,2.093
nld,sex_t,ocu_isco08_8,2022,1.467
nld,sex_t,ocu_isco08_8,2023,0.952
nld,sex_t,ocu_isco08_9,2011,12.581
nld,sex_t,ocu_isco08_9,2012,12.899
nld,sex_t,ocu_isco08_9,2013,18.685
nld,sex_t,ocu_isco08_9,2014,9.4
nld,sex_t,ocu_isco08_9,2015,14.28
nld,sex_t,ocu_isco08_9,2016,14.502
nld,sex_t,ocu_isco08_9,2017,10.379
nld,sex_t,ocu_isco08_9,2018,23.023
nld,sex_t,ocu_isco08_9,2019,11.466
nld,sex_t,ocu_isco08_9,2020,13.636
nld,sex_t,ocu_isco08_9,2021,10.534
nld,sex_t,ocu_isco08_9,2022,6.02
nld,sex_t,ocu_isco08_9,2023,5.068
nld,sex_t,ocu_isco08_total,2011,290.64
nld,sex_t,ocu_isco08_total,2012,312.74
nld,sex_t,ocu_isco08_total,2013,267.278
nld,sex_t,ocu_isco08_total,2014,213.276
nld,sex_t,ocu_isco08_total,2015,241.416
nld,sex_t,ocu_isco08_total,2016,207.076
nld,sex_t,ocu_isco08_total,2017,259.125
nld,sex_t,ocu_isco08_total,2018,272.927
nld,sex_t,ocu_isco08_total,2019,230.856
nld,sex_t,ocu_isco08_total,2020,249.048
nld,sex_t,ocu_isco08_total,2021,194.207
nld,sex_t,ocu_isco08_total,2022,199.519
nld,sex_t,ocu_isco08_total,2023,201.222
nld,sex_t,ocu_isco08_x,2011,37.731
nld,sex_t,ocu_isco08_x,2012,34.557
nld,sex_t,ocu_isco08_x,2013,18.095
nld,sex_t,ocu_isco08_x,2014,18.315
nld,sex_t,ocu_isco08_x,2015,14.559
nld,sex_t,ocu_isco08_x,2016,2.441
nld,sex_t,ocu_isco08_x,2017,45.718
nld,sex_t,ocu_isco08_x,2018,42.42
nld,sex_t,ocu_isco08_x,2019,48.706
nld,sex_t,ocu_isco08_x,2020,51.072
nld,sex_t,ocu_isco08_x,2021,26.515
nld,sex_t,ocu_isco08_x,2022,30.107
nld,sex_t,ocu_isco08_x,2023,19.912
nld,sex_t,ocu_isco88_1,2007,4.336
nld,sex_t,ocu_isco88_1,2008,6.951
nld,sex_t,ocu_isco88_1,2009,5.43
nld,sex_t,ocu_isco88_1,2010,42.824
nld,sex_t,ocu_isco88_2,2007,20.435
nld,sex_t,ocu_isco88_2,2008,21.714
nld,sex_t,ocu_isco88_2,2009,15.816
nld,sex_t,ocu_isco88_2,2010,39.667
nld,sex_t,ocu_isco88_3,2007,15.96
nld,sex_t,ocu_isco88_3,2008,28.878
nld,sex_t,ocu_isco88_3,2009,17.036
nld,sex_t,ocu_isco88_3,2010,39.204
nld,sex_t,ocu_isco88_4,2007,21.733
nld,sex_t,ocu_isco88_4,2008,17.968
nld,sex_t,ocu_isco88_4,2009,27.772
nld,sex_t,ocu_isco88_4,2010,24.564
nld,sex_t,ocu_isco88_5,2007,33.699
nld,sex_t,ocu_isco88_5,2008,40.323
nld,sex_t,ocu_isco88_5,2009,41.276
nld,sex_t,ocu_isco88_5,2010,60.693
nld,sex_t,ocu_isco88_6,2007,11.009
nld,sex_t,ocu_isco88_6,2008,17.625
nld,sex_t,ocu_isco88_6,2009,11.496
nld,sex_t,ocu_isco88_6,2010,8.175
nld,sex_t,ocu_isco88_7,2008,7.807
nld,sex_t,ocu_isco88_7,2009,10.996
nld,sex_t,ocu_isco88_7,2010,12.78
nld,sex_t,ocu_isco88_8,2007,3.877
nld,sex_t,ocu_isco88_8,2008,11.939
nld,sex_t,ocu_isco88_8,2009,13.209
nld,sex_t,ocu_isco88_8,2010,17.852
nld,sex_t,ocu_isco88_9,2007,14.753
nld,sex_t,ocu_isco88_9,2008,12.283
nld,sex_t,ocu_isco88_9,2009,9.473
nld,sex_t,ocu_isco88_9,2010,15.523
nld,sex_t,ocu_isco88_total,2007,214.445
nld,sex_t,ocu_isco88_total,2008,254.635
nld,sex_t,ocu_isco88_total,2009,264.549
nld,sex_t,ocu_isco88_total,2010,392.02
nld,sex_t,ocu_isco88_x,2007,86.308
nld,sex_t,ocu_isco88_x,2008,89.147
nld,sex_t,ocu_isco88_x,2009,112.046
nld,sex_t,ocu_isco88_x,2010,130.737
nld,sex_t,ocu_skill_l1,2007,14.753
nld,sex_t,ocu_skill_l1,2008,12.283
nld,sex_t,ocu_skill_l1,2009,9.473
nld,sex_t,ocu_skill_l1,2010,15.523
nld,sex_t,ocu_skill_l1,2011,12.581
nld,sex_t,ocu_skill_l1,2012,12.899
nld,sex_t,ocu_skill_l1,2013,18.685
nld,sex_t,ocu_skill_l1,2014,9.4
nld,sex_t,ocu_skill_l1,2015,14.28
nld,sex_t,ocu_skill_l1,2016,14.502
nld,sex_t,ocu_skill_l1,2017,10.379
nld,sex_t,ocu_skill_l1,2018,23.023
nld,sex_t,ocu_skill_l1,2019,11.466
nld,sex_t,ocu_skill_l1,2020,13.636
nld,sex_t,ocu_skill_l1,2021,10.534
nld,sex_t,ocu_skill_l1,2022,6.02
nld,sex_t,ocu_skill_l1,2023,5.068
nld,sex_t,ocu_skill_l2,2007,72.654
nld,sex_t,ocu_skill_l2,2008,95.662
nld,sex_t,ocu_skill_l2,2009,104.749
nld,sex_t,ocu_skill_l2,2010,124.065
nld,sex_t,ocu_skill_l2,2011,143.935
nld,sex_t,ocu_skill_l2,2012,145.552
nld,sex_t,ocu_skill_l2,2013,125.54
nld,sex_t,ocu_skill_l2,2014,94.462
nld,sex_t,ocu_skill_l2,2015,118.169
nld,sex_t,ocu_skill_l2,2016,110.151
nld,sex_t,ocu_skill_l2,2017,110.827
nld,sex_t,ocu_skill_l2,2018,102.28
nld,sex_t,ocu_skill_l2,2019,90.514
nld,sex_t,ocu_skill_l2,2020,88.806
nld,sex_t,ocu_skill_l2,2021,101.611
nld,sex_t,ocu_skill_l2,2022,82.397
nld,sex_t,ocu_skill_l2,2023,95.512
nld,sex_t,ocu_skill_l3_4,2007,40.731
nld,sex_t,ocu_skill_l3_4,2008,57.543
nld,sex_t,ocu_skill_l3_4,2009,38.282
nld,sex_t,ocu_skill_l3_4,2010,121.695
nld,sex_t,ocu_skill_l3_4,2011,96.394
nld,sex_t,ocu_skill_l3_4,2012,119.732
nld,sex_t,ocu_skill_l3_4,2013,103.606
nld,sex_t,ocu_skill_l3_4,2014,88.449
nld,sex_t,ocu_skill_l3_4,2015,86.9
nld,sex_t,ocu_skill_l3_4,2016,77.752
nld,sex_t,ocu_skill_l3_4,2017,90.101
nld,sex_t,ocu_skill_l3_4,2018,102.648
nld,sex_t,ocu_skill_l3_4,2019,80.169
nld,sex_t,ocu_skill_l3_4,2020,95.535
nld,sex_t,ocu_skill_l3_4,2021,55.547
nld,sex_t,ocu_skill_l3_4,2022,80.995
nld,sex_t,ocu_skill_l3_4,2023,80.731
nld,sex_t,ocu_skill_total,2007,214.445
nld,sex_t,ocu_skill_total,2008,254.635
nld,sex_t,ocu_skill_total,2009,264.549
nld,sex_t,ocu_skill_total,2010,392.02
nld,sex_t,ocu_skill_total,2011,290.64
nld,sex_t,ocu_skill_total,2012,312.74
nld,sex_t,ocu_skill_total,2013,267.278
nld,sex_t,ocu_skill_total,2014,213.276
nld,sex_t,ocu_skill_total,2015,241.416
nld,sex_t,ocu_skill_total,2016,207.076
nld,sex_t,ocu_skill_total,2017,259.125
nld,sex_t,ocu_skill_total,2018,272.927
nld,sex_t,ocu_skill_total,2019,230.856
nld,sex_t,ocu_skill_total,2020,249.048
nld,sex_t,ocu_skill_total,2021,194.207
nld,sex_t,ocu_skill_total,2022,199.519
nld,sex_t,ocu_skill_total,2023,201.222
nld,sex_t,ocu_skill_x,2007,86.308
nld,sex_t,ocu_skill_x,2008,89.147
nld,sex_t,ocu_skill_x,2009,112.046
nld,sex_t,ocu_skill_x,2010,130.737
nld,sex_t,ocu_skill_x,2011,37.731
nld,sex_t,ocu_skill_x,2012,34.557
nld,sex_t,ocu_skill_x,2013,19.447
nld,sex_t,ocu_skill_x,2014,20.966
nld,sex_t,ocu_skill_x,2015,22.067
nld,sex_t,ocu_skill_x,2016,4.671
nld,sex_t,ocu_skill_x,2017,47.819
nld,sex_t,ocu_skill_x,2018,44.976
nld,sex_t,ocu_skill_x,2019,48.706
nld,sex_t,ocu_skill_x,2020,51.072
nld,sex_t,ocu_skill_x,2021,26.515
nld,sex_t,ocu_skill_x,2022,30.107
nld,sex_t,ocu_skill_x,2023,19.912
nor,sex_f,ocu_isco08_1,2017,2.188
nor,sex_f,ocu_isco08_1,2018,2.052
nor,sex_f,ocu_isco08_2,2011,2.132
nor,sex_f,ocu_isco08_2,2012,4.867
nor,sex_f,ocu_isco08_2,2013,5.251
nor,sex_f,ocu_isco08_2,2014,5.354
nor,sex_f,ocu_isco08_2,2015,4.84
nor,sex_f,ocu_isco08_2,2016,5.031
nor,sex_f,ocu_isco08_2,2017,6.49
nor,sex_f,ocu_isco08_2,2018,5.41
nor,sex_f,ocu_isco08_2,2019,7.484
nor,sex_f,ocu_isco08_2,2020,8.05
nor,sex_f,ocu_isco08_2,2021,6.477
nor,sex_f,ocu_isco08_2,2022,2.471
nor,sex_f,ocu_isco08_2,2023,2.167
nor,sex_f,ocu_isco08_3,2012,2.378
nor,sex_f,ocu_isco08_3,2014,3.247
nor,sex_f,ocu_isco08_3,2015,2.846
nor,sex_f,ocu_isco08_3,2016,1.607
nor,sex_f,ocu_isco08_3,2019,2.642
nor,sex_f,ocu_isco08_3,2020,1.752
nor,sex_f,ocu_isco08_3,2022,3.789
nor,sex_f,ocu_isco08_3,2023,2.32
nor,sex_f,ocu_isco08_4,2011,1.98
nor,sex_f,ocu_isco08_4,2012,3.02
nor,sex_f,ocu_isco08_4,2013,1.782
nor,sex_f,ocu_isco08_4,2014,3.313
nor,sex_f,ocu_isco08_4,2015,2.161
nor,sex_f,ocu_isco08_4,2016,2.588
nor,sex_f,ocu_isco08_4,2018,3.661
nor,sex_f,ocu_isco08_4,2019,2.638
nor,sex_f,ocu_isco08_5,2011,8.869
nor,sex_f,ocu_isco08_5,2012,11.28
nor,sex_f,ocu_isco08_5,2013,12.063
nor,sex_f,ocu_isco08_5,2014,8.485
nor,sex_f,ocu_isco08_5,2015,11.529
nor,sex_f,ocu_isco08_5,2016,9.241
nor,sex_f,ocu_isco08_5,2017,6.586
nor,sex_f,ocu_isco08_5,2018,9.973
nor,sex_f,ocu_isco08_5,2019,10.011
nor,sex_f,ocu_isco08_5,2020,9.095
nor,sex_f,ocu_isco08_5,2021,5.871
nor,sex_f,ocu_isco08_5,2022,8.651
nor,sex_f,ocu_isco08_5,2023,8.89
nor,sex_f,ocu_isco08_6,2011,3.318
nor,sex_f,ocu_isco08_6,2012,1.74
nor,sex_f,ocu_isco08_6,2013,2.99
nor,sex_f,ocu_isco08_6,2014,3.308
nor,sex_f,ocu_isco08_6,2015,2.868
nor,sex_f,ocu_isco08_6,2017,2
nor,sex_f,ocu_isco08_6,2020,1.856
nor,sex_f,ocu_isco08_9,2013,1.905
nor,sex_f,ocu_isco08_9,2014,0.98
nor,sex_f,ocu_isco08_total,2011,23.267
nor,sex_f,ocu_isco08_total,2012,27.993
nor,sex_f,ocu_isco08_total,2013,27.122
nor,sex_f,ocu_isco08_total,2014,26.866
nor,sex_f,ocu_isco08_total,2015,28.488
nor,sex_f,ocu_isco08_total,2016,22.7
nor,sex_f,ocu_isco08_total,2017,20.045
nor,sex_f,ocu_isco08_total,2018,25.702
nor,sex_f,ocu_isco08_total,2019,28.75
nor,sex_f,ocu_isco08_total,2020,24.142
nor,sex_f,ocu_isco08_total,2021,22.161
nor,sex_f,ocu_isco08_total,2022,21.494
nor,sex_f,ocu_isco08_total,2023,16.315
nor,sex_f,ocu_isco08_x,2011,2.181
nor,sex_f,ocu_isco08_x,2016,1.032
nor,sex_f,ocu_isco88_1,2007,1.898
nor,sex_f,ocu_isco88_1,2008,1.394
nor,sex_f,ocu_isco88_2,2007,1.358
nor,sex_f,ocu_isco88_2,2009,1.564
nor,sex_f,ocu_isco88_2,2010,1.495
nor,sex_f,ocu_isco88_3,2007,3.151
nor,sex_f,ocu_isco88_3,2008,2.512
nor,sex_f,ocu_isco88_3,2009,3.969
nor,sex_f,ocu_isco88_3,2010,3.952
nor,sex_f,ocu_isco88_4,2007,1.571
nor,sex_f,ocu_isco88_4,2010,2.195
nor,sex_f,ocu_isco88_5,2007,7.865
nor,sex_f,ocu_isco88_5,2008,4.971
nor,sex_f,ocu_isco88_5,2009,7.542
nor,sex_f,ocu_isco88_5,2010,10.519
nor,sex_f,ocu_isco88_6,2007,1.871
nor,sex_f,ocu_isco88_6,2008,1.627
nor,sex_f,ocu_isco88_6,2009,1.885
nor,sex_f,ocu_isco88_6,2010,1.719
nor,sex_f,ocu_isco88_9,2007,1.126
nor,sex_f,ocu_isco88_9,2010,2.281
nor,sex_f,ocu_isco88_total,2007,21.147
nor,sex_f,ocu_isco88_total,2008,15.6
nor,sex_f,ocu_isco88_total,2009,18.203
nor,sex_f,ocu_isco88_total,2010,25.079
nor,sex_f,ocu_isco88_x,2010,1.529
nor,sex_f,ocu_skill_l1,2007,1.126
nor,sex_f,ocu_skill_l1,2010,2.281
nor,sex_f,ocu_skill_l1,2013,1.905
nor,sex_f,ocu_skill_l1,2014,0.98
nor,sex_f,ocu_skill_l2,2007,12.957
nor,sex_f,ocu_skill_l2,2008,8.182
nor,sex_f,ocu_skill_l2,2009,10.902
nor,sex_f,ocu_skill_l2,2010,15.348
nor,sex_f,ocu_skill_l2,2011,15.841
nor,sex_f,ocu_skill_l2,2012,17.465
nor,sex_f,ocu_skill_l2,2013,18.029
nor,sex_f,ocu_skill_l2,2014,15.598
nor,sex_f,ocu_skill_l2,2015,17.043
nor,sex_f,ocu_skill_l2,2016,13.04
nor,sex_f,ocu_skill_l2,2017,9.251
nor,sex_f,ocu_skill_l2,2018,15.251
nor,sex_f,ocu_skill_l2,2019,14.976
nor,sex_f,ocu_skill_l2,2020,12.157
nor,sex_f,ocu_skill_l2,2021,9.167
nor,sex_f,ocu_skill_l2,2022,10.655
nor,sex_f,ocu_skill_l2,2023,10.036
nor,sex_f,ocu_skill_l3_4,2007,6.407
nor,sex_f,ocu_skill_l3_4,2008,5.013
nor,sex_f,ocu_skill_l3_4,2009,6.267
nor,sex_f,ocu_skill_l3_4,2010,5.921
nor,sex_f,ocu_skill_l3_4,2011,4.022
nor,sex_f,ocu_skill_l3_4,2012,8.296
nor,sex_f,ocu_skill_l3_4,2013,6.833
nor,sex_f,ocu_skill_l3_4,2014,9.707
nor,sex_f,ocu_skill_l3_4,2015,9.198
nor,sex_f,ocu_skill_l3_4,2016,8.157
nor,sex_f,ocu_skill_l3_4,2017,9.131
nor,sex_f,ocu_skill_l3_4,2018,8.521
nor,sex_f,ocu_skill_l3_4,2019,11.165
nor,sex_f,ocu_skill_l3_4,2020,10.871
nor,sex_f,ocu_skill_l3_4,2021,9.15
nor,sex_f,ocu_skill_l3_4,2022,6.534
nor,sex_f,ocu_skill_l3_4,2023,4.486
nor,sex_f,ocu_skill_total,2007,21.147
nor,sex_f,ocu_skill_total,2008,15.6
nor,sex_f,ocu_skill_total,2009,18.203
nor,sex_f,ocu_skill_total,2010,25.079
nor,sex_f,ocu_skill_total,2011,23.267
nor,sex_f,ocu_skill_total,2012,27.993
nor,sex_f,ocu_skill_total,2013,27.122
nor,sex_f,ocu_skill_total,2014,26.866
nor,sex_f,ocu_skill_total,2015,28.488
nor,sex_f,ocu_skill_total,2016,22.7
nor,sex_f,ocu_skill_total,2017,20.045
nor,sex_f,ocu_skill_total,2018,25.702
nor,sex_f,ocu_skill_total,2019,28.75
nor,sex_f,ocu_skill_total,2020,24.142
nor,sex_f,ocu_skill_total,2021,22.161
nor,sex_f,ocu_skill_total,2022,21.494
nor,sex_f,ocu_skill_total,2023,16.315
nor,sex_f,ocu_skill_x,2010,1.529
nor,sex_f,ocu_skill_x,2011,2.181
nor,sex_f,ocu_skill_x,2016,1.032
nor,sex_f,ocu_skill_x,2019,1.497
nor,sex_f,ocu_skill_x,2022,3.432
nor,sex_m,ocu_isco08_1,2014,1.633
nor,sex_m,ocu_isco08_1,2015,1.663
nor,sex_m,ocu_isco08_1,2016,2.439
nor,sex_m,ocu_isco08_1,2017,2.396
nor,sex_m,ocu_isco08_1,2018,2.67
nor,sex_m,ocu_isco08_1,2019,1.442
nor,sex_m,ocu_isco08_2,2011,4.031
nor,sex_m,ocu_isco08_2,2012,7.404
nor,sex_m,ocu_isco08_2,2013,4.156
nor,sex_m,ocu_isco08_2,2014,3.377
nor,sex_m,ocu_isco08_2,2015,6.396
nor,sex_m,ocu_isco08_2,2016,5.454
nor,sex_m,ocu_isco08_2,2017,3.995
nor,sex_m,ocu_isco08_2,2018,2.557
nor,sex_m,ocu_isco08_2,2019,3.294
nor,sex_m,ocu_isco08_2,2020,4.82
nor,sex_m,ocu_isco08_2,2021,4.206
nor,sex_m,ocu_isco08_2,2022,4.278
nor,sex_m,ocu_isco08_2,2023,3.551
nor,sex_m,ocu_isco08_3,2012,4.708
nor,sex_m,ocu_isco08_3,2013,3.546
nor,sex_m,ocu_isco08_3,2014,1.643
nor,sex_m,ocu_isco08_3,2015,3.26
nor,sex_m,ocu_isco08_3,2016,3.253
nor,sex_m,ocu_isco08_3,2017,4.856
nor,sex_m,ocu_isco08_3,2018,3.096
nor,sex_m,ocu_isco08_3,2019,4.193
nor,sex_m,ocu_isco08_3,2020,5.098
nor,sex_m,ocu_isco08_3,2021,2.665
nor,sex_m,ocu_isco08_3,2022,3.894
nor,sex_m,ocu_isco08_3,2023,1.474
nor,sex_m,ocu_isco08_4,2016,1.981
nor,sex_m,ocu_isco08_4,2020,1.204
nor,sex_m,ocu_isco08_5,2011,3.522
nor,sex_m,ocu_isco08_5,2012,4.412
nor,sex_m,ocu_isco08_5,2013,4.046
nor,sex_m,ocu_isco08_5,2014,5.803
nor,sex_m,ocu_isco08_5,2015,7.428
nor,sex_m,ocu_isco08_5,2016,4.714
nor,sex_m,ocu_isco08_5,2017,3.352
nor,sex_m,ocu_isco08_5,2018,4.432
nor,sex_m,ocu_isco08_5,2019,1.997
nor,sex_m,ocu_isco08_5,2020,2.271
nor,sex_m,ocu_isco08_5,2021,2.122
nor,sex_m,ocu_isco08_5,2022,2.872
nor,sex_m,ocu_isco08_6,2011,6.205
nor,sex_m,ocu_isco08_6,2012,4.736
nor,sex_m,ocu_isco08_6,2013,2.781
nor,sex_m,ocu_isco08_6,2014,2.378
nor,sex_m,ocu_isco08_6,2015,3.608
nor,sex_m,ocu_isco08_6,2016,2.024
nor,sex_m,ocu_isco08_6,2017,2.822
nor,sex_m,ocu_isco08_6,2018,3.973
nor,sex_m,ocu_isco08_6,2019,5.28
nor,sex_m,ocu_isco08_6,2020,2.655
nor,sex_m,ocu_isco08_6,2021,3.435
nor,sex_m,ocu_isco08_7,2011,6.179
nor,sex_m,ocu_isco08_7,2012,3.292
nor,sex_m,ocu_isco08_7,2013,4.109
nor,sex_m,ocu_isco08_7,2014,3.578
nor,sex_m,ocu_isco08_7,2015,4.262
nor,sex_m,ocu_isco08_7,2017,4.191
nor,sex_m,ocu_isco08_7,2018,2.959
nor,sex_m,ocu_isco08_7,2019,3.829
nor,sex_m,ocu_isco08_7,2020,3.361
nor,sex_m,ocu_isco08_7,2021,5.654
nor,sex_m,ocu_isco08_7,2022,2.689
nor,sex_m,ocu_isco08_8,2011,1.966
nor,sex_m,ocu_isco08_8,2012,3.155
nor,sex_m,ocu_isco08_8,2014,2.442
nor,sex_m,ocu_isco08_8,2015,3.156
nor,sex_m,ocu_isco08_8,2016,1.853
nor,sex_m,ocu_isco08_8,2017,3.524
nor,sex_m,ocu_isco08_8,2018,1.475
nor,sex_m,ocu_isco08_8,2019,2.192
nor,sex_m,ocu_isco08_8,2020,2.227
nor,sex_m,ocu_isco08_total,2011,28.282
nor,sex_m,ocu_isco08_total,2012,36.481
nor,sex_m,ocu_isco08_total,2013,22.143
nor,sex_m,ocu_isco08_total,2014,23.776
nor,sex_m,ocu_isco08_total,2015,33.085
nor,sex_m,ocu_isco08_total,2016,25.291
nor,sex_m,ocu_isco08_total,2017,26.851
nor,sex_m,ocu_isco08_total,2018,26.912
nor,sex_m,ocu_isco08_total,2019,25.725
nor,sex_m,ocu_isco08_total,2020,24.879
nor,sex_m,ocu_isco08_total,2021,23.519
nor,sex_m,ocu_isco08_total,2022,22.669
nor,sex_m,ocu_isco08_total,2023,15.631
nor,sex_m,ocu_isco08_x,2011,2.448
nor,sex_m,ocu_isco08_x,2012,4.407
nor,sex_m,ocu_isco08_x,2014,1.757
nor,sex_m,ocu_isco08_x,2018,4.344
nor,sex_m,ocu_isco88_1,2007,2.87
nor,sex_m,ocu_isco88_1,2008,1.978
nor,sex_m,ocu_isco88_2,2007,3.368
nor,sex_m,ocu_isco88_3,2007,1.93
nor,sex_m,ocu_isco88_3,2009,1.989
nor,sex_m,ocu_isco88_3,2010,3.503
nor,sex_m,ocu_isco88_5,2007,1.778
nor,sex_m,ocu_isco88_5,2008,1.138
nor,sex_m,ocu_isco88_5,2009,2.175
nor,sex_m,ocu_isco88_5,2010,3.42
nor,sex_m,ocu_isco88_6,2007,4.562
nor,sex_m,ocu_isco88_6,2008,3.013
nor,sex_m,ocu_isco88_6,2009,3.997
nor,sex_m,ocu_isco88_6,2010,4.973
nor,sex_m,ocu_isco88_7,2007,3.975
nor,sex_m,ocu_isco88_7,2008,2.003
nor,sex_m,ocu_isco88_7,2010,4.106
nor,sex_m,ocu_isco88_8,2007,2.555
nor,sex_m,ocu_isco88_8,2008,1.587
nor,sex_m,ocu_isco88_total,2007,22.681
nor,sex_m,ocu_isco88_total,2008,13.119
nor,sex_m,ocu_isco88_total,2009,14.253
nor,sex_m,ocu_isco88_total,2010,23.762
nor,sex_m,ocu_skill_l2,2007,13.158
nor,sex_m,ocu_skill_l2,2008,8.052
nor,sex_m,ocu_skill_l2,2009,8.498
nor,sex_m,ocu_skill_l2,2010,15.777
nor,sex_m,ocu_skill_l2,2011,18.756
nor,sex_m,ocu_skill_l2,2012,16.973
nor,sex_m,ocu_skill_l2,2013,11.563
nor,sex_m,ocu_skill_l2,2014,14.311
nor,sex_m,ocu_skill_l2,2015,18.753
nor,sex_m,ocu_skill_l2,2016,11.481
nor,sex_m,ocu_skill_l2,2017,14.242
nor,sex_m,ocu_skill_l2,2018,13.853
nor,sex_m,ocu_skill_l2,2019,13.673
nor,sex_m,ocu_skill_l2,2020,11.717
nor,sex_m,ocu_skill_l2,2021,13.558
nor,sex_m,ocu_skill_l2,2022,10.329
nor,sex_m,ocu_skill_l2,2023,5.495
nor,sex_m,ocu_skill_l3_4,2007,8.168
nor,sex_m,ocu_skill_l3_4,2008,3.76
nor,sex_m,ocu_skill_l3_4,2009,5.755
nor,sex_m,ocu_skill_l3_4,2010,6.149
nor,sex_m,ocu_skill_l3_4,2011,7.078
nor,sex_m,ocu_skill_l3_4,2012,13.755
nor,sex_m,ocu_skill_l3_4,2013,8.851
nor,sex_m,ocu_skill_l3_4,2014,6.653
nor,sex_m,ocu_skill_l3_4,2015,11.32
nor,sex_m,ocu_skill_l3_4,2016,11.146
nor,sex_m,ocu_skill_l3_4,2017,11.247
nor,sex_m,ocu_skill_l3_4,2018,8.322
nor,sex_m,ocu_skill_l3_4,2019,8.93
nor,sex_m,ocu_skill_l3_4,2020,10.906
nor,sex_m,ocu_skill_l3_4,2021,8.234
nor,sex_m,ocu_skill_l3_4,2022,9.802
nor,sex_m,ocu_skill_l3_4,2023,6.902
nor,sex_m,ocu_skill_total,2007,22.681
nor,sex_m,ocu_skill_total,2008,13.119
nor,sex_m,ocu_skill_total,2009,14.253
nor,sex_m,ocu_skill_total,2010,23.762
nor,sex_m,ocu_skill_total,2011,28.282
nor,sex_m,ocu_skill_total,2012,36.481
nor,sex_m,ocu_skill_total,2013,22.143
nor,sex_m,ocu_skill_total,2014,23.776
nor,sex_m,ocu_skill_total,2015,33.085
nor,sex_m,ocu_skill_total,2016,25.291
nor,sex_m,ocu_skill_total,2017,26.851
nor,sex_m,ocu_skill_total,2018,26.912
nor,sex_m,ocu_skill_total,2019,25.725
nor,sex_m,ocu_skill_total,2020,24.879
nor,sex_m,ocu_skill_total,2021,23.519
nor,sex_m,ocu_skill_total,2022,22.669
nor,sex_m,ocu_skill_total,2023,15.631
nor,sex_m,ocu_skill_x,2011,2.448
nor,sex_m,ocu_skill_x,2012,4.407
nor,sex_m,ocu_skill_x,2014,1.757
nor,sex_m,ocu_skill_x,2018,4.344
nor,sex_t,ocu_isco08_1,2011,2.789
nor,sex_t,ocu_isco08_1,2012,2.693
nor,sex_t,ocu_isco08_1,2013,1.782
nor,sex_t,ocu_isco08_1,2014,2.739
nor,sex_t,ocu_isco08_1,2015,3.174
nor,sex_t,ocu_isco08_1,2016,3.958
nor,sex_t,ocu_isco08_1,2017,4.583
nor,sex_t,ocu_isco08_1,2018,4.721
nor,sex_t,ocu_isco08_1,2019,2.482
nor,sex_t,ocu_isco08_1,2020,2.057
nor,sex_t,ocu_isco08_1,2022,1.902
nor,sex_t,ocu_isco08_2,2011,6.163
nor,sex_t,ocu_isco08_2,2012,12.271
nor,sex_t,ocu_isco08_2,2013,9.408
nor,sex_t,ocu_isco08_2,2014,8.731
nor,sex_t,ocu_isco08_2,2015,11.236
nor,sex_t,ocu_isco08_2,2016,10.485
nor,sex_t,ocu_isco08_2,2017,10.486
nor,sex_t,ocu_isco08_2,2018,7.966
nor,sex_t,ocu_isco08_2,2019,10.778
nor,sex_t,ocu_isco08_2,2020,12.87
nor,sex_t,ocu_isco08_2,2021,10.683
nor,sex_t,ocu_isco08_2,2022,6.75
nor,sex_t,ocu_isco08_2,2023,5.718
nor,sex_t,ocu_isco08_3,2011,2.148
nor,sex_t,ocu_isco08_3,2012,7.086
nor,sex_t,ocu_isco08_3,2013,4.495
nor,sex_t,ocu_isco08_3,2014,4.89
nor,sex_t,ocu_isco08_3,2015,6.107
nor,sex_t,ocu_isco08_3,2016,4.86
nor,sex_t,ocu_isco08_3,2017,5.309
nor,sex_t,ocu_isco08_3,2018,4.156
nor,sex_t,ocu_isco08_3,2019,6.835
nor,sex_t,ocu_isco08_3,2020,6.85
nor,sex_t,ocu_isco08_3,2021,5.338
nor,sex_t,ocu_isco08_3,2022,7.684
nor,sex_t,ocu_isco08_3,2023,3.794
nor,sex_t,ocu_isco08_4,2011,2.864
nor,sex_t,ocu_isco08_4,2012,4.398
nor,sex_t,ocu_isco08_4,2013,2.092
nor,sex_t,ocu_isco08_4,2014,3.425
nor,sex_t,ocu_isco08_4,2015,2.459
nor,sex_t,ocu_isco08_4,2016,4.569
nor,sex_t,ocu_isco08_4,2018,4.675
nor,sex_t,ocu_isco08_4,2019,3.013
nor,sex_t,ocu_isco08_4,2020,2.132
nor,sex_t,ocu_isco08_4,2022,3.475
nor,sex_t,ocu_isco08_5,2011,12.391
nor,sex_t,ocu_isco08_5,2012,15.691
nor,sex_t,ocu_isco08_5,2013,16.109
nor,sex_t,ocu_isco08_5,2014,14.287
nor,sex_t,ocu_isco08_5,2015,18.957
nor,sex_t,ocu_isco08_5,2016,13.955
nor,sex_t,ocu_isco08_5,2017,9.938
nor,sex_t,ocu_isco08_5,2018,14.405
nor,sex_t,ocu_isco08_5,2019,12.008
nor,sex_t,ocu_isco08_5,2020,11.365
nor,sex_t,ocu_isco08_5,2021,7.992
nor,sex_t,ocu_isco08_5,2022,11.523
nor,sex_t,ocu_isco08_5,2023,8.89
nor,sex_t,ocu_isco08_6,2011,9.523
nor,sex_t,ocu_isco08_6,2012,6.476
nor,sex_t,ocu_isco08_6,2013,5.771
nor,sex_t,ocu_isco08_6,2014,5.686
nor,sex_t,ocu_isco08_6,2015,6.476
nor,sex_t,ocu_isco08_6,2016,2.628
nor,sex_t,ocu_isco08_6,2017,4.822
nor,sex_t,ocu_isco08_6,2018,4.963
nor,sex_t,ocu_isco08_6,2019,6.277
nor,sex_t,ocu_isco08_6,2020,4.511
nor,sex_t,ocu_isco08_6,2021,5.294
nor,sex_t,ocu_isco08_6,2023,1.57
nor,sex_t,ocu_isco08_7,2011,7.852
nor,sex_t,ocu_isco08_7,2012,3.44
nor,sex_t,ocu_isco08_7,2013,4.829
nor,sex_t,ocu_isco08_7,2014,4.07
nor,sex_t,ocu_isco08_7,2015,4.747
nor,sex_t,ocu_isco08_7,2016,1.237
nor,sex_t,ocu_isco08_7,2017,4.191
nor,sex_t,ocu_isco08_7,2018,3.131
nor,sex_t,ocu_isco08_7,2019,4.956
nor,sex_t,ocu_isco08_7,2020,3.639
nor,sex_t,ocu_isco08_7,2021,6.064
nor,sex_t,ocu_isco08_7,2022,2.689
nor,sex_t,ocu_isco08_8,2011,1.966
nor,sex_t,ocu_isco08_8,2012,4.434
nor,sex_t,ocu_isco08_8,2014,2.442
nor,sex_t,ocu_isco08_8,2015,3.156
nor,sex_t,ocu_isco08_8,2016,2.132
nor,sex_t,ocu_isco08_8,2017,3.803
nor,sex_t,ocu_isco08_8,2018,1.932
nor,sex_t,ocu_isco08_8,2019,2.397
nor,sex_t,ocu_isco08_8,2020,2.227
nor,sex_t,ocu_isco08_9,2012,2.312
nor,sex_t,ocu_isco08_9,2013,2.834
nor,sex_t,ocu_isco08_9,2014,2.034
nor,sex_t,ocu_isco08_9,2015,3.305
nor,sex_t,ocu_isco08_9,2016,1.794
nor,sex_t,ocu_isco08_9,2017,1.143
nor,sex_t,ocu_isco08_9,2019,3.041
nor,sex_t,ocu_isco08_9,2023,2.749
nor,sex_t,ocu_isco08_total,2011,51.549
nor,sex_t,ocu_isco08_total,2012,64.475
nor,sex_t,ocu_isco08_total,2013,49.265
nor,sex_t,ocu_isco08_total,2014,50.642
nor,sex_t,ocu_isco08_total,2015,61.574
nor,sex_t,ocu_isco08_total,2016,47.99
nor,sex_t,ocu_isco08_total,2017,46.896
nor,sex_t,ocu_isco08_total,2018,52.614
nor,sex_t,ocu_isco08_total,2019,54.475
nor,sex_t,ocu_isco08_total,2020,49.021
nor,sex_t,ocu_isco08_total,2021,45.68
nor,sex_t,ocu_isco08_total,2022,44.164
nor,sex_t,ocu_isco08_total,2023,31.945
nor,sex_t,ocu_isco08_x,2011,4.63
nor,sex_t,ocu_isco08_x,2012,5.673
nor,sex_t,ocu_isco08_x,2014,2.339
nor,sex_t,ocu_isco08_x,2016,2.373
nor,sex_t,ocu_isco08_x,2017,1.882
nor,sex_t,ocu_isco08_x,2018,5.774
nor,sex_t,ocu_isco08_x,2019,2.403
nor,sex_t,ocu_isco08_x,2021,3.566
nor,sex_t,ocu_isco08_x,2022,4.687
nor,sex_t,ocu_isco88_1,2007,4.768
nor,sex_t,ocu_isco88_1,2008,3.373
nor,sex_t,ocu_isco88_1,2009,3.021
nor,sex_t,ocu_isco88_1,2010,2.369
nor,sex_t,ocu_isco88_2,2007,4.726
nor,sex_t,ocu_isco88_2,2008,2.155
nor,sex_t,ocu_isco88_2,2009,3.043
nor,sex_t,ocu_isco88_2,2010,2.247
nor,sex_t,ocu_isco88_3,2007,5.082
nor,sex_t,ocu_isco88_3,2008,3.246
nor,sex_t,ocu_isco88_3,2009,5.958
nor,sex_t,ocu_isco88_3,2010,7.455
nor,sex_t,ocu_isco88_4,2007,1.86
nor,sex_t,ocu_isco88_4,2008,1.547
nor,sex_t,ocu_isco88_4,2010,3.168
nor,sex_t,ocu_isco88_5,2007,9.643
nor,sex_t,ocu_isco88_5,2008,6.109
nor,sex_t,ocu_isco88_5,2009,9.716
nor,sex_t,ocu_isco88_5,2010,13.938
nor,sex_t,ocu_isco88_6,2007,6.432
nor,sex_t,ocu_isco88_6,2008,4.64
nor,sex_t,ocu_isco88_6,2009,5.882
nor,sex_t,ocu_isco88_6,2010,6.692
nor,sex_t,ocu_isco88_7,2007,4.595
nor,sex_t,ocu_isco88_7,2008,2.003
nor,sex_t,ocu_isco88_7,2010,4.655
nor,sex_t,ocu_isco88_8,2007,3.585
nor,sex_t,ocu_isco88_8,2008,1.936
nor,sex_t,ocu_isco88_8,2009,1.481
nor,sex_t,ocu_isco88_8,2010,2.672
nor,sex_t,ocu_isco88_9,2007,1.893
nor,sex_t,ocu_isco88_9,2008,1.752
nor,sex_t,ocu_isco88_9,2010,3.038
nor,sex_t,ocu_isco88_total,2007,43.828
nor,sex_t,ocu_isco88_total,2008,28.719
nor,sex_t,ocu_isco88_total,2009,32.456
nor,sex_t,ocu_isco88_total,2010,48.842
nor,sex_t,ocu_isco88_x,2008,1.96
nor,sex_t,ocu_isco88_x,2010,2.607
nor,sex_t,ocu_skill_l1,2007,1.893
nor,sex_t,ocu_skill_l1,2008,1.752
nor,sex_t,ocu_skill_l1,2010,3.038
nor,sex_t,ocu_skill_l1,2012,2.312
nor,sex_t,ocu_skill_l1,2013,2.834
nor,sex_t,ocu_skill_l1,2014,2.034
nor,sex_t,ocu_skill_l1,2015,3.305
nor,sex_t,ocu_skill_l1,2016,1.794
nor,sex_t,ocu_skill_l1,2017,1.143
nor,sex_t,ocu_skill_l1,2019,3.041
nor,sex_t,ocu_skill_l1,2023,2.749
nor,sex_t,ocu_skill_l2,2007,26.116
nor,sex_t,ocu_skill_l2,2008,16.234
nor,sex_t,ocu_skill_l2,2009,19.4
nor,sex_t,ocu_skill_l2,2010,31.125
nor,sex_t,ocu_skill_l2,2011,34.596
nor,sex_t,ocu_skill_l2,2012,34.439
nor,sex_t,ocu_skill_l2,2013,29.593
nor,sex_t,ocu_skill_l2,2014,29.91
nor,sex_t,ocu_skill_l2,2015,35.795
nor,sex_t,ocu_skill_l2,2016,24.52
nor,sex_t,ocu_skill_l2,2017,23.493
nor,sex_t,ocu_skill_l2,2018,29.105
nor,sex_t,ocu_skill_l2,2019,28.65
nor,sex_t,ocu_skill_l2,2020,23.874
nor,sex_t,ocu_skill_l2,2021,22.725
nor,sex_t,ocu_skill_l2,2022,20.984
nor,sex_t,ocu_skill_l2,2023,15.531
nor,sex_t,ocu_skill_l3_4,2007,14.575
nor,sex_t,ocu_skill_l3_4,2008,8.773
nor,sex_t,ocu_skill_l3_4,2009,12.022
nor,sex_t,ocu_skill_l3_4,2010,12.071
nor,sex_t,ocu_skill_l3_4,2011,11.101
nor,sex_t,ocu_skill_l3_4,2012,22.05
nor,sex_t,ocu_skill_l3_4,2013,15.684
nor,sex_t,ocu_skill_l3_4,2014,16.36
nor,sex_t,ocu_skill_l3_4,2015,20.517
nor,sex_t,ocu_skill_l3_4,2016,19.303
nor,sex_t,ocu_skill_l3_4,2017,20.378
nor,sex_t,ocu_skill_l3_4,2018,16.843
nor,sex_t,ocu_skill_l3_4,2019,20.095
nor,sex_t,ocu_skill_l3_4,2020,21.777
nor,sex_t,ocu_skill_l3_4,2021,17.384
nor,sex_t,ocu_skill_l3_4,2022,16.336
nor,sex_t,ocu_skill_l3_4,2023,11.389
nor,sex_t,ocu_skill_total,2007,43.828
nor,sex_t,ocu_skill_total,2008,28.719
nor,sex_t,ocu_skill_total,2009,32.456
nor,sex_t,ocu_skill_total,2010,48.842
nor,sex_t,ocu_skill_total,2011,51.549
nor,sex_t,ocu_skill_total,2012,64.475
nor,sex_t,ocu_skill_total,2013,49.265
nor,sex_t,ocu_skill_total,2014,50.642
nor,sex_t,ocu_skill_total,2015,61.574
nor,sex_t,ocu_skill_total,2016,47.99
nor,sex_t,ocu_skill_total,2017,46.896
nor,sex_t,ocu_skill_total,2018,52.614
nor,sex_t,ocu_skill_total,2019,54.475
nor,sex_t,ocu_skill_total,2020,49.021
nor,sex_t,ocu_skill_total,2021,45.68
nor,sex_t,ocu_skill_total,2022,44.164
nor,sex_t,ocu_skill_total,2023,31.945
nor,sex_t,ocu_skill_x,2008,1.96
nor,sex_t,ocu_skill_x,2010,2.607
nor,sex_t,ocu_skill_x,2011,4.63
nor,sex_t,ocu_skill_x,2012,5.673
nor,sex_t,ocu_skill_x,2014,2.339
nor,sex_t,ocu_skill_x,2015,1.957
nor,sex_t,ocu_skill_x,2016,2.373
nor,sex_t,ocu_skill_x,2017,1.882
nor,sex_t,ocu_skill_x,2018,5.774
nor,sex_t,ocu_skill_x,2019,2.689
nor,sex_t,ocu_skill_x,2020,2.052
nor,sex_t,ocu_skill_x,2021,4.366
nor,sex_t,ocu_skill_x,2022,5.971
npl,sex_f,ocu_isco08_1,2017,4.217
npl,sex_f,ocu_isco08_2,2017,179.623
npl,sex_f,ocu_isco08_3,2017,48.587
npl,sex_f,ocu_isco08_4,2017,64.418
npl,sex_f,ocu_isco08_5,2017,597.178
npl,sex_f,ocu_isco08_6,2017,708.011
npl,sex_f,ocu_isco08_7,2017,270.184
npl,sex_f,ocu_isco08_8,2017,18.309
npl,sex_f,ocu_isco08_9,2017,583.883
npl,sex_f,ocu_isco08_total,2017,2474.41
npl,sex_f,ocu_isco88_1,2008,12.984
npl,sex_f,ocu_isco88_2,2008,46.382
npl,sex_f,ocu_isco88_3,2008,80.301
npl,sex_f,ocu_isco88_4,2008,20.61
npl,sex_f,ocu_isco88_5,2008,343.74
npl,sex_f,ocu_isco88_6,2008,4829.327
npl,sex_f,ocu_isco88_7,2008,340.108
npl,sex_f,ocu_isco88_8,2008,10.165
npl,sex_f,ocu_isco88_9,2008,567.459
npl,sex_f,ocu_isco88_total,2008,6334.816
npl,sex_f,ocu_isco88_x,2008,83.243
npl,sex_f,ocu_skill_l1,2008,567.459
npl,sex_f,ocu_skill_l1,2017,583.883
npl,sex_f,ocu_skill_l2,2008,5543.95
npl,sex_f,ocu_skill_l2,2017,1658.1
npl,sex_f,ocu_skill_l3_4,2008,139.667
npl,sex_f,ocu_skill_l3_4,2017,232.427
npl,sex_f,ocu_skill_total,2008,6334.816
npl,sex_f,ocu_skill_total,2017,2474.41
npl,sex_f,ocu_skill_x,2008,83.74
npl,sex_m,ocu_isco08_1,2017,14.619
npl,sex_m,ocu_isco08_2,2017,193.255
npl,sex_m,ocu_isco08_3,2017,113.701
npl,sex_m,ocu_isco08_4,2017,85.046
npl,sex_m,ocu_isco08_5,2017,617.575
npl,sex_m,ocu_isco08_6,2017,478.618
npl,sex_m,ocu_isco08_7,2017,983.458
npl,sex_m,ocu_isco08_8,2017,266.042
npl,sex_m,ocu_isco08_9,2017,806.438
npl,sex_m,ocu_isco08_total,2017,3558.751
npl,sex_m,ocu_isco88_0,2008,7.479
npl,sex_m,ocu_isco88_1,2008,54.872
npl,sex_m,ocu_isco88_2,2008,150.558
npl,sex_m,ocu_isco88_3,2008,144.313
npl,sex_m,ocu_isco88_4,2008,97.073
npl,sex_m,ocu_isco88_5,2008,509.401
npl,sex_m,ocu_isco88_6,2008,3072.652
npl,sex_m,ocu_isco88_7,2008,635.914
npl,sex_m,ocu_isco88_8,2008,145.728
npl,sex_m,ocu_isco88_9,2008,666.796
npl,sex_m,ocu_isco88_total,2008,5856.041
npl,sex_m,ocu_isco88_x,2008,371.256
npl,sex_m,ocu_skill_l1,2008,666.796
npl,sex_m,ocu_skill_l1,2017,806.438
npl,sex_m,ocu_skill_l2,2008,4460.768
npl,sex_m,ocu_skill_l2,2017,2430.738
npl,sex_m,ocu_skill_l3_4,2008,349.743
npl,sex_m,ocu_skill_l3_4,2017,321.575
npl,sex_m,ocu_skill_total,2008,5856.041
npl,sex_m,ocu_skill_total,2017,3558.751
npl,sex_m,ocu_skill_x,2008,378.735
npl,sex_t,ocu_isco08_1,2017,18.836
npl,sex_t,ocu_isco08_2,2017,372.879
npl,sex_t,ocu_isco08_3,2017,162.288
npl,sex_t,ocu_isco08_4,2017,149.463
npl,sex_t,ocu_isco08_5,2017,1214.753
npl,sex_t,ocu_isco08_6,2017,1186.629
npl,sex_t,ocu_isco08_7,2017,1253.642
npl,sex_t,ocu_isco08_8,2017,284.351
npl,sex_t,ocu_isco08_9,2017,1390.321
npl,sex_t,ocu_isco08_total,2017,6033.162
npl,sex_t,ocu_isco88_0,2008,7.976
npl,sex_t,ocu_isco88_1,2008,67.856
npl,sex_t,ocu_isco88_2,2008,196.94
npl,sex_t,ocu_isco88_3,2008,224.614
npl,sex_t,ocu_isco88_4,2008,117.683
npl,sex_t,ocu_isco88_5,2008,853.141
npl,sex_t,ocu_isco88_6,2008,7901.979
npl,sex_t,ocu_isco88_7,2008,976.021
npl,sex_t,ocu_isco88_8,2008,155.893
npl,sex_t,ocu_isco88_9,2008,1234.255
npl,sex_t,ocu_isco88_total,2008,12190.857
npl,sex_t,ocu_isco88_x,2008,454.498
npl,sex_t,ocu_skill_l1,2008,1234.255
npl,sex_t,ocu_skill_l1,2017,1390.321
npl,sex_t,ocu_skill_l2,2008,10004.717
npl,sex_t,ocu_skill_l2,2017,4088.839
npl,sex_t,ocu_skill_l3_4,2008,489.41
npl,sex_t,ocu_skill_l3_4,2017,554.002
npl,sex_t,ocu_skill_total,2008,12190.857
npl,sex_t,ocu_skill_total,2017,6033.162
npl,sex_t,ocu_skill_x,2008,462.474
nru,sex_f,ocu_isco08_1,2021,0.05
nru,sex_f,ocu_isco08_2,2021,0.047
nru,sex_f,ocu_isco08_3,2021,0.011
nru,sex_f,ocu_isco08_4,2021,0.013
nru,sex_f,ocu_isco08_5,2021,0.155
nru,sex_f,ocu_isco08_7,2021,0.019
nru,sex_f,ocu_isco08_8,2021,0.005
nru,sex_f,ocu_isco08_9,2021,0.065
nru,sex_f,ocu_isco08_total,2021,0.883
nru,sex_f,ocu_isco08_x,2021,0.517
nru,sex_f,ocu_skill_l1,2021,0.065
nru,sex_f,ocu_skill_l2,2021,0.193
nru,sex_f,ocu_skill_l3_4,2021,0.108
nru,sex_f,ocu_skill_total,2021,0.883
nru,sex_f,ocu_skill_x,2021,0.517
nru,sex_m,ocu_isco08_1,2021,0.041
nru,sex_m,ocu_isco08_2,2021,0.024
nru,sex_m,ocu_isco08_3,2021,0.023
nru,sex_m,ocu_isco08_5,2021,0.236
nru,sex_m,ocu_isco08_6,2021,0.017
nru,sex_m,ocu_isco08_7,2021,0.101
nru,sex_m,ocu_isco08_8,2021,0.021
nru,sex_m,ocu_isco08_9,2021,0.119
nru,sex_m,ocu_isco08_total,2021,1.252
nru,sex_m,ocu_isco08_x,2021,0.667
nru,sex_m,ocu_skill_l1,2021,0.119
nru,sex_m,ocu_skill_l2,2021,0.378
nru,sex_m,ocu_skill_l3_4,2021,0.088
nru,sex_m,ocu_skill_total,2021,1.252
nru,sex_m,ocu_skill_x,2021,0.667
nru,sex_t,ocu_isco08_1,2021,0.091
nru,sex_t,ocu_isco08_2,2021,0.071
nru,sex_t,ocu_isco08_3,2021,0.034
nru,sex_t,ocu_isco08_4,2021,0.016
nru,sex_t,ocu_isco08_5,2021,0.391
nru,sex_t,ocu_isco08_6,2021,0.018
nru,sex_t,ocu_isco08_7,2021,0.12
nru,sex_t,ocu_isco08_8,2021,0.026
nru,sex_t,ocu_isco08_9,2021,0.184
nru,sex_t,ocu_isco08_total,2021,2.135
nru,sex_t,ocu_isco08_x,2021,1.184
nru,sex_t,ocu_skill_l1,2021,0.184
nru,sex_t,ocu_skill_l2,2021,0.571
nru,sex_t,ocu_skill_l3_4,2021,0.196
nru,sex_t,ocu_skill_total,2021,2.135
nru,sex_t,ocu_skill_x,2021,1.184
pak,sex_f,ocu_isco08_1,2013,7.133
pak,sex_f,ocu_isco08_1,2014,3.523
pak,sex_f,ocu_isco08_1,2015,6.089
pak,sex_f,ocu_isco08_1,2018,16.76
pak,sex_f,ocu_isco08_1,2019,13.425
pak,sex_f,ocu_isco08_1,2021,22.445
pak,sex_f,ocu_isco08_2,2013,167.092
pak,sex_f,ocu_isco08_2,2014,203.887
pak,sex_f,ocu_isco08_2,2015,228.035
pak,sex_f,ocu_isco08_2,2018,310.824
pak,sex_f,ocu_isco08_2,2019,317.369
pak,sex_f,ocu_isco08_2,2021,529.614
pak,sex_f,ocu_isco08_3,2013,53.92
pak,sex_f,ocu_isco08_3,2014,38.289
pak,sex_f,ocu_isco08_3,2015,26.611
pak,sex_f,ocu_isco08_3,2018,45.907
pak,sex_f,ocu_isco08_3,2019,46.709
pak,sex_f,ocu_isco08_3,2021,60.08
pak,sex_f,ocu_isco08_4,2014,6.252
pak,sex_f,ocu_isco08_4,2015,7.573
pak,sex_f,ocu_isco08_4,2018,5.844
pak,sex_f,ocu_isco08_4,2019,6.664
pak,sex_f,ocu_isco08_4,2021,11.725
pak,sex_f,ocu_isco08_5,2013,205.962
pak,sex_f,ocu_isco08_5,2014,256.536
pak,sex_f,ocu_isco08_5,2015,249.479
pak,sex_f,ocu_isco08_5,2018,316.811
pak,sex_f,ocu_isco08_5,2019,256.124
pak,sex_f,ocu_isco08_5,2021,246.075
pak,sex_f,ocu_isco08_6,2013,7633.025
pak,sex_f,ocu_isco08_6,2014,7601.463
pak,sex_f,ocu_isco08_6,2015,7640.896
pak,sex_f,ocu_isco08_6,2018,7380.815
pak,sex_f,ocu_isco08_6,2019,8465.204
pak,sex_f,ocu_isco08_6,2021,8642.366
pak,sex_f,ocu_isco08_7,2013,1181.208
pak,sex_f,ocu_isco08_7,2014,1455.988
pak,sex_f,ocu_isco08_7,2015,1579.209
pak,sex_f,ocu_isco08_7,2018,1830.07
pak,sex_f,ocu_isco08_7,2019,1585.648
pak,sex_f,ocu_isco08_7,2021,1647.866
pak,sex_f,ocu_isco08_8,2013,17.682
pak,sex_f,ocu_isco08_8,2014,41.054
pak,sex_f,ocu_isco08_8,2015,35.457
pak,sex_f,ocu_isco08_8,2018,38.81
pak,sex_f,ocu_isco08_8,2019,28.01
pak,sex_f,ocu_isco08_8,2021,49.801
pak,sex_f,ocu_isco08_9,2013,1377.08
pak,sex_f,ocu_isco08_9,2014,1747.787
pak,sex_f,ocu_isco08_9,2015,1753.139
pak,sex_f,ocu_isco08_9,2018,1653.154
pak,sex_f,ocu_isco08_9,2019,1418.929
pak,sex_f,ocu_isco08_9,2021,1484.778
pak,sex_f,ocu_isco08_total,2013,10646.475
pak,sex_f,ocu_isco08_total,2014,11354.778
pak,sex_f,ocu_isco08_total,2015,11526.488
pak,sex_f,ocu_isco08_total,2018,11598.995
pak,sex_f,ocu_isco08_total,2019,12138.082
pak,sex_f,ocu_isco08_total,2021,12694.748
pak,sex_f,ocu_isco88_0,2009,5.608
pak,sex_f,ocu_isco88_1,2006,152.353
pak,sex_f,ocu_isco88_1,2007,163.591
pak,sex_f,ocu_isco88_1,2008,152.665
pak,sex_f,ocu_isco88_1,2009,137.121
pak,sex_f,ocu_isco88_1,2010,155.474
pak,sex_f,ocu_isco88_1,2011,159.017
pak,sex_f,ocu_isco88_2,2006,25.547
pak,sex_f,ocu_isco88_2,2007,27.973
pak,sex_f,ocu_isco88_2,2008,19.194
pak,sex_f,ocu_isco88_2,2009,33.07
pak,sex_f,ocu_isco88_2,2010,59.07
pak,sex_f,ocu_isco88_2,2011,57.065
pak,sex_f,ocu_isco88_3,2006,185.045
pak,sex_f,ocu_isco88_3,2007,147.661
pak,sex_f,ocu_isco88_3,2008,122.321
pak,sex_f,ocu_isco88_3,2009,176.57
pak,sex_f,ocu_isco88_3,2010,108.756
pak,sex_f,ocu_isco88_3,2011,181.439
pak,sex_f,ocu_isco88_4,2006,4.269
pak,sex_f,ocu_isco88_4,2011,4.117
pak,sex_f,ocu_isco88_5,2006,44.645
pak,sex_f,ocu_isco88_5,2007,52.189
pak,sex_f,ocu_isco88_5,2008,31.078
pak,sex_f,ocu_isco88_5,2009,35.272
pak,sex_f,ocu_isco88_5,2010,59.044
pak,sex_f,ocu_isco88_5,2011,37.072
pak,sex_f,ocu_isco88_6,2006,4937.941
pak,sex_f,ocu_isco88_6,2007,5537.626
pak,sex_f,ocu_isco88_6,2008,6066.024
pak,sex_f,ocu_isco88_6,2009,6536.104
pak,sex_f,ocu_isco88_6,2010,7083.011
pak,sex_f,ocu_isco88_6,2011,7520.304
pak,sex_f,ocu_isco88_7,2006,1151.424
pak,sex_f,ocu_isco88_7,2007,1018.167
pak,sex_f,ocu_isco88_7,2008,1046.686
pak,sex_f,ocu_isco88_7,2009,1114.488
pak,sex_f,ocu_isco88_7,2010,1107.83
pak,sex_f,ocu_isco88_7,2011,1181.464
pak,sex_f,ocu_isco88_8,2006,15.762
pak,sex_f,ocu_isco88_8,2007,9.086
pak,sex_f,ocu_isco88_8,2008,11.219
pak,sex_f,ocu_isco88_8,2009,7.873
pak,sex_f,ocu_isco88_8,2010,8.357
pak,sex_f,ocu_isco88_8,2011,4.902
pak,sex_f,ocu_isco88_9,2006,844.536
pak,sex_f,ocu_isco88_9,2007,876.127
pak,sex_f,ocu_isco88_9,2008,837.207
pak,sex_f,ocu_isco88_9,2009,823.424
pak,sex_f,ocu_isco88_9,2010,954.36
pak,sex_f,ocu_isco88_9,2011,1108.668
pak,sex_f,ocu_isco88_total,2006,7362.672
pak,sex_f,ocu_isco88_total,2007,7837.298
pak,sex_f,ocu_isco88_total,2008,8288.032
pak,sex_f,ocu_isco88_total,2009,8871.9
pak,sex_f,ocu_isco88_total,2010,9540.435
pak,sex_f,ocu_isco88_total,2011,10255.53
pak,sex_f,ocu_skill_l1,2006,844.536
pak,sex_f,ocu_skill_l1,2007,876.127
pak,sex_f,ocu_skill_l1,2008,837.207
pak,sex_f,ocu_skill_l1,2009,823.424
pak,sex_f,ocu_skill_l1,2010,954.36
pak,sex_f,ocu_skill_l1,2011,1108.668
pak,sex_f,ocu_skill_l1,2013,1377.08
pak,sex_f,ocu_skill_l1,2014,1747.787
pak,sex_f,ocu_skill_l1,2015,1753.139
pak,sex_f,ocu_skill_l1,2018,1653.154
pak,sex_f,ocu_skill_l1,2019,1418.929
pak,sex_f,ocu_skill_l1,2021,1484.778
pak,sex_f,ocu_skill_l2,2006,6154.04
pak,sex_f,ocu_skill_l2,2007,6619.228
pak,sex_f,ocu_skill_l2,2008,7155.321
pak,sex_f,ocu_skill_l2,2009,7696.108
pak,sex_f,ocu_skill_l2,2010,8260.859
pak,sex_f,ocu_skill_l2,2011,8747.859
pak,sex_f,ocu_skill_l2,2013,9041.251
pak,sex_f,ocu_skill_l2,2014,9361.292
pak,sex_f,ocu_skill_l2,2015,9512.614
pak,sex_f,ocu_skill_l2,2018,9572.35
pak,sex_f,ocu_skill_l2,2019,10341.65
pak,sex_f,ocu_skill_l2,2021,10597.832
pak,sex_f,ocu_skill_l3_4,2006,362.945
pak,sex_f,ocu_skill_l3_4,2007,339.226
pak,sex_f,ocu_skill_l3_4,2008,294.179
pak,sex_f,ocu_skill_l3_4,2009,346.761
pak,sex_f,ocu_skill_l3_4,2010,323.301
pak,sex_f,ocu_skill_l3_4,2011,397.521
pak,sex_f,ocu_skill_l3_4,2013,228.144
pak,sex_f,ocu_skill_l3_4,2014,245.699
pak,sex_f,ocu_skill_l3_4,2015,260.735
pak,sex_f,ocu_skill_l3_4,2018,373.491
pak,sex_f,ocu_skill_l3_4,2019,377.503
pak,sex_f,ocu_skill_l3_4,2021,612.138
pak,sex_f,ocu_skill_total,2006,7362.672
pak,sex_f,ocu_skill_total,2007,7837.298
pak,sex_f,ocu_skill_total,2008,8288.032
pak,sex_f,ocu_skill_total,2009,8871.9
pak,sex_f,ocu_skill_total,2010,9540.435
pak,sex_f,ocu_skill_total,2011,10255.53
pak,sex_f,ocu_skill_total,2013,10646.475
pak,sex_f,ocu_skill_total,2014,11354.778
pak,sex_f,ocu_skill_total,2015,11526.488
pak,sex_f,ocu_skill_total,2018,11598.995
pak,sex_f,ocu_skill_total,2019,12138.082
pak,sex_f,ocu_skill_total,2021,12694.748
pak,sex_f,ocu_skill_x,2009,5.608
pak,sex_m,ocu_isco08_1,2013,525.653
pak,sex_m,ocu_isco08_1,2014,306.518
pak,sex_m,ocu_isco08_1,2015,429.15
pak,sex_m,ocu_isco08_1,2018,463.667
pak,sex_m,ocu_isco08_1,2019,480.087
pak,sex_m,ocu_isco08_1,2021,457.945
pak,sex_m,ocu_isco08_2,2013,405.556
pak,sex_m,ocu_isco08_2,2014,548.375
pak,sex_m,ocu_isco08_2,2015,480.33
pak,sex_m,ocu_isco08_2,2018,619.767
pak,sex_m,ocu_isco08_2,2019,620.622
pak,sex_m,ocu_isco08_2,2021,805.16
pak,sex_m,ocu_isco08_3,2013,495.86
pak,sex_m,ocu_isco08_3,2014,641.651
pak,sex_m,ocu_isco08_3,2015,700.607
pak,sex_m,ocu_isco08_3,2018,983.788
pak,sex_m,ocu_isco08_3,2019,934.329
pak,sex_m,ocu_isco08_3,2021,1077.371
pak,sex_m,ocu_isco08_4,2013,92.089
pak,sex_m,ocu_isco08_4,2014,130.253
pak,sex_m,ocu_isco08_4,2015,135.817
pak,sex_m,ocu_isco08_4,2018,169.011
pak,sex_m,ocu_isco08_4,2019,149.876
pak,sex_m,ocu_isco08_4,2021,247.349
pak,sex_m,ocu_isco08_5,2013,6372.274
pak,sex_m,ocu_isco08_5,2014,6777.246
pak,sex_m,ocu_isco08_5,2015,6696.232
pak,sex_m,ocu_isco08_5,2018,7387.969
pak,sex_m,ocu_isco08_5,2019,7062.449
pak,sex_m,ocu_isco08_5,2021,6996.049
pak,sex_m,ocu_isco08_6,2013,12201.685
pak,sex_m,ocu_isco08_6,2014,12231.875
pak,sex_m,ocu_isco08_6,2015,12123.627
pak,sex_m,ocu_isco08_6,2018,12004.675
pak,sex_m,ocu_isco08_6,2019,11727.249
pak,sex_m,ocu_isco08_6,2021,12067.971
pak,sex_m,ocu_isco08_7,2013,5620.158
pak,sex_m,ocu_isco08_7,2014,5308.263
pak,sex_m,ocu_isco08_7,2015,5076.619
pak,sex_m,ocu_isco08_7,2018,5926.022
pak,sex_m,ocu_isco08_7,2019,5617.868
pak,sex_m,ocu_isco08_7,2021,5823.646
pak,sex_m,ocu_isco08_8,2013,1941.906
pak,sex_m,ocu_isco08_8,2014,2548.496
pak,sex_m,ocu_isco08_8,2015,2727.743
pak,sex_m,ocu_isco08_8,2018,3342.829
pak,sex_m,ocu_isco08_8,2019,3278.75
pak,sex_m,ocu_isco08_8,2021,3938.975
pak,sex_m,ocu_isco08_9,2013,5493.556
pak,sex_m,ocu_isco08_9,2014,5431.597
pak,sex_m,ocu_isco08_9,2015,5700.002
pak,sex_m,ocu_isco08_9,2018,6428.044
pak,sex_m,ocu_isco08_9,2019,6530.666
pak,sex_m,ocu_isco08_9,2021,7842.366
pak,sex_m,ocu_isco08_total,2013,33151.272
pak,sex_m,ocu_isco08_total,2014,33924.274
pak,sex_m,ocu_isco08_total,2015,34070.127
pak,sex_m,ocu_isco08_total,2018,37325.771
pak,sex_m,ocu_isco08_total,2019,36401.896
pak,sex_m,ocu_isco08_total,2021,39256.833
pak,sex_m,ocu_isco88_0,2008,3.81
pak,sex_m,ocu_isco88_0,2009,6.719
pak,sex_m,ocu_isco88_0,2010,3.496
pak,sex_m,ocu_isco88_1,2006,4265.651
pak,sex_m,ocu_isco88_1,2007,4218.024
pak,sex_m,ocu_isco88_1,2008,4514.444
pak,sex_m,ocu_isco88_1,2009,4546.818
pak,sex_m,ocu_isco88_1,2010,4520.811
pak,sex_m,ocu_isco88_1,2011,4321.759
pak,sex_m,ocu_isco88_2,2006,245.064
pak,sex_m,ocu_isco88_2,2007,239.409
pak,sex_m,ocu_isco88_2,2008,239.304
pak,sex_m,ocu_isco88_2,2009,255.466
pak,sex_m,ocu_isco88_2,2010,291.402
pak,sex_m,ocu_isco88_2,2011,280.736
pak,sex_m,ocu_isco88_3,2006,486.376
pak,sex_m,ocu_isco88_3,2007,476.123
pak,sex_m,ocu_isco88_3,2008,546.839
pak,sex_m,ocu_isco88_3,2009,549.143
pak,sex_m,ocu_isco88_3,2010,490.548
pak,sex_m,ocu_isco88_3,2011,608.021
pak,sex_m,ocu_isco88_4,2006,81.961
pak,sex_m,ocu_isco88_4,2007,68.358
pak,sex_m,ocu_isco88_4,2008,62.949
pak,sex_m,ocu_isco88_4,2009,65.913
pak,sex_m,ocu_isco88_4,2010,61.639
pak,sex_m,ocu_isco88_4,2011,76.454
pak,sex_m,ocu_isco88_5,2006,1246.965
pak,sex_m,ocu_isco88_5,2007,1374.149
pak,sex_m,ocu_isco88_5,2008,1221.963
pak,sex_m,ocu_isco88_5,2009,1338.01
pak,sex_m,ocu_isco88_5,2010,1326.377
pak,sex_m,ocu_isco88_5,2011,1390.711
pak,sex_m,ocu_isco88_6,2006,11478.023
pak,sex_m,ocu_isco88_6,2007,11633.638
pak,sex_m,ocu_isco88_6,2008,11978.622
pak,sex_m,ocu_isco88_6,2009,12398.281
pak,sex_m,ocu_isco88_6,2010,12405.244
pak,sex_m,ocu_isco88_6,2011,12536.36
pak,sex_m,ocu_isco88_7,2006,4437.316
pak,sex_m,ocu_isco88_7,2007,4720.652
pak,sex_m,ocu_isco88_7,2008,4765.246
pak,sex_m,ocu_isco88_7,2009,4710.004
pak,sex_m,ocu_isco88_7,2010,4949.974
pak,sex_m,ocu_isco88_7,2011,5480.22
pak,sex_m,ocu_isco88_8,2006,1262.023
pak,sex_m,ocu_isco88_8,2007,1330.746
pak,sex_m,ocu_isco88_8,2008,1315.442
pak,sex_m,ocu_isco88_8,2009,1414.893
pak,sex_m,ocu_isco88_8,2010,1296.94
pak,sex_m,ocu_isco88_8,2011,1351.076
pak,sex_m,ocu_isco88_9,2006,4313.852
pak,sex_m,ocu_isco88_9,2007,4383.732
pak,sex_m,ocu_isco88_9,2008,4257.416
pak,sex_m,ocu_isco88_9,2009,4844.864
pak,sex_m,ocu_isco88_9,2010,5185.277
pak,sex_m,ocu_isco88_9,2011,6042.86
pak,sex_m,ocu_isco88_total,2006,27819.263
pak,sex_m,ocu_isco88_total,2007,28447.431
pak,sex_m,ocu_isco88_total,2008,28906.034
pak,sex_m,ocu_isco88_total,2009,30130.11
pak,sex_m,ocu_isco88_total,2010,30531.707
pak,sex_m,ocu_isco88_total,2011,32089.626
pak,sex_m,ocu_skill_l1,2006,4313.852
pak,sex_m,ocu_skill_l1,2007,4383.732
pak,sex_m,ocu_skill_l1,2008,4257.416
pak,sex_m,ocu_skill_l1,2009,4844.864
pak,sex_m,ocu_skill_l1,2010,5185.277
pak,sex_m,ocu_skill_l1,2011,6042.86
pak,sex_m,ocu_skill_l1,2013,5493.556
pak,sex_m,ocu_skill_l1,2014,5431.597
pak,sex_m,ocu_skill_l1,2015,5700.002
pak,sex_m,ocu_skill_l1,2018,6428.044
pak,sex_m,ocu_skill_l1,2019,6530.666
pak,sex_m,ocu_skill_l1,2021,7842.366
pak,sex_m,ocu_skill_l2,2006,18506.288
pak,sex_m,ocu_skill_l2,2007,19127.543
pak,sex_m,ocu_skill_l2,2008,19344.221
pak,sex_m,ocu_skill_l2,2009,19927.101
pak,sex_m,ocu_skill_l2,2010,20040.175
pak,sex_m,ocu_skill_l2,2011,20834.821
pak,sex_m,ocu_skill_l2,2013,26228.112
pak,sex_m,ocu_skill_l2,2014,26996.132
pak,sex_m,ocu_skill_l2,2015,26760.038
pak,sex_m,ocu_skill_l2,2018,28830.506
pak,sex_m,ocu_skill_l2,2019,27836.192
pak,sex_m,ocu_skill_l2,2021,29073.99
pak,sex_m,ocu_skill_l3_4,2006,4997.091
pak,sex_m,ocu_skill_l3_4,2007,4933.555
pak,sex_m,ocu_skill_l3_4,2008,5300.587
pak,sex_m,ocu_skill_l3_4,2009,5351.426
pak,sex_m,ocu_skill_l3_4,2010,5302.76
pak,sex_m,ocu_skill_l3_4,2011,5210.517
pak,sex_m,ocu_skill_l3_4,2013,1427.069
pak,sex_m,ocu_skill_l3_4,2014,1496.544
pak,sex_m,ocu_skill_l3_4,2015,1610.087
pak,sex_m,ocu_skill_l3_4,2018,2067.222
pak,sex_m,ocu_skill_l3_4,2019,2035.038
pak,sex_m,ocu_skill_l3_4,2021,2340.476
pak,sex_m,ocu_skill_total,2006,27819.263
pak,sex_m,ocu_skill_total,2007,28447.431
pak,sex_m,ocu_skill_total,2008,28906.034
pak,sex_m,ocu_skill_total,2009,30130.11
pak,sex_m,ocu_skill_total,2010,30531.707
pak,sex_m,ocu_skill_total,2011,32089.626
pak,sex_m,ocu_skill_total,2013,33151.272
pak,sex_m,ocu_skill_total,2014,33924.274
pak,sex_m,ocu_skill_total,2015,34070.127
pak,sex_m,ocu_skill_total,2018,37325.771
pak,sex_m,ocu_skill_total,2019,36401.896
pak,sex_m,ocu_skill_total,2021,39256.833
pak,sex_m,ocu_skill_x,2008,3.81
pak,sex_m,ocu_skill_x,2009,6.719
pak,sex_m,ocu_skill_x,2010,3.496
pak,sex_t,ocu_isco08_1,2013,532.786
pak,sex_t,ocu_isco08_1,2014,310.04
pak,sex_t,ocu_isco08_1,2015,435.239
pak,sex_t,ocu_isco08_1,2018,480.426
pak,sex_t,ocu_isco08_1,2019,493.512
pak,sex_t,ocu_isco08_1,2021,480.389
pak,sex_t,ocu_isco08_2,2013,572.648
pak,sex_t,ocu_isco08_2,2014,752.262
pak,sex_t,ocu_isco08_2,2015,708.364
pak,sex_t,ocu_isco08_2,2018,930.591
pak,sex_t,ocu_isco08_2,2019,937.991
pak,sex_t,ocu_isco08_2,2021,1334.774
pak,sex_t,ocu_isco08_3,2013,549.78
pak,sex_t,ocu_isco08_3,2014,679.94
pak,sex_t,ocu_isco08_3,2015,727.218
pak,sex_t,ocu_isco08_3,2018,1029.695
pak,sex_t,ocu_isco08_3,2019,981.038
pak,sex_t,ocu_isco08_3,2021,1137.451
pak,sex_t,ocu_isco08_4,2013,95.464
pak,sex_t,ocu_isco08_4,2014,136.505
pak,sex_t,ocu_isco08_4,2015,143.39
pak,sex_t,ocu_isco08_4,2018,174.855
pak,sex_t,ocu_isco08_4,2019,156.54
pak,sex_t,ocu_isco08_4,2021,259.074
pak,sex_t,ocu_isco08_5,2013,6578.236
pak,sex_t,ocu_isco08_5,2014,7033.781
pak,sex_t,ocu_isco08_5,2015,6945.711
pak,sex_t,ocu_isco08_5,2018,7704.78
pak,sex_t,ocu_isco08_5,2019,7318.573
pak,sex_t,ocu_isco08_5,2021,7242.124
pak,sex_t,ocu_isco08_6,2013,19834.71
pak,sex_t,ocu_isco08_6,2014,19833.338
pak,sex_t,ocu_isco08_6,2015,19764.523
pak,sex_t,ocu_isco08_6,2018,19385.49
pak,sex_t,ocu_isco08_6,2019,20192.453
pak,sex_t,ocu_isco08_6,2021,20710.337
pak,sex_t,ocu_isco08_7,2013,6801.366
pak,sex_t,ocu_isco08_7,2014,6764.25
pak,sex_t,ocu_isco08_7,2015,6655.828
pak,sex_t,ocu_isco08_7,2018,7756.092
pak,sex_t,ocu_isco08_7,2019,7203.516
pak,sex_t,ocu_isco08_7,2021,7471.511
pak,sex_t,ocu_isco08_8,2013,1959.588
pak,sex_t,ocu_isco08_8,2014,2589.55
pak,sex_t,ocu_isco08_8,2015,2763.2
pak,sex_t,ocu_isco08_8,2018,3381.638
pak,sex_t,ocu_isco08_8,2019,3306.76
pak,sex_t,ocu_isco08_8,2021,3988.777
pak,sex_t,ocu_isco08_9,2013,6870.636
pak,sex_t,ocu_isco08_9,2014,7179.385
pak,sex_t,ocu_isco08_9,2015,7453.142
pak,sex_t,ocu_isco08_9,2018,8081.198
pak,sex_t,ocu_isco08_9,2019,7949.595
pak,sex_t,ocu_isco08_9,2021,9327.144
pak,sex_t,ocu_isco08_total,2013,43797.747
pak,sex_t,ocu_isco08_total,2014,45279.051
pak,sex_t,ocu_isco08_total,2015,45596.615
pak,sex_t,ocu_isco08_total,2018,48924.766
pak,sex_t,ocu_isco08_total,2019,48539.978
pak,sex_t,ocu_isco08_total,2021,51951.581
pak,sex_t,ocu_isco88_0,2006,3.183
pak,sex_t,ocu_isco88_0,2007,5.318
pak,sex_t,ocu_isco88_0,2008,5.135
pak,sex_t,ocu_isco88_0,2009,12.326
pak,sex_t,ocu_isco88_0,2010,5.411
pak,sex_t,ocu_isco88_1,2006,4418.004
pak,sex_t,ocu_isco88_1,2007,4381.616
pak,sex_t,ocu_isco88_1,2008,4667.109
pak,sex_t,ocu_isco88_1,2009,4683.939
pak,sex_t,ocu_isco88_1,2010,4676.285
pak,sex_t,ocu_isco88_1,2011,4480.776
pak,sex_t,ocu_isco88_2,2006,270.611
pak,sex_t,ocu_isco88_2,2007,267.382
pak,sex_t,ocu_isco88_2,2008,258.497
pak,sex_t,ocu_isco88_2,2009,288.535
pak,sex_t,ocu_isco88_2,2010,350.472
pak,sex_t,ocu_isco88_2,2011,337.802
pak,sex_t,ocu_isco88_3,2006,671.421
pak,sex_t,ocu_isco88_3,2007,623.784
pak,sex_t,ocu_isco88_3,2008,669.16
pak,sex_t,ocu_isco88_3,2009,725.713
pak,sex_t,ocu_isco88_3,2010,599.304
pak,sex_t,ocu_isco88_3,2011,789.46
pak,sex_t,ocu_isco88_4,2006,86.23
pak,sex_t,ocu_isco88_4,2007,70.518
pak,sex_t,ocu_isco88_4,2008,63.262
pak,sex_t,ocu_isco88_4,2009,68.284
pak,sex_t,ocu_isco88_4,2010,64.256
pak,sex_t,ocu_isco88_4,2011,80.571
pak,sex_t,ocu_isco88_5,2006,1291.61
pak,sex_t,ocu_isco88_5,2007,1426.339
pak,sex_t,ocu_isco88_5,2008,1253.041
pak,sex_t,ocu_isco88_5,2009,1373.282
pak,sex_t,ocu_isco88_5,2010,1385.422
pak,sex_t,ocu_isco88_5,2011,1427.783
pak,sex_t,ocu_isco88_6,2006,16415.964
pak,sex_t,ocu_isco88_6,2007,17171.264
pak,sex_t,ocu_isco88_6,2008,18044.646
pak,sex_t,ocu_isco88_6,2009,18934.385
pak,sex_t,ocu_isco88_6,2010,19488.255
pak,sex_t,ocu_isco88_6,2011,20056.663
pak,sex_t,ocu_isco88_7,2006,5588.74
pak,sex_t,ocu_isco88_7,2007,5738.819
pak,sex_t,ocu_isco88_7,2008,5811.932
pak,sex_t,ocu_isco88_7,2009,5824.492
pak,sex_t,ocu_isco88_7,2010,6057.804
pak,sex_t,ocu_isco88_7,2011,6661.684
pak,sex_t,ocu_isco88_8,2006,1277.785
pak,sex_t,ocu_isco88_8,2007,1339.832
pak,sex_t,ocu_isco88_8,2008,1326.661
pak,sex_t,ocu_isco88_8,2009,1422.765
pak,sex_t,ocu_isco88_8,2010,1305.297
pak,sex_t,ocu_isco88_8,2011,1355.979
pak,sex_t,ocu_isco88_9,2006,5158.388
pak,sex_t,ocu_isco88_9,2007,5259.859
pak,sex_t,ocu_isco88_9,2008,5094.623
pak,sex_t,ocu_isco88_9,2009,5668.288
pak,sex_t,ocu_isco88_9,2010,6139.636
pak,sex_t,ocu_isco88_9,2011,7151.529
pak,sex_t,ocu_isco88_total,2006,35181.935
pak,sex_t,ocu_isco88_total,2007,36284.73
pak,sex_t,ocu_isco88_total,2008,37194.066
pak,sex_t,ocu_isco88_total,2009,39002.01
pak,sex_t,ocu_isco88_total,2010,40072.141
pak,sex_t,ocu_isco88_total,2011,42345.155
pak,sex_t,ocu_skill_l1,2006,5158.388
pak,sex_t,ocu_skill_l1,2007,5259.859
pak,sex_t,ocu_skill_l1,2008,5094.623
pak,sex_t,ocu_skill_l1,2009,5668.288
pak,sex_t,ocu_skill_l1,2010,6139.636
pak,sex_t,ocu_skill_l1,2011,7151.529
pak,sex_t,ocu_skill_l1,2013,6870.636
pak,sex_t,ocu_skill_l1,2014,7179.385
pak,sex_t,ocu_skill_l1,2015,7453.142
pak,sex_t,ocu_skill_l1,2018,8081.198
pak,sex_t,ocu_skill_l1,2019,7949.595
pak,sex_t,ocu_skill_l1,2021,9327.144
pak,sex_t,ocu_skill_l2,2006,24660.329
pak,sex_t,ocu_skill_l2,2007,25746.771
pak,sex_t,ocu_skill_l2,2008,26499.542
pak,sex_t,ocu_skill_l2,2009,27623.208
pak,sex_t,ocu_skill_l2,2010,28301.034
pak,sex_t,ocu_skill_l2,2011,29582.68
pak,sex_t,ocu_skill_l2,2013,35269.363
pak,sex_t,ocu_skill_l2,2014,36357.424
pak,sex_t,ocu_skill_l2,2015,36272.652
pak,sex_t,ocu_skill_l2,2018,38402.855
pak,sex_t,ocu_skill_l2,2019,38177.842
pak,sex_t,ocu_skill_l2,2021,39671.823
pak,sex_t,ocu_skill_l3_4,2006,5360.036
pak,sex_t,ocu_skill_l3_4,2007,5272.781
pak,sex_t,ocu_skill_l3_4,2008,5594.766
pak,sex_t,ocu_skill_l3_4,2009,5698.187
pak,sex_t,ocu_skill_l3_4,2010,5626.061
pak,sex_t,ocu_skill_l3_4,2011,5608.038
pak,sex_t,ocu_skill_l3_4,2013,1655.213
pak,sex_t,ocu_skill_l3_4,2014,1742.243
pak,sex_t,ocu_skill_l3_4,2015,1870.822
pak,sex_t,ocu_skill_l3_4,2018,2440.713
pak,sex_t,ocu_skill_l3_4,2019,2412.541
pak,sex_t,ocu_skill_l3_4,2021,2952.614
pak,sex_t,ocu_skill_total,2006,35181.935
pak,sex_t,ocu_skill_total,2007,36284.73
pak,sex_t,ocu_skill_total,2008,37194.066
pak,sex_t,ocu_skill_total,2009,39002.01
pak,sex_t,ocu_skill_total,2010,40072.141
pak,sex_t,ocu_skill_total,2011,42345.155
pak,sex_t,ocu_skill_total,2013,43797.747
pak,sex_t,ocu_skill_total,2014,45279.051
pak,sex_t,ocu_skill_total,2015,45596.615
pak,sex_t,ocu_skill_total,2018,48924.766
pak,sex_t,ocu_skill_total,2019,48539.978
pak,sex_t,ocu_skill_total,2021,51951.581
pak,sex_t,ocu_skill_x,2006,3.183
pak,sex_t,ocu_skill_x,2007,5.318
pak,sex_t,ocu_skill_x,2008,5.135
pak,sex_t,ocu_skill_x,2009,12.326
pak,sex_t,ocu_skill_x,2010,5.411
pan,sex_f,ocu_isco08_1,2011,6.849
pan,sex_f,ocu_isco08_1,2012,4.928
pan,sex_f,ocu_isco08_1,2013,5.036
pan,sex_f,ocu_isco08_1,2014,5.333
pan,sex_f,ocu_isco08_1,2015,7.223
pan,sex_f,ocu_isco08_1,2016,7.255
pan,sex_f,ocu_isco08_1,2017,6.395
pan,sex_f,ocu_isco08_1,2018,6.968
pan,sex_f,ocu_isco08_1,2019,10.209
pan,sex_f,ocu_isco08_1,2020,7.264
pan,sex_f,ocu_isco08_1,2021,8.323
pan,sex_f,ocu_isco08_1,2023,6.306
pan,sex_f,ocu_isco08_1,2024,10.331
pan,sex_f,ocu_isco08_2,2011,10.472
pan,sex_f,ocu_isco08_2,2012,13.843
pan,sex_f,ocu_isco08_2,2013,13.597
pan,sex_f,ocu_isco08_2,2014,15.337
pan,sex_f,ocu_isco08_2,2015,18.43
pan,sex_f,ocu_isco08_2,2016,17.264
pan,sex_f,ocu_isco08_2,2017,19.684
pan,sex_f,ocu_isco08_2,2018,21.046
pan,sex_f,ocu_isco08_2,2019,18.954
pan,sex_f,ocu_isco08_2,2020,18.254
pan,sex_f,ocu_isco08_2,2021,20.751
pan,sex_f,ocu_isco08_2,2023,22.34
pan,sex_f,ocu_isco08_2,2024,25.326
pan,sex_f,ocu_isco08_3,2011,6.791
pan,sex_f,ocu_isco08_3,2012,5.307
pan,sex_f,ocu_isco08_3,2013,8.905
pan,sex_f,ocu_isco08_3,2014,8.132
pan,sex_f,ocu_isco08_3,2015,9.781
pan,sex_f,ocu_isco08_3,2016,8.641
pan,sex_f,ocu_isco08_3,2017,11.897
pan,sex_f,ocu_isco08_3,2018,11.841
pan,sex_f,ocu_isco08_3,2019,11.207
pan,sex_f,ocu_isco08_3,2020,6.847
pan,sex_f,ocu_isco08_3,2021,12.773
pan,sex_f,ocu_isco08_3,2023,15.1
pan,sex_f,ocu_isco08_3,2024,12.106
pan,sex_f,ocu_isco08_4,2011,7.908
pan,sex_f,ocu_isco08_4,2012,6.694
pan,sex_f,ocu_isco08_4,2013,8.215
pan,sex_f,ocu_isco08_4,2014,7.465
pan,sex_f,ocu_isco08_4,2015,8.669
pan,sex_f,ocu_isco08_4,2016,7.1
pan,sex_f,ocu_isco08_4,2017,8.166
pan,sex_f,ocu_isco08_4,2018,9.461
pan,sex_f,ocu_isco08_4,2019,10.444
pan,sex_f,ocu_isco08_4,2020,5.875
pan,sex_f,ocu_isco08_4,2021,9.021
pan,sex_f,ocu_isco08_4,2023,12.975
pan,sex_f,ocu_isco08_4,2024,12.741
pan,sex_f,ocu_isco08_5,2011,76.496
pan,sex_f,ocu_isco08_5,2012,89.42
pan,sex_f,ocu_isco08_5,2013,97.981
pan,sex_f,ocu_isco08_5,2014,100.801
pan,sex_f,ocu_isco08_5,2015,106.468
pan,sex_f,ocu_isco08_5,2016,110.526
pan,sex_f,ocu_isco08_5,2017,116.502
pan,sex_f,ocu_isco08_5,2018,135.779
pan,sex_f,ocu_isco08_5,2019,141.207
pan,sex_f,ocu_isco08_5,2020,124.836
pan,sex_f,ocu_isco08_5,2021,133.587
pan,sex_f,ocu_isco08_5,2023,154.629
pan,sex_f,ocu_isco08_5,2024,158.476
pan,sex_f,ocu_isco08_6,2011,36.324
pan,sex_f,ocu_isco08_6,2012,48.675
pan,sex_f,ocu_isco08_6,2013,54.234
pan,sex_f,ocu_isco08_6,2014,51.082
pan,sex_f,ocu_isco08_6,2015,49.835
pan,sex_f,ocu_isco08_6,2016,58.813
pan,sex_f,ocu_isco08_6,2017,56.732
pan,sex_f,ocu_isco08_6,2018,56.939
pan,sex_f,ocu_isco08_6,2019,61.772
pan,sex_f,ocu_isco08_6,2020,48.888
pan,sex_f,ocu_isco08_6,2021,54.082
pan,sex_f,ocu_isco08_6,2023,63.405
pan,sex_f,ocu_isco08_6,2024,71.21
pan,sex_f,ocu_isco08_7,2011,27.864
pan,sex_f,ocu_isco08_7,2012,28.602
pan,sex_f,ocu_isco08_7,2013,36.352
pan,sex_f,ocu_isco08_7,2014,33.064
pan,sex_f,ocu_isco08_7,2015,36.952
pan,sex_f,ocu_isco08_7,2016,41.924
pan,sex_f,ocu_isco08_7,2017,42.263
pan,sex_f,ocu_isco08_7,2018,50.928
pan,sex_f,ocu_isco08_7,2019,56.976
pan,sex_f,ocu_isco08_7,2020,63.432
pan,sex_f,ocu_isco08_7,2021,46.311
pan,sex_f,ocu_isco08_7,2023,54.811
pan,sex_f,ocu_isco08_7,2024,58.117
pan,sex_f,ocu_isco08_8,2011,1.829
pan,sex_f,ocu_isco08_8,2012,1.441
pan,sex_f,ocu_isco08_8,2013,1.621
pan,sex_f,ocu_isco08_8,2014,2.51
pan,sex_f,ocu_isco08_8,2015,2.551
pan,sex_f,ocu_isco08_8,2016,1.397
pan,sex_f,ocu_isco08_8,2017,2.849
pan,sex_f,ocu_isco08_8,2018,2.658
pan,sex_f,ocu_isco08_8,2019,2.099
pan,sex_f,ocu_isco08_8,2020,1.283
pan,sex_f,ocu_isco08_8,2021,1.436
pan,sex_f,ocu_isco08_8,2023,3.592
pan,sex_f,ocu_isco08_8,2024,5.093
pan,sex_f,ocu_isco08_9,2011,67.727
pan,sex_f,ocu_isco08_9,2012,72.655
pan,sex_f,ocu_isco08_9,2013,69.121
pan,sex_f,ocu_isco08_9,2014,73.559
pan,sex_f,ocu_isco08_9,2015,70.141
pan,sex_f,ocu_isco08_9,2016,70.917
pan,sex_f,ocu_isco08_9,2017,73.108
pan,sex_f,ocu_isco08_9,2018,83.712
pan,sex_f,ocu_isco08_9,2019,95.095
pan,sex_f,ocu_isco08_9,2020,68.908
pan,sex_f,ocu_isco08_9,2021,75.107
pan,sex_f,ocu_isco08_9,2023,88.147
pan,sex_f,ocu_isco08_9,2024,94.16
pan,sex_f,ocu_isco08_total,2011,244.952
pan,sex_f,ocu_isco08_total,2012,274.72
pan,sex_f,ocu_isco08_total,2013,295.253
pan,sex_f,ocu_isco08_total,2014,297.283
pan,sex_f,ocu_isco08_total,2015,310.05
pan,sex_f,ocu_isco08_total,2016,323.837
pan,sex_f,ocu_isco08_total,2017,337.596
pan,sex_f,ocu_isco08_total,2018,379.332
pan,sex_f,ocu_isco08_total,2019,407.963
pan,sex_f,ocu_isco08_total,2020,345.587
pan,sex_f,ocu_isco08_total,2021,361.391
pan,sex_f,ocu_isco08_total,2023,421.305
pan,sex_f,ocu_isco08_total,2024,447.56
pan,sex_f,ocu_isco08_x,2011,2.692
pan,sex_f,ocu_isco08_x,2012,3.155
pan,sex_f,ocu_isco88_1,2003,5.532
pan,sex_f,ocu_isco88_1,2008,6.923
pan,sex_f,ocu_isco88_2,2003,6.442
pan,sex_f,ocu_isco88_2,2008,11.227
pan,sex_f,ocu_isco88_3,2003,5.597
pan,sex_f,ocu_isco88_3,2008,4.141
pan,sex_f,ocu_isco88_4,2003,12.544
pan,sex_f,ocu_isco88_4,2008,12.488
pan,sex_f,ocu_isco88_5,2003,68.429
pan,sex_f,ocu_isco88_5,2008,71.249
pan,sex_f,ocu_isco88_6,2003,25.437
pan,sex_f,ocu_isco88_6,2008,31.825
pan,sex_f,ocu_isco88_7,2003,22.861
pan,sex_f,ocu_isco88_7,2008,24.263
pan,sex_f,ocu_isco88_8,2003,1.68
pan,sex_f,ocu_isco88_8,2008,1.631
pan,sex_f,ocu_isco88_9,2003,81.599
pan,sex_f,ocu_isco88_9,2008,89.073
pan,sex_f,ocu_isco88_total,2003,230.122
pan,sex_f,ocu_isco88_total,2008,252.82
pan,sex_f,ocu_skill_l1,2003,81.599
pan,sex_f,ocu_skill_l1,2008,89.073
pan,sex_f,ocu_skill_l1,2011,67.727
pan,sex_f,ocu_skill_l1,2012,72.655
pan,sex_f,ocu_skill_l1,2013,69.121
pan,sex_f,ocu_skill_l1,2014,73.559
pan,sex_f,ocu_skill_l1,2015,70.141
pan,sex_f,ocu_skill_l1,2016,70.917
pan,sex_f,ocu_skill_l1,2017,73.108
pan,sex_f,ocu_skill_l1,2018,83.712
pan,sex_f,ocu_skill_l1,2019,95.095
pan,sex_f,ocu_skill_l1,2020,68.908
pan,sex_f,ocu_skill_l1,2021,75.107
pan,sex_f,ocu_skill_l1,2023,88.147
pan,sex_f,ocu_skill_l1,2024,94.16
pan,sex_f,ocu_skill_l2,2003,130.951
pan,sex_f,ocu_skill_l2,2008,141.456
pan,sex_f,ocu_skill_l2,2011,150.421
pan,sex_f,ocu_skill_l2,2012,174.832
pan,sex_f,ocu_skill_l2,2013,198.403
pan,sex_f,ocu_skill_l2,2014,194.922
pan,sex_f,ocu_skill_l2,2015,204.475
pan,sex_f,ocu_skill_l2,2016,219.76
pan,sex_f,ocu_skill_l2,2017,226.512
pan,sex_f,ocu_skill_l2,2018,255.765
pan,sex_f,ocu_skill_l2,2019,272.498
pan,sex_f,ocu_skill_l2,2020,244.314
pan,sex_f,ocu_skill_l2,2021,244.437
pan,sex_f,ocu_skill_l2,2023,289.412
pan,sex_f,ocu_skill_l2,2024,305.637
pan,sex_f,ocu_skill_l3_4,2003,17.572
pan,sex_f,ocu_skill_l3_4,2008,22.291
pan,sex_f,ocu_skill_l3_4,2011,24.112
pan,sex_f,ocu_skill_l3_4,2012,24.078
pan,sex_f,ocu_skill_l3_4,2013,27.538
pan,sex_f,ocu_skill_l3_4,2014,28.802
pan,sex_f,ocu_skill_l3_4,2015,35.434
pan,sex_f,ocu_skill_l3_4,2016,33.16
pan,sex_f,ocu_skill_l3_4,2017,37.976
pan,sex_f,ocu_skill_l3_4,2018,39.855
pan,sex_f,ocu_skill_l3_4,2019,40.37
pan,sex_f,ocu_skill_l3_4,2020,32.365
pan,sex_f,ocu_skill_l3_4,2021,41.847
pan,sex_f,ocu_skill_l3_4,2023,43.746
pan,sex_f,ocu_skill_l3_4,2024,47.763
pan,sex_f,ocu_skill_total,2003,230.122
pan,sex_f,ocu_skill_total,2008,252.82
pan,sex_f,ocu_skill_total,2011,244.952
pan,sex_f,ocu_skill_total,2012,274.72
pan,sex_f,ocu_skill_total,2013,295.253
pan,sex_f,ocu_skill_total,2014,297.283
pan,sex_f,ocu_skill_total,2015,310.05
pan,sex_f,ocu_skill_total,2016,323.837
pan,sex_f,ocu_skill_total,2017,337.596
pan,sex_f,ocu_skill_total,2018,379.332
pan,sex_f,ocu_skill_total,2019,407.963
pan,sex_f,ocu_skill_total,2020,345.587
pan,sex_f,ocu_skill_total,2021,361.391
pan,sex_f,ocu_skill_total,2023,421.305
pan,sex_f,ocu_skill_total,2024,447.56
pan,sex_f,ocu_skill_x,2011,2.692
pan,sex_f,ocu_skill_x,2012,3.155
pan,sex_m,ocu_isco08_1,2011,8.909
pan,sex_m,ocu_isco08_1,2012,8.868
pan,sex_m,ocu_isco08_1,2013,8.541
pan,sex_m,ocu_isco08_1,2014,9.249
pan,sex_m,ocu_isco08_1,2015,10.639
pan,sex_m,ocu_isco08_1,2016,12.758
pan,sex_m,ocu_isco08_1,2017,10.346
pan,sex_m,ocu_isco08_1,2018,11.114
pan,sex_m,ocu_isco08_1,2019,9.688
pan,sex_m,ocu_isco08_1,2020,7.739
pan,sex_m,ocu_isco08_1,2021,9.532
pan,sex_m,ocu_isco08_1,2023,11.617
pan,sex_m,ocu_isco08_1,2024,10.286
pan,sex_m,ocu_isco08_2,2011,14.281
pan,sex_m,ocu_isco08_2,2012,15.316
pan,sex_m,ocu_isco08_2,2013,17.219
pan,sex_m,ocu_isco08_2,2014,19.936
pan,sex_m,ocu_isco08_2,2015,17.85
pan,sex_m,ocu_isco08_2,2016,21.271
pan,sex_m,ocu_isco08_2,2017,19.054
pan,sex_m,ocu_isco08_2,2018,23.537
pan,sex_m,ocu_isco08_2,2019,25.993
pan,sex_m,ocu_isco08_2,2020,21.615
pan,sex_m,ocu_isco08_2,2021,28.242
pan,sex_m,ocu_isco08_2,2023,27.774
pan,sex_m,ocu_isco08_2,2024,28.227
pan,sex_m,ocu_isco08_3,2011,13.758
pan,sex_m,ocu_isco08_3,2012,17.299
pan,sex_m,ocu_isco08_3,2013,15.575
pan,sex_m,ocu_isco08_3,2014,14.526
pan,sex_m,ocu_isco08_3,2015,14.376
pan,sex_m,ocu_isco08_3,2016,14.772
pan,sex_m,ocu_isco08_3,2017,15.262
pan,sex_m,ocu_isco08_3,2018,14.834
pan,sex_m,ocu_isco08_3,2019,15.032
pan,sex_m,ocu_isco08_3,2020,9.361
pan,sex_m,ocu_isco08_3,2021,15.375
pan,sex_m,ocu_isco08_3,2023,17.236
pan,sex_m,ocu_isco08_3,2024,21.486
pan,sex_m,ocu_isco08_4,2011,3.231
pan,sex_m,ocu_isco08_4,2012,2.757
pan,sex_m,ocu_isco08_4,2013,3.276
pan,sex_m,ocu_isco08_4,2014,3.486
pan,sex_m,ocu_isco08_4,2015,3.085
pan,sex_m,ocu_isco08_4,2016,1.861
pan,sex_m,ocu_isco08_4,2017,3.825
pan,sex_m,ocu_isco08_4,2018,3.922
pan,sex_m,ocu_isco08_4,2019,3.843
pan,sex_m,ocu_isco08_4,2020,2.714
pan,sex_m,ocu_isco08_4,2021,4.499
pan,sex_m,ocu_isco08_4,2023,4.592
pan,sex_m,ocu_isco08_4,2024,2.736
pan,sex_m,ocu_isco08_5,2011,49.081
pan,sex_m,ocu_isco08_5,2012,48.964
pan,sex_m,ocu_isco08_5,2013,48.96
pan,sex_m,ocu_isco08_5,2014,50.233
pan,sex_m,ocu_isco08_5,2015,53.688
pan,sex_m,ocu_isco08_5,2016,54.625
pan,sex_m,ocu_isco08_5,2017,55.241
pan,sex_m,ocu_isco08_5,2018,57.981
pan,sex_m,ocu_isco08_5,2019,66.826
pan,sex_m,ocu_isco08_5,2020,62.83
pan,sex_m,ocu_isco08_5,2021,66.811
pan,sex_m,ocu_isco08_5,2023,80.687
pan,sex_m,ocu_isco08_5,2024,77.136
pan,sex_m,ocu_isco08_6,2011,132.826
pan,sex_m,ocu_isco08_6,2012,135.532
pan,sex_m,ocu_isco08_6,2013,135.44
pan,sex_m,ocu_isco08_6,2014,132.203
pan,sex_m,ocu_isco08_6,2015,124.185
pan,sex_m,ocu_isco08_6,2016,138.377
pan,sex_m,ocu_isco08_6,2017,129.822
pan,sex_m,ocu_isco08_6,2018,136.311
pan,sex_m,ocu_isco08_6,2019,138.489
pan,sex_m,ocu_isco08_6,2020,118.09
pan,sex_m,ocu_isco08_6,2021,141.91
pan,sex_m,ocu_isco08_6,2023,150.194
pan,sex_m,ocu_isco08_6,2024,157.474
pan,sex_m,ocu_isco08_7,2011,87.073
pan,sex_m,ocu_isco08_7,2012,85.757
pan,sex_m,ocu_isco08_7,2013,97.819
pan,sex_m,ocu_isco08_7,2014,103.658
pan,sex_m,ocu_isco08_7,2015,111.143
pan,sex_m,ocu_isco08_7,2016,104.444
pan,sex_m,ocu_isco08_7,2017,114.199
pan,sex_m,ocu_isco08_7,2018,129.121
pan,sex_m,ocu_isco08_7,2019,133.553
pan,sex_m,ocu_isco08_7,2020,156.39
pan,sex_m,ocu_isco08_7,2021,137.676
pan,sex_m,ocu_isco08_7,2023,155.24
pan,sex_m,ocu_isco08_7,2024,149.162
pan,sex_m,ocu_isco08_8,2011,52.561
pan,sex_m,ocu_isco08_8,2012,52.758
pan,sex_m,ocu_isco08_8,2013,60.659
pan,sex_m,ocu_isco08_8,2014,58.517
pan,sex_m,ocu_isco08_8,2015,63.617
pan,sex_m,ocu_isco08_8,2016,67.068
pan,sex_m,ocu_isco08_8,2017,78.209
pan,sex_m,ocu_isco08_8,2018,78.012
pan,sex_m,ocu_isco08_8,2019,78.434
pan,sex_m,ocu_isco08_8,2020,67.045
pan,sex_m,ocu_isco08_8,2021,70.945
pan,sex_m,ocu_isco08_8,2023,78.825
pan,sex_m,ocu_isco08_8,2024,80.538
pan,sex_m,ocu_isco08_9,2011,106.81
pan,sex_m,ocu_isco08_9,2012,113.569
pan,sex_m,ocu_isco08_9,2013,117.162
pan,sex_m,ocu_isco08_9,2014,124.869
pan,sex_m,ocu_isco08_9,2015,120.8
pan,sex_m,ocu_isco08_9,2016,120.142
pan,sex_m,ocu_isco08_9,2017,118.68
pan,sex_m,ocu_isco08_9,2018,124.94
pan,sex_m,ocu_isco08_9,2019,133.869
pan,sex_m,ocu_isco08_9,2020,124.664
pan,sex_m,ocu_isco08_9,2021,134.16
pan,sex_m,ocu_isco08_9,2023,139.909
pan,sex_m,ocu_isco08_9,2024,154.254
pan,sex_m,ocu_isco08_total,2011,470.983
pan,sex_m,ocu_isco08_total,2012,484.805
pan,sex_m,ocu_isco08_total,2013,505.202
pan,sex_m,ocu_isco08_total,2014,516.704
pan,sex_m,ocu_isco08_total,2015,519.383
pan,sex_m,ocu_isco08_total,2016,535.318
pan,sex_m,ocu_isco08_total,2017,544.638
pan,sex_m,ocu_isco08_total,2018,579.772
pan,sex_m,ocu_isco08_total,2019,605.727
pan,sex_m,ocu_isco08_total,2020,570.448
pan,sex_m,ocu_isco08_total,2021,609.15
pan,sex_m,ocu_isco08_total,2023,666.074
pan,sex_m,ocu_isco08_total,2024,681.299
pan,sex_m,ocu_isco08_x,2011,2.453
pan,sex_m,ocu_isco08_x,2012,3.985
pan,sex_m,ocu_isco08_x,2013,0.551
pan,sex_m,ocu_isco88_1,2003,7.24
pan,sex_m,ocu_isco88_1,2008,6.954
pan,sex_m,ocu_isco88_2,2003,9.642
pan,sex_m,ocu_isco88_2,2008,11.231
pan,sex_m,ocu_isco88_3,2003,9.614
pan,sex_m,ocu_isco88_3,2008,12.847
pan,sex_m,ocu_isco88_4,2003,5.37
pan,sex_m,ocu_isco88_4,2008,5.887
pan,sex_m,ocu_isco88_5,2003,52.138
pan,sex_m,ocu_isco88_5,2008,62.118
pan,sex_m,ocu_isco88_6,2003,188.478
pan,sex_m,ocu_isco88_6,2008,166.071
pan,sex_m,ocu_isco88_7,2003,73.367
pan,sex_m,ocu_isco88_7,2008,81.511
pan,sex_m,ocu_isco88_8,2003,41.783
pan,sex_m,ocu_isco88_8,2008,44.352
pan,sex_m,ocu_isco88_9,2003,54.206
pan,sex_m,ocu_isco88_9,2008,69.769
pan,sex_m,ocu_isco88_total,2003,441.837
pan,sex_m,ocu_isco88_total,2008,460.74
pan,sex_m,ocu_skill_l1,2003,54.206
pan,sex_m,ocu_skill_l1,2008,69.769
pan,sex_m,ocu_skill_l1,2011,106.81
pan,sex_m,ocu_skill_l1,2012,113.569
pan,sex_m,ocu_skill_l1,2013,117.162
pan,sex_m,ocu_skill_l1,2014,124.869
pan,sex_m,ocu_skill_l1,2015,120.8
pan,sex_m,ocu_skill_l1,2016,120.142
pan,sex_m,ocu_skill_l1,2017,118.68
pan,sex_m,ocu_skill_l1,2018,124.94
pan,sex_m,ocu_skill_l1,2019,133.869
pan,sex_m,ocu_skill_l1,2020,124.664
pan,sex_m,ocu_skill_l1,2021,134.16
pan,sex_m,ocu_skill_l1,2023,139.909
pan,sex_m,ocu_skill_l1,2024,154.254
pan,sex_m,ocu_skill_l2,2003,361.135
pan,sex_m,ocu_skill_l2,2008,359.939
pan,sex_m,ocu_skill_l2,2011,324.772
pan,sex_m,ocu_skill_l2,2012,325.768
pan,sex_m,ocu_skill_l2,2013,346.154
pan,sex_m,ocu_skill_l2,2014,348.097
pan,sex_m,ocu_skill_l2,2015,355.718
pan,sex_m,ocu_skill_l2,2016,366.375
pan,sex_m,ocu_skill_l2,2017,381.296
pan,sex_m,ocu_skill_l2,2018,405.347
pan,sex_m,ocu_skill_l2,2019,421.145
pan,sex_m,ocu_skill_l2,2020,407.069
pan,sex_m,ocu_skill_l2,2021,421.841
pan,sex_m,ocu_skill_l2,2023,469.538
pan,sex_m,ocu_skill_l2,2024,467.046
pan,sex_m,ocu_skill_l3_4,2003,26.496
pan,sex_m,ocu_skill_l3_4,2008,31.032
pan,sex_m,ocu_skill_l3_4,2011,36.948
pan,sex_m,ocu_skill_l3_4,2012,41.483
pan,sex_m,ocu_skill_l3_4,2013,41.335
pan,sex_m,ocu_skill_l3_4,2014,43.711
pan,sex_m,ocu_skill_l3_4,2015,42.865
pan,sex_m,ocu_skill_l3_4,2016,48.801
pan,sex_m,ocu_skill_l3_4,2017,44.662
pan,sex_m,ocu_skill_l3_4,2018,49.485
pan,sex_m,ocu_skill_l3_4,2019,50.713
pan,sex_m,ocu_skill_l3_4,2020,38.715
pan,sex_m,ocu_skill_l3_4,2021,53.149
pan,sex_m,ocu_skill_l3_4,2023,56.627
pan,sex_m,ocu_skill_l3_4,2024,59.999
pan,sex_m,ocu_skill_total,2003,441.837
pan,sex_m,ocu_skill_total,2008,460.74
pan,sex_m,ocu_skill_total,2011,470.983
pan,sex_m,ocu_skill_total,2012,484.805
pan,sex_m,ocu_skill_total,2013,505.202
pan,sex_m,ocu_skill_total,2014,516.704
pan,sex_m,ocu_skill_total,2015,519.383
pan,sex_m,ocu_skill_total,2016,535.318
pan,sex_m,ocu_skill_total,2017,544.638
pan,sex_m,ocu_skill_total,2018,579.772
pan,sex_m,ocu_skill_total,2019,605.727
pan,sex_m,ocu_skill_total,2020,570.448
pan,sex_m,ocu_skill_total,2021,609.15
pan,sex_m,ocu_skill_total,2023,666.074
pan,sex_m,ocu_skill_total,2024,681.299
pan,sex_m,ocu_skill_x,2011,2.453
pan,sex_m,ocu_skill_x,2012,3.985
pan,sex_m,ocu_skill_x,2013,0.551
pan,sex_t,ocu_isco08_1,2011,15.758
pan,sex_t,ocu_isco08_1,2012,13.796
pan,sex_t,ocu_isco08_1,2013,13.577
pan,sex_t,ocu_isco08_1,2014,14.582
pan,sex_t,ocu_isco08_1,2015,17.862
pan,sex_t,ocu_isco08_1,2016,20.013
pan,sex_t,ocu_isco08_1,2017,16.741
pan,sex_t,ocu_isco08_1,2018,18.082
pan,sex_t,ocu_isco08_1,2019,19.897
pan,sex_t,ocu_isco08_1,2020,15.003
pan,sex_t,ocu_isco08_1,2021,17.855
pan,sex_t,ocu_isco08_1,2023,17.923
pan,sex_t,ocu_isco08_1,2024,20.617
pan,sex_t,ocu_isco08_2,2011,24.753
pan,sex_t,ocu_isco08_2,2012,29.159
pan,sex_t,ocu_isco08_2,2013,30.816
pan,sex_t,ocu_isco08_2,2014,35.273
pan,sex_t,ocu_isco08_2,2015,36.28
pan,sex_t,ocu_isco08_2,2016,38.535
pan,sex_t,ocu_isco08_2,2017,38.738
pan,sex_t,ocu_isco08_2,2018,44.583
pan,sex_t,ocu_isco08_2,2019,44.947
pan,sex_t,ocu_isco08_2,2020,39.869
pan,sex_t,ocu_isco08_2,2021,48.993
pan,sex_t,ocu_isco08_2,2023,50.114
pan,sex_t,ocu_isco08_2,2024,53.553
pan,sex_t,ocu_isco08_3,2011,20.549
pan,sex_t,ocu_isco08_3,2012,22.606
pan,sex_t,ocu_isco08_3,2013,24.48
pan,sex_t,ocu_isco08_3,2014,22.658
pan,sex_t,ocu_isco08_3,2015,24.157
pan,sex_t,ocu_isco08_3,2016,23.413
pan,sex_t,ocu_isco08_3,2017,27.159
pan,sex_t,ocu_isco08_3,2018,26.675
pan,sex_t,ocu_isco08_3,2019,26.239
pan,sex_t,ocu_isco08_3,2020,16.208
pan,sex_t,ocu_isco08_3,2021,28.148
pan,sex_t,ocu_isco08_3,2023,32.336
pan,sex_t,ocu_isco08_3,2024,33.592
pan,sex_t,ocu_isco08_4,2011,11.139
pan,sex_t,ocu_isco08_4,2012,9.451
pan,sex_t,ocu_isco08_4,2013,11.491
pan,sex_t,ocu_isco08_4,2014,10.951
pan,sex_t,ocu_isco08_4,2015,11.754
pan,sex_t,ocu_isco08_4,2016,8.961
pan,sex_t,ocu_isco08_4,2017,11.991
pan,sex_t,ocu_isco08_4,2018,13.383
pan,sex_t,ocu_isco08_4,2019,14.287
pan,sex_t,ocu_isco08_4,2020,8.589
pan,sex_t,ocu_isco08_4,2021,13.52
pan,sex_t,ocu_isco08_4,2023,17.567
pan,sex_t,ocu_isco08_4,2024,15.477
pan,sex_t,ocu_isco08_5,2011,125.577
pan,sex_t,ocu_isco08_5,2012,138.384
pan,sex_t,ocu_isco08_5,2013,146.941
pan,sex_t,ocu_isco08_5,2014,151.034
pan,sex_t,ocu_isco08_5,2015,160.156
pan,sex_t,ocu_isco08_5,2016,165.151
pan,sex_t,ocu_isco08_5,2017,171.743
pan,sex_t,ocu_isco08_5,2018,193.76
pan,sex_t,ocu_isco08_5,2019,208.033
pan,sex_t,ocu_isco08_5,2020,187.666
pan,sex_t,ocu_isco08_5,2021,200.398
pan,sex_t,ocu_isco08_5,2023,235.316
pan,sex_t,ocu_isco08_5,2024,235.612
pan,sex_t,ocu_isco08_6,2011,169.15
pan,sex_t,ocu_isco08_6,2012,184.207
pan,sex_t,ocu_isco08_6,2013,189.674
pan,sex_t,ocu_isco08_6,2014,183.285
pan,sex_t,ocu_isco08_6,2015,174.02
pan,sex_t,ocu_isco08_6,2016,197.19
pan,sex_t,ocu_isco08_6,2017,186.554
pan,sex_t,ocu_isco08_6,2018,193.25
pan,sex_t,ocu_isco08_6,2019,200.261
pan,sex_t,ocu_isco08_6,2020,166.978
pan,sex_t,ocu_isco08_6,2021,195.992
pan,sex_t,ocu_isco08_6,2023,213.599
pan,sex_t,ocu_isco08_6,2024,228.684
pan,sex_t,ocu_isco08_7,2011,114.937
pan,sex_t,ocu_isco08_7,2012,114.359
pan,sex_t,ocu_isco08_7,2013,134.171
pan,sex_t,ocu_isco08_7,2014,136.722
pan,sex_t,ocu_isco08_7,2015,148.095
pan,sex_t,ocu_isco08_7,2016,146.368
pan,sex_t,ocu_isco08_7,2017,156.462
pan,sex_t,ocu_isco08_7,2018,180.049
pan,sex_t,ocu_isco08_7,2019,190.529
pan,sex_t,ocu_isco08_7,2020,219.822
pan,sex_t,ocu_isco08_7,2021,183.987
pan,sex_t,ocu_isco08_7,2023,210.051
pan,sex_t,ocu_isco08_7,2024,207.279
pan,sex_t,ocu_isco08_8,2011,54.39
pan,sex_t,ocu_isco08_8,2012,54.199
pan,sex_t,ocu_isco08_8,2013,62.28
pan,sex_t,ocu_isco08_8,2014,61.027
pan,sex_t,ocu_isco08_8,2015,66.168
pan,sex_t,ocu_isco08_8,2016,68.465
pan,sex_t,ocu_isco08_8,2017,81.058
pan,sex_t,ocu_isco08_8,2018,80.67
pan,sex_t,ocu_isco08_8,2019,80.533
pan,sex_t,ocu_isco08_8,2020,68.328
pan,sex_t,ocu_isco08_8,2021,72.381
pan,sex_t,ocu_isco08_8,2023,82.417
pan,sex_t,ocu_isco08_8,2024,85.631
pan,sex_t,ocu_isco08_9,2011,174.537
pan,sex_t,ocu_isco08_9,2012,186.224
pan,sex_t,ocu_isco08_9,2013,186.283
pan,sex_t,ocu_isco08_9,2014,198.428
pan,sex_t,ocu_isco08_9,2015,190.941
pan,sex_t,ocu_isco08_9,2016,191.059
pan,sex_t,ocu_isco08_9,2017,191.788
pan,sex_t,ocu_isco08_9,2018,208.652
pan,sex_t,ocu_isco08_9,2019,228.964
pan,sex_t,ocu_isco08_9,2020,193.572
pan,sex_t,ocu_isco08_9,2021,209.267
pan,sex_t,ocu_isco08_9,2023,228.056
pan,sex_t,ocu_isco08_9,2024,248.414
pan,sex_t,ocu_isco08_total,2011,715.935
pan,sex_t,ocu_isco08_total,2012,759.525
pan,sex_t,ocu_isco08_total,2013,800.455
pan,sex_t,ocu_isco08_total,2014,813.987
pan,sex_t,ocu_isco08_total,2015,829.433
pan,sex_t,ocu_isco08_total,2016,859.155
pan,sex_t,ocu_isco08_total,2017,882.234
pan,sex_t,ocu_isco08_total,2018,959.104
pan,sex_t,ocu_isco08_total,2019,1013.69
pan,sex_t,ocu_isco08_total,2020,916.035
pan,sex_t,ocu_isco08_total,2021,970.541
pan,sex_t,ocu_isco08_total,2023,1087.379
pan,sex_t,ocu_isco08_total,2024,1128.859
pan,sex_t,ocu_isco08_x,2011,5.145
pan,sex_t,ocu_isco08_x,2012,7.14
pan,sex_t,ocu_isco08_x,2013,0.742
pan,sex_t,ocu_isco88_1,2003,12.772
pan,sex_t,ocu_isco88_1,2008,13.877
pan,sex_t,ocu_isco88_2,2003,16.084
pan,sex_t,ocu_isco88_2,2008,22.458
pan,sex_t,ocu_isco88_3,2003,15.211
pan,sex_t,ocu_isco88_3,2008,16.989
pan,sex_t,ocu_isco88_4,2003,17.914
pan,sex_t,ocu_isco88_4,2008,18.375
pan,sex_t,ocu_isco88_5,2003,120.567
pan,sex_t,ocu_isco88_5,2008,133.367
pan,sex_t,ocu_isco88_6,2003,213.915
pan,sex_t,ocu_isco88_6,2008,197.896
pan,sex_t,ocu_isco88_7,2003,96.228
pan,sex_t,ocu_isco88_7,2008,105.774
pan,sex_t,ocu_isco88_8,2003,43.463
pan,sex_t,ocu_isco88_8,2008,45.983
pan,sex_t,ocu_isco88_9,2003,135.805
pan,sex_t,ocu_isco88_9,2008,158.842
pan,sex_t,ocu_isco88_total,2003,671.959
pan,sex_t,ocu_isco88_total,2008,713.559
pan,sex_t,ocu_skill_l1,2003,135.805
pan,sex_t,ocu_skill_l1,2008,158.842
pan,sex_t,ocu_skill_l1,2011,174.537
pan,sex_t,ocu_skill_l1,2012,186.224
pan,sex_t,ocu_skill_l1,2013,186.283
pan,sex_t,ocu_skill_l1,2014,198.428
pan,sex_t,ocu_skill_l1,2015,190.941
pan,sex_t,ocu_skill_l1,2016,191.059
pan,sex_t,ocu_skill_l1,2017,191.788
pan,sex_t,ocu_skill_l1,2018,208.652
pan,sex_t,ocu_skill_l1,2019,228.964
pan,sex_t,ocu_skill_l1,2020,193.572
pan,sex_t,ocu_skill_l1,2021,209.267
pan,sex_t,ocu_skill_l1,2023,228.056
pan,sex_t,ocu_skill_l1,2024,248.414
pan,sex_t,ocu_skill_l2,2003,492.087
pan,sex_t,ocu_skill_l2,2008,501.395
pan,sex_t,ocu_skill_l2,2011,475.193
pan,sex_t,ocu_skill_l2,2012,500.6
pan,sex_t,ocu_skill_l2,2013,544.557
pan,sex_t,ocu_skill_l2,2014,543.019
pan,sex_t,ocu_skill_l2,2015,560.193
pan,sex_t,ocu_skill_l2,2016,586.135
pan,sex_t,ocu_skill_l2,2017,607.808
pan,sex_t,ocu_skill_l2,2018,661.112
pan,sex_t,ocu_skill_l2,2019,693.643
pan,sex_t,ocu_skill_l2,2020,651.383
pan,sex_t,ocu_skill_l2,2021,666.278
pan,sex_t,ocu_skill_l2,2023,758.95
pan,sex_t,ocu_skill_l2,2024,772.683
pan,sex_t,ocu_skill_l3_4,2003,44.067
pan,sex_t,ocu_skill_l3_4,2008,53.323
pan,sex_t,ocu_skill_l3_4,2011,61.06
pan,sex_t,ocu_skill_l3_4,2012,65.561
pan,sex_t,ocu_skill_l3_4,2013,68.873
pan,sex_t,ocu_skill_l3_4,2014,72.513
pan,sex_t,ocu_skill_l3_4,2015,78.299
pan,sex_t,ocu_skill_l3_4,2016,81.961
pan,sex_t,ocu_skill_l3_4,2017,82.638
pan,sex_t,ocu_skill_l3_4,2018,89.34
pan,sex_t,ocu_skill_l3_4,2019,91.083
pan,sex_t,ocu_skill_l3_4,2020,71.08
pan,sex_t,ocu_skill_l3_4,2021,94.996
pan,sex_t,ocu_skill_l3_4,2023,100.373
pan,sex_t,ocu_skill_l3_4,2024,107.762
pan,sex_t,ocu_skill_total,2003,671.959
pan,sex_t,ocu_skill_total,2008,713.559
pan,sex_t,ocu_skill_total,2011,715.935
pan,sex_t,ocu_skill_total,2012,759.525
pan,sex_t,ocu_skill_total,2013,800.455
pan,sex_t,ocu_skill_total,2014,813.987
pan,sex_t,ocu_skill_total,2015,829.433
pan,sex_t,ocu_skill_total,2016,859.155
pan,sex_t,ocu_skill_total,2017,882.234
pan,sex_t,ocu_skill_total,2018,959.104
pan,sex_t,ocu_skill_total,2019,1013.69
pan,sex_t,ocu_skill_total,2020,916.035
pan,sex_t,ocu_skill_total,2021,970.541
pan,sex_t,ocu_skill_total,2023,1087.379
pan,sex_t,ocu_skill_total,2024,1128.859
pan,sex_t,ocu_skill_x,2011,5.145
pan,sex_t,ocu_skill_x,2012,7.14
pan,sex_t,ocu_skill_x,2013,0.742
per,sex_f,ocu_isco08_0,2022,15.627
per,sex_f,ocu_isco08_0,2023,16.882
per,sex_f,ocu_isco08_0,2024,22.422
per,sex_f,ocu_isco08_1,2022,1.551
per,sex_f,ocu_isco08_1,2023,11.693
per,sex_f,ocu_isco08_1,2024,5.143
per,sex_f,ocu_isco08_2,2022,132.505
per,sex_f,ocu_isco08_2,2023,261.243
per,sex_f,ocu_isco08_2,2024,140.434
per,sex_f,ocu_isco08_3,2022,175.02
per,sex_f,ocu_isco08_3,2023,225.931
per,sex_f,ocu_isco08_3,2024,178.542
per,sex_f,ocu_isco08_4,2022,184.758
per,sex_f,ocu_isco08_4,2023,279.323
per,sex_f,ocu_isco08_4,2024,185.042
per,sex_f,ocu_isco08_5,2022,1821.216
per,sex_f,ocu_isco08_5,2023,1796.299
per,sex_f,ocu_isco08_5,2024,1679.972
per,sex_f,ocu_isco08_6,2022,799.032
per,sex_f,ocu_isco08_6,2023,681.297
per,sex_f,ocu_isco08_6,2024,660.364
per,sex_f,ocu_isco08_7,2022,409.473
per,sex_f,ocu_isco08_7,2023,401.872
per,sex_f,ocu_isco08_7,2024,395.549
per,sex_f,ocu_isco08_8,2022,47.99
per,sex_f,ocu_isco08_8,2023,46.319
per,sex_f,ocu_isco08_8,2024,69.197
per,sex_f,ocu_isco08_9,2022,2602.641
per,sex_f,ocu_isco08_9,2023,2554.676
per,sex_f,ocu_isco08_9,2024,2565.258
per,sex_f,ocu_isco08_total,2022,6189.813
per,sex_f,ocu_isco08_total,2023,6275.534
per,sex_f,ocu_isco08_total,2024,5901.922
per,sex_f,ocu_isco88_0,2004,6.007
per,sex_f,ocu_isco88_0,2007,0
per,sex_f,ocu_isco88_0,2011,2.881
per,sex_f,ocu_isco88_0,2015,1.356
per,sex_f,ocu_isco88_0,2016,1.796
per,sex_f,ocu_isco88_1,2004,10.261
per,sex_f,ocu_isco88_1,2005,4.961
per,sex_f,ocu_isco88_1,2006,2.833
per,sex_f,ocu_isco88_1,2007,1.811
per,sex_f,ocu_isco88_1,2008,4.205
per,sex_f,ocu_isco88_1,2009,4.681
per,sex_f,ocu_isco88_1,2010,1.496
per,sex_f,ocu_isco88_1,2011,3.065
per,sex_f,ocu_isco88_1,2012,1.979
per,sex_f,ocu_isco88_1,2013,2.261
per,sex_f,ocu_isco88_1,2014,1.844
per,sex_f,ocu_isco88_1,2015,2.115
per,sex_f,ocu_isco88_1,2016,2.469
per,sex_f,ocu_isco88_1,2017,1.815
per,sex_f,ocu_isco88_1,2018,0.555
per,sex_f,ocu_isco88_1,2019,1.134
per,sex_f,ocu_isco88_1,2020,1.703
per,sex_f,ocu_isco88_1,2021,3.617
per,sex_f,ocu_isco88_2,2004,266.458
per,sex_f,ocu_isco88_2,2005,168.952
per,sex_f,ocu_isco88_2,2006,151.233
per,sex_f,ocu_isco88_2,2007,174.15
per,sex_f,ocu_isco88_2,2008,176.879
per,sex_f,ocu_isco88_2,2009,154.948
per,sex_f,ocu_isco88_2,2010,155.891
per,sex_f,ocu_isco88_2,2011,149.821
per,sex_f,ocu_isco88_2,2012,137.048
per,sex_f,ocu_isco88_2,2013,119.928
per,sex_f,ocu_isco88_2,2014,129.9
per,sex_f,ocu_isco88_2,2015,100.7
per,sex_f,ocu_isco88_2,2016,107.509
per,sex_f,ocu_isco88_2,2017,114.733
per,sex_f,ocu_isco88_2,2018,123.014
per,sex_f,ocu_isco88_2,2019,139.046
per,sex_f,ocu_isco88_2,2020,67.888
per,sex_f,ocu_isco88_2,2021,98.383
per,sex_f,ocu_isco88_3,2004,175.917
per,sex_f,ocu_isco88_3,2005,143.247
per,sex_f,ocu_isco88_3,2006,135.941
per,sex_f,ocu_isco88_3,2007,159.514
per,sex_f,ocu_isco88_3,2008,160.286
per,sex_f,ocu_isco88_3,2009,164.84
per,sex_f,ocu_isco88_3,2010,162.501
per,sex_f,ocu_isco88_3,2011,148.389
per,sex_f,ocu_isco88_3,2012,139.185
per,sex_f,ocu_isco88_3,2013,139.216
per,sex_f,ocu_isco88_3,2014,116.868
per,sex_f,ocu_isco88_3,2015,125.385
per,sex_f,ocu_isco88_3,2016,134.13
per,sex_f,ocu_isco88_3,2017,121.973
per,sex_f,ocu_isco88_3,2018,126.97
per,sex_f,ocu_isco88_3,2019,134.399
per,sex_f,ocu_isco88_3,2020,87.837
per,sex_f,ocu_isco88_3,2021,111.76
per,sex_f,ocu_isco88_4,2004,195.314
per,sex_f,ocu_isco88_4,2005,140.236
per,sex_f,ocu_isco88_4,2006,127.944
per,sex_f,ocu_isco88_4,2007,123.193
per,sex_f,ocu_isco88_4,2008,153.923
per,sex_f,ocu_isco88_4,2009,147.445
per,sex_f,ocu_isco88_4,2010,143.74
per,sex_f,ocu_isco88_4,2011,145.737
per,sex_f,ocu_isco88_4,2012,173.503
per,sex_f,ocu_isco88_4,2013,161.339
per,sex_f,ocu_isco88_4,2014,146.374
per,sex_f,ocu_isco88_4,2015,144.118
per,sex_f,ocu_isco88_4,2016,155.937
per,sex_f,ocu_isco88_4,2017,154.533
per,sex_f,ocu_isco88_4,2018,149.713
per,sex_f,ocu_isco88_4,2019,154.762
per,sex_f,ocu_isco88_4,2020,88.548
per,sex_f,ocu_isco88_4,2021,113.06
per,sex_f,ocu_isco88_5,2004,1132.089
per,sex_f,ocu_isco88_5,2005,1147.842
per,sex_f,ocu_isco88_5,2006,1220.683
per,sex_f,ocu_isco88_5,2007,1269.188
per,sex_f,ocu_isco88_5,2008,1351.611
per,sex_f,ocu_isco88_5,2009,1537.209
per,sex_f,ocu_isco88_5,2010,1677.207
per,sex_f,ocu_isco88_5,2011,1654.561
per,sex_f,ocu_isco88_5,2012,1585.836
per,sex_f,ocu_isco88_5,2013,1565.361
per,sex_f,ocu_isco88_5,2014,1566.584
per,sex_f,ocu_isco88_5,2015,1572.67
per,sex_f,ocu_isco88_5,2016,1620.179
per,sex_f,ocu_isco88_5,2017,1668.512
per,sex_f,ocu_isco88_5,2018,1763.905
per,sex_f,ocu_isco88_5,2019,1745.649
per,sex_f,ocu_isco88_5,2020,1369.057
per,sex_f,ocu_isco88_5,2021,1696.158
per,sex_f,ocu_isco88_6,2004,345.616
per,sex_f,ocu_isco88_6,2005,351.156
per,sex_f,ocu_isco88_6,2006,364.341
per,sex_f,ocu_isco88_6,2007,382.124
per,sex_f,ocu_isco88_6,2008,388.58
per,sex_f,ocu_isco88_6,2009,409.483
per,sex_f,ocu_isco88_6,2010,435.985
per,sex_f,ocu_isco88_6,2011,425
per,sex_f,ocu_isco88_6,2012,432.062
per,sex_f,ocu_isco88_6,2013,448.884
per,sex_f,ocu_isco88_6,2014,456.996
per,sex_f,ocu_isco88_6,2015,449.232
per,sex_f,ocu_isco88_6,2016,488.407
per,sex_f,ocu_isco88_6,2017,485.954
per,sex_f,ocu_isco88_6,2018,508.288
per,sex_f,ocu_isco88_6,2019,537.066
per,sex_f,ocu_isco88_6,2020,539.104
per,sex_f,ocu_isco88_6,2021,659.068
per,sex_f,ocu_isco88_7,2004,311.52
per,sex_f,ocu_isco88_7,2005,342.822
per,sex_f,ocu_isco88_7,2006,374.423
per,sex_f,ocu_isco88_7,2007,410.376
per,sex_f,ocu_isco88_7,2008,442.767
per,sex_f,ocu_isco88_7,2009,402.902
per,sex_f,ocu_isco88_7,2010,458.315
per,sex_f,ocu_isco88_7,2011,439.44
per,sex_f,ocu_isco88_7,2012,428.219
per,sex_f,ocu_isco88_7,2013,452.27
per,sex_f,ocu_isco88_7,2014,393.488
per,sex_f,ocu_isco88_7,2015,386.612
per,sex_f,ocu_isco88_7,2016,397.109
per,sex_f,ocu_isco88_7,2017,409.787
per,sex_f,ocu_isco88_7,2018,414.617
per,sex_f,ocu_isco88_7,2019,393.32
per,sex_f,ocu_isco88_7,2020,347.715
per,sex_f,ocu_isco88_7,2021,381.391
per,sex_f,ocu_isco88_8,2004,52.675
per,sex_f,ocu_isco88_8,2005,38.67
per,sex_f,ocu_isco88_8,2006,32.041
per,sex_f,ocu_isco88_8,2007,53.74
per,sex_f,ocu_isco88_8,2008,60.441
per,sex_f,ocu_isco88_8,2009,62.751
per,sex_f,ocu_isco88_8,2010,47.582
per,sex_f,ocu_isco88_8,2011,69.175
per,sex_f,ocu_isco88_8,2012,62.068
per,sex_f,ocu_isco88_8,2013,43.254
per,sex_f,ocu_isco88_8,2014,58.528
per,sex_f,ocu_isco88_8,2015,41.971
per,sex_f,ocu_isco88_8,2016,42.766
per,sex_f,ocu_isco88_8,2017,45.622
per,sex_f,ocu_isco88_8,2018,51.99
per,sex_f,ocu_isco88_8,2019,63.969
per,sex_f,ocu_isco88_8,2020,51.453
per,sex_f,ocu_isco88_8,2021,48.315
per,sex_f,ocu_isco88_9,2004,3081.439
per,sex_f,ocu_isco88_9,2005,2970.972
per,sex_f,ocu_isco88_9,2006,3088.947
per,sex_f,ocu_isco88_9,2007,3043.146
per,sex_f,ocu_isco88_9,2008,3032.181
per,sex_f,ocu_isco88_9,2009,2913.964
per,sex_f,ocu_isco88_9,2010,2950.715
per,sex_f,ocu_isco88_9,2011,2852.318
per,sex_f,ocu_isco88_9,2012,2730.957
per,sex_f,ocu_isco88_9,2013,2751.163
per,sex_f,ocu_isco88_9,2014,2702.23
per,sex_f,ocu_isco88_9,2015,2749.367
per,sex_f,ocu_isco88_9,2016,2698.887
per,sex_f,ocu_isco88_9,2017,2744.443
per,sex_f,ocu_isco88_9,2018,2730.762
per,sex_f,ocu_isco88_9,2019,2804.876
per,sex_f,ocu_isco88_9,2020,2589.076
per,sex_f,ocu_isco88_9,2021,2716.41
per,sex_f,ocu_isco88_total,2004,5666.033
per,sex_f,ocu_isco88_total,2005,5338.714
per,sex_f,ocu_isco88_total,2006,5521.516
per,sex_f,ocu_isco88_total,2007,5642.761
per,sex_f,ocu_isco88_total,2008,5800.622
per,sex_f,ocu_isco88_total,2009,5824.351
per,sex_f,ocu_isco88_total,2010,6054.31
per,sex_f,ocu_isco88_total,2011,5920.922
per,sex_f,ocu_isco88_total,2012,5717.944
per,sex_f,ocu_isco88_total,2013,5703.892
per,sex_f,ocu_isco88_total,2014,5595.224
per,sex_f,ocu_isco88_total,2015,5592.621
per,sex_f,ocu_isco88_total,2016,5676.033
per,sex_f,ocu_isco88_total,2017,5774.272
per,sex_f,ocu_isco88_total,2018,5892.49
per,sex_f,ocu_isco88_total,2019,5992.451
per,sex_f,ocu_isco88_total,2020,5143.254
per,sex_f,ocu_isco88_total,2021,5859.102
per,sex_f,ocu_isco88_x,2004,88.738
per,sex_f,ocu_isco88_x,2005,28.893
per,sex_f,ocu_isco88_x,2006,22.942
per,sex_f,ocu_isco88_x,2007,25.519
per,sex_f,ocu_isco88_x,2008,29.672
per,sex_f,ocu_isco88_x,2009,26.129
per,sex_f,ocu_isco88_x,2010,20.797
per,sex_f,ocu_isco88_x,2011,30.535
per,sex_f,ocu_isco88_x,2012,26.835
per,sex_f,ocu_isco88_x,2013,19.162
per,sex_f,ocu_isco88_x,2014,21.913
per,sex_f,ocu_isco88_x,2015,19.095
per,sex_f,ocu_isco88_x,2016,26.843
per,sex_f,ocu_isco88_x,2017,25.75
per,sex_f,ocu_isco88_x,2018,22.677
per,sex_f,ocu_isco88_x,2019,18.047
per,sex_f,ocu_isco88_x,2021,30.513
per,sex_f,ocu_skill_l1,2004,3081.439
per,sex_f,ocu_skill_l1,2005,2970.972
per,sex_f,ocu_skill_l1,2006,3088.947
per,sex_f,ocu_skill_l1,2007,3043.146
per,sex_f,ocu_skill_l1,2008,3032.181
per,sex_f,ocu_skill_l1,2009,2913.964
per,sex_f,ocu_skill_l1,2010,2950.715
per,sex_f,ocu_skill_l1,2011,2852.318
per,sex_f,ocu_skill_l1,2012,2730.957
per,sex_f,ocu_skill_l1,2013,2751.163
per,sex_f,ocu_skill_l1,2014,2702.23
per,sex_f,ocu_skill_l1,2015,2749.367
per,sex_f,ocu_skill_l1,2016,2698.887
per,sex_f,ocu_skill_l1,2017,2744.443
per,sex_f,ocu_skill_l1,2018,2730.762
per,sex_f,ocu_skill_l1,2019,2804.876
per,sex_f,ocu_skill_l1,2020,2589.076
per,sex_f,ocu_skill_l1,2021,2716.41
per,sex_f,ocu_skill_l1,2022,2602.641
per,sex_f,ocu_skill_l1,2023,2554.676
per,sex_f,ocu_skill_l1,2024,2565.258
per,sex_f,ocu_skill_l2,2004,2037.213
per,sex_f,ocu_skill_l2,2005,2020.726
per,sex_f,ocu_skill_l2,2006,2119.433
per,sex_f,ocu_skill_l2,2007,2238.62
per,sex_f,ocu_skill_l2,2008,2397.322
per,sex_f,ocu_skill_l2,2009,2559.789
per,sex_f,ocu_skill_l2,2010,2762.829
per,sex_f,ocu_skill_l2,2011,2733.913
per,sex_f,ocu_skill_l2,2012,2681.689
per,sex_f,ocu_skill_l2,2013,2671.108
per,sex_f,ocu_skill_l2,2014,2621.97
per,sex_f,ocu_skill_l2,2015,2594.603
per,sex_f,ocu_skill_l2,2016,2704.398
per,sex_f,ocu_skill_l2,2017,2764.408
per,sex_f,ocu_skill_l2,2018,2888.513
per,sex_f,ocu_skill_l2,2019,2894.767
per,sex_f,ocu_skill_l2,2020,2395.876
per,sex_f,ocu_skill_l2,2021,2897.992
per,sex_f,ocu_skill_l2,2022,3262.468
per,sex_f,ocu_skill_l2,2023,3205.109
per,sex_f,ocu_skill_l2,2024,2990.124
per,sex_f,ocu_skill_l3_4,2004,452.636
per,sex_f,ocu_skill_l3_4,2005,317.16
per,sex_f,ocu_skill_l3_4,2006,290.007
per,sex_f,ocu_skill_l3_4,2007,335.476
per,sex_f,ocu_skill_l3_4,2008,341.369
per,sex_f,ocu_skill_l3_4,2009,324.468
per,sex_f,ocu_skill_l3_4,2010,319.888
per,sex_f,ocu_skill_l3_4,2011,301.274
per,sex_f,ocu_skill_l3_4,2012,278.212
per,sex_f,ocu_skill_l3_4,2013,261.405
per,sex_f,ocu_skill_l3_4,2014,248.613
per,sex_f,ocu_skill_l3_4,2015,228.2
per,sex_f,ocu_skill_l3_4,2016,244.109
per,sex_f,ocu_skill_l3_4,2017,238.521
per,sex_f,ocu_skill_l3_4,2018,250.539
per,sex_f,ocu_skill_l3_4,2019,274.578
per,sex_f,ocu_skill_l3_4,2020,157.429
per,sex_f,ocu_skill_l3_4,2021,213.76
per,sex_f,ocu_skill_l3_4,2022,309.077
per,sex_f,ocu_skill_l3_4,2023,498.866
per,sex_f,ocu_skill_l3_4,2024,324.119
per,sex_f,ocu_skill_total,2004,5666.033
per,sex_f,ocu_skill_total,2005,5338.714
per,sex_f,ocu_skill_total,2006,5521.516
per,sex_f,ocu_skill_total,2007,5642.761
per,sex_f,ocu_skill_total,2008,5800.622
per,sex_f,ocu_skill_total,2009,5824.351
per,sex_f,ocu_skill_total,2010,6054.31
per,sex_f,ocu_skill_total,2011,5920.922
per,sex_f,ocu_skill_total,2012,5717.944
per,sex_f,ocu_skill_total,2013,5703.892
per,sex_f,ocu_skill_total,2014,5595.224
per,sex_f,ocu_skill_total,2015,5592.621
per,sex_f,ocu_skill_total,2016,5676.033
per,sex_f,ocu_skill_total,2017,5774.272
per,sex_f,ocu_skill_total,2018,5892.49
per,sex_f,ocu_skill_total,2019,5992.451
per,sex_f,ocu_skill_total,2020,5143.254
per,sex_f,ocu_skill_total,2021,5859.102
per,sex_f,ocu_skill_total,2022,6189.813
per,sex_f,ocu_skill_total,2023,6275.534
per,sex_f,ocu_skill_total,2024,5901.922
per,sex_f,ocu_skill_x,2004,94.745
per,sex_f,ocu_skill_x,2005,29.857
per,sex_f,ocu_skill_x,2006,23.13
per,sex_f,ocu_skill_x,2007,25.519
per,sex_f,ocu_skill_x,2008,29.75
per,sex_f,ocu_skill_x,2009,26.129
per,sex_f,ocu_skill_x,2010,20.877
per,sex_f,ocu_skill_x,2011,33.416
per,sex_f,ocu_skill_x,2012,27.087
per,sex_f,ocu_skill_x,2013,20.217
per,sex_f,ocu_skill_x,2014,22.411
per,sex_f,ocu_skill_x,2015,20.45
per,sex_f,ocu_skill_x,2016,28.639
per,sex_f,ocu_skill_x,2017,26.901
per,sex_f,ocu_skill_x,2018,22.677
per,sex_f,ocu_skill_x,2019,18.23
per,sex_f,ocu_skill_x,2021,30.94
per,sex_f,ocu_skill_x,2022,15.627
per,sex_f,ocu_skill_x,2023,16.882
per,sex_f,ocu_skill_x,2024,22.422
per,sex_m,ocu_isco08_0,2022,77.623
per,sex_m,ocu_isco08_0,2023,103.767
per,sex_m,ocu_isco08_0,2024,100.65
per,sex_m,ocu_isco08_1,2022,5.253
per,sex_m,ocu_isco08_1,2023,13.38
per,sex_m,ocu_isco08_1,2024,6.508
per,sex_m,ocu_isco08_2,2022,127.512
per,sex_m,ocu_isco08_2,2023,211.43
per,sex_m,ocu_isco08_2,2024,139.481
per,sex_m,ocu_isco08_3,2022,293.568
per,sex_m,ocu_isco08_3,2023,374.359
per,sex_m,ocu_isco08_3,2024,287.633
per,sex_m,ocu_isco08_4,2022,134.377
per,sex_m,ocu_isco08_4,2023,212.469
per,sex_m,ocu_isco08_4,2024,128.909
per,sex_m,ocu_isco08_5,2022,616.661
per,sex_m,ocu_isco08_5,2023,668.246
per,sex_m,ocu_isco08_5,2024,600.272
per,sex_m,ocu_isco08_6,2022,1273.585
per,sex_m,ocu_isco08_6,2023,1324.864
per,sex_m,ocu_isco08_6,2024,1328.024
per,sex_m,ocu_isco08_7,2022,978.585
per,sex_m,ocu_isco08_7,2023,920.408
per,sex_m,ocu_isco08_7,2024,908.024
per,sex_m,ocu_isco08_8,2022,1082.363
per,sex_m,ocu_isco08_8,2023,1131.545
per,sex_m,ocu_isco08_8,2024,1122.223
per,sex_m,ocu_isco08_9,2022,2485.323
per,sex_m,ocu_isco08_9,2023,2380.079
per,sex_m,ocu_isco08_9,2024,2228.849
per,sex_m,ocu_isco08_total,2022,7074.85
per,sex_m,ocu_isco08_total,2023,7340.548
per,sex_m,ocu_isco08_total,2024,6850.573
per,sex_m,ocu_isco88_0,2004,53.144
per,sex_m,ocu_isco88_0,2005,10.834
per,sex_m,ocu_isco88_0,2006,3.83
per,sex_m,ocu_isco88_0,2007,6.061
per,sex_m,ocu_isco88_0,2008,1.74
per,sex_m,ocu_isco88_0,2009,3.895
per,sex_m,ocu_isco88_0,2010,3
per,sex_m,ocu_isco88_0,2011,5.036
per,sex_m,ocu_isco88_0,2012,4.291
per,sex_m,ocu_isco88_0,2013,4.862
per,sex_m,ocu_isco88_0,2014,3.36
per,sex_m,ocu_isco88_0,2015,4.747
per,sex_m,ocu_isco88_0,2016,2.871
per,sex_m,ocu_isco88_0,2017,4.939
per,sex_m,ocu_isco88_1,2004,23.866
per,sex_m,ocu_isco88_1,2005,11.298
per,sex_m,ocu_isco88_1,2006,3.695
per,sex_m,ocu_isco88_1,2007,4.183
per,sex_m,ocu_isco88_1,2008,2.061
per,sex_m,ocu_isco88_1,2009,2.777
per,sex_m,ocu_isco88_1,2010,3.139
per,sex_m,ocu_isco88_1,2011,5.836
per,sex_m,ocu_isco88_1,2012,4.83
per,sex_m,ocu_isco88_1,2013,3.038
per,sex_m,ocu_isco88_1,2014,5.095
per,sex_m,ocu_isco88_1,2015,2.303
per,sex_m,ocu_isco88_1,2016,2.548
per,sex_m,ocu_isco88_1,2017,2.84
per,sex_m,ocu_isco88_1,2018,2.822
per,sex_m,ocu_isco88_1,2019,2.812
per,sex_m,ocu_isco88_1,2020,1.683
per,sex_m,ocu_isco88_1,2021,1.871
per,sex_m,ocu_isco88_2,2004,271.861
per,sex_m,ocu_isco88_2,2005,121.97
per,sex_m,ocu_isco88_2,2006,123.374
per,sex_m,ocu_isco88_2,2007,116.939
per,sex_m,ocu_isco88_2,2008,122.983
per,sex_m,ocu_isco88_2,2009,135.945
per,sex_m,ocu_isco88_2,2010,130.202
per,sex_m,ocu_isco88_2,2011,132.626
per,sex_m,ocu_isco88_2,2012,94.88
per,sex_m,ocu_isco88_2,2013,95.926
per,sex_m,ocu_isco88_2,2014,80.534
per,sex_m,ocu_isco88_2,2015,78.113
per,sex_m,ocu_isco88_2,2016,65.222
per,sex_m,ocu_isco88_2,2017,79.071
per,sex_m,ocu_isco88_2,2018,87.741
per,sex_m,ocu_isco88_2,2019,102.665
per,sex_m,ocu_isco88_2,2020,55.969
per,sex_m,ocu_isco88_2,2021,80.708
per,sex_m,ocu_isco88_3,2004,346.405
per,sex_m,ocu_isco88_3,2005,256.395
per,sex_m,ocu_isco88_3,2006,267.373
per,sex_m,ocu_isco88_3,2007,261.731
per,sex_m,ocu_isco88_3,2008,264.39
per,sex_m,ocu_isco88_3,2009,254.567
per,sex_m,ocu_isco88_3,2010,289.962
per,sex_m,ocu_isco88_3,2011,278.617
per,sex_m,ocu_isco88_3,2012,251.058
per,sex_m,ocu_isco88_3,2013,211.374
per,sex_m,ocu_isco88_3,2014,189.62
per,sex_m,ocu_isco88_3,2015,178.104
per,sex_m,ocu_isco88_3,2016,200.279
per,sex_m,ocu_isco88_3,2017,220.06
per,sex_m,ocu_isco88_3,2018,238.649
per,sex_m,ocu_isco88_3,2019,211.055
per,sex_m,ocu_isco88_3,2020,162.169
per,sex_m,ocu_isco88_3,2021,186.577
per,sex_m,ocu_isco88_4,2004,181.869
per,sex_m,ocu_isco88_4,2005,84.543
per,sex_m,ocu_isco88_4,2006,89.264
per,sex_m,ocu_isco88_4,2007,90.138
per,sex_m,ocu_isco88_4,2008,107.105
per,sex_m,ocu_isco88_4,2009,89.097
per,sex_m,ocu_isco88_4,2010,80.474
per,sex_m,ocu_isco88_4,2011,86.854
per,sex_m,ocu_isco88_4,2012,104.171
per,sex_m,ocu_isco88_4,2013,94.557
per,sex_m,ocu_isco88_4,2014,82.867
per,sex_m,ocu_isco88_4,2015,79.963
per,sex_m,ocu_isco88_4,2016,89.399
per,sex_m,ocu_isco88_4,2017,80.971
per,sex_m,ocu_isco88_4,2018,86.227
per,sex_m,ocu_isco88_4,2019,91.836
per,sex_m,ocu_isco88_4,2020,51.922
per,sex_m,ocu_isco88_4,2021,84.101
per,sex_m,ocu_isco88_5,2004,437.2
per,sex_m,ocu_isco88_5,2005,430.415
per,sex_m,ocu_isco88_5,2006,451.446
per,sex_m,ocu_isco88_5,2007,453.358
per,sex_m,ocu_isco88_5,2008,431.272
per,sex_m,ocu_isco88_5,2009,558.72
per,sex_m,ocu_isco88_5,2010,570.054
per,sex_m,ocu_isco88_5,2011,551.912
per,sex_m,ocu_isco88_5,2012,498.029
per,sex_m,ocu_isco88_5,2013,515.496
per,sex_m,ocu_isco88_5,2014,497.999
per,sex_m,ocu_isco88_5,2015,494.42
per,sex_m,ocu_isco88_5,2016,497.001
per,sex_m,ocu_isco88_5,2017,480.686
per,sex_m,ocu_isco88_5,2018,542.96
per,sex_m,ocu_isco88_5,2019,553.951
per,sex_m,ocu_isco88_5,2020,449.333
per,sex_m,ocu_isco88_5,2021,558.672
per,sex_m,ocu_isco88_6,2004,1555.571
per,sex_m,ocu_isco88_6,2005,1542.001
per,sex_m,ocu_isco88_6,2006,1554.573
per,sex_m,ocu_isco88_6,2007,1498.493
per,sex_m,ocu_isco88_6,2008,1527.7
per,sex_m,ocu_isco88_6,2009,1475.697
per,sex_m,ocu_isco88_6,2010,1452.773
per,sex_m,ocu_isco88_6,2011,1503.068
per,sex_m,ocu_isco88_6,2012,1495.372
per,sex_m,ocu_isco88_6,2013,1473.474
per,sex_m,ocu_isco88_6,2014,1495.493
per,sex_m,ocu_isco88_6,2015,1534.906
per,sex_m,ocu_isco88_6,2016,1587.822
per,sex_m,ocu_isco88_6,2017,1588.063
per,sex_m,ocu_isco88_6,2018,1603.215
per,sex_m,ocu_isco88_6,2019,1534.832
per,sex_m,ocu_isco88_6,2020,1664.597
per,sex_m,ocu_isco88_6,2021,1513.594
per,sex_m,ocu_isco88_7,2004,679.991
per,sex_m,ocu_isco88_7,2005,637.426
per,sex_m,ocu_isco88_7,2006,588.686
per,sex_m,ocu_isco88_7,2007,630.613
per,sex_m,ocu_isco88_7,2008,656.024
per,sex_m,ocu_isco88_7,2009,624.43
per,sex_m,ocu_isco88_7,2010,623.501
per,sex_m,ocu_isco88_7,2011,634.796
per,sex_m,ocu_isco88_7,2012,582.294
per,sex_m,ocu_isco88_7,2013,536.739
per,sex_m,ocu_isco88_7,2014,529.592
per,sex_m,ocu_isco88_7,2015,534.113
per,sex_m,ocu_isco88_7,2016,552.095
per,sex_m,ocu_isco88_7,2017,525.463
per,sex_m,ocu_isco88_7,2018,515.543
per,sex_m,ocu_isco88_7,2019,536.073
per,sex_m,ocu_isco88_7,2020,452.696
per,sex_m,ocu_isco88_7,2021,508.622
per,sex_m,ocu_isco88_8,2004,797.808
per,sex_m,ocu_isco88_8,2005,729.796
per,sex_m,ocu_isco88_8,2006,796.97
per,sex_m,ocu_isco88_8,2007,854.137
per,sex_m,ocu_isco88_8,2008,976.17
per,sex_m,ocu_isco88_8,2009,964.723
per,sex_m,ocu_isco88_8,2010,1034.694
per,sex_m,ocu_isco88_8,2011,1110.079
per,sex_m,ocu_isco88_8,2012,1013.112
per,sex_m,ocu_isco88_8,2013,1070.207
per,sex_m,ocu_isco88_8,2014,1071.315
per,sex_m,ocu_isco88_8,2015,1168.629
per,sex_m,ocu_isco88_8,2016,1088.1
per,sex_m,ocu_isco88_8,2017,1149.044
per,sex_m,ocu_isco88_8,2018,1191.096
per,sex_m,ocu_isco88_8,2019,1230.728
per,sex_m,ocu_isco88_8,2020,966.016
per,sex_m,ocu_isco88_8,2021,1147.469
per,sex_m,ocu_isco88_9,2004,2461.994
per,sex_m,ocu_isco88_9,2005,2300.093
per,sex_m,ocu_isco88_9,2006,2285.052
per,sex_m,ocu_isco88_9,2007,2204.036
per,sex_m,ocu_isco88_9,2008,2148.278
per,sex_m,ocu_isco88_9,2009,2060.702
per,sex_m,ocu_isco88_9,2010,2051.109
per,sex_m,ocu_isco88_9,2011,1999.44
per,sex_m,ocu_isco88_9,2012,1969.861
per,sex_m,ocu_isco88_9,2013,1972.278
per,sex_m,ocu_isco88_9,2014,2006.325
per,sex_m,ocu_isco88_9,2015,2018.319
per,sex_m,ocu_isco88_9,2016,1964.729
per,sex_m,ocu_isco88_9,2017,1953.47
per,sex_m,ocu_isco88_9,2018,1990
per,sex_m,ocu_isco88_9,2019,2050.165
per,sex_m,ocu_isco88_9,2020,2088.519
per,sex_m,ocu_isco88_9,2021,2159.183
per,sex_m,ocu_isco88_total,2004,6874.12
per,sex_m,ocu_isco88_total,2005,6160.532
per,sex_m,ocu_isco88_total,2006,6208.327
per,sex_m,ocu_isco88_total,2007,6161.915
per,sex_m,ocu_isco88_total,2008,6273.242
per,sex_m,ocu_isco88_total,2009,6208.467
per,sex_m,ocu_isco88_total,2010,6288.469
per,sex_m,ocu_isco88_total,2011,6349.058
per,sex_m,ocu_isco88_total,2012,6057.942
per,sex_m,ocu_isco88_total,2013,6004.797
per,sex_m,ocu_isco88_total,2014,5991.71
per,sex_m,ocu_isco88_total,2015,6124.735
per,sex_m,ocu_isco88_total,2016,6100.83
per,sex_m,ocu_isco88_total,2017,6121.973
per,sex_m,ocu_isco88_total,2018,6286.33
per,sex_m,ocu_isco88_total,2019,6346.27
per,sex_m,ocu_isco88_total,2020,5894.764
per,sex_m,ocu_isco88_total,2021,6287.241
per,sex_m,ocu_isco88_x,2004,64.41
per,sex_m,ocu_isco88_x,2005,35.76
per,sex_m,ocu_isco88_x,2006,44.062
per,sex_m,ocu_isco88_x,2007,42.226
per,sex_m,ocu_isco88_x,2008,35.517
per,sex_m,ocu_isco88_x,2009,37.915
per,sex_m,ocu_isco88_x,2010,49.56
per,sex_m,ocu_isco88_x,2011,40.795
per,sex_m,ocu_isco88_x,2012,40.045
per,sex_m,ocu_isco88_x,2013,26.846
per,sex_m,ocu_isco88_x,2014,29.509
per,sex_m,ocu_isco88_x,2015,31.117
per,sex_m,ocu_isco88_x,2016,50.764
per,sex_m,ocu_isco88_x,2017,37.365
per,sex_m,ocu_isco88_x,2018,27.508
per,sex_m,ocu_isco88_x,2019,30.837
per,sex_m,ocu_isco88_x,2021,43.777
per,sex_m,ocu_skill_l1,2004,2461.994
per,sex_m,ocu_skill_l1,2005,2300.093
per,sex_m,ocu_skill_l1,2006,2285.052
per,sex_m,ocu_skill_l1,2007,2204.036
per,sex_m,ocu_skill_l1,2008,2148.278
per,sex_m,ocu_skill_l1,2009,2060.702
per,sex_m,ocu_skill_l1,2010,2051.109
per,sex_m,ocu_skill_l1,2011,1999.44
per,sex_m,ocu_skill_l1,2012,1969.861
per,sex_m,ocu_skill_l1,2013,1972.278
per,sex_m,ocu_skill_l1,2014,2006.325
per,sex_m,ocu_skill_l1,2015,2018.319
per,sex_m,ocu_skill_l1,2016,1964.729
per,sex_m,ocu_skill_l1,2017,1953.47
per,sex_m,ocu_skill_l1,2018,1990
per,sex_m,ocu_skill_l1,2019,2050.165
per,sex_m,ocu_skill_l1,2020,2088.519
per,sex_m,ocu_skill_l1,2021,2159.183
per,sex_m,ocu_skill_l1,2022,2485.323
per,sex_m,ocu_skill_l1,2023,2380.079
per,sex_m,ocu_skill_l1,2024,2228.849
per,sex_m,ocu_skill_l2,2004,3652.439
per,sex_m,ocu_skill_l2,2005,3424.181
per,sex_m,ocu_skill_l2,2006,3480.94
per,sex_m,ocu_skill_l2,2007,3526.739
per,sex_m,ocu_skill_l2,2008,3698.272
per,sex_m,ocu_skill_l2,2009,3712.666
per,sex_m,ocu_skill_l2,2010,3761.496
per,sex_m,ocu_skill_l2,2011,3886.708
per,sex_m,ocu_skill_l2,2012,3692.977
per,sex_m,ocu_skill_l2,2013,3690.473
per,sex_m,ocu_skill_l2,2014,3677.267
per,sex_m,ocu_skill_l2,2015,3812.031
per,sex_m,ocu_skill_l2,2016,3814.417
per,sex_m,ocu_skill_l2,2017,3824.228
per,sex_m,ocu_skill_l2,2018,3939.041
per,sex_m,ocu_skill_l2,2019,3947.419
per,sex_m,ocu_skill_l2,2020,3584.564
per,sex_m,ocu_skill_l2,2021,3812.459
per,sex_m,ocu_skill_l2,2022,4085.571
per,sex_m,ocu_skill_l2,2023,4257.532
per,sex_m,ocu_skill_l2,2024,4087.452
per,sex_m,ocu_skill_l3_4,2004,642.133
per,sex_m,ocu_skill_l3_4,2005,389.663
per,sex_m,ocu_skill_l3_4,2006,394.443
per,sex_m,ocu_skill_l3_4,2007,382.852
per,sex_m,ocu_skill_l3_4,2008,389.434
per,sex_m,ocu_skill_l3_4,2009,393.289
per,sex_m,ocu_skill_l3_4,2010,423.304
per,sex_m,ocu_skill_l3_4,2011,417.079
per,sex_m,ocu_skill_l3_4,2012,350.768
per,sex_m,ocu_skill_l3_4,2013,310.337
per,sex_m,ocu_skill_l3_4,2014,275.248
per,sex_m,ocu_skill_l3_4,2015,258.521
per,sex_m,ocu_skill_l3_4,2016,268.049
per,sex_m,ocu_skill_l3_4,2017,301.971
per,sex_m,ocu_skill_l3_4,2018,329.212
per,sex_m,ocu_skill_l3_4,2019,316.532
per,sex_m,ocu_skill_l3_4,2020,219.821
per,sex_m,ocu_skill_l3_4,2021,269.156
per,sex_m,ocu_skill_l3_4,2022,426.333
per,sex_m,ocu_skill_l3_4,2023,599.169
per,sex_m,ocu_skill_l3_4,2024,433.622
per,sex_m,ocu_skill_total,2004,6874.12
per,sex_m,ocu_skill_total,2005,6160.532
per,sex_m,ocu_skill_total,2006,6208.327
per,sex_m,ocu_skill_total,2007,6161.915
per,sex_m,ocu_skill_total,2008,6273.242
per,sex_m,ocu_skill_total,2009,6208.467
per,sex_m,ocu_skill_total,2010,6288.469
per,sex_m,ocu_skill_total,2011,6349.058
per,sex_m,ocu_skill_total,2012,6057.942
per,sex_m,ocu_skill_total,2013,6004.797
per,sex_m,ocu_skill_total,2014,5991.71
per,sex_m,ocu_skill_total,2015,6124.735
per,sex_m,ocu_skill_total,2016,6100.83
per,sex_m,ocu_skill_total,2017,6121.973
per,sex_m,ocu_skill_total,2018,6286.33
per,sex_m,ocu_skill_total,2019,6346.27
per,sex_m,ocu_skill_total,2020,5894.764
per,sex_m,ocu_skill_total,2021,6287.241
per,sex_m,ocu_skill_total,2022,7074.85
per,sex_m,ocu_skill_total,2023,7340.548
per,sex_m,ocu_skill_total,2024,6850.573
per,sex_m,ocu_skill_x,2004,117.554
per,sex_m,ocu_skill_x,2005,46.595
per,sex_m,ocu_skill_x,2006,47.892
per,sex_m,ocu_skill_x,2007,48.287
per,sex_m,ocu_skill_x,2008,37.258
per,sex_m,ocu_skill_x,2009,41.81
per,sex_m,ocu_skill_x,2010,52.56
per,sex_m,ocu_skill_x,2011,45.831
per,sex_m,ocu_skill_x,2012,44.336
per,sex_m,ocu_skill_x,2013,31.709
per,sex_m,ocu_skill_x,2014,32.87
per,sex_m,ocu_skill_x,2015,35.865
per,sex_m,ocu_skill_x,2016,53.635
per,sex_m,ocu_skill_x,2017,42.304
per,sex_m,ocu_skill_x,2018,28.076
per,sex_m,ocu_skill_x,2019,32.153
per,sex_m,ocu_skill_x,2021,46.442
per,sex_m,ocu_skill_x,2022,77.623
per,sex_m,ocu_skill_x,2023,103.767
per,sex_m,ocu_skill_x,2024,100.65
per,sex_t,ocu_isco08_0,2022,93.25
per,sex_t,ocu_isco08_0,2023,120.65
per,sex_t,ocu_isco08_0,2024,123.073
per,sex_t,ocu_isco08_1,2022,6.804
per,sex_t,ocu_isco08_1,2023,25.072
per,sex_t,ocu_isco08_1,2024,11.651
per,sex_t,ocu_isco08_2,2022,260.018
per,sex_t,ocu_isco08_2,2023,472.673
per,sex_t,ocu_isco08_2,2024,279.915
per,sex_t,ocu_isco08_3,2022,468.588
per,sex_t,ocu_isco08_3,2023,600.29
per,sex_t,ocu_isco08_3,2024,466.174
per,sex_t,ocu_isco08_4,2022,319.135
per,sex_t,ocu_isco08_4,2023,491.793
per,sex_t,ocu_isco08_4,2024,313.95
per,sex_t,ocu_isco08_5,2022,2437.877
per,sex_t,ocu_isco08_5,2023,2464.544
per,sex_t,ocu_isco08_5,2024,2280.244
per,sex_t,ocu_isco08_6,2022,2072.617
per,sex_t,ocu_isco08_6,2023,2006.161
per,sex_t,ocu_isco08_6,2024,1988.388
per,sex_t,ocu_isco08_7,2022,1388.057
per,sex_t,ocu_isco08_7,2023,1322.28
per,sex_t,ocu_isco08_7,2024,1303.573
per,sex_t,ocu_isco08_8,2022,1130.353
per,sex_t,ocu_isco08_8,2023,1177.863
per,sex_t,ocu_isco08_8,2024,1191.42
per,sex_t,ocu_isco08_9,2022,5087.963
per,sex_t,ocu_isco08_9,2023,4934.755
per,sex_t,ocu_isco08_9,2024,4794.107
per,sex_t,ocu_isco08_total,2022,13264.662
per,sex_t,ocu_isco08_total,2023,13616.082
per,sex_t,ocu_isco08_total,2024,12752.495
per,sex_t,ocu_isco88_0,2004,59.151
per,sex_t,ocu_isco88_0,2005,11.798
per,sex_t,ocu_isco88_0,2006,4.017
per,sex_t,ocu_isco88_0,2007,6.061
per,sex_t,ocu_isco88_0,2008,1.818
per,sex_t,ocu_isco88_0,2009,3.895
per,sex_t,ocu_isco88_0,2010,3.081
per,sex_t,ocu_isco88_0,2011,7.917
per,sex_t,ocu_isco88_0,2012,4.543
per,sex_t,ocu_isco88_0,2013,5.917
per,sex_t,ocu_isco88_0,2014,3.858
per,sex_t,ocu_isco88_0,2015,6.103
per,sex_t,ocu_isco88_0,2016,4.667
per,sex_t,ocu_isco88_0,2017,6.09
per,sex_t,ocu_isco88_1,2004,34.127
per,sex_t,ocu_isco88_1,2005,16.259
per,sex_t,ocu_isco88_1,2006,6.528
per,sex_t,ocu_isco88_1,2007,5.994
per,sex_t,ocu_isco88_1,2008,6.265
per,sex_t,ocu_isco88_1,2009,7.458
per,sex_t,ocu_isco88_1,2010,4.635
per,sex_t,ocu_isco88_1,2011,8.901
per,sex_t,ocu_isco88_1,2012,6.809
per,sex_t,ocu_isco88_1,2013,5.298
per,sex_t,ocu_isco88_1,2014,6.94
per,sex_t,ocu_isco88_1,2015,4.418
per,sex_t,ocu_isco88_1,2016,5.018
per,sex_t,ocu_isco88_1,2017,4.654
per,sex_t,ocu_isco88_1,2018,3.377
per,sex_t,ocu_isco88_1,2019,3.946
per,sex_t,ocu_isco88_1,2020,3.386
per,sex_t,ocu_isco88_1,2021,5.488
per,sex_t,ocu_isco88_2,2004,538.32
per,sex_t,ocu_isco88_2,2005,290.922
per,sex_t,ocu_isco88_2,2006,274.607
per,sex_t,ocu_isco88_2,2007,291.089
per,sex_t,ocu_isco88_2,2008,299.862
per,sex_t,ocu_isco88_2,2009,290.893
per,sex_t,ocu_isco88_2,2010,286.093
per,sex_t,ocu_isco88_2,2011,282.447
per,sex_t,ocu_isco88_2,2012,231.929
per,sex_t,ocu_isco88_2,2013,215.853
per,sex_t,ocu_isco88_2,2014,210.434
per,sex_t,ocu_isco88_2,2015,178.814
per,sex_t,ocu_isco88_2,2016,172.731
per,sex_t,ocu_isco88_2,2017,193.804
per,sex_t,ocu_isco88_2,2018,210.755
per,sex_t,ocu_isco88_2,2019,241.711
per,sex_t,ocu_isco88_2,2020,123.857
per,sex_t,ocu_isco88_2,2021,179.091
per,sex_t,ocu_isco88_3,2004,522.322
per,sex_t,ocu_isco88_3,2005,399.642
per,sex_t,ocu_isco88_3,2006,403.314
per,sex_t,ocu_isco88_3,2007,421.245
per,sex_t,ocu_isco88_3,2008,424.676
per,sex_t,ocu_isco88_3,2009,419.406
per,sex_t,ocu_isco88_3,2010,452.464
per,sex_t,ocu_isco88_3,2011,427.006
per,sex_t,ocu_isco88_3,2012,390.243
per,sex_t,ocu_isco88_3,2013,350.591
per,sex_t,ocu_isco88_3,2014,306.488
per,sex_t,ocu_isco88_3,2015,303.489
per,sex_t,ocu_isco88_3,2016,334.41
per,sex_t,ocu_isco88_3,2017,342.033
per,sex_t,ocu_isco88_3,2018,365.618
per,sex_t,ocu_isco88_3,2019,345.454
per,sex_t,ocu_isco88_3,2020,250.006
per,sex_t,ocu_isco88_3,2021,298.337
per,sex_t,ocu_isco88_4,2004,377.183
per,sex_t,ocu_isco88_4,2005,224.779
per,sex_t,ocu_isco88_4,2006,217.208
per,sex_t,ocu_isco88_4,2007,213.331
per,sex_t,ocu_isco88_4,2008,261.027
per,sex_t,ocu_isco88_4,2009,236.543
per,sex_t,ocu_isco88_4,2010,224.214
per,sex_t,ocu_isco88_4,2011,232.591
per,sex_t,ocu_isco88_4,2012,277.674
per,sex_t,ocu_isco88_4,2013,255.896
per,sex_t,ocu_isco88_4,2014,229.242
per,sex_t,ocu_isco88_4,2015,224.081
per,sex_t,ocu_isco88_4,2016,245.336
per,sex_t,ocu_isco88_4,2017,235.504
per,sex_t,ocu_isco88_4,2018,235.94
per,sex_t,ocu_isco88_4,2019,246.599
per,sex_t,ocu_isco88_4,2020,140.47
per,sex_t,ocu_isco88_4,2021,197.161
per,sex_t,ocu_isco88_5,2004,1569.289
per,sex_t,ocu_isco88_5,2005,1578.256
per,sex_t,ocu_isco88_5,2006,1672.13
per,sex_t,ocu_isco88_5,2007,1722.546
per,sex_t,ocu_isco88_5,2008,1782.884
per,sex_t,ocu_isco88_5,2009,2095.928
per,sex_t,ocu_isco88_5,2010,2247.261
per,sex_t,ocu_isco88_5,2011,2206.473
per,sex_t,ocu_isco88_5,2012,2083.865
per,sex_t,ocu_isco88_5,2013,2080.857
per,sex_t,ocu_isco88_5,2014,2064.583
per,sex_t,ocu_isco88_5,2015,2067.09
per,sex_t,ocu_isco88_5,2016,2117.181
per,sex_t,ocu_isco88_5,2017,2149.197
per,sex_t,ocu_isco88_5,2018,2306.866
per,sex_t,ocu_isco88_5,2019,2299.6
per,sex_t,ocu_isco88_5,2020,1818.39
per,sex_t,ocu_isco88_5,2021,2254.83
per,sex_t,ocu_isco88_6,2004,1901.187
per,sex_t,ocu_isco88_6,2005,1893.157
per,sex_t,ocu_isco88_6,2006,1918.915
per,sex_t,ocu_isco88_6,2007,1880.616
per,sex_t,ocu_isco88_6,2008,1916.28
per,sex_t,ocu_isco88_6,2009,1885.179
per,sex_t,ocu_isco88_6,2010,1888.758
per,sex_t,ocu_isco88_6,2011,1928.068
per,sex_t,ocu_isco88_6,2012,1927.434
per,sex_t,ocu_isco88_6,2013,1922.357
per,sex_t,ocu_isco88_6,2014,1952.489
per,sex_t,ocu_isco88_6,2015,1984.138
per,sex_t,ocu_isco88_6,2016,2076.229
per,sex_t,ocu_isco88_6,2017,2074.017
per,sex_t,ocu_isco88_6,2018,2111.502
per,sex_t,ocu_isco88_6,2019,2071.897
per,sex_t,ocu_isco88_6,2020,2203.7
per,sex_t,ocu_isco88_6,2021,2172.662
per,sex_t,ocu_isco88_7,2004,991.511
per,sex_t,ocu_isco88_7,2005,980.249
per,sex_t,ocu_isco88_7,2006,963.109
per,sex_t,ocu_isco88_7,2007,1040.989
per,sex_t,ocu_isco88_7,2008,1098.791
per,sex_t,ocu_isco88_7,2009,1027.331
per,sex_t,ocu_isco88_7,2010,1081.816
per,sex_t,ocu_isco88_7,2011,1074.236
per,sex_t,ocu_isco88_7,2012,1010.513
per,sex_t,ocu_isco88_7,2013,989.009
per,sex_t,ocu_isco88_7,2014,923.08
per,sex_t,ocu_isco88_7,2015,920.725
per,sex_t,ocu_isco88_7,2016,949.204
per,sex_t,ocu_isco88_7,2017,935.25
per,sex_t,ocu_isco88_7,2018,930.161
per,sex_t,ocu_isco88_7,2019,929.393
per,sex_t,ocu_isco88_7,2020,800.411
per,sex_t,ocu_isco88_7,2021,890.013
per,sex_t,ocu_isco88_8,2004,850.482
per,sex_t,ocu_isco88_8,2005,768.466
per,sex_t,ocu_isco88_8,2006,829.011
per,sex_t,ocu_isco88_8,2007,907.876
per,sex_t,ocu_isco88_8,2008,1036.611
per,sex_t,ocu_isco88_8,2009,1027.474
per,sex_t,ocu_isco88_8,2010,1082.276
per,sex_t,ocu_isco88_8,2011,1179.254
per,sex_t,ocu_isco88_8,2012,1075.18
per,sex_t,ocu_isco88_8,2013,1113.461
per,sex_t,ocu_isco88_8,2014,1129.843
per,sex_t,ocu_isco88_8,2015,1210.599
per,sex_t,ocu_isco88_8,2016,1130.866
per,sex_t,ocu_isco88_8,2017,1194.667
per,sex_t,ocu_isco88_8,2018,1243.086
per,sex_t,ocu_isco88_8,2019,1294.697
per,sex_t,ocu_isco88_8,2020,1017.469
per,sex_t,ocu_isco88_8,2021,1195.784
per,sex_t,ocu_isco88_9,2004,5543.433
per,sex_t,ocu_isco88_9,2005,5271.065
per,sex_t,ocu_isco88_9,2006,5373.999
per,sex_t,ocu_isco88_9,2007,5247.182
per,sex_t,ocu_isco88_9,2008,5180.459
per,sex_t,ocu_isco88_9,2009,4974.667
per,sex_t,ocu_isco88_9,2010,5001.825
per,sex_t,ocu_isco88_9,2011,4851.758
per,sex_t,ocu_isco88_9,2012,4700.818
per,sex_t,ocu_isco88_9,2013,4723.441
per,sex_t,ocu_isco88_9,2014,4708.556
per,sex_t,ocu_isco88_9,2015,4767.686
per,sex_t,ocu_isco88_9,2016,4663.616
per,sex_t,ocu_isco88_9,2017,4697.913
per,sex_t,ocu_isco88_9,2018,4720.762
per,sex_t,ocu_isco88_9,2019,4855.042
per,sex_t,ocu_isco88_9,2020,4677.595
per,sex_t,ocu_isco88_9,2021,4875.594
per,sex_t,ocu_isco88_total,2004,12540.153
per,sex_t,ocu_isco88_total,2005,11499.245
per,sex_t,ocu_isco88_total,2006,11729.843
per,sex_t,ocu_isco88_total,2007,11804.675
per,sex_t,ocu_isco88_total,2008,12073.864
per,sex_t,ocu_isco88_total,2009,12032.818
per,sex_t,ocu_isco88_total,2010,12342.779
per,sex_t,ocu_isco88_total,2011,12269.981
per,sex_t,ocu_isco88_total,2012,11775.887
per,sex_t,ocu_isco88_total,2013,11708.69
per,sex_t,ocu_isco88_total,2014,11586.934
per,sex_t,ocu_isco88_total,2015,11717.357
per,sex_t,ocu_isco88_total,2016,11776.864
per,sex_t,ocu_isco88_total,2017,11896.245
per,sex_t,ocu_isco88_total,2018,12178.82
per,sex_t,ocu_isco88_total,2019,12338.721
per,sex_t,ocu_isco88_total,2020,11038.018
per,sex_t,ocu_isco88_total,2021,12146.343
per,sex_t,ocu_isco88_x,2004,153.148
per,sex_t,ocu_isco88_x,2005,64.653
per,sex_t,ocu_isco88_x,2006,67.004
per,sex_t,ocu_isco88_x,2007,67.745
per,sex_t,ocu_isco88_x,2008,65.189
per,sex_t,ocu_isco88_x,2009,64.044
per,sex_t,ocu_isco88_x,2010,70.356
per,sex_t,ocu_isco88_x,2011,71.33
per,sex_t,ocu_isco88_x,2012,66.88
per,sex_t,ocu_isco88_x,2013,46.009
per,sex_t,ocu_isco88_x,2014,51.422
per,sex_t,ocu_isco88_x,2015,50.212
per,sex_t,ocu_isco88_x,2016,77.607
per,sex_t,ocu_isco88_x,2017,63.115
per,sex_t,ocu_isco88_x,2018,50.184
per,sex_t,ocu_isco88_x,2019,48.884
per,sex_t,ocu_isco88_x,2021,74.29
per,sex_t,ocu_skill_l1,2004,5543.433
per,sex_t,ocu_skill_l1,2005,5271.065
per,sex_t,ocu_skill_l1,2006,5373.999
per,sex_t,ocu_skill_l1,2007,5247.182
per,sex_t,ocu_skill_l1,2008,5180.459
per,sex_t,ocu_skill_l1,2009,4974.667
per,sex_t,ocu_skill_l1,2010,5001.825
per,sex_t,ocu_skill_l1,2011,4851.758
per,sex_t,ocu_skill_l1,2012,4700.818
per,sex_t,ocu_skill_l1,2013,4723.441
per,sex_t,ocu_skill_l1,2014,4708.556
per,sex_t,ocu_skill_l1,2015,4767.686
per,sex_t,ocu_skill_l1,2016,4663.616
per,sex_t,ocu_skill_l1,2017,4697.913
per,sex_t,ocu_skill_l1,2018,4720.762
per,sex_t,ocu_skill_l1,2019,4855.042
per,sex_t,ocu_skill_l1,2020,4677.595
per,sex_t,ocu_skill_l1,2021,4875.594
per,sex_t,ocu_skill_l1,2022,5087.963
per,sex_t,ocu_skill_l1,2023,4934.755
per,sex_t,ocu_skill_l1,2024,4794.107
per,sex_t,ocu_skill_l2,2004,5689.652
per,sex_t,ocu_skill_l2,2005,5444.907
per,sex_t,ocu_skill_l2,2006,5600.373
per,sex_t,ocu_skill_l2,2007,5765.359
per,sex_t,ocu_skill_l2,2008,6095.594
per,sex_t,ocu_skill_l2,2009,6272.456
per,sex_t,ocu_skill_l2,2010,6524.326
per,sex_t,ocu_skill_l2,2011,6620.621
per,sex_t,ocu_skill_l2,2012,6374.666
per,sex_t,ocu_skill_l2,2013,6361.58
per,sex_t,ocu_skill_l2,2014,6299.236
per,sex_t,ocu_skill_l2,2015,6406.634
per,sex_t,ocu_skill_l2,2016,6518.816
per,sex_t,ocu_skill_l2,2017,6588.635
per,sex_t,ocu_skill_l2,2018,6827.554
per,sex_t,ocu_skill_l2,2019,6842.186
per,sex_t,ocu_skill_l2,2020,5980.44
per,sex_t,ocu_skill_l2,2021,6710.451
per,sex_t,ocu_skill_l2,2022,7348.039
per,sex_t,ocu_skill_l2,2023,7462.642
per,sex_t,ocu_skill_l2,2024,7077.576
per,sex_t,ocu_skill_l3_4,2004,1094.769
per,sex_t,ocu_skill_l3_4,2005,706.822
per,sex_t,ocu_skill_l3_4,2006,684.45
per,sex_t,ocu_skill_l3_4,2007,718.329
per,sex_t,ocu_skill_l3_4,2008,730.804
per,sex_t,ocu_skill_l3_4,2009,717.757
per,sex_t,ocu_skill_l3_4,2010,743.192
per,sex_t,ocu_skill_l3_4,2011,718.354
per,sex_t,ocu_skill_l3_4,2012,628.98
per,sex_t,ocu_skill_l3_4,2013,571.742
per,sex_t,ocu_skill_l3_4,2014,523.861
per,sex_t,ocu_skill_l3_4,2015,486.721
per,sex_t,ocu_skill_l3_4,2016,512.158
per,sex_t,ocu_skill_l3_4,2017,540.492
per,sex_t,ocu_skill_l3_4,2018,579.751
per,sex_t,ocu_skill_l3_4,2019,591.11
per,sex_t,ocu_skill_l3_4,2020,377.249
per,sex_t,ocu_skill_l3_4,2021,482.916
per,sex_t,ocu_skill_l3_4,2022,735.41
per,sex_t,ocu_skill_l3_4,2023,1098.035
per,sex_t,ocu_skill_l3_4,2024,757.74
per,sex_t,ocu_skill_total,2004,12540.153
per,sex_t,ocu_skill_total,2005,11499.245
per,sex_t,ocu_skill_total,2006,11729.843
per,sex_t,ocu_skill_total,2007,11804.675
per,sex_t,ocu_skill_total,2008,12073.864
per,sex_t,ocu_skill_total,2009,12032.818
per,sex_t,ocu_skill_total,2010,12342.779
per,sex_t,ocu_skill_total,2011,12269.981
per,sex_t,ocu_skill_total,2012,11775.887
per,sex_t,ocu_skill_total,2013,11708.69
per,sex_t,ocu_skill_total,2014,11586.934
per,sex_t,ocu_skill_total,2015,11717.357
per,sex_t,ocu_skill_total,2016,11776.864
per,sex_t,ocu_skill_total,2017,11896.245
per,sex_t,ocu_skill_total,2018,12178.82
per,sex_t,ocu_skill_total,2019,12338.721
per,sex_t,ocu_skill_total,2020,11038.018
per,sex_t,ocu_skill_total,2021,12146.343
per,sex_t,ocu_skill_total,2022,13264.662
per,sex_t,ocu_skill_total,2023,13616.082
per,sex_t,ocu_skill_total,2024,12752.495
per,sex_t,ocu_skill_x,2004,212.299
per,sex_t,ocu_skill_x,2005,76.451
per,sex_t,ocu_skill_x,2006,71.022
per,sex_t,ocu_skill_x,2007,73.806
per,sex_t,ocu_skill_x,2008,67.008
per,sex_t,ocu_skill_x,2009,67.939
per,sex_t,ocu_skill_x,2010,73.438
per,sex_t,ocu_skill_x,2011,79.248
per,sex_t,ocu_skill_x,2012,71.423
per,sex_t,ocu_skill_x,2013,51.926
per,sex_t,ocu_skill_x,2014,55.281
per,sex_t,ocu_skill_x,2015,56.315
per,sex_t,ocu_skill_x,2016,82.274
per,sex_t,ocu_skill_x,2017,69.205
per,sex_t,ocu_skill_x,2018,50.753
per,sex_t,ocu_skill_x,2019,50.384
per,sex_t,ocu_skill_x,2021,77.382
per,sex_t,ocu_skill_x,2022,93.25
per,sex_t,ocu_skill_x,2023,120.65
per,sex_t,ocu_skill_x,2024,123.073
pol,sex_f,ocu_isco08_1,2011,14.184
pol,sex_f,ocu_isco08_1,2012,8.025
pol,sex_f,ocu_isco08_1,2013,7.97
pol,sex_f,ocu_isco08_1,2014,11.939
pol,sex_f,ocu_isco08_1,2015,8.164
pol,sex_f,ocu_isco08_1,2016,15.507
pol,sex_f,ocu_isco08_1,2017,15.402
pol,sex_f,ocu_isco08_1,2018,16.755
pol,sex_f,ocu_isco08_1,2019,8.19
pol,sex_f,ocu_isco08_1,2020,8.804
pol,sex_f,ocu_isco08_1,2021,6.42
pol,sex_f,ocu_isco08_1,2022,8.033
pol,sex_f,ocu_isco08_1,2023,9.776
pol,sex_f,ocu_isco08_2,2011,52.671
pol,sex_f,ocu_isco08_2,2012,45.759
pol,sex_f,ocu_isco08_2,2013,53.76
pol,sex_f,ocu_isco08_2,2014,42.428
pol,sex_f,ocu_isco08_2,2015,40.542
pol,sex_f,ocu_isco08_2,2016,42.868
pol,sex_f,ocu_isco08_2,2017,26.742
pol,sex_f,ocu_isco08_2,2018,31.503
pol,sex_f,ocu_isco08_2,2019,27.35
pol,sex_f,ocu_isco08_2,2020,29.632
pol,sex_f,ocu_isco08_2,2021,53.055
pol,sex_f,ocu_isco08_2,2022,42.698
pol,sex_f,ocu_isco08_2,2023,48.601
pol,sex_f,ocu_isco08_3,2011,41.278
pol,sex_f,ocu_isco08_3,2012,53.7
pol,sex_f,ocu_isco08_3,2013,47.832
pol,sex_f,ocu_isco08_3,2014,42.433
pol,sex_f,ocu_isco08_3,2015,28.563
pol,sex_f,ocu_isco08_3,2016,43.17
pol,sex_f,ocu_isco08_3,2017,32.62
pol,sex_f,ocu_isco08_3,2018,37.581
pol,sex_f,ocu_isco08_3,2019,29.307
pol,sex_f,ocu_isco08_3,2020,32.321
pol,sex_f,ocu_isco08_3,2021,28.455
pol,sex_f,ocu_isco08_3,2022,45.811
pol,sex_f,ocu_isco08_3,2023,27.509
pol,sex_f,ocu_isco08_4,2011,71.597
pol,sex_f,ocu_isco08_4,2012,81.519
pol,sex_f,ocu_isco08_4,2013,59.192
pol,sex_f,ocu_isco08_4,2014,57.114
pol,sex_f,ocu_isco08_4,2015,49.827
pol,sex_f,ocu_isco08_4,2016,54.496
pol,sex_f,ocu_isco08_4,2017,43.921
pol,sex_f,ocu_isco08_4,2018,50.752
pol,sex_f,ocu_isco08_4,2019,27.711
pol,sex_f,ocu_isco08_4,2020,40.951
pol,sex_f,ocu_isco08_4,2021,43.612
pol,sex_f,ocu_isco08_4,2022,29.648
pol,sex_f,ocu_isco08_4,2023,26.466
pol,sex_f,ocu_isco08_5,2011,227.409
pol,sex_f,ocu_isco08_5,2012,231.933
pol,sex_f,ocu_isco08_5,2013,193.016
pol,sex_f,ocu_isco08_5,2014,186.938
pol,sex_f,ocu_isco08_5,2015,184.965
pol,sex_f,ocu_isco08_5,2016,195.309
pol,sex_f,ocu_isco08_5,2017,160.434
pol,sex_f,ocu_isco08_5,2018,157.906
pol,sex_f,ocu_isco08_5,2019,159.358
pol,sex_f,ocu_isco08_5,2020,166.273
pol,sex_f,ocu_isco08_5,2021,206.852
pol,sex_f,ocu_isco08_5,2022,154.801
pol,sex_f,ocu_isco08_5,2023,159.232
pol,sex_f,ocu_isco08_6,2011,616.282
pol,sex_f,ocu_isco08_6,2012,612.038
pol,sex_f,ocu_isco08_6,2013,596.741
pol,sex_f,ocu_isco08_6,2014,623.541
pol,sex_f,ocu_isco08_6,2015,548.125
pol,sex_f,ocu_isco08_6,2016,513.979
pol,sex_f,ocu_isco08_6,2017,527.83
pol,sex_f,ocu_isco08_6,2018,450.868
pol,sex_f,ocu_isco08_6,2019,425.471
pol,sex_f,ocu_isco08_6,2020,450.257
pol,sex_f,ocu_isco08_6,2021,443.138
pol,sex_f,ocu_isco08_6,2022,413.535
pol,sex_f,ocu_isco08_6,2023,232.472
pol,sex_f,ocu_isco08_7,2011,33.781
pol,sex_f,ocu_isco08_7,2012,27.748
pol,sex_f,ocu_isco08_7,2013,25.586
pol,sex_f,ocu_isco08_7,2014,44.904
pol,sex_f,ocu_isco08_7,2015,37.304
pol,sex_f,ocu_isco08_7,2016,28.288
pol,sex_f,ocu_isco08_7,2017,16.905
pol,sex_f,ocu_isco08_7,2018,25.63
pol,sex_f,ocu_isco08_7,2019,22.868
pol,sex_f,ocu_isco08_7,2020,14.933
pol,sex_f,ocu_isco08_7,2021,17.719
pol,sex_f,ocu_isco08_7,2022,17.904
pol,sex_f,ocu_isco08_7,2023,7.139
pol,sex_f,ocu_isco08_8,2011,17.507
pol,sex_f,ocu_isco08_8,2012,14.136
pol,sex_f,ocu_isco08_8,2013,6.246
pol,sex_f,ocu_isco08_8,2014,16.523
pol,sex_f,ocu_isco08_8,2015,13.387
pol,sex_f,ocu_isco08_8,2016,22.184
pol,sex_f,ocu_isco08_8,2017,15.157
pol,sex_f,ocu_isco08_8,2018,8.296
pol,sex_f,ocu_isco08_8,2019,12.564
pol,sex_f,ocu_isco08_8,2020,13.203
pol,sex_f,ocu_isco08_8,2021,12.767
pol,sex_f,ocu_isco08_8,2022,6.479
pol,sex_f,ocu_isco08_9,2011,82.623
pol,sex_f,ocu_isco08_9,2012,119.023
pol,sex_f,ocu_isco08_9,2013,145.524
pol,sex_f,ocu_isco08_9,2014,140.218
pol,sex_f,ocu_isco08_9,2015,125.069
pol,sex_f,ocu_isco08_9,2016,122.786
pol,sex_f,ocu_isco08_9,2017,57.805
pol,sex_f,ocu_isco08_9,2018,63.222
pol,sex_f,ocu_isco08_9,2019,54.595
pol,sex_f,ocu_isco08_9,2020,49.83
pol,sex_f,ocu_isco08_9,2021,40.94
pol,sex_f,ocu_isco08_9,2022,57.38
pol,sex_f,ocu_isco08_9,2023,36.833
pol,sex_f,ocu_isco08_total,2011,1158.735
pol,sex_f,ocu_isco08_total,2012,1195.612
pol,sex_f,ocu_isco08_total,2013,1138.388
pol,sex_f,ocu_isco08_total,2014,1166.038
pol,sex_f,ocu_isco08_total,2015,1037.345
pol,sex_f,ocu_isco08_total,2016,1040.762
pol,sex_f,ocu_isco08_total,2017,897.96
pol,sex_f,ocu_isco08_total,2018,846.359
pol,sex_f,ocu_isco08_total,2019,768.8
pol,sex_f,ocu_isco08_total,2020,814.937
pol,sex_f,ocu_isco08_total,2021,856.628
pol,sex_f,ocu_isco08_total,2022,777.13
pol,sex_f,ocu_isco08_total,2023,557.435
pol,sex_f,ocu_isco08_x,2023,4.032
pol,sex_f,ocu_isco88_1,2007,15.966
pol,sex_f,ocu_isco88_1,2008,16.188
pol,sex_f,ocu_isco88_1,2009,14.594
pol,sex_f,ocu_isco88_1,2010,21.287
pol,sex_f,ocu_isco88_2,2007,68.456
pol,sex_f,ocu_isco88_2,2008,67.694
pol,sex_f,ocu_isco88_2,2009,74.863
pol,sex_f,ocu_isco88_2,2010,52.318
pol,sex_f,ocu_isco88_3,2007,91.338
pol,sex_f,ocu_isco88_3,2008,79.635
pol,sex_f,ocu_isco88_3,2009,66.721
pol,sex_f,ocu_isco88_3,2010,56.969
pol,sex_f,ocu_isco88_4,2007,111.18
pol,sex_f,ocu_isco88_4,2008,97.276
pol,sex_f,ocu_isco88_4,2009,84.129
pol,sex_f,ocu_isco88_4,2010,75.923
pol,sex_f,ocu_isco88_5,2007,293.889
pol,sex_f,ocu_isco88_5,2008,235.694
pol,sex_f,ocu_isco88_5,2009,196.038
pol,sex_f,ocu_isco88_5,2010,183.335
pol,sex_f,ocu_isco88_6,2007,402.317
pol,sex_f,ocu_isco88_6,2008,434.386
pol,sex_f,ocu_isco88_6,2009,642.687
pol,sex_f,ocu_isco88_6,2010,634.425
pol,sex_f,ocu_isco88_7,2007,84.464
pol,sex_f,ocu_isco88_7,2008,63.894
pol,sex_f,ocu_isco88_7,2009,46.18
pol,sex_f,ocu_isco88_7,2010,38.788
pol,sex_f,ocu_isco88_8,2007,56.839
pol,sex_f,ocu_isco88_8,2008,30.972
pol,sex_f,ocu_isco88_8,2009,14.35
pol,sex_f,ocu_isco88_8,2010,19.411
pol,sex_f,ocu_isco88_9,2007,168.385
pol,sex_f,ocu_isco88_9,2008,156.315
pol,sex_f,ocu_isco88_9,2009,105.111
pol,sex_f,ocu_isco88_9,2010,104.737
pol,sex_f,ocu_isco88_total,2007,1294.22
pol,sex_f,ocu_isco88_total,2008,1188.124
pol,sex_f,ocu_isco88_total,2009,1244.674
pol,sex_f,ocu_isco88_total,2010,1188.303
pol,sex_f,ocu_skill_l1,2007,168.385
pol,sex_f,ocu_skill_l1,2008,156.315
pol,sex_f,ocu_skill_l1,2009,105.111
pol,sex_f,ocu_skill_l1,2010,104.737
pol,sex_f,ocu_skill_l1,2011,82.623
pol,sex_f,ocu_skill_l1,2012,119.023
pol,sex_f,ocu_skill_l1,2013,145.524
pol,sex_f,ocu_skill_l1,2014,140.218
pol,sex_f,ocu_skill_l1,2015,125.069
pol,sex_f,ocu_skill_l1,2016,122.786
pol,sex_f,ocu_skill_l1,2017,57.805
pol,sex_f,ocu_skill_l1,2018,63.222
pol,sex_f,ocu_skill_l1,2019,54.595
pol,sex_f,ocu_skill_l1,2020,49.83
pol,sex_f,ocu_skill_l1,2021,40.94
pol,sex_f,ocu_skill_l1,2022,57.38
pol,sex_f,ocu_skill_l1,2023,36.833
pol,sex_f,ocu_skill_l2,2007,948.689
pol,sex_f,ocu_skill_l2,2008,862.222
pol,sex_f,ocu_skill_l2,2009,983.385
pol,sex_f,ocu_skill_l2,2010,951.881
pol,sex_f,ocu_skill_l2,2011,966.577
pol,sex_f,ocu_skill_l2,2012,967.373
pol,sex_f,ocu_skill_l2,2013,880.781
pol,sex_f,ocu_skill_l2,2014,929.02
pol,sex_f,ocu_skill_l2,2015,833.608
pol,sex_f,ocu_skill_l2,2016,814.256
pol,sex_f,ocu_skill_l2,2017,764.246
pol,sex_f,ocu_skill_l2,2018,693.452
pol,sex_f,ocu_skill_l2,2019,647.971
pol,sex_f,ocu_skill_l2,2020,685.618
pol,sex_f,ocu_skill_l2,2021,724.088
pol,sex_f,ocu_skill_l2,2022,622.367
pol,sex_f,ocu_skill_l2,2023,427.592
pol,sex_f,ocu_skill_l3_4,2007,175.76
pol,sex_f,ocu_skill_l3_4,2008,163.517
pol,sex_f,ocu_skill_l3_4,2009,156.178
pol,sex_f,ocu_skill_l3_4,2010,130.574
pol,sex_f,ocu_skill_l3_4,2011,108.133
pol,sex_f,ocu_skill_l3_4,2012,107.484
pol,sex_f,ocu_skill_l3_4,2013,109.562
pol,sex_f,ocu_skill_l3_4,2014,96.8
pol,sex_f,ocu_skill_l3_4,2015,77.269
pol,sex_f,ocu_skill_l3_4,2016,101.545
pol,sex_f,ocu_skill_l3_4,2017,74.764
pol,sex_f,ocu_skill_l3_4,2018,85.839
pol,sex_f,ocu_skill_l3_4,2019,64.848
pol,sex_f,ocu_skill_l3_4,2020,70.757
pol,sex_f,ocu_skill_l3_4,2021,87.93
pol,sex_f,ocu_skill_l3_4,2022,96.542
pol,sex_f,ocu_skill_l3_4,2023,85.886
pol,sex_f,ocu_skill_total,2007,1294.22
pol,sex_f,ocu_skill_total,2008,1188.124
pol,sex_f,ocu_skill_total,2009,1244.674
pol,sex_f,ocu_skill_total,2010,1188.303
pol,sex_f,ocu_skill_total,2011,1158.735
pol,sex_f,ocu_skill_total,2012,1195.612
pol,sex_f,ocu_skill_total,2013,1138.388
pol,sex_f,ocu_skill_total,2014,1166.038
pol,sex_f,ocu_skill_total,2015,1037.345
pol,sex_f,ocu_skill_total,2016,1040.762
pol,sex_f,ocu_skill_total,2017,897.96
pol,sex_f,ocu_skill_total,2018,846.359
pol,sex_f,ocu_skill_total,2019,768.8
pol,sex_f,ocu_skill_total,2020,814.937
pol,sex_f,ocu_skill_total,2021,856.628
pol,sex_f,ocu_skill_total,2022,777.13
pol,sex_f,ocu_skill_total,2023,557.435
pol,sex_f,ocu_skill_x,2021,3.671
pol,sex_f,ocu_skill_x,2023,7.125
pol,sex_m,ocu_isco08_0,2012,6.975
pol,sex_m,ocu_isco08_0,2013,3.416
pol,sex_m,ocu_isco08_0,2014,6.932
pol,sex_m,ocu_isco08_0,2015,11.348
pol,sex_m,ocu_isco08_0,2017,5.314
pol,sex_m,ocu_isco08_0,2018,10.407
pol,sex_m,ocu_isco08_0,2019,4.584
pol,sex_m,ocu_isco08_0,2020,6.809
pol,sex_m,ocu_isco08_0,2021,15.147
pol,sex_m,ocu_isco08_0,2022,5.176
pol,sex_m,ocu_isco08_0,2023,9.093
pol,sex_m,ocu_isco08_1,2011,16.503
pol,sex_m,ocu_isco08_1,2012,13.863
pol,sex_m,ocu_isco08_1,2013,10.459
pol,sex_m,ocu_isco08_1,2014,9.092
pol,sex_m,ocu_isco08_1,2015,3.176
pol,sex_m,ocu_isco08_1,2016,11.539
pol,sex_m,ocu_isco08_1,2017,5.356
pol,sex_m,ocu_isco08_1,2018,7.499
pol,sex_m,ocu_isco08_1,2019,6.198
pol,sex_m,ocu_isco08_1,2021,12.536
pol,sex_m,ocu_isco08_1,2022,14.738
pol,sex_m,ocu_isco08_1,2023,17.739
pol,sex_m,ocu_isco08_2,2011,31.942
pol,sex_m,ocu_isco08_2,2012,36.302
pol,sex_m,ocu_isco08_2,2013,20.938
pol,sex_m,ocu_isco08_2,2014,29.956
pol,sex_m,ocu_isco08_2,2015,33.087
pol,sex_m,ocu_isco08_2,2016,48.383
pol,sex_m,ocu_isco08_2,2017,18.413
pol,sex_m,ocu_isco08_2,2018,34.249
pol,sex_m,ocu_isco08_2,2019,16.995
pol,sex_m,ocu_isco08_2,2020,20.479
pol,sex_m,ocu_isco08_2,2021,32.47
pol,sex_m,ocu_isco08_2,2022,27.047
pol,sex_m,ocu_isco08_2,2023,17.039
pol,sex_m,ocu_isco08_3,2011,26.592
pol,sex_m,ocu_isco08_3,2012,35.799
pol,sex_m,ocu_isco08_3,2013,30.879
pol,sex_m,ocu_isco08_3,2014,36.399
pol,sex_m,ocu_isco08_3,2015,22.028
pol,sex_m,ocu_isco08_3,2016,19.328
pol,sex_m,ocu_isco08_3,2017,22.731
pol,sex_m,ocu_isco08_3,2018,16.249
pol,sex_m,ocu_isco08_3,2019,15.889
pol,sex_m,ocu_isco08_3,2020,6.416
pol,sex_m,ocu_isco08_3,2021,38.154
pol,sex_m,ocu_isco08_3,2022,23.834
pol,sex_m,ocu_isco08_3,2023,19.169
pol,sex_m,ocu_isco08_4,2011,19.53
pol,sex_m,ocu_isco08_4,2012,13.47
pol,sex_m,ocu_isco08_4,2013,27.381
pol,sex_m,ocu_isco08_4,2014,28.11
pol,sex_m,ocu_isco08_4,2015,31.955
pol,sex_m,ocu_isco08_4,2016,32.522
pol,sex_m,ocu_isco08_4,2017,19.142
pol,sex_m,ocu_isco08_4,2018,21.594
pol,sex_m,ocu_isco08_4,2019,14.72
pol,sex_m,ocu_isco08_4,2020,20.505
pol,sex_m,ocu_isco08_4,2021,20.453
pol,sex_m,ocu_isco08_4,2022,13.59
pol,sex_m,ocu_isco08_4,2023,12.698
pol,sex_m,ocu_isco08_5,2011,71.457
pol,sex_m,ocu_isco08_5,2012,68.253
pol,sex_m,ocu_isco08_5,2013,59.557
pol,sex_m,ocu_isco08_5,2014,54.161
pol,sex_m,ocu_isco08_5,2015,70.032
pol,sex_m,ocu_isco08_5,2016,54.015
pol,sex_m,ocu_isco08_5,2017,57.586
pol,sex_m,ocu_isco08_5,2018,41.448
pol,sex_m,ocu_isco08_5,2019,25.74
pol,sex_m,ocu_isco08_5,2020,34.439
pol,sex_m,ocu_isco08_5,2021,72.218
pol,sex_m,ocu_isco08_5,2022,29.933
pol,sex_m,ocu_isco08_5,2023,41.336
pol,sex_m,ocu_isco08_6,2011,283.849
pol,sex_m,ocu_isco08_6,2012,267.135
pol,sex_m,ocu_isco08_6,2013,243.857
pol,sex_m,ocu_isco08_6,2014,272.024
pol,sex_m,ocu_isco08_6,2015,277.583
pol,sex_m,ocu_isco08_6,2016,269.973
pol,sex_m,ocu_isco08_6,2017,265.305
pol,sex_m,ocu_isco08_6,2018,239.754
pol,sex_m,ocu_isco08_6,2019,189.6
pol,sex_m,ocu_isco08_6,2020,240.021
pol,sex_m,ocu_isco08_6,2021,267.99
pol,sex_m,ocu_isco08_6,2022,283.525
pol,sex_m,ocu_isco08_6,2023,154.844
pol,sex_m,ocu_isco08_7,2011,249.512
pol,sex_m,ocu_isco08_7,2012,273.54
pol,sex_m,ocu_isco08_7,2013,246.292
pol,sex_m,ocu_isco08_7,2014,277.265
pol,sex_m,ocu_isco08_7,2015,232.443
pol,sex_m,ocu_isco08_7,2016,194.983
pol,sex_m,ocu_isco08_7,2017,130.373
pol,sex_m,ocu_isco08_7,2018,125.317
pol,sex_m,ocu_isco08_7,2019,86.974
pol,sex_m,ocu_isco08_7,2020,77.846
pol,sex_m,ocu_isco08_7,2021,100.833
pol,sex_m,ocu_isco08_7,2022,103.658
pol,sex_m,ocu_isco08_7,2023,76.738
pol,sex_m,ocu_isco08_8,2011,119.765
pol,sex_m,ocu_isco08_8,2012,98.023
pol,sex_m,ocu_isco08_8,2013,89.507
pol,sex_m,ocu_isco08_8,2014,88.521
pol,sex_m,ocu_isco08_8,2015,86.79
pol,sex_m,ocu_isco08_8,2016,69.077
pol,sex_m,ocu_isco08_8,2017,40.193
pol,sex_m,ocu_isco08_8,2018,47.472
pol,sex_m,ocu_isco08_8,2019,32.664
pol,sex_m,ocu_isco08_8,2020,33.309
pol,sex_m,ocu_isco08_8,2021,68.028
pol,sex_m,ocu_isco08_8,2022,35.297
pol,sex_m,ocu_isco08_8,2023,35.175
pol,sex_m,ocu_isco08_9,2011,100.824
pol,sex_m,ocu_isco08_9,2012,122.879
pol,sex_m,ocu_isco08_9,2013,121.684
pol,sex_m,ocu_isco08_9,2014,129.322
pol,sex_m,ocu_isco08_9,2015,104.705
pol,sex_m,ocu_isco08_9,2016,107.605
pol,sex_m,ocu_isco08_9,2017,76.278
pol,sex_m,ocu_isco08_9,2018,79.451
pol,sex_m,ocu_isco08_9,2019,57.698
pol,sex_m,ocu_isco08_9,2020,49.43
pol,sex_m,ocu_isco08_9,2021,40.234
pol,sex_m,ocu_isco08_9,2022,41.052
pol,sex_m,ocu_isco08_9,2023,35.073
pol,sex_m,ocu_isco08_total,2011,923.058
pol,sex_m,ocu_isco08_total,2012,938.11
pol,sex_m,ocu_isco08_total,2013,853.968
pol,sex_m,ocu_isco08_total,2014,933.731
pol,sex_m,ocu_isco08_total,2015,875.718
pol,sex_m,ocu_isco08_total,2016,812.998
pol,sex_m,ocu_isco08_total,2017,640.69
pol,sex_m,ocu_isco08_total,2018,623.738
pol,sex_m,ocu_isco08_total,2019,451.063
pol,sex_m,ocu_isco08_total,2020,492.316
pol,sex_m,ocu_isco08_total,2021,669.76
pol,sex_m,ocu_isco08_total,2022,577.849
pol,sex_m,ocu_isco08_total,2023,422.796
pol,sex_m,ocu_isco08_x,2023,3.891
pol,sex_m,ocu_isco88_0,2009,11.039
pol,sex_m,ocu_isco88_0,2010,8.669
pol,sex_m,ocu_isco88_1,2007,17.834
pol,sex_m,ocu_isco88_1,2008,33.628
pol,sex_m,ocu_isco88_1,2009,15.61
pol,sex_m,ocu_isco88_1,2010,13.379
pol,sex_m,ocu_isco88_2,2007,51.661
pol,sex_m,ocu_isco88_2,2008,50.014
pol,sex_m,ocu_isco88_2,2009,33.439
pol,sex_m,ocu_isco88_2,2010,24.667
pol,sex_m,ocu_isco88_3,2007,72.991
pol,sex_m,ocu_isco88_3,2008,74.071
pol,sex_m,ocu_isco88_3,2009,57.341
pol,sex_m,ocu_isco88_3,2010,46.308
pol,sex_m,ocu_isco88_4,2007,58.85
pol,sex_m,ocu_isco88_4,2008,39.036
pol,sex_m,ocu_isco88_4,2009,29.677
pol,sex_m,ocu_isco88_4,2010,29.367
pol,sex_m,ocu_isco88_5,2007,142.457
pol,sex_m,ocu_isco88_5,2008,104.912
pol,sex_m,ocu_isco88_5,2009,65.739
pol,sex_m,ocu_isco88_5,2010,67.862
pol,sex_m,ocu_isco88_6,2007,254.886
pol,sex_m,ocu_isco88_6,2008,259.137
pol,sex_m,ocu_isco88_6,2009,337.398
pol,sex_m,ocu_isco88_6,2010,337.371
pol,sex_m,ocu_isco88_7,2007,455.382
pol,sex_m,ocu_isco88_7,2008,393.907
pol,sex_m,ocu_isco88_7,2009,244.331
pol,sex_m,ocu_isco88_7,2010,219.987
pol,sex_m,ocu_isco88_8,2007,216.935
pol,sex_m,ocu_isco88_8,2008,176.032
pol,sex_m,ocu_isco88_8,2009,96.17
pol,sex_m,ocu_isco88_8,2010,101.04
pol,sex_m,ocu_isco88_9,2007,239.87
pol,sex_m,ocu_isco88_9,2008,160.714
pol,sex_m,ocu_isco88_9,2009,131.501
pol,sex_m,ocu_isco88_9,2010,118.182
pol,sex_m,ocu_isco88_total,2007,1519.289
pol,sex_m,ocu_isco88_total,2008,1301.967
pol,sex_m,ocu_isco88_total,2009,1022.244
pol,sex_m,ocu_isco88_total,2010,966.831
pol,sex_m,ocu_isco88_x,2007,4.664
pol,sex_m,ocu_isco88_x,2008,7.835
pol,sex_m,ocu_skill_l1,2007,239.87
pol,sex_m,ocu_skill_l1,2008,160.714
pol,sex_m,ocu_skill_l1,2009,131.501
pol,sex_m,ocu_skill_l1,2010,118.182
pol,sex_m,ocu_skill_l1,2011,100.824
pol,sex_m,ocu_skill_l1,2012,122.879
pol,sex_m,ocu_skill_l1,2013,121.684
pol,sex_m,ocu_skill_l1,2014,129.322
pol,sex_m,ocu_skill_l1,2015,104.705
pol,sex_m,ocu_skill_l1,2016,107.605
pol,sex_m,ocu_skill_l1,2017,76.278
pol,sex_m,ocu_skill_l1,2018,79.451
pol,sex_m,ocu_skill_l1,2019,57.698
pol,sex_m,ocu_skill_l1,2020,49.43
pol,sex_m,ocu_skill_l1,2021,40.234
pol,sex_m,ocu_skill_l1,2022,41.052
pol,sex_m,ocu_skill_l1,2023,35.073
pol,sex_m,ocu_skill_l2,2007,1128.51
pol,sex_m,ocu_skill_l2,2008,973.024
pol,sex_m,ocu_skill_l2,2009,773.314
pol,sex_m,ocu_skill_l2,2010,755.626
pol,sex_m,ocu_skill_l2,2011,744.112
pol,sex_m,ocu_skill_l2,2012,720.421
pol,sex_m,ocu_skill_l2,2013,666.592
pol,sex_m,ocu_skill_l2,2014,720.081
pol,sex_m,ocu_skill_l2,2015,698.803
pol,sex_m,ocu_skill_l2,2016,620.569
pol,sex_m,ocu_skill_l2,2017,512.599
pol,sex_m,ocu_skill_l2,2018,475.585
pol,sex_m,ocu_skill_l2,2019,349.699
pol,sex_m,ocu_skill_l2,2020,406.121
pol,sex_m,ocu_skill_l2,2021,529.521
pol,sex_m,ocu_skill_l2,2022,466.003
pol,sex_m,ocu_skill_l2,2023,320.792
pol,sex_m,ocu_skill_l3_4,2007,142.486
pol,sex_m,ocu_skill_l3_4,2008,157.714
pol,sex_m,ocu_skill_l3_4,2009,106.39
pol,sex_m,ocu_skill_l3_4,2010,84.354
pol,sex_m,ocu_skill_l3_4,2011,75.036
pol,sex_m,ocu_skill_l3_4,2012,85.963
pol,sex_m,ocu_skill_l3_4,2013,62.276
pol,sex_m,ocu_skill_l3_4,2014,75.447
pol,sex_m,ocu_skill_l3_4,2015,58.291
pol,sex_m,ocu_skill_l3_4,2016,79.25
pol,sex_m,ocu_skill_l3_4,2017,46.5
pol,sex_m,ocu_skill_l3_4,2018,57.997
pol,sex_m,ocu_skill_l3_4,2019,39.083
pol,sex_m,ocu_skill_l3_4,2020,27.7
pol,sex_m,ocu_skill_l3_4,2021,83.159
pol,sex_m,ocu_skill_l3_4,2022,65.619
pol,sex_m,ocu_skill_l3_4,2023,53.947
pol,sex_m,ocu_skill_total,2007,1519.289
pol,sex_m,ocu_skill_total,2008,1301.967
pol,sex_m,ocu_skill_total,2009,1022.244
pol,sex_m,ocu_skill_total,2010,966.831
pol,sex_m,ocu_skill_total,2011,923.058
pol,sex_m,ocu_skill_total,2012,938.11
pol,sex_m,ocu_skill_total,2013,853.968
pol,sex_m,ocu_skill_total,2014,933.731
pol,sex_m,ocu_skill_total,2015,875.718
pol,sex_m,ocu_skill_total,2016,812.998
pol,sex_m,ocu_skill_total,2017,640.69
pol,sex_m,ocu_skill_total,2018,623.738
pol,sex_m,ocu_skill_total,2019,451.063
pol,sex_m,ocu_skill_total,2020,492.316
pol,sex_m,ocu_skill_total,2021,669.76
pol,sex_m,ocu_skill_total,2022,577.849
pol,sex_m,ocu_skill_total,2023,422.796
pol,sex_m,ocu_skill_x,2007,8.424
pol,sex_m,ocu_skill_x,2008,10.515
pol,sex_m,ocu_skill_x,2009,11.039
pol,sex_m,ocu_skill_x,2010,8.669
pol,sex_m,ocu_skill_x,2012,8.846
pol,sex_m,ocu_skill_x,2013,3.416
pol,sex_m,ocu_skill_x,2014,8.882
pol,sex_m,ocu_skill_x,2015,13.92
pol,sex_m,ocu_skill_x,2016,5.574
pol,sex_m,ocu_skill_x,2017,5.314
pol,sex_m,ocu_skill_x,2018,10.705
pol,sex_m,ocu_skill_x,2019,4.584
pol,sex_m,ocu_skill_x,2020,9.065
pol,sex_m,ocu_skill_x,2021,16.845
pol,sex_m,ocu_skill_x,2022,5.176
pol,sex_m,ocu_skill_x,2023,12.985
pol,sex_t,ocu_isco08_0,2012,6.975
pol,sex_t,ocu_isco08_0,2013,3.416
pol,sex_t,ocu_isco08_0,2014,6.932
pol,sex_t,ocu_isco08_0,2015,12.748
pol,sex_t,ocu_isco08_0,2016,6.456
pol,sex_t,ocu_isco08_0,2017,5.314
pol,sex_t,ocu_isco08_0,2018,11.414
pol,sex_t,ocu_isco08_0,2019,5.97
pol,sex_t,ocu_isco08_0,2020,10.304
pol,sex_t,ocu_isco08_0,2021,17.838
pol,sex_t,ocu_isco08_0,2022,5.176
pol,sex_t,ocu_isco08_0,2023,12.186
pol,sex_t,ocu_isco08_1,2011,30.687
pol,sex_t,ocu_isco08_1,2012,21.888
pol,sex_t,ocu_isco08_1,2013,18.429
pol,sex_t,ocu_isco08_1,2014,21.03
pol,sex_t,ocu_isco08_1,2015,11.34
pol,sex_t,ocu_isco08_1,2016,27.046
pol,sex_t,ocu_isco08_1,2017,20.758
pol,sex_t,ocu_isco08_1,2018,24.254
pol,sex_t,ocu_isco08_1,2019,14.388
pol,sex_t,ocu_isco08_1,2020,9.61
pol,sex_t,ocu_isco08_1,2021,18.956
pol,sex_t,ocu_isco08_1,2022,22.771
pol,sex_t,ocu_isco08_1,2023,27.515
pol,sex_t,ocu_isco08_2,2011,84.613
pol,sex_t,ocu_isco08_2,2012,82.061
pol,sex_t,ocu_isco08_2,2013,74.698
pol,sex_t,ocu_isco08_2,2014,72.384
pol,sex_t,ocu_isco08_2,2015,73.629
pol,sex_t,ocu_isco08_2,2016,91.251
pol,sex_t,ocu_isco08_2,2017,45.155
pol,sex_t,ocu_isco08_2,2018,65.752
pol,sex_t,ocu_isco08_2,2019,44.346
pol,sex_t,ocu_isco08_2,2020,50.111
pol,sex_t,ocu_isco08_2,2021,85.525
pol,sex_t,ocu_isco08_2,2022,69.744
pol,sex_t,ocu_isco08_2,2023,65.639
pol,sex_t,ocu_isco08_3,2011,67.87
pol,sex_t,ocu_isco08_3,2012,89.499
pol,sex_t,ocu_isco08_3,2013,78.712
pol,sex_t,ocu_isco08_3,2014,78.832
pol,sex_t,ocu_isco08_3,2015,50.591
pol,sex_t,ocu_isco08_3,2016,62.498
pol,sex_t,ocu_isco08_3,2017,55.351
pol,sex_t,ocu_isco08_3,2018,53.83
pol,sex_t,ocu_isco08_3,2019,45.196
pol,sex_t,ocu_isco08_3,2020,38.737
pol,sex_t,ocu_isco08_3,2021,66.609
pol,sex_t,ocu_isco08_3,2022,69.645
pol,sex_t,ocu_isco08_3,2023,46.679
pol,sex_t,ocu_isco08_4,2011,91.127
pol,sex_t,ocu_isco08_4,2012,94.989
pol,sex_t,ocu_isco08_4,2013,86.573
pol,sex_t,ocu_isco08_4,2014,85.224
pol,sex_t,ocu_isco08_4,2015,81.782
pol,sex_t,ocu_isco08_4,2016,87.017
pol,sex_t,ocu_isco08_4,2017,63.062
pol,sex_t,ocu_isco08_4,2018,72.347
pol,sex_t,ocu_isco08_4,2019,42.431
pol,sex_t,ocu_isco08_4,2020,61.456
pol,sex_t,ocu_isco08_4,2021,64.065
pol,sex_t,ocu_isco08_4,2022,43.239
pol,sex_t,ocu_isco08_4,2023,39.164
pol,sex_t,ocu_isco08_5,2011,298.866
pol,sex_t,ocu_isco08_5,2012,300.185
pol,sex_t,ocu_isco08_5,2013,252.572
pol,sex_t,ocu_isco08_5,2014,241.099
pol,sex_t,ocu_isco08_5,2015,254.998
pol,sex_t,ocu_isco08_5,2016,249.324
pol,sex_t,ocu_isco08_5,2017,218.02
pol,sex_t,ocu_isco08_5,2018,199.354
pol,sex_t,ocu_isco08_5,2019,185.098
pol,sex_t,ocu_isco08_5,2020,200.713
pol,sex_t,ocu_isco08_5,2021,279.07
pol,sex_t,ocu_isco08_5,2022,184.734
pol,sex_t,ocu_isco08_5,2023,200.568
pol,sex_t,ocu_isco08_6,2011,900.131
pol,sex_t,ocu_isco08_6,2012,879.173
pol,sex_t,ocu_isco08_6,2013,840.597
pol,sex_t,ocu_isco08_6,2014,895.566
pol,sex_t,ocu_isco08_6,2015,825.708
pol,sex_t,ocu_isco08_6,2016,783.952
pol,sex_t,ocu_isco08_6,2017,793.135
pol,sex_t,ocu_isco08_6,2018,690.622
pol,sex_t,ocu_isco08_6,2019,615.07
pol,sex_t,ocu_isco08_6,2020,690.278
pol,sex_t,ocu_isco08_6,2021,711.128
pol,sex_t,ocu_isco08_6,2022,697.06
pol,sex_t,ocu_isco08_6,2023,387.316
pol,sex_t,ocu_isco08_7,2011,283.293
pol,sex_t,ocu_isco08_7,2012,301.288
pol,sex_t,ocu_isco08_7,2013,271.878
pol,sex_t,ocu_isco08_7,2014,322.169
pol,sex_t,ocu_isco08_7,2015,269.746
pol,sex_t,ocu_isco08_7,2016,223.271
pol,sex_t,ocu_isco08_7,2017,147.278
pol,sex_t,ocu_isco08_7,2018,150.946
pol,sex_t,ocu_isco08_7,2019,109.843
pol,sex_t,ocu_isco08_7,2020,92.779
pol,sex_t,ocu_isco08_7,2021,118.552
pol,sex_t,ocu_isco08_7,2022,121.562
pol,sex_t,ocu_isco08_7,2023,83.878
pol,sex_t,ocu_isco08_8,2011,137.272
pol,sex_t,ocu_isco08_8,2012,112.159
pol,sex_t,ocu_isco08_8,2013,95.753
pol,sex_t,ocu_isco08_8,2014,105.043
pol,sex_t,ocu_isco08_8,2015,100.176
pol,sex_t,ocu_isco08_8,2016,91.26
pol,sex_t,ocu_isco08_8,2017,55.35
pol,sex_t,ocu_isco08_8,2018,55.768
pol,sex_t,ocu_isco08_8,2019,45.228
pol,sex_t,ocu_isco08_8,2020,46.512
pol,sex_t,ocu_isco08_8,2021,80.795
pol,sex_t,ocu_isco08_8,2022,41.776
pol,sex_t,ocu_isco08_8,2023,37.458
pol,sex_t,ocu_isco08_9,2011,183.447
pol,sex_t,ocu_isco08_9,2012,241.903
pol,sex_t,ocu_isco08_9,2013,267.207
pol,sex_t,ocu_isco08_9,2014,269.54
pol,sex_t,ocu_isco08_9,2015,229.774
pol,sex_t,ocu_isco08_9,2016,230.391
pol,sex_t,ocu_isco08_9,2017,134.083
pol,sex_t,ocu_isco08_9,2018,142.673
pol,sex_t,ocu_isco08_9,2019,112.293
pol,sex_t,ocu_isco08_9,2020,99.26
pol,sex_t,ocu_isco08_9,2021,81.174
pol,sex_t,ocu_isco08_9,2022,98.431
pol,sex_t,ocu_isco08_9,2023,71.905
pol,sex_t,ocu_isco08_total,2011,2081.794
pol,sex_t,ocu_isco08_total,2012,2133.722
pol,sex_t,ocu_isco08_total,2013,1992.356
pol,sex_t,ocu_isco08_total,2014,2099.769
pol,sex_t,ocu_isco08_total,2015,1913.063
pol,sex_t,ocu_isco08_total,2016,1853.76
pol,sex_t,ocu_isco08_total,2017,1538.65
pol,sex_t,ocu_isco08_total,2018,1470.097
pol,sex_t,ocu_isco08_total,2019,1219.863
pol,sex_t,ocu_isco08_total,2020,1307.253
pol,sex_t,ocu_isco08_total,2021,1526.388
pol,sex_t,ocu_isco08_total,2022,1354.978
pol,sex_t,ocu_isco08_total,2023,980.231
pol,sex_t,ocu_isco08_x,2023,7.923
pol,sex_t,ocu_isco88_0,2008,5.005
pol,sex_t,ocu_isco88_0,2009,11.039
pol,sex_t,ocu_isco88_0,2010,9.78
pol,sex_t,ocu_isco88_1,2007,33.8
pol,sex_t,ocu_isco88_1,2008,49.816
pol,sex_t,ocu_isco88_1,2009,30.204
pol,sex_t,ocu_isco88_1,2010,34.666
pol,sex_t,ocu_isco88_2,2007,120.116
pol,sex_t,ocu_isco88_2,2008,117.708
pol,sex_t,ocu_isco88_2,2009,108.302
pol,sex_t,ocu_isco88_2,2010,76.985
pol,sex_t,ocu_isco88_3,2007,164.329
pol,sex_t,ocu_isco88_3,2008,153.706
pol,sex_t,ocu_isco88_3,2009,124.062
pol,sex_t,ocu_isco88_3,2010,103.277
pol,sex_t,ocu_isco88_4,2007,170.03
pol,sex_t,ocu_isco88_4,2008,136.313
pol,sex_t,ocu_isco88_4,2009,113.806
pol,sex_t,ocu_isco88_4,2010,105.29
pol,sex_t,ocu_isco88_5,2007,436.346
pol,sex_t,ocu_isco88_5,2008,340.606
pol,sex_t,ocu_isco88_5,2009,261.777
pol,sex_t,ocu_isco88_5,2010,251.197
pol,sex_t,ocu_isco88_6,2007,657.203
pol,sex_t,ocu_isco88_6,2008,693.522
pol,sex_t,ocu_isco88_6,2009,980.085
pol,sex_t,ocu_isco88_6,2010,971.797
pol,sex_t,ocu_isco88_7,2007,539.846
pol,sex_t,ocu_isco88_7,2008,457.8
pol,sex_t,ocu_isco88_7,2009,290.51
pol,sex_t,ocu_isco88_7,2010,258.774
pol,sex_t,ocu_isco88_8,2007,273.774
pol,sex_t,ocu_isco88_8,2008,207.004
pol,sex_t,ocu_isco88_8,2009,110.52
pol,sex_t,ocu_isco88_8,2010,120.45
pol,sex_t,ocu_isco88_9,2007,408.255
pol,sex_t,ocu_isco88_9,2008,317.029
pol,sex_t,ocu_isco88_9,2009,236.612
pol,sex_t,ocu_isco88_9,2010,222.919
pol,sex_t,ocu_isco88_total,2007,2813.509
pol,sex_t,ocu_isco88_total,2008,2490.09
pol,sex_t,ocu_isco88_total,2009,2266.918
pol,sex_t,ocu_isco88_total,2010,2155.135
pol,sex_t,ocu_isco88_x,2007,6.05
pol,sex_t,ocu_isco88_x,2008,11.581
pol,sex_t,ocu_skill_l1,2007,408.255
pol,sex_t,ocu_skill_l1,2008,317.029
pol,sex_t,ocu_skill_l1,2009,236.612
pol,sex_t,ocu_skill_l1,2010,222.919
pol,sex_t,ocu_skill_l1,2011,183.447
pol,sex_t,ocu_skill_l1,2012,241.903
pol,sex_t,ocu_skill_l1,2013,267.207
pol,sex_t,ocu_skill_l1,2014,269.54
pol,sex_t,ocu_skill_l1,2015,229.774
pol,sex_t,ocu_skill_l1,2016,230.391
pol,sex_t,ocu_skill_l1,2017,134.083
pol,sex_t,ocu_skill_l1,2018,142.673
pol,sex_t,ocu_skill_l1,2019,112.293
pol,sex_t,ocu_skill_l1,2020,99.26
pol,sex_t,ocu_skill_l1,2021,81.174
pol,sex_t,ocu_skill_l1,2022,98.431
pol,sex_t,ocu_skill_l1,2023,71.905
pol,sex_t,ocu_skill_l2,2007,2077.198
pol,sex_t,ocu_skill_l2,2008,1835.246
pol,sex_t,ocu_skill_l2,2009,1756.698
pol,sex_t,ocu_skill_l2,2010,1707.507
pol,sex_t,ocu_skill_l2,2011,1710.689
pol,sex_t,ocu_skill_l2,2012,1687.794
pol,sex_t,ocu_skill_l2,2013,1547.373
pol,sex_t,ocu_skill_l2,2014,1649.1
pol,sex_t,ocu_skill_l2,2015,1532.41
pol,sex_t,ocu_skill_l2,2016,1434.825
pol,sex_t,ocu_skill_l2,2017,1276.845
pol,sex_t,ocu_skill_l2,2018,1169.038
pol,sex_t,ocu_skill_l2,2019,997.67
pol,sex_t,ocu_skill_l2,2020,1091.739
pol,sex_t,ocu_skill_l2,2021,1253.609
pol,sex_t,ocu_skill_l2,2022,1088.37
pol,sex_t,ocu_skill_l2,2023,748.384
pol,sex_t,ocu_skill_l3_4,2007,318.246
pol,sex_t,ocu_skill_l3_4,2008,321.23
pol,sex_t,ocu_skill_l3_4,2009,262.568
pol,sex_t,ocu_skill_l3_4,2010,214.927
pol,sex_t,ocu_skill_l3_4,2011,183.169
pol,sex_t,ocu_skill_l3_4,2012,193.447
pol,sex_t,ocu_skill_l3_4,2013,171.839
pol,sex_t,ocu_skill_l3_4,2014,172.246
pol,sex_t,ocu_skill_l3_4,2015,135.56
pol,sex_t,ocu_skill_l3_4,2016,180.795
pol,sex_t,ocu_skill_l3_4,2017,121.264
pol,sex_t,ocu_skill_l3_4,2018,143.836
pol,sex_t,ocu_skill_l3_4,2019,103.93
pol,sex_t,ocu_skill_l3_4,2020,98.458
pol,sex_t,ocu_skill_l3_4,2021,171.089
pol,sex_t,ocu_skill_l3_4,2022,162.161
pol,sex_t,ocu_skill_l3_4,2023,139.833
pol,sex_t,ocu_skill_total,2007,2813.509
pol,sex_t,ocu_skill_total,2008,2490.09
pol,sex_t,ocu_skill_total,2009,2266.918
pol,sex_t,ocu_skill_total,2010,2155.135
pol,sex_t,ocu_skill_total,2011,2081.794
pol,sex_t,ocu_skill_total,2012,2133.722
pol,sex_t,ocu_skill_total,2013,1992.356
pol,sex_t,ocu_skill_total,2014,2099.769
pol,sex_t,ocu_skill_total,2015,1913.063
pol,sex_t,ocu_skill_total,2016,1853.76
pol,sex_t,ocu_skill_total,2017,1538.65
pol,sex_t,ocu_skill_total,2018,1470.097
pol,sex_t,ocu_skill_total,2019,1219.863
pol,sex_t,ocu_skill_total,2020,1307.253
pol,sex_t,ocu_skill_total,2021,1526.388
pol,sex_t,ocu_skill_total,2022,1354.978
pol,sex_t,ocu_skill_total,2023,980.231
pol,sex_t,ocu_skill_x,2007,9.81
pol,sex_t,ocu_skill_x,2008,16.585
pol,sex_t,ocu_skill_x,2009,11.039
pol,sex_t,ocu_skill_x,2010,9.78
pol,sex_t,ocu_skill_x,2012,10.577
pol,sex_t,ocu_skill_x,2013,5.937
pol,sex_t,ocu_skill_x,2014,8.882
pol,sex_t,ocu_skill_x,2015,15.319
pol,sex_t,ocu_skill_x,2016,7.749
pol,sex_t,ocu_skill_x,2017,6.459
pol,sex_t,ocu_skill_x,2018,14.55
pol,sex_t,ocu_skill_x,2019,5.97
pol,sex_t,ocu_skill_x,2020,17.797
pol,sex_t,ocu_skill_x,2021,20.516
pol,sex_t,ocu_skill_x,2022,6.017
pol,sex_t,ocu_skill_x,2023,20.109
prt,sex_f,ocu_isco08_1,2012,17.027
prt,sex_f,ocu_isco08_1,2013,11.889
prt,sex_f,ocu_isco08_1,2014,16.402
prt,sex_f,ocu_isco08_1,2015,13.892
prt,sex_f,ocu_isco08_1,2016,16.329
prt,sex_f,ocu_isco08_1,2017,17.408
prt,sex_f,ocu_isco08_1,2018,10.42
prt,sex_f,ocu_isco08_1,2019,8.271
prt,sex_f,ocu_isco08_1,2020,12.41
prt,sex_f,ocu_isco08_1,2021,12.874
prt,sex_f,ocu_isco08_1,2022,5.114
prt,sex_f,ocu_isco08_1,2023,8.988
prt,sex_f,ocu_isco08_2,2011,9.755
prt,sex_f,ocu_isco08_2,2012,12.029
prt,sex_f,ocu_isco08_2,2013,6.78
prt,sex_f,ocu_isco08_2,2014,10.559
prt,sex_f,ocu_isco08_2,2015,18.681
prt,sex_f,ocu_isco08_2,2016,15.844
prt,sex_f,ocu_isco08_2,2017,20.012
prt,sex_f,ocu_isco08_2,2018,12.399
prt,sex_f,ocu_isco08_2,2019,14.688
prt,sex_f,ocu_isco08_2,2020,14.566
prt,sex_f,ocu_isco08_2,2021,23.845
prt,sex_f,ocu_isco08_2,2022,19.003
prt,sex_f,ocu_isco08_2,2023,19.929
prt,sex_f,ocu_isco08_3,2012,4.063
prt,sex_f,ocu_isco08_3,2014,5.26
prt,sex_f,ocu_isco08_3,2015,7.217
prt,sex_f,ocu_isco08_3,2016,3.673
prt,sex_f,ocu_isco08_3,2017,7.471
prt,sex_f,ocu_isco08_3,2018,6.347
prt,sex_f,ocu_isco08_3,2019,4.293
prt,sex_f,ocu_isco08_3,2020,4.57
prt,sex_f,ocu_isco08_3,2021,9.815
prt,sex_f,ocu_isco08_3,2022,2.937
prt,sex_f,ocu_isco08_3,2023,11.098
prt,sex_f,ocu_isco08_4,2013,6.652
prt,sex_f,ocu_isco08_4,2014,5.701
prt,sex_f,ocu_isco08_4,2015,10.951
prt,sex_f,ocu_isco08_4,2016,3.86
prt,sex_f,ocu_isco08_4,2017,3.187
prt,sex_f,ocu_isco08_4,2018,3.01
prt,sex_f,ocu_isco08_4,2019,5.478
prt,sex_f,ocu_isco08_4,2020,5.311
prt,sex_f,ocu_isco08_4,2021,7.35
prt,sex_f,ocu_isco08_4,2022,6.818
prt,sex_f,ocu_isco08_4,2023,5.572
prt,sex_f,ocu_isco08_5,2011,44.478
prt,sex_f,ocu_isco08_5,2012,47.314
prt,sex_f,ocu_isco08_5,2013,47.43
prt,sex_f,ocu_isco08_5,2014,51.849
prt,sex_f,ocu_isco08_5,2015,54.257
prt,sex_f,ocu_isco08_5,2016,63.733
prt,sex_f,ocu_isco08_5,2017,65.69
prt,sex_f,ocu_isco08_5,2018,61.858
prt,sex_f,ocu_isco08_5,2019,58.213
prt,sex_f,ocu_isco08_5,2020,42.196
prt,sex_f,ocu_isco08_5,2021,65.303
prt,sex_f,ocu_isco08_5,2022,54.219
prt,sex_f,ocu_isco08_5,2023,46.094
prt,sex_f,ocu_isco08_6,2011,53.987
prt,sex_f,ocu_isco08_6,2012,32.764
prt,sex_f,ocu_isco08_6,2013,18.502
prt,sex_f,ocu_isco08_6,2014,17.848
prt,sex_f,ocu_isco08_6,2015,21.151
prt,sex_f,ocu_isco08_6,2016,18.596
prt,sex_f,ocu_isco08_6,2017,14.387
prt,sex_f,ocu_isco08_6,2018,13.907
prt,sex_f,ocu_isco08_6,2019,13.059
prt,sex_f,ocu_isco08_6,2020,6.306
prt,sex_f,ocu_isco08_6,2021,3.57
prt,sex_f,ocu_isco08_6,2022,1.373
prt,sex_f,ocu_isco08_6,2023,2.483
prt,sex_f,ocu_isco08_7,2011,4.156
prt,sex_f,ocu_isco08_7,2014,3.572
prt,sex_f,ocu_isco08_7,2015,2.62
prt,sex_f,ocu_isco08_7,2016,4.929
prt,sex_f,ocu_isco08_7,2017,4.173
prt,sex_f,ocu_isco08_7,2018,6.976
prt,sex_f,ocu_isco08_7,2019,3.662
prt,sex_f,ocu_isco08_7,2020,2.957
prt,sex_f,ocu_isco08_7,2021,5.792
prt,sex_f,ocu_isco08_7,2022,5.83
prt,sex_f,ocu_isco08_7,2023,2.099
prt,sex_f,ocu_isco08_8,2015,2.803
prt,sex_f,ocu_isco08_8,2016,2.632
prt,sex_f,ocu_isco08_8,2017,2.808
prt,sex_f,ocu_isco08_8,2021,2.951
prt,sex_f,ocu_isco08_9,2011,34.5
prt,sex_f,ocu_isco08_9,2012,21.891
prt,sex_f,ocu_isco08_9,2013,19.917
prt,sex_f,ocu_isco08_9,2014,21.831
prt,sex_f,ocu_isco08_9,2015,18.28
prt,sex_f,ocu_isco08_9,2016,18.714
prt,sex_f,ocu_isco08_9,2017,14.8
prt,sex_f,ocu_isco08_9,2018,14.571
prt,sex_f,ocu_isco08_9,2019,12.496
prt,sex_f,ocu_isco08_9,2020,13.031
prt,sex_f,ocu_isco08_9,2021,16.998
prt,sex_f,ocu_isco08_9,2022,9.635
prt,sex_f,ocu_isco08_9,2023,15.796
prt,sex_f,ocu_isco08_total,2011,156.61
prt,sex_f,ocu_isco08_total,2012,143.257
prt,sex_f,ocu_isco08_total,2013,117.538
prt,sex_f,ocu_isco08_total,2014,135.96
prt,sex_f,ocu_isco08_total,2015,149.853
prt,sex_f,ocu_isco08_total,2016,148.31
prt,sex_f,ocu_isco08_total,2017,149.936
prt,sex_f,ocu_isco08_total,2018,130.8
prt,sex_f,ocu_isco08_total,2019,122.882
prt,sex_f,ocu_isco08_total,2020,103.453
prt,sex_f,ocu_isco08_total,2021,153.457
prt,sex_f,ocu_isco08_total,2022,105.633
prt,sex_f,ocu_isco08_total,2023,113.918
prt,sex_f,ocu_isco08_x,2021,4.959
prt,sex_f,ocu_isco88_1,2007,5.416
prt,sex_f,ocu_isco88_2,2007,9.757
prt,sex_f,ocu_isco88_2,2008,7.462
prt,sex_f,ocu_isco88_2,2009,11.649
prt,sex_f,ocu_isco88_2,2010,4.928
prt,sex_f,ocu_isco88_3,2007,7.678
prt,sex_f,ocu_isco88_3,2008,8.405
prt,sex_f,ocu_isco88_3,2009,6.797
prt,sex_f,ocu_isco88_3,2010,7.957
prt,sex_f,ocu_isco88_4,2007,15.751
prt,sex_f,ocu_isco88_4,2008,25.508
prt,sex_f,ocu_isco88_4,2009,16.95
prt,sex_f,ocu_isco88_4,2010,16.511
prt,sex_f,ocu_isco88_5,2007,32.746
prt,sex_f,ocu_isco88_5,2008,33.74
prt,sex_f,ocu_isco88_5,2009,29.893
prt,sex_f,ocu_isco88_5,2010,27.253
prt,sex_f,ocu_isco88_6,2007,15.747
prt,sex_f,ocu_isco88_6,2008,113.057
prt,sex_f,ocu_isco88_6,2009,51.363
prt,sex_f,ocu_isco88_6,2010,51.613
prt,sex_f,ocu_isco88_7,2007,5.369
prt,sex_f,ocu_isco88_7,2008,8.054
prt,sex_f,ocu_isco88_7,2009,2.428
prt,sex_f,ocu_isco88_7,2010,4.7
prt,sex_f,ocu_isco88_9,2007,121.533
prt,sex_f,ocu_isco88_9,2008,23.453
prt,sex_f,ocu_isco88_9,2009,24.145
prt,sex_f,ocu_isco88_9,2010,17.55
prt,sex_f,ocu_isco88_total,2007,217.474
prt,sex_f,ocu_isco88_total,2008,229.609
prt,sex_f,ocu_isco88_total,2009,148.22
prt,sex_f,ocu_isco88_total,2010,137.425
prt,sex_f,ocu_skill_l1,2007,121.533
prt,sex_f,ocu_skill_l1,2008,23.453
prt,sex_f,ocu_skill_l1,2009,24.145
prt,sex_f,ocu_skill_l1,2010,17.55
prt,sex_f,ocu_skill_l1,2011,34.5
prt,sex_f,ocu_skill_l1,2012,21.891
prt,sex_f,ocu_skill_l1,2013,19.917
prt,sex_f,ocu_skill_l1,2014,21.831
prt,sex_f,ocu_skill_l1,2015,18.28
prt,sex_f,ocu_skill_l1,2016,18.714
prt,sex_f,ocu_skill_l1,2017,14.8
prt,sex_f,ocu_skill_l1,2018,14.571
prt,sex_f,ocu_skill_l1,2019,12.496
prt,sex_f,ocu_skill_l1,2020,13.031
prt,sex_f,ocu_skill_l1,2021,16.998
prt,sex_f,ocu_skill_l1,2022,9.635
prt,sex_f,ocu_skill_l1,2023,15.796
prt,sex_f,ocu_skill_l2,2007,73.09
prt,sex_f,ocu_skill_l2,2008,181.373
prt,sex_f,ocu_skill_l2,2009,103.509
prt,sex_f,ocu_skill_l2,2010,102.848
prt,sex_f,ocu_skill_l2,2011,108.437
prt,sex_f,ocu_skill_l2,2012,88.247
prt,sex_f,ocu_skill_l2,2013,77.491
prt,sex_f,ocu_skill_l2,2014,81.906
prt,sex_f,ocu_skill_l2,2015,91.783
prt,sex_f,ocu_skill_l2,2016,93.75
prt,sex_f,ocu_skill_l2,2017,90.245
prt,sex_f,ocu_skill_l2,2018,86.585
prt,sex_f,ocu_skill_l2,2019,82.738
prt,sex_f,ocu_skill_l2,2020,57.285
prt,sex_f,ocu_skill_l2,2021,84.966
prt,sex_f,ocu_skill_l2,2022,68.464
prt,sex_f,ocu_skill_l2,2023,57.321
prt,sex_f,ocu_skill_l3_4,2007,22.851
prt,sex_f,ocu_skill_l3_4,2008,19.17
prt,sex_f,ocu_skill_l3_4,2009,19.977
prt,sex_f,ocu_skill_l3_4,2010,17.027
prt,sex_f,ocu_skill_l3_4,2011,13.673
prt,sex_f,ocu_skill_l3_4,2012,33.119
prt,sex_f,ocu_skill_l3_4,2013,20.13
prt,sex_f,ocu_skill_l3_4,2014,32.222
prt,sex_f,ocu_skill_l3_4,2015,39.789
prt,sex_f,ocu_skill_l3_4,2016,35.846
prt,sex_f,ocu_skill_l3_4,2017,44.892
prt,sex_f,ocu_skill_l3_4,2018,29.166
prt,sex_f,ocu_skill_l3_4,2019,27.253
prt,sex_f,ocu_skill_l3_4,2020,31.546
prt,sex_f,ocu_skill_l3_4,2021,46.535
prt,sex_f,ocu_skill_l3_4,2022,27.054
prt,sex_f,ocu_skill_l3_4,2023,40.015
prt,sex_f,ocu_skill_total,2007,217.474
prt,sex_f,ocu_skill_total,2008,229.609
prt,sex_f,ocu_skill_total,2009,148.22
prt,sex_f,ocu_skill_total,2010,137.425
prt,sex_f,ocu_skill_total,2011,156.61
prt,sex_f,ocu_skill_total,2012,143.257
prt,sex_f,ocu_skill_total,2013,117.538
prt,sex_f,ocu_skill_total,2014,135.96
prt,sex_f,ocu_skill_total,2015,149.853
prt,sex_f,ocu_skill_total,2016,148.31
prt,sex_f,ocu_skill_total,2017,149.936
prt,sex_f,ocu_skill_total,2018,130.8
prt,sex_f,ocu_skill_total,2019,122.882
prt,sex_f,ocu_skill_total,2020,103.453
prt,sex_f,ocu_skill_total,2021,153.457
prt,sex_f,ocu_skill_total,2022,105.633
prt,sex_f,ocu_skill_total,2023,113.918
prt,sex_f,ocu_skill_x,2008,5.612
prt,sex_f,ocu_skill_x,2021,4.959
prt,sex_m,ocu_isco08_1,2011,2.632
prt,sex_m,ocu_isco08_1,2012,29.733
prt,sex_m,ocu_isco08_1,2013,26.663
prt,sex_m,ocu_isco08_1,2014,34.955
prt,sex_m,ocu_isco08_1,2015,20.298
prt,sex_m,ocu_isco08_1,2016,21.236
prt,sex_m,ocu_isco08_1,2017,24.833
prt,sex_m,ocu_isco08_1,2018,17.135
prt,sex_m,ocu_isco08_1,2019,13.072
prt,sex_m,ocu_isco08_1,2020,15.499
prt,sex_m,ocu_isco08_1,2021,23.466
prt,sex_m,ocu_isco08_1,2022,12.818
prt,sex_m,ocu_isco08_1,2023,10.643
prt,sex_m,ocu_isco08_2,2013,13.018
prt,sex_m,ocu_isco08_2,2014,13.989
prt,sex_m,ocu_isco08_2,2015,11.756
prt,sex_m,ocu_isco08_2,2016,9.801
prt,sex_m,ocu_isco08_2,2017,19.409
prt,sex_m,ocu_isco08_2,2018,9.736
prt,sex_m,ocu_isco08_2,2019,12.504
prt,sex_m,ocu_isco08_2,2020,12.771
prt,sex_m,ocu_isco08_2,2021,16.047
prt,sex_m,ocu_isco08_2,2022,17.095
prt,sex_m,ocu_isco08_2,2023,15.783
prt,sex_m,ocu_isco08_3,2012,5.898
prt,sex_m,ocu_isco08_3,2013,6.881
prt,sex_m,ocu_isco08_3,2014,9.931
prt,sex_m,ocu_isco08_3,2015,16.016
prt,sex_m,ocu_isco08_3,2016,7.189
prt,sex_m,ocu_isco08_3,2017,7.719
prt,sex_m,ocu_isco08_3,2018,7.797
prt,sex_m,ocu_isco08_3,2019,8.87
prt,sex_m,ocu_isco08_3,2020,5.52
prt,sex_m,ocu_isco08_3,2021,8.968
prt,sex_m,ocu_isco08_3,2022,6.205
prt,sex_m,ocu_isco08_3,2023,7.714
prt,sex_m,ocu_isco08_4,2011,5.125
prt,sex_m,ocu_isco08_4,2016,4.021
prt,sex_m,ocu_isco08_4,2017,4.477
prt,sex_m,ocu_isco08_4,2018,5.551
prt,sex_m,ocu_isco08_4,2019,8.728
prt,sex_m,ocu_isco08_4,2020,4.462
prt,sex_m,ocu_isco08_4,2021,10.057
prt,sex_m,ocu_isco08_4,2022,9.711
prt,sex_m,ocu_isco08_4,2023,4.229
prt,sex_m,ocu_isco08_5,2011,11.922
prt,sex_m,ocu_isco08_5,2012,18.76
prt,sex_m,ocu_isco08_5,2013,13.348
prt,sex_m,ocu_isco08_5,2014,16.019
prt,sex_m,ocu_isco08_5,2015,19.741
prt,sex_m,ocu_isco08_5,2016,25.089
prt,sex_m,ocu_isco08_5,2017,23.618
prt,sex_m,ocu_isco08_5,2018,16.636
prt,sex_m,ocu_isco08_5,2019,17.368
prt,sex_m,ocu_isco08_5,2020,20.609
prt,sex_m,ocu_isco08_5,2021,25.061
prt,sex_m,ocu_isco08_5,2022,14.997
prt,sex_m,ocu_isco08_5,2023,17.457
prt,sex_m,ocu_isco08_6,2011,17.274
prt,sex_m,ocu_isco08_6,2012,25.735
prt,sex_m,ocu_isco08_6,2013,20.542
prt,sex_m,ocu_isco08_6,2014,22.588
prt,sex_m,ocu_isco08_6,2015,19.823
prt,sex_m,ocu_isco08_6,2016,12.986
prt,sex_m,ocu_isco08_6,2017,16.993
prt,sex_m,ocu_isco08_6,2018,12.445
prt,sex_m,ocu_isco08_6,2019,14.759
prt,sex_m,ocu_isco08_6,2020,10.831
prt,sex_m,ocu_isco08_6,2021,10.097
prt,sex_m,ocu_isco08_6,2022,10.478
prt,sex_m,ocu_isco08_6,2023,7.31
prt,sex_m,ocu_isco08_7,2011,22.128
prt,sex_m,ocu_isco08_7,2012,18.519
prt,sex_m,ocu_isco08_7,2013,29.627
prt,sex_m,ocu_isco08_7,2014,33.34
prt,sex_m,ocu_isco08_7,2015,35.494
prt,sex_m,ocu_isco08_7,2016,20.448
prt,sex_m,ocu_isco08_7,2017,35.886
prt,sex_m,ocu_isco08_7,2018,20.607
prt,sex_m,ocu_isco08_7,2019,16.693
prt,sex_m,ocu_isco08_7,2020,26.595
prt,sex_m,ocu_isco08_7,2021,34.78
prt,sex_m,ocu_isco08_7,2022,21.962
prt,sex_m,ocu_isco08_7,2023,23.284
prt,sex_m,ocu_isco08_8,2012,5.113
prt,sex_m,ocu_isco08_8,2013,6.558
prt,sex_m,ocu_isco08_8,2014,10.376
prt,sex_m,ocu_isco08_8,2015,9.265
prt,sex_m,ocu_isco08_8,2016,4.492
prt,sex_m,ocu_isco08_8,2017,7.176
prt,sex_m,ocu_isco08_8,2018,8.302
prt,sex_m,ocu_isco08_8,2019,9.683
prt,sex_m,ocu_isco08_8,2020,8.69
prt,sex_m,ocu_isco08_8,2021,19.153
prt,sex_m,ocu_isco08_8,2022,9.576
prt,sex_m,ocu_isco08_8,2023,7.517
prt,sex_m,ocu_isco08_9,2011,15.942
prt,sex_m,ocu_isco08_9,2012,6.003
prt,sex_m,ocu_isco08_9,2013,7.097
prt,sex_m,ocu_isco08_9,2014,12.826
prt,sex_m,ocu_isco08_9,2015,7.336
prt,sex_m,ocu_isco08_9,2016,10.194
prt,sex_m,ocu_isco08_9,2017,7.702
prt,sex_m,ocu_isco08_9,2018,8.758
prt,sex_m,ocu_isco08_9,2019,7.084
prt,sex_m,ocu_isco08_9,2020,6.311
prt,sex_m,ocu_isco08_9,2021,18.93
prt,sex_m,ocu_isco08_9,2022,7.256
prt,sex_m,ocu_isco08_9,2023,8.129
prt,sex_m,ocu_isco08_total,2011,86.848
prt,sex_m,ocu_isco08_total,2012,114.092
prt,sex_m,ocu_isco08_total,2013,126.036
prt,sex_m,ocu_isco08_total,2014,155.218
prt,sex_m,ocu_isco08_total,2015,141.17
prt,sex_m,ocu_isco08_total,2016,115.934
prt,sex_m,ocu_isco08_total,2017,148.117
prt,sex_m,ocu_isco08_total,2018,107.522
prt,sex_m,ocu_isco08_total,2019,108.88
prt,sex_m,ocu_isco08_total,2020,111.37
prt,sex_m,ocu_isco08_total,2021,170.185
prt,sex_m,ocu_isco08_total,2022,110.801
prt,sex_m,ocu_isco08_total,2023,102.963
prt,sex_m,ocu_isco08_x,2021,3.595
prt,sex_m,ocu_isco88_0,2008,8.432
prt,sex_m,ocu_isco88_0,2009,4.878
prt,sex_m,ocu_isco88_2,2007,13.208
prt,sex_m,ocu_isco88_2,2008,8.18
prt,sex_m,ocu_isco88_2,2009,4.95
prt,sex_m,ocu_isco88_2,2010,8.521
prt,sex_m,ocu_isco88_3,2007,5.286
prt,sex_m,ocu_isco88_3,2008,13.361
prt,sex_m,ocu_isco88_3,2009,10.848
prt,sex_m,ocu_isco88_3,2010,8.354
prt,sex_m,ocu_isco88_4,2009,7.553
prt,sex_m,ocu_isco88_4,2010,5.842
prt,sex_m,ocu_isco88_5,2007,10.342
prt,sex_m,ocu_isco88_5,2008,21.34
prt,sex_m,ocu_isco88_5,2009,11.584
prt,sex_m,ocu_isco88_5,2010,8.024
prt,sex_m,ocu_isco88_6,2007,13.253
prt,sex_m,ocu_isco88_6,2008,78.543
prt,sex_m,ocu_isco88_6,2009,22.936
prt,sex_m,ocu_isco88_6,2010,21.679
prt,sex_m,ocu_isco88_7,2007,17.867
prt,sex_m,ocu_isco88_7,2008,22.847
prt,sex_m,ocu_isco88_7,2009,21.342
prt,sex_m,ocu_isco88_7,2010,34.572
prt,sex_m,ocu_isco88_8,2007,6.558
prt,sex_m,ocu_isco88_8,2008,12.199
prt,sex_m,ocu_isco88_8,2009,10.824
prt,sex_m,ocu_isco88_8,2010,8.805
prt,sex_m,ocu_isco88_9,2007,78.779
prt,sex_m,ocu_isco88_9,2008,15.747
prt,sex_m,ocu_isco88_9,2009,8.458
prt,sex_m,ocu_isco88_9,2010,12.946
prt,sex_m,ocu_isco88_total,2007,152.77
prt,sex_m,ocu_isco88_total,2008,195.12
prt,sex_m,ocu_isco88_total,2009,105.112
prt,sex_m,ocu_isco88_total,2010,110.531
prt,sex_m,ocu_skill_l1,2007,78.779
prt,sex_m,ocu_skill_l1,2008,15.747
prt,sex_m,ocu_skill_l1,2009,8.458
prt,sex_m,ocu_skill_l1,2010,12.946
prt,sex_m,ocu_skill_l1,2011,15.942
prt,sex_m,ocu_skill_l1,2012,6.003
prt,sex_m,ocu_skill_l1,2013,7.097
prt,sex_m,ocu_skill_l1,2014,12.826
prt,sex_m,ocu_skill_l1,2015,7.336
prt,sex_m,ocu_skill_l1,2016,10.194
prt,sex_m,ocu_skill_l1,2017,7.702
prt,sex_m,ocu_skill_l1,2018,8.758
prt,sex_m,ocu_skill_l1,2019,7.084
prt,sex_m,ocu_skill_l1,2020,6.311
prt,sex_m,ocu_skill_l1,2021,18.93
prt,sex_m,ocu_skill_l1,2022,7.256
prt,sex_m,ocu_skill_l1,2023,8.129
prt,sex_m,ocu_skill_l2,2007,49.689
prt,sex_m,ocu_skill_l2,2008,144.338
prt,sex_m,ocu_skill_l2,2009,74.238
prt,sex_m,ocu_skill_l2,2010,78.921
prt,sex_m,ocu_skill_l2,2011,58.198
prt,sex_m,ocu_skill_l2,2012,68.929
prt,sex_m,ocu_skill_l2,2013,71.45
prt,sex_m,ocu_skill_l2,2014,83.517
prt,sex_m,ocu_skill_l2,2015,85.495
prt,sex_m,ocu_skill_l2,2016,67.037
prt,sex_m,ocu_skill_l2,2017,88.152
prt,sex_m,ocu_skill_l2,2018,63.541
prt,sex_m,ocu_skill_l2,2019,67.231
prt,sex_m,ocu_skill_l2,2020,71.188
prt,sex_m,ocu_skill_l2,2021,99.147
prt,sex_m,ocu_skill_l2,2022,66.725
prt,sex_m,ocu_skill_l2,2023,59.797
prt,sex_m,ocu_skill_l3_4,2007,22.561
prt,sex_m,ocu_skill_l3_4,2008,22.747
prt,sex_m,ocu_skill_l3_4,2009,17.538
prt,sex_m,ocu_skill_l3_4,2010,17.864
prt,sex_m,ocu_skill_l3_4,2011,11.248
prt,sex_m,ocu_skill_l3_4,2012,37.923
prt,sex_m,ocu_skill_l3_4,2013,46.561
prt,sex_m,ocu_skill_l3_4,2014,58.875
prt,sex_m,ocu_skill_l3_4,2015,48.07
prt,sex_m,ocu_skill_l3_4,2016,38.226
prt,sex_m,ocu_skill_l3_4,2017,51.96
prt,sex_m,ocu_skill_l3_4,2018,34.668
prt,sex_m,ocu_skill_l3_4,2019,34.446
prt,sex_m,ocu_skill_l3_4,2020,33.79
prt,sex_m,ocu_skill_l3_4,2021,48.481
prt,sex_m,ocu_skill_l3_4,2022,36.117
prt,sex_m,ocu_skill_l3_4,2023,34.139
prt,sex_m,ocu_skill_total,2007,152.77
prt,sex_m,ocu_skill_total,2008,195.12
prt,sex_m,ocu_skill_total,2009,105.112
prt,sex_m,ocu_skill_total,2010,110.531
prt,sex_m,ocu_skill_total,2011,86.848
prt,sex_m,ocu_skill_total,2012,114.092
prt,sex_m,ocu_skill_total,2013,126.036
prt,sex_m,ocu_skill_total,2014,155.218
prt,sex_m,ocu_skill_total,2015,141.17
prt,sex_m,ocu_skill_total,2016,115.934
prt,sex_m,ocu_skill_total,2017,148.117
prt,sex_m,ocu_skill_total,2018,107.522
prt,sex_m,ocu_skill_total,2019,108.88
prt,sex_m,ocu_skill_total,2020,111.37
prt,sex_m,ocu_skill_total,2021,170.185
prt,sex_m,ocu_skill_total,2022,110.801
prt,sex_m,ocu_skill_total,2023,102.963
prt,sex_m,ocu_skill_x,2008,12.288
prt,sex_m,ocu_skill_x,2009,4.878
prt,sex_m,ocu_skill_x,2021,3.627
prt,sex_m,ocu_skill_x,2023,0.897
prt,sex_t,ocu_isco08_1,2011,4.24
prt,sex_t,ocu_isco08_1,2012,46.761
prt,sex_t,ocu_isco08_1,2013,38.551
prt,sex_t,ocu_isco08_1,2014,51.357
prt,sex_t,ocu_isco08_1,2015,34.19
prt,sex_t,ocu_isco08_1,2016,37.565
prt,sex_t,ocu_isco08_1,2017,42.241
prt,sex_t,ocu_isco08_1,2018,27.555
prt,sex_t,ocu_isco08_1,2019,21.343
prt,sex_t,ocu_isco08_1,2020,27.908
prt,sex_t,ocu_isco08_1,2021,36.34
prt,sex_t,ocu_isco08_1,2022,17.932
prt,sex_t,ocu_isco08_1,2023,19.631
prt,sex_t,ocu_isco08_2,2011,13.678
prt,sex_t,ocu_isco08_2,2012,14.321
prt,sex_t,ocu_isco08_2,2013,19.798
prt,sex_t,ocu_isco08_2,2014,24.548
prt,sex_t,ocu_isco08_2,2015,30.437
prt,sex_t,ocu_isco08_2,2016,25.645
prt,sex_t,ocu_isco08_2,2017,39.421
prt,sex_t,ocu_isco08_2,2018,22.134
prt,sex_t,ocu_isco08_2,2019,27.192
prt,sex_t,ocu_isco08_2,2020,27.338
prt,sex_t,ocu_isco08_2,2021,39.892
prt,sex_t,ocu_isco08_2,2022,36.098
prt,sex_t,ocu_isco08_2,2023,35.712
prt,sex_t,ocu_isco08_3,2011,7.003
prt,sex_t,ocu_isco08_3,2012,9.96
prt,sex_t,ocu_isco08_3,2013,8.342
prt,sex_t,ocu_isco08_3,2014,15.191
prt,sex_t,ocu_isco08_3,2015,23.233
prt,sex_t,ocu_isco08_3,2016,10.862
prt,sex_t,ocu_isco08_3,2017,15.19
prt,sex_t,ocu_isco08_3,2018,14.144
prt,sex_t,ocu_isco08_3,2019,13.164
prt,sex_t,ocu_isco08_3,2020,10.09
prt,sex_t,ocu_isco08_3,2021,18.783
prt,sex_t,ocu_isco08_3,2022,9.142
prt,sex_t,ocu_isco08_3,2023,18.812
prt,sex_t,ocu_isco08_4,2011,8.126
prt,sex_t,ocu_isco08_4,2012,4.803
prt,sex_t,ocu_isco08_4,2013,8.027
prt,sex_t,ocu_isco08_4,2014,6.895
prt,sex_t,ocu_isco08_4,2015,12.123
prt,sex_t,ocu_isco08_4,2016,7.881
prt,sex_t,ocu_isco08_4,2017,7.665
prt,sex_t,ocu_isco08_4,2018,8.561
prt,sex_t,ocu_isco08_4,2019,14.206
prt,sex_t,ocu_isco08_4,2020,9.774
prt,sex_t,ocu_isco08_4,2021,17.407
prt,sex_t,ocu_isco08_4,2022,16.53
prt,sex_t,ocu_isco08_4,2023,9.801
prt,sex_t,ocu_isco08_5,2011,56.4
prt,sex_t,ocu_isco08_5,2012,66.074
prt,sex_t,ocu_isco08_5,2013,60.778
prt,sex_t,ocu_isco08_5,2014,67.868
prt,sex_t,ocu_isco08_5,2015,73.998
prt,sex_t,ocu_isco08_5,2016,88.822
prt,sex_t,ocu_isco08_5,2017,89.308
prt,sex_t,ocu_isco08_5,2018,78.494
prt,sex_t,ocu_isco08_5,2019,75.581
prt,sex_t,ocu_isco08_5,2020,62.806
prt,sex_t,ocu_isco08_5,2021,90.364
prt,sex_t,ocu_isco08_5,2022,69.215
prt,sex_t,ocu_isco08_5,2023,63.551
prt,sex_t,ocu_isco08_6,2011,71.261
prt,sex_t,ocu_isco08_6,2012,58.499
prt,sex_t,ocu_isco08_6,2013,39.044
prt,sex_t,ocu_isco08_6,2014,40.436
prt,sex_t,ocu_isco08_6,2015,40.975
prt,sex_t,ocu_isco08_6,2016,31.583
prt,sex_t,ocu_isco08_6,2017,31.381
prt,sex_t,ocu_isco08_6,2018,26.352
prt,sex_t,ocu_isco08_6,2019,27.818
prt,sex_t,ocu_isco08_6,2020,17.137
prt,sex_t,ocu_isco08_6,2021,13.667
prt,sex_t,ocu_isco08_6,2022,11.851
prt,sex_t,ocu_isco08_6,2023,9.793
prt,sex_t,ocu_isco08_7,2011,26.285
prt,sex_t,ocu_isco08_7,2012,22.259
prt,sex_t,ocu_isco08_7,2013,32.124
prt,sex_t,ocu_isco08_7,2014,36.912
prt,sex_t,ocu_isco08_7,2015,38.114
prt,sex_t,ocu_isco08_7,2016,25.378
prt,sex_t,ocu_isco08_7,2017,40.059
prt,sex_t,ocu_isco08_7,2018,27.583
prt,sex_t,ocu_isco08_7,2019,20.355
prt,sex_t,ocu_isco08_7,2020,29.552
prt,sex_t,ocu_isco08_7,2021,40.573
prt,sex_t,ocu_isco08_7,2022,27.792
prt,sex_t,ocu_isco08_7,2023,25.382
prt,sex_t,ocu_isco08_8,2011,4.563
prt,sex_t,ocu_isco08_8,2012,5.541
prt,sex_t,ocu_isco08_8,2013,8.967
prt,sex_t,ocu_isco08_8,2014,13.312
prt,sex_t,ocu_isco08_8,2015,12.068
prt,sex_t,ocu_isco08_8,2016,7.124
prt,sex_t,ocu_isco08_8,2017,9.984
prt,sex_t,ocu_isco08_8,2018,9.137
prt,sex_t,ocu_isco08_8,2019,12.009
prt,sex_t,ocu_isco08_8,2020,9.204
prt,sex_t,ocu_isco08_8,2021,22.103
prt,sex_t,ocu_isco08_8,2022,9.801
prt,sex_t,ocu_isco08_8,2023,8.591
prt,sex_t,ocu_isco08_9,2011,50.442
prt,sex_t,ocu_isco08_9,2012,27.894
prt,sex_t,ocu_isco08_9,2013,27.014
prt,sex_t,ocu_isco08_9,2014,34.657
prt,sex_t,ocu_isco08_9,2015,25.617
prt,sex_t,ocu_isco08_9,2016,28.908
prt,sex_t,ocu_isco08_9,2017,22.502
prt,sex_t,ocu_isco08_9,2018,23.329
prt,sex_t,ocu_isco08_9,2019,19.581
prt,sex_t,ocu_isco08_9,2020,19.342
prt,sex_t,ocu_isco08_9,2021,35.928
prt,sex_t,ocu_isco08_9,2022,16.89
prt,sex_t,ocu_isco08_9,2023,23.925
prt,sex_t,ocu_isco08_total,2011,243.458
prt,sex_t,ocu_isco08_total,2012,257.349
prt,sex_t,ocu_isco08_total,2013,243.573
prt,sex_t,ocu_isco08_total,2014,291.177
prt,sex_t,ocu_isco08_total,2015,291.022
prt,sex_t,ocu_isco08_total,2016,264.244
prt,sex_t,ocu_isco08_total,2017,298.053
prt,sex_t,ocu_isco08_total,2018,238.321
prt,sex_t,ocu_isco08_total,2019,231.762
prt,sex_t,ocu_isco08_total,2020,214.823
prt,sex_t,ocu_isco08_total,2021,323.643
prt,sex_t,ocu_isco08_total,2022,216.434
prt,sex_t,ocu_isco08_total,2023,216.881
prt,sex_t,ocu_isco08_x,2021,8.554
prt,sex_t,ocu_isco08_x,2023,1.503
prt,sex_t,ocu_isco88_0,2008,10.117
prt,sex_t,ocu_isco88_0,2009,5.467
prt,sex_t,ocu_isco88_1,2007,9.483
prt,sex_t,ocu_isco88_1,2008,4.509
prt,sex_t,ocu_isco88_1,2009,3.272
prt,sex_t,ocu_isco88_1,2010,5.131
prt,sex_t,ocu_isco88_2,2007,22.965
prt,sex_t,ocu_isco88_2,2008,15.642
prt,sex_t,ocu_isco88_2,2009,16.599
prt,sex_t,ocu_isco88_2,2010,13.448
prt,sex_t,ocu_isco88_3,2007,12.964
prt,sex_t,ocu_isco88_3,2008,21.766
prt,sex_t,ocu_isco88_3,2009,17.645
prt,sex_t,ocu_isco88_3,2010,16.312
prt,sex_t,ocu_isco88_4,2007,17.42
prt,sex_t,ocu_isco88_4,2008,34.917
prt,sex_t,ocu_isco88_4,2009,24.502
prt,sex_t,ocu_isco88_4,2010,22.354
prt,sex_t,ocu_isco88_5,2007,43.089
prt,sex_t,ocu_isco88_5,2008,55.08
prt,sex_t,ocu_isco88_5,2009,41.477
prt,sex_t,ocu_isco88_5,2010,35.277
prt,sex_t,ocu_isco88_6,2007,29
prt,sex_t,ocu_isco88_6,2008,191.6
prt,sex_t,ocu_isco88_6,2009,74.299
prt,sex_t,ocu_isco88_6,2010,73.292
prt,sex_t,ocu_isco88_7,2007,23.237
prt,sex_t,ocu_isco88_7,2008,30.901
prt,sex_t,ocu_isco88_7,2009,23.77
prt,sex_t,ocu_isco88_7,2010,39.272
prt,sex_t,ocu_isco88_8,2007,10.034
prt,sex_t,ocu_isco88_8,2008,13.213
prt,sex_t,ocu_isco88_8,2009,13.699
prt,sex_t,ocu_isco88_8,2010,11.574
prt,sex_t,ocu_isco88_9,2007,200.312
prt,sex_t,ocu_isco88_9,2008,39.2
prt,sex_t,ocu_isco88_9,2009,32.603
prt,sex_t,ocu_isco88_9,2010,30.496
prt,sex_t,ocu_isco88_total,2007,370.244
prt,sex_t,ocu_isco88_total,2008,424.729
prt,sex_t,ocu_isco88_total,2009,253.332
prt,sex_t,ocu_isco88_total,2010,247.955
prt,sex_t,ocu_isco88_x,2008,7.784
prt,sex_t,ocu_skill_l1,2007,200.312
prt,sex_t,ocu_skill_l1,2008,39.2
prt,sex_t,ocu_skill_l1,2009,32.603
prt,sex_t,ocu_skill_l1,2010,30.496
prt,sex_t,ocu_skill_l1,2011,50.442
prt,sex_t,ocu_skill_l1,2012,27.894
prt,sex_t,ocu_skill_l1,2013,27.014
prt,sex_t,ocu_skill_l1,2014,34.657
prt,sex_t,ocu_skill_l1,2015,25.617
prt,sex_t,ocu_skill_l1,2016,28.908
prt,sex_t,ocu_skill_l1,2017,22.502
prt,sex_t,ocu_skill_l1,2018,23.329
prt,sex_t,ocu_skill_l1,2019,19.581
prt,sex_t,ocu_skill_l1,2020,19.342
prt,sex_t,ocu_skill_l1,2021,35.928
prt,sex_t,ocu_skill_l1,2022,16.89
prt,sex_t,ocu_skill_l1,2023,23.925
prt,sex_t,ocu_skill_l2,2007,122.779
prt,sex_t,ocu_skill_l2,2008,325.711
prt,sex_t,ocu_skill_l2,2009,177.747
prt,sex_t,ocu_skill_l2,2010,181.769
prt,sex_t,ocu_skill_l2,2011,166.635
prt,sex_t,ocu_skill_l2,2012,157.176
prt,sex_t,ocu_skill_l2,2013,148.94
prt,sex_t,ocu_skill_l2,2014,165.423
prt,sex_t,ocu_skill_l2,2015,177.278
prt,sex_t,ocu_skill_l2,2016,160.787
prt,sex_t,ocu_skill_l2,2017,178.396
prt,sex_t,ocu_skill_l2,2018,150.127
prt,sex_t,ocu_skill_l2,2019,149.969
prt,sex_t,ocu_skill_l2,2020,128.473
prt,sex_t,ocu_skill_l2,2021,184.113
prt,sex_t,ocu_skill_l2,2022,135.189
prt,sex_t,ocu_skill_l2,2023,117.117
prt,sex_t,ocu_skill_l3_4,2007,45.413
prt,sex_t,ocu_skill_l3_4,2008,41.917
prt,sex_t,ocu_skill_l3_4,2009,37.515
prt,sex_t,ocu_skill_l3_4,2010,34.891
prt,sex_t,ocu_skill_l3_4,2011,24.922
prt,sex_t,ocu_skill_l3_4,2012,71.042
prt,sex_t,ocu_skill_l3_4,2013,66.692
prt,sex_t,ocu_skill_l3_4,2014,91.097
prt,sex_t,ocu_skill_l3_4,2015,87.859
prt,sex_t,ocu_skill_l3_4,2016,74.072
prt,sex_t,ocu_skill_l3_4,2017,96.852
prt,sex_t,ocu_skill_l3_4,2018,63.834
prt,sex_t,ocu_skill_l3_4,2019,61.699
prt,sex_t,ocu_skill_l3_4,2020,65.336
prt,sex_t,ocu_skill_l3_4,2021,95.015
prt,sex_t,ocu_skill_l3_4,2022,63.171
prt,sex_t,ocu_skill_l3_4,2023,74.155
prt,sex_t,ocu_skill_total,2007,370.244
prt,sex_t,ocu_skill_total,2008,424.729
prt,sex_t,ocu_skill_total,2009,253.332
prt,sex_t,ocu_skill_total,2010,247.955
prt,sex_t,ocu_skill_total,2011,243.458
prt,sex_t,ocu_skill_total,2012,257.349
prt,sex_t,ocu_skill_total,2013,243.573
prt,sex_t,ocu_skill_total,2014,291.177
prt,sex_t,ocu_skill_total,2015,291.022
prt,sex_t,ocu_skill_total,2016,264.244
prt,sex_t,ocu_skill_total,2017,298.053
prt,sex_t,ocu_skill_total,2018,238.321
prt,sex_t,ocu_skill_total,2019,231.762
prt,sex_t,ocu_skill_total,2020,214.823
prt,sex_t,ocu_skill_total,2021,323.643
prt,sex_t,ocu_skill_total,2022,216.434
prt,sex_t,ocu_skill_total,2023,216.881
prt,sex_t,ocu_skill_x,2008,17.901
prt,sex_t,ocu_skill_x,2009,5.467
prt,sex_t,ocu_skill_x,2020,1.672
prt,sex_t,ocu_skill_x,2021,8.586
prt,sex_t,ocu_skill_x,2023,1.684
pry,sex_f,ocu_isco08_1,2008,15.098
pry,sex_f,ocu_isco08_1,2009,12.348
pry,sex_f,ocu_isco08_1,2010,9.063
pry,sex_f,ocu_isco08_1,2011,5.513
pry,sex_f,ocu_isco08_1,2012,8.712
pry,sex_f,ocu_isco08_1,2013,15.963
pry,sex_f,ocu_isco08_1,2014,10.109
pry,sex_f,ocu_isco08_1,2015,11.106
pry,sex_f,ocu_isco08_1,2016,11.258
pry,sex_f,ocu_isco08_1,2017,9.563
pry,sex_f,ocu_isco08_1,2018,11.141
pry,sex_f,ocu_isco08_1,2019,16.131
pry,sex_f,ocu_isco08_1,2021,11.945
pry,sex_f,ocu_isco08_1,2022,16.729
pry,sex_f,ocu_isco08_1,2023,15.255
pry,sex_f,ocu_isco08_1,2024,13.274
pry,sex_f,ocu_isco08_2,2008,13.607
pry,sex_f,ocu_isco08_2,2009,16.963
pry,sex_f,ocu_isco08_2,2010,22.417
pry,sex_f,ocu_isco08_2,2011,23.78
pry,sex_f,ocu_isco08_2,2012,21.813
pry,sex_f,ocu_isco08_2,2013,24.833
pry,sex_f,ocu_isco08_2,2014,31.521
pry,sex_f,ocu_isco08_2,2015,32.32
pry,sex_f,ocu_isco08_2,2016,29.886
pry,sex_f,ocu_isco08_2,2017,29.763
pry,sex_f,ocu_isco08_2,2018,27.442
pry,sex_f,ocu_isco08_2,2019,30.165
pry,sex_f,ocu_isco08_2,2021,31.77
pry,sex_f,ocu_isco08_2,2022,42.412
pry,sex_f,ocu_isco08_2,2023,36.138
pry,sex_f,ocu_isco08_2,2024,32.091
pry,sex_f,ocu_isco08_3,2008,29.197
pry,sex_f,ocu_isco08_3,2009,26.139
pry,sex_f,ocu_isco08_3,2010,27.41
pry,sex_f,ocu_isco08_3,2011,41.49
pry,sex_f,ocu_isco08_3,2012,39.96
pry,sex_f,ocu_isco08_3,2013,46.233
pry,sex_f,ocu_isco08_3,2014,36.04
pry,sex_f,ocu_isco08_3,2015,41.911
pry,sex_f,ocu_isco08_3,2016,43.811
pry,sex_f,ocu_isco08_3,2017,39.484
pry,sex_f,ocu_isco08_3,2018,50.63
pry,sex_f,ocu_isco08_3,2019,48.206
pry,sex_f,ocu_isco08_3,2021,45.665
pry,sex_f,ocu_isco08_3,2022,50.961
pry,sex_f,ocu_isco08_3,2023,53.838
pry,sex_f,ocu_isco08_3,2024,47.178
pry,sex_f,ocu_isco08_4,2008,35.842
pry,sex_f,ocu_isco08_4,2009,42.808
pry,sex_f,ocu_isco08_4,2010,45.957
pry,sex_f,ocu_isco08_4,2011,35.426
pry,sex_f,ocu_isco08_4,2012,46.039
pry,sex_f,ocu_isco08_4,2013,38.163
pry,sex_f,ocu_isco08_4,2014,43.432
pry,sex_f,ocu_isco08_4,2015,43.543
pry,sex_f,ocu_isco08_4,2016,37.055
pry,sex_f,ocu_isco08_4,2017,36.699
pry,sex_f,ocu_isco08_4,2018,38.992
pry,sex_f,ocu_isco08_4,2019,41.826
pry,sex_f,ocu_isco08_4,2021,35.616
pry,sex_f,ocu_isco08_4,2022,40.936
pry,sex_f,ocu_isco08_4,2023,38.104
pry,sex_f,ocu_isco08_4,2024,38.176
pry,sex_f,ocu_isco08_5,2008,185.39
pry,sex_f,ocu_isco08_5,2009,242.001
pry,sex_f,ocu_isco08_5,2010,237.51
pry,sex_f,ocu_isco08_5,2011,269.271
pry,sex_f,ocu_isco08_5,2012,269.249
pry,sex_f,ocu_isco08_5,2013,304.451
pry,sex_f,ocu_isco08_5,2014,266.466
pry,sex_f,ocu_isco08_5,2015,317.35
pry,sex_f,ocu_isco08_5,2016,298.707
pry,sex_f,ocu_isco08_5,2017,301.222
pry,sex_f,ocu_isco08_5,2018,330.753
pry,sex_f,ocu_isco08_5,2019,321.955
pry,sex_f,ocu_isco08_5,2021,339.183
pry,sex_f,ocu_isco08_5,2022,363.226
pry,sex_f,ocu_isco08_5,2023,337.451
pry,sex_f,ocu_isco08_5,2024,303.604
pry,sex_f,ocu_isco08_6,2008,171.982
pry,sex_f,ocu_isco08_6,2009,217.933
pry,sex_f,ocu_isco08_6,2010,190.428
pry,sex_f,ocu_isco08_6,2011,225.68
pry,sex_f,ocu_isco08_6,2012,282.417
pry,sex_f,ocu_isco08_6,2013,196.366
pry,sex_f,ocu_isco08_6,2014,197.708
pry,sex_f,ocu_isco08_6,2015,181.468
pry,sex_f,ocu_isco08_6,2016,176.007
pry,sex_f,ocu_isco08_6,2017,183.599
pry,sex_f,ocu_isco08_6,2018,188.196
pry,sex_f,ocu_isco08_6,2019,169.981
pry,sex_f,ocu_isco08_6,2021,196.039
pry,sex_f,ocu_isco08_6,2022,156.394
pry,sex_f,ocu_isco08_6,2023,139.091
pry,sex_f,ocu_isco08_6,2024,122.342
pry,sex_f,ocu_isco08_7,2008,65.769
pry,sex_f,ocu_isco08_7,2009,74.656
pry,sex_f,ocu_isco08_7,2010,55.579
pry,sex_f,ocu_isco08_7,2011,57.48
pry,sex_f,ocu_isco08_7,2012,61.021
pry,sex_f,ocu_isco08_7,2013,60.438
pry,sex_f,ocu_isco08_7,2014,59.881
pry,sex_f,ocu_isco08_7,2015,67.907
pry,sex_f,ocu_isco08_7,2016,55.962
pry,sex_f,ocu_isco08_7,2017,51.548
pry,sex_f,ocu_isco08_7,2018,55.089
pry,sex_f,ocu_isco08_7,2019,62.867
pry,sex_f,ocu_isco08_7,2021,63.305
pry,sex_f,ocu_isco08_7,2022,60.653
pry,sex_f,ocu_isco08_7,2023,52.992
pry,sex_f,ocu_isco08_7,2024,50.726
pry,sex_f,ocu_isco08_8,2008,2.789
pry,sex_f,ocu_isco08_8,2010,2.581
pry,sex_f,ocu_isco08_8,2011,2.615
pry,sex_f,ocu_isco08_8,2012,2.696
pry,sex_f,ocu_isco08_8,2013,3.685
pry,sex_f,ocu_isco08_8,2014,2.037
pry,sex_f,ocu_isco08_8,2015,2.953
pry,sex_f,ocu_isco08_8,2016,2.815
pry,sex_f,ocu_isco08_8,2017,3.316
pry,sex_f,ocu_isco08_8,2018,4.128
pry,sex_f,ocu_isco08_8,2019,4.08
pry,sex_f,ocu_isco08_8,2021,8.121
pry,sex_f,ocu_isco08_8,2022,5.804
pry,sex_f,ocu_isco08_8,2023,7.505
pry,sex_f,ocu_isco08_8,2024,5.002
pry,sex_f,ocu_isco08_9,2008,262.33
pry,sex_f,ocu_isco08_9,2009,243.494
pry,sex_f,ocu_isco08_9,2010,258.827
pry,sex_f,ocu_isco08_9,2011,232.351
pry,sex_f,ocu_isco08_9,2012,258.592
pry,sex_f,ocu_isco08_9,2013,280.728
pry,sex_f,ocu_isco08_9,2014,268.917
pry,sex_f,ocu_isco08_9,2015,266.219
pry,sex_f,ocu_isco08_9,2016,254.451
pry,sex_f,ocu_isco08_9,2017,267.944
pry,sex_f,ocu_isco08_9,2018,273.953
pry,sex_f,ocu_isco08_9,2019,285.958
pry,sex_f,ocu_isco08_9,2021,272.29
pry,sex_f,ocu_isco08_9,2022,273.497
pry,sex_f,ocu_isco08_9,2023,250.11
pry,sex_f,ocu_isco08_9,2024,233.41
pry,sex_f,ocu_isco08_total,2008,782.21
pry,sex_f,ocu_isco08_total,2009,879.16
pry,sex_f,ocu_isco08_total,2010,850.845
pry,sex_f,ocu_isco08_total,2011,894.074
pry,sex_f,ocu_isco08_total,2012,990.499
pry,sex_f,ocu_isco08_total,2013,972.236
pry,sex_f,ocu_isco08_total,2014,916.253
pry,sex_f,ocu_isco08_total,2015,964.777
pry,sex_f,ocu_isco08_total,2016,910.233
pry,sex_f,ocu_isco08_total,2017,923.637
pry,sex_f,ocu_isco08_total,2018,980.323
pry,sex_f,ocu_isco08_total,2019,981.576
pry,sex_f,ocu_isco08_total,2021,1003.934
pry,sex_f,ocu_isco08_total,2022,1010.735
pry,sex_f,ocu_isco08_total,2023,930.804
pry,sex_f,ocu_isco08_total,2024,845.804
pry,sex_f,ocu_isco08_x,2009,1.871
pry,sex_f,ocu_isco08_x,2017,0.498
pry,sex_f,ocu_skill_l1,2008,262.33
pry,sex_f,ocu_skill_l1,2009,243.494
pry,sex_f,ocu_skill_l1,2010,258.827
pry,sex_f,ocu_skill_l1,2011,232.351
pry,sex_f,ocu_skill_l1,2012,258.592
pry,sex_f,ocu_skill_l1,2013,280.728
pry,sex_f,ocu_skill_l1,2014,268.917
pry,sex_f,ocu_skill_l1,2015,266.219
pry,sex_f,ocu_skill_l1,2016,254.451
pry,sex_f,ocu_skill_l1,2017,267.944
pry,sex_f,ocu_skill_l1,2018,273.953
pry,sex_f,ocu_skill_l1,2019,285.958
pry,sex_f,ocu_skill_l1,2021,272.29
pry,sex_f,ocu_skill_l1,2022,273.497
pry,sex_f,ocu_skill_l1,2023,250.11
pry,sex_f,ocu_skill_l1,2024,233.41
pry,sex_f,ocu_skill_l2,2008,461.772
pry,sex_f,ocu_skill_l2,2009,578.345
pry,sex_f,ocu_skill_l2,2010,532.055
pry,sex_f,ocu_skill_l2,2011,590.472
pry,sex_f,ocu_skill_l2,2012,661.422
pry,sex_f,ocu_skill_l2,2013,603.103
pry,sex_f,ocu_skill_l2,2014,569.524
pry,sex_f,ocu_skill_l2,2015,613.221
pry,sex_f,ocu_skill_l2,2016,570.546
pry,sex_f,ocu_skill_l2,2017,576.384
pry,sex_f,ocu_skill_l2,2018,617.157
pry,sex_f,ocu_skill_l2,2019,600.709
pry,sex_f,ocu_skill_l2,2021,642.264
pry,sex_f,ocu_skill_l2,2022,627.014
pry,sex_f,ocu_skill_l2,2023,575.144
pry,sex_f,ocu_skill_l2,2024,519.85
pry,sex_f,ocu_skill_l3_4,2008,57.902
pry,sex_f,ocu_skill_l3_4,2009,55.45
pry,sex_f,ocu_skill_l3_4,2010,58.89
pry,sex_f,ocu_skill_l3_4,2011,70.783
pry,sex_f,ocu_skill_l3_4,2012,70.485
pry,sex_f,ocu_skill_l3_4,2013,87.029
pry,sex_f,ocu_skill_l3_4,2014,77.67
pry,sex_f,ocu_skill_l3_4,2015,85.337
pry,sex_f,ocu_skill_l3_4,2016,84.955
pry,sex_f,ocu_skill_l3_4,2017,78.81
pry,sex_f,ocu_skill_l3_4,2018,89.213
pry,sex_f,ocu_skill_l3_4,2019,94.502
pry,sex_f,ocu_skill_l3_4,2021,89.38
pry,sex_f,ocu_skill_l3_4,2022,110.102
pry,sex_f,ocu_skill_l3_4,2023,105.232
pry,sex_f,ocu_skill_l3_4,2024,92.543
pry,sex_f,ocu_skill_total,2008,782.21
pry,sex_f,ocu_skill_total,2009,879.16
pry,sex_f,ocu_skill_total,2010,850.845
pry,sex_f,ocu_skill_total,2011,894.074
pry,sex_f,ocu_skill_total,2012,990.499
pry,sex_f,ocu_skill_total,2013,972.236
pry,sex_f,ocu_skill_total,2014,916.253
pry,sex_f,ocu_skill_total,2015,964.777
pry,sex_f,ocu_skill_total,2016,910.233
pry,sex_f,ocu_skill_total,2017,923.637
pry,sex_f,ocu_skill_total,2018,980.323
pry,sex_f,ocu_skill_total,2019,981.576
pry,sex_f,ocu_skill_total,2021,1003.934
pry,sex_f,ocu_skill_total,2022,1010.735
pry,sex_f,ocu_skill_total,2023,930.804
pry,sex_f,ocu_skill_total,2024,845.804
pry,sex_f,ocu_skill_x,2009,1.871
pry,sex_f,ocu_skill_x,2017,0.498
pry,sex_m,ocu_isco08_1,2008,23.146
pry,sex_m,ocu_isco08_1,2009,13.845
pry,sex_m,ocu_isco08_1,2010,15.546
pry,sex_m,ocu_isco08_1,2011,19.998
pry,sex_m,ocu_isco08_1,2012,20.058
pry,sex_m,ocu_isco08_1,2013,22.725
pry,sex_m,ocu_isco08_1,2014,25.156
pry,sex_m,ocu_isco08_1,2015,19.926
pry,sex_m,ocu_isco08_1,2016,21.853
pry,sex_m,ocu_isco08_1,2017,21.258
pry,sex_m,ocu_isco08_1,2018,20.721
pry,sex_m,ocu_isco08_1,2019,24.593
pry,sex_m,ocu_isco08_1,2021,18.029
pry,sex_m,ocu_isco08_1,2022,27.584
pry,sex_m,ocu_isco08_1,2023,23.565
pry,sex_m,ocu_isco08_1,2024,19.416
pry,sex_m,ocu_isco08_2,2008,18.47
pry,sex_m,ocu_isco08_2,2009,15.288
pry,sex_m,ocu_isco08_2,2010,11.771
pry,sex_m,ocu_isco08_2,2011,20.637
pry,sex_m,ocu_isco08_2,2012,10.286
pry,sex_m,ocu_isco08_2,2013,15.524
pry,sex_m,ocu_isco08_2,2014,18.069
pry,sex_m,ocu_isco08_2,2015,14.85
pry,sex_m,ocu_isco08_2,2016,21.265
pry,sex_m,ocu_isco08_2,2017,16.254
pry,sex_m,ocu_isco08_2,2018,17.65
pry,sex_m,ocu_isco08_2,2019,18.06
pry,sex_m,ocu_isco08_2,2021,16.132
pry,sex_m,ocu_isco08_2,2022,23.079
pry,sex_m,ocu_isco08_2,2023,22.81
pry,sex_m,ocu_isco08_2,2024,19.453
pry,sex_m,ocu_isco08_3,2008,47.791
pry,sex_m,ocu_isco08_3,2009,49.039
pry,sex_m,ocu_isco08_3,2010,51.357
pry,sex_m,ocu_isco08_3,2011,47.604
pry,sex_m,ocu_isco08_3,2012,76.063
pry,sex_m,ocu_isco08_3,2013,59.719
pry,sex_m,ocu_isco08_3,2014,60.65
pry,sex_m,ocu_isco08_3,2015,71.405
pry,sex_m,ocu_isco08_3,2016,64.08
pry,sex_m,ocu_isco08_3,2017,65.552
pry,sex_m,ocu_isco08_3,2018,65.075
pry,sex_m,ocu_isco08_3,2019,67.122
pry,sex_m,ocu_isco08_3,2021,56.511
pry,sex_m,ocu_isco08_3,2022,65.275
pry,sex_m,ocu_isco08_3,2023,59.731
pry,sex_m,ocu_isco08_3,2024,52.747
pry,sex_m,ocu_isco08_4,2008,42.613
pry,sex_m,ocu_isco08_4,2009,44.957
pry,sex_m,ocu_isco08_4,2010,48.249
pry,sex_m,ocu_isco08_4,2011,30.631
pry,sex_m,ocu_isco08_4,2012,43.484
pry,sex_m,ocu_isco08_4,2013,38.847
pry,sex_m,ocu_isco08_4,2014,40.723
pry,sex_m,ocu_isco08_4,2015,46.763
pry,sex_m,ocu_isco08_4,2016,28.688
pry,sex_m,ocu_isco08_4,2017,35.745
pry,sex_m,ocu_isco08_4,2018,29.799
pry,sex_m,ocu_isco08_4,2019,35.773
pry,sex_m,ocu_isco08_4,2021,27.847
pry,sex_m,ocu_isco08_4,2022,29.337
pry,sex_m,ocu_isco08_4,2023,24.862
pry,sex_m,ocu_isco08_4,2024,23.666
pry,sex_m,ocu_isco08_5,2008,108.643
pry,sex_m,ocu_isco08_5,2009,130.751
pry,sex_m,ocu_isco08_5,2010,120.856
pry,sex_m,ocu_isco08_5,2011,142.677
pry,sex_m,ocu_isco08_5,2012,151.445
pry,sex_m,ocu_isco08_5,2013,139.98
pry,sex_m,ocu_isco08_5,2014,140.12
pry,sex_m,ocu_isco08_5,2015,158.685
pry,sex_m,ocu_isco08_5,2016,146.927
pry,sex_m,ocu_isco08_5,2017,151.671
pry,sex_m,ocu_isco08_5,2018,160.926
pry,sex_m,ocu_isco08_5,2019,164.66
pry,sex_m,ocu_isco08_5,2021,154.14
pry,sex_m,ocu_isco08_5,2022,155.381
pry,sex_m,ocu_isco08_5,2023,148.177
pry,sex_m,ocu_isco08_5,2024,138.257
pry,sex_m,ocu_isco08_6,2008,408.254
pry,sex_m,ocu_isco08_6,2009,438.574
pry,sex_m,ocu_isco08_6,2010,428.121
pry,sex_m,ocu_isco08_6,2011,436.26
pry,sex_m,ocu_isco08_6,2012,412.08
pry,sex_m,ocu_isco08_6,2013,390.952
pry,sex_m,ocu_isco08_6,2014,351.492
pry,sex_m,ocu_isco08_6,2015,339.606
pry,sex_m,ocu_isco08_6,2016,357.943
pry,sex_m,ocu_isco08_6,2017,337.627
pry,sex_m,ocu_isco08_6,2018,332.332
pry,sex_m,ocu_isco08_6,2019,323.414
pry,sex_m,ocu_isco08_6,2021,335.305
pry,sex_m,ocu_isco08_6,2022,301.807
pry,sex_m,ocu_isco08_6,2023,273.25
pry,sex_m,ocu_isco08_6,2024,231.866
pry,sex_m,ocu_isco08_7,2008,273.103
pry,sex_m,ocu_isco08_7,2009,263.59
pry,sex_m,ocu_isco08_7,2010,301.143
pry,sex_m,ocu_isco08_7,2011,273.253
pry,sex_m,ocu_isco08_7,2012,259.007
pry,sex_m,ocu_isco08_7,2013,281.35
pry,sex_m,ocu_isco08_7,2014,289.165
pry,sex_m,ocu_isco08_7,2015,315.237
pry,sex_m,ocu_isco08_7,2016,308.967
pry,sex_m,ocu_isco08_7,2017,291.712
pry,sex_m,ocu_isco08_7,2018,288.537
pry,sex_m,ocu_isco08_7,2019,302.348
pry,sex_m,ocu_isco08_7,2021,328.71
pry,sex_m,ocu_isco08_7,2022,321.579
pry,sex_m,ocu_isco08_7,2023,291.276
pry,sex_m,ocu_isco08_7,2024,265.665
pry,sex_m,ocu_isco08_8,2008,74.042
pry,sex_m,ocu_isco08_8,2009,62.204
pry,sex_m,ocu_isco08_8,2010,66.257
pry,sex_m,ocu_isco08_8,2011,81.72
pry,sex_m,ocu_isco08_8,2012,87.315
pry,sex_m,ocu_isco08_8,2013,85.409
pry,sex_m,ocu_isco08_8,2014,80.685
pry,sex_m,ocu_isco08_8,2015,88.558
pry,sex_m,ocu_isco08_8,2016,90.014
pry,sex_m,ocu_isco08_8,2017,90.532
pry,sex_m,ocu_isco08_8,2018,95.468
pry,sex_m,ocu_isco08_8,2019,87.317
pry,sex_m,ocu_isco08_8,2021,84.394
pry,sex_m,ocu_isco08_8,2022,99.728
pry,sex_m,ocu_isco08_8,2023,91.525
pry,sex_m,ocu_isco08_8,2024,83.273
pry,sex_m,ocu_isco08_9,2008,238.185
pry,sex_m,ocu_isco08_9,2009,290.435
pry,sex_m,ocu_isco08_9,2010,260.291
pry,sex_m,ocu_isco08_9,2011,230.497
pry,sex_m,ocu_isco08_9,2012,290.078
pry,sex_m,ocu_isco08_9,2013,275.561
pry,sex_m,ocu_isco08_9,2014,306.485
pry,sex_m,ocu_isco08_9,2015,280.039
pry,sex_m,ocu_isco08_9,2016,301.703
pry,sex_m,ocu_isco08_9,2017,314.294
pry,sex_m,ocu_isco08_9,2018,336.902
pry,sex_m,ocu_isco08_9,2019,327.678
pry,sex_m,ocu_isco08_9,2021,373.217
pry,sex_m,ocu_isco08_9,2022,330.011
pry,sex_m,ocu_isco08_9,2023,299.158
pry,sex_m,ocu_isco08_9,2024,275.61
pry,sex_m,ocu_isco08_total,2008,1234.247
pry,sex_m,ocu_isco08_total,2009,1312.266
pry,sex_m,ocu_isco08_total,2010,1304.332
pry,sex_m,ocu_isco08_total,2011,1286.997
pry,sex_m,ocu_isco08_total,2012,1349.816
pry,sex_m,ocu_isco08_total,2013,1311.145
pry,sex_m,ocu_isco08_total,2014,1313.079
pry,sex_m,ocu_isco08_total,2015,1335.069
pry,sex_m,ocu_isco08_total,2016,1343.29
pry,sex_m,ocu_isco08_total,2017,1326.151
pry,sex_m,ocu_isco08_total,2018,1347.693
pry,sex_m,ocu_isco08_total,2019,1351.868
pry,sex_m,ocu_isco08_total,2021,1394.748
pry,sex_m,ocu_isco08_total,2022,1354.508
pry,sex_m,ocu_isco08_total,2023,1234.469
pry,sex_m,ocu_isco08_total,2024,1110.009
pry,sex_m,ocu_isco08_x,2009,3.291
pry,sex_m,ocu_isco08_x,2011,3.37
pry,sex_m,ocu_isco08_x,2017,1.366
pry,sex_m,ocu_isco08_x,2019,0.903
pry,sex_m,ocu_isco08_x,2022,0.588
pry,sex_m,ocu_skill_l1,2008,238.185
pry,sex_m,ocu_skill_l1,2009,290.435
pry,sex_m,ocu_skill_l1,2010,260.291
pry,sex_m,ocu_skill_l1,2011,230.497
pry,sex_m,ocu_skill_l1,2012,290.078
pry,sex_m,ocu_skill_l1,2013,275.561
pry,sex_m,ocu_skill_l1,2014,306.485
pry,sex_m,ocu_skill_l1,2015,280.039
pry,sex_m,ocu_skill_l1,2016,301.703
pry,sex_m,ocu_skill_l1,2017,314.294
pry,sex_m,ocu_skill_l1,2018,336.902
pry,sex_m,ocu_skill_l1,2019,327.678
pry,sex_m,ocu_skill_l1,2021,373.217
pry,sex_m,ocu_skill_l1,2022,330.011
pry,sex_m,ocu_skill_l1,2023,299.158
pry,sex_m,ocu_skill_l1,2024,275.61
pry,sex_m,ocu_skill_l2,2008,906.655
pry,sex_m,ocu_skill_l2,2009,940.076
pry,sex_m,ocu_skill_l2,2010,964.626
pry,sex_m,ocu_skill_l2,2011,964.541
pry,sex_m,ocu_skill_l2,2012,953.331
pry,sex_m,ocu_skill_l2,2013,936.538
pry,sex_m,ocu_skill_l2,2014,902.185
pry,sex_m,ocu_skill_l2,2015,948.849
pry,sex_m,ocu_skill_l2,2016,932.539
pry,sex_m,ocu_skill_l2,2017,907.286
pry,sex_m,ocu_skill_l2,2018,907.062
pry,sex_m,ocu_skill_l2,2019,913.512
pry,sex_m,ocu_skill_l2,2021,930.397
pry,sex_m,ocu_skill_l2,2022,907.832
pry,sex_m,ocu_skill_l2,2023,829.09
pry,sex_m,ocu_skill_l2,2024,742.728
pry,sex_m,ocu_skill_l3_4,2008,89.407
pry,sex_m,ocu_skill_l3_4,2009,78.172
pry,sex_m,ocu_skill_l3_4,2010,78.674
pry,sex_m,ocu_skill_l3_4,2011,88.239
pry,sex_m,ocu_skill_l3_4,2012,106.407
pry,sex_m,ocu_skill_l3_4,2013,97.968
pry,sex_m,ocu_skill_l3_4,2014,103.875
pry,sex_m,ocu_skill_l3_4,2015,106.181
pry,sex_m,ocu_skill_l3_4,2016,107.198
pry,sex_m,ocu_skill_l3_4,2017,103.064
pry,sex_m,ocu_skill_l3_4,2018,103.446
pry,sex_m,ocu_skill_l3_4,2019,109.774
pry,sex_m,ocu_skill_l3_4,2021,90.672
pry,sex_m,ocu_skill_l3_4,2022,115.938
pry,sex_m,ocu_skill_l3_4,2023,106.106
pry,sex_m,ocu_skill_l3_4,2024,91.616
pry,sex_m,ocu_skill_total,2008,1234.247
pry,sex_m,ocu_skill_total,2009,1312.266
pry,sex_m,ocu_skill_total,2010,1304.332
pry,sex_m,ocu_skill_total,2011,1286.997
pry,sex_m,ocu_skill_total,2012,1349.816
pry,sex_m,ocu_skill_total,2013,1311.145
pry,sex_m,ocu_skill_total,2014,1313.079
pry,sex_m,ocu_skill_total,2015,1335.069
pry,sex_m,ocu_skill_total,2016,1343.29
pry,sex_m,ocu_skill_total,2017,1326.151
pry,sex_m,ocu_skill_total,2018,1347.693
pry,sex_m,ocu_skill_total,2019,1351.868
pry,sex_m,ocu_skill_total,2021,1394.748
pry,sex_m,ocu_skill_total,2022,1354.508
pry,sex_m,ocu_skill_total,2023,1234.469
pry,sex_m,ocu_skill_total,2024,1110.009
pry,sex_m,ocu_skill_x,2009,3.583
pry,sex_m,ocu_skill_x,2011,3.72
pry,sex_m,ocu_skill_x,2017,1.506
pry,sex_m,ocu_skill_x,2019,0.903
pry,sex_m,ocu_skill_x,2022,0.728
pry,sex_t,ocu_isco08_1,2008,38.244
pry,sex_t,ocu_isco08_1,2009,26.193
pry,sex_t,ocu_isco08_1,2010,24.609
pry,sex_t,ocu_isco08_1,2011,25.511
pry,sex_t,ocu_isco08_1,2012,28.77
pry,sex_t,ocu_isco08_1,2013,38.688
pry,sex_t,ocu_isco08_1,2014,35.265
pry,sex_t,ocu_isco08_1,2015,31.032
pry,sex_t,ocu_isco08_1,2016,33.111
pry,sex_t,ocu_isco08_1,2017,30.821
pry,sex_t,ocu_isco08_1,2018,31.862
pry,sex_t,ocu_isco08_1,2019,40.724
pry,sex_t,ocu_isco08_1,2021,29.974
pry,sex_t,ocu_isco08_1,2022,44.313
pry,sex_t,ocu_isco08_1,2023,38.82
pry,sex_t,ocu_isco08_1,2024,32.69
pry,sex_t,ocu_isco08_2,2008,32.077
pry,sex_t,ocu_isco08_2,2009,32.251
pry,sex_t,ocu_isco08_2,2010,34.188
pry,sex_t,ocu_isco08_2,2011,44.417
pry,sex_t,ocu_isco08_2,2012,32.099
pry,sex_t,ocu_isco08_2,2013,40.357
pry,sex_t,ocu_isco08_2,2014,49.59
pry,sex_t,ocu_isco08_2,2015,47.17
pry,sex_t,ocu_isco08_2,2016,51.151
pry,sex_t,ocu_isco08_2,2017,46.017
pry,sex_t,ocu_isco08_2,2018,45.091
pry,sex_t,ocu_isco08_2,2019,48.224
pry,sex_t,ocu_isco08_2,2021,47.902
pry,sex_t,ocu_isco08_2,2022,65.491
pry,sex_t,ocu_isco08_2,2023,58.948
pry,sex_t,ocu_isco08_2,2024,51.545
pry,sex_t,ocu_isco08_3,2008,76.988
pry,sex_t,ocu_isco08_3,2009,75.178
pry,sex_t,ocu_isco08_3,2010,78.767
pry,sex_t,ocu_isco08_3,2011,89.094
pry,sex_t,ocu_isco08_3,2012,116.023
pry,sex_t,ocu_isco08_3,2013,105.952
pry,sex_t,ocu_isco08_3,2014,96.69
pry,sex_t,ocu_isco08_3,2015,113.316
pry,sex_t,ocu_isco08_3,2016,107.891
pry,sex_t,ocu_isco08_3,2017,105.036
pry,sex_t,ocu_isco08_3,2018,115.706
pry,sex_t,ocu_isco08_3,2019,115.328
pry,sex_t,ocu_isco08_3,2021,102.176
pry,sex_t,ocu_isco08_3,2022,116.236
pry,sex_t,ocu_isco08_3,2023,113.569
pry,sex_t,ocu_isco08_3,2024,99.925
pry,sex_t,ocu_isco08_4,2008,78.455
pry,sex_t,ocu_isco08_4,2009,87.765
pry,sex_t,ocu_isco08_4,2010,94.206
pry,sex_t,ocu_isco08_4,2011,66.057
pry,sex_t,ocu_isco08_4,2012,89.523
pry,sex_t,ocu_isco08_4,2013,77.01
pry,sex_t,ocu_isco08_4,2014,84.155
pry,sex_t,ocu_isco08_4,2015,90.306
pry,sex_t,ocu_isco08_4,2016,65.743
pry,sex_t,ocu_isco08_4,2017,72.444
pry,sex_t,ocu_isco08_4,2018,68.791
pry,sex_t,ocu_isco08_4,2019,77.599
pry,sex_t,ocu_isco08_4,2021,63.463
pry,sex_t,ocu_isco08_4,2022,70.274
pry,sex_t,ocu_isco08_4,2023,62.966
pry,sex_t,ocu_isco08_4,2024,61.843
pry,sex_t,ocu_isco08_5,2008,294.033
pry,sex_t,ocu_isco08_5,2009,372.752
pry,sex_t,ocu_isco08_5,2010,358.366
pry,sex_t,ocu_isco08_5,2011,411.948
pry,sex_t,ocu_isco08_5,2012,420.694
pry,sex_t,ocu_isco08_5,2013,444.431
pry,sex_t,ocu_isco08_5,2014,406.586
pry,sex_t,ocu_isco08_5,2015,476.035
pry,sex_t,ocu_isco08_5,2016,445.634
pry,sex_t,ocu_isco08_5,2017,452.893
pry,sex_t,ocu_isco08_5,2018,491.678
pry,sex_t,ocu_isco08_5,2019,486.616
pry,sex_t,ocu_isco08_5,2021,493.322
pry,sex_t,ocu_isco08_5,2022,518.608
pry,sex_t,ocu_isco08_5,2023,485.628
pry,sex_t,ocu_isco08_5,2024,441.862
pry,sex_t,ocu_isco08_6,2008,580.236
pry,sex_t,ocu_isco08_6,2009,656.507
pry,sex_t,ocu_isco08_6,2010,618.549
pry,sex_t,ocu_isco08_6,2011,661.94
pry,sex_t,ocu_isco08_6,2012,694.497
pry,sex_t,ocu_isco08_6,2013,587.318
pry,sex_t,ocu_isco08_6,2014,549.2
pry,sex_t,ocu_isco08_6,2015,521.074
pry,sex_t,ocu_isco08_6,2016,533.95
pry,sex_t,ocu_isco08_6,2017,521.226
pry,sex_t,ocu_isco08_6,2018,520.528
pry,sex_t,ocu_isco08_6,2019,493.396
pry,sex_t,ocu_isco08_6,2021,531.344
pry,sex_t,ocu_isco08_6,2022,458.2
pry,sex_t,ocu_isco08_6,2023,412.342
pry,sex_t,ocu_isco08_6,2024,354.208
pry,sex_t,ocu_isco08_7,2008,338.872
pry,sex_t,ocu_isco08_7,2009,338.246
pry,sex_t,ocu_isco08_7,2010,356.722
pry,sex_t,ocu_isco08_7,2011,330.733
pry,sex_t,ocu_isco08_7,2012,320.028
pry,sex_t,ocu_isco08_7,2013,341.788
pry,sex_t,ocu_isco08_7,2014,349.046
pry,sex_t,ocu_isco08_7,2015,383.144
pry,sex_t,ocu_isco08_7,2016,364.929
pry,sex_t,ocu_isco08_7,2017,343.26
pry,sex_t,ocu_isco08_7,2018,343.626
pry,sex_t,ocu_isco08_7,2019,365.215
pry,sex_t,ocu_isco08_7,2021,392.015
pry,sex_t,ocu_isco08_7,2022,382.232
pry,sex_t,ocu_isco08_7,2023,344.268
pry,sex_t,ocu_isco08_7,2024,316.391
pry,sex_t,ocu_isco08_8,2008,76.831
pry,sex_t,ocu_isco08_8,2009,63.151
pry,sex_t,ocu_isco08_8,2010,68.838
pry,sex_t,ocu_isco08_8,2011,84.335
pry,sex_t,ocu_isco08_8,2012,90.011
pry,sex_t,ocu_isco08_8,2013,89.094
pry,sex_t,ocu_isco08_8,2014,82.722
pry,sex_t,ocu_isco08_8,2015,91.511
pry,sex_t,ocu_isco08_8,2016,92.829
pry,sex_t,ocu_isco08_8,2017,93.848
pry,sex_t,ocu_isco08_8,2018,99.596
pry,sex_t,ocu_isco08_8,2019,91.396
pry,sex_t,ocu_isco08_8,2021,92.516
pry,sex_t,ocu_isco08_8,2022,105.532
pry,sex_t,ocu_isco08_8,2023,99.03
pry,sex_t,ocu_isco08_8,2024,88.274
pry,sex_t,ocu_isco08_9,2008,500.515
pry,sex_t,ocu_isco08_9,2009,533.929
pry,sex_t,ocu_isco08_9,2010,519.118
pry,sex_t,ocu_isco08_9,2011,462.848
pry,sex_t,ocu_isco08_9,2012,548.67
pry,sex_t,ocu_isco08_9,2013,556.289
pry,sex_t,ocu_isco08_9,2014,575.402
pry,sex_t,ocu_isco08_9,2015,546.258
pry,sex_t,ocu_isco08_9,2016,556.154
pry,sex_t,ocu_isco08_9,2017,582.239
pry,sex_t,ocu_isco08_9,2018,610.855
pry,sex_t,ocu_isco08_9,2019,613.637
pry,sex_t,ocu_isco08_9,2021,645.507
pry,sex_t,ocu_isco08_9,2022,603.508
pry,sex_t,ocu_isco08_9,2023,549.268
pry,sex_t,ocu_isco08_9,2024,509.02
pry,sex_t,ocu_isco08_total,2008,2016.457
pry,sex_t,ocu_isco08_total,2009,2191.426
pry,sex_t,ocu_isco08_total,2010,2155.177
pry,sex_t,ocu_isco08_total,2011,2181.071
pry,sex_t,ocu_isco08_total,2012,2340.315
pry,sex_t,ocu_isco08_total,2013,2283.381
pry,sex_t,ocu_isco08_total,2014,2229.332
pry,sex_t,ocu_isco08_total,2015,2299.846
pry,sex_t,ocu_isco08_total,2016,2253.523
pry,sex_t,ocu_isco08_total,2017,2249.788
pry,sex_t,ocu_isco08_total,2018,2328.016
pry,sex_t,ocu_isco08_total,2019,2333.443
pry,sex_t,ocu_isco08_total,2021,2398.682
pry,sex_t,ocu_isco08_total,2022,2365.243
pry,sex_t,ocu_isco08_total,2023,2165.274
pry,sex_t,ocu_isco08_total,2024,1955.813
pry,sex_t,ocu_isco08_x,2009,5.162
pry,sex_t,ocu_isco08_x,2010,1.814
pry,sex_t,ocu_isco08_x,2011,3.838
pry,sex_t,ocu_isco08_x,2013,1.928
pry,sex_t,ocu_isco08_x,2016,2.131
pry,sex_t,ocu_isco08_x,2017,1.864
pry,sex_t,ocu_isco08_x,2019,1.308
pry,sex_t,ocu_isco08_x,2022,0.71
pry,sex_t,ocu_skill_l1,2008,500.515
pry,sex_t,ocu_skill_l1,2009,533.929
pry,sex_t,ocu_skill_l1,2010,519.118
pry,sex_t,ocu_skill_l1,2011,462.848
pry,sex_t,ocu_skill_l1,2012,548.67
pry,sex_t,ocu_skill_l1,2013,556.289
pry,sex_t,ocu_skill_l1,2014,575.402
pry,sex_t,ocu_skill_l1,2015,546.258
pry,sex_t,ocu_skill_l1,2016,556.154
pry,sex_t,ocu_skill_l1,2017,582.239
pry,sex_t,ocu_skill_l1,2018,610.855
pry,sex_t,ocu_skill_l1,2019,613.637
pry,sex_t,ocu_skill_l1,2021,645.507
pry,sex_t,ocu_skill_l1,2022,603.508
pry,sex_t,ocu_skill_l1,2023,549.268
pry,sex_t,ocu_skill_l1,2024,509.02
pry,sex_t,ocu_skill_l2,2008,1368.427
pry,sex_t,ocu_skill_l2,2009,1518.421
pry,sex_t,ocu_skill_l2,2010,1496.681
pry,sex_t,ocu_skill_l2,2011,1555.013
pry,sex_t,ocu_skill_l2,2012,1614.753
pry,sex_t,ocu_skill_l2,2013,1539.641
pry,sex_t,ocu_skill_l2,2014,1471.709
pry,sex_t,ocu_skill_l2,2015,1562.07
pry,sex_t,ocu_skill_l2,2016,1503.085
pry,sex_t,ocu_skill_l2,2017,1483.671
pry,sex_t,ocu_skill_l2,2018,1524.219
pry,sex_t,ocu_skill_l2,2019,1514.221
pry,sex_t,ocu_skill_l2,2021,1572.661
pry,sex_t,ocu_skill_l2,2022,1534.846
pry,sex_t,ocu_skill_l2,2023,1404.234
pry,sex_t,ocu_skill_l2,2024,1262.578
pry,sex_t,ocu_skill_l3_4,2008,147.309
pry,sex_t,ocu_skill_l3_4,2009,133.622
pry,sex_t,ocu_skill_l3_4,2010,137.564
pry,sex_t,ocu_skill_l3_4,2011,159.022
pry,sex_t,ocu_skill_l3_4,2012,176.892
pry,sex_t,ocu_skill_l3_4,2013,184.997
pry,sex_t,ocu_skill_l3_4,2014,181.545
pry,sex_t,ocu_skill_l3_4,2015,191.518
pry,sex_t,ocu_skill_l3_4,2016,192.153
pry,sex_t,ocu_skill_l3_4,2017,181.874
pry,sex_t,ocu_skill_l3_4,2018,192.659
pry,sex_t,ocu_skill_l3_4,2019,204.277
pry,sex_t,ocu_skill_l3_4,2021,180.052
pry,sex_t,ocu_skill_l3_4,2022,226.039
pry,sex_t,ocu_skill_l3_4,2023,211.337
pry,sex_t,ocu_skill_l3_4,2024,184.16
pry,sex_t,ocu_skill_total,2008,2016.457
pry,sex_t,ocu_skill_total,2009,2191.426
pry,sex_t,ocu_skill_total,2010,2155.177
pry,sex_t,ocu_skill_total,2011,2181.071
pry,sex_t,ocu_skill_total,2012,2340.315
pry,sex_t,ocu_skill_total,2013,2283.381
pry,sex_t,ocu_skill_total,2014,2229.332
pry,sex_t,ocu_skill_total,2015,2299.846
pry,sex_t,ocu_skill_total,2016,2253.523
pry,sex_t,ocu_skill_total,2017,2249.788
pry,sex_t,ocu_skill_total,2018,2328.016
pry,sex_t,ocu_skill_total,2019,2333.443
pry,sex_t,ocu_skill_total,2021,2398.682
pry,sex_t,ocu_skill_total,2022,2365.243
pry,sex_t,ocu_skill_total,2023,2165.274
pry,sex_t,ocu_skill_total,2024,1955.813
pry,sex_t,ocu_skill_x,2009,5.454
pry,sex_t,ocu_skill_x,2010,1.814
pry,sex_t,ocu_skill_x,2011,4.188
pry,sex_t,ocu_skill_x,2013,2.454
pry,sex_t,ocu_skill_x,2016,2.131
pry,sex_t,ocu_skill_x,2017,2.005
pry,sex_t,ocu_skill_x,2019,1.308
pry,sex_t,ocu_skill_x,2022,0.85
pry,sex_t,ocu_skill_x,2023,0.435
pse,sex_f,ocu_isco08_0,2014,0
pse,sex_f,ocu_isco08_0,2016,0
pse,sex_f,ocu_isco08_0,2018,0
pse,sex_f,ocu_isco08_0,2019,0.347
pse,sex_f,ocu_isco08_0,2020,0.422
pse,sex_f,ocu_isco08_0,2021,0.423
pse,sex_f,ocu_isco08_0,2022,0.166
pse,sex_f,ocu_isco08_1,2012,1.071
pse,sex_f,ocu_isco08_1,2013,0.796
pse,sex_f,ocu_isco08_1,2014,0.402
pse,sex_f,ocu_isco08_1,2015,0.394
pse,sex_f,ocu_isco08_1,2016,0.508
pse,sex_f,ocu_isco08_1,2017,0.583
pse,sex_f,ocu_isco08_1,2018,0.681
pse,sex_f,ocu_isco08_1,2019,0.575
pse,sex_f,ocu_isco08_1,2020,0.505
pse,sex_f,ocu_isco08_1,2021,0.784
pse,sex_f,ocu_isco08_1,2022,0.689
pse,sex_f,ocu_isco08_1,2024,1.093
pse,sex_f,ocu_isco08_2,2012,11.57
pse,sex_f,ocu_isco08_2,2013,13.6
pse,sex_f,ocu_isco08_2,2014,15.574
pse,sex_f,ocu_isco08_2,2015,16.516
pse,sex_f,ocu_isco08_2,2016,16.876
pse,sex_f,ocu_isco08_2,2017,18.427
pse,sex_f,ocu_isco08_2,2018,17.227
pse,sex_f,ocu_isco08_2,2019,21.178
pse,sex_f,ocu_isco08_2,2020,14.548
pse,sex_f,ocu_isco08_2,2021,17.572
pse,sex_f,ocu_isco08_2,2022,24.637
pse,sex_f,ocu_isco08_2,2024,14.611
pse,sex_f,ocu_isco08_3,2012,2.898
pse,sex_f,ocu_isco08_3,2013,4.918
pse,sex_f,ocu_isco08_3,2014,5.55
pse,sex_f,ocu_isco08_3,2015,4.23
pse,sex_f,ocu_isco08_3,2016,4.075
pse,sex_f,ocu_isco08_3,2017,4.803
pse,sex_f,ocu_isco08_3,2018,4.413
pse,sex_f,ocu_isco08_3,2019,4.493
pse,sex_f,ocu_isco08_3,2020,3.288
pse,sex_f,ocu_isco08_3,2021,3.828
pse,sex_f,ocu_isco08_3,2022,5.534
pse,sex_f,ocu_isco08_3,2024,3.023
pse,sex_f,ocu_isco08_4,2012,2.576
pse,sex_f,ocu_isco08_4,2013,2.375
pse,sex_f,ocu_isco08_4,2014,3.184
pse,sex_f,ocu_isco08_4,2015,3.532
pse,sex_f,ocu_isco08_4,2016,3.121
pse,sex_f,ocu_isco08_4,2017,4.019
pse,sex_f,ocu_isco08_4,2018,2.859
pse,sex_f,ocu_isco08_4,2019,1.697
pse,sex_f,ocu_isco08_4,2020,1.908
pse,sex_f,ocu_isco08_4,2021,2.718
pse,sex_f,ocu_isco08_4,2022,3.291
pse,sex_f,ocu_isco08_4,2024,2.551
pse,sex_f,ocu_isco08_5,2012,13.248
pse,sex_f,ocu_isco08_5,2013,12.16
pse,sex_f,ocu_isco08_5,2014,16.71
pse,sex_f,ocu_isco08_5,2015,20.998
pse,sex_f,ocu_isco08_5,2016,18.267
pse,sex_f,ocu_isco08_5,2017,16.489
pse,sex_f,ocu_isco08_5,2018,16.908
pse,sex_f,ocu_isco08_5,2019,17.666
pse,sex_f,ocu_isco08_5,2020,11.565
pse,sex_f,ocu_isco08_5,2021,14.425
pse,sex_f,ocu_isco08_5,2022,20.278
pse,sex_f,ocu_isco08_5,2024,12.96
pse,sex_f,ocu_isco08_6,2012,27.304
pse,sex_f,ocu_isco08_6,2013,26.286
pse,sex_f,ocu_isco08_6,2014,26.256
pse,sex_f,ocu_isco08_6,2015,16.255
pse,sex_f,ocu_isco08_6,2016,10.891
pse,sex_f,ocu_isco08_6,2017,9.142
pse,sex_f,ocu_isco08_6,2018,7.896
pse,sex_f,ocu_isco08_6,2019,7.78
pse,sex_f,ocu_isco08_6,2020,7.305
pse,sex_f,ocu_isco08_6,2021,7.534
pse,sex_f,ocu_isco08_6,2022,8.02
pse,sex_f,ocu_isco08_6,2024,5.284
pse,sex_f,ocu_isco08_7,2012,8.479
pse,sex_f,ocu_isco08_7,2013,7.472
pse,sex_f,ocu_isco08_7,2014,9.155
pse,sex_f,ocu_isco08_7,2015,11.898
pse,sex_f,ocu_isco08_7,2016,10.069
pse,sex_f,ocu_isco08_7,2017,7.696
pse,sex_f,ocu_isco08_7,2018,6.716
pse,sex_f,ocu_isco08_7,2019,7.394
pse,sex_f,ocu_isco08_7,2020,6.01
pse,sex_f,ocu_isco08_7,2021,6.048
pse,sex_f,ocu_isco08_7,2022,9.251
pse,sex_f,ocu_isco08_7,2024,3.66
pse,sex_f,ocu_isco08_8,2012,4.883
pse,sex_f,ocu_isco08_8,2013,4.213
pse,sex_f,ocu_isco08_8,2014,5.391
pse,sex_f,ocu_isco08_8,2015,5.273
pse,sex_f,ocu_isco08_8,2016,5.156
pse,sex_f,ocu_isco08_8,2017,4.222
pse,sex_f,ocu_isco08_8,2018,4.014
pse,sex_f,ocu_isco08_8,2019,3.523
pse,sex_f,ocu_isco08_8,2020,2.56
pse,sex_f,ocu_isco08_8,2021,2.119
pse,sex_f,ocu_isco08_8,2022,3.148
pse,sex_f,ocu_isco08_8,2024,2.506
pse,sex_f,ocu_isco08_9,2012,6.946
pse,sex_f,ocu_isco08_9,2013,7.236
pse,sex_f,ocu_isco08_9,2014,8.933
pse,sex_f,ocu_isco08_9,2015,6.826
pse,sex_f,ocu_isco08_9,2016,5.52
pse,sex_f,ocu_isco08_9,2017,5.634
pse,sex_f,ocu_isco08_9,2018,5.102
pse,sex_f,ocu_isco08_9,2019,4.418
pse,sex_f,ocu_isco08_9,2020,4.562
pse,sex_f,ocu_isco08_9,2021,5.854
pse,sex_f,ocu_isco08_9,2022,7.924
pse,sex_f,ocu_isco08_9,2024,6.521
pse,sex_f,ocu_isco08_total,2012,78.974
pse,sex_f,ocu_isco08_total,2013,79.056
pse,sex_f,ocu_isco08_total,2014,91.155
pse,sex_f,ocu_isco08_total,2015,85.921
pse,sex_f,ocu_isco08_total,2016,74.481
pse,sex_f,ocu_isco08_total,2017,71.07
pse,sex_f,ocu_isco08_total,2018,65.817
pse,sex_f,ocu_isco08_total,2019,69.07
pse,sex_f,ocu_isco08_total,2020,52.673
pse,sex_f,ocu_isco08_total,2021,61.305
pse,sex_f,ocu_isco08_total,2022,82.937
pse,sex_f,ocu_isco08_total,2024,52.301
pse,sex_f,ocu_isco88_1,2010,0.802
pse,sex_f,ocu_isco88_1,2011,0.61
pse,sex_f,ocu_isco88_2,2010,8.71
pse,sex_f,ocu_isco88_2,2011,8.568
pse,sex_f,ocu_isco88_3,2010,6.225
pse,sex_f,ocu_isco88_3,2011,4.744
pse,sex_f,ocu_isco88_4,2010,1.521
pse,sex_f,ocu_isco88_4,2011,1.439
pse,sex_f,ocu_isco88_5,2010,10.641
pse,sex_f,ocu_isco88_5,2011,8.967
pse,sex_f,ocu_isco88_6,2010,25.977
pse,sex_f,ocu_isco88_6,2011,23.697
pse,sex_f,ocu_isco88_7,2010,5.881
pse,sex_f,ocu_isco88_7,2011,6.778
pse,sex_f,ocu_isco88_8,2010,1.668
pse,sex_f,ocu_isco88_8,2011,0.724
pse,sex_f,ocu_isco88_9,2010,3.442
pse,sex_f,ocu_isco88_9,2011,3.22
pse,sex_f,ocu_isco88_total,2010,64.867
pse,sex_f,ocu_isco88_total,2011,76.566
pse,sex_f,ocu_isco88_x,2011,17.82
pse,sex_f,ocu_skill_l1,2010,3.442
pse,sex_f,ocu_skill_l1,2011,3.22
pse,sex_f,ocu_skill_l1,2012,6.946
pse,sex_f,ocu_skill_l1,2013,7.236
pse,sex_f,ocu_skill_l1,2014,8.933
pse,sex_f,ocu_skill_l1,2015,6.826
pse,sex_f,ocu_skill_l1,2016,5.52
pse,sex_f,ocu_skill_l1,2017,5.634
pse,sex_f,ocu_skill_l1,2018,5.102
pse,sex_f,ocu_skill_l1,2019,4.418
pse,sex_f,ocu_skill_l1,2020,4.562
pse,sex_f,ocu_skill_l1,2021,5.854
pse,sex_f,ocu_skill_l1,2022,7.924
pse,sex_f,ocu_skill_l1,2024,6.521
pse,sex_f,ocu_skill_l2,2010,45.687
pse,sex_f,ocu_skill_l2,2011,41.605
pse,sex_f,ocu_skill_l2,2012,56.489
pse,sex_f,ocu_skill_l2,2013,52.505
pse,sex_f,ocu_skill_l2,2014,60.696
pse,sex_f,ocu_skill_l2,2015,57.955
pse,sex_f,ocu_skill_l2,2016,47.503
pse,sex_f,ocu_skill_l2,2017,41.568
pse,sex_f,ocu_skill_l2,2018,38.394
pse,sex_f,ocu_skill_l2,2019,38.059
pse,sex_f,ocu_skill_l2,2020,29.348
pse,sex_f,ocu_skill_l2,2021,32.843
pse,sex_f,ocu_skill_l2,2022,43.988
pse,sex_f,ocu_skill_l2,2024,26.96
pse,sex_f,ocu_skill_l3_4,2010,15.737
pse,sex_f,ocu_skill_l3_4,2011,13.922
pse,sex_f,ocu_skill_l3_4,2012,15.539
pse,sex_f,ocu_skill_l3_4,2013,19.314
pse,sex_f,ocu_skill_l3_4,2014,21.525
pse,sex_f,ocu_skill_l3_4,2015,21.14
pse,sex_f,ocu_skill_l3_4,2016,21.458
pse,sex_f,ocu_skill_l3_4,2017,23.813
pse,sex_f,ocu_skill_l3_4,2018,22.321
pse,sex_f,ocu_skill_l3_4,2019,26.246
pse,sex_f,ocu_skill_l3_4,2020,18.342
pse,sex_f,ocu_skill_l3_4,2021,22.184
pse,sex_f,ocu_skill_l3_4,2022,30.86
pse,sex_f,ocu_skill_l3_4,2024,18.727
pse,sex_f,ocu_skill_total,2010,64.867
pse,sex_f,ocu_skill_total,2011,76.566
pse,sex_f,ocu_skill_total,2012,78.974
pse,sex_f,ocu_skill_total,2013,79.056
pse,sex_f,ocu_skill_total,2014,91.155
pse,sex_f,ocu_skill_total,2015,85.921
pse,sex_f,ocu_skill_total,2016,74.481
pse,sex_f,ocu_skill_total,2017,71.07
pse,sex_f,ocu_skill_total,2018,65.817
pse,sex_f,ocu_skill_total,2019,69.07
pse,sex_f,ocu_skill_total,2020,52.673
pse,sex_f,ocu_skill_total,2021,61.305
pse,sex_f,ocu_skill_total,2022,82.937
pse,sex_f,ocu_skill_total,2024,52.301
pse,sex_f,ocu_skill_x,2011,17.82
pse,sex_f,ocu_skill_x,2014,0
pse,sex_f,ocu_skill_x,2016,0
pse,sex_f,ocu_skill_x,2018,0
pse,sex_f,ocu_skill_x,2019,0.347
pse,sex_f,ocu_skill_x,2020,0.422
pse,sex_f,ocu_skill_x,2021,0.423
pse,sex_f,ocu_skill_x,2022,0.166
pse,sex_m,ocu_isco08_0,2012,0.228
pse,sex_m,ocu_isco08_0,2013,0.263
pse,sex_m,ocu_isco08_0,2014,0.478
pse,sex_m,ocu_isco08_0,2015,0.265
pse,sex_m,ocu_isco08_0,2016,0.628
pse,sex_m,ocu_isco08_0,2017,1.145
pse,sex_m,ocu_isco08_0,2018,1.032
pse,sex_m,ocu_isco08_0,2019,2.573
pse,sex_m,ocu_isco08_0,2020,2.222
pse,sex_m,ocu_isco08_0,2021,2.416
pse,sex_m,ocu_isco08_0,2022,2.264
pse,sex_m,ocu_isco08_0,2024,0.702
pse,sex_m,ocu_isco08_1,2012,8.306
pse,sex_m,ocu_isco08_1,2013,4.651
pse,sex_m,ocu_isco08_1,2014,5.85
pse,sex_m,ocu_isco08_1,2015,6.375
pse,sex_m,ocu_isco08_1,2016,4.06
pse,sex_m,ocu_isco08_1,2017,5.969
pse,sex_m,ocu_isco08_1,2018,6.518
pse,sex_m,ocu_isco08_1,2019,4.552
pse,sex_m,ocu_isco08_1,2020,4.025
pse,sex_m,ocu_isco08_1,2021,4.127
pse,sex_m,ocu_isco08_1,2022,3.037
pse,sex_m,ocu_isco08_1,2024,3.761
pse,sex_m,ocu_isco08_2,2012,10.319
pse,sex_m,ocu_isco08_2,2013,12.102
pse,sex_m,ocu_isco08_2,2014,11.104
pse,sex_m,ocu_isco08_2,2015,12.923
pse,sex_m,ocu_isco08_2,2016,12.292
pse,sex_m,ocu_isco08_2,2017,11.682
pse,sex_m,ocu_isco08_2,2018,12.145
pse,sex_m,ocu_isco08_2,2019,17.549
pse,sex_m,ocu_isco08_2,2020,14.454
pse,sex_m,ocu_isco08_2,2021,15.81
pse,sex_m,ocu_isco08_2,2022,19.947
pse,sex_m,ocu_isco08_2,2024,7.522
pse,sex_m,ocu_isco08_3,2012,8.678
pse,sex_m,ocu_isco08_3,2013,5.89
pse,sex_m,ocu_isco08_3,2014,7.205
pse,sex_m,ocu_isco08_3,2015,7.031
pse,sex_m,ocu_isco08_3,2016,7.443
pse,sex_m,ocu_isco08_3,2017,7.123
pse,sex_m,ocu_isco08_3,2018,6.789
pse,sex_m,ocu_isco08_3,2019,7.963
pse,sex_m,ocu_isco08_3,2020,6.311
pse,sex_m,ocu_isco08_3,2021,7.861
pse,sex_m,ocu_isco08_3,2022,8.108
pse,sex_m,ocu_isco08_3,2024,4.324
pse,sex_m,ocu_isco08_4,2012,3.694
pse,sex_m,ocu_isco08_4,2013,4.651
pse,sex_m,ocu_isco08_4,2014,5.065
pse,sex_m,ocu_isco08_4,2015,4.606
pse,sex_m,ocu_isco08_4,2016,3.092
pse,sex_m,ocu_isco08_4,2017,3.062
pse,sex_m,ocu_isco08_4,2018,2.568
pse,sex_m,ocu_isco08_4,2019,3.162
pse,sex_m,ocu_isco08_4,2020,3.029
pse,sex_m,ocu_isco08_4,2021,2.218
pse,sex_m,ocu_isco08_4,2022,2.945
pse,sex_m,ocu_isco08_4,2024,1.558
pse,sex_m,ocu_isco08_5,2012,77.638
pse,sex_m,ocu_isco08_5,2013,78.858
pse,sex_m,ocu_isco08_5,2014,81.116
pse,sex_m,ocu_isco08_5,2015,91.852
pse,sex_m,ocu_isco08_5,2016,90.031
pse,sex_m,ocu_isco08_5,2017,92.921
pse,sex_m,ocu_isco08_5,2018,95.944
pse,sex_m,ocu_isco08_5,2019,100.94
pse,sex_m,ocu_isco08_5,2020,84.837
pse,sex_m,ocu_isco08_5,2021,97.824
pse,sex_m,ocu_isco08_5,2022,110.029
pse,sex_m,ocu_isco08_5,2024,61.263
pse,sex_m,ocu_isco08_6,2012,32.634
pse,sex_m,ocu_isco08_6,2013,31.226
pse,sex_m,ocu_isco08_6,2014,28.853
pse,sex_m,ocu_isco08_6,2015,29.24
pse,sex_m,ocu_isco08_6,2016,25.927
pse,sex_m,ocu_isco08_6,2017,21.375
pse,sex_m,ocu_isco08_6,2018,22.517
pse,sex_m,ocu_isco08_6,2019,24.2
pse,sex_m,ocu_isco08_6,2020,21.324
pse,sex_m,ocu_isco08_6,2021,24.537
pse,sex_m,ocu_isco08_6,2022,24.523
pse,sex_m,ocu_isco08_6,2024,22.477
pse,sex_m,ocu_isco08_7,2012,101.071
pse,sex_m,ocu_isco08_7,2013,115.042
pse,sex_m,ocu_isco08_7,2014,109.75
pse,sex_m,ocu_isco08_7,2015,112.846
pse,sex_m,ocu_isco08_7,2016,119.619
pse,sex_m,ocu_isco08_7,2017,122.762
pse,sex_m,ocu_isco08_7,2018,128.044
pse,sex_m,ocu_isco08_7,2019,135.602
pse,sex_m,ocu_isco08_7,2020,115.318
pse,sex_m,ocu_isco08_7,2021,127.616
pse,sex_m,ocu_isco08_7,2022,147.231
pse,sex_m,ocu_isco08_7,2024,80.503
pse,sex_m,ocu_isco08_8,2012,37.555
pse,sex_m,ocu_isco08_8,2013,40.164
pse,sex_m,ocu_isco08_8,2014,39.195
pse,sex_m,ocu_isco08_8,2015,45.349
pse,sex_m,ocu_isco08_8,2016,46.056
pse,sex_m,ocu_isco08_8,2017,45.393
pse,sex_m,ocu_isco08_8,2018,46.265
pse,sex_m,ocu_isco08_8,2019,48.496
pse,sex_m,ocu_isco08_8,2020,47.853
pse,sex_m,ocu_isco08_8,2021,50.396
pse,sex_m,ocu_isco08_8,2022,58.946
pse,sex_m,ocu_isco08_8,2024,30.34
pse,sex_m,ocu_isco08_9,2012,115.94
pse,sex_m,ocu_isco08_9,2013,119.604
pse,sex_m,ocu_isco08_9,2014,114.879
pse,sex_m,ocu_isco08_9,2015,122.132
pse,sex_m,ocu_isco08_9,2016,126.782
pse,sex_m,ocu_isco08_9,2017,135.858
pse,sex_m,ocu_isco08_9,2018,124.34
pse,sex_m,ocu_isco08_9,2019,125.727
pse,sex_m,ocu_isco08_9,2020,119.314
pse,sex_m,ocu_isco08_9,2021,134.244
pse,sex_m,ocu_isco08_9,2022,152.008
pse,sex_m,ocu_isco08_9,2024,66.317
pse,sex_m,ocu_isco08_total,2012,396.065
pse,sex_m,ocu_isco08_total,2013,412.45
pse,sex_m,ocu_isco08_total,2014,403.496
pse,sex_m,ocu_isco08_total,2015,432.618
pse,sex_m,ocu_isco08_total,2016,435.931
pse,sex_m,ocu_isco08_total,2017,447.287
pse,sex_m,ocu_isco08_total,2018,446.163
pse,sex_m,ocu_isco08_total,2019,470.765
pse,sex_m,ocu_isco08_total,2020,418.686
pse,sex_m,ocu_isco08_total,2021,467.07
pse,sex_m,ocu_isco08_total,2022,529.04
pse,sex_m,ocu_isco08_total,2024,278.765
pse,sex_m,ocu_isco88_1,2010,5.203
pse,sex_m,ocu_isco88_1,2011,4.513
pse,sex_m,ocu_isco88_2,2010,9.62
pse,sex_m,ocu_isco88_2,2011,8.764
pse,sex_m,ocu_isco88_3,2010,7.997
pse,sex_m,ocu_isco88_3,2011,7.247
pse,sex_m,ocu_isco88_4,2010,2.328
pse,sex_m,ocu_isco88_4,2011,2.259
pse,sex_m,ocu_isco88_5,2010,62.266
pse,sex_m,ocu_isco88_5,2011,50.327
pse,sex_m,ocu_isco88_6,2010,38.115
pse,sex_m,ocu_isco88_6,2011,34.201
pse,sex_m,ocu_isco88_7,2010,91.822
pse,sex_m,ocu_isco88_7,2011,72.17
pse,sex_m,ocu_isco88_8,2010,32.607
pse,sex_m,ocu_isco88_8,2011,22.749
pse,sex_m,ocu_isco88_9,2010,104.646
pse,sex_m,ocu_isco88_9,2011,85.648
pse,sex_m,ocu_isco88_total,2010,354.604
pse,sex_m,ocu_isco88_total,2011,384.82
pse,sex_m,ocu_isco88_x,2011,96.942
pse,sex_m,ocu_skill_l1,2010,104.646
pse,sex_m,ocu_skill_l1,2011,85.648
pse,sex_m,ocu_skill_l1,2012,115.94
pse,sex_m,ocu_skill_l1,2013,119.604
pse,sex_m,ocu_skill_l1,2014,114.879
pse,sex_m,ocu_skill_l1,2015,122.132
pse,sex_m,ocu_skill_l1,2016,126.782
pse,sex_m,ocu_skill_l1,2017,135.858
pse,sex_m,ocu_skill_l1,2018,124.34
pse,sex_m,ocu_skill_l1,2019,125.727
pse,sex_m,ocu_skill_l1,2020,119.314
pse,sex_m,ocu_skill_l1,2021,134.244
pse,sex_m,ocu_skill_l1,2022,152.008
pse,sex_m,ocu_skill_l1,2024,66.317
pse,sex_m,ocu_skill_l2,2010,227.138
pse,sex_m,ocu_skill_l2,2011,181.705
pse,sex_m,ocu_skill_l2,2012,252.593
pse,sex_m,ocu_skill_l2,2013,269.94
pse,sex_m,ocu_skill_l2,2014,263.98
pse,sex_m,ocu_skill_l2,2015,283.892
pse,sex_m,ocu_skill_l2,2016,284.726
pse,sex_m,ocu_skill_l2,2017,285.512
pse,sex_m,ocu_skill_l2,2018,295.339
pse,sex_m,ocu_skill_l2,2019,312.4
pse,sex_m,ocu_skill_l2,2020,272.36
pse,sex_m,ocu_skill_l2,2021,302.59
pse,sex_m,ocu_skill_l2,2022,343.675
pse,sex_m,ocu_skill_l2,2024,196.14
pse,sex_m,ocu_skill_l3_4,2010,22.82
pse,sex_m,ocu_skill_l3_4,2011,20.524
pse,sex_m,ocu_skill_l3_4,2012,27.304
pse,sex_m,ocu_skill_l3_4,2013,22.643
pse,sex_m,ocu_skill_l3_4,2014,24.159
pse,sex_m,ocu_skill_l3_4,2015,26.329
pse,sex_m,ocu_skill_l3_4,2016,23.796
pse,sex_m,ocu_skill_l3_4,2017,24.773
pse,sex_m,ocu_skill_l3_4,2018,25.452
pse,sex_m,ocu_skill_l3_4,2019,30.064
pse,sex_m,ocu_skill_l3_4,2020,24.79
pse,sex_m,ocu_skill_l3_4,2021,27.799
pse,sex_m,ocu_skill_l3_4,2022,31.093
pse,sex_m,ocu_skill_l3_4,2024,15.606
pse,sex_m,ocu_skill_total,2010,354.604
pse,sex_m,ocu_skill_total,2011,384.82
pse,sex_m,ocu_skill_total,2012,396.065
pse,sex_m,ocu_skill_total,2013,412.45
pse,sex_m,ocu_skill_total,2014,403.496
pse,sex_m,ocu_skill_total,2015,432.618
pse,sex_m,ocu_skill_total,2016,435.931
pse,sex_m,ocu_skill_total,2017,447.287
pse,sex_m,ocu_skill_total,2018,446.163
pse,sex_m,ocu_skill_total,2019,470.765
pse,sex_m,ocu_skill_total,2020,418.686
pse,sex_m,ocu_skill_total,2021,467.07
pse,sex_m,ocu_skill_total,2022,529.04
pse,sex_m,ocu_skill_total,2024,278.765
pse,sex_m,ocu_skill_x,2011,96.942
pse,sex_m,ocu_skill_x,2012,0.228
pse,sex_m,ocu_skill_x,2013,0.263
pse,sex_m,ocu_skill_x,2014,0.478
pse,sex_m,ocu_skill_x,2015,0.265
pse,sex_m,ocu_skill_x,2016,0.628
pse,sex_m,ocu_skill_x,2017,1.145
pse,sex_m,ocu_skill_x,2018,1.032
pse,sex_m,ocu_skill_x,2019,2.573
pse,sex_m,ocu_skill_x,2020,2.222
pse,sex_m,ocu_skill_x,2021,2.438
pse,sex_m,ocu_skill_x,2022,2.264
pse,sex_m,ocu_skill_x,2024,0.702
pse,sex_t,ocu_isco08_0,2012,0.228
pse,sex_t,ocu_isco08_0,2013,0.263
pse,sex_t,ocu_isco08_0,2014,0.478
pse,sex_t,ocu_isco08_0,2015,0.265
pse,sex_t,ocu_isco08_0,2016,0.628
pse,sex_t,ocu_isco08_0,2017,1.2
pse,sex_t,ocu_isco08_0,2018,1.032
pse,sex_t,ocu_isco08_0,2019,2.92
pse,sex_t,ocu_isco08_0,2020,2.644
pse,sex_t,ocu_isco08_0,2021,2.839
pse,sex_t,ocu_isco08_0,2022,2.43
pse,sex_t,ocu_isco08_0,2024,0.794
pse,sex_t,ocu_isco08_1,2012,9.377
pse,sex_t,ocu_isco08_1,2013,5.448
pse,sex_t,ocu_isco08_1,2014,6.252
pse,sex_t,ocu_isco08_1,2015,6.769
pse,sex_t,ocu_isco08_1,2016,4.568
pse,sex_t,ocu_isco08_1,2017,6.551
pse,sex_t,ocu_isco08_1,2018,7.199
pse,sex_t,ocu_isco08_1,2019,5.127
pse,sex_t,ocu_isco08_1,2020,4.53
pse,sex_t,ocu_isco08_1,2021,4.911
pse,sex_t,ocu_isco08_1,2022,3.726
pse,sex_t,ocu_isco08_1,2024,4.854
pse,sex_t,ocu_isco08_2,2012,21.889
pse,sex_t,ocu_isco08_2,2013,25.702
pse,sex_t,ocu_isco08_2,2014,26.678
pse,sex_t,ocu_isco08_2,2015,29.439
pse,sex_t,ocu_isco08_2,2016,29.168
pse,sex_t,ocu_isco08_2,2017,30.108
pse,sex_t,ocu_isco08_2,2018,29.372
pse,sex_t,ocu_isco08_2,2019,38.727
pse,sex_t,ocu_isco08_2,2020,29.002
pse,sex_t,ocu_isco08_2,2021,33.382
pse,sex_t,ocu_isco08_2,2022,44.584
pse,sex_t,ocu_isco08_2,2024,22.133
pse,sex_t,ocu_isco08_3,2012,11.577
pse,sex_t,ocu_isco08_3,2013,10.808
pse,sex_t,ocu_isco08_3,2014,12.755
pse,sex_t,ocu_isco08_3,2015,11.262
pse,sex_t,ocu_isco08_3,2016,11.518
pse,sex_t,ocu_isco08_3,2017,11.926
pse,sex_t,ocu_isco08_3,2018,11.202
pse,sex_t,ocu_isco08_3,2019,12.456
pse,sex_t,ocu_isco08_3,2020,9.599
pse,sex_t,ocu_isco08_3,2021,11.689
pse,sex_t,ocu_isco08_3,2022,13.642
pse,sex_t,ocu_isco08_3,2024,7.347
pse,sex_t,ocu_isco08_4,2012,6.27
pse,sex_t,ocu_isco08_4,2013,7.026
pse,sex_t,ocu_isco08_4,2014,8.249
pse,sex_t,ocu_isco08_4,2015,8.138
pse,sex_t,ocu_isco08_4,2016,6.213
pse,sex_t,ocu_isco08_4,2017,7.081
pse,sex_t,ocu_isco08_4,2018,5.428
pse,sex_t,ocu_isco08_4,2019,4.859
pse,sex_t,ocu_isco08_4,2020,4.937
pse,sex_t,ocu_isco08_4,2021,4.936
pse,sex_t,ocu_isco08_4,2022,6.236
pse,sex_t,ocu_isco08_4,2024,4.109
pse,sex_t,ocu_isco08_5,2012,90.885
pse,sex_t,ocu_isco08_5,2013,91.018
pse,sex_t,ocu_isco08_5,2014,97.826
pse,sex_t,ocu_isco08_5,2015,112.849
pse,sex_t,ocu_isco08_5,2016,108.298
pse,sex_t,ocu_isco08_5,2017,109.409
pse,sex_t,ocu_isco08_5,2018,112.852
pse,sex_t,ocu_isco08_5,2019,118.606
pse,sex_t,ocu_isco08_5,2020,96.402
pse,sex_t,ocu_isco08_5,2021,112.249
pse,sex_t,ocu_isco08_5,2022,130.308
pse,sex_t,ocu_isco08_5,2024,74.222
pse,sex_t,ocu_isco08_6,2012,59.938
pse,sex_t,ocu_isco08_6,2013,57.512
pse,sex_t,ocu_isco08_6,2014,55.109
pse,sex_t,ocu_isco08_6,2015,45.495
pse,sex_t,ocu_isco08_6,2016,36.818
pse,sex_t,ocu_isco08_6,2017,30.517
pse,sex_t,ocu_isco08_6,2018,30.413
pse,sex_t,ocu_isco08_6,2019,31.979
pse,sex_t,ocu_isco08_6,2020,28.629
pse,sex_t,ocu_isco08_6,2021,32.071
pse,sex_t,ocu_isco08_6,2022,32.543
pse,sex_t,ocu_isco08_6,2024,27.761
pse,sex_t,ocu_isco08_7,2012,109.55
pse,sex_t,ocu_isco08_7,2013,122.513
pse,sex_t,ocu_isco08_7,2014,118.906
pse,sex_t,ocu_isco08_7,2015,124.744
pse,sex_t,ocu_isco08_7,2016,129.688
pse,sex_t,ocu_isco08_7,2017,130.458
pse,sex_t,ocu_isco08_7,2018,134.76
pse,sex_t,ocu_isco08_7,2019,142.995
pse,sex_t,ocu_isco08_7,2020,121.327
pse,sex_t,ocu_isco08_7,2021,133.664
pse,sex_t,ocu_isco08_7,2022,156.482
pse,sex_t,ocu_isco08_7,2024,84.163
pse,sex_t,ocu_isco08_8,2012,42.438
pse,sex_t,ocu_isco08_8,2013,44.377
pse,sex_t,ocu_isco08_8,2014,44.586
pse,sex_t,ocu_isco08_8,2015,50.621
pse,sex_t,ocu_isco08_8,2016,51.213
pse,sex_t,ocu_isco08_8,2017,49.615
pse,sex_t,ocu_isco08_8,2018,50.279
pse,sex_t,ocu_isco08_8,2019,52.02
pse,sex_t,ocu_isco08_8,2020,50.413
pse,sex_t,ocu_isco08_8,2021,52.514
pse,sex_t,ocu_isco08_8,2022,62.094
pse,sex_t,ocu_isco08_8,2024,32.845
pse,sex_t,ocu_isco08_9,2012,122.886
pse,sex_t,ocu_isco08_9,2013,126.84
pse,sex_t,ocu_isco08_9,2014,123.812
pse,sex_t,ocu_isco08_9,2015,128.958
pse,sex_t,ocu_isco08_9,2016,132.302
pse,sex_t,ocu_isco08_9,2017,141.492
pse,sex_t,ocu_isco08_9,2018,129.443
pse,sex_t,ocu_isco08_9,2019,130.145
pse,sex_t,ocu_isco08_9,2020,123.876
pse,sex_t,ocu_isco08_9,2021,140.098
pse,sex_t,ocu_isco08_9,2022,159.932
pse,sex_t,ocu_isco08_9,2024,72.838
pse,sex_t,ocu_isco08_total,2012,475.039
pse,sex_t,ocu_isco08_total,2013,491.506
pse,sex_t,ocu_isco08_total,2014,494.651
pse,sex_t,ocu_isco08_total,2015,518.54
pse,sex_t,ocu_isco08_total,2016,510.413
pse,sex_t,ocu_isco08_total,2017,518.357
pse,sex_t,ocu_isco08_total,2018,511.98
pse,sex_t,ocu_isco08_total,2019,539.835
pse,sex_t,ocu_isco08_total,2020,471.359
pse,sex_t,ocu_isco08_total,2021,528.374
pse,sex_t,ocu_isco08_total,2022,611.977
pse,sex_t,ocu_isco08_total,2024,331.066
pse,sex_t,ocu_isco88_1,2010,6.005
pse,sex_t,ocu_isco88_1,2011,5.124
pse,sex_t,ocu_isco88_2,2010,18.331
pse,sex_t,ocu_isco88_2,2011,17.331
pse,sex_t,ocu_isco88_3,2010,14.222
pse,sex_t,ocu_isco88_3,2011,11.991
pse,sex_t,ocu_isco88_4,2010,3.849
pse,sex_t,ocu_isco88_4,2011,3.698
pse,sex_t,ocu_isco88_5,2010,72.907
pse,sex_t,ocu_isco88_5,2011,59.294
pse,sex_t,ocu_isco88_6,2010,64.092
pse,sex_t,ocu_isco88_6,2011,57.898
pse,sex_t,ocu_isco88_7,2010,97.702
pse,sex_t,ocu_isco88_7,2011,78.948
pse,sex_t,ocu_isco88_8,2010,34.274
pse,sex_t,ocu_isco88_8,2011,23.473
pse,sex_t,ocu_isco88_9,2010,108.088
pse,sex_t,ocu_isco88_9,2011,88.868
pse,sex_t,ocu_isco88_total,2010,419.471
pse,sex_t,ocu_isco88_total,2011,461.386
pse,sex_t,ocu_isco88_x,2011,114.762
pse,sex_t,ocu_skill_l1,2010,108.088
pse,sex_t,ocu_skill_l1,2011,88.868
pse,sex_t,ocu_skill_l1,2012,122.886
pse,sex_t,ocu_skill_l1,2013,126.84
pse,sex_t,ocu_skill_l1,2014,123.812
pse,sex_t,ocu_skill_l1,2015,128.958
pse,sex_t,ocu_skill_l1,2016,132.302
pse,sex_t,ocu_skill_l1,2017,141.492
pse,sex_t,ocu_skill_l1,2018,129.443
pse,sex_t,ocu_skill_l1,2019,130.145
pse,sex_t,ocu_skill_l1,2020,123.876
pse,sex_t,ocu_skill_l1,2021,140.098
pse,sex_t,ocu_skill_l1,2022,159.932
pse,sex_t,ocu_skill_l1,2024,72.838
pse,sex_t,ocu_skill_l2,2010,272.825
pse,sex_t,ocu_skill_l2,2011,223.31
pse,sex_t,ocu_skill_l2,2012,309.083
pse,sex_t,ocu_skill_l2,2013,322.445
pse,sex_t,ocu_skill_l2,2014,324.676
pse,sex_t,ocu_skill_l2,2015,341.848
pse,sex_t,ocu_skill_l2,2016,332.229
pse,sex_t,ocu_skill_l2,2017,327.08
pse,sex_t,ocu_skill_l2,2018,333.732
pse,sex_t,ocu_skill_l2,2019,350.46
pse,sex_t,ocu_skill_l2,2020,301.708
pse,sex_t,ocu_skill_l2,2021,335.433
pse,sex_t,ocu_skill_l2,2022,387.662
pse,sex_t,ocu_skill_l2,2024,223.1
pse,sex_t,ocu_skill_l3_4,2010,38.558
pse,sex_t,ocu_skill_l3_4,2011,34.446
pse,sex_t,ocu_skill_l3_4,2012,42.843
pse,sex_t,ocu_skill_l3_4,2013,41.958
pse,sex_t,ocu_skill_l3_4,2014,45.684
pse,sex_t,ocu_skill_l3_4,2015,47.469
pse,sex_t,ocu_skill_l3_4,2016,45.254
pse,sex_t,ocu_skill_l3_4,2017,48.586
pse,sex_t,ocu_skill_l3_4,2018,47.773
pse,sex_t,ocu_skill_l3_4,2019,56.31
pse,sex_t,ocu_skill_l3_4,2020,43.131
pse,sex_t,ocu_skill_l3_4,2021,49.983
pse,sex_t,ocu_skill_l3_4,2022,61.952
pse,sex_t,ocu_skill_l3_4,2024,34.334
pse,sex_t,ocu_skill_total,2010,419.471
pse,sex_t,ocu_skill_total,2011,461.386
pse,sex_t,ocu_skill_total,2012,475.039
pse,sex_t,ocu_skill_total,2013,491.506
pse,sex_t,ocu_skill_total,2014,494.651
pse,sex_t,ocu_skill_total,2015,518.54
pse,sex_t,ocu_skill_total,2016,510.413
pse,sex_t,ocu_skill_total,2017,518.357
pse,sex_t,ocu_skill_total,2018,511.98
pse,sex_t,ocu_skill_total,2019,539.835
pse,sex_t,ocu_skill_total,2020,471.359
pse,sex_t,ocu_skill_total,2021,528.374
pse,sex_t,ocu_skill_total,2022,611.977
pse,sex_t,ocu_skill_total,2024,331.066
pse,sex_t,ocu_skill_x,2011,114.762
pse,sex_t,ocu_skill_x,2012,0.228
pse,sex_t,ocu_skill_x,2013,0.263
pse,sex_t,ocu_skill_x,2014,0.478
pse,sex_t,ocu_skill_x,2015,0.265
pse,sex_t,ocu_skill_x,2016,0.628
pse,sex_t,ocu_skill_x,2017,1.2
pse,sex_t,ocu_skill_x,2018,1.032
pse,sex_t,ocu_skill_x,2019,2.92
pse,sex_t,ocu_skill_x,2020,2.644
pse,sex_t,ocu_skill_x,2021,2.861
pse,sex_t,ocu_skill_x,2022,2.43
pse,sex_t,ocu_skill_x,2024,0.794
rou,sex_f,ocu_isco08_5,2023,22.105
rou,sex_f,ocu_isco08_6,2023,70.864
rou,sex_f,ocu_isco08_9,2023,28.624
rou,sex_f,ocu_isco08_total,2023,123.199
rou,sex_f,ocu_skill_l1,2023,28.624
rou,sex_f,ocu_skill_l2,2023,94.164
rou,sex_f,ocu_skill_total,2023,123.199
rou,sex_m,ocu_isco08_6,2023,49.389
rou,sex_m,ocu_isco08_9,2023,23.254
rou,sex_m,ocu_isco08_total,2023,81.704
rou,sex_m,ocu_skill_l1,2023,23.254
rou,sex_m,ocu_skill_l2,2023,54.399
rou,sex_m,ocu_skill_total,2023,81.704
rou,sex_t,ocu_isco08_5,2023,24.788
rou,sex_t,ocu_isco08_6,2023,120.253
rou,sex_t,ocu_isco08_9,2023,51.878
rou,sex_t,ocu_isco08_total,2023,204.903
rou,sex_t,ocu_skill_l1,2023,51.878
rou,sex_t,ocu_skill_l2,2023,148.563
rou,sex_t,ocu_skill_total,2023,204.903
rus,sex_f,ocu_isco08_1,2016,377.375
rus,sex_f,ocu_isco08_1,2017,387.967
rus,sex_f,ocu_isco08_1,2018,383.645
rus,sex_f,ocu_isco08_1,2019,325.914
rus,sex_f,ocu_isco08_1,2020,261.584
rus,sex_f,ocu_isco08_1,2021,264.001
rus,sex_f,ocu_isco08_1,2022,229.143
rus,sex_f,ocu_isco08_1,2023,258.888
rus,sex_f,ocu_isco08_1,2024,300.493
rus,sex_f,ocu_isco08_2,2016,401.003
rus,sex_f,ocu_isco08_2,2017,429.999
rus,sex_f,ocu_isco08_2,2018,452.258
rus,sex_f,ocu_isco08_2,2019,514.471
rus,sex_f,ocu_isco08_2,2020,565.972
rus,sex_f,ocu_isco08_2,2021,592.561
rus,sex_f,ocu_isco08_2,2022,561.597
rus,sex_f,ocu_isco08_2,2023,563.629
rus,sex_f,ocu_isco08_2,2024,779.38
rus,sex_f,ocu_isco08_3,2016,424.057
rus,sex_f,ocu_isco08_3,2017,425.722
rus,sex_f,ocu_isco08_3,2018,415.811
rus,sex_f,ocu_isco08_3,2019,545.833
rus,sex_f,ocu_isco08_3,2020,522.689
rus,sex_f,ocu_isco08_3,2021,528.352
rus,sex_f,ocu_isco08_3,2022,423.921
rus,sex_f,ocu_isco08_3,2023,415.491
rus,sex_f,ocu_isco08_3,2024,618.942
rus,sex_f,ocu_isco08_4,2016,102.673
rus,sex_f,ocu_isco08_4,2017,118.011
rus,sex_f,ocu_isco08_4,2018,112.027
rus,sex_f,ocu_isco08_4,2019,93.906
rus,sex_f,ocu_isco08_4,2020,78.454
rus,sex_f,ocu_isco08_4,2021,82.528
rus,sex_f,ocu_isco08_4,2022,91.772
rus,sex_f,ocu_isco08_4,2023,99.02
rus,sex_f,ocu_isco08_4,2024,134.745
rus,sex_f,ocu_isco08_5,2016,2856.967
rus,sex_f,ocu_isco08_5,2017,2945.343
rus,sex_f,ocu_isco08_5,2018,2989.126
rus,sex_f,ocu_isco08_5,2019,2974.076
rus,sex_f,ocu_isco08_5,2020,2805.981
rus,sex_f,ocu_isco08_5,2021,2952.771
rus,sex_f,ocu_isco08_5,2022,2876.894
rus,sex_f,ocu_isco08_5,2023,3016.452
rus,sex_f,ocu_isco08_5,2024,3390.551
rus,sex_f,ocu_isco08_6,2016,1016.739
rus,sex_f,ocu_isco08_6,2017,643.492
rus,sex_f,ocu_isco08_6,2018,672.855
rus,sex_f,ocu_isco08_6,2019,648.893
rus,sex_f,ocu_isco08_6,2020,627.509
rus,sex_f,ocu_isco08_6,2021,604.932
rus,sex_f,ocu_isco08_6,2022,560.811
rus,sex_f,ocu_isco08_6,2023,508.317
rus,sex_f,ocu_isco08_6,2024,490.396
rus,sex_f,ocu_isco08_7,2016,372.05
rus,sex_f,ocu_isco08_7,2017,415.744
rus,sex_f,ocu_isco08_7,2018,470.526
rus,sex_f,ocu_isco08_7,2019,491.948
rus,sex_f,ocu_isco08_7,2020,464.6
rus,sex_f,ocu_isco08_7,2021,508.6
rus,sex_f,ocu_isco08_7,2022,425
rus,sex_f,ocu_isco08_7,2023,455.461
rus,sex_f,ocu_isco08_7,2024,539.256
rus,sex_f,ocu_isco08_8,2016,93.419
rus,sex_f,ocu_isco08_8,2017,85.974
rus,sex_f,ocu_isco08_8,2018,106.92
rus,sex_f,ocu_isco08_8,2019,108.25
rus,sex_f,ocu_isco08_8,2020,95.394
rus,sex_f,ocu_isco08_8,2021,96.723
rus,sex_f,ocu_isco08_8,2022,112.05
rus,sex_f,ocu_isco08_8,2023,105.497
rus,sex_f,ocu_isco08_8,2024,156.023
rus,sex_f,ocu_isco08_9,2016,350.018
rus,sex_f,ocu_isco08_9,2017,352.123
rus,sex_f,ocu_isco08_9,2018,368.12
rus,sex_f,ocu_isco08_9,2019,323.801
rus,sex_f,ocu_isco08_9,2020,316.657
rus,sex_f,ocu_isco08_9,2021,344.348
rus,sex_f,ocu_isco08_9,2022,345.416
rus,sex_f,ocu_isco08_9,2023,318.33
rus,sex_f,ocu_isco08_9,2024,337.021
rus,sex_f,ocu_isco08_total,2016,5994.302
rus,sex_f,ocu_isco08_total,2017,5804.375
rus,sex_f,ocu_isco08_total,2018,5971.285
rus,sex_f,ocu_isco08_total,2019,6027.094
rus,sex_f,ocu_isco08_total,2020,5738.84
rus,sex_f,ocu_isco08_total,2021,5974.818
rus,sex_f,ocu_isco08_total,2022,5626.604
rus,sex_f,ocu_isco08_total,2023,5741.086
rus,sex_f,ocu_isco08_total,2024,6746.806
rus,sex_f,ocu_isco88_1,2010,371.134
rus,sex_f,ocu_isco88_1,2011,430.221
rus,sex_f,ocu_isco88_1,2012,426.006
rus,sex_f,ocu_isco88_1,2013,463.301
rus,sex_f,ocu_isco88_1,2014,459.512
rus,sex_f,ocu_isco88_1,2015,494.403
rus,sex_f,ocu_isco88_2,2010,202.35
rus,sex_f,ocu_isco88_2,2011,214.944
rus,sex_f,ocu_isco88_2,2012,237.125
rus,sex_f,ocu_isco88_2,2013,270.035
rus,sex_f,ocu_isco88_2,2014,311.36
rus,sex_f,ocu_isco88_2,2015,322.22
rus,sex_f,ocu_isco88_3,2010,272.81
rus,sex_f,ocu_isco88_3,2011,336.552
rus,sex_f,ocu_isco88_3,2012,367.107
rus,sex_f,ocu_isco88_3,2013,399.781
rus,sex_f,ocu_isco88_3,2014,429.368
rus,sex_f,ocu_isco88_3,2015,436.62
rus,sex_f,ocu_isco88_4,2010,69.532
rus,sex_f,ocu_isco88_4,2011,86.263
rus,sex_f,ocu_isco88_4,2012,90.157
rus,sex_f,ocu_isco88_4,2013,97.014
rus,sex_f,ocu_isco88_4,2014,102.28
rus,sex_f,ocu_isco88_4,2015,103.465
rus,sex_f,ocu_isco88_5,2010,2062.887
rus,sex_f,ocu_isco88_5,2011,2409.088
rus,sex_f,ocu_isco88_5,2012,2655.435
rus,sex_f,ocu_isco88_5,2013,2650.997
rus,sex_f,ocu_isco88_5,2014,2688.456
rus,sex_f,ocu_isco88_5,2015,2730.14
rus,sex_f,ocu_isco88_6,2010,893.043
rus,sex_f,ocu_isco88_6,2011,993.503
rus,sex_f,ocu_isco88_6,2012,973.136
rus,sex_f,ocu_isco88_6,2013,1053.011
rus,sex_f,ocu_isco88_6,2014,999.634
rus,sex_f,ocu_isco88_6,2015,1016.882
rus,sex_f,ocu_isco88_7,2010,221.007
rus,sex_f,ocu_isco88_7,2011,258.749
rus,sex_f,ocu_isco88_7,2012,298.077
rus,sex_f,ocu_isco88_7,2013,315.062
rus,sex_f,ocu_isco88_7,2014,342.676
rus,sex_f,ocu_isco88_7,2015,329.098
rus,sex_f,ocu_isco88_8,2010,49.573
rus,sex_f,ocu_isco88_8,2011,54.486
rus,sex_f,ocu_isco88_8,2012,63.779
rus,sex_f,ocu_isco88_8,2013,67.027
rus,sex_f,ocu_isco88_8,2014,56.125
rus,sex_f,ocu_isco88_8,2015,52.145
rus,sex_f,ocu_isco88_9,2010,296.171
rus,sex_f,ocu_isco88_9,2011,346.99
rus,sex_f,ocu_isco88_9,2012,354.761
rus,sex_f,ocu_isco88_9,2013,359.204
rus,sex_f,ocu_isco88_9,2014,358.315
rus,sex_f,ocu_isco88_9,2015,400.211
rus,sex_f,ocu_isco88_total,2010,4438.507
rus,sex_f,ocu_isco88_total,2011,5130.797
rus,sex_f,ocu_isco88_total,2012,5465.582
rus,sex_f,ocu_isco88_total,2013,5675.431
rus,sex_f,ocu_isco88_total,2014,5747.725
rus,sex_f,ocu_isco88_total,2015,5885.182
rus,sex_f,ocu_skill_l1,2010,296.171
rus,sex_f,ocu_skill_l1,2011,346.99
rus,sex_f,ocu_skill_l1,2012,354.761
rus,sex_f,ocu_skill_l1,2013,359.204
rus,sex_f,ocu_skill_l1,2014,358.315
rus,sex_f,ocu_skill_l1,2015,400.211
rus,sex_f,ocu_skill_l1,2016,350.018
rus,sex_f,ocu_skill_l1,2017,352.123
rus,sex_f,ocu_skill_l1,2018,368.12
rus,sex_f,ocu_skill_l1,2019,323.801
rus,sex_f,ocu_skill_l1,2020,316.657
rus,sex_f,ocu_skill_l1,2021,344.348
rus,sex_f,ocu_skill_l1,2022,345.416
rus,sex_f,ocu_skill_l1,2023,318.33
rus,sex_f,ocu_skill_l1,2024,337.021
rus,sex_f,ocu_skill_l2,2010,3296.042
rus,sex_f,ocu_skill_l2,2011,3802.09
rus,sex_f,ocu_skill_l2,2012,4080.583
rus,sex_f,ocu_skill_l2,2013,4183.111
rus,sex_f,ocu_skill_l2,2014,4189.171
rus,sex_f,ocu_skill_l2,2015,4231.729
rus,sex_f,ocu_skill_l2,2016,4441.849
rus,sex_f,ocu_skill_l2,2017,4208.564
rus,sex_f,ocu_skill_l2,2018,4351.452
rus,sex_f,ocu_skill_l2,2019,4317.074
rus,sex_f,ocu_skill_l2,2020,4071.938
rus,sex_f,ocu_skill_l2,2021,4245.556
rus,sex_f,ocu_skill_l2,2022,4066.526
rus,sex_f,ocu_skill_l2,2023,4184.748
rus,sex_f,ocu_skill_l2,2024,4710.97
rus,sex_f,ocu_skill_l3_4,2010,846.294
rus,sex_f,ocu_skill_l3_4,2011,981.717
rus,sex_f,ocu_skill_l3_4,2012,1030.238
rus,sex_f,ocu_skill_l3_4,2013,1133.117
rus,sex_f,ocu_skill_l3_4,2014,1200.239
rus,sex_f,ocu_skill_l3_4,2015,1253.242
rus,sex_f,ocu_skill_l3_4,2016,1202.435
rus,sex_f,ocu_skill_l3_4,2017,1243.688
rus,sex_f,ocu_skill_l3_4,2018,1251.713
rus,sex_f,ocu_skill_l3_4,2019,1386.218
rus,sex_f,ocu_skill_l3_4,2020,1350.245
rus,sex_f,ocu_skill_l3_4,2021,1384.914
rus,sex_f,ocu_skill_l3_4,2022,1214.662
rus,sex_f,ocu_skill_l3_4,2023,1238.008
rus,sex_f,ocu_skill_l3_4,2024,1698.815
rus,sex_f,ocu_skill_total,2010,4438.507
rus,sex_f,ocu_skill_total,2011,5130.797
rus,sex_f,ocu_skill_total,2012,5465.582
rus,sex_f,ocu_skill_total,2013,5675.431
rus,sex_f,ocu_skill_total,2014,5747.725
rus,sex_f,ocu_skill_total,2015,5885.182
rus,sex_f,ocu_skill_total,2016,5994.302
rus,sex_f,ocu_skill_total,2017,5804.375
rus,sex_f,ocu_skill_total,2018,5971.285
rus,sex_f,ocu_skill_total,2019,6027.094
rus,sex_f,ocu_skill_total,2020,5738.84
rus,sex_f,ocu_skill_total,2021,5974.818
rus,sex_f,ocu_skill_total,2022,5626.604
rus,sex_f,ocu_skill_total,2023,5741.086
rus,sex_f,ocu_skill_total,2024,6746.806
rus,sex_m,ocu_isco08_1,2016,732.779
rus,sex_m,ocu_isco08_1,2017,747.45
rus,sex_m,ocu_isco08_1,2018,736.843
rus,sex_m,ocu_isco08_1,2019,579.31
rus,sex_m,ocu_isco08_1,2020,468.054
rus,sex_m,ocu_isco08_1,2021,464.292
rus,sex_m,ocu_isco08_1,2022,463.541
rus,sex_m,ocu_isco08_1,2023,534.849
rus,sex_m,ocu_isco08_1,2024,638.985
rus,sex_m,ocu_isco08_2,2016,312.035
rus,sex_m,ocu_isco08_2,2017,288.762
rus,sex_m,ocu_isco08_2,2018,309.163
rus,sex_m,ocu_isco08_2,2019,367.499
rus,sex_m,ocu_isco08_2,2020,425.552
rus,sex_m,ocu_isco08_2,2021,444.626
rus,sex_m,ocu_isco08_2,2022,358.147
rus,sex_m,ocu_isco08_2,2023,351.71
rus,sex_m,ocu_isco08_2,2024,518.009
rus,sex_m,ocu_isco08_3,2016,415.786
rus,sex_m,ocu_isco08_3,2017,415.403
rus,sex_m,ocu_isco08_3,2018,393.594
rus,sex_m,ocu_isco08_3,2019,580.062
rus,sex_m,ocu_isco08_3,2020,617.966
rus,sex_m,ocu_isco08_3,2021,646.162
rus,sex_m,ocu_isco08_3,2022,525.249
rus,sex_m,ocu_isco08_3,2023,466.638
rus,sex_m,ocu_isco08_3,2024,586.6
rus,sex_m,ocu_isco08_4,2016,32.283
rus,sex_m,ocu_isco08_4,2017,35.309
rus,sex_m,ocu_isco08_4,2018,39.44
rus,sex_m,ocu_isco08_4,2019,29.031
rus,sex_m,ocu_isco08_4,2020,21.536
rus,sex_m,ocu_isco08_4,2021,30.723
rus,sex_m,ocu_isco08_4,2022,37.507
rus,sex_m,ocu_isco08_4,2023,34.317
rus,sex_m,ocu_isco08_4,2024,51.552
rus,sex_m,ocu_isco08_5,2016,715.011
rus,sex_m,ocu_isco08_5,2017,724.322
rus,sex_m,ocu_isco08_5,2018,776.12
rus,sex_m,ocu_isco08_5,2019,741.936
rus,sex_m,ocu_isco08_5,2020,700.944
rus,sex_m,ocu_isco08_5,2021,713.145
rus,sex_m,ocu_isco08_5,2022,648.691
rus,sex_m,ocu_isco08_5,2023,675.512
rus,sex_m,ocu_isco08_5,2024,678.505
rus,sex_m,ocu_isco08_6,2016,993.156
rus,sex_m,ocu_isco08_6,2017,739.044
rus,sex_m,ocu_isco08_6,2018,728.654
rus,sex_m,ocu_isco08_6,2019,692.759
rus,sex_m,ocu_isco08_6,2020,694.134
rus,sex_m,ocu_isco08_6,2021,699.481
rus,sex_m,ocu_isco08_6,2022,626.523
rus,sex_m,ocu_isco08_6,2023,549.052
rus,sex_m,ocu_isco08_6,2024,495.582
rus,sex_m,ocu_isco08_7,2016,1682.26
rus,sex_m,ocu_isco08_7,2017,1786.917
rus,sex_m,ocu_isco08_7,2018,1775.165
rus,sex_m,ocu_isco08_7,2019,1742.138
rus,sex_m,ocu_isco08_7,2020,1622.546
rus,sex_m,ocu_isco08_7,2021,1691.08
rus,sex_m,ocu_isco08_7,2022,1617.297
rus,sex_m,ocu_isco08_7,2023,1695.601
rus,sex_m,ocu_isco08_7,2024,1850.226
rus,sex_m,ocu_isco08_8,2016,1727.028
rus,sex_m,ocu_isco08_8,2017,1732.726
rus,sex_m,ocu_isco08_8,2018,1765.914
rus,sex_m,ocu_isco08_8,2019,1858.969
rus,sex_m,ocu_isco08_8,2020,1798.479
rus,sex_m,ocu_isco08_8,2021,1812.399
rus,sex_m,ocu_isco08_8,2022,1763.504
rus,sex_m,ocu_isco08_8,2023,1738.993
rus,sex_m,ocu_isco08_8,2024,1789.509
rus,sex_m,ocu_isco08_9,2016,1003.755
rus,sex_m,ocu_isco08_9,2017,885.278
rus,sex_m,ocu_isco08_9,2018,924.084
rus,sex_m,ocu_isco08_9,2019,895.446
rus,sex_m,ocu_isco08_9,2020,810.77
rus,sex_m,ocu_isco08_9,2021,911.405
rus,sex_m,ocu_isco08_9,2022,920.304
rus,sex_m,ocu_isco08_9,2023,866.284
rus,sex_m,ocu_isco08_9,2024,801.486
rus,sex_m,ocu_isco08_total,2016,7614.094
rus,sex_m,ocu_isco08_total,2017,7355.211
rus,sex_m,ocu_isco08_total,2018,7448.977
rus,sex_m,ocu_isco08_total,2019,7487.149
rus,sex_m,ocu_isco08_total,2020,7159.98
rus,sex_m,ocu_isco08_total,2021,7413.313
rus,sex_m,ocu_isco08_total,2022,6960.764
rus,sex_m,ocu_isco08_total,2023,6912.957
rus,sex_m,ocu_isco08_total,2024,7410.454
rus,sex_m,ocu_isco88_1,2010,674.121
rus,sex_m,ocu_isco88_1,2011,754.396
rus,sex_m,ocu_isco88_1,2012,759.534
rus,sex_m,ocu_isco88_1,2013,868.444
rus,sex_m,ocu_isco88_1,2014,939.581
rus,sex_m,ocu_isco88_1,2015,959.649
rus,sex_m,ocu_isco88_2,2010,152.32
rus,sex_m,ocu_isco88_2,2011,164.436
rus,sex_m,ocu_isco88_2,2012,182.827
rus,sex_m,ocu_isco88_2,2013,207.125
rus,sex_m,ocu_isco88_2,2014,220.655
rus,sex_m,ocu_isco88_2,2015,228.604
rus,sex_m,ocu_isco88_3,2010,216.697
rus,sex_m,ocu_isco88_3,2011,245.454
rus,sex_m,ocu_isco88_3,2012,264.694
rus,sex_m,ocu_isco88_3,2013,275.056
rus,sex_m,ocu_isco88_3,2014,296.303
rus,sex_m,ocu_isco88_3,2015,317.025
rus,sex_m,ocu_isco88_4,2010,16.737
rus,sex_m,ocu_isco88_4,2011,15.12
rus,sex_m,ocu_isco88_4,2012,22.775
rus,sex_m,ocu_isco88_4,2013,25.65
rus,sex_m,ocu_isco88_4,2014,18.967
rus,sex_m,ocu_isco88_4,2015,22.154
rus,sex_m,ocu_isco88_5,2010,569.58
rus,sex_m,ocu_isco88_5,2011,623.776
rus,sex_m,ocu_isco88_5,2012,665.49
rus,sex_m,ocu_isco88_5,2013,688.262
rus,sex_m,ocu_isco88_5,2014,709.778
rus,sex_m,ocu_isco88_5,2015,683.944
rus,sex_m,ocu_isco88_6,2010,929.226
rus,sex_m,ocu_isco88_6,2011,956.395
rus,sex_m,ocu_isco88_6,2012,942.521
rus,sex_m,ocu_isco88_6,2013,952.327
rus,sex_m,ocu_isco88_6,2014,899.959
rus,sex_m,ocu_isco88_6,2015,940.145
rus,sex_m,ocu_isco88_7,2010,1101.362
rus,sex_m,ocu_isco88_7,2011,1208.642
rus,sex_m,ocu_isco88_7,2012,1312.685
rus,sex_m,ocu_isco88_7,2013,1416.201
rus,sex_m,ocu_isco88_7,2014,1496.996
rus,sex_m,ocu_isco88_7,2015,1594.706
rus,sex_m,ocu_isco88_8,2010,1171.658
rus,sex_m,ocu_isco88_8,2011,1344.738
rus,sex_m,ocu_isco88_8,2012,1481.588
rus,sex_m,ocu_isco88_8,2013,1572.348
rus,sex_m,ocu_isco88_8,2014,1581.379
rus,sex_m,ocu_isco88_8,2015,1640.712
rus,sex_m,ocu_isco88_9,2010,816.936
rus,sex_m,ocu_isco88_9,2011,961.086
rus,sex_m,ocu_isco88_9,2012,1035.501
rus,sex_m,ocu_isco88_9,2013,1020.992
rus,sex_m,ocu_isco88_9,2014,1021.405
rus,sex_m,ocu_isco88_9,2015,1062.543
rus,sex_m,ocu_isco88_total,2010,5648.637
rus,sex_m,ocu_isco88_total,2011,6274.044
rus,sex_m,ocu_isco88_total,2012,6667.615
rus,sex_m,ocu_isco88_total,2013,7026.406
rus,sex_m,ocu_isco88_total,2014,7185.021
rus,sex_m,ocu_isco88_total,2015,7449.482
rus,sex_m,ocu_skill_l1,2010,816.936
rus,sex_m,ocu_skill_l1,2011,961.086
rus,sex_m,ocu_skill_l1,2012,1035.501
rus,sex_m,ocu_skill_l1,2013,1020.992
rus,sex_m,ocu_skill_l1,2014,1021.405
rus,sex_m,ocu_skill_l1,2015,1062.543
rus,sex_m,ocu_skill_l1,2016,1003.755
rus,sex_m,ocu_skill_l1,2017,885.278
rus,sex_m,ocu_skill_l1,2018,924.084
rus,sex_m,ocu_skill_l1,2019,895.446
rus,sex_m,ocu_skill_l1,2020,810.77
rus,sex_m,ocu_skill_l1,2021,911.405
rus,sex_m,ocu_skill_l1,2022,920.304
rus,sex_m,ocu_skill_l1,2023,866.284
rus,sex_m,ocu_skill_l1,2024,801.486
rus,sex_m,ocu_skill_l2,2010,3788.563
rus,sex_m,ocu_skill_l2,2011,4148.671
rus,sex_m,ocu_skill_l2,2012,4425.058
rus,sex_m,ocu_skill_l2,2013,4654.788
rus,sex_m,ocu_skill_l2,2014,4707.078
rus,sex_m,ocu_skill_l2,2015,4881.661
rus,sex_m,ocu_skill_l2,2016,5149.739
rus,sex_m,ocu_skill_l2,2017,5018.318
rus,sex_m,ocu_skill_l2,2018,5085.292
rus,sex_m,ocu_skill_l2,2019,5064.833
rus,sex_m,ocu_skill_l2,2020,4837.638
rus,sex_m,ocu_skill_l2,2021,4946.828
rus,sex_m,ocu_skill_l2,2022,4693.522
rus,sex_m,ocu_skill_l2,2023,4693.475
rus,sex_m,ocu_skill_l2,2024,4865.374
rus,sex_m,ocu_skill_l3_4,2010,1043.138
rus,sex_m,ocu_skill_l3_4,2011,1164.286
rus,sex_m,ocu_skill_l3_4,2012,1207.055
rus,sex_m,ocu_skill_l3_4,2013,1350.625
rus,sex_m,ocu_skill_l3_4,2014,1456.538
rus,sex_m,ocu_skill_l3_4,2015,1505.278
rus,sex_m,ocu_skill_l3_4,2016,1460.6
rus,sex_m,ocu_skill_l3_4,2017,1451.615
rus,sex_m,ocu_skill_l3_4,2018,1439.601
rus,sex_m,ocu_skill_l3_4,2019,1526.87
rus,sex_m,ocu_skill_l3_4,2020,1511.572
rus,sex_m,ocu_skill_l3_4,2021,1555.08
rus,sex_m,ocu_skill_l3_4,2022,1346.937
rus,sex_m,ocu_skill_l3_4,2023,1353.198
rus,sex_m,ocu_skill_l3_4,2024,1743.594
rus,sex_m,ocu_skill_total,2010,5648.637
rus,sex_m,ocu_skill_total,2011,6274.044
rus,sex_m,ocu_skill_total,2012,6667.615
rus,sex_m,ocu_skill_total,2013,7026.406
rus,sex_m,ocu_skill_total,2014,7185.021
rus,sex_m,ocu_skill_total,2015,7449.482
rus,sex_m,ocu_skill_total,2016,7614.094
rus,sex_m,ocu_skill_total,2017,7355.211
rus,sex_m,ocu_skill_total,2018,7448.977
rus,sex_m,ocu_skill_total,2019,7487.149
rus,sex_m,ocu_skill_total,2020,7159.98
rus,sex_m,ocu_skill_total,2021,7413.313
rus,sex_m,ocu_skill_total,2022,6960.764
rus,sex_m,ocu_skill_total,2023,6912.957
rus,sex_m,ocu_skill_total,2024,7410.454
rus,sex_t,ocu_isco08_1,2016,1110.154
rus,sex_t,ocu_isco08_1,2017,1135.417
rus,sex_t,ocu_isco08_1,2018,1120.488
rus,sex_t,ocu_isco08_1,2019,905.224
rus,sex_t,ocu_isco08_1,2020,729.638
rus,sex_t,ocu_isco08_1,2021,728.293
rus,sex_t,ocu_isco08_1,2022,692.684
rus,sex_t,ocu_isco08_1,2023,793.737
rus,sex_t,ocu_isco08_1,2024,939.478
rus,sex_t,ocu_isco08_2,2016,713.039
rus,sex_t,ocu_isco08_2,2017,718.761
rus,sex_t,ocu_isco08_2,2018,761.421
rus,sex_t,ocu_isco08_2,2019,881.97
rus,sex_t,ocu_isco08_2,2020,991.524
rus,sex_t,ocu_isco08_2,2021,1037.186
rus,sex_t,ocu_isco08_2,2022,919.745
rus,sex_t,ocu_isco08_2,2023,915.339
rus,sex_t,ocu_isco08_2,2024,1297.389
rus,sex_t,ocu_isco08_3,2016,839.843
rus,sex_t,ocu_isco08_3,2017,841.125
rus,sex_t,ocu_isco08_3,2018,809.405
rus,sex_t,ocu_isco08_3,2019,1125.895
rus,sex_t,ocu_isco08_3,2020,1140.655
rus,sex_t,ocu_isco08_3,2021,1174.515
rus,sex_t,ocu_isco08_3,2022,949.17
rus,sex_t,ocu_isco08_3,2023,882.13
rus,sex_t,ocu_isco08_3,2024,1205.542
rus,sex_t,ocu_isco08_4,2016,134.956
rus,sex_t,ocu_isco08_4,2017,153.32
rus,sex_t,ocu_isco08_4,2018,151.466
rus,sex_t,ocu_isco08_4,2019,122.938
rus,sex_t,ocu_isco08_4,2020,99.99
rus,sex_t,ocu_isco08_4,2021,113.251
rus,sex_t,ocu_isco08_4,2022,129.28
rus,sex_t,ocu_isco08_4,2023,133.338
rus,sex_t,ocu_isco08_4,2024,186.297
rus,sex_t,ocu_isco08_5,2016,3571.978
rus,sex_t,ocu_isco08_5,2017,3669.665
rus,sex_t,ocu_isco08_5,2018,3765.246
rus,sex_t,ocu_isco08_5,2019,3716.012
rus,sex_t,ocu_isco08_5,2020,3506.924
rus,sex_t,ocu_isco08_5,2021,3665.916
rus,sex_t,ocu_isco08_5,2022,3525.585
rus,sex_t,ocu_isco08_5,2023,3691.964
rus,sex_t,ocu_isco08_5,2024,4069.056
rus,sex_t,ocu_isco08_6,2016,2009.895
rus,sex_t,ocu_isco08_6,2017,1382.536
rus,sex_t,ocu_isco08_6,2018,1401.509
rus,sex_t,ocu_isco08_6,2019,1341.652
rus,sex_t,ocu_isco08_6,2020,1321.643
rus,sex_t,ocu_isco08_6,2021,1304.413
rus,sex_t,ocu_isco08_6,2022,1187.334
rus,sex_t,ocu_isco08_6,2023,1057.369
rus,sex_t,ocu_isco08_6,2024,985.979
rus,sex_t,ocu_isco08_7,2016,2054.311
rus,sex_t,ocu_isco08_7,2017,2202.661
rus,sex_t,ocu_isco08_7,2018,2245.691
rus,sex_t,ocu_isco08_7,2019,2234.086
rus,sex_t,ocu_isco08_7,2020,2087.147
rus,sex_t,ocu_isco08_7,2021,2199.681
rus,sex_t,ocu_isco08_7,2022,2042.296
rus,sex_t,ocu_isco08_7,2023,2151.062
rus,sex_t,ocu_isco08_7,2024,2389.482
rus,sex_t,ocu_isco08_8,2016,1820.448
rus,sex_t,ocu_isco08_8,2017,1818.699
rus,sex_t,ocu_isco08_8,2018,1872.834
rus,sex_t,ocu_isco08_8,2019,1967.22
rus,sex_t,ocu_isco08_8,2020,1893.873
rus,sex_t,ocu_isco08_8,2021,1909.122
rus,sex_t,ocu_isco08_8,2022,1875.554
rus,sex_t,ocu_isco08_8,2023,1844.491
rus,sex_t,ocu_isco08_8,2024,1945.531
rus,sex_t,ocu_isco08_9,2016,1353.773
rus,sex_t,ocu_isco08_9,2017,1237.401
rus,sex_t,ocu_isco08_9,2018,1292.204
rus,sex_t,ocu_isco08_9,2019,1219.247
rus,sex_t,ocu_isco08_9,2020,1127.427
rus,sex_t,ocu_isco08_9,2021,1255.753
rus,sex_t,ocu_isco08_9,2022,1265.72
rus,sex_t,ocu_isco08_9,2023,1184.613
rus,sex_t,ocu_isco08_9,2024,1138.506
rus,sex_t,ocu_isco08_total,2016,13608.396
rus,sex_t,ocu_isco08_total,2017,13159.585
rus,sex_t,ocu_isco08_total,2018,13420.263
rus,sex_t,ocu_isco08_total,2019,13514.243
rus,sex_t,ocu_isco08_total,2020,12898.82
rus,sex_t,ocu_isco08_total,2021,13388.13
rus,sex_t,ocu_isco08_total,2022,12587.369
rus,sex_t,ocu_isco08_total,2023,12654.042
rus,sex_t,ocu_isco08_total,2024,14157.259
rus,sex_t,ocu_isco88_1,2010,1045.255
rus,sex_t,ocu_isco88_1,2011,1184.617
rus,sex_t,ocu_isco88_1,2012,1185.54
rus,sex_t,ocu_isco88_1,2013,1331.745
rus,sex_t,ocu_isco88_1,2014,1399.092
rus,sex_t,ocu_isco88_1,2015,1454.052
rus,sex_t,ocu_isco88_2,2010,354.67
rus,sex_t,ocu_isco88_2,2011,379.38
rus,sex_t,ocu_isco88_2,2012,419.952
rus,sex_t,ocu_isco88_2,2013,477.16
rus,sex_t,ocu_isco88_2,2014,532.015
rus,sex_t,ocu_isco88_2,2015,550.823
rus,sex_t,ocu_isco88_3,2010,489.507
rus,sex_t,ocu_isco88_3,2011,582.006
rus,sex_t,ocu_isco88_3,2012,631.801
rus,sex_t,ocu_isco88_3,2013,674.837
rus,sex_t,ocu_isco88_3,2014,725.67
rus,sex_t,ocu_isco88_3,2015,753.645
rus,sex_t,ocu_isco88_4,2010,86.269
rus,sex_t,ocu_isco88_4,2011,101.383
rus,sex_t,ocu_isco88_4,2012,112.932
rus,sex_t,ocu_isco88_4,2013,122.664
rus,sex_t,ocu_isco88_4,2014,121.247
rus,sex_t,ocu_isco88_4,2015,125.618
rus,sex_t,ocu_isco88_5,2010,2632.466
rus,sex_t,ocu_isco88_5,2011,3032.865
rus,sex_t,ocu_isco88_5,2012,3320.925
rus,sex_t,ocu_isco88_5,2013,3339.259
rus,sex_t,ocu_isco88_5,2014,3398.234
rus,sex_t,ocu_isco88_5,2015,3414.084
rus,sex_t,ocu_isco88_6,2010,1822.269
rus,sex_t,ocu_isco88_6,2011,1949.898
rus,sex_t,ocu_isco88_6,2012,1915.657
rus,sex_t,ocu_isco88_6,2013,2005.338
rus,sex_t,ocu_isco88_6,2014,1899.592
rus,sex_t,ocu_isco88_6,2015,1957.027
rus,sex_t,ocu_isco88_7,2010,1322.369
rus,sex_t,ocu_isco88_7,2011,1467.391
rus,sex_t,ocu_isco88_7,2012,1610.761
rus,sex_t,ocu_isco88_7,2013,1731.264
rus,sex_t,ocu_isco88_7,2014,1839.672
rus,sex_t,ocu_isco88_7,2015,1923.804
rus,sex_t,ocu_isco88_8,2010,1221.231
rus,sex_t,ocu_isco88_8,2011,1399.225
rus,sex_t,ocu_isco88_8,2012,1545.367
rus,sex_t,ocu_isco88_8,2013,1639.375
rus,sex_t,ocu_isco88_8,2014,1637.504
rus,sex_t,ocu_isco88_8,2015,1692.857
rus,sex_t,ocu_isco88_9,2010,1113.107
rus,sex_t,ocu_isco88_9,2011,1308.076
rus,sex_t,ocu_isco88_9,2012,1390.262
rus,sex_t,ocu_isco88_9,2013,1380.196
rus,sex_t,ocu_isco88_9,2014,1379.719
rus,sex_t,ocu_isco88_9,2015,1462.753
rus,sex_t,ocu_isco88_total,2010,10087.144
rus,sex_t,ocu_isco88_total,2011,11404.841
rus,sex_t,ocu_isco88_total,2012,12133.197
rus,sex_t,ocu_isco88_total,2013,12701.837
rus,sex_t,ocu_isco88_total,2014,12932.746
rus,sex_t,ocu_isco88_total,2015,13334.663
rus,sex_t,ocu_skill_l1,2010,1113.107
rus,sex_t,ocu_skill_l1,2011,1308.076
rus,sex_t,ocu_skill_l1,2012,1390.262
rus,sex_t,ocu_skill_l1,2013,1380.196
rus,sex_t,ocu_skill_l1,2014,1379.719
rus,sex_t,ocu_skill_l1,2015,1462.753
rus,sex_t,ocu_skill_l1,2016,1353.773
rus,sex_t,ocu_skill_l1,2017,1237.401
rus,sex_t,ocu_skill_l1,2018,1292.204
rus,sex_t,ocu_skill_l1,2019,1219.247
rus,sex_t,ocu_skill_l1,2020,1127.427
rus,sex_t,ocu_skill_l1,2021,1255.753
rus,sex_t,ocu_skill_l1,2022,1265.72
rus,sex_t,ocu_skill_l1,2023,1184.613
rus,sex_t,ocu_skill_l1,2024,1138.506
rus,sex_t,ocu_skill_l2,2010,7084.605
rus,sex_t,ocu_skill_l2,2011,7950.761
rus,sex_t,ocu_skill_l2,2012,8505.642
rus,sex_t,ocu_skill_l2,2013,8837.9
rus,sex_t,ocu_skill_l2,2014,8896.249
rus,sex_t,ocu_skill_l2,2015,9113.39
rus,sex_t,ocu_skill_l2,2016,9591.588
rus,sex_t,ocu_skill_l2,2017,9226.881
rus,sex_t,ocu_skill_l2,2018,9436.745
rus,sex_t,ocu_skill_l2,2019,9381.907
rus,sex_t,ocu_skill_l2,2020,8909.577
rus,sex_t,ocu_skill_l2,2021,9192.384
rus,sex_t,ocu_skill_l2,2022,8760.049
rus,sex_t,ocu_skill_l2,2023,8878.223
rus,sex_t,ocu_skill_l2,2024,9576.344
rus,sex_t,ocu_skill_l3_4,2010,1889.432
rus,sex_t,ocu_skill_l3_4,2011,2146.004
rus,sex_t,ocu_skill_l3_4,2012,2237.293
rus,sex_t,ocu_skill_l3_4,2013,2483.742
rus,sex_t,ocu_skill_l3_4,2014,2656.777
rus,sex_t,ocu_skill_l3_4,2015,2758.52
rus,sex_t,ocu_skill_l3_4,2016,2663.035
rus,sex_t,ocu_skill_l3_4,2017,2695.304
rus,sex_t,ocu_skill_l3_4,2018,2691.314
rus,sex_t,ocu_skill_l3_4,2019,2913.089
rus,sex_t,ocu_skill_l3_4,2020,2861.817
rus,sex_t,ocu_skill_l3_4,2021,2939.994
rus,sex_t,ocu_skill_l3_4,2022,2561.599
rus,sex_t,ocu_skill_l3_4,2023,2591.206
rus,sex_t,ocu_skill_l3_4,2024,3442.409
rus,sex_t,ocu_skill_total,2010,10087.144
rus,sex_t,ocu_skill_total,2011,11404.841
rus,sex_t,ocu_skill_total,2012,12133.197
rus,sex_t,ocu_skill_total,2013,12701.837
rus,sex_t,ocu_skill_total,2014,12932.746
rus,sex_t,ocu_skill_total,2015,13334.663
rus,sex_t,ocu_skill_total,2016,13608.396
rus,sex_t,ocu_skill_total,2017,13159.585
rus,sex_t,ocu_skill_total,2018,13420.263
rus,sex_t,ocu_skill_total,2019,13514.243
rus,sex_t,ocu_skill_total,2020,12898.82
rus,sex_t,ocu_skill_total,2021,13388.13
rus,sex_t,ocu_skill_total,2022,12587.369
rus,sex_t,ocu_skill_total,2023,12654.042
rus,sex_t,ocu_skill_total,2024,14157.259
rwa,sex_f,ocu_isco08_1,2017,1.024
rwa,sex_f,ocu_isco08_1,2018,0.778
rwa,sex_f,ocu_isco08_1,2019,0.85
rwa,sex_f,ocu_isco08_1,2020,2.111
rwa,sex_f,ocu_isco08_1,2021,0.778
rwa,sex_f,ocu_isco08_1,2022,1.11
rwa,sex_f,ocu_isco08_1,2023,1.306
rwa,sex_f,ocu_isco08_1,2024,3.559
rwa,sex_f,ocu_isco08_2,2017,9.745
rwa,sex_f,ocu_isco08_2,2018,15.449
rwa,sex_f,ocu_isco08_2,2019,13.519
rwa,sex_f,ocu_isco08_2,2020,8.034
rwa,sex_f,ocu_isco08_2,2021,10.828
rwa,sex_f,ocu_isco08_2,2022,14.523
rwa,sex_f,ocu_isco08_2,2023,18.752
rwa,sex_f,ocu_isco08_2,2024,27.404
rwa,sex_f,ocu_isco08_3,2017,3.464
rwa,sex_f,ocu_isco08_3,2018,3.075
rwa,sex_f,ocu_isco08_3,2019,3.753
rwa,sex_f,ocu_isco08_3,2020,1.696
rwa,sex_f,ocu_isco08_3,2021,1.787
rwa,sex_f,ocu_isco08_3,2022,3.826
rwa,sex_f,ocu_isco08_3,2023,2.307
rwa,sex_f,ocu_isco08_3,2024,8.722
rwa,sex_f,ocu_isco08_4,2017,4.501
rwa,sex_f,ocu_isco08_4,2018,5.453
rwa,sex_f,ocu_isco08_4,2019,6.881
rwa,sex_f,ocu_isco08_4,2020,5.987
rwa,sex_f,ocu_isco08_4,2021,5.476
rwa,sex_f,ocu_isco08_4,2022,6.589
rwa,sex_f,ocu_isco08_4,2023,7.774
rwa,sex_f,ocu_isco08_4,2024,11.163
rwa,sex_f,ocu_isco08_5,2017,184.679
rwa,sex_f,ocu_isco08_5,2018,195.321
rwa,sex_f,ocu_isco08_5,2019,218.857
rwa,sex_f,ocu_isco08_5,2020,239.307
rwa,sex_f,ocu_isco08_5,2021,173.078
rwa,sex_f,ocu_isco08_5,2022,176.719
rwa,sex_f,ocu_isco08_5,2023,279.417
rwa,sex_f,ocu_isco08_5,2024,348.452
rwa,sex_f,ocu_isco08_6,2017,529.148
rwa,sex_f,ocu_isco08_6,2018,542.396
rwa,sex_f,ocu_isco08_6,2019,473.269
rwa,sex_f,ocu_isco08_6,2020,567.391
rwa,sex_f,ocu_isco08_6,2021,455.132
rwa,sex_f,ocu_isco08_6,2022,505.919
rwa,sex_f,ocu_isco08_6,2023,527.618
rwa,sex_f,ocu_isco08_6,2024,54.368
rwa,sex_f,ocu_isco08_7,2017,41.167
rwa,sex_f,ocu_isco08_7,2018,48.764
rwa,sex_f,ocu_isco08_7,2019,62.278
rwa,sex_f,ocu_isco08_7,2020,58.89
rwa,sex_f,ocu_isco08_7,2021,51.972
rwa,sex_f,ocu_isco08_7,2022,63.578
rwa,sex_f,ocu_isco08_7,2023,68.471
rwa,sex_f,ocu_isco08_7,2024,80.166
rwa,sex_f,ocu_isco08_8,2017,2.49
rwa,sex_f,ocu_isco08_8,2018,3.284
rwa,sex_f,ocu_isco08_8,2019,1.789
rwa,sex_f,ocu_isco08_8,2020,2.993
rwa,sex_f,ocu_isco08_8,2021,0.543
rwa,sex_f,ocu_isco08_8,2022,1.107
rwa,sex_f,ocu_isco08_8,2023,1.189
rwa,sex_f,ocu_isco08_8,2024,3.129
rwa,sex_f,ocu_isco08_9,2017,797.943
rwa,sex_f,ocu_isco08_9,2018,812.823
rwa,sex_f,ocu_isco08_9,2019,801.548
rwa,sex_f,ocu_isco08_9,2020,917.753
rwa,sex_f,ocu_isco08_9,2021,949.291
rwa,sex_f,ocu_isco08_9,2022,1010.236
rwa,sex_f,ocu_isco08_9,2023,1064.446
rwa,sex_f,ocu_isco08_9,2024,1094.25
rwa,sex_f,ocu_isco08_total,2017,1574.161
rwa,sex_f,ocu_isco08_total,2018,1627.344
rwa,sex_f,ocu_isco08_total,2019,1582.745
rwa,sex_f,ocu_isco08_total,2020,1804.161
rwa,sex_f,ocu_isco08_total,2021,1648.886
rwa,sex_f,ocu_isco08_total,2022,1783.607
rwa,sex_f,ocu_isco08_total,2023,1971.281
rwa,sex_f,ocu_isco08_total,2024,1631.213
rwa,sex_f,ocu_skill_l1,2017,797.943
rwa,sex_f,ocu_skill_l1,2018,812.823
rwa,sex_f,ocu_skill_l1,2019,801.548
rwa,sex_f,ocu_skill_l1,2020,917.753
rwa,sex_f,ocu_skill_l1,2021,949.291
rwa,sex_f,ocu_skill_l1,2022,1010.236
rwa,sex_f,ocu_skill_l1,2023,1064.446
rwa,sex_f,ocu_skill_l1,2024,1094.25
rwa,sex_f,ocu_skill_l2,2017,761.985
rwa,sex_f,ocu_skill_l2,2018,795.218
rwa,sex_f,ocu_skill_l2,2019,763.075
rwa,sex_f,ocu_skill_l2,2020,874.567
rwa,sex_f,ocu_skill_l2,2021,686.202
rwa,sex_f,ocu_skill_l2,2022,753.912
rwa,sex_f,ocu_skill_l2,2023,884.469
rwa,sex_f,ocu_skill_l2,2024,497.278
rwa,sex_f,ocu_skill_l3_4,2017,14.233
rwa,sex_f,ocu_skill_l3_4,2018,19.303
rwa,sex_f,ocu_skill_l3_4,2019,18.122
rwa,sex_f,ocu_skill_l3_4,2020,11.841
rwa,sex_f,ocu_skill_l3_4,2021,13.393
rwa,sex_f,ocu_skill_l3_4,2022,19.459
rwa,sex_f,ocu_skill_l3_4,2023,22.365
rwa,sex_f,ocu_skill_l3_4,2024,39.685
rwa,sex_f,ocu_skill_total,2017,1574.161
rwa,sex_f,ocu_skill_total,2018,1627.344
rwa,sex_f,ocu_skill_total,2019,1582.745
rwa,sex_f,ocu_skill_total,2020,1804.161
rwa,sex_f,ocu_skill_total,2021,1648.886
rwa,sex_f,ocu_skill_total,2022,1783.607
rwa,sex_f,ocu_skill_total,2023,1971.281
rwa,sex_f,ocu_skill_total,2024,1631.213
rwa,sex_m,ocu_isco08_1,2017,2.742
rwa,sex_m,ocu_isco08_1,2018,2.897
rwa,sex_m,ocu_isco08_1,2019,3.092
rwa,sex_m,ocu_isco08_1,2020,3.871
rwa,sex_m,ocu_isco08_1,2021,1.912
rwa,sex_m,ocu_isco08_1,2022,2.972
rwa,sex_m,ocu_isco08_1,2023,2.403
rwa,sex_m,ocu_isco08_1,2024,5.662
rwa,sex_m,ocu_isco08_2,2017,14.625
rwa,sex_m,ocu_isco08_2,2018,18.245
rwa,sex_m,ocu_isco08_2,2019,14.787
rwa,sex_m,ocu_isco08_2,2020,17.984
rwa,sex_m,ocu_isco08_2,2021,14.223
rwa,sex_m,ocu_isco08_2,2022,19.906
rwa,sex_m,ocu_isco08_2,2023,19.396
rwa,sex_m,ocu_isco08_2,2024,24.884
rwa,sex_m,ocu_isco08_3,2017,10.42
rwa,sex_m,ocu_isco08_3,2018,10.169
rwa,sex_m,ocu_isco08_3,2019,10.169
rwa,sex_m,ocu_isco08_3,2020,15.084
rwa,sex_m,ocu_isco08_3,2021,9.641
rwa,sex_m,ocu_isco08_3,2022,10.703
rwa,sex_m,ocu_isco08_3,2023,10.08
rwa,sex_m,ocu_isco08_3,2024,24.353
rwa,sex_m,ocu_isco08_4,2017,4.96
rwa,sex_m,ocu_isco08_4,2018,3.28
rwa,sex_m,ocu_isco08_4,2019,3.858
rwa,sex_m,ocu_isco08_4,2020,7.272
rwa,sex_m,ocu_isco08_4,2021,5.612
rwa,sex_m,ocu_isco08_4,2022,5.349
rwa,sex_m,ocu_isco08_4,2023,6.922
rwa,sex_m,ocu_isco08_4,2024,8.72
rwa,sex_m,ocu_isco08_5,2017,146.165
rwa,sex_m,ocu_isco08_5,2018,179.141
rwa,sex_m,ocu_isco08_5,2019,196.019
rwa,sex_m,ocu_isco08_5,2020,190.093
rwa,sex_m,ocu_isco08_5,2021,135.69
rwa,sex_m,ocu_isco08_5,2022,137.42
rwa,sex_m,ocu_isco08_5,2023,207.417
rwa,sex_m,ocu_isco08_5,2024,227.005
rwa,sex_m,ocu_isco08_6,2017,373.845
rwa,sex_m,ocu_isco08_6,2018,359.219
rwa,sex_m,ocu_isco08_6,2019,349.477
rwa,sex_m,ocu_isco08_6,2020,407.613
rwa,sex_m,ocu_isco08_6,2021,328.249
rwa,sex_m,ocu_isco08_6,2022,346.707
rwa,sex_m,ocu_isco08_6,2023,390.66
rwa,sex_m,ocu_isco08_6,2024,46.033
rwa,sex_m,ocu_isco08_7,2017,155.073
rwa,sex_m,ocu_isco08_7,2018,179.037
rwa,sex_m,ocu_isco08_7,2019,164.795
rwa,sex_m,ocu_isco08_7,2020,221.784
rwa,sex_m,ocu_isco08_7,2021,174.681
rwa,sex_m,ocu_isco08_7,2022,192.335
rwa,sex_m,ocu_isco08_7,2023,210.521
rwa,sex_m,ocu_isco08_7,2024,252.56
rwa,sex_m,ocu_isco08_8,2017,34.312
rwa,sex_m,ocu_isco08_8,2018,37.952
rwa,sex_m,ocu_isco08_8,2019,37.532
rwa,sex_m,ocu_isco08_8,2020,45.802
rwa,sex_m,ocu_isco08_8,2021,48.565
rwa,sex_m,ocu_isco08_8,2022,49.792
rwa,sex_m,ocu_isco08_8,2023,62.336
rwa,sex_m,ocu_isco08_8,2024,73.067
rwa,sex_m,ocu_isco08_9,2017,833.199
rwa,sex_m,ocu_isco08_9,2018,861.064
rwa,sex_m,ocu_isco08_9,2019,890.729
rwa,sex_m,ocu_isco08_9,2020,989.218
rwa,sex_m,ocu_isco08_9,2021,1065.574
rwa,sex_m,ocu_isco08_9,2022,1128.986
rwa,sex_m,ocu_isco08_9,2023,1175.304
rwa,sex_m,ocu_isco08_9,2024,1191.016
rwa,sex_m,ocu_isco08_total,2017,1575.884
rwa,sex_m,ocu_isco08_total,2018,1651.165
rwa,sex_m,ocu_isco08_total,2019,1670.458
rwa,sex_m,ocu_isco08_total,2020,1898.721
rwa,sex_m,ocu_isco08_total,2021,1784.451
rwa,sex_m,ocu_isco08_total,2022,1894.17
rwa,sex_m,ocu_isco08_total,2023,2085.038
rwa,sex_m,ocu_isco08_total,2024,1853.3
rwa,sex_m,ocu_skill_l1,2017,833.199
rwa,sex_m,ocu_skill_l1,2018,861.064
rwa,sex_m,ocu_skill_l1,2019,890.729
rwa,sex_m,ocu_skill_l1,2020,989.218
rwa,sex_m,ocu_skill_l1,2021,1065.574
rwa,sex_m,ocu_skill_l1,2022,1128.986
rwa,sex_m,ocu_skill_l1,2023,1175.304
rwa,sex_m,ocu_skill_l1,2024,1191.016
rwa,sex_m,ocu_skill_l2,2017,714.355
rwa,sex_m,ocu_skill_l2,2018,758.629
rwa,sex_m,ocu_skill_l2,2019,751.681
rwa,sex_m,ocu_skill_l2,2020,872.564
rwa,sex_m,ocu_skill_l2,2021,692.796
rwa,sex_m,ocu_skill_l2,2022,731.603
rwa,sex_m,ocu_skill_l2,2023,877.856
rwa,sex_m,ocu_skill_l2,2024,607.384
rwa,sex_m,ocu_skill_l3_4,2017,27.786
rwa,sex_m,ocu_skill_l3_4,2018,31.311
rwa,sex_m,ocu_skill_l3_4,2019,28.048
rwa,sex_m,ocu_skill_l3_4,2020,36.939
rwa,sex_m,ocu_skill_l3_4,2021,25.777
rwa,sex_m,ocu_skill_l3_4,2022,33.581
rwa,sex_m,ocu_skill_l3_4,2023,31.879
rwa,sex_m,ocu_skill_l3_4,2024,54.9
rwa,sex_m,ocu_skill_total,2017,1575.884
rwa,sex_m,ocu_skill_total,2018,1651.165
rwa,sex_m,ocu_skill_total,2019,1670.458
rwa,sex_m,ocu_skill_total,2020,1898.721
rwa,sex_m,ocu_skill_total,2021,1784.451
rwa,sex_m,ocu_skill_total,2022,1894.17
rwa,sex_m,ocu_skill_total,2023,2085.038
rwa,sex_m,ocu_skill_total,2024,1853.3
rwa,sex_t,ocu_isco08_1,2017,3.766
rwa,sex_t,ocu_isco08_1,2018,3.676
rwa,sex_t,ocu_isco08_1,2019,3.942
rwa,sex_t,ocu_isco08_1,2020,5.983
rwa,sex_t,ocu_isco08_1,2021,2.69
rwa,sex_t,ocu_isco08_1,2022,4.082
rwa,sex_t,ocu_isco08_1,2023,3.709
rwa,sex_t,ocu_isco08_1,2024,9.222
rwa,sex_t,ocu_isco08_2,2017,24.369
rwa,sex_t,ocu_isco08_2,2018,33.694
rwa,sex_t,ocu_isco08_2,2019,28.306
rwa,sex_t,ocu_isco08_2,2020,26.018
rwa,sex_t,ocu_isco08_2,2021,25.051
rwa,sex_t,ocu_isco08_2,2022,34.429
rwa,sex_t,ocu_isco08_2,2023,38.148
rwa,sex_t,ocu_isco08_2,2024,52.288
rwa,sex_t,ocu_isco08_3,2017,13.884
rwa,sex_t,ocu_isco08_3,2018,13.244
rwa,sex_t,ocu_isco08_3,2019,13.922
rwa,sex_t,ocu_isco08_3,2020,16.78
rwa,sex_t,ocu_isco08_3,2021,11.428
rwa,sex_t,ocu_isco08_3,2022,14.529
rwa,sex_t,ocu_isco08_3,2023,12.387
rwa,sex_t,ocu_isco08_3,2024,33.075
rwa,sex_t,ocu_isco08_4,2017,9.461
rwa,sex_t,ocu_isco08_4,2018,8.733
rwa,sex_t,ocu_isco08_4,2019,10.739
rwa,sex_t,ocu_isco08_4,2020,13.258
rwa,sex_t,ocu_isco08_4,2021,11.088
rwa,sex_t,ocu_isco08_4,2022,11.938
rwa,sex_t,ocu_isco08_4,2023,14.696
rwa,sex_t,ocu_isco08_4,2024,19.884
rwa,sex_t,ocu_isco08_5,2017,330.843
rwa,sex_t,ocu_isco08_5,2018,374.461
rwa,sex_t,ocu_isco08_5,2019,414.877
rwa,sex_t,ocu_isco08_5,2020,429.399
rwa,sex_t,ocu_isco08_5,2021,308.769
rwa,sex_t,ocu_isco08_5,2022,314.139
rwa,sex_t,ocu_isco08_5,2023,486.834
rwa,sex_t,ocu_isco08_5,2024,575.457
rwa,sex_t,ocu_isco08_6,2017,902.993
rwa,sex_t,ocu_isco08_6,2018,901.614
rwa,sex_t,ocu_isco08_6,2019,822.746
rwa,sex_t,ocu_isco08_6,2020,975.004
rwa,sex_t,ocu_isco08_6,2021,783.38
rwa,sex_t,ocu_isco08_6,2022,852.626
rwa,sex_t,ocu_isco08_6,2023,918.278
rwa,sex_t,ocu_isco08_6,2024,100.401
rwa,sex_t,ocu_isco08_7,2017,196.24
rwa,sex_t,ocu_isco08_7,2018,227.801
rwa,sex_t,ocu_isco08_7,2019,227.074
rwa,sex_t,ocu_isco08_7,2020,280.674
rwa,sex_t,ocu_isco08_7,2021,226.652
rwa,sex_t,ocu_isco08_7,2022,255.912
rwa,sex_t,ocu_isco08_7,2023,278.992
rwa,sex_t,ocu_isco08_7,2024,332.725
rwa,sex_t,ocu_isco08_8,2017,36.802
rwa,sex_t,ocu_isco08_8,2018,41.237
rwa,sex_t,ocu_isco08_8,2019,39.322
rwa,sex_t,ocu_isco08_8,2020,48.795
rwa,sex_t,ocu_isco08_8,2021,49.109
rwa,sex_t,ocu_isco08_8,2022,50.899
rwa,sex_t,ocu_isco08_8,2023,63.525
rwa,sex_t,ocu_isco08_8,2024,76.196
rwa,sex_t,ocu_isco08_9,2017,1631.142
rwa,sex_t,ocu_isco08_9,2018,1673.887
rwa,sex_t,ocu_isco08_9,2019,1692.277
rwa,sex_t,ocu_isco08_9,2020,1906.971
rwa,sex_t,ocu_isco08_9,2021,2014.866
rwa,sex_t,ocu_isco08_9,2022,2139.222
rwa,sex_t,ocu_isco08_9,2023,2239.75
rwa,sex_t,ocu_isco08_9,2024,2285.266
rwa,sex_t,ocu_isco08_total,2017,3150.045
rwa,sex_t,ocu_isco08_total,2018,3278.508
rwa,sex_t,ocu_isco08_total,2019,3253.203
rwa,sex_t,ocu_isco08_total,2020,3702.882
rwa,sex_t,ocu_isco08_total,2021,3433.337
rwa,sex_t,ocu_isco08_total,2022,3677.777
rwa,sex_t,ocu_isco08_total,2023,4056.319
rwa,sex_t,ocu_isco08_total,2024,3484.513
rwa,sex_t,ocu_skill_l1,2017,1631.142
rwa,sex_t,ocu_skill_l1,2018,1673.887
rwa,sex_t,ocu_skill_l1,2019,1692.277
rwa,sex_t,ocu_skill_l1,2020,1906.971
rwa,sex_t,ocu_skill_l1,2021,2014.866
rwa,sex_t,ocu_skill_l1,2022,2139.222
rwa,sex_t,ocu_skill_l1,2023,2239.75
rwa,sex_t,ocu_skill_l1,2024,2285.266
rwa,sex_t,ocu_skill_l2,2017,1476.34
rwa,sex_t,ocu_skill_l2,2018,1553.847
rwa,sex_t,ocu_skill_l2,2019,1514.756
rwa,sex_t,ocu_skill_l2,2020,1747.131
rwa,sex_t,ocu_skill_l2,2021,1378.998
rwa,sex_t,ocu_skill_l2,2022,1485.515
rwa,sex_t,ocu_skill_l2,2023,1762.324
rwa,sex_t,ocu_skill_l2,2024,1104.662
rwa,sex_t,ocu_skill_l3_4,2017,42.02
rwa,sex_t,ocu_skill_l3_4,2018,50.614
rwa,sex_t,ocu_skill_l3_4,2019,46.17
rwa,sex_t,ocu_skill_l3_4,2020,48.78
rwa,sex_t,ocu_skill_l3_4,2021,39.17
rwa,sex_t,ocu_skill_l3_4,2022,53.04
rwa,sex_t,ocu_skill_l3_4,2023,54.244
rwa,sex_t,ocu_skill_l3_4,2024,94.585
rwa,sex_t,ocu_skill_total,2017,3150.045
rwa,sex_t,ocu_skill_total,2018,3278.508
rwa,sex_t,ocu_skill_total,2019,3253.203
rwa,sex_t,ocu_skill_total,2020,3702.882
rwa,sex_t,ocu_skill_total,2021,3433.337
rwa,sex_t,ocu_skill_total,2022,3677.777
rwa,sex_t,ocu_skill_total,2023,4056.319
rwa,sex_t,ocu_skill_total,2024,3484.513
sdn,sex_f,ocu_isco08_1,2022,20.053
sdn,sex_f,ocu_isco08_2,2022,170.68
sdn,sex_f,ocu_isco08_3,2022,31.557
sdn,sex_f,ocu_isco08_4,2022,8.925
sdn,sex_f,ocu_isco08_5,2022,170.179
sdn,sex_f,ocu_isco08_6,2022,642.381
sdn,sex_f,ocu_isco08_7,2022,19.496
sdn,sex_f,ocu_isco08_8,2022,16.858
sdn,sex_f,ocu_isco08_9,2022,259.577
sdn,sex_f,ocu_isco08_total,2022,1492.837
sdn,sex_f,ocu_isco08_x,2022,144.333
sdn,sex_f,ocu_skill_l1,2022,259.577
sdn,sex_f,ocu_skill_l2,2022,857.839
sdn,sex_f,ocu_skill_l3_4,2022,222.29
sdn,sex_f,ocu_skill_total,2022,1492.837
sdn,sex_f,ocu_skill_x,2022,153.13
sdn,sex_m,ocu_isco08_0,2022,206.338
sdn,sex_m,ocu_isco08_1,2022,77.338
sdn,sex_m,ocu_isco08_2,2022,128.888
sdn,sex_m,ocu_isco08_3,2022,72.473
sdn,sex_m,ocu_isco08_4,2022,24.179
sdn,sex_m,ocu_isco08_5,2022,1480.733
sdn,sex_m,ocu_isco08_6,2022,2116.37
sdn,sex_m,ocu_isco08_7,2022,683.384
sdn,sex_m,ocu_isco08_8,2022,309.44
sdn,sex_m,ocu_isco08_9,2022,1309.372
sdn,sex_m,ocu_isco08_total,2022,7058.434
sdn,sex_m,ocu_isco08_x,2022,649.919
sdn,sex_m,ocu_skill_l1,2022,1309.372
sdn,sex_m,ocu_skill_l2,2022,4614.106
sdn,sex_m,ocu_skill_l3_4,2022,278.698
sdn,sex_m,ocu_skill_total,2022,7058.434
sdn,sex_m,ocu_skill_x,2022,856.257
sdn,sex_t,ocu_isco08_0,2022,215.135
sdn,sex_t,ocu_isco08_1,2022,97.39
sdn,sex_t,ocu_isco08_2,2022,299.568
sdn,sex_t,ocu_isco08_3,2022,104.03
sdn,sex_t,ocu_isco08_4,2022,33.104
sdn,sex_t,ocu_isco08_5,2022,1650.911
sdn,sex_t,ocu_isco08_6,2022,2758.751
sdn,sex_t,ocu_isco08_7,2022,702.881
sdn,sex_t,ocu_isco08_8,2022,326.299
sdn,sex_t,ocu_isco08_9,2022,1568.95
sdn,sex_t,ocu_isco08_total,2022,8551.271
sdn,sex_t,ocu_isco08_x,2022,794.252
sdn,sex_t,ocu_skill_l1,2022,1568.95
sdn,sex_t,ocu_skill_l2,2022,5471.946
sdn,sex_t,ocu_skill_l3_4,2022,500.988
sdn,sex_t,ocu_skill_total,2022,8551.271
sdn,sex_t,ocu_skill_x,2022,1009.387
sen,sex_f,ocu_isco08_0,2019,0.358
sen,sex_f,ocu_isco08_1,2015,3.974
sen,sex_f,ocu_isco08_1,2016,1.76
sen,sex_f,ocu_isco08_1,2019,0.632
sen,sex_f,ocu_isco08_1,2022,5.475
sen,sex_f,ocu_isco08_2,2015,20.98
sen,sex_f,ocu_isco08_2,2016,21.775
sen,sex_f,ocu_isco08_2,2019,28.115
sen,sex_f,ocu_isco08_2,2022,29.383
sen,sex_f,ocu_isco08_3,2015,11.843
sen,sex_f,ocu_isco08_3,2016,7.042
sen,sex_f,ocu_isco08_3,2019,6.828
sen,sex_f,ocu_isco08_3,2022,17.681
sen,sex_f,ocu_isco08_4,2015,20.348
sen,sex_f,ocu_isco08_4,2016,6.561
sen,sex_f,ocu_isco08_4,2019,12.656
sen,sex_f,ocu_isco08_4,2022,24.207
sen,sex_f,ocu_isco08_5,2015,71.095
sen,sex_f,ocu_isco08_5,2016,43.969
sen,sex_f,ocu_isco08_5,2019,67.021
sen,sex_f,ocu_isco08_5,2022,1060.838
sen,sex_f,ocu_isco08_6,2015,304.344
sen,sex_f,ocu_isco08_6,2016,258.524
sen,sex_f,ocu_isco08_6,2019,75.784
sen,sex_f,ocu_isco08_6,2022,617.87
sen,sex_f,ocu_isco08_7,2015,24.344
sen,sex_f,ocu_isco08_7,2016,34.363
sen,sex_f,ocu_isco08_7,2019,46.828
sen,sex_f,ocu_isco08_7,2022,145.552
sen,sex_f,ocu_isco08_8,2016,1.431
sen,sex_f,ocu_isco08_9,2015,291.888
sen,sex_f,ocu_isco08_9,2016,238.007
sen,sex_f,ocu_isco08_9,2019,262.643
sen,sex_f,ocu_isco08_9,2022,300.662
sen,sex_f,ocu_isco08_total,2015,1307.983
sen,sex_f,ocu_isco08_total,2016,1399.892
sen,sex_f,ocu_isco08_total,2019,1599.262
sen,sex_f,ocu_isco08_total,2022,2213.507
sen,sex_f,ocu_isco08_x,2015,557.855
sen,sex_f,ocu_isco08_x,2016,786.305
sen,sex_f,ocu_isco08_x,2019,1097.497
sen,sex_f,ocu_isco08_x,2022,11.326
sen,sex_f,ocu_skill_l1,2015,291.888
sen,sex_f,ocu_skill_l1,2016,238.007
sen,sex_f,ocu_skill_l1,2019,262.643
sen,sex_f,ocu_skill_l1,2022,300.662
sen,sex_f,ocu_skill_l2,2015,421.029
sen,sex_f,ocu_skill_l2,2016,344.849
sen,sex_f,ocu_skill_l2,2019,203.188
sen,sex_f,ocu_skill_l2,2022,1848.98
sen,sex_f,ocu_skill_l3_4,2015,36.795
sen,sex_f,ocu_skill_l3_4,2016,30.577
sen,sex_f,ocu_skill_l3_4,2019,35.575
sen,sex_f,ocu_skill_l3_4,2022,52.54
sen,sex_f,ocu_skill_total,2015,1307.983
sen,sex_f,ocu_skill_total,2016,1399.892
sen,sex_f,ocu_skill_total,2019,1599.262
sen,sex_f,ocu_skill_total,2022,2213.507
sen,sex_f,ocu_skill_x,2015,558.27
sen,sex_f,ocu_skill_x,2016,786.459
sen,sex_f,ocu_skill_x,2019,1097.855
sen,sex_f,ocu_skill_x,2022,11.326
sen,sex_m,ocu_isco08_0,2015,4.898
sen,sex_m,ocu_isco08_0,2016,5.776
sen,sex_m,ocu_isco08_0,2019,5.634
sen,sex_m,ocu_isco08_1,2015,10.635
sen,sex_m,ocu_isco08_1,2016,2.825
sen,sex_m,ocu_isco08_1,2019,5.058
sen,sex_m,ocu_isco08_1,2022,13.545
sen,sex_m,ocu_isco08_2,2015,37.789
sen,sex_m,ocu_isco08_2,2016,38.786
sen,sex_m,ocu_isco08_2,2019,47.198
sen,sex_m,ocu_isco08_2,2022,55.644
sen,sex_m,ocu_isco08_3,2015,25.852
sen,sex_m,ocu_isco08_3,2016,15.741
sen,sex_m,ocu_isco08_3,2019,28.029
sen,sex_m,ocu_isco08_3,2022,43.408
sen,sex_m,ocu_isco08_4,2015,24.399
sen,sex_m,ocu_isco08_4,2016,15.375
sen,sex_m,ocu_isco08_4,2019,14.548
sen,sex_m,ocu_isco08_4,2022,31.132
sen,sex_m,ocu_isco08_5,2015,107.933
sen,sex_m,ocu_isco08_5,2016,66.275
sen,sex_m,ocu_isco08_5,2019,147.073
sen,sex_m,ocu_isco08_5,2022,535.528
sen,sex_m,ocu_isco08_6,2015,440.109
sen,sex_m,ocu_isco08_6,2016,299.829
sen,sex_m,ocu_isco08_6,2019,183.576
sen,sex_m,ocu_isco08_6,2022,1050.987
sen,sex_m,ocu_isco08_7,2015,191.488
sen,sex_m,ocu_isco08_7,2016,256.096
sen,sex_m,ocu_isco08_7,2019,412.865
sen,sex_m,ocu_isco08_7,2022,779.555
sen,sex_m,ocu_isco08_8,2015,61.331
sen,sex_m,ocu_isco08_8,2016,72.893
sen,sex_m,ocu_isco08_8,2019,118.57
sen,sex_m,ocu_isco08_8,2022,186.944
sen,sex_m,ocu_isco08_9,2015,180.164
sen,sex_m,ocu_isco08_9,2016,125.668
sen,sex_m,ocu_isco08_9,2019,153.773
sen,sex_m,ocu_isco08_9,2022,175.313
sen,sex_m,ocu_isco08_total,2015,1885.497
sen,sex_m,ocu_isco08_total,2016,1840.215
sen,sex_m,ocu_isco08_total,2019,2569.838
sen,sex_m,ocu_isco08_total,2022,2879.717
sen,sex_m,ocu_isco08_x,2015,800.9
sen,sex_m,ocu_isco08_x,2016,940.951
sen,sex_m,ocu_isco08_x,2019,1453.514
sen,sex_m,ocu_isco08_x,2022,7.66
sen,sex_m,ocu_skill_l1,2015,180.164
sen,sex_m,ocu_skill_l1,2016,125.668
sen,sex_m,ocu_skill_l1,2019,153.773
sen,sex_m,ocu_skill_l1,2022,175.313
sen,sex_m,ocu_skill_l2,2015,825.26
sen,sex_m,ocu_skill_l2,2016,710.468
sen,sex_m,ocu_skill_l2,2019,876.632
sen,sex_m,ocu_skill_l2,2022,2584.146
sen,sex_m,ocu_skill_l3_4,2015,74.276
sen,sex_m,ocu_skill_l3_4,2016,57.352
sen,sex_m,ocu_skill_l3_4,2019,80.285
sen,sex_m,ocu_skill_l3_4,2022,112.597
sen,sex_m,ocu_skill_total,2015,1885.497
sen,sex_m,ocu_skill_total,2016,1840.215
sen,sex_m,ocu_skill_total,2019,2569.838
sen,sex_m,ocu_skill_total,2022,2879.717
sen,sex_m,ocu_skill_x,2015,805.798
sen,sex_m,ocu_skill_x,2016,946.726
sen,sex_m,ocu_skill_x,2019,1459.148
sen,sex_m,ocu_skill_x,2022,7.66
sen,sex_t,ocu_isco08_0,2015,5.313
sen,sex_t,ocu_isco08_0,2016,5.93
sen,sex_t,ocu_isco08_0,2019,5.993
sen,sex_t,ocu_isco08_1,2015,14.608
sen,sex_t,ocu_isco08_1,2016,4.585
sen,sex_t,ocu_isco08_1,2019,5.69
sen,sex_t,ocu_isco08_1,2022,19.02
sen,sex_t,ocu_isco08_2,2015,58.769
sen,sex_t,ocu_isco08_2,2016,60.561
sen,sex_t,ocu_isco08_2,2019,75.313
sen,sex_t,ocu_isco08_2,2022,85.028
sen,sex_t,ocu_isco08_3,2015,37.695
sen,sex_t,ocu_isco08_3,2016,22.783
sen,sex_t,ocu_isco08_3,2019,34.857
sen,sex_t,ocu_isco08_3,2022,61.089
sen,sex_t,ocu_isco08_4,2015,44.747
sen,sex_t,ocu_isco08_4,2016,21.936
sen,sex_t,ocu_isco08_4,2019,27.204
sen,sex_t,ocu_isco08_4,2022,55.339
sen,sex_t,ocu_isco08_5,2015,179.028
sen,sex_t,ocu_isco08_5,2016,110.245
sen,sex_t,ocu_isco08_5,2019,214.094
sen,sex_t,ocu_isco08_5,2022,1596.366
sen,sex_t,ocu_isco08_6,2015,744.453
sen,sex_t,ocu_isco08_6,2016,558.354
sen,sex_t,ocu_isco08_6,2019,259.36
sen,sex_t,ocu_isco08_6,2022,1668.858
sen,sex_t,ocu_isco08_7,2015,215.833
sen,sex_t,ocu_isco08_7,2016,290.459
sen,sex_t,ocu_isco08_7,2019,459.693
sen,sex_t,ocu_isco08_7,2022,925.108
sen,sex_t,ocu_isco08_8,2015,62.228
sen,sex_t,ocu_isco08_8,2016,74.323
sen,sex_t,ocu_isco08_8,2019,119.469
sen,sex_t,ocu_isco08_8,2022,187.456
sen,sex_t,ocu_isco08_9,2015,472.052
sen,sex_t,ocu_isco08_9,2016,363.676
sen,sex_t,ocu_isco08_9,2019,416.416
sen,sex_t,ocu_isco08_9,2022,475.975
sen,sex_t,ocu_isco08_total,2015,3193.48
sen,sex_t,ocu_isco08_total,2016,3240.106
sen,sex_t,ocu_isco08_total,2019,4169.1
sen,sex_t,ocu_isco08_total,2022,5093.224
sen,sex_t,ocu_isco08_x,2015,1358.755
sen,sex_t,ocu_isco08_x,2016,1727.256
sen,sex_t,ocu_isco08_x,2019,2551.011
sen,sex_t,ocu_isco08_x,2022,18.986
sen,sex_t,ocu_skill_l1,2015,472.052
sen,sex_t,ocu_skill_l1,2016,363.676
sen,sex_t,ocu_skill_l1,2019,416.416
sen,sex_t,ocu_skill_l1,2022,475.975
sen,sex_t,ocu_skill_l2,2015,1246.289
sen,sex_t,ocu_skill_l2,2016,1055.317
sen,sex_t,ocu_skill_l2,2019,1079.821
sen,sex_t,ocu_skill_l2,2022,4433.126
sen,sex_t,ocu_skill_l3_4,2015,111.072
sen,sex_t,ocu_skill_l3_4,2016,87.929
sen,sex_t,ocu_skill_l3_4,2019,115.86
sen,sex_t,ocu_skill_l3_4,2022,165.137
sen,sex_t,ocu_skill_total,2015,3193.48
sen,sex_t,ocu_skill_total,2016,3240.106
sen,sex_t,ocu_skill_total,2019,4169.1
sen,sex_t,ocu_skill_total,2022,5093.224
sen,sex_t,ocu_skill_x,2015,1364.068
sen,sex_t,ocu_skill_x,2016,1733.186
sen,sex_t,ocu_skill_x,2019,2557.004
sen,sex_t,ocu_skill_x,2022,18.986
sle,sex_f,ocu_isco08_0,2018,0.636
sle,sex_f,ocu_isco08_1,2018,8.105
sle,sex_f,ocu_isco08_2,2018,11.76
sle,sex_f,ocu_isco08_3,2018,4.757
sle,sex_f,ocu_isco08_4,2018,1.033
sle,sex_f,ocu_isco08_5,2018,481.644
sle,sex_f,ocu_isco08_6,2018,617.994
sle,sex_f,ocu_isco08_7,2018,27.929
sle,sex_f,ocu_isco08_8,2018,3.475
sle,sex_f,ocu_isco08_9,2018,129.278
sle,sex_f,ocu_isco08_total,2018,1294.959
sle,sex_f,ocu_isco08_x,2018,8.347
sle,sex_f,ocu_skill_l1,2018,129.278
sle,sex_f,ocu_skill_l2,2018,1132.075
sle,sex_f,ocu_skill_l3_4,2018,24.622
sle,sex_f,ocu_skill_total,2018,1294.959
sle,sex_f,ocu_skill_x,2018,8.983
sle,sex_m,ocu_isco08_0,2018,1.024
sle,sex_m,ocu_isco08_1,2018,12.029
sle,sex_m,ocu_isco08_2,2018,33.82
sle,sex_m,ocu_isco08_3,2018,15.862
sle,sex_m,ocu_isco08_4,2018,2.919
sle,sex_m,ocu_isco08_5,2018,150.695
sle,sex_m,ocu_isco08_6,2018,539.961
sle,sex_m,ocu_isco08_7,2018,158.855
sle,sex_m,ocu_isco08_8,2018,91.45
sle,sex_m,ocu_isco08_9,2018,86.64
sle,sex_m,ocu_isco08_total,2018,1097.927
sle,sex_m,ocu_isco08_x,2018,4.673
sle,sex_m,ocu_skill_l1,2018,86.64
sle,sex_m,ocu_skill_l2,2018,943.879
sle,sex_m,ocu_skill_l3_4,2018,61.711
sle,sex_m,ocu_skill_total,2018,1097.927
sle,sex_m,ocu_skill_x,2018,5.697
sle,sex_t,ocu_isco08_0,2018,1.66
sle,sex_t,ocu_isco08_1,2018,20.134
sle,sex_t,ocu_isco08_2,2018,45.58
sle,sex_t,ocu_isco08_3,2018,20.619
sle,sex_t,ocu_isco08_4,2018,3.951
sle,sex_t,ocu_isco08_5,2018,632.339
sle,sex_t,ocu_isco08_6,2018,1157.955
sle,sex_t,ocu_isco08_7,2018,186.783
sle,sex_t,ocu_isco08_8,2018,94.925
sle,sex_t,ocu_isco08_9,2018,215.918
sle,sex_t,ocu_isco08_total,2018,2392.886
sle,sex_t,ocu_isco08_x,2018,13.02
sle,sex_t,ocu_skill_l1,2018,215.918
sle,sex_t,ocu_skill_l2,2018,2075.954
sle,sex_t,ocu_skill_l3_4,2018,86.334
sle,sex_t,ocu_skill_total,2018,2392.886
sle,sex_t,ocu_skill_x,2018,14.68
slv,sex_f,ocu_isco08_1,2014,4.459
slv,sex_f,ocu_isco08_1,2015,3.08
slv,sex_f,ocu_isco08_1,2016,3.308
slv,sex_f,ocu_isco08_1,2017,1.745
slv,sex_f,ocu_isco08_1,2018,3.206
slv,sex_f,ocu_isco08_1,2019,3.566
slv,sex_f,ocu_isco08_1,2020,3.213
slv,sex_f,ocu_isco08_1,2021,2.929
slv,sex_f,ocu_isco08_1,2022,2.524
slv,sex_f,ocu_isco08_1,2023,4.277
slv,sex_f,ocu_isco08_2,2014,11.805
slv,sex_f,ocu_isco08_2,2015,10.898
slv,sex_f,ocu_isco08_2,2016,12.603
slv,sex_f,ocu_isco08_2,2017,13.359
slv,sex_f,ocu_isco08_2,2018,14.592
slv,sex_f,ocu_isco08_2,2019,16.102
slv,sex_f,ocu_isco08_2,2020,12.361
slv,sex_f,ocu_isco08_2,2021,14.278
slv,sex_f,ocu_isco08_2,2022,16.746
slv,sex_f,ocu_isco08_2,2023,17.186
slv,sex_f,ocu_isco08_3,2014,12.629
slv,sex_f,ocu_isco08_3,2015,8.188
slv,sex_f,ocu_isco08_3,2016,6.462
slv,sex_f,ocu_isco08_3,2017,7.015
slv,sex_f,ocu_isco08_3,2018,14.512
slv,sex_f,ocu_isco08_3,2019,12.992
slv,sex_f,ocu_isco08_3,2020,10.966
slv,sex_f,ocu_isco08_3,2021,11.952
slv,sex_f,ocu_isco08_3,2022,9.211
slv,sex_f,ocu_isco08_3,2023,11.535
slv,sex_f,ocu_isco08_4,2014,10.04
slv,sex_f,ocu_isco08_4,2015,6.149
slv,sex_f,ocu_isco08_4,2016,8.694
slv,sex_f,ocu_isco08_4,2017,8.598
slv,sex_f,ocu_isco08_4,2018,9.499
slv,sex_f,ocu_isco08_4,2019,11.257
slv,sex_f,ocu_isco08_4,2020,11.449
slv,sex_f,ocu_isco08_4,2021,12.472
slv,sex_f,ocu_isco08_4,2022,17.97
slv,sex_f,ocu_isco08_4,2023,14.746
slv,sex_f,ocu_isco08_5,2014,371.437
slv,sex_f,ocu_isco08_5,2015,394.638
slv,sex_f,ocu_isco08_5,2016,427.789
slv,sex_f,ocu_isco08_5,2017,436.943
slv,sex_f,ocu_isco08_5,2018,436.688
slv,sex_f,ocu_isco08_5,2019,472.02
slv,sex_f,ocu_isco08_5,2020,434.539
slv,sex_f,ocu_isco08_5,2021,451.526
slv,sex_f,ocu_isco08_5,2022,445.441
slv,sex_f,ocu_isco08_5,2023,462.045
slv,sex_f,ocu_isco08_6,2014,14.86
slv,sex_f,ocu_isco08_6,2015,13.204
slv,sex_f,ocu_isco08_6,2016,12.472
slv,sex_f,ocu_isco08_6,2017,11.085
slv,sex_f,ocu_isco08_6,2018,10.451
slv,sex_f,ocu_isco08_6,2019,11.957
slv,sex_f,ocu_isco08_6,2020,14.19
slv,sex_f,ocu_isco08_6,2021,15.114
slv,sex_f,ocu_isco08_6,2022,18.444
slv,sex_f,ocu_isco08_6,2023,24.117
slv,sex_f,ocu_isco08_7,2014,105.618
slv,sex_f,ocu_isco08_7,2015,108.041
slv,sex_f,ocu_isco08_7,2016,99.405
slv,sex_f,ocu_isco08_7,2017,110.783
slv,sex_f,ocu_isco08_7,2018,109.871
slv,sex_f,ocu_isco08_7,2019,117.589
slv,sex_f,ocu_isco08_7,2020,118.372
slv,sex_f,ocu_isco08_7,2021,104.622
slv,sex_f,ocu_isco08_7,2022,101.415
slv,sex_f,ocu_isco08_7,2023,111.792
slv,sex_f,ocu_isco08_8,2014,13.186
slv,sex_f,ocu_isco08_8,2015,10.894
slv,sex_f,ocu_isco08_8,2016,9.67
slv,sex_f,ocu_isco08_8,2017,8.59
slv,sex_f,ocu_isco08_8,2018,9.576
slv,sex_f,ocu_isco08_8,2019,9.091
slv,sex_f,ocu_isco08_8,2020,10.961
slv,sex_f,ocu_isco08_8,2021,11.418
slv,sex_f,ocu_isco08_8,2022,8.96
slv,sex_f,ocu_isco08_8,2023,9.914
slv,sex_f,ocu_isco08_9,2014,254.678
slv,sex_f,ocu_isco08_9,2015,222.6
slv,sex_f,ocu_isco08_9,2016,254.453
slv,sex_f,ocu_isco08_9,2017,234.714
slv,sex_f,ocu_isco08_9,2018,211.616
slv,sex_f,ocu_isco08_9,2019,215.028
slv,sex_f,ocu_isco08_9,2020,198.167
slv,sex_f,ocu_isco08_9,2021,190.488
slv,sex_f,ocu_isco08_9,2022,217.57
slv,sex_f,ocu_isco08_9,2023,228.167
slv,sex_f,ocu_isco08_total,2014,798.712
slv,sex_f,ocu_isco08_total,2015,777.692
slv,sex_f,ocu_isco08_total,2016,834.856
slv,sex_f,ocu_isco08_total,2017,832.832
slv,sex_f,ocu_isco08_total,2018,820.011
slv,sex_f,ocu_isco08_total,2019,869.602
slv,sex_f,ocu_isco08_total,2020,814.219
slv,sex_f,ocu_isco08_total,2021,814.8
slv,sex_f,ocu_isco08_total,2022,838.475
slv,sex_f,ocu_isco08_total,2023,883.778
slv,sex_f,ocu_skill_l1,2014,254.678
slv,sex_f,ocu_skill_l1,2015,222.6
slv,sex_f,ocu_skill_l1,2016,254.453
slv,sex_f,ocu_skill_l1,2017,234.714
slv,sex_f,ocu_skill_l1,2018,211.616
slv,sex_f,ocu_skill_l1,2019,215.028
slv,sex_f,ocu_skill_l1,2020,198.167
slv,sex_f,ocu_skill_l1,2021,190.488
slv,sex_f,ocu_skill_l1,2022,217.57
slv,sex_f,ocu_skill_l1,2023,228.167
slv,sex_f,ocu_skill_l2,2014,515.141
slv,sex_f,ocu_skill_l2,2015,532.926
slv,sex_f,ocu_skill_l2,2016,558.03
slv,sex_f,ocu_skill_l2,2017,575.999
slv,sex_f,ocu_skill_l2,2018,576.085
slv,sex_f,ocu_skill_l2,2019,621.914
slv,sex_f,ocu_skill_l2,2020,589.512
slv,sex_f,ocu_skill_l2,2021,595.152
slv,sex_f,ocu_skill_l2,2022,592.23
slv,sex_f,ocu_skill_l2,2023,622.613
slv,sex_f,ocu_skill_l3_4,2014,28.893
slv,sex_f,ocu_skill_l3_4,2015,22.166
slv,sex_f,ocu_skill_l3_4,2016,22.373
slv,sex_f,ocu_skill_l3_4,2017,22.119
slv,sex_f,ocu_skill_l3_4,2018,32.31
slv,sex_f,ocu_skill_l3_4,2019,32.66
slv,sex_f,ocu_skill_l3_4,2020,26.541
slv,sex_f,ocu_skill_l3_4,2021,29.159
slv,sex_f,ocu_skill_l3_4,2022,28.482
slv,sex_f,ocu_skill_l3_4,2023,32.998
slv,sex_f,ocu_skill_total,2014,798.712
slv,sex_f,ocu_skill_total,2015,777.692
slv,sex_f,ocu_skill_total,2016,834.856
slv,sex_f,ocu_skill_total,2017,832.832
slv,sex_f,ocu_skill_total,2018,820.011
slv,sex_f,ocu_skill_total,2019,869.602
slv,sex_f,ocu_skill_total,2020,814.219
slv,sex_f,ocu_skill_total,2021,814.8
slv,sex_f,ocu_skill_total,2022,838.475
slv,sex_f,ocu_skill_total,2023,883.778
slv,sex_m,ocu_isco08_0,2015,0.336
slv,sex_m,ocu_isco08_1,2014,4.907
slv,sex_m,ocu_isco08_1,2015,5.099
slv,sex_m,ocu_isco08_1,2016,5.733
slv,sex_m,ocu_isco08_1,2017,6.929
slv,sex_m,ocu_isco08_1,2018,10.207
slv,sex_m,ocu_isco08_1,2019,4.982
slv,sex_m,ocu_isco08_1,2020,4.746
slv,sex_m,ocu_isco08_1,2021,4.176
slv,sex_m,ocu_isco08_1,2022,6.369
slv,sex_m,ocu_isco08_1,2023,7.067
slv,sex_m,ocu_isco08_2,2014,16.21
slv,sex_m,ocu_isco08_2,2015,20.313
slv,sex_m,ocu_isco08_2,2016,19.036
slv,sex_m,ocu_isco08_2,2017,19.435
slv,sex_m,ocu_isco08_2,2018,26.479
slv,sex_m,ocu_isco08_2,2019,30.412
slv,sex_m,ocu_isco08_2,2020,23.055
slv,sex_m,ocu_isco08_2,2021,19.237
slv,sex_m,ocu_isco08_2,2022,23.632
slv,sex_m,ocu_isco08_2,2023,25.62
slv,sex_m,ocu_isco08_3,2014,25.861
slv,sex_m,ocu_isco08_3,2015,22.708
slv,sex_m,ocu_isco08_3,2016,17.854
slv,sex_m,ocu_isco08_3,2017,19.138
slv,sex_m,ocu_isco08_3,2018,23.737
slv,sex_m,ocu_isco08_3,2019,23.492
slv,sex_m,ocu_isco08_3,2020,21.566
slv,sex_m,ocu_isco08_3,2021,56.511
slv,sex_m,ocu_isco08_3,2022,104.017
slv,sex_m,ocu_isco08_3,2023,44.479
slv,sex_m,ocu_isco08_4,2014,10.265
slv,sex_m,ocu_isco08_4,2015,9.09
slv,sex_m,ocu_isco08_4,2016,7.192
slv,sex_m,ocu_isco08_4,2017,8.86
slv,sex_m,ocu_isco08_4,2018,10.176
slv,sex_m,ocu_isco08_4,2019,9.427
slv,sex_m,ocu_isco08_4,2020,10.261
slv,sex_m,ocu_isco08_4,2021,11.86
slv,sex_m,ocu_isco08_4,2022,13.101
slv,sex_m,ocu_isco08_4,2023,14.7
slv,sex_m,ocu_isco08_5,2014,138.667
slv,sex_m,ocu_isco08_5,2015,155.633
slv,sex_m,ocu_isco08_5,2016,157.308
slv,sex_m,ocu_isco08_5,2017,166.377
slv,sex_m,ocu_isco08_5,2018,173.678
slv,sex_m,ocu_isco08_5,2019,181.427
slv,sex_m,ocu_isco08_5,2020,169.406
slv,sex_m,ocu_isco08_5,2021,169.195
slv,sex_m,ocu_isco08_5,2022,167.385
slv,sex_m,ocu_isco08_5,2023,155.501
slv,sex_m,ocu_isco08_6,2014,195.776
slv,sex_m,ocu_isco08_6,2015,189.12
slv,sex_m,ocu_isco08_6,2016,194.137
slv,sex_m,ocu_isco08_6,2017,204.321
slv,sex_m,ocu_isco08_6,2018,193.641
slv,sex_m,ocu_isco08_6,2019,202.688
slv,sex_m,ocu_isco08_6,2020,181.693
slv,sex_m,ocu_isco08_6,2021,166.649
slv,sex_m,ocu_isco08_6,2022,180.841
slv,sex_m,ocu_isco08_6,2023,179.89
slv,sex_m,ocu_isco08_7,2014,192.358
slv,sex_m,ocu_isco08_7,2015,190.091
slv,sex_m,ocu_isco08_7,2016,192.851
slv,sex_m,ocu_isco08_7,2017,201.973
slv,sex_m,ocu_isco08_7,2018,213.46
slv,sex_m,ocu_isco08_7,2019,222.161
slv,sex_m,ocu_isco08_7,2020,214.843
slv,sex_m,ocu_isco08_7,2021,221.849
slv,sex_m,ocu_isco08_7,2022,214.905
slv,sex_m,ocu_isco08_7,2023,216.236
slv,sex_m,ocu_isco08_8,2014,72.09
slv,sex_m,ocu_isco08_8,2015,74.17
slv,sex_m,ocu_isco08_8,2016,69.479
slv,sex_m,ocu_isco08_8,2017,76.799
slv,sex_m,ocu_isco08_8,2018,84.079
slv,sex_m,ocu_isco08_8,2019,88.096
slv,sex_m,ocu_isco08_8,2020,94.737
slv,sex_m,ocu_isco08_8,2021,96.62
slv,sex_m,ocu_isco08_8,2022,93.43
slv,sex_m,ocu_isco08_8,2023,92.936
slv,sex_m,ocu_isco08_9,2014,378.66
slv,sex_m,ocu_isco08_9,2015,397.323
slv,sex_m,ocu_isco08_9,2016,395.095
slv,sex_m,ocu_isco08_9,2017,394.072
slv,sex_m,ocu_isco08_9,2018,371.982
slv,sex_m,ocu_isco08_9,2019,377.952
slv,sex_m,ocu_isco08_9,2020,346.976
slv,sex_m,ocu_isco08_9,2021,346.554
slv,sex_m,ocu_isco08_9,2022,287.141
slv,sex_m,ocu_isco08_9,2023,338.977
slv,sex_m,ocu_isco08_total,2014,1034.823
slv,sex_m,ocu_isco08_total,2015,1063.883
slv,sex_m,ocu_isco08_total,2016,1058.685
slv,sex_m,ocu_isco08_total,2017,1097.956
slv,sex_m,ocu_isco08_total,2018,1107.467
slv,sex_m,ocu_isco08_total,2019,1140.877
slv,sex_m,ocu_isco08_total,2020,1067.284
slv,sex_m,ocu_isco08_total,2021,1092.77
slv,sex_m,ocu_isco08_total,2022,1090.995
slv,sex_m,ocu_isco08_total,2023,1075.632
slv,sex_m,ocu_skill_l1,2014,378.66
slv,sex_m,ocu_skill_l1,2015,397.323
slv,sex_m,ocu_skill_l1,2016,395.095
slv,sex_m,ocu_skill_l1,2017,394.072
slv,sex_m,ocu_skill_l1,2018,371.982
slv,sex_m,ocu_skill_l1,2019,377.952
slv,sex_m,ocu_skill_l1,2020,346.976
slv,sex_m,ocu_skill_l1,2021,346.554
slv,sex_m,ocu_skill_l1,2022,287.141
slv,sex_m,ocu_skill_l1,2023,338.977
slv,sex_m,ocu_skill_l2,2014,609.156
slv,sex_m,ocu_skill_l2,2015,618.104
slv,sex_m,ocu_skill_l2,2016,620.967
slv,sex_m,ocu_skill_l2,2017,658.33
slv,sex_m,ocu_skill_l2,2018,675.034
slv,sex_m,ocu_skill_l2,2019,703.8
slv,sex_m,ocu_skill_l2,2020,670.941
slv,sex_m,ocu_skill_l2,2021,666.173
slv,sex_m,ocu_skill_l2,2022,669.662
slv,sex_m,ocu_skill_l2,2023,659.263
slv,sex_m,ocu_skill_l3_4,2014,46.978
slv,sex_m,ocu_skill_l3_4,2015,48.12
slv,sex_m,ocu_skill_l3_4,2016,42.623
slv,sex_m,ocu_skill_l3_4,2017,45.502
slv,sex_m,ocu_skill_l3_4,2018,60.423
slv,sex_m,ocu_skill_l3_4,2019,58.886
slv,sex_m,ocu_skill_l3_4,2020,49.367
slv,sex_m,ocu_skill_l3_4,2021,79.924
slv,sex_m,ocu_skill_l3_4,2022,134.019
slv,sex_m,ocu_skill_l3_4,2023,77.166
slv,sex_m,ocu_skill_total,2014,1034.823
slv,sex_m,ocu_skill_total,2015,1063.883
slv,sex_m,ocu_skill_total,2016,1058.685
slv,sex_m,ocu_skill_total,2017,1097.956
slv,sex_m,ocu_skill_total,2018,1107.467
slv,sex_m,ocu_skill_total,2019,1140.877
slv,sex_m,ocu_skill_total,2020,1067.284
slv,sex_m,ocu_skill_total,2021,1092.77
slv,sex_m,ocu_skill_total,2022,1090.995
slv,sex_m,ocu_skill_total,2023,1075.632
slv,sex_m,ocu_skill_x,2015,0.336
slv,sex_t,ocu_isco08_0,2015,0.336
slv,sex_t,ocu_isco08_1,2014,9.366
slv,sex_t,ocu_isco08_1,2015,8.179
slv,sex_t,ocu_isco08_1,2016,9.041
slv,sex_t,ocu_isco08_1,2017,8.674
slv,sex_t,ocu_isco08_1,2018,13.413
slv,sex_t,ocu_isco08_1,2019,8.549
slv,sex_t,ocu_isco08_1,2020,7.959
slv,sex_t,ocu_isco08_1,2021,7.105
slv,sex_t,ocu_isco08_1,2022,8.894
slv,sex_t,ocu_isco08_1,2023,11.344
slv,sex_t,ocu_isco08_2,2014,28.015
slv,sex_t,ocu_isco08_2,2015,31.211
slv,sex_t,ocu_isco08_2,2016,31.639
slv,sex_t,ocu_isco08_2,2017,32.794
slv,sex_t,ocu_isco08_2,2018,41.071
slv,sex_t,ocu_isco08_2,2019,46.514
slv,sex_t,ocu_isco08_2,2020,35.417
slv,sex_t,ocu_isco08_2,2021,33.515
slv,sex_t,ocu_isco08_2,2022,40.379
slv,sex_t,ocu_isco08_2,2023,42.805
slv,sex_t,ocu_isco08_3,2014,38.49
slv,sex_t,ocu_isco08_3,2015,30.896
slv,sex_t,ocu_isco08_3,2016,24.316
slv,sex_t,ocu_isco08_3,2017,26.153
slv,sex_t,ocu_isco08_3,2018,38.249
slv,sex_t,ocu_isco08_3,2019,36.483
slv,sex_t,ocu_isco08_3,2020,32.532
slv,sex_t,ocu_isco08_3,2021,68.464
slv,sex_t,ocu_isco08_3,2022,113.228
slv,sex_t,ocu_isco08_3,2023,56.014
slv,sex_t,ocu_isco08_4,2014,20.305
slv,sex_t,ocu_isco08_4,2015,15.239
slv,sex_t,ocu_isco08_4,2016,15.886
slv,sex_t,ocu_isco08_4,2017,17.458
slv,sex_t,ocu_isco08_4,2018,19.675
slv,sex_t,ocu_isco08_4,2019,20.684
slv,sex_t,ocu_isco08_4,2020,21.71
slv,sex_t,ocu_isco08_4,2021,24.333
slv,sex_t,ocu_isco08_4,2022,31.071
slv,sex_t,ocu_isco08_4,2023,29.445
slv,sex_t,ocu_isco08_5,2014,510.104
slv,sex_t,ocu_isco08_5,2015,550.271
slv,sex_t,ocu_isco08_5,2016,585.097
slv,sex_t,ocu_isco08_5,2017,603.32
slv,sex_t,ocu_isco08_5,2018,610.366
slv,sex_t,ocu_isco08_5,2019,653.447
slv,sex_t,ocu_isco08_5,2020,603.945
slv,sex_t,ocu_isco08_5,2021,620.721
slv,sex_t,ocu_isco08_5,2022,612.826
slv,sex_t,ocu_isco08_5,2023,617.546
slv,sex_t,ocu_isco08_6,2014,210.636
slv,sex_t,ocu_isco08_6,2015,202.324
slv,sex_t,ocu_isco08_6,2016,206.609
slv,sex_t,ocu_isco08_6,2017,215.406
slv,sex_t,ocu_isco08_6,2018,204.092
slv,sex_t,ocu_isco08_6,2019,214.645
slv,sex_t,ocu_isco08_6,2020,195.884
slv,sex_t,ocu_isco08_6,2021,181.763
slv,sex_t,ocu_isco08_6,2022,199.285
slv,sex_t,ocu_isco08_6,2023,204.007
slv,sex_t,ocu_isco08_7,2014,297.976
slv,sex_t,ocu_isco08_7,2015,298.132
slv,sex_t,ocu_isco08_7,2016,292.256
slv,sex_t,ocu_isco08_7,2017,312.756
slv,sex_t,ocu_isco08_7,2018,323.331
slv,sex_t,ocu_isco08_7,2019,339.75
slv,sex_t,ocu_isco08_7,2020,333.215
slv,sex_t,ocu_isco08_7,2021,326.471
slv,sex_t,ocu_isco08_7,2022,316.321
slv,sex_t,ocu_isco08_7,2023,328.027
slv,sex_t,ocu_isco08_8,2014,85.276
slv,sex_t,ocu_isco08_8,2015,85.064
slv,sex_t,ocu_isco08_8,2016,79.149
slv,sex_t,ocu_isco08_8,2017,85.389
slv,sex_t,ocu_isco08_8,2018,93.655
slv,sex_t,ocu_isco08_8,2019,97.188
slv,sex_t,ocu_isco08_8,2020,105.698
slv,sex_t,ocu_isco08_8,2021,108.038
slv,sex_t,ocu_isco08_8,2022,102.389
slv,sex_t,ocu_isco08_8,2023,102.851
slv,sex_t,ocu_isco08_9,2014,633.338
slv,sex_t,ocu_isco08_9,2015,619.923
slv,sex_t,ocu_isco08_9,2016,649.548
slv,sex_t,ocu_isco08_9,2017,628.786
slv,sex_t,ocu_isco08_9,2018,583.598
slv,sex_t,ocu_isco08_9,2019,592.98
slv,sex_t,ocu_isco08_9,2020,545.143
slv,sex_t,ocu_isco08_9,2021,537.043
slv,sex_t,ocu_isco08_9,2022,504.711
slv,sex_t,ocu_isco08_9,2023,567.143
slv,sex_t,ocu_isco08_total,2014,1833.535
slv,sex_t,ocu_isco08_total,2015,1841.575
slv,sex_t,ocu_isco08_total,2016,1893.541
slv,sex_t,ocu_isco08_total,2017,1930.788
slv,sex_t,ocu_isco08_total,2018,1927.478
slv,sex_t,ocu_isco08_total,2019,2010.479
slv,sex_t,ocu_isco08_total,2020,1881.504
slv,sex_t,ocu_isco08_total,2021,1907.569
slv,sex_t,ocu_isco08_total,2022,1929.469
slv,sex_t,ocu_isco08_total,2023,1959.409
slv,sex_t,ocu_skill_l1,2014,633.338
slv,sex_t,ocu_skill_l1,2015,619.923
slv,sex_t,ocu_skill_l1,2016,649.548
slv,sex_t,ocu_skill_l1,2017,628.786
slv,sex_t,ocu_skill_l1,2018,583.598
slv,sex_t,ocu_skill_l1,2019,592.98
slv,sex_t,ocu_skill_l1,2020,545.143
slv,sex_t,ocu_skill_l1,2021,537.043
slv,sex_t,ocu_skill_l1,2022,504.711
slv,sex_t,ocu_skill_l1,2023,567.143
slv,sex_t,ocu_skill_l2,2014,1124.297
slv,sex_t,ocu_skill_l2,2015,1151.03
slv,sex_t,ocu_skill_l2,2016,1178.997
slv,sex_t,ocu_skill_l2,2017,1234.329
slv,sex_t,ocu_skill_l2,2018,1251.119
slv,sex_t,ocu_skill_l2,2019,1325.714
slv,sex_t,ocu_skill_l2,2020,1260.453
slv,sex_t,ocu_skill_l2,2021,1261.325
slv,sex_t,ocu_skill_l2,2022,1261.892
slv,sex_t,ocu_skill_l2,2023,1281.876
slv,sex_t,ocu_skill_l3_4,2014,75.871
slv,sex_t,ocu_skill_l3_4,2015,70.286
slv,sex_t,ocu_skill_l3_4,2016,64.996
slv,sex_t,ocu_skill_l3_4,2017,67.621
slv,sex_t,ocu_skill_l3_4,2018,92.733
slv,sex_t,ocu_skill_l3_4,2019,91.546
slv,sex_t,ocu_skill_l3_4,2020,75.908
slv,sex_t,ocu_skill_l3_4,2021,109.084
slv,sex_t,ocu_skill_l3_4,2022,162.5
slv,sex_t,ocu_skill_l3_4,2023,110.164
slv,sex_t,ocu_skill_total,2014,1833.535
slv,sex_t,ocu_skill_total,2015,1841.575
slv,sex_t,ocu_skill_total,2016,1893.541
slv,sex_t,ocu_skill_total,2017,1930.788
slv,sex_t,ocu_skill_total,2018,1927.478
slv,sex_t,ocu_skill_total,2019,2010.479
slv,sex_t,ocu_skill_total,2020,1881.504
slv,sex_t,ocu_skill_total,2021,1907.569
slv,sex_t,ocu_skill_total,2022,1929.469
slv,sex_t,ocu_skill_total,2023,1959.409
slv,sex_t,ocu_skill_x,2015,0.336
som,sex_f,ocu_isco08_1,2019,24.555
som,sex_f,ocu_isco08_2,2019,53.413
som,sex_f,ocu_isco08_3,2019,10.489
som,sex_f,ocu_isco08_5,2019,19.534
som,sex_f,ocu_isco08_6,2019,19.508
som,sex_f,ocu_isco08_7,2019,6.687
som,sex_f,ocu_isco08_8,2019,2.767
som,sex_f,ocu_isco08_9,2019,136.126
som,sex_f,ocu_isco08_total,2019,275.159
som,sex_f,ocu_skill_l1,2019,136.126
som,sex_f,ocu_skill_l2,2019,49.403
som,sex_f,ocu_skill_l3_4,2019,88.458
som,sex_f,ocu_skill_total,2019,275.159
som,sex_m,ocu_isco08_0,2019,11.772
som,sex_m,ocu_isco08_1,2019,58.874
som,sex_m,ocu_isco08_2,2019,103.736
som,sex_m,ocu_isco08_3,2019,15.546
som,sex_m,ocu_isco08_4,2019,8.783
som,sex_m,ocu_isco08_5,2019,29.298
som,sex_m,ocu_isco08_6,2019,40.528
som,sex_m,ocu_isco08_7,2019,50.45
som,sex_m,ocu_isco08_8,2019,43.109
som,sex_m,ocu_isco08_9,2019,217.479
som,sex_m,ocu_isco08_total,2019,579.576
som,sex_m,ocu_skill_l1,2019,217.479
som,sex_m,ocu_skill_l2,2019,172.169
som,sex_m,ocu_skill_l3_4,2019,178.155
som,sex_m,ocu_skill_total,2019,579.576
som,sex_m,ocu_skill_x,2019,11.772
som,sex_t,ocu_isco08_0,2019,12.944
som,sex_t,ocu_isco08_1,2019,83.43
som,sex_t,ocu_isco08_2,2019,157.149
som,sex_t,ocu_isco08_3,2019,26.035
som,sex_t,ocu_isco08_4,2019,9.691
som,sex_t,ocu_isco08_5,2019,48.832
som,sex_t,ocu_isco08_6,2019,60.036
som,sex_t,ocu_isco08_7,2019,57.137
som,sex_t,ocu_isco08_8,2019,45.876
som,sex_t,ocu_isco08_9,2019,353.605
som,sex_t,ocu_isco08_total,2019,854.734
som,sex_t,ocu_skill_l1,2019,353.605
som,sex_t,ocu_skill_l2,2019,221.571
som,sex_t,ocu_skill_l3_4,2019,266.613
som,sex_t,ocu_skill_total,2019,854.734
som,sex_t,ocu_skill_x,2019,12.944
srb,sex_f,ocu_isco08_1,2012,0.898
srb,sex_f,ocu_isco08_2,2011,0.757
srb,sex_f,ocu_isco08_2,2012,1.93
srb,sex_f,ocu_isco08_2,2013,5.55
srb,sex_f,ocu_isco08_2,2014,5.781
srb,sex_f,ocu_isco08_2,2015,6.146
srb,sex_f,ocu_isco08_2,2016,8.306
srb,sex_f,ocu_isco08_2,2017,9.67
srb,sex_f,ocu_isco08_2,2018,8.319
srb,sex_f,ocu_isco08_2,2019,7.771
srb,sex_f,ocu_isco08_2,2020,7.317
srb,sex_f,ocu_isco08_2,2021,5.472
srb,sex_f,ocu_isco08_2,2022,5.147
srb,sex_f,ocu_isco08_2,2023,6.485
srb,sex_f,ocu_isco08_2,2024,6.981
srb,sex_f,ocu_isco08_3,2011,3.535
srb,sex_f,ocu_isco08_3,2012,4.384
srb,sex_f,ocu_isco08_3,2013,3.325
srb,sex_f,ocu_isco08_3,2014,5.222
srb,sex_f,ocu_isco08_3,2015,6.085
srb,sex_f,ocu_isco08_3,2016,6.111
srb,sex_f,ocu_isco08_3,2017,5.239
srb,sex_f,ocu_isco08_3,2018,4.041
srb,sex_f,ocu_isco08_3,2019,3.473
srb,sex_f,ocu_isco08_3,2020,2.635
srb,sex_f,ocu_isco08_3,2021,3.196
srb,sex_f,ocu_isco08_3,2022,3.202
srb,sex_f,ocu_isco08_3,2023,3.339
srb,sex_f,ocu_isco08_3,2024,3.812
srb,sex_f,ocu_isco08_4,2011,1.751
srb,sex_f,ocu_isco08_4,2012,1.236
srb,sex_f,ocu_isco08_4,2013,3.169
srb,sex_f,ocu_isco08_4,2014,3.802
srb,sex_f,ocu_isco08_4,2015,4.257
srb,sex_f,ocu_isco08_4,2016,4.234
srb,sex_f,ocu_isco08_4,2017,4.263
srb,sex_f,ocu_isco08_4,2018,2.939
srb,sex_f,ocu_isco08_4,2019,4.512
srb,sex_f,ocu_isco08_4,2020,3.88
srb,sex_f,ocu_isco08_4,2021,1.643
srb,sex_f,ocu_isco08_4,2022,2.636
srb,sex_f,ocu_isco08_4,2023,2.122
srb,sex_f,ocu_isco08_4,2024,2.232
srb,sex_f,ocu_isco08_5,2011,18.404
srb,sex_f,ocu_isco08_5,2012,17.42
srb,sex_f,ocu_isco08_5,2013,23.7
srb,sex_f,ocu_isco08_5,2014,33.679
srb,sex_f,ocu_isco08_5,2015,38.551
srb,sex_f,ocu_isco08_5,2016,35.748
srb,sex_f,ocu_isco08_5,2017,36.715
srb,sex_f,ocu_isco08_5,2018,32.888
srb,sex_f,ocu_isco08_5,2019,27.522
srb,sex_f,ocu_isco08_5,2020,21.044
srb,sex_f,ocu_isco08_5,2021,19.146
srb,sex_f,ocu_isco08_5,2022,19.695
srb,sex_f,ocu_isco08_5,2023,17.27
srb,sex_f,ocu_isco08_5,2024,15.746
srb,sex_f,ocu_isco08_6,2011,142.1
srb,sex_f,ocu_isco08_6,2012,140.519
srb,sex_f,ocu_isco08_6,2013,158.65
srb,sex_f,ocu_isco08_6,2014,183.784
srb,sex_f,ocu_isco08_6,2015,163.999
srb,sex_f,ocu_isco08_6,2016,198.72
srb,sex_f,ocu_isco08_6,2017,179.69
srb,sex_f,ocu_isco08_6,2018,165.766
srb,sex_f,ocu_isco08_6,2019,164.683
srb,sex_f,ocu_isco08_6,2020,162.887
srb,sex_f,ocu_isco08_6,2021,190.299
srb,sex_f,ocu_isco08_6,2022,204.36
srb,sex_f,ocu_isco08_6,2023,208.026
srb,sex_f,ocu_isco08_6,2024,221.185
srb,sex_f,ocu_isco08_7,2011,5.899
srb,sex_f,ocu_isco08_7,2012,3.419
srb,sex_f,ocu_isco08_7,2013,7.614
srb,sex_f,ocu_isco08_7,2014,10.276
srb,sex_f,ocu_isco08_7,2015,9.93
srb,sex_f,ocu_isco08_7,2016,7.181
srb,sex_f,ocu_isco08_7,2017,6.952
srb,sex_f,ocu_isco08_7,2018,4.673
srb,sex_f,ocu_isco08_7,2019,4.611
srb,sex_f,ocu_isco08_7,2020,4.131
srb,sex_f,ocu_isco08_7,2021,3.006
srb,sex_f,ocu_isco08_7,2022,3.81
srb,sex_f,ocu_isco08_7,2023,2.308
srb,sex_f,ocu_isco08_7,2024,3.489
srb,sex_f,ocu_isco08_8,2011,0.928
srb,sex_f,ocu_isco08_8,2013,1.24
srb,sex_f,ocu_isco08_8,2014,1.761
srb,sex_f,ocu_isco08_8,2015,1.103
srb,sex_f,ocu_isco08_8,2016,1.425
srb,sex_f,ocu_isco08_8,2017,1.549
srb,sex_f,ocu_isco08_8,2018,2.175
srb,sex_f,ocu_isco08_8,2019,1.247
srb,sex_f,ocu_isco08_8,2020,1.018
srb,sex_f,ocu_isco08_8,2021,0.368
srb,sex_f,ocu_isco08_8,2022,0.435
srb,sex_f,ocu_isco08_8,2023,0.894
srb,sex_f,ocu_isco08_8,2024,0.597
srb,sex_f,ocu_isco08_9,2011,25.18
srb,sex_f,ocu_isco08_9,2012,16.777
srb,sex_f,ocu_isco08_9,2013,23.427
srb,sex_f,ocu_isco08_9,2014,30.582
srb,sex_f,ocu_isco08_9,2015,34.798
srb,sex_f,ocu_isco08_9,2016,36.949
srb,sex_f,ocu_isco08_9,2017,37.885
srb,sex_f,ocu_isco08_9,2018,35.972
srb,sex_f,ocu_isco08_9,2019,29.987
srb,sex_f,ocu_isco08_9,2020,26.891
srb,sex_f,ocu_isco08_9,2021,27.572
srb,sex_f,ocu_isco08_9,2022,25.572
srb,sex_f,ocu_isco08_9,2023,26.127
srb,sex_f,ocu_isco08_9,2024,23.48
srb,sex_f,ocu_isco08_total,2011,199.008
srb,sex_f,ocu_isco08_total,2012,186.959
srb,sex_f,ocu_isco08_total,2013,226.749
srb,sex_f,ocu_isco08_total,2014,275.039
srb,sex_f,ocu_isco08_total,2015,265.058
srb,sex_f,ocu_isco08_total,2016,298.743
srb,sex_f,ocu_isco08_total,2017,281.963
srb,sex_f,ocu_isco08_total,2018,256.817
srb,sex_f,ocu_isco08_total,2019,243.806
srb,sex_f,ocu_isco08_total,2020,229.803
srb,sex_f,ocu_isco08_total,2021,250.702
srb,sex_f,ocu_isco08_total,2022,264.858
srb,sex_f,ocu_isco08_total,2023,266.57
srb,sex_f,ocu_isco08_total,2024,277.66
srb,sex_f,ocu_isco88_2,2007,9.509
srb,sex_f,ocu_isco88_2,2008,3.506
srb,sex_f,ocu_isco88_2,2009,5.83
srb,sex_f,ocu_isco88_3,2007,13.439
srb,sex_f,ocu_isco88_3,2008,4.414
srb,sex_f,ocu_isco88_3,2009,3.468
srb,sex_f,ocu_isco88_4,2007,4.951
srb,sex_f,ocu_isco88_4,2008,5.287
srb,sex_f,ocu_isco88_4,2009,2.122
srb,sex_f,ocu_isco88_5,2007,47.358
srb,sex_f,ocu_isco88_5,2008,40.656
srb,sex_f,ocu_isco88_5,2009,28.125
srb,sex_f,ocu_isco88_6,2007,212.472
srb,sex_f,ocu_isco88_6,2008,251.606
srb,sex_f,ocu_isco88_6,2009,203.341
srb,sex_f,ocu_isco88_7,2007,10.48
srb,sex_f,ocu_isco88_7,2008,8.615
srb,sex_f,ocu_isco88_7,2009,3.962
srb,sex_f,ocu_isco88_8,2007,2.781
srb,sex_f,ocu_isco88_8,2008,1.024
srb,sex_f,ocu_isco88_8,2009,0.986
srb,sex_f,ocu_isco88_9,2007,53.002
srb,sex_f,ocu_isco88_9,2008,35.02
srb,sex_f,ocu_isco88_9,2009,32.38
srb,sex_f,ocu_isco88_total,2007,358.676
srb,sex_f,ocu_isco88_total,2008,351.223
srb,sex_f,ocu_isco88_total,2009,280.383
srb,sex_f,ocu_isco88_x,2007,4.684
srb,sex_f,ocu_skill_l1,2007,53.002
srb,sex_f,ocu_skill_l1,2008,35.02
srb,sex_f,ocu_skill_l1,2009,32.38
srb,sex_f,ocu_skill_l1,2010,31.134
srb,sex_f,ocu_skill_l1,2011,25.18
srb,sex_f,ocu_skill_l1,2012,16.777
srb,sex_f,ocu_skill_l1,2013,23.427
srb,sex_f,ocu_skill_l1,2014,30.582
srb,sex_f,ocu_skill_l1,2015,34.798
srb,sex_f,ocu_skill_l1,2016,36.949
srb,sex_f,ocu_skill_l1,2017,37.885
srb,sex_f,ocu_skill_l1,2018,35.972
srb,sex_f,ocu_skill_l1,2019,29.987
srb,sex_f,ocu_skill_l1,2020,26.891
srb,sex_f,ocu_skill_l1,2021,27.572
srb,sex_f,ocu_skill_l1,2022,25.572
srb,sex_f,ocu_skill_l1,2023,26.127
srb,sex_f,ocu_skill_l1,2024,23.48
srb,sex_f,ocu_skill_l2,2007,278.042
srb,sex_f,ocu_skill_l2,2008,307.189
srb,sex_f,ocu_skill_l2,2009,238.536
srb,sex_f,ocu_skill_l2,2010,196.919
srb,sex_f,ocu_skill_l2,2011,169.083
srb,sex_f,ocu_skill_l2,2012,162.97
srb,sex_f,ocu_skill_l2,2013,194.373
srb,sex_f,ocu_skill_l2,2014,233.303
srb,sex_f,ocu_skill_l2,2015,217.84
srb,sex_f,ocu_skill_l2,2016,247.307
srb,sex_f,ocu_skill_l2,2017,229.17
srb,sex_f,ocu_skill_l2,2018,208.441
srb,sex_f,ocu_skill_l2,2019,202.575
srb,sex_f,ocu_skill_l2,2020,192.96
srb,sex_f,ocu_skill_l2,2021,214.462
srb,sex_f,ocu_skill_l2,2022,230.937
srb,sex_f,ocu_skill_l2,2023,230.62
srb,sex_f,ocu_skill_l2,2024,243.249
srb,sex_f,ocu_skill_l3_4,2007,22.948
srb,sex_f,ocu_skill_l3_4,2008,9.015
srb,sex_f,ocu_skill_l3_4,2009,9.467
srb,sex_f,ocu_skill_l3_4,2010,5.689
srb,sex_f,ocu_skill_l3_4,2011,4.746
srb,sex_f,ocu_skill_l3_4,2012,7.212
srb,sex_f,ocu_skill_l3_4,2013,8.949
srb,sex_f,ocu_skill_l3_4,2014,11.154
srb,sex_f,ocu_skill_l3_4,2015,12.42
srb,sex_f,ocu_skill_l3_4,2016,14.487
srb,sex_f,ocu_skill_l3_4,2017,14.908
srb,sex_f,ocu_skill_l3_4,2018,12.404
srb,sex_f,ocu_skill_l3_4,2019,11.244
srb,sex_f,ocu_skill_l3_4,2020,9.952
srb,sex_f,ocu_skill_l3_4,2021,8.668
srb,sex_f,ocu_skill_l3_4,2022,8.349
srb,sex_f,ocu_skill_l3_4,2023,9.823
srb,sex_f,ocu_skill_l3_4,2024,10.931
srb,sex_f,ocu_skill_total,2007,358.676
srb,sex_f,ocu_skill_total,2008,351.223
srb,sex_f,ocu_skill_total,2009,280.383
srb,sex_f,ocu_skill_total,2010,233.743
srb,sex_f,ocu_skill_total,2011,199.008
srb,sex_f,ocu_skill_total,2012,186.959
srb,sex_f,ocu_skill_total,2013,226.749
srb,sex_f,ocu_skill_total,2014,275.039
srb,sex_f,ocu_skill_total,2015,265.058
srb,sex_f,ocu_skill_total,2016,298.743
srb,sex_f,ocu_skill_total,2017,281.963
srb,sex_f,ocu_skill_total,2018,256.817
srb,sex_f,ocu_skill_total,2019,243.806
srb,sex_f,ocu_skill_total,2020,229.803
srb,sex_f,ocu_skill_total,2021,250.702
srb,sex_f,ocu_skill_total,2022,264.858
srb,sex_f,ocu_skill_total,2023,266.57
srb,sex_f,ocu_skill_total,2024,277.66
srb,sex_f,ocu_skill_x,2007,4.684
srb,sex_m,ocu_isco08_1,2011,1.23
srb,sex_m,ocu_isco08_1,2014,0.985
srb,sex_m,ocu_isco08_1,2015,0.694
srb,sex_m,ocu_isco08_1,2016,0.53
srb,sex_m,ocu_isco08_1,2017,0.577
srb,sex_m,ocu_isco08_1,2018,1.109
srb,sex_m,ocu_isco08_1,2023,0.238
srb,sex_m,ocu_isco08_1,2024,0.384
srb,sex_m,ocu_isco08_2,2011,3.945
srb,sex_m,ocu_isco08_2,2012,3.573
srb,sex_m,ocu_isco08_2,2013,8.054
srb,sex_m,ocu_isco08_2,2014,12.989
srb,sex_m,ocu_isco08_2,2015,11.161
srb,sex_m,ocu_isco08_2,2016,9.762
srb,sex_m,ocu_isco08_2,2017,10.373
srb,sex_m,ocu_isco08_2,2018,11.945
srb,sex_m,ocu_isco08_2,2019,12.814
srb,sex_m,ocu_isco08_2,2020,9.367
srb,sex_m,ocu_isco08_2,2021,8.226
srb,sex_m,ocu_isco08_2,2022,9.679
srb,sex_m,ocu_isco08_2,2023,7.404
srb,sex_m,ocu_isco08_2,2024,8.845
srb,sex_m,ocu_isco08_3,2011,5.735
srb,sex_m,ocu_isco08_3,2012,3.933
srb,sex_m,ocu_isco08_3,2013,5.044
srb,sex_m,ocu_isco08_3,2014,6.614
srb,sex_m,ocu_isco08_3,2015,8.626
srb,sex_m,ocu_isco08_3,2016,8.414
srb,sex_m,ocu_isco08_3,2017,9.066
srb,sex_m,ocu_isco08_3,2018,9.204
srb,sex_m,ocu_isco08_3,2019,9.213
srb,sex_m,ocu_isco08_3,2020,7.008
srb,sex_m,ocu_isco08_3,2021,4.197
srb,sex_m,ocu_isco08_3,2022,5.827
srb,sex_m,ocu_isco08_3,2023,5.574
srb,sex_m,ocu_isco08_3,2024,5.533
srb,sex_m,ocu_isco08_4,2011,2.842
srb,sex_m,ocu_isco08_4,2012,2.447
srb,sex_m,ocu_isco08_4,2013,3.262
srb,sex_m,ocu_isco08_4,2014,2.964
srb,sex_m,ocu_isco08_4,2015,3.958
srb,sex_m,ocu_isco08_4,2016,3.69
srb,sex_m,ocu_isco08_4,2017,1.819
srb,sex_m,ocu_isco08_4,2018,2.669
srb,sex_m,ocu_isco08_4,2019,2.895
srb,sex_m,ocu_isco08_4,2020,2.785
srb,sex_m,ocu_isco08_4,2021,2.125
srb,sex_m,ocu_isco08_4,2022,1.205
srb,sex_m,ocu_isco08_4,2023,1.405
srb,sex_m,ocu_isco08_4,2024,0.899
srb,sex_m,ocu_isco08_5,2011,12.636
srb,sex_m,ocu_isco08_5,2012,13.464
srb,sex_m,ocu_isco08_5,2013,15.314
srb,sex_m,ocu_isco08_5,2014,23
srb,sex_m,ocu_isco08_5,2015,26.388
srb,sex_m,ocu_isco08_5,2016,24.225
srb,sex_m,ocu_isco08_5,2017,24.885
srb,sex_m,ocu_isco08_5,2018,20.01
srb,sex_m,ocu_isco08_5,2019,18.246
srb,sex_m,ocu_isco08_5,2020,14.993
srb,sex_m,ocu_isco08_5,2021,12.509
srb,sex_m,ocu_isco08_5,2022,12.733
srb,sex_m,ocu_isco08_5,2023,13.143
srb,sex_m,ocu_isco08_5,2024,13.393
srb,sex_m,ocu_isco08_6,2011,150.948
srb,sex_m,ocu_isco08_6,2012,138.009
srb,sex_m,ocu_isco08_6,2013,177.054
srb,sex_m,ocu_isco08_6,2014,197.07
srb,sex_m,ocu_isco08_6,2015,166.548
srb,sex_m,ocu_isco08_6,2016,177.161
srb,sex_m,ocu_isco08_6,2017,147.184
srb,sex_m,ocu_isco08_6,2018,134.721
srb,sex_m,ocu_isco08_6,2019,135.532
srb,sex_m,ocu_isco08_6,2020,122.856
srb,sex_m,ocu_isco08_6,2021,140.111
srb,sex_m,ocu_isco08_6,2022,129.747
srb,sex_m,ocu_isco08_6,2023,141.104
srb,sex_m,ocu_isco08_6,2024,149.641
srb,sex_m,ocu_isco08_7,2011,42.804
srb,sex_m,ocu_isco08_7,2012,35.248
srb,sex_m,ocu_isco08_7,2013,46.263
srb,sex_m,ocu_isco08_7,2014,54.431
srb,sex_m,ocu_isco08_7,2015,54.721
srb,sex_m,ocu_isco08_7,2016,57.484
srb,sex_m,ocu_isco08_7,2017,55.186
srb,sex_m,ocu_isco08_7,2018,53.36
srb,sex_m,ocu_isco08_7,2019,52.547
srb,sex_m,ocu_isco08_7,2020,49.443
srb,sex_m,ocu_isco08_7,2021,46.71
srb,sex_m,ocu_isco08_7,2022,49.636
srb,sex_m,ocu_isco08_7,2023,50.958
srb,sex_m,ocu_isco08_7,2024,43.81
srb,sex_m,ocu_isco08_8,2011,12.022
srb,sex_m,ocu_isco08_8,2012,11.297
srb,sex_m,ocu_isco08_8,2013,10.977
srb,sex_m,ocu_isco08_8,2014,14.298
srb,sex_m,ocu_isco08_8,2015,15.422
srb,sex_m,ocu_isco08_8,2016,17.831
srb,sex_m,ocu_isco08_8,2017,17.879
srb,sex_m,ocu_isco08_8,2018,15.593
srb,sex_m,ocu_isco08_8,2019,14.371
srb,sex_m,ocu_isco08_8,2020,14.333
srb,sex_m,ocu_isco08_8,2021,11.393
srb,sex_m,ocu_isco08_8,2022,9.878
srb,sex_m,ocu_isco08_8,2023,8.729
srb,sex_m,ocu_isco08_8,2024,8.428
srb,sex_m,ocu_isco08_9,2011,32.83
srb,sex_m,ocu_isco08_9,2012,25.785
srb,sex_m,ocu_isco08_9,2013,33.391
srb,sex_m,ocu_isco08_9,2014,41.473
srb,sex_m,ocu_isco08_9,2015,52.69
srb,sex_m,ocu_isco08_9,2016,59.729
srb,sex_m,ocu_isco08_9,2017,56.141
srb,sex_m,ocu_isco08_9,2018,55.439
srb,sex_m,ocu_isco08_9,2019,52.146
srb,sex_m,ocu_isco08_9,2020,40.908
srb,sex_m,ocu_isco08_9,2021,49.645
srb,sex_m,ocu_isco08_9,2022,50.224
srb,sex_m,ocu_isco08_9,2023,44.831
srb,sex_m,ocu_isco08_9,2024,43.641
srb,sex_m,ocu_isco08_total,2011,265.112
srb,sex_m,ocu_isco08_total,2012,234.264
srb,sex_m,ocu_isco08_total,2013,300.16
srb,sex_m,ocu_isco08_total,2014,353.853
srb,sex_m,ocu_isco08_total,2015,340.207
srb,sex_m,ocu_isco08_total,2016,358.826
srb,sex_m,ocu_isco08_total,2017,323.11
srb,sex_m,ocu_isco08_total,2018,304.077
srb,sex_m,ocu_isco08_total,2019,297.909
srb,sex_m,ocu_isco08_total,2020,261.805
srb,sex_m,ocu_isco08_total,2021,275.054
srb,sex_m,ocu_isco08_total,2022,269.166
srb,sex_m,ocu_isco08_total,2023,273.387
srb,sex_m,ocu_isco08_total,2024,274.575
srb,sex_m,ocu_isco88_1,2008,3.385
srb,sex_m,ocu_isco88_1,2009,1.51
srb,sex_m,ocu_isco88_2,2007,9.604
srb,sex_m,ocu_isco88_2,2008,5.843
srb,sex_m,ocu_isco88_2,2009,4.862
srb,sex_m,ocu_isco88_3,2007,16.241
srb,sex_m,ocu_isco88_3,2008,10.498
srb,sex_m,ocu_isco88_3,2009,8.294
srb,sex_m,ocu_isco88_4,2007,5.397
srb,sex_m,ocu_isco88_4,2008,3.431
srb,sex_m,ocu_isco88_4,2009,1.602
srb,sex_m,ocu_isco88_5,2007,29.998
srb,sex_m,ocu_isco88_5,2008,23.729
srb,sex_m,ocu_isco88_5,2009,16.668
srb,sex_m,ocu_isco88_6,2007,213.683
srb,sex_m,ocu_isco88_6,2008,233.984
srb,sex_m,ocu_isco88_6,2009,225.026
srb,sex_m,ocu_isco88_7,2007,89.564
srb,sex_m,ocu_isco88_7,2008,71.026
srb,sex_m,ocu_isco88_7,2009,48.364
srb,sex_m,ocu_isco88_8,2007,18.343
srb,sex_m,ocu_isco88_8,2008,14.214
srb,sex_m,ocu_isco88_8,2009,9.297
srb,sex_m,ocu_isco88_9,2007,59.002
srb,sex_m,ocu_isco88_9,2008,56.042
srb,sex_m,ocu_isco88_9,2009,31.993
srb,sex_m,ocu_isco88_total,2007,453.971
srb,sex_m,ocu_isco88_total,2008,422.152
srb,sex_m,ocu_isco88_total,2009,347.616
srb,sex_m,ocu_isco88_x,2007,10.223
srb,sex_m,ocu_skill_l1,2007,59.002
srb,sex_m,ocu_skill_l1,2008,56.042
srb,sex_m,ocu_skill_l1,2009,31.993
srb,sex_m,ocu_skill_l1,2010,31.588
srb,sex_m,ocu_skill_l1,2011,32.83
srb,sex_m,ocu_skill_l1,2012,25.785
srb,sex_m,ocu_skill_l1,2013,33.391
srb,sex_m,ocu_skill_l1,2014,41.473
srb,sex_m,ocu_skill_l1,2015,52.69
srb,sex_m,ocu_skill_l1,2016,59.729
srb,sex_m,ocu_skill_l1,2017,56.141
srb,sex_m,ocu_skill_l1,2018,55.439
srb,sex_m,ocu_skill_l1,2019,52.146
srb,sex_m,ocu_skill_l1,2020,40.908
srb,sex_m,ocu_skill_l1,2021,49.645
srb,sex_m,ocu_skill_l1,2022,50.224
srb,sex_m,ocu_skill_l1,2023,44.831
srb,sex_m,ocu_skill_l1,2024,43.641
srb,sex_m,ocu_skill_l2,2007,356.986
srb,sex_m,ocu_skill_l2,2008,346.384
srb,sex_m,ocu_skill_l2,2009,300.957
srb,sex_m,ocu_skill_l2,2010,258.966
srb,sex_m,ocu_skill_l2,2011,221.252
srb,sex_m,ocu_skill_l2,2012,200.465
srb,sex_m,ocu_skill_l2,2013,252.87
srb,sex_m,ocu_skill_l2,2014,291.762
srb,sex_m,ocu_skill_l2,2015,267.036
srb,sex_m,ocu_skill_l2,2016,280.392
srb,sex_m,ocu_skill_l2,2017,246.954
srb,sex_m,ocu_skill_l2,2018,226.353
srb,sex_m,ocu_skill_l2,2019,223.59
srb,sex_m,ocu_skill_l2,2020,204.409
srb,sex_m,ocu_skill_l2,2021,212.849
srb,sex_m,ocu_skill_l2,2022,203.2
srb,sex_m,ocu_skill_l2,2023,215.34
srb,sex_m,ocu_skill_l2,2024,216.171
srb,sex_m,ocu_skill_l3_4,2007,27.76
srb,sex_m,ocu_skill_l3_4,2008,19.727
srb,sex_m,ocu_skill_l3_4,2009,14.667
srb,sex_m,ocu_skill_l3_4,2010,18.351
srb,sex_m,ocu_skill_l3_4,2011,10.909
srb,sex_m,ocu_skill_l3_4,2012,8.015
srb,sex_m,ocu_skill_l3_4,2013,13.898
srb,sex_m,ocu_skill_l3_4,2014,20.588
srb,sex_m,ocu_skill_l3_4,2015,20.48
srb,sex_m,ocu_skill_l3_4,2016,18.705
srb,sex_m,ocu_skill_l3_4,2017,20.016
srb,sex_m,ocu_skill_l3_4,2018,22.258
srb,sex_m,ocu_skill_l3_4,2019,22.173
srb,sex_m,ocu_skill_l3_4,2020,16.487
srb,sex_m,ocu_skill_l3_4,2021,12.56
srb,sex_m,ocu_skill_l3_4,2022,15.741
srb,sex_m,ocu_skill_l3_4,2023,13.216
srb,sex_m,ocu_skill_l3_4,2024,14.762
srb,sex_m,ocu_skill_total,2007,453.971
srb,sex_m,ocu_skill_total,2008,422.152
srb,sex_m,ocu_skill_total,2009,347.616
srb,sex_m,ocu_skill_total,2010,308.904
srb,sex_m,ocu_skill_total,2011,265.112
srb,sex_m,ocu_skill_total,2012,234.264
srb,sex_m,ocu_skill_total,2013,300.16
srb,sex_m,ocu_skill_total,2014,353.853
srb,sex_m,ocu_skill_total,2015,340.207
srb,sex_m,ocu_skill_total,2016,358.826
srb,sex_m,ocu_skill_total,2017,323.11
srb,sex_m,ocu_skill_total,2018,304.077
srb,sex_m,ocu_skill_total,2019,297.909
srb,sex_m,ocu_skill_total,2020,261.805
srb,sex_m,ocu_skill_total,2021,275.054
srb,sex_m,ocu_skill_total,2022,269.166
srb,sex_m,ocu_skill_total,2023,273.387
srb,sex_m,ocu_skill_total,2024,274.575
srb,sex_m,ocu_skill_x,2007,10.223
srb,sex_t,ocu_isco08_1,2011,1.684
srb,sex_t,ocu_isco08_1,2012,1.407
srb,sex_t,ocu_isco08_1,2013,0.874
srb,sex_t,ocu_isco08_1,2014,1.136
srb,sex_t,ocu_isco08_1,2015,0.883
srb,sex_t,ocu_isco08_1,2016,0.599
srb,sex_t,ocu_isco08_1,2017,0.577
srb,sex_t,ocu_isco08_1,2018,1.154
srb,sex_t,ocu_isco08_1,2023,0.238
srb,sex_t,ocu_isco08_1,2024,0.522
srb,sex_t,ocu_isco08_2,2011,4.702
srb,sex_t,ocu_isco08_2,2012,5.503
srb,sex_t,ocu_isco08_2,2013,13.604
srb,sex_t,ocu_isco08_2,2014,18.77
srb,sex_t,ocu_isco08_2,2015,17.307
srb,sex_t,ocu_isco08_2,2016,18.068
srb,sex_t,ocu_isco08_2,2017,20.042
srb,sex_t,ocu_isco08_2,2018,20.264
srb,sex_t,ocu_isco08_2,2019,20.585
srb,sex_t,ocu_isco08_2,2020,16.684
srb,sex_t,ocu_isco08_2,2021,13.698
srb,sex_t,ocu_isco08_2,2022,14.826
srb,sex_t,ocu_isco08_2,2023,13.889
srb,sex_t,ocu_isco08_2,2024,15.827
srb,sex_t,ocu_isco08_3,2011,9.27
srb,sex_t,ocu_isco08_3,2012,8.317
srb,sex_t,ocu_isco08_3,2013,8.369
srb,sex_t,ocu_isco08_3,2014,11.836
srb,sex_t,ocu_isco08_3,2015,14.71
srb,sex_t,ocu_isco08_3,2016,14.525
srb,sex_t,ocu_isco08_3,2017,14.305
srb,sex_t,ocu_isco08_3,2018,13.245
srb,sex_t,ocu_isco08_3,2019,12.686
srb,sex_t,ocu_isco08_3,2020,9.643
srb,sex_t,ocu_isco08_3,2021,7.392
srb,sex_t,ocu_isco08_3,2022,9.029
srb,sex_t,ocu_isco08_3,2023,8.913
srb,sex_t,ocu_isco08_3,2024,9.345
srb,sex_t,ocu_isco08_4,2011,4.593
srb,sex_t,ocu_isco08_4,2012,3.684
srb,sex_t,ocu_isco08_4,2013,6.432
srb,sex_t,ocu_isco08_4,2014,6.767
srb,sex_t,ocu_isco08_4,2015,8.214
srb,sex_t,ocu_isco08_4,2016,7.923
srb,sex_t,ocu_isco08_4,2017,6.083
srb,sex_t,ocu_isco08_4,2018,5.608
srb,sex_t,ocu_isco08_4,2019,7.407
srb,sex_t,ocu_isco08_4,2020,6.665
srb,sex_t,ocu_isco08_4,2021,3.768
srb,sex_t,ocu_isco08_4,2022,3.842
srb,sex_t,ocu_isco08_4,2023,3.528
srb,sex_t,ocu_isco08_4,2024,3.131
srb,sex_t,ocu_isco08_5,2011,31.04
srb,sex_t,ocu_isco08_5,2012,30.885
srb,sex_t,ocu_isco08_5,2013,39.014
srb,sex_t,ocu_isco08_5,2014,56.68
srb,sex_t,ocu_isco08_5,2015,64.939
srb,sex_t,ocu_isco08_5,2016,59.973
srb,sex_t,ocu_isco08_5,2017,61.6
srb,sex_t,ocu_isco08_5,2018,52.898
srb,sex_t,ocu_isco08_5,2019,45.768
srb,sex_t,ocu_isco08_5,2020,36.037
srb,sex_t,ocu_isco08_5,2021,31.655
srb,sex_t,ocu_isco08_5,2022,32.429
srb,sex_t,ocu_isco08_5,2023,30.413
srb,sex_t,ocu_isco08_5,2024,29.139
srb,sex_t,ocu_isco08_6,2011,293.048
srb,sex_t,ocu_isco08_6,2012,278.528
srb,sex_t,ocu_isco08_6,2013,335.704
srb,sex_t,ocu_isco08_6,2014,380.854
srb,sex_t,ocu_isco08_6,2015,330.547
srb,sex_t,ocu_isco08_6,2016,375.881
srb,sex_t,ocu_isco08_6,2017,326.874
srb,sex_t,ocu_isco08_6,2018,300.486
srb,sex_t,ocu_isco08_6,2019,300.215
srb,sex_t,ocu_isco08_6,2020,285.742
srb,sex_t,ocu_isco08_6,2021,330.41
srb,sex_t,ocu_isco08_6,2022,334.107
srb,sex_t,ocu_isco08_6,2023,349.13
srb,sex_t,ocu_isco08_6,2024,370.825
srb,sex_t,ocu_isco08_7,2011,48.704
srb,sex_t,ocu_isco08_7,2012,38.667
srb,sex_t,ocu_isco08_7,2013,53.876
srb,sex_t,ocu_isco08_7,2014,64.707
srb,sex_t,ocu_isco08_7,2015,64.65
srb,sex_t,ocu_isco08_7,2016,64.665
srb,sex_t,ocu_isco08_7,2017,62.138
srb,sex_t,ocu_isco08_7,2018,58.033
srb,sex_t,ocu_isco08_7,2019,57.158
srb,sex_t,ocu_isco08_7,2020,53.573
srb,sex_t,ocu_isco08_7,2021,49.716
srb,sex_t,ocu_isco08_7,2022,53.447
srb,sex_t,ocu_isco08_7,2023,53.266
srb,sex_t,ocu_isco08_7,2024,47.299
srb,sex_t,ocu_isco08_8,2011,12.95
srb,sex_t,ocu_isco08_8,2012,11.672
srb,sex_t,ocu_isco08_8,2013,12.217
srb,sex_t,ocu_isco08_8,2014,16.058
srb,sex_t,ocu_isco08_8,2015,16.525
srb,sex_t,ocu_isco08_8,2016,19.256
srb,sex_t,ocu_isco08_8,2017,19.428
srb,sex_t,ocu_isco08_8,2018,17.767
srb,sex_t,ocu_isco08_8,2019,15.618
srb,sex_t,ocu_isco08_8,2020,15.352
srb,sex_t,ocu_isco08_8,2021,11.761
srb,sex_t,ocu_isco08_8,2022,10.313
srb,sex_t,ocu_isco08_8,2023,9.623
srb,sex_t,ocu_isco08_8,2024,9.025
srb,sex_t,ocu_isco08_9,2011,58.01
srb,sex_t,ocu_isco08_9,2012,42.561
srb,sex_t,ocu_isco08_9,2013,56.818
srb,sex_t,ocu_isco08_9,2014,72.055
srb,sex_t,ocu_isco08_9,2015,87.488
srb,sex_t,ocu_isco08_9,2016,96.678
srb,sex_t,ocu_isco08_9,2017,94.026
srb,sex_t,ocu_isco08_9,2018,91.411
srb,sex_t,ocu_isco08_9,2019,82.133
srb,sex_t,ocu_isco08_9,2020,67.8
srb,sex_t,ocu_isco08_9,2021,77.217
srb,sex_t,ocu_isco08_9,2022,75.796
srb,sex_t,ocu_isco08_9,2023,70.958
srb,sex_t,ocu_isco08_9,2024,67.121
srb,sex_t,ocu_isco08_total,2011,464.12
srb,sex_t,ocu_isco08_total,2012,421.224
srb,sex_t,ocu_isco08_total,2013,526.909
srb,sex_t,ocu_isco08_total,2014,628.892
srb,sex_t,ocu_isco08_total,2015,605.265
srb,sex_t,ocu_isco08_total,2016,657.569
srb,sex_t,ocu_isco08_total,2017,605.073
srb,sex_t,ocu_isco08_total,2018,560.894
srb,sex_t,ocu_isco08_total,2019,541.716
srb,sex_t,ocu_isco08_total,2020,491.608
srb,sex_t,ocu_isco08_total,2021,525.756
srb,sex_t,ocu_isco08_total,2022,534.024
srb,sex_t,ocu_isco08_total,2023,539.957
srb,sex_t,ocu_isco08_total,2024,552.235
srb,sex_t,ocu_isco88_1,2008,4.479
srb,sex_t,ocu_isco88_1,2009,1.68
srb,sex_t,ocu_isco88_2,2007,19.114
srb,sex_t,ocu_isco88_2,2008,9.35
srb,sex_t,ocu_isco88_2,2009,10.692
srb,sex_t,ocu_isco88_3,2007,29.679
srb,sex_t,ocu_isco88_3,2008,14.913
srb,sex_t,ocu_isco88_3,2009,11.763
srb,sex_t,ocu_isco88_4,2007,10.349
srb,sex_t,ocu_isco88_4,2008,8.718
srb,sex_t,ocu_isco88_4,2009,3.724
srb,sex_t,ocu_isco88_5,2007,77.356
srb,sex_t,ocu_isco88_5,2008,64.385
srb,sex_t,ocu_isco88_5,2009,44.793
srb,sex_t,ocu_isco88_6,2007,426.155
srb,sex_t,ocu_isco88_6,2008,485.59
srb,sex_t,ocu_isco88_6,2009,428.368
srb,sex_t,ocu_isco88_7,2007,100.044
srb,sex_t,ocu_isco88_7,2008,79.641
srb,sex_t,ocu_isco88_7,2009,52.325
srb,sex_t,ocu_isco88_8,2007,21.124
srb,sex_t,ocu_isco88_8,2008,15.238
srb,sex_t,ocu_isco88_8,2009,10.283
srb,sex_t,ocu_isco88_9,2007,112.004
srb,sex_t,ocu_isco88_9,2008,91.062
srb,sex_t,ocu_isco88_9,2009,64.373
srb,sex_t,ocu_isco88_total,2007,812.647
srb,sex_t,ocu_isco88_total,2008,773.376
srb,sex_t,ocu_isco88_total,2009,628
srb,sex_t,ocu_isco88_x,2007,14.907
srb,sex_t,ocu_skill_l1,2007,112.004
srb,sex_t,ocu_skill_l1,2008,91.062
srb,sex_t,ocu_skill_l1,2009,64.373
srb,sex_t,ocu_skill_l1,2010,62.722
srb,sex_t,ocu_skill_l1,2011,58.01
srb,sex_t,ocu_skill_l1,2012,42.561
srb,sex_t,ocu_skill_l1,2013,56.818
srb,sex_t,ocu_skill_l1,2014,72.055
srb,sex_t,ocu_skill_l1,2015,87.488
srb,sex_t,ocu_skill_l1,2016,96.678
srb,sex_t,ocu_skill_l1,2017,94.026
srb,sex_t,ocu_skill_l1,2018,91.411
srb,sex_t,ocu_skill_l1,2019,82.133
srb,sex_t,ocu_skill_l1,2020,67.8
srb,sex_t,ocu_skill_l1,2021,77.217
srb,sex_t,ocu_skill_l1,2022,75.796
srb,sex_t,ocu_skill_l1,2023,70.958
srb,sex_t,ocu_skill_l1,2024,67.121
srb,sex_t,ocu_skill_l2,2007,635.027
srb,sex_t,ocu_skill_l2,2008,653.572
srb,sex_t,ocu_skill_l2,2009,539.493
srb,sex_t,ocu_skill_l2,2010,455.885
srb,sex_t,ocu_skill_l2,2011,390.335
srb,sex_t,ocu_skill_l2,2012,363.435
srb,sex_t,ocu_skill_l2,2013,447.244
srb,sex_t,ocu_skill_l2,2014,525.065
srb,sex_t,ocu_skill_l2,2015,484.876
srb,sex_t,ocu_skill_l2,2016,527.699
srb,sex_t,ocu_skill_l2,2017,476.123
srb,sex_t,ocu_skill_l2,2018,434.794
srb,sex_t,ocu_skill_l2,2019,426.166
srb,sex_t,ocu_skill_l2,2020,397.37
srb,sex_t,ocu_skill_l2,2021,427.311
srb,sex_t,ocu_skill_l2,2022,434.137
srb,sex_t,ocu_skill_l2,2023,445.959
srb,sex_t,ocu_skill_l2,2024,459.42
srb,sex_t,ocu_skill_l3_4,2007,50.708
srb,sex_t,ocu_skill_l3_4,2008,28.742
srb,sex_t,ocu_skill_l3_4,2009,24.134
srb,sex_t,ocu_skill_l3_4,2010,24.04
srb,sex_t,ocu_skill_l3_4,2011,15.655
srb,sex_t,ocu_skill_l3_4,2012,15.227
srb,sex_t,ocu_skill_l3_4,2013,22.848
srb,sex_t,ocu_skill_l3_4,2014,31.742
srb,sex_t,ocu_skill_l3_4,2015,32.9
srb,sex_t,ocu_skill_l3_4,2016,33.192
srb,sex_t,ocu_skill_l3_4,2017,34.924
srb,sex_t,ocu_skill_l3_4,2018,34.662
srb,sex_t,ocu_skill_l3_4,2019,33.417
srb,sex_t,ocu_skill_l3_4,2020,26.439
srb,sex_t,ocu_skill_l3_4,2021,21.228
srb,sex_t,ocu_skill_l3_4,2022,24.09
srb,sex_t,ocu_skill_l3_4,2023,23.039
srb,sex_t,ocu_skill_l3_4,2024,25.694
srb,sex_t,ocu_skill_total,2007,812.647
srb,sex_t,ocu_skill_total,2008,773.376
srb,sex_t,ocu_skill_total,2009,628
srb,sex_t,ocu_skill_total,2010,542.647
srb,sex_t,ocu_skill_total,2011,464.12
srb,sex_t,ocu_skill_total,2012,421.224
srb,sex_t,ocu_skill_total,2013,526.909
srb,sex_t,ocu_skill_total,2014,628.892
srb,sex_t,ocu_skill_total,2015,605.265
srb,sex_t,ocu_skill_total,2016,657.569
srb,sex_t,ocu_skill_total,2017,605.073
srb,sex_t,ocu_skill_total,2018,560.894
srb,sex_t,ocu_skill_total,2019,541.716
srb,sex_t,ocu_skill_total,2020,491.608
srb,sex_t,ocu_skill_total,2021,525.756
srb,sex_t,ocu_skill_total,2022,534.024
srb,sex_t,ocu_skill_total,2023,539.957
srb,sex_t,ocu_skill_total,2024,552.235
srb,sex_t,ocu_skill_x,2007,14.907
sur,sex_f,ocu_isco08_1,2016,1.304
sur,sex_f,ocu_isco08_2,2016,2.238
sur,sex_f,ocu_isco08_3,2016,2.823
sur,sex_f,ocu_isco08_4,2016,3.378
sur,sex_f,ocu_isco08_5,2016,11.27
sur,sex_f,ocu_isco08_6,2016,1.62
sur,sex_f,ocu_isco08_7,2016,2.902
sur,sex_f,ocu_isco08_8,2016,0.655
sur,sex_f,ocu_isco08_9,2016,7.65
sur,sex_f,ocu_isco08_total,2016,34.479
sur,sex_f,ocu_isco08_x,2016,0.639
sur,sex_f,ocu_skill_l1,2016,7.65
sur,sex_f,ocu_skill_l2,2016,19.825
sur,sex_f,ocu_skill_l3_4,2016,6.366
sur,sex_f,ocu_skill_total,2016,34.479
sur,sex_f,ocu_skill_x,2016,0.639
sur,sex_m,ocu_isco08_1,2016,2.275
sur,sex_m,ocu_isco08_2,2016,2.58
sur,sex_m,ocu_isco08_3,2016,3.614
sur,sex_m,ocu_isco08_4,2016,1.069
sur,sex_m,ocu_isco08_5,2016,7.981
sur,sex_m,ocu_isco08_6,2016,7.841
sur,sex_m,ocu_isco08_7,2016,17.621
sur,sex_m,ocu_isco08_8,2016,11.047
sur,sex_m,ocu_isco08_9,2016,9.42
sur,sex_m,ocu_isco08_total,2016,64.359
sur,sex_m,ocu_isco08_x,2016,0.809
sur,sex_m,ocu_skill_l1,2016,9.42
sur,sex_m,ocu_skill_l2,2016,45.558
sur,sex_m,ocu_skill_l3_4,2016,8.469
sur,sex_m,ocu_skill_total,2016,64.359
sur,sex_m,ocu_skill_x,2016,0.913
sur,sex_t,ocu_isco08_1,2016,3.579
sur,sex_t,ocu_isco08_2,2016,4.818
sur,sex_t,ocu_isco08_3,2016,6.437
sur,sex_t,ocu_isco08_4,2016,4.446
sur,sex_t,ocu_isco08_5,2016,19.251
sur,sex_t,ocu_isco08_6,2016,9.461
sur,sex_t,ocu_isco08_7,2016,20.522
sur,sex_t,ocu_isco08_8,2016,11.702
sur,sex_t,ocu_isco08_9,2016,17.07
sur,sex_t,ocu_isco08_total,2016,98.838
sur,sex_t,ocu_isco08_x,2016,1.448
sur,sex_t,ocu_skill_l1,2016,17.07
sur,sex_t,ocu_skill_l2,2016,65.382
sur,sex_t,ocu_skill_l3_4,2016,14.834
sur,sex_t,ocu_skill_total,2016,98.838
sur,sex_t,ocu_skill_x,2016,1.552
svk,sex_f,ocu_isco08_1,2023,4.168
svk,sex_f,ocu_isco08_2,2011,2.004
svk,sex_f,ocu_isco08_2,2012,2.235
svk,sex_f,ocu_isco08_2,2013,3.348
svk,sex_f,ocu_isco08_2,2014,3.141
svk,sex_f,ocu_isco08_2,2015,4.045
svk,sex_f,ocu_isco08_2,2016,1.974
svk,sex_f,ocu_isco08_2,2017,1.744
svk,sex_f,ocu_isco08_2,2021,4.192
svk,sex_f,ocu_isco08_2,2022,5.746
svk,sex_f,ocu_isco08_2,2023,9.671
svk,sex_f,ocu_isco08_3,2011,3.212
svk,sex_f,ocu_isco08_3,2012,4.693
svk,sex_f,ocu_isco08_3,2013,2.916
svk,sex_f,ocu_isco08_3,2014,1.986
svk,sex_f,ocu_isco08_3,2016,2.78
svk,sex_f,ocu_isco08_3,2017,1.248
svk,sex_f,ocu_isco08_3,2019,4.271
svk,sex_f,ocu_isco08_3,2022,4.34
svk,sex_f,ocu_isco08_3,2023,1.777
svk,sex_f,ocu_isco08_4,2012,2.073
svk,sex_f,ocu_isco08_4,2013,3.381
svk,sex_f,ocu_isco08_4,2014,4.83
svk,sex_f,ocu_isco08_4,2015,4.996
svk,sex_f,ocu_isco08_4,2016,4.225
svk,sex_f,ocu_isco08_4,2017,4.474
svk,sex_f,ocu_isco08_4,2019,2.337
svk,sex_f,ocu_isco08_4,2022,7.367
svk,sex_f,ocu_isco08_4,2023,3.771
svk,sex_f,ocu_isco08_5,2011,15.297
svk,sex_f,ocu_isco08_5,2012,16.133
svk,sex_f,ocu_isco08_5,2013,16.713
svk,sex_f,ocu_isco08_5,2014,17.711
svk,sex_f,ocu_isco08_5,2015,19.064
svk,sex_f,ocu_isco08_5,2016,22.892
svk,sex_f,ocu_isco08_5,2017,33.686
svk,sex_f,ocu_isco08_5,2019,24.011
svk,sex_f,ocu_isco08_5,2020,22.681
svk,sex_f,ocu_isco08_5,2021,21.141
svk,sex_f,ocu_isco08_5,2022,21.008
svk,sex_f,ocu_isco08_5,2023,17.023
svk,sex_f,ocu_isco08_7,2023,4.157
svk,sex_f,ocu_isco08_8,2013,1.907
svk,sex_f,ocu_isco08_8,2016,1.535
svk,sex_f,ocu_isco08_8,2017,2.073
svk,sex_f,ocu_isco08_9,2013,2.434
svk,sex_f,ocu_isco08_9,2014,2.528
svk,sex_f,ocu_isco08_9,2016,1.943
svk,sex_f,ocu_isco08_9,2017,3.062
svk,sex_f,ocu_isco08_9,2020,2.01
svk,sex_f,ocu_isco08_9,2022,4.342
svk,sex_f,ocu_isco08_total,2011,24.839
svk,sex_f,ocu_isco08_total,2012,27.2
svk,sex_f,ocu_isco08_total,2013,33.883
svk,sex_f,ocu_isco08_total,2014,34.445
svk,sex_f,ocu_isco08_total,2015,33.227
svk,sex_f,ocu_isco08_total,2016,36.862
svk,sex_f,ocu_isco08_total,2017,48.22
svk,sex_f,ocu_isco08_total,2019,35.939
svk,sex_f,ocu_isco08_total,2020,29.868
svk,sex_f,ocu_isco08_total,2021,30.265
svk,sex_f,ocu_isco08_total,2022,46.263
svk,sex_f,ocu_isco08_total,2023,41.607
svk,sex_f,ocu_isco88_2,2008,1.715
svk,sex_f,ocu_isco88_2,2009,1.782
svk,sex_f,ocu_isco88_3,2007,2.693
svk,sex_f,ocu_isco88_3,2008,5.217
svk,sex_f,ocu_isco88_3,2009,2.632
svk,sex_f,ocu_isco88_3,2010,4.087
svk,sex_f,ocu_isco88_4,2007,2.661
svk,sex_f,ocu_isco88_4,2008,2.165
svk,sex_f,ocu_isco88_4,2009,1.803
svk,sex_f,ocu_isco88_5,2007,6.775
svk,sex_f,ocu_isco88_5,2008,5.419
svk,sex_f,ocu_isco88_5,2009,5.613
svk,sex_f,ocu_isco88_5,2010,6.607
svk,sex_f,ocu_isco88_9,2007,3.542
svk,sex_f,ocu_isco88_9,2008,1.868
svk,sex_f,ocu_isco88_9,2010,2.437
svk,sex_f,ocu_isco88_total,2007,22.418
svk,sex_f,ocu_isco88_total,2008,18.826
svk,sex_f,ocu_isco88_total,2009,13.876
svk,sex_f,ocu_isco88_total,2010,16.313
svk,sex_f,ocu_skill_l1,2007,3.542
svk,sex_f,ocu_skill_l1,2008,1.868
svk,sex_f,ocu_skill_l1,2010,2.437
svk,sex_f,ocu_skill_l1,2013,2.434
svk,sex_f,ocu_skill_l1,2014,2.528
svk,sex_f,ocu_skill_l1,2016,1.943
svk,sex_f,ocu_skill_l1,2017,3.062
svk,sex_f,ocu_skill_l1,2020,2.01
svk,sex_f,ocu_skill_l1,2022,4.342
svk,sex_f,ocu_skill_l2,2007,12.461
svk,sex_f,ocu_skill_l2,2008,9.639
svk,sex_f,ocu_skill_l2,2009,8.269
svk,sex_f,ocu_skill_l2,2010,8.064
svk,sex_f,ocu_skill_l2,2011,18.073
svk,sex_f,ocu_skill_l2,2012,19.277
svk,sex_f,ocu_skill_l2,2013,23.717
svk,sex_f,ocu_skill_l2,2014,25.191
svk,sex_f,ocu_skill_l2,2015,26.675
svk,sex_f,ocu_skill_l2,2016,29.02
svk,sex_f,ocu_skill_l2,2017,40.299
svk,sex_f,ocu_skill_l2,2019,29.796
svk,sex_f,ocu_skill_l2,2020,24.978
svk,sex_f,ocu_skill_l2,2021,24.875
svk,sex_f,ocu_skill_l2,2022,30.555
svk,sex_f,ocu_skill_l2,2023,25.525
svk,sex_f,ocu_skill_l3_4,2007,6.1
svk,sex_f,ocu_skill_l3_4,2008,6.932
svk,sex_f,ocu_skill_l3_4,2009,5.184
svk,sex_f,ocu_skill_l3_4,2010,5.812
svk,sex_f,ocu_skill_l3_4,2011,5.842
svk,sex_f,ocu_skill_l3_4,2012,7.222
svk,sex_f,ocu_skill_l3_4,2013,7.477
svk,sex_f,ocu_skill_l3_4,2014,6.726
svk,sex_f,ocu_skill_l3_4,2015,5.796
svk,sex_f,ocu_skill_l3_4,2016,5.899
svk,sex_f,ocu_skill_l3_4,2017,4.268
svk,sex_f,ocu_skill_l3_4,2019,5.112
svk,sex_f,ocu_skill_l3_4,2020,2.88
svk,sex_f,ocu_skill_l3_4,2021,4.385
svk,sex_f,ocu_skill_l3_4,2022,10.72
svk,sex_f,ocu_skill_l3_4,2023,15.616
svk,sex_f,ocu_skill_total,2007,22.418
svk,sex_f,ocu_skill_total,2008,18.826
svk,sex_f,ocu_skill_total,2009,13.876
svk,sex_f,ocu_skill_total,2010,16.313
svk,sex_f,ocu_skill_total,2011,24.839
svk,sex_f,ocu_skill_total,2012,27.2
svk,sex_f,ocu_skill_total,2013,33.883
svk,sex_f,ocu_skill_total,2014,34.445
svk,sex_f,ocu_skill_total,2015,33.227
svk,sex_f,ocu_skill_total,2016,36.862
svk,sex_f,ocu_skill_total,2017,48.22
svk,sex_f,ocu_skill_total,2019,35.939
svk,sex_f,ocu_skill_total,2020,29.868
svk,sex_f,ocu_skill_total,2021,30.265
svk,sex_f,ocu_skill_total,2022,46.263
svk,sex_f,ocu_skill_total,2023,41.607
svk,sex_m,ocu_isco08_1,2011,2.224
svk,sex_m,ocu_isco08_1,2013,4.524
svk,sex_m,ocu_isco08_1,2014,4.341
svk,sex_m,ocu_isco08_1,2015,4.819
svk,sex_m,ocu_isco08_1,2016,4.115
svk,sex_m,ocu_isco08_1,2017,3.375
svk,sex_m,ocu_isco08_1,2022,2.894
svk,sex_m,ocu_isco08_1,2023,3.057
svk,sex_m,ocu_isco08_2,2011,2.287
svk,sex_m,ocu_isco08_2,2014,4.677
svk,sex_m,ocu_isco08_2,2015,3.662
svk,sex_m,ocu_isco08_2,2016,3.122
svk,sex_m,ocu_isco08_2,2019,2.207
svk,sex_m,ocu_isco08_2,2022,2.946
svk,sex_m,ocu_isco08_2,2023,14.153
svk,sex_m,ocu_isco08_3,2013,3.084
svk,sex_m,ocu_isco08_3,2014,3.788
svk,sex_m,ocu_isco08_3,2015,1.916
svk,sex_m,ocu_isco08_3,2016,1.567
svk,sex_m,ocu_isco08_3,2017,3.971
svk,sex_m,ocu_isco08_3,2022,3.647
svk,sex_m,ocu_isco08_3,2023,7.991
svk,sex_m,ocu_isco08_4,2017,2.584
svk,sex_m,ocu_isco08_4,2022,0.651
svk,sex_m,ocu_isco08_5,2011,4.398
svk,sex_m,ocu_isco08_5,2012,2.89
svk,sex_m,ocu_isco08_5,2013,4.421
svk,sex_m,ocu_isco08_5,2014,4.349
svk,sex_m,ocu_isco08_5,2015,10.586
svk,sex_m,ocu_isco08_5,2016,6.143
svk,sex_m,ocu_isco08_5,2017,7.175
svk,sex_m,ocu_isco08_5,2019,5.679
svk,sex_m,ocu_isco08_5,2020,5.129
svk,sex_m,ocu_isco08_5,2021,6.362
svk,sex_m,ocu_isco08_5,2022,5.501
svk,sex_m,ocu_isco08_5,2023,6.194
svk,sex_m,ocu_isco08_6,2022,1.911
svk,sex_m,ocu_isco08_6,2023,3.795
svk,sex_m,ocu_isco08_7,2011,8.014
svk,sex_m,ocu_isco08_7,2012,8.918
svk,sex_m,ocu_isco08_7,2013,5.708
svk,sex_m,ocu_isco08_7,2014,11.414
svk,sex_m,ocu_isco08_7,2015,6.365
svk,sex_m,ocu_isco08_7,2016,4.668
svk,sex_m,ocu_isco08_7,2017,15.472
svk,sex_m,ocu_isco08_7,2021,4.466
svk,sex_m,ocu_isco08_7,2022,19.948
svk,sex_m,ocu_isco08_7,2023,30.755
svk,sex_m,ocu_isco08_8,2011,6.316
svk,sex_m,ocu_isco08_8,2012,2.935
svk,sex_m,ocu_isco08_8,2013,6.268
svk,sex_m,ocu_isco08_8,2014,3.133
svk,sex_m,ocu_isco08_8,2015,3.253
svk,sex_m,ocu_isco08_8,2016,3.164
svk,sex_m,ocu_isco08_8,2017,2.495
svk,sex_m,ocu_isco08_8,2021,4.529
svk,sex_m,ocu_isco08_8,2022,4.912
svk,sex_m,ocu_isco08_8,2023,11.11
svk,sex_m,ocu_isco08_9,2011,3.054
svk,sex_m,ocu_isco08_9,2012,2.275
svk,sex_m,ocu_isco08_9,2014,2.777
svk,sex_m,ocu_isco08_9,2015,3.155
svk,sex_m,ocu_isco08_9,2016,3.787
svk,sex_m,ocu_isco08_9,2017,3.841
svk,sex_m,ocu_isco08_9,2022,8.194
svk,sex_m,ocu_isco08_9,2023,10.65
svk,sex_m,ocu_isco08_total,2011,29.816
svk,sex_m,ocu_isco08_total,2012,24.786
svk,sex_m,ocu_isco08_total,2013,29.172
svk,sex_m,ocu_isco08_total,2014,36.165
svk,sex_m,ocu_isco08_total,2015,36.355
svk,sex_m,ocu_isco08_total,2016,28.56
svk,sex_m,ocu_isco08_total,2017,41.886
svk,sex_m,ocu_isco08_total,2019,13.378
svk,sex_m,ocu_isco08_total,2020,8.372
svk,sex_m,ocu_isco08_total,2021,21.52
svk,sex_m,ocu_isco08_total,2022,54.349
svk,sex_m,ocu_isco08_total,2023,89.865
svk,sex_m,ocu_isco08_x,2022,3.744
svk,sex_m,ocu_isco88_1,2007,2.023
svk,sex_m,ocu_isco88_1,2008,2.176
svk,sex_m,ocu_isco88_2,2008,2.741
svk,sex_m,ocu_isco88_2,2009,1.761
svk,sex_m,ocu_isco88_3,2007,2.939
svk,sex_m,ocu_isco88_3,2008,3.439
svk,sex_m,ocu_isco88_3,2009,1.287
svk,sex_m,ocu_isco88_3,2010,2.526
svk,sex_m,ocu_isco88_5,2007,1.861
svk,sex_m,ocu_isco88_5,2008,2.867
svk,sex_m,ocu_isco88_5,2009,2.637
svk,sex_m,ocu_isco88_7,2007,10.949
svk,sex_m,ocu_isco88_7,2008,9.897
svk,sex_m,ocu_isco88_7,2009,4.29
svk,sex_m,ocu_isco88_7,2010,8.41
svk,sex_m,ocu_isco88_8,2007,4.563
svk,sex_m,ocu_isco88_8,2008,1.479
svk,sex_m,ocu_isco88_8,2010,4.302
svk,sex_m,ocu_isco88_9,2007,3.056
svk,sex_m,ocu_isco88_9,2008,2.16
svk,sex_m,ocu_isco88_9,2010,2.392
svk,sex_m,ocu_isco88_total,2007,27.5
svk,sex_m,ocu_isco88_total,2008,26.187
svk,sex_m,ocu_isco88_total,2009,14.351
svk,sex_m,ocu_isco88_total,2010,20.965
svk,sex_m,ocu_skill_l1,2007,3.056
svk,sex_m,ocu_skill_l1,2008,2.16
svk,sex_m,ocu_skill_l1,2010,2.392
svk,sex_m,ocu_skill_l1,2011,3.054
svk,sex_m,ocu_skill_l1,2012,2.275
svk,sex_m,ocu_skill_l1,2014,2.777
svk,sex_m,ocu_skill_l1,2015,3.155
svk,sex_m,ocu_skill_l1,2016,3.787
svk,sex_m,ocu_skill_l1,2017,3.841
svk,sex_m,ocu_skill_l1,2022,8.194
svk,sex_m,ocu_skill_l1,2023,10.65
svk,sex_m,ocu_skill_l2,2007,18.733
svk,sex_m,ocu_skill_l2,2008,15.671
svk,sex_m,ocu_skill_l2,2009,9.693
svk,sex_m,ocu_skill_l2,2010,14.592
svk,sex_m,ocu_skill_l2,2011,20.266
svk,sex_m,ocu_skill_l2,2012,17.658
svk,sex_m,ocu_skill_l2,2013,19.127
svk,sex_m,ocu_skill_l2,2014,20.481
svk,sex_m,ocu_skill_l2,2015,22.804
svk,sex_m,ocu_skill_l2,2016,15.68
svk,sex_m,ocu_skill_l2,2017,27.726
svk,sex_m,ocu_skill_l2,2019,9.863
svk,sex_m,ocu_skill_l2,2020,7.045
svk,sex_m,ocu_skill_l2,2021,15.358
svk,sex_m,ocu_skill_l2,2022,32.924
svk,sex_m,ocu_skill_l2,2023,53.487
svk,sex_m,ocu_skill_l3_4,2007,5.711
svk,sex_m,ocu_skill_l3_4,2008,8.356
svk,sex_m,ocu_skill_l3_4,2009,4.14
svk,sex_m,ocu_skill_l3_4,2010,3.981
svk,sex_m,ocu_skill_l3_4,2011,6.122
svk,sex_m,ocu_skill_l3_4,2012,4.853
svk,sex_m,ocu_skill_l3_4,2013,8.768
svk,sex_m,ocu_skill_l3_4,2014,12.805
svk,sex_m,ocu_skill_l3_4,2015,10.396
svk,sex_m,ocu_skill_l3_4,2016,8.804
svk,sex_m,ocu_skill_l3_4,2017,9.254
svk,sex_m,ocu_skill_l3_4,2019,2.935
svk,sex_m,ocu_skill_l3_4,2021,2.115
svk,sex_m,ocu_skill_l3_4,2022,9.487
svk,sex_m,ocu_skill_l3_4,2023,25.2
svk,sex_m,ocu_skill_total,2007,27.5
svk,sex_m,ocu_skill_total,2008,26.187
svk,sex_m,ocu_skill_total,2009,14.351
svk,sex_m,ocu_skill_total,2010,20.965
svk,sex_m,ocu_skill_total,2011,29.816
svk,sex_m,ocu_skill_total,2012,24.786
svk,sex_m,ocu_skill_total,2013,29.172
svk,sex_m,ocu_skill_total,2014,36.165
svk,sex_m,ocu_skill_total,2015,36.355
svk,sex_m,ocu_skill_total,2016,28.56
svk,sex_m,ocu_skill_total,2017,41.886
svk,sex_m,ocu_skill_total,2019,13.378
svk,sex_m,ocu_skill_total,2020,8.372
svk,sex_m,ocu_skill_total,2021,21.52
svk,sex_m,ocu_skill_total,2022,54.349
svk,sex_m,ocu_skill_total,2023,89.865
svk,sex_m,ocu_skill_x,2022,3.744
svk,sex_t,ocu_isco08_1,2011,2.85
svk,sex_t,ocu_isco08_1,2013,5.736
svk,sex_t,ocu_isco08_1,2014,5.94
svk,sex_t,ocu_isco08_1,2015,6.214
svk,sex_t,ocu_isco08_1,2016,5.26
svk,sex_t,ocu_isco08_1,2017,4.651
svk,sex_t,ocu_isco08_1,2022,3.529
svk,sex_t,ocu_isco08_1,2023,7.225
svk,sex_t,ocu_isco08_2,2011,4.29
svk,sex_t,ocu_isco08_2,2012,4.133
svk,sex_t,ocu_isco08_2,2013,4.509
svk,sex_t,ocu_isco08_2,2014,7.818
svk,sex_t,ocu_isco08_2,2015,7.707
svk,sex_t,ocu_isco08_2,2016,5.096
svk,sex_t,ocu_isco08_2,2017,3.652
svk,sex_t,ocu_isco08_2,2019,3.048
svk,sex_t,ocu_isco08_2,2020,2.346
svk,sex_t,ocu_isco08_2,2021,4.898
svk,sex_t,ocu_isco08_2,2022,8.692
svk,sex_t,ocu_isco08_2,2023,23.824
svk,sex_t,ocu_isco08_3,2011,4.824
svk,sex_t,ocu_isco08_3,2012,6.438
svk,sex_t,ocu_isco08_3,2013,5.999
svk,sex_t,ocu_isco08_3,2014,5.773
svk,sex_t,ocu_isco08_3,2015,2.27
svk,sex_t,ocu_isco08_3,2016,4.346
svk,sex_t,ocu_isco08_3,2017,5.22
svk,sex_t,ocu_isco08_3,2019,4.999
svk,sex_t,ocu_isco08_3,2022,7.987
svk,sex_t,ocu_isco08_3,2023,9.768
svk,sex_t,ocu_isco08_4,2011,2.405
svk,sex_t,ocu_isco08_4,2012,3.573
svk,sex_t,ocu_isco08_4,2013,5.129
svk,sex_t,ocu_isco08_4,2014,4.83
svk,sex_t,ocu_isco08_4,2015,6.085
svk,sex_t,ocu_isco08_4,2016,5.929
svk,sex_t,ocu_isco08_4,2017,7.058
svk,sex_t,ocu_isco08_4,2019,4.009
svk,sex_t,ocu_isco08_4,2020,1.934
svk,sex_t,ocu_isco08_4,2022,8.019
svk,sex_t,ocu_isco08_4,2023,5.404
svk,sex_t,ocu_isco08_5,2011,19.694
svk,sex_t,ocu_isco08_5,2012,19.023
svk,sex_t,ocu_isco08_5,2013,21.134
svk,sex_t,ocu_isco08_5,2014,22.06
svk,sex_t,ocu_isco08_5,2015,29.65
svk,sex_t,ocu_isco08_5,2016,29.035
svk,sex_t,ocu_isco08_5,2017,40.861
svk,sex_t,ocu_isco08_5,2019,29.691
svk,sex_t,ocu_isco08_5,2020,27.81
svk,sex_t,ocu_isco08_5,2021,27.503
svk,sex_t,ocu_isco08_5,2022,26.509
svk,sex_t,ocu_isco08_5,2023,23.217
svk,sex_t,ocu_isco08_6,2022,1.911
svk,sex_t,ocu_isco08_6,2023,3.795
svk,sex_t,ocu_isco08_7,2011,9.178
svk,sex_t,ocu_isco08_7,2012,9.525
svk,sex_t,ocu_isco08_7,2013,6.52
svk,sex_t,ocu_isco08_7,2014,12.8
svk,sex_t,ocu_isco08_7,2015,8.084
svk,sex_t,ocu_isco08_7,2016,5.037
svk,sex_t,ocu_isco08_7,2017,15.537
svk,sex_t,ocu_isco08_7,2021,5.128
svk,sex_t,ocu_isco08_7,2022,21.948
svk,sex_t,ocu_isco08_7,2023,34.912
svk,sex_t,ocu_isco08_8,2011,6.594
svk,sex_t,ocu_isco08_8,2012,3.398
svk,sex_t,ocu_isco08_8,2013,8.175
svk,sex_t,ocu_isco08_8,2014,3.717
svk,sex_t,ocu_isco08_8,2015,4.149
svk,sex_t,ocu_isco08_8,2016,4.699
svk,sex_t,ocu_isco08_8,2017,4.568
svk,sex_t,ocu_isco08_8,2019,5.103
svk,sex_t,ocu_isco08_8,2020,1.623
svk,sex_t,ocu_isco08_8,2021,6.172
svk,sex_t,ocu_isco08_8,2022,5.092
svk,sex_t,ocu_isco08_8,2023,11.684
svk,sex_t,ocu_isco08_9,2011,3.603
svk,sex_t,ocu_isco08_9,2012,2.977
svk,sex_t,ocu_isco08_9,2013,3.269
svk,sex_t,ocu_isco08_9,2014,5.306
svk,sex_t,ocu_isco08_9,2015,3.912
svk,sex_t,ocu_isco08_9,2016,5.73
svk,sex_t,ocu_isco08_9,2017,6.902
svk,sex_t,ocu_isco08_9,2019,1.268
svk,sex_t,ocu_isco08_9,2020,2.433
svk,sex_t,ocu_isco08_9,2021,4.444
svk,sex_t,ocu_isco08_9,2022,12.536
svk,sex_t,ocu_isco08_9,2023,11.116
svk,sex_t,ocu_isco08_total,2011,54.656
svk,sex_t,ocu_isco08_total,2012,51.986
svk,sex_t,ocu_isco08_total,2013,63.056
svk,sex_t,ocu_isco08_total,2014,70.61
svk,sex_t,ocu_isco08_total,2015,69.582
svk,sex_t,ocu_isco08_total,2016,65.422
svk,sex_t,ocu_isco08_total,2017,90.107
svk,sex_t,ocu_isco08_total,2019,49.318
svk,sex_t,ocu_isco08_total,2020,38.24
svk,sex_t,ocu_isco08_total,2021,51.784
svk,sex_t,ocu_isco08_total,2022,100.611
svk,sex_t,ocu_isco08_total,2023,131.472
svk,sex_t,ocu_isco08_x,2022,4.39
svk,sex_t,ocu_isco88_1,2007,3.763
svk,sex_t,ocu_isco88_1,2008,2.176
svk,sex_t,ocu_isco88_1,2009,1.862
svk,sex_t,ocu_isco88_2,2007,2.415
svk,sex_t,ocu_isco88_2,2008,4.456
svk,sex_t,ocu_isco88_2,2009,3.543
svk,sex_t,ocu_isco88_2,2010,2.228
svk,sex_t,ocu_isco88_3,2007,5.632
svk,sex_t,ocu_isco88_3,2008,8.656
svk,sex_t,ocu_isco88_3,2009,3.919
svk,sex_t,ocu_isco88_3,2010,6.613
svk,sex_t,ocu_isco88_4,2007,3.752
svk,sex_t,ocu_isco88_4,2008,3.232
svk,sex_t,ocu_isco88_4,2009,2.977
svk,sex_t,ocu_isco88_5,2007,8.636
svk,sex_t,ocu_isco88_5,2008,8.286
svk,sex_t,ocu_isco88_5,2009,8.25
svk,sex_t,ocu_isco88_5,2010,7.76
svk,sex_t,ocu_isco88_7,2007,12.491
svk,sex_t,ocu_isco88_7,2008,10.859
svk,sex_t,ocu_isco88_7,2009,4.942
svk,sex_t,ocu_isco88_7,2010,9.255
svk,sex_t,ocu_isco88_8,2007,6.048
svk,sex_t,ocu_isco88_8,2008,2.572
svk,sex_t,ocu_isco88_8,2009,1.792
svk,sex_t,ocu_isco88_8,2010,4.302
svk,sex_t,ocu_isco88_9,2007,6.598
svk,sex_t,ocu_isco88_9,2008,4.028
svk,sex_t,ocu_isco88_9,2010,4.829
svk,sex_t,ocu_isco88_total,2007,49.918
svk,sex_t,ocu_isco88_total,2008,45.012
svk,sex_t,ocu_isco88_total,2009,28.227
svk,sex_t,ocu_isco88_total,2010,37.279
svk,sex_t,ocu_skill_l1,2007,6.598
svk,sex_t,ocu_skill_l1,2008,4.028
svk,sex_t,ocu_skill_l1,2010,4.829
svk,sex_t,ocu_skill_l1,2011,3.603
svk,sex_t,ocu_skill_l1,2012,2.977
svk,sex_t,ocu_skill_l1,2013,3.269
svk,sex_t,ocu_skill_l1,2014,5.306
svk,sex_t,ocu_skill_l1,2015,3.912
svk,sex_t,ocu_skill_l1,2016,5.73
svk,sex_t,ocu_skill_l1,2017,6.902
svk,sex_t,ocu_skill_l1,2019,1.268
svk,sex_t,ocu_skill_l1,2020,2.433
svk,sex_t,ocu_skill_l1,2021,4.444
svk,sex_t,ocu_skill_l1,2022,12.536
svk,sex_t,ocu_skill_l1,2023,11.116
svk,sex_t,ocu_skill_l2,2007,31.195
svk,sex_t,ocu_skill_l2,2008,25.31
svk,sex_t,ocu_skill_l2,2009,17.962
svk,sex_t,ocu_skill_l2,2010,22.657
svk,sex_t,ocu_skill_l2,2011,38.339
svk,sex_t,ocu_skill_l2,2012,36.935
svk,sex_t,ocu_skill_l2,2013,42.844
svk,sex_t,ocu_skill_l2,2014,45.672
svk,sex_t,ocu_skill_l2,2015,49.478
svk,sex_t,ocu_skill_l2,2016,44.7
svk,sex_t,ocu_skill_l2,2017,68.025
svk,sex_t,ocu_skill_l2,2019,39.658
svk,sex_t,ocu_skill_l2,2020,32.023
svk,sex_t,ocu_skill_l2,2021,40.233
svk,sex_t,ocu_skill_l2,2022,63.479
svk,sex_t,ocu_skill_l2,2023,79.012
svk,sex_t,ocu_skill_l3_4,2007,11.81
svk,sex_t,ocu_skill_l3_4,2008,15.287
svk,sex_t,ocu_skill_l3_4,2009,9.324
svk,sex_t,ocu_skill_l3_4,2010,9.793
svk,sex_t,ocu_skill_l3_4,2011,11.964
svk,sex_t,ocu_skill_l3_4,2012,12.075
svk,sex_t,ocu_skill_l3_4,2013,16.245
svk,sex_t,ocu_skill_l3_4,2014,19.532
svk,sex_t,ocu_skill_l3_4,2015,16.192
svk,sex_t,ocu_skill_l3_4,2016,14.703
svk,sex_t,ocu_skill_l3_4,2017,13.523
svk,sex_t,ocu_skill_l3_4,2019,8.047
svk,sex_t,ocu_skill_l3_4,2020,3.784
svk,sex_t,ocu_skill_l3_4,2021,6.5
svk,sex_t,ocu_skill_l3_4,2022,20.207
svk,sex_t,ocu_skill_l3_4,2023,40.816
svk,sex_t,ocu_skill_total,2007,49.918
svk,sex_t,ocu_skill_total,2008,45.012
svk,sex_t,ocu_skill_total,2009,28.227
svk,sex_t,ocu_skill_total,2010,37.279
svk,sex_t,ocu_skill_total,2011,54.656
svk,sex_t,ocu_skill_total,2012,51.986
svk,sex_t,ocu_skill_total,2013,63.056
svk,sex_t,ocu_skill_total,2014,70.61
svk,sex_t,ocu_skill_total,2015,69.582
svk,sex_t,ocu_skill_total,2016,65.422
svk,sex_t,ocu_skill_total,2017,90.107
svk,sex_t,ocu_skill_total,2019,49.318
svk,sex_t,ocu_skill_total,2020,38.24
svk,sex_t,ocu_skill_total,2021,51.784
svk,sex_t,ocu_skill_total,2022,100.611
svk,sex_t,ocu_skill_total,2023,131.472
svk,sex_t,ocu_skill_x,2022,4.39
svn,sex_f,ocu_isco08_2,2011,0.661
svn,sex_f,ocu_isco08_2,2012,0.995
svn,sex_f,ocu_isco08_2,2013,0.617
svn,sex_f,ocu_isco08_2,2014,1.401
svn,sex_f,ocu_isco08_2,2015,1.231
svn,sex_f,ocu_isco08_2,2016,0.824
svn,sex_f,ocu_isco08_2,2017,0.887
svn,sex_f,ocu_isco08_2,2018,0.545
svn,sex_f,ocu_isco08_2,2019,0.688
svn,sex_f,ocu_isco08_2,2020,0.394
svn,sex_f,ocu_isco08_2,2021,0.414
svn,sex_f,ocu_isco08_2,2022,0.795
svn,sex_f,ocu_isco08_3,2011,0.264
svn,sex_f,ocu_isco08_3,2012,0.634
svn,sex_f,ocu_isco08_3,2013,0.549
svn,sex_f,ocu_isco08_3,2014,0.753
svn,sex_f,ocu_isco08_3,2015,0.641
svn,sex_f,ocu_isco08_3,2016,0.618
svn,sex_f,ocu_isco08_3,2017,0.337
svn,sex_f,ocu_isco08_3,2019,0.311
svn,sex_f,ocu_isco08_3,2021,0.69
svn,sex_f,ocu_isco08_3,2022,0.356
svn,sex_f,ocu_isco08_4,2014,0.821
svn,sex_f,ocu_isco08_4,2015,0.52
svn,sex_f,ocu_isco08_4,2019,0.478
svn,sex_f,ocu_isco08_4,2020,0.558
svn,sex_f,ocu_isco08_5,2011,2.482
svn,sex_f,ocu_isco08_5,2012,2.411
svn,sex_f,ocu_isco08_5,2013,2.417
svn,sex_f,ocu_isco08_5,2014,0.623
svn,sex_f,ocu_isco08_5,2015,1.229
svn,sex_f,ocu_isco08_5,2016,1.413
svn,sex_f,ocu_isco08_5,2017,1.265
svn,sex_f,ocu_isco08_5,2018,0.962
svn,sex_f,ocu_isco08_5,2019,1.942
svn,sex_f,ocu_isco08_5,2020,0.697
svn,sex_f,ocu_isco08_5,2022,0.657
svn,sex_f,ocu_isco08_5,2023,0.825
svn,sex_f,ocu_isco08_6,2011,0.271
svn,sex_f,ocu_isco08_6,2012,0.681
svn,sex_f,ocu_isco08_6,2013,0.822
svn,sex_f,ocu_isco08_6,2014,1.033
svn,sex_f,ocu_isco08_6,2015,0.489
svn,sex_f,ocu_isco08_6,2016,0.166
svn,sex_f,ocu_isco08_6,2018,0.429
svn,sex_f,ocu_isco08_6,2019,0.625
svn,sex_f,ocu_isco08_6,2020,0.586
svn,sex_f,ocu_isco08_6,2021,0.894
svn,sex_f,ocu_isco08_6,2022,0.518
svn,sex_f,ocu_isco08_6,2023,0.563
svn,sex_f,ocu_isco08_8,2020,0.359
svn,sex_f,ocu_isco08_9,2013,0.476
svn,sex_f,ocu_isco08_9,2014,0.984
svn,sex_f,ocu_isco08_9,2015,0.31
svn,sex_f,ocu_isco08_9,2016,0.827
svn,sex_f,ocu_isco08_9,2017,0.418
svn,sex_f,ocu_isco08_9,2018,0.821
svn,sex_f,ocu_isco08_9,2019,0.993
svn,sex_f,ocu_isco08_9,2021,0.578
svn,sex_f,ocu_isco08_9,2022,0.286
svn,sex_f,ocu_isco08_9,2023,0.669
svn,sex_f,ocu_isco08_total,2011,5.885
svn,sex_f,ocu_isco08_total,2012,6.826
svn,sex_f,ocu_isco08_total,2013,7.901
svn,sex_f,ocu_isco08_total,2014,7.547
svn,sex_f,ocu_isco08_total,2015,7.038
svn,sex_f,ocu_isco08_total,2016,5.62
svn,sex_f,ocu_isco08_total,2017,5.44
svn,sex_f,ocu_isco08_total,2018,4.506
svn,sex_f,ocu_isco08_total,2019,6.914
svn,sex_f,ocu_isco08_total,2020,3.667
svn,sex_f,ocu_isco08_total,2021,4.114
svn,sex_f,ocu_isco08_total,2022,5.398
svn,sex_f,ocu_isco08_total,2023,4.806
svn,sex_f,ocu_isco08_x,2011,1.744
svn,sex_f,ocu_isco08_x,2012,1.29
svn,sex_f,ocu_isco08_x,2013,2.362
svn,sex_f,ocu_isco08_x,2014,1.596
svn,sex_f,ocu_isco08_x,2015,2.199
svn,sex_f,ocu_isco08_x,2016,1.361
svn,sex_f,ocu_isco08_x,2017,1.371
svn,sex_f,ocu_isco08_x,2018,1.215
svn,sex_f,ocu_isco08_x,2019,1.474
svn,sex_f,ocu_isco08_x,2020,0.71
svn,sex_f,ocu_isco08_x,2021,0.962
svn,sex_f,ocu_isco08_x,2022,2.151
svn,sex_f,ocu_isco08_x,2023,2.203
svn,sex_f,ocu_isco88_2,2007,0.668
svn,sex_f,ocu_isco88_2,2008,0.878
svn,sex_f,ocu_isco88_2,2009,0.958
svn,sex_f,ocu_isco88_2,2010,0.448
svn,sex_f,ocu_isco88_3,2007,1.192
svn,sex_f,ocu_isco88_3,2008,0.673
svn,sex_f,ocu_isco88_3,2009,0.271
svn,sex_f,ocu_isco88_3,2010,0.702
svn,sex_f,ocu_isco88_4,2007,0.386
svn,sex_f,ocu_isco88_4,2008,0.212
svn,sex_f,ocu_isco88_5,2007,1.208
svn,sex_f,ocu_isco88_5,2008,1.045
svn,sex_f,ocu_isco88_5,2009,0.732
svn,sex_f,ocu_isco88_5,2010,0.236
svn,sex_f,ocu_isco88_6,2007,0.292
svn,sex_f,ocu_isco88_6,2008,0.239
svn,sex_f,ocu_isco88_6,2010,0.423
svn,sex_f,ocu_isco88_9,2007,0.602
svn,sex_f,ocu_isco88_9,2008,0.519
svn,sex_f,ocu_isco88_total,2007,7.095
svn,sex_f,ocu_isco88_total,2008,6.66
svn,sex_f,ocu_isco88_total,2009,3.808
svn,sex_f,ocu_isco88_total,2010,3.426
svn,sex_f,ocu_isco88_x,2007,2.363
svn,sex_f,ocu_isco88_x,2008,2.871
svn,sex_f,ocu_isco88_x,2009,1.019
svn,sex_f,ocu_isco88_x,2010,1.27
svn,sex_f,ocu_skill_l1,2007,0.602
svn,sex_f,ocu_skill_l1,2008,0.519
svn,sex_f,ocu_skill_l1,2013,0.476
svn,sex_f,ocu_skill_l1,2014,0.984
svn,sex_f,ocu_skill_l1,2015,0.31
svn,sex_f,ocu_skill_l1,2016,0.827
svn,sex_f,ocu_skill_l1,2017,0.418
svn,sex_f,ocu_skill_l1,2018,0.821
svn,sex_f,ocu_skill_l1,2019,0.993
svn,sex_f,ocu_skill_l1,2021,0.578
svn,sex_f,ocu_skill_l1,2022,0.286
svn,sex_f,ocu_skill_l1,2023,0.669
svn,sex_f,ocu_skill_l2,2007,2.055
svn,sex_f,ocu_skill_l2,2008,1.676
svn,sex_f,ocu_skill_l2,2009,1.348
svn,sex_f,ocu_skill_l2,2010,0.866
svn,sex_f,ocu_skill_l2,2011,2.99
svn,sex_f,ocu_skill_l2,2012,3.523
svn,sex_f,ocu_skill_l2,2013,3.622
svn,sex_f,ocu_skill_l2,2014,2.723
svn,sex_f,ocu_skill_l2,2015,2.542
svn,sex_f,ocu_skill_l2,2016,1.99
svn,sex_f,ocu_skill_l2,2017,2.221
svn,sex_f,ocu_skill_l2,2018,1.69
svn,sex_f,ocu_skill_l2,2019,3.211
svn,sex_f,ocu_skill_l2,2020,2.2
svn,sex_f,ocu_skill_l2,2021,1.469
svn,sex_f,ocu_skill_l2,2022,1.811
svn,sex_f,ocu_skill_l2,2023,1.658
svn,sex_f,ocu_skill_l3_4,2007,2.075
svn,sex_f,ocu_skill_l3_4,2008,1.593
svn,sex_f,ocu_skill_l3_4,2009,1.324
svn,sex_f,ocu_skill_l3_4,2010,1.229
svn,sex_f,ocu_skill_l3_4,2011,1.031
svn,sex_f,ocu_skill_l3_4,2012,1.809
svn,sex_f,ocu_skill_l3_4,2013,1.441
svn,sex_f,ocu_skill_l3_4,2014,2.244
svn,sex_f,ocu_skill_l3_4,2015,1.988
svn,sex_f,ocu_skill_l3_4,2016,1.442
svn,sex_f,ocu_skill_l3_4,2017,1.43
svn,sex_f,ocu_skill_l3_4,2018,0.78
svn,sex_f,ocu_skill_l3_4,2019,1.235
svn,sex_f,ocu_skill_l3_4,2020,0.627
svn,sex_f,ocu_skill_l3_4,2021,1.105
svn,sex_f,ocu_skill_l3_4,2022,1.151
svn,sex_f,ocu_skill_total,2007,7.095
svn,sex_f,ocu_skill_total,2008,6.66
svn,sex_f,ocu_skill_total,2009,3.808
svn,sex_f,ocu_skill_total,2010,3.426
svn,sex_f,ocu_skill_total,2011,5.885
svn,sex_f,ocu_skill_total,2012,6.826
svn,sex_f,ocu_skill_total,2013,7.901
svn,sex_f,ocu_skill_total,2014,7.547
svn,sex_f,ocu_skill_total,2015,7.038
svn,sex_f,ocu_skill_total,2016,5.62
svn,sex_f,ocu_skill_total,2017,5.44
svn,sex_f,ocu_skill_total,2018,4.506
svn,sex_f,ocu_skill_total,2019,6.914
svn,sex_f,ocu_skill_total,2020,3.667
svn,sex_f,ocu_skill_total,2021,4.114
svn,sex_f,ocu_skill_total,2022,5.398
svn,sex_f,ocu_skill_total,2023,4.806
svn,sex_f,ocu_skill_x,2007,2.363
svn,sex_f,ocu_skill_x,2008,2.871
svn,sex_f,ocu_skill_x,2009,1.019
svn,sex_f,ocu_skill_x,2010,1.27
svn,sex_f,ocu_skill_x,2011,1.744
svn,sex_f,ocu_skill_x,2012,1.29
svn,sex_f,ocu_skill_x,2013,2.362
svn,sex_f,ocu_skill_x,2014,1.596
svn,sex_f,ocu_skill_x,2015,2.199
svn,sex_f,ocu_skill_x,2016,1.361
svn,sex_f,ocu_skill_x,2017,1.371
svn,sex_f,ocu_skill_x,2018,1.215
svn,sex_f,ocu_skill_x,2019,1.474
svn,sex_f,ocu_skill_x,2020,0.71
svn,sex_f,ocu_skill_x,2021,0.962
svn,sex_f,ocu_skill_x,2022,2.151
svn,sex_f,ocu_skill_x,2023,2.203
svn,sex_m,ocu_isco08_1,2013,0.608
svn,sex_m,ocu_isco08_1,2014,0.479
svn,sex_m,ocu_isco08_1,2015,0.269
svn,sex_m,ocu_isco08_2,2011,0.808
svn,sex_m,ocu_isco08_2,2012,0.202
svn,sex_m,ocu_isco08_2,2013,0.871
svn,sex_m,ocu_isco08_2,2014,1.019
svn,sex_m,ocu_isco08_2,2015,0.923
svn,sex_m,ocu_isco08_3,2011,0.622
svn,sex_m,ocu_isco08_3,2012,0.757
svn,sex_m,ocu_isco08_3,2013,1.274
svn,sex_m,ocu_isco08_3,2014,0.846
svn,sex_m,ocu_isco08_3,2015,1.48
svn,sex_m,ocu_isco08_3,2016,0.411
svn,sex_m,ocu_isco08_3,2020,0.455
svn,sex_m,ocu_isco08_3,2021,0.322
svn,sex_m,ocu_isco08_5,2011,0.821
svn,sex_m,ocu_isco08_5,2012,0.984
svn,sex_m,ocu_isco08_5,2013,0.749
svn,sex_m,ocu_isco08_5,2014,0.426
svn,sex_m,ocu_isco08_5,2015,0.663
svn,sex_m,ocu_isco08_5,2018,0.31
svn,sex_m,ocu_isco08_5,2020,0.474
svn,sex_m,ocu_isco08_6,2011,0.475
svn,sex_m,ocu_isco08_6,2012,0.513
svn,sex_m,ocu_isco08_6,2013,0.653
svn,sex_m,ocu_isco08_6,2014,0.818
svn,sex_m,ocu_isco08_6,2015,0.552
svn,sex_m,ocu_isco08_6,2016,0.316
svn,sex_m,ocu_isco08_6,2017,0.466
svn,sex_m,ocu_isco08_6,2018,0.655
svn,sex_m,ocu_isco08_6,2019,1.039
svn,sex_m,ocu_isco08_6,2020,0.707
svn,sex_m,ocu_isco08_6,2021,0.491
svn,sex_m,ocu_isco08_6,2022,0.841
svn,sex_m,ocu_isco08_6,2023,0.423
svn,sex_m,ocu_isco08_7,2011,1.093
svn,sex_m,ocu_isco08_7,2012,1.041
svn,sex_m,ocu_isco08_7,2013,1.69
svn,sex_m,ocu_isco08_7,2014,1.65
svn,sex_m,ocu_isco08_7,2015,1.385
svn,sex_m,ocu_isco08_7,2016,0.772
svn,sex_m,ocu_isco08_7,2023,0.37
svn,sex_m,ocu_isco08_8,2011,0.599
svn,sex_m,ocu_isco08_8,2013,0.307
svn,sex_m,ocu_isco08_8,2014,0.499
svn,sex_m,ocu_isco08_8,2015,0.93
svn,sex_m,ocu_isco08_8,2017,0.184
svn,sex_m,ocu_isco08_9,2014,0.521
svn,sex_m,ocu_isco08_9,2015,0.654
svn,sex_m,ocu_isco08_9,2016,0.964
svn,sex_m,ocu_isco08_9,2017,0.642
svn,sex_m,ocu_isco08_9,2018,0.28
svn,sex_m,ocu_isco08_total,2011,6.483
svn,sex_m,ocu_isco08_total,2012,5.263
svn,sex_m,ocu_isco08_total,2013,8.844
svn,sex_m,ocu_isco08_total,2014,8.187
svn,sex_m,ocu_isco08_total,2015,8.455
svn,sex_m,ocu_isco08_total,2016,4.354
svn,sex_m,ocu_isco08_total,2017,3.771
svn,sex_m,ocu_isco08_total,2018,3.513
svn,sex_m,ocu_isco08_total,2019,3.902
svn,sex_m,ocu_isco08_total,2020,4.192
svn,sex_m,ocu_isco08_total,2021,3.756
svn,sex_m,ocu_isco08_total,2022,3.815
svn,sex_m,ocu_isco08_total,2023,2.994
svn,sex_m,ocu_isco08_x,2011,1.385
svn,sex_m,ocu_isco08_x,2012,1.343
svn,sex_m,ocu_isco08_x,2013,2.37
svn,sex_m,ocu_isco08_x,2014,1.773
svn,sex_m,ocu_isco08_x,2015,1.478
svn,sex_m,ocu_isco08_x,2016,1.261
svn,sex_m,ocu_isco08_x,2017,1.668
svn,sex_m,ocu_isco08_x,2018,0.96
svn,sex_m,ocu_isco08_x,2019,1.721
svn,sex_m,ocu_isco08_x,2020,1.669
svn,sex_m,ocu_isco08_x,2021,1.447
svn,sex_m,ocu_isco08_x,2022,1.913
svn,sex_m,ocu_isco08_x,2023,1.609
svn,sex_m,ocu_isco88_2,2007,0.555
svn,sex_m,ocu_isco88_2,2008,0.719
svn,sex_m,ocu_isco88_2,2010,0.468
svn,sex_m,ocu_isco88_3,2007,1.137
svn,sex_m,ocu_isco88_3,2008,1.25
svn,sex_m,ocu_isco88_3,2009,0.757
svn,sex_m,ocu_isco88_3,2010,0.428
svn,sex_m,ocu_isco88_4,2007,0.308
svn,sex_m,ocu_isco88_4,2008,0.456
svn,sex_m,ocu_isco88_5,2007,0.667
svn,sex_m,ocu_isco88_5,2008,0.538
svn,sex_m,ocu_isco88_5,2009,0.497
svn,sex_m,ocu_isco88_5,2010,0.528
svn,sex_m,ocu_isco88_6,2007,0.199
svn,sex_m,ocu_isco88_6,2008,0.309
svn,sex_m,ocu_isco88_6,2009,0.263
svn,sex_m,ocu_isco88_7,2007,0.835
svn,sex_m,ocu_isco88_7,2008,1.197
svn,sex_m,ocu_isco88_7,2009,0.252
svn,sex_m,ocu_isco88_7,2010,0.307
svn,sex_m,ocu_isco88_8,2007,0.611
svn,sex_m,ocu_isco88_8,2008,0.512
svn,sex_m,ocu_isco88_8,2009,0.297
svn,sex_m,ocu_isco88_8,2010,0.619
svn,sex_m,ocu_isco88_9,2007,0.341
svn,sex_m,ocu_isco88_9,2008,0.347
svn,sex_m,ocu_isco88_9,2009,0.474
svn,sex_m,ocu_isco88_9,2010,0.394
svn,sex_m,ocu_isco88_total,2007,9.537
svn,sex_m,ocu_isco88_total,2008,9.441
svn,sex_m,ocu_isco88_total,2009,4.211
svn,sex_m,ocu_isco88_total,2010,4.726
svn,sex_m,ocu_isco88_x,2007,4.833
svn,sex_m,ocu_isco88_x,2008,3.843
svn,sex_m,ocu_isco88_x,2009,1.403
svn,sex_m,ocu_isco88_x,2010,1.062
svn,sex_m,ocu_skill_l1,2007,0.341
svn,sex_m,ocu_skill_l1,2008,0.347
svn,sex_m,ocu_skill_l1,2009,0.474
svn,sex_m,ocu_skill_l1,2010,0.394
svn,sex_m,ocu_skill_l1,2014,0.521
svn,sex_m,ocu_skill_l1,2015,0.654
svn,sex_m,ocu_skill_l1,2016,0.964
svn,sex_m,ocu_skill_l1,2017,0.642
svn,sex_m,ocu_skill_l1,2018,0.28
svn,sex_m,ocu_skill_l2,2007,2.62
svn,sex_m,ocu_skill_l2,2008,3.012
svn,sex_m,ocu_skill_l2,2009,1.404
svn,sex_m,ocu_skill_l2,2010,1.614
svn,sex_m,ocu_skill_l2,2011,3.145
svn,sex_m,ocu_skill_l2,2012,2.703
svn,sex_m,ocu_skill_l2,2013,3.494
svn,sex_m,ocu_skill_l2,2014,3.549
svn,sex_m,ocu_skill_l2,2015,3.65
svn,sex_m,ocu_skill_l2,2016,1.519
svn,sex_m,ocu_skill_l2,2017,1.011
svn,sex_m,ocu_skill_l2,2018,1.833
svn,sex_m,ocu_skill_l2,2019,1.786
svn,sex_m,ocu_skill_l2,2020,1.512
svn,sex_m,ocu_skill_l2,2021,1.155
svn,sex_m,ocu_skill_l2,2022,1.339
svn,sex_m,ocu_skill_l2,2023,0.831
svn,sex_m,ocu_skill_l3_4,2007,1.744
svn,sex_m,ocu_skill_l3_4,2008,2.182
svn,sex_m,ocu_skill_l3_4,2009,0.93
svn,sex_m,ocu_skill_l3_4,2010,1.657
svn,sex_m,ocu_skill_l3_4,2011,1.741
svn,sex_m,ocu_skill_l3_4,2012,1.086
svn,sex_m,ocu_skill_l3_4,2013,2.752
svn,sex_m,ocu_skill_l3_4,2014,2.344
svn,sex_m,ocu_skill_l3_4,2015,2.673
svn,sex_m,ocu_skill_l3_4,2016,0.609
svn,sex_m,ocu_skill_l3_4,2017,0.45
svn,sex_m,ocu_skill_l3_4,2018,0.439
svn,sex_m,ocu_skill_l3_4,2019,0.321
svn,sex_m,ocu_skill_l3_4,2020,0.626
svn,sex_m,ocu_skill_l3_4,2021,0.708
svn,sex_m,ocu_skill_l3_4,2022,0.438
svn,sex_m,ocu_skill_total,2007,9.537
svn,sex_m,ocu_skill_total,2008,9.441
svn,sex_m,ocu_skill_total,2009,4.211
svn,sex_m,ocu_skill_total,2010,4.726
svn,sex_m,ocu_skill_total,2011,6.483
svn,sex_m,ocu_skill_total,2012,5.263
svn,sex_m,ocu_skill_total,2013,8.844
svn,sex_m,ocu_skill_total,2014,8.187
svn,sex_m,ocu_skill_total,2015,8.455
svn,sex_m,ocu_skill_total,2016,4.354
svn,sex_m,ocu_skill_total,2017,3.771
svn,sex_m,ocu_skill_total,2018,3.513
svn,sex_m,ocu_skill_total,2019,3.902
svn,sex_m,ocu_skill_total,2020,4.192
svn,sex_m,ocu_skill_total,2021,3.756
svn,sex_m,ocu_skill_total,2022,3.815
svn,sex_m,ocu_skill_total,2023,2.994
svn,sex_m,ocu_skill_x,2007,4.833
svn,sex_m,ocu_skill_x,2008,3.9
svn,sex_m,ocu_skill_x,2009,1.403
svn,sex_m,ocu_skill_x,2010,1.062
svn,sex_m,ocu_skill_x,2011,1.385
svn,sex_m,ocu_skill_x,2012,1.417
svn,sex_m,ocu_skill_x,2013,2.37
svn,sex_m,ocu_skill_x,2014,1.773
svn,sex_m,ocu_skill_x,2015,1.478
svn,sex_m,ocu_skill_x,2016,1.261
svn,sex_m,ocu_skill_x,2017,1.668
svn,sex_m,ocu_skill_x,2018,0.96
svn,sex_m,ocu_skill_x,2019,1.721
svn,sex_m,ocu_skill_x,2020,1.758
svn,sex_m,ocu_skill_x,2021,1.447
svn,sex_m,ocu_skill_x,2022,1.913
svn,sex_m,ocu_skill_x,2023,1.638
svn,sex_t,ocu_isco08_1,2011,0.417
svn,sex_t,ocu_isco08_1,2012,0.306
svn,sex_t,ocu_isco08_1,2013,0.883
svn,sex_t,ocu_isco08_1,2014,0.57
svn,sex_t,ocu_isco08_1,2015,0.384
svn,sex_t,ocu_isco08_2,2011,1.469
svn,sex_t,ocu_isco08_2,2012,1.197
svn,sex_t,ocu_isco08_2,2013,1.488
svn,sex_t,ocu_isco08_2,2014,2.42
svn,sex_t,ocu_isco08_2,2015,2.154
svn,sex_t,ocu_isco08_2,2016,0.871
svn,sex_t,ocu_isco08_2,2017,1.146
svn,sex_t,ocu_isco08_2,2018,0.64
svn,sex_t,ocu_isco08_2,2019,0.937
svn,sex_t,ocu_isco08_2,2020,0.565
svn,sex_t,ocu_isco08_2,2021,0.8
svn,sex_t,ocu_isco08_2,2022,1.032
svn,sex_t,ocu_isco08_2,2023,0.502
svn,sex_t,ocu_isco08_3,2011,0.886
svn,sex_t,ocu_isco08_3,2012,1.392
svn,sex_t,ocu_isco08_3,2013,1.823
svn,sex_t,ocu_isco08_3,2014,1.599
svn,sex_t,ocu_isco08_3,2015,2.122
svn,sex_t,ocu_isco08_3,2016,1.029
svn,sex_t,ocu_isco08_3,2017,0.44
svn,sex_t,ocu_isco08_3,2018,0.579
svn,sex_t,ocu_isco08_3,2019,0.384
svn,sex_t,ocu_isco08_3,2020,0.469
svn,sex_t,ocu_isco08_3,2021,1.012
svn,sex_t,ocu_isco08_3,2022,0.557
svn,sex_t,ocu_isco08_4,2011,0.359
svn,sex_t,ocu_isco08_4,2013,0.292
svn,sex_t,ocu_isco08_4,2014,0.978
svn,sex_t,ocu_isco08_4,2015,0.639
svn,sex_t,ocu_isco08_4,2016,0.443
svn,sex_t,ocu_isco08_4,2018,0.638
svn,sex_t,ocu_isco08_4,2019,0.987
svn,sex_t,ocu_isco08_4,2020,0.704
svn,sex_t,ocu_isco08_5,2011,3.303
svn,sex_t,ocu_isco08_5,2012,3.395
svn,sex_t,ocu_isco08_5,2013,3.166
svn,sex_t,ocu_isco08_5,2014,1.048
svn,sex_t,ocu_isco08_5,2015,1.892
svn,sex_t,ocu_isco08_5,2016,1.454
svn,sex_t,ocu_isco08_5,2017,1.4
svn,sex_t,ocu_isco08_5,2018,1.272
svn,sex_t,ocu_isco08_5,2019,1.97
svn,sex_t,ocu_isco08_5,2020,1.171
svn,sex_t,ocu_isco08_5,2021,0.622
svn,sex_t,ocu_isco08_5,2022,0.835
svn,sex_t,ocu_isco08_5,2023,0.863
svn,sex_t,ocu_isco08_6,2011,0.746
svn,sex_t,ocu_isco08_6,2012,1.194
svn,sex_t,ocu_isco08_6,2013,1.476
svn,sex_t,ocu_isco08_6,2014,1.852
svn,sex_t,ocu_isco08_6,2015,1.041
svn,sex_t,ocu_isco08_6,2016,0.483
svn,sex_t,ocu_isco08_6,2017,0.685
svn,sex_t,ocu_isco08_6,2018,1.083
svn,sex_t,ocu_isco08_6,2019,1.664
svn,sex_t,ocu_isco08_6,2020,1.293
svn,sex_t,ocu_isco08_6,2021,1.385
svn,sex_t,ocu_isco08_6,2022,1.358
svn,sex_t,ocu_isco08_6,2023,0.986
svn,sex_t,ocu_isco08_7,2011,1.127
svn,sex_t,ocu_isco08_7,2012,1.123
svn,sex_t,ocu_isco08_7,2013,1.874
svn,sex_t,ocu_isco08_7,2014,1.725
svn,sex_t,ocu_isco08_7,2015,1.57
svn,sex_t,ocu_isco08_7,2016,0.812
svn,sex_t,ocu_isco08_7,2017,0.296
svn,sex_t,ocu_isco08_7,2023,0.444
svn,sex_t,ocu_isco08_8,2011,0.599
svn,sex_t,ocu_isco08_8,2012,0.259
svn,sex_t,ocu_isco08_8,2013,0.307
svn,sex_t,ocu_isco08_8,2014,0.669
svn,sex_t,ocu_isco08_8,2015,1.05
svn,sex_t,ocu_isco08_8,2017,0.574
svn,sex_t,ocu_isco08_8,2020,0.401
svn,sex_t,ocu_isco08_9,2011,0.332
svn,sex_t,ocu_isco08_9,2013,0.705
svn,sex_t,ocu_isco08_9,2014,1.504
svn,sex_t,ocu_isco08_9,2015,0.964
svn,sex_t,ocu_isco08_9,2016,1.79
svn,sex_t,ocu_isco08_9,2017,1.059
svn,sex_t,ocu_isco08_9,2018,1.101
svn,sex_t,ocu_isco08_9,2019,1.067
svn,sex_t,ocu_isco08_9,2020,0.427
svn,sex_t,ocu_isco08_9,2021,1.024
svn,sex_t,ocu_isco08_9,2022,0.412
svn,sex_t,ocu_isco08_9,2023,0.863
svn,sex_t,ocu_isco08_total,2011,12.368
svn,sex_t,ocu_isco08_total,2012,12.089
svn,sex_t,ocu_isco08_total,2013,16.745
svn,sex_t,ocu_isco08_total,2014,15.734
svn,sex_t,ocu_isco08_total,2015,15.493
svn,sex_t,ocu_isco08_total,2016,9.974
svn,sex_t,ocu_isco08_total,2017,9.211
svn,sex_t,ocu_isco08_total,2018,8.02
svn,sex_t,ocu_isco08_total,2019,10.816
svn,sex_t,ocu_isco08_total,2020,7.859
svn,sex_t,ocu_isco08_total,2021,7.87
svn,sex_t,ocu_isco08_total,2022,9.213
svn,sex_t,ocu_isco08_total,2023,7.8
svn,sex_t,ocu_isco08_x,2011,3.129
svn,sex_t,ocu_isco08_x,2012,2.634
svn,sex_t,ocu_isco08_x,2013,4.732
svn,sex_t,ocu_isco08_x,2014,3.369
svn,sex_t,ocu_isco08_x,2015,3.677
svn,sex_t,ocu_isco08_x,2016,2.623
svn,sex_t,ocu_isco08_x,2017,3.04
svn,sex_t,ocu_isco08_x,2018,2.176
svn,sex_t,ocu_isco08_x,2019,3.195
svn,sex_t,ocu_isco08_x,2020,2.379
svn,sex_t,ocu_isco08_x,2021,2.409
svn,sex_t,ocu_isco08_x,2022,4.063
svn,sex_t,ocu_isco08_x,2023,3.812
svn,sex_t,ocu_isco88_1,2007,0.267
svn,sex_t,ocu_isco88_2,2007,1.223
svn,sex_t,ocu_isco88_2,2008,1.597
svn,sex_t,ocu_isco88_2,2009,1.059
svn,sex_t,ocu_isco88_2,2010,0.916
svn,sex_t,ocu_isco88_3,2007,2.328
svn,sex_t,ocu_isco88_3,2008,1.922
svn,sex_t,ocu_isco88_3,2009,1.028
svn,sex_t,ocu_isco88_3,2010,1.129
svn,sex_t,ocu_isco88_4,2007,0.694
svn,sex_t,ocu_isco88_4,2008,0.667
svn,sex_t,ocu_isco88_4,2009,0.454
svn,sex_t,ocu_isco88_5,2007,1.876
svn,sex_t,ocu_isco88_5,2008,1.582
svn,sex_t,ocu_isco88_5,2009,1.228
svn,sex_t,ocu_isco88_5,2010,0.764
svn,sex_t,ocu_isco88_6,2007,0.49
svn,sex_t,ocu_isco88_6,2008,0.548
svn,sex_t,ocu_isco88_6,2009,0.469
svn,sex_t,ocu_isco88_6,2010,0.582
svn,sex_t,ocu_isco88_7,2007,1.003
svn,sex_t,ocu_isco88_7,2008,1.313
svn,sex_t,ocu_isco88_7,2009,0.252
svn,sex_t,ocu_isco88_7,2010,0.307
svn,sex_t,ocu_isco88_8,2007,0.611
svn,sex_t,ocu_isco88_8,2008,0.578
svn,sex_t,ocu_isco88_8,2009,0.35
svn,sex_t,ocu_isco88_8,2010,0.619
svn,sex_t,ocu_isco88_9,2007,0.943
svn,sex_t,ocu_isco88_9,2008,0.867
svn,sex_t,ocu_isco88_9,2009,0.591
svn,sex_t,ocu_isco88_9,2010,0.456
svn,sex_t,ocu_isco88_total,2007,16.632
svn,sex_t,ocu_isco88_total,2008,16.101
svn,sex_t,ocu_isco88_total,2009,8.02
svn,sex_t,ocu_isco88_total,2010,8.152
svn,sex_t,ocu_isco88_x,2007,7.197
svn,sex_t,ocu_isco88_x,2008,6.714
svn,sex_t,ocu_isco88_x,2009,2.422
svn,sex_t,ocu_isco88_x,2010,2.332
svn,sex_t,ocu_skill_l1,2007,0.943
svn,sex_t,ocu_skill_l1,2008,0.867
svn,sex_t,ocu_skill_l1,2009,0.591
svn,sex_t,ocu_skill_l1,2010,0.456
svn,sex_t,ocu_skill_l1,2011,0.332
svn,sex_t,ocu_skill_l1,2013,0.705
svn,sex_t,ocu_skill_l1,2014,1.504
svn,sex_t,ocu_skill_l1,2015,0.964
svn,sex_t,ocu_skill_l1,2016,1.79
svn,sex_t,ocu_skill_l1,2017,1.059
svn,sex_t,ocu_skill_l1,2018,1.101
svn,sex_t,ocu_skill_l1,2019,1.067
svn,sex_t,ocu_skill_l1,2020,0.427
svn,sex_t,ocu_skill_l1,2021,1.024
svn,sex_t,ocu_skill_l1,2022,0.412
svn,sex_t,ocu_skill_l1,2023,0.863
svn,sex_t,ocu_skill_l2,2007,4.675
svn,sex_t,ocu_skill_l2,2008,4.688
svn,sex_t,ocu_skill_l2,2009,2.752
svn,sex_t,ocu_skill_l2,2010,2.479
svn,sex_t,ocu_skill_l2,2011,6.135
svn,sex_t,ocu_skill_l2,2012,6.225
svn,sex_t,ocu_skill_l2,2013,7.115
svn,sex_t,ocu_skill_l2,2014,6.272
svn,sex_t,ocu_skill_l2,2015,6.192
svn,sex_t,ocu_skill_l2,2016,3.509
svn,sex_t,ocu_skill_l2,2017,3.232
svn,sex_t,ocu_skill_l2,2018,3.524
svn,sex_t,ocu_skill_l2,2019,4.997
svn,sex_t,ocu_skill_l2,2020,3.712
svn,sex_t,ocu_skill_l2,2021,2.624
svn,sex_t,ocu_skill_l2,2022,3.15
svn,sex_t,ocu_skill_l2,2023,2.489
svn,sex_t,ocu_skill_l3_4,2007,3.818
svn,sex_t,ocu_skill_l3_4,2008,3.775
svn,sex_t,ocu_skill_l3_4,2009,2.254
svn,sex_t,ocu_skill_l3_4,2010,2.885
svn,sex_t,ocu_skill_l3_4,2011,2.772
svn,sex_t,ocu_skill_l3_4,2012,2.894
svn,sex_t,ocu_skill_l3_4,2013,4.193
svn,sex_t,ocu_skill_l3_4,2014,4.589
svn,sex_t,ocu_skill_l3_4,2015,4.661
svn,sex_t,ocu_skill_l3_4,2016,2.052
svn,sex_t,ocu_skill_l3_4,2017,1.88
svn,sex_t,ocu_skill_l3_4,2018,1.219
svn,sex_t,ocu_skill_l3_4,2019,1.556
svn,sex_t,ocu_skill_l3_4,2020,1.253
svn,sex_t,ocu_skill_l3_4,2021,1.813
svn,sex_t,ocu_skill_l3_4,2022,1.588
svn,sex_t,ocu_skill_l3_4,2023,0.607
svn,sex_t,ocu_skill_total,2007,16.632
svn,sex_t,ocu_skill_total,2008,16.101
svn,sex_t,ocu_skill_total,2009,8.02
svn,sex_t,ocu_skill_total,2010,8.152
svn,sex_t,ocu_skill_total,2011,12.368
svn,sex_t,ocu_skill_total,2012,12.089
svn,sex_t,ocu_skill_total,2013,16.745
svn,sex_t,ocu_skill_total,2014,15.734
svn,sex_t,ocu_skill_total,2015,15.493
svn,sex_t,ocu_skill_total,2016,9.974
svn,sex_t,ocu_skill_total,2017,9.211
svn,sex_t,ocu_skill_total,2018,8.02
svn,sex_t,ocu_skill_total,2019,10.816
svn,sex_t,ocu_skill_total,2020,7.859
svn,sex_t,ocu_skill_total,2021,7.87
svn,sex_t,ocu_skill_total,2022,9.213
svn,sex_t,ocu_skill_total,2023,7.8
svn,sex_t,ocu_skill_x,2007,7.197
svn,sex_t,ocu_skill_x,2008,6.771
svn,sex_t,ocu_skill_x,2009,2.422
svn,sex_t,ocu_skill_x,2010,2.332
svn,sex_t,ocu_skill_x,2011,3.129
svn,sex_t,ocu_skill_x,2012,2.707
svn,sex_t,ocu_skill_x,2013,4.732
svn,sex_t,ocu_skill_x,2014,3.369
svn,sex_t,ocu_skill_x,2015,3.677
svn,sex_t,ocu_skill_x,2016,2.623
svn,sex_t,ocu_skill_x,2017,3.04
svn,sex_t,ocu_skill_x,2018,2.176
svn,sex_t,ocu_skill_x,2019,3.195
svn,sex_t,ocu_skill_x,2020,2.468
svn,sex_t,ocu_skill_x,2021,2.409
svn,sex_t,ocu_skill_x,2022,4.063
svn,sex_t,ocu_skill_x,2023,3.841
swe,sex_f,ocu_isco08_1,2016,4.547
swe,sex_f,ocu_isco08_2,2011,15.039
swe,sex_f,ocu_isco08_2,2012,9.134
swe,sex_f,ocu_isco08_2,2013,13.5
swe,sex_f,ocu_isco08_2,2014,10.021
swe,sex_f,ocu_isco08_2,2015,17.442
swe,sex_f,ocu_isco08_2,2016,14.402
swe,sex_f,ocu_isco08_2,2017,15.557
swe,sex_f,ocu_isco08_2,2018,6.403
swe,sex_f,ocu_isco08_2,2019,16.608
swe,sex_f,ocu_isco08_2,2020,13.183
swe,sex_f,ocu_isco08_2,2021,19.207
swe,sex_f,ocu_isco08_2,2022,10.796
swe,sex_f,ocu_isco08_2,2023,14.125
swe,sex_f,ocu_isco08_3,2011,3.211
swe,sex_f,ocu_isco08_3,2012,4.831
swe,sex_f,ocu_isco08_3,2013,6.599
swe,sex_f,ocu_isco08_3,2014,4.343
swe,sex_f,ocu_isco08_3,2015,4.43
swe,sex_f,ocu_isco08_3,2016,7.904
swe,sex_f,ocu_isco08_3,2017,4.253
swe,sex_f,ocu_isco08_3,2018,7.16
swe,sex_f,ocu_isco08_3,2019,4.197
swe,sex_f,ocu_isco08_3,2020,4.18
swe,sex_f,ocu_isco08_3,2021,8.06
swe,sex_f,ocu_isco08_3,2022,7.753
swe,sex_f,ocu_isco08_3,2023,8.54
swe,sex_f,ocu_isco08_4,2011,4.273
swe,sex_f,ocu_isco08_4,2012,6.362
swe,sex_f,ocu_isco08_4,2013,4.258
swe,sex_f,ocu_isco08_4,2014,5.71
swe,sex_f,ocu_isco08_4,2017,3.648
swe,sex_f,ocu_isco08_4,2018,5.321
swe,sex_f,ocu_isco08_4,2019,4.654
swe,sex_f,ocu_isco08_4,2021,2.776
swe,sex_f,ocu_isco08_4,2022,5.658
swe,sex_f,ocu_isco08_4,2023,4.228
swe,sex_f,ocu_isco08_5,2011,35.368
swe,sex_f,ocu_isco08_5,2012,36.051
swe,sex_f,ocu_isco08_5,2013,25.698
swe,sex_f,ocu_isco08_5,2014,25.652
swe,sex_f,ocu_isco08_5,2015,31.546
swe,sex_f,ocu_isco08_5,2016,20.328
swe,sex_f,ocu_isco08_5,2017,32.124
swe,sex_f,ocu_isco08_5,2018,21.888
swe,sex_f,ocu_isco08_5,2019,26.526
swe,sex_f,ocu_isco08_5,2020,31.571
swe,sex_f,ocu_isco08_5,2021,20.692
swe,sex_f,ocu_isco08_5,2022,18.21
swe,sex_f,ocu_isco08_5,2023,17.755
swe,sex_f,ocu_isco08_6,2011,3.152
swe,sex_f,ocu_isco08_6,2019,4.073
swe,sex_f,ocu_isco08_6,2021,3.225
swe,sex_f,ocu_isco08_7,2011,2.996
swe,sex_f,ocu_isco08_7,2019,0
swe,sex_f,ocu_isco08_8,2012,3.833
swe,sex_f,ocu_isco08_9,2011,9.116
swe,sex_f,ocu_isco08_9,2012,5.875
swe,sex_f,ocu_isco08_9,2013,3.881
swe,sex_f,ocu_isco08_9,2014,8.212
swe,sex_f,ocu_isco08_9,2015,14.477
swe,sex_f,ocu_isco08_9,2016,7.895
swe,sex_f,ocu_isco08_9,2017,10.3
swe,sex_f,ocu_isco08_9,2018,6.087
swe,sex_f,ocu_isco08_9,2019,7.008
swe,sex_f,ocu_isco08_9,2021,3.683
swe,sex_f,ocu_isco08_9,2022,5.46
swe,sex_f,ocu_isco08_9,2023,3.863
swe,sex_f,ocu_isco08_total,2011,78.62
swe,sex_f,ocu_isco08_total,2012,73.835
swe,sex_f,ocu_isco08_total,2013,63.233
swe,sex_f,ocu_isco08_total,2014,66.078
swe,sex_f,ocu_isco08_total,2015,81.619
swe,sex_f,ocu_isco08_total,2016,63.17
swe,sex_f,ocu_isco08_total,2017,76.295
swe,sex_f,ocu_isco08_total,2018,63.339
swe,sex_f,ocu_isco08_total,2019,66.755
swe,sex_f,ocu_isco08_total,2020,56.609
swe,sex_f,ocu_isco08_total,2021,63.309
swe,sex_f,ocu_isco08_total,2022,61.26
swe,sex_f,ocu_isco08_total,2023,61.501
swe,sex_f,ocu_isco08_x,2012,4.058
swe,sex_f,ocu_isco08_x,2013,4.467
swe,sex_f,ocu_isco08_x,2015,4.306
swe,sex_f,ocu_isco08_x,2016,3.906
swe,sex_f,ocu_isco08_x,2018,7.624
swe,sex_f,ocu_isco08_x,2022,8.827
swe,sex_f,ocu_isco08_x,2023,5.904
swe,sex_f,ocu_isco88_2,2007,8.589
swe,sex_f,ocu_isco88_2,2008,9.58
swe,sex_f,ocu_isco88_2,2009,13.304
swe,sex_f,ocu_isco88_2,2010,9.632
swe,sex_f,ocu_isco88_3,2007,10.232
swe,sex_f,ocu_isco88_3,2008,12.846
swe,sex_f,ocu_isco88_3,2009,6.179
swe,sex_f,ocu_isco88_3,2010,16.973
swe,sex_f,ocu_isco88_4,2007,8.667
swe,sex_f,ocu_isco88_4,2008,7.515
swe,sex_f,ocu_isco88_4,2009,7.953
swe,sex_f,ocu_isco88_4,2010,6.199
swe,sex_f,ocu_isco88_5,2007,20.082
swe,sex_f,ocu_isco88_5,2008,31.561
swe,sex_f,ocu_isco88_5,2009,20.961
swe,sex_f,ocu_isco88_5,2010,28.961
swe,sex_f,ocu_isco88_6,2007,3.169
swe,sex_f,ocu_isco88_6,2008,4.337
swe,sex_f,ocu_isco88_6,2009,6.373
swe,sex_f,ocu_isco88_6,2010,4.692
swe,sex_f,ocu_isco88_7,2008,3.196
swe,sex_f,ocu_isco88_7,2009,2.617
swe,sex_f,ocu_isco88_8,2007,4.323
swe,sex_f,ocu_isco88_8,2008,3.982
swe,sex_f,ocu_isco88_9,2007,8.806
swe,sex_f,ocu_isco88_9,2008,11.519
swe,sex_f,ocu_isco88_9,2009,3.886
swe,sex_f,ocu_isco88_9,2010,14.504
swe,sex_f,ocu_isco88_total,2007,74.715
swe,sex_f,ocu_isco88_total,2008,88.765
swe,sex_f,ocu_isco88_total,2009,68.778
swe,sex_f,ocu_isco88_total,2010,89.608
swe,sex_f,ocu_isco88_x,2007,8.025
swe,sex_f,ocu_isco88_x,2008,2.677
swe,sex_f,ocu_isco88_x,2009,4.668
swe,sex_f,ocu_isco88_x,2010,4.939
swe,sex_f,ocu_skill_l1,2007,8.806
swe,sex_f,ocu_skill_l1,2008,11.519
swe,sex_f,ocu_skill_l1,2009,3.886
swe,sex_f,ocu_skill_l1,2010,14.504
swe,sex_f,ocu_skill_l1,2011,9.116
swe,sex_f,ocu_skill_l1,2012,5.875
swe,sex_f,ocu_skill_l1,2013,3.881
swe,sex_f,ocu_skill_l1,2014,8.212
swe,sex_f,ocu_skill_l1,2015,14.477
swe,sex_f,ocu_skill_l1,2016,7.895
swe,sex_f,ocu_skill_l1,2017,10.3
swe,sex_f,ocu_skill_l1,2018,6.087
swe,sex_f,ocu_skill_l1,2019,7.008
swe,sex_f,ocu_skill_l1,2021,3.683
swe,sex_f,ocu_skill_l1,2022,5.46
swe,sex_f,ocu_skill_l1,2023,3.863
swe,sex_f,ocu_skill_l2,2007,38.522
swe,sex_f,ocu_skill_l2,2008,50.59
swe,sex_f,ocu_skill_l2,2009,39.314
swe,sex_f,ocu_skill_l2,2010,42.94
swe,sex_f,ocu_skill_l2,2011,48.237
swe,sex_f,ocu_skill_l2,2012,49.937
swe,sex_f,ocu_skill_l2,2013,34.786
swe,sex_f,ocu_skill_l2,2014,38.601
swe,sex_f,ocu_skill_l2,2015,40.168
swe,sex_f,ocu_skill_l2,2016,24.516
swe,sex_f,ocu_skill_l2,2017,42.072
swe,sex_f,ocu_skill_l2,2018,32.277
swe,sex_f,ocu_skill_l2,2019,35.896
swe,sex_f,ocu_skill_l2,2020,37.003
swe,sex_f,ocu_skill_l2,2021,30.122
swe,sex_f,ocu_skill_l2,2022,28.258
swe,sex_f,ocu_skill_l2,2023,27.01
swe,sex_f,ocu_skill_l3_4,2007,19.362
swe,sex_f,ocu_skill_l3_4,2008,23.98
swe,sex_f,ocu_skill_l3_4,2009,20.91
swe,sex_f,ocu_skill_l3_4,2010,27.225
swe,sex_f,ocu_skill_l3_4,2011,18.897
swe,sex_f,ocu_skill_l3_4,2012,13.965
swe,sex_f,ocu_skill_l3_4,2013,20.099
swe,sex_f,ocu_skill_l3_4,2014,16.542
swe,sex_f,ocu_skill_l3_4,2015,22.668
swe,sex_f,ocu_skill_l3_4,2016,26.854
swe,sex_f,ocu_skill_l3_4,2017,20.499
swe,sex_f,ocu_skill_l3_4,2018,17.351
swe,sex_f,ocu_skill_l3_4,2019,23
swe,sex_f,ocu_skill_l3_4,2020,17.363
swe,sex_f,ocu_skill_l3_4,2021,27.268
swe,sex_f,ocu_skill_l3_4,2022,18.715
swe,sex_f,ocu_skill_l3_4,2023,24.724
swe,sex_f,ocu_skill_total,2007,74.715
swe,sex_f,ocu_skill_total,2008,88.765
swe,sex_f,ocu_skill_total,2009,68.778
swe,sex_f,ocu_skill_total,2010,89.608
swe,sex_f,ocu_skill_total,2011,78.62
swe,sex_f,ocu_skill_total,2012,73.835
swe,sex_f,ocu_skill_total,2013,63.233
swe,sex_f,ocu_skill_total,2014,66.078
swe,sex_f,ocu_skill_total,2015,81.619
swe,sex_f,ocu_skill_total,2016,63.17
swe,sex_f,ocu_skill_total,2017,76.295
swe,sex_f,ocu_skill_total,2018,63.339
swe,sex_f,ocu_skill_total,2019,66.755
swe,sex_f,ocu_skill_total,2020,56.609
swe,sex_f,ocu_skill_total,2021,63.309
swe,sex_f,ocu_skill_total,2022,61.26
swe,sex_f,ocu_skill_total,2023,61.501
swe,sex_f,ocu_skill_x,2007,8.025
swe,sex_f,ocu_skill_x,2008,2.677
swe,sex_f,ocu_skill_x,2009,4.668
swe,sex_f,ocu_skill_x,2010,4.939
swe,sex_f,ocu_skill_x,2012,4.058
swe,sex_f,ocu_skill_x,2013,4.467
swe,sex_f,ocu_skill_x,2015,4.306
swe,sex_f,ocu_skill_x,2016,3.906
swe,sex_f,ocu_skill_x,2018,7.624
swe,sex_f,ocu_skill_x,2022,8.827
swe,sex_f,ocu_skill_x,2023,5.904
swe,sex_m,ocu_isco08_1,2017,3.463
swe,sex_m,ocu_isco08_1,2019,4.078
swe,sex_m,ocu_isco08_1,2022,5.535
swe,sex_m,ocu_isco08_1,2023,3.303
swe,sex_m,ocu_isco08_2,2011,14.02
swe,sex_m,ocu_isco08_2,2012,7.715
swe,sex_m,ocu_isco08_2,2013,11.89
swe,sex_m,ocu_isco08_2,2014,13.581
swe,sex_m,ocu_isco08_2,2015,13.996
swe,sex_m,ocu_isco08_2,2016,13.307
swe,sex_m,ocu_isco08_2,2017,15.807
swe,sex_m,ocu_isco08_2,2018,9.962
swe,sex_m,ocu_isco08_2,2019,19.046
swe,sex_m,ocu_isco08_2,2020,9.908
swe,sex_m,ocu_isco08_2,2021,11.546
swe,sex_m,ocu_isco08_2,2022,13.552
swe,sex_m,ocu_isco08_2,2023,10.768
swe,sex_m,ocu_isco08_3,2011,12.585
swe,sex_m,ocu_isco08_3,2012,9.879
swe,sex_m,ocu_isco08_3,2013,11.332
swe,sex_m,ocu_isco08_3,2014,11.392
swe,sex_m,ocu_isco08_3,2015,10.151
swe,sex_m,ocu_isco08_3,2016,15.689
swe,sex_m,ocu_isco08_3,2017,7.791
swe,sex_m,ocu_isco08_3,2018,3.337
swe,sex_m,ocu_isco08_3,2019,14.206
swe,sex_m,ocu_isco08_3,2020,8.117
swe,sex_m,ocu_isco08_3,2021,4.239
swe,sex_m,ocu_isco08_3,2022,10.437
swe,sex_m,ocu_isco08_3,2023,10.555
swe,sex_m,ocu_isco08_4,2011,3.28
swe,sex_m,ocu_isco08_4,2015,6.569
swe,sex_m,ocu_isco08_4,2017,3.324
swe,sex_m,ocu_isco08_4,2020,7.164
swe,sex_m,ocu_isco08_4,2023,3.392
swe,sex_m,ocu_isco08_5,2011,13.694
swe,sex_m,ocu_isco08_5,2012,10.865
swe,sex_m,ocu_isco08_5,2013,13.946
swe,sex_m,ocu_isco08_5,2014,10.139
swe,sex_m,ocu_isco08_5,2015,11.178
swe,sex_m,ocu_isco08_5,2016,20.066
swe,sex_m,ocu_isco08_5,2017,18.454
swe,sex_m,ocu_isco08_5,2018,11.472
swe,sex_m,ocu_isco08_5,2019,16.176
swe,sex_m,ocu_isco08_5,2020,15.02
swe,sex_m,ocu_isco08_5,2021,13.598
swe,sex_m,ocu_isco08_5,2022,13.973
swe,sex_m,ocu_isco08_5,2023,13.484
swe,sex_m,ocu_isco08_6,2011,9.006
swe,sex_m,ocu_isco08_6,2013,4.768
swe,sex_m,ocu_isco08_6,2014,4.461
swe,sex_m,ocu_isco08_6,2015,7.56
swe,sex_m,ocu_isco08_6,2017,4.722
swe,sex_m,ocu_isco08_6,2018,4.463
swe,sex_m,ocu_isco08_6,2019,4.28
swe,sex_m,ocu_isco08_6,2022,3.146
swe,sex_m,ocu_isco08_6,2023,2.47
swe,sex_m,ocu_isco08_7,2011,8.452
swe,sex_m,ocu_isco08_7,2012,13.668
swe,sex_m,ocu_isco08_7,2013,11.064
swe,sex_m,ocu_isco08_7,2014,11.523
swe,sex_m,ocu_isco08_7,2015,13.204
swe,sex_m,ocu_isco08_7,2016,10.851
swe,sex_m,ocu_isco08_7,2017,11.227
swe,sex_m,ocu_isco08_7,2018,9.785
swe,sex_m,ocu_isco08_7,2019,16.206
swe,sex_m,ocu_isco08_7,2020,13.466
swe,sex_m,ocu_isco08_7,2021,7.483
swe,sex_m,ocu_isco08_7,2022,17.564
swe,sex_m,ocu_isco08_7,2023,10.737
swe,sex_m,ocu_isco08_8,2011,13.934
swe,sex_m,ocu_isco08_8,2012,6.103
swe,sex_m,ocu_isco08_8,2013,6.612
swe,sex_m,ocu_isco08_8,2014,10.391
swe,sex_m,ocu_isco08_8,2015,5.53
swe,sex_m,ocu_isco08_8,2016,4.239
swe,sex_m,ocu_isco08_8,2017,11.111
swe,sex_m,ocu_isco08_8,2018,6.576
swe,sex_m,ocu_isco08_8,2019,4.805
swe,sex_m,ocu_isco08_8,2020,7.771
swe,sex_m,ocu_isco08_8,2021,7.91
swe,sex_m,ocu_isco08_8,2022,6.147
swe,sex_m,ocu_isco08_8,2023,4.806
swe,sex_m,ocu_isco08_9,2011,4.657
swe,sex_m,ocu_isco08_9,2012,5.308
swe,sex_m,ocu_isco08_9,2013,4.974
swe,sex_m,ocu_isco08_9,2014,3.731
swe,sex_m,ocu_isco08_9,2015,15.909
swe,sex_m,ocu_isco08_9,2016,8.673
swe,sex_m,ocu_isco08_9,2017,7.326
swe,sex_m,ocu_isco08_9,2018,5.033
swe,sex_m,ocu_isco08_9,2020,7.158
swe,sex_m,ocu_isco08_9,2022,5.584
swe,sex_m,ocu_isco08_9,2023,7.72
swe,sex_m,ocu_isco08_total,2011,87.757
swe,sex_m,ocu_isco08_total,2012,68.079
swe,sex_m,ocu_isco08_total,2013,71.391
swe,sex_m,ocu_isco08_total,2014,73.423
swe,sex_m,ocu_isco08_total,2015,91.285
swe,sex_m,ocu_isco08_total,2016,81.208
swe,sex_m,ocu_isco08_total,2017,84.346
swe,sex_m,ocu_isco08_total,2018,64.201
swe,sex_m,ocu_isco08_total,2019,88.302
swe,sex_m,ocu_isco08_total,2020,74.588
swe,sex_m,ocu_isco08_total,2021,53.093
swe,sex_m,ocu_isco08_total,2022,91.078
swe,sex_m,ocu_isco08_total,2023,77.095
swe,sex_m,ocu_isco08_x,2011,4.366
swe,sex_m,ocu_isco08_x,2012,6.159
swe,sex_m,ocu_isco08_x,2013,4.237
swe,sex_m,ocu_isco08_x,2015,4.319
swe,sex_m,ocu_isco08_x,2018,7.427
swe,sex_m,ocu_isco08_x,2021,1.904
swe,sex_m,ocu_isco08_x,2022,13.763
swe,sex_m,ocu_isco08_x,2023,9.86
swe,sex_m,ocu_isco88_1,2007,3.724
swe,sex_m,ocu_isco88_1,2008,3.329
swe,sex_m,ocu_isco88_1,2009,4.123
swe,sex_m,ocu_isco88_1,2010,5.296
swe,sex_m,ocu_isco88_2,2007,8.806
swe,sex_m,ocu_isco88_2,2008,8.807
swe,sex_m,ocu_isco88_2,2009,10.123
swe,sex_m,ocu_isco88_2,2010,7.577
swe,sex_m,ocu_isco88_3,2007,6.244
swe,sex_m,ocu_isco88_3,2008,15.016
swe,sex_m,ocu_isco88_3,2009,9.634
swe,sex_m,ocu_isco88_3,2010,13.324
swe,sex_m,ocu_isco88_4,2007,2.802
swe,sex_m,ocu_isco88_4,2008,3.511
swe,sex_m,ocu_isco88_4,2010,5.502
swe,sex_m,ocu_isco88_5,2007,9.259
swe,sex_m,ocu_isco88_5,2008,11.383
swe,sex_m,ocu_isco88_5,2009,6.408
swe,sex_m,ocu_isco88_5,2010,9.209
swe,sex_m,ocu_isco88_6,2007,3.13
swe,sex_m,ocu_isco88_6,2008,7.014
swe,sex_m,ocu_isco88_6,2009,4.696
swe,sex_m,ocu_isco88_6,2010,5.849
swe,sex_m,ocu_isco88_7,2007,12.519
swe,sex_m,ocu_isco88_7,2008,15.814
swe,sex_m,ocu_isco88_7,2009,15.405
swe,sex_m,ocu_isco88_7,2010,24.611
swe,sex_m,ocu_isco88_8,2007,10.6
swe,sex_m,ocu_isco88_8,2008,9.622
swe,sex_m,ocu_isco88_8,2009,8.533
swe,sex_m,ocu_isco88_8,2010,6.204
swe,sex_m,ocu_isco88_9,2007,5.545
swe,sex_m,ocu_isco88_9,2008,4.939
swe,sex_m,ocu_isco88_9,2009,8.411
swe,sex_m,ocu_isco88_9,2010,9.14
swe,sex_m,ocu_isco88_total,2007,73.658
swe,sex_m,ocu_isco88_total,2008,86.021
swe,sex_m,ocu_isco88_total,2009,75.424
swe,sex_m,ocu_isco88_total,2010,94.575
swe,sex_m,ocu_isco88_x,2007,11.03
swe,sex_m,ocu_isco88_x,2008,6.585
swe,sex_m,ocu_isco88_x,2009,7.259
swe,sex_m,ocu_isco88_x,2010,7.862
swe,sex_m,ocu_skill_l1,2007,5.545
swe,sex_m,ocu_skill_l1,2008,4.939
swe,sex_m,ocu_skill_l1,2009,8.411
swe,sex_m,ocu_skill_l1,2010,9.14
swe,sex_m,ocu_skill_l1,2011,4.657
swe,sex_m,ocu_skill_l1,2012,5.308
swe,sex_m,ocu_skill_l1,2013,4.974
swe,sex_m,ocu_skill_l1,2014,3.731
swe,sex_m,ocu_skill_l1,2015,15.909
swe,sex_m,ocu_skill_l1,2016,8.673
swe,sex_m,ocu_skill_l1,2017,7.326
swe,sex_m,ocu_skill_l1,2018,5.033
swe,sex_m,ocu_skill_l1,2020,7.158
swe,sex_m,ocu_skill_l1,2022,5.584
swe,sex_m,ocu_skill_l1,2023,7.72
swe,sex_m,ocu_skill_l2,2007,38.31
swe,sex_m,ocu_skill_l2,2008,47.344
swe,sex_m,ocu_skill_l2,2009,35.874
swe,sex_m,ocu_skill_l2,2010,51.375
swe,sex_m,ocu_skill_l2,2011,48.366
swe,sex_m,ocu_skill_l2,2012,37.498
swe,sex_m,ocu_skill_l2,2013,37.086
swe,sex_m,ocu_skill_l2,2014,38.519
swe,sex_m,ocu_skill_l2,2015,44.041
swe,sex_m,ocu_skill_l2,2016,39.626
swe,sex_m,ocu_skill_l2,2017,48.837
swe,sex_m,ocu_skill_l2,2018,35.535
swe,sex_m,ocu_skill_l2,2019,44.977
swe,sex_m,ocu_skill_l2,2020,44.856
swe,sex_m,ocu_skill_l2,2021,32.413
swe,sex_m,ocu_skill_l2,2022,42.208
swe,sex_m,ocu_skill_l2,2023,34.89
swe,sex_m,ocu_skill_l3_4,2007,18.773
swe,sex_m,ocu_skill_l3_4,2008,27.152
swe,sex_m,ocu_skill_l3_4,2009,23.88
swe,sex_m,ocu_skill_l3_4,2010,26.198
swe,sex_m,ocu_skill_l3_4,2011,30.368
swe,sex_m,ocu_skill_l3_4,2012,19.114
swe,sex_m,ocu_skill_l3_4,2013,25.094
swe,sex_m,ocu_skill_l3_4,2014,27.913
swe,sex_m,ocu_skill_l3_4,2015,27.017
swe,sex_m,ocu_skill_l3_4,2016,31.331
swe,sex_m,ocu_skill_l3_4,2017,27.061
swe,sex_m,ocu_skill_l3_4,2018,16.206
swe,sex_m,ocu_skill_l3_4,2019,37.33
swe,sex_m,ocu_skill_l3_4,2020,20.669
swe,sex_m,ocu_skill_l3_4,2021,15.784
swe,sex_m,ocu_skill_l3_4,2022,29.523
swe,sex_m,ocu_skill_l3_4,2023,24.626
swe,sex_m,ocu_skill_total,2007,73.658
swe,sex_m,ocu_skill_total,2008,86.021
swe,sex_m,ocu_skill_total,2009,75.424
swe,sex_m,ocu_skill_total,2010,94.575
swe,sex_m,ocu_skill_total,2011,87.757
swe,sex_m,ocu_skill_total,2012,68.079
swe,sex_m,ocu_skill_total,2013,71.391
swe,sex_m,ocu_skill_total,2014,73.423
swe,sex_m,ocu_skill_total,2015,91.285
swe,sex_m,ocu_skill_total,2016,81.208
swe,sex_m,ocu_skill_total,2017,84.346
swe,sex_m,ocu_skill_total,2018,64.201
swe,sex_m,ocu_skill_total,2019,88.302
swe,sex_m,ocu_skill_total,2020,74.588
swe,sex_m,ocu_skill_total,2021,53.093
swe,sex_m,ocu_skill_total,2022,91.078
swe,sex_m,ocu_skill_total,2023,77.095
swe,sex_m,ocu_skill_x,2007,11.03
swe,sex_m,ocu_skill_x,2008,6.585
swe,sex_m,ocu_skill_x,2009,7.259
swe,sex_m,ocu_skill_x,2010,7.862
swe,sex_m,ocu_skill_x,2011,4.366
swe,sex_m,ocu_skill_x,2012,6.159
swe,sex_m,ocu_skill_x,2013,4.237
swe,sex_m,ocu_skill_x,2015,4.319
swe,sex_m,ocu_skill_x,2018,7.427
swe,sex_m,ocu_skill_x,2021,1.904
swe,sex_m,ocu_skill_x,2022,13.763
swe,sex_m,ocu_skill_x,2023,9.86
swe,sex_t,ocu_isco08_1,2011,4.41
swe,sex_t,ocu_isco08_1,2014,5.117
swe,sex_t,ocu_isco08_1,2015,3.666
swe,sex_t,ocu_isco08_1,2016,6.883
swe,sex_t,ocu_isco08_1,2017,4.152
swe,sex_t,ocu_isco08_1,2018,6.695
swe,sex_t,ocu_isco08_1,2019,6.274
swe,sex_t,ocu_isco08_1,2022,5.701
swe,sex_t,ocu_isco08_1,2023,5.362
swe,sex_t,ocu_isco08_2,2011,29.059
swe,sex_t,ocu_isco08_2,2012,16.849
swe,sex_t,ocu_isco08_2,2013,25.39
swe,sex_t,ocu_isco08_2,2014,23.603
swe,sex_t,ocu_isco08_2,2015,31.438
swe,sex_t,ocu_isco08_2,2016,27.709
swe,sex_t,ocu_isco08_2,2017,31.364
swe,sex_t,ocu_isco08_2,2018,16.365
swe,sex_t,ocu_isco08_2,2019,35.653
swe,sex_t,ocu_isco08_2,2020,23.091
swe,sex_t,ocu_isco08_2,2021,30.753
swe,sex_t,ocu_isco08_2,2022,24.348
swe,sex_t,ocu_isco08_2,2023,24.892
swe,sex_t,ocu_isco08_3,2011,15.796
swe,sex_t,ocu_isco08_3,2012,14.71
swe,sex_t,ocu_isco08_3,2013,17.931
swe,sex_t,ocu_isco08_3,2014,15.735
swe,sex_t,ocu_isco08_3,2015,14.581
swe,sex_t,ocu_isco08_3,2016,23.593
swe,sex_t,ocu_isco08_3,2017,12.044
swe,sex_t,ocu_isco08_3,2018,10.497
swe,sex_t,ocu_isco08_3,2019,18.403
swe,sex_t,ocu_isco08_3,2020,12.297
swe,sex_t,ocu_isco08_3,2021,12.299
swe,sex_t,ocu_isco08_3,2022,18.189
swe,sex_t,ocu_isco08_3,2023,19.095
swe,sex_t,ocu_isco08_4,2011,7.553
swe,sex_t,ocu_isco08_4,2012,9.818
swe,sex_t,ocu_isco08_4,2013,4.954
swe,sex_t,ocu_isco08_4,2014,7.715
swe,sex_t,ocu_isco08_4,2015,9.257
swe,sex_t,ocu_isco08_4,2016,4.135
swe,sex_t,ocu_isco08_4,2017,6.971
swe,sex_t,ocu_isco08_4,2018,8.56
swe,sex_t,ocu_isco08_4,2019,8.163
swe,sex_t,ocu_isco08_4,2020,9.071
swe,sex_t,ocu_isco08_4,2021,3.674
swe,sex_t,ocu_isco08_4,2022,7.036
swe,sex_t,ocu_isco08_4,2023,7.62
swe,sex_t,ocu_isco08_5,2011,49.062
swe,sex_t,ocu_isco08_5,2012,46.916
swe,sex_t,ocu_isco08_5,2013,39.643
swe,sex_t,ocu_isco08_5,2014,35.791
swe,sex_t,ocu_isco08_5,2015,42.724
swe,sex_t,ocu_isco08_5,2016,40.393
swe,sex_t,ocu_isco08_5,2017,50.579
swe,sex_t,ocu_isco08_5,2018,33.36
swe,sex_t,ocu_isco08_5,2019,42.703
swe,sex_t,ocu_isco08_5,2020,46.59
swe,sex_t,ocu_isco08_5,2021,34.29
swe,sex_t,ocu_isco08_5,2022,32.184
swe,sex_t,ocu_isco08_5,2023,31.239
swe,sex_t,ocu_isco08_6,2011,12.157
swe,sex_t,ocu_isco08_6,2012,5.966
swe,sex_t,ocu_isco08_6,2013,7.62
swe,sex_t,ocu_isco08_6,2014,6.059
swe,sex_t,ocu_isco08_6,2015,9.215
swe,sex_t,ocu_isco08_6,2016,2.981
swe,sex_t,ocu_isco08_6,2017,7.74
swe,sex_t,ocu_isco08_6,2018,6.068
swe,sex_t,ocu_isco08_6,2019,8.353
swe,sex_t,ocu_isco08_6,2021,5.749
swe,sex_t,ocu_isco08_6,2022,4.161
swe,sex_t,ocu_isco08_6,2023,5.449
swe,sex_t,ocu_isco08_7,2011,11.448
swe,sex_t,ocu_isco08_7,2012,14.799
swe,sex_t,ocu_isco08_7,2013,11.064
swe,sex_t,ocu_isco08_7,2014,14.282
swe,sex_t,ocu_isco08_7,2015,16.24
swe,sex_t,ocu_isco08_7,2016,11.395
swe,sex_t,ocu_isco08_7,2017,13.03
swe,sex_t,ocu_isco08_7,2018,13.248
swe,sex_t,ocu_isco08_7,2019,16.206
swe,sex_t,ocu_isco08_7,2020,14.799
swe,sex_t,ocu_isco08_7,2021,10.583
swe,sex_t,ocu_isco08_7,2022,19.449
swe,sex_t,ocu_isco08_7,2023,11.988
swe,sex_t,ocu_isco08_8,2011,16.383
swe,sex_t,ocu_isco08_8,2012,9.936
swe,sex_t,ocu_isco08_8,2013,8.591
swe,sex_t,ocu_isco08_8,2014,13.273
swe,sex_t,ocu_isco08_8,2015,6.772
swe,sex_t,ocu_isco08_8,2016,5.237
swe,sex_t,ocu_isco08_8,2017,12.589
swe,sex_t,ocu_isco08_8,2018,6.576
swe,sex_t,ocu_isco08_8,2019,5.448
swe,sex_t,ocu_isco08_8,2020,8.811
swe,sex_t,ocu_isco08_8,2021,8.239
swe,sex_t,ocu_isco08_8,2022,7.637
swe,sex_t,ocu_isco08_8,2023,5.603
swe,sex_t,ocu_isco08_9,2011,13.774
swe,sex_t,ocu_isco08_9,2012,11.182
swe,sex_t,ocu_isco08_9,2013,8.855
swe,sex_t,ocu_isco08_9,2014,11.943
swe,sex_t,ocu_isco08_9,2015,30.386
swe,sex_t,ocu_isco08_9,2016,16.568
swe,sex_t,ocu_isco08_9,2017,17.625
swe,sex_t,ocu_isco08_9,2018,11.121
swe,sex_t,ocu_isco08_9,2019,10.383
swe,sex_t,ocu_isco08_9,2020,9.402
swe,sex_t,ocu_isco08_9,2021,6.675
swe,sex_t,ocu_isco08_9,2022,11.044
swe,sex_t,ocu_isco08_9,2023,11.583
swe,sex_t,ocu_isco08_total,2011,166.376
swe,sex_t,ocu_isco08_total,2012,141.914
swe,sex_t,ocu_isco08_total,2013,134.624
swe,sex_t,ocu_isco08_total,2014,139.501
swe,sex_t,ocu_isco08_total,2015,172.904
swe,sex_t,ocu_isco08_total,2016,144.378
swe,sex_t,ocu_isco08_total,2017,160.64
swe,sex_t,ocu_isco08_total,2018,127.541
swe,sex_t,ocu_isco08_total,2019,155.057
swe,sex_t,ocu_isco08_total,2020,131.197
swe,sex_t,ocu_isco08_total,2021,116.402
swe,sex_t,ocu_isco08_total,2022,152.338
swe,sex_t,ocu_isco08_total,2023,138.596
swe,sex_t,ocu_isco08_x,2011,6.734
swe,sex_t,ocu_isco08_x,2012,10.217
swe,sex_t,ocu_isco08_x,2013,8.704
swe,sex_t,ocu_isco08_x,2014,5.983
swe,sex_t,ocu_isco08_x,2015,8.625
swe,sex_t,ocu_isco08_x,2016,5.483
swe,sex_t,ocu_isco08_x,2017,4.545
swe,sex_t,ocu_isco08_x,2018,15.051
swe,sex_t,ocu_isco08_x,2019,3.471
swe,sex_t,ocu_isco08_x,2021,4.14
swe,sex_t,ocu_isco08_x,2022,22.59
swe,sex_t,ocu_isco08_x,2023,15.764
swe,sex_t,ocu_isco88_1,2007,4.264
swe,sex_t,ocu_isco88_1,2008,4.883
swe,sex_t,ocu_isco88_1,2009,5.55
swe,sex_t,ocu_isco88_1,2010,5.916
swe,sex_t,ocu_isco88_2,2007,17.395
swe,sex_t,ocu_isco88_2,2008,18.387
swe,sex_t,ocu_isco88_2,2009,23.427
swe,sex_t,ocu_isco88_2,2010,17.209
swe,sex_t,ocu_isco88_3,2007,16.477
swe,sex_t,ocu_isco88_3,2008,27.862
swe,sex_t,ocu_isco88_3,2009,15.814
swe,sex_t,ocu_isco88_3,2010,30.297
swe,sex_t,ocu_isco88_4,2007,11.469
swe,sex_t,ocu_isco88_4,2008,11.026
swe,sex_t,ocu_isco88_4,2009,8.785
swe,sex_t,ocu_isco88_4,2010,11.701
swe,sex_t,ocu_isco88_5,2007,29.342
swe,sex_t,ocu_isco88_5,2008,42.944
swe,sex_t,ocu_isco88_5,2009,27.369
swe,sex_t,ocu_isco88_5,2010,38.17
swe,sex_t,ocu_isco88_6,2007,6.299
swe,sex_t,ocu_isco88_6,2008,11.35
swe,sex_t,ocu_isco88_6,2009,11.069
swe,sex_t,ocu_isco88_6,2010,10.541
swe,sex_t,ocu_isco88_7,2007,14.8
swe,sex_t,ocu_isco88_7,2008,19.01
swe,sex_t,ocu_isco88_7,2009,18.022
swe,sex_t,ocu_isco88_7,2010,25.793
swe,sex_t,ocu_isco88_8,2007,14.923
swe,sex_t,ocu_isco88_8,2008,13.604
swe,sex_t,ocu_isco88_8,2009,9.944
swe,sex_t,ocu_isco88_8,2010,8.11
swe,sex_t,ocu_isco88_9,2007,14.351
swe,sex_t,ocu_isco88_9,2008,16.458
swe,sex_t,ocu_isco88_9,2009,12.296
swe,sex_t,ocu_isco88_9,2010,23.643
swe,sex_t,ocu_isco88_total,2007,148.372
swe,sex_t,ocu_isco88_total,2008,174.786
swe,sex_t,ocu_isco88_total,2009,144.202
swe,sex_t,ocu_isco88_total,2010,184.183
swe,sex_t,ocu_isco88_x,2007,19.054
swe,sex_t,ocu_isco88_x,2008,9.262
swe,sex_t,ocu_isco88_x,2009,11.927
swe,sex_t,ocu_isco88_x,2010,12.801
swe,sex_t,ocu_skill_l1,2007,14.351
swe,sex_t,ocu_skill_l1,2008,16.458
swe,sex_t,ocu_skill_l1,2009,12.296
swe,sex_t,ocu_skill_l1,2010,23.643
swe,sex_t,ocu_skill_l1,2011,13.774
swe,sex_t,ocu_skill_l1,2012,11.182
swe,sex_t,ocu_skill_l1,2013,8.855
swe,sex_t,ocu_skill_l1,2014,11.943
swe,sex_t,ocu_skill_l1,2015,30.386
swe,sex_t,ocu_skill_l1,2016,16.568
swe,sex_t,ocu_skill_l1,2017,17.625
swe,sex_t,ocu_skill_l1,2018,11.121
swe,sex_t,ocu_skill_l1,2019,10.383
swe,sex_t,ocu_skill_l1,2020,9.402
swe,sex_t,ocu_skill_l1,2021,6.675
swe,sex_t,ocu_skill_l1,2022,11.044
swe,sex_t,ocu_skill_l1,2023,11.583
swe,sex_t,ocu_skill_l2,2007,76.832
swe,sex_t,ocu_skill_l2,2008,97.934
swe,sex_t,ocu_skill_l2,2009,75.189
swe,sex_t,ocu_skill_l2,2010,94.315
swe,sex_t,ocu_skill_l2,2011,96.603
swe,sex_t,ocu_skill_l2,2012,87.435
swe,sex_t,ocu_skill_l2,2013,71.872
swe,sex_t,ocu_skill_l2,2014,77.12
swe,sex_t,ocu_skill_l2,2015,84.208
swe,sex_t,ocu_skill_l2,2016,64.142
swe,sex_t,ocu_skill_l2,2017,90.909
swe,sex_t,ocu_skill_l2,2018,67.812
swe,sex_t,ocu_skill_l2,2019,80.873
swe,sex_t,ocu_skill_l2,2020,81.859
swe,sex_t,ocu_skill_l2,2021,62.535
swe,sex_t,ocu_skill_l2,2022,70.466
swe,sex_t,ocu_skill_l2,2023,61.9
swe,sex_t,ocu_skill_l3_4,2007,38.136
swe,sex_t,ocu_skill_l3_4,2008,51.132
swe,sex_t,ocu_skill_l3_4,2009,44.79
swe,sex_t,ocu_skill_l3_4,2010,53.423
swe,sex_t,ocu_skill_l3_4,2011,49.265
swe,sex_t,ocu_skill_l3_4,2012,33.079
swe,sex_t,ocu_skill_l3_4,2013,45.193
swe,sex_t,ocu_skill_l3_4,2014,44.455
swe,sex_t,ocu_skill_l3_4,2015,49.685
swe,sex_t,ocu_skill_l3_4,2016,58.185
swe,sex_t,ocu_skill_l3_4,2017,47.56
swe,sex_t,ocu_skill_l3_4,2018,33.557
swe,sex_t,ocu_skill_l3_4,2019,60.33
swe,sex_t,ocu_skill_l3_4,2020,38.032
swe,sex_t,ocu_skill_l3_4,2021,43.052
swe,sex_t,ocu_skill_l3_4,2022,48.238
swe,sex_t,ocu_skill_l3_4,2023,49.35
swe,sex_t,ocu_skill_total,2007,148.372
swe,sex_t,ocu_skill_total,2008,174.786
swe,sex_t,ocu_skill_total,2009,144.202
swe,sex_t,ocu_skill_total,2010,184.183
swe,sex_t,ocu_skill_total,2011,166.376
swe,sex_t,ocu_skill_total,2012,141.914
swe,sex_t,ocu_skill_total,2013,134.624
swe,sex_t,ocu_skill_total,2014,139.501
swe,sex_t,ocu_skill_total,2015,172.904
swe,sex_t,ocu_skill_total,2016,144.378
swe,sex_t,ocu_skill_total,2017,160.64
swe,sex_t,ocu_skill_total,2018,127.541
swe,sex_t,ocu_skill_total,2019,155.057
swe,sex_t,ocu_skill_total,2020,131.197
swe,sex_t,ocu_skill_total,2021,116.402
swe,sex_t,ocu_skill_total,2022,152.338
swe,sex_t,ocu_skill_total,2023,138.596
swe,sex_t,ocu_skill_x,2007,19.054
swe,sex_t,ocu_skill_x,2008,9.262
swe,sex_t,ocu_skill_x,2009,11.927
swe,sex_t,ocu_skill_x,2010,12.801
swe,sex_t,ocu_skill_x,2011,6.734
swe,sex_t,ocu_skill_x,2012,10.217
swe,sex_t,ocu_skill_x,2013,8.704
swe,sex_t,ocu_skill_x,2014,5.983
swe,sex_t,ocu_skill_x,2015,8.625
swe,sex_t,ocu_skill_x,2016,5.483
swe,sex_t,ocu_skill_x,2017,4.545
swe,sex_t,ocu_skill_x,2018,15.051
swe,sex_t,ocu_skill_x,2019,3.471
swe,sex_t,ocu_skill_x,2021,4.14
swe,sex_t,ocu_skill_x,2022,22.59
swe,sex_t,ocu_skill_x,2023,15.764
swz,sex_f,ocu_isco08_1,2021,0.813
swz,sex_f,ocu_isco08_2,2016,4.853
swz,sex_f,ocu_isco08_2,2021,2.277
swz,sex_f,ocu_isco08_2,2023,1.579
swz,sex_f,ocu_isco08_3,2016,3.366
swz,sex_f,ocu_isco08_3,2021,1.353
swz,sex_f,ocu_isco08_3,2023,2.112
swz,sex_f,ocu_isco08_4,2016,1.655
swz,sex_f,ocu_isco08_4,2021,1.028
swz,sex_f,ocu_isco08_4,2023,1.785
swz,sex_f,ocu_isco08_5,2016,32.355
swz,sex_f,ocu_isco08_5,2021,28.297
swz,sex_f,ocu_isco08_5,2023,25.502
swz,sex_f,ocu_isco08_6,2016,7.123
swz,sex_f,ocu_isco08_6,2021,14.124
swz,sex_f,ocu_isco08_6,2023,5.926
swz,sex_f,ocu_isco08_7,2016,13.316
swz,sex_f,ocu_isco08_7,2021,4.258
swz,sex_f,ocu_isco08_7,2023,4.233
swz,sex_f,ocu_isco08_8,2016,4.688
swz,sex_f,ocu_isco08_8,2021,1.919
swz,sex_f,ocu_isco08_8,2023,1.513
swz,sex_f,ocu_isco08_9,2016,19.23
swz,sex_f,ocu_isco08_9,2021,19.469
swz,sex_f,ocu_isco08_9,2023,17.061
swz,sex_f,ocu_isco08_total,2016,89.69
swz,sex_f,ocu_isco08_total,2021,74.48
swz,sex_f,ocu_isco08_total,2023,62.505
swz,sex_f,ocu_isco08_x,2016,2.924
swz,sex_f,ocu_isco08_x,2021,0.944
swz,sex_f,ocu_isco08_x,2023,2.402
swz,sex_f,ocu_skill_l1,2016,19.23
swz,sex_f,ocu_skill_l1,2021,19.469
swz,sex_f,ocu_skill_l1,2023,17.061
swz,sex_f,ocu_skill_l2,2016,59.137
swz,sex_f,ocu_skill_l2,2021,49.625
swz,sex_f,ocu_skill_l2,2023,38.959
swz,sex_f,ocu_skill_l3_4,2016,8.399
swz,sex_f,ocu_skill_l3_4,2021,4.442
swz,sex_f,ocu_skill_l3_4,2023,4.084
swz,sex_f,ocu_skill_total,2016,89.69
swz,sex_f,ocu_skill_total,2021,74.48
swz,sex_f,ocu_skill_total,2023,62.505
swz,sex_f,ocu_skill_x,2016,2.924
swz,sex_f,ocu_skill_x,2021,0.944
swz,sex_f,ocu_skill_x,2023,2.402
swz,sex_m,ocu_isco08_1,2016,0.792
swz,sex_m,ocu_isco08_1,2021,0.656
swz,sex_m,ocu_isco08_1,2023,0.939
swz,sex_m,ocu_isco08_2,2016,5.197
swz,sex_m,ocu_isco08_2,2021,1.992
swz,sex_m,ocu_isco08_2,2023,2.664
swz,sex_m,ocu_isco08_3,2016,2.159
swz,sex_m,ocu_isco08_3,2021,1.515
swz,sex_m,ocu_isco08_3,2023,2.43
swz,sex_m,ocu_isco08_4,2016,2.283
swz,sex_m,ocu_isco08_4,2021,0.584
swz,sex_m,ocu_isco08_4,2023,0.648
swz,sex_m,ocu_isco08_5,2016,16.257
swz,sex_m,ocu_isco08_5,2021,9.239
swz,sex_m,ocu_isco08_5,2023,10.869
swz,sex_m,ocu_isco08_6,2016,8.519
swz,sex_m,ocu_isco08_6,2021,13.03
swz,sex_m,ocu_isco08_6,2023,7.727
swz,sex_m,ocu_isco08_7,2016,19.861
swz,sex_m,ocu_isco08_7,2021,12.214
swz,sex_m,ocu_isco08_7,2023,10.989
swz,sex_m,ocu_isco08_8,2016,8.305
swz,sex_m,ocu_isco08_8,2021,5.154
swz,sex_m,ocu_isco08_8,2023,7.454
swz,sex_m,ocu_isco08_9,2016,14.87
swz,sex_m,ocu_isco08_9,2021,13.449
swz,sex_m,ocu_isco08_9,2023,10.756
swz,sex_m,ocu_isco08_total,2016,81.969
swz,sex_m,ocu_isco08_total,2021,58.803
swz,sex_m,ocu_isco08_total,2023,57.06
swz,sex_m,ocu_isco08_x,2016,3.725
swz,sex_m,ocu_isco08_x,2021,0.971
swz,sex_m,ocu_isco08_x,2023,2.519
swz,sex_m,ocu_skill_l1,2016,14.87
swz,sex_m,ocu_skill_l1,2021,13.449
swz,sex_m,ocu_skill_l1,2023,10.756
swz,sex_m,ocu_skill_l2,2016,55.225
swz,sex_m,ocu_skill_l2,2021,40.22
swz,sex_m,ocu_skill_l2,2023,37.687
swz,sex_m,ocu_skill_l3_4,2016,8.148
swz,sex_m,ocu_skill_l3_4,2021,4.163
swz,sex_m,ocu_skill_l3_4,2023,6.032
swz,sex_m,ocu_skill_total,2016,81.969
swz,sex_m,ocu_skill_total,2021,58.803
swz,sex_m,ocu_skill_total,2023,57.06
swz,sex_m,ocu_skill_x,2016,3.725
swz,sex_m,ocu_skill_x,2021,0.971
swz,sex_m,ocu_skill_x,2023,2.586
swz,sex_t,ocu_isco08_1,2016,0.972
swz,sex_t,ocu_isco08_1,2021,1.469
swz,sex_t,ocu_isco08_1,2023,1.332
swz,sex_t,ocu_isco08_2,2016,10.05
swz,sex_t,ocu_isco08_2,2021,4.269
swz,sex_t,ocu_isco08_2,2023,4.242
swz,sex_t,ocu_isco08_3,2016,5.525
swz,sex_t,ocu_isco08_3,2021,2.868
swz,sex_t,ocu_isco08_3,2023,4.542
swz,sex_t,ocu_isco08_4,2016,3.938
swz,sex_t,ocu_isco08_4,2021,1.611
swz,sex_t,ocu_isco08_4,2023,2.432
swz,sex_t,ocu_isco08_5,2016,48.613
swz,sex_t,ocu_isco08_5,2021,37.535
swz,sex_t,ocu_isco08_5,2023,36.371
swz,sex_t,ocu_isco08_6,2016,15.642
swz,sex_t,ocu_isco08_6,2021,27.154
swz,sex_t,ocu_isco08_6,2023,13.653
swz,sex_t,ocu_isco08_7,2016,33.177
swz,sex_t,ocu_isco08_7,2021,16.472
swz,sex_t,ocu_isco08_7,2023,15.222
swz,sex_t,ocu_isco08_8,2016,12.993
swz,sex_t,ocu_isco08_8,2021,7.074
swz,sex_t,ocu_isco08_8,2023,8.966
swz,sex_t,ocu_isco08_9,2016,34.1
swz,sex_t,ocu_isco08_9,2021,32.918
swz,sex_t,ocu_isco08_9,2023,27.816
swz,sex_t,ocu_isco08_total,2016,171.659
swz,sex_t,ocu_isco08_total,2021,133.283
swz,sex_t,ocu_isco08_total,2023,119.566
swz,sex_t,ocu_isco08_x,2016,6.65
swz,sex_t,ocu_isco08_x,2021,1.914
swz,sex_t,ocu_isco08_x,2023,4.921
swz,sex_t,ocu_skill_l1,2016,34.1
swz,sex_t,ocu_skill_l1,2021,32.918
swz,sex_t,ocu_skill_l1,2023,27.816
swz,sex_t,ocu_skill_l2,2016,114.362
swz,sex_t,ocu_skill_l2,2021,89.846
swz,sex_t,ocu_skill_l2,2023,76.646
swz,sex_t,ocu_skill_l3_4,2016,16.547
swz,sex_t,ocu_skill_l3_4,2021,8.605
swz,sex_t,ocu_skill_l3_4,2023,10.116
swz,sex_t,ocu_skill_total,2016,171.659
swz,sex_t,ocu_skill_total,2021,133.283
swz,sex_t,ocu_skill_total,2023,119.566
swz,sex_t,ocu_skill_x,2016,6.65
swz,sex_t,ocu_skill_x,2021,1.914
swz,sex_t,ocu_skill_x,2023,4.988
syc,sex_f,ocu_isco08_1,2019,0.081
syc,sex_f,ocu_isco08_1,2023,0.108
syc,sex_f,ocu_isco08_2,2019,0.181
syc,sex_f,ocu_isco08_2,2020,0.318
syc,sex_f,ocu_isco08_2,2023,0.315
syc,sex_f,ocu_isco08_3,2019,0.069
syc,sex_f,ocu_isco08_3,2020,0.057
syc,sex_f,ocu_isco08_3,2023,0.147
syc,sex_f,ocu_isco08_4,2019,0.132
syc,sex_f,ocu_isco08_4,2020,0.153
syc,sex_f,ocu_isco08_4,2023,0.149
syc,sex_f,ocu_isco08_5,2019,0.885
syc,sex_f,ocu_isco08_5,2020,0.702
syc,sex_f,ocu_isco08_5,2023,0.691
syc,sex_f,ocu_isco08_6,2019,0.063
syc,sex_f,ocu_isco08_6,2023,0.047
syc,sex_f,ocu_isco08_7,2019,0.134
syc,sex_f,ocu_isco08_7,2020,0.157
syc,sex_f,ocu_isco08_7,2023,0.089
syc,sex_f,ocu_isco08_9,2019,0.472
syc,sex_f,ocu_isco08_9,2020,0.427
syc,sex_f,ocu_isco08_9,2023,0.499
syc,sex_f,ocu_isco08_total,2019,2.179
syc,sex_f,ocu_isco08_total,2020,2.241
syc,sex_f,ocu_isco08_total,2023,2.138
syc,sex_f,ocu_isco08_x,2019,0.131
syc,sex_f,ocu_isco08_x,2020,0.271
syc,sex_f,ocu_isco08_x,2023,0.059
syc,sex_f,ocu_skill_l1,2019,0.472
syc,sex_f,ocu_skill_l1,2020,0.427
syc,sex_f,ocu_skill_l1,2023,0.499
syc,sex_f,ocu_skill_l2,2019,1.244
syc,sex_f,ocu_skill_l2,2020,1.146
syc,sex_f,ocu_skill_l2,2023,1.01
syc,sex_f,ocu_skill_l3_4,2019,0.332
syc,sex_f,ocu_skill_l3_4,2020,0.398
syc,sex_f,ocu_skill_l3_4,2023,0.57
syc,sex_f,ocu_skill_total,2019,2.179
syc,sex_f,ocu_skill_total,2020,2.241
syc,sex_f,ocu_skill_total,2023,2.138
syc,sex_f,ocu_skill_x,2019,0.131
syc,sex_f,ocu_skill_x,2020,0.271
syc,sex_f,ocu_skill_x,2023,0.059
syc,sex_m,ocu_isco08_1,2019,0.19
syc,sex_m,ocu_isco08_1,2020,0.288
syc,sex_m,ocu_isco08_1,2023,0.435
syc,sex_m,ocu_isco08_2,2019,0.389
syc,sex_m,ocu_isco08_2,2020,0.451
syc,sex_m,ocu_isco08_2,2023,0.559
syc,sex_m,ocu_isco08_3,2019,0.203
syc,sex_m,ocu_isco08_3,2020,0.234
syc,sex_m,ocu_isco08_3,2023,0.334
syc,sex_m,ocu_isco08_4,2019,0.076
syc,sex_m,ocu_isco08_4,2020,0.091
syc,sex_m,ocu_isco08_4,2023,0.075
syc,sex_m,ocu_isco08_5,2019,0.532
syc,sex_m,ocu_isco08_5,2020,0.563
syc,sex_m,ocu_isco08_5,2023,0.53
syc,sex_m,ocu_isco08_6,2019,0.825
syc,sex_m,ocu_isco08_6,2020,1.028
syc,sex_m,ocu_isco08_6,2023,0.721
syc,sex_m,ocu_isco08_7,2019,1.292
syc,sex_m,ocu_isco08_7,2020,1.403
syc,sex_m,ocu_isco08_7,2023,1.402
syc,sex_m,ocu_isco08_8,2019,0.738
syc,sex_m,ocu_isco08_8,2020,0.608
syc,sex_m,ocu_isco08_8,2023,0.763
syc,sex_m,ocu_isco08_9,2019,0.792
syc,sex_m,ocu_isco08_9,2020,0.959
syc,sex_m,ocu_isco08_9,2023,1.128
syc,sex_m,ocu_isco08_total,2019,5.125
syc,sex_m,ocu_isco08_total,2020,5.993
syc,sex_m,ocu_isco08_total,2023,6.257
syc,sex_m,ocu_isco08_x,2019,0.084
syc,sex_m,ocu_isco08_x,2020,0.369
syc,sex_m,ocu_isco08_x,2023,0.311
syc,sex_m,ocu_skill_l1,2019,0.792
syc,sex_m,ocu_skill_l1,2020,0.959
syc,sex_m,ocu_skill_l1,2023,1.128
syc,sex_m,ocu_skill_l2,2019,3.462
syc,sex_m,ocu_skill_l2,2020,3.693
syc,sex_m,ocu_skill_l2,2023,3.489
syc,sex_m,ocu_skill_l3_4,2019,0.781
syc,sex_m,ocu_skill_l3_4,2020,0.973
syc,sex_m,ocu_skill_l3_4,2023,1.328
syc,sex_m,ocu_skill_total,2019,5.125
syc,sex_m,ocu_skill_total,2020,5.993
syc,sex_m,ocu_skill_total,2023,6.257
syc,sex_m,ocu_skill_x,2019,0.089
syc,sex_m,ocu_skill_x,2020,0.369
syc,sex_m,ocu_skill_x,2023,0.311
syc,sex_t,ocu_isco08_1,2019,0.271
syc,sex_t,ocu_isco08_1,2020,0.311
syc,sex_t,ocu_isco08_1,2023,0.543
syc,sex_t,ocu_isco08_2,2019,0.57
syc,sex_t,ocu_isco08_2,2020,0.769
syc,sex_t,ocu_isco08_2,2023,0.874
syc,sex_t,ocu_isco08_3,2019,0.272
syc,sex_t,ocu_isco08_3,2020,0.29
syc,sex_t,ocu_isco08_3,2023,0.481
syc,sex_t,ocu_isco08_4,2019,0.208
syc,sex_t,ocu_isco08_4,2020,0.244
syc,sex_t,ocu_isco08_4,2023,0.224
syc,sex_t,ocu_isco08_5,2019,1.417
syc,sex_t,ocu_isco08_5,2020,1.265
syc,sex_t,ocu_isco08_5,2023,1.221
syc,sex_t,ocu_isco08_6,2019,0.888
syc,sex_t,ocu_isco08_6,2020,1.125
syc,sex_t,ocu_isco08_6,2023,0.768
syc,sex_t,ocu_isco08_7,2019,1.426
syc,sex_t,ocu_isco08_7,2020,1.56
syc,sex_t,ocu_isco08_7,2023,1.491
syc,sex_t,ocu_isco08_8,2019,0.767
syc,sex_t,ocu_isco08_8,2020,0.645
syc,sex_t,ocu_isco08_8,2023,0.797
syc,sex_t,ocu_isco08_9,2019,1.264
syc,sex_t,ocu_isco08_9,2020,1.385
syc,sex_t,ocu_isco08_9,2023,1.627
syc,sex_t,ocu_isco08_total,2019,7.304
syc,sex_t,ocu_isco08_total,2020,8.234
syc,sex_t,ocu_isco08_total,2023,8.395
syc,sex_t,ocu_isco08_x,2019,0.215
syc,sex_t,ocu_isco08_x,2020,0.64
syc,sex_t,ocu_isco08_x,2023,0.371
syc,sex_t,ocu_skill_l1,2019,1.264
syc,sex_t,ocu_skill_l1,2020,1.385
syc,sex_t,ocu_skill_l1,2023,1.627
syc,sex_t,ocu_skill_l2,2019,4.706
syc,sex_t,ocu_skill_l2,2020,4.839
syc,sex_t,ocu_skill_l2,2023,4.5
syc,sex_t,ocu_skill_l3_4,2019,1.113
syc,sex_t,ocu_skill_l3_4,2020,1.37
syc,sex_t,ocu_skill_l3_4,2023,1.897
syc,sex_t,ocu_skill_total,2019,7.304
syc,sex_t,ocu_skill_total,2020,8.234
syc,sex_t,ocu_skill_total,2023,8.395
syc,sex_t,ocu_skill_x,2019,0.22
syc,sex_t,ocu_skill_x,2020,0.64
syc,sex_t,ocu_skill_x,2023,0.371
tcd,sex_f,ocu_isco08_2,2018,8.842
tcd,sex_f,ocu_isco08_3,2018,2.855
tcd,sex_f,ocu_isco08_4,2018,7.273
tcd,sex_f,ocu_isco08_5,2018,305.3
tcd,sex_f,ocu_isco08_6,2018,1373.723
tcd,sex_f,ocu_isco08_7,2018,172.946
tcd,sex_f,ocu_isco08_9,2018,15.214
tcd,sex_f,ocu_isco08_total,2018,1911.708
tcd,sex_f,ocu_isco08_x,2018,24.583
tcd,sex_f,ocu_skill_l1,2018,15.214
tcd,sex_f,ocu_skill_l2,2018,1859.522
tcd,sex_f,ocu_skill_l3_4,2018,12.038
tcd,sex_f,ocu_skill_total,2018,1911.708
tcd,sex_f,ocu_skill_x,2018,24.933
tcd,sex_m,ocu_isco08_0,2018,6.855
tcd,sex_m,ocu_isco08_1,2018,4.105
tcd,sex_m,ocu_isco08_2,2018,42.453
tcd,sex_m,ocu_isco08_3,2018,10.347
tcd,sex_m,ocu_isco08_4,2018,20.415
tcd,sex_m,ocu_isco08_5,2018,251.282
tcd,sex_m,ocu_isco08_6,2018,1640.752
tcd,sex_m,ocu_isco08_7,2018,139.811
tcd,sex_m,ocu_isco08_8,2018,33.78
tcd,sex_m,ocu_isco08_9,2018,64.763
tcd,sex_m,ocu_isco08_total,2018,2253.003
tcd,sex_m,ocu_isco08_x,2018,38.44
tcd,sex_m,ocu_skill_l1,2018,64.763
tcd,sex_m,ocu_skill_l2,2018,2086.039
tcd,sex_m,ocu_skill_l3_4,2018,56.905
tcd,sex_m,ocu_skill_total,2018,2253.003
tcd,sex_m,ocu_skill_x,2018,45.296
tcd,sex_t,ocu_isco08_0,2018,7.205
tcd,sex_t,ocu_isco08_1,2018,4.446
tcd,sex_t,ocu_isco08_2,2018,51.295
tcd,sex_t,ocu_isco08_3,2018,13.202
tcd,sex_t,ocu_isco08_4,2018,27.689
tcd,sex_t,ocu_isco08_5,2018,556.582
tcd,sex_t,ocu_isco08_6,2018,3014.474
tcd,sex_t,ocu_isco08_7,2018,312.757
tcd,sex_t,ocu_isco08_8,2018,34.06
tcd,sex_t,ocu_isco08_9,2018,79.977
tcd,sex_t,ocu_isco08_total,2018,4164.711
tcd,sex_t,ocu_isco08_x,2018,63.024
tcd,sex_t,ocu_skill_l1,2018,79.977
tcd,sex_t,ocu_skill_l2,2018,3945.562
tcd,sex_t,ocu_skill_l3_4,2018,68.943
tcd,sex_t,ocu_skill_total,2018,4164.711
tcd,sex_t,ocu_skill_x,2018,70.229
tgo,sex_f,ocu_isco08_1,2017,51.339
tgo,sex_f,ocu_isco08_1,2022,4.377
tgo,sex_f,ocu_isco08_2,2017,10.344
tgo,sex_f,ocu_isco08_2,2022,22.104
tgo,sex_f,ocu_isco08_3,2017,16.22
tgo,sex_f,ocu_isco08_3,2022,12.579
tgo,sex_f,ocu_isco08_4,2017,4.267
tgo,sex_f,ocu_isco08_4,2022,10.479
tgo,sex_f,ocu_isco08_5,2017,452.485
tgo,sex_f,ocu_isco08_5,2022,765.438
tgo,sex_f,ocu_isco08_6,2017,312.572
tgo,sex_f,ocu_isco08_6,2022,637.804
tgo,sex_f,ocu_isco08_7,2017,120.13
tgo,sex_f,ocu_isco08_7,2022,158.666
tgo,sex_f,ocu_isco08_8,2017,2.124
tgo,sex_f,ocu_isco08_9,2017,93.022
tgo,sex_f,ocu_isco08_9,2022,57.176
tgo,sex_f,ocu_isco08_total,2017,1062.503
tgo,sex_f,ocu_isco08_total,2022,1669.192
tgo,sex_f,ocu_skill_l1,2017,93.022
tgo,sex_f,ocu_skill_l1,2022,57.176
tgo,sex_f,ocu_skill_l2,2017,891.578
tgo,sex_f,ocu_skill_l2,2022,1572.71
tgo,sex_f,ocu_skill_l3_4,2017,77.902
tgo,sex_f,ocu_skill_l3_4,2022,39.06
tgo,sex_f,ocu_skill_total,2017,1062.503
tgo,sex_f,ocu_skill_total,2022,1669.192
tgo,sex_m,ocu_isco08_0,2022,2.383
tgo,sex_m,ocu_isco08_1,2017,14.039
tgo,sex_m,ocu_isco08_1,2022,12.501
tgo,sex_m,ocu_isco08_2,2017,42.536
tgo,sex_m,ocu_isco08_2,2022,70.09
tgo,sex_m,ocu_isco08_3,2017,42.214
tgo,sex_m,ocu_isco08_3,2022,32.369
tgo,sex_m,ocu_isco08_4,2017,6.979
tgo,sex_m,ocu_isco08_4,2022,16.003
tgo,sex_m,ocu_isco08_5,2017,86.501
tgo,sex_m,ocu_isco08_5,2022,178.331
tgo,sex_m,ocu_isco08_6,2017,376.545
tgo,sex_m,ocu_isco08_6,2022,680.664
tgo,sex_m,ocu_isco08_7,2017,151.503
tgo,sex_m,ocu_isco08_7,2022,264.256
tgo,sex_m,ocu_isco08_8,2017,74.081
tgo,sex_m,ocu_isco08_8,2022,102.602
tgo,sex_m,ocu_isco08_9,2017,47.581
tgo,sex_m,ocu_isco08_9,2022,77.209
tgo,sex_m,ocu_isco08_total,2017,842.501
tgo,sex_m,ocu_isco08_total,2022,1437.407
tgo,sex_m,ocu_skill_l1,2017,47.581
tgo,sex_m,ocu_skill_l1,2022,77.209
tgo,sex_m,ocu_skill_l2,2017,695.609
tgo,sex_m,ocu_skill_l2,2022,1241.856
tgo,sex_m,ocu_skill_l3_4,2017,98.789
tgo,sex_m,ocu_skill_l3_4,2022,114.961
tgo,sex_m,ocu_skill_total,2017,842.501
tgo,sex_m,ocu_skill_total,2022,1437.407
tgo,sex_m,ocu_skill_x,2022,3.381
tgo,sex_t,ocu_isco08_0,2022,2.383
tgo,sex_t,ocu_isco08_1,2017,65.377
tgo,sex_t,ocu_isco08_1,2022,16.878
tgo,sex_t,ocu_isco08_2,2017,52.879
tgo,sex_t,ocu_isco08_2,2022,92.195
tgo,sex_t,ocu_isco08_3,2017,58.435
tgo,sex_t,ocu_isco08_3,2022,44.948
tgo,sex_t,ocu_isco08_4,2017,11.246
tgo,sex_t,ocu_isco08_4,2022,26.482
tgo,sex_t,ocu_isco08_5,2017,538.986
tgo,sex_t,ocu_isco08_5,2022,943.768
tgo,sex_t,ocu_isco08_6,2017,689.117
tgo,sex_t,ocu_isco08_6,2022,1318.468
tgo,sex_t,ocu_isco08_7,2017,271.633
tgo,sex_t,ocu_isco08_7,2022,422.922
tgo,sex_t,ocu_isco08_8,2017,76.205
tgo,sex_t,ocu_isco08_8,2022,102.924
tgo,sex_t,ocu_isco08_9,2017,140.603
tgo,sex_t,ocu_isco08_9,2022,134.385
tgo,sex_t,ocu_isco08_total,2017,1905.004
tgo,sex_t,ocu_isco08_total,2022,3106.599
tgo,sex_t,ocu_skill_l1,2017,140.603
tgo,sex_t,ocu_skill_l1,2022,134.385
tgo,sex_t,ocu_skill_l2,2017,1587.187
tgo,sex_t,ocu_skill_l2,2022,2814.566
tgo,sex_t,ocu_skill_l3_4,2017,176.691
tgo,sex_t,ocu_skill_l3_4,2022,154.02
tgo,sex_t,ocu_skill_total,2017,1905.004
tgo,sex_t,ocu_skill_total,2022,3106.599
tgo,sex_t,ocu_skill_x,2022,3.627
tha,sex_f,ocu_isco08_0,2022,0
tha,sex_f,ocu_isco08_0,2023,0.001
tha,sex_f,ocu_isco08_0,2024,2.329
tha,sex_f,ocu_isco08_1,2014,272.023
tha,sex_f,ocu_isco08_1,2015,262.554
tha,sex_f,ocu_isco08_1,2016,236.632
tha,sex_f,ocu_isco08_1,2017,158.804
tha,sex_f,ocu_isco08_1,2018,167.877
tha,sex_f,ocu_isco08_1,2020,174.756
tha,sex_f,ocu_isco08_1,2021,0.016
tha,sex_f,ocu_isco08_1,2022,0.019
tha,sex_f,ocu_isco08_1,2023,0.016
tha,sex_f,ocu_isco08_1,2024,179.818
tha,sex_f,ocu_isco08_2,2014,798.819
tha,sex_f,ocu_isco08_2,2015,838.357
tha,sex_f,ocu_isco08_2,2016,809.042
tha,sex_f,ocu_isco08_2,2017,792.118
tha,sex_f,ocu_isco08_2,2018,755.196
tha,sex_f,ocu_isco08_2,2020,765.889
tha,sex_f,ocu_isco08_2,2021,0.076
tha,sex_f,ocu_isco08_2,2022,0.089
tha,sex_f,ocu_isco08_2,2023,0.08
tha,sex_f,ocu_isco08_2,2024,792.396
tha,sex_f,ocu_isco08_3,2014,321.447
tha,sex_f,ocu_isco08_3,2015,314.615
tha,sex_f,ocu_isco08_3,2016,306.79
tha,sex_f,ocu_isco08_3,2017,247.708
tha,sex_f,ocu_isco08_3,2018,245.947
tha,sex_f,ocu_isco08_3,2020,237.606
tha,sex_f,ocu_isco08_3,2021,0.023
tha,sex_f,ocu_isco08_3,2022,0.024
tha,sex_f,ocu_isco08_3,2023,0.022
tha,sex_f,ocu_isco08_3,2024,244.202
tha,sex_f,ocu_isco08_4,2014,326.866
tha,sex_f,ocu_isco08_4,2015,306.879
tha,sex_f,ocu_isco08_4,2016,339.68
tha,sex_f,ocu_isco08_4,2017,311.454
tha,sex_f,ocu_isco08_4,2018,325.894
tha,sex_f,ocu_isco08_4,2020,298.586
tha,sex_f,ocu_isco08_4,2021,0.033
tha,sex_f,ocu_isco08_4,2022,0.036
tha,sex_f,ocu_isco08_4,2023,0.036
tha,sex_f,ocu_isco08_4,2024,345.219
tha,sex_f,ocu_isco08_5,2014,3550.526
tha,sex_f,ocu_isco08_5,2015,3498.825
tha,sex_f,ocu_isco08_5,2016,3695.356
tha,sex_f,ocu_isco08_5,2017,2996.931
tha,sex_f,ocu_isco08_5,2018,2995.302
tha,sex_f,ocu_isco08_5,2020,2955.411
tha,sex_f,ocu_isco08_5,2021,0.286
tha,sex_f,ocu_isco08_5,2022,0.332
tha,sex_f,ocu_isco08_5,2023,0.322
tha,sex_f,ocu_isco08_5,2024,3386.979
tha,sex_f,ocu_isco08_6,2014,5345.576
tha,sex_f,ocu_isco08_6,2015,5205.487
tha,sex_f,ocu_isco08_6,2016,5005.806
tha,sex_f,ocu_isco08_6,2017,4742.648
tha,sex_f,ocu_isco08_6,2018,4704.707
tha,sex_f,ocu_isco08_6,2020,4535.292
tha,sex_f,ocu_isco08_6,2021,0.464
tha,sex_f,ocu_isco08_6,2022,0.458
tha,sex_f,ocu_isco08_6,2023,0.466
tha,sex_f,ocu_isco08_6,2024,4358.958
tha,sex_f,ocu_isco08_7,2014,856.836
tha,sex_f,ocu_isco08_7,2015,791.494
tha,sex_f,ocu_isco08_7,2016,876.198
tha,sex_f,ocu_isco08_7,2017,740.034
tha,sex_f,ocu_isco08_7,2018,755.657
tha,sex_f,ocu_isco08_7,2020,720.989
tha,sex_f,ocu_isco08_7,2021,0.068
tha,sex_f,ocu_isco08_7,2022,0.067
tha,sex_f,ocu_isco08_7,2023,0.071
tha,sex_f,ocu_isco08_7,2024,680.094
tha,sex_f,ocu_isco08_8,2014,300.999
tha,sex_f,ocu_isco08_8,2015,315.58
tha,sex_f,ocu_isco08_8,2016,341.678
tha,sex_f,ocu_isco08_8,2017,256.666
tha,sex_f,ocu_isco08_8,2018,251.104
tha,sex_f,ocu_isco08_8,2020,196.519
tha,sex_f,ocu_isco08_8,2021,0.019
tha,sex_f,ocu_isco08_8,2022,0.02
tha,sex_f,ocu_isco08_8,2023,0.016
tha,sex_f,ocu_isco08_8,2024,202.146
tha,sex_f,ocu_isco08_9,2014,1328.057
tha,sex_f,ocu_isco08_9,2015,1368.359
tha,sex_f,ocu_isco08_9,2016,1346.362
tha,sex_f,ocu_isco08_9,2017,1235.697
tha,sex_f,ocu_isco08_9,2018,1221.118
tha,sex_f,ocu_isco08_9,2020,1251.91
tha,sex_f,ocu_isco08_9,2021,0.116
tha,sex_f,ocu_isco08_9,2022,0.117
tha,sex_f,ocu_isco08_9,2023,0.127
tha,sex_f,ocu_isco08_9,2024,1382.462
tha,sex_f,ocu_isco08_total,2014,13105.201
tha,sex_f,ocu_isco08_total,2015,12910.003
tha,sex_f,ocu_isco08_total,2016,12967.736
tha,sex_f,ocu_isco08_total,2017,11488.224
tha,sex_f,ocu_isco08_total,2018,11428.355
tha,sex_f,ocu_isco08_total,2020,11141.415
tha,sex_f,ocu_isco08_total,2021,1.102
tha,sex_f,ocu_isco08_total,2022,1.162
tha,sex_f,ocu_isco08_total,2023,1.157
tha,sex_f,ocu_isco08_total,2024,11601.274
tha,sex_f,ocu_isco08_x,2014,4.051
tha,sex_f,ocu_isco08_x,2015,7.855
tha,sex_f,ocu_isco08_x,2016,10.192
tha,sex_f,ocu_isco08_x,2017,6.164
tha,sex_f,ocu_isco08_x,2018,5.554
tha,sex_f,ocu_isco08_x,2021,0.001
tha,sex_f,ocu_isco08_x,2022,0.001
tha,sex_f,ocu_isco08_x,2023,0.001
tha,sex_f,ocu_isco08_x,2024,26.671
tha,sex_f,ocu_skill_l1,2014,1328.057
tha,sex_f,ocu_skill_l1,2015,1368.359
tha,sex_f,ocu_skill_l1,2016,1346.362
tha,sex_f,ocu_skill_l1,2017,1235.697
tha,sex_f,ocu_skill_l1,2018,1221.118
tha,sex_f,ocu_skill_l1,2020,1251.91
tha,sex_f,ocu_skill_l1,2021,0.116
tha,sex_f,ocu_skill_l1,2022,0.117
tha,sex_f,ocu_skill_l1,2023,0.127
tha,sex_f,ocu_skill_l1,2024,1382.462
tha,sex_f,ocu_skill_l2,2014,10380.804
tha,sex_f,ocu_skill_l2,2015,10118.264
tha,sex_f,ocu_skill_l2,2016,10258.718
tha,sex_f,ocu_skill_l2,2017,9047.732
tha,sex_f,ocu_skill_l2,2018,9032.663
tha,sex_f,ocu_skill_l2,2020,8706.796
tha,sex_f,ocu_skill_l2,2021,0.87
tha,sex_f,ocu_skill_l2,2022,0.913
tha,sex_f,ocu_skill_l2,2023,0.91
tha,sex_f,ocu_skill_l2,2024,8973.397
tha,sex_f,ocu_skill_l3_4,2014,1392.289
tha,sex_f,ocu_skill_l3_4,2015,1415.526
tha,sex_f,ocu_skill_l3_4,2016,1352.464
tha,sex_f,ocu_skill_l3_4,2017,1198.631
tha,sex_f,ocu_skill_l3_4,2018,1169.02
tha,sex_f,ocu_skill_l3_4,2020,1178.251
tha,sex_f,ocu_skill_l3_4,2021,0.116
tha,sex_f,ocu_skill_l3_4,2022,0.131
tha,sex_f,ocu_skill_l3_4,2023,0.118
tha,sex_f,ocu_skill_l3_4,2024,1216.415
tha,sex_f,ocu_skill_total,2014,13105.201
tha,sex_f,ocu_skill_total,2015,12910.003
tha,sex_f,ocu_skill_total,2016,12967.736
tha,sex_f,ocu_skill_total,2017,11488.224
tha,sex_f,ocu_skill_total,2018,11428.355
tha,sex_f,ocu_skill_total,2020,11141.415
tha,sex_f,ocu_skill_total,2021,1.102
tha,sex_f,ocu_skill_total,2022,1.162
tha,sex_f,ocu_skill_total,2023,1.157
tha,sex_f,ocu_skill_total,2024,11601.274
tha,sex_f,ocu_skill_x,2014,4.051
tha,sex_f,ocu_skill_x,2015,7.855
tha,sex_f,ocu_skill_x,2016,10.192
tha,sex_f,ocu_skill_x,2017,6.164
tha,sex_f,ocu_skill_x,2018,5.554
tha,sex_f,ocu_skill_x,2021,0.001
tha,sex_f,ocu_skill_x,2022,0.001
tha,sex_f,ocu_skill_x,2023,0.001
tha,sex_f,ocu_skill_x,2024,29.001
tha,sex_m,ocu_isco08_0,2022,0.004
tha,sex_m,ocu_isco08_0,2023,0.006
tha,sex_m,ocu_isco08_0,2024,57.051
tha,sex_m,ocu_isco08_1,2014,646.103
tha,sex_m,ocu_isco08_1,2015,683.143
tha,sex_m,ocu_isco08_1,2016,640.936
tha,sex_m,ocu_isco08_1,2017,445.926
tha,sex_m,ocu_isco08_1,2018,403.952
tha,sex_m,ocu_isco08_1,2020,404.416
tha,sex_m,ocu_isco08_1,2021,0.034
tha,sex_m,ocu_isco08_1,2022,0.038
tha,sex_m,ocu_isco08_1,2023,0.034
tha,sex_m,ocu_isco08_1,2024,380.155
tha,sex_m,ocu_isco08_2,2014,496.41
tha,sex_m,ocu_isco08_2,2015,511.261
tha,sex_m,ocu_isco08_2,2016,496.923
tha,sex_m,ocu_isco08_2,2017,420.053
tha,sex_m,ocu_isco08_2,2018,403.894
tha,sex_m,ocu_isco08_2,2020,389.327
tha,sex_m,ocu_isco08_2,2021,0.038
tha,sex_m,ocu_isco08_2,2022,0.044
tha,sex_m,ocu_isco08_2,2023,0.038
tha,sex_m,ocu_isco08_2,2024,398.07
tha,sex_m,ocu_isco08_3,2014,333.217
tha,sex_m,ocu_isco08_3,2015,345.033
tha,sex_m,ocu_isco08_3,2016,356.477
tha,sex_m,ocu_isco08_3,2017,301.665
tha,sex_m,ocu_isco08_3,2018,264.825
tha,sex_m,ocu_isco08_3,2020,270.018
tha,sex_m,ocu_isco08_3,2021,0.025
tha,sex_m,ocu_isco08_3,2022,0.031
tha,sex_m,ocu_isco08_3,2023,0.028
tha,sex_m,ocu_isco08_3,2024,244.28
tha,sex_m,ocu_isco08_4,2014,162.903
tha,sex_m,ocu_isco08_4,2015,157.941
tha,sex_m,ocu_isco08_4,2016,164.958
tha,sex_m,ocu_isco08_4,2017,162.738
tha,sex_m,ocu_isco08_4,2018,165.495
tha,sex_m,ocu_isco08_4,2020,163.995
tha,sex_m,ocu_isco08_4,2021,0.016
tha,sex_m,ocu_isco08_4,2022,0.018
tha,sex_m,ocu_isco08_4,2023,0.016
tha,sex_m,ocu_isco08_4,2024,172.98
tha,sex_m,ocu_isco08_5,2014,2298.733
tha,sex_m,ocu_isco08_5,2015,2241.478
tha,sex_m,ocu_isco08_5,2016,2333.745
tha,sex_m,ocu_isco08_5,2017,1878.402
tha,sex_m,ocu_isco08_5,2018,1874.395
tha,sex_m,ocu_isco08_5,2020,1806.573
tha,sex_m,ocu_isco08_5,2021,0.183
tha,sex_m,ocu_isco08_5,2022,0.194
tha,sex_m,ocu_isco08_5,2023,0.191
tha,sex_m,ocu_isco08_5,2024,1930.357
tha,sex_m,ocu_isco08_6,2014,7113.875
tha,sex_m,ocu_isco08_6,2015,6782.816
tha,sex_m,ocu_isco08_6,2016,6665.637
tha,sex_m,ocu_isco08_6,2017,6330.491
tha,sex_m,ocu_isco08_6,2018,6091.029
tha,sex_m,ocu_isco08_6,2020,5837.52
tha,sex_m,ocu_isco08_6,2021,0.618
tha,sex_m,ocu_isco08_6,2022,0.62
tha,sex_m,ocu_isco08_6,2023,0.626
tha,sex_m,ocu_isco08_6,2024,5816.42
tha,sex_m,ocu_isco08_7,2014,2186.148
tha,sex_m,ocu_isco08_7,2015,2139.658
tha,sex_m,ocu_isco08_7,2016,2211.897
tha,sex_m,ocu_isco08_7,2017,1857.198
tha,sex_m,ocu_isco08_7,2018,1794.469
tha,sex_m,ocu_isco08_7,2020,1775.618
tha,sex_m,ocu_isco08_7,2021,0.163
tha,sex_m,ocu_isco08_7,2022,0.174
tha,sex_m,ocu_isco08_7,2023,0.173
tha,sex_m,ocu_isco08_7,2024,1755.045
tha,sex_m,ocu_isco08_8,2014,1173.389
tha,sex_m,ocu_isco08_8,2015,1210.228
tha,sex_m,ocu_isco08_8,2016,1170.347
tha,sex_m,ocu_isco08_8,2017,888.364
tha,sex_m,ocu_isco08_8,2018,836.082
tha,sex_m,ocu_isco08_8,2020,817.501
tha,sex_m,ocu_isco08_8,2021,0.079
tha,sex_m,ocu_isco08_8,2022,0.088
tha,sex_m,ocu_isco08_8,2023,0.095
tha,sex_m,ocu_isco08_8,2024,1139.123
tha,sex_m,ocu_isco08_9,2014,1598.06
tha,sex_m,ocu_isco08_9,2015,1613.159
tha,sex_m,ocu_isco08_9,2016,1628.917
tha,sex_m,ocu_isco08_9,2017,1644.29
tha,sex_m,ocu_isco08_9,2018,1624.358
tha,sex_m,ocu_isco08_9,2020,1655.903
tha,sex_m,ocu_isco08_9,2021,0.157
tha,sex_m,ocu_isco08_9,2022,0.166
tha,sex_m,ocu_isco08_9,2023,0.165
tha,sex_m,ocu_isco08_9,2024,1839.987
tha,sex_m,ocu_isco08_total,2014,16017.888
tha,sex_m,ocu_isco08_total,2015,15698.143
tha,sex_m,ocu_isco08_total,2016,15678.677
tha,sex_m,ocu_isco08_total,2017,13932.245
tha,sex_m,ocu_isco08_total,2018,13460.608
tha,sex_m,ocu_isco08_total,2020,13124.887
tha,sex_m,ocu_isco08_total,2021,1.315
tha,sex_m,ocu_isco08_total,2022,1.376
tha,sex_m,ocu_isco08_total,2023,1.37
tha,sex_m,ocu_isco08_total,2024,13754.492
tha,sex_m,ocu_isco08_x,2014,9.051
tha,sex_m,ocu_isco08_x,2015,13.426
tha,sex_m,ocu_isco08_x,2016,8.841
tha,sex_m,ocu_isco08_x,2021,0
tha,sex_m,ocu_isco08_x,2024,21.023
tha,sex_m,ocu_skill_l1,2014,1598.06
tha,sex_m,ocu_skill_l1,2015,1613.159
tha,sex_m,ocu_skill_l1,2016,1628.917
tha,sex_m,ocu_skill_l1,2017,1644.29
tha,sex_m,ocu_skill_l1,2018,1624.358
tha,sex_m,ocu_skill_l1,2020,1655.903
tha,sex_m,ocu_skill_l1,2021,0.157
tha,sex_m,ocu_skill_l1,2022,0.166
tha,sex_m,ocu_skill_l1,2023,0.165
tha,sex_m,ocu_skill_l1,2024,1839.987
tha,sex_m,ocu_skill_l2,2014,12935.048
tha,sex_m,ocu_skill_l2,2015,12532.121
tha,sex_m,ocu_skill_l2,2016,12546.584
tha,sex_m,ocu_skill_l2,2017,11117.194
tha,sex_m,ocu_skill_l2,2018,10761.469
tha,sex_m,ocu_skill_l2,2020,10401.207
tha,sex_m,ocu_skill_l2,2021,1.06
tha,sex_m,ocu_skill_l2,2022,1.093
tha,sex_m,ocu_skill_l2,2023,1.1
tha,sex_m,ocu_skill_l2,2024,10813.926
tha,sex_m,ocu_skill_l3_4,2014,1475.73
tha,sex_m,ocu_skill_l3_4,2015,1539.437
tha,sex_m,ocu_skill_l3_4,2016,1494.335
tha,sex_m,ocu_skill_l3_4,2017,1167.644
tha,sex_m,ocu_skill_l3_4,2018,1072.671
tha,sex_m,ocu_skill_l3_4,2020,1063.761
tha,sex_m,ocu_skill_l3_4,2021,0.097
tha,sex_m,ocu_skill_l3_4,2022,0.113
tha,sex_m,ocu_skill_l3_4,2023,0.099
tha,sex_m,ocu_skill_l3_4,2024,1022.505
tha,sex_m,ocu_skill_total,2014,16017.888
tha,sex_m,ocu_skill_total,2015,15698.143
tha,sex_m,ocu_skill_total,2016,15678.677
tha,sex_m,ocu_skill_total,2017,13932.245
tha,sex_m,ocu_skill_total,2018,13460.608
tha,sex_m,ocu_skill_total,2020,13124.887
tha,sex_m,ocu_skill_total,2021,1.315
tha,sex_m,ocu_skill_total,2022,1.376
tha,sex_m,ocu_skill_total,2023,1.37
tha,sex_m,ocu_skill_total,2024,13754.492
tha,sex_m,ocu_skill_x,2014,9.051
tha,sex_m,ocu_skill_x,2015,13.426
tha,sex_m,ocu_skill_x,2016,8.841
tha,sex_m,ocu_skill_x,2021,0
tha,sex_m,ocu_skill_x,2022,0.004
tha,sex_m,ocu_skill_x,2023,0.006
tha,sex_m,ocu_skill_x,2024,78.074
tha,sex_t,ocu_isco08_0,2022,0.005
tha,sex_t,ocu_isco08_0,2023,0.006
tha,sex_t,ocu_isco08_0,2024,59.38
tha,sex_t,ocu_isco08_1,2014,918.125
tha,sex_t,ocu_isco08_1,2015,945.696
tha,sex_t,ocu_isco08_1,2016,877.567
tha,sex_t,ocu_isco08_1,2017,604.731
tha,sex_t,ocu_isco08_1,2018,571.829
tha,sex_t,ocu_isco08_1,2020,579.172
tha,sex_t,ocu_isco08_1,2021,0.05
tha,sex_t,ocu_isco08_1,2022,0.056
tha,sex_t,ocu_isco08_1,2023,0.05
tha,sex_t,ocu_isco08_1,2024,559.973
tha,sex_t,ocu_isco08_2,2014,1295.23
tha,sex_t,ocu_isco08_2,2015,1349.619
tha,sex_t,ocu_isco08_2,2016,1305.965
tha,sex_t,ocu_isco08_2,2017,1212.172
tha,sex_t,ocu_isco08_2,2018,1159.09
tha,sex_t,ocu_isco08_2,2020,1155.216
tha,sex_t,ocu_isco08_2,2021,0.114
tha,sex_t,ocu_isco08_2,2022,0.133
tha,sex_t,ocu_isco08_2,2023,0.117
tha,sex_t,ocu_isco08_2,2024,1190.465
tha,sex_t,ocu_isco08_3,2014,654.664
tha,sex_t,ocu_isco08_3,2015,659.647
tha,sex_t,ocu_isco08_3,2016,663.267
tha,sex_t,ocu_isco08_3,2017,549.373
tha,sex_t,ocu_isco08_3,2018,510.772
tha,sex_t,ocu_isco08_3,2020,507.623
tha,sex_t,ocu_isco08_3,2021,0.049
tha,sex_t,ocu_isco08_3,2022,0.055
tha,sex_t,ocu_isco08_3,2023,0.05
tha,sex_t,ocu_isco08_3,2024,488.482
tha,sex_t,ocu_isco08_4,2014,489.769
tha,sex_t,ocu_isco08_4,2015,464.82
tha,sex_t,ocu_isco08_4,2016,504.638
tha,sex_t,ocu_isco08_4,2017,474.192
tha,sex_t,ocu_isco08_4,2018,491.389
tha,sex_t,ocu_isco08_4,2020,462.581
tha,sex_t,ocu_isco08_4,2021,0.049
tha,sex_t,ocu_isco08_4,2022,0.054
tha,sex_t,ocu_isco08_4,2023,0.052
tha,sex_t,ocu_isco08_4,2024,518.199
tha,sex_t,ocu_isco08_5,2014,5849.259
tha,sex_t,ocu_isco08_5,2015,5740.302
tha,sex_t,ocu_isco08_5,2016,6029.101
tha,sex_t,ocu_isco08_5,2017,4875.333
tha,sex_t,ocu_isco08_5,2018,4869.696
tha,sex_t,ocu_isco08_5,2020,4761.984
tha,sex_t,ocu_isco08_5,2021,0.469
tha,sex_t,ocu_isco08_5,2022,0.526
tha,sex_t,ocu_isco08_5,2023,0.512
tha,sex_t,ocu_isco08_5,2024,5317.336
tha,sex_t,ocu_isco08_6,2014,12459.452
tha,sex_t,ocu_isco08_6,2015,11988.302
tha,sex_t,ocu_isco08_6,2016,11671.442
tha,sex_t,ocu_isco08_6,2017,11073.139
tha,sex_t,ocu_isco08_6,2018,10795.736
tha,sex_t,ocu_isco08_6,2020,10372.812
tha,sex_t,ocu_isco08_6,2021,1.082
tha,sex_t,ocu_isco08_6,2022,1.079
tha,sex_t,ocu_isco08_6,2023,1.091
tha,sex_t,ocu_isco08_6,2024,10175.379
tha,sex_t,ocu_isco08_7,2014,3042.984
tha,sex_t,ocu_isco08_7,2015,2931.151
tha,sex_t,ocu_isco08_7,2016,3088.095
tha,sex_t,ocu_isco08_7,2017,2597.233
tha,sex_t,ocu_isco08_7,2018,2550.125
tha,sex_t,ocu_isco08_7,2020,2496.606
tha,sex_t,ocu_isco08_7,2021,0.231
tha,sex_t,ocu_isco08_7,2022,0.24
tha,sex_t,ocu_isco08_7,2023,0.244
tha,sex_t,ocu_isco08_7,2024,2435.14
tha,sex_t,ocu_isco08_8,2014,1474.388
tha,sex_t,ocu_isco08_8,2015,1525.808
tha,sex_t,ocu_isco08_8,2016,1512.025
tha,sex_t,ocu_isco08_8,2017,1145.03
tha,sex_t,ocu_isco08_8,2018,1087.186
tha,sex_t,ocu_isco08_8,2020,1014.02
tha,sex_t,ocu_isco08_8,2021,0.098
tha,sex_t,ocu_isco08_8,2022,0.108
tha,sex_t,ocu_isco08_8,2023,0.111
tha,sex_t,ocu_isco08_8,2024,1341.27
tha,sex_t,ocu_isco08_9,2014,2926.116
tha,sex_t,ocu_isco08_9,2015,2981.517
tha,sex_t,ocu_isco08_9,2016,2975.279
tha,sex_t,ocu_isco08_9,2017,2879.987
tha,sex_t,ocu_isco08_9,2018,2845.476
tha,sex_t,ocu_isco08_9,2020,2907.813
tha,sex_t,ocu_isco08_9,2021,0.273
tha,sex_t,ocu_isco08_9,2022,0.283
tha,sex_t,ocu_isco08_9,2023,0.292
tha,sex_t,ocu_isco08_9,2024,3222.449
tha,sex_t,ocu_isco08_total,2014,29123.089
tha,sex_t,ocu_isco08_total,2015,28608.146
tha,sex_t,ocu_isco08_total,2016,28646.413
tha,sex_t,ocu_isco08_total,2017,25420.469
tha,sex_t,ocu_isco08_total,2018,24888.964
tha,sex_t,ocu_isco08_total,2020,24266.302
tha,sex_t,ocu_isco08_total,2021,2.417
tha,sex_t,ocu_isco08_total,2022,2.538
tha,sex_t,ocu_isco08_total,2023,2.527
tha,sex_t,ocu_isco08_total,2024,25355.766
tha,sex_t,ocu_isco08_x,2014,13.101
tha,sex_t,ocu_isco08_x,2015,21.281
tha,sex_t,ocu_isco08_x,2016,19.033
tha,sex_t,ocu_isco08_x,2017,9.28
tha,sex_t,ocu_isco08_x,2018,7.665
tha,sex_t,ocu_isco08_x,2020,8.474
tha,sex_t,ocu_isco08_x,2021,0.001
tha,sex_t,ocu_isco08_x,2022,0.001
tha,sex_t,ocu_isco08_x,2023,0.001
tha,sex_t,ocu_isco08_x,2024,47.694
tha,sex_t,ocu_skill_l1,2014,2926.116
tha,sex_t,ocu_skill_l1,2015,2981.517
tha,sex_t,ocu_skill_l1,2016,2975.279
tha,sex_t,ocu_skill_l1,2017,2879.987
tha,sex_t,ocu_skill_l1,2018,2845.476
tha,sex_t,ocu_skill_l1,2020,2907.813
tha,sex_t,ocu_skill_l1,2021,0.273
tha,sex_t,ocu_skill_l1,2022,0.283
tha,sex_t,ocu_skill_l1,2023,0.292
tha,sex_t,ocu_skill_l1,2024,3222.449
tha,sex_t,ocu_skill_l2,2014,23315.852
tha,sex_t,ocu_skill_l2,2015,22650.385
tha,sex_t,ocu_skill_l2,2016,22805.302
tha,sex_t,ocu_skill_l2,2017,20164.927
tha,sex_t,ocu_skill_l2,2018,19794.132
tha,sex_t,ocu_skill_l2,2020,19108.003
tha,sex_t,ocu_skill_l2,2021,1.93
tha,sex_t,ocu_skill_l2,2022,2.006
tha,sex_t,ocu_skill_l2,2023,2.01
tha,sex_t,ocu_skill_l2,2024,19787.323
tha,sex_t,ocu_skill_l3_4,2014,2868.019
tha,sex_t,ocu_skill_l3_4,2015,2954.963
tha,sex_t,ocu_skill_l3_4,2016,2846.799
tha,sex_t,ocu_skill_l3_4,2017,2366.275
tha,sex_t,ocu_skill_l3_4,2018,2241.691
tha,sex_t,ocu_skill_l3_4,2020,2242.012
tha,sex_t,ocu_skill_l3_4,2021,0.213
tha,sex_t,ocu_skill_l3_4,2022,0.244
tha,sex_t,ocu_skill_l3_4,2023,0.217
tha,sex_t,ocu_skill_l3_4,2024,2238.92
tha,sex_t,ocu_skill_total,2014,29123.089
tha,sex_t,ocu_skill_total,2015,28608.146
tha,sex_t,ocu_skill_total,2016,28646.413
tha,sex_t,ocu_skill_total,2017,25420.469
tha,sex_t,ocu_skill_total,2018,24888.964
tha,sex_t,ocu_skill_total,2020,24266.302
tha,sex_t,ocu_skill_total,2021,2.417
tha,sex_t,ocu_skill_total,2022,2.538
tha,sex_t,ocu_skill_total,2023,2.527
tha,sex_t,ocu_skill_total,2024,25355.766
tha,sex_t,ocu_skill_x,2014,13.101
tha,sex_t,ocu_skill_x,2015,21.281
tha,sex_t,ocu_skill_x,2016,19.033
tha,sex_t,ocu_skill_x,2017,9.28
tha,sex_t,ocu_skill_x,2018,7.665
tha,sex_t,ocu_skill_x,2020,8.474
tha,sex_t,ocu_skill_x,2021,0.001
tha,sex_t,ocu_skill_x,2022,0.005
tha,sex_t,ocu_skill_x,2023,0.007
tha,sex_t,ocu_skill_x,2024,107.074
tjk,sex_f,ocu_isco08_1,2016,5.854
tjk,sex_f,ocu_isco08_2,2016,8.676
tjk,sex_f,ocu_isco08_3,2016,8.726
tjk,sex_f,ocu_isco08_5,2016,56.37
tjk,sex_f,ocu_isco08_6,2016,9.033
tjk,sex_f,ocu_isco08_7,2016,46.017
tjk,sex_f,ocu_isco08_8,2016,10.177
tjk,sex_f,ocu_isco08_9,2016,193.991
tjk,sex_f,ocu_isco08_total,2016,339.968
tjk,sex_f,ocu_skill_l1,2016,193.991
tjk,sex_f,ocu_skill_l2,2016,122.145
tjk,sex_f,ocu_skill_l3_4,2016,23.256
tjk,sex_f,ocu_skill_total,2016,339.968
tjk,sex_m,ocu_isco08_1,2016,17.427
tjk,sex_m,ocu_isco08_2,2016,28.725
tjk,sex_m,ocu_isco08_3,2016,56.833
tjk,sex_m,ocu_isco08_4,2016,2.987
tjk,sex_m,ocu_isco08_5,2016,159.712
tjk,sex_m,ocu_isco08_6,2016,41.639
tjk,sex_m,ocu_isco08_7,2016,328.801
tjk,sex_m,ocu_isco08_8,2016,121.276
tjk,sex_m,ocu_isco08_9,2016,363.286
tjk,sex_m,ocu_isco08_total,2016,1123.785
tjk,sex_m,ocu_isco08_x,2016,2.459
tjk,sex_m,ocu_skill_l1,2016,363.286
tjk,sex_m,ocu_skill_l2,2016,654.415
tjk,sex_m,ocu_skill_l3_4,2016,102.986
tjk,sex_m,ocu_skill_total,2016,1123.785
tjk,sex_m,ocu_skill_x,2016,3.098
tjk,sex_t,ocu_isco08_1,2016,23.281
tjk,sex_t,ocu_isco08_2,2016,37.401
tjk,sex_t,ocu_isco08_3,2016,65.56
tjk,sex_t,ocu_isco08_4,2016,3.536
tjk,sex_t,ocu_isco08_5,2016,216.081
tjk,sex_t,ocu_isco08_6,2016,50.672
tjk,sex_t,ocu_isco08_7,2016,374.818
tjk,sex_t,ocu_isco08_8,2016,131.454
tjk,sex_t,ocu_isco08_9,2016,557.277
tjk,sex_t,ocu_isco08_total,2016,1463.753
tjk,sex_t,ocu_isco08_x,2016,3.034
tjk,sex_t,ocu_skill_l1,2016,557.277
tjk,sex_t,ocu_skill_l2,2016,776.561
tjk,sex_t,ocu_skill_l3_4,2016,126.242
tjk,sex_t,ocu_skill_total,2016,1463.753
tjk,sex_t,ocu_skill_x,2016,3.673
tls,sex_f,ocu_isco08_1,2010,0.23
tls,sex_f,ocu_isco08_1,2013,2.617
tls,sex_f,ocu_isco08_1,2021,0.535
tls,sex_f,ocu_isco08_2,2010,1.563
tls,sex_f,ocu_isco08_2,2013,0.954
tls,sex_f,ocu_isco08_2,2021,6.588
tls,sex_f,ocu_isco08_3,2010,7.037
tls,sex_f,ocu_isco08_3,2013,0.319
tls,sex_f,ocu_isco08_3,2021,0.787
tls,sex_f,ocu_isco08_4,2013,0.571
tls,sex_f,ocu_isco08_5,2010,5.666
tls,sex_f,ocu_isco08_5,2013,11.706
tls,sex_f,ocu_isco08_5,2021,27.025
tls,sex_f,ocu_isco08_6,2010,9.748
tls,sex_f,ocu_isco08_6,2013,104.014
tls,sex_f,ocu_isco08_6,2021,45.953
tls,sex_f,ocu_isco08_7,2010,5.317
tls,sex_f,ocu_isco08_7,2013,3.36
tls,sex_f,ocu_isco08_7,2021,5.739
tls,sex_f,ocu_isco08_8,2013,2.132
tls,sex_f,ocu_isco08_8,2021,0.045
tls,sex_f,ocu_isco08_9,2010,26.552
tls,sex_f,ocu_isco08_9,2013,2.069
tls,sex_f,ocu_isco08_9,2021,5.087
tls,sex_f,ocu_isco08_total,2010,57.315
tls,sex_f,ocu_isco08_total,2013,128.105
tls,sex_f,ocu_isco08_total,2021,91.789
tls,sex_f,ocu_isco08_x,2010,0.642
tls,sex_f,ocu_isco08_x,2013,0.331
tls,sex_f,ocu_skill_l1,2010,26.552
tls,sex_f,ocu_skill_l1,2013,2.069
tls,sex_f,ocu_skill_l1,2021,5.087
tls,sex_f,ocu_skill_l2,2010,21.235
tls,sex_f,ocu_skill_l2,2013,121.784
tls,sex_f,ocu_skill_l2,2021,78.791
tls,sex_f,ocu_skill_l3_4,2010,8.83
tls,sex_f,ocu_skill_l3_4,2013,3.89
tls,sex_f,ocu_skill_l3_4,2021,7.91
tls,sex_f,ocu_skill_total,2010,57.315
tls,sex_f,ocu_skill_total,2013,128.105
tls,sex_f,ocu_skill_total,2021,91.789
tls,sex_f,ocu_skill_x,2010,0.698
tls,sex_f,ocu_skill_x,2013,0.362
tls,sex_m,ocu_isco08_0,2021,0.233
tls,sex_m,ocu_isco08_1,2010,2.26
tls,sex_m,ocu_isco08_1,2013,3.479
tls,sex_m,ocu_isco08_1,2021,2.616
tls,sex_m,ocu_isco08_2,2010,4.161
tls,sex_m,ocu_isco08_2,2013,2.817
tls,sex_m,ocu_isco08_2,2021,11.577
tls,sex_m,ocu_isco08_3,2010,7.036
tls,sex_m,ocu_isco08_3,2013,1.896
tls,sex_m,ocu_isco08_3,2021,3.602
tls,sex_m,ocu_isco08_4,2010,0.431
tls,sex_m,ocu_isco08_4,2013,1.709
tls,sex_m,ocu_isco08_4,2021,0.234
tls,sex_m,ocu_isco08_5,2010,6.253
tls,sex_m,ocu_isco08_5,2013,12.897
tls,sex_m,ocu_isco08_5,2021,23.244
tls,sex_m,ocu_isco08_6,2010,26.746
tls,sex_m,ocu_isco08_6,2013,135.571
tls,sex_m,ocu_isco08_6,2021,54.636
tls,sex_m,ocu_isco08_7,2010,7.177
tls,sex_m,ocu_isco08_7,2013,12.926
tls,sex_m,ocu_isco08_7,2021,10.867
tls,sex_m,ocu_isco08_8,2010,4.749
tls,sex_m,ocu_isco08_8,2013,6.795
tls,sex_m,ocu_isco08_8,2021,8.666
tls,sex_m,ocu_isco08_9,2010,60.8
tls,sex_m,ocu_isco08_9,2013,2.666
tls,sex_m,ocu_isco08_9,2021,13.075
tls,sex_m,ocu_isco08_total,2010,122.841
tls,sex_m,ocu_isco08_total,2013,181.048
tls,sex_m,ocu_isco08_total,2021,128.75
tls,sex_m,ocu_isco08_x,2010,3.126
tls,sex_m,ocu_skill_l1,2010,60.8
tls,sex_m,ocu_skill_l1,2013,2.666
tls,sex_m,ocu_skill_l1,2021,13.075
tls,sex_m,ocu_skill_l2,2010,45.356
tls,sex_m,ocu_skill_l2,2013,169.898
tls,sex_m,ocu_skill_l2,2021,97.646
tls,sex_m,ocu_skill_l3_4,2010,13.457
tls,sex_m,ocu_skill_l3_4,2013,8.192
tls,sex_m,ocu_skill_l3_4,2021,17.796
tls,sex_m,ocu_skill_total,2010,122.841
tls,sex_m,ocu_skill_total,2013,181.048
tls,sex_m,ocu_skill_total,2021,128.75
tls,sex_m,ocu_skill_x,2010,3.228
tls,sex_m,ocu_skill_x,2013,0.292
tls,sex_m,ocu_skill_x,2021,0.233
tls,sex_t,ocu_isco08_0,2021,0.233
tls,sex_t,ocu_isco08_1,2010,2.49
tls,sex_t,ocu_isco08_1,2013,6.096
tls,sex_t,ocu_isco08_1,2021,3.152
tls,sex_t,ocu_isco08_2,2010,5.724
tls,sex_t,ocu_isco08_2,2013,3.771
tls,sex_t,ocu_isco08_2,2021,18.165
tls,sex_t,ocu_isco08_3,2010,14.073
tls,sex_t,ocu_isco08_3,2013,2.215
tls,sex_t,ocu_isco08_3,2021,4.39
tls,sex_t,ocu_isco08_4,2010,0.669
tls,sex_t,ocu_isco08_4,2013,2.28
tls,sex_t,ocu_isco08_4,2021,0.263
tls,sex_t,ocu_isco08_5,2010,11.919
tls,sex_t,ocu_isco08_5,2013,24.603
tls,sex_t,ocu_isco08_5,2021,50.269
tls,sex_t,ocu_isco08_6,2010,36.494
tls,sex_t,ocu_isco08_6,2013,239.585
tls,sex_t,ocu_isco08_6,2021,100.589
tls,sex_t,ocu_isco08_7,2010,12.494
tls,sex_t,ocu_isco08_7,2013,16.286
tls,sex_t,ocu_isco08_7,2021,16.606
tls,sex_t,ocu_isco08_8,2010,5.015
tls,sex_t,ocu_isco08_8,2013,8.928
tls,sex_t,ocu_isco08_8,2021,8.71
tls,sex_t,ocu_isco08_9,2010,87.352
tls,sex_t,ocu_isco08_9,2013,4.735
tls,sex_t,ocu_isco08_9,2021,18.162
tls,sex_t,ocu_isco08_total,2010,180.156
tls,sex_t,ocu_isco08_total,2013,309.153
tls,sex_t,ocu_isco08_total,2021,220.539
tls,sex_t,ocu_isco08_x,2010,3.768
tls,sex_t,ocu_isco08_x,2013,0.559
tls,sex_t,ocu_skill_l1,2010,87.352
tls,sex_t,ocu_skill_l1,2013,4.735
tls,sex_t,ocu_skill_l1,2021,18.162
tls,sex_t,ocu_skill_l2,2010,66.591
tls,sex_t,ocu_skill_l2,2013,291.682
tls,sex_t,ocu_skill_l2,2021,176.438
tls,sex_t,ocu_skill_l3_4,2010,22.287
tls,sex_t,ocu_skill_l3_4,2013,12.082
tls,sex_t,ocu_skill_l3_4,2021,25.706
tls,sex_t,ocu_skill_total,2010,180.156
tls,sex_t,ocu_skill_total,2013,309.153
tls,sex_t,ocu_skill_total,2021,220.539
tls,sex_t,ocu_skill_x,2010,3.926
tls,sex_t,ocu_skill_x,2013,0.654
tls,sex_t,ocu_skill_x,2021,0.233
ton,sex_f,ocu_isco08_1,2018,0.319
ton,sex_f,ocu_isco08_1,2023,0.135
ton,sex_f,ocu_isco08_2,2018,0.934
ton,sex_f,ocu_isco08_2,2023,0.267
ton,sex_f,ocu_isco08_3,2018,0.439
ton,sex_f,ocu_isco08_3,2023,0.164
ton,sex_f,ocu_isco08_4,2018,0.777
ton,sex_f,ocu_isco08_4,2023,0.326
ton,sex_f,ocu_isco08_5,2018,1.671
ton,sex_f,ocu_isco08_5,2023,1.688
ton,sex_f,ocu_isco08_6,2018,1.765
ton,sex_f,ocu_isco08_6,2023,1.522
ton,sex_f,ocu_isco08_7,2018,4.531
ton,sex_f,ocu_isco08_7,2023,3.472
ton,sex_f,ocu_isco08_8,2018,0.112
ton,sex_f,ocu_isco08_8,2023,0.152
ton,sex_f,ocu_isco08_9,2018,0.379
ton,sex_f,ocu_isco08_9,2023,0.694
ton,sex_f,ocu_isco08_total,2018,10.934
ton,sex_f,ocu_isco08_total,2023,8.423
ton,sex_f,ocu_skill_l1,2018,0.379
ton,sex_f,ocu_skill_l1,2023,0.694
ton,sex_f,ocu_skill_l2,2018,8.855
ton,sex_f,ocu_skill_l2,2023,7.159
ton,sex_f,ocu_skill_l3_4,2018,1.691
ton,sex_f,ocu_skill_l3_4,2023,0.566
ton,sex_f,ocu_skill_total,2018,10.934
ton,sex_f,ocu_skill_total,2023,8.423
ton,sex_m,ocu_isco08_0,2018,0.077
ton,sex_m,ocu_isco08_1,2018,0.369
ton,sex_m,ocu_isco08_1,2023,0.11
ton,sex_m,ocu_isco08_2,2018,1.179
ton,sex_m,ocu_isco08_2,2023,0.544
ton,sex_m,ocu_isco08_3,2018,0.539
ton,sex_m,ocu_isco08_3,2023,0.341
ton,sex_m,ocu_isco08_4,2018,0.244
ton,sex_m,ocu_isco08_4,2023,0.055
ton,sex_m,ocu_isco08_5,2018,1.391
ton,sex_m,ocu_isco08_5,2023,0.861
ton,sex_m,ocu_isco08_6,2018,7.833
ton,sex_m,ocu_isco08_6,2023,5.377
ton,sex_m,ocu_isco08_7,2018,2.391
ton,sex_m,ocu_isco08_7,2023,2.181
ton,sex_m,ocu_isco08_8,2018,0.744
ton,sex_m,ocu_isco08_8,2023,0.553
ton,sex_m,ocu_isco08_9,2018,1.19
ton,sex_m,ocu_isco08_9,2023,1.041
ton,sex_m,ocu_isco08_total,2018,15.957
ton,sex_m,ocu_isco08_total,2023,11.062
ton,sex_m,ocu_skill_l1,2018,1.19
ton,sex_m,ocu_skill_l1,2023,1.041
ton,sex_m,ocu_skill_l2,2018,12.603
ton,sex_m,ocu_skill_l2,2023,9.026
ton,sex_m,ocu_skill_l3_4,2018,2.087
ton,sex_m,ocu_skill_l3_4,2023,0.995
ton,sex_m,ocu_skill_total,2018,15.957
ton,sex_m,ocu_skill_total,2023,11.062
ton,sex_m,ocu_skill_x,2018,0.077
ton,sex_t,ocu_isco08_0,2018,0.085
ton,sex_t,ocu_isco08_1,2018,0.688
ton,sex_t,ocu_isco08_1,2023,0.245
ton,sex_t,ocu_isco08_2,2018,2.112
ton,sex_t,ocu_isco08_2,2023,0.811
ton,sex_t,ocu_isco08_3,2018,0.978
ton,sex_t,ocu_isco08_3,2023,0.505
ton,sex_t,ocu_isco08_4,2018,1.021
ton,sex_t,ocu_isco08_4,2023,0.381
ton,sex_t,ocu_isco08_5,2018,3.062
ton,sex_t,ocu_isco08_5,2023,2.549
ton,sex_t,ocu_isco08_6,2018,9.598
ton,sex_t,ocu_isco08_6,2023,6.899
ton,sex_t,ocu_isco08_7,2018,6.922
ton,sex_t,ocu_isco08_7,2023,5.653
ton,sex_t,ocu_isco08_8,2018,0.856
ton,sex_t,ocu_isco08_8,2023,0.705
ton,sex_t,ocu_isco08_9,2018,1.569
ton,sex_t,ocu_isco08_9,2023,1.735
ton,sex_t,ocu_isco08_total,2018,26.89
ton,sex_t,ocu_isco08_total,2023,19.485
ton,sex_t,ocu_skill_l1,2018,1.569
ton,sex_t,ocu_skill_l1,2023,1.735
ton,sex_t,ocu_skill_l2,2018,21.458
ton,sex_t,ocu_skill_l2,2023,16.185
ton,sex_t,ocu_skill_l3_4,2018,3.778
ton,sex_t,ocu_skill_l3_4,2023,1.56
ton,sex_t,ocu_skill_total,2018,26.89
ton,sex_t,ocu_skill_total,2023,19.485
ton,sex_t,ocu_skill_x,2018,0.085
tun,sex_f,ocu_isco08_0,2019,0.14
tun,sex_f,ocu_isco08_1,2019,2.044
tun,sex_f,ocu_isco08_2,2014,31.944
tun,sex_f,ocu_isco08_2,2019,19.028
tun,sex_f,ocu_isco08_3,2014,16.845
tun,sex_f,ocu_isco08_3,2019,10.326
tun,sex_f,ocu_isco08_4,2014,18.916
tun,sex_f,ocu_isco08_4,2019,12.166
tun,sex_f,ocu_isco08_5,2014,83.367
tun,sex_f,ocu_isco08_5,2019,48.863
tun,sex_f,ocu_isco08_6,2014,56.08
tun,sex_f,ocu_isco08_6,2019,60.812
tun,sex_f,ocu_isco08_7,2014,37.533
tun,sex_f,ocu_isco08_7,2019,29.699
tun,sex_f,ocu_isco08_8,2014,10.257
tun,sex_f,ocu_isco08_8,2019,25.91
tun,sex_f,ocu_isco08_9,2014,103.655
tun,sex_f,ocu_isco08_9,2019,71.459
tun,sex_f,ocu_isco08_total,2014,418.624
tun,sex_f,ocu_isco08_total,2019,284.789
tun,sex_f,ocu_isco08_x,2014,55.845
tun,sex_f,ocu_isco08_x,2019,4.34
tun,sex_f,ocu_skill_l1,2014,103.655
tun,sex_f,ocu_skill_l1,2019,71.459
tun,sex_f,ocu_skill_l2,2014,206.153
tun,sex_f,ocu_skill_l2,2019,177.451
tun,sex_f,ocu_skill_l3_4,2014,52.971
tun,sex_f,ocu_skill_l3_4,2019,31.398
tun,sex_f,ocu_skill_total,2014,418.624
tun,sex_f,ocu_skill_total,2019,284.789
tun,sex_f,ocu_skill_x,2014,55.845
tun,sex_f,ocu_skill_x,2019,4.481
tun,sex_m,ocu_isco08_0,2019,0.182
tun,sex_m,ocu_isco08_1,2014,24.387
tun,sex_m,ocu_isco08_1,2019,8.651
tun,sex_m,ocu_isco08_2,2014,22.454
tun,sex_m,ocu_isco08_2,2019,11.196
tun,sex_m,ocu_isco08_3,2014,20.274
tun,sex_m,ocu_isco08_3,2019,12.005
tun,sex_m,ocu_isco08_4,2014,11.441
tun,sex_m,ocu_isco08_4,2019,5.599
tun,sex_m,ocu_isco08_5,2014,323.754
tun,sex_m,ocu_isco08_5,2019,155.895
tun,sex_m,ocu_isco08_6,2014,199.648
tun,sex_m,ocu_isco08_6,2019,234.765
tun,sex_m,ocu_isco08_7,2014,372.917
tun,sex_m,ocu_isco08_7,2019,209.839
tun,sex_m,ocu_isco08_8,2014,97.785
tun,sex_m,ocu_isco08_8,2019,63.798
tun,sex_m,ocu_isco08_9,2014,208.789
tun,sex_m,ocu_isco08_9,2019,308.977
tun,sex_m,ocu_isco08_total,2014,1395.07
tun,sex_m,ocu_isco08_total,2019,1019.438
tun,sex_m,ocu_isco08_x,2014,113.623
tun,sex_m,ocu_isco08_x,2019,8.531
tun,sex_m,ocu_skill_l1,2014,208.789
tun,sex_m,ocu_skill_l1,2019,308.977
tun,sex_m,ocu_skill_l2,2014,1005.544
tun,sex_m,ocu_skill_l2,2019,669.896
tun,sex_m,ocu_skill_l3_4,2014,67.115
tun,sex_m,ocu_skill_l3_4,2019,31.852
tun,sex_m,ocu_skill_total,2014,1395.07
tun,sex_m,ocu_skill_total,2019,1019.438
tun,sex_m,ocu_skill_x,2014,113.623
tun,sex_m,ocu_skill_x,2019,8.713
tun,sex_t,ocu_isco08_0,2019,0.322
tun,sex_t,ocu_isco08_1,2014,28.569
tun,sex_t,ocu_isco08_1,2019,10.694
tun,sex_t,ocu_isco08_2,2014,54.398
tun,sex_t,ocu_isco08_2,2019,30.224
tun,sex_t,ocu_isco08_3,2014,37.118
tun,sex_t,ocu_isco08_3,2019,22.331
tun,sex_t,ocu_isco08_4,2014,30.357
tun,sex_t,ocu_isco08_4,2019,17.765
tun,sex_t,ocu_isco08_5,2014,407.121
tun,sex_t,ocu_isco08_5,2019,204.758
tun,sex_t,ocu_isco08_6,2014,255.727
tun,sex_t,ocu_isco08_6,2019,295.578
tun,sex_t,ocu_isco08_7,2014,410.449
tun,sex_t,ocu_isco08_7,2019,239.538
tun,sex_t,ocu_isco08_8,2014,108.042
tun,sex_t,ocu_isco08_8,2019,89.708
tun,sex_t,ocu_isco08_9,2014,312.444
tun,sex_t,ocu_isco08_9,2019,380.437
tun,sex_t,ocu_isco08_total,2014,1813.694
tun,sex_t,ocu_isco08_total,2019,1304.227
tun,sex_t,ocu_isco08_x,2014,169.468
tun,sex_t,ocu_isco08_x,2019,12.872
tun,sex_t,ocu_skill_l1,2014,312.444
tun,sex_t,ocu_skill_l1,2019,380.437
tun,sex_t,ocu_skill_l2,2014,1211.696
tun,sex_t,ocu_skill_l2,2019,847.348
tun,sex_t,ocu_skill_l3_4,2014,120.085
tun,sex_t,ocu_skill_l3_4,2019,63.249
tun,sex_t,ocu_skill_total,2014,1813.694
tun,sex_t,ocu_skill_total,2019,1304.227
tun,sex_t,ocu_skill_x,2014,169.468
tun,sex_t,ocu_skill_x,2019,13.194
tur,sex_f,ocu_isco08_1,2012,13.231
tur,sex_f,ocu_isco08_1,2013,7.066
tur,sex_f,ocu_isco08_1,2014,11.52
tur,sex_f,ocu_isco08_1,2015,10.114
tur,sex_f,ocu_isco08_1,2016,9.686
tur,sex_f,ocu_isco08_1,2017,8.592
tur,sex_f,ocu_isco08_1,2018,13.859
tur,sex_f,ocu_isco08_1,2019,19.103
tur,sex_f,ocu_isco08_1,2020,21.723
tur,sex_f,ocu_isco08_1,2021,14.039
tur,sex_f,ocu_isco08_1,2022,14.968
tur,sex_f,ocu_isco08_1,2023,19.416
tur,sex_f,ocu_isco08_2,2012,32.894
tur,sex_f,ocu_isco08_2,2013,23.507
tur,sex_f,ocu_isco08_2,2014,28.307
tur,sex_f,ocu_isco08_2,2015,30.357
tur,sex_f,ocu_isco08_2,2016,38.051
tur,sex_f,ocu_isco08_2,2017,43.736
tur,sex_f,ocu_isco08_2,2018,50.106
tur,sex_f,ocu_isco08_2,2019,53.984
tur,sex_f,ocu_isco08_2,2020,58.449
tur,sex_f,ocu_isco08_2,2021,51.089
tur,sex_f,ocu_isco08_2,2022,52.729
tur,sex_f,ocu_isco08_2,2023,67.544
tur,sex_f,ocu_isco08_3,2012,34.624
tur,sex_f,ocu_isco08_3,2013,22.342
tur,sex_f,ocu_isco08_3,2014,26.351
tur,sex_f,ocu_isco08_3,2015,30.407
tur,sex_f,ocu_isco08_3,2016,29.196
tur,sex_f,ocu_isco08_3,2017,34.205
tur,sex_f,ocu_isco08_3,2018,37.487
tur,sex_f,ocu_isco08_3,2019,33.096
tur,sex_f,ocu_isco08_3,2020,28.148
tur,sex_f,ocu_isco08_3,2021,29.968
tur,sex_f,ocu_isco08_3,2022,28.975
tur,sex_f,ocu_isco08_3,2023,29.787
tur,sex_f,ocu_isco08_4,2012,54.73
tur,sex_f,ocu_isco08_4,2013,53.367
tur,sex_f,ocu_isco08_4,2014,52.472
tur,sex_f,ocu_isco08_4,2015,51.702
tur,sex_f,ocu_isco08_4,2016,57.398
tur,sex_f,ocu_isco08_4,2017,59.382
tur,sex_f,ocu_isco08_4,2018,70.062
tur,sex_f,ocu_isco08_4,2019,58.69
tur,sex_f,ocu_isco08_4,2020,37.31
tur,sex_f,ocu_isco08_4,2021,36.577
tur,sex_f,ocu_isco08_4,2022,42.504
tur,sex_f,ocu_isco08_4,2023,39.906
tur,sex_f,ocu_isco08_5,2012,562.253
tur,sex_f,ocu_isco08_5,2013,605.861
tur,sex_f,ocu_isco08_5,2014,680.558
tur,sex_f,ocu_isco08_5,2015,712.583
tur,sex_f,ocu_isco08_5,2016,761.638
tur,sex_f,ocu_isco08_5,2017,825.194
tur,sex_f,ocu_isco08_5,2018,892.072
tur,sex_f,ocu_isco08_5,2019,908.603
tur,sex_f,ocu_isco08_5,2020,714.344
tur,sex_f,ocu_isco08_5,2021,719.286
tur,sex_f,ocu_isco08_5,2022,922.783
tur,sex_f,ocu_isco08_5,2023,957.943
tur,sex_f,ocu_isco08_6,2012,2089.363
tur,sex_f,ocu_isco08_6,2013,2007.099
tur,sex_f,ocu_isco08_6,2014,1731.51
tur,sex_f,ocu_isco08_6,2015,1653.294
tur,sex_f,ocu_isco08_6,2016,1517.765
tur,sex_f,ocu_isco08_6,2017,1561.033
tur,sex_f,ocu_isco08_6,2018,1504.233
tur,sex_f,ocu_isco08_6,2019,1469.774
tur,sex_f,ocu_isco08_6,2020,1216.288
tur,sex_f,ocu_isco08_6,2021,1241.477
tur,sex_f,ocu_isco08_6,2022,1211.095
tur,sex_f,ocu_isco08_6,2023,1157.335
tur,sex_f,ocu_isco08_7,2012,222.786
tur,sex_f,ocu_isco08_7,2013,256.606
tur,sex_f,ocu_isco08_7,2014,254.248
tur,sex_f,ocu_isco08_7,2015,231.975
tur,sex_f,ocu_isco08_7,2016,253.125
tur,sex_f,ocu_isco08_7,2017,275.19
tur,sex_f,ocu_isco08_7,2018,273.194
tur,sex_f,ocu_isco08_7,2019,232.351
tur,sex_f,ocu_isco08_7,2020,215.558
tur,sex_f,ocu_isco08_7,2021,212.118
tur,sex_f,ocu_isco08_7,2022,217.239
tur,sex_f,ocu_isco08_7,2023,229.207
tur,sex_f,ocu_isco08_8,2012,67.266
tur,sex_f,ocu_isco08_8,2013,59.986
tur,sex_f,ocu_isco08_8,2014,57.364
tur,sex_f,ocu_isco08_8,2015,57.653
tur,sex_f,ocu_isco08_8,2016,61.49
tur,sex_f,ocu_isco08_8,2017,63.586
tur,sex_f,ocu_isco08_8,2018,64.162
tur,sex_f,ocu_isco08_8,2019,65.695
tur,sex_f,ocu_isco08_8,2020,41.306
tur,sex_f,ocu_isco08_8,2021,37.549
tur,sex_f,ocu_isco08_8,2022,39.459
tur,sex_f,ocu_isco08_8,2023,40.266
tur,sex_f,ocu_isco08_9,2012,1026.441
tur,sex_f,ocu_isco08_9,2013,1071.031
tur,sex_f,ocu_isco08_9,2014,1061.693
tur,sex_f,ocu_isco08_9,2015,1112.232
tur,sex_f,ocu_isco08_9,2016,1119.372
tur,sex_f,ocu_isco08_9,2017,1190.727
tur,sex_f,ocu_isco08_9,2018,1149.372
tur,sex_f,ocu_isco08_9,2019,1044.06
tur,sex_f,ocu_isco08_9,2020,873.819
tur,sex_f,ocu_isco08_9,2021,1029.685
tur,sex_f,ocu_isco08_9,2022,1078.289
tur,sex_f,ocu_isco08_9,2023,1019.402
tur,sex_f,ocu_isco08_total,2012,4103.587
tur,sex_f,ocu_isco08_total,2013,4106.864
tur,sex_f,ocu_isco08_total,2014,3904.024
tur,sex_f,ocu_isco08_total,2015,3890.316
tur,sex_f,ocu_isco08_total,2016,3847.722
tur,sex_f,ocu_isco08_total,2017,4061.645
tur,sex_f,ocu_isco08_total,2018,4054.546
tur,sex_f,ocu_isco08_total,2019,3885.357
tur,sex_f,ocu_isco08_total,2020,3206.944
tur,sex_f,ocu_isco08_total,2021,3371.787
tur,sex_f,ocu_isco08_total,2022,3608.041
tur,sex_f,ocu_isco08_total,2023,3560.805
tur,sex_f,ocu_isco88_1,2000,34.438
tur,sex_f,ocu_isco88_1,2002,18.511
tur,sex_f,ocu_isco88_1,2003,24.167
tur,sex_f,ocu_isco88_1,2004,28.321
tur,sex_f,ocu_isco88_1,2005,46.632
tur,sex_f,ocu_isco88_1,2006,35.937
tur,sex_f,ocu_isco88_1,2007,29.472
tur,sex_f,ocu_isco88_1,2008,33.25
tur,sex_f,ocu_isco88_1,2009,31.344
tur,sex_f,ocu_isco88_1,2010,31.535
tur,sex_f,ocu_isco88_1,2011,28.354
tur,sex_f,ocu_isco88_2,2000,1.816
tur,sex_f,ocu_isco88_2,2002,27.24
tur,sex_f,ocu_isco88_2,2003,21.894
tur,sex_f,ocu_isco88_2,2004,32.797
tur,sex_f,ocu_isco88_2,2005,31.844
tur,sex_f,ocu_isco88_2,2006,32.267
tur,sex_f,ocu_isco88_2,2007,29.512
tur,sex_f,ocu_isco88_2,2008,26.301
tur,sex_f,ocu_isco88_2,2009,27.076
tur,sex_f,ocu_isco88_2,2010,25.39
tur,sex_f,ocu_isco88_2,2011,21.73
tur,sex_f,ocu_isco88_3,2000,54.582
tur,sex_f,ocu_isco88_3,2002,30.856
tur,sex_f,ocu_isco88_3,2003,33.008
tur,sex_f,ocu_isco88_3,2004,38.176
tur,sex_f,ocu_isco88_3,2005,52.251
tur,sex_f,ocu_isco88_3,2006,55.589
tur,sex_f,ocu_isco88_3,2007,51.676
tur,sex_f,ocu_isco88_3,2008,42.042
tur,sex_f,ocu_isco88_3,2009,54.808
tur,sex_f,ocu_isco88_3,2010,46.327
tur,sex_f,ocu_isco88_3,2011,52.01
tur,sex_f,ocu_isco88_4,2000,113.789
tur,sex_f,ocu_isco88_4,2002,70.546
tur,sex_f,ocu_isco88_4,2003,75.335
tur,sex_f,ocu_isco88_4,2004,81.685
tur,sex_f,ocu_isco88_4,2005,89.645
tur,sex_f,ocu_isco88_4,2006,92.384
tur,sex_f,ocu_isco88_4,2007,85.567
tur,sex_f,ocu_isco88_4,2008,79.267
tur,sex_f,ocu_isco88_4,2009,84.682
tur,sex_f,ocu_isco88_4,2010,86.628
tur,sex_f,ocu_isco88_4,2011,94.23
tur,sex_f,ocu_isco88_5,2000,140.212
tur,sex_f,ocu_isco88_5,2002,206.131
tur,sex_f,ocu_isco88_5,2003,217.287
tur,sex_f,ocu_isco88_5,2004,235.266
tur,sex_f,ocu_isco88_5,2005,268.151
tur,sex_f,ocu_isco88_5,2006,306.068
tur,sex_f,ocu_isco88_5,2007,314.232
tur,sex_f,ocu_isco88_5,2008,306.355
tur,sex_f,ocu_isco88_5,2009,352.916
tur,sex_f,ocu_isco88_5,2010,353.167
tur,sex_f,ocu_isco88_5,2011,423.188
tur,sex_f,ocu_isco88_6,2000,3486.177
tur,sex_f,ocu_isco88_6,2002,3272.458
tur,sex_f,ocu_isco88_6,2003,3250.805
tur,sex_f,ocu_isco88_6,2004,2135.861
tur,sex_f,ocu_isco88_6,2005,1994.103
tur,sex_f,ocu_isco88_6,2006,1829.939
tur,sex_f,ocu_isco88_6,2007,1777.092
tur,sex_f,ocu_isco88_6,2008,1779.125
tur,sex_f,ocu_isco88_6,2009,1840.245
tur,sex_f,ocu_isco88_6,2010,2079.969
tur,sex_f,ocu_isco88_6,2011,2144.337
tur,sex_f,ocu_isco88_7,2000,316.32
tur,sex_f,ocu_isco88_7,2002,258.063
tur,sex_f,ocu_isco88_7,2003,225.152
tur,sex_f,ocu_isco88_7,2004,229.264
tur,sex_f,ocu_isco88_7,2005,238.22
tur,sex_f,ocu_isco88_7,2006,231.175
tur,sex_f,ocu_isco88_7,2007,195.177
tur,sex_f,ocu_isco88_7,2008,195.432
tur,sex_f,ocu_isco88_7,2009,249.114
tur,sex_f,ocu_isco88_7,2010,282.687
tur,sex_f,ocu_isco88_7,2011,258.214
tur,sex_f,ocu_isco88_8,2000,11.88
tur,sex_f,ocu_isco88_8,2002,48.977
tur,sex_f,ocu_isco88_8,2003,71.175
tur,sex_f,ocu_isco88_8,2004,74.598
tur,sex_f,ocu_isco88_8,2005,95.994
tur,sex_f,ocu_isco88_8,2006,95.969
tur,sex_f,ocu_isco88_8,2007,94.588
tur,sex_f,ocu_isco88_8,2008,68.941
tur,sex_f,ocu_isco88_8,2009,67.301
tur,sex_f,ocu_isco88_8,2010,77.529
tur,sex_f,ocu_isco88_8,2011,77.436
tur,sex_f,ocu_isco88_9,2002,533.152
tur,sex_f,ocu_isco88_9,2003,310.356
tur,sex_f,ocu_isco88_9,2004,587.398
tur,sex_f,ocu_isco88_9,2005,557.675
tur,sex_f,ocu_isco88_9,2006,668.593
tur,sex_f,ocu_isco88_9,2007,704.957
tur,sex_f,ocu_isco88_9,2008,773.702
tur,sex_f,ocu_isco88_9,2009,844.233
tur,sex_f,ocu_isco88_9,2010,905.531
tur,sex_f,ocu_isco88_9,2011,1074.716
tur,sex_f,ocu_isco88_total,2000,4159.214
tur,sex_f,ocu_isco88_total,2002,4465.933
tur,sex_f,ocu_isco88_total,2003,4229.18
tur,sex_f,ocu_isco88_total,2004,3443.366
tur,sex_f,ocu_isco88_total,2005,3374.515
tur,sex_f,ocu_isco88_total,2006,3347.921
tur,sex_f,ocu_isco88_total,2007,3282.271
tur,sex_f,ocu_isco88_total,2008,3304.415
tur,sex_f,ocu_isco88_total,2009,3551.718
tur,sex_f,ocu_isco88_total,2010,3888.762
tur,sex_f,ocu_isco88_total,2011,4174.215
tur,sex_f,ocu_skill_l1,2002,533.152
tur,sex_f,ocu_skill_l1,2003,310.356
tur,sex_f,ocu_skill_l1,2004,587.398
tur,sex_f,ocu_skill_l1,2005,557.675
tur,sex_f,ocu_skill_l1,2006,668.593
tur,sex_f,ocu_skill_l1,2007,704.957
tur,sex_f,ocu_skill_l1,2008,773.702
tur,sex_f,ocu_skill_l1,2009,844.233
tur,sex_f,ocu_skill_l1,2010,905.531
tur,sex_f,ocu_skill_l1,2011,1074.716
tur,sex_f,ocu_skill_l1,2012,1026.441
tur,sex_f,ocu_skill_l1,2013,1071.031
tur,sex_f,ocu_skill_l1,2014,1061.693
tur,sex_f,ocu_skill_l1,2015,1112.232
tur,sex_f,ocu_skill_l1,2016,1119.372
tur,sex_f,ocu_skill_l1,2017,1190.727
tur,sex_f,ocu_skill_l1,2018,1149.372
tur,sex_f,ocu_skill_l1,2019,1044.06
tur,sex_f,ocu_skill_l1,2020,873.819
tur,sex_f,ocu_skill_l1,2021,1029.685
tur,sex_f,ocu_skill_l1,2022,1078.289
tur,sex_f,ocu_skill_l1,2023,1019.402
tur,sex_f,ocu_skill_l2,2000,4068.378
tur,sex_f,ocu_skill_l2,2002,3856.174
tur,sex_f,ocu_skill_l2,2003,3839.754
tur,sex_f,ocu_skill_l2,2004,2756.674
tur,sex_f,ocu_skill_l2,2005,2686.114
tur,sex_f,ocu_skill_l2,2006,2555.535
tur,sex_f,ocu_skill_l2,2007,2466.655
tur,sex_f,ocu_skill_l2,2008,2429.119
tur,sex_f,ocu_skill_l2,2009,2594.257
tur,sex_f,ocu_skill_l2,2010,2879.979
tur,sex_f,ocu_skill_l2,2011,2997.405
tur,sex_f,ocu_skill_l2,2012,2996.398
tur,sex_f,ocu_skill_l2,2013,2982.918
tur,sex_f,ocu_skill_l2,2014,2776.151
tur,sex_f,ocu_skill_l2,2015,2707.207
tur,sex_f,ocu_skill_l2,2016,2651.416
tur,sex_f,ocu_skill_l2,2017,2784.386
tur,sex_f,ocu_skill_l2,2018,2803.723
tur,sex_f,ocu_skill_l2,2019,2735.113
tur,sex_f,ocu_skill_l2,2020,2224.806
tur,sex_f,ocu_skill_l2,2021,2247.007
tur,sex_f,ocu_skill_l2,2022,2433.08
tur,sex_f,ocu_skill_l2,2023,2424.657
tur,sex_f,ocu_skill_l3_4,2000,90.836
tur,sex_f,ocu_skill_l3_4,2002,76.607
tur,sex_f,ocu_skill_l3_4,2003,79.07
tur,sex_f,ocu_skill_l3_4,2004,99.294
tur,sex_f,ocu_skill_l3_4,2005,130.726
tur,sex_f,ocu_skill_l3_4,2006,123.792
tur,sex_f,ocu_skill_l3_4,2007,110.66
tur,sex_f,ocu_skill_l3_4,2008,101.594
tur,sex_f,ocu_skill_l3_4,2009,113.228
tur,sex_f,ocu_skill_l3_4,2010,103.251
tur,sex_f,ocu_skill_l3_4,2011,102.094
tur,sex_f,ocu_skill_l3_4,2012,80.749
tur,sex_f,ocu_skill_l3_4,2013,52.914
tur,sex_f,ocu_skill_l3_4,2014,66.179
tur,sex_f,ocu_skill_l3_4,2015,70.878
tur,sex_f,ocu_skill_l3_4,2016,76.933
tur,sex_f,ocu_skill_l3_4,2017,86.532
tur,sex_f,ocu_skill_l3_4,2018,101.451
tur,sex_f,ocu_skill_l3_4,2019,106.184
tur,sex_f,ocu_skill_l3_4,2020,108.32
tur,sex_f,ocu_skill_l3_4,2021,95.095
tur,sex_f,ocu_skill_l3_4,2022,96.672
tur,sex_f,ocu_skill_l3_4,2023,116.747
tur,sex_f,ocu_skill_total,2000,4159.214
tur,sex_f,ocu_skill_total,2002,4465.933
tur,sex_f,ocu_skill_total,2003,4229.18
tur,sex_f,ocu_skill_total,2004,3443.366
tur,sex_f,ocu_skill_total,2005,3374.515
tur,sex_f,ocu_skill_total,2006,3347.921
tur,sex_f,ocu_skill_total,2007,3282.271
tur,sex_f,ocu_skill_total,2008,3304.415
tur,sex_f,ocu_skill_total,2009,3551.718
tur,sex_f,ocu_skill_total,2010,3888.762
tur,sex_f,ocu_skill_total,2011,4174.215
tur,sex_f,ocu_skill_total,2012,4103.587
tur,sex_f,ocu_skill_total,2013,4106.864
tur,sex_f,ocu_skill_total,2014,3904.024
tur,sex_f,ocu_skill_total,2015,3890.316
tur,sex_f,ocu_skill_total,2016,3847.722
tur,sex_f,ocu_skill_total,2017,4061.645
tur,sex_f,ocu_skill_total,2018,4054.546
tur,sex_f,ocu_skill_total,2019,3885.357
tur,sex_f,ocu_skill_total,2020,3206.944
tur,sex_f,ocu_skill_total,2021,3371.787
tur,sex_f,ocu_skill_total,2022,3608.041
tur,sex_f,ocu_skill_total,2023,3560.805
tur,sex_m,ocu_isco08_1,2012,200.664
tur,sex_m,ocu_isco08_1,2013,121.244
tur,sex_m,ocu_isco08_1,2014,150.982
tur,sex_m,ocu_isco08_1,2015,140.783
tur,sex_m,ocu_isco08_1,2016,153.816
tur,sex_m,ocu_isco08_1,2017,154.373
tur,sex_m,ocu_isco08_1,2018,182.091
tur,sex_m,ocu_isco08_1,2019,231.904
tur,sex_m,ocu_isco08_1,2020,213.237
tur,sex_m,ocu_isco08_1,2021,155.929
tur,sex_m,ocu_isco08_1,2022,115.305
tur,sex_m,ocu_isco08_1,2023,133.678
tur,sex_m,ocu_isco08_2,2012,58.367
tur,sex_m,ocu_isco08_2,2013,51.09
tur,sex_m,ocu_isco08_2,2014,64.054
tur,sex_m,ocu_isco08_2,2015,61.967
tur,sex_m,ocu_isco08_2,2016,68.878
tur,sex_m,ocu_isco08_2,2017,74.612
tur,sex_m,ocu_isco08_2,2018,97.332
tur,sex_m,ocu_isco08_2,2019,125.399
tur,sex_m,ocu_isco08_2,2020,111.306
tur,sex_m,ocu_isco08_2,2021,77.219
tur,sex_m,ocu_isco08_2,2022,92.326
tur,sex_m,ocu_isco08_2,2023,98.123
tur,sex_m,ocu_isco08_3,2012,101.289
tur,sex_m,ocu_isco08_3,2013,87.757
tur,sex_m,ocu_isco08_3,2014,110.814
tur,sex_m,ocu_isco08_3,2015,104.104
tur,sex_m,ocu_isco08_3,2016,112.068
tur,sex_m,ocu_isco08_3,2017,134.603
tur,sex_m,ocu_isco08_3,2018,153.482
tur,sex_m,ocu_isco08_3,2019,151.958
tur,sex_m,ocu_isco08_3,2020,130.483
tur,sex_m,ocu_isco08_3,2021,126.28
tur,sex_m,ocu_isco08_3,2022,117.005
tur,sex_m,ocu_isco08_3,2023,136.018
tur,sex_m,ocu_isco08_4,2012,61.549
tur,sex_m,ocu_isco08_4,2013,58.266
tur,sex_m,ocu_isco08_4,2014,62.286
tur,sex_m,ocu_isco08_4,2015,59.748
tur,sex_m,ocu_isco08_4,2016,79.25
tur,sex_m,ocu_isco08_4,2017,83.891
tur,sex_m,ocu_isco08_4,2018,82.696
tur,sex_m,ocu_isco08_4,2019,86.338
tur,sex_m,ocu_isco08_4,2020,55.897
tur,sex_m,ocu_isco08_4,2021,48.318
tur,sex_m,ocu_isco08_4,2022,46.849
tur,sex_m,ocu_isco08_4,2023,56.124
tur,sex_m,ocu_isco08_5,2012,932.359
tur,sex_m,ocu_isco08_5,2013,912.056
tur,sex_m,ocu_isco08_5,2014,904.329
tur,sex_m,ocu_isco08_5,2015,886.269
tur,sex_m,ocu_isco08_5,2016,930.348
tur,sex_m,ocu_isco08_5,2017,976.24
tur,sex_m,ocu_isco08_5,2018,963.065
tur,sex_m,ocu_isco08_5,2019,1056.119
tur,sex_m,ocu_isco08_5,2020,816.133
tur,sex_m,ocu_isco08_5,2021,819.151
tur,sex_m,ocu_isco08_5,2022,817.846
tur,sex_m,ocu_isco08_5,2023,830.656
tur,sex_m,ocu_isco08_6,2012,2052.789
tur,sex_m,ocu_isco08_6,2013,2029.862
tur,sex_m,ocu_isco08_6,2014,1857.478
tur,sex_m,ocu_isco08_6,2015,1797.312
tur,sex_m,ocu_isco08_6,2016,1788.811
tur,sex_m,ocu_isco08_6,2017,1889.158
tur,sex_m,ocu_isco08_6,2018,1967.709
tur,sex_m,ocu_isco08_6,2019,1962.182
tur,sex_m,ocu_isco08_6,2020,1830.549
tur,sex_m,ocu_isco08_6,2021,1858.575
tur,sex_m,ocu_isco08_6,2022,1694.474
tur,sex_m,ocu_isco08_6,2023,1682.237
tur,sex_m,ocu_isco08_7,2012,954.598
tur,sex_m,ocu_isco08_7,2013,910.979
tur,sex_m,ocu_isco08_7,2014,918.828
tur,sex_m,ocu_isco08_7,2015,902.701
tur,sex_m,ocu_isco08_7,2016,933.061
tur,sex_m,ocu_isco08_7,2017,952.663
tur,sex_m,ocu_isco08_7,2018,974.145
tur,sex_m,ocu_isco08_7,2019,950.565
tur,sex_m,ocu_isco08_7,2020,795.93
tur,sex_m,ocu_isco08_7,2021,795.189
tur,sex_m,ocu_isco08_7,2022,786.725
tur,sex_m,ocu_isco08_7,2023,830.927
tur,sex_m,ocu_isco08_8,2012,460.07
tur,sex_m,ocu_isco08_8,2013,398.558
tur,sex_m,ocu_isco08_8,2014,411.702
tur,sex_m,ocu_isco08_8,2015,408.754
tur,sex_m,ocu_isco08_8,2016,431.856
tur,sex_m,ocu_isco08_8,2017,466.97
tur,sex_m,ocu_isco08_8,2018,479.879
tur,sex_m,ocu_isco08_8,2019,465.269
tur,sex_m,ocu_isco08_8,2020,341.52
tur,sex_m,ocu_isco08_8,2021,320.872
tur,sex_m,ocu_isco08_8,2022,312.705
tur,sex_m,ocu_isco08_8,2023,328.021
tur,sex_m,ocu_isco08_9,2012,1042.258
tur,sex_m,ocu_isco08_9,2013,973.275
tur,sex_m,ocu_isco08_9,2014,1028.699
tur,sex_m,ocu_isco08_9,2015,1007.536
tur,sex_m,ocu_isco08_9,2016,1051.138
tur,sex_m,ocu_isco08_9,2017,1072.407
tur,sex_m,ocu_isco08_9,2018,1031.587
tur,sex_m,ocu_isco08_9,2019,980.875
tur,sex_m,ocu_isco08_9,2020,922.247
tur,sex_m,ocu_isco08_9,2021,1033.169
tur,sex_m,ocu_isco08_9,2022,1049.9
tur,sex_m,ocu_isco08_9,2023,981.363
tur,sex_m,ocu_isco08_total,2012,5863.944
tur,sex_m,ocu_isco08_total,2013,5543.088
tur,sex_m,ocu_isco08_total,2014,5509.172
tur,sex_m,ocu_isco08_total,2015,5369.174
tur,sex_m,ocu_isco08_total,2016,5549.227
tur,sex_m,ocu_isco08_total,2017,5804.916
tur,sex_m,ocu_isco08_total,2018,5931.987
tur,sex_m,ocu_isco08_total,2019,6010.608
tur,sex_m,ocu_isco08_total,2020,5217.302
tur,sex_m,ocu_isco08_total,2021,5234.702
tur,sex_m,ocu_isco08_total,2022,5033.135
tur,sex_m,ocu_isco08_total,2023,5077.147
tur,sex_m,ocu_isco88_1,2000,82.871
tur,sex_m,ocu_isco88_1,2002,294.907
tur,sex_m,ocu_isco88_1,2003,354.677
tur,sex_m,ocu_isco88_1,2004,404.022
tur,sex_m,ocu_isco88_1,2005,537.725
tur,sex_m,ocu_isco88_1,2006,498.365
tur,sex_m,ocu_isco88_1,2007,469.04
tur,sex_m,ocu_isco88_1,2008,475.31
tur,sex_m,ocu_isco88_1,2009,446.583
tur,sex_m,ocu_isco88_1,2010,416.878
tur,sex_m,ocu_isco88_1,2011,385.928
tur,sex_m,ocu_isco88_2,2000,35.479
tur,sex_m,ocu_isco88_2,2002,46.774
tur,sex_m,ocu_isco88_2,2003,55.686
tur,sex_m,ocu_isco88_2,2004,65.2
tur,sex_m,ocu_isco88_2,2005,65.679
tur,sex_m,ocu_isco88_2,2006,72.336
tur,sex_m,ocu_isco88_2,2007,71.452
tur,sex_m,ocu_isco88_2,2008,53.75
tur,sex_m,ocu_isco88_2,2009,55.044
tur,sex_m,ocu_isco88_2,2010,51.345
tur,sex_m,ocu_isco88_2,2011,48.981
tur,sex_m,ocu_isco88_3,2000,58.807
tur,sex_m,ocu_isco88_3,2002,117.64
tur,sex_m,ocu_isco88_3,2003,117.119
tur,sex_m,ocu_isco88_3,2004,135.444
tur,sex_m,ocu_isco88_3,2005,152.974
tur,sex_m,ocu_isco88_3,2006,160.95
tur,sex_m,ocu_isco88_3,2007,149.79
tur,sex_m,ocu_isco88_3,2008,143.86
tur,sex_m,ocu_isco88_3,2009,132.238
tur,sex_m,ocu_isco88_3,2010,124.289
tur,sex_m,ocu_isco88_3,2011,128.269
tur,sex_m,ocu_isco88_4,2000,775.939
tur,sex_m,ocu_isco88_4,2002,92.568
tur,sex_m,ocu_isco88_4,2003,83.539
tur,sex_m,ocu_isco88_4,2004,92.309
tur,sex_m,ocu_isco88_4,2005,104.56
tur,sex_m,ocu_isco88_4,2006,125.158
tur,sex_m,ocu_isco88_4,2007,112.035
tur,sex_m,ocu_isco88_4,2008,111.418
tur,sex_m,ocu_isco88_4,2009,113.463
tur,sex_m,ocu_isco88_4,2010,108.086
tur,sex_m,ocu_isco88_4,2011,99.145
tur,sex_m,ocu_isco88_5,2000,428.377
tur,sex_m,ocu_isco88_5,2002,827.624
tur,sex_m,ocu_isco88_5,2003,810.084
tur,sex_m,ocu_isco88_5,2004,799.17
tur,sex_m,ocu_isco88_5,2005,767.294
tur,sex_m,ocu_isco88_5,2006,838.577
tur,sex_m,ocu_isco88_5,2007,828.908
tur,sex_m,ocu_isco88_5,2008,733.268
tur,sex_m,ocu_isco88_5,2009,775.814
tur,sex_m,ocu_isco88_5,2010,775.675
tur,sex_m,ocu_isco88_5,2011,765.904
tur,sex_m,ocu_isco88_6,2000,3561.126
tur,sex_m,ocu_isco88_6,2002,2787.016
tur,sex_m,ocu_isco88_6,2003,2906.456
tur,sex_m,ocu_isco88_6,2004,2363.316
tur,sex_m,ocu_isco88_6,2005,2007.531
tur,sex_m,ocu_isco88_6,2006,1807.452
tur,sex_m,ocu_isco88_6,2007,1766.321
tur,sex_m,ocu_isco88_6,2008,1794.298
tur,sex_m,ocu_isco88_6,2009,1890.519
tur,sex_m,ocu_isco88_6,2010,1972.486
tur,sex_m,ocu_isco88_6,2011,1986.429
tur,sex_m,ocu_isco88_7,2000,2103.772
tur,sex_m,ocu_isco88_7,2002,1176.549
tur,sex_m,ocu_isco88_7,2003,1160.905
tur,sex_m,ocu_isco88_7,2004,1179.323
tur,sex_m,ocu_isco88_7,2005,1242.441
tur,sex_m,ocu_isco88_7,2006,1218.959
tur,sex_m,ocu_isco88_7,2007,1175.753
tur,sex_m,ocu_isco88_7,2008,1089.385
tur,sex_m,ocu_isco88_7,2009,1005.131
tur,sex_m,ocu_isco88_7,2010,1057.551
tur,sex_m,ocu_isco88_7,2011,1053.242
tur,sex_m,ocu_isco88_8,2000,12.888
tur,sex_m,ocu_isco88_8,2002,479.066
tur,sex_m,ocu_isco88_8,2003,496.616
tur,sex_m,ocu_isco88_8,2004,565.034
tur,sex_m,ocu_isco88_8,2005,615.287
tur,sex_m,ocu_isco88_8,2006,641.385
tur,sex_m,ocu_isco88_8,2007,645.714
tur,sex_m,ocu_isco88_8,2008,570.679
tur,sex_m,ocu_isco88_8,2009,525.796
tur,sex_m,ocu_isco88_8,2010,533.997
tur,sex_m,ocu_isco88_8,2011,525.878
tur,sex_m,ocu_isco88_9,2002,924.912
tur,sex_m,ocu_isco88_9,2003,809.443
tur,sex_m,ocu_isco88_9,2004,968.603
tur,sex_m,ocu_isco88_9,2005,973.859
tur,sex_m,ocu_isco88_9,2006,1040.071
tur,sex_m,ocu_isco88_9,2007,1044.755
tur,sex_m,ocu_isco88_9,2008,1076.945
tur,sex_m,ocu_isco88_9,2009,1091.577
tur,sex_m,ocu_isco88_9,2010,1102.237
tur,sex_m,ocu_isco88_9,2011,1247.851
tur,sex_m,ocu_isco88_total,2000,7059.259
tur,sex_m,ocu_isco88_total,2002,6747.055
tur,sex_m,ocu_isco88_total,2003,6794.524
tur,sex_m,ocu_isco88_total,2004,6572.42
tur,sex_m,ocu_isco88_total,2005,6467.349
tur,sex_m,ocu_isco88_total,2006,6403.253
tur,sex_m,ocu_isco88_total,2007,6263.768
tur,sex_m,ocu_isco88_total,2008,6048.913
tur,sex_m,ocu_isco88_total,2009,6036.166
tur,sex_m,ocu_isco88_total,2010,6142.544
tur,sex_m,ocu_isco88_total,2011,6241.628
tur,sex_m,ocu_skill_l1,2002,924.912
tur,sex_m,ocu_skill_l1,2003,809.443
tur,sex_m,ocu_skill_l1,2004,968.603
tur,sex_m,ocu_skill_l1,2005,973.859
tur,sex_m,ocu_skill_l1,2006,1040.071
tur,sex_m,ocu_skill_l1,2007,1044.755
tur,sex_m,ocu_skill_l1,2008,1076.945
tur,sex_m,ocu_skill_l1,2009,1091.577
tur,sex_m,ocu_skill_l1,2010,1102.237
tur,sex_m,ocu_skill_l1,2011,1247.851
tur,sex_m,ocu_skill_l1,2012,1042.258
tur,sex_m,ocu_skill_l1,2013,973.275
tur,sex_m,ocu_skill_l1,2014,1028.699
tur,sex_m,ocu_skill_l1,2015,1007.536
tur,sex_m,ocu_skill_l1,2016,1051.138
tur,sex_m,ocu_skill_l1,2017,1072.407
tur,sex_m,ocu_skill_l1,2018,1031.587
tur,sex_m,ocu_skill_l1,2019,980.875
tur,sex_m,ocu_skill_l1,2020,922.247
tur,sex_m,ocu_skill_l1,2021,1033.169
tur,sex_m,ocu_skill_l1,2022,1049.9
tur,sex_m,ocu_skill_l1,2023,981.363
tur,sex_m,ocu_skill_l2,2000,6882.102
tur,sex_m,ocu_skill_l2,2002,5362.822
tur,sex_m,ocu_skill_l2,2003,5457.599
tur,sex_m,ocu_skill_l2,2004,4999.152
tur,sex_m,ocu_skill_l2,2005,4737.112
tur,sex_m,ocu_skill_l2,2006,4631.531
tur,sex_m,ocu_skill_l2,2007,4528.731
tur,sex_m,ocu_skill_l2,2008,4299.048
tur,sex_m,ocu_skill_l2,2009,4310.724
tur,sex_m,ocu_skill_l2,2010,4447.795
tur,sex_m,ocu_skill_l2,2011,4430.599
tur,sex_m,ocu_skill_l2,2012,4461.366
tur,sex_m,ocu_skill_l2,2013,4309.721
tur,sex_m,ocu_skill_l2,2014,4154.622
tur,sex_m,ocu_skill_l2,2015,4054.784
tur,sex_m,ocu_skill_l2,2016,4163.326
tur,sex_m,ocu_skill_l2,2017,4368.922
tur,sex_m,ocu_skill_l2,2018,4467.494
tur,sex_m,ocu_skill_l2,2019,4520.473
tur,sex_m,ocu_skill_l2,2020,3840.029
tur,sex_m,ocu_skill_l2,2021,3842.105
tur,sex_m,ocu_skill_l2,2022,3658.598
tur,sex_m,ocu_skill_l2,2023,3727.965
tur,sex_m,ocu_skill_l3_4,2000,177.157
tur,sex_m,ocu_skill_l3_4,2002,459.321
tur,sex_m,ocu_skill_l3_4,2003,527.482
tur,sex_m,ocu_skill_l3_4,2004,604.665
tur,sex_m,ocu_skill_l3_4,2005,756.378
tur,sex_m,ocu_skill_l3_4,2006,731.652
tur,sex_m,ocu_skill_l3_4,2007,690.282
tur,sex_m,ocu_skill_l3_4,2008,672.92
tur,sex_m,ocu_skill_l3_4,2009,633.866
tur,sex_m,ocu_skill_l3_4,2010,592.512
tur,sex_m,ocu_skill_l3_4,2011,563.178
tur,sex_m,ocu_skill_l3_4,2012,360.32
tur,sex_m,ocu_skill_l3_4,2013,260.092
tur,sex_m,ocu_skill_l3_4,2014,325.85
tur,sex_m,ocu_skill_l3_4,2015,306.854
tur,sex_m,ocu_skill_l3_4,2016,334.763
tur,sex_m,ocu_skill_l3_4,2017,363.588
tur,sex_m,ocu_skill_l3_4,2018,432.905
tur,sex_m,ocu_skill_l3_4,2019,509.26
tur,sex_m,ocu_skill_l3_4,2020,455.026
tur,sex_m,ocu_skill_l3_4,2021,359.428
tur,sex_m,ocu_skill_l3_4,2022,324.637
tur,sex_m,ocu_skill_l3_4,2023,367.819
tur,sex_m,ocu_skill_total,2000,7059.259
tur,sex_m,ocu_skill_total,2002,6747.055
tur,sex_m,ocu_skill_total,2003,6794.524
tur,sex_m,ocu_skill_total,2004,6572.42
tur,sex_m,ocu_skill_total,2005,6467.349
tur,sex_m,ocu_skill_total,2006,6403.253
tur,sex_m,ocu_skill_total,2007,6263.768
tur,sex_m,ocu_skill_total,2008,6048.913
tur,sex_m,ocu_skill_total,2009,6036.166
tur,sex_m,ocu_skill_total,2010,6142.544
tur,sex_m,ocu_skill_total,2011,6241.628
tur,sex_m,ocu_skill_total,2012,5863.944
tur,sex_m,ocu_skill_total,2013,5543.088
tur,sex_m,ocu_skill_total,2014,5509.172
tur,sex_m,ocu_skill_total,2015,5369.174
tur,sex_m,ocu_skill_total,2016,5549.227
tur,sex_m,ocu_skill_total,2017,5804.916
tur,sex_m,ocu_skill_total,2018,5931.987
tur,sex_m,ocu_skill_total,2019,6010.608
tur,sex_m,ocu_skill_total,2020,5217.302
tur,sex_m,ocu_skill_total,2021,5234.702
tur,sex_m,ocu_skill_total,2022,5033.135
tur,sex_m,ocu_skill_total,2023,5077.147
tur,sex_t,ocu_isco08_1,2012,213.895
tur,sex_t,ocu_isco08_1,2013,128.31
tur,sex_t,ocu_isco08_1,2014,162.502
tur,sex_t,ocu_isco08_1,2015,150.897
tur,sex_t,ocu_isco08_1,2016,163.503
tur,sex_t,ocu_isco08_1,2017,162.965
tur,sex_t,ocu_isco08_1,2018,195.95
tur,sex_t,ocu_isco08_1,2019,251.007
tur,sex_t,ocu_isco08_1,2020,234.96
tur,sex_t,ocu_isco08_1,2021,169.968
tur,sex_t,ocu_isco08_1,2022,130.274
tur,sex_t,ocu_isco08_1,2023,153.094
tur,sex_t,ocu_isco08_2,2012,91.261
tur,sex_t,ocu_isco08_2,2013,74.597
tur,sex_t,ocu_isco08_2,2014,92.362
tur,sex_t,ocu_isco08_2,2015,92.324
tur,sex_t,ocu_isco08_2,2016,106.929
tur,sex_t,ocu_isco08_2,2017,118.348
tur,sex_t,ocu_isco08_2,2018,147.437
tur,sex_t,ocu_isco08_2,2019,179.383
tur,sex_t,ocu_isco08_2,2020,169.754
tur,sex_t,ocu_isco08_2,2021,128.308
tur,sex_t,ocu_isco08_2,2022,145.054
tur,sex_t,ocu_isco08_2,2023,165.667
tur,sex_t,ocu_isco08_3,2012,135.912
tur,sex_t,ocu_isco08_3,2013,110.099
tur,sex_t,ocu_isco08_3,2014,137.166
tur,sex_t,ocu_isco08_3,2015,134.511
tur,sex_t,ocu_isco08_3,2016,141.264
tur,sex_t,ocu_isco08_3,2017,168.808
tur,sex_t,ocu_isco08_3,2018,190.969
tur,sex_t,ocu_isco08_3,2019,185.054
tur,sex_t,ocu_isco08_3,2020,158.631
tur,sex_t,ocu_isco08_3,2021,156.248
tur,sex_t,ocu_isco08_3,2022,145.981
tur,sex_t,ocu_isco08_3,2023,165.805
tur,sex_t,ocu_isco08_4,2012,116.279
tur,sex_t,ocu_isco08_4,2013,111.632
tur,sex_t,ocu_isco08_4,2014,114.757
tur,sex_t,ocu_isco08_4,2015,111.451
tur,sex_t,ocu_isco08_4,2016,136.648
tur,sex_t,ocu_isco08_4,2017,143.273
tur,sex_t,ocu_isco08_4,2018,152.758
tur,sex_t,ocu_isco08_4,2019,145.029
tur,sex_t,ocu_isco08_4,2020,93.207
tur,sex_t,ocu_isco08_4,2021,84.895
tur,sex_t,ocu_isco08_4,2022,89.352
tur,sex_t,ocu_isco08_4,2023,96.03
tur,sex_t,ocu_isco08_5,2012,1494.612
tur,sex_t,ocu_isco08_5,2013,1517.917
tur,sex_t,ocu_isco08_5,2014,1584.887
tur,sex_t,ocu_isco08_5,2015,1598.852
tur,sex_t,ocu_isco08_5,2016,1691.986
tur,sex_t,ocu_isco08_5,2017,1801.434
tur,sex_t,ocu_isco08_5,2018,1855.137
tur,sex_t,ocu_isco08_5,2019,1964.722
tur,sex_t,ocu_isco08_5,2020,1530.477
tur,sex_t,ocu_isco08_5,2021,1538.437
tur,sex_t,ocu_isco08_5,2022,1740.629
tur,sex_t,ocu_isco08_5,2023,1788.599
tur,sex_t,ocu_isco08_6,2012,4142.153
tur,sex_t,ocu_isco08_6,2013,4036.961
tur,sex_t,ocu_isco08_6,2014,3588.988
tur,sex_t,ocu_isco08_6,2015,3450.606
tur,sex_t,ocu_isco08_6,2016,3306.576
tur,sex_t,ocu_isco08_6,2017,3450.192
tur,sex_t,ocu_isco08_6,2018,3471.942
tur,sex_t,ocu_isco08_6,2019,3431.956
tur,sex_t,ocu_isco08_6,2020,3046.837
tur,sex_t,ocu_isco08_6,2021,3100.051
tur,sex_t,ocu_isco08_6,2022,2905.568
tur,sex_t,ocu_isco08_6,2023,2839.573
tur,sex_t,ocu_isco08_7,2012,1177.384
tur,sex_t,ocu_isco08_7,2013,1167.585
tur,sex_t,ocu_isco08_7,2014,1173.075
tur,sex_t,ocu_isco08_7,2015,1134.676
tur,sex_t,ocu_isco08_7,2016,1186.186
tur,sex_t,ocu_isco08_7,2017,1227.853
tur,sex_t,ocu_isco08_7,2018,1247.339
tur,sex_t,ocu_isco08_7,2019,1182.916
tur,sex_t,ocu_isco08_7,2020,1011.487
tur,sex_t,ocu_isco08_7,2021,1007.307
tur,sex_t,ocu_isco08_7,2022,1003.964
tur,sex_t,ocu_isco08_7,2023,1060.134
tur,sex_t,ocu_isco08_8,2012,527.336
tur,sex_t,ocu_isco08_8,2013,458.544
tur,sex_t,ocu_isco08_8,2014,469.066
tur,sex_t,ocu_isco08_8,2015,466.407
tur,sex_t,ocu_isco08_8,2016,493.346
tur,sex_t,ocu_isco08_8,2017,530.555
tur,sex_t,ocu_isco08_8,2018,544.04
tur,sex_t,ocu_isco08_8,2019,530.964
tur,sex_t,ocu_isco08_8,2020,382.826
tur,sex_t,ocu_isco08_8,2021,358.421
tur,sex_t,ocu_isco08_8,2022,352.164
tur,sex_t,ocu_isco08_8,2023,368.287
tur,sex_t,ocu_isco08_9,2012,2068.699
tur,sex_t,ocu_isco08_9,2013,2044.307
tur,sex_t,ocu_isco08_9,2014,2090.392
tur,sex_t,ocu_isco08_9,2015,2119.768
tur,sex_t,ocu_isco08_9,2016,2170.51
tur,sex_t,ocu_isco08_9,2017,2263.134
tur,sex_t,ocu_isco08_9,2018,2180.96
tur,sex_t,ocu_isco08_9,2019,2024.935
tur,sex_t,ocu_isco08_9,2020,1796.066
tur,sex_t,ocu_isco08_9,2021,2062.854
tur,sex_t,ocu_isco08_9,2022,2128.189
tur,sex_t,ocu_isco08_9,2023,2000.764
tur,sex_t,ocu_isco08_total,2012,9967.531
tur,sex_t,ocu_isco08_total,2013,9649.952
tur,sex_t,ocu_isco08_total,2014,9413.195
tur,sex_t,ocu_isco08_total,2015,9259.49
tur,sex_t,ocu_isco08_total,2016,9396.949
tur,sex_t,ocu_isco08_total,2017,9866.562
tur,sex_t,ocu_isco08_total,2018,9986.533
tur,sex_t,ocu_isco08_total,2019,9895.965
tur,sex_t,ocu_isco08_total,2020,8424.246
tur,sex_t,ocu_isco08_total,2021,8606.49
tur,sex_t,ocu_isco08_total,2022,8641.176
tur,sex_t,ocu_isco08_total,2023,8637.953
tur,sex_t,ocu_isco88_1,2000,117.308
tur,sex_t,ocu_isco88_1,2002,313.418
tur,sex_t,ocu_isco88_1,2003,378.844
tur,sex_t,ocu_isco88_1,2004,432.343
tur,sex_t,ocu_isco88_1,2005,584.357
tur,sex_t,ocu_isco88_1,2006,534.302
tur,sex_t,ocu_isco88_1,2007,498.512
tur,sex_t,ocu_isco88_1,2008,508.56
tur,sex_t,ocu_isco88_1,2009,477.928
tur,sex_t,ocu_isco88_1,2010,448.413
tur,sex_t,ocu_isco88_1,2011,414.282
tur,sex_t,ocu_isco88_2,2000,37.295
tur,sex_t,ocu_isco88_2,2002,74.014
tur,sex_t,ocu_isco88_2,2003,77.58
tur,sex_t,ocu_isco88_2,2004,97.997
tur,sex_t,ocu_isco88_2,2005,97.523
tur,sex_t,ocu_isco88_2,2006,104.603
tur,sex_t,ocu_isco88_2,2007,100.964
tur,sex_t,ocu_isco88_2,2008,80.051
tur,sex_t,ocu_isco88_2,2009,82.121
tur,sex_t,ocu_isco88_2,2010,76.735
tur,sex_t,ocu_isco88_2,2011,70.711
tur,sex_t,ocu_isco88_3,2000,113.39
tur,sex_t,ocu_isco88_3,2002,148.496
tur,sex_t,ocu_isco88_3,2003,150.128
tur,sex_t,ocu_isco88_3,2004,173.62
tur,sex_t,ocu_isco88_3,2005,205.225
tur,sex_t,ocu_isco88_3,2006,216.539
tur,sex_t,ocu_isco88_3,2007,201.466
tur,sex_t,ocu_isco88_3,2008,185.903
tur,sex_t,ocu_isco88_3,2009,187.045
tur,sex_t,ocu_isco88_3,2010,170.616
tur,sex_t,ocu_isco88_3,2011,180.279
tur,sex_t,ocu_isco88_4,2000,889.728
tur,sex_t,ocu_isco88_4,2002,163.114
tur,sex_t,ocu_isco88_4,2003,158.873
tur,sex_t,ocu_isco88_4,2004,173.993
tur,sex_t,ocu_isco88_4,2005,194.205
tur,sex_t,ocu_isco88_4,2006,217.542
tur,sex_t,ocu_isco88_4,2007,197.601
tur,sex_t,ocu_isco88_4,2008,190.685
tur,sex_t,ocu_isco88_4,2009,198.145
tur,sex_t,ocu_isco88_4,2010,194.713
tur,sex_t,ocu_isco88_4,2011,193.376
tur,sex_t,ocu_isco88_5,2000,568.588
tur,sex_t,ocu_isco88_5,2002,1033.754
tur,sex_t,ocu_isco88_5,2003,1027.372
tur,sex_t,ocu_isco88_5,2004,1034.436
tur,sex_t,ocu_isco88_5,2005,1035.445
tur,sex_t,ocu_isco88_5,2006,1144.645
tur,sex_t,ocu_isco88_5,2007,1143.14
tur,sex_t,ocu_isco88_5,2008,1039.622
tur,sex_t,ocu_isco88_5,2009,1128.729
tur,sex_t,ocu_isco88_5,2010,1128.842
tur,sex_t,ocu_isco88_5,2011,1189.092
tur,sex_t,ocu_isco88_6,2000,7047.304
tur,sex_t,ocu_isco88_6,2002,6059.474
tur,sex_t,ocu_isco88_6,2003,6157.26
tur,sex_t,ocu_isco88_6,2004,4499.178
tur,sex_t,ocu_isco88_6,2005,4001.634
tur,sex_t,ocu_isco88_6,2006,3637.391
tur,sex_t,ocu_isco88_6,2007,3543.412
tur,sex_t,ocu_isco88_6,2008,3573.423
tur,sex_t,ocu_isco88_6,2009,3730.765
tur,sex_t,ocu_isco88_6,2010,4052.455
tur,sex_t,ocu_isco88_6,2011,4130.766
tur,sex_t,ocu_isco88_7,2000,2420.092
tur,sex_t,ocu_isco88_7,2002,1434.612
tur,sex_t,ocu_isco88_7,2003,1386.057
tur,sex_t,ocu_isco88_7,2004,1408.587
tur,sex_t,ocu_isco88_7,2005,1480.66
tur,sex_t,ocu_isco88_7,2006,1450.134
tur,sex_t,ocu_isco88_7,2007,1370.931
tur,sex_t,ocu_isco88_7,2008,1284.818
tur,sex_t,ocu_isco88_7,2009,1254.245
tur,sex_t,ocu_isco88_7,2010,1340.237
tur,sex_t,ocu_isco88_7,2011,1311.456
tur,sex_t,ocu_isco88_8,2000,24.768
tur,sex_t,ocu_isco88_8,2002,528.043
tur,sex_t,ocu_isco88_8,2003,567.791
tur,sex_t,ocu_isco88_8,2004,639.632
tur,sex_t,ocu_isco88_8,2005,711.282
tur,sex_t,ocu_isco88_8,2006,737.354
tur,sex_t,ocu_isco88_8,2007,740.302
tur,sex_t,ocu_isco88_8,2008,639.62
tur,sex_t,ocu_isco88_8,2009,593.097
tur,sex_t,ocu_isco88_8,2010,611.526
tur,sex_t,ocu_isco88_8,2011,603.314
tur,sex_t,ocu_isco88_9,2002,1458.063
tur,sex_t,ocu_isco88_9,2003,1119.799
tur,sex_t,ocu_isco88_9,2004,1556.001
tur,sex_t,ocu_isco88_9,2005,1531.534
tur,sex_t,ocu_isco88_9,2006,1708.664
tur,sex_t,ocu_isco88_9,2007,1749.712
tur,sex_t,ocu_isco88_9,2008,1850.647
tur,sex_t,ocu_isco88_9,2009,1935.81
tur,sex_t,ocu_isco88_9,2010,2007.768
tur,sex_t,ocu_isco88_9,2011,2322.567
tur,sex_t,ocu_isco88_total,2000,11218.472
tur,sex_t,ocu_isco88_total,2002,11212.988
tur,sex_t,ocu_isco88_total,2003,11023.704
tur,sex_t,ocu_isco88_total,2004,10015.786
tur,sex_t,ocu_isco88_total,2005,9841.864
tur,sex_t,ocu_isco88_total,2006,9751.174
tur,sex_t,ocu_isco88_total,2007,9546.039
tur,sex_t,ocu_isco88_total,2008,9353.327
tur,sex_t,ocu_isco88_total,2009,9587.884
tur,sex_t,ocu_isco88_total,2010,10031.306
tur,sex_t,ocu_isco88_total,2011,10415.843
tur,sex_t,ocu_skill_l1,2002,1458.063
tur,sex_t,ocu_skill_l1,2003,1119.799
tur,sex_t,ocu_skill_l1,2004,1556.001
tur,sex_t,ocu_skill_l1,2005,1531.534
tur,sex_t,ocu_skill_l1,2006,1708.664
tur,sex_t,ocu_skill_l1,2007,1749.712
tur,sex_t,ocu_skill_l1,2008,1850.647
tur,sex_t,ocu_skill_l1,2009,1935.81
tur,sex_t,ocu_skill_l1,2010,2007.768
tur,sex_t,ocu_skill_l1,2011,2322.567
tur,sex_t,ocu_skill_l1,2012,2068.699
tur,sex_t,ocu_skill_l1,2013,2044.307
tur,sex_t,ocu_skill_l1,2014,2090.392
tur,sex_t,ocu_skill_l1,2015,2119.768
tur,sex_t,ocu_skill_l1,2016,2170.51
tur,sex_t,ocu_skill_l1,2017,2263.134
tur,sex_t,ocu_skill_l1,2018,2180.96
tur,sex_t,ocu_skill_l1,2019,2024.935
tur,sex_t,ocu_skill_l1,2020,1796.066
tur,sex_t,ocu_skill_l1,2021,2062.854
tur,sex_t,ocu_skill_l1,2022,2128.189
tur,sex_t,ocu_skill_l1,2023,2000.764
tur,sex_t,ocu_skill_l2,2000,10950.479
tur,sex_t,ocu_skill_l2,2002,9218.996
tur,sex_t,ocu_skill_l2,2003,9297.353
tur,sex_t,ocu_skill_l2,2004,7755.826
tur,sex_t,ocu_skill_l2,2005,7423.226
tur,sex_t,ocu_skill_l2,2006,7187.065
tur,sex_t,ocu_skill_l2,2007,6995.386
tur,sex_t,ocu_skill_l2,2008,6728.167
tur,sex_t,ocu_skill_l2,2009,6904.981
tur,sex_t,ocu_skill_l2,2010,7327.774
tur,sex_t,ocu_skill_l2,2011,7428.003
tur,sex_t,ocu_skill_l2,2012,7457.764
tur,sex_t,ocu_skill_l2,2013,7292.64
tur,sex_t,ocu_skill_l2,2014,6930.774
tur,sex_t,ocu_skill_l2,2015,6761.991
tur,sex_t,ocu_skill_l2,2016,6814.742
tur,sex_t,ocu_skill_l2,2017,7153.308
tur,sex_t,ocu_skill_l2,2018,7271.217
tur,sex_t,ocu_skill_l2,2019,7255.586
tur,sex_t,ocu_skill_l2,2020,6064.834
tur,sex_t,ocu_skill_l2,2021,6089.112
tur,sex_t,ocu_skill_l2,2022,6091.678
tur,sex_t,ocu_skill_l2,2023,6152.622
tur,sex_t,ocu_skill_l3_4,2000,267.993
tur,sex_t,ocu_skill_l3_4,2002,535.928
tur,sex_t,ocu_skill_l3_4,2003,606.552
tur,sex_t,ocu_skill_l3_4,2004,703.959
tur,sex_t,ocu_skill_l3_4,2005,887.104
tur,sex_t,ocu_skill_l3_4,2006,855.444
tur,sex_t,ocu_skill_l3_4,2007,800.942
tur,sex_t,ocu_skill_l3_4,2008,774.514
tur,sex_t,ocu_skill_l3_4,2009,747.093
tur,sex_t,ocu_skill_l3_4,2010,695.764
tur,sex_t,ocu_skill_l3_4,2011,665.273
tur,sex_t,ocu_skill_l3_4,2012,441.069
tur,sex_t,ocu_skill_l3_4,2013,313.006
tur,sex_t,ocu_skill_l3_4,2014,392.03
tur,sex_t,ocu_skill_l3_4,2015,377.732
tur,sex_t,ocu_skill_l3_4,2016,411.696
tur,sex_t,ocu_skill_l3_4,2017,450.12
tur,sex_t,ocu_skill_l3_4,2018,534.356
tur,sex_t,ocu_skill_l3_4,2019,615.444
tur,sex_t,ocu_skill_l3_4,2020,563.346
tur,sex_t,ocu_skill_l3_4,2021,454.524
tur,sex_t,ocu_skill_l3_4,2022,421.309
tur,sex_t,ocu_skill_l3_4,2023,484.566
tur,sex_t,ocu_skill_total,2000,11218.472
tur,sex_t,ocu_skill_total,2002,11212.988
tur,sex_t,ocu_skill_total,2003,11023.704
tur,sex_t,ocu_skill_total,2004,10015.786
tur,sex_t,ocu_skill_total,2005,9841.864
tur,sex_t,ocu_skill_total,2006,9751.174
tur,sex_t,ocu_skill_total,2007,9546.039
tur,sex_t,ocu_skill_total,2008,9353.327
tur,sex_t,ocu_skill_total,2009,9587.884
tur,sex_t,ocu_skill_total,2010,10031.306
tur,sex_t,ocu_skill_total,2011,10415.843
tur,sex_t,ocu_skill_total,2012,9967.531
tur,sex_t,ocu_skill_total,2013,9649.952
tur,sex_t,ocu_skill_total,2014,9413.195
tur,sex_t,ocu_skill_total,2015,9259.49
tur,sex_t,ocu_skill_total,2016,9396.949
tur,sex_t,ocu_skill_total,2017,9866.562
tur,sex_t,ocu_skill_total,2018,9986.533
tur,sex_t,ocu_skill_total,2019,9895.965
tur,sex_t,ocu_skill_total,2020,8424.246
tur,sex_t,ocu_skill_total,2021,8606.49
tur,sex_t,ocu_skill_total,2022,8641.176
tur,sex_t,ocu_skill_total,2023,8637.953
tuv,sex_f,ocu_isco08_1,2022,0.034
tuv,sex_f,ocu_isco08_2,2022,0.035
tuv,sex_f,ocu_isco08_3,2022,0.016
tuv,sex_f,ocu_isco08_4,2022,0.04
tuv,sex_f,ocu_isco08_5,2022,0.052
tuv,sex_f,ocu_isco08_6,2022,0.011
tuv,sex_f,ocu_isco08_7,2022,0.025
tuv,sex_f,ocu_isco08_9,2022,0.008
tuv,sex_f,ocu_isco08_total,2022,0.222
tuv,sex_f,ocu_skill_l1,2022,0.008
tuv,sex_f,ocu_skill_l2,2022,0.129
tuv,sex_f,ocu_skill_l3_4,2022,0.085
tuv,sex_f,ocu_skill_total,2022,0.222
tuv,sex_m,ocu_isco08_1,2022,0.053
tuv,sex_m,ocu_isco08_2,2022,0.025
tuv,sex_m,ocu_isco08_3,2022,0.031
tuv,sex_m,ocu_isco08_4,2022,0.014
tuv,sex_m,ocu_isco08_5,2022,0.036
tuv,sex_m,ocu_isco08_6,2022,0.066
tuv,sex_m,ocu_isco08_7,2022,0.06
tuv,sex_m,ocu_isco08_8,2022,0.016
tuv,sex_m,ocu_isco08_9,2022,0.07
tuv,sex_m,ocu_isco08_total,2022,0.375
tuv,sex_m,ocu_skill_l1,2022,0.07
tuv,sex_m,ocu_skill_l2,2022,0.192
tuv,sex_m,ocu_skill_l3_4,2022,0.109
tuv,sex_m,ocu_skill_total,2022,0.375
tuv,sex_t,ocu_isco08_1,2022,0.087
tuv,sex_t,ocu_isco08_2,2022,0.06
tuv,sex_t,ocu_isco08_3,2022,0.047
tuv,sex_t,ocu_isco08_4,2022,0.054
tuv,sex_t,ocu_isco08_5,2022,0.088
tuv,sex_t,ocu_isco08_6,2022,0.077
tuv,sex_t,ocu_isco08_7,2022,0.085
tuv,sex_t,ocu_isco08_8,2022,0.017
tuv,sex_t,ocu_isco08_9,2022,0.078
tuv,sex_t,ocu_isco08_total,2022,0.597
tuv,sex_t,ocu_skill_l1,2022,0.078
tuv,sex_t,ocu_skill_l2,2022,0.321
tuv,sex_t,ocu_skill_l3_4,2022,0.194
tuv,sex_t,ocu_skill_total,2022,0.597
tza,sex_f,ocu_isco08_0,2020,1.583
tza,sex_f,ocu_isco08_1,2020,7.628
tza,sex_f,ocu_isco08_2,2020,9.156
tza,sex_f,ocu_isco08_3,2020,101.574
tza,sex_f,ocu_isco08_4,2020,25.829
tza,sex_f,ocu_isco08_5,2020,1652.77
tza,sex_f,ocu_isco08_6,2020,7686.446
tza,sex_f,ocu_isco08_7,2020,575.341
tza,sex_f,ocu_isco08_8,2020,31.744
tza,sex_f,ocu_isco08_9,2020,1594.041
tza,sex_f,ocu_isco08_total,2020,12454.45
tza,sex_f,ocu_isco08_x,2020,768.339
tza,sex_f,ocu_isco88_1,2014,8.45
tza,sex_f,ocu_isco88_2,2014,4.351
tza,sex_f,ocu_isco88_3,2014,29.649
tza,sex_f,ocu_isco88_4,2014,30.077
tza,sex_f,ocu_isco88_5,2014,788.316
tza,sex_f,ocu_isco88_6,2014,7340.627
tza,sex_f,ocu_isco88_7,2014,229.264
tza,sex_f,ocu_isco88_8,2014,13.49
tza,sex_f,ocu_isco88_9,2014,1268.748
tza,sex_f,ocu_isco88_total,2014,9712.973
tza,sex_f,ocu_skill_l1,2014,1268.748
tza,sex_f,ocu_skill_l1,2020,1594.041
tza,sex_f,ocu_skill_l2,2014,8401.775
tza,sex_f,ocu_skill_l2,2020,9972.13
tza,sex_f,ocu_skill_l3_4,2014,42.45
tza,sex_f,ocu_skill_l3_4,2020,118.359
tza,sex_f,ocu_skill_total,2014,9712.973
tza,sex_f,ocu_skill_total,2020,12454.45
tza,sex_f,ocu_skill_x,2020,769.921
tza,sex_m,ocu_isco08_0,2020,10.738
tza,sex_m,ocu_isco08_1,2020,22.683
tza,sex_m,ocu_isco08_2,2020,21.927
tza,sex_m,ocu_isco08_3,2020,272.64
tza,sex_m,ocu_isco08_4,2020,33.408
tza,sex_m,ocu_isco08_5,2020,782.833
tza,sex_m,ocu_isco08_6,2020,7324.378
tza,sex_m,ocu_isco08_7,2020,1168.68
tza,sex_m,ocu_isco08_8,2020,360.483
tza,sex_m,ocu_isco08_9,2020,1535.712
tza,sex_m,ocu_isco08_total,2020,11919.703
tza,sex_m,ocu_isco08_x,2020,386.222
tza,sex_m,ocu_isco88_1,2014,21.379
tza,sex_m,ocu_isco88_2,2014,14.891
tza,sex_m,ocu_isco88_3,2014,46.958
tza,sex_m,ocu_isco88_4,2014,21.098
tza,sex_m,ocu_isco88_5,2014,585.906
tza,sex_m,ocu_isco88_6,2014,6907.532
tza,sex_m,ocu_isco88_7,2014,823.846
tza,sex_m,ocu_isco88_8,2014,388.299
tza,sex_m,ocu_isco88_9,2014,699.862
tza,sex_m,ocu_isco88_total,2014,9509.772
tza,sex_m,ocu_skill_l1,2014,699.862
tza,sex_m,ocu_skill_l1,2020,1535.712
tza,sex_m,ocu_skill_l2,2014,8726.681
tza,sex_m,ocu_skill_l2,2020,9669.782
tza,sex_m,ocu_skill_l3_4,2014,83.228
tza,sex_m,ocu_skill_l3_4,2020,317.25
tza,sex_m,ocu_skill_total,2014,9509.772
tza,sex_m,ocu_skill_total,2020,11919.703
tza,sex_m,ocu_skill_x,2020,396.959
tza,sex_t,ocu_isco08_0,2020,12.32
tza,sex_t,ocu_isco08_1,2020,30.311
tza,sex_t,ocu_isco08_2,2020,31.084
tza,sex_t,ocu_isco08_3,2020,374.214
tza,sex_t,ocu_isco08_4,2020,59.237
tza,sex_t,ocu_isco08_5,2020,2435.602
tza,sex_t,ocu_isco08_6,2020,15010.824
tza,sex_t,ocu_isco08_7,2020,1744.021
tza,sex_t,ocu_isco08_8,2020,392.227
tza,sex_t,ocu_isco08_9,2020,3129.753
tza,sex_t,ocu_isco08_total,2020,24374.153
tza,sex_t,ocu_isco08_x,2020,1154.56
tza,sex_t,ocu_isco88_1,2014,29.829
tza,sex_t,ocu_isco88_2,2014,19.242
tza,sex_t,ocu_isco88_3,2014,76.607
tza,sex_t,ocu_isco88_4,2014,51.176
tza,sex_t,ocu_isco88_5,2014,1374.222
tza,sex_t,ocu_isco88_6,2014,14248.159
tza,sex_t,ocu_isco88_7,2014,1053.111
tza,sex_t,ocu_isco88_8,2014,401.789
tza,sex_t,ocu_isco88_9,2014,1968.61
tza,sex_t,ocu_isco88_total,2014,19222.745
tza,sex_t,ocu_skill_l1,2014,1968.61
tza,sex_t,ocu_skill_l1,2020,3129.753
tza,sex_t,ocu_skill_l2,2014,17128.456
tza,sex_t,ocu_skill_l2,2020,19641.912
tza,sex_t,ocu_skill_l3_4,2014,125.678
tza,sex_t,ocu_skill_l3_4,2020,435.608
tza,sex_t,ocu_skill_total,2014,19222.745
tza,sex_t,ocu_skill_total,2020,24374.153
tza,sex_t,ocu_skill_x,2020,1166.88
uga,sex_f,ocu_isco08_0,2021,3.858
uga,sex_f,ocu_isco08_1,2012,2.596
uga,sex_f,ocu_isco08_1,2014,17.46
uga,sex_f,ocu_isco08_1,2017,14.737
uga,sex_f,ocu_isco08_1,2021,16.508
uga,sex_f,ocu_isco08_2,2012,86.628
uga,sex_f,ocu_isco08_2,2014,136.583
uga,sex_f,ocu_isco08_2,2017,117.598
uga,sex_f,ocu_isco08_2,2019,227.03
uga,sex_f,ocu_isco08_2,2021,90.544
uga,sex_f,ocu_isco08_3,2012,39.849
uga,sex_f,ocu_isco08_3,2014,19.745
uga,sex_f,ocu_isco08_3,2017,53.996
uga,sex_f,ocu_isco08_3,2019,52.627
uga,sex_f,ocu_isco08_3,2021,71.113
uga,sex_f,ocu_isco08_4,2012,13.791
uga,sex_f,ocu_isco08_4,2014,15.704
uga,sex_f,ocu_isco08_4,2017,10.714
uga,sex_f,ocu_isco08_4,2019,16.72
uga,sex_f,ocu_isco08_4,2021,12.704
uga,sex_f,ocu_isco08_5,2012,801.653
uga,sex_f,ocu_isco08_5,2014,883.407
uga,sex_f,ocu_isco08_5,2017,747.709
uga,sex_f,ocu_isco08_5,2019,1359.472
uga,sex_f,ocu_isco08_5,2021,1415.622
uga,sex_f,ocu_isco08_6,2012,3266.194
uga,sex_f,ocu_isco08_6,2014,5173.01
uga,sex_f,ocu_isco08_6,2017,5252.265
uga,sex_f,ocu_isco08_6,2019,5518.233
uga,sex_f,ocu_isco08_6,2021,6018.825
uga,sex_f,ocu_isco08_7,2012,209.925
uga,sex_f,ocu_isco08_7,2014,93.286
uga,sex_f,ocu_isco08_7,2017,146.048
uga,sex_f,ocu_isco08_7,2019,105.978
uga,sex_f,ocu_isco08_7,2021,293.424
uga,sex_f,ocu_isco08_8,2012,15.068
uga,sex_f,ocu_isco08_8,2017,21.852
uga,sex_f,ocu_isco08_8,2019,9.439
uga,sex_f,ocu_isco08_8,2021,19.064
uga,sex_f,ocu_isco08_9,2012,305.101
uga,sex_f,ocu_isco08_9,2014,841.65
uga,sex_f,ocu_isco08_9,2017,334.512
uga,sex_f,ocu_isco08_9,2019,740.076
uga,sex_f,ocu_isco08_9,2021,550.527
uga,sex_f,ocu_isco08_total,2012,4741.412
uga,sex_f,ocu_isco08_total,2014,7386.671
uga,sex_f,ocu_isco08_total,2017,6703.982
uga,sex_f,ocu_isco08_total,2019,8039.955
uga,sex_f,ocu_isco08_total,2021,8492.989
uga,sex_f,ocu_isco08_x,2014,201.993
uga,sex_f,ocu_isco08_x,2017,4.551
uga,sex_f,ocu_isco88_2,2010,53.881
uga,sex_f,ocu_isco88_2,2011,21.194
uga,sex_f,ocu_isco88_3,2010,76.401
uga,sex_f,ocu_isco88_3,2011,81.485
uga,sex_f,ocu_isco88_4,2010,24.042
uga,sex_f,ocu_isco88_4,2011,19.991
uga,sex_f,ocu_isco88_5,2010,627.947
uga,sex_f,ocu_isco88_5,2011,591.575
uga,sex_f,ocu_isco88_6,2010,3849.081
uga,sex_f,ocu_isco88_6,2011,4201.419
uga,sex_f,ocu_isco88_7,2010,110.579
uga,sex_f,ocu_isco88_7,2011,95.593
uga,sex_f,ocu_isco88_9,2010,349.502
uga,sex_f,ocu_isco88_9,2011,310.397
uga,sex_f,ocu_isco88_total,2010,5158.445
uga,sex_f,ocu_isco88_total,2011,6101.132
uga,sex_f,ocu_isco88_x,2010,51.511
uga,sex_f,ocu_isco88_x,2011,772.858
uga,sex_f,ocu_skill_l1,2010,349.502
uga,sex_f,ocu_skill_l1,2011,310.397
uga,sex_f,ocu_skill_l1,2012,305.101
uga,sex_f,ocu_skill_l1,2014,841.65
uga,sex_f,ocu_skill_l1,2017,334.512
uga,sex_f,ocu_skill_l1,2019,740.076
uga,sex_f,ocu_skill_l1,2021,550.527
uga,sex_f,ocu_skill_l2,2010,4615.159
uga,sex_f,ocu_skill_l2,2011,4909.095
uga,sex_f,ocu_skill_l2,2012,4306.631
uga,sex_f,ocu_skill_l2,2014,6166.802
uga,sex_f,ocu_skill_l2,2017,6178.588
uga,sex_f,ocu_skill_l2,2019,7009.842
uga,sex_f,ocu_skill_l2,2021,7759.64
uga,sex_f,ocu_skill_l3_4,2010,132.417
uga,sex_f,ocu_skill_l3_4,2011,108.781
uga,sex_f,ocu_skill_l3_4,2012,129.073
uga,sex_f,ocu_skill_l3_4,2014,173.788
uga,sex_f,ocu_skill_l3_4,2017,186.331
uga,sex_f,ocu_skill_l3_4,2019,290.037
uga,sex_f,ocu_skill_l3_4,2021,178.165
uga,sex_f,ocu_skill_total,2010,5158.445
uga,sex_f,ocu_skill_total,2011,6101.132
uga,sex_f,ocu_skill_total,2012,4741.412
uga,sex_f,ocu_skill_total,2014,7386.671
uga,sex_f,ocu_skill_total,2017,6703.982
uga,sex_f,ocu_skill_total,2019,8039.955
uga,sex_f,ocu_skill_total,2021,8492.989
uga,sex_f,ocu_skill_x,2010,61.367
uga,sex_f,ocu_skill_x,2011,772.858
uga,sex_f,ocu_skill_x,2014,204.43
uga,sex_f,ocu_skill_x,2017,4.551
uga,sex_f,ocu_skill_x,2021,4.658
uga,sex_m,ocu_isco08_0,2012,9.727
uga,sex_m,ocu_isco08_0,2014,11.054
uga,sex_m,ocu_isco08_0,2019,21.972
uga,sex_m,ocu_isco08_0,2021,9.84
uga,sex_m,ocu_isco08_1,2012,4.556
uga,sex_m,ocu_isco08_1,2014,31.062
uga,sex_m,ocu_isco08_1,2017,31.861
uga,sex_m,ocu_isco08_1,2019,41.187
uga,sex_m,ocu_isco08_1,2021,26.335
uga,sex_m,ocu_isco08_2,2012,170.279
uga,sex_m,ocu_isco08_2,2014,225.21
uga,sex_m,ocu_isco08_2,2017,106.601
uga,sex_m,ocu_isco08_2,2019,249.215
uga,sex_m,ocu_isco08_2,2021,99.509
uga,sex_m,ocu_isco08_3,2012,59.398
uga,sex_m,ocu_isco08_3,2014,85.39
uga,sex_m,ocu_isco08_3,2017,79.336
uga,sex_m,ocu_isco08_3,2019,129.81
uga,sex_m,ocu_isco08_3,2021,124.674
uga,sex_m,ocu_isco08_4,2012,13.717
uga,sex_m,ocu_isco08_4,2014,10.052
uga,sex_m,ocu_isco08_4,2017,13.811
uga,sex_m,ocu_isco08_4,2019,28.87
uga,sex_m,ocu_isco08_4,2021,20.612
uga,sex_m,ocu_isco08_5,2012,550.2
uga,sex_m,ocu_isco08_5,2014,773.251
uga,sex_m,ocu_isco08_5,2017,527.014
uga,sex_m,ocu_isco08_5,2019,795.099
uga,sex_m,ocu_isco08_5,2021,974.019
uga,sex_m,ocu_isco08_6,2012,2850.901
uga,sex_m,ocu_isco08_6,2014,3997.623
uga,sex_m,ocu_isco08_6,2017,4424.608
uga,sex_m,ocu_isco08_6,2019,3980.343
uga,sex_m,ocu_isco08_6,2021,5200.124
uga,sex_m,ocu_isco08_7,2012,538.894
uga,sex_m,ocu_isco08_7,2014,248.242
uga,sex_m,ocu_isco08_7,2017,532.168
uga,sex_m,ocu_isco08_7,2019,652.399
uga,sex_m,ocu_isco08_7,2021,807.963
uga,sex_m,ocu_isco08_8,2012,230.078
uga,sex_m,ocu_isco08_8,2014,119.965
uga,sex_m,ocu_isco08_8,2017,348.872
uga,sex_m,ocu_isco08_8,2019,437.918
uga,sex_m,ocu_isco08_8,2021,607.374
uga,sex_m,ocu_isco08_9,2012,552.898
uga,sex_m,ocu_isco08_9,2014,1143.685
uga,sex_m,ocu_isco08_9,2017,527.42
uga,sex_m,ocu_isco08_9,2019,1405.186
uga,sex_m,ocu_isco08_9,2021,739.342
uga,sex_m,ocu_isco08_total,2012,4980.649
uga,sex_m,ocu_isco08_total,2014,6974.478
uga,sex_m,ocu_isco08_total,2017,6603.053
uga,sex_m,ocu_isco08_total,2019,7752.102
uga,sex_m,ocu_isco08_total,2021,8615.148
uga,sex_m,ocu_isco08_x,2014,328.944
uga,sex_m,ocu_isco08_x,2017,4.265
uga,sex_m,ocu_isco08_x,2021,5.356
uga,sex_m,ocu_isco88_1,2011,10.813
uga,sex_m,ocu_isco88_2,2010,61.839
uga,sex_m,ocu_isco88_2,2011,33.864
uga,sex_m,ocu_isco88_3,2010,151.792
uga,sex_m,ocu_isco88_3,2011,179.29
uga,sex_m,ocu_isco88_4,2010,4.372
uga,sex_m,ocu_isco88_4,2011,10.343
uga,sex_m,ocu_isco88_5,2010,530.017
uga,sex_m,ocu_isco88_5,2011,579.628
uga,sex_m,ocu_isco88_6,2010,3183.416
uga,sex_m,ocu_isco88_6,2011,3381.072
uga,sex_m,ocu_isco88_7,2010,331.596
uga,sex_m,ocu_isco88_7,2011,263.193
uga,sex_m,ocu_isco88_8,2010,91.205
uga,sex_m,ocu_isco88_8,2011,47.331
uga,sex_m,ocu_isco88_9,2010,699.674
uga,sex_m,ocu_isco88_9,2011,712.902
uga,sex_m,ocu_isco88_total,2010,5111.818
uga,sex_m,ocu_isco88_total,2011,5867.549
uga,sex_m,ocu_isco88_x,2010,49.332
uga,sex_m,ocu_isco88_x,2011,647.119
uga,sex_m,ocu_skill_l1,2010,699.674
uga,sex_m,ocu_skill_l1,2011,712.902
uga,sex_m,ocu_skill_l1,2012,552.898
uga,sex_m,ocu_skill_l1,2014,1143.685
uga,sex_m,ocu_skill_l1,2017,527.42
uga,sex_m,ocu_skill_l1,2019,1405.186
uga,sex_m,ocu_skill_l1,2021,739.342
uga,sex_m,ocu_skill_l2,2010,4140.606
uga,sex_m,ocu_skill_l2,2011,4281.567
uga,sex_m,ocu_skill_l2,2012,4183.79
uga,sex_m,ocu_skill_l2,2014,5149.133
uga,sex_m,ocu_skill_l2,2017,5846.473
uga,sex_m,ocu_skill_l2,2019,5894.63
uga,sex_m,ocu_skill_l2,2021,7610.092
uga,sex_m,ocu_skill_l3_4,2010,220.232
uga,sex_m,ocu_skill_l3_4,2011,223.967
uga,sex_m,ocu_skill_l3_4,2012,234.234
uga,sex_m,ocu_skill_l3_4,2014,341.662
uga,sex_m,ocu_skill_l3_4,2017,217.798
uga,sex_m,ocu_skill_l3_4,2019,420.213
uga,sex_m,ocu_skill_l3_4,2021,250.518
uga,sex_m,ocu_skill_total,2010,5111.818
uga,sex_m,ocu_skill_total,2011,5867.549
uga,sex_m,ocu_skill_total,2012,4980.649
uga,sex_m,ocu_skill_total,2014,6974.478
uga,sex_m,ocu_skill_total,2017,6603.053
uga,sex_m,ocu_skill_total,2019,7752.102
uga,sex_m,ocu_skill_total,2021,8615.148
uga,sex_m,ocu_skill_x,2010,51.306
uga,sex_m,ocu_skill_x,2011,649.113
uga,sex_m,ocu_skill_x,2012,9.727
uga,sex_m,ocu_skill_x,2014,339.998
uga,sex_m,ocu_skill_x,2017,11.362
uga,sex_m,ocu_skill_x,2019,32.074
uga,sex_m,ocu_skill_x,2021,15.196
uga,sex_t,ocu_isco08_0,2012,10.334
uga,sex_t,ocu_isco08_0,2014,13.491
uga,sex_t,ocu_isco08_0,2019,21.972
uga,sex_t,ocu_isco08_0,2021,13.698
uga,sex_t,ocu_isco08_1,2012,7.152
uga,sex_t,ocu_isco08_1,2014,48.522
uga,sex_t,ocu_isco08_1,2017,46.599
uga,sex_t,ocu_isco08_1,2019,51.568
uga,sex_t,ocu_isco08_1,2021,42.842
uga,sex_t,ocu_isco08_2,2012,256.907
uga,sex_t,ocu_isco08_2,2014,361.793
uga,sex_t,ocu_isco08_2,2017,224.198
uga,sex_t,ocu_isco08_2,2019,476.246
uga,sex_t,ocu_isco08_2,2021,190.054
uga,sex_t,ocu_isco08_3,2012,99.247
uga,sex_t,ocu_isco08_3,2014,105.134
uga,sex_t,ocu_isco08_3,2017,133.332
uga,sex_t,ocu_isco08_3,2019,182.437
uga,sex_t,ocu_isco08_3,2021,195.788
uga,sex_t,ocu_isco08_4,2012,27.509
uga,sex_t,ocu_isco08_4,2014,25.755
uga,sex_t,ocu_isco08_4,2017,24.525
uga,sex_t,ocu_isco08_4,2019,45.59
uga,sex_t,ocu_isco08_4,2021,33.316
uga,sex_t,ocu_isco08_5,2012,1351.853
uga,sex_t,ocu_isco08_5,2014,1656.658
uga,sex_t,ocu_isco08_5,2017,1274.723
uga,sex_t,ocu_isco08_5,2019,2154.572
uga,sex_t,ocu_isco08_5,2021,2389.641
uga,sex_t,ocu_isco08_6,2012,6117.095
uga,sex_t,ocu_isco08_6,2014,9170.633
uga,sex_t,ocu_isco08_6,2017,9676.873
uga,sex_t,ocu_isco08_6,2019,9498.576
uga,sex_t,ocu_isco08_6,2021,11218.949
uga,sex_t,ocu_isco08_7,2012,748.819
uga,sex_t,ocu_isco08_7,2014,341.527
uga,sex_t,ocu_isco08_7,2017,678.216
uga,sex_t,ocu_isco08_7,2019,758.377
uga,sex_t,ocu_isco08_7,2021,1101.388
uga,sex_t,ocu_isco08_8,2012,245.145
uga,sex_t,ocu_isco08_8,2014,121.361
uga,sex_t,ocu_isco08_8,2017,370.724
uga,sex_t,ocu_isco08_8,2019,447.357
uga,sex_t,ocu_isco08_8,2021,626.437
uga,sex_t,ocu_isco08_9,2012,858
uga,sex_t,ocu_isco08_9,2014,1985.335
uga,sex_t,ocu_isco08_9,2017,861.932
uga,sex_t,ocu_isco08_9,2019,2145.262
uga,sex_t,ocu_isco08_9,2021,1289.869
uga,sex_t,ocu_isco08_total,2012,9722.061
uga,sex_t,ocu_isco08_total,2014,14361.149
uga,sex_t,ocu_isco08_total,2017,13307.035
uga,sex_t,ocu_isco08_total,2019,15792.058
uga,sex_t,ocu_isco08_total,2021,17108.138
uga,sex_t,ocu_isco08_x,2014,530.937
uga,sex_t,ocu_isco08_x,2017,8.815
uga,sex_t,ocu_isco08_x,2021,6.155
uga,sex_t,ocu_isco88_1,2010,8.736
uga,sex_t,ocu_isco88_1,2011,16.916
uga,sex_t,ocu_isco88_2,2010,115.72
uga,sex_t,ocu_isco88_2,2011,55.059
uga,sex_t,ocu_isco88_3,2010,228.194
uga,sex_t,ocu_isco88_3,2011,260.774
uga,sex_t,ocu_isco88_4,2010,28.414
uga,sex_t,ocu_isco88_4,2011,30.334
uga,sex_t,ocu_isco88_5,2010,1157.964
uga,sex_t,ocu_isco88_5,2011,1171.203
uga,sex_t,ocu_isco88_6,2010,7032.497
uga,sex_t,ocu_isco88_6,2011,7582.491
uga,sex_t,ocu_isco88_7,2010,442.175
uga,sex_t,ocu_isco88_7,2011,358.787
uga,sex_t,ocu_isco88_8,2010,94.715
uga,sex_t,ocu_isco88_8,2011,47.848
uga,sex_t,ocu_isco88_9,2010,1049.176
uga,sex_t,ocu_isco88_9,2011,1023.299
uga,sex_t,ocu_isco88_total,2010,10270.263
uga,sex_t,ocu_isco88_total,2011,11968.68
uga,sex_t,ocu_isco88_x,2010,100.844
uga,sex_t,ocu_isco88_x,2011,1419.978
uga,sex_t,ocu_skill_l1,2010,1049.176
uga,sex_t,ocu_skill_l1,2011,1023.299
uga,sex_t,ocu_skill_l1,2012,858
uga,sex_t,ocu_skill_l1,2014,1985.335
uga,sex_t,ocu_skill_l1,2017,861.932
uga,sex_t,ocu_skill_l1,2019,2145.262
uga,sex_t,ocu_skill_l1,2021,1289.869
uga,sex_t,ocu_skill_l2,2010,8755.766
uga,sex_t,ocu_skill_l2,2011,9190.662
uga,sex_t,ocu_skill_l2,2012,8490.421
uga,sex_t,ocu_skill_l2,2014,11315.935
uga,sex_t,ocu_skill_l2,2017,12025.061
uga,sex_t,ocu_skill_l2,2019,12904.472
uga,sex_t,ocu_skill_l2,2021,15369.732
uga,sex_t,ocu_skill_l3_4,2010,352.649
uga,sex_t,ocu_skill_l3_4,2011,332.748
uga,sex_t,ocu_skill_l3_4,2012,363.307
uga,sex_t,ocu_skill_l3_4,2014,515.45
uga,sex_t,ocu_skill_l3_4,2017,404.129
uga,sex_t,ocu_skill_l3_4,2019,710.25
uga,sex_t,ocu_skill_l3_4,2021,428.683
uga,sex_t,ocu_skill_total,2010,10270.263
uga,sex_t,ocu_skill_total,2011,11968.68
uga,sex_t,ocu_skill_total,2012,9722.061
uga,sex_t,ocu_skill_total,2014,14361.149
uga,sex_t,ocu_skill_total,2017,13307.035
uga,sex_t,ocu_skill_total,2019,15792.058
uga,sex_t,ocu_skill_total,2021,17108.138
uga,sex_t,ocu_skill_x,2010,112.673
uga,sex_t,ocu_skill_x,2011,1421.971
uga,sex_t,ocu_skill_x,2012,10.334
uga,sex_t,ocu_skill_x,2014,544.428
uga,sex_t,ocu_skill_x,2017,15.913
uga,sex_t,ocu_skill_x,2019,32.074
uga,sex_t,ocu_skill_x,2021,19.854
ury,sex_f,ocu_isco08_1,2011,7.886
ury,sex_f,ocu_isco08_1,2012,3.353
ury,sex_f,ocu_isco08_1,2013,2.847
ury,sex_f,ocu_isco08_1,2014,0.223
ury,sex_f,ocu_isco08_1,2015,0.3
ury,sex_f,ocu_isco08_1,2016,0.483
ury,sex_f,ocu_isco08_1,2017,0.392
ury,sex_f,ocu_isco08_1,2018,0.486
ury,sex_f,ocu_isco08_1,2019,0.335
ury,sex_f,ocu_isco08_1,2020,0.141
ury,sex_f,ocu_isco08_1,2021,0.207
ury,sex_f,ocu_isco08_1,2022,0.538
ury,sex_f,ocu_isco08_1,2023,3.25
ury,sex_f,ocu_isco08_1,2024,2.949
ury,sex_f,ocu_isco08_2,2011,27.314
ury,sex_f,ocu_isco08_2,2012,24.968
ury,sex_f,ocu_isco08_2,2013,25.072
ury,sex_f,ocu_isco08_2,2014,5.455
ury,sex_f,ocu_isco08_2,2015,6.241
ury,sex_f,ocu_isco08_2,2016,6.295
ury,sex_f,ocu_isco08_2,2017,5.3
ury,sex_f,ocu_isco08_2,2018,5.662
ury,sex_f,ocu_isco08_2,2019,5.914
ury,sex_f,ocu_isco08_2,2020,4.174
ury,sex_f,ocu_isco08_2,2021,7.001
ury,sex_f,ocu_isco08_2,2022,7.362
ury,sex_f,ocu_isco08_2,2023,29.415
ury,sex_f,ocu_isco08_2,2024,20.512
ury,sex_f,ocu_isco08_3,2011,9.673
ury,sex_f,ocu_isco08_3,2012,8.934
ury,sex_f,ocu_isco08_3,2013,8.572
ury,sex_f,ocu_isco08_3,2014,4.279
ury,sex_f,ocu_isco08_3,2015,4.857
ury,sex_f,ocu_isco08_3,2016,4.813
ury,sex_f,ocu_isco08_3,2017,4.36
ury,sex_f,ocu_isco08_3,2018,4.186
ury,sex_f,ocu_isco08_3,2019,4.77
ury,sex_f,ocu_isco08_3,2020,3.044
ury,sex_f,ocu_isco08_3,2021,3.316
ury,sex_f,ocu_isco08_3,2022,4.773
ury,sex_f,ocu_isco08_3,2023,9.008
ury,sex_f,ocu_isco08_3,2024,7.494
ury,sex_f,ocu_isco08_4,2011,7.657
ury,sex_f,ocu_isco08_4,2012,7.38
ury,sex_f,ocu_isco08_4,2013,8.291
ury,sex_f,ocu_isco08_4,2014,4.692
ury,sex_f,ocu_isco08_4,2015,4.193
ury,sex_f,ocu_isco08_4,2016,3.816
ury,sex_f,ocu_isco08_4,2017,3.734
ury,sex_f,ocu_isco08_4,2018,3.578
ury,sex_f,ocu_isco08_4,2019,3.771
ury,sex_f,ocu_isco08_4,2020,2.349
ury,sex_f,ocu_isco08_4,2021,3.033
ury,sex_f,ocu_isco08_4,2022,2.763
ury,sex_f,ocu_isco08_4,2023,6.736
ury,sex_f,ocu_isco08_4,2024,4.856
ury,sex_f,ocu_isco08_5,2011,112.829
ury,sex_f,ocu_isco08_5,2012,104.5
ury,sex_f,ocu_isco08_5,2013,101.539
ury,sex_f,ocu_isco08_5,2014,79.848
ury,sex_f,ocu_isco08_5,2015,82.156
ury,sex_f,ocu_isco08_5,2016,81.772
ury,sex_f,ocu_isco08_5,2017,80.921
ury,sex_f,ocu_isco08_5,2018,81.258
ury,sex_f,ocu_isco08_5,2019,83.194
ury,sex_f,ocu_isco08_5,2020,63.593
ury,sex_f,ocu_isco08_5,2021,68.67
ury,sex_f,ocu_isco08_5,2022,75.377
ury,sex_f,ocu_isco08_5,2023,98.092
ury,sex_f,ocu_isco08_5,2024,95.849
ury,sex_f,ocu_isco08_6,2011,17.041
ury,sex_f,ocu_isco08_6,2012,12.058
ury,sex_f,ocu_isco08_6,2013,12.138
ury,sex_f,ocu_isco08_6,2014,3.662
ury,sex_f,ocu_isco08_6,2015,3.662
ury,sex_f,ocu_isco08_6,2016,3.558
ury,sex_f,ocu_isco08_6,2017,3.531
ury,sex_f,ocu_isco08_6,2018,3.102
ury,sex_f,ocu_isco08_6,2019,3.64
ury,sex_f,ocu_isco08_6,2020,7.687
ury,sex_f,ocu_isco08_6,2021,7.669
ury,sex_f,ocu_isco08_6,2022,5.919
ury,sex_f,ocu_isco08_6,2023,13.233
ury,sex_f,ocu_isco08_6,2024,9.803
ury,sex_f,ocu_isco08_7,2011,20.04
ury,sex_f,ocu_isco08_7,2012,20.392
ury,sex_f,ocu_isco08_7,2013,19.828
ury,sex_f,ocu_isco08_7,2014,16
ury,sex_f,ocu_isco08_7,2015,16.283
ury,sex_f,ocu_isco08_7,2016,16.306
ury,sex_f,ocu_isco08_7,2017,15.876
ury,sex_f,ocu_isco08_7,2018,16.073
ury,sex_f,ocu_isco08_7,2019,15.926
ury,sex_f,ocu_isco08_7,2020,17.156
ury,sex_f,ocu_isco08_7,2021,18.476
ury,sex_f,ocu_isco08_7,2022,17.309
ury,sex_f,ocu_isco08_7,2023,21.617
ury,sex_f,ocu_isco08_7,2024,20.765
ury,sex_f,ocu_isco08_8,2011,6.243
ury,sex_f,ocu_isco08_8,2012,4.897
ury,sex_f,ocu_isco08_8,2013,5.312
ury,sex_f,ocu_isco08_8,2014,4.391
ury,sex_f,ocu_isco08_8,2015,3.665
ury,sex_f,ocu_isco08_8,2016,4.81
ury,sex_f,ocu_isco08_8,2017,3.717
ury,sex_f,ocu_isco08_8,2018,2.542
ury,sex_f,ocu_isco08_8,2019,3.266
ury,sex_f,ocu_isco08_8,2020,3.01
ury,sex_f,ocu_isco08_8,2021,3.729
ury,sex_f,ocu_isco08_8,2022,3.361
ury,sex_f,ocu_isco08_8,2023,4.843
ury,sex_f,ocu_isco08_8,2024,5.126
ury,sex_f,ocu_isco08_9,2011,64.828
ury,sex_f,ocu_isco08_9,2012,62.094
ury,sex_f,ocu_isco08_9,2013,58.337
ury,sex_f,ocu_isco08_9,2014,54.26
ury,sex_f,ocu_isco08_9,2015,51.181
ury,sex_f,ocu_isco08_9,2016,53.468
ury,sex_f,ocu_isco08_9,2017,50.432
ury,sex_f,ocu_isco08_9,2018,49.422
ury,sex_f,ocu_isco08_9,2019,48.373
ury,sex_f,ocu_isco08_9,2020,39.134
ury,sex_f,ocu_isco08_9,2021,38.05
ury,sex_f,ocu_isco08_9,2022,39.107
ury,sex_f,ocu_isco08_9,2023,45.616
ury,sex_f,ocu_isco08_9,2024,45.808
ury,sex_f,ocu_isco08_total,2011,274.863
ury,sex_f,ocu_isco08_total,2012,248.576
ury,sex_f,ocu_isco08_total,2013,241.936
ury,sex_f,ocu_isco08_total,2014,172.81
ury,sex_f,ocu_isco08_total,2015,172.538
ury,sex_f,ocu_isco08_total,2016,175.321
ury,sex_f,ocu_isco08_total,2017,168.263
ury,sex_f,ocu_isco08_total,2018,166.309
ury,sex_f,ocu_isco08_total,2019,171.111
ury,sex_f,ocu_isco08_total,2020,140.462
ury,sex_f,ocu_isco08_total,2021,150.39
ury,sex_f,ocu_isco08_total,2022,156.58
ury,sex_f,ocu_isco08_total,2023,231.809
ury,sex_f,ocu_isco08_total,2024,213.188
ury,sex_f,ocu_isco08_x,2011,1.352
ury,sex_f,ocu_isco08_x,2019,1.922
ury,sex_f,ocu_isco08_x,2020,0.146
ury,sex_f,ocu_isco08_x,2021,0.238
ury,sex_f,ocu_isco08_x,2022,0.07
ury,sex_f,ocu_isco88_1,2006,23.586
ury,sex_f,ocu_isco88_1,2007,27.282
ury,sex_f,ocu_isco88_1,2008,28.652
ury,sex_f,ocu_isco88_1,2009,32.15
ury,sex_f,ocu_isco88_1,2010,38.079
ury,sex_f,ocu_isco88_2,2006,18.212
ury,sex_f,ocu_isco88_2,2007,18.959
ury,sex_f,ocu_isco88_2,2008,19.013
ury,sex_f,ocu_isco88_2,2009,20.848
ury,sex_f,ocu_isco88_2,2010,21.131
ury,sex_f,ocu_isco88_3,2006,8.342
ury,sex_f,ocu_isco88_3,2007,9.305
ury,sex_f,ocu_isco88_3,2008,10.213
ury,sex_f,ocu_isco88_3,2009,10.049
ury,sex_f,ocu_isco88_3,2010,10.918
ury,sex_f,ocu_isco88_4,2006,9.727
ury,sex_f,ocu_isco88_4,2007,9.523
ury,sex_f,ocu_isco88_4,2008,9.32
ury,sex_f,ocu_isco88_4,2009,9.515
ury,sex_f,ocu_isco88_4,2010,8.969
ury,sex_f,ocu_isco88_5,2006,68.674
ury,sex_f,ocu_isco88_5,2007,64.476
ury,sex_f,ocu_isco88_5,2008,66.876
ury,sex_f,ocu_isco88_5,2009,67.999
ury,sex_f,ocu_isco88_5,2010,74.038
ury,sex_f,ocu_isco88_6,2006,10.132
ury,sex_f,ocu_isco88_6,2007,10.359
ury,sex_f,ocu_isco88_6,2008,12.182
ury,sex_f,ocu_isco88_6,2009,12.229
ury,sex_f,ocu_isco88_6,2010,12.729
ury,sex_f,ocu_isco88_7,2006,24.779
ury,sex_f,ocu_isco88_7,2007,25.211
ury,sex_f,ocu_isco88_7,2008,23.492
ury,sex_f,ocu_isco88_7,2009,21.445
ury,sex_f,ocu_isco88_7,2010,24.945
ury,sex_f,ocu_isco88_8,2006,4.467
ury,sex_f,ocu_isco88_8,2007,4.542
ury,sex_f,ocu_isco88_8,2008,6.672
ury,sex_f,ocu_isco88_8,2009,7.265
ury,sex_f,ocu_isco88_8,2010,7.089
ury,sex_f,ocu_isco88_9,2006,79.959
ury,sex_f,ocu_isco88_9,2007,82.76
ury,sex_f,ocu_isco88_9,2008,82.833
ury,sex_f,ocu_isco88_9,2009,79.57
ury,sex_f,ocu_isco88_9,2010,85.31
ury,sex_f,ocu_isco88_total,2006,247.892
ury,sex_f,ocu_isco88_total,2007,252.434
ury,sex_f,ocu_isco88_total,2008,259.298
ury,sex_f,ocu_isco88_total,2009,261.097
ury,sex_f,ocu_isco88_total,2010,283.235
ury,sex_f,ocu_skill_l1,2006,79.959
ury,sex_f,ocu_skill_l1,2007,82.76
ury,sex_f,ocu_skill_l1,2008,82.833
ury,sex_f,ocu_skill_l1,2009,79.57
ury,sex_f,ocu_skill_l1,2010,85.31
ury,sex_f,ocu_skill_l1,2011,64.828
ury,sex_f,ocu_skill_l1,2012,62.094
ury,sex_f,ocu_skill_l1,2013,58.337
ury,sex_f,ocu_skill_l1,2014,54.26
ury,sex_f,ocu_skill_l1,2015,51.181
ury,sex_f,ocu_skill_l1,2016,53.468
ury,sex_f,ocu_skill_l1,2017,50.432
ury,sex_f,ocu_skill_l1,2018,49.422
ury,sex_f,ocu_skill_l1,2019,48.373
ury,sex_f,ocu_skill_l1,2020,39.134
ury,sex_f,ocu_skill_l1,2021,38.05
ury,sex_f,ocu_skill_l1,2022,39.107
ury,sex_f,ocu_skill_l1,2023,45.616
ury,sex_f,ocu_skill_l1,2024,45.808
ury,sex_f,ocu_skill_l2,2006,117.779
ury,sex_f,ocu_skill_l2,2007,114.111
ury,sex_f,ocu_skill_l2,2008,118.542
ury,sex_f,ocu_skill_l2,2009,118.453
ury,sex_f,ocu_skill_l2,2010,127.77
ury,sex_f,ocu_skill_l2,2011,163.81
ury,sex_f,ocu_skill_l2,2012,149.227
ury,sex_f,ocu_skill_l2,2013,147.108
ury,sex_f,ocu_skill_l2,2014,108.593
ury,sex_f,ocu_skill_l2,2015,109.959
ury,sex_f,ocu_skill_l2,2016,110.262
ury,sex_f,ocu_skill_l2,2017,107.779
ury,sex_f,ocu_skill_l2,2018,106.553
ury,sex_f,ocu_skill_l2,2019,109.797
ury,sex_f,ocu_skill_l2,2020,93.794
ury,sex_f,ocu_skill_l2,2021,101.578
ury,sex_f,ocu_skill_l2,2022,104.729
ury,sex_f,ocu_skill_l2,2023,144.52
ury,sex_f,ocu_skill_l2,2024,136.399
ury,sex_f,ocu_skill_l3_4,2006,50.14
ury,sex_f,ocu_skill_l3_4,2007,55.546
ury,sex_f,ocu_skill_l3_4,2008,57.878
ury,sex_f,ocu_skill_l3_4,2009,63.047
ury,sex_f,ocu_skill_l3_4,2010,70.128
ury,sex_f,ocu_skill_l3_4,2011,44.873
ury,sex_f,ocu_skill_l3_4,2012,37.255
ury,sex_f,ocu_skill_l3_4,2013,36.491
ury,sex_f,ocu_skill_l3_4,2014,9.957
ury,sex_f,ocu_skill_l3_4,2015,11.398
ury,sex_f,ocu_skill_l3_4,2016,11.591
ury,sex_f,ocu_skill_l3_4,2017,10.052
ury,sex_f,ocu_skill_l3_4,2018,10.334
ury,sex_f,ocu_skill_l3_4,2019,11.019
ury,sex_f,ocu_skill_l3_4,2020,7.359
ury,sex_f,ocu_skill_l3_4,2021,10.524
ury,sex_f,ocu_skill_l3_4,2022,12.673
ury,sex_f,ocu_skill_l3_4,2023,41.673
ury,sex_f,ocu_skill_l3_4,2024,30.955
ury,sex_f,ocu_skill_total,2006,247.892
ury,sex_f,ocu_skill_total,2007,252.434
ury,sex_f,ocu_skill_total,2008,259.298
ury,sex_f,ocu_skill_total,2009,261.097
ury,sex_f,ocu_skill_total,2010,283.235
ury,sex_f,ocu_skill_total,2011,274.863
ury,sex_f,ocu_skill_total,2012,248.576
ury,sex_f,ocu_skill_total,2013,241.936
ury,sex_f,ocu_skill_total,2014,172.81
ury,sex_f,ocu_skill_total,2015,172.538
ury,sex_f,ocu_skill_total,2016,175.321
ury,sex_f,ocu_skill_total,2017,168.263
ury,sex_f,ocu_skill_total,2018,166.309
ury,sex_f,ocu_skill_total,2019,171.111
ury,sex_f,ocu_skill_total,2020,140.462
ury,sex_f,ocu_skill_total,2021,150.39
ury,sex_f,ocu_skill_total,2022,156.58
ury,sex_f,ocu_skill_total,2023,231.809
ury,sex_f,ocu_skill_total,2024,213.188
ury,sex_f,ocu_skill_x,2011,1.352
ury,sex_f,ocu_skill_x,2019,1.922
ury,sex_f,ocu_skill_x,2020,0.174
ury,sex_f,ocu_skill_x,2021,0.238
ury,sex_f,ocu_skill_x,2022,0.07
ury,sex_m,ocu_isco08_0,2022,0.075
ury,sex_m,ocu_isco08_1,2011,17.022
ury,sex_m,ocu_isco08_1,2012,7.106
ury,sex_m,ocu_isco08_1,2013,6.178
ury,sex_m,ocu_isco08_1,2014,0.384
ury,sex_m,ocu_isco08_1,2015,0.693
ury,sex_m,ocu_isco08_1,2016,0.681
ury,sex_m,ocu_isco08_1,2017,0.988
ury,sex_m,ocu_isco08_1,2018,0.519
ury,sex_m,ocu_isco08_1,2019,0.456
ury,sex_m,ocu_isco08_1,2020,0.72
ury,sex_m,ocu_isco08_1,2021,0.405
ury,sex_m,ocu_isco08_1,2022,1.341
ury,sex_m,ocu_isco08_1,2023,6.764
ury,sex_m,ocu_isco08_1,2024,4.492
ury,sex_m,ocu_isco08_2,2011,22.903
ury,sex_m,ocu_isco08_2,2012,22.997
ury,sex_m,ocu_isco08_2,2013,24.102
ury,sex_m,ocu_isco08_2,2014,5.094
ury,sex_m,ocu_isco08_2,2015,5.843
ury,sex_m,ocu_isco08_2,2016,6.086
ury,sex_m,ocu_isco08_2,2017,6.356
ury,sex_m,ocu_isco08_2,2018,5.604
ury,sex_m,ocu_isco08_2,2019,5.849
ury,sex_m,ocu_isco08_2,2020,6.25
ury,sex_m,ocu_isco08_2,2021,4.987
ury,sex_m,ocu_isco08_2,2022,7.646
ury,sex_m,ocu_isco08_2,2023,25.45
ury,sex_m,ocu_isco08_2,2024,20.138
ury,sex_m,ocu_isco08_3,2011,22.105
ury,sex_m,ocu_isco08_3,2012,17.001
ury,sex_m,ocu_isco08_3,2013,17.425
ury,sex_m,ocu_isco08_3,2014,8.8
ury,sex_m,ocu_isco08_3,2015,8.915
ury,sex_m,ocu_isco08_3,2016,9.119
ury,sex_m,ocu_isco08_3,2017,8.678
ury,sex_m,ocu_isco08_3,2018,8.803
ury,sex_m,ocu_isco08_3,2019,7.602
ury,sex_m,ocu_isco08_3,2020,6.702
ury,sex_m,ocu_isco08_3,2021,6.932
ury,sex_m,ocu_isco08_3,2022,8.495
ury,sex_m,ocu_isco08_3,2023,16.215
ury,sex_m,ocu_isco08_3,2024,13.377
ury,sex_m,ocu_isco08_4,2011,4.878
ury,sex_m,ocu_isco08_4,2012,4.289
ury,sex_m,ocu_isco08_4,2013,4.48
ury,sex_m,ocu_isco08_4,2014,2.494
ury,sex_m,ocu_isco08_4,2015,2.207
ury,sex_m,ocu_isco08_4,2016,2.784
ury,sex_m,ocu_isco08_4,2017,2.344
ury,sex_m,ocu_isco08_4,2018,1.989
ury,sex_m,ocu_isco08_4,2019,2.006
ury,sex_m,ocu_isco08_4,2020,1.362
ury,sex_m,ocu_isco08_4,2021,1.205
ury,sex_m,ocu_isco08_4,2022,2.403
ury,sex_m,ocu_isco08_4,2023,2.503
ury,sex_m,ocu_isco08_4,2024,3.135
ury,sex_m,ocu_isco08_5,2011,47.441
ury,sex_m,ocu_isco08_5,2012,44.841
ury,sex_m,ocu_isco08_5,2013,44.539
ury,sex_m,ocu_isco08_5,2014,28.169
ury,sex_m,ocu_isco08_5,2015,29.663
ury,sex_m,ocu_isco08_5,2016,30.299
ury,sex_m,ocu_isco08_5,2017,30.331
ury,sex_m,ocu_isco08_5,2018,30.135
ury,sex_m,ocu_isco08_5,2019,29.813
ury,sex_m,ocu_isco08_5,2020,23.725
ury,sex_m,ocu_isco08_5,2021,26.354
ury,sex_m,ocu_isco08_5,2022,27.306
ury,sex_m,ocu_isco08_5,2023,40.834
ury,sex_m,ocu_isco08_5,2024,42.213
ury,sex_m,ocu_isco08_6,2011,59.849
ury,sex_m,ocu_isco08_6,2012,43.253
ury,sex_m,ocu_isco08_6,2013,48.107
ury,sex_m,ocu_isco08_6,2014,21.998
ury,sex_m,ocu_isco08_6,2015,19.631
ury,sex_m,ocu_isco08_6,2016,20.601
ury,sex_m,ocu_isco08_6,2017,22.495
ury,sex_m,ocu_isco08_6,2018,18.595
ury,sex_m,ocu_isco08_6,2019,19.899
ury,sex_m,ocu_isco08_6,2020,21.619
ury,sex_m,ocu_isco08_6,2021,20.349
ury,sex_m,ocu_isco08_6,2022,23.563
ury,sex_m,ocu_isco08_6,2023,43.619
ury,sex_m,ocu_isco08_6,2024,37.112
ury,sex_m,ocu_isco08_7,2011,90.883
ury,sex_m,ocu_isco08_7,2012,94.343
ury,sex_m,ocu_isco08_7,2013,101.407
ury,sex_m,ocu_isco08_7,2014,79.103
ury,sex_m,ocu_isco08_7,2015,82.413
ury,sex_m,ocu_isco08_7,2016,86.055
ury,sex_m,ocu_isco08_7,2017,85.894
ury,sex_m,ocu_isco08_7,2018,83.901
ury,sex_m,ocu_isco08_7,2019,80.851
ury,sex_m,ocu_isco08_7,2020,71.62
ury,sex_m,ocu_isco08_7,2021,72.795
ury,sex_m,ocu_isco08_7,2022,75.293
ury,sex_m,ocu_isco08_7,2023,96.095
ury,sex_m,ocu_isco08_7,2024,89.405
ury,sex_m,ocu_isco08_8,2011,20.865
ury,sex_m,ocu_isco08_8,2012,19.831
ury,sex_m,ocu_isco08_8,2013,21.213
ury,sex_m,ocu_isco08_8,2014,12.323
ury,sex_m,ocu_isco08_8,2015,11.848
ury,sex_m,ocu_isco08_8,2016,11.321
ury,sex_m,ocu_isco08_8,2017,10.96
ury,sex_m,ocu_isco08_8,2018,12.206
ury,sex_m,ocu_isco08_8,2019,11.679
ury,sex_m,ocu_isco08_8,2020,11.418
ury,sex_m,ocu_isco08_8,2021,9.667
ury,sex_m,ocu_isco08_8,2022,10.768
ury,sex_m,ocu_isco08_8,2023,20.354
ury,sex_m,ocu_isco08_8,2024,18.047
ury,sex_m,ocu_isco08_9,2011,67.572
ury,sex_m,ocu_isco08_9,2012,63.426
ury,sex_m,ocu_isco08_9,2013,62.184
ury,sex_m,ocu_isco08_9,2014,59.772
ury,sex_m,ocu_isco08_9,2015,59.919
ury,sex_m,ocu_isco08_9,2016,61.475
ury,sex_m,ocu_isco08_9,2017,59.919
ury,sex_m,ocu_isco08_9,2018,63.754
ury,sex_m,ocu_isco08_9,2019,62.413
ury,sex_m,ocu_isco08_9,2020,51.697
ury,sex_m,ocu_isco08_9,2021,55.161
ury,sex_m,ocu_isco08_9,2022,54.618
ury,sex_m,ocu_isco08_9,2023,57.118
ury,sex_m,ocu_isco08_9,2024,54.934
ury,sex_m,ocu_isco08_total,2011,354.606
ury,sex_m,ocu_isco08_total,2012,317.087
ury,sex_m,ocu_isco08_total,2013,329.635
ury,sex_m,ocu_isco08_total,2014,218.137
ury,sex_m,ocu_isco08_total,2015,221.132
ury,sex_m,ocu_isco08_total,2016,228.421
ury,sex_m,ocu_isco08_total,2017,227.965
ury,sex_m,ocu_isco08_total,2018,225.506
ury,sex_m,ocu_isco08_total,2019,222.829
ury,sex_m,ocu_isco08_total,2020,195.258
ury,sex_m,ocu_isco08_total,2021,198.283
ury,sex_m,ocu_isco08_total,2022,211.583
ury,sex_m,ocu_isco08_total,2023,308.955
ury,sex_m,ocu_isco08_total,2024,282.852
ury,sex_m,ocu_isco08_x,2011,1.088
ury,sex_m,ocu_isco08_x,2019,2.261
ury,sex_m,ocu_isco08_x,2020,0.145
ury,sex_m,ocu_isco08_x,2021,0.427
ury,sex_m,ocu_isco88_0,2009,0.13
ury,sex_m,ocu_isco88_1,2006,26.937
ury,sex_m,ocu_isco88_1,2007,30.483
ury,sex_m,ocu_isco88_1,2008,29.946
ury,sex_m,ocu_isco88_1,2009,36.538
ury,sex_m,ocu_isco88_1,2010,35.718
ury,sex_m,ocu_isco88_2,2006,14.244
ury,sex_m,ocu_isco88_2,2007,15.741
ury,sex_m,ocu_isco88_2,2008,16.311
ury,sex_m,ocu_isco88_2,2009,17.463
ury,sex_m,ocu_isco88_2,2010,17.459
ury,sex_m,ocu_isco88_3,2006,18.676
ury,sex_m,ocu_isco88_3,2007,20.546
ury,sex_m,ocu_isco88_3,2008,20.445
ury,sex_m,ocu_isco88_3,2009,20.959
ury,sex_m,ocu_isco88_3,2010,21.986
ury,sex_m,ocu_isco88_4,2006,6.201
ury,sex_m,ocu_isco88_4,2007,6.429
ury,sex_m,ocu_isco88_4,2008,5.812
ury,sex_m,ocu_isco88_4,2009,4.471
ury,sex_m,ocu_isco88_4,2010,5.273
ury,sex_m,ocu_isco88_5,2006,24.802
ury,sex_m,ocu_isco88_5,2007,17.895
ury,sex_m,ocu_isco88_5,2008,17.798
ury,sex_m,ocu_isco88_5,2009,18.559
ury,sex_m,ocu_isco88_5,2010,17.644
ury,sex_m,ocu_isco88_6,2006,51.861
ury,sex_m,ocu_isco88_6,2007,48.219
ury,sex_m,ocu_isco88_6,2008,48.31
ury,sex_m,ocu_isco88_6,2009,49.072
ury,sex_m,ocu_isco88_6,2010,55.388
ury,sex_m,ocu_isco88_7,2006,97.539
ury,sex_m,ocu_isco88_7,2007,90.047
ury,sex_m,ocu_isco88_7,2008,88.772
ury,sex_m,ocu_isco88_7,2009,88.398
ury,sex_m,ocu_isco88_7,2010,96.008
ury,sex_m,ocu_isco88_8,2006,20.281
ury,sex_m,ocu_isco88_8,2007,19.97
ury,sex_m,ocu_isco88_8,2008,19.964
ury,sex_m,ocu_isco88_8,2009,19.65
ury,sex_m,ocu_isco88_8,2010,20.343
ury,sex_m,ocu_isco88_9,2006,68.862
ury,sex_m,ocu_isco88_9,2007,82.236
ury,sex_m,ocu_isco88_9,2008,76.608
ury,sex_m,ocu_isco88_9,2009,76.697
ury,sex_m,ocu_isco88_9,2010,84.453
ury,sex_m,ocu_isco88_total,2006,329.457
ury,sex_m,ocu_isco88_total,2007,331.6
ury,sex_m,ocu_isco88_total,2008,324.015
ury,sex_m,ocu_isco88_total,2009,331.937
ury,sex_m,ocu_isco88_total,2010,354.272
ury,sex_m,ocu_skill_l1,2006,68.862
ury,sex_m,ocu_skill_l1,2007,82.236
ury,sex_m,ocu_skill_l1,2008,76.608
ury,sex_m,ocu_skill_l1,2009,76.697
ury,sex_m,ocu_skill_l1,2010,84.453
ury,sex_m,ocu_skill_l1,2011,67.572
ury,sex_m,ocu_skill_l1,2012,63.426
ury,sex_m,ocu_skill_l1,2013,62.184
ury,sex_m,ocu_skill_l1,2014,59.772
ury,sex_m,ocu_skill_l1,2015,59.919
ury,sex_m,ocu_skill_l1,2016,61.475
ury,sex_m,ocu_skill_l1,2017,59.919
ury,sex_m,ocu_skill_l1,2018,63.754
ury,sex_m,ocu_skill_l1,2019,62.413
ury,sex_m,ocu_skill_l1,2020,51.697
ury,sex_m,ocu_skill_l1,2021,55.161
ury,sex_m,ocu_skill_l1,2022,54.618
ury,sex_m,ocu_skill_l1,2023,57.118
ury,sex_m,ocu_skill_l1,2024,54.934
ury,sex_m,ocu_skill_l2,2006,200.684
ury,sex_m,ocu_skill_l2,2007,182.56
ury,sex_m,ocu_skill_l2,2008,180.656
ury,sex_m,ocu_skill_l2,2009,180.15
ury,sex_m,ocu_skill_l2,2010,194.656
ury,sex_m,ocu_skill_l2,2011,223.916
ury,sex_m,ocu_skill_l2,2012,206.557
ury,sex_m,ocu_skill_l2,2013,219.746
ury,sex_m,ocu_skill_l2,2014,144.087
ury,sex_m,ocu_skill_l2,2015,145.762
ury,sex_m,ocu_skill_l2,2016,151.06
ury,sex_m,ocu_skill_l2,2017,152.024
ury,sex_m,ocu_skill_l2,2018,146.826
ury,sex_m,ocu_skill_l2,2019,144.248
ury,sex_m,ocu_skill_l2,2020,129.744
ury,sex_m,ocu_skill_l2,2021,130.37
ury,sex_m,ocu_skill_l2,2022,139.334
ury,sex_m,ocu_skill_l2,2023,203.407
ury,sex_m,ocu_skill_l2,2024,189.911
ury,sex_m,ocu_skill_l3_4,2006,59.857
ury,sex_m,ocu_skill_l3_4,2007,66.77
ury,sex_m,ocu_skill_l3_4,2008,66.702
ury,sex_m,ocu_skill_l3_4,2009,74.96
ury,sex_m,ocu_skill_l3_4,2010,75.163
ury,sex_m,ocu_skill_l3_4,2011,62.03
ury,sex_m,ocu_skill_l3_4,2012,47.104
ury,sex_m,ocu_skill_l3_4,2013,47.705
ury,sex_m,ocu_skill_l3_4,2014,14.278
ury,sex_m,ocu_skill_l3_4,2015,15.451
ury,sex_m,ocu_skill_l3_4,2016,15.886
ury,sex_m,ocu_skill_l3_4,2017,16.022
ury,sex_m,ocu_skill_l3_4,2018,14.926
ury,sex_m,ocu_skill_l3_4,2019,13.907
ury,sex_m,ocu_skill_l3_4,2020,13.672
ury,sex_m,ocu_skill_l3_4,2021,12.325
ury,sex_m,ocu_skill_l3_4,2022,17.482
ury,sex_m,ocu_skill_l3_4,2023,48.43
ury,sex_m,ocu_skill_l3_4,2024,38.008
ury,sex_m,ocu_skill_total,2006,329.457
ury,sex_m,ocu_skill_total,2007,331.6
ury,sex_m,ocu_skill_total,2008,324.015
ury,sex_m,ocu_skill_total,2009,331.937
ury,sex_m,ocu_skill_total,2010,354.272
ury,sex_m,ocu_skill_total,2011,354.606
ury,sex_m,ocu_skill_total,2012,317.087
ury,sex_m,ocu_skill_total,2013,329.635
ury,sex_m,ocu_skill_total,2014,218.137
ury,sex_m,ocu_skill_total,2015,221.132
ury,sex_m,ocu_skill_total,2016,228.421
ury,sex_m,ocu_skill_total,2017,227.965
ury,sex_m,ocu_skill_total,2018,225.506
ury,sex_m,ocu_skill_total,2019,222.829
ury,sex_m,ocu_skill_total,2020,195.258
ury,sex_m,ocu_skill_total,2021,198.283
ury,sex_m,ocu_skill_total,2022,211.583
ury,sex_m,ocu_skill_total,2023,308.955
ury,sex_m,ocu_skill_total,2024,282.852
ury,sex_m,ocu_skill_x,2009,0.13
ury,sex_m,ocu_skill_x,2011,1.088
ury,sex_m,ocu_skill_x,2019,2.261
ury,sex_m,ocu_skill_x,2020,0.145
ury,sex_m,ocu_skill_x,2021,0.427
ury,sex_m,ocu_skill_x,2022,0.15
ury,sex_t,ocu_isco08_0,2022,0.075
ury,sex_t,ocu_isco08_1,2011,24.908
ury,sex_t,ocu_isco08_1,2012,10.459
ury,sex_t,ocu_isco08_1,2013,9.025
ury,sex_t,ocu_isco08_1,2014,0.607
ury,sex_t,ocu_isco08_1,2015,0.993
ury,sex_t,ocu_isco08_1,2016,1.164
ury,sex_t,ocu_isco08_1,2017,1.38
ury,sex_t,ocu_isco08_1,2018,1.005
ury,sex_t,ocu_isco08_1,2019,0.791
ury,sex_t,ocu_isco08_1,2020,0.861
ury,sex_t,ocu_isco08_1,2021,0.612
ury,sex_t,ocu_isco08_1,2022,1.879
ury,sex_t,ocu_isco08_1,2023,10.014
ury,sex_t,ocu_isco08_1,2024,7.44
ury,sex_t,ocu_isco08_2,2011,50.217
ury,sex_t,ocu_isco08_2,2012,47.965
ury,sex_t,ocu_isco08_2,2013,49.174
ury,sex_t,ocu_isco08_2,2014,10.549
ury,sex_t,ocu_isco08_2,2015,12.084
ury,sex_t,ocu_isco08_2,2016,12.381
ury,sex_t,ocu_isco08_2,2017,11.656
ury,sex_t,ocu_isco08_2,2018,11.266
ury,sex_t,ocu_isco08_2,2019,11.763
ury,sex_t,ocu_isco08_2,2020,10.424
ury,sex_t,ocu_isco08_2,2021,11.988
ury,sex_t,ocu_isco08_2,2022,15.008
ury,sex_t,ocu_isco08_2,2023,54.865
ury,sex_t,ocu_isco08_2,2024,40.65
ury,sex_t,ocu_isco08_3,2011,31.778
ury,sex_t,ocu_isco08_3,2012,25.935
ury,sex_t,ocu_isco08_3,2013,25.997
ury,sex_t,ocu_isco08_3,2014,13.079
ury,sex_t,ocu_isco08_3,2015,13.772
ury,sex_t,ocu_isco08_3,2016,13.932
ury,sex_t,ocu_isco08_3,2017,13.038
ury,sex_t,ocu_isco08_3,2018,12.989
ury,sex_t,ocu_isco08_3,2019,12.372
ury,sex_t,ocu_isco08_3,2020,9.746
ury,sex_t,ocu_isco08_3,2021,10.248
ury,sex_t,ocu_isco08_3,2022,13.268
ury,sex_t,ocu_isco08_3,2023,25.224
ury,sex_t,ocu_isco08_3,2024,20.871
ury,sex_t,ocu_isco08_4,2011,12.535
ury,sex_t,ocu_isco08_4,2012,11.669
ury,sex_t,ocu_isco08_4,2013,12.771
ury,sex_t,ocu_isco08_4,2014,7.186
ury,sex_t,ocu_isco08_4,2015,6.4
ury,sex_t,ocu_isco08_4,2016,6.6
ury,sex_t,ocu_isco08_4,2017,6.078
ury,sex_t,ocu_isco08_4,2018,5.567
ury,sex_t,ocu_isco08_4,2019,5.777
ury,sex_t,ocu_isco08_4,2020,3.711
ury,sex_t,ocu_isco08_4,2021,4.238
ury,sex_t,ocu_isco08_4,2022,5.166
ury,sex_t,ocu_isco08_4,2023,9.239
ury,sex_t,ocu_isco08_4,2024,7.991
ury,sex_t,ocu_isco08_5,2011,160.27
ury,sex_t,ocu_isco08_5,2012,149.341
ury,sex_t,ocu_isco08_5,2013,146.078
ury,sex_t,ocu_isco08_5,2014,108.017
ury,sex_t,ocu_isco08_5,2015,111.819
ury,sex_t,ocu_isco08_5,2016,112.071
ury,sex_t,ocu_isco08_5,2017,111.252
ury,sex_t,ocu_isco08_5,2018,111.393
ury,sex_t,ocu_isco08_5,2019,113.007
ury,sex_t,ocu_isco08_5,2020,87.319
ury,sex_t,ocu_isco08_5,2021,95.024
ury,sex_t,ocu_isco08_5,2022,102.683
ury,sex_t,ocu_isco08_5,2023,138.926
ury,sex_t,ocu_isco08_5,2024,138.062
ury,sex_t,ocu_isco08_6,2011,76.89
ury,sex_t,ocu_isco08_6,2012,55.311
ury,sex_t,ocu_isco08_6,2013,60.245
ury,sex_t,ocu_isco08_6,2014,25.66
ury,sex_t,ocu_isco08_6,2015,23.293
ury,sex_t,ocu_isco08_6,2016,24.159
ury,sex_t,ocu_isco08_6,2017,26.026
ury,sex_t,ocu_isco08_6,2018,21.697
ury,sex_t,ocu_isco08_6,2019,23.539
ury,sex_t,ocu_isco08_6,2020,29.306
ury,sex_t,ocu_isco08_6,2021,28.018
ury,sex_t,ocu_isco08_6,2022,29.483
ury,sex_t,ocu_isco08_6,2023,56.852
ury,sex_t,ocu_isco08_6,2024,46.915
ury,sex_t,ocu_isco08_7,2011,110.923
ury,sex_t,ocu_isco08_7,2012,114.735
ury,sex_t,ocu_isco08_7,2013,121.235
ury,sex_t,ocu_isco08_7,2014,95.103
ury,sex_t,ocu_isco08_7,2015,98.696
ury,sex_t,ocu_isco08_7,2016,102.361
ury,sex_t,ocu_isco08_7,2017,101.77
ury,sex_t,ocu_isco08_7,2018,99.974
ury,sex_t,ocu_isco08_7,2019,96.777
ury,sex_t,ocu_isco08_7,2020,88.776
ury,sex_t,ocu_isco08_7,2021,91.271
ury,sex_t,ocu_isco08_7,2022,92.603
ury,sex_t,ocu_isco08_7,2023,117.712
ury,sex_t,ocu_isco08_7,2024,110.17
ury,sex_t,ocu_isco08_8,2011,27.108
ury,sex_t,ocu_isco08_8,2012,24.728
ury,sex_t,ocu_isco08_8,2013,26.525
ury,sex_t,ocu_isco08_8,2014,16.714
ury,sex_t,ocu_isco08_8,2015,15.513
ury,sex_t,ocu_isco08_8,2016,16.131
ury,sex_t,ocu_isco08_8,2017,14.677
ury,sex_t,ocu_isco08_8,2018,14.748
ury,sex_t,ocu_isco08_8,2019,14.945
ury,sex_t,ocu_isco08_8,2020,14.427
ury,sex_t,ocu_isco08_8,2021,13.396
ury,sex_t,ocu_isco08_8,2022,14.129
ury,sex_t,ocu_isco08_8,2023,25.197
ury,sex_t,ocu_isco08_8,2024,23.173
ury,sex_t,ocu_isco08_9,2011,132.4
ury,sex_t,ocu_isco08_9,2012,125.52
ury,sex_t,ocu_isco08_9,2013,120.521
ury,sex_t,ocu_isco08_9,2014,114.032
ury,sex_t,ocu_isco08_9,2015,111.1
ury,sex_t,ocu_isco08_9,2016,114.943
ury,sex_t,ocu_isco08_9,2017,110.351
ury,sex_t,ocu_isco08_9,2018,113.176
ury,sex_t,ocu_isco08_9,2019,110.786
ury,sex_t,ocu_isco08_9,2020,90.831
ury,sex_t,ocu_isco08_9,2021,93.211
ury,sex_t,ocu_isco08_9,2022,93.725
ury,sex_t,ocu_isco08_9,2023,102.734
ury,sex_t,ocu_isco08_9,2024,100.742
ury,sex_t,ocu_isco08_total,2011,629.469
ury,sex_t,ocu_isco08_total,2012,565.663
ury,sex_t,ocu_isco08_total,2013,571.571
ury,sex_t,ocu_isco08_total,2014,390.947
ury,sex_t,ocu_isco08_total,2015,393.67
ury,sex_t,ocu_isco08_total,2016,403.742
ury,sex_t,ocu_isco08_total,2017,396.228
ury,sex_t,ocu_isco08_total,2018,391.815
ury,sex_t,ocu_isco08_total,2019,393.94
ury,sex_t,ocu_isco08_total,2020,335.72
ury,sex_t,ocu_isco08_total,2021,348.673
ury,sex_t,ocu_isco08_total,2022,368.163
ury,sex_t,ocu_isco08_total,2023,540.764
ury,sex_t,ocu_isco08_total,2024,496.041
ury,sex_t,ocu_isco08_x,2011,2.44
ury,sex_t,ocu_isco08_x,2019,4.183
ury,sex_t,ocu_isco08_x,2020,0.291
ury,sex_t,ocu_isco08_x,2021,0.665
ury,sex_t,ocu_isco08_x,2022,0.146
ury,sex_t,ocu_isco88_0,2009,0.157
ury,sex_t,ocu_isco88_1,2006,50.523
ury,sex_t,ocu_isco88_1,2007,57.765
ury,sex_t,ocu_isco88_1,2008,58.598
ury,sex_t,ocu_isco88_1,2009,68.688
ury,sex_t,ocu_isco88_1,2010,73.797
ury,sex_t,ocu_isco88_2,2006,32.456
ury,sex_t,ocu_isco88_2,2007,34.7
ury,sex_t,ocu_isco88_2,2008,35.324
ury,sex_t,ocu_isco88_2,2009,38.311
ury,sex_t,ocu_isco88_2,2010,38.59
ury,sex_t,ocu_isco88_3,2006,27.018
ury,sex_t,ocu_isco88_3,2007,29.851
ury,sex_t,ocu_isco88_3,2008,30.658
ury,sex_t,ocu_isco88_3,2009,31.008
ury,sex_t,ocu_isco88_3,2010,32.904
ury,sex_t,ocu_isco88_4,2006,15.928
ury,sex_t,ocu_isco88_4,2007,15.952
ury,sex_t,ocu_isco88_4,2008,15.132
ury,sex_t,ocu_isco88_4,2009,13.986
ury,sex_t,ocu_isco88_4,2010,14.242
ury,sex_t,ocu_isco88_5,2006,93.476
ury,sex_t,ocu_isco88_5,2007,82.371
ury,sex_t,ocu_isco88_5,2008,84.674
ury,sex_t,ocu_isco88_5,2009,86.558
ury,sex_t,ocu_isco88_5,2010,91.682
ury,sex_t,ocu_isco88_6,2006,61.993
ury,sex_t,ocu_isco88_6,2007,58.578
ury,sex_t,ocu_isco88_6,2008,60.492
ury,sex_t,ocu_isco88_6,2009,61.301
ury,sex_t,ocu_isco88_6,2010,68.117
ury,sex_t,ocu_isco88_7,2006,122.318
ury,sex_t,ocu_isco88_7,2007,115.258
ury,sex_t,ocu_isco88_7,2008,112.264
ury,sex_t,ocu_isco88_7,2009,109.843
ury,sex_t,ocu_isco88_7,2010,120.953
ury,sex_t,ocu_isco88_8,2006,24.748
ury,sex_t,ocu_isco88_8,2007,24.512
ury,sex_t,ocu_isco88_8,2008,26.636
ury,sex_t,ocu_isco88_8,2009,26.915
ury,sex_t,ocu_isco88_8,2010,27.432
ury,sex_t,ocu_isco88_9,2006,148.821
ury,sex_t,ocu_isco88_9,2007,164.996
ury,sex_t,ocu_isco88_9,2008,159.441
ury,sex_t,ocu_isco88_9,2009,156.267
ury,sex_t,ocu_isco88_9,2010,169.763
ury,sex_t,ocu_isco88_total,2006,577.349
ury,sex_t,ocu_isco88_total,2007,584.034
ury,sex_t,ocu_isco88_total,2008,583.313
ury,sex_t,ocu_isco88_total,2009,593.034
ury,sex_t,ocu_isco88_total,2010,637.507
ury,sex_t,ocu_skill_l1,2006,148.821
ury,sex_t,ocu_skill_l1,2007,164.996
ury,sex_t,ocu_skill_l1,2008,159.441
ury,sex_t,ocu_skill_l1,2009,156.267
ury,sex_t,ocu_skill_l1,2010,169.763
ury,sex_t,ocu_skill_l1,2011,132.4
ury,sex_t,ocu_skill_l1,2012,125.52
ury,sex_t,ocu_skill_l1,2013,120.521
ury,sex_t,ocu_skill_l1,2014,114.032
ury,sex_t,ocu_skill_l1,2015,111.1
ury,sex_t,ocu_skill_l1,2016,114.943
ury,sex_t,ocu_skill_l1,2017,110.351
ury,sex_t,ocu_skill_l1,2018,113.176
ury,sex_t,ocu_skill_l1,2019,110.786
ury,sex_t,ocu_skill_l1,2020,90.831
ury,sex_t,ocu_skill_l1,2021,93.211
ury,sex_t,ocu_skill_l1,2022,93.725
ury,sex_t,ocu_skill_l1,2023,102.734
ury,sex_t,ocu_skill_l1,2024,100.742
ury,sex_t,ocu_skill_l2,2006,318.463
ury,sex_t,ocu_skill_l2,2007,296.671
ury,sex_t,ocu_skill_l2,2008,299.198
ury,sex_t,ocu_skill_l2,2009,298.603
ury,sex_t,ocu_skill_l2,2010,322.426
ury,sex_t,ocu_skill_l2,2011,387.726
ury,sex_t,ocu_skill_l2,2012,355.784
ury,sex_t,ocu_skill_l2,2013,366.854
ury,sex_t,ocu_skill_l2,2014,252.68
ury,sex_t,ocu_skill_l2,2015,255.721
ury,sex_t,ocu_skill_l2,2016,261.322
ury,sex_t,ocu_skill_l2,2017,259.803
ury,sex_t,ocu_skill_l2,2018,253.379
ury,sex_t,ocu_skill_l2,2019,254.045
ury,sex_t,ocu_skill_l2,2020,223.539
ury,sex_t,ocu_skill_l2,2021,231.948
ury,sex_t,ocu_skill_l2,2022,244.063
ury,sex_t,ocu_skill_l2,2023,347.927
ury,sex_t,ocu_skill_l2,2024,326.311
ury,sex_t,ocu_skill_l3_4,2006,109.997
ury,sex_t,ocu_skill_l3_4,2007,122.316
ury,sex_t,ocu_skill_l3_4,2008,124.58
ury,sex_t,ocu_skill_l3_4,2009,138.007
ury,sex_t,ocu_skill_l3_4,2010,145.291
ury,sex_t,ocu_skill_l3_4,2011,106.903
ury,sex_t,ocu_skill_l3_4,2012,84.359
ury,sex_t,ocu_skill_l3_4,2013,84.196
ury,sex_t,ocu_skill_l3_4,2014,24.235
ury,sex_t,ocu_skill_l3_4,2015,26.849
ury,sex_t,ocu_skill_l3_4,2016,27.477
ury,sex_t,ocu_skill_l3_4,2017,26.074
ury,sex_t,ocu_skill_l3_4,2018,25.26
ury,sex_t,ocu_skill_l3_4,2019,24.926
ury,sex_t,ocu_skill_l3_4,2020,21.031
ury,sex_t,ocu_skill_l3_4,2021,22.849
ury,sex_t,ocu_skill_l3_4,2022,30.155
ury,sex_t,ocu_skill_l3_4,2023,90.103
ury,sex_t,ocu_skill_l3_4,2024,68.962
ury,sex_t,ocu_skill_total,2006,577.349
ury,sex_t,ocu_skill_total,2007,584.034
ury,sex_t,ocu_skill_total,2008,583.313
ury,sex_t,ocu_skill_total,2009,593.034
ury,sex_t,ocu_skill_total,2010,637.507
ury,sex_t,ocu_skill_total,2011,629.469
ury,sex_t,ocu_skill_total,2012,565.663
ury,sex_t,ocu_skill_total,2013,571.571
ury,sex_t,ocu_skill_total,2014,390.947
ury,sex_t,ocu_skill_total,2015,393.67
ury,sex_t,ocu_skill_total,2016,403.742
ury,sex_t,ocu_skill_total,2017,396.228
ury,sex_t,ocu_skill_total,2018,391.815
ury,sex_t,ocu_skill_total,2019,393.94
ury,sex_t,ocu_skill_total,2020,335.72
ury,sex_t,ocu_skill_total,2021,348.673
ury,sex_t,ocu_skill_total,2022,368.163
ury,sex_t,ocu_skill_total,2023,540.764
ury,sex_t,ocu_skill_total,2024,496.041
ury,sex_t,ocu_skill_x,2009,0.157
ury,sex_t,ocu_skill_x,2011,2.44
ury,sex_t,ocu_skill_x,2019,4.183
ury,sex_t,ocu_skill_x,2020,0.32
ury,sex_t,ocu_skill_x,2021,0.665
ury,sex_t,ocu_skill_x,2022,0.221
ven,sex_f,ocu_isco88_0,2017,8.076
ven,sex_f,ocu_isco88_1,2017,61.794
ven,sex_f,ocu_isco88_2,2017,334.249
ven,sex_f,ocu_isco88_4,2017,174.921
ven,sex_f,ocu_isco88_5,2017,2019.103
ven,sex_f,ocu_isco88_6,2017,106.452
ven,sex_f,ocu_isco88_8,2017,426.943
ven,sex_f,ocu_isco88_9,2017,8.537
ven,sex_f,ocu_isco88_total,2017,3185.172
ven,sex_f,ocu_isco88_x,2017,45.097
ven,sex_f,ocu_skill_l1,2017,8.537
ven,sex_f,ocu_skill_l2,2017,2727.419
ven,sex_f,ocu_skill_l3_4,2017,396.043
ven,sex_f,ocu_skill_total,2017,3185.172
ven,sex_f,ocu_skill_x,2017,53.173
ven,sex_m,ocu_isco88_0,2017,20.428
ven,sex_m,ocu_isco88_1,2017,96.045
ven,sex_m,ocu_isco88_2,2017,227.067
ven,sex_m,ocu_isco88_4,2017,70.497
ven,sex_m,ocu_isco88_5,2017,1479.173
ven,sex_m,ocu_isco88_6,2017,936.116
ven,sex_m,ocu_isco88_8,2017,2400.84
ven,sex_m,ocu_isco88_9,2017,23.76
ven,sex_m,ocu_isco88_total,2017,5320.239
ven,sex_m,ocu_isco88_x,2017,66.313
ven,sex_m,ocu_skill_l1,2017,23.76
ven,sex_m,ocu_skill_l2,2017,4886.626
ven,sex_m,ocu_skill_l3_4,2017,323.112
ven,sex_m,ocu_skill_total,2017,5320.239
ven,sex_m,ocu_skill_x,2017,86.741
ven,sex_t,ocu_isco88_0,2017,28.504
ven,sex_t,ocu_isco88_1,2017,157.839
ven,sex_t,ocu_isco88_2,2017,561.316
ven,sex_t,ocu_isco88_4,2017,245.418
ven,sex_t,ocu_isco88_5,2017,3498.276
ven,sex_t,ocu_isco88_6,2017,1042.568
ven,sex_t,ocu_isco88_8,2017,2827.783
ven,sex_t,ocu_isco88_9,2017,32.297
ven,sex_t,ocu_isco88_total,2017,8505.411
ven,sex_t,ocu_isco88_x,2017,111.41
ven,sex_t,ocu_skill_l1,2017,32.297
ven,sex_t,ocu_skill_l2,2017,7614.045
ven,sex_t,ocu_skill_l3_4,2017,719.155
ven,sex_t,ocu_skill_total,2017,8505.411
ven,sex_t,ocu_skill_x,2017,139.914
vnm,sex_f,ocu_isco08_0,2013,0
vnm,sex_f,ocu_isco08_0,2016,0
vnm,sex_f,ocu_isco08_0,2019,0
vnm,sex_f,ocu_isco08_0,2022,0
vnm,sex_f,ocu_isco08_0,2023,0
vnm,sex_f,ocu_isco08_1,2013,6.888
vnm,sex_f,ocu_isco08_1,2014,10.711
vnm,sex_f,ocu_isco08_1,2015,17.216
vnm,sex_f,ocu_isco08_1,2016,11.505
vnm,sex_f,ocu_isco08_1,2017,12.348
vnm,sex_f,ocu_isco08_1,2018,12.361
vnm,sex_f,ocu_isco08_1,2019,6.044
vnm,sex_f,ocu_isco08_1,2020,35.711
vnm,sex_f,ocu_isco08_1,2021,25.759
vnm,sex_f,ocu_isco08_1,2022,29.814
vnm,sex_f,ocu_isco08_1,2023,20.741
vnm,sex_f,ocu_isco08_2,2009,62.538
vnm,sex_f,ocu_isco08_2,2013,104.73
vnm,sex_f,ocu_isco08_2,2014,110.278
vnm,sex_f,ocu_isco08_2,2015,127.806
vnm,sex_f,ocu_isco08_2,2016,130.066
vnm,sex_f,ocu_isco08_2,2017,142.393
vnm,sex_f,ocu_isco08_2,2018,142.254
vnm,sex_f,ocu_isco08_2,2019,165.268
vnm,sex_f,ocu_isco08_2,2020,169.976
vnm,sex_f,ocu_isco08_2,2021,130.873
vnm,sex_f,ocu_isco08_2,2022,91.525
vnm,sex_f,ocu_isco08_2,2023,94.264
vnm,sex_f,ocu_isco08_3,2009,149.132
vnm,sex_f,ocu_isco08_3,2013,143.889
vnm,sex_f,ocu_isco08_3,2014,127.594
vnm,sex_f,ocu_isco08_3,2015,150.215
vnm,sex_f,ocu_isco08_3,2016,142.521
vnm,sex_f,ocu_isco08_3,2017,152.235
vnm,sex_f,ocu_isco08_3,2018,156.443
vnm,sex_f,ocu_isco08_3,2019,149.944
vnm,sex_f,ocu_isco08_3,2020,140.153
vnm,sex_f,ocu_isco08_3,2021,119.34
vnm,sex_f,ocu_isco08_3,2022,97.504
vnm,sex_f,ocu_isco08_3,2023,94.953
vnm,sex_f,ocu_isco08_4,2009,104.674
vnm,sex_f,ocu_isco08_4,2013,109.361
vnm,sex_f,ocu_isco08_4,2014,113.091
vnm,sex_f,ocu_isco08_4,2015,113.359
vnm,sex_f,ocu_isco08_4,2016,117.125
vnm,sex_f,ocu_isco08_4,2017,122.114
vnm,sex_f,ocu_isco08_4,2018,122.653
vnm,sex_f,ocu_isco08_4,2019,108.591
vnm,sex_f,ocu_isco08_4,2020,112.536
vnm,sex_f,ocu_isco08_4,2021,110.487
vnm,sex_f,ocu_isco08_4,2022,96.544
vnm,sex_f,ocu_isco08_4,2023,93.196
vnm,sex_f,ocu_isco08_5,2009,4126.634
vnm,sex_f,ocu_isco08_5,2013,4423.807
vnm,sex_f,ocu_isco08_5,2014,4021.066
vnm,sex_f,ocu_isco08_5,2015,4153.88
vnm,sex_f,ocu_isco08_5,2016,4213.326
vnm,sex_f,ocu_isco08_5,2017,4297.014
vnm,sex_f,ocu_isco08_5,2018,4429.087
vnm,sex_f,ocu_isco08_5,2019,4579.384
vnm,sex_f,ocu_isco08_5,2020,4657.638
vnm,sex_f,ocu_isco08_5,2021,4572.583
vnm,sex_f,ocu_isco08_5,2022,4934.056
vnm,sex_f,ocu_isco08_5,2023,5042.64
vnm,sex_f,ocu_isco08_6,2009,3073.741
vnm,sex_f,ocu_isco08_6,2013,2664.699
vnm,sex_f,ocu_isco08_6,2014,2668.134
vnm,sex_f,ocu_isco08_6,2015,2133.286
vnm,sex_f,ocu_isco08_6,2016,2158.769
vnm,sex_f,ocu_isco08_6,2017,1998.725
vnm,sex_f,ocu_isco08_6,2018,1908.798
vnm,sex_f,ocu_isco08_6,2019,1421.674
vnm,sex_f,ocu_isco08_6,2020,1295.505
vnm,sex_f,ocu_isco08_6,2021,3885.427
vnm,sex_f,ocu_isco08_6,2022,3980.583
vnm,sex_f,ocu_isco08_6,2023,3683.185
vnm,sex_f,ocu_isco08_7,2009,1491.12
vnm,sex_f,ocu_isco08_7,2013,1448.821
vnm,sex_f,ocu_isco08_7,2014,1413.647
vnm,sex_f,ocu_isco08_7,2015,1290.143
vnm,sex_f,ocu_isco08_7,2016,1352.289
vnm,sex_f,ocu_isco08_7,2017,1328.615
vnm,sex_f,ocu_isco08_7,2018,1315.386
vnm,sex_f,ocu_isco08_7,2019,1334.981
vnm,sex_f,ocu_isco08_7,2020,1159.766
vnm,sex_f,ocu_isco08_7,2021,1206.622
vnm,sex_f,ocu_isco08_7,2022,1102.715
vnm,sex_f,ocu_isco08_7,2023,1064.812
vnm,sex_f,ocu_isco08_8,2009,263.729
vnm,sex_f,ocu_isco08_8,2013,331.246
vnm,sex_f,ocu_isco08_8,2014,347.92
vnm,sex_f,ocu_isco08_8,2015,419.312
vnm,sex_f,ocu_isco08_8,2016,434.504
vnm,sex_f,ocu_isco08_8,2017,419.458
vnm,sex_f,ocu_isco08_8,2018,396.928
vnm,sex_f,ocu_isco08_8,2019,475.877
vnm,sex_f,ocu_isco08_8,2020,542.543
vnm,sex_f,ocu_isco08_8,2021,442.926
vnm,sex_f,ocu_isco08_8,2022,422.612
vnm,sex_f,ocu_isco08_8,2023,373.338
vnm,sex_f,ocu_isco08_9,2009,9803.901
vnm,sex_f,ocu_isco08_9,2013,10836.298
vnm,sex_f,ocu_isco08_9,2014,10809.2
vnm,sex_f,ocu_isco08_9,2015,10616.474
vnm,sex_f,ocu_isco08_9,2016,10264.626
vnm,sex_f,ocu_isco08_9,2017,10004.997
vnm,sex_f,ocu_isco08_9,2018,9454.771
vnm,sex_f,ocu_isco08_9,2019,9246.877
vnm,sex_f,ocu_isco08_9,2020,8509.652
vnm,sex_f,ocu_isco08_9,2021,5781.012
vnm,sex_f,ocu_isco08_9,2022,5649.904
vnm,sex_f,ocu_isco08_9,2023,5839.75
vnm,sex_f,ocu_isco08_total,2009,19078.891
vnm,sex_f,ocu_isco08_total,2013,20071.19
vnm,sex_f,ocu_isco08_total,2014,19632.219
vnm,sex_f,ocu_isco08_total,2015,19022.481
vnm,sex_f,ocu_isco08_total,2016,18826.4
vnm,sex_f,ocu_isco08_total,2017,18478.045
vnm,sex_f,ocu_isco08_total,2018,17939.228
vnm,sex_f,ocu_isco08_total,2019,17488.935
vnm,sex_f,ocu_isco08_total,2020,16623.938
vnm,sex_f,ocu_isco08_total,2021,17336.064
vnm,sex_f,ocu_isco08_total,2022,17473.98
vnm,sex_f,ocu_isco08_total,2023,17120.768
vnm,sex_f,ocu_isco08_x,2013,1.451
vnm,sex_f,ocu_isco08_x,2014,10.505
vnm,sex_f,ocu_isco08_x,2015,0.757
vnm,sex_f,ocu_isco08_x,2016,1.669
vnm,sex_f,ocu_isco08_x,2021,1060.691
vnm,sex_f,ocu_isco08_x,2022,1068.723
vnm,sex_f,ocu_isco08_x,2023,813.888
vnm,sex_f,ocu_isco88_1,2007,10.743
vnm,sex_f,ocu_isco88_2,2007,64.075
vnm,sex_f,ocu_isco88_3,2007,142.668
vnm,sex_f,ocu_isco88_4,2007,74.698
vnm,sex_f,ocu_isco88_5,2007,1422.605
vnm,sex_f,ocu_isco88_6,2007,682.551
vnm,sex_f,ocu_isco88_7,2007,1593.082
vnm,sex_f,ocu_isco88_8,2007,86.221
vnm,sex_f,ocu_isco88_9,2007,14588.72
vnm,sex_f,ocu_isco88_total,2007,18668.811
vnm,sex_f,ocu_isco88_x,2007,3.449
vnm,sex_f,ocu_skill_l1,2007,14588.72
vnm,sex_f,ocu_skill_l1,2009,9803.901
vnm,sex_f,ocu_skill_l1,2013,10836.298
vnm,sex_f,ocu_skill_l1,2014,10809.2
vnm,sex_f,ocu_skill_l1,2015,10616.474
vnm,sex_f,ocu_skill_l1,2016,10264.626
vnm,sex_f,ocu_skill_l1,2017,10004.997
vnm,sex_f,ocu_skill_l1,2018,9454.771
vnm,sex_f,ocu_skill_l1,2019,9246.877
vnm,sex_f,ocu_skill_l1,2020,8509.652
vnm,sex_f,ocu_skill_l1,2021,5781.012
vnm,sex_f,ocu_skill_l1,2022,5649.904
vnm,sex_f,ocu_skill_l1,2023,5839.75
vnm,sex_f,ocu_skill_l2,2007,3859.156
vnm,sex_f,ocu_skill_l2,2009,9059.899
vnm,sex_f,ocu_skill_l2,2013,8977.934
vnm,sex_f,ocu_skill_l2,2014,8563.858
vnm,sex_f,ocu_skill_l2,2015,8109.98
vnm,sex_f,ocu_skill_l2,2016,8276.013
vnm,sex_f,ocu_skill_l2,2017,8165.926
vnm,sex_f,ocu_skill_l2,2018,8172.852
vnm,sex_f,ocu_skill_l2,2019,7920.508
vnm,sex_f,ocu_skill_l2,2020,7767.989
vnm,sex_f,ocu_skill_l2,2021,10218.045
vnm,sex_f,ocu_skill_l2,2022,10536.51
vnm,sex_f,ocu_skill_l2,2023,10257.172
vnm,sex_f,ocu_skill_l3_4,2007,217.486
vnm,sex_f,ocu_skill_l3_4,2009,215.091
vnm,sex_f,ocu_skill_l3_4,2013,255.508
vnm,sex_f,ocu_skill_l3_4,2014,248.583
vnm,sex_f,ocu_skill_l3_4,2015,295.237
vnm,sex_f,ocu_skill_l3_4,2016,284.092
vnm,sex_f,ocu_skill_l3_4,2017,306.976
vnm,sex_f,ocu_skill_l3_4,2018,311.058
vnm,sex_f,ocu_skill_l3_4,2019,321.256
vnm,sex_f,ocu_skill_l3_4,2020,345.839
vnm,sex_f,ocu_skill_l3_4,2021,275.971
vnm,sex_f,ocu_skill_l3_4,2022,218.843
vnm,sex_f,ocu_skill_l3_4,2023,209.958
vnm,sex_f,ocu_skill_total,2007,18668.811
vnm,sex_f,ocu_skill_total,2009,19078.891
vnm,sex_f,ocu_skill_total,2013,20071.19
vnm,sex_f,ocu_skill_total,2014,19632.219
vnm,sex_f,ocu_skill_total,2015,19022.481
vnm,sex_f,ocu_skill_total,2016,18826.4
vnm,sex_f,ocu_skill_total,2017,18478.045
vnm,sex_f,ocu_skill_total,2018,17939.228
vnm,sex_f,ocu_skill_total,2019,17488.935
vnm,sex_f,ocu_skill_total,2020,16623.938
vnm,sex_f,ocu_skill_total,2021,17336.064
vnm,sex_f,ocu_skill_total,2022,17473.98
vnm,sex_f,ocu_skill_total,2023,17120.768
vnm,sex_f,ocu_skill_x,2007,3.449
vnm,sex_f,ocu_skill_x,2013,1.451
vnm,sex_f,ocu_skill_x,2014,10.577
vnm,sex_f,ocu_skill_x,2015,0.79
vnm,sex_f,ocu_skill_x,2016,1.669
vnm,sex_f,ocu_skill_x,2018,0.547
vnm,sex_f,ocu_skill_x,2020,0.459
vnm,sex_f,ocu_skill_x,2021,1061.036
vnm,sex_f,ocu_skill_x,2022,1068.723
vnm,sex_f,ocu_skill_x,2023,813.888
vnm,sex_m,ocu_isco08_0,2013,3.632
vnm,sex_m,ocu_isco08_0,2014,4.273
vnm,sex_m,ocu_isco08_0,2015,2.261
vnm,sex_m,ocu_isco08_0,2016,1.39
vnm,sex_m,ocu_isco08_0,2017,2.805
vnm,sex_m,ocu_isco08_0,2018,3.395
vnm,sex_m,ocu_isco08_0,2019,2.508
vnm,sex_m,ocu_isco08_0,2020,2.431
vnm,sex_m,ocu_isco08_0,2021,7.494
vnm,sex_m,ocu_isco08_0,2022,3.627
vnm,sex_m,ocu_isco08_0,2023,4.165
vnm,sex_m,ocu_isco08_1,2009,21.468
vnm,sex_m,ocu_isco08_1,2013,21.874
vnm,sex_m,ocu_isco08_1,2014,30.073
vnm,sex_m,ocu_isco08_1,2015,41.846
vnm,sex_m,ocu_isco08_1,2016,34.275
vnm,sex_m,ocu_isco08_1,2017,22.026
vnm,sex_m,ocu_isco08_1,2018,19.117
vnm,sex_m,ocu_isco08_1,2019,13.808
vnm,sex_m,ocu_isco08_1,2020,159.522
vnm,sex_m,ocu_isco08_1,2021,122.874
vnm,sex_m,ocu_isco08_1,2022,111.23
vnm,sex_m,ocu_isco08_1,2023,115.913
vnm,sex_m,ocu_isco08_2,2009,92.368
vnm,sex_m,ocu_isco08_2,2013,110.595
vnm,sex_m,ocu_isco08_2,2014,111.413
vnm,sex_m,ocu_isco08_2,2015,120.105
vnm,sex_m,ocu_isco08_2,2016,114.824
vnm,sex_m,ocu_isco08_2,2017,131.538
vnm,sex_m,ocu_isco08_2,2018,125.03
vnm,sex_m,ocu_isco08_2,2019,154.45
vnm,sex_m,ocu_isco08_2,2020,157.006
vnm,sex_m,ocu_isco08_2,2021,125.366
vnm,sex_m,ocu_isco08_2,2022,106.942
vnm,sex_m,ocu_isco08_2,2023,96.595
vnm,sex_m,ocu_isco08_3,2009,199.624
vnm,sex_m,ocu_isco08_3,2013,195.493
vnm,sex_m,ocu_isco08_3,2014,173.21
vnm,sex_m,ocu_isco08_3,2015,192.699
vnm,sex_m,ocu_isco08_3,2016,189.419
vnm,sex_m,ocu_isco08_3,2017,232.19
vnm,sex_m,ocu_isco08_3,2018,214.219
vnm,sex_m,ocu_isco08_3,2019,208.253
vnm,sex_m,ocu_isco08_3,2020,158.292
vnm,sex_m,ocu_isco08_3,2021,136.087
vnm,sex_m,ocu_isco08_3,2022,123.397
vnm,sex_m,ocu_isco08_3,2023,124.493
vnm,sex_m,ocu_isco08_4,2009,149.934
vnm,sex_m,ocu_isco08_4,2013,176.167
vnm,sex_m,ocu_isco08_4,2014,172.491
vnm,sex_m,ocu_isco08_4,2015,170.514
vnm,sex_m,ocu_isco08_4,2016,183.325
vnm,sex_m,ocu_isco08_4,2017,167.492
vnm,sex_m,ocu_isco08_4,2018,183.761
vnm,sex_m,ocu_isco08_4,2019,161.216
vnm,sex_m,ocu_isco08_4,2020,164.452
vnm,sex_m,ocu_isco08_4,2021,173.012
vnm,sex_m,ocu_isco08_4,2022,132.509
vnm,sex_m,ocu_isco08_4,2023,137.034
vnm,sex_m,ocu_isco08_5,2009,1995.427
vnm,sex_m,ocu_isco08_5,2013,2226.219
vnm,sex_m,ocu_isco08_5,2014,2017.88
vnm,sex_m,ocu_isco08_5,2015,2237.921
vnm,sex_m,ocu_isco08_5,2016,2186.904
vnm,sex_m,ocu_isco08_5,2017,2236.122
vnm,sex_m,ocu_isco08_5,2018,2353.682
vnm,sex_m,ocu_isco08_5,2019,2510.545
vnm,sex_m,ocu_isco08_5,2020,2545.337
vnm,sex_m,ocu_isco08_5,2021,2453.795
vnm,sex_m,ocu_isco08_5,2022,2453.614
vnm,sex_m,ocu_isco08_5,2023,2636.583
vnm,sex_m,ocu_isco08_6,2009,3864.718
vnm,sex_m,ocu_isco08_6,2013,3516.622
vnm,sex_m,ocu_isco08_6,2014,3677.281
vnm,sex_m,ocu_isco08_6,2015,3182.1
vnm,sex_m,ocu_isco08_6,2016,3158.744
vnm,sex_m,ocu_isco08_6,2017,3148.262
vnm,sex_m,ocu_isco08_6,2018,3115.607
vnm,sex_m,ocu_isco08_6,2019,2544.076
vnm,sex_m,ocu_isco08_6,2020,2484.181
vnm,sex_m,ocu_isco08_6,2021,4733.445
vnm,sex_m,ocu_isco08_6,2022,4828.974
vnm,sex_m,ocu_isco08_6,2023,4437.026
vnm,sex_m,ocu_isco08_7,2009,3682.966
vnm,sex_m,ocu_isco08_7,2013,3790.339
vnm,sex_m,ocu_isco08_7,2014,3590.753
vnm,sex_m,ocu_isco08_7,2015,3647.562
vnm,sex_m,ocu_isco08_7,2016,3961.427
vnm,sex_m,ocu_isco08_7,2017,4122.467
vnm,sex_m,ocu_isco08_7,2018,4204.934
vnm,sex_m,ocu_isco08_7,2019,4512.877
vnm,sex_m,ocu_isco08_7,2020,4534.771
vnm,sex_m,ocu_isco08_7,2021,4310.375
vnm,sex_m,ocu_isco08_7,2022,4403.874
vnm,sex_m,ocu_isco08_7,2023,4334.562
vnm,sex_m,ocu_isco08_8,2009,1364.737
vnm,sex_m,ocu_isco08_8,2013,1372.683
vnm,sex_m,ocu_isco08_8,2014,1292.983
vnm,sex_m,ocu_isco08_8,2015,1369.023
vnm,sex_m,ocu_isco08_8,2016,1388.543
vnm,sex_m,ocu_isco08_8,2017,1495.693
vnm,sex_m,ocu_isco08_8,2018,1484.186
vnm,sex_m,ocu_isco08_8,2019,1635.852
vnm,sex_m,ocu_isco08_8,2020,1781.736
vnm,sex_m,ocu_isco08_8,2021,1576.737
vnm,sex_m,ocu_isco08_8,2022,1588.949
vnm,sex_m,ocu_isco08_8,2023,1514.904
vnm,sex_m,ocu_isco08_9,2009,8704.159
vnm,sex_m,ocu_isco08_9,2013,10032.882
vnm,sex_m,ocu_isco08_9,2014,9827.912
vnm,sex_m,ocu_isco08_9,2015,9908.535
vnm,sex_m,ocu_isco08_9,2016,9449.553
vnm,sex_m,ocu_isco08_9,2017,9341.32
vnm,sex_m,ocu_isco08_9,2018,9109.044
vnm,sex_m,ocu_isco08_9,2019,8793.6
vnm,sex_m,ocu_isco08_9,2020,8310.003
vnm,sex_m,ocu_isco08_9,2021,6016.948
vnm,sex_m,ocu_isco08_9,2022,5893.794
vnm,sex_m,ocu_isco08_9,2023,6205.534
vnm,sex_m,ocu_isco08_total,2009,20079.626
vnm,sex_m,ocu_isco08_total,2013,21449.348
vnm,sex_m,ocu_isco08_total,2014,20911.482
vnm,sex_m,ocu_isco08_total,2015,20873.235
vnm,sex_m,ocu_isco08_total,2016,20669.078
vnm,sex_m,ocu_isco08_total,2017,20899.916
vnm,sex_m,ocu_isco08_total,2018,20813.193
vnm,sex_m,ocu_isco08_total,2019,20538.465
vnm,sex_m,ocu_isco08_total,2020,20297.974
vnm,sex_m,ocu_isco08_total,2021,20265.45
vnm,sex_m,ocu_isco08_total,2022,20240.792
vnm,sex_m,ocu_isco08_total,2023,20063.205
vnm,sex_m,ocu_isco08_x,2013,2.841
vnm,sex_m,ocu_isco08_x,2014,13.213
vnm,sex_m,ocu_isco08_x,2015,0.669
vnm,sex_m,ocu_isco08_x,2016,0.675
vnm,sex_m,ocu_isco08_x,2019,1.28
vnm,sex_m,ocu_isco08_x,2021,609.318
vnm,sex_m,ocu_isco08_x,2022,593.882
vnm,sex_m,ocu_isco08_x,2023,456.396
vnm,sex_m,ocu_isco88_1,2007,69.105
vnm,sex_m,ocu_isco88_2,2007,89.831
vnm,sex_m,ocu_isco88_3,2007,161.779
vnm,sex_m,ocu_isco88_4,2007,102.298
vnm,sex_m,ocu_isco88_5,2007,792.589
vnm,sex_m,ocu_isco88_6,2007,936.788
vnm,sex_m,ocu_isco88_7,2007,3282.795
vnm,sex_m,ocu_isco88_8,2007,905.044
vnm,sex_m,ocu_isco88_9,2007,12689.854
vnm,sex_m,ocu_isco88_total,2007,19039.151
vnm,sex_m,ocu_isco88_x,2007,9.068
vnm,sex_m,ocu_skill_l1,2007,12689.854
vnm,sex_m,ocu_skill_l1,2009,8704.159
vnm,sex_m,ocu_skill_l1,2013,10032.882
vnm,sex_m,ocu_skill_l1,2014,9827.912
vnm,sex_m,ocu_skill_l1,2015,9908.535
vnm,sex_m,ocu_skill_l1,2016,9449.553
vnm,sex_m,ocu_skill_l1,2017,9341.32
vnm,sex_m,ocu_skill_l1,2018,9109.044
vnm,sex_m,ocu_skill_l1,2019,8793.6
vnm,sex_m,ocu_skill_l1,2020,8310.003
vnm,sex_m,ocu_skill_l1,2021,6016.948
vnm,sex_m,ocu_skill_l1,2022,5893.794
vnm,sex_m,ocu_skill_l1,2023,6205.534
vnm,sex_m,ocu_skill_l2,2007,6019.514
vnm,sex_m,ocu_skill_l2,2009,11057.782
vnm,sex_m,ocu_skill_l2,2013,11082.03
vnm,sex_m,ocu_skill_l2,2014,10751.387
vnm,sex_m,ocu_skill_l2,2015,10607.12
vnm,sex_m,ocu_skill_l2,2016,10878.943
vnm,sex_m,ocu_skill_l2,2017,11170.037
vnm,sex_m,ocu_skill_l2,2018,11342.169
vnm,sex_m,ocu_skill_l2,2019,11364.566
vnm,sex_m,ocu_skill_l2,2020,11510.476
vnm,sex_m,ocu_skill_l2,2021,13247.364
vnm,sex_m,ocu_skill_l2,2022,13407.92
vnm,sex_m,ocu_skill_l2,2023,13060.11
vnm,sex_m,ocu_skill_l3_4,2007,320.715
vnm,sex_m,ocu_skill_l3_4,2009,313.46
vnm,sex_m,ocu_skill_l3_4,2013,327.962
vnm,sex_m,ocu_skill_l3_4,2014,314.696
vnm,sex_m,ocu_skill_l3_4,2015,354.651
vnm,sex_m,ocu_skill_l3_4,2016,338.517
vnm,sex_m,ocu_skill_l3_4,2017,385.755
vnm,sex_m,ocu_skill_l3_4,2018,358.366
vnm,sex_m,ocu_skill_l3_4,2019,376.511
vnm,sex_m,ocu_skill_l3_4,2020,474.82
vnm,sex_m,ocu_skill_l3_4,2021,384.327
vnm,sex_m,ocu_skill_l3_4,2022,341.569
vnm,sex_m,ocu_skill_l3_4,2023,337
vnm,sex_m,ocu_skill_total,2007,19039.151
vnm,sex_m,ocu_skill_total,2009,20079.626
vnm,sex_m,ocu_skill_total,2013,21449.348
vnm,sex_m,ocu_skill_total,2014,20911.482
vnm,sex_m,ocu_skill_total,2015,20873.235
vnm,sex_m,ocu_skill_total,2016,20669.078
vnm,sex_m,ocu_skill_total,2017,20899.916
vnm,sex_m,ocu_skill_total,2018,20813.193
vnm,sex_m,ocu_skill_total,2019,20538.465
vnm,sex_m,ocu_skill_total,2020,20297.974
vnm,sex_m,ocu_skill_total,2021,20265.45
vnm,sex_m,ocu_skill_total,2022,20240.792
vnm,sex_m,ocu_skill_total,2023,20063.205
vnm,sex_m,ocu_skill_x,2007,9.068
vnm,sex_m,ocu_skill_x,2013,6.473
vnm,sex_m,ocu_skill_x,2014,17.487
vnm,sex_m,ocu_skill_x,2015,2.929
vnm,sex_m,ocu_skill_x,2016,2.065
vnm,sex_m,ocu_skill_x,2017,2.805
vnm,sex_m,ocu_skill_x,2018,3.614
vnm,sex_m,ocu_skill_x,2019,3.789
vnm,sex_m,ocu_skill_x,2020,2.676
vnm,sex_m,ocu_skill_x,2021,616.812
vnm,sex_m,ocu_skill_x,2022,597.508
vnm,sex_m,ocu_skill_x,2023,460.561
vnm,sex_t,ocu_isco08_0,2013,3.632
vnm,sex_t,ocu_isco08_0,2014,4.345
vnm,sex_t,ocu_isco08_0,2015,2.294
vnm,sex_t,ocu_isco08_0,2016,1.39
vnm,sex_t,ocu_isco08_0,2017,2.951
vnm,sex_t,ocu_isco08_0,2018,3.68
vnm,sex_t,ocu_isco08_0,2019,2.508
vnm,sex_t,ocu_isco08_0,2020,2.82
vnm,sex_t,ocu_isco08_0,2021,7.839
vnm,sex_t,ocu_isco08_0,2022,3.627
vnm,sex_t,ocu_isco08_0,2023,4.165
vnm,sex_t,ocu_isco08_1,2009,24.889
vnm,sex_t,ocu_isco08_1,2013,28.762
vnm,sex_t,ocu_isco08_1,2014,40.785
vnm,sex_t,ocu_isco08_1,2015,59.062
vnm,sex_t,ocu_isco08_1,2016,45.779
vnm,sex_t,ocu_isco08_1,2017,34.375
vnm,sex_t,ocu_isco08_1,2018,31.479
vnm,sex_t,ocu_isco08_1,2019,19.852
vnm,sex_t,ocu_isco08_1,2020,195.232
vnm,sex_t,ocu_isco08_1,2021,148.633
vnm,sex_t,ocu_isco08_1,2022,141.045
vnm,sex_t,ocu_isco08_1,2023,136.654
vnm,sex_t,ocu_isco08_2,2009,154.905
vnm,sex_t,ocu_isco08_2,2013,215.325
vnm,sex_t,ocu_isco08_2,2014,221.691
vnm,sex_t,ocu_isco08_2,2015,247.911
vnm,sex_t,ocu_isco08_2,2016,244.89
vnm,sex_t,ocu_isco08_2,2017,273.932
vnm,sex_t,ocu_isco08_2,2018,267.284
vnm,sex_t,ocu_isco08_2,2019,319.718
vnm,sex_t,ocu_isco08_2,2020,326.982
vnm,sex_t,ocu_isco08_2,2021,256.238
vnm,sex_t,ocu_isco08_2,2022,198.467
vnm,sex_t,ocu_isco08_2,2023,190.859
vnm,sex_t,ocu_isco08_3,2009,348.757
vnm,sex_t,ocu_isco08_3,2013,339.382
vnm,sex_t,ocu_isco08_3,2014,300.804
vnm,sex_t,ocu_isco08_3,2015,342.914
vnm,sex_t,ocu_isco08_3,2016,331.94
vnm,sex_t,ocu_isco08_3,2017,384.425
vnm,sex_t,ocu_isco08_3,2018,370.661
vnm,sex_t,ocu_isco08_3,2019,358.197
vnm,sex_t,ocu_isco08_3,2020,298.445
vnm,sex_t,ocu_isco08_3,2021,255.427
vnm,sex_t,ocu_isco08_3,2022,220.901
vnm,sex_t,ocu_isco08_3,2023,219.446
vnm,sex_t,ocu_isco08_4,2009,254.609
vnm,sex_t,ocu_isco08_4,2013,285.528
vnm,sex_t,ocu_isco08_4,2014,285.582
vnm,sex_t,ocu_isco08_4,2015,283.873
vnm,sex_t,ocu_isco08_4,2016,300.45
vnm,sex_t,ocu_isco08_4,2017,289.607
vnm,sex_t,ocu_isco08_4,2018,306.414
vnm,sex_t,ocu_isco08_4,2019,269.807
vnm,sex_t,ocu_isco08_4,2020,276.988
vnm,sex_t,ocu_isco08_4,2021,283.499
vnm,sex_t,ocu_isco08_4,2022,229.052
vnm,sex_t,ocu_isco08_4,2023,230.23
vnm,sex_t,ocu_isco08_5,2009,6122.061
vnm,sex_t,ocu_isco08_5,2013,6650.025
vnm,sex_t,ocu_isco08_5,2014,6038.946
vnm,sex_t,ocu_isco08_5,2015,6391.801
vnm,sex_t,ocu_isco08_5,2016,6400.23
vnm,sex_t,ocu_isco08_5,2017,6533.136
vnm,sex_t,ocu_isco08_5,2018,6782.77
vnm,sex_t,ocu_isco08_5,2019,7089.929
vnm,sex_t,ocu_isco08_5,2020,7202.975
vnm,sex_t,ocu_isco08_5,2021,7026.378
vnm,sex_t,ocu_isco08_5,2022,7387.67
vnm,sex_t,ocu_isco08_5,2023,7679.223
vnm,sex_t,ocu_isco08_6,2009,6938.459
vnm,sex_t,ocu_isco08_6,2013,6181.321
vnm,sex_t,ocu_isco08_6,2014,6345.415
vnm,sex_t,ocu_isco08_6,2015,5315.386
vnm,sex_t,ocu_isco08_6,2016,5317.513
vnm,sex_t,ocu_isco08_6,2017,5146.987
vnm,sex_t,ocu_isco08_6,2018,5024.405
vnm,sex_t,ocu_isco08_6,2019,3965.75
vnm,sex_t,ocu_isco08_6,2020,3779.686
vnm,sex_t,ocu_isco08_6,2021,8618.872
vnm,sex_t,ocu_isco08_6,2022,8809.557
vnm,sex_t,ocu_isco08_6,2023,8120.212
vnm,sex_t,ocu_isco08_7,2009,5174.087
vnm,sex_t,ocu_isco08_7,2013,5239.16
vnm,sex_t,ocu_isco08_7,2014,5004.399
vnm,sex_t,ocu_isco08_7,2015,4937.706
vnm,sex_t,ocu_isco08_7,2016,5313.716
vnm,sex_t,ocu_isco08_7,2017,5451.082
vnm,sex_t,ocu_isco08_7,2018,5520.32
vnm,sex_t,ocu_isco08_7,2019,5847.858
vnm,sex_t,ocu_isco08_7,2020,5694.537
vnm,sex_t,ocu_isco08_7,2021,5516.997
vnm,sex_t,ocu_isco08_7,2022,5506.589
vnm,sex_t,ocu_isco08_7,2023,5399.375
vnm,sex_t,ocu_isco08_8,2009,1628.465
vnm,sex_t,ocu_isco08_8,2013,1703.93
vnm,sex_t,ocu_isco08_8,2014,1640.903
vnm,sex_t,ocu_isco08_8,2015,1788.335
vnm,sex_t,ocu_isco08_8,2016,1823.046
vnm,sex_t,ocu_isco08_8,2017,1915.151
vnm,sex_t,ocu_isco08_8,2018,1881.114
vnm,sex_t,ocu_isco08_8,2019,2111.729
vnm,sex_t,ocu_isco08_8,2020,2324.279
vnm,sex_t,ocu_isco08_8,2021,2019.663
vnm,sex_t,ocu_isco08_8,2022,2011.561
vnm,sex_t,ocu_isco08_8,2023,1888.242
vnm,sex_t,ocu_isco08_9,2009,18508.06
vnm,sex_t,ocu_isco08_9,2013,20869.18
vnm,sex_t,ocu_isco08_9,2014,20637.113
vnm,sex_t,ocu_isco08_9,2015,20525.01
vnm,sex_t,ocu_isco08_9,2016,19714.179
vnm,sex_t,ocu_isco08_9,2017,19346.317
vnm,sex_t,ocu_isco08_9,2018,18563.815
vnm,sex_t,ocu_isco08_9,2019,18040.477
vnm,sex_t,ocu_isco08_9,2020,16819.654
vnm,sex_t,ocu_isco08_9,2021,11797.96
vnm,sex_t,ocu_isco08_9,2022,11543.698
vnm,sex_t,ocu_isco08_9,2023,12045.284
vnm,sex_t,ocu_isco08_total,2009,39158.518
vnm,sex_t,ocu_isco08_total,2013,41520.538
vnm,sex_t,ocu_isco08_total,2014,40543.701
vnm,sex_t,ocu_isco08_total,2015,39895.716
vnm,sex_t,ocu_isco08_total,2016,39495.478
vnm,sex_t,ocu_isco08_total,2017,39377.962
vnm,sex_t,ocu_isco08_total,2018,38752.42
vnm,sex_t,ocu_isco08_total,2019,38027.401
vnm,sex_t,ocu_isco08_total,2020,36921.912
vnm,sex_t,ocu_isco08_total,2021,37601.515
vnm,sex_t,ocu_isco08_total,2022,37714.772
vnm,sex_t,ocu_isco08_total,2023,37183.974
vnm,sex_t,ocu_isco08_x,2013,4.292
vnm,sex_t,ocu_isco08_x,2014,23.719
vnm,sex_t,ocu_isco08_x,2015,1.425
vnm,sex_t,ocu_isco08_x,2016,2.343
vnm,sex_t,ocu_isco08_x,2019,1.575
vnm,sex_t,ocu_isco08_x,2021,1670.009
vnm,sex_t,ocu_isco08_x,2022,1662.604
vnm,sex_t,ocu_isco08_x,2023,1270.284
vnm,sex_t,ocu_isco88_1,2007,79.848
vnm,sex_t,ocu_isco88_2,2007,153.905
vnm,sex_t,ocu_isco88_3,2007,304.448
vnm,sex_t,ocu_isco88_4,2007,176.996
vnm,sex_t,ocu_isco88_5,2007,2215.193
vnm,sex_t,ocu_isco88_6,2007,1619.339
vnm,sex_t,ocu_isco88_7,2007,4875.877
vnm,sex_t,ocu_isco88_8,2007,991.264
vnm,sex_t,ocu_isco88_9,2007,27278.575
vnm,sex_t,ocu_isco88_total,2007,37707.962
vnm,sex_t,ocu_isco88_x,2007,12.517
vnm,sex_t,ocu_skill_l1,2007,27278.575
vnm,sex_t,ocu_skill_l1,2009,18508.06
vnm,sex_t,ocu_skill_l1,2013,20869.18
vnm,sex_t,ocu_skill_l1,2014,20637.113
vnm,sex_t,ocu_skill_l1,2015,20525.01
vnm,sex_t,ocu_skill_l1,2016,19714.179
vnm,sex_t,ocu_skill_l1,2017,19346.317
vnm,sex_t,ocu_skill_l1,2018,18563.815
vnm,sex_t,ocu_skill_l1,2019,18040.477
vnm,sex_t,ocu_skill_l1,2020,16819.654
vnm,sex_t,ocu_skill_l1,2021,11797.96
vnm,sex_t,ocu_skill_l1,2022,11543.698
vnm,sex_t,ocu_skill_l1,2023,12045.284
vnm,sex_t,ocu_skill_l2,2007,9878.669
vnm,sex_t,ocu_skill_l2,2009,20117.68
vnm,sex_t,ocu_skill_l2,2013,20059.964
vnm,sex_t,ocu_skill_l2,2014,19315.246
vnm,sex_t,ocu_skill_l2,2015,18717.1
vnm,sex_t,ocu_skill_l2,2016,19154.957
vnm,sex_t,ocu_skill_l2,2017,19335.963
vnm,sex_t,ocu_skill_l2,2018,19515.021
vnm,sex_t,ocu_skill_l2,2019,19285.073
vnm,sex_t,ocu_skill_l2,2020,19278.465
vnm,sex_t,ocu_skill_l2,2021,23465.409
vnm,sex_t,ocu_skill_l2,2022,23944.431
vnm,sex_t,ocu_skill_l2,2023,23317.282
vnm,sex_t,ocu_skill_l3_4,2007,538.201
vnm,sex_t,ocu_skill_l3_4,2009,528.551
vnm,sex_t,ocu_skill_l3_4,2013,583.47
vnm,sex_t,ocu_skill_l3_4,2014,563.279
vnm,sex_t,ocu_skill_l3_4,2015,649.887
vnm,sex_t,ocu_skill_l3_4,2016,622.609
vnm,sex_t,ocu_skill_l3_4,2017,692.731
vnm,sex_t,ocu_skill_l3_4,2018,669.423
vnm,sex_t,ocu_skill_l3_4,2019,697.767
vnm,sex_t,ocu_skill_l3_4,2020,820.659
vnm,sex_t,ocu_skill_l3_4,2021,660.298
vnm,sex_t,ocu_skill_l3_4,2022,560.412
vnm,sex_t,ocu_skill_l3_4,2023,546.958
vnm,sex_t,ocu_skill_total,2007,37707.962
vnm,sex_t,ocu_skill_total,2009,39158.518
vnm,sex_t,ocu_skill_total,2013,41520.538
vnm,sex_t,ocu_skill_total,2014,40543.701
vnm,sex_t,ocu_skill_total,2015,39895.716
vnm,sex_t,ocu_skill_total,2016,39495.478
vnm,sex_t,ocu_skill_total,2017,39377.962
vnm,sex_t,ocu_skill_total,2018,38752.42
vnm,sex_t,ocu_skill_total,2019,38027.401
vnm,sex_t,ocu_skill_total,2020,36921.912
vnm,sex_t,ocu_skill_total,2021,37601.515
vnm,sex_t,ocu_skill_total,2022,37714.772
vnm,sex_t,ocu_skill_total,2023,37183.974
vnm,sex_t,ocu_skill_x,2007,12.517
vnm,sex_t,ocu_skill_x,2013,7.924
vnm,sex_t,ocu_skill_x,2014,28.064
vnm,sex_t,ocu_skill_x,2015,3.719
vnm,sex_t,ocu_skill_x,2016,3.734
vnm,sex_t,ocu_skill_x,2017,2.951
vnm,sex_t,ocu_skill_x,2018,4.161
vnm,sex_t,ocu_skill_x,2019,4.083
vnm,sex_t,ocu_skill_x,2020,3.134
vnm,sex_t,ocu_skill_x,2021,1677.848
vnm,sex_t,ocu_skill_x,2022,1666.231
vnm,sex_t,ocu_skill_x,2023,1274.449
vut,sex_f,ocu_isco08_1,2019,1.337
vut,sex_f,ocu_isco08_2,2019,0.945
vut,sex_f,ocu_isco08_3,2019,0.268
vut,sex_f,ocu_isco08_4,2019,0.17
vut,sex_f,ocu_isco08_5,2019,6.236
vut,sex_f,ocu_isco08_6,2019,18.972
vut,sex_f,ocu_isco08_7,2019,1.814
vut,sex_f,ocu_isco08_8,2019,0.202
vut,sex_f,ocu_isco08_9,2019,1.823
vut,sex_f,ocu_isco08_total,2019,33.816
vut,sex_f,ocu_isco08_x,2019,2.05
vut,sex_f,ocu_skill_l1,2019,1.823
vut,sex_f,ocu_skill_l2,2019,27.393
vut,sex_f,ocu_skill_l3_4,2019,2.549
vut,sex_f,ocu_skill_total,2019,33.816
vut,sex_f,ocu_skill_x,2019,2.05
vut,sex_m,ocu_isco08_1,2019,2.154
vut,sex_m,ocu_isco08_2,2019,0.692
vut,sex_m,ocu_isco08_3,2019,0.633
vut,sex_m,ocu_isco08_4,2019,0.141
vut,sex_m,ocu_isco08_5,2019,3.051
vut,sex_m,ocu_isco08_6,2019,27.399
vut,sex_m,ocu_isco08_7,2019,1.681
vut,sex_m,ocu_isco08_8,2019,1.422
vut,sex_m,ocu_isco08_9,2019,1.584
vut,sex_m,ocu_isco08_total,2019,39.777
vut,sex_m,ocu_isco08_x,2019,1.021
vut,sex_m,ocu_skill_l1,2019,1.584
vut,sex_m,ocu_skill_l2,2019,33.694
vut,sex_m,ocu_skill_l3_4,2019,3.479
vut,sex_m,ocu_skill_total,2019,39.777
vut,sex_m,ocu_skill_x,2019,1.021
vut,sex_t,ocu_isco08_1,2019,3.491
vut,sex_t,ocu_isco08_2,2019,1.637
vut,sex_t,ocu_isco08_3,2019,0.9
vut,sex_t,ocu_isco08_4,2019,0.31
vut,sex_t,ocu_isco08_5,2019,9.286
vut,sex_t,ocu_isco08_6,2019,46.371
vut,sex_t,ocu_isco08_7,2019,3.495
vut,sex_t,ocu_isco08_8,2019,1.623
vut,sex_t,ocu_isco08_9,2019,3.407
vut,sex_t,ocu_isco08_total,2019,73.594
vut,sex_t,ocu_isco08_x,2019,3.071
vut,sex_t,ocu_skill_l1,2019,3.407
vut,sex_t,ocu_skill_l2,2019,61.087
vut,sex_t,ocu_skill_l3_4,2019,6.028
vut,sex_t,ocu_skill_total,2019,73.594
vut,sex_t,ocu_skill_x,2019,3.071
wlf,sex_f,ocu_isco08_1,2019,0.015
wlf,sex_f,ocu_isco08_4,2019,0.019
wlf,sex_f,ocu_isco08_5,2019,0.118
wlf,sex_f,ocu_isco08_7,2019,0.079
wlf,sex_f,ocu_isco08_9,2019,0.061
wlf,sex_f,ocu_isco08_total,2019,0.412
wlf,sex_f,ocu_isco08_x,2019,0.115
wlf,sex_f,ocu_skill_l1,2019,0.061
wlf,sex_f,ocu_skill_l2,2019,0.216
wlf,sex_f,ocu_skill_l3_4,2019,0.021
wlf,sex_f,ocu_skill_total,2019,0.412
wlf,sex_f,ocu_skill_x,2019,0.115
wlf,sex_m,ocu_isco08_1,2019,0.047
wlf,sex_m,ocu_isco08_3,2019,0.018
wlf,sex_m,ocu_isco08_5,2019,0.054
wlf,sex_m,ocu_isco08_6,2019,0.016
wlf,sex_m,ocu_isco08_7,2019,0.11
wlf,sex_m,ocu_isco08_8,2019,0.016
wlf,sex_m,ocu_isco08_9,2019,0.116
wlf,sex_m,ocu_isco08_total,2019,1.118
wlf,sex_m,ocu_isco08_x,2019,0.718
wlf,sex_m,ocu_skill_l1,2019,0.116
wlf,sex_m,ocu_skill_l2,2019,0.208
wlf,sex_m,ocu_skill_l3_4,2019,0.076
wlf,sex_m,ocu_skill_total,2019,1.118
wlf,sex_m,ocu_skill_x,2019,0.718
wlf,sex_t,ocu_isco08_1,2019,0.062
wlf,sex_t,ocu_isco08_2,2019,0.017
wlf,sex_t,ocu_isco08_3,2019,0.018
wlf,sex_t,ocu_isco08_4,2019,0.03
wlf,sex_t,ocu_isco08_5,2019,0.172
wlf,sex_t,ocu_isco08_6,2019,0.016
wlf,sex_t,ocu_isco08_7,2019,0.189
wlf,sex_t,ocu_isco08_8,2019,0.016
wlf,sex_t,ocu_isco08_9,2019,0.178
wlf,sex_t,ocu_isco08_total,2019,1.531
wlf,sex_t,ocu_isco08_x,2019,0.832
wlf,sex_t,ocu_skill_l1,2019,0.178
wlf,sex_t,ocu_skill_l2,2019,0.423
wlf,sex_t,ocu_skill_l3_4,2019,0.097
wlf,sex_t,ocu_skill_total,2019,1.531
wlf,sex_t,ocu_skill_x,2019,0.832
wsm,sex_f,ocu_isco08_1,2012,0.479
wsm,sex_f,ocu_isco08_1,2017,0.168
wsm,sex_f,ocu_isco08_1,2022,0.178
wsm,sex_f,ocu_isco08_2,2012,0.275
wsm,sex_f,ocu_isco08_2,2017,0.074
wsm,sex_f,ocu_isco08_2,2022,0.226
wsm,sex_f,ocu_isco08_3,2012,0.185
wsm,sex_f,ocu_isco08_3,2017,0.054
wsm,sex_f,ocu_isco08_3,2022,0.094
wsm,sex_f,ocu_isco08_4,2012,0.298
wsm,sex_f,ocu_isco08_5,2012,0.922
wsm,sex_f,ocu_isco08_5,2017,1.113
wsm,sex_f,ocu_isco08_5,2022,1.935
wsm,sex_f,ocu_isco08_6,2012,3.231
wsm,sex_f,ocu_isco08_6,2017,6.497
wsm,sex_f,ocu_isco08_6,2022,2.993
wsm,sex_f,ocu_isco08_7,2012,0.474
wsm,sex_f,ocu_isco08_7,2017,0.652
wsm,sex_f,ocu_isco08_7,2022,0.943
wsm,sex_f,ocu_isco08_8,2012,0.174
wsm,sex_f,ocu_isco08_8,2022,0.186
wsm,sex_f,ocu_isco08_9,2012,0.209
wsm,sex_f,ocu_isco08_9,2017,0.587
wsm,sex_f,ocu_isco08_9,2022,1.071
wsm,sex_f,ocu_isco08_total,2012,6.247
wsm,sex_f,ocu_isco08_total,2017,9.157
wsm,sex_f,ocu_isco08_total,2022,7.755
wsm,sex_f,ocu_isco08_x,2022,0.08
wsm,sex_f,ocu_skill_l1,2012,0.209
wsm,sex_f,ocu_skill_l1,2017,0.587
wsm,sex_f,ocu_skill_l1,2022,1.071
wsm,sex_f,ocu_skill_l2,2012,5.098
wsm,sex_f,ocu_skill_l2,2017,8.274
wsm,sex_f,ocu_skill_l2,2022,6.105
wsm,sex_f,ocu_skill_l3_4,2012,0.939
wsm,sex_f,ocu_skill_l3_4,2017,0.296
wsm,sex_f,ocu_skill_l3_4,2022,0.498
wsm,sex_f,ocu_skill_total,2012,6.247
wsm,sex_f,ocu_skill_total,2017,9.157
wsm,sex_f,ocu_skill_total,2022,7.755
wsm,sex_f,ocu_skill_x,2022,0.08
wsm,sex_m,ocu_isco08_1,2012,0.482
wsm,sex_m,ocu_isco08_1,2017,0.149
wsm,sex_m,ocu_isco08_1,2022,0.384
wsm,sex_m,ocu_isco08_2,2012,0.509
wsm,sex_m,ocu_isco08_2,2017,0.33
wsm,sex_m,ocu_isco08_2,2022,0.631
wsm,sex_m,ocu_isco08_3,2012,0.262
wsm,sex_m,ocu_isco08_3,2017,0.116
wsm,sex_m,ocu_isco08_3,2022,0.227
wsm,sex_m,ocu_isco08_4,2012,0.233
wsm,sex_m,ocu_isco08_5,2012,0.833
wsm,sex_m,ocu_isco08_5,2017,0.855
wsm,sex_m,ocu_isco08_5,2022,1.113
wsm,sex_m,ocu_isco08_6,2012,5.879
wsm,sex_m,ocu_isco08_6,2017,14.211
wsm,sex_m,ocu_isco08_6,2022,11.551
wsm,sex_m,ocu_isco08_7,2012,1.864
wsm,sex_m,ocu_isco08_7,2017,1.494
wsm,sex_m,ocu_isco08_7,2022,2.796
wsm,sex_m,ocu_isco08_8,2012,0.742
wsm,sex_m,ocu_isco08_8,2017,0.58
wsm,sex_m,ocu_isco08_8,2022,0.884
wsm,sex_m,ocu_isco08_9,2012,0.462
wsm,sex_m,ocu_isco08_9,2017,0.875
wsm,sex_m,ocu_isco08_9,2022,1.842
wsm,sex_m,ocu_isco08_total,2012,11.277
wsm,sex_m,ocu_isco08_total,2017,18.654
wsm,sex_m,ocu_isco08_total,2022,19.649
wsm,sex_m,ocu_isco08_x,2022,0.186
wsm,sex_m,ocu_skill_l1,2012,0.462
wsm,sex_m,ocu_skill_l1,2017,0.875
wsm,sex_m,ocu_skill_l1,2022,1.842
wsm,sex_m,ocu_skill_l2,2012,9.55
wsm,sex_m,ocu_skill_l2,2017,17.184
wsm,sex_m,ocu_skill_l2,2022,16.38
wsm,sex_m,ocu_skill_l3_4,2012,1.253
wsm,sex_m,ocu_skill_l3_4,2017,0.595
wsm,sex_m,ocu_skill_l3_4,2022,1.242
wsm,sex_m,ocu_skill_total,2012,11.277
wsm,sex_m,ocu_skill_total,2017,18.654
wsm,sex_m,ocu_skill_total,2022,19.649
wsm,sex_m,ocu_skill_x,2022,0.186
wsm,sex_t,ocu_isco08_1,2012,0.961
wsm,sex_t,ocu_isco08_1,2017,0.317
wsm,sex_t,ocu_isco08_1,2022,0.562
wsm,sex_t,ocu_isco08_2,2012,0.784
wsm,sex_t,ocu_isco08_2,2017,0.404
wsm,sex_t,ocu_isco08_2,2022,0.858
wsm,sex_t,ocu_isco08_3,2012,0.447
wsm,sex_t,ocu_isco08_3,2017,0.17
wsm,sex_t,ocu_isco08_3,2022,0.321
wsm,sex_t,ocu_isco08_4,2012,0.531
wsm,sex_t,ocu_isco08_4,2017,0.056
wsm,sex_t,ocu_isco08_4,2022,0.084
wsm,sex_t,ocu_isco08_5,2012,1.754
wsm,sex_t,ocu_isco08_5,2017,1.968
wsm,sex_t,ocu_isco08_5,2022,3.049
wsm,sex_t,ocu_isco08_6,2012,9.11
wsm,sex_t,ocu_isco08_6,2017,20.709
wsm,sex_t,ocu_isco08_6,2022,14.544
wsm,sex_t,ocu_isco08_7,2012,2.339
wsm,sex_t,ocu_isco08_7,2017,2.146
wsm,sex_t,ocu_isco08_7,2022,3.739
wsm,sex_t,ocu_isco08_8,2012,0.915
wsm,sex_t,ocu_isco08_8,2017,0.58
wsm,sex_t,ocu_isco08_8,2022,1.07
wsm,sex_t,ocu_isco08_9,2012,0.671
wsm,sex_t,ocu_isco08_9,2017,1.462
wsm,sex_t,ocu_isco08_9,2022,2.913
wsm,sex_t,ocu_isco08_total,2012,17.523
wsm,sex_t,ocu_isco08_total,2017,27.812
wsm,sex_t,ocu_isco08_total,2022,27.404
wsm,sex_t,ocu_isco08_x,2022,0.266
wsm,sex_t,ocu_skill_l1,2012,0.671
wsm,sex_t,ocu_skill_l1,2017,1.462
wsm,sex_t,ocu_skill_l1,2022,2.913
wsm,sex_t,ocu_skill_l2,2012,14.649
wsm,sex_t,ocu_skill_l2,2017,25.459
wsm,sex_t,ocu_skill_l2,2022,22.485
wsm,sex_t,ocu_skill_l3_4,2012,2.192
wsm,sex_t,ocu_skill_l3_4,2017,0.891
wsm,sex_t,ocu_skill_l3_4,2022,1.74
wsm,sex_t,ocu_skill_total,2012,17.523
wsm,sex_t,ocu_skill_total,2017,27.812
wsm,sex_t,ocu_skill_total,2022,27.404
wsm,sex_t,ocu_skill_x,2022,0.266
yem,sex_f,ocu_isco88_1,2014,0.609
yem,sex_f,ocu_isco88_2,2014,15.82
yem,sex_f,ocu_isco88_3,2014,6.012
yem,sex_f,ocu_isco88_4,2014,1.781
yem,sex_f,ocu_isco88_5,2014,19.746
yem,sex_f,ocu_isco88_6,2014,149.467
yem,sex_f,ocu_isco88_7,2014,36.496
yem,sex_f,ocu_isco88_8,2014,1.175
yem,sex_f,ocu_isco88_9,2014,7.498
yem,sex_f,ocu_isco88_total,2014,240.739
yem,sex_f,ocu_isco88_x,2014,2.135
yem,sex_f,ocu_skill_l1,2014,7.498
yem,sex_f,ocu_skill_l2,2014,208.664
yem,sex_f,ocu_skill_l3_4,2014,22.441
yem,sex_f,ocu_skill_total,2014,240.739
yem,sex_f,ocu_skill_x,2014,2.135
yem,sex_m,ocu_isco88_1,2014,11.084
yem,sex_m,ocu_isco88_2,2014,43.776
yem,sex_m,ocu_isco88_3,2014,51.961
yem,sex_m,ocu_isco88_4,2014,31.628
yem,sex_m,ocu_isco88_5,2014,754.605
yem,sex_m,ocu_isco88_6,2014,1017.801
yem,sex_m,ocu_isco88_7,2014,412.868
yem,sex_m,ocu_isco88_8,2014,379.148
yem,sex_m,ocu_isco88_9,2014,283.711
yem,sex_m,ocu_isco88_total,2014,3007.842
yem,sex_m,ocu_isco88_x,2014,21.259
yem,sex_m,ocu_skill_l1,2014,283.711
yem,sex_m,ocu_skill_l2,2014,2596.05
yem,sex_m,ocu_skill_l3_4,2014,106.821
yem,sex_m,ocu_skill_total,2014,3007.842
yem,sex_m,ocu_skill_x,2014,21.259
yem,sex_t,ocu_isco88_1,2014,11.693
yem,sex_t,ocu_isco88_2,2014,59.596
yem,sex_t,ocu_isco88_3,2014,57.974
yem,sex_t,ocu_isco88_4,2014,33.41
yem,sex_t,ocu_isco88_5,2014,774.35
yem,sex_t,ocu_isco88_6,2014,1167.267
yem,sex_t,ocu_isco88_7,2014,449.364
yem,sex_t,ocu_isco88_8,2014,380.323
yem,sex_t,ocu_isco88_9,2014,291.209
yem,sex_t,ocu_isco88_total,2014,3248.58
yem,sex_t,ocu_isco88_x,2014,23.394
yem,sex_t,ocu_skill_l1,2014,291.209
yem,sex_t,ocu_skill_l2,2014,2804.715
yem,sex_t,ocu_skill_l3_4,2014,129.262
yem,sex_t,ocu_skill_total,2014,3248.58
yem,sex_t,ocu_skill_x,2014,23.394
zaf,sex_f,ocu_isco88_0,2001,1.096
zaf,sex_f,ocu_isco88_0,2002,4.131
zaf,sex_f,ocu_isco88_0,2003,1.315
zaf,sex_f,ocu_isco88_0,2007,1.347
zaf,sex_f,ocu_isco88_1,2000,56.678
zaf,sex_f,ocu_isco88_1,2001,35.141
zaf,sex_f,ocu_isco88_1,2002,39.668
zaf,sex_f,ocu_isco88_1,2003,43.948
zaf,sex_f,ocu_isco88_1,2004,41.232
zaf,sex_f,ocu_isco88_1,2005,52.212
zaf,sex_f,ocu_isco88_1,2006,59.742
zaf,sex_f,ocu_isco88_1,2007,85.042
zaf,sex_f,ocu_isco88_1,2008,47.754
zaf,sex_f,ocu_isco88_1,2009,47.097
zaf,sex_f,ocu_isco88_1,2010,41.968
zaf,sex_f,ocu_isco88_1,2011,49.209
zaf,sex_f,ocu_isco88_1,2012,55.481
zaf,sex_f,ocu_isco88_1,2013,52.928
zaf,sex_f,ocu_isco88_1,2014,60.882
zaf,sex_f,ocu_isco88_1,2015,55.46
zaf,sex_f,ocu_isco88_1,2016,58.149
zaf,sex_f,ocu_isco88_1,2017,66.383
zaf,sex_f,ocu_isco88_1,2018,69.882
zaf,sex_f,ocu_isco88_1,2019,80.283
zaf,sex_f,ocu_isco88_1,2020,52.022
zaf,sex_f,ocu_isco88_1,2021,57.892
zaf,sex_f,ocu_isco88_1,2022,67.315
zaf,sex_f,ocu_isco88_1,2023,61.46
zaf,sex_f,ocu_isco88_1,2024,74.764
zaf,sex_f,ocu_isco88_2,2000,56.15
zaf,sex_f,ocu_isco88_2,2001,37.525
zaf,sex_f,ocu_isco88_2,2002,32.895
zaf,sex_f,ocu_isco88_2,2003,46.987
zaf,sex_f,ocu_isco88_2,2004,29.62
zaf,sex_f,ocu_isco88_2,2005,39.173
zaf,sex_f,ocu_isco88_2,2006,41.788
zaf,sex_f,ocu_isco88_2,2007,91.954
zaf,sex_f,ocu_isco88_2,2008,51.75
zaf,sex_f,ocu_isco88_2,2009,46.536
zaf,sex_f,ocu_isco88_2,2010,43.301
zaf,sex_f,ocu_isco88_2,2011,31.555
zaf,sex_f,ocu_isco88_2,2012,30.937
zaf,sex_f,ocu_isco88_2,2013,33.08
zaf,sex_f,ocu_isco88_2,2014,34.569
zaf,sex_f,ocu_isco88_2,2015,33.051
zaf,sex_f,ocu_isco88_2,2016,42.575
zaf,sex_f,ocu_isco88_2,2017,38.048
zaf,sex_f,ocu_isco88_2,2018,41.399
zaf,sex_f,ocu_isco88_2,2019,41.735
zaf,sex_f,ocu_isco88_2,2020,26.699
zaf,sex_f,ocu_isco88_2,2021,34.53
zaf,sex_f,ocu_isco88_2,2022,43.114
zaf,sex_f,ocu_isco88_2,2023,58.557
zaf,sex_f,ocu_isco88_2,2024,44.488
zaf,sex_f,ocu_isco88_3,2000,161.232
zaf,sex_f,ocu_isco88_3,2001,164.694
zaf,sex_f,ocu_isco88_3,2002,130.056
zaf,sex_f,ocu_isco88_3,2003,149.701
zaf,sex_f,ocu_isco88_3,2004,140.073
zaf,sex_f,ocu_isco88_3,2005,180.025
zaf,sex_f,ocu_isco88_3,2006,165.072
zaf,sex_f,ocu_isco88_3,2007,182.164
zaf,sex_f,ocu_isco88_3,2008,151.405
zaf,sex_f,ocu_isco88_3,2009,139.42
zaf,sex_f,ocu_isco88_3,2010,125.973
zaf,sex_f,ocu_isco88_3,2011,134.696
zaf,sex_f,ocu_isco88_3,2012,120.414
zaf,sex_f,ocu_isco88_3,2013,145.721
zaf,sex_f,ocu_isco88_3,2014,141.905
zaf,sex_f,ocu_isco88_3,2015,130.252
zaf,sex_f,ocu_isco88_3,2016,137.495
zaf,sex_f,ocu_isco88_3,2017,150.208
zaf,sex_f,ocu_isco88_3,2018,139.82
zaf,sex_f,ocu_isco88_3,2019,137.131
zaf,sex_f,ocu_isco88_3,2020,91.765
zaf,sex_f,ocu_isco88_3,2021,103.335
zaf,sex_f,ocu_isco88_3,2022,121.014
zaf,sex_f,ocu_isco88_3,2023,104.336
zaf,sex_f,ocu_isco88_3,2024,140.324
zaf,sex_f,ocu_isco88_4,2000,281.668
zaf,sex_f,ocu_isco88_4,2001,274.402
zaf,sex_f,ocu_isco88_4,2002,248.91
zaf,sex_f,ocu_isco88_4,2003,255.395
zaf,sex_f,ocu_isco88_4,2004,267.107
zaf,sex_f,ocu_isco88_4,2005,275.293
zaf,sex_f,ocu_isco88_4,2006,288.175
zaf,sex_f,ocu_isco88_4,2007,313.88
zaf,sex_f,ocu_isco88_4,2008,154.003
zaf,sex_f,ocu_isco88_4,2009,131.098
zaf,sex_f,ocu_isco88_4,2010,130.942
zaf,sex_f,ocu_isco88_4,2011,122.986
zaf,sex_f,ocu_isco88_4,2012,105.063
zaf,sex_f,ocu_isco88_4,2013,136.19
zaf,sex_f,ocu_isco88_4,2014,138.647
zaf,sex_f,ocu_isco88_4,2015,152.242
zaf,sex_f,ocu_isco88_4,2016,138.458
zaf,sex_f,ocu_isco88_4,2017,150.818
zaf,sex_f,ocu_isco88_4,2018,153.487
zaf,sex_f,ocu_isco88_4,2019,132.234
zaf,sex_f,ocu_isco88_4,2020,108.347
zaf,sex_f,ocu_isco88_4,2021,98.26
zaf,sex_f,ocu_isco88_4,2022,141.207
zaf,sex_f,ocu_isco88_4,2023,146.996
zaf,sex_f,ocu_isco88_4,2024,151.707
zaf,sex_f,ocu_isco88_5,2000,463.261
zaf,sex_f,ocu_isco88_5,2001,561.965
zaf,sex_f,ocu_isco88_5,2002,401.715
zaf,sex_f,ocu_isco88_5,2003,387.132
zaf,sex_f,ocu_isco88_5,2004,393.282
zaf,sex_f,ocu_isco88_5,2005,450.662
zaf,sex_f,ocu_isco88_5,2006,500.882
zaf,sex_f,ocu_isco88_5,2007,479.364
zaf,sex_f,ocu_isco88_5,2008,350.275
zaf,sex_f,ocu_isco88_5,2009,369.686
zaf,sex_f,ocu_isco88_5,2010,364.785
zaf,sex_f,ocu_isco88_5,2011,359.327
zaf,sex_f,ocu_isco88_5,2012,362.852
zaf,sex_f,ocu_isco88_5,2013,412.686
zaf,sex_f,ocu_isco88_5,2014,436.381
zaf,sex_f,ocu_isco88_5,2015,483.764
zaf,sex_f,ocu_isco88_5,2016,473.276
zaf,sex_f,ocu_isco88_5,2017,497.701
zaf,sex_f,ocu_isco88_5,2018,521.472
zaf,sex_f,ocu_isco88_5,2019,524.97
zaf,sex_f,ocu_isco88_5,2020,396.656
zaf,sex_f,ocu_isco88_5,2021,384.376
zaf,sex_f,ocu_isco88_5,2022,525.667
zaf,sex_f,ocu_isco88_5,2023,568.403
zaf,sex_f,ocu_isco88_5,2024,539.729
zaf,sex_f,ocu_isco88_6,2000,89.866
zaf,sex_f,ocu_isco88_6,2001,44.982
zaf,sex_f,ocu_isco88_6,2002,32.37
zaf,sex_f,ocu_isco88_6,2003,23.457
zaf,sex_f,ocu_isco88_6,2004,18.594
zaf,sex_f,ocu_isco88_6,2005,16.831
zaf,sex_f,ocu_isco88_6,2006,20.179
zaf,sex_f,ocu_isco88_6,2007,19.941
zaf,sex_f,ocu_isco88_6,2008,18.282
zaf,sex_f,ocu_isco88_6,2009,11.117
zaf,sex_f,ocu_isco88_6,2010,10.542
zaf,sex_f,ocu_isco88_6,2011,15.623
zaf,sex_f,ocu_isco88_6,2012,12.128
zaf,sex_f,ocu_isco88_6,2013,11.022
zaf,sex_f,ocu_isco88_6,2014,12.782
zaf,sex_f,ocu_isco88_6,2015,17.474
zaf,sex_f,ocu_isco88_6,2016,7.72
zaf,sex_f,ocu_isco88_6,2017,8.553
zaf,sex_f,ocu_isco88_6,2018,9.416
zaf,sex_f,ocu_isco88_6,2019,7.971
zaf,sex_f,ocu_isco88_6,2020,15.3
zaf,sex_f,ocu_isco88_6,2021,9.456
zaf,sex_f,ocu_isco88_6,2022,9.227
zaf,sex_f,ocu_isco88_6,2023,7.813
zaf,sex_f,ocu_isco88_6,2024,13.628
zaf,sex_f,ocu_isco88_7,2000,161.702
zaf,sex_f,ocu_isco88_7,2001,193.884
zaf,sex_f,ocu_isco88_7,2002,148.782
zaf,sex_f,ocu_isco88_7,2003,146.717
zaf,sex_f,ocu_isco88_7,2004,158.897
zaf,sex_f,ocu_isco88_7,2005,189.855
zaf,sex_f,ocu_isco88_7,2006,189.22
zaf,sex_f,ocu_isco88_7,2007,202.882
zaf,sex_f,ocu_isco88_7,2008,141.016
zaf,sex_f,ocu_isco88_7,2009,102.065
zaf,sex_f,ocu_isco88_7,2010,92.132
zaf,sex_f,ocu_isco88_7,2011,93.582
zaf,sex_f,ocu_isco88_7,2012,78.665
zaf,sex_f,ocu_isco88_7,2013,87.881
zaf,sex_f,ocu_isco88_7,2014,90.917
zaf,sex_f,ocu_isco88_7,2015,81.95
zaf,sex_f,ocu_isco88_7,2016,86.129
zaf,sex_f,ocu_isco88_7,2017,95.94
zaf,sex_f,ocu_isco88_7,2018,88.835
zaf,sex_f,ocu_isco88_7,2019,93.434
zaf,sex_f,ocu_isco88_7,2020,75.724
zaf,sex_f,ocu_isco88_7,2021,70.767
zaf,sex_f,ocu_isco88_7,2022,79.663
zaf,sex_f,ocu_isco88_7,2023,85.9
zaf,sex_f,ocu_isco88_7,2024,101.969
zaf,sex_f,ocu_isco88_8,2000,78.239
zaf,sex_f,ocu_isco88_8,2001,83.097
zaf,sex_f,ocu_isco88_8,2002,78.956
zaf,sex_f,ocu_isco88_8,2003,73.03
zaf,sex_f,ocu_isco88_8,2004,63.535
zaf,sex_f,ocu_isco88_8,2005,66.957
zaf,sex_f,ocu_isco88_8,2006,81.785
zaf,sex_f,ocu_isco88_8,2007,88.8
zaf,sex_f,ocu_isco88_8,2008,43.131
zaf,sex_f,ocu_isco88_8,2009,37.948
zaf,sex_f,ocu_isco88_8,2010,34.23
zaf,sex_f,ocu_isco88_8,2011,35.262
zaf,sex_f,ocu_isco88_8,2012,17.533
zaf,sex_f,ocu_isco88_8,2013,33.324
zaf,sex_f,ocu_isco88_8,2014,30.999
zaf,sex_f,ocu_isco88_8,2015,33.258
zaf,sex_f,ocu_isco88_8,2016,29.001
zaf,sex_f,ocu_isco88_8,2017,32.257
zaf,sex_f,ocu_isco88_8,2018,39.496
zaf,sex_f,ocu_isco88_8,2019,38.624
zaf,sex_f,ocu_isco88_8,2020,45.173
zaf,sex_f,ocu_isco88_8,2021,39.871
zaf,sex_f,ocu_isco88_8,2022,33.458
zaf,sex_f,ocu_isco88_8,2023,38.091
zaf,sex_f,ocu_isco88_8,2024,45.898
zaf,sex_f,ocu_isco88_9,2000,1106.014
zaf,sex_f,ocu_isco88_9,2001,1006.788
zaf,sex_f,ocu_isco88_9,2002,781.512
zaf,sex_f,ocu_isco88_9,2003,831.646
zaf,sex_f,ocu_isco88_9,2004,819.454
zaf,sex_f,ocu_isco88_9,2005,904.725
zaf,sex_f,ocu_isco88_9,2006,920.604
zaf,sex_f,ocu_isco88_9,2007,859.872
zaf,sex_f,ocu_isco88_9,2008,1441.775
zaf,sex_f,ocu_isco88_9,2009,1382.977
zaf,sex_f,ocu_isco88_9,2010,1323.299
zaf,sex_f,ocu_isco88_9,2011,1279.664
zaf,sex_f,ocu_isco88_9,2012,1318.743
zaf,sex_f,ocu_isco88_9,2013,1348.002
zaf,sex_f,ocu_isco88_9,2014,1352.177
zaf,sex_f,ocu_isco88_9,2015,1491.496
zaf,sex_f,ocu_isco88_9,2016,1456.803
zaf,sex_f,ocu_isco88_9,2017,1523.796
zaf,sex_f,ocu_isco88_9,2018,1572.744
zaf,sex_f,ocu_isco88_9,2019,1531.12
zaf,sex_f,ocu_isco88_9,2020,1283.676
zaf,sex_f,ocu_isco88_9,2021,1303.803
zaf,sex_f,ocu_isco88_9,2022,1325.218
zaf,sex_f,ocu_isco88_9,2023,1371.445
zaf,sex_f,ocu_isco88_9,2024,1493.668
zaf,sex_f,ocu_isco88_total,2000,2470.584
zaf,sex_f,ocu_isco88_total,2001,2414.155
zaf,sex_f,ocu_isco88_total,2002,1905.519
zaf,sex_f,ocu_isco88_total,2003,1961.513
zaf,sex_f,ocu_isco88_total,2004,1934.692
zaf,sex_f,ocu_isco88_total,2005,2182.329
zaf,sex_f,ocu_isco88_total,2006,2273.131
zaf,sex_f,ocu_isco88_total,2007,2334.838
zaf,sex_f,ocu_isco88_total,2008,2507.681
zaf,sex_f,ocu_isco88_total,2009,2366.03
zaf,sex_f,ocu_isco88_total,2010,2251.772
zaf,sex_f,ocu_isco88_total,2011,2202.707
zaf,sex_f,ocu_isco88_total,2012,2171.186
zaf,sex_f,ocu_isco88_total,2013,2335.655
zaf,sex_f,ocu_isco88_total,2014,2362.476
zaf,sex_f,ocu_isco88_total,2015,2544.175
zaf,sex_f,ocu_isco88_total,2016,2487.708
zaf,sex_f,ocu_isco88_total,2017,2623.113
zaf,sex_f,ocu_isco88_total,2018,2692.859
zaf,sex_f,ocu_isco88_total,2019,2652.032
zaf,sex_f,ocu_isco88_total,2020,2156.494
zaf,sex_f,ocu_isco88_total,2021,2148.494
zaf,sex_f,ocu_isco88_total,2022,2388.163
zaf,sex_f,ocu_isco88_total,2023,2493.751
zaf,sex_f,ocu_isco88_total,2024,2653.594
zaf,sex_f,ocu_isco88_x,2000,15.327
zaf,sex_f,ocu_isco88_x,2001,10.581
zaf,sex_f,ocu_isco88_x,2002,6.524
zaf,sex_f,ocu_isco88_x,2003,2.185
zaf,sex_f,ocu_isco88_x,2004,2.044
zaf,sex_f,ocu_isco88_x,2005,5.332
zaf,sex_f,ocu_isco88_x,2006,5.465
zaf,sex_f,ocu_isco88_x,2007,9.593
zaf,sex_f,ocu_isco88_x,2008,108.144
zaf,sex_f,ocu_isco88_x,2009,97.558
zaf,sex_f,ocu_isco88_x,2010,84.6
zaf,sex_f,ocu_isco88_x,2011,80.419
zaf,sex_f,ocu_isco88_x,2012,69.269
zaf,sex_f,ocu_isco88_x,2013,74.822
zaf,sex_f,ocu_isco88_x,2014,63.216
zaf,sex_f,ocu_isco88_x,2015,64.767
zaf,sex_f,ocu_isco88_x,2016,56.772
zaf,sex_f,ocu_isco88_x,2017,58.669
zaf,sex_f,ocu_isco88_x,2018,56.308
zaf,sex_f,ocu_isco88_x,2019,64.53
zaf,sex_f,ocu_isco88_x,2020,61.131
zaf,sex_f,ocu_isco88_x,2021,46.202
zaf,sex_f,ocu_isco88_x,2022,42.28
zaf,sex_f,ocu_isco88_x,2023,50.636
zaf,sex_f,ocu_isco88_x,2024,47.417
zaf,sex_f,ocu_skill_l1,2000,1106.014
zaf,sex_f,ocu_skill_l1,2001,1006.788
zaf,sex_f,ocu_skill_l1,2002,781.512
zaf,sex_f,ocu_skill_l1,2003,831.646
zaf,sex_f,ocu_skill_l1,2004,819.454
zaf,sex_f,ocu_skill_l1,2005,904.725
zaf,sex_f,ocu_skill_l1,2006,920.604
zaf,sex_f,ocu_skill_l1,2007,859.872
zaf,sex_f,ocu_skill_l1,2008,1441.775
zaf,sex_f,ocu_skill_l1,2009,1382.977
zaf,sex_f,ocu_skill_l1,2010,1323.299
zaf,sex_f,ocu_skill_l1,2011,1279.664
zaf,sex_f,ocu_skill_l1,2012,1318.743
zaf,sex_f,ocu_skill_l1,2013,1348.002
zaf,sex_f,ocu_skill_l1,2014,1352.177
zaf,sex_f,ocu_skill_l1,2015,1491.496
zaf,sex_f,ocu_skill_l1,2016,1456.803
zaf,sex_f,ocu_skill_l1,2017,1523.796
zaf,sex_f,ocu_skill_l1,2018,1572.744
zaf,sex_f,ocu_skill_l1,2019,1531.12
zaf,sex_f,ocu_skill_l1,2020,1283.676
zaf,sex_f,ocu_skill_l1,2021,1303.803
zaf,sex_f,ocu_skill_l1,2022,1325.218
zaf,sex_f,ocu_skill_l1,2023,1371.445
zaf,sex_f,ocu_skill_l1,2024,1493.668
zaf,sex_f,ocu_skill_l2,2000,1074.737
zaf,sex_f,ocu_skill_l2,2001,1158.33
zaf,sex_f,ocu_skill_l2,2002,910.734
zaf,sex_f,ocu_skill_l2,2003,885.732
zaf,sex_f,ocu_skill_l2,2004,901.417
zaf,sex_f,ocu_skill_l2,2005,999.598
zaf,sex_f,ocu_skill_l2,2006,1080.242
zaf,sex_f,ocu_skill_l2,2007,1104.867
zaf,sex_f,ocu_skill_l2,2008,706.707
zaf,sex_f,ocu_skill_l2,2009,651.915
zaf,sex_f,ocu_skill_l2,2010,632.631
zaf,sex_f,ocu_skill_l2,2011,626.78
zaf,sex_f,ocu_skill_l2,2012,576.24
zaf,sex_f,ocu_skill_l2,2013,681.103
zaf,sex_f,ocu_skill_l2,2014,709.726
zaf,sex_f,ocu_skill_l2,2015,768.688
zaf,sex_f,ocu_skill_l2,2016,734.584
zaf,sex_f,ocu_skill_l2,2017,785.269
zaf,sex_f,ocu_skill_l2,2018,812.706
zaf,sex_f,ocu_skill_l2,2019,797.234
zaf,sex_f,ocu_skill_l2,2020,641.2
zaf,sex_f,ocu_skill_l2,2021,602.73
zaf,sex_f,ocu_skill_l2,2022,789.222
zaf,sex_f,ocu_skill_l2,2023,847.202
zaf,sex_f,ocu_skill_l2,2024,852.932
zaf,sex_f,ocu_skill_l3_4,2000,274.059
zaf,sex_f,ocu_skill_l3_4,2001,237.36
zaf,sex_f,ocu_skill_l3_4,2002,202.618
zaf,sex_f,ocu_skill_l3_4,2003,240.635
zaf,sex_f,ocu_skill_l3_4,2004,210.925
zaf,sex_f,ocu_skill_l3_4,2005,271.41
zaf,sex_f,ocu_skill_l3_4,2006,266.603
zaf,sex_f,ocu_skill_l3_4,2007,359.16
zaf,sex_f,ocu_skill_l3_4,2008,250.908
zaf,sex_f,ocu_skill_l3_4,2009,233.053
zaf,sex_f,ocu_skill_l3_4,2010,211.242
zaf,sex_f,ocu_skill_l3_4,2011,215.461
zaf,sex_f,ocu_skill_l3_4,2012,206.831
zaf,sex_f,ocu_skill_l3_4,2013,231.729
zaf,sex_f,ocu_skill_l3_4,2014,237.356
zaf,sex_f,ocu_skill_l3_4,2015,218.763
zaf,sex_f,ocu_skill_l3_4,2016,238.219
zaf,sex_f,ocu_skill_l3_4,2017,254.64
zaf,sex_f,ocu_skill_l3_4,2018,251.101
zaf,sex_f,ocu_skill_l3_4,2019,259.149
zaf,sex_f,ocu_skill_l3_4,2020,170.486
zaf,sex_f,ocu_skill_l3_4,2021,195.757
zaf,sex_f,ocu_skill_l3_4,2022,231.443
zaf,sex_f,ocu_skill_l3_4,2023,224.353
zaf,sex_f,ocu_skill_l3_4,2024,259.577
zaf,sex_f,ocu_skill_total,2000,2470.584
zaf,sex_f,ocu_skill_total,2001,2414.155
zaf,sex_f,ocu_skill_total,2002,1905.519
zaf,sex_f,ocu_skill_total,2003,1961.513
zaf,sex_f,ocu_skill_total,2004,1934.692
zaf,sex_f,ocu_skill_total,2005,2182.329
zaf,sex_f,ocu_skill_total,2006,2273.131
zaf,sex_f,ocu_skill_total,2007,2334.838
zaf,sex_f,ocu_skill_total,2008,2507.681
zaf,sex_f,ocu_skill_total,2009,2366.03
zaf,sex_f,ocu_skill_total,2010,2251.772
zaf,sex_f,ocu_skill_total,2011,2202.707
zaf,sex_f,ocu_skill_total,2012,2171.186
zaf,sex_f,ocu_skill_total,2013,2335.655
zaf,sex_f,ocu_skill_total,2014,2362.476
zaf,sex_f,ocu_skill_total,2015,2544.175
zaf,sex_f,ocu_skill_total,2016,2487.708
zaf,sex_f,ocu_skill_total,2017,2623.113
zaf,sex_f,ocu_skill_total,2018,2692.859
zaf,sex_f,ocu_skill_total,2019,2652.032
zaf,sex_f,ocu_skill_total,2020,2156.494
zaf,sex_f,ocu_skill_total,2021,2148.494
zaf,sex_f,ocu_skill_total,2022,2388.163
zaf,sex_f,ocu_skill_total,2023,2493.751
zaf,sex_f,ocu_skill_total,2024,2653.594
zaf,sex_f,ocu_skill_x,2000,15.774
zaf,sex_f,ocu_skill_x,2001,11.677
zaf,sex_f,ocu_skill_x,2002,10.655
zaf,sex_f,ocu_skill_x,2003,3.499
zaf,sex_f,ocu_skill_x,2004,2.896
zaf,sex_f,ocu_skill_x,2005,6.596
zaf,sex_f,ocu_skill_x,2006,5.682
zaf,sex_f,ocu_skill_x,2007,10.94
zaf,sex_f,ocu_skill_x,2008,108.291
zaf,sex_f,ocu_skill_x,2009,98.085
zaf,sex_f,ocu_skill_x,2010,84.6
zaf,sex_f,ocu_skill_x,2011,80.803
zaf,sex_f,ocu_skill_x,2012,69.372
zaf,sex_f,ocu_skill_x,2013,74.822
zaf,sex_f,ocu_skill_x,2014,63.216
zaf,sex_f,ocu_skill_x,2015,65.228
zaf,sex_f,ocu_skill_x,2016,58.102
zaf,sex_f,ocu_skill_x,2017,59.409
zaf,sex_f,ocu_skill_x,2018,56.308
zaf,sex_f,ocu_skill_x,2019,64.53
zaf,sex_f,ocu_skill_x,2020,61.131
zaf,sex_f,ocu_skill_x,2021,46.202
zaf,sex_f,ocu_skill_x,2022,42.28
zaf,sex_f,ocu_skill_x,2023,50.751
zaf,sex_f,ocu_skill_x,2024,47.417
zaf,sex_m,ocu_isco88_0,2000,4.572
zaf,sex_m,ocu_isco88_0,2001,4.12
zaf,sex_m,ocu_isco88_0,2002,7.905
zaf,sex_m,ocu_isco88_0,2003,7.086
zaf,sex_m,ocu_isco88_0,2004,3.424
zaf,sex_m,ocu_isco88_0,2005,1.184
zaf,sex_m,ocu_isco88_0,2006,1.753
zaf,sex_m,ocu_isco88_0,2007,0.767
zaf,sex_m,ocu_isco88_0,2009,0.658
zaf,sex_m,ocu_isco88_0,2010,0.997
zaf,sex_m,ocu_isco88_0,2011,1.846
zaf,sex_m,ocu_isco88_0,2013,2.087
zaf,sex_m,ocu_isco88_0,2019,2.466
zaf,sex_m,ocu_isco88_1,2000,115.428
zaf,sex_m,ocu_isco88_1,2001,119.364
zaf,sex_m,ocu_isco88_1,2002,113.65
zaf,sex_m,ocu_isco88_1,2003,106.361
zaf,sex_m,ocu_isco88_1,2004,105.12
zaf,sex_m,ocu_isco88_1,2005,116.155
zaf,sex_m,ocu_isco88_1,2006,105.333
zaf,sex_m,ocu_isco88_1,2007,127.618
zaf,sex_m,ocu_isco88_1,2008,96.871
zaf,sex_m,ocu_isco88_1,2009,90.275
zaf,sex_m,ocu_isco88_1,2010,112.404
zaf,sex_m,ocu_isco88_1,2011,104.919
zaf,sex_m,ocu_isco88_1,2012,111.35
zaf,sex_m,ocu_isco88_1,2013,123.814
zaf,sex_m,ocu_isco88_1,2014,132.908
zaf,sex_m,ocu_isco88_1,2015,136.311
zaf,sex_m,ocu_isco88_1,2016,147.782
zaf,sex_m,ocu_isco88_1,2017,142.46
zaf,sex_m,ocu_isco88_1,2018,156.043
zaf,sex_m,ocu_isco88_1,2019,171.051
zaf,sex_m,ocu_isco88_1,2020,120.553
zaf,sex_m,ocu_isco88_1,2021,145.116
zaf,sex_m,ocu_isco88_1,2022,162.648
zaf,sex_m,ocu_isco88_1,2023,146.501
zaf,sex_m,ocu_isco88_1,2024,183.019
zaf,sex_m,ocu_isco88_2,2000,65.902
zaf,sex_m,ocu_isco88_2,2001,35.981
zaf,sex_m,ocu_isco88_2,2002,43.548
zaf,sex_m,ocu_isco88_2,2003,54.533
zaf,sex_m,ocu_isco88_2,2004,36
zaf,sex_m,ocu_isco88_2,2005,59.078
zaf,sex_m,ocu_isco88_2,2006,62.316
zaf,sex_m,ocu_isco88_2,2007,76.65
zaf,sex_m,ocu_isco88_2,2008,43.772
zaf,sex_m,ocu_isco88_2,2009,40.312
zaf,sex_m,ocu_isco88_2,2010,42.386
zaf,sex_m,ocu_isco88_2,2011,38.469
zaf,sex_m,ocu_isco88_2,2012,47.197
zaf,sex_m,ocu_isco88_2,2013,53.791
zaf,sex_m,ocu_isco88_2,2014,51.271
zaf,sex_m,ocu_isco88_2,2015,30.343
zaf,sex_m,ocu_isco88_2,2016,36.847
zaf,sex_m,ocu_isco88_2,2017,36.89
zaf,sex_m,ocu_isco88_2,2018,38.97
zaf,sex_m,ocu_isco88_2,2019,49.063
zaf,sex_m,ocu_isco88_2,2020,40.081
zaf,sex_m,ocu_isco88_2,2021,39.453
zaf,sex_m,ocu_isco88_2,2022,53.424
zaf,sex_m,ocu_isco88_2,2023,67.258
zaf,sex_m,ocu_isco88_2,2024,46.175
zaf,sex_m,ocu_isco88_3,2000,147.578
zaf,sex_m,ocu_isco88_3,2001,155.701
zaf,sex_m,ocu_isco88_3,2002,142.492
zaf,sex_m,ocu_isco88_3,2003,126.596
zaf,sex_m,ocu_isco88_3,2004,129.746
zaf,sex_m,ocu_isco88_3,2005,139.957
zaf,sex_m,ocu_isco88_3,2006,166.229
zaf,sex_m,ocu_isco88_3,2007,165.803
zaf,sex_m,ocu_isco88_3,2008,121.636
zaf,sex_m,ocu_isco88_3,2009,110.175
zaf,sex_m,ocu_isco88_3,2010,109.594
zaf,sex_m,ocu_isco88_3,2011,102.444
zaf,sex_m,ocu_isco88_3,2012,98.465
zaf,sex_m,ocu_isco88_3,2013,103.822
zaf,sex_m,ocu_isco88_3,2014,105.512
zaf,sex_m,ocu_isco88_3,2015,117.615
zaf,sex_m,ocu_isco88_3,2016,125.327
zaf,sex_m,ocu_isco88_3,2017,127.493
zaf,sex_m,ocu_isco88_3,2018,117.612
zaf,sex_m,ocu_isco88_3,2019,116.488
zaf,sex_m,ocu_isco88_3,2020,93.855
zaf,sex_m,ocu_isco88_3,2021,90.649
zaf,sex_m,ocu_isco88_3,2022,134.464
zaf,sex_m,ocu_isco88_3,2023,137.91
zaf,sex_m,ocu_isco88_3,2024,124.704
zaf,sex_m,ocu_isco88_4,2000,108.775
zaf,sex_m,ocu_isco88_4,2001,101.509
zaf,sex_m,ocu_isco88_4,2002,93.303
zaf,sex_m,ocu_isco88_4,2003,101.621
zaf,sex_m,ocu_isco88_4,2004,93.333
zaf,sex_m,ocu_isco88_4,2005,93.018
zaf,sex_m,ocu_isco88_4,2006,108.833
zaf,sex_m,ocu_isco88_4,2007,130.451
zaf,sex_m,ocu_isco88_4,2008,62.738
zaf,sex_m,ocu_isco88_4,2009,51.459
zaf,sex_m,ocu_isco88_4,2010,57.03
zaf,sex_m,ocu_isco88_4,2011,47.975
zaf,sex_m,ocu_isco88_4,2012,44.414
zaf,sex_m,ocu_isco88_4,2013,44.491
zaf,sex_m,ocu_isco88_4,2014,56.35
zaf,sex_m,ocu_isco88_4,2015,51.645
zaf,sex_m,ocu_isco88_4,2016,49.89
zaf,sex_m,ocu_isco88_4,2017,56.428
zaf,sex_m,ocu_isco88_4,2018,55.652
zaf,sex_m,ocu_isco88_4,2019,47.883
zaf,sex_m,ocu_isco88_4,2020,40.371
zaf,sex_m,ocu_isco88_4,2021,42.836
zaf,sex_m,ocu_isco88_4,2022,77.121
zaf,sex_m,ocu_isco88_4,2023,84.301
zaf,sex_m,ocu_isco88_4,2024,76.989
zaf,sex_m,ocu_isco88_5,2000,422.707
zaf,sex_m,ocu_isco88_5,2001,439.674
zaf,sex_m,ocu_isco88_5,2002,374.967
zaf,sex_m,ocu_isco88_5,2003,345.638
zaf,sex_m,ocu_isco88_5,2004,370.29
zaf,sex_m,ocu_isco88_5,2005,416.225
zaf,sex_m,ocu_isco88_5,2006,425.534
zaf,sex_m,ocu_isco88_5,2007,435.254
zaf,sex_m,ocu_isco88_5,2008,230.613
zaf,sex_m,ocu_isco88_5,2009,219.771
zaf,sex_m,ocu_isco88_5,2010,245.26
zaf,sex_m,ocu_isco88_5,2011,240.185
zaf,sex_m,ocu_isco88_5,2012,222.003
zaf,sex_m,ocu_isco88_5,2013,237.055
zaf,sex_m,ocu_isco88_5,2014,246
zaf,sex_m,ocu_isco88_5,2015,278.14
zaf,sex_m,ocu_isco88_5,2016,301.779
zaf,sex_m,ocu_isco88_5,2017,294.076
zaf,sex_m,ocu_isco88_5,2018,314.116
zaf,sex_m,ocu_isco88_5,2019,325.781
zaf,sex_m,ocu_isco88_5,2020,265.458
zaf,sex_m,ocu_isco88_5,2021,269
zaf,sex_m,ocu_isco88_5,2022,334.193
zaf,sex_m,ocu_isco88_5,2023,358.528
zaf,sex_m,ocu_isco88_5,2024,356.301
zaf,sex_m,ocu_isco88_6,2000,222.898
zaf,sex_m,ocu_isco88_6,2001,106.716
zaf,sex_m,ocu_isco88_6,2002,87.074
zaf,sex_m,ocu_isco88_6,2003,58.283
zaf,sex_m,ocu_isco88_6,2004,40.455
zaf,sex_m,ocu_isco88_6,2005,36.024
zaf,sex_m,ocu_isco88_6,2006,36.646
zaf,sex_m,ocu_isco88_6,2007,39.671
zaf,sex_m,ocu_isco88_6,2008,28.102
zaf,sex_m,ocu_isco88_6,2009,22.446
zaf,sex_m,ocu_isco88_6,2010,22.003
zaf,sex_m,ocu_isco88_6,2011,19.279
zaf,sex_m,ocu_isco88_6,2012,18.57
zaf,sex_m,ocu_isco88_6,2013,17.801
zaf,sex_m,ocu_isco88_6,2014,22.721
zaf,sex_m,ocu_isco88_6,2015,26.58
zaf,sex_m,ocu_isco88_6,2016,22.815
zaf,sex_m,ocu_isco88_6,2017,27.039
zaf,sex_m,ocu_isco88_6,2018,26.189
zaf,sex_m,ocu_isco88_6,2019,23.675
zaf,sex_m,ocu_isco88_6,2020,31.45
zaf,sex_m,ocu_isco88_6,2021,26.948
zaf,sex_m,ocu_isco88_6,2022,28.899
zaf,sex_m,ocu_isco88_6,2023,31.878
zaf,sex_m,ocu_isco88_6,2024,41.711
zaf,sex_m,ocu_isco88_7,2000,745.287
zaf,sex_m,ocu_isco88_7,2001,736.568
zaf,sex_m,ocu_isco88_7,2002,661.225
zaf,sex_m,ocu_isco88_7,2003,639.967
zaf,sex_m,ocu_isco88_7,2004,714.706
zaf,sex_m,ocu_isco88_7,2005,841.118
zaf,sex_m,ocu_isco88_7,2006,957.157
zaf,sex_m,ocu_isco88_7,2007,943.227
zaf,sex_m,ocu_isco88_7,2008,775.836
zaf,sex_m,ocu_isco88_7,2009,656.964
zaf,sex_m,ocu_isco88_7,2010,663.776
zaf,sex_m,ocu_isco88_7,2011,659.236
zaf,sex_m,ocu_isco88_7,2012,664.696
zaf,sex_m,ocu_isco88_7,2013,656.796
zaf,sex_m,ocu_isco88_7,2014,685.989
zaf,sex_m,ocu_isco88_7,2015,797.39
zaf,sex_m,ocu_isco88_7,2016,798.765
zaf,sex_m,ocu_isco88_7,2017,809.255
zaf,sex_m,ocu_isco88_7,2018,864.396
zaf,sex_m,ocu_isco88_7,2019,831.688
zaf,sex_m,ocu_isco88_7,2020,683.003
zaf,sex_m,ocu_isco88_7,2021,645.143
zaf,sex_m,ocu_isco88_7,2022,753.911
zaf,sex_m,ocu_isco88_7,2023,754.604
zaf,sex_m,ocu_isco88_7,2024,802.824
zaf,sex_m,ocu_isco88_8,2000,362.91
zaf,sex_m,ocu_isco88_8,2001,337.38
zaf,sex_m,ocu_isco88_8,2002,314.592
zaf,sex_m,ocu_isco88_8,2003,390.166
zaf,sex_m,ocu_isco88_8,2004,382.49
zaf,sex_m,ocu_isco88_8,2005,402.581
zaf,sex_m,ocu_isco88_8,2006,386.367
zaf,sex_m,ocu_isco88_8,2007,444.527
zaf,sex_m,ocu_isco88_8,2008,294.942
zaf,sex_m,ocu_isco88_8,2009,275.194
zaf,sex_m,ocu_isco88_8,2010,263.978
zaf,sex_m,ocu_isco88_8,2011,261.645
zaf,sex_m,ocu_isco88_8,2012,271.837
zaf,sex_m,ocu_isco88_8,2013,286.902
zaf,sex_m,ocu_isco88_8,2014,272.121
zaf,sex_m,ocu_isco88_8,2015,319.242
zaf,sex_m,ocu_isco88_8,2016,322.086
zaf,sex_m,ocu_isco88_8,2017,340.381
zaf,sex_m,ocu_isco88_8,2018,341.243
zaf,sex_m,ocu_isco88_8,2019,362.566
zaf,sex_m,ocu_isco88_8,2020,348.936
zaf,sex_m,ocu_isco88_8,2021,348.622
zaf,sex_m,ocu_isco88_8,2022,359.094
zaf,sex_m,ocu_isco88_8,2023,420.8
zaf,sex_m,ocu_isco88_8,2024,438.308
zaf,sex_m,ocu_isco88_9,2000,818.628
zaf,sex_m,ocu_isco88_9,2001,943.913
zaf,sex_m,ocu_isco88_9,2002,897.963
zaf,sex_m,ocu_isco88_9,2003,926.97
zaf,sex_m,ocu_isco88_9,2004,971.941
zaf,sex_m,ocu_isco88_9,2005,946.204
zaf,sex_m,ocu_isco88_9,2006,980.094
zaf,sex_m,ocu_isco88_9,2007,1007.014
zaf,sex_m,ocu_isco88_9,2008,983.406
zaf,sex_m,ocu_isco88_9,2009,923.954
zaf,sex_m,ocu_isco88_9,2010,904.87
zaf,sex_m,ocu_isco88_9,2011,881.661
zaf,sex_m,ocu_isco88_9,2012,896.87
zaf,sex_m,ocu_isco88_9,2013,913.867
zaf,sex_m,ocu_isco88_9,2014,901.747
zaf,sex_m,ocu_isco88_9,2015,1081.328
zaf,sex_m,ocu_isco88_9,2016,1043.103
zaf,sex_m,ocu_isco88_9,2017,1072.628
zaf,sex_m,ocu_isco88_9,2018,1098.08
zaf,sex_m,ocu_isco88_9,2019,1067.37
zaf,sex_m,ocu_isco88_9,2020,939.768
zaf,sex_m,ocu_isco88_9,2021,993.407
zaf,sex_m,ocu_isco88_9,2022,1069.316
zaf,sex_m,ocu_isco88_9,2023,1124.403
zaf,sex_m,ocu_isco88_9,2024,1179.643
zaf,sex_m,ocu_isco88_total,2000,3136.289
zaf,sex_m,ocu_isco88_total,2001,3082.534
zaf,sex_m,ocu_isco88_total,2002,2835.602
zaf,sex_m,ocu_isco88_total,2003,2770.137
zaf,sex_m,ocu_isco88_total,2004,2851.569
zaf,sex_m,ocu_isco88_total,2005,3064.497
zaf,sex_m,ocu_isco88_total,2006,3237.734
zaf,sex_m,ocu_isco88_total,2007,3390.034
zaf,sex_m,ocu_isco88_total,2008,2724.827
zaf,sex_m,ocu_isco88_total,2009,2467.817
zaf,sex_m,ocu_isco88_total,2010,2497.692
zaf,sex_m,ocu_isco88_total,2011,2451.837
zaf,sex_m,ocu_isco88_total,2012,2458.945
zaf,sex_m,ocu_isco88_total,2013,2513.287
zaf,sex_m,ocu_isco88_total,2014,2558.702
zaf,sex_m,ocu_isco88_total,2015,2928.95
zaf,sex_m,ocu_isco88_total,2016,2925.667
zaf,sex_m,ocu_isco88_total,2017,2984.752
zaf,sex_m,ocu_isco88_total,2018,3099.903
zaf,sex_m,ocu_isco88_total,2019,3095.804
zaf,sex_m,ocu_isco88_total,2020,2641.756
zaf,sex_m,ocu_isco88_total,2021,2684.257
zaf,sex_m,ocu_isco88_total,2022,3048.055
zaf,sex_m,ocu_isco88_total,2023,3199.179
zaf,sex_m,ocu_isco88_total,2024,3324.212
zaf,sex_m,ocu_isco88_x,2000,121.604
zaf,sex_m,ocu_isco88_x,2001,101.608
zaf,sex_m,ocu_isco88_x,2002,98.881
zaf,sex_m,ocu_isco88_x,2003,12.916
zaf,sex_m,ocu_isco88_x,2004,4.064
zaf,sex_m,ocu_isco88_x,2005,12.954
zaf,sex_m,ocu_isco88_x,2006,7.472
zaf,sex_m,ocu_isco88_x,2007,19.052
zaf,sex_m,ocu_isco88_x,2008,86.299
zaf,sex_m,ocu_isco88_x,2009,76.607
zaf,sex_m,ocu_isco88_x,2010,75.393
zaf,sex_m,ocu_isco88_x,2011,94.177
zaf,sex_m,ocu_isco88_x,2012,83.157
zaf,sex_m,ocu_isco88_x,2013,72.86
zaf,sex_m,ocu_isco88_x,2014,83.409
zaf,sex_m,ocu_isco88_x,2015,90.233
zaf,sex_m,ocu_isco88_x,2016,76.798
zaf,sex_m,ocu_isco88_x,2017,78.102
zaf,sex_m,ocu_isco88_x,2018,87.036
zaf,sex_m,ocu_isco88_x,2019,97.773
zaf,sex_m,ocu_isco88_x,2020,78.281
zaf,sex_m,ocu_isco88_x,2021,83.084
zaf,sex_m,ocu_isco88_x,2022,74.972
zaf,sex_m,ocu_isco88_x,2023,72.034
zaf,sex_m,ocu_isco88_x,2024,74.336
zaf,sex_m,ocu_skill_l1,2000,818.628
zaf,sex_m,ocu_skill_l1,2001,943.913
zaf,sex_m,ocu_skill_l1,2002,897.963
zaf,sex_m,ocu_skill_l1,2003,926.97
zaf,sex_m,ocu_skill_l1,2004,971.941
zaf,sex_m,ocu_skill_l1,2005,946.204
zaf,sex_m,ocu_skill_l1,2006,980.094
zaf,sex_m,ocu_skill_l1,2007,1007.014
zaf,sex_m,ocu_skill_l1,2008,983.406
zaf,sex_m,ocu_skill_l1,2009,923.954
zaf,sex_m,ocu_skill_l1,2010,904.87
zaf,sex_m,ocu_skill_l1,2011,881.661
zaf,sex_m,ocu_skill_l1,2012,896.87
zaf,sex_m,ocu_skill_l1,2013,913.867
zaf,sex_m,ocu_skill_l1,2014,901.747
zaf,sex_m,ocu_skill_l1,2015,1081.328
zaf,sex_m,ocu_skill_l1,2016,1043.103
zaf,sex_m,ocu_skill_l1,2017,1072.628
zaf,sex_m,ocu_skill_l1,2018,1098.08
zaf,sex_m,ocu_skill_l1,2019,1067.37
zaf,sex_m,ocu_skill_l1,2020,939.768
zaf,sex_m,ocu_skill_l1,2021,993.407
zaf,sex_m,ocu_skill_l1,2022,1069.316
zaf,sex_m,ocu_skill_l1,2023,1124.403
zaf,sex_m,ocu_skill_l1,2024,1179.643
zaf,sex_m,ocu_skill_l2,2000,1862.577
zaf,sex_m,ocu_skill_l2,2001,1721.847
zaf,sex_m,ocu_skill_l2,2002,1531.162
zaf,sex_m,ocu_skill_l2,2003,1535.675
zaf,sex_m,ocu_skill_l2,2004,1601.274
zaf,sex_m,ocu_skill_l2,2005,1788.965
zaf,sex_m,ocu_skill_l2,2006,1914.537
zaf,sex_m,ocu_skill_l2,2007,1993.131
zaf,sex_m,ocu_skill_l2,2008,1392.231
zaf,sex_m,ocu_skill_l2,2009,1225.834
zaf,sex_m,ocu_skill_l2,2010,1252.047
zaf,sex_m,ocu_skill_l2,2011,1228.32
zaf,sex_m,ocu_skill_l2,2012,1221.52
zaf,sex_m,ocu_skill_l2,2013,1243.045
zaf,sex_m,ocu_skill_l2,2014,1283.181
zaf,sex_m,ocu_skill_l2,2015,1472.997
zaf,sex_m,ocu_skill_l2,2016,1495.336
zaf,sex_m,ocu_skill_l2,2017,1527.178
zaf,sex_m,ocu_skill_l2,2018,1601.597
zaf,sex_m,ocu_skill_l2,2019,1591.593
zaf,sex_m,ocu_skill_l2,2020,1369.218
zaf,sex_m,ocu_skill_l2,2021,1332.549
zaf,sex_m,ocu_skill_l2,2022,1553.218
zaf,sex_m,ocu_skill_l2,2023,1650.112
zaf,sex_m,ocu_skill_l2,2024,1716.133
zaf,sex_m,ocu_skill_l3_4,2000,328.908
zaf,sex_m,ocu_skill_l3_4,2001,311.047
zaf,sex_m,ocu_skill_l3_4,2002,299.691
zaf,sex_m,ocu_skill_l3_4,2003,287.49
zaf,sex_m,ocu_skill_l3_4,2004,270.866
zaf,sex_m,ocu_skill_l3_4,2005,315.19
zaf,sex_m,ocu_skill_l3_4,2006,333.879
zaf,sex_m,ocu_skill_l3_4,2007,370.071
zaf,sex_m,ocu_skill_l3_4,2008,262.278
zaf,sex_m,ocu_skill_l3_4,2009,240.763
zaf,sex_m,ocu_skill_l3_4,2010,264.384
zaf,sex_m,ocu_skill_l3_4,2011,245.833
zaf,sex_m,ocu_skill_l3_4,2012,257.012
zaf,sex_m,ocu_skill_l3_4,2013,281.427
zaf,sex_m,ocu_skill_l3_4,2014,289.691
zaf,sex_m,ocu_skill_l3_4,2015,284.269
zaf,sex_m,ocu_skill_l3_4,2016,309.957
zaf,sex_m,ocu_skill_l3_4,2017,306.844
zaf,sex_m,ocu_skill_l3_4,2018,312.625
zaf,sex_m,ocu_skill_l3_4,2019,336.603
zaf,sex_m,ocu_skill_l3_4,2020,254.489
zaf,sex_m,ocu_skill_l3_4,2021,275.218
zaf,sex_m,ocu_skill_l3_4,2022,350.536
zaf,sex_m,ocu_skill_l3_4,2023,351.669
zaf,sex_m,ocu_skill_l3_4,2024,353.898
zaf,sex_m,ocu_skill_total,2000,3136.289
zaf,sex_m,ocu_skill_total,2001,3082.534
zaf,sex_m,ocu_skill_total,2002,2835.602
zaf,sex_m,ocu_skill_total,2003,2770.137
zaf,sex_m,ocu_skill_total,2004,2851.569
zaf,sex_m,ocu_skill_total,2005,3064.497
zaf,sex_m,ocu_skill_total,2006,3237.734
zaf,sex_m,ocu_skill_total,2007,3390.034
zaf,sex_m,ocu_skill_total,2008,2724.827
zaf,sex_m,ocu_skill_total,2009,2467.817
zaf,sex_m,ocu_skill_total,2010,2497.692
zaf,sex_m,ocu_skill_total,2011,2451.837
zaf,sex_m,ocu_skill_total,2012,2458.945
zaf,sex_m,ocu_skill_total,2013,2513.287
zaf,sex_m,ocu_skill_total,2014,2558.702
zaf,sex_m,ocu_skill_total,2015,2928.95
zaf,sex_m,ocu_skill_total,2016,2925.667
zaf,sex_m,ocu_skill_total,2017,2984.752
zaf,sex_m,ocu_skill_total,2018,3099.903
zaf,sex_m,ocu_skill_total,2019,3095.804
zaf,sex_m,ocu_skill_total,2020,2641.756
zaf,sex_m,ocu_skill_total,2021,2684.257
zaf,sex_m,ocu_skill_total,2022,3048.055
zaf,sex_m,ocu_skill_total,2023,3199.179
zaf,sex_m,ocu_skill_total,2024,3324.212
zaf,sex_m,ocu_skill_x,2000,126.176
zaf,sex_m,ocu_skill_x,2001,105.727
zaf,sex_m,ocu_skill_x,2002,106.786
zaf,sex_m,ocu_skill_x,2003,20.002
zaf,sex_m,ocu_skill_x,2004,7.488
zaf,sex_m,ocu_skill_x,2005,14.137
zaf,sex_m,ocu_skill_x,2006,9.225
zaf,sex_m,ocu_skill_x,2007,19.818
zaf,sex_m,ocu_skill_x,2008,86.911
zaf,sex_m,ocu_skill_x,2009,77.266
zaf,sex_m,ocu_skill_x,2010,76.39
zaf,sex_m,ocu_skill_x,2011,96.023
zaf,sex_m,ocu_skill_x,2012,83.543
zaf,sex_m,ocu_skill_x,2013,74.947
zaf,sex_m,ocu_skill_x,2014,84.084
zaf,sex_m,ocu_skill_x,2015,90.356
zaf,sex_m,ocu_skill_x,2016,77.272
zaf,sex_m,ocu_skill_x,2017,78.102
zaf,sex_m,ocu_skill_x,2018,87.601
zaf,sex_m,ocu_skill_x,2019,100.239
zaf,sex_m,ocu_skill_x,2020,78.281
zaf,sex_m,ocu_skill_x,2021,83.084
zaf,sex_m,ocu_skill_x,2022,74.984
zaf,sex_m,ocu_skill_x,2023,72.995
zaf,sex_m,ocu_skill_x,2024,74.538
zaf,sex_t,ocu_isco88_0,2000,5.02
zaf,sex_t,ocu_isco88_0,2001,5.215
zaf,sex_t,ocu_isco88_0,2002,12.036
zaf,sex_t,ocu_isco88_0,2003,8.401
zaf,sex_t,ocu_isco88_0,2004,4.276
zaf,sex_t,ocu_isco88_0,2005,2.447
zaf,sex_t,ocu_isco88_0,2006,1.97
zaf,sex_t,ocu_isco88_0,2007,2.114
zaf,sex_t,ocu_isco88_0,2008,0.759
zaf,sex_t,ocu_isco88_0,2009,1.185
zaf,sex_t,ocu_isco88_0,2010,0.997
zaf,sex_t,ocu_isco88_0,2011,2.23
zaf,sex_t,ocu_isco88_0,2012,0.489
zaf,sex_t,ocu_isco88_0,2013,2.087
zaf,sex_t,ocu_isco88_0,2016,1.804
zaf,sex_t,ocu_isco88_0,2019,2.466
zaf,sex_t,ocu_isco88_0,2023,1.076
zaf,sex_t,ocu_isco88_1,2000,172.106
zaf,sex_t,ocu_isco88_1,2001,154.506
zaf,sex_t,ocu_isco88_1,2002,153.318
zaf,sex_t,ocu_isco88_1,2003,150.309
zaf,sex_t,ocu_isco88_1,2004,146.352
zaf,sex_t,ocu_isco88_1,2005,168.368
zaf,sex_t,ocu_isco88_1,2006,165.075
zaf,sex_t,ocu_isco88_1,2007,212.66
zaf,sex_t,ocu_isco88_1,2008,144.625
zaf,sex_t,ocu_isco88_1,2009,137.372
zaf,sex_t,ocu_isco88_1,2010,154.372
zaf,sex_t,ocu_isco88_1,2011,154.128
zaf,sex_t,ocu_isco88_1,2012,166.831
zaf,sex_t,ocu_isco88_1,2013,176.742
zaf,sex_t,ocu_isco88_1,2014,193.79
zaf,sex_t,ocu_isco88_1,2015,191.77
zaf,sex_t,ocu_isco88_1,2016,205.931
zaf,sex_t,ocu_isco88_1,2017,208.844
zaf,sex_t,ocu_isco88_1,2018,225.924
zaf,sex_t,ocu_isco88_1,2019,251.335
zaf,sex_t,ocu_isco88_1,2020,172.575
zaf,sex_t,ocu_isco88_1,2021,203.009
zaf,sex_t,ocu_isco88_1,2022,229.963
zaf,sex_t,ocu_isco88_1,2023,207.961
zaf,sex_t,ocu_isco88_1,2024,257.783
zaf,sex_t,ocu_isco88_2,2000,122.051
zaf,sex_t,ocu_isco88_2,2001,73.506
zaf,sex_t,ocu_isco88_2,2002,76.443
zaf,sex_t,ocu_isco88_2,2003,101.52
zaf,sex_t,ocu_isco88_2,2004,65.62
zaf,sex_t,ocu_isco88_2,2005,98.251
zaf,sex_t,ocu_isco88_2,2006,104.104
zaf,sex_t,ocu_isco88_2,2007,168.604
zaf,sex_t,ocu_isco88_2,2008,95.521
zaf,sex_t,ocu_isco88_2,2009,86.849
zaf,sex_t,ocu_isco88_2,2010,85.687
zaf,sex_t,ocu_isco88_2,2011,70.025
zaf,sex_t,ocu_isco88_2,2012,78.134
zaf,sex_t,ocu_isco88_2,2013,86.871
zaf,sex_t,ocu_isco88_2,2014,85.84
zaf,sex_t,ocu_isco88_2,2015,63.394
zaf,sex_t,ocu_isco88_2,2016,79.422
zaf,sex_t,ocu_isco88_2,2017,74.938
zaf,sex_t,ocu_isco88_2,2018,80.369
zaf,sex_t,ocu_isco88_2,2019,90.798
zaf,sex_t,ocu_isco88_2,2020,66.78
zaf,sex_t,ocu_isco88_2,2021,73.983
zaf,sex_t,ocu_isco88_2,2022,96.537
zaf,sex_t,ocu_isco88_2,2023,125.815
zaf,sex_t,ocu_isco88_2,2024,90.663
zaf,sex_t,ocu_isco88_3,2000,308.81
zaf,sex_t,ocu_isco88_3,2001,320.396
zaf,sex_t,ocu_isco88_3,2002,272.548
zaf,sex_t,ocu_isco88_3,2003,276.296
zaf,sex_t,ocu_isco88_3,2004,269.819
zaf,sex_t,ocu_isco88_3,2005,319.981
zaf,sex_t,ocu_isco88_3,2006,331.302
zaf,sex_t,ocu_isco88_3,2007,347.967
zaf,sex_t,ocu_isco88_3,2008,273.041
zaf,sex_t,ocu_isco88_3,2009,249.595
zaf,sex_t,ocu_isco88_3,2010,235.567
zaf,sex_t,ocu_isco88_3,2011,237.141
zaf,sex_t,ocu_isco88_3,2012,218.879
zaf,sex_t,ocu_isco88_3,2013,249.543
zaf,sex_t,ocu_isco88_3,2014,247.418
zaf,sex_t,ocu_isco88_3,2015,247.867
zaf,sex_t,ocu_isco88_3,2016,262.822
zaf,sex_t,ocu_isco88_3,2017,277.701
zaf,sex_t,ocu_isco88_3,2018,257.432
zaf,sex_t,ocu_isco88_3,2019,253.619
zaf,sex_t,ocu_isco88_3,2020,185.62
zaf,sex_t,ocu_isco88_3,2021,193.983
zaf,sex_t,ocu_isco88_3,2022,255.478
zaf,sex_t,ocu_isco88_3,2023,242.246
zaf,sex_t,ocu_isco88_3,2024,265.029
zaf,sex_t,ocu_isco88_4,2000,390.443
zaf,sex_t,ocu_isco88_4,2001,375.91
zaf,sex_t,ocu_isco88_4,2002,342.213
zaf,sex_t,ocu_isco88_4,2003,357.016
zaf,sex_t,ocu_isco88_4,2004,360.44
zaf,sex_t,ocu_isco88_4,2005,368.31
zaf,sex_t,ocu_isco88_4,2006,397.008
zaf,sex_t,ocu_isco88_4,2007,444.331
zaf,sex_t,ocu_isco88_4,2008,216.742
zaf,sex_t,ocu_isco88_4,2009,182.558
zaf,sex_t,ocu_isco88_4,2010,187.972
zaf,sex_t,ocu_isco88_4,2011,170.961
zaf,sex_t,ocu_isco88_4,2012,149.477
zaf,sex_t,ocu_isco88_4,2013,180.681
zaf,sex_t,ocu_isco88_4,2014,194.997
zaf,sex_t,ocu_isco88_4,2015,203.888
zaf,sex_t,ocu_isco88_4,2016,188.347
zaf,sex_t,ocu_isco88_4,2017,207.246
zaf,sex_t,ocu_isco88_4,2018,209.139
zaf,sex_t,ocu_isco88_4,2019,180.118
zaf,sex_t,ocu_isco88_4,2020,148.718
zaf,sex_t,ocu_isco88_4,2021,141.096
zaf,sex_t,ocu_isco88_4,2022,218.327
zaf,sex_t,ocu_isco88_4,2023,231.297
zaf,sex_t,ocu_isco88_4,2024,228.696
zaf,sex_t,ocu_isco88_5,2000,885.968
zaf,sex_t,ocu_isco88_5,2001,1001.639
zaf,sex_t,ocu_isco88_5,2002,776.683
zaf,sex_t,ocu_isco88_5,2003,732.77
zaf,sex_t,ocu_isco88_5,2004,763.572
zaf,sex_t,ocu_isco88_5,2005,866.887
zaf,sex_t,ocu_isco88_5,2006,926.417
zaf,sex_t,ocu_isco88_5,2007,914.618
zaf,sex_t,ocu_isco88_5,2008,580.888
zaf,sex_t,ocu_isco88_5,2009,589.457
zaf,sex_t,ocu_isco88_5,2010,610.046
zaf,sex_t,ocu_isco88_5,2011,599.512
zaf,sex_t,ocu_isco88_5,2012,584.854
zaf,sex_t,ocu_isco88_5,2013,649.741
zaf,sex_t,ocu_isco88_5,2014,682.381
zaf,sex_t,ocu_isco88_5,2015,761.904
zaf,sex_t,ocu_isco88_5,2016,775.055
zaf,sex_t,ocu_isco88_5,2017,791.777
zaf,sex_t,ocu_isco88_5,2018,835.588
zaf,sex_t,ocu_isco88_5,2019,850.752
zaf,sex_t,ocu_isco88_5,2020,662.114
zaf,sex_t,ocu_isco88_5,2021,653.377
zaf,sex_t,ocu_isco88_5,2022,859.86
zaf,sex_t,ocu_isco88_5,2023,926.931
zaf,sex_t,ocu_isco88_5,2024,896.03
zaf,sex_t,ocu_isco88_6,2000,312.764
zaf,sex_t,ocu_isco88_6,2001,151.698
zaf,sex_t,ocu_isco88_6,2002,119.444
zaf,sex_t,ocu_isco88_6,2003,81.74
zaf,sex_t,ocu_isco88_6,2004,59.05
zaf,sex_t,ocu_isco88_6,2005,52.855
zaf,sex_t,ocu_isco88_6,2006,56.825
zaf,sex_t,ocu_isco88_6,2007,59.612
zaf,sex_t,ocu_isco88_6,2008,46.383
zaf,sex_t,ocu_isco88_6,2009,33.563
zaf,sex_t,ocu_isco88_6,2010,32.545
zaf,sex_t,ocu_isco88_6,2011,34.902
zaf,sex_t,ocu_isco88_6,2012,30.698
zaf,sex_t,ocu_isco88_6,2013,28.823
zaf,sex_t,ocu_isco88_6,2014,35.503
zaf,sex_t,ocu_isco88_6,2015,44.054
zaf,sex_t,ocu_isco88_6,2016,30.535
zaf,sex_t,ocu_isco88_6,2017,35.592
zaf,sex_t,ocu_isco88_6,2018,35.605
zaf,sex_t,ocu_isco88_6,2019,31.646
zaf,sex_t,ocu_isco88_6,2020,46.75
zaf,sex_t,ocu_isco88_6,2021,36.404
zaf,sex_t,ocu_isco88_6,2022,38.126
zaf,sex_t,ocu_isco88_6,2023,39.691
zaf,sex_t,ocu_isco88_6,2024,55.339
zaf,sex_t,ocu_isco88_7,2000,906.99
zaf,sex_t,ocu_isco88_7,2001,930.452
zaf,sex_t,ocu_isco88_7,2002,810.007
zaf,sex_t,ocu_isco88_7,2003,786.684
zaf,sex_t,ocu_isco88_7,2004,873.604
zaf,sex_t,ocu_isco88_7,2005,1030.973
zaf,sex_t,ocu_isco88_7,2006,1146.377
zaf,sex_t,ocu_isco88_7,2007,1146.11
zaf,sex_t,ocu_isco88_7,2008,916.852
zaf,sex_t,ocu_isco88_7,2009,759.029
zaf,sex_t,ocu_isco88_7,2010,755.908
zaf,sex_t,ocu_isco88_7,2011,752.818
zaf,sex_t,ocu_isco88_7,2012,743.361
zaf,sex_t,ocu_isco88_7,2013,744.677
zaf,sex_t,ocu_isco88_7,2014,776.906
zaf,sex_t,ocu_isco88_7,2015,879.34
zaf,sex_t,ocu_isco88_7,2016,884.894
zaf,sex_t,ocu_isco88_7,2017,905.195
zaf,sex_t,ocu_isco88_7,2018,953.231
zaf,sex_t,ocu_isco88_7,2019,925.121
zaf,sex_t,ocu_isco88_7,2020,758.728
zaf,sex_t,ocu_isco88_7,2021,715.91
zaf,sex_t,ocu_isco88_7,2022,833.574
zaf,sex_t,ocu_isco88_7,2023,840.504
zaf,sex_t,ocu_isco88_7,2024,904.793
zaf,sex_t,ocu_isco88_8,2000,441.149
zaf,sex_t,ocu_isco88_8,2001,420.478
zaf,sex_t,ocu_isco88_8,2002,393.548
zaf,sex_t,ocu_isco88_8,2003,463.196
zaf,sex_t,ocu_isco88_8,2004,446.026
zaf,sex_t,ocu_isco88_8,2005,469.538
zaf,sex_t,ocu_isco88_8,2006,468.152
zaf,sex_t,ocu_isco88_8,2007,533.327
zaf,sex_t,ocu_isco88_8,2008,338.073
zaf,sex_t,ocu_isco88_8,2009,313.142
zaf,sex_t,ocu_isco88_8,2010,298.208
zaf,sex_t,ocu_isco88_8,2011,296.907
zaf,sex_t,ocu_isco88_8,2012,289.37
zaf,sex_t,ocu_isco88_8,2013,320.226
zaf,sex_t,ocu_isco88_8,2014,303.12
zaf,sex_t,ocu_isco88_8,2015,352.501
zaf,sex_t,ocu_isco88_8,2016,351.087
zaf,sex_t,ocu_isco88_8,2017,372.638
zaf,sex_t,ocu_isco88_8,2018,380.74
zaf,sex_t,ocu_isco88_8,2019,401.19
zaf,sex_t,ocu_isco88_8,2020,394.109
zaf,sex_t,ocu_isco88_8,2021,388.492
zaf,sex_t,ocu_isco88_8,2022,392.552
zaf,sex_t,ocu_isco88_8,2023,458.891
zaf,sex_t,ocu_isco88_8,2024,484.206
zaf,sex_t,ocu_isco88_9,2000,1924.641
zaf,sex_t,ocu_isco88_9,2001,1950.701
zaf,sex_t,ocu_isco88_9,2002,1679.474
zaf,sex_t,ocu_isco88_9,2003,1758.616
zaf,sex_t,ocu_isco88_9,2004,1791.395
zaf,sex_t,ocu_isco88_9,2005,1850.929
zaf,sex_t,ocu_isco88_9,2006,1900.697
zaf,sex_t,ocu_isco88_9,2007,1866.886
zaf,sex_t,ocu_isco88_9,2008,2425.181
zaf,sex_t,ocu_isco88_9,2009,2306.931
zaf,sex_t,ocu_isco88_9,2010,2228.169
zaf,sex_t,ocu_isco88_9,2011,2161.325
zaf,sex_t,ocu_isco88_9,2012,2215.613
zaf,sex_t,ocu_isco88_9,2013,2261.869
zaf,sex_t,ocu_isco88_9,2014,2253.924
zaf,sex_t,ocu_isco88_9,2015,2572.824
zaf,sex_t,ocu_isco88_9,2016,2499.905
zaf,sex_t,ocu_isco88_9,2017,2596.424
zaf,sex_t,ocu_isco88_9,2018,2670.825
zaf,sex_t,ocu_isco88_9,2019,2598.49
zaf,sex_t,ocu_isco88_9,2020,2223.444
zaf,sex_t,ocu_isco88_9,2021,2297.21
zaf,sex_t,ocu_isco88_9,2022,2394.535
zaf,sex_t,ocu_isco88_9,2023,2495.848
zaf,sex_t,ocu_isco88_9,2024,2673.311
zaf,sex_t,ocu_isco88_total,2000,5606.874
zaf,sex_t,ocu_isco88_total,2001,5496.689
zaf,sex_t,ocu_isco88_total,2002,4741.12
zaf,sex_t,ocu_isco88_total,2003,4731.649
zaf,sex_t,ocu_isco88_total,2004,4786.261
zaf,sex_t,ocu_isco88_total,2005,5246.826
zaf,sex_t,ocu_isco88_total,2006,5510.865
zaf,sex_t,ocu_isco88_total,2007,5724.873
zaf,sex_t,ocu_isco88_total,2008,5232.508
zaf,sex_t,ocu_isco88_total,2009,4833.847
zaf,sex_t,ocu_isco88_total,2010,4749.464
zaf,sex_t,ocu_isco88_total,2011,4654.544
zaf,sex_t,ocu_isco88_total,2012,4630.131
zaf,sex_t,ocu_isco88_total,2013,4848.942
zaf,sex_t,ocu_isco88_total,2014,4921.178
zaf,sex_t,ocu_isco88_total,2015,5473.124
zaf,sex_t,ocu_isco88_total,2016,5413.374
zaf,sex_t,ocu_isco88_total,2017,5607.866
zaf,sex_t,ocu_isco88_total,2018,5792.762
zaf,sex_t,ocu_isco88_total,2019,5747.836
zaf,sex_t,ocu_isco88_total,2020,4798.249
zaf,sex_t,ocu_isco88_total,2021,4832.75
zaf,sex_t,ocu_isco88_total,2022,5436.218
zaf,sex_t,ocu_isco88_total,2023,5692.93
zaf,sex_t,ocu_isco88_total,2024,5977.806
zaf,sex_t,ocu_isco88_x,2000,136.931
zaf,sex_t,ocu_isco88_x,2001,112.189
zaf,sex_t,ocu_isco88_x,2002,105.405
zaf,sex_t,ocu_isco88_x,2003,15.1
zaf,sex_t,ocu_isco88_x,2004,6.108
zaf,sex_t,ocu_isco88_x,2005,18.286
zaf,sex_t,ocu_isco88_x,2006,12.938
zaf,sex_t,ocu_isco88_x,2007,28.644
zaf,sex_t,ocu_isco88_x,2008,194.443
zaf,sex_t,ocu_isco88_x,2009,174.165
zaf,sex_t,ocu_isco88_x,2010,159.993
zaf,sex_t,ocu_isco88_x,2011,174.596
zaf,sex_t,ocu_isco88_x,2012,152.425
zaf,sex_t,ocu_isco88_x,2013,147.682
zaf,sex_t,ocu_isco88_x,2014,146.624
zaf,sex_t,ocu_isco88_x,2015,155
zaf,sex_t,ocu_isco88_x,2016,133.57
zaf,sex_t,ocu_isco88_x,2017,136.771
zaf,sex_t,ocu_isco88_x,2018,143.344
zaf,sex_t,ocu_isco88_x,2019,162.302
zaf,sex_t,ocu_isco88_x,2020,139.412
zaf,sex_t,ocu_isco88_x,2021,129.286
zaf,sex_t,ocu_isco88_x,2022,117.251
zaf,sex_t,ocu_isco88_x,2023,122.669
zaf,sex_t,ocu_isco88_x,2024,121.753
zaf,sex_t,ocu_skill_l1,2000,1924.641
zaf,sex_t,ocu_skill_l1,2001,1950.701
zaf,sex_t,ocu_skill_l1,2002,1679.474
zaf,sex_t,ocu_skill_l1,2003,1758.616
zaf,sex_t,ocu_skill_l1,2004,1791.395
zaf,sex_t,ocu_skill_l1,2005,1850.929
zaf,sex_t,ocu_skill_l1,2006,1900.697
zaf,sex_t,ocu_skill_l1,2007,1866.886
zaf,sex_t,ocu_skill_l1,2008,2425.181
zaf,sex_t,ocu_skill_l1,2009,2306.931
zaf,sex_t,ocu_skill_l1,2010,2228.169
zaf,sex_t,ocu_skill_l1,2011,2161.325
zaf,sex_t,ocu_skill_l1,2012,2215.613
zaf,sex_t,ocu_skill_l1,2013,2261.869
zaf,sex_t,ocu_skill_l1,2014,2253.924
zaf,sex_t,ocu_skill_l1,2015,2572.824
zaf,sex_t,ocu_skill_l1,2016,2499.905
zaf,sex_t,ocu_skill_l1,2017,2596.424
zaf,sex_t,ocu_skill_l1,2018,2670.825
zaf,sex_t,ocu_skill_l1,2019,2598.49
zaf,sex_t,ocu_skill_l1,2020,2223.444
zaf,sex_t,ocu_skill_l1,2021,2297.21
zaf,sex_t,ocu_skill_l1,2022,2394.535
zaf,sex_t,ocu_skill_l1,2023,2495.848
zaf,sex_t,ocu_skill_l1,2024,2673.311
zaf,sex_t,ocu_skill_l2,2000,2937.314
zaf,sex_t,ocu_skill_l2,2001,2880.177
zaf,sex_t,ocu_skill_l2,2002,2441.895
zaf,sex_t,ocu_skill_l2,2003,2421.407
zaf,sex_t,ocu_skill_l2,2004,2502.691
zaf,sex_t,ocu_skill_l2,2005,2788.563
zaf,sex_t,ocu_skill_l2,2006,2994.779
zaf,sex_t,ocu_skill_l2,2007,3097.998
zaf,sex_t,ocu_skill_l2,2008,2098.938
zaf,sex_t,ocu_skill_l2,2009,1877.749
zaf,sex_t,ocu_skill_l2,2010,1884.678
zaf,sex_t,ocu_skill_l2,2011,1855.1
zaf,sex_t,ocu_skill_l2,2012,1797.76
zaf,sex_t,ocu_skill_l2,2013,1924.148
zaf,sex_t,ocu_skill_l2,2014,1992.907
zaf,sex_t,ocu_skill_l2,2015,2241.686
zaf,sex_t,ocu_skill_l2,2016,2229.919
zaf,sex_t,ocu_skill_l2,2017,2312.447
zaf,sex_t,ocu_skill_l2,2018,2414.303
zaf,sex_t,ocu_skill_l2,2019,2388.827
zaf,sex_t,ocu_skill_l2,2020,2010.419
zaf,sex_t,ocu_skill_l2,2021,1935.279
zaf,sex_t,ocu_skill_l2,2022,2342.44
zaf,sex_t,ocu_skill_l2,2023,2497.314
zaf,sex_t,ocu_skill_l2,2024,2569.065
zaf,sex_t,ocu_skill_l3_4,2000,602.968
zaf,sex_t,ocu_skill_l3_4,2001,548.407
zaf,sex_t,ocu_skill_l3_4,2002,502.309
zaf,sex_t,ocu_skill_l3_4,2003,528.126
zaf,sex_t,ocu_skill_l3_4,2004,481.791
zaf,sex_t,ocu_skill_l3_4,2005,586.6
zaf,sex_t,ocu_skill_l3_4,2006,600.481
zaf,sex_t,ocu_skill_l3_4,2007,729.231
zaf,sex_t,ocu_skill_l3_4,2008,513.187
zaf,sex_t,ocu_skill_l3_4,2009,473.816
zaf,sex_t,ocu_skill_l3_4,2010,475.626
zaf,sex_t,ocu_skill_l3_4,2011,461.294
zaf,sex_t,ocu_skill_l3_4,2012,463.843
zaf,sex_t,ocu_skill_l3_4,2013,513.156
zaf,sex_t,ocu_skill_l3_4,2014,527.047
zaf,sex_t,ocu_skill_l3_4,2015,503.031
zaf,sex_t,ocu_skill_l3_4,2016,548.175
zaf,sex_t,ocu_skill_l3_4,2017,561.483
zaf,sex_t,ocu_skill_l3_4,2018,563.726
zaf,sex_t,ocu_skill_l3_4,2019,595.752
zaf,sex_t,ocu_skill_l3_4,2020,424.975
zaf,sex_t,ocu_skill_l3_4,2021,470.975
zaf,sex_t,ocu_skill_l3_4,2022,581.979
zaf,sex_t,ocu_skill_l3_4,2023,576.022
zaf,sex_t,ocu_skill_l3_4,2024,613.475
zaf,sex_t,ocu_skill_total,2000,5606.874
zaf,sex_t,ocu_skill_total,2001,5496.689
zaf,sex_t,ocu_skill_total,2002,4741.12
zaf,sex_t,ocu_skill_total,2003,4731.649
zaf,sex_t,ocu_skill_total,2004,4786.261
zaf,sex_t,ocu_skill_total,2005,5246.826
zaf,sex_t,ocu_skill_total,2006,5510.865
zaf,sex_t,ocu_skill_total,2007,5724.873
zaf,sex_t,ocu_skill_total,2008,5232.508
zaf,sex_t,ocu_skill_total,2009,4833.847
zaf,sex_t,ocu_skill_total,2010,4749.464
zaf,sex_t,ocu_skill_total,2011,4654.544
zaf,sex_t,ocu_skill_total,2012,4630.131
zaf,sex_t,ocu_skill_total,2013,4848.942
zaf,sex_t,ocu_skill_total,2014,4921.178
zaf,sex_t,ocu_skill_total,2015,5473.124
zaf,sex_t,ocu_skill_total,2016,5413.374
zaf,sex_t,ocu_skill_total,2017,5607.866
zaf,sex_t,ocu_skill_total,2018,5792.762
zaf,sex_t,ocu_skill_total,2019,5747.836
zaf,sex_t,ocu_skill_total,2020,4798.249
zaf,sex_t,ocu_skill_total,2021,4832.75
zaf,sex_t,ocu_skill_total,2022,5436.218
zaf,sex_t,ocu_skill_total,2023,5692.93
zaf,sex_t,ocu_skill_total,2024,5977.806
zaf,sex_t,ocu_skill_x,2000,141.95
zaf,sex_t,ocu_skill_x,2001,117.404
zaf,sex_t,ocu_skill_x,2002,117.442
zaf,sex_t,ocu_skill_x,2003,23.501
zaf,sex_t,ocu_skill_x,2004,10.384
zaf,sex_t,ocu_skill_x,2005,20.733
zaf,sex_t,ocu_skill_x,2006,14.907
zaf,sex_t,ocu_skill_x,2007,30.758
zaf,sex_t,ocu_skill_x,2008,195.202
zaf,sex_t,ocu_skill_x,2009,175.35
zaf,sex_t,ocu_skill_x,2010,160.99
zaf,sex_t,ocu_skill_x,2011,176.826
zaf,sex_t,ocu_skill_x,2012,152.915
zaf,sex_t,ocu_skill_x,2013,149.768
zaf,sex_t,ocu_skill_x,2014,147.299
zaf,sex_t,ocu_skill_x,2015,155.584
zaf,sex_t,ocu_skill_x,2016,135.374
zaf,sex_t,ocu_skill_x,2017,137.511
zaf,sex_t,ocu_skill_x,2018,143.909
zaf,sex_t,ocu_skill_x,2019,164.768
zaf,sex_t,ocu_skill_x,2020,139.412
zaf,sex_t,ocu_skill_x,2021,129.286
zaf,sex_t,ocu_skill_x,2022,117.264
zaf,sex_t,ocu_skill_x,2023,123.746
zaf,sex_t,ocu_skill_x,2024,121.955
zmb,sex_f,ocu_isco08_0,2018,11.162
zmb,sex_f,ocu_isco08_0,2019,9.651
zmb,sex_f,ocu_isco08_0,2020,11.08
zmb,sex_f,ocu_isco08_0,2021,11.834
zmb,sex_f,ocu_isco08_0,2022,16.207
zmb,sex_f,ocu_isco08_1,2017,5.989
zmb,sex_f,ocu_isco08_1,2018,44.14
zmb,sex_f,ocu_isco08_1,2019,39.445
zmb,sex_f,ocu_isco08_1,2020,49.165
zmb,sex_f,ocu_isco08_1,2021,55.466
zmb,sex_f,ocu_isco08_1,2022,108.029
zmb,sex_f,ocu_isco08_1,2023,61.149
zmb,sex_f,ocu_isco08_2,2017,21.457
zmb,sex_f,ocu_isco08_2,2018,21.27
zmb,sex_f,ocu_isco08_2,2019,19.631
zmb,sex_f,ocu_isco08_2,2020,18.683
zmb,sex_f,ocu_isco08_2,2021,26.82
zmb,sex_f,ocu_isco08_2,2022,16.09
zmb,sex_f,ocu_isco08_2,2023,23.414
zmb,sex_f,ocu_isco08_3,2017,18.855
zmb,sex_f,ocu_isco08_3,2018,15.998
zmb,sex_f,ocu_isco08_3,2019,21.641
zmb,sex_f,ocu_isco08_3,2020,20.445
zmb,sex_f,ocu_isco08_3,2021,35.955
zmb,sex_f,ocu_isco08_3,2022,26.034
zmb,sex_f,ocu_isco08_3,2023,48.024
zmb,sex_f,ocu_isco08_4,2017,4.954
zmb,sex_f,ocu_isco08_4,2018,4.263
zmb,sex_f,ocu_isco08_4,2019,6.117
zmb,sex_f,ocu_isco08_4,2020,3.307
zmb,sex_f,ocu_isco08_4,2021,10.021
zmb,sex_f,ocu_isco08_4,2022,9.793
zmb,sex_f,ocu_isco08_4,2023,8.691
zmb,sex_f,ocu_isco08_5,2017,453.127
zmb,sex_f,ocu_isco08_5,2018,375.015
zmb,sex_f,ocu_isco08_5,2019,475.895
zmb,sex_f,ocu_isco08_5,2020,451.27
zmb,sex_f,ocu_isco08_5,2021,480.838
zmb,sex_f,ocu_isco08_5,2022,488.612
zmb,sex_f,ocu_isco08_5,2023,597.555
zmb,sex_f,ocu_isco08_6,2017,1584.012
zmb,sex_f,ocu_isco08_6,2018,1529.204
zmb,sex_f,ocu_isco08_6,2019,1503.782
zmb,sex_f,ocu_isco08_6,2020,1641.525
zmb,sex_f,ocu_isco08_6,2021,1540.388
zmb,sex_f,ocu_isco08_6,2022,1513.511
zmb,sex_f,ocu_isco08_6,2023,1755.194
zmb,sex_f,ocu_isco08_7,2017,44.58
zmb,sex_f,ocu_isco08_7,2018,53.158
zmb,sex_f,ocu_isco08_7,2019,40.864
zmb,sex_f,ocu_isco08_7,2020,38.805
zmb,sex_f,ocu_isco08_7,2021,42.906
zmb,sex_f,ocu_isco08_7,2022,58.819
zmb,sex_f,ocu_isco08_7,2023,60.08
zmb,sex_f,ocu_isco08_8,2017,4.452
zmb,sex_f,ocu_isco08_8,2018,3.53
zmb,sex_f,ocu_isco08_8,2019,7.804
zmb,sex_f,ocu_isco08_8,2020,1.349
zmb,sex_f,ocu_isco08_8,2021,3.35
zmb,sex_f,ocu_isco08_8,2022,5.376
zmb,sex_f,ocu_isco08_8,2023,6.184
zmb,sex_f,ocu_isco08_9,2017,164.029
zmb,sex_f,ocu_isco08_9,2018,169.94
zmb,sex_f,ocu_isco08_9,2019,159.962
zmb,sex_f,ocu_isco08_9,2020,151.92
zmb,sex_f,ocu_isco08_9,2021,159.232
zmb,sex_f,ocu_isco08_9,2022,176.278
zmb,sex_f,ocu_isco08_9,2023,192.228
zmb,sex_f,ocu_isco08_total,2017,2301.456
zmb,sex_f,ocu_isco08_total,2018,2227.68
zmb,sex_f,ocu_isco08_total,2019,2284.792
zmb,sex_f,ocu_isco08_total,2020,2387.547
zmb,sex_f,ocu_isco08_total,2021,2366.811
zmb,sex_f,ocu_isco08_total,2022,2418.748
zmb,sex_f,ocu_isco08_total,2023,2754.08
zmb,sex_f,ocu_skill_l1,2017,164.029
zmb,sex_f,ocu_skill_l1,2018,169.94
zmb,sex_f,ocu_skill_l1,2019,159.962
zmb,sex_f,ocu_skill_l1,2020,151.92
zmb,sex_f,ocu_skill_l1,2021,159.232
zmb,sex_f,ocu_skill_l1,2022,176.278
zmb,sex_f,ocu_skill_l1,2023,192.228
zmb,sex_f,ocu_skill_l2,2017,2091.125
zmb,sex_f,ocu_skill_l2,2018,1965.17
zmb,sex_f,ocu_skill_l2,2019,2034.463
zmb,sex_f,ocu_skill_l2,2020,2136.255
zmb,sex_f,ocu_skill_l2,2021,2077.504
zmb,sex_f,ocu_skill_l2,2022,2076.11
zmb,sex_f,ocu_skill_l2,2023,2427.704
zmb,sex_f,ocu_skill_l3_4,2017,46.301
zmb,sex_f,ocu_skill_l3_4,2018,81.408
zmb,sex_f,ocu_skill_l3_4,2019,80.717
zmb,sex_f,ocu_skill_l3_4,2020,88.292
zmb,sex_f,ocu_skill_l3_4,2021,118.242
zmb,sex_f,ocu_skill_l3_4,2022,150.153
zmb,sex_f,ocu_skill_l3_4,2023,132.587
zmb,sex_f,ocu_skill_total,2017,2301.456
zmb,sex_f,ocu_skill_total,2018,2227.68
zmb,sex_f,ocu_skill_total,2019,2284.792
zmb,sex_f,ocu_skill_total,2020,2387.547
zmb,sex_f,ocu_skill_total,2021,2366.811
zmb,sex_f,ocu_skill_total,2022,2418.748
zmb,sex_f,ocu_skill_total,2023,2754.08
zmb,sex_f,ocu_skill_x,2018,11.162
zmb,sex_f,ocu_skill_x,2019,9.651
zmb,sex_f,ocu_skill_x,2020,11.08
zmb,sex_f,ocu_skill_x,2021,11.834
zmb,sex_f,ocu_skill_x,2022,16.207
zmb,sex_m,ocu_isco08_0,2018,13.373
zmb,sex_m,ocu_isco08_0,2019,10
zmb,sex_m,ocu_isco08_0,2020,10.5
zmb,sex_m,ocu_isco08_0,2021,17.28
zmb,sex_m,ocu_isco08_0,2022,12.48
zmb,sex_m,ocu_isco08_0,2023,2.002
zmb,sex_m,ocu_isco08_1,2017,11.434
zmb,sex_m,ocu_isco08_1,2018,43.863
zmb,sex_m,ocu_isco08_1,2019,46.335
zmb,sex_m,ocu_isco08_1,2020,43.056
zmb,sex_m,ocu_isco08_1,2021,59.248
zmb,sex_m,ocu_isco08_1,2022,92.736
zmb,sex_m,ocu_isco08_1,2023,51.959
zmb,sex_m,ocu_isco08_2,2017,21.082
zmb,sex_m,ocu_isco08_2,2018,28.849
zmb,sex_m,ocu_isco08_2,2019,29.259
zmb,sex_m,ocu_isco08_2,2020,30.15
zmb,sex_m,ocu_isco08_2,2021,33.431
zmb,sex_m,ocu_isco08_2,2022,37.095
zmb,sex_m,ocu_isco08_2,2023,38.037
zmb,sex_m,ocu_isco08_3,2017,34.452
zmb,sex_m,ocu_isco08_3,2018,33.073
zmb,sex_m,ocu_isco08_3,2019,26.865
zmb,sex_m,ocu_isco08_3,2020,39.085
zmb,sex_m,ocu_isco08_3,2021,37.604
zmb,sex_m,ocu_isco08_3,2022,56.574
zmb,sex_m,ocu_isco08_3,2023,46.17
zmb,sex_m,ocu_isco08_4,2017,3.902
zmb,sex_m,ocu_isco08_4,2018,8.607
zmb,sex_m,ocu_isco08_4,2019,7.803
zmb,sex_m,ocu_isco08_4,2020,13.918
zmb,sex_m,ocu_isco08_4,2021,14.128
zmb,sex_m,ocu_isco08_4,2022,11.685
zmb,sex_m,ocu_isco08_4,2023,13.774
zmb,sex_m,ocu_isco08_5,2017,268.225
zmb,sex_m,ocu_isco08_5,2018,229.651
zmb,sex_m,ocu_isco08_5,2019,286.11
zmb,sex_m,ocu_isco08_5,2020,278.285
zmb,sex_m,ocu_isco08_5,2021,283.114
zmb,sex_m,ocu_isco08_5,2022,283.593
zmb,sex_m,ocu_isco08_5,2023,285.93
zmb,sex_m,ocu_isco08_6,2017,1389.398
zmb,sex_m,ocu_isco08_6,2018,1269.968
zmb,sex_m,ocu_isco08_6,2019,1346.158
zmb,sex_m,ocu_isco08_6,2020,1456.524
zmb,sex_m,ocu_isco08_6,2021,1465.884
zmb,sex_m,ocu_isco08_6,2022,1445.771
zmb,sex_m,ocu_isco08_6,2023,1726.059
zmb,sex_m,ocu_isco08_7,2017,209.858
zmb,sex_m,ocu_isco08_7,2018,213.694
zmb,sex_m,ocu_isco08_7,2019,230.916
zmb,sex_m,ocu_isco08_7,2020,205.63
zmb,sex_m,ocu_isco08_7,2021,242.033
zmb,sex_m,ocu_isco08_7,2022,231.191
zmb,sex_m,ocu_isco08_7,2023,285.852
zmb,sex_m,ocu_isco08_8,2017,86.418
zmb,sex_m,ocu_isco08_8,2018,93.89
zmb,sex_m,ocu_isco08_8,2019,99.908
zmb,sex_m,ocu_isco08_8,2020,115.45
zmb,sex_m,ocu_isco08_8,2021,108.116
zmb,sex_m,ocu_isco08_8,2022,116.263
zmb,sex_m,ocu_isco08_8,2023,136.647
zmb,sex_m,ocu_isco08_9,2017,221.589
zmb,sex_m,ocu_isco08_9,2018,239.976
zmb,sex_m,ocu_isco08_9,2019,246.872
zmb,sex_m,ocu_isco08_9,2020,222.28
zmb,sex_m,ocu_isco08_9,2021,295.795
zmb,sex_m,ocu_isco08_9,2022,262.885
zmb,sex_m,ocu_isco08_9,2023,327.049
zmb,sex_m,ocu_isco08_total,2017,2246.36
zmb,sex_m,ocu_isco08_total,2018,2174.945
zmb,sex_m,ocu_isco08_total,2019,2330.225
zmb,sex_m,ocu_isco08_total,2020,2414.878
zmb,sex_m,ocu_isco08_total,2021,2556.634
zmb,sex_m,ocu_isco08_total,2022,2550.273
zmb,sex_m,ocu_isco08_total,2023,2913.478
zmb,sex_m,ocu_skill_l1,2017,221.589
zmb,sex_m,ocu_skill_l1,2018,239.976
zmb,sex_m,ocu_skill_l1,2019,246.872
zmb,sex_m,ocu_skill_l1,2020,222.28
zmb,sex_m,ocu_skill_l1,2021,295.795
zmb,sex_m,ocu_skill_l1,2022,262.885
zmb,sex_m,ocu_skill_l1,2023,327.049
zmb,sex_m,ocu_skill_l2,2017,1957.801
zmb,sex_m,ocu_skill_l2,2018,1815.81
zmb,sex_m,ocu_skill_l2,2019,1970.895
zmb,sex_m,ocu_skill_l2,2020,2069.807
zmb,sex_m,ocu_skill_l2,2021,2113.276
zmb,sex_m,ocu_skill_l2,2022,2088.502
zmb,sex_m,ocu_skill_l2,2023,2448.261
zmb,sex_m,ocu_skill_l3_4,2017,66.97
zmb,sex_m,ocu_skill_l3_4,2018,105.785
zmb,sex_m,ocu_skill_l3_4,2019,102.459
zmb,sex_m,ocu_skill_l3_4,2020,112.291
zmb,sex_m,ocu_skill_l3_4,2021,130.283
zmb,sex_m,ocu_skill_l3_4,2022,186.405
zmb,sex_m,ocu_skill_l3_4,2023,136.166
zmb,sex_m,ocu_skill_total,2017,2246.36
zmb,sex_m,ocu_skill_total,2018,2174.945
zmb,sex_m,ocu_skill_total,2019,2330.225
zmb,sex_m,ocu_skill_total,2020,2414.878
zmb,sex_m,ocu_skill_total,2021,2556.634
zmb,sex_m,ocu_skill_total,2022,2550.273
zmb,sex_m,ocu_skill_total,2023,2913.478
zmb,sex_m,ocu_skill_x,2018,13.373
zmb,sex_m,ocu_skill_x,2019,10
zmb,sex_m,ocu_skill_x,2020,10.5
zmb,sex_m,ocu_skill_x,2021,17.28
zmb,sex_m,ocu_skill_x,2022,12.48
zmb,sex_m,ocu_skill_x,2023,2.002
zmb,sex_t,ocu_isco08_0,2018,24.535
zmb,sex_t,ocu_isco08_0,2019,19.65
zmb,sex_t,ocu_isco08_0,2020,21.579
zmb,sex_t,ocu_isco08_0,2021,29.114
zmb,sex_t,ocu_isco08_0,2022,28.687
zmb,sex_t,ocu_isco08_0,2023,3.563
zmb,sex_t,ocu_isco08_1,2017,17.424
zmb,sex_t,ocu_isco08_1,2018,88.004
zmb,sex_t,ocu_isco08_1,2019,85.78
zmb,sex_t,ocu_isco08_1,2020,92.22
zmb,sex_t,ocu_isco08_1,2021,114.714
zmb,sex_t,ocu_isco08_1,2022,200.765
zmb,sex_t,ocu_isco08_1,2023,113.108
zmb,sex_t,ocu_isco08_2,2017,42.539
zmb,sex_t,ocu_isco08_2,2018,50.119
zmb,sex_t,ocu_isco08_2,2019,48.889
zmb,sex_t,ocu_isco08_2,2020,48.833
zmb,sex_t,ocu_isco08_2,2021,60.251
zmb,sex_t,ocu_isco08_2,2022,53.185
zmb,sex_t,ocu_isco08_2,2023,61.451
zmb,sex_t,ocu_isco08_3,2017,53.307
zmb,sex_t,ocu_isco08_3,2018,49.071
zmb,sex_t,ocu_isco08_3,2019,48.505
zmb,sex_t,ocu_isco08_3,2020,59.53
zmb,sex_t,ocu_isco08_3,2021,73.559
zmb,sex_t,ocu_isco08_3,2022,82.608
zmb,sex_t,ocu_isco08_3,2023,94.193
zmb,sex_t,ocu_isco08_4,2017,8.856
zmb,sex_t,ocu_isco08_4,2018,12.87
zmb,sex_t,ocu_isco08_4,2019,13.92
zmb,sex_t,ocu_isco08_4,2020,17.225
zmb,sex_t,ocu_isco08_4,2021,24.149
zmb,sex_t,ocu_isco08_4,2022,21.477
zmb,sex_t,ocu_isco08_4,2023,22.465
zmb,sex_t,ocu_isco08_5,2017,721.353
zmb,sex_t,ocu_isco08_5,2018,604.666
zmb,sex_t,ocu_isco08_5,2019,762.004
zmb,sex_t,ocu_isco08_5,2020,729.555
zmb,sex_t,ocu_isco08_5,2021,763.953
zmb,sex_t,ocu_isco08_5,2022,772.204
zmb,sex_t,ocu_isco08_5,2023,883.485
zmb,sex_t,ocu_isco08_6,2017,2973.41
zmb,sex_t,ocu_isco08_6,2018,2799.173
zmb,sex_t,ocu_isco08_6,2019,2849.94
zmb,sex_t,ocu_isco08_6,2020,3098.049
zmb,sex_t,ocu_isco08_6,2021,3006.272
zmb,sex_t,ocu_isco08_6,2022,2959.282
zmb,sex_t,ocu_isco08_6,2023,3481.253
zmb,sex_t,ocu_isco08_7,2017,254.438
zmb,sex_t,ocu_isco08_7,2018,266.853
zmb,sex_t,ocu_isco08_7,2019,271.78
zmb,sex_t,ocu_isco08_7,2020,244.435
zmb,sex_t,ocu_isco08_7,2021,284.939
zmb,sex_t,ocu_isco08_7,2022,290.01
zmb,sex_t,ocu_isco08_7,2023,345.931
zmb,sex_t,ocu_isco08_8,2017,90.87
zmb,sex_t,ocu_isco08_8,2018,97.419
zmb,sex_t,ocu_isco08_8,2019,107.712
zmb,sex_t,ocu_isco08_8,2020,116.798
zmb,sex_t,ocu_isco08_8,2021,111.466
zmb,sex_t,ocu_isco08_8,2022,121.639
zmb,sex_t,ocu_isco08_8,2023,142.831
zmb,sex_t,ocu_isco08_9,2017,385.619
zmb,sex_t,ocu_isco08_9,2018,409.916
zmb,sex_t,ocu_isco08_9,2019,406.834
zmb,sex_t,ocu_isco08_9,2020,374.2
zmb,sex_t,ocu_isco08_9,2021,455.027
zmb,sex_t,ocu_isco08_9,2022,439.163
zmb,sex_t,ocu_isco08_9,2023,519.278
zmb,sex_t,ocu_isco08_total,2017,4547.816
zmb,sex_t,ocu_isco08_total,2018,4402.626
zmb,sex_t,ocu_isco08_total,2019,4615.017
zmb,sex_t,ocu_isco08_total,2020,4802.425
zmb,sex_t,ocu_isco08_total,2021,4923.445
zmb,sex_t,ocu_isco08_total,2022,4969.021
zmb,sex_t,ocu_isco08_total,2023,5667.558
zmb,sex_t,ocu_skill_l1,2017,385.619
zmb,sex_t,ocu_skill_l1,2018,409.916
zmb,sex_t,ocu_skill_l1,2019,406.834
zmb,sex_t,ocu_skill_l1,2020,374.2
zmb,sex_t,ocu_skill_l1,2021,455.027
zmb,sex_t,ocu_skill_l1,2022,439.163
zmb,sex_t,ocu_skill_l1,2023,519.278
zmb,sex_t,ocu_skill_l2,2017,4048.926
zmb,sex_t,ocu_skill_l2,2018,3780.98
zmb,sex_t,ocu_skill_l2,2019,4005.357
zmb,sex_t,ocu_skill_l2,2020,4206.062
zmb,sex_t,ocu_skill_l2,2021,4190.78
zmb,sex_t,ocu_skill_l2,2022,4164.613
zmb,sex_t,ocu_skill_l2,2023,4875.965
zmb,sex_t,ocu_skill_l3_4,2017,113.271
zmb,sex_t,ocu_skill_l3_4,2018,187.194
zmb,sex_t,ocu_skill_l3_4,2019,183.175
zmb,sex_t,ocu_skill_l3_4,2020,200.583
zmb,sex_t,ocu_skill_l3_4,2021,248.524
zmb,sex_t,ocu_skill_l3_4,2022,336.558
zmb,sex_t,ocu_skill_l3_4,2023,268.752
zmb,sex_t,ocu_skill_total,2017,4547.816
zmb,sex_t,ocu_skill_total,2018,4402.626
zmb,sex_t,ocu_skill_total,2019,4615.017
zmb,sex_t,ocu_skill_total,2020,4802.425
zmb,sex_t,ocu_skill_total,2021,4923.445
zmb,sex_t,ocu_skill_total,2022,4969.021
zmb,sex_t,ocu_skill_total,2023,5667.558
zmb,sex_t,ocu_skill_x,2018,24.535
zmb,sex_t,ocu_skill_x,2019,19.65
zmb,sex_t,ocu_skill_x,2020,21.579
zmb,sex_t,ocu_skill_x,2021,29.114
zmb,sex_t,ocu_skill_x,2022,28.687
zmb,sex_t,ocu_skill_x,2023,3.563
zwe,sex_f,ocu_isco08_1,2011,3.469
zwe,sex_f,ocu_isco08_1,2014,3.926
zwe,sex_f,ocu_isco08_1,2019,10.094
zwe,sex_f,ocu_isco08_1,2021,25.688
zwe,sex_f,ocu_isco08_1,2022,35.495
zwe,sex_f,ocu_isco08_1,2023,26.744
zwe,sex_f,ocu_isco08_2,2011,28.314
zwe,sex_f,ocu_isco08_2,2014,23.92
zwe,sex_f,ocu_isco08_2,2019,31.075
zwe,sex_f,ocu_isco08_2,2021,25.268
zwe,sex_f,ocu_isco08_2,2022,35.436
zwe,sex_f,ocu_isco08_2,2023,32.541
zwe,sex_f,ocu_isco08_3,2011,12.27
zwe,sex_f,ocu_isco08_3,2014,8.897
zwe,sex_f,ocu_isco08_3,2019,10.818
zwe,sex_f,ocu_isco08_3,2021,15.973
zwe,sex_f,ocu_isco08_3,2022,17.16
zwe,sex_f,ocu_isco08_3,2023,13.681
zwe,sex_f,ocu_isco08_4,2011,5.673
zwe,sex_f,ocu_isco08_4,2014,12.978
zwe,sex_f,ocu_isco08_4,2019,11.409
zwe,sex_f,ocu_isco08_4,2021,8.53
zwe,sex_f,ocu_isco08_4,2022,9.187
zwe,sex_f,ocu_isco08_4,2023,8.694
zwe,sex_f,ocu_isco08_5,2011,252.568
zwe,sex_f,ocu_isco08_5,2014,310.175
zwe,sex_f,ocu_isco08_5,2019,262.694
zwe,sex_f,ocu_isco08_5,2021,405.128
zwe,sex_f,ocu_isco08_5,2022,399.694
zwe,sex_f,ocu_isco08_5,2023,409.68
zwe,sex_f,ocu_isco08_6,2011,1866.676
zwe,sex_f,ocu_isco08_6,2014,2148.275
zwe,sex_f,ocu_isco08_6,2019,1500.778
zwe,sex_f,ocu_isco08_6,2021,1492.1
zwe,sex_f,ocu_isco08_6,2022,1515.115
zwe,sex_f,ocu_isco08_6,2023,1592.146
zwe,sex_f,ocu_isco08_7,2011,53.681
zwe,sex_f,ocu_isco08_7,2014,58.371
zwe,sex_f,ocu_isco08_7,2019,60.701
zwe,sex_f,ocu_isco08_7,2021,52.605
zwe,sex_f,ocu_isco08_7,2022,47.62
zwe,sex_f,ocu_isco08_7,2023,57.389
zwe,sex_f,ocu_isco08_8,2011,7.913
zwe,sex_f,ocu_isco08_8,2014,9.581
zwe,sex_f,ocu_isco08_8,2019,30.326
zwe,sex_f,ocu_isco08_8,2021,16.022
zwe,sex_f,ocu_isco08_8,2022,12.878
zwe,sex_f,ocu_isco08_8,2023,11.146
zwe,sex_f,ocu_isco08_9,2011,259.125
zwe,sex_f,ocu_isco08_9,2014,329.943
zwe,sex_f,ocu_isco08_9,2019,331.317
zwe,sex_f,ocu_isco08_9,2021,333.301
zwe,sex_f,ocu_isco08_9,2022,324.274
zwe,sex_f,ocu_isco08_9,2023,305.016
zwe,sex_f,ocu_isco08_total,2011,2493.862
zwe,sex_f,ocu_isco08_total,2014,2906.067
zwe,sex_f,ocu_isco08_total,2019,2249.213
zwe,sex_f,ocu_isco08_total,2021,2378.782
zwe,sex_f,ocu_isco08_total,2022,2402.135
zwe,sex_f,ocu_isco08_total,2023,2462.074
zwe,sex_f,ocu_isco08_x,2011,4.172
zwe,sex_f,ocu_isco08_x,2021,4.166
zwe,sex_f,ocu_isco08_x,2022,5.275
zwe,sex_f,ocu_isco08_x,2023,5.035
zwe,sex_f,ocu_skill_l1,2011,259.125
zwe,sex_f,ocu_skill_l1,2014,329.943
zwe,sex_f,ocu_skill_l1,2019,331.317
zwe,sex_f,ocu_skill_l1,2021,333.301
zwe,sex_f,ocu_skill_l1,2022,324.274
zwe,sex_f,ocu_skill_l1,2023,305.016
zwe,sex_f,ocu_skill_l2,2011,2186.511
zwe,sex_f,ocu_skill_l2,2014,2539.381
zwe,sex_f,ocu_skill_l2,2019,1865.908
zwe,sex_f,ocu_skill_l2,2021,1974.386
zwe,sex_f,ocu_skill_l2,2022,1984.494
zwe,sex_f,ocu_skill_l2,2023,2079.056
zwe,sex_f,ocu_skill_l3_4,2011,44.053
zwe,sex_f,ocu_skill_l3_4,2014,36.743
zwe,sex_f,ocu_skill_l3_4,2019,51.988
zwe,sex_f,ocu_skill_l3_4,2021,66.93
zwe,sex_f,ocu_skill_l3_4,2022,88.092
zwe,sex_f,ocu_skill_l3_4,2023,72.966
zwe,sex_f,ocu_skill_total,2011,2493.862
zwe,sex_f,ocu_skill_total,2014,2906.067
zwe,sex_f,ocu_skill_total,2019,2249.213
zwe,sex_f,ocu_skill_total,2021,2378.782
zwe,sex_f,ocu_skill_total,2022,2402.135
zwe,sex_f,ocu_skill_total,2023,2462.074
zwe,sex_f,ocu_skill_x,2011,4.172
zwe,sex_f,ocu_skill_x,2021,4.166
zwe,sex_f,ocu_skill_x,2022,5.275
zwe,sex_f,ocu_skill_x,2023,5.035
zwe,sex_m,ocu_isco08_1,2011,8.936
zwe,sex_m,ocu_isco08_1,2014,16.192
zwe,sex_m,ocu_isco08_1,2019,17.619
zwe,sex_m,ocu_isco08_1,2021,38.8
zwe,sex_m,ocu_isco08_1,2022,47.533
zwe,sex_m,ocu_isco08_1,2023,31.576
zwe,sex_m,ocu_isco08_2,2011,26.35
zwe,sex_m,ocu_isco08_2,2014,31.238
zwe,sex_m,ocu_isco08_2,2019,26.147
zwe,sex_m,ocu_isco08_2,2021,40.712
zwe,sex_m,ocu_isco08_2,2022,42.424
zwe,sex_m,ocu_isco08_2,2023,35.194
zwe,sex_m,ocu_isco08_3,2011,21.493
zwe,sex_m,ocu_isco08_3,2014,27.706
zwe,sex_m,ocu_isco08_3,2019,19.678
zwe,sex_m,ocu_isco08_3,2021,38.923
zwe,sex_m,ocu_isco08_3,2022,43.995
zwe,sex_m,ocu_isco08_3,2023,34.085
zwe,sex_m,ocu_isco08_4,2011,8.645
zwe,sex_m,ocu_isco08_4,2014,6.405
zwe,sex_m,ocu_isco08_4,2019,5.666
zwe,sex_m,ocu_isco08_4,2021,7.314
zwe,sex_m,ocu_isco08_4,2022,13.504
zwe,sex_m,ocu_isco08_4,2023,10.527
zwe,sex_m,ocu_isco08_5,2011,154.736
zwe,sex_m,ocu_isco08_5,2014,184.095
zwe,sex_m,ocu_isco08_5,2019,141.954
zwe,sex_m,ocu_isco08_5,2021,218.126
zwe,sex_m,ocu_isco08_5,2022,236.08
zwe,sex_m,ocu_isco08_5,2023,238.918
zwe,sex_m,ocu_isco08_6,2011,1458.468
zwe,sex_m,ocu_isco08_6,2014,1674.462
zwe,sex_m,ocu_isco08_6,2019,1081.927
zwe,sex_m,ocu_isco08_6,2021,1121.666
zwe,sex_m,ocu_isco08_6,2022,1106.931
zwe,sex_m,ocu_isco08_6,2023,1164.434
zwe,sex_m,ocu_isco08_7,2011,163.183
zwe,sex_m,ocu_isco08_7,2014,216.426
zwe,sex_m,ocu_isco08_7,2019,175.917
zwe,sex_m,ocu_isco08_7,2021,266.369
zwe,sex_m,ocu_isco08_7,2022,255.632
zwe,sex_m,ocu_isco08_7,2023,278.809
zwe,sex_m,ocu_isco08_8,2011,83.432
zwe,sex_m,ocu_isco08_8,2014,109.253
zwe,sex_m,ocu_isco08_8,2019,205.083
zwe,sex_m,ocu_isco08_8,2021,129.562
zwe,sex_m,ocu_isco08_8,2022,144.936
zwe,sex_m,ocu_isco08_8,2023,147.702
zwe,sex_m,ocu_isco08_9,2011,228.083
zwe,sex_m,ocu_isco08_9,2014,300.607
zwe,sex_m,ocu_isco08_9,2019,433.127
zwe,sex_m,ocu_isco08_9,2021,447.741
zwe,sex_m,ocu_isco08_9,2022,458.968
zwe,sex_m,ocu_isco08_9,2023,451.997
zwe,sex_m,ocu_isco08_total,2011,2156.11
zwe,sex_m,ocu_isco08_total,2014,2566.891
zwe,sex_m,ocu_isco08_total,2019,2107.634
zwe,sex_m,ocu_isco08_total,2021,2316.591
zwe,sex_m,ocu_isco08_total,2022,2365.955
zwe,sex_m,ocu_isco08_total,2023,2404.262
zwe,sex_m,ocu_isco08_x,2011,2.784
zwe,sex_m,ocu_isco08_x,2021,7.16
zwe,sex_m,ocu_isco08_x,2022,15.854
zwe,sex_m,ocu_isco08_x,2023,11.021
zwe,sex_m,ocu_skill_l1,2011,228.083
zwe,sex_m,ocu_skill_l1,2014,300.607
zwe,sex_m,ocu_skill_l1,2019,433.127
zwe,sex_m,ocu_skill_l1,2021,447.741
zwe,sex_m,ocu_skill_l1,2022,458.968
zwe,sex_m,ocu_skill_l1,2023,451.997
zwe,sex_m,ocu_skill_l2,2011,1868.463
zwe,sex_m,ocu_skill_l2,2014,2190.641
zwe,sex_m,ocu_skill_l2,2019,1610.548
zwe,sex_m,ocu_skill_l2,2021,1743.037
zwe,sex_m,ocu_skill_l2,2022,1757.084
zwe,sex_m,ocu_skill_l2,2023,1840.389
zwe,sex_m,ocu_skill_l3_4,2011,56.78
zwe,sex_m,ocu_skill_l3_4,2014,75.135
zwe,sex_m,ocu_skill_l3_4,2019,63.444
zwe,sex_m,ocu_skill_l3_4,2021,118.435
zwe,sex_m,ocu_skill_l3_4,2022,133.951
zwe,sex_m,ocu_skill_l3_4,2023,100.855
zwe,sex_m,ocu_skill_total,2011,2156.11
zwe,sex_m,ocu_skill_total,2014,2566.891
zwe,sex_m,ocu_skill_total,2019,2107.634
zwe,sex_m,ocu_skill_total,2021,2316.591
zwe,sex_m,ocu_skill_total,2022,2365.955
zwe,sex_m,ocu_skill_total,2023,2404.262
zwe,sex_m,ocu_skill_x,2011,2.784
zwe,sex_m,ocu_skill_x,2021,7.377
zwe,sex_m,ocu_skill_x,2022,15.952
zwe,sex_m,ocu_skill_x,2023,11.021
zwe,sex_t,ocu_isco08_1,2011,12.405
zwe,sex_t,ocu_isco08_1,2014,20.118
zwe,sex_t,ocu_isco08_1,2019,27.714
zwe,sex_t,ocu_isco08_1,2021,64.488
zwe,sex_t,ocu_isco08_1,2022,83.028
zwe,sex_t,ocu_isco08_1,2023,58.321
zwe,sex_t,ocu_isco08_2,2011,54.664
zwe,sex_t,ocu_isco08_2,2014,55.158
zwe,sex_t,ocu_isco08_2,2019,57.222
zwe,sex_t,ocu_isco08_2,2021,65.981
zwe,sex_t,ocu_isco08_2,2022,77.86
zwe,sex_t,ocu_isco08_2,2023,67.735
zwe,sex_t,ocu_isco08_3,2011,33.763
zwe,sex_t,ocu_isco08_3,2014,36.602
zwe,sex_t,ocu_isco08_3,2019,30.496
zwe,sex_t,ocu_isco08_3,2021,54.897
zwe,sex_t,ocu_isco08_3,2022,61.155
zwe,sex_t,ocu_isco08_3,2023,47.766
zwe,sex_t,ocu_isco08_4,2011,14.318
zwe,sex_t,ocu_isco08_4,2014,19.383
zwe,sex_t,ocu_isco08_4,2019,17.075
zwe,sex_t,ocu_isco08_4,2021,15.844
zwe,sex_t,ocu_isco08_4,2022,22.691
zwe,sex_t,ocu_isco08_4,2023,19.221
zwe,sex_t,ocu_isco08_5,2011,407.303
zwe,sex_t,ocu_isco08_5,2014,494.27
zwe,sex_t,ocu_isco08_5,2019,404.648
zwe,sex_t,ocu_isco08_5,2021,623.255
zwe,sex_t,ocu_isco08_5,2022,635.774
zwe,sex_t,ocu_isco08_5,2023,648.597
zwe,sex_t,ocu_isco08_6,2011,3325.144
zwe,sex_t,ocu_isco08_6,2014,3822.737
zwe,sex_t,ocu_isco08_6,2019,2582.705
zwe,sex_t,ocu_isco08_6,2021,2613.766
zwe,sex_t,ocu_isco08_6,2022,2622.046
zwe,sex_t,ocu_isco08_6,2023,2756.58
zwe,sex_t,ocu_isco08_7,2011,216.863
zwe,sex_t,ocu_isco08_7,2014,274.797
zwe,sex_t,ocu_isco08_7,2019,236.618
zwe,sex_t,ocu_isco08_7,2021,318.974
zwe,sex_t,ocu_isco08_7,2022,303.252
zwe,sex_t,ocu_isco08_7,2023,336.198
zwe,sex_t,ocu_isco08_8,2011,91.345
zwe,sex_t,ocu_isco08_8,2014,118.835
zwe,sex_t,ocu_isco08_8,2019,235.409
zwe,sex_t,ocu_isco08_8,2021,145.585
zwe,sex_t,ocu_isco08_8,2022,157.814
zwe,sex_t,ocu_isco08_8,2023,158.848
zwe,sex_t,ocu_isco08_9,2011,487.208
zwe,sex_t,ocu_isco08_9,2014,630.55
zwe,sex_t,ocu_isco08_9,2019,764.444
zwe,sex_t,ocu_isco08_9,2021,781.042
zwe,sex_t,ocu_isco08_9,2022,783.242
zwe,sex_t,ocu_isco08_9,2023,757.013
zwe,sex_t,ocu_isco08_total,2011,4649.972
zwe,sex_t,ocu_isco08_total,2014,5472.958
zwe,sex_t,ocu_isco08_total,2019,4356.847
zwe,sex_t,ocu_isco08_total,2021,4695.373
zwe,sex_t,ocu_isco08_total,2022,4768.09
zwe,sex_t,ocu_isco08_total,2023,4866.335
zwe,sex_t,ocu_isco08_x,2011,6.956
zwe,sex_t,ocu_isco08_x,2021,11.326
zwe,sex_t,ocu_isco08_x,2022,21.129
zwe,sex_t,ocu_isco08_x,2023,16.056
zwe,sex_t,ocu_skill_l1,2011,487.208
zwe,sex_t,ocu_skill_l1,2014,630.55
zwe,sex_t,ocu_skill_l1,2019,764.444
zwe,sex_t,ocu_skill_l1,2021,781.042
zwe,sex_t,ocu_skill_l1,2022,783.242
zwe,sex_t,ocu_skill_l1,2023,757.013
zwe,sex_t,ocu_skill_l2,2011,4054.974
zwe,sex_t,ocu_skill_l2,2014,4730.022
zwe,sex_t,ocu_skill_l2,2019,3476.456
zwe,sex_t,ocu_skill_l2,2021,3717.423
zwe,sex_t,ocu_skill_l2,2022,3741.578
zwe,sex_t,ocu_skill_l2,2023,3919.445
zwe,sex_t,ocu_skill_l3_4,2011,100.833
zwe,sex_t,ocu_skill_l3_4,2014,111.879
zwe,sex_t,ocu_skill_l3_4,2019,115.432
zwe,sex_t,ocu_skill_l3_4,2021,185.365
zwe,sex_t,ocu_skill_l3_4,2022,222.043
zwe,sex_t,ocu_skill_l3_4,2023,173.821
zwe,sex_t,ocu_skill_total,2011,4649.972
zwe,sex_t,ocu_skill_total,2014,5472.958
zwe,sex_t,ocu_skill_total,2019,4356.847
zwe,sex_t,ocu_skill_total,2021,4695.373
zwe,sex_t,ocu_skill_total,2022,4768.09
zwe,sex_t,ocu_skill_total,2023,4866.335
zwe,sex_t,ocu_skill_x,2011,6.956
zwe,sex_t,ocu_skill_x,2021,11.543
zwe,sex_t,ocu_skill_x,2022,21.227
zwe,sex_t,ocu_skill_x,2023,16.056
