ref_area,sex,classif1,classif2,time,eip_teip_sex_geo_mts_nb
afg,sex_f,geo_cov_nat,mts_aggregate_1,2014,1490.831
afg,sex_f,geo_cov_nat,mts_aggregate_1,2017,1785.741
afg,sex_f,geo_cov_nat,mts_aggregate_1,2020,640.291
afg,sex_f,geo_cov_nat,mts_aggregate_1,2021,1870.412
afg,sex_f,geo_cov_nat,mts_aggregate_2,2014,3709.685
afg,sex_f,geo_cov_nat,mts_aggregate_2,2017,4183.153
afg,sex_f,geo_cov_nat,mts_aggregate_2,2020,3582.18
afg,sex_f,geo_cov_nat,mts_aggregate_2,2021,4499.8
afg,sex_f,geo_cov_nat,mts_aggregate_total,2014,5393.108
afg,sex_f,geo_cov_nat,mts_aggregate_total,2017,5968.894
afg,sex_f,geo_cov_nat,mts_aggregate_total,2020,6937.991
afg,sex_f,geo_cov_nat,mts_aggregate_total,2021,6370.212
afg,sex_f,geo_cov_nat,mts_aggregate_x,2014,192.592
afg,sex_f,geo_cov_nat,mts_aggregate_x,2020,2715.52
afg,sex_f,geo_cov_nat,mts_details_mrd,2014,3709.685
afg,sex_f,geo_cov_nat,mts_details_mrd,2017,3945.649
afg,sex_f,geo_cov_nat,mts_details_mrd,2020,3536.586
afg,sex_f,geo_cov_nat,mts_details_mrd,2021,4264.398
afg,sex_f,geo_cov_nat,mts_details_sep,2014,11.178
afg,sex_f,geo_cov_nat,mts_details_sep,2017,10.036
afg,sex_f,geo_cov_nat,mts_details_sep,2020,48.766
afg,sex_f,geo_cov_nat,mts_details_sep,2021,61.369
afg,sex_f,geo_cov_nat,mts_details_sgle,2014,1028.174
afg,sex_f,geo_cov_nat,mts_details_sgle,2017,1281.747
afg,sex_f,geo_cov_nat,mts_details_sgle,2020,43.588
afg,sex_f,geo_cov_nat,mts_details_sgle,2021,1382.185
afg,sex_f,geo_cov_nat,mts_details_total,2014,5393.108
afg,sex_f,geo_cov_nat,mts_details_total,2017,5968.894
afg,sex_f,geo_cov_nat,mts_details_total,2020,6937.991
afg,sex_f,geo_cov_nat,mts_details_total,2021,6370.212
afg,sex_f,geo_cov_nat,mts_details_union,2017,237.504
afg,sex_f,geo_cov_nat,mts_details_union,2020,45.594
afg,sex_f,geo_cov_nat,mts_details_union,2021,235.402
afg,sex_f,geo_cov_nat,mts_details_wid,2014,451.479
afg,sex_f,geo_cov_nat,mts_details_wid,2017,493.958
afg,sex_f,geo_cov_nat,mts_details_wid,2020,547.937
afg,sex_f,geo_cov_nat,mts_details_wid,2021,426.858
afg,sex_f,geo_cov_nat,mts_details_x,2014,192.592
afg,sex_f,geo_cov_nat,mts_details_x,2020,2715.52
afg,sex_f,geo_cov_rur,mts_aggregate_1,2014,905.947
afg,sex_f,geo_cov_rur,mts_aggregate_1,2017,1171.856
afg,sex_f,geo_cov_rur,mts_aggregate_1,2020,460.889
afg,sex_f,geo_cov_rur,mts_aggregate_1,2021,1127.394
afg,sex_f,geo_cov_rur,mts_aggregate_2,2014,2723.092
afg,sex_f,geo_cov_rur,mts_aggregate_2,2017,3130.755
afg,sex_f,geo_cov_rur,mts_aggregate_2,2020,2487.256
afg,sex_f,geo_cov_rur,mts_aggregate_2,2021,3151.535
afg,sex_f,geo_cov_rur,mts_aggregate_total,2014,3774.048
afg,sex_f,geo_cov_rur,mts_aggregate_total,2017,4302.611
afg,sex_f,geo_cov_rur,mts_aggregate_total,2020,4712.325
afg,sex_f,geo_cov_rur,mts_aggregate_total,2021,4278.929
afg,sex_f,geo_cov_rur,mts_aggregate_x,2014,145.009
afg,sex_f,geo_cov_rur,mts_aggregate_x,2020,1764.18
afg,sex_f,geo_cov_rur,mts_details_mrd,2014,2723.092
afg,sex_f,geo_cov_rur,mts_details_mrd,2017,2949.012
afg,sex_f,geo_cov_rur,mts_details_mrd,2020,2458.02
afg,sex_f,geo_cov_rur,mts_details_mrd,2021,2965.586
afg,sex_f,geo_cov_rur,mts_details_sep,2014,7.676
afg,sex_f,geo_cov_rur,mts_details_sep,2017,6.522
afg,sex_f,geo_cov_rur,mts_details_sep,2020,33.599
afg,sex_f,geo_cov_rur,mts_details_sep,2021,49.339
afg,sex_f,geo_cov_rur,mts_details_sgle,2014,584.046
afg,sex_f,geo_cov_rur,mts_details_sgle,2017,815.841
afg,sex_f,geo_cov_rur,mts_details_sgle,2020,30.721
afg,sex_f,geo_cov_rur,mts_details_sgle,2021,792.357
afg,sex_f,geo_cov_rur,mts_details_total,2014,3774.048
afg,sex_f,geo_cov_rur,mts_details_total,2017,4302.611
afg,sex_f,geo_cov_rur,mts_details_total,2020,4712.325
afg,sex_f,geo_cov_rur,mts_details_total,2021,4278.929
afg,sex_f,geo_cov_rur,mts_details_union,2017,181.743
afg,sex_f,geo_cov_rur,mts_details_union,2020,29.236
afg,sex_f,geo_cov_rur,mts_details_union,2021,185.949
afg,sex_f,geo_cov_rur,mts_details_wid,2014,314.225
afg,sex_f,geo_cov_rur,mts_details_wid,2017,349.493
afg,sex_f,geo_cov_rur,mts_details_wid,2020,396.569
afg,sex_f,geo_cov_rur,mts_details_wid,2021,285.698
afg,sex_f,geo_cov_rur,mts_details_x,2014,145.009
afg,sex_f,geo_cov_rur,mts_details_x,2020,1764.18
afg,sex_f,geo_cov_urb,mts_aggregate_1,2014,584.884
afg,sex_f,geo_cov_urb,mts_aggregate_1,2017,613.885
afg,sex_f,geo_cov_urb,mts_aggregate_1,2020,150.854
afg,sex_f,geo_cov_urb,mts_aggregate_1,2021,743.018
afg,sex_f,geo_cov_urb,mts_aggregate_2,2014,986.593
afg,sex_f,geo_cov_urb,mts_aggregate_2,2017,1052.398
afg,sex_f,geo_cov_urb,mts_aggregate_2,2020,959.87
afg,sex_f,geo_cov_urb,mts_aggregate_2,2021,1348.265
afg,sex_f,geo_cov_urb,mts_aggregate_total,2014,1619.06
afg,sex_f,geo_cov_urb,mts_aggregate_total,2017,1666.283
afg,sex_f,geo_cov_urb,mts_aggregate_total,2020,1991.426
afg,sex_f,geo_cov_urb,mts_aggregate_total,2021,2091.283
afg,sex_f,geo_cov_urb,mts_aggregate_x,2014,47.583
afg,sex_f,geo_cov_urb,mts_aggregate_x,2020,880.702
afg,sex_f,geo_cov_urb,mts_details_mrd,2014,986.593
afg,sex_f,geo_cov_urb,mts_details_mrd,2017,996.637
afg,sex_f,geo_cov_urb,mts_details_mrd,2020,944.244
afg,sex_f,geo_cov_urb,mts_details_mrd,2021,1298.812
afg,sex_f,geo_cov_urb,mts_details_sep,2014,3.502
afg,sex_f,geo_cov_urb,mts_details_sep,2017,3.514
afg,sex_f,geo_cov_urb,mts_details_sep,2020,13.337
afg,sex_f,geo_cov_urb,mts_details_sep,2021,12.03
afg,sex_f,geo_cov_urb,mts_details_sgle,2014,444.128
afg,sex_f,geo_cov_urb,mts_details_sgle,2017,465.906
afg,sex_f,geo_cov_urb,mts_details_sgle,2020,10.671
afg,sex_f,geo_cov_urb,mts_details_sgle,2021,589.828
afg,sex_f,geo_cov_urb,mts_details_total,2014,1619.06
afg,sex_f,geo_cov_urb,mts_details_total,2017,1666.283
afg,sex_f,geo_cov_urb,mts_details_total,2020,1991.426
afg,sex_f,geo_cov_urb,mts_details_total,2021,2091.283
afg,sex_f,geo_cov_urb,mts_details_union,2017,55.761
afg,sex_f,geo_cov_urb,mts_details_union,2020,15.626
afg,sex_f,geo_cov_urb,mts_details_union,2021,49.453
afg,sex_f,geo_cov_urb,mts_details_wid,2014,137.254
afg,sex_f,geo_cov_urb,mts_details_wid,2017,144.465
afg,sex_f,geo_cov_urb,mts_details_wid,2020,126.846
afg,sex_f,geo_cov_urb,mts_details_wid,2021,141.16
afg,sex_f,geo_cov_urb,mts_details_x,2014,47.583
afg,sex_f,geo_cov_urb,mts_details_x,2020,880.702
afg,sex_f,geo_cov_x,mts_aggregate_1,2020,28.548
afg,sex_f,geo_cov_x,mts_aggregate_2,2020,135.054
afg,sex_f,geo_cov_x,mts_aggregate_total,2020,234.24
afg,sex_f,geo_cov_x,mts_aggregate_x,2020,70.638
afg,sex_f,geo_cov_x,mts_details_mrd,2020,134.322
afg,sex_f,geo_cov_x,mts_details_sep,2020,1.83
afg,sex_f,geo_cov_x,mts_details_sgle,2020,2.196
afg,sex_f,geo_cov_x,mts_details_total,2020,234.24
afg,sex_f,geo_cov_x,mts_details_wid,2020,24.522
afg,sex_f,geo_cov_x,mts_details_x,2020,70.638
afg,sex_m,geo_cov_nat,mts_aggregate_1,2014,927.552
afg,sex_m,geo_cov_nat,mts_aggregate_1,2017,1197.407
afg,sex_m,geo_cov_nat,mts_aggregate_1,2020,957.432
afg,sex_m,geo_cov_nat,mts_aggregate_1,2021,1050.99
afg,sex_m,geo_cov_nat,mts_aggregate_2,2014,707.714
afg,sex_m,geo_cov_nat,mts_aggregate_2,2017,856.269
afg,sex_m,geo_cov_nat,mts_aggregate_2,2020,125.833
afg,sex_m,geo_cov_nat,mts_aggregate_2,2021,796.123
afg,sex_m,geo_cov_nat,mts_aggregate_total,2014,1704.513
afg,sex_m,geo_cov_nat,mts_aggregate_total,2017,2053.676
afg,sex_m,geo_cov_nat,mts_aggregate_total,2020,2735.315
afg,sex_m,geo_cov_nat,mts_aggregate_total,2021,1847.113
afg,sex_m,geo_cov_nat,mts_aggregate_x,2014,69.247
afg,sex_m,geo_cov_nat,mts_aggregate_x,2020,1652.05
afg,sex_m,geo_cov_nat,mts_details_mrd,2014,707.714
afg,sex_m,geo_cov_nat,mts_details_mrd,2017,773.601
afg,sex_m,geo_cov_nat,mts_details_mrd,2021,726.671
afg,sex_m,geo_cov_nat,mts_details_sep,2014,3.328
afg,sex_m,geo_cov_nat,mts_details_sep,2017,1.639
afg,sex_m,geo_cov_nat,mts_details_sep,2020,921.587
afg,sex_m,geo_cov_nat,mts_details_sep,2021,11.3
afg,sex_m,geo_cov_nat,mts_details_sgle,2014,859.769
afg,sex_m,geo_cov_nat,mts_details_sgle,2017,1115.02
afg,sex_m,geo_cov_nat,mts_details_sgle,2020,13.768
afg,sex_m,geo_cov_nat,mts_details_sgle,2021,981.921
afg,sex_m,geo_cov_nat,mts_details_total,2014,1704.513
afg,sex_m,geo_cov_nat,mts_details_total,2017,2053.676
afg,sex_m,geo_cov_nat,mts_details_total,2020,2735.315
afg,sex_m,geo_cov_nat,mts_details_total,2021,1847.113
afg,sex_m,geo_cov_nat,mts_details_union,2017,82.668
afg,sex_m,geo_cov_nat,mts_details_union,2020,125.071
afg,sex_m,geo_cov_nat,mts_details_union,2021,69.452
afg,sex_m,geo_cov_nat,mts_details_wid,2014,64.455
afg,sex_m,geo_cov_nat,mts_details_wid,2017,80.748
afg,sex_m,geo_cov_nat,mts_details_wid,2020,22.077
afg,sex_m,geo_cov_nat,mts_details_wid,2021,57.769
afg,sex_m,geo_cov_nat,mts_details_x,2014,69.247
afg,sex_m,geo_cov_nat,mts_details_x,2020,1652.05
afg,sex_m,geo_cov_rur,mts_aggregate_1,2014,543.376
afg,sex_m,geo_cov_rur,mts_aggregate_1,2017,803.095
afg,sex_m,geo_cov_rur,mts_aggregate_1,2020,682.508
afg,sex_m,geo_cov_rur,mts_aggregate_1,2021,608.624
afg,sex_m,geo_cov_rur,mts_aggregate_2,2014,539.102
afg,sex_m,geo_cov_rur,mts_aggregate_2,2017,684.919
afg,sex_m,geo_cov_rur,mts_aggregate_2,2020,92.674
afg,sex_m,geo_cov_rur,mts_aggregate_2,2021,553.097
afg,sex_m,geo_cov_rur,mts_aggregate_total,2014,1134.165
afg,sex_m,geo_cov_rur,mts_aggregate_total,2017,1488.014
afg,sex_m,geo_cov_rur,mts_aggregate_total,2020,1788.397
afg,sex_m,geo_cov_rur,mts_aggregate_total,2021,1161.721
afg,sex_m,geo_cov_rur,mts_aggregate_x,2014,51.687
afg,sex_m,geo_cov_rur,mts_aggregate_x,2020,1013.215
afg,sex_m,geo_cov_rur,mts_details_mrd,2014,539.102
afg,sex_m,geo_cov_rur,mts_details_mrd,2017,623.233
afg,sex_m,geo_cov_rur,mts_details_mrd,2021,502.404
afg,sex_m,geo_cov_rur,mts_details_sep,2014,2.558
afg,sex_m,geo_cov_rur,mts_details_sep,2020,657.821
afg,sex_m,geo_cov_rur,mts_details_sep,2021,11.133
afg,sex_m,geo_cov_rur,mts_details_sgle,2014,491.207
afg,sex_m,geo_cov_rur,mts_details_sgle,2017,739.067
afg,sex_m,geo_cov_rur,mts_details_sgle,2020,10.059
afg,sex_m,geo_cov_rur,mts_details_sgle,2021,550.351
afg,sex_m,geo_cov_rur,mts_details_total,2014,1134.165
afg,sex_m,geo_cov_rur,mts_details_total,2017,1488.014
afg,sex_m,geo_cov_rur,mts_details_total,2020,1788.397
afg,sex_m,geo_cov_rur,mts_details_total,2021,1161.721
afg,sex_m,geo_cov_rur,mts_details_union,2017,61.686
afg,sex_m,geo_cov_rur,mts_details_union,2020,92.632
afg,sex_m,geo_cov_rur,mts_details_union,2021,50.693
afg,sex_m,geo_cov_rur,mts_details_wid,2014,49.611
afg,sex_m,geo_cov_rur,mts_details_wid,2017,63.477
afg,sex_m,geo_cov_rur,mts_details_wid,2020,14.628
afg,sex_m,geo_cov_rur,mts_details_wid,2021,47.14
afg,sex_m,geo_cov_rur,mts_details_x,2014,51.687
afg,sex_m,geo_cov_rur,mts_details_x,2020,1013.215
afg,sex_m,geo_cov_urb,mts_aggregate_1,2014,384.176
afg,sex_m,geo_cov_urb,mts_aggregate_1,2017,394.312
afg,sex_m,geo_cov_urb,mts_aggregate_1,2020,237.226
afg,sex_m,geo_cov_urb,mts_aggregate_1,2021,442.366
afg,sex_m,geo_cov_urb,mts_aggregate_2,2014,168.612
afg,sex_m,geo_cov_urb,mts_aggregate_2,2017,171.35
afg,sex_m,geo_cov_urb,mts_aggregate_2,2020,28.401
afg,sex_m,geo_cov_urb,mts_aggregate_2,2021,243.026
afg,sex_m,geo_cov_urb,mts_aggregate_total,2014,570.348
afg,sex_m,geo_cov_urb,mts_aggregate_total,2017,565.662
afg,sex_m,geo_cov_urb,mts_aggregate_total,2020,868.228
afg,sex_m,geo_cov_urb,mts_aggregate_total,2021,685.392
afg,sex_m,geo_cov_urb,mts_aggregate_x,2014,17.56
afg,sex_m,geo_cov_urb,mts_aggregate_x,2020,602.601
afg,sex_m,geo_cov_urb,mts_details_mrd,2014,168.612
afg,sex_m,geo_cov_urb,mts_details_mrd,2017,150.368
afg,sex_m,geo_cov_urb,mts_details_mrd,2021,224.267
afg,sex_m,geo_cov_urb,mts_details_sep,2020,227.166
afg,sex_m,geo_cov_urb,mts_details_sgle,2014,368.562
afg,sex_m,geo_cov_urb,mts_details_sgle,2017,375.953
afg,sex_m,geo_cov_urb,mts_details_sgle,2020,3.709
afg,sex_m,geo_cov_urb,mts_details_sgle,2021,431.57
afg,sex_m,geo_cov_urb,mts_details_total,2014,570.348
afg,sex_m,geo_cov_urb,mts_details_total,2017,565.662
afg,sex_m,geo_cov_urb,mts_details_total,2020,868.228
afg,sex_m,geo_cov_urb,mts_details_total,2021,685.392
afg,sex_m,geo_cov_urb,mts_details_union,2017,20.982
afg,sex_m,geo_cov_urb,mts_details_union,2020,27.681
afg,sex_m,geo_cov_urb,mts_details_union,2021,18.759
afg,sex_m,geo_cov_urb,mts_details_wid,2014,14.844
afg,sex_m,geo_cov_urb,mts_details_wid,2017,17.271
afg,sex_m,geo_cov_urb,mts_details_wid,2020,6.351
afg,sex_m,geo_cov_urb,mts_details_wid,2021,10.629
afg,sex_m,geo_cov_urb,mts_details_x,2014,17.56
afg,sex_m,geo_cov_urb,mts_details_x,2020,602.601
afg,sex_m,geo_cov_x,mts_aggregate_1,2020,37.698
afg,sex_m,geo_cov_x,mts_aggregate_2,2020,4.758
afg,sex_m,geo_cov_x,mts_aggregate_total,2020,78.69
afg,sex_m,geo_cov_x,mts_aggregate_x,2020,36.234
afg,sex_m,geo_cov_x,mts_details_sep,2020,36.6
afg,sex_m,geo_cov_x,mts_details_total,2020,78.69
afg,sex_m,geo_cov_x,mts_details_union,2020,4.758
afg,sex_m,geo_cov_x,mts_details_x,2020,36.234
afg,sex_t,geo_cov_nat,mts_aggregate_1,2014,2418.383
afg,sex_t,geo_cov_nat,mts_aggregate_1,2017,2983.148
afg,sex_t,geo_cov_nat,mts_aggregate_1,2020,1597.723
afg,sex_t,geo_cov_nat,mts_aggregate_1,2021,2921.402
afg,sex_t,geo_cov_nat,mts_aggregate_2,2014,4417.399
afg,sex_t,geo_cov_nat,mts_aggregate_2,2017,5039.422
afg,sex_t,geo_cov_nat,mts_aggregate_2,2020,3708.013
afg,sex_t,geo_cov_nat,mts_aggregate_2,2021,5295.923
afg,sex_t,geo_cov_nat,mts_aggregate_total,2014,7097.621
afg,sex_t,geo_cov_nat,mts_aggregate_total,2017,8022.57
afg,sex_t,geo_cov_nat,mts_aggregate_total,2020,9673.306
afg,sex_t,geo_cov_nat,mts_aggregate_total,2021,8217.325
afg,sex_t,geo_cov_nat,mts_aggregate_x,2014,261.839
afg,sex_t,geo_cov_nat,mts_aggregate_x,2020,4367.57
afg,sex_t,geo_cov_nat,mts_details_mrd,2014,4417.399
afg,sex_t,geo_cov_nat,mts_details_mrd,2017,4719.25
afg,sex_t,geo_cov_nat,mts_details_mrd,2020,3537.348
afg,sex_t,geo_cov_nat,mts_details_mrd,2021,4991.069
afg,sex_t,geo_cov_nat,mts_details_sep,2014,14.506
afg,sex_t,geo_cov_nat,mts_details_sep,2017,11.675
afg,sex_t,geo_cov_nat,mts_details_sep,2020,970.353
afg,sex_t,geo_cov_nat,mts_details_sep,2021,72.669
afg,sex_t,geo_cov_nat,mts_details_sgle,2014,1887.943
afg,sex_t,geo_cov_nat,mts_details_sgle,2017,2396.767
afg,sex_t,geo_cov_nat,mts_details_sgle,2020,57.356
afg,sex_t,geo_cov_nat,mts_details_sgle,2021,2364.106
afg,sex_t,geo_cov_nat,mts_details_total,2014,7097.621
afg,sex_t,geo_cov_nat,mts_details_total,2017,8022.57
afg,sex_t,geo_cov_nat,mts_details_total,2020,9673.306
afg,sex_t,geo_cov_nat,mts_details_total,2021,8217.325
afg,sex_t,geo_cov_nat,mts_details_union,2017,320.172
afg,sex_t,geo_cov_nat,mts_details_union,2020,170.665
afg,sex_t,geo_cov_nat,mts_details_union,2021,304.854
afg,sex_t,geo_cov_nat,mts_details_wid,2014,515.934
afg,sex_t,geo_cov_nat,mts_details_wid,2017,574.706
afg,sex_t,geo_cov_nat,mts_details_wid,2020,570.014
afg,sex_t,geo_cov_nat,mts_details_wid,2021,484.627
afg,sex_t,geo_cov_nat,mts_details_x,2014,261.839
afg,sex_t,geo_cov_nat,mts_details_x,2020,4367.57
afg,sex_t,geo_cov_rur,mts_aggregate_1,2014,1449.323
afg,sex_t,geo_cov_rur,mts_aggregate_1,2017,1974.951
afg,sex_t,geo_cov_rur,mts_aggregate_1,2020,1143.397
afg,sex_t,geo_cov_rur,mts_aggregate_1,2021,1736.018
afg,sex_t,geo_cov_rur,mts_aggregate_2,2014,3262.194
afg,sex_t,geo_cov_rur,mts_aggregate_2,2017,3815.674
afg,sex_t,geo_cov_rur,mts_aggregate_2,2020,2579.93
afg,sex_t,geo_cov_rur,mts_aggregate_2,2021,3704.632
afg,sex_t,geo_cov_rur,mts_aggregate_total,2014,4908.213
afg,sex_t,geo_cov_rur,mts_aggregate_total,2017,5790.625
afg,sex_t,geo_cov_rur,mts_aggregate_total,2020,6500.722
afg,sex_t,geo_cov_rur,mts_aggregate_total,2021,5440.65
afg,sex_t,geo_cov_rur,mts_aggregate_x,2014,196.696
afg,sex_t,geo_cov_rur,mts_aggregate_x,2020,2777.395
afg,sex_t,geo_cov_rur,mts_details_mrd,2014,3262.194
afg,sex_t,geo_cov_rur,mts_details_mrd,2017,3572.245
afg,sex_t,geo_cov_rur,mts_details_mrd,2020,2458.062
afg,sex_t,geo_cov_rur,mts_details_mrd,2021,3467.99
afg,sex_t,geo_cov_rur,mts_details_sep,2014,10.234
afg,sex_t,geo_cov_rur,mts_details_sep,2017,7.073
afg,sex_t,geo_cov_rur,mts_details_sep,2020,691.42
afg,sex_t,geo_cov_rur,mts_details_sep,2021,60.472
afg,sex_t,geo_cov_rur,mts_details_sgle,2014,1075.253
afg,sex_t,geo_cov_rur,mts_details_sgle,2017,1554.908
afg,sex_t,geo_cov_rur,mts_details_sgle,2020,40.78
afg,sex_t,geo_cov_rur,mts_details_sgle,2021,1342.708
afg,sex_t,geo_cov_rur,mts_details_total,2014,4908.213
afg,sex_t,geo_cov_rur,mts_details_total,2017,5790.625
afg,sex_t,geo_cov_rur,mts_details_total,2020,6500.722
afg,sex_t,geo_cov_rur,mts_details_total,2021,5440.65
afg,sex_t,geo_cov_rur,mts_details_union,2017,243.429
afg,sex_t,geo_cov_rur,mts_details_union,2020,121.868
afg,sex_t,geo_cov_rur,mts_details_union,2021,236.642
afg,sex_t,geo_cov_rur,mts_details_wid,2014,363.836
afg,sex_t,geo_cov_rur,mts_details_wid,2017,412.97
afg,sex_t,geo_cov_rur,mts_details_wid,2020,411.197
afg,sex_t,geo_cov_rur,mts_details_wid,2021,332.838
afg,sex_t,geo_cov_rur,mts_details_x,2014,196.696
afg,sex_t,geo_cov_rur,mts_details_x,2020,2777.395
afg,sex_t,geo_cov_urb,mts_aggregate_1,2014,969.06
afg,sex_t,geo_cov_urb,mts_aggregate_1,2017,1008.197
afg,sex_t,geo_cov_urb,mts_aggregate_1,2020,388.08
afg,sex_t,geo_cov_urb,mts_aggregate_1,2021,1185.384
afg,sex_t,geo_cov_urb,mts_aggregate_2,2014,1155.205
afg,sex_t,geo_cov_urb,mts_aggregate_2,2017,1223.748
afg,sex_t,geo_cov_urb,mts_aggregate_2,2020,988.271
afg,sex_t,geo_cov_urb,mts_aggregate_2,2021,1591.291
afg,sex_t,geo_cov_urb,mts_aggregate_total,2014,2189.408
afg,sex_t,geo_cov_urb,mts_aggregate_total,2017,2231.945
afg,sex_t,geo_cov_urb,mts_aggregate_total,2020,2859.654
afg,sex_t,geo_cov_urb,mts_aggregate_total,2021,2776.675
afg,sex_t,geo_cov_urb,mts_aggregate_x,2014,65.143
afg,sex_t,geo_cov_urb,mts_aggregate_x,2020,1483.303
afg,sex_t,geo_cov_urb,mts_details_mrd,2014,1155.205
afg,sex_t,geo_cov_urb,mts_details_mrd,2017,1147.005
afg,sex_t,geo_cov_urb,mts_details_mrd,2020,944.964
afg,sex_t,geo_cov_urb,mts_details_mrd,2021,1523.079
afg,sex_t,geo_cov_urb,mts_details_sep,2014,4.272
afg,sex_t,geo_cov_urb,mts_details_sep,2017,4.602
afg,sex_t,geo_cov_urb,mts_details_sep,2020,240.503
afg,sex_t,geo_cov_urb,mts_details_sep,2021,12.197
afg,sex_t,geo_cov_urb,mts_details_sgle,2014,812.69
afg,sex_t,geo_cov_urb,mts_details_sgle,2017,841.859
afg,sex_t,geo_cov_urb,mts_details_sgle,2020,14.38
afg,sex_t,geo_cov_urb,mts_details_sgle,2021,1021.398
afg,sex_t,geo_cov_urb,mts_details_total,2014,2189.408
afg,sex_t,geo_cov_urb,mts_details_total,2017,2231.945
afg,sex_t,geo_cov_urb,mts_details_total,2020,2859.654
afg,sex_t,geo_cov_urb,mts_details_total,2021,2776.675
afg,sex_t,geo_cov_urb,mts_details_union,2017,76.743
afg,sex_t,geo_cov_urb,mts_details_union,2020,43.307
afg,sex_t,geo_cov_urb,mts_details_union,2021,68.212
afg,sex_t,geo_cov_urb,mts_details_wid,2014,152.098
afg,sex_t,geo_cov_urb,mts_details_wid,2017,161.736
afg,sex_t,geo_cov_urb,mts_details_wid,2020,133.197
afg,sex_t,geo_cov_urb,mts_details_wid,2021,151.789
afg,sex_t,geo_cov_urb,mts_details_x,2014,65.143
afg,sex_t,geo_cov_urb,mts_details_x,2020,1483.303
afg,sex_t,geo_cov_x,mts_aggregate_1,2020,66.246
afg,sex_t,geo_cov_x,mts_aggregate_2,2020,139.812
afg,sex_t,geo_cov_x,mts_aggregate_total,2020,312.93
afg,sex_t,geo_cov_x,mts_aggregate_x,2020,106.872
afg,sex_t,geo_cov_x,mts_details_mrd,2020,134.322
afg,sex_t,geo_cov_x,mts_details_sep,2020,38.43
afg,sex_t,geo_cov_x,mts_details_sgle,2020,2.196
afg,sex_t,geo_cov_x,mts_details_total,2020,312.93
afg,sex_t,geo_cov_x,mts_details_union,2020,5.49
afg,sex_t,geo_cov_x,mts_details_wid,2020,25.62
afg,sex_t,geo_cov_x,mts_details_x,2020,106.872
ago,sex_f,geo_cov_nat,mts_aggregate_1,2004,954.115
ago,sex_f,geo_cov_nat,mts_aggregate_1,2009,989.693
ago,sex_f,geo_cov_nat,mts_aggregate_1,2011,915.796
ago,sex_f,geo_cov_nat,mts_aggregate_1,2014,2250.304
ago,sex_f,geo_cov_nat,mts_aggregate_2,2004,731.98
ago,sex_f,geo_cov_nat,mts_aggregate_2,2009,797.793
ago,sex_f,geo_cov_nat,mts_aggregate_2,2011,324.55
ago,sex_f,geo_cov_nat,mts_aggregate_2,2014,2057.154
ago,sex_f,geo_cov_nat,mts_aggregate_total,2004,1687.746
ago,sex_f,geo_cov_nat,mts_aggregate_total,2009,1787.486
ago,sex_f,geo_cov_nat,mts_aggregate_total,2011,1243.801
ago,sex_f,geo_cov_nat,mts_aggregate_total,2014,4444.046
ago,sex_f,geo_cov_nat,mts_aggregate_x,2004,1.651
ago,sex_f,geo_cov_nat,mts_aggregate_x,2011,3.455
ago,sex_f,geo_cov_nat,mts_aggregate_x,2014,136.588
ago,sex_f,geo_cov_nat,mts_details_mrd,2009,136.893
ago,sex_f,geo_cov_nat,mts_details_mrd,2014,587.916
ago,sex_f,geo_cov_nat,mts_details_sep,2009,82.731
ago,sex_f,geo_cov_nat,mts_details_sep,2014,170.14
ago,sex_f,geo_cov_nat,mts_details_sgle,2009,799.653
ago,sex_f,geo_cov_nat,mts_details_sgle,2014,1825.247
ago,sex_f,geo_cov_nat,mts_details_total,2009,1787.486
ago,sex_f,geo_cov_nat,mts_details_total,2014,4444.046
ago,sex_f,geo_cov_nat,mts_details_union,2009,660.9
ago,sex_f,geo_cov_nat,mts_details_union,2014,1469.238
ago,sex_f,geo_cov_nat,mts_details_wid,2009,107.309
ago,sex_f,geo_cov_nat,mts_details_wid,2014,254.917
ago,sex_f,geo_cov_nat,mts_details_x,2014,136.588
ago,sex_f,geo_cov_rur,mts_aggregate_1,2004,219.432
ago,sex_f,geo_cov_rur,mts_aggregate_1,2009,228.754
ago,sex_f,geo_cov_rur,mts_aggregate_1,2011,165.346
ago,sex_f,geo_cov_rur,mts_aggregate_1,2014,631.209
ago,sex_f,geo_cov_rur,mts_aggregate_2,2004,161.7
ago,sex_f,geo_cov_rur,mts_aggregate_2,2009,221.067
ago,sex_f,geo_cov_rur,mts_aggregate_2,2011,44.214
ago,sex_f,geo_cov_rur,mts_aggregate_2,2014,671.594
ago,sex_f,geo_cov_rur,mts_aggregate_total,2004,381.132
ago,sex_f,geo_cov_rur,mts_aggregate_total,2009,449.822
ago,sex_f,geo_cov_rur,mts_aggregate_total,2011,210.121
ago,sex_f,geo_cov_rur,mts_aggregate_total,2014,1349.689
ago,sex_f,geo_cov_rur,mts_aggregate_x,2014,46.886
ago,sex_f,geo_cov_rur,mts_details_mrd,2009,47.439
ago,sex_f,geo_cov_rur,mts_details_mrd,2014,186.653
ago,sex_f,geo_cov_rur,mts_details_sep,2009,18.73
ago,sex_f,geo_cov_rur,mts_details_sep,2014,60.039
ago,sex_f,geo_cov_rur,mts_details_sgle,2009,177.463
ago,sex_f,geo_cov_rur,mts_details_sgle,2014,470.601
ago,sex_f,geo_cov_rur,mts_details_total,2009,449.822
ago,sex_f,geo_cov_rur,mts_details_total,2014,1349.689
ago,sex_f,geo_cov_rur,mts_details_union,2009,173.629
ago,sex_f,geo_cov_rur,mts_details_union,2014,484.942
ago,sex_f,geo_cov_rur,mts_details_wid,2009,32.562
ago,sex_f,geo_cov_rur,mts_details_wid,2014,100.569
ago,sex_f,geo_cov_rur,mts_details_x,2014,46.886
ago,sex_f,geo_cov_urb,mts_aggregate_1,2004,734.683
ago,sex_f,geo_cov_urb,mts_aggregate_1,2009,760.938
ago,sex_f,geo_cov_urb,mts_aggregate_1,2011,750.45
ago,sex_f,geo_cov_urb,mts_aggregate_1,2014,1619.095
ago,sex_f,geo_cov_urb,mts_aggregate_2,2004,570.28
ago,sex_f,geo_cov_urb,mts_aggregate_2,2009,576.726
ago,sex_f,geo_cov_urb,mts_aggregate_2,2011,280.336
ago,sex_f,geo_cov_urb,mts_aggregate_2,2014,1385.56
ago,sex_f,geo_cov_urb,mts_aggregate_total,2004,1306.614
ago,sex_f,geo_cov_urb,mts_aggregate_total,2009,1337.664
ago,sex_f,geo_cov_urb,mts_aggregate_total,2011,1033.68
ago,sex_f,geo_cov_urb,mts_aggregate_total,2014,3094.357
ago,sex_f,geo_cov_urb,mts_aggregate_x,2004,1.651
ago,sex_f,geo_cov_urb,mts_aggregate_x,2014,89.703
ago,sex_f,geo_cov_urb,mts_details_mrd,2009,89.455
ago,sex_f,geo_cov_urb,mts_details_mrd,2014,401.264
ago,sex_f,geo_cov_urb,mts_details_sep,2009,64.001
ago,sex_f,geo_cov_urb,mts_details_sep,2014,110.101
ago,sex_f,geo_cov_urb,mts_details_sgle,2009,622.191
ago,sex_f,geo_cov_urb,mts_details_sgle,2014,1354.646
ago,sex_f,geo_cov_urb,mts_details_total,2009,1337.664
ago,sex_f,geo_cov_urb,mts_details_total,2014,3094.357
ago,sex_f,geo_cov_urb,mts_details_union,2009,487.271
ago,sex_f,geo_cov_urb,mts_details_union,2014,984.296
ago,sex_f,geo_cov_urb,mts_details_wid,2009,74.747
ago,sex_f,geo_cov_urb,mts_details_wid,2014,154.348
ago,sex_f,geo_cov_urb,mts_details_x,2014,89.703
ago,sex_m,geo_cov_nat,mts_aggregate_1,2004,827.766
ago,sex_m,geo_cov_nat,mts_aggregate_1,2009,904.619
ago,sex_m,geo_cov_nat,mts_aggregate_1,2011,803.067
ago,sex_m,geo_cov_nat,mts_aggregate_1,2014,1836.906
ago,sex_m,geo_cov_nat,mts_aggregate_2,2004,206.73
ago,sex_m,geo_cov_nat,mts_aggregate_2,2009,161.924
ago,sex_m,geo_cov_nat,mts_aggregate_2,2011,102.505
ago,sex_m,geo_cov_nat,mts_aggregate_2,2014,1151.888
ago,sex_m,geo_cov_nat,mts_aggregate_total,2004,1036.01
ago,sex_m,geo_cov_nat,mts_aggregate_total,2009,1066.543
ago,sex_m,geo_cov_nat,mts_aggregate_total,2011,906.863
ago,sex_m,geo_cov_nat,mts_aggregate_total,2014,3140.664
ago,sex_m,geo_cov_nat,mts_aggregate_x,2004,1.514
ago,sex_m,geo_cov_nat,mts_aggregate_x,2011,1.291
ago,sex_m,geo_cov_nat,mts_aggregate_x,2014,151.871
ago,sex_m,geo_cov_nat,mts_details_mrd,2009,37.861
ago,sex_m,geo_cov_nat,mts_details_mrd,2014,345.476
ago,sex_m,geo_cov_nat,mts_details_sep,2009,18.051
ago,sex_m,geo_cov_nat,mts_details_sep,2014,34.614
ago,sex_m,geo_cov_nat,mts_details_sgle,2009,863.262
ago,sex_m,geo_cov_nat,mts_details_sgle,2014,1772.511
ago,sex_m,geo_cov_nat,mts_details_total,2009,1066.543
ago,sex_m,geo_cov_nat,mts_details_total,2014,3140.664
ago,sex_m,geo_cov_nat,mts_details_union,2009,124.063
ago,sex_m,geo_cov_nat,mts_details_union,2014,806.412
ago,sex_m,geo_cov_nat,mts_details_wid,2009,23.306
ago,sex_m,geo_cov_nat,mts_details_wid,2014,29.78
ago,sex_m,geo_cov_nat,mts_details_x,2014,151.871
ago,sex_m,geo_cov_rur,mts_aggregate_1,2004,220.284
ago,sex_m,geo_cov_rur,mts_aggregate_1,2009,310.603
ago,sex_m,geo_cov_rur,mts_aggregate_1,2011,196.389
ago,sex_m,geo_cov_rur,mts_aggregate_1,2014,531.731
ago,sex_m,geo_cov_rur,mts_aggregate_2,2004,45.56
ago,sex_m,geo_cov_rur,mts_aggregate_2,2009,58.302
ago,sex_m,geo_cov_rur,mts_aggregate_2,2011,21.983
ago,sex_m,geo_cov_rur,mts_aggregate_2,2014,453.679
ago,sex_m,geo_cov_rur,mts_aggregate_total,2004,265.844
ago,sex_m,geo_cov_rur,mts_aggregate_total,2009,368.905
ago,sex_m,geo_cov_rur,mts_aggregate_total,2011,218.821
ago,sex_m,geo_cov_rur,mts_aggregate_total,2014,1044.752
ago,sex_m,geo_cov_rur,mts_aggregate_x,2014,59.342
ago,sex_m,geo_cov_rur,mts_details_mrd,2009,15.672
ago,sex_m,geo_cov_rur,mts_details_mrd,2014,130.237
ago,sex_m,geo_cov_rur,mts_details_sep,2009,5.31
ago,sex_m,geo_cov_rur,mts_details_sep,2014,13.442
ago,sex_m,geo_cov_rur,mts_details_sgle,2009,297.092
ago,sex_m,geo_cov_rur,mts_details_sgle,2014,505.409
ago,sex_m,geo_cov_rur,mts_details_total,2009,368.905
ago,sex_m,geo_cov_rur,mts_details_total,2014,1044.752
ago,sex_m,geo_cov_rur,mts_details_union,2009,42.63
ago,sex_m,geo_cov_rur,mts_details_union,2014,323.442
ago,sex_m,geo_cov_rur,mts_details_wid,2009,8.201
ago,sex_m,geo_cov_rur,mts_details_wid,2014,12.881
ago,sex_m,geo_cov_rur,mts_details_x,2014,59.342
ago,sex_m,geo_cov_urb,mts_aggregate_1,2004,607.483
ago,sex_m,geo_cov_urb,mts_aggregate_1,2009,594.017
ago,sex_m,geo_cov_urb,mts_aggregate_1,2011,606.679
ago,sex_m,geo_cov_urb,mts_aggregate_1,2014,1305.174
ago,sex_m,geo_cov_urb,mts_aggregate_2,2004,161.17
ago,sex_m,geo_cov_urb,mts_aggregate_2,2009,103.622
ago,sex_m,geo_cov_urb,mts_aggregate_2,2011,80.523
ago,sex_m,geo_cov_urb,mts_aggregate_2,2014,698.209
ago,sex_m,geo_cov_urb,mts_aggregate_total,2004,770.166
ago,sex_m,geo_cov_urb,mts_aggregate_total,2009,697.639
ago,sex_m,geo_cov_urb,mts_aggregate_total,2011,688.043
ago,sex_m,geo_cov_urb,mts_aggregate_total,2014,2095.912
ago,sex_m,geo_cov_urb,mts_aggregate_x,2004,1.514
ago,sex_m,geo_cov_urb,mts_aggregate_x,2014,92.529
ago,sex_m,geo_cov_urb,mts_details_mrd,2009,22.189
ago,sex_m,geo_cov_urb,mts_details_mrd,2014,215.239
ago,sex_m,geo_cov_urb,mts_details_sep,2009,12.741
ago,sex_m,geo_cov_urb,mts_details_sep,2014,21.172
ago,sex_m,geo_cov_urb,mts_details_sgle,2009,566.17
ago,sex_m,geo_cov_urb,mts_details_sgle,2014,1267.102
ago,sex_m,geo_cov_urb,mts_details_total,2009,697.639
ago,sex_m,geo_cov_urb,mts_details_total,2014,2095.912
ago,sex_m,geo_cov_urb,mts_details_union,2009,81.433
ago,sex_m,geo_cov_urb,mts_details_union,2014,482.97
ago,sex_m,geo_cov_urb,mts_details_wid,2009,15.105
ago,sex_m,geo_cov_urb,mts_details_wid,2014,16.9
ago,sex_m,geo_cov_urb,mts_details_x,2014,92.529
ago,sex_t,geo_cov_nat,mts_aggregate_1,2004,1781.881
ago,sex_t,geo_cov_nat,mts_aggregate_1,2009,1894.312
ago,sex_t,geo_cov_nat,mts_aggregate_1,2011,1718.863
ago,sex_t,geo_cov_nat,mts_aggregate_1,2014,4087.21
ago,sex_t,geo_cov_nat,mts_aggregate_2,2004,938.71
ago,sex_t,geo_cov_nat,mts_aggregate_2,2009,959.717
ago,sex_t,geo_cov_nat,mts_aggregate_2,2011,427.055
ago,sex_t,geo_cov_nat,mts_aggregate_2,2014,3209.041
ago,sex_t,geo_cov_nat,mts_aggregate_total,2004,2723.756
ago,sex_t,geo_cov_nat,mts_aggregate_total,2009,2854.029
ago,sex_t,geo_cov_nat,mts_aggregate_total,2011,2150.664
ago,sex_t,geo_cov_nat,mts_aggregate_total,2014,7584.71
ago,sex_t,geo_cov_nat,mts_aggregate_x,2004,3.165
ago,sex_t,geo_cov_nat,mts_aggregate_x,2011,4.746
ago,sex_t,geo_cov_nat,mts_aggregate_x,2014,288.459
ago,sex_t,geo_cov_nat,mts_details_mrd,2009,174.755
ago,sex_t,geo_cov_nat,mts_details_mrd,2014,933.392
ago,sex_t,geo_cov_nat,mts_details_sep,2009,100.782
ago,sex_t,geo_cov_nat,mts_details_sep,2014,204.754
ago,sex_t,geo_cov_nat,mts_details_sgle,2009,1662.915
ago,sex_t,geo_cov_nat,mts_details_sgle,2014,3597.758
ago,sex_t,geo_cov_nat,mts_details_total,2009,2854.029
ago,sex_t,geo_cov_nat,mts_details_total,2014,7584.71
ago,sex_t,geo_cov_nat,mts_details_union,2009,784.962
ago,sex_t,geo_cov_nat,mts_details_union,2014,2275.649
ago,sex_t,geo_cov_nat,mts_details_wid,2009,130.615
ago,sex_t,geo_cov_nat,mts_details_wid,2014,284.697
ago,sex_t,geo_cov_nat,mts_details_x,2014,288.459
ago,sex_t,geo_cov_rur,mts_aggregate_1,2004,439.715
ago,sex_t,geo_cov_rur,mts_aggregate_1,2009,539.357
ago,sex_t,geo_cov_rur,mts_aggregate_1,2011,361.735
ago,sex_t,geo_cov_rur,mts_aggregate_1,2014,1162.941
ago,sex_t,geo_cov_rur,mts_aggregate_2,2004,207.26
ago,sex_t,geo_cov_rur,mts_aggregate_2,2009,279.369
ago,sex_t,geo_cov_rur,mts_aggregate_2,2011,66.197
ago,sex_t,geo_cov_rur,mts_aggregate_2,2014,1125.273
ago,sex_t,geo_cov_rur,mts_aggregate_total,2004,646.975
ago,sex_t,geo_cov_rur,mts_aggregate_total,2009,818.726
ago,sex_t,geo_cov_rur,mts_aggregate_total,2011,428.942
ago,sex_t,geo_cov_rur,mts_aggregate_total,2014,2394.44
ago,sex_t,geo_cov_rur,mts_aggregate_x,2014,106.227
ago,sex_t,geo_cov_rur,mts_details_mrd,2009,63.111
ago,sex_t,geo_cov_rur,mts_details_mrd,2014,316.889
ago,sex_t,geo_cov_rur,mts_details_sep,2009,24.04
ago,sex_t,geo_cov_rur,mts_details_sep,2014,73.481
ago,sex_t,geo_cov_rur,mts_details_sgle,2009,474.555
ago,sex_t,geo_cov_rur,mts_details_sgle,2014,976.01
ago,sex_t,geo_cov_rur,mts_details_total,2009,818.726
ago,sex_t,geo_cov_rur,mts_details_total,2014,2394.44
ago,sex_t,geo_cov_rur,mts_details_union,2009,216.259
ago,sex_t,geo_cov_rur,mts_details_union,2014,808.383
ago,sex_t,geo_cov_rur,mts_details_wid,2009,40.763
ago,sex_t,geo_cov_rur,mts_details_wid,2014,113.449
ago,sex_t,geo_cov_rur,mts_details_x,2014,106.227
ago,sex_t,geo_cov_urb,mts_aggregate_1,2004,1342.166
ago,sex_t,geo_cov_urb,mts_aggregate_1,2009,1354.955
ago,sex_t,geo_cov_urb,mts_aggregate_1,2011,1357.129
ago,sex_t,geo_cov_urb,mts_aggregate_1,2014,2924.269
ago,sex_t,geo_cov_urb,mts_aggregate_2,2004,731.45
ago,sex_t,geo_cov_urb,mts_aggregate_2,2009,680.348
ago,sex_t,geo_cov_urb,mts_aggregate_2,2011,360.859
ago,sex_t,geo_cov_urb,mts_aggregate_2,2014,2083.769
ago,sex_t,geo_cov_urb,mts_aggregate_total,2004,2076.781
ago,sex_t,geo_cov_urb,mts_aggregate_total,2009,2035.303
ago,sex_t,geo_cov_urb,mts_aggregate_total,2011,1721.723
ago,sex_t,geo_cov_urb,mts_aggregate_total,2014,5190.269
ago,sex_t,geo_cov_urb,mts_aggregate_x,2004,3.165
ago,sex_t,geo_cov_urb,mts_aggregate_x,2011,3.736
ago,sex_t,geo_cov_urb,mts_aggregate_x,2014,182.231
ago,sex_t,geo_cov_urb,mts_details_mrd,2009,111.644
ago,sex_t,geo_cov_urb,mts_details_mrd,2014,616.502
ago,sex_t,geo_cov_urb,mts_details_sep,2009,76.742
ago,sex_t,geo_cov_urb,mts_details_sep,2014,131.273
ago,sex_t,geo_cov_urb,mts_details_sgle,2009,1188.361
ago,sex_t,geo_cov_urb,mts_details_sgle,2014,2621.748
ago,sex_t,geo_cov_urb,mts_details_total,2009,2035.303
ago,sex_t,geo_cov_urb,mts_details_total,2014,5190.269
ago,sex_t,geo_cov_urb,mts_details_union,2009,568.704
ago,sex_t,geo_cov_urb,mts_details_union,2014,1467.266
ago,sex_t,geo_cov_urb,mts_details_wid,2009,89.853
ago,sex_t,geo_cov_urb,mts_details_wid,2014,171.248
ago,sex_t,geo_cov_urb,mts_details_x,2014,182.231
alb,sex_f,geo_cov_nat,mts_aggregate_1,2002,269.184
alb,sex_f,geo_cov_nat,mts_aggregate_1,2008,300.598
alb,sex_f,geo_cov_nat,mts_aggregate_1,2012,328.81
alb,sex_f,geo_cov_nat,mts_aggregate_2,2002,378.267
alb,sex_f,geo_cov_nat,mts_aggregate_2,2008,365.796
alb,sex_f,geo_cov_nat,mts_aggregate_2,2012,523.652
alb,sex_f,geo_cov_nat,mts_aggregate_total,2002,647.451
alb,sex_f,geo_cov_nat,mts_aggregate_total,2008,666.394
alb,sex_f,geo_cov_nat,mts_aggregate_total,2012,852.463
alb,sex_f,geo_cov_nat,mts_details_mrd,2002,377.892
alb,sex_f,geo_cov_nat,mts_details_mrd,2008,364.713
alb,sex_f,geo_cov_nat,mts_details_mrd,2012,521.882
alb,sex_f,geo_cov_nat,mts_details_sep,2002,3.768
alb,sex_f,geo_cov_nat,mts_details_sep,2008,5.189
alb,sex_f,geo_cov_nat,mts_details_sep,2012,6.723
alb,sex_f,geo_cov_nat,mts_details_sgle,2002,153.193
alb,sex_f,geo_cov_nat,mts_details_sgle,2008,185.835
alb,sex_f,geo_cov_nat,mts_details_sgle,2012,210.518
alb,sex_f,geo_cov_nat,mts_details_total,2002,647.451
alb,sex_f,geo_cov_nat,mts_details_total,2008,666.394
alb,sex_f,geo_cov_nat,mts_details_total,2012,852.463
alb,sex_f,geo_cov_nat,mts_details_union,2012,1.771
alb,sex_f,geo_cov_nat,mts_details_wid,2002,112.223
alb,sex_f,geo_cov_nat,mts_details_wid,2008,109.575
alb,sex_f,geo_cov_nat,mts_details_wid,2012,111.569
alb,sex_f,geo_cov_rur,mts_aggregate_1,2002,125.839
alb,sex_f,geo_cov_rur,mts_aggregate_1,2008,121.642
alb,sex_f,geo_cov_rur,mts_aggregate_1,2012,140.507
alb,sex_f,geo_cov_rur,mts_aggregate_2,2002,161.658
alb,sex_f,geo_cov_rur,mts_aggregate_2,2008,152.347
alb,sex_f,geo_cov_rur,mts_aggregate_2,2012,243.641
alb,sex_f,geo_cov_rur,mts_aggregate_total,2002,287.497
alb,sex_f,geo_cov_rur,mts_aggregate_total,2008,273.989
alb,sex_f,geo_cov_rur,mts_aggregate_total,2012,384.147
alb,sex_f,geo_cov_rur,mts_details_mrd,2002,161.324
alb,sex_f,geo_cov_rur,mts_details_mrd,2008,151.447
alb,sex_f,geo_cov_rur,mts_details_mrd,2012,242.763
alb,sex_f,geo_cov_rur,mts_details_sep,2002,1.321
alb,sex_f,geo_cov_rur,mts_details_sep,2008,1.144
alb,sex_f,geo_cov_rur,mts_details_sep,2012,2.457
alb,sex_f,geo_cov_rur,mts_details_sgle,2002,66.594
alb,sex_f,geo_cov_rur,mts_details_sgle,2008,72.654
alb,sex_f,geo_cov_rur,mts_details_sgle,2012,90.863
alb,sex_f,geo_cov_rur,mts_details_total,2002,287.497
alb,sex_f,geo_cov_rur,mts_details_total,2008,273.989
alb,sex_f,geo_cov_rur,mts_details_total,2012,384.147
alb,sex_f,geo_cov_rur,mts_details_union,2012,0.878
alb,sex_f,geo_cov_rur,mts_details_wid,2002,57.924
alb,sex_f,geo_cov_rur,mts_details_wid,2008,47.844
alb,sex_f,geo_cov_rur,mts_details_wid,2012,47.187
alb,sex_f,geo_cov_urb,mts_aggregate_1,2002,143.345
alb,sex_f,geo_cov_urb,mts_aggregate_1,2008,178.957
alb,sex_f,geo_cov_urb,mts_aggregate_1,2012,188.304
alb,sex_f,geo_cov_urb,mts_aggregate_2,2002,216.609
alb,sex_f,geo_cov_urb,mts_aggregate_2,2008,213.448
alb,sex_f,geo_cov_urb,mts_aggregate_2,2012,280.012
alb,sex_f,geo_cov_urb,mts_aggregate_total,2002,359.954
alb,sex_f,geo_cov_urb,mts_aggregate_total,2008,392.405
alb,sex_f,geo_cov_urb,mts_aggregate_total,2012,468.316
alb,sex_f,geo_cov_urb,mts_details_mrd,2002,216.568
alb,sex_f,geo_cov_urb,mts_details_mrd,2008,213.266
alb,sex_f,geo_cov_urb,mts_details_mrd,2012,279.119
alb,sex_f,geo_cov_urb,mts_details_sep,2002,2.448
alb,sex_f,geo_cov_urb,mts_details_sep,2008,4.045
alb,sex_f,geo_cov_urb,mts_details_sep,2012,4.266
alb,sex_f,geo_cov_urb,mts_details_sgle,2002,86.599
alb,sex_f,geo_cov_urb,mts_details_sgle,2008,113.181
alb,sex_f,geo_cov_urb,mts_details_sgle,2012,119.655
alb,sex_f,geo_cov_urb,mts_details_total,2002,359.954
alb,sex_f,geo_cov_urb,mts_details_total,2008,392.405
alb,sex_f,geo_cov_urb,mts_details_total,2012,468.316
alb,sex_f,geo_cov_urb,mts_details_union,2012,0.893
alb,sex_f,geo_cov_urb,mts_details_wid,2002,54.299
alb,sex_f,geo_cov_urb,mts_details_wid,2008,61.731
alb,sex_f,geo_cov_urb,mts_details_wid,2012,64.383
alb,sex_m,geo_cov_nat,mts_aggregate_1,2002,262.106
alb,sex_m,geo_cov_nat,mts_aggregate_1,2008,260.393
alb,sex_m,geo_cov_nat,mts_aggregate_1,2012,238.605
alb,sex_m,geo_cov_nat,mts_aggregate_2,2002,234.459
alb,sex_m,geo_cov_nat,mts_aggregate_2,2008,240.741
alb,sex_m,geo_cov_nat,mts_aggregate_2,2012,277.504
alb,sex_m,geo_cov_nat,mts_aggregate_total,2002,496.565
alb,sex_m,geo_cov_nat,mts_aggregate_total,2008,501.134
alb,sex_m,geo_cov_nat,mts_aggregate_total,2012,516.109
alb,sex_m,geo_cov_nat,mts_details_mrd,2002,234.125
alb,sex_m,geo_cov_nat,mts_details_mrd,2008,239.682
alb,sex_m,geo_cov_nat,mts_details_mrd,2012,276.452
alb,sex_m,geo_cov_nat,mts_details_sep,2002,3.209
alb,sex_m,geo_cov_nat,mts_details_sep,2008,1.306
alb,sex_m,geo_cov_nat,mts_details_sep,2012,3.724
alb,sex_m,geo_cov_nat,mts_details_sgle,2002,241.962
alb,sex_m,geo_cov_nat,mts_details_sgle,2008,237.415
alb,sex_m,geo_cov_nat,mts_details_sgle,2012,216.961
alb,sex_m,geo_cov_nat,mts_details_total,2002,496.565
alb,sex_m,geo_cov_nat,mts_details_total,2008,501.134
alb,sex_m,geo_cov_nat,mts_details_total,2012,516.109
alb,sex_m,geo_cov_nat,mts_details_union,2012,1.052
alb,sex_m,geo_cov_nat,mts_details_wid,2002,16.935
alb,sex_m,geo_cov_nat,mts_details_wid,2008,21.673
alb,sex_m,geo_cov_nat,mts_details_wid,2012,17.92
alb,sex_m,geo_cov_rur,mts_aggregate_1,2002,137.234
alb,sex_m,geo_cov_rur,mts_aggregate_1,2008,129.398
alb,sex_m,geo_cov_rur,mts_aggregate_1,2012,104.096
alb,sex_m,geo_cov_rur,mts_aggregate_2,2002,106.415
alb,sex_m,geo_cov_rur,mts_aggregate_2,2008,111.153
alb,sex_m,geo_cov_rur,mts_aggregate_2,2012,113.574
alb,sex_m,geo_cov_rur,mts_aggregate_total,2002,243.649
alb,sex_m,geo_cov_rur,mts_aggregate_total,2008,240.552
alb,sex_m,geo_cov_rur,mts_aggregate_total,2012,217.67
alb,sex_m,geo_cov_rur,mts_details_mrd,2002,106.081
alb,sex_m,geo_cov_rur,mts_details_mrd,2008,110.792
alb,sex_m,geo_cov_rur,mts_details_mrd,2012,112.657
alb,sex_m,geo_cov_rur,mts_details_sep,2002,1.811
alb,sex_m,geo_cov_rur,mts_details_sep,2012,1.256
alb,sex_m,geo_cov_rur,mts_details_sgle,2002,127.098
alb,sex_m,geo_cov_rur,mts_details_sgle,2008,122.024
alb,sex_m,geo_cov_rur,mts_details_sgle,2012,95.161
alb,sex_m,geo_cov_rur,mts_details_total,2002,243.649
alb,sex_m,geo_cov_rur,mts_details_total,2008,240.552
alb,sex_m,geo_cov_rur,mts_details_total,2012,217.67
alb,sex_m,geo_cov_rur,mts_details_union,2012,0.917
alb,sex_m,geo_cov_rur,mts_details_wid,2002,8.325
alb,sex_m,geo_cov_rur,mts_details_wid,2008,7.031
alb,sex_m,geo_cov_rur,mts_details_wid,2012,7.679
alb,sex_m,geo_cov_urb,mts_aggregate_1,2002,124.872
alb,sex_m,geo_cov_urb,mts_aggregate_1,2008,130.995
alb,sex_m,geo_cov_urb,mts_aggregate_1,2012,134.509
alb,sex_m,geo_cov_urb,mts_aggregate_2,2002,128.044
alb,sex_m,geo_cov_urb,mts_aggregate_2,2008,129.588
alb,sex_m,geo_cov_urb,mts_aggregate_2,2012,163.93
alb,sex_m,geo_cov_urb,mts_aggregate_total,2002,252.917
alb,sex_m,geo_cov_urb,mts_aggregate_total,2008,260.583
alb,sex_m,geo_cov_urb,mts_aggregate_total,2012,298.439
alb,sex_m,geo_cov_urb,mts_details_mrd,2002,128.044
alb,sex_m,geo_cov_urb,mts_details_mrd,2008,128.89
alb,sex_m,geo_cov_urb,mts_details_mrd,2012,163.795
alb,sex_m,geo_cov_urb,mts_details_sep,2002,1.398
alb,sex_m,geo_cov_urb,mts_details_sep,2008,0.963
alb,sex_m,geo_cov_urb,mts_details_sep,2012,2.468
alb,sex_m,geo_cov_urb,mts_details_sgle,2002,114.864
alb,sex_m,geo_cov_urb,mts_details_sgle,2008,115.391
alb,sex_m,geo_cov_urb,mts_details_sgle,2012,121.8
alb,sex_m,geo_cov_urb,mts_details_total,2002,252.917
alb,sex_m,geo_cov_urb,mts_details_total,2008,260.583
alb,sex_m,geo_cov_urb,mts_details_total,2012,298.439
alb,sex_m,geo_cov_urb,mts_details_wid,2002,8.61
alb,sex_m,geo_cov_urb,mts_details_wid,2008,14.642
alb,sex_m,geo_cov_urb,mts_details_wid,2012,10.241
alb,sex_t,geo_cov_nat,mts_aggregate_1,2002,531.29
alb,sex_t,geo_cov_nat,mts_aggregate_1,2008,560.991
alb,sex_t,geo_cov_nat,mts_aggregate_1,2012,567.415
alb,sex_t,geo_cov_nat,mts_aggregate_2,2002,612.726
alb,sex_t,geo_cov_nat,mts_aggregate_2,2008,606.537
alb,sex_t,geo_cov_nat,mts_aggregate_2,2012,801.156
alb,sex_t,geo_cov_nat,mts_aggregate_total,2002,1144.017
alb,sex_t,geo_cov_nat,mts_aggregate_total,2008,1167.528
alb,sex_t,geo_cov_nat,mts_aggregate_total,2012,1368.572
alb,sex_t,geo_cov_nat,mts_details_mrd,2002,612.018
alb,sex_t,geo_cov_nat,mts_details_mrd,2008,604.395
alb,sex_t,geo_cov_nat,mts_details_mrd,2012,798.334
alb,sex_t,geo_cov_nat,mts_details_sep,2002,6.977
alb,sex_t,geo_cov_nat,mts_details_sep,2008,6.494
alb,sex_t,geo_cov_nat,mts_details_sep,2012,10.447
alb,sex_t,geo_cov_nat,mts_details_sgle,2002,395.155
alb,sex_t,geo_cov_nat,mts_details_sgle,2008,423.25
alb,sex_t,geo_cov_nat,mts_details_sgle,2012,427.479
alb,sex_t,geo_cov_nat,mts_details_total,2002,1144.017
alb,sex_t,geo_cov_nat,mts_details_total,2008,1167.528
alb,sex_t,geo_cov_nat,mts_details_total,2012,1368.572
alb,sex_t,geo_cov_nat,mts_details_union,2002,0.709
alb,sex_t,geo_cov_nat,mts_details_union,2008,2.142
alb,sex_t,geo_cov_nat,mts_details_union,2012,2.823
alb,sex_t,geo_cov_nat,mts_details_wid,2002,129.158
alb,sex_t,geo_cov_nat,mts_details_wid,2008,131.247
alb,sex_t,geo_cov_nat,mts_details_wid,2012,129.49
alb,sex_t,geo_cov_rur,mts_aggregate_1,2002,263.073
alb,sex_t,geo_cov_rur,mts_aggregate_1,2008,251.04
alb,sex_t,geo_cov_rur,mts_aggregate_1,2012,244.603
alb,sex_t,geo_cov_rur,mts_aggregate_2,2002,268.073
alb,sex_t,geo_cov_rur,mts_aggregate_2,2008,263.501
alb,sex_t,geo_cov_rur,mts_aggregate_2,2012,357.215
alb,sex_t,geo_cov_rur,mts_aggregate_total,2002,531.145
alb,sex_t,geo_cov_rur,mts_aggregate_total,2008,514.541
alb,sex_t,geo_cov_rur,mts_aggregate_total,2012,601.817
alb,sex_t,geo_cov_rur,mts_details_mrd,2002,267.405
alb,sex_t,geo_cov_rur,mts_details_mrd,2008,262.239
alb,sex_t,geo_cov_rur,mts_details_mrd,2012,355.42
alb,sex_t,geo_cov_rur,mts_details_sep,2002,3.132
alb,sex_t,geo_cov_rur,mts_details_sep,2008,1.487
alb,sex_t,geo_cov_rur,mts_details_sep,2012,3.713
alb,sex_t,geo_cov_rur,mts_details_sgle,2002,193.692
alb,sex_t,geo_cov_rur,mts_details_sgle,2008,194.678
alb,sex_t,geo_cov_rur,mts_details_sgle,2012,186.024
alb,sex_t,geo_cov_rur,mts_details_total,2002,531.145
alb,sex_t,geo_cov_rur,mts_details_total,2008,514.541
alb,sex_t,geo_cov_rur,mts_details_total,2012,601.817
alb,sex_t,geo_cov_rur,mts_details_union,2012,1.795
alb,sex_t,geo_cov_rur,mts_details_wid,2002,66.25
alb,sex_t,geo_cov_rur,mts_details_wid,2008,54.875
alb,sex_t,geo_cov_rur,mts_details_wid,2012,54.866
alb,sex_t,geo_cov_urb,mts_aggregate_1,2002,268.218
alb,sex_t,geo_cov_urb,mts_aggregate_1,2008,309.951
alb,sex_t,geo_cov_urb,mts_aggregate_1,2012,322.813
alb,sex_t,geo_cov_urb,mts_aggregate_2,2002,344.654
alb,sex_t,geo_cov_urb,mts_aggregate_2,2008,343.036
alb,sex_t,geo_cov_urb,mts_aggregate_2,2012,443.942
alb,sex_t,geo_cov_urb,mts_aggregate_total,2002,612.871
alb,sex_t,geo_cov_urb,mts_aggregate_total,2008,652.987
alb,sex_t,geo_cov_urb,mts_aggregate_total,2012,766.754
alb,sex_t,geo_cov_urb,mts_details_mrd,2002,344.613
alb,sex_t,geo_cov_urb,mts_details_mrd,2008,342.156
alb,sex_t,geo_cov_urb,mts_details_mrd,2012,442.914
alb,sex_t,geo_cov_urb,mts_details_sep,2002,3.846
alb,sex_t,geo_cov_urb,mts_details_sep,2008,5.008
alb,sex_t,geo_cov_urb,mts_details_sep,2012,6.734
alb,sex_t,geo_cov_urb,mts_details_sgle,2002,201.463
alb,sex_t,geo_cov_urb,mts_details_sgle,2008,228.572
alb,sex_t,geo_cov_urb,mts_details_sgle,2012,241.455
alb,sex_t,geo_cov_urb,mts_details_total,2002,612.871
alb,sex_t,geo_cov_urb,mts_details_total,2008,652.987
alb,sex_t,geo_cov_urb,mts_details_total,2012,766.754
alb,sex_t,geo_cov_urb,mts_details_union,2012,1.028
alb,sex_t,geo_cov_urb,mts_details_wid,2002,62.909
alb,sex_t,geo_cov_urb,mts_details_wid,2008,76.372
alb,sex_t,geo_cov_urb,mts_details_wid,2012,74.624
arm,sex_f,geo_cov_nat,mts_aggregate_1,2008,282.074
arm,sex_f,geo_cov_nat,mts_aggregate_1,2014,226.329
arm,sex_f,geo_cov_nat,mts_aggregate_1,2015,212.154
arm,sex_f,geo_cov_nat,mts_aggregate_1,2016,203.928
arm,sex_f,geo_cov_nat,mts_aggregate_1,2017,197.762
arm,sex_f,geo_cov_nat,mts_aggregate_1,2018,183.828
arm,sex_f,geo_cov_nat,mts_aggregate_1,2019,174.245
arm,sex_f,geo_cov_nat,mts_aggregate_1,2020,252.013
arm,sex_f,geo_cov_nat,mts_aggregate_2,2008,341.704
arm,sex_f,geo_cov_nat,mts_aggregate_2,2014,322.197
arm,sex_f,geo_cov_nat,mts_aggregate_2,2015,322.472
arm,sex_f,geo_cov_nat,mts_aggregate_2,2016,323.007
arm,sex_f,geo_cov_nat,mts_aggregate_2,2017,325.056
arm,sex_f,geo_cov_nat,mts_aggregate_2,2018,247.71
arm,sex_f,geo_cov_nat,mts_aggregate_2,2019,222.935
arm,sex_f,geo_cov_nat,mts_aggregate_2,2020,225.024
arm,sex_f,geo_cov_nat,mts_aggregate_total,2008,642.555
arm,sex_f,geo_cov_nat,mts_aggregate_total,2014,548.526
arm,sex_f,geo_cov_nat,mts_aggregate_total,2015,534.626
arm,sex_f,geo_cov_nat,mts_aggregate_total,2016,526.936
arm,sex_f,geo_cov_nat,mts_aggregate_total,2017,522.818
arm,sex_f,geo_cov_nat,mts_aggregate_total,2018,431.538
arm,sex_f,geo_cov_nat,mts_aggregate_total,2019,397.18
arm,sex_f,geo_cov_nat,mts_aggregate_total,2020,477.037
arm,sex_f,geo_cov_nat,mts_aggregate_x,2008,18.776
arm,sex_f,geo_cov_nat,mts_details_mrd,2008,340.028
arm,sex_f,geo_cov_nat,mts_details_mrd,2014,322.197
arm,sex_f,geo_cov_nat,mts_details_mrd,2015,322.472
arm,sex_f,geo_cov_nat,mts_details_mrd,2016,323.007
arm,sex_f,geo_cov_nat,mts_details_mrd,2017,325.056
arm,sex_f,geo_cov_nat,mts_details_mrd,2018,247.71
arm,sex_f,geo_cov_nat,mts_details_mrd,2019,222.935
arm,sex_f,geo_cov_nat,mts_details_mrd,2020,225.024
arm,sex_f,geo_cov_nat,mts_details_sep,2008,12.665
arm,sex_f,geo_cov_nat,mts_details_sep,2014,15.275
arm,sex_f,geo_cov_nat,mts_details_sep,2015,18.056
arm,sex_f,geo_cov_nat,mts_details_sep,2016,17.84
arm,sex_f,geo_cov_nat,mts_details_sep,2017,18.988
arm,sex_f,geo_cov_nat,mts_details_sep,2018,14.09
arm,sex_f,geo_cov_nat,mts_details_sep,2019,16.895
arm,sex_f,geo_cov_nat,mts_details_sep,2020,15.977
arm,sex_f,geo_cov_nat,mts_details_sgle,2008,168.037
arm,sex_f,geo_cov_nat,mts_details_sgle,2014,133.214
arm,sex_f,geo_cov_nat,mts_details_sgle,2015,123.198
arm,sex_f,geo_cov_nat,mts_details_sgle,2016,116.703
arm,sex_f,geo_cov_nat,mts_details_sgle,2017,105.226
arm,sex_f,geo_cov_nat,mts_details_sgle,2018,111.029
arm,sex_f,geo_cov_nat,mts_details_sgle,2019,100.498
arm,sex_f,geo_cov_nat,mts_details_sgle,2020,115.047
arm,sex_f,geo_cov_nat,mts_details_total,2008,642.555
arm,sex_f,geo_cov_nat,mts_details_total,2014,548.526
arm,sex_f,geo_cov_nat,mts_details_total,2015,534.626
arm,sex_f,geo_cov_nat,mts_details_total,2016,526.936
arm,sex_f,geo_cov_nat,mts_details_total,2017,522.818
arm,sex_f,geo_cov_nat,mts_details_total,2018,431.538
arm,sex_f,geo_cov_nat,mts_details_total,2019,397.18
arm,sex_f,geo_cov_nat,mts_details_total,2020,477.037
arm,sex_f,geo_cov_nat,mts_details_union,2008,1.677
arm,sex_f,geo_cov_nat,mts_details_wid,2008,101.373
arm,sex_f,geo_cov_nat,mts_details_wid,2014,77.841
arm,sex_f,geo_cov_nat,mts_details_wid,2015,70.899
arm,sex_f,geo_cov_nat,mts_details_wid,2016,69.386
arm,sex_f,geo_cov_nat,mts_details_wid,2017,73.548
arm,sex_f,geo_cov_nat,mts_details_wid,2018,58.71
arm,sex_f,geo_cov_nat,mts_details_wid,2019,56.853
arm,sex_f,geo_cov_nat,mts_details_wid,2020,120.989
arm,sex_f,geo_cov_nat,mts_details_x,2008,18.776
arm,sex_f,geo_cov_rur,mts_aggregate_1,2008,74.705
arm,sex_f,geo_cov_rur,mts_aggregate_1,2014,73.981
arm,sex_f,geo_cov_rur,mts_aggregate_1,2015,55.416
arm,sex_f,geo_cov_rur,mts_aggregate_1,2016,62.022
arm,sex_f,geo_cov_rur,mts_aggregate_1,2017,61.565
arm,sex_f,geo_cov_rur,mts_aggregate_1,2018,52.509
arm,sex_f,geo_cov_rur,mts_aggregate_1,2019,43.975
arm,sex_f,geo_cov_rur,mts_aggregate_1,2020,71.457
arm,sex_f,geo_cov_rur,mts_aggregate_2,2008,82.442
arm,sex_f,geo_cov_rur,mts_aggregate_2,2014,84.493
arm,sex_f,geo_cov_rur,mts_aggregate_2,2015,92.937
arm,sex_f,geo_cov_rur,mts_aggregate_2,2016,89.874
arm,sex_f,geo_cov_rur,mts_aggregate_2,2017,97.71
arm,sex_f,geo_cov_rur,mts_aggregate_2,2018,76.994
arm,sex_f,geo_cov_rur,mts_aggregate_2,2019,53.62
arm,sex_f,geo_cov_rur,mts_aggregate_2,2020,60.172
arm,sex_f,geo_cov_rur,mts_aggregate_total,2008,164.71
arm,sex_f,geo_cov_rur,mts_aggregate_total,2014,158.474
arm,sex_f,geo_cov_rur,mts_aggregate_total,2015,148.352
arm,sex_f,geo_cov_rur,mts_aggregate_total,2016,151.896
arm,sex_f,geo_cov_rur,mts_aggregate_total,2017,159.275
arm,sex_f,geo_cov_rur,mts_aggregate_total,2018,129.503
arm,sex_f,geo_cov_rur,mts_aggregate_total,2019,97.595
arm,sex_f,geo_cov_rur,mts_aggregate_total,2020,131.629
arm,sex_f,geo_cov_rur,mts_aggregate_x,2008,7.564
arm,sex_f,geo_cov_rur,mts_details_mrd,2008,82.03
arm,sex_f,geo_cov_rur,mts_details_mrd,2014,84.493
arm,sex_f,geo_cov_rur,mts_details_mrd,2015,92.937
arm,sex_f,geo_cov_rur,mts_details_mrd,2016,89.874
arm,sex_f,geo_cov_rur,mts_details_mrd,2017,97.71
arm,sex_f,geo_cov_rur,mts_details_mrd,2018,76.994
arm,sex_f,geo_cov_rur,mts_details_mrd,2019,53.62
arm,sex_f,geo_cov_rur,mts_details_mrd,2020,60.172
arm,sex_f,geo_cov_rur,mts_details_sep,2008,2.149
arm,sex_f,geo_cov_rur,mts_details_sep,2014,2.078
arm,sex_f,geo_cov_rur,mts_details_sep,2015,1.357
arm,sex_f,geo_cov_rur,mts_details_sep,2016,2.583
arm,sex_f,geo_cov_rur,mts_details_sep,2017,3.076
arm,sex_f,geo_cov_rur,mts_details_sep,2018,1.928
arm,sex_f,geo_cov_rur,mts_details_sep,2019,2.096
arm,sex_f,geo_cov_rur,mts_details_sep,2020,2.073
arm,sex_f,geo_cov_rur,mts_details_sgle,2008,45.455
arm,sex_f,geo_cov_rur,mts_details_sgle,2014,56.457
arm,sex_f,geo_cov_rur,mts_details_sgle,2015,41.49
arm,sex_f,geo_cov_rur,mts_details_sgle,2016,44.729
arm,sex_f,geo_cov_rur,mts_details_sgle,2017,44.024
arm,sex_f,geo_cov_rur,mts_details_sgle,2018,40.757
arm,sex_f,geo_cov_rur,mts_details_sgle,2019,33.979
arm,sex_f,geo_cov_rur,mts_details_sgle,2020,41.257
arm,sex_f,geo_cov_rur,mts_details_total,2008,164.71
arm,sex_f,geo_cov_rur,mts_details_total,2014,158.474
arm,sex_f,geo_cov_rur,mts_details_total,2015,148.352
arm,sex_f,geo_cov_rur,mts_details_total,2016,151.896
arm,sex_f,geo_cov_rur,mts_details_total,2017,159.275
arm,sex_f,geo_cov_rur,mts_details_total,2018,129.503
arm,sex_f,geo_cov_rur,mts_details_total,2019,97.595
arm,sex_f,geo_cov_rur,mts_details_total,2020,131.629
arm,sex_f,geo_cov_rur,mts_details_union,2008,0.412
arm,sex_f,geo_cov_rur,mts_details_wid,2008,27.1
arm,sex_f,geo_cov_rur,mts_details_wid,2014,15.446
arm,sex_f,geo_cov_rur,mts_details_wid,2015,12.569
arm,sex_f,geo_cov_rur,mts_details_wid,2016,14.71
arm,sex_f,geo_cov_rur,mts_details_wid,2017,14.465
arm,sex_f,geo_cov_rur,mts_details_wid,2018,9.825
arm,sex_f,geo_cov_rur,mts_details_wid,2019,7.899
arm,sex_f,geo_cov_rur,mts_details_wid,2020,28.127
arm,sex_f,geo_cov_rur,mts_details_x,2008,7.564
arm,sex_f,geo_cov_urb,mts_aggregate_1,2008,207.37
arm,sex_f,geo_cov_urb,mts_aggregate_1,2014,152.348
arm,sex_f,geo_cov_urb,mts_aggregate_1,2015,156.738
arm,sex_f,geo_cov_urb,mts_aggregate_1,2016,141.907
arm,sex_f,geo_cov_urb,mts_aggregate_1,2017,136.197
arm,sex_f,geo_cov_urb,mts_aggregate_1,2018,131.319
arm,sex_f,geo_cov_urb,mts_aggregate_1,2019,130.27
arm,sex_f,geo_cov_urb,mts_aggregate_1,2020,180.556
arm,sex_f,geo_cov_urb,mts_aggregate_2,2008,259.262
arm,sex_f,geo_cov_urb,mts_aggregate_2,2014,237.705
arm,sex_f,geo_cov_urb,mts_aggregate_2,2015,229.536
arm,sex_f,geo_cov_urb,mts_aggregate_2,2016,233.133
arm,sex_f,geo_cov_urb,mts_aggregate_2,2017,227.346
arm,sex_f,geo_cov_urb,mts_aggregate_2,2018,170.716
arm,sex_f,geo_cov_urb,mts_aggregate_2,2019,169.315
arm,sex_f,geo_cov_urb,mts_aggregate_2,2020,164.852
arm,sex_f,geo_cov_urb,mts_aggregate_total,2008,477.845
arm,sex_f,geo_cov_urb,mts_aggregate_total,2014,390.052
arm,sex_f,geo_cov_urb,mts_aggregate_total,2015,386.274
arm,sex_f,geo_cov_urb,mts_aggregate_total,2016,375.04
arm,sex_f,geo_cov_urb,mts_aggregate_total,2017,363.543
arm,sex_f,geo_cov_urb,mts_aggregate_total,2018,302.035
arm,sex_f,geo_cov_urb,mts_aggregate_total,2019,299.585
arm,sex_f,geo_cov_urb,mts_aggregate_total,2020,345.408
arm,sex_f,geo_cov_urb,mts_aggregate_x,2008,11.212
arm,sex_f,geo_cov_urb,mts_details_mrd,2008,257.998
arm,sex_f,geo_cov_urb,mts_details_mrd,2014,237.705
arm,sex_f,geo_cov_urb,mts_details_mrd,2015,229.536
arm,sex_f,geo_cov_urb,mts_details_mrd,2016,233.133
arm,sex_f,geo_cov_urb,mts_details_mrd,2017,227.346
arm,sex_f,geo_cov_urb,mts_details_mrd,2018,170.716
arm,sex_f,geo_cov_urb,mts_details_mrd,2019,169.315
arm,sex_f,geo_cov_urb,mts_details_mrd,2020,164.852
arm,sex_f,geo_cov_urb,mts_details_sep,2008,10.515
arm,sex_f,geo_cov_urb,mts_details_sep,2014,13.197
arm,sex_f,geo_cov_urb,mts_details_sep,2015,16.699
arm,sex_f,geo_cov_urb,mts_details_sep,2016,15.257
arm,sex_f,geo_cov_urb,mts_details_sep,2017,15.912
arm,sex_f,geo_cov_urb,mts_details_sep,2018,12.162
arm,sex_f,geo_cov_urb,mts_details_sep,2019,14.798
arm,sex_f,geo_cov_urb,mts_details_sep,2020,13.904
arm,sex_f,geo_cov_urb,mts_details_sgle,2008,122.582
arm,sex_f,geo_cov_urb,mts_details_sgle,2014,76.756
arm,sex_f,geo_cov_urb,mts_details_sgle,2015,81.708
arm,sex_f,geo_cov_urb,mts_details_sgle,2016,71.974
arm,sex_f,geo_cov_urb,mts_details_sgle,2017,61.202
arm,sex_f,geo_cov_urb,mts_details_sgle,2018,70.272
arm,sex_f,geo_cov_urb,mts_details_sgle,2019,66.519
arm,sex_f,geo_cov_urb,mts_details_sgle,2020,73.79
arm,sex_f,geo_cov_urb,mts_details_total,2008,477.845
arm,sex_f,geo_cov_urb,mts_details_total,2014,390.052
arm,sex_f,geo_cov_urb,mts_details_total,2015,386.274
arm,sex_f,geo_cov_urb,mts_details_total,2016,375.04
arm,sex_f,geo_cov_urb,mts_details_total,2017,363.543
arm,sex_f,geo_cov_urb,mts_details_total,2018,302.035
arm,sex_f,geo_cov_urb,mts_details_total,2019,299.585
arm,sex_f,geo_cov_urb,mts_details_total,2020,345.408
arm,sex_f,geo_cov_urb,mts_details_union,2008,1.264
arm,sex_f,geo_cov_urb,mts_details_wid,2008,74.273
arm,sex_f,geo_cov_urb,mts_details_wid,2014,62.394
arm,sex_f,geo_cov_urb,mts_details_wid,2015,58.331
arm,sex_f,geo_cov_urb,mts_details_wid,2016,54.676
arm,sex_f,geo_cov_urb,mts_details_wid,2017,59.083
arm,sex_f,geo_cov_urb,mts_details_wid,2018,48.885
arm,sex_f,geo_cov_urb,mts_details_wid,2019,48.953
arm,sex_f,geo_cov_urb,mts_details_wid,2020,92.862
arm,sex_f,geo_cov_urb,mts_details_x,2008,11.212
arm,sex_m,geo_cov_nat,mts_aggregate_1,2008,203.983
arm,sex_m,geo_cov_nat,mts_aggregate_1,2014,147.859
arm,sex_m,geo_cov_nat,mts_aggregate_1,2015,141.792
arm,sex_m,geo_cov_nat,mts_aggregate_1,2016,148.329
arm,sex_m,geo_cov_nat,mts_aggregate_1,2017,145.475
arm,sex_m,geo_cov_nat,mts_aggregate_1,2018,132.809
arm,sex_m,geo_cov_nat,mts_aggregate_1,2019,129.167
arm,sex_m,geo_cov_nat,mts_aggregate_1,2020,154.829
arm,sex_m,geo_cov_nat,mts_aggregate_2,2008,168.781
arm,sex_m,geo_cov_nat,mts_aggregate_2,2014,109.807
arm,sex_m,geo_cov_nat,mts_aggregate_2,2015,117.944
arm,sex_m,geo_cov_nat,mts_aggregate_2,2016,114.84
arm,sex_m,geo_cov_nat,mts_aggregate_2,2017,123.675
arm,sex_m,geo_cov_nat,mts_aggregate_2,2018,117.833
arm,sex_m,geo_cov_nat,mts_aggregate_2,2019,115.051
arm,sex_m,geo_cov_nat,mts_aggregate_2,2020,151.245
arm,sex_m,geo_cov_nat,mts_aggregate_total,2008,389.888
arm,sex_m,geo_cov_nat,mts_aggregate_total,2014,257.666
arm,sex_m,geo_cov_nat,mts_aggregate_total,2015,259.736
arm,sex_m,geo_cov_nat,mts_aggregate_total,2016,263.169
arm,sex_m,geo_cov_nat,mts_aggregate_total,2017,269.15
arm,sex_m,geo_cov_nat,mts_aggregate_total,2018,250.643
arm,sex_m,geo_cov_nat,mts_aggregate_total,2019,244.218
arm,sex_m,geo_cov_nat,mts_aggregate_total,2020,306.075
arm,sex_m,geo_cov_nat,mts_aggregate_x,2008,17.124
arm,sex_m,geo_cov_nat,mts_details_mrd,2008,168.504
arm,sex_m,geo_cov_nat,mts_details_mrd,2014,109.807
arm,sex_m,geo_cov_nat,mts_details_mrd,2015,117.944
arm,sex_m,geo_cov_nat,mts_details_mrd,2016,114.84
arm,sex_m,geo_cov_nat,mts_details_mrd,2017,123.675
arm,sex_m,geo_cov_nat,mts_details_mrd,2018,117.833
arm,sex_m,geo_cov_nat,mts_details_mrd,2019,115.051
arm,sex_m,geo_cov_nat,mts_details_mrd,2020,151.245
arm,sex_m,geo_cov_nat,mts_details_sep,2008,4.348
arm,sex_m,geo_cov_nat,mts_details_sep,2014,3.265
arm,sex_m,geo_cov_nat,mts_details_sep,2015,3.473
arm,sex_m,geo_cov_nat,mts_details_sep,2016,4.611
arm,sex_m,geo_cov_nat,mts_details_sep,2017,6.362
arm,sex_m,geo_cov_nat,mts_details_sep,2018,4.716
arm,sex_m,geo_cov_nat,mts_details_sep,2019,3.932
arm,sex_m,geo_cov_nat,mts_details_sep,2020,5.311
arm,sex_m,geo_cov_nat,mts_details_sgle,2008,181.934
arm,sex_m,geo_cov_nat,mts_details_sgle,2014,134.86
arm,sex_m,geo_cov_nat,mts_details_sgle,2015,130.599
arm,sex_m,geo_cov_nat,mts_details_sgle,2016,136.136
arm,sex_m,geo_cov_nat,mts_details_sgle,2017,133.045
arm,sex_m,geo_cov_nat,mts_details_sgle,2018,120.778
arm,sex_m,geo_cov_nat,mts_details_sgle,2019,119.72
arm,sex_m,geo_cov_nat,mts_details_sgle,2020,128.642
arm,sex_m,geo_cov_nat,mts_details_total,2008,389.888
arm,sex_m,geo_cov_nat,mts_details_total,2014,257.666
arm,sex_m,geo_cov_nat,mts_details_total,2015,259.736
arm,sex_m,geo_cov_nat,mts_details_total,2016,263.169
arm,sex_m,geo_cov_nat,mts_details_total,2017,269.15
arm,sex_m,geo_cov_nat,mts_details_total,2018,250.643
arm,sex_m,geo_cov_nat,mts_details_total,2019,244.218
arm,sex_m,geo_cov_nat,mts_details_total,2020,306.075
arm,sex_m,geo_cov_nat,mts_details_union,2008,0.277
arm,sex_m,geo_cov_nat,mts_details_wid,2008,17.701
arm,sex_m,geo_cov_nat,mts_details_wid,2014,9.734
arm,sex_m,geo_cov_nat,mts_details_wid,2015,7.72
arm,sex_m,geo_cov_nat,mts_details_wid,2016,7.583
arm,sex_m,geo_cov_nat,mts_details_wid,2017,6.068
arm,sex_m,geo_cov_nat,mts_details_wid,2018,7.316
arm,sex_m,geo_cov_nat,mts_details_wid,2019,5.516
arm,sex_m,geo_cov_nat,mts_details_wid,2020,20.876
arm,sex_m,geo_cov_nat,mts_details_x,2008,17.124
arm,sex_m,geo_cov_rur,mts_aggregate_1,2008,75.962
arm,sex_m,geo_cov_rur,mts_aggregate_1,2014,58.242
arm,sex_m,geo_cov_rur,mts_aggregate_1,2015,61.7
arm,sex_m,geo_cov_rur,mts_aggregate_1,2016,59.295
arm,sex_m,geo_cov_rur,mts_aggregate_1,2017,61.869
arm,sex_m,geo_cov_rur,mts_aggregate_1,2018,56.987
arm,sex_m,geo_cov_rur,mts_aggregate_1,2019,49.47
arm,sex_m,geo_cov_rur,mts_aggregate_1,2020,57.639
arm,sex_m,geo_cov_rur,mts_aggregate_2,2008,60.165
arm,sex_m,geo_cov_rur,mts_aggregate_2,2014,27.008
arm,sex_m,geo_cov_rur,mts_aggregate_2,2015,33.852
arm,sex_m,geo_cov_rur,mts_aggregate_2,2016,30.036
arm,sex_m,geo_cov_rur,mts_aggregate_2,2017,31.731
arm,sex_m,geo_cov_rur,mts_aggregate_2,2018,40.193
arm,sex_m,geo_cov_rur,mts_aggregate_2,2019,34.301
arm,sex_m,geo_cov_rur,mts_aggregate_2,2020,48.606
arm,sex_m,geo_cov_rur,mts_aggregate_total,2008,142.108
arm,sex_m,geo_cov_rur,mts_aggregate_total,2014,85.251
arm,sex_m,geo_cov_rur,mts_aggregate_total,2015,95.552
arm,sex_m,geo_cov_rur,mts_aggregate_total,2016,89.331
arm,sex_m,geo_cov_rur,mts_aggregate_total,2017,93.6
arm,sex_m,geo_cov_rur,mts_aggregate_total,2018,97.18
arm,sex_m,geo_cov_rur,mts_aggregate_total,2019,83.771
arm,sex_m,geo_cov_rur,mts_aggregate_total,2020,106.244
arm,sex_m,geo_cov_rur,mts_aggregate_x,2008,5.981
arm,sex_m,geo_cov_rur,mts_details_mrd,2008,60.165
arm,sex_m,geo_cov_rur,mts_details_mrd,2014,27.008
arm,sex_m,geo_cov_rur,mts_details_mrd,2015,33.852
arm,sex_m,geo_cov_rur,mts_details_mrd,2016,30.036
arm,sex_m,geo_cov_rur,mts_details_mrd,2017,31.731
arm,sex_m,geo_cov_rur,mts_details_mrd,2018,40.193
arm,sex_m,geo_cov_rur,mts_details_mrd,2019,34.301
arm,sex_m,geo_cov_rur,mts_details_mrd,2020,48.606
arm,sex_m,geo_cov_rur,mts_details_sep,2008,1.231
arm,sex_m,geo_cov_rur,mts_details_sep,2014,0.993
arm,sex_m,geo_cov_rur,mts_details_sep,2015,0.723
arm,sex_m,geo_cov_rur,mts_details_sep,2016,1.753
arm,sex_m,geo_cov_rur,mts_details_sep,2017,1.256
arm,sex_m,geo_cov_rur,mts_details_sep,2018,0.977
arm,sex_m,geo_cov_rur,mts_details_sep,2019,0.642
arm,sex_m,geo_cov_rur,mts_details_sep,2020,1.228
arm,sex_m,geo_cov_rur,mts_details_sgle,2008,69.7
arm,sex_m,geo_cov_rur,mts_details_sgle,2014,54.803
arm,sex_m,geo_cov_rur,mts_details_sgle,2015,59.076
arm,sex_m,geo_cov_rur,mts_details_sgle,2016,55.275
arm,sex_m,geo_cov_rur,mts_details_sgle,2017,58.956
arm,sex_m,geo_cov_rur,mts_details_sgle,2018,54.464
arm,sex_m,geo_cov_rur,mts_details_sgle,2019,46.645
arm,sex_m,geo_cov_rur,mts_details_sgle,2020,49.128
arm,sex_m,geo_cov_rur,mts_details_total,2008,142.108
arm,sex_m,geo_cov_rur,mts_details_total,2014,85.251
arm,sex_m,geo_cov_rur,mts_details_total,2015,95.552
arm,sex_m,geo_cov_rur,mts_details_total,2016,89.331
arm,sex_m,geo_cov_rur,mts_details_total,2017,93.6
arm,sex_m,geo_cov_rur,mts_details_total,2018,97.18
arm,sex_m,geo_cov_rur,mts_details_total,2019,83.771
arm,sex_m,geo_cov_rur,mts_details_total,2020,106.244
arm,sex_m,geo_cov_rur,mts_details_wid,2008,5.031
arm,sex_m,geo_cov_rur,mts_details_wid,2014,2.446
arm,sex_m,geo_cov_rur,mts_details_wid,2015,1.901
arm,sex_m,geo_cov_rur,mts_details_wid,2016,2.266
arm,sex_m,geo_cov_rur,mts_details_wid,2017,1.657
arm,sex_m,geo_cov_rur,mts_details_wid,2018,1.546
arm,sex_m,geo_cov_rur,mts_details_wid,2019,2.184
arm,sex_m,geo_cov_rur,mts_details_wid,2020,7.283
arm,sex_m,geo_cov_rur,mts_details_x,2008,5.981
arm,sex_m,geo_cov_urb,mts_aggregate_1,2008,128.021
arm,sex_m,geo_cov_urb,mts_aggregate_1,2014,89.617
arm,sex_m,geo_cov_urb,mts_aggregate_1,2015,80.092
arm,sex_m,geo_cov_urb,mts_aggregate_1,2016,89.034
arm,sex_m,geo_cov_urb,mts_aggregate_1,2017,83.606
arm,sex_m,geo_cov_urb,mts_aggregate_1,2018,75.823
arm,sex_m,geo_cov_urb,mts_aggregate_1,2019,79.698
arm,sex_m,geo_cov_urb,mts_aggregate_1,2020,97.19
arm,sex_m,geo_cov_urb,mts_aggregate_2,2008,108.615
arm,sex_m,geo_cov_urb,mts_aggregate_2,2014,82.798
arm,sex_m,geo_cov_urb,mts_aggregate_2,2015,84.093
arm,sex_m,geo_cov_urb,mts_aggregate_2,2016,84.804
arm,sex_m,geo_cov_urb,mts_aggregate_2,2017,91.944
arm,sex_m,geo_cov_urb,mts_aggregate_2,2018,77.64
arm,sex_m,geo_cov_urb,mts_aggregate_2,2019,80.75
arm,sex_m,geo_cov_urb,mts_aggregate_2,2020,102.64
arm,sex_m,geo_cov_urb,mts_aggregate_total,2008,247.78
arm,sex_m,geo_cov_urb,mts_aggregate_total,2014,172.415
arm,sex_m,geo_cov_urb,mts_aggregate_total,2015,164.184
arm,sex_m,geo_cov_urb,mts_aggregate_total,2016,173.838
arm,sex_m,geo_cov_urb,mts_aggregate_total,2017,175.55
arm,sex_m,geo_cov_urb,mts_aggregate_total,2018,153.463
arm,sex_m,geo_cov_urb,mts_aggregate_total,2019,160.448
arm,sex_m,geo_cov_urb,mts_aggregate_total,2020,199.83
arm,sex_m,geo_cov_urb,mts_aggregate_x,2008,11.144
arm,sex_m,geo_cov_urb,mts_details_mrd,2008,108.338
arm,sex_m,geo_cov_urb,mts_details_mrd,2014,82.798
arm,sex_m,geo_cov_urb,mts_details_mrd,2015,84.093
arm,sex_m,geo_cov_urb,mts_details_mrd,2016,84.804
arm,sex_m,geo_cov_urb,mts_details_mrd,2017,91.944
arm,sex_m,geo_cov_urb,mts_details_mrd,2018,77.64
arm,sex_m,geo_cov_urb,mts_details_mrd,2019,80.75
arm,sex_m,geo_cov_urb,mts_details_mrd,2020,102.64
arm,sex_m,geo_cov_urb,mts_details_sep,2008,3.117
arm,sex_m,geo_cov_urb,mts_details_sep,2014,2.272
arm,sex_m,geo_cov_urb,mts_details_sep,2015,2.75
arm,sex_m,geo_cov_urb,mts_details_sep,2016,2.857
arm,sex_m,geo_cov_urb,mts_details_sep,2017,5.106
arm,sex_m,geo_cov_urb,mts_details_sep,2018,3.739
arm,sex_m,geo_cov_urb,mts_details_sep,2019,3.29
arm,sex_m,geo_cov_urb,mts_details_sep,2020,4.083
arm,sex_m,geo_cov_urb,mts_details_sgle,2008,112.234
arm,sex_m,geo_cov_urb,mts_details_sgle,2014,80.057
arm,sex_m,geo_cov_urb,mts_details_sgle,2015,71.523
arm,sex_m,geo_cov_urb,mts_details_sgle,2016,80.86
arm,sex_m,geo_cov_urb,mts_details_sgle,2017,74.089
arm,sex_m,geo_cov_urb,mts_details_sgle,2018,66.314
arm,sex_m,geo_cov_urb,mts_details_sgle,2019,73.075
arm,sex_m,geo_cov_urb,mts_details_sgle,2020,79.514
arm,sex_m,geo_cov_urb,mts_details_total,2008,247.78
arm,sex_m,geo_cov_urb,mts_details_total,2014,172.415
arm,sex_m,geo_cov_urb,mts_details_total,2015,164.184
arm,sex_m,geo_cov_urb,mts_details_total,2016,173.838
arm,sex_m,geo_cov_urb,mts_details_total,2017,175.55
arm,sex_m,geo_cov_urb,mts_details_total,2018,153.463
arm,sex_m,geo_cov_urb,mts_details_total,2019,160.448
arm,sex_m,geo_cov_urb,mts_details_total,2020,199.83
arm,sex_m,geo_cov_urb,mts_details_union,2008,0.277
arm,sex_m,geo_cov_urb,mts_details_wid,2008,12.67
arm,sex_m,geo_cov_urb,mts_details_wid,2014,7.288
arm,sex_m,geo_cov_urb,mts_details_wid,2015,5.819
arm,sex_m,geo_cov_urb,mts_details_wid,2016,5.317
arm,sex_m,geo_cov_urb,mts_details_wid,2017,4.411
arm,sex_m,geo_cov_urb,mts_details_wid,2018,5.77
arm,sex_m,geo_cov_urb,mts_details_wid,2019,3.332
arm,sex_m,geo_cov_urb,mts_details_wid,2020,13.593
arm,sex_m,geo_cov_urb,mts_details_x,2008,11.144
arm,sex_t,geo_cov_nat,mts_aggregate_1,2008,486.057
arm,sex_t,geo_cov_nat,mts_aggregate_1,2014,374.188
arm,sex_t,geo_cov_nat,mts_aggregate_1,2015,353.946
arm,sex_t,geo_cov_nat,mts_aggregate_1,2016,352.257
arm,sex_t,geo_cov_nat,mts_aggregate_1,2017,343.237
arm,sex_t,geo_cov_nat,mts_aggregate_1,2018,316.637
arm,sex_t,geo_cov_nat,mts_aggregate_1,2019,303.412
arm,sex_t,geo_cov_nat,mts_aggregate_1,2020,406.842
arm,sex_t,geo_cov_nat,mts_aggregate_2,2008,510.485
arm,sex_t,geo_cov_nat,mts_aggregate_2,2014,432.004
arm,sex_t,geo_cov_nat,mts_aggregate_2,2015,440.417
arm,sex_t,geo_cov_nat,mts_aggregate_2,2016,437.847
arm,sex_t,geo_cov_nat,mts_aggregate_2,2017,448.731
arm,sex_t,geo_cov_nat,mts_aggregate_2,2018,365.543
arm,sex_t,geo_cov_nat,mts_aggregate_2,2019,337.986
arm,sex_t,geo_cov_nat,mts_aggregate_2,2020,376.269
arm,sex_t,geo_cov_nat,mts_aggregate_total,2008,1032.442
arm,sex_t,geo_cov_nat,mts_aggregate_total,2014,806.192
arm,sex_t,geo_cov_nat,mts_aggregate_total,2015,794.362
arm,sex_t,geo_cov_nat,mts_aggregate_total,2016,790.105
arm,sex_t,geo_cov_nat,mts_aggregate_total,2017,791.968
arm,sex_t,geo_cov_nat,mts_aggregate_total,2018,682.18
arm,sex_t,geo_cov_nat,mts_aggregate_total,2019,641.398
arm,sex_t,geo_cov_nat,mts_aggregate_total,2020,783.111
arm,sex_t,geo_cov_nat,mts_aggregate_x,2008,35.9
arm,sex_t,geo_cov_nat,mts_details_mrd,2008,508.531
arm,sex_t,geo_cov_nat,mts_details_mrd,2014,432.004
arm,sex_t,geo_cov_nat,mts_details_mrd,2015,440.417
arm,sex_t,geo_cov_nat,mts_details_mrd,2016,437.847
arm,sex_t,geo_cov_nat,mts_details_mrd,2017,448.731
arm,sex_t,geo_cov_nat,mts_details_mrd,2018,365.543
arm,sex_t,geo_cov_nat,mts_details_mrd,2019,337.986
arm,sex_t,geo_cov_nat,mts_details_mrd,2020,376.269
arm,sex_t,geo_cov_nat,mts_details_sep,2008,17.013
arm,sex_t,geo_cov_nat,mts_details_sep,2014,18.54
arm,sex_t,geo_cov_nat,mts_details_sep,2015,21.529
arm,sex_t,geo_cov_nat,mts_details_sep,2016,22.45
arm,sex_t,geo_cov_nat,mts_details_sep,2017,25.35
arm,sex_t,geo_cov_nat,mts_details_sep,2018,18.806
arm,sex_t,geo_cov_nat,mts_details_sep,2019,20.826
arm,sex_t,geo_cov_nat,mts_details_sep,2020,21.288
arm,sex_t,geo_cov_nat,mts_details_sgle,2008,349.971
arm,sex_t,geo_cov_nat,mts_details_sgle,2014,268.073
arm,sex_t,geo_cov_nat,mts_details_sgle,2015,253.797
arm,sex_t,geo_cov_nat,mts_details_sgle,2016,252.839
arm,sex_t,geo_cov_nat,mts_details_sgle,2017,238.271
arm,sex_t,geo_cov_nat,mts_details_sgle,2018,231.807
arm,sex_t,geo_cov_nat,mts_details_sgle,2019,220.218
arm,sex_t,geo_cov_nat,mts_details_sgle,2020,243.689
arm,sex_t,geo_cov_nat,mts_details_total,2008,1032.442
arm,sex_t,geo_cov_nat,mts_details_total,2014,806.192
arm,sex_t,geo_cov_nat,mts_details_total,2015,794.362
arm,sex_t,geo_cov_nat,mts_details_total,2016,790.105
arm,sex_t,geo_cov_nat,mts_details_total,2017,791.968
arm,sex_t,geo_cov_nat,mts_details_total,2018,682.18
arm,sex_t,geo_cov_nat,mts_details_total,2019,641.398
arm,sex_t,geo_cov_nat,mts_details_total,2020,783.111
arm,sex_t,geo_cov_nat,mts_details_union,2008,1.954
arm,sex_t,geo_cov_nat,mts_details_wid,2008,119.074
arm,sex_t,geo_cov_nat,mts_details_wid,2014,87.575
arm,sex_t,geo_cov_nat,mts_details_wid,2015,78.62
arm,sex_t,geo_cov_nat,mts_details_wid,2016,76.969
arm,sex_t,geo_cov_nat,mts_details_wid,2017,79.616
arm,sex_t,geo_cov_nat,mts_details_wid,2018,66.025
arm,sex_t,geo_cov_nat,mts_details_wid,2019,62.368
arm,sex_t,geo_cov_nat,mts_details_wid,2020,141.865
arm,sex_t,geo_cov_nat,mts_details_x,2008,35.9
arm,sex_t,geo_cov_rur,mts_aggregate_1,2008,150.667
arm,sex_t,geo_cov_rur,mts_aggregate_1,2014,132.224
arm,sex_t,geo_cov_rur,mts_aggregate_1,2015,117.116
arm,sex_t,geo_cov_rur,mts_aggregate_1,2016,121.317
arm,sex_t,geo_cov_rur,mts_aggregate_1,2017,123.434
arm,sex_t,geo_cov_rur,mts_aggregate_1,2018,109.496
arm,sex_t,geo_cov_rur,mts_aggregate_1,2019,93.445
arm,sex_t,geo_cov_rur,mts_aggregate_1,2020,129.096
arm,sex_t,geo_cov_rur,mts_aggregate_2,2008,142.607
arm,sex_t,geo_cov_rur,mts_aggregate_2,2014,111.501
arm,sex_t,geo_cov_rur,mts_aggregate_2,2015,126.788
arm,sex_t,geo_cov_rur,mts_aggregate_2,2016,119.91
arm,sex_t,geo_cov_rur,mts_aggregate_2,2017,129.441
arm,sex_t,geo_cov_rur,mts_aggregate_2,2018,117.187
arm,sex_t,geo_cov_rur,mts_aggregate_2,2019,87.921
arm,sex_t,geo_cov_rur,mts_aggregate_2,2020,108.777
arm,sex_t,geo_cov_rur,mts_aggregate_total,2008,306.818
arm,sex_t,geo_cov_rur,mts_aggregate_total,2014,243.725
arm,sex_t,geo_cov_rur,mts_aggregate_total,2015,243.904
arm,sex_t,geo_cov_rur,mts_aggregate_total,2016,241.227
arm,sex_t,geo_cov_rur,mts_aggregate_total,2017,252.875
arm,sex_t,geo_cov_rur,mts_aggregate_total,2018,226.683
arm,sex_t,geo_cov_rur,mts_aggregate_total,2019,181.366
arm,sex_t,geo_cov_rur,mts_aggregate_total,2020,237.873
arm,sex_t,geo_cov_rur,mts_aggregate_x,2008,13.545
arm,sex_t,geo_cov_rur,mts_details_mrd,2008,142.195
arm,sex_t,geo_cov_rur,mts_details_mrd,2014,111.501
arm,sex_t,geo_cov_rur,mts_details_mrd,2015,126.788
arm,sex_t,geo_cov_rur,mts_details_mrd,2016,119.91
arm,sex_t,geo_cov_rur,mts_details_mrd,2017,129.441
arm,sex_t,geo_cov_rur,mts_details_mrd,2018,117.187
arm,sex_t,geo_cov_rur,mts_details_mrd,2019,87.921
arm,sex_t,geo_cov_rur,mts_details_mrd,2020,108.777
arm,sex_t,geo_cov_rur,mts_details_sep,2008,3.381
arm,sex_t,geo_cov_rur,mts_details_sep,2014,3.071
arm,sex_t,geo_cov_rur,mts_details_sep,2015,2.08
arm,sex_t,geo_cov_rur,mts_details_sep,2016,4.336
arm,sex_t,geo_cov_rur,mts_details_sep,2017,4.332
arm,sex_t,geo_cov_rur,mts_details_sep,2018,2.905
arm,sex_t,geo_cov_rur,mts_details_sep,2019,2.738
arm,sex_t,geo_cov_rur,mts_details_sep,2020,3.301
arm,sex_t,geo_cov_rur,mts_details_sgle,2008,115.155
arm,sex_t,geo_cov_rur,mts_details_sgle,2014,111.26
arm,sex_t,geo_cov_rur,mts_details_sgle,2015,100.566
arm,sex_t,geo_cov_rur,mts_details_sgle,2016,100.005
arm,sex_t,geo_cov_rur,mts_details_sgle,2017,102.98
arm,sex_t,geo_cov_rur,mts_details_sgle,2018,95.22
arm,sex_t,geo_cov_rur,mts_details_sgle,2019,80.624
arm,sex_t,geo_cov_rur,mts_details_sgle,2020,90.385
arm,sex_t,geo_cov_rur,mts_details_total,2008,306.818
arm,sex_t,geo_cov_rur,mts_details_total,2014,243.725
arm,sex_t,geo_cov_rur,mts_details_total,2015,243.904
arm,sex_t,geo_cov_rur,mts_details_total,2016,241.227
arm,sex_t,geo_cov_rur,mts_details_total,2017,252.875
arm,sex_t,geo_cov_rur,mts_details_total,2018,226.683
arm,sex_t,geo_cov_rur,mts_details_total,2019,181.366
arm,sex_t,geo_cov_rur,mts_details_total,2020,237.873
arm,sex_t,geo_cov_rur,mts_details_union,2008,0.412
arm,sex_t,geo_cov_rur,mts_details_wid,2008,32.131
arm,sex_t,geo_cov_rur,mts_details_wid,2014,17.892
arm,sex_t,geo_cov_rur,mts_details_wid,2015,14.47
arm,sex_t,geo_cov_rur,mts_details_wid,2016,16.976
arm,sex_t,geo_cov_rur,mts_details_wid,2017,16.122
arm,sex_t,geo_cov_rur,mts_details_wid,2018,11.37
arm,sex_t,geo_cov_rur,mts_details_wid,2019,10.083
arm,sex_t,geo_cov_rur,mts_details_wid,2020,35.41
arm,sex_t,geo_cov_rur,mts_details_x,2008,13.545
arm,sex_t,geo_cov_urb,mts_aggregate_1,2008,335.391
arm,sex_t,geo_cov_urb,mts_aggregate_1,2014,241.964
arm,sex_t,geo_cov_urb,mts_aggregate_1,2015,236.83
arm,sex_t,geo_cov_urb,mts_aggregate_1,2016,230.941
arm,sex_t,geo_cov_urb,mts_aggregate_1,2017,219.803
arm,sex_t,geo_cov_urb,mts_aggregate_1,2018,207.142
arm,sex_t,geo_cov_urb,mts_aggregate_1,2019,209.968
arm,sex_t,geo_cov_urb,mts_aggregate_1,2020,277.746
arm,sex_t,geo_cov_urb,mts_aggregate_2,2008,367.878
arm,sex_t,geo_cov_urb,mts_aggregate_2,2014,320.503
arm,sex_t,geo_cov_urb,mts_aggregate_2,2015,313.629
arm,sex_t,geo_cov_urb,mts_aggregate_2,2016,317.937
arm,sex_t,geo_cov_urb,mts_aggregate_2,2017,319.29
arm,sex_t,geo_cov_urb,mts_aggregate_2,2018,248.356
arm,sex_t,geo_cov_urb,mts_aggregate_2,2019,250.065
arm,sex_t,geo_cov_urb,mts_aggregate_2,2020,267.492
arm,sex_t,geo_cov_urb,mts_aggregate_total,2008,725.624
arm,sex_t,geo_cov_urb,mts_aggregate_total,2014,562.467
arm,sex_t,geo_cov_urb,mts_aggregate_total,2015,550.458
arm,sex_t,geo_cov_urb,mts_aggregate_total,2016,548.878
arm,sex_t,geo_cov_urb,mts_aggregate_total,2017,539.093
arm,sex_t,geo_cov_urb,mts_aggregate_total,2018,455.498
arm,sex_t,geo_cov_urb,mts_aggregate_total,2019,460.033
arm,sex_t,geo_cov_urb,mts_aggregate_total,2020,545.238
arm,sex_t,geo_cov_urb,mts_aggregate_x,2008,22.356
arm,sex_t,geo_cov_urb,mts_details_mrd,2008,366.336
arm,sex_t,geo_cov_urb,mts_details_mrd,2014,320.503
arm,sex_t,geo_cov_urb,mts_details_mrd,2015,313.629
arm,sex_t,geo_cov_urb,mts_details_mrd,2016,317.937
arm,sex_t,geo_cov_urb,mts_details_mrd,2017,319.29
arm,sex_t,geo_cov_urb,mts_details_mrd,2018,248.356
arm,sex_t,geo_cov_urb,mts_details_mrd,2019,250.065
arm,sex_t,geo_cov_urb,mts_details_mrd,2020,267.492
arm,sex_t,geo_cov_urb,mts_details_sep,2008,13.633
arm,sex_t,geo_cov_urb,mts_details_sep,2014,15.469
arm,sex_t,geo_cov_urb,mts_details_sep,2015,19.449
arm,sex_t,geo_cov_urb,mts_details_sep,2016,18.114
arm,sex_t,geo_cov_urb,mts_details_sep,2017,21.018
arm,sex_t,geo_cov_urb,mts_details_sep,2018,15.901
arm,sex_t,geo_cov_urb,mts_details_sep,2019,18.089
arm,sex_t,geo_cov_urb,mts_details_sep,2020,17.987
arm,sex_t,geo_cov_urb,mts_details_sgle,2008,234.816
arm,sex_t,geo_cov_urb,mts_details_sgle,2014,156.813
arm,sex_t,geo_cov_urb,mts_details_sgle,2015,153.231
arm,sex_t,geo_cov_urb,mts_details_sgle,2016,152.834
arm,sex_t,geo_cov_urb,mts_details_sgle,2017,135.291
arm,sex_t,geo_cov_urb,mts_details_sgle,2018,136.586
arm,sex_t,geo_cov_urb,mts_details_sgle,2019,139.594
arm,sex_t,geo_cov_urb,mts_details_sgle,2020,153.304
arm,sex_t,geo_cov_urb,mts_details_total,2008,725.624
arm,sex_t,geo_cov_urb,mts_details_total,2014,562.467
arm,sex_t,geo_cov_urb,mts_details_total,2015,550.458
arm,sex_t,geo_cov_urb,mts_details_total,2016,548.878
arm,sex_t,geo_cov_urb,mts_details_total,2017,539.093
arm,sex_t,geo_cov_urb,mts_details_total,2018,455.498
arm,sex_t,geo_cov_urb,mts_details_total,2019,460.033
arm,sex_t,geo_cov_urb,mts_details_total,2020,545.238
arm,sex_t,geo_cov_urb,mts_details_union,2008,1.542
arm,sex_t,geo_cov_urb,mts_details_wid,2008,86.943
arm,sex_t,geo_cov_urb,mts_details_wid,2014,69.682
arm,sex_t,geo_cov_urb,mts_details_wid,2015,64.15
arm,sex_t,geo_cov_urb,mts_details_wid,2016,59.993
arm,sex_t,geo_cov_urb,mts_details_wid,2017,63.494
arm,sex_t,geo_cov_urb,mts_details_wid,2018,54.655
arm,sex_t,geo_cov_urb,mts_details_wid,2019,52.285
arm,sex_t,geo_cov_urb,mts_details_wid,2020,106.455
arm,sex_t,geo_cov_urb,mts_details_x,2008,22.356
aus,sex_f,geo_cov_nat,mts_aggregate_1,2010,1491.523
aus,sex_f,geo_cov_nat,mts_aggregate_1,2011,1554.812
aus,sex_f,geo_cov_nat,mts_aggregate_1,2012,1632.903
aus,sex_f,geo_cov_nat,mts_aggregate_1,2013,1648.004
aus,sex_f,geo_cov_nat,mts_aggregate_1,2014,1642.912
aus,sex_f,geo_cov_nat,mts_aggregate_1,2015,1675.948
aus,sex_f,geo_cov_nat,mts_aggregate_1,2016,1694.265
aus,sex_f,geo_cov_nat,mts_aggregate_1,2017,1701.235
aus,sex_f,geo_cov_nat,mts_aggregate_1,2018,1768.767
aus,sex_f,geo_cov_nat,mts_aggregate_1,2019,1704.13
aus,sex_f,geo_cov_nat,mts_aggregate_1,2020,1842.281
aus,sex_f,geo_cov_nat,mts_aggregate_2,2010,1936.89
aus,sex_f,geo_cov_nat,mts_aggregate_2,2011,1986.037
aus,sex_f,geo_cov_nat,mts_aggregate_2,2012,1973.69
aus,sex_f,geo_cov_nat,mts_aggregate_2,2013,1964.586
aus,sex_f,geo_cov_nat,mts_aggregate_2,2014,2033.437
aus,sex_f,geo_cov_nat,mts_aggregate_2,2015,2038.607
aus,sex_f,geo_cov_nat,mts_aggregate_2,2016,2144.807
aus,sex_f,geo_cov_nat,mts_aggregate_2,2017,2063.784
aus,sex_f,geo_cov_nat,mts_aggregate_2,2018,2037.27
aus,sex_f,geo_cov_nat,mts_aggregate_2,2019,2067.296
aus,sex_f,geo_cov_nat,mts_aggregate_2,2020,2059.528
aus,sex_f,geo_cov_nat,mts_aggregate_total,2010,3428.413
aus,sex_f,geo_cov_nat,mts_aggregate_total,2011,3543.482
aus,sex_f,geo_cov_nat,mts_aggregate_total,2012,3606.592
aus,sex_f,geo_cov_nat,mts_aggregate_total,2013,3612.59
aus,sex_f,geo_cov_nat,mts_aggregate_total,2014,3677.32
aus,sex_f,geo_cov_nat,mts_aggregate_total,2015,3715.638
aus,sex_f,geo_cov_nat,mts_aggregate_total,2016,3839.072
aus,sex_f,geo_cov_nat,mts_aggregate_total,2017,3765.019
aus,sex_f,geo_cov_nat,mts_aggregate_total,2018,3806.037
aus,sex_f,geo_cov_nat,mts_aggregate_total,2019,3771.426
aus,sex_f,geo_cov_nat,mts_aggregate_total,2020,3902.303
aus,sex_f,geo_cov_nat,mts_details_mrd,2010,1804.877
aus,sex_f,geo_cov_nat,mts_details_mrd,2011,1806.095
aus,sex_f,geo_cov_nat,mts_details_mrd,2012,1850.198
aus,sex_f,geo_cov_nat,mts_details_mrd,2013,1824.683
aus,sex_f,geo_cov_nat,mts_details_mrd,2014,1877.095
aus,sex_f,geo_cov_nat,mts_details_mrd,2015,1870.676
aus,sex_f,geo_cov_nat,mts_details_mrd,2016,1953.927
aus,sex_f,geo_cov_nat,mts_details_mrd,2017,1891.346
aus,sex_f,geo_cov_nat,mts_details_mrd,2018,1873.618
aus,sex_f,geo_cov_nat,mts_details_mrd,2019,1875.583
aus,sex_f,geo_cov_nat,mts_details_mrd,2020,1864.328
aus,sex_f,geo_cov_nat,mts_details_sep,2010,384.676
aus,sex_f,geo_cov_nat,mts_details_sep,2011,396.494
aus,sex_f,geo_cov_nat,mts_details_sep,2012,431.329
aus,sex_f,geo_cov_nat,mts_details_sep,2013,464.481
aus,sex_f,geo_cov_nat,mts_details_sep,2014,467.671
aus,sex_f,geo_cov_nat,mts_details_sep,2015,468.665
aus,sex_f,geo_cov_nat,mts_details_sep,2016,488.685
aus,sex_f,geo_cov_nat,mts_details_sep,2017,510.158
aus,sex_f,geo_cov_nat,mts_details_sep,2018,520.972
aus,sex_f,geo_cov_nat,mts_details_sep,2019,481.047
aus,sex_f,geo_cov_nat,mts_details_sep,2020,526.343
aus,sex_f,geo_cov_nat,mts_details_sgle,2010,538.176
aus,sex_f,geo_cov_nat,mts_details_sgle,2011,581.518
aus,sex_f,geo_cov_nat,mts_details_sgle,2012,622.309
aus,sex_f,geo_cov_nat,mts_details_sgle,2013,627.345
aus,sex_f,geo_cov_nat,mts_details_sgle,2014,613.441
aus,sex_f,geo_cov_nat,mts_details_sgle,2015,643.512
aus,sex_f,geo_cov_nat,mts_details_sgle,2016,652.958
aus,sex_f,geo_cov_nat,mts_details_sgle,2017,640.784
aus,sex_f,geo_cov_nat,mts_details_sgle,2018,645.201
aus,sex_f,geo_cov_nat,mts_details_sgle,2019,620.118
aus,sex_f,geo_cov_nat,mts_details_sgle,2020,720.493
aus,sex_f,geo_cov_nat,mts_details_total,2010,3428.413
aus,sex_f,geo_cov_nat,mts_details_total,2011,3543.482
aus,sex_f,geo_cov_nat,mts_details_total,2012,3606.592
aus,sex_f,geo_cov_nat,mts_details_total,2013,3612.59
aus,sex_f,geo_cov_nat,mts_details_total,2014,3677.32
aus,sex_f,geo_cov_nat,mts_details_total,2015,3715.638
aus,sex_f,geo_cov_nat,mts_details_total,2016,3839.072
aus,sex_f,geo_cov_nat,mts_details_total,2017,3765.019
aus,sex_f,geo_cov_nat,mts_details_total,2018,3806.037
aus,sex_f,geo_cov_nat,mts_details_total,2019,3771.426
aus,sex_f,geo_cov_nat,mts_details_total,2020,3902.303
aus,sex_f,geo_cov_nat,mts_details_union,2010,132.013
aus,sex_f,geo_cov_nat,mts_details_union,2011,179.942
aus,sex_f,geo_cov_nat,mts_details_union,2012,123.492
aus,sex_f,geo_cov_nat,mts_details_union,2013,139.903
aus,sex_f,geo_cov_nat,mts_details_union,2014,156.342
aus,sex_f,geo_cov_nat,mts_details_union,2015,167.931
aus,sex_f,geo_cov_nat,mts_details_union,2016,190.881
aus,sex_f,geo_cov_nat,mts_details_union,2017,172.438
aus,sex_f,geo_cov_nat,mts_details_union,2018,163.651
aus,sex_f,geo_cov_nat,mts_details_union,2019,191.713
aus,sex_f,geo_cov_nat,mts_details_union,2020,195.201
aus,sex_f,geo_cov_nat,mts_details_wid,2010,568.671
aus,sex_f,geo_cov_nat,mts_details_wid,2011,576.801
aus,sex_f,geo_cov_nat,mts_details_wid,2012,579.265
aus,sex_f,geo_cov_nat,mts_details_wid,2013,556.178
aus,sex_f,geo_cov_nat,mts_details_wid,2014,561.8
aus,sex_f,geo_cov_nat,mts_details_wid,2015,563.771
aus,sex_f,geo_cov_nat,mts_details_wid,2016,552.622
aus,sex_f,geo_cov_nat,mts_details_wid,2017,550.293
aus,sex_f,geo_cov_nat,mts_details_wid,2018,602.594
aus,sex_f,geo_cov_nat,mts_details_wid,2019,602.966
aus,sex_f,geo_cov_nat,mts_details_wid,2020,595.445
aus,sex_f,geo_cov_rur,mts_aggregate_1,2010,166.131
aus,sex_f,geo_cov_rur,mts_aggregate_1,2011,205.266
aus,sex_f,geo_cov_rur,mts_aggregate_1,2012,224.842
aus,sex_f,geo_cov_rur,mts_aggregate_1,2013,186.081
aus,sex_f,geo_cov_rur,mts_aggregate_1,2014,203.833
aus,sex_f,geo_cov_rur,mts_aggregate_1,2015,234.107
aus,sex_f,geo_cov_rur,mts_aggregate_1,2016,226.371
aus,sex_f,geo_cov_rur,mts_aggregate_1,2017,230.129
aus,sex_f,geo_cov_rur,mts_aggregate_1,2018,265.031
aus,sex_f,geo_cov_rur,mts_aggregate_1,2019,260.39
aus,sex_f,geo_cov_rur,mts_aggregate_1,2020,298.902
aus,sex_f,geo_cov_rur,mts_aggregate_2,2010,273.846
aus,sex_f,geo_cov_rur,mts_aggregate_2,2011,295.211
aus,sex_f,geo_cov_rur,mts_aggregate_2,2012,285.996
aus,sex_f,geo_cov_rur,mts_aggregate_2,2013,297.509
aus,sex_f,geo_cov_rur,mts_aggregate_2,2014,339.905
aus,sex_f,geo_cov_rur,mts_aggregate_2,2015,335.365
aus,sex_f,geo_cov_rur,mts_aggregate_2,2016,348.609
aus,sex_f,geo_cov_rur,mts_aggregate_2,2017,373.146
aus,sex_f,geo_cov_rur,mts_aggregate_2,2018,355.319
aus,sex_f,geo_cov_rur,mts_aggregate_2,2019,397.652
aus,sex_f,geo_cov_rur,mts_aggregate_2,2020,421.574
aus,sex_f,geo_cov_rur,mts_aggregate_total,2010,439.977
aus,sex_f,geo_cov_rur,mts_aggregate_total,2011,500.477
aus,sex_f,geo_cov_rur,mts_aggregate_total,2012,510.838
aus,sex_f,geo_cov_rur,mts_aggregate_total,2013,483.59
aus,sex_f,geo_cov_rur,mts_aggregate_total,2014,543.737
aus,sex_f,geo_cov_rur,mts_aggregate_total,2015,569.472
aus,sex_f,geo_cov_rur,mts_aggregate_total,2016,574.98
aus,sex_f,geo_cov_rur,mts_aggregate_total,2017,603.275
aus,sex_f,geo_cov_rur,mts_aggregate_total,2018,620.35
aus,sex_f,geo_cov_rur,mts_aggregate_total,2019,658.043
aus,sex_f,geo_cov_rur,mts_aggregate_total,2020,720.475
aus,sex_f,geo_cov_rur,mts_details_mrd,2010,253.887
aus,sex_f,geo_cov_rur,mts_details_mrd,2011,264.757
aus,sex_f,geo_cov_rur,mts_details_mrd,2012,264.847
aus,sex_f,geo_cov_rur,mts_details_mrd,2013,280.328
aus,sex_f,geo_cov_rur,mts_details_mrd,2014,315.925
aus,sex_f,geo_cov_rur,mts_details_mrd,2015,307.228
aus,sex_f,geo_cov_rur,mts_details_mrd,2016,314.715
aus,sex_f,geo_cov_rur,mts_details_mrd,2017,345.626
aus,sex_f,geo_cov_rur,mts_details_mrd,2018,332.791
aus,sex_f,geo_cov_rur,mts_details_mrd,2019,355.156
aus,sex_f,geo_cov_rur,mts_details_mrd,2020,382.842
aus,sex_f,geo_cov_rur,mts_details_sep,2010,59.079
aus,sex_f,geo_cov_rur,mts_details_sep,2011,77.237
aus,sex_f,geo_cov_rur,mts_details_sep,2012,70.635
aus,sex_f,geo_cov_rur,mts_details_sep,2013,66.178
aus,sex_f,geo_cov_rur,mts_details_sep,2014,63.981
aus,sex_f,geo_cov_rur,mts_details_sep,2015,65.242
aus,sex_f,geo_cov_rur,mts_details_sep,2016,61.291
aus,sex_f,geo_cov_rur,mts_details_sep,2017,63.927
aus,sex_f,geo_cov_rur,mts_details_sep,2018,76.15
aus,sex_f,geo_cov_rur,mts_details_sep,2019,64.376
aus,sex_f,geo_cov_rur,mts_details_sep,2020,83.427
aus,sex_f,geo_cov_rur,mts_details_sgle,2010,64.747
aus,sex_f,geo_cov_rur,mts_details_sgle,2011,80.956
aus,sex_f,geo_cov_rur,mts_details_sgle,2012,89.097
aus,sex_f,geo_cov_rur,mts_details_sgle,2013,71.678
aus,sex_f,geo_cov_rur,mts_details_sgle,2014,86.018
aus,sex_f,geo_cov_rur,mts_details_sgle,2015,96.973
aus,sex_f,geo_cov_rur,mts_details_sgle,2016,101.244
aus,sex_f,geo_cov_rur,mts_details_sgle,2017,98.388
aus,sex_f,geo_cov_rur,mts_details_sgle,2018,93.457
aus,sex_f,geo_cov_rur,mts_details_sgle,2019,91.745
aus,sex_f,geo_cov_rur,mts_details_sgle,2020,105.342
aus,sex_f,geo_cov_rur,mts_details_total,2010,439.977
aus,sex_f,geo_cov_rur,mts_details_total,2011,500.477
aus,sex_f,geo_cov_rur,mts_details_total,2012,510.838
aus,sex_f,geo_cov_rur,mts_details_total,2013,483.59
aus,sex_f,geo_cov_rur,mts_details_total,2014,543.737
aus,sex_f,geo_cov_rur,mts_details_total,2015,569.472
aus,sex_f,geo_cov_rur,mts_details_total,2016,574.98
aus,sex_f,geo_cov_rur,mts_details_total,2017,603.275
aus,sex_f,geo_cov_rur,mts_details_total,2018,620.35
aus,sex_f,geo_cov_rur,mts_details_total,2019,658.043
aus,sex_f,geo_cov_rur,mts_details_total,2020,720.475
aus,sex_f,geo_cov_rur,mts_details_union,2010,19.959
aus,sex_f,geo_cov_rur,mts_details_union,2011,30.454
aus,sex_f,geo_cov_rur,mts_details_union,2012,21.148
aus,sex_f,geo_cov_rur,mts_details_union,2013,17.181
aus,sex_f,geo_cov_rur,mts_details_union,2014,23.979
aus,sex_f,geo_cov_rur,mts_details_union,2015,28.137
aus,sex_f,geo_cov_rur,mts_details_union,2016,33.894
aus,sex_f,geo_cov_rur,mts_details_union,2017,27.52
aus,sex_f,geo_cov_rur,mts_details_union,2018,22.528
aus,sex_f,geo_cov_rur,mts_details_union,2019,42.496
aus,sex_f,geo_cov_rur,mts_details_union,2020,38.732
aus,sex_f,geo_cov_rur,mts_details_wid,2010,42.306
aus,sex_f,geo_cov_rur,mts_details_wid,2011,47.072
aus,sex_f,geo_cov_rur,mts_details_wid,2012,65.11
aus,sex_f,geo_cov_rur,mts_details_wid,2013,48.225
aus,sex_f,geo_cov_rur,mts_details_wid,2014,53.834
aus,sex_f,geo_cov_rur,mts_details_wid,2015,71.891
aus,sex_f,geo_cov_rur,mts_details_wid,2016,63.837
aus,sex_f,geo_cov_rur,mts_details_wid,2017,67.814
aus,sex_f,geo_cov_rur,mts_details_wid,2018,95.424
aus,sex_f,geo_cov_rur,mts_details_wid,2019,104.27
aus,sex_f,geo_cov_rur,mts_details_wid,2020,110.134
aus,sex_f,geo_cov_urb,mts_aggregate_1,2010,1325.392
aus,sex_f,geo_cov_urb,mts_aggregate_1,2011,1349.546
aus,sex_f,geo_cov_urb,mts_aggregate_1,2012,1408.061
aus,sex_f,geo_cov_urb,mts_aggregate_1,2013,1461.923
aus,sex_f,geo_cov_urb,mts_aggregate_1,2014,1439.079
aus,sex_f,geo_cov_urb,mts_aggregate_1,2015,1441.841
aus,sex_f,geo_cov_urb,mts_aggregate_1,2016,1467.894
aus,sex_f,geo_cov_urb,mts_aggregate_1,2017,1470.673
aus,sex_f,geo_cov_urb,mts_aggregate_1,2018,1503.737
aus,sex_f,geo_cov_urb,mts_aggregate_1,2019,1443.74
aus,sex_f,geo_cov_urb,mts_aggregate_1,2020,1542.834
aus,sex_f,geo_cov_urb,mts_aggregate_2,2010,1663.044
aus,sex_f,geo_cov_urb,mts_aggregate_2,2011,1690.826
aus,sex_f,geo_cov_urb,mts_aggregate_2,2012,1687.694
aus,sex_f,geo_cov_urb,mts_aggregate_2,2013,1666.355
aus,sex_f,geo_cov_urb,mts_aggregate_2,2014,1693.532
aus,sex_f,geo_cov_urb,mts_aggregate_2,2015,1703.242
aus,sex_f,geo_cov_urb,mts_aggregate_2,2016,1796.198
aus,sex_f,geo_cov_urb,mts_aggregate_2,2017,1690.638
aus,sex_f,geo_cov_urb,mts_aggregate_2,2018,1681.95
aus,sex_f,geo_cov_urb,mts_aggregate_2,2019,1668.424
aus,sex_f,geo_cov_urb,mts_aggregate_2,2020,1636.697
aus,sex_f,geo_cov_urb,mts_aggregate_total,2010,2988.436
aus,sex_f,geo_cov_urb,mts_aggregate_total,2011,3043.005
aus,sex_f,geo_cov_urb,mts_aggregate_total,2012,3095.754
aus,sex_f,geo_cov_urb,mts_aggregate_total,2013,3128.278
aus,sex_f,geo_cov_urb,mts_aggregate_total,2014,3133.583
aus,sex_f,geo_cov_urb,mts_aggregate_total,2015,3146.166
aus,sex_f,geo_cov_urb,mts_aggregate_total,2016,3264.092
aus,sex_f,geo_cov_urb,mts_aggregate_total,2017,3161.311
aus,sex_f,geo_cov_urb,mts_aggregate_total,2018,3185.687
aus,sex_f,geo_cov_urb,mts_aggregate_total,2019,3112.164
aus,sex_f,geo_cov_urb,mts_aggregate_total,2020,3180.024
aus,sex_f,geo_cov_urb,mts_details_mrd,2010,1550.99
aus,sex_f,geo_cov_urb,mts_details_mrd,2011,1541.338
aus,sex_f,geo_cov_urb,mts_details_mrd,2012,1585.35
aus,sex_f,geo_cov_urb,mts_details_mrd,2013,1543.633
aus,sex_f,geo_cov_urb,mts_details_mrd,2014,1561.169
aus,sex_f,geo_cov_urb,mts_details_mrd,2015,1563.448
aus,sex_f,geo_cov_urb,mts_details_mrd,2016,1639.211
aus,sex_f,geo_cov_urb,mts_details_mrd,2017,1545.72
aus,sex_f,geo_cov_urb,mts_details_mrd,2018,1540.827
aus,sex_f,geo_cov_urb,mts_details_mrd,2019,1519.207
aus,sex_f,geo_cov_urb,mts_details_mrd,2020,1480.228
aus,sex_f,geo_cov_urb,mts_details_sep,2010,325.597
aus,sex_f,geo_cov_urb,mts_details_sep,2011,319.257
aus,sex_f,geo_cov_urb,mts_details_sep,2012,360.694
aus,sex_f,geo_cov_urb,mts_details_sep,2013,398.303
aus,sex_f,geo_cov_urb,mts_details_sep,2014,403.69
aus,sex_f,geo_cov_urb,mts_details_sep,2015,403.422
aus,sex_f,geo_cov_urb,mts_details_sep,2016,427.395
aus,sex_f,geo_cov_urb,mts_details_sep,2017,445.798
aus,sex_f,geo_cov_urb,mts_details_sep,2018,444.822
aus,sex_f,geo_cov_urb,mts_details_sep,2019,416.671
aus,sex_f,geo_cov_urb,mts_details_sep,2020,442.371
aus,sex_f,geo_cov_urb,mts_details_sgle,2010,473.43
aus,sex_f,geo_cov_urb,mts_details_sgle,2011,500.561
aus,sex_f,geo_cov_urb,mts_details_sgle,2012,533.212
aus,sex_f,geo_cov_urb,mts_details_sgle,2013,555.667
aus,sex_f,geo_cov_urb,mts_details_sgle,2014,527.423
aus,sex_f,geo_cov_urb,mts_details_sgle,2015,546.539
aus,sex_f,geo_cov_urb,mts_details_sgle,2016,551.714
aus,sex_f,geo_cov_urb,mts_details_sgle,2017,542.396
aus,sex_f,geo_cov_urb,mts_details_sgle,2018,551.745
aus,sex_f,geo_cov_urb,mts_details_sgle,2019,528.373
aus,sex_f,geo_cov_urb,mts_details_sgle,2020,615.152
aus,sex_f,geo_cov_urb,mts_details_total,2010,2988.436
aus,sex_f,geo_cov_urb,mts_details_total,2011,3043.005
aus,sex_f,geo_cov_urb,mts_details_total,2012,3095.754
aus,sex_f,geo_cov_urb,mts_details_total,2013,3128.278
aus,sex_f,geo_cov_urb,mts_details_total,2014,3133.583
aus,sex_f,geo_cov_urb,mts_details_total,2015,3146.166
aus,sex_f,geo_cov_urb,mts_details_total,2016,3264.092
aus,sex_f,geo_cov_urb,mts_details_total,2017,3161.311
aus,sex_f,geo_cov_urb,mts_details_total,2018,3185.687
aus,sex_f,geo_cov_urb,mts_details_total,2019,3112.164
aus,sex_f,geo_cov_urb,mts_details_total,2020,3180.024
aus,sex_f,geo_cov_urb,mts_details_union,2010,112.054
aus,sex_f,geo_cov_urb,mts_details_union,2011,149.488
aus,sex_f,geo_cov_urb,mts_details_union,2012,102.343
aus,sex_f,geo_cov_urb,mts_details_union,2013,122.722
aus,sex_f,geo_cov_urb,mts_details_union,2014,132.363
aus,sex_f,geo_cov_urb,mts_details_union,2015,139.794
aus,sex_f,geo_cov_urb,mts_details_union,2016,156.987
aus,sex_f,geo_cov_urb,mts_details_union,2017,144.917
aus,sex_f,geo_cov_urb,mts_details_union,2018,141.123
aus,sex_f,geo_cov_urb,mts_details_union,2019,149.218
aus,sex_f,geo_cov_urb,mts_details_union,2020,156.469
aus,sex_f,geo_cov_urb,mts_details_wid,2010,526.366
aus,sex_f,geo_cov_urb,mts_details_wid,2011,529.728
aus,sex_f,geo_cov_urb,mts_details_wid,2012,514.154
aus,sex_f,geo_cov_urb,mts_details_wid,2013,507.953
aus,sex_f,geo_cov_urb,mts_details_wid,2014,507.966
aus,sex_f,geo_cov_urb,mts_details_wid,2015,491.88
aus,sex_f,geo_cov_urb,mts_details_wid,2016,488.785
aus,sex_f,geo_cov_urb,mts_details_wid,2017,482.479
aus,sex_f,geo_cov_urb,mts_details_wid,2018,507.17
aus,sex_f,geo_cov_urb,mts_details_wid,2019,498.696
aus,sex_f,geo_cov_urb,mts_details_wid,2020,485.311
aus,sex_m,geo_cov_nat,mts_aggregate_1,2010,1006.238
aus,sex_m,geo_cov_nat,mts_aggregate_1,2011,1034.401
aus,sex_m,geo_cov_nat,mts_aggregate_1,2012,1104.952
aus,sex_m,geo_cov_nat,mts_aggregate_1,2013,1168.528
aus,sex_m,geo_cov_nat,mts_aggregate_1,2014,1206.396
aus,sex_m,geo_cov_nat,mts_aggregate_1,2015,1197.691
aus,sex_m,geo_cov_nat,mts_aggregate_1,2016,1248.782
aus,sex_m,geo_cov_nat,mts_aggregate_1,2017,1275.807
aus,sex_m,geo_cov_nat,mts_aggregate_1,2018,1315.723
aus,sex_m,geo_cov_nat,mts_aggregate_1,2019,1371.413
aus,sex_m,geo_cov_nat,mts_aggregate_1,2020,1507.814
aus,sex_m,geo_cov_nat,mts_aggregate_2,2010,1221.834
aus,sex_m,geo_cov_nat,mts_aggregate_2,2011,1216.828
aus,sex_m,geo_cov_nat,mts_aggregate_2,2012,1226.081
aus,sex_m,geo_cov_nat,mts_aggregate_2,2013,1318.875
aus,sex_m,geo_cov_nat,mts_aggregate_2,2014,1324.883
aus,sex_m,geo_cov_nat,mts_aggregate_2,2015,1376.952
aus,sex_m,geo_cov_nat,mts_aggregate_2,2016,1441.272
aus,sex_m,geo_cov_nat,mts_aggregate_2,2017,1442.359
aus,sex_m,geo_cov_nat,mts_aggregate_2,2018,1438.237
aus,sex_m,geo_cov_nat,mts_aggregate_2,2019,1475.617
aus,sex_m,geo_cov_nat,mts_aggregate_2,2020,1568.909
aus,sex_m,geo_cov_nat,mts_aggregate_total,2010,2228.072
aus,sex_m,geo_cov_nat,mts_aggregate_total,2011,2251.229
aus,sex_m,geo_cov_nat,mts_aggregate_total,2012,2331.033
aus,sex_m,geo_cov_nat,mts_aggregate_total,2013,2487.403
aus,sex_m,geo_cov_nat,mts_aggregate_total,2014,2531.279
aus,sex_m,geo_cov_nat,mts_aggregate_total,2015,2574.643
aus,sex_m,geo_cov_nat,mts_aggregate_total,2016,2690.053
aus,sex_m,geo_cov_nat,mts_aggregate_total,2017,2718.166
aus,sex_m,geo_cov_nat,mts_aggregate_total,2018,2755.128
aus,sex_m,geo_cov_nat,mts_aggregate_total,2019,2847.029
aus,sex_m,geo_cov_nat,mts_aggregate_total,2020,3076.723
aus,sex_m,geo_cov_nat,mts_details_mrd,2010,1165.054
aus,sex_m,geo_cov_nat,mts_details_mrd,2011,1156.9
aus,sex_m,geo_cov_nat,mts_details_mrd,2012,1158.942
aus,sex_m,geo_cov_nat,mts_details_mrd,2013,1226.059
aus,sex_m,geo_cov_nat,mts_details_mrd,2014,1241.332
aus,sex_m,geo_cov_nat,mts_details_mrd,2015,1298.429
aus,sex_m,geo_cov_nat,mts_details_mrd,2016,1345.559
aus,sex_m,geo_cov_nat,mts_details_mrd,2017,1361.855
aus,sex_m,geo_cov_nat,mts_details_mrd,2018,1350.97
aus,sex_m,geo_cov_nat,mts_details_mrd,2019,1364.044
aus,sex_m,geo_cov_nat,mts_details_mrd,2020,1451.445
aus,sex_m,geo_cov_nat,mts_details_sep,2010,210.674
aus,sex_m,geo_cov_nat,mts_details_sep,2011,221
aus,sex_m,geo_cov_nat,mts_details_sep,2012,240.391
aus,sex_m,geo_cov_nat,mts_details_sep,2013,258.02
aus,sex_m,geo_cov_nat,mts_details_sep,2014,272.276
aus,sex_m,geo_cov_nat,mts_details_sep,2015,287.093
aus,sex_m,geo_cov_nat,mts_details_sep,2016,313.922
aus,sex_m,geo_cov_nat,mts_details_sep,2017,338.129
aus,sex_m,geo_cov_nat,mts_details_sep,2018,331.817
aus,sex_m,geo_cov_nat,mts_details_sep,2019,357.698
aus,sex_m,geo_cov_nat,mts_details_sep,2020,378.656
aus,sex_m,geo_cov_nat,mts_details_sgle,2010,671.452
aus,sex_m,geo_cov_nat,mts_details_sgle,2011,669.689
aus,sex_m,geo_cov_nat,mts_details_sgle,2012,686.932
aus,sex_m,geo_cov_nat,mts_details_sgle,2013,736.92
aus,sex_m,geo_cov_nat,mts_details_sgle,2014,764.443
aus,sex_m,geo_cov_nat,mts_details_sgle,2015,752.12
aus,sex_m,geo_cov_nat,mts_details_sgle,2016,773.288
aus,sex_m,geo_cov_nat,mts_details_sgle,2017,781.076
aus,sex_m,geo_cov_nat,mts_details_sgle,2018,827.151
aus,sex_m,geo_cov_nat,mts_details_sgle,2019,851.097
aus,sex_m,geo_cov_nat,mts_details_sgle,2020,974.168
aus,sex_m,geo_cov_nat,mts_details_total,2010,2228.072
aus,sex_m,geo_cov_nat,mts_details_total,2011,2251.229
aus,sex_m,geo_cov_nat,mts_details_total,2012,2331.033
aus,sex_m,geo_cov_nat,mts_details_total,2013,2487.403
aus,sex_m,geo_cov_nat,mts_details_total,2014,2531.279
aus,sex_m,geo_cov_nat,mts_details_total,2015,2574.643
aus,sex_m,geo_cov_nat,mts_details_total,2016,2690.053
aus,sex_m,geo_cov_nat,mts_details_total,2017,2718.166
aus,sex_m,geo_cov_nat,mts_details_total,2018,2755.128
aus,sex_m,geo_cov_nat,mts_details_total,2019,2847.029
aus,sex_m,geo_cov_nat,mts_details_total,2020,3076.723
aus,sex_m,geo_cov_nat,mts_details_union,2010,56.78
aus,sex_m,geo_cov_nat,mts_details_union,2011,59.928
aus,sex_m,geo_cov_nat,mts_details_union,2012,67.139
aus,sex_m,geo_cov_nat,mts_details_union,2013,92.817
aus,sex_m,geo_cov_nat,mts_details_union,2014,83.551
aus,sex_m,geo_cov_nat,mts_details_union,2015,78.523
aus,sex_m,geo_cov_nat,mts_details_union,2016,95.713
aus,sex_m,geo_cov_nat,mts_details_union,2017,80.504
aus,sex_m,geo_cov_nat,mts_details_union,2018,87.267
aus,sex_m,geo_cov_nat,mts_details_union,2019,111.572
aus,sex_m,geo_cov_nat,mts_details_union,2020,117.464
aus,sex_m,geo_cov_nat,mts_details_wid,2010,124.111
aus,sex_m,geo_cov_nat,mts_details_wid,2011,143.713
aus,sex_m,geo_cov_nat,mts_details_wid,2012,177.629
aus,sex_m,geo_cov_nat,mts_details_wid,2013,173.588
aus,sex_m,geo_cov_nat,mts_details_wid,2014,169.677
aus,sex_m,geo_cov_nat,mts_details_wid,2015,158.478
aus,sex_m,geo_cov_nat,mts_details_wid,2016,161.572
aus,sex_m,geo_cov_nat,mts_details_wid,2017,156.602
aus,sex_m,geo_cov_nat,mts_details_wid,2018,156.755
aus,sex_m,geo_cov_nat,mts_details_wid,2019,162.619
aus,sex_m,geo_cov_nat,mts_details_wid,2020,154.989
aus,sex_m,geo_cov_rur,mts_aggregate_1,2010,136.597
aus,sex_m,geo_cov_rur,mts_aggregate_1,2011,137.414
aus,sex_m,geo_cov_rur,mts_aggregate_1,2012,149.081
aus,sex_m,geo_cov_rur,mts_aggregate_1,2013,146.213
aus,sex_m,geo_cov_rur,mts_aggregate_1,2014,168.161
aus,sex_m,geo_cov_rur,mts_aggregate_1,2015,173.021
aus,sex_m,geo_cov_rur,mts_aggregate_1,2016,170.253
aus,sex_m,geo_cov_rur,mts_aggregate_1,2017,191.929
aus,sex_m,geo_cov_rur,mts_aggregate_1,2018,194.554
aus,sex_m,geo_cov_rur,mts_aggregate_1,2019,210.507
aus,sex_m,geo_cov_rur,mts_aggregate_1,2020,229.079
aus,sex_m,geo_cov_rur,mts_aggregate_2,2010,189.968
aus,sex_m,geo_cov_rur,mts_aggregate_2,2011,199.206
aus,sex_m,geo_cov_rur,mts_aggregate_2,2012,196.399
aus,sex_m,geo_cov_rur,mts_aggregate_2,2013,222.374
aus,sex_m,geo_cov_rur,mts_aggregate_2,2014,223.746
aus,sex_m,geo_cov_rur,mts_aggregate_2,2015,226.361
aus,sex_m,geo_cov_rur,mts_aggregate_2,2016,245.297
aus,sex_m,geo_cov_rur,mts_aggregate_2,2017,239.63
aus,sex_m,geo_cov_rur,mts_aggregate_2,2018,226.935
aus,sex_m,geo_cov_rur,mts_aggregate_2,2019,244.196
aus,sex_m,geo_cov_rur,mts_aggregate_2,2020,298.432
aus,sex_m,geo_cov_rur,mts_aggregate_total,2010,326.565
aus,sex_m,geo_cov_rur,mts_aggregate_total,2011,336.62
aus,sex_m,geo_cov_rur,mts_aggregate_total,2012,345.481
aus,sex_m,geo_cov_rur,mts_aggregate_total,2013,368.588
aus,sex_m,geo_cov_rur,mts_aggregate_total,2014,391.907
aus,sex_m,geo_cov_rur,mts_aggregate_total,2015,399.382
aus,sex_m,geo_cov_rur,mts_aggregate_total,2016,415.55
aus,sex_m,geo_cov_rur,mts_aggregate_total,2017,431.559
aus,sex_m,geo_cov_rur,mts_aggregate_total,2018,421.489
aus,sex_m,geo_cov_rur,mts_aggregate_total,2019,454.704
aus,sex_m,geo_cov_rur,mts_aggregate_total,2020,527.511
aus,sex_m,geo_cov_rur,mts_details_mrd,2010,180.17
aus,sex_m,geo_cov_rur,mts_details_mrd,2011,192.713
aus,sex_m,geo_cov_rur,mts_details_mrd,2012,191.8
aus,sex_m,geo_cov_rur,mts_details_mrd,2013,214.915
aus,sex_m,geo_cov_rur,mts_details_mrd,2014,215.385
aus,sex_m,geo_cov_rur,mts_details_mrd,2015,217.917
aus,sex_m,geo_cov_rur,mts_details_mrd,2016,230.885
aus,sex_m,geo_cov_rur,mts_details_mrd,2017,230.323
aus,sex_m,geo_cov_rur,mts_details_mrd,2018,215.666
aus,sex_m,geo_cov_rur,mts_details_mrd,2019,229.759
aus,sex_m,geo_cov_rur,mts_details_mrd,2020,284.541
aus,sex_m,geo_cov_rur,mts_details_sep,2010,29.406
aus,sex_m,geo_cov_rur,mts_details_sep,2011,34.32
aus,sex_m,geo_cov_rur,mts_details_sep,2012,41.022
aus,sex_m,geo_cov_rur,mts_details_sep,2013,45.605
aus,sex_m,geo_cov_rur,mts_details_sep,2014,42.188
aus,sex_m,geo_cov_rur,mts_details_sep,2015,41.898
aus,sex_m,geo_cov_rur,mts_details_sep,2016,48.321
aus,sex_m,geo_cov_rur,mts_details_sep,2017,48.33
aus,sex_m,geo_cov_rur,mts_details_sep,2018,55.848
aus,sex_m,geo_cov_rur,mts_details_sep,2019,58.255
aus,sex_m,geo_cov_rur,mts_details_sep,2020,77.889
aus,sex_m,geo_cov_rur,mts_details_sgle,2010,89.397
aus,sex_m,geo_cov_rur,mts_details_sgle,2011,83.642
aus,sex_m,geo_cov_rur,mts_details_sgle,2012,79.641
aus,sex_m,geo_cov_rur,mts_details_sgle,2013,84.65
aus,sex_m,geo_cov_rur,mts_details_sgle,2014,107.185
aus,sex_m,geo_cov_rur,mts_details_sgle,2015,115.011
aus,sex_m,geo_cov_rur,mts_details_sgle,2016,102.056
aus,sex_m,geo_cov_rur,mts_details_sgle,2017,122.625
aus,sex_m,geo_cov_rur,mts_details_sgle,2018,106.966
aus,sex_m,geo_cov_rur,mts_details_sgle,2019,125.131
aus,sex_m,geo_cov_rur,mts_details_sgle,2020,126.977
aus,sex_m,geo_cov_rur,mts_details_total,2010,326.565
aus,sex_m,geo_cov_rur,mts_details_total,2011,336.62
aus,sex_m,geo_cov_rur,mts_details_total,2012,345.481
aus,sex_m,geo_cov_rur,mts_details_total,2013,368.588
aus,sex_m,geo_cov_rur,mts_details_total,2014,391.907
aus,sex_m,geo_cov_rur,mts_details_total,2015,399.382
aus,sex_m,geo_cov_rur,mts_details_total,2016,415.55
aus,sex_m,geo_cov_rur,mts_details_total,2017,431.559
aus,sex_m,geo_cov_rur,mts_details_total,2018,421.489
aus,sex_m,geo_cov_rur,mts_details_total,2019,454.704
aus,sex_m,geo_cov_rur,mts_details_total,2020,527.511
aus,sex_m,geo_cov_rur,mts_details_union,2010,9.799
aus,sex_m,geo_cov_rur,mts_details_union,2011,6.493
aus,sex_m,geo_cov_rur,mts_details_union,2012,4.599
aus,sex_m,geo_cov_rur,mts_details_union,2013,7.459
aus,sex_m,geo_cov_rur,mts_details_union,2014,8.361
aus,sex_m,geo_cov_rur,mts_details_union,2015,8.444
aus,sex_m,geo_cov_rur,mts_details_union,2016,14.413
aus,sex_m,geo_cov_rur,mts_details_union,2017,9.307
aus,sex_m,geo_cov_rur,mts_details_union,2018,11.269
aus,sex_m,geo_cov_rur,mts_details_union,2019,14.437
aus,sex_m,geo_cov_rur,mts_details_union,2020,13.891
aus,sex_m,geo_cov_rur,mts_details_wid,2010,17.794
aus,sex_m,geo_cov_rur,mts_details_wid,2011,19.453
aus,sex_m,geo_cov_rur,mts_details_wid,2012,28.418
aus,sex_m,geo_cov_rur,mts_details_wid,2013,15.959
aus,sex_m,geo_cov_rur,mts_details_wid,2014,18.788
aus,sex_m,geo_cov_rur,mts_details_wid,2015,16.111
aus,sex_m,geo_cov_rur,mts_details_wid,2016,19.876
aus,sex_m,geo_cov_rur,mts_details_wid,2017,20.974
aus,sex_m,geo_cov_rur,mts_details_wid,2018,31.74
aus,sex_m,geo_cov_rur,mts_details_wid,2019,27.121
aus,sex_m,geo_cov_rur,mts_details_wid,2020,24.213
aus,sex_m,geo_cov_urb,mts_aggregate_1,2010,865.994
aus,sex_m,geo_cov_urb,mts_aggregate_1,2011,896.987
aus,sex_m,geo_cov_urb,mts_aggregate_1,2012,955.871
aus,sex_m,geo_cov_urb,mts_aggregate_1,2013,1022.314
aus,sex_m,geo_cov_urb,mts_aggregate_1,2014,1038.234
aus,sex_m,geo_cov_urb,mts_aggregate_1,2015,1024.67
aus,sex_m,geo_cov_urb,mts_aggregate_1,2016,1078.529
aus,sex_m,geo_cov_urb,mts_aggregate_1,2017,1083.44
aus,sex_m,geo_cov_urb,mts_aggregate_1,2018,1121.169
aus,sex_m,geo_cov_urb,mts_aggregate_1,2019,1159.911
aus,sex_m,geo_cov_urb,mts_aggregate_1,2020,1277.413
aus,sex_m,geo_cov_urb,mts_aggregate_2,2010,1031.866
aus,sex_m,geo_cov_urb,mts_aggregate_2,2011,1017.622
aus,sex_m,geo_cov_urb,mts_aggregate_2,2012,1029.682
aus,sex_m,geo_cov_urb,mts_aggregate_2,2013,1096.501
aus,sex_m,geo_cov_urb,mts_aggregate_2,2014,1101.138
aus,sex_m,geo_cov_urb,mts_aggregate_2,2015,1150.591
aus,sex_m,geo_cov_urb,mts_aggregate_2,2016,1195.975
aus,sex_m,geo_cov_urb,mts_aggregate_2,2017,1202.729
aus,sex_m,geo_cov_urb,mts_aggregate_2,2018,1211.302
aus,sex_m,geo_cov_urb,mts_aggregate_2,2019,1230.165
aus,sex_m,geo_cov_urb,mts_aggregate_2,2020,1269.183
aus,sex_m,geo_cov_urb,mts_aggregate_total,2010,1897.86
aus,sex_m,geo_cov_urb,mts_aggregate_total,2011,1914.61
aus,sex_m,geo_cov_urb,mts_aggregate_total,2012,1985.552
aus,sex_m,geo_cov_urb,mts_aggregate_total,2013,2118.815
aus,sex_m,geo_cov_urb,mts_aggregate_total,2014,2139.372
aus,sex_m,geo_cov_urb,mts_aggregate_total,2015,2175.261
aus,sex_m,geo_cov_urb,mts_aggregate_total,2016,2274.503
aus,sex_m,geo_cov_urb,mts_aggregate_total,2017,2286.169
aus,sex_m,geo_cov_urb,mts_aggregate_total,2018,2333.639
aus,sex_m,geo_cov_urb,mts_aggregate_total,2019,2390.076
aus,sex_m,geo_cov_urb,mts_aggregate_total,2020,2546.596
aus,sex_m,geo_cov_urb,mts_details_mrd,2010,984.884
aus,sex_m,geo_cov_urb,mts_details_mrd,2011,964.188
aus,sex_m,geo_cov_urb,mts_details_mrd,2012,967.142
aus,sex_m,geo_cov_urb,mts_details_mrd,2013,1011.143
aus,sex_m,geo_cov_urb,mts_details_mrd,2014,1025.947
aus,sex_m,geo_cov_urb,mts_details_mrd,2015,1080.512
aus,sex_m,geo_cov_urb,mts_details_mrd,2016,1114.675
aus,sex_m,geo_cov_urb,mts_details_mrd,2017,1131.532
aus,sex_m,geo_cov_urb,mts_details_mrd,2018,1135.304
aus,sex_m,geo_cov_urb,mts_details_mrd,2019,1133.031
aus,sex_m,geo_cov_urb,mts_details_mrd,2020,1165.611
aus,sex_m,geo_cov_urb,mts_details_sep,2010,181.269
aus,sex_m,geo_cov_urb,mts_details_sep,2011,186.68
aus,sex_m,geo_cov_urb,mts_details_sep,2012,199.369
aus,sex_m,geo_cov_urb,mts_details_sep,2013,212.415
aus,sex_m,geo_cov_urb,mts_details_sep,2014,230.088
aus,sex_m,geo_cov_urb,mts_details_sep,2015,245.195
aus,sex_m,geo_cov_urb,mts_details_sep,2016,265.601
aus,sex_m,geo_cov_urb,mts_details_sep,2017,289.799
aus,sex_m,geo_cov_urb,mts_details_sep,2018,275.969
aus,sex_m,geo_cov_urb,mts_details_sep,2019,298.449
aus,sex_m,geo_cov_urb,mts_details_sep,2020,300.767
aus,sex_m,geo_cov_urb,mts_details_sgle,2010,578.408
aus,sex_m,geo_cov_urb,mts_details_sgle,2011,586.047
aus,sex_m,geo_cov_urb,mts_details_sgle,2012,607.291
aus,sex_m,geo_cov_urb,mts_details_sgle,2013,652.271
aus,sex_m,geo_cov_urb,mts_details_sgle,2014,657.258
aus,sex_m,geo_cov_urb,mts_details_sgle,2015,637.109
aus,sex_m,geo_cov_urb,mts_details_sgle,2016,671.232
aus,sex_m,geo_cov_urb,mts_details_sgle,2017,658.451
aus,sex_m,geo_cov_urb,mts_details_sgle,2018,720.185
aus,sex_m,geo_cov_urb,mts_details_sgle,2019,725.965
aus,sex_m,geo_cov_urb,mts_details_sgle,2020,845.869
aus,sex_m,geo_cov_urb,mts_details_total,2010,1897.86
aus,sex_m,geo_cov_urb,mts_details_total,2011,1914.61
aus,sex_m,geo_cov_urb,mts_details_total,2012,1985.552
aus,sex_m,geo_cov_urb,mts_details_total,2013,2118.815
aus,sex_m,geo_cov_urb,mts_details_total,2014,2139.372
aus,sex_m,geo_cov_urb,mts_details_total,2015,2175.261
aus,sex_m,geo_cov_urb,mts_details_total,2016,2274.503
aus,sex_m,geo_cov_urb,mts_details_total,2017,2286.169
aus,sex_m,geo_cov_urb,mts_details_total,2018,2333.639
aus,sex_m,geo_cov_urb,mts_details_total,2019,2390.076
aus,sex_m,geo_cov_urb,mts_details_total,2020,2546.596
aus,sex_m,geo_cov_urb,mts_details_union,2010,46.981
aus,sex_m,geo_cov_urb,mts_details_union,2011,53.435
aus,sex_m,geo_cov_urb,mts_details_union,2012,62.54
aus,sex_m,geo_cov_urb,mts_details_union,2013,85.357
aus,sex_m,geo_cov_urb,mts_details_union,2014,75.191
aus,sex_m,geo_cov_urb,mts_details_union,2015,70.079
aus,sex_m,geo_cov_urb,mts_details_union,2016,81.3
aus,sex_m,geo_cov_urb,mts_details_union,2017,71.197
aus,sex_m,geo_cov_urb,mts_details_union,2018,75.998
aus,sex_m,geo_cov_urb,mts_details_union,2019,97.135
aus,sex_m,geo_cov_urb,mts_details_union,2020,103.573
aus,sex_m,geo_cov_urb,mts_details_wid,2010,106.317
aus,sex_m,geo_cov_urb,mts_details_wid,2011,124.26
aus,sex_m,geo_cov_urb,mts_details_wid,2012,149.211
aus,sex_m,geo_cov_urb,mts_details_wid,2013,157.629
aus,sex_m,geo_cov_urb,mts_details_wid,2014,150.889
aus,sex_m,geo_cov_urb,mts_details_wid,2015,142.367
aus,sex_m,geo_cov_urb,mts_details_wid,2016,141.695
aus,sex_m,geo_cov_urb,mts_details_wid,2017,135.19
aus,sex_m,geo_cov_urb,mts_details_wid,2018,125.015
aus,sex_m,geo_cov_urb,mts_details_wid,2019,135.497
aus,sex_m,geo_cov_urb,mts_details_wid,2020,130.776
aus,sex_t,geo_cov_nat,mts_aggregate_1,2010,2497.761
aus,sex_t,geo_cov_nat,mts_aggregate_1,2011,2589.213
aus,sex_t,geo_cov_nat,mts_aggregate_1,2012,2737.855
aus,sex_t,geo_cov_nat,mts_aggregate_1,2013,2816.532
aus,sex_t,geo_cov_nat,mts_aggregate_1,2014,2849.307
aus,sex_t,geo_cov_nat,mts_aggregate_1,2015,2873.639
aus,sex_t,geo_cov_nat,mts_aggregate_1,2016,2943.046
aus,sex_t,geo_cov_nat,mts_aggregate_1,2017,2977.042
aus,sex_t,geo_cov_nat,mts_aggregate_1,2018,3084.491
aus,sex_t,geo_cov_nat,mts_aggregate_1,2019,3075.543
aus,sex_t,geo_cov_nat,mts_aggregate_1,2020,3350.095
aus,sex_t,geo_cov_nat,mts_aggregate_2,2010,3158.724
aus,sex_t,geo_cov_nat,mts_aggregate_2,2011,3202.865
aus,sex_t,geo_cov_nat,mts_aggregate_2,2012,3199.771
aus,sex_t,geo_cov_nat,mts_aggregate_2,2013,3283.461
aus,sex_t,geo_cov_nat,mts_aggregate_2,2014,3358.32
aus,sex_t,geo_cov_nat,mts_aggregate_2,2015,3415.559
aus,sex_t,geo_cov_nat,mts_aggregate_2,2016,3586.079
aus,sex_t,geo_cov_nat,mts_aggregate_2,2017,3506.143
aus,sex_t,geo_cov_nat,mts_aggregate_2,2018,3475.506
aus,sex_t,geo_cov_nat,mts_aggregate_2,2019,3542.912
aus,sex_t,geo_cov_nat,mts_aggregate_2,2020,3628.437
aus,sex_t,geo_cov_nat,mts_aggregate_total,2010,5656.485
aus,sex_t,geo_cov_nat,mts_aggregate_total,2011,5794.711
aus,sex_t,geo_cov_nat,mts_aggregate_total,2012,5937.625
aus,sex_t,geo_cov_nat,mts_aggregate_total,2013,6099.993
aus,sex_t,geo_cov_nat,mts_aggregate_total,2014,6208.599
aus,sex_t,geo_cov_nat,mts_aggregate_total,2015,6290.28
aus,sex_t,geo_cov_nat,mts_aggregate_total,2016,6529.126
aus,sex_t,geo_cov_nat,mts_aggregate_total,2017,6483.185
aus,sex_t,geo_cov_nat,mts_aggregate_total,2018,6561.165
aus,sex_t,geo_cov_nat,mts_aggregate_total,2019,6618.455
aus,sex_t,geo_cov_nat,mts_aggregate_total,2020,6979.025
aus,sex_t,geo_cov_nat,mts_details_mrd,2010,2969.931
aus,sex_t,geo_cov_nat,mts_details_mrd,2011,2962.995
aus,sex_t,geo_cov_nat,mts_details_mrd,2012,3009.14
aus,sex_t,geo_cov_nat,mts_details_mrd,2013,3050.741
aus,sex_t,geo_cov_nat,mts_details_mrd,2014,3118.426
aus,sex_t,geo_cov_nat,mts_details_mrd,2015,3169.105
aus,sex_t,geo_cov_nat,mts_details_mrd,2016,3299.486
aus,sex_t,geo_cov_nat,mts_details_mrd,2017,3253.201
aus,sex_t,geo_cov_nat,mts_details_mrd,2018,3224.588
aus,sex_t,geo_cov_nat,mts_details_mrd,2019,3239.627
aus,sex_t,geo_cov_nat,mts_details_mrd,2020,3315.773
aus,sex_t,geo_cov_nat,mts_details_sep,2010,595.35
aus,sex_t,geo_cov_nat,mts_details_sep,2011,617.493
aus,sex_t,geo_cov_nat,mts_details_sep,2012,671.72
aus,sex_t,geo_cov_nat,mts_details_sep,2013,722.501
aus,sex_t,geo_cov_nat,mts_details_sep,2014,739.947
aus,sex_t,geo_cov_nat,mts_details_sep,2015,755.758
aus,sex_t,geo_cov_nat,mts_details_sep,2016,802.607
aus,sex_t,geo_cov_nat,mts_details_sep,2017,848.287
aus,sex_t,geo_cov_nat,mts_details_sep,2018,852.789
aus,sex_t,geo_cov_nat,mts_details_sep,2019,838.745
aus,sex_t,geo_cov_nat,mts_details_sep,2020,905
aus,sex_t,geo_cov_nat,mts_details_sgle,2010,1209.629
aus,sex_t,geo_cov_nat,mts_details_sgle,2011,1251.206
aus,sex_t,geo_cov_nat,mts_details_sgle,2012,1309.241
aus,sex_t,geo_cov_nat,mts_details_sgle,2013,1364.265
aus,sex_t,geo_cov_nat,mts_details_sgle,2014,1377.884
aus,sex_t,geo_cov_nat,mts_details_sgle,2015,1395.632
aus,sex_t,geo_cov_nat,mts_details_sgle,2016,1426.246
aus,sex_t,geo_cov_nat,mts_details_sgle,2017,1421.86
aus,sex_t,geo_cov_nat,mts_details_sgle,2018,1472.353
aus,sex_t,geo_cov_nat,mts_details_sgle,2019,1471.214
aus,sex_t,geo_cov_nat,mts_details_sgle,2020,1694.661
aus,sex_t,geo_cov_nat,mts_details_total,2010,5656.485
aus,sex_t,geo_cov_nat,mts_details_total,2011,5794.711
aus,sex_t,geo_cov_nat,mts_details_total,2012,5937.625
aus,sex_t,geo_cov_nat,mts_details_total,2013,6099.993
aus,sex_t,geo_cov_nat,mts_details_total,2014,6208.599
aus,sex_t,geo_cov_nat,mts_details_total,2015,6290.28
aus,sex_t,geo_cov_nat,mts_details_total,2016,6529.126
aus,sex_t,geo_cov_nat,mts_details_total,2017,6483.185
aus,sex_t,geo_cov_nat,mts_details_total,2018,6561.165
aus,sex_t,geo_cov_nat,mts_details_total,2019,6618.455
aus,sex_t,geo_cov_nat,mts_details_total,2020,6979.025
aus,sex_t,geo_cov_nat,mts_details_union,2010,188.793
aus,sex_t,geo_cov_nat,mts_details_union,2011,239.87
aus,sex_t,geo_cov_nat,mts_details_union,2012,190.631
aus,sex_t,geo_cov_nat,mts_details_union,2013,232.72
aus,sex_t,geo_cov_nat,mts_details_union,2014,239.894
aus,sex_t,geo_cov_nat,mts_details_union,2015,246.454
aus,sex_t,geo_cov_nat,mts_details_union,2016,286.593
aus,sex_t,geo_cov_nat,mts_details_union,2017,252.942
aus,sex_t,geo_cov_nat,mts_details_union,2018,250.918
aus,sex_t,geo_cov_nat,mts_details_union,2019,303.285
aus,sex_t,geo_cov_nat,mts_details_union,2020,312.665
aus,sex_t,geo_cov_nat,mts_details_wid,2010,692.782
aus,sex_t,geo_cov_nat,mts_details_wid,2011,720.514
aus,sex_t,geo_cov_nat,mts_details_wid,2012,756.894
aus,sex_t,geo_cov_nat,mts_details_wid,2013,729.766
aus,sex_t,geo_cov_nat,mts_details_wid,2014,731.477
aus,sex_t,geo_cov_nat,mts_details_wid,2015,722.249
aus,sex_t,geo_cov_nat,mts_details_wid,2016,714.193
aus,sex_t,geo_cov_nat,mts_details_wid,2017,706.895
aus,sex_t,geo_cov_nat,mts_details_wid,2018,759.349
aus,sex_t,geo_cov_nat,mts_details_wid,2019,765.584
aus,sex_t,geo_cov_nat,mts_details_wid,2020,750.434
aus,sex_t,geo_cov_rur,mts_aggregate_1,2010,302.728
aus,sex_t,geo_cov_rur,mts_aggregate_1,2011,342.68
aus,sex_t,geo_cov_rur,mts_aggregate_1,2012,373.923
aus,sex_t,geo_cov_rur,mts_aggregate_1,2013,332.295
aus,sex_t,geo_cov_rur,mts_aggregate_1,2014,371.994
aus,sex_t,geo_cov_rur,mts_aggregate_1,2015,407.127
aus,sex_t,geo_cov_rur,mts_aggregate_1,2016,396.624
aus,sex_t,geo_cov_rur,mts_aggregate_1,2017,422.059
aus,sex_t,geo_cov_rur,mts_aggregate_1,2018,459.585
aus,sex_t,geo_cov_rur,mts_aggregate_1,2019,470.898
aus,sex_t,geo_cov_rur,mts_aggregate_1,2020,527.981
aus,sex_t,geo_cov_rur,mts_aggregate_2,2010,463.814
aus,sex_t,geo_cov_rur,mts_aggregate_2,2011,494.417
aus,sex_t,geo_cov_rur,mts_aggregate_2,2012,482.395
aus,sex_t,geo_cov_rur,mts_aggregate_2,2013,519.883
aus,sex_t,geo_cov_rur,mts_aggregate_2,2014,563.65
aus,sex_t,geo_cov_rur,mts_aggregate_2,2015,561.726
aus,sex_t,geo_cov_rur,mts_aggregate_2,2016,593.906
aus,sex_t,geo_cov_rur,mts_aggregate_2,2017,612.776
aus,sex_t,geo_cov_rur,mts_aggregate_2,2018,582.254
aus,sex_t,geo_cov_rur,mts_aggregate_2,2019,641.848
aus,sex_t,geo_cov_rur,mts_aggregate_2,2020,720.006
aus,sex_t,geo_cov_rur,mts_aggregate_total,2010,766.542
aus,sex_t,geo_cov_rur,mts_aggregate_total,2011,837.097
aus,sex_t,geo_cov_rur,mts_aggregate_total,2012,856.318
aus,sex_t,geo_cov_rur,mts_aggregate_total,2013,852.178
aus,sex_t,geo_cov_rur,mts_aggregate_total,2014,935.644
aus,sex_t,geo_cov_rur,mts_aggregate_total,2015,968.854
aus,sex_t,geo_cov_rur,mts_aggregate_total,2016,990.531
aus,sex_t,geo_cov_rur,mts_aggregate_total,2017,1034.834
aus,sex_t,geo_cov_rur,mts_aggregate_total,2018,1041.839
aus,sex_t,geo_cov_rur,mts_aggregate_total,2019,1112.746
aus,sex_t,geo_cov_rur,mts_aggregate_total,2020,1247.986
aus,sex_t,geo_cov_rur,mts_details_mrd,2010,434.057
aus,sex_t,geo_cov_rur,mts_details_mrd,2011,457.47
aus,sex_t,geo_cov_rur,mts_details_mrd,2012,456.648
aus,sex_t,geo_cov_rur,mts_details_mrd,2013,495.243
aus,sex_t,geo_cov_rur,mts_details_mrd,2014,531.31
aus,sex_t,geo_cov_rur,mts_details_mrd,2015,525.145
aus,sex_t,geo_cov_rur,mts_details_mrd,2016,545.6
aus,sex_t,geo_cov_rur,mts_details_mrd,2017,575.948
aus,sex_t,geo_cov_rur,mts_details_mrd,2018,548.457
aus,sex_t,geo_cov_rur,mts_details_mrd,2019,584.915
aus,sex_t,geo_cov_rur,mts_details_mrd,2020,667.383
aus,sex_t,geo_cov_rur,mts_details_sep,2010,88.485
aus,sex_t,geo_cov_rur,mts_details_sep,2011,111.557
aus,sex_t,geo_cov_rur,mts_details_sep,2012,111.657
aus,sex_t,geo_cov_rur,mts_details_sep,2013,111.783
aus,sex_t,geo_cov_rur,mts_details_sep,2014,106.169
aus,sex_t,geo_cov_rur,mts_details_sep,2015,107.141
aus,sex_t,geo_cov_rur,mts_details_sep,2016,109.611
aus,sex_t,geo_cov_rur,mts_details_sep,2017,112.257
aus,sex_t,geo_cov_rur,mts_details_sep,2018,131.998
aus,sex_t,geo_cov_rur,mts_details_sep,2019,122.631
aus,sex_t,geo_cov_rur,mts_details_sep,2020,161.316
aus,sex_t,geo_cov_rur,mts_details_sgle,2010,154.144
aus,sex_t,geo_cov_rur,mts_details_sgle,2011,164.598
aus,sex_t,geo_cov_rur,mts_details_sgle,2012,168.738
aus,sex_t,geo_cov_rur,mts_details_sgle,2013,156.328
aus,sex_t,geo_cov_rur,mts_details_sgle,2014,193.203
aus,sex_t,geo_cov_rur,mts_details_sgle,2015,211.984
aus,sex_t,geo_cov_rur,mts_details_sgle,2016,203.3
aus,sex_t,geo_cov_rur,mts_details_sgle,2017,221.013
aus,sex_t,geo_cov_rur,mts_details_sgle,2018,200.423
aus,sex_t,geo_cov_rur,mts_details_sgle,2019,216.876
aus,sex_t,geo_cov_rur,mts_details_sgle,2020,232.318
aus,sex_t,geo_cov_rur,mts_details_total,2010,766.542
aus,sex_t,geo_cov_rur,mts_details_total,2011,837.097
aus,sex_t,geo_cov_rur,mts_details_total,2012,856.318
aus,sex_t,geo_cov_rur,mts_details_total,2013,852.178
aus,sex_t,geo_cov_rur,mts_details_total,2014,935.644
aus,sex_t,geo_cov_rur,mts_details_total,2015,968.854
aus,sex_t,geo_cov_rur,mts_details_total,2016,990.531
aus,sex_t,geo_cov_rur,mts_details_total,2017,1034.834
aus,sex_t,geo_cov_rur,mts_details_total,2018,1041.839
aus,sex_t,geo_cov_rur,mts_details_total,2019,1112.746
aus,sex_t,geo_cov_rur,mts_details_total,2020,1247.986
aus,sex_t,geo_cov_rur,mts_details_union,2010,29.757
aus,sex_t,geo_cov_rur,mts_details_union,2011,36.947
aus,sex_t,geo_cov_rur,mts_details_union,2012,25.748
aus,sex_t,geo_cov_rur,mts_details_union,2013,24.64
aus,sex_t,geo_cov_rur,mts_details_union,2014,32.34
aus,sex_t,geo_cov_rur,mts_details_union,2015,36.581
aus,sex_t,geo_cov_rur,mts_details_union,2016,48.306
aus,sex_t,geo_cov_rur,mts_details_union,2017,36.828
aus,sex_t,geo_cov_rur,mts_details_union,2018,33.797
aus,sex_t,geo_cov_rur,mts_details_union,2019,56.933
aus,sex_t,geo_cov_rur,mts_details_union,2020,52.623
aus,sex_t,geo_cov_rur,mts_details_wid,2010,60.1
aus,sex_t,geo_cov_rur,mts_details_wid,2011,66.525
aus,sex_t,geo_cov_rur,mts_details_wid,2012,93.529
aus,sex_t,geo_cov_rur,mts_details_wid,2013,64.184
aus,sex_t,geo_cov_rur,mts_details_wid,2014,72.622
aus,sex_t,geo_cov_rur,mts_details_wid,2015,88.003
aus,sex_t,geo_cov_rur,mts_details_wid,2016,83.713
aus,sex_t,geo_cov_rur,mts_details_wid,2017,88.789
aus,sex_t,geo_cov_rur,mts_details_wid,2018,127.164
aus,sex_t,geo_cov_rur,mts_details_wid,2019,131.391
aus,sex_t,geo_cov_rur,mts_details_wid,2020,134.346
aus,sex_t,geo_cov_urb,mts_aggregate_1,2010,2191.386
aus,sex_t,geo_cov_urb,mts_aggregate_1,2011,2246.533
aus,sex_t,geo_cov_urb,mts_aggregate_1,2012,2363.931
aus,sex_t,geo_cov_urb,mts_aggregate_1,2013,2484.237
aus,sex_t,geo_cov_urb,mts_aggregate_1,2014,2477.314
aus,sex_t,geo_cov_urb,mts_aggregate_1,2015,2466.511
aus,sex_t,geo_cov_urb,mts_aggregate_1,2016,2546.422
aus,sex_t,geo_cov_urb,mts_aggregate_1,2017,2554.113
aus,sex_t,geo_cov_urb,mts_aggregate_1,2018,2624.906
aus,sex_t,geo_cov_urb,mts_aggregate_1,2019,2603.651
aus,sex_t,geo_cov_urb,mts_aggregate_1,2020,2820.246
aus,sex_t,geo_cov_urb,mts_aggregate_2,2010,2694.91
aus,sex_t,geo_cov_urb,mts_aggregate_2,2011,2708.448
aus,sex_t,geo_cov_urb,mts_aggregate_2,2012,2717.376
aus,sex_t,geo_cov_urb,mts_aggregate_2,2013,2762.856
aus,sex_t,geo_cov_urb,mts_aggregate_2,2014,2794.67
aus,sex_t,geo_cov_urb,mts_aggregate_2,2015,2853.833
aus,sex_t,geo_cov_urb,mts_aggregate_2,2016,2992.173
aus,sex_t,geo_cov_urb,mts_aggregate_2,2017,2893.367
aus,sex_t,geo_cov_urb,mts_aggregate_2,2018,2893.252
aus,sex_t,geo_cov_urb,mts_aggregate_2,2019,2898.59
aus,sex_t,geo_cov_urb,mts_aggregate_2,2020,2905.88
aus,sex_t,geo_cov_urb,mts_aggregate_total,2010,4886.295
aus,sex_t,geo_cov_urb,mts_aggregate_total,2011,4957.615
aus,sex_t,geo_cov_urb,mts_aggregate_total,2012,5081.307
aus,sex_t,geo_cov_urb,mts_aggregate_total,2013,5247.093
aus,sex_t,geo_cov_urb,mts_aggregate_total,2014,5272.955
aus,sex_t,geo_cov_urb,mts_aggregate_total,2015,5321.427
aus,sex_t,geo_cov_urb,mts_aggregate_total,2016,5538.595
aus,sex_t,geo_cov_urb,mts_aggregate_total,2017,5447.48
aus,sex_t,geo_cov_urb,mts_aggregate_total,2018,5519.326
aus,sex_t,geo_cov_urb,mts_aggregate_total,2019,5502.241
aus,sex_t,geo_cov_urb,mts_aggregate_total,2020,5726.62
aus,sex_t,geo_cov_urb,mts_details_mrd,2010,2535.874
aus,sex_t,geo_cov_urb,mts_details_mrd,2011,2505.525
aus,sex_t,geo_cov_urb,mts_details_mrd,2012,2552.492
aus,sex_t,geo_cov_urb,mts_details_mrd,2013,2554.776
aus,sex_t,geo_cov_urb,mts_details_mrd,2014,2587.116
aus,sex_t,geo_cov_urb,mts_details_mrd,2015,2643.96
aus,sex_t,geo_cov_urb,mts_details_mrd,2016,2753.886
aus,sex_t,geo_cov_urb,mts_details_mrd,2017,2677.252
aus,sex_t,geo_cov_urb,mts_details_mrd,2018,2676.131
aus,sex_t,geo_cov_urb,mts_details_mrd,2019,2652.238
aus,sex_t,geo_cov_urb,mts_details_mrd,2020,2645.839
aus,sex_t,geo_cov_urb,mts_details_sep,2010,506.866
aus,sex_t,geo_cov_urb,mts_details_sep,2011,505.937
aus,sex_t,geo_cov_urb,mts_details_sep,2012,560.063
aus,sex_t,geo_cov_urb,mts_details_sep,2013,610.718
aus,sex_t,geo_cov_urb,mts_details_sep,2014,633.778
aus,sex_t,geo_cov_urb,mts_details_sep,2015,648.617
aus,sex_t,geo_cov_urb,mts_details_sep,2016,692.996
aus,sex_t,geo_cov_urb,mts_details_sep,2017,735.597
aus,sex_t,geo_cov_urb,mts_details_sep,2018,720.791
aus,sex_t,geo_cov_urb,mts_details_sep,2019,715.12
aus,sex_t,geo_cov_urb,mts_details_sep,2020,743.138
aus,sex_t,geo_cov_urb,mts_details_sgle,2010,1051.838
aus,sex_t,geo_cov_urb,mts_details_sgle,2011,1086.608
aus,sex_t,geo_cov_urb,mts_details_sgle,2012,1140.503
aus,sex_t,geo_cov_urb,mts_details_sgle,2013,1207.938
aus,sex_t,geo_cov_urb,mts_details_sgle,2014,1184.68
aus,sex_t,geo_cov_urb,mts_details_sgle,2015,1183.648
aus,sex_t,geo_cov_urb,mts_details_sgle,2016,1222.946
aus,sex_t,geo_cov_urb,mts_details_sgle,2017,1200.847
aus,sex_t,geo_cov_urb,mts_details_sgle,2018,1271.93
aus,sex_t,geo_cov_urb,mts_details_sgle,2019,1254.338
aus,sex_t,geo_cov_urb,mts_details_sgle,2020,1461.021
aus,sex_t,geo_cov_urb,mts_details_total,2010,4886.295
aus,sex_t,geo_cov_urb,mts_details_total,2011,4957.615
aus,sex_t,geo_cov_urb,mts_details_total,2012,5081.307
aus,sex_t,geo_cov_urb,mts_details_total,2013,5247.093
aus,sex_t,geo_cov_urb,mts_details_total,2014,5272.955
aus,sex_t,geo_cov_urb,mts_details_total,2015,5321.427
aus,sex_t,geo_cov_urb,mts_details_total,2016,5538.595
aus,sex_t,geo_cov_urb,mts_details_total,2017,5447.48
aus,sex_t,geo_cov_urb,mts_details_total,2018,5519.326
aus,sex_t,geo_cov_urb,mts_details_total,2019,5502.241
aus,sex_t,geo_cov_urb,mts_details_total,2020,5726.62
aus,sex_t,geo_cov_urb,mts_details_union,2010,159.036
aus,sex_t,geo_cov_urb,mts_details_union,2011,202.923
aus,sex_t,geo_cov_urb,mts_details_union,2012,164.884
aus,sex_t,geo_cov_urb,mts_details_union,2013,208.08
aus,sex_t,geo_cov_urb,mts_details_union,2014,207.554
aus,sex_t,geo_cov_urb,mts_details_union,2015,209.873
aus,sex_t,geo_cov_urb,mts_details_union,2016,238.287
aus,sex_t,geo_cov_urb,mts_details_union,2017,216.115
aus,sex_t,geo_cov_urb,mts_details_union,2018,217.121
aus,sex_t,geo_cov_urb,mts_details_union,2019,246.352
aus,sex_t,geo_cov_urb,mts_details_union,2020,260.042
aus,sex_t,geo_cov_urb,mts_details_wid,2010,632.683
aus,sex_t,geo_cov_urb,mts_details_wid,2011,653.988
aus,sex_t,geo_cov_urb,mts_details_wid,2012,663.365
aus,sex_t,geo_cov_urb,mts_details_wid,2013,665.582
aus,sex_t,geo_cov_urb,mts_details_wid,2014,658.855
aus,sex_t,geo_cov_urb,mts_details_wid,2015,634.247
aus,sex_t,geo_cov_urb,mts_details_wid,2016,630.48
aus,sex_t,geo_cov_urb,mts_details_wid,2017,617.669
aus,sex_t,geo_cov_urb,mts_details_wid,2018,632.185
aus,sex_t,geo_cov_urb,mts_details_wid,2019,634.193
aus,sex_t,geo_cov_urb,mts_details_wid,2020,616.088
aus,sex_t,geo_cov_x,mts_aggregate_total,2019,3.469
aus,sex_t,geo_cov_x,mts_aggregate_total,2020,4.419
aus,sex_t,geo_cov_x,mts_details_total,2019,3.469
aus,sex_t,geo_cov_x,mts_details_total,2020,4.419
aut,sex_f,geo_cov_nat,mts_aggregate_1,1995,840.236
aut,sex_f,geo_cov_nat,mts_aggregate_1,1996,856.054
aut,sex_f,geo_cov_nat,mts_aggregate_1,1997,851.024
aut,sex_f,geo_cov_nat,mts_aggregate_1,1998,854.915
aut,sex_f,geo_cov_nat,mts_aggregate_1,1999,848.508
aut,sex_f,geo_cov_nat,mts_aggregate_1,2000,861.896
aut,sex_f,geo_cov_nat,mts_aggregate_1,2001,866.931
aut,sex_f,geo_cov_nat,mts_aggregate_1,2002,856.083
aut,sex_f,geo_cov_nat,mts_aggregate_1,2003,866.946
aut,sex_f,geo_cov_nat,mts_aggregate_1,2004,899.427
aut,sex_f,geo_cov_nat,mts_aggregate_1,2005,885.344
aut,sex_f,geo_cov_nat,mts_aggregate_1,2006,887.476
aut,sex_f,geo_cov_nat,mts_aggregate_1,2007,883.01
aut,sex_f,geo_cov_nat,mts_aggregate_1,2008,876.688
aut,sex_f,geo_cov_nat,mts_aggregate_1,2009,879.873
aut,sex_f,geo_cov_nat,mts_aggregate_1,2010,892.718
aut,sex_f,geo_cov_nat,mts_aggregate_1,2011,877.013
aut,sex_f,geo_cov_nat,mts_aggregate_1,2012,880.094
aut,sex_f,geo_cov_nat,mts_aggregate_1,2013,882.71
aut,sex_f,geo_cov_nat,mts_aggregate_1,2014,894.146
aut,sex_f,geo_cov_nat,mts_aggregate_1,2015,905.898
aut,sex_f,geo_cov_nat,mts_aggregate_1,2016,889.561
aut,sex_f,geo_cov_nat,mts_aggregate_1,2017,893.115
aut,sex_f,geo_cov_nat,mts_aggregate_1,2018,908.391
aut,sex_f,geo_cov_nat,mts_aggregate_1,2019,904.26
aut,sex_f,geo_cov_nat,mts_aggregate_1,2020,925.694
aut,sex_f,geo_cov_nat,mts_aggregate_2,1995,872.671
aut,sex_f,geo_cov_nat,mts_aggregate_2,1996,882.195
aut,sex_f,geo_cov_nat,mts_aggregate_2,1997,896.38
aut,sex_f,geo_cov_nat,mts_aggregate_2,1998,873.8
aut,sex_f,geo_cov_nat,mts_aggregate_2,1999,879.85
aut,sex_f,geo_cov_nat,mts_aggregate_2,2000,878.551
aut,sex_f,geo_cov_nat,mts_aggregate_2,2001,880.869
aut,sex_f,geo_cov_nat,mts_aggregate_2,2002,835.99
aut,sex_f,geo_cov_nat,mts_aggregate_2,2003,838.052
aut,sex_f,geo_cov_nat,mts_aggregate_2,2004,842.394
aut,sex_f,geo_cov_nat,mts_aggregate_2,2005,829.998
aut,sex_f,geo_cov_nat,mts_aggregate_2,2006,815.775
aut,sex_f,geo_cov_nat,mts_aggregate_2,2007,799.133
aut,sex_f,geo_cov_nat,mts_aggregate_2,2008,795.473
aut,sex_f,geo_cov_nat,mts_aggregate_2,2009,776.218
aut,sex_f,geo_cov_nat,mts_aggregate_2,2010,765.99
aut,sex_f,geo_cov_nat,mts_aggregate_2,2011,775.956
aut,sex_f,geo_cov_nat,mts_aggregate_2,2012,763.59
aut,sex_f,geo_cov_nat,mts_aggregate_2,2013,760.302
aut,sex_f,geo_cov_nat,mts_aggregate_2,2014,760.486
aut,sex_f,geo_cov_nat,mts_aggregate_2,2015,758.182
aut,sex_f,geo_cov_nat,mts_aggregate_2,2016,768.414
aut,sex_f,geo_cov_nat,mts_aggregate_2,2017,772.483
aut,sex_f,geo_cov_nat,mts_aggregate_2,2018,764.862
aut,sex_f,geo_cov_nat,mts_aggregate_2,2019,772.996
aut,sex_f,geo_cov_nat,mts_aggregate_2,2020,773.359
aut,sex_f,geo_cov_nat,mts_aggregate_total,1995,1712.907
aut,sex_f,geo_cov_nat,mts_aggregate_total,1996,1738.249
aut,sex_f,geo_cov_nat,mts_aggregate_total,1997,1747.403
aut,sex_f,geo_cov_nat,mts_aggregate_total,1998,1728.715
aut,sex_f,geo_cov_nat,mts_aggregate_total,1999,1728.358
aut,sex_f,geo_cov_nat,mts_aggregate_total,2000,1740.447
aut,sex_f,geo_cov_nat,mts_aggregate_total,2001,1747.8
aut,sex_f,geo_cov_nat,mts_aggregate_total,2002,1692.073
aut,sex_f,geo_cov_nat,mts_aggregate_total,2003,1704.998
aut,sex_f,geo_cov_nat,mts_aggregate_total,2004,1741.821
aut,sex_f,geo_cov_nat,mts_aggregate_total,2005,1715.342
aut,sex_f,geo_cov_nat,mts_aggregate_total,2006,1703.251
aut,sex_f,geo_cov_nat,mts_aggregate_total,2007,1682.143
aut,sex_f,geo_cov_nat,mts_aggregate_total,2008,1672.16
aut,sex_f,geo_cov_nat,mts_aggregate_total,2009,1656.09
aut,sex_f,geo_cov_nat,mts_aggregate_total,2010,1658.708
aut,sex_f,geo_cov_nat,mts_aggregate_total,2011,1652.969
aut,sex_f,geo_cov_nat,mts_aggregate_total,2012,1643.685
aut,sex_f,geo_cov_nat,mts_aggregate_total,2013,1643.012
aut,sex_f,geo_cov_nat,mts_aggregate_total,2014,1654.631
aut,sex_f,geo_cov_nat,mts_aggregate_total,2015,1664.08
aut,sex_f,geo_cov_nat,mts_aggregate_total,2016,1657.975
aut,sex_f,geo_cov_nat,mts_aggregate_total,2017,1665.598
aut,sex_f,geo_cov_nat,mts_aggregate_total,2018,1673.253
aut,sex_f,geo_cov_nat,mts_aggregate_total,2019,1677.256
aut,sex_f,geo_cov_nat,mts_aggregate_total,2020,1699.053
aut,sex_f,geo_cov_rur,mts_aggregate_1,1995,304.29
aut,sex_f,geo_cov_rur,mts_aggregate_1,1996,309.752
aut,sex_f,geo_cov_rur,mts_aggregate_1,1997,310.032
aut,sex_f,geo_cov_rur,mts_aggregate_1,1998,319.288
aut,sex_f,geo_cov_rur,mts_aggregate_1,1999,320.27
aut,sex_f,geo_cov_rur,mts_aggregate_1,2000,317.57
aut,sex_f,geo_cov_rur,mts_aggregate_1,2001,322.001
aut,sex_f,geo_cov_rur,mts_aggregate_1,2002,307.578
aut,sex_f,geo_cov_rur,mts_aggregate_1,2003,313.067
aut,sex_f,geo_cov_rur,mts_aggregate_1,2004,363.467
aut,sex_f,geo_cov_rur,mts_aggregate_1,2005,342.41
aut,sex_f,geo_cov_rur,mts_aggregate_1,2006,339.306
aut,sex_f,geo_cov_rur,mts_aggregate_1,2007,329.635
aut,sex_f,geo_cov_rur,mts_aggregate_1,2008,325.362
aut,sex_f,geo_cov_rur,mts_aggregate_1,2009,326.309
aut,sex_f,geo_cov_rur,mts_aggregate_1,2010,328.666
aut,sex_f,geo_cov_rur,mts_aggregate_1,2011,325.689
aut,sex_f,geo_cov_rur,mts_aggregate_1,2012,324.948
aut,sex_f,geo_cov_rur,mts_aggregate_1,2013,325.584
aut,sex_f,geo_cov_rur,mts_aggregate_1,2014,335.393
aut,sex_f,geo_cov_rur,mts_aggregate_1,2015,341.331
aut,sex_f,geo_cov_rur,mts_aggregate_1,2016,333.696
aut,sex_f,geo_cov_rur,mts_aggregate_1,2017,309.952
aut,sex_f,geo_cov_rur,mts_aggregate_1,2018,313.462
aut,sex_f,geo_cov_rur,mts_aggregate_1,2019,315.73
aut,sex_f,geo_cov_rur,mts_aggregate_1,2020,328.753
aut,sex_f,geo_cov_rur,mts_aggregate_2,1995,363.555
aut,sex_f,geo_cov_rur,mts_aggregate_2,1996,374.479
aut,sex_f,geo_cov_rur,mts_aggregate_2,1997,374.285
aut,sex_f,geo_cov_rur,mts_aggregate_2,1998,369.846
aut,sex_f,geo_cov_rur,mts_aggregate_2,1999,362.57
aut,sex_f,geo_cov_rur,mts_aggregate_2,2000,365.166
aut,sex_f,geo_cov_rur,mts_aggregate_2,2001,361.542
aut,sex_f,geo_cov_rur,mts_aggregate_2,2002,343.661
aut,sex_f,geo_cov_rur,mts_aggregate_2,2003,354.834
aut,sex_f,geo_cov_rur,mts_aggregate_2,2004,371.292
aut,sex_f,geo_cov_rur,mts_aggregate_2,2005,346.312
aut,sex_f,geo_cov_rur,mts_aggregate_2,2006,331.799
aut,sex_f,geo_cov_rur,mts_aggregate_2,2007,317.214
aut,sex_f,geo_cov_rur,mts_aggregate_2,2008,327.841
aut,sex_f,geo_cov_rur,mts_aggregate_2,2009,309.713
aut,sex_f,geo_cov_rur,mts_aggregate_2,2010,301.6
aut,sex_f,geo_cov_rur,mts_aggregate_2,2011,306.467
aut,sex_f,geo_cov_rur,mts_aggregate_2,2012,322.108
aut,sex_f,geo_cov_rur,mts_aggregate_2,2013,322.637
aut,sex_f,geo_cov_rur,mts_aggregate_2,2014,319.386
aut,sex_f,geo_cov_rur,mts_aggregate_2,2015,314.103
aut,sex_f,geo_cov_rur,mts_aggregate_2,2016,314.411
aut,sex_f,geo_cov_rur,mts_aggregate_2,2017,305.965
aut,sex_f,geo_cov_rur,mts_aggregate_2,2018,306.021
aut,sex_f,geo_cov_rur,mts_aggregate_2,2019,310.988
aut,sex_f,geo_cov_rur,mts_aggregate_2,2020,309.903
aut,sex_f,geo_cov_rur,mts_aggregate_total,1995,667.845
aut,sex_f,geo_cov_rur,mts_aggregate_total,1996,684.231
aut,sex_f,geo_cov_rur,mts_aggregate_total,1997,684.317
aut,sex_f,geo_cov_rur,mts_aggregate_total,1998,689.134
aut,sex_f,geo_cov_rur,mts_aggregate_total,1999,682.84
aut,sex_f,geo_cov_rur,mts_aggregate_total,2000,682.735
aut,sex_f,geo_cov_rur,mts_aggregate_total,2001,683.543
aut,sex_f,geo_cov_rur,mts_aggregate_total,2002,651.238
aut,sex_f,geo_cov_rur,mts_aggregate_total,2003,667.901
aut,sex_f,geo_cov_rur,mts_aggregate_total,2004,734.759
aut,sex_f,geo_cov_rur,mts_aggregate_total,2005,688.722
aut,sex_f,geo_cov_rur,mts_aggregate_total,2006,671.105
aut,sex_f,geo_cov_rur,mts_aggregate_total,2007,646.849
aut,sex_f,geo_cov_rur,mts_aggregate_total,2008,653.203
aut,sex_f,geo_cov_rur,mts_aggregate_total,2009,636.022
aut,sex_f,geo_cov_rur,mts_aggregate_total,2010,630.267
aut,sex_f,geo_cov_rur,mts_aggregate_total,2011,632.156
aut,sex_f,geo_cov_rur,mts_aggregate_total,2012,647.057
aut,sex_f,geo_cov_rur,mts_aggregate_total,2013,648.221
aut,sex_f,geo_cov_rur,mts_aggregate_total,2014,654.779
aut,sex_f,geo_cov_rur,mts_aggregate_total,2015,655.434
aut,sex_f,geo_cov_rur,mts_aggregate_total,2016,648.107
aut,sex_f,geo_cov_rur,mts_aggregate_total,2017,615.918
aut,sex_f,geo_cov_rur,mts_aggregate_total,2018,619.483
aut,sex_f,geo_cov_rur,mts_aggregate_total,2019,626.718
aut,sex_f,geo_cov_rur,mts_aggregate_total,2020,638.656
aut,sex_f,geo_cov_urb,mts_aggregate_1,1995,535.946
aut,sex_f,geo_cov_urb,mts_aggregate_1,1996,546.302
aut,sex_f,geo_cov_urb,mts_aggregate_1,1997,540.992
aut,sex_f,geo_cov_urb,mts_aggregate_1,1998,535.628
aut,sex_f,geo_cov_urb,mts_aggregate_1,1999,528.238
aut,sex_f,geo_cov_urb,mts_aggregate_1,2000,544.326
aut,sex_f,geo_cov_urb,mts_aggregate_1,2001,544.93
aut,sex_f,geo_cov_urb,mts_aggregate_1,2002,548.505
aut,sex_f,geo_cov_urb,mts_aggregate_1,2003,553.879
aut,sex_f,geo_cov_urb,mts_aggregate_1,2004,535.961
aut,sex_f,geo_cov_urb,mts_aggregate_1,2005,542.934
aut,sex_f,geo_cov_urb,mts_aggregate_1,2006,548.17
aut,sex_f,geo_cov_urb,mts_aggregate_1,2007,553.376
aut,sex_f,geo_cov_urb,mts_aggregate_1,2008,551.326
aut,sex_f,geo_cov_urb,mts_aggregate_1,2009,553.563
aut,sex_f,geo_cov_urb,mts_aggregate_1,2010,564.051
aut,sex_f,geo_cov_urb,mts_aggregate_1,2011,551.325
aut,sex_f,geo_cov_urb,mts_aggregate_1,2012,555.146
aut,sex_f,geo_cov_urb,mts_aggregate_1,2013,557.126
aut,sex_f,geo_cov_urb,mts_aggregate_1,2014,558.753
aut,sex_f,geo_cov_urb,mts_aggregate_1,2015,564.567
aut,sex_f,geo_cov_urb,mts_aggregate_1,2016,555.865
aut,sex_f,geo_cov_urb,mts_aggregate_1,2017,583.163
aut,sex_f,geo_cov_urb,mts_aggregate_1,2018,594.93
aut,sex_f,geo_cov_urb,mts_aggregate_1,2019,588.53
aut,sex_f,geo_cov_urb,mts_aggregate_1,2020,596.941
aut,sex_f,geo_cov_urb,mts_aggregate_2,1995,509.116
aut,sex_f,geo_cov_urb,mts_aggregate_2,1996,507.716
aut,sex_f,geo_cov_urb,mts_aggregate_2,1997,522.094
aut,sex_f,geo_cov_urb,mts_aggregate_2,1998,503.953
aut,sex_f,geo_cov_urb,mts_aggregate_2,1999,517.28
aut,sex_f,geo_cov_urb,mts_aggregate_2,2000,513.386
aut,sex_f,geo_cov_urb,mts_aggregate_2,2001,519.327
aut,sex_f,geo_cov_urb,mts_aggregate_2,2002,492.329
aut,sex_f,geo_cov_urb,mts_aggregate_2,2003,483.218
aut,sex_f,geo_cov_urb,mts_aggregate_2,2004,471.102
aut,sex_f,geo_cov_urb,mts_aggregate_2,2005,483.686
aut,sex_f,geo_cov_urb,mts_aggregate_2,2006,483.976
aut,sex_f,geo_cov_urb,mts_aggregate_2,2007,481.919
aut,sex_f,geo_cov_urb,mts_aggregate_2,2008,467.632
aut,sex_f,geo_cov_urb,mts_aggregate_2,2009,466.505
aut,sex_f,geo_cov_urb,mts_aggregate_2,2010,464.39
aut,sex_f,geo_cov_urb,mts_aggregate_2,2011,469.489
aut,sex_f,geo_cov_urb,mts_aggregate_2,2012,441.482
aut,sex_f,geo_cov_urb,mts_aggregate_2,2013,437.665
aut,sex_f,geo_cov_urb,mts_aggregate_2,2014,441.099
aut,sex_f,geo_cov_urb,mts_aggregate_2,2015,444.08
aut,sex_f,geo_cov_urb,mts_aggregate_2,2016,454.004
aut,sex_f,geo_cov_urb,mts_aggregate_2,2017,466.517
aut,sex_f,geo_cov_urb,mts_aggregate_2,2018,458.841
aut,sex_f,geo_cov_urb,mts_aggregate_2,2019,462.009
aut,sex_f,geo_cov_urb,mts_aggregate_2,2020,463.456
aut,sex_f,geo_cov_urb,mts_aggregate_total,1995,1045.062
aut,sex_f,geo_cov_urb,mts_aggregate_total,1996,1054.018
aut,sex_f,geo_cov_urb,mts_aggregate_total,1997,1063.086
aut,sex_f,geo_cov_urb,mts_aggregate_total,1998,1039.581
aut,sex_f,geo_cov_urb,mts_aggregate_total,1999,1045.518
aut,sex_f,geo_cov_urb,mts_aggregate_total,2000,1057.712
aut,sex_f,geo_cov_urb,mts_aggregate_total,2001,1064.257
aut,sex_f,geo_cov_urb,mts_aggregate_total,2002,1040.834
aut,sex_f,geo_cov_urb,mts_aggregate_total,2003,1037.097
aut,sex_f,geo_cov_urb,mts_aggregate_total,2004,1007.063
aut,sex_f,geo_cov_urb,mts_aggregate_total,2005,1026.619
aut,sex_f,geo_cov_urb,mts_aggregate_total,2006,1032.146
aut,sex_f,geo_cov_urb,mts_aggregate_total,2007,1035.294
aut,sex_f,geo_cov_urb,mts_aggregate_total,2008,1018.957
aut,sex_f,geo_cov_urb,mts_aggregate_total,2009,1020.068
aut,sex_f,geo_cov_urb,mts_aggregate_total,2010,1028.441
aut,sex_f,geo_cov_urb,mts_aggregate_total,2011,1020.813
aut,sex_f,geo_cov_urb,mts_aggregate_total,2012,996.628
aut,sex_f,geo_cov_urb,mts_aggregate_total,2013,994.791
aut,sex_f,geo_cov_urb,mts_aggregate_total,2014,999.852
aut,sex_f,geo_cov_urb,mts_aggregate_total,2015,1008.646
aut,sex_f,geo_cov_urb,mts_aggregate_total,2016,1009.868
aut,sex_f,geo_cov_urb,mts_aggregate_total,2017,1049.681
aut,sex_f,geo_cov_urb,mts_aggregate_total,2018,1053.771
aut,sex_f,geo_cov_urb,mts_aggregate_total,2019,1050.538
aut,sex_f,geo_cov_urb,mts_aggregate_total,2020,1060.397
aut,sex_m,geo_cov_nat,mts_aggregate_1,1995,362.637
aut,sex_m,geo_cov_nat,mts_aggregate_1,1996,373.618
aut,sex_m,geo_cov_nat,mts_aggregate_1,1997,380.521
aut,sex_m,geo_cov_nat,mts_aggregate_1,1998,374.916
aut,sex_m,geo_cov_nat,mts_aggregate_1,1999,372.231
aut,sex_m,geo_cov_nat,mts_aggregate_1,2000,379.566
aut,sex_m,geo_cov_nat,mts_aggregate_1,2001,386.464
aut,sex_m,geo_cov_nat,mts_aggregate_1,2002,383.023
aut,sex_m,geo_cov_nat,mts_aggregate_1,2003,394.687
aut,sex_m,geo_cov_nat,mts_aggregate_1,2004,448.665
aut,sex_m,geo_cov_nat,mts_aggregate_1,2005,444.347
aut,sex_m,geo_cov_nat,mts_aggregate_1,2006,450.655
aut,sex_m,geo_cov_nat,mts_aggregate_1,2007,461.991
aut,sex_m,geo_cov_nat,mts_aggregate_1,2008,464.186
aut,sex_m,geo_cov_nat,mts_aggregate_1,2009,468.76
aut,sex_m,geo_cov_nat,mts_aggregate_1,2010,478.241
aut,sex_m,geo_cov_nat,mts_aggregate_1,2011,476.974
aut,sex_m,geo_cov_nat,mts_aggregate_1,2012,481.086
aut,sex_m,geo_cov_nat,mts_aggregate_1,2013,490.281
aut,sex_m,geo_cov_nat,mts_aggregate_1,2014,517.526
aut,sex_m,geo_cov_nat,mts_aggregate_1,2015,521.482
aut,sex_m,geo_cov_nat,mts_aggregate_1,2016,526.439
aut,sex_m,geo_cov_nat,mts_aggregate_1,2017,540.915
aut,sex_m,geo_cov_nat,mts_aggregate_1,2018,529.51
aut,sex_m,geo_cov_nat,mts_aggregate_1,2019,526.254
aut,sex_m,geo_cov_nat,mts_aggregate_1,2020,558.184
aut,sex_m,geo_cov_nat,mts_aggregate_2,1995,546.903
aut,sex_m,geo_cov_nat,mts_aggregate_2,1996,560.784
aut,sex_m,geo_cov_nat,mts_aggregate_2,1997,578.365
aut,sex_m,geo_cov_nat,mts_aggregate_2,1998,580.473
aut,sex_m,geo_cov_nat,mts_aggregate_2,1999,582.662
aut,sex_m,geo_cov_nat,mts_aggregate_2,2000,597.497
aut,sex_m,geo_cov_nat,mts_aggregate_2,2001,627.179
aut,sex_m,geo_cov_nat,mts_aggregate_2,2002,609.033
aut,sex_m,geo_cov_nat,mts_aggregate_2,2003,616.497
aut,sex_m,geo_cov_nat,mts_aggregate_2,2004,668.181
aut,sex_m,geo_cov_nat,mts_aggregate_2,2005,650.505
aut,sex_m,geo_cov_nat,mts_aggregate_2,2006,642.401
aut,sex_m,geo_cov_nat,mts_aggregate_2,2007,612.45
aut,sex_m,geo_cov_nat,mts_aggregate_2,2008,621.057
aut,sex_m,geo_cov_nat,mts_aggregate_2,2009,626.958
aut,sex_m,geo_cov_nat,mts_aggregate_2,2010,630.325
aut,sex_m,geo_cov_nat,mts_aggregate_2,2011,643.637
aut,sex_m,geo_cov_nat,mts_aggregate_2,2012,647.64
aut,sex_m,geo_cov_nat,mts_aggregate_2,2013,648.236
aut,sex_m,geo_cov_nat,mts_aggregate_2,2014,649.824
aut,sex_m,geo_cov_nat,mts_aggregate_2,2015,660.545
aut,sex_m,geo_cov_nat,mts_aggregate_2,2016,661.475
aut,sex_m,geo_cov_nat,mts_aggregate_2,2017,649.438
aut,sex_m,geo_cov_nat,mts_aggregate_2,2018,654.802
aut,sex_m,geo_cov_nat,mts_aggregate_2,2019,667.234
aut,sex_m,geo_cov_nat,mts_aggregate_2,2020,673.657
aut,sex_m,geo_cov_nat,mts_aggregate_total,1995,909.54
aut,sex_m,geo_cov_nat,mts_aggregate_total,1996,934.402
aut,sex_m,geo_cov_nat,mts_aggregate_total,1997,958.887
aut,sex_m,geo_cov_nat,mts_aggregate_total,1998,955.389
aut,sex_m,geo_cov_nat,mts_aggregate_total,1999,954.893
aut,sex_m,geo_cov_nat,mts_aggregate_total,2000,977.063
aut,sex_m,geo_cov_nat,mts_aggregate_total,2001,1013.643
aut,sex_m,geo_cov_nat,mts_aggregate_total,2002,992.056
aut,sex_m,geo_cov_nat,mts_aggregate_total,2003,1011.184
aut,sex_m,geo_cov_nat,mts_aggregate_total,2004,1116.847
aut,sex_m,geo_cov_nat,mts_aggregate_total,2005,1094.853
aut,sex_m,geo_cov_nat,mts_aggregate_total,2006,1093.056
aut,sex_m,geo_cov_nat,mts_aggregate_total,2007,1074.441
aut,sex_m,geo_cov_nat,mts_aggregate_total,2008,1085.243
aut,sex_m,geo_cov_nat,mts_aggregate_total,2009,1095.718
aut,sex_m,geo_cov_nat,mts_aggregate_total,2010,1108.566
aut,sex_m,geo_cov_nat,mts_aggregate_total,2011,1120.61
aut,sex_m,geo_cov_nat,mts_aggregate_total,2012,1128.726
aut,sex_m,geo_cov_nat,mts_aggregate_total,2013,1138.517
aut,sex_m,geo_cov_nat,mts_aggregate_total,2014,1167.351
aut,sex_m,geo_cov_nat,mts_aggregate_total,2015,1182.027
aut,sex_m,geo_cov_nat,mts_aggregate_total,2016,1187.914
aut,sex_m,geo_cov_nat,mts_aggregate_total,2017,1190.353
aut,sex_m,geo_cov_nat,mts_aggregate_total,2018,1184.311
aut,sex_m,geo_cov_nat,mts_aggregate_total,2019,1193.488
aut,sex_m,geo_cov_nat,mts_aggregate_total,2020,1231.841
aut,sex_m,geo_cov_rur,mts_aggregate_1,1995,127.321
aut,sex_m,geo_cov_rur,mts_aggregate_1,1996,139.694
aut,sex_m,geo_cov_rur,mts_aggregate_1,1997,138.749
aut,sex_m,geo_cov_rur,mts_aggregate_1,1998,138.543
aut,sex_m,geo_cov_rur,mts_aggregate_1,1999,142.152
aut,sex_m,geo_cov_rur,mts_aggregate_1,2000,140.326
aut,sex_m,geo_cov_rur,mts_aggregate_1,2001,140.516
aut,sex_m,geo_cov_rur,mts_aggregate_1,2002,137.744
aut,sex_m,geo_cov_rur,mts_aggregate_1,2003,141.413
aut,sex_m,geo_cov_rur,mts_aggregate_1,2004,184.566
aut,sex_m,geo_cov_rur,mts_aggregate_1,2005,169.052
aut,sex_m,geo_cov_rur,mts_aggregate_1,2006,161.115
aut,sex_m,geo_cov_rur,mts_aggregate_1,2007,160.499
aut,sex_m,geo_cov_rur,mts_aggregate_1,2008,160.672
aut,sex_m,geo_cov_rur,mts_aggregate_1,2009,164.288
aut,sex_m,geo_cov_rur,mts_aggregate_1,2010,166.044
aut,sex_m,geo_cov_rur,mts_aggregate_1,2011,162.786
aut,sex_m,geo_cov_rur,mts_aggregate_1,2012,177.817
aut,sex_m,geo_cov_rur,mts_aggregate_1,2013,174.429
aut,sex_m,geo_cov_rur,mts_aggregate_1,2014,186.679
aut,sex_m,geo_cov_rur,mts_aggregate_1,2015,184.439
aut,sex_m,geo_cov_rur,mts_aggregate_1,2016,188.539
aut,sex_m,geo_cov_rur,mts_aggregate_1,2017,184.062
aut,sex_m,geo_cov_rur,mts_aggregate_1,2018,176.373
aut,sex_m,geo_cov_rur,mts_aggregate_1,2019,176.168
aut,sex_m,geo_cov_rur,mts_aggregate_1,2020,192.459
aut,sex_m,geo_cov_rur,mts_aggregate_2,1995,217.208
aut,sex_m,geo_cov_rur,mts_aggregate_2,1996,231.823
aut,sex_m,geo_cov_rur,mts_aggregate_2,1997,236.292
aut,sex_m,geo_cov_rur,mts_aggregate_2,1998,239.691
aut,sex_m,geo_cov_rur,mts_aggregate_2,1999,238.212
aut,sex_m,geo_cov_rur,mts_aggregate_2,2000,246.807
aut,sex_m,geo_cov_rur,mts_aggregate_2,2001,259.204
aut,sex_m,geo_cov_rur,mts_aggregate_2,2002,246.53
aut,sex_m,geo_cov_rur,mts_aggregate_2,2003,256.332
aut,sex_m,geo_cov_rur,mts_aggregate_2,2004,290.546
aut,sex_m,geo_cov_rur,mts_aggregate_2,2005,266.449
aut,sex_m,geo_cov_rur,mts_aggregate_2,2006,261.477
aut,sex_m,geo_cov_rur,mts_aggregate_2,2007,249.464
aut,sex_m,geo_cov_rur,mts_aggregate_2,2008,258.613
aut,sex_m,geo_cov_rur,mts_aggregate_2,2009,251.871
aut,sex_m,geo_cov_rur,mts_aggregate_2,2010,251.748
aut,sex_m,geo_cov_rur,mts_aggregate_2,2011,258.115
aut,sex_m,geo_cov_rur,mts_aggregate_2,2012,279.036
aut,sex_m,geo_cov_rur,mts_aggregate_2,2013,284.182
aut,sex_m,geo_cov_rur,mts_aggregate_2,2014,278.434
aut,sex_m,geo_cov_rur,mts_aggregate_2,2015,284.33
aut,sex_m,geo_cov_rur,mts_aggregate_2,2016,283.193
aut,sex_m,geo_cov_rur,mts_aggregate_2,2017,274.406
aut,sex_m,geo_cov_rur,mts_aggregate_2,2018,276.67
aut,sex_m,geo_cov_rur,mts_aggregate_2,2019,282.824
aut,sex_m,geo_cov_rur,mts_aggregate_2,2020,284.951
aut,sex_m,geo_cov_rur,mts_aggregate_total,1995,344.528
aut,sex_m,geo_cov_rur,mts_aggregate_total,1996,371.517
aut,sex_m,geo_cov_rur,mts_aggregate_total,1997,375.041
aut,sex_m,geo_cov_rur,mts_aggregate_total,1998,378.234
aut,sex_m,geo_cov_rur,mts_aggregate_total,1999,380.364
aut,sex_m,geo_cov_rur,mts_aggregate_total,2000,387.133
aut,sex_m,geo_cov_rur,mts_aggregate_total,2001,399.72
aut,sex_m,geo_cov_rur,mts_aggregate_total,2002,384.275
aut,sex_m,geo_cov_rur,mts_aggregate_total,2003,397.745
aut,sex_m,geo_cov_rur,mts_aggregate_total,2004,475.112
aut,sex_m,geo_cov_rur,mts_aggregate_total,2005,435.501
aut,sex_m,geo_cov_rur,mts_aggregate_total,2006,422.592
aut,sex_m,geo_cov_rur,mts_aggregate_total,2007,409.962
aut,sex_m,geo_cov_rur,mts_aggregate_total,2008,419.284
aut,sex_m,geo_cov_rur,mts_aggregate_total,2009,416.159
aut,sex_m,geo_cov_rur,mts_aggregate_total,2010,417.791
aut,sex_m,geo_cov_rur,mts_aggregate_total,2011,420.901
aut,sex_m,geo_cov_rur,mts_aggregate_total,2012,456.853
aut,sex_m,geo_cov_rur,mts_aggregate_total,2013,458.612
aut,sex_m,geo_cov_rur,mts_aggregate_total,2014,465.112
aut,sex_m,geo_cov_rur,mts_aggregate_total,2015,468.769
aut,sex_m,geo_cov_rur,mts_aggregate_total,2016,471.732
aut,sex_m,geo_cov_rur,mts_aggregate_total,2017,458.468
aut,sex_m,geo_cov_rur,mts_aggregate_total,2018,453.042
aut,sex_m,geo_cov_rur,mts_aggregate_total,2019,458.992
aut,sex_m,geo_cov_rur,mts_aggregate_total,2020,477.41
aut,sex_m,geo_cov_urb,mts_aggregate_1,1995,235.316
aut,sex_m,geo_cov_urb,mts_aggregate_1,1996,233.924
aut,sex_m,geo_cov_urb,mts_aggregate_1,1997,241.772
aut,sex_m,geo_cov_urb,mts_aggregate_1,1998,236.373
aut,sex_m,geo_cov_urb,mts_aggregate_1,1999,230.079
aut,sex_m,geo_cov_urb,mts_aggregate_1,2000,239.24
aut,sex_m,geo_cov_urb,mts_aggregate_1,2001,245.948
aut,sex_m,geo_cov_urb,mts_aggregate_1,2002,245.279
aut,sex_m,geo_cov_urb,mts_aggregate_1,2003,253.274
aut,sex_m,geo_cov_urb,mts_aggregate_1,2004,264.1
aut,sex_m,geo_cov_urb,mts_aggregate_1,2005,275.296
aut,sex_m,geo_cov_urb,mts_aggregate_1,2006,289.541
aut,sex_m,geo_cov_urb,mts_aggregate_1,2007,301.493
aut,sex_m,geo_cov_urb,mts_aggregate_1,2008,303.514
aut,sex_m,geo_cov_urb,mts_aggregate_1,2009,304.473
aut,sex_m,geo_cov_urb,mts_aggregate_1,2010,312.197
aut,sex_m,geo_cov_urb,mts_aggregate_1,2011,314.187
aut,sex_m,geo_cov_urb,mts_aggregate_1,2012,303.269
aut,sex_m,geo_cov_urb,mts_aggregate_1,2013,315.852
aut,sex_m,geo_cov_urb,mts_aggregate_1,2014,330.848
aut,sex_m,geo_cov_urb,mts_aggregate_1,2015,337.043
aut,sex_m,geo_cov_urb,mts_aggregate_1,2016,337.9
aut,sex_m,geo_cov_urb,mts_aggregate_1,2017,356.853
aut,sex_m,geo_cov_urb,mts_aggregate_1,2018,353.137
aut,sex_m,geo_cov_urb,mts_aggregate_1,2019,350.086
aut,sex_m,geo_cov_urb,mts_aggregate_1,2020,365.725
aut,sex_m,geo_cov_urb,mts_aggregate_2,1995,329.696
aut,sex_m,geo_cov_urb,mts_aggregate_2,1996,328.961
aut,sex_m,geo_cov_urb,mts_aggregate_2,1997,342.074
aut,sex_m,geo_cov_urb,mts_aggregate_2,1998,340.783
aut,sex_m,geo_cov_urb,mts_aggregate_2,1999,344.45
aut,sex_m,geo_cov_urb,mts_aggregate_2,2000,350.69
aut,sex_m,geo_cov_urb,mts_aggregate_2,2001,367.975
aut,sex_m,geo_cov_urb,mts_aggregate_2,2002,362.503
aut,sex_m,geo_cov_urb,mts_aggregate_2,2003,360.164
aut,sex_m,geo_cov_urb,mts_aggregate_2,2004,377.635
aut,sex_m,geo_cov_urb,mts_aggregate_2,2005,384.056
aut,sex_m,geo_cov_urb,mts_aggregate_2,2006,380.923
aut,sex_m,geo_cov_urb,mts_aggregate_2,2007,362.986
aut,sex_m,geo_cov_urb,mts_aggregate_2,2008,362.445
aut,sex_m,geo_cov_urb,mts_aggregate_2,2009,375.087
aut,sex_m,geo_cov_urb,mts_aggregate_2,2010,378.578
aut,sex_m,geo_cov_urb,mts_aggregate_2,2011,385.522
aut,sex_m,geo_cov_urb,mts_aggregate_2,2012,368.604
aut,sex_m,geo_cov_urb,mts_aggregate_2,2013,364.053
aut,sex_m,geo_cov_urb,mts_aggregate_2,2014,371.391
aut,sex_m,geo_cov_urb,mts_aggregate_2,2015,376.215
aut,sex_m,geo_cov_urb,mts_aggregate_2,2016,378.282
aut,sex_m,geo_cov_urb,mts_aggregate_2,2017,375.032
aut,sex_m,geo_cov_urb,mts_aggregate_2,2018,378.132
aut,sex_m,geo_cov_urb,mts_aggregate_2,2019,384.41
aut,sex_m,geo_cov_urb,mts_aggregate_2,2020,388.705
aut,sex_m,geo_cov_urb,mts_aggregate_total,1995,565.012
aut,sex_m,geo_cov_urb,mts_aggregate_total,1996,562.885
aut,sex_m,geo_cov_urb,mts_aggregate_total,1997,583.846
aut,sex_m,geo_cov_urb,mts_aggregate_total,1998,577.156
aut,sex_m,geo_cov_urb,mts_aggregate_total,1999,574.529
aut,sex_m,geo_cov_urb,mts_aggregate_total,2000,589.93
aut,sex_m,geo_cov_urb,mts_aggregate_total,2001,613.923
aut,sex_m,geo_cov_urb,mts_aggregate_total,2002,607.782
aut,sex_m,geo_cov_urb,mts_aggregate_total,2003,613.439
aut,sex_m,geo_cov_urb,mts_aggregate_total,2004,641.735
aut,sex_m,geo_cov_urb,mts_aggregate_total,2005,659.351
aut,sex_m,geo_cov_urb,mts_aggregate_total,2006,670.464
aut,sex_m,geo_cov_urb,mts_aggregate_total,2007,664.479
aut,sex_m,geo_cov_urb,mts_aggregate_total,2008,665.959
aut,sex_m,geo_cov_urb,mts_aggregate_total,2009,679.559
aut,sex_m,geo_cov_urb,mts_aggregate_total,2010,690.775
aut,sex_m,geo_cov_urb,mts_aggregate_total,2011,699.709
aut,sex_m,geo_cov_urb,mts_aggregate_total,2012,671.873
aut,sex_m,geo_cov_urb,mts_aggregate_total,2013,679.905
aut,sex_m,geo_cov_urb,mts_aggregate_total,2014,702.238
aut,sex_m,geo_cov_urb,mts_aggregate_total,2015,713.257
aut,sex_m,geo_cov_urb,mts_aggregate_total,2016,716.182
aut,sex_m,geo_cov_urb,mts_aggregate_total,2017,731.885
aut,sex_m,geo_cov_urb,mts_aggregate_total,2018,731.269
aut,sex_m,geo_cov_urb,mts_aggregate_total,2019,734.496
aut,sex_m,geo_cov_urb,mts_aggregate_total,2020,754.431
aut,sex_t,geo_cov_nat,mts_aggregate_1,1995,1202.873
aut,sex_t,geo_cov_nat,mts_aggregate_1,1996,1229.672
aut,sex_t,geo_cov_nat,mts_aggregate_1,1997,1231.545
aut,sex_t,geo_cov_nat,mts_aggregate_1,1998,1229.831
aut,sex_t,geo_cov_nat,mts_aggregate_1,1999,1220.739
aut,sex_t,geo_cov_nat,mts_aggregate_1,2000,1241.461
aut,sex_t,geo_cov_nat,mts_aggregate_1,2001,1253.395
aut,sex_t,geo_cov_nat,mts_aggregate_1,2002,1239.106
aut,sex_t,geo_cov_nat,mts_aggregate_1,2003,1261.633
aut,sex_t,geo_cov_nat,mts_aggregate_1,2004,1348.093
aut,sex_t,geo_cov_nat,mts_aggregate_1,2005,1329.691
aut,sex_t,geo_cov_nat,mts_aggregate_1,2006,1338.131
aut,sex_t,geo_cov_nat,mts_aggregate_1,2007,1345.001
aut,sex_t,geo_cov_nat,mts_aggregate_1,2008,1340.874
aut,sex_t,geo_cov_nat,mts_aggregate_1,2009,1348.633
aut,sex_t,geo_cov_nat,mts_aggregate_1,2010,1370.958
aut,sex_t,geo_cov_nat,mts_aggregate_1,2011,1353.987
aut,sex_t,geo_cov_nat,mts_aggregate_1,2012,1361.18
aut,sex_t,geo_cov_nat,mts_aggregate_1,2013,1372.991
aut,sex_t,geo_cov_nat,mts_aggregate_1,2014,1411.672
aut,sex_t,geo_cov_nat,mts_aggregate_1,2015,1427.38
aut,sex_t,geo_cov_nat,mts_aggregate_1,2016,1416
aut,sex_t,geo_cov_nat,mts_aggregate_1,2017,1434.03
aut,sex_t,geo_cov_nat,mts_aggregate_1,2018,1437.901
aut,sex_t,geo_cov_nat,mts_aggregate_1,2019,1430.514
aut,sex_t,geo_cov_nat,mts_aggregate_1,2020,1483.878
aut,sex_t,geo_cov_nat,mts_aggregate_2,1995,1419.574
aut,sex_t,geo_cov_nat,mts_aggregate_2,1996,1442.979
aut,sex_t,geo_cov_nat,mts_aggregate_2,1997,1474.745
aut,sex_t,geo_cov_nat,mts_aggregate_2,1998,1454.273
aut,sex_t,geo_cov_nat,mts_aggregate_2,1999,1462.511
aut,sex_t,geo_cov_nat,mts_aggregate_2,2000,1476.049
aut,sex_t,geo_cov_nat,mts_aggregate_2,2001,1508.048
aut,sex_t,geo_cov_nat,mts_aggregate_2,2002,1445.023
aut,sex_t,geo_cov_nat,mts_aggregate_2,2003,1454.549
aut,sex_t,geo_cov_nat,mts_aggregate_2,2004,1510.575
aut,sex_t,geo_cov_nat,mts_aggregate_2,2005,1480.503
aut,sex_t,geo_cov_nat,mts_aggregate_2,2006,1458.175
aut,sex_t,geo_cov_nat,mts_aggregate_2,2007,1411.583
aut,sex_t,geo_cov_nat,mts_aggregate_2,2008,1416.53
aut,sex_t,geo_cov_nat,mts_aggregate_2,2009,1403.175
aut,sex_t,geo_cov_nat,mts_aggregate_2,2010,1396.315
aut,sex_t,geo_cov_nat,mts_aggregate_2,2011,1419.592
aut,sex_t,geo_cov_nat,mts_aggregate_2,2012,1411.23
aut,sex_t,geo_cov_nat,mts_aggregate_2,2013,1408.537
aut,sex_t,geo_cov_nat,mts_aggregate_2,2014,1410.31
aut,sex_t,geo_cov_nat,mts_aggregate_2,2015,1418.727
aut,sex_t,geo_cov_nat,mts_aggregate_2,2016,1429.889
aut,sex_t,geo_cov_nat,mts_aggregate_2,2017,1421.921
aut,sex_t,geo_cov_nat,mts_aggregate_2,2018,1419.664
aut,sex_t,geo_cov_nat,mts_aggregate_2,2019,1440.23
aut,sex_t,geo_cov_nat,mts_aggregate_2,2020,1447.015
aut,sex_t,geo_cov_nat,mts_aggregate_total,1995,2622.447
aut,sex_t,geo_cov_nat,mts_aggregate_total,1996,2672.651
aut,sex_t,geo_cov_nat,mts_aggregate_total,1997,2706.29
aut,sex_t,geo_cov_nat,mts_aggregate_total,1998,2684.104
aut,sex_t,geo_cov_nat,mts_aggregate_total,1999,2683.251
aut,sex_t,geo_cov_nat,mts_aggregate_total,2000,2717.51
aut,sex_t,geo_cov_nat,mts_aggregate_total,2001,2761.443
aut,sex_t,geo_cov_nat,mts_aggregate_total,2002,2684.129
aut,sex_t,geo_cov_nat,mts_aggregate_total,2003,2716.181
aut,sex_t,geo_cov_nat,mts_aggregate_total,2004,2858.668
aut,sex_t,geo_cov_nat,mts_aggregate_total,2005,2810.194
aut,sex_t,geo_cov_nat,mts_aggregate_total,2006,2796.307
aut,sex_t,geo_cov_nat,mts_aggregate_total,2007,2756.584
aut,sex_t,geo_cov_nat,mts_aggregate_total,2008,2757.404
aut,sex_t,geo_cov_nat,mts_aggregate_total,2009,2751.808
aut,sex_t,geo_cov_nat,mts_aggregate_total,2010,2767.274
aut,sex_t,geo_cov_nat,mts_aggregate_total,2011,2773.579
aut,sex_t,geo_cov_nat,mts_aggregate_total,2012,2772.41
aut,sex_t,geo_cov_nat,mts_aggregate_total,2013,2781.529
aut,sex_t,geo_cov_nat,mts_aggregate_total,2014,2821.982
aut,sex_t,geo_cov_nat,mts_aggregate_total,2015,2846.107
aut,sex_t,geo_cov_nat,mts_aggregate_total,2016,2845.889
aut,sex_t,geo_cov_nat,mts_aggregate_total,2017,2855.951
aut,sex_t,geo_cov_nat,mts_aggregate_total,2018,2857.565
aut,sex_t,geo_cov_nat,mts_aggregate_total,2019,2870.744
aut,sex_t,geo_cov_nat,mts_aggregate_total,2020,2930.894
aut,sex_t,geo_cov_rur,mts_aggregate_1,1995,431.61
aut,sex_t,geo_cov_rur,mts_aggregate_1,1996,449.446
aut,sex_t,geo_cov_rur,mts_aggregate_1,1997,448.781
aut,sex_t,geo_cov_rur,mts_aggregate_1,1998,457.831
aut,sex_t,geo_cov_rur,mts_aggregate_1,1999,462.422
aut,sex_t,geo_cov_rur,mts_aggregate_1,2000,457.896
aut,sex_t,geo_cov_rur,mts_aggregate_1,2001,462.517
aut,sex_t,geo_cov_rur,mts_aggregate_1,2002,445.322
aut,sex_t,geo_cov_rur,mts_aggregate_1,2003,454.48
aut,sex_t,geo_cov_rur,mts_aggregate_1,2004,548.032
aut,sex_t,geo_cov_rur,mts_aggregate_1,2005,511.462
aut,sex_t,geo_cov_rur,mts_aggregate_1,2006,500.421
aut,sex_t,geo_cov_rur,mts_aggregate_1,2007,490.133
aut,sex_t,geo_cov_rur,mts_aggregate_1,2008,486.034
aut,sex_t,geo_cov_rur,mts_aggregate_1,2009,490.597
aut,sex_t,geo_cov_rur,mts_aggregate_1,2010,494.71
aut,sex_t,geo_cov_rur,mts_aggregate_1,2011,488.475
aut,sex_t,geo_cov_rur,mts_aggregate_1,2012,502.765
aut,sex_t,geo_cov_rur,mts_aggregate_1,2013,500.013
aut,sex_t,geo_cov_rur,mts_aggregate_1,2014,522.072
aut,sex_t,geo_cov_rur,mts_aggregate_1,2015,525.77
aut,sex_t,geo_cov_rur,mts_aggregate_1,2016,522.235
aut,sex_t,geo_cov_rur,mts_aggregate_1,2017,494.014
aut,sex_t,geo_cov_rur,mts_aggregate_1,2018,489.834
aut,sex_t,geo_cov_rur,mts_aggregate_1,2019,491.898
aut,sex_t,geo_cov_rur,mts_aggregate_1,2020,521.212
aut,sex_t,geo_cov_rur,mts_aggregate_2,1995,580.763
aut,sex_t,geo_cov_rur,mts_aggregate_2,1996,606.302
aut,sex_t,geo_cov_rur,mts_aggregate_2,1997,610.577
aut,sex_t,geo_cov_rur,mts_aggregate_2,1998,609.537
aut,sex_t,geo_cov_rur,mts_aggregate_2,1999,600.782
aut,sex_t,geo_cov_rur,mts_aggregate_2,2000,611.973
aut,sex_t,geo_cov_rur,mts_aggregate_2,2001,620.746
aut,sex_t,geo_cov_rur,mts_aggregate_2,2002,590.191
aut,sex_t,geo_cov_rur,mts_aggregate_2,2003,611.166
aut,sex_t,geo_cov_rur,mts_aggregate_2,2004,661.838
aut,sex_t,geo_cov_rur,mts_aggregate_2,2005,612.761
aut,sex_t,geo_cov_rur,mts_aggregate_2,2006,593.276
aut,sex_t,geo_cov_rur,mts_aggregate_2,2007,566.678
aut,sex_t,geo_cov_rur,mts_aggregate_2,2008,586.454
aut,sex_t,geo_cov_rur,mts_aggregate_2,2009,561.584
aut,sex_t,geo_cov_rur,mts_aggregate_2,2010,553.348
aut,sex_t,geo_cov_rur,mts_aggregate_2,2011,564.582
aut,sex_t,geo_cov_rur,mts_aggregate_2,2012,601.144
aut,sex_t,geo_cov_rur,mts_aggregate_2,2013,606.819
aut,sex_t,geo_cov_rur,mts_aggregate_2,2014,597.82
aut,sex_t,geo_cov_rur,mts_aggregate_2,2015,598.433
aut,sex_t,geo_cov_rur,mts_aggregate_2,2016,597.604
aut,sex_t,geo_cov_rur,mts_aggregate_2,2017,580.372
aut,sex_t,geo_cov_rur,mts_aggregate_2,2018,582.691
aut,sex_t,geo_cov_rur,mts_aggregate_2,2019,593.811
aut,sex_t,geo_cov_rur,mts_aggregate_2,2020,594.854
aut,sex_t,geo_cov_rur,mts_aggregate_total,1995,1012.373
aut,sex_t,geo_cov_rur,mts_aggregate_total,1996,1055.748
aut,sex_t,geo_cov_rur,mts_aggregate_total,1997,1059.358
aut,sex_t,geo_cov_rur,mts_aggregate_total,1998,1067.368
aut,sex_t,geo_cov_rur,mts_aggregate_total,1999,1063.204
aut,sex_t,geo_cov_rur,mts_aggregate_total,2000,1069.869
aut,sex_t,geo_cov_rur,mts_aggregate_total,2001,1083.263
aut,sex_t,geo_cov_rur,mts_aggregate_total,2002,1035.513
aut,sex_t,geo_cov_rur,mts_aggregate_total,2003,1065.646
aut,sex_t,geo_cov_rur,mts_aggregate_total,2004,1209.87
aut,sex_t,geo_cov_rur,mts_aggregate_total,2005,1124.224
aut,sex_t,geo_cov_rur,mts_aggregate_total,2006,1093.697
aut,sex_t,geo_cov_rur,mts_aggregate_total,2007,1056.811
aut,sex_t,geo_cov_rur,mts_aggregate_total,2008,1072.487
aut,sex_t,geo_cov_rur,mts_aggregate_total,2009,1052.181
aut,sex_t,geo_cov_rur,mts_aggregate_total,2010,1048.058
aut,sex_t,geo_cov_rur,mts_aggregate_total,2011,1053.057
aut,sex_t,geo_cov_rur,mts_aggregate_total,2012,1103.91
aut,sex_t,geo_cov_rur,mts_aggregate_total,2013,1106.833
aut,sex_t,geo_cov_rur,mts_aggregate_total,2014,1119.892
aut,sex_t,geo_cov_rur,mts_aggregate_total,2015,1124.203
aut,sex_t,geo_cov_rur,mts_aggregate_total,2016,1119.839
aut,sex_t,geo_cov_rur,mts_aggregate_total,2017,1074.385
aut,sex_t,geo_cov_rur,mts_aggregate_total,2018,1072.525
aut,sex_t,geo_cov_rur,mts_aggregate_total,2019,1085.71
aut,sex_t,geo_cov_rur,mts_aggregate_total,2020,1116.066
aut,sex_t,geo_cov_urb,mts_aggregate_1,1995,771.263
aut,sex_t,geo_cov_urb,mts_aggregate_1,1996,780.226
aut,sex_t,geo_cov_urb,mts_aggregate_1,1997,782.764
aut,sex_t,geo_cov_urb,mts_aggregate_1,1998,772
aut,sex_t,geo_cov_urb,mts_aggregate_1,1999,758.317
aut,sex_t,geo_cov_urb,mts_aggregate_1,2000,783.566
aut,sex_t,geo_cov_urb,mts_aggregate_1,2001,790.878
aut,sex_t,geo_cov_urb,mts_aggregate_1,2002,793.784
aut,sex_t,geo_cov_urb,mts_aggregate_1,2003,807.153
aut,sex_t,geo_cov_urb,mts_aggregate_1,2004,800.06
aut,sex_t,geo_cov_urb,mts_aggregate_1,2005,818.229
aut,sex_t,geo_cov_urb,mts_aggregate_1,2006,837.71
aut,sex_t,geo_cov_urb,mts_aggregate_1,2007,854.868
aut,sex_t,geo_cov_urb,mts_aggregate_1,2008,854.84
aut,sex_t,geo_cov_urb,mts_aggregate_1,2009,858.036
aut,sex_t,geo_cov_urb,mts_aggregate_1,2010,876.248
aut,sex_t,geo_cov_urb,mts_aggregate_1,2011,865.512
aut,sex_t,geo_cov_urb,mts_aggregate_1,2012,858.415
aut,sex_t,geo_cov_urb,mts_aggregate_1,2013,872.978
aut,sex_t,geo_cov_urb,mts_aggregate_1,2014,889.6
aut,sex_t,geo_cov_urb,mts_aggregate_1,2015,901.609
aut,sex_t,geo_cov_urb,mts_aggregate_1,2016,893.765
aut,sex_t,geo_cov_urb,mts_aggregate_1,2017,940.017
aut,sex_t,geo_cov_urb,mts_aggregate_1,2018,948.066
aut,sex_t,geo_cov_urb,mts_aggregate_1,2019,938.616
aut,sex_t,geo_cov_urb,mts_aggregate_1,2020,962.666
aut,sex_t,geo_cov_urb,mts_aggregate_2,1995,838.811
aut,sex_t,geo_cov_urb,mts_aggregate_2,1996,836.677
aut,sex_t,geo_cov_urb,mts_aggregate_2,1997,864.168
aut,sex_t,geo_cov_urb,mts_aggregate_2,1998,844.736
aut,sex_t,geo_cov_urb,mts_aggregate_2,1999,861.73
aut,sex_t,geo_cov_urb,mts_aggregate_2,2000,864.076
aut,sex_t,geo_cov_urb,mts_aggregate_2,2001,887.302
aut,sex_t,geo_cov_urb,mts_aggregate_2,2002,854.832
aut,sex_t,geo_cov_urb,mts_aggregate_2,2003,843.382
aut,sex_t,geo_cov_urb,mts_aggregate_2,2004,848.738
aut,sex_t,geo_cov_urb,mts_aggregate_2,2005,867.741
aut,sex_t,geo_cov_urb,mts_aggregate_2,2006,864.899
aut,sex_t,geo_cov_urb,mts_aggregate_2,2007,844.905
aut,sex_t,geo_cov_urb,mts_aggregate_2,2008,830.076
aut,sex_t,geo_cov_urb,mts_aggregate_2,2009,841.592
aut,sex_t,geo_cov_urb,mts_aggregate_2,2010,842.968
aut,sex_t,geo_cov_urb,mts_aggregate_2,2011,855.01
aut,sex_t,geo_cov_urb,mts_aggregate_2,2012,810.086
aut,sex_t,geo_cov_urb,mts_aggregate_2,2013,801.718
aut,sex_t,geo_cov_urb,mts_aggregate_2,2014,812.49
aut,sex_t,geo_cov_urb,mts_aggregate_2,2015,820.294
aut,sex_t,geo_cov_urb,mts_aggregate_2,2016,832.285
aut,sex_t,geo_cov_urb,mts_aggregate_2,2017,841.549
aut,sex_t,geo_cov_urb,mts_aggregate_2,2018,836.973
aut,sex_t,geo_cov_urb,mts_aggregate_2,2019,846.419
aut,sex_t,geo_cov_urb,mts_aggregate_2,2020,852.161
aut,sex_t,geo_cov_urb,mts_aggregate_total,1995,1610.074
aut,sex_t,geo_cov_urb,mts_aggregate_total,1996,1616.903
aut,sex_t,geo_cov_urb,mts_aggregate_total,1997,1646.932
aut,sex_t,geo_cov_urb,mts_aggregate_total,1998,1616.737
aut,sex_t,geo_cov_urb,mts_aggregate_total,1999,1620.047
aut,sex_t,geo_cov_urb,mts_aggregate_total,2000,1647.642
aut,sex_t,geo_cov_urb,mts_aggregate_total,2001,1678.18
aut,sex_t,geo_cov_urb,mts_aggregate_total,2002,1648.616
aut,sex_t,geo_cov_urb,mts_aggregate_total,2003,1650.536
aut,sex_t,geo_cov_urb,mts_aggregate_total,2004,1648.798
aut,sex_t,geo_cov_urb,mts_aggregate_total,2005,1685.97
aut,sex_t,geo_cov_urb,mts_aggregate_total,2006,1702.61
aut,sex_t,geo_cov_urb,mts_aggregate_total,2007,1699.773
aut,sex_t,geo_cov_urb,mts_aggregate_total,2008,1684.916
aut,sex_t,geo_cov_urb,mts_aggregate_total,2009,1699.627
aut,sex_t,geo_cov_urb,mts_aggregate_total,2010,1719.216
aut,sex_t,geo_cov_urb,mts_aggregate_total,2011,1720.522
aut,sex_t,geo_cov_urb,mts_aggregate_total,2012,1668.501
aut,sex_t,geo_cov_urb,mts_aggregate_total,2013,1674.696
aut,sex_t,geo_cov_urb,mts_aggregate_total,2014,1702.09
aut,sex_t,geo_cov_urb,mts_aggregate_total,2015,1721.904
aut,sex_t,geo_cov_urb,mts_aggregate_total,2016,1726.05
aut,sex_t,geo_cov_urb,mts_aggregate_total,2017,1781.566
aut,sex_t,geo_cov_urb,mts_aggregate_total,2018,1785.04
aut,sex_t,geo_cov_urb,mts_aggregate_total,2019,1785.034
aut,sex_t,geo_cov_urb,mts_aggregate_total,2020,1814.827
bdi,sex_f,geo_cov_nat,mts_aggregate_1,2006,278.888
bdi,sex_f,geo_cov_nat,mts_aggregate_1,2014,450.587
bdi,sex_f,geo_cov_nat,mts_aggregate_1,2020,620.079
bdi,sex_f,geo_cov_nat,mts_aggregate_2,2006,183.201
bdi,sex_f,geo_cov_nat,mts_aggregate_2,2014,65.077
bdi,sex_f,geo_cov_nat,mts_aggregate_2,2020,151.43
bdi,sex_f,geo_cov_nat,mts_aggregate_total,2006,462.712
bdi,sex_f,geo_cov_nat,mts_aggregate_total,2014,515.665
bdi,sex_f,geo_cov_nat,mts_aggregate_total,2020,771.509
bdi,sex_f,geo_cov_nat,mts_details_mrd,2006,183.201
bdi,sex_f,geo_cov_nat,mts_details_mrd,2014,53.153
bdi,sex_f,geo_cov_nat,mts_details_mrd,2020,144.656
bdi,sex_f,geo_cov_nat,mts_details_sep,2006,9.297
bdi,sex_f,geo_cov_nat,mts_details_sep,2014,7.821
bdi,sex_f,geo_cov_nat,mts_details_sep,2020,15.617
bdi,sex_f,geo_cov_nat,mts_details_sgle,2006,205.379
bdi,sex_f,geo_cov_nat,mts_details_sgle,2014,381.391
bdi,sex_f,geo_cov_nat,mts_details_sgle,2020,526.596
bdi,sex_f,geo_cov_nat,mts_details_total,2006,462.712
bdi,sex_f,geo_cov_nat,mts_details_total,2014,515.665
bdi,sex_f,geo_cov_nat,mts_details_total,2020,771.509
bdi,sex_f,geo_cov_nat,mts_details_union,2014,11.925
bdi,sex_f,geo_cov_nat,mts_details_union,2020,6.773
bdi,sex_f,geo_cov_nat,mts_details_wid,2006,64.212
bdi,sex_f,geo_cov_nat,mts_details_wid,2014,61.375
bdi,sex_f,geo_cov_nat,mts_details_wid,2020,77.866
bdi,sex_f,geo_cov_rur,mts_aggregate_1,2006,238.044
bdi,sex_f,geo_cov_rur,mts_aggregate_1,2014,367.29
bdi,sex_f,geo_cov_rur,mts_aggregate_1,2020,501.965
bdi,sex_f,geo_cov_rur,mts_aggregate_2,2006,168.643
bdi,sex_f,geo_cov_rur,mts_aggregate_2,2014,31.196
bdi,sex_f,geo_cov_rur,mts_aggregate_2,2020,102.185
bdi,sex_f,geo_cov_rur,mts_aggregate_total,2006,407.311
bdi,sex_f,geo_cov_rur,mts_aggregate_total,2014,398.486
bdi,sex_f,geo_cov_rur,mts_aggregate_total,2020,604.151
bdi,sex_f,geo_cov_rur,mts_details_mrd,2006,168.643
bdi,sex_f,geo_cov_rur,mts_details_mrd,2014,27.361
bdi,sex_f,geo_cov_rur,mts_details_mrd,2020,99.613
bdi,sex_f,geo_cov_rur,mts_details_sep,2006,8.241
bdi,sex_f,geo_cov_rur,mts_details_sep,2014,5.021
bdi,sex_f,geo_cov_rur,mts_details_sep,2020,11.762
bdi,sex_f,geo_cov_rur,mts_details_sgle,2006,172.046
bdi,sex_f,geo_cov_rur,mts_details_sgle,2014,310.532
bdi,sex_f,geo_cov_rur,mts_details_sgle,2020,426.094
bdi,sex_f,geo_cov_rur,mts_details_total,2006,407.311
bdi,sex_f,geo_cov_rur,mts_details_total,2014,398.486
bdi,sex_f,geo_cov_rur,mts_details_total,2020,604.151
bdi,sex_f,geo_cov_rur,mts_details_union,2014,3.835
bdi,sex_f,geo_cov_rur,mts_details_union,2020,2.572
bdi,sex_f,geo_cov_rur,mts_details_wid,2006,57.758
bdi,sex_f,geo_cov_rur,mts_details_wid,2014,51.737
bdi,sex_f,geo_cov_rur,mts_details_wid,2020,64.11
bdi,sex_f,geo_cov_urb,mts_aggregate_1,2006,40.843
bdi,sex_f,geo_cov_urb,mts_aggregate_1,2014,83.297
bdi,sex_f,geo_cov_urb,mts_aggregate_1,2020,118.114
bdi,sex_f,geo_cov_urb,mts_aggregate_2,2006,14.558
bdi,sex_f,geo_cov_urb,mts_aggregate_2,2014,33.882
bdi,sex_f,geo_cov_urb,mts_aggregate_2,2020,49.245
bdi,sex_f,geo_cov_urb,mts_aggregate_total,2006,55.402
bdi,sex_f,geo_cov_urb,mts_aggregate_total,2014,117.179
bdi,sex_f,geo_cov_urb,mts_aggregate_total,2020,167.358
bdi,sex_f,geo_cov_urb,mts_details_mrd,2006,14.558
bdi,sex_f,geo_cov_urb,mts_details_mrd,2014,25.791
bdi,sex_f,geo_cov_urb,mts_details_mrd,2020,45.043
bdi,sex_f,geo_cov_urb,mts_details_sep,2006,1.056
bdi,sex_f,geo_cov_urb,mts_details_sep,2014,2.8
bdi,sex_f,geo_cov_urb,mts_details_sep,2020,3.855
bdi,sex_f,geo_cov_urb,mts_details_sgle,2006,33.333
bdi,sex_f,geo_cov_urb,mts_details_sgle,2014,70.859
bdi,sex_f,geo_cov_urb,mts_details_sgle,2020,100.502
bdi,sex_f,geo_cov_urb,mts_details_total,2006,55.402
bdi,sex_f,geo_cov_urb,mts_details_total,2014,117.179
bdi,sex_f,geo_cov_urb,mts_details_total,2020,167.358
bdi,sex_f,geo_cov_urb,mts_details_union,2014,8.09
bdi,sex_f,geo_cov_urb,mts_details_union,2020,4.202
bdi,sex_f,geo_cov_urb,mts_details_wid,2006,6.454
bdi,sex_f,geo_cov_urb,mts_details_wid,2014,9.638
bdi,sex_f,geo_cov_urb,mts_details_wid,2020,13.757
bdi,sex_m,geo_cov_nat,mts_aggregate_1,2006,265.145
bdi,sex_m,geo_cov_nat,mts_aggregate_1,2014,421.261
bdi,sex_m,geo_cov_nat,mts_aggregate_1,2020,494.028
bdi,sex_m,geo_cov_nat,mts_aggregate_2,2006,112.716
bdi,sex_m,geo_cov_nat,mts_aggregate_2,2014,59.301
bdi,sex_m,geo_cov_nat,mts_aggregate_2,2020,100.675
bdi,sex_m,geo_cov_nat,mts_aggregate_total,2006,378.212
bdi,sex_m,geo_cov_nat,mts_aggregate_total,2014,480.562
bdi,sex_m,geo_cov_nat,mts_aggregate_total,2020,594.703
bdi,sex_m,geo_cov_nat,mts_details_mrd,2006,112.716
bdi,sex_m,geo_cov_nat,mts_details_mrd,2014,51.321
bdi,sex_m,geo_cov_nat,mts_details_mrd,2020,99.596
bdi,sex_m,geo_cov_nat,mts_details_sep,2006,2.023
bdi,sex_m,geo_cov_nat,mts_details_sep,2014,1.005
bdi,sex_m,geo_cov_nat,mts_details_sep,2020,2.485
bdi,sex_m,geo_cov_nat,mts_details_sgle,2006,248.682
bdi,sex_m,geo_cov_nat,mts_details_sgle,2014,407.666
bdi,sex_m,geo_cov_nat,mts_details_sgle,2020,483.38
bdi,sex_m,geo_cov_nat,mts_details_total,2006,378.212
bdi,sex_m,geo_cov_nat,mts_details_total,2014,480.562
bdi,sex_m,geo_cov_nat,mts_details_total,2020,594.703
bdi,sex_m,geo_cov_nat,mts_details_union,2014,7.98
bdi,sex_m,geo_cov_nat,mts_details_union,2020,1.079
bdi,sex_m,geo_cov_nat,mts_details_wid,2006,14.44
bdi,sex_m,geo_cov_nat,mts_details_wid,2014,12.591
bdi,sex_m,geo_cov_nat,mts_details_wid,2020,8.163
bdi,sex_m,geo_cov_rur,mts_aggregate_1,2006,231.151
bdi,sex_m,geo_cov_rur,mts_aggregate_1,2014,349.409
bdi,sex_m,geo_cov_rur,mts_aggregate_1,2020,397.818
bdi,sex_m,geo_cov_rur,mts_aggregate_2,2006,106.17
bdi,sex_m,geo_cov_rur,mts_aggregate_2,2014,48.517
bdi,sex_m,geo_cov_rur,mts_aggregate_2,2020,84.438
bdi,sex_m,geo_cov_rur,mts_aggregate_total,2006,337.673
bdi,sex_m,geo_cov_rur,mts_aggregate_total,2014,397.925
bdi,sex_m,geo_cov_rur,mts_aggregate_total,2020,482.255
bdi,sex_m,geo_cov_rur,mts_details_mrd,2006,106.17
bdi,sex_m,geo_cov_rur,mts_details_mrd,2014,41.421
bdi,sex_m,geo_cov_rur,mts_details_mrd,2020,83.985
bdi,sex_m,geo_cov_rur,mts_details_sep,2006,1.846
bdi,sex_m,geo_cov_rur,mts_details_sep,2020,2.342
bdi,sex_m,geo_cov_rur,mts_details_sgle,2006,216.254
bdi,sex_m,geo_cov_rur,mts_details_sgle,2014,338.268
bdi,sex_m,geo_cov_rur,mts_details_sgle,2020,388.891
bdi,sex_m,geo_cov_rur,mts_details_total,2006,337.673
bdi,sex_m,geo_cov_rur,mts_details_total,2014,397.925
bdi,sex_m,geo_cov_rur,mts_details_total,2020,482.255
bdi,sex_m,geo_cov_rur,mts_details_union,2014,7.096
bdi,sex_m,geo_cov_rur,mts_details_wid,2006,13.052
bdi,sex_m,geo_cov_rur,mts_details_wid,2014,10.614
bdi,sex_m,geo_cov_rur,mts_details_wid,2020,6.584
bdi,sex_m,geo_cov_urb,mts_aggregate_1,2006,33.994
bdi,sex_m,geo_cov_urb,mts_aggregate_1,2014,71.853
bdi,sex_m,geo_cov_urb,mts_aggregate_1,2020,96.21
bdi,sex_m,geo_cov_urb,mts_aggregate_2,2006,6.546
bdi,sex_m,geo_cov_urb,mts_aggregate_2,2014,10.784
bdi,sex_m,geo_cov_urb,mts_aggregate_2,2020,16.237
bdi,sex_m,geo_cov_urb,mts_aggregate_total,2006,40.54
bdi,sex_m,geo_cov_urb,mts_aggregate_total,2014,82.636
bdi,sex_m,geo_cov_urb,mts_aggregate_total,2020,112.447
bdi,sex_m,geo_cov_urb,mts_details_mrd,2006,6.546
bdi,sex_m,geo_cov_urb,mts_details_mrd,2014,9.899
bdi,sex_m,geo_cov_urb,mts_details_mrd,2020,15.611
bdi,sex_m,geo_cov_urb,mts_details_sep,2014,0.478
bdi,sex_m,geo_cov_urb,mts_details_sgle,2006,32.428
bdi,sex_m,geo_cov_urb,mts_details_sgle,2014,69.398
bdi,sex_m,geo_cov_urb,mts_details_sgle,2020,94.488
bdi,sex_m,geo_cov_urb,mts_details_total,2006,40.54
bdi,sex_m,geo_cov_urb,mts_details_total,2014,82.636
bdi,sex_m,geo_cov_urb,mts_details_total,2020,112.447
bdi,sex_m,geo_cov_urb,mts_details_union,2014,0.884
bdi,sex_m,geo_cov_urb,mts_details_union,2020,0.626
bdi,sex_m,geo_cov_urb,mts_details_wid,2006,1.388
bdi,sex_m,geo_cov_urb,mts_details_wid,2014,1.977
bdi,sex_m,geo_cov_urb,mts_details_wid,2020,1.579
bdi,sex_t,geo_cov_nat,mts_aggregate_1,2006,544.033
bdi,sex_t,geo_cov_nat,mts_aggregate_1,2014,871.849
bdi,sex_t,geo_cov_nat,mts_aggregate_1,2020,1114.107
bdi,sex_t,geo_cov_nat,mts_aggregate_2,2006,295.917
bdi,sex_t,geo_cov_nat,mts_aggregate_2,2014,124.378
bdi,sex_t,geo_cov_nat,mts_aggregate_2,2020,252.104
bdi,sex_t,geo_cov_nat,mts_aggregate_total,2006,840.925
bdi,sex_t,geo_cov_nat,mts_aggregate_total,2014,996.226
bdi,sex_t,geo_cov_nat,mts_aggregate_total,2020,1366.212
bdi,sex_t,geo_cov_nat,mts_aggregate_x,2006,0.975
bdi,sex_t,geo_cov_nat,mts_details_mrd,2006,295.917
bdi,sex_t,geo_cov_nat,mts_details_mrd,2014,104.473
bdi,sex_t,geo_cov_nat,mts_details_mrd,2020,244.252
bdi,sex_t,geo_cov_nat,mts_details_sep,2006,11.32
bdi,sex_t,geo_cov_nat,mts_details_sep,2014,8.826
bdi,sex_t,geo_cov_nat,mts_details_sep,2020,18.102
bdi,sex_t,geo_cov_nat,mts_details_sgle,2006,454.061
bdi,sex_t,geo_cov_nat,mts_details_sgle,2014,789.057
bdi,sex_t,geo_cov_nat,mts_details_sgle,2020,1009.976
bdi,sex_t,geo_cov_nat,mts_details_total,2006,840.925
bdi,sex_t,geo_cov_nat,mts_details_total,2014,996.226
bdi,sex_t,geo_cov_nat,mts_details_total,2020,1366.212
bdi,sex_t,geo_cov_nat,mts_details_union,2014,19.905
bdi,sex_t,geo_cov_nat,mts_details_union,2020,7.853
bdi,sex_t,geo_cov_nat,mts_details_wid,2006,78.652
bdi,sex_t,geo_cov_nat,mts_details_wid,2014,73.966
bdi,sex_t,geo_cov_nat,mts_details_wid,2020,86.029
bdi,sex_t,geo_cov_nat,mts_details_x,2006,0.975
bdi,sex_t,geo_cov_rur,mts_aggregate_1,2006,469.196
bdi,sex_t,geo_cov_rur,mts_aggregate_1,2014,716.699
bdi,sex_t,geo_cov_rur,mts_aggregate_1,2020,899.783
bdi,sex_t,geo_cov_rur,mts_aggregate_2,2006,274.813
bdi,sex_t,geo_cov_rur,mts_aggregate_2,2014,79.713
bdi,sex_t,geo_cov_rur,mts_aggregate_2,2020,186.623
bdi,sex_t,geo_cov_rur,mts_aggregate_total,2006,744.983
bdi,sex_t,geo_cov_rur,mts_aggregate_total,2014,796.411
bdi,sex_t,geo_cov_rur,mts_aggregate_total,2020,1086.406
bdi,sex_t,geo_cov_rur,mts_aggregate_x,2006,0.975
bdi,sex_t,geo_cov_rur,mts_details_mrd,2006,274.813
bdi,sex_t,geo_cov_rur,mts_details_mrd,2014,68.782
bdi,sex_t,geo_cov_rur,mts_details_mrd,2020,183.598
bdi,sex_t,geo_cov_rur,mts_details_sep,2006,10.087
bdi,sex_t,geo_cov_rur,mts_details_sep,2014,5.548
bdi,sex_t,geo_cov_rur,mts_details_sep,2020,14.104
bdi,sex_t,geo_cov_rur,mts_details_sgle,2006,388.299
bdi,sex_t,geo_cov_rur,mts_details_sgle,2014,648.8
bdi,sex_t,geo_cov_rur,mts_details_sgle,2020,814.985
bdi,sex_t,geo_cov_rur,mts_details_total,2006,744.983
bdi,sex_t,geo_cov_rur,mts_details_total,2014,796.411
bdi,sex_t,geo_cov_rur,mts_details_total,2020,1086.406
bdi,sex_t,geo_cov_rur,mts_details_union,2014,10.93
bdi,sex_t,geo_cov_rur,mts_details_union,2020,3.025
bdi,sex_t,geo_cov_rur,mts_details_wid,2006,70.81
bdi,sex_t,geo_cov_rur,mts_details_wid,2014,62.351
bdi,sex_t,geo_cov_rur,mts_details_wid,2020,70.694
bdi,sex_t,geo_cov_rur,mts_details_x,2006,0.975
bdi,sex_t,geo_cov_urb,mts_aggregate_1,2006,74.837
bdi,sex_t,geo_cov_urb,mts_aggregate_1,2014,155.15
bdi,sex_t,geo_cov_urb,mts_aggregate_1,2020,214.324
bdi,sex_t,geo_cov_urb,mts_aggregate_2,2006,21.104
bdi,sex_t,geo_cov_urb,mts_aggregate_2,2014,44.665
bdi,sex_t,geo_cov_urb,mts_aggregate_2,2020,65.482
bdi,sex_t,geo_cov_urb,mts_aggregate_total,2006,95.941
bdi,sex_t,geo_cov_urb,mts_aggregate_total,2014,199.815
bdi,sex_t,geo_cov_urb,mts_aggregate_total,2020,279.806
bdi,sex_t,geo_cov_urb,mts_details_mrd,2006,21.104
bdi,sex_t,geo_cov_urb,mts_details_mrd,2014,35.691
bdi,sex_t,geo_cov_urb,mts_details_mrd,2020,60.654
bdi,sex_t,geo_cov_urb,mts_details_sep,2006,1.234
bdi,sex_t,geo_cov_urb,mts_details_sep,2014,3.278
bdi,sex_t,geo_cov_urb,mts_details_sep,2020,3.998
bdi,sex_t,geo_cov_urb,mts_details_sgle,2006,65.762
bdi,sex_t,geo_cov_urb,mts_details_sgle,2014,140.257
bdi,sex_t,geo_cov_urb,mts_details_sgle,2020,194.991
bdi,sex_t,geo_cov_urb,mts_details_total,2006,95.941
bdi,sex_t,geo_cov_urb,mts_details_total,2014,199.815
bdi,sex_t,geo_cov_urb,mts_details_total,2020,279.806
bdi,sex_t,geo_cov_urb,mts_details_union,2014,8.974
bdi,sex_t,geo_cov_urb,mts_details_union,2020,4.828
bdi,sex_t,geo_cov_urb,mts_details_wid,2006,7.842
bdi,sex_t,geo_cov_urb,mts_details_wid,2014,11.615
bdi,sex_t,geo_cov_urb,mts_details_wid,2020,15.335
bel,sex_f,geo_cov_nat,mts_aggregate_1,1992,1179.606
bel,sex_f,geo_cov_nat,mts_aggregate_1,1993,1197.962
bel,sex_f,geo_cov_nat,mts_aggregate_1,1994,1198.958
bel,sex_f,geo_cov_nat,mts_aggregate_1,1995,1198.486
bel,sex_f,geo_cov_nat,mts_aggregate_1,1996,1193.438
bel,sex_f,geo_cov_nat,mts_aggregate_1,1997,1208.688
bel,sex_f,geo_cov_nat,mts_aggregate_1,1998,1203.803
bel,sex_f,geo_cov_nat,mts_aggregate_1,1999,1199.707
bel,sex_f,geo_cov_nat,mts_aggregate_1,2000,1193.623
bel,sex_f,geo_cov_nat,mts_aggregate_1,2001,1225.574
bel,sex_f,geo_cov_nat,mts_aggregate_1,2002,1220.011
bel,sex_f,geo_cov_nat,mts_aggregate_1,2003,1202.903
bel,sex_f,geo_cov_nat,mts_aggregate_1,2004,1200.145
bel,sex_f,geo_cov_nat,mts_aggregate_1,2005,1240.685
bel,sex_f,geo_cov_nat,mts_aggregate_1,2006,1244.211
bel,sex_f,geo_cov_nat,mts_aggregate_1,2007,1233.106
bel,sex_f,geo_cov_nat,mts_aggregate_1,2008,1251.33
bel,sex_f,geo_cov_nat,mts_aggregate_1,2009,1296.327
bel,sex_f,geo_cov_nat,mts_aggregate_1,2010,1321.18
bel,sex_f,geo_cov_nat,mts_aggregate_1,2011,1333.926
bel,sex_f,geo_cov_nat,mts_aggregate_1,2012,1322.001
bel,sex_f,geo_cov_nat,mts_aggregate_1,2013,1302.114
bel,sex_f,geo_cov_nat,mts_aggregate_1,2014,1290.604
bel,sex_f,geo_cov_nat,mts_aggregate_1,2015,1326.151
bel,sex_f,geo_cov_nat,mts_aggregate_1,2016,1338.139
bel,sex_f,geo_cov_nat,mts_aggregate_1,2017,1371.916
bel,sex_f,geo_cov_nat,mts_aggregate_1,2018,1317.707
bel,sex_f,geo_cov_nat,mts_aggregate_1,2019,1324.929
bel,sex_f,geo_cov_nat,mts_aggregate_1,2020,1370.106
bel,sex_f,geo_cov_nat,mts_aggregate_2,1992,1414.136
bel,sex_f,geo_cov_nat,mts_aggregate_2,1993,1376.474
bel,sex_f,geo_cov_nat,mts_aggregate_2,1994,1360.045
bel,sex_f,geo_cov_nat,mts_aggregate_2,1995,1355.208
bel,sex_f,geo_cov_nat,mts_aggregate_2,1996,1366.153
bel,sex_f,geo_cov_nat,mts_aggregate_2,1997,1339.886
bel,sex_f,geo_cov_nat,mts_aggregate_2,1998,1326.061
bel,sex_f,geo_cov_nat,mts_aggregate_2,1999,1265.881
bel,sex_f,geo_cov_nat,mts_aggregate_2,2000,1258.544
bel,sex_f,geo_cov_nat,mts_aggregate_2,2001,1311.082
bel,sex_f,geo_cov_nat,mts_aggregate_2,2002,1298.099
bel,sex_f,geo_cov_nat,mts_aggregate_2,2003,1311.77
bel,sex_f,geo_cov_nat,mts_aggregate_2,2004,1269.527
bel,sex_f,geo_cov_nat,mts_aggregate_2,2005,1187.212
bel,sex_f,geo_cov_nat,mts_aggregate_2,2006,1196.808
bel,sex_f,geo_cov_nat,mts_aggregate_2,2007,1197.65
bel,sex_f,geo_cov_nat,mts_aggregate_2,2008,1180.075
bel,sex_f,geo_cov_nat,mts_aggregate_2,2009,1152.227
bel,sex_f,geo_cov_nat,mts_aggregate_2,2010,1111.764
bel,sex_f,geo_cov_nat,mts_aggregate_2,2011,1150.171
bel,sex_f,geo_cov_nat,mts_aggregate_2,2012,1174.18
bel,sex_f,geo_cov_nat,mts_aggregate_2,2013,1174.299
bel,sex_f,geo_cov_nat,mts_aggregate_2,2014,1182.566
bel,sex_f,geo_cov_nat,mts_aggregate_2,2015,1160.89
bel,sex_f,geo_cov_nat,mts_aggregate_2,2016,1169.952
bel,sex_f,geo_cov_nat,mts_aggregate_2,2017,1053.855
bel,sex_f,geo_cov_nat,mts_aggregate_2,2018,1082.795
bel,sex_f,geo_cov_nat,mts_aggregate_2,2019,1073.902
bel,sex_f,geo_cov_nat,mts_aggregate_2,2020,1066.619
bel,sex_f,geo_cov_nat,mts_aggregate_total,1992,2593.742
bel,sex_f,geo_cov_nat,mts_aggregate_total,1993,2574.436
bel,sex_f,geo_cov_nat,mts_aggregate_total,1994,2559.003
bel,sex_f,geo_cov_nat,mts_aggregate_total,1995,2553.693
bel,sex_f,geo_cov_nat,mts_aggregate_total,1996,2559.591
bel,sex_f,geo_cov_nat,mts_aggregate_total,1997,2548.574
bel,sex_f,geo_cov_nat,mts_aggregate_total,1998,2529.864
bel,sex_f,geo_cov_nat,mts_aggregate_total,1999,2465.588
bel,sex_f,geo_cov_nat,mts_aggregate_total,2000,2452.167
bel,sex_f,geo_cov_nat,mts_aggregate_total,2001,2536.656
bel,sex_f,geo_cov_nat,mts_aggregate_total,2002,2518.111
bel,sex_f,geo_cov_nat,mts_aggregate_total,2003,2514.672
bel,sex_f,geo_cov_nat,mts_aggregate_total,2004,2469.673
bel,sex_f,geo_cov_nat,mts_aggregate_total,2005,2427.897
bel,sex_f,geo_cov_nat,mts_aggregate_total,2006,2441.02
bel,sex_f,geo_cov_nat,mts_aggregate_total,2007,2430.756
bel,sex_f,geo_cov_nat,mts_aggregate_total,2008,2431.405
bel,sex_f,geo_cov_nat,mts_aggregate_total,2009,2448.555
bel,sex_f,geo_cov_nat,mts_aggregate_total,2010,2432.944
bel,sex_f,geo_cov_nat,mts_aggregate_total,2011,2484.097
bel,sex_f,geo_cov_nat,mts_aggregate_total,2012,2496.181
bel,sex_f,geo_cov_nat,mts_aggregate_total,2013,2476.413
bel,sex_f,geo_cov_nat,mts_aggregate_total,2014,2473.169
bel,sex_f,geo_cov_nat,mts_aggregate_total,2015,2487.041
bel,sex_f,geo_cov_nat,mts_aggregate_total,2016,2508.091
bel,sex_f,geo_cov_nat,mts_aggregate_total,2017,2425.771
bel,sex_f,geo_cov_nat,mts_aggregate_total,2018,2400.502
bel,sex_f,geo_cov_nat,mts_aggregate_total,2019,2398.832
bel,sex_f,geo_cov_nat,mts_aggregate_total,2020,2436.725
bel,sex_f,geo_cov_rur,mts_aggregate_1,1992,51.718
bel,sex_f,geo_cov_rur,mts_aggregate_1,1993,56.979
bel,sex_f,geo_cov_rur,mts_aggregate_1,1994,61.769
bel,sex_f,geo_cov_rur,mts_aggregate_1,1995,67.163
bel,sex_f,geo_cov_rur,mts_aggregate_1,1996,57.665
bel,sex_f,geo_cov_rur,mts_aggregate_1,1997,69.499
bel,sex_f,geo_cov_rur,mts_aggregate_1,1998,62.535
bel,sex_f,geo_cov_rur,mts_aggregate_1,1999,62.487
bel,sex_f,geo_cov_rur,mts_aggregate_1,2000,46.047
bel,sex_f,geo_cov_rur,mts_aggregate_1,2001,60.607
bel,sex_f,geo_cov_rur,mts_aggregate_1,2002,63.561
bel,sex_f,geo_cov_rur,mts_aggregate_1,2003,69.703
bel,sex_f,geo_cov_rur,mts_aggregate_1,2004,71.609
bel,sex_f,geo_cov_rur,mts_aggregate_1,2005,60.791
bel,sex_f,geo_cov_rur,mts_aggregate_1,2006,59.9
bel,sex_f,geo_cov_rur,mts_aggregate_1,2007,59.905
bel,sex_f,geo_cov_rur,mts_aggregate_1,2008,61.963
bel,sex_f,geo_cov_rur,mts_aggregate_1,2009,62.999
bel,sex_f,geo_cov_rur,mts_aggregate_1,2010,67.149
bel,sex_f,geo_cov_rur,mts_aggregate_1,2011,67.654
bel,sex_f,geo_cov_rur,mts_aggregate_1,2012,206.414
bel,sex_f,geo_cov_rur,mts_aggregate_1,2013,202.049
bel,sex_f,geo_cov_rur,mts_aggregate_1,2014,195.928
bel,sex_f,geo_cov_rur,mts_aggregate_1,2015,191.583
bel,sex_f,geo_cov_rur,mts_aggregate_1,2016,214.738
bel,sex_f,geo_cov_rur,mts_aggregate_1,2017,206.269
bel,sex_f,geo_cov_rur,mts_aggregate_1,2018,157.765
bel,sex_f,geo_cov_rur,mts_aggregate_1,2019,159.152
bel,sex_f,geo_cov_rur,mts_aggregate_1,2020,167.176
bel,sex_f,geo_cov_rur,mts_aggregate_2,1992,57.101
bel,sex_f,geo_cov_rur,mts_aggregate_2,1993,66.527
bel,sex_f,geo_cov_rur,mts_aggregate_2,1994,67.295
bel,sex_f,geo_cov_rur,mts_aggregate_2,1995,66.452
bel,sex_f,geo_cov_rur,mts_aggregate_2,1996,51.702
bel,sex_f,geo_cov_rur,mts_aggregate_2,1997,64.651
bel,sex_f,geo_cov_rur,mts_aggregate_2,1998,65.648
bel,sex_f,geo_cov_rur,mts_aggregate_2,1999,55.395
bel,sex_f,geo_cov_rur,mts_aggregate_2,2000,43.686
bel,sex_f,geo_cov_rur,mts_aggregate_2,2001,65.953
bel,sex_f,geo_cov_rur,mts_aggregate_2,2002,56.328
bel,sex_f,geo_cov_rur,mts_aggregate_2,2003,59.722
bel,sex_f,geo_cov_rur,mts_aggregate_2,2004,62.884
bel,sex_f,geo_cov_rur,mts_aggregate_2,2005,52.994
bel,sex_f,geo_cov_rur,mts_aggregate_2,2006,50.68
bel,sex_f,geo_cov_rur,mts_aggregate_2,2007,52.533
bel,sex_f,geo_cov_rur,mts_aggregate_2,2008,53.307
bel,sex_f,geo_cov_rur,mts_aggregate_2,2009,49.615
bel,sex_f,geo_cov_rur,mts_aggregate_2,2010,44.057
bel,sex_f,geo_cov_rur,mts_aggregate_2,2011,54.452
bel,sex_f,geo_cov_rur,mts_aggregate_2,2012,176.395
bel,sex_f,geo_cov_rur,mts_aggregate_2,2013,180.219
bel,sex_f,geo_cov_rur,mts_aggregate_2,2014,177.902
bel,sex_f,geo_cov_rur,mts_aggregate_2,2015,184.722
bel,sex_f,geo_cov_rur,mts_aggregate_2,2016,185.584
bel,sex_f,geo_cov_rur,mts_aggregate_2,2017,153.223
bel,sex_f,geo_cov_rur,mts_aggregate_2,2018,117.818
bel,sex_f,geo_cov_rur,mts_aggregate_2,2019,142.084
bel,sex_f,geo_cov_rur,mts_aggregate_2,2020,138.228
bel,sex_f,geo_cov_rur,mts_aggregate_total,1992,108.819
bel,sex_f,geo_cov_rur,mts_aggregate_total,1993,123.505
bel,sex_f,geo_cov_rur,mts_aggregate_total,1994,129.064
bel,sex_f,geo_cov_rur,mts_aggregate_total,1995,133.615
bel,sex_f,geo_cov_rur,mts_aggregate_total,1996,109.366
bel,sex_f,geo_cov_rur,mts_aggregate_total,1997,134.149
bel,sex_f,geo_cov_rur,mts_aggregate_total,1998,128.184
bel,sex_f,geo_cov_rur,mts_aggregate_total,1999,117.882
bel,sex_f,geo_cov_rur,mts_aggregate_total,2000,89.733
bel,sex_f,geo_cov_rur,mts_aggregate_total,2001,126.56
bel,sex_f,geo_cov_rur,mts_aggregate_total,2002,119.889
bel,sex_f,geo_cov_rur,mts_aggregate_total,2003,129.425
bel,sex_f,geo_cov_rur,mts_aggregate_total,2004,134.493
bel,sex_f,geo_cov_rur,mts_aggregate_total,2005,113.785
bel,sex_f,geo_cov_rur,mts_aggregate_total,2006,110.579
bel,sex_f,geo_cov_rur,mts_aggregate_total,2007,112.437
bel,sex_f,geo_cov_rur,mts_aggregate_total,2008,115.27
bel,sex_f,geo_cov_rur,mts_aggregate_total,2009,112.614
bel,sex_f,geo_cov_rur,mts_aggregate_total,2010,111.205
bel,sex_f,geo_cov_rur,mts_aggregate_total,2011,122.106
bel,sex_f,geo_cov_rur,mts_aggregate_total,2012,382.809
bel,sex_f,geo_cov_rur,mts_aggregate_total,2013,382.268
bel,sex_f,geo_cov_rur,mts_aggregate_total,2014,373.829
bel,sex_f,geo_cov_rur,mts_aggregate_total,2015,376.306
bel,sex_f,geo_cov_rur,mts_aggregate_total,2016,400.321
bel,sex_f,geo_cov_rur,mts_aggregate_total,2017,359.492
bel,sex_f,geo_cov_rur,mts_aggregate_total,2018,275.583
bel,sex_f,geo_cov_rur,mts_aggregate_total,2019,301.236
bel,sex_f,geo_cov_rur,mts_aggregate_total,2020,305.404
bel,sex_f,geo_cov_urb,mts_aggregate_1,1992,1127.888
bel,sex_f,geo_cov_urb,mts_aggregate_1,1993,1140.983
bel,sex_f,geo_cov_urb,mts_aggregate_1,1994,1137.189
bel,sex_f,geo_cov_urb,mts_aggregate_1,1995,1131.323
bel,sex_f,geo_cov_urb,mts_aggregate_1,1996,1135.773
bel,sex_f,geo_cov_urb,mts_aggregate_1,1997,1139.189
bel,sex_f,geo_cov_urb,mts_aggregate_1,1998,1141.268
bel,sex_f,geo_cov_urb,mts_aggregate_1,1999,1137.221
bel,sex_f,geo_cov_urb,mts_aggregate_1,2000,1147.575
bel,sex_f,geo_cov_urb,mts_aggregate_1,2001,1164.967
bel,sex_f,geo_cov_urb,mts_aggregate_1,2002,1156.45
bel,sex_f,geo_cov_urb,mts_aggregate_1,2003,1133.199
bel,sex_f,geo_cov_urb,mts_aggregate_1,2004,1128.536
bel,sex_f,geo_cov_urb,mts_aggregate_1,2005,1179.894
bel,sex_f,geo_cov_urb,mts_aggregate_1,2006,1184.312
bel,sex_f,geo_cov_urb,mts_aggregate_1,2007,1173.202
bel,sex_f,geo_cov_urb,mts_aggregate_1,2008,1189.367
bel,sex_f,geo_cov_urb,mts_aggregate_1,2009,1233.328
bel,sex_f,geo_cov_urb,mts_aggregate_1,2010,1254.031
bel,sex_f,geo_cov_urb,mts_aggregate_1,2011,1266.272
bel,sex_f,geo_cov_urb,mts_aggregate_1,2012,1115.587
bel,sex_f,geo_cov_urb,mts_aggregate_1,2013,1100.065
bel,sex_f,geo_cov_urb,mts_aggregate_1,2014,1094.676
bel,sex_f,geo_cov_urb,mts_aggregate_1,2015,1134.568
bel,sex_f,geo_cov_urb,mts_aggregate_1,2016,1123.401
bel,sex_f,geo_cov_urb,mts_aggregate_1,2017,1165.647
bel,sex_f,geo_cov_urb,mts_aggregate_1,2018,1159.941
bel,sex_f,geo_cov_urb,mts_aggregate_1,2019,1165.778
bel,sex_f,geo_cov_urb,mts_aggregate_1,2020,1202.93
bel,sex_f,geo_cov_urb,mts_aggregate_2,1992,1357.035
bel,sex_f,geo_cov_urb,mts_aggregate_2,1993,1309.948
bel,sex_f,geo_cov_urb,mts_aggregate_2,1994,1292.75
bel,sex_f,geo_cov_urb,mts_aggregate_2,1995,1288.756
bel,sex_f,geo_cov_urb,mts_aggregate_2,1996,1314.451
bel,sex_f,geo_cov_urb,mts_aggregate_2,1997,1275.235
bel,sex_f,geo_cov_urb,mts_aggregate_2,1998,1260.412
bel,sex_f,geo_cov_urb,mts_aggregate_2,1999,1210.486
bel,sex_f,geo_cov_urb,mts_aggregate_2,2000,1214.858
bel,sex_f,geo_cov_urb,mts_aggregate_2,2001,1245.128
bel,sex_f,geo_cov_urb,mts_aggregate_2,2002,1241.771
bel,sex_f,geo_cov_urb,mts_aggregate_2,2003,1252.048
bel,sex_f,geo_cov_urb,mts_aggregate_2,2004,1206.644
bel,sex_f,geo_cov_urb,mts_aggregate_2,2005,1134.218
bel,sex_f,geo_cov_urb,mts_aggregate_2,2006,1146.129
bel,sex_f,geo_cov_urb,mts_aggregate_2,2007,1145.117
bel,sex_f,geo_cov_urb,mts_aggregate_2,2008,1126.768
bel,sex_f,geo_cov_urb,mts_aggregate_2,2009,1102.613
bel,sex_f,geo_cov_urb,mts_aggregate_2,2010,1067.707
bel,sex_f,geo_cov_urb,mts_aggregate_2,2011,1095.719
bel,sex_f,geo_cov_urb,mts_aggregate_2,2012,997.785
bel,sex_f,geo_cov_urb,mts_aggregate_2,2013,994.08
bel,sex_f,geo_cov_urb,mts_aggregate_2,2014,1004.664
bel,sex_f,geo_cov_urb,mts_aggregate_2,2015,976.168
bel,sex_f,geo_cov_urb,mts_aggregate_2,2016,984.368
bel,sex_f,geo_cov_urb,mts_aggregate_2,2017,900.632
bel,sex_f,geo_cov_urb,mts_aggregate_2,2018,964.978
bel,sex_f,geo_cov_urb,mts_aggregate_2,2019,931.818
bel,sex_f,geo_cov_urb,mts_aggregate_2,2020,928.391
bel,sex_f,geo_cov_urb,mts_aggregate_total,1992,2484.923
bel,sex_f,geo_cov_urb,mts_aggregate_total,1993,2450.93
bel,sex_f,geo_cov_urb,mts_aggregate_total,1994,2429.939
bel,sex_f,geo_cov_urb,mts_aggregate_total,1995,2420.078
bel,sex_f,geo_cov_urb,mts_aggregate_total,1996,2450.224
bel,sex_f,geo_cov_urb,mts_aggregate_total,1997,2414.424
bel,sex_f,geo_cov_urb,mts_aggregate_total,1998,2401.68
bel,sex_f,geo_cov_urb,mts_aggregate_total,1999,2347.706
bel,sex_f,geo_cov_urb,mts_aggregate_total,2000,2362.434
bel,sex_f,geo_cov_urb,mts_aggregate_total,2001,2410.096
bel,sex_f,geo_cov_urb,mts_aggregate_total,2002,2398.221
bel,sex_f,geo_cov_urb,mts_aggregate_total,2003,2385.247
bel,sex_f,geo_cov_urb,mts_aggregate_total,2004,2335.18
bel,sex_f,geo_cov_urb,mts_aggregate_total,2005,2314.112
bel,sex_f,geo_cov_urb,mts_aggregate_total,2006,2330.441
bel,sex_f,geo_cov_urb,mts_aggregate_total,2007,2318.319
bel,sex_f,geo_cov_urb,mts_aggregate_total,2008,2316.135
bel,sex_f,geo_cov_urb,mts_aggregate_total,2009,2335.941
bel,sex_f,geo_cov_urb,mts_aggregate_total,2010,2321.738
bel,sex_f,geo_cov_urb,mts_aggregate_total,2011,2361.991
bel,sex_f,geo_cov_urb,mts_aggregate_total,2012,2113.372
bel,sex_f,geo_cov_urb,mts_aggregate_total,2013,2094.145
bel,sex_f,geo_cov_urb,mts_aggregate_total,2014,2099.34
bel,sex_f,geo_cov_urb,mts_aggregate_total,2015,2110.735
bel,sex_f,geo_cov_urb,mts_aggregate_total,2016,2107.769
bel,sex_f,geo_cov_urb,mts_aggregate_total,2017,2066.279
bel,sex_f,geo_cov_urb,mts_aggregate_total,2018,2124.919
bel,sex_f,geo_cov_urb,mts_aggregate_total,2019,2097.596
bel,sex_f,geo_cov_urb,mts_aggregate_total,2020,2131.321
bel,sex_m,geo_cov_nat,mts_aggregate_1,1992,686.124
bel,sex_m,geo_cov_nat,mts_aggregate_1,1993,698.442
bel,sex_m,geo_cov_nat,mts_aggregate_1,1994,704.571
bel,sex_m,geo_cov_nat,mts_aggregate_1,1995,713.827
bel,sex_m,geo_cov_nat,mts_aggregate_1,1996,712.941
bel,sex_m,geo_cov_nat,mts_aggregate_1,1997,710.063
bel,sex_m,geo_cov_nat,mts_aggregate_1,1998,706.507
bel,sex_m,geo_cov_nat,mts_aggregate_1,1999,715.893
bel,sex_m,geo_cov_nat,mts_aggregate_1,2000,694.739
bel,sex_m,geo_cov_nat,mts_aggregate_1,2001,715.781
bel,sex_m,geo_cov_nat,mts_aggregate_1,2002,665.378
bel,sex_m,geo_cov_nat,mts_aggregate_1,2003,695.166
bel,sex_m,geo_cov_nat,mts_aggregate_1,2004,749.097
bel,sex_m,geo_cov_nat,mts_aggregate_1,2005,716.012
bel,sex_m,geo_cov_nat,mts_aggregate_1,2006,739.557
bel,sex_m,geo_cov_nat,mts_aggregate_1,2007,747.832
bel,sex_m,geo_cov_nat,mts_aggregate_1,2008,772.606
bel,sex_m,geo_cov_nat,mts_aggregate_1,2009,802.47
bel,sex_m,geo_cov_nat,mts_aggregate_1,2010,809.301
bel,sex_m,geo_cov_nat,mts_aggregate_1,2011,845.391
bel,sex_m,geo_cov_nat,mts_aggregate_1,2012,843.835
bel,sex_m,geo_cov_nat,mts_aggregate_1,2013,847.328
bel,sex_m,geo_cov_nat,mts_aggregate_1,2014,867.593
bel,sex_m,geo_cov_nat,mts_aggregate_1,2015,894.274
bel,sex_m,geo_cov_nat,mts_aggregate_1,2016,915.568
bel,sex_m,geo_cov_nat,mts_aggregate_1,2017,943.268
bel,sex_m,geo_cov_nat,mts_aggregate_1,2018,930.437
bel,sex_m,geo_cov_nat,mts_aggregate_1,2019,927.15
bel,sex_m,geo_cov_nat,mts_aggregate_1,2020,999.342
bel,sex_m,geo_cov_nat,mts_aggregate_2,1992,844.742
bel,sex_m,geo_cov_nat,mts_aggregate_2,1993,861.621
bel,sex_m,geo_cov_nat,mts_aggregate_2,1994,851.173
bel,sex_m,geo_cov_nat,mts_aggregate_2,1995,850.532
bel,sex_m,geo_cov_nat,mts_aggregate_2,1996,864.588
bel,sex_m,geo_cov_nat,mts_aggregate_2,1997,883.978
bel,sex_m,geo_cov_nat,mts_aggregate_2,1998,894.385
bel,sex_m,geo_cov_nat,mts_aggregate_2,1999,862.106
bel,sex_m,geo_cov_nat,mts_aggregate_2,2000,876.87
bel,sex_m,geo_cov_nat,mts_aggregate_2,2001,901.372
bel,sex_m,geo_cov_nat,mts_aggregate_2,2002,967.718
bel,sex_m,geo_cov_nat,mts_aggregate_2,2003,951.459
bel,sex_m,geo_cov_nat,mts_aggregate_2,2004,905.589
bel,sex_m,geo_cov_nat,mts_aggregate_2,2005,909.224
bel,sex_m,geo_cov_nat,mts_aggregate_2,2006,921.623
bel,sex_m,geo_cov_nat,mts_aggregate_2,2007,920.064
bel,sex_m,geo_cov_nat,mts_aggregate_2,2008,920.285
bel,sex_m,geo_cov_nat,mts_aggregate_2,2009,925.754
bel,sex_m,geo_cov_nat,mts_aggregate_2,2010,915.505
bel,sex_m,geo_cov_nat,mts_aggregate_2,2011,942.443
bel,sex_m,geo_cov_nat,mts_aggregate_2,2012,955.81
bel,sex_m,geo_cov_nat,mts_aggregate_2,2013,965.897
bel,sex_m,geo_cov_nat,mts_aggregate_2,2014,975.187
bel,sex_m,geo_cov_nat,mts_aggregate_2,2015,974.646
bel,sex_m,geo_cov_nat,mts_aggregate_2,2016,969.312
bel,sex_m,geo_cov_nat,mts_aggregate_2,2017,910.888
bel,sex_m,geo_cov_nat,mts_aggregate_2,2018,943.892
bel,sex_m,geo_cov_nat,mts_aggregate_2,2019,955.23
bel,sex_m,geo_cov_nat,mts_aggregate_2,2020,925.868
bel,sex_m,geo_cov_nat,mts_aggregate_total,1992,1530.866
bel,sex_m,geo_cov_nat,mts_aggregate_total,1993,1560.063
bel,sex_m,geo_cov_nat,mts_aggregate_total,1994,1555.744
bel,sex_m,geo_cov_nat,mts_aggregate_total,1995,1564.359
bel,sex_m,geo_cov_nat,mts_aggregate_total,1996,1577.529
bel,sex_m,geo_cov_nat,mts_aggregate_total,1997,1594.041
bel,sex_m,geo_cov_nat,mts_aggregate_total,1998,1600.892
bel,sex_m,geo_cov_nat,mts_aggregate_total,1999,1577.998
bel,sex_m,geo_cov_nat,mts_aggregate_total,2000,1571.609
bel,sex_m,geo_cov_nat,mts_aggregate_total,2001,1617.153
bel,sex_m,geo_cov_nat,mts_aggregate_total,2002,1633.096
bel,sex_m,geo_cov_nat,mts_aggregate_total,2003,1646.625
bel,sex_m,geo_cov_nat,mts_aggregate_total,2004,1654.686
bel,sex_m,geo_cov_nat,mts_aggregate_total,2005,1625.236
bel,sex_m,geo_cov_nat,mts_aggregate_total,2006,1661.179
bel,sex_m,geo_cov_nat,mts_aggregate_total,2007,1667.896
bel,sex_m,geo_cov_nat,mts_aggregate_total,2008,1692.891
bel,sex_m,geo_cov_nat,mts_aggregate_total,2009,1728.224
bel,sex_m,geo_cov_nat,mts_aggregate_total,2010,1724.806
bel,sex_m,geo_cov_nat,mts_aggregate_total,2011,1787.935
bel,sex_m,geo_cov_nat,mts_aggregate_total,2012,1799.645
bel,sex_m,geo_cov_nat,mts_aggregate_total,2013,1813.225
bel,sex_m,geo_cov_nat,mts_aggregate_total,2014,1842.78
bel,sex_m,geo_cov_nat,mts_aggregate_total,2015,1868.92
bel,sex_m,geo_cov_nat,mts_aggregate_total,2016,1884.88
bel,sex_m,geo_cov_nat,mts_aggregate_total,2017,1854.157
bel,sex_m,geo_cov_nat,mts_aggregate_total,2018,1874.328
bel,sex_m,geo_cov_nat,mts_aggregate_total,2019,1882.38
bel,sex_m,geo_cov_nat,mts_aggregate_total,2020,1925.211
bel,sex_m,geo_cov_rur,mts_aggregate_1,1992,28.376
bel,sex_m,geo_cov_rur,mts_aggregate_1,1993,33.939
bel,sex_m,geo_cov_rur,mts_aggregate_1,1994,33.246
bel,sex_m,geo_cov_rur,mts_aggregate_1,1995,38.454
bel,sex_m,geo_cov_rur,mts_aggregate_1,1996,31.031
bel,sex_m,geo_cov_rur,mts_aggregate_1,1997,40.381
bel,sex_m,geo_cov_rur,mts_aggregate_1,1998,33.282
bel,sex_m,geo_cov_rur,mts_aggregate_1,1999,37.735
bel,sex_m,geo_cov_rur,mts_aggregate_1,2000,22.973
bel,sex_m,geo_cov_rur,mts_aggregate_1,2001,39.245
bel,sex_m,geo_cov_rur,mts_aggregate_1,2002,35.598
bel,sex_m,geo_cov_rur,mts_aggregate_1,2003,32.177
bel,sex_m,geo_cov_rur,mts_aggregate_1,2004,43.424
bel,sex_m,geo_cov_rur,mts_aggregate_1,2005,38.95
bel,sex_m,geo_cov_rur,mts_aggregate_1,2006,34.41
bel,sex_m,geo_cov_rur,mts_aggregate_1,2007,39.399
bel,sex_m,geo_cov_rur,mts_aggregate_1,2008,40.941
bel,sex_m,geo_cov_rur,mts_aggregate_1,2009,40.66
bel,sex_m,geo_cov_rur,mts_aggregate_1,2010,37.299
bel,sex_m,geo_cov_rur,mts_aggregate_1,2011,48.405
bel,sex_m,geo_cov_rur,mts_aggregate_1,2012,133.179
bel,sex_m,geo_cov_rur,mts_aggregate_1,2013,139.643
bel,sex_m,geo_cov_rur,mts_aggregate_1,2014,142.232
bel,sex_m,geo_cov_rur,mts_aggregate_1,2015,136.809
bel,sex_m,geo_cov_rur,mts_aggregate_1,2016,141.981
bel,sex_m,geo_cov_rur,mts_aggregate_1,2017,143.13
bel,sex_m,geo_cov_rur,mts_aggregate_1,2018,112.058
bel,sex_m,geo_cov_rur,mts_aggregate_1,2019,128.703
bel,sex_m,geo_cov_rur,mts_aggregate_1,2020,121.267
bel,sex_m,geo_cov_rur,mts_aggregate_2,1992,32.419
bel,sex_m,geo_cov_rur,mts_aggregate_2,1993,40.484
bel,sex_m,geo_cov_rur,mts_aggregate_2,1994,38.042
bel,sex_m,geo_cov_rur,mts_aggregate_2,1995,42.865
bel,sex_m,geo_cov_rur,mts_aggregate_2,1996,33.408
bel,sex_m,geo_cov_rur,mts_aggregate_2,1997,42.832
bel,sex_m,geo_cov_rur,mts_aggregate_2,1998,42.284
bel,sex_m,geo_cov_rur,mts_aggregate_2,1999,36.5
bel,sex_m,geo_cov_rur,mts_aggregate_2,2000,27.479
bel,sex_m,geo_cov_rur,mts_aggregate_2,2001,46.468
bel,sex_m,geo_cov_rur,mts_aggregate_2,2002,39.544
bel,sex_m,geo_cov_rur,mts_aggregate_2,2003,42.6
bel,sex_m,geo_cov_rur,mts_aggregate_2,2004,36.212
bel,sex_m,geo_cov_rur,mts_aggregate_2,2005,39.014
bel,sex_m,geo_cov_rur,mts_aggregate_2,2006,37.806
bel,sex_m,geo_cov_rur,mts_aggregate_2,2007,40.295
bel,sex_m,geo_cov_rur,mts_aggregate_2,2008,40.502
bel,sex_m,geo_cov_rur,mts_aggregate_2,2009,38.487
bel,sex_m,geo_cov_rur,mts_aggregate_2,2010,41.424
bel,sex_m,geo_cov_rur,mts_aggregate_2,2011,47.594
bel,sex_m,geo_cov_rur,mts_aggregate_2,2012,151.703
bel,sex_m,geo_cov_rur,mts_aggregate_2,2013,154.076
bel,sex_m,geo_cov_rur,mts_aggregate_2,2014,156.231
bel,sex_m,geo_cov_rur,mts_aggregate_2,2015,159.693
bel,sex_m,geo_cov_rur,mts_aggregate_2,2016,160.972
bel,sex_m,geo_cov_rur,mts_aggregate_2,2017,145.575
bel,sex_m,geo_cov_rur,mts_aggregate_2,2018,116.119
bel,sex_m,geo_cov_rur,mts_aggregate_2,2019,142.064
bel,sex_m,geo_cov_rur,mts_aggregate_2,2020,133.039
bel,sex_m,geo_cov_rur,mts_aggregate_total,1992,60.795
bel,sex_m,geo_cov_rur,mts_aggregate_total,1993,74.423
bel,sex_m,geo_cov_rur,mts_aggregate_total,1994,71.288
bel,sex_m,geo_cov_rur,mts_aggregate_total,1995,81.32
bel,sex_m,geo_cov_rur,mts_aggregate_total,1996,64.439
bel,sex_m,geo_cov_rur,mts_aggregate_total,1997,83.213
bel,sex_m,geo_cov_rur,mts_aggregate_total,1998,75.566
bel,sex_m,geo_cov_rur,mts_aggregate_total,1999,74.235
bel,sex_m,geo_cov_rur,mts_aggregate_total,2000,50.452
bel,sex_m,geo_cov_rur,mts_aggregate_total,2001,85.713
bel,sex_m,geo_cov_rur,mts_aggregate_total,2002,75.142
bel,sex_m,geo_cov_rur,mts_aggregate_total,2003,74.777
bel,sex_m,geo_cov_rur,mts_aggregate_total,2004,79.636
bel,sex_m,geo_cov_rur,mts_aggregate_total,2005,77.964
bel,sex_m,geo_cov_rur,mts_aggregate_total,2006,72.216
bel,sex_m,geo_cov_rur,mts_aggregate_total,2007,79.694
bel,sex_m,geo_cov_rur,mts_aggregate_total,2008,81.443
bel,sex_m,geo_cov_rur,mts_aggregate_total,2009,79.147
bel,sex_m,geo_cov_rur,mts_aggregate_total,2010,78.723
bel,sex_m,geo_cov_rur,mts_aggregate_total,2011,95.999
bel,sex_m,geo_cov_rur,mts_aggregate_total,2012,284.882
bel,sex_m,geo_cov_rur,mts_aggregate_total,2013,293.719
bel,sex_m,geo_cov_rur,mts_aggregate_total,2014,298.462
bel,sex_m,geo_cov_rur,mts_aggregate_total,2015,296.501
bel,sex_m,geo_cov_rur,mts_aggregate_total,2016,302.953
bel,sex_m,geo_cov_rur,mts_aggregate_total,2017,288.705
bel,sex_m,geo_cov_rur,mts_aggregate_total,2018,228.177
bel,sex_m,geo_cov_rur,mts_aggregate_total,2019,270.767
bel,sex_m,geo_cov_rur,mts_aggregate_total,2020,254.306
bel,sex_m,geo_cov_urb,mts_aggregate_1,1992,657.748
bel,sex_m,geo_cov_urb,mts_aggregate_1,1993,664.503
bel,sex_m,geo_cov_urb,mts_aggregate_1,1994,671.325
bel,sex_m,geo_cov_urb,mts_aggregate_1,1995,675.373
bel,sex_m,geo_cov_urb,mts_aggregate_1,1996,681.91
bel,sex_m,geo_cov_urb,mts_aggregate_1,1997,669.682
bel,sex_m,geo_cov_urb,mts_aggregate_1,1998,673.225
bel,sex_m,geo_cov_urb,mts_aggregate_1,1999,678.158
bel,sex_m,geo_cov_urb,mts_aggregate_1,2000,671.766
bel,sex_m,geo_cov_urb,mts_aggregate_1,2001,676.536
bel,sex_m,geo_cov_urb,mts_aggregate_1,2002,629.78
bel,sex_m,geo_cov_urb,mts_aggregate_1,2003,662.989
bel,sex_m,geo_cov_urb,mts_aggregate_1,2004,705.673
bel,sex_m,geo_cov_urb,mts_aggregate_1,2005,677.062
bel,sex_m,geo_cov_urb,mts_aggregate_1,2006,705.146
bel,sex_m,geo_cov_urb,mts_aggregate_1,2007,708.433
bel,sex_m,geo_cov_urb,mts_aggregate_1,2008,731.665
bel,sex_m,geo_cov_urb,mts_aggregate_1,2009,761.81
bel,sex_m,geo_cov_urb,mts_aggregate_1,2010,772.002
bel,sex_m,geo_cov_urb,mts_aggregate_1,2011,796.986
bel,sex_m,geo_cov_urb,mts_aggregate_1,2012,710.656
bel,sex_m,geo_cov_urb,mts_aggregate_1,2013,707.685
bel,sex_m,geo_cov_urb,mts_aggregate_1,2014,725.361
bel,sex_m,geo_cov_urb,mts_aggregate_1,2015,757.465
bel,sex_m,geo_cov_urb,mts_aggregate_1,2016,773.588
bel,sex_m,geo_cov_urb,mts_aggregate_1,2017,800.138
bel,sex_m,geo_cov_urb,mts_aggregate_1,2018,818.379
bel,sex_m,geo_cov_urb,mts_aggregate_1,2019,798.447
bel,sex_m,geo_cov_urb,mts_aggregate_1,2020,878.076
bel,sex_m,geo_cov_urb,mts_aggregate_2,1992,812.323
bel,sex_m,geo_cov_urb,mts_aggregate_2,1993,821.138
bel,sex_m,geo_cov_urb,mts_aggregate_2,1994,813.131
bel,sex_m,geo_cov_urb,mts_aggregate_2,1995,807.666
bel,sex_m,geo_cov_urb,mts_aggregate_2,1996,831.181
bel,sex_m,geo_cov_urb,mts_aggregate_2,1997,841.146
bel,sex_m,geo_cov_urb,mts_aggregate_2,1998,852.101
bel,sex_m,geo_cov_urb,mts_aggregate_2,1999,825.606
bel,sex_m,geo_cov_urb,mts_aggregate_2,2000,849.391
bel,sex_m,geo_cov_urb,mts_aggregate_2,2001,854.904
bel,sex_m,geo_cov_urb,mts_aggregate_2,2002,928.174
bel,sex_m,geo_cov_urb,mts_aggregate_2,2003,908.86
bel,sex_m,geo_cov_urb,mts_aggregate_2,2004,869.377
bel,sex_m,geo_cov_urb,mts_aggregate_2,2005,870.21
bel,sex_m,geo_cov_urb,mts_aggregate_2,2006,883.817
bel,sex_m,geo_cov_urb,mts_aggregate_2,2007,879.769
bel,sex_m,geo_cov_urb,mts_aggregate_2,2008,879.783
bel,sex_m,geo_cov_urb,mts_aggregate_2,2009,887.267
bel,sex_m,geo_cov_urb,mts_aggregate_2,2010,874.081
bel,sex_m,geo_cov_urb,mts_aggregate_2,2011,894.848
bel,sex_m,geo_cov_urb,mts_aggregate_2,2012,804.107
bel,sex_m,geo_cov_urb,mts_aggregate_2,2013,811.821
bel,sex_m,geo_cov_urb,mts_aggregate_2,2014,818.957
bel,sex_m,geo_cov_urb,mts_aggregate_2,2015,814.954
bel,sex_m,geo_cov_urb,mts_aggregate_2,2016,808.34
bel,sex_m,geo_cov_urb,mts_aggregate_2,2017,765.314
bel,sex_m,geo_cov_urb,mts_aggregate_2,2018,827.773
bel,sex_m,geo_cov_urb,mts_aggregate_2,2019,813.166
bel,sex_m,geo_cov_urb,mts_aggregate_2,2020,792.829
bel,sex_m,geo_cov_urb,mts_aggregate_total,1992,1470.07
bel,sex_m,geo_cov_urb,mts_aggregate_total,1993,1485.64
bel,sex_m,geo_cov_urb,mts_aggregate_total,1994,1484.456
bel,sex_m,geo_cov_urb,mts_aggregate_total,1995,1483.039
bel,sex_m,geo_cov_urb,mts_aggregate_total,1996,1513.09
bel,sex_m,geo_cov_urb,mts_aggregate_total,1997,1510.827
bel,sex_m,geo_cov_urb,mts_aggregate_total,1998,1525.326
bel,sex_m,geo_cov_urb,mts_aggregate_total,1999,1503.764
bel,sex_m,geo_cov_urb,mts_aggregate_total,2000,1521.157
bel,sex_m,geo_cov_urb,mts_aggregate_total,2001,1531.44
bel,sex_m,geo_cov_urb,mts_aggregate_total,2002,1557.954
bel,sex_m,geo_cov_urb,mts_aggregate_total,2003,1571.848
bel,sex_m,geo_cov_urb,mts_aggregate_total,2004,1575.05
bel,sex_m,geo_cov_urb,mts_aggregate_total,2005,1547.272
bel,sex_m,geo_cov_urb,mts_aggregate_total,2006,1588.963
bel,sex_m,geo_cov_urb,mts_aggregate_total,2007,1588.202
bel,sex_m,geo_cov_urb,mts_aggregate_total,2008,1611.449
bel,sex_m,geo_cov_urb,mts_aggregate_total,2009,1649.077
bel,sex_m,geo_cov_urb,mts_aggregate_total,2010,1646.083
bel,sex_m,geo_cov_urb,mts_aggregate_total,2011,1691.936
bel,sex_m,geo_cov_urb,mts_aggregate_total,2012,1514.763
bel,sex_m,geo_cov_urb,mts_aggregate_total,2013,1519.506
bel,sex_m,geo_cov_urb,mts_aggregate_total,2014,1544.318
bel,sex_m,geo_cov_urb,mts_aggregate_total,2015,1572.419
bel,sex_m,geo_cov_urb,mts_aggregate_total,2016,1581.927
bel,sex_m,geo_cov_urb,mts_aggregate_total,2017,1565.452
bel,sex_m,geo_cov_urb,mts_aggregate_total,2018,1646.152
bel,sex_m,geo_cov_urb,mts_aggregate_total,2019,1611.613
bel,sex_m,geo_cov_urb,mts_aggregate_total,2020,1670.905
bel,sex_t,geo_cov_nat,mts_aggregate_1,1992,1865.729
bel,sex_t,geo_cov_nat,mts_aggregate_1,1993,1896.403
bel,sex_t,geo_cov_nat,mts_aggregate_1,1994,1903.529
bel,sex_t,geo_cov_nat,mts_aggregate_1,1995,1912.313
bel,sex_t,geo_cov_nat,mts_aggregate_1,1996,1906.379
bel,sex_t,geo_cov_nat,mts_aggregate_1,1997,1918.751
bel,sex_t,geo_cov_nat,mts_aggregate_1,1998,1910.31
bel,sex_t,geo_cov_nat,mts_aggregate_1,1999,1915.6
bel,sex_t,geo_cov_nat,mts_aggregate_1,2000,1888.362
bel,sex_t,geo_cov_nat,mts_aggregate_1,2001,1941.355
bel,sex_t,geo_cov_nat,mts_aggregate_1,2002,1885.39
bel,sex_t,geo_cov_nat,mts_aggregate_1,2003,1898.068
bel,sex_t,geo_cov_nat,mts_aggregate_1,2004,1949.242
bel,sex_t,geo_cov_nat,mts_aggregate_1,2005,1956.697
bel,sex_t,geo_cov_nat,mts_aggregate_1,2006,1983.768
bel,sex_t,geo_cov_nat,mts_aggregate_1,2007,1980.938
bel,sex_t,geo_cov_nat,mts_aggregate_1,2008,2023.936
bel,sex_t,geo_cov_nat,mts_aggregate_1,2009,2098.798
bel,sex_t,geo_cov_nat,mts_aggregate_1,2010,2130.481
bel,sex_t,geo_cov_nat,mts_aggregate_1,2011,2179.317
bel,sex_t,geo_cov_nat,mts_aggregate_1,2012,2165.836
bel,sex_t,geo_cov_nat,mts_aggregate_1,2013,2149.442
bel,sex_t,geo_cov_nat,mts_aggregate_1,2014,2158.196
bel,sex_t,geo_cov_nat,mts_aggregate_1,2015,2220.425
bel,sex_t,geo_cov_nat,mts_aggregate_1,2016,2253.707
bel,sex_t,geo_cov_nat,mts_aggregate_1,2017,2315.184
bel,sex_t,geo_cov_nat,mts_aggregate_1,2018,2248.143
bel,sex_t,geo_cov_nat,mts_aggregate_1,2019,2252.079
bel,sex_t,geo_cov_nat,mts_aggregate_1,2020,2369.448
bel,sex_t,geo_cov_nat,mts_aggregate_2,1992,2258.878
bel,sex_t,geo_cov_nat,mts_aggregate_2,1993,2238.095
bel,sex_t,geo_cov_nat,mts_aggregate_2,1994,2211.218
bel,sex_t,geo_cov_nat,mts_aggregate_2,1995,2205.74
bel,sex_t,geo_cov_nat,mts_aggregate_2,1996,2230.741
bel,sex_t,geo_cov_nat,mts_aggregate_2,1997,2223.864
bel,sex_t,geo_cov_nat,mts_aggregate_2,1998,2220.446
bel,sex_t,geo_cov_nat,mts_aggregate_2,1999,2127.986
bel,sex_t,geo_cov_nat,mts_aggregate_2,2000,2135.414
bel,sex_t,geo_cov_nat,mts_aggregate_2,2001,2212.454
bel,sex_t,geo_cov_nat,mts_aggregate_2,2002,2265.817
bel,sex_t,geo_cov_nat,mts_aggregate_2,2003,2263.229
bel,sex_t,geo_cov_nat,mts_aggregate_2,2004,2175.117
bel,sex_t,geo_cov_nat,mts_aggregate_2,2005,2096.436
bel,sex_t,geo_cov_nat,mts_aggregate_2,2006,2118.431
bel,sex_t,geo_cov_nat,mts_aggregate_2,2007,2117.714
bel,sex_t,geo_cov_nat,mts_aggregate_2,2008,2100.36
bel,sex_t,geo_cov_nat,mts_aggregate_2,2009,2077.981
bel,sex_t,geo_cov_nat,mts_aggregate_2,2010,2027.268
bel,sex_t,geo_cov_nat,mts_aggregate_2,2011,2092.613
bel,sex_t,geo_cov_nat,mts_aggregate_2,2012,2129.99
bel,sex_t,geo_cov_nat,mts_aggregate_2,2013,2140.196
bel,sex_t,geo_cov_nat,mts_aggregate_2,2014,2157.753
bel,sex_t,geo_cov_nat,mts_aggregate_2,2015,2135.536
bel,sex_t,geo_cov_nat,mts_aggregate_2,2016,2139.264
bel,sex_t,geo_cov_nat,mts_aggregate_2,2017,1964.744
bel,sex_t,geo_cov_nat,mts_aggregate_2,2018,2026.687
bel,sex_t,geo_cov_nat,mts_aggregate_2,2019,2029.132
bel,sex_t,geo_cov_nat,mts_aggregate_2,2020,1992.488
bel,sex_t,geo_cov_nat,mts_aggregate_total,1992,4124.608
bel,sex_t,geo_cov_nat,mts_aggregate_total,1993,4134.499
bel,sex_t,geo_cov_nat,mts_aggregate_total,1994,4114.747
bel,sex_t,geo_cov_nat,mts_aggregate_total,1995,4118.052
bel,sex_t,geo_cov_nat,mts_aggregate_total,1996,4137.12
bel,sex_t,geo_cov_nat,mts_aggregate_total,1997,4142.614
bel,sex_t,geo_cov_nat,mts_aggregate_total,1998,4130.756
bel,sex_t,geo_cov_nat,mts_aggregate_total,1999,4043.586
bel,sex_t,geo_cov_nat,mts_aggregate_total,2000,4023.776
bel,sex_t,geo_cov_nat,mts_aggregate_total,2001,4153.809
bel,sex_t,geo_cov_nat,mts_aggregate_total,2002,4151.207
bel,sex_t,geo_cov_nat,mts_aggregate_total,2003,4161.297
bel,sex_t,geo_cov_nat,mts_aggregate_total,2004,4124.359
bel,sex_t,geo_cov_nat,mts_aggregate_total,2005,4053.133
bel,sex_t,geo_cov_nat,mts_aggregate_total,2006,4102.199
bel,sex_t,geo_cov_nat,mts_aggregate_total,2007,4098.652
bel,sex_t,geo_cov_nat,mts_aggregate_total,2008,4124.296
bel,sex_t,geo_cov_nat,mts_aggregate_total,2009,4176.779
bel,sex_t,geo_cov_nat,mts_aggregate_total,2010,4157.75
bel,sex_t,geo_cov_nat,mts_aggregate_total,2011,4272.032
bel,sex_t,geo_cov_nat,mts_aggregate_total,2012,4295.826
bel,sex_t,geo_cov_nat,mts_aggregate_total,2013,4289.638
bel,sex_t,geo_cov_nat,mts_aggregate_total,2014,4315.949
bel,sex_t,geo_cov_nat,mts_aggregate_total,2015,4355.961
bel,sex_t,geo_cov_nat,mts_aggregate_total,2016,4392.971
bel,sex_t,geo_cov_nat,mts_aggregate_total,2017,4279.928
bel,sex_t,geo_cov_nat,mts_aggregate_total,2018,4274.83
bel,sex_t,geo_cov_nat,mts_aggregate_total,2019,4281.211
bel,sex_t,geo_cov_nat,mts_aggregate_total,2020,4361.936
bel,sex_t,geo_cov_rur,mts_aggregate_1,1992,80.094
bel,sex_t,geo_cov_rur,mts_aggregate_1,1993,90.918
bel,sex_t,geo_cov_rur,mts_aggregate_1,1994,95.015
bel,sex_t,geo_cov_rur,mts_aggregate_1,1995,105.617
bel,sex_t,geo_cov_rur,mts_aggregate_1,1996,88.696
bel,sex_t,geo_cov_rur,mts_aggregate_1,1997,109.88
bel,sex_t,geo_cov_rur,mts_aggregate_1,1998,95.817
bel,sex_t,geo_cov_rur,mts_aggregate_1,1999,100.222
bel,sex_t,geo_cov_rur,mts_aggregate_1,2000,69.02
bel,sex_t,geo_cov_rur,mts_aggregate_1,2001,99.852
bel,sex_t,geo_cov_rur,mts_aggregate_1,2002,99.159
bel,sex_t,geo_cov_rur,mts_aggregate_1,2003,101.88
bel,sex_t,geo_cov_rur,mts_aggregate_1,2004,115.033
bel,sex_t,geo_cov_rur,mts_aggregate_1,2005,99.741
bel,sex_t,geo_cov_rur,mts_aggregate_1,2006,94.31
bel,sex_t,geo_cov_rur,mts_aggregate_1,2007,99.303
bel,sex_t,geo_cov_rur,mts_aggregate_1,2008,102.903
bel,sex_t,geo_cov_rur,mts_aggregate_1,2009,103.66
bel,sex_t,geo_cov_rur,mts_aggregate_1,2010,104.448
bel,sex_t,geo_cov_rur,mts_aggregate_1,2011,116.059
bel,sex_t,geo_cov_rur,mts_aggregate_1,2012,339.593
bel,sex_t,geo_cov_rur,mts_aggregate_1,2013,341.692
bel,sex_t,geo_cov_rur,mts_aggregate_1,2014,338.159
bel,sex_t,geo_cov_rur,mts_aggregate_1,2015,328.392
bel,sex_t,geo_cov_rur,mts_aggregate_1,2016,356.718
bel,sex_t,geo_cov_rur,mts_aggregate_1,2017,349.399
bel,sex_t,geo_cov_rur,mts_aggregate_1,2018,269.823
bel,sex_t,geo_cov_rur,mts_aggregate_1,2019,287.855
bel,sex_t,geo_cov_rur,mts_aggregate_1,2020,288.442
bel,sex_t,geo_cov_rur,mts_aggregate_2,1992,89.52
bel,sex_t,geo_cov_rur,mts_aggregate_2,1993,107.01
bel,sex_t,geo_cov_rur,mts_aggregate_2,1994,105.337
bel,sex_t,geo_cov_rur,mts_aggregate_2,1995,109.318
bel,sex_t,geo_cov_rur,mts_aggregate_2,1996,85.109
bel,sex_t,geo_cov_rur,mts_aggregate_2,1997,107.483
bel,sex_t,geo_cov_rur,mts_aggregate_2,1998,107.933
bel,sex_t,geo_cov_rur,mts_aggregate_2,1999,91.895
bel,sex_t,geo_cov_rur,mts_aggregate_2,2000,71.166
bel,sex_t,geo_cov_rur,mts_aggregate_2,2001,112.421
bel,sex_t,geo_cov_rur,mts_aggregate_2,2002,95.872
bel,sex_t,geo_cov_rur,mts_aggregate_2,2003,102.321
bel,sex_t,geo_cov_rur,mts_aggregate_2,2004,99.096
bel,sex_t,geo_cov_rur,mts_aggregate_2,2005,92.008
bel,sex_t,geo_cov_rur,mts_aggregate_2,2006,88.485
bel,sex_t,geo_cov_rur,mts_aggregate_2,2007,92.828
bel,sex_t,geo_cov_rur,mts_aggregate_2,2008,93.809
bel,sex_t,geo_cov_rur,mts_aggregate_2,2009,88.101
bel,sex_t,geo_cov_rur,mts_aggregate_2,2010,85.48
bel,sex_t,geo_cov_rur,mts_aggregate_2,2011,102.046
bel,sex_t,geo_cov_rur,mts_aggregate_2,2012,328.099
bel,sex_t,geo_cov_rur,mts_aggregate_2,2013,334.295
bel,sex_t,geo_cov_rur,mts_aggregate_2,2014,334.132
bel,sex_t,geo_cov_rur,mts_aggregate_2,2015,344.415
bel,sex_t,geo_cov_rur,mts_aggregate_2,2016,346.556
bel,sex_t,geo_cov_rur,mts_aggregate_2,2017,298.798
bel,sex_t,geo_cov_rur,mts_aggregate_2,2018,233.936
bel,sex_t,geo_cov_rur,mts_aggregate_2,2019,284.148
bel,sex_t,geo_cov_rur,mts_aggregate_2,2020,271.267
bel,sex_t,geo_cov_rur,mts_aggregate_total,1992,169.614
bel,sex_t,geo_cov_rur,mts_aggregate_total,1993,197.928
bel,sex_t,geo_cov_rur,mts_aggregate_total,1994,200.352
bel,sex_t,geo_cov_rur,mts_aggregate_total,1995,214.935
bel,sex_t,geo_cov_rur,mts_aggregate_total,1996,173.805
bel,sex_t,geo_cov_rur,mts_aggregate_total,1997,217.363
bel,sex_t,geo_cov_rur,mts_aggregate_total,1998,203.75
bel,sex_t,geo_cov_rur,mts_aggregate_total,1999,192.116
bel,sex_t,geo_cov_rur,mts_aggregate_total,2000,140.186
bel,sex_t,geo_cov_rur,mts_aggregate_total,2001,212.274
bel,sex_t,geo_cov_rur,mts_aggregate_total,2002,195.032
bel,sex_t,geo_cov_rur,mts_aggregate_total,2003,204.202
bel,sex_t,geo_cov_rur,mts_aggregate_total,2004,214.129
bel,sex_t,geo_cov_rur,mts_aggregate_total,2005,191.749
bel,sex_t,geo_cov_rur,mts_aggregate_total,2006,182.795
bel,sex_t,geo_cov_rur,mts_aggregate_total,2007,192.131
bel,sex_t,geo_cov_rur,mts_aggregate_total,2008,196.712
bel,sex_t,geo_cov_rur,mts_aggregate_total,2009,191.761
bel,sex_t,geo_cov_rur,mts_aggregate_total,2010,189.928
bel,sex_t,geo_cov_rur,mts_aggregate_total,2011,218.105
bel,sex_t,geo_cov_rur,mts_aggregate_total,2012,667.691
bel,sex_t,geo_cov_rur,mts_aggregate_total,2013,675.987
bel,sex_t,geo_cov_rur,mts_aggregate_total,2014,672.291
bel,sex_t,geo_cov_rur,mts_aggregate_total,2015,672.807
bel,sex_t,geo_cov_rur,mts_aggregate_total,2016,703.274
bel,sex_t,geo_cov_rur,mts_aggregate_total,2017,648.196
bel,sex_t,geo_cov_rur,mts_aggregate_total,2018,503.76
bel,sex_t,geo_cov_rur,mts_aggregate_total,2019,572.003
bel,sex_t,geo_cov_rur,mts_aggregate_total,2020,559.709
bel,sex_t,geo_cov_urb,mts_aggregate_1,1992,1785.635
bel,sex_t,geo_cov_urb,mts_aggregate_1,1993,1805.486
bel,sex_t,geo_cov_urb,mts_aggregate_1,1994,1808.514
bel,sex_t,geo_cov_urb,mts_aggregate_1,1995,1806.695
bel,sex_t,geo_cov_urb,mts_aggregate_1,1996,1817.683
bel,sex_t,geo_cov_urb,mts_aggregate_1,1997,1808.871
bel,sex_t,geo_cov_urb,mts_aggregate_1,1998,1814.493
bel,sex_t,geo_cov_urb,mts_aggregate_1,1999,1815.378
bel,sex_t,geo_cov_urb,mts_aggregate_1,2000,1819.342
bel,sex_t,geo_cov_urb,mts_aggregate_1,2001,1841.503
bel,sex_t,geo_cov_urb,mts_aggregate_1,2002,1786.23
bel,sex_t,geo_cov_urb,mts_aggregate_1,2003,1796.188
bel,sex_t,geo_cov_urb,mts_aggregate_1,2004,1834.209
bel,sex_t,geo_cov_urb,mts_aggregate_1,2005,1856.957
bel,sex_t,geo_cov_urb,mts_aggregate_1,2006,1889.458
bel,sex_t,geo_cov_urb,mts_aggregate_1,2007,1881.635
bel,sex_t,geo_cov_urb,mts_aggregate_1,2008,1921.033
bel,sex_t,geo_cov_urb,mts_aggregate_1,2009,1995.138
bel,sex_t,geo_cov_urb,mts_aggregate_1,2010,2026.033
bel,sex_t,geo_cov_urb,mts_aggregate_1,2011,2063.258
bel,sex_t,geo_cov_urb,mts_aggregate_1,2012,1826.243
bel,sex_t,geo_cov_urb,mts_aggregate_1,2013,1807.75
bel,sex_t,geo_cov_urb,mts_aggregate_1,2014,1820.037
bel,sex_t,geo_cov_urb,mts_aggregate_1,2015,1892.033
bel,sex_t,geo_cov_urb,mts_aggregate_1,2016,1896.989
bel,sex_t,geo_cov_urb,mts_aggregate_1,2017,1965.785
bel,sex_t,geo_cov_urb,mts_aggregate_1,2018,1978.32
bel,sex_t,geo_cov_urb,mts_aggregate_1,2019,1964.224
bel,sex_t,geo_cov_urb,mts_aggregate_1,2020,2081.006
bel,sex_t,geo_cov_urb,mts_aggregate_2,1992,2169.358
bel,sex_t,geo_cov_urb,mts_aggregate_2,1993,2131.085
bel,sex_t,geo_cov_urb,mts_aggregate_2,1994,2105.881
bel,sex_t,geo_cov_urb,mts_aggregate_2,1995,2096.422
bel,sex_t,geo_cov_urb,mts_aggregate_2,1996,2145.632
bel,sex_t,geo_cov_urb,mts_aggregate_2,1997,2116.381
bel,sex_t,geo_cov_urb,mts_aggregate_2,1998,2112.513
bel,sex_t,geo_cov_urb,mts_aggregate_2,1999,2036.092
bel,sex_t,geo_cov_urb,mts_aggregate_2,2000,2064.249
bel,sex_t,geo_cov_urb,mts_aggregate_2,2001,2100.032
bel,sex_t,geo_cov_urb,mts_aggregate_2,2002,2169.945
bel,sex_t,geo_cov_urb,mts_aggregate_2,2003,2160.908
bel,sex_t,geo_cov_urb,mts_aggregate_2,2004,2076.021
bel,sex_t,geo_cov_urb,mts_aggregate_2,2005,2004.428
bel,sex_t,geo_cov_urb,mts_aggregate_2,2006,2029.946
bel,sex_t,geo_cov_urb,mts_aggregate_2,2007,2024.886
bel,sex_t,geo_cov_urb,mts_aggregate_2,2008,2006.551
bel,sex_t,geo_cov_urb,mts_aggregate_2,2009,1989.88
bel,sex_t,geo_cov_urb,mts_aggregate_2,2010,1941.788
bel,sex_t,geo_cov_urb,mts_aggregate_2,2011,1990.567
bel,sex_t,geo_cov_urb,mts_aggregate_2,2012,1801.891
bel,sex_t,geo_cov_urb,mts_aggregate_2,2013,1805.901
bel,sex_t,geo_cov_urb,mts_aggregate_2,2014,1823.621
bel,sex_t,geo_cov_urb,mts_aggregate_2,2015,1791.121
bel,sex_t,geo_cov_urb,mts_aggregate_2,2016,1792.708
bel,sex_t,geo_cov_urb,mts_aggregate_2,2017,1665.946
bel,sex_t,geo_cov_urb,mts_aggregate_2,2018,1792.751
bel,sex_t,geo_cov_urb,mts_aggregate_2,2019,1744.984
bel,sex_t,geo_cov_urb,mts_aggregate_2,2020,1721.221
bel,sex_t,geo_cov_urb,mts_aggregate_total,1992,3954.993
bel,sex_t,geo_cov_urb,mts_aggregate_total,1993,3936.571
bel,sex_t,geo_cov_urb,mts_aggregate_total,1994,3914.395
bel,sex_t,geo_cov_urb,mts_aggregate_total,1995,3903.117
bel,sex_t,geo_cov_urb,mts_aggregate_total,1996,3963.315
bel,sex_t,geo_cov_urb,mts_aggregate_total,1997,3925.252
bel,sex_t,geo_cov_urb,mts_aggregate_total,1998,3927.007
bel,sex_t,geo_cov_urb,mts_aggregate_total,1999,3851.47
bel,sex_t,geo_cov_urb,mts_aggregate_total,2000,3883.59
bel,sex_t,geo_cov_urb,mts_aggregate_total,2001,3941.535
bel,sex_t,geo_cov_urb,mts_aggregate_total,2002,3956.175
bel,sex_t,geo_cov_urb,mts_aggregate_total,2003,3957.096
bel,sex_t,geo_cov_urb,mts_aggregate_total,2004,3910.23
bel,sex_t,geo_cov_urb,mts_aggregate_total,2005,3861.384
bel,sex_t,geo_cov_urb,mts_aggregate_total,2006,3919.404
bel,sex_t,geo_cov_urb,mts_aggregate_total,2007,3906.521
bel,sex_t,geo_cov_urb,mts_aggregate_total,2008,3927.584
bel,sex_t,geo_cov_urb,mts_aggregate_total,2009,3985.018
bel,sex_t,geo_cov_urb,mts_aggregate_total,2010,3967.821
bel,sex_t,geo_cov_urb,mts_aggregate_total,2011,4053.927
bel,sex_t,geo_cov_urb,mts_aggregate_total,2012,3628.135
bel,sex_t,geo_cov_urb,mts_aggregate_total,2013,3613.651
bel,sex_t,geo_cov_urb,mts_aggregate_total,2014,3643.658
bel,sex_t,geo_cov_urb,mts_aggregate_total,2015,3683.154
bel,sex_t,geo_cov_urb,mts_aggregate_total,2016,3689.697
bel,sex_t,geo_cov_urb,mts_aggregate_total,2017,3631.731
bel,sex_t,geo_cov_urb,mts_aggregate_total,2018,3771.071
bel,sex_t,geo_cov_urb,mts_aggregate_total,2019,3709.209
bel,sex_t,geo_cov_urb,mts_aggregate_total,2020,3802.226
ben,sex_f,geo_cov_nat,mts_aggregate_1,2011,119.946
ben,sex_f,geo_cov_nat,mts_aggregate_1,2018,637.362
ben,sex_f,geo_cov_nat,mts_aggregate_2,2011,566.641
ben,sex_f,geo_cov_nat,mts_aggregate_2,2018,763.864
ben,sex_f,geo_cov_nat,mts_aggregate_total,2011,686.587
ben,sex_f,geo_cov_nat,mts_aggregate_total,2018,1401.226
ben,sex_f,geo_cov_nat,mts_details_mrd,2018,742.252
ben,sex_f,geo_cov_nat,mts_details_sep,2018,22.297
ben,sex_f,geo_cov_nat,mts_details_sgle,2018,509.557
ben,sex_f,geo_cov_nat,mts_details_total,2018,1401.226
ben,sex_f,geo_cov_nat,mts_details_union,2018,21.612
ben,sex_f,geo_cov_nat,mts_details_wid,2018,105.509
ben,sex_f,geo_cov_rur,mts_aggregate_1,2011,51.524
ben,sex_f,geo_cov_rur,mts_aggregate_1,2018,312.025
ben,sex_f,geo_cov_rur,mts_aggregate_2,2011,282.562
ben,sex_f,geo_cov_rur,mts_aggregate_2,2018,495.162
ben,sex_f,geo_cov_rur,mts_aggregate_total,2011,334.086
ben,sex_f,geo_cov_rur,mts_aggregate_total,2018,807.186
ben,sex_f,geo_cov_rur,mts_details_mrd,2018,482.079
ben,sex_f,geo_cov_rur,mts_details_sep,2018,11.429
ben,sex_f,geo_cov_rur,mts_details_sgle,2018,242.843
ben,sex_f,geo_cov_rur,mts_details_total,2018,807.186
ben,sex_f,geo_cov_rur,mts_details_union,2018,13.083
ben,sex_f,geo_cov_rur,mts_details_wid,2018,57.752
ben,sex_f,geo_cov_urb,mts_aggregate_1,2011,68.423
ben,sex_f,geo_cov_urb,mts_aggregate_1,2018,325.338
ben,sex_f,geo_cov_urb,mts_aggregate_2,2011,284.078
ben,sex_f,geo_cov_urb,mts_aggregate_2,2018,268.702
ben,sex_f,geo_cov_urb,mts_aggregate_total,2011,352.501
ben,sex_f,geo_cov_urb,mts_aggregate_total,2018,594.04
ben,sex_f,geo_cov_urb,mts_details_mrd,2018,260.173
ben,sex_f,geo_cov_urb,mts_details_sep,2018,10.867
ben,sex_f,geo_cov_urb,mts_details_sgle,2018,266.714
ben,sex_f,geo_cov_urb,mts_details_total,2018,594.04
ben,sex_f,geo_cov_urb,mts_details_union,2018,8.529
ben,sex_f,geo_cov_urb,mts_details_wid,2018,47.756
ben,sex_m,geo_cov_nat,mts_aggregate_1,2011,114.918
ben,sex_m,geo_cov_nat,mts_aggregate_1,2018,743.55
ben,sex_m,geo_cov_nat,mts_aggregate_2,2011,392.315
ben,sex_m,geo_cov_nat,mts_aggregate_2,2018,113.103
ben,sex_m,geo_cov_nat,mts_aggregate_total,2011,507.233
ben,sex_m,geo_cov_nat,mts_aggregate_total,2018,856.653
ben,sex_m,geo_cov_nat,mts_details_mrd,2018,109.636
ben,sex_m,geo_cov_nat,mts_details_sep,2018,7.276
ben,sex_m,geo_cov_nat,mts_details_sgle,2018,720.685
ben,sex_m,geo_cov_nat,mts_details_total,2018,856.653
ben,sex_m,geo_cov_nat,mts_details_union,2018,3.467
ben,sex_m,geo_cov_nat,mts_details_wid,2018,15.589
ben,sex_m,geo_cov_rur,mts_aggregate_1,2011,43.611
ben,sex_m,geo_cov_rur,mts_aggregate_1,2018,385.762
ben,sex_m,geo_cov_rur,mts_aggregate_2,2011,194.374
ben,sex_m,geo_cov_rur,mts_aggregate_2,2018,56.696
ben,sex_m,geo_cov_rur,mts_aggregate_total,2011,237.986
ben,sex_m,geo_cov_rur,mts_aggregate_total,2018,442.457
ben,sex_m,geo_cov_rur,mts_details_mrd,2018,55.338
ben,sex_m,geo_cov_rur,mts_details_sep,2018,5.113
ben,sex_m,geo_cov_rur,mts_details_sgle,2018,372.203
ben,sex_m,geo_cov_rur,mts_details_total,2018,442.457
ben,sex_m,geo_cov_rur,mts_details_union,2018,1.358
ben,sex_m,geo_cov_rur,mts_details_wid,2018,8.446
ben,sex_m,geo_cov_urb,mts_aggregate_1,2011,71.306
ben,sex_m,geo_cov_urb,mts_aggregate_1,2018,357.788
ben,sex_m,geo_cov_urb,mts_aggregate_2,2011,197.941
ben,sex_m,geo_cov_urb,mts_aggregate_2,2018,56.407
ben,sex_m,geo_cov_urb,mts_aggregate_total,2011,269.247
ben,sex_m,geo_cov_urb,mts_aggregate_total,2018,414.196
ben,sex_m,geo_cov_urb,mts_details_mrd,2018,54.299
ben,sex_m,geo_cov_urb,mts_details_sep,2018,2.163
ben,sex_m,geo_cov_urb,mts_details_sgle,2018,348.482
ben,sex_m,geo_cov_urb,mts_details_total,2018,414.196
ben,sex_m,geo_cov_urb,mts_details_union,2018,2.109
ben,sex_m,geo_cov_urb,mts_details_wid,2018,7.144
ben,sex_t,geo_cov_nat,mts_aggregate_1,2011,234.864
ben,sex_t,geo_cov_nat,mts_aggregate_1,2018,1380.912
ben,sex_t,geo_cov_nat,mts_aggregate_2,2011,958.956
ben,sex_t,geo_cov_nat,mts_aggregate_2,2018,876.967
ben,sex_t,geo_cov_nat,mts_aggregate_total,2011,1193.82
ben,sex_t,geo_cov_nat,mts_aggregate_total,2018,2257.879
ben,sex_t,geo_cov_nat,mts_details_mrd,2018,851.888
ben,sex_t,geo_cov_nat,mts_details_sep,2018,29.573
ben,sex_t,geo_cov_nat,mts_details_sgle,2018,1230.241
ben,sex_t,geo_cov_nat,mts_details_total,2018,2257.879
ben,sex_t,geo_cov_nat,mts_details_union,2018,25.078
ben,sex_t,geo_cov_nat,mts_details_wid,2018,121.098
ben,sex_t,geo_cov_rur,mts_aggregate_1,2011,95.135
ben,sex_t,geo_cov_rur,mts_aggregate_1,2018,697.786
ben,sex_t,geo_cov_rur,mts_aggregate_2,2011,476.936
ben,sex_t,geo_cov_rur,mts_aggregate_2,2018,551.858
ben,sex_t,geo_cov_rur,mts_aggregate_total,2011,572.071
ben,sex_t,geo_cov_rur,mts_aggregate_total,2018,1249.644
ben,sex_t,geo_cov_rur,mts_details_mrd,2018,537.416
ben,sex_t,geo_cov_rur,mts_details_sep,2018,16.543
ben,sex_t,geo_cov_rur,mts_details_sgle,2018,615.046
ben,sex_t,geo_cov_rur,mts_details_total,2018,1249.644
ben,sex_t,geo_cov_rur,mts_details_union,2018,14.441
ben,sex_t,geo_cov_rur,mts_details_wid,2018,66.198
ben,sex_t,geo_cov_urb,mts_aggregate_1,2011,139.729
ben,sex_t,geo_cov_urb,mts_aggregate_1,2018,683.126
ben,sex_t,geo_cov_urb,mts_aggregate_2,2011,482.019
ben,sex_t,geo_cov_urb,mts_aggregate_2,2018,325.109
ben,sex_t,geo_cov_urb,mts_aggregate_total,2011,621.748
ben,sex_t,geo_cov_urb,mts_aggregate_total,2018,1008.235
ben,sex_t,geo_cov_urb,mts_details_mrd,2018,314.472
ben,sex_t,geo_cov_urb,mts_details_sep,2018,13.03
ben,sex_t,geo_cov_urb,mts_details_sgle,2018,615.196
ben,sex_t,geo_cov_urb,mts_details_total,2018,1008.235
ben,sex_t,geo_cov_urb,mts_details_union,2018,10.637
ben,sex_t,geo_cov_urb,mts_details_wid,2018,54.9
bfa,sex_f,geo_cov_nat,mts_aggregate_1,2014,211.333
bfa,sex_f,geo_cov_nat,mts_aggregate_1,2018,1017.476
bfa,sex_f,geo_cov_nat,mts_aggregate_2,2014,1864.405
bfa,sex_f,geo_cov_nat,mts_aggregate_2,2018,2340.852
bfa,sex_f,geo_cov_nat,mts_aggregate_total,2014,2075.738
bfa,sex_f,geo_cov_nat,mts_aggregate_total,2018,3360.261
bfa,sex_f,geo_cov_nat,mts_aggregate_x,2018,1.933
bfa,sex_f,geo_cov_nat,mts_details_mrd,2014,1802.621
bfa,sex_f,geo_cov_nat,mts_details_mrd,2018,2340.852
bfa,sex_f,geo_cov_nat,mts_details_sep,2014,15.708
bfa,sex_f,geo_cov_nat,mts_details_sep,2018,17.285
bfa,sex_f,geo_cov_nat,mts_details_sgle,2014,42.72
bfa,sex_f,geo_cov_nat,mts_details_sgle,2018,709.351
bfa,sex_f,geo_cov_nat,mts_details_total,2014,2075.738
bfa,sex_f,geo_cov_nat,mts_details_total,2018,3360.261
bfa,sex_f,geo_cov_nat,mts_details_union,2014,61.785
bfa,sex_f,geo_cov_nat,mts_details_wid,2014,152.905
bfa,sex_f,geo_cov_nat,mts_details_wid,2018,290.841
bfa,sex_f,geo_cov_nat,mts_details_x,2018,1.933
bfa,sex_f,geo_cov_rur,mts_aggregate_1,2014,122.823
bfa,sex_f,geo_cov_rur,mts_aggregate_1,2018,589.361
bfa,sex_f,geo_cov_rur,mts_aggregate_2,2014,1391.845
bfa,sex_f,geo_cov_rur,mts_aggregate_2,2018,1929.834
bfa,sex_f,geo_cov_rur,mts_aggregate_total,2014,1514.668
bfa,sex_f,geo_cov_rur,mts_aggregate_total,2018,2520.492
bfa,sex_f,geo_cov_rur,mts_details_mrd,2014,1363.142
bfa,sex_f,geo_cov_rur,mts_details_mrd,2018,1929.834
bfa,sex_f,geo_cov_rur,mts_details_sep,2014,7.337
bfa,sex_f,geo_cov_rur,mts_details_sep,2018,12.538
bfa,sex_f,geo_cov_rur,mts_details_sgle,2014,18.537
bfa,sex_f,geo_cov_rur,mts_details_sgle,2018,357.671
bfa,sex_f,geo_cov_rur,mts_details_total,2014,1514.668
bfa,sex_f,geo_cov_rur,mts_details_total,2018,2520.492
bfa,sex_f,geo_cov_rur,mts_details_union,2014,28.704
bfa,sex_f,geo_cov_rur,mts_details_wid,2014,96.949
bfa,sex_f,geo_cov_rur,mts_details_wid,2018,219.153
bfa,sex_f,geo_cov_urb,mts_aggregate_1,2014,88.51
bfa,sex_f,geo_cov_urb,mts_aggregate_1,2018,428.115
bfa,sex_f,geo_cov_urb,mts_aggregate_2,2014,472.56
bfa,sex_f,geo_cov_urb,mts_aggregate_2,2018,411.018
bfa,sex_f,geo_cov_urb,mts_aggregate_total,2014,561.071
bfa,sex_f,geo_cov_urb,mts_aggregate_total,2018,839.769
bfa,sex_f,geo_cov_urb,mts_details_mrd,2014,439.479
bfa,sex_f,geo_cov_urb,mts_details_mrd,2018,411.018
bfa,sex_f,geo_cov_urb,mts_details_sep,2014,8.371
bfa,sex_f,geo_cov_urb,mts_details_sep,2018,4.747
bfa,sex_f,geo_cov_urb,mts_details_sgle,2014,24.184
bfa,sex_f,geo_cov_urb,mts_details_sgle,2018,351.68
bfa,sex_f,geo_cov_urb,mts_details_total,2014,561.071
bfa,sex_f,geo_cov_urb,mts_details_total,2018,839.769
bfa,sex_f,geo_cov_urb,mts_details_union,2014,33.081
bfa,sex_f,geo_cov_urb,mts_details_wid,2014,55.956
bfa,sex_f,geo_cov_urb,mts_details_wid,2018,71.688
bfa,sex_m,geo_cov_nat,mts_aggregate_1,2014,117.715
bfa,sex_m,geo_cov_nat,mts_aggregate_1,2018,1039.76
bfa,sex_m,geo_cov_nat,mts_aggregate_2,2014,913.424
bfa,sex_m,geo_cov_nat,mts_aggregate_2,2018,1144.673
bfa,sex_m,geo_cov_nat,mts_aggregate_total,2014,1031.139
bfa,sex_m,geo_cov_nat,mts_aggregate_total,2018,2186.471
bfa,sex_m,geo_cov_nat,mts_aggregate_x,2018,2.038
bfa,sex_m,geo_cov_nat,mts_details_mrd,2014,877.662
bfa,sex_m,geo_cov_nat,mts_details_mrd,2018,1144.673
bfa,sex_m,geo_cov_nat,mts_details_sep,2014,11.055
bfa,sex_m,geo_cov_nat,mts_details_sep,2018,9.479
bfa,sex_m,geo_cov_nat,mts_details_sgle,2014,46.799
bfa,sex_m,geo_cov_nat,mts_details_sgle,2018,983.679
bfa,sex_m,geo_cov_nat,mts_details_total,2014,1031.139
bfa,sex_m,geo_cov_nat,mts_details_total,2018,2186.471
bfa,sex_m,geo_cov_nat,mts_details_union,2014,35.762
bfa,sex_m,geo_cov_nat,mts_details_wid,2014,59.861
bfa,sex_m,geo_cov_nat,mts_details_wid,2018,46.602
bfa,sex_m,geo_cov_nat,mts_details_x,2018,2.038
bfa,sex_m,geo_cov_rur,mts_aggregate_1,2014,54.835
bfa,sex_m,geo_cov_rur,mts_aggregate_1,2018,675.732
bfa,sex_m,geo_cov_rur,mts_aggregate_2,2014,622.614
bfa,sex_m,geo_cov_rur,mts_aggregate_2,2018,992.149
bfa,sex_m,geo_cov_rur,mts_aggregate_total,2014,677.449
bfa,sex_m,geo_cov_rur,mts_aggregate_total,2018,1669.308
bfa,sex_m,geo_cov_rur,mts_aggregate_x,2018,1.427
bfa,sex_m,geo_cov_rur,mts_details_mrd,2014,605.581
bfa,sex_m,geo_cov_rur,mts_details_mrd,2018,992.149
bfa,sex_m,geo_cov_rur,mts_details_sep,2014,5.389
bfa,sex_m,geo_cov_rur,mts_details_sep,2018,8.172
bfa,sex_m,geo_cov_rur,mts_details_sgle,2014,15.407
bfa,sex_m,geo_cov_rur,mts_details_sgle,2018,630.228
bfa,sex_m,geo_cov_rur,mts_details_total,2014,677.449
bfa,sex_m,geo_cov_rur,mts_details_total,2018,1669.308
bfa,sex_m,geo_cov_rur,mts_details_union,2014,17.033
bfa,sex_m,geo_cov_rur,mts_details_wid,2014,34.039
bfa,sex_m,geo_cov_rur,mts_details_wid,2018,37.332
bfa,sex_m,geo_cov_rur,mts_details_x,2018,1.427
bfa,sex_m,geo_cov_urb,mts_aggregate_1,2014,62.88
bfa,sex_m,geo_cov_urb,mts_aggregate_1,2018,364.027
bfa,sex_m,geo_cov_urb,mts_aggregate_2,2014,290.81
bfa,sex_m,geo_cov_urb,mts_aggregate_2,2018,152.524
bfa,sex_m,geo_cov_urb,mts_aggregate_total,2014,353.69
bfa,sex_m,geo_cov_urb,mts_aggregate_total,2018,517.162
bfa,sex_m,geo_cov_urb,mts_details_mrd,2014,272.081
bfa,sex_m,geo_cov_urb,mts_details_mrd,2018,152.524
bfa,sex_m,geo_cov_urb,mts_details_sep,2014,5.666
bfa,sex_m,geo_cov_urb,mts_details_sep,2018,1.307
bfa,sex_m,geo_cov_urb,mts_details_sgle,2014,31.392
bfa,sex_m,geo_cov_urb,mts_details_sgle,2018,353.45
bfa,sex_m,geo_cov_urb,mts_details_total,2014,353.69
bfa,sex_m,geo_cov_urb,mts_details_total,2018,517.162
bfa,sex_m,geo_cov_urb,mts_details_union,2014,18.729
bfa,sex_m,geo_cov_urb,mts_details_wid,2014,25.822
bfa,sex_m,geo_cov_urb,mts_details_wid,2018,9.27
bfa,sex_t,geo_cov_nat,mts_aggregate_1,2014,329.048
bfa,sex_t,geo_cov_nat,mts_aggregate_1,2018,2057.236
bfa,sex_t,geo_cov_nat,mts_aggregate_2,2014,2777.83
bfa,sex_t,geo_cov_nat,mts_aggregate_2,2018,3485.525
bfa,sex_t,geo_cov_nat,mts_aggregate_total,2014,3106.877
bfa,sex_t,geo_cov_nat,mts_aggregate_total,2018,5546.731
bfa,sex_t,geo_cov_nat,mts_aggregate_x,2018,3.971
bfa,sex_t,geo_cov_nat,mts_details_mrd,2014,2680.282
bfa,sex_t,geo_cov_nat,mts_details_mrd,2018,3485.525
bfa,sex_t,geo_cov_nat,mts_details_sep,2014,26.763
bfa,sex_t,geo_cov_nat,mts_details_sep,2018,26.763
bfa,sex_t,geo_cov_nat,mts_details_sgle,2014,89.519
bfa,sex_t,geo_cov_nat,mts_details_sgle,2018,1693.03
bfa,sex_t,geo_cov_nat,mts_details_total,2014,3106.877
bfa,sex_t,geo_cov_nat,mts_details_total,2018,5546.731
bfa,sex_t,geo_cov_nat,mts_details_union,2014,97.547
bfa,sex_t,geo_cov_nat,mts_details_wid,2014,212.766
bfa,sex_t,geo_cov_nat,mts_details_wid,2018,337.443
bfa,sex_t,geo_cov_nat,mts_details_x,2018,3.971
bfa,sex_t,geo_cov_rur,mts_aggregate_1,2014,177.658
bfa,sex_t,geo_cov_rur,mts_aggregate_1,2018,1265.093
bfa,sex_t,geo_cov_rur,mts_aggregate_2,2014,2014.459
bfa,sex_t,geo_cov_rur,mts_aggregate_2,2018,2921.983
bfa,sex_t,geo_cov_rur,mts_aggregate_total,2014,2192.117
bfa,sex_t,geo_cov_rur,mts_aggregate_total,2018,4189.8
bfa,sex_t,geo_cov_rur,mts_aggregate_x,2018,2.724
bfa,sex_t,geo_cov_rur,mts_details_mrd,2014,1968.722
bfa,sex_t,geo_cov_rur,mts_details_mrd,2018,2921.983
bfa,sex_t,geo_cov_rur,mts_details_sep,2014,12.726
bfa,sex_t,geo_cov_rur,mts_details_sep,2018,20.71
bfa,sex_t,geo_cov_rur,mts_details_sgle,2014,33.944
bfa,sex_t,geo_cov_rur,mts_details_sgle,2018,987.899
bfa,sex_t,geo_cov_rur,mts_details_total,2014,2192.117
bfa,sex_t,geo_cov_rur,mts_details_total,2018,4189.8
bfa,sex_t,geo_cov_rur,mts_details_union,2014,45.737
bfa,sex_t,geo_cov_rur,mts_details_wid,2014,130.988
bfa,sex_t,geo_cov_rur,mts_details_wid,2018,256.485
bfa,sex_t,geo_cov_rur,mts_details_x,2018,2.724
bfa,sex_t,geo_cov_urb,mts_aggregate_1,2014,151.39
bfa,sex_t,geo_cov_urb,mts_aggregate_1,2018,792.142
bfa,sex_t,geo_cov_urb,mts_aggregate_2,2014,763.371
bfa,sex_t,geo_cov_urb,mts_aggregate_2,2018,563.542
bfa,sex_t,geo_cov_urb,mts_aggregate_total,2014,914.761
bfa,sex_t,geo_cov_urb,mts_aggregate_total,2018,1356.931
bfa,sex_t,geo_cov_urb,mts_aggregate_x,2018,1.247
bfa,sex_t,geo_cov_urb,mts_details_mrd,2014,711.56
bfa,sex_t,geo_cov_urb,mts_details_mrd,2018,563.542
bfa,sex_t,geo_cov_urb,mts_details_sep,2014,14.037
bfa,sex_t,geo_cov_urb,mts_details_sep,2018,6.054
bfa,sex_t,geo_cov_urb,mts_details_sgle,2014,55.575
bfa,sex_t,geo_cov_urb,mts_details_sgle,2018,705.131
bfa,sex_t,geo_cov_urb,mts_details_total,2014,914.761
bfa,sex_t,geo_cov_urb,mts_details_total,2018,1356.931
bfa,sex_t,geo_cov_urb,mts_details_union,2014,51.811
bfa,sex_t,geo_cov_urb,mts_details_wid,2014,81.778
bfa,sex_t,geo_cov_urb,mts_details_wid,2018,80.958
bfa,sex_t,geo_cov_urb,mts_details_x,2018,1.247
bgd,sex_f,geo_cov_nat,mts_aggregate_1,2006,7722.03
bgd,sex_f,geo_cov_nat,mts_aggregate_1,2010,8451.411
bgd,sex_f,geo_cov_nat,mts_aggregate_1,2013,9712.501
bgd,sex_f,geo_cov_nat,mts_aggregate_1,2017,9350.903
bgd,sex_f,geo_cov_nat,mts_aggregate_2,2006,21800.3
bgd,sex_f,geo_cov_nat,mts_aggregate_2,2010,22340.153
bgd,sex_f,geo_cov_nat,mts_aggregate_2,2013,26301.435
bgd,sex_f,geo_cov_nat,mts_aggregate_2,2017,25642.475
bgd,sex_f,geo_cov_nat,mts_aggregate_total,2006,29526.99
bgd,sex_f,geo_cov_nat,mts_aggregate_total,2010,30791.564
bgd,sex_f,geo_cov_nat,mts_aggregate_total,2013,36013.936
bgd,sex_f,geo_cov_nat,mts_aggregate_total,2017,34993.377
bgd,sex_f,geo_cov_nat,mts_aggregate_x,2006,4.661
bgd,sex_f,geo_cov_nat,mts_details_mrd,2006,21800.3
bgd,sex_f,geo_cov_nat,mts_details_mrd,2010,22340.153
bgd,sex_f,geo_cov_nat,mts_details_mrd,2013,26301.435
bgd,sex_f,geo_cov_nat,mts_details_mrd,2017,25642.475
bgd,sex_f,geo_cov_nat,mts_details_sep,2006,242.539
bgd,sex_f,geo_cov_nat,mts_details_sep,2010,263.975
bgd,sex_f,geo_cov_nat,mts_details_sep,2013,384.347
bgd,sex_f,geo_cov_nat,mts_details_sep,2017,262.192
bgd,sex_f,geo_cov_nat,mts_details_sgle,2006,4068.001
bgd,sex_f,geo_cov_nat,mts_details_sgle,2010,4310.746
bgd,sex_f,geo_cov_nat,mts_details_sgle,2013,5146.682
bgd,sex_f,geo_cov_nat,mts_details_sgle,2017,5080.669
bgd,sex_f,geo_cov_nat,mts_details_total,2006,29526.99
bgd,sex_f,geo_cov_nat,mts_details_total,2010,30791.564
bgd,sex_f,geo_cov_nat,mts_details_total,2013,36013.936
bgd,sex_f,geo_cov_nat,mts_details_total,2017,34993.377
bgd,sex_f,geo_cov_nat,mts_details_wid,2006,3411.489
bgd,sex_f,geo_cov_nat,mts_details_wid,2010,3876.69
bgd,sex_f,geo_cov_nat,mts_details_wid,2013,4181.471
bgd,sex_f,geo_cov_nat,mts_details_wid,2017,4008.042
bgd,sex_f,geo_cov_nat,mts_details_x,2006,4.661
bgd,sex_f,geo_cov_rur,mts_aggregate_1,2006,5624.668
bgd,sex_f,geo_cov_rur,mts_aggregate_1,2010,6244.567
bgd,sex_f,geo_cov_rur,mts_aggregate_1,2013,7000.382
bgd,sex_f,geo_cov_rur,mts_aggregate_1,2017,6530.607
bgd,sex_f,geo_cov_rur,mts_aggregate_2,2006,16328.473
bgd,sex_f,geo_cov_rur,mts_aggregate_2,2010,16896.594
bgd,sex_f,geo_cov_rur,mts_aggregate_2,2013,18608.075
bgd,sex_f,geo_cov_rur,mts_aggregate_2,2017,17305.326
bgd,sex_f,geo_cov_rur,mts_aggregate_total,2006,21957.664
bgd,sex_f,geo_cov_rur,mts_aggregate_total,2010,23141.161
bgd,sex_f,geo_cov_rur,mts_aggregate_total,2013,25608.457
bgd,sex_f,geo_cov_rur,mts_aggregate_total,2017,23835.933
bgd,sex_f,geo_cov_rur,mts_aggregate_x,2006,4.523
bgd,sex_f,geo_cov_rur,mts_details_mrd,2006,16328.473
bgd,sex_f,geo_cov_rur,mts_details_mrd,2010,16896.594
bgd,sex_f,geo_cov_rur,mts_details_mrd,2013,18608.075
bgd,sex_f,geo_cov_rur,mts_details_mrd,2017,17305.326
bgd,sex_f,geo_cov_rur,mts_details_sep,2006,198.057
bgd,sex_f,geo_cov_rur,mts_details_sep,2010,210.463
bgd,sex_f,geo_cov_rur,mts_details_sep,2013,281.409
bgd,sex_f,geo_cov_rur,mts_details_sep,2017,179.716
bgd,sex_f,geo_cov_rur,mts_details_sgle,2006,2769.736
bgd,sex_f,geo_cov_rur,mts_details_sgle,2010,2962.289
bgd,sex_f,geo_cov_rur,mts_details_sgle,2013,3569.257
bgd,sex_f,geo_cov_rur,mts_details_sgle,2017,3446.547
bgd,sex_f,geo_cov_rur,mts_details_total,2006,21957.664
bgd,sex_f,geo_cov_rur,mts_details_total,2010,23141.161
bgd,sex_f,geo_cov_rur,mts_details_total,2013,25608.457
bgd,sex_f,geo_cov_rur,mts_details_total,2017,23835.933
bgd,sex_f,geo_cov_rur,mts_details_wid,2006,2656.875
bgd,sex_f,geo_cov_rur,mts_details_wid,2010,3071.816
bgd,sex_f,geo_cov_rur,mts_details_wid,2013,3149.716
bgd,sex_f,geo_cov_rur,mts_details_wid,2017,2904.344
bgd,sex_f,geo_cov_rur,mts_details_x,2006,4.523
bgd,sex_f,geo_cov_urb,mts_aggregate_1,2006,2097.362
bgd,sex_f,geo_cov_urb,mts_aggregate_1,2010,2206.844
bgd,sex_f,geo_cov_urb,mts_aggregate_1,2013,2712.119
bgd,sex_f,geo_cov_urb,mts_aggregate_1,2017,2820.296
bgd,sex_f,geo_cov_urb,mts_aggregate_2,2006,5471.826
bgd,sex_f,geo_cov_urb,mts_aggregate_2,2010,5443.56
bgd,sex_f,geo_cov_urb,mts_aggregate_2,2013,7693.36
bgd,sex_f,geo_cov_urb,mts_aggregate_2,2017,8337.148
bgd,sex_f,geo_cov_urb,mts_aggregate_total,2006,7569.326
bgd,sex_f,geo_cov_urb,mts_aggregate_total,2010,7650.403
bgd,sex_f,geo_cov_urb,mts_aggregate_total,2013,10405.479
bgd,sex_f,geo_cov_urb,mts_aggregate_total,2017,11157.444
bgd,sex_f,geo_cov_urb,mts_aggregate_x,2006,0.138
bgd,sex_f,geo_cov_urb,mts_details_mrd,2006,5471.826
bgd,sex_f,geo_cov_urb,mts_details_mrd,2010,5443.56
bgd,sex_f,geo_cov_urb,mts_details_mrd,2013,7693.36
bgd,sex_f,geo_cov_urb,mts_details_mrd,2017,8337.148
bgd,sex_f,geo_cov_urb,mts_details_sep,2006,44.483
bgd,sex_f,geo_cov_urb,mts_details_sep,2010,53.512
bgd,sex_f,geo_cov_urb,mts_details_sep,2013,102.938
bgd,sex_f,geo_cov_urb,mts_details_sep,2017,82.477
bgd,sex_f,geo_cov_urb,mts_details_sgle,2006,1298.265
bgd,sex_f,geo_cov_urb,mts_details_sgle,2010,1348.458
bgd,sex_f,geo_cov_urb,mts_details_sgle,2013,1577.426
bgd,sex_f,geo_cov_urb,mts_details_sgle,2017,1634.122
bgd,sex_f,geo_cov_urb,mts_details_total,2006,7569.326
bgd,sex_f,geo_cov_urb,mts_details_total,2010,7650.403
bgd,sex_f,geo_cov_urb,mts_details_total,2013,10405.479
bgd,sex_f,geo_cov_urb,mts_details_total,2017,11157.444
bgd,sex_f,geo_cov_urb,mts_details_wid,2006,754.614
bgd,sex_f,geo_cov_urb,mts_details_wid,2010,804.874
bgd,sex_f,geo_cov_urb,mts_details_wid,2013,1031.755
bgd,sex_f,geo_cov_urb,mts_details_wid,2017,1103.697
bgd,sex_f,geo_cov_urb,mts_details_x,2006,0.138
bgd,sex_m,geo_cov_nat,mts_aggregate_1,2006,4185.941
bgd,sex_m,geo_cov_nat,mts_aggregate_1,2010,5932.961
bgd,sex_m,geo_cov_nat,mts_aggregate_1,2013,6891.599
bgd,sex_m,geo_cov_nat,mts_aggregate_1,2017,6724.708
bgd,sex_m,geo_cov_nat,mts_aggregate_2,2006,1752.09
bgd,sex_m,geo_cov_nat,mts_aggregate_2,2010,2859.741
bgd,sex_m,geo_cov_nat,mts_aggregate_2,2013,2597.225
bgd,sex_m,geo_cov_nat,mts_aggregate_2,2017,3726.758
bgd,sex_m,geo_cov_nat,mts_aggregate_total,2006,5938.887
bgd,sex_m,geo_cov_nat,mts_aggregate_total,2010,8792.702
bgd,sex_m,geo_cov_nat,mts_aggregate_total,2013,9488.824
bgd,sex_m,geo_cov_nat,mts_aggregate_total,2017,10451.465
bgd,sex_m,geo_cov_nat,mts_aggregate_x,2006,0.857
bgd,sex_m,geo_cov_nat,mts_details_mrd,2006,1752.09
bgd,sex_m,geo_cov_nat,mts_details_mrd,2010,2859.741
bgd,sex_m,geo_cov_nat,mts_details_mrd,2013,2597.225
bgd,sex_m,geo_cov_nat,mts_details_mrd,2017,3726.758
bgd,sex_m,geo_cov_nat,mts_details_sep,2006,12.504
bgd,sex_m,geo_cov_nat,mts_details_sep,2010,19.187
bgd,sex_m,geo_cov_nat,mts_details_sep,2013,31.833
bgd,sex_m,geo_cov_nat,mts_details_sep,2017,41.523
bgd,sex_m,geo_cov_nat,mts_details_sgle,2006,3854.128
bgd,sex_m,geo_cov_nat,mts_details_sgle,2010,5579.856
bgd,sex_m,geo_cov_nat,mts_details_sgle,2013,6460.493
bgd,sex_m,geo_cov_nat,mts_details_sgle,2017,6271.602
bgd,sex_m,geo_cov_nat,mts_details_total,2006,5938.887
bgd,sex_m,geo_cov_nat,mts_details_total,2010,8792.702
bgd,sex_m,geo_cov_nat,mts_details_total,2013,9488.824
bgd,sex_m,geo_cov_nat,mts_details_total,2017,10451.465
bgd,sex_m,geo_cov_nat,mts_details_wid,2006,319.309
bgd,sex_m,geo_cov_nat,mts_details_wid,2010,333.918
bgd,sex_m,geo_cov_nat,mts_details_wid,2013,399.273
bgd,sex_m,geo_cov_nat,mts_details_wid,2017,411.583
bgd,sex_m,geo_cov_nat,mts_details_x,2006,0.857
bgd,sex_m,geo_cov_rur,mts_aggregate_1,2006,2884.945
bgd,sex_m,geo_cov_rur,mts_aggregate_1,2010,4339.012
bgd,sex_m,geo_cov_rur,mts_aggregate_1,2013,4933
bgd,sex_m,geo_cov_rur,mts_aggregate_1,2017,4779.514
bgd,sex_m,geo_cov_rur,mts_aggregate_2,2006,1231.747
bgd,sex_m,geo_cov_rur,mts_aggregate_2,2010,2034.002
bgd,sex_m,geo_cov_rur,mts_aggregate_2,2013,1883.503
bgd,sex_m,geo_cov_rur,mts_aggregate_2,2017,2708.295
bgd,sex_m,geo_cov_rur,mts_aggregate_total,2006,4117.548
bgd,sex_m,geo_cov_rur,mts_aggregate_total,2010,6373.013
bgd,sex_m,geo_cov_rur,mts_aggregate_total,2013,6816.504
bgd,sex_m,geo_cov_rur,mts_aggregate_total,2017,7487.81
bgd,sex_m,geo_cov_rur,mts_aggregate_x,2006,0.857
bgd,sex_m,geo_cov_rur,mts_details_mrd,2006,1231.747
bgd,sex_m,geo_cov_rur,mts_details_mrd,2010,2034.002
bgd,sex_m,geo_cov_rur,mts_details_mrd,2013,1883.503
bgd,sex_m,geo_cov_rur,mts_details_mrd,2017,2708.295
bgd,sex_m,geo_cov_rur,mts_details_sep,2006,10.87
bgd,sex_m,geo_cov_rur,mts_details_sep,2010,12.751
bgd,sex_m,geo_cov_rur,mts_details_sep,2013,23.271
bgd,sex_m,geo_cov_rur,mts_details_sep,2017,27.862
bgd,sex_m,geo_cov_rur,mts_details_sgle,2006,2637.921
bgd,sex_m,geo_cov_rur,mts_details_sgle,2010,4069.455
bgd,sex_m,geo_cov_rur,mts_details_sgle,2013,4616.838
bgd,sex_m,geo_cov_rur,mts_details_sgle,2017,4449.568
bgd,sex_m,geo_cov_rur,mts_details_total,2006,4117.548
bgd,sex_m,geo_cov_rur,mts_details_total,2010,6373.013
bgd,sex_m,geo_cov_rur,mts_details_total,2013,6816.504
bgd,sex_m,geo_cov_rur,mts_details_total,2017,7487.81
bgd,sex_m,geo_cov_rur,mts_details_wid,2006,236.154
bgd,sex_m,geo_cov_rur,mts_details_wid,2010,256.805
bgd,sex_m,geo_cov_rur,mts_details_wid,2013,292.891
bgd,sex_m,geo_cov_rur,mts_details_wid,2017,302.085
bgd,sex_m,geo_cov_rur,mts_details_x,2006,0.857
bgd,sex_m,geo_cov_urb,mts_aggregate_1,2006,1300.996
bgd,sex_m,geo_cov_urb,mts_aggregate_1,2010,1593.949
bgd,sex_m,geo_cov_urb,mts_aggregate_1,2013,1958.599
bgd,sex_m,geo_cov_urb,mts_aggregate_1,2017,1945.193
bgd,sex_m,geo_cov_urb,mts_aggregate_2,2006,520.343
bgd,sex_m,geo_cov_urb,mts_aggregate_2,2010,825.74
bgd,sex_m,geo_cov_urb,mts_aggregate_2,2013,713.721
bgd,sex_m,geo_cov_urb,mts_aggregate_2,2017,1018.463
bgd,sex_m,geo_cov_urb,mts_aggregate_total,2006,1821.339
bgd,sex_m,geo_cov_urb,mts_aggregate_total,2010,2419.689
bgd,sex_m,geo_cov_urb,mts_aggregate_total,2013,2672.32
bgd,sex_m,geo_cov_urb,mts_aggregate_total,2017,2963.656
bgd,sex_m,geo_cov_urb,mts_details_mrd,2006,520.343
bgd,sex_m,geo_cov_urb,mts_details_mrd,2010,825.74
bgd,sex_m,geo_cov_urb,mts_details_mrd,2013,713.721
bgd,sex_m,geo_cov_urb,mts_details_mrd,2017,1018.463
bgd,sex_m,geo_cov_urb,mts_details_sep,2006,1.634
bgd,sex_m,geo_cov_urb,mts_details_sep,2010,6.435
bgd,sex_m,geo_cov_urb,mts_details_sep,2013,8.561
bgd,sex_m,geo_cov_urb,mts_details_sep,2017,13.661
bgd,sex_m,geo_cov_urb,mts_details_sgle,2006,1216.207
bgd,sex_m,geo_cov_urb,mts_details_sgle,2010,1510.401
bgd,sex_m,geo_cov_urb,mts_details_sgle,2013,1843.655
bgd,sex_m,geo_cov_urb,mts_details_sgle,2017,1822.034
bgd,sex_m,geo_cov_urb,mts_details_total,2006,1821.339
bgd,sex_m,geo_cov_urb,mts_details_total,2010,2419.689
bgd,sex_m,geo_cov_urb,mts_details_total,2013,2672.32
bgd,sex_m,geo_cov_urb,mts_details_total,2017,2963.656
bgd,sex_m,geo_cov_urb,mts_details_wid,2006,83.155
bgd,sex_m,geo_cov_urb,mts_details_wid,2010,77.112
bgd,sex_m,geo_cov_urb,mts_details_wid,2013,106.382
bgd,sex_m,geo_cov_urb,mts_details_wid,2017,109.498
bgd,sex_t,geo_cov_nat,mts_aggregate_1,2006,11907.97
bgd,sex_t,geo_cov_nat,mts_aggregate_1,2010,14384.371
bgd,sex_t,geo_cov_nat,mts_aggregate_1,2013,16604.1
bgd,sex_t,geo_cov_nat,mts_aggregate_1,2017,16075.61
bgd,sex_t,geo_cov_nat,mts_aggregate_2,2006,23552.389
bgd,sex_t,geo_cov_nat,mts_aggregate_2,2010,25199.895
bgd,sex_t,geo_cov_nat,mts_aggregate_2,2013,28898.66
bgd,sex_t,geo_cov_nat,mts_aggregate_2,2017,29369.233
bgd,sex_t,geo_cov_nat,mts_aggregate_total,2006,35465.877
bgd,sex_t,geo_cov_nat,mts_aggregate_total,2010,39584.266
bgd,sex_t,geo_cov_nat,mts_aggregate_total,2013,45502.76
bgd,sex_t,geo_cov_nat,mts_aggregate_total,2017,45444.843
bgd,sex_t,geo_cov_nat,mts_aggregate_x,2006,5.518
bgd,sex_t,geo_cov_nat,mts_details_mrd,2006,23552.389
bgd,sex_t,geo_cov_nat,mts_details_mrd,2010,25199.895
bgd,sex_t,geo_cov_nat,mts_details_mrd,2013,28898.66
bgd,sex_t,geo_cov_nat,mts_details_mrd,2017,29369.233
bgd,sex_t,geo_cov_nat,mts_details_sep,2006,255.043
bgd,sex_t,geo_cov_nat,mts_details_sep,2010,283.162
bgd,sex_t,geo_cov_nat,mts_details_sep,2013,416.18
bgd,sex_t,geo_cov_nat,mts_details_sep,2017,303.715
bgd,sex_t,geo_cov_nat,mts_details_sgle,2006,7922.129
bgd,sex_t,geo_cov_nat,mts_details_sgle,2010,9890.602
bgd,sex_t,geo_cov_nat,mts_details_sgle,2013,11607.175
bgd,sex_t,geo_cov_nat,mts_details_sgle,2017,11352.27
bgd,sex_t,geo_cov_nat,mts_details_total,2006,35465.877
bgd,sex_t,geo_cov_nat,mts_details_total,2010,39584.266
bgd,sex_t,geo_cov_nat,mts_details_total,2013,45502.76
bgd,sex_t,geo_cov_nat,mts_details_total,2017,45444.843
bgd,sex_t,geo_cov_nat,mts_details_wid,2006,3730.798
bgd,sex_t,geo_cov_nat,mts_details_wid,2010,4210.607
bgd,sex_t,geo_cov_nat,mts_details_wid,2013,4580.745
bgd,sex_t,geo_cov_nat,mts_details_wid,2017,4419.624
bgd,sex_t,geo_cov_nat,mts_details_x,2006,5.518
bgd,sex_t,geo_cov_rur,mts_aggregate_1,2006,8509.613
bgd,sex_t,geo_cov_rur,mts_aggregate_1,2010,10583.579
bgd,sex_t,geo_cov_rur,mts_aggregate_1,2013,11933.382
bgd,sex_t,geo_cov_rur,mts_aggregate_1,2017,11310.121
bgd,sex_t,geo_cov_rur,mts_aggregate_2,2006,17560.22
bgd,sex_t,geo_cov_rur,mts_aggregate_2,2010,18930.595
bgd,sex_t,geo_cov_rur,mts_aggregate_2,2013,20491.578
bgd,sex_t,geo_cov_rur,mts_aggregate_2,2017,20013.622
bgd,sex_t,geo_cov_rur,mts_aggregate_total,2006,26075.212
bgd,sex_t,geo_cov_rur,mts_aggregate_total,2010,29514.174
bgd,sex_t,geo_cov_rur,mts_aggregate_total,2013,32424.96
bgd,sex_t,geo_cov_rur,mts_aggregate_total,2017,31323.743
bgd,sex_t,geo_cov_rur,mts_aggregate_x,2006,5.379
bgd,sex_t,geo_cov_rur,mts_details_mrd,2006,17560.22
bgd,sex_t,geo_cov_rur,mts_details_mrd,2010,18930.595
bgd,sex_t,geo_cov_rur,mts_details_mrd,2013,20491.578
bgd,sex_t,geo_cov_rur,mts_details_mrd,2017,20013.622
bgd,sex_t,geo_cov_rur,mts_details_sep,2006,208.927
bgd,sex_t,geo_cov_rur,mts_details_sep,2010,223.214
bgd,sex_t,geo_cov_rur,mts_details_sep,2013,304.68
bgd,sex_t,geo_cov_rur,mts_details_sep,2017,207.577
bgd,sex_t,geo_cov_rur,mts_details_sgle,2006,5407.657
bgd,sex_t,geo_cov_rur,mts_details_sgle,2010,7031.744
bgd,sex_t,geo_cov_rur,mts_details_sgle,2013,8186.095
bgd,sex_t,geo_cov_rur,mts_details_sgle,2017,7896.114
bgd,sex_t,geo_cov_rur,mts_details_total,2006,26075.212
bgd,sex_t,geo_cov_rur,mts_details_total,2010,29514.174
bgd,sex_t,geo_cov_rur,mts_details_total,2013,32424.96
bgd,sex_t,geo_cov_rur,mts_details_total,2017,31323.743
bgd,sex_t,geo_cov_rur,mts_details_wid,2006,2893.029
bgd,sex_t,geo_cov_rur,mts_details_wid,2010,3328.621
bgd,sex_t,geo_cov_rur,mts_details_wid,2013,3442.607
bgd,sex_t,geo_cov_rur,mts_details_wid,2017,3206.429
bgd,sex_t,geo_cov_rur,mts_details_x,2006,5.379
bgd,sex_t,geo_cov_urb,mts_aggregate_1,2006,3398.358
bgd,sex_t,geo_cov_urb,mts_aggregate_1,2010,3800.792
bgd,sex_t,geo_cov_urb,mts_aggregate_1,2013,4670.718
bgd,sex_t,geo_cov_urb,mts_aggregate_1,2017,4765.489
bgd,sex_t,geo_cov_urb,mts_aggregate_2,2006,5992.169
bgd,sex_t,geo_cov_urb,mts_aggregate_2,2010,6269.3
bgd,sex_t,geo_cov_urb,mts_aggregate_2,2013,8407.082
bgd,sex_t,geo_cov_urb,mts_aggregate_2,2017,9355.611
bgd,sex_t,geo_cov_urb,mts_aggregate_total,2006,9390.665
bgd,sex_t,geo_cov_urb,mts_aggregate_total,2010,10070.092
bgd,sex_t,geo_cov_urb,mts_aggregate_total,2013,13077.799
bgd,sex_t,geo_cov_urb,mts_aggregate_total,2017,14121.1
bgd,sex_t,geo_cov_urb,mts_aggregate_x,2006,0.138
bgd,sex_t,geo_cov_urb,mts_details_mrd,2006,5992.169
bgd,sex_t,geo_cov_urb,mts_details_mrd,2010,6269.3
bgd,sex_t,geo_cov_urb,mts_details_mrd,2013,8407.082
bgd,sex_t,geo_cov_urb,mts_details_mrd,2017,9355.611
bgd,sex_t,geo_cov_urb,mts_details_sep,2006,46.116
bgd,sex_t,geo_cov_urb,mts_details_sep,2010,59.947
bgd,sex_t,geo_cov_urb,mts_details_sep,2013,111.5
bgd,sex_t,geo_cov_urb,mts_details_sep,2017,96.138
bgd,sex_t,geo_cov_urb,mts_details_sgle,2006,2514.472
bgd,sex_t,geo_cov_urb,mts_details_sgle,2010,2858.859
bgd,sex_t,geo_cov_urb,mts_details_sgle,2013,3421.081
bgd,sex_t,geo_cov_urb,mts_details_sgle,2017,3456.156
bgd,sex_t,geo_cov_urb,mts_details_total,2006,9390.665
bgd,sex_t,geo_cov_urb,mts_details_total,2010,10070.092
bgd,sex_t,geo_cov_urb,mts_details_total,2013,13077.799
bgd,sex_t,geo_cov_urb,mts_details_total,2017,14121.1
bgd,sex_t,geo_cov_urb,mts_details_wid,2006,837.769
bgd,sex_t,geo_cov_urb,mts_details_wid,2010,881.986
bgd,sex_t,geo_cov_urb,mts_details_wid,2013,1138.137
bgd,sex_t,geo_cov_urb,mts_details_wid,2017,1213.195
bgd,sex_t,geo_cov_urb,mts_details_x,2006,0.138
bgr,sex_f,geo_cov_nat,mts_aggregate_1,2006,1001.116
bgr,sex_f,geo_cov_nat,mts_aggregate_1,2007,994.331
bgr,sex_f,geo_cov_nat,mts_aggregate_1,2008,975.169
bgr,sex_f,geo_cov_nat,mts_aggregate_1,2009,997.193
bgr,sex_f,geo_cov_nat,mts_aggregate_1,2010,944.326
bgr,sex_f,geo_cov_nat,mts_aggregate_1,2011,983.842
bgr,sex_f,geo_cov_nat,mts_aggregate_1,2012,975.059
bgr,sex_f,geo_cov_nat,mts_aggregate_1,2013,907.637
bgr,sex_f,geo_cov_nat,mts_aggregate_1,2014,909.655
bgr,sex_f,geo_cov_nat,mts_aggregate_1,2015,984.363
bgr,sex_f,geo_cov_nat,mts_aggregate_1,2016,944.905
bgr,sex_f,geo_cov_nat,mts_aggregate_1,2017,995.419
bgr,sex_f,geo_cov_nat,mts_aggregate_1,2018,957.738
bgr,sex_f,geo_cov_nat,mts_aggregate_1,2019,934.385
bgr,sex_f,geo_cov_nat,mts_aggregate_1,2020,959.742
bgr,sex_f,geo_cov_nat,mts_aggregate_2,2006,858.616
bgr,sex_f,geo_cov_nat,mts_aggregate_2,2007,821.601
bgr,sex_f,geo_cov_nat,mts_aggregate_2,2008,804.129
bgr,sex_f,geo_cov_nat,mts_aggregate_2,2009,802.1
bgr,sex_f,geo_cov_nat,mts_aggregate_2,2010,792.017
bgr,sex_f,geo_cov_nat,mts_aggregate_2,2011,755.998
bgr,sex_f,geo_cov_nat,mts_aggregate_2,2012,728.381
bgr,sex_f,geo_cov_nat,mts_aggregate_2,2013,760.505
bgr,sex_f,geo_cov_nat,mts_aggregate_2,2014,746.842
bgr,sex_f,geo_cov_nat,mts_aggregate_2,2015,663.207
bgr,sex_f,geo_cov_nat,mts_aggregate_2,2016,718.661
bgr,sex_f,geo_cov_nat,mts_aggregate_2,2017,595.525
bgr,sex_f,geo_cov_nat,mts_aggregate_2,2018,629.961
bgr,sex_f,geo_cov_nat,mts_aggregate_2,2019,609.336
bgr,sex_f,geo_cov_nat,mts_aggregate_2,2020,607.745
bgr,sex_f,geo_cov_nat,mts_aggregate_total,2006,1859.733
bgr,sex_f,geo_cov_nat,mts_aggregate_total,2007,1815.931
bgr,sex_f,geo_cov_nat,mts_aggregate_total,2008,1779.298
bgr,sex_f,geo_cov_nat,mts_aggregate_total,2009,1799.293
bgr,sex_f,geo_cov_nat,mts_aggregate_total,2010,1736.343
bgr,sex_f,geo_cov_nat,mts_aggregate_total,2011,1739.84
bgr,sex_f,geo_cov_nat,mts_aggregate_total,2012,1703.44
bgr,sex_f,geo_cov_nat,mts_aggregate_total,2013,1668.141
bgr,sex_f,geo_cov_nat,mts_aggregate_total,2014,1656.497
bgr,sex_f,geo_cov_nat,mts_aggregate_total,2015,1647.569
bgr,sex_f,geo_cov_nat,mts_aggregate_total,2016,1663.566
bgr,sex_f,geo_cov_nat,mts_aggregate_total,2017,1590.944
bgr,sex_f,geo_cov_nat,mts_aggregate_total,2018,1587.699
bgr,sex_f,geo_cov_nat,mts_aggregate_total,2019,1543.721
bgr,sex_f,geo_cov_nat,mts_aggregate_total,2020,1567.487
bgr,sex_f,geo_cov_rur,mts_aggregate_1,2006,387.125
bgr,sex_f,geo_cov_rur,mts_aggregate_1,2007,515.336
bgr,sex_f,geo_cov_rur,mts_aggregate_1,2008,509.001
bgr,sex_f,geo_cov_rur,mts_aggregate_1,2009,529.427
bgr,sex_f,geo_cov_rur,mts_aggregate_1,2010,482.296
bgr,sex_f,geo_cov_rur,mts_aggregate_1,2011,493.743
bgr,sex_f,geo_cov_rur,mts_aggregate_1,2012,362.696
bgr,sex_f,geo_cov_rur,mts_aggregate_1,2013,338.068
bgr,sex_f,geo_cov_rur,mts_aggregate_1,2014,344.74
bgr,sex_f,geo_cov_rur,mts_aggregate_1,2015,348.371
bgr,sex_f,geo_cov_rur,mts_aggregate_1,2016,350.864
bgr,sex_f,geo_cov_rur,mts_aggregate_1,2017,334.933
bgr,sex_f,geo_cov_rur,mts_aggregate_1,2018,323.735
bgr,sex_f,geo_cov_rur,mts_aggregate_1,2019,317.787
bgr,sex_f,geo_cov_rur,mts_aggregate_1,2020,337.99
bgr,sex_f,geo_cov_rur,mts_aggregate_2,2006,362.293
bgr,sex_f,geo_cov_rur,mts_aggregate_2,2007,475.096
bgr,sex_f,geo_cov_rur,mts_aggregate_2,2008,458.553
bgr,sex_f,geo_cov_rur,mts_aggregate_2,2009,452.165
bgr,sex_f,geo_cov_rur,mts_aggregate_2,2010,445.216
bgr,sex_f,geo_cov_rur,mts_aggregate_2,2011,423.519
bgr,sex_f,geo_cov_rur,mts_aggregate_2,2012,304.031
bgr,sex_f,geo_cov_rur,mts_aggregate_2,2013,309.145
bgr,sex_f,geo_cov_rur,mts_aggregate_2,2014,293.927
bgr,sex_f,geo_cov_rur,mts_aggregate_2,2015,278.133
bgr,sex_f,geo_cov_rur,mts_aggregate_2,2016,293.348
bgr,sex_f,geo_cov_rur,mts_aggregate_2,2017,244.193
bgr,sex_f,geo_cov_rur,mts_aggregate_2,2018,243.699
bgr,sex_f,geo_cov_rur,mts_aggregate_2,2019,229.212
bgr,sex_f,geo_cov_rur,mts_aggregate_2,2020,216.411
bgr,sex_f,geo_cov_rur,mts_aggregate_total,2006,749.418
bgr,sex_f,geo_cov_rur,mts_aggregate_total,2007,990.432
bgr,sex_f,geo_cov_rur,mts_aggregate_total,2008,967.554
bgr,sex_f,geo_cov_rur,mts_aggregate_total,2009,981.592
bgr,sex_f,geo_cov_rur,mts_aggregate_total,2010,927.512
bgr,sex_f,geo_cov_rur,mts_aggregate_total,2011,917.261
bgr,sex_f,geo_cov_rur,mts_aggregate_total,2012,666.727
bgr,sex_f,geo_cov_rur,mts_aggregate_total,2013,647.212
bgr,sex_f,geo_cov_rur,mts_aggregate_total,2014,638.668
bgr,sex_f,geo_cov_rur,mts_aggregate_total,2015,626.504
bgr,sex_f,geo_cov_rur,mts_aggregate_total,2016,644.212
bgr,sex_f,geo_cov_rur,mts_aggregate_total,2017,579.126
bgr,sex_f,geo_cov_rur,mts_aggregate_total,2018,567.434
bgr,sex_f,geo_cov_rur,mts_aggregate_total,2019,546.999
bgr,sex_f,geo_cov_rur,mts_aggregate_total,2020,554.401
bgr,sex_f,geo_cov_urb,mts_aggregate_1,2006,356.084
bgr,sex_f,geo_cov_urb,mts_aggregate_1,2007,478.994
bgr,sex_f,geo_cov_urb,mts_aggregate_1,2008,466.168
bgr,sex_f,geo_cov_urb,mts_aggregate_1,2009,467.766
bgr,sex_f,geo_cov_urb,mts_aggregate_1,2010,462.03
bgr,sex_f,geo_cov_urb,mts_aggregate_1,2011,490.099
bgr,sex_f,geo_cov_urb,mts_aggregate_1,2012,612.363
bgr,sex_f,geo_cov_urb,mts_aggregate_1,2013,569.569
bgr,sex_f,geo_cov_urb,mts_aggregate_1,2014,564.915
bgr,sex_f,geo_cov_urb,mts_aggregate_1,2015,635.991
bgr,sex_f,geo_cov_urb,mts_aggregate_1,2016,594.041
bgr,sex_f,geo_cov_urb,mts_aggregate_1,2017,660.486
bgr,sex_f,geo_cov_urb,mts_aggregate_1,2018,634.003
bgr,sex_f,geo_cov_urb,mts_aggregate_1,2019,616.598
bgr,sex_f,geo_cov_urb,mts_aggregate_1,2020,621.752
bgr,sex_f,geo_cov_urb,mts_aggregate_2,2006,269.615
bgr,sex_f,geo_cov_urb,mts_aggregate_2,2007,346.505
bgr,sex_f,geo_cov_urb,mts_aggregate_2,2008,345.576
bgr,sex_f,geo_cov_urb,mts_aggregate_2,2009,349.935
bgr,sex_f,geo_cov_urb,mts_aggregate_2,2010,346.801
bgr,sex_f,geo_cov_urb,mts_aggregate_2,2011,332.48
bgr,sex_f,geo_cov_urb,mts_aggregate_2,2012,424.35
bgr,sex_f,geo_cov_urb,mts_aggregate_2,2013,451.36
bgr,sex_f,geo_cov_urb,mts_aggregate_2,2014,452.915
bgr,sex_f,geo_cov_urb,mts_aggregate_2,2015,385.074
bgr,sex_f,geo_cov_urb,mts_aggregate_2,2016,425.313
bgr,sex_f,geo_cov_urb,mts_aggregate_2,2017,351.332
bgr,sex_f,geo_cov_urb,mts_aggregate_2,2018,386.263
bgr,sex_f,geo_cov_urb,mts_aggregate_2,2019,380.124
bgr,sex_f,geo_cov_urb,mts_aggregate_2,2020,391.334
bgr,sex_f,geo_cov_urb,mts_aggregate_total,2006,625.699
bgr,sex_f,geo_cov_urb,mts_aggregate_total,2007,825.5
bgr,sex_f,geo_cov_urb,mts_aggregate_total,2008,811.744
bgr,sex_f,geo_cov_urb,mts_aggregate_total,2009,817.701
bgr,sex_f,geo_cov_urb,mts_aggregate_total,2010,808.831
bgr,sex_f,geo_cov_urb,mts_aggregate_total,2011,822.579
bgr,sex_f,geo_cov_urb,mts_aggregate_total,2012,1036.713
bgr,sex_f,geo_cov_urb,mts_aggregate_total,2013,1020.929
bgr,sex_f,geo_cov_urb,mts_aggregate_total,2014,1017.829
bgr,sex_f,geo_cov_urb,mts_aggregate_total,2015,1021.065
bgr,sex_f,geo_cov_urb,mts_aggregate_total,2016,1019.354
bgr,sex_f,geo_cov_urb,mts_aggregate_total,2017,1011.818
bgr,sex_f,geo_cov_urb,mts_aggregate_total,2018,1020.265
bgr,sex_f,geo_cov_urb,mts_aggregate_total,2019,996.722
bgr,sex_f,geo_cov_urb,mts_aggregate_total,2020,1013.086
bgr,sex_f,geo_cov_x,mts_aggregate_1,2006,257.907
bgr,sex_f,geo_cov_x,mts_aggregate_2,2006,226.709
bgr,sex_f,geo_cov_x,mts_aggregate_total,2006,484.616
bgr,sex_m,geo_cov_nat,mts_aggregate_1,2006,632.558
bgr,sex_m,geo_cov_nat,mts_aggregate_1,2007,629.856
bgr,sex_m,geo_cov_nat,mts_aggregate_1,2008,601.865
bgr,sex_m,geo_cov_nat,mts_aggregate_1,2009,616.651
bgr,sex_m,geo_cov_nat,mts_aggregate_1,2010,598.49
bgr,sex_m,geo_cov_nat,mts_aggregate_1,2011,605.741
bgr,sex_m,geo_cov_nat,mts_aggregate_1,2012,605.297
bgr,sex_m,geo_cov_nat,mts_aggregate_1,2013,543.506
bgr,sex_m,geo_cov_nat,mts_aggregate_1,2014,556.06
bgr,sex_m,geo_cov_nat,mts_aggregate_1,2015,588.57
bgr,sex_m,geo_cov_nat,mts_aggregate_1,2016,578.633
bgr,sex_m,geo_cov_nat,mts_aggregate_1,2017,581.962
bgr,sex_m,geo_cov_nat,mts_aggregate_1,2018,560.997
bgr,sex_m,geo_cov_nat,mts_aggregate_1,2019,511.385
bgr,sex_m,geo_cov_nat,mts_aggregate_1,2020,538.604
bgr,sex_m,geo_cov_nat,mts_aggregate_2,2006,751.185
bgr,sex_m,geo_cov_nat,mts_aggregate_2,2007,702.255
bgr,sex_m,geo_cov_nat,mts_aggregate_2,2008,675.268
bgr,sex_m,geo_cov_nat,mts_aggregate_2,2009,677.387
bgr,sex_m,geo_cov_nat,mts_aggregate_2,2010,657.033
bgr,sex_m,geo_cov_nat,mts_aggregate_2,2011,676.186
bgr,sex_m,geo_cov_nat,mts_aggregate_2,2012,647.576
bgr,sex_m,geo_cov_nat,mts_aggregate_2,2013,671.652
bgr,sex_m,geo_cov_nat,mts_aggregate_2,2014,638.239
bgr,sex_m,geo_cov_nat,mts_aggregate_2,2015,598.747
bgr,sex_m,geo_cov_nat,mts_aggregate_2,2016,614.074
bgr,sex_m,geo_cov_nat,mts_aggregate_2,2017,534.802
bgr,sex_m,geo_cov_nat,mts_aggregate_2,2018,537.312
bgr,sex_m,geo_cov_nat,mts_aggregate_2,2019,535.211
bgr,sex_m,geo_cov_nat,mts_aggregate_2,2020,527.139
bgr,sex_m,geo_cov_nat,mts_aggregate_total,2006,1383.743
bgr,sex_m,geo_cov_nat,mts_aggregate_total,2007,1332.111
bgr,sex_m,geo_cov_nat,mts_aggregate_total,2008,1277.132
bgr,sex_m,geo_cov_nat,mts_aggregate_total,2009,1294.038
bgr,sex_m,geo_cov_nat,mts_aggregate_total,2010,1255.523
bgr,sex_m,geo_cov_nat,mts_aggregate_total,2011,1281.927
bgr,sex_m,geo_cov_nat,mts_aggregate_total,2012,1252.872
bgr,sex_m,geo_cov_nat,mts_aggregate_total,2013,1215.158
bgr,sex_m,geo_cov_nat,mts_aggregate_total,2014,1194.299
bgr,sex_m,geo_cov_nat,mts_aggregate_total,2015,1187.317
bgr,sex_m,geo_cov_nat,mts_aggregate_total,2016,1192.707
bgr,sex_m,geo_cov_nat,mts_aggregate_total,2017,1116.763
bgr,sex_m,geo_cov_nat,mts_aggregate_total,2018,1098.309
bgr,sex_m,geo_cov_nat,mts_aggregate_total,2019,1046.596
bgr,sex_m,geo_cov_nat,mts_aggregate_total,2020,1065.742
bgr,sex_m,geo_cov_rur,mts_aggregate_1,2006,242.555
bgr,sex_m,geo_cov_rur,mts_aggregate_1,2007,331.713
bgr,sex_m,geo_cov_rur,mts_aggregate_1,2008,312.667
bgr,sex_m,geo_cov_rur,mts_aggregate_1,2009,332.006
bgr,sex_m,geo_cov_rur,mts_aggregate_1,2010,308.347
bgr,sex_m,geo_cov_rur,mts_aggregate_1,2011,317.981
bgr,sex_m,geo_cov_rur,mts_aggregate_1,2012,233.934
bgr,sex_m,geo_cov_rur,mts_aggregate_1,2013,207.16
bgr,sex_m,geo_cov_rur,mts_aggregate_1,2014,214.666
bgr,sex_m,geo_cov_rur,mts_aggregate_1,2015,215.049
bgr,sex_m,geo_cov_rur,mts_aggregate_1,2016,222.46
bgr,sex_m,geo_cov_rur,mts_aggregate_1,2017,201.596
bgr,sex_m,geo_cov_rur,mts_aggregate_1,2018,192.006
bgr,sex_m,geo_cov_rur,mts_aggregate_1,2019,183.855
bgr,sex_m,geo_cov_rur,mts_aggregate_1,2020,195.522
bgr,sex_m,geo_cov_rur,mts_aggregate_2,2006,324.656
bgr,sex_m,geo_cov_rur,mts_aggregate_2,2007,422.808
bgr,sex_m,geo_cov_rur,mts_aggregate_2,2008,402.772
bgr,sex_m,geo_cov_rur,mts_aggregate_2,2009,402.184
bgr,sex_m,geo_cov_rur,mts_aggregate_2,2010,380.167
bgr,sex_m,geo_cov_rur,mts_aggregate_2,2011,392.052
bgr,sex_m,geo_cov_rur,mts_aggregate_2,2012,271.53
bgr,sex_m,geo_cov_rur,mts_aggregate_2,2013,277.63
bgr,sex_m,geo_cov_rur,mts_aggregate_2,2014,252.595
bgr,sex_m,geo_cov_rur,mts_aggregate_2,2015,252.244
bgr,sex_m,geo_cov_rur,mts_aggregate_2,2016,256.803
bgr,sex_m,geo_cov_rur,mts_aggregate_2,2017,214.106
bgr,sex_m,geo_cov_rur,mts_aggregate_2,2018,209.133
bgr,sex_m,geo_cov_rur,mts_aggregate_2,2019,205.224
bgr,sex_m,geo_cov_rur,mts_aggregate_2,2020,196.362
bgr,sex_m,geo_cov_rur,mts_aggregate_total,2006,567.211
bgr,sex_m,geo_cov_rur,mts_aggregate_total,2007,754.52
bgr,sex_m,geo_cov_rur,mts_aggregate_total,2008,715.439
bgr,sex_m,geo_cov_rur,mts_aggregate_total,2009,734.19
bgr,sex_m,geo_cov_rur,mts_aggregate_total,2010,688.514
bgr,sex_m,geo_cov_rur,mts_aggregate_total,2011,710.033
bgr,sex_m,geo_cov_rur,mts_aggregate_total,2012,505.464
bgr,sex_m,geo_cov_rur,mts_aggregate_total,2013,484.79
bgr,sex_m,geo_cov_rur,mts_aggregate_total,2014,467.261
bgr,sex_m,geo_cov_rur,mts_aggregate_total,2015,467.293
bgr,sex_m,geo_cov_rur,mts_aggregate_total,2016,479.264
bgr,sex_m,geo_cov_rur,mts_aggregate_total,2017,415.701
bgr,sex_m,geo_cov_rur,mts_aggregate_total,2018,401.14
bgr,sex_m,geo_cov_rur,mts_aggregate_total,2019,389.079
bgr,sex_m,geo_cov_rur,mts_aggregate_total,2020,391.884
bgr,sex_m,geo_cov_urb,mts_aggregate_1,2006,227.214
bgr,sex_m,geo_cov_urb,mts_aggregate_1,2007,298.143
bgr,sex_m,geo_cov_urb,mts_aggregate_1,2008,289.198
bgr,sex_m,geo_cov_urb,mts_aggregate_1,2009,284.644
bgr,sex_m,geo_cov_urb,mts_aggregate_1,2010,290.144
bgr,sex_m,geo_cov_urb,mts_aggregate_1,2011,287.76
bgr,sex_m,geo_cov_urb,mts_aggregate_1,2012,371.363
bgr,sex_m,geo_cov_urb,mts_aggregate_1,2013,336.347
bgr,sex_m,geo_cov_urb,mts_aggregate_1,2014,341.394
bgr,sex_m,geo_cov_urb,mts_aggregate_1,2015,373.521
bgr,sex_m,geo_cov_urb,mts_aggregate_1,2016,356.173
bgr,sex_m,geo_cov_urb,mts_aggregate_1,2017,380.366
bgr,sex_m,geo_cov_urb,mts_aggregate_1,2018,368.991
bgr,sex_m,geo_cov_urb,mts_aggregate_1,2019,327.53
bgr,sex_m,geo_cov_urb,mts_aggregate_1,2020,343.082
bgr,sex_m,geo_cov_urb,mts_aggregate_2,2006,223.4
bgr,sex_m,geo_cov_urb,mts_aggregate_2,2007,279.448
bgr,sex_m,geo_cov_urb,mts_aggregate_2,2008,272.496
bgr,sex_m,geo_cov_urb,mts_aggregate_2,2009,275.204
bgr,sex_m,geo_cov_urb,mts_aggregate_2,2010,276.866
bgr,sex_m,geo_cov_urb,mts_aggregate_2,2011,284.134
bgr,sex_m,geo_cov_urb,mts_aggregate_2,2012,376.045
bgr,sex_m,geo_cov_urb,mts_aggregate_2,2013,394.021
bgr,sex_m,geo_cov_urb,mts_aggregate_2,2014,385.644
bgr,sex_m,geo_cov_urb,mts_aggregate_2,2015,346.503
bgr,sex_m,geo_cov_urb,mts_aggregate_2,2016,357.27
bgr,sex_m,geo_cov_urb,mts_aggregate_2,2017,320.696
bgr,sex_m,geo_cov_urb,mts_aggregate_2,2018,328.178
bgr,sex_m,geo_cov_urb,mts_aggregate_2,2019,329.987
bgr,sex_m,geo_cov_urb,mts_aggregate_2,2020,330.777
bgr,sex_m,geo_cov_urb,mts_aggregate_total,2006,450.614
bgr,sex_m,geo_cov_urb,mts_aggregate_total,2007,577.591
bgr,sex_m,geo_cov_urb,mts_aggregate_total,2008,561.693
bgr,sex_m,geo_cov_urb,mts_aggregate_total,2009,559.848
bgr,sex_m,geo_cov_urb,mts_aggregate_total,2010,567.009
bgr,sex_m,geo_cov_urb,mts_aggregate_total,2011,571.894
bgr,sex_m,geo_cov_urb,mts_aggregate_total,2012,747.408
bgr,sex_m,geo_cov_urb,mts_aggregate_total,2013,730.368
bgr,sex_m,geo_cov_urb,mts_aggregate_total,2014,727.038
bgr,sex_m,geo_cov_urb,mts_aggregate_total,2015,720.024
bgr,sex_m,geo_cov_urb,mts_aggregate_total,2016,713.443
bgr,sex_m,geo_cov_urb,mts_aggregate_total,2017,701.062
bgr,sex_m,geo_cov_urb,mts_aggregate_total,2018,697.17
bgr,sex_m,geo_cov_urb,mts_aggregate_total,2019,657.517
bgr,sex_m,geo_cov_urb,mts_aggregate_total,2020,673.859
bgr,sex_m,geo_cov_x,mts_aggregate_1,2006,162.789
bgr,sex_m,geo_cov_x,mts_aggregate_2,2006,203.129
bgr,sex_m,geo_cov_x,mts_aggregate_total,2006,365.918
bgr,sex_t,geo_cov_nat,mts_aggregate_1,2006,1633.674
bgr,sex_t,geo_cov_nat,mts_aggregate_1,2007,1624.187
bgr,sex_t,geo_cov_nat,mts_aggregate_1,2008,1577.034
bgr,sex_t,geo_cov_nat,mts_aggregate_1,2009,1613.844
bgr,sex_t,geo_cov_nat,mts_aggregate_1,2010,1542.816
bgr,sex_t,geo_cov_nat,mts_aggregate_1,2011,1589.583
bgr,sex_t,geo_cov_nat,mts_aggregate_1,2012,1580.355
bgr,sex_t,geo_cov_nat,mts_aggregate_1,2013,1451.143
bgr,sex_t,geo_cov_nat,mts_aggregate_1,2014,1465.715
bgr,sex_t,geo_cov_nat,mts_aggregate_1,2015,1572.933
bgr,sex_t,geo_cov_nat,mts_aggregate_1,2016,1523.538
bgr,sex_t,geo_cov_nat,mts_aggregate_1,2017,1577.381
bgr,sex_t,geo_cov_nat,mts_aggregate_1,2018,1518.735
bgr,sex_t,geo_cov_nat,mts_aggregate_1,2019,1445.769
bgr,sex_t,geo_cov_nat,mts_aggregate_1,2020,1498.345
bgr,sex_t,geo_cov_nat,mts_aggregate_2,2006,1609.802
bgr,sex_t,geo_cov_nat,mts_aggregate_2,2007,1523.856
bgr,sex_t,geo_cov_nat,mts_aggregate_2,2008,1479.397
bgr,sex_t,geo_cov_nat,mts_aggregate_2,2009,1479.487
bgr,sex_t,geo_cov_nat,mts_aggregate_2,2010,1449.05
bgr,sex_t,geo_cov_nat,mts_aggregate_2,2011,1432.184
bgr,sex_t,geo_cov_nat,mts_aggregate_2,2012,1375.957
bgr,sex_t,geo_cov_nat,mts_aggregate_2,2013,1432.156
bgr,sex_t,geo_cov_nat,mts_aggregate_2,2014,1385.081
bgr,sex_t,geo_cov_nat,mts_aggregate_2,2015,1261.954
bgr,sex_t,geo_cov_nat,mts_aggregate_2,2016,1332.734
bgr,sex_t,geo_cov_nat,mts_aggregate_2,2017,1130.327
bgr,sex_t,geo_cov_nat,mts_aggregate_2,2018,1167.273
bgr,sex_t,geo_cov_nat,mts_aggregate_2,2019,1144.547
bgr,sex_t,geo_cov_nat,mts_aggregate_2,2020,1134.884
bgr,sex_t,geo_cov_nat,mts_aggregate_total,2006,3243.476
bgr,sex_t,geo_cov_nat,mts_aggregate_total,2007,3148.042
bgr,sex_t,geo_cov_nat,mts_aggregate_total,2008,3056.431
bgr,sex_t,geo_cov_nat,mts_aggregate_total,2009,3093.331
bgr,sex_t,geo_cov_nat,mts_aggregate_total,2010,2991.867
bgr,sex_t,geo_cov_nat,mts_aggregate_total,2011,3021.767
bgr,sex_t,geo_cov_nat,mts_aggregate_total,2012,2956.312
bgr,sex_t,geo_cov_nat,mts_aggregate_total,2013,2883.299
bgr,sex_t,geo_cov_nat,mts_aggregate_total,2014,2850.796
bgr,sex_t,geo_cov_nat,mts_aggregate_total,2015,2834.886
bgr,sex_t,geo_cov_nat,mts_aggregate_total,2016,2856.272
bgr,sex_t,geo_cov_nat,mts_aggregate_total,2017,2707.707
bgr,sex_t,geo_cov_nat,mts_aggregate_total,2018,2686.008
bgr,sex_t,geo_cov_nat,mts_aggregate_total,2019,2590.317
bgr,sex_t,geo_cov_nat,mts_aggregate_total,2020,2633.229
bgr,sex_t,geo_cov_rur,mts_aggregate_1,2006,629.68
bgr,sex_t,geo_cov_rur,mts_aggregate_1,2007,847.049
bgr,sex_t,geo_cov_rur,mts_aggregate_1,2008,821.668
bgr,sex_t,geo_cov_rur,mts_aggregate_1,2009,861.433
bgr,sex_t,geo_cov_rur,mts_aggregate_1,2010,790.642
bgr,sex_t,geo_cov_rur,mts_aggregate_1,2011,811.724
bgr,sex_t,geo_cov_rur,mts_aggregate_1,2012,596.629
bgr,sex_t,geo_cov_rur,mts_aggregate_1,2013,545.227
bgr,sex_t,geo_cov_rur,mts_aggregate_1,2014,559.406
bgr,sex_t,geo_cov_rur,mts_aggregate_1,2015,563.42
bgr,sex_t,geo_cov_rur,mts_aggregate_1,2016,573.324
bgr,sex_t,geo_cov_rur,mts_aggregate_1,2017,536.529
bgr,sex_t,geo_cov_rur,mts_aggregate_1,2018,515.741
bgr,sex_t,geo_cov_rur,mts_aggregate_1,2019,501.642
bgr,sex_t,geo_cov_rur,mts_aggregate_1,2020,533.512
bgr,sex_t,geo_cov_rur,mts_aggregate_2,2006,686.949
bgr,sex_t,geo_cov_rur,mts_aggregate_2,2007,897.903
bgr,sex_t,geo_cov_rur,mts_aggregate_2,2008,861.325
bgr,sex_t,geo_cov_rur,mts_aggregate_2,2009,854.349
bgr,sex_t,geo_cov_rur,mts_aggregate_2,2010,825.384
bgr,sex_t,geo_cov_rur,mts_aggregate_2,2011,815.571
bgr,sex_t,geo_cov_rur,mts_aggregate_2,2012,575.562
bgr,sex_t,geo_cov_rur,mts_aggregate_2,2013,586.775
bgr,sex_t,geo_cov_rur,mts_aggregate_2,2014,546.522
bgr,sex_t,geo_cov_rur,mts_aggregate_2,2015,530.377
bgr,sex_t,geo_cov_rur,mts_aggregate_2,2016,550.151
bgr,sex_t,geo_cov_rur,mts_aggregate_2,2017,458.298
bgr,sex_t,geo_cov_rur,mts_aggregate_2,2018,452.832
bgr,sex_t,geo_cov_rur,mts_aggregate_2,2019,434.436
bgr,sex_t,geo_cov_rur,mts_aggregate_2,2020,412.772
bgr,sex_t,geo_cov_rur,mts_aggregate_total,2006,1316.629
bgr,sex_t,geo_cov_rur,mts_aggregate_total,2007,1744.952
bgr,sex_t,geo_cov_rur,mts_aggregate_total,2008,1682.993
bgr,sex_t,geo_cov_rur,mts_aggregate_total,2009,1715.782
bgr,sex_t,geo_cov_rur,mts_aggregate_total,2010,1616.026
bgr,sex_t,geo_cov_rur,mts_aggregate_total,2011,1627.294
bgr,sex_t,geo_cov_rur,mts_aggregate_total,2012,1172.191
bgr,sex_t,geo_cov_rur,mts_aggregate_total,2013,1132.002
bgr,sex_t,geo_cov_rur,mts_aggregate_total,2014,1105.928
bgr,sex_t,geo_cov_rur,mts_aggregate_total,2015,1093.797
bgr,sex_t,geo_cov_rur,mts_aggregate_total,2016,1123.475
bgr,sex_t,geo_cov_rur,mts_aggregate_total,2017,994.828
bgr,sex_t,geo_cov_rur,mts_aggregate_total,2018,968.573
bgr,sex_t,geo_cov_rur,mts_aggregate_total,2019,936.078
bgr,sex_t,geo_cov_rur,mts_aggregate_total,2020,946.285
bgr,sex_t,geo_cov_urb,mts_aggregate_1,2006,583.298
bgr,sex_t,geo_cov_urb,mts_aggregate_1,2007,777.137
bgr,sex_t,geo_cov_urb,mts_aggregate_1,2008,755.366
bgr,sex_t,geo_cov_urb,mts_aggregate_1,2009,752.411
bgr,sex_t,geo_cov_urb,mts_aggregate_1,2010,752.174
bgr,sex_t,geo_cov_urb,mts_aggregate_1,2011,777.859
bgr,sex_t,geo_cov_urb,mts_aggregate_1,2012,983.726
bgr,sex_t,geo_cov_urb,mts_aggregate_1,2013,905.916
bgr,sex_t,geo_cov_urb,mts_aggregate_1,2014,906.309
bgr,sex_t,geo_cov_urb,mts_aggregate_1,2015,1009.513
bgr,sex_t,geo_cov_urb,mts_aggregate_1,2016,950.214
bgr,sex_t,geo_cov_urb,mts_aggregate_1,2017,1040.852
bgr,sex_t,geo_cov_urb,mts_aggregate_1,2018,1002.994
bgr,sex_t,geo_cov_urb,mts_aggregate_1,2019,944.128
bgr,sex_t,geo_cov_urb,mts_aggregate_1,2020,964.833
bgr,sex_t,geo_cov_urb,mts_aggregate_2,2006,493.015
bgr,sex_t,geo_cov_urb,mts_aggregate_2,2007,625.953
bgr,sex_t,geo_cov_urb,mts_aggregate_2,2008,618.072
bgr,sex_t,geo_cov_urb,mts_aggregate_2,2009,625.138
bgr,sex_t,geo_cov_urb,mts_aggregate_2,2010,623.667
bgr,sex_t,geo_cov_urb,mts_aggregate_2,2011,616.614
bgr,sex_t,geo_cov_urb,mts_aggregate_2,2012,800.395
bgr,sex_t,geo_cov_urb,mts_aggregate_2,2013,845.381
bgr,sex_t,geo_cov_urb,mts_aggregate_2,2014,838.559
bgr,sex_t,geo_cov_urb,mts_aggregate_2,2015,731.577
bgr,sex_t,geo_cov_urb,mts_aggregate_2,2016,782.583
bgr,sex_t,geo_cov_urb,mts_aggregate_2,2017,672.028
bgr,sex_t,geo_cov_urb,mts_aggregate_2,2018,714.441
bgr,sex_t,geo_cov_urb,mts_aggregate_2,2019,710.111
bgr,sex_t,geo_cov_urb,mts_aggregate_2,2020,722.112
bgr,sex_t,geo_cov_urb,mts_aggregate_total,2006,1076.313
bgr,sex_t,geo_cov_urb,mts_aggregate_total,2007,1403.09
bgr,sex_t,geo_cov_urb,mts_aggregate_total,2008,1373.437
bgr,sex_t,geo_cov_urb,mts_aggregate_total,2009,1377.549
bgr,sex_t,geo_cov_urb,mts_aggregate_total,2010,1375.841
bgr,sex_t,geo_cov_urb,mts_aggregate_total,2011,1394.473
bgr,sex_t,geo_cov_urb,mts_aggregate_total,2012,1784.121
bgr,sex_t,geo_cov_urb,mts_aggregate_total,2013,1751.297
bgr,sex_t,geo_cov_urb,mts_aggregate_total,2014,1744.868
bgr,sex_t,geo_cov_urb,mts_aggregate_total,2015,1741.09
bgr,sex_t,geo_cov_urb,mts_aggregate_total,2016,1732.798
bgr,sex_t,geo_cov_urb,mts_aggregate_total,2017,1712.88
bgr,sex_t,geo_cov_urb,mts_aggregate_total,2018,1717.435
bgr,sex_t,geo_cov_urb,mts_aggregate_total,2019,1654.239
bgr,sex_t,geo_cov_urb,mts_aggregate_total,2020,1686.945
bgr,sex_t,geo_cov_x,mts_aggregate_1,2006,420.696
bgr,sex_t,geo_cov_x,mts_aggregate_2,2006,429.838
bgr,sex_t,geo_cov_x,mts_aggregate_total,2006,850.534
bih,sex_f,geo_cov_nat,mts_aggregate_1,2001,466.551
bih,sex_f,geo_cov_nat,mts_aggregate_1,2006,423.293
bih,sex_f,geo_cov_nat,mts_aggregate_1,2007,422.155
bih,sex_f,geo_cov_nat,mts_aggregate_1,2008,419.133
bih,sex_f,geo_cov_nat,mts_aggregate_1,2009,414.82
bih,sex_f,geo_cov_nat,mts_aggregate_1,2010,407.953
bih,sex_f,geo_cov_nat,mts_aggregate_1,2011,410.319
bih,sex_f,geo_cov_nat,mts_aggregate_1,2012,421.691
bih,sex_f,geo_cov_nat,mts_aggregate_1,2013,429.712
bih,sex_f,geo_cov_nat,mts_aggregate_1,2014,425.887
bih,sex_f,geo_cov_nat,mts_aggregate_1,2015,419.754
bih,sex_f,geo_cov_nat,mts_aggregate_1,2016,418.999
bih,sex_f,geo_cov_nat,mts_aggregate_1,2017,392.034
bih,sex_f,geo_cov_nat,mts_aggregate_1,2018,399.013
bih,sex_f,geo_cov_nat,mts_aggregate_1,2019,356.41
bih,sex_f,geo_cov_nat,mts_aggregate_1,2020,450.466
bih,sex_f,geo_cov_nat,mts_aggregate_2,2001,596.424
bih,sex_f,geo_cov_nat,mts_aggregate_2,2006,556.114
bih,sex_f,geo_cov_nat,mts_aggregate_2,2007,552.69
bih,sex_f,geo_cov_nat,mts_aggregate_2,2008,519.833
bih,sex_f,geo_cov_nat,mts_aggregate_2,2009,501.168
bih,sex_f,geo_cov_nat,mts_aggregate_2,2010,487.022
bih,sex_f,geo_cov_nat,mts_aggregate_2,2011,477.608
bih,sex_f,geo_cov_nat,mts_aggregate_2,2012,471.762
bih,sex_f,geo_cov_nat,mts_aggregate_2,2013,469.567
bih,sex_f,geo_cov_nat,mts_aggregate_2,2014,460.592
bih,sex_f,geo_cov_nat,mts_aggregate_2,2015,455.892
bih,sex_f,geo_cov_nat,mts_aggregate_2,2016,447.676
bih,sex_f,geo_cov_nat,mts_aggregate_2,2017,441.828
bih,sex_f,geo_cov_nat,mts_aggregate_2,2018,441.235
bih,sex_f,geo_cov_nat,mts_aggregate_2,2019,419.266
bih,sex_f,geo_cov_nat,mts_aggregate_2,2020,501.413
bih,sex_f,geo_cov_nat,mts_aggregate_total,2001,1063.081
bih,sex_f,geo_cov_nat,mts_aggregate_total,2006,983.064
bih,sex_f,geo_cov_nat,mts_aggregate_total,2007,980.58
bih,sex_f,geo_cov_nat,mts_aggregate_total,2008,944.522
bih,sex_f,geo_cov_nat,mts_aggregate_total,2009,919.67
bih,sex_f,geo_cov_nat,mts_aggregate_total,2010,899.218
bih,sex_f,geo_cov_nat,mts_aggregate_total,2011,891.481
bih,sex_f,geo_cov_nat,mts_aggregate_total,2012,899.215
bih,sex_f,geo_cov_nat,mts_aggregate_total,2013,904.403
bih,sex_f,geo_cov_nat,mts_aggregate_total,2014,890.318
bih,sex_f,geo_cov_nat,mts_aggregate_total,2015,881.115
bih,sex_f,geo_cov_nat,mts_aggregate_total,2016,871.355
bih,sex_f,geo_cov_nat,mts_aggregate_total,2017,837.438
bih,sex_f,geo_cov_nat,mts_aggregate_total,2018,844.023
bih,sex_f,geo_cov_nat,mts_aggregate_total,2019,777.63
bih,sex_f,geo_cov_nat,mts_aggregate_total,2020,951.879
bih,sex_f,geo_cov_nat,mts_aggregate_x,2006,3.658
bih,sex_f,geo_cov_nat,mts_aggregate_x,2007,5.735
bih,sex_f,geo_cov_nat,mts_aggregate_x,2008,5.556
bih,sex_f,geo_cov_nat,mts_aggregate_x,2009,3.682
bih,sex_f,geo_cov_nat,mts_aggregate_x,2010,4.243
bih,sex_f,geo_cov_nat,mts_aggregate_x,2011,3.554
bih,sex_f,geo_cov_nat,mts_aggregate_x,2012,5.762
bih,sex_f,geo_cov_nat,mts_aggregate_x,2013,5.125
bih,sex_f,geo_cov_nat,mts_aggregate_x,2014,3.84
bih,sex_f,geo_cov_nat,mts_aggregate_x,2015,5.469
bih,sex_f,geo_cov_nat,mts_aggregate_x,2016,4.681
bih,sex_f,geo_cov_nat,mts_aggregate_x,2017,3.576
bih,sex_f,geo_cov_nat,mts_aggregate_x,2018,3.774
bih,sex_f,geo_cov_nat,mts_aggregate_x,2019,1.954
bih,sex_f,geo_cov_nat,mts_details_mrd,2001,588.795
bih,sex_f,geo_cov_nat,mts_details_mrd,2006,556.114
bih,sex_f,geo_cov_nat,mts_details_mrd,2007,552.69
bih,sex_f,geo_cov_nat,mts_details_mrd,2008,519.833
bih,sex_f,geo_cov_nat,mts_details_mrd,2009,501.168
bih,sex_f,geo_cov_nat,mts_details_mrd,2010,487.022
bih,sex_f,geo_cov_nat,mts_details_mrd,2011,477.608
bih,sex_f,geo_cov_nat,mts_details_mrd,2012,471.762
bih,sex_f,geo_cov_nat,mts_details_mrd,2013,469.567
bih,sex_f,geo_cov_nat,mts_details_mrd,2014,460.592
bih,sex_f,geo_cov_nat,mts_details_mrd,2015,455.892
bih,sex_f,geo_cov_nat,mts_details_mrd,2016,447.676
bih,sex_f,geo_cov_nat,mts_details_mrd,2017,441.828
bih,sex_f,geo_cov_nat,mts_details_mrd,2018,441.235
bih,sex_f,geo_cov_nat,mts_details_mrd,2019,419.266
bih,sex_f,geo_cov_nat,mts_details_mrd,2020,501.413
bih,sex_f,geo_cov_nat,mts_details_sep,2001,13.96
bih,sex_f,geo_cov_nat,mts_details_sep,2006,14.465
bih,sex_f,geo_cov_nat,mts_details_sep,2007,13.513
bih,sex_f,geo_cov_nat,mts_details_sep,2008,11.691
bih,sex_f,geo_cov_nat,mts_details_sep,2009,10.012
bih,sex_f,geo_cov_nat,mts_details_sep,2010,13.602
bih,sex_f,geo_cov_nat,mts_details_sep,2011,13.738
bih,sex_f,geo_cov_nat,mts_details_sep,2012,10.743
bih,sex_f,geo_cov_nat,mts_details_sep,2013,14.874
bih,sex_f,geo_cov_nat,mts_details_sep,2014,12.463
bih,sex_f,geo_cov_nat,mts_details_sep,2015,11.828
bih,sex_f,geo_cov_nat,mts_details_sep,2016,11.262
bih,sex_f,geo_cov_nat,mts_details_sep,2017,12.901
bih,sex_f,geo_cov_nat,mts_details_sep,2018,11.465
bih,sex_f,geo_cov_nat,mts_details_sep,2019,9.47
bih,sex_f,geo_cov_nat,mts_details_sep,2020,12.934
bih,sex_f,geo_cov_nat,mts_details_sgle,2001,216.292
bih,sex_f,geo_cov_nat,mts_details_sgle,2006,195.684
bih,sex_f,geo_cov_nat,mts_details_sgle,2007,194.741
bih,sex_f,geo_cov_nat,mts_details_sgle,2008,182.583
bih,sex_f,geo_cov_nat,mts_details_sgle,2009,182.277
bih,sex_f,geo_cov_nat,mts_details_sgle,2010,175.499
bih,sex_f,geo_cov_nat,mts_details_sgle,2011,171.698
bih,sex_f,geo_cov_nat,mts_details_sgle,2012,182.789
bih,sex_f,geo_cov_nat,mts_details_sgle,2013,185.628
bih,sex_f,geo_cov_nat,mts_details_sgle,2014,168.23
bih,sex_f,geo_cov_nat,mts_details_sgle,2015,171.185
bih,sex_f,geo_cov_nat,mts_details_sgle,2016,163.621
bih,sex_f,geo_cov_nat,mts_details_sgle,2017,145.762
bih,sex_f,geo_cov_nat,mts_details_sgle,2018,149.645
bih,sex_f,geo_cov_nat,mts_details_sgle,2019,120.337
bih,sex_f,geo_cov_nat,mts_details_sgle,2020,179.753
bih,sex_f,geo_cov_nat,mts_details_total,2001,1063.081
bih,sex_f,geo_cov_nat,mts_details_total,2006,983.064
bih,sex_f,geo_cov_nat,mts_details_total,2007,980.58
bih,sex_f,geo_cov_nat,mts_details_total,2008,944.522
bih,sex_f,geo_cov_nat,mts_details_total,2009,919.67
bih,sex_f,geo_cov_nat,mts_details_total,2010,899.218
bih,sex_f,geo_cov_nat,mts_details_total,2011,891.481
bih,sex_f,geo_cov_nat,mts_details_total,2012,899.215
bih,sex_f,geo_cov_nat,mts_details_total,2013,904.403
bih,sex_f,geo_cov_nat,mts_details_total,2014,890.318
bih,sex_f,geo_cov_nat,mts_details_total,2015,881.115
bih,sex_f,geo_cov_nat,mts_details_total,2016,871.355
bih,sex_f,geo_cov_nat,mts_details_total,2017,837.438
bih,sex_f,geo_cov_nat,mts_details_total,2018,844.023
bih,sex_f,geo_cov_nat,mts_details_total,2019,777.63
bih,sex_f,geo_cov_nat,mts_details_total,2020,951.879
bih,sex_f,geo_cov_nat,mts_details_union,2001,7.629
bih,sex_f,geo_cov_nat,mts_details_wid,2001,236.299
bih,sex_f,geo_cov_nat,mts_details_wid,2006,213.144
bih,sex_f,geo_cov_nat,mts_details_wid,2007,213.901
bih,sex_f,geo_cov_nat,mts_details_wid,2008,224.858
bih,sex_f,geo_cov_nat,mts_details_wid,2009,222.531
bih,sex_f,geo_cov_nat,mts_details_wid,2010,218.852
bih,sex_f,geo_cov_nat,mts_details_wid,2011,224.884
bih,sex_f,geo_cov_nat,mts_details_wid,2012,228.159
bih,sex_f,geo_cov_nat,mts_details_wid,2013,229.21
bih,sex_f,geo_cov_nat,mts_details_wid,2014,245.195
bih,sex_f,geo_cov_nat,mts_details_wid,2015,236.741
bih,sex_f,geo_cov_nat,mts_details_wid,2016,244.117
bih,sex_f,geo_cov_nat,mts_details_wid,2017,233.371
bih,sex_f,geo_cov_nat,mts_details_wid,2018,237.904
bih,sex_f,geo_cov_nat,mts_details_wid,2019,226.603
bih,sex_f,geo_cov_nat,mts_details_wid,2020,257.779
bih,sex_f,geo_cov_nat,mts_details_x,2006,3.658
bih,sex_f,geo_cov_nat,mts_details_x,2007,5.735
bih,sex_f,geo_cov_nat,mts_details_x,2008,5.556
bih,sex_f,geo_cov_nat,mts_details_x,2009,3.682
bih,sex_f,geo_cov_nat,mts_details_x,2010,4.243
bih,sex_f,geo_cov_nat,mts_details_x,2011,3.554
bih,sex_f,geo_cov_nat,mts_details_x,2012,5.762
bih,sex_f,geo_cov_nat,mts_details_x,2013,5.125
bih,sex_f,geo_cov_nat,mts_details_x,2014,3.84
bih,sex_f,geo_cov_nat,mts_details_x,2015,5.469
bih,sex_f,geo_cov_nat,mts_details_x,2016,4.681
bih,sex_f,geo_cov_nat,mts_details_x,2017,3.576
bih,sex_f,geo_cov_nat,mts_details_x,2018,3.774
bih,sex_f,geo_cov_nat,mts_details_x,2019,1.954
bih,sex_f,geo_cov_rur,mts_aggregate_1,2001,244.89
bih,sex_f,geo_cov_rur,mts_aggregate_1,2006,248.682
bih,sex_f,geo_cov_rur,mts_aggregate_1,2007,257.418
bih,sex_f,geo_cov_rur,mts_aggregate_1,2008,257.21
bih,sex_f,geo_cov_rur,mts_aggregate_1,2009,253.412
bih,sex_f,geo_cov_rur,mts_aggregate_1,2010,236.115
bih,sex_f,geo_cov_rur,mts_aggregate_1,2011,231.754
bih,sex_f,geo_cov_rur,mts_aggregate_1,2012,240.068
bih,sex_f,geo_cov_rur,mts_aggregate_1,2013,246.875
bih,sex_f,geo_cov_rur,mts_aggregate_1,2014,241.021
bih,sex_f,geo_cov_rur,mts_aggregate_1,2015,229.344
bih,sex_f,geo_cov_rur,mts_aggregate_1,2016,237.15
bih,sex_f,geo_cov_rur,mts_aggregate_1,2017,221.626
bih,sex_f,geo_cov_rur,mts_aggregate_1,2018,224.225
bih,sex_f,geo_cov_rur,mts_aggregate_1,2019,198.922
bih,sex_f,geo_cov_rur,mts_aggregate_1,2020,238.957
bih,sex_f,geo_cov_rur,mts_aggregate_2,2001,330.095
bih,sex_f,geo_cov_rur,mts_aggregate_2,2006,373.152
bih,sex_f,geo_cov_rur,mts_aggregate_2,2007,388.756
bih,sex_f,geo_cov_rur,mts_aggregate_2,2008,363.82
bih,sex_f,geo_cov_rur,mts_aggregate_2,2009,347.79
bih,sex_f,geo_cov_rur,mts_aggregate_2,2010,313.909
bih,sex_f,geo_cov_rur,mts_aggregate_2,2011,309.528
bih,sex_f,geo_cov_rur,mts_aggregate_2,2012,307.752
bih,sex_f,geo_cov_rur,mts_aggregate_2,2013,305.69
bih,sex_f,geo_cov_rur,mts_aggregate_2,2014,300.806
bih,sex_f,geo_cov_rur,mts_aggregate_2,2015,295.115
bih,sex_f,geo_cov_rur,mts_aggregate_2,2016,285.917
bih,sex_f,geo_cov_rur,mts_aggregate_2,2017,279.68
bih,sex_f,geo_cov_rur,mts_aggregate_2,2018,281.269
bih,sex_f,geo_cov_rur,mts_aggregate_2,2019,263.76
bih,sex_f,geo_cov_rur,mts_aggregate_2,2020,314.696
bih,sex_f,geo_cov_rur,mts_aggregate_total,2001,574.985
bih,sex_f,geo_cov_rur,mts_aggregate_total,2006,624.053
bih,sex_f,geo_cov_rur,mts_aggregate_total,2007,649.921
bih,sex_f,geo_cov_rur,mts_aggregate_total,2008,624.293
bih,sex_f,geo_cov_rur,mts_aggregate_total,2009,603.759
bih,sex_f,geo_cov_rur,mts_aggregate_total,2010,553.04
bih,sex_f,geo_cov_rur,mts_aggregate_total,2011,543.249
bih,sex_f,geo_cov_rur,mts_aggregate_total,2012,551.764
bih,sex_f,geo_cov_rur,mts_aggregate_total,2013,555.697
bih,sex_f,geo_cov_rur,mts_aggregate_total,2014,543.722
bih,sex_f,geo_cov_rur,mts_aggregate_total,2015,527.153
bih,sex_f,geo_cov_rur,mts_aggregate_total,2016,525.829
bih,sex_f,geo_cov_rur,mts_aggregate_total,2017,503.659
bih,sex_f,geo_cov_rur,mts_aggregate_total,2018,507.206
bih,sex_f,geo_cov_rur,mts_aggregate_total,2019,463.708
bih,sex_f,geo_cov_rur,mts_aggregate_total,2020,553.653
bih,sex_f,geo_cov_rur,mts_aggregate_x,2006,2.219
bih,sex_f,geo_cov_rur,mts_aggregate_x,2007,3.748
bih,sex_f,geo_cov_rur,mts_aggregate_x,2008,3.263
bih,sex_f,geo_cov_rur,mts_aggregate_x,2009,2.557
bih,sex_f,geo_cov_rur,mts_aggregate_x,2010,3.016
bih,sex_f,geo_cov_rur,mts_aggregate_x,2011,1.967
bih,sex_f,geo_cov_rur,mts_aggregate_x,2012,3.944
bih,sex_f,geo_cov_rur,mts_aggregate_x,2013,3.132
bih,sex_f,geo_cov_rur,mts_aggregate_x,2014,1.895
bih,sex_f,geo_cov_rur,mts_aggregate_x,2015,2.694
bih,sex_f,geo_cov_rur,mts_aggregate_x,2016,2.762
bih,sex_f,geo_cov_rur,mts_aggregate_x,2017,2.353
bih,sex_f,geo_cov_rur,mts_aggregate_x,2018,1.712
bih,sex_f,geo_cov_rur,mts_aggregate_x,2019,1.026
bih,sex_f,geo_cov_rur,mts_details_mrd,2001,325.918
bih,sex_f,geo_cov_rur,mts_details_mrd,2006,373.152
bih,sex_f,geo_cov_rur,mts_details_mrd,2007,388.756
bih,sex_f,geo_cov_rur,mts_details_mrd,2008,363.82
bih,sex_f,geo_cov_rur,mts_details_mrd,2009,347.79
bih,sex_f,geo_cov_rur,mts_details_mrd,2010,313.909
bih,sex_f,geo_cov_rur,mts_details_mrd,2011,309.528
bih,sex_f,geo_cov_rur,mts_details_mrd,2012,307.752
bih,sex_f,geo_cov_rur,mts_details_mrd,2013,305.69
bih,sex_f,geo_cov_rur,mts_details_mrd,2014,300.806
bih,sex_f,geo_cov_rur,mts_details_mrd,2015,295.115
bih,sex_f,geo_cov_rur,mts_details_mrd,2016,285.917
bih,sex_f,geo_cov_rur,mts_details_mrd,2017,279.68
bih,sex_f,geo_cov_rur,mts_details_mrd,2018,281.269
bih,sex_f,geo_cov_rur,mts_details_mrd,2019,263.76
bih,sex_f,geo_cov_rur,mts_details_mrd,2020,314.696
bih,sex_f,geo_cov_rur,mts_details_sep,2001,5.173
bih,sex_f,geo_cov_rur,mts_details_sep,2006,5.748
bih,sex_f,geo_cov_rur,mts_details_sep,2007,7.243
bih,sex_f,geo_cov_rur,mts_details_sep,2008,6.547
bih,sex_f,geo_cov_rur,mts_details_sep,2009,4.958
bih,sex_f,geo_cov_rur,mts_details_sep,2010,5.75
bih,sex_f,geo_cov_rur,mts_details_sep,2011,5.91
bih,sex_f,geo_cov_rur,mts_details_sep,2012,4.518
bih,sex_f,geo_cov_rur,mts_details_sep,2013,5.207
bih,sex_f,geo_cov_rur,mts_details_sep,2014,4.626
bih,sex_f,geo_cov_rur,mts_details_sep,2015,5.889
bih,sex_f,geo_cov_rur,mts_details_sep,2016,3.971
bih,sex_f,geo_cov_rur,mts_details_sep,2017,5.512
bih,sex_f,geo_cov_rur,mts_details_sep,2018,4.83
bih,sex_f,geo_cov_rur,mts_details_sep,2019,4.719
bih,sex_f,geo_cov_rur,mts_details_sep,2020,5.375
bih,sex_f,geo_cov_rur,mts_details_sgle,2001,113.375
bih,sex_f,geo_cov_rur,mts_details_sgle,2006,109.53
bih,sex_f,geo_cov_rur,mts_details_sgle,2007,113.679
bih,sex_f,geo_cov_rur,mts_details_sgle,2008,108.21
bih,sex_f,geo_cov_rur,mts_details_sgle,2009,106.186
bih,sex_f,geo_cov_rur,mts_details_sgle,2010,98.328
bih,sex_f,geo_cov_rur,mts_details_sgle,2011,95.304
bih,sex_f,geo_cov_rur,mts_details_sgle,2012,103.448
bih,sex_f,geo_cov_rur,mts_details_sgle,2013,103.832
bih,sex_f,geo_cov_rur,mts_details_sgle,2014,92.537
bih,sex_f,geo_cov_rur,mts_details_sgle,2015,92.219
bih,sex_f,geo_cov_rur,mts_details_sgle,2016,91.804
bih,sex_f,geo_cov_rur,mts_details_sgle,2017,81.956
bih,sex_f,geo_cov_rur,mts_details_sgle,2018,80.734
bih,sex_f,geo_cov_rur,mts_details_sgle,2019,65.901
bih,sex_f,geo_cov_rur,mts_details_sgle,2020,93.303
bih,sex_f,geo_cov_rur,mts_details_total,2001,574.985
bih,sex_f,geo_cov_rur,mts_details_total,2006,624.053
bih,sex_f,geo_cov_rur,mts_details_total,2007,649.921
bih,sex_f,geo_cov_rur,mts_details_total,2008,624.293
bih,sex_f,geo_cov_rur,mts_details_total,2009,603.759
bih,sex_f,geo_cov_rur,mts_details_total,2010,553.04
bih,sex_f,geo_cov_rur,mts_details_total,2011,543.249
bih,sex_f,geo_cov_rur,mts_details_total,2012,551.764
bih,sex_f,geo_cov_rur,mts_details_total,2013,555.697
bih,sex_f,geo_cov_rur,mts_details_total,2014,543.722
bih,sex_f,geo_cov_rur,mts_details_total,2015,527.153
bih,sex_f,geo_cov_rur,mts_details_total,2016,525.829
bih,sex_f,geo_cov_rur,mts_details_total,2017,503.659
bih,sex_f,geo_cov_rur,mts_details_total,2018,507.206
bih,sex_f,geo_cov_rur,mts_details_total,2019,463.708
bih,sex_f,geo_cov_rur,mts_details_total,2020,553.653
bih,sex_f,geo_cov_rur,mts_details_union,2001,4.177
bih,sex_f,geo_cov_rur,mts_details_wid,2001,126.342
bih,sex_f,geo_cov_rur,mts_details_wid,2006,133.405
bih,sex_f,geo_cov_rur,mts_details_wid,2007,136.496
bih,sex_f,geo_cov_rur,mts_details_wid,2008,142.453
bih,sex_f,geo_cov_rur,mts_details_wid,2009,142.268
bih,sex_f,geo_cov_rur,mts_details_wid,2010,132.037
bih,sex_f,geo_cov_rur,mts_details_wid,2011,130.54
bih,sex_f,geo_cov_rur,mts_details_wid,2012,132.102
bih,sex_f,geo_cov_rur,mts_details_wid,2013,137.835
bih,sex_f,geo_cov_rur,mts_details_wid,2014,143.858
bih,sex_f,geo_cov_rur,mts_details_wid,2015,131.236
bih,sex_f,geo_cov_rur,mts_details_wid,2016,141.374
bih,sex_f,geo_cov_rur,mts_details_wid,2017,134.159
bih,sex_f,geo_cov_rur,mts_details_wid,2018,138.662
bih,sex_f,geo_cov_rur,mts_details_wid,2019,128.302
bih,sex_f,geo_cov_rur,mts_details_wid,2020,140.279
bih,sex_f,geo_cov_rur,mts_details_x,2006,2.219
bih,sex_f,geo_cov_rur,mts_details_x,2007,3.748
bih,sex_f,geo_cov_rur,mts_details_x,2008,3.263
bih,sex_f,geo_cov_rur,mts_details_x,2009,2.557
bih,sex_f,geo_cov_rur,mts_details_x,2010,3.016
bih,sex_f,geo_cov_rur,mts_details_x,2011,1.967
bih,sex_f,geo_cov_rur,mts_details_x,2012,3.944
bih,sex_f,geo_cov_rur,mts_details_x,2013,3.132
bih,sex_f,geo_cov_rur,mts_details_x,2014,1.895
bih,sex_f,geo_cov_rur,mts_details_x,2015,2.694
bih,sex_f,geo_cov_rur,mts_details_x,2016,2.762
bih,sex_f,geo_cov_rur,mts_details_x,2017,2.353
bih,sex_f,geo_cov_rur,mts_details_x,2018,1.712
bih,sex_f,geo_cov_rur,mts_details_x,2019,1.026
bih,sex_f,geo_cov_urb,mts_aggregate_1,2001,221.661
bih,sex_f,geo_cov_urb,mts_aggregate_1,2006,174.611
bih,sex_f,geo_cov_urb,mts_aggregate_1,2007,164.737
bih,sex_f,geo_cov_urb,mts_aggregate_1,2008,161.923
bih,sex_f,geo_cov_urb,mts_aggregate_1,2009,161.409
bih,sex_f,geo_cov_urb,mts_aggregate_1,2010,171.838
bih,sex_f,geo_cov_urb,mts_aggregate_1,2011,178.565
bih,sex_f,geo_cov_urb,mts_aggregate_1,2012,181.623
bih,sex_f,geo_cov_urb,mts_aggregate_1,2013,182.837
bih,sex_f,geo_cov_urb,mts_aggregate_1,2014,184.866
bih,sex_f,geo_cov_urb,mts_aggregate_1,2015,190.41
bih,sex_f,geo_cov_urb,mts_aggregate_1,2016,181.85
bih,sex_f,geo_cov_urb,mts_aggregate_1,2017,170.408
bih,sex_f,geo_cov_urb,mts_aggregate_1,2018,174.788
bih,sex_f,geo_cov_urb,mts_aggregate_1,2019,157.488
bih,sex_f,geo_cov_urb,mts_aggregate_1,2020,211.509
bih,sex_f,geo_cov_urb,mts_aggregate_2,2001,266.329
bih,sex_f,geo_cov_urb,mts_aggregate_2,2006,182.961
bih,sex_f,geo_cov_urb,mts_aggregate_2,2007,163.934
bih,sex_f,geo_cov_urb,mts_aggregate_2,2008,156.013
bih,sex_f,geo_cov_urb,mts_aggregate_2,2009,153.377
bih,sex_f,geo_cov_urb,mts_aggregate_2,2010,173.113
bih,sex_f,geo_cov_urb,mts_aggregate_2,2011,168.08
bih,sex_f,geo_cov_urb,mts_aggregate_2,2012,164.01
bih,sex_f,geo_cov_urb,mts_aggregate_2,2013,163.877
bih,sex_f,geo_cov_urb,mts_aggregate_2,2014,159.786
bih,sex_f,geo_cov_urb,mts_aggregate_2,2015,160.778
bih,sex_f,geo_cov_urb,mts_aggregate_2,2016,161.758
bih,sex_f,geo_cov_urb,mts_aggregate_2,2017,162.147
bih,sex_f,geo_cov_urb,mts_aggregate_2,2018,159.966
bih,sex_f,geo_cov_urb,mts_aggregate_2,2019,155.506
bih,sex_f,geo_cov_urb,mts_aggregate_2,2020,186.718
bih,sex_f,geo_cov_urb,mts_aggregate_total,2001,488.096
bih,sex_f,geo_cov_urb,mts_aggregate_total,2006,359.011
bih,sex_f,geo_cov_urb,mts_aggregate_total,2007,330.658
bih,sex_f,geo_cov_urb,mts_aggregate_total,2008,320.229
bih,sex_f,geo_cov_urb,mts_aggregate_total,2009,315.911
bih,sex_f,geo_cov_urb,mts_aggregate_total,2010,346.178
bih,sex_f,geo_cov_urb,mts_aggregate_total,2011,348.232
bih,sex_f,geo_cov_urb,mts_aggregate_total,2012,347.45
bih,sex_f,geo_cov_urb,mts_aggregate_total,2013,348.706
bih,sex_f,geo_cov_urb,mts_aggregate_total,2014,346.597
bih,sex_f,geo_cov_urb,mts_aggregate_total,2015,353.962
bih,sex_f,geo_cov_urb,mts_aggregate_total,2016,345.527
bih,sex_f,geo_cov_urb,mts_aggregate_total,2017,333.779
bih,sex_f,geo_cov_urb,mts_aggregate_total,2018,336.817
bih,sex_f,geo_cov_urb,mts_aggregate_total,2019,313.922
bih,sex_f,geo_cov_urb,mts_aggregate_total,2020,398.227
bih,sex_f,geo_cov_urb,mts_aggregate_x,2006,1.439
bih,sex_f,geo_cov_urb,mts_aggregate_x,2007,1.987
bih,sex_f,geo_cov_urb,mts_aggregate_x,2008,2.293
bih,sex_f,geo_cov_urb,mts_aggregate_x,2009,1.125
bih,sex_f,geo_cov_urb,mts_aggregate_x,2010,1.227
bih,sex_f,geo_cov_urb,mts_aggregate_x,2011,1.587
bih,sex_f,geo_cov_urb,mts_aggregate_x,2012,1.817
bih,sex_f,geo_cov_urb,mts_aggregate_x,2013,1.993
bih,sex_f,geo_cov_urb,mts_aggregate_x,2014,1.945
bih,sex_f,geo_cov_urb,mts_aggregate_x,2015,2.774
bih,sex_f,geo_cov_urb,mts_aggregate_x,2016,1.919
bih,sex_f,geo_cov_urb,mts_aggregate_x,2017,1.224
bih,sex_f,geo_cov_urb,mts_aggregate_x,2018,2.063
bih,sex_f,geo_cov_urb,mts_aggregate_x,2019,0.928
bih,sex_f,geo_cov_urb,mts_details_mrd,2001,262.877
bih,sex_f,geo_cov_urb,mts_details_mrd,2006,182.961
bih,sex_f,geo_cov_urb,mts_details_mrd,2007,163.934
bih,sex_f,geo_cov_urb,mts_details_mrd,2008,156.013
bih,sex_f,geo_cov_urb,mts_details_mrd,2009,153.377
bih,sex_f,geo_cov_urb,mts_details_mrd,2010,173.113
bih,sex_f,geo_cov_urb,mts_details_mrd,2011,168.08
bih,sex_f,geo_cov_urb,mts_details_mrd,2012,164.01
bih,sex_f,geo_cov_urb,mts_details_mrd,2013,163.877
bih,sex_f,geo_cov_urb,mts_details_mrd,2014,159.786
bih,sex_f,geo_cov_urb,mts_details_mrd,2015,160.778
bih,sex_f,geo_cov_urb,mts_details_mrd,2016,161.758
bih,sex_f,geo_cov_urb,mts_details_mrd,2017,162.147
bih,sex_f,geo_cov_urb,mts_details_mrd,2018,159.966
bih,sex_f,geo_cov_urb,mts_details_mrd,2019,155.506
bih,sex_f,geo_cov_urb,mts_details_mrd,2020,186.718
bih,sex_f,geo_cov_urb,mts_details_sep,2001,8.787
bih,sex_f,geo_cov_urb,mts_details_sep,2006,8.717
bih,sex_f,geo_cov_urb,mts_details_sep,2007,6.27
bih,sex_f,geo_cov_urb,mts_details_sep,2008,5.145
bih,sex_f,geo_cov_urb,mts_details_sep,2009,5.054
bih,sex_f,geo_cov_urb,mts_details_sep,2010,7.852
bih,sex_f,geo_cov_urb,mts_details_sep,2011,7.827
bih,sex_f,geo_cov_urb,mts_details_sep,2012,6.226
bih,sex_f,geo_cov_urb,mts_details_sep,2013,9.666
bih,sex_f,geo_cov_urb,mts_details_sep,2014,7.836
bih,sex_f,geo_cov_urb,mts_details_sep,2015,5.939
bih,sex_f,geo_cov_urb,mts_details_sep,2016,7.29
bih,sex_f,geo_cov_urb,mts_details_sep,2017,7.389
bih,sex_f,geo_cov_urb,mts_details_sep,2018,6.635
bih,sex_f,geo_cov_urb,mts_details_sep,2019,4.751
bih,sex_f,geo_cov_urb,mts_details_sep,2020,7.559
bih,sex_f,geo_cov_urb,mts_details_sgle,2001,102.917
bih,sex_f,geo_cov_urb,mts_details_sgle,2006,86.155
bih,sex_f,geo_cov_urb,mts_details_sgle,2007,81.062
bih,sex_f,geo_cov_urb,mts_details_sgle,2008,74.373
bih,sex_f,geo_cov_urb,mts_details_sgle,2009,76.091
bih,sex_f,geo_cov_urb,mts_details_sgle,2010,77.171
bih,sex_f,geo_cov_urb,mts_details_sgle,2011,76.394
bih,sex_f,geo_cov_urb,mts_details_sgle,2012,79.34
bih,sex_f,geo_cov_urb,mts_details_sgle,2013,81.795
bih,sex_f,geo_cov_urb,mts_details_sgle,2014,75.693
bih,sex_f,geo_cov_urb,mts_details_sgle,2015,78.967
bih,sex_f,geo_cov_urb,mts_details_sgle,2016,71.816
bih,sex_f,geo_cov_urb,mts_details_sgle,2017,63.806
bih,sex_f,geo_cov_urb,mts_details_sgle,2018,68.911
bih,sex_f,geo_cov_urb,mts_details_sgle,2019,54.436
bih,sex_f,geo_cov_urb,mts_details_sgle,2020,86.45
bih,sex_f,geo_cov_urb,mts_details_total,2001,488.096
bih,sex_f,geo_cov_urb,mts_details_total,2006,359.011
bih,sex_f,geo_cov_urb,mts_details_total,2007,330.658
bih,sex_f,geo_cov_urb,mts_details_total,2008,320.229
bih,sex_f,geo_cov_urb,mts_details_total,2009,315.911
bih,sex_f,geo_cov_urb,mts_details_total,2010,346.178
bih,sex_f,geo_cov_urb,mts_details_total,2011,348.232
bih,sex_f,geo_cov_urb,mts_details_total,2012,347.45
bih,sex_f,geo_cov_urb,mts_details_total,2013,348.706
bih,sex_f,geo_cov_urb,mts_details_total,2014,346.597
bih,sex_f,geo_cov_urb,mts_details_total,2015,353.962
bih,sex_f,geo_cov_urb,mts_details_total,2016,345.527
bih,sex_f,geo_cov_urb,mts_details_total,2017,333.779
bih,sex_f,geo_cov_urb,mts_details_total,2018,336.817
bih,sex_f,geo_cov_urb,mts_details_total,2019,313.922
bih,sex_f,geo_cov_urb,mts_details_total,2020,398.227
bih,sex_f,geo_cov_urb,mts_details_union,2001,3.452
bih,sex_f,geo_cov_urb,mts_details_wid,2001,109.957
bih,sex_f,geo_cov_urb,mts_details_wid,2006,79.739
bih,sex_f,geo_cov_urb,mts_details_wid,2007,77.405
bih,sex_f,geo_cov_urb,mts_details_wid,2008,82.406
bih,sex_f,geo_cov_urb,mts_details_wid,2009,80.263
bih,sex_f,geo_cov_urb,mts_details_wid,2010,86.815
bih,sex_f,geo_cov_urb,mts_details_wid,2011,94.344
bih,sex_f,geo_cov_urb,mts_details_wid,2012,96.057
bih,sex_f,geo_cov_urb,mts_details_wid,2013,91.375
bih,sex_f,geo_cov_urb,mts_details_wid,2014,101.336
bih,sex_f,geo_cov_urb,mts_details_wid,2015,105.505
bih,sex_f,geo_cov_urb,mts_details_wid,2016,102.743
bih,sex_f,geo_cov_urb,mts_details_wid,2017,99.213
bih,sex_f,geo_cov_urb,mts_details_wid,2018,99.242
bih,sex_f,geo_cov_urb,mts_details_wid,2019,98.301
bih,sex_f,geo_cov_urb,mts_details_wid,2020,117.5
bih,sex_f,geo_cov_urb,mts_details_x,2006,1.439
bih,sex_f,geo_cov_urb,mts_details_x,2007,1.987
bih,sex_f,geo_cov_urb,mts_details_x,2008,2.293
bih,sex_f,geo_cov_urb,mts_details_x,2009,1.125
bih,sex_f,geo_cov_urb,mts_details_x,2010,1.227
bih,sex_f,geo_cov_urb,mts_details_x,2011,1.587
bih,sex_f,geo_cov_urb,mts_details_x,2012,1.817
bih,sex_f,geo_cov_urb,mts_details_x,2013,1.993
bih,sex_f,geo_cov_urb,mts_details_x,2014,1.945
bih,sex_f,geo_cov_urb,mts_details_x,2015,2.774
bih,sex_f,geo_cov_urb,mts_details_x,2016,1.919
bih,sex_f,geo_cov_urb,mts_details_x,2017,1.224
bih,sex_f,geo_cov_urb,mts_details_x,2018,2.063
bih,sex_f,geo_cov_urb,mts_details_x,2019,0.928
bih,sex_m,geo_cov_nat,mts_aggregate_1,2001,282.398
bih,sex_m,geo_cov_nat,mts_aggregate_1,2006,264.069
bih,sex_m,geo_cov_nat,mts_aggregate_1,2007,251.305
bih,sex_m,geo_cov_nat,mts_aggregate_1,2008,256.251
bih,sex_m,geo_cov_nat,mts_aggregate_1,2009,249.095
bih,sex_m,geo_cov_nat,mts_aggregate_1,2010,242.554
bih,sex_m,geo_cov_nat,mts_aggregate_1,2011,245.005
bih,sex_m,geo_cov_nat,mts_aggregate_1,2012,240.74
bih,sex_m,geo_cov_nat,mts_aggregate_1,2013,265.636
bih,sex_m,geo_cov_nat,mts_aggregate_1,2014,254.707
bih,sex_m,geo_cov_nat,mts_aggregate_1,2015,250.648
bih,sex_m,geo_cov_nat,mts_aggregate_1,2016,242.335
bih,sex_m,geo_cov_nat,mts_aggregate_1,2017,244.059
bih,sex_m,geo_cov_nat,mts_aggregate_1,2018,240.154
bih,sex_m,geo_cov_nat,mts_aggregate_1,2019,234.358
bih,sex_m,geo_cov_nat,mts_aggregate_1,2020,270.605
bih,sex_m,geo_cov_nat,mts_aggregate_2,2001,331.25
bih,sex_m,geo_cov_nat,mts_aggregate_2,2006,332.978
bih,sex_m,geo_cov_nat,mts_aggregate_2,2007,325.39
bih,sex_m,geo_cov_nat,mts_aggregate_2,2008,314.136
bih,sex_m,geo_cov_nat,mts_aggregate_2,2009,318.149
bih,sex_m,geo_cov_nat,mts_aggregate_2,2010,315.002
bih,sex_m,geo_cov_nat,mts_aggregate_2,2011,315.932
bih,sex_m,geo_cov_nat,mts_aggregate_2,2012,307.999
bih,sex_m,geo_cov_nat,mts_aggregate_2,2013,309.631
bih,sex_m,geo_cov_nat,mts_aggregate_2,2014,312.489
bih,sex_m,geo_cov_nat,mts_aggregate_2,2015,318.54
bih,sex_m,geo_cov_nat,mts_aggregate_2,2016,304.994
bih,sex_m,geo_cov_nat,mts_aggregate_2,2017,317.483
bih,sex_m,geo_cov_nat,mts_aggregate_2,2018,310.831
bih,sex_m,geo_cov_nat,mts_aggregate_2,2019,312.117
bih,sex_m,geo_cov_nat,mts_aggregate_2,2020,309.128
bih,sex_m,geo_cov_nat,mts_aggregate_total,2001,613.648
bih,sex_m,geo_cov_nat,mts_aggregate_total,2006,598.369
bih,sex_m,geo_cov_nat,mts_aggregate_total,2007,578.405
bih,sex_m,geo_cov_nat,mts_aggregate_total,2008,573.467
bih,sex_m,geo_cov_nat,mts_aggregate_total,2009,569.633
bih,sex_m,geo_cov_nat,mts_aggregate_total,2010,559.431
bih,sex_m,geo_cov_nat,mts_aggregate_total,2011,562.816
bih,sex_m,geo_cov_nat,mts_aggregate_total,2012,551.471
bih,sex_m,geo_cov_nat,mts_aggregate_total,2013,577.496
bih,sex_m,geo_cov_nat,mts_aggregate_total,2014,569.245
bih,sex_m,geo_cov_nat,mts_aggregate_total,2015,571.361
bih,sex_m,geo_cov_nat,mts_aggregate_total,2016,549.132
bih,sex_m,geo_cov_nat,mts_aggregate_total,2017,563.235
bih,sex_m,geo_cov_nat,mts_aggregate_total,2018,553.271
bih,sex_m,geo_cov_nat,mts_aggregate_total,2019,548.185
bih,sex_m,geo_cov_nat,mts_aggregate_total,2020,579.733
bih,sex_m,geo_cov_nat,mts_aggregate_x,2006,1.322
bih,sex_m,geo_cov_nat,mts_aggregate_x,2007,1.71
bih,sex_m,geo_cov_nat,mts_aggregate_x,2008,3.081
bih,sex_m,geo_cov_nat,mts_aggregate_x,2009,2.389
bih,sex_m,geo_cov_nat,mts_aggregate_x,2010,1.874
bih,sex_m,geo_cov_nat,mts_aggregate_x,2011,1.88
bih,sex_m,geo_cov_nat,mts_aggregate_x,2012,2.732
bih,sex_m,geo_cov_nat,mts_aggregate_x,2013,2.229
bih,sex_m,geo_cov_nat,mts_aggregate_x,2014,2.049
bih,sex_m,geo_cov_nat,mts_aggregate_x,2015,2.173
bih,sex_m,geo_cov_nat,mts_aggregate_x,2016,1.803
bih,sex_m,geo_cov_nat,mts_aggregate_x,2017,1.692
bih,sex_m,geo_cov_nat,mts_aggregate_x,2018,2.285
bih,sex_m,geo_cov_nat,mts_aggregate_x,2019,1.71
bih,sex_m,geo_cov_nat,mts_details_mrd,2001,326.859
bih,sex_m,geo_cov_nat,mts_details_mrd,2006,332.978
bih,sex_m,geo_cov_nat,mts_details_mrd,2007,325.39
bih,sex_m,geo_cov_nat,mts_details_mrd,2008,314.136
bih,sex_m,geo_cov_nat,mts_details_mrd,2009,318.149
bih,sex_m,geo_cov_nat,mts_details_mrd,2010,315.002
bih,sex_m,geo_cov_nat,mts_details_mrd,2011,315.932
bih,sex_m,geo_cov_nat,mts_details_mrd,2012,307.999
bih,sex_m,geo_cov_nat,mts_details_mrd,2013,309.631
bih,sex_m,geo_cov_nat,mts_details_mrd,2014,312.489
bih,sex_m,geo_cov_nat,mts_details_mrd,2015,318.54
bih,sex_m,geo_cov_nat,mts_details_mrd,2016,304.994
bih,sex_m,geo_cov_nat,mts_details_mrd,2017,317.483
bih,sex_m,geo_cov_nat,mts_details_mrd,2018,310.831
bih,sex_m,geo_cov_nat,mts_details_mrd,2019,312.117
bih,sex_m,geo_cov_nat,mts_details_mrd,2020,309.128
bih,sex_m,geo_cov_nat,mts_details_sep,2001,3.695
bih,sex_m,geo_cov_nat,mts_details_sep,2006,6.049
bih,sex_m,geo_cov_nat,mts_details_sep,2007,6.221
bih,sex_m,geo_cov_nat,mts_details_sep,2008,6.734
bih,sex_m,geo_cov_nat,mts_details_sep,2009,7.178
bih,sex_m,geo_cov_nat,mts_details_sep,2010,8.218
bih,sex_m,geo_cov_nat,mts_details_sep,2011,7.783
bih,sex_m,geo_cov_nat,mts_details_sep,2012,7.962
bih,sex_m,geo_cov_nat,mts_details_sep,2013,8.269
bih,sex_m,geo_cov_nat,mts_details_sep,2014,6.569
bih,sex_m,geo_cov_nat,mts_details_sep,2015,7.328
bih,sex_m,geo_cov_nat,mts_details_sep,2016,8.367
bih,sex_m,geo_cov_nat,mts_details_sep,2017,10.69
bih,sex_m,geo_cov_nat,mts_details_sep,2018,8.159
bih,sex_m,geo_cov_nat,mts_details_sep,2019,7.538
bih,sex_m,geo_cov_nat,mts_details_sep,2020,9.221
bih,sex_m,geo_cov_nat,mts_details_sgle,2001,234.871
bih,sex_m,geo_cov_nat,mts_details_sgle,2006,207.171
bih,sex_m,geo_cov_nat,mts_details_sgle,2007,200.41
bih,sex_m,geo_cov_nat,mts_details_sgle,2008,194.524
bih,sex_m,geo_cov_nat,mts_details_sgle,2009,184.434
bih,sex_m,geo_cov_nat,mts_details_sgle,2010,180.239
bih,sex_m,geo_cov_nat,mts_details_sgle,2011,181.587
bih,sex_m,geo_cov_nat,mts_details_sgle,2012,180.349
bih,sex_m,geo_cov_nat,mts_details_sgle,2013,196.161
bih,sex_m,geo_cov_nat,mts_details_sgle,2014,190.262
bih,sex_m,geo_cov_nat,mts_details_sgle,2015,179.817
bih,sex_m,geo_cov_nat,mts_details_sgle,2016,171.084
bih,sex_m,geo_cov_nat,mts_details_sgle,2017,163.584
bih,sex_m,geo_cov_nat,mts_details_sgle,2018,159.793
bih,sex_m,geo_cov_nat,mts_details_sgle,2019,146.372
bih,sex_m,geo_cov_nat,mts_details_sgle,2020,198.367
bih,sex_m,geo_cov_nat,mts_details_total,2001,613.648
bih,sex_m,geo_cov_nat,mts_details_total,2006,598.369
bih,sex_m,geo_cov_nat,mts_details_total,2007,578.405
bih,sex_m,geo_cov_nat,mts_details_total,2008,573.467
bih,sex_m,geo_cov_nat,mts_details_total,2009,569.633
bih,sex_m,geo_cov_nat,mts_details_total,2010,559.431
bih,sex_m,geo_cov_nat,mts_details_total,2011,562.816
bih,sex_m,geo_cov_nat,mts_details_total,2012,551.471
bih,sex_m,geo_cov_nat,mts_details_total,2013,577.496
bih,sex_m,geo_cov_nat,mts_details_total,2014,569.245
bih,sex_m,geo_cov_nat,mts_details_total,2015,571.361
bih,sex_m,geo_cov_nat,mts_details_total,2016,549.132
bih,sex_m,geo_cov_nat,mts_details_total,2017,563.235
bih,sex_m,geo_cov_nat,mts_details_total,2018,553.271
bih,sex_m,geo_cov_nat,mts_details_total,2019,548.185
bih,sex_m,geo_cov_nat,mts_details_total,2020,579.733
bih,sex_m,geo_cov_nat,mts_details_union,2001,4.391
bih,sex_m,geo_cov_nat,mts_details_wid,2001,43.832
bih,sex_m,geo_cov_nat,mts_details_wid,2006,50.849
bih,sex_m,geo_cov_nat,mts_details_wid,2007,44.673
bih,sex_m,geo_cov_nat,mts_details_wid,2008,54.993
bih,sex_m,geo_cov_nat,mts_details_wid,2009,57.483
bih,sex_m,geo_cov_nat,mts_details_wid,2010,54.097
bih,sex_m,geo_cov_nat,mts_details_wid,2011,55.635
bih,sex_m,geo_cov_nat,mts_details_wid,2012,52.43
bih,sex_m,geo_cov_nat,mts_details_wid,2013,61.207
bih,sex_m,geo_cov_nat,mts_details_wid,2014,57.876
bih,sex_m,geo_cov_nat,mts_details_wid,2015,63.502
bih,sex_m,geo_cov_nat,mts_details_wid,2016,62.884
bih,sex_m,geo_cov_nat,mts_details_wid,2017,69.785
bih,sex_m,geo_cov_nat,mts_details_wid,2018,72.202
bih,sex_m,geo_cov_nat,mts_details_wid,2019,80.448
bih,sex_m,geo_cov_nat,mts_details_wid,2020,63.016
bih,sex_m,geo_cov_nat,mts_details_x,2006,1.322
bih,sex_m,geo_cov_nat,mts_details_x,2007,1.71
bih,sex_m,geo_cov_nat,mts_details_x,2008,3.081
bih,sex_m,geo_cov_nat,mts_details_x,2009,2.389
bih,sex_m,geo_cov_nat,mts_details_x,2010,1.874
bih,sex_m,geo_cov_nat,mts_details_x,2011,1.88
bih,sex_m,geo_cov_nat,mts_details_x,2012,2.732
bih,sex_m,geo_cov_nat,mts_details_x,2013,2.229
bih,sex_m,geo_cov_nat,mts_details_x,2014,2.049
bih,sex_m,geo_cov_nat,mts_details_x,2015,2.173
bih,sex_m,geo_cov_nat,mts_details_x,2016,1.803
bih,sex_m,geo_cov_nat,mts_details_x,2017,1.692
bih,sex_m,geo_cov_nat,mts_details_x,2018,2.285
bih,sex_m,geo_cov_nat,mts_details_x,2019,1.71
bih,sex_m,geo_cov_rur,mts_aggregate_1,2001,156.852
bih,sex_m,geo_cov_rur,mts_aggregate_1,2006,157.461
bih,sex_m,geo_cov_rur,mts_aggregate_1,2007,162.208
bih,sex_m,geo_cov_rur,mts_aggregate_1,2008,161.667
bih,sex_m,geo_cov_rur,mts_aggregate_1,2009,155.398
bih,sex_m,geo_cov_rur,mts_aggregate_1,2010,136.868
bih,sex_m,geo_cov_rur,mts_aggregate_1,2011,141.902
bih,sex_m,geo_cov_rur,mts_aggregate_1,2012,140.682
bih,sex_m,geo_cov_rur,mts_aggregate_1,2013,153.728
bih,sex_m,geo_cov_rur,mts_aggregate_1,2014,150.369
bih,sex_m,geo_cov_rur,mts_aggregate_1,2015,142.001
bih,sex_m,geo_cov_rur,mts_aggregate_1,2016,140.441
bih,sex_m,geo_cov_rur,mts_aggregate_1,2017,142.147
bih,sex_m,geo_cov_rur,mts_aggregate_1,2018,141.352
bih,sex_m,geo_cov_rur,mts_aggregate_1,2019,137.773
bih,sex_m,geo_cov_rur,mts_aggregate_1,2020,148.37
bih,sex_m,geo_cov_rur,mts_aggregate_2,2001,178.818
bih,sex_m,geo_cov_rur,mts_aggregate_2,2006,206.304
bih,sex_m,geo_cov_rur,mts_aggregate_2,2007,210.651
bih,sex_m,geo_cov_rur,mts_aggregate_2,2008,200.905
bih,sex_m,geo_cov_rur,mts_aggregate_2,2009,205.351
bih,sex_m,geo_cov_rur,mts_aggregate_2,2010,185.005
bih,sex_m,geo_cov_rur,mts_aggregate_2,2011,192.984
bih,sex_m,geo_cov_rur,mts_aggregate_2,2012,179.58
bih,sex_m,geo_cov_rur,mts_aggregate_2,2013,179.346
bih,sex_m,geo_cov_rur,mts_aggregate_2,2014,185.275
bih,sex_m,geo_cov_rur,mts_aggregate_2,2015,186.857
bih,sex_m,geo_cov_rur,mts_aggregate_2,2016,177.597
bih,sex_m,geo_cov_rur,mts_aggregate_2,2017,186.18
bih,sex_m,geo_cov_rur,mts_aggregate_2,2018,182.657
bih,sex_m,geo_cov_rur,mts_aggregate_2,2019,182.868
bih,sex_m,geo_cov_rur,mts_aggregate_2,2020,180.488
bih,sex_m,geo_cov_rur,mts_aggregate_total,2001,335.67
bih,sex_m,geo_cov_rur,mts_aggregate_total,2006,364.493
bih,sex_m,geo_cov_rur,mts_aggregate_total,2007,373.646
bih,sex_m,geo_cov_rur,mts_aggregate_total,2008,364.377
bih,sex_m,geo_cov_rur,mts_aggregate_total,2009,362.43
bih,sex_m,geo_cov_rur,mts_aggregate_total,2010,322.868
bih,sex_m,geo_cov_rur,mts_aggregate_total,2011,335.691
bih,sex_m,geo_cov_rur,mts_aggregate_total,2012,321.997
bih,sex_m,geo_cov_rur,mts_aggregate_total,2013,334.32
bih,sex_m,geo_cov_rur,mts_aggregate_total,2014,336.129
bih,sex_m,geo_cov_rur,mts_aggregate_total,2015,329.42
bih,sex_m,geo_cov_rur,mts_aggregate_total,2016,318.82
bih,sex_m,geo_cov_rur,mts_aggregate_total,2017,329.37
bih,sex_m,geo_cov_rur,mts_aggregate_total,2018,324.654
bih,sex_m,geo_cov_rur,mts_aggregate_total,2019,321.379
bih,sex_m,geo_cov_rur,mts_aggregate_total,2020,328.858
bih,sex_m,geo_cov_rur,mts_aggregate_x,2006,0.728
bih,sex_m,geo_cov_rur,mts_aggregate_x,2007,0.787
bih,sex_m,geo_cov_rur,mts_aggregate_x,2008,1.805
bih,sex_m,geo_cov_rur,mts_aggregate_x,2009,1.681
bih,sex_m,geo_cov_rur,mts_aggregate_x,2010,0.995
bih,sex_m,geo_cov_rur,mts_aggregate_x,2011,0.804
bih,sex_m,geo_cov_rur,mts_aggregate_x,2012,1.735
bih,sex_m,geo_cov_rur,mts_aggregate_x,2013,1.246
bih,sex_m,geo_cov_rur,mts_aggregate_x,2014,0.486
bih,sex_m,geo_cov_rur,mts_aggregate_x,2015,0.563
bih,sex_m,geo_cov_rur,mts_aggregate_x,2016,0.783
bih,sex_m,geo_cov_rur,mts_aggregate_x,2017,1.043
bih,sex_m,geo_cov_rur,mts_aggregate_x,2018,0.645
bih,sex_m,geo_cov_rur,mts_aggregate_x,2019,0.739
bih,sex_m,geo_cov_rur,mts_details_mrd,2001,176.265
bih,sex_m,geo_cov_rur,mts_details_mrd,2006,206.304
bih,sex_m,geo_cov_rur,mts_details_mrd,2007,210.651
bih,sex_m,geo_cov_rur,mts_details_mrd,2008,200.905
bih,sex_m,geo_cov_rur,mts_details_mrd,2009,205.351
bih,sex_m,geo_cov_rur,mts_details_mrd,2010,185.005
bih,sex_m,geo_cov_rur,mts_details_mrd,2011,192.984
bih,sex_m,geo_cov_rur,mts_details_mrd,2012,179.58
bih,sex_m,geo_cov_rur,mts_details_mrd,2013,179.346
bih,sex_m,geo_cov_rur,mts_details_mrd,2014,185.275
bih,sex_m,geo_cov_rur,mts_details_mrd,2015,186.857
bih,sex_m,geo_cov_rur,mts_details_mrd,2016,177.597
bih,sex_m,geo_cov_rur,mts_details_mrd,2017,186.18
bih,sex_m,geo_cov_rur,mts_details_mrd,2018,182.657
bih,sex_m,geo_cov_rur,mts_details_mrd,2019,182.868
bih,sex_m,geo_cov_rur,mts_details_mrd,2020,180.488
bih,sex_m,geo_cov_rur,mts_details_sep,2001,1.697
bih,sex_m,geo_cov_rur,mts_details_sep,2006,3.66
bih,sex_m,geo_cov_rur,mts_details_sep,2007,4.549
bih,sex_m,geo_cov_rur,mts_details_sep,2008,4.551
bih,sex_m,geo_cov_rur,mts_details_sep,2009,4.309
bih,sex_m,geo_cov_rur,mts_details_sep,2010,3.855
bih,sex_m,geo_cov_rur,mts_details_sep,2011,4.692
bih,sex_m,geo_cov_rur,mts_details_sep,2012,4.217
bih,sex_m,geo_cov_rur,mts_details_sep,2013,3.607
bih,sex_m,geo_cov_rur,mts_details_sep,2014,3.125
bih,sex_m,geo_cov_rur,mts_details_sep,2015,3.766
bih,sex_m,geo_cov_rur,mts_details_sep,2016,4.163
bih,sex_m,geo_cov_rur,mts_details_sep,2017,5.922
bih,sex_m,geo_cov_rur,mts_details_sep,2018,3.756
bih,sex_m,geo_cov_rur,mts_details_sep,2019,3.545
bih,sex_m,geo_cov_rur,mts_details_sep,2020,3.853
bih,sex_m,geo_cov_rur,mts_details_sgle,2001,129.176
bih,sex_m,geo_cov_rur,mts_details_sgle,2006,119.174
bih,sex_m,geo_cov_rur,mts_details_sgle,2007,125.649
bih,sex_m,geo_cov_rur,mts_details_sgle,2008,118.697
bih,sex_m,geo_cov_rur,mts_details_sgle,2009,111.048
bih,sex_m,geo_cov_rur,mts_details_sgle,2010,99.659
bih,sex_m,geo_cov_rur,mts_details_sgle,2011,102.169
bih,sex_m,geo_cov_rur,mts_details_sgle,2012,102.664
bih,sex_m,geo_cov_rur,mts_details_sgle,2013,112.955
bih,sex_m,geo_cov_rur,mts_details_sgle,2014,110.529
bih,sex_m,geo_cov_rur,mts_details_sgle,2015,100.132
bih,sex_m,geo_cov_rur,mts_details_sgle,2016,98.847
bih,sex_m,geo_cov_rur,mts_details_sgle,2017,93.476
bih,sex_m,geo_cov_rur,mts_details_sgle,2018,94.251
bih,sex_m,geo_cov_rur,mts_details_sgle,2019,85.29
bih,sex_m,geo_cov_rur,mts_details_sgle,2020,107.888
bih,sex_m,geo_cov_rur,mts_details_total,2001,335.67
bih,sex_m,geo_cov_rur,mts_details_total,2006,364.493
bih,sex_m,geo_cov_rur,mts_details_total,2007,373.646
bih,sex_m,geo_cov_rur,mts_details_total,2008,364.377
bih,sex_m,geo_cov_rur,mts_details_total,2009,362.43
bih,sex_m,geo_cov_rur,mts_details_total,2010,322.868
bih,sex_m,geo_cov_rur,mts_details_total,2011,335.691
bih,sex_m,geo_cov_rur,mts_details_total,2012,321.997
bih,sex_m,geo_cov_rur,mts_details_total,2013,334.32
bih,sex_m,geo_cov_rur,mts_details_total,2014,336.129
bih,sex_m,geo_cov_rur,mts_details_total,2015,329.42
bih,sex_m,geo_cov_rur,mts_details_total,2016,318.82
bih,sex_m,geo_cov_rur,mts_details_total,2017,329.37
bih,sex_m,geo_cov_rur,mts_details_total,2018,324.654
bih,sex_m,geo_cov_rur,mts_details_total,2019,321.379
bih,sex_m,geo_cov_rur,mts_details_total,2020,328.858
bih,sex_m,geo_cov_rur,mts_details_union,2001,2.553
bih,sex_m,geo_cov_rur,mts_details_wid,2001,25.979
bih,sex_m,geo_cov_rur,mts_details_wid,2006,34.627
bih,sex_m,geo_cov_rur,mts_details_wid,2007,32.01
bih,sex_m,geo_cov_rur,mts_details_wid,2008,38.419
bih,sex_m,geo_cov_rur,mts_details_wid,2009,40.041
bih,sex_m,geo_cov_rur,mts_details_wid,2010,33.354
bih,sex_m,geo_cov_rur,mts_details_wid,2011,35.041
bih,sex_m,geo_cov_rur,mts_details_wid,2012,33.801
bih,sex_m,geo_cov_rur,mts_details_wid,2013,37.166
bih,sex_m,geo_cov_rur,mts_details_wid,2014,36.715
bih,sex_m,geo_cov_rur,mts_details_wid,2015,38.103
bih,sex_m,geo_cov_rur,mts_details_wid,2016,37.432
bih,sex_m,geo_cov_rur,mts_details_wid,2017,42.75
bih,sex_m,geo_cov_rur,mts_details_wid,2018,43.345
bih,sex_m,geo_cov_rur,mts_details_wid,2019,48.938
bih,sex_m,geo_cov_rur,mts_details_wid,2020,36.629
bih,sex_m,geo_cov_rur,mts_details_x,2006,0.728
bih,sex_m,geo_cov_rur,mts_details_x,2007,0.787
bih,sex_m,geo_cov_rur,mts_details_x,2008,1.805
bih,sex_m,geo_cov_rur,mts_details_x,2009,1.681
bih,sex_m,geo_cov_rur,mts_details_x,2010,0.995
bih,sex_m,geo_cov_rur,mts_details_x,2011,0.804
bih,sex_m,geo_cov_rur,mts_details_x,2012,1.735
bih,sex_m,geo_cov_rur,mts_details_x,2013,1.246
bih,sex_m,geo_cov_rur,mts_details_x,2014,0.486
bih,sex_m,geo_cov_rur,mts_details_x,2015,0.563
bih,sex_m,geo_cov_rur,mts_details_x,2016,0.783
bih,sex_m,geo_cov_rur,mts_details_x,2017,1.043
bih,sex_m,geo_cov_rur,mts_details_x,2018,0.645
bih,sex_m,geo_cov_rur,mts_details_x,2019,0.739
bih,sex_m,geo_cov_urb,mts_aggregate_1,2001,125.546
bih,sex_m,geo_cov_urb,mts_aggregate_1,2006,106.608
bih,sex_m,geo_cov_urb,mts_aggregate_1,2007,89.097
bih,sex_m,geo_cov_urb,mts_aggregate_1,2008,94.584
bih,sex_m,geo_cov_urb,mts_aggregate_1,2009,93.697
bih,sex_m,geo_cov_urb,mts_aggregate_1,2010,105.687
bih,sex_m,geo_cov_urb,mts_aggregate_1,2011,103.102
bih,sex_m,geo_cov_urb,mts_aggregate_1,2012,100.058
bih,sex_m,geo_cov_urb,mts_aggregate_1,2013,111.908
bih,sex_m,geo_cov_urb,mts_aggregate_1,2014,104.338
bih,sex_m,geo_cov_urb,mts_aggregate_1,2015,108.647
bih,sex_m,geo_cov_urb,mts_aggregate_1,2016,101.894
bih,sex_m,geo_cov_urb,mts_aggregate_1,2017,101.912
bih,sex_m,geo_cov_urb,mts_aggregate_1,2018,98.802
bih,sex_m,geo_cov_urb,mts_aggregate_1,2019,96.585
bih,sex_m,geo_cov_urb,mts_aggregate_1,2020,122.235
bih,sex_m,geo_cov_urb,mts_aggregate_2,2001,152.432
bih,sex_m,geo_cov_urb,mts_aggregate_2,2006,126.674
bih,sex_m,geo_cov_urb,mts_aggregate_2,2007,114.74
bih,sex_m,geo_cov_urb,mts_aggregate_2,2008,113.231
bih,sex_m,geo_cov_urb,mts_aggregate_2,2009,112.799
bih,sex_m,geo_cov_urb,mts_aggregate_2,2010,129.997
bih,sex_m,geo_cov_urb,mts_aggregate_2,2011,122.948
bih,sex_m,geo_cov_urb,mts_aggregate_2,2012,128.419
bih,sex_m,geo_cov_urb,mts_aggregate_2,2013,130.285
bih,sex_m,geo_cov_urb,mts_aggregate_2,2014,127.214
bih,sex_m,geo_cov_urb,mts_aggregate_2,2015,131.684
bih,sex_m,geo_cov_urb,mts_aggregate_2,2016,127.398
bih,sex_m,geo_cov_urb,mts_aggregate_2,2017,131.303
bih,sex_m,geo_cov_urb,mts_aggregate_2,2018,128.174
bih,sex_m,geo_cov_urb,mts_aggregate_2,2019,129.25
bih,sex_m,geo_cov_urb,mts_aggregate_2,2020,128.64
bih,sex_m,geo_cov_urb,mts_aggregate_total,2001,277.978
bih,sex_m,geo_cov_urb,mts_aggregate_total,2006,233.876
bih,sex_m,geo_cov_urb,mts_aggregate_total,2007,204.759
bih,sex_m,geo_cov_urb,mts_aggregate_total,2008,209.091
bih,sex_m,geo_cov_urb,mts_aggregate_total,2009,207.203
bih,sex_m,geo_cov_urb,mts_aggregate_total,2010,236.563
bih,sex_m,geo_cov_urb,mts_aggregate_total,2011,227.126
bih,sex_m,geo_cov_urb,mts_aggregate_total,2012,229.474
bih,sex_m,geo_cov_urb,mts_aggregate_total,2013,243.176
bih,sex_m,geo_cov_urb,mts_aggregate_total,2014,233.115
bih,sex_m,geo_cov_urb,mts_aggregate_total,2015,241.941
bih,sex_m,geo_cov_urb,mts_aggregate_total,2016,230.311
bih,sex_m,geo_cov_urb,mts_aggregate_total,2017,233.865
bih,sex_m,geo_cov_urb,mts_aggregate_total,2018,228.616
bih,sex_m,geo_cov_urb,mts_aggregate_total,2019,226.806
bih,sex_m,geo_cov_urb,mts_aggregate_total,2020,250.875
bih,sex_m,geo_cov_urb,mts_aggregate_x,2006,0.594
bih,sex_m,geo_cov_urb,mts_aggregate_x,2007,0.922
bih,sex_m,geo_cov_urb,mts_aggregate_x,2008,1.276
bih,sex_m,geo_cov_urb,mts_aggregate_x,2009,0.708
bih,sex_m,geo_cov_urb,mts_aggregate_x,2010,0.879
bih,sex_m,geo_cov_urb,mts_aggregate_x,2011,1.076
bih,sex_m,geo_cov_urb,mts_aggregate_x,2012,0.997
bih,sex_m,geo_cov_urb,mts_aggregate_x,2013,0.983
bih,sex_m,geo_cov_urb,mts_aggregate_x,2014,1.563
bih,sex_m,geo_cov_urb,mts_aggregate_x,2015,1.61
bih,sex_m,geo_cov_urb,mts_aggregate_x,2016,1.02
bih,sex_m,geo_cov_urb,mts_aggregate_x,2017,0.65
bih,sex_m,geo_cov_urb,mts_aggregate_x,2018,1.641
bih,sex_m,geo_cov_urb,mts_aggregate_x,2019,0.972
bih,sex_m,geo_cov_urb,mts_details_mrd,2001,150.594
bih,sex_m,geo_cov_urb,mts_details_mrd,2006,126.674
bih,sex_m,geo_cov_urb,mts_details_mrd,2007,114.74
bih,sex_m,geo_cov_urb,mts_details_mrd,2008,113.231
bih,sex_m,geo_cov_urb,mts_details_mrd,2009,112.799
bih,sex_m,geo_cov_urb,mts_details_mrd,2010,129.997
bih,sex_m,geo_cov_urb,mts_details_mrd,2011,122.948
bih,sex_m,geo_cov_urb,mts_details_mrd,2012,128.419
bih,sex_m,geo_cov_urb,mts_details_mrd,2013,130.285
bih,sex_m,geo_cov_urb,mts_details_mrd,2014,127.214
bih,sex_m,geo_cov_urb,mts_details_mrd,2015,131.684
bih,sex_m,geo_cov_urb,mts_details_mrd,2016,127.398
bih,sex_m,geo_cov_urb,mts_details_mrd,2017,131.303
bih,sex_m,geo_cov_urb,mts_details_mrd,2018,128.174
bih,sex_m,geo_cov_urb,mts_details_mrd,2019,129.25
bih,sex_m,geo_cov_urb,mts_details_mrd,2020,128.64
bih,sex_m,geo_cov_urb,mts_details_sep,2001,1.998
bih,sex_m,geo_cov_urb,mts_details_sep,2006,2.389
bih,sex_m,geo_cov_urb,mts_details_sep,2007,1.673
bih,sex_m,geo_cov_urb,mts_details_sep,2008,2.183
bih,sex_m,geo_cov_urb,mts_details_sep,2009,2.869
bih,sex_m,geo_cov_urb,mts_details_sep,2010,4.364
bih,sex_m,geo_cov_urb,mts_details_sep,2011,3.091
bih,sex_m,geo_cov_urb,mts_details_sep,2012,3.745
bih,sex_m,geo_cov_urb,mts_details_sep,2013,4.662
bih,sex_m,geo_cov_urb,mts_details_sep,2014,3.444
bih,sex_m,geo_cov_urb,mts_details_sep,2015,3.563
bih,sex_m,geo_cov_urb,mts_details_sep,2016,4.204
bih,sex_m,geo_cov_urb,mts_details_sep,2017,4.769
bih,sex_m,geo_cov_urb,mts_details_sep,2018,4.403
bih,sex_m,geo_cov_urb,mts_details_sep,2019,3.992
bih,sex_m,geo_cov_urb,mts_details_sep,2020,5.368
bih,sex_m,geo_cov_urb,mts_details_sgle,2001,105.695
bih,sex_m,geo_cov_urb,mts_details_sgle,2006,87.996
bih,sex_m,geo_cov_urb,mts_details_sgle,2007,74.762
bih,sex_m,geo_cov_urb,mts_details_sgle,2008,75.827
bih,sex_m,geo_cov_urb,mts_details_sgle,2009,73.386
bih,sex_m,geo_cov_urb,mts_details_sgle,2010,80.58
bih,sex_m,geo_cov_urb,mts_details_sgle,2011,79.418
bih,sex_m,geo_cov_urb,mts_details_sgle,2012,77.685
bih,sex_m,geo_cov_urb,mts_details_sgle,2013,83.206
bih,sex_m,geo_cov_urb,mts_details_sgle,2014,79.733
bih,sex_m,geo_cov_urb,mts_details_sgle,2015,79.686
bih,sex_m,geo_cov_urb,mts_details_sgle,2016,72.237
bih,sex_m,geo_cov_urb,mts_details_sgle,2017,70.108
bih,sex_m,geo_cov_urb,mts_details_sgle,2018,65.542
bih,sex_m,geo_cov_urb,mts_details_sgle,2019,61.082
bih,sex_m,geo_cov_urb,mts_details_sgle,2020,90.479
bih,sex_m,geo_cov_urb,mts_details_total,2001,277.978
bih,sex_m,geo_cov_urb,mts_details_total,2006,233.876
bih,sex_m,geo_cov_urb,mts_details_total,2007,204.759
bih,sex_m,geo_cov_urb,mts_details_total,2008,209.091
bih,sex_m,geo_cov_urb,mts_details_total,2009,207.203
bih,sex_m,geo_cov_urb,mts_details_total,2010,236.563
bih,sex_m,geo_cov_urb,mts_details_total,2011,227.126
bih,sex_m,geo_cov_urb,mts_details_total,2012,229.474
bih,sex_m,geo_cov_urb,mts_details_total,2013,243.176
bih,sex_m,geo_cov_urb,mts_details_total,2014,233.115
bih,sex_m,geo_cov_urb,mts_details_total,2015,241.941
bih,sex_m,geo_cov_urb,mts_details_total,2016,230.311
bih,sex_m,geo_cov_urb,mts_details_total,2017,233.865
bih,sex_m,geo_cov_urb,mts_details_total,2018,228.616
bih,sex_m,geo_cov_urb,mts_details_total,2019,226.806
bih,sex_m,geo_cov_urb,mts_details_total,2020,250.875
bih,sex_m,geo_cov_urb,mts_details_union,2001,1.838
bih,sex_m,geo_cov_urb,mts_details_wid,2001,17.853
bih,sex_m,geo_cov_urb,mts_details_wid,2006,16.223
bih,sex_m,geo_cov_urb,mts_details_wid,2007,12.663
bih,sex_m,geo_cov_urb,mts_details_wid,2008,16.574
bih,sex_m,geo_cov_urb,mts_details_wid,2009,17.442
bih,sex_m,geo_cov_urb,mts_details_wid,2010,20.743
bih,sex_m,geo_cov_urb,mts_details_wid,2011,20.594
bih,sex_m,geo_cov_urb,mts_details_wid,2012,18.628
bih,sex_m,geo_cov_urb,mts_details_wid,2013,24.04
bih,sex_m,geo_cov_urb,mts_details_wid,2014,21.161
bih,sex_m,geo_cov_urb,mts_details_wid,2015,25.399
bih,sex_m,geo_cov_urb,mts_details_wid,2016,25.453
bih,sex_m,geo_cov_urb,mts_details_wid,2017,27.036
bih,sex_m,geo_cov_urb,mts_details_wid,2018,28.857
bih,sex_m,geo_cov_urb,mts_details_wid,2019,31.51
bih,sex_m,geo_cov_urb,mts_details_wid,2020,26.388
bih,sex_m,geo_cov_urb,mts_details_x,2006,0.594
bih,sex_m,geo_cov_urb,mts_details_x,2007,0.922
bih,sex_m,geo_cov_urb,mts_details_x,2008,1.276
bih,sex_m,geo_cov_urb,mts_details_x,2009,0.708
bih,sex_m,geo_cov_urb,mts_details_x,2010,0.879
bih,sex_m,geo_cov_urb,mts_details_x,2011,1.076
bih,sex_m,geo_cov_urb,mts_details_x,2012,0.997
bih,sex_m,geo_cov_urb,mts_details_x,2013,0.983
bih,sex_m,geo_cov_urb,mts_details_x,2014,1.563
bih,sex_m,geo_cov_urb,mts_details_x,2015,1.61
bih,sex_m,geo_cov_urb,mts_details_x,2016,1.02
bih,sex_m,geo_cov_urb,mts_details_x,2017,0.65
bih,sex_m,geo_cov_urb,mts_details_x,2018,1.641
bih,sex_m,geo_cov_urb,mts_details_x,2019,0.972
bih,sex_t,geo_cov_nat,mts_aggregate_1,2001,748.949
bih,sex_t,geo_cov_nat,mts_aggregate_1,2006,687.362
bih,sex_t,geo_cov_nat,mts_aggregate_1,2007,673.46
bih,sex_t,geo_cov_nat,mts_aggregate_1,2008,675.384
bih,sex_t,geo_cov_nat,mts_aggregate_1,2009,663.915
bih,sex_t,geo_cov_nat,mts_aggregate_1,2010,650.507
bih,sex_t,geo_cov_nat,mts_aggregate_1,2011,655.324
bih,sex_t,geo_cov_nat,mts_aggregate_1,2012,662.431
bih,sex_t,geo_cov_nat,mts_aggregate_1,2013,695.348
bih,sex_t,geo_cov_nat,mts_aggregate_1,2014,680.594
bih,sex_t,geo_cov_nat,mts_aggregate_1,2015,670.402
bih,sex_t,geo_cov_nat,mts_aggregate_1,2016,661.334
bih,sex_t,geo_cov_nat,mts_aggregate_1,2017,636.094
bih,sex_t,geo_cov_nat,mts_aggregate_1,2018,639.167
bih,sex_t,geo_cov_nat,mts_aggregate_1,2019,590.768
bih,sex_t,geo_cov_nat,mts_aggregate_1,2020,721.071
bih,sex_t,geo_cov_nat,mts_aggregate_2,2001,927.674
bih,sex_t,geo_cov_nat,mts_aggregate_2,2006,889.092
bih,sex_t,geo_cov_nat,mts_aggregate_2,2007,878.08
bih,sex_t,geo_cov_nat,mts_aggregate_2,2008,833.969
bih,sex_t,geo_cov_nat,mts_aggregate_2,2009,819.317
bih,sex_t,geo_cov_nat,mts_aggregate_2,2010,802.024
bih,sex_t,geo_cov_nat,mts_aggregate_2,2011,793.54
bih,sex_t,geo_cov_nat,mts_aggregate_2,2012,779.761
bih,sex_t,geo_cov_nat,mts_aggregate_2,2013,779.198
bih,sex_t,geo_cov_nat,mts_aggregate_2,2014,773.08
bih,sex_t,geo_cov_nat,mts_aggregate_2,2015,774.433
bih,sex_t,geo_cov_nat,mts_aggregate_2,2016,752.67
bih,sex_t,geo_cov_nat,mts_aggregate_2,2017,759.311
bih,sex_t,geo_cov_nat,mts_aggregate_2,2018,752.067
bih,sex_t,geo_cov_nat,mts_aggregate_2,2019,731.384
bih,sex_t,geo_cov_nat,mts_aggregate_2,2020,810.542
bih,sex_t,geo_cov_nat,mts_aggregate_total,2001,1676.729
bih,sex_t,geo_cov_nat,mts_aggregate_total,2006,1581.433
bih,sex_t,geo_cov_nat,mts_aggregate_total,2007,1558.984
bih,sex_t,geo_cov_nat,mts_aggregate_total,2008,1517.989
bih,sex_t,geo_cov_nat,mts_aggregate_total,2009,1489.303
bih,sex_t,geo_cov_nat,mts_aggregate_total,2010,1458.649
bih,sex_t,geo_cov_nat,mts_aggregate_total,2011,1454.297
bih,sex_t,geo_cov_nat,mts_aggregate_total,2012,1450.686
bih,sex_t,geo_cov_nat,mts_aggregate_total,2013,1481.899
bih,sex_t,geo_cov_nat,mts_aggregate_total,2014,1459.563
bih,sex_t,geo_cov_nat,mts_aggregate_total,2015,1452.476
bih,sex_t,geo_cov_nat,mts_aggregate_total,2016,1420.487
bih,sex_t,geo_cov_nat,mts_aggregate_total,2017,1400.672
bih,sex_t,geo_cov_nat,mts_aggregate_total,2018,1397.293
bih,sex_t,geo_cov_nat,mts_aggregate_total,2019,1325.816
bih,sex_t,geo_cov_nat,mts_aggregate_total,2020,1531.612
bih,sex_t,geo_cov_nat,mts_aggregate_x,2006,4.98
bih,sex_t,geo_cov_nat,mts_aggregate_x,2007,7.444
bih,sex_t,geo_cov_nat,mts_aggregate_x,2008,8.637
bih,sex_t,geo_cov_nat,mts_aggregate_x,2009,6.071
bih,sex_t,geo_cov_nat,mts_aggregate_x,2010,6.117
bih,sex_t,geo_cov_nat,mts_aggregate_x,2011,5.433
bih,sex_t,geo_cov_nat,mts_aggregate_x,2012,8.494
bih,sex_t,geo_cov_nat,mts_aggregate_x,2013,7.354
bih,sex_t,geo_cov_nat,mts_aggregate_x,2014,5.889
bih,sex_t,geo_cov_nat,mts_aggregate_x,2015,7.641
bih,sex_t,geo_cov_nat,mts_aggregate_x,2016,6.483
bih,sex_t,geo_cov_nat,mts_aggregate_x,2017,5.268
bih,sex_t,geo_cov_nat,mts_aggregate_x,2018,6.06
bih,sex_t,geo_cov_nat,mts_aggregate_x,2019,3.664
bih,sex_t,geo_cov_nat,mts_details_mrd,2001,915.654
bih,sex_t,geo_cov_nat,mts_details_mrd,2006,889.092
bih,sex_t,geo_cov_nat,mts_details_mrd,2007,878.08
bih,sex_t,geo_cov_nat,mts_details_mrd,2008,833.969
bih,sex_t,geo_cov_nat,mts_details_mrd,2009,819.317
bih,sex_t,geo_cov_nat,mts_details_mrd,2010,802.024
bih,sex_t,geo_cov_nat,mts_details_mrd,2011,793.54
bih,sex_t,geo_cov_nat,mts_details_mrd,2012,779.761
bih,sex_t,geo_cov_nat,mts_details_mrd,2013,779.198
bih,sex_t,geo_cov_nat,mts_details_mrd,2014,773.08
bih,sex_t,geo_cov_nat,mts_details_mrd,2015,774.433
bih,sex_t,geo_cov_nat,mts_details_mrd,2016,752.67
bih,sex_t,geo_cov_nat,mts_details_mrd,2017,759.311
bih,sex_t,geo_cov_nat,mts_details_mrd,2018,752.067
bih,sex_t,geo_cov_nat,mts_details_mrd,2019,731.384
bih,sex_t,geo_cov_nat,mts_details_mrd,2020,810.542
bih,sex_t,geo_cov_nat,mts_details_sep,2001,17.655
bih,sex_t,geo_cov_nat,mts_details_sep,2006,20.514
bih,sex_t,geo_cov_nat,mts_details_sep,2007,19.735
bih,sex_t,geo_cov_nat,mts_details_sep,2008,18.425
bih,sex_t,geo_cov_nat,mts_details_sep,2009,17.19
bih,sex_t,geo_cov_nat,mts_details_sep,2010,21.82
bih,sex_t,geo_cov_nat,mts_details_sep,2011,21.52
bih,sex_t,geo_cov_nat,mts_details_sep,2012,18.705
bih,sex_t,geo_cov_nat,mts_details_sep,2013,23.143
bih,sex_t,geo_cov_nat,mts_details_sep,2014,19.032
bih,sex_t,geo_cov_nat,mts_details_sep,2015,19.156
bih,sex_t,geo_cov_nat,mts_details_sep,2016,19.628
bih,sex_t,geo_cov_nat,mts_details_sep,2017,23.591
bih,sex_t,geo_cov_nat,mts_details_sep,2018,19.623
bih,sex_t,geo_cov_nat,mts_details_sep,2019,17.007
bih,sex_t,geo_cov_nat,mts_details_sep,2020,22.155
bih,sex_t,geo_cov_nat,mts_details_sgle,2001,451.163
bih,sex_t,geo_cov_nat,mts_details_sgle,2006,402.855
bih,sex_t,geo_cov_nat,mts_details_sgle,2007,395.151
bih,sex_t,geo_cov_nat,mts_details_sgle,2008,377.107
bih,sex_t,geo_cov_nat,mts_details_sgle,2009,366.711
bih,sex_t,geo_cov_nat,mts_details_sgle,2010,355.738
bih,sex_t,geo_cov_nat,mts_details_sgle,2011,353.285
bih,sex_t,geo_cov_nat,mts_details_sgle,2012,363.138
bih,sex_t,geo_cov_nat,mts_details_sgle,2013,381.788
bih,sex_t,geo_cov_nat,mts_details_sgle,2014,358.491
bih,sex_t,geo_cov_nat,mts_details_sgle,2015,351.003
bih,sex_t,geo_cov_nat,mts_details_sgle,2016,334.704
bih,sex_t,geo_cov_nat,mts_details_sgle,2017,309.346
bih,sex_t,geo_cov_nat,mts_details_sgle,2018,309.438
bih,sex_t,geo_cov_nat,mts_details_sgle,2019,266.709
bih,sex_t,geo_cov_nat,mts_details_sgle,2020,378.12
bih,sex_t,geo_cov_nat,mts_details_total,2001,1676.729
bih,sex_t,geo_cov_nat,mts_details_total,2006,1581.433
bih,sex_t,geo_cov_nat,mts_details_total,2007,1558.984
bih,sex_t,geo_cov_nat,mts_details_total,2008,1517.989
bih,sex_t,geo_cov_nat,mts_details_total,2009,1489.303
bih,sex_t,geo_cov_nat,mts_details_total,2010,1458.649
bih,sex_t,geo_cov_nat,mts_details_total,2011,1454.297
bih,sex_t,geo_cov_nat,mts_details_total,2012,1450.686
bih,sex_t,geo_cov_nat,mts_details_total,2013,1481.899
bih,sex_t,geo_cov_nat,mts_details_total,2014,1459.563
bih,sex_t,geo_cov_nat,mts_details_total,2015,1452.476
bih,sex_t,geo_cov_nat,mts_details_total,2016,1420.487
bih,sex_t,geo_cov_nat,mts_details_total,2017,1400.672
bih,sex_t,geo_cov_nat,mts_details_total,2018,1397.293
bih,sex_t,geo_cov_nat,mts_details_total,2019,1325.816
bih,sex_t,geo_cov_nat,mts_details_total,2020,1531.612
bih,sex_t,geo_cov_nat,mts_details_union,2001,12.02
bih,sex_t,geo_cov_nat,mts_details_wid,2001,280.131
bih,sex_t,geo_cov_nat,mts_details_wid,2006,263.993
bih,sex_t,geo_cov_nat,mts_details_wid,2007,258.574
bih,sex_t,geo_cov_nat,mts_details_wid,2008,279.852
bih,sex_t,geo_cov_nat,mts_details_wid,2009,280.014
bih,sex_t,geo_cov_nat,mts_details_wid,2010,272.95
bih,sex_t,geo_cov_nat,mts_details_wid,2011,280.519
bih,sex_t,geo_cov_nat,mts_details_wid,2012,280.589
bih,sex_t,geo_cov_nat,mts_details_wid,2013,290.417
bih,sex_t,geo_cov_nat,mts_details_wid,2014,303.071
bih,sex_t,geo_cov_nat,mts_details_wid,2015,300.243
bih,sex_t,geo_cov_nat,mts_details_wid,2016,307.002
bih,sex_t,geo_cov_nat,mts_details_wid,2017,303.157
bih,sex_t,geo_cov_nat,mts_details_wid,2018,310.106
bih,sex_t,geo_cov_nat,mts_details_wid,2019,307.051
bih,sex_t,geo_cov_nat,mts_details_wid,2020,320.796
bih,sex_t,geo_cov_nat,mts_details_x,2006,4.98
bih,sex_t,geo_cov_nat,mts_details_x,2007,7.444
bih,sex_t,geo_cov_nat,mts_details_x,2008,8.637
bih,sex_t,geo_cov_nat,mts_details_x,2009,6.071
bih,sex_t,geo_cov_nat,mts_details_x,2010,6.117
bih,sex_t,geo_cov_nat,mts_details_x,2011,5.433
bih,sex_t,geo_cov_nat,mts_details_x,2012,8.494
bih,sex_t,geo_cov_nat,mts_details_x,2013,7.354
bih,sex_t,geo_cov_nat,mts_details_x,2014,5.889
bih,sex_t,geo_cov_nat,mts_details_x,2015,7.641
bih,sex_t,geo_cov_nat,mts_details_x,2016,6.483
bih,sex_t,geo_cov_nat,mts_details_x,2017,5.268
bih,sex_t,geo_cov_nat,mts_details_x,2018,6.06
bih,sex_t,geo_cov_nat,mts_details_x,2019,3.664
bih,sex_t,geo_cov_rur,mts_aggregate_1,2001,401.742
bih,sex_t,geo_cov_rur,mts_aggregate_1,2006,406.143
bih,sex_t,geo_cov_rur,mts_aggregate_1,2007,419.625
bih,sex_t,geo_cov_rur,mts_aggregate_1,2008,418.876
bih,sex_t,geo_cov_rur,mts_aggregate_1,2009,408.81
bih,sex_t,geo_cov_rur,mts_aggregate_1,2010,372.983
bih,sex_t,geo_cov_rur,mts_aggregate_1,2011,373.657
bih,sex_t,geo_cov_rur,mts_aggregate_1,2012,380.75
bih,sex_t,geo_cov_rur,mts_aggregate_1,2013,400.603
bih,sex_t,geo_cov_rur,mts_aggregate_1,2014,391.39
bih,sex_t,geo_cov_rur,mts_aggregate_1,2015,371.344
bih,sex_t,geo_cov_rur,mts_aggregate_1,2016,377.591
bih,sex_t,geo_cov_rur,mts_aggregate_1,2017,363.774
bih,sex_t,geo_cov_rur,mts_aggregate_1,2018,365.578
bih,sex_t,geo_cov_rur,mts_aggregate_1,2019,336.695
bih,sex_t,geo_cov_rur,mts_aggregate_1,2020,387.327
bih,sex_t,geo_cov_rur,mts_aggregate_2,2001,508.913
bih,sex_t,geo_cov_rur,mts_aggregate_2,2006,579.456
bih,sex_t,geo_cov_rur,mts_aggregate_2,2007,599.407
bih,sex_t,geo_cov_rur,mts_aggregate_2,2008,564.725
bih,sex_t,geo_cov_rur,mts_aggregate_2,2009,553.141
bih,sex_t,geo_cov_rur,mts_aggregate_2,2010,498.914
bih,sex_t,geo_cov_rur,mts_aggregate_2,2011,502.513
bih,sex_t,geo_cov_rur,mts_aggregate_2,2012,487.332
bih,sex_t,geo_cov_rur,mts_aggregate_2,2013,485.036
bih,sex_t,geo_cov_rur,mts_aggregate_2,2014,486.081
bih,sex_t,geo_cov_rur,mts_aggregate_2,2015,481.971
bih,sex_t,geo_cov_rur,mts_aggregate_2,2016,463.514
bih,sex_t,geo_cov_rur,mts_aggregate_2,2017,465.86
bih,sex_t,geo_cov_rur,mts_aggregate_2,2018,463.926
bih,sex_t,geo_cov_rur,mts_aggregate_2,2019,446.628
bih,sex_t,geo_cov_rur,mts_aggregate_2,2020,495.183
bih,sex_t,geo_cov_rur,mts_aggregate_total,2001,910.655
bih,sex_t,geo_cov_rur,mts_aggregate_total,2006,988.546
bih,sex_t,geo_cov_rur,mts_aggregate_total,2007,1023.567
bih,sex_t,geo_cov_rur,mts_aggregate_total,2008,988.669
bih,sex_t,geo_cov_rur,mts_aggregate_total,2009,966.188
bih,sex_t,geo_cov_rur,mts_aggregate_total,2010,875.908
bih,sex_t,geo_cov_rur,mts_aggregate_total,2011,878.94
bih,sex_t,geo_cov_rur,mts_aggregate_total,2012,873.762
bih,sex_t,geo_cov_rur,mts_aggregate_total,2013,890.017
bih,sex_t,geo_cov_rur,mts_aggregate_total,2014,879.851
bih,sex_t,geo_cov_rur,mts_aggregate_total,2015,856.572
bih,sex_t,geo_cov_rur,mts_aggregate_total,2016,844.649
bih,sex_t,geo_cov_rur,mts_aggregate_total,2017,833.029
bih,sex_t,geo_cov_rur,mts_aggregate_total,2018,831.86
bih,sex_t,geo_cov_rur,mts_aggregate_total,2019,785.087
bih,sex_t,geo_cov_rur,mts_aggregate_total,2020,882.511
bih,sex_t,geo_cov_rur,mts_aggregate_x,2006,2.946
bih,sex_t,geo_cov_rur,mts_aggregate_x,2007,4.535
bih,sex_t,geo_cov_rur,mts_aggregate_x,2008,5.068
bih,sex_t,geo_cov_rur,mts_aggregate_x,2009,4.238
bih,sex_t,geo_cov_rur,mts_aggregate_x,2010,4.011
bih,sex_t,geo_cov_rur,mts_aggregate_x,2011,2.771
bih,sex_t,geo_cov_rur,mts_aggregate_x,2012,5.679
bih,sex_t,geo_cov_rur,mts_aggregate_x,2013,4.378
bih,sex_t,geo_cov_rur,mts_aggregate_x,2014,2.38
bih,sex_t,geo_cov_rur,mts_aggregate_x,2015,3.257
bih,sex_t,geo_cov_rur,mts_aggregate_x,2016,3.544
bih,sex_t,geo_cov_rur,mts_aggregate_x,2017,3.395
bih,sex_t,geo_cov_rur,mts_aggregate_x,2018,2.356
bih,sex_t,geo_cov_rur,mts_aggregate_x,2019,1.765
bih,sex_t,geo_cov_rur,mts_details_mrd,2001,502.183
bih,sex_t,geo_cov_rur,mts_details_mrd,2006,579.456
bih,sex_t,geo_cov_rur,mts_details_mrd,2007,599.407
bih,sex_t,geo_cov_rur,mts_details_mrd,2008,564.725
bih,sex_t,geo_cov_rur,mts_details_mrd,2009,553.141
bih,sex_t,geo_cov_rur,mts_details_mrd,2010,498.914
bih,sex_t,geo_cov_rur,mts_details_mrd,2011,502.513
bih,sex_t,geo_cov_rur,mts_details_mrd,2012,487.332
bih,sex_t,geo_cov_rur,mts_details_mrd,2013,485.036
bih,sex_t,geo_cov_rur,mts_details_mrd,2014,486.081
bih,sex_t,geo_cov_rur,mts_details_mrd,2015,481.971
bih,sex_t,geo_cov_rur,mts_details_mrd,2016,463.514
bih,sex_t,geo_cov_rur,mts_details_mrd,2017,465.86
bih,sex_t,geo_cov_rur,mts_details_mrd,2018,463.926
bih,sex_t,geo_cov_rur,mts_details_mrd,2019,446.628
bih,sex_t,geo_cov_rur,mts_details_mrd,2020,495.183
bih,sex_t,geo_cov_rur,mts_details_sep,2001,6.87
bih,sex_t,geo_cov_rur,mts_details_sep,2006,9.408
bih,sex_t,geo_cov_rur,mts_details_sep,2007,11.792
bih,sex_t,geo_cov_rur,mts_details_sep,2008,11.098
bih,sex_t,geo_cov_rur,mts_details_sep,2009,9.267
bih,sex_t,geo_cov_rur,mts_details_sep,2010,9.604
bih,sex_t,geo_cov_rur,mts_details_sep,2011,10.602
bih,sex_t,geo_cov_rur,mts_details_sep,2012,8.735
bih,sex_t,geo_cov_rur,mts_details_sep,2013,8.814
bih,sex_t,geo_cov_rur,mts_details_sep,2014,7.752
bih,sex_t,geo_cov_rur,mts_details_sep,2015,9.655
bih,sex_t,geo_cov_rur,mts_details_sep,2016,8.134
bih,sex_t,geo_cov_rur,mts_details_sep,2017,11.434
bih,sex_t,geo_cov_rur,mts_details_sep,2018,8.585
bih,sex_t,geo_cov_rur,mts_details_sep,2019,8.264
bih,sex_t,geo_cov_rur,mts_details_sep,2020,9.229
bih,sex_t,geo_cov_rur,mts_details_sgle,2001,242.551
bih,sex_t,geo_cov_rur,mts_details_sgle,2006,228.704
bih,sex_t,geo_cov_rur,mts_details_sgle,2007,239.328
bih,sex_t,geo_cov_rur,mts_details_sgle,2008,226.907
bih,sex_t,geo_cov_rur,mts_details_sgle,2009,217.234
bih,sex_t,geo_cov_rur,mts_details_sgle,2010,197.987
bih,sex_t,geo_cov_rur,mts_details_sgle,2011,197.474
bih,sex_t,geo_cov_rur,mts_details_sgle,2012,206.112
bih,sex_t,geo_cov_rur,mts_details_sgle,2013,216.787
bih,sex_t,geo_cov_rur,mts_details_sgle,2014,203.066
bih,sex_t,geo_cov_rur,mts_details_sgle,2015,192.35
bih,sex_t,geo_cov_rur,mts_details_sgle,2016,190.651
bih,sex_t,geo_cov_rur,mts_details_sgle,2017,175.432
bih,sex_t,geo_cov_rur,mts_details_sgle,2018,174.985
bih,sex_t,geo_cov_rur,mts_details_sgle,2019,151.191
bih,sex_t,geo_cov_rur,mts_details_sgle,2020,201.191
bih,sex_t,geo_cov_rur,mts_details_total,2001,910.655
bih,sex_t,geo_cov_rur,mts_details_total,2006,988.546
bih,sex_t,geo_cov_rur,mts_details_total,2007,1023.567
bih,sex_t,geo_cov_rur,mts_details_total,2008,988.669
bih,sex_t,geo_cov_rur,mts_details_total,2009,966.188
bih,sex_t,geo_cov_rur,mts_details_total,2010,875.908
bih,sex_t,geo_cov_rur,mts_details_total,2011,878.94
bih,sex_t,geo_cov_rur,mts_details_total,2012,873.762
bih,sex_t,geo_cov_rur,mts_details_total,2013,890.017
bih,sex_t,geo_cov_rur,mts_details_total,2014,879.851
bih,sex_t,geo_cov_rur,mts_details_total,2015,856.572
bih,sex_t,geo_cov_rur,mts_details_total,2016,844.649
bih,sex_t,geo_cov_rur,mts_details_total,2017,833.029
bih,sex_t,geo_cov_rur,mts_details_total,2018,831.86
bih,sex_t,geo_cov_rur,mts_details_total,2019,785.087
bih,sex_t,geo_cov_rur,mts_details_total,2020,882.511
bih,sex_t,geo_cov_rur,mts_details_union,2001,6.73
bih,sex_t,geo_cov_rur,mts_details_wid,2001,152.321
bih,sex_t,geo_cov_rur,mts_details_wid,2006,168.031
bih,sex_t,geo_cov_rur,mts_details_wid,2007,168.506
bih,sex_t,geo_cov_rur,mts_details_wid,2008,180.872
bih,sex_t,geo_cov_rur,mts_details_wid,2009,182.309
bih,sex_t,geo_cov_rur,mts_details_wid,2010,165.392
bih,sex_t,geo_cov_rur,mts_details_wid,2011,165.581
bih,sex_t,geo_cov_rur,mts_details_wid,2012,165.903
bih,sex_t,geo_cov_rur,mts_details_wid,2013,175.001
bih,sex_t,geo_cov_rur,mts_details_wid,2014,180.573
bih,sex_t,geo_cov_rur,mts_details_wid,2015,169.339
bih,sex_t,geo_cov_rur,mts_details_wid,2016,178.805
bih,sex_t,geo_cov_rur,mts_details_wid,2017,176.908
bih,sex_t,geo_cov_rur,mts_details_wid,2018,182.008
bih,sex_t,geo_cov_rur,mts_details_wid,2019,177.239
bih,sex_t,geo_cov_rur,mts_details_wid,2020,176.908
bih,sex_t,geo_cov_rur,mts_details_x,2006,2.946
bih,sex_t,geo_cov_rur,mts_details_x,2007,4.535
bih,sex_t,geo_cov_rur,mts_details_x,2008,5.068
bih,sex_t,geo_cov_rur,mts_details_x,2009,4.238
bih,sex_t,geo_cov_rur,mts_details_x,2010,4.011
bih,sex_t,geo_cov_rur,mts_details_x,2011,2.771
bih,sex_t,geo_cov_rur,mts_details_x,2012,5.679
bih,sex_t,geo_cov_rur,mts_details_x,2013,4.378
bih,sex_t,geo_cov_rur,mts_details_x,2014,2.38
bih,sex_t,geo_cov_rur,mts_details_x,2015,3.257
bih,sex_t,geo_cov_rur,mts_details_x,2016,3.544
bih,sex_t,geo_cov_rur,mts_details_x,2017,3.395
bih,sex_t,geo_cov_rur,mts_details_x,2018,2.356
bih,sex_t,geo_cov_rur,mts_details_x,2019,1.765
bih,sex_t,geo_cov_urb,mts_aggregate_1,2001,347.207
bih,sex_t,geo_cov_urb,mts_aggregate_1,2006,281.219
bih,sex_t,geo_cov_urb,mts_aggregate_1,2007,253.835
bih,sex_t,geo_cov_urb,mts_aggregate_1,2008,256.507
bih,sex_t,geo_cov_urb,mts_aggregate_1,2009,255.106
bih,sex_t,geo_cov_urb,mts_aggregate_1,2010,277.525
bih,sex_t,geo_cov_urb,mts_aggregate_1,2011,281.667
bih,sex_t,geo_cov_urb,mts_aggregate_1,2012,281.681
bih,sex_t,geo_cov_urb,mts_aggregate_1,2013,294.744
bih,sex_t,geo_cov_urb,mts_aggregate_1,2014,289.203
bih,sex_t,geo_cov_urb,mts_aggregate_1,2015,299.057
bih,sex_t,geo_cov_urb,mts_aggregate_1,2016,283.743
bih,sex_t,geo_cov_urb,mts_aggregate_1,2017,272.32
bih,sex_t,geo_cov_urb,mts_aggregate_1,2018,273.59
bih,sex_t,geo_cov_urb,mts_aggregate_1,2019,254.073
bih,sex_t,geo_cov_urb,mts_aggregate_1,2020,333.743
bih,sex_t,geo_cov_urb,mts_aggregate_2,2001,418.761
bih,sex_t,geo_cov_urb,mts_aggregate_2,2006,309.635
bih,sex_t,geo_cov_urb,mts_aggregate_2,2007,278.674
bih,sex_t,geo_cov_urb,mts_aggregate_2,2008,269.244
bih,sex_t,geo_cov_urb,mts_aggregate_2,2009,266.176
bih,sex_t,geo_cov_urb,mts_aggregate_2,2010,303.11
bih,sex_t,geo_cov_urb,mts_aggregate_2,2011,291.027
bih,sex_t,geo_cov_urb,mts_aggregate_2,2012,292.429
bih,sex_t,geo_cov_urb,mts_aggregate_2,2013,294.161
bih,sex_t,geo_cov_urb,mts_aggregate_2,2014,287
bih,sex_t,geo_cov_urb,mts_aggregate_2,2015,292.462
bih,sex_t,geo_cov_urb,mts_aggregate_2,2016,289.156
bih,sex_t,geo_cov_urb,mts_aggregate_2,2017,293.451
bih,sex_t,geo_cov_urb,mts_aggregate_2,2018,288.14
bih,sex_t,geo_cov_urb,mts_aggregate_2,2019,284.756
bih,sex_t,geo_cov_urb,mts_aggregate_2,2020,315.358
bih,sex_t,geo_cov_urb,mts_aggregate_total,2001,766.074
bih,sex_t,geo_cov_urb,mts_aggregate_total,2006,592.887
bih,sex_t,geo_cov_urb,mts_aggregate_total,2007,535.417
bih,sex_t,geo_cov_urb,mts_aggregate_total,2008,529.32
bih,sex_t,geo_cov_urb,mts_aggregate_total,2009,523.115
bih,sex_t,geo_cov_urb,mts_aggregate_total,2010,582.741
bih,sex_t,geo_cov_urb,mts_aggregate_total,2011,575.357
bih,sex_t,geo_cov_urb,mts_aggregate_total,2012,576.924
bih,sex_t,geo_cov_urb,mts_aggregate_total,2013,591.882
bih,sex_t,geo_cov_urb,mts_aggregate_total,2014,579.712
bih,sex_t,geo_cov_urb,mts_aggregate_total,2015,595.903
bih,sex_t,geo_cov_urb,mts_aggregate_total,2016,575.838
bih,sex_t,geo_cov_urb,mts_aggregate_total,2017,567.644
bih,sex_t,geo_cov_urb,mts_aggregate_total,2018,565.433
bih,sex_t,geo_cov_urb,mts_aggregate_total,2019,540.728
bih,sex_t,geo_cov_urb,mts_aggregate_total,2020,649.102
bih,sex_t,geo_cov_urb,mts_aggregate_x,2006,2.033
bih,sex_t,geo_cov_urb,mts_aggregate_x,2007,2.909
bih,sex_t,geo_cov_urb,mts_aggregate_x,2008,3.569
bih,sex_t,geo_cov_urb,mts_aggregate_x,2009,1.833
bih,sex_t,geo_cov_urb,mts_aggregate_x,2010,2.106
bih,sex_t,geo_cov_urb,mts_aggregate_x,2011,2.663
bih,sex_t,geo_cov_urb,mts_aggregate_x,2012,2.814
bih,sex_t,geo_cov_urb,mts_aggregate_x,2013,2.976
bih,sex_t,geo_cov_urb,mts_aggregate_x,2014,3.509
bih,sex_t,geo_cov_urb,mts_aggregate_x,2015,4.384
bih,sex_t,geo_cov_urb,mts_aggregate_x,2016,2.939
bih,sex_t,geo_cov_urb,mts_aggregate_x,2017,1.873
bih,sex_t,geo_cov_urb,mts_aggregate_x,2018,3.703
bih,sex_t,geo_cov_urb,mts_aggregate_x,2019,1.899
bih,sex_t,geo_cov_urb,mts_details_mrd,2001,413.471
bih,sex_t,geo_cov_urb,mts_details_mrd,2006,309.635
bih,sex_t,geo_cov_urb,mts_details_mrd,2007,278.674
bih,sex_t,geo_cov_urb,mts_details_mrd,2008,269.244
bih,sex_t,geo_cov_urb,mts_details_mrd,2009,266.176
bih,sex_t,geo_cov_urb,mts_details_mrd,2010,303.11
bih,sex_t,geo_cov_urb,mts_details_mrd,2011,291.027
bih,sex_t,geo_cov_urb,mts_details_mrd,2012,292.429
bih,sex_t,geo_cov_urb,mts_details_mrd,2013,294.161
bih,sex_t,geo_cov_urb,mts_details_mrd,2014,287
bih,sex_t,geo_cov_urb,mts_details_mrd,2015,292.462
bih,sex_t,geo_cov_urb,mts_details_mrd,2016,289.156
bih,sex_t,geo_cov_urb,mts_details_mrd,2017,293.451
bih,sex_t,geo_cov_urb,mts_details_mrd,2018,288.14
bih,sex_t,geo_cov_urb,mts_details_mrd,2019,284.756
bih,sex_t,geo_cov_urb,mts_details_mrd,2020,315.358
bih,sex_t,geo_cov_urb,mts_details_sep,2001,10.785
bih,sex_t,geo_cov_urb,mts_details_sep,2006,11.106
bih,sex_t,geo_cov_urb,mts_details_sep,2007,7.943
bih,sex_t,geo_cov_urb,mts_details_sep,2008,7.327
bih,sex_t,geo_cov_urb,mts_details_sep,2009,7.923
bih,sex_t,geo_cov_urb,mts_details_sep,2010,12.216
bih,sex_t,geo_cov_urb,mts_details_sep,2011,10.918
bih,sex_t,geo_cov_urb,mts_details_sep,2012,9.97
bih,sex_t,geo_cov_urb,mts_details_sep,2013,14.328
bih,sex_t,geo_cov_urb,mts_details_sep,2014,11.28
bih,sex_t,geo_cov_urb,mts_details_sep,2015,9.501
bih,sex_t,geo_cov_urb,mts_details_sep,2016,11.494
bih,sex_t,geo_cov_urb,mts_details_sep,2017,12.157
bih,sex_t,geo_cov_urb,mts_details_sep,2018,11.038
bih,sex_t,geo_cov_urb,mts_details_sep,2019,8.743
bih,sex_t,geo_cov_urb,mts_details_sep,2020,12.927
bih,sex_t,geo_cov_urb,mts_details_sgle,2001,208.612
bih,sex_t,geo_cov_urb,mts_details_sgle,2006,174.151
bih,sex_t,geo_cov_urb,mts_details_sgle,2007,155.824
bih,sex_t,geo_cov_urb,mts_details_sgle,2008,150.2
bih,sex_t,geo_cov_urb,mts_details_sgle,2009,149.477
bih,sex_t,geo_cov_urb,mts_details_sgle,2010,157.751
bih,sex_t,geo_cov_urb,mts_details_sgle,2011,155.811
bih,sex_t,geo_cov_urb,mts_details_sgle,2012,157.026
bih,sex_t,geo_cov_urb,mts_details_sgle,2013,165.001
bih,sex_t,geo_cov_urb,mts_details_sgle,2014,155.426
bih,sex_t,geo_cov_urb,mts_details_sgle,2015,158.652
bih,sex_t,geo_cov_urb,mts_details_sgle,2016,144.053
bih,sex_t,geo_cov_urb,mts_details_sgle,2017,133.914
bih,sex_t,geo_cov_urb,mts_details_sgle,2018,134.453
bih,sex_t,geo_cov_urb,mts_details_sgle,2019,115.518
bih,sex_t,geo_cov_urb,mts_details_sgle,2020,176.929
bih,sex_t,geo_cov_urb,mts_details_total,2001,766.074
bih,sex_t,geo_cov_urb,mts_details_total,2006,592.887
bih,sex_t,geo_cov_urb,mts_details_total,2007,535.417
bih,sex_t,geo_cov_urb,mts_details_total,2008,529.32
bih,sex_t,geo_cov_urb,mts_details_total,2009,523.115
bih,sex_t,geo_cov_urb,mts_details_total,2010,582.741
bih,sex_t,geo_cov_urb,mts_details_total,2011,575.357
bih,sex_t,geo_cov_urb,mts_details_total,2012,576.924
bih,sex_t,geo_cov_urb,mts_details_total,2013,591.882
bih,sex_t,geo_cov_urb,mts_details_total,2014,579.712
bih,sex_t,geo_cov_urb,mts_details_total,2015,595.903
bih,sex_t,geo_cov_urb,mts_details_total,2016,575.838
bih,sex_t,geo_cov_urb,mts_details_total,2017,567.644
bih,sex_t,geo_cov_urb,mts_details_total,2018,565.433
bih,sex_t,geo_cov_urb,mts_details_total,2019,540.728
bih,sex_t,geo_cov_urb,mts_details_total,2020,649.102
bih,sex_t,geo_cov_urb,mts_details_union,2001,5.29
bih,sex_t,geo_cov_urb,mts_details_wid,2001,127.81
bih,sex_t,geo_cov_urb,mts_details_wid,2006,95.962
bih,sex_t,geo_cov_urb,mts_details_wid,2007,90.068
bih,sex_t,geo_cov_urb,mts_details_wid,2008,98.98
bih,sex_t,geo_cov_urb,mts_details_wid,2009,97.705
bih,sex_t,geo_cov_urb,mts_details_wid,2010,107.558
bih,sex_t,geo_cov_urb,mts_details_wid,2011,114.938
bih,sex_t,geo_cov_urb,mts_details_wid,2012,114.685
bih,sex_t,geo_cov_urb,mts_details_wid,2013,115.415
bih,sex_t,geo_cov_urb,mts_details_wid,2014,122.498
bih,sex_t,geo_cov_urb,mts_details_wid,2015,130.904
bih,sex_t,geo_cov_urb,mts_details_wid,2016,128.196
bih,sex_t,geo_cov_urb,mts_details_wid,2017,126.249
bih,sex_t,geo_cov_urb,mts_details_wid,2018,128.098
bih,sex_t,geo_cov_urb,mts_details_wid,2019,129.812
bih,sex_t,geo_cov_urb,mts_details_wid,2020,143.888
bih,sex_t,geo_cov_urb,mts_details_x,2006,2.033
bih,sex_t,geo_cov_urb,mts_details_x,2007,2.909
bih,sex_t,geo_cov_urb,mts_details_x,2008,3.569
bih,sex_t,geo_cov_urb,mts_details_x,2009,1.833
bih,sex_t,geo_cov_urb,mts_details_x,2010,2.106
bih,sex_t,geo_cov_urb,mts_details_x,2011,2.663
bih,sex_t,geo_cov_urb,mts_details_x,2012,2.814
bih,sex_t,geo_cov_urb,mts_details_x,2013,2.976
bih,sex_t,geo_cov_urb,mts_details_x,2014,3.509
bih,sex_t,geo_cov_urb,mts_details_x,2015,4.384
bih,sex_t,geo_cov_urb,mts_details_x,2016,2.939
bih,sex_t,geo_cov_urb,mts_details_x,2017,1.873
bih,sex_t,geo_cov_urb,mts_details_x,2018,3.703
bih,sex_t,geo_cov_urb,mts_details_x,2019,1.899
blr,sex_f,geo_cov_nat,mts_aggregate_1,2016,595.386
blr,sex_f,geo_cov_nat,mts_aggregate_1,2017,587.734
blr,sex_f,geo_cov_nat,mts_aggregate_1,2018,598.809
blr,sex_f,geo_cov_nat,mts_aggregate_1,2019,595.83
blr,sex_f,geo_cov_nat,mts_aggregate_1,2020,606.346
blr,sex_f,geo_cov_nat,mts_aggregate_1,2021,631.77
blr,sex_f,geo_cov_nat,mts_aggregate_2,2016,551.317
blr,sex_f,geo_cov_nat,mts_aggregate_2,2017,551.944
blr,sex_f,geo_cov_nat,mts_aggregate_2,2018,562.037
blr,sex_f,geo_cov_nat,mts_aggregate_2,2019,551.614
blr,sex_f,geo_cov_nat,mts_aggregate_2,2020,557.033
blr,sex_f,geo_cov_nat,mts_aggregate_2,2021,530.861
blr,sex_f,geo_cov_nat,mts_aggregate_total,2016,1271.301
blr,sex_f,geo_cov_nat,mts_aggregate_total,2017,1262.665
blr,sex_f,geo_cov_nat,mts_aggregate_total,2018,1289.805
blr,sex_f,geo_cov_nat,mts_aggregate_total,2019,1285.804
blr,sex_f,geo_cov_nat,mts_aggregate_total,2020,1310.344
blr,sex_f,geo_cov_nat,mts_aggregate_total,2021,1314.808
blr,sex_f,geo_cov_nat,mts_aggregate_x,2016,124.598
blr,sex_f,geo_cov_nat,mts_aggregate_x,2017,122.988
blr,sex_f,geo_cov_nat,mts_aggregate_x,2018,128.959
blr,sex_f,geo_cov_nat,mts_aggregate_x,2019,138.36
blr,sex_f,geo_cov_nat,mts_aggregate_x,2020,146.966
blr,sex_f,geo_cov_nat,mts_aggregate_x,2021,152.176
blr,sex_f,geo_cov_nat,mts_details_mrd,2016,526.499
blr,sex_f,geo_cov_nat,mts_details_mrd,2017,528.627
blr,sex_f,geo_cov_nat,mts_details_mrd,2018,537.149
blr,sex_f,geo_cov_nat,mts_details_mrd,2019,529.316
blr,sex_f,geo_cov_nat,mts_details_mrd,2020,536.586
blr,sex_f,geo_cov_nat,mts_details_mrd,2021,512.705
blr,sex_f,geo_cov_nat,mts_details_sgle,2016,295.034
blr,sex_f,geo_cov_nat,mts_details_sgle,2017,286.954
blr,sex_f,geo_cov_nat,mts_details_sgle,2018,285.019
blr,sex_f,geo_cov_nat,mts_details_sgle,2019,278.709
blr,sex_f,geo_cov_nat,mts_details_sgle,2020,283.721
blr,sex_f,geo_cov_nat,mts_details_sgle,2021,286.409
blr,sex_f,geo_cov_nat,mts_details_total,2016,1271.301
blr,sex_f,geo_cov_nat,mts_details_total,2017,1262.665
blr,sex_f,geo_cov_nat,mts_details_total,2018,1289.805
blr,sex_f,geo_cov_nat,mts_details_total,2019,1285.804
blr,sex_f,geo_cov_nat,mts_details_total,2020,1310.344
blr,sex_f,geo_cov_nat,mts_details_total,2021,1314.808
blr,sex_f,geo_cov_nat,mts_details_union,2016,24.818
blr,sex_f,geo_cov_nat,mts_details_union,2017,23.317
blr,sex_f,geo_cov_nat,mts_details_union,2018,24.888
blr,sex_f,geo_cov_nat,mts_details_union,2019,22.298
blr,sex_f,geo_cov_nat,mts_details_union,2020,20.447
blr,sex_f,geo_cov_nat,mts_details_union,2021,18.156
blr,sex_f,geo_cov_nat,mts_details_wid,2016,300.352
blr,sex_f,geo_cov_nat,mts_details_wid,2017,300.78
blr,sex_f,geo_cov_nat,mts_details_wid,2018,313.79
blr,sex_f,geo_cov_nat,mts_details_wid,2019,317.12
blr,sex_f,geo_cov_nat,mts_details_wid,2020,322.624
blr,sex_f,geo_cov_nat,mts_details_wid,2021,345.362
blr,sex_f,geo_cov_nat,mts_details_x,2016,124.598
blr,sex_f,geo_cov_nat,mts_details_x,2017,122.988
blr,sex_f,geo_cov_nat,mts_details_x,2018,128.959
blr,sex_f,geo_cov_nat,mts_details_x,2019,138.36
blr,sex_f,geo_cov_nat,mts_details_x,2020,146.966
blr,sex_f,geo_cov_nat,mts_details_x,2021,152.176
blr,sex_f,geo_cov_rur,mts_aggregate_1,2016,130.243
blr,sex_f,geo_cov_rur,mts_aggregate_1,2017,120.171
blr,sex_f,geo_cov_rur,mts_aggregate_1,2018,119.452
blr,sex_f,geo_cov_rur,mts_aggregate_1,2019,117.762
blr,sex_f,geo_cov_rur,mts_aggregate_1,2020,118.289
blr,sex_f,geo_cov_rur,mts_aggregate_1,2021,136.737
blr,sex_f,geo_cov_rur,mts_aggregate_2,2016,126.958
blr,sex_f,geo_cov_rur,mts_aggregate_2,2017,123.852
blr,sex_f,geo_cov_rur,mts_aggregate_2,2018,117.751
blr,sex_f,geo_cov_rur,mts_aggregate_2,2019,116.555
blr,sex_f,geo_cov_rur,mts_aggregate_2,2020,111.889
blr,sex_f,geo_cov_rur,mts_aggregate_2,2021,117.364
blr,sex_f,geo_cov_rur,mts_aggregate_total,2016,279.217
blr,sex_f,geo_cov_rur,mts_aggregate_total,2017,264.451
blr,sex_f,geo_cov_rur,mts_aggregate_total,2018,259.03
blr,sex_f,geo_cov_rur,mts_aggregate_total,2019,255.366
blr,sex_f,geo_cov_rur,mts_aggregate_total,2020,249.684
blr,sex_f,geo_cov_rur,mts_aggregate_total,2021,279.517
blr,sex_f,geo_cov_rur,mts_aggregate_x,2016,22.016
blr,sex_f,geo_cov_rur,mts_aggregate_x,2017,20.428
blr,sex_f,geo_cov_rur,mts_aggregate_x,2018,21.827
blr,sex_f,geo_cov_rur,mts_aggregate_x,2019,21.049
blr,sex_f,geo_cov_rur,mts_aggregate_x,2020,19.507
blr,sex_f,geo_cov_rur,mts_aggregate_x,2021,25.415
blr,sex_f,geo_cov_rur,mts_details_mrd,2016,119.354
blr,sex_f,geo_cov_rur,mts_details_mrd,2017,116.182
blr,sex_f,geo_cov_rur,mts_details_mrd,2018,109.326
blr,sex_f,geo_cov_rur,mts_details_mrd,2019,107.73
blr,sex_f,geo_cov_rur,mts_details_mrd,2020,105.531
blr,sex_f,geo_cov_rur,mts_details_mrd,2021,111.643
blr,sex_f,geo_cov_rur,mts_details_sgle,2016,52.804
blr,sex_f,geo_cov_rur,mts_details_sgle,2017,50.749
blr,sex_f,geo_cov_rur,mts_details_sgle,2018,54.119
blr,sex_f,geo_cov_rur,mts_details_sgle,2019,53.081
blr,sex_f,geo_cov_rur,mts_details_sgle,2020,55.385
blr,sex_f,geo_cov_rur,mts_details_sgle,2021,61.42
blr,sex_f,geo_cov_rur,mts_details_total,2016,279.217
blr,sex_f,geo_cov_rur,mts_details_total,2017,264.451
blr,sex_f,geo_cov_rur,mts_details_total,2018,259.03
blr,sex_f,geo_cov_rur,mts_details_total,2019,255.366
blr,sex_f,geo_cov_rur,mts_details_total,2020,249.684
blr,sex_f,geo_cov_rur,mts_details_total,2021,279.517
blr,sex_f,geo_cov_rur,mts_details_union,2016,7.604
blr,sex_f,geo_cov_rur,mts_details_union,2017,7.67
blr,sex_f,geo_cov_rur,mts_details_union,2018,8.426
blr,sex_f,geo_cov_rur,mts_details_union,2019,8.825
blr,sex_f,geo_cov_rur,mts_details_union,2020,6.358
blr,sex_f,geo_cov_rur,mts_details_union,2021,5.722
blr,sex_f,geo_cov_rur,mts_details_wid,2016,77.439
blr,sex_f,geo_cov_rur,mts_details_wid,2017,69.422
blr,sex_f,geo_cov_rur,mts_details_wid,2018,65.333
blr,sex_f,geo_cov_rur,mts_details_wid,2019,64.68
blr,sex_f,geo_cov_rur,mts_details_wid,2020,62.903
blr,sex_f,geo_cov_rur,mts_details_wid,2021,75.318
blr,sex_f,geo_cov_rur,mts_details_x,2016,22.016
blr,sex_f,geo_cov_rur,mts_details_x,2017,20.428
blr,sex_f,geo_cov_rur,mts_details_x,2018,21.827
blr,sex_f,geo_cov_rur,mts_details_x,2019,21.049
blr,sex_f,geo_cov_rur,mts_details_x,2020,19.507
blr,sex_f,geo_cov_rur,mts_details_x,2021,25.415
blr,sex_f,geo_cov_urb,mts_aggregate_1,2016,465.143
blr,sex_f,geo_cov_urb,mts_aggregate_1,2017,467.563
blr,sex_f,geo_cov_urb,mts_aggregate_1,2018,479.357
blr,sex_f,geo_cov_urb,mts_aggregate_1,2019,478.068
blr,sex_f,geo_cov_urb,mts_aggregate_1,2020,488.057
blr,sex_f,geo_cov_urb,mts_aggregate_1,2021,495.033
blr,sex_f,geo_cov_urb,mts_aggregate_2,2016,424.359
blr,sex_f,geo_cov_urb,mts_aggregate_2,2017,428.092
blr,sex_f,geo_cov_urb,mts_aggregate_2,2018,444.286
blr,sex_f,geo_cov_urb,mts_aggregate_2,2019,435.059
blr,sex_f,geo_cov_urb,mts_aggregate_2,2020,445.144
blr,sex_f,geo_cov_urb,mts_aggregate_2,2021,413.497
blr,sex_f,geo_cov_urb,mts_aggregate_total,2016,992.084
blr,sex_f,geo_cov_urb,mts_aggregate_total,2017,998.214
blr,sex_f,geo_cov_urb,mts_aggregate_total,2018,1030.775
blr,sex_f,geo_cov_urb,mts_aggregate_total,2019,1030.438
blr,sex_f,geo_cov_urb,mts_aggregate_total,2020,1060.661
blr,sex_f,geo_cov_urb,mts_aggregate_total,2021,1035.291
blr,sex_f,geo_cov_urb,mts_aggregate_x,2016,102.581
blr,sex_f,geo_cov_urb,mts_aggregate_x,2017,102.56
blr,sex_f,geo_cov_urb,mts_aggregate_x,2018,107.132
blr,sex_f,geo_cov_urb,mts_aggregate_x,2019,117.311
blr,sex_f,geo_cov_urb,mts_aggregate_x,2020,127.459
blr,sex_f,geo_cov_urb,mts_aggregate_x,2021,126.762
blr,sex_f,geo_cov_urb,mts_details_mrd,2016,407.145
blr,sex_f,geo_cov_urb,mts_details_mrd,2017,412.446
blr,sex_f,geo_cov_urb,mts_details_mrd,2018,427.823
blr,sex_f,geo_cov_urb,mts_details_mrd,2019,421.585
blr,sex_f,geo_cov_urb,mts_details_mrd,2020,431.055
blr,sex_f,geo_cov_urb,mts_details_mrd,2021,401.062
blr,sex_f,geo_cov_urb,mts_details_sgle,2016,242.23
blr,sex_f,geo_cov_urb,mts_details_sgle,2017,236.205
blr,sex_f,geo_cov_urb,mts_details_sgle,2018,230.9
blr,sex_f,geo_cov_urb,mts_details_sgle,2019,225.628
blr,sex_f,geo_cov_urb,mts_details_sgle,2020,228.336
blr,sex_f,geo_cov_urb,mts_details_sgle,2021,224.989
blr,sex_f,geo_cov_urb,mts_details_total,2016,992.084
blr,sex_f,geo_cov_urb,mts_details_total,2017,998.214
blr,sex_f,geo_cov_urb,mts_details_total,2018,1030.775
blr,sex_f,geo_cov_urb,mts_details_total,2019,1030.438
blr,sex_f,geo_cov_urb,mts_details_total,2020,1060.661
blr,sex_f,geo_cov_urb,mts_details_total,2021,1035.291
blr,sex_f,geo_cov_urb,mts_details_union,2016,17.214
blr,sex_f,geo_cov_urb,mts_details_union,2017,15.646
blr,sex_f,geo_cov_urb,mts_details_union,2018,16.462
blr,sex_f,geo_cov_urb,mts_details_union,2019,13.473
blr,sex_f,geo_cov_urb,mts_details_union,2020,14.089
blr,sex_f,geo_cov_urb,mts_details_union,2021,12.434
blr,sex_f,geo_cov_urb,mts_details_wid,2016,222.914
blr,sex_f,geo_cov_urb,mts_details_wid,2017,231.358
blr,sex_f,geo_cov_urb,mts_details_wid,2018,248.457
blr,sex_f,geo_cov_urb,mts_details_wid,2019,252.44
blr,sex_f,geo_cov_urb,mts_details_wid,2020,259.721
blr,sex_f,geo_cov_urb,mts_details_wid,2021,270.044
blr,sex_f,geo_cov_urb,mts_details_x,2016,102.581
blr,sex_f,geo_cov_urb,mts_details_x,2017,102.56
blr,sex_f,geo_cov_urb,mts_details_x,2018,107.132
blr,sex_f,geo_cov_urb,mts_details_x,2019,117.311
blr,sex_f,geo_cov_urb,mts_details_x,2020,127.459
blr,sex_f,geo_cov_urb,mts_details_x,2021,126.762
blr,sex_m,geo_cov_nat,mts_aggregate_1,2016,376.695
blr,sex_m,geo_cov_nat,mts_aggregate_1,2017,379.39
blr,sex_m,geo_cov_nat,mts_aggregate_1,2018,362.256
blr,sex_m,geo_cov_nat,mts_aggregate_1,2019,362.269
blr,sex_m,geo_cov_nat,mts_aggregate_1,2020,355.899
blr,sex_m,geo_cov_nat,mts_aggregate_1,2021,374.682
blr,sex_m,geo_cov_nat,mts_aggregate_2,2016,420.707
blr,sex_m,geo_cov_nat,mts_aggregate_2,2017,401.987
blr,sex_m,geo_cov_nat,mts_aggregate_2,2018,404.638
blr,sex_m,geo_cov_nat,mts_aggregate_2,2019,417.306
blr,sex_m,geo_cov_nat,mts_aggregate_2,2020,422.05
blr,sex_m,geo_cov_nat,mts_aggregate_2,2021,401.631
blr,sex_m,geo_cov_nat,mts_aggregate_total,2016,855.67
blr,sex_m,geo_cov_nat,mts_aggregate_total,2017,832.606
blr,sex_m,geo_cov_nat,mts_aggregate_total,2018,818.37
blr,sex_m,geo_cov_nat,mts_aggregate_total,2019,840.377
blr,sex_m,geo_cov_nat,mts_aggregate_total,2020,840.464
blr,sex_m,geo_cov_nat,mts_aggregate_total,2021,844.417
blr,sex_m,geo_cov_nat,mts_aggregate_x,2016,58.267
blr,sex_m,geo_cov_nat,mts_aggregate_x,2017,51.228
blr,sex_m,geo_cov_nat,mts_aggregate_x,2018,51.476
blr,sex_m,geo_cov_nat,mts_aggregate_x,2019,60.802
blr,sex_m,geo_cov_nat,mts_aggregate_x,2020,62.515
blr,sex_m,geo_cov_nat,mts_aggregate_x,2021,68.105
blr,sex_m,geo_cov_nat,mts_details_mrd,2016,402.478
blr,sex_m,geo_cov_nat,mts_details_mrd,2017,388.41
blr,sex_m,geo_cov_nat,mts_details_mrd,2018,388.056
blr,sex_m,geo_cov_nat,mts_details_mrd,2019,401.296
blr,sex_m,geo_cov_nat,mts_details_mrd,2020,407.614
blr,sex_m,geo_cov_nat,mts_details_mrd,2021,388.709
blr,sex_m,geo_cov_nat,mts_details_sgle,2016,332.918
blr,sex_m,geo_cov_nat,mts_details_sgle,2017,335.385
blr,sex_m,geo_cov_nat,mts_details_sgle,2018,316.272
blr,sex_m,geo_cov_nat,mts_details_sgle,2019,321.621
blr,sex_m,geo_cov_nat,mts_details_sgle,2020,316.68
blr,sex_m,geo_cov_nat,mts_details_sgle,2021,330.117
blr,sex_m,geo_cov_nat,mts_details_total,2016,855.67
blr,sex_m,geo_cov_nat,mts_details_total,2017,832.606
blr,sex_m,geo_cov_nat,mts_details_total,2018,818.37
blr,sex_m,geo_cov_nat,mts_details_total,2019,840.377
blr,sex_m,geo_cov_nat,mts_details_total,2020,840.464
blr,sex_m,geo_cov_nat,mts_details_total,2021,844.417
blr,sex_m,geo_cov_nat,mts_details_union,2016,18.23
blr,sex_m,geo_cov_nat,mts_details_union,2017,13.578
blr,sex_m,geo_cov_nat,mts_details_union,2018,16.582
blr,sex_m,geo_cov_nat,mts_details_union,2019,16.01
blr,sex_m,geo_cov_nat,mts_details_union,2020,14.436
blr,sex_m,geo_cov_nat,mts_details_union,2021,12.922
blr,sex_m,geo_cov_nat,mts_details_wid,2016,43.777
blr,sex_m,geo_cov_nat,mts_details_wid,2017,44.005
blr,sex_m,geo_cov_nat,mts_details_wid,2018,45.984
blr,sex_m,geo_cov_nat,mts_details_wid,2019,40.648
blr,sex_m,geo_cov_nat,mts_details_wid,2020,39.219
blr,sex_m,geo_cov_nat,mts_details_wid,2021,44.565
blr,sex_m,geo_cov_nat,mts_details_x,2016,58.267
blr,sex_m,geo_cov_nat,mts_details_x,2017,51.228
blr,sex_m,geo_cov_nat,mts_details_x,2018,51.476
blr,sex_m,geo_cov_nat,mts_details_x,2019,60.802
blr,sex_m,geo_cov_nat,mts_details_x,2020,62.515
blr,sex_m,geo_cov_nat,mts_details_x,2021,68.105
blr,sex_m,geo_cov_rur,mts_aggregate_1,2016,87.294
blr,sex_m,geo_cov_rur,mts_aggregate_1,2017,87.537
blr,sex_m,geo_cov_rur,mts_aggregate_1,2018,85.175
blr,sex_m,geo_cov_rur,mts_aggregate_1,2019,86.609
blr,sex_m,geo_cov_rur,mts_aggregate_1,2020,84.435
blr,sex_m,geo_cov_rur,mts_aggregate_1,2021,96.797
blr,sex_m,geo_cov_rur,mts_aggregate_2,2016,104.001
blr,sex_m,geo_cov_rur,mts_aggregate_2,2017,95.451
blr,sex_m,geo_cov_rur,mts_aggregate_2,2018,91.592
blr,sex_m,geo_cov_rur,mts_aggregate_2,2019,91.921
blr,sex_m,geo_cov_rur,mts_aggregate_2,2020,88.125
blr,sex_m,geo_cov_rur,mts_aggregate_2,2021,89.273
blr,sex_m,geo_cov_rur,mts_aggregate_total,2016,207.683
blr,sex_m,geo_cov_rur,mts_aggregate_total,2017,197.317
blr,sex_m,geo_cov_rur,mts_aggregate_total,2018,190.409
blr,sex_m,geo_cov_rur,mts_aggregate_total,2019,193.198
blr,sex_m,geo_cov_rur,mts_aggregate_total,2020,188.801
blr,sex_m,geo_cov_rur,mts_aggregate_total,2021,203.519
blr,sex_m,geo_cov_rur,mts_aggregate_x,2016,16.388
blr,sex_m,geo_cov_rur,mts_aggregate_x,2017,14.33
blr,sex_m,geo_cov_rur,mts_aggregate_x,2018,13.642
blr,sex_m,geo_cov_rur,mts_aggregate_x,2019,14.669
blr,sex_m,geo_cov_rur,mts_aggregate_x,2020,16.241
blr,sex_m,geo_cov_rur,mts_aggregate_x,2021,17.449
blr,sex_m,geo_cov_rur,mts_details_mrd,2016,96.601
blr,sex_m,geo_cov_rur,mts_details_mrd,2017,88.82
blr,sex_m,geo_cov_rur,mts_details_mrd,2018,85.511
blr,sex_m,geo_cov_rur,mts_details_mrd,2019,85.528
blr,sex_m,geo_cov_rur,mts_details_mrd,2020,82.908
blr,sex_m,geo_cov_rur,mts_details_mrd,2021,84.255
blr,sex_m,geo_cov_rur,mts_details_sgle,2016,75.452
blr,sex_m,geo_cov_rur,mts_details_sgle,2017,75.251
blr,sex_m,geo_cov_rur,mts_details_sgle,2018,72.693
blr,sex_m,geo_cov_rur,mts_details_sgle,2019,76.604
blr,sex_m,geo_cov_rur,mts_details_sgle,2020,73.924
blr,sex_m,geo_cov_rur,mts_details_sgle,2021,85.647
blr,sex_m,geo_cov_rur,mts_details_total,2016,207.683
blr,sex_m,geo_cov_rur,mts_details_total,2017,197.317
blr,sex_m,geo_cov_rur,mts_details_total,2018,190.409
blr,sex_m,geo_cov_rur,mts_details_total,2019,193.198
blr,sex_m,geo_cov_rur,mts_details_total,2020,188.801
blr,sex_m,geo_cov_rur,mts_details_total,2021,203.519
blr,sex_m,geo_cov_rur,mts_details_union,2016,7.401
blr,sex_m,geo_cov_rur,mts_details_union,2017,6.632
blr,sex_m,geo_cov_rur,mts_details_union,2018,6.08
blr,sex_m,geo_cov_rur,mts_details_union,2019,6.393
blr,sex_m,geo_cov_rur,mts_details_union,2020,5.218
blr,sex_m,geo_cov_rur,mts_details_union,2021,5.018
blr,sex_m,geo_cov_rur,mts_details_wid,2016,11.842
blr,sex_m,geo_cov_rur,mts_details_wid,2017,12.285
blr,sex_m,geo_cov_rur,mts_details_wid,2018,12.482
blr,sex_m,geo_cov_rur,mts_details_wid,2019,10.005
blr,sex_m,geo_cov_rur,mts_details_wid,2020,10.511
blr,sex_m,geo_cov_rur,mts_details_wid,2021,11.15
blr,sex_m,geo_cov_rur,mts_details_x,2016,16.388
blr,sex_m,geo_cov_rur,mts_details_x,2017,14.33
blr,sex_m,geo_cov_rur,mts_details_x,2018,13.642
blr,sex_m,geo_cov_rur,mts_details_x,2019,14.669
blr,sex_m,geo_cov_rur,mts_details_x,2020,16.241
blr,sex_m,geo_cov_rur,mts_details_x,2021,17.449
blr,sex_m,geo_cov_urb,mts_aggregate_1,2016,289.402
blr,sex_m,geo_cov_urb,mts_aggregate_1,2017,291.853
blr,sex_m,geo_cov_urb,mts_aggregate_1,2018,277.081
blr,sex_m,geo_cov_urb,mts_aggregate_1,2019,275.66
blr,sex_m,geo_cov_urb,mts_aggregate_1,2020,271.464
blr,sex_m,geo_cov_urb,mts_aggregate_1,2021,277.885
blr,sex_m,geo_cov_urb,mts_aggregate_2,2016,316.706
blr,sex_m,geo_cov_urb,mts_aggregate_2,2017,306.536
blr,sex_m,geo_cov_urb,mts_aggregate_2,2018,313.047
blr,sex_m,geo_cov_urb,mts_aggregate_2,2019,325.385
blr,sex_m,geo_cov_urb,mts_aggregate_2,2020,333.925
blr,sex_m,geo_cov_urb,mts_aggregate_2,2021,312.358
blr,sex_m,geo_cov_urb,mts_aggregate_total,2016,647.986
blr,sex_m,geo_cov_urb,mts_aggregate_total,2017,635.289
blr,sex_m,geo_cov_urb,mts_aggregate_total,2018,627.961
blr,sex_m,geo_cov_urb,mts_aggregate_total,2019,647.179
blr,sex_m,geo_cov_urb,mts_aggregate_total,2020,651.663
blr,sex_m,geo_cov_urb,mts_aggregate_total,2021,640.899
blr,sex_m,geo_cov_urb,mts_aggregate_x,2016,41.879
blr,sex_m,geo_cov_urb,mts_aggregate_x,2017,36.899
blr,sex_m,geo_cov_urb,mts_aggregate_x,2018,37.834
blr,sex_m,geo_cov_urb,mts_aggregate_x,2019,46.133
blr,sex_m,geo_cov_urb,mts_aggregate_x,2020,46.274
blr,sex_m,geo_cov_urb,mts_aggregate_x,2021,50.656
blr,sex_m,geo_cov_urb,mts_details_mrd,2016,305.877
blr,sex_m,geo_cov_urb,mts_details_mrd,2017,299.59
blr,sex_m,geo_cov_urb,mts_details_mrd,2018,302.545
blr,sex_m,geo_cov_urb,mts_details_mrd,2019,315.769
blr,sex_m,geo_cov_urb,mts_details_mrd,2020,324.706
blr,sex_m,geo_cov_urb,mts_details_mrd,2021,304.454
blr,sex_m,geo_cov_urb,mts_details_sgle,2016,257.466
blr,sex_m,geo_cov_urb,mts_details_sgle,2017,260.134
blr,sex_m,geo_cov_urb,mts_details_sgle,2018,243.579
blr,sex_m,geo_cov_urb,mts_details_sgle,2019,245.017
blr,sex_m,geo_cov_urb,mts_details_sgle,2020,242.756
blr,sex_m,geo_cov_urb,mts_details_sgle,2021,244.47
blr,sex_m,geo_cov_urb,mts_details_total,2016,647.986
blr,sex_m,geo_cov_urb,mts_details_total,2017,635.289
blr,sex_m,geo_cov_urb,mts_details_total,2018,627.961
blr,sex_m,geo_cov_urb,mts_details_total,2019,647.179
blr,sex_m,geo_cov_urb,mts_details_total,2020,651.663
blr,sex_m,geo_cov_urb,mts_details_total,2021,640.899
blr,sex_m,geo_cov_urb,mts_details_union,2016,10.829
blr,sex_m,geo_cov_urb,mts_details_union,2017,6.946
blr,sex_m,geo_cov_urb,mts_details_union,2018,10.502
blr,sex_m,geo_cov_urb,mts_details_union,2019,9.617
blr,sex_m,geo_cov_urb,mts_details_union,2020,9.218
blr,sex_m,geo_cov_urb,mts_details_union,2021,7.905
blr,sex_m,geo_cov_urb,mts_details_wid,2016,31.936
blr,sex_m,geo_cov_urb,mts_details_wid,2017,31.719
blr,sex_m,geo_cov_urb,mts_details_wid,2018,33.502
blr,sex_m,geo_cov_urb,mts_details_wid,2019,30.643
blr,sex_m,geo_cov_urb,mts_details_wid,2020,28.708
blr,sex_m,geo_cov_urb,mts_details_wid,2021,33.415
blr,sex_m,geo_cov_urb,mts_details_x,2016,41.879
blr,sex_m,geo_cov_urb,mts_details_x,2017,36.899
blr,sex_m,geo_cov_urb,mts_details_x,2018,37.834
blr,sex_m,geo_cov_urb,mts_details_x,2019,46.133
blr,sex_m,geo_cov_urb,mts_details_x,2020,46.274
blr,sex_m,geo_cov_urb,mts_details_x,2021,50.656
blr,sex_t,geo_cov_nat,mts_aggregate_1,2016,972.081
blr,sex_t,geo_cov_nat,mts_aggregate_1,2017,967.124
blr,sex_t,geo_cov_nat,mts_aggregate_1,2018,961.065
blr,sex_t,geo_cov_nat,mts_aggregate_1,2019,958.099
blr,sex_t,geo_cov_nat,mts_aggregate_1,2020,962.245
blr,sex_t,geo_cov_nat,mts_aggregate_1,2021,1006.452
blr,sex_t,geo_cov_nat,mts_aggregate_2,2016,972.025
blr,sex_t,geo_cov_nat,mts_aggregate_2,2017,953.931
blr,sex_t,geo_cov_nat,mts_aggregate_2,2018,966.675
blr,sex_t,geo_cov_nat,mts_aggregate_2,2019,968.919
blr,sex_t,geo_cov_nat,mts_aggregate_2,2020,979.083
blr,sex_t,geo_cov_nat,mts_aggregate_2,2021,932.492
blr,sex_t,geo_cov_nat,mts_aggregate_total,2016,2126.97
blr,sex_t,geo_cov_nat,mts_aggregate_total,2017,2095.271
blr,sex_t,geo_cov_nat,mts_aggregate_total,2018,2108.175
blr,sex_t,geo_cov_nat,mts_aggregate_total,2019,2126.181
blr,sex_t,geo_cov_nat,mts_aggregate_total,2020,2150.809
blr,sex_t,geo_cov_nat,mts_aggregate_total,2021,2159.225
blr,sex_t,geo_cov_nat,mts_aggregate_x,2016,182.865
blr,sex_t,geo_cov_nat,mts_aggregate_x,2017,174.216
blr,sex_t,geo_cov_nat,mts_aggregate_x,2018,180.435
blr,sex_t,geo_cov_nat,mts_aggregate_x,2019,199.162
blr,sex_t,geo_cov_nat,mts_aggregate_x,2020,209.481
blr,sex_t,geo_cov_nat,mts_aggregate_x,2021,220.281
blr,sex_t,geo_cov_nat,mts_details_mrd,2016,928.977
blr,sex_t,geo_cov_nat,mts_details_mrd,2017,917.037
blr,sex_t,geo_cov_nat,mts_details_mrd,2018,925.206
blr,sex_t,geo_cov_nat,mts_details_mrd,2019,930.612
blr,sex_t,geo_cov_nat,mts_details_mrd,2020,944.2
blr,sex_t,geo_cov_nat,mts_details_mrd,2021,901.414
blr,sex_t,geo_cov_nat,mts_details_sgle,2016,627.952
blr,sex_t,geo_cov_nat,mts_details_sgle,2017,622.34
blr,sex_t,geo_cov_nat,mts_details_sgle,2018,601.291
blr,sex_t,geo_cov_nat,mts_details_sgle,2019,600.33
blr,sex_t,geo_cov_nat,mts_details_sgle,2020,600.402
blr,sex_t,geo_cov_nat,mts_details_sgle,2021,616.526
blr,sex_t,geo_cov_nat,mts_details_total,2016,2126.97
blr,sex_t,geo_cov_nat,mts_details_total,2017,2095.271
blr,sex_t,geo_cov_nat,mts_details_total,2018,2108.175
blr,sex_t,geo_cov_nat,mts_details_total,2019,2126.181
blr,sex_t,geo_cov_nat,mts_details_total,2020,2150.809
blr,sex_t,geo_cov_nat,mts_details_total,2021,2159.225
blr,sex_t,geo_cov_nat,mts_details_union,2016,43.048
blr,sex_t,geo_cov_nat,mts_details_union,2017,36.894
blr,sex_t,geo_cov_nat,mts_details_union,2018,41.47
blr,sex_t,geo_cov_nat,mts_details_union,2019,38.308
blr,sex_t,geo_cov_nat,mts_details_union,2020,34.883
blr,sex_t,geo_cov_nat,mts_details_union,2021,31.078
blr,sex_t,geo_cov_nat,mts_details_wid,2016,344.129
blr,sex_t,geo_cov_nat,mts_details_wid,2017,344.785
blr,sex_t,geo_cov_nat,mts_details_wid,2018,359.774
blr,sex_t,geo_cov_nat,mts_details_wid,2019,357.769
blr,sex_t,geo_cov_nat,mts_details_wid,2020,361.843
blr,sex_t,geo_cov_nat,mts_details_wid,2021,389.926
blr,sex_t,geo_cov_nat,mts_details_x,2016,182.865
blr,sex_t,geo_cov_nat,mts_details_x,2017,174.216
blr,sex_t,geo_cov_nat,mts_details_x,2018,180.435
blr,sex_t,geo_cov_nat,mts_details_x,2019,199.162
blr,sex_t,geo_cov_nat,mts_details_x,2020,209.481
blr,sex_t,geo_cov_nat,mts_details_x,2021,220.281
blr,sex_t,geo_cov_rur,mts_aggregate_1,2016,217.536
blr,sex_t,geo_cov_rur,mts_aggregate_1,2017,207.708
blr,sex_t,geo_cov_rur,mts_aggregate_1,2018,204.627
blr,sex_t,geo_cov_rur,mts_aggregate_1,2019,204.371
blr,sex_t,geo_cov_rur,mts_aggregate_1,2020,202.724
blr,sex_t,geo_cov_rur,mts_aggregate_1,2021,233.534
blr,sex_t,geo_cov_rur,mts_aggregate_2,2016,230.96
blr,sex_t,geo_cov_rur,mts_aggregate_2,2017,219.303
blr,sex_t,geo_cov_rur,mts_aggregate_2,2018,209.343
blr,sex_t,geo_cov_rur,mts_aggregate_2,2019,208.476
blr,sex_t,geo_cov_rur,mts_aggregate_2,2020,200.014
blr,sex_t,geo_cov_rur,mts_aggregate_2,2021,206.637
blr,sex_t,geo_cov_rur,mts_aggregate_total,2016,486.901
blr,sex_t,geo_cov_rur,mts_aggregate_total,2017,461.769
blr,sex_t,geo_cov_rur,mts_aggregate_total,2018,449.439
blr,sex_t,geo_cov_rur,mts_aggregate_total,2019,448.564
blr,sex_t,geo_cov_rur,mts_aggregate_total,2020,438.485
blr,sex_t,geo_cov_rur,mts_aggregate_total,2021,483.035
blr,sex_t,geo_cov_rur,mts_aggregate_x,2016,38.405
blr,sex_t,geo_cov_rur,mts_aggregate_x,2017,34.757
blr,sex_t,geo_cov_rur,mts_aggregate_x,2018,35.469
blr,sex_t,geo_cov_rur,mts_aggregate_x,2019,35.718
blr,sex_t,geo_cov_rur,mts_aggregate_x,2020,35.747
blr,sex_t,geo_cov_rur,mts_aggregate_x,2021,42.864
blr,sex_t,geo_cov_rur,mts_details_mrd,2016,215.955
blr,sex_t,geo_cov_rur,mts_details_mrd,2017,205.001
blr,sex_t,geo_cov_rur,mts_details_mrd,2018,194.837
blr,sex_t,geo_cov_rur,mts_details_mrd,2019,193.258
blr,sex_t,geo_cov_rur,mts_details_mrd,2020,188.439
blr,sex_t,geo_cov_rur,mts_details_mrd,2021,195.898
blr,sex_t,geo_cov_rur,mts_details_sgle,2016,128.256
blr,sex_t,geo_cov_rur,mts_details_sgle,2017,126.001
blr,sex_t,geo_cov_rur,mts_details_sgle,2018,126.812
blr,sex_t,geo_cov_rur,mts_details_sgle,2019,129.685
blr,sex_t,geo_cov_rur,mts_details_sgle,2020,129.309
blr,sex_t,geo_cov_rur,mts_details_sgle,2021,147.066
blr,sex_t,geo_cov_rur,mts_details_total,2016,486.901
blr,sex_t,geo_cov_rur,mts_details_total,2017,461.769
blr,sex_t,geo_cov_rur,mts_details_total,2018,449.439
blr,sex_t,geo_cov_rur,mts_details_total,2019,448.564
blr,sex_t,geo_cov_rur,mts_details_total,2020,438.485
blr,sex_t,geo_cov_rur,mts_details_total,2021,483.035
blr,sex_t,geo_cov_rur,mts_details_union,2016,15.005
blr,sex_t,geo_cov_rur,mts_details_union,2017,14.302
blr,sex_t,geo_cov_rur,mts_details_union,2018,14.506
blr,sex_t,geo_cov_rur,mts_details_union,2019,15.218
blr,sex_t,geo_cov_rur,mts_details_union,2020,11.575
blr,sex_t,geo_cov_rur,mts_details_union,2021,10.74
blr,sex_t,geo_cov_rur,mts_details_wid,2016,89.28
blr,sex_t,geo_cov_rur,mts_details_wid,2017,81.708
blr,sex_t,geo_cov_rur,mts_details_wid,2018,77.815
blr,sex_t,geo_cov_rur,mts_details_wid,2019,74.685
blr,sex_t,geo_cov_rur,mts_details_wid,2020,73.414
blr,sex_t,geo_cov_rur,mts_details_wid,2021,86.468
blr,sex_t,geo_cov_rur,mts_details_x,2016,38.405
blr,sex_t,geo_cov_rur,mts_details_x,2017,34.757
blr,sex_t,geo_cov_rur,mts_details_x,2018,35.469
blr,sex_t,geo_cov_rur,mts_details_x,2019,35.718
blr,sex_t,geo_cov_rur,mts_details_x,2020,35.747
blr,sex_t,geo_cov_rur,mts_details_x,2021,42.864
blr,sex_t,geo_cov_urb,mts_aggregate_1,2016,754.545
blr,sex_t,geo_cov_urb,mts_aggregate_1,2017,759.416
blr,sex_t,geo_cov_urb,mts_aggregate_1,2018,756.438
blr,sex_t,geo_cov_urb,mts_aggregate_1,2019,753.728
blr,sex_t,geo_cov_urb,mts_aggregate_1,2020,759.521
blr,sex_t,geo_cov_urb,mts_aggregate_1,2021,772.918
blr,sex_t,geo_cov_urb,mts_aggregate_2,2016,741.065
blr,sex_t,geo_cov_urb,mts_aggregate_2,2017,734.628
blr,sex_t,geo_cov_urb,mts_aggregate_2,2018,757.332
blr,sex_t,geo_cov_urb,mts_aggregate_2,2019,760.444
blr,sex_t,geo_cov_urb,mts_aggregate_2,2020,779.069
blr,sex_t,geo_cov_urb,mts_aggregate_2,2021,725.855
blr,sex_t,geo_cov_urb,mts_aggregate_total,2016,1640.07
blr,sex_t,geo_cov_urb,mts_aggregate_total,2017,1633.503
blr,sex_t,geo_cov_urb,mts_aggregate_total,2018,1658.736
blr,sex_t,geo_cov_urb,mts_aggregate_total,2019,1677.617
blr,sex_t,geo_cov_urb,mts_aggregate_total,2020,1712.324
blr,sex_t,geo_cov_urb,mts_aggregate_total,2021,1676.19
blr,sex_t,geo_cov_urb,mts_aggregate_x,2016,144.46
blr,sex_t,geo_cov_urb,mts_aggregate_x,2017,139.459
blr,sex_t,geo_cov_urb,mts_aggregate_x,2018,144.966
blr,sex_t,geo_cov_urb,mts_aggregate_x,2019,163.445
blr,sex_t,geo_cov_urb,mts_aggregate_x,2020,173.734
blr,sex_t,geo_cov_urb,mts_aggregate_x,2021,177.417
blr,sex_t,geo_cov_urb,mts_details_mrd,2016,713.022
blr,sex_t,geo_cov_urb,mts_details_mrd,2017,712.036
blr,sex_t,geo_cov_urb,mts_details_mrd,2018,730.368
blr,sex_t,geo_cov_urb,mts_details_mrd,2019,737.354
blr,sex_t,geo_cov_urb,mts_details_mrd,2020,755.761
blr,sex_t,geo_cov_urb,mts_details_mrd,2021,705.516
blr,sex_t,geo_cov_urb,mts_details_sgle,2016,499.696
blr,sex_t,geo_cov_urb,mts_details_sgle,2017,496.339
blr,sex_t,geo_cov_urb,mts_details_sgle,2018,474.479
blr,sex_t,geo_cov_urb,mts_details_sgle,2019,470.645
blr,sex_t,geo_cov_urb,mts_details_sgle,2020,471.092
blr,sex_t,geo_cov_urb,mts_details_sgle,2021,469.459
blr,sex_t,geo_cov_urb,mts_details_total,2016,1640.07
blr,sex_t,geo_cov_urb,mts_details_total,2017,1633.503
blr,sex_t,geo_cov_urb,mts_details_total,2018,1658.736
blr,sex_t,geo_cov_urb,mts_details_total,2019,1677.617
blr,sex_t,geo_cov_urb,mts_details_total,2020,1712.324
blr,sex_t,geo_cov_urb,mts_details_total,2021,1676.19
blr,sex_t,geo_cov_urb,mts_details_union,2016,28.043
blr,sex_t,geo_cov_urb,mts_details_union,2017,22.593
blr,sex_t,geo_cov_urb,mts_details_union,2018,26.964
blr,sex_t,geo_cov_urb,mts_details_union,2019,23.09
blr,sex_t,geo_cov_urb,mts_details_union,2020,23.308
blr,sex_t,geo_cov_urb,mts_details_union,2021,20.339
blr,sex_t,geo_cov_urb,mts_details_wid,2016,254.849
blr,sex_t,geo_cov_urb,mts_details_wid,2017,263.077
blr,sex_t,geo_cov_urb,mts_details_wid,2018,281.959
blr,sex_t,geo_cov_urb,mts_details_wid,2019,283.083
blr,sex_t,geo_cov_urb,mts_details_wid,2020,288.429
blr,sex_t,geo_cov_urb,mts_details_wid,2021,303.459
blr,sex_t,geo_cov_urb,mts_details_x,2016,144.46
blr,sex_t,geo_cov_urb,mts_details_x,2017,139.459
blr,sex_t,geo_cov_urb,mts_details_x,2018,144.966
blr,sex_t,geo_cov_urb,mts_details_x,2019,163.445
blr,sex_t,geo_cov_urb,mts_details_x,2020,173.734
blr,sex_t,geo_cov_urb,mts_details_x,2021,177.417
bol,sex_f,geo_cov_nat,mts_aggregate_1,1999,773.563
bol,sex_f,geo_cov_nat,mts_aggregate_1,2000,826.332
bol,sex_f,geo_cov_nat,mts_aggregate_1,2001,401.545
bol,sex_f,geo_cov_nat,mts_aggregate_1,2002,505.859
bol,sex_f,geo_cov_nat,mts_aggregate_1,2004,502.949
bol,sex_f,geo_cov_nat,mts_aggregate_1,2005,572.554
bol,sex_f,geo_cov_nat,mts_aggregate_1,2006,534.832
bol,sex_f,geo_cov_nat,mts_aggregate_1,2007,638.956
bol,sex_f,geo_cov_nat,mts_aggregate_1,2008,650.788
bol,sex_f,geo_cov_nat,mts_aggregate_1,2009,643.441
bol,sex_f,geo_cov_nat,mts_aggregate_1,2011,645.434
bol,sex_f,geo_cov_nat,mts_aggregate_1,2012,784.18
bol,sex_f,geo_cov_nat,mts_aggregate_1,2013,774.97
bol,sex_f,geo_cov_nat,mts_aggregate_1,2014,683.323
bol,sex_f,geo_cov_nat,mts_aggregate_1,2015,784.573
bol,sex_f,geo_cov_nat,mts_aggregate_1,2016,789.913
bol,sex_f,geo_cov_nat,mts_aggregate_1,2017,783.039
bol,sex_f,geo_cov_nat,mts_aggregate_1,2018,714.021
bol,sex_f,geo_cov_nat,mts_aggregate_1,2019,648.817
bol,sex_f,geo_cov_nat,mts_aggregate_1,2020,857.373
bol,sex_f,geo_cov_nat,mts_aggregate_1,2021,614.723
bol,sex_f,geo_cov_nat,mts_aggregate_2,1999,189.074
bol,sex_f,geo_cov_nat,mts_aggregate_2,2000,259.335
bol,sex_f,geo_cov_nat,mts_aggregate_2,2001,493.21
bol,sex_f,geo_cov_nat,mts_aggregate_2,2002,525.766
bol,sex_f,geo_cov_nat,mts_aggregate_2,2004,550.914
bol,sex_f,geo_cov_nat,mts_aggregate_2,2005,649.94
bol,sex_f,geo_cov_nat,mts_aggregate_2,2006,592.824
bol,sex_f,geo_cov_nat,mts_aggregate_2,2007,667.362
bol,sex_f,geo_cov_nat,mts_aggregate_2,2008,635.681
bol,sex_f,geo_cov_nat,mts_aggregate_2,2009,649.741
bol,sex_f,geo_cov_nat,mts_aggregate_2,2011,680.719
bol,sex_f,geo_cov_nat,mts_aggregate_2,2012,746.099
bol,sex_f,geo_cov_nat,mts_aggregate_2,2013,779.01
bol,sex_f,geo_cov_nat,mts_aggregate_2,2014,758.077
bol,sex_f,geo_cov_nat,mts_aggregate_2,2015,958.559
bol,sex_f,geo_cov_nat,mts_aggregate_2,2016,841.198
bol,sex_f,geo_cov_nat,mts_aggregate_2,2017,804.367
bol,sex_f,geo_cov_nat,mts_aggregate_2,2018,729.505
bol,sex_f,geo_cov_nat,mts_aggregate_2,2019,701.281
bol,sex_f,geo_cov_nat,mts_aggregate_2,2020,912.627
bol,sex_f,geo_cov_nat,mts_aggregate_2,2021,616.97
bol,sex_f,geo_cov_nat,mts_aggregate_total,1999,962.637
bol,sex_f,geo_cov_nat,mts_aggregate_total,2000,1085.667
bol,sex_f,geo_cov_nat,mts_aggregate_total,2001,894.755
bol,sex_f,geo_cov_nat,mts_aggregate_total,2002,1031.625
bol,sex_f,geo_cov_nat,mts_aggregate_total,2004,1053.939
bol,sex_f,geo_cov_nat,mts_aggregate_total,2005,1222.494
bol,sex_f,geo_cov_nat,mts_aggregate_total,2006,1127.656
bol,sex_f,geo_cov_nat,mts_aggregate_total,2007,1306.318
bol,sex_f,geo_cov_nat,mts_aggregate_total,2008,1287.379
bol,sex_f,geo_cov_nat,mts_aggregate_total,2009,1293.886
bol,sex_f,geo_cov_nat,mts_aggregate_total,2011,1326.153
bol,sex_f,geo_cov_nat,mts_aggregate_total,2012,1530.279
bol,sex_f,geo_cov_nat,mts_aggregate_total,2013,1553.98
bol,sex_f,geo_cov_nat,mts_aggregate_total,2014,1441.736
bol,sex_f,geo_cov_nat,mts_aggregate_total,2015,1743.132
bol,sex_f,geo_cov_nat,mts_aggregate_total,2016,1631.648
bol,sex_f,geo_cov_nat,mts_aggregate_total,2017,1587.6
bol,sex_f,geo_cov_nat,mts_aggregate_total,2018,1443.569
bol,sex_f,geo_cov_nat,mts_aggregate_total,2019,1350.099
bol,sex_f,geo_cov_nat,mts_aggregate_total,2020,1770
bol,sex_f,geo_cov_nat,mts_aggregate_total,2021,1231.693
bol,sex_f,geo_cov_nat,mts_aggregate_x,2016,0.537
bol,sex_f,geo_cov_nat,mts_details_mrd,1999,109.592
bol,sex_f,geo_cov_nat,mts_details_mrd,2000,169.41
bol,sex_f,geo_cov_nat,mts_details_mrd,2001,352.99
bol,sex_f,geo_cov_nat,mts_details_mrd,2002,378.212
bol,sex_f,geo_cov_nat,mts_details_mrd,2004,351.906
bol,sex_f,geo_cov_nat,mts_details_mrd,2005,454.667
bol,sex_f,geo_cov_nat,mts_details_mrd,2006,415.91
bol,sex_f,geo_cov_nat,mts_details_mrd,2007,446.247
bol,sex_f,geo_cov_nat,mts_details_mrd,2008,441.709
bol,sex_f,geo_cov_nat,mts_details_mrd,2009,432.826
bol,sex_f,geo_cov_nat,mts_details_mrd,2011,426.997
bol,sex_f,geo_cov_nat,mts_details_mrd,2012,509.24
bol,sex_f,geo_cov_nat,mts_details_mrd,2013,533.972
bol,sex_f,geo_cov_nat,mts_details_mrd,2014,481.827
bol,sex_f,geo_cov_nat,mts_details_mrd,2015,612.082
bol,sex_f,geo_cov_nat,mts_details_mrd,2016,521.898
bol,sex_f,geo_cov_nat,mts_details_mrd,2017,478.354
bol,sex_f,geo_cov_nat,mts_details_mrd,2018,432.155
bol,sex_f,geo_cov_nat,mts_details_mrd,2019,412.046
bol,sex_f,geo_cov_nat,mts_details_mrd,2020,602.105
bol,sex_f,geo_cov_nat,mts_details_mrd,2021,368.496
bol,sex_f,geo_cov_nat,mts_details_sep,1999,18.809
bol,sex_f,geo_cov_nat,mts_details_sep,2000,22.909
bol,sex_f,geo_cov_nat,mts_details_sep,2001,16.656
bol,sex_f,geo_cov_nat,mts_details_sep,2002,27.127
bol,sex_f,geo_cov_nat,mts_details_sep,2004,30.934
bol,sex_f,geo_cov_nat,mts_details_sep,2005,21.291
bol,sex_f,geo_cov_nat,mts_details_sep,2006,31.499
bol,sex_f,geo_cov_nat,mts_details_sep,2007,34.582
bol,sex_f,geo_cov_nat,mts_details_sep,2008,32.372
bol,sex_f,geo_cov_nat,mts_details_sep,2009,33.161
bol,sex_f,geo_cov_nat,mts_details_sep,2011,33.197
bol,sex_f,geo_cov_nat,mts_details_sep,2012,44.025
bol,sex_f,geo_cov_nat,mts_details_sep,2013,48.758
bol,sex_f,geo_cov_nat,mts_details_sep,2014,39.344
bol,sex_f,geo_cov_nat,mts_details_sep,2015,48.822
bol,sex_f,geo_cov_nat,mts_details_sep,2016,46.782
bol,sex_f,geo_cov_nat,mts_details_sep,2017,50.061
bol,sex_f,geo_cov_nat,mts_details_sep,2018,52.143
bol,sex_f,geo_cov_nat,mts_details_sep,2019,44.413
bol,sex_f,geo_cov_nat,mts_details_sep,2020,78.413
bol,sex_f,geo_cov_nat,mts_details_sep,2021,36.36
bol,sex_f,geo_cov_nat,mts_details_sgle,1999,408.718
bol,sex_f,geo_cov_nat,mts_details_sgle,2000,395.121
bol,sex_f,geo_cov_nat,mts_details_sgle,2001,310.058
bol,sex_f,geo_cov_nat,mts_details_sgle,2002,389.594
bol,sex_f,geo_cov_nat,mts_details_sgle,2004,384.327
bol,sex_f,geo_cov_nat,mts_details_sgle,2005,456.808
bol,sex_f,geo_cov_nat,mts_details_sgle,2006,414.802
bol,sex_f,geo_cov_nat,mts_details_sgle,2007,500.721
bol,sex_f,geo_cov_nat,mts_details_sgle,2008,505.016
bol,sex_f,geo_cov_nat,mts_details_sgle,2009,496.978
bol,sex_f,geo_cov_nat,mts_details_sgle,2011,480.431
bol,sex_f,geo_cov_nat,mts_details_sgle,2012,603.542
bol,sex_f,geo_cov_nat,mts_details_sgle,2013,574.487
bol,sex_f,geo_cov_nat,mts_details_sgle,2014,518.759
bol,sex_f,geo_cov_nat,mts_details_sgle,2015,603.253
bol,sex_f,geo_cov_nat,mts_details_sgle,2016,605.792
bol,sex_f,geo_cov_nat,mts_details_sgle,2017,595.831
bol,sex_f,geo_cov_nat,mts_details_sgle,2018,528.599
bol,sex_f,geo_cov_nat,mts_details_sgle,2019,476.255
bol,sex_f,geo_cov_nat,mts_details_sgle,2020,575.092
bol,sex_f,geo_cov_nat,mts_details_sgle,2021,441.189
bol,sex_f,geo_cov_nat,mts_details_total,1999,962.637
bol,sex_f,geo_cov_nat,mts_details_total,2000,1085.667
bol,sex_f,geo_cov_nat,mts_details_total,2001,894.755
bol,sex_f,geo_cov_nat,mts_details_total,2002,1031.625
bol,sex_f,geo_cov_nat,mts_details_total,2004,1053.939
bol,sex_f,geo_cov_nat,mts_details_total,2005,1222.494
bol,sex_f,geo_cov_nat,mts_details_total,2006,1127.656
bol,sex_f,geo_cov_nat,mts_details_total,2007,1306.318
bol,sex_f,geo_cov_nat,mts_details_total,2008,1287.379
bol,sex_f,geo_cov_nat,mts_details_total,2009,1293.886
bol,sex_f,geo_cov_nat,mts_details_total,2011,1326.153
bol,sex_f,geo_cov_nat,mts_details_total,2012,1530.279
bol,sex_f,geo_cov_nat,mts_details_total,2013,1553.98
bol,sex_f,geo_cov_nat,mts_details_total,2014,1441.736
bol,sex_f,geo_cov_nat,mts_details_total,2015,1743.132
bol,sex_f,geo_cov_nat,mts_details_total,2016,1631.648
bol,sex_f,geo_cov_nat,mts_details_total,2017,1587.6
bol,sex_f,geo_cov_nat,mts_details_total,2018,1443.569
bol,sex_f,geo_cov_nat,mts_details_total,2019,1350.099
bol,sex_f,geo_cov_nat,mts_details_total,2020,1770
bol,sex_f,geo_cov_nat,mts_details_total,2021,1231.693
bol,sex_f,geo_cov_nat,mts_details_union,1999,79.482
bol,sex_f,geo_cov_nat,mts_details_union,2000,89.925
bol,sex_f,geo_cov_nat,mts_details_union,2001,140.22
bol,sex_f,geo_cov_nat,mts_details_union,2002,147.554
bol,sex_f,geo_cov_nat,mts_details_union,2004,199.008
bol,sex_f,geo_cov_nat,mts_details_union,2005,195.273
bol,sex_f,geo_cov_nat,mts_details_union,2006,176.914
bol,sex_f,geo_cov_nat,mts_details_union,2007,221.115
bol,sex_f,geo_cov_nat,mts_details_union,2008,193.972
bol,sex_f,geo_cov_nat,mts_details_union,2009,216.915
bol,sex_f,geo_cov_nat,mts_details_union,2011,253.722
bol,sex_f,geo_cov_nat,mts_details_union,2012,236.859
bol,sex_f,geo_cov_nat,mts_details_union,2013,245.038
bol,sex_f,geo_cov_nat,mts_details_union,2014,276.25
bol,sex_f,geo_cov_nat,mts_details_union,2015,346.477
bol,sex_f,geo_cov_nat,mts_details_union,2016,319.3
bol,sex_f,geo_cov_nat,mts_details_union,2017,326.012
bol,sex_f,geo_cov_nat,mts_details_union,2018,297.351
bol,sex_f,geo_cov_nat,mts_details_union,2019,289.236
bol,sex_f,geo_cov_nat,mts_details_union,2020,310.523
bol,sex_f,geo_cov_nat,mts_details_union,2021,248.474
bol,sex_f,geo_cov_nat,mts_details_wid,1999,346.036
bol,sex_f,geo_cov_nat,mts_details_wid,2000,408.302
bol,sex_f,geo_cov_nat,mts_details_wid,2001,74.831
bol,sex_f,geo_cov_nat,mts_details_wid,2002,89.138
bol,sex_f,geo_cov_nat,mts_details_wid,2004,87.688
bol,sex_f,geo_cov_nat,mts_details_wid,2005,94.455
bol,sex_f,geo_cov_nat,mts_details_wid,2006,88.531
bol,sex_f,geo_cov_nat,mts_details_wid,2007,103.653
bol,sex_f,geo_cov_nat,mts_details_wid,2008,113.4
bol,sex_f,geo_cov_nat,mts_details_wid,2009,113.302
bol,sex_f,geo_cov_nat,mts_details_wid,2011,131.806
bol,sex_f,geo_cov_nat,mts_details_wid,2012,136.613
bol,sex_f,geo_cov_nat,mts_details_wid,2013,151.725
bol,sex_f,geo_cov_nat,mts_details_wid,2014,125.22
bol,sex_f,geo_cov_nat,mts_details_wid,2015,132.498
bol,sex_f,geo_cov_nat,mts_details_wid,2016,137.339
bol,sex_f,geo_cov_nat,mts_details_wid,2017,137.147
bol,sex_f,geo_cov_nat,mts_details_wid,2018,133.279
bol,sex_f,geo_cov_nat,mts_details_wid,2019,128.149
bol,sex_f,geo_cov_nat,mts_details_wid,2020,203.869
bol,sex_f,geo_cov_nat,mts_details_wid,2021,137.174
bol,sex_f,geo_cov_nat,mts_details_x,2016,0.537
bol,sex_f,geo_cov_rur,mts_aggregate_1,1999,135.449
bol,sex_f,geo_cov_rur,mts_aggregate_1,2000,166.407
bol,sex_f,geo_cov_rur,mts_aggregate_1,2001,68.943
bol,sex_f,geo_cov_rur,mts_aggregate_1,2002,96.875
bol,sex_f,geo_cov_rur,mts_aggregate_1,2004,95.896
bol,sex_f,geo_cov_rur,mts_aggregate_1,2005,94.65
bol,sex_f,geo_cov_rur,mts_aggregate_1,2006,71.536
bol,sex_f,geo_cov_rur,mts_aggregate_1,2007,116.225
bol,sex_f,geo_cov_rur,mts_aggregate_1,2008,119.01
bol,sex_f,geo_cov_rur,mts_aggregate_1,2009,133.92
bol,sex_f,geo_cov_rur,mts_aggregate_1,2011,102.228
bol,sex_f,geo_cov_rur,mts_aggregate_1,2012,155.009
bol,sex_f,geo_cov_rur,mts_aggregate_1,2013,115.558
bol,sex_f,geo_cov_rur,mts_aggregate_1,2014,109.443
bol,sex_f,geo_cov_rur,mts_aggregate_1,2015,137.027
bol,sex_f,geo_cov_rur,mts_aggregate_1,2016,152.513
bol,sex_f,geo_cov_rur,mts_aggregate_1,2017,137.808
bol,sex_f,geo_cov_rur,mts_aggregate_1,2018,109.997
bol,sex_f,geo_cov_rur,mts_aggregate_1,2019,108.116
bol,sex_f,geo_cov_rur,mts_aggregate_1,2020,157.137
bol,sex_f,geo_cov_rur,mts_aggregate_1,2021,100.194
bol,sex_f,geo_cov_rur,mts_aggregate_2,1999,52.453
bol,sex_f,geo_cov_rur,mts_aggregate_2,2000,74.646
bol,sex_f,geo_cov_rur,mts_aggregate_2,2001,149.419
bol,sex_f,geo_cov_rur,mts_aggregate_2,2002,173.409
bol,sex_f,geo_cov_rur,mts_aggregate_2,2004,166.666
bol,sex_f,geo_cov_rur,mts_aggregate_2,2005,153.255
bol,sex_f,geo_cov_rur,mts_aggregate_2,2006,160.511
bol,sex_f,geo_cov_rur,mts_aggregate_2,2007,147.409
bol,sex_f,geo_cov_rur,mts_aggregate_2,2008,165.554
bol,sex_f,geo_cov_rur,mts_aggregate_2,2009,166.358
bol,sex_f,geo_cov_rur,mts_aggregate_2,2011,143.792
bol,sex_f,geo_cov_rur,mts_aggregate_2,2012,214.781
bol,sex_f,geo_cov_rur,mts_aggregate_2,2013,210.22
bol,sex_f,geo_cov_rur,mts_aggregate_2,2014,167.311
bol,sex_f,geo_cov_rur,mts_aggregate_2,2015,265.232
bol,sex_f,geo_cov_rur,mts_aggregate_2,2016,201.324
bol,sex_f,geo_cov_rur,mts_aggregate_2,2017,172.748
bol,sex_f,geo_cov_rur,mts_aggregate_2,2018,149.71
bol,sex_f,geo_cov_rur,mts_aggregate_2,2019,149.023
bol,sex_f,geo_cov_rur,mts_aggregate_2,2020,223.874
bol,sex_f,geo_cov_rur,mts_aggregate_2,2021,129.552
bol,sex_f,geo_cov_rur,mts_aggregate_total,1999,187.902
bol,sex_f,geo_cov_rur,mts_aggregate_total,2000,241.053
bol,sex_f,geo_cov_rur,mts_aggregate_total,2001,218.362
bol,sex_f,geo_cov_rur,mts_aggregate_total,2002,270.284
bol,sex_f,geo_cov_rur,mts_aggregate_total,2004,262.562
bol,sex_f,geo_cov_rur,mts_aggregate_total,2005,247.905
bol,sex_f,geo_cov_rur,mts_aggregate_total,2006,232.047
bol,sex_f,geo_cov_rur,mts_aggregate_total,2007,263.634
bol,sex_f,geo_cov_rur,mts_aggregate_total,2008,284.564
bol,sex_f,geo_cov_rur,mts_aggregate_total,2009,300.982
bol,sex_f,geo_cov_rur,mts_aggregate_total,2011,246.02
bol,sex_f,geo_cov_rur,mts_aggregate_total,2012,369.79
bol,sex_f,geo_cov_rur,mts_aggregate_total,2013,325.778
bol,sex_f,geo_cov_rur,mts_aggregate_total,2014,276.754
bol,sex_f,geo_cov_rur,mts_aggregate_total,2015,402.259
bol,sex_f,geo_cov_rur,mts_aggregate_total,2016,353.966
bol,sex_f,geo_cov_rur,mts_aggregate_total,2017,310.639
bol,sex_f,geo_cov_rur,mts_aggregate_total,2018,259.707
bol,sex_f,geo_cov_rur,mts_aggregate_total,2019,257.138
bol,sex_f,geo_cov_rur,mts_aggregate_total,2020,381.011
bol,sex_f,geo_cov_rur,mts_aggregate_total,2021,229.746
bol,sex_f,geo_cov_rur,mts_aggregate_x,2016,0.129
bol,sex_f,geo_cov_rur,mts_details_mrd,1999,39.864
bol,sex_f,geo_cov_rur,mts_details_mrd,2000,56.184
bol,sex_f,geo_cov_rur,mts_details_mrd,2001,101.334
bol,sex_f,geo_cov_rur,mts_details_mrd,2002,108.036
bol,sex_f,geo_cov_rur,mts_details_mrd,2004,103.123
bol,sex_f,geo_cov_rur,mts_details_mrd,2005,99.516
bol,sex_f,geo_cov_rur,mts_details_mrd,2006,96.548
bol,sex_f,geo_cov_rur,mts_details_mrd,2007,80.942
bol,sex_f,geo_cov_rur,mts_details_mrd,2008,104.498
bol,sex_f,geo_cov_rur,mts_details_mrd,2009,109.844
bol,sex_f,geo_cov_rur,mts_details_mrd,2011,75.875
bol,sex_f,geo_cov_rur,mts_details_mrd,2012,137.962
bol,sex_f,geo_cov_rur,mts_details_mrd,2013,132.723
bol,sex_f,geo_cov_rur,mts_details_mrd,2014,99.179
bol,sex_f,geo_cov_rur,mts_details_mrd,2015,158.396
bol,sex_f,geo_cov_rur,mts_details_mrd,2016,112.88
bol,sex_f,geo_cov_rur,mts_details_mrd,2017,85.518
bol,sex_f,geo_cov_rur,mts_details_mrd,2018,74.688
bol,sex_f,geo_cov_rur,mts_details_mrd,2019,74.257
bol,sex_f,geo_cov_rur,mts_details_mrd,2020,144.901
bol,sex_f,geo_cov_rur,mts_details_mrd,2021,61.165
bol,sex_f,geo_cov_rur,mts_details_sep,1999,1.678
bol,sex_f,geo_cov_rur,mts_details_sep,2000,3.274
bol,sex_f,geo_cov_rur,mts_details_sep,2001,1.694
bol,sex_f,geo_cov_rur,mts_details_sep,2002,3.101
bol,sex_f,geo_cov_rur,mts_details_sep,2004,6.086
bol,sex_f,geo_cov_rur,mts_details_sep,2005,2.65
bol,sex_f,geo_cov_rur,mts_details_sep,2008,6.619
bol,sex_f,geo_cov_rur,mts_details_sep,2009,1.993
bol,sex_f,geo_cov_rur,mts_details_sep,2011,3.803
bol,sex_f,geo_cov_rur,mts_details_sep,2012,6.222
bol,sex_f,geo_cov_rur,mts_details_sep,2013,2.233
bol,sex_f,geo_cov_rur,mts_details_sep,2014,3.743
bol,sex_f,geo_cov_rur,mts_details_sep,2015,7.211
bol,sex_f,geo_cov_rur,mts_details_sep,2016,5.776
bol,sex_f,geo_cov_rur,mts_details_sep,2017,5.467
bol,sex_f,geo_cov_rur,mts_details_sep,2018,4.197
bol,sex_f,geo_cov_rur,mts_details_sep,2019,5.024
bol,sex_f,geo_cov_rur,mts_details_sep,2020,9.055
bol,sex_f,geo_cov_rur,mts_details_sep,2021,4.3
bol,sex_f,geo_cov_rur,mts_details_sgle,1999,98.603
bol,sex_f,geo_cov_rur,mts_details_sgle,2000,109.385
bol,sex_f,geo_cov_rur,mts_details_sgle,2001,46.474
bol,sex_f,geo_cov_rur,mts_details_sgle,2002,65.185
bol,sex_f,geo_cov_rur,mts_details_sgle,2004,58.984
bol,sex_f,geo_cov_rur,mts_details_sgle,2005,64.594
bol,sex_f,geo_cov_rur,mts_details_sgle,2006,48.639
bol,sex_f,geo_cov_rur,mts_details_sgle,2007,80.502
bol,sex_f,geo_cov_rur,mts_details_sgle,2008,78.001
bol,sex_f,geo_cov_rur,mts_details_sgle,2009,98.922
bol,sex_f,geo_cov_rur,mts_details_sgle,2011,67.656
bol,sex_f,geo_cov_rur,mts_details_sgle,2012,104.334
bol,sex_f,geo_cov_rur,mts_details_sgle,2013,76.035
bol,sex_f,geo_cov_rur,mts_details_sgle,2014,63.441
bol,sex_f,geo_cov_rur,mts_details_sgle,2015,95.442
bol,sex_f,geo_cov_rur,mts_details_sgle,2016,111.115
bol,sex_f,geo_cov_rur,mts_details_sgle,2017,95.393
bol,sex_f,geo_cov_rur,mts_details_sgle,2018,69.107
bol,sex_f,geo_cov_rur,mts_details_sgle,2019,63.47
bol,sex_f,geo_cov_rur,mts_details_sgle,2020,92.973
bol,sex_f,geo_cov_rur,mts_details_sgle,2021,56.724
bol,sex_f,geo_cov_rur,mts_details_total,1999,187.902
bol,sex_f,geo_cov_rur,mts_details_total,2000,241.053
bol,sex_f,geo_cov_rur,mts_details_total,2001,218.362
bol,sex_f,geo_cov_rur,mts_details_total,2002,270.284
bol,sex_f,geo_cov_rur,mts_details_total,2004,262.562
bol,sex_f,geo_cov_rur,mts_details_total,2005,247.905
bol,sex_f,geo_cov_rur,mts_details_total,2006,232.047
bol,sex_f,geo_cov_rur,mts_details_total,2007,263.634
bol,sex_f,geo_cov_rur,mts_details_total,2008,284.564
bol,sex_f,geo_cov_rur,mts_details_total,2009,300.982
bol,sex_f,geo_cov_rur,mts_details_total,2011,246.02
bol,sex_f,geo_cov_rur,mts_details_total,2012,369.79
bol,sex_f,geo_cov_rur,mts_details_total,2013,325.778
bol,sex_f,geo_cov_rur,mts_details_total,2014,276.754
bol,sex_f,geo_cov_rur,mts_details_total,2015,402.259
bol,sex_f,geo_cov_rur,mts_details_total,2016,353.966
bol,sex_f,geo_cov_rur,mts_details_total,2017,310.639
bol,sex_f,geo_cov_rur,mts_details_total,2018,259.707
bol,sex_f,geo_cov_rur,mts_details_total,2019,257.138
bol,sex_f,geo_cov_rur,mts_details_total,2020,381.011
bol,sex_f,geo_cov_rur,mts_details_total,2021,229.746
bol,sex_f,geo_cov_rur,mts_details_union,1999,12.589
bol,sex_f,geo_cov_rur,mts_details_union,2000,18.462
bol,sex_f,geo_cov_rur,mts_details_union,2001,48.085
bol,sex_f,geo_cov_rur,mts_details_union,2002,65.373
bol,sex_f,geo_cov_rur,mts_details_union,2004,63.543
bol,sex_f,geo_cov_rur,mts_details_union,2005,53.739
bol,sex_f,geo_cov_rur,mts_details_union,2006,63.963
bol,sex_f,geo_cov_rur,mts_details_union,2007,66.467
bol,sex_f,geo_cov_rur,mts_details_union,2008,61.056
bol,sex_f,geo_cov_rur,mts_details_union,2009,56.514
bol,sex_f,geo_cov_rur,mts_details_union,2011,67.917
bol,sex_f,geo_cov_rur,mts_details_union,2012,76.819
bol,sex_f,geo_cov_rur,mts_details_union,2013,77.497
bol,sex_f,geo_cov_rur,mts_details_union,2014,68.132
bol,sex_f,geo_cov_rur,mts_details_union,2015,106.836
bol,sex_f,geo_cov_rur,mts_details_union,2016,88.444
bol,sex_f,geo_cov_rur,mts_details_union,2017,87.229
bol,sex_f,geo_cov_rur,mts_details_union,2018,75.022
bol,sex_f,geo_cov_rur,mts_details_union,2019,74.766
bol,sex_f,geo_cov_rur,mts_details_union,2020,78.973
bol,sex_f,geo_cov_rur,mts_details_union,2021,68.387
bol,sex_f,geo_cov_rur,mts_details_wid,1999,35.168
bol,sex_f,geo_cov_rur,mts_details_wid,2000,53.748
bol,sex_f,geo_cov_rur,mts_details_wid,2001,20.775
bol,sex_f,geo_cov_rur,mts_details_wid,2002,28.589
bol,sex_f,geo_cov_rur,mts_details_wid,2004,30.826
bol,sex_f,geo_cov_rur,mts_details_wid,2005,27.406
bol,sex_f,geo_cov_rur,mts_details_wid,2006,19.165
bol,sex_f,geo_cov_rur,mts_details_wid,2007,33.658
bol,sex_f,geo_cov_rur,mts_details_wid,2008,34.39
bol,sex_f,geo_cov_rur,mts_details_wid,2009,33.005
bol,sex_f,geo_cov_rur,mts_details_wid,2011,30.769
bol,sex_f,geo_cov_rur,mts_details_wid,2012,44.453
bol,sex_f,geo_cov_rur,mts_details_wid,2013,37.29
bol,sex_f,geo_cov_rur,mts_details_wid,2014,42.259
bol,sex_f,geo_cov_rur,mts_details_wid,2015,34.374
bol,sex_f,geo_cov_rur,mts_details_wid,2016,35.621
bol,sex_f,geo_cov_rur,mts_details_wid,2017,36.949
bol,sex_f,geo_cov_rur,mts_details_wid,2018,36.693
bol,sex_f,geo_cov_rur,mts_details_wid,2019,39.621
bol,sex_f,geo_cov_rur,mts_details_wid,2020,55.109
bol,sex_f,geo_cov_rur,mts_details_wid,2021,39.169
bol,sex_f,geo_cov_rur,mts_details_x,2016,0.129
bol,sex_f,geo_cov_urb,mts_aggregate_1,1999,638.114
bol,sex_f,geo_cov_urb,mts_aggregate_1,2000,659.925
bol,sex_f,geo_cov_urb,mts_aggregate_1,2001,332.602
bol,sex_f,geo_cov_urb,mts_aggregate_1,2002,408.984
bol,sex_f,geo_cov_urb,mts_aggregate_1,2004,407.053
bol,sex_f,geo_cov_urb,mts_aggregate_1,2005,477.904
bol,sex_f,geo_cov_urb,mts_aggregate_1,2006,463.296
bol,sex_f,geo_cov_urb,mts_aggregate_1,2007,522.731
bol,sex_f,geo_cov_urb,mts_aggregate_1,2008,531.778
bol,sex_f,geo_cov_urb,mts_aggregate_1,2009,509.521
bol,sex_f,geo_cov_urb,mts_aggregate_1,2011,543.206
bol,sex_f,geo_cov_urb,mts_aggregate_1,2012,629.171
bol,sex_f,geo_cov_urb,mts_aggregate_1,2013,659.412
bol,sex_f,geo_cov_urb,mts_aggregate_1,2014,573.88
bol,sex_f,geo_cov_urb,mts_aggregate_1,2015,647.546
bol,sex_f,geo_cov_urb,mts_aggregate_1,2016,637.401
bol,sex_f,geo_cov_urb,mts_aggregate_1,2017,645.231
bol,sex_f,geo_cov_urb,mts_aggregate_1,2018,604.024
bol,sex_f,geo_cov_urb,mts_aggregate_1,2019,540.702
bol,sex_f,geo_cov_urb,mts_aggregate_1,2020,700.237
bol,sex_f,geo_cov_urb,mts_aggregate_1,2021,514.529
bol,sex_f,geo_cov_urb,mts_aggregate_2,1999,136.621
bol,sex_f,geo_cov_urb,mts_aggregate_2,2000,184.689
bol,sex_f,geo_cov_urb,mts_aggregate_2,2001,343.791
bol,sex_f,geo_cov_urb,mts_aggregate_2,2002,352.357
bol,sex_f,geo_cov_urb,mts_aggregate_2,2004,384.248
bol,sex_f,geo_cov_urb,mts_aggregate_2,2005,496.685
bol,sex_f,geo_cov_urb,mts_aggregate_2,2006,432.313
bol,sex_f,geo_cov_urb,mts_aggregate_2,2007,519.953
bol,sex_f,geo_cov_urb,mts_aggregate_2,2008,470.127
bol,sex_f,geo_cov_urb,mts_aggregate_2,2009,483.383
bol,sex_f,geo_cov_urb,mts_aggregate_2,2011,536.927
bol,sex_f,geo_cov_urb,mts_aggregate_2,2012,531.318
bol,sex_f,geo_cov_urb,mts_aggregate_2,2013,568.79
bol,sex_f,geo_cov_urb,mts_aggregate_2,2014,590.766
bol,sex_f,geo_cov_urb,mts_aggregate_2,2015,693.327
bol,sex_f,geo_cov_urb,mts_aggregate_2,2016,639.874
bol,sex_f,geo_cov_urb,mts_aggregate_2,2017,631.619
bol,sex_f,geo_cov_urb,mts_aggregate_2,2018,579.796
bol,sex_f,geo_cov_urb,mts_aggregate_2,2019,552.259
bol,sex_f,geo_cov_urb,mts_aggregate_2,2020,688.753
bol,sex_f,geo_cov_urb,mts_aggregate_2,2021,487.418
bol,sex_f,geo_cov_urb,mts_aggregate_total,1999,774.735
bol,sex_f,geo_cov_urb,mts_aggregate_total,2000,844.614
bol,sex_f,geo_cov_urb,mts_aggregate_total,2001,676.393
bol,sex_f,geo_cov_urb,mts_aggregate_total,2002,761.341
bol,sex_f,geo_cov_urb,mts_aggregate_total,2004,791.377
bol,sex_f,geo_cov_urb,mts_aggregate_total,2005,974.589
bol,sex_f,geo_cov_urb,mts_aggregate_total,2006,895.609
bol,sex_f,geo_cov_urb,mts_aggregate_total,2007,1042.684
bol,sex_f,geo_cov_urb,mts_aggregate_total,2008,1002.815
bol,sex_f,geo_cov_urb,mts_aggregate_total,2009,992.904
bol,sex_f,geo_cov_urb,mts_aggregate_total,2011,1080.133
bol,sex_f,geo_cov_urb,mts_aggregate_total,2012,1160.489
bol,sex_f,geo_cov_urb,mts_aggregate_total,2013,1228.202
bol,sex_f,geo_cov_urb,mts_aggregate_total,2014,1164.982
bol,sex_f,geo_cov_urb,mts_aggregate_total,2015,1340.873
bol,sex_f,geo_cov_urb,mts_aggregate_total,2016,1277.683
bol,sex_f,geo_cov_urb,mts_aggregate_total,2017,1276.961
bol,sex_f,geo_cov_urb,mts_aggregate_total,2018,1183.862
bol,sex_f,geo_cov_urb,mts_aggregate_total,2019,1092.961
bol,sex_f,geo_cov_urb,mts_aggregate_total,2020,1388.989
bol,sex_f,geo_cov_urb,mts_aggregate_total,2021,1001.947
bol,sex_f,geo_cov_urb,mts_aggregate_x,2016,0.408
bol,sex_f,geo_cov_urb,mts_details_mrd,1999,69.728
bol,sex_f,geo_cov_urb,mts_details_mrd,2000,113.226
bol,sex_f,geo_cov_urb,mts_details_mrd,2001,251.656
bol,sex_f,geo_cov_urb,mts_details_mrd,2002,270.176
bol,sex_f,geo_cov_urb,mts_details_mrd,2004,248.783
bol,sex_f,geo_cov_urb,mts_details_mrd,2005,355.151
bol,sex_f,geo_cov_urb,mts_details_mrd,2006,319.362
bol,sex_f,geo_cov_urb,mts_details_mrd,2007,365.305
bol,sex_f,geo_cov_urb,mts_details_mrd,2008,337.211
bol,sex_f,geo_cov_urb,mts_details_mrd,2009,322.982
bol,sex_f,geo_cov_urb,mts_details_mrd,2011,351.122
bol,sex_f,geo_cov_urb,mts_details_mrd,2012,371.278
bol,sex_f,geo_cov_urb,mts_details_mrd,2013,401.249
bol,sex_f,geo_cov_urb,mts_details_mrd,2014,382.648
bol,sex_f,geo_cov_urb,mts_details_mrd,2015,453.686
bol,sex_f,geo_cov_urb,mts_details_mrd,2016,409.018
bol,sex_f,geo_cov_urb,mts_details_mrd,2017,392.836
bol,sex_f,geo_cov_urb,mts_details_mrd,2018,357.467
bol,sex_f,geo_cov_urb,mts_details_mrd,2019,337.789
bol,sex_f,geo_cov_urb,mts_details_mrd,2020,457.203
bol,sex_f,geo_cov_urb,mts_details_mrd,2021,307.331
bol,sex_f,geo_cov_urb,mts_details_sep,1999,17.131
bol,sex_f,geo_cov_urb,mts_details_sep,2000,19.635
bol,sex_f,geo_cov_urb,mts_details_sep,2001,14.962
bol,sex_f,geo_cov_urb,mts_details_sep,2002,24.026
bol,sex_f,geo_cov_urb,mts_details_sep,2004,24.848
bol,sex_f,geo_cov_urb,mts_details_sep,2005,18.641
bol,sex_f,geo_cov_urb,mts_details_sep,2006,27.767
bol,sex_f,geo_cov_urb,mts_details_sep,2007,32.517
bol,sex_f,geo_cov_urb,mts_details_sep,2008,25.753
bol,sex_f,geo_cov_urb,mts_details_sep,2009,31.168
bol,sex_f,geo_cov_urb,mts_details_sep,2011,29.394
bol,sex_f,geo_cov_urb,mts_details_sep,2012,37.803
bol,sex_f,geo_cov_urb,mts_details_sep,2013,46.525
bol,sex_f,geo_cov_urb,mts_details_sep,2014,35.601
bol,sex_f,geo_cov_urb,mts_details_sep,2015,41.611
bol,sex_f,geo_cov_urb,mts_details_sep,2016,41.006
bol,sex_f,geo_cov_urb,mts_details_sep,2017,44.594
bol,sex_f,geo_cov_urb,mts_details_sep,2018,47.945
bol,sex_f,geo_cov_urb,mts_details_sep,2019,39.389
bol,sex_f,geo_cov_urb,mts_details_sep,2020,69.358
bol,sex_f,geo_cov_urb,mts_details_sep,2021,32.06
bol,sex_f,geo_cov_urb,mts_details_sgle,1999,310.115
bol,sex_f,geo_cov_urb,mts_details_sgle,2000,285.736
bol,sex_f,geo_cov_urb,mts_details_sgle,2001,263.584
bol,sex_f,geo_cov_urb,mts_details_sgle,2002,324.409
bol,sex_f,geo_cov_urb,mts_details_sgle,2004,325.343
bol,sex_f,geo_cov_urb,mts_details_sgle,2005,392.214
bol,sex_f,geo_cov_urb,mts_details_sgle,2006,366.163
bol,sex_f,geo_cov_urb,mts_details_sgle,2007,420.219
bol,sex_f,geo_cov_urb,mts_details_sgle,2008,427.015
bol,sex_f,geo_cov_urb,mts_details_sgle,2009,398.056
bol,sex_f,geo_cov_urb,mts_details_sgle,2011,412.775
bol,sex_f,geo_cov_urb,mts_details_sgle,2012,499.208
bol,sex_f,geo_cov_urb,mts_details_sgle,2013,498.452
bol,sex_f,geo_cov_urb,mts_details_sgle,2014,455.318
bol,sex_f,geo_cov_urb,mts_details_sgle,2015,507.811
bol,sex_f,geo_cov_urb,mts_details_sgle,2016,494.677
bol,sex_f,geo_cov_urb,mts_details_sgle,2017,500.438
bol,sex_f,geo_cov_urb,mts_details_sgle,2018,459.493
bol,sex_f,geo_cov_urb,mts_details_sgle,2019,412.785
bol,sex_f,geo_cov_urb,mts_details_sgle,2020,482.118
bol,sex_f,geo_cov_urb,mts_details_sgle,2021,384.464
bol,sex_f,geo_cov_urb,mts_details_total,1999,774.735
bol,sex_f,geo_cov_urb,mts_details_total,2000,844.614
bol,sex_f,geo_cov_urb,mts_details_total,2001,676.393
bol,sex_f,geo_cov_urb,mts_details_total,2002,761.341
bol,sex_f,geo_cov_urb,mts_details_total,2004,791.377
bol,sex_f,geo_cov_urb,mts_details_total,2005,974.589
bol,sex_f,geo_cov_urb,mts_details_total,2006,895.609
bol,sex_f,geo_cov_urb,mts_details_total,2007,1042.684
bol,sex_f,geo_cov_urb,mts_details_total,2008,1002.815
bol,sex_f,geo_cov_urb,mts_details_total,2009,992.904
bol,sex_f,geo_cov_urb,mts_details_total,2011,1080.133
bol,sex_f,geo_cov_urb,mts_details_total,2012,1160.489
bol,sex_f,geo_cov_urb,mts_details_total,2013,1228.202
bol,sex_f,geo_cov_urb,mts_details_total,2014,1164.982
bol,sex_f,geo_cov_urb,mts_details_total,2015,1340.873
bol,sex_f,geo_cov_urb,mts_details_total,2016,1277.683
bol,sex_f,geo_cov_urb,mts_details_total,2017,1276.961
bol,sex_f,geo_cov_urb,mts_details_total,2018,1183.862
bol,sex_f,geo_cov_urb,mts_details_total,2019,1092.961
bol,sex_f,geo_cov_urb,mts_details_total,2020,1388.989
bol,sex_f,geo_cov_urb,mts_details_total,2021,1001.947
bol,sex_f,geo_cov_urb,mts_details_union,1999,66.893
bol,sex_f,geo_cov_urb,mts_details_union,2000,71.463
bol,sex_f,geo_cov_urb,mts_details_union,2001,92.135
bol,sex_f,geo_cov_urb,mts_details_union,2002,82.181
bol,sex_f,geo_cov_urb,mts_details_union,2004,135.465
bol,sex_f,geo_cov_urb,mts_details_union,2005,141.534
bol,sex_f,geo_cov_urb,mts_details_union,2006,112.951
bol,sex_f,geo_cov_urb,mts_details_union,2007,154.648
bol,sex_f,geo_cov_urb,mts_details_union,2008,132.916
bol,sex_f,geo_cov_urb,mts_details_union,2009,160.401
bol,sex_f,geo_cov_urb,mts_details_union,2011,185.805
bol,sex_f,geo_cov_urb,mts_details_union,2012,160.04
bol,sex_f,geo_cov_urb,mts_details_union,2013,167.541
bol,sex_f,geo_cov_urb,mts_details_union,2014,208.118
bol,sex_f,geo_cov_urb,mts_details_union,2015,239.641
bol,sex_f,geo_cov_urb,mts_details_union,2016,230.856
bol,sex_f,geo_cov_urb,mts_details_union,2017,238.783
bol,sex_f,geo_cov_urb,mts_details_union,2018,222.329
bol,sex_f,geo_cov_urb,mts_details_union,2019,214.47
bol,sex_f,geo_cov_urb,mts_details_union,2020,231.55
bol,sex_f,geo_cov_urb,mts_details_union,2021,180.087
bol,sex_f,geo_cov_urb,mts_details_wid,1999,310.868
bol,sex_f,geo_cov_urb,mts_details_wid,2000,354.554
bol,sex_f,geo_cov_urb,mts_details_wid,2001,54.056
bol,sex_f,geo_cov_urb,mts_details_wid,2002,60.549
bol,sex_f,geo_cov_urb,mts_details_wid,2004,56.862
bol,sex_f,geo_cov_urb,mts_details_wid,2005,67.049
bol,sex_f,geo_cov_urb,mts_details_wid,2006,69.366
bol,sex_f,geo_cov_urb,mts_details_wid,2007,69.995
bol,sex_f,geo_cov_urb,mts_details_wid,2008,79.01
bol,sex_f,geo_cov_urb,mts_details_wid,2009,80.297
bol,sex_f,geo_cov_urb,mts_details_wid,2011,101.037
bol,sex_f,geo_cov_urb,mts_details_wid,2012,92.16
bol,sex_f,geo_cov_urb,mts_details_wid,2013,114.435
bol,sex_f,geo_cov_urb,mts_details_wid,2014,82.961
bol,sex_f,geo_cov_urb,mts_details_wid,2015,98.124
bol,sex_f,geo_cov_urb,mts_details_wid,2016,101.718
bol,sex_f,geo_cov_urb,mts_details_wid,2017,100.199
bol,sex_f,geo_cov_urb,mts_details_wid,2018,96.586
bol,sex_f,geo_cov_urb,mts_details_wid,2019,88.528
bol,sex_f,geo_cov_urb,mts_details_wid,2020,148.76
bol,sex_f,geo_cov_urb,mts_details_wid,2021,98.005
bol,sex_f,geo_cov_urb,mts_details_x,2016,0.408
bol,sex_m,geo_cov_nat,mts_aggregate_1,1999,409.406
bol,sex_m,geo_cov_nat,mts_aggregate_1,2000,398.063
bol,sex_m,geo_cov_nat,mts_aggregate_1,2001,314.252
bol,sex_m,geo_cov_nat,mts_aggregate_1,2002,342.464
bol,sex_m,geo_cov_nat,mts_aggregate_1,2004,371.003
bol,sex_m,geo_cov_nat,mts_aggregate_1,2005,444.647
bol,sex_m,geo_cov_nat,mts_aggregate_1,2006,407.208
bol,sex_m,geo_cov_nat,mts_aggregate_1,2007,442.104
bol,sex_m,geo_cov_nat,mts_aggregate_1,2008,464.03
bol,sex_m,geo_cov_nat,mts_aggregate_1,2009,490.019
bol,sex_m,geo_cov_nat,mts_aggregate_1,2011,475.635
bol,sex_m,geo_cov_nat,mts_aggregate_1,2012,538.4
bol,sex_m,geo_cov_nat,mts_aggregate_1,2013,550.131
bol,sex_m,geo_cov_nat,mts_aggregate_1,2014,502.184
bol,sex_m,geo_cov_nat,mts_aggregate_1,2015,587.73
bol,sex_m,geo_cov_nat,mts_aggregate_1,2016,648.418
bol,sex_m,geo_cov_nat,mts_aggregate_1,2017,643.556
bol,sex_m,geo_cov_nat,mts_aggregate_1,2018,579.752
bol,sex_m,geo_cov_nat,mts_aggregate_1,2019,520.894
bol,sex_m,geo_cov_nat,mts_aggregate_1,2020,576.214
bol,sex_m,geo_cov_nat,mts_aggregate_1,2021,475.425
bol,sex_m,geo_cov_nat,mts_aggregate_2,1999,26.162
bol,sex_m,geo_cov_nat,mts_aggregate_2,2000,36.725
bol,sex_m,geo_cov_nat,mts_aggregate_2,2001,82.533
bol,sex_m,geo_cov_nat,mts_aggregate_2,2002,76.292
bol,sex_m,geo_cov_nat,mts_aggregate_2,2004,73.476
bol,sex_m,geo_cov_nat,mts_aggregate_2,2005,114.219
bol,sex_m,geo_cov_nat,mts_aggregate_2,2006,108.31
bol,sex_m,geo_cov_nat,mts_aggregate_2,2007,113.009
bol,sex_m,geo_cov_nat,mts_aggregate_2,2008,93.192
bol,sex_m,geo_cov_nat,mts_aggregate_2,2009,98.952
bol,sex_m,geo_cov_nat,mts_aggregate_2,2011,108.6
bol,sex_m,geo_cov_nat,mts_aggregate_2,2012,122.654
bol,sex_m,geo_cov_nat,mts_aggregate_2,2013,141.267
bol,sex_m,geo_cov_nat,mts_aggregate_2,2014,136.339
bol,sex_m,geo_cov_nat,mts_aggregate_2,2015,151.003
bol,sex_m,geo_cov_nat,mts_aggregate_2,2016,155.689
bol,sex_m,geo_cov_nat,mts_aggregate_2,2017,158.68
bol,sex_m,geo_cov_nat,mts_aggregate_2,2018,161.254
bol,sex_m,geo_cov_nat,mts_aggregate_2,2019,163.007
bol,sex_m,geo_cov_nat,mts_aggregate_2,2020,222.527
bol,sex_m,geo_cov_nat,mts_aggregate_2,2021,142.671
bol,sex_m,geo_cov_nat,mts_aggregate_total,1999,435.568
bol,sex_m,geo_cov_nat,mts_aggregate_total,2000,434.788
bol,sex_m,geo_cov_nat,mts_aggregate_total,2001,396.785
bol,sex_m,geo_cov_nat,mts_aggregate_total,2002,418.756
bol,sex_m,geo_cov_nat,mts_aggregate_total,2004,444.553
bol,sex_m,geo_cov_nat,mts_aggregate_total,2005,558.866
bol,sex_m,geo_cov_nat,mts_aggregate_total,2006,515.518
bol,sex_m,geo_cov_nat,mts_aggregate_total,2007,555.113
bol,sex_m,geo_cov_nat,mts_aggregate_total,2008,557.222
bol,sex_m,geo_cov_nat,mts_aggregate_total,2009,588.971
bol,sex_m,geo_cov_nat,mts_aggregate_total,2011,584.235
bol,sex_m,geo_cov_nat,mts_aggregate_total,2012,661.054
bol,sex_m,geo_cov_nat,mts_aggregate_total,2013,691.398
bol,sex_m,geo_cov_nat,mts_aggregate_total,2014,638.691
bol,sex_m,geo_cov_nat,mts_aggregate_total,2015,738.733
bol,sex_m,geo_cov_nat,mts_aggregate_total,2016,804.467
bol,sex_m,geo_cov_nat,mts_aggregate_total,2017,802.602
bol,sex_m,geo_cov_nat,mts_aggregate_total,2018,741.006
bol,sex_m,geo_cov_nat,mts_aggregate_total,2019,683.901
bol,sex_m,geo_cov_nat,mts_aggregate_total,2020,798.741
bol,sex_m,geo_cov_nat,mts_aggregate_total,2021,618.096
bol,sex_m,geo_cov_nat,mts_aggregate_x,2016,0.36
bol,sex_m,geo_cov_nat,mts_aggregate_x,2017,0.366
bol,sex_m,geo_cov_nat,mts_details_mrd,1999,3.745
bol,sex_m,geo_cov_nat,mts_details_mrd,2000,15.401
bol,sex_m,geo_cov_nat,mts_details_mrd,2001,71.707
bol,sex_m,geo_cov_nat,mts_details_mrd,2002,67.008
bol,sex_m,geo_cov_nat,mts_details_mrd,2004,60.633
bol,sex_m,geo_cov_nat,mts_details_mrd,2005,97.944
bol,sex_m,geo_cov_nat,mts_details_mrd,2006,100.349
bol,sex_m,geo_cov_nat,mts_details_mrd,2007,99.302
bol,sex_m,geo_cov_nat,mts_details_mrd,2008,85.866
bol,sex_m,geo_cov_nat,mts_details_mrd,2009,84.737
bol,sex_m,geo_cov_nat,mts_details_mrd,2011,100.376
bol,sex_m,geo_cov_nat,mts_details_mrd,2012,106.855
bol,sex_m,geo_cov_nat,mts_details_mrd,2013,126.281
bol,sex_m,geo_cov_nat,mts_details_mrd,2014,118.341
bol,sex_m,geo_cov_nat,mts_details_mrd,2015,127.139
bol,sex_m,geo_cov_nat,mts_details_mrd,2016,136.045
bol,sex_m,geo_cov_nat,mts_details_mrd,2017,137.829
bol,sex_m,geo_cov_nat,mts_details_mrd,2018,137.651
bol,sex_m,geo_cov_nat,mts_details_mrd,2019,136.836
bol,sex_m,geo_cov_nat,mts_details_mrd,2020,198.083
bol,sex_m,geo_cov_nat,mts_details_mrd,2021,124.771
bol,sex_m,geo_cov_nat,mts_details_sep,1999,4.73
bol,sex_m,geo_cov_nat,mts_details_sep,2000,3.085
bol,sex_m,geo_cov_nat,mts_details_sep,2001,1.593
bol,sex_m,geo_cov_nat,mts_details_sep,2002,7.34
bol,sex_m,geo_cov_nat,mts_details_sep,2004,7.886
bol,sex_m,geo_cov_nat,mts_details_sep,2005,6.617
bol,sex_m,geo_cov_nat,mts_details_sep,2006,5.494
bol,sex_m,geo_cov_nat,mts_details_sep,2007,3.418
bol,sex_m,geo_cov_nat,mts_details_sep,2008,5.748
bol,sex_m,geo_cov_nat,mts_details_sep,2009,7.771
bol,sex_m,geo_cov_nat,mts_details_sep,2011,10.336
bol,sex_m,geo_cov_nat,mts_details_sep,2012,9.598
bol,sex_m,geo_cov_nat,mts_details_sep,2013,9.355
bol,sex_m,geo_cov_nat,mts_details_sep,2014,10.676
bol,sex_m,geo_cov_nat,mts_details_sep,2015,12.525
bol,sex_m,geo_cov_nat,mts_details_sep,2016,14.233
bol,sex_m,geo_cov_nat,mts_details_sep,2017,16.294
bol,sex_m,geo_cov_nat,mts_details_sep,2018,15.779
bol,sex_m,geo_cov_nat,mts_details_sep,2019,18.68
bol,sex_m,geo_cov_nat,mts_details_sep,2020,24.925
bol,sex_m,geo_cov_nat,mts_details_sep,2021,14.668
bol,sex_m,geo_cov_nat,mts_details_sgle,1999,79.903
bol,sex_m,geo_cov_nat,mts_details_sgle,2000,63.775
bol,sex_m,geo_cov_nat,mts_details_sgle,2001,294.053
bol,sex_m,geo_cov_nat,mts_details_sgle,2002,318.19
bol,sex_m,geo_cov_nat,mts_details_sgle,2004,344.917
bol,sex_m,geo_cov_nat,mts_details_sgle,2005,411.437
bol,sex_m,geo_cov_nat,mts_details_sgle,2006,368.543
bol,sex_m,geo_cov_nat,mts_details_sgle,2007,416.213
bol,sex_m,geo_cov_nat,mts_details_sgle,2008,431.638
bol,sex_m,geo_cov_nat,mts_details_sgle,2009,455.11
bol,sex_m,geo_cov_nat,mts_details_sgle,2011,434.222
bol,sex_m,geo_cov_nat,mts_details_sgle,2012,496.498
bol,sex_m,geo_cov_nat,mts_details_sgle,2013,499.564
bol,sex_m,geo_cov_nat,mts_details_sgle,2014,454.145
bol,sex_m,geo_cov_nat,mts_details_sgle,2015,531.324
bol,sex_m,geo_cov_nat,mts_details_sgle,2016,592.872
bol,sex_m,geo_cov_nat,mts_details_sgle,2017,582.165
bol,sex_m,geo_cov_nat,mts_details_sgle,2018,518.201
bol,sex_m,geo_cov_nat,mts_details_sgle,2019,457.226
bol,sex_m,geo_cov_nat,mts_details_sgle,2020,486.949
bol,sex_m,geo_cov_nat,mts_details_sgle,2021,415.093
bol,sex_m,geo_cov_nat,mts_details_total,1999,435.568
bol,sex_m,geo_cov_nat,mts_details_total,2000,434.788
bol,sex_m,geo_cov_nat,mts_details_total,2001,396.785
bol,sex_m,geo_cov_nat,mts_details_total,2002,418.756
bol,sex_m,geo_cov_nat,mts_details_total,2004,444.553
bol,sex_m,geo_cov_nat,mts_details_total,2005,558.866
bol,sex_m,geo_cov_nat,mts_details_total,2006,515.518
bol,sex_m,geo_cov_nat,mts_details_total,2007,555.113
bol,sex_m,geo_cov_nat,mts_details_total,2008,557.222
bol,sex_m,geo_cov_nat,mts_details_total,2009,588.971
bol,sex_m,geo_cov_nat,mts_details_total,2011,584.235
bol,sex_m,geo_cov_nat,mts_details_total,2012,661.054
bol,sex_m,geo_cov_nat,mts_details_total,2013,691.398
bol,sex_m,geo_cov_nat,mts_details_total,2014,638.691
bol,sex_m,geo_cov_nat,mts_details_total,2015,738.733
bol,sex_m,geo_cov_nat,mts_details_total,2016,804.467
bol,sex_m,geo_cov_nat,mts_details_total,2017,802.602
bol,sex_m,geo_cov_nat,mts_details_total,2018,741.006
bol,sex_m,geo_cov_nat,mts_details_total,2019,683.901
bol,sex_m,geo_cov_nat,mts_details_total,2020,798.741
bol,sex_m,geo_cov_nat,mts_details_total,2021,618.096
bol,sex_m,geo_cov_nat,mts_details_union,1999,22.417
bol,sex_m,geo_cov_nat,mts_details_union,2000,21.324
bol,sex_m,geo_cov_nat,mts_details_union,2001,10.826
bol,sex_m,geo_cov_nat,mts_details_union,2002,9.284
bol,sex_m,geo_cov_nat,mts_details_union,2004,12.843
bol,sex_m,geo_cov_nat,mts_details_union,2005,16.275
bol,sex_m,geo_cov_nat,mts_details_union,2006,7.961
bol,sex_m,geo_cov_nat,mts_details_union,2007,13.707
bol,sex_m,geo_cov_nat,mts_details_union,2008,7.326
bol,sex_m,geo_cov_nat,mts_details_union,2009,14.215
bol,sex_m,geo_cov_nat,mts_details_union,2011,8.224
bol,sex_m,geo_cov_nat,mts_details_union,2012,15.799
bol,sex_m,geo_cov_nat,mts_details_union,2013,14.986
bol,sex_m,geo_cov_nat,mts_details_union,2014,17.998
bol,sex_m,geo_cov_nat,mts_details_union,2015,23.864
bol,sex_m,geo_cov_nat,mts_details_union,2016,19.644
bol,sex_m,geo_cov_nat,mts_details_union,2017,20.851
bol,sex_m,geo_cov_nat,mts_details_union,2018,23.603
bol,sex_m,geo_cov_nat,mts_details_union,2019,26.171
bol,sex_m,geo_cov_nat,mts_details_union,2020,24.444
bol,sex_m,geo_cov_nat,mts_details_union,2021,17.9
bol,sex_m,geo_cov_nat,mts_details_wid,1999,324.773
bol,sex_m,geo_cov_nat,mts_details_wid,2000,331.203
bol,sex_m,geo_cov_nat,mts_details_wid,2001,18.606
bol,sex_m,geo_cov_nat,mts_details_wid,2002,16.934
bol,sex_m,geo_cov_nat,mts_details_wid,2004,18.2
bol,sex_m,geo_cov_nat,mts_details_wid,2005,26.593
bol,sex_m,geo_cov_nat,mts_details_wid,2006,33.171
bol,sex_m,geo_cov_nat,mts_details_wid,2007,22.473
bol,sex_m,geo_cov_nat,mts_details_wid,2008,26.644
bol,sex_m,geo_cov_nat,mts_details_wid,2009,27.138
bol,sex_m,geo_cov_nat,mts_details_wid,2011,31.077
bol,sex_m,geo_cov_nat,mts_details_wid,2012,32.304
bol,sex_m,geo_cov_nat,mts_details_wid,2013,41.212
bol,sex_m,geo_cov_nat,mts_details_wid,2014,37.363
bol,sex_m,geo_cov_nat,mts_details_wid,2015,43.881
bol,sex_m,geo_cov_nat,mts_details_wid,2016,41.314
bol,sex_m,geo_cov_nat,mts_details_wid,2017,45.098
bol,sex_m,geo_cov_nat,mts_details_wid,2018,45.772
bol,sex_m,geo_cov_nat,mts_details_wid,2019,44.989
bol,sex_m,geo_cov_nat,mts_details_wid,2020,64.34
bol,sex_m,geo_cov_nat,mts_details_wid,2021,45.664
bol,sex_m,geo_cov_nat,mts_details_x,2016,0.36
bol,sex_m,geo_cov_nat,mts_details_x,2017,0.366
bol,sex_m,geo_cov_rur,mts_aggregate_1,1999,40.867
bol,sex_m,geo_cov_rur,mts_aggregate_1,2000,56.975
bol,sex_m,geo_cov_rur,mts_aggregate_1,2001,38.261
bol,sex_m,geo_cov_rur,mts_aggregate_1,2002,47.019
bol,sex_m,geo_cov_rur,mts_aggregate_1,2004,70.952
bol,sex_m,geo_cov_rur,mts_aggregate_1,2005,68.815
bol,sex_m,geo_cov_rur,mts_aggregate_1,2006,56.021
bol,sex_m,geo_cov_rur,mts_aggregate_1,2007,62.098
bol,sex_m,geo_cov_rur,mts_aggregate_1,2008,57.77
bol,sex_m,geo_cov_rur,mts_aggregate_1,2009,75.626
bol,sex_m,geo_cov_rur,mts_aggregate_1,2011,64.855
bol,sex_m,geo_cov_rur,mts_aggregate_1,2012,80.197
bol,sex_m,geo_cov_rur,mts_aggregate_1,2013,86.973
bol,sex_m,geo_cov_rur,mts_aggregate_1,2014,53.03
bol,sex_m,geo_cov_rur,mts_aggregate_1,2015,86.851
bol,sex_m,geo_cov_rur,mts_aggregate_1,2016,121.428
bol,sex_m,geo_cov_rur,mts_aggregate_1,2017,105.702
bol,sex_m,geo_cov_rur,mts_aggregate_1,2018,79.846
bol,sex_m,geo_cov_rur,mts_aggregate_1,2019,71.65
bol,sex_m,geo_cov_rur,mts_aggregate_1,2020,67.285
bol,sex_m,geo_cov_rur,mts_aggregate_1,2021,54.426
bol,sex_m,geo_cov_rur,mts_aggregate_2,1999,5.622
bol,sex_m,geo_cov_rur,mts_aggregate_2,2000,7.633
bol,sex_m,geo_cov_rur,mts_aggregate_2,2001,11.583
bol,sex_m,geo_cov_rur,mts_aggregate_2,2002,12.689
bol,sex_m,geo_cov_rur,mts_aggregate_2,2004,11.377
bol,sex_m,geo_cov_rur,mts_aggregate_2,2005,11.892
bol,sex_m,geo_cov_rur,mts_aggregate_2,2006,10.133
bol,sex_m,geo_cov_rur,mts_aggregate_2,2007,13.415
bol,sex_m,geo_cov_rur,mts_aggregate_2,2008,14.443
bol,sex_m,geo_cov_rur,mts_aggregate_2,2009,20.186
bol,sex_m,geo_cov_rur,mts_aggregate_2,2011,15.953
bol,sex_m,geo_cov_rur,mts_aggregate_2,2012,24.267
bol,sex_m,geo_cov_rur,mts_aggregate_2,2013,22.07
bol,sex_m,geo_cov_rur,mts_aggregate_2,2014,20.61
bol,sex_m,geo_cov_rur,mts_aggregate_2,2015,33.34
bol,sex_m,geo_cov_rur,mts_aggregate_2,2016,24.327
bol,sex_m,geo_cov_rur,mts_aggregate_2,2017,24.37
bol,sex_m,geo_cov_rur,mts_aggregate_2,2018,24.579
bol,sex_m,geo_cov_rur,mts_aggregate_2,2019,26.523
bol,sex_m,geo_cov_rur,mts_aggregate_2,2020,39.026
bol,sex_m,geo_cov_rur,mts_aggregate_2,2021,21.18
bol,sex_m,geo_cov_rur,mts_aggregate_total,1999,46.489
bol,sex_m,geo_cov_rur,mts_aggregate_total,2000,64.608
bol,sex_m,geo_cov_rur,mts_aggregate_total,2001,49.844
bol,sex_m,geo_cov_rur,mts_aggregate_total,2002,59.708
bol,sex_m,geo_cov_rur,mts_aggregate_total,2004,82.403
bol,sex_m,geo_cov_rur,mts_aggregate_total,2005,80.707
bol,sex_m,geo_cov_rur,mts_aggregate_total,2006,66.154
bol,sex_m,geo_cov_rur,mts_aggregate_total,2007,75.513
bol,sex_m,geo_cov_rur,mts_aggregate_total,2008,72.213
bol,sex_m,geo_cov_rur,mts_aggregate_total,2009,95.812
bol,sex_m,geo_cov_rur,mts_aggregate_total,2011,80.808
bol,sex_m,geo_cov_rur,mts_aggregate_total,2012,104.464
bol,sex_m,geo_cov_rur,mts_aggregate_total,2013,109.043
bol,sex_m,geo_cov_rur,mts_aggregate_total,2014,73.64
bol,sex_m,geo_cov_rur,mts_aggregate_total,2015,120.191
bol,sex_m,geo_cov_rur,mts_aggregate_total,2016,145.833
bol,sex_m,geo_cov_rur,mts_aggregate_total,2017,130.32
bol,sex_m,geo_cov_rur,mts_aggregate_total,2018,104.424
bol,sex_m,geo_cov_rur,mts_aggregate_total,2019,98.172
bol,sex_m,geo_cov_rur,mts_aggregate_total,2020,106.31
bol,sex_m,geo_cov_rur,mts_aggregate_total,2021,75.606
bol,sex_m,geo_cov_rur,mts_aggregate_x,2016,0.079
bol,sex_m,geo_cov_rur,mts_details_mrd,1999,2.379
bol,sex_m,geo_cov_rur,mts_details_mrd,2000,1.719
bol,sex_m,geo_cov_rur,mts_details_mrd,2001,9.557
bol,sex_m,geo_cov_rur,mts_details_mrd,2002,10.575
bol,sex_m,geo_cov_rur,mts_details_mrd,2004,7.108
bol,sex_m,geo_cov_rur,mts_details_mrd,2005,10.292
bol,sex_m,geo_cov_rur,mts_details_mrd,2006,9.34
bol,sex_m,geo_cov_rur,mts_details_mrd,2007,9.5
bol,sex_m,geo_cov_rur,mts_details_mrd,2008,13.529
bol,sex_m,geo_cov_rur,mts_details_mrd,2009,16.106
bol,sex_m,geo_cov_rur,mts_details_mrd,2011,14.572
bol,sex_m,geo_cov_rur,mts_details_mrd,2012,21.813
bol,sex_m,geo_cov_rur,mts_details_mrd,2013,19.559
bol,sex_m,geo_cov_rur,mts_details_mrd,2014,17.469
bol,sex_m,geo_cov_rur,mts_details_mrd,2015,25.341
bol,sex_m,geo_cov_rur,mts_details_mrd,2016,20.033
bol,sex_m,geo_cov_rur,mts_details_mrd,2017,20.136
bol,sex_m,geo_cov_rur,mts_details_mrd,2018,20.358
bol,sex_m,geo_cov_rur,mts_details_mrd,2019,21.462
bol,sex_m,geo_cov_rur,mts_details_mrd,2020,32.651
bol,sex_m,geo_cov_rur,mts_details_mrd,2021,18.027
bol,sex_m,geo_cov_rur,mts_details_sep,1999,0.117
bol,sex_m,geo_cov_rur,mts_details_sep,2005,2.86
bol,sex_m,geo_cov_rur,mts_details_sep,2016,1.952
bol,sex_m,geo_cov_rur,mts_details_sep,2017,1.634
bol,sex_m,geo_cov_rur,mts_details_sep,2018,1.711
bol,sex_m,geo_cov_rur,mts_details_sep,2019,2.323
bol,sex_m,geo_cov_rur,mts_details_sep,2021,1.897
bol,sex_m,geo_cov_rur,mts_details_sgle,1999,13.428
bol,sex_m,geo_cov_rur,mts_details_sgle,2000,8.32
bol,sex_m,geo_cov_rur,mts_details_sgle,2001,32.395
bol,sex_m,geo_cov_rur,mts_details_sgle,2002,42.553
bol,sex_m,geo_cov_rur,mts_details_sgle,2004,66.23
bol,sex_m,geo_cov_rur,mts_details_sgle,2005,60.859
bol,sex_m,geo_cov_rur,mts_details_sgle,2006,43.844
bol,sex_m,geo_cov_rur,mts_details_sgle,2007,55.136
bol,sex_m,geo_cov_rur,mts_details_sgle,2008,49.272
bol,sex_m,geo_cov_rur,mts_details_sgle,2009,69.692
bol,sex_m,geo_cov_rur,mts_details_sgle,2011,55.343
bol,sex_m,geo_cov_rur,mts_details_sgle,2012,70.447
bol,sex_m,geo_cov_rur,mts_details_sgle,2013,76.989
bol,sex_m,geo_cov_rur,mts_details_sgle,2014,39.849
bol,sex_m,geo_cov_rur,mts_details_sgle,2015,73.524
bol,sex_m,geo_cov_rur,mts_details_sgle,2016,108.872
bol,sex_m,geo_cov_rur,mts_details_sgle,2017,90.223
bol,sex_m,geo_cov_rur,mts_details_sgle,2018,65.42
bol,sex_m,geo_cov_rur,mts_details_sgle,2019,53.593
bol,sex_m,geo_cov_rur,mts_details_sgle,2020,44.038
bol,sex_m,geo_cov_rur,mts_details_sgle,2021,38.69
bol,sex_m,geo_cov_rur,mts_details_total,1999,46.489
bol,sex_m,geo_cov_rur,mts_details_total,2000,64.608
bol,sex_m,geo_cov_rur,mts_details_total,2001,49.844
bol,sex_m,geo_cov_rur,mts_details_total,2002,59.708
bol,sex_m,geo_cov_rur,mts_details_total,2004,82.403
bol,sex_m,geo_cov_rur,mts_details_total,2005,80.707
bol,sex_m,geo_cov_rur,mts_details_total,2006,66.154
bol,sex_m,geo_cov_rur,mts_details_total,2007,75.513
bol,sex_m,geo_cov_rur,mts_details_total,2008,72.213
bol,sex_m,geo_cov_rur,mts_details_total,2009,95.812
bol,sex_m,geo_cov_rur,mts_details_total,2011,80.808
bol,sex_m,geo_cov_rur,mts_details_total,2012,104.464
bol,sex_m,geo_cov_rur,mts_details_total,2013,109.043
bol,sex_m,geo_cov_rur,mts_details_total,2014,73.64
bol,sex_m,geo_cov_rur,mts_details_total,2015,120.191
bol,sex_m,geo_cov_rur,mts_details_total,2016,145.833
bol,sex_m,geo_cov_rur,mts_details_total,2017,130.32
bol,sex_m,geo_cov_rur,mts_details_total,2018,104.424
bol,sex_m,geo_cov_rur,mts_details_total,2019,98.172
bol,sex_m,geo_cov_rur,mts_details_total,2020,106.31
bol,sex_m,geo_cov_rur,mts_details_total,2021,75.606
bol,sex_m,geo_cov_rur,mts_details_union,1999,3.243
bol,sex_m,geo_cov_rur,mts_details_union,2000,5.914
bol,sex_m,geo_cov_rur,mts_details_union,2001,2.026
bol,sex_m,geo_cov_rur,mts_details_union,2002,2.114
bol,sex_m,geo_cov_rur,mts_details_union,2004,4.269
bol,sex_m,geo_cov_rur,mts_details_union,2005,1.6
bol,sex_m,geo_cov_rur,mts_details_union,2009,4.08
bol,sex_m,geo_cov_rur,mts_details_union,2011,1.381
bol,sex_m,geo_cov_rur,mts_details_union,2012,2.454
bol,sex_m,geo_cov_rur,mts_details_union,2013,2.511
bol,sex_m,geo_cov_rur,mts_details_union,2014,3.141
bol,sex_m,geo_cov_rur,mts_details_union,2015,7.999
bol,sex_m,geo_cov_rur,mts_details_union,2016,4.294
bol,sex_m,geo_cov_rur,mts_details_union,2017,4.235
bol,sex_m,geo_cov_rur,mts_details_union,2018,4.221
bol,sex_m,geo_cov_rur,mts_details_union,2019,5.061
bol,sex_m,geo_cov_rur,mts_details_union,2020,6.375
bol,sex_m,geo_cov_rur,mts_details_union,2021,3.153
bol,sex_m,geo_cov_rur,mts_details_wid,1999,27.322
bol,sex_m,geo_cov_rur,mts_details_wid,2000,48.572
bol,sex_m,geo_cov_rur,mts_details_wid,2001,5.266
bol,sex_m,geo_cov_rur,mts_details_wid,2002,4.466
bol,sex_m,geo_cov_rur,mts_details_wid,2004,3.877
bol,sex_m,geo_cov_rur,mts_details_wid,2005,5.096
bol,sex_m,geo_cov_rur,mts_details_wid,2006,12.177
bol,sex_m,geo_cov_rur,mts_details_wid,2007,6.906
bol,sex_m,geo_cov_rur,mts_details_wid,2008,6.976
bol,sex_m,geo_cov_rur,mts_details_wid,2009,5.934
bol,sex_m,geo_cov_rur,mts_details_wid,2011,7.836
bol,sex_m,geo_cov_rur,mts_details_wid,2012,9.26
bol,sex_m,geo_cov_rur,mts_details_wid,2013,9.705
bol,sex_m,geo_cov_rur,mts_details_wid,2014,12.054
bol,sex_m,geo_cov_rur,mts_details_wid,2015,12.438
bol,sex_m,geo_cov_rur,mts_details_wid,2016,10.604
bol,sex_m,geo_cov_rur,mts_details_wid,2017,13.844
bol,sex_m,geo_cov_rur,mts_details_wid,2018,12.714
bol,sex_m,geo_cov_rur,mts_details_wid,2019,15.734
bol,sex_m,geo_cov_rur,mts_details_wid,2020,21.219
bol,sex_m,geo_cov_rur,mts_details_wid,2021,13.839
bol,sex_m,geo_cov_rur,mts_details_x,2016,0.079
bol,sex_m,geo_cov_urb,mts_aggregate_1,1999,368.539
bol,sex_m,geo_cov_urb,mts_aggregate_1,2000,341.088
bol,sex_m,geo_cov_urb,mts_aggregate_1,2001,275.991
bol,sex_m,geo_cov_urb,mts_aggregate_1,2002,295.445
bol,sex_m,geo_cov_urb,mts_aggregate_1,2004,300.051
bol,sex_m,geo_cov_urb,mts_aggregate_1,2005,375.832
bol,sex_m,geo_cov_urb,mts_aggregate_1,2006,351.187
bol,sex_m,geo_cov_urb,mts_aggregate_1,2007,380.006
bol,sex_m,geo_cov_urb,mts_aggregate_1,2008,406.26
bol,sex_m,geo_cov_urb,mts_aggregate_1,2009,414.393
bol,sex_m,geo_cov_urb,mts_aggregate_1,2011,410.78
bol,sex_m,geo_cov_urb,mts_aggregate_1,2012,458.203
bol,sex_m,geo_cov_urb,mts_aggregate_1,2013,463.158
bol,sex_m,geo_cov_urb,mts_aggregate_1,2014,449.154
bol,sex_m,geo_cov_urb,mts_aggregate_1,2015,500.879
bol,sex_m,geo_cov_urb,mts_aggregate_1,2016,526.991
bol,sex_m,geo_cov_urb,mts_aggregate_1,2017,537.854
bol,sex_m,geo_cov_urb,mts_aggregate_1,2018,499.906
bol,sex_m,geo_cov_urb,mts_aggregate_1,2019,449.245
bol,sex_m,geo_cov_urb,mts_aggregate_1,2020,508.929
bol,sex_m,geo_cov_urb,mts_aggregate_1,2021,420.999
bol,sex_m,geo_cov_urb,mts_aggregate_2,1999,20.54
bol,sex_m,geo_cov_urb,mts_aggregate_2,2000,29.092
bol,sex_m,geo_cov_urb,mts_aggregate_2,2001,70.95
bol,sex_m,geo_cov_urb,mts_aggregate_2,2002,63.603
bol,sex_m,geo_cov_urb,mts_aggregate_2,2004,62.099
bol,sex_m,geo_cov_urb,mts_aggregate_2,2005,102.327
bol,sex_m,geo_cov_urb,mts_aggregate_2,2006,98.177
bol,sex_m,geo_cov_urb,mts_aggregate_2,2007,99.594
bol,sex_m,geo_cov_urb,mts_aggregate_2,2008,78.749
bol,sex_m,geo_cov_urb,mts_aggregate_2,2009,78.766
bol,sex_m,geo_cov_urb,mts_aggregate_2,2011,92.647
bol,sex_m,geo_cov_urb,mts_aggregate_2,2012,98.387
bol,sex_m,geo_cov_urb,mts_aggregate_2,2013,119.197
bol,sex_m,geo_cov_urb,mts_aggregate_2,2014,115.729
bol,sex_m,geo_cov_urb,mts_aggregate_2,2015,117.663
bol,sex_m,geo_cov_urb,mts_aggregate_2,2016,131.362
bol,sex_m,geo_cov_urb,mts_aggregate_2,2017,134.31
bol,sex_m,geo_cov_urb,mts_aggregate_2,2018,136.675
bol,sex_m,geo_cov_urb,mts_aggregate_2,2019,136.484
bol,sex_m,geo_cov_urb,mts_aggregate_2,2020,183.501
bol,sex_m,geo_cov_urb,mts_aggregate_2,2021,121.491
bol,sex_m,geo_cov_urb,mts_aggregate_total,1999,389.079
bol,sex_m,geo_cov_urb,mts_aggregate_total,2000,370.18
bol,sex_m,geo_cov_urb,mts_aggregate_total,2001,346.941
bol,sex_m,geo_cov_urb,mts_aggregate_total,2002,359.048
bol,sex_m,geo_cov_urb,mts_aggregate_total,2004,362.15
bol,sex_m,geo_cov_urb,mts_aggregate_total,2005,478.159
bol,sex_m,geo_cov_urb,mts_aggregate_total,2006,449.364
bol,sex_m,geo_cov_urb,mts_aggregate_total,2007,479.6
bol,sex_m,geo_cov_urb,mts_aggregate_total,2008,485.009
bol,sex_m,geo_cov_urb,mts_aggregate_total,2009,493.159
bol,sex_m,geo_cov_urb,mts_aggregate_total,2011,503.427
bol,sex_m,geo_cov_urb,mts_aggregate_total,2012,556.59
bol,sex_m,geo_cov_urb,mts_aggregate_total,2013,582.355
bol,sex_m,geo_cov_urb,mts_aggregate_total,2014,565.051
bol,sex_m,geo_cov_urb,mts_aggregate_total,2015,618.542
bol,sex_m,geo_cov_urb,mts_aggregate_total,2016,658.634
bol,sex_m,geo_cov_urb,mts_aggregate_total,2017,672.282
bol,sex_m,geo_cov_urb,mts_aggregate_total,2018,636.581
bol,sex_m,geo_cov_urb,mts_aggregate_total,2019,585.729
bol,sex_m,geo_cov_urb,mts_aggregate_total,2020,692.43
bol,sex_m,geo_cov_urb,mts_aggregate_total,2021,542.49
bol,sex_m,geo_cov_urb,mts_aggregate_x,2016,0.281
bol,sex_m,geo_cov_urb,mts_details_mrd,1999,1.366
bol,sex_m,geo_cov_urb,mts_details_mrd,2000,13.682
bol,sex_m,geo_cov_urb,mts_details_mrd,2001,62.15
bol,sex_m,geo_cov_urb,mts_details_mrd,2002,56.433
bol,sex_m,geo_cov_urb,mts_details_mrd,2004,53.525
bol,sex_m,geo_cov_urb,mts_details_mrd,2005,87.652
bol,sex_m,geo_cov_urb,mts_details_mrd,2006,91.009
bol,sex_m,geo_cov_urb,mts_details_mrd,2007,89.802
bol,sex_m,geo_cov_urb,mts_details_mrd,2008,72.337
bol,sex_m,geo_cov_urb,mts_details_mrd,2009,68.631
bol,sex_m,geo_cov_urb,mts_details_mrd,2011,85.804
bol,sex_m,geo_cov_urb,mts_details_mrd,2012,85.042
bol,sex_m,geo_cov_urb,mts_details_mrd,2013,106.722
bol,sex_m,geo_cov_urb,mts_details_mrd,2014,100.872
bol,sex_m,geo_cov_urb,mts_details_mrd,2015,101.798
bol,sex_m,geo_cov_urb,mts_details_mrd,2016,116.012
bol,sex_m,geo_cov_urb,mts_details_mrd,2017,117.694
bol,sex_m,geo_cov_urb,mts_details_mrd,2018,117.293
bol,sex_m,geo_cov_urb,mts_details_mrd,2019,115.374
bol,sex_m,geo_cov_urb,mts_details_mrd,2020,165.433
bol,sex_m,geo_cov_urb,mts_details_mrd,2021,106.744
bol,sex_m,geo_cov_urb,mts_details_sep,1999,4.613
bol,sex_m,geo_cov_urb,mts_details_sep,2000,3.002
bol,sex_m,geo_cov_urb,mts_details_sep,2001,0.993
bol,sex_m,geo_cov_urb,mts_details_sep,2002,7.34
bol,sex_m,geo_cov_urb,mts_details_sep,2004,7.041
bol,sex_m,geo_cov_urb,mts_details_sep,2005,3.757
bol,sex_m,geo_cov_urb,mts_details_sep,2006,5.494
bol,sex_m,geo_cov_urb,mts_details_sep,2007,3.362
bol,sex_m,geo_cov_urb,mts_details_sep,2008,4.226
bol,sex_m,geo_cov_urb,mts_details_sep,2009,7.771
bol,sex_m,geo_cov_urb,mts_details_sep,2011,8.66
bol,sex_m,geo_cov_urb,mts_details_sep,2012,9.108
bol,sex_m,geo_cov_urb,mts_details_sep,2013,9.076
bol,sex_m,geo_cov_urb,mts_details_sep,2014,9.549
bol,sex_m,geo_cov_urb,mts_details_sep,2015,11.636
bol,sex_m,geo_cov_urb,mts_details_sep,2016,12.281
bol,sex_m,geo_cov_urb,mts_details_sep,2017,14.659
bol,sex_m,geo_cov_urb,mts_details_sep,2018,14.068
bol,sex_m,geo_cov_urb,mts_details_sep,2019,16.356
bol,sex_m,geo_cov_urb,mts_details_sep,2020,22.897
bol,sex_m,geo_cov_urb,mts_details_sep,2021,12.771
bol,sex_m,geo_cov_urb,mts_details_sgle,1999,66.475
bol,sex_m,geo_cov_urb,mts_details_sgle,2000,55.455
bol,sex_m,geo_cov_urb,mts_details_sgle,2001,261.658
bol,sex_m,geo_cov_urb,mts_details_sgle,2002,275.637
bol,sex_m,geo_cov_urb,mts_details_sgle,2004,278.687
bol,sex_m,geo_cov_urb,mts_details_sgle,2005,350.578
bol,sex_m,geo_cov_urb,mts_details_sgle,2006,324.699
bol,sex_m,geo_cov_urb,mts_details_sgle,2007,361.077
bol,sex_m,geo_cov_urb,mts_details_sgle,2008,382.366
bol,sex_m,geo_cov_urb,mts_details_sgle,2009,385.418
bol,sex_m,geo_cov_urb,mts_details_sgle,2011,378.879
bol,sex_m,geo_cov_urb,mts_details_sgle,2012,426.051
bol,sex_m,geo_cov_urb,mts_details_sgle,2013,422.575
bol,sex_m,geo_cov_urb,mts_details_sgle,2014,414.296
bol,sex_m,geo_cov_urb,mts_details_sgle,2015,457.8
bol,sex_m,geo_cov_urb,mts_details_sgle,2016,484
bol,sex_m,geo_cov_urb,mts_details_sgle,2017,491.941
bol,sex_m,geo_cov_urb,mts_details_sgle,2018,452.781
bol,sex_m,geo_cov_urb,mts_details_sgle,2019,403.633
bol,sex_m,geo_cov_urb,mts_details_sgle,2020,442.911
bol,sex_m,geo_cov_urb,mts_details_sgle,2021,376.403
bol,sex_m,geo_cov_urb,mts_details_total,1999,389.079
bol,sex_m,geo_cov_urb,mts_details_total,2000,370.18
bol,sex_m,geo_cov_urb,mts_details_total,2001,346.941
bol,sex_m,geo_cov_urb,mts_details_total,2002,359.048
bol,sex_m,geo_cov_urb,mts_details_total,2004,362.15
bol,sex_m,geo_cov_urb,mts_details_total,2005,478.159
bol,sex_m,geo_cov_urb,mts_details_total,2006,449.364
bol,sex_m,geo_cov_urb,mts_details_total,2007,479.6
bol,sex_m,geo_cov_urb,mts_details_total,2008,485.009
bol,sex_m,geo_cov_urb,mts_details_total,2009,493.159
bol,sex_m,geo_cov_urb,mts_details_total,2011,503.427
bol,sex_m,geo_cov_urb,mts_details_total,2012,556.59
bol,sex_m,geo_cov_urb,mts_details_total,2013,582.355
bol,sex_m,geo_cov_urb,mts_details_total,2014,565.051
bol,sex_m,geo_cov_urb,mts_details_total,2015,618.542
bol,sex_m,geo_cov_urb,mts_details_total,2016,658.634
bol,sex_m,geo_cov_urb,mts_details_total,2017,672.282
bol,sex_m,geo_cov_urb,mts_details_total,2018,636.581
bol,sex_m,geo_cov_urb,mts_details_total,2019,585.729
bol,sex_m,geo_cov_urb,mts_details_total,2020,692.43
bol,sex_m,geo_cov_urb,mts_details_total,2021,542.49
bol,sex_m,geo_cov_urb,mts_details_union,1999,19.174
bol,sex_m,geo_cov_urb,mts_details_union,2000,15.41
bol,sex_m,geo_cov_urb,mts_details_union,2001,8.8
bol,sex_m,geo_cov_urb,mts_details_union,2002,7.17
bol,sex_m,geo_cov_urb,mts_details_union,2004,8.574
bol,sex_m,geo_cov_urb,mts_details_union,2005,14.675
bol,sex_m,geo_cov_urb,mts_details_union,2006,7.168
bol,sex_m,geo_cov_urb,mts_details_union,2007,9.792
bol,sex_m,geo_cov_urb,mts_details_union,2008,6.412
bol,sex_m,geo_cov_urb,mts_details_union,2009,10.135
bol,sex_m,geo_cov_urb,mts_details_union,2011,6.843
bol,sex_m,geo_cov_urb,mts_details_union,2012,13.345
bol,sex_m,geo_cov_urb,mts_details_union,2013,12.475
bol,sex_m,geo_cov_urb,mts_details_union,2014,14.857
bol,sex_m,geo_cov_urb,mts_details_union,2015,15.865
bol,sex_m,geo_cov_urb,mts_details_union,2016,15.35
bol,sex_m,geo_cov_urb,mts_details_union,2017,16.616
bol,sex_m,geo_cov_urb,mts_details_union,2018,19.383
bol,sex_m,geo_cov_urb,mts_details_union,2019,21.11
bol,sex_m,geo_cov_urb,mts_details_union,2020,18.069
bol,sex_m,geo_cov_urb,mts_details_union,2021,14.747
bol,sex_m,geo_cov_urb,mts_details_wid,1999,297.451
bol,sex_m,geo_cov_urb,mts_details_wid,2000,282.631
bol,sex_m,geo_cov_urb,mts_details_wid,2001,13.34
bol,sex_m,geo_cov_urb,mts_details_wid,2002,12.468
bol,sex_m,geo_cov_urb,mts_details_wid,2004,14.323
bol,sex_m,geo_cov_urb,mts_details_wid,2005,21.497
bol,sex_m,geo_cov_urb,mts_details_wid,2006,20.994
bol,sex_m,geo_cov_urb,mts_details_wid,2007,15.567
bol,sex_m,geo_cov_urb,mts_details_wid,2008,19.668
bol,sex_m,geo_cov_urb,mts_details_wid,2009,21.204
bol,sex_m,geo_cov_urb,mts_details_wid,2011,23.241
bol,sex_m,geo_cov_urb,mts_details_wid,2012,23.044
bol,sex_m,geo_cov_urb,mts_details_wid,2013,31.507
bol,sex_m,geo_cov_urb,mts_details_wid,2014,25.309
bol,sex_m,geo_cov_urb,mts_details_wid,2015,31.443
bol,sex_m,geo_cov_urb,mts_details_wid,2016,30.71
bol,sex_m,geo_cov_urb,mts_details_wid,2017,31.254
bol,sex_m,geo_cov_urb,mts_details_wid,2018,33.057
bol,sex_m,geo_cov_urb,mts_details_wid,2019,29.256
bol,sex_m,geo_cov_urb,mts_details_wid,2020,43.121
bol,sex_m,geo_cov_urb,mts_details_wid,2021,31.825
bol,sex_m,geo_cov_urb,mts_details_x,2016,0.281
bol,sex_t,geo_cov_nat,mts_aggregate_1,1999,1182.969
bol,sex_t,geo_cov_nat,mts_aggregate_1,2000,1224.395
bol,sex_t,geo_cov_nat,mts_aggregate_1,2001,715.797
bol,sex_t,geo_cov_nat,mts_aggregate_1,2002,848.323
bol,sex_t,geo_cov_nat,mts_aggregate_1,2004,873.952
bol,sex_t,geo_cov_nat,mts_aggregate_1,2005,1017.201
bol,sex_t,geo_cov_nat,mts_aggregate_1,2006,942.04
bol,sex_t,geo_cov_nat,mts_aggregate_1,2007,1081.06
bol,sex_t,geo_cov_nat,mts_aggregate_1,2008,1114.818
bol,sex_t,geo_cov_nat,mts_aggregate_1,2009,1133.46
bol,sex_t,geo_cov_nat,mts_aggregate_1,2011,1121.069
bol,sex_t,geo_cov_nat,mts_aggregate_1,2012,1322.58
bol,sex_t,geo_cov_nat,mts_aggregate_1,2013,1325.101
bol,sex_t,geo_cov_nat,mts_aggregate_1,2014,1185.507
bol,sex_t,geo_cov_nat,mts_aggregate_1,2015,1372.303
bol,sex_t,geo_cov_nat,mts_aggregate_1,2016,1438.332
bol,sex_t,geo_cov_nat,mts_aggregate_1,2017,1426.595
bol,sex_t,geo_cov_nat,mts_aggregate_1,2018,1293.773
bol,sex_t,geo_cov_nat,mts_aggregate_1,2019,1169.712
bol,sex_t,geo_cov_nat,mts_aggregate_1,2020,1433.587
bol,sex_t,geo_cov_nat,mts_aggregate_1,2021,1090.148
bol,sex_t,geo_cov_nat,mts_aggregate_2,1999,215.236
bol,sex_t,geo_cov_nat,mts_aggregate_2,2000,296.06
bol,sex_t,geo_cov_nat,mts_aggregate_2,2001,575.743
bol,sex_t,geo_cov_nat,mts_aggregate_2,2002,602.058
bol,sex_t,geo_cov_nat,mts_aggregate_2,2004,624.39
bol,sex_t,geo_cov_nat,mts_aggregate_2,2005,764.159
bol,sex_t,geo_cov_nat,mts_aggregate_2,2006,701.134
bol,sex_t,geo_cov_nat,mts_aggregate_2,2007,780.371
bol,sex_t,geo_cov_nat,mts_aggregate_2,2008,728.873
bol,sex_t,geo_cov_nat,mts_aggregate_2,2009,748.693
bol,sex_t,geo_cov_nat,mts_aggregate_2,2011,789.319
bol,sex_t,geo_cov_nat,mts_aggregate_2,2012,868.753
bol,sex_t,geo_cov_nat,mts_aggregate_2,2013,920.277
bol,sex_t,geo_cov_nat,mts_aggregate_2,2014,894.416
bol,sex_t,geo_cov_nat,mts_aggregate_2,2015,1109.562
bol,sex_t,geo_cov_nat,mts_aggregate_2,2016,996.887
bol,sex_t,geo_cov_nat,mts_aggregate_2,2017,963.047
bol,sex_t,geo_cov_nat,mts_aggregate_2,2018,890.759
bol,sex_t,geo_cov_nat,mts_aggregate_2,2019,864.288
bol,sex_t,geo_cov_nat,mts_aggregate_2,2020,1135.154
bol,sex_t,geo_cov_nat,mts_aggregate_2,2021,759.641
bol,sex_t,geo_cov_nat,mts_aggregate_total,1999,1398.205
bol,sex_t,geo_cov_nat,mts_aggregate_total,2000,1520.455
bol,sex_t,geo_cov_nat,mts_aggregate_total,2001,1291.54
bol,sex_t,geo_cov_nat,mts_aggregate_total,2002,1450.381
bol,sex_t,geo_cov_nat,mts_aggregate_total,2004,1498.492
bol,sex_t,geo_cov_nat,mts_aggregate_total,2005,1781.36
bol,sex_t,geo_cov_nat,mts_aggregate_total,2006,1643.174
bol,sex_t,geo_cov_nat,mts_aggregate_total,2007,1861.431
bol,sex_t,geo_cov_nat,mts_aggregate_total,2008,1844.601
bol,sex_t,geo_cov_nat,mts_aggregate_total,2009,1882.857
bol,sex_t,geo_cov_nat,mts_aggregate_total,2011,1910.388
bol,sex_t,geo_cov_nat,mts_aggregate_total,2012,2191.333
bol,sex_t,geo_cov_nat,mts_aggregate_total,2013,2245.378
bol,sex_t,geo_cov_nat,mts_aggregate_total,2014,2080.427
bol,sex_t,geo_cov_nat,mts_aggregate_total,2015,2481.865
bol,sex_t,geo_cov_nat,mts_aggregate_total,2016,2436.116
bol,sex_t,geo_cov_nat,mts_aggregate_total,2017,2390.202
bol,sex_t,geo_cov_nat,mts_aggregate_total,2018,2184.574
bol,sex_t,geo_cov_nat,mts_aggregate_total,2019,2034
bol,sex_t,geo_cov_nat,mts_aggregate_total,2020,2568.741
bol,sex_t,geo_cov_nat,mts_aggregate_total,2021,1849.789
bol,sex_t,geo_cov_nat,mts_aggregate_x,2016,0.897
bol,sex_t,geo_cov_nat,mts_aggregate_x,2017,0.56
bol,sex_t,geo_cov_nat,mts_details_mrd,1999,113.337
bol,sex_t,geo_cov_nat,mts_details_mrd,2000,184.811
bol,sex_t,geo_cov_nat,mts_details_mrd,2001,424.697
bol,sex_t,geo_cov_nat,mts_details_mrd,2002,445.22
bol,sex_t,geo_cov_nat,mts_details_mrd,2004,412.539
bol,sex_t,geo_cov_nat,mts_details_mrd,2005,552.611
bol,sex_t,geo_cov_nat,mts_details_mrd,2006,516.259
bol,sex_t,geo_cov_nat,mts_details_mrd,2007,545.549
bol,sex_t,geo_cov_nat,mts_details_mrd,2008,527.575
bol,sex_t,geo_cov_nat,mts_details_mrd,2009,517.563
bol,sex_t,geo_cov_nat,mts_details_mrd,2011,527.373
bol,sex_t,geo_cov_nat,mts_details_mrd,2012,616.095
bol,sex_t,geo_cov_nat,mts_details_mrd,2013,660.253
bol,sex_t,geo_cov_nat,mts_details_mrd,2014,600.168
bol,sex_t,geo_cov_nat,mts_details_mrd,2015,739.221
bol,sex_t,geo_cov_nat,mts_details_mrd,2016,657.943
bol,sex_t,geo_cov_nat,mts_details_mrd,2017,616.184
bol,sex_t,geo_cov_nat,mts_details_mrd,2018,569.805
bol,sex_t,geo_cov_nat,mts_details_mrd,2019,548.882
bol,sex_t,geo_cov_nat,mts_details_mrd,2020,800.188
bol,sex_t,geo_cov_nat,mts_details_mrd,2021,493.267
bol,sex_t,geo_cov_nat,mts_details_sep,1999,23.539
bol,sex_t,geo_cov_nat,mts_details_sep,2000,25.994
bol,sex_t,geo_cov_nat,mts_details_sep,2001,18.249
bol,sex_t,geo_cov_nat,mts_details_sep,2002,34.467
bol,sex_t,geo_cov_nat,mts_details_sep,2004,38.82
bol,sex_t,geo_cov_nat,mts_details_sep,2005,27.908
bol,sex_t,geo_cov_nat,mts_details_sep,2006,36.993
bol,sex_t,geo_cov_nat,mts_details_sep,2007,38
bol,sex_t,geo_cov_nat,mts_details_sep,2008,38.12
bol,sex_t,geo_cov_nat,mts_details_sep,2009,40.932
bol,sex_t,geo_cov_nat,mts_details_sep,2011,43.533
bol,sex_t,geo_cov_nat,mts_details_sep,2012,53.623
bol,sex_t,geo_cov_nat,mts_details_sep,2013,58.113
bol,sex_t,geo_cov_nat,mts_details_sep,2014,50.02
bol,sex_t,geo_cov_nat,mts_details_sep,2015,61.347
bol,sex_t,geo_cov_nat,mts_details_sep,2016,61.015
bol,sex_t,geo_cov_nat,mts_details_sep,2017,66.354
bol,sex_t,geo_cov_nat,mts_details_sep,2018,67.921
bol,sex_t,geo_cov_nat,mts_details_sep,2019,63.093
bol,sex_t,geo_cov_nat,mts_details_sep,2020,103.338
bol,sex_t,geo_cov_nat,mts_details_sep,2021,51.028
bol,sex_t,geo_cov_nat,mts_details_sgle,1999,488.621
bol,sex_t,geo_cov_nat,mts_details_sgle,2000,458.896
bol,sex_t,geo_cov_nat,mts_details_sgle,2001,604.111
bol,sex_t,geo_cov_nat,mts_details_sgle,2002,707.784
bol,sex_t,geo_cov_nat,mts_details_sgle,2004,729.244
bol,sex_t,geo_cov_nat,mts_details_sgle,2005,868.245
bol,sex_t,geo_cov_nat,mts_details_sgle,2006,783.345
bol,sex_t,geo_cov_nat,mts_details_sgle,2007,916.934
bol,sex_t,geo_cov_nat,mts_details_sgle,2008,936.654
bol,sex_t,geo_cov_nat,mts_details_sgle,2009,952.088
bol,sex_t,geo_cov_nat,mts_details_sgle,2011,914.653
bol,sex_t,geo_cov_nat,mts_details_sgle,2012,1100.04
bol,sex_t,geo_cov_nat,mts_details_sgle,2013,1074.051
bol,sex_t,geo_cov_nat,mts_details_sgle,2014,972.904
bol,sex_t,geo_cov_nat,mts_details_sgle,2015,1134.577
bol,sex_t,geo_cov_nat,mts_details_sgle,2016,1198.664
bol,sex_t,geo_cov_nat,mts_details_sgle,2017,1177.996
bol,sex_t,geo_cov_nat,mts_details_sgle,2018,1046.801
bol,sex_t,geo_cov_nat,mts_details_sgle,2019,933.48
bol,sex_t,geo_cov_nat,mts_details_sgle,2020,1062.041
bol,sex_t,geo_cov_nat,mts_details_sgle,2021,856.282
bol,sex_t,geo_cov_nat,mts_details_total,1999,1398.205
bol,sex_t,geo_cov_nat,mts_details_total,2000,1520.455
bol,sex_t,geo_cov_nat,mts_details_total,2001,1291.54
bol,sex_t,geo_cov_nat,mts_details_total,2002,1450.381
bol,sex_t,geo_cov_nat,mts_details_total,2004,1498.492
bol,sex_t,geo_cov_nat,mts_details_total,2005,1781.36
bol,sex_t,geo_cov_nat,mts_details_total,2006,1643.174
bol,sex_t,geo_cov_nat,mts_details_total,2007,1861.431
bol,sex_t,geo_cov_nat,mts_details_total,2008,1844.601
bol,sex_t,geo_cov_nat,mts_details_total,2009,1882.857
bol,sex_t,geo_cov_nat,mts_details_total,2011,1910.388
bol,sex_t,geo_cov_nat,mts_details_total,2012,2191.333
bol,sex_t,geo_cov_nat,mts_details_total,2013,2245.378
bol,sex_t,geo_cov_nat,mts_details_total,2014,2080.427
bol,sex_t,geo_cov_nat,mts_details_total,2015,2481.865
bol,sex_t,geo_cov_nat,mts_details_total,2016,2436.116
bol,sex_t,geo_cov_nat,mts_details_total,2017,2390.202
bol,sex_t,geo_cov_nat,mts_details_total,2018,2184.574
bol,sex_t,geo_cov_nat,mts_details_total,2019,2034
bol,sex_t,geo_cov_nat,mts_details_total,2020,2568.741
bol,sex_t,geo_cov_nat,mts_details_total,2021,1849.789
bol,sex_t,geo_cov_nat,mts_details_union,1999,101.899
bol,sex_t,geo_cov_nat,mts_details_union,2000,111.249
bol,sex_t,geo_cov_nat,mts_details_union,2001,151.046
bol,sex_t,geo_cov_nat,mts_details_union,2002,156.838
bol,sex_t,geo_cov_nat,mts_details_union,2004,211.851
bol,sex_t,geo_cov_nat,mts_details_union,2005,211.548
bol,sex_t,geo_cov_nat,mts_details_union,2006,184.875
bol,sex_t,geo_cov_nat,mts_details_union,2007,234.822
bol,sex_t,geo_cov_nat,mts_details_union,2008,201.298
bol,sex_t,geo_cov_nat,mts_details_union,2009,231.13
bol,sex_t,geo_cov_nat,mts_details_union,2011,261.946
bol,sex_t,geo_cov_nat,mts_details_union,2012,252.658
bol,sex_t,geo_cov_nat,mts_details_union,2013,260.024
bol,sex_t,geo_cov_nat,mts_details_union,2014,294.248
bol,sex_t,geo_cov_nat,mts_details_union,2015,370.341
bol,sex_t,geo_cov_nat,mts_details_union,2016,338.944
bol,sex_t,geo_cov_nat,mts_details_union,2017,346.863
bol,sex_t,geo_cov_nat,mts_details_union,2018,320.954
bol,sex_t,geo_cov_nat,mts_details_union,2019,315.406
bol,sex_t,geo_cov_nat,mts_details_union,2020,334.966
bol,sex_t,geo_cov_nat,mts_details_union,2021,266.374
bol,sex_t,geo_cov_nat,mts_details_wid,1999,670.809
bol,sex_t,geo_cov_nat,mts_details_wid,2000,739.505
bol,sex_t,geo_cov_nat,mts_details_wid,2001,93.437
bol,sex_t,geo_cov_nat,mts_details_wid,2002,106.072
bol,sex_t,geo_cov_nat,mts_details_wid,2004,105.888
bol,sex_t,geo_cov_nat,mts_details_wid,2005,121.048
bol,sex_t,geo_cov_nat,mts_details_wid,2006,121.702
bol,sex_t,geo_cov_nat,mts_details_wid,2007,126.126
bol,sex_t,geo_cov_nat,mts_details_wid,2008,140.044
bol,sex_t,geo_cov_nat,mts_details_wid,2009,140.44
bol,sex_t,geo_cov_nat,mts_details_wid,2011,162.883
bol,sex_t,geo_cov_nat,mts_details_wid,2012,168.917
bol,sex_t,geo_cov_nat,mts_details_wid,2013,192.937
bol,sex_t,geo_cov_nat,mts_details_wid,2014,162.583
bol,sex_t,geo_cov_nat,mts_details_wid,2015,176.379
bol,sex_t,geo_cov_nat,mts_details_wid,2016,178.653
bol,sex_t,geo_cov_nat,mts_details_wid,2017,182.245
bol,sex_t,geo_cov_nat,mts_details_wid,2018,179.051
bol,sex_t,geo_cov_nat,mts_details_wid,2019,173.138
bol,sex_t,geo_cov_nat,mts_details_wid,2020,268.209
bol,sex_t,geo_cov_nat,mts_details_wid,2021,182.839
bol,sex_t,geo_cov_nat,mts_details_x,2016,0.897
bol,sex_t,geo_cov_nat,mts_details_x,2017,0.56
bol,sex_t,geo_cov_rur,mts_aggregate_1,1999,176.316
bol,sex_t,geo_cov_rur,mts_aggregate_1,2000,223.382
bol,sex_t,geo_cov_rur,mts_aggregate_1,2001,107.204
bol,sex_t,geo_cov_rur,mts_aggregate_1,2002,143.894
bol,sex_t,geo_cov_rur,mts_aggregate_1,2004,166.848
bol,sex_t,geo_cov_rur,mts_aggregate_1,2005,163.465
bol,sex_t,geo_cov_rur,mts_aggregate_1,2006,127.557
bol,sex_t,geo_cov_rur,mts_aggregate_1,2007,178.323
bol,sex_t,geo_cov_rur,mts_aggregate_1,2008,176.78
bol,sex_t,geo_cov_rur,mts_aggregate_1,2009,209.546
bol,sex_t,geo_cov_rur,mts_aggregate_1,2011,167.083
bol,sex_t,geo_cov_rur,mts_aggregate_1,2012,235.206
bol,sex_t,geo_cov_rur,mts_aggregate_1,2013,202.531
bol,sex_t,geo_cov_rur,mts_aggregate_1,2014,162.473
bol,sex_t,geo_cov_rur,mts_aggregate_1,2015,223.878
bol,sex_t,geo_cov_rur,mts_aggregate_1,2016,273.94
bol,sex_t,geo_cov_rur,mts_aggregate_1,2017,243.51
bol,sex_t,geo_cov_rur,mts_aggregate_1,2018,189.843
bol,sex_t,geo_cov_rur,mts_aggregate_1,2019,179.765
bol,sex_t,geo_cov_rur,mts_aggregate_1,2020,224.421
bol,sex_t,geo_cov_rur,mts_aggregate_1,2021,154.62
bol,sex_t,geo_cov_rur,mts_aggregate_2,1999,58.075
bol,sex_t,geo_cov_rur,mts_aggregate_2,2000,82.279
bol,sex_t,geo_cov_rur,mts_aggregate_2,2001,161.002
bol,sex_t,geo_cov_rur,mts_aggregate_2,2002,186.098
bol,sex_t,geo_cov_rur,mts_aggregate_2,2004,178.043
bol,sex_t,geo_cov_rur,mts_aggregate_2,2005,165.147
bol,sex_t,geo_cov_rur,mts_aggregate_2,2006,170.644
bol,sex_t,geo_cov_rur,mts_aggregate_2,2007,160.824
bol,sex_t,geo_cov_rur,mts_aggregate_2,2008,179.997
bol,sex_t,geo_cov_rur,mts_aggregate_2,2009,186.544
bol,sex_t,geo_cov_rur,mts_aggregate_2,2011,159.745
bol,sex_t,geo_cov_rur,mts_aggregate_2,2012,239.048
bol,sex_t,geo_cov_rur,mts_aggregate_2,2013,232.29
bol,sex_t,geo_cov_rur,mts_aggregate_2,2014,187.921
bol,sex_t,geo_cov_rur,mts_aggregate_2,2015,298.572
bol,sex_t,geo_cov_rur,mts_aggregate_2,2016,225.651
bol,sex_t,geo_cov_rur,mts_aggregate_2,2017,197.118
bol,sex_t,geo_cov_rur,mts_aggregate_2,2018,174.288
bol,sex_t,geo_cov_rur,mts_aggregate_2,2019,175.546
bol,sex_t,geo_cov_rur,mts_aggregate_2,2020,262.9
bol,sex_t,geo_cov_rur,mts_aggregate_2,2021,150.732
bol,sex_t,geo_cov_rur,mts_aggregate_total,1999,234.391
bol,sex_t,geo_cov_rur,mts_aggregate_total,2000,305.661
bol,sex_t,geo_cov_rur,mts_aggregate_total,2001,268.206
bol,sex_t,geo_cov_rur,mts_aggregate_total,2002,329.992
bol,sex_t,geo_cov_rur,mts_aggregate_total,2004,344.965
bol,sex_t,geo_cov_rur,mts_aggregate_total,2005,328.612
bol,sex_t,geo_cov_rur,mts_aggregate_total,2006,298.201
bol,sex_t,geo_cov_rur,mts_aggregate_total,2007,339.147
bol,sex_t,geo_cov_rur,mts_aggregate_total,2008,356.777
bol,sex_t,geo_cov_rur,mts_aggregate_total,2009,396.794
bol,sex_t,geo_cov_rur,mts_aggregate_total,2011,326.828
bol,sex_t,geo_cov_rur,mts_aggregate_total,2012,474.254
bol,sex_t,geo_cov_rur,mts_aggregate_total,2013,434.821
bol,sex_t,geo_cov_rur,mts_aggregate_total,2014,350.394
bol,sex_t,geo_cov_rur,mts_aggregate_total,2015,522.45
bol,sex_t,geo_cov_rur,mts_aggregate_total,2016,499.799
bol,sex_t,geo_cov_rur,mts_aggregate_total,2017,440.959
bol,sex_t,geo_cov_rur,mts_aggregate_total,2018,364.131
bol,sex_t,geo_cov_rur,mts_aggregate_total,2019,355.311
bol,sex_t,geo_cov_rur,mts_aggregate_total,2020,487.321
bol,sex_t,geo_cov_rur,mts_aggregate_total,2021,305.352
bol,sex_t,geo_cov_rur,mts_aggregate_x,2016,0.207
bol,sex_t,geo_cov_rur,mts_details_mrd,1999,42.243
bol,sex_t,geo_cov_rur,mts_details_mrd,2000,57.903
bol,sex_t,geo_cov_rur,mts_details_mrd,2001,110.891
bol,sex_t,geo_cov_rur,mts_details_mrd,2002,118.611
bol,sex_t,geo_cov_rur,mts_details_mrd,2004,110.231
bol,sex_t,geo_cov_rur,mts_details_mrd,2005,109.808
bol,sex_t,geo_cov_rur,mts_details_mrd,2006,105.888
bol,sex_t,geo_cov_rur,mts_details_mrd,2007,90.442
bol,sex_t,geo_cov_rur,mts_details_mrd,2008,118.027
bol,sex_t,geo_cov_rur,mts_details_mrd,2009,125.95
bol,sex_t,geo_cov_rur,mts_details_mrd,2011,90.447
bol,sex_t,geo_cov_rur,mts_details_mrd,2012,159.775
bol,sex_t,geo_cov_rur,mts_details_mrd,2013,152.282
bol,sex_t,geo_cov_rur,mts_details_mrd,2014,116.648
bol,sex_t,geo_cov_rur,mts_details_mrd,2015,183.737
bol,sex_t,geo_cov_rur,mts_details_mrd,2016,132.913
bol,sex_t,geo_cov_rur,mts_details_mrd,2017,105.654
bol,sex_t,geo_cov_rur,mts_details_mrd,2018,95.046
bol,sex_t,geo_cov_rur,mts_details_mrd,2019,95.719
bol,sex_t,geo_cov_rur,mts_details_mrd,2020,177.552
bol,sex_t,geo_cov_rur,mts_details_mrd,2021,79.192
bol,sex_t,geo_cov_rur,mts_details_sep,1999,1.795
bol,sex_t,geo_cov_rur,mts_details_sep,2000,3.357
bol,sex_t,geo_cov_rur,mts_details_sep,2001,2.294
bol,sex_t,geo_cov_rur,mts_details_sep,2002,3.101
bol,sex_t,geo_cov_rur,mts_details_sep,2004,6.931
bol,sex_t,geo_cov_rur,mts_details_sep,2005,5.51
bol,sex_t,geo_cov_rur,mts_details_sep,2008,8.141
bol,sex_t,geo_cov_rur,mts_details_sep,2009,1.993
bol,sex_t,geo_cov_rur,mts_details_sep,2011,5.479
bol,sex_t,geo_cov_rur,mts_details_sep,2012,6.712
bol,sex_t,geo_cov_rur,mts_details_sep,2013,2.512
bol,sex_t,geo_cov_rur,mts_details_sep,2014,4.87
bol,sex_t,geo_cov_rur,mts_details_sep,2015,8.1
bol,sex_t,geo_cov_rur,mts_details_sep,2016,7.727
bol,sex_t,geo_cov_rur,mts_details_sep,2017,7.102
bol,sex_t,geo_cov_rur,mts_details_sep,2018,5.908
bol,sex_t,geo_cov_rur,mts_details_sep,2019,7.348
bol,sex_t,geo_cov_rur,mts_details_sep,2020,11.083
bol,sex_t,geo_cov_rur,mts_details_sep,2021,6.198
bol,sex_t,geo_cov_rur,mts_details_sgle,1999,112.031
bol,sex_t,geo_cov_rur,mts_details_sgle,2000,117.705
bol,sex_t,geo_cov_rur,mts_details_sgle,2001,78.869
bol,sex_t,geo_cov_rur,mts_details_sgle,2002,107.738
bol,sex_t,geo_cov_rur,mts_details_sgle,2004,125.214
bol,sex_t,geo_cov_rur,mts_details_sgle,2005,125.453
bol,sex_t,geo_cov_rur,mts_details_sgle,2006,92.483
bol,sex_t,geo_cov_rur,mts_details_sgle,2007,135.638
bol,sex_t,geo_cov_rur,mts_details_sgle,2008,127.273
bol,sex_t,geo_cov_rur,mts_details_sgle,2009,168.614
bol,sex_t,geo_cov_rur,mts_details_sgle,2011,122.999
bol,sex_t,geo_cov_rur,mts_details_sgle,2012,174.781
bol,sex_t,geo_cov_rur,mts_details_sgle,2013,153.024
bol,sex_t,geo_cov_rur,mts_details_sgle,2014,103.29
bol,sex_t,geo_cov_rur,mts_details_sgle,2015,168.966
bol,sex_t,geo_cov_rur,mts_details_sgle,2016,219.987
bol,sex_t,geo_cov_rur,mts_details_sgle,2017,185.616
bol,sex_t,geo_cov_rur,mts_details_sgle,2018,134.527
bol,sex_t,geo_cov_rur,mts_details_sgle,2019,117.063
bol,sex_t,geo_cov_rur,mts_details_sgle,2020,137.011
bol,sex_t,geo_cov_rur,mts_details_sgle,2021,95.414
bol,sex_t,geo_cov_rur,mts_details_total,1999,234.391
bol,sex_t,geo_cov_rur,mts_details_total,2000,305.661
bol,sex_t,geo_cov_rur,mts_details_total,2001,268.206
bol,sex_t,geo_cov_rur,mts_details_total,2002,329.992
bol,sex_t,geo_cov_rur,mts_details_total,2004,344.965
bol,sex_t,geo_cov_rur,mts_details_total,2005,328.612
bol,sex_t,geo_cov_rur,mts_details_total,2006,298.201
bol,sex_t,geo_cov_rur,mts_details_total,2007,339.147
bol,sex_t,geo_cov_rur,mts_details_total,2008,356.777
bol,sex_t,geo_cov_rur,mts_details_total,2009,396.794
bol,sex_t,geo_cov_rur,mts_details_total,2011,326.828
bol,sex_t,geo_cov_rur,mts_details_total,2012,474.254
bol,sex_t,geo_cov_rur,mts_details_total,2013,434.821
bol,sex_t,geo_cov_rur,mts_details_total,2014,350.394
bol,sex_t,geo_cov_rur,mts_details_total,2015,522.45
bol,sex_t,geo_cov_rur,mts_details_total,2016,499.799
bol,sex_t,geo_cov_rur,mts_details_total,2017,440.959
bol,sex_t,geo_cov_rur,mts_details_total,2018,364.131
bol,sex_t,geo_cov_rur,mts_details_total,2019,355.311
bol,sex_t,geo_cov_rur,mts_details_total,2020,487.321
bol,sex_t,geo_cov_rur,mts_details_total,2021,305.352
bol,sex_t,geo_cov_rur,mts_details_union,1999,15.832
bol,sex_t,geo_cov_rur,mts_details_union,2000,24.376
bol,sex_t,geo_cov_rur,mts_details_union,2001,50.111
bol,sex_t,geo_cov_rur,mts_details_union,2002,67.487
bol,sex_t,geo_cov_rur,mts_details_union,2004,67.812
bol,sex_t,geo_cov_rur,mts_details_union,2005,55.339
bol,sex_t,geo_cov_rur,mts_details_union,2006,64.756
bol,sex_t,geo_cov_rur,mts_details_union,2007,70.382
bol,sex_t,geo_cov_rur,mts_details_union,2008,61.97
bol,sex_t,geo_cov_rur,mts_details_union,2009,60.594
bol,sex_t,geo_cov_rur,mts_details_union,2011,69.298
bol,sex_t,geo_cov_rur,mts_details_union,2012,79.273
bol,sex_t,geo_cov_rur,mts_details_union,2013,80.008
bol,sex_t,geo_cov_rur,mts_details_union,2014,71.273
bol,sex_t,geo_cov_rur,mts_details_union,2015,114.835
bol,sex_t,geo_cov_rur,mts_details_union,2016,92.739
bol,sex_t,geo_cov_rur,mts_details_union,2017,91.464
bol,sex_t,geo_cov_rur,mts_details_union,2018,79.242
bol,sex_t,geo_cov_rur,mts_details_union,2019,79.827
bol,sex_t,geo_cov_rur,mts_details_union,2020,85.348
bol,sex_t,geo_cov_rur,mts_details_union,2021,71.539
bol,sex_t,geo_cov_rur,mts_details_wid,1999,62.49
bol,sex_t,geo_cov_rur,mts_details_wid,2000,102.32
bol,sex_t,geo_cov_rur,mts_details_wid,2001,26.041
bol,sex_t,geo_cov_rur,mts_details_wid,2002,33.055
bol,sex_t,geo_cov_rur,mts_details_wid,2004,34.703
bol,sex_t,geo_cov_rur,mts_details_wid,2005,32.502
bol,sex_t,geo_cov_rur,mts_details_wid,2006,31.342
bol,sex_t,geo_cov_rur,mts_details_wid,2007,40.564
bol,sex_t,geo_cov_rur,mts_details_wid,2008,41.366
bol,sex_t,geo_cov_rur,mts_details_wid,2009,38.939
bol,sex_t,geo_cov_rur,mts_details_wid,2011,38.605
bol,sex_t,geo_cov_rur,mts_details_wid,2012,53.713
bol,sex_t,geo_cov_rur,mts_details_wid,2013,46.995
bol,sex_t,geo_cov_rur,mts_details_wid,2014,54.313
bol,sex_t,geo_cov_rur,mts_details_wid,2015,46.812
bol,sex_t,geo_cov_rur,mts_details_wid,2016,46.226
bol,sex_t,geo_cov_rur,mts_details_wid,2017,50.792
bol,sex_t,geo_cov_rur,mts_details_wid,2018,49.408
bol,sex_t,geo_cov_rur,mts_details_wid,2019,55.355
bol,sex_t,geo_cov_rur,mts_details_wid,2020,76.328
bol,sex_t,geo_cov_rur,mts_details_wid,2021,53.008
bol,sex_t,geo_cov_rur,mts_details_x,2016,0.207
bol,sex_t,geo_cov_urb,mts_aggregate_1,1999,1006.653
bol,sex_t,geo_cov_urb,mts_aggregate_1,2000,1001.013
bol,sex_t,geo_cov_urb,mts_aggregate_1,2001,608.593
bol,sex_t,geo_cov_urb,mts_aggregate_1,2002,704.429
bol,sex_t,geo_cov_urb,mts_aggregate_1,2004,707.104
bol,sex_t,geo_cov_urb,mts_aggregate_1,2005,853.736
bol,sex_t,geo_cov_urb,mts_aggregate_1,2006,814.483
bol,sex_t,geo_cov_urb,mts_aggregate_1,2007,902.737
bol,sex_t,geo_cov_urb,mts_aggregate_1,2008,938.038
bol,sex_t,geo_cov_urb,mts_aggregate_1,2009,923.914
bol,sex_t,geo_cov_urb,mts_aggregate_1,2011,953.986
bol,sex_t,geo_cov_urb,mts_aggregate_1,2012,1087.374
bol,sex_t,geo_cov_urb,mts_aggregate_1,2013,1122.57
bol,sex_t,geo_cov_urb,mts_aggregate_1,2014,1023.034
bol,sex_t,geo_cov_urb,mts_aggregate_1,2015,1148.425
bol,sex_t,geo_cov_urb,mts_aggregate_1,2016,1164.392
bol,sex_t,geo_cov_urb,mts_aggregate_1,2017,1183.085
bol,sex_t,geo_cov_urb,mts_aggregate_1,2018,1103.93
bol,sex_t,geo_cov_urb,mts_aggregate_1,2019,989.947
bol,sex_t,geo_cov_urb,mts_aggregate_1,2020,1209.166
bol,sex_t,geo_cov_urb,mts_aggregate_1,2021,935.528
bol,sex_t,geo_cov_urb,mts_aggregate_2,1999,157.161
bol,sex_t,geo_cov_urb,mts_aggregate_2,2000,213.781
bol,sex_t,geo_cov_urb,mts_aggregate_2,2001,414.741
bol,sex_t,geo_cov_urb,mts_aggregate_2,2002,415.96
bol,sex_t,geo_cov_urb,mts_aggregate_2,2004,446.347
bol,sex_t,geo_cov_urb,mts_aggregate_2,2005,599.012
bol,sex_t,geo_cov_urb,mts_aggregate_2,2006,530.49
bol,sex_t,geo_cov_urb,mts_aggregate_2,2007,619.547
bol,sex_t,geo_cov_urb,mts_aggregate_2,2008,548.876
bol,sex_t,geo_cov_urb,mts_aggregate_2,2009,562.149
bol,sex_t,geo_cov_urb,mts_aggregate_2,2011,629.574
bol,sex_t,geo_cov_urb,mts_aggregate_2,2012,629.705
bol,sex_t,geo_cov_urb,mts_aggregate_2,2013,687.987
bol,sex_t,geo_cov_urb,mts_aggregate_2,2014,706.495
bol,sex_t,geo_cov_urb,mts_aggregate_2,2015,810.99
bol,sex_t,geo_cov_urb,mts_aggregate_2,2016,771.236
bol,sex_t,geo_cov_urb,mts_aggregate_2,2017,765.929
bol,sex_t,geo_cov_urb,mts_aggregate_2,2018,716.471
bol,sex_t,geo_cov_urb,mts_aggregate_2,2019,688.743
bol,sex_t,geo_cov_urb,mts_aggregate_2,2020,872.254
bol,sex_t,geo_cov_urb,mts_aggregate_2,2021,608.909
bol,sex_t,geo_cov_urb,mts_aggregate_total,1999,1163.814
bol,sex_t,geo_cov_urb,mts_aggregate_total,2000,1214.794
bol,sex_t,geo_cov_urb,mts_aggregate_total,2001,1023.334
bol,sex_t,geo_cov_urb,mts_aggregate_total,2002,1120.389
bol,sex_t,geo_cov_urb,mts_aggregate_total,2004,1153.527
bol,sex_t,geo_cov_urb,mts_aggregate_total,2005,1452.748
bol,sex_t,geo_cov_urb,mts_aggregate_total,2006,1344.973
bol,sex_t,geo_cov_urb,mts_aggregate_total,2007,1522.284
bol,sex_t,geo_cov_urb,mts_aggregate_total,2008,1487.824
bol,sex_t,geo_cov_urb,mts_aggregate_total,2009,1486.063
bol,sex_t,geo_cov_urb,mts_aggregate_total,2011,1583.56
bol,sex_t,geo_cov_urb,mts_aggregate_total,2012,1717.079
bol,sex_t,geo_cov_urb,mts_aggregate_total,2013,1810.557
bol,sex_t,geo_cov_urb,mts_aggregate_total,2014,1730.033
bol,sex_t,geo_cov_urb,mts_aggregate_total,2015,1959.415
bol,sex_t,geo_cov_urb,mts_aggregate_total,2016,1936.317
bol,sex_t,geo_cov_urb,mts_aggregate_total,2017,1949.243
bol,sex_t,geo_cov_urb,mts_aggregate_total,2018,1820.443
bol,sex_t,geo_cov_urb,mts_aggregate_total,2019,1678.689
bol,sex_t,geo_cov_urb,mts_aggregate_total,2020,2081.42
bol,sex_t,geo_cov_urb,mts_aggregate_total,2021,1544.438
bol,sex_t,geo_cov_urb,mts_aggregate_x,2016,0.689
bol,sex_t,geo_cov_urb,mts_aggregate_x,2017,0.229
bol,sex_t,geo_cov_urb,mts_details_mrd,1999,71.094
bol,sex_t,geo_cov_urb,mts_details_mrd,2000,126.908
bol,sex_t,geo_cov_urb,mts_details_mrd,2001,313.806
bol,sex_t,geo_cov_urb,mts_details_mrd,2002,326.609
bol,sex_t,geo_cov_urb,mts_details_mrd,2004,302.308
bol,sex_t,geo_cov_urb,mts_details_mrd,2005,442.803
bol,sex_t,geo_cov_urb,mts_details_mrd,2006,410.371
bol,sex_t,geo_cov_urb,mts_details_mrd,2007,455.107
bol,sex_t,geo_cov_urb,mts_details_mrd,2008,409.548
bol,sex_t,geo_cov_urb,mts_details_mrd,2009,391.613
bol,sex_t,geo_cov_urb,mts_details_mrd,2011,436.926
bol,sex_t,geo_cov_urb,mts_details_mrd,2012,456.32
bol,sex_t,geo_cov_urb,mts_details_mrd,2013,507.971
bol,sex_t,geo_cov_urb,mts_details_mrd,2014,483.52
bol,sex_t,geo_cov_urb,mts_details_mrd,2015,555.484
bol,sex_t,geo_cov_urb,mts_details_mrd,2016,525.031
bol,sex_t,geo_cov_urb,mts_details_mrd,2017,510.53
bol,sex_t,geo_cov_urb,mts_details_mrd,2018,474.76
bol,sex_t,geo_cov_urb,mts_details_mrd,2019,453.163
bol,sex_t,geo_cov_urb,mts_details_mrd,2020,622.636
bol,sex_t,geo_cov_urb,mts_details_mrd,2021,414.075
bol,sex_t,geo_cov_urb,mts_details_sep,1999,21.744
bol,sex_t,geo_cov_urb,mts_details_sep,2000,22.637
bol,sex_t,geo_cov_urb,mts_details_sep,2001,15.955
bol,sex_t,geo_cov_urb,mts_details_sep,2002,31.366
bol,sex_t,geo_cov_urb,mts_details_sep,2004,31.889
bol,sex_t,geo_cov_urb,mts_details_sep,2005,22.398
bol,sex_t,geo_cov_urb,mts_details_sep,2006,33.261
bol,sex_t,geo_cov_urb,mts_details_sep,2007,35.879
bol,sex_t,geo_cov_urb,mts_details_sep,2008,29.979
bol,sex_t,geo_cov_urb,mts_details_sep,2009,38.939
bol,sex_t,geo_cov_urb,mts_details_sep,2011,38.054
bol,sex_t,geo_cov_urb,mts_details_sep,2012,46.911
bol,sex_t,geo_cov_urb,mts_details_sep,2013,55.601
bol,sex_t,geo_cov_urb,mts_details_sep,2014,45.15
bol,sex_t,geo_cov_urb,mts_details_sep,2015,53.247
bol,sex_t,geo_cov_urb,mts_details_sep,2016,53.287
bol,sex_t,geo_cov_urb,mts_details_sep,2017,59.253
bol,sex_t,geo_cov_urb,mts_details_sep,2018,62.013
bol,sex_t,geo_cov_urb,mts_details_sep,2019,55.745
bol,sex_t,geo_cov_urb,mts_details_sep,2020,92.255
bol,sex_t,geo_cov_urb,mts_details_sep,2021,44.83
bol,sex_t,geo_cov_urb,mts_details_sgle,1999,376.59
bol,sex_t,geo_cov_urb,mts_details_sgle,2000,341.191
bol,sex_t,geo_cov_urb,mts_details_sgle,2001,525.242
bol,sex_t,geo_cov_urb,mts_details_sgle,2002,600.046
bol,sex_t,geo_cov_urb,mts_details_sgle,2004,604.03
bol,sex_t,geo_cov_urb,mts_details_sgle,2005,742.792
bol,sex_t,geo_cov_urb,mts_details_sgle,2006,690.862
bol,sex_t,geo_cov_urb,mts_details_sgle,2007,781.296
bol,sex_t,geo_cov_urb,mts_details_sgle,2008,809.381
bol,sex_t,geo_cov_urb,mts_details_sgle,2009,783.474
bol,sex_t,geo_cov_urb,mts_details_sgle,2011,791.654
bol,sex_t,geo_cov_urb,mts_details_sgle,2012,925.259
bol,sex_t,geo_cov_urb,mts_details_sgle,2013,921.027
bol,sex_t,geo_cov_urb,mts_details_sgle,2014,869.614
bol,sex_t,geo_cov_urb,mts_details_sgle,2015,965.611
bol,sex_t,geo_cov_urb,mts_details_sgle,2016,978.677
bol,sex_t,geo_cov_urb,mts_details_sgle,2017,992.38
bol,sex_t,geo_cov_urb,mts_details_sgle,2018,912.274
bol,sex_t,geo_cov_urb,mts_details_sgle,2019,816.418
bol,sex_t,geo_cov_urb,mts_details_sgle,2020,925.03
bol,sex_t,geo_cov_urb,mts_details_sgle,2021,760.868
bol,sex_t,geo_cov_urb,mts_details_total,1999,1163.814
bol,sex_t,geo_cov_urb,mts_details_total,2000,1214.794
bol,sex_t,geo_cov_urb,mts_details_total,2001,1023.334
bol,sex_t,geo_cov_urb,mts_details_total,2002,1120.389
bol,sex_t,geo_cov_urb,mts_details_total,2004,1153.527
bol,sex_t,geo_cov_urb,mts_details_total,2005,1452.748
bol,sex_t,geo_cov_urb,mts_details_total,2006,1344.973
bol,sex_t,geo_cov_urb,mts_details_total,2007,1522.284
bol,sex_t,geo_cov_urb,mts_details_total,2008,1487.824
bol,sex_t,geo_cov_urb,mts_details_total,2009,1486.063
bol,sex_t,geo_cov_urb,mts_details_total,2011,1583.56
bol,sex_t,geo_cov_urb,mts_details_total,2012,1717.079
bol,sex_t,geo_cov_urb,mts_details_total,2013,1810.557
bol,sex_t,geo_cov_urb,mts_details_total,2014,1730.033
bol,sex_t,geo_cov_urb,mts_details_total,2015,1959.415
bol,sex_t,geo_cov_urb,mts_details_total,2016,1936.317
bol,sex_t,geo_cov_urb,mts_details_total,2017,1949.243
bol,sex_t,geo_cov_urb,mts_details_total,2018,1820.443
bol,sex_t,geo_cov_urb,mts_details_total,2019,1678.689
bol,sex_t,geo_cov_urb,mts_details_total,2020,2081.42
bol,sex_t,geo_cov_urb,mts_details_total,2021,1544.438
bol,sex_t,geo_cov_urb,mts_details_union,1999,86.067
bol,sex_t,geo_cov_urb,mts_details_union,2000,86.873
bol,sex_t,geo_cov_urb,mts_details_union,2001,100.935
bol,sex_t,geo_cov_urb,mts_details_union,2002,89.351
bol,sex_t,geo_cov_urb,mts_details_union,2004,144.039
bol,sex_t,geo_cov_urb,mts_details_union,2005,156.209
bol,sex_t,geo_cov_urb,mts_details_union,2006,120.119
bol,sex_t,geo_cov_urb,mts_details_union,2007,164.44
bol,sex_t,geo_cov_urb,mts_details_union,2008,139.328
bol,sex_t,geo_cov_urb,mts_details_union,2009,170.536
bol,sex_t,geo_cov_urb,mts_details_union,2011,192.648
bol,sex_t,geo_cov_urb,mts_details_union,2012,173.385
bol,sex_t,geo_cov_urb,mts_details_union,2013,180.016
bol,sex_t,geo_cov_urb,mts_details_union,2014,222.975
bol,sex_t,geo_cov_urb,mts_details_union,2015,255.506
bol,sex_t,geo_cov_urb,mts_details_union,2016,246.206
bol,sex_t,geo_cov_urb,mts_details_union,2017,255.399
bol,sex_t,geo_cov_urb,mts_details_union,2018,241.711
bol,sex_t,geo_cov_urb,mts_details_union,2019,235.58
bol,sex_t,geo_cov_urb,mts_details_union,2020,249.618
bol,sex_t,geo_cov_urb,mts_details_union,2021,194.834
bol,sex_t,geo_cov_urb,mts_details_wid,1999,608.319
bol,sex_t,geo_cov_urb,mts_details_wid,2000,637.185
bol,sex_t,geo_cov_urb,mts_details_wid,2001,67.396
bol,sex_t,geo_cov_urb,mts_details_wid,2002,73.017
bol,sex_t,geo_cov_urb,mts_details_wid,2004,71.185
bol,sex_t,geo_cov_urb,mts_details_wid,2005,88.546
bol,sex_t,geo_cov_urb,mts_details_wid,2006,90.36
bol,sex_t,geo_cov_urb,mts_details_wid,2007,85.562
bol,sex_t,geo_cov_urb,mts_details_wid,2008,98.678
bol,sex_t,geo_cov_urb,mts_details_wid,2009,101.501
bol,sex_t,geo_cov_urb,mts_details_wid,2011,124.278
bol,sex_t,geo_cov_urb,mts_details_wid,2012,115.204
bol,sex_t,geo_cov_urb,mts_details_wid,2013,145.942
bol,sex_t,geo_cov_urb,mts_details_wid,2014,108.27
bol,sex_t,geo_cov_urb,mts_details_wid,2015,129.567
bol,sex_t,geo_cov_urb,mts_details_wid,2016,132.428
bol,sex_t,geo_cov_urb,mts_details_wid,2017,131.453
bol,sex_t,geo_cov_urb,mts_details_wid,2018,129.643
bol,sex_t,geo_cov_urb,mts_details_wid,2019,117.784
bol,sex_t,geo_cov_urb,mts_details_wid,2020,191.882
bol,sex_t,geo_cov_urb,mts_details_wid,2021,129.831
bol,sex_t,geo_cov_urb,mts_details_x,2016,0.689
bol,sex_t,geo_cov_urb,mts_details_x,2017,0.229
brn,sex_f,geo_cov_nat,mts_aggregate_1,2014,30.997
brn,sex_f,geo_cov_nat,mts_aggregate_1,2017,34.43
brn,sex_f,geo_cov_nat,mts_aggregate_1,2018,34.655
brn,sex_f,geo_cov_nat,mts_aggregate_1,2019,37.675
brn,sex_f,geo_cov_nat,mts_aggregate_1,2020,35.827
brn,sex_f,geo_cov_nat,mts_aggregate_2,2014,31.311
brn,sex_f,geo_cov_nat,mts_aggregate_2,2017,36.646
brn,sex_f,geo_cov_nat,mts_aggregate_2,2018,34.023
brn,sex_f,geo_cov_nat,mts_aggregate_2,2019,39.29
brn,sex_f,geo_cov_nat,mts_aggregate_2,2020,39.069
brn,sex_f,geo_cov_nat,mts_aggregate_total,2014,62.308
brn,sex_f,geo_cov_nat,mts_aggregate_total,2017,71.076
brn,sex_f,geo_cov_nat,mts_aggregate_total,2018,68.678
brn,sex_f,geo_cov_nat,mts_aggregate_total,2019,76.965
brn,sex_f,geo_cov_nat,mts_aggregate_total,2020,74.896
brn,sex_f,geo_cov_nat,mts_details_mrd,2014,31.311
brn,sex_f,geo_cov_nat,mts_details_mrd,2017,36.646
brn,sex_f,geo_cov_nat,mts_details_mrd,2018,34.023
brn,sex_f,geo_cov_nat,mts_details_mrd,2019,39.29
brn,sex_f,geo_cov_nat,mts_details_mrd,2020,39.069
brn,sex_f,geo_cov_nat,mts_details_sep,2014,0.738
brn,sex_f,geo_cov_nat,mts_details_sep,2017,1.324
brn,sex_f,geo_cov_nat,mts_details_sep,2018,1.233
brn,sex_f,geo_cov_nat,mts_details_sep,2019,1.454
brn,sex_f,geo_cov_nat,mts_details_sep,2020,1.084
brn,sex_f,geo_cov_nat,mts_details_sgle,2014,24.283
brn,sex_f,geo_cov_nat,mts_details_sgle,2017,27.052
brn,sex_f,geo_cov_nat,mts_details_sgle,2018,25.629
brn,sex_f,geo_cov_nat,mts_details_sgle,2019,28.522
brn,sex_f,geo_cov_nat,mts_details_sgle,2020,27.094
brn,sex_f,geo_cov_nat,mts_details_total,2014,62.308
brn,sex_f,geo_cov_nat,mts_details_total,2017,71.076
brn,sex_f,geo_cov_nat,mts_details_total,2018,68.678
brn,sex_f,geo_cov_nat,mts_details_total,2019,76.965
brn,sex_f,geo_cov_nat,mts_details_total,2020,74.896
brn,sex_f,geo_cov_nat,mts_details_wid,2014,5.976
brn,sex_f,geo_cov_nat,mts_details_wid,2017,6.053
brn,sex_f,geo_cov_nat,mts_details_wid,2018,7.793
brn,sex_f,geo_cov_nat,mts_details_wid,2019,7.699
brn,sex_f,geo_cov_nat,mts_details_wid,2020,7.649
brn,sex_f,geo_cov_rur,mts_aggregate_1,2014,8.484
brn,sex_f,geo_cov_rur,mts_aggregate_1,2017,9.663
brn,sex_f,geo_cov_rur,mts_aggregate_1,2018,7.574
brn,sex_f,geo_cov_rur,mts_aggregate_1,2019,11.247
brn,sex_f,geo_cov_rur,mts_aggregate_1,2020,10.039
brn,sex_f,geo_cov_rur,mts_aggregate_2,2014,8.088
brn,sex_f,geo_cov_rur,mts_aggregate_2,2017,9.488
brn,sex_f,geo_cov_rur,mts_aggregate_2,2018,8.087
brn,sex_f,geo_cov_rur,mts_aggregate_2,2019,10.536
brn,sex_f,geo_cov_rur,mts_aggregate_2,2020,9.306
brn,sex_f,geo_cov_rur,mts_aggregate_total,2014,16.572
brn,sex_f,geo_cov_rur,mts_aggregate_total,2017,19.151
brn,sex_f,geo_cov_rur,mts_aggregate_total,2018,15.661
brn,sex_f,geo_cov_rur,mts_aggregate_total,2019,21.783
brn,sex_f,geo_cov_rur,mts_aggregate_total,2020,19.345
brn,sex_f,geo_cov_rur,mts_details_mrd,2014,8.088
brn,sex_f,geo_cov_rur,mts_details_mrd,2017,9.488
brn,sex_f,geo_cov_rur,mts_details_mrd,2018,8.087
brn,sex_f,geo_cov_rur,mts_details_mrd,2019,10.536
brn,sex_f,geo_cov_rur,mts_details_mrd,2020,9.306
brn,sex_f,geo_cov_rur,mts_details_sep,2014,0.214
brn,sex_f,geo_cov_rur,mts_details_sep,2017,0.35
brn,sex_f,geo_cov_rur,mts_details_sep,2018,0.195
brn,sex_f,geo_cov_rur,mts_details_sep,2019,0.285
brn,sex_f,geo_cov_rur,mts_details_sep,2020,0.368
brn,sex_f,geo_cov_rur,mts_details_sgle,2014,6.576
brn,sex_f,geo_cov_rur,mts_details_sgle,2017,7.439
brn,sex_f,geo_cov_rur,mts_details_sgle,2018,5.63
brn,sex_f,geo_cov_rur,mts_details_sgle,2019,8.458
brn,sex_f,geo_cov_rur,mts_details_sgle,2020,7.245
brn,sex_f,geo_cov_rur,mts_details_total,2014,16.572
brn,sex_f,geo_cov_rur,mts_details_total,2017,19.151
brn,sex_f,geo_cov_rur,mts_details_total,2018,15.661
brn,sex_f,geo_cov_rur,mts_details_total,2019,21.783
brn,sex_f,geo_cov_rur,mts_details_total,2020,19.345
brn,sex_f,geo_cov_rur,mts_details_wid,2014,1.695
brn,sex_f,geo_cov_rur,mts_details_wid,2017,1.874
brn,sex_f,geo_cov_rur,mts_details_wid,2018,1.75
brn,sex_f,geo_cov_rur,mts_details_wid,2019,2.505
brn,sex_f,geo_cov_rur,mts_details_wid,2020,2.427
brn,sex_f,geo_cov_urb,mts_aggregate_1,2014,22.512
brn,sex_f,geo_cov_urb,mts_aggregate_1,2017,24.767
brn,sex_f,geo_cov_urb,mts_aggregate_1,2018,27.081
brn,sex_f,geo_cov_urb,mts_aggregate_1,2019,26.428
brn,sex_f,geo_cov_urb,mts_aggregate_1,2020,25.787
brn,sex_f,geo_cov_urb,mts_aggregate_2,2014,23.223
brn,sex_f,geo_cov_urb,mts_aggregate_2,2017,27.158
brn,sex_f,geo_cov_urb,mts_aggregate_2,2018,25.936
brn,sex_f,geo_cov_urb,mts_aggregate_2,2019,28.754
brn,sex_f,geo_cov_urb,mts_aggregate_2,2020,29.763
brn,sex_f,geo_cov_urb,mts_aggregate_total,2014,45.735
brn,sex_f,geo_cov_urb,mts_aggregate_total,2017,51.925
brn,sex_f,geo_cov_urb,mts_aggregate_total,2018,53.017
brn,sex_f,geo_cov_urb,mts_aggregate_total,2019,55.182
brn,sex_f,geo_cov_urb,mts_aggregate_total,2020,55.551
brn,sex_f,geo_cov_urb,mts_details_mrd,2014,23.223
brn,sex_f,geo_cov_urb,mts_details_mrd,2017,27.158
brn,sex_f,geo_cov_urb,mts_details_mrd,2018,25.936
brn,sex_f,geo_cov_urb,mts_details_mrd,2019,28.754
brn,sex_f,geo_cov_urb,mts_details_mrd,2020,29.763
brn,sex_f,geo_cov_urb,mts_details_sep,2014,0.524
brn,sex_f,geo_cov_urb,mts_details_sep,2017,0.974
brn,sex_f,geo_cov_urb,mts_details_sep,2018,1.038
brn,sex_f,geo_cov_urb,mts_details_sep,2019,1.17
brn,sex_f,geo_cov_urb,mts_details_sep,2020,0.716
brn,sex_f,geo_cov_urb,mts_details_sgle,2014,17.707
brn,sex_f,geo_cov_urb,mts_details_sgle,2017,19.614
brn,sex_f,geo_cov_urb,mts_details_sgle,2018,19.999
brn,sex_f,geo_cov_urb,mts_details_sgle,2019,20.064
brn,sex_f,geo_cov_urb,mts_details_sgle,2020,19.849
brn,sex_f,geo_cov_urb,mts_details_total,2014,45.735
brn,sex_f,geo_cov_urb,mts_details_total,2017,51.925
brn,sex_f,geo_cov_urb,mts_details_total,2018,53.017
brn,sex_f,geo_cov_urb,mts_details_total,2019,55.182
brn,sex_f,geo_cov_urb,mts_details_total,2020,55.551
brn,sex_f,geo_cov_urb,mts_details_wid,2014,4.282
brn,sex_f,geo_cov_urb,mts_details_wid,2017,4.18
brn,sex_f,geo_cov_urb,mts_details_wid,2018,6.044
brn,sex_f,geo_cov_urb,mts_details_wid,2019,5.194
brn,sex_f,geo_cov_urb,mts_details_wid,2020,5.222
brn,sex_m,geo_cov_nat,mts_aggregate_1,2014,28.034
brn,sex_m,geo_cov_nat,mts_aggregate_1,2017,27.931
brn,sex_m,geo_cov_nat,mts_aggregate_1,2018,28.805
brn,sex_m,geo_cov_nat,mts_aggregate_1,2019,30.248
brn,sex_m,geo_cov_nat,mts_aggregate_1,2020,27.891
brn,sex_m,geo_cov_nat,mts_aggregate_2,2014,15.276
brn,sex_m,geo_cov_nat,mts_aggregate_2,2017,23.449
brn,sex_m,geo_cov_nat,mts_aggregate_2,2018,19.447
brn,sex_m,geo_cov_nat,mts_aggregate_2,2019,24.422
brn,sex_m,geo_cov_nat,mts_aggregate_2,2020,22.151
brn,sex_m,geo_cov_nat,mts_aggregate_total,2014,43.309
brn,sex_m,geo_cov_nat,mts_aggregate_total,2017,51.38
brn,sex_m,geo_cov_nat,mts_aggregate_total,2018,48.252
brn,sex_m,geo_cov_nat,mts_aggregate_total,2019,54.67
brn,sex_m,geo_cov_nat,mts_aggregate_total,2020,50.042
brn,sex_m,geo_cov_nat,mts_details_mrd,2014,15.276
brn,sex_m,geo_cov_nat,mts_details_mrd,2017,23.449
brn,sex_m,geo_cov_nat,mts_details_mrd,2018,19.447
brn,sex_m,geo_cov_nat,mts_details_mrd,2019,24.422
brn,sex_m,geo_cov_nat,mts_details_mrd,2020,22.151
brn,sex_m,geo_cov_nat,mts_details_sep,2014,0.123
brn,sex_m,geo_cov_nat,mts_details_sep,2017,0.389
brn,sex_m,geo_cov_nat,mts_details_sep,2018,0.512
brn,sex_m,geo_cov_nat,mts_details_sep,2019,0.666
brn,sex_m,geo_cov_nat,mts_details_sep,2020,0.345
brn,sex_m,geo_cov_nat,mts_details_sgle,2014,26.727
brn,sex_m,geo_cov_nat,mts_details_sgle,2017,26.199
brn,sex_m,geo_cov_nat,mts_details_sgle,2018,26.926
brn,sex_m,geo_cov_nat,mts_details_sgle,2019,27.787
brn,sex_m,geo_cov_nat,mts_details_sgle,2020,25.281
brn,sex_m,geo_cov_nat,mts_details_total,2014,43.309
brn,sex_m,geo_cov_nat,mts_details_total,2017,51.38
brn,sex_m,geo_cov_nat,mts_details_total,2018,48.252
brn,sex_m,geo_cov_nat,mts_details_total,2019,54.67
brn,sex_m,geo_cov_nat,mts_details_total,2020,50.042
brn,sex_m,geo_cov_nat,mts_details_wid,2014,1.184
brn,sex_m,geo_cov_nat,mts_details_wid,2017,1.343
brn,sex_m,geo_cov_nat,mts_details_wid,2018,1.367
brn,sex_m,geo_cov_nat,mts_details_wid,2019,1.795
brn,sex_m,geo_cov_nat,mts_details_wid,2020,2.265
brn,sex_m,geo_cov_rur,mts_aggregate_1,2014,7.022
brn,sex_m,geo_cov_rur,mts_aggregate_1,2017,6.858
brn,sex_m,geo_cov_rur,mts_aggregate_1,2018,6.031
brn,sex_m,geo_cov_rur,mts_aggregate_1,2019,7.712
brn,sex_m,geo_cov_rur,mts_aggregate_1,2020,6.809
brn,sex_m,geo_cov_rur,mts_aggregate_2,2014,4.743
brn,sex_m,geo_cov_rur,mts_aggregate_2,2017,6.544
brn,sex_m,geo_cov_rur,mts_aggregate_2,2018,4.574
brn,sex_m,geo_cov_rur,mts_aggregate_2,2019,7.617
brn,sex_m,geo_cov_rur,mts_aggregate_2,2020,6.277
brn,sex_m,geo_cov_rur,mts_aggregate_total,2014,11.765
brn,sex_m,geo_cov_rur,mts_aggregate_total,2017,13.402
brn,sex_m,geo_cov_rur,mts_aggregate_total,2018,10.605
brn,sex_m,geo_cov_rur,mts_aggregate_total,2019,15.33
brn,sex_m,geo_cov_rur,mts_aggregate_total,2020,13.086
brn,sex_m,geo_cov_rur,mts_details_mrd,2014,4.743
brn,sex_m,geo_cov_rur,mts_details_mrd,2017,6.544
brn,sex_m,geo_cov_rur,mts_details_mrd,2018,4.574
brn,sex_m,geo_cov_rur,mts_details_mrd,2019,7.617
brn,sex_m,geo_cov_rur,mts_details_mrd,2020,6.277
brn,sex_m,geo_cov_rur,mts_details_sep,2014,0.025
brn,sex_m,geo_cov_rur,mts_details_sep,2018,0.051
brn,sex_m,geo_cov_rur,mts_details_sep,2020,0.147
brn,sex_m,geo_cov_rur,mts_details_sgle,2014,6.609
brn,sex_m,geo_cov_rur,mts_details_sgle,2017,6.428
brn,sex_m,geo_cov_rur,mts_details_sgle,2018,5.487
brn,sex_m,geo_cov_rur,mts_details_sgle,2019,7.016
brn,sex_m,geo_cov_rur,mts_details_sgle,2020,6.178
brn,sex_m,geo_cov_rur,mts_details_total,2014,11.765
brn,sex_m,geo_cov_rur,mts_details_total,2017,13.402
brn,sex_m,geo_cov_rur,mts_details_total,2018,10.605
brn,sex_m,geo_cov_rur,mts_details_total,2019,15.33
brn,sex_m,geo_cov_rur,mts_details_total,2020,13.086
brn,sex_m,geo_cov_rur,mts_details_wid,2014,0.388
brn,sex_m,geo_cov_rur,mts_details_wid,2017,0.357
brn,sex_m,geo_cov_rur,mts_details_wid,2018,0.493
brn,sex_m,geo_cov_rur,mts_details_wid,2019,0.653
brn,sex_m,geo_cov_rur,mts_details_wid,2020,0.485
brn,sex_m,geo_cov_urb,mts_aggregate_1,2014,21.012
brn,sex_m,geo_cov_urb,mts_aggregate_1,2017,21.073
brn,sex_m,geo_cov_urb,mts_aggregate_1,2018,22.774
brn,sex_m,geo_cov_urb,mts_aggregate_1,2019,22.536
brn,sex_m,geo_cov_urb,mts_aggregate_1,2020,21.082
brn,sex_m,geo_cov_urb,mts_aggregate_2,2014,10.533
brn,sex_m,geo_cov_urb,mts_aggregate_2,2017,16.905
brn,sex_m,geo_cov_urb,mts_aggregate_2,2018,14.873
brn,sex_m,geo_cov_urb,mts_aggregate_2,2019,16.804
brn,sex_m,geo_cov_urb,mts_aggregate_2,2020,15.875
brn,sex_m,geo_cov_urb,mts_aggregate_total,2014,31.545
brn,sex_m,geo_cov_urb,mts_aggregate_total,2017,37.978
brn,sex_m,geo_cov_urb,mts_aggregate_total,2018,37.647
brn,sex_m,geo_cov_urb,mts_aggregate_total,2019,39.34
brn,sex_m,geo_cov_urb,mts_aggregate_total,2020,36.957
brn,sex_m,geo_cov_urb,mts_details_mrd,2014,10.533
brn,sex_m,geo_cov_urb,mts_details_mrd,2017,16.905
brn,sex_m,geo_cov_urb,mts_details_mrd,2018,14.873
brn,sex_m,geo_cov_urb,mts_details_mrd,2019,16.804
brn,sex_m,geo_cov_urb,mts_details_mrd,2020,15.875
brn,sex_m,geo_cov_urb,mts_details_sep,2014,0.098
brn,sex_m,geo_cov_urb,mts_details_sep,2017,0.315
brn,sex_m,geo_cov_urb,mts_details_sep,2018,0.461
brn,sex_m,geo_cov_urb,mts_details_sep,2019,0.622
brn,sex_m,geo_cov_urb,mts_details_sep,2020,0.199
brn,sex_m,geo_cov_urb,mts_details_sgle,2014,20.118
brn,sex_m,geo_cov_urb,mts_details_sgle,2017,19.772
brn,sex_m,geo_cov_urb,mts_details_sgle,2018,21.439
brn,sex_m,geo_cov_urb,mts_details_sgle,2019,20.771
brn,sex_m,geo_cov_urb,mts_details_sgle,2020,19.103
brn,sex_m,geo_cov_urb,mts_details_total,2014,31.545
brn,sex_m,geo_cov_urb,mts_details_total,2017,37.978
brn,sex_m,geo_cov_urb,mts_details_total,2018,37.647
brn,sex_m,geo_cov_urb,mts_details_total,2019,39.34
brn,sex_m,geo_cov_urb,mts_details_total,2020,36.957
brn,sex_m,geo_cov_urb,mts_details_wid,2014,0.796
brn,sex_m,geo_cov_urb,mts_details_wid,2017,0.986
brn,sex_m,geo_cov_urb,mts_details_wid,2018,0.874
brn,sex_m,geo_cov_urb,mts_details_wid,2019,1.142
brn,sex_m,geo_cov_urb,mts_details_wid,2020,1.78
brn,sex_t,geo_cov_nat,mts_aggregate_1,2014,59.03
brn,sex_t,geo_cov_nat,mts_aggregate_1,2017,62.361
brn,sex_t,geo_cov_nat,mts_aggregate_1,2018,63.46
brn,sex_t,geo_cov_nat,mts_aggregate_1,2019,67.924
brn,sex_t,geo_cov_nat,mts_aggregate_1,2020,63.718
brn,sex_t,geo_cov_nat,mts_aggregate_2,2014,46.586
brn,sex_t,geo_cov_nat,mts_aggregate_2,2017,60.095
brn,sex_t,geo_cov_nat,mts_aggregate_2,2018,53.47
brn,sex_t,geo_cov_nat,mts_aggregate_2,2019,63.712
brn,sex_t,geo_cov_nat,mts_aggregate_2,2020,61.22
brn,sex_t,geo_cov_nat,mts_aggregate_total,2014,105.617
brn,sex_t,geo_cov_nat,mts_aggregate_total,2017,122.455
brn,sex_t,geo_cov_nat,mts_aggregate_total,2018,116.93
brn,sex_t,geo_cov_nat,mts_aggregate_total,2019,131.635
brn,sex_t,geo_cov_nat,mts_aggregate_total,2020,124.938
brn,sex_t,geo_cov_nat,mts_details_mrd,2014,46.586
brn,sex_t,geo_cov_nat,mts_details_mrd,2017,60.095
brn,sex_t,geo_cov_nat,mts_details_mrd,2018,53.47
brn,sex_t,geo_cov_nat,mts_details_mrd,2019,63.712
brn,sex_t,geo_cov_nat,mts_details_mrd,2020,61.22
brn,sex_t,geo_cov_nat,mts_details_sep,2014,0.861
brn,sex_t,geo_cov_nat,mts_details_sep,2017,1.713
brn,sex_t,geo_cov_nat,mts_details_sep,2018,1.745
brn,sex_t,geo_cov_nat,mts_details_sep,2019,2.121
brn,sex_t,geo_cov_nat,mts_details_sep,2020,1.429
brn,sex_t,geo_cov_nat,mts_details_sgle,2014,51.009
brn,sex_t,geo_cov_nat,mts_details_sgle,2017,53.252
brn,sex_t,geo_cov_nat,mts_details_sgle,2018,52.555
brn,sex_t,geo_cov_nat,mts_details_sgle,2019,56.309
brn,sex_t,geo_cov_nat,mts_details_sgle,2020,52.376
brn,sex_t,geo_cov_nat,mts_details_total,2014,105.617
brn,sex_t,geo_cov_nat,mts_details_total,2017,122.455
brn,sex_t,geo_cov_nat,mts_details_total,2018,116.93
brn,sex_t,geo_cov_nat,mts_details_total,2019,131.635
brn,sex_t,geo_cov_nat,mts_details_total,2020,124.938
brn,sex_t,geo_cov_nat,mts_details_wid,2014,7.16
brn,sex_t,geo_cov_nat,mts_details_wid,2017,7.396
brn,sex_t,geo_cov_nat,mts_details_wid,2018,9.16
brn,sex_t,geo_cov_nat,mts_details_wid,2019,9.494
brn,sex_t,geo_cov_nat,mts_details_wid,2020,9.913
brn,sex_t,geo_cov_rur,mts_aggregate_1,2014,15.506
brn,sex_t,geo_cov_rur,mts_aggregate_1,2017,16.521
brn,sex_t,geo_cov_rur,mts_aggregate_1,2018,13.605
brn,sex_t,geo_cov_rur,mts_aggregate_1,2019,18.96
brn,sex_t,geo_cov_rur,mts_aggregate_1,2020,16.848
brn,sex_t,geo_cov_rur,mts_aggregate_2,2014,12.831
brn,sex_t,geo_cov_rur,mts_aggregate_2,2017,16.032
brn,sex_t,geo_cov_rur,mts_aggregate_2,2018,12.661
brn,sex_t,geo_cov_rur,mts_aggregate_2,2019,18.153
brn,sex_t,geo_cov_rur,mts_aggregate_2,2020,15.583
brn,sex_t,geo_cov_rur,mts_aggregate_total,2014,28.337
brn,sex_t,geo_cov_rur,mts_aggregate_total,2017,32.553
brn,sex_t,geo_cov_rur,mts_aggregate_total,2018,26.266
brn,sex_t,geo_cov_rur,mts_aggregate_total,2019,37.113
brn,sex_t,geo_cov_rur,mts_aggregate_total,2020,32.431
brn,sex_t,geo_cov_rur,mts_details_mrd,2014,12.831
brn,sex_t,geo_cov_rur,mts_details_mrd,2017,16.032
brn,sex_t,geo_cov_rur,mts_details_mrd,2018,12.661
brn,sex_t,geo_cov_rur,mts_details_mrd,2019,18.153
brn,sex_t,geo_cov_rur,mts_details_mrd,2020,15.583
brn,sex_t,geo_cov_rur,mts_details_sep,2014,0.239
brn,sex_t,geo_cov_rur,mts_details_sep,2017,0.424
brn,sex_t,geo_cov_rur,mts_details_sep,2018,0.246
brn,sex_t,geo_cov_rur,mts_details_sep,2019,0.328
brn,sex_t,geo_cov_rur,mts_details_sep,2020,0.514
brn,sex_t,geo_cov_rur,mts_details_sgle,2014,13.185
brn,sex_t,geo_cov_rur,mts_details_sgle,2017,13.867
brn,sex_t,geo_cov_rur,mts_details_sgle,2018,11.117
brn,sex_t,geo_cov_rur,mts_details_sgle,2019,15.474
brn,sex_t,geo_cov_rur,mts_details_sgle,2020,13.423
brn,sex_t,geo_cov_rur,mts_details_total,2014,28.337
brn,sex_t,geo_cov_rur,mts_details_total,2017,32.553
brn,sex_t,geo_cov_rur,mts_details_total,2018,26.266
brn,sex_t,geo_cov_rur,mts_details_total,2019,37.113
brn,sex_t,geo_cov_rur,mts_details_total,2020,32.431
brn,sex_t,geo_cov_rur,mts_details_wid,2014,2.082
brn,sex_t,geo_cov_rur,mts_details_wid,2017,2.231
brn,sex_t,geo_cov_rur,mts_details_wid,2018,2.243
brn,sex_t,geo_cov_rur,mts_details_wid,2019,3.157
brn,sex_t,geo_cov_rur,mts_details_wid,2020,2.911
brn,sex_t,geo_cov_urb,mts_aggregate_1,2014,43.524
brn,sex_t,geo_cov_urb,mts_aggregate_1,2017,45.84
brn,sex_t,geo_cov_urb,mts_aggregate_1,2018,49.855
brn,sex_t,geo_cov_urb,mts_aggregate_1,2019,48.964
brn,sex_t,geo_cov_urb,mts_aggregate_1,2020,46.87
brn,sex_t,geo_cov_urb,mts_aggregate_2,2014,33.756
brn,sex_t,geo_cov_urb,mts_aggregate_2,2017,44.063
brn,sex_t,geo_cov_urb,mts_aggregate_2,2018,40.809
brn,sex_t,geo_cov_urb,mts_aggregate_2,2019,45.558
brn,sex_t,geo_cov_urb,mts_aggregate_2,2020,45.638
brn,sex_t,geo_cov_urb,mts_aggregate_total,2014,77.28
brn,sex_t,geo_cov_urb,mts_aggregate_total,2017,89.903
brn,sex_t,geo_cov_urb,mts_aggregate_total,2018,90.663
brn,sex_t,geo_cov_urb,mts_aggregate_total,2019,94.522
brn,sex_t,geo_cov_urb,mts_aggregate_total,2020,92.507
brn,sex_t,geo_cov_urb,mts_details_mrd,2014,33.756
brn,sex_t,geo_cov_urb,mts_details_mrd,2017,44.063
brn,sex_t,geo_cov_urb,mts_details_mrd,2018,40.809
brn,sex_t,geo_cov_urb,mts_details_mrd,2019,45.558
brn,sex_t,geo_cov_urb,mts_details_mrd,2020,45.638
brn,sex_t,geo_cov_urb,mts_details_sep,2014,0.622
brn,sex_t,geo_cov_urb,mts_details_sep,2017,1.289
brn,sex_t,geo_cov_urb,mts_details_sep,2018,1.499
brn,sex_t,geo_cov_urb,mts_details_sep,2019,1.792
brn,sex_t,geo_cov_urb,mts_details_sep,2020,0.915
brn,sex_t,geo_cov_urb,mts_details_sgle,2014,37.825
brn,sex_t,geo_cov_urb,mts_details_sgle,2017,39.385
brn,sex_t,geo_cov_urb,mts_details_sgle,2018,41.438
brn,sex_t,geo_cov_urb,mts_details_sgle,2019,40.836
brn,sex_t,geo_cov_urb,mts_details_sgle,2020,38.953
brn,sex_t,geo_cov_urb,mts_details_total,2014,77.28
brn,sex_t,geo_cov_urb,mts_details_total,2017,89.903
brn,sex_t,geo_cov_urb,mts_details_total,2018,90.663
brn,sex_t,geo_cov_urb,mts_details_total,2019,94.522
brn,sex_t,geo_cov_urb,mts_details_total,2020,92.507
brn,sex_t,geo_cov_urb,mts_details_wid,2014,5.078
brn,sex_t,geo_cov_urb,mts_details_wid,2017,5.166
brn,sex_t,geo_cov_urb,mts_details_wid,2018,6.918
brn,sex_t,geo_cov_urb,mts_details_wid,2019,6.336
brn,sex_t,geo_cov_urb,mts_details_wid,2020,7.002
btn,sex_f,geo_cov_nat,mts_aggregate_1,2018,58.743
btn,sex_f,geo_cov_nat,mts_aggregate_1,2019,52.887
btn,sex_f,geo_cov_nat,mts_aggregate_1,2020,54.868
btn,sex_f,geo_cov_nat,mts_aggregate_2,2018,54.851
btn,sex_f,geo_cov_nat,mts_aggregate_2,2019,42.813
btn,sex_f,geo_cov_nat,mts_aggregate_2,2020,37.96
btn,sex_f,geo_cov_nat,mts_aggregate_total,2018,113.594
btn,sex_f,geo_cov_nat,mts_aggregate_total,2019,95.699
btn,sex_f,geo_cov_nat,mts_aggregate_total,2020,92.828
btn,sex_f,geo_cov_nat,mts_details_mrd,2018,54.71
btn,sex_f,geo_cov_nat,mts_details_mrd,2019,42.743
btn,sex_f,geo_cov_nat,mts_details_mrd,2020,37.808
btn,sex_f,geo_cov_nat,mts_details_sep,2018,2.215
btn,sex_f,geo_cov_nat,mts_details_sep,2019,1.793
btn,sex_f,geo_cov_nat,mts_details_sep,2020,2.04
btn,sex_f,geo_cov_nat,mts_details_sgle,2018,44.693
btn,sex_f,geo_cov_nat,mts_details_sgle,2019,41.441
btn,sex_f,geo_cov_nat,mts_details_sgle,2020,42.218
btn,sex_f,geo_cov_nat,mts_details_total,2018,113.594
btn,sex_f,geo_cov_nat,mts_details_total,2019,95.699
btn,sex_f,geo_cov_nat,mts_details_total,2020,92.828
btn,sex_f,geo_cov_nat,mts_details_union,2018,0.141
btn,sex_f,geo_cov_nat,mts_details_union,2020,0.152
btn,sex_f,geo_cov_nat,mts_details_wid,2018,11.835
btn,sex_f,geo_cov_nat,mts_details_wid,2019,9.652
btn,sex_f,geo_cov_nat,mts_details_wid,2020,10.61
btn,sex_f,geo_cov_rur,mts_aggregate_1,2018,40.016
btn,sex_f,geo_cov_rur,mts_aggregate_1,2019,34.511
btn,sex_f,geo_cov_rur,mts_aggregate_1,2020,35.833
btn,sex_f,geo_cov_rur,mts_aggregate_2,2018,28.073
btn,sex_f,geo_cov_rur,mts_aggregate_2,2019,19.598
btn,sex_f,geo_cov_rur,mts_aggregate_2,2020,18.939
btn,sex_f,geo_cov_rur,mts_aggregate_total,2018,68.089
btn,sex_f,geo_cov_rur,mts_aggregate_total,2019,54.108
btn,sex_f,geo_cov_rur,mts_aggregate_total,2020,54.772
btn,sex_f,geo_cov_rur,mts_details_mrd,2018,28.011
btn,sex_f,geo_cov_rur,mts_details_mrd,2019,19.572
btn,sex_f,geo_cov_rur,mts_details_mrd,2020,18.884
btn,sex_f,geo_cov_rur,mts_details_sep,2018,1.436
btn,sex_f,geo_cov_rur,mts_details_sep,2019,1.153
btn,sex_f,geo_cov_rur,mts_details_sep,2020,0.946
btn,sex_f,geo_cov_rur,mts_details_sgle,2018,29.284
btn,sex_f,geo_cov_rur,mts_details_sgle,2019,26.494
btn,sex_f,geo_cov_rur,mts_details_sgle,2020,26.78
btn,sex_f,geo_cov_rur,mts_details_total,2018,68.089
btn,sex_f,geo_cov_rur,mts_details_total,2019,54.108
btn,sex_f,geo_cov_rur,mts_details_total,2020,54.772
btn,sex_f,geo_cov_rur,mts_details_wid,2018,9.297
btn,sex_f,geo_cov_rur,mts_details_wid,2019,6.864
btn,sex_f,geo_cov_rur,mts_details_wid,2020,8.106
btn,sex_f,geo_cov_urb,mts_aggregate_1,2018,18.727
btn,sex_f,geo_cov_urb,mts_aggregate_1,2019,18.376
btn,sex_f,geo_cov_urb,mts_aggregate_1,2020,19.035
btn,sex_f,geo_cov_urb,mts_aggregate_2,2018,26.779
btn,sex_f,geo_cov_urb,mts_aggregate_2,2019,23.216
btn,sex_f,geo_cov_urb,mts_aggregate_2,2020,19.021
btn,sex_f,geo_cov_urb,mts_aggregate_total,2018,45.505
btn,sex_f,geo_cov_urb,mts_aggregate_total,2019,41.591
btn,sex_f,geo_cov_urb,mts_aggregate_total,2020,38.056
btn,sex_f,geo_cov_urb,mts_details_mrd,2018,26.699
btn,sex_f,geo_cov_urb,mts_details_mrd,2019,23.171
btn,sex_f,geo_cov_urb,mts_details_mrd,2020,18.924
btn,sex_f,geo_cov_urb,mts_details_sep,2018,0.78
btn,sex_f,geo_cov_urb,mts_details_sep,2019,0.64
btn,sex_f,geo_cov_urb,mts_details_sep,2020,1.094
btn,sex_f,geo_cov_urb,mts_details_sgle,2018,15.41
btn,sex_f,geo_cov_urb,mts_details_sgle,2019,14.947
btn,sex_f,geo_cov_urb,mts_details_sgle,2020,15.437
btn,sex_f,geo_cov_urb,mts_details_total,2018,45.505
btn,sex_f,geo_cov_urb,mts_details_total,2019,41.591
btn,sex_f,geo_cov_urb,mts_details_total,2020,38.056
btn,sex_f,geo_cov_urb,mts_details_union,2020,0.097
btn,sex_f,geo_cov_urb,mts_details_wid,2018,2.538
btn,sex_f,geo_cov_urb,mts_details_wid,2019,2.789
btn,sex_f,geo_cov_urb,mts_details_wid,2020,2.504
btn,sex_m,geo_cov_nat,mts_aggregate_1,2018,52.301
btn,sex_m,geo_cov_nat,mts_aggregate_1,2019,51.224
btn,sex_m,geo_cov_nat,mts_aggregate_1,2020,49.365
btn,sex_m,geo_cov_nat,mts_aggregate_2,2018,19.799
btn,sex_m,geo_cov_nat,mts_aggregate_2,2019,15.14
btn,sex_m,geo_cov_nat,mts_aggregate_2,2020,14.92
btn,sex_m,geo_cov_nat,mts_aggregate_total,2018,72.1
btn,sex_m,geo_cov_nat,mts_aggregate_total,2019,66.364
btn,sex_m,geo_cov_nat,mts_aggregate_total,2020,64.286
btn,sex_m,geo_cov_nat,mts_details_mrd,2018,19.54
btn,sex_m,geo_cov_nat,mts_details_mrd,2019,15.057
btn,sex_m,geo_cov_nat,mts_details_mrd,2020,14.671
btn,sex_m,geo_cov_nat,mts_details_sep,2018,0.604
btn,sex_m,geo_cov_nat,mts_details_sep,2019,0.826
btn,sex_m,geo_cov_nat,mts_details_sep,2020,0.808
btn,sex_m,geo_cov_nat,mts_details_sgle,2018,47.268
btn,sex_m,geo_cov_nat,mts_details_sgle,2019,46.746
btn,sex_m,geo_cov_nat,mts_details_sgle,2020,44.389
btn,sex_m,geo_cov_nat,mts_details_total,2018,72.1
btn,sex_m,geo_cov_nat,mts_details_total,2019,66.364
btn,sex_m,geo_cov_nat,mts_details_total,2020,64.286
btn,sex_m,geo_cov_nat,mts_details_union,2018,0.259
btn,sex_m,geo_cov_nat,mts_details_union,2020,0.249
btn,sex_m,geo_cov_nat,mts_details_wid,2018,4.43
btn,sex_m,geo_cov_nat,mts_details_wid,2019,3.652
btn,sex_m,geo_cov_nat,mts_details_wid,2020,4.169
btn,sex_m,geo_cov_rur,mts_aggregate_1,2018,38.577
btn,sex_m,geo_cov_rur,mts_aggregate_1,2019,37.41
btn,sex_m,geo_cov_rur,mts_aggregate_1,2020,33.264
btn,sex_m,geo_cov_rur,mts_aggregate_2,2018,14.2
btn,sex_m,geo_cov_rur,mts_aggregate_2,2019,10.587
btn,sex_m,geo_cov_rur,mts_aggregate_2,2020,10.257
btn,sex_m,geo_cov_rur,mts_aggregate_total,2018,52.777
btn,sex_m,geo_cov_rur,mts_aggregate_total,2019,47.997
btn,sex_m,geo_cov_rur,mts_aggregate_total,2020,43.521
btn,sex_m,geo_cov_rur,mts_details_mrd,2018,14.046
btn,sex_m,geo_cov_rur,mts_details_mrd,2019,10.557
btn,sex_m,geo_cov_rur,mts_details_mrd,2020,10.121
btn,sex_m,geo_cov_rur,mts_details_sep,2018,0.445
btn,sex_m,geo_cov_rur,mts_details_sep,2019,0.664
btn,sex_m,geo_cov_rur,mts_details_sep,2020,0.543
btn,sex_m,geo_cov_rur,mts_details_sgle,2018,34.319
btn,sex_m,geo_cov_rur,mts_details_sgle,2019,33.616
btn,sex_m,geo_cov_rur,mts_details_sgle,2020,29.529
btn,sex_m,geo_cov_rur,mts_details_total,2018,52.777
btn,sex_m,geo_cov_rur,mts_details_total,2019,47.997
btn,sex_m,geo_cov_rur,mts_details_total,2020,43.521
btn,sex_m,geo_cov_rur,mts_details_union,2018,0.154
btn,sex_m,geo_cov_rur,mts_details_union,2020,0.137
btn,sex_m,geo_cov_rur,mts_details_wid,2018,3.814
btn,sex_m,geo_cov_rur,mts_details_wid,2019,3.13
btn,sex_m,geo_cov_rur,mts_details_wid,2020,3.192
btn,sex_m,geo_cov_urb,mts_aggregate_1,2018,13.724
btn,sex_m,geo_cov_urb,mts_aggregate_1,2019,13.814
btn,sex_m,geo_cov_urb,mts_aggregate_1,2020,16.101
btn,sex_m,geo_cov_urb,mts_aggregate_2,2018,5.599
btn,sex_m,geo_cov_urb,mts_aggregate_2,2019,4.553
btn,sex_m,geo_cov_urb,mts_aggregate_2,2020,4.663
btn,sex_m,geo_cov_urb,mts_aggregate_total,2018,19.323
btn,sex_m,geo_cov_urb,mts_aggregate_total,2019,18.367
btn,sex_m,geo_cov_urb,mts_aggregate_total,2020,20.765
btn,sex_m,geo_cov_urb,mts_details_mrd,2018,5.494
btn,sex_m,geo_cov_urb,mts_details_mrd,2019,4.5
btn,sex_m,geo_cov_urb,mts_details_mrd,2020,4.55
btn,sex_m,geo_cov_urb,mts_details_sep,2018,0.159
btn,sex_m,geo_cov_urb,mts_details_sep,2019,0.162
btn,sex_m,geo_cov_urb,mts_details_sep,2020,0.265
btn,sex_m,geo_cov_urb,mts_details_sgle,2018,12.948
btn,sex_m,geo_cov_urb,mts_details_sgle,2019,13.13
btn,sex_m,geo_cov_urb,mts_details_sgle,2020,14.86
btn,sex_m,geo_cov_urb,mts_details_total,2018,19.323
btn,sex_m,geo_cov_urb,mts_details_total,2019,18.367
btn,sex_m,geo_cov_urb,mts_details_total,2020,20.765
btn,sex_m,geo_cov_urb,mts_details_union,2018,0.105
btn,sex_m,geo_cov_urb,mts_details_union,2020,0.113
btn,sex_m,geo_cov_urb,mts_details_wid,2018,0.617
btn,sex_m,geo_cov_urb,mts_details_wid,2019,0.522
btn,sex_m,geo_cov_urb,mts_details_wid,2020,0.977
btn,sex_t,geo_cov_nat,mts_aggregate_1,2018,111.044
btn,sex_t,geo_cov_nat,mts_aggregate_1,2019,104.111
btn,sex_t,geo_cov_nat,mts_aggregate_1,2020,104.234
btn,sex_t,geo_cov_nat,mts_aggregate_2,2018,74.65
btn,sex_t,geo_cov_nat,mts_aggregate_2,2019,57.953
btn,sex_t,geo_cov_nat,mts_aggregate_2,2020,52.88
btn,sex_t,geo_cov_nat,mts_aggregate_total,2018,185.694
btn,sex_t,geo_cov_nat,mts_aggregate_total,2019,162.063
btn,sex_t,geo_cov_nat,mts_aggregate_total,2020,157.114
btn,sex_t,geo_cov_nat,mts_details_mrd,2018,74.25
btn,sex_t,geo_cov_nat,mts_details_mrd,2019,57.801
btn,sex_t,geo_cov_nat,mts_details_mrd,2020,52.479
btn,sex_t,geo_cov_nat,mts_details_sep,2018,2.819
btn,sex_t,geo_cov_nat,mts_details_sep,2019,2.62
btn,sex_t,geo_cov_nat,mts_details_sep,2020,2.848
btn,sex_t,geo_cov_nat,mts_details_sgle,2018,91.961
btn,sex_t,geo_cov_nat,mts_details_sgle,2019,88.187
btn,sex_t,geo_cov_nat,mts_details_sgle,2020,86.607
btn,sex_t,geo_cov_nat,mts_details_total,2018,185.694
btn,sex_t,geo_cov_nat,mts_details_total,2019,162.063
btn,sex_t,geo_cov_nat,mts_details_total,2020,157.114
btn,sex_t,geo_cov_nat,mts_details_union,2018,0.4
btn,sex_t,geo_cov_nat,mts_details_union,2019,0.152
btn,sex_t,geo_cov_nat,mts_details_union,2020,0.401
btn,sex_t,geo_cov_nat,mts_details_wid,2018,16.265
btn,sex_t,geo_cov_nat,mts_details_wid,2019,13.304
btn,sex_t,geo_cov_nat,mts_details_wid,2020,14.779
btn,sex_t,geo_cov_rur,mts_aggregate_1,2018,78.594
btn,sex_t,geo_cov_rur,mts_aggregate_1,2019,71.921
btn,sex_t,geo_cov_rur,mts_aggregate_1,2020,69.097
btn,sex_t,geo_cov_rur,mts_aggregate_2,2018,42.272
btn,sex_t,geo_cov_rur,mts_aggregate_2,2019,30.184
btn,sex_t,geo_cov_rur,mts_aggregate_2,2020,29.196
btn,sex_t,geo_cov_rur,mts_aggregate_total,2018,120.866
btn,sex_t,geo_cov_rur,mts_aggregate_total,2019,102.105
btn,sex_t,geo_cov_rur,mts_aggregate_total,2020,98.293
btn,sex_t,geo_cov_rur,mts_details_mrd,2018,42.057
btn,sex_t,geo_cov_rur,mts_details_mrd,2019,30.129
btn,sex_t,geo_cov_rur,mts_details_mrd,2020,29.005
btn,sex_t,geo_cov_rur,mts_details_sep,2018,1.881
btn,sex_t,geo_cov_rur,mts_details_sep,2019,1.817
btn,sex_t,geo_cov_rur,mts_details_sep,2020,1.49
btn,sex_t,geo_cov_rur,mts_details_sgle,2018,63.603
btn,sex_t,geo_cov_rur,mts_details_sgle,2019,60.11
btn,sex_t,geo_cov_rur,mts_details_sgle,2020,56.31
btn,sex_t,geo_cov_rur,mts_details_total,2018,120.866
btn,sex_t,geo_cov_rur,mts_details_total,2019,102.105
btn,sex_t,geo_cov_rur,mts_details_total,2020,98.293
btn,sex_t,geo_cov_rur,mts_details_union,2018,0.215
btn,sex_t,geo_cov_rur,mts_details_union,2020,0.191
btn,sex_t,geo_cov_rur,mts_details_wid,2018,13.11
btn,sex_t,geo_cov_rur,mts_details_wid,2019,9.994
btn,sex_t,geo_cov_rur,mts_details_wid,2020,11.298
btn,sex_t,geo_cov_urb,mts_aggregate_1,2018,32.451
btn,sex_t,geo_cov_urb,mts_aggregate_1,2019,32.19
btn,sex_t,geo_cov_urb,mts_aggregate_1,2020,35.137
btn,sex_t,geo_cov_urb,mts_aggregate_2,2018,32.378
btn,sex_t,geo_cov_urb,mts_aggregate_2,2019,27.768
btn,sex_t,geo_cov_urb,mts_aggregate_2,2020,23.684
btn,sex_t,geo_cov_urb,mts_aggregate_total,2018,64.829
btn,sex_t,geo_cov_urb,mts_aggregate_total,2019,59.958
btn,sex_t,geo_cov_urb,mts_aggregate_total,2020,58.821
btn,sex_t,geo_cov_urb,mts_details_mrd,2018,32.193
btn,sex_t,geo_cov_urb,mts_details_mrd,2019,27.671
btn,sex_t,geo_cov_urb,mts_details_mrd,2020,23.474
btn,sex_t,geo_cov_urb,mts_details_sep,2018,0.939
btn,sex_t,geo_cov_urb,mts_details_sep,2019,0.802
btn,sex_t,geo_cov_urb,mts_details_sep,2020,1.359
btn,sex_t,geo_cov_urb,mts_details_sgle,2018,28.358
btn,sex_t,geo_cov_urb,mts_details_sgle,2019,28.077
btn,sex_t,geo_cov_urb,mts_details_sgle,2020,30.297
btn,sex_t,geo_cov_urb,mts_details_total,2018,64.829
btn,sex_t,geo_cov_urb,mts_details_total,2019,59.958
btn,sex_t,geo_cov_urb,mts_details_total,2020,58.821
btn,sex_t,geo_cov_urb,mts_details_union,2018,0.185
btn,sex_t,geo_cov_urb,mts_details_union,2019,0.097
btn,sex_t,geo_cov_urb,mts_details_union,2020,0.21
btn,sex_t,geo_cov_urb,mts_details_wid,2018,3.154
btn,sex_t,geo_cov_urb,mts_details_wid,2019,3.311
btn,sex_t,geo_cov_urb,mts_details_wid,2020,3.481
bwa,sex_f,geo_cov_nat,mts_aggregate_1,1996,172.23
bwa,sex_f,geo_cov_nat,mts_aggregate_1,2006,209.422
bwa,sex_f,geo_cov_nat,mts_aggregate_1,2009,200.692
bwa,sex_f,geo_cov_nat,mts_aggregate_2,1996,70.117
bwa,sex_f,geo_cov_nat,mts_aggregate_2,2006,73.81
bwa,sex_f,geo_cov_nat,mts_aggregate_2,2009,81.957
bwa,sex_f,geo_cov_nat,mts_aggregate_total,1996,242.426
bwa,sex_f,geo_cov_nat,mts_aggregate_total,2006,283.527
bwa,sex_f,geo_cov_nat,mts_aggregate_total,2009,282.649
bwa,sex_f,geo_cov_nat,mts_aggregate_x,1996,0.079
bwa,sex_f,geo_cov_nat,mts_aggregate_x,2006,0.296
bwa,sex_f,geo_cov_nat,mts_details_mrd,1996,54.765
bwa,sex_f,geo_cov_nat,mts_details_mrd,2006,46.602
bwa,sex_f,geo_cov_nat,mts_details_mrd,2009,45.748
bwa,sex_f,geo_cov_nat,mts_details_sep,1996,3.461
bwa,sex_f,geo_cov_nat,mts_details_sep,2006,3.057
bwa,sex_f,geo_cov_nat,mts_details_sep,2009,5.844
bwa,sex_f,geo_cov_nat,mts_details_sgle,1996,140.17
bwa,sex_f,geo_cov_nat,mts_details_sgle,2006,170.82
bwa,sex_f,geo_cov_nat,mts_details_sgle,2009,156.73
bwa,sex_f,geo_cov_nat,mts_details_total,1996,242.426
bwa,sex_f,geo_cov_nat,mts_details_total,2006,283.527
bwa,sex_f,geo_cov_nat,mts_details_total,2009,282.649
bwa,sex_f,geo_cov_nat,mts_details_union,1996,15.352
bwa,sex_f,geo_cov_nat,mts_details_union,2006,27.208
bwa,sex_f,geo_cov_nat,mts_details_union,2009,36.209
bwa,sex_f,geo_cov_nat,mts_details_wid,1996,28.599
bwa,sex_f,geo_cov_nat,mts_details_wid,2006,35.544
bwa,sex_f,geo_cov_nat,mts_details_wid,2009,38.117
bwa,sex_f,geo_cov_nat,mts_details_x,1996,0.079
bwa,sex_f,geo_cov_nat,mts_details_x,2006,0.296
bwa,sex_f,geo_cov_rur,mts_aggregate_1,1996,103.675
bwa,sex_f,geo_cov_rur,mts_aggregate_1,2006,95.889
bwa,sex_f,geo_cov_rur,mts_aggregate_1,2009,82.15
bwa,sex_f,geo_cov_rur,mts_aggregate_2,1996,47.991
bwa,sex_f,geo_cov_rur,mts_aggregate_2,2006,36.214
bwa,sex_f,geo_cov_rur,mts_aggregate_2,2009,36.865
bwa,sex_f,geo_cov_rur,mts_aggregate_total,1996,151.745
bwa,sex_f,geo_cov_rur,mts_aggregate_total,2006,132.162
bwa,sex_f,geo_cov_rur,mts_aggregate_total,2009,119.015
bwa,sex_f,geo_cov_rur,mts_aggregate_x,1996,0.079
bwa,sex_f,geo_cov_rur,mts_details_mrd,1996,39.332
bwa,sex_f,geo_cov_rur,mts_details_mrd,2006,20.25
bwa,sex_f,geo_cov_rur,mts_details_mrd,2009,18.721
bwa,sex_f,geo_cov_rur,mts_details_sep,1996,2.946
bwa,sex_f,geo_cov_rur,mts_details_sep,2006,1.538
bwa,sex_f,geo_cov_rur,mts_details_sep,2009,2.754
bwa,sex_f,geo_cov_rur,mts_details_sgle,1996,79.644
bwa,sex_f,geo_cov_rur,mts_details_sgle,2006,72.813
bwa,sex_f,geo_cov_rur,mts_details_sgle,2009,58.959
bwa,sex_f,geo_cov_rur,mts_details_total,1996,151.745
bwa,sex_f,geo_cov_rur,mts_details_total,2006,132.162
bwa,sex_f,geo_cov_rur,mts_details_total,2009,119.015
bwa,sex_f,geo_cov_rur,mts_details_union,1996,8.659
bwa,sex_f,geo_cov_rur,mts_details_union,2006,15.964
bwa,sex_f,geo_cov_rur,mts_details_union,2009,18.144
bwa,sex_f,geo_cov_rur,mts_details_wid,1996,21.085
bwa,sex_f,geo_cov_rur,mts_details_wid,2006,21.538
bwa,sex_f,geo_cov_rur,mts_details_wid,2009,20.437
bwa,sex_f,geo_cov_rur,mts_details_x,1996,0.079
bwa,sex_f,geo_cov_urb,mts_aggregate_1,1996,68.555
bwa,sex_f,geo_cov_urb,mts_aggregate_1,2006,113.533
bwa,sex_f,geo_cov_urb,mts_aggregate_1,2009,118.542
bwa,sex_f,geo_cov_urb,mts_aggregate_2,1996,22.126
bwa,sex_f,geo_cov_urb,mts_aggregate_2,2006,37.596
bwa,sex_f,geo_cov_urb,mts_aggregate_2,2009,45.092
bwa,sex_f,geo_cov_urb,mts_aggregate_total,1996,90.681
bwa,sex_f,geo_cov_urb,mts_aggregate_total,2006,151.365
bwa,sex_f,geo_cov_urb,mts_aggregate_total,2009,163.635
bwa,sex_f,geo_cov_urb,mts_details_mrd,1996,15.433
bwa,sex_f,geo_cov_urb,mts_details_mrd,2006,26.352
bwa,sex_f,geo_cov_urb,mts_details_mrd,2009,27.027
bwa,sex_f,geo_cov_urb,mts_details_sep,1996,0.515
bwa,sex_f,geo_cov_urb,mts_details_sep,2006,1.52
bwa,sex_f,geo_cov_urb,mts_details_sep,2009,3.091
bwa,sex_f,geo_cov_urb,mts_details_sgle,1996,60.526
bwa,sex_f,geo_cov_urb,mts_details_sgle,2006,98.007
bwa,sex_f,geo_cov_urb,mts_details_sgle,2009,97.771
bwa,sex_f,geo_cov_urb,mts_details_total,1996,90.681
bwa,sex_f,geo_cov_urb,mts_details_total,2006,151.365
bwa,sex_f,geo_cov_urb,mts_details_total,2009,163.635
bwa,sex_f,geo_cov_urb,mts_details_union,1996,6.693
bwa,sex_f,geo_cov_urb,mts_details_union,2006,11.244
bwa,sex_f,geo_cov_urb,mts_details_union,2009,18.066
bwa,sex_f,geo_cov_urb,mts_details_wid,1996,7.514
bwa,sex_f,geo_cov_urb,mts_details_wid,2006,14.007
bwa,sex_f,geo_cov_urb,mts_details_wid,2009,17.681
bwa,sex_m,geo_cov_nat,mts_aggregate_1,1996,116.975
bwa,sex_m,geo_cov_nat,mts_aggregate_1,2006,127.803
bwa,sex_m,geo_cov_nat,mts_aggregate_1,2009,131.616
bwa,sex_m,geo_cov_nat,mts_aggregate_2,1996,37.597
bwa,sex_m,geo_cov_nat,mts_aggregate_2,2006,36.846
bwa,sex_m,geo_cov_nat,mts_aggregate_2,2009,36.561
bwa,sex_m,geo_cov_nat,mts_aggregate_total,1996,154.572
bwa,sex_m,geo_cov_nat,mts_aggregate_total,2006,164.696
bwa,sex_m,geo_cov_nat,mts_aggregate_total,2009,168.529
bwa,sex_m,geo_cov_nat,mts_aggregate_x,2009,0.352
bwa,sex_m,geo_cov_nat,mts_details_mrd,1996,32.107
bwa,sex_m,geo_cov_nat,mts_details_mrd,2006,26.846
bwa,sex_m,geo_cov_nat,mts_details_mrd,2009,22.339
bwa,sex_m,geo_cov_nat,mts_details_sep,1996,2.034
bwa,sex_m,geo_cov_nat,mts_details_sep,2006,1.356
bwa,sex_m,geo_cov_nat,mts_details_sep,2009,2.445
bwa,sex_m,geo_cov_nat,mts_details_sgle,1996,111.55
bwa,sex_m,geo_cov_nat,mts_details_sgle,2006,121.952
bwa,sex_m,geo_cov_nat,mts_details_sgle,2009,124.119
bwa,sex_m,geo_cov_nat,mts_details_total,1996,154.572
bwa,sex_m,geo_cov_nat,mts_details_total,2006,164.696
bwa,sex_m,geo_cov_nat,mts_details_total,2009,168.529
bwa,sex_m,geo_cov_nat,mts_details_union,1996,5.49
bwa,sex_m,geo_cov_nat,mts_details_union,2006,10.001
bwa,sex_m,geo_cov_nat,mts_details_union,2009,14.222
bwa,sex_m,geo_cov_nat,mts_details_wid,1996,3.391
bwa,sex_m,geo_cov_nat,mts_details_wid,2006,4.495
bwa,sex_m,geo_cov_nat,mts_details_wid,2009,5.052
bwa,sex_m,geo_cov_nat,mts_details_x,2009,0.352
bwa,sex_m,geo_cov_rur,mts_aggregate_1,1996,68.066
bwa,sex_m,geo_cov_rur,mts_aggregate_1,2006,50.314
bwa,sex_m,geo_cov_rur,mts_aggregate_1,2009,44.973
bwa,sex_m,geo_cov_rur,mts_aggregate_2,1996,30.629
bwa,sex_m,geo_cov_rur,mts_aggregate_2,2006,18.754
bwa,sex_m,geo_cov_rur,mts_aggregate_2,2009,20.037
bwa,sex_m,geo_cov_rur,mts_aggregate_total,1996,98.695
bwa,sex_m,geo_cov_rur,mts_aggregate_total,2006,69.068
bwa,sex_m,geo_cov_rur,mts_aggregate_total,2009,65.079
bwa,sex_m,geo_cov_rur,mts_details_mrd,1996,26.416
bwa,sex_m,geo_cov_rur,mts_details_mrd,2006,13.096
bwa,sex_m,geo_cov_rur,mts_details_mrd,2009,11.783
bwa,sex_m,geo_cov_rur,mts_details_sep,1996,1.71
bwa,sex_m,geo_cov_rur,mts_details_sep,2006,0.721
bwa,sex_m,geo_cov_rur,mts_details_sep,2009,0.949
bwa,sex_m,geo_cov_rur,mts_details_sgle,1996,63.64
bwa,sex_m,geo_cov_rur,mts_details_sgle,2006,46.901
bwa,sex_m,geo_cov_rur,mts_details_sgle,2009,41.673
bwa,sex_m,geo_cov_rur,mts_details_total,1996,98.695
bwa,sex_m,geo_cov_rur,mts_details_total,2006,69.068
bwa,sex_m,geo_cov_rur,mts_details_total,2009,65.079
bwa,sex_m,geo_cov_rur,mts_details_union,1996,4.213
bwa,sex_m,geo_cov_rur,mts_details_union,2006,5.658
bwa,sex_m,geo_cov_rur,mts_details_union,2009,8.254
bwa,sex_m,geo_cov_rur,mts_details_wid,1996,2.716
bwa,sex_m,geo_cov_rur,mts_details_wid,2006,2.692
bwa,sex_m,geo_cov_rur,mts_details_wid,2009,2.351
bwa,sex_m,geo_cov_urb,mts_aggregate_1,1996,48.909
bwa,sex_m,geo_cov_urb,mts_aggregate_1,2006,77.489
bwa,sex_m,geo_cov_urb,mts_aggregate_1,2009,86.643
bwa,sex_m,geo_cov_urb,mts_aggregate_2,1996,6.968
bwa,sex_m,geo_cov_urb,mts_aggregate_2,2006,18.093
bwa,sex_m,geo_cov_urb,mts_aggregate_2,2009,16.524
bwa,sex_m,geo_cov_urb,mts_aggregate_total,1996,55.877
bwa,sex_m,geo_cov_urb,mts_aggregate_total,2006,95.628
bwa,sex_m,geo_cov_urb,mts_aggregate_total,2009,103.451
bwa,sex_m,geo_cov_urb,mts_details_mrd,1996,5.691
bwa,sex_m,geo_cov_urb,mts_details_mrd,2006,13.75
bwa,sex_m,geo_cov_urb,mts_details_mrd,2009,10.556
bwa,sex_m,geo_cov_urb,mts_details_sep,1996,0.324
bwa,sex_m,geo_cov_urb,mts_details_sep,2006,0.635
bwa,sex_m,geo_cov_urb,mts_details_sep,2009,1.497
bwa,sex_m,geo_cov_urb,mts_details_sgle,1996,47.91
bwa,sex_m,geo_cov_urb,mts_details_sgle,2006,75.051
bwa,sex_m,geo_cov_urb,mts_details_sgle,2009,82.446
bwa,sex_m,geo_cov_urb,mts_details_total,1996,55.877
bwa,sex_m,geo_cov_urb,mts_details_total,2006,95.628
bwa,sex_m,geo_cov_urb,mts_details_total,2009,103.451
bwa,sex_m,geo_cov_urb,mts_details_union,1996,1.277
bwa,sex_m,geo_cov_urb,mts_details_union,2006,4.343
bwa,sex_m,geo_cov_urb,mts_details_union,2009,5.968
bwa,sex_m,geo_cov_urb,mts_details_wid,1996,0.675
bwa,sex_m,geo_cov_urb,mts_details_wid,2006,1.803
bwa,sex_m,geo_cov_urb,mts_details_wid,2009,2.7
bwa,sex_t,geo_cov_nat,mts_aggregate_1,1996,289.205
bwa,sex_t,geo_cov_nat,mts_aggregate_1,2006,337.225
bwa,sex_t,geo_cov_nat,mts_aggregate_1,2009,332.308
bwa,sex_t,geo_cov_nat,mts_aggregate_2,1996,107.714
bwa,sex_t,geo_cov_nat,mts_aggregate_2,2006,110.656
bwa,sex_t,geo_cov_nat,mts_aggregate_2,2009,118.518
bwa,sex_t,geo_cov_nat,mts_aggregate_total,1996,396.998
bwa,sex_t,geo_cov_nat,mts_aggregate_total,2006,448.223
bwa,sex_t,geo_cov_nat,mts_aggregate_total,2009,451.178
bwa,sex_t,geo_cov_nat,mts_aggregate_x,1996,0.079
bwa,sex_t,geo_cov_nat,mts_aggregate_x,2006,0.342
bwa,sex_t,geo_cov_nat,mts_aggregate_x,2009,0.352
bwa,sex_t,geo_cov_nat,mts_details_mrd,1996,86.872
bwa,sex_t,geo_cov_nat,mts_details_mrd,2006,73.448
bwa,sex_t,geo_cov_nat,mts_details_mrd,2009,68.087
bwa,sex_t,geo_cov_nat,mts_details_sep,1996,5.495
bwa,sex_t,geo_cov_nat,mts_details_sep,2006,4.413
bwa,sex_t,geo_cov_nat,mts_details_sep,2009,8.29
bwa,sex_t,geo_cov_nat,mts_details_sgle,1996,251.72
bwa,sex_t,geo_cov_nat,mts_details_sgle,2006,292.772
bwa,sex_t,geo_cov_nat,mts_details_sgle,2009,280.849
bwa,sex_t,geo_cov_nat,mts_details_total,1996,396.998
bwa,sex_t,geo_cov_nat,mts_details_total,2006,448.223
bwa,sex_t,geo_cov_nat,mts_details_total,2009,451.178
bwa,sex_t,geo_cov_nat,mts_details_union,1996,20.842
bwa,sex_t,geo_cov_nat,mts_details_union,2006,37.209
bwa,sex_t,geo_cov_nat,mts_details_union,2009,50.431
bwa,sex_t,geo_cov_nat,mts_details_wid,1996,31.99
bwa,sex_t,geo_cov_nat,mts_details_wid,2006,40.039
bwa,sex_t,geo_cov_nat,mts_details_wid,2009,43.169
bwa,sex_t,geo_cov_nat,mts_details_x,1996,0.079
bwa,sex_t,geo_cov_nat,mts_details_x,2006,0.342
bwa,sex_t,geo_cov_nat,mts_details_x,2009,0.352
bwa,sex_t,geo_cov_rur,mts_aggregate_1,1996,171.741
bwa,sex_t,geo_cov_rur,mts_aggregate_1,2006,146.202
bwa,sex_t,geo_cov_rur,mts_aggregate_1,2009,127.123
bwa,sex_t,geo_cov_rur,mts_aggregate_2,1996,78.62
bwa,sex_t,geo_cov_rur,mts_aggregate_2,2006,54.968
bwa,sex_t,geo_cov_rur,mts_aggregate_2,2009,56.902
bwa,sex_t,geo_cov_rur,mts_aggregate_total,1996,250.44
bwa,sex_t,geo_cov_rur,mts_aggregate_total,2006,201.229
bwa,sex_t,geo_cov_rur,mts_aggregate_total,2009,184.093
bwa,sex_t,geo_cov_rur,mts_aggregate_x,1996,0.079
bwa,sex_t,geo_cov_rur,mts_details_mrd,1996,65.748
bwa,sex_t,geo_cov_rur,mts_details_mrd,2006,33.346
bwa,sex_t,geo_cov_rur,mts_details_mrd,2009,30.504
bwa,sex_t,geo_cov_rur,mts_details_sep,1996,4.656
bwa,sex_t,geo_cov_rur,mts_details_sep,2006,2.259
bwa,sex_t,geo_cov_rur,mts_details_sep,2009,3.703
bwa,sex_t,geo_cov_rur,mts_details_sgle,1996,143.284
bwa,sex_t,geo_cov_rur,mts_details_sgle,2006,119.714
bwa,sex_t,geo_cov_rur,mts_details_sgle,2009,100.632
bwa,sex_t,geo_cov_rur,mts_details_total,1996,250.44
bwa,sex_t,geo_cov_rur,mts_details_total,2006,201.229
bwa,sex_t,geo_cov_rur,mts_details_total,2009,184.093
bwa,sex_t,geo_cov_rur,mts_details_union,1996,12.872
bwa,sex_t,geo_cov_rur,mts_details_union,2006,21.622
bwa,sex_t,geo_cov_rur,mts_details_union,2009,26.398
bwa,sex_t,geo_cov_rur,mts_details_wid,1996,23.801
bwa,sex_t,geo_cov_rur,mts_details_wid,2006,24.23
bwa,sex_t,geo_cov_rur,mts_details_wid,2009,22.788
bwa,sex_t,geo_cov_rur,mts_details_x,1996,0.079
bwa,sex_t,geo_cov_urb,mts_aggregate_1,1996,117.464
bwa,sex_t,geo_cov_urb,mts_aggregate_1,2006,191.022
bwa,sex_t,geo_cov_urb,mts_aggregate_1,2009,205.185
bwa,sex_t,geo_cov_urb,mts_aggregate_2,1996,29.094
bwa,sex_t,geo_cov_urb,mts_aggregate_2,2006,55.688
bwa,sex_t,geo_cov_urb,mts_aggregate_2,2009,61.617
bwa,sex_t,geo_cov_urb,mts_aggregate_total,1996,146.558
bwa,sex_t,geo_cov_urb,mts_aggregate_total,2006,246.993
bwa,sex_t,geo_cov_urb,mts_aggregate_total,2009,267.085
bwa,sex_t,geo_cov_urb,mts_aggregate_x,2006,0.283
bwa,sex_t,geo_cov_urb,mts_details_mrd,1996,21.124
bwa,sex_t,geo_cov_urb,mts_details_mrd,2006,40.101
bwa,sex_t,geo_cov_urb,mts_details_mrd,2009,37.583
bwa,sex_t,geo_cov_urb,mts_details_sep,1996,0.839
bwa,sex_t,geo_cov_urb,mts_details_sep,2006,2.155
bwa,sex_t,geo_cov_urb,mts_details_sep,2009,4.587
bwa,sex_t,geo_cov_urb,mts_details_sgle,1996,108.436
bwa,sex_t,geo_cov_urb,mts_details_sgle,2006,173.058
bwa,sex_t,geo_cov_urb,mts_details_sgle,2009,180.217
bwa,sex_t,geo_cov_urb,mts_details_total,1996,146.558
bwa,sex_t,geo_cov_urb,mts_details_total,2006,246.993
bwa,sex_t,geo_cov_urb,mts_details_total,2009,267.085
bwa,sex_t,geo_cov_urb,mts_details_union,1996,7.97
bwa,sex_t,geo_cov_urb,mts_details_union,2006,15.587
bwa,sex_t,geo_cov_urb,mts_details_union,2009,24.033
bwa,sex_t,geo_cov_urb,mts_details_wid,1996,8.189
bwa,sex_t,geo_cov_urb,mts_details_wid,2006,15.81
bwa,sex_t,geo_cov_urb,mts_details_wid,2009,20.381
bwa,sex_t,geo_cov_urb,mts_details_x,2006,0.283
che,sex_f,geo_cov_nat,mts_aggregate_1,2000,601.865
che,sex_f,geo_cov_nat,mts_aggregate_1,2005,634.402
che,sex_f,geo_cov_nat,mts_aggregate_1,2010,657.184
che,sex_f,geo_cov_nat,mts_aggregate_1,2011,661.65
che,sex_f,geo_cov_nat,mts_aggregate_1,2012,675.788
che,sex_f,geo_cov_nat,mts_aggregate_1,2013,678.795
che,sex_f,geo_cov_nat,mts_aggregate_1,2014,675.921
che,sex_f,geo_cov_nat,mts_aggregate_1,2015,675.852
che,sex_f,geo_cov_nat,mts_aggregate_1,2016,680.62
che,sex_f,geo_cov_nat,mts_aggregate_1,2017,686.645
che,sex_f,geo_cov_nat,mts_aggregate_1,2018,693.096
che,sex_f,geo_cov_nat,mts_aggregate_1,2019,706.224
che,sex_f,geo_cov_nat,mts_aggregate_1,2020,728.111
che,sex_f,geo_cov_nat,mts_aggregate_1,2021,733.723
che,sex_f,geo_cov_nat,mts_aggregate_2,2000,684.296
che,sex_f,geo_cov_nat,mts_aggregate_2,2005,657.91
che,sex_f,geo_cov_nat,mts_aggregate_2,2010,685.104
che,sex_f,geo_cov_nat,mts_aggregate_2,2011,674.089
che,sex_f,geo_cov_nat,mts_aggregate_2,2012,664.771
che,sex_f,geo_cov_nat,mts_aggregate_2,2013,665.891
che,sex_f,geo_cov_nat,mts_aggregate_2,2014,656.609
che,sex_f,geo_cov_nat,mts_aggregate_2,2015,655.876
che,sex_f,geo_cov_nat,mts_aggregate_2,2016,654.04
che,sex_f,geo_cov_nat,mts_aggregate_2,2017,665.64
che,sex_f,geo_cov_nat,mts_aggregate_2,2018,656.993
che,sex_f,geo_cov_nat,mts_aggregate_2,2019,649.947
che,sex_f,geo_cov_nat,mts_aggregate_2,2020,655.44
che,sex_f,geo_cov_nat,mts_aggregate_2,2021,670.067
che,sex_f,geo_cov_nat,mts_aggregate_total,2000,1295.274
che,sex_f,geo_cov_nat,mts_aggregate_total,2005,1301.299
che,sex_f,geo_cov_nat,mts_aggregate_total,2010,1350.477
che,sex_f,geo_cov_nat,mts_aggregate_total,2011,1344.392
che,sex_f,geo_cov_nat,mts_aggregate_total,2012,1349.018
che,sex_f,geo_cov_nat,mts_aggregate_total,2013,1353.016
che,sex_f,geo_cov_nat,mts_aggregate_total,2014,1341.721
che,sex_f,geo_cov_nat,mts_aggregate_total,2015,1342.547
che,sex_f,geo_cov_nat,mts_aggregate_total,2016,1334.66
che,sex_f,geo_cov_nat,mts_aggregate_total,2017,1352.284
che,sex_f,geo_cov_nat,mts_aggregate_total,2018,1350.088
che,sex_f,geo_cov_nat,mts_aggregate_total,2019,1356.171
che,sex_f,geo_cov_nat,mts_aggregate_total,2020,1383.551
che,sex_f,geo_cov_nat,mts_aggregate_total,2021,1403.79
che,sex_f,geo_cov_nat,mts_aggregate_x,2000,9.114
che,sex_f,geo_cov_nat,mts_aggregate_x,2005,8.988
che,sex_f,geo_cov_nat,mts_aggregate_x,2010,8.189
che,sex_f,geo_cov_nat,mts_aggregate_x,2011,8.654
che,sex_f,geo_cov_nat,mts_aggregate_x,2012,8.459
che,sex_f,geo_cov_nat,mts_aggregate_x,2013,8.331
che,sex_f,geo_cov_nat,mts_aggregate_x,2014,9.192
che,sex_f,geo_cov_nat,mts_aggregate_x,2015,10.818
che,sex_f,geo_cov_nat,mts_details_mrd,2000,684.296
che,sex_f,geo_cov_nat,mts_details_mrd,2005,657.91
che,sex_f,geo_cov_nat,mts_details_mrd,2010,684.553
che,sex_f,geo_cov_nat,mts_details_mrd,2011,673.174
che,sex_f,geo_cov_nat,mts_details_mrd,2012,663.28
che,sex_f,geo_cov_nat,mts_details_mrd,2013,664.812
che,sex_f,geo_cov_nat,mts_details_mrd,2014,654.881
che,sex_f,geo_cov_nat,mts_details_mrd,2015,655.334
che,sex_f,geo_cov_nat,mts_details_mrd,2016,652.957
che,sex_f,geo_cov_nat,mts_details_mrd,2017,664.755
che,sex_f,geo_cov_nat,mts_details_mrd,2018,656.196
che,sex_f,geo_cov_nat,mts_details_mrd,2019,648.521
che,sex_f,geo_cov_nat,mts_details_mrd,2020,653.305
che,sex_f,geo_cov_nat,mts_details_mrd,2021,667.995
che,sex_f,geo_cov_nat,mts_details_sep,2000,71.329
che,sex_f,geo_cov_nat,mts_details_sep,2005,94.029
che,sex_f,geo_cov_nat,mts_details_sep,2010,110.566
che,sex_f,geo_cov_nat,mts_details_sep,2011,118.217
che,sex_f,geo_cov_nat,mts_details_sep,2012,127.381
che,sex_f,geo_cov_nat,mts_details_sep,2013,129.818
che,sex_f,geo_cov_nat,mts_details_sep,2014,131.767
che,sex_f,geo_cov_nat,mts_details_sep,2015,141.19
che,sex_f,geo_cov_nat,mts_details_sep,2016,155.043
che,sex_f,geo_cov_nat,mts_details_sep,2017,155.307
che,sex_f,geo_cov_nat,mts_details_sep,2018,159.637
che,sex_f,geo_cov_nat,mts_details_sep,2019,165.47
che,sex_f,geo_cov_nat,mts_details_sep,2020,181.255
che,sex_f,geo_cov_nat,mts_details_sep,2021,184.508
che,sex_f,geo_cov_nat,mts_details_sgle,2000,230.002
che,sex_f,geo_cov_nat,mts_details_sgle,2005,252.529
che,sex_f,geo_cov_nat,mts_details_sgle,2010,249.975
che,sex_f,geo_cov_nat,mts_details_sgle,2011,253.494
che,sex_f,geo_cov_nat,mts_details_sgle,2012,263.269
che,sex_f,geo_cov_nat,mts_details_sgle,2013,265.288
che,sex_f,geo_cov_nat,mts_details_sgle,2014,261.066
che,sex_f,geo_cov_nat,mts_details_sgle,2015,246.741
che,sex_f,geo_cov_nat,mts_details_sgle,2016,242.749
che,sex_f,geo_cov_nat,mts_details_sgle,2017,250.386
che,sex_f,geo_cov_nat,mts_details_sgle,2018,250.934
che,sex_f,geo_cov_nat,mts_details_sgle,2019,257.453
che,sex_f,geo_cov_nat,mts_details_sgle,2020,262.275
che,sex_f,geo_cov_nat,mts_details_sgle,2021,265.979
che,sex_f,geo_cov_nat,mts_details_total,2000,1295.274
che,sex_f,geo_cov_nat,mts_details_total,2005,1301.299
che,sex_f,geo_cov_nat,mts_details_total,2010,1350.477
che,sex_f,geo_cov_nat,mts_details_total,2011,1344.392
che,sex_f,geo_cov_nat,mts_details_total,2012,1349.018
che,sex_f,geo_cov_nat,mts_details_total,2013,1353.016
che,sex_f,geo_cov_nat,mts_details_total,2014,1341.721
che,sex_f,geo_cov_nat,mts_details_total,2015,1342.547
che,sex_f,geo_cov_nat,mts_details_total,2016,1334.66
che,sex_f,geo_cov_nat,mts_details_total,2017,1352.284
che,sex_f,geo_cov_nat,mts_details_total,2018,1350.088
che,sex_f,geo_cov_nat,mts_details_total,2019,1356.171
che,sex_f,geo_cov_nat,mts_details_total,2020,1383.551
che,sex_f,geo_cov_nat,mts_details_total,2021,1403.79
che,sex_f,geo_cov_nat,mts_details_union,2010,0.551
che,sex_f,geo_cov_nat,mts_details_union,2011,0.915
che,sex_f,geo_cov_nat,mts_details_union,2012,1.492
che,sex_f,geo_cov_nat,mts_details_union,2013,1.079
che,sex_f,geo_cov_nat,mts_details_union,2014,1.728
che,sex_f,geo_cov_nat,mts_details_union,2015,0.542
che,sex_f,geo_cov_nat,mts_details_union,2016,1.083
che,sex_f,geo_cov_nat,mts_details_union,2017,0.885
che,sex_f,geo_cov_nat,mts_details_union,2018,0.796
che,sex_f,geo_cov_nat,mts_details_union,2019,1.426
che,sex_f,geo_cov_nat,mts_details_union,2020,2.135
che,sex_f,geo_cov_nat,mts_details_union,2021,2.072
che,sex_f,geo_cov_nat,mts_details_wid,2000,300.533
che,sex_f,geo_cov_nat,mts_details_wid,2005,287.844
che,sex_f,geo_cov_nat,mts_details_wid,2010,296.644
che,sex_f,geo_cov_nat,mts_details_wid,2011,289.939
che,sex_f,geo_cov_nat,mts_details_wid,2012,285.139
che,sex_f,geo_cov_nat,mts_details_wid,2013,283.688
che,sex_f,geo_cov_nat,mts_details_wid,2014,283.088
che,sex_f,geo_cov_nat,mts_details_wid,2015,287.921
che,sex_f,geo_cov_nat,mts_details_wid,2016,282.829
che,sex_f,geo_cov_nat,mts_details_wid,2017,280.952
che,sex_f,geo_cov_nat,mts_details_wid,2018,282.524
che,sex_f,geo_cov_nat,mts_details_wid,2019,283.302
che,sex_f,geo_cov_nat,mts_details_wid,2020,284.581
che,sex_f,geo_cov_nat,mts_details_wid,2021,283.236
che,sex_f,geo_cov_nat,mts_details_x,2000,9.114
che,sex_f,geo_cov_nat,mts_details_x,2005,8.988
che,sex_f,geo_cov_nat,mts_details_x,2010,8.189
che,sex_f,geo_cov_nat,mts_details_x,2011,8.654
che,sex_f,geo_cov_nat,mts_details_x,2012,8.459
che,sex_f,geo_cov_nat,mts_details_x,2013,8.331
che,sex_f,geo_cov_nat,mts_details_x,2014,9.192
che,sex_f,geo_cov_nat,mts_details_x,2015,10.818
che,sex_f,geo_cov_rur,mts_aggregate_1,2000,70.55
che,sex_f,geo_cov_rur,mts_aggregate_1,2005,92.384
che,sex_f,geo_cov_rur,mts_aggregate_1,2010,94.384
che,sex_f,geo_cov_rur,mts_aggregate_1,2011,90.115
che,sex_f,geo_cov_rur,mts_aggregate_1,2012,86.41
che,sex_f,geo_cov_rur,mts_aggregate_1,2013,85.414
che,sex_f,geo_cov_rur,mts_aggregate_1,2014,85.38
che,sex_f,geo_cov_rur,mts_aggregate_1,2015,91.215
che,sex_f,geo_cov_rur,mts_aggregate_1,2016,95.341
che,sex_f,geo_cov_rur,mts_aggregate_1,2017,95.26
che,sex_f,geo_cov_rur,mts_aggregate_1,2018,93.092
che,sex_f,geo_cov_rur,mts_aggregate_1,2019,102.006
che,sex_f,geo_cov_rur,mts_aggregate_1,2020,99.365
che,sex_f,geo_cov_rur,mts_aggregate_1,2021,95.008
che,sex_f,geo_cov_rur,mts_aggregate_2,2000,123.525
che,sex_f,geo_cov_rur,mts_aggregate_2,2005,112.465
che,sex_f,geo_cov_rur,mts_aggregate_2,2010,114.454
che,sex_f,geo_cov_rur,mts_aggregate_2,2011,117.381
che,sex_f,geo_cov_rur,mts_aggregate_2,2012,113.126
che,sex_f,geo_cov_rur,mts_aggregate_2,2013,114.651
che,sex_f,geo_cov_rur,mts_aggregate_2,2014,108.147
che,sex_f,geo_cov_rur,mts_aggregate_2,2015,102.239
che,sex_f,geo_cov_rur,mts_aggregate_2,2016,95.941
che,sex_f,geo_cov_rur,mts_aggregate_2,2017,98.642
che,sex_f,geo_cov_rur,mts_aggregate_2,2018,94.999
che,sex_f,geo_cov_rur,mts_aggregate_2,2019,99.171
che,sex_f,geo_cov_rur,mts_aggregate_2,2020,100.52
che,sex_f,geo_cov_rur,mts_aggregate_2,2021,110.272
che,sex_f,geo_cov_rur,mts_aggregate_total,2000,194.644
che,sex_f,geo_cov_rur,mts_aggregate_total,2005,205.757
che,sex_f,geo_cov_rur,mts_aggregate_total,2010,209.212
che,sex_f,geo_cov_rur,mts_aggregate_total,2011,208.121
che,sex_f,geo_cov_rur,mts_aggregate_total,2012,200.456
che,sex_f,geo_cov_rur,mts_aggregate_total,2013,201.361
che,sex_f,geo_cov_rur,mts_aggregate_total,2014,194.945
che,sex_f,geo_cov_rur,mts_aggregate_total,2015,194.574
che,sex_f,geo_cov_rur,mts_aggregate_total,2016,191.281
che,sex_f,geo_cov_rur,mts_aggregate_total,2017,193.902
che,sex_f,geo_cov_rur,mts_aggregate_total,2018,188.091
che,sex_f,geo_cov_rur,mts_aggregate_total,2019,201.177
che,sex_f,geo_cov_rur,mts_aggregate_total,2020,199.885
che,sex_f,geo_cov_rur,mts_aggregate_total,2021,205.28
che,sex_f,geo_cov_rur,mts_aggregate_x,2005,0.909
che,sex_f,geo_cov_rur,mts_aggregate_x,2010,0.374
che,sex_f,geo_cov_rur,mts_aggregate_x,2011,0.625
che,sex_f,geo_cov_rur,mts_aggregate_x,2012,0.92
che,sex_f,geo_cov_rur,mts_aggregate_x,2013,1.295
che,sex_f,geo_cov_rur,mts_aggregate_x,2014,1.418
che,sex_f,geo_cov_rur,mts_aggregate_x,2015,1.12
che,sex_f,geo_cov_rur,mts_details_mrd,2000,123.525
che,sex_f,geo_cov_rur,mts_details_mrd,2005,112.465
che,sex_f,geo_cov_rur,mts_details_mrd,2010,114.454
che,sex_f,geo_cov_rur,mts_details_mrd,2011,117.333
che,sex_f,geo_cov_rur,mts_details_mrd,2012,112.972
che,sex_f,geo_cov_rur,mts_details_mrd,2013,114.651
che,sex_f,geo_cov_rur,mts_details_mrd,2014,108.043
che,sex_f,geo_cov_rur,mts_details_mrd,2015,102.196
che,sex_f,geo_cov_rur,mts_details_mrd,2016,95.776
che,sex_f,geo_cov_rur,mts_details_mrd,2017,98.642
che,sex_f,geo_cov_rur,mts_details_mrd,2018,94.999
che,sex_f,geo_cov_rur,mts_details_mrd,2019,99.171
che,sex_f,geo_cov_rur,mts_details_mrd,2020,100.285
che,sex_f,geo_cov_rur,mts_details_mrd,2021,109.789
che,sex_f,geo_cov_rur,mts_details_sep,2000,4.985
che,sex_f,geo_cov_rur,mts_details_sep,2005,7.984
che,sex_f,geo_cov_rur,mts_details_sep,2010,10.72
che,sex_f,geo_cov_rur,mts_details_sep,2011,12.094
che,sex_f,geo_cov_rur,mts_details_sep,2012,11.414
che,sex_f,geo_cov_rur,mts_details_sep,2013,11.724
che,sex_f,geo_cov_rur,mts_details_sep,2014,12.09
che,sex_f,geo_cov_rur,mts_details_sep,2015,15.711
che,sex_f,geo_cov_rur,mts_details_sep,2016,14.783
che,sex_f,geo_cov_rur,mts_details_sep,2017,15.977
che,sex_f,geo_cov_rur,mts_details_sep,2018,15.965
che,sex_f,geo_cov_rur,mts_details_sep,2019,14.674
che,sex_f,geo_cov_rur,mts_details_sep,2020,20.778
che,sex_f,geo_cov_rur,mts_details_sep,2021,21.577
che,sex_f,geo_cov_rur,mts_details_sgle,2000,23.09
che,sex_f,geo_cov_rur,mts_details_sgle,2005,36.433
che,sex_f,geo_cov_rur,mts_details_sgle,2010,36.718
che,sex_f,geo_cov_rur,mts_details_sgle,2011,33.954
che,sex_f,geo_cov_rur,mts_details_sgle,2012,34.053
che,sex_f,geo_cov_rur,mts_details_sgle,2013,34.381
che,sex_f,geo_cov_rur,mts_details_sgle,2014,32.451
che,sex_f,geo_cov_rur,mts_details_sgle,2015,29.444
che,sex_f,geo_cov_rur,mts_details_sgle,2016,35.591
che,sex_f,geo_cov_rur,mts_details_sgle,2017,36.179
che,sex_f,geo_cov_rur,mts_details_sgle,2018,34.386
che,sex_f,geo_cov_rur,mts_details_sgle,2019,37.789
che,sex_f,geo_cov_rur,mts_details_sgle,2020,37.544
che,sex_f,geo_cov_rur,mts_details_sgle,2021,35.353
che,sex_f,geo_cov_rur,mts_details_total,2000,194.644
che,sex_f,geo_cov_rur,mts_details_total,2005,205.757
che,sex_f,geo_cov_rur,mts_details_total,2010,209.212
che,sex_f,geo_cov_rur,mts_details_total,2011,208.121
che,sex_f,geo_cov_rur,mts_details_total,2012,200.456
che,sex_f,geo_cov_rur,mts_details_total,2013,201.361
che,sex_f,geo_cov_rur,mts_details_total,2014,194.945
che,sex_f,geo_cov_rur,mts_details_total,2015,194.574
che,sex_f,geo_cov_rur,mts_details_total,2016,191.281
che,sex_f,geo_cov_rur,mts_details_total,2017,193.902
che,sex_f,geo_cov_rur,mts_details_total,2018,188.091
che,sex_f,geo_cov_rur,mts_details_total,2019,201.177
che,sex_f,geo_cov_rur,mts_details_total,2020,199.885
che,sex_f,geo_cov_rur,mts_details_total,2021,205.28
che,sex_f,geo_cov_rur,mts_details_wid,2000,42.475
che,sex_f,geo_cov_rur,mts_details_wid,2005,47.966
che,sex_f,geo_cov_rur,mts_details_wid,2010,46.946
che,sex_f,geo_cov_rur,mts_details_wid,2011,44.067
che,sex_f,geo_cov_rur,mts_details_wid,2012,40.943
che,sex_f,geo_cov_rur,mts_details_wid,2013,39.31
che,sex_f,geo_cov_rur,mts_details_wid,2014,40.839
che,sex_f,geo_cov_rur,mts_details_wid,2015,46.06
che,sex_f,geo_cov_rur,mts_details_wid,2016,44.967
che,sex_f,geo_cov_rur,mts_details_wid,2017,43.104
che,sex_f,geo_cov_rur,mts_details_wid,2018,42.741
che,sex_f,geo_cov_rur,mts_details_wid,2019,49.543
che,sex_f,geo_cov_rur,mts_details_wid,2020,41.043
che,sex_f,geo_cov_rur,mts_details_wid,2021,38.078
che,sex_f,geo_cov_rur,mts_details_x,2005,0.909
che,sex_f,geo_cov_rur,mts_details_x,2010,0.374
che,sex_f,geo_cov_rur,mts_details_x,2011,0.625
che,sex_f,geo_cov_rur,mts_details_x,2012,0.92
che,sex_f,geo_cov_rur,mts_details_x,2013,1.295
che,sex_f,geo_cov_rur,mts_details_x,2014,1.418
che,sex_f,geo_cov_rur,mts_details_x,2015,1.12
che,sex_f,geo_cov_urb,mts_aggregate_1,2000,531.315
che,sex_f,geo_cov_urb,mts_aggregate_1,2005,542.019
che,sex_f,geo_cov_urb,mts_aggregate_1,2010,562.8
che,sex_f,geo_cov_urb,mts_aggregate_1,2011,571.535
che,sex_f,geo_cov_urb,mts_aggregate_1,2012,589.378
che,sex_f,geo_cov_urb,mts_aggregate_1,2013,593.38
che,sex_f,geo_cov_urb,mts_aggregate_1,2014,590.541
che,sex_f,geo_cov_urb,mts_aggregate_1,2015,584.638
che,sex_f,geo_cov_urb,mts_aggregate_1,2016,585.28
che,sex_f,geo_cov_urb,mts_aggregate_1,2017,591.385
che,sex_f,geo_cov_urb,mts_aggregate_1,2018,600.004
che,sex_f,geo_cov_urb,mts_aggregate_1,2019,604.218
che,sex_f,geo_cov_urb,mts_aggregate_1,2020,628.746
che,sex_f,geo_cov_urb,mts_aggregate_1,2021,638.716
che,sex_f,geo_cov_urb,mts_aggregate_2,2000,560.771
che,sex_f,geo_cov_urb,mts_aggregate_2,2005,545.445
che,sex_f,geo_cov_urb,mts_aggregate_2,2010,570.65
che,sex_f,geo_cov_urb,mts_aggregate_2,2011,556.708
che,sex_f,geo_cov_urb,mts_aggregate_2,2012,551.646
che,sex_f,geo_cov_urb,mts_aggregate_2,2013,551.239
che,sex_f,geo_cov_urb,mts_aggregate_2,2014,548.461
che,sex_f,geo_cov_urb,mts_aggregate_2,2015,553.637
che,sex_f,geo_cov_urb,mts_aggregate_2,2016,558.099
che,sex_f,geo_cov_urb,mts_aggregate_2,2017,566.998
che,sex_f,geo_cov_urb,mts_aggregate_2,2018,561.994
che,sex_f,geo_cov_urb,mts_aggregate_2,2019,550.777
che,sex_f,geo_cov_urb,mts_aggregate_2,2020,554.92
che,sex_f,geo_cov_urb,mts_aggregate_2,2021,559.795
che,sex_f,geo_cov_urb,mts_aggregate_total,2000,1100.63
che,sex_f,geo_cov_urb,mts_aggregate_total,2005,1095.542
che,sex_f,geo_cov_urb,mts_aggregate_total,2010,1141.264
che,sex_f,geo_cov_urb,mts_aggregate_total,2011,1136.272
che,sex_f,geo_cov_urb,mts_aggregate_total,2012,1148.562
che,sex_f,geo_cov_urb,mts_aggregate_total,2013,1151.655
che,sex_f,geo_cov_urb,mts_aggregate_total,2014,1146.776
che,sex_f,geo_cov_urb,mts_aggregate_total,2015,1147.973
che,sex_f,geo_cov_urb,mts_aggregate_total,2016,1143.379
che,sex_f,geo_cov_urb,mts_aggregate_total,2017,1158.383
che,sex_f,geo_cov_urb,mts_aggregate_total,2018,1161.997
che,sex_f,geo_cov_urb,mts_aggregate_total,2019,1154.994
che,sex_f,geo_cov_urb,mts_aggregate_total,2020,1183.666
che,sex_f,geo_cov_urb,mts_aggregate_total,2021,1198.51
che,sex_f,geo_cov_urb,mts_aggregate_x,2000,8.545
che,sex_f,geo_cov_urb,mts_aggregate_x,2005,8.079
che,sex_f,geo_cov_urb,mts_aggregate_x,2010,7.815
che,sex_f,geo_cov_urb,mts_aggregate_x,2011,8.029
che,sex_f,geo_cov_urb,mts_aggregate_x,2012,7.538
che,sex_f,geo_cov_urb,mts_aggregate_x,2013,7.036
che,sex_f,geo_cov_urb,mts_aggregate_x,2014,7.775
che,sex_f,geo_cov_urb,mts_aggregate_x,2015,9.698
che,sex_f,geo_cov_urb,mts_details_mrd,2000,560.771
che,sex_f,geo_cov_urb,mts_details_mrd,2005,545.445
che,sex_f,geo_cov_urb,mts_details_mrd,2010,570.099
che,sex_f,geo_cov_urb,mts_details_mrd,2011,555.841
che,sex_f,geo_cov_urb,mts_details_mrd,2012,550.308
che,sex_f,geo_cov_urb,mts_details_mrd,2013,550.16
che,sex_f,geo_cov_urb,mts_details_mrd,2014,546.838
che,sex_f,geo_cov_urb,mts_details_mrd,2015,553.138
che,sex_f,geo_cov_urb,mts_details_mrd,2016,557.181
che,sex_f,geo_cov_urb,mts_details_mrd,2017,566.113
che,sex_f,geo_cov_urb,mts_details_mrd,2018,561.197
che,sex_f,geo_cov_urb,mts_details_mrd,2019,549.35
che,sex_f,geo_cov_urb,mts_details_mrd,2020,553.02
che,sex_f,geo_cov_urb,mts_details_mrd,2021,558.207
che,sex_f,geo_cov_urb,mts_details_sep,2000,66.345
che,sex_f,geo_cov_urb,mts_details_sep,2005,86.044
che,sex_f,geo_cov_urb,mts_details_sep,2010,99.846
che,sex_f,geo_cov_urb,mts_details_sep,2011,106.123
che,sex_f,geo_cov_urb,mts_details_sep,2012,115.966
che,sex_f,geo_cov_urb,mts_details_sep,2013,118.095
che,sex_f,geo_cov_urb,mts_details_sep,2014,119.677
che,sex_f,geo_cov_urb,mts_details_sep,2015,125.479
che,sex_f,geo_cov_urb,mts_details_sep,2016,140.261
che,sex_f,geo_cov_urb,mts_details_sep,2017,139.33
che,sex_f,geo_cov_urb,mts_details_sep,2018,143.672
che,sex_f,geo_cov_urb,mts_details_sep,2019,150.795
che,sex_f,geo_cov_urb,mts_details_sep,2020,160.477
che,sex_f,geo_cov_urb,mts_details_sep,2021,162.931
che,sex_f,geo_cov_urb,mts_details_sgle,2000,206.912
che,sex_f,geo_cov_urb,mts_details_sgle,2005,216.096
che,sex_f,geo_cov_urb,mts_details_sgle,2010,213.257
che,sex_f,geo_cov_urb,mts_details_sgle,2011,219.539
che,sex_f,geo_cov_urb,mts_details_sgle,2012,229.216
che,sex_f,geo_cov_urb,mts_details_sgle,2013,230.907
che,sex_f,geo_cov_urb,mts_details_sgle,2014,228.615
che,sex_f,geo_cov_urb,mts_details_sgle,2015,217.298
che,sex_f,geo_cov_urb,mts_details_sgle,2016,207.157
che,sex_f,geo_cov_urb,mts_details_sgle,2017,214.207
che,sex_f,geo_cov_urb,mts_details_sgle,2018,216.548
che,sex_f,geo_cov_urb,mts_details_sgle,2019,219.664
che,sex_f,geo_cov_urb,mts_details_sgle,2020,224.731
che,sex_f,geo_cov_urb,mts_details_sgle,2021,230.627
che,sex_f,geo_cov_urb,mts_details_total,2000,1100.63
che,sex_f,geo_cov_urb,mts_details_total,2005,1095.542
che,sex_f,geo_cov_urb,mts_details_total,2010,1141.264
che,sex_f,geo_cov_urb,mts_details_total,2011,1136.272
che,sex_f,geo_cov_urb,mts_details_total,2012,1148.562
che,sex_f,geo_cov_urb,mts_details_total,2013,1151.655
che,sex_f,geo_cov_urb,mts_details_total,2014,1146.776
che,sex_f,geo_cov_urb,mts_details_total,2015,1147.973
che,sex_f,geo_cov_urb,mts_details_total,2016,1143.379
che,sex_f,geo_cov_urb,mts_details_total,2017,1158.383
che,sex_f,geo_cov_urb,mts_details_total,2018,1161.997
che,sex_f,geo_cov_urb,mts_details_total,2019,1154.994
che,sex_f,geo_cov_urb,mts_details_total,2020,1183.666
che,sex_f,geo_cov_urb,mts_details_total,2021,1198.51
che,sex_f,geo_cov_urb,mts_details_union,2010,0.551
che,sex_f,geo_cov_urb,mts_details_union,2011,0.867
che,sex_f,geo_cov_urb,mts_details_union,2012,1.338
che,sex_f,geo_cov_urb,mts_details_union,2013,1.079
che,sex_f,geo_cov_urb,mts_details_union,2014,1.623
che,sex_f,geo_cov_urb,mts_details_union,2015,0.499
che,sex_f,geo_cov_urb,mts_details_union,2016,0.918
che,sex_f,geo_cov_urb,mts_details_union,2017,0.885
che,sex_f,geo_cov_urb,mts_details_union,2018,0.796
che,sex_f,geo_cov_urb,mts_details_union,2019,1.426
che,sex_f,geo_cov_urb,mts_details_union,2020,1.9
che,sex_f,geo_cov_urb,mts_details_union,2021,1.588
che,sex_f,geo_cov_urb,mts_details_wid,2000,258.058
che,sex_f,geo_cov_urb,mts_details_wid,2005,239.879
che,sex_f,geo_cov_urb,mts_details_wid,2010,249.698
che,sex_f,geo_cov_urb,mts_details_wid,2011,245.872
che,sex_f,geo_cov_urb,mts_details_wid,2012,244.196
che,sex_f,geo_cov_urb,mts_details_wid,2013,244.378
che,sex_f,geo_cov_urb,mts_details_wid,2014,242.249
che,sex_f,geo_cov_urb,mts_details_wid,2015,241.861
che,sex_f,geo_cov_urb,mts_details_wid,2016,237.862
che,sex_f,geo_cov_urb,mts_details_wid,2017,237.848
che,sex_f,geo_cov_urb,mts_details_wid,2018,239.784
che,sex_f,geo_cov_urb,mts_details_wid,2019,233.759
che,sex_f,geo_cov_urb,mts_details_wid,2020,243.538
che,sex_f,geo_cov_urb,mts_details_wid,2021,245.158
che,sex_f,geo_cov_urb,mts_details_x,2000,8.545
che,sex_f,geo_cov_urb,mts_details_x,2005,8.079
che,sex_f,geo_cov_urb,mts_details_x,2010,7.815
che,sex_f,geo_cov_urb,mts_details_x,2011,8.029
che,sex_f,geo_cov_urb,mts_details_x,2012,7.538
che,sex_f,geo_cov_urb,mts_details_x,2013,7.036
che,sex_f,geo_cov_urb,mts_details_x,2014,7.775
che,sex_f,geo_cov_urb,mts_details_x,2015,9.698
che,sex_m,geo_cov_nat,mts_aggregate_1,2000,261.178
che,sex_m,geo_cov_nat,mts_aggregate_1,2005,304.434
che,sex_m,geo_cov_nat,mts_aggregate_1,2010,362.441
che,sex_m,geo_cov_nat,mts_aggregate_1,2011,357.525
che,sex_m,geo_cov_nat,mts_aggregate_1,2012,371.986
che,sex_m,geo_cov_nat,mts_aggregate_1,2013,386.493
che,sex_m,geo_cov_nat,mts_aggregate_1,2014,386.465
che,sex_m,geo_cov_nat,mts_aggregate_1,2015,389.177
che,sex_m,geo_cov_nat,mts_aggregate_1,2016,386.268
che,sex_m,geo_cov_nat,mts_aggregate_1,2017,400.016
che,sex_m,geo_cov_nat,mts_aggregate_1,2018,413.671
che,sex_m,geo_cov_nat,mts_aggregate_1,2019,418.906
che,sex_m,geo_cov_nat,mts_aggregate_1,2020,424.775
che,sex_m,geo_cov_nat,mts_aggregate_1,2021,445.979
che,sex_m,geo_cov_nat,mts_aggregate_2,2000,370.281
che,sex_m,geo_cov_nat,mts_aggregate_2,2005,440.076
che,sex_m,geo_cov_nat,mts_aggregate_2,2010,459.853
che,sex_m,geo_cov_nat,mts_aggregate_2,2011,462.185
che,sex_m,geo_cov_nat,mts_aggregate_2,2012,463.878
che,sex_m,geo_cov_nat,mts_aggregate_2,2013,471.724
che,sex_m,geo_cov_nat,mts_aggregate_2,2014,484.287
che,sex_m,geo_cov_nat,mts_aggregate_2,2015,488.503
che,sex_m,geo_cov_nat,mts_aggregate_2,2016,498.869
che,sex_m,geo_cov_nat,mts_aggregate_2,2017,493.158
che,sex_m,geo_cov_nat,mts_aggregate_2,2018,494.206
che,sex_m,geo_cov_nat,mts_aggregate_2,2019,516.654
che,sex_m,geo_cov_nat,mts_aggregate_2,2020,527.799
che,sex_m,geo_cov_nat,mts_aggregate_2,2021,540.254
che,sex_m,geo_cov_nat,mts_aggregate_total,2000,635.555
che,sex_m,geo_cov_nat,mts_aggregate_total,2005,749.387
che,sex_m,geo_cov_nat,mts_aggregate_total,2010,826.696
che,sex_m,geo_cov_nat,mts_aggregate_total,2011,824.898
che,sex_m,geo_cov_nat,mts_aggregate_total,2012,842.274
che,sex_m,geo_cov_nat,mts_aggregate_total,2013,863.806
che,sex_m,geo_cov_nat,mts_aggregate_total,2014,877.209
che,sex_m,geo_cov_nat,mts_aggregate_total,2015,885.692
che,sex_m,geo_cov_nat,mts_aggregate_total,2016,885.136
che,sex_m,geo_cov_nat,mts_aggregate_total,2017,893.174
che,sex_m,geo_cov_nat,mts_aggregate_total,2018,907.877
che,sex_m,geo_cov_nat,mts_aggregate_total,2019,935.559
che,sex_m,geo_cov_nat,mts_aggregate_total,2020,952.574
che,sex_m,geo_cov_nat,mts_aggregate_total,2021,986.233
che,sex_m,geo_cov_nat,mts_aggregate_x,2000,4.096
che,sex_m,geo_cov_nat,mts_aggregate_x,2005,4.878
che,sex_m,geo_cov_nat,mts_aggregate_x,2010,4.403
che,sex_m,geo_cov_nat,mts_aggregate_x,2011,5.189
che,sex_m,geo_cov_nat,mts_aggregate_x,2012,6.41
che,sex_m,geo_cov_nat,mts_aggregate_x,2013,5.589
che,sex_m,geo_cov_nat,mts_aggregate_x,2014,6.457
che,sex_m,geo_cov_nat,mts_aggregate_x,2015,8.012
che,sex_m,geo_cov_nat,mts_details_mrd,2000,370.281
che,sex_m,geo_cov_nat,mts_details_mrd,2005,440.076
che,sex_m,geo_cov_nat,mts_details_mrd,2010,458.279
che,sex_m,geo_cov_nat,mts_details_mrd,2011,461.001
che,sex_m,geo_cov_nat,mts_details_mrd,2012,461.601
che,sex_m,geo_cov_nat,mts_details_mrd,2013,470.064
che,sex_m,geo_cov_nat,mts_details_mrd,2014,482.493
che,sex_m,geo_cov_nat,mts_details_mrd,2015,486.149
che,sex_m,geo_cov_nat,mts_details_mrd,2016,496.873
che,sex_m,geo_cov_nat,mts_details_mrd,2017,491.143
che,sex_m,geo_cov_nat,mts_details_mrd,2018,491.936
che,sex_m,geo_cov_nat,mts_details_mrd,2019,513.999
che,sex_m,geo_cov_nat,mts_details_mrd,2020,524.694
che,sex_m,geo_cov_nat,mts_details_mrd,2021,536.94
che,sex_m,geo_cov_nat,mts_details_sep,2000,35.972
che,sex_m,geo_cov_nat,mts_details_sep,2005,39.682
che,sex_m,geo_cov_nat,mts_details_sep,2010,63.644
che,sex_m,geo_cov_nat,mts_details_sep,2011,65.483
che,sex_m,geo_cov_nat,mts_details_sep,2012,74.09
che,sex_m,geo_cov_nat,mts_details_sep,2013,82.891
che,sex_m,geo_cov_nat,mts_details_sep,2014,80.062
che,sex_m,geo_cov_nat,mts_details_sep,2015,78.351
che,sex_m,geo_cov_nat,mts_details_sep,2016,84.452
che,sex_m,geo_cov_nat,mts_details_sep,2017,93.681
che,sex_m,geo_cov_nat,mts_details_sep,2018,99.249
che,sex_m,geo_cov_nat,mts_details_sep,2019,94.13
che,sex_m,geo_cov_nat,mts_details_sep,2020,98.459
che,sex_m,geo_cov_nat,mts_details_sep,2021,112.834
che,sex_m,geo_cov_nat,mts_details_sgle,2000,176.9
che,sex_m,geo_cov_nat,mts_details_sgle,2005,208.324
che,sex_m,geo_cov_nat,mts_details_sgle,2010,237.399
che,sex_m,geo_cov_nat,mts_details_sgle,2011,234.134
che,sex_m,geo_cov_nat,mts_details_sgle,2012,237.721
che,sex_m,geo_cov_nat,mts_details_sgle,2013,242.117
che,sex_m,geo_cov_nat,mts_details_sgle,2014,244.586
che,sex_m,geo_cov_nat,mts_details_sgle,2015,247.825
che,sex_m,geo_cov_nat,mts_details_sgle,2016,242.074
che,sex_m,geo_cov_nat,mts_details_sgle,2017,242.534
che,sex_m,geo_cov_nat,mts_details_sgle,2018,247.17
che,sex_m,geo_cov_nat,mts_details_sgle,2019,259.747
che,sex_m,geo_cov_nat,mts_details_sgle,2020,261.576
che,sex_m,geo_cov_nat,mts_details_sgle,2021,266.664
che,sex_m,geo_cov_nat,mts_details_total,2000,635.555
che,sex_m,geo_cov_nat,mts_details_total,2005,749.387
che,sex_m,geo_cov_nat,mts_details_total,2010,826.696
che,sex_m,geo_cov_nat,mts_details_total,2011,824.898
che,sex_m,geo_cov_nat,mts_details_total,2012,842.274
che,sex_m,geo_cov_nat,mts_details_total,2013,863.806
che,sex_m,geo_cov_nat,mts_details_total,2014,877.209
che,sex_m,geo_cov_nat,mts_details_total,2015,885.692
che,sex_m,geo_cov_nat,mts_details_total,2016,885.136
che,sex_m,geo_cov_nat,mts_details_total,2017,893.174
che,sex_m,geo_cov_nat,mts_details_total,2018,907.877
che,sex_m,geo_cov_nat,mts_details_total,2019,935.559
che,sex_m,geo_cov_nat,mts_details_total,2020,952.574
che,sex_m,geo_cov_nat,mts_details_total,2021,986.233
che,sex_m,geo_cov_nat,mts_details_union,2010,1.573
che,sex_m,geo_cov_nat,mts_details_union,2011,1.184
che,sex_m,geo_cov_nat,mts_details_union,2012,2.277
che,sex_m,geo_cov_nat,mts_details_union,2013,1.66
che,sex_m,geo_cov_nat,mts_details_union,2014,1.794
che,sex_m,geo_cov_nat,mts_details_union,2015,2.355
che,sex_m,geo_cov_nat,mts_details_union,2016,1.995
che,sex_m,geo_cov_nat,mts_details_union,2017,2.015
che,sex_m,geo_cov_nat,mts_details_union,2018,2.27
che,sex_m,geo_cov_nat,mts_details_union,2019,2.654
che,sex_m,geo_cov_nat,mts_details_union,2020,3.105
che,sex_m,geo_cov_nat,mts_details_union,2021,3.314
che,sex_m,geo_cov_nat,mts_details_wid,2000,48.306
che,sex_m,geo_cov_nat,mts_details_wid,2005,56.428
che,sex_m,geo_cov_nat,mts_details_wid,2010,61.398
che,sex_m,geo_cov_nat,mts_details_wid,2011,57.908
che,sex_m,geo_cov_nat,mts_details_wid,2012,60.175
che,sex_m,geo_cov_nat,mts_details_wid,2013,61.485
che,sex_m,geo_cov_nat,mts_details_wid,2014,61.817
che,sex_m,geo_cov_nat,mts_details_wid,2015,63
che,sex_m,geo_cov_nat,mts_details_wid,2016,59.741
che,sex_m,geo_cov_nat,mts_details_wid,2017,63.802
che,sex_m,geo_cov_nat,mts_details_wid,2018,67.253
che,sex_m,geo_cov_nat,mts_details_wid,2019,65.028
che,sex_m,geo_cov_nat,mts_details_wid,2020,64.74
che,sex_m,geo_cov_nat,mts_details_wid,2021,66.482
che,sex_m,geo_cov_nat,mts_details_x,2000,4.096
che,sex_m,geo_cov_nat,mts_details_x,2005,4.878
che,sex_m,geo_cov_nat,mts_details_x,2010,4.403
che,sex_m,geo_cov_nat,mts_details_x,2011,5.189
che,sex_m,geo_cov_nat,mts_details_x,2012,6.41
che,sex_m,geo_cov_nat,mts_details_x,2013,5.589
che,sex_m,geo_cov_nat,mts_details_x,2014,6.457
che,sex_m,geo_cov_nat,mts_details_x,2015,8.012
che,sex_m,geo_cov_rur,mts_aggregate_1,2000,33.793
che,sex_m,geo_cov_rur,mts_aggregate_1,2005,42.372
che,sex_m,geo_cov_rur,mts_aggregate_1,2010,54.584
che,sex_m,geo_cov_rur,mts_aggregate_1,2011,50.052
che,sex_m,geo_cov_rur,mts_aggregate_1,2012,56.707
che,sex_m,geo_cov_rur,mts_aggregate_1,2013,59.589
che,sex_m,geo_cov_rur,mts_aggregate_1,2014,55.653
che,sex_m,geo_cov_rur,mts_aggregate_1,2015,54.561
che,sex_m,geo_cov_rur,mts_aggregate_1,2016,53.556
che,sex_m,geo_cov_rur,mts_aggregate_1,2017,59.822
che,sex_m,geo_cov_rur,mts_aggregate_1,2018,60.165
che,sex_m,geo_cov_rur,mts_aggregate_1,2019,55.935
che,sex_m,geo_cov_rur,mts_aggregate_1,2020,66.142
che,sex_m,geo_cov_rur,mts_aggregate_1,2021,64.534
che,sex_m,geo_cov_rur,mts_aggregate_2,2000,57.088
che,sex_m,geo_cov_rur,mts_aggregate_2,2005,64.703
che,sex_m,geo_cov_rur,mts_aggregate_2,2010,68.989
che,sex_m,geo_cov_rur,mts_aggregate_2,2011,71.069
che,sex_m,geo_cov_rur,mts_aggregate_2,2012,70.961
che,sex_m,geo_cov_rur,mts_aggregate_2,2013,71.604
che,sex_m,geo_cov_rur,mts_aggregate_2,2014,76.814
che,sex_m,geo_cov_rur,mts_aggregate_2,2015,71.372
che,sex_m,geo_cov_rur,mts_aggregate_2,2016,70.145
che,sex_m,geo_cov_rur,mts_aggregate_2,2017,74.399
che,sex_m,geo_cov_rur,mts_aggregate_2,2018,79.476
che,sex_m,geo_cov_rur,mts_aggregate_2,2019,76.858
che,sex_m,geo_cov_rur,mts_aggregate_2,2020,84.526
che,sex_m,geo_cov_rur,mts_aggregate_2,2021,88.034
che,sex_m,geo_cov_rur,mts_aggregate_total,2000,91.427
che,sex_m,geo_cov_rur,mts_aggregate_total,2005,107.648
che,sex_m,geo_cov_rur,mts_aggregate_total,2010,124.169
che,sex_m,geo_cov_rur,mts_aggregate_total,2011,121.59
che,sex_m,geo_cov_rur,mts_aggregate_total,2012,128.122
che,sex_m,geo_cov_rur,mts_aggregate_total,2013,131.411
che,sex_m,geo_cov_rur,mts_aggregate_total,2014,133.141
che,sex_m,geo_cov_rur,mts_aggregate_total,2015,127.023
che,sex_m,geo_cov_rur,mts_aggregate_total,2016,123.701
che,sex_m,geo_cov_rur,mts_aggregate_total,2017,134.221
che,sex_m,geo_cov_rur,mts_aggregate_total,2018,139.641
che,sex_m,geo_cov_rur,mts_aggregate_total,2019,132.793
che,sex_m,geo_cov_rur,mts_aggregate_total,2020,150.669
che,sex_m,geo_cov_rur,mts_aggregate_total,2021,152.567
che,sex_m,geo_cov_rur,mts_aggregate_x,2005,0.573
che,sex_m,geo_cov_rur,mts_aggregate_x,2010,0.596
che,sex_m,geo_cov_rur,mts_aggregate_x,2011,0.469
che,sex_m,geo_cov_rur,mts_aggregate_x,2012,0.455
che,sex_m,geo_cov_rur,mts_aggregate_x,2013,0.217
che,sex_m,geo_cov_rur,mts_aggregate_x,2014,0.674
che,sex_m,geo_cov_rur,mts_aggregate_x,2015,1.091
che,sex_m,geo_cov_rur,mts_details_mrd,2000,57.088
che,sex_m,geo_cov_rur,mts_details_mrd,2005,64.703
che,sex_m,geo_cov_rur,mts_details_mrd,2010,68.794
che,sex_m,geo_cov_rur,mts_details_mrd,2011,71.069
che,sex_m,geo_cov_rur,mts_details_mrd,2012,70.961
che,sex_m,geo_cov_rur,mts_details_mrd,2013,71.534
che,sex_m,geo_cov_rur,mts_details_mrd,2014,76.384
che,sex_m,geo_cov_rur,mts_details_mrd,2015,71.112
che,sex_m,geo_cov_rur,mts_details_mrd,2016,70.045
che,sex_m,geo_cov_rur,mts_details_mrd,2017,73.769
che,sex_m,geo_cov_rur,mts_details_mrd,2018,78.777
che,sex_m,geo_cov_rur,mts_details_mrd,2019,76.858
che,sex_m,geo_cov_rur,mts_details_mrd,2020,83.722
che,sex_m,geo_cov_rur,mts_details_mrd,2021,87.358
che,sex_m,geo_cov_rur,mts_details_sep,2000,2.774
che,sex_m,geo_cov_rur,mts_details_sep,2005,3.755
che,sex_m,geo_cov_rur,mts_details_sep,2010,11.262
che,sex_m,geo_cov_rur,mts_details_sep,2011,9.123
che,sex_m,geo_cov_rur,mts_details_sep,2012,10.15
che,sex_m,geo_cov_rur,mts_details_sep,2013,12.438
che,sex_m,geo_cov_rur,mts_details_sep,2014,11.781
che,sex_m,geo_cov_rur,mts_details_sep,2015,11.722
che,sex_m,geo_cov_rur,mts_details_sep,2016,13.252
che,sex_m,geo_cov_rur,mts_details_sep,2017,14.901
che,sex_m,geo_cov_rur,mts_details_sep,2018,13.642
che,sex_m,geo_cov_rur,mts_details_sep,2019,12.505
che,sex_m,geo_cov_rur,mts_details_sep,2020,17.44
che,sex_m,geo_cov_rur,mts_details_sep,2021,19.497
che,sex_m,geo_cov_rur,mts_details_sgle,2000,22.632
che,sex_m,geo_cov_rur,mts_details_sgle,2005,32.11
che,sex_m,geo_cov_rur,mts_details_sgle,2010,34.997
che,sex_m,geo_cov_rur,mts_details_sgle,2011,33.328
che,sex_m,geo_cov_rur,mts_details_sgle,2012,37.703
che,sex_m,geo_cov_rur,mts_details_sgle,2013,38.153
che,sex_m,geo_cov_rur,mts_details_sgle,2014,34.818
che,sex_m,geo_cov_rur,mts_details_sgle,2015,34.141
che,sex_m,geo_cov_rur,mts_details_sgle,2016,31.027
che,sex_m,geo_cov_rur,mts_details_sgle,2017,34.548
che,sex_m,geo_cov_rur,mts_details_sgle,2018,34.323
che,sex_m,geo_cov_rur,mts_details_sgle,2019,33.887
che,sex_m,geo_cov_rur,mts_details_sgle,2020,37.304
che,sex_m,geo_cov_rur,mts_details_sgle,2021,33.757
che,sex_m,geo_cov_rur,mts_details_total,2000,91.427
che,sex_m,geo_cov_rur,mts_details_total,2005,107.648
che,sex_m,geo_cov_rur,mts_details_total,2010,124.169
che,sex_m,geo_cov_rur,mts_details_total,2011,121.59
che,sex_m,geo_cov_rur,mts_details_total,2012,128.122
che,sex_m,geo_cov_rur,mts_details_total,2013,131.411
che,sex_m,geo_cov_rur,mts_details_total,2014,133.141
che,sex_m,geo_cov_rur,mts_details_total,2015,127.023
che,sex_m,geo_cov_rur,mts_details_total,2016,123.701
che,sex_m,geo_cov_rur,mts_details_total,2017,134.221
che,sex_m,geo_cov_rur,mts_details_total,2018,139.641
che,sex_m,geo_cov_rur,mts_details_total,2019,132.793
che,sex_m,geo_cov_rur,mts_details_total,2020,150.669
che,sex_m,geo_cov_rur,mts_details_total,2021,152.567
che,sex_m,geo_cov_rur,mts_details_union,2020,0.805
che,sex_m,geo_cov_rur,mts_details_union,2021,0.676
che,sex_m,geo_cov_rur,mts_details_wid,2000,8.387
che,sex_m,geo_cov_rur,mts_details_wid,2005,6.508
che,sex_m,geo_cov_rur,mts_details_wid,2010,8.326
che,sex_m,geo_cov_rur,mts_details_wid,2011,7.602
che,sex_m,geo_cov_rur,mts_details_wid,2012,8.854
che,sex_m,geo_cov_rur,mts_details_wid,2013,8.999
che,sex_m,geo_cov_rur,mts_details_wid,2014,9.054
che,sex_m,geo_cov_rur,mts_details_wid,2015,8.698
che,sex_m,geo_cov_rur,mts_details_wid,2016,9.278
che,sex_m,geo_cov_rur,mts_details_wid,2017,10.374
che,sex_m,geo_cov_rur,mts_details_wid,2018,12.2
che,sex_m,geo_cov_rur,mts_details_wid,2019,9.543
che,sex_m,geo_cov_rur,mts_details_wid,2020,11.398
che,sex_m,geo_cov_rur,mts_details_wid,2021,11.279
che,sex_m,geo_cov_rur,mts_details_x,2005,0.573
che,sex_m,geo_cov_rur,mts_details_x,2010,0.596
che,sex_m,geo_cov_rur,mts_details_x,2011,0.469
che,sex_m,geo_cov_rur,mts_details_x,2012,0.455
che,sex_m,geo_cov_rur,mts_details_x,2013,0.217
che,sex_m,geo_cov_rur,mts_details_x,2014,0.674
che,sex_m,geo_cov_rur,mts_details_x,2015,1.091
che,sex_m,geo_cov_urb,mts_aggregate_1,2000,227.385
che,sex_m,geo_cov_urb,mts_aggregate_1,2005,262.062
che,sex_m,geo_cov_urb,mts_aggregate_1,2010,307.856
che,sex_m,geo_cov_urb,mts_aggregate_1,2011,307.473
che,sex_m,geo_cov_urb,mts_aggregate_1,2012,315.28
che,sex_m,geo_cov_urb,mts_aggregate_1,2013,326.903
che,sex_m,geo_cov_urb,mts_aggregate_1,2014,330.813
che,sex_m,geo_cov_urb,mts_aggregate_1,2015,334.616
che,sex_m,geo_cov_urb,mts_aggregate_1,2016,332.712
che,sex_m,geo_cov_urb,mts_aggregate_1,2017,340.195
che,sex_m,geo_cov_urb,mts_aggregate_1,2018,353.506
che,sex_m,geo_cov_urb,mts_aggregate_1,2019,362.971
che,sex_m,geo_cov_urb,mts_aggregate_1,2020,358.633
che,sex_m,geo_cov_urb,mts_aggregate_1,2021,381.446
che,sex_m,geo_cov_urb,mts_aggregate_2,2000,313.193
che,sex_m,geo_cov_urb,mts_aggregate_2,2005,375.373
che,sex_m,geo_cov_urb,mts_aggregate_2,2010,390.864
che,sex_m,geo_cov_urb,mts_aggregate_2,2011,391.116
che,sex_m,geo_cov_urb,mts_aggregate_2,2012,392.917
che,sex_m,geo_cov_urb,mts_aggregate_2,2013,400.12
che,sex_m,geo_cov_urb,mts_aggregate_2,2014,407.473
che,sex_m,geo_cov_urb,mts_aggregate_2,2015,417.132
che,sex_m,geo_cov_urb,mts_aggregate_2,2016,428.724
che,sex_m,geo_cov_urb,mts_aggregate_2,2017,418.758
che,sex_m,geo_cov_urb,mts_aggregate_2,2018,414.729
che,sex_m,geo_cov_urb,mts_aggregate_2,2019,439.796
che,sex_m,geo_cov_urb,mts_aggregate_2,2020,443.273
che,sex_m,geo_cov_urb,mts_aggregate_2,2021,452.22
che,sex_m,geo_cov_urb,mts_aggregate_total,2000,544.128
che,sex_m,geo_cov_urb,mts_aggregate_total,2005,641.74
che,sex_m,geo_cov_urb,mts_aggregate_total,2010,702.528
che,sex_m,geo_cov_urb,mts_aggregate_total,2011,703.309
che,sex_m,geo_cov_urb,mts_aggregate_total,2012,714.152
che,sex_m,geo_cov_urb,mts_aggregate_total,2013,732.395
che,sex_m,geo_cov_urb,mts_aggregate_total,2014,744.068
che,sex_m,geo_cov_urb,mts_aggregate_total,2015,758.669
che,sex_m,geo_cov_urb,mts_aggregate_total,2016,761.436
che,sex_m,geo_cov_urb,mts_aggregate_total,2017,758.953
che,sex_m,geo_cov_urb,mts_aggregate_total,2018,768.235
che,sex_m,geo_cov_urb,mts_aggregate_total,2019,802.767
che,sex_m,geo_cov_urb,mts_aggregate_total,2020,801.906
che,sex_m,geo_cov_urb,mts_aggregate_total,2021,833.666
che,sex_m,geo_cov_urb,mts_aggregate_x,2000,3.55
che,sex_m,geo_cov_urb,mts_aggregate_x,2005,4.305
che,sex_m,geo_cov_urb,mts_aggregate_x,2010,3.807
che,sex_m,geo_cov_urb,mts_aggregate_x,2011,4.72
che,sex_m,geo_cov_urb,mts_aggregate_x,2012,5.956
che,sex_m,geo_cov_urb,mts_aggregate_x,2013,5.372
che,sex_m,geo_cov_urb,mts_aggregate_x,2014,5.783
che,sex_m,geo_cov_urb,mts_aggregate_x,2015,6.922
che,sex_m,geo_cov_urb,mts_details_mrd,2000,313.193
che,sex_m,geo_cov_urb,mts_details_mrd,2005,375.373
che,sex_m,geo_cov_urb,mts_details_mrd,2010,389.486
che,sex_m,geo_cov_urb,mts_details_mrd,2011,389.932
che,sex_m,geo_cov_urb,mts_details_mrd,2012,390.64
che,sex_m,geo_cov_urb,mts_details_mrd,2013,398.53
che,sex_m,geo_cov_urb,mts_details_mrd,2014,406.109
che,sex_m,geo_cov_urb,mts_details_mrd,2015,415.037
che,sex_m,geo_cov_urb,mts_details_mrd,2016,426.828
che,sex_m,geo_cov_urb,mts_details_mrd,2017,417.375
che,sex_m,geo_cov_urb,mts_details_mrd,2018,413.159
che,sex_m,geo_cov_urb,mts_details_mrd,2019,437.142
che,sex_m,geo_cov_urb,mts_details_mrd,2020,440.972
che,sex_m,geo_cov_urb,mts_details_mrd,2021,449.582
che,sex_m,geo_cov_urb,mts_details_sep,2000,33.199
che,sex_m,geo_cov_urb,mts_details_sep,2005,35.927
che,sex_m,geo_cov_urb,mts_details_sep,2010,52.382
che,sex_m,geo_cov_urb,mts_details_sep,2011,56.36
che,sex_m,geo_cov_urb,mts_details_sep,2012,63.94
che,sex_m,geo_cov_urb,mts_details_sep,2013,70.453
che,sex_m,geo_cov_urb,mts_details_sep,2014,68.281
che,sex_m,geo_cov_urb,mts_details_sep,2015,66.629
che,sex_m,geo_cov_urb,mts_details_sep,2016,71.201
che,sex_m,geo_cov_urb,mts_details_sep,2017,78.78
che,sex_m,geo_cov_urb,mts_details_sep,2018,85.607
che,sex_m,geo_cov_urb,mts_details_sep,2019,81.625
che,sex_m,geo_cov_urb,mts_details_sep,2020,81.019
che,sex_m,geo_cov_urb,mts_details_sep,2021,93.337
che,sex_m,geo_cov_urb,mts_details_sgle,2000,154.268
che,sex_m,geo_cov_urb,mts_details_sgle,2005,176.214
che,sex_m,geo_cov_urb,mts_details_sgle,2010,202.402
che,sex_m,geo_cov_urb,mts_details_sgle,2011,200.806
che,sex_m,geo_cov_urb,mts_details_sgle,2012,200.018
che,sex_m,geo_cov_urb,mts_details_sgle,2013,203.964
che,sex_m,geo_cov_urb,mts_details_sgle,2014,209.768
che,sex_m,geo_cov_urb,mts_details_sgle,2015,213.684
che,sex_m,geo_cov_urb,mts_details_sgle,2016,211.048
che,sex_m,geo_cov_urb,mts_details_sgle,2017,207.987
che,sex_m,geo_cov_urb,mts_details_sgle,2018,212.846
che,sex_m,geo_cov_urb,mts_details_sgle,2019,225.86
che,sex_m,geo_cov_urb,mts_details_sgle,2020,224.273
che,sex_m,geo_cov_urb,mts_details_sgle,2021,232.906
che,sex_m,geo_cov_urb,mts_details_total,2000,544.128
che,sex_m,geo_cov_urb,mts_details_total,2005,641.74
che,sex_m,geo_cov_urb,mts_details_total,2010,702.528
che,sex_m,geo_cov_urb,mts_details_total,2011,703.309
che,sex_m,geo_cov_urb,mts_details_total,2012,714.152
che,sex_m,geo_cov_urb,mts_details_total,2013,732.395
che,sex_m,geo_cov_urb,mts_details_total,2014,744.068
che,sex_m,geo_cov_urb,mts_details_total,2015,758.669
che,sex_m,geo_cov_urb,mts_details_total,2016,761.436
che,sex_m,geo_cov_urb,mts_details_total,2017,758.953
che,sex_m,geo_cov_urb,mts_details_total,2018,768.235
che,sex_m,geo_cov_urb,mts_details_total,2019,802.767
che,sex_m,geo_cov_urb,mts_details_total,2020,801.906
che,sex_m,geo_cov_urb,mts_details_total,2021,833.666
che,sex_m,geo_cov_urb,mts_details_union,2010,1.378
che,sex_m,geo_cov_urb,mts_details_union,2011,1.184
che,sex_m,geo_cov_urb,mts_details_union,2012,2.277
che,sex_m,geo_cov_urb,mts_details_union,2013,1.59
che,sex_m,geo_cov_urb,mts_details_union,2014,1.364
che,sex_m,geo_cov_urb,mts_details_union,2015,2.095
che,sex_m,geo_cov_urb,mts_details_union,2016,1.896
che,sex_m,geo_cov_urb,mts_details_union,2017,1.384
che,sex_m,geo_cov_urb,mts_details_union,2018,1.57
che,sex_m,geo_cov_urb,mts_details_union,2019,2.654
che,sex_m,geo_cov_urb,mts_details_union,2020,2.3
che,sex_m,geo_cov_urb,mts_details_union,2021,2.638
che,sex_m,geo_cov_urb,mts_details_wid,2000,39.918
che,sex_m,geo_cov_urb,mts_details_wid,2005,49.921
che,sex_m,geo_cov_urb,mts_details_wid,2010,53.073
che,sex_m,geo_cov_urb,mts_details_wid,2011,50.306
che,sex_m,geo_cov_urb,mts_details_wid,2012,51.321
che,sex_m,geo_cov_urb,mts_details_wid,2013,52.486
che,sex_m,geo_cov_urb,mts_details_wid,2014,52.763
che,sex_m,geo_cov_urb,mts_details_wid,2015,54.302
che,sex_m,geo_cov_urb,mts_details_wid,2016,50.463
che,sex_m,geo_cov_urb,mts_details_wid,2017,53.428
che,sex_m,geo_cov_urb,mts_details_wid,2018,55.053
che,sex_m,geo_cov_urb,mts_details_wid,2019,55.485
che,sex_m,geo_cov_urb,mts_details_wid,2020,53.342
che,sex_m,geo_cov_urb,mts_details_wid,2021,55.202
che,sex_m,geo_cov_urb,mts_details_x,2000,3.55
che,sex_m,geo_cov_urb,mts_details_x,2005,4.305
che,sex_m,geo_cov_urb,mts_details_x,2010,3.807
che,sex_m,geo_cov_urb,mts_details_x,2011,4.72
che,sex_m,geo_cov_urb,mts_details_x,2012,5.956
che,sex_m,geo_cov_urb,mts_details_x,2013,5.372
che,sex_m,geo_cov_urb,mts_details_x,2014,5.783
che,sex_m,geo_cov_urb,mts_details_x,2015,6.922
che,sex_t,geo_cov_nat,mts_aggregate_1,2000,863.043
che,sex_t,geo_cov_nat,mts_aggregate_1,2005,938.836
che,sex_t,geo_cov_nat,mts_aggregate_1,2010,1019.625
che,sex_t,geo_cov_nat,mts_aggregate_1,2011,1019.175
che,sex_t,geo_cov_nat,mts_aggregate_1,2012,1047.774
che,sex_t,geo_cov_nat,mts_aggregate_1,2013,1065.287
che,sex_t,geo_cov_nat,mts_aggregate_1,2014,1062.386
che,sex_t,geo_cov_nat,mts_aggregate_1,2015,1065.029
che,sex_t,geo_cov_nat,mts_aggregate_1,2016,1066.888
che,sex_t,geo_cov_nat,mts_aggregate_1,2017,1086.661
che,sex_t,geo_cov_nat,mts_aggregate_1,2018,1106.767
che,sex_t,geo_cov_nat,mts_aggregate_1,2019,1125.13
che,sex_t,geo_cov_nat,mts_aggregate_1,2020,1152.886
che,sex_t,geo_cov_nat,mts_aggregate_1,2021,1179.703
che,sex_t,geo_cov_nat,mts_aggregate_2,2000,1054.577
che,sex_t,geo_cov_nat,mts_aggregate_2,2005,1097.985
che,sex_t,geo_cov_nat,mts_aggregate_2,2010,1144.956
che,sex_t,geo_cov_nat,mts_aggregate_2,2011,1136.274
che,sex_t,geo_cov_nat,mts_aggregate_2,2012,1128.649
che,sex_t,geo_cov_nat,mts_aggregate_2,2013,1137.615
che,sex_t,geo_cov_nat,mts_aggregate_2,2014,1140.895
che,sex_t,geo_cov_nat,mts_aggregate_2,2015,1144.38
che,sex_t,geo_cov_nat,mts_aggregate_2,2016,1152.908
che,sex_t,geo_cov_nat,mts_aggregate_2,2017,1158.797
che,sex_t,geo_cov_nat,mts_aggregate_2,2018,1151.198
che,sex_t,geo_cov_nat,mts_aggregate_2,2019,1166.601
che,sex_t,geo_cov_nat,mts_aggregate_2,2020,1183.238
che,sex_t,geo_cov_nat,mts_aggregate_2,2021,1210.32
che,sex_t,geo_cov_nat,mts_aggregate_total,2000,1930.829
che,sex_t,geo_cov_nat,mts_aggregate_total,2005,2050.687
che,sex_t,geo_cov_nat,mts_aggregate_total,2010,2177.173
che,sex_t,geo_cov_nat,mts_aggregate_total,2011,2169.291
che,sex_t,geo_cov_nat,mts_aggregate_total,2012,2191.293
che,sex_t,geo_cov_nat,mts_aggregate_total,2013,2216.822
che,sex_t,geo_cov_nat,mts_aggregate_total,2014,2218.93
che,sex_t,geo_cov_nat,mts_aggregate_total,2015,2228.239
che,sex_t,geo_cov_nat,mts_aggregate_total,2016,2219.797
che,sex_t,geo_cov_nat,mts_aggregate_total,2017,2245.458
che,sex_t,geo_cov_nat,mts_aggregate_total,2018,2257.965
che,sex_t,geo_cov_nat,mts_aggregate_total,2019,2291.731
che,sex_t,geo_cov_nat,mts_aggregate_total,2020,2336.125
che,sex_t,geo_cov_nat,mts_aggregate_total,2021,2390.023
che,sex_t,geo_cov_nat,mts_aggregate_x,2000,13.21
che,sex_t,geo_cov_nat,mts_aggregate_x,2005,13.865
che,sex_t,geo_cov_nat,mts_aggregate_x,2010,12.592
che,sex_t,geo_cov_nat,mts_aggregate_x,2011,13.842
che,sex_t,geo_cov_nat,mts_aggregate_x,2012,14.869
che,sex_t,geo_cov_nat,mts_aggregate_x,2013,13.92
che,sex_t,geo_cov_nat,mts_aggregate_x,2014,15.649
che,sex_t,geo_cov_nat,mts_aggregate_x,2015,18.83
che,sex_t,geo_cov_nat,mts_details_mrd,2000,1054.577
che,sex_t,geo_cov_nat,mts_details_mrd,2005,1097.985
che,sex_t,geo_cov_nat,mts_details_mrd,2010,1142.832
che,sex_t,geo_cov_nat,mts_details_mrd,2011,1134.175
che,sex_t,geo_cov_nat,mts_details_mrd,2012,1124.881
che,sex_t,geo_cov_nat,mts_details_mrd,2013,1134.876
che,sex_t,geo_cov_nat,mts_details_mrd,2014,1137.373
che,sex_t,geo_cov_nat,mts_details_mrd,2015,1141.483
che,sex_t,geo_cov_nat,mts_details_mrd,2016,1149.83
che,sex_t,geo_cov_nat,mts_details_mrd,2017,1155.898
che,sex_t,geo_cov_nat,mts_details_mrd,2018,1148.132
che,sex_t,geo_cov_nat,mts_details_mrd,2019,1162.521
che,sex_t,geo_cov_nat,mts_details_mrd,2020,1177.999
che,sex_t,geo_cov_nat,mts_details_mrd,2021,1204.935
che,sex_t,geo_cov_nat,mts_details_sep,2000,107.302
che,sex_t,geo_cov_nat,mts_details_sep,2005,133.711
che,sex_t,geo_cov_nat,mts_details_sep,2010,174.21
che,sex_t,geo_cov_nat,mts_details_sep,2011,183.7
che,sex_t,geo_cov_nat,mts_details_sep,2012,201.471
che,sex_t,geo_cov_nat,mts_details_sep,2013,212.71
che,sex_t,geo_cov_nat,mts_details_sep,2014,211.829
che,sex_t,geo_cov_nat,mts_details_sep,2015,219.541
che,sex_t,geo_cov_nat,mts_details_sep,2016,239.495
che,sex_t,geo_cov_nat,mts_details_sep,2017,248.987
che,sex_t,geo_cov_nat,mts_details_sep,2018,258.886
che,sex_t,geo_cov_nat,mts_details_sep,2019,259.6
che,sex_t,geo_cov_nat,mts_details_sep,2020,279.714
che,sex_t,geo_cov_nat,mts_details_sep,2021,297.342
che,sex_t,geo_cov_nat,mts_details_sgle,2000,406.902
che,sex_t,geo_cov_nat,mts_details_sgle,2005,460.853
che,sex_t,geo_cov_nat,mts_details_sgle,2010,487.373
che,sex_t,geo_cov_nat,mts_details_sgle,2011,487.628
che,sex_t,geo_cov_nat,mts_details_sgle,2012,500.99
che,sex_t,geo_cov_nat,mts_details_sgle,2013,507.405
che,sex_t,geo_cov_nat,mts_details_sgle,2014,505.652
che,sex_t,geo_cov_nat,mts_details_sgle,2015,494.566
che,sex_t,geo_cov_nat,mts_details_sgle,2016,484.823
che,sex_t,geo_cov_nat,mts_details_sgle,2017,492.92
che,sex_t,geo_cov_nat,mts_details_sgle,2018,498.104
che,sex_t,geo_cov_nat,mts_details_sgle,2019,517.2
che,sex_t,geo_cov_nat,mts_details_sgle,2020,523.851
che,sex_t,geo_cov_nat,mts_details_sgle,2021,532.643
che,sex_t,geo_cov_nat,mts_details_total,2000,1930.829
che,sex_t,geo_cov_nat,mts_details_total,2005,2050.687
che,sex_t,geo_cov_nat,mts_details_total,2010,2177.173
che,sex_t,geo_cov_nat,mts_details_total,2011,2169.291
che,sex_t,geo_cov_nat,mts_details_total,2012,2191.293
che,sex_t,geo_cov_nat,mts_details_total,2013,2216.822
che,sex_t,geo_cov_nat,mts_details_total,2014,2218.93
che,sex_t,geo_cov_nat,mts_details_total,2015,2228.239
che,sex_t,geo_cov_nat,mts_details_total,2016,2219.797
che,sex_t,geo_cov_nat,mts_details_total,2017,2245.458
che,sex_t,geo_cov_nat,mts_details_total,2018,2257.965
che,sex_t,geo_cov_nat,mts_details_total,2019,2291.731
che,sex_t,geo_cov_nat,mts_details_total,2020,2336.125
che,sex_t,geo_cov_nat,mts_details_total,2021,2390.023
che,sex_t,geo_cov_nat,mts_details_union,2010,2.124
che,sex_t,geo_cov_nat,mts_details_union,2011,2.099
che,sex_t,geo_cov_nat,mts_details_union,2012,3.769
che,sex_t,geo_cov_nat,mts_details_union,2013,2.739
che,sex_t,geo_cov_nat,mts_details_union,2014,3.522
che,sex_t,geo_cov_nat,mts_details_union,2015,2.897
che,sex_t,geo_cov_nat,mts_details_union,2016,3.079
che,sex_t,geo_cov_nat,mts_details_union,2017,2.9
che,sex_t,geo_cov_nat,mts_details_union,2018,3.066
che,sex_t,geo_cov_nat,mts_details_union,2019,4.081
che,sex_t,geo_cov_nat,mts_details_union,2020,5.239
che,sex_t,geo_cov_nat,mts_details_union,2021,5.385
che,sex_t,geo_cov_nat,mts_details_wid,2000,348.839
che,sex_t,geo_cov_nat,mts_details_wid,2005,344.272
che,sex_t,geo_cov_nat,mts_details_wid,2010,358.042
che,sex_t,geo_cov_nat,mts_details_wid,2011,347.847
che,sex_t,geo_cov_nat,mts_details_wid,2012,345.314
che,sex_t,geo_cov_nat,mts_details_wid,2013,345.173
che,sex_t,geo_cov_nat,mts_details_wid,2014,344.905
che,sex_t,geo_cov_nat,mts_details_wid,2015,350.922
che,sex_t,geo_cov_nat,mts_details_wid,2016,342.57
che,sex_t,geo_cov_nat,mts_details_wid,2017,344.753
che,sex_t,geo_cov_nat,mts_details_wid,2018,349.777
che,sex_t,geo_cov_nat,mts_details_wid,2019,348.33
che,sex_t,geo_cov_nat,mts_details_wid,2020,349.321
che,sex_t,geo_cov_nat,mts_details_wid,2021,349.717
che,sex_t,geo_cov_nat,mts_details_x,2000,13.21
che,sex_t,geo_cov_nat,mts_details_x,2005,13.865
che,sex_t,geo_cov_nat,mts_details_x,2010,12.592
che,sex_t,geo_cov_nat,mts_details_x,2011,13.842
che,sex_t,geo_cov_nat,mts_details_x,2012,14.869
che,sex_t,geo_cov_nat,mts_details_x,2013,13.92
che,sex_t,geo_cov_nat,mts_details_x,2014,15.649
che,sex_t,geo_cov_nat,mts_details_x,2015,18.83
che,sex_t,geo_cov_rur,mts_aggregate_1,2000,104.343
che,sex_t,geo_cov_rur,mts_aggregate_1,2005,134.755
che,sex_t,geo_cov_rur,mts_aggregate_1,2010,148.968
che,sex_t,geo_cov_rur,mts_aggregate_1,2011,140.168
che,sex_t,geo_cov_rur,mts_aggregate_1,2012,143.117
che,sex_t,geo_cov_rur,mts_aggregate_1,2013,145.004
che,sex_t,geo_cov_rur,mts_aggregate_1,2014,141.033
che,sex_t,geo_cov_rur,mts_aggregate_1,2015,145.775
che,sex_t,geo_cov_rur,mts_aggregate_1,2016,148.897
che,sex_t,geo_cov_rur,mts_aggregate_1,2017,155.081
che,sex_t,geo_cov_rur,mts_aggregate_1,2018,153.257
che,sex_t,geo_cov_rur,mts_aggregate_1,2019,157.941
che,sex_t,geo_cov_rur,mts_aggregate_1,2020,165.507
che,sex_t,geo_cov_rur,mts_aggregate_1,2021,159.541
che,sex_t,geo_cov_rur,mts_aggregate_2,2000,180.613
che,sex_t,geo_cov_rur,mts_aggregate_2,2005,177.168
che,sex_t,geo_cov_rur,mts_aggregate_2,2010,183.443
che,sex_t,geo_cov_rur,mts_aggregate_2,2011,188.45
che,sex_t,geo_cov_rur,mts_aggregate_2,2012,184.087
che,sex_t,geo_cov_rur,mts_aggregate_2,2013,186.255
che,sex_t,geo_cov_rur,mts_aggregate_2,2014,184.961
che,sex_t,geo_cov_rur,mts_aggregate_2,2015,173.611
che,sex_t,geo_cov_rur,mts_aggregate_2,2016,166.085
che,sex_t,geo_cov_rur,mts_aggregate_2,2017,173.041
che,sex_t,geo_cov_rur,mts_aggregate_2,2018,174.476
che,sex_t,geo_cov_rur,mts_aggregate_2,2019,176.028
che,sex_t,geo_cov_rur,mts_aggregate_2,2020,185.046
che,sex_t,geo_cov_rur,mts_aggregate_2,2021,198.306
che,sex_t,geo_cov_rur,mts_aggregate_total,2000,286.071
che,sex_t,geo_cov_rur,mts_aggregate_total,2005,313.405
che,sex_t,geo_cov_rur,mts_aggregate_total,2010,333.381
che,sex_t,geo_cov_rur,mts_aggregate_total,2011,329.71
che,sex_t,geo_cov_rur,mts_aggregate_total,2012,328.578
che,sex_t,geo_cov_rur,mts_aggregate_total,2013,332.772
che,sex_t,geo_cov_rur,mts_aggregate_total,2014,328.086
che,sex_t,geo_cov_rur,mts_aggregate_total,2015,321.597
che,sex_t,geo_cov_rur,mts_aggregate_total,2016,314.982
che,sex_t,geo_cov_rur,mts_aggregate_total,2017,328.123
che,sex_t,geo_cov_rur,mts_aggregate_total,2018,327.733
che,sex_t,geo_cov_rur,mts_aggregate_total,2019,333.97
che,sex_t,geo_cov_rur,mts_aggregate_total,2020,350.553
che,sex_t,geo_cov_rur,mts_aggregate_total,2021,357.847
che,sex_t,geo_cov_rur,mts_aggregate_x,2000,1.115
che,sex_t,geo_cov_rur,mts_aggregate_x,2005,1.482
che,sex_t,geo_cov_rur,mts_aggregate_x,2010,0.97
che,sex_t,geo_cov_rur,mts_aggregate_x,2011,1.093
che,sex_t,geo_cov_rur,mts_aggregate_x,2012,1.375
che,sex_t,geo_cov_rur,mts_aggregate_x,2013,1.513
che,sex_t,geo_cov_rur,mts_aggregate_x,2014,2.092
che,sex_t,geo_cov_rur,mts_aggregate_x,2015,2.211
che,sex_t,geo_cov_rur,mts_details_mrd,2000,180.613
che,sex_t,geo_cov_rur,mts_details_mrd,2005,177.168
che,sex_t,geo_cov_rur,mts_details_mrd,2010,183.248
che,sex_t,geo_cov_rur,mts_details_mrd,2011,188.402
che,sex_t,geo_cov_rur,mts_details_mrd,2012,183.933
che,sex_t,geo_cov_rur,mts_details_mrd,2013,186.186
che,sex_t,geo_cov_rur,mts_details_mrd,2014,184.427
che,sex_t,geo_cov_rur,mts_details_mrd,2015,173.308
che,sex_t,geo_cov_rur,mts_details_mrd,2016,165.821
che,sex_t,geo_cov_rur,mts_details_mrd,2017,172.41
che,sex_t,geo_cov_rur,mts_details_mrd,2018,173.776
che,sex_t,geo_cov_rur,mts_details_mrd,2019,176.028
che,sex_t,geo_cov_rur,mts_details_mrd,2020,184.007
che,sex_t,geo_cov_rur,mts_details_mrd,2021,197.146
che,sex_t,geo_cov_rur,mts_details_sep,2000,7.758
che,sex_t,geo_cov_rur,mts_details_sep,2005,11.739
che,sex_t,geo_cov_rur,mts_details_sep,2010,21.982
che,sex_t,geo_cov_rur,mts_details_sep,2011,21.217
che,sex_t,geo_cov_rur,mts_details_sep,2012,21.564
che,sex_t,geo_cov_rur,mts_details_sep,2013,24.162
che,sex_t,geo_cov_rur,mts_details_sep,2014,23.871
che,sex_t,geo_cov_rur,mts_details_sep,2015,27.433
che,sex_t,geo_cov_rur,mts_details_sep,2016,28.034
che,sex_t,geo_cov_rur,mts_details_sep,2017,30.878
che,sex_t,geo_cov_rur,mts_details_sep,2018,29.608
che,sex_t,geo_cov_rur,mts_details_sep,2019,27.179
che,sex_t,geo_cov_rur,mts_details_sep,2020,38.218
che,sex_t,geo_cov_rur,mts_details_sep,2021,41.075
che,sex_t,geo_cov_rur,mts_details_sgle,2000,45.722
che,sex_t,geo_cov_rur,mts_details_sgle,2005,68.543
che,sex_t,geo_cov_rur,mts_details_sgle,2010,71.715
che,sex_t,geo_cov_rur,mts_details_sgle,2011,67.282
che,sex_t,geo_cov_rur,mts_details_sgle,2012,71.756
che,sex_t,geo_cov_rur,mts_details_sgle,2013,72.534
che,sex_t,geo_cov_rur,mts_details_sgle,2014,67.269
che,sex_t,geo_cov_rur,mts_details_sgle,2015,63.585
che,sex_t,geo_cov_rur,mts_details_sgle,2016,66.618
che,sex_t,geo_cov_rur,mts_details_sgle,2017,70.726
che,sex_t,geo_cov_rur,mts_details_sgle,2018,68.709
che,sex_t,geo_cov_rur,mts_details_sgle,2019,71.676
che,sex_t,geo_cov_rur,mts_details_sgle,2020,74.848
che,sex_t,geo_cov_rur,mts_details_sgle,2021,69.11
che,sex_t,geo_cov_rur,mts_details_total,2000,286.071
che,sex_t,geo_cov_rur,mts_details_total,2005,313.405
che,sex_t,geo_cov_rur,mts_details_total,2010,333.381
che,sex_t,geo_cov_rur,mts_details_total,2011,329.71
che,sex_t,geo_cov_rur,mts_details_total,2012,328.578
che,sex_t,geo_cov_rur,mts_details_total,2013,332.772
che,sex_t,geo_cov_rur,mts_details_total,2014,328.086
che,sex_t,geo_cov_rur,mts_details_total,2015,321.597
che,sex_t,geo_cov_rur,mts_details_total,2016,314.982
che,sex_t,geo_cov_rur,mts_details_total,2017,328.123
che,sex_t,geo_cov_rur,mts_details_total,2018,327.733
che,sex_t,geo_cov_rur,mts_details_total,2019,333.97
che,sex_t,geo_cov_rur,mts_details_total,2020,350.553
che,sex_t,geo_cov_rur,mts_details_total,2021,357.847
che,sex_t,geo_cov_rur,mts_details_union,2020,1.039
che,sex_t,geo_cov_rur,mts_details_union,2021,1.159
che,sex_t,geo_cov_rur,mts_details_wid,2000,50.863
che,sex_t,geo_cov_rur,mts_details_wid,2005,54.473
che,sex_t,geo_cov_rur,mts_details_wid,2010,55.271
che,sex_t,geo_cov_rur,mts_details_wid,2011,51.668
che,sex_t,geo_cov_rur,mts_details_wid,2012,49.797
che,sex_t,geo_cov_rur,mts_details_wid,2013,48.309
che,sex_t,geo_cov_rur,mts_details_wid,2014,49.893
che,sex_t,geo_cov_rur,mts_details_wid,2015,54.758
che,sex_t,geo_cov_rur,mts_details_wid,2016,54.245
che,sex_t,geo_cov_rur,mts_details_wid,2017,53.477
che,sex_t,geo_cov_rur,mts_details_wid,2018,54.94
che,sex_t,geo_cov_rur,mts_details_wid,2019,59.086
che,sex_t,geo_cov_rur,mts_details_wid,2020,52.441
che,sex_t,geo_cov_rur,mts_details_wid,2021,49.357
che,sex_t,geo_cov_rur,mts_details_x,2000,1.115
che,sex_t,geo_cov_rur,mts_details_x,2005,1.482
che,sex_t,geo_cov_rur,mts_details_x,2010,0.97
che,sex_t,geo_cov_rur,mts_details_x,2011,1.093
che,sex_t,geo_cov_rur,mts_details_x,2012,1.375
che,sex_t,geo_cov_rur,mts_details_x,2013,1.513
che,sex_t,geo_cov_rur,mts_details_x,2014,2.092
che,sex_t,geo_cov_rur,mts_details_x,2015,2.211
che,sex_t,geo_cov_urb,mts_aggregate_1,2000,758.699
che,sex_t,geo_cov_urb,mts_aggregate_1,2005,804.081
che,sex_t,geo_cov_urb,mts_aggregate_1,2010,870.656
che,sex_t,geo_cov_urb,mts_aggregate_1,2011,879.007
che,sex_t,geo_cov_urb,mts_aggregate_1,2012,904.658
che,sex_t,geo_cov_urb,mts_aggregate_1,2013,920.284
che,sex_t,geo_cov_urb,mts_aggregate_1,2014,921.353
che,sex_t,geo_cov_urb,mts_aggregate_1,2015,919.254
che,sex_t,geo_cov_urb,mts_aggregate_1,2016,917.991
che,sex_t,geo_cov_urb,mts_aggregate_1,2017,931.58
che,sex_t,geo_cov_urb,mts_aggregate_1,2018,953.51
che,sex_t,geo_cov_urb,mts_aggregate_1,2019,967.189
che,sex_t,geo_cov_urb,mts_aggregate_1,2020,987.379
che,sex_t,geo_cov_urb,mts_aggregate_1,2021,1020.161
che,sex_t,geo_cov_urb,mts_aggregate_2,2000,873.964
che,sex_t,geo_cov_urb,mts_aggregate_2,2005,920.818
che,sex_t,geo_cov_urb,mts_aggregate_2,2010,961.514
che,sex_t,geo_cov_urb,mts_aggregate_2,2011,947.824
che,sex_t,geo_cov_urb,mts_aggregate_2,2012,944.563
che,sex_t,geo_cov_urb,mts_aggregate_2,2013,951.36
che,sex_t,geo_cov_urb,mts_aggregate_2,2014,955.934
che,sex_t,geo_cov_urb,mts_aggregate_2,2015,970.769
che,sex_t,geo_cov_urb,mts_aggregate_2,2016,986.823
che,sex_t,geo_cov_urb,mts_aggregate_2,2017,985.756
che,sex_t,geo_cov_urb,mts_aggregate_2,2018,976.723
che,sex_t,geo_cov_urb,mts_aggregate_2,2019,990.573
che,sex_t,geo_cov_urb,mts_aggregate_2,2020,998.192
che,sex_t,geo_cov_urb,mts_aggregate_2,2021,1012.015
che,sex_t,geo_cov_urb,mts_aggregate_total,2000,1644.758
che,sex_t,geo_cov_urb,mts_aggregate_total,2005,1737.282
che,sex_t,geo_cov_urb,mts_aggregate_total,2010,1843.792
che,sex_t,geo_cov_urb,mts_aggregate_total,2011,1839.58
che,sex_t,geo_cov_urb,mts_aggregate_total,2012,1862.714
che,sex_t,geo_cov_urb,mts_aggregate_total,2013,1884.05
che,sex_t,geo_cov_urb,mts_aggregate_total,2014,1890.844
che,sex_t,geo_cov_urb,mts_aggregate_total,2015,1906.642
che,sex_t,geo_cov_urb,mts_aggregate_total,2016,1904.814
che,sex_t,geo_cov_urb,mts_aggregate_total,2017,1917.336
che,sex_t,geo_cov_urb,mts_aggregate_total,2018,1930.232
che,sex_t,geo_cov_urb,mts_aggregate_total,2019,1957.761
che,sex_t,geo_cov_urb,mts_aggregate_total,2020,1985.572
che,sex_t,geo_cov_urb,mts_aggregate_total,2021,2032.176
che,sex_t,geo_cov_urb,mts_aggregate_x,2000,12.095
che,sex_t,geo_cov_urb,mts_aggregate_x,2005,12.384
che,sex_t,geo_cov_urb,mts_aggregate_x,2010,11.622
che,sex_t,geo_cov_urb,mts_aggregate_x,2011,12.749
che,sex_t,geo_cov_urb,mts_aggregate_x,2012,13.494
che,sex_t,geo_cov_urb,mts_aggregate_x,2013,12.407
che,sex_t,geo_cov_urb,mts_aggregate_x,2014,13.557
che,sex_t,geo_cov_urb,mts_aggregate_x,2015,16.619
che,sex_t,geo_cov_urb,mts_details_mrd,2000,873.964
che,sex_t,geo_cov_urb,mts_details_mrd,2005,920.818
che,sex_t,geo_cov_urb,mts_details_mrd,2010,959.585
che,sex_t,geo_cov_urb,mts_details_mrd,2011,945.773
che,sex_t,geo_cov_urb,mts_details_mrd,2012,940.947
che,sex_t,geo_cov_urb,mts_details_mrd,2013,948.69
che,sex_t,geo_cov_urb,mts_details_mrd,2014,952.947
che,sex_t,geo_cov_urb,mts_details_mrd,2015,968.175
che,sex_t,geo_cov_urb,mts_details_mrd,2016,984.009
che,sex_t,geo_cov_urb,mts_details_mrd,2017,983.487
che,sex_t,geo_cov_urb,mts_details_mrd,2018,974.356
che,sex_t,geo_cov_urb,mts_details_mrd,2019,986.492
che,sex_t,geo_cov_urb,mts_details_mrd,2020,993.992
che,sex_t,geo_cov_urb,mts_details_mrd,2021,1007.789
che,sex_t,geo_cov_urb,mts_details_sep,2000,99.543
che,sex_t,geo_cov_urb,mts_details_sep,2005,121.972
che,sex_t,geo_cov_urb,mts_details_sep,2010,152.228
che,sex_t,geo_cov_urb,mts_details_sep,2011,162.483
che,sex_t,geo_cov_urb,mts_details_sep,2012,179.907
che,sex_t,geo_cov_urb,mts_details_sep,2013,188.548
che,sex_t,geo_cov_urb,mts_details_sep,2014,187.958
che,sex_t,geo_cov_urb,mts_details_sep,2015,192.108
che,sex_t,geo_cov_urb,mts_details_sep,2016,211.461
che,sex_t,geo_cov_urb,mts_details_sep,2017,218.11
che,sex_t,geo_cov_urb,mts_details_sep,2018,229.278
che,sex_t,geo_cov_urb,mts_details_sep,2019,232.421
che,sex_t,geo_cov_urb,mts_details_sep,2020,241.496
che,sex_t,geo_cov_urb,mts_details_sep,2021,256.268
che,sex_t,geo_cov_urb,mts_details_sgle,2000,361.18
che,sex_t,geo_cov_urb,mts_details_sgle,2005,392.31
che,sex_t,geo_cov_urb,mts_details_sgle,2010,415.658
che,sex_t,geo_cov_urb,mts_details_sgle,2011,420.345
che,sex_t,geo_cov_urb,mts_details_sgle,2012,429.234
che,sex_t,geo_cov_urb,mts_details_sgle,2013,434.871
che,sex_t,geo_cov_urb,mts_details_sgle,2014,438.383
che,sex_t,geo_cov_urb,mts_details_sgle,2015,430.982
che,sex_t,geo_cov_urb,mts_details_sgle,2016,418.205
che,sex_t,geo_cov_urb,mts_details_sgle,2017,422.194
che,sex_t,geo_cov_urb,mts_details_sgle,2018,429.394
che,sex_t,geo_cov_urb,mts_details_sgle,2019,445.524
che,sex_t,geo_cov_urb,mts_details_sgle,2020,449.003
che,sex_t,geo_cov_urb,mts_details_sgle,2021,463.533
che,sex_t,geo_cov_urb,mts_details_total,2000,1644.758
che,sex_t,geo_cov_urb,mts_details_total,2005,1737.282
che,sex_t,geo_cov_urb,mts_details_total,2010,1843.792
che,sex_t,geo_cov_urb,mts_details_total,2011,1839.58
che,sex_t,geo_cov_urb,mts_details_total,2012,1862.714
che,sex_t,geo_cov_urb,mts_details_total,2013,1884.05
che,sex_t,geo_cov_urb,mts_details_total,2014,1890.844
che,sex_t,geo_cov_urb,mts_details_total,2015,1906.642
che,sex_t,geo_cov_urb,mts_details_total,2016,1904.814
che,sex_t,geo_cov_urb,mts_details_total,2017,1917.336
che,sex_t,geo_cov_urb,mts_details_total,2018,1930.232
che,sex_t,geo_cov_urb,mts_details_total,2019,1957.761
che,sex_t,geo_cov_urb,mts_details_total,2020,1985.572
che,sex_t,geo_cov_urb,mts_details_total,2021,2032.176
che,sex_t,geo_cov_urb,mts_details_union,2010,1.929
che,sex_t,geo_cov_urb,mts_details_union,2011,2.051
che,sex_t,geo_cov_urb,mts_details_union,2012,3.615
che,sex_t,geo_cov_urb,mts_details_union,2013,2.669
che,sex_t,geo_cov_urb,mts_details_union,2014,2.987
che,sex_t,geo_cov_urb,mts_details_union,2015,2.594
che,sex_t,geo_cov_urb,mts_details_union,2016,2.814
che,sex_t,geo_cov_urb,mts_details_union,2017,2.269
che,sex_t,geo_cov_urb,mts_details_union,2018,2.366
che,sex_t,geo_cov_urb,mts_details_union,2019,4.081
che,sex_t,geo_cov_urb,mts_details_union,2020,4.201
che,sex_t,geo_cov_urb,mts_details_union,2021,4.226
che,sex_t,geo_cov_urb,mts_details_wid,2000,297.976
che,sex_t,geo_cov_urb,mts_details_wid,2005,289.799
che,sex_t,geo_cov_urb,mts_details_wid,2010,302.77
che,sex_t,geo_cov_urb,mts_details_wid,2011,296.179
che,sex_t,geo_cov_urb,mts_details_wid,2012,295.517
che,sex_t,geo_cov_urb,mts_details_wid,2013,296.864
che,sex_t,geo_cov_urb,mts_details_wid,2014,295.012
che,sex_t,geo_cov_urb,mts_details_wid,2015,296.164
che,sex_t,geo_cov_urb,mts_details_wid,2016,288.325
che,sex_t,geo_cov_urb,mts_details_wid,2017,291.276
che,sex_t,geo_cov_urb,mts_details_wid,2018,294.837
che,sex_t,geo_cov_urb,mts_details_wid,2019,289.244
che,sex_t,geo_cov_urb,mts_details_wid,2020,296.88
che,sex_t,geo_cov_urb,mts_details_wid,2021,300.36
che,sex_t,geo_cov_urb,mts_details_x,2000,12.095
che,sex_t,geo_cov_urb,mts_details_x,2005,12.384
che,sex_t,geo_cov_urb,mts_details_x,2010,11.622
che,sex_t,geo_cov_urb,mts_details_x,2011,12.749
che,sex_t,geo_cov_urb,mts_details_x,2012,13.494
che,sex_t,geo_cov_urb,mts_details_x,2013,12.407
che,sex_t,geo_cov_urb,mts_details_x,2014,13.557
che,sex_t,geo_cov_urb,mts_details_x,2015,16.619
chl,sex_f,geo_cov_nat,mts_aggregate_1,1990,1348.651
chl,sex_f,geo_cov_nat,mts_aggregate_1,1992,1344.133
chl,sex_f,geo_cov_nat,mts_aggregate_1,1996,1430.611
chl,sex_f,geo_cov_nat,mts_aggregate_1,1998,1485.211
chl,sex_f,geo_cov_nat,mts_aggregate_1,2000,1495.152
chl,sex_f,geo_cov_nat,mts_aggregate_1,2003,1582.954
chl,sex_f,geo_cov_nat,mts_aggregate_1,2006,1770.052
chl,sex_f,geo_cov_nat,mts_aggregate_1,2009,1973.435
chl,sex_f,geo_cov_nat,mts_aggregate_1,2010,1884.959
chl,sex_f,geo_cov_nat,mts_aggregate_1,2011,1820.37
chl,sex_f,geo_cov_nat,mts_aggregate_1,2012,1866.198
chl,sex_f,geo_cov_nat,mts_aggregate_1,2013,1921.305
chl,sex_f,geo_cov_nat,mts_aggregate_1,2014,1932.593
chl,sex_f,geo_cov_nat,mts_aggregate_1,2015,1982.166
chl,sex_f,geo_cov_nat,mts_aggregate_1,2016,2034.918
chl,sex_f,geo_cov_nat,mts_aggregate_1,2017,2023.053
chl,sex_f,geo_cov_nat,mts_aggregate_1,2018,2049.173
chl,sex_f,geo_cov_nat,mts_aggregate_1,2019,2072.386
chl,sex_f,geo_cov_nat,mts_aggregate_1,2020,2409.45
chl,sex_f,geo_cov_nat,mts_aggregate_1,2021,2456.93
chl,sex_f,geo_cov_nat,mts_aggregate_2,1990,1938.613
chl,sex_f,geo_cov_nat,mts_aggregate_2,1992,1973.983
chl,sex_f,geo_cov_nat,mts_aggregate_2,1996,1983.444
chl,sex_f,geo_cov_nat,mts_aggregate_2,1998,1933.559
chl,sex_f,geo_cov_nat,mts_aggregate_2,2000,1943.66
chl,sex_f,geo_cov_nat,mts_aggregate_2,2003,1907.996
chl,sex_f,geo_cov_nat,mts_aggregate_2,2006,1891.753
chl,sex_f,geo_cov_nat,mts_aggregate_2,2009,2061.234
chl,sex_f,geo_cov_nat,mts_aggregate_2,2010,1796.787
chl,sex_f,geo_cov_nat,mts_aggregate_2,2011,1778.231
chl,sex_f,geo_cov_nat,mts_aggregate_2,2012,1769.199
chl,sex_f,geo_cov_nat,mts_aggregate_2,2013,1760.729
chl,sex_f,geo_cov_nat,mts_aggregate_2,2014,1758.658
chl,sex_f,geo_cov_nat,mts_aggregate_2,2015,1777.116
chl,sex_f,geo_cov_nat,mts_aggregate_2,2016,1805.585
chl,sex_f,geo_cov_nat,mts_aggregate_2,2017,1843.628
chl,sex_f,geo_cov_nat,mts_aggregate_2,2018,1839.708
chl,sex_f,geo_cov_nat,mts_aggregate_2,2019,1872.076
chl,sex_f,geo_cov_nat,mts_aggregate_2,2020,2017.654
chl,sex_f,geo_cov_nat,mts_aggregate_2,2021,1907.512
chl,sex_f,geo_cov_nat,mts_aggregate_total,1990,3287.264
chl,sex_f,geo_cov_nat,mts_aggregate_total,1992,3318.116
chl,sex_f,geo_cov_nat,mts_aggregate_total,1996,3414.055
chl,sex_f,geo_cov_nat,mts_aggregate_total,1998,3420.655
chl,sex_f,geo_cov_nat,mts_aggregate_total,2000,3438.812
chl,sex_f,geo_cov_nat,mts_aggregate_total,2003,3491.59
chl,sex_f,geo_cov_nat,mts_aggregate_total,2006,3663.444
chl,sex_f,geo_cov_nat,mts_aggregate_total,2009,4034.669
chl,sex_f,geo_cov_nat,mts_aggregate_total,2010,3681.746
chl,sex_f,geo_cov_nat,mts_aggregate_total,2011,3598.601
chl,sex_f,geo_cov_nat,mts_aggregate_total,2012,3635.397
chl,sex_f,geo_cov_nat,mts_aggregate_total,2013,3682.033
chl,sex_f,geo_cov_nat,mts_aggregate_total,2014,3691.252
chl,sex_f,geo_cov_nat,mts_aggregate_total,2015,3759.282
chl,sex_f,geo_cov_nat,mts_aggregate_total,2016,3840.504
chl,sex_f,geo_cov_nat,mts_aggregate_total,2017,3866.681
chl,sex_f,geo_cov_nat,mts_aggregate_total,2018,3888.908
chl,sex_f,geo_cov_nat,mts_aggregate_total,2019,3944.722
chl,sex_f,geo_cov_nat,mts_aggregate_total,2020,4436.63
chl,sex_f,geo_cov_nat,mts_aggregate_total,2021,4365.741
chl,sex_f,geo_cov_nat,mts_aggregate_x,1998,1.885
chl,sex_f,geo_cov_nat,mts_aggregate_x,2003,0.64
chl,sex_f,geo_cov_nat,mts_aggregate_x,2006,1.639
chl,sex_f,geo_cov_nat,mts_aggregate_x,2019,0.26
chl,sex_f,geo_cov_nat,mts_aggregate_x,2020,9.526
chl,sex_f,geo_cov_nat,mts_aggregate_x,2021,1.298
chl,sex_f,geo_cov_nat,mts_details_mrd,1990,1772.173
chl,sex_f,geo_cov_nat,mts_details_mrd,1992,1785.431
chl,sex_f,geo_cov_nat,mts_details_mrd,1996,1707.152
chl,sex_f,geo_cov_nat,mts_details_mrd,1998,1672.916
chl,sex_f,geo_cov_nat,mts_details_mrd,2000,1644.501
chl,sex_f,geo_cov_nat,mts_details_mrd,2003,1561.327
chl,sex_f,geo_cov_nat,mts_details_mrd,2006,1488.197
chl,sex_f,geo_cov_nat,mts_details_mrd,2009,1601.549
chl,sex_f,geo_cov_nat,mts_details_mrd,2010,1410.812
chl,sex_f,geo_cov_nat,mts_details_mrd,2011,1373.748
chl,sex_f,geo_cov_nat,mts_details_mrd,2012,1397.528
chl,sex_f,geo_cov_nat,mts_details_mrd,2013,1383.059
chl,sex_f,geo_cov_nat,mts_details_mrd,2014,1371.532
chl,sex_f,geo_cov_nat,mts_details_mrd,2015,1390.976
chl,sex_f,geo_cov_nat,mts_details_mrd,2016,1407.016
chl,sex_f,geo_cov_nat,mts_details_mrd,2017,1437.813
chl,sex_f,geo_cov_nat,mts_details_mrd,2018,1423.254
chl,sex_f,geo_cov_nat,mts_details_mrd,2019,1470.003
chl,sex_f,geo_cov_nat,mts_details_mrd,2020,1474.734
chl,sex_f,geo_cov_nat,mts_details_mrd,2021,1391.09
chl,sex_f,geo_cov_nat,mts_details_sep,1990,103.739
chl,sex_f,geo_cov_nat,mts_details_sep,1992,104.809
chl,sex_f,geo_cov_nat,mts_details_sep,1996,113.007
chl,sex_f,geo_cov_nat,mts_details_sep,1998,124.441
chl,sex_f,geo_cov_nat,mts_details_sep,2000,127.206
chl,sex_f,geo_cov_nat,mts_details_sep,2003,131.469
chl,sex_f,geo_cov_nat,mts_details_sep,2006,154.961
chl,sex_f,geo_cov_nat,mts_details_sep,2009,167.827
chl,sex_f,geo_cov_nat,mts_details_sep,2010,192.674
chl,sex_f,geo_cov_nat,mts_details_sep,2011,184.02
chl,sex_f,geo_cov_nat,mts_details_sep,2012,189.142
chl,sex_f,geo_cov_nat,mts_details_sep,2013,198.801
chl,sex_f,geo_cov_nat,mts_details_sep,2014,196.004
chl,sex_f,geo_cov_nat,mts_details_sep,2015,193.273
chl,sex_f,geo_cov_nat,mts_details_sep,2016,217.293
chl,sex_f,geo_cov_nat,mts_details_sep,2017,231.597
chl,sex_f,geo_cov_nat,mts_details_sep,2018,252.488
chl,sex_f,geo_cov_nat,mts_details_sep,2019,252.963
chl,sex_f,geo_cov_nat,mts_details_sep,2020,311.629
chl,sex_f,geo_cov_nat,mts_details_sep,2021,330.502
chl,sex_f,geo_cov_nat,mts_details_sgle,1990,896.756
chl,sex_f,geo_cov_nat,mts_details_sgle,1992,886.855
chl,sex_f,geo_cov_nat,mts_details_sgle,1996,928.591
chl,sex_f,geo_cov_nat,mts_details_sgle,1998,981.9
chl,sex_f,geo_cov_nat,mts_details_sgle,2000,997.735
chl,sex_f,geo_cov_nat,mts_details_sgle,2003,1055.66
chl,sex_f,geo_cov_nat,mts_details_sgle,2006,1187.661
chl,sex_f,geo_cov_nat,mts_details_sgle,2009,1301.078
chl,sex_f,geo_cov_nat,mts_details_sgle,2010,1209.5
chl,sex_f,geo_cov_nat,mts_details_sgle,2011,1185.115
chl,sex_f,geo_cov_nat,mts_details_sgle,2012,1210.512
chl,sex_f,geo_cov_nat,mts_details_sgle,2013,1230.134
chl,sex_f,geo_cov_nat,mts_details_sgle,2014,1243.102
chl,sex_f,geo_cov_nat,mts_details_sgle,2015,1267.584
chl,sex_f,geo_cov_nat,mts_details_sgle,2016,1280.214
chl,sex_f,geo_cov_nat,mts_details_sgle,2017,1250.341
chl,sex_f,geo_cov_nat,mts_details_sgle,2018,1268.479
chl,sex_f,geo_cov_nat,mts_details_sgle,2019,1313.039
chl,sex_f,geo_cov_nat,mts_details_sgle,2020,1628.283
chl,sex_f,geo_cov_nat,mts_details_sgle,2021,1624.621
chl,sex_f,geo_cov_nat,mts_details_total,1990,3287.264
chl,sex_f,geo_cov_nat,mts_details_total,1992,3318.116
chl,sex_f,geo_cov_nat,mts_details_total,1996,3414.055
chl,sex_f,geo_cov_nat,mts_details_total,1998,3420.655
chl,sex_f,geo_cov_nat,mts_details_total,2000,3438.812
chl,sex_f,geo_cov_nat,mts_details_total,2003,3491.59
chl,sex_f,geo_cov_nat,mts_details_total,2006,3663.444
chl,sex_f,geo_cov_nat,mts_details_total,2009,4034.669
chl,sex_f,geo_cov_nat,mts_details_total,2010,3681.746
chl,sex_f,geo_cov_nat,mts_details_total,2011,3598.601
chl,sex_f,geo_cov_nat,mts_details_total,2012,3635.397
chl,sex_f,geo_cov_nat,mts_details_total,2013,3682.033
chl,sex_f,geo_cov_nat,mts_details_total,2014,3691.252
chl,sex_f,geo_cov_nat,mts_details_total,2015,3759.282
chl,sex_f,geo_cov_nat,mts_details_total,2016,3840.504
chl,sex_f,geo_cov_nat,mts_details_total,2017,3866.681
chl,sex_f,geo_cov_nat,mts_details_total,2018,3888.908
chl,sex_f,geo_cov_nat,mts_details_total,2019,3944.722
chl,sex_f,geo_cov_nat,mts_details_total,2020,4436.63
chl,sex_f,geo_cov_nat,mts_details_total,2021,4365.741
chl,sex_f,geo_cov_nat,mts_details_union,1990,166.44
chl,sex_f,geo_cov_nat,mts_details_union,1992,188.552
chl,sex_f,geo_cov_nat,mts_details_union,1996,276.292
chl,sex_f,geo_cov_nat,mts_details_union,1998,260.643
chl,sex_f,geo_cov_nat,mts_details_union,2000,299.159
chl,sex_f,geo_cov_nat,mts_details_union,2003,346.669
chl,sex_f,geo_cov_nat,mts_details_union,2006,403.556
chl,sex_f,geo_cov_nat,mts_details_union,2009,459.685
chl,sex_f,geo_cov_nat,mts_details_union,2010,385.975
chl,sex_f,geo_cov_nat,mts_details_union,2011,404.483
chl,sex_f,geo_cov_nat,mts_details_union,2012,371.671
chl,sex_f,geo_cov_nat,mts_details_union,2013,377.67
chl,sex_f,geo_cov_nat,mts_details_union,2014,387.126
chl,sex_f,geo_cov_nat,mts_details_union,2015,386.14
chl,sex_f,geo_cov_nat,mts_details_union,2016,398.569
chl,sex_f,geo_cov_nat,mts_details_union,2017,405.815
chl,sex_f,geo_cov_nat,mts_details_union,2018,416.453
chl,sex_f,geo_cov_nat,mts_details_union,2019,402.074
chl,sex_f,geo_cov_nat,mts_details_union,2020,542.92
chl,sex_f,geo_cov_nat,mts_details_union,2021,516.422
chl,sex_f,geo_cov_nat,mts_details_wid,1990,348.156
chl,sex_f,geo_cov_nat,mts_details_wid,1992,352.469
chl,sex_f,geo_cov_nat,mts_details_wid,1996,389.013
chl,sex_f,geo_cov_nat,mts_details_wid,1998,378.87
chl,sex_f,geo_cov_nat,mts_details_wid,2000,370.211
chl,sex_f,geo_cov_nat,mts_details_wid,2003,395.825
chl,sex_f,geo_cov_nat,mts_details_wid,2006,427.43
chl,sex_f,geo_cov_nat,mts_details_wid,2009,504.53
chl,sex_f,geo_cov_nat,mts_details_wid,2010,482.785
chl,sex_f,geo_cov_nat,mts_details_wid,2011,451.235
chl,sex_f,geo_cov_nat,mts_details_wid,2012,466.545
chl,sex_f,geo_cov_nat,mts_details_wid,2013,492.37
chl,sex_f,geo_cov_nat,mts_details_wid,2014,493.487
chl,sex_f,geo_cov_nat,mts_details_wid,2015,521.308
chl,sex_f,geo_cov_nat,mts_details_wid,2016,537.411
chl,sex_f,geo_cov_nat,mts_details_wid,2017,541.115
chl,sex_f,geo_cov_nat,mts_details_wid,2018,528.205
chl,sex_f,geo_cov_nat,mts_details_wid,2019,506.383
chl,sex_f,geo_cov_nat,mts_details_wid,2020,469.537
chl,sex_f,geo_cov_nat,mts_details_wid,2021,501.807
chl,sex_f,geo_cov_nat,mts_details_x,1998,1.885
chl,sex_f,geo_cov_nat,mts_details_x,2003,0.64
chl,sex_f,geo_cov_nat,mts_details_x,2006,1.639
chl,sex_f,geo_cov_nat,mts_details_x,2019,0.26
chl,sex_f,geo_cov_nat,mts_details_x,2020,9.526
chl,sex_f,geo_cov_nat,mts_details_x,2021,1.298
chl,sex_f,geo_cov_rur,mts_aggregate_1,1990,220.342
chl,sex_f,geo_cov_rur,mts_aggregate_1,1992,221.494
chl,sex_f,geo_cov_rur,mts_aggregate_1,1996,219.189
chl,sex_f,geo_cov_rur,mts_aggregate_1,1998,216.577
chl,sex_f,geo_cov_rur,mts_aggregate_1,2000,204.856
chl,sex_f,geo_cov_rur,mts_aggregate_1,2003,214.829
chl,sex_f,geo_cov_rur,mts_aggregate_1,2006,233.552
chl,sex_f,geo_cov_rur,mts_aggregate_1,2009,244.723
chl,sex_f,geo_cov_rur,mts_aggregate_1,2010,215.893
chl,sex_f,geo_cov_rur,mts_aggregate_1,2011,206.987
chl,sex_f,geo_cov_rur,mts_aggregate_1,2012,208.869
chl,sex_f,geo_cov_rur,mts_aggregate_1,2013,212.918
chl,sex_f,geo_cov_rur,mts_aggregate_1,2014,214.393
chl,sex_f,geo_cov_rur,mts_aggregate_1,2015,223.793
chl,sex_f,geo_cov_rur,mts_aggregate_1,2016,226.923
chl,sex_f,geo_cov_rur,mts_aggregate_1,2017,225.135
chl,sex_f,geo_cov_rur,mts_aggregate_1,2018,229.072
chl,sex_f,geo_cov_rur,mts_aggregate_1,2019,238.148
chl,sex_f,geo_cov_rur,mts_aggregate_1,2020,261.983
chl,sex_f,geo_cov_rur,mts_aggregate_1,2021,274.225
chl,sex_f,geo_cov_rur,mts_aggregate_2,1990,385.944
chl,sex_f,geo_cov_rur,mts_aggregate_2,1992,369.915
chl,sex_f,geo_cov_rur,mts_aggregate_2,1996,353.853
chl,sex_f,geo_cov_rur,mts_aggregate_2,1998,346.723
chl,sex_f,geo_cov_rur,mts_aggregate_2,2000,348.965
chl,sex_f,geo_cov_rur,mts_aggregate_2,2003,336.075
chl,sex_f,geo_cov_rur,mts_aggregate_2,2006,333.863
chl,sex_f,geo_cov_rur,mts_aggregate_2,2009,359.805
chl,sex_f,geo_cov_rur,mts_aggregate_2,2010,316.525
chl,sex_f,geo_cov_rur,mts_aggregate_2,2011,310.904
chl,sex_f,geo_cov_rur,mts_aggregate_2,2012,302.175
chl,sex_f,geo_cov_rur,mts_aggregate_2,2013,297.91
chl,sex_f,geo_cov_rur,mts_aggregate_2,2014,298.574
chl,sex_f,geo_cov_rur,mts_aggregate_2,2015,303.679
chl,sex_f,geo_cov_rur,mts_aggregate_2,2016,303.953
chl,sex_f,geo_cov_rur,mts_aggregate_2,2017,311.927
chl,sex_f,geo_cov_rur,mts_aggregate_2,2018,319.209
chl,sex_f,geo_cov_rur,mts_aggregate_2,2019,330.448
chl,sex_f,geo_cov_rur,mts_aggregate_2,2020,301.974
chl,sex_f,geo_cov_rur,mts_aggregate_2,2021,298.855
chl,sex_f,geo_cov_rur,mts_aggregate_total,1990,606.286
chl,sex_f,geo_cov_rur,mts_aggregate_total,1992,591.409
chl,sex_f,geo_cov_rur,mts_aggregate_total,1996,573.042
chl,sex_f,geo_cov_rur,mts_aggregate_total,1998,563.409
chl,sex_f,geo_cov_rur,mts_aggregate_total,2000,553.821
chl,sex_f,geo_cov_rur,mts_aggregate_total,2003,551.048
chl,sex_f,geo_cov_rur,mts_aggregate_total,2006,567.585
chl,sex_f,geo_cov_rur,mts_aggregate_total,2009,604.528
chl,sex_f,geo_cov_rur,mts_aggregate_total,2010,532.417
chl,sex_f,geo_cov_rur,mts_aggregate_total,2011,517.891
chl,sex_f,geo_cov_rur,mts_aggregate_total,2012,511.044
chl,sex_f,geo_cov_rur,mts_aggregate_total,2013,510.828
chl,sex_f,geo_cov_rur,mts_aggregate_total,2014,512.968
chl,sex_f,geo_cov_rur,mts_aggregate_total,2015,527.472
chl,sex_f,geo_cov_rur,mts_aggregate_total,2016,530.876
chl,sex_f,geo_cov_rur,mts_aggregate_total,2017,537.062
chl,sex_f,geo_cov_rur,mts_aggregate_total,2018,548.281
chl,sex_f,geo_cov_rur,mts_aggregate_total,2019,568.657
chl,sex_f,geo_cov_rur,mts_aggregate_total,2020,564.771
chl,sex_f,geo_cov_rur,mts_aggregate_total,2021,573.109
chl,sex_f,geo_cov_rur,mts_aggregate_x,1998,0.109
chl,sex_f,geo_cov_rur,mts_aggregate_x,2003,0.144
chl,sex_f,geo_cov_rur,mts_aggregate_x,2006,0.17
chl,sex_f,geo_cov_rur,mts_aggregate_x,2020,0.814
chl,sex_f,geo_cov_rur,mts_details_mrd,1990,353.227
chl,sex_f,geo_cov_rur,mts_details_mrd,1992,337.12
chl,sex_f,geo_cov_rur,mts_details_mrd,1996,304.356
chl,sex_f,geo_cov_rur,mts_details_mrd,1998,300.902
chl,sex_f,geo_cov_rur,mts_details_mrd,2000,292.95
chl,sex_f,geo_cov_rur,mts_details_mrd,2003,272.267
chl,sex_f,geo_cov_rur,mts_details_mrd,2006,263.469
chl,sex_f,geo_cov_rur,mts_details_mrd,2009,277.975
chl,sex_f,geo_cov_rur,mts_details_mrd,2010,246.452
chl,sex_f,geo_cov_rur,mts_details_mrd,2011,235.198
chl,sex_f,geo_cov_rur,mts_details_mrd,2012,227.075
chl,sex_f,geo_cov_rur,mts_details_mrd,2013,222.85
chl,sex_f,geo_cov_rur,mts_details_mrd,2014,223.636
chl,sex_f,geo_cov_rur,mts_details_mrd,2015,231.075
chl,sex_f,geo_cov_rur,mts_details_mrd,2016,230.407
chl,sex_f,geo_cov_rur,mts_details_mrd,2017,236.271
chl,sex_f,geo_cov_rur,mts_details_mrd,2018,236.881
chl,sex_f,geo_cov_rur,mts_details_mrd,2019,242.095
chl,sex_f,geo_cov_rur,mts_details_mrd,2020,217.884
chl,sex_f,geo_cov_rur,mts_details_mrd,2021,211.817
chl,sex_f,geo_cov_rur,mts_details_sep,1990,11.731
chl,sex_f,geo_cov_rur,mts_details_sep,1992,10.972
chl,sex_f,geo_cov_rur,mts_details_sep,1996,10.73
chl,sex_f,geo_cov_rur,mts_details_sep,1998,9.941
chl,sex_f,geo_cov_rur,mts_details_sep,2000,10.815
chl,sex_f,geo_cov_rur,mts_details_sep,2003,10.966
chl,sex_f,geo_cov_rur,mts_details_sep,2006,13.104
chl,sex_f,geo_cov_rur,mts_details_sep,2009,13.108
chl,sex_f,geo_cov_rur,mts_details_sep,2010,15.069
chl,sex_f,geo_cov_rur,mts_details_sep,2011,13.689
chl,sex_f,geo_cov_rur,mts_details_sep,2012,15.271
chl,sex_f,geo_cov_rur,mts_details_sep,2013,14.654
chl,sex_f,geo_cov_rur,mts_details_sep,2014,15.437
chl,sex_f,geo_cov_rur,mts_details_sep,2015,17.243
chl,sex_f,geo_cov_rur,mts_details_sep,2016,17.356
chl,sex_f,geo_cov_rur,mts_details_sep,2017,19.527
chl,sex_f,geo_cov_rur,mts_details_sep,2018,18.93
chl,sex_f,geo_cov_rur,mts_details_sep,2019,18.889
chl,sex_f,geo_cov_rur,mts_details_sep,2020,23.541
chl,sex_f,geo_cov_rur,mts_details_sep,2021,25.676
chl,sex_f,geo_cov_rur,mts_details_sgle,1990,160.727
chl,sex_f,geo_cov_rur,mts_details_sgle,1992,158.553
chl,sex_f,geo_cov_rur,mts_details_sgle,1996,156.699
chl,sex_f,geo_cov_rur,mts_details_sgle,1998,153.857
chl,sex_f,geo_cov_rur,mts_details_sgle,2000,146.387
chl,sex_f,geo_cov_rur,mts_details_sgle,2003,150.592
chl,sex_f,geo_cov_rur,mts_details_sgle,2006,165.189
chl,sex_f,geo_cov_rur,mts_details_sgle,2009,173.354
chl,sex_f,geo_cov_rur,mts_details_sgle,2010,143.993
chl,sex_f,geo_cov_rur,mts_details_sgle,2011,138.058
chl,sex_f,geo_cov_rur,mts_details_sgle,2012,137.049
chl,sex_f,geo_cov_rur,mts_details_sgle,2013,140.027
chl,sex_f,geo_cov_rur,mts_details_sgle,2014,139.62
chl,sex_f,geo_cov_rur,mts_details_sgle,2015,143.354
chl,sex_f,geo_cov_rur,mts_details_sgle,2016,146.925
chl,sex_f,geo_cov_rur,mts_details_sgle,2017,143.553
chl,sex_f,geo_cov_rur,mts_details_sgle,2018,149.163
chl,sex_f,geo_cov_rur,mts_details_sgle,2019,157.105
chl,sex_f,geo_cov_rur,mts_details_sgle,2020,184.027
chl,sex_f,geo_cov_rur,mts_details_sgle,2021,188.272
chl,sex_f,geo_cov_rur,mts_details_total,1990,606.286
chl,sex_f,geo_cov_rur,mts_details_total,1992,591.409
chl,sex_f,geo_cov_rur,mts_details_total,1996,573.042
chl,sex_f,geo_cov_rur,mts_details_total,1998,563.409
chl,sex_f,geo_cov_rur,mts_details_total,2000,553.821
chl,sex_f,geo_cov_rur,mts_details_total,2003,551.048
chl,sex_f,geo_cov_rur,mts_details_total,2006,567.585
chl,sex_f,geo_cov_rur,mts_details_total,2009,604.528
chl,sex_f,geo_cov_rur,mts_details_total,2010,532.417
chl,sex_f,geo_cov_rur,mts_details_total,2011,517.891
chl,sex_f,geo_cov_rur,mts_details_total,2012,511.044
chl,sex_f,geo_cov_rur,mts_details_total,2013,510.828
chl,sex_f,geo_cov_rur,mts_details_total,2014,512.968
chl,sex_f,geo_cov_rur,mts_details_total,2015,527.472
chl,sex_f,geo_cov_rur,mts_details_total,2016,530.876
chl,sex_f,geo_cov_rur,mts_details_total,2017,537.062
chl,sex_f,geo_cov_rur,mts_details_total,2018,548.281
chl,sex_f,geo_cov_rur,mts_details_total,2019,568.657
chl,sex_f,geo_cov_rur,mts_details_total,2020,564.771
chl,sex_f,geo_cov_rur,mts_details_total,2021,573.109
chl,sex_f,geo_cov_rur,mts_details_union,1990,32.717
chl,sex_f,geo_cov_rur,mts_details_union,1992,32.795
chl,sex_f,geo_cov_rur,mts_details_union,1996,49.497
chl,sex_f,geo_cov_rur,mts_details_union,1998,45.821
chl,sex_f,geo_cov_rur,mts_details_union,2000,56.015
chl,sex_f,geo_cov_rur,mts_details_union,2003,63.808
chl,sex_f,geo_cov_rur,mts_details_union,2006,70.394
chl,sex_f,geo_cov_rur,mts_details_union,2009,81.83
chl,sex_f,geo_cov_rur,mts_details_union,2010,70.073
chl,sex_f,geo_cov_rur,mts_details_union,2011,75.706
chl,sex_f,geo_cov_rur,mts_details_union,2012,75.1
chl,sex_f,geo_cov_rur,mts_details_union,2013,75.06
chl,sex_f,geo_cov_rur,mts_details_union,2014,74.938
chl,sex_f,geo_cov_rur,mts_details_union,2015,72.604
chl,sex_f,geo_cov_rur,mts_details_union,2016,73.546
chl,sex_f,geo_cov_rur,mts_details_union,2017,75.656
chl,sex_f,geo_cov_rur,mts_details_union,2018,82.328
chl,sex_f,geo_cov_rur,mts_details_union,2019,88.353
chl,sex_f,geo_cov_rur,mts_details_union,2020,84.09
chl,sex_f,geo_cov_rur,mts_details_union,2021,87.038
chl,sex_f,geo_cov_rur,mts_details_wid,1990,47.884
chl,sex_f,geo_cov_rur,mts_details_wid,1992,51.969
chl,sex_f,geo_cov_rur,mts_details_wid,1996,51.76
chl,sex_f,geo_cov_rur,mts_details_wid,1998,52.779
chl,sex_f,geo_cov_rur,mts_details_wid,2000,47.654
chl,sex_f,geo_cov_rur,mts_details_wid,2003,53.271
chl,sex_f,geo_cov_rur,mts_details_wid,2006,55.259
chl,sex_f,geo_cov_rur,mts_details_wid,2009,58.261
chl,sex_f,geo_cov_rur,mts_details_wid,2010,56.831
chl,sex_f,geo_cov_rur,mts_details_wid,2011,55.239
chl,sex_f,geo_cov_rur,mts_details_wid,2012,56.55
chl,sex_f,geo_cov_rur,mts_details_wid,2013,58.237
chl,sex_f,geo_cov_rur,mts_details_wid,2014,59.336
chl,sex_f,geo_cov_rur,mts_details_wid,2015,63.196
chl,sex_f,geo_cov_rur,mts_details_wid,2016,62.643
chl,sex_f,geo_cov_rur,mts_details_wid,2017,62.055
chl,sex_f,geo_cov_rur,mts_details_wid,2018,60.98
chl,sex_f,geo_cov_rur,mts_details_wid,2019,62.154
chl,sex_f,geo_cov_rur,mts_details_wid,2020,54.415
chl,sex_f,geo_cov_rur,mts_details_wid,2021,60.277
chl,sex_f,geo_cov_rur,mts_details_x,1998,0.109
chl,sex_f,geo_cov_rur,mts_details_x,2003,0.144
chl,sex_f,geo_cov_rur,mts_details_x,2006,0.17
chl,sex_f,geo_cov_rur,mts_details_x,2020,0.814
chl,sex_f,geo_cov_urb,mts_aggregate_1,1990,1128.309
chl,sex_f,geo_cov_urb,mts_aggregate_1,1992,1122.639
chl,sex_f,geo_cov_urb,mts_aggregate_1,1996,1211.422
chl,sex_f,geo_cov_urb,mts_aggregate_1,1998,1268.634
chl,sex_f,geo_cov_urb,mts_aggregate_1,2000,1290.296
chl,sex_f,geo_cov_urb,mts_aggregate_1,2003,1368.125
chl,sex_f,geo_cov_urb,mts_aggregate_1,2006,1536.5
chl,sex_f,geo_cov_urb,mts_aggregate_1,2009,1728.712
chl,sex_f,geo_cov_urb,mts_aggregate_1,2010,1669.066
chl,sex_f,geo_cov_urb,mts_aggregate_1,2011,1613.383
chl,sex_f,geo_cov_urb,mts_aggregate_1,2012,1657.329
chl,sex_f,geo_cov_urb,mts_aggregate_1,2013,1708.387
chl,sex_f,geo_cov_urb,mts_aggregate_1,2014,1718.2
chl,sex_f,geo_cov_urb,mts_aggregate_1,2015,1758.373
chl,sex_f,geo_cov_urb,mts_aggregate_1,2016,1807.995
chl,sex_f,geo_cov_urb,mts_aggregate_1,2017,1797.918
chl,sex_f,geo_cov_urb,mts_aggregate_1,2018,1820.101
chl,sex_f,geo_cov_urb,mts_aggregate_1,2019,1834.237
chl,sex_f,geo_cov_urb,mts_aggregate_1,2020,2147.467
chl,sex_f,geo_cov_urb,mts_aggregate_1,2021,2182.705
chl,sex_f,geo_cov_urb,mts_aggregate_2,1990,1552.669
chl,sex_f,geo_cov_urb,mts_aggregate_2,1992,1604.068
chl,sex_f,geo_cov_urb,mts_aggregate_2,1996,1629.591
chl,sex_f,geo_cov_urb,mts_aggregate_2,1998,1586.836
chl,sex_f,geo_cov_urb,mts_aggregate_2,2000,1594.695
chl,sex_f,geo_cov_urb,mts_aggregate_2,2003,1571.921
chl,sex_f,geo_cov_urb,mts_aggregate_2,2006,1557.89
chl,sex_f,geo_cov_urb,mts_aggregate_2,2009,1701.429
chl,sex_f,geo_cov_urb,mts_aggregate_2,2010,1480.263
chl,sex_f,geo_cov_urb,mts_aggregate_2,2011,1467.327
chl,sex_f,geo_cov_urb,mts_aggregate_2,2012,1467.024
chl,sex_f,geo_cov_urb,mts_aggregate_2,2013,1462.819
chl,sex_f,geo_cov_urb,mts_aggregate_2,2014,1460.084
chl,sex_f,geo_cov_urb,mts_aggregate_2,2015,1473.437
chl,sex_f,geo_cov_urb,mts_aggregate_2,2016,1501.632
chl,sex_f,geo_cov_urb,mts_aggregate_2,2017,1531.701
chl,sex_f,geo_cov_urb,mts_aggregate_2,2018,1520.499
chl,sex_f,geo_cov_urb,mts_aggregate_2,2019,1541.628
chl,sex_f,geo_cov_urb,mts_aggregate_2,2020,1715.681
chl,sex_f,geo_cov_urb,mts_aggregate_2,2021,1608.657
chl,sex_f,geo_cov_urb,mts_aggregate_total,1990,2680.978
chl,sex_f,geo_cov_urb,mts_aggregate_total,1992,2726.707
chl,sex_f,geo_cov_urb,mts_aggregate_total,1996,2841.013
chl,sex_f,geo_cov_urb,mts_aggregate_total,1998,2857.246
chl,sex_f,geo_cov_urb,mts_aggregate_total,2000,2884.991
chl,sex_f,geo_cov_urb,mts_aggregate_total,2003,2940.542
chl,sex_f,geo_cov_urb,mts_aggregate_total,2006,3095.859
chl,sex_f,geo_cov_urb,mts_aggregate_total,2009,3430.141
chl,sex_f,geo_cov_urb,mts_aggregate_total,2010,3149.329
chl,sex_f,geo_cov_urb,mts_aggregate_total,2011,3080.711
chl,sex_f,geo_cov_urb,mts_aggregate_total,2012,3124.353
chl,sex_f,geo_cov_urb,mts_aggregate_total,2013,3171.206
chl,sex_f,geo_cov_urb,mts_aggregate_total,2014,3178.284
chl,sex_f,geo_cov_urb,mts_aggregate_total,2015,3231.81
chl,sex_f,geo_cov_urb,mts_aggregate_total,2016,3309.627
chl,sex_f,geo_cov_urb,mts_aggregate_total,2017,3329.619
chl,sex_f,geo_cov_urb,mts_aggregate_total,2018,3340.627
chl,sex_f,geo_cov_urb,mts_aggregate_total,2019,3376.064
chl,sex_f,geo_cov_urb,mts_aggregate_total,2020,3871.859
chl,sex_f,geo_cov_urb,mts_aggregate_total,2021,3792.632
chl,sex_f,geo_cov_urb,mts_aggregate_x,1998,1.776
chl,sex_f,geo_cov_urb,mts_aggregate_x,2003,0.496
chl,sex_f,geo_cov_urb,mts_aggregate_x,2006,1.469
chl,sex_f,geo_cov_urb,mts_aggregate_x,2019,0.199
chl,sex_f,geo_cov_urb,mts_aggregate_x,2020,8.712
chl,sex_f,geo_cov_urb,mts_aggregate_x,2021,1.27
chl,sex_f,geo_cov_urb,mts_details_mrd,1990,1418.946
chl,sex_f,geo_cov_urb,mts_details_mrd,1992,1448.311
chl,sex_f,geo_cov_urb,mts_details_mrd,1996,1402.796
chl,sex_f,geo_cov_urb,mts_details_mrd,1998,1372.014
chl,sex_f,geo_cov_urb,mts_details_mrd,2000,1351.551
chl,sex_f,geo_cov_urb,mts_details_mrd,2003,1289.06
chl,sex_f,geo_cov_urb,mts_details_mrd,2006,1224.728
chl,sex_f,geo_cov_urb,mts_details_mrd,2009,1323.574
chl,sex_f,geo_cov_urb,mts_details_mrd,2010,1164.361
chl,sex_f,geo_cov_urb,mts_details_mrd,2011,1138.55
chl,sex_f,geo_cov_urb,mts_details_mrd,2012,1170.453
chl,sex_f,geo_cov_urb,mts_details_mrd,2013,1160.209
chl,sex_f,geo_cov_urb,mts_details_mrd,2014,1147.896
chl,sex_f,geo_cov_urb,mts_details_mrd,2015,1159.901
chl,sex_f,geo_cov_urb,mts_details_mrd,2016,1176.609
chl,sex_f,geo_cov_urb,mts_details_mrd,2017,1201.543
chl,sex_f,geo_cov_urb,mts_details_mrd,2018,1186.374
chl,sex_f,geo_cov_urb,mts_details_mrd,2019,1227.908
chl,sex_f,geo_cov_urb,mts_details_mrd,2020,1256.85
chl,sex_f,geo_cov_urb,mts_details_mrd,2021,1179.273
chl,sex_f,geo_cov_urb,mts_details_sep,1990,92.008
chl,sex_f,geo_cov_urb,mts_details_sep,1992,93.837
chl,sex_f,geo_cov_urb,mts_details_sep,1996,102.277
chl,sex_f,geo_cov_urb,mts_details_sep,1998,114.5
chl,sex_f,geo_cov_urb,mts_details_sep,2000,116.391
chl,sex_f,geo_cov_urb,mts_details_sep,2003,120.503
chl,sex_f,geo_cov_urb,mts_details_sep,2006,141.857
chl,sex_f,geo_cov_urb,mts_details_sep,2009,154.719
chl,sex_f,geo_cov_urb,mts_details_sep,2010,177.605
chl,sex_f,geo_cov_urb,mts_details_sep,2011,170.33
chl,sex_f,geo_cov_urb,mts_details_sep,2012,173.871
chl,sex_f,geo_cov_urb,mts_details_sep,2013,184.147
chl,sex_f,geo_cov_urb,mts_details_sep,2014,180.567
chl,sex_f,geo_cov_urb,mts_details_sep,2015,176.031
chl,sex_f,geo_cov_urb,mts_details_sep,2016,199.938
chl,sex_f,geo_cov_urb,mts_details_sep,2017,212.07
chl,sex_f,geo_cov_urb,mts_details_sep,2018,233.558
chl,sex_f,geo_cov_urb,mts_details_sep,2019,234.074
chl,sex_f,geo_cov_urb,mts_details_sep,2020,288.089
chl,sex_f,geo_cov_urb,mts_details_sep,2021,304.826
chl,sex_f,geo_cov_urb,mts_details_sgle,1990,736.029
chl,sex_f,geo_cov_urb,mts_details_sgle,1992,728.302
chl,sex_f,geo_cov_urb,mts_details_sgle,1996,771.892
chl,sex_f,geo_cov_urb,mts_details_sgle,1998,828.043
chl,sex_f,geo_cov_urb,mts_details_sgle,2000,851.348
chl,sex_f,geo_cov_urb,mts_details_sgle,2003,905.068
chl,sex_f,geo_cov_urb,mts_details_sgle,2006,1022.472
chl,sex_f,geo_cov_urb,mts_details_sgle,2009,1127.724
chl,sex_f,geo_cov_urb,mts_details_sgle,2010,1065.507
chl,sex_f,geo_cov_urb,mts_details_sgle,2011,1047.057
chl,sex_f,geo_cov_urb,mts_details_sgle,2012,1073.463
chl,sex_f,geo_cov_urb,mts_details_sgle,2013,1090.107
chl,sex_f,geo_cov_urb,mts_details_sgle,2014,1103.482
chl,sex_f,geo_cov_urb,mts_details_sgle,2015,1124.23
chl,sex_f,geo_cov_urb,mts_details_sgle,2016,1133.29
chl,sex_f,geo_cov_urb,mts_details_sgle,2017,1106.788
chl,sex_f,geo_cov_urb,mts_details_sgle,2018,1119.317
chl,sex_f,geo_cov_urb,mts_details_sgle,2019,1155.934
chl,sex_f,geo_cov_urb,mts_details_sgle,2020,1444.256
chl,sex_f,geo_cov_urb,mts_details_sgle,2021,1436.349
chl,sex_f,geo_cov_urb,mts_details_total,1990,2680.978
chl,sex_f,geo_cov_urb,mts_details_total,1992,2726.707
chl,sex_f,geo_cov_urb,mts_details_total,1996,2841.013
chl,sex_f,geo_cov_urb,mts_details_total,1998,2857.246
chl,sex_f,geo_cov_urb,mts_details_total,2000,2884.991
chl,sex_f,geo_cov_urb,mts_details_total,2003,2940.542
chl,sex_f,geo_cov_urb,mts_details_total,2006,3095.859
chl,sex_f,geo_cov_urb,mts_details_total,2009,3430.141
chl,sex_f,geo_cov_urb,mts_details_total,2010,3149.329
chl,sex_f,geo_cov_urb,mts_details_total,2011,3080.711
chl,sex_f,geo_cov_urb,mts_details_total,2012,3124.353
chl,sex_f,geo_cov_urb,mts_details_total,2013,3171.206
chl,sex_f,geo_cov_urb,mts_details_total,2014,3178.284
chl,sex_f,geo_cov_urb,mts_details_total,2015,3231.81
chl,sex_f,geo_cov_urb,mts_details_total,2016,3309.627
chl,sex_f,geo_cov_urb,mts_details_total,2017,3329.619
chl,sex_f,geo_cov_urb,mts_details_total,2018,3340.627
chl,sex_f,geo_cov_urb,mts_details_total,2019,3376.064
chl,sex_f,geo_cov_urb,mts_details_total,2020,3871.859
chl,sex_f,geo_cov_urb,mts_details_total,2021,3792.632
chl,sex_f,geo_cov_urb,mts_details_union,1990,133.723
chl,sex_f,geo_cov_urb,mts_details_union,1992,155.757
chl,sex_f,geo_cov_urb,mts_details_union,1996,226.795
chl,sex_f,geo_cov_urb,mts_details_union,1998,214.822
chl,sex_f,geo_cov_urb,mts_details_union,2000,243.144
chl,sex_f,geo_cov_urb,mts_details_union,2003,282.861
chl,sex_f,geo_cov_urb,mts_details_union,2006,333.162
chl,sex_f,geo_cov_urb,mts_details_union,2009,377.855
chl,sex_f,geo_cov_urb,mts_details_union,2010,315.902
chl,sex_f,geo_cov_urb,mts_details_union,2011,328.778
chl,sex_f,geo_cov_urb,mts_details_union,2012,296.571
chl,sex_f,geo_cov_urb,mts_details_union,2013,302.61
chl,sex_f,geo_cov_urb,mts_details_union,2014,312.188
chl,sex_f,geo_cov_urb,mts_details_union,2015,313.536
chl,sex_f,geo_cov_urb,mts_details_union,2016,325.023
chl,sex_f,geo_cov_urb,mts_details_union,2017,330.159
chl,sex_f,geo_cov_urb,mts_details_union,2018,334.125
chl,sex_f,geo_cov_urb,mts_details_union,2019,313.72
chl,sex_f,geo_cov_urb,mts_details_union,2020,458.83
chl,sex_f,geo_cov_urb,mts_details_union,2021,429.384
chl,sex_f,geo_cov_urb,mts_details_wid,1990,300.272
chl,sex_f,geo_cov_urb,mts_details_wid,1992,300.5
chl,sex_f,geo_cov_urb,mts_details_wid,1996,337.253
chl,sex_f,geo_cov_urb,mts_details_wid,1998,326.091
chl,sex_f,geo_cov_urb,mts_details_wid,2000,322.557
chl,sex_f,geo_cov_urb,mts_details_wid,2003,342.554
chl,sex_f,geo_cov_urb,mts_details_wid,2006,372.171
chl,sex_f,geo_cov_urb,mts_details_wid,2009,446.269
chl,sex_f,geo_cov_urb,mts_details_wid,2010,425.954
chl,sex_f,geo_cov_urb,mts_details_wid,2011,395.996
chl,sex_f,geo_cov_urb,mts_details_wid,2012,409.995
chl,sex_f,geo_cov_urb,mts_details_wid,2013,434.133
chl,sex_f,geo_cov_urb,mts_details_wid,2014,434.151
chl,sex_f,geo_cov_urb,mts_details_wid,2015,458.112
chl,sex_f,geo_cov_urb,mts_details_wid,2016,474.768
chl,sex_f,geo_cov_urb,mts_details_wid,2017,479.059
chl,sex_f,geo_cov_urb,mts_details_wid,2018,467.226
chl,sex_f,geo_cov_urb,mts_details_wid,2019,444.23
chl,sex_f,geo_cov_urb,mts_details_wid,2020,415.123
chl,sex_f,geo_cov_urb,mts_details_wid,2021,441.53
chl,sex_f,geo_cov_urb,mts_details_x,1998,1.776
chl,sex_f,geo_cov_urb,mts_details_x,2003,0.496
chl,sex_f,geo_cov_urb,mts_details_x,2006,1.469
chl,sex_f,geo_cov_urb,mts_details_x,2019,0.199
chl,sex_f,geo_cov_urb,mts_details_x,2020,8.712
chl,sex_f,geo_cov_urb,mts_details_x,2021,1.27
chl,sex_m,geo_cov_nat,mts_aggregate_1,1990,787.649
chl,sex_m,geo_cov_nat,mts_aggregate_1,1992,746.909
chl,sex_m,geo_cov_nat,mts_aggregate_1,1996,888.345
chl,sex_m,geo_cov_nat,mts_aggregate_1,1998,916.419
chl,sex_m,geo_cov_nat,mts_aggregate_1,2000,998.54
chl,sex_m,geo_cov_nat,mts_aggregate_1,2003,1072.26
chl,sex_m,geo_cov_nat,mts_aggregate_1,2006,1143.672
chl,sex_m,geo_cov_nat,mts_aggregate_1,2009,1231.839
chl,sex_m,geo_cov_nat,mts_aggregate_1,2010,1228.068
chl,sex_m,geo_cov_nat,mts_aggregate_1,2011,1197.886
chl,sex_m,geo_cov_nat,mts_aggregate_1,2012,1261.4
chl,sex_m,geo_cov_nat,mts_aggregate_1,2013,1293.96
chl,sex_m,geo_cov_nat,mts_aggregate_1,2014,1329.498
chl,sex_m,geo_cov_nat,mts_aggregate_1,2015,1343.145
chl,sex_m,geo_cov_nat,mts_aggregate_1,2016,1360.328
chl,sex_m,geo_cov_nat,mts_aggregate_1,2017,1374.127
chl,sex_m,geo_cov_nat,mts_aggregate_1,2018,1434.053
chl,sex_m,geo_cov_nat,mts_aggregate_1,2019,1490.746
chl,sex_m,geo_cov_nat,mts_aggregate_1,2020,1650.847
chl,sex_m,geo_cov_nat,mts_aggregate_1,2021,1622.591
chl,sex_m,geo_cov_nat,mts_aggregate_2,1990,373.909
chl,sex_m,geo_cov_nat,mts_aggregate_2,1992,356.951
chl,sex_m,geo_cov_nat,mts_aggregate_2,1996,367.829
chl,sex_m,geo_cov_nat,mts_aggregate_2,1998,369.927
chl,sex_m,geo_cov_nat,mts_aggregate_2,2000,404.455
chl,sex_m,geo_cov_nat,mts_aggregate_2,2003,431.063
chl,sex_m,geo_cov_nat,mts_aggregate_2,2006,474.057
chl,sex_m,geo_cov_nat,mts_aggregate_2,2009,594.582
chl,sex_m,geo_cov_nat,mts_aggregate_2,2010,574.951
chl,sex_m,geo_cov_nat,mts_aggregate_2,2011,592.879
chl,sex_m,geo_cov_nat,mts_aggregate_2,2012,611.995
chl,sex_m,geo_cov_nat,mts_aggregate_2,2013,615.1
chl,sex_m,geo_cov_nat,mts_aggregate_2,2014,624.726
chl,sex_m,geo_cov_nat,mts_aggregate_2,2015,650.605
chl,sex_m,geo_cov_nat,mts_aggregate_2,2016,686.527
chl,sex_m,geo_cov_nat,mts_aggregate_2,2017,709.534
chl,sex_m,geo_cov_nat,mts_aggregate_2,2018,740.43
chl,sex_m,geo_cov_nat,mts_aggregate_2,2019,778.393
chl,sex_m,geo_cov_nat,mts_aggregate_2,2020,916.193
chl,sex_m,geo_cov_nat,mts_aggregate_2,2021,838.972
chl,sex_m,geo_cov_nat,mts_aggregate_total,1990,1161.558
chl,sex_m,geo_cov_nat,mts_aggregate_total,1992,1103.86
chl,sex_m,geo_cov_nat,mts_aggregate_total,1996,1256.174
chl,sex_m,geo_cov_nat,mts_aggregate_total,1998,1287.682
chl,sex_m,geo_cov_nat,mts_aggregate_total,2000,1402.995
chl,sex_m,geo_cov_nat,mts_aggregate_total,2003,1503.878
chl,sex_m,geo_cov_nat,mts_aggregate_total,2006,1618.254
chl,sex_m,geo_cov_nat,mts_aggregate_total,2009,1826.421
chl,sex_m,geo_cov_nat,mts_aggregate_total,2010,1803.02
chl,sex_m,geo_cov_nat,mts_aggregate_total,2011,1790.93
chl,sex_m,geo_cov_nat,mts_aggregate_total,2012,1873.395
chl,sex_m,geo_cov_nat,mts_aggregate_total,2013,1909.06
chl,sex_m,geo_cov_nat,mts_aggregate_total,2014,1954.224
chl,sex_m,geo_cov_nat,mts_aggregate_total,2015,1993.75
chl,sex_m,geo_cov_nat,mts_aggregate_total,2016,2046.855
chl,sex_m,geo_cov_nat,mts_aggregate_total,2017,2083.661
chl,sex_m,geo_cov_nat,mts_aggregate_total,2018,2174.483
chl,sex_m,geo_cov_nat,mts_aggregate_total,2019,2269.833
chl,sex_m,geo_cov_nat,mts_aggregate_total,2020,2571.8
chl,sex_m,geo_cov_nat,mts_aggregate_total,2021,2462.11
chl,sex_m,geo_cov_nat,mts_aggregate_x,1998,1.336
chl,sex_m,geo_cov_nat,mts_aggregate_x,2003,0.555
chl,sex_m,geo_cov_nat,mts_aggregate_x,2006,0.525
chl,sex_m,geo_cov_nat,mts_aggregate_x,2019,0.694
chl,sex_m,geo_cov_nat,mts_aggregate_x,2020,4.76
chl,sex_m,geo_cov_nat,mts_aggregate_x,2021,0.547
chl,sex_m,geo_cov_nat,mts_details_mrd,1990,352.065
chl,sex_m,geo_cov_nat,mts_details_mrd,1992,334.776
chl,sex_m,geo_cov_nat,mts_details_mrd,1996,335.391
chl,sex_m,geo_cov_nat,mts_details_mrd,1998,334.989
chl,sex_m,geo_cov_nat,mts_details_mrd,2000,362.315
chl,sex_m,geo_cov_nat,mts_details_mrd,2003,377.509
chl,sex_m,geo_cov_nat,mts_details_mrd,2006,406.295
chl,sex_m,geo_cov_nat,mts_details_mrd,2009,509.889
chl,sex_m,geo_cov_nat,mts_details_mrd,2010,494.154
chl,sex_m,geo_cov_nat,mts_details_mrd,2011,509.303
chl,sex_m,geo_cov_nat,mts_details_mrd,2012,522.25
chl,sex_m,geo_cov_nat,mts_details_mrd,2013,521.399
chl,sex_m,geo_cov_nat,mts_details_mrd,2014,528.474
chl,sex_m,geo_cov_nat,mts_details_mrd,2015,560.486
chl,sex_m,geo_cov_nat,mts_details_mrd,2016,592.261
chl,sex_m,geo_cov_nat,mts_details_mrd,2017,608.486
chl,sex_m,geo_cov_nat,mts_details_mrd,2018,628.726
chl,sex_m,geo_cov_nat,mts_details_mrd,2019,667.194
chl,sex_m,geo_cov_nat,mts_details_mrd,2020,714.972
chl,sex_m,geo_cov_nat,mts_details_mrd,2021,672.575
chl,sex_m,geo_cov_nat,mts_details_sep,1990,25.139
chl,sex_m,geo_cov_nat,mts_details_sep,1992,21.824
chl,sex_m,geo_cov_nat,mts_details_sep,1996,26.243
chl,sex_m,geo_cov_nat,mts_details_sep,1998,25.594
chl,sex_m,geo_cov_nat,mts_details_sep,2000,31.973
chl,sex_m,geo_cov_nat,mts_details_sep,2003,37.575
chl,sex_m,geo_cov_nat,mts_details_sep,2006,44.83
chl,sex_m,geo_cov_nat,mts_details_sep,2009,46.4
chl,sex_m,geo_cov_nat,mts_details_sep,2010,59.637
chl,sex_m,geo_cov_nat,mts_details_sep,2011,56.339
chl,sex_m,geo_cov_nat,mts_details_sep,2012,59.551
chl,sex_m,geo_cov_nat,mts_details_sep,2013,69.652
chl,sex_m,geo_cov_nat,mts_details_sep,2014,71.157
chl,sex_m,geo_cov_nat,mts_details_sep,2015,70.989
chl,sex_m,geo_cov_nat,mts_details_sep,2016,73.161
chl,sex_m,geo_cov_nat,mts_details_sep,2017,76.27
chl,sex_m,geo_cov_nat,mts_details_sep,2018,76.675
chl,sex_m,geo_cov_nat,mts_details_sep,2019,90.702
chl,sex_m,geo_cov_nat,mts_details_sep,2020,113.288
chl,sex_m,geo_cov_nat,mts_details_sep,2021,116.51
chl,sex_m,geo_cov_nat,mts_details_sgle,1990,687.992
chl,sex_m,geo_cov_nat,mts_details_sgle,1992,659.339
chl,sex_m,geo_cov_nat,mts_details_sgle,1996,795.461
chl,sex_m,geo_cov_nat,mts_details_sgle,1998,823.615
chl,sex_m,geo_cov_nat,mts_details_sgle,2000,895.34
chl,sex_m,geo_cov_nat,mts_details_sgle,2003,964.262
chl,sex_m,geo_cov_nat,mts_details_sgle,2006,1008.685
chl,sex_m,geo_cov_nat,mts_details_sgle,2009,1069.848
chl,sex_m,geo_cov_nat,mts_details_sgle,2010,1065.628
chl,sex_m,geo_cov_nat,mts_details_sgle,2011,1038.554
chl,sex_m,geo_cov_nat,mts_details_sgle,2012,1092.438
chl,sex_m,geo_cov_nat,mts_details_sgle,2013,1103.43
chl,sex_m,geo_cov_nat,mts_details_sgle,2014,1142.536
chl,sex_m,geo_cov_nat,mts_details_sgle,2015,1158.11
chl,sex_m,geo_cov_nat,mts_details_sgle,2016,1170.44
chl,sex_m,geo_cov_nat,mts_details_sgle,2017,1184.153
chl,sex_m,geo_cov_nat,mts_details_sgle,2018,1229.91
chl,sex_m,geo_cov_nat,mts_details_sgle,2019,1269.156
chl,sex_m,geo_cov_nat,mts_details_sgle,2020,1425.664
chl,sex_m,geo_cov_nat,mts_details_sgle,2021,1392.908
chl,sex_m,geo_cov_nat,mts_details_total,1990,1161.558
chl,sex_m,geo_cov_nat,mts_details_total,1992,1103.86
chl,sex_m,geo_cov_nat,mts_details_total,1996,1256.174
chl,sex_m,geo_cov_nat,mts_details_total,1998,1287.682
chl,sex_m,geo_cov_nat,mts_details_total,2000,1402.995
chl,sex_m,geo_cov_nat,mts_details_total,2003,1503.878
chl,sex_m,geo_cov_nat,mts_details_total,2006,1618.254
chl,sex_m,geo_cov_nat,mts_details_total,2009,1826.421
chl,sex_m,geo_cov_nat,mts_details_total,2010,1803.02
chl,sex_m,geo_cov_nat,mts_details_total,2011,1790.93
chl,sex_m,geo_cov_nat,mts_details_total,2012,1873.395
chl,sex_m,geo_cov_nat,mts_details_total,2013,1909.06
chl,sex_m,geo_cov_nat,mts_details_total,2014,1954.224
chl,sex_m,geo_cov_nat,mts_details_total,2015,1993.75
chl,sex_m,geo_cov_nat,mts_details_total,2016,2046.855
chl,sex_m,geo_cov_nat,mts_details_total,2017,2083.661
chl,sex_m,geo_cov_nat,mts_details_total,2018,2174.483
chl,sex_m,geo_cov_nat,mts_details_total,2019,2269.833
chl,sex_m,geo_cov_nat,mts_details_total,2020,2571.8
chl,sex_m,geo_cov_nat,mts_details_total,2021,2462.11
chl,sex_m,geo_cov_nat,mts_details_union,1990,21.844
chl,sex_m,geo_cov_nat,mts_details_union,1992,22.175
chl,sex_m,geo_cov_nat,mts_details_union,1996,32.438
chl,sex_m,geo_cov_nat,mts_details_union,1998,34.938
chl,sex_m,geo_cov_nat,mts_details_union,2000,42.14
chl,sex_m,geo_cov_nat,mts_details_union,2003,53.554
chl,sex_m,geo_cov_nat,mts_details_union,2006,67.762
chl,sex_m,geo_cov_nat,mts_details_union,2009,84.693
chl,sex_m,geo_cov_nat,mts_details_union,2010,80.797
chl,sex_m,geo_cov_nat,mts_details_union,2011,83.576
chl,sex_m,geo_cov_nat,mts_details_union,2012,89.745
chl,sex_m,geo_cov_nat,mts_details_union,2013,93.701
chl,sex_m,geo_cov_nat,mts_details_union,2014,96.252
chl,sex_m,geo_cov_nat,mts_details_union,2015,90.119
chl,sex_m,geo_cov_nat,mts_details_union,2016,94.266
chl,sex_m,geo_cov_nat,mts_details_union,2017,101.048
chl,sex_m,geo_cov_nat,mts_details_union,2018,111.703
chl,sex_m,geo_cov_nat,mts_details_union,2019,111.2
chl,sex_m,geo_cov_nat,mts_details_union,2020,201.222
chl,sex_m,geo_cov_nat,mts_details_union,2021,166.397
chl,sex_m,geo_cov_nat,mts_details_wid,1990,74.518
chl,sex_m,geo_cov_nat,mts_details_wid,1992,65.746
chl,sex_m,geo_cov_nat,mts_details_wid,1996,66.641
chl,sex_m,geo_cov_nat,mts_details_wid,1998,67.21
chl,sex_m,geo_cov_nat,mts_details_wid,2000,71.227
chl,sex_m,geo_cov_nat,mts_details_wid,2003,70.423
chl,sex_m,geo_cov_nat,mts_details_wid,2006,90.157
chl,sex_m,geo_cov_nat,mts_details_wid,2009,115.591
chl,sex_m,geo_cov_nat,mts_details_wid,2010,102.803
chl,sex_m,geo_cov_nat,mts_details_wid,2011,102.994
chl,sex_m,geo_cov_nat,mts_details_wid,2012,109.412
chl,sex_m,geo_cov_nat,mts_details_wid,2013,120.878
chl,sex_m,geo_cov_nat,mts_details_wid,2014,115.805
chl,sex_m,geo_cov_nat,mts_details_wid,2015,114.046
chl,sex_m,geo_cov_nat,mts_details_wid,2016,116.728
chl,sex_m,geo_cov_nat,mts_details_wid,2017,113.704
chl,sex_m,geo_cov_nat,mts_details_wid,2018,127.468
chl,sex_m,geo_cov_nat,mts_details_wid,2019,130.888
chl,sex_m,geo_cov_nat,mts_details_wid,2020,111.895
chl,sex_m,geo_cov_nat,mts_details_wid,2021,113.172
chl,sex_m,geo_cov_nat,mts_details_x,1998,1.336
chl,sex_m,geo_cov_nat,mts_details_x,2003,0.555
chl,sex_m,geo_cov_nat,mts_details_x,2006,0.525
chl,sex_m,geo_cov_nat,mts_details_x,2019,0.694
chl,sex_m,geo_cov_nat,mts_details_x,2020,4.76
chl,sex_m,geo_cov_nat,mts_details_x,2021,0.547
chl,sex_m,geo_cov_rur,mts_aggregate_1,1990,98.185
chl,sex_m,geo_cov_rur,mts_aggregate_1,1992,104.075
chl,sex_m,geo_cov_rur,mts_aggregate_1,1996,132.357
chl,sex_m,geo_cov_rur,mts_aggregate_1,1998,125.571
chl,sex_m,geo_cov_rur,mts_aggregate_1,2000,130.233
chl,sex_m,geo_cov_rur,mts_aggregate_1,2003,134.25
chl,sex_m,geo_cov_rur,mts_aggregate_1,2006,154.082
chl,sex_m,geo_cov_rur,mts_aggregate_1,2009,163.404
chl,sex_m,geo_cov_rur,mts_aggregate_1,2010,150.227
chl,sex_m,geo_cov_rur,mts_aggregate_1,2011,147.399
chl,sex_m,geo_cov_rur,mts_aggregate_1,2012,157.079
chl,sex_m,geo_cov_rur,mts_aggregate_1,2013,156.462
chl,sex_m,geo_cov_rur,mts_aggregate_1,2014,161.448
chl,sex_m,geo_cov_rur,mts_aggregate_1,2015,166.046
chl,sex_m,geo_cov_rur,mts_aggregate_1,2016,169.268
chl,sex_m,geo_cov_rur,mts_aggregate_1,2017,170.855
chl,sex_m,geo_cov_rur,mts_aggregate_1,2018,179.32
chl,sex_m,geo_cov_rur,mts_aggregate_1,2019,190.268
chl,sex_m,geo_cov_rur,mts_aggregate_1,2020,194.858
chl,sex_m,geo_cov_rur,mts_aggregate_1,2021,201.352
chl,sex_m,geo_cov_rur,mts_aggregate_2,1990,62.134
chl,sex_m,geo_cov_rur,mts_aggregate_2,1992,62.311
chl,sex_m,geo_cov_rur,mts_aggregate_2,1996,60.975
chl,sex_m,geo_cov_rur,mts_aggregate_2,1998,62.588
chl,sex_m,geo_cov_rur,mts_aggregate_2,2000,68.569
chl,sex_m,geo_cov_rur,mts_aggregate_2,2003,71.878
chl,sex_m,geo_cov_rur,mts_aggregate_2,2006,82.564
chl,sex_m,geo_cov_rur,mts_aggregate_2,2009,106.95
chl,sex_m,geo_cov_rur,mts_aggregate_2,2010,100.113
chl,sex_m,geo_cov_rur,mts_aggregate_2,2011,95.947
chl,sex_m,geo_cov_rur,mts_aggregate_2,2012,93.286
chl,sex_m,geo_cov_rur,mts_aggregate_2,2013,90.183
chl,sex_m,geo_cov_rur,mts_aggregate_2,2014,91.195
chl,sex_m,geo_cov_rur,mts_aggregate_2,2015,96.451
chl,sex_m,geo_cov_rur,mts_aggregate_2,2016,103.124
chl,sex_m,geo_cov_rur,mts_aggregate_2,2017,106.412
chl,sex_m,geo_cov_rur,mts_aggregate_2,2018,116.163
chl,sex_m,geo_cov_rur,mts_aggregate_2,2019,126.648
chl,sex_m,geo_cov_rur,mts_aggregate_2,2020,133.07
chl,sex_m,geo_cov_rur,mts_aggregate_2,2021,138.145
chl,sex_m,geo_cov_rur,mts_aggregate_total,1990,160.319
chl,sex_m,geo_cov_rur,mts_aggregate_total,1992,166.386
chl,sex_m,geo_cov_rur,mts_aggregate_total,1996,193.332
chl,sex_m,geo_cov_rur,mts_aggregate_total,1998,188.546
chl,sex_m,geo_cov_rur,mts_aggregate_total,2000,198.802
chl,sex_m,geo_cov_rur,mts_aggregate_total,2003,206.148
chl,sex_m,geo_cov_rur,mts_aggregate_total,2006,236.684
chl,sex_m,geo_cov_rur,mts_aggregate_total,2009,270.354
chl,sex_m,geo_cov_rur,mts_aggregate_total,2010,250.341
chl,sex_m,geo_cov_rur,mts_aggregate_total,2011,243.346
chl,sex_m,geo_cov_rur,mts_aggregate_total,2012,250.365
chl,sex_m,geo_cov_rur,mts_aggregate_total,2013,246.645
chl,sex_m,geo_cov_rur,mts_aggregate_total,2014,252.643
chl,sex_m,geo_cov_rur,mts_aggregate_total,2015,262.496
chl,sex_m,geo_cov_rur,mts_aggregate_total,2016,272.392
chl,sex_m,geo_cov_rur,mts_aggregate_total,2017,277.267
chl,sex_m,geo_cov_rur,mts_aggregate_total,2018,295.483
chl,sex_m,geo_cov_rur,mts_aggregate_total,2019,316.944
chl,sex_m,geo_cov_rur,mts_aggregate_total,2020,328.44
chl,sex_m,geo_cov_rur,mts_aggregate_total,2021,339.551
chl,sex_m,geo_cov_rur,mts_aggregate_x,1998,0.387
chl,sex_m,geo_cov_rur,mts_aggregate_x,2020,0.512
chl,sex_m,geo_cov_rur,mts_details_mrd,1990,58.828
chl,sex_m,geo_cov_rur,mts_details_mrd,1992,58.583
chl,sex_m,geo_cov_rur,mts_details_mrd,1996,55.373
chl,sex_m,geo_cov_rur,mts_details_mrd,1998,57.374
chl,sex_m,geo_cov_rur,mts_details_mrd,2000,61.229
chl,sex_m,geo_cov_rur,mts_details_mrd,2003,63.186
chl,sex_m,geo_cov_rur,mts_details_mrd,2006,71.294
chl,sex_m,geo_cov_rur,mts_details_mrd,2009,91.925
chl,sex_m,geo_cov_rur,mts_details_mrd,2010,85.039
chl,sex_m,geo_cov_rur,mts_details_mrd,2011,81.87
chl,sex_m,geo_cov_rur,mts_details_mrd,2012,79.789
chl,sex_m,geo_cov_rur,mts_details_mrd,2013,76.487
chl,sex_m,geo_cov_rur,mts_details_mrd,2014,75.676
chl,sex_m,geo_cov_rur,mts_details_mrd,2015,81.575
chl,sex_m,geo_cov_rur,mts_details_mrd,2016,87.217
chl,sex_m,geo_cov_rur,mts_details_mrd,2017,90.215
chl,sex_m,geo_cov_rur,mts_details_mrd,2018,96.816
chl,sex_m,geo_cov_rur,mts_details_mrd,2019,104.031
chl,sex_m,geo_cov_rur,mts_details_mrd,2020,106.583
chl,sex_m,geo_cov_rur,mts_details_mrd,2021,109.416
chl,sex_m,geo_cov_rur,mts_details_sep,1990,3.637
chl,sex_m,geo_cov_rur,mts_details_sep,1992,2.642
chl,sex_m,geo_cov_rur,mts_details_sep,1996,3.704
chl,sex_m,geo_cov_rur,mts_details_sep,1998,3.254
chl,sex_m,geo_cov_rur,mts_details_sep,2000,5.106
chl,sex_m,geo_cov_rur,mts_details_sep,2003,4.983
chl,sex_m,geo_cov_rur,mts_details_sep,2006,6.51
chl,sex_m,geo_cov_rur,mts_details_sep,2009,7.186
chl,sex_m,geo_cov_rur,mts_details_sep,2010,8.236
chl,sex_m,geo_cov_rur,mts_details_sep,2011,7.425
chl,sex_m,geo_cov_rur,mts_details_sep,2012,7.762
chl,sex_m,geo_cov_rur,mts_details_sep,2013,8.81
chl,sex_m,geo_cov_rur,mts_details_sep,2014,10.545
chl,sex_m,geo_cov_rur,mts_details_sep,2015,11.019
chl,sex_m,geo_cov_rur,mts_details_sep,2016,9.897
chl,sex_m,geo_cov_rur,mts_details_sep,2017,11.752
chl,sex_m,geo_cov_rur,mts_details_sep,2018,11.688
chl,sex_m,geo_cov_rur,mts_details_sep,2019,13.832
chl,sex_m,geo_cov_rur,mts_details_sep,2020,14.518
chl,sex_m,geo_cov_rur,mts_details_sep,2021,16.379
chl,sex_m,geo_cov_rur,mts_details_sgle,1990,79.913
chl,sex_m,geo_cov_rur,mts_details_sgle,1992,88.868
chl,sex_m,geo_cov_rur,mts_details_sgle,1996,110.753
chl,sex_m,geo_cov_rur,mts_details_sgle,1998,110.039
chl,sex_m,geo_cov_rur,mts_details_sgle,2000,110.301
chl,sex_m,geo_cov_rur,mts_details_sgle,2003,115.903
chl,sex_m,geo_cov_rur,mts_details_sgle,2006,131.235
chl,sex_m,geo_cov_rur,mts_details_sgle,2009,136.47
chl,sex_m,geo_cov_rur,mts_details_sgle,2010,121.14
chl,sex_m,geo_cov_rur,mts_details_sgle,2011,120.828
chl,sex_m,geo_cov_rur,mts_details_sgle,2012,130.713
chl,sex_m,geo_cov_rur,mts_details_sgle,2013,128.769
chl,sex_m,geo_cov_rur,mts_details_sgle,2014,129.169
chl,sex_m,geo_cov_rur,mts_details_sgle,2015,134.389
chl,sex_m,geo_cov_rur,mts_details_sgle,2016,138.912
chl,sex_m,geo_cov_rur,mts_details_sgle,2017,139.41
chl,sex_m,geo_cov_rur,mts_details_sgle,2018,145.602
chl,sex_m,geo_cov_rur,mts_details_sgle,2019,154.186
chl,sex_m,geo_cov_rur,mts_details_sgle,2020,162.913
chl,sex_m,geo_cov_rur,mts_details_sgle,2021,165.925
chl,sex_m,geo_cov_rur,mts_details_total,1990,160.319
chl,sex_m,geo_cov_rur,mts_details_total,1992,166.386
chl,sex_m,geo_cov_rur,mts_details_total,1996,193.332
chl,sex_m,geo_cov_rur,mts_details_total,1998,188.546
chl,sex_m,geo_cov_rur,mts_details_total,2000,198.802
chl,sex_m,geo_cov_rur,mts_details_total,2003,206.148
chl,sex_m,geo_cov_rur,mts_details_total,2006,236.684
chl,sex_m,geo_cov_rur,mts_details_total,2009,270.354
chl,sex_m,geo_cov_rur,mts_details_total,2010,250.341
chl,sex_m,geo_cov_rur,mts_details_total,2011,243.346
chl,sex_m,geo_cov_rur,mts_details_total,2012,250.365
chl,sex_m,geo_cov_rur,mts_details_total,2013,246.645
chl,sex_m,geo_cov_rur,mts_details_total,2014,252.643
chl,sex_m,geo_cov_rur,mts_details_total,2015,262.496
chl,sex_m,geo_cov_rur,mts_details_total,2016,272.392
chl,sex_m,geo_cov_rur,mts_details_total,2017,277.267
chl,sex_m,geo_cov_rur,mts_details_total,2018,295.483
chl,sex_m,geo_cov_rur,mts_details_total,2019,316.944
chl,sex_m,geo_cov_rur,mts_details_total,2020,328.44
chl,sex_m,geo_cov_rur,mts_details_total,2021,339.551
chl,sex_m,geo_cov_rur,mts_details_union,1990,3.306
chl,sex_m,geo_cov_rur,mts_details_union,1992,3.728
chl,sex_m,geo_cov_rur,mts_details_union,1996,5.602
chl,sex_m,geo_cov_rur,mts_details_union,1998,5.214
chl,sex_m,geo_cov_rur,mts_details_union,2000,7.34
chl,sex_m,geo_cov_rur,mts_details_union,2003,8.692
chl,sex_m,geo_cov_rur,mts_details_union,2006,11.27
chl,sex_m,geo_cov_rur,mts_details_union,2009,15.025
chl,sex_m,geo_cov_rur,mts_details_union,2010,15.075
chl,sex_m,geo_cov_rur,mts_details_union,2011,14.077
chl,sex_m,geo_cov_rur,mts_details_union,2012,13.498
chl,sex_m,geo_cov_rur,mts_details_union,2013,13.696
chl,sex_m,geo_cov_rur,mts_details_union,2014,15.519
chl,sex_m,geo_cov_rur,mts_details_union,2015,14.876
chl,sex_m,geo_cov_rur,mts_details_union,2016,15.907
chl,sex_m,geo_cov_rur,mts_details_union,2017,16.197
chl,sex_m,geo_cov_rur,mts_details_union,2018,19.347
chl,sex_m,geo_cov_rur,mts_details_union,2019,22.618
chl,sex_m,geo_cov_rur,mts_details_union,2020,26.486
chl,sex_m,geo_cov_rur,mts_details_union,2021,28.729
chl,sex_m,geo_cov_rur,mts_details_wid,1990,14.635
chl,sex_m,geo_cov_rur,mts_details_wid,1992,12.565
chl,sex_m,geo_cov_rur,mts_details_wid,1996,17.9
chl,sex_m,geo_cov_rur,mts_details_wid,1998,12.278
chl,sex_m,geo_cov_rur,mts_details_wid,2000,14.826
chl,sex_m,geo_cov_rur,mts_details_wid,2003,13.364
chl,sex_m,geo_cov_rur,mts_details_wid,2006,16.337
chl,sex_m,geo_cov_rur,mts_details_wid,2009,19.748
chl,sex_m,geo_cov_rur,mts_details_wid,2010,20.851
chl,sex_m,geo_cov_rur,mts_details_wid,2011,19.147
chl,sex_m,geo_cov_rur,mts_details_wid,2012,18.604
chl,sex_m,geo_cov_rur,mts_details_wid,2013,18.883
chl,sex_m,geo_cov_rur,mts_details_wid,2014,21.735
chl,sex_m,geo_cov_rur,mts_details_wid,2015,20.637
chl,sex_m,geo_cov_rur,mts_details_wid,2016,20.459
chl,sex_m,geo_cov_rur,mts_details_wid,2017,19.693
chl,sex_m,geo_cov_rur,mts_details_wid,2018,22.029
chl,sex_m,geo_cov_rur,mts_details_wid,2019,22.25
chl,sex_m,geo_cov_rur,mts_details_wid,2020,17.428
chl,sex_m,geo_cov_rur,mts_details_wid,2021,19.048
chl,sex_m,geo_cov_rur,mts_details_x,1998,0.387
chl,sex_m,geo_cov_rur,mts_details_x,2020,0.512
chl,sex_m,geo_cov_urb,mts_aggregate_1,1990,689.464
chl,sex_m,geo_cov_urb,mts_aggregate_1,1992,642.834
chl,sex_m,geo_cov_urb,mts_aggregate_1,1996,755.988
chl,sex_m,geo_cov_urb,mts_aggregate_1,1998,790.848
chl,sex_m,geo_cov_urb,mts_aggregate_1,2000,868.307
chl,sex_m,geo_cov_urb,mts_aggregate_1,2003,938.01
chl,sex_m,geo_cov_urb,mts_aggregate_1,2006,989.59
chl,sex_m,geo_cov_urb,mts_aggregate_1,2009,1068.435
chl,sex_m,geo_cov_urb,mts_aggregate_1,2010,1077.841
chl,sex_m,geo_cov_urb,mts_aggregate_1,2011,1050.487
chl,sex_m,geo_cov_urb,mts_aggregate_1,2012,1104.321
chl,sex_m,geo_cov_urb,mts_aggregate_1,2013,1137.498
chl,sex_m,geo_cov_urb,mts_aggregate_1,2014,1168.05
chl,sex_m,geo_cov_urb,mts_aggregate_1,2015,1177.099
chl,sex_m,geo_cov_urb,mts_aggregate_1,2016,1191.061
chl,sex_m,geo_cov_urb,mts_aggregate_1,2017,1203.272
chl,sex_m,geo_cov_urb,mts_aggregate_1,2018,1254.734
chl,sex_m,geo_cov_urb,mts_aggregate_1,2019,1300.478
chl,sex_m,geo_cov_urb,mts_aggregate_1,2020,1455.989
chl,sex_m,geo_cov_urb,mts_aggregate_1,2021,1421.238
chl,sex_m,geo_cov_urb,mts_aggregate_2,1990,311.775
chl,sex_m,geo_cov_urb,mts_aggregate_2,1992,294.64
chl,sex_m,geo_cov_urb,mts_aggregate_2,1996,306.854
chl,sex_m,geo_cov_urb,mts_aggregate_2,1998,307.339
chl,sex_m,geo_cov_urb,mts_aggregate_2,2000,335.886
chl,sex_m,geo_cov_urb,mts_aggregate_2,2003,359.185
chl,sex_m,geo_cov_urb,mts_aggregate_2,2006,391.493
chl,sex_m,geo_cov_urb,mts_aggregate_2,2009,487.632
chl,sex_m,geo_cov_urb,mts_aggregate_2,2010,474.838
chl,sex_m,geo_cov_urb,mts_aggregate_2,2011,496.932
chl,sex_m,geo_cov_urb,mts_aggregate_2,2012,518.708
chl,sex_m,geo_cov_urb,mts_aggregate_2,2013,524.917
chl,sex_m,geo_cov_urb,mts_aggregate_2,2014,533.531
chl,sex_m,geo_cov_urb,mts_aggregate_2,2015,554.154
chl,sex_m,geo_cov_urb,mts_aggregate_2,2016,583.403
chl,sex_m,geo_cov_urb,mts_aggregate_2,2017,603.122
chl,sex_m,geo_cov_urb,mts_aggregate_2,2018,624.267
chl,sex_m,geo_cov_urb,mts_aggregate_2,2019,651.745
chl,sex_m,geo_cov_urb,mts_aggregate_2,2020,783.124
chl,sex_m,geo_cov_urb,mts_aggregate_2,2021,700.827
chl,sex_m,geo_cov_urb,mts_aggregate_total,1990,1001.239
chl,sex_m,geo_cov_urb,mts_aggregate_total,1992,937.474
chl,sex_m,geo_cov_urb,mts_aggregate_total,1996,1062.842
chl,sex_m,geo_cov_urb,mts_aggregate_total,1998,1099.136
chl,sex_m,geo_cov_urb,mts_aggregate_total,2000,1204.193
chl,sex_m,geo_cov_urb,mts_aggregate_total,2003,1297.73
chl,sex_m,geo_cov_urb,mts_aggregate_total,2006,1381.57
chl,sex_m,geo_cov_urb,mts_aggregate_total,2009,1556.067
chl,sex_m,geo_cov_urb,mts_aggregate_total,2010,1552.679
chl,sex_m,geo_cov_urb,mts_aggregate_total,2011,1547.584
chl,sex_m,geo_cov_urb,mts_aggregate_total,2012,1623.03
chl,sex_m,geo_cov_urb,mts_aggregate_total,2013,1662.415
chl,sex_m,geo_cov_urb,mts_aggregate_total,2014,1701.581
chl,sex_m,geo_cov_urb,mts_aggregate_total,2015,1731.253
chl,sex_m,geo_cov_urb,mts_aggregate_total,2016,1774.464
chl,sex_m,geo_cov_urb,mts_aggregate_total,2017,1806.394
chl,sex_m,geo_cov_urb,mts_aggregate_total,2018,1879
chl,sex_m,geo_cov_urb,mts_aggregate_total,2019,1952.89
chl,sex_m,geo_cov_urb,mts_aggregate_total,2020,2243.36
chl,sex_m,geo_cov_urb,mts_aggregate_total,2021,2122.558
chl,sex_m,geo_cov_urb,mts_aggregate_x,1998,0.949
chl,sex_m,geo_cov_urb,mts_aggregate_x,2003,0.535
chl,sex_m,geo_cov_urb,mts_aggregate_x,2006,0.487
chl,sex_m,geo_cov_urb,mts_aggregate_x,2019,0.667
chl,sex_m,geo_cov_urb,mts_aggregate_x,2020,4.248
chl,sex_m,geo_cov_urb,mts_aggregate_x,2021,0.493
chl,sex_m,geo_cov_urb,mts_details_mrd,1990,293.237
chl,sex_m,geo_cov_urb,mts_details_mrd,1992,276.193
chl,sex_m,geo_cov_urb,mts_details_mrd,1996,280.018
chl,sex_m,geo_cov_urb,mts_details_mrd,1998,277.615
chl,sex_m,geo_cov_urb,mts_details_mrd,2000,301.086
chl,sex_m,geo_cov_urb,mts_details_mrd,2003,314.323
chl,sex_m,geo_cov_urb,mts_details_mrd,2006,335.001
chl,sex_m,geo_cov_urb,mts_details_mrd,2009,417.964
chl,sex_m,geo_cov_urb,mts_details_mrd,2010,409.116
chl,sex_m,geo_cov_urb,mts_details_mrd,2011,427.434
chl,sex_m,geo_cov_urb,mts_details_mrd,2012,442.462
chl,sex_m,geo_cov_urb,mts_details_mrd,2013,444.912
chl,sex_m,geo_cov_urb,mts_details_mrd,2014,452.798
chl,sex_m,geo_cov_urb,mts_details_mrd,2015,478.912
chl,sex_m,geo_cov_urb,mts_details_mrd,2016,505.043
chl,sex_m,geo_cov_urb,mts_details_mrd,2017,518.271
chl,sex_m,geo_cov_urb,mts_details_mrd,2018,531.911
chl,sex_m,geo_cov_urb,mts_details_mrd,2019,563.163
chl,sex_m,geo_cov_urb,mts_details_mrd,2020,608.388
chl,sex_m,geo_cov_urb,mts_details_mrd,2021,563.159
chl,sex_m,geo_cov_urb,mts_details_sep,1990,21.502
chl,sex_m,geo_cov_urb,mts_details_sep,1992,19.182
chl,sex_m,geo_cov_urb,mts_details_sep,1996,22.539
chl,sex_m,geo_cov_urb,mts_details_sep,1998,22.34
chl,sex_m,geo_cov_urb,mts_details_sep,2000,26.867
chl,sex_m,geo_cov_urb,mts_details_sep,2003,32.592
chl,sex_m,geo_cov_urb,mts_details_sep,2006,38.32
chl,sex_m,geo_cov_urb,mts_details_sep,2009,39.214
chl,sex_m,geo_cov_urb,mts_details_sep,2010,51.401
chl,sex_m,geo_cov_urb,mts_details_sep,2011,48.914
chl,sex_m,geo_cov_urb,mts_details_sep,2012,51.788
chl,sex_m,geo_cov_urb,mts_details_sep,2013,60.842
chl,sex_m,geo_cov_urb,mts_details_sep,2014,60.612
chl,sex_m,geo_cov_urb,mts_details_sep,2015,59.97
chl,sex_m,geo_cov_urb,mts_details_sep,2016,63.265
chl,sex_m,geo_cov_urb,mts_details_sep,2017,64.518
chl,sex_m,geo_cov_urb,mts_details_sep,2018,64.987
chl,sex_m,geo_cov_urb,mts_details_sep,2019,76.87
chl,sex_m,geo_cov_urb,mts_details_sep,2020,98.77
chl,sex_m,geo_cov_urb,mts_details_sep,2021,100.132
chl,sex_m,geo_cov_urb,mts_details_sgle,1990,608.079
chl,sex_m,geo_cov_urb,mts_details_sgle,1992,570.471
chl,sex_m,geo_cov_urb,mts_details_sgle,1996,684.708
chl,sex_m,geo_cov_urb,mts_details_sgle,1998,713.576
chl,sex_m,geo_cov_urb,mts_details_sgle,2000,785.039
chl,sex_m,geo_cov_urb,mts_details_sgle,2003,848.359
chl,sex_m,geo_cov_urb,mts_details_sgle,2006,877.45
chl,sex_m,geo_cov_urb,mts_details_sgle,2009,933.378
chl,sex_m,geo_cov_urb,mts_details_sgle,2010,944.488
chl,sex_m,geo_cov_urb,mts_details_sgle,2011,917.726
chl,sex_m,geo_cov_urb,mts_details_sgle,2012,961.725
chl,sex_m,geo_cov_urb,mts_details_sgle,2013,974.661
chl,sex_m,geo_cov_urb,mts_details_sgle,2014,1013.368
chl,sex_m,geo_cov_urb,mts_details_sgle,2015,1023.721
chl,sex_m,geo_cov_urb,mts_details_sgle,2016,1031.528
chl,sex_m,geo_cov_urb,mts_details_sgle,2017,1044.743
chl,sex_m,geo_cov_urb,mts_details_sgle,2018,1084.308
chl,sex_m,geo_cov_urb,mts_details_sgle,2019,1114.97
chl,sex_m,geo_cov_urb,mts_details_sgle,2020,1262.751
chl,sex_m,geo_cov_urb,mts_details_sgle,2021,1226.983
chl,sex_m,geo_cov_urb,mts_details_total,1990,1001.239
chl,sex_m,geo_cov_urb,mts_details_total,1992,937.474
chl,sex_m,geo_cov_urb,mts_details_total,1996,1062.842
chl,sex_m,geo_cov_urb,mts_details_total,1998,1099.136
chl,sex_m,geo_cov_urb,mts_details_total,2000,1204.193
chl,sex_m,geo_cov_urb,mts_details_total,2003,1297.73
chl,sex_m,geo_cov_urb,mts_details_total,2006,1381.57
chl,sex_m,geo_cov_urb,mts_details_total,2009,1556.067
chl,sex_m,geo_cov_urb,mts_details_total,2010,1552.679
chl,sex_m,geo_cov_urb,mts_details_total,2011,1547.584
chl,sex_m,geo_cov_urb,mts_details_total,2012,1623.03
chl,sex_m,geo_cov_urb,mts_details_total,2013,1662.415
chl,sex_m,geo_cov_urb,mts_details_total,2014,1701.581
chl,sex_m,geo_cov_urb,mts_details_total,2015,1731.253
chl,sex_m,geo_cov_urb,mts_details_total,2016,1774.464
chl,sex_m,geo_cov_urb,mts_details_total,2017,1806.394
chl,sex_m,geo_cov_urb,mts_details_total,2018,1879
chl,sex_m,geo_cov_urb,mts_details_total,2019,1952.89
chl,sex_m,geo_cov_urb,mts_details_total,2020,2243.36
chl,sex_m,geo_cov_urb,mts_details_total,2021,2122.558
chl,sex_m,geo_cov_urb,mts_details_union,1990,18.538
chl,sex_m,geo_cov_urb,mts_details_union,1992,18.447
chl,sex_m,geo_cov_urb,mts_details_union,1996,26.836
chl,sex_m,geo_cov_urb,mts_details_union,1998,29.724
chl,sex_m,geo_cov_urb,mts_details_union,2000,34.8
chl,sex_m,geo_cov_urb,mts_details_union,2003,44.862
chl,sex_m,geo_cov_urb,mts_details_union,2006,56.492
chl,sex_m,geo_cov_urb,mts_details_union,2009,69.668
chl,sex_m,geo_cov_urb,mts_details_union,2010,65.722
chl,sex_m,geo_cov_urb,mts_details_union,2011,69.499
chl,sex_m,geo_cov_urb,mts_details_union,2012,76.247
chl,sex_m,geo_cov_urb,mts_details_union,2013,80.005
chl,sex_m,geo_cov_urb,mts_details_union,2014,80.733
chl,sex_m,geo_cov_urb,mts_details_union,2015,75.243
chl,sex_m,geo_cov_urb,mts_details_union,2016,78.36
chl,sex_m,geo_cov_urb,mts_details_union,2017,84.852
chl,sex_m,geo_cov_urb,mts_details_union,2018,92.356
chl,sex_m,geo_cov_urb,mts_details_union,2019,88.582
chl,sex_m,geo_cov_urb,mts_details_union,2020,174.735
chl,sex_m,geo_cov_urb,mts_details_union,2021,137.668
chl,sex_m,geo_cov_urb,mts_details_wid,1990,59.883
chl,sex_m,geo_cov_urb,mts_details_wid,1992,53.181
chl,sex_m,geo_cov_urb,mts_details_wid,1996,48.741
chl,sex_m,geo_cov_urb,mts_details_wid,1998,54.932
chl,sex_m,geo_cov_urb,mts_details_wid,2000,56.401
chl,sex_m,geo_cov_urb,mts_details_wid,2003,57.059
chl,sex_m,geo_cov_urb,mts_details_wid,2006,73.82
chl,sex_m,geo_cov_urb,mts_details_wid,2009,95.843
chl,sex_m,geo_cov_urb,mts_details_wid,2010,81.952
chl,sex_m,geo_cov_urb,mts_details_wid,2011,83.847
chl,sex_m,geo_cov_urb,mts_details_wid,2012,90.808
chl,sex_m,geo_cov_urb,mts_details_wid,2013,101.995
chl,sex_m,geo_cov_urb,mts_details_wid,2014,94.07
chl,sex_m,geo_cov_urb,mts_details_wid,2015,93.409
chl,sex_m,geo_cov_urb,mts_details_wid,2016,96.268
chl,sex_m,geo_cov_urb,mts_details_wid,2017,94.011
chl,sex_m,geo_cov_urb,mts_details_wid,2018,105.439
chl,sex_m,geo_cov_urb,mts_details_wid,2019,108.638
chl,sex_m,geo_cov_urb,mts_details_wid,2020,94.467
chl,sex_m,geo_cov_urb,mts_details_wid,2021,94.124
chl,sex_m,geo_cov_urb,mts_details_x,1998,0.949
chl,sex_m,geo_cov_urb,mts_details_x,2003,0.535
chl,sex_m,geo_cov_urb,mts_details_x,2006,0.487
chl,sex_m,geo_cov_urb,mts_details_x,2019,0.667
chl,sex_m,geo_cov_urb,mts_details_x,2020,4.248
chl,sex_m,geo_cov_urb,mts_details_x,2021,0.493
chl,sex_t,geo_cov_nat,mts_aggregate_1,1990,2136.3
chl,sex_t,geo_cov_nat,mts_aggregate_1,1992,2091.042
chl,sex_t,geo_cov_nat,mts_aggregate_1,1996,2318.956
chl,sex_t,geo_cov_nat,mts_aggregate_1,1998,2401.63
chl,sex_t,geo_cov_nat,mts_aggregate_1,2000,2493.692
chl,sex_t,geo_cov_nat,mts_aggregate_1,2003,2655.214
chl,sex_t,geo_cov_nat,mts_aggregate_1,2006,2913.724
chl,sex_t,geo_cov_nat,mts_aggregate_1,2009,3205.274
chl,sex_t,geo_cov_nat,mts_aggregate_1,2010,3113.027
chl,sex_t,geo_cov_nat,mts_aggregate_1,2011,3018.256
chl,sex_t,geo_cov_nat,mts_aggregate_1,2012,3127.599
chl,sex_t,geo_cov_nat,mts_aggregate_1,2013,3215.265
chl,sex_t,geo_cov_nat,mts_aggregate_1,2014,3262.092
chl,sex_t,geo_cov_nat,mts_aggregate_1,2015,3325.311
chl,sex_t,geo_cov_nat,mts_aggregate_1,2016,3395.247
chl,sex_t,geo_cov_nat,mts_aggregate_1,2017,3397.18
chl,sex_t,geo_cov_nat,mts_aggregate_1,2018,3483.226
chl,sex_t,geo_cov_nat,mts_aggregate_1,2019,3563.131
chl,sex_t,geo_cov_nat,mts_aggregate_1,2020,4060.296
chl,sex_t,geo_cov_nat,mts_aggregate_1,2021,4079.521
chl,sex_t,geo_cov_nat,mts_aggregate_2,1990,2312.522
chl,sex_t,geo_cov_nat,mts_aggregate_2,1992,2330.934
chl,sex_t,geo_cov_nat,mts_aggregate_2,1996,2351.273
chl,sex_t,geo_cov_nat,mts_aggregate_2,1998,2303.486
chl,sex_t,geo_cov_nat,mts_aggregate_2,2000,2348.115
chl,sex_t,geo_cov_nat,mts_aggregate_2,2003,2339.059
chl,sex_t,geo_cov_nat,mts_aggregate_2,2006,2365.81
chl,sex_t,geo_cov_nat,mts_aggregate_2,2009,2655.816
chl,sex_t,geo_cov_nat,mts_aggregate_2,2010,2371.738
chl,sex_t,geo_cov_nat,mts_aggregate_2,2011,2371.11
chl,sex_t,geo_cov_nat,mts_aggregate_2,2012,2381.194
chl,sex_t,geo_cov_nat,mts_aggregate_2,2013,2375.829
chl,sex_t,geo_cov_nat,mts_aggregate_2,2014,2383.384
chl,sex_t,geo_cov_nat,mts_aggregate_2,2015,2427.721
chl,sex_t,geo_cov_nat,mts_aggregate_2,2016,2492.112
chl,sex_t,geo_cov_nat,mts_aggregate_2,2017,2553.162
chl,sex_t,geo_cov_nat,mts_aggregate_2,2018,2580.137
chl,sex_t,geo_cov_nat,mts_aggregate_2,2019,2650.47
chl,sex_t,geo_cov_nat,mts_aggregate_2,2020,2933.848
chl,sex_t,geo_cov_nat,mts_aggregate_2,2021,2746.484
chl,sex_t,geo_cov_nat,mts_aggregate_total,1990,4448.822
chl,sex_t,geo_cov_nat,mts_aggregate_total,1992,4421.976
chl,sex_t,geo_cov_nat,mts_aggregate_total,1996,4670.229
chl,sex_t,geo_cov_nat,mts_aggregate_total,1998,4708.337
chl,sex_t,geo_cov_nat,mts_aggregate_total,2000,4841.807
chl,sex_t,geo_cov_nat,mts_aggregate_total,2003,4995.468
chl,sex_t,geo_cov_nat,mts_aggregate_total,2006,5281.698
chl,sex_t,geo_cov_nat,mts_aggregate_total,2009,5861.09
chl,sex_t,geo_cov_nat,mts_aggregate_total,2010,5484.765
chl,sex_t,geo_cov_nat,mts_aggregate_total,2011,5389.531
chl,sex_t,geo_cov_nat,mts_aggregate_total,2012,5508.792
chl,sex_t,geo_cov_nat,mts_aggregate_total,2013,5591.094
chl,sex_t,geo_cov_nat,mts_aggregate_total,2014,5645.476
chl,sex_t,geo_cov_nat,mts_aggregate_total,2015,5753.031
chl,sex_t,geo_cov_nat,mts_aggregate_total,2016,5887.359
chl,sex_t,geo_cov_nat,mts_aggregate_total,2017,5950.342
chl,sex_t,geo_cov_nat,mts_aggregate_total,2018,6063.391
chl,sex_t,geo_cov_nat,mts_aggregate_total,2019,6214.555
chl,sex_t,geo_cov_nat,mts_aggregate_total,2020,7008.43
chl,sex_t,geo_cov_nat,mts_aggregate_total,2021,6827.85
chl,sex_t,geo_cov_nat,mts_aggregate_x,1998,3.221
chl,sex_t,geo_cov_nat,mts_aggregate_x,2003,1.195
chl,sex_t,geo_cov_nat,mts_aggregate_x,2006,2.164
chl,sex_t,geo_cov_nat,mts_aggregate_x,2019,0.954
chl,sex_t,geo_cov_nat,mts_aggregate_x,2020,14.286
chl,sex_t,geo_cov_nat,mts_aggregate_x,2021,1.845
chl,sex_t,geo_cov_nat,mts_details_mrd,1990,2124.238
chl,sex_t,geo_cov_nat,mts_details_mrd,1992,2120.207
chl,sex_t,geo_cov_nat,mts_details_mrd,1996,2042.543
chl,sex_t,geo_cov_nat,mts_details_mrd,1998,2007.905
chl,sex_t,geo_cov_nat,mts_details_mrd,2000,2006.816
chl,sex_t,geo_cov_nat,mts_details_mrd,2003,1938.836
chl,sex_t,geo_cov_nat,mts_details_mrd,2006,1894.492
chl,sex_t,geo_cov_nat,mts_details_mrd,2009,2111.438
chl,sex_t,geo_cov_nat,mts_details_mrd,2010,1904.966
chl,sex_t,geo_cov_nat,mts_details_mrd,2011,1883.051
chl,sex_t,geo_cov_nat,mts_details_mrd,2012,1919.778
chl,sex_t,geo_cov_nat,mts_details_mrd,2013,1904.458
chl,sex_t,geo_cov_nat,mts_details_mrd,2014,1900.006
chl,sex_t,geo_cov_nat,mts_details_mrd,2015,1951.462
chl,sex_t,geo_cov_nat,mts_details_mrd,2016,1999.277
chl,sex_t,geo_cov_nat,mts_details_mrd,2017,2046.299
chl,sex_t,geo_cov_nat,mts_details_mrd,2018,2051.981
chl,sex_t,geo_cov_nat,mts_details_mrd,2019,2137.196
chl,sex_t,geo_cov_nat,mts_details_mrd,2020,2189.705
chl,sex_t,geo_cov_nat,mts_details_mrd,2021,2063.665
chl,sex_t,geo_cov_nat,mts_details_sep,1990,128.878
chl,sex_t,geo_cov_nat,mts_details_sep,1992,126.633
chl,sex_t,geo_cov_nat,mts_details_sep,1996,139.25
chl,sex_t,geo_cov_nat,mts_details_sep,1998,150.035
chl,sex_t,geo_cov_nat,mts_details_sep,2000,159.179
chl,sex_t,geo_cov_nat,mts_details_sep,2003,169.044
chl,sex_t,geo_cov_nat,mts_details_sep,2006,199.791
chl,sex_t,geo_cov_nat,mts_details_sep,2009,214.227
chl,sex_t,geo_cov_nat,mts_details_sep,2010,252.31
chl,sex_t,geo_cov_nat,mts_details_sep,2011,240.358
chl,sex_t,geo_cov_nat,mts_details_sep,2012,248.693
chl,sex_t,geo_cov_nat,mts_details_sep,2013,268.453
chl,sex_t,geo_cov_nat,mts_details_sep,2014,267.161
chl,sex_t,geo_cov_nat,mts_details_sep,2015,264.262
chl,sex_t,geo_cov_nat,mts_details_sep,2016,290.455
chl,sex_t,geo_cov_nat,mts_details_sep,2017,307.868
chl,sex_t,geo_cov_nat,mts_details_sep,2018,329.163
chl,sex_t,geo_cov_nat,mts_details_sep,2019,343.665
chl,sex_t,geo_cov_nat,mts_details_sep,2020,424.917
chl,sex_t,geo_cov_nat,mts_details_sep,2021,447.012
chl,sex_t,geo_cov_nat,mts_details_sgle,1990,1584.748
chl,sex_t,geo_cov_nat,mts_details_sgle,1992,1546.194
chl,sex_t,geo_cov_nat,mts_details_sgle,1996,1724.052
chl,sex_t,geo_cov_nat,mts_details_sgle,1998,1805.515
chl,sex_t,geo_cov_nat,mts_details_sgle,2000,1893.075
chl,sex_t,geo_cov_nat,mts_details_sgle,2003,2019.922
chl,sex_t,geo_cov_nat,mts_details_sgle,2006,2196.346
chl,sex_t,geo_cov_nat,mts_details_sgle,2009,2370.926
chl,sex_t,geo_cov_nat,mts_details_sgle,2010,2275.129
chl,sex_t,geo_cov_nat,mts_details_sgle,2011,2223.669
chl,sex_t,geo_cov_nat,mts_details_sgle,2012,2302.95
chl,sex_t,geo_cov_nat,mts_details_sgle,2013,2333.564
chl,sex_t,geo_cov_nat,mts_details_sgle,2014,2385.638
chl,sex_t,geo_cov_nat,mts_details_sgle,2015,2425.694
chl,sex_t,geo_cov_nat,mts_details_sgle,2016,2450.654
chl,sex_t,geo_cov_nat,mts_details_sgle,2017,2434.493
chl,sex_t,geo_cov_nat,mts_details_sgle,2018,2498.39
chl,sex_t,geo_cov_nat,mts_details_sgle,2019,2582.195
chl,sex_t,geo_cov_nat,mts_details_sgle,2020,3053.947
chl,sex_t,geo_cov_nat,mts_details_sgle,2021,3017.53
chl,sex_t,geo_cov_nat,mts_details_total,1990,4448.822
chl,sex_t,geo_cov_nat,mts_details_total,1992,4421.976
chl,sex_t,geo_cov_nat,mts_details_total,1996,4670.229
chl,sex_t,geo_cov_nat,mts_details_total,1998,4708.337
chl,sex_t,geo_cov_nat,mts_details_total,2000,4841.807
chl,sex_t,geo_cov_nat,mts_details_total,2003,4995.468
chl,sex_t,geo_cov_nat,mts_details_total,2006,5281.698
chl,sex_t,geo_cov_nat,mts_details_total,2009,5861.09
chl,sex_t,geo_cov_nat,mts_details_total,2010,5484.765
chl,sex_t,geo_cov_nat,mts_details_total,2011,5389.531
chl,sex_t,geo_cov_nat,mts_details_total,2012,5508.792
chl,sex_t,geo_cov_nat,mts_details_total,2013,5591.094
chl,sex_t,geo_cov_nat,mts_details_total,2014,5645.476
chl,sex_t,geo_cov_nat,mts_details_total,2015,5753.031
chl,sex_t,geo_cov_nat,mts_details_total,2016,5887.359
chl,sex_t,geo_cov_nat,mts_details_total,2017,5950.342
chl,sex_t,geo_cov_nat,mts_details_total,2018,6063.391
chl,sex_t,geo_cov_nat,mts_details_total,2019,6214.555
chl,sex_t,geo_cov_nat,mts_details_total,2020,7008.43
chl,sex_t,geo_cov_nat,mts_details_total,2021,6827.85
chl,sex_t,geo_cov_nat,mts_details_union,1990,188.284
chl,sex_t,geo_cov_nat,mts_details_union,1992,210.727
chl,sex_t,geo_cov_nat,mts_details_union,1996,308.73
chl,sex_t,geo_cov_nat,mts_details_union,1998,295.581
chl,sex_t,geo_cov_nat,mts_details_union,2000,341.299
chl,sex_t,geo_cov_nat,mts_details_union,2003,400.223
chl,sex_t,geo_cov_nat,mts_details_union,2006,471.318
chl,sex_t,geo_cov_nat,mts_details_union,2009,544.378
chl,sex_t,geo_cov_nat,mts_details_union,2010,466.772
chl,sex_t,geo_cov_nat,mts_details_union,2011,488.059
chl,sex_t,geo_cov_nat,mts_details_union,2012,461.416
chl,sex_t,geo_cov_nat,mts_details_union,2013,471.371
chl,sex_t,geo_cov_nat,mts_details_union,2014,483.378
chl,sex_t,geo_cov_nat,mts_details_union,2015,476.259
chl,sex_t,geo_cov_nat,mts_details_union,2016,492.836
chl,sex_t,geo_cov_nat,mts_details_union,2017,506.863
chl,sex_t,geo_cov_nat,mts_details_union,2018,528.156
chl,sex_t,geo_cov_nat,mts_details_union,2019,513.273
chl,sex_t,geo_cov_nat,mts_details_union,2020,744.142
chl,sex_t,geo_cov_nat,mts_details_union,2021,682.819
chl,sex_t,geo_cov_nat,mts_details_wid,1990,422.674
chl,sex_t,geo_cov_nat,mts_details_wid,1992,418.215
chl,sex_t,geo_cov_nat,mts_details_wid,1996,455.654
chl,sex_t,geo_cov_nat,mts_details_wid,1998,446.08
chl,sex_t,geo_cov_nat,mts_details_wid,2000,441.438
chl,sex_t,geo_cov_nat,mts_details_wid,2003,466.248
chl,sex_t,geo_cov_nat,mts_details_wid,2006,517.587
chl,sex_t,geo_cov_nat,mts_details_wid,2009,620.121
chl,sex_t,geo_cov_nat,mts_details_wid,2010,585.588
chl,sex_t,geo_cov_nat,mts_details_wid,2011,554.229
chl,sex_t,geo_cov_nat,mts_details_wid,2012,575.957
chl,sex_t,geo_cov_nat,mts_details_wid,2013,613.248
chl,sex_t,geo_cov_nat,mts_details_wid,2014,609.292
chl,sex_t,geo_cov_nat,mts_details_wid,2015,635.354
chl,sex_t,geo_cov_nat,mts_details_wid,2016,654.138
chl,sex_t,geo_cov_nat,mts_details_wid,2017,654.819
chl,sex_t,geo_cov_nat,mts_details_wid,2018,655.674
chl,sex_t,geo_cov_nat,mts_details_wid,2019,637.271
chl,sex_t,geo_cov_nat,mts_details_wid,2020,581.433
chl,sex_t,geo_cov_nat,mts_details_wid,2021,614.979
chl,sex_t,geo_cov_nat,mts_details_x,1998,3.221
chl,sex_t,geo_cov_nat,mts_details_x,2003,1.195
chl,sex_t,geo_cov_nat,mts_details_x,2006,2.164
chl,sex_t,geo_cov_nat,mts_details_x,2019,0.954
chl,sex_t,geo_cov_nat,mts_details_x,2020,14.286
chl,sex_t,geo_cov_nat,mts_details_x,2021,1.845
chl,sex_t,geo_cov_rur,mts_aggregate_1,1990,318.527
chl,sex_t,geo_cov_rur,mts_aggregate_1,1992,325.569
chl,sex_t,geo_cov_rur,mts_aggregate_1,1996,351.546
chl,sex_t,geo_cov_rur,mts_aggregate_1,1998,342.148
chl,sex_t,geo_cov_rur,mts_aggregate_1,2000,335.089
chl,sex_t,geo_cov_rur,mts_aggregate_1,2003,349.079
chl,sex_t,geo_cov_rur,mts_aggregate_1,2006,387.634
chl,sex_t,geo_cov_rur,mts_aggregate_1,2009,408.127
chl,sex_t,geo_cov_rur,mts_aggregate_1,2010,366.12
chl,sex_t,geo_cov_rur,mts_aggregate_1,2011,354.386
chl,sex_t,geo_cov_rur,mts_aggregate_1,2012,365.948
chl,sex_t,geo_cov_rur,mts_aggregate_1,2013,369.38
chl,sex_t,geo_cov_rur,mts_aggregate_1,2014,375.842
chl,sex_t,geo_cov_rur,mts_aggregate_1,2015,389.839
chl,sex_t,geo_cov_rur,mts_aggregate_1,2016,396.191
chl,sex_t,geo_cov_rur,mts_aggregate_1,2017,395.99
chl,sex_t,geo_cov_rur,mts_aggregate_1,2018,408.392
chl,sex_t,geo_cov_rur,mts_aggregate_1,2019,428.416
chl,sex_t,geo_cov_rur,mts_aggregate_1,2020,456.841
chl,sex_t,geo_cov_rur,mts_aggregate_1,2021,475.578
chl,sex_t,geo_cov_rur,mts_aggregate_2,1990,448.078
chl,sex_t,geo_cov_rur,mts_aggregate_2,1992,432.226
chl,sex_t,geo_cov_rur,mts_aggregate_2,1996,414.828
chl,sex_t,geo_cov_rur,mts_aggregate_2,1998,409.311
chl,sex_t,geo_cov_rur,mts_aggregate_2,2000,417.534
chl,sex_t,geo_cov_rur,mts_aggregate_2,2003,407.953
chl,sex_t,geo_cov_rur,mts_aggregate_2,2006,416.427
chl,sex_t,geo_cov_rur,mts_aggregate_2,2009,466.755
chl,sex_t,geo_cov_rur,mts_aggregate_2,2010,416.638
chl,sex_t,geo_cov_rur,mts_aggregate_2,2011,406.851
chl,sex_t,geo_cov_rur,mts_aggregate_2,2012,395.461
chl,sex_t,geo_cov_rur,mts_aggregate_2,2013,388.093
chl,sex_t,geo_cov_rur,mts_aggregate_2,2014,389.769
chl,sex_t,geo_cov_rur,mts_aggregate_2,2015,400.129
chl,sex_t,geo_cov_rur,mts_aggregate_2,2016,407.077
chl,sex_t,geo_cov_rur,mts_aggregate_2,2017,418.338
chl,sex_t,geo_cov_rur,mts_aggregate_2,2018,435.372
chl,sex_t,geo_cov_rur,mts_aggregate_2,2019,457.096
chl,sex_t,geo_cov_rur,mts_aggregate_2,2020,435.043
chl,sex_t,geo_cov_rur,mts_aggregate_2,2021,437
chl,sex_t,geo_cov_rur,mts_aggregate_total,1990,766.605
chl,sex_t,geo_cov_rur,mts_aggregate_total,1992,757.795
chl,sex_t,geo_cov_rur,mts_aggregate_total,1996,766.374
chl,sex_t,geo_cov_rur,mts_aggregate_total,1998,751.955
chl,sex_t,geo_cov_rur,mts_aggregate_total,2000,752.623
chl,sex_t,geo_cov_rur,mts_aggregate_total,2003,757.196
chl,sex_t,geo_cov_rur,mts_aggregate_total,2006,804.269
chl,sex_t,geo_cov_rur,mts_aggregate_total,2009,874.882
chl,sex_t,geo_cov_rur,mts_aggregate_total,2010,782.757
chl,sex_t,geo_cov_rur,mts_aggregate_total,2011,761.236
chl,sex_t,geo_cov_rur,mts_aggregate_total,2012,761.409
chl,sex_t,geo_cov_rur,mts_aggregate_total,2013,757.473
chl,sex_t,geo_cov_rur,mts_aggregate_total,2014,765.611
chl,sex_t,geo_cov_rur,mts_aggregate_total,2015,789.968
chl,sex_t,geo_cov_rur,mts_aggregate_total,2016,803.268
chl,sex_t,geo_cov_rur,mts_aggregate_total,2017,814.329
chl,sex_t,geo_cov_rur,mts_aggregate_total,2018,843.764
chl,sex_t,geo_cov_rur,mts_aggregate_total,2019,885.601
chl,sex_t,geo_cov_rur,mts_aggregate_total,2020,893.211
chl,sex_t,geo_cov_rur,mts_aggregate_total,2021,912.66
chl,sex_t,geo_cov_rur,mts_aggregate_x,1998,0.496
chl,sex_t,geo_cov_rur,mts_aggregate_x,2003,0.164
chl,sex_t,geo_cov_rur,mts_aggregate_x,2006,0.208
chl,sex_t,geo_cov_rur,mts_aggregate_x,2020,1.327
chl,sex_t,geo_cov_rur,mts_details_mrd,1990,412.055
chl,sex_t,geo_cov_rur,mts_details_mrd,1992,395.703
chl,sex_t,geo_cov_rur,mts_details_mrd,1996,359.729
chl,sex_t,geo_cov_rur,mts_details_mrd,1998,358.276
chl,sex_t,geo_cov_rur,mts_details_mrd,2000,354.179
chl,sex_t,geo_cov_rur,mts_details_mrd,2003,335.453
chl,sex_t,geo_cov_rur,mts_details_mrd,2006,334.763
chl,sex_t,geo_cov_rur,mts_details_mrd,2009,369.9
chl,sex_t,geo_cov_rur,mts_details_mrd,2010,331.49
chl,sex_t,geo_cov_rur,mts_details_mrd,2011,317.068
chl,sex_t,geo_cov_rur,mts_details_mrd,2012,306.863
chl,sex_t,geo_cov_rur,mts_details_mrd,2013,299.337
chl,sex_t,geo_cov_rur,mts_details_mrd,2014,299.312
chl,sex_t,geo_cov_rur,mts_details_mrd,2015,312.649
chl,sex_t,geo_cov_rur,mts_details_mrd,2016,317.624
chl,sex_t,geo_cov_rur,mts_details_mrd,2017,326.486
chl,sex_t,geo_cov_rur,mts_details_mrd,2018,333.697
chl,sex_t,geo_cov_rur,mts_details_mrd,2019,346.125
chl,sex_t,geo_cov_rur,mts_details_mrd,2020,324.467
chl,sex_t,geo_cov_rur,mts_details_mrd,2021,321.233
chl,sex_t,geo_cov_rur,mts_details_sep,1990,15.368
chl,sex_t,geo_cov_rur,mts_details_sep,1992,13.614
chl,sex_t,geo_cov_rur,mts_details_sep,1996,14.434
chl,sex_t,geo_cov_rur,mts_details_sep,1998,13.195
chl,sex_t,geo_cov_rur,mts_details_sep,2000,15.921
chl,sex_t,geo_cov_rur,mts_details_sep,2003,15.949
chl,sex_t,geo_cov_rur,mts_details_sep,2006,19.614
chl,sex_t,geo_cov_rur,mts_details_sep,2009,20.294
chl,sex_t,geo_cov_rur,mts_details_sep,2010,23.304
chl,sex_t,geo_cov_rur,mts_details_sep,2011,21.114
chl,sex_t,geo_cov_rur,mts_details_sep,2012,23.033
chl,sex_t,geo_cov_rur,mts_details_sep,2013,23.464
chl,sex_t,geo_cov_rur,mts_details_sep,2014,25.982
chl,sex_t,geo_cov_rur,mts_details_sep,2015,28.262
chl,sex_t,geo_cov_rur,mts_details_sep,2016,27.252
chl,sex_t,geo_cov_rur,mts_details_sep,2017,31.279
chl,sex_t,geo_cov_rur,mts_details_sep,2018,30.618
chl,sex_t,geo_cov_rur,mts_details_sep,2019,32.721
chl,sex_t,geo_cov_rur,mts_details_sep,2020,38.058
chl,sex_t,geo_cov_rur,mts_details_sep,2021,42.055
chl,sex_t,geo_cov_rur,mts_details_sgle,1990,240.64
chl,sex_t,geo_cov_rur,mts_details_sgle,1992,247.421
chl,sex_t,geo_cov_rur,mts_details_sgle,1996,267.452
chl,sex_t,geo_cov_rur,mts_details_sgle,1998,263.896
chl,sex_t,geo_cov_rur,mts_details_sgle,2000,256.688
chl,sex_t,geo_cov_rur,mts_details_sgle,2003,266.495
chl,sex_t,geo_cov_rur,mts_details_sgle,2006,296.424
chl,sex_t,geo_cov_rur,mts_details_sgle,2009,309.824
chl,sex_t,geo_cov_rur,mts_details_sgle,2010,265.133
chl,sex_t,geo_cov_rur,mts_details_sgle,2011,258.886
chl,sex_t,geo_cov_rur,mts_details_sgle,2012,267.761
chl,sex_t,geo_cov_rur,mts_details_sgle,2013,268.796
chl,sex_t,geo_cov_rur,mts_details_sgle,2014,268.788
chl,sex_t,geo_cov_rur,mts_details_sgle,2015,277.744
chl,sex_t,geo_cov_rur,mts_details_sgle,2016,285.836
chl,sex_t,geo_cov_rur,mts_details_sgle,2017,282.963
chl,sex_t,geo_cov_rur,mts_details_sgle,2018,294.765
chl,sex_t,geo_cov_rur,mts_details_sgle,2019,311.291
chl,sex_t,geo_cov_rur,mts_details_sgle,2020,346.94
chl,sex_t,geo_cov_rur,mts_details_sgle,2021,354.198
chl,sex_t,geo_cov_rur,mts_details_total,1990,766.605
chl,sex_t,geo_cov_rur,mts_details_total,1992,757.795
chl,sex_t,geo_cov_rur,mts_details_total,1996,766.374
chl,sex_t,geo_cov_rur,mts_details_total,1998,751.955
chl,sex_t,geo_cov_rur,mts_details_total,2000,752.623
chl,sex_t,geo_cov_rur,mts_details_total,2003,757.196
chl,sex_t,geo_cov_rur,mts_details_total,2006,804.269
chl,sex_t,geo_cov_rur,mts_details_total,2009,874.882
chl,sex_t,geo_cov_rur,mts_details_total,2010,782.757
chl,sex_t,geo_cov_rur,mts_details_total,2011,761.236
chl,sex_t,geo_cov_rur,mts_details_total,2012,761.409
chl,sex_t,geo_cov_rur,mts_details_total,2013,757.473
chl,sex_t,geo_cov_rur,mts_details_total,2014,765.611
chl,sex_t,geo_cov_rur,mts_details_total,2015,789.968
chl,sex_t,geo_cov_rur,mts_details_total,2016,803.268
chl,sex_t,geo_cov_rur,mts_details_total,2017,814.329
chl,sex_t,geo_cov_rur,mts_details_total,2018,843.764
chl,sex_t,geo_cov_rur,mts_details_total,2019,885.601
chl,sex_t,geo_cov_rur,mts_details_total,2020,893.211
chl,sex_t,geo_cov_rur,mts_details_total,2021,912.66
chl,sex_t,geo_cov_rur,mts_details_union,1990,36.023
chl,sex_t,geo_cov_rur,mts_details_union,1992,36.523
chl,sex_t,geo_cov_rur,mts_details_union,1996,55.099
chl,sex_t,geo_cov_rur,mts_details_union,1998,51.035
chl,sex_t,geo_cov_rur,mts_details_union,2000,63.355
chl,sex_t,geo_cov_rur,mts_details_union,2003,72.5
chl,sex_t,geo_cov_rur,mts_details_union,2006,81.664
chl,sex_t,geo_cov_rur,mts_details_union,2009,96.855
chl,sex_t,geo_cov_rur,mts_details_union,2010,85.148
chl,sex_t,geo_cov_rur,mts_details_union,2011,89.783
chl,sex_t,geo_cov_rur,mts_details_union,2012,88.598
chl,sex_t,geo_cov_rur,mts_details_union,2013,88.756
chl,sex_t,geo_cov_rur,mts_details_union,2014,90.457
chl,sex_t,geo_cov_rur,mts_details_union,2015,87.48
chl,sex_t,geo_cov_rur,mts_details_union,2016,89.453
chl,sex_t,geo_cov_rur,mts_details_union,2017,91.852
chl,sex_t,geo_cov_rur,mts_details_union,2018,101.675
chl,sex_t,geo_cov_rur,mts_details_union,2019,110.971
chl,sex_t,geo_cov_rur,mts_details_union,2020,110.577
chl,sex_t,geo_cov_rur,mts_details_union,2021,115.767
chl,sex_t,geo_cov_rur,mts_details_wid,1990,62.519
chl,sex_t,geo_cov_rur,mts_details_wid,1992,64.534
chl,sex_t,geo_cov_rur,mts_details_wid,1996,69.66
chl,sex_t,geo_cov_rur,mts_details_wid,1998,65.057
chl,sex_t,geo_cov_rur,mts_details_wid,2000,62.48
chl,sex_t,geo_cov_rur,mts_details_wid,2003,66.635
chl,sex_t,geo_cov_rur,mts_details_wid,2006,71.596
chl,sex_t,geo_cov_rur,mts_details_wid,2009,78.009
chl,sex_t,geo_cov_rur,mts_details_wid,2010,77.682
chl,sex_t,geo_cov_rur,mts_details_wid,2011,74.386
chl,sex_t,geo_cov_rur,mts_details_wid,2012,75.154
chl,sex_t,geo_cov_rur,mts_details_wid,2013,77.12
chl,sex_t,geo_cov_rur,mts_details_wid,2014,81.071
chl,sex_t,geo_cov_rur,mts_details_wid,2015,83.833
chl,sex_t,geo_cov_rur,mts_details_wid,2016,83.102
chl,sex_t,geo_cov_rur,mts_details_wid,2017,81.749
chl,sex_t,geo_cov_rur,mts_details_wid,2018,83.009
chl,sex_t,geo_cov_rur,mts_details_wid,2019,84.404
chl,sex_t,geo_cov_rur,mts_details_wid,2020,71.843
chl,sex_t,geo_cov_rur,mts_details_wid,2021,79.325
chl,sex_t,geo_cov_rur,mts_details_x,1998,0.496
chl,sex_t,geo_cov_rur,mts_details_x,2003,0.164
chl,sex_t,geo_cov_rur,mts_details_x,2006,0.208
chl,sex_t,geo_cov_rur,mts_details_x,2020,1.327
chl,sex_t,geo_cov_urb,mts_aggregate_1,1990,1817.773
chl,sex_t,geo_cov_urb,mts_aggregate_1,1992,1765.473
chl,sex_t,geo_cov_urb,mts_aggregate_1,1996,1967.41
chl,sex_t,geo_cov_urb,mts_aggregate_1,1998,2059.482
chl,sex_t,geo_cov_urb,mts_aggregate_1,2000,2158.603
chl,sex_t,geo_cov_urb,mts_aggregate_1,2003,2306.135
chl,sex_t,geo_cov_urb,mts_aggregate_1,2006,2526.09
chl,sex_t,geo_cov_urb,mts_aggregate_1,2009,2797.147
chl,sex_t,geo_cov_urb,mts_aggregate_1,2010,2746.907
chl,sex_t,geo_cov_urb,mts_aggregate_1,2011,2663.871
chl,sex_t,geo_cov_urb,mts_aggregate_1,2012,2761.651
chl,sex_t,geo_cov_urb,mts_aggregate_1,2013,2845.885
chl,sex_t,geo_cov_urb,mts_aggregate_1,2014,2886.25
chl,sex_t,geo_cov_urb,mts_aggregate_1,2015,2935.472
chl,sex_t,geo_cov_urb,mts_aggregate_1,2016,2999.056
chl,sex_t,geo_cov_urb,mts_aggregate_1,2017,3001.189
chl,sex_t,geo_cov_urb,mts_aggregate_1,2018,3074.834
chl,sex_t,geo_cov_urb,mts_aggregate_1,2019,3134.715
chl,sex_t,geo_cov_urb,mts_aggregate_1,2020,3603.455
chl,sex_t,geo_cov_urb,mts_aggregate_1,2021,3603.943
chl,sex_t,geo_cov_urb,mts_aggregate_2,1990,1864.444
chl,sex_t,geo_cov_urb,mts_aggregate_2,1992,1898.708
chl,sex_t,geo_cov_urb,mts_aggregate_2,1996,1936.445
chl,sex_t,geo_cov_urb,mts_aggregate_2,1998,1894.175
chl,sex_t,geo_cov_urb,mts_aggregate_2,2000,1930.581
chl,sex_t,geo_cov_urb,mts_aggregate_2,2003,1931.106
chl,sex_t,geo_cov_urb,mts_aggregate_2,2006,1949.383
chl,sex_t,geo_cov_urb,mts_aggregate_2,2009,2189.061
chl,sex_t,geo_cov_urb,mts_aggregate_2,2010,1955.1
chl,sex_t,geo_cov_urb,mts_aggregate_2,2011,1964.259
chl,sex_t,geo_cov_urb,mts_aggregate_2,2012,1985.732
chl,sex_t,geo_cov_urb,mts_aggregate_2,2013,1987.736
chl,sex_t,geo_cov_urb,mts_aggregate_2,2014,1993.615
chl,sex_t,geo_cov_urb,mts_aggregate_2,2015,2027.592
chl,sex_t,geo_cov_urb,mts_aggregate_2,2016,2085.035
chl,sex_t,geo_cov_urb,mts_aggregate_2,2017,2134.823
chl,sex_t,geo_cov_urb,mts_aggregate_2,2018,2144.765
chl,sex_t,geo_cov_urb,mts_aggregate_2,2019,2193.373
chl,sex_t,geo_cov_urb,mts_aggregate_2,2020,2498.804
chl,sex_t,geo_cov_urb,mts_aggregate_2,2021,2309.484
chl,sex_t,geo_cov_urb,mts_aggregate_total,1990,3682.217
chl,sex_t,geo_cov_urb,mts_aggregate_total,1992,3664.181
chl,sex_t,geo_cov_urb,mts_aggregate_total,1996,3903.855
chl,sex_t,geo_cov_urb,mts_aggregate_total,1998,3956.382
chl,sex_t,geo_cov_urb,mts_aggregate_total,2000,4089.184
chl,sex_t,geo_cov_urb,mts_aggregate_total,2003,4238.272
chl,sex_t,geo_cov_urb,mts_aggregate_total,2006,4477.429
chl,sex_t,geo_cov_urb,mts_aggregate_total,2009,4986.208
chl,sex_t,geo_cov_urb,mts_aggregate_total,2010,4702.008
chl,sex_t,geo_cov_urb,mts_aggregate_total,2011,4628.295
chl,sex_t,geo_cov_urb,mts_aggregate_total,2012,4747.383
chl,sex_t,geo_cov_urb,mts_aggregate_total,2013,4833.621
chl,sex_t,geo_cov_urb,mts_aggregate_total,2014,4879.865
chl,sex_t,geo_cov_urb,mts_aggregate_total,2015,4963.063
chl,sex_t,geo_cov_urb,mts_aggregate_total,2016,5084.091
chl,sex_t,geo_cov_urb,mts_aggregate_total,2017,5136.013
chl,sex_t,geo_cov_urb,mts_aggregate_total,2018,5219.627
chl,sex_t,geo_cov_urb,mts_aggregate_total,2019,5328.954
chl,sex_t,geo_cov_urb,mts_aggregate_total,2020,6115.219
chl,sex_t,geo_cov_urb,mts_aggregate_total,2021,5915.19
chl,sex_t,geo_cov_urb,mts_aggregate_x,1998,2.725
chl,sex_t,geo_cov_urb,mts_aggregate_x,2003,1.031
chl,sex_t,geo_cov_urb,mts_aggregate_x,2006,1.956
chl,sex_t,geo_cov_urb,mts_aggregate_x,2019,0.866
chl,sex_t,geo_cov_urb,mts_aggregate_x,2020,12.96
chl,sex_t,geo_cov_urb,mts_aggregate_x,2021,1.763
chl,sex_t,geo_cov_urb,mts_details_mrd,1990,1712.183
chl,sex_t,geo_cov_urb,mts_details_mrd,1992,1724.504
chl,sex_t,geo_cov_urb,mts_details_mrd,1996,1682.814
chl,sex_t,geo_cov_urb,mts_details_mrd,1998,1649.629
chl,sex_t,geo_cov_urb,mts_details_mrd,2000,1652.637
chl,sex_t,geo_cov_urb,mts_details_mrd,2003,1603.383
chl,sex_t,geo_cov_urb,mts_details_mrd,2006,1559.729
chl,sex_t,geo_cov_urb,mts_details_mrd,2009,1741.538
chl,sex_t,geo_cov_urb,mts_details_mrd,2010,1573.476
chl,sex_t,geo_cov_urb,mts_details_mrd,2011,1565.983
chl,sex_t,geo_cov_urb,mts_details_mrd,2012,1612.915
chl,sex_t,geo_cov_urb,mts_details_mrd,2013,1605.121
chl,sex_t,geo_cov_urb,mts_details_mrd,2014,1600.694
chl,sex_t,geo_cov_urb,mts_details_mrd,2015,1638.813
chl,sex_t,geo_cov_urb,mts_details_mrd,2016,1681.652
chl,sex_t,geo_cov_urb,mts_details_mrd,2017,1719.813
chl,sex_t,geo_cov_urb,mts_details_mrd,2018,1718.284
chl,sex_t,geo_cov_urb,mts_details_mrd,2019,1791.071
chl,sex_t,geo_cov_urb,mts_details_mrd,2020,1865.239
chl,sex_t,geo_cov_urb,mts_details_mrd,2021,1742.432
chl,sex_t,geo_cov_urb,mts_details_sep,1990,113.51
chl,sex_t,geo_cov_urb,mts_details_sep,1992,113.019
chl,sex_t,geo_cov_urb,mts_details_sep,1996,124.816
chl,sex_t,geo_cov_urb,mts_details_sep,1998,136.84
chl,sex_t,geo_cov_urb,mts_details_sep,2000,143.258
chl,sex_t,geo_cov_urb,mts_details_sep,2003,153.095
chl,sex_t,geo_cov_urb,mts_details_sep,2006,180.177
chl,sex_t,geo_cov_urb,mts_details_sep,2009,193.933
chl,sex_t,geo_cov_urb,mts_details_sep,2010,229.006
chl,sex_t,geo_cov_urb,mts_details_sep,2011,219.244
chl,sex_t,geo_cov_urb,mts_details_sep,2012,225.66
chl,sex_t,geo_cov_urb,mts_details_sep,2013,244.989
chl,sex_t,geo_cov_urb,mts_details_sep,2014,241.179
chl,sex_t,geo_cov_urb,mts_details_sep,2015,236
chl,sex_t,geo_cov_urb,mts_details_sep,2016,263.202
chl,sex_t,geo_cov_urb,mts_details_sep,2017,276.589
chl,sex_t,geo_cov_urb,mts_details_sep,2018,298.545
chl,sex_t,geo_cov_urb,mts_details_sep,2019,310.944
chl,sex_t,geo_cov_urb,mts_details_sep,2020,386.859
chl,sex_t,geo_cov_urb,mts_details_sep,2021,404.958
chl,sex_t,geo_cov_urb,mts_details_sgle,1990,1344.108
chl,sex_t,geo_cov_urb,mts_details_sgle,1992,1298.773
chl,sex_t,geo_cov_urb,mts_details_sgle,1996,1456.6
chl,sex_t,geo_cov_urb,mts_details_sgle,1998,1541.619
chl,sex_t,geo_cov_urb,mts_details_sgle,2000,1636.387
chl,sex_t,geo_cov_urb,mts_details_sgle,2003,1753.427
chl,sex_t,geo_cov_urb,mts_details_sgle,2006,1899.922
chl,sex_t,geo_cov_urb,mts_details_sgle,2009,2061.102
chl,sex_t,geo_cov_urb,mts_details_sgle,2010,2009.995
chl,sex_t,geo_cov_urb,mts_details_sgle,2011,1964.783
chl,sex_t,geo_cov_urb,mts_details_sgle,2012,2035.188
chl,sex_t,geo_cov_urb,mts_details_sgle,2013,2064.768
chl,sex_t,geo_cov_urb,mts_details_sgle,2014,2116.85
chl,sex_t,geo_cov_urb,mts_details_sgle,2015,2147.95
chl,sex_t,geo_cov_urb,mts_details_sgle,2016,2164.818
chl,sex_t,geo_cov_urb,mts_details_sgle,2017,2151.531
chl,sex_t,geo_cov_urb,mts_details_sgle,2018,2203.625
chl,sex_t,geo_cov_urb,mts_details_sgle,2019,2270.904
chl,sex_t,geo_cov_urb,mts_details_sgle,2020,2707.007
chl,sex_t,geo_cov_urb,mts_details_sgle,2021,2663.332
chl,sex_t,geo_cov_urb,mts_details_total,1990,3682.217
chl,sex_t,geo_cov_urb,mts_details_total,1992,3664.181
chl,sex_t,geo_cov_urb,mts_details_total,1996,3903.855
chl,sex_t,geo_cov_urb,mts_details_total,1998,3956.382
chl,sex_t,geo_cov_urb,mts_details_total,2000,4089.184
chl,sex_t,geo_cov_urb,mts_details_total,2003,4238.272
chl,sex_t,geo_cov_urb,mts_details_total,2006,4477.429
chl,sex_t,geo_cov_urb,mts_details_total,2009,4986.208
chl,sex_t,geo_cov_urb,mts_details_total,2010,4702.008
chl,sex_t,geo_cov_urb,mts_details_total,2011,4628.295
chl,sex_t,geo_cov_urb,mts_details_total,2012,4747.383
chl,sex_t,geo_cov_urb,mts_details_total,2013,4833.621
chl,sex_t,geo_cov_urb,mts_details_total,2014,4879.865
chl,sex_t,geo_cov_urb,mts_details_total,2015,4963.063
chl,sex_t,geo_cov_urb,mts_details_total,2016,5084.091
chl,sex_t,geo_cov_urb,mts_details_total,2017,5136.013
chl,sex_t,geo_cov_urb,mts_details_total,2018,5219.627
chl,sex_t,geo_cov_urb,mts_details_total,2019,5328.954
chl,sex_t,geo_cov_urb,mts_details_total,2020,6115.219
chl,sex_t,geo_cov_urb,mts_details_total,2021,5915.19
chl,sex_t,geo_cov_urb,mts_details_union,1990,152.261
chl,sex_t,geo_cov_urb,mts_details_union,1992,174.204
chl,sex_t,geo_cov_urb,mts_details_union,1996,253.631
chl,sex_t,geo_cov_urb,mts_details_union,1998,244.546
chl,sex_t,geo_cov_urb,mts_details_union,2000,277.944
chl,sex_t,geo_cov_urb,mts_details_union,2003,327.723
chl,sex_t,geo_cov_urb,mts_details_union,2006,389.654
chl,sex_t,geo_cov_urb,mts_details_union,2009,447.523
chl,sex_t,geo_cov_urb,mts_details_union,2010,381.624
chl,sex_t,geo_cov_urb,mts_details_union,2011,398.276
chl,sex_t,geo_cov_urb,mts_details_union,2012,372.818
chl,sex_t,geo_cov_urb,mts_details_union,2013,382.615
chl,sex_t,geo_cov_urb,mts_details_union,2014,392.921
chl,sex_t,geo_cov_urb,mts_details_union,2015,388.779
chl,sex_t,geo_cov_urb,mts_details_union,2016,403.383
chl,sex_t,geo_cov_urb,mts_details_union,2017,415.01
chl,sex_t,geo_cov_urb,mts_details_union,2018,426.481
chl,sex_t,geo_cov_urb,mts_details_union,2019,402.302
chl,sex_t,geo_cov_urb,mts_details_union,2020,633.566
chl,sex_t,geo_cov_urb,mts_details_union,2021,567.052
chl,sex_t,geo_cov_urb,mts_details_wid,1990,360.155
chl,sex_t,geo_cov_urb,mts_details_wid,1992,353.681
chl,sex_t,geo_cov_urb,mts_details_wid,1996,385.994
chl,sex_t,geo_cov_urb,mts_details_wid,1998,381.023
chl,sex_t,geo_cov_urb,mts_details_wid,2000,378.958
chl,sex_t,geo_cov_urb,mts_details_wid,2003,399.613
chl,sex_t,geo_cov_urb,mts_details_wid,2006,445.991
chl,sex_t,geo_cov_urb,mts_details_wid,2009,542.112
chl,sex_t,geo_cov_urb,mts_details_wid,2010,507.906
chl,sex_t,geo_cov_urb,mts_details_wid,2011,479.843
chl,sex_t,geo_cov_urb,mts_details_wid,2012,500.803
chl,sex_t,geo_cov_urb,mts_details_wid,2013,536.127
chl,sex_t,geo_cov_urb,mts_details_wid,2014,528.221
chl,sex_t,geo_cov_urb,mts_details_wid,2015,551.521
chl,sex_t,geo_cov_urb,mts_details_wid,2016,571.036
chl,sex_t,geo_cov_urb,mts_details_wid,2017,573.07
chl,sex_t,geo_cov_urb,mts_details_wid,2018,572.665
chl,sex_t,geo_cov_urb,mts_details_wid,2019,552.867
chl,sex_t,geo_cov_urb,mts_details_wid,2020,509.59
chl,sex_t,geo_cov_urb,mts_details_wid,2021,535.653
chl,sex_t,geo_cov_urb,mts_details_x,1998,2.725
chl,sex_t,geo_cov_urb,mts_details_x,2003,1.031
chl,sex_t,geo_cov_urb,mts_details_x,2006,1.956
chl,sex_t,geo_cov_urb,mts_details_x,2019,0.866
chl,sex_t,geo_cov_urb,mts_details_x,2020,12.96
chl,sex_t,geo_cov_urb,mts_details_x,2021,1.763
civ,sex_f,geo_cov_nat,mts_aggregate_1,2012,857.247
civ,sex_f,geo_cov_nat,mts_aggregate_1,2013,1082.089
civ,sex_f,geo_cov_nat,mts_aggregate_1,2016,1365.793
civ,sex_f,geo_cov_nat,mts_aggregate_1,2017,1813.258
civ,sex_f,geo_cov_nat,mts_aggregate_1,2019,1392.48
civ,sex_f,geo_cov_nat,mts_aggregate_2,2012,539.112
civ,sex_f,geo_cov_nat,mts_aggregate_2,2013,776.971
civ,sex_f,geo_cov_nat,mts_aggregate_2,2016,1616.909
civ,sex_f,geo_cov_nat,mts_aggregate_2,2017,1952.341
civ,sex_f,geo_cov_nat,mts_aggregate_2,2019,1719.708
civ,sex_f,geo_cov_nat,mts_aggregate_total,2012,1396.617
civ,sex_f,geo_cov_nat,mts_aggregate_total,2013,1862.268
civ,sex_f,geo_cov_nat,mts_aggregate_total,2016,2982.702
civ,sex_f,geo_cov_nat,mts_aggregate_total,2017,3766.108
civ,sex_f,geo_cov_nat,mts_aggregate_total,2019,3112.188
civ,sex_f,geo_cov_nat,mts_aggregate_x,2012,0.258
civ,sex_f,geo_cov_nat,mts_aggregate_x,2013,3.208
civ,sex_f,geo_cov_nat,mts_details_mrd,2012,539.112
civ,sex_f,geo_cov_nat,mts_details_mrd,2013,776.971
civ,sex_f,geo_cov_nat,mts_details_mrd,2016,1333.017
civ,sex_f,geo_cov_nat,mts_details_mrd,2017,1952.341
civ,sex_f,geo_cov_nat,mts_details_mrd,2019,1370.913
civ,sex_f,geo_cov_nat,mts_details_sep,2012,10.856
civ,sex_f,geo_cov_nat,mts_details_sep,2013,20.99
civ,sex_f,geo_cov_nat,mts_details_sep,2016,45.312
civ,sex_f,geo_cov_nat,mts_details_sep,2017,22.847
civ,sex_f,geo_cov_nat,mts_details_sep,2019,32.074
civ,sex_f,geo_cov_nat,mts_details_sgle,2012,734.992
civ,sex_f,geo_cov_nat,mts_details_sgle,2013,879.655
civ,sex_f,geo_cov_nat,mts_details_sgle,2016,1074.886
civ,sex_f,geo_cov_nat,mts_details_sgle,2017,1548.682
civ,sex_f,geo_cov_nat,mts_details_sgle,2019,1070.697
civ,sex_f,geo_cov_nat,mts_details_total,2012,1396.617
civ,sex_f,geo_cov_nat,mts_details_total,2013,1862.268
civ,sex_f,geo_cov_nat,mts_details_total,2016,2982.702
civ,sex_f,geo_cov_nat,mts_details_total,2017,3766.108
civ,sex_f,geo_cov_nat,mts_details_total,2019,3112.188
civ,sex_f,geo_cov_nat,mts_details_union,2016,283.892
civ,sex_f,geo_cov_nat,mts_details_union,2019,348.795
civ,sex_f,geo_cov_nat,mts_details_wid,2012,111.399
civ,sex_f,geo_cov_nat,mts_details_wid,2013,181.444
civ,sex_f,geo_cov_nat,mts_details_wid,2016,245.595
civ,sex_f,geo_cov_nat,mts_details_wid,2017,241.728
civ,sex_f,geo_cov_nat,mts_details_wid,2019,289.709
civ,sex_f,geo_cov_nat,mts_details_x,2012,0.258
civ,sex_f,geo_cov_nat,mts_details_x,2013,3.208
civ,sex_f,geo_cov_rur,mts_aggregate_1,2012,189.273
civ,sex_f,geo_cov_rur,mts_aggregate_1,2013,260.756
civ,sex_f,geo_cov_rur,mts_aggregate_1,2016,402.161
civ,sex_f,geo_cov_rur,mts_aggregate_1,2017,573.523
civ,sex_f,geo_cov_rur,mts_aggregate_1,2019,648.287
civ,sex_f,geo_cov_rur,mts_aggregate_2,2012,219.914
civ,sex_f,geo_cov_rur,mts_aggregate_2,2013,316.354
civ,sex_f,geo_cov_rur,mts_aggregate_2,2016,765.429
civ,sex_f,geo_cov_rur,mts_aggregate_2,2017,1005.807
civ,sex_f,geo_cov_rur,mts_aggregate_2,2019,794.639
civ,sex_f,geo_cov_rur,mts_aggregate_total,2012,409.187
civ,sex_f,geo_cov_rur,mts_aggregate_total,2013,578.156
civ,sex_f,geo_cov_rur,mts_aggregate_total,2016,1167.59
civ,sex_f,geo_cov_rur,mts_aggregate_total,2017,1579.656
civ,sex_f,geo_cov_rur,mts_aggregate_total,2019,1442.925
civ,sex_f,geo_cov_rur,mts_details_mrd,2012,219.914
civ,sex_f,geo_cov_rur,mts_details_mrd,2013,316.354
civ,sex_f,geo_cov_rur,mts_details_mrd,2016,631.857
civ,sex_f,geo_cov_rur,mts_details_mrd,2017,1005.807
civ,sex_f,geo_cov_rur,mts_details_mrd,2019,647.7
civ,sex_f,geo_cov_rur,mts_details_sep,2012,3.387
civ,sex_f,geo_cov_rur,mts_details_sep,2013,5.057
civ,sex_f,geo_cov_rur,mts_details_sep,2016,24.649
civ,sex_f,geo_cov_rur,mts_details_sep,2017,8.761
civ,sex_f,geo_cov_rur,mts_details_sep,2019,19.956
civ,sex_f,geo_cov_rur,mts_details_sgle,2012,125.145
civ,sex_f,geo_cov_rur,mts_details_sgle,2013,171.87
civ,sex_f,geo_cov_rur,mts_details_sgle,2016,241.041
civ,sex_f,geo_cov_rur,mts_details_sgle,2017,444.461
civ,sex_f,geo_cov_rur,mts_details_sgle,2019,456.881
civ,sex_f,geo_cov_rur,mts_details_total,2012,409.187
civ,sex_f,geo_cov_rur,mts_details_total,2013,578.156
civ,sex_f,geo_cov_rur,mts_details_total,2016,1167.59
civ,sex_f,geo_cov_rur,mts_details_total,2017,1579.656
civ,sex_f,geo_cov_rur,mts_details_total,2019,1442.925
civ,sex_f,geo_cov_rur,mts_details_union,2016,133.573
civ,sex_f,geo_cov_rur,mts_details_union,2019,146.939
civ,sex_f,geo_cov_rur,mts_details_wid,2012,60.742
civ,sex_f,geo_cov_rur,mts_details_wid,2013,83.83
civ,sex_f,geo_cov_rur,mts_details_wid,2016,136.471
civ,sex_f,geo_cov_rur,mts_details_wid,2017,120.302
civ,sex_f,geo_cov_rur,mts_details_wid,2019,171.449
civ,sex_f,geo_cov_urb,mts_aggregate_1,2012,667.974
civ,sex_f,geo_cov_urb,mts_aggregate_1,2013,821.332
civ,sex_f,geo_cov_urb,mts_aggregate_1,2016,963.632
civ,sex_f,geo_cov_urb,mts_aggregate_1,2017,1239.735
civ,sex_f,geo_cov_urb,mts_aggregate_1,2019,744.193
civ,sex_f,geo_cov_urb,mts_aggregate_2,2012,319.198
civ,sex_f,geo_cov_urb,mts_aggregate_2,2013,460.617
civ,sex_f,geo_cov_urb,mts_aggregate_2,2016,851.48
civ,sex_f,geo_cov_urb,mts_aggregate_2,2017,946.534
civ,sex_f,geo_cov_urb,mts_aggregate_2,2019,925.07
civ,sex_f,geo_cov_urb,mts_aggregate_total,2012,987.429
civ,sex_f,geo_cov_urb,mts_aggregate_total,2013,1284.112
civ,sex_f,geo_cov_urb,mts_aggregate_total,2016,1815.112
civ,sex_f,geo_cov_urb,mts_aggregate_total,2017,2186.451
civ,sex_f,geo_cov_urb,mts_aggregate_total,2019,1669.263
civ,sex_f,geo_cov_urb,mts_aggregate_x,2012,0.258
civ,sex_f,geo_cov_urb,mts_aggregate_x,2013,2.162
civ,sex_f,geo_cov_urb,mts_details_mrd,2012,319.198
civ,sex_f,geo_cov_urb,mts_details_mrd,2013,460.617
civ,sex_f,geo_cov_urb,mts_details_mrd,2016,701.16
civ,sex_f,geo_cov_urb,mts_details_mrd,2017,946.534
civ,sex_f,geo_cov_urb,mts_details_mrd,2019,723.213
civ,sex_f,geo_cov_urb,mts_details_sep,2012,7.469
civ,sex_f,geo_cov_urb,mts_details_sep,2013,15.933
civ,sex_f,geo_cov_urb,mts_details_sep,2016,20.662
civ,sex_f,geo_cov_urb,mts_details_sep,2017,14.087
civ,sex_f,geo_cov_urb,mts_details_sep,2019,12.118
civ,sex_f,geo_cov_urb,mts_details_sgle,2012,609.847
civ,sex_f,geo_cov_urb,mts_details_sgle,2013,707.785
civ,sex_f,geo_cov_urb,mts_details_sgle,2016,833.845
civ,sex_f,geo_cov_urb,mts_details_sgle,2017,1104.221
civ,sex_f,geo_cov_urb,mts_details_sgle,2019,613.815
civ,sex_f,geo_cov_urb,mts_details_total,2012,987.429
civ,sex_f,geo_cov_urb,mts_details_total,2013,1284.112
civ,sex_f,geo_cov_urb,mts_details_total,2016,1815.112
civ,sex_f,geo_cov_urb,mts_details_total,2017,2186.451
civ,sex_f,geo_cov_urb,mts_details_total,2019,1669.263
civ,sex_f,geo_cov_urb,mts_details_union,2016,150.32
civ,sex_f,geo_cov_urb,mts_details_union,2019,201.856
civ,sex_f,geo_cov_urb,mts_details_wid,2012,50.657
civ,sex_f,geo_cov_urb,mts_details_wid,2013,97.614
civ,sex_f,geo_cov_urb,mts_details_wid,2016,109.124
civ,sex_f,geo_cov_urb,mts_details_wid,2017,121.427
civ,sex_f,geo_cov_urb,mts_details_wid,2019,118.26
civ,sex_f,geo_cov_urb,mts_details_x,2012,0.258
civ,sex_f,geo_cov_urb,mts_details_x,2013,2.162
civ,sex_m,geo_cov_nat,mts_aggregate_1,2012,802.698
civ,sex_m,geo_cov_nat,mts_aggregate_1,2013,992.117
civ,sex_m,geo_cov_nat,mts_aggregate_1,2016,1215.514
civ,sex_m,geo_cov_nat,mts_aggregate_1,2017,1898.644
civ,sex_m,geo_cov_nat,mts_aggregate_1,2019,1396.726
civ,sex_m,geo_cov_nat,mts_aggregate_2,2012,234.052
civ,sex_m,geo_cov_nat,mts_aggregate_2,2013,220.413
civ,sex_m,geo_cov_nat,mts_aggregate_2,2016,596.296
civ,sex_m,geo_cov_nat,mts_aggregate_2,2017,577.602
civ,sex_m,geo_cov_nat,mts_aggregate_2,2019,605.177
civ,sex_m,geo_cov_nat,mts_aggregate_total,2012,1037.954
civ,sex_m,geo_cov_nat,mts_aggregate_total,2013,1215.192
civ,sex_m,geo_cov_nat,mts_aggregate_total,2016,1811.81
civ,sex_m,geo_cov_nat,mts_aggregate_total,2017,2476.346
civ,sex_m,geo_cov_nat,mts_aggregate_total,2019,2001.904
civ,sex_m,geo_cov_nat,mts_aggregate_x,2012,1.204
civ,sex_m,geo_cov_nat,mts_aggregate_x,2013,2.662
civ,sex_m,geo_cov_nat,mts_details_mrd,2012,234.052
civ,sex_m,geo_cov_nat,mts_details_mrd,2013,220.413
civ,sex_m,geo_cov_nat,mts_details_mrd,2016,513.256
civ,sex_m,geo_cov_nat,mts_details_mrd,2017,577.602
civ,sex_m,geo_cov_nat,mts_details_mrd,2019,481.186
civ,sex_m,geo_cov_nat,mts_details_sep,2012,1.896
civ,sex_m,geo_cov_nat,mts_details_sep,2013,4.55
civ,sex_m,geo_cov_nat,mts_details_sep,2016,25.449
civ,sex_m,geo_cov_nat,mts_details_sep,2017,6.229
civ,sex_m,geo_cov_nat,mts_details_sep,2019,20.136
civ,sex_m,geo_cov_nat,mts_details_sgle,2012,783.649
civ,sex_m,geo_cov_nat,mts_details_sgle,2013,960.642
civ,sex_m,geo_cov_nat,mts_details_sgle,2016,1151.708
civ,sex_m,geo_cov_nat,mts_details_sgle,2017,1853.54
civ,sex_m,geo_cov_nat,mts_details_sgle,2019,1328.409
civ,sex_m,geo_cov_nat,mts_details_total,2012,1037.954
civ,sex_m,geo_cov_nat,mts_details_total,2013,1215.192
civ,sex_m,geo_cov_nat,mts_details_total,2016,1811.81
civ,sex_m,geo_cov_nat,mts_details_total,2017,2476.346
civ,sex_m,geo_cov_nat,mts_details_total,2019,2001.904
civ,sex_m,geo_cov_nat,mts_details_union,2016,83.04
civ,sex_m,geo_cov_nat,mts_details_union,2019,123.992
civ,sex_m,geo_cov_nat,mts_details_wid,2012,17.153
civ,sex_m,geo_cov_nat,mts_details_wid,2013,26.924
civ,sex_m,geo_cov_nat,mts_details_wid,2016,38.357
civ,sex_m,geo_cov_nat,mts_details_wid,2017,38.874
civ,sex_m,geo_cov_nat,mts_details_wid,2019,48.182
civ,sex_m,geo_cov_nat,mts_details_x,2012,1.204
civ,sex_m,geo_cov_nat,mts_details_x,2013,2.662
civ,sex_m,geo_cov_rur,mts_aggregate_1,2012,154.775
civ,sex_m,geo_cov_rur,mts_aggregate_1,2013,235.688
civ,sex_m,geo_cov_rur,mts_aggregate_1,2016,378.99
civ,sex_m,geo_cov_rur,mts_aggregate_1,2017,583.137
civ,sex_m,geo_cov_rur,mts_aggregate_1,2019,603.169
civ,sex_m,geo_cov_rur,mts_aggregate_2,2012,61.778
civ,sex_m,geo_cov_rur,mts_aggregate_2,2013,70.054
civ,sex_m,geo_cov_rur,mts_aggregate_2,2016,317.716
civ,sex_m,geo_cov_rur,mts_aggregate_2,2017,285.809
civ,sex_m,geo_cov_rur,mts_aggregate_2,2019,270.223
civ,sex_m,geo_cov_rur,mts_aggregate_total,2012,216.553
civ,sex_m,geo_cov_rur,mts_aggregate_total,2013,306.536
civ,sex_m,geo_cov_rur,mts_aggregate_total,2016,696.706
civ,sex_m,geo_cov_rur,mts_aggregate_total,2017,869.047
civ,sex_m,geo_cov_rur,mts_aggregate_total,2019,873.392
civ,sex_m,geo_cov_rur,mts_details_mrd,2012,61.778
civ,sex_m,geo_cov_rur,mts_details_mrd,2013,70.054
civ,sex_m,geo_cov_rur,mts_details_mrd,2016,268.028
civ,sex_m,geo_cov_rur,mts_details_mrd,2017,285.809
civ,sex_m,geo_cov_rur,mts_details_mrd,2019,222.512
civ,sex_m,geo_cov_rur,mts_details_sep,2012,0.993
civ,sex_m,geo_cov_rur,mts_details_sep,2016,16.893
civ,sex_m,geo_cov_rur,mts_details_sep,2017,5.694
civ,sex_m,geo_cov_rur,mts_details_sep,2019,15.773
civ,sex_m,geo_cov_rur,mts_details_sgle,2012,142.262
civ,sex_m,geo_cov_rur,mts_details_sgle,2013,221.288
civ,sex_m,geo_cov_rur,mts_details_sgle,2016,336.575
civ,sex_m,geo_cov_rur,mts_details_sgle,2017,556.092
civ,sex_m,geo_cov_rur,mts_details_sgle,2019,566.739
civ,sex_m,geo_cov_rur,mts_details_total,2012,216.553
civ,sex_m,geo_cov_rur,mts_details_total,2013,306.536
civ,sex_m,geo_cov_rur,mts_details_total,2016,696.706
civ,sex_m,geo_cov_rur,mts_details_total,2017,869.047
civ,sex_m,geo_cov_rur,mts_details_total,2019,873.392
civ,sex_m,geo_cov_rur,mts_details_union,2016,49.688
civ,sex_m,geo_cov_rur,mts_details_union,2019,47.711
civ,sex_m,geo_cov_rur,mts_details_wid,2012,11.52
civ,sex_m,geo_cov_rur,mts_details_wid,2013,13.596
civ,sex_m,geo_cov_rur,mts_details_wid,2016,25.523
civ,sex_m,geo_cov_rur,mts_details_wid,2017,21.351
civ,sex_m,geo_cov_rur,mts_details_wid,2019,20.657
civ,sex_m,geo_cov_urb,mts_aggregate_1,2012,647.923
civ,sex_m,geo_cov_urb,mts_aggregate_1,2013,756.429
civ,sex_m,geo_cov_urb,mts_aggregate_1,2016,836.524
civ,sex_m,geo_cov_urb,mts_aggregate_1,2017,1315.507
civ,sex_m,geo_cov_urb,mts_aggregate_1,2019,793.557
civ,sex_m,geo_cov_urb,mts_aggregate_2,2012,172.274
civ,sex_m,geo_cov_urb,mts_aggregate_2,2013,150.358
civ,sex_m,geo_cov_urb,mts_aggregate_2,2016,278.58
civ,sex_m,geo_cov_urb,mts_aggregate_2,2017,291.793
civ,sex_m,geo_cov_urb,mts_aggregate_2,2019,334.955
civ,sex_m,geo_cov_urb,mts_aggregate_total,2012,821.401
civ,sex_m,geo_cov_urb,mts_aggregate_total,2013,908.655
civ,sex_m,geo_cov_urb,mts_aggregate_total,2016,1115.104
civ,sex_m,geo_cov_urb,mts_aggregate_total,2017,1607.3
civ,sex_m,geo_cov_urb,mts_aggregate_total,2019,1128.512
civ,sex_m,geo_cov_urb,mts_aggregate_x,2012,1.204
civ,sex_m,geo_cov_urb,mts_details_mrd,2012,172.274
civ,sex_m,geo_cov_urb,mts_details_mrd,2013,150.358
civ,sex_m,geo_cov_urb,mts_details_mrd,2016,245.228
civ,sex_m,geo_cov_urb,mts_details_mrd,2017,291.793
civ,sex_m,geo_cov_urb,mts_details_mrd,2019,258.674
civ,sex_m,geo_cov_urb,mts_details_sep,2012,0.903
civ,sex_m,geo_cov_urb,mts_details_sep,2013,3.746
civ,sex_m,geo_cov_urb,mts_details_sep,2016,8.556
civ,sex_m,geo_cov_urb,mts_details_sep,2019,4.362
civ,sex_m,geo_cov_urb,mts_details_sgle,2012,641.387
civ,sex_m,geo_cov_urb,mts_details_sgle,2013,739.355
civ,sex_m,geo_cov_urb,mts_details_sgle,2016,815.134
civ,sex_m,geo_cov_urb,mts_details_sgle,2017,1297.448
civ,sex_m,geo_cov_urb,mts_details_sgle,2019,761.67
civ,sex_m,geo_cov_urb,mts_details_total,2012,821.401
civ,sex_m,geo_cov_urb,mts_details_total,2013,908.655
civ,sex_m,geo_cov_urb,mts_details_total,2016,1115.104
civ,sex_m,geo_cov_urb,mts_details_total,2017,1607.3
civ,sex_m,geo_cov_urb,mts_details_total,2019,1128.512
civ,sex_m,geo_cov_urb,mts_details_union,2016,33.352
civ,sex_m,geo_cov_urb,mts_details_union,2019,76.281
civ,sex_m,geo_cov_urb,mts_details_wid,2012,5.633
civ,sex_m,geo_cov_urb,mts_details_wid,2013,13.328
civ,sex_m,geo_cov_urb,mts_details_wid,2016,12.834
civ,sex_m,geo_cov_urb,mts_details_wid,2017,17.523
civ,sex_m,geo_cov_urb,mts_details_wid,2019,27.525
civ,sex_m,geo_cov_urb,mts_details_x,2012,1.204
civ,sex_t,geo_cov_nat,mts_aggregate_1,2012,1659.945
civ,sex_t,geo_cov_nat,mts_aggregate_1,2013,2074.205
civ,sex_t,geo_cov_nat,mts_aggregate_1,2016,2581.307
civ,sex_t,geo_cov_nat,mts_aggregate_1,2017,3711.902
civ,sex_t,geo_cov_nat,mts_aggregate_1,2019,2789.206
civ,sex_t,geo_cov_nat,mts_aggregate_2,2012,773.163
civ,sex_t,geo_cov_nat,mts_aggregate_2,2013,997.384
civ,sex_t,geo_cov_nat,mts_aggregate_2,2016,2213.205
civ,sex_t,geo_cov_nat,mts_aggregate_2,2017,2529.943
civ,sex_t,geo_cov_nat,mts_aggregate_2,2019,2324.886
civ,sex_t,geo_cov_nat,mts_aggregate_total,2012,2434.571
civ,sex_t,geo_cov_nat,mts_aggregate_total,2013,3077.459
civ,sex_t,geo_cov_nat,mts_aggregate_total,2016,4794.512
civ,sex_t,geo_cov_nat,mts_aggregate_total,2017,6242.454
civ,sex_t,geo_cov_nat,mts_aggregate_total,2019,5114.092
civ,sex_t,geo_cov_nat,mts_aggregate_x,2012,1.462
civ,sex_t,geo_cov_nat,mts_aggregate_x,2013,5.87
civ,sex_t,geo_cov_nat,mts_details_mrd,2012,773.163
civ,sex_t,geo_cov_nat,mts_details_mrd,2013,997.384
civ,sex_t,geo_cov_nat,mts_details_mrd,2016,1846.273
civ,sex_t,geo_cov_nat,mts_details_mrd,2017,2529.943
civ,sex_t,geo_cov_nat,mts_details_mrd,2019,1852.099
civ,sex_t,geo_cov_nat,mts_details_sep,2012,12.752
civ,sex_t,geo_cov_nat,mts_details_sep,2013,25.54
civ,sex_t,geo_cov_nat,mts_details_sep,2016,70.761
civ,sex_t,geo_cov_nat,mts_details_sep,2017,29.077
civ,sex_t,geo_cov_nat,mts_details_sep,2019,52.21
civ,sex_t,geo_cov_nat,mts_details_sgle,2012,1518.641
civ,sex_t,geo_cov_nat,mts_details_sgle,2013,1840.297
civ,sex_t,geo_cov_nat,mts_details_sgle,2016,2226.594
civ,sex_t,geo_cov_nat,mts_details_sgle,2017,3402.222
civ,sex_t,geo_cov_nat,mts_details_sgle,2019,2399.106
civ,sex_t,geo_cov_nat,mts_details_total,2012,2434.571
civ,sex_t,geo_cov_nat,mts_details_total,2013,3077.459
civ,sex_t,geo_cov_nat,mts_details_total,2016,4794.512
civ,sex_t,geo_cov_nat,mts_details_total,2017,6242.454
civ,sex_t,geo_cov_nat,mts_details_total,2019,5114.092
civ,sex_t,geo_cov_nat,mts_details_union,2016,366.932
civ,sex_t,geo_cov_nat,mts_details_union,2019,472.787
civ,sex_t,geo_cov_nat,mts_details_wid,2012,128.552
civ,sex_t,geo_cov_nat,mts_details_wid,2013,208.368
civ,sex_t,geo_cov_nat,mts_details_wid,2016,283.952
civ,sex_t,geo_cov_nat,mts_details_wid,2017,280.603
civ,sex_t,geo_cov_nat,mts_details_wid,2019,337.891
civ,sex_t,geo_cov_nat,mts_details_x,2012,1.462
civ,sex_t,geo_cov_nat,mts_details_x,2013,5.87
civ,sex_t,geo_cov_rur,mts_aggregate_1,2012,344.049
civ,sex_t,geo_cov_rur,mts_aggregate_1,2013,496.444
civ,sex_t,geo_cov_rur,mts_aggregate_1,2016,781.151
civ,sex_t,geo_cov_rur,mts_aggregate_1,2017,1156.66
civ,sex_t,geo_cov_rur,mts_aggregate_1,2019,1251.456
civ,sex_t,geo_cov_rur,mts_aggregate_2,2012,281.692
civ,sex_t,geo_cov_rur,mts_aggregate_2,2013,386.408
civ,sex_t,geo_cov_rur,mts_aggregate_2,2016,1083.145
civ,sex_t,geo_cov_rur,mts_aggregate_2,2017,1291.616
civ,sex_t,geo_cov_rur,mts_aggregate_2,2019,1064.861
civ,sex_t,geo_cov_rur,mts_aggregate_total,2012,625.74
civ,sex_t,geo_cov_rur,mts_aggregate_total,2013,884.692
civ,sex_t,geo_cov_rur,mts_aggregate_total,2016,1864.296
civ,sex_t,geo_cov_rur,mts_aggregate_total,2017,2448.703
civ,sex_t,geo_cov_rur,mts_aggregate_total,2019,2316.317
civ,sex_t,geo_cov_rur,mts_aggregate_x,2013,1.84
civ,sex_t,geo_cov_rur,mts_details_mrd,2012,281.692
civ,sex_t,geo_cov_rur,mts_details_mrd,2013,386.408
civ,sex_t,geo_cov_rur,mts_details_mrd,2016,899.885
civ,sex_t,geo_cov_rur,mts_details_mrd,2017,1291.616
civ,sex_t,geo_cov_rur,mts_details_mrd,2019,870.212
civ,sex_t,geo_cov_rur,mts_details_sep,2012,4.38
civ,sex_t,geo_cov_rur,mts_details_sep,2013,5.861
civ,sex_t,geo_cov_rur,mts_details_sep,2016,41.542
civ,sex_t,geo_cov_rur,mts_details_sep,2017,14.454
civ,sex_t,geo_cov_rur,mts_details_sep,2019,35.729
civ,sex_t,geo_cov_rur,mts_details_sgle,2012,267.407
civ,sex_t,geo_cov_rur,mts_details_sgle,2013,393.158
civ,sex_t,geo_cov_rur,mts_details_sgle,2016,577.615
civ,sex_t,geo_cov_rur,mts_details_sgle,2017,1000.554
civ,sex_t,geo_cov_rur,mts_details_sgle,2019,1023.62
civ,sex_t,geo_cov_rur,mts_details_total,2012,625.74
civ,sex_t,geo_cov_rur,mts_details_total,2013,884.692
civ,sex_t,geo_cov_rur,mts_details_total,2016,1864.296
civ,sex_t,geo_cov_rur,mts_details_total,2017,2448.703
civ,sex_t,geo_cov_rur,mts_details_total,2019,2316.317
civ,sex_t,geo_cov_rur,mts_details_union,2016,183.261
civ,sex_t,geo_cov_rur,mts_details_union,2019,194.65
civ,sex_t,geo_cov_rur,mts_details_wid,2012,72.262
civ,sex_t,geo_cov_rur,mts_details_wid,2013,97.426
civ,sex_t,geo_cov_rur,mts_details_wid,2016,161.994
civ,sex_t,geo_cov_rur,mts_details_wid,2017,141.653
civ,sex_t,geo_cov_rur,mts_details_wid,2019,192.106
civ,sex_t,geo_cov_rur,mts_details_x,2013,1.84
civ,sex_t,geo_cov_urb,mts_aggregate_1,2012,1315.896
civ,sex_t,geo_cov_urb,mts_aggregate_1,2013,1577.761
civ,sex_t,geo_cov_urb,mts_aggregate_1,2016,1800.156
civ,sex_t,geo_cov_urb,mts_aggregate_1,2017,2555.241
civ,sex_t,geo_cov_urb,mts_aggregate_1,2019,1537.75
civ,sex_t,geo_cov_urb,mts_aggregate_2,2012,491.472
civ,sex_t,geo_cov_urb,mts_aggregate_2,2013,610.976
civ,sex_t,geo_cov_urb,mts_aggregate_2,2016,1130.06
civ,sex_t,geo_cov_urb,mts_aggregate_2,2017,1238.327
civ,sex_t,geo_cov_urb,mts_aggregate_2,2019,1260.024
civ,sex_t,geo_cov_urb,mts_aggregate_total,2012,1808.83
civ,sex_t,geo_cov_urb,mts_aggregate_total,2013,2192.767
civ,sex_t,geo_cov_urb,mts_aggregate_total,2016,2930.216
civ,sex_t,geo_cov_urb,mts_aggregate_total,2017,3793.751
civ,sex_t,geo_cov_urb,mts_aggregate_total,2019,2797.774
civ,sex_t,geo_cov_urb,mts_aggregate_x,2012,1.462
civ,sex_t,geo_cov_urb,mts_aggregate_x,2013,4.03
civ,sex_t,geo_cov_urb,mts_details_mrd,2012,491.472
civ,sex_t,geo_cov_urb,mts_details_mrd,2013,610.976
civ,sex_t,geo_cov_urb,mts_details_mrd,2016,946.388
civ,sex_t,geo_cov_urb,mts_details_mrd,2017,1238.327
civ,sex_t,geo_cov_urb,mts_details_mrd,2019,981.887
civ,sex_t,geo_cov_urb,mts_details_sep,2012,8.372
civ,sex_t,geo_cov_urb,mts_details_sep,2013,19.68
civ,sex_t,geo_cov_urb,mts_details_sep,2016,29.219
civ,sex_t,geo_cov_urb,mts_details_sep,2017,14.622
civ,sex_t,geo_cov_urb,mts_details_sep,2019,16.48
civ,sex_t,geo_cov_urb,mts_details_sgle,2012,1251.234
civ,sex_t,geo_cov_urb,mts_details_sgle,2013,1447.139
civ,sex_t,geo_cov_urb,mts_details_sgle,2016,1648.979
civ,sex_t,geo_cov_urb,mts_details_sgle,2017,2401.669
civ,sex_t,geo_cov_urb,mts_details_sgle,2019,1375.485
civ,sex_t,geo_cov_urb,mts_details_total,2012,1808.83
civ,sex_t,geo_cov_urb,mts_details_total,2013,2192.767
civ,sex_t,geo_cov_urb,mts_details_total,2016,2930.216
civ,sex_t,geo_cov_urb,mts_details_total,2017,3793.751
civ,sex_t,geo_cov_urb,mts_details_total,2019,2797.774
civ,sex_t,geo_cov_urb,mts_details_union,2016,183.672
civ,sex_t,geo_cov_urb,mts_details_union,2019,278.137
civ,sex_t,geo_cov_urb,mts_details_wid,2012,56.29
civ,sex_t,geo_cov_urb,mts_details_wid,2013,110.943
civ,sex_t,geo_cov_urb,mts_details_wid,2016,121.958
civ,sex_t,geo_cov_urb,mts_details_wid,2017,138.95
civ,sex_t,geo_cov_urb,mts_details_wid,2019,145.785
civ,sex_t,geo_cov_urb,mts_details_x,2012,1.462
civ,sex_t,geo_cov_urb,mts_details_x,2013,4.03
cmr,sex_f,geo_cov_nat,mts_aggregate_1,2007,720.941
cmr,sex_f,geo_cov_nat,mts_aggregate_1,2014,1291.713
cmr,sex_f,geo_cov_nat,mts_aggregate_2,2007,451.594
cmr,sex_f,geo_cov_nat,mts_aggregate_2,2014,792.963
cmr,sex_f,geo_cov_nat,mts_aggregate_total,2007,1172.535
cmr,sex_f,geo_cov_nat,mts_aggregate_total,2014,2085.264
cmr,sex_f,geo_cov_nat,mts_details_mrd,2007,395.172
cmr,sex_f,geo_cov_nat,mts_details_mrd,2014,675.237
cmr,sex_f,geo_cov_nat,mts_details_sep,2007,23.658
cmr,sex_f,geo_cov_nat,mts_details_sep,2014,36.067
cmr,sex_f,geo_cov_nat,mts_details_sgle,2007,563.379
cmr,sex_f,geo_cov_nat,mts_details_sgle,2014,1030.296
cmr,sex_f,geo_cov_nat,mts_details_total,2007,1172.535
cmr,sex_f,geo_cov_nat,mts_details_total,2014,2085.264
cmr,sex_f,geo_cov_nat,mts_details_union,2007,56.422
cmr,sex_f,geo_cov_nat,mts_details_union,2014,117.726
cmr,sex_f,geo_cov_nat,mts_details_wid,2007,133.904
cmr,sex_f,geo_cov_nat,mts_details_wid,2014,225.35
cmr,sex_f,geo_cov_rur,mts_aggregate_1,2007,264.328
cmr,sex_f,geo_cov_rur,mts_aggregate_1,2014,546.083
cmr,sex_f,geo_cov_rur,mts_aggregate_2,2007,175.799
cmr,sex_f,geo_cov_rur,mts_aggregate_2,2014,396.857
cmr,sex_f,geo_cov_rur,mts_aggregate_total,2007,440.127
cmr,sex_f,geo_cov_rur,mts_aggregate_total,2014,942.94
cmr,sex_f,geo_cov_rur,mts_details_mrd,2007,164.436
cmr,sex_f,geo_cov_rur,mts_details_mrd,2014,366.816
cmr,sex_f,geo_cov_rur,mts_details_sep,2007,11.114
cmr,sex_f,geo_cov_rur,mts_details_sep,2014,20.039
cmr,sex_f,geo_cov_rur,mts_details_sgle,2007,179.077
cmr,sex_f,geo_cov_rur,mts_details_sgle,2014,399.457
cmr,sex_f,geo_cov_rur,mts_details_total,2007,440.127
cmr,sex_f,geo_cov_rur,mts_details_total,2014,942.94
cmr,sex_f,geo_cov_rur,mts_details_union,2007,11.363
cmr,sex_f,geo_cov_rur,mts_details_union,2014,30.041
cmr,sex_f,geo_cov_rur,mts_details_wid,2007,74.137
cmr,sex_f,geo_cov_rur,mts_details_wid,2014,126.586
cmr,sex_f,geo_cov_urb,mts_aggregate_1,2007,456.613
cmr,sex_f,geo_cov_urb,mts_aggregate_1,2014,745.631
cmr,sex_f,geo_cov_urb,mts_aggregate_2,2007,275.795
cmr,sex_f,geo_cov_urb,mts_aggregate_2,2014,396.106
cmr,sex_f,geo_cov_urb,mts_aggregate_total,2007,732.408
cmr,sex_f,geo_cov_urb,mts_aggregate_total,2014,1142.324
cmr,sex_f,geo_cov_urb,mts_details_mrd,2007,230.736
cmr,sex_f,geo_cov_urb,mts_details_mrd,2014,308.421
cmr,sex_f,geo_cov_urb,mts_details_sep,2007,12.544
cmr,sex_f,geo_cov_urb,mts_details_sep,2014,16.028
cmr,sex_f,geo_cov_urb,mts_details_sgle,2007,384.302
cmr,sex_f,geo_cov_urb,mts_details_sgle,2014,630.839
cmr,sex_f,geo_cov_urb,mts_details_total,2007,732.408
cmr,sex_f,geo_cov_urb,mts_details_total,2014,1142.324
cmr,sex_f,geo_cov_urb,mts_details_union,2007,45.059
cmr,sex_f,geo_cov_urb,mts_details_union,2014,87.685
cmr,sex_f,geo_cov_urb,mts_details_wid,2007,59.767
cmr,sex_f,geo_cov_urb,mts_details_wid,2014,98.764
cmr,sex_m,geo_cov_nat,mts_aggregate_1,2007,623.907
cmr,sex_m,geo_cov_nat,mts_aggregate_1,2014,1092.204
cmr,sex_m,geo_cov_nat,mts_aggregate_2,2007,93.046
cmr,sex_m,geo_cov_nat,mts_aggregate_2,2014,203.57
cmr,sex_m,geo_cov_nat,mts_aggregate_total,2007,717.43
cmr,sex_m,geo_cov_nat,mts_aggregate_total,2014,1298.42
cmr,sex_m,geo_cov_nat,mts_aggregate_x,2007,0.477
cmr,sex_m,geo_cov_nat,mts_aggregate_x,2014,2.646
cmr,sex_m,geo_cov_nat,mts_details_mrd,2007,87.05
cmr,sex_m,geo_cov_nat,mts_details_mrd,2014,187.171
cmr,sex_m,geo_cov_nat,mts_details_sep,2007,5.366
cmr,sex_m,geo_cov_nat,mts_details_sep,2014,13.691
cmr,sex_m,geo_cov_nat,mts_details_sgle,2007,599.254
cmr,sex_m,geo_cov_nat,mts_details_sgle,2014,1051.788
cmr,sex_m,geo_cov_nat,mts_details_total,2007,717.43
cmr,sex_m,geo_cov_nat,mts_details_total,2014,1298.42
cmr,sex_m,geo_cov_nat,mts_details_union,2007,5.996
cmr,sex_m,geo_cov_nat,mts_details_union,2014,16.399
cmr,sex_m,geo_cov_nat,mts_details_wid,2007,19.287
cmr,sex_m,geo_cov_nat,mts_details_wid,2014,26.726
cmr,sex_m,geo_cov_nat,mts_details_x,2007,0.477
cmr,sex_m,geo_cov_nat,mts_details_x,2014,2.646
cmr,sex_m,geo_cov_rur,mts_aggregate_1,2007,250.43
cmr,sex_m,geo_cov_rur,mts_aggregate_1,2014,518.126
cmr,sex_m,geo_cov_rur,mts_aggregate_2,2007,45.495
cmr,sex_m,geo_cov_rur,mts_aggregate_2,2014,104.504
cmr,sex_m,geo_cov_rur,mts_aggregate_total,2007,295.925
cmr,sex_m,geo_cov_rur,mts_aggregate_total,2014,624.737
cmr,sex_m,geo_cov_rur,mts_aggregate_x,2014,2.107
cmr,sex_m,geo_cov_rur,mts_details_mrd,2007,44.426
cmr,sex_m,geo_cov_rur,mts_details_mrd,2014,102.723
cmr,sex_m,geo_cov_rur,mts_details_sep,2007,2.355
cmr,sex_m,geo_cov_rur,mts_details_sep,2014,6.364
cmr,sex_m,geo_cov_rur,mts_details_sgle,2007,232.592
cmr,sex_m,geo_cov_rur,mts_details_sgle,2014,496.742
cmr,sex_m,geo_cov_rur,mts_details_total,2007,295.925
cmr,sex_m,geo_cov_rur,mts_details_total,2014,624.737
cmr,sex_m,geo_cov_rur,mts_details_union,2007,1.069
cmr,sex_m,geo_cov_rur,mts_details_union,2014,1.78
cmr,sex_m,geo_cov_rur,mts_details_wid,2007,15.483
cmr,sex_m,geo_cov_rur,mts_details_wid,2014,15.02
cmr,sex_m,geo_cov_rur,mts_details_x,2014,2.107
cmr,sex_m,geo_cov_urb,mts_aggregate_1,2007,373.477
cmr,sex_m,geo_cov_urb,mts_aggregate_1,2014,574.078
cmr,sex_m,geo_cov_urb,mts_aggregate_2,2007,47.551
cmr,sex_m,geo_cov_urb,mts_aggregate_2,2014,99.067
cmr,sex_m,geo_cov_urb,mts_aggregate_total,2007,421.505
cmr,sex_m,geo_cov_urb,mts_aggregate_total,2014,673.684
cmr,sex_m,geo_cov_urb,mts_aggregate_x,2007,0.477
cmr,sex_m,geo_cov_urb,mts_details_mrd,2007,42.624
cmr,sex_m,geo_cov_urb,mts_details_mrd,2014,84.448
cmr,sex_m,geo_cov_urb,mts_details_sep,2007,3.011
cmr,sex_m,geo_cov_urb,mts_details_sep,2014,7.327
cmr,sex_m,geo_cov_urb,mts_details_sgle,2007,366.662
cmr,sex_m,geo_cov_urb,mts_details_sgle,2014,555.046
cmr,sex_m,geo_cov_urb,mts_details_total,2007,421.505
cmr,sex_m,geo_cov_urb,mts_details_total,2014,673.684
cmr,sex_m,geo_cov_urb,mts_details_union,2007,4.927
cmr,sex_m,geo_cov_urb,mts_details_union,2014,14.619
cmr,sex_m,geo_cov_urb,mts_details_wid,2007,3.804
cmr,sex_m,geo_cov_urb,mts_details_wid,2014,11.705
cmr,sex_m,geo_cov_urb,mts_details_x,2007,0.477
cmr,sex_t,geo_cov_nat,mts_aggregate_1,2007,1344.848
cmr,sex_t,geo_cov_nat,mts_aggregate_1,2014,2383.918
cmr,sex_t,geo_cov_nat,mts_aggregate_2,2007,544.64
cmr,sex_t,geo_cov_nat,mts_aggregate_2,2014,996.533
cmr,sex_t,geo_cov_nat,mts_aggregate_total,2007,1889.965
cmr,sex_t,geo_cov_nat,mts_aggregate_total,2014,3383.684
cmr,sex_t,geo_cov_nat,mts_aggregate_x,2007,0.477
cmr,sex_t,geo_cov_nat,mts_aggregate_x,2014,3.233
cmr,sex_t,geo_cov_nat,mts_details_mrd,2007,482.222
cmr,sex_t,geo_cov_nat,mts_details_mrd,2014,862.408
cmr,sex_t,geo_cov_nat,mts_details_sep,2007,29.024
cmr,sex_t,geo_cov_nat,mts_details_sep,2014,49.758
cmr,sex_t,geo_cov_nat,mts_details_sgle,2007,1162.633
cmr,sex_t,geo_cov_nat,mts_details_sgle,2014,2082.084
cmr,sex_t,geo_cov_nat,mts_details_total,2007,1889.965
cmr,sex_t,geo_cov_nat,mts_details_total,2014,3383.684
cmr,sex_t,geo_cov_nat,mts_details_union,2007,62.418
cmr,sex_t,geo_cov_nat,mts_details_union,2014,134.125
cmr,sex_t,geo_cov_nat,mts_details_wid,2007,153.191
cmr,sex_t,geo_cov_nat,mts_details_wid,2014,252.076
cmr,sex_t,geo_cov_nat,mts_details_x,2007,0.477
cmr,sex_t,geo_cov_nat,mts_details_x,2014,3.233
cmr,sex_t,geo_cov_rur,mts_aggregate_1,2007,514.758
cmr,sex_t,geo_cov_rur,mts_aggregate_1,2014,1064.208
cmr,sex_t,geo_cov_rur,mts_aggregate_2,2007,221.294
cmr,sex_t,geo_cov_rur,mts_aggregate_2,2014,501.361
cmr,sex_t,geo_cov_rur,mts_aggregate_total,2007,736.052
cmr,sex_t,geo_cov_rur,mts_aggregate_total,2014,1567.676
cmr,sex_t,geo_cov_rur,mts_aggregate_x,2014,2.107
cmr,sex_t,geo_cov_rur,mts_details_mrd,2007,208.862
cmr,sex_t,geo_cov_rur,mts_details_mrd,2014,469.539
cmr,sex_t,geo_cov_rur,mts_details_sep,2007,13.469
cmr,sex_t,geo_cov_rur,mts_details_sep,2014,26.403
cmr,sex_t,geo_cov_rur,mts_details_sgle,2007,411.669
cmr,sex_t,geo_cov_rur,mts_details_sgle,2014,896.199
cmr,sex_t,geo_cov_rur,mts_details_total,2007,736.052
cmr,sex_t,geo_cov_rur,mts_details_total,2014,1567.676
cmr,sex_t,geo_cov_rur,mts_details_union,2007,12.432
cmr,sex_t,geo_cov_rur,mts_details_union,2014,31.821
cmr,sex_t,geo_cov_rur,mts_details_wid,2007,89.62
cmr,sex_t,geo_cov_rur,mts_details_wid,2014,141.606
cmr,sex_t,geo_cov_rur,mts_details_x,2014,2.107
cmr,sex_t,geo_cov_urb,mts_aggregate_1,2007,830.09
cmr,sex_t,geo_cov_urb,mts_aggregate_1,2014,1319.709
cmr,sex_t,geo_cov_urb,mts_aggregate_2,2007,323.346
cmr,sex_t,geo_cov_urb,mts_aggregate_2,2014,495.172
cmr,sex_t,geo_cov_urb,mts_aggregate_total,2007,1153.913
cmr,sex_t,geo_cov_urb,mts_aggregate_total,2014,1816.008
cmr,sex_t,geo_cov_urb,mts_aggregate_x,2007,0.477
cmr,sex_t,geo_cov_urb,mts_details_mrd,2007,273.36
cmr,sex_t,geo_cov_urb,mts_details_mrd,2014,392.869
cmr,sex_t,geo_cov_urb,mts_details_sep,2007,15.555
cmr,sex_t,geo_cov_urb,mts_details_sep,2014,23.355
cmr,sex_t,geo_cov_urb,mts_details_sgle,2007,750.964
cmr,sex_t,geo_cov_urb,mts_details_sgle,2014,1185.884
cmr,sex_t,geo_cov_urb,mts_details_total,2007,1153.913
cmr,sex_t,geo_cov_urb,mts_details_total,2014,1816.008
cmr,sex_t,geo_cov_urb,mts_details_union,2007,49.986
cmr,sex_t,geo_cov_urb,mts_details_union,2014,102.304
cmr,sex_t,geo_cov_urb,mts_details_wid,2007,63.571
cmr,sex_t,geo_cov_urb,mts_details_wid,2014,110.47
cmr,sex_t,geo_cov_urb,mts_details_x,2007,0.477
cod,sex_f,geo_cov_nat,mts_aggregate_1,2005,2419.797
cod,sex_f,geo_cov_nat,mts_aggregate_1,2012,5172.963
cod,sex_f,geo_cov_nat,mts_aggregate_2,2005,1571.165
cod,sex_f,geo_cov_nat,mts_aggregate_2,2012,3252.301
cod,sex_f,geo_cov_nat,mts_aggregate_total,2005,3992.188
cod,sex_f,geo_cov_nat,mts_aggregate_total,2012,8448.036
cod,sex_f,geo_cov_nat,mts_aggregate_x,2005,1.226
cod,sex_f,geo_cov_nat,mts_aggregate_x,2012,22.772
cod,sex_f,geo_cov_nat,mts_details_mrd,2005,1467.619
cod,sex_f,geo_cov_nat,mts_details_mrd,2012,2828.785
cod,sex_f,geo_cov_nat,mts_details_sep,2005,82.893
cod,sex_f,geo_cov_nat,mts_details_sep,2012,331.174
cod,sex_f,geo_cov_nat,mts_details_sgle,2005,2000.852
cod,sex_f,geo_cov_nat,mts_details_sgle,2012,4082.191
cod,sex_f,geo_cov_nat,mts_details_total,2005,3992.188
cod,sex_f,geo_cov_nat,mts_details_total,2012,8448.036
cod,sex_f,geo_cov_nat,mts_details_union,2005,103.546
cod,sex_f,geo_cov_nat,mts_details_union,2012,423.516
cod,sex_f,geo_cov_nat,mts_details_wid,2005,336.051
cod,sex_f,geo_cov_nat,mts_details_wid,2012,759.599
cod,sex_f,geo_cov_nat,mts_details_x,2005,1.226
cod,sex_f,geo_cov_nat,mts_details_x,2012,22.772
cod,sex_f,geo_cov_rur,mts_aggregate_1,2005,1519.904
cod,sex_f,geo_cov_rur,mts_aggregate_1,2012,2068.907
cod,sex_f,geo_cov_rur,mts_aggregate_2,2005,919.702
cod,sex_f,geo_cov_rur,mts_aggregate_2,2012,1201.264
cod,sex_f,geo_cov_rur,mts_aggregate_total,2005,2440.832
cod,sex_f,geo_cov_rur,mts_aggregate_total,2012,3276.894
cod,sex_f,geo_cov_rur,mts_aggregate_x,2005,1.226
cod,sex_f,geo_cov_rur,mts_aggregate_x,2012,6.723
cod,sex_f,geo_cov_rur,mts_details_mrd,2005,851.999
cod,sex_f,geo_cov_rur,mts_details_mrd,2012,1051.356
cod,sex_f,geo_cov_rur,mts_details_sep,2005,54.801
cod,sex_f,geo_cov_rur,mts_details_sep,2012,138.724
cod,sex_f,geo_cov_rur,mts_details_sgle,2005,1241.702
cod,sex_f,geo_cov_rur,mts_details_sgle,2012,1606.391
cod,sex_f,geo_cov_rur,mts_details_total,2005,2440.832
cod,sex_f,geo_cov_rur,mts_details_total,2012,3276.894
cod,sex_f,geo_cov_rur,mts_details_union,2005,67.704
cod,sex_f,geo_cov_rur,mts_details_union,2012,149.908
cod,sex_f,geo_cov_rur,mts_details_wid,2005,223.401
cod,sex_f,geo_cov_rur,mts_details_wid,2012,323.792
cod,sex_f,geo_cov_rur,mts_details_x,2005,1.226
cod,sex_f,geo_cov_rur,mts_details_x,2012,6.723
cod,sex_f,geo_cov_urb,mts_aggregate_1,2005,899.893
cod,sex_f,geo_cov_urb,mts_aggregate_1,2012,3104.057
cod,sex_f,geo_cov_urb,mts_aggregate_2,2005,651.462
cod,sex_f,geo_cov_urb,mts_aggregate_2,2012,2051.037
cod,sex_f,geo_cov_urb,mts_aggregate_total,2005,1551.356
cod,sex_f,geo_cov_urb,mts_aggregate_total,2012,5171.143
cod,sex_f,geo_cov_urb,mts_aggregate_x,2012,16.049
cod,sex_f,geo_cov_urb,mts_details_mrd,2005,615.62
cod,sex_f,geo_cov_urb,mts_details_mrd,2012,1777.429
cod,sex_f,geo_cov_urb,mts_details_sep,2005,28.093
cod,sex_f,geo_cov_urb,mts_details_sep,2012,192.45
cod,sex_f,geo_cov_urb,mts_details_sgle,2005,759.15
cod,sex_f,geo_cov_urb,mts_details_sgle,2012,2475.8
cod,sex_f,geo_cov_urb,mts_details_total,2005,1551.356
cod,sex_f,geo_cov_urb,mts_details_total,2012,5171.143
cod,sex_f,geo_cov_urb,mts_details_union,2005,35.842
cod,sex_f,geo_cov_urb,mts_details_union,2012,273.608
cod,sex_f,geo_cov_urb,mts_details_wid,2005,112.651
cod,sex_f,geo_cov_urb,mts_details_wid,2012,435.807
cod,sex_f,geo_cov_urb,mts_details_x,2012,16.049
cod,sex_m,geo_cov_nat,mts_aggregate_1,2005,2995.559
cod,sex_m,geo_cov_nat,mts_aggregate_1,2012,5172.551
cod,sex_m,geo_cov_nat,mts_aggregate_2,2005,473.626
cod,sex_m,geo_cov_nat,mts_aggregate_2,2012,1110.258
cod,sex_m,geo_cov_nat,mts_aggregate_total,2005,3469.185
cod,sex_m,geo_cov_nat,mts_aggregate_total,2012,6316.081
cod,sex_m,geo_cov_nat,mts_aggregate_x,2012,33.273
cod,sex_m,geo_cov_nat,mts_details_mrd,2005,423.461
cod,sex_m,geo_cov_nat,mts_details_mrd,2012,1003.915
cod,sex_m,geo_cov_nat,mts_details_sep,2005,32.058
cod,sex_m,geo_cov_nat,mts_details_sep,2012,90.834
cod,sex_m,geo_cov_nat,mts_details_sgle,2005,2891.66
cod,sex_m,geo_cov_nat,mts_details_sgle,2012,4985.441
cod,sex_m,geo_cov_nat,mts_details_total,2005,3469.185
cod,sex_m,geo_cov_nat,mts_details_total,2012,6316.081
cod,sex_m,geo_cov_nat,mts_details_union,2005,50.165
cod,sex_m,geo_cov_nat,mts_details_union,2012,106.342
cod,sex_m,geo_cov_nat,mts_details_wid,2005,71.841
cod,sex_m,geo_cov_nat,mts_details_wid,2012,96.276
cod,sex_m,geo_cov_nat,mts_details_x,2012,33.273
cod,sex_m,geo_cov_rur,mts_aggregate_1,2005,2178.798
cod,sex_m,geo_cov_rur,mts_aggregate_1,2012,2424.766
cod,sex_m,geo_cov_rur,mts_aggregate_2,2005,287.481
cod,sex_m,geo_cov_rur,mts_aggregate_2,2012,532.434
cod,sex_m,geo_cov_rur,mts_aggregate_total,2005,2466.279
cod,sex_m,geo_cov_rur,mts_aggregate_total,2012,2975.079
cod,sex_m,geo_cov_rur,mts_aggregate_x,2012,17.879
cod,sex_m,geo_cov_rur,mts_details_mrd,2005,248.751
cod,sex_m,geo_cov_rur,mts_details_mrd,2012,478.666
cod,sex_m,geo_cov_rur,mts_details_sep,2005,20.644
cod,sex_m,geo_cov_rur,mts_details_sep,2012,38.654
cod,sex_m,geo_cov_rur,mts_details_sgle,2005,2098.72
cod,sex_m,geo_cov_rur,mts_details_sgle,2012,2339.964
cod,sex_m,geo_cov_rur,mts_details_total,2005,2466.279
cod,sex_m,geo_cov_rur,mts_details_total,2012,2975.079
cod,sex_m,geo_cov_rur,mts_details_union,2005,38.73
cod,sex_m,geo_cov_rur,mts_details_union,2012,53.768
cod,sex_m,geo_cov_rur,mts_details_wid,2005,59.434
cod,sex_m,geo_cov_rur,mts_details_wid,2012,46.148
cod,sex_m,geo_cov_rur,mts_details_x,2012,17.879
cod,sex_m,geo_cov_urb,mts_aggregate_1,2005,816.761
cod,sex_m,geo_cov_urb,mts_aggregate_1,2012,2747.785
cod,sex_m,geo_cov_urb,mts_aggregate_2,2005,186.145
cod,sex_m,geo_cov_urb,mts_aggregate_2,2012,577.824
cod,sex_m,geo_cov_urb,mts_aggregate_total,2005,1002.906
cod,sex_m,geo_cov_urb,mts_aggregate_total,2012,3341.003
cod,sex_m,geo_cov_urb,mts_aggregate_x,2012,15.394
cod,sex_m,geo_cov_urb,mts_details_mrd,2005,174.71
cod,sex_m,geo_cov_urb,mts_details_mrd,2012,525.249
cod,sex_m,geo_cov_urb,mts_details_sep,2005,11.414
cod,sex_m,geo_cov_urb,mts_details_sep,2012,52.18
cod,sex_m,geo_cov_urb,mts_details_sgle,2005,792.941
cod,sex_m,geo_cov_urb,mts_details_sgle,2012,2645.477
cod,sex_m,geo_cov_urb,mts_details_total,2005,1002.906
cod,sex_m,geo_cov_urb,mts_details_total,2012,3341.003
cod,sex_m,geo_cov_urb,mts_details_union,2005,11.435
cod,sex_m,geo_cov_urb,mts_details_union,2012,52.574
cod,sex_m,geo_cov_urb,mts_details_wid,2005,12.406
cod,sex_m,geo_cov_urb,mts_details_wid,2012,50.128
cod,sex_m,geo_cov_urb,mts_details_x,2012,15.394
cod,sex_t,geo_cov_nat,mts_aggregate_1,2005,5415.356
cod,sex_t,geo_cov_nat,mts_aggregate_1,2012,10345.514
cod,sex_t,geo_cov_nat,mts_aggregate_2,2005,2044.791
cod,sex_t,geo_cov_nat,mts_aggregate_2,2012,4362.559
cod,sex_t,geo_cov_nat,mts_aggregate_total,2005,7461.373
cod,sex_t,geo_cov_nat,mts_aggregate_total,2012,14764.117
cod,sex_t,geo_cov_nat,mts_aggregate_x,2005,1.226
cod,sex_t,geo_cov_nat,mts_aggregate_x,2012,56.044
cod,sex_t,geo_cov_nat,mts_details_mrd,2005,1891.08
cod,sex_t,geo_cov_nat,mts_details_mrd,2012,3832.7
cod,sex_t,geo_cov_nat,mts_details_sep,2005,114.952
cod,sex_t,geo_cov_nat,mts_details_sep,2012,422.007
cod,sex_t,geo_cov_nat,mts_details_sgle,2005,4892.513
cod,sex_t,geo_cov_nat,mts_details_sgle,2012,9067.632
cod,sex_t,geo_cov_nat,mts_details_total,2005,7461.373
cod,sex_t,geo_cov_nat,mts_details_total,2012,14764.117
cod,sex_t,geo_cov_nat,mts_details_union,2005,153.711
cod,sex_t,geo_cov_nat,mts_details_union,2012,529.859
cod,sex_t,geo_cov_nat,mts_details_wid,2005,407.892
cod,sex_t,geo_cov_nat,mts_details_wid,2012,855.875
cod,sex_t,geo_cov_nat,mts_details_x,2005,1.226
cod,sex_t,geo_cov_nat,mts_details_x,2012,56.044
cod,sex_t,geo_cov_rur,mts_aggregate_1,2005,3698.702
cod,sex_t,geo_cov_rur,mts_aggregate_1,2012,4493.672
cod,sex_t,geo_cov_rur,mts_aggregate_2,2005,1207.183
cod,sex_t,geo_cov_rur,mts_aggregate_2,2012,1733.698
cod,sex_t,geo_cov_rur,mts_aggregate_total,2005,4907.111
cod,sex_t,geo_cov_rur,mts_aggregate_total,2012,6251.972
cod,sex_t,geo_cov_rur,mts_aggregate_x,2005,1.226
cod,sex_t,geo_cov_rur,mts_aggregate_x,2012,24.601
cod,sex_t,geo_cov_rur,mts_details_mrd,2005,1100.749
cod,sex_t,geo_cov_rur,mts_details_mrd,2012,1530.022
cod,sex_t,geo_cov_rur,mts_details_sep,2005,75.445
cod,sex_t,geo_cov_rur,mts_details_sep,2012,177.377
cod,sex_t,geo_cov_rur,mts_details_sgle,2005,3340.422
cod,sex_t,geo_cov_rur,mts_details_sgle,2012,3946.355
cod,sex_t,geo_cov_rur,mts_details_total,2005,4907.111
cod,sex_t,geo_cov_rur,mts_details_total,2012,6251.972
cod,sex_t,geo_cov_rur,mts_details_union,2005,106.434
cod,sex_t,geo_cov_rur,mts_details_union,2012,203.677
cod,sex_t,geo_cov_rur,mts_details_wid,2005,282.835
cod,sex_t,geo_cov_rur,mts_details_wid,2012,369.94
cod,sex_t,geo_cov_rur,mts_details_x,2005,1.226
cod,sex_t,geo_cov_rur,mts_details_x,2012,24.601
cod,sex_t,geo_cov_urb,mts_aggregate_1,2005,1716.655
cod,sex_t,geo_cov_urb,mts_aggregate_1,2012,5851.842
cod,sex_t,geo_cov_urb,mts_aggregate_2,2005,837.608
cod,sex_t,geo_cov_urb,mts_aggregate_2,2012,2628.86
cod,sex_t,geo_cov_urb,mts_aggregate_total,2005,2554.262
cod,sex_t,geo_cov_urb,mts_aggregate_total,2012,8512.145
cod,sex_t,geo_cov_urb,mts_aggregate_x,2012,31.443
cod,sex_t,geo_cov_urb,mts_details_mrd,2005,790.33
cod,sex_t,geo_cov_urb,mts_details_mrd,2012,2302.678
cod,sex_t,geo_cov_urb,mts_details_sep,2005,39.507
cod,sex_t,geo_cov_urb,mts_details_sep,2012,244.63
cod,sex_t,geo_cov_urb,mts_details_sgle,2005,1552.091
cod,sex_t,geo_cov_urb,mts_details_sgle,2012,5121.277
cod,sex_t,geo_cov_urb,mts_details_total,2005,2554.262
cod,sex_t,geo_cov_urb,mts_details_total,2012,8512.145
cod,sex_t,geo_cov_urb,mts_details_union,2005,47.277
cod,sex_t,geo_cov_urb,mts_details_union,2012,326.182
cod,sex_t,geo_cov_urb,mts_details_wid,2005,125.057
cod,sex_t,geo_cov_urb,mts_details_wid,2012,485.935
cod,sex_t,geo_cov_urb,mts_details_x,2012,31.443
cog,sex_f,geo_cov_nat,mts_aggregate_1,2005,272.39
cog,sex_f,geo_cov_nat,mts_aggregate_2,2005,105.589
cog,sex_f,geo_cov_nat,mts_aggregate_total,2005,377.979
cog,sex_f,geo_cov_rur,mts_aggregate_1,2005,66.182
cog,sex_f,geo_cov_rur,mts_aggregate_2,2005,26.445
cog,sex_f,geo_cov_rur,mts_aggregate_total,2005,92.627
cog,sex_f,geo_cov_urb,mts_aggregate_1,2005,206.208
cog,sex_f,geo_cov_urb,mts_aggregate_2,2005,79.144
cog,sex_f,geo_cov_urb,mts_aggregate_total,2005,285.352
cog,sex_m,geo_cov_nat,mts_aggregate_1,2005,247.949
cog,sex_m,geo_cov_nat,mts_aggregate_2,2005,67.401
cog,sex_m,geo_cov_nat,mts_aggregate_total,2005,315.35
cog,sex_m,geo_cov_rur,mts_aggregate_1,2005,68.522
cog,sex_m,geo_cov_rur,mts_aggregate_2,2005,18.206
cog,sex_m,geo_cov_rur,mts_aggregate_total,2005,86.729
cog,sex_m,geo_cov_urb,mts_aggregate_1,2005,179.426
cog,sex_m,geo_cov_urb,mts_aggregate_2,2005,49.195
cog,sex_m,geo_cov_urb,mts_aggregate_total,2005,228.621
cog,sex_t,geo_cov_nat,mts_aggregate_1,2005,520.338
cog,sex_t,geo_cov_nat,mts_aggregate_2,2005,172.99
cog,sex_t,geo_cov_nat,mts_aggregate_total,2005,693.328
cog,sex_t,geo_cov_rur,mts_aggregate_1,2005,134.704
cog,sex_t,geo_cov_rur,mts_aggregate_2,2005,44.651
cog,sex_t,geo_cov_rur,mts_aggregate_total,2005,179.355
cog,sex_t,geo_cov_urb,mts_aggregate_1,2005,385.634
cog,sex_t,geo_cov_urb,mts_aggregate_2,2005,128.339
cog,sex_t,geo_cov_urb,mts_aggregate_total,2005,513.973
col,sex_f,geo_cov_nat,mts_aggregate_1,2002,3036.671
col,sex_f,geo_cov_nat,mts_aggregate_1,2003,3028.986
col,sex_f,geo_cov_nat,mts_aggregate_1,2004,3220.88
col,sex_f,geo_cov_nat,mts_aggregate_1,2005,3336.016
col,sex_f,geo_cov_nat,mts_aggregate_1,2007,5227.15
col,sex_f,geo_cov_nat,mts_aggregate_1,2008,3629.388
col,sex_f,geo_cov_nat,mts_aggregate_1,2009,3452.476
col,sex_f,geo_cov_nat,mts_aggregate_1,2010,3448.433
col,sex_f,geo_cov_nat,mts_aggregate_1,2011,3464.641
col,sex_f,geo_cov_nat,mts_aggregate_1,2012,3396.739
col,sex_f,geo_cov_nat,mts_aggregate_1,2013,3505.107
col,sex_f,geo_cov_nat,mts_aggregate_1,2014,3566.247
col,sex_f,geo_cov_nat,mts_aggregate_1,2015,3623.712
col,sex_f,geo_cov_nat,mts_aggregate_1,2016,3715.861
col,sex_f,geo_cov_nat,mts_aggregate_1,2017,3754.477
col,sex_f,geo_cov_nat,mts_aggregate_1,2018,3893.35
col,sex_f,geo_cov_nat,mts_aggregate_1,2019,4009.258
col,sex_f,geo_cov_nat,mts_aggregate_1,2021,4494.73
col,sex_f,geo_cov_nat,mts_aggregate_2,2002,3681.807
col,sex_f,geo_cov_nat,mts_aggregate_2,2003,3601.727
col,sex_f,geo_cov_nat,mts_aggregate_2,2004,3816.172
col,sex_f,geo_cov_nat,mts_aggregate_2,2005,3926.902
col,sex_f,geo_cov_nat,mts_aggregate_2,2007,2619.704
col,sex_f,geo_cov_nat,mts_aggregate_2,2008,4262.283
col,sex_f,geo_cov_nat,mts_aggregate_2,2009,4014.307
col,sex_f,geo_cov_nat,mts_aggregate_2,2010,3816.13
col,sex_f,geo_cov_nat,mts_aggregate_2,2011,3795.263
col,sex_f,geo_cov_nat,mts_aggregate_2,2012,3726.029
col,sex_f,geo_cov_nat,mts_aggregate_2,2013,3764.183
col,sex_f,geo_cov_nat,mts_aggregate_2,2014,3808.608
col,sex_f,geo_cov_nat,mts_aggregate_2,2015,3782.35
col,sex_f,geo_cov_nat,mts_aggregate_2,2016,3868.357
col,sex_f,geo_cov_nat,mts_aggregate_2,2017,3963.388
col,sex_f,geo_cov_nat,mts_aggregate_2,2018,4074.023
col,sex_f,geo_cov_nat,mts_aggregate_2,2019,4254.486
col,sex_f,geo_cov_nat,mts_aggregate_2,2021,4813.234
col,sex_f,geo_cov_nat,mts_aggregate_total,2002,6718.478
col,sex_f,geo_cov_nat,mts_aggregate_total,2003,6630.714
col,sex_f,geo_cov_nat,mts_aggregate_total,2004,7037.051
col,sex_f,geo_cov_nat,mts_aggregate_total,2005,7262.918
col,sex_f,geo_cov_nat,mts_aggregate_total,2007,7846.854
col,sex_f,geo_cov_nat,mts_aggregate_total,2008,7891.672
col,sex_f,geo_cov_nat,mts_aggregate_total,2009,7466.783
col,sex_f,geo_cov_nat,mts_aggregate_total,2010,7264.563
col,sex_f,geo_cov_nat,mts_aggregate_total,2011,7259.904
col,sex_f,geo_cov_nat,mts_aggregate_total,2012,7122.768
col,sex_f,geo_cov_nat,mts_aggregate_total,2013,7269.29
col,sex_f,geo_cov_nat,mts_aggregate_total,2014,7374.855
col,sex_f,geo_cov_nat,mts_aggregate_total,2015,7406.063
col,sex_f,geo_cov_nat,mts_aggregate_total,2016,7584.219
col,sex_f,geo_cov_nat,mts_aggregate_total,2017,7717.864
col,sex_f,geo_cov_nat,mts_aggregate_total,2018,7967.373
col,sex_f,geo_cov_nat,mts_aggregate_total,2019,8263.745
col,sex_f,geo_cov_nat,mts_aggregate_total,2021,9307.964
col,sex_f,geo_cov_nat,mts_details_mrd,2002,2038.855
col,sex_f,geo_cov_nat,mts_details_mrd,2003,1950.864
col,sex_f,geo_cov_nat,mts_details_mrd,2004,2030.287
col,sex_f,geo_cov_nat,mts_details_mrd,2005,2054.705
col,sex_f,geo_cov_nat,mts_details_mrd,2007,544.312
col,sex_f,geo_cov_nat,mts_details_mrd,2008,2094.031
col,sex_f,geo_cov_nat,mts_details_mrd,2009,1892.746
col,sex_f,geo_cov_nat,mts_details_mrd,2010,1802.712
col,sex_f,geo_cov_nat,mts_details_mrd,2011,1762.694
col,sex_f,geo_cov_nat,mts_details_mrd,2012,1706.941
col,sex_f,geo_cov_nat,mts_details_mrd,2013,1709.686
col,sex_f,geo_cov_nat,mts_details_mrd,2014,1708.934
col,sex_f,geo_cov_nat,mts_details_mrd,2015,1679.001
col,sex_f,geo_cov_nat,mts_details_mrd,2016,1742.969
col,sex_f,geo_cov_nat,mts_details_mrd,2017,1791.962
col,sex_f,geo_cov_nat,mts_details_mrd,2018,1755.583
col,sex_f,geo_cov_nat,mts_details_mrd,2019,1836.022
col,sex_f,geo_cov_nat,mts_details_mrd,2021,1979.019
col,sex_f,geo_cov_nat,mts_details_sep,2002,460.369
col,sex_f,geo_cov_nat,mts_details_sep,2003,471.838
col,sex_f,geo_cov_nat,mts_details_sep,2004,489.331
col,sex_f,geo_cov_nat,mts_details_sep,2005,523.199
col,sex_f,geo_cov_nat,mts_details_sep,2007,885.052
col,sex_f,geo_cov_nat,mts_details_sep,2008,563.741
col,sex_f,geo_cov_nat,mts_details_sep,2009,550.594
col,sex_f,geo_cov_nat,mts_details_sep,2010,585.408
col,sex_f,geo_cov_nat,mts_details_sep,2011,604.354
col,sex_f,geo_cov_nat,mts_details_sep,2012,605.59
col,sex_f,geo_cov_nat,mts_details_sep,2013,656.582
col,sex_f,geo_cov_nat,mts_details_sep,2014,667.108
col,sex_f,geo_cov_nat,mts_details_sep,2015,705.967
col,sex_f,geo_cov_nat,mts_details_sep,2016,736.292
col,sex_f,geo_cov_nat,mts_details_sep,2017,768.59
col,sex_f,geo_cov_nat,mts_details_sep,2018,777.175
col,sex_f,geo_cov_nat,mts_details_sep,2019,848.074
col,sex_f,geo_cov_nat,mts_details_sep,2021,986.248
col,sex_f,geo_cov_nat,mts_details_sgle,2002,1776.727
col,sex_f,geo_cov_nat,mts_details_sgle,2003,1735.288
col,sex_f,geo_cov_nat,mts_details_sgle,2004,1917.156
col,sex_f,geo_cov_nat,mts_details_sgle,2005,1967.176
col,sex_f,geo_cov_nat,mts_details_sgle,2007,2148.006
col,sex_f,geo_cov_nat,mts_details_sgle,2008,2153.667
col,sex_f,geo_cov_nat,mts_details_sgle,2009,2027.459
col,sex_f,geo_cov_nat,mts_details_sgle,2010,1976.452
col,sex_f,geo_cov_nat,mts_details_sgle,2011,1962.238
col,sex_f,geo_cov_nat,mts_details_sgle,2012,1898.779
col,sex_f,geo_cov_nat,mts_details_sgle,2013,1941.721
col,sex_f,geo_cov_nat,mts_details_sgle,2014,1976.979
col,sex_f,geo_cov_nat,mts_details_sgle,2015,1970.477
col,sex_f,geo_cov_nat,mts_details_sgle,2016,2013.921
col,sex_f,geo_cov_nat,mts_details_sgle,2017,2005.704
col,sex_f,geo_cov_nat,mts_details_sgle,2018,2099.197
col,sex_f,geo_cov_nat,mts_details_sgle,2019,2122.877
col,sex_f,geo_cov_nat,mts_details_sgle,2021,2363.916
col,sex_f,geo_cov_nat,mts_details_total,2002,6718.478
col,sex_f,geo_cov_nat,mts_details_total,2003,6630.714
col,sex_f,geo_cov_nat,mts_details_total,2004,7037.051
col,sex_f,geo_cov_nat,mts_details_total,2005,7262.918
col,sex_f,geo_cov_nat,mts_details_total,2007,7846.854
col,sex_f,geo_cov_nat,mts_details_total,2008,7891.672
col,sex_f,geo_cov_nat,mts_details_total,2009,7466.783
col,sex_f,geo_cov_nat,mts_details_total,2010,7264.563
col,sex_f,geo_cov_nat,mts_details_total,2011,7259.904
col,sex_f,geo_cov_nat,mts_details_total,2012,7122.768
col,sex_f,geo_cov_nat,mts_details_total,2013,7269.29
col,sex_f,geo_cov_nat,mts_details_total,2014,7374.855
col,sex_f,geo_cov_nat,mts_details_total,2015,7406.063
col,sex_f,geo_cov_nat,mts_details_total,2016,7584.219
col,sex_f,geo_cov_nat,mts_details_total,2017,7717.864
col,sex_f,geo_cov_nat,mts_details_total,2018,7967.373
col,sex_f,geo_cov_nat,mts_details_total,2019,8263.745
col,sex_f,geo_cov_nat,mts_details_total,2021,9307.964
col,sex_f,geo_cov_nat,mts_details_union,2002,1642.952
col,sex_f,geo_cov_nat,mts_details_union,2003,1650.864
col,sex_f,geo_cov_nat,mts_details_union,2004,1785.885
col,sex_f,geo_cov_nat,mts_details_union,2005,1872.198
col,sex_f,geo_cov_nat,mts_details_union,2007,2075.393
col,sex_f,geo_cov_nat,mts_details_union,2008,2168.252
col,sex_f,geo_cov_nat,mts_details_union,2009,2121.561
col,sex_f,geo_cov_nat,mts_details_union,2010,2013.418
col,sex_f,geo_cov_nat,mts_details_union,2011,2032.569
col,sex_f,geo_cov_nat,mts_details_union,2012,2019.089
col,sex_f,geo_cov_nat,mts_details_union,2013,2054.498
col,sex_f,geo_cov_nat,mts_details_union,2014,2099.674
col,sex_f,geo_cov_nat,mts_details_union,2015,2103.349
col,sex_f,geo_cov_nat,mts_details_union,2016,2125.388
col,sex_f,geo_cov_nat,mts_details_union,2017,2171.426
col,sex_f,geo_cov_nat,mts_details_union,2018,2318.439
col,sex_f,geo_cov_nat,mts_details_union,2019,2418.465
col,sex_f,geo_cov_nat,mts_details_union,2021,2834.215
col,sex_f,geo_cov_nat,mts_details_wid,2002,799.576
col,sex_f,geo_cov_nat,mts_details_wid,2003,821.86
col,sex_f,geo_cov_nat,mts_details_wid,2004,814.393
col,sex_f,geo_cov_nat,mts_details_wid,2005,845.642
col,sex_f,geo_cov_nat,mts_details_wid,2007,2194.092
col,sex_f,geo_cov_nat,mts_details_wid,2008,911.981
col,sex_f,geo_cov_nat,mts_details_wid,2009,874.423
col,sex_f,geo_cov_nat,mts_details_wid,2010,886.572
col,sex_f,geo_cov_nat,mts_details_wid,2011,898.049
col,sex_f,geo_cov_nat,mts_details_wid,2012,892.37
col,sex_f,geo_cov_nat,mts_details_wid,2013,906.803
col,sex_f,geo_cov_nat,mts_details_wid,2014,922.16
col,sex_f,geo_cov_nat,mts_details_wid,2015,947.269
col,sex_f,geo_cov_nat,mts_details_wid,2016,965.648
col,sex_f,geo_cov_nat,mts_details_wid,2017,980.183
col,sex_f,geo_cov_nat,mts_details_wid,2018,1016.978
col,sex_f,geo_cov_nat,mts_details_wid,2019,1038.308
col,sex_f,geo_cov_nat,mts_details_wid,2021,1144.567
col,sex_f,geo_cov_rur,mts_aggregate_1,2002,615.742
col,sex_f,geo_cov_rur,mts_aggregate_1,2003,587.004
col,sex_f,geo_cov_rur,mts_aggregate_1,2004,622.384
col,sex_f,geo_cov_rur,mts_aggregate_1,2005,654.104
col,sex_f,geo_cov_rur,mts_aggregate_1,2007,1248.004
col,sex_f,geo_cov_rur,mts_aggregate_1,2008,706.822
col,sex_f,geo_cov_rur,mts_aggregate_1,2009,670.041
col,sex_f,geo_cov_rur,mts_aggregate_1,2010,647.804
col,sex_f,geo_cov_rur,mts_aggregate_1,2011,669.06
col,sex_f,geo_cov_rur,mts_aggregate_1,2012,629.526
col,sex_f,geo_cov_rur,mts_aggregate_1,2013,641.769
col,sex_f,geo_cov_rur,mts_aggregate_1,2014,659.141
col,sex_f,geo_cov_rur,mts_aggregate_1,2015,650.712
col,sex_f,geo_cov_rur,mts_aggregate_1,2016,646.877
col,sex_f,geo_cov_rur,mts_aggregate_1,2017,639.914
col,sex_f,geo_cov_rur,mts_aggregate_1,2018,655.182
col,sex_f,geo_cov_rur,mts_aggregate_1,2019,690.368
col,sex_f,geo_cov_rur,mts_aggregate_1,2021,796.573
col,sex_f,geo_cov_rur,mts_aggregate_2,2002,1225.564
col,sex_f,geo_cov_rur,mts_aggregate_2,2003,1186.395
col,sex_f,geo_cov_rur,mts_aggregate_2,2004,1214.821
col,sex_f,geo_cov_rur,mts_aggregate_2,2005,1287.798
col,sex_f,geo_cov_rur,mts_aggregate_2,2007,909.209
col,sex_f,geo_cov_rur,mts_aggregate_2,2008,1441.938
col,sex_f,geo_cov_rur,mts_aggregate_2,2009,1319.372
col,sex_f,geo_cov_rur,mts_aggregate_2,2010,1240.116
col,sex_f,geo_cov_rur,mts_aggregate_2,2011,1248.125
col,sex_f,geo_cov_rur,mts_aggregate_2,2012,1192.955
col,sex_f,geo_cov_rur,mts_aggregate_2,2013,1214.347
col,sex_f,geo_cov_rur,mts_aggregate_2,2014,1220.388
col,sex_f,geo_cov_rur,mts_aggregate_2,2015,1196.19
col,sex_f,geo_cov_rur,mts_aggregate_2,2016,1209.092
col,sex_f,geo_cov_rur,mts_aggregate_2,2017,1211.429
col,sex_f,geo_cov_rur,mts_aggregate_2,2018,1256.997
col,sex_f,geo_cov_rur,mts_aggregate_2,2019,1355.911
col,sex_f,geo_cov_rur,mts_aggregate_2,2021,1508.804
col,sex_f,geo_cov_rur,mts_aggregate_total,2002,1841.306
col,sex_f,geo_cov_rur,mts_aggregate_total,2003,1773.398
col,sex_f,geo_cov_rur,mts_aggregate_total,2004,1837.205
col,sex_f,geo_cov_rur,mts_aggregate_total,2005,1941.901
col,sex_f,geo_cov_rur,mts_aggregate_total,2007,2157.213
col,sex_f,geo_cov_rur,mts_aggregate_total,2008,2148.76
col,sex_f,geo_cov_rur,mts_aggregate_total,2009,1989.413
col,sex_f,geo_cov_rur,mts_aggregate_total,2010,1887.92
col,sex_f,geo_cov_rur,mts_aggregate_total,2011,1917.185
col,sex_f,geo_cov_rur,mts_aggregate_total,2012,1822.481
col,sex_f,geo_cov_rur,mts_aggregate_total,2013,1856.116
col,sex_f,geo_cov_rur,mts_aggregate_total,2014,1879.528
col,sex_f,geo_cov_rur,mts_aggregate_total,2015,1846.902
col,sex_f,geo_cov_rur,mts_aggregate_total,2016,1855.969
col,sex_f,geo_cov_rur,mts_aggregate_total,2017,1851.343
col,sex_f,geo_cov_rur,mts_aggregate_total,2018,1912.18
col,sex_f,geo_cov_rur,mts_aggregate_total,2019,2046.278
col,sex_f,geo_cov_rur,mts_aggregate_total,2021,2305.376
col,sex_f,geo_cov_rur,mts_details_mrd,2002,579.335
col,sex_f,geo_cov_rur,mts_details_mrd,2003,547.081
col,sex_f,geo_cov_rur,mts_details_mrd,2004,544.006
col,sex_f,geo_cov_rur,mts_details_mrd,2005,549.88
col,sex_f,geo_cov_rur,mts_details_mrd,2007,82.084
col,sex_f,geo_cov_rur,mts_details_mrd,2008,581.698
col,sex_f,geo_cov_rur,mts_details_mrd,2009,517.959
col,sex_f,geo_cov_rur,mts_details_mrd,2010,483.001
col,sex_f,geo_cov_rur,mts_details_mrd,2011,470.304
col,sex_f,geo_cov_rur,mts_details_mrd,2012,449.207
col,sex_f,geo_cov_rur,mts_details_mrd,2013,435.913
col,sex_f,geo_cov_rur,mts_details_mrd,2014,445.968
col,sex_f,geo_cov_rur,mts_details_mrd,2015,419.7
col,sex_f,geo_cov_rur,mts_details_mrd,2016,432.555
col,sex_f,geo_cov_rur,mts_details_mrd,2017,440.425
col,sex_f,geo_cov_rur,mts_details_mrd,2018,421.374
col,sex_f,geo_cov_rur,mts_details_mrd,2019,442.828
col,sex_f,geo_cov_rur,mts_details_mrd,2021,476.239
col,sex_f,geo_cov_rur,mts_details_sep,2002,88.105
col,sex_f,geo_cov_rur,mts_details_sep,2003,81.375
col,sex_f,geo_cov_rur,mts_details_sep,2004,86.522
col,sex_f,geo_cov_rur,mts_details_sep,2005,87.638
col,sex_f,geo_cov_rur,mts_details_sep,2007,165.365
col,sex_f,geo_cov_rur,mts_details_sep,2008,93.436
col,sex_f,geo_cov_rur,mts_details_sep,2009,87.708
col,sex_f,geo_cov_rur,mts_details_sep,2010,92.671
col,sex_f,geo_cov_rur,mts_details_sep,2011,98.555
col,sex_f,geo_cov_rur,mts_details_sep,2012,97.126
col,sex_f,geo_cov_rur,mts_details_sep,2013,102.828
col,sex_f,geo_cov_rur,mts_details_sep,2014,109.008
col,sex_f,geo_cov_rur,mts_details_sep,2015,100.365
col,sex_f,geo_cov_rur,mts_details_sep,2016,114.737
col,sex_f,geo_cov_rur,mts_details_sep,2017,111.902
col,sex_f,geo_cov_rur,mts_details_sep,2018,113.309
col,sex_f,geo_cov_rur,mts_details_sep,2019,136.474
col,sex_f,geo_cov_rur,mts_details_sep,2021,172.04
col,sex_f,geo_cov_rur,mts_details_sgle,2002,378.859
col,sex_f,geo_cov_rur,mts_details_sgle,2003,347.889
col,sex_f,geo_cov_rur,mts_details_sgle,2004,380.792
col,sex_f,geo_cov_rur,mts_details_sgle,2005,410.612
col,sex_f,geo_cov_rur,mts_details_sgle,2007,614.002
col,sex_f,geo_cov_rur,mts_details_sgle,2008,433.921
col,sex_f,geo_cov_rur,mts_details_sgle,2009,417.123
col,sex_f,geo_cov_rur,mts_details_sgle,2010,388.527
col,sex_f,geo_cov_rur,mts_details_sgle,2011,397.492
col,sex_f,geo_cov_rur,mts_details_sgle,2012,367.752
col,sex_f,geo_cov_rur,mts_details_sgle,2013,373.888
col,sex_f,geo_cov_rur,mts_details_sgle,2014,385.079
col,sex_f,geo_cov_rur,mts_details_sgle,2015,379.745
col,sex_f,geo_cov_rur,mts_details_sgle,2016,365.323
col,sex_f,geo_cov_rur,mts_details_sgle,2017,367.864
col,sex_f,geo_cov_rur,mts_details_sgle,2018,368.89
col,sex_f,geo_cov_rur,mts_details_sgle,2019,376.428
col,sex_f,geo_cov_rur,mts_details_sgle,2021,433.949
col,sex_f,geo_cov_rur,mts_details_total,2002,1841.306
col,sex_f,geo_cov_rur,mts_details_total,2003,1773.398
col,sex_f,geo_cov_rur,mts_details_total,2004,1837.205
col,sex_f,geo_cov_rur,mts_details_total,2005,1941.901
col,sex_f,geo_cov_rur,mts_details_total,2007,2157.213
col,sex_f,geo_cov_rur,mts_details_total,2008,2148.76
col,sex_f,geo_cov_rur,mts_details_total,2009,1989.413
col,sex_f,geo_cov_rur,mts_details_total,2010,1887.92
col,sex_f,geo_cov_rur,mts_details_total,2011,1917.185
col,sex_f,geo_cov_rur,mts_details_total,2012,1822.481
col,sex_f,geo_cov_rur,mts_details_total,2013,1856.116
col,sex_f,geo_cov_rur,mts_details_total,2014,1879.528
col,sex_f,geo_cov_rur,mts_details_total,2015,1846.902
col,sex_f,geo_cov_rur,mts_details_total,2016,1855.969
col,sex_f,geo_cov_rur,mts_details_total,2017,1851.343
col,sex_f,geo_cov_rur,mts_details_total,2018,1912.18
col,sex_f,geo_cov_rur,mts_details_total,2019,2046.278
col,sex_f,geo_cov_rur,mts_details_total,2021,2305.376
col,sex_f,geo_cov_rur,mts_details_union,2002,646.229
col,sex_f,geo_cov_rur,mts_details_union,2003,639.314
col,sex_f,geo_cov_rur,mts_details_union,2004,670.815
col,sex_f,geo_cov_rur,mts_details_union,2005,737.918
col,sex_f,geo_cov_rur,mts_details_union,2007,827.125
col,sex_f,geo_cov_rur,mts_details_union,2008,860.24
col,sex_f,geo_cov_rur,mts_details_union,2009,801.412
col,sex_f,geo_cov_rur,mts_details_union,2010,757.115
col,sex_f,geo_cov_rur,mts_details_union,2011,777.821
col,sex_f,geo_cov_rur,mts_details_union,2012,743.748
col,sex_f,geo_cov_rur,mts_details_union,2013,778.434
col,sex_f,geo_cov_rur,mts_details_union,2014,774.419
col,sex_f,geo_cov_rur,mts_details_union,2015,776.49
col,sex_f,geo_cov_rur,mts_details_union,2016,776.536
col,sex_f,geo_cov_rur,mts_details_union,2017,771.004
col,sex_f,geo_cov_rur,mts_details_union,2018,835.623
col,sex_f,geo_cov_rur,mts_details_union,2019,913.082
col,sex_f,geo_cov_rur,mts_details_union,2021,1032.565
col,sex_f,geo_cov_rur,mts_details_wid,2002,148.777
col,sex_f,geo_cov_rur,mts_details_wid,2003,157.74
col,sex_f,geo_cov_rur,mts_details_wid,2004,155.07
col,sex_f,geo_cov_rur,mts_details_wid,2005,155.854
col,sex_f,geo_cov_rur,mts_details_wid,2007,468.637
col,sex_f,geo_cov_rur,mts_details_wid,2008,179.466
col,sex_f,geo_cov_rur,mts_details_wid,2009,165.211
col,sex_f,geo_cov_rur,mts_details_wid,2010,166.606
col,sex_f,geo_cov_rur,mts_details_wid,2011,173.013
col,sex_f,geo_cov_rur,mts_details_wid,2012,164.649
col,sex_f,geo_cov_rur,mts_details_wid,2013,165.053
col,sex_f,geo_cov_rur,mts_details_wid,2014,165.053
col,sex_f,geo_cov_rur,mts_details_wid,2015,170.602
col,sex_f,geo_cov_rur,mts_details_wid,2016,166.817
col,sex_f,geo_cov_rur,mts_details_wid,2017,160.149
col,sex_f,geo_cov_rur,mts_details_wid,2018,172.983
col,sex_f,geo_cov_rur,mts_details_wid,2019,177.465
col,sex_f,geo_cov_rur,mts_details_wid,2021,190.583
col,sex_f,geo_cov_urb,mts_aggregate_1,2002,2420.93
col,sex_f,geo_cov_urb,mts_aggregate_1,2003,2441.983
col,sex_f,geo_cov_urb,mts_aggregate_1,2004,2598.495
col,sex_f,geo_cov_urb,mts_aggregate_1,2005,2681.912
col,sex_f,geo_cov_urb,mts_aggregate_1,2007,3979.146
col,sex_f,geo_cov_urb,mts_aggregate_1,2008,2922.566
col,sex_f,geo_cov_urb,mts_aggregate_1,2009,2782.435
col,sex_f,geo_cov_urb,mts_aggregate_1,2010,2800.629
col,sex_f,geo_cov_urb,mts_aggregate_1,2011,2795.581
col,sex_f,geo_cov_urb,mts_aggregate_1,2012,2767.212
col,sex_f,geo_cov_urb,mts_aggregate_1,2013,2863.338
col,sex_f,geo_cov_urb,mts_aggregate_1,2014,2907.107
col,sex_f,geo_cov_urb,mts_aggregate_1,2015,2973.001
col,sex_f,geo_cov_urb,mts_aggregate_1,2016,3068.984
col,sex_f,geo_cov_urb,mts_aggregate_1,2017,3114.562
col,sex_f,geo_cov_urb,mts_aggregate_1,2018,3238.168
col,sex_f,geo_cov_urb,mts_aggregate_1,2019,3318.891
col,sex_f,geo_cov_urb,mts_aggregate_1,2021,3698.158
col,sex_f,geo_cov_urb,mts_aggregate_2,2002,2456.243
col,sex_f,geo_cov_urb,mts_aggregate_2,2003,2415.333
col,sex_f,geo_cov_urb,mts_aggregate_2,2004,2601.351
col,sex_f,geo_cov_urb,mts_aggregate_2,2005,2639.105
col,sex_f,geo_cov_urb,mts_aggregate_2,2007,1710.495
col,sex_f,geo_cov_urb,mts_aggregate_2,2008,2820.345
col,sex_f,geo_cov_urb,mts_aggregate_2,2009,2694.936
col,sex_f,geo_cov_urb,mts_aggregate_2,2010,2576.014
col,sex_f,geo_cov_urb,mts_aggregate_2,2011,2547.138
col,sex_f,geo_cov_urb,mts_aggregate_2,2012,2533.075
col,sex_f,geo_cov_urb,mts_aggregate_2,2013,2549.837
col,sex_f,geo_cov_urb,mts_aggregate_2,2014,2588.221
col,sex_f,geo_cov_urb,mts_aggregate_2,2015,2586.16
col,sex_f,geo_cov_urb,mts_aggregate_2,2016,2659.266
col,sex_f,geo_cov_urb,mts_aggregate_2,2017,2751.959
col,sex_f,geo_cov_urb,mts_aggregate_2,2018,2817.025
col,sex_f,geo_cov_urb,mts_aggregate_2,2019,2898.576
col,sex_f,geo_cov_urb,mts_aggregate_2,2021,3304.43
col,sex_f,geo_cov_urb,mts_aggregate_total,2002,4877.172
col,sex_f,geo_cov_urb,mts_aggregate_total,2003,4857.315
col,sex_f,geo_cov_urb,mts_aggregate_total,2004,5199.846
col,sex_f,geo_cov_urb,mts_aggregate_total,2005,5321.017
col,sex_f,geo_cov_urb,mts_aggregate_total,2007,5689.641
col,sex_f,geo_cov_urb,mts_aggregate_total,2008,5742.912
col,sex_f,geo_cov_urb,mts_aggregate_total,2009,5477.37
col,sex_f,geo_cov_urb,mts_aggregate_total,2010,5376.643
col,sex_f,geo_cov_urb,mts_aggregate_total,2011,5342.719
col,sex_f,geo_cov_urb,mts_aggregate_total,2012,5300.287
col,sex_f,geo_cov_urb,mts_aggregate_total,2013,5413.174
col,sex_f,geo_cov_urb,mts_aggregate_total,2014,5495.327
col,sex_f,geo_cov_urb,mts_aggregate_total,2015,5559.161
col,sex_f,geo_cov_urb,mts_aggregate_total,2016,5728.25
col,sex_f,geo_cov_urb,mts_aggregate_total,2017,5866.521
col,sex_f,geo_cov_urb,mts_aggregate_total,2018,6055.193
col,sex_f,geo_cov_urb,mts_aggregate_total,2019,6217.467
col,sex_f,geo_cov_urb,mts_aggregate_total,2021,7002.588
col,sex_f,geo_cov_urb,mts_details_mrd,2002,1459.52
col,sex_f,geo_cov_urb,mts_details_mrd,2003,1403.783
col,sex_f,geo_cov_urb,mts_details_mrd,2004,1486.281
col,sex_f,geo_cov_urb,mts_details_mrd,2005,1504.825
col,sex_f,geo_cov_urb,mts_details_mrd,2007,462.228
col,sex_f,geo_cov_urb,mts_details_mrd,2008,1512.333
col,sex_f,geo_cov_urb,mts_details_mrd,2009,1374.787
col,sex_f,geo_cov_urb,mts_details_mrd,2010,1319.711
col,sex_f,geo_cov_urb,mts_details_mrd,2011,1292.39
col,sex_f,geo_cov_urb,mts_details_mrd,2012,1257.734
col,sex_f,geo_cov_urb,mts_details_mrd,2013,1273.773
col,sex_f,geo_cov_urb,mts_details_mrd,2014,1262.966
col,sex_f,geo_cov_urb,mts_details_mrd,2015,1259.301
col,sex_f,geo_cov_urb,mts_details_mrd,2016,1310.414
col,sex_f,geo_cov_urb,mts_details_mrd,2017,1351.537
col,sex_f,geo_cov_urb,mts_details_mrd,2018,1334.209
col,sex_f,geo_cov_urb,mts_details_mrd,2019,1393.193
col,sex_f,geo_cov_urb,mts_details_mrd,2021,1502.781
col,sex_f,geo_cov_urb,mts_details_sep,2002,372.264
col,sex_f,geo_cov_urb,mts_details_sep,2003,390.463
col,sex_f,geo_cov_urb,mts_details_sep,2004,402.809
col,sex_f,geo_cov_urb,mts_details_sep,2005,435.561
col,sex_f,geo_cov_urb,mts_details_sep,2007,719.687
col,sex_f,geo_cov_urb,mts_details_sep,2008,470.305
col,sex_f,geo_cov_urb,mts_details_sep,2009,462.886
col,sex_f,geo_cov_urb,mts_details_sep,2010,492.738
col,sex_f,geo_cov_urb,mts_details_sep,2011,505.799
col,sex_f,geo_cov_urb,mts_details_sep,2012,508.464
col,sex_f,geo_cov_urb,mts_details_sep,2013,553.754
col,sex_f,geo_cov_urb,mts_details_sep,2014,558.1
col,sex_f,geo_cov_urb,mts_details_sep,2015,605.602
col,sex_f,geo_cov_urb,mts_details_sep,2016,621.555
col,sex_f,geo_cov_urb,mts_details_sep,2017,656.688
col,sex_f,geo_cov_urb,mts_details_sep,2018,663.866
col,sex_f,geo_cov_urb,mts_details_sep,2019,711.599
col,sex_f,geo_cov_urb,mts_details_sep,2021,814.207
col,sex_f,geo_cov_urb,mts_details_sgle,2002,1397.867
col,sex_f,geo_cov_urb,mts_details_sgle,2003,1387.399
col,sex_f,geo_cov_urb,mts_details_sgle,2004,1536.363
col,sex_f,geo_cov_urb,mts_details_sgle,2005,1556.564
col,sex_f,geo_cov_urb,mts_details_sgle,2007,1534.004
col,sex_f,geo_cov_urb,mts_details_sgle,2008,1719.746
col,sex_f,geo_cov_urb,mts_details_sgle,2009,1610.336
col,sex_f,geo_cov_urb,mts_details_sgle,2010,1587.925
col,sex_f,geo_cov_urb,mts_details_sgle,2011,1564.745
col,sex_f,geo_cov_urb,mts_details_sgle,2012,1531.027
col,sex_f,geo_cov_urb,mts_details_sgle,2013,1567.833
col,sex_f,geo_cov_urb,mts_details_sgle,2014,1591.9
col,sex_f,geo_cov_urb,mts_details_sgle,2015,1590.732
col,sex_f,geo_cov_urb,mts_details_sgle,2016,1648.598
col,sex_f,geo_cov_urb,mts_details_sgle,2017,1637.84
col,sex_f,geo_cov_urb,mts_details_sgle,2018,1730.307
col,sex_f,geo_cov_urb,mts_details_sgle,2019,1746.449
col,sex_f,geo_cov_urb,mts_details_sgle,2021,1929.967
col,sex_f,geo_cov_urb,mts_details_total,2002,4877.172
col,sex_f,geo_cov_urb,mts_details_total,2003,4857.315
col,sex_f,geo_cov_urb,mts_details_total,2004,5199.846
col,sex_f,geo_cov_urb,mts_details_total,2005,5321.017
col,sex_f,geo_cov_urb,mts_details_total,2007,5689.641
col,sex_f,geo_cov_urb,mts_details_total,2008,5742.912
col,sex_f,geo_cov_urb,mts_details_total,2009,5477.37
col,sex_f,geo_cov_urb,mts_details_total,2010,5376.643
col,sex_f,geo_cov_urb,mts_details_total,2011,5342.719
col,sex_f,geo_cov_urb,mts_details_total,2012,5300.287
col,sex_f,geo_cov_urb,mts_details_total,2013,5413.174
col,sex_f,geo_cov_urb,mts_details_total,2014,5495.327
col,sex_f,geo_cov_urb,mts_details_total,2015,5559.161
col,sex_f,geo_cov_urb,mts_details_total,2016,5728.25
col,sex_f,geo_cov_urb,mts_details_total,2017,5866.521
col,sex_f,geo_cov_urb,mts_details_total,2018,6055.193
col,sex_f,geo_cov_urb,mts_details_total,2019,6217.467
col,sex_f,geo_cov_urb,mts_details_total,2021,7002.588
col,sex_f,geo_cov_urb,mts_details_union,2002,996.722
col,sex_f,geo_cov_urb,mts_details_union,2003,1011.55
col,sex_f,geo_cov_urb,mts_details_union,2004,1115.07
col,sex_f,geo_cov_urb,mts_details_union,2005,1134.28
col,sex_f,geo_cov_urb,mts_details_union,2007,1248.267
col,sex_f,geo_cov_urb,mts_details_union,2008,1308.012
col,sex_f,geo_cov_urb,mts_details_union,2009,1320.149
col,sex_f,geo_cov_urb,mts_details_union,2010,1256.304
col,sex_f,geo_cov_urb,mts_details_union,2011,1254.749
col,sex_f,geo_cov_urb,mts_details_union,2012,1275.341
col,sex_f,geo_cov_urb,mts_details_union,2013,1276.064
col,sex_f,geo_cov_urb,mts_details_union,2014,1325.255
col,sex_f,geo_cov_urb,mts_details_union,2015,1326.859
col,sex_f,geo_cov_urb,mts_details_union,2016,1348.852
col,sex_f,geo_cov_urb,mts_details_union,2017,1400.422
col,sex_f,geo_cov_urb,mts_details_union,2018,1482.816
col,sex_f,geo_cov_urb,mts_details_union,2019,1505.383
col,sex_f,geo_cov_urb,mts_details_union,2021,1801.649
col,sex_f,geo_cov_urb,mts_details_wid,2002,650.799
col,sex_f,geo_cov_urb,mts_details_wid,2003,664.121
col,sex_f,geo_cov_urb,mts_details_wid,2004,659.323
col,sex_f,geo_cov_urb,mts_details_wid,2005,689.788
col,sex_f,geo_cov_urb,mts_details_wid,2007,1725.456
col,sex_f,geo_cov_urb,mts_details_wid,2008,732.515
col,sex_f,geo_cov_urb,mts_details_wid,2009,709.213
col,sex_f,geo_cov_urb,mts_details_wid,2010,719.966
col,sex_f,geo_cov_urb,mts_details_wid,2011,725.037
col,sex_f,geo_cov_urb,mts_details_wid,2012,727.721
col,sex_f,geo_cov_urb,mts_details_wid,2013,741.75
col,sex_f,geo_cov_urb,mts_details_wid,2014,757.106
col,sex_f,geo_cov_urb,mts_details_wid,2015,776.668
col,sex_f,geo_cov_urb,mts_details_wid,2016,798.831
col,sex_f,geo_cov_urb,mts_details_wid,2017,820.034
col,sex_f,geo_cov_urb,mts_details_wid,2018,843.995
col,sex_f,geo_cov_urb,mts_details_wid,2019,860.842
col,sex_f,geo_cov_urb,mts_details_wid,2021,953.984
col,sex_m,geo_cov_nat,mts_aggregate_1,2002,1655.657
col,sex_m,geo_cov_nat,mts_aggregate_1,2003,1683.665
col,sex_m,geo_cov_nat,mts_aggregate_1,2004,1869.914
col,sex_m,geo_cov_nat,mts_aggregate_1,2005,1924.061
col,sex_m,geo_cov_nat,mts_aggregate_1,2007,2757.606
col,sex_m,geo_cov_nat,mts_aggregate_1,2008,2258.228
col,sex_m,geo_cov_nat,mts_aggregate_1,2009,2066.865
col,sex_m,geo_cov_nat,mts_aggregate_1,2010,2069.96
col,sex_m,geo_cov_nat,mts_aggregate_1,2011,2024.884
col,sex_m,geo_cov_nat,mts_aggregate_1,2012,2009.885
col,sex_m,geo_cov_nat,mts_aggregate_1,2013,2098.953
col,sex_m,geo_cov_nat,mts_aggregate_1,2014,2114.605
col,sex_m,geo_cov_nat,mts_aggregate_1,2015,2148.941
col,sex_m,geo_cov_nat,mts_aggregate_1,2016,2263.413
col,sex_m,geo_cov_nat,mts_aggregate_1,2017,2327.597
col,sex_m,geo_cov_nat,mts_aggregate_1,2018,2390.559
col,sex_m,geo_cov_nat,mts_aggregate_1,2019,2490.988
col,sex_m,geo_cov_nat,mts_aggregate_1,2021,2780.828
col,sex_m,geo_cov_nat,mts_aggregate_2,2002,764.296
col,sex_m,geo_cov_nat,mts_aggregate_2,2003,732.395
col,sex_m,geo_cov_nat,mts_aggregate_2,2004,768.693
col,sex_m,geo_cov_nat,mts_aggregate_2,2005,816.564
col,sex_m,geo_cov_nat,mts_aggregate_2,2007,374.364
col,sex_m,geo_cov_nat,mts_aggregate_2,2008,894.184
col,sex_m,geo_cov_nat,mts_aggregate_2,2009,851.38
col,sex_m,geo_cov_nat,mts_aggregate_2,2010,830.984
col,sex_m,geo_cov_nat,mts_aggregate_2,2011,839.608
col,sex_m,geo_cov_nat,mts_aggregate_2,2012,853.362
col,sex_m,geo_cov_nat,mts_aggregate_2,2013,905.916
col,sex_m,geo_cov_nat,mts_aggregate_2,2014,905.678
col,sex_m,geo_cov_nat,mts_aggregate_2,2015,921.118
col,sex_m,geo_cov_nat,mts_aggregate_2,2016,951.358
col,sex_m,geo_cov_nat,mts_aggregate_2,2017,974.386
col,sex_m,geo_cov_nat,mts_aggregate_2,2018,1013.4
col,sex_m,geo_cov_nat,mts_aggregate_2,2019,1105.037
col,sex_m,geo_cov_nat,mts_aggregate_2,2021,1268.384
col,sex_m,geo_cov_nat,mts_aggregate_total,2002,2419.953
col,sex_m,geo_cov_nat,mts_aggregate_total,2003,2416.059
col,sex_m,geo_cov_nat,mts_aggregate_total,2004,2638.607
col,sex_m,geo_cov_nat,mts_aggregate_total,2005,2740.625
col,sex_m,geo_cov_nat,mts_aggregate_total,2007,3131.969
col,sex_m,geo_cov_nat,mts_aggregate_total,2008,3152.412
col,sex_m,geo_cov_nat,mts_aggregate_total,2009,2918.244
col,sex_m,geo_cov_nat,mts_aggregate_total,2010,2900.944
col,sex_m,geo_cov_nat,mts_aggregate_total,2011,2864.492
col,sex_m,geo_cov_nat,mts_aggregate_total,2012,2863.246
col,sex_m,geo_cov_nat,mts_aggregate_total,2013,3004.869
col,sex_m,geo_cov_nat,mts_aggregate_total,2014,3020.283
col,sex_m,geo_cov_nat,mts_aggregate_total,2015,3070.059
col,sex_m,geo_cov_nat,mts_aggregate_total,2016,3214.771
col,sex_m,geo_cov_nat,mts_aggregate_total,2017,3301.983
col,sex_m,geo_cov_nat,mts_aggregate_total,2018,3403.958
col,sex_m,geo_cov_nat,mts_aggregate_total,2019,3596.025
col,sex_m,geo_cov_nat,mts_aggregate_total,2021,4049.212
col,sex_m,geo_cov_nat,mts_details_mrd,2002,593.727
col,sex_m,geo_cov_nat,mts_details_mrd,2003,562.03
col,sex_m,geo_cov_nat,mts_details_mrd,2004,586.247
col,sex_m,geo_cov_nat,mts_details_mrd,2005,633.314
col,sex_m,geo_cov_nat,mts_details_mrd,2007,132.959
col,sex_m,geo_cov_nat,mts_details_mrd,2008,663.095
col,sex_m,geo_cov_nat,mts_details_mrd,2009,631.552
col,sex_m,geo_cov_nat,mts_details_mrd,2010,618.254
col,sex_m,geo_cov_nat,mts_details_mrd,2011,623.153
col,sex_m,geo_cov_nat,mts_details_mrd,2012,607.01
col,sex_m,geo_cov_nat,mts_details_mrd,2013,651.35
col,sex_m,geo_cov_nat,mts_details_mrd,2014,642.451
col,sex_m,geo_cov_nat,mts_details_mrd,2015,646.127
col,sex_m,geo_cov_nat,mts_details_mrd,2016,681.154
col,sex_m,geo_cov_nat,mts_details_mrd,2017,686.483
col,sex_m,geo_cov_nat,mts_details_mrd,2018,711.319
col,sex_m,geo_cov_nat,mts_details_mrd,2019,762.41
col,sex_m,geo_cov_nat,mts_details_mrd,2021,845.685
col,sex_m,geo_cov_nat,mts_details_sep,2002,86.013
col,sex_m,geo_cov_nat,mts_details_sep,2003,95.964
col,sex_m,geo_cov_nat,mts_details_sep,2004,105.77
col,sex_m,geo_cov_nat,mts_details_sep,2005,108.6
col,sex_m,geo_cov_nat,mts_details_sep,2007,186.002
col,sex_m,geo_cov_nat,mts_details_sep,2008,133.571
col,sex_m,geo_cov_nat,mts_details_sep,2009,126.15
col,sex_m,geo_cov_nat,mts_details_sep,2010,136.975
col,sex_m,geo_cov_nat,mts_details_sep,2011,143.863
col,sex_m,geo_cov_nat,mts_details_sep,2012,152.487
col,sex_m,geo_cov_nat,mts_details_sep,2013,171.31
col,sex_m,geo_cov_nat,mts_details_sep,2014,185.597
col,sex_m,geo_cov_nat,mts_details_sep,2015,198.513
col,sex_m,geo_cov_nat,mts_details_sep,2016,197.569
col,sex_m,geo_cov_nat,mts_details_sep,2017,216.476
col,sex_m,geo_cov_nat,mts_details_sep,2018,220.754
col,sex_m,geo_cov_nat,mts_details_sep,2019,240.053
col,sex_m,geo_cov_nat,mts_details_sep,2021,296.152
col,sex_m,geo_cov_nat,mts_details_sgle,2002,1433.596
col,sex_m,geo_cov_nat,mts_details_sgle,2003,1445.548
col,sex_m,geo_cov_nat,mts_details_sgle,2004,1612.827
col,sex_m,geo_cov_nat,mts_details_sgle,2005,1665.811
col,sex_m,geo_cov_nat,mts_details_sgle,2007,662.475
col,sex_m,geo_cov_nat,mts_details_sgle,2008,1946.653
col,sex_m,geo_cov_nat,mts_details_sgle,2009,1780.305
col,sex_m,geo_cov_nat,mts_details_sgle,2010,1772.052
col,sex_m,geo_cov_nat,mts_details_sgle,2011,1722.398
col,sex_m,geo_cov_nat,mts_details_sgle,2012,1690.562
col,sex_m,geo_cov_nat,mts_details_sgle,2013,1748.392
col,sex_m,geo_cov_nat,mts_details_sgle,2014,1744.485
col,sex_m,geo_cov_nat,mts_details_sgle,2015,1768.943
col,sex_m,geo_cov_nat,mts_details_sgle,2016,1883.841
col,sex_m,geo_cov_nat,mts_details_sgle,2017,1921.972
col,sex_m,geo_cov_nat,mts_details_sgle,2018,1978.691
col,sex_m,geo_cov_nat,mts_details_sgle,2019,2050.822
col,sex_m,geo_cov_nat,mts_details_sgle,2021,2244.057
col,sex_m,geo_cov_nat,mts_details_total,2002,2419.953
col,sex_m,geo_cov_nat,mts_details_total,2003,2416.059
col,sex_m,geo_cov_nat,mts_details_total,2004,2638.607
col,sex_m,geo_cov_nat,mts_details_total,2005,2740.625
col,sex_m,geo_cov_nat,mts_details_total,2007,3131.969
col,sex_m,geo_cov_nat,mts_details_total,2008,3152.412
col,sex_m,geo_cov_nat,mts_details_total,2009,2918.244
col,sex_m,geo_cov_nat,mts_details_total,2010,2900.944
col,sex_m,geo_cov_nat,mts_details_total,2011,2864.492
col,sex_m,geo_cov_nat,mts_details_total,2012,2863.246
col,sex_m,geo_cov_nat,mts_details_total,2013,3004.869
col,sex_m,geo_cov_nat,mts_details_total,2014,3020.283
col,sex_m,geo_cov_nat,mts_details_total,2015,3070.059
col,sex_m,geo_cov_nat,mts_details_total,2016,3214.771
col,sex_m,geo_cov_nat,mts_details_total,2017,3301.983
col,sex_m,geo_cov_nat,mts_details_total,2018,3403.958
col,sex_m,geo_cov_nat,mts_details_total,2019,3596.025
col,sex_m,geo_cov_nat,mts_details_total,2021,4049.212
col,sex_m,geo_cov_nat,mts_details_union,2002,170.569
col,sex_m,geo_cov_nat,mts_details_union,2003,170.364
col,sex_m,geo_cov_nat,mts_details_union,2004,182.447
col,sex_m,geo_cov_nat,mts_details_union,2005,183.25
col,sex_m,geo_cov_nat,mts_details_union,2007,241.405
col,sex_m,geo_cov_nat,mts_details_union,2008,231.09
col,sex_m,geo_cov_nat,mts_details_union,2009,219.828
col,sex_m,geo_cov_nat,mts_details_union,2010,212.73
col,sex_m,geo_cov_nat,mts_details_union,2011,216.455
col,sex_m,geo_cov_nat,mts_details_union,2012,246.352
col,sex_m,geo_cov_nat,mts_details_union,2013,254.567
col,sex_m,geo_cov_nat,mts_details_union,2014,263.228
col,sex_m,geo_cov_nat,mts_details_union,2015,274.991
col,sex_m,geo_cov_nat,mts_details_union,2016,270.204
col,sex_m,geo_cov_nat,mts_details_union,2017,287.904
col,sex_m,geo_cov_nat,mts_details_union,2018,302.081
col,sex_m,geo_cov_nat,mts_details_union,2019,342.628
col,sex_m,geo_cov_nat,mts_details_union,2021,422.699
col,sex_m,geo_cov_nat,mts_details_wid,2002,136.048
col,sex_m,geo_cov_nat,mts_details_wid,2003,142.153
col,sex_m,geo_cov_nat,mts_details_wid,2004,151.317
col,sex_m,geo_cov_nat,mts_details_wid,2005,149.65
col,sex_m,geo_cov_nat,mts_details_wid,2007,1909.129
col,sex_m,geo_cov_nat,mts_details_wid,2008,178.003
col,sex_m,geo_cov_nat,mts_details_wid,2009,160.41
col,sex_m,geo_cov_nat,mts_details_wid,2010,160.932
col,sex_m,geo_cov_nat,mts_details_wid,2011,158.623
col,sex_m,geo_cov_nat,mts_details_wid,2012,166.836
col,sex_m,geo_cov_nat,mts_details_wid,2013,179.251
col,sex_m,geo_cov_nat,mts_details_wid,2014,184.523
col,sex_m,geo_cov_nat,mts_details_wid,2015,181.486
col,sex_m,geo_cov_nat,mts_details_wid,2016,182.002
col,sex_m,geo_cov_nat,mts_details_wid,2017,189.149
col,sex_m,geo_cov_nat,mts_details_wid,2018,191.114
col,sex_m,geo_cov_nat,mts_details_wid,2019,200.113
col,sex_m,geo_cov_nat,mts_details_wid,2021,240.619
col,sex_m,geo_cov_rur,mts_aggregate_1,2002,285.945
col,sex_m,geo_cov_rur,mts_aggregate_1,2003,285.929
col,sex_m,geo_cov_rur,mts_aggregate_1,2004,348.378
col,sex_m,geo_cov_rur,mts_aggregate_1,2005,328.826
col,sex_m,geo_cov_rur,mts_aggregate_1,2007,505.793
col,sex_m,geo_cov_rur,mts_aggregate_1,2008,442.457
col,sex_m,geo_cov_rur,mts_aggregate_1,2009,378.629
col,sex_m,geo_cov_rur,mts_aggregate_1,2010,369.235
col,sex_m,geo_cov_rur,mts_aggregate_1,2011,364.522
col,sex_m,geo_cov_rur,mts_aggregate_1,2012,361.078
col,sex_m,geo_cov_rur,mts_aggregate_1,2013,367.72
col,sex_m,geo_cov_rur,mts_aggregate_1,2014,395.317
col,sex_m,geo_cov_rur,mts_aggregate_1,2015,377.892
col,sex_m,geo_cov_rur,mts_aggregate_1,2016,405.07
col,sex_m,geo_cov_rur,mts_aggregate_1,2017,379.557
col,sex_m,geo_cov_rur,mts_aggregate_1,2018,405.718
col,sex_m,geo_cov_rur,mts_aggregate_1,2019,450.867
col,sex_m,geo_cov_rur,mts_aggregate_1,2021,516.871
col,sex_m,geo_cov_rur,mts_aggregate_2,2002,148.011
col,sex_m,geo_cov_rur,mts_aggregate_2,2003,139.343
col,sex_m,geo_cov_rur,mts_aggregate_2,2004,133.911
col,sex_m,geo_cov_rur,mts_aggregate_2,2005,132.957
col,sex_m,geo_cov_rur,mts_aggregate_2,2007,81.391
col,sex_m,geo_cov_rur,mts_aggregate_2,2008,164.118
col,sex_m,geo_cov_rur,mts_aggregate_2,2009,131.878
col,sex_m,geo_cov_rur,mts_aggregate_2,2010,127.828
col,sex_m,geo_cov_rur,mts_aggregate_2,2011,127.98
col,sex_m,geo_cov_rur,mts_aggregate_2,2012,131.896
col,sex_m,geo_cov_rur,mts_aggregate_2,2013,138.357
col,sex_m,geo_cov_rur,mts_aggregate_2,2014,144.818
col,sex_m,geo_cov_rur,mts_aggregate_2,2015,139.274
col,sex_m,geo_cov_rur,mts_aggregate_2,2016,148.945
col,sex_m,geo_cov_rur,mts_aggregate_2,2017,144.447
col,sex_m,geo_cov_rur,mts_aggregate_2,2018,145.222
col,sex_m,geo_cov_rur,mts_aggregate_2,2019,165.88
col,sex_m,geo_cov_rur,mts_aggregate_2,2021,224.462
col,sex_m,geo_cov_rur,mts_aggregate_total,2002,433.956
col,sex_m,geo_cov_rur,mts_aggregate_total,2003,425.272
col,sex_m,geo_cov_rur,mts_aggregate_total,2004,482.289
col,sex_m,geo_cov_rur,mts_aggregate_total,2005,461.783
col,sex_m,geo_cov_rur,mts_aggregate_total,2007,587.183
col,sex_m,geo_cov_rur,mts_aggregate_total,2008,606.574
col,sex_m,geo_cov_rur,mts_aggregate_total,2009,510.507
col,sex_m,geo_cov_rur,mts_aggregate_total,2010,497.062
col,sex_m,geo_cov_rur,mts_aggregate_total,2011,492.502
col,sex_m,geo_cov_rur,mts_aggregate_total,2012,492.974
col,sex_m,geo_cov_rur,mts_aggregate_total,2013,506.078
col,sex_m,geo_cov_rur,mts_aggregate_total,2014,540.135
col,sex_m,geo_cov_rur,mts_aggregate_total,2015,517.165
col,sex_m,geo_cov_rur,mts_aggregate_total,2016,554.015
col,sex_m,geo_cov_rur,mts_aggregate_total,2017,524.004
col,sex_m,geo_cov_rur,mts_aggregate_total,2018,550.94
col,sex_m,geo_cov_rur,mts_aggregate_total,2019,616.747
col,sex_m,geo_cov_rur,mts_aggregate_total,2021,741.333
col,sex_m,geo_cov_rur,mts_details_mrd,2002,110.838
col,sex_m,geo_cov_rur,mts_details_mrd,2003,97.416
col,sex_m,geo_cov_rur,mts_details_mrd,2004,91.234
col,sex_m,geo_cov_rur,mts_details_mrd,2005,95.353
col,sex_m,geo_cov_rur,mts_details_mrd,2007,22.392
col,sex_m,geo_cov_rur,mts_details_mrd,2008,109.636
col,sex_m,geo_cov_rur,mts_details_mrd,2009,89.382
col,sex_m,geo_cov_rur,mts_details_mrd,2010,88.044
col,sex_m,geo_cov_rur,mts_details_mrd,2011,89.519
col,sex_m,geo_cov_rur,mts_details_mrd,2012,83.614
col,sex_m,geo_cov_rur,mts_details_mrd,2013,92.705
col,sex_m,geo_cov_rur,mts_details_mrd,2014,92.15
col,sex_m,geo_cov_rur,mts_details_mrd,2015,85.746
col,sex_m,geo_cov_rur,mts_details_mrd,2016,93.722
col,sex_m,geo_cov_rur,mts_details_mrd,2017,93.482
col,sex_m,geo_cov_rur,mts_details_mrd,2018,98.167
col,sex_m,geo_cov_rur,mts_details_mrd,2019,101.66
col,sex_m,geo_cov_rur,mts_details_mrd,2021,127.888
col,sex_m,geo_cov_rur,mts_details_sep,2002,16.938
col,sex_m,geo_cov_rur,mts_details_sep,2003,16.559
col,sex_m,geo_cov_rur,mts_details_sep,2004,23.21
col,sex_m,geo_cov_rur,mts_details_sep,2005,18.629
col,sex_m,geo_cov_rur,mts_details_sep,2007,45.859
col,sex_m,geo_cov_rur,mts_details_sep,2008,24.604
col,sex_m,geo_cov_rur,mts_details_sep,2009,20.226
col,sex_m,geo_cov_rur,mts_details_sep,2010,21.723
col,sex_m,geo_cov_rur,mts_details_sep,2011,21.09
col,sex_m,geo_cov_rur,mts_details_sep,2012,21.771
col,sex_m,geo_cov_rur,mts_details_sep,2013,26.941
col,sex_m,geo_cov_rur,mts_details_sep,2014,33.102
col,sex_m,geo_cov_rur,mts_details_sep,2015,32.029
col,sex_m,geo_cov_rur,mts_details_sep,2016,24.806
col,sex_m,geo_cov_rur,mts_details_sep,2017,28.116
col,sex_m,geo_cov_rur,mts_details_sep,2018,32.883
col,sex_m,geo_cov_rur,mts_details_sep,2019,39.425
col,sex_m,geo_cov_rur,mts_details_sep,2021,57.92
col,sex_m,geo_cov_rur,mts_details_sgle,2002,236.87
col,sex_m,geo_cov_rur,mts_details_sgle,2003,236.942
col,sex_m,geo_cov_rur,mts_details_sgle,2004,283.138
col,sex_m,geo_cov_rur,mts_details_sgle,2005,274.022
col,sex_m,geo_cov_rur,mts_details_sgle,2007,106.083
col,sex_m,geo_cov_rur,mts_details_sgle,2008,370.927
col,sex_m,geo_cov_rur,mts_details_sgle,2009,320.216
col,sex_m,geo_cov_rur,mts_details_sgle,2010,307.831
col,sex_m,geo_cov_rur,mts_details_sgle,2011,308.737
col,sex_m,geo_cov_rur,mts_details_sgle,2012,298.565
col,sex_m,geo_cov_rur,mts_details_sgle,2013,299.604
col,sex_m,geo_cov_rur,mts_details_sgle,2014,320.462
col,sex_m,geo_cov_rur,mts_details_sgle,2015,308.854
col,sex_m,geo_cov_rur,mts_details_sgle,2016,338.884
col,sex_m,geo_cov_rur,mts_details_sgle,2017,307.78
col,sex_m,geo_cov_rur,mts_details_sgle,2018,331.284
col,sex_m,geo_cov_rur,mts_details_sgle,2019,368.844
col,sex_m,geo_cov_rur,mts_details_sgle,2021,399.545
col,sex_m,geo_cov_rur,mts_details_total,2002,433.956
col,sex_m,geo_cov_rur,mts_details_total,2003,425.272
col,sex_m,geo_cov_rur,mts_details_total,2004,482.289
col,sex_m,geo_cov_rur,mts_details_total,2005,461.783
col,sex_m,geo_cov_rur,mts_details_total,2007,587.183
col,sex_m,geo_cov_rur,mts_details_total,2008,606.574
col,sex_m,geo_cov_rur,mts_details_total,2009,510.507
col,sex_m,geo_cov_rur,mts_details_total,2010,497.062
col,sex_m,geo_cov_rur,mts_details_total,2011,492.502
col,sex_m,geo_cov_rur,mts_details_total,2012,492.974
col,sex_m,geo_cov_rur,mts_details_total,2013,506.078
col,sex_m,geo_cov_rur,mts_details_total,2014,540.135
col,sex_m,geo_cov_rur,mts_details_total,2015,517.165
col,sex_m,geo_cov_rur,mts_details_total,2016,554.015
col,sex_m,geo_cov_rur,mts_details_total,2017,524.004
col,sex_m,geo_cov_rur,mts_details_total,2018,550.94
col,sex_m,geo_cov_rur,mts_details_total,2019,616.747
col,sex_m,geo_cov_rur,mts_details_total,2021,741.333
col,sex_m,geo_cov_rur,mts_details_union,2002,37.173
col,sex_m,geo_cov_rur,mts_details_union,2003,41.927
col,sex_m,geo_cov_rur,mts_details_union,2004,42.677
col,sex_m,geo_cov_rur,mts_details_union,2005,37.604
col,sex_m,geo_cov_rur,mts_details_union,2007,58.999
col,sex_m,geo_cov_rur,mts_details_union,2008,54.482
col,sex_m,geo_cov_rur,mts_details_union,2009,42.496
col,sex_m,geo_cov_rur,mts_details_union,2010,39.784
col,sex_m,geo_cov_rur,mts_details_union,2011,38.461
col,sex_m,geo_cov_rur,mts_details_union,2012,48.282
col,sex_m,geo_cov_rur,mts_details_union,2013,45.652
col,sex_m,geo_cov_rur,mts_details_union,2014,52.668
col,sex_m,geo_cov_rur,mts_details_union,2015,53.528
col,sex_m,geo_cov_rur,mts_details_union,2016,55.223
col,sex_m,geo_cov_rur,mts_details_union,2017,50.965
col,sex_m,geo_cov_rur,mts_details_union,2018,47.055
col,sex_m,geo_cov_rur,mts_details_union,2019,64.22
col,sex_m,geo_cov_rur,mts_details_union,2021,96.575
col,sex_m,geo_cov_rur,mts_details_wid,2002,32.137
col,sex_m,geo_cov_rur,mts_details_wid,2003,32.429
col,sex_m,geo_cov_rur,mts_details_wid,2004,42.031
col,sex_m,geo_cov_rur,mts_details_wid,2005,36.175
col,sex_m,geo_cov_rur,mts_details_wid,2007,353.85
col,sex_m,geo_cov_rur,mts_details_wid,2008,46.925
col,sex_m,geo_cov_rur,mts_details_wid,2009,38.187
col,sex_m,geo_cov_rur,mts_details_wid,2010,39.681
col,sex_m,geo_cov_rur,mts_details_wid,2011,34.695
col,sex_m,geo_cov_rur,mts_details_wid,2012,40.742
col,sex_m,geo_cov_rur,mts_details_wid,2013,41.175
col,sex_m,geo_cov_rur,mts_details_wid,2014,41.753
col,sex_m,geo_cov_rur,mts_details_wid,2015,37.009
col,sex_m,geo_cov_rur,mts_details_wid,2016,41.38
col,sex_m,geo_cov_rur,mts_details_wid,2017,43.661
col,sex_m,geo_cov_rur,mts_details_wid,2018,41.552
col,sex_m,geo_cov_rur,mts_details_wid,2019,42.598
col,sex_m,geo_cov_rur,mts_details_wid,2021,59.405
col,sex_m,geo_cov_urb,mts_aggregate_1,2002,1369.712
col,sex_m,geo_cov_urb,mts_aggregate_1,2003,1397.736
col,sex_m,geo_cov_urb,mts_aggregate_1,2004,1521.535
col,sex_m,geo_cov_urb,mts_aggregate_1,2005,1595.235
col,sex_m,geo_cov_urb,mts_aggregate_1,2007,2251.813
col,sex_m,geo_cov_urb,mts_aggregate_1,2008,1815.771
col,sex_m,geo_cov_urb,mts_aggregate_1,2009,1688.236
col,sex_m,geo_cov_urb,mts_aggregate_1,2010,1700.725
col,sex_m,geo_cov_urb,mts_aggregate_1,2011,1660.361
col,sex_m,geo_cov_urb,mts_aggregate_1,2012,1648.807
col,sex_m,geo_cov_urb,mts_aggregate_1,2013,1731.233
col,sex_m,geo_cov_urb,mts_aggregate_1,2014,1719.288
col,sex_m,geo_cov_urb,mts_aggregate_1,2015,1771.05
col,sex_m,geo_cov_urb,mts_aggregate_1,2016,1858.343
col,sex_m,geo_cov_urb,mts_aggregate_1,2017,1948.04
col,sex_m,geo_cov_urb,mts_aggregate_1,2018,1984.84
col,sex_m,geo_cov_urb,mts_aggregate_1,2019,2040.121
col,sex_m,geo_cov_urb,mts_aggregate_1,2021,2263.957
col,sex_m,geo_cov_urb,mts_aggregate_2,2002,616.285
col,sex_m,geo_cov_urb,mts_aggregate_2,2003,593.051
col,sex_m,geo_cov_urb,mts_aggregate_2,2004,634.783
col,sex_m,geo_cov_urb,mts_aggregate_2,2005,683.608
col,sex_m,geo_cov_urb,mts_aggregate_2,2007,292.973
col,sex_m,geo_cov_urb,mts_aggregate_2,2008,730.067
col,sex_m,geo_cov_urb,mts_aggregate_2,2009,719.501
col,sex_m,geo_cov_urb,mts_aggregate_2,2010,703.157
col,sex_m,geo_cov_urb,mts_aggregate_2,2011,711.628
col,sex_m,geo_cov_urb,mts_aggregate_2,2012,721.466
col,sex_m,geo_cov_urb,mts_aggregate_2,2013,767.559
col,sex_m,geo_cov_urb,mts_aggregate_2,2014,760.86
col,sex_m,geo_cov_urb,mts_aggregate_2,2015,781.844
col,sex_m,geo_cov_urb,mts_aggregate_2,2016,802.413
col,sex_m,geo_cov_urb,mts_aggregate_2,2017,829.939
col,sex_m,geo_cov_urb,mts_aggregate_2,2018,868.178
col,sex_m,geo_cov_urb,mts_aggregate_2,2019,939.157
col,sex_m,geo_cov_urb,mts_aggregate_2,2021,1043.922
col,sex_m,geo_cov_urb,mts_aggregate_total,2002,1985.997
col,sex_m,geo_cov_urb,mts_aggregate_total,2003,1990.787
col,sex_m,geo_cov_urb,mts_aggregate_total,2004,2156.318
col,sex_m,geo_cov_urb,mts_aggregate_total,2005,2278.842
col,sex_m,geo_cov_urb,mts_aggregate_total,2007,2544.786
col,sex_m,geo_cov_urb,mts_aggregate_total,2008,2545.838
col,sex_m,geo_cov_urb,mts_aggregate_total,2009,2407.737
col,sex_m,geo_cov_urb,mts_aggregate_total,2010,2403.882
col,sex_m,geo_cov_urb,mts_aggregate_total,2011,2371.989
col,sex_m,geo_cov_urb,mts_aggregate_total,2012,2370.273
col,sex_m,geo_cov_urb,mts_aggregate_total,2013,2498.791
col,sex_m,geo_cov_urb,mts_aggregate_total,2014,2480.148
col,sex_m,geo_cov_urb,mts_aggregate_total,2015,2552.894
col,sex_m,geo_cov_urb,mts_aggregate_total,2016,2660.756
col,sex_m,geo_cov_urb,mts_aggregate_total,2017,2777.979
col,sex_m,geo_cov_urb,mts_aggregate_total,2018,2853.018
col,sex_m,geo_cov_urb,mts_aggregate_total,2019,2979.278
col,sex_m,geo_cov_urb,mts_aggregate_total,2021,3307.879
col,sex_m,geo_cov_urb,mts_details_mrd,2002,482.889
col,sex_m,geo_cov_urb,mts_details_mrd,2003,464.614
col,sex_m,geo_cov_urb,mts_details_mrd,2004,495.013
col,sex_m,geo_cov_urb,mts_details_mrd,2005,537.961
col,sex_m,geo_cov_urb,mts_details_mrd,2007,110.567
col,sex_m,geo_cov_urb,mts_details_mrd,2008,553.459
col,sex_m,geo_cov_urb,mts_details_mrd,2009,542.17
col,sex_m,geo_cov_urb,mts_details_mrd,2010,530.21
col,sex_m,geo_cov_urb,mts_details_mrd,2011,533.633
col,sex_m,geo_cov_urb,mts_details_mrd,2012,523.397
col,sex_m,geo_cov_urb,mts_details_mrd,2013,558.645
col,sex_m,geo_cov_urb,mts_details_mrd,2014,550.301
col,sex_m,geo_cov_urb,mts_details_mrd,2015,560.381
col,sex_m,geo_cov_urb,mts_details_mrd,2016,587.432
col,sex_m,geo_cov_urb,mts_details_mrd,2017,593.001
col,sex_m,geo_cov_urb,mts_details_mrd,2018,613.152
col,sex_m,geo_cov_urb,mts_details_mrd,2019,660.75
col,sex_m,geo_cov_urb,mts_details_mrd,2021,717.798
col,sex_m,geo_cov_urb,mts_details_sep,2002,69.074
col,sex_m,geo_cov_urb,mts_details_sep,2003,79.405
col,sex_m,geo_cov_urb,mts_details_sep,2004,82.56
col,sex_m,geo_cov_urb,mts_details_sep,2005,89.971
col,sex_m,geo_cov_urb,mts_details_sep,2007,140.143
col,sex_m,geo_cov_urb,mts_details_sep,2008,108.967
col,sex_m,geo_cov_urb,mts_details_sep,2009,105.924
col,sex_m,geo_cov_urb,mts_details_sep,2010,115.252
col,sex_m,geo_cov_urb,mts_details_sep,2011,122.772
col,sex_m,geo_cov_urb,mts_details_sep,2012,130.717
col,sex_m,geo_cov_urb,mts_details_sep,2013,144.369
col,sex_m,geo_cov_urb,mts_details_sep,2014,152.495
col,sex_m,geo_cov_urb,mts_details_sep,2015,166.484
col,sex_m,geo_cov_urb,mts_details_sep,2016,172.763
col,sex_m,geo_cov_urb,mts_details_sep,2017,188.36
col,sex_m,geo_cov_urb,mts_details_sep,2018,187.872
col,sex_m,geo_cov_urb,mts_details_sep,2019,200.628
col,sex_m,geo_cov_urb,mts_details_sep,2021,238.232
col,sex_m,geo_cov_urb,mts_details_sgle,2002,1196.726
col,sex_m,geo_cov_urb,mts_details_sgle,2003,1208.606
col,sex_m,geo_cov_urb,mts_details_sgle,2004,1329.689
col,sex_m,geo_cov_urb,mts_details_sgle,2005,1391.789
col,sex_m,geo_cov_urb,mts_details_sgle,2007,556.392
col,sex_m,geo_cov_urb,mts_details_sgle,2008,1575.727
col,sex_m,geo_cov_urb,mts_details_sgle,2009,1460.089
col,sex_m,geo_cov_urb,mts_details_sgle,2010,1464.222
col,sex_m,geo_cov_urb,mts_details_sgle,2011,1413.661
col,sex_m,geo_cov_urb,mts_details_sgle,2012,1391.996
col,sex_m,geo_cov_urb,mts_details_sgle,2013,1448.787
col,sex_m,geo_cov_urb,mts_details_sgle,2014,1424.023
col,sex_m,geo_cov_urb,mts_details_sgle,2015,1460.089
col,sex_m,geo_cov_urb,mts_details_sgle,2016,1544.957
col,sex_m,geo_cov_urb,mts_details_sgle,2017,1614.192
col,sex_m,geo_cov_urb,mts_details_sgle,2018,1647.407
col,sex_m,geo_cov_urb,mts_details_sgle,2019,1681.978
col,sex_m,geo_cov_urb,mts_details_sgle,2021,1844.512
col,sex_m,geo_cov_urb,mts_details_total,2002,1985.997
col,sex_m,geo_cov_urb,mts_details_total,2003,1990.787
col,sex_m,geo_cov_urb,mts_details_total,2004,2156.318
col,sex_m,geo_cov_urb,mts_details_total,2005,2278.842
col,sex_m,geo_cov_urb,mts_details_total,2007,2544.786
col,sex_m,geo_cov_urb,mts_details_total,2008,2545.838
col,sex_m,geo_cov_urb,mts_details_total,2009,2407.737
col,sex_m,geo_cov_urb,mts_details_total,2010,2403.882
col,sex_m,geo_cov_urb,mts_details_total,2011,2371.989
col,sex_m,geo_cov_urb,mts_details_total,2012,2370.273
col,sex_m,geo_cov_urb,mts_details_total,2013,2498.791
col,sex_m,geo_cov_urb,mts_details_total,2014,2480.148
col,sex_m,geo_cov_urb,mts_details_total,2015,2552.894
col,sex_m,geo_cov_urb,mts_details_total,2016,2660.756
col,sex_m,geo_cov_urb,mts_details_total,2017,2777.979
col,sex_m,geo_cov_urb,mts_details_total,2018,2853.018
col,sex_m,geo_cov_urb,mts_details_total,2019,2979.278
col,sex_m,geo_cov_urb,mts_details_total,2021,3307.879
col,sex_m,geo_cov_urb,mts_details_union,2002,133.396
col,sex_m,geo_cov_urb,mts_details_union,2003,128.438
col,sex_m,geo_cov_urb,mts_details_union,2004,139.77
col,sex_m,geo_cov_urb,mts_details_union,2005,145.646
col,sex_m,geo_cov_urb,mts_details_union,2007,182.406
col,sex_m,geo_cov_urb,mts_details_union,2008,176.608
col,sex_m,geo_cov_urb,mts_details_union,2009,177.332
col,sex_m,geo_cov_urb,mts_details_union,2010,172.946
col,sex_m,geo_cov_urb,mts_details_union,2011,177.994
col,sex_m,geo_cov_urb,mts_details_union,2012,198.07
col,sex_m,geo_cov_urb,mts_details_union,2013,208.914
col,sex_m,geo_cov_urb,mts_details_union,2014,210.56
col,sex_m,geo_cov_urb,mts_details_union,2015,221.463
col,sex_m,geo_cov_urb,mts_details_union,2016,214.981
col,sex_m,geo_cov_urb,mts_details_union,2017,236.939
col,sex_m,geo_cov_urb,mts_details_union,2018,255.026
col,sex_m,geo_cov_urb,mts_details_union,2019,278.408
col,sex_m,geo_cov_urb,mts_details_union,2021,326.124
col,sex_m,geo_cov_urb,mts_details_wid,2002,103.911
col,sex_m,geo_cov_urb,mts_details_wid,2003,109.724
col,sex_m,geo_cov_urb,mts_details_wid,2004,109.287
col,sex_m,geo_cov_urb,mts_details_wid,2005,113.475
col,sex_m,geo_cov_urb,mts_details_wid,2007,1555.279
col,sex_m,geo_cov_urb,mts_details_wid,2008,131.078
col,sex_m,geo_cov_urb,mts_details_wid,2009,122.223
col,sex_m,geo_cov_urb,mts_details_wid,2010,121.251
col,sex_m,geo_cov_urb,mts_details_wid,2011,123.929
col,sex_m,geo_cov_urb,mts_details_wid,2012,126.094
col,sex_m,geo_cov_urb,mts_details_wid,2013,138.076
col,sex_m,geo_cov_urb,mts_details_wid,2014,142.77
col,sex_m,geo_cov_urb,mts_details_wid,2015,144.477
col,sex_m,geo_cov_urb,mts_details_wid,2016,140.623
col,sex_m,geo_cov_urb,mts_details_wid,2017,145.488
col,sex_m,geo_cov_urb,mts_details_wid,2018,149.562
col,sex_m,geo_cov_urb,mts_details_wid,2019,157.515
col,sex_m,geo_cov_urb,mts_details_wid,2021,181.214
col,sex_t,geo_cov_nat,mts_aggregate_1,2002,4692.328
col,sex_t,geo_cov_nat,mts_aggregate_1,2003,4712.651
col,sex_t,geo_cov_nat,mts_aggregate_1,2004,5090.793
col,sex_t,geo_cov_nat,mts_aggregate_1,2005,5260.077
col,sex_t,geo_cov_nat,mts_aggregate_1,2007,7984.756
col,sex_t,geo_cov_nat,mts_aggregate_1,2008,5887.616
col,sex_t,geo_cov_nat,mts_aggregate_1,2009,5519.341
col,sex_t,geo_cov_nat,mts_aggregate_1,2010,5518.392
col,sex_t,geo_cov_nat,mts_aggregate_1,2011,5489.524
col,sex_t,geo_cov_nat,mts_aggregate_1,2012,5406.623
col,sex_t,geo_cov_nat,mts_aggregate_1,2013,5604.06
col,sex_t,geo_cov_nat,mts_aggregate_1,2014,5680.852
col,sex_t,geo_cov_nat,mts_aggregate_1,2015,5772.654
col,sex_t,geo_cov_nat,mts_aggregate_1,2016,5979.274
col,sex_t,geo_cov_nat,mts_aggregate_1,2017,6082.074
col,sex_t,geo_cov_nat,mts_aggregate_1,2018,6283.909
col,sex_t,geo_cov_nat,mts_aggregate_1,2019,6500.247
col,sex_t,geo_cov_nat,mts_aggregate_1,2021,7275.558
col,sex_t,geo_cov_nat,mts_aggregate_2,2002,4446.103
col,sex_t,geo_cov_nat,mts_aggregate_2,2003,4334.122
col,sex_t,geo_cov_nat,mts_aggregate_2,2004,4584.865
col,sex_t,geo_cov_nat,mts_aggregate_2,2005,4743.467
col,sex_t,geo_cov_nat,mts_aggregate_2,2007,2994.068
col,sex_t,geo_cov_nat,mts_aggregate_2,2008,5156.468
col,sex_t,geo_cov_nat,mts_aggregate_2,2009,4865.687
col,sex_t,geo_cov_nat,mts_aggregate_2,2010,4647.114
col,sex_t,geo_cov_nat,mts_aggregate_2,2011,4634.871
col,sex_t,geo_cov_nat,mts_aggregate_2,2012,4579.391
col,sex_t,geo_cov_nat,mts_aggregate_2,2013,4670.1
col,sex_t,geo_cov_nat,mts_aggregate_2,2014,4714.286
col,sex_t,geo_cov_nat,mts_aggregate_2,2015,4703.468
col,sex_t,geo_cov_nat,mts_aggregate_2,2016,4819.715
col,sex_t,geo_cov_nat,mts_aggregate_2,2017,4937.774
col,sex_t,geo_cov_nat,mts_aggregate_2,2018,5087.422
col,sex_t,geo_cov_nat,mts_aggregate_2,2019,5359.524
col,sex_t,geo_cov_nat,mts_aggregate_2,2021,6081.618
col,sex_t,geo_cov_nat,mts_aggregate_total,2002,9138.431
col,sex_t,geo_cov_nat,mts_aggregate_total,2003,9046.773
col,sex_t,geo_cov_nat,mts_aggregate_total,2004,9675.658
col,sex_t,geo_cov_nat,mts_aggregate_total,2005,10003.543
col,sex_t,geo_cov_nat,mts_aggregate_total,2007,10978.823
col,sex_t,geo_cov_nat,mts_aggregate_total,2008,11044.084
col,sex_t,geo_cov_nat,mts_aggregate_total,2009,10385.028
col,sex_t,geo_cov_nat,mts_aggregate_total,2010,10165.506
col,sex_t,geo_cov_nat,mts_aggregate_total,2011,10124.395
col,sex_t,geo_cov_nat,mts_aggregate_total,2012,9986.015
col,sex_t,geo_cov_nat,mts_aggregate_total,2013,10274.159
col,sex_t,geo_cov_nat,mts_aggregate_total,2014,10395.139
col,sex_t,geo_cov_nat,mts_aggregate_total,2015,10476.122
col,sex_t,geo_cov_nat,mts_aggregate_total,2016,10798.99
col,sex_t,geo_cov_nat,mts_aggregate_total,2017,11019.848
col,sex_t,geo_cov_nat,mts_aggregate_total,2018,11371.331
col,sex_t,geo_cov_nat,mts_aggregate_total,2019,11859.77
col,sex_t,geo_cov_nat,mts_aggregate_total,2021,13357.176
col,sex_t,geo_cov_nat,mts_details_mrd,2002,2632.582
col,sex_t,geo_cov_nat,mts_details_mrd,2003,2512.894
col,sex_t,geo_cov_nat,mts_details_mrd,2004,2616.534
col,sex_t,geo_cov_nat,mts_details_mrd,2005,2688.019
col,sex_t,geo_cov_nat,mts_details_mrd,2007,677.27
col,sex_t,geo_cov_nat,mts_details_mrd,2008,2757.126
col,sex_t,geo_cov_nat,mts_details_mrd,2009,2524.298
col,sex_t,geo_cov_nat,mts_details_mrd,2010,2420.966
col,sex_t,geo_cov_nat,mts_details_mrd,2011,2385.847
col,sex_t,geo_cov_nat,mts_details_mrd,2012,2313.951
col,sex_t,geo_cov_nat,mts_details_mrd,2013,2361.035
col,sex_t,geo_cov_nat,mts_details_mrd,2014,2351.385
col,sex_t,geo_cov_nat,mts_details_mrd,2015,2325.128
col,sex_t,geo_cov_nat,mts_details_mrd,2016,2424.123
col,sex_t,geo_cov_nat,mts_details_mrd,2017,2478.444
col,sex_t,geo_cov_nat,mts_details_mrd,2018,2466.903
col,sex_t,geo_cov_nat,mts_details_mrd,2019,2598.431
col,sex_t,geo_cov_nat,mts_details_mrd,2021,2824.704
col,sex_t,geo_cov_nat,mts_details_sep,2002,546.382
col,sex_t,geo_cov_nat,mts_details_sep,2003,567.801
col,sex_t,geo_cov_nat,mts_details_sep,2004,595.101
col,sex_t,geo_cov_nat,mts_details_sep,2005,631.798
col,sex_t,geo_cov_nat,mts_details_sep,2007,1071.053
col,sex_t,geo_cov_nat,mts_details_sep,2008,697.312
col,sex_t,geo_cov_nat,mts_details_sep,2009,676.744
col,sex_t,geo_cov_nat,mts_details_sep,2010,722.384
col,sex_t,geo_cov_nat,mts_details_sep,2011,748.217
col,sex_t,geo_cov_nat,mts_details_sep,2012,758.077
col,sex_t,geo_cov_nat,mts_details_sep,2013,827.892
col,sex_t,geo_cov_nat,mts_details_sep,2014,852.705
col,sex_t,geo_cov_nat,mts_details_sep,2015,904.479
col,sex_t,geo_cov_nat,mts_details_sep,2016,933.861
col,sex_t,geo_cov_nat,mts_details_sep,2017,985.065
col,sex_t,geo_cov_nat,mts_details_sep,2018,997.929
col,sex_t,geo_cov_nat,mts_details_sep,2019,1088.127
col,sex_t,geo_cov_nat,mts_details_sep,2021,1282.4
col,sex_t,geo_cov_nat,mts_details_sgle,2002,3210.323
col,sex_t,geo_cov_nat,mts_details_sgle,2003,3180.836
col,sex_t,geo_cov_nat,mts_details_sgle,2004,3529.983
col,sex_t,geo_cov_nat,mts_details_sgle,2005,3632.987
col,sex_t,geo_cov_nat,mts_details_sgle,2007,2810.481
col,sex_t,geo_cov_nat,mts_details_sgle,2008,4100.32
col,sex_t,geo_cov_nat,mts_details_sgle,2009,3807.764
col,sex_t,geo_cov_nat,mts_details_sgle,2010,3748.504
col,sex_t,geo_cov_nat,mts_details_sgle,2011,3684.635
col,sex_t,geo_cov_nat,mts_details_sgle,2012,3589.34
col,sex_t,geo_cov_nat,mts_details_sgle,2013,3690.113
col,sex_t,geo_cov_nat,mts_details_sgle,2014,3721.465
col,sex_t,geo_cov_nat,mts_details_sgle,2015,3739.42
col,sex_t,geo_cov_nat,mts_details_sgle,2016,3897.763
col,sex_t,geo_cov_nat,mts_details_sgle,2017,3927.677
col,sex_t,geo_cov_nat,mts_details_sgle,2018,4077.888
col,sex_t,geo_cov_nat,mts_details_sgle,2019,4173.699
col,sex_t,geo_cov_nat,mts_details_sgle,2021,4607.973
col,sex_t,geo_cov_nat,mts_details_total,2002,9138.431
col,sex_t,geo_cov_nat,mts_details_total,2003,9046.773
col,sex_t,geo_cov_nat,mts_details_total,2004,9675.658
col,sex_t,geo_cov_nat,mts_details_total,2005,10003.543
col,sex_t,geo_cov_nat,mts_details_total,2007,10978.823
col,sex_t,geo_cov_nat,mts_details_total,2008,11044.084
col,sex_t,geo_cov_nat,mts_details_total,2009,10385.028
col,sex_t,geo_cov_nat,mts_details_total,2010,10165.506
col,sex_t,geo_cov_nat,mts_details_total,2011,10124.395
col,sex_t,geo_cov_nat,mts_details_total,2012,9986.015
col,sex_t,geo_cov_nat,mts_details_total,2013,10274.159
col,sex_t,geo_cov_nat,mts_details_total,2014,10395.139
col,sex_t,geo_cov_nat,mts_details_total,2015,10476.122
col,sex_t,geo_cov_nat,mts_details_total,2016,10798.99
col,sex_t,geo_cov_nat,mts_details_total,2017,11019.848
col,sex_t,geo_cov_nat,mts_details_total,2018,11371.331
col,sex_t,geo_cov_nat,mts_details_total,2019,11859.77
col,sex_t,geo_cov_nat,mts_details_total,2021,13357.176
col,sex_t,geo_cov_nat,mts_details_union,2002,1813.521
col,sex_t,geo_cov_nat,mts_details_union,2003,1821.228
col,sex_t,geo_cov_nat,mts_details_union,2004,1968.331
col,sex_t,geo_cov_nat,mts_details_union,2005,2055.448
col,sex_t,geo_cov_nat,mts_details_union,2007,2316.797
col,sex_t,geo_cov_nat,mts_details_union,2008,2399.342
col,sex_t,geo_cov_nat,mts_details_union,2009,2341.389
col,sex_t,geo_cov_nat,mts_details_union,2010,2226.149
col,sex_t,geo_cov_nat,mts_details_union,2011,2249.025
col,sex_t,geo_cov_nat,mts_details_union,2012,2265.441
col,sex_t,geo_cov_nat,mts_details_union,2013,2309.064
col,sex_t,geo_cov_nat,mts_details_union,2014,2362.902
col,sex_t,geo_cov_nat,mts_details_union,2015,2378.34
col,sex_t,geo_cov_nat,mts_details_union,2016,2395.592
col,sex_t,geo_cov_nat,mts_details_union,2017,2459.33
col,sex_t,geo_cov_nat,mts_details_union,2018,2620.52
col,sex_t,geo_cov_nat,mts_details_union,2019,2761.092
col,sex_t,geo_cov_nat,mts_details_union,2021,3256.913
col,sex_t,geo_cov_nat,mts_details_wid,2002,935.624
col,sex_t,geo_cov_nat,mts_details_wid,2003,964.013
col,sex_t,geo_cov_nat,mts_details_wid,2004,965.71
col,sex_t,geo_cov_nat,mts_details_wid,2005,995.292
col,sex_t,geo_cov_nat,mts_details_wid,2007,4103.221
col,sex_t,geo_cov_nat,mts_details_wid,2008,1089.984
col,sex_t,geo_cov_nat,mts_details_wid,2009,1034.833
col,sex_t,geo_cov_nat,mts_details_wid,2010,1047.504
col,sex_t,geo_cov_nat,mts_details_wid,2011,1056.673
col,sex_t,geo_cov_nat,mts_details_wid,2012,1059.206
col,sex_t,geo_cov_nat,mts_details_wid,2013,1086.054
col,sex_t,geo_cov_nat,mts_details_wid,2014,1106.683
col,sex_t,geo_cov_nat,mts_details_wid,2015,1128.755
col,sex_t,geo_cov_nat,mts_details_wid,2016,1147.651
col,sex_t,geo_cov_nat,mts_details_wid,2017,1169.332
col,sex_t,geo_cov_nat,mts_details_wid,2018,1208.092
col,sex_t,geo_cov_nat,mts_details_wid,2019,1238.421
col,sex_t,geo_cov_nat,mts_details_wid,2021,1385.186
col,sex_t,geo_cov_rur,mts_aggregate_1,2002,901.686
col,sex_t,geo_cov_rur,mts_aggregate_1,2003,872.932
col,sex_t,geo_cov_rur,mts_aggregate_1,2004,970.763
col,sex_t,geo_cov_rur,mts_aggregate_1,2005,982.93
col,sex_t,geo_cov_rur,mts_aggregate_1,2007,1753.797
col,sex_t,geo_cov_rur,mts_aggregate_1,2008,1149.279
col,sex_t,geo_cov_rur,mts_aggregate_1,2009,1048.671
col,sex_t,geo_cov_rur,mts_aggregate_1,2010,1017.039
col,sex_t,geo_cov_rur,mts_aggregate_1,2011,1033.582
col,sex_t,geo_cov_rur,mts_aggregate_1,2012,990.604
col,sex_t,geo_cov_rur,mts_aggregate_1,2013,1009.489
col,sex_t,geo_cov_rur,mts_aggregate_1,2014,1054.458
col,sex_t,geo_cov_rur,mts_aggregate_1,2015,1028.603
col,sex_t,geo_cov_rur,mts_aggregate_1,2016,1051.947
col,sex_t,geo_cov_rur,mts_aggregate_1,2017,1019.471
col,sex_t,geo_cov_rur,mts_aggregate_1,2018,1060.901
col,sex_t,geo_cov_rur,mts_aggregate_1,2019,1141.235
col,sex_t,geo_cov_rur,mts_aggregate_1,2021,1313.443
col,sex_t,geo_cov_rur,mts_aggregate_2,2002,1373.575
col,sex_t,geo_cov_rur,mts_aggregate_2,2003,1325.738
col,sex_t,geo_cov_rur,mts_aggregate_2,2004,1348.732
col,sex_t,geo_cov_rur,mts_aggregate_2,2005,1420.754
col,sex_t,geo_cov_rur,mts_aggregate_2,2007,990.6
col,sex_t,geo_cov_rur,mts_aggregate_2,2008,1606.056
col,sex_t,geo_cov_rur,mts_aggregate_2,2009,1451.25
col,sex_t,geo_cov_rur,mts_aggregate_2,2010,1367.944
col,sex_t,geo_cov_rur,mts_aggregate_2,2011,1376.105
col,sex_t,geo_cov_rur,mts_aggregate_2,2012,1324.851
col,sex_t,geo_cov_rur,mts_aggregate_2,2013,1352.704
col,sex_t,geo_cov_rur,mts_aggregate_2,2014,1365.206
col,sex_t,geo_cov_rur,mts_aggregate_2,2015,1335.464
col,sex_t,geo_cov_rur,mts_aggregate_2,2016,1358.037
col,sex_t,geo_cov_rur,mts_aggregate_2,2017,1355.876
col,sex_t,geo_cov_rur,mts_aggregate_2,2018,1402.219
col,sex_t,geo_cov_rur,mts_aggregate_2,2019,1521.791
col,sex_t,geo_cov_rur,mts_aggregate_2,2021,1733.266
col,sex_t,geo_cov_rur,mts_aggregate_total,2002,2275.262
col,sex_t,geo_cov_rur,mts_aggregate_total,2003,2198.67
col,sex_t,geo_cov_rur,mts_aggregate_total,2004,2319.494
col,sex_t,geo_cov_rur,mts_aggregate_total,2005,2403.684
col,sex_t,geo_cov_rur,mts_aggregate_total,2007,2744.396
col,sex_t,geo_cov_rur,mts_aggregate_total,2008,2755.335
col,sex_t,geo_cov_rur,mts_aggregate_total,2009,2499.92
col,sex_t,geo_cov_rur,mts_aggregate_total,2010,2384.982
col,sex_t,geo_cov_rur,mts_aggregate_total,2011,2409.687
col,sex_t,geo_cov_rur,mts_aggregate_total,2012,2315.455
col,sex_t,geo_cov_rur,mts_aggregate_total,2013,2362.193
col,sex_t,geo_cov_rur,mts_aggregate_total,2014,2419.663
col,sex_t,geo_cov_rur,mts_aggregate_total,2015,2364.067
col,sex_t,geo_cov_rur,mts_aggregate_total,2016,2409.984
col,sex_t,geo_cov_rur,mts_aggregate_total,2017,2375.347
col,sex_t,geo_cov_rur,mts_aggregate_total,2018,2463.12
col,sex_t,geo_cov_rur,mts_aggregate_total,2019,2663.025
col,sex_t,geo_cov_rur,mts_aggregate_total,2021,3046.709
col,sex_t,geo_cov_rur,mts_details_mrd,2002,690.173
col,sex_t,geo_cov_rur,mts_details_mrd,2003,644.497
col,sex_t,geo_cov_rur,mts_details_mrd,2004,635.24
col,sex_t,geo_cov_rur,mts_details_mrd,2005,645.232
col,sex_t,geo_cov_rur,mts_details_mrd,2007,104.476
col,sex_t,geo_cov_rur,mts_details_mrd,2008,691.334
col,sex_t,geo_cov_rur,mts_details_mrd,2009,607.342
col,sex_t,geo_cov_rur,mts_details_mrd,2010,571.045
col,sex_t,geo_cov_rur,mts_details_mrd,2011,559.824
col,sex_t,geo_cov_rur,mts_details_mrd,2012,532.821
col,sex_t,geo_cov_rur,mts_details_mrd,2013,528.618
col,sex_t,geo_cov_rur,mts_details_mrd,2014,538.119
col,sex_t,geo_cov_rur,mts_details_mrd,2015,505.446
col,sex_t,geo_cov_rur,mts_details_mrd,2016,526.277
col,sex_t,geo_cov_rur,mts_details_mrd,2017,533.907
col,sex_t,geo_cov_rur,mts_details_mrd,2018,519.541
col,sex_t,geo_cov_rur,mts_details_mrd,2019,544.488
col,sex_t,geo_cov_rur,mts_details_mrd,2021,604.126
col,sex_t,geo_cov_rur,mts_details_sep,2002,105.044
col,sex_t,geo_cov_rur,mts_details_sep,2003,97.933
col,sex_t,geo_cov_rur,mts_details_sep,2004,109.732
col,sex_t,geo_cov_rur,mts_details_sep,2005,106.266
col,sex_t,geo_cov_rur,mts_details_sep,2007,211.224
col,sex_t,geo_cov_rur,mts_details_sep,2008,118.04
col,sex_t,geo_cov_rur,mts_details_sep,2009,107.934
col,sex_t,geo_cov_rur,mts_details_sep,2010,114.394
col,sex_t,geo_cov_rur,mts_details_sep,2011,119.646
col,sex_t,geo_cov_rur,mts_details_sep,2012,118.896
col,sex_t,geo_cov_rur,mts_details_sep,2013,129.769
col,sex_t,geo_cov_rur,mts_details_sep,2014,142.11
col,sex_t,geo_cov_rur,mts_details_sep,2015,132.394
col,sex_t,geo_cov_rur,mts_details_sep,2016,139.543
col,sex_t,geo_cov_rur,mts_details_sep,2017,140.018
col,sex_t,geo_cov_rur,mts_details_sep,2018,146.192
col,sex_t,geo_cov_rur,mts_details_sep,2019,175.9
col,sex_t,geo_cov_rur,mts_details_sep,2021,229.961
col,sex_t,geo_cov_rur,mts_details_sgle,2002,615.729
col,sex_t,geo_cov_rur,mts_details_sgle,2003,584.831
col,sex_t,geo_cov_rur,mts_details_sgle,2004,663.93
col,sex_t,geo_cov_rur,mts_details_sgle,2005,684.634
col,sex_t,geo_cov_rur,mts_details_sgle,2007,720.086
col,sex_t,geo_cov_rur,mts_details_sgle,2008,804.848
col,sex_t,geo_cov_rur,mts_details_sgle,2009,737.339
col,sex_t,geo_cov_rur,mts_details_sgle,2010,696.358
col,sex_t,geo_cov_rur,mts_details_sgle,2011,706.229
col,sex_t,geo_cov_rur,mts_details_sgle,2012,666.317
col,sex_t,geo_cov_rur,mts_details_sgle,2013,673.492
col,sex_t,geo_cov_rur,mts_details_sgle,2014,705.541
col,sex_t,geo_cov_rur,mts_details_sgle,2015,688.599
col,sex_t,geo_cov_rur,mts_details_sgle,2016,704.207
col,sex_t,geo_cov_rur,mts_details_sgle,2017,675.644
col,sex_t,geo_cov_rur,mts_details_sgle,2018,700.175
col,sex_t,geo_cov_rur,mts_details_sgle,2019,745.272
col,sex_t,geo_cov_rur,mts_details_sgle,2021,833.494
col,sex_t,geo_cov_rur,mts_details_total,2002,2275.262
col,sex_t,geo_cov_rur,mts_details_total,2003,2198.67
col,sex_t,geo_cov_rur,mts_details_total,2004,2319.494
col,sex_t,geo_cov_rur,mts_details_total,2005,2403.684
col,sex_t,geo_cov_rur,mts_details_total,2007,2744.396
col,sex_t,geo_cov_rur,mts_details_total,2008,2755.335
col,sex_t,geo_cov_rur,mts_details_total,2009,2499.92
col,sex_t,geo_cov_rur,mts_details_total,2010,2384.982
col,sex_t,geo_cov_rur,mts_details_total,2011,2409.687
col,sex_t,geo_cov_rur,mts_details_total,2012,2315.455
col,sex_t,geo_cov_rur,mts_details_total,2013,2362.193
col,sex_t,geo_cov_rur,mts_details_total,2014,2419.663
col,sex_t,geo_cov_rur,mts_details_total,2015,2364.067
col,sex_t,geo_cov_rur,mts_details_total,2016,2409.984
col,sex_t,geo_cov_rur,mts_details_total,2017,2375.347
col,sex_t,geo_cov_rur,mts_details_total,2018,2463.12
col,sex_t,geo_cov_rur,mts_details_total,2019,2663.025
col,sex_t,geo_cov_rur,mts_details_total,2021,3046.709
col,sex_t,geo_cov_rur,mts_details_union,2002,683.402
col,sex_t,geo_cov_rur,mts_details_union,2003,681.241
col,sex_t,geo_cov_rur,mts_details_union,2004,713.492
col,sex_t,geo_cov_rur,mts_details_union,2005,775.522
col,sex_t,geo_cov_rur,mts_details_union,2007,886.124
col,sex_t,geo_cov_rur,mts_details_union,2008,914.722
col,sex_t,geo_cov_rur,mts_details_union,2009,843.908
col,sex_t,geo_cov_rur,mts_details_union,2010,796.899
col,sex_t,geo_cov_rur,mts_details_union,2011,816.282
col,sex_t,geo_cov_rur,mts_details_union,2012,792.03
col,sex_t,geo_cov_rur,mts_details_union,2013,824.086
col,sex_t,geo_cov_rur,mts_details_union,2014,827.087
col,sex_t,geo_cov_rur,mts_details_union,2015,830.018
col,sex_t,geo_cov_rur,mts_details_union,2016,831.759
col,sex_t,geo_cov_rur,mts_details_union,2017,821.969
col,sex_t,geo_cov_rur,mts_details_union,2018,882.678
col,sex_t,geo_cov_rur,mts_details_union,2019,977.302
col,sex_t,geo_cov_rur,mts_details_union,2021,1129.14
col,sex_t,geo_cov_rur,mts_details_wid,2002,180.914
col,sex_t,geo_cov_rur,mts_details_wid,2003,190.168
col,sex_t,geo_cov_rur,mts_details_wid,2004,197.1
col,sex_t,geo_cov_rur,mts_details_wid,2005,192.029
col,sex_t,geo_cov_rur,mts_details_wid,2007,822.487
col,sex_t,geo_cov_rur,mts_details_wid,2008,226.391
col,sex_t,geo_cov_rur,mts_details_wid,2009,203.398
col,sex_t,geo_cov_rur,mts_details_wid,2010,206.287
col,sex_t,geo_cov_rur,mts_details_wid,2011,207.707
col,sex_t,geo_cov_rur,mts_details_wid,2012,205.391
col,sex_t,geo_cov_rur,mts_details_wid,2013,206.228
col,sex_t,geo_cov_rur,mts_details_wid,2014,206.807
col,sex_t,geo_cov_rur,mts_details_wid,2015,207.611
col,sex_t,geo_cov_rur,mts_details_wid,2016,208.197
col,sex_t,geo_cov_rur,mts_details_wid,2017,203.81
col,sex_t,geo_cov_rur,mts_details_wid,2018,214.534
col,sex_t,geo_cov_rur,mts_details_wid,2019,220.064
col,sex_t,geo_cov_rur,mts_details_wid,2021,249.988
col,sex_t,geo_cov_urb,mts_aggregate_1,2002,3790.641
col,sex_t,geo_cov_urb,mts_aggregate_1,2003,3839.719
col,sex_t,geo_cov_urb,mts_aggregate_1,2004,4120.031
col,sex_t,geo_cov_urb,mts_aggregate_1,2005,4277.147
col,sex_t,geo_cov_urb,mts_aggregate_1,2007,6230.959
col,sex_t,geo_cov_urb,mts_aggregate_1,2008,4738.337
col,sex_t,geo_cov_urb,mts_aggregate_1,2009,4470.67
col,sex_t,geo_cov_urb,mts_aggregate_1,2010,4501.353
col,sex_t,geo_cov_urb,mts_aggregate_1,2011,4455.942
col,sex_t,geo_cov_urb,mts_aggregate_1,2012,4416.019
col,sex_t,geo_cov_urb,mts_aggregate_1,2013,4594.57
col,sex_t,geo_cov_urb,mts_aggregate_1,2014,4626.395
col,sex_t,geo_cov_urb,mts_aggregate_1,2015,4744.051
col,sex_t,geo_cov_urb,mts_aggregate_1,2016,4927.327
col,sex_t,geo_cov_urb,mts_aggregate_1,2017,5062.602
col,sex_t,geo_cov_urb,mts_aggregate_1,2018,5223.008
col,sex_t,geo_cov_urb,mts_aggregate_1,2019,5359.012
col,sex_t,geo_cov_urb,mts_aggregate_1,2021,5962.115
col,sex_t,geo_cov_urb,mts_aggregate_2,2002,3072.528
col,sex_t,geo_cov_urb,mts_aggregate_2,2003,3008.384
col,sex_t,geo_cov_urb,mts_aggregate_2,2004,3236.134
col,sex_t,geo_cov_urb,mts_aggregate_2,2005,3322.712
col,sex_t,geo_cov_urb,mts_aggregate_2,2007,2003.468
col,sex_t,geo_cov_urb,mts_aggregate_2,2008,3550.412
col,sex_t,geo_cov_urb,mts_aggregate_2,2009,3414.437
col,sex_t,geo_cov_urb,mts_aggregate_2,2010,3279.171
col,sex_t,geo_cov_urb,mts_aggregate_2,2011,3258.766
col,sex_t,geo_cov_urb,mts_aggregate_2,2012,3254.541
col,sex_t,geo_cov_urb,mts_aggregate_2,2013,3317.396
col,sex_t,geo_cov_urb,mts_aggregate_2,2014,3349.081
col,sex_t,geo_cov_urb,mts_aggregate_2,2015,3368.004
col,sex_t,geo_cov_urb,mts_aggregate_2,2016,3461.679
col,sex_t,geo_cov_urb,mts_aggregate_2,2017,3581.898
col,sex_t,geo_cov_urb,mts_aggregate_2,2018,3685.203
col,sex_t,geo_cov_urb,mts_aggregate_2,2019,3837.733
col,sex_t,geo_cov_urb,mts_aggregate_2,2021,4348.352
col,sex_t,geo_cov_urb,mts_aggregate_total,2002,6863.169
col,sex_t,geo_cov_urb,mts_aggregate_total,2003,6848.103
col,sex_t,geo_cov_urb,mts_aggregate_total,2004,7356.164
col,sex_t,geo_cov_urb,mts_aggregate_total,2005,7599.859
col,sex_t,geo_cov_urb,mts_aggregate_total,2007,8234.427
col,sex_t,geo_cov_urb,mts_aggregate_total,2008,8288.749
col,sex_t,geo_cov_urb,mts_aggregate_total,2009,7885.107
col,sex_t,geo_cov_urb,mts_aggregate_total,2010,7780.524
col,sex_t,geo_cov_urb,mts_aggregate_total,2011,7714.708
col,sex_t,geo_cov_urb,mts_aggregate_total,2012,7670.56
col,sex_t,geo_cov_urb,mts_aggregate_total,2013,7911.966
col,sex_t,geo_cov_urb,mts_aggregate_total,2014,7975.476
col,sex_t,geo_cov_urb,mts_aggregate_total,2015,8112.055
col,sex_t,geo_cov_urb,mts_aggregate_total,2016,8389.006
col,sex_t,geo_cov_urb,mts_aggregate_total,2017,8644.5
col,sex_t,geo_cov_urb,mts_aggregate_total,2018,8908.212
col,sex_t,geo_cov_urb,mts_aggregate_total,2019,9196.745
col,sex_t,geo_cov_urb,mts_aggregate_total,2021,10310.467
col,sex_t,geo_cov_urb,mts_details_mrd,2002,1942.409
col,sex_t,geo_cov_urb,mts_details_mrd,2003,1868.397
col,sex_t,geo_cov_urb,mts_details_mrd,2004,1981.294
col,sex_t,geo_cov_urb,mts_details_mrd,2005,2042.787
col,sex_t,geo_cov_urb,mts_details_mrd,2007,572.795
col,sex_t,geo_cov_urb,mts_details_mrd,2008,2065.792
col,sex_t,geo_cov_urb,mts_details_mrd,2009,1916.956
col,sex_t,geo_cov_urb,mts_details_mrd,2010,1849.921
col,sex_t,geo_cov_urb,mts_details_mrd,2011,1826.023
col,sex_t,geo_cov_urb,mts_details_mrd,2012,1781.13
col,sex_t,geo_cov_urb,mts_details_mrd,2013,1832.417
col,sex_t,geo_cov_urb,mts_details_mrd,2014,1813.266
col,sex_t,geo_cov_urb,mts_details_mrd,2015,1819.682
col,sex_t,geo_cov_urb,mts_details_mrd,2016,1897.846
col,sex_t,geo_cov_urb,mts_details_mrd,2017,1944.537
col,sex_t,geo_cov_urb,mts_details_mrd,2018,1947.361
col,sex_t,geo_cov_urb,mts_details_mrd,2019,2053.943
col,sex_t,geo_cov_urb,mts_details_mrd,2021,2220.578
col,sex_t,geo_cov_urb,mts_details_sep,2002,441.338
col,sex_t,geo_cov_urb,mts_details_sep,2003,469.868
col,sex_t,geo_cov_urb,mts_details_sep,2004,485.368
col,sex_t,geo_cov_urb,mts_details_sep,2005,525.532
col,sex_t,geo_cov_urb,mts_details_sep,2007,859.829
col,sex_t,geo_cov_urb,mts_details_sep,2008,579.272
col,sex_t,geo_cov_urb,mts_details_sep,2009,568.81
col,sex_t,geo_cov_urb,mts_details_sep,2010,607.99
col,sex_t,geo_cov_urb,mts_details_sep,2011,628.571
col,sex_t,geo_cov_urb,mts_details_sep,2012,639.181
col,sex_t,geo_cov_urb,mts_details_sep,2013,698.124
col,sex_t,geo_cov_urb,mts_details_sep,2014,710.595
col,sex_t,geo_cov_urb,mts_details_sep,2015,772.086
col,sex_t,geo_cov_urb,mts_details_sep,2016,794.318
col,sex_t,geo_cov_urb,mts_details_sep,2017,845.048
col,sex_t,geo_cov_urb,mts_details_sep,2018,851.737
col,sex_t,geo_cov_urb,mts_details_sep,2019,912.227
col,sex_t,geo_cov_urb,mts_details_sep,2021,1052.439
col,sex_t,geo_cov_urb,mts_details_sgle,2002,2594.594
col,sex_t,geo_cov_urb,mts_details_sgle,2003,2596.006
col,sex_t,geo_cov_urb,mts_details_sgle,2004,2866.053
col,sex_t,geo_cov_urb,mts_details_sgle,2005,2948.352
col,sex_t,geo_cov_urb,mts_details_sgle,2007,2090.396
col,sex_t,geo_cov_urb,mts_details_sgle,2008,3295.473
col,sex_t,geo_cov_urb,mts_details_sgle,2009,3070.425
col,sex_t,geo_cov_urb,mts_details_sgle,2010,3052.147
col,sex_t,geo_cov_urb,mts_details_sgle,2011,2978.406
col,sex_t,geo_cov_urb,mts_details_sgle,2012,2923.023
col,sex_t,geo_cov_urb,mts_details_sgle,2013,3016.621
col,sex_t,geo_cov_urb,mts_details_sgle,2014,3015.923
col,sex_t,geo_cov_urb,mts_details_sgle,2015,3050.821
col,sex_t,geo_cov_urb,mts_details_sgle,2016,3193.555
col,sex_t,geo_cov_urb,mts_details_sgle,2017,3252.033
col,sex_t,geo_cov_urb,mts_details_sgle,2018,3377.714
col,sex_t,geo_cov_urb,mts_details_sgle,2019,3428.427
col,sex_t,geo_cov_urb,mts_details_sgle,2021,3774.479
col,sex_t,geo_cov_urb,mts_details_total,2002,6863.169
col,sex_t,geo_cov_urb,mts_details_total,2003,6848.103
col,sex_t,geo_cov_urb,mts_details_total,2004,7356.164
col,sex_t,geo_cov_urb,mts_details_total,2005,7599.859
col,sex_t,geo_cov_urb,mts_details_total,2007,8234.427
col,sex_t,geo_cov_urb,mts_details_total,2008,8288.749
col,sex_t,geo_cov_urb,mts_details_total,2009,7885.107
col,sex_t,geo_cov_urb,mts_details_total,2010,7780.524
col,sex_t,geo_cov_urb,mts_details_total,2011,7714.708
col,sex_t,geo_cov_urb,mts_details_total,2012,7670.56
col,sex_t,geo_cov_urb,mts_details_total,2013,7911.966
col,sex_t,geo_cov_urb,mts_details_total,2014,7975.476
col,sex_t,geo_cov_urb,mts_details_total,2015,8112.055
col,sex_t,geo_cov_urb,mts_details_total,2016,8389.006
col,sex_t,geo_cov_urb,mts_details_total,2017,8644.5
col,sex_t,geo_cov_urb,mts_details_total,2018,8908.212
col,sex_t,geo_cov_urb,mts_details_total,2019,9196.745
col,sex_t,geo_cov_urb,mts_details_total,2021,10310.467
col,sex_t,geo_cov_urb,mts_details_union,2002,1130.119
col,sex_t,geo_cov_urb,mts_details_union,2003,1139.987
col,sex_t,geo_cov_urb,mts_details_union,2004,1254.84
col,sex_t,geo_cov_urb,mts_details_union,2005,1279.926
col,sex_t,geo_cov_urb,mts_details_union,2007,1430.673
col,sex_t,geo_cov_urb,mts_details_union,2008,1484.62
col,sex_t,geo_cov_urb,mts_details_union,2009,1497.481
col,sex_t,geo_cov_urb,mts_details_union,2010,1429.25
col,sex_t,geo_cov_urb,mts_details_union,2011,1432.743
col,sex_t,geo_cov_urb,mts_details_union,2012,1473.411
col,sex_t,geo_cov_urb,mts_details_union,2013,1484.978
col,sex_t,geo_cov_urb,mts_details_union,2014,1535.815
col,sex_t,geo_cov_urb,mts_details_union,2015,1548.322
col,sex_t,geo_cov_urb,mts_details_union,2016,1563.833
col,sex_t,geo_cov_urb,mts_details_union,2017,1637.361
col,sex_t,geo_cov_urb,mts_details_union,2018,1737.842
col,sex_t,geo_cov_urb,mts_details_union,2019,1783.79
col,sex_t,geo_cov_urb,mts_details_union,2021,2127.773
col,sex_t,geo_cov_urb,mts_details_wid,2002,754.71
col,sex_t,geo_cov_urb,mts_details_wid,2003,773.845
col,sex_t,geo_cov_urb,mts_details_wid,2004,768.61
col,sex_t,geo_cov_urb,mts_details_wid,2005,803.263
col,sex_t,geo_cov_urb,mts_details_wid,2007,3280.734
col,sex_t,geo_cov_urb,mts_details_wid,2008,863.593
col,sex_t,geo_cov_urb,mts_details_wid,2009,831.436
col,sex_t,geo_cov_urb,mts_details_wid,2010,841.217
col,sex_t,geo_cov_urb,mts_details_wid,2011,848.965
col,sex_t,geo_cov_urb,mts_details_wid,2012,853.815
col,sex_t,geo_cov_urb,mts_details_wid,2013,879.826
col,sex_t,geo_cov_urb,mts_details_wid,2014,899.876
col,sex_t,geo_cov_urb,mts_details_wid,2015,921.144
col,sex_t,geo_cov_urb,mts_details_wid,2016,939.454
col,sex_t,geo_cov_urb,mts_details_wid,2017,965.522
col,sex_t,geo_cov_urb,mts_details_wid,2018,993.557
col,sex_t,geo_cov_urb,mts_details_wid,2019,1018.357
col,sex_t,geo_cov_urb,mts_details_wid,2021,1135.197
com,sex_f,geo_cov_nat,mts_aggregate_1,2004,66.169
com,sex_f,geo_cov_nat,mts_aggregate_1,2014,77.207
com,sex_f,geo_cov_nat,mts_aggregate_2,2004,49.61
com,sex_f,geo_cov_nat,mts_aggregate_2,2014,71.616
com,sex_f,geo_cov_nat,mts_aggregate_total,2004,119.216
com,sex_f,geo_cov_nat,mts_aggregate_total,2014,148.823
com,sex_f,geo_cov_nat,mts_aggregate_x,2004,3.437
com,sex_f,geo_cov_nat,mts_details_mrd,2014,71.616
com,sex_f,geo_cov_nat,mts_details_sep,2014,8.155
com,sex_f,geo_cov_nat,mts_details_sgle,2014,57.207
com,sex_f,geo_cov_nat,mts_details_total,2014,148.823
com,sex_f,geo_cov_nat,mts_details_wid,2014,11.845
com,sex_f,geo_cov_rur,mts_aggregate_1,2004,44.833
com,sex_f,geo_cov_rur,mts_aggregate_1,2014,42.633
com,sex_f,geo_cov_rur,mts_aggregate_2,2004,35.474
com,sex_f,geo_cov_rur,mts_aggregate_2,2014,43.574
com,sex_f,geo_cov_rur,mts_aggregate_total,2004,82.631
com,sex_f,geo_cov_rur,mts_aggregate_total,2014,86.207
com,sex_f,geo_cov_rur,mts_aggregate_x,2004,2.324
com,sex_f,geo_cov_rur,mts_details_mrd,2014,43.574
com,sex_f,geo_cov_rur,mts_details_sep,2014,3.767
com,sex_f,geo_cov_rur,mts_details_sgle,2014,31.457
com,sex_f,geo_cov_rur,mts_details_total,2014,86.207
com,sex_f,geo_cov_rur,mts_details_wid,2014,7.41
com,sex_f,geo_cov_urb,mts_aggregate_1,2004,21.335
com,sex_f,geo_cov_urb,mts_aggregate_1,2014,34.574
com,sex_f,geo_cov_urb,mts_aggregate_2,2004,14.136
com,sex_f,geo_cov_urb,mts_aggregate_2,2014,28.042
com,sex_f,geo_cov_urb,mts_aggregate_total,2004,36.585
com,sex_f,geo_cov_urb,mts_aggregate_total,2014,62.616
com,sex_f,geo_cov_urb,mts_aggregate_x,2004,1.113
com,sex_f,geo_cov_urb,mts_details_mrd,2014,28.042
com,sex_f,geo_cov_urb,mts_details_sep,2014,4.389
com,sex_f,geo_cov_urb,mts_details_sgle,2014,25.75
com,sex_f,geo_cov_urb,mts_details_total,2014,62.616
com,sex_f,geo_cov_urb,mts_details_wid,2014,4.435
com,sex_m,geo_cov_nat,mts_aggregate_1,2004,60.749
com,sex_m,geo_cov_nat,mts_aggregate_1,2014,59.727
com,sex_m,geo_cov_nat,mts_aggregate_2,2004,18.468
com,sex_m,geo_cov_nat,mts_aggregate_2,2014,27.324
com,sex_m,geo_cov_nat,mts_aggregate_total,2004,82.614
com,sex_m,geo_cov_nat,mts_aggregate_total,2014,87.051
com,sex_m,geo_cov_nat,mts_aggregate_x,2004,3.397
com,sex_m,geo_cov_nat,mts_details_mrd,2014,27.324
com,sex_m,geo_cov_nat,mts_details_sep,2014,1.093
com,sex_m,geo_cov_nat,mts_details_sgle,2014,56.994
com,sex_m,geo_cov_nat,mts_details_total,2014,87.051
com,sex_m,geo_cov_nat,mts_details_wid,2014,1.64
com,sex_m,geo_cov_rur,mts_aggregate_1,2004,40.429
com,sex_m,geo_cov_rur,mts_aggregate_1,2014,31.741
com,sex_m,geo_cov_rur,mts_aggregate_2,2004,13.836
com,sex_m,geo_cov_rur,mts_aggregate_2,2014,17.49
com,sex_m,geo_cov_rur,mts_aggregate_total,2004,56.573
com,sex_m,geo_cov_rur,mts_aggregate_total,2014,49.231
com,sex_m,geo_cov_rur,mts_aggregate_x,2004,2.308
com,sex_m,geo_cov_rur,mts_details_mrd,2014,17.49
com,sex_m,geo_cov_rur,mts_details_sep,2014,0.337
com,sex_m,geo_cov_rur,mts_details_sgle,2014,30.292
com,sex_m,geo_cov_rur,mts_details_total,2014,49.231
com,sex_m,geo_cov_rur,mts_details_wid,2014,1.111
com,sex_m,geo_cov_urb,mts_aggregate_1,2004,20.32
com,sex_m,geo_cov_urb,mts_aggregate_1,2014,27.986
com,sex_m,geo_cov_urb,mts_aggregate_2,2004,4.632
com,sex_m,geo_cov_urb,mts_aggregate_2,2014,9.834
com,sex_m,geo_cov_urb,mts_aggregate_total,2004,26.041
com,sex_m,geo_cov_urb,mts_aggregate_total,2014,37.82
com,sex_m,geo_cov_urb,mts_aggregate_x,2004,1.089
com,sex_m,geo_cov_urb,mts_details_mrd,2014,9.834
com,sex_m,geo_cov_urb,mts_details_sep,2014,0.756
com,sex_m,geo_cov_urb,mts_details_sgle,2014,26.702
com,sex_m,geo_cov_urb,mts_details_total,2014,37.82
com,sex_m,geo_cov_urb,mts_details_wid,2014,0.529
com,sex_t,geo_cov_nat,mts_aggregate_1,2004,126.918
com,sex_t,geo_cov_nat,mts_aggregate_1,2014,136.934
com,sex_t,geo_cov_nat,mts_aggregate_2,2004,68.078
com,sex_t,geo_cov_nat,mts_aggregate_2,2014,98.94
com,sex_t,geo_cov_nat,mts_aggregate_total,2004,201.829
com,sex_t,geo_cov_nat,mts_aggregate_total,2014,235.874
com,sex_t,geo_cov_nat,mts_aggregate_x,2004,6.834
com,sex_t,geo_cov_nat,mts_details_mrd,2014,98.94
com,sex_t,geo_cov_nat,mts_details_sep,2014,9.248
com,sex_t,geo_cov_nat,mts_details_sgle,2014,114.201
com,sex_t,geo_cov_nat,mts_details_total,2014,235.874
com,sex_t,geo_cov_nat,mts_details_wid,2014,13.485
com,sex_t,geo_cov_rur,mts_aggregate_1,2004,85.262
com,sex_t,geo_cov_rur,mts_aggregate_1,2014,74.374
com,sex_t,geo_cov_rur,mts_aggregate_2,2004,49.309
com,sex_t,geo_cov_rur,mts_aggregate_2,2014,61.064
com,sex_t,geo_cov_rur,mts_aggregate_total,2004,139.204
com,sex_t,geo_cov_rur,mts_aggregate_total,2014,135.438
com,sex_t,geo_cov_rur,mts_aggregate_x,2004,4.633
com,sex_t,geo_cov_rur,mts_details_mrd,2014,61.064
com,sex_t,geo_cov_rur,mts_details_sep,2014,4.104
com,sex_t,geo_cov_rur,mts_details_sgle,2014,61.749
com,sex_t,geo_cov_rur,mts_details_total,2014,135.438
com,sex_t,geo_cov_rur,mts_details_wid,2014,8.521
com,sex_t,geo_cov_urb,mts_aggregate_1,2004,41.655
com,sex_t,geo_cov_urb,mts_aggregate_1,2014,62.56
com,sex_t,geo_cov_urb,mts_aggregate_2,2004,18.768
com,sex_t,geo_cov_urb,mts_aggregate_2,2014,37.876
com,sex_t,geo_cov_urb,mts_aggregate_total,2004,62.625
com,sex_t,geo_cov_urb,mts_aggregate_total,2014,100.437
com,sex_t,geo_cov_urb,mts_aggregate_x,2004,2.202
com,sex_t,geo_cov_urb,mts_details_mrd,2014,37.876
com,sex_t,geo_cov_urb,mts_details_sep,2014,5.144
com,sex_t,geo_cov_urb,mts_details_sgle,2014,52.452
com,sex_t,geo_cov_urb,mts_details_total,2014,100.437
com,sex_t,geo_cov_urb,mts_details_wid,2014,4.964
cpv,sex_f,geo_cov_nat,mts_aggregate_1,2015,40.461
cpv,sex_f,geo_cov_nat,mts_aggregate_2,2015,18.353
cpv,sex_f,geo_cov_nat,mts_aggregate_total,2015,58.875
cpv,sex_f,geo_cov_nat,mts_details_mrd,2015,10.415
cpv,sex_f,geo_cov_nat,mts_details_sep,2015,5.419
cpv,sex_f,geo_cov_nat,mts_details_sgle,2015,27.938
cpv,sex_f,geo_cov_nat,mts_details_total,2015,58.875
cpv,sex_f,geo_cov_nat,mts_details_union,2015,7.939
cpv,sex_f,geo_cov_nat,mts_details_wid,2015,7.104
cpv,sex_f,geo_cov_rur,mts_aggregate_1,2015,16.198
cpv,sex_f,geo_cov_rur,mts_aggregate_2,2015,7.194
cpv,sex_f,geo_cov_rur,mts_aggregate_total,2015,23.452
cpv,sex_f,geo_cov_rur,mts_details_mrd,2015,4.604
cpv,sex_f,geo_cov_rur,mts_details_sep,2015,2.354
cpv,sex_f,geo_cov_rur,mts_details_sgle,2015,10.71
cpv,sex_f,geo_cov_rur,mts_details_total,2015,23.452
cpv,sex_f,geo_cov_rur,mts_details_union,2015,2.59
cpv,sex_f,geo_cov_rur,mts_details_wid,2015,3.134
cpv,sex_f,geo_cov_urb,mts_aggregate_1,2015,24.264
cpv,sex_f,geo_cov_urb,mts_aggregate_2,2015,11.159
cpv,sex_f,geo_cov_urb,mts_aggregate_total,2015,35.423
cpv,sex_f,geo_cov_urb,mts_details_mrd,2015,5.81
cpv,sex_f,geo_cov_urb,mts_details_sep,2015,3.065
cpv,sex_f,geo_cov_urb,mts_details_sgle,2015,17.229
cpv,sex_f,geo_cov_urb,mts_details_total,2015,35.423
cpv,sex_f,geo_cov_urb,mts_details_union,2015,5.349
cpv,sex_f,geo_cov_urb,mts_details_wid,2015,3.97
cpv,sex_m,geo_cov_nat,mts_aggregate_1,2015,30.257
cpv,sex_m,geo_cov_nat,mts_aggregate_2,2015,10.892
cpv,sex_m,geo_cov_nat,mts_aggregate_total,2015,41.665
cpv,sex_m,geo_cov_nat,mts_aggregate_x,2015,0.516
cpv,sex_m,geo_cov_nat,mts_details_mrd,2015,8.265
cpv,sex_m,geo_cov_nat,mts_details_sep,2015,1.885
cpv,sex_m,geo_cov_nat,mts_details_sgle,2015,27.086
cpv,sex_m,geo_cov_nat,mts_details_total,2015,41.665
cpv,sex_m,geo_cov_nat,mts_details_union,2015,2.627
cpv,sex_m,geo_cov_nat,mts_details_wid,2015,1.286
cpv,sex_m,geo_cov_nat,mts_details_x,2015,0.516
cpv,sex_m,geo_cov_rur,mts_aggregate_1,2015,12.588
cpv,sex_m,geo_cov_rur,mts_aggregate_2,2015,3.9
cpv,sex_m,geo_cov_rur,mts_aggregate_total,2015,16.701
cpv,sex_m,geo_cov_rur,mts_details_mrd,2015,3.123
cpv,sex_m,geo_cov_rur,mts_details_sep,2015,0.608
cpv,sex_m,geo_cov_rur,mts_details_sgle,2015,11.401
cpv,sex_m,geo_cov_rur,mts_details_total,2015,16.701
cpv,sex_m,geo_cov_rur,mts_details_union,2015,0.777
cpv,sex_m,geo_cov_rur,mts_details_wid,2015,0.58
cpv,sex_m,geo_cov_urb,mts_aggregate_1,2015,17.669
cpv,sex_m,geo_cov_urb,mts_aggregate_2,2015,6.992
cpv,sex_m,geo_cov_urb,mts_aggregate_total,2015,24.963
cpv,sex_m,geo_cov_urb,mts_details_mrd,2015,5.142
cpv,sex_m,geo_cov_urb,mts_details_sep,2015,1.278
cpv,sex_m,geo_cov_urb,mts_details_sgle,2015,15.685
cpv,sex_m,geo_cov_urb,mts_details_total,2015,24.963
cpv,sex_m,geo_cov_urb,mts_details_union,2015,1.85
cpv,sex_m,geo_cov_urb,mts_details_wid,2015,0.707
cpv,sex_t,geo_cov_nat,mts_aggregate_1,2015,70.718
cpv,sex_t,geo_cov_nat,mts_aggregate_2,2015,29.245
cpv,sex_t,geo_cov_nat,mts_aggregate_total,2015,100.54
cpv,sex_t,geo_cov_nat,mts_aggregate_x,2015,0.576
cpv,sex_t,geo_cov_nat,mts_details_mrd,2015,18.68
cpv,sex_t,geo_cov_nat,mts_details_sep,2015,7.304
cpv,sex_t,geo_cov_nat,mts_details_sgle,2015,55.024
cpv,sex_t,geo_cov_nat,mts_details_total,2015,100.54
cpv,sex_t,geo_cov_nat,mts_details_union,2015,10.566
cpv,sex_t,geo_cov_nat,mts_details_wid,2015,8.39
cpv,sex_t,geo_cov_nat,mts_details_x,2015,0.576
cpv,sex_t,geo_cov_rur,mts_aggregate_1,2015,28.786
cpv,sex_t,geo_cov_rur,mts_aggregate_2,2015,11.094
cpv,sex_t,geo_cov_rur,mts_aggregate_total,2015,40.154
cpv,sex_t,geo_cov_rur,mts_aggregate_x,2015,0.273
cpv,sex_t,geo_cov_rur,mts_details_mrd,2015,7.728
cpv,sex_t,geo_cov_rur,mts_details_sep,2015,2.962
cpv,sex_t,geo_cov_rur,mts_details_sgle,2015,22.111
cpv,sex_t,geo_cov_rur,mts_details_total,2015,40.154
cpv,sex_t,geo_cov_rur,mts_details_union,2015,3.367
cpv,sex_t,geo_cov_rur,mts_details_wid,2015,3.714
cpv,sex_t,geo_cov_rur,mts_details_x,2015,0.273
cpv,sex_t,geo_cov_urb,mts_aggregate_1,2015,41.932
cpv,sex_t,geo_cov_urb,mts_aggregate_2,2015,18.151
cpv,sex_t,geo_cov_urb,mts_aggregate_total,2015,60.386
cpv,sex_t,geo_cov_urb,mts_details_mrd,2015,10.952
cpv,sex_t,geo_cov_urb,mts_details_sep,2015,4.342
cpv,sex_t,geo_cov_urb,mts_details_sgle,2015,32.913
cpv,sex_t,geo_cov_urb,mts_details_total,2015,60.386
cpv,sex_t,geo_cov_urb,mts_details_union,2015,7.199
cpv,sex_t,geo_cov_urb,mts_details_wid,2015,4.677
cri,sex_f,geo_cov_nat,mts_aggregate_1,2001,340.847
cri,sex_f,geo_cov_nat,mts_aggregate_1,2002,362.591
cri,sex_f,geo_cov_nat,mts_aggregate_1,2003,375.876
cri,sex_f,geo_cov_nat,mts_aggregate_1,2004,399.62
cri,sex_f,geo_cov_nat,mts_aggregate_1,2005,393.846
cri,sex_f,geo_cov_nat,mts_aggregate_1,2006,414.803
cri,sex_f,geo_cov_nat,mts_aggregate_1,2007,419.337
cri,sex_f,geo_cov_nat,mts_aggregate_1,2008,427.312
cri,sex_f,geo_cov_nat,mts_aggregate_1,2009,460.44
cri,sex_f,geo_cov_nat,mts_aggregate_1,2010,487.491
cri,sex_f,geo_cov_nat,mts_aggregate_1,2011,460.669
cri,sex_f,geo_cov_nat,mts_aggregate_1,2012,438.167
cri,sex_f,geo_cov_nat,mts_aggregate_1,2013,446.691
cri,sex_f,geo_cov_nat,mts_aggregate_1,2014,433.931
cri,sex_f,geo_cov_nat,mts_aggregate_1,2015,473.162
cri,sex_f,geo_cov_nat,mts_aggregate_1,2016,519.81
cri,sex_f,geo_cov_nat,mts_aggregate_1,2017,534.146
cri,sex_f,geo_cov_nat,mts_aggregate_1,2018,507.312
cri,sex_f,geo_cov_nat,mts_aggregate_1,2019,487.109
cri,sex_f,geo_cov_nat,mts_aggregate_1,2020,531.127
cri,sex_f,geo_cov_nat,mts_aggregate_1,2021,512.349
cri,sex_f,geo_cov_nat,mts_aggregate_2,2001,467.325
cri,sex_f,geo_cov_nat,mts_aggregate_2,2002,479.403
cri,sex_f,geo_cov_nat,mts_aggregate_2,2003,494.487
cri,sex_f,geo_cov_nat,mts_aggregate_2,2004,515.827
cri,sex_f,geo_cov_nat,mts_aggregate_2,2005,490.269
cri,sex_f,geo_cov_nat,mts_aggregate_2,2006,512.293
cri,sex_f,geo_cov_nat,mts_aggregate_2,2007,518.468
cri,sex_f,geo_cov_nat,mts_aggregate_2,2008,534.677
cri,sex_f,geo_cov_nat,mts_aggregate_2,2009,527.282
cri,sex_f,geo_cov_nat,mts_aggregate_2,2010,520.01
cri,sex_f,geo_cov_nat,mts_aggregate_2,2011,464.155
cri,sex_f,geo_cov_nat,mts_aggregate_2,2012,417.724
cri,sex_f,geo_cov_nat,mts_aggregate_2,2013,427.968
cri,sex_f,geo_cov_nat,mts_aggregate_2,2014,454.601
cri,sex_f,geo_cov_nat,mts_aggregate_2,2015,454.696
cri,sex_f,geo_cov_nat,mts_aggregate_2,2016,499.911
cri,sex_f,geo_cov_nat,mts_aggregate_2,2017,503.687
cri,sex_f,geo_cov_nat,mts_aggregate_2,2018,491.97
cri,sex_f,geo_cov_nat,mts_aggregate_2,2019,445.943
cri,sex_f,geo_cov_nat,mts_aggregate_2,2020,495.993
cri,sex_f,geo_cov_nat,mts_aggregate_2,2021,496.075
cri,sex_f,geo_cov_nat,mts_aggregate_total,2001,811.31
cri,sex_f,geo_cov_nat,mts_aggregate_total,2002,842.825
cri,sex_f,geo_cov_nat,mts_aggregate_total,2003,870.763
cri,sex_f,geo_cov_nat,mts_aggregate_total,2004,917.234
cri,sex_f,geo_cov_nat,mts_aggregate_total,2005,885.138
cri,sex_f,geo_cov_nat,mts_aggregate_total,2006,927.72
cri,sex_f,geo_cov_nat,mts_aggregate_total,2007,937.805
cri,sex_f,geo_cov_nat,mts_aggregate_total,2008,962.395
cri,sex_f,geo_cov_nat,mts_aggregate_total,2009,988.64
cri,sex_f,geo_cov_nat,mts_aggregate_total,2010,1007.679
cri,sex_f,geo_cov_nat,mts_aggregate_total,2011,925.001
cri,sex_f,geo_cov_nat,mts_aggregate_total,2012,855.89
cri,sex_f,geo_cov_nat,mts_aggregate_total,2013,874.659
cri,sex_f,geo_cov_nat,mts_aggregate_total,2014,888.745
cri,sex_f,geo_cov_nat,mts_aggregate_total,2015,927.891
cri,sex_f,geo_cov_nat,mts_aggregate_total,2016,1019.829
cri,sex_f,geo_cov_nat,mts_aggregate_total,2017,1037.832
cri,sex_f,geo_cov_nat,mts_aggregate_total,2018,999.282
cri,sex_f,geo_cov_nat,mts_aggregate_total,2019,933.052
cri,sex_f,geo_cov_nat,mts_aggregate_total,2020,1027.359
cri,sex_f,geo_cov_nat,mts_aggregate_total,2021,1008.659
cri,sex_f,geo_cov_nat,mts_aggregate_x,2001,3.138
cri,sex_f,geo_cov_nat,mts_aggregate_x,2002,0.831
cri,sex_f,geo_cov_nat,mts_aggregate_x,2004,1.787
cri,sex_f,geo_cov_nat,mts_aggregate_x,2005,1.023
cri,sex_f,geo_cov_nat,mts_aggregate_x,2006,0.624
cri,sex_f,geo_cov_nat,mts_aggregate_x,2008,0.406
cri,sex_f,geo_cov_nat,mts_aggregate_x,2009,0.918
cri,sex_f,geo_cov_nat,mts_aggregate_x,2011,0.176
cri,sex_f,geo_cov_nat,mts_aggregate_x,2016,0.108
cri,sex_f,geo_cov_nat,mts_details_mrd,2001,354.677
cri,sex_f,geo_cov_nat,mts_details_mrd,2002,368.749
cri,sex_f,geo_cov_nat,mts_details_mrd,2003,375.509
cri,sex_f,geo_cov_nat,mts_details_mrd,2004,388
cri,sex_f,geo_cov_nat,mts_details_mrd,2005,362.138
cri,sex_f,geo_cov_nat,mts_details_mrd,2006,378.372
cri,sex_f,geo_cov_nat,mts_details_mrd,2007,379.138
cri,sex_f,geo_cov_nat,mts_details_mrd,2008,388.114
cri,sex_f,geo_cov_nat,mts_details_mrd,2009,380.826
cri,sex_f,geo_cov_nat,mts_details_mrd,2010,374.38
cri,sex_f,geo_cov_nat,mts_details_mrd,2011,343.213
cri,sex_f,geo_cov_nat,mts_details_mrd,2012,306.54
cri,sex_f,geo_cov_nat,mts_details_mrd,2013,309.883
cri,sex_f,geo_cov_nat,mts_details_mrd,2014,328.991
cri,sex_f,geo_cov_nat,mts_details_mrd,2015,326.598
cri,sex_f,geo_cov_nat,mts_details_mrd,2016,356.183
cri,sex_f,geo_cov_nat,mts_details_mrd,2017,365.089
cri,sex_f,geo_cov_nat,mts_details_mrd,2018,353.09
cri,sex_f,geo_cov_nat,mts_details_mrd,2019,330.134
cri,sex_f,geo_cov_nat,mts_details_mrd,2020,363.637
cri,sex_f,geo_cov_nat,mts_details_mrd,2021,365.026
cri,sex_f,geo_cov_nat,mts_details_sep,2001,54.746
cri,sex_f,geo_cov_nat,mts_details_sep,2002,50.264
cri,sex_f,geo_cov_nat,mts_details_sep,2003,54.469
cri,sex_f,geo_cov_nat,mts_details_sep,2004,64.182
cri,sex_f,geo_cov_nat,mts_details_sep,2005,63.966
cri,sex_f,geo_cov_nat,mts_details_sep,2006,63.958
cri,sex_f,geo_cov_nat,mts_details_sep,2007,63.397
cri,sex_f,geo_cov_nat,mts_details_sep,2008,67.721
cri,sex_f,geo_cov_nat,mts_details_sep,2009,83.049
cri,sex_f,geo_cov_nat,mts_details_sep,2010,79.427
cri,sex_f,geo_cov_nat,mts_details_sep,2011,71.522
cri,sex_f,geo_cov_nat,mts_details_sep,2012,59.355
cri,sex_f,geo_cov_nat,mts_details_sep,2013,86.264
cri,sex_f,geo_cov_nat,mts_details_sep,2014,84.708
cri,sex_f,geo_cov_nat,mts_details_sep,2015,98.307
cri,sex_f,geo_cov_nat,mts_details_sep,2016,110.866
cri,sex_f,geo_cov_nat,mts_details_sep,2017,108.995
cri,sex_f,geo_cov_nat,mts_details_sep,2018,102.391
cri,sex_f,geo_cov_nat,mts_details_sep,2019,98.041
cri,sex_f,geo_cov_nat,mts_details_sep,2020,102.96
cri,sex_f,geo_cov_nat,mts_details_sep,2021,108.007
cri,sex_f,geo_cov_nat,mts_details_sgle,2001,221.139
cri,sex_f,geo_cov_nat,mts_details_sgle,2002,244.268
cri,sex_f,geo_cov_nat,mts_details_sgle,2003,249.203
cri,sex_f,geo_cov_nat,mts_details_sgle,2004,261.294
cri,sex_f,geo_cov_nat,mts_details_sgle,2005,253.885
cri,sex_f,geo_cov_nat,mts_details_sgle,2006,267.083
cri,sex_f,geo_cov_nat,mts_details_sgle,2007,272.768
cri,sex_f,geo_cov_nat,mts_details_sgle,2008,278.032
cri,sex_f,geo_cov_nat,mts_details_sgle,2009,291.216
cri,sex_f,geo_cov_nat,mts_details_sgle,2010,313.725
cri,sex_f,geo_cov_nat,mts_details_sgle,2011,282.218
cri,sex_f,geo_cov_nat,mts_details_sgle,2012,280.056
cri,sex_f,geo_cov_nat,mts_details_sgle,2013,272.803
cri,sex_f,geo_cov_nat,mts_details_sgle,2014,261.816
cri,sex_f,geo_cov_nat,mts_details_sgle,2015,278.217
cri,sex_f,geo_cov_nat,mts_details_sgle,2016,304.996
cri,sex_f,geo_cov_nat,mts_details_sgle,2017,311.4
cri,sex_f,geo_cov_nat,mts_details_sgle,2018,295.033
cri,sex_f,geo_cov_nat,mts_details_sgle,2019,285.11
cri,sex_f,geo_cov_nat,mts_details_sgle,2020,309.039
cri,sex_f,geo_cov_nat,mts_details_sgle,2021,288.973
cri,sex_f,geo_cov_nat,mts_details_total,2001,811.31
cri,sex_f,geo_cov_nat,mts_details_total,2002,842.825
cri,sex_f,geo_cov_nat,mts_details_total,2003,870.763
cri,sex_f,geo_cov_nat,mts_details_total,2004,917.234
cri,sex_f,geo_cov_nat,mts_details_total,2005,885.138
cri,sex_f,geo_cov_nat,mts_details_total,2006,927.72
cri,sex_f,geo_cov_nat,mts_details_total,2007,937.805
cri,sex_f,geo_cov_nat,mts_details_total,2008,962.395
cri,sex_f,geo_cov_nat,mts_details_total,2009,988.64
cri,sex_f,geo_cov_nat,mts_details_total,2010,1007.679
cri,sex_f,geo_cov_nat,mts_details_total,2011,925.001
cri,sex_f,geo_cov_nat,mts_details_total,2012,855.89
cri,sex_f,geo_cov_nat,mts_details_total,2013,874.659
cri,sex_f,geo_cov_nat,mts_details_total,2014,888.745
cri,sex_f,geo_cov_nat,mts_details_total,2015,927.891
cri,sex_f,geo_cov_nat,mts_details_total,2016,1019.829
cri,sex_f,geo_cov_nat,mts_details_total,2017,1037.832
cri,sex_f,geo_cov_nat,mts_details_total,2018,999.282
cri,sex_f,geo_cov_nat,mts_details_total,2019,933.052
cri,sex_f,geo_cov_nat,mts_details_total,2020,1027.359
cri,sex_f,geo_cov_nat,mts_details_total,2021,1008.659
cri,sex_f,geo_cov_nat,mts_details_union,2001,112.648
cri,sex_f,geo_cov_nat,mts_details_union,2002,110.654
cri,sex_f,geo_cov_nat,mts_details_union,2003,118.978
cri,sex_f,geo_cov_nat,mts_details_union,2004,127.827
cri,sex_f,geo_cov_nat,mts_details_union,2005,128.131
cri,sex_f,geo_cov_nat,mts_details_union,2006,133.921
cri,sex_f,geo_cov_nat,mts_details_union,2007,139.33
cri,sex_f,geo_cov_nat,mts_details_union,2008,146.563
cri,sex_f,geo_cov_nat,mts_details_union,2009,146.456
cri,sex_f,geo_cov_nat,mts_details_union,2010,145.63
cri,sex_f,geo_cov_nat,mts_details_union,2011,120.942
cri,sex_f,geo_cov_nat,mts_details_union,2012,111.184
cri,sex_f,geo_cov_nat,mts_details_union,2013,118.085
cri,sex_f,geo_cov_nat,mts_details_union,2014,125.61
cri,sex_f,geo_cov_nat,mts_details_union,2015,128.098
cri,sex_f,geo_cov_nat,mts_details_union,2016,143.728
cri,sex_f,geo_cov_nat,mts_details_union,2017,138.598
cri,sex_f,geo_cov_nat,mts_details_union,2018,138.88
cri,sex_f,geo_cov_nat,mts_details_union,2019,115.809
cri,sex_f,geo_cov_nat,mts_details_union,2020,132.356
cri,sex_f,geo_cov_nat,mts_details_union,2021,131.049
cri,sex_f,geo_cov_nat,mts_details_wid,2001,64.962
cri,sex_f,geo_cov_nat,mts_details_wid,2002,68.059
cri,sex_f,geo_cov_nat,mts_details_wid,2003,72.204
cri,sex_f,geo_cov_nat,mts_details_wid,2004,74.144
cri,sex_f,geo_cov_nat,mts_details_wid,2005,75.995
cri,sex_f,geo_cov_nat,mts_details_wid,2006,83.762
cri,sex_f,geo_cov_nat,mts_details_wid,2007,83.172
cri,sex_f,geo_cov_nat,mts_details_wid,2008,81.559
cri,sex_f,geo_cov_nat,mts_details_wid,2009,86.175
cri,sex_f,geo_cov_nat,mts_details_wid,2010,94.339
cri,sex_f,geo_cov_nat,mts_details_wid,2011,106.929
cri,sex_f,geo_cov_nat,mts_details_wid,2012,98.756
cri,sex_f,geo_cov_nat,mts_details_wid,2013,87.624
cri,sex_f,geo_cov_nat,mts_details_wid,2014,87.406
cri,sex_f,geo_cov_nat,mts_details_wid,2015,96.639
cri,sex_f,geo_cov_nat,mts_details_wid,2016,103.949
cri,sex_f,geo_cov_nat,mts_details_wid,2017,113.751
cri,sex_f,geo_cov_nat,mts_details_wid,2018,109.889
cri,sex_f,geo_cov_nat,mts_details_wid,2019,103.958
cri,sex_f,geo_cov_nat,mts_details_wid,2020,119.128
cri,sex_f,geo_cov_nat,mts_details_wid,2021,115.369
cri,sex_f,geo_cov_nat,mts_details_x,2001,3.138
cri,sex_f,geo_cov_nat,mts_details_x,2002,0.831
cri,sex_f,geo_cov_nat,mts_details_x,2004,1.787
cri,sex_f,geo_cov_nat,mts_details_x,2005,1.023
cri,sex_f,geo_cov_nat,mts_details_x,2006,0.624
cri,sex_f,geo_cov_nat,mts_details_x,2008,0.406
cri,sex_f,geo_cov_nat,mts_details_x,2009,0.918
cri,sex_f,geo_cov_nat,mts_details_x,2011,0.176
cri,sex_f,geo_cov_nat,mts_details_x,2016,0.108
cri,sex_f,geo_cov_rur,mts_aggregate_1,2001,121.765
cri,sex_f,geo_cov_rur,mts_aggregate_1,2002,129.495
cri,sex_f,geo_cov_rur,mts_aggregate_1,2003,135.565
cri,sex_f,geo_cov_rur,mts_aggregate_1,2004,143.131
cri,sex_f,geo_cov_rur,mts_aggregate_1,2005,144.668
cri,sex_f,geo_cov_rur,mts_aggregate_1,2006,152.035
cri,sex_f,geo_cov_rur,mts_aggregate_1,2007,155.682
cri,sex_f,geo_cov_rur,mts_aggregate_1,2008,158.004
cri,sex_f,geo_cov_rur,mts_aggregate_1,2009,169.789
cri,sex_f,geo_cov_rur,mts_aggregate_1,2010,115.165
cri,sex_f,geo_cov_rur,mts_aggregate_1,2011,107.926
cri,sex_f,geo_cov_rur,mts_aggregate_1,2012,105.15
cri,sex_f,geo_cov_rur,mts_aggregate_1,2013,102.623
cri,sex_f,geo_cov_rur,mts_aggregate_1,2014,107.577
cri,sex_f,geo_cov_rur,mts_aggregate_1,2015,110.029
cri,sex_f,geo_cov_rur,mts_aggregate_1,2016,120.721
cri,sex_f,geo_cov_rur,mts_aggregate_1,2017,120.261
cri,sex_f,geo_cov_rur,mts_aggregate_1,2018,116.562
cri,sex_f,geo_cov_rur,mts_aggregate_1,2019,116.408
cri,sex_f,geo_cov_rur,mts_aggregate_1,2020,127.818
cri,sex_f,geo_cov_rur,mts_aggregate_1,2021,124.552
cri,sex_f,geo_cov_rur,mts_aggregate_2,2001,219.013
cri,sex_f,geo_cov_rur,mts_aggregate_2,2002,227.951
cri,sex_f,geo_cov_rur,mts_aggregate_2,2003,237.236
cri,sex_f,geo_cov_rur,mts_aggregate_2,2004,244.171
cri,sex_f,geo_cov_rur,mts_aggregate_2,2005,233.514
cri,sex_f,geo_cov_rur,mts_aggregate_2,2006,242.296
cri,sex_f,geo_cov_rur,mts_aggregate_2,2007,241.126
cri,sex_f,geo_cov_rur,mts_aggregate_2,2008,260.773
cri,sex_f,geo_cov_rur,mts_aggregate_2,2009,254.24
cri,sex_f,geo_cov_rur,mts_aggregate_2,2010,175.08
cri,sex_f,geo_cov_rur,mts_aggregate_2,2011,148.838
cri,sex_f,geo_cov_rur,mts_aggregate_2,2012,137.848
cri,sex_f,geo_cov_rur,mts_aggregate_2,2013,137.203
cri,sex_f,geo_cov_rur,mts_aggregate_2,2014,143.013
cri,sex_f,geo_cov_rur,mts_aggregate_2,2015,152.4
cri,sex_f,geo_cov_rur,mts_aggregate_2,2016,156.656
cri,sex_f,geo_cov_rur,mts_aggregate_2,2017,156.794
cri,sex_f,geo_cov_rur,mts_aggregate_2,2018,150.517
cri,sex_f,geo_cov_rur,mts_aggregate_2,2019,142.949
cri,sex_f,geo_cov_rur,mts_aggregate_2,2020,159.258
cri,sex_f,geo_cov_rur,mts_aggregate_2,2021,157.938
cri,sex_f,geo_cov_rur,mts_aggregate_total,2001,342.572
cri,sex_f,geo_cov_rur,mts_aggregate_total,2002,357.64
cri,sex_f,geo_cov_rur,mts_aggregate_total,2003,372.873
cri,sex_f,geo_cov_rur,mts_aggregate_total,2004,388.174
cri,sex_f,geo_cov_rur,mts_aggregate_total,2005,378.86
cri,sex_f,geo_cov_rur,mts_aggregate_total,2006,394.387
cri,sex_f,geo_cov_rur,mts_aggregate_total,2007,396.808
cri,sex_f,geo_cov_rur,mts_aggregate_total,2008,419.183
cri,sex_f,geo_cov_rur,mts_aggregate_total,2009,424.315
cri,sex_f,geo_cov_rur,mts_aggregate_total,2010,290.423
cri,sex_f,geo_cov_rur,mts_aggregate_total,2011,256.838
cri,sex_f,geo_cov_rur,mts_aggregate_total,2012,242.998
cri,sex_f,geo_cov_rur,mts_aggregate_total,2013,239.826
cri,sex_f,geo_cov_rur,mts_aggregate_total,2014,250.59
cri,sex_f,geo_cov_rur,mts_aggregate_total,2015,262.429
cri,sex_f,geo_cov_rur,mts_aggregate_total,2016,277.392
cri,sex_f,geo_cov_rur,mts_aggregate_total,2017,277.056
cri,sex_f,geo_cov_rur,mts_aggregate_total,2018,267.079
cri,sex_f,geo_cov_rur,mts_aggregate_total,2019,259.357
cri,sex_f,geo_cov_rur,mts_aggregate_total,2020,287.076
cri,sex_f,geo_cov_rur,mts_aggregate_total,2021,282.491
cri,sex_f,geo_cov_rur,mts_aggregate_x,2001,1.794
cri,sex_f,geo_cov_rur,mts_aggregate_x,2004,0.872
cri,sex_f,geo_cov_rur,mts_aggregate_x,2005,0.678
cri,sex_f,geo_cov_rur,mts_aggregate_x,2008,0.406
cri,sex_f,geo_cov_rur,mts_aggregate_x,2009,0.286
cri,sex_f,geo_cov_rur,mts_aggregate_x,2011,0.074
cri,sex_f,geo_cov_rur,mts_details_mrd,2001,155.341
cri,sex_f,geo_cov_rur,mts_details_mrd,2002,165.173
cri,sex_f,geo_cov_rur,mts_details_mrd,2003,169.234
cri,sex_f,geo_cov_rur,mts_details_mrd,2004,170.624
cri,sex_f,geo_cov_rur,mts_details_mrd,2005,162.043
cri,sex_f,geo_cov_rur,mts_details_mrd,2006,165.99
cri,sex_f,geo_cov_rur,mts_details_mrd,2007,162.886
cri,sex_f,geo_cov_rur,mts_details_mrd,2008,174.372
cri,sex_f,geo_cov_rur,mts_details_mrd,2009,168.176
cri,sex_f,geo_cov_rur,mts_details_mrd,2010,114.732
cri,sex_f,geo_cov_rur,mts_details_mrd,2011,100.019
cri,sex_f,geo_cov_rur,mts_details_mrd,2012,91.553
cri,sex_f,geo_cov_rur,mts_details_mrd,2013,85.833
cri,sex_f,geo_cov_rur,mts_details_mrd,2014,91.928
cri,sex_f,geo_cov_rur,mts_details_mrd,2015,97.218
cri,sex_f,geo_cov_rur,mts_details_mrd,2016,96.957
cri,sex_f,geo_cov_rur,mts_details_mrd,2017,100.196
cri,sex_f,geo_cov_rur,mts_details_mrd,2018,97.173
cri,sex_f,geo_cov_rur,mts_details_mrd,2019,92.9
cri,sex_f,geo_cov_rur,mts_details_mrd,2020,105.07
cri,sex_f,geo_cov_rur,mts_details_mrd,2021,103.473
cri,sex_f,geo_cov_rur,mts_details_sep,2001,21.517
cri,sex_f,geo_cov_rur,mts_details_sep,2002,18.735
cri,sex_f,geo_cov_rur,mts_details_sep,2003,20.224
cri,sex_f,geo_cov_rur,mts_details_sep,2004,22.445
cri,sex_f,geo_cov_rur,mts_details_sep,2005,22.575
cri,sex_f,geo_cov_rur,mts_details_sep,2006,20.977
cri,sex_f,geo_cov_rur,mts_details_sep,2007,24.374
cri,sex_f,geo_cov_rur,mts_details_sep,2008,24.537
cri,sex_f,geo_cov_rur,mts_details_sep,2009,28.677
cri,sex_f,geo_cov_rur,mts_details_sep,2010,16.781
cri,sex_f,geo_cov_rur,mts_details_sep,2011,17.705
cri,sex_f,geo_cov_rur,mts_details_sep,2012,15.255
cri,sex_f,geo_cov_rur,mts_details_sep,2013,17.737
cri,sex_f,geo_cov_rur,mts_details_sep,2014,19.781
cri,sex_f,geo_cov_rur,mts_details_sep,2015,21.852
cri,sex_f,geo_cov_rur,mts_details_sep,2016,26.399
cri,sex_f,geo_cov_rur,mts_details_sep,2017,25.784
cri,sex_f,geo_cov_rur,mts_details_sep,2018,23.532
cri,sex_f,geo_cov_rur,mts_details_sep,2019,23.657
cri,sex_f,geo_cov_rur,mts_details_sep,2020,24.864
cri,sex_f,geo_cov_rur,mts_details_sep,2021,22.543
cri,sex_f,geo_cov_rur,mts_details_sgle,2001,79.815
cri,sex_f,geo_cov_rur,mts_details_sgle,2002,88.737
cri,sex_f,geo_cov_rur,mts_details_sgle,2003,94.373
cri,sex_f,geo_cov_rur,mts_details_sgle,2004,97.191
cri,sex_f,geo_cov_rur,mts_details_sgle,2005,95.916
cri,sex_f,geo_cov_rur,mts_details_sgle,2006,102.268
cri,sex_f,geo_cov_rur,mts_details_sgle,2007,102.555
cri,sex_f,geo_cov_rur,mts_details_sgle,2008,105.432
cri,sex_f,geo_cov_rur,mts_details_sgle,2009,112.341
cri,sex_f,geo_cov_rur,mts_details_sgle,2010,81.05
cri,sex_f,geo_cov_rur,mts_details_sgle,2011,73.363
cri,sex_f,geo_cov_rur,mts_details_sgle,2012,71.76
cri,sex_f,geo_cov_rur,mts_details_sgle,2013,69.044
cri,sex_f,geo_cov_rur,mts_details_sgle,2014,72.095
cri,sex_f,geo_cov_rur,mts_details_sgle,2015,72.424
cri,sex_f,geo_cov_rur,mts_details_sgle,2016,76.182
cri,sex_f,geo_cov_rur,mts_details_sgle,2017,76.129
cri,sex_f,geo_cov_rur,mts_details_sgle,2018,73.8
cri,sex_f,geo_cov_rur,mts_details_sgle,2019,72.709
cri,sex_f,geo_cov_rur,mts_details_sgle,2020,81.397
cri,sex_f,geo_cov_rur,mts_details_sgle,2021,84.005
cri,sex_f,geo_cov_rur,mts_details_total,2001,342.572
cri,sex_f,geo_cov_rur,mts_details_total,2002,357.64
cri,sex_f,geo_cov_rur,mts_details_total,2003,372.873
cri,sex_f,geo_cov_rur,mts_details_total,2004,388.174
cri,sex_f,geo_cov_rur,mts_details_total,2005,378.86
cri,sex_f,geo_cov_rur,mts_details_total,2006,394.387
cri,sex_f,geo_cov_rur,mts_details_total,2007,396.808
cri,sex_f,geo_cov_rur,mts_details_total,2008,419.183
cri,sex_f,geo_cov_rur,mts_details_total,2009,424.315
cri,sex_f,geo_cov_rur,mts_details_total,2010,290.423
cri,sex_f,geo_cov_rur,mts_details_total,2011,256.838
cri,sex_f,geo_cov_rur,mts_details_total,2012,242.998
cri,sex_f,geo_cov_rur,mts_details_total,2013,239.826
cri,sex_f,geo_cov_rur,mts_details_total,2014,250.59
cri,sex_f,geo_cov_rur,mts_details_total,2015,262.429
cri,sex_f,geo_cov_rur,mts_details_total,2016,277.392
cri,sex_f,geo_cov_rur,mts_details_total,2017,277.056
cri,sex_f,geo_cov_rur,mts_details_total,2018,267.079
cri,sex_f,geo_cov_rur,mts_details_total,2019,259.357
cri,sex_f,geo_cov_rur,mts_details_total,2020,287.076
cri,sex_f,geo_cov_rur,mts_details_total,2021,282.491
cri,sex_f,geo_cov_rur,mts_details_union,2001,63.672
cri,sex_f,geo_cov_rur,mts_details_union,2002,62.778
cri,sex_f,geo_cov_rur,mts_details_union,2003,68.002
cri,sex_f,geo_cov_rur,mts_details_union,2004,73.547
cri,sex_f,geo_cov_rur,mts_details_union,2005,71.471
cri,sex_f,geo_cov_rur,mts_details_union,2006,76.306
cri,sex_f,geo_cov_rur,mts_details_union,2007,78.24
cri,sex_f,geo_cov_rur,mts_details_union,2008,86.401
cri,sex_f,geo_cov_rur,mts_details_union,2009,86.064
cri,sex_f,geo_cov_rur,mts_details_union,2010,60.348
cri,sex_f,geo_cov_rur,mts_details_union,2011,48.819
cri,sex_f,geo_cov_rur,mts_details_union,2012,46.295
cri,sex_f,geo_cov_rur,mts_details_union,2013,51.37
cri,sex_f,geo_cov_rur,mts_details_union,2014,51.085
cri,sex_f,geo_cov_rur,mts_details_union,2015,55.183
cri,sex_f,geo_cov_rur,mts_details_union,2016,59.699
cri,sex_f,geo_cov_rur,mts_details_union,2017,56.599
cri,sex_f,geo_cov_rur,mts_details_union,2018,53.344
cri,sex_f,geo_cov_rur,mts_details_union,2019,50.049
cri,sex_f,geo_cov_rur,mts_details_union,2020,54.189
cri,sex_f,geo_cov_rur,mts_details_union,2021,54.465
cri,sex_f,geo_cov_rur,mts_details_wid,2001,20.433
cri,sex_f,geo_cov_rur,mts_details_wid,2002,22.023
cri,sex_f,geo_cov_rur,mts_details_wid,2003,20.968
cri,sex_f,geo_cov_rur,mts_details_wid,2004,23.495
cri,sex_f,geo_cov_rur,mts_details_wid,2005,26.177
cri,sex_f,geo_cov_rur,mts_details_wid,2006,28.79
cri,sex_f,geo_cov_rur,mts_details_wid,2007,28.753
cri,sex_f,geo_cov_rur,mts_details_wid,2008,28.035
cri,sex_f,geo_cov_rur,mts_details_wid,2009,28.771
cri,sex_f,geo_cov_rur,mts_details_wid,2010,17.334
cri,sex_f,geo_cov_rur,mts_details_wid,2011,16.859
cri,sex_f,geo_cov_rur,mts_details_wid,2012,18.135
cri,sex_f,geo_cov_rur,mts_details_wid,2013,15.842
cri,sex_f,geo_cov_rur,mts_details_wid,2014,15.701
cri,sex_f,geo_cov_rur,mts_details_wid,2015,15.753
cri,sex_f,geo_cov_rur,mts_details_wid,2016,18.14
cri,sex_f,geo_cov_rur,mts_details_wid,2017,18.349
cri,sex_f,geo_cov_rur,mts_details_wid,2018,19.231
cri,sex_f,geo_cov_rur,mts_details_wid,2019,20.041
cri,sex_f,geo_cov_rur,mts_details_wid,2020,21.557
cri,sex_f,geo_cov_rur,mts_details_wid,2021,18.005
cri,sex_f,geo_cov_rur,mts_details_x,2001,1.794
cri,sex_f,geo_cov_rur,mts_details_x,2004,0.872
cri,sex_f,geo_cov_rur,mts_details_x,2005,0.678
cri,sex_f,geo_cov_rur,mts_details_x,2008,0.406
cri,sex_f,geo_cov_rur,mts_details_x,2009,0.286
cri,sex_f,geo_cov_rur,mts_details_x,2011,0.074
cri,sex_f,geo_cov_urb,mts_aggregate_1,2001,219.082
cri,sex_f,geo_cov_urb,mts_aggregate_1,2002,233.096
cri,sex_f,geo_cov_urb,mts_aggregate_1,2003,240.311
cri,sex_f,geo_cov_urb,mts_aggregate_1,2004,256.489
cri,sex_f,geo_cov_urb,mts_aggregate_1,2005,249.178
cri,sex_f,geo_cov_urb,mts_aggregate_1,2006,262.768
cri,sex_f,geo_cov_urb,mts_aggregate_1,2007,263.655
cri,sex_f,geo_cov_urb,mts_aggregate_1,2008,269.308
cri,sex_f,geo_cov_urb,mts_aggregate_1,2009,290.651
cri,sex_f,geo_cov_urb,mts_aggregate_1,2010,372.326
cri,sex_f,geo_cov_urb,mts_aggregate_1,2011,352.743
cri,sex_f,geo_cov_urb,mts_aggregate_1,2012,333.017
cri,sex_f,geo_cov_urb,mts_aggregate_1,2013,344.068
cri,sex_f,geo_cov_urb,mts_aggregate_1,2014,326.354
cri,sex_f,geo_cov_urb,mts_aggregate_1,2015,363.133
cri,sex_f,geo_cov_urb,mts_aggregate_1,2016,399.089
cri,sex_f,geo_cov_urb,mts_aggregate_1,2017,413.884
cri,sex_f,geo_cov_urb,mts_aggregate_1,2018,390.75
cri,sex_f,geo_cov_urb,mts_aggregate_1,2019,370.701
cri,sex_f,geo_cov_urb,mts_aggregate_1,2020,403.309
cri,sex_f,geo_cov_urb,mts_aggregate_1,2021,387.796
cri,sex_f,geo_cov_urb,mts_aggregate_2,2001,248.312
cri,sex_f,geo_cov_urb,mts_aggregate_2,2002,251.452
cri,sex_f,geo_cov_urb,mts_aggregate_2,2003,257.251
cri,sex_f,geo_cov_urb,mts_aggregate_2,2004,271.656
cri,sex_f,geo_cov_urb,mts_aggregate_2,2005,256.755
cri,sex_f,geo_cov_urb,mts_aggregate_2,2006,269.997
cri,sex_f,geo_cov_urb,mts_aggregate_2,2007,277.342
cri,sex_f,geo_cov_urb,mts_aggregate_2,2008,273.904
cri,sex_f,geo_cov_urb,mts_aggregate_2,2009,273.042
cri,sex_f,geo_cov_urb,mts_aggregate_2,2010,344.93
cri,sex_f,geo_cov_urb,mts_aggregate_2,2011,315.318
cri,sex_f,geo_cov_urb,mts_aggregate_2,2012,279.876
cri,sex_f,geo_cov_urb,mts_aggregate_2,2013,290.765
cri,sex_f,geo_cov_urb,mts_aggregate_2,2014,311.588
cri,sex_f,geo_cov_urb,mts_aggregate_2,2015,302.296
cri,sex_f,geo_cov_urb,mts_aggregate_2,2016,343.256
cri,sex_f,geo_cov_urb,mts_aggregate_2,2017,346.893
cri,sex_f,geo_cov_urb,mts_aggregate_2,2018,341.453
cri,sex_f,geo_cov_urb,mts_aggregate_2,2019,302.994
cri,sex_f,geo_cov_urb,mts_aggregate_2,2020,336.735
cri,sex_f,geo_cov_urb,mts_aggregate_2,2021,338.136
cri,sex_f,geo_cov_urb,mts_aggregate_total,2001,468.738
cri,sex_f,geo_cov_urb,mts_aggregate_total,2002,485.185
cri,sex_f,geo_cov_urb,mts_aggregate_total,2003,497.89
cri,sex_f,geo_cov_urb,mts_aggregate_total,2004,529.06
cri,sex_f,geo_cov_urb,mts_aggregate_total,2005,506.278
cri,sex_f,geo_cov_urb,mts_aggregate_total,2006,533.333
cri,sex_f,geo_cov_urb,mts_aggregate_total,2007,540.997
cri,sex_f,geo_cov_urb,mts_aggregate_total,2008,543.212
cri,sex_f,geo_cov_urb,mts_aggregate_total,2009,564.325
cri,sex_f,geo_cov_urb,mts_aggregate_total,2010,717.256
cri,sex_f,geo_cov_urb,mts_aggregate_total,2011,668.163
cri,sex_f,geo_cov_urb,mts_aggregate_total,2012,612.892
cri,sex_f,geo_cov_urb,mts_aggregate_total,2013,634.833
cri,sex_f,geo_cov_urb,mts_aggregate_total,2014,638.155
cri,sex_f,geo_cov_urb,mts_aggregate_total,2015,665.462
cri,sex_f,geo_cov_urb,mts_aggregate_total,2016,742.436
cri,sex_f,geo_cov_urb,mts_aggregate_total,2017,760.777
cri,sex_f,geo_cov_urb,mts_aggregate_total,2018,732.203
cri,sex_f,geo_cov_urb,mts_aggregate_total,2019,673.695
cri,sex_f,geo_cov_urb,mts_aggregate_total,2020,740.283
cri,sex_f,geo_cov_urb,mts_aggregate_total,2021,726.169
cri,sex_f,geo_cov_urb,mts_aggregate_x,2001,1.344
cri,sex_f,geo_cov_urb,mts_aggregate_x,2002,0.637
cri,sex_f,geo_cov_urb,mts_aggregate_x,2004,0.915
cri,sex_f,geo_cov_urb,mts_aggregate_x,2006,0.568
cri,sex_f,geo_cov_urb,mts_aggregate_x,2009,0.632
cri,sex_f,geo_cov_urb,mts_aggregate_x,2011,0.102
cri,sex_f,geo_cov_urb,mts_aggregate_x,2016,0.092
cri,sex_f,geo_cov_urb,mts_details_mrd,2001,199.336
cri,sex_f,geo_cov_urb,mts_details_mrd,2002,203.576
cri,sex_f,geo_cov_urb,mts_details_mrd,2003,206.275
cri,sex_f,geo_cov_urb,mts_details_mrd,2004,217.376
cri,sex_f,geo_cov_urb,mts_details_mrd,2005,200.095
cri,sex_f,geo_cov_urb,mts_details_mrd,2006,212.382
cri,sex_f,geo_cov_urb,mts_details_mrd,2007,216.252
cri,sex_f,geo_cov_urb,mts_details_mrd,2008,213.742
cri,sex_f,geo_cov_urb,mts_details_mrd,2009,212.65
cri,sex_f,geo_cov_urb,mts_details_mrd,2010,259.648
cri,sex_f,geo_cov_urb,mts_details_mrd,2011,243.194
cri,sex_f,geo_cov_urb,mts_details_mrd,2012,214.987
cri,sex_f,geo_cov_urb,mts_details_mrd,2013,224.049
cri,sex_f,geo_cov_urb,mts_details_mrd,2014,237.063
cri,sex_f,geo_cov_urb,mts_details_mrd,2015,229.38
cri,sex_f,geo_cov_urb,mts_details_mrd,2016,259.226
cri,sex_f,geo_cov_urb,mts_details_mrd,2017,264.893
cri,sex_f,geo_cov_urb,mts_details_mrd,2018,255.918
cri,sex_f,geo_cov_urb,mts_details_mrd,2019,237.234
cri,sex_f,geo_cov_urb,mts_details_mrd,2020,258.567
cri,sex_f,geo_cov_urb,mts_details_mrd,2021,261.553
cri,sex_f,geo_cov_urb,mts_details_sep,2001,33.229
cri,sex_f,geo_cov_urb,mts_details_sep,2002,31.529
cri,sex_f,geo_cov_urb,mts_details_sep,2003,34.245
cri,sex_f,geo_cov_urb,mts_details_sep,2004,41.737
cri,sex_f,geo_cov_urb,mts_details_sep,2005,41.391
cri,sex_f,geo_cov_urb,mts_details_sep,2006,42.981
cri,sex_f,geo_cov_urb,mts_details_sep,2007,39.023
cri,sex_f,geo_cov_urb,mts_details_sep,2008,43.184
cri,sex_f,geo_cov_urb,mts_details_sep,2009,54.372
cri,sex_f,geo_cov_urb,mts_details_sep,2010,62.646
cri,sex_f,geo_cov_urb,mts_details_sep,2011,53.818
cri,sex_f,geo_cov_urb,mts_details_sep,2012,44.1
cri,sex_f,geo_cov_urb,mts_details_sep,2013,68.527
cri,sex_f,geo_cov_urb,mts_details_sep,2014,64.927
cri,sex_f,geo_cov_urb,mts_details_sep,2015,76.455
cri,sex_f,geo_cov_urb,mts_details_sep,2016,84.467
cri,sex_f,geo_cov_urb,mts_details_sep,2017,83.211
cri,sex_f,geo_cov_urb,mts_details_sep,2018,78.859
cri,sex_f,geo_cov_urb,mts_details_sep,2019,74.384
cri,sex_f,geo_cov_urb,mts_details_sep,2020,78.096
cri,sex_f,geo_cov_urb,mts_details_sep,2021,85.464
cri,sex_f,geo_cov_urb,mts_details_sgle,2001,141.324
cri,sex_f,geo_cov_urb,mts_details_sgle,2002,155.531
cri,sex_f,geo_cov_urb,mts_details_sgle,2003,154.83
cri,sex_f,geo_cov_urb,mts_details_sgle,2004,164.103
cri,sex_f,geo_cov_urb,mts_details_sgle,2005,157.969
cri,sex_f,geo_cov_urb,mts_details_sgle,2006,164.815
cri,sex_f,geo_cov_urb,mts_details_sgle,2007,170.213
cri,sex_f,geo_cov_urb,mts_details_sgle,2008,172.6
cri,sex_f,geo_cov_urb,mts_details_sgle,2009,178.875
cri,sex_f,geo_cov_urb,mts_details_sgle,2010,232.675
cri,sex_f,geo_cov_urb,mts_details_sgle,2011,208.855
cri,sex_f,geo_cov_urb,mts_details_sgle,2012,208.297
cri,sex_f,geo_cov_urb,mts_details_sgle,2013,203.76
cri,sex_f,geo_cov_urb,mts_details_sgle,2014,189.722
cri,sex_f,geo_cov_urb,mts_details_sgle,2015,205.792
cri,sex_f,geo_cov_urb,mts_details_sgle,2016,228.813
cri,sex_f,geo_cov_urb,mts_details_sgle,2017,235.271
cri,sex_f,geo_cov_urb,mts_details_sgle,2018,221.233
cri,sex_f,geo_cov_urb,mts_details_sgle,2019,212.401
cri,sex_f,geo_cov_urb,mts_details_sgle,2020,227.643
cri,sex_f,geo_cov_urb,mts_details_sgle,2021,204.969
cri,sex_f,geo_cov_urb,mts_details_total,2001,468.738
cri,sex_f,geo_cov_urb,mts_details_total,2002,485.185
cri,sex_f,geo_cov_urb,mts_details_total,2003,497.89
cri,sex_f,geo_cov_urb,mts_details_total,2004,529.06
cri,sex_f,geo_cov_urb,mts_details_total,2005,506.278
cri,sex_f,geo_cov_urb,mts_details_total,2006,533.333
cri,sex_f,geo_cov_urb,mts_details_total,2007,540.997
cri,sex_f,geo_cov_urb,mts_details_total,2008,543.212
cri,sex_f,geo_cov_urb,mts_details_total,2009,564.325
cri,sex_f,geo_cov_urb,mts_details_total,2010,717.256
cri,sex_f,geo_cov_urb,mts_details_total,2011,668.163
cri,sex_f,geo_cov_urb,mts_details_total,2012,612.892
cri,sex_f,geo_cov_urb,mts_details_total,2013,634.833
cri,sex_f,geo_cov_urb,mts_details_total,2014,638.155
cri,sex_f,geo_cov_urb,mts_details_total,2015,665.462
cri,sex_f,geo_cov_urb,mts_details_total,2016,742.436
cri,sex_f,geo_cov_urb,mts_details_total,2017,760.777
cri,sex_f,geo_cov_urb,mts_details_total,2018,732.203
cri,sex_f,geo_cov_urb,mts_details_total,2019,673.695
cri,sex_f,geo_cov_urb,mts_details_total,2020,740.283
cri,sex_f,geo_cov_urb,mts_details_total,2021,726.169
cri,sex_f,geo_cov_urb,mts_details_union,2001,48.976
cri,sex_f,geo_cov_urb,mts_details_union,2002,47.876
cri,sex_f,geo_cov_urb,mts_details_union,2003,50.976
cri,sex_f,geo_cov_urb,mts_details_union,2004,54.28
cri,sex_f,geo_cov_urb,mts_details_union,2005,56.66
cri,sex_f,geo_cov_urb,mts_details_union,2006,57.615
cri,sex_f,geo_cov_urb,mts_details_union,2007,61.09
cri,sex_f,geo_cov_urb,mts_details_union,2008,60.162
cri,sex_f,geo_cov_urb,mts_details_union,2009,60.392
cri,sex_f,geo_cov_urb,mts_details_union,2010,85.282
cri,sex_f,geo_cov_urb,mts_details_union,2011,72.124
cri,sex_f,geo_cov_urb,mts_details_union,2012,64.889
cri,sex_f,geo_cov_urb,mts_details_union,2013,66.716
cri,sex_f,geo_cov_urb,mts_details_union,2014,74.525
cri,sex_f,geo_cov_urb,mts_details_union,2015,72.916
cri,sex_f,geo_cov_urb,mts_details_union,2016,84.029
cri,sex_f,geo_cov_urb,mts_details_union,2017,81.999
cri,sex_f,geo_cov_urb,mts_details_union,2018,85.535
cri,sex_f,geo_cov_urb,mts_details_union,2019,65.76
cri,sex_f,geo_cov_urb,mts_details_union,2020,78.168
cri,sex_f,geo_cov_urb,mts_details_union,2021,76.584
cri,sex_f,geo_cov_urb,mts_details_wid,2001,44.529
cri,sex_f,geo_cov_urb,mts_details_wid,2002,46.036
cri,sex_f,geo_cov_urb,mts_details_wid,2003,51.236
cri,sex_f,geo_cov_urb,mts_details_wid,2004,50.649
cri,sex_f,geo_cov_urb,mts_details_wid,2005,49.818
cri,sex_f,geo_cov_urb,mts_details_wid,2006,54.972
cri,sex_f,geo_cov_urb,mts_details_wid,2007,54.419
cri,sex_f,geo_cov_urb,mts_details_wid,2008,53.524
cri,sex_f,geo_cov_urb,mts_details_wid,2009,57.404
cri,sex_f,geo_cov_urb,mts_details_wid,2010,77.005
cri,sex_f,geo_cov_urb,mts_details_wid,2011,90.07
cri,sex_f,geo_cov_urb,mts_details_wid,2012,80.621
cri,sex_f,geo_cov_urb,mts_details_wid,2013,71.782
cri,sex_f,geo_cov_urb,mts_details_wid,2014,71.706
cri,sex_f,geo_cov_urb,mts_details_wid,2015,80.886
cri,sex_f,geo_cov_urb,mts_details_wid,2016,85.809
cri,sex_f,geo_cov_urb,mts_details_wid,2017,95.402
cri,sex_f,geo_cov_urb,mts_details_wid,2018,90.659
cri,sex_f,geo_cov_urb,mts_details_wid,2019,83.916
cri,sex_f,geo_cov_urb,mts_details_wid,2020,97.571
cri,sex_f,geo_cov_urb,mts_details_wid,2021,97.364
cri,sex_f,geo_cov_urb,mts_details_x,2001,1.344
cri,sex_f,geo_cov_urb,mts_details_x,2002,0.637
cri,sex_f,geo_cov_urb,mts_details_x,2004,0.915
cri,sex_f,geo_cov_urb,mts_details_x,2006,0.568
cri,sex_f,geo_cov_urb,mts_details_x,2009,0.632
cri,sex_f,geo_cov_urb,mts_details_x,2011,0.102
cri,sex_f,geo_cov_urb,mts_details_x,2016,0.092
cri,sex_m,geo_cov_nat,mts_aggregate_1,2001,185.729
cri,sex_m,geo_cov_nat,mts_aggregate_1,2002,197.345
cri,sex_m,geo_cov_nat,mts_aggregate_1,2003,199.505
cri,sex_m,geo_cov_nat,mts_aggregate_1,2004,216.623
cri,sex_m,geo_cov_nat,mts_aggregate_1,2005,222.376
cri,sex_m,geo_cov_nat,mts_aggregate_1,2006,227.125
cri,sex_m,geo_cov_nat,mts_aggregate_1,2007,227.383
cri,sex_m,geo_cov_nat,mts_aggregate_1,2008,249.422
cri,sex_m,geo_cov_nat,mts_aggregate_1,2009,276.594
cri,sex_m,geo_cov_nat,mts_aggregate_1,2010,279.917
cri,sex_m,geo_cov_nat,mts_aggregate_1,2011,307.721
cri,sex_m,geo_cov_nat,mts_aggregate_1,2012,274.373
cri,sex_m,geo_cov_nat,mts_aggregate_1,2013,300.569
cri,sex_m,geo_cov_nat,mts_aggregate_1,2014,284.138
cri,sex_m,geo_cov_nat,mts_aggregate_1,2015,313.694
cri,sex_m,geo_cov_nat,mts_aggregate_1,2016,340.584
cri,sex_m,geo_cov_nat,mts_aggregate_1,2017,329.307
cri,sex_m,geo_cov_nat,mts_aggregate_1,2018,307.556
cri,sex_m,geo_cov_nat,mts_aggregate_1,2019,309.498
cri,sex_m,geo_cov_nat,mts_aggregate_1,2020,337.417
cri,sex_m,geo_cov_nat,mts_aggregate_1,2021,349.226
cri,sex_m,geo_cov_nat,mts_aggregate_2,2001,79.39
cri,sex_m,geo_cov_nat,mts_aggregate_2,2002,84.968
cri,sex_m,geo_cov_nat,mts_aggregate_2,2003,89.072
cri,sex_m,geo_cov_nat,mts_aggregate_2,2004,91.506
cri,sex_m,geo_cov_nat,mts_aggregate_2,2005,84.676
cri,sex_m,geo_cov_nat,mts_aggregate_2,2006,94.867
cri,sex_m,geo_cov_nat,mts_aggregate_2,2007,93.339
cri,sex_m,geo_cov_nat,mts_aggregate_2,2008,104.731
cri,sex_m,geo_cov_nat,mts_aggregate_2,2009,116.848
cri,sex_m,geo_cov_nat,mts_aggregate_2,2010,127.775
cri,sex_m,geo_cov_nat,mts_aggregate_2,2011,128.805
cri,sex_m,geo_cov_nat,mts_aggregate_2,2012,127.447
cri,sex_m,geo_cov_nat,mts_aggregate_2,2013,129.216
cri,sex_m,geo_cov_nat,mts_aggregate_2,2014,135.267
cri,sex_m,geo_cov_nat,mts_aggregate_2,2015,140.52
cri,sex_m,geo_cov_nat,mts_aggregate_2,2016,162.697
cri,sex_m,geo_cov_nat,mts_aggregate_2,2017,173.066
cri,sex_m,geo_cov_nat,mts_aggregate_2,2018,163.118
cri,sex_m,geo_cov_nat,mts_aggregate_2,2019,166.8
cri,sex_m,geo_cov_nat,mts_aggregate_2,2020,208.736
cri,sex_m,geo_cov_nat,mts_aggregate_2,2021,190.373
cri,sex_m,geo_cov_nat,mts_aggregate_total,2001,265.588
cri,sex_m,geo_cov_nat,mts_aggregate_total,2002,282.495
cri,sex_m,geo_cov_nat,mts_aggregate_total,2003,288.577
cri,sex_m,geo_cov_nat,mts_aggregate_total,2004,308.706
cri,sex_m,geo_cov_nat,mts_aggregate_total,2005,307.052
cri,sex_m,geo_cov_nat,mts_aggregate_total,2006,322.342
cri,sex_m,geo_cov_nat,mts_aggregate_total,2007,320.787
cri,sex_m,geo_cov_nat,mts_aggregate_total,2008,354.23
cri,sex_m,geo_cov_nat,mts_aggregate_total,2009,393.442
cri,sex_m,geo_cov_nat,mts_aggregate_total,2010,407.692
cri,sex_m,geo_cov_nat,mts_aggregate_total,2011,437.197
cri,sex_m,geo_cov_nat,mts_aggregate_total,2012,401.819
cri,sex_m,geo_cov_nat,mts_aggregate_total,2013,429.785
cri,sex_m,geo_cov_nat,mts_aggregate_total,2014,419.404
cri,sex_m,geo_cov_nat,mts_aggregate_total,2015,454.322
cri,sex_m,geo_cov_nat,mts_aggregate_total,2016,503.37
cri,sex_m,geo_cov_nat,mts_aggregate_total,2017,502.372
cri,sex_m,geo_cov_nat,mts_aggregate_total,2018,470.673
cri,sex_m,geo_cov_nat,mts_aggregate_total,2019,476.297
cri,sex_m,geo_cov_nat,mts_aggregate_total,2020,546.421
cri,sex_m,geo_cov_nat,mts_aggregate_total,2021,539.599
cri,sex_m,geo_cov_nat,mts_aggregate_x,2001,0.469
cri,sex_m,geo_cov_nat,mts_aggregate_x,2004,0.577
cri,sex_m,geo_cov_nat,mts_aggregate_x,2011,0.671
cri,sex_m,geo_cov_nat,mts_details_mrd,2001,67.102
cri,sex_m,geo_cov_nat,mts_details_mrd,2002,75.18
cri,sex_m,geo_cov_nat,mts_details_mrd,2003,80.171
cri,sex_m,geo_cov_nat,mts_details_mrd,2004,78.325
cri,sex_m,geo_cov_nat,mts_details_mrd,2005,74.254
cri,sex_m,geo_cov_nat,mts_details_mrd,2006,81.291
cri,sex_m,geo_cov_nat,mts_details_mrd,2007,79.181
cri,sex_m,geo_cov_nat,mts_details_mrd,2008,91.597
cri,sex_m,geo_cov_nat,mts_details_mrd,2009,100.117
cri,sex_m,geo_cov_nat,mts_details_mrd,2010,106.464
cri,sex_m,geo_cov_nat,mts_details_mrd,2011,109.026
cri,sex_m,geo_cov_nat,mts_details_mrd,2012,101.691
cri,sex_m,geo_cov_nat,mts_details_mrd,2013,106.033
cri,sex_m,geo_cov_nat,mts_details_mrd,2014,112.794
cri,sex_m,geo_cov_nat,mts_details_mrd,2015,117.889
cri,sex_m,geo_cov_nat,mts_details_mrd,2016,135.014
cri,sex_m,geo_cov_nat,mts_details_mrd,2017,145.605
cri,sex_m,geo_cov_nat,mts_details_mrd,2018,138.549
cri,sex_m,geo_cov_nat,mts_details_mrd,2019,142.801
cri,sex_m,geo_cov_nat,mts_details_mrd,2020,176.547
cri,sex_m,geo_cov_nat,mts_details_mrd,2021,161.75
cri,sex_m,geo_cov_nat,mts_details_sep,2001,10.212
cri,sex_m,geo_cov_nat,mts_details_sep,2002,8.671
cri,sex_m,geo_cov_nat,mts_details_sep,2003,11.375
cri,sex_m,geo_cov_nat,mts_details_sep,2004,12.68
cri,sex_m,geo_cov_nat,mts_details_sep,2005,13.115
cri,sex_m,geo_cov_nat,mts_details_sep,2006,12.613
cri,sex_m,geo_cov_nat,mts_details_sep,2007,14.733
cri,sex_m,geo_cov_nat,mts_details_sep,2008,14.041
cri,sex_m,geo_cov_nat,mts_details_sep,2009,20.608
cri,sex_m,geo_cov_nat,mts_details_sep,2010,19.11
cri,sex_m,geo_cov_nat,mts_details_sep,2011,22.893
cri,sex_m,geo_cov_nat,mts_details_sep,2012,22.56
cri,sex_m,geo_cov_nat,mts_details_sep,2013,22.339
cri,sex_m,geo_cov_nat,mts_details_sep,2014,23.644
cri,sex_m,geo_cov_nat,mts_details_sep,2015,26.118
cri,sex_m,geo_cov_nat,mts_details_sep,2016,31.624
cri,sex_m,geo_cov_nat,mts_details_sep,2017,37.488
cri,sex_m,geo_cov_nat,mts_details_sep,2018,29.743
cri,sex_m,geo_cov_nat,mts_details_sep,2019,22.582
cri,sex_m,geo_cov_nat,mts_details_sep,2020,27.47
cri,sex_m,geo_cov_nat,mts_details_sep,2021,34.904
cri,sex_m,geo_cov_nat,mts_details_sgle,2001,164.021
cri,sex_m,geo_cov_nat,mts_details_sgle,2002,175.999
cri,sex_m,geo_cov_nat,mts_details_sgle,2003,174.696
cri,sex_m,geo_cov_nat,mts_details_sgle,2004,190.652
cri,sex_m,geo_cov_nat,mts_details_sgle,2005,194.052
cri,sex_m,geo_cov_nat,mts_details_sgle,2006,198.977
cri,sex_m,geo_cov_nat,mts_details_sgle,2007,195.778
cri,sex_m,geo_cov_nat,mts_details_sgle,2008,217.909
cri,sex_m,geo_cov_nat,mts_details_sgle,2009,238.306
cri,sex_m,geo_cov_nat,mts_details_sgle,2010,240.151
cri,sex_m,geo_cov_nat,mts_details_sgle,2011,259.811
cri,sex_m,geo_cov_nat,mts_details_sgle,2012,230.279
cri,sex_m,geo_cov_nat,mts_details_sgle,2013,251.402
cri,sex_m,geo_cov_nat,mts_details_sgle,2014,236.956
cri,sex_m,geo_cov_nat,mts_details_sgle,2015,266.68
cri,sex_m,geo_cov_nat,mts_details_sgle,2016,285.55
cri,sex_m,geo_cov_nat,mts_details_sgle,2017,270.016
cri,sex_m,geo_cov_nat,mts_details_sgle,2018,250.995
cri,sex_m,geo_cov_nat,mts_details_sgle,2019,258.721
cri,sex_m,geo_cov_nat,mts_details_sgle,2020,282.524
cri,sex_m,geo_cov_nat,mts_details_sgle,2021,285.957
cri,sex_m,geo_cov_nat,mts_details_total,2001,265.588
cri,sex_m,geo_cov_nat,mts_details_total,2002,282.495
cri,sex_m,geo_cov_nat,mts_details_total,2003,288.577
cri,sex_m,geo_cov_nat,mts_details_total,2004,308.706
cri,sex_m,geo_cov_nat,mts_details_total,2005,307.052
cri,sex_m,geo_cov_nat,mts_details_total,2006,322.342
cri,sex_m,geo_cov_nat,mts_details_total,2007,320.787
cri,sex_m,geo_cov_nat,mts_details_total,2008,354.23
cri,sex_m,geo_cov_nat,mts_details_total,2009,393.442
cri,sex_m,geo_cov_nat,mts_details_total,2010,407.692
cri,sex_m,geo_cov_nat,mts_details_total,2011,437.197
cri,sex_m,geo_cov_nat,mts_details_total,2012,401.819
cri,sex_m,geo_cov_nat,mts_details_total,2013,429.785
cri,sex_m,geo_cov_nat,mts_details_total,2014,419.404
cri,sex_m,geo_cov_nat,mts_details_total,2015,454.322
cri,sex_m,geo_cov_nat,mts_details_total,2016,503.37
cri,sex_m,geo_cov_nat,mts_details_total,2017,502.372
cri,sex_m,geo_cov_nat,mts_details_total,2018,470.673
cri,sex_m,geo_cov_nat,mts_details_total,2019,476.297
cri,sex_m,geo_cov_nat,mts_details_total,2020,546.421
cri,sex_m,geo_cov_nat,mts_details_total,2021,539.599
cri,sex_m,geo_cov_nat,mts_details_union,2001,12.288
cri,sex_m,geo_cov_nat,mts_details_union,2002,9.788
cri,sex_m,geo_cov_nat,mts_details_union,2003,8.901
cri,sex_m,geo_cov_nat,mts_details_union,2004,13.181
cri,sex_m,geo_cov_nat,mts_details_union,2005,10.422
cri,sex_m,geo_cov_nat,mts_details_union,2006,13.576
cri,sex_m,geo_cov_nat,mts_details_union,2007,14.158
cri,sex_m,geo_cov_nat,mts_details_union,2008,13.134
cri,sex_m,geo_cov_nat,mts_details_union,2009,16.731
cri,sex_m,geo_cov_nat,mts_details_union,2010,21.311
cri,sex_m,geo_cov_nat,mts_details_union,2011,19.779
cri,sex_m,geo_cov_nat,mts_details_union,2012,25.756
cri,sex_m,geo_cov_nat,mts_details_union,2013,23.183
cri,sex_m,geo_cov_nat,mts_details_union,2014,22.473
cri,sex_m,geo_cov_nat,mts_details_union,2015,22.632
cri,sex_m,geo_cov_nat,mts_details_union,2016,27.683
cri,sex_m,geo_cov_nat,mts_details_union,2017,27.461
cri,sex_m,geo_cov_nat,mts_details_union,2018,24.569
cri,sex_m,geo_cov_nat,mts_details_union,2019,23.998
cri,sex_m,geo_cov_nat,mts_details_union,2020,32.189
cri,sex_m,geo_cov_nat,mts_details_union,2021,28.623
cri,sex_m,geo_cov_nat,mts_details_wid,2001,11.496
cri,sex_m,geo_cov_nat,mts_details_wid,2002,12.675
cri,sex_m,geo_cov_nat,mts_details_wid,2003,13.434
cri,sex_m,geo_cov_nat,mts_details_wid,2004,13.291
cri,sex_m,geo_cov_nat,mts_details_wid,2005,15.209
cri,sex_m,geo_cov_nat,mts_details_wid,2006,15.535
cri,sex_m,geo_cov_nat,mts_details_wid,2007,16.872
cri,sex_m,geo_cov_nat,mts_details_wid,2008,17.472
cri,sex_m,geo_cov_nat,mts_details_wid,2009,17.68
cri,sex_m,geo_cov_nat,mts_details_wid,2010,20.656
cri,sex_m,geo_cov_nat,mts_details_wid,2011,25.017
cri,sex_m,geo_cov_nat,mts_details_wid,2012,21.533
cri,sex_m,geo_cov_nat,mts_details_wid,2013,26.828
cri,sex_m,geo_cov_nat,mts_details_wid,2014,23.538
cri,sex_m,geo_cov_nat,mts_details_wid,2015,20.895
cri,sex_m,geo_cov_nat,mts_details_wid,2016,23.41
cri,sex_m,geo_cov_nat,mts_details_wid,2017,21.803
cri,sex_m,geo_cov_nat,mts_details_wid,2018,26.818
cri,sex_m,geo_cov_nat,mts_details_wid,2019,28.195
cri,sex_m,geo_cov_nat,mts_details_wid,2020,27.423
cri,sex_m,geo_cov_nat,mts_details_wid,2021,28.365
cri,sex_m,geo_cov_nat,mts_details_x,2001,0.469
cri,sex_m,geo_cov_nat,mts_details_x,2004,0.577
cri,sex_m,geo_cov_nat,mts_details_x,2011,0.671
cri,sex_m,geo_cov_rur,mts_aggregate_1,2001,60.318
cri,sex_m,geo_cov_rur,mts_aggregate_1,2002,64.059
cri,sex_m,geo_cov_rur,mts_aggregate_1,2003,68.413
cri,sex_m,geo_cov_rur,mts_aggregate_1,2004,82.798
cri,sex_m,geo_cov_rur,mts_aggregate_1,2005,78.437
cri,sex_m,geo_cov_rur,mts_aggregate_1,2006,81.002
cri,sex_m,geo_cov_rur,mts_aggregate_1,2007,83.62
cri,sex_m,geo_cov_rur,mts_aggregate_1,2008,89.06
cri,sex_m,geo_cov_rur,mts_aggregate_1,2009,101.905
cri,sex_m,geo_cov_rur,mts_aggregate_1,2010,72.161
cri,sex_m,geo_cov_rur,mts_aggregate_1,2011,79.957
cri,sex_m,geo_cov_rur,mts_aggregate_1,2012,72.245
cri,sex_m,geo_cov_rur,mts_aggregate_1,2013,75.032
cri,sex_m,geo_cov_rur,mts_aggregate_1,2014,77.019
cri,sex_m,geo_cov_rur,mts_aggregate_1,2015,82.123
cri,sex_m,geo_cov_rur,mts_aggregate_1,2016,87.662
cri,sex_m,geo_cov_rur,mts_aggregate_1,2017,86.995
cri,sex_m,geo_cov_rur,mts_aggregate_1,2018,81.207
cri,sex_m,geo_cov_rur,mts_aggregate_1,2019,79.959
cri,sex_m,geo_cov_rur,mts_aggregate_1,2020,91.285
cri,sex_m,geo_cov_rur,mts_aggregate_1,2021,93.972
cri,sex_m,geo_cov_rur,mts_aggregate_2,2001,27.47
cri,sex_m,geo_cov_rur,mts_aggregate_2,2002,29.019
cri,sex_m,geo_cov_rur,mts_aggregate_2,2003,30.728
cri,sex_m,geo_cov_rur,mts_aggregate_2,2004,35.069
cri,sex_m,geo_cov_rur,mts_aggregate_2,2005,33.185
cri,sex_m,geo_cov_rur,mts_aggregate_2,2006,36.008
cri,sex_m,geo_cov_rur,mts_aggregate_2,2007,32.82
cri,sex_m,geo_cov_rur,mts_aggregate_2,2008,35.483
cri,sex_m,geo_cov_rur,mts_aggregate_2,2009,40.513
cri,sex_m,geo_cov_rur,mts_aggregate_2,2010,32.291
cri,sex_m,geo_cov_rur,mts_aggregate_2,2011,29.176
cri,sex_m,geo_cov_rur,mts_aggregate_2,2012,26.406
cri,sex_m,geo_cov_rur,mts_aggregate_2,2013,25.312
cri,sex_m,geo_cov_rur,mts_aggregate_2,2014,29.957
cri,sex_m,geo_cov_rur,mts_aggregate_2,2015,31.433
cri,sex_m,geo_cov_rur,mts_aggregate_2,2016,36.328
cri,sex_m,geo_cov_rur,mts_aggregate_2,2017,38.005
cri,sex_m,geo_cov_rur,mts_aggregate_2,2018,32.501
cri,sex_m,geo_cov_rur,mts_aggregate_2,2019,35.667
cri,sex_m,geo_cov_rur,mts_aggregate_2,2020,45.271
cri,sex_m,geo_cov_rur,mts_aggregate_2,2021,42.845
cri,sex_m,geo_cov_rur,mts_aggregate_total,2001,87.92
cri,sex_m,geo_cov_rur,mts_aggregate_total,2002,93.184
cri,sex_m,geo_cov_rur,mts_aggregate_total,2003,99.141
cri,sex_m,geo_cov_rur,mts_aggregate_total,2004,118.101
cri,sex_m,geo_cov_rur,mts_aggregate_total,2005,111.622
cri,sex_m,geo_cov_rur,mts_aggregate_total,2006,117.01
cri,sex_m,geo_cov_rur,mts_aggregate_total,2007,116.505
cri,sex_m,geo_cov_rur,mts_aggregate_total,2008,124.62
cri,sex_m,geo_cov_rur,mts_aggregate_total,2009,142.418
cri,sex_m,geo_cov_rur,mts_aggregate_total,2010,104.452
cri,sex_m,geo_cov_rur,mts_aggregate_total,2011,109.229
cri,sex_m,geo_cov_rur,mts_aggregate_total,2012,98.651
cri,sex_m,geo_cov_rur,mts_aggregate_total,2013,100.344
cri,sex_m,geo_cov_rur,mts_aggregate_total,2014,106.976
cri,sex_m,geo_cov_rur,mts_aggregate_total,2015,113.588
cri,sex_m,geo_cov_rur,mts_aggregate_total,2016,124.027
cri,sex_m,geo_cov_rur,mts_aggregate_total,2017,125
cri,sex_m,geo_cov_rur,mts_aggregate_total,2018,113.709
cri,sex_m,geo_cov_rur,mts_aggregate_total,2019,115.626
cri,sex_m,geo_cov_rur,mts_aggregate_total,2020,136.555
cri,sex_m,geo_cov_rur,mts_aggregate_total,2021,136.818
cri,sex_m,geo_cov_rur,mts_aggregate_x,2001,0.132
cri,sex_m,geo_cov_rur,mts_aggregate_x,2011,0.095
cri,sex_m,geo_cov_rur,mts_details_mrd,2001,21.516
cri,sex_m,geo_cov_rur,mts_details_mrd,2002,24.54
cri,sex_m,geo_cov_rur,mts_details_mrd,2003,25.953
cri,sex_m,geo_cov_rur,mts_details_mrd,2004,27.631
cri,sex_m,geo_cov_rur,mts_details_mrd,2005,28.299
cri,sex_m,geo_cov_rur,mts_details_mrd,2006,30.085
cri,sex_m,geo_cov_rur,mts_details_mrd,2007,26.578
cri,sex_m,geo_cov_rur,mts_details_mrd,2008,28.826
cri,sex_m,geo_cov_rur,mts_details_mrd,2009,33.069
cri,sex_m,geo_cov_rur,mts_details_mrd,2010,25.742
cri,sex_m,geo_cov_rur,mts_details_mrd,2011,22.809
cri,sex_m,geo_cov_rur,mts_details_mrd,2012,21.09
cri,sex_m,geo_cov_rur,mts_details_mrd,2013,18.806
cri,sex_m,geo_cov_rur,mts_details_mrd,2014,22.733
cri,sex_m,geo_cov_rur,mts_details_mrd,2015,23.865
cri,sex_m,geo_cov_rur,mts_details_mrd,2016,27.451
cri,sex_m,geo_cov_rur,mts_details_mrd,2017,29.85
cri,sex_m,geo_cov_rur,mts_details_mrd,2018,26.158
cri,sex_m,geo_cov_rur,mts_details_mrd,2019,27.751
cri,sex_m,geo_cov_rur,mts_details_mrd,2020,34.561
cri,sex_m,geo_cov_rur,mts_details_mrd,2021,33.432
cri,sex_m,geo_cov_rur,mts_details_sep,2001,4.236
cri,sex_m,geo_cov_rur,mts_details_sep,2002,3.788
cri,sex_m,geo_cov_rur,mts_details_sep,2003,4.564
cri,sex_m,geo_cov_rur,mts_details_sep,2004,5.284
cri,sex_m,geo_cov_rur,mts_details_sep,2005,6.856
cri,sex_m,geo_cov_rur,mts_details_sep,2006,6.003
cri,sex_m,geo_cov_rur,mts_details_sep,2007,5.648
cri,sex_m,geo_cov_rur,mts_details_sep,2008,5.844
cri,sex_m,geo_cov_rur,mts_details_sep,2009,8.061
cri,sex_m,geo_cov_rur,mts_details_sep,2010,5.579
cri,sex_m,geo_cov_rur,mts_details_sep,2011,5.131
cri,sex_m,geo_cov_rur,mts_details_sep,2012,4.93
cri,sex_m,geo_cov_rur,mts_details_sep,2013,5.444
cri,sex_m,geo_cov_rur,mts_details_sep,2014,7.172
cri,sex_m,geo_cov_rur,mts_details_sep,2015,7.224
cri,sex_m,geo_cov_rur,mts_details_sep,2016,7.654
cri,sex_m,geo_cov_rur,mts_details_sep,2017,8.408
cri,sex_m,geo_cov_rur,mts_details_sep,2018,6.894
cri,sex_m,geo_cov_rur,mts_details_sep,2019,8.116
cri,sex_m,geo_cov_rur,mts_details_sep,2020,9.284
cri,sex_m,geo_cov_rur,mts_details_sep,2021,7.491
cri,sex_m,geo_cov_rur,mts_details_sgle,2001,51.784
cri,sex_m,geo_cov_rur,mts_details_sgle,2002,54.966
cri,sex_m,geo_cov_rur,mts_details_sgle,2003,58.523
cri,sex_m,geo_cov_rur,mts_details_sgle,2004,72.192
cri,sex_m,geo_cov_rur,mts_details_sgle,2005,64.426
cri,sex_m,geo_cov_rur,mts_details_sgle,2006,68.545
cri,sex_m,geo_cov_rur,mts_details_sgle,2007,71.63
cri,sex_m,geo_cov_rur,mts_details_sgle,2008,77.522
cri,sex_m,geo_cov_rur,mts_details_sgle,2009,87.942
cri,sex_m,geo_cov_rur,mts_details_sgle,2010,60.605
cri,sex_m,geo_cov_rur,mts_details_sgle,2011,69.278
cri,sex_m,geo_cov_rur,mts_details_sgle,2012,62.459
cri,sex_m,geo_cov_rur,mts_details_sgle,2013,65.405
cri,sex_m,geo_cov_rur,mts_details_sgle,2014,65.486
cri,sex_m,geo_cov_rur,mts_details_sgle,2015,70.361
cri,sex_m,geo_cov_rur,mts_details_sgle,2016,73.271
cri,sex_m,geo_cov_rur,mts_details_sgle,2017,72.485
cri,sex_m,geo_cov_rur,mts_details_sgle,2018,68.574
cri,sex_m,geo_cov_rur,mts_details_sgle,2019,66.419
cri,sex_m,geo_cov_rur,mts_details_sgle,2020,75.919
cri,sex_m,geo_cov_rur,mts_details_sgle,2021,80.058
cri,sex_m,geo_cov_rur,mts_details_total,2001,87.92
cri,sex_m,geo_cov_rur,mts_details_total,2002,93.184
cri,sex_m,geo_cov_rur,mts_details_total,2003,99.141
cri,sex_m,geo_cov_rur,mts_details_total,2004,118.101
cri,sex_m,geo_cov_rur,mts_details_total,2005,111.622
cri,sex_m,geo_cov_rur,mts_details_total,2006,117.01
cri,sex_m,geo_cov_rur,mts_details_total,2007,116.505
cri,sex_m,geo_cov_rur,mts_details_total,2008,124.62
cri,sex_m,geo_cov_rur,mts_details_total,2009,142.418
cri,sex_m,geo_cov_rur,mts_details_total,2010,104.452
cri,sex_m,geo_cov_rur,mts_details_total,2011,109.229
cri,sex_m,geo_cov_rur,mts_details_total,2012,98.651
cri,sex_m,geo_cov_rur,mts_details_total,2013,100.344
cri,sex_m,geo_cov_rur,mts_details_total,2014,106.976
cri,sex_m,geo_cov_rur,mts_details_total,2015,113.588
cri,sex_m,geo_cov_rur,mts_details_total,2016,124.027
cri,sex_m,geo_cov_rur,mts_details_total,2017,125
cri,sex_m,geo_cov_rur,mts_details_total,2018,113.709
cri,sex_m,geo_cov_rur,mts_details_total,2019,115.626
cri,sex_m,geo_cov_rur,mts_details_total,2020,136.555
cri,sex_m,geo_cov_rur,mts_details_total,2021,136.818
cri,sex_m,geo_cov_rur,mts_details_union,2001,5.954
cri,sex_m,geo_cov_rur,mts_details_union,2002,4.479
cri,sex_m,geo_cov_rur,mts_details_union,2003,4.775
cri,sex_m,geo_cov_rur,mts_details_union,2004,7.438
cri,sex_m,geo_cov_rur,mts_details_union,2005,4.886
cri,sex_m,geo_cov_rur,mts_details_union,2006,5.923
cri,sex_m,geo_cov_rur,mts_details_union,2007,6.242
cri,sex_m,geo_cov_rur,mts_details_union,2008,6.657
cri,sex_m,geo_cov_rur,mts_details_union,2009,7.444
cri,sex_m,geo_cov_rur,mts_details_union,2010,6.549
cri,sex_m,geo_cov_rur,mts_details_union,2011,6.367
cri,sex_m,geo_cov_rur,mts_details_union,2012,5.316
cri,sex_m,geo_cov_rur,mts_details_union,2013,6.507
cri,sex_m,geo_cov_rur,mts_details_union,2014,7.224
cri,sex_m,geo_cov_rur,mts_details_union,2015,7.568
cri,sex_m,geo_cov_rur,mts_details_union,2016,8.878
cri,sex_m,geo_cov_rur,mts_details_union,2017,8.156
cri,sex_m,geo_cov_rur,mts_details_union,2018,6.344
cri,sex_m,geo_cov_rur,mts_details_union,2019,7.916
cri,sex_m,geo_cov_rur,mts_details_union,2020,10.71
cri,sex_m,geo_cov_rur,mts_details_union,2021,9.414
cri,sex_m,geo_cov_rur,mts_details_wid,2001,4.298
cri,sex_m,geo_cov_rur,mts_details_wid,2002,5.305
cri,sex_m,geo_cov_rur,mts_details_wid,2003,5.326
cri,sex_m,geo_cov_rur,mts_details_wid,2004,5.322
cri,sex_m,geo_cov_rur,mts_details_wid,2005,7.155
cri,sex_m,geo_cov_rur,mts_details_wid,2006,6.454
cri,sex_m,geo_cov_rur,mts_details_wid,2007,6.342
cri,sex_m,geo_cov_rur,mts_details_wid,2008,5.694
cri,sex_m,geo_cov_rur,mts_details_wid,2009,5.902
cri,sex_m,geo_cov_rur,mts_details_wid,2010,5.977
cri,sex_m,geo_cov_rur,mts_details_wid,2011,5.549
cri,sex_m,geo_cov_rur,mts_details_wid,2012,4.856
cri,sex_m,geo_cov_rur,mts_details_wid,2013,4.183
cri,sex_m,geo_cov_rur,mts_details_wid,2014,4.361
cri,sex_m,geo_cov_rur,mts_details_wid,2015,4.539
cri,sex_m,geo_cov_rur,mts_details_wid,2016,6.737
cri,sex_m,geo_cov_rur,mts_details_wid,2017,6.103
cri,sex_m,geo_cov_rur,mts_details_wid,2018,5.74
cri,sex_m,geo_cov_rur,mts_details_wid,2019,5.424
cri,sex_m,geo_cov_rur,mts_details_wid,2020,6.082
cri,sex_m,geo_cov_rur,mts_details_wid,2021,6.424
cri,sex_m,geo_cov_rur,mts_details_x,2001,0.132
cri,sex_m,geo_cov_rur,mts_details_x,2011,0.095
cri,sex_m,geo_cov_urb,mts_aggregate_1,2001,125.411
cri,sex_m,geo_cov_urb,mts_aggregate_1,2002,133.286
cri,sex_m,geo_cov_urb,mts_aggregate_1,2003,131.092
cri,sex_m,geo_cov_urb,mts_aggregate_1,2004,133.825
cri,sex_m,geo_cov_urb,mts_aggregate_1,2005,143.939
cri,sex_m,geo_cov_urb,mts_aggregate_1,2006,146.123
cri,sex_m,geo_cov_urb,mts_aggregate_1,2007,143.763
cri,sex_m,geo_cov_urb,mts_aggregate_1,2008,160.362
cri,sex_m,geo_cov_urb,mts_aggregate_1,2009,174.689
cri,sex_m,geo_cov_urb,mts_aggregate_1,2010,207.756
cri,sex_m,geo_cov_urb,mts_aggregate_1,2011,227.764
cri,sex_m,geo_cov_urb,mts_aggregate_1,2012,202.128
cri,sex_m,geo_cov_urb,mts_aggregate_1,2013,225.537
cri,sex_m,geo_cov_urb,mts_aggregate_1,2014,207.118
cri,sex_m,geo_cov_urb,mts_aggregate_1,2015,231.57
cri,sex_m,geo_cov_urb,mts_aggregate_1,2016,252.923
cri,sex_m,geo_cov_urb,mts_aggregate_1,2017,242.312
cri,sex_m,geo_cov_urb,mts_aggregate_1,2018,226.348
cri,sex_m,geo_cov_urb,mts_aggregate_1,2019,229.539
cri,sex_m,geo_cov_urb,mts_aggregate_1,2020,246.132
cri,sex_m,geo_cov_urb,mts_aggregate_1,2021,255.254
cri,sex_m,geo_cov_urb,mts_aggregate_2,2001,51.92
cri,sex_m,geo_cov_urb,mts_aggregate_2,2002,55.949
cri,sex_m,geo_cov_urb,mts_aggregate_2,2003,58.344
cri,sex_m,geo_cov_urb,mts_aggregate_2,2004,56.437
cri,sex_m,geo_cov_urb,mts_aggregate_2,2005,51.491
cri,sex_m,geo_cov_urb,mts_aggregate_2,2006,58.859
cri,sex_m,geo_cov_urb,mts_aggregate_2,2007,60.519
cri,sex_m,geo_cov_urb,mts_aggregate_2,2008,69.248
cri,sex_m,geo_cov_urb,mts_aggregate_2,2009,76.335
cri,sex_m,geo_cov_urb,mts_aggregate_2,2010,95.484
cri,sex_m,geo_cov_urb,mts_aggregate_2,2011,99.629
cri,sex_m,geo_cov_urb,mts_aggregate_2,2012,101.041
cri,sex_m,geo_cov_urb,mts_aggregate_2,2013,103.904
cri,sex_m,geo_cov_urb,mts_aggregate_2,2014,105.31
cri,sex_m,geo_cov_urb,mts_aggregate_2,2015,109.087
cri,sex_m,geo_cov_urb,mts_aggregate_2,2016,126.368
cri,sex_m,geo_cov_urb,mts_aggregate_2,2017,135.061
cri,sex_m,geo_cov_urb,mts_aggregate_2,2018,130.617
cri,sex_m,geo_cov_urb,mts_aggregate_2,2019,131.133
cri,sex_m,geo_cov_urb,mts_aggregate_2,2020,163.466
cri,sex_m,geo_cov_urb,mts_aggregate_2,2021,147.528
cri,sex_m,geo_cov_urb,mts_aggregate_total,2001,177.668
cri,sex_m,geo_cov_urb,mts_aggregate_total,2002,189.311
cri,sex_m,geo_cov_urb,mts_aggregate_total,2003,189.436
cri,sex_m,geo_cov_urb,mts_aggregate_total,2004,190.605
cri,sex_m,geo_cov_urb,mts_aggregate_total,2005,195.43
cri,sex_m,geo_cov_urb,mts_aggregate_total,2006,205.332
cri,sex_m,geo_cov_urb,mts_aggregate_total,2007,204.282
cri,sex_m,geo_cov_urb,mts_aggregate_total,2008,229.61
cri,sex_m,geo_cov_urb,mts_aggregate_total,2009,251.024
cri,sex_m,geo_cov_urb,mts_aggregate_total,2010,303.24
cri,sex_m,geo_cov_urb,mts_aggregate_total,2011,327.969
cri,sex_m,geo_cov_urb,mts_aggregate_total,2012,303.169
cri,sex_m,geo_cov_urb,mts_aggregate_total,2013,329.441
cri,sex_m,geo_cov_urb,mts_aggregate_total,2014,312.428
cri,sex_m,geo_cov_urb,mts_aggregate_total,2015,340.734
cri,sex_m,geo_cov_urb,mts_aggregate_total,2016,379.343
cri,sex_m,geo_cov_urb,mts_aggregate_total,2017,377.372
cri,sex_m,geo_cov_urb,mts_aggregate_total,2018,356.965
cri,sex_m,geo_cov_urb,mts_aggregate_total,2019,360.671
cri,sex_m,geo_cov_urb,mts_aggregate_total,2020,409.866
cri,sex_m,geo_cov_urb,mts_aggregate_total,2021,402.782
cri,sex_m,geo_cov_urb,mts_aggregate_x,2001,0.337
cri,sex_m,geo_cov_urb,mts_aggregate_x,2011,0.576
cri,sex_m,geo_cov_urb,mts_details_mrd,2001,45.586
cri,sex_m,geo_cov_urb,mts_details_mrd,2002,50.64
cri,sex_m,geo_cov_urb,mts_details_mrd,2003,54.218
cri,sex_m,geo_cov_urb,mts_details_mrd,2004,50.694
cri,sex_m,geo_cov_urb,mts_details_mrd,2005,45.955
cri,sex_m,geo_cov_urb,mts_details_mrd,2006,51.206
cri,sex_m,geo_cov_urb,mts_details_mrd,2007,52.603
cri,sex_m,geo_cov_urb,mts_details_mrd,2008,62.771
cri,sex_m,geo_cov_urb,mts_details_mrd,2009,67.048
cri,sex_m,geo_cov_urb,mts_details_mrd,2010,80.722
cri,sex_m,geo_cov_urb,mts_details_mrd,2011,86.217
cri,sex_m,geo_cov_urb,mts_details_mrd,2012,80.601
cri,sex_m,geo_cov_urb,mts_details_mrd,2013,87.228
cri,sex_m,geo_cov_urb,mts_details_mrd,2014,90.062
cri,sex_m,geo_cov_urb,mts_details_mrd,2015,94.024
cri,sex_m,geo_cov_urb,mts_details_mrd,2016,107.564
cri,sex_m,geo_cov_urb,mts_details_mrd,2017,115.755
cri,sex_m,geo_cov_urb,mts_details_mrd,2018,112.392
cri,sex_m,geo_cov_urb,mts_details_mrd,2019,115.051
cri,sex_m,geo_cov_urb,mts_details_mrd,2020,141.987
cri,sex_m,geo_cov_urb,mts_details_mrd,2021,128.319
cri,sex_m,geo_cov_urb,mts_details_sep,2001,5.976
cri,sex_m,geo_cov_urb,mts_details_sep,2002,4.883
cri,sex_m,geo_cov_urb,mts_details_sep,2003,6.811
cri,sex_m,geo_cov_urb,mts_details_sep,2004,7.396
cri,sex_m,geo_cov_urb,mts_details_sep,2005,6.259
cri,sex_m,geo_cov_urb,mts_details_sep,2006,6.61
cri,sex_m,geo_cov_urb,mts_details_sep,2007,9.085
cri,sex_m,geo_cov_urb,mts_details_sep,2008,8.197
cri,sex_m,geo_cov_urb,mts_details_sep,2009,12.547
cri,sex_m,geo_cov_urb,mts_details_sep,2010,13.531
cri,sex_m,geo_cov_urb,mts_details_sep,2011,17.762
cri,sex_m,geo_cov_urb,mts_details_sep,2012,17.63
cri,sex_m,geo_cov_urb,mts_details_sep,2013,16.896
cri,sex_m,geo_cov_urb,mts_details_sep,2014,16.472
cri,sex_m,geo_cov_urb,mts_details_sep,2015,18.895
cri,sex_m,geo_cov_urb,mts_details_sep,2016,23.97
cri,sex_m,geo_cov_urb,mts_details_sep,2017,29.08
cri,sex_m,geo_cov_urb,mts_details_sep,2018,22.85
cri,sex_m,geo_cov_urb,mts_details_sep,2019,14.466
cri,sex_m,geo_cov_urb,mts_details_sep,2020,18.186
cri,sex_m,geo_cov_urb,mts_details_sep,2021,27.413
cri,sex_m,geo_cov_urb,mts_details_sgle,2001,112.237
cri,sex_m,geo_cov_urb,mts_details_sgle,2002,121.033
cri,sex_m,geo_cov_urb,mts_details_sgle,2003,116.173
cri,sex_m,geo_cov_urb,mts_details_sgle,2004,118.46
cri,sex_m,geo_cov_urb,mts_details_sgle,2005,129.626
cri,sex_m,geo_cov_urb,mts_details_sgle,2006,130.432
cri,sex_m,geo_cov_urb,mts_details_sgle,2007,124.148
cri,sex_m,geo_cov_urb,mts_details_sgle,2008,140.387
cri,sex_m,geo_cov_urb,mts_details_sgle,2009,150.364
cri,sex_m,geo_cov_urb,mts_details_sgle,2010,179.546
cri,sex_m,geo_cov_urb,mts_details_sgle,2011,190.533
cri,sex_m,geo_cov_urb,mts_details_sgle,2012,167.82
cri,sex_m,geo_cov_urb,mts_details_sgle,2013,185.997
cri,sex_m,geo_cov_urb,mts_details_sgle,2014,171.47
cri,sex_m,geo_cov_urb,mts_details_sgle,2015,196.32
cri,sex_m,geo_cov_urb,mts_details_sgle,2016,212.279
cri,sex_m,geo_cov_urb,mts_details_sgle,2017,197.531
cri,sex_m,geo_cov_urb,mts_details_sgle,2018,182.421
cri,sex_m,geo_cov_urb,mts_details_sgle,2019,192.302
cri,sex_m,geo_cov_urb,mts_details_sgle,2020,206.605
cri,sex_m,geo_cov_urb,mts_details_sgle,2021,205.9
cri,sex_m,geo_cov_urb,mts_details_total,2001,177.668
cri,sex_m,geo_cov_urb,mts_details_total,2002,189.311
cri,sex_m,geo_cov_urb,mts_details_total,2003,189.436
cri,sex_m,geo_cov_urb,mts_details_total,2004,190.605
cri,sex_m,geo_cov_urb,mts_details_total,2005,195.43
cri,sex_m,geo_cov_urb,mts_details_total,2006,205.332
cri,sex_m,geo_cov_urb,mts_details_total,2007,204.282
cri,sex_m,geo_cov_urb,mts_details_total,2008,229.61
cri,sex_m,geo_cov_urb,mts_details_total,2009,251.024
cri,sex_m,geo_cov_urb,mts_details_total,2010,303.24
cri,sex_m,geo_cov_urb,mts_details_total,2011,327.969
cri,sex_m,geo_cov_urb,mts_details_total,2012,303.169
cri,sex_m,geo_cov_urb,mts_details_total,2013,329.441
cri,sex_m,geo_cov_urb,mts_details_total,2014,312.428
cri,sex_m,geo_cov_urb,mts_details_total,2015,340.734
cri,sex_m,geo_cov_urb,mts_details_total,2016,379.343
cri,sex_m,geo_cov_urb,mts_details_total,2017,377.372
cri,sex_m,geo_cov_urb,mts_details_total,2018,356.965
cri,sex_m,geo_cov_urb,mts_details_total,2019,360.671
cri,sex_m,geo_cov_urb,mts_details_total,2020,409.866
cri,sex_m,geo_cov_urb,mts_details_total,2021,402.782
cri,sex_m,geo_cov_urb,mts_details_union,2001,6.334
cri,sex_m,geo_cov_urb,mts_details_union,2002,5.309
cri,sex_m,geo_cov_urb,mts_details_union,2003,4.126
cri,sex_m,geo_cov_urb,mts_details_union,2004,5.743
cri,sex_m,geo_cov_urb,mts_details_union,2005,5.536
cri,sex_m,geo_cov_urb,mts_details_union,2006,7.653
cri,sex_m,geo_cov_urb,mts_details_union,2007,7.916
cri,sex_m,geo_cov_urb,mts_details_union,2008,6.477
cri,sex_m,geo_cov_urb,mts_details_union,2009,9.287
cri,sex_m,geo_cov_urb,mts_details_union,2010,14.762
cri,sex_m,geo_cov_urb,mts_details_union,2011,13.412
cri,sex_m,geo_cov_urb,mts_details_union,2012,20.44
cri,sex_m,geo_cov_urb,mts_details_union,2013,16.676
cri,sex_m,geo_cov_urb,mts_details_union,2014,15.248
cri,sex_m,geo_cov_urb,mts_details_union,2015,15.063
cri,sex_m,geo_cov_urb,mts_details_union,2016,18.805
cri,sex_m,geo_cov_urb,mts_details_union,2017,19.306
cri,sex_m,geo_cov_urb,mts_details_union,2018,18.225
cri,sex_m,geo_cov_urb,mts_details_union,2019,16.082
cri,sex_m,geo_cov_urb,mts_details_union,2020,21.479
cri,sex_m,geo_cov_urb,mts_details_union,2021,19.21
cri,sex_m,geo_cov_urb,mts_details_wid,2001,7.198
cri,sex_m,geo_cov_urb,mts_details_wid,2002,7.37
cri,sex_m,geo_cov_urb,mts_details_wid,2003,8.108
cri,sex_m,geo_cov_urb,mts_details_wid,2004,7.969
cri,sex_m,geo_cov_urb,mts_details_wid,2005,8.054
cri,sex_m,geo_cov_urb,mts_details_wid,2006,9.081
cri,sex_m,geo_cov_urb,mts_details_wid,2007,10.53
cri,sex_m,geo_cov_urb,mts_details_wid,2008,11.778
cri,sex_m,geo_cov_urb,mts_details_wid,2009,11.778
cri,sex_m,geo_cov_urb,mts_details_wid,2010,14.679
cri,sex_m,geo_cov_urb,mts_details_wid,2011,19.469
cri,sex_m,geo_cov_urb,mts_details_wid,2012,16.678
cri,sex_m,geo_cov_urb,mts_details_wid,2013,22.645
cri,sex_m,geo_cov_urb,mts_details_wid,2014,19.177
cri,sex_m,geo_cov_urb,mts_details_wid,2015,16.356
cri,sex_m,geo_cov_urb,mts_details_wid,2016,16.674
cri,sex_m,geo_cov_urb,mts_details_wid,2017,15.701
cri,sex_m,geo_cov_urb,mts_details_wid,2018,21.078
cri,sex_m,geo_cov_urb,mts_details_wid,2019,22.771
cri,sex_m,geo_cov_urb,mts_details_wid,2020,21.342
cri,sex_m,geo_cov_urb,mts_details_wid,2021,21.941
cri,sex_m,geo_cov_urb,mts_details_x,2001,0.337
cri,sex_m,geo_cov_urb,mts_details_x,2011,0.576
cri,sex_t,geo_cov_nat,mts_aggregate_1,2001,526.576
cri,sex_t,geo_cov_nat,mts_aggregate_1,2002,559.936
cri,sex_t,geo_cov_nat,mts_aggregate_1,2003,575.381
cri,sex_t,geo_cov_nat,mts_aggregate_1,2004,616.243
cri,sex_t,geo_cov_nat,mts_aggregate_1,2005,616.222
cri,sex_t,geo_cov_nat,mts_aggregate_1,2006,641.928
cri,sex_t,geo_cov_nat,mts_aggregate_1,2007,646.72
cri,sex_t,geo_cov_nat,mts_aggregate_1,2008,676.734
cri,sex_t,geo_cov_nat,mts_aggregate_1,2009,737.034
cri,sex_t,geo_cov_nat,mts_aggregate_1,2010,767.408
cri,sex_t,geo_cov_nat,mts_aggregate_1,2011,768.39
cri,sex_t,geo_cov_nat,mts_aggregate_1,2012,712.539
cri,sex_t,geo_cov_nat,mts_aggregate_1,2013,747.26
cri,sex_t,geo_cov_nat,mts_aggregate_1,2014,718.068
cri,sex_t,geo_cov_nat,mts_aggregate_1,2015,786.855
cri,sex_t,geo_cov_nat,mts_aggregate_1,2016,860.394
cri,sex_t,geo_cov_nat,mts_aggregate_1,2017,863.452
cri,sex_t,geo_cov_nat,mts_aggregate_1,2018,814.868
cri,sex_t,geo_cov_nat,mts_aggregate_1,2019,796.607
cri,sex_t,geo_cov_nat,mts_aggregate_1,2020,868.544
cri,sex_t,geo_cov_nat,mts_aggregate_1,2021,861.575
cri,sex_t,geo_cov_nat,mts_aggregate_2,2001,546.715
cri,sex_t,geo_cov_nat,mts_aggregate_2,2002,564.371
cri,sex_t,geo_cov_nat,mts_aggregate_2,2003,583.559
cri,sex_t,geo_cov_nat,mts_aggregate_2,2004,607.333
cri,sex_t,geo_cov_nat,mts_aggregate_2,2005,574.945
cri,sex_t,geo_cov_nat,mts_aggregate_2,2006,607.16
cri,sex_t,geo_cov_nat,mts_aggregate_2,2007,611.807
cri,sex_t,geo_cov_nat,mts_aggregate_2,2008,639.408
cri,sex_t,geo_cov_nat,mts_aggregate_2,2009,644.13
cri,sex_t,geo_cov_nat,mts_aggregate_2,2010,647.785
cri,sex_t,geo_cov_nat,mts_aggregate_2,2011,592.96
cri,sex_t,geo_cov_nat,mts_aggregate_2,2012,545.17
cri,sex_t,geo_cov_nat,mts_aggregate_2,2013,557.184
cri,sex_t,geo_cov_nat,mts_aggregate_2,2014,589.868
cri,sex_t,geo_cov_nat,mts_aggregate_2,2015,595.216
cri,sex_t,geo_cov_nat,mts_aggregate_2,2016,662.608
cri,sex_t,geo_cov_nat,mts_aggregate_2,2017,676.753
cri,sex_t,geo_cov_nat,mts_aggregate_2,2018,655.088
cri,sex_t,geo_cov_nat,mts_aggregate_2,2019,612.742
cri,sex_t,geo_cov_nat,mts_aggregate_2,2020,704.729
cri,sex_t,geo_cov_nat,mts_aggregate_2,2021,686.448
cri,sex_t,geo_cov_nat,mts_aggregate_total,2001,1076.898
cri,sex_t,geo_cov_nat,mts_aggregate_total,2002,1125.32
cri,sex_t,geo_cov_nat,mts_aggregate_total,2003,1159.34
cri,sex_t,geo_cov_nat,mts_aggregate_total,2004,1225.94
cri,sex_t,geo_cov_nat,mts_aggregate_total,2005,1192.19
cri,sex_t,geo_cov_nat,mts_aggregate_total,2006,1250.062
cri,sex_t,geo_cov_nat,mts_aggregate_total,2007,1258.592
cri,sex_t,geo_cov_nat,mts_aggregate_total,2008,1316.625
cri,sex_t,geo_cov_nat,mts_aggregate_total,2009,1382.082
cri,sex_t,geo_cov_nat,mts_aggregate_total,2010,1415.371
cri,sex_t,geo_cov_nat,mts_aggregate_total,2011,1362.198
cri,sex_t,geo_cov_nat,mts_aggregate_total,2012,1257.709
cri,sex_t,geo_cov_nat,mts_aggregate_total,2013,1304.443
cri,sex_t,geo_cov_nat,mts_aggregate_total,2014,1308.149
cri,sex_t,geo_cov_nat,mts_aggregate_total,2015,1382.213
cri,sex_t,geo_cov_nat,mts_aggregate_total,2016,1523.199
cri,sex_t,geo_cov_nat,mts_aggregate_total,2017,1540.205
cri,sex_t,geo_cov_nat,mts_aggregate_total,2018,1469.955
cri,sex_t,geo_cov_nat,mts_aggregate_total,2019,1409.349
cri,sex_t,geo_cov_nat,mts_aggregate_total,2020,1573.78
cri,sex_t,geo_cov_nat,mts_aggregate_total,2021,1548.258
cri,sex_t,geo_cov_nat,mts_aggregate_x,2001,3.607
cri,sex_t,geo_cov_nat,mts_aggregate_x,2002,1.013
cri,sex_t,geo_cov_nat,mts_aggregate_x,2004,2.364
cri,sex_t,geo_cov_nat,mts_aggregate_x,2005,1.023
cri,sex_t,geo_cov_nat,mts_aggregate_x,2006,0.974
cri,sex_t,geo_cov_nat,mts_aggregate_x,2008,0.483
cri,sex_t,geo_cov_nat,mts_aggregate_x,2009,0.918
cri,sex_t,geo_cov_nat,mts_aggregate_x,2011,0.847
cri,sex_t,geo_cov_nat,mts_aggregate_x,2015,0.142
cri,sex_t,geo_cov_nat,mts_aggregate_x,2016,0.198
cri,sex_t,geo_cov_nat,mts_details_mrd,2001,421.779
cri,sex_t,geo_cov_nat,mts_details_mrd,2002,443.929
cri,sex_t,geo_cov_nat,mts_details_mrd,2003,455.68
cri,sex_t,geo_cov_nat,mts_details_mrd,2004,466.325
cri,sex_t,geo_cov_nat,mts_details_mrd,2005,436.392
cri,sex_t,geo_cov_nat,mts_details_mrd,2006,459.663
cri,sex_t,geo_cov_nat,mts_details_mrd,2007,458.319
cri,sex_t,geo_cov_nat,mts_details_mrd,2008,479.711
cri,sex_t,geo_cov_nat,mts_details_mrd,2009,480.943
cri,sex_t,geo_cov_nat,mts_details_mrd,2010,480.844
cri,sex_t,geo_cov_nat,mts_details_mrd,2011,452.239
cri,sex_t,geo_cov_nat,mts_details_mrd,2012,408.23
cri,sex_t,geo_cov_nat,mts_details_mrd,2013,415.916
cri,sex_t,geo_cov_nat,mts_details_mrd,2014,441.786
cri,sex_t,geo_cov_nat,mts_details_mrd,2015,444.486
cri,sex_t,geo_cov_nat,mts_details_mrd,2016,491.197
cri,sex_t,geo_cov_nat,mts_details_mrd,2017,510.693
cri,sex_t,geo_cov_nat,mts_details_mrd,2018,491.64
cri,sex_t,geo_cov_nat,mts_details_mrd,2019,472.935
cri,sex_t,geo_cov_nat,mts_details_mrd,2020,540.184
cri,sex_t,geo_cov_nat,mts_details_mrd,2021,526.776
cri,sex_t,geo_cov_nat,mts_details_sep,2001,64.958
cri,sex_t,geo_cov_nat,mts_details_sep,2002,58.935
cri,sex_t,geo_cov_nat,mts_details_sep,2003,65.844
cri,sex_t,geo_cov_nat,mts_details_sep,2004,76.862
cri,sex_t,geo_cov_nat,mts_details_sep,2005,77.081
cri,sex_t,geo_cov_nat,mts_details_sep,2006,76.571
cri,sex_t,geo_cov_nat,mts_details_sep,2007,78.13
cri,sex_t,geo_cov_nat,mts_details_sep,2008,81.762
cri,sex_t,geo_cov_nat,mts_details_sep,2009,103.657
cri,sex_t,geo_cov_nat,mts_details_sep,2010,98.537
cri,sex_t,geo_cov_nat,mts_details_sep,2011,94.415
cri,sex_t,geo_cov_nat,mts_details_sep,2012,81.915
cri,sex_t,geo_cov_nat,mts_details_sep,2013,108.603
cri,sex_t,geo_cov_nat,mts_details_sep,2014,108.352
cri,sex_t,geo_cov_nat,mts_details_sep,2015,124.425
cri,sex_t,geo_cov_nat,mts_details_sep,2016,142.489
cri,sex_t,geo_cov_nat,mts_details_sep,2017,146.482
cri,sex_t,geo_cov_nat,mts_details_sep,2018,132.134
cri,sex_t,geo_cov_nat,mts_details_sep,2019,120.623
cri,sex_t,geo_cov_nat,mts_details_sep,2020,130.43
cri,sex_t,geo_cov_nat,mts_details_sep,2021,142.911
cri,sex_t,geo_cov_nat,mts_details_sgle,2001,385.16
cri,sex_t,geo_cov_nat,mts_details_sgle,2002,420.267
cri,sex_t,geo_cov_nat,mts_details_sgle,2003,423.899
cri,sex_t,geo_cov_nat,mts_details_sgle,2004,451.946
cri,sex_t,geo_cov_nat,mts_details_sgle,2005,447.937
cri,sex_t,geo_cov_nat,mts_details_sgle,2006,466.06
cri,sex_t,geo_cov_nat,mts_details_sgle,2007,468.546
cri,sex_t,geo_cov_nat,mts_details_sgle,2008,495.941
cri,sex_t,geo_cov_nat,mts_details_sgle,2009,529.522
cri,sex_t,geo_cov_nat,mts_details_sgle,2010,553.876
cri,sex_t,geo_cov_nat,mts_details_sgle,2011,542.029
cri,sex_t,geo_cov_nat,mts_details_sgle,2012,510.336
cri,sex_t,geo_cov_nat,mts_details_sgle,2013,524.205
cri,sex_t,geo_cov_nat,mts_details_sgle,2014,498.772
cri,sex_t,geo_cov_nat,mts_details_sgle,2015,544.897
cri,sex_t,geo_cov_nat,mts_details_sgle,2016,590.546
cri,sex_t,geo_cov_nat,mts_details_sgle,2017,581.416
cri,sex_t,geo_cov_nat,mts_details_sgle,2018,546.027
cri,sex_t,geo_cov_nat,mts_details_sgle,2019,543.831
cri,sex_t,geo_cov_nat,mts_details_sgle,2020,591.563
cri,sex_t,geo_cov_nat,mts_details_sgle,2021,574.93
cri,sex_t,geo_cov_nat,mts_details_total,2001,1076.898
cri,sex_t,geo_cov_nat,mts_details_total,2002,1125.32
cri,sex_t,geo_cov_nat,mts_details_total,2003,1159.34
cri,sex_t,geo_cov_nat,mts_details_total,2004,1225.94
cri,sex_t,geo_cov_nat,mts_details_total,2005,1192.19
cri,sex_t,geo_cov_nat,mts_details_total,2006,1250.062
cri,sex_t,geo_cov_nat,mts_details_total,2007,1258.592
cri,sex_t,geo_cov_nat,mts_details_total,2008,1316.625
cri,sex_t,geo_cov_nat,mts_details_total,2009,1382.082
cri,sex_t,geo_cov_nat,mts_details_total,2010,1415.371
cri,sex_t,geo_cov_nat,mts_details_total,2011,1362.198
cri,sex_t,geo_cov_nat,mts_details_total,2012,1257.709
cri,sex_t,geo_cov_nat,mts_details_total,2013,1304.443
cri,sex_t,geo_cov_nat,mts_details_total,2014,1308.149
cri,sex_t,geo_cov_nat,mts_details_total,2015,1382.213
cri,sex_t,geo_cov_nat,mts_details_total,2016,1523.199
cri,sex_t,geo_cov_nat,mts_details_total,2017,1540.205
cri,sex_t,geo_cov_nat,mts_details_total,2018,1469.955
cri,sex_t,geo_cov_nat,mts_details_total,2019,1409.349
cri,sex_t,geo_cov_nat,mts_details_total,2020,1573.78
cri,sex_t,geo_cov_nat,mts_details_total,2021,1548.258
cri,sex_t,geo_cov_nat,mts_details_union,2001,124.936
cri,sex_t,geo_cov_nat,mts_details_union,2002,120.442
cri,sex_t,geo_cov_nat,mts_details_union,2003,127.879
cri,sex_t,geo_cov_nat,mts_details_union,2004,141.008
cri,sex_t,geo_cov_nat,mts_details_union,2005,138.553
cri,sex_t,geo_cov_nat,mts_details_union,2006,147.497
cri,sex_t,geo_cov_nat,mts_details_union,2007,153.488
cri,sex_t,geo_cov_nat,mts_details_union,2008,159.697
cri,sex_t,geo_cov_nat,mts_details_union,2009,163.187
cri,sex_t,geo_cov_nat,mts_details_union,2010,166.941
cri,sex_t,geo_cov_nat,mts_details_union,2011,140.721
cri,sex_t,geo_cov_nat,mts_details_union,2012,136.94
cri,sex_t,geo_cov_nat,mts_details_union,2013,141.268
cri,sex_t,geo_cov_nat,mts_details_union,2014,148.082
cri,sex_t,geo_cov_nat,mts_details_union,2015,150.73
cri,sex_t,geo_cov_nat,mts_details_union,2016,171.411
cri,sex_t,geo_cov_nat,mts_details_union,2017,166.059
cri,sex_t,geo_cov_nat,mts_details_union,2018,163.448
cri,sex_t,geo_cov_nat,mts_details_union,2019,139.808
cri,sex_t,geo_cov_nat,mts_details_union,2020,164.545
cri,sex_t,geo_cov_nat,mts_details_union,2021,159.672
cri,sex_t,geo_cov_nat,mts_details_wid,2001,76.458
cri,sex_t,geo_cov_nat,mts_details_wid,2002,80.734
cri,sex_t,geo_cov_nat,mts_details_wid,2003,85.638
cri,sex_t,geo_cov_nat,mts_details_wid,2004,87.435
cri,sex_t,geo_cov_nat,mts_details_wid,2005,91.204
cri,sex_t,geo_cov_nat,mts_details_wid,2006,99.297
cri,sex_t,geo_cov_nat,mts_details_wid,2007,100.044
cri,sex_t,geo_cov_nat,mts_details_wid,2008,99.031
cri,sex_t,geo_cov_nat,mts_details_wid,2009,103.855
cri,sex_t,geo_cov_nat,mts_details_wid,2010,114.995
cri,sex_t,geo_cov_nat,mts_details_wid,2011,131.946
cri,sex_t,geo_cov_nat,mts_details_wid,2012,120.289
cri,sex_t,geo_cov_nat,mts_details_wid,2013,114.452
cri,sex_t,geo_cov_nat,mts_details_wid,2014,110.945
cri,sex_t,geo_cov_nat,mts_details_wid,2015,117.534
cri,sex_t,geo_cov_nat,mts_details_wid,2016,127.359
cri,sex_t,geo_cov_nat,mts_details_wid,2017,135.554
cri,sex_t,geo_cov_nat,mts_details_wid,2018,136.707
cri,sex_t,geo_cov_nat,mts_details_wid,2019,132.153
cri,sex_t,geo_cov_nat,mts_details_wid,2020,146.551
cri,sex_t,geo_cov_nat,mts_details_wid,2021,143.733
cri,sex_t,geo_cov_nat,mts_details_x,2001,3.607
cri,sex_t,geo_cov_nat,mts_details_x,2002,1.013
cri,sex_t,geo_cov_nat,mts_details_x,2004,2.364
cri,sex_t,geo_cov_nat,mts_details_x,2005,1.023
cri,sex_t,geo_cov_nat,mts_details_x,2006,0.974
cri,sex_t,geo_cov_nat,mts_details_x,2008,0.483
cri,sex_t,geo_cov_nat,mts_details_x,2009,0.918
cri,sex_t,geo_cov_nat,mts_details_x,2011,0.847
cri,sex_t,geo_cov_nat,mts_details_x,2015,0.142
cri,sex_t,geo_cov_nat,mts_details_x,2016,0.198
cri,sex_t,geo_cov_rur,mts_aggregate_1,2001,182.083
cri,sex_t,geo_cov_rur,mts_aggregate_1,2002,193.554
cri,sex_t,geo_cov_rur,mts_aggregate_1,2003,203.978
cri,sex_t,geo_cov_rur,mts_aggregate_1,2004,225.929
cri,sex_t,geo_cov_rur,mts_aggregate_1,2005,223.105
cri,sex_t,geo_cov_rur,mts_aggregate_1,2006,233.037
cri,sex_t,geo_cov_rur,mts_aggregate_1,2007,239.302
cri,sex_t,geo_cov_rur,mts_aggregate_1,2008,247.064
cri,sex_t,geo_cov_rur,mts_aggregate_1,2009,271.694
cri,sex_t,geo_cov_rur,mts_aggregate_1,2010,187.326
cri,sex_t,geo_cov_rur,mts_aggregate_1,2011,187.884
cri,sex_t,geo_cov_rur,mts_aggregate_1,2012,177.394
cri,sex_t,geo_cov_rur,mts_aggregate_1,2013,177.655
cri,sex_t,geo_cov_rur,mts_aggregate_1,2014,184.596
cri,sex_t,geo_cov_rur,mts_aggregate_1,2015,192.152
cri,sex_t,geo_cov_rur,mts_aggregate_1,2016,208.382
cri,sex_t,geo_cov_rur,mts_aggregate_1,2017,207.256
cri,sex_t,geo_cov_rur,mts_aggregate_1,2018,197.769
cri,sex_t,geo_cov_rur,mts_aggregate_1,2019,196.367
cri,sex_t,geo_cov_rur,mts_aggregate_1,2020,219.102
cri,sex_t,geo_cov_rur,mts_aggregate_1,2021,218.525
cri,sex_t,geo_cov_rur,mts_aggregate_2,2001,246.483
cri,sex_t,geo_cov_rur,mts_aggregate_2,2002,256.97
cri,sex_t,geo_cov_rur,mts_aggregate_2,2003,267.964
cri,sex_t,geo_cov_rur,mts_aggregate_2,2004,279.24
cri,sex_t,geo_cov_rur,mts_aggregate_2,2005,266.699
cri,sex_t,geo_cov_rur,mts_aggregate_2,2006,278.304
cri,sex_t,geo_cov_rur,mts_aggregate_2,2007,273.946
cri,sex_t,geo_cov_rur,mts_aggregate_2,2008,296.256
cri,sex_t,geo_cov_rur,mts_aggregate_2,2009,294.753
cri,sex_t,geo_cov_rur,mts_aggregate_2,2010,207.371
cri,sex_t,geo_cov_rur,mts_aggregate_2,2011,178.014
cri,sex_t,geo_cov_rur,mts_aggregate_2,2012,164.254
cri,sex_t,geo_cov_rur,mts_aggregate_2,2013,162.515
cri,sex_t,geo_cov_rur,mts_aggregate_2,2014,172.97
cri,sex_t,geo_cov_rur,mts_aggregate_2,2015,183.833
cri,sex_t,geo_cov_rur,mts_aggregate_2,2016,192.984
cri,sex_t,geo_cov_rur,mts_aggregate_2,2017,194.8
cri,sex_t,geo_cov_rur,mts_aggregate_2,2018,183.018
cri,sex_t,geo_cov_rur,mts_aggregate_2,2019,178.616
cri,sex_t,geo_cov_rur,mts_aggregate_2,2020,204.529
cri,sex_t,geo_cov_rur,mts_aggregate_2,2021,200.784
cri,sex_t,geo_cov_rur,mts_aggregate_total,2001,430.492
cri,sex_t,geo_cov_rur,mts_aggregate_total,2002,450.824
cri,sex_t,geo_cov_rur,mts_aggregate_total,2003,472.014
cri,sex_t,geo_cov_rur,mts_aggregate_total,2004,506.275
cri,sex_t,geo_cov_rur,mts_aggregate_total,2005,490.482
cri,sex_t,geo_cov_rur,mts_aggregate_total,2006,511.397
cri,sex_t,geo_cov_rur,mts_aggregate_total,2007,513.313
cri,sex_t,geo_cov_rur,mts_aggregate_total,2008,543.803
cri,sex_t,geo_cov_rur,mts_aggregate_total,2009,566.733
cri,sex_t,geo_cov_rur,mts_aggregate_total,2010,394.875
cri,sex_t,geo_cov_rur,mts_aggregate_total,2011,366.067
cri,sex_t,geo_cov_rur,mts_aggregate_total,2012,341.649
cri,sex_t,geo_cov_rur,mts_aggregate_total,2013,340.17
cri,sex_t,geo_cov_rur,mts_aggregate_total,2014,357.566
cri,sex_t,geo_cov_rur,mts_aggregate_total,2015,376.017
cri,sex_t,geo_cov_rur,mts_aggregate_total,2016,401.419
cri,sex_t,geo_cov_rur,mts_aggregate_total,2017,402.056
cri,sex_t,geo_cov_rur,mts_aggregate_total,2018,380.787
cri,sex_t,geo_cov_rur,mts_aggregate_total,2019,374.983
cri,sex_t,geo_cov_rur,mts_aggregate_total,2020,423.631
cri,sex_t,geo_cov_rur,mts_aggregate_total,2021,419.308
cri,sex_t,geo_cov_rur,mts_aggregate_x,2001,1.926
cri,sex_t,geo_cov_rur,mts_aggregate_x,2002,0.3
cri,sex_t,geo_cov_rur,mts_aggregate_x,2004,1.106
cri,sex_t,geo_cov_rur,mts_aggregate_x,2005,0.678
cri,sex_t,geo_cov_rur,mts_aggregate_x,2008,0.483
cri,sex_t,geo_cov_rur,mts_aggregate_x,2009,0.286
cri,sex_t,geo_cov_rur,mts_aggregate_x,2011,0.169
cri,sex_t,geo_cov_rur,mts_details_mrd,2001,176.857
cri,sex_t,geo_cov_rur,mts_details_mrd,2002,189.713
cri,sex_t,geo_cov_rur,mts_details_mrd,2003,195.187
cri,sex_t,geo_cov_rur,mts_details_mrd,2004,198.255
cri,sex_t,geo_cov_rur,mts_details_mrd,2005,190.342
cri,sex_t,geo_cov_rur,mts_details_mrd,2006,196.075
cri,sex_t,geo_cov_rur,mts_details_mrd,2007,189.464
cri,sex_t,geo_cov_rur,mts_details_mrd,2008,203.198
cri,sex_t,geo_cov_rur,mts_details_mrd,2009,201.245
cri,sex_t,geo_cov_rur,mts_details_mrd,2010,140.474
cri,sex_t,geo_cov_rur,mts_details_mrd,2011,122.828
cri,sex_t,geo_cov_rur,mts_details_mrd,2012,112.643
cri,sex_t,geo_cov_rur,mts_details_mrd,2013,104.639
cri,sex_t,geo_cov_rur,mts_details_mrd,2014,114.661
cri,sex_t,geo_cov_rur,mts_details_mrd,2015,121.083
cri,sex_t,geo_cov_rur,mts_details_mrd,2016,124.407
cri,sex_t,geo_cov_rur,mts_details_mrd,2017,130.045
cri,sex_t,geo_cov_rur,mts_details_mrd,2018,123.33
cri,sex_t,geo_cov_rur,mts_details_mrd,2019,120.651
cri,sex_t,geo_cov_rur,mts_details_mrd,2020,139.63
cri,sex_t,geo_cov_rur,mts_details_mrd,2021,136.905
cri,sex_t,geo_cov_rur,mts_details_sep,2001,25.753
cri,sex_t,geo_cov_rur,mts_details_sep,2002,22.523
cri,sex_t,geo_cov_rur,mts_details_sep,2003,24.788
cri,sex_t,geo_cov_rur,mts_details_sep,2004,27.729
cri,sex_t,geo_cov_rur,mts_details_sep,2005,29.431
cri,sex_t,geo_cov_rur,mts_details_sep,2006,26.98
cri,sex_t,geo_cov_rur,mts_details_sep,2007,30.022
cri,sex_t,geo_cov_rur,mts_details_sep,2008,30.381
cri,sex_t,geo_cov_rur,mts_details_sep,2009,36.738
cri,sex_t,geo_cov_rur,mts_details_sep,2010,22.36
cri,sex_t,geo_cov_rur,mts_details_sep,2011,22.836
cri,sex_t,geo_cov_rur,mts_details_sep,2012,20.185
cri,sex_t,geo_cov_rur,mts_details_sep,2013,23.181
cri,sex_t,geo_cov_rur,mts_details_sep,2014,26.953
cri,sex_t,geo_cov_rur,mts_details_sep,2015,29.076
cri,sex_t,geo_cov_rur,mts_details_sep,2016,34.052
cri,sex_t,geo_cov_rur,mts_details_sep,2017,34.192
cri,sex_t,geo_cov_rur,mts_details_sep,2018,30.426
cri,sex_t,geo_cov_rur,mts_details_sep,2019,31.773
cri,sex_t,geo_cov_rur,mts_details_sep,2020,34.148
cri,sex_t,geo_cov_rur,mts_details_sep,2021,30.034
cri,sex_t,geo_cov_rur,mts_details_sgle,2001,131.599
cri,sex_t,geo_cov_rur,mts_details_sgle,2002,143.703
cri,sex_t,geo_cov_rur,mts_details_sgle,2003,152.896
cri,sex_t,geo_cov_rur,mts_details_sgle,2004,169.383
cri,sex_t,geo_cov_rur,mts_details_sgle,2005,160.342
cri,sex_t,geo_cov_rur,mts_details_sgle,2006,170.813
cri,sex_t,geo_cov_rur,mts_details_sgle,2007,174.185
cri,sex_t,geo_cov_rur,mts_details_sgle,2008,182.954
cri,sex_t,geo_cov_rur,mts_details_sgle,2009,200.283
cri,sex_t,geo_cov_rur,mts_details_sgle,2010,141.655
cri,sex_t,geo_cov_rur,mts_details_sgle,2011,142.641
cri,sex_t,geo_cov_rur,mts_details_sgle,2012,134.219
cri,sex_t,geo_cov_rur,mts_details_sgle,2013,134.449
cri,sex_t,geo_cov_rur,mts_details_sgle,2014,137.581
cri,sex_t,geo_cov_rur,mts_details_sgle,2015,142.785
cri,sex_t,geo_cov_rur,mts_details_sgle,2016,149.454
cri,sex_t,geo_cov_rur,mts_details_sgle,2017,148.613
cri,sex_t,geo_cov_rur,mts_details_sgle,2018,142.374
cri,sex_t,geo_cov_rur,mts_details_sgle,2019,139.129
cri,sex_t,geo_cov_rur,mts_details_sgle,2020,157.316
cri,sex_t,geo_cov_rur,mts_details_sgle,2021,164.062
cri,sex_t,geo_cov_rur,mts_details_total,2001,430.492
cri,sex_t,geo_cov_rur,mts_details_total,2002,450.824
cri,sex_t,geo_cov_rur,mts_details_total,2003,472.014
cri,sex_t,geo_cov_rur,mts_details_total,2004,506.275
cri,sex_t,geo_cov_rur,mts_details_total,2005,490.482
cri,sex_t,geo_cov_rur,mts_details_total,2006,511.397
cri,sex_t,geo_cov_rur,mts_details_total,2007,513.313
cri,sex_t,geo_cov_rur,mts_details_total,2008,543.803
cri,sex_t,geo_cov_rur,mts_details_total,2009,566.733
cri,sex_t,geo_cov_rur,mts_details_total,2010,394.875
cri,sex_t,geo_cov_rur,mts_details_total,2011,366.067
cri,sex_t,geo_cov_rur,mts_details_total,2012,341.649
cri,sex_t,geo_cov_rur,mts_details_total,2013,340.17
cri,sex_t,geo_cov_rur,mts_details_total,2014,357.566
cri,sex_t,geo_cov_rur,mts_details_total,2015,376.017
cri,sex_t,geo_cov_rur,mts_details_total,2016,401.419
cri,sex_t,geo_cov_rur,mts_details_total,2017,402.056
cri,sex_t,geo_cov_rur,mts_details_total,2018,380.787
cri,sex_t,geo_cov_rur,mts_details_total,2019,374.983
cri,sex_t,geo_cov_rur,mts_details_total,2020,423.631
cri,sex_t,geo_cov_rur,mts_details_total,2021,419.308
cri,sex_t,geo_cov_rur,mts_details_union,2001,69.626
cri,sex_t,geo_cov_rur,mts_details_union,2002,67.257
cri,sex_t,geo_cov_rur,mts_details_union,2003,72.777
cri,sex_t,geo_cov_rur,mts_details_union,2004,80.985
cri,sex_t,geo_cov_rur,mts_details_union,2005,76.357
cri,sex_t,geo_cov_rur,mts_details_union,2006,82.229
cri,sex_t,geo_cov_rur,mts_details_union,2007,84.482
cri,sex_t,geo_cov_rur,mts_details_union,2008,93.058
cri,sex_t,geo_cov_rur,mts_details_union,2009,93.508
cri,sex_t,geo_cov_rur,mts_details_union,2010,66.897
cri,sex_t,geo_cov_rur,mts_details_union,2011,55.186
cri,sex_t,geo_cov_rur,mts_details_union,2012,51.611
cri,sex_t,geo_cov_rur,mts_details_union,2013,57.877
cri,sex_t,geo_cov_rur,mts_details_union,2014,58.309
cri,sex_t,geo_cov_rur,mts_details_union,2015,62.751
cri,sex_t,geo_cov_rur,mts_details_union,2016,68.577
cri,sex_t,geo_cov_rur,mts_details_union,2017,64.754
cri,sex_t,geo_cov_rur,mts_details_union,2018,59.688
cri,sex_t,geo_cov_rur,mts_details_union,2019,57.966
cri,sex_t,geo_cov_rur,mts_details_union,2020,64.899
cri,sex_t,geo_cov_rur,mts_details_union,2021,63.879
cri,sex_t,geo_cov_rur,mts_details_wid,2001,24.731
cri,sex_t,geo_cov_rur,mts_details_wid,2002,27.328
cri,sex_t,geo_cov_rur,mts_details_wid,2003,26.294
cri,sex_t,geo_cov_rur,mts_details_wid,2004,28.817
cri,sex_t,geo_cov_rur,mts_details_wid,2005,33.332
cri,sex_t,geo_cov_rur,mts_details_wid,2006,35.244
cri,sex_t,geo_cov_rur,mts_details_wid,2007,35.095
cri,sex_t,geo_cov_rur,mts_details_wid,2008,33.729
cri,sex_t,geo_cov_rur,mts_details_wid,2009,34.673
cri,sex_t,geo_cov_rur,mts_details_wid,2010,23.311
cri,sex_t,geo_cov_rur,mts_details_wid,2011,22.407
cri,sex_t,geo_cov_rur,mts_details_wid,2012,22.991
cri,sex_t,geo_cov_rur,mts_details_wid,2013,20.025
cri,sex_t,geo_cov_rur,mts_details_wid,2014,20.062
cri,sex_t,geo_cov_rur,mts_details_wid,2015,20.292
cri,sex_t,geo_cov_rur,mts_details_wid,2016,24.876
cri,sex_t,geo_cov_rur,mts_details_wid,2017,24.452
cri,sex_t,geo_cov_rur,mts_details_wid,2018,24.97
cri,sex_t,geo_cov_rur,mts_details_wid,2019,25.465
cri,sex_t,geo_cov_rur,mts_details_wid,2020,27.638
cri,sex_t,geo_cov_rur,mts_details_wid,2021,24.429
cri,sex_t,geo_cov_rur,mts_details_x,2001,1.926
cri,sex_t,geo_cov_rur,mts_details_x,2002,0.3
cri,sex_t,geo_cov_rur,mts_details_x,2004,1.106
cri,sex_t,geo_cov_rur,mts_details_x,2005,0.678
cri,sex_t,geo_cov_rur,mts_details_x,2008,0.483
cri,sex_t,geo_cov_rur,mts_details_x,2009,0.286
cri,sex_t,geo_cov_rur,mts_details_x,2011,0.169
cri,sex_t,geo_cov_urb,mts_aggregate_1,2001,344.493
cri,sex_t,geo_cov_urb,mts_aggregate_1,2002,366.382
cri,sex_t,geo_cov_urb,mts_aggregate_1,2003,371.403
cri,sex_t,geo_cov_urb,mts_aggregate_1,2004,390.314
cri,sex_t,geo_cov_urb,mts_aggregate_1,2005,393.117
cri,sex_t,geo_cov_urb,mts_aggregate_1,2006,408.891
cri,sex_t,geo_cov_urb,mts_aggregate_1,2007,407.418
cri,sex_t,geo_cov_urb,mts_aggregate_1,2008,429.67
cri,sex_t,geo_cov_urb,mts_aggregate_1,2009,465.34
cri,sex_t,geo_cov_urb,mts_aggregate_1,2010,580.082
cri,sex_t,geo_cov_urb,mts_aggregate_1,2011,580.507
cri,sex_t,geo_cov_urb,mts_aggregate_1,2012,535.145
cri,sex_t,geo_cov_urb,mts_aggregate_1,2013,569.605
cri,sex_t,geo_cov_urb,mts_aggregate_1,2014,533.473
cri,sex_t,geo_cov_urb,mts_aggregate_1,2015,594.703
cri,sex_t,geo_cov_urb,mts_aggregate_1,2016,652.012
cri,sex_t,geo_cov_urb,mts_aggregate_1,2017,656.196
cri,sex_t,geo_cov_urb,mts_aggregate_1,2018,617.099
cri,sex_t,geo_cov_urb,mts_aggregate_1,2019,600.24
cri,sex_t,geo_cov_urb,mts_aggregate_1,2020,649.442
cri,sex_t,geo_cov_urb,mts_aggregate_1,2021,643.05
cri,sex_t,geo_cov_urb,mts_aggregate_2,2001,300.232
cri,sex_t,geo_cov_urb,mts_aggregate_2,2002,307.401
cri,sex_t,geo_cov_urb,mts_aggregate_2,2003,315.595
cri,sex_t,geo_cov_urb,mts_aggregate_2,2004,328.093
cri,sex_t,geo_cov_urb,mts_aggregate_2,2005,308.246
cri,sex_t,geo_cov_urb,mts_aggregate_2,2006,328.856
cri,sex_t,geo_cov_urb,mts_aggregate_2,2007,337.861
cri,sex_t,geo_cov_urb,mts_aggregate_2,2008,343.152
cri,sex_t,geo_cov_urb,mts_aggregate_2,2009,349.377
cri,sex_t,geo_cov_urb,mts_aggregate_2,2010,440.414
cri,sex_t,geo_cov_urb,mts_aggregate_2,2011,414.947
cri,sex_t,geo_cov_urb,mts_aggregate_2,2012,380.916
cri,sex_t,geo_cov_urb,mts_aggregate_2,2013,394.669
cri,sex_t,geo_cov_urb,mts_aggregate_2,2014,416.898
cri,sex_t,geo_cov_urb,mts_aggregate_2,2015,411.383
cri,sex_t,geo_cov_urb,mts_aggregate_2,2016,469.624
cri,sex_t,geo_cov_urb,mts_aggregate_2,2017,481.953
cri,sex_t,geo_cov_urb,mts_aggregate_2,2018,472.069
cri,sex_t,geo_cov_urb,mts_aggregate_2,2019,434.126
cri,sex_t,geo_cov_urb,mts_aggregate_2,2020,500.2
cri,sex_t,geo_cov_urb,mts_aggregate_2,2021,485.664
cri,sex_t,geo_cov_urb,mts_aggregate_total,2001,646.406
cri,sex_t,geo_cov_urb,mts_aggregate_total,2002,674.496
cri,sex_t,geo_cov_urb,mts_aggregate_total,2003,687.326
cri,sex_t,geo_cov_urb,mts_aggregate_total,2004,719.665
cri,sex_t,geo_cov_urb,mts_aggregate_total,2005,701.708
cri,sex_t,geo_cov_urb,mts_aggregate_total,2006,738.665
cri,sex_t,geo_cov_urb,mts_aggregate_total,2007,745.279
cri,sex_t,geo_cov_urb,mts_aggregate_total,2008,772.822
cri,sex_t,geo_cov_urb,mts_aggregate_total,2009,815.349
cri,sex_t,geo_cov_urb,mts_aggregate_total,2010,1020.496
cri,sex_t,geo_cov_urb,mts_aggregate_total,2011,996.131
cri,sex_t,geo_cov_urb,mts_aggregate_total,2012,916.061
cri,sex_t,geo_cov_urb,mts_aggregate_total,2013,964.274
cri,sex_t,geo_cov_urb,mts_aggregate_total,2014,950.583
cri,sex_t,geo_cov_urb,mts_aggregate_total,2015,1006.196
cri,sex_t,geo_cov_urb,mts_aggregate_total,2016,1121.78
cri,sex_t,geo_cov_urb,mts_aggregate_total,2017,1138.149
cri,sex_t,geo_cov_urb,mts_aggregate_total,2018,1089.168
cri,sex_t,geo_cov_urb,mts_aggregate_total,2019,1034.366
cri,sex_t,geo_cov_urb,mts_aggregate_total,2020,1150.149
cri,sex_t,geo_cov_urb,mts_aggregate_total,2021,1128.95
cri,sex_t,geo_cov_urb,mts_aggregate_x,2001,1.681
cri,sex_t,geo_cov_urb,mts_aggregate_x,2002,0.713
cri,sex_t,geo_cov_urb,mts_aggregate_x,2004,1.258
cri,sex_t,geo_cov_urb,mts_aggregate_x,2006,0.918
cri,sex_t,geo_cov_urb,mts_aggregate_x,2009,0.632
cri,sex_t,geo_cov_urb,mts_aggregate_x,2011,0.678
cri,sex_t,geo_cov_urb,mts_aggregate_x,2015,0.111
cri,sex_t,geo_cov_urb,mts_aggregate_x,2016,0.144
cri,sex_t,geo_cov_urb,mts_details_mrd,2001,244.922
cri,sex_t,geo_cov_urb,mts_details_mrd,2002,254.216
cri,sex_t,geo_cov_urb,mts_details_mrd,2003,260.493
cri,sex_t,geo_cov_urb,mts_details_mrd,2004,268.07
cri,sex_t,geo_cov_urb,mts_details_mrd,2005,246.05
cri,sex_t,geo_cov_urb,mts_details_mrd,2006,263.588
cri,sex_t,geo_cov_urb,mts_details_mrd,2007,268.855
cri,sex_t,geo_cov_urb,mts_details_mrd,2008,276.513
cri,sex_t,geo_cov_urb,mts_details_mrd,2009,279.698
cri,sex_t,geo_cov_urb,mts_details_mrd,2010,340.37
cri,sex_t,geo_cov_urb,mts_details_mrd,2011,329.411
cri,sex_t,geo_cov_urb,mts_details_mrd,2012,295.587
cri,sex_t,geo_cov_urb,mts_details_mrd,2013,311.277
cri,sex_t,geo_cov_urb,mts_details_mrd,2014,327.125
cri,sex_t,geo_cov_urb,mts_details_mrd,2015,323.404
cri,sex_t,geo_cov_urb,mts_details_mrd,2016,366.79
cri,sex_t,geo_cov_urb,mts_details_mrd,2017,380.648
cri,sex_t,geo_cov_urb,mts_details_mrd,2018,368.309
cri,sex_t,geo_cov_urb,mts_details_mrd,2019,352.284
cri,sex_t,geo_cov_urb,mts_details_mrd,2020,400.554
cri,sex_t,geo_cov_urb,mts_details_mrd,2021,389.871
cri,sex_t,geo_cov_urb,mts_details_sep,2001,39.205
cri,sex_t,geo_cov_urb,mts_details_sep,2002,36.412
cri,sex_t,geo_cov_urb,mts_details_sep,2003,41.056
cri,sex_t,geo_cov_urb,mts_details_sep,2004,49.133
cri,sex_t,geo_cov_urb,mts_details_sep,2005,47.65
cri,sex_t,geo_cov_urb,mts_details_sep,2006,49.591
cri,sex_t,geo_cov_urb,mts_details_sep,2007,48.108
cri,sex_t,geo_cov_urb,mts_details_sep,2008,51.381
cri,sex_t,geo_cov_urb,mts_details_sep,2009,66.919
cri,sex_t,geo_cov_urb,mts_details_sep,2010,76.177
cri,sex_t,geo_cov_urb,mts_details_sep,2011,71.58
cri,sex_t,geo_cov_urb,mts_details_sep,2012,61.73
cri,sex_t,geo_cov_urb,mts_details_sep,2013,85.422
cri,sex_t,geo_cov_urb,mts_details_sep,2014,81.399
cri,sex_t,geo_cov_urb,mts_details_sep,2015,95.349
cri,sex_t,geo_cov_urb,mts_details_sep,2016,108.437
cri,sex_t,geo_cov_urb,mts_details_sep,2017,112.291
cri,sex_t,geo_cov_urb,mts_details_sep,2018,101.708
cri,sex_t,geo_cov_urb,mts_details_sep,2019,88.85
cri,sex_t,geo_cov_urb,mts_details_sep,2020,96.282
cri,sex_t,geo_cov_urb,mts_details_sep,2021,112.877
cri,sex_t,geo_cov_urb,mts_details_sgle,2001,253.561
cri,sex_t,geo_cov_urb,mts_details_sgle,2002,276.564
cri,sex_t,geo_cov_urb,mts_details_sgle,2003,271.003
cri,sex_t,geo_cov_urb,mts_details_sgle,2004,282.563
cri,sex_t,geo_cov_urb,mts_details_sgle,2005,287.595
cri,sex_t,geo_cov_urb,mts_details_sgle,2006,295.247
cri,sex_t,geo_cov_urb,mts_details_sgle,2007,294.361
cri,sex_t,geo_cov_urb,mts_details_sgle,2008,312.987
cri,sex_t,geo_cov_urb,mts_details_sgle,2009,329.239
cri,sex_t,geo_cov_urb,mts_details_sgle,2010,412.221
cri,sex_t,geo_cov_urb,mts_details_sgle,2011,399.388
cri,sex_t,geo_cov_urb,mts_details_sgle,2012,376.117
cri,sex_t,geo_cov_urb,mts_details_sgle,2013,389.756
cri,sex_t,geo_cov_urb,mts_details_sgle,2014,361.191
cri,sex_t,geo_cov_urb,mts_details_sgle,2015,402.112
cri,sex_t,geo_cov_urb,mts_details_sgle,2016,441.092
cri,sex_t,geo_cov_urb,mts_details_sgle,2017,432.803
cri,sex_t,geo_cov_urb,mts_details_sgle,2018,403.654
cri,sex_t,geo_cov_urb,mts_details_sgle,2019,404.703
cri,sex_t,geo_cov_urb,mts_details_sgle,2020,434.247
cri,sex_t,geo_cov_urb,mts_details_sgle,2021,410.868
cri,sex_t,geo_cov_urb,mts_details_total,2001,646.406
cri,sex_t,geo_cov_urb,mts_details_total,2002,674.496
cri,sex_t,geo_cov_urb,mts_details_total,2003,687.326
cri,sex_t,geo_cov_urb,mts_details_total,2004,719.665
cri,sex_t,geo_cov_urb,mts_details_total,2005,701.708
cri,sex_t,geo_cov_urb,mts_details_total,2006,738.665
cri,sex_t,geo_cov_urb,mts_details_total,2007,745.279
cri,sex_t,geo_cov_urb,mts_details_total,2008,772.822
cri,sex_t,geo_cov_urb,mts_details_total,2009,815.349
cri,sex_t,geo_cov_urb,mts_details_total,2010,1020.496
cri,sex_t,geo_cov_urb,mts_details_total,2011,996.131
cri,sex_t,geo_cov_urb,mts_details_total,2012,916.061
cri,sex_t,geo_cov_urb,mts_details_total,2013,964.274
cri,sex_t,geo_cov_urb,mts_details_total,2014,950.583
cri,sex_t,geo_cov_urb,mts_details_total,2015,1006.196
cri,sex_t,geo_cov_urb,mts_details_total,2016,1121.78
cri,sex_t,geo_cov_urb,mts_details_total,2017,1138.149
cri,sex_t,geo_cov_urb,mts_details_total,2018,1089.168
cri,sex_t,geo_cov_urb,mts_details_total,2019,1034.366
cri,sex_t,geo_cov_urb,mts_details_total,2020,1150.149
cri,sex_t,geo_cov_urb,mts_details_total,2021,1128.95
cri,sex_t,geo_cov_urb,mts_details_union,2001,55.31
cri,sex_t,geo_cov_urb,mts_details_union,2002,53.185
cri,sex_t,geo_cov_urb,mts_details_union,2003,55.102
cri,sex_t,geo_cov_urb,mts_details_union,2004,60.023
cri,sex_t,geo_cov_urb,mts_details_union,2005,62.196
cri,sex_t,geo_cov_urb,mts_details_union,2006,65.268
cri,sex_t,geo_cov_urb,mts_details_union,2007,69.006
cri,sex_t,geo_cov_urb,mts_details_union,2008,66.639
cri,sex_t,geo_cov_urb,mts_details_union,2009,69.679
cri,sex_t,geo_cov_urb,mts_details_union,2010,100.044
cri,sex_t,geo_cov_urb,mts_details_union,2011,85.536
cri,sex_t,geo_cov_urb,mts_details_union,2012,85.329
cri,sex_t,geo_cov_urb,mts_details_union,2013,83.392
cri,sex_t,geo_cov_urb,mts_details_union,2014,89.773
cri,sex_t,geo_cov_urb,mts_details_union,2015,87.979
cri,sex_t,geo_cov_urb,mts_details_union,2016,102.834
cri,sex_t,geo_cov_urb,mts_details_union,2017,101.305
cri,sex_t,geo_cov_urb,mts_details_union,2018,103.76
cri,sex_t,geo_cov_urb,mts_details_union,2019,81.842
cri,sex_t,geo_cov_urb,mts_details_union,2020,99.647
cri,sex_t,geo_cov_urb,mts_details_union,2021,95.793
cri,sex_t,geo_cov_urb,mts_details_wid,2001,51.727
cri,sex_t,geo_cov_urb,mts_details_wid,2002,53.406
cri,sex_t,geo_cov_urb,mts_details_wid,2003,59.344
cri,sex_t,geo_cov_urb,mts_details_wid,2004,58.618
cri,sex_t,geo_cov_urb,mts_details_wid,2005,57.872
cri,sex_t,geo_cov_urb,mts_details_wid,2006,64.053
cri,sex_t,geo_cov_urb,mts_details_wid,2007,64.949
cri,sex_t,geo_cov_urb,mts_details_wid,2008,65.302
cri,sex_t,geo_cov_urb,mts_details_wid,2009,69.182
cri,sex_t,geo_cov_urb,mts_details_wid,2010,91.684
cri,sex_t,geo_cov_urb,mts_details_wid,2011,109.539
cri,sex_t,geo_cov_urb,mts_details_wid,2012,97.298
cri,sex_t,geo_cov_urb,mts_details_wid,2013,94.427
cri,sex_t,geo_cov_urb,mts_details_wid,2014,90.883
cri,sex_t,geo_cov_urb,mts_details_wid,2015,97.242
cri,sex_t,geo_cov_urb,mts_details_wid,2016,102.482
cri,sex_t,geo_cov_urb,mts_details_wid,2017,111.103
cri,sex_t,geo_cov_urb,mts_details_wid,2018,111.737
cri,sex_t,geo_cov_urb,mts_details_wid,2019,106.688
cri,sex_t,geo_cov_urb,mts_details_wid,2020,118.912
cri,sex_t,geo_cov_urb,mts_details_wid,2021,119.305
cri,sex_t,geo_cov_urb,mts_details_x,2001,1.681
cri,sex_t,geo_cov_urb,mts_details_x,2002,0.713
cri,sex_t,geo_cov_urb,mts_details_x,2004,1.258
cri,sex_t,geo_cov_urb,mts_details_x,2006,0.918
cri,sex_t,geo_cov_urb,mts_details_x,2009,0.632
cri,sex_t,geo_cov_urb,mts_details_x,2011,0.678
cri,sex_t,geo_cov_urb,mts_details_x,2015,0.111
cri,sex_t,geo_cov_urb,mts_details_x,2016,0.144
cyp,sex_f,geo_cov_nat,mts_aggregate_1,2000,52.692
cyp,sex_f,geo_cov_nat,mts_aggregate_1,2001,51.832
cyp,sex_f,geo_cov_nat,mts_aggregate_1,2002,55.656
cyp,sex_f,geo_cov_nat,mts_aggregate_1,2003,54.76
cyp,sex_f,geo_cov_nat,mts_aggregate_1,2004,56.55
cyp,sex_f,geo_cov_nat,mts_aggregate_1,2005,59.711
cyp,sex_f,geo_cov_nat,mts_aggregate_1,2006,58.324
cyp,sex_f,geo_cov_nat,mts_aggregate_1,2007,60.009
cyp,sex_f,geo_cov_nat,mts_aggregate_1,2008,61.74
cyp,sex_f,geo_cov_nat,mts_aggregate_1,2009,64.299
cyp,sex_f,geo_cov_nat,mts_aggregate_1,2010,65.306
cyp,sex_f,geo_cov_nat,mts_aggregate_1,2011,71.941
cyp,sex_f,geo_cov_nat,mts_aggregate_1,2012,72.924
cyp,sex_f,geo_cov_nat,mts_aggregate_1,2013,72.925
cyp,sex_f,geo_cov_nat,mts_aggregate_1,2014,69.841
cyp,sex_f,geo_cov_nat,mts_aggregate_1,2015,69.573
cyp,sex_f,geo_cov_nat,mts_aggregate_1,2016,72.965
cyp,sex_f,geo_cov_nat,mts_aggregate_1,2017,74.045
cyp,sex_f,geo_cov_nat,mts_aggregate_1,2018,76.553
cyp,sex_f,geo_cov_nat,mts_aggregate_1,2019,77.045
cyp,sex_f,geo_cov_nat,mts_aggregate_1,2020,77.097
cyp,sex_f,geo_cov_nat,mts_aggregate_2,2000,83.723
cyp,sex_f,geo_cov_nat,mts_aggregate_2,2001,79.936
cyp,sex_f,geo_cov_nat,mts_aggregate_2,2002,75.49
cyp,sex_f,geo_cov_nat,mts_aggregate_2,2003,75.895
cyp,sex_f,geo_cov_nat,mts_aggregate_2,2004,78.79
cyp,sex_f,geo_cov_nat,mts_aggregate_2,2005,81.438
cyp,sex_f,geo_cov_nat,mts_aggregate_2,2006,80.941
cyp,sex_f,geo_cov_nat,mts_aggregate_2,2007,79.842
cyp,sex_f,geo_cov_nat,mts_aggregate_2,2008,79.148
cyp,sex_f,geo_cov_nat,mts_aggregate_2,2009,79.787
cyp,sex_f,geo_cov_nat,mts_aggregate_2,2010,79.923
cyp,sex_f,geo_cov_nat,mts_aggregate_2,2011,79.864
cyp,sex_f,geo_cov_nat,mts_aggregate_2,2012,83.262
cyp,sex_f,geo_cov_nat,mts_aggregate_2,2013,82.163
cyp,sex_f,geo_cov_nat,mts_aggregate_2,2014,78.032
cyp,sex_f,geo_cov_nat,mts_aggregate_2,2015,80.483
cyp,sex_f,geo_cov_nat,mts_aggregate_2,2016,82.853
cyp,sex_f,geo_cov_nat,mts_aggregate_2,2017,81.767
cyp,sex_f,geo_cov_nat,mts_aggregate_2,2018,78.721
cyp,sex_f,geo_cov_nat,mts_aggregate_2,2019,80.007
cyp,sex_f,geo_cov_nat,mts_aggregate_2,2020,85.061
cyp,sex_f,geo_cov_nat,mts_aggregate_total,2000,136.415
cyp,sex_f,geo_cov_nat,mts_aggregate_total,2001,131.768
cyp,sex_f,geo_cov_nat,mts_aggregate_total,2002,131.146
cyp,sex_f,geo_cov_nat,mts_aggregate_total,2003,130.655
cyp,sex_f,geo_cov_nat,mts_aggregate_total,2004,135.34
cyp,sex_f,geo_cov_nat,mts_aggregate_total,2005,141.148
cyp,sex_f,geo_cov_nat,mts_aggregate_total,2006,139.265
cyp,sex_f,geo_cov_nat,mts_aggregate_total,2007,139.851
cyp,sex_f,geo_cov_nat,mts_aggregate_total,2008,140.888
cyp,sex_f,geo_cov_nat,mts_aggregate_total,2009,144.085
cyp,sex_f,geo_cov_nat,mts_aggregate_total,2010,145.229
cyp,sex_f,geo_cov_nat,mts_aggregate_total,2011,151.805
cyp,sex_f,geo_cov_nat,mts_aggregate_total,2012,156.186
cyp,sex_f,geo_cov_nat,mts_aggregate_total,2013,155.088
cyp,sex_f,geo_cov_nat,mts_aggregate_total,2014,147.874
cyp,sex_f,geo_cov_nat,mts_aggregate_total,2015,150.056
cyp,sex_f,geo_cov_nat,mts_aggregate_total,2016,155.818
cyp,sex_f,geo_cov_nat,mts_aggregate_total,2017,155.811
cyp,sex_f,geo_cov_nat,mts_aggregate_total,2018,155.274
cyp,sex_f,geo_cov_nat,mts_aggregate_total,2019,157.052
cyp,sex_f,geo_cov_nat,mts_aggregate_total,2020,162.158
cyp,sex_f,geo_cov_rur,mts_aggregate_1,2000,18.583
cyp,sex_f,geo_cov_rur,mts_aggregate_1,2001,18.544
cyp,sex_f,geo_cov_rur,mts_aggregate_1,2002,20.175
cyp,sex_f,geo_cov_rur,mts_aggregate_1,2003,18.991
cyp,sex_f,geo_cov_rur,mts_aggregate_1,2004,15.134
cyp,sex_f,geo_cov_rur,mts_aggregate_1,2005,14.921
cyp,sex_f,geo_cov_rur,mts_aggregate_1,2006,13.865
cyp,sex_f,geo_cov_rur,mts_aggregate_1,2007,15.5
cyp,sex_f,geo_cov_rur,mts_aggregate_1,2008,15.78
cyp,sex_f,geo_cov_rur,mts_aggregate_1,2009,16.677
cyp,sex_f,geo_cov_rur,mts_aggregate_1,2010,18.232
cyp,sex_f,geo_cov_rur,mts_aggregate_1,2011,20.077
cyp,sex_f,geo_cov_rur,mts_aggregate_1,2012,19.417
cyp,sex_f,geo_cov_rur,mts_aggregate_1,2013,17.706
cyp,sex_f,geo_cov_rur,mts_aggregate_1,2014,18.124
cyp,sex_f,geo_cov_rur,mts_aggregate_1,2015,16.712
cyp,sex_f,geo_cov_rur,mts_aggregate_1,2016,18.428
cyp,sex_f,geo_cov_rur,mts_aggregate_1,2017,16.283
cyp,sex_f,geo_cov_rur,mts_aggregate_1,2018,16.666
cyp,sex_f,geo_cov_rur,mts_aggregate_1,2019,17.073
cyp,sex_f,geo_cov_rur,mts_aggregate_1,2020,18.878
cyp,sex_f,geo_cov_rur,mts_aggregate_2,2000,31.68
cyp,sex_f,geo_cov_rur,mts_aggregate_2,2001,29.357
cyp,sex_f,geo_cov_rur,mts_aggregate_2,2002,29.433
cyp,sex_f,geo_cov_rur,mts_aggregate_2,2003,28.816
cyp,sex_f,geo_cov_rur,mts_aggregate_2,2004,24.429
cyp,sex_f,geo_cov_rur,mts_aggregate_2,2005,24.394
cyp,sex_f,geo_cov_rur,mts_aggregate_2,2006,24.907
cyp,sex_f,geo_cov_rur,mts_aggregate_2,2007,25.762
cyp,sex_f,geo_cov_rur,mts_aggregate_2,2008,26.926
cyp,sex_f,geo_cov_rur,mts_aggregate_2,2009,26.544
cyp,sex_f,geo_cov_rur,mts_aggregate_2,2010,24.907
cyp,sex_f,geo_cov_rur,mts_aggregate_2,2011,25.241
cyp,sex_f,geo_cov_rur,mts_aggregate_2,2012,25.279
cyp,sex_f,geo_cov_rur,mts_aggregate_2,2013,22.324
cyp,sex_f,geo_cov_rur,mts_aggregate_2,2014,22.121
cyp,sex_f,geo_cov_rur,mts_aggregate_2,2015,22.464
cyp,sex_f,geo_cov_rur,mts_aggregate_2,2016,20.756
cyp,sex_f,geo_cov_rur,mts_aggregate_2,2017,18.747
cyp,sex_f,geo_cov_rur,mts_aggregate_2,2018,18.708
cyp,sex_f,geo_cov_rur,mts_aggregate_2,2019,20.298
cyp,sex_f,geo_cov_rur,mts_aggregate_2,2020,21.595
cyp,sex_f,geo_cov_rur,mts_aggregate_total,2000,50.263
cyp,sex_f,geo_cov_rur,mts_aggregate_total,2001,47.901
cyp,sex_f,geo_cov_rur,mts_aggregate_total,2002,49.609
cyp,sex_f,geo_cov_rur,mts_aggregate_total,2003,47.807
cyp,sex_f,geo_cov_rur,mts_aggregate_total,2004,39.563
cyp,sex_f,geo_cov_rur,mts_aggregate_total,2005,39.315
cyp,sex_f,geo_cov_rur,mts_aggregate_total,2006,38.772
cyp,sex_f,geo_cov_rur,mts_aggregate_total,2007,41.262
cyp,sex_f,geo_cov_rur,mts_aggregate_total,2008,42.706
cyp,sex_f,geo_cov_rur,mts_aggregate_total,2009,43.221
cyp,sex_f,geo_cov_rur,mts_aggregate_total,2010,43.138
cyp,sex_f,geo_cov_rur,mts_aggregate_total,2011,45.318
cyp,sex_f,geo_cov_rur,mts_aggregate_total,2012,44.696
cyp,sex_f,geo_cov_rur,mts_aggregate_total,2013,40.03
cyp,sex_f,geo_cov_rur,mts_aggregate_total,2014,40.245
cyp,sex_f,geo_cov_rur,mts_aggregate_total,2015,39.176
cyp,sex_f,geo_cov_rur,mts_aggregate_total,2016,39.183
cyp,sex_f,geo_cov_rur,mts_aggregate_total,2017,35.03
cyp,sex_f,geo_cov_rur,mts_aggregate_total,2018,35.374
cyp,sex_f,geo_cov_rur,mts_aggregate_total,2019,37.371
cyp,sex_f,geo_cov_rur,mts_aggregate_total,2020,40.473
cyp,sex_f,geo_cov_urb,mts_aggregate_1,2000,34.109
cyp,sex_f,geo_cov_urb,mts_aggregate_1,2001,33.288
cyp,sex_f,geo_cov_urb,mts_aggregate_1,2002,35.481
cyp,sex_f,geo_cov_urb,mts_aggregate_1,2003,35.769
cyp,sex_f,geo_cov_urb,mts_aggregate_1,2004,41.416
cyp,sex_f,geo_cov_urb,mts_aggregate_1,2005,44.79
cyp,sex_f,geo_cov_urb,mts_aggregate_1,2006,44.459
cyp,sex_f,geo_cov_urb,mts_aggregate_1,2007,44.51
cyp,sex_f,geo_cov_urb,mts_aggregate_1,2008,45.96
cyp,sex_f,geo_cov_urb,mts_aggregate_1,2009,47.621
cyp,sex_f,geo_cov_urb,mts_aggregate_1,2010,47.074
cyp,sex_f,geo_cov_urb,mts_aggregate_1,2011,51.864
cyp,sex_f,geo_cov_urb,mts_aggregate_1,2012,53.507
cyp,sex_f,geo_cov_urb,mts_aggregate_1,2013,55.22
cyp,sex_f,geo_cov_urb,mts_aggregate_1,2014,51.718
cyp,sex_f,geo_cov_urb,mts_aggregate_1,2015,52.861
cyp,sex_f,geo_cov_urb,mts_aggregate_1,2016,54.538
cyp,sex_f,geo_cov_urb,mts_aggregate_1,2017,57.761
cyp,sex_f,geo_cov_urb,mts_aggregate_1,2018,59.888
cyp,sex_f,geo_cov_urb,mts_aggregate_1,2019,59.973
cyp,sex_f,geo_cov_urb,mts_aggregate_1,2020,58.219
cyp,sex_f,geo_cov_urb,mts_aggregate_2,2000,52.044
cyp,sex_f,geo_cov_urb,mts_aggregate_2,2001,50.579
cyp,sex_f,geo_cov_urb,mts_aggregate_2,2002,46.057
cyp,sex_f,geo_cov_urb,mts_aggregate_2,2003,47.08
cyp,sex_f,geo_cov_urb,mts_aggregate_2,2004,54.361
cyp,sex_f,geo_cov_urb,mts_aggregate_2,2005,57.044
cyp,sex_f,geo_cov_urb,mts_aggregate_2,2006,56.034
cyp,sex_f,geo_cov_urb,mts_aggregate_2,2007,54.08
cyp,sex_f,geo_cov_urb,mts_aggregate_2,2008,52.223
cyp,sex_f,geo_cov_urb,mts_aggregate_2,2009,53.243
cyp,sex_f,geo_cov_urb,mts_aggregate_2,2010,55.017
cyp,sex_f,geo_cov_urb,mts_aggregate_2,2011,54.623
cyp,sex_f,geo_cov_urb,mts_aggregate_2,2012,57.984
cyp,sex_f,geo_cov_urb,mts_aggregate_2,2013,59.839
cyp,sex_f,geo_cov_urb,mts_aggregate_2,2014,55.911
cyp,sex_f,geo_cov_urb,mts_aggregate_2,2015,58.019
cyp,sex_f,geo_cov_urb,mts_aggregate_2,2016,62.097
cyp,sex_f,geo_cov_urb,mts_aggregate_2,2017,63.02
cyp,sex_f,geo_cov_urb,mts_aggregate_2,2018,60.013
cyp,sex_f,geo_cov_urb,mts_aggregate_2,2019,59.709
cyp,sex_f,geo_cov_urb,mts_aggregate_2,2020,63.466
cyp,sex_f,geo_cov_urb,mts_aggregate_total,2000,86.152
cyp,sex_f,geo_cov_urb,mts_aggregate_total,2001,83.866
cyp,sex_f,geo_cov_urb,mts_aggregate_total,2002,81.537
cyp,sex_f,geo_cov_urb,mts_aggregate_total,2003,82.849
cyp,sex_f,geo_cov_urb,mts_aggregate_total,2004,95.777
cyp,sex_f,geo_cov_urb,mts_aggregate_total,2005,101.834
cyp,sex_f,geo_cov_urb,mts_aggregate_total,2006,100.493
cyp,sex_f,geo_cov_urb,mts_aggregate_total,2007,98.59
cyp,sex_f,geo_cov_urb,mts_aggregate_total,2008,98.182
cyp,sex_f,geo_cov_urb,mts_aggregate_total,2009,100.864
cyp,sex_f,geo_cov_urb,mts_aggregate_total,2010,102.091
cyp,sex_f,geo_cov_urb,mts_aggregate_total,2011,106.487
cyp,sex_f,geo_cov_urb,mts_aggregate_total,2012,111.49
cyp,sex_f,geo_cov_urb,mts_aggregate_total,2013,115.059
cyp,sex_f,geo_cov_urb,mts_aggregate_total,2014,107.628
cyp,sex_f,geo_cov_urb,mts_aggregate_total,2015,110.88
cyp,sex_f,geo_cov_urb,mts_aggregate_total,2016,116.635
cyp,sex_f,geo_cov_urb,mts_aggregate_total,2017,120.781
cyp,sex_f,geo_cov_urb,mts_aggregate_total,2018,119.901
cyp,sex_f,geo_cov_urb,mts_aggregate_total,2019,119.681
cyp,sex_f,geo_cov_urb,mts_aggregate_total,2020,121.685
cyp,sex_m,geo_cov_nat,mts_aggregate_1,2000,31.111
cyp,sex_m,geo_cov_nat,mts_aggregate_1,2001,31.43
cyp,sex_m,geo_cov_nat,mts_aggregate_1,2002,32.959
cyp,sex_m,geo_cov_nat,mts_aggregate_1,2003,32.271
cyp,sex_m,geo_cov_nat,mts_aggregate_1,2004,32.836
cyp,sex_m,geo_cov_nat,mts_aggregate_1,2005,32.055
cyp,sex_m,geo_cov_nat,mts_aggregate_1,2006,34.111
cyp,sex_m,geo_cov_nat,mts_aggregate_1,2007,36.007
cyp,sex_m,geo_cov_nat,mts_aggregate_1,2008,36.893
cyp,sex_m,geo_cov_nat,mts_aggregate_1,2009,39.704
cyp,sex_m,geo_cov_nat,mts_aggregate_1,2010,40.874
cyp,sex_m,geo_cov_nat,mts_aggregate_1,2011,42.52
cyp,sex_m,geo_cov_nat,mts_aggregate_1,2012,42.132
cyp,sex_m,geo_cov_nat,mts_aggregate_1,2013,42.824
cyp,sex_m,geo_cov_nat,mts_aggregate_1,2014,43.308
cyp,sex_m,geo_cov_nat,mts_aggregate_1,2015,46.224
cyp,sex_m,geo_cov_nat,mts_aggregate_1,2016,48.99
cyp,sex_m,geo_cov_nat,mts_aggregate_1,2017,52.378
cyp,sex_m,geo_cov_nat,mts_aggregate_1,2018,52.959
cyp,sex_m,geo_cov_nat,mts_aggregate_1,2019,49.747
cyp,sex_m,geo_cov_nat,mts_aggregate_1,2020,47.017
cyp,sex_m,geo_cov_nat,mts_aggregate_2,2000,36.145
cyp,sex_m,geo_cov_nat,mts_aggregate_2,2001,36.973
cyp,sex_m,geo_cov_nat,mts_aggregate_2,2002,36.906
cyp,sex_m,geo_cov_nat,mts_aggregate_2,2003,36.007
cyp,sex_m,geo_cov_nat,mts_aggregate_2,2004,38.068
cyp,sex_m,geo_cov_nat,mts_aggregate_2,2005,40.82
cyp,sex_m,geo_cov_nat,mts_aggregate_2,2006,41.409
cyp,sex_m,geo_cov_nat,mts_aggregate_2,2007,41.711
cyp,sex_m,geo_cov_nat,mts_aggregate_2,2008,43.745
cyp,sex_m,geo_cov_nat,mts_aggregate_2,2009,46.532
cyp,sex_m,geo_cov_nat,mts_aggregate_2,2010,48.281
cyp,sex_m,geo_cov_nat,mts_aggregate_2,2011,51.559
cyp,sex_m,geo_cov_nat,mts_aggregate_2,2012,53.511
cyp,sex_m,geo_cov_nat,mts_aggregate_2,2013,53.71
cyp,sex_m,geo_cov_nat,mts_aggregate_2,2014,54.639
cyp,sex_m,geo_cov_nat,mts_aggregate_2,2015,58.556
cyp,sex_m,geo_cov_nat,mts_aggregate_2,2016,58.946
cyp,sex_m,geo_cov_nat,mts_aggregate_2,2017,57.486
cyp,sex_m,geo_cov_nat,mts_aggregate_2,2018,55.431
cyp,sex_m,geo_cov_nat,mts_aggregate_2,2019,56.869
cyp,sex_m,geo_cov_nat,mts_aggregate_2,2020,59.558
cyp,sex_m,geo_cov_nat,mts_aggregate_total,2000,67.256
cyp,sex_m,geo_cov_nat,mts_aggregate_total,2001,68.403
cyp,sex_m,geo_cov_nat,mts_aggregate_total,2002,69.865
cyp,sex_m,geo_cov_nat,mts_aggregate_total,2003,68.279
cyp,sex_m,geo_cov_nat,mts_aggregate_total,2004,70.905
cyp,sex_m,geo_cov_nat,mts_aggregate_total,2005,72.875
cyp,sex_m,geo_cov_nat,mts_aggregate_total,2006,75.519
cyp,sex_m,geo_cov_nat,mts_aggregate_total,2007,77.719
cyp,sex_m,geo_cov_nat,mts_aggregate_total,2008,80.638
cyp,sex_m,geo_cov_nat,mts_aggregate_total,2009,86.236
cyp,sex_m,geo_cov_nat,mts_aggregate_total,2010,89.154
cyp,sex_m,geo_cov_nat,mts_aggregate_total,2011,94.078
cyp,sex_m,geo_cov_nat,mts_aggregate_total,2012,95.643
cyp,sex_m,geo_cov_nat,mts_aggregate_total,2013,96.534
cyp,sex_m,geo_cov_nat,mts_aggregate_total,2014,97.947
cyp,sex_m,geo_cov_nat,mts_aggregate_total,2015,104.779
cyp,sex_m,geo_cov_nat,mts_aggregate_total,2016,107.936
cyp,sex_m,geo_cov_nat,mts_aggregate_total,2017,109.864
cyp,sex_m,geo_cov_nat,mts_aggregate_total,2018,108.39
cyp,sex_m,geo_cov_nat,mts_aggregate_total,2019,106.616
cyp,sex_m,geo_cov_nat,mts_aggregate_total,2020,106.575
cyp,sex_m,geo_cov_rur,mts_aggregate_1,2000,10.611
cyp,sex_m,geo_cov_rur,mts_aggregate_1,2001,11.553
cyp,sex_m,geo_cov_rur,mts_aggregate_1,2002,12.63
cyp,sex_m,geo_cov_rur,mts_aggregate_1,2003,11.906
cyp,sex_m,geo_cov_rur,mts_aggregate_1,2004,8.595
cyp,sex_m,geo_cov_rur,mts_aggregate_1,2005,7.995
cyp,sex_m,geo_cov_rur,mts_aggregate_1,2006,7.64
cyp,sex_m,geo_cov_rur,mts_aggregate_1,2007,8.929
cyp,sex_m,geo_cov_rur,mts_aggregate_1,2008,8.455
cyp,sex_m,geo_cov_rur,mts_aggregate_1,2009,10.78
cyp,sex_m,geo_cov_rur,mts_aggregate_1,2010,10.05
cyp,sex_m,geo_cov_rur,mts_aggregate_1,2011,10.534
cyp,sex_m,geo_cov_rur,mts_aggregate_1,2012,10.868
cyp,sex_m,geo_cov_rur,mts_aggregate_1,2013,11.78
cyp,sex_m,geo_cov_rur,mts_aggregate_1,2014,11.547
cyp,sex_m,geo_cov_rur,mts_aggregate_1,2015,10.448
cyp,sex_m,geo_cov_rur,mts_aggregate_1,2016,10.475
cyp,sex_m,geo_cov_rur,mts_aggregate_1,2017,9.838
cyp,sex_m,geo_cov_rur,mts_aggregate_1,2018,10.247
cyp,sex_m,geo_cov_rur,mts_aggregate_1,2019,10.736
cyp,sex_m,geo_cov_rur,mts_aggregate_1,2020,10.706
cyp,sex_m,geo_cov_rur,mts_aggregate_2,2000,13.873
cyp,sex_m,geo_cov_rur,mts_aggregate_2,2001,13.391
cyp,sex_m,geo_cov_rur,mts_aggregate_2,2002,13.77
cyp,sex_m,geo_cov_rur,mts_aggregate_2,2003,13.956
cyp,sex_m,geo_cov_rur,mts_aggregate_2,2004,12.037
cyp,sex_m,geo_cov_rur,mts_aggregate_2,2005,11.609
cyp,sex_m,geo_cov_rur,mts_aggregate_2,2006,11.66
cyp,sex_m,geo_cov_rur,mts_aggregate_2,2007,12.576
cyp,sex_m,geo_cov_rur,mts_aggregate_2,2008,14.675
cyp,sex_m,geo_cov_rur,mts_aggregate_2,2009,15.768
cyp,sex_m,geo_cov_rur,mts_aggregate_2,2010,15.379
cyp,sex_m,geo_cov_rur,mts_aggregate_2,2011,16.121
cyp,sex_m,geo_cov_rur,mts_aggregate_2,2012,16.125
cyp,sex_m,geo_cov_rur,mts_aggregate_2,2013,15.56
cyp,sex_m,geo_cov_rur,mts_aggregate_2,2014,15.895
cyp,sex_m,geo_cov_rur,mts_aggregate_2,2015,16.879
cyp,sex_m,geo_cov_rur,mts_aggregate_2,2016,15.845
cyp,sex_m,geo_cov_rur,mts_aggregate_2,2017,13.885
cyp,sex_m,geo_cov_rur,mts_aggregate_2,2018,14.597
cyp,sex_m,geo_cov_rur,mts_aggregate_2,2019,15.762
cyp,sex_m,geo_cov_rur,mts_aggregate_2,2020,15.162
cyp,sex_m,geo_cov_rur,mts_aggregate_total,2000,24.484
cyp,sex_m,geo_cov_rur,mts_aggregate_total,2001,24.943
cyp,sex_m,geo_cov_rur,mts_aggregate_total,2002,26.4
cyp,sex_m,geo_cov_rur,mts_aggregate_total,2003,25.862
cyp,sex_m,geo_cov_rur,mts_aggregate_total,2004,20.632
cyp,sex_m,geo_cov_rur,mts_aggregate_total,2005,19.604
cyp,sex_m,geo_cov_rur,mts_aggregate_total,2006,19.3
cyp,sex_m,geo_cov_rur,mts_aggregate_total,2007,21.505
cyp,sex_m,geo_cov_rur,mts_aggregate_total,2008,23.129
cyp,sex_m,geo_cov_rur,mts_aggregate_total,2009,26.549
cyp,sex_m,geo_cov_rur,mts_aggregate_total,2010,25.429
cyp,sex_m,geo_cov_rur,mts_aggregate_total,2011,26.654
cyp,sex_m,geo_cov_rur,mts_aggregate_total,2012,26.993
cyp,sex_m,geo_cov_rur,mts_aggregate_total,2013,27.34
cyp,sex_m,geo_cov_rur,mts_aggregate_total,2014,27.442
cyp,sex_m,geo_cov_rur,mts_aggregate_total,2015,27.327
cyp,sex_m,geo_cov_rur,mts_aggregate_total,2016,26.319
cyp,sex_m,geo_cov_rur,mts_aggregate_total,2017,23.722
cyp,sex_m,geo_cov_rur,mts_aggregate_total,2018,24.843
cyp,sex_m,geo_cov_rur,mts_aggregate_total,2019,26.497
cyp,sex_m,geo_cov_rur,mts_aggregate_total,2020,25.868
cyp,sex_m,geo_cov_urb,mts_aggregate_1,2000,20.501
cyp,sex_m,geo_cov_urb,mts_aggregate_1,2001,19.877
cyp,sex_m,geo_cov_urb,mts_aggregate_1,2002,20.329
cyp,sex_m,geo_cov_urb,mts_aggregate_1,2003,20.366
cyp,sex_m,geo_cov_urb,mts_aggregate_1,2004,24.242
cyp,sex_m,geo_cov_urb,mts_aggregate_1,2005,24.06
cyp,sex_m,geo_cov_urb,mts_aggregate_1,2006,26.471
cyp,sex_m,geo_cov_urb,mts_aggregate_1,2007,27.078
cyp,sex_m,geo_cov_urb,mts_aggregate_1,2008,28.439
cyp,sex_m,geo_cov_urb,mts_aggregate_1,2009,28.924
cyp,sex_m,geo_cov_urb,mts_aggregate_1,2010,30.824
cyp,sex_m,geo_cov_urb,mts_aggregate_1,2011,31.986
cyp,sex_m,geo_cov_urb,mts_aggregate_1,2012,31.264
cyp,sex_m,geo_cov_urb,mts_aggregate_1,2013,31.044
cyp,sex_m,geo_cov_urb,mts_aggregate_1,2014,31.761
cyp,sex_m,geo_cov_urb,mts_aggregate_1,2015,35.776
cyp,sex_m,geo_cov_urb,mts_aggregate_1,2016,38.516
cyp,sex_m,geo_cov_urb,mts_aggregate_1,2017,42.541
cyp,sex_m,geo_cov_urb,mts_aggregate_1,2018,42.712
cyp,sex_m,geo_cov_urb,mts_aggregate_1,2019,39.011
cyp,sex_m,geo_cov_urb,mts_aggregate_1,2020,36.311
cyp,sex_m,geo_cov_urb,mts_aggregate_2,2000,22.272
cyp,sex_m,geo_cov_urb,mts_aggregate_2,2001,23.583
cyp,sex_m,geo_cov_urb,mts_aggregate_2,2002,23.137
cyp,sex_m,geo_cov_urb,mts_aggregate_2,2003,22.051
cyp,sex_m,geo_cov_urb,mts_aggregate_2,2004,26.031
cyp,sex_m,geo_cov_urb,mts_aggregate_2,2005,29.212
cyp,sex_m,geo_cov_urb,mts_aggregate_2,2006,29.749
cyp,sex_m,geo_cov_urb,mts_aggregate_2,2007,29.135
cyp,sex_m,geo_cov_urb,mts_aggregate_2,2008,29.07
cyp,sex_m,geo_cov_urb,mts_aggregate_2,2009,30.763
cyp,sex_m,geo_cov_urb,mts_aggregate_2,2010,32.902
cyp,sex_m,geo_cov_urb,mts_aggregate_2,2011,35.438
cyp,sex_m,geo_cov_urb,mts_aggregate_2,2012,37.386
cyp,sex_m,geo_cov_urb,mts_aggregate_2,2013,38.15
cyp,sex_m,geo_cov_urb,mts_aggregate_2,2014,38.744
cyp,sex_m,geo_cov_urb,mts_aggregate_2,2015,41.677
cyp,sex_m,geo_cov_urb,mts_aggregate_2,2016,43.101
cyp,sex_m,geo_cov_urb,mts_aggregate_2,2017,43.601
cyp,sex_m,geo_cov_urb,mts_aggregate_2,2018,40.835
cyp,sex_m,geo_cov_urb,mts_aggregate_2,2019,41.107
cyp,sex_m,geo_cov_urb,mts_aggregate_2,2020,44.396
cyp,sex_m,geo_cov_urb,mts_aggregate_total,2000,42.772
cyp,sex_m,geo_cov_urb,mts_aggregate_total,2001,43.46
cyp,sex_m,geo_cov_urb,mts_aggregate_total,2002,43.465
cyp,sex_m,geo_cov_urb,mts_aggregate_total,2003,42.417
cyp,sex_m,geo_cov_urb,mts_aggregate_total,2004,50.273
cyp,sex_m,geo_cov_urb,mts_aggregate_total,2005,53.271
cyp,sex_m,geo_cov_urb,mts_aggregate_total,2006,56.219
cyp,sex_m,geo_cov_urb,mts_aggregate_total,2007,56.214
cyp,sex_m,geo_cov_urb,mts_aggregate_total,2008,57.509
cyp,sex_m,geo_cov_urb,mts_aggregate_total,2009,59.687
cyp,sex_m,geo_cov_urb,mts_aggregate_total,2010,63.726
cyp,sex_m,geo_cov_urb,mts_aggregate_total,2011,67.424
cyp,sex_m,geo_cov_urb,mts_aggregate_total,2012,68.65
cyp,sex_m,geo_cov_urb,mts_aggregate_total,2013,69.194
cyp,sex_m,geo_cov_urb,mts_aggregate_total,2014,70.505
cyp,sex_m,geo_cov_urb,mts_aggregate_total,2015,77.452
cyp,sex_m,geo_cov_urb,mts_aggregate_total,2016,81.617
cyp,sex_m,geo_cov_urb,mts_aggregate_total,2017,86.142
cyp,sex_m,geo_cov_urb,mts_aggregate_total,2018,83.546
cyp,sex_m,geo_cov_urb,mts_aggregate_total,2019,80.118
cyp,sex_m,geo_cov_urb,mts_aggregate_total,2020,80.707
cyp,sex_t,geo_cov_nat,mts_aggregate_1,2000,83.803
cyp,sex_t,geo_cov_nat,mts_aggregate_1,2001,83.262
cyp,sex_t,geo_cov_nat,mts_aggregate_1,2002,88.615
cyp,sex_t,geo_cov_nat,mts_aggregate_1,2003,87.032
cyp,sex_t,geo_cov_nat,mts_aggregate_1,2004,89.386
cyp,sex_t,geo_cov_nat,mts_aggregate_1,2005,91.766
cyp,sex_t,geo_cov_nat,mts_aggregate_1,2006,92.434
cyp,sex_t,geo_cov_nat,mts_aggregate_1,2007,96.017
cyp,sex_t,geo_cov_nat,mts_aggregate_1,2008,98.633
cyp,sex_t,geo_cov_nat,mts_aggregate_1,2009,104.002
cyp,sex_t,geo_cov_nat,mts_aggregate_1,2010,106.179
cyp,sex_t,geo_cov_nat,mts_aggregate_1,2011,114.46
cyp,sex_t,geo_cov_nat,mts_aggregate_1,2012,115.056
cyp,sex_t,geo_cov_nat,mts_aggregate_1,2013,115.749
cyp,sex_t,geo_cov_nat,mts_aggregate_1,2014,113.15
cyp,sex_t,geo_cov_nat,mts_aggregate_1,2015,115.796
cyp,sex_t,geo_cov_nat,mts_aggregate_1,2016,121.956
cyp,sex_t,geo_cov_nat,mts_aggregate_1,2017,126.423
cyp,sex_t,geo_cov_nat,mts_aggregate_1,2018,129.512
cyp,sex_t,geo_cov_nat,mts_aggregate_1,2019,126.792
cyp,sex_t,geo_cov_nat,mts_aggregate_1,2020,124.114
cyp,sex_t,geo_cov_nat,mts_aggregate_2,2000,119.868
cyp,sex_t,geo_cov_nat,mts_aggregate_2,2001,116.909
cyp,sex_t,geo_cov_nat,mts_aggregate_2,2002,112.396
cyp,sex_t,geo_cov_nat,mts_aggregate_2,2003,111.902
cyp,sex_t,geo_cov_nat,mts_aggregate_2,2004,116.858
cyp,sex_t,geo_cov_nat,mts_aggregate_2,2005,122.258
cyp,sex_t,geo_cov_nat,mts_aggregate_2,2006,122.35
cyp,sex_t,geo_cov_nat,mts_aggregate_2,2007,121.553
cyp,sex_t,geo_cov_nat,mts_aggregate_2,2008,122.893
cyp,sex_t,geo_cov_nat,mts_aggregate_2,2009,126.318
cyp,sex_t,geo_cov_nat,mts_aggregate_2,2010,128.204
cyp,sex_t,geo_cov_nat,mts_aggregate_2,2011,131.423
cyp,sex_t,geo_cov_nat,mts_aggregate_2,2012,136.773
cyp,sex_t,geo_cov_nat,mts_aggregate_2,2013,135.873
cyp,sex_t,geo_cov_nat,mts_aggregate_2,2014,132.671
cyp,sex_t,geo_cov_nat,mts_aggregate_2,2015,139.039
cyp,sex_t,geo_cov_nat,mts_aggregate_2,2016,141.799
cyp,sex_t,geo_cov_nat,mts_aggregate_2,2017,139.253
cyp,sex_t,geo_cov_nat,mts_aggregate_2,2018,134.152
cyp,sex_t,geo_cov_nat,mts_aggregate_2,2019,136.875
cyp,sex_t,geo_cov_nat,mts_aggregate_2,2020,144.619
cyp,sex_t,geo_cov_nat,mts_aggregate_total,2000,203.671
cyp,sex_t,geo_cov_nat,mts_aggregate_total,2001,200.171
cyp,sex_t,geo_cov_nat,mts_aggregate_total,2002,201.011
cyp,sex_t,geo_cov_nat,mts_aggregate_total,2003,198.934
cyp,sex_t,geo_cov_nat,mts_aggregate_total,2004,206.244
cyp,sex_t,geo_cov_nat,mts_aggregate_total,2005,214.023
cyp,sex_t,geo_cov_nat,mts_aggregate_total,2006,214.784
cyp,sex_t,geo_cov_nat,mts_aggregate_total,2007,217.57
cyp,sex_t,geo_cov_nat,mts_aggregate_total,2008,221.526
cyp,sex_t,geo_cov_nat,mts_aggregate_total,2009,230.321
cyp,sex_t,geo_cov_nat,mts_aggregate_total,2010,234.384
cyp,sex_t,geo_cov_nat,mts_aggregate_total,2011,245.884
cyp,sex_t,geo_cov_nat,mts_aggregate_total,2012,251.829
cyp,sex_t,geo_cov_nat,mts_aggregate_total,2013,251.622
cyp,sex_t,geo_cov_nat,mts_aggregate_total,2014,245.821
cyp,sex_t,geo_cov_nat,mts_aggregate_total,2015,254.835
cyp,sex_t,geo_cov_nat,mts_aggregate_total,2016,263.755
cyp,sex_t,geo_cov_nat,mts_aggregate_total,2017,265.676
cyp,sex_t,geo_cov_nat,mts_aggregate_total,2018,263.664
cyp,sex_t,geo_cov_nat,mts_aggregate_total,2019,263.668
cyp,sex_t,geo_cov_nat,mts_aggregate_total,2020,268.733
cyp,sex_t,geo_cov_rur,mts_aggregate_1,2000,29.194
cyp,sex_t,geo_cov_rur,mts_aggregate_1,2001,30.097
cyp,sex_t,geo_cov_rur,mts_aggregate_1,2002,32.806
cyp,sex_t,geo_cov_rur,mts_aggregate_1,2003,30.897
cyp,sex_t,geo_cov_rur,mts_aggregate_1,2004,23.728
cyp,sex_t,geo_cov_rur,mts_aggregate_1,2005,22.916
cyp,sex_t,geo_cov_rur,mts_aggregate_1,2006,21.505
cyp,sex_t,geo_cov_rur,mts_aggregate_1,2007,24.429
cyp,sex_t,geo_cov_rur,mts_aggregate_1,2008,24.235
cyp,sex_t,geo_cov_rur,mts_aggregate_1,2009,27.457
cyp,sex_t,geo_cov_rur,mts_aggregate_1,2010,28.281
cyp,sex_t,geo_cov_rur,mts_aggregate_1,2011,30.61
cyp,sex_t,geo_cov_rur,mts_aggregate_1,2012,30.285
cyp,sex_t,geo_cov_rur,mts_aggregate_1,2013,29.486
cyp,sex_t,geo_cov_rur,mts_aggregate_1,2014,29.671
cyp,sex_t,geo_cov_rur,mts_aggregate_1,2015,27.16
cyp,sex_t,geo_cov_rur,mts_aggregate_1,2016,28.902
cyp,sex_t,geo_cov_rur,mts_aggregate_1,2017,26.121
cyp,sex_t,geo_cov_rur,mts_aggregate_1,2018,26.912
cyp,sex_t,geo_cov_rur,mts_aggregate_1,2019,27.809
cyp,sex_t,geo_cov_rur,mts_aggregate_1,2020,29.584
cyp,sex_t,geo_cov_rur,mts_aggregate_2,2000,45.553
cyp,sex_t,geo_cov_rur,mts_aggregate_2,2001,42.748
cyp,sex_t,geo_cov_rur,mts_aggregate_2,2002,43.203
cyp,sex_t,geo_cov_rur,mts_aggregate_2,2003,42.772
cyp,sex_t,geo_cov_rur,mts_aggregate_2,2004,36.466
cyp,sex_t,geo_cov_rur,mts_aggregate_2,2005,36.003
cyp,sex_t,geo_cov_rur,mts_aggregate_2,2006,36.568
cyp,sex_t,geo_cov_rur,mts_aggregate_2,2007,38.338
cyp,sex_t,geo_cov_rur,mts_aggregate_2,2008,41.601
cyp,sex_t,geo_cov_rur,mts_aggregate_2,2009,42.312
cyp,sex_t,geo_cov_rur,mts_aggregate_2,2010,40.286
cyp,sex_t,geo_cov_rur,mts_aggregate_2,2011,41.362
cyp,sex_t,geo_cov_rur,mts_aggregate_2,2012,41.404
cyp,sex_t,geo_cov_rur,mts_aggregate_2,2013,37.884
cyp,sex_t,geo_cov_rur,mts_aggregate_2,2014,38.016
cyp,sex_t,geo_cov_rur,mts_aggregate_2,2015,39.343
cyp,sex_t,geo_cov_rur,mts_aggregate_2,2016,36.601
cyp,sex_t,geo_cov_rur,mts_aggregate_2,2017,32.632
cyp,sex_t,geo_cov_rur,mts_aggregate_2,2018,33.305
cyp,sex_t,geo_cov_rur,mts_aggregate_2,2019,36.06
cyp,sex_t,geo_cov_rur,mts_aggregate_2,2020,36.757
cyp,sex_t,geo_cov_rur,mts_aggregate_total,2000,74.747
cyp,sex_t,geo_cov_rur,mts_aggregate_total,2001,72.845
cyp,sex_t,geo_cov_rur,mts_aggregate_total,2002,76.009
cyp,sex_t,geo_cov_rur,mts_aggregate_total,2003,73.669
cyp,sex_t,geo_cov_rur,mts_aggregate_total,2004,60.195
cyp,sex_t,geo_cov_rur,mts_aggregate_total,2005,58.919
cyp,sex_t,geo_cov_rur,mts_aggregate_total,2006,58.072
cyp,sex_t,geo_cov_rur,mts_aggregate_total,2007,62.767
cyp,sex_t,geo_cov_rur,mts_aggregate_total,2008,65.835
cyp,sex_t,geo_cov_rur,mts_aggregate_total,2009,69.77
cyp,sex_t,geo_cov_rur,mts_aggregate_total,2010,68.567
cyp,sex_t,geo_cov_rur,mts_aggregate_total,2011,71.972
cyp,sex_t,geo_cov_rur,mts_aggregate_total,2012,71.689
cyp,sex_t,geo_cov_rur,mts_aggregate_total,2013,67.37
cyp,sex_t,geo_cov_rur,mts_aggregate_total,2014,67.688
cyp,sex_t,geo_cov_rur,mts_aggregate_total,2015,66.503
cyp,sex_t,geo_cov_rur,mts_aggregate_total,2016,65.503
cyp,sex_t,geo_cov_rur,mts_aggregate_total,2017,58.752
cyp,sex_t,geo_cov_rur,mts_aggregate_total,2018,60.217
cyp,sex_t,geo_cov_rur,mts_aggregate_total,2019,63.868
cyp,sex_t,geo_cov_rur,mts_aggregate_total,2020,66.341
cyp,sex_t,geo_cov_urb,mts_aggregate_1,2000,54.609
cyp,sex_t,geo_cov_urb,mts_aggregate_1,2001,53.165
cyp,sex_t,geo_cov_urb,mts_aggregate_1,2002,55.809
cyp,sex_t,geo_cov_urb,mts_aggregate_1,2003,56.135
cyp,sex_t,geo_cov_urb,mts_aggregate_1,2004,65.658
cyp,sex_t,geo_cov_urb,mts_aggregate_1,2005,68.85
cyp,sex_t,geo_cov_urb,mts_aggregate_1,2006,70.93
cyp,sex_t,geo_cov_urb,mts_aggregate_1,2007,71.588
cyp,sex_t,geo_cov_urb,mts_aggregate_1,2008,74.399
cyp,sex_t,geo_cov_urb,mts_aggregate_1,2009,76.545
cyp,sex_t,geo_cov_urb,mts_aggregate_1,2010,77.898
cyp,sex_t,geo_cov_urb,mts_aggregate_1,2011,83.85
cyp,sex_t,geo_cov_urb,mts_aggregate_1,2012,84.771
cyp,sex_t,geo_cov_urb,mts_aggregate_1,2013,86.263
cyp,sex_t,geo_cov_urb,mts_aggregate_1,2014,83.479
cyp,sex_t,geo_cov_urb,mts_aggregate_1,2015,88.636
cyp,sex_t,geo_cov_urb,mts_aggregate_1,2016,93.053
cyp,sex_t,geo_cov_urb,mts_aggregate_1,2017,100.302
cyp,sex_t,geo_cov_urb,mts_aggregate_1,2018,102.599
cyp,sex_t,geo_cov_urb,mts_aggregate_1,2019,98.984
cyp,sex_t,geo_cov_urb,mts_aggregate_1,2020,94.53
cyp,sex_t,geo_cov_urb,mts_aggregate_2,2000,74.315
cyp,sex_t,geo_cov_urb,mts_aggregate_2,2001,74.161
cyp,sex_t,geo_cov_urb,mts_aggregate_2,2002,69.193
cyp,sex_t,geo_cov_urb,mts_aggregate_2,2003,69.131
cyp,sex_t,geo_cov_urb,mts_aggregate_2,2004,80.392
cyp,sex_t,geo_cov_urb,mts_aggregate_2,2005,86.255
cyp,sex_t,geo_cov_urb,mts_aggregate_2,2006,85.782
cyp,sex_t,geo_cov_urb,mts_aggregate_2,2007,83.215
cyp,sex_t,geo_cov_urb,mts_aggregate_2,2008,81.292
cyp,sex_t,geo_cov_urb,mts_aggregate_2,2009,84.006
cyp,sex_t,geo_cov_urb,mts_aggregate_2,2010,87.919
cyp,sex_t,geo_cov_urb,mts_aggregate_2,2011,90.061
cyp,sex_t,geo_cov_urb,mts_aggregate_2,2012,95.369
cyp,sex_t,geo_cov_urb,mts_aggregate_2,2013,97.989
cyp,sex_t,geo_cov_urb,mts_aggregate_2,2014,94.655
cyp,sex_t,geo_cov_urb,mts_aggregate_2,2015,99.696
cyp,sex_t,geo_cov_urb,mts_aggregate_2,2016,105.199
cyp,sex_t,geo_cov_urb,mts_aggregate_2,2017,106.621
cyp,sex_t,geo_cov_urb,mts_aggregate_2,2018,100.847
cyp,sex_t,geo_cov_urb,mts_aggregate_2,2019,100.816
cyp,sex_t,geo_cov_urb,mts_aggregate_2,2020,107.862
cyp,sex_t,geo_cov_urb,mts_aggregate_total,2000,128.925
cyp,sex_t,geo_cov_urb,mts_aggregate_total,2001,127.326
cyp,sex_t,geo_cov_urb,mts_aggregate_total,2002,125.002
cyp,sex_t,geo_cov_urb,mts_aggregate_total,2003,125.265
cyp,sex_t,geo_cov_urb,mts_aggregate_total,2004,146.05
cyp,sex_t,geo_cov_urb,mts_aggregate_total,2005,155.105
cyp,sex_t,geo_cov_urb,mts_aggregate_total,2006,156.712
cyp,sex_t,geo_cov_urb,mts_aggregate_total,2007,154.803
cyp,sex_t,geo_cov_urb,mts_aggregate_total,2008,155.691
cyp,sex_t,geo_cov_urb,mts_aggregate_total,2009,160.551
cyp,sex_t,geo_cov_urb,mts_aggregate_total,2010,165.816
cyp,sex_t,geo_cov_urb,mts_aggregate_total,2011,173.911
cyp,sex_t,geo_cov_urb,mts_aggregate_total,2012,180.14
cyp,sex_t,geo_cov_urb,mts_aggregate_total,2013,184.252
cyp,sex_t,geo_cov_urb,mts_aggregate_total,2014,178.133
cyp,sex_t,geo_cov_urb,mts_aggregate_total,2015,188.332
cyp,sex_t,geo_cov_urb,mts_aggregate_total,2016,198.252
cyp,sex_t,geo_cov_urb,mts_aggregate_total,2017,206.923
cyp,sex_t,geo_cov_urb,mts_aggregate_total,2018,203.447
cyp,sex_t,geo_cov_urb,mts_aggregate_total,2019,199.8
cyp,sex_t,geo_cov_urb,mts_aggregate_total,2020,202.392
cze,sex_f,geo_cov_nat,mts_aggregate_1,2002,1204.375
cze,sex_f,geo_cov_nat,mts_aggregate_1,2003,1230.768
cze,sex_f,geo_cov_nat,mts_aggregate_1,2004,1230.328
cze,sex_f,geo_cov_nat,mts_aggregate_1,2005,1244.166
cze,sex_f,geo_cov_nat,mts_aggregate_1,2006,1240.272
cze,sex_f,geo_cov_nat,mts_aggregate_1,2007,1272.801
cze,sex_f,geo_cov_nat,mts_aggregate_1,2008,1311.462
cze,sex_f,geo_cov_nat,mts_aggregate_1,2009,1309.581
cze,sex_f,geo_cov_nat,mts_aggregate_1,2010,1329.885
cze,sex_f,geo_cov_nat,mts_aggregate_1,2011,1293.555
cze,sex_f,geo_cov_nat,mts_aggregate_1,2012,1251.848
cze,sex_f,geo_cov_nat,mts_aggregate_1,2013,1264.025
cze,sex_f,geo_cov_nat,mts_aggregate_1,2014,1268.666
cze,sex_f,geo_cov_nat,mts_aggregate_1,2015,1253.492
cze,sex_f,geo_cov_nat,mts_aggregate_1,2016,1227.507
cze,sex_f,geo_cov_nat,mts_aggregate_1,2017,1237.704
cze,sex_f,geo_cov_nat,mts_aggregate_1,2018,1211.015
cze,sex_f,geo_cov_nat,mts_aggregate_1,2019,1223.545
cze,sex_f,geo_cov_nat,mts_aggregate_1,2020,1280.772
cze,sex_f,geo_cov_nat,mts_aggregate_2,2002,987.669
cze,sex_f,geo_cov_nat,mts_aggregate_2,2003,963.775
cze,sex_f,geo_cov_nat,mts_aggregate_2,2004,990.145
cze,sex_f,geo_cov_nat,mts_aggregate_2,2005,978.484
cze,sex_f,geo_cov_nat,mts_aggregate_2,2006,998.091
cze,sex_f,geo_cov_nat,mts_aggregate_2,2007,1016.266
cze,sex_f,geo_cov_nat,mts_aggregate_2,2008,1017.345
cze,sex_f,geo_cov_nat,mts_aggregate_2,2009,1021.231
cze,sex_f,geo_cov_nat,mts_aggregate_2,2010,1012.983
cze,sex_f,geo_cov_nat,mts_aggregate_2,2011,1029.658
cze,sex_f,geo_cov_nat,mts_aggregate_2,2012,1044.527
cze,sex_f,geo_cov_nat,mts_aggregate_2,2013,988.69
cze,sex_f,geo_cov_nat,mts_aggregate_2,2014,981.998
cze,sex_f,geo_cov_nat,mts_aggregate_2,2015,978.998
cze,sex_f,geo_cov_nat,mts_aggregate_2,2016,975.3
cze,sex_f,geo_cov_nat,mts_aggregate_2,2017,944.266
cze,sex_f,geo_cov_nat,mts_aggregate_2,2018,949.839
cze,sex_f,geo_cov_nat,mts_aggregate_2,2019,949.258
cze,sex_f,geo_cov_nat,mts_aggregate_2,2020,930.687
cze,sex_f,geo_cov_nat,mts_aggregate_total,2002,2192.043
cze,sex_f,geo_cov_nat,mts_aggregate_total,2003,2194.543
cze,sex_f,geo_cov_nat,mts_aggregate_total,2004,2220.473
cze,sex_f,geo_cov_nat,mts_aggregate_total,2005,2222.65
cze,sex_f,geo_cov_nat,mts_aggregate_total,2006,2238.363
cze,sex_f,geo_cov_nat,mts_aggregate_total,2007,2289.067
cze,sex_f,geo_cov_nat,mts_aggregate_total,2008,2328.807
cze,sex_f,geo_cov_nat,mts_aggregate_total,2009,2330.812
cze,sex_f,geo_cov_nat,mts_aggregate_total,2010,2342.868
cze,sex_f,geo_cov_nat,mts_aggregate_total,2011,2323.213
cze,sex_f,geo_cov_nat,mts_aggregate_total,2012,2296.375
cze,sex_f,geo_cov_nat,mts_aggregate_total,2013,2252.715
cze,sex_f,geo_cov_nat,mts_aggregate_total,2014,2250.664
cze,sex_f,geo_cov_nat,mts_aggregate_total,2015,2232.49
cze,sex_f,geo_cov_nat,mts_aggregate_total,2016,2202.806
cze,sex_f,geo_cov_nat,mts_aggregate_total,2017,2181.971
cze,sex_f,geo_cov_nat,mts_aggregate_total,2018,2160.854
cze,sex_f,geo_cov_nat,mts_aggregate_total,2019,2172.803
cze,sex_f,geo_cov_nat,mts_aggregate_total,2020,2211.459
cze,sex_f,geo_cov_rur,mts_aggregate_1,2002,328.647
cze,sex_f,geo_cov_rur,mts_aggregate_1,2003,335.098
cze,sex_f,geo_cov_rur,mts_aggregate_1,2004,343.574
cze,sex_f,geo_cov_rur,mts_aggregate_1,2005,350.429
cze,sex_f,geo_cov_rur,mts_aggregate_1,2006,498.623
cze,sex_f,geo_cov_rur,mts_aggregate_1,2007,514.256
cze,sex_f,geo_cov_rur,mts_aggregate_1,2008,526.694
cze,sex_f,geo_cov_rur,mts_aggregate_1,2009,527.867
cze,sex_f,geo_cov_rur,mts_aggregate_1,2010,539.482
cze,sex_f,geo_cov_rur,mts_aggregate_1,2011,532.402
cze,sex_f,geo_cov_rur,mts_aggregate_1,2012,456.118
cze,sex_f,geo_cov_rur,mts_aggregate_1,2013,478.736
cze,sex_f,geo_cov_rur,mts_aggregate_1,2014,449.49
cze,sex_f,geo_cov_rur,mts_aggregate_1,2015,449.727
cze,sex_f,geo_cov_rur,mts_aggregate_1,2016,444.856
cze,sex_f,geo_cov_rur,mts_aggregate_1,2017,440.491
cze,sex_f,geo_cov_rur,mts_aggregate_1,2018,428.799
cze,sex_f,geo_cov_rur,mts_aggregate_1,2019,426.123
cze,sex_f,geo_cov_rur,mts_aggregate_1,2020,459.005
cze,sex_f,geo_cov_rur,mts_aggregate_2,2002,294.984
cze,sex_f,geo_cov_rur,mts_aggregate_2,2003,292.242
cze,sex_f,geo_cov_rur,mts_aggregate_2,2004,287.036
cze,sex_f,geo_cov_rur,mts_aggregate_2,2005,273.95
cze,sex_f,geo_cov_rur,mts_aggregate_2,2006,420.702
cze,sex_f,geo_cov_rur,mts_aggregate_2,2007,424.103
cze,sex_f,geo_cov_rur,mts_aggregate_2,2008,416.882
cze,sex_f,geo_cov_rur,mts_aggregate_2,2009,423.391
cze,sex_f,geo_cov_rur,mts_aggregate_2,2010,426.419
cze,sex_f,geo_cov_rur,mts_aggregate_2,2011,439.562
cze,sex_f,geo_cov_rur,mts_aggregate_2,2012,414.603
cze,sex_f,geo_cov_rur,mts_aggregate_2,2013,397.445
cze,sex_f,geo_cov_rur,mts_aggregate_2,2014,391.04
cze,sex_f,geo_cov_rur,mts_aggregate_2,2015,384.868
cze,sex_f,geo_cov_rur,mts_aggregate_2,2016,381.266
cze,sex_f,geo_cov_rur,mts_aggregate_2,2017,355.993
cze,sex_f,geo_cov_rur,mts_aggregate_2,2018,351.999
cze,sex_f,geo_cov_rur,mts_aggregate_2,2019,359.365
cze,sex_f,geo_cov_rur,mts_aggregate_2,2020,351.188
cze,sex_f,geo_cov_rur,mts_aggregate_total,2002,623.632
cze,sex_f,geo_cov_rur,mts_aggregate_total,2003,627.34
cze,sex_f,geo_cov_rur,mts_aggregate_total,2004,630.61
cze,sex_f,geo_cov_rur,mts_aggregate_total,2005,624.379
cze,sex_f,geo_cov_rur,mts_aggregate_total,2006,919.326
cze,sex_f,geo_cov_rur,mts_aggregate_total,2007,938.359
cze,sex_f,geo_cov_rur,mts_aggregate_total,2008,943.576
cze,sex_f,geo_cov_rur,mts_aggregate_total,2009,951.258
cze,sex_f,geo_cov_rur,mts_aggregate_total,2010,965.901
cze,sex_f,geo_cov_rur,mts_aggregate_total,2011,971.963
cze,sex_f,geo_cov_rur,mts_aggregate_total,2012,870.72
cze,sex_f,geo_cov_rur,mts_aggregate_total,2013,876.181
cze,sex_f,geo_cov_rur,mts_aggregate_total,2014,840.529
cze,sex_f,geo_cov_rur,mts_aggregate_total,2015,834.595
cze,sex_f,geo_cov_rur,mts_aggregate_total,2016,826.122
cze,sex_f,geo_cov_rur,mts_aggregate_total,2017,796.485
cze,sex_f,geo_cov_rur,mts_aggregate_total,2018,780.798
cze,sex_f,geo_cov_rur,mts_aggregate_total,2019,785.488
cze,sex_f,geo_cov_rur,mts_aggregate_total,2020,810.193
cze,sex_f,geo_cov_urb,mts_aggregate_1,2002,875.727
cze,sex_f,geo_cov_urb,mts_aggregate_1,2003,895.67
cze,sex_f,geo_cov_urb,mts_aggregate_1,2004,886.754
cze,sex_f,geo_cov_urb,mts_aggregate_1,2005,893.736
cze,sex_f,geo_cov_urb,mts_aggregate_1,2006,741.649
cze,sex_f,geo_cov_urb,mts_aggregate_1,2007,758.544
cze,sex_f,geo_cov_urb,mts_aggregate_1,2008,784.768
cze,sex_f,geo_cov_urb,mts_aggregate_1,2009,781.714
cze,sex_f,geo_cov_urb,mts_aggregate_1,2010,790.403
cze,sex_f,geo_cov_urb,mts_aggregate_1,2011,761.153
cze,sex_f,geo_cov_urb,mts_aggregate_1,2012,795.73
cze,sex_f,geo_cov_urb,mts_aggregate_1,2013,785.289
cze,sex_f,geo_cov_urb,mts_aggregate_1,2014,819.177
cze,sex_f,geo_cov_urb,mts_aggregate_1,2015,803.765
cze,sex_f,geo_cov_urb,mts_aggregate_1,2016,782.65
cze,sex_f,geo_cov_urb,mts_aggregate_1,2017,797.213
cze,sex_f,geo_cov_urb,mts_aggregate_1,2018,782.216
cze,sex_f,geo_cov_urb,mts_aggregate_1,2019,797.422
cze,sex_f,geo_cov_urb,mts_aggregate_1,2020,821.767
cze,sex_f,geo_cov_urb,mts_aggregate_2,2002,692.685
cze,sex_f,geo_cov_urb,mts_aggregate_2,2003,671.533
cze,sex_f,geo_cov_urb,mts_aggregate_2,2004,703.108
cze,sex_f,geo_cov_urb,mts_aggregate_2,2005,704.534
cze,sex_f,geo_cov_urb,mts_aggregate_2,2006,577.389
cze,sex_f,geo_cov_urb,mts_aggregate_2,2007,592.163
cze,sex_f,geo_cov_urb,mts_aggregate_2,2008,600.463
cze,sex_f,geo_cov_urb,mts_aggregate_2,2009,597.841
cze,sex_f,geo_cov_urb,mts_aggregate_2,2010,586.564
cze,sex_f,geo_cov_urb,mts_aggregate_2,2011,590.096
cze,sex_f,geo_cov_urb,mts_aggregate_2,2012,629.924
cze,sex_f,geo_cov_urb,mts_aggregate_2,2013,591.245
cze,sex_f,geo_cov_urb,mts_aggregate_2,2014,590.958
cze,sex_f,geo_cov_urb,mts_aggregate_2,2015,594.13
cze,sex_f,geo_cov_urb,mts_aggregate_2,2016,594.034
cze,sex_f,geo_cov_urb,mts_aggregate_2,2017,588.273
cze,sex_f,geo_cov_urb,mts_aggregate_2,2018,597.841
cze,sex_f,geo_cov_urb,mts_aggregate_2,2019,589.893
cze,sex_f,geo_cov_urb,mts_aggregate_2,2020,579.5
cze,sex_f,geo_cov_urb,mts_aggregate_total,2002,1568.412
cze,sex_f,geo_cov_urb,mts_aggregate_total,2003,1567.202
cze,sex_f,geo_cov_urb,mts_aggregate_total,2004,1589.863
cze,sex_f,geo_cov_urb,mts_aggregate_total,2005,1598.27
cze,sex_f,geo_cov_urb,mts_aggregate_total,2006,1319.037
cze,sex_f,geo_cov_urb,mts_aggregate_total,2007,1350.708
cze,sex_f,geo_cov_urb,mts_aggregate_total,2008,1385.231
cze,sex_f,geo_cov_urb,mts_aggregate_total,2009,1379.555
cze,sex_f,geo_cov_urb,mts_aggregate_total,2010,1376.967
cze,sex_f,geo_cov_urb,mts_aggregate_total,2011,1351.249
cze,sex_f,geo_cov_urb,mts_aggregate_total,2012,1425.654
cze,sex_f,geo_cov_urb,mts_aggregate_total,2013,1376.534
cze,sex_f,geo_cov_urb,mts_aggregate_total,2014,1410.134
cze,sex_f,geo_cov_urb,mts_aggregate_total,2015,1397.895
cze,sex_f,geo_cov_urb,mts_aggregate_total,2016,1376.684
cze,sex_f,geo_cov_urb,mts_aggregate_total,2017,1385.486
cze,sex_f,geo_cov_urb,mts_aggregate_total,2018,1380.056
cze,sex_f,geo_cov_urb,mts_aggregate_total,2019,1387.316
cze,sex_f,geo_cov_urb,mts_aggregate_total,2020,1401.266
cze,sex_m,geo_cov_nat,mts_aggregate_1,2002,640.429
cze,sex_m,geo_cov_nat,mts_aggregate_1,2003,661.374
cze,sex_m,geo_cov_nat,mts_aggregate_1,2004,678.195
cze,sex_m,geo_cov_nat,mts_aggregate_1,2005,671.183
cze,sex_m,geo_cov_nat,mts_aggregate_1,2006,676.743
cze,sex_m,geo_cov_nat,mts_aggregate_1,2007,690.54
cze,sex_m,geo_cov_nat,mts_aggregate_1,2008,719.832
cze,sex_m,geo_cov_nat,mts_aggregate_1,2009,704.341
cze,sex_m,geo_cov_nat,mts_aggregate_1,2010,704.933
cze,sex_m,geo_cov_nat,mts_aggregate_1,2011,687.32
cze,sex_m,geo_cov_nat,mts_aggregate_1,2012,679.259
cze,sex_m,geo_cov_nat,mts_aggregate_1,2013,657.631
cze,sex_m,geo_cov_nat,mts_aggregate_1,2014,669.874
cze,sex_m,geo_cov_nat,mts_aggregate_1,2015,656.846
cze,sex_m,geo_cov_nat,mts_aggregate_1,2016,649.639
cze,sex_m,geo_cov_nat,mts_aggregate_1,2017,648.705
cze,sex_m,geo_cov_nat,mts_aggregate_1,2018,657.939
cze,sex_m,geo_cov_nat,mts_aggregate_1,2019,653.615
cze,sex_m,geo_cov_nat,mts_aggregate_1,2020,685.488
cze,sex_m,geo_cov_nat,mts_aggregate_2,2002,637.547
cze,sex_m,geo_cov_nat,mts_aggregate_2,2003,645.053
cze,sex_m,geo_cov_nat,mts_aggregate_2,2004,650.136
cze,sex_m,geo_cov_nat,mts_aggregate_2,2005,645.987
cze,sex_m,geo_cov_nat,mts_aggregate_2,2006,658.566
cze,sex_m,geo_cov_nat,mts_aggregate_2,2007,666.883
cze,sex_m,geo_cov_nat,mts_aggregate_2,2008,662.807
cze,sex_m,geo_cov_nat,mts_aggregate_2,2009,687.741
cze,sex_m,geo_cov_nat,mts_aggregate_2,2010,698.848
cze,sex_m,geo_cov_nat,mts_aggregate_2,2011,731.212
cze,sex_m,geo_cov_nat,mts_aggregate_2,2012,732.015
cze,sex_m,geo_cov_nat,mts_aggregate_2,2013,735.107
cze,sex_m,geo_cov_nat,mts_aggregate_2,2014,714.18
cze,sex_m,geo_cov_nat,mts_aggregate_2,2015,736.375
cze,sex_m,geo_cov_nat,mts_aggregate_2,2016,727.415
cze,sex_m,geo_cov_nat,mts_aggregate_2,2017,721.48
cze,sex_m,geo_cov_nat,mts_aggregate_2,2018,707.87
cze,sex_m,geo_cov_nat,mts_aggregate_2,2019,725.107
cze,sex_m,geo_cov_nat,mts_aggregate_2,2020,716.945
cze,sex_m,geo_cov_nat,mts_aggregate_total,2002,1277.976
cze,sex_m,geo_cov_nat,mts_aggregate_total,2003,1306.427
cze,sex_m,geo_cov_nat,mts_aggregate_total,2004,1328.331
cze,sex_m,geo_cov_nat,mts_aggregate_total,2005,1317.171
cze,sex_m,geo_cov_nat,mts_aggregate_total,2006,1335.308
cze,sex_m,geo_cov_nat,mts_aggregate_total,2007,1357.423
cze,sex_m,geo_cov_nat,mts_aggregate_total,2008,1382.638
cze,sex_m,geo_cov_nat,mts_aggregate_total,2009,1392.082
cze,sex_m,geo_cov_nat,mts_aggregate_total,2010,1403.781
cze,sex_m,geo_cov_nat,mts_aggregate_total,2011,1418.532
cze,sex_m,geo_cov_nat,mts_aggregate_total,2012,1411.274
cze,sex_m,geo_cov_nat,mts_aggregate_total,2013,1392.738
cze,sex_m,geo_cov_nat,mts_aggregate_total,2014,1384.054
cze,sex_m,geo_cov_nat,mts_aggregate_total,2015,1393.22
cze,sex_m,geo_cov_nat,mts_aggregate_total,2016,1377.054
cze,sex_m,geo_cov_nat,mts_aggregate_total,2017,1370.184
cze,sex_m,geo_cov_nat,mts_aggregate_total,2018,1365.808
cze,sex_m,geo_cov_nat,mts_aggregate_total,2019,1378.722
cze,sex_m,geo_cov_nat,mts_aggregate_total,2020,1402.433
cze,sex_m,geo_cov_rur,mts_aggregate_1,2002,180.587
cze,sex_m,geo_cov_rur,mts_aggregate_1,2003,185.31
cze,sex_m,geo_cov_rur,mts_aggregate_1,2004,190.476
cze,sex_m,geo_cov_rur,mts_aggregate_1,2005,188.459
cze,sex_m,geo_cov_rur,mts_aggregate_1,2006,271.62
cze,sex_m,geo_cov_rur,mts_aggregate_1,2007,276.442
cze,sex_m,geo_cov_rur,mts_aggregate_1,2008,287.425
cze,sex_m,geo_cov_rur,mts_aggregate_1,2009,285.213
cze,sex_m,geo_cov_rur,mts_aggregate_1,2010,286.92
cze,sex_m,geo_cov_rur,mts_aggregate_1,2011,281.163
cze,sex_m,geo_cov_rur,mts_aggregate_1,2012,262.591
cze,sex_m,geo_cov_rur,mts_aggregate_1,2013,263.584
cze,sex_m,geo_cov_rur,mts_aggregate_1,2014,251.385
cze,sex_m,geo_cov_rur,mts_aggregate_1,2015,253.657
cze,sex_m,geo_cov_rur,mts_aggregate_1,2016,248.394
cze,sex_m,geo_cov_rur,mts_aggregate_1,2017,233.508
cze,sex_m,geo_cov_rur,mts_aggregate_1,2018,237.241
cze,sex_m,geo_cov_rur,mts_aggregate_1,2019,231.27
cze,sex_m,geo_cov_rur,mts_aggregate_1,2020,253.259
cze,sex_m,geo_cov_rur,mts_aggregate_2,2002,178.571
cze,sex_m,geo_cov_rur,mts_aggregate_2,2003,186.603
cze,sex_m,geo_cov_rur,mts_aggregate_2,2004,180.258
cze,sex_m,geo_cov_rur,mts_aggregate_2,2005,175.928
cze,sex_m,geo_cov_rur,mts_aggregate_2,2006,281.039
cze,sex_m,geo_cov_rur,mts_aggregate_2,2007,282.352
cze,sex_m,geo_cov_rur,mts_aggregate_2,2008,284.396
cze,sex_m,geo_cov_rur,mts_aggregate_2,2009,295.136
cze,sex_m,geo_cov_rur,mts_aggregate_2,2010,301.562
cze,sex_m,geo_cov_rur,mts_aggregate_2,2011,327.512
cze,sex_m,geo_cov_rur,mts_aggregate_2,2012,300.245
cze,sex_m,geo_cov_rur,mts_aggregate_2,2013,301.929
cze,sex_m,geo_cov_rur,mts_aggregate_2,2014,290.908
cze,sex_m,geo_cov_rur,mts_aggregate_2,2015,301.423
cze,sex_m,geo_cov_rur,mts_aggregate_2,2016,296.007
cze,sex_m,geo_cov_rur,mts_aggregate_2,2017,283.627
cze,sex_m,geo_cov_rur,mts_aggregate_2,2018,272.239
cze,sex_m,geo_cov_rur,mts_aggregate_2,2019,286.727
cze,sex_m,geo_cov_rur,mts_aggregate_2,2020,282.024
cze,sex_m,geo_cov_rur,mts_aggregate_total,2002,359.158
cze,sex_m,geo_cov_rur,mts_aggregate_total,2003,371.913
cze,sex_m,geo_cov_rur,mts_aggregate_total,2004,370.734
cze,sex_m,geo_cov_rur,mts_aggregate_total,2005,364.387
cze,sex_m,geo_cov_rur,mts_aggregate_total,2006,552.659
cze,sex_m,geo_cov_rur,mts_aggregate_total,2007,558.794
cze,sex_m,geo_cov_rur,mts_aggregate_total,2008,571.821
cze,sex_m,geo_cov_rur,mts_aggregate_total,2009,580.349
cze,sex_m,geo_cov_rur,mts_aggregate_total,2010,588.482
cze,sex_m,geo_cov_rur,mts_aggregate_total,2011,608.676
cze,sex_m,geo_cov_rur,mts_aggregate_total,2012,562.836
cze,sex_m,geo_cov_rur,mts_aggregate_total,2013,565.513
cze,sex_m,geo_cov_rur,mts_aggregate_total,2014,542.292
cze,sex_m,geo_cov_rur,mts_aggregate_total,2015,555.079
cze,sex_m,geo_cov_rur,mts_aggregate_total,2016,544.401
cze,sex_m,geo_cov_rur,mts_aggregate_total,2017,517.136
cze,sex_m,geo_cov_rur,mts_aggregate_total,2018,509.48
cze,sex_m,geo_cov_rur,mts_aggregate_total,2019,517.997
cze,sex_m,geo_cov_rur,mts_aggregate_total,2020,535.283
cze,sex_m,geo_cov_urb,mts_aggregate_1,2002,459.842
cze,sex_m,geo_cov_urb,mts_aggregate_1,2003,476.064
cze,sex_m,geo_cov_urb,mts_aggregate_1,2004,487.719
cze,sex_m,geo_cov_urb,mts_aggregate_1,2005,482.725
cze,sex_m,geo_cov_urb,mts_aggregate_1,2006,405.123
cze,sex_m,geo_cov_urb,mts_aggregate_1,2007,414.098
cze,sex_m,geo_cov_urb,mts_aggregate_1,2008,432.407
cze,sex_m,geo_cov_urb,mts_aggregate_1,2009,419.128
cze,sex_m,geo_cov_urb,mts_aggregate_1,2010,418.013
cze,sex_m,geo_cov_urb,mts_aggregate_1,2011,406.157
cze,sex_m,geo_cov_urb,mts_aggregate_1,2012,416.668
cze,sex_m,geo_cov_urb,mts_aggregate_1,2013,394.047
cze,sex_m,geo_cov_urb,mts_aggregate_1,2014,418.489
cze,sex_m,geo_cov_urb,mts_aggregate_1,2015,403.189
cze,sex_m,geo_cov_urb,mts_aggregate_1,2016,401.245
cze,sex_m,geo_cov_urb,mts_aggregate_1,2017,415.196
cze,sex_m,geo_cov_urb,mts_aggregate_1,2018,420.698
cze,sex_m,geo_cov_urb,mts_aggregate_1,2019,422.345
cze,sex_m,geo_cov_urb,mts_aggregate_1,2020,432.229
cze,sex_m,geo_cov_urb,mts_aggregate_2,2002,458.976
cze,sex_m,geo_cov_urb,mts_aggregate_2,2003,458.45
cze,sex_m,geo_cov_urb,mts_aggregate_2,2004,469.877
cze,sex_m,geo_cov_urb,mts_aggregate_2,2005,470.059
cze,sex_m,geo_cov_urb,mts_aggregate_2,2006,377.526
cze,sex_m,geo_cov_urb,mts_aggregate_2,2007,384.531
cze,sex_m,geo_cov_urb,mts_aggregate_2,2008,378.411
cze,sex_m,geo_cov_urb,mts_aggregate_2,2009,392.605
cze,sex_m,geo_cov_urb,mts_aggregate_2,2010,397.286
cze,sex_m,geo_cov_urb,mts_aggregate_2,2011,403.7
cze,sex_m,geo_cov_urb,mts_aggregate_2,2012,431.77
cze,sex_m,geo_cov_urb,mts_aggregate_2,2013,433.178
cze,sex_m,geo_cov_urb,mts_aggregate_2,2014,423.272
cze,sex_m,geo_cov_urb,mts_aggregate_2,2015,434.952
cze,sex_m,geo_cov_urb,mts_aggregate_2,2016,431.408
cze,sex_m,geo_cov_urb,mts_aggregate_2,2017,437.853
cze,sex_m,geo_cov_urb,mts_aggregate_2,2018,435.63
cze,sex_m,geo_cov_urb,mts_aggregate_2,2019,438.38
cze,sex_m,geo_cov_urb,mts_aggregate_2,2020,434.921
cze,sex_m,geo_cov_urb,mts_aggregate_total,2002,918.818
cze,sex_m,geo_cov_urb,mts_aggregate_total,2003,934.514
cze,sex_m,geo_cov_urb,mts_aggregate_total,2004,957.597
cze,sex_m,geo_cov_urb,mts_aggregate_total,2005,952.784
cze,sex_m,geo_cov_urb,mts_aggregate_total,2006,782.649
cze,sex_m,geo_cov_urb,mts_aggregate_total,2007,798.629
cze,sex_m,geo_cov_urb,mts_aggregate_total,2008,810.818
cze,sex_m,geo_cov_urb,mts_aggregate_total,2009,811.733
cze,sex_m,geo_cov_urb,mts_aggregate_total,2010,815.299
cze,sex_m,geo_cov_urb,mts_aggregate_total,2011,809.857
cze,sex_m,geo_cov_urb,mts_aggregate_total,2012,848.438
cze,sex_m,geo_cov_urb,mts_aggregate_total,2013,827.225
cze,sex_m,geo_cov_urb,mts_aggregate_total,2014,841.762
cze,sex_m,geo_cov_urb,mts_aggregate_total,2015,838.141
cze,sex_m,geo_cov_urb,mts_aggregate_total,2016,832.652
cze,sex_m,geo_cov_urb,mts_aggregate_total,2017,853.049
cze,sex_m,geo_cov_urb,mts_aggregate_total,2018,856.328
cze,sex_m,geo_cov_urb,mts_aggregate_total,2019,860.725
cze,sex_m,geo_cov_urb,mts_aggregate_total,2020,867.15
cze,sex_t,geo_cov_nat,mts_aggregate_1,2002,1844.804
cze,sex_t,geo_cov_nat,mts_aggregate_1,2003,1892.142
cze,sex_t,geo_cov_nat,mts_aggregate_1,2004,1908.523
cze,sex_t,geo_cov_nat,mts_aggregate_1,2005,1915.349
cze,sex_t,geo_cov_nat,mts_aggregate_1,2006,1917.015
cze,sex_t,geo_cov_nat,mts_aggregate_1,2007,1963.34
cze,sex_t,geo_cov_nat,mts_aggregate_1,2008,2031.294
cze,sex_t,geo_cov_nat,mts_aggregate_1,2009,2013.922
cze,sex_t,geo_cov_nat,mts_aggregate_1,2010,2034.818
cze,sex_t,geo_cov_nat,mts_aggregate_1,2011,1980.875
cze,sex_t,geo_cov_nat,mts_aggregate_1,2012,1931.107
cze,sex_t,geo_cov_nat,mts_aggregate_1,2013,1921.656
cze,sex_t,geo_cov_nat,mts_aggregate_1,2014,1938.54
cze,sex_t,geo_cov_nat,mts_aggregate_1,2015,1910.337
cze,sex_t,geo_cov_nat,mts_aggregate_1,2016,1877.146
cze,sex_t,geo_cov_nat,mts_aggregate_1,2017,1886.409
cze,sex_t,geo_cov_nat,mts_aggregate_1,2018,1868.953
cze,sex_t,geo_cov_nat,mts_aggregate_1,2019,1877.16
cze,sex_t,geo_cov_nat,mts_aggregate_1,2020,1966.26
cze,sex_t,geo_cov_nat,mts_aggregate_2,2002,1625.216
cze,sex_t,geo_cov_nat,mts_aggregate_2,2003,1608.828
cze,sex_t,geo_cov_nat,mts_aggregate_2,2004,1640.28
cze,sex_t,geo_cov_nat,mts_aggregate_2,2005,1624.471
cze,sex_t,geo_cov_nat,mts_aggregate_2,2006,1656.657
cze,sex_t,geo_cov_nat,mts_aggregate_2,2007,1683.149
cze,sex_t,geo_cov_nat,mts_aggregate_2,2008,1680.152
cze,sex_t,geo_cov_nat,mts_aggregate_2,2009,1708.972
cze,sex_t,geo_cov_nat,mts_aggregate_2,2010,1711.83
cze,sex_t,geo_cov_nat,mts_aggregate_2,2011,1760.87
cze,sex_t,geo_cov_nat,mts_aggregate_2,2012,1776.541
cze,sex_t,geo_cov_nat,mts_aggregate_2,2013,1723.797
cze,sex_t,geo_cov_nat,mts_aggregate_2,2014,1696.178
cze,sex_t,geo_cov_nat,mts_aggregate_2,2015,1715.372
cze,sex_t,geo_cov_nat,mts_aggregate_2,2016,1702.714
cze,sex_t,geo_cov_nat,mts_aggregate_2,2017,1665.746
cze,sex_t,geo_cov_nat,mts_aggregate_2,2018,1657.709
cze,sex_t,geo_cov_nat,mts_aggregate_2,2019,1674.365
cze,sex_t,geo_cov_nat,mts_aggregate_2,2020,1647.632
cze,sex_t,geo_cov_nat,mts_aggregate_total,2002,3470.019
cze,sex_t,geo_cov_nat,mts_aggregate_total,2003,3500.969
cze,sex_t,geo_cov_nat,mts_aggregate_total,2004,3548.803
cze,sex_t,geo_cov_nat,mts_aggregate_total,2005,3539.821
cze,sex_t,geo_cov_nat,mts_aggregate_total,2006,3573.671
cze,sex_t,geo_cov_nat,mts_aggregate_total,2007,3646.49
cze,sex_t,geo_cov_nat,mts_aggregate_total,2008,3711.446
cze,sex_t,geo_cov_nat,mts_aggregate_total,2009,3722.894
cze,sex_t,geo_cov_nat,mts_aggregate_total,2010,3746.649
cze,sex_t,geo_cov_nat,mts_aggregate_total,2011,3741.745
cze,sex_t,geo_cov_nat,mts_aggregate_total,2012,3707.649
cze,sex_t,geo_cov_nat,mts_aggregate_total,2013,3645.453
cze,sex_t,geo_cov_nat,mts_aggregate_total,2014,3634.717
cze,sex_t,geo_cov_nat,mts_aggregate_total,2015,3625.71
cze,sex_t,geo_cov_nat,mts_aggregate_total,2016,3579.86
cze,sex_t,geo_cov_nat,mts_aggregate_total,2017,3552.155
cze,sex_t,geo_cov_nat,mts_aggregate_total,2018,3526.662
cze,sex_t,geo_cov_nat,mts_aggregate_total,2019,3551.525
cze,sex_t,geo_cov_nat,mts_aggregate_total,2020,3613.892
cze,sex_t,geo_cov_rur,mts_aggregate_1,2002,509.235
cze,sex_t,geo_cov_rur,mts_aggregate_1,2003,520.408
cze,sex_t,geo_cov_rur,mts_aggregate_1,2004,534.05
cze,sex_t,geo_cov_rur,mts_aggregate_1,2005,538.888
cze,sex_t,geo_cov_rur,mts_aggregate_1,2006,770.243
cze,sex_t,geo_cov_rur,mts_aggregate_1,2007,790.698
cze,sex_t,geo_cov_rur,mts_aggregate_1,2008,814.118
cze,sex_t,geo_cov_rur,mts_aggregate_1,2009,813.08
cze,sex_t,geo_cov_rur,mts_aggregate_1,2010,826.402
cze,sex_t,geo_cov_rur,mts_aggregate_1,2011,813.565
cze,sex_t,geo_cov_rur,mts_aggregate_1,2012,718.709
cze,sex_t,geo_cov_rur,mts_aggregate_1,2013,742.32
cze,sex_t,geo_cov_rur,mts_aggregate_1,2014,700.874
cze,sex_t,geo_cov_rur,mts_aggregate_1,2015,703.384
cze,sex_t,geo_cov_rur,mts_aggregate_1,2016,693.251
cze,sex_t,geo_cov_rur,mts_aggregate_1,2017,674
cze,sex_t,geo_cov_rur,mts_aggregate_1,2018,666.04
cze,sex_t,geo_cov_rur,mts_aggregate_1,2019,657.393
cze,sex_t,geo_cov_rur,mts_aggregate_1,2020,712.265
cze,sex_t,geo_cov_rur,mts_aggregate_2,2002,473.555
cze,sex_t,geo_cov_rur,mts_aggregate_2,2003,478.845
cze,sex_t,geo_cov_rur,mts_aggregate_2,2004,467.295
cze,sex_t,geo_cov_rur,mts_aggregate_2,2005,449.878
cze,sex_t,geo_cov_rur,mts_aggregate_2,2006,701.741
cze,sex_t,geo_cov_rur,mts_aggregate_2,2007,706.456
cze,sex_t,geo_cov_rur,mts_aggregate_2,2008,701.279
cze,sex_t,geo_cov_rur,mts_aggregate_2,2009,718.526
cze,sex_t,geo_cov_rur,mts_aggregate_2,2010,727.981
cze,sex_t,geo_cov_rur,mts_aggregate_2,2011,767.074
cze,sex_t,geo_cov_rur,mts_aggregate_2,2012,714.847
cze,sex_t,geo_cov_rur,mts_aggregate_2,2013,699.374
cze,sex_t,geo_cov_rur,mts_aggregate_2,2014,681.947
cze,sex_t,geo_cov_rur,mts_aggregate_2,2015,686.29
cze,sex_t,geo_cov_rur,mts_aggregate_2,2016,677.273
cze,sex_t,geo_cov_rur,mts_aggregate_2,2017,639.62
cze,sex_t,geo_cov_rur,mts_aggregate_2,2018,624.238
cze,sex_t,geo_cov_rur,mts_aggregate_2,2019,646.092
cze,sex_t,geo_cov_rur,mts_aggregate_2,2020,633.211
cze,sex_t,geo_cov_rur,mts_aggregate_total,2002,982.79
cze,sex_t,geo_cov_rur,mts_aggregate_total,2003,999.253
cze,sex_t,geo_cov_rur,mts_aggregate_total,2004,1001.344
cze,sex_t,geo_cov_rur,mts_aggregate_total,2005,988.766
cze,sex_t,geo_cov_rur,mts_aggregate_total,2006,1471.985
cze,sex_t,geo_cov_rur,mts_aggregate_total,2007,1497.154
cze,sex_t,geo_cov_rur,mts_aggregate_total,2008,1515.397
cze,sex_t,geo_cov_rur,mts_aggregate_total,2009,1531.606
cze,sex_t,geo_cov_rur,mts_aggregate_total,2010,1554.383
cze,sex_t,geo_cov_rur,mts_aggregate_total,2011,1580.639
cze,sex_t,geo_cov_rur,mts_aggregate_total,2012,1433.556
cze,sex_t,geo_cov_rur,mts_aggregate_total,2013,1441.694
cze,sex_t,geo_cov_rur,mts_aggregate_total,2014,1382.821
cze,sex_t,geo_cov_rur,mts_aggregate_total,2015,1389.674
cze,sex_t,geo_cov_rur,mts_aggregate_total,2016,1370.524
cze,sex_t,geo_cov_rur,mts_aggregate_total,2017,1313.62
cze,sex_t,geo_cov_rur,mts_aggregate_total,2018,1290.278
cze,sex_t,geo_cov_rur,mts_aggregate_total,2019,1303.484
cze,sex_t,geo_cov_rur,mts_aggregate_total,2020,1345.476
cze,sex_t,geo_cov_urb,mts_aggregate_1,2002,1335.569
cze,sex_t,geo_cov_urb,mts_aggregate_1,2003,1371.734
cze,sex_t,geo_cov_urb,mts_aggregate_1,2004,1374.474
cze,sex_t,geo_cov_urb,mts_aggregate_1,2005,1376.461
cze,sex_t,geo_cov_urb,mts_aggregate_1,2006,1146.771
cze,sex_t,geo_cov_urb,mts_aggregate_1,2007,1172.642
cze,sex_t,geo_cov_urb,mts_aggregate_1,2008,1217.175
cze,sex_t,geo_cov_urb,mts_aggregate_1,2009,1200.842
cze,sex_t,geo_cov_urb,mts_aggregate_1,2010,1208.416
cze,sex_t,geo_cov_urb,mts_aggregate_1,2011,1167.31
cze,sex_t,geo_cov_urb,mts_aggregate_1,2012,1212.398
cze,sex_t,geo_cov_urb,mts_aggregate_1,2013,1179.336
cze,sex_t,geo_cov_urb,mts_aggregate_1,2014,1237.666
cze,sex_t,geo_cov_urb,mts_aggregate_1,2015,1206.953
cze,sex_t,geo_cov_urb,mts_aggregate_1,2016,1183.895
cze,sex_t,geo_cov_urb,mts_aggregate_1,2017,1212.409
cze,sex_t,geo_cov_urb,mts_aggregate_1,2018,1202.913
cze,sex_t,geo_cov_urb,mts_aggregate_1,2019,1219.767
cze,sex_t,geo_cov_urb,mts_aggregate_1,2020,1253.996
cze,sex_t,geo_cov_urb,mts_aggregate_2,2002,1151.661
cze,sex_t,geo_cov_urb,mts_aggregate_2,2003,1129.983
cze,sex_t,geo_cov_urb,mts_aggregate_2,2004,1172.985
cze,sex_t,geo_cov_urb,mts_aggregate_2,2005,1174.593
cze,sex_t,geo_cov_urb,mts_aggregate_2,2006,954.915
cze,sex_t,geo_cov_urb,mts_aggregate_2,2007,976.694
cze,sex_t,geo_cov_urb,mts_aggregate_2,2008,978.874
cze,sex_t,geo_cov_urb,mts_aggregate_2,2009,990.446
cze,sex_t,geo_cov_urb,mts_aggregate_2,2010,983.85
cze,sex_t,geo_cov_urb,mts_aggregate_2,2011,993.796
cze,sex_t,geo_cov_urb,mts_aggregate_2,2012,1061.694
cze,sex_t,geo_cov_urb,mts_aggregate_2,2013,1024.423
cze,sex_t,geo_cov_urb,mts_aggregate_2,2014,1014.23
cze,sex_t,geo_cov_urb,mts_aggregate_2,2015,1029.082
cze,sex_t,geo_cov_urb,mts_aggregate_2,2016,1025.441
cze,sex_t,geo_cov_urb,mts_aggregate_2,2017,1026.126
cze,sex_t,geo_cov_urb,mts_aggregate_2,2018,1033.471
cze,sex_t,geo_cov_urb,mts_aggregate_2,2019,1028.274
cze,sex_t,geo_cov_urb,mts_aggregate_2,2020,1014.42
cze,sex_t,geo_cov_urb,mts_aggregate_total,2002,2487.23
cze,sex_t,geo_cov_urb,mts_aggregate_total,2003,2501.717
cze,sex_t,geo_cov_urb,mts_aggregate_total,2004,2547.459
cze,sex_t,geo_cov_urb,mts_aggregate_total,2005,2551.055
cze,sex_t,geo_cov_urb,mts_aggregate_total,2006,2101.686
cze,sex_t,geo_cov_urb,mts_aggregate_total,2007,2149.336
cze,sex_t,geo_cov_urb,mts_aggregate_total,2008,2196.049
cze,sex_t,geo_cov_urb,mts_aggregate_total,2009,2191.288
cze,sex_t,geo_cov_urb,mts_aggregate_total,2010,2192.266
cze,sex_t,geo_cov_urb,mts_aggregate_total,2011,2161.106
cze,sex_t,geo_cov_urb,mts_aggregate_total,2012,2274.092
cze,sex_t,geo_cov_urb,mts_aggregate_total,2013,2203.759
cze,sex_t,geo_cov_urb,mts_aggregate_total,2014,2251.896
cze,sex_t,geo_cov_urb,mts_aggregate_total,2015,2236.036
cze,sex_t,geo_cov_urb,mts_aggregate_total,2016,2209.337
cze,sex_t,geo_cov_urb,mts_aggregate_total,2017,2238.535
cze,sex_t,geo_cov_urb,mts_aggregate_total,2018,2236.384
cze,sex_t,geo_cov_urb,mts_aggregate_total,2019,2248.041
cze,sex_t,geo_cov_urb,mts_aggregate_total,2020,2268.416
deu,sex_f,geo_cov_nat,mts_aggregate_1,1992,9056.27
deu,sex_f,geo_cov_nat,mts_aggregate_1,1993,9130.591
deu,sex_f,geo_cov_nat,mts_aggregate_1,1994,9246.134
deu,sex_f,geo_cov_nat,mts_aggregate_1,1995,9195.14
deu,sex_f,geo_cov_nat,mts_aggregate_1,1996,9200.195
deu,sex_f,geo_cov_nat,mts_aggregate_1,1997,9164.902
deu,sex_f,geo_cov_nat,mts_aggregate_1,1998,9168.09
deu,sex_f,geo_cov_nat,mts_aggregate_1,1999,9221.185
deu,sex_f,geo_cov_nat,mts_aggregate_1,2000,9243.722
deu,sex_f,geo_cov_nat,mts_aggregate_1,2001,9164.808
deu,sex_f,geo_cov_nat,mts_aggregate_1,2002,9228.689
deu,sex_f,geo_cov_nat,mts_aggregate_1,2003,9228.751
deu,sex_f,geo_cov_nat,mts_aggregate_1,2004,9406.866
deu,sex_f,geo_cov_nat,mts_aggregate_1,2005,9051.505
deu,sex_f,geo_cov_nat,mts_aggregate_1,2006,9165.273
deu,sex_f,geo_cov_nat,mts_aggregate_1,2007,8934.273
deu,sex_f,geo_cov_nat,mts_aggregate_1,2008,8855.445
deu,sex_f,geo_cov_nat,mts_aggregate_1,2009,8871.891
deu,sex_f,geo_cov_nat,mts_aggregate_1,2010,8440.86
deu,sex_f,geo_cov_nat,mts_aggregate_1,2011,8797.945
deu,sex_f,geo_cov_nat,mts_aggregate_1,2012,8715.33
deu,sex_f,geo_cov_nat,mts_aggregate_1,2013,8653.919
deu,sex_f,geo_cov_nat,mts_aggregate_1,2014,8729.728
deu,sex_f,geo_cov_nat,mts_aggregate_1,2015,8779.861
deu,sex_f,geo_cov_nat,mts_aggregate_1,2016,8706.307
deu,sex_f,geo_cov_nat,mts_aggregate_1,2017,8753.06
deu,sex_f,geo_cov_nat,mts_aggregate_1,2018,8143.788
deu,sex_f,geo_cov_nat,mts_aggregate_1,2019,7949.947
deu,sex_f,geo_cov_nat,mts_aggregate_1,2020,7978.828
deu,sex_f,geo_cov_nat,mts_aggregate_2,1992,9773.874
deu,sex_f,geo_cov_nat,mts_aggregate_2,1993,9873.893
deu,sex_f,geo_cov_nat,mts_aggregate_2,1994,9802.828
deu,sex_f,geo_cov_nat,mts_aggregate_2,1995,9861.428
deu,sex_f,geo_cov_nat,mts_aggregate_2,1996,9872.146
deu,sex_f,geo_cov_nat,mts_aggregate_2,1997,9748.746
deu,sex_f,geo_cov_nat,mts_aggregate_2,1998,9766.815
deu,sex_f,geo_cov_nat,mts_aggregate_2,1999,9597.69
deu,sex_f,geo_cov_nat,mts_aggregate_2,2000,9634.307
deu,sex_f,geo_cov_nat,mts_aggregate_2,2001,9564.973
deu,sex_f,geo_cov_nat,mts_aggregate_2,2002,9524.647
deu,sex_f,geo_cov_nat,mts_aggregate_2,2003,9469.409
deu,sex_f,geo_cov_nat,mts_aggregate_2,2004,9490.358
deu,sex_f,geo_cov_nat,mts_aggregate_2,2005,9270.555
deu,sex_f,geo_cov_nat,mts_aggregate_2,2006,8831.135
deu,sex_f,geo_cov_nat,mts_aggregate_2,2007,8841.075
deu,sex_f,geo_cov_nat,mts_aggregate_2,2008,8912.508
deu,sex_f,geo_cov_nat,mts_aggregate_2,2009,8550.632
deu,sex_f,geo_cov_nat,mts_aggregate_2,2010,8413.95
deu,sex_f,geo_cov_nat,mts_aggregate_2,2011,8048.952
deu,sex_f,geo_cov_nat,mts_aggregate_2,2012,8207.678
deu,sex_f,geo_cov_nat,mts_aggregate_2,2013,8114.651
deu,sex_f,geo_cov_nat,mts_aggregate_2,2014,8009.841
deu,sex_f,geo_cov_nat,mts_aggregate_2,2015,8066.414
deu,sex_f,geo_cov_nat,mts_aggregate_2,2016,7930.063
deu,sex_f,geo_cov_nat,mts_aggregate_2,2017,7914.654
deu,sex_f,geo_cov_nat,mts_aggregate_2,2018,7875.972
deu,sex_f,geo_cov_nat,mts_aggregate_2,2019,7601.265
deu,sex_f,geo_cov_nat,mts_aggregate_2,2020,7596.533
deu,sex_f,geo_cov_nat,mts_aggregate_total,1992,18830.144
deu,sex_f,geo_cov_nat,mts_aggregate_total,1993,19004.483
deu,sex_f,geo_cov_nat,mts_aggregate_total,1994,19048.962
deu,sex_f,geo_cov_nat,mts_aggregate_total,1995,19056.568
deu,sex_f,geo_cov_nat,mts_aggregate_total,1996,19072.341
deu,sex_f,geo_cov_nat,mts_aggregate_total,1997,18913.648
deu,sex_f,geo_cov_nat,mts_aggregate_total,1998,18934.905
deu,sex_f,geo_cov_nat,mts_aggregate_total,1999,18818.875
deu,sex_f,geo_cov_nat,mts_aggregate_total,2000,18878.03
deu,sex_f,geo_cov_nat,mts_aggregate_total,2001,18729.781
deu,sex_f,geo_cov_nat,mts_aggregate_total,2002,18753.336
deu,sex_f,geo_cov_nat,mts_aggregate_total,2003,18698.16
deu,sex_f,geo_cov_nat,mts_aggregate_total,2004,18897.225
deu,sex_f,geo_cov_nat,mts_aggregate_total,2005,18322.06
deu,sex_f,geo_cov_nat,mts_aggregate_total,2006,17996.408
deu,sex_f,geo_cov_nat,mts_aggregate_total,2007,17775.347
deu,sex_f,geo_cov_nat,mts_aggregate_total,2008,17767.953
deu,sex_f,geo_cov_nat,mts_aggregate_total,2009,17422.523
deu,sex_f,geo_cov_nat,mts_aggregate_total,2010,16854.81
deu,sex_f,geo_cov_nat,mts_aggregate_total,2011,16846.896
deu,sex_f,geo_cov_nat,mts_aggregate_total,2012,16923.007
deu,sex_f,geo_cov_nat,mts_aggregate_total,2013,16768.57
deu,sex_f,geo_cov_nat,mts_aggregate_total,2014,16739.569
deu,sex_f,geo_cov_nat,mts_aggregate_total,2015,16846.276
deu,sex_f,geo_cov_nat,mts_aggregate_total,2016,16636.369
deu,sex_f,geo_cov_nat,mts_aggregate_total,2017,16667.714
deu,sex_f,geo_cov_nat,mts_aggregate_total,2018,16019.76
deu,sex_f,geo_cov_nat,mts_aggregate_total,2019,15551.212
deu,sex_f,geo_cov_nat,mts_aggregate_total,2020,15575.361
deu,sex_f,geo_cov_rur,mts_aggregate_1,1992,1498.553
deu,sex_f,geo_cov_rur,mts_aggregate_1,1993,1572.107
deu,sex_f,geo_cov_rur,mts_aggregate_1,1994,1562.134
deu,sex_f,geo_cov_rur,mts_aggregate_1,1995,1573.671
deu,sex_f,geo_cov_rur,mts_aggregate_1,1996,1539.003
deu,sex_f,geo_cov_rur,mts_aggregate_1,1997,1566.591
deu,sex_f,geo_cov_rur,mts_aggregate_1,1998,1595.445
deu,sex_f,geo_cov_rur,mts_aggregate_1,1999,1670.488
deu,sex_f,geo_cov_rur,mts_aggregate_1,2000,1589.733
deu,sex_f,geo_cov_rur,mts_aggregate_1,2001,1598.065
deu,sex_f,geo_cov_rur,mts_aggregate_1,2002,1641.747
deu,sex_f,geo_cov_rur,mts_aggregate_1,2003,1608.612
deu,sex_f,geo_cov_rur,mts_aggregate_1,2004,1661.611
deu,sex_f,geo_cov_rur,mts_aggregate_1,2005,1601.863
deu,sex_f,geo_cov_rur,mts_aggregate_1,2006,1471.152
deu,sex_f,geo_cov_rur,mts_aggregate_1,2007,1271.534
deu,sex_f,geo_cov_rur,mts_aggregate_1,2008,1075.471
deu,sex_f,geo_cov_rur,mts_aggregate_1,2009,1145.397
deu,sex_f,geo_cov_rur,mts_aggregate_1,2010,1255.015
deu,sex_f,geo_cov_rur,mts_aggregate_1,2011,1142.915
deu,sex_f,geo_cov_rur,mts_aggregate_1,2012,1776.537
deu,sex_f,geo_cov_rur,mts_aggregate_1,2013,1756.058
deu,sex_f,geo_cov_rur,mts_aggregate_1,2014,1759.427
deu,sex_f,geo_cov_rur,mts_aggregate_1,2015,1743.176
deu,sex_f,geo_cov_rur,mts_aggregate_1,2016,1765.596
deu,sex_f,geo_cov_rur,mts_aggregate_1,2017,1756.825
deu,sex_f,geo_cov_rur,mts_aggregate_1,2018,1681.114
deu,sex_f,geo_cov_rur,mts_aggregate_1,2019,1619.033
deu,sex_f,geo_cov_rur,mts_aggregate_1,2020,1464.792
deu,sex_f,geo_cov_rur,mts_aggregate_2,1992,1638.877
deu,sex_f,geo_cov_rur,mts_aggregate_2,1993,1673.471
deu,sex_f,geo_cov_rur,mts_aggregate_2,1994,1663.29
deu,sex_f,geo_cov_rur,mts_aggregate_2,1995,1698.293
deu,sex_f,geo_cov_rur,mts_aggregate_2,1996,1675.932
deu,sex_f,geo_cov_rur,mts_aggregate_2,1997,1664.195
deu,sex_f,geo_cov_rur,mts_aggregate_2,1998,1729.536
deu,sex_f,geo_cov_rur,mts_aggregate_2,1999,1698.08
deu,sex_f,geo_cov_rur,mts_aggregate_2,2000,1666.112
deu,sex_f,geo_cov_rur,mts_aggregate_2,2001,1691.596
deu,sex_f,geo_cov_rur,mts_aggregate_2,2002,1723.26
deu,sex_f,geo_cov_rur,mts_aggregate_2,2003,1689.953
deu,sex_f,geo_cov_rur,mts_aggregate_2,2004,1624.444
deu,sex_f,geo_cov_rur,mts_aggregate_2,2005,1629.196
deu,sex_f,geo_cov_rur,mts_aggregate_2,2006,1303.993
deu,sex_f,geo_cov_rur,mts_aggregate_2,2007,1291.494
deu,sex_f,geo_cov_rur,mts_aggregate_2,2008,1194.886
deu,sex_f,geo_cov_rur,mts_aggregate_2,2009,1128.128
deu,sex_f,geo_cov_rur,mts_aggregate_2,2010,1233.845
deu,sex_f,geo_cov_rur,mts_aggregate_2,2011,1160.339
deu,sex_f,geo_cov_rur,mts_aggregate_2,2012,1903.921
deu,sex_f,geo_cov_rur,mts_aggregate_2,2013,1875.314
deu,sex_f,geo_cov_rur,mts_aggregate_2,2014,1849.672
deu,sex_f,geo_cov_rur,mts_aggregate_2,2015,1834.668
deu,sex_f,geo_cov_rur,mts_aggregate_2,2016,1779.175
deu,sex_f,geo_cov_rur,mts_aggregate_2,2017,1766.281
deu,sex_f,geo_cov_rur,mts_aggregate_2,2018,1817.117
deu,sex_f,geo_cov_rur,mts_aggregate_2,2019,1733.705
deu,sex_f,geo_cov_rur,mts_aggregate_2,2020,1568.689
deu,sex_f,geo_cov_rur,mts_aggregate_total,1992,3137.43
deu,sex_f,geo_cov_rur,mts_aggregate_total,1993,3245.578
deu,sex_f,geo_cov_rur,mts_aggregate_total,1994,3225.424
deu,sex_f,geo_cov_rur,mts_aggregate_total,1995,3271.964
deu,sex_f,geo_cov_rur,mts_aggregate_total,1996,3214.935
deu,sex_f,geo_cov_rur,mts_aggregate_total,1997,3230.786
deu,sex_f,geo_cov_rur,mts_aggregate_total,1998,3324.981
deu,sex_f,geo_cov_rur,mts_aggregate_total,1999,3368.569
deu,sex_f,geo_cov_rur,mts_aggregate_total,2000,3255.845
deu,sex_f,geo_cov_rur,mts_aggregate_total,2001,3289.661
deu,sex_f,geo_cov_rur,mts_aggregate_total,2002,3365.007
deu,sex_f,geo_cov_rur,mts_aggregate_total,2003,3298.565
deu,sex_f,geo_cov_rur,mts_aggregate_total,2004,3286.056
deu,sex_f,geo_cov_rur,mts_aggregate_total,2005,3231.059
deu,sex_f,geo_cov_rur,mts_aggregate_total,2006,2775.144
deu,sex_f,geo_cov_rur,mts_aggregate_total,2007,2563.028
deu,sex_f,geo_cov_rur,mts_aggregate_total,2008,2270.356
deu,sex_f,geo_cov_rur,mts_aggregate_total,2009,2273.525
deu,sex_f,geo_cov_rur,mts_aggregate_total,2010,2488.86
deu,sex_f,geo_cov_rur,mts_aggregate_total,2011,2303.254
deu,sex_f,geo_cov_rur,mts_aggregate_total,2012,3680.458
deu,sex_f,geo_cov_rur,mts_aggregate_total,2013,3631.372
deu,sex_f,geo_cov_rur,mts_aggregate_total,2014,3609.099
deu,sex_f,geo_cov_rur,mts_aggregate_total,2015,3577.844
deu,sex_f,geo_cov_rur,mts_aggregate_total,2016,3544.771
deu,sex_f,geo_cov_rur,mts_aggregate_total,2017,3523.106
deu,sex_f,geo_cov_rur,mts_aggregate_total,2018,3498.231
deu,sex_f,geo_cov_rur,mts_aggregate_total,2019,3352.738
deu,sex_f,geo_cov_rur,mts_aggregate_total,2020,3033.481
deu,sex_f,geo_cov_urb,mts_aggregate_1,1992,7557.717
deu,sex_f,geo_cov_urb,mts_aggregate_1,1993,7558.484
deu,sex_f,geo_cov_urb,mts_aggregate_1,1994,7684
deu,sex_f,geo_cov_urb,mts_aggregate_1,1995,7621.469
deu,sex_f,geo_cov_urb,mts_aggregate_1,1996,7661.192
deu,sex_f,geo_cov_urb,mts_aggregate_1,1997,7598.311
deu,sex_f,geo_cov_urb,mts_aggregate_1,1998,7572.645
deu,sex_f,geo_cov_urb,mts_aggregate_1,1999,7550.696
deu,sex_f,geo_cov_urb,mts_aggregate_1,2000,7653.989
deu,sex_f,geo_cov_urb,mts_aggregate_1,2001,7566.743
deu,sex_f,geo_cov_urb,mts_aggregate_1,2002,7586.942
deu,sex_f,geo_cov_urb,mts_aggregate_1,2003,7620.139
deu,sex_f,geo_cov_urb,mts_aggregate_1,2004,7745.255
deu,sex_f,geo_cov_urb,mts_aggregate_1,2005,7449.643
deu,sex_f,geo_cov_urb,mts_aggregate_1,2006,7694.121
deu,sex_f,geo_cov_urb,mts_aggregate_1,2007,7662.739
deu,sex_f,geo_cov_urb,mts_aggregate_1,2008,7779.974
deu,sex_f,geo_cov_urb,mts_aggregate_1,2009,7726.493
deu,sex_f,geo_cov_urb,mts_aggregate_1,2010,7185.845
deu,sex_f,geo_cov_urb,mts_aggregate_1,2011,7655.03
deu,sex_f,geo_cov_urb,mts_aggregate_1,2012,6938.792
deu,sex_f,geo_cov_urb,mts_aggregate_1,2013,6897.861
deu,sex_f,geo_cov_urb,mts_aggregate_1,2014,6970.301
deu,sex_f,geo_cov_urb,mts_aggregate_1,2015,7036.685
deu,sex_f,geo_cov_urb,mts_aggregate_1,2016,6940.711
deu,sex_f,geo_cov_urb,mts_aggregate_1,2017,6996.235
deu,sex_f,geo_cov_urb,mts_aggregate_1,2018,6462.674
deu,sex_f,geo_cov_urb,mts_aggregate_1,2019,6330.914
deu,sex_f,geo_cov_urb,mts_aggregate_1,2020,6514.036
deu,sex_f,geo_cov_urb,mts_aggregate_2,1992,8134.997
deu,sex_f,geo_cov_urb,mts_aggregate_2,1993,8200.422
deu,sex_f,geo_cov_urb,mts_aggregate_2,1994,8139.538
deu,sex_f,geo_cov_urb,mts_aggregate_2,1995,8163.135
deu,sex_f,geo_cov_urb,mts_aggregate_2,1996,8196.214
deu,sex_f,geo_cov_urb,mts_aggregate_2,1997,8084.551
deu,sex_f,geo_cov_urb,mts_aggregate_2,1998,8037.279
deu,sex_f,geo_cov_urb,mts_aggregate_2,1999,7899.61
deu,sex_f,geo_cov_urb,mts_aggregate_2,2000,7968.195
deu,sex_f,geo_cov_urb,mts_aggregate_2,2001,7873.377
deu,sex_f,geo_cov_urb,mts_aggregate_2,2002,7801.387
deu,sex_f,geo_cov_urb,mts_aggregate_2,2003,7779.456
deu,sex_f,geo_cov_urb,mts_aggregate_2,2004,7865.914
deu,sex_f,geo_cov_urb,mts_aggregate_2,2005,7641.359
deu,sex_f,geo_cov_urb,mts_aggregate_2,2006,7527.142
deu,sex_f,geo_cov_urb,mts_aggregate_2,2007,7549.581
deu,sex_f,geo_cov_urb,mts_aggregate_2,2008,7717.622
deu,sex_f,geo_cov_urb,mts_aggregate_2,2009,7422.504
deu,sex_f,geo_cov_urb,mts_aggregate_2,2010,7180.105
deu,sex_f,geo_cov_urb,mts_aggregate_2,2011,6888.612
deu,sex_f,geo_cov_urb,mts_aggregate_2,2012,6303.757
deu,sex_f,geo_cov_urb,mts_aggregate_2,2013,6239.336
deu,sex_f,geo_cov_urb,mts_aggregate_2,2014,6160.169
deu,sex_f,geo_cov_urb,mts_aggregate_2,2015,6231.747
deu,sex_f,geo_cov_urb,mts_aggregate_2,2016,6150.887
deu,sex_f,geo_cov_urb,mts_aggregate_2,2017,6148.373
deu,sex_f,geo_cov_urb,mts_aggregate_2,2018,6058.855
deu,sex_f,geo_cov_urb,mts_aggregate_2,2019,5867.559
deu,sex_f,geo_cov_urb,mts_aggregate_2,2020,6027.844
deu,sex_f,geo_cov_urb,mts_aggregate_total,1992,15692.714
deu,sex_f,geo_cov_urb,mts_aggregate_total,1993,15758.906
deu,sex_f,geo_cov_urb,mts_aggregate_total,1994,15823.538
deu,sex_f,geo_cov_urb,mts_aggregate_total,1995,15784.604
deu,sex_f,geo_cov_urb,mts_aggregate_total,1996,15857.406
deu,sex_f,geo_cov_urb,mts_aggregate_total,1997,15682.862
deu,sex_f,geo_cov_urb,mts_aggregate_total,1998,15609.924
deu,sex_f,geo_cov_urb,mts_aggregate_total,1999,15450.307
deu,sex_f,geo_cov_urb,mts_aggregate_total,2000,15622.184
deu,sex_f,geo_cov_urb,mts_aggregate_total,2001,15440.12
deu,sex_f,geo_cov_urb,mts_aggregate_total,2002,15388.329
deu,sex_f,geo_cov_urb,mts_aggregate_total,2003,15399.595
deu,sex_f,geo_cov_urb,mts_aggregate_total,2004,15611.169
deu,sex_f,geo_cov_urb,mts_aggregate_total,2005,15091.002
deu,sex_f,geo_cov_urb,mts_aggregate_total,2006,15221.264
deu,sex_f,geo_cov_urb,mts_aggregate_total,2007,15212.319
deu,sex_f,geo_cov_urb,mts_aggregate_total,2008,15497.596
deu,sex_f,geo_cov_urb,mts_aggregate_total,2009,15148.998
deu,sex_f,geo_cov_urb,mts_aggregate_total,2010,14365.95
deu,sex_f,geo_cov_urb,mts_aggregate_total,2011,14543.642
deu,sex_f,geo_cov_urb,mts_aggregate_total,2012,13242.55
deu,sex_f,geo_cov_urb,mts_aggregate_total,2013,13137.197
deu,sex_f,geo_cov_urb,mts_aggregate_total,2014,13130.471
deu,sex_f,geo_cov_urb,mts_aggregate_total,2015,13268.432
deu,sex_f,geo_cov_urb,mts_aggregate_total,2016,13091.598
deu,sex_f,geo_cov_urb,mts_aggregate_total,2017,13144.608
deu,sex_f,geo_cov_urb,mts_aggregate_total,2018,12521.529
deu,sex_f,geo_cov_urb,mts_aggregate_total,2019,12198.474
deu,sex_f,geo_cov_urb,mts_aggregate_total,2020,12541.88
deu,sex_m,geo_cov_nat,mts_aggregate_1,1992,4130.858
deu,sex_m,geo_cov_nat,mts_aggregate_1,1993,4292.069
deu,sex_m,geo_cov_nat,mts_aggregate_1,1994,4358.613
deu,sex_m,geo_cov_nat,mts_aggregate_1,1995,4444.246
deu,sex_m,geo_cov_nat,mts_aggregate_1,1996,4474.036
deu,sex_m,geo_cov_nat,mts_aggregate_1,1997,4466.644
deu,sex_m,geo_cov_nat,mts_aggregate_1,1998,4450.798
deu,sex_m,geo_cov_nat,mts_aggregate_1,1999,4474.133
deu,sex_m,geo_cov_nat,mts_aggregate_1,2000,4609.394
deu,sex_m,geo_cov_nat,mts_aggregate_1,2001,4657.938
deu,sex_m,geo_cov_nat,mts_aggregate_1,2002,4754.768
deu,sex_m,geo_cov_nat,mts_aggregate_1,2003,4821.643
deu,sex_m,geo_cov_nat,mts_aggregate_1,2004,5130.008
deu,sex_m,geo_cov_nat,mts_aggregate_1,2005,5048.265
deu,sex_m,geo_cov_nat,mts_aggregate_1,2006,5094.373
deu,sex_m,geo_cov_nat,mts_aggregate_1,2007,5088.192
deu,sex_m,geo_cov_nat,mts_aggregate_1,2008,4986.305
deu,sex_m,geo_cov_nat,mts_aggregate_1,2009,5112.72
deu,sex_m,geo_cov_nat,mts_aggregate_1,2010,4608.532
deu,sex_m,geo_cov_nat,mts_aggregate_1,2011,5115.189
deu,sex_m,geo_cov_nat,mts_aggregate_1,2012,5093.801
deu,sex_m,geo_cov_nat,mts_aggregate_1,2013,5165.049
deu,sex_m,geo_cov_nat,mts_aggregate_1,2014,5325.799
deu,sex_m,geo_cov_nat,mts_aggregate_1,2015,5449.657
deu,sex_m,geo_cov_nat,mts_aggregate_1,2016,5495.271
deu,sex_m,geo_cov_nat,mts_aggregate_1,2017,5700.313
deu,sex_m,geo_cov_nat,mts_aggregate_1,2018,5220.906
deu,sex_m,geo_cov_nat,mts_aggregate_1,2019,5051.58
deu,sex_m,geo_cov_nat,mts_aggregate_1,2020,5017.459
deu,sex_m,geo_cov_nat,mts_aggregate_2,1992,5631.821
deu,sex_m,geo_cov_nat,mts_aggregate_2,1993,5824.22
deu,sex_m,geo_cov_nat,mts_aggregate_2,1994,5996.83
deu,sex_m,geo_cov_nat,mts_aggregate_2,1995,6173.444
deu,sex_m,geo_cov_nat,mts_aggregate_2,1996,6330.589
deu,sex_m,geo_cov_nat,mts_aggregate_2,1997,6459.319
deu,sex_m,geo_cov_nat,mts_aggregate_2,1998,6617.717
deu,sex_m,geo_cov_nat,mts_aggregate_2,1999,6739.947
deu,sex_m,geo_cov_nat,mts_aggregate_2,2000,6880.167
deu,sex_m,geo_cov_nat,mts_aggregate_2,2001,7010.039
deu,sex_m,geo_cov_nat,mts_aggregate_2,2002,7120.594
deu,sex_m,geo_cov_nat,mts_aggregate_2,2003,7217.807
deu,sex_m,geo_cov_nat,mts_aggregate_2,2004,7272.178
deu,sex_m,geo_cov_nat,mts_aggregate_2,2005,6883.348
deu,sex_m,geo_cov_nat,mts_aggregate_2,2006,6723.913
deu,sex_m,geo_cov_nat,mts_aggregate_2,2007,6866.663
deu,sex_m,geo_cov_nat,mts_aggregate_2,2008,6818.741
deu,sex_m,geo_cov_nat,mts_aggregate_2,2009,6788.608
deu,sex_m,geo_cov_nat,mts_aggregate_2,2010,6681
deu,sex_m,geo_cov_nat,mts_aggregate_2,2011,6578.377
deu,sex_m,geo_cov_nat,mts_aggregate_2,2012,6570.452
deu,sex_m,geo_cov_nat,mts_aggregate_2,2013,6549.489
deu,sex_m,geo_cov_nat,mts_aggregate_2,2014,6523.04
deu,sex_m,geo_cov_nat,mts_aggregate_2,2015,6607.983
deu,sex_m,geo_cov_nat,mts_aggregate_2,2016,6537.444
deu,sex_m,geo_cov_nat,mts_aggregate_2,2017,6571.85
deu,sex_m,geo_cov_nat,mts_aggregate_2,2018,6473.506
deu,sex_m,geo_cov_nat,mts_aggregate_2,2019,6264.224
deu,sex_m,geo_cov_nat,mts_aggregate_2,2020,6609.861
deu,sex_m,geo_cov_nat,mts_aggregate_total,1992,9762.679
deu,sex_m,geo_cov_nat,mts_aggregate_total,1993,10116.289
deu,sex_m,geo_cov_nat,mts_aggregate_total,1994,10355.443
deu,sex_m,geo_cov_nat,mts_aggregate_total,1995,10617.69
deu,sex_m,geo_cov_nat,mts_aggregate_total,1996,10804.626
deu,sex_m,geo_cov_nat,mts_aggregate_total,1997,10925.962
deu,sex_m,geo_cov_nat,mts_aggregate_total,1998,11068.515
deu,sex_m,geo_cov_nat,mts_aggregate_total,1999,11214.08
deu,sex_m,geo_cov_nat,mts_aggregate_total,2000,11489.561
deu,sex_m,geo_cov_nat,mts_aggregate_total,2001,11667.977
deu,sex_m,geo_cov_nat,mts_aggregate_total,2002,11875.362
deu,sex_m,geo_cov_nat,mts_aggregate_total,2003,12039.45
deu,sex_m,geo_cov_nat,mts_aggregate_total,2004,12402.186
deu,sex_m,geo_cov_nat,mts_aggregate_total,2005,11931.612
deu,sex_m,geo_cov_nat,mts_aggregate_total,2006,11818.286
deu,sex_m,geo_cov_nat,mts_aggregate_total,2007,11954.854
deu,sex_m,geo_cov_nat,mts_aggregate_total,2008,11805.046
deu,sex_m,geo_cov_nat,mts_aggregate_total,2009,11901.328
deu,sex_m,geo_cov_nat,mts_aggregate_total,2010,11289.532
deu,sex_m,geo_cov_nat,mts_aggregate_total,2011,11693.565
deu,sex_m,geo_cov_nat,mts_aggregate_total,2012,11664.252
deu,sex_m,geo_cov_nat,mts_aggregate_total,2013,11714.538
deu,sex_m,geo_cov_nat,mts_aggregate_total,2014,11848.839
deu,sex_m,geo_cov_nat,mts_aggregate_total,2015,12057.64
deu,sex_m,geo_cov_nat,mts_aggregate_total,2016,12032.714
deu,sex_m,geo_cov_nat,mts_aggregate_total,2017,12272.163
deu,sex_m,geo_cov_nat,mts_aggregate_total,2018,11694.412
deu,sex_m,geo_cov_nat,mts_aggregate_total,2019,11315.804
deu,sex_m,geo_cov_nat,mts_aggregate_total,2020,11627.32
deu,sex_m,geo_cov_rur,mts_aggregate_1,1992,652.111
deu,sex_m,geo_cov_rur,mts_aggregate_1,1993,679.341
deu,sex_m,geo_cov_rur,mts_aggregate_1,1994,687.804
deu,sex_m,geo_cov_rur,mts_aggregate_1,1995,713.327
deu,sex_m,geo_cov_rur,mts_aggregate_1,1996,742.347
deu,sex_m,geo_cov_rur,mts_aggregate_1,1997,739.587
deu,sex_m,geo_cov_rur,mts_aggregate_1,1998,756.274
deu,sex_m,geo_cov_rur,mts_aggregate_1,1999,783.698
deu,sex_m,geo_cov_rur,mts_aggregate_1,2000,818.248
deu,sex_m,geo_cov_rur,mts_aggregate_1,2001,831.713
deu,sex_m,geo_cov_rur,mts_aggregate_1,2002,842.258
deu,sex_m,geo_cov_rur,mts_aggregate_1,2003,870.886
deu,sex_m,geo_cov_rur,mts_aggregate_1,2004,909.731
deu,sex_m,geo_cov_rur,mts_aggregate_1,2005,879.413
deu,sex_m,geo_cov_rur,mts_aggregate_1,2006,812.474
deu,sex_m,geo_cov_rur,mts_aggregate_1,2007,748.598
deu,sex_m,geo_cov_rur,mts_aggregate_1,2008,633.332
deu,sex_m,geo_cov_rur,mts_aggregate_1,2009,589.826
deu,sex_m,geo_cov_rur,mts_aggregate_1,2010,634.871
deu,sex_m,geo_cov_rur,mts_aggregate_1,2011,669.215
deu,sex_m,geo_cov_rur,mts_aggregate_1,2012,1028.355
deu,sex_m,geo_cov_rur,mts_aggregate_1,2013,1026.374
deu,sex_m,geo_cov_rur,mts_aggregate_1,2014,1070.074
deu,sex_m,geo_cov_rur,mts_aggregate_1,2015,1073.903
deu,sex_m,geo_cov_rur,mts_aggregate_1,2016,1065.934
deu,sex_m,geo_cov_rur,mts_aggregate_1,2017,1120.807
deu,sex_m,geo_cov_rur,mts_aggregate_1,2018,1003.961
deu,sex_m,geo_cov_rur,mts_aggregate_1,2019,982.59
deu,sex_m,geo_cov_rur,mts_aggregate_1,2020,908.457
deu,sex_m,geo_cov_rur,mts_aggregate_2,1992,1042.317
deu,sex_m,geo_cov_rur,mts_aggregate_2,1993,1095.332
deu,sex_m,geo_cov_rur,mts_aggregate_2,1994,1151.459
deu,sex_m,geo_cov_rur,mts_aggregate_2,1995,1172.561
deu,sex_m,geo_cov_rur,mts_aggregate_2,1996,1170.635
deu,sex_m,geo_cov_rur,mts_aggregate_2,1997,1173.995
deu,sex_m,geo_cov_rur,mts_aggregate_2,1998,1244.033
deu,sex_m,geo_cov_rur,mts_aggregate_2,1999,1260.319
deu,sex_m,geo_cov_rur,mts_aggregate_2,2000,1249.961
deu,sex_m,geo_cov_rur,mts_aggregate_2,2001,1330.716
deu,sex_m,geo_cov_rur,mts_aggregate_2,2002,1372.845
deu,sex_m,geo_cov_rur,mts_aggregate_2,2003,1360.888
deu,sex_m,geo_cov_rur,mts_aggregate_2,2004,1329.602
deu,sex_m,geo_cov_rur,mts_aggregate_2,2005,1276.389
deu,sex_m,geo_cov_rur,mts_aggregate_2,2006,1056.506
deu,sex_m,geo_cov_rur,mts_aggregate_2,2007,1036.852
deu,sex_m,geo_cov_rur,mts_aggregate_2,2008,978.716
deu,sex_m,geo_cov_rur,mts_aggregate_2,2009,942.576
deu,sex_m,geo_cov_rur,mts_aggregate_2,2010,1058.133
deu,sex_m,geo_cov_rur,mts_aggregate_2,2011,1067.666
deu,sex_m,geo_cov_rur,mts_aggregate_2,2012,1553.947
deu,sex_m,geo_cov_rur,mts_aggregate_2,2013,1552.988
deu,sex_m,geo_cov_rur,mts_aggregate_2,2014,1560.379
deu,sex_m,geo_cov_rur,mts_aggregate_2,2015,1557.591
deu,sex_m,geo_cov_rur,mts_aggregate_2,2016,1552.553
deu,sex_m,geo_cov_rur,mts_aggregate_2,2017,1568.29
deu,sex_m,geo_cov_rur,mts_aggregate_2,2018,1597.881
deu,sex_m,geo_cov_rur,mts_aggregate_2,2019,1518.384
deu,sex_m,geo_cov_rur,mts_aggregate_2,2020,1459.141
deu,sex_m,geo_cov_rur,mts_aggregate_total,1992,1694.428
deu,sex_m,geo_cov_rur,mts_aggregate_total,1993,1774.673
deu,sex_m,geo_cov_rur,mts_aggregate_total,1994,1839.263
deu,sex_m,geo_cov_rur,mts_aggregate_total,1995,1885.888
deu,sex_m,geo_cov_rur,mts_aggregate_total,1996,1912.981
deu,sex_m,geo_cov_rur,mts_aggregate_total,1997,1913.582
deu,sex_m,geo_cov_rur,mts_aggregate_total,1998,2000.307
deu,sex_m,geo_cov_rur,mts_aggregate_total,1999,2044.017
deu,sex_m,geo_cov_rur,mts_aggregate_total,2000,2068.209
deu,sex_m,geo_cov_rur,mts_aggregate_total,2001,2162.428
deu,sex_m,geo_cov_rur,mts_aggregate_total,2002,2215.103
deu,sex_m,geo_cov_rur,mts_aggregate_total,2003,2231.774
deu,sex_m,geo_cov_rur,mts_aggregate_total,2004,2239.333
deu,sex_m,geo_cov_rur,mts_aggregate_total,2005,2155.802
deu,sex_m,geo_cov_rur,mts_aggregate_total,2006,1868.98
deu,sex_m,geo_cov_rur,mts_aggregate_total,2007,1785.45
deu,sex_m,geo_cov_rur,mts_aggregate_total,2008,1612.048
deu,sex_m,geo_cov_rur,mts_aggregate_total,2009,1532.402
deu,sex_m,geo_cov_rur,mts_aggregate_total,2010,1693.004
deu,sex_m,geo_cov_rur,mts_aggregate_total,2011,1736.881
deu,sex_m,geo_cov_rur,mts_aggregate_total,2012,2582.301
deu,sex_m,geo_cov_rur,mts_aggregate_total,2013,2579.362
deu,sex_m,geo_cov_rur,mts_aggregate_total,2014,2630.453
deu,sex_m,geo_cov_rur,mts_aggregate_total,2015,2631.494
deu,sex_m,geo_cov_rur,mts_aggregate_total,2016,2618.488
deu,sex_m,geo_cov_rur,mts_aggregate_total,2017,2689.098
deu,sex_m,geo_cov_rur,mts_aggregate_total,2018,2601.842
deu,sex_m,geo_cov_rur,mts_aggregate_total,2019,2500.973
deu,sex_m,geo_cov_rur,mts_aggregate_total,2020,2367.599
deu,sex_m,geo_cov_urb,mts_aggregate_1,1992,3478.747
deu,sex_m,geo_cov_urb,mts_aggregate_1,1993,3612.728
deu,sex_m,geo_cov_urb,mts_aggregate_1,1994,3670.809
deu,sex_m,geo_cov_urb,mts_aggregate_1,1995,3730.919
deu,sex_m,geo_cov_urb,mts_aggregate_1,1996,3731.69
deu,sex_m,geo_cov_urb,mts_aggregate_1,1997,3727.056
deu,sex_m,geo_cov_urb,mts_aggregate_1,1998,3694.524
deu,sex_m,geo_cov_urb,mts_aggregate_1,1999,3690.435
deu,sex_m,geo_cov_urb,mts_aggregate_1,2000,3791.146
deu,sex_m,geo_cov_urb,mts_aggregate_1,2001,3826.226
deu,sex_m,geo_cov_urb,mts_aggregate_1,2002,3912.51
deu,sex_m,geo_cov_urb,mts_aggregate_1,2003,3950.757
deu,sex_m,geo_cov_urb,mts_aggregate_1,2004,4220.277
deu,sex_m,geo_cov_urb,mts_aggregate_1,2005,4168.852
deu,sex_m,geo_cov_urb,mts_aggregate_1,2006,4281.899
deu,sex_m,geo_cov_urb,mts_aggregate_1,2007,4339.594
deu,sex_m,geo_cov_urb,mts_aggregate_1,2008,4352.974
deu,sex_m,geo_cov_urb,mts_aggregate_1,2009,4522.894
deu,sex_m,geo_cov_urb,mts_aggregate_1,2010,3973.661
deu,sex_m,geo_cov_urb,mts_aggregate_1,2011,4445.974
deu,sex_m,geo_cov_urb,mts_aggregate_1,2012,4065.446
deu,sex_m,geo_cov_urb,mts_aggregate_1,2013,4138.675
deu,sex_m,geo_cov_urb,mts_aggregate_1,2014,4255.725
deu,sex_m,geo_cov_urb,mts_aggregate_1,2015,4375.755
deu,sex_m,geo_cov_urb,mts_aggregate_1,2016,4429.336
deu,sex_m,geo_cov_urb,mts_aggregate_1,2017,4579.506
deu,sex_m,geo_cov_urb,mts_aggregate_1,2018,4216.945
deu,sex_m,geo_cov_urb,mts_aggregate_1,2019,4068.99
deu,sex_m,geo_cov_urb,mts_aggregate_1,2020,4109.002
deu,sex_m,geo_cov_urb,mts_aggregate_2,1992,4589.504
deu,sex_m,geo_cov_urb,mts_aggregate_2,1993,4728.888
deu,sex_m,geo_cov_urb,mts_aggregate_2,1994,4845.371
deu,sex_m,geo_cov_urb,mts_aggregate_2,1995,5000.883
deu,sex_m,geo_cov_urb,mts_aggregate_2,1996,5159.955
deu,sex_m,geo_cov_urb,mts_aggregate_2,1997,5285.323
deu,sex_m,geo_cov_urb,mts_aggregate_2,1998,5373.684
deu,sex_m,geo_cov_urb,mts_aggregate_2,1999,5479.628
deu,sex_m,geo_cov_urb,mts_aggregate_2,2000,5630.206
deu,sex_m,geo_cov_urb,mts_aggregate_2,2001,5679.323
deu,sex_m,geo_cov_urb,mts_aggregate_2,2002,5747.749
deu,sex_m,geo_cov_urb,mts_aggregate_2,2003,5856.919
deu,sex_m,geo_cov_urb,mts_aggregate_2,2004,5942.576
deu,sex_m,geo_cov_urb,mts_aggregate_2,2005,5606.959
deu,sex_m,geo_cov_urb,mts_aggregate_2,2006,5667.407
deu,sex_m,geo_cov_urb,mts_aggregate_2,2007,5829.81
deu,sex_m,geo_cov_urb,mts_aggregate_2,2008,5840.025
deu,sex_m,geo_cov_urb,mts_aggregate_2,2009,5846.032
deu,sex_m,geo_cov_urb,mts_aggregate_2,2010,5622.867
deu,sex_m,geo_cov_urb,mts_aggregate_2,2011,5510.711
deu,sex_m,geo_cov_urb,mts_aggregate_2,2012,5016.505
deu,sex_m,geo_cov_urb,mts_aggregate_2,2013,4996.501
deu,sex_m,geo_cov_urb,mts_aggregate_2,2014,4962.661
deu,sex_m,geo_cov_urb,mts_aggregate_2,2015,5050.391
deu,sex_m,geo_cov_urb,mts_aggregate_2,2016,4984.89
deu,sex_m,geo_cov_urb,mts_aggregate_2,2017,5003.559
deu,sex_m,geo_cov_urb,mts_aggregate_2,2018,4875.626
deu,sex_m,geo_cov_urb,mts_aggregate_2,2019,4745.84
deu,sex_m,geo_cov_urb,mts_aggregate_2,2020,5150.72
deu,sex_m,geo_cov_urb,mts_aggregate_total,1992,8068.251
deu,sex_m,geo_cov_urb,mts_aggregate_total,1993,8341.616
deu,sex_m,geo_cov_urb,mts_aggregate_total,1994,8516.18
deu,sex_m,geo_cov_urb,mts_aggregate_total,1995,8731.802
deu,sex_m,geo_cov_urb,mts_aggregate_total,1996,8891.644
deu,sex_m,geo_cov_urb,mts_aggregate_total,1997,9012.38
deu,sex_m,geo_cov_urb,mts_aggregate_total,1998,9068.208
deu,sex_m,geo_cov_urb,mts_aggregate_total,1999,9170.063
deu,sex_m,geo_cov_urb,mts_aggregate_total,2000,9421.352
deu,sex_m,geo_cov_urb,mts_aggregate_total,2001,9505.549
deu,sex_m,geo_cov_urb,mts_aggregate_total,2002,9660.259
deu,sex_m,geo_cov_urb,mts_aggregate_total,2003,9807.676
deu,sex_m,geo_cov_urb,mts_aggregate_total,2004,10162.853
deu,sex_m,geo_cov_urb,mts_aggregate_total,2005,9775.811
deu,sex_m,geo_cov_urb,mts_aggregate_total,2006,9949.306
deu,sex_m,geo_cov_urb,mts_aggregate_total,2007,10169.404
deu,sex_m,geo_cov_urb,mts_aggregate_total,2008,10192.998
deu,sex_m,geo_cov_urb,mts_aggregate_total,2009,10368.926
deu,sex_m,geo_cov_urb,mts_aggregate_total,2010,9596.528
deu,sex_m,geo_cov_urb,mts_aggregate_total,2011,9956.685
deu,sex_m,geo_cov_urb,mts_aggregate_total,2012,9081.951
deu,sex_m,geo_cov_urb,mts_aggregate_total,2013,9135.177
deu,sex_m,geo_cov_urb,mts_aggregate_total,2014,9218.386
deu,sex_m,geo_cov_urb,mts_aggregate_total,2015,9426.146
deu,sex_m,geo_cov_urb,mts_aggregate_total,2016,9414.226
deu,sex_m,geo_cov_urb,mts_aggregate_total,2017,9583.065
deu,sex_m,geo_cov_urb,mts_aggregate_total,2018,9092.57
deu,sex_m,geo_cov_urb,mts_aggregate_total,2019,8814.83
deu,sex_m,geo_cov_urb,mts_aggregate_total,2020,9259.721
deu,sex_t,geo_cov_nat,mts_aggregate_1,1992,13187.128
deu,sex_t,geo_cov_nat,mts_aggregate_1,1993,13422.659
deu,sex_t,geo_cov_nat,mts_aggregate_1,1994,13604.747
deu,sex_t,geo_cov_nat,mts_aggregate_1,1995,13639.386
deu,sex_t,geo_cov_nat,mts_aggregate_1,1996,13674.231
deu,sex_t,geo_cov_nat,mts_aggregate_1,1997,13631.546
deu,sex_t,geo_cov_nat,mts_aggregate_1,1998,13618.888
deu,sex_t,geo_cov_nat,mts_aggregate_1,1999,13695.318
deu,sex_t,geo_cov_nat,mts_aggregate_1,2000,13853.116
deu,sex_t,geo_cov_nat,mts_aggregate_1,2001,13822.746
deu,sex_t,geo_cov_nat,mts_aggregate_1,2002,13983.457
deu,sex_t,geo_cov_nat,mts_aggregate_1,2003,14050.394
deu,sex_t,geo_cov_nat,mts_aggregate_1,2004,14536.875
deu,sex_t,geo_cov_nat,mts_aggregate_1,2005,14099.77
deu,sex_t,geo_cov_nat,mts_aggregate_1,2006,14259.646
deu,sex_t,geo_cov_nat,mts_aggregate_1,2007,14022.465
deu,sex_t,geo_cov_nat,mts_aggregate_1,2008,13841.75
deu,sex_t,geo_cov_nat,mts_aggregate_1,2009,13984.61
deu,sex_t,geo_cov_nat,mts_aggregate_1,2010,13049.392
deu,sex_t,geo_cov_nat,mts_aggregate_1,2011,13913.133
deu,sex_t,geo_cov_nat,mts_aggregate_1,2012,13809.13
deu,sex_t,geo_cov_nat,mts_aggregate_1,2013,13818.968
deu,sex_t,geo_cov_nat,mts_aggregate_1,2014,14055.527
deu,sex_t,geo_cov_nat,mts_aggregate_1,2015,14229.519
deu,sex_t,geo_cov_nat,mts_aggregate_1,2016,14201.577
deu,sex_t,geo_cov_nat,mts_aggregate_1,2017,14453.373
deu,sex_t,geo_cov_nat,mts_aggregate_1,2018,13364.694
deu,sex_t,geo_cov_nat,mts_aggregate_1,2019,13001.527
deu,sex_t,geo_cov_nat,mts_aggregate_1,2020,12996.287
deu,sex_t,geo_cov_nat,mts_aggregate_2,1992,15405.695
deu,sex_t,geo_cov_nat,mts_aggregate_2,1993,15698.113
deu,sex_t,geo_cov_nat,mts_aggregate_2,1994,15799.657
deu,sex_t,geo_cov_nat,mts_aggregate_2,1995,16034.871
deu,sex_t,geo_cov_nat,mts_aggregate_2,1996,16202.735
deu,sex_t,geo_cov_nat,mts_aggregate_2,1997,16208.064
deu,sex_t,geo_cov_nat,mts_aggregate_2,1998,16384.532
deu,sex_t,geo_cov_nat,mts_aggregate_2,1999,16337.637
deu,sex_t,geo_cov_nat,mts_aggregate_2,2000,16514.474
deu,sex_t,geo_cov_nat,mts_aggregate_2,2001,16575.012
deu,sex_t,geo_cov_nat,mts_aggregate_2,2002,16645.241
deu,sex_t,geo_cov_nat,mts_aggregate_2,2003,16687.215
deu,sex_t,geo_cov_nat,mts_aggregate_2,2004,16762.536
deu,sex_t,geo_cov_nat,mts_aggregate_2,2005,16153.903
deu,sex_t,geo_cov_nat,mts_aggregate_2,2006,15555.048
deu,sex_t,geo_cov_nat,mts_aggregate_2,2007,15707.737
deu,sex_t,geo_cov_nat,mts_aggregate_2,2008,15731.249
deu,sex_t,geo_cov_nat,mts_aggregate_2,2009,15339.241
deu,sex_t,geo_cov_nat,mts_aggregate_2,2010,15094.95
deu,sex_t,geo_cov_nat,mts_aggregate_2,2011,14627.328
deu,sex_t,geo_cov_nat,mts_aggregate_2,2012,14778.129
deu,sex_t,geo_cov_nat,mts_aggregate_2,2013,14664.14
deu,sex_t,geo_cov_nat,mts_aggregate_2,2014,14532.881
deu,sex_t,geo_cov_nat,mts_aggregate_2,2015,14674.397
deu,sex_t,geo_cov_nat,mts_aggregate_2,2016,14467.506
deu,sex_t,geo_cov_nat,mts_aggregate_2,2017,14486.504
deu,sex_t,geo_cov_nat,mts_aggregate_2,2018,14349.478
deu,sex_t,geo_cov_nat,mts_aggregate_2,2019,13865.489
deu,sex_t,geo_cov_nat,mts_aggregate_2,2020,14206.394
deu,sex_t,geo_cov_nat,mts_aggregate_total,1992,28592.823
deu,sex_t,geo_cov_nat,mts_aggregate_total,1993,29120.772
deu,sex_t,geo_cov_nat,mts_aggregate_total,1994,29404.404
deu,sex_t,geo_cov_nat,mts_aggregate_total,1995,29674.258
deu,sex_t,geo_cov_nat,mts_aggregate_total,1996,29876.967
deu,sex_t,geo_cov_nat,mts_aggregate_total,1997,29839.61
deu,sex_t,geo_cov_nat,mts_aggregate_total,1998,30003.42
deu,sex_t,geo_cov_nat,mts_aggregate_total,1999,30032.955
deu,sex_t,geo_cov_nat,mts_aggregate_total,2000,30367.591
deu,sex_t,geo_cov_nat,mts_aggregate_total,2001,30397.758
deu,sex_t,geo_cov_nat,mts_aggregate_total,2002,30628.698
deu,sex_t,geo_cov_nat,mts_aggregate_total,2003,30737.609
deu,sex_t,geo_cov_nat,mts_aggregate_total,2004,31299.411
deu,sex_t,geo_cov_nat,mts_aggregate_total,2005,30253.673
deu,sex_t,geo_cov_nat,mts_aggregate_total,2006,29814.694
deu,sex_t,geo_cov_nat,mts_aggregate_total,2007,29730.202
deu,sex_t,geo_cov_nat,mts_aggregate_total,2008,29572.998
deu,sex_t,geo_cov_nat,mts_aggregate_total,2009,29323.851
deu,sex_t,geo_cov_nat,mts_aggregate_total,2010,28144.342
deu,sex_t,geo_cov_nat,mts_aggregate_total,2011,28540.461
deu,sex_t,geo_cov_nat,mts_aggregate_total,2012,28587.26
deu,sex_t,geo_cov_nat,mts_aggregate_total,2013,28483.108
deu,sex_t,geo_cov_nat,mts_aggregate_total,2014,28588.408
deu,sex_t,geo_cov_nat,mts_aggregate_total,2015,28903.916
deu,sex_t,geo_cov_nat,mts_aggregate_total,2016,28669.083
deu,sex_t,geo_cov_nat,mts_aggregate_total,2017,28939.877
deu,sex_t,geo_cov_nat,mts_aggregate_total,2018,27714.172
deu,sex_t,geo_cov_nat,mts_aggregate_total,2019,26867.015
deu,sex_t,geo_cov_nat,mts_aggregate_total,2020,27202.68
deu,sex_t,geo_cov_rur,mts_aggregate_1,1992,2150.663
deu,sex_t,geo_cov_rur,mts_aggregate_1,1993,2251.447
deu,sex_t,geo_cov_rur,mts_aggregate_1,1994,2249.939
deu,sex_t,geo_cov_rur,mts_aggregate_1,1995,2286.998
deu,sex_t,geo_cov_rur,mts_aggregate_1,1996,2281.35
deu,sex_t,geo_cov_rur,mts_aggregate_1,1997,2306.178
deu,sex_t,geo_cov_rur,mts_aggregate_1,1998,2351.718
deu,sex_t,geo_cov_rur,mts_aggregate_1,1999,2454.187
deu,sex_t,geo_cov_rur,mts_aggregate_1,2000,2407.982
deu,sex_t,geo_cov_rur,mts_aggregate_1,2001,2429.778
deu,sex_t,geo_cov_rur,mts_aggregate_1,2002,2484.005
deu,sex_t,geo_cov_rur,mts_aggregate_1,2003,2479.498
deu,sex_t,geo_cov_rur,mts_aggregate_1,2004,2571.342
deu,sex_t,geo_cov_rur,mts_aggregate_1,2005,2481.275
deu,sex_t,geo_cov_rur,mts_aggregate_1,2006,2283.626
deu,sex_t,geo_cov_rur,mts_aggregate_1,2007,2020.132
deu,sex_t,geo_cov_rur,mts_aggregate_1,2008,1708.802
deu,sex_t,geo_cov_rur,mts_aggregate_1,2009,1735.223
deu,sex_t,geo_cov_rur,mts_aggregate_1,2010,1889.886
deu,sex_t,geo_cov_rur,mts_aggregate_1,2011,1812.129
deu,sex_t,geo_cov_rur,mts_aggregate_1,2012,2804.892
deu,sex_t,geo_cov_rur,mts_aggregate_1,2013,2782.432
deu,sex_t,geo_cov_rur,mts_aggregate_1,2014,2829.501
deu,sex_t,geo_cov_rur,mts_aggregate_1,2015,2817.079
deu,sex_t,geo_cov_rur,mts_aggregate_1,2016,2831.53
deu,sex_t,geo_cov_rur,mts_aggregate_1,2017,2877.632
deu,sex_t,geo_cov_rur,mts_aggregate_1,2018,2685.076
deu,sex_t,geo_cov_rur,mts_aggregate_1,2019,2601.622
deu,sex_t,geo_cov_rur,mts_aggregate_1,2020,2373.25
deu,sex_t,geo_cov_rur,mts_aggregate_2,1992,2681.195
deu,sex_t,geo_cov_rur,mts_aggregate_2,1993,2768.803
deu,sex_t,geo_cov_rur,mts_aggregate_2,1994,2814.749
deu,sex_t,geo_cov_rur,mts_aggregate_2,1995,2870.854
deu,sex_t,geo_cov_rur,mts_aggregate_2,1996,2846.566
deu,sex_t,geo_cov_rur,mts_aggregate_2,1997,2838.19
deu,sex_t,geo_cov_rur,mts_aggregate_2,1998,2973.57
deu,sex_t,geo_cov_rur,mts_aggregate_2,1999,2958.399
deu,sex_t,geo_cov_rur,mts_aggregate_2,2000,2916.073
deu,sex_t,geo_cov_rur,mts_aggregate_2,2001,3022.311
deu,sex_t,geo_cov_rur,mts_aggregate_2,2002,3096.105
deu,sex_t,geo_cov_rur,mts_aggregate_2,2003,3050.841
deu,sex_t,geo_cov_rur,mts_aggregate_2,2004,2954.046
deu,sex_t,geo_cov_rur,mts_aggregate_2,2005,2905.585
deu,sex_t,geo_cov_rur,mts_aggregate_2,2006,2360.499
deu,sex_t,geo_cov_rur,mts_aggregate_2,2007,2328.347
deu,sex_t,geo_cov_rur,mts_aggregate_2,2008,2173.602
deu,sex_t,geo_cov_rur,mts_aggregate_2,2009,2070.704
deu,sex_t,geo_cov_rur,mts_aggregate_2,2010,2291.978
deu,sex_t,geo_cov_rur,mts_aggregate_2,2011,2228.005
deu,sex_t,geo_cov_rur,mts_aggregate_2,2012,3457.867
deu,sex_t,geo_cov_rur,mts_aggregate_2,2013,3428.302
deu,sex_t,geo_cov_rur,mts_aggregate_2,2014,3410.051
deu,sex_t,geo_cov_rur,mts_aggregate_2,2015,3392.259
deu,sex_t,geo_cov_rur,mts_aggregate_2,2016,3331.729
deu,sex_t,geo_cov_rur,mts_aggregate_2,2017,3334.572
deu,sex_t,geo_cov_rur,mts_aggregate_2,2018,3414.998
deu,sex_t,geo_cov_rur,mts_aggregate_2,2019,3252.089
deu,sex_t,geo_cov_rur,mts_aggregate_2,2020,3027.83
deu,sex_t,geo_cov_rur,mts_aggregate_total,1992,4831.858
deu,sex_t,geo_cov_rur,mts_aggregate_total,1993,5020.25
deu,sex_t,geo_cov_rur,mts_aggregate_total,1994,5064.687
deu,sex_t,geo_cov_rur,mts_aggregate_total,1995,5157.852
deu,sex_t,geo_cov_rur,mts_aggregate_total,1996,5127.916
deu,sex_t,geo_cov_rur,mts_aggregate_total,1997,5144.368
deu,sex_t,geo_cov_rur,mts_aggregate_total,1998,5325.288
deu,sex_t,geo_cov_rur,mts_aggregate_total,1999,5412.586
deu,sex_t,geo_cov_rur,mts_aggregate_total,2000,5324.055
deu,sex_t,geo_cov_rur,mts_aggregate_total,2001,5452.089
deu,sex_t,geo_cov_rur,mts_aggregate_total,2002,5580.11
deu,sex_t,geo_cov_rur,mts_aggregate_total,2003,5530.339
deu,sex_t,geo_cov_rur,mts_aggregate_total,2004,5525.388
deu,sex_t,geo_cov_rur,mts_aggregate_total,2005,5386.86
deu,sex_t,geo_cov_rur,mts_aggregate_total,2006,4644.125
deu,sex_t,geo_cov_rur,mts_aggregate_total,2007,4348.479
deu,sex_t,geo_cov_rur,mts_aggregate_total,2008,3882.404
deu,sex_t,geo_cov_rur,mts_aggregate_total,2009,3805.927
deu,sex_t,geo_cov_rur,mts_aggregate_total,2010,4181.864
deu,sex_t,geo_cov_rur,mts_aggregate_total,2011,4040.134
deu,sex_t,geo_cov_rur,mts_aggregate_total,2012,6262.759
deu,sex_t,geo_cov_rur,mts_aggregate_total,2013,6210.734
deu,sex_t,geo_cov_rur,mts_aggregate_total,2014,6239.551
deu,sex_t,geo_cov_rur,mts_aggregate_total,2015,6209.338
deu,sex_t,geo_cov_rur,mts_aggregate_total,2016,6163.259
deu,sex_t,geo_cov_rur,mts_aggregate_total,2017,6212.204
deu,sex_t,geo_cov_rur,mts_aggregate_total,2018,6100.073
deu,sex_t,geo_cov_rur,mts_aggregate_total,2019,5853.711
deu,sex_t,geo_cov_rur,mts_aggregate_total,2020,5401.08
deu,sex_t,geo_cov_urb,mts_aggregate_1,1992,11036.464
deu,sex_t,geo_cov_urb,mts_aggregate_1,1993,11171.212
deu,sex_t,geo_cov_urb,mts_aggregate_1,1994,11354.809
deu,sex_t,geo_cov_urb,mts_aggregate_1,1995,11352.388
deu,sex_t,geo_cov_urb,mts_aggregate_1,1996,11392.882
deu,sex_t,geo_cov_urb,mts_aggregate_1,1997,11325.368
deu,sex_t,geo_cov_urb,mts_aggregate_1,1998,11267.169
deu,sex_t,geo_cov_urb,mts_aggregate_1,1999,11241.131
deu,sex_t,geo_cov_urb,mts_aggregate_1,2000,11445.135
deu,sex_t,geo_cov_urb,mts_aggregate_1,2001,11392.968
deu,sex_t,geo_cov_urb,mts_aggregate_1,2002,11499.452
deu,sex_t,geo_cov_urb,mts_aggregate_1,2003,11570.896
deu,sex_t,geo_cov_urb,mts_aggregate_1,2004,11965.532
deu,sex_t,geo_cov_urb,mts_aggregate_1,2005,11618.494
deu,sex_t,geo_cov_urb,mts_aggregate_1,2006,11976.02
deu,sex_t,geo_cov_urb,mts_aggregate_1,2007,12002.333
deu,sex_t,geo_cov_urb,mts_aggregate_1,2008,12132.948
deu,sex_t,geo_cov_urb,mts_aggregate_1,2009,12249.387
deu,sex_t,geo_cov_urb,mts_aggregate_1,2010,11159.506
deu,sex_t,geo_cov_urb,mts_aggregate_1,2011,12101.004
deu,sex_t,geo_cov_urb,mts_aggregate_1,2012,11004.239
deu,sex_t,geo_cov_urb,mts_aggregate_1,2013,11036.536
deu,sex_t,geo_cov_urb,mts_aggregate_1,2014,11226.026
deu,sex_t,geo_cov_urb,mts_aggregate_1,2015,11412.44
deu,sex_t,geo_cov_urb,mts_aggregate_1,2016,11370.047
deu,sex_t,geo_cov_urb,mts_aggregate_1,2017,11575.741
deu,sex_t,geo_cov_urb,mts_aggregate_1,2018,10679.619
deu,sex_t,geo_cov_urb,mts_aggregate_1,2019,10399.904
deu,sex_t,geo_cov_urb,mts_aggregate_1,2020,10623.037
deu,sex_t,geo_cov_urb,mts_aggregate_2,1992,12724.501
deu,sex_t,geo_cov_urb,mts_aggregate_2,1993,12929.31
deu,sex_t,geo_cov_urb,mts_aggregate_2,1994,12984.909
deu,sex_t,geo_cov_urb,mts_aggregate_2,1995,13164.018
deu,sex_t,geo_cov_urb,mts_aggregate_2,1996,13356.169
deu,sex_t,geo_cov_urb,mts_aggregate_2,1997,13369.874
deu,sex_t,geo_cov_urb,mts_aggregate_2,1998,13410.963
deu,sex_t,geo_cov_urb,mts_aggregate_2,1999,13379.238
deu,sex_t,geo_cov_urb,mts_aggregate_2,2000,13598.401
deu,sex_t,geo_cov_urb,mts_aggregate_2,2001,13552.7
deu,sex_t,geo_cov_urb,mts_aggregate_2,2002,13549.136
deu,sex_t,geo_cov_urb,mts_aggregate_2,2003,13636.375
deu,sex_t,geo_cov_urb,mts_aggregate_2,2004,13808.49
deu,sex_t,geo_cov_urb,mts_aggregate_2,2005,13248.318
deu,sex_t,geo_cov_urb,mts_aggregate_2,2006,13194.549
deu,sex_t,geo_cov_urb,mts_aggregate_2,2007,13379.391
deu,sex_t,geo_cov_urb,mts_aggregate_2,2008,13557.647
deu,sex_t,geo_cov_urb,mts_aggregate_2,2009,13268.537
deu,sex_t,geo_cov_urb,mts_aggregate_2,2010,12802.972
deu,sex_t,geo_cov_urb,mts_aggregate_2,2011,12399.323
deu,sex_t,geo_cov_urb,mts_aggregate_2,2012,11320.262
deu,sex_t,geo_cov_urb,mts_aggregate_2,2013,11235.838
deu,sex_t,geo_cov_urb,mts_aggregate_2,2014,11122.83
deu,sex_t,geo_cov_urb,mts_aggregate_2,2015,11282.138
deu,sex_t,geo_cov_urb,mts_aggregate_2,2016,11135.777
deu,sex_t,geo_cov_urb,mts_aggregate_2,2017,11151.932
deu,sex_t,geo_cov_urb,mts_aggregate_2,2018,10934.48
deu,sex_t,geo_cov_urb,mts_aggregate_2,2019,10613.4
deu,sex_t,geo_cov_urb,mts_aggregate_2,2020,11178.564
deu,sex_t,geo_cov_urb,mts_aggregate_total,1992,23760.965
deu,sex_t,geo_cov_urb,mts_aggregate_total,1993,24100.522
deu,sex_t,geo_cov_urb,mts_aggregate_total,1994,24339.717
deu,sex_t,geo_cov_urb,mts_aggregate_total,1995,24516.406
deu,sex_t,geo_cov_urb,mts_aggregate_total,1996,24749.051
deu,sex_t,geo_cov_urb,mts_aggregate_total,1997,24695.242
deu,sex_t,geo_cov_urb,mts_aggregate_total,1998,24678.132
deu,sex_t,geo_cov_urb,mts_aggregate_total,1999,24620.37
deu,sex_t,geo_cov_urb,mts_aggregate_total,2000,25043.536
deu,sex_t,geo_cov_urb,mts_aggregate_total,2001,24945.669
deu,sex_t,geo_cov_urb,mts_aggregate_total,2002,25048.588
deu,sex_t,geo_cov_urb,mts_aggregate_total,2003,25207.271
deu,sex_t,geo_cov_urb,mts_aggregate_total,2004,25774.022
deu,sex_t,geo_cov_urb,mts_aggregate_total,2005,24866.813
deu,sex_t,geo_cov_urb,mts_aggregate_total,2006,25170.569
deu,sex_t,geo_cov_urb,mts_aggregate_total,2007,25381.723
deu,sex_t,geo_cov_urb,mts_aggregate_total,2008,25690.594
deu,sex_t,geo_cov_urb,mts_aggregate_total,2009,25517.924
deu,sex_t,geo_cov_urb,mts_aggregate_total,2010,23962.478
deu,sex_t,geo_cov_urb,mts_aggregate_total,2011,24500.327
deu,sex_t,geo_cov_urb,mts_aggregate_total,2012,22324.501
deu,sex_t,geo_cov_urb,mts_aggregate_total,2013,22272.374
deu,sex_t,geo_cov_urb,mts_aggregate_total,2014,22348.857
deu,sex_t,geo_cov_urb,mts_aggregate_total,2015,22694.578
deu,sex_t,geo_cov_urb,mts_aggregate_total,2016,22505.824
deu,sex_t,geo_cov_urb,mts_aggregate_total,2017,22727.674
deu,sex_t,geo_cov_urb,mts_aggregate_total,2018,21614.099
deu,sex_t,geo_cov_urb,mts_aggregate_total,2019,21013.304
deu,sex_t,geo_cov_urb,mts_aggregate_total,2020,21801.601
dji,sex_f,geo_cov_nat,mts_aggregate_1,2017,74.663
dji,sex_f,geo_cov_nat,mts_aggregate_2,2017,70.217
dji,sex_f,geo_cov_nat,mts_aggregate_total,2017,145.129
dji,sex_f,geo_cov_nat,mts_aggregate_x,2017,0.249
dji,sex_f,geo_cov_nat,mts_details_mrd,2017,70.217
dji,sex_f,geo_cov_nat,mts_details_sep,2017,3.777
dji,sex_f,geo_cov_nat,mts_details_sgle,2017,57.426
dji,sex_f,geo_cov_nat,mts_details_total,2017,145.129
dji,sex_f,geo_cov_nat,mts_details_wid,2017,13.461
dji,sex_f,geo_cov_nat,mts_details_x,2017,0.249
dji,sex_f,geo_cov_rur,mts_aggregate_1,2017,7.477
dji,sex_f,geo_cov_rur,mts_aggregate_2,2017,14.504
dji,sex_f,geo_cov_rur,mts_aggregate_total,2017,22.091
dji,sex_f,geo_cov_rur,mts_aggregate_x,2017,0.11
dji,sex_f,geo_cov_rur,mts_details_mrd,2017,14.504
dji,sex_f,geo_cov_rur,mts_details_sep,2017,0.458
dji,sex_f,geo_cov_rur,mts_details_sgle,2017,4.755
dji,sex_f,geo_cov_rur,mts_details_total,2017,22.091
dji,sex_f,geo_cov_rur,mts_details_wid,2017,2.264
dji,sex_f,geo_cov_rur,mts_details_x,2017,0.11
dji,sex_f,geo_cov_urb,mts_aggregate_1,2017,67.186
dji,sex_f,geo_cov_urb,mts_aggregate_2,2017,55.713
dji,sex_f,geo_cov_urb,mts_aggregate_total,2017,123.038
dji,sex_f,geo_cov_urb,mts_aggregate_x,2017,0.139
dji,sex_f,geo_cov_urb,mts_details_mrd,2017,55.713
dji,sex_f,geo_cov_urb,mts_details_sep,2017,3.319
dji,sex_f,geo_cov_urb,mts_details_sgle,2017,52.671
dji,sex_f,geo_cov_urb,mts_details_total,2017,123.038
dji,sex_f,geo_cov_urb,mts_details_wid,2017,11.196
dji,sex_f,geo_cov_urb,mts_details_x,2017,0.139
dji,sex_m,geo_cov_nat,mts_aggregate_1,2017,61.54
dji,sex_m,geo_cov_nat,mts_aggregate_2,2017,28.111
dji,sex_m,geo_cov_nat,mts_aggregate_total,2017,89.711
dji,sex_m,geo_cov_nat,mts_aggregate_x,2017,0.06
dji,sex_m,geo_cov_nat,mts_details_mrd,2017,28.111
dji,sex_m,geo_cov_nat,mts_details_sep,2017,1.202
dji,sex_m,geo_cov_nat,mts_details_sgle,2017,58.457
dji,sex_m,geo_cov_nat,mts_details_total,2017,89.711
dji,sex_m,geo_cov_nat,mts_details_wid,2017,1.881
dji,sex_m,geo_cov_nat,mts_details_x,2017,0.06
dji,sex_m,geo_cov_rur,mts_aggregate_1,2017,5.528
dji,sex_m,geo_cov_rur,mts_aggregate_2,2017,8.114
dji,sex_m,geo_cov_rur,mts_aggregate_total,2017,13.691
dji,sex_m,geo_cov_rur,mts_aggregate_x,2017,0.049
dji,sex_m,geo_cov_rur,mts_details_mrd,2017,8.114
dji,sex_m,geo_cov_rur,mts_details_sep,2017,0.21
dji,sex_m,geo_cov_rur,mts_details_sgle,2017,4.725
dji,sex_m,geo_cov_rur,mts_details_total,2017,13.691
dji,sex_m,geo_cov_rur,mts_details_wid,2017,0.594
dji,sex_m,geo_cov_rur,mts_details_x,2017,0.049
dji,sex_m,geo_cov_urb,mts_aggregate_1,2017,56.012
dji,sex_m,geo_cov_urb,mts_aggregate_2,2017,19.997
dji,sex_m,geo_cov_urb,mts_aggregate_total,2017,76.02
dji,sex_m,geo_cov_urb,mts_aggregate_x,2017,0.011
dji,sex_m,geo_cov_urb,mts_details_mrd,2017,19.997
dji,sex_m,geo_cov_urb,mts_details_sep,2017,0.992
dji,sex_m,geo_cov_urb,mts_details_sgle,2017,53.732
dji,sex_m,geo_cov_urb,mts_details_total,2017,76.02
dji,sex_m,geo_cov_urb,mts_details_wid,2017,1.288
dji,sex_m,geo_cov_urb,mts_details_x,2017,0.011
dji,sex_t,geo_cov_nat,mts_aggregate_1,2017,136.204
dji,sex_t,geo_cov_nat,mts_aggregate_2,2017,98.327
dji,sex_t,geo_cov_nat,mts_aggregate_total,2017,234.84
dji,sex_t,geo_cov_nat,mts_aggregate_x,2017,0.309
dji,sex_t,geo_cov_nat,mts_details_mrd,2017,98.327
dji,sex_t,geo_cov_nat,mts_details_sep,2017,4.979
dji,sex_t,geo_cov_nat,mts_details_sgle,2017,115.883
dji,sex_t,geo_cov_nat,mts_details_total,2017,234.84
dji,sex_t,geo_cov_nat,mts_details_wid,2017,15.342
dji,sex_t,geo_cov_nat,mts_details_x,2017,0.309
dji,sex_t,geo_cov_rur,mts_aggregate_1,2017,13.006
dji,sex_t,geo_cov_rur,mts_aggregate_2,2017,22.618
dji,sex_t,geo_cov_rur,mts_aggregate_total,2017,35.782
dji,sex_t,geo_cov_rur,mts_aggregate_x,2017,0.159
dji,sex_t,geo_cov_rur,mts_details_mrd,2017,22.618
dji,sex_t,geo_cov_rur,mts_details_sep,2017,0.668
dji,sex_t,geo_cov_rur,mts_details_sgle,2017,9.48
dji,sex_t,geo_cov_rur,mts_details_total,2017,35.782
dji,sex_t,geo_cov_rur,mts_details_wid,2017,2.858
dji,sex_t,geo_cov_rur,mts_details_x,2017,0.159
dji,sex_t,geo_cov_urb,mts_aggregate_1,2017,123.198
dji,sex_t,geo_cov_urb,mts_aggregate_2,2017,75.709
dji,sex_t,geo_cov_urb,mts_aggregate_total,2017,199.057
dji,sex_t,geo_cov_urb,mts_aggregate_x,2017,0.15
dji,sex_t,geo_cov_urb,mts_details_mrd,2017,75.709
dji,sex_t,geo_cov_urb,mts_details_sep,2017,4.311
dji,sex_t,geo_cov_urb,mts_details_sgle,2017,106.403
dji,sex_t,geo_cov_urb,mts_details_total,2017,199.057
dji,sex_t,geo_cov_urb,mts_details_wid,2017,12.484
dji,sex_t,geo_cov_urb,mts_details_x,2017,0.15
dnk,sex_f,geo_cov_nat,mts_aggregate_1,1992,500.239
dnk,sex_f,geo_cov_nat,mts_aggregate_1,1993,508.428
dnk,sex_f,geo_cov_nat,mts_aggregate_1,1994,546.788
dnk,sex_f,geo_cov_nat,mts_aggregate_1,1995,524.189
dnk,sex_f,geo_cov_nat,mts_aggregate_1,1996,516.839
dnk,sex_f,geo_cov_nat,mts_aggregate_1,1997,513.109
dnk,sex_f,geo_cov_nat,mts_aggregate_1,1998,530.56
dnk,sex_f,geo_cov_nat,mts_aggregate_1,1999,496.191
dnk,sex_f,geo_cov_nat,mts_aggregate_1,2000,501.804
dnk,sex_f,geo_cov_nat,mts_aggregate_1,2001,517.311
dnk,sex_f,geo_cov_nat,mts_aggregate_1,2002,505.819
dnk,sex_f,geo_cov_nat,mts_aggregate_1,2003,498.076
dnk,sex_f,geo_cov_nat,mts_aggregate_1,2004,500.389
dnk,sex_f,geo_cov_nat,mts_aggregate_1,2005,502.682
dnk,sex_f,geo_cov_nat,mts_aggregate_1,2006,490.471
dnk,sex_f,geo_cov_nat,mts_aggregate_1,2007,488.636
dnk,sex_f,geo_cov_nat,mts_aggregate_1,2008,485.251
dnk,sex_f,geo_cov_nat,mts_aggregate_1,2009,484.611
dnk,sex_f,geo_cov_nat,mts_aggregate_1,2010,513.978
dnk,sex_f,geo_cov_nat,mts_aggregate_1,2011,543.012
dnk,sex_f,geo_cov_nat,mts_aggregate_1,2012,559.875
dnk,sex_f,geo_cov_nat,mts_aggregate_1,2013,572.661
dnk,sex_f,geo_cov_nat,mts_aggregate_1,2014,570.139
dnk,sex_f,geo_cov_nat,mts_aggregate_1,2015,577.751
dnk,sex_f,geo_cov_nat,mts_aggregate_1,2016,568.487
dnk,sex_f,geo_cov_nat,mts_aggregate_1,2017,583.34
dnk,sex_f,geo_cov_nat,mts_aggregate_1,2018,581.372
dnk,sex_f,geo_cov_nat,mts_aggregate_1,2019,583.268
dnk,sex_f,geo_cov_nat,mts_aggregate_1,2020,594.859
dnk,sex_f,geo_cov_nat,mts_aggregate_2,1992,339.232
dnk,sex_f,geo_cov_nat,mts_aggregate_2,1993,342.373
dnk,sex_f,geo_cov_nat,mts_aggregate_2,1994,386.125
dnk,sex_f,geo_cov_nat,mts_aggregate_2,1995,416.291
dnk,sex_f,geo_cov_nat,mts_aggregate_2,1996,405.752
dnk,sex_f,geo_cov_nat,mts_aggregate_2,1997,407.679
dnk,sex_f,geo_cov_nat,mts_aggregate_2,1998,382.978
dnk,sex_f,geo_cov_nat,mts_aggregate_2,1999,402.877
dnk,sex_f,geo_cov_nat,mts_aggregate_2,2000,393.447
dnk,sex_f,geo_cov_nat,mts_aggregate_2,2001,390.693
dnk,sex_f,geo_cov_nat,mts_aggregate_2,2002,388.674
dnk,sex_f,geo_cov_nat,mts_aggregate_2,2003,408.987
dnk,sex_f,geo_cov_nat,mts_aggregate_2,2004,395.364
dnk,sex_f,geo_cov_nat,mts_aggregate_2,2005,396.208
dnk,sex_f,geo_cov_nat,mts_aggregate_2,2006,399.774
dnk,sex_f,geo_cov_nat,mts_aggregate_2,2007,399.231
dnk,sex_f,geo_cov_nat,mts_aggregate_2,2008,427.428
dnk,sex_f,geo_cov_nat,mts_aggregate_2,2009,440.525
dnk,sex_f,geo_cov_nat,mts_aggregate_2,2010,436.204
dnk,sex_f,geo_cov_nat,mts_aggregate_2,2011,419.055
dnk,sex_f,geo_cov_nat,mts_aggregate_2,2012,418.198
dnk,sex_f,geo_cov_nat,mts_aggregate_2,2013,424.599
dnk,sex_f,geo_cov_nat,mts_aggregate_2,2014,448.146
dnk,sex_f,geo_cov_nat,mts_aggregate_2,2015,455.095
dnk,sex_f,geo_cov_nat,mts_aggregate_2,2016,453.713
dnk,sex_f,geo_cov_nat,mts_aggregate_2,2017,445.031
dnk,sex_f,geo_cov_nat,mts_aggregate_2,2018,454.629
dnk,sex_f,geo_cov_nat,mts_aggregate_2,2019,448.263
dnk,sex_f,geo_cov_nat,mts_aggregate_2,2020,446.553
dnk,sex_f,geo_cov_nat,mts_aggregate_total,1992,839.471
dnk,sex_f,geo_cov_nat,mts_aggregate_total,1993,850.801
dnk,sex_f,geo_cov_nat,mts_aggregate_total,1994,932.914
dnk,sex_f,geo_cov_nat,mts_aggregate_total,1995,940.48
dnk,sex_f,geo_cov_nat,mts_aggregate_total,1996,923.403
dnk,sex_f,geo_cov_nat,mts_aggregate_total,1997,921.403
dnk,sex_f,geo_cov_nat,mts_aggregate_total,1998,913.538
dnk,sex_f,geo_cov_nat,mts_aggregate_total,1999,899.068
dnk,sex_f,geo_cov_nat,mts_aggregate_total,2000,895.25
dnk,sex_f,geo_cov_nat,mts_aggregate_total,2001,908.004
dnk,sex_f,geo_cov_nat,mts_aggregate_total,2002,894.494
dnk,sex_f,geo_cov_nat,mts_aggregate_total,2003,907.063
dnk,sex_f,geo_cov_nat,mts_aggregate_total,2004,895.753
dnk,sex_f,geo_cov_nat,mts_aggregate_total,2005,898.891
dnk,sex_f,geo_cov_nat,mts_aggregate_total,2006,890.245
dnk,sex_f,geo_cov_nat,mts_aggregate_total,2007,887.868
dnk,sex_f,geo_cov_nat,mts_aggregate_total,2008,912.679
dnk,sex_f,geo_cov_nat,mts_aggregate_total,2009,925.136
dnk,sex_f,geo_cov_nat,mts_aggregate_total,2010,950.182
dnk,sex_f,geo_cov_nat,mts_aggregate_total,2011,962.067
dnk,sex_f,geo_cov_nat,mts_aggregate_total,2012,978.073
dnk,sex_f,geo_cov_nat,mts_aggregate_total,2013,997.259
dnk,sex_f,geo_cov_nat,mts_aggregate_total,2014,1018.285
dnk,sex_f,geo_cov_nat,mts_aggregate_total,2015,1032.846
dnk,sex_f,geo_cov_nat,mts_aggregate_total,2016,1022.2
dnk,sex_f,geo_cov_nat,mts_aggregate_total,2017,1028.37
dnk,sex_f,geo_cov_nat,mts_aggregate_total,2018,1036.001
dnk,sex_f,geo_cov_nat,mts_aggregate_total,2019,1031.531
dnk,sex_f,geo_cov_nat,mts_aggregate_total,2020,1041.412
dnk,sex_f,geo_cov_rur,mts_aggregate_1,1992,178.341
dnk,sex_f,geo_cov_rur,mts_aggregate_1,1993,187.978
dnk,sex_f,geo_cov_rur,mts_aggregate_1,1994,199.995
dnk,sex_f,geo_cov_rur,mts_aggregate_1,1995,198.851
dnk,sex_f,geo_cov_rur,mts_aggregate_1,1996,199.561
dnk,sex_f,geo_cov_rur,mts_aggregate_1,1997,194.968
dnk,sex_f,geo_cov_rur,mts_aggregate_1,1998,198.008
dnk,sex_f,geo_cov_rur,mts_aggregate_1,1999,181.739
dnk,sex_f,geo_cov_rur,mts_aggregate_1,2000,182.152
dnk,sex_f,geo_cov_rur,mts_aggregate_1,2001,204.814
dnk,sex_f,geo_cov_rur,mts_aggregate_1,2002,187.51
dnk,sex_f,geo_cov_rur,mts_aggregate_1,2003,173.174
dnk,sex_f,geo_cov_rur,mts_aggregate_1,2004,189.533
dnk,sex_f,geo_cov_rur,mts_aggregate_1,2005,179.906
dnk,sex_f,geo_cov_rur,mts_aggregate_1,2006,174.52
dnk,sex_f,geo_cov_rur,mts_aggregate_1,2007,165.008
dnk,sex_f,geo_cov_rur,mts_aggregate_1,2008,159.896
dnk,sex_f,geo_cov_rur,mts_aggregate_1,2009,149.428
dnk,sex_f,geo_cov_rur,mts_aggregate_1,2010,170.527
dnk,sex_f,geo_cov_rur,mts_aggregate_1,2011,186.927
dnk,sex_f,geo_cov_rur,mts_aggregate_1,2012,251.197
dnk,sex_f,geo_cov_rur,mts_aggregate_1,2013,253.27
dnk,sex_f,geo_cov_rur,mts_aggregate_1,2014,251.833
dnk,sex_f,geo_cov_rur,mts_aggregate_1,2015,254.611
dnk,sex_f,geo_cov_rur,mts_aggregate_1,2016,227.818
dnk,sex_f,geo_cov_rur,mts_aggregate_1,2017,229.945
dnk,sex_f,geo_cov_rur,mts_aggregate_1,2018,230.569
dnk,sex_f,geo_cov_rur,mts_aggregate_1,2019,229.967
dnk,sex_f,geo_cov_rur,mts_aggregate_1,2020,235.845
dnk,sex_f,geo_cov_rur,mts_aggregate_2,1992,145.716
dnk,sex_f,geo_cov_rur,mts_aggregate_2,1993,148.295
dnk,sex_f,geo_cov_rur,mts_aggregate_2,1994,172.852
dnk,sex_f,geo_cov_rur,mts_aggregate_2,1995,189.709
dnk,sex_f,geo_cov_rur,mts_aggregate_2,1996,182.53
dnk,sex_f,geo_cov_rur,mts_aggregate_2,1997,173.127
dnk,sex_f,geo_cov_rur,mts_aggregate_2,1998,169.081
dnk,sex_f,geo_cov_rur,mts_aggregate_2,1999,189.547
dnk,sex_f,geo_cov_rur,mts_aggregate_2,2000,188.932
dnk,sex_f,geo_cov_rur,mts_aggregate_2,2001,169.788
dnk,sex_f,geo_cov_rur,mts_aggregate_2,2002,176.027
dnk,sex_f,geo_cov_rur,mts_aggregate_2,2003,180.559
dnk,sex_f,geo_cov_rur,mts_aggregate_2,2004,183.201
dnk,sex_f,geo_cov_rur,mts_aggregate_2,2005,164.19
dnk,sex_f,geo_cov_rur,mts_aggregate_2,2006,174.059
dnk,sex_f,geo_cov_rur,mts_aggregate_2,2007,153.399
dnk,sex_f,geo_cov_rur,mts_aggregate_2,2008,160.572
dnk,sex_f,geo_cov_rur,mts_aggregate_2,2009,166.742
dnk,sex_f,geo_cov_rur,mts_aggregate_2,2010,164.847
dnk,sex_f,geo_cov_rur,mts_aggregate_2,2011,162.553
dnk,sex_f,geo_cov_rur,mts_aggregate_2,2012,207.076
dnk,sex_f,geo_cov_rur,mts_aggregate_2,2013,217.084
dnk,sex_f,geo_cov_rur,mts_aggregate_2,2014,226.686
dnk,sex_f,geo_cov_rur,mts_aggregate_2,2015,235.699
dnk,sex_f,geo_cov_rur,mts_aggregate_2,2016,214.34
dnk,sex_f,geo_cov_rur,mts_aggregate_2,2017,198.63
dnk,sex_f,geo_cov_rur,mts_aggregate_2,2018,200.487
dnk,sex_f,geo_cov_rur,mts_aggregate_2,2019,196.346
dnk,sex_f,geo_cov_rur,mts_aggregate_2,2020,194.194
dnk,sex_f,geo_cov_rur,mts_aggregate_total,1992,324.057
dnk,sex_f,geo_cov_rur,mts_aggregate_total,1993,336.273
dnk,sex_f,geo_cov_rur,mts_aggregate_total,1994,372.847
dnk,sex_f,geo_cov_rur,mts_aggregate_total,1995,388.559
dnk,sex_f,geo_cov_rur,mts_aggregate_total,1996,382.091
dnk,sex_f,geo_cov_rur,mts_aggregate_total,1997,368.094
dnk,sex_f,geo_cov_rur,mts_aggregate_total,1998,367.089
dnk,sex_f,geo_cov_rur,mts_aggregate_total,1999,371.286
dnk,sex_f,geo_cov_rur,mts_aggregate_total,2000,371.084
dnk,sex_f,geo_cov_rur,mts_aggregate_total,2001,374.602
dnk,sex_f,geo_cov_rur,mts_aggregate_total,2002,363.537
dnk,sex_f,geo_cov_rur,mts_aggregate_total,2003,353.733
dnk,sex_f,geo_cov_rur,mts_aggregate_total,2004,372.734
dnk,sex_f,geo_cov_rur,mts_aggregate_total,2005,344.096
dnk,sex_f,geo_cov_rur,mts_aggregate_total,2006,348.579
dnk,sex_f,geo_cov_rur,mts_aggregate_total,2007,318.407
dnk,sex_f,geo_cov_rur,mts_aggregate_total,2008,320.467
dnk,sex_f,geo_cov_rur,mts_aggregate_total,2009,316.17
dnk,sex_f,geo_cov_rur,mts_aggregate_total,2010,335.374
dnk,sex_f,geo_cov_rur,mts_aggregate_total,2011,349.48
dnk,sex_f,geo_cov_rur,mts_aggregate_total,2012,458.273
dnk,sex_f,geo_cov_rur,mts_aggregate_total,2013,470.355
dnk,sex_f,geo_cov_rur,mts_aggregate_total,2014,478.519
dnk,sex_f,geo_cov_rur,mts_aggregate_total,2015,490.31
dnk,sex_f,geo_cov_rur,mts_aggregate_total,2016,442.158
dnk,sex_f,geo_cov_rur,mts_aggregate_total,2017,428.575
dnk,sex_f,geo_cov_rur,mts_aggregate_total,2018,431.055
dnk,sex_f,geo_cov_rur,mts_aggregate_total,2019,426.313
dnk,sex_f,geo_cov_rur,mts_aggregate_total,2020,430.039
dnk,sex_f,geo_cov_urb,mts_aggregate_1,1992,321.898
dnk,sex_f,geo_cov_urb,mts_aggregate_1,1993,320.45
dnk,sex_f,geo_cov_urb,mts_aggregate_1,1994,346.793
dnk,sex_f,geo_cov_urb,mts_aggregate_1,1995,325.338
dnk,sex_f,geo_cov_urb,mts_aggregate_1,1996,317.277
dnk,sex_f,geo_cov_urb,mts_aggregate_1,1997,318.142
dnk,sex_f,geo_cov_urb,mts_aggregate_1,1998,332.552
dnk,sex_f,geo_cov_urb,mts_aggregate_1,1999,314.452
dnk,sex_f,geo_cov_urb,mts_aggregate_1,2000,319.652
dnk,sex_f,geo_cov_urb,mts_aggregate_1,2001,312.497
dnk,sex_f,geo_cov_urb,mts_aggregate_1,2002,318.31
dnk,sex_f,geo_cov_urb,mts_aggregate_1,2003,324.902
dnk,sex_f,geo_cov_urb,mts_aggregate_1,2004,310.857
dnk,sex_f,geo_cov_urb,mts_aggregate_1,2005,322.776
dnk,sex_f,geo_cov_urb,mts_aggregate_1,2006,315.95
dnk,sex_f,geo_cov_urb,mts_aggregate_1,2007,323.628
dnk,sex_f,geo_cov_urb,mts_aggregate_1,2008,325.356
dnk,sex_f,geo_cov_urb,mts_aggregate_1,2009,335.183
dnk,sex_f,geo_cov_urb,mts_aggregate_1,2010,343.452
dnk,sex_f,geo_cov_urb,mts_aggregate_1,2011,356.085
dnk,sex_f,geo_cov_urb,mts_aggregate_1,2012,308.678
dnk,sex_f,geo_cov_urb,mts_aggregate_1,2013,319.39
dnk,sex_f,geo_cov_urb,mts_aggregate_1,2014,318.306
dnk,sex_f,geo_cov_urb,mts_aggregate_1,2015,323.14
dnk,sex_f,geo_cov_urb,mts_aggregate_1,2016,340.669
dnk,sex_f,geo_cov_urb,mts_aggregate_1,2017,353.395
dnk,sex_f,geo_cov_urb,mts_aggregate_1,2018,350.803
dnk,sex_f,geo_cov_urb,mts_aggregate_1,2019,353.302
dnk,sex_f,geo_cov_urb,mts_aggregate_1,2020,359.014
dnk,sex_f,geo_cov_urb,mts_aggregate_2,1992,193.516
dnk,sex_f,geo_cov_urb,mts_aggregate_2,1993,194.078
dnk,sex_f,geo_cov_urb,mts_aggregate_2,1994,213.273
dnk,sex_f,geo_cov_urb,mts_aggregate_2,1995,226.583
dnk,sex_f,geo_cov_urb,mts_aggregate_2,1996,223.222
dnk,sex_f,geo_cov_urb,mts_aggregate_2,1997,234.552
dnk,sex_f,geo_cov_urb,mts_aggregate_2,1998,213.897
dnk,sex_f,geo_cov_urb,mts_aggregate_2,1999,213.33
dnk,sex_f,geo_cov_urb,mts_aggregate_2,2000,204.515
dnk,sex_f,geo_cov_urb,mts_aggregate_2,2001,220.905
dnk,sex_f,geo_cov_urb,mts_aggregate_2,2002,212.648
dnk,sex_f,geo_cov_urb,mts_aggregate_2,2003,228.428
dnk,sex_f,geo_cov_urb,mts_aggregate_2,2004,212.162
dnk,sex_f,geo_cov_urb,mts_aggregate_2,2005,232.018
dnk,sex_f,geo_cov_urb,mts_aggregate_2,2006,225.716
dnk,sex_f,geo_cov_urb,mts_aggregate_2,2007,245.832
dnk,sex_f,geo_cov_urb,mts_aggregate_2,2008,266.856
dnk,sex_f,geo_cov_urb,mts_aggregate_2,2009,273.782
dnk,sex_f,geo_cov_urb,mts_aggregate_2,2010,271.357
dnk,sex_f,geo_cov_urb,mts_aggregate_2,2011,256.502
dnk,sex_f,geo_cov_urb,mts_aggregate_2,2012,211.123
dnk,sex_f,geo_cov_urb,mts_aggregate_2,2013,207.514
dnk,sex_f,geo_cov_urb,mts_aggregate_2,2014,221.46
dnk,sex_f,geo_cov_urb,mts_aggregate_2,2015,219.396
dnk,sex_f,geo_cov_urb,mts_aggregate_2,2016,239.373
dnk,sex_f,geo_cov_urb,mts_aggregate_2,2017,246.4
dnk,sex_f,geo_cov_urb,mts_aggregate_2,2018,254.142
dnk,sex_f,geo_cov_urb,mts_aggregate_2,2019,251.917
dnk,sex_f,geo_cov_urb,mts_aggregate_2,2020,252.358
dnk,sex_f,geo_cov_urb,mts_aggregate_total,1992,515.414
dnk,sex_f,geo_cov_urb,mts_aggregate_total,1993,514.528
dnk,sex_f,geo_cov_urb,mts_aggregate_total,1994,560.066
dnk,sex_f,geo_cov_urb,mts_aggregate_total,1995,551.92
dnk,sex_f,geo_cov_urb,mts_aggregate_total,1996,541.312
dnk,sex_f,geo_cov_urb,mts_aggregate_total,1997,553.309
dnk,sex_f,geo_cov_urb,mts_aggregate_total,1998,546.448
dnk,sex_f,geo_cov_urb,mts_aggregate_total,1999,527.782
dnk,sex_f,geo_cov_urb,mts_aggregate_total,2000,524.166
dnk,sex_f,geo_cov_urb,mts_aggregate_total,2001,533.401
dnk,sex_f,geo_cov_urb,mts_aggregate_total,2002,530.957
dnk,sex_f,geo_cov_urb,mts_aggregate_total,2003,553.331
dnk,sex_f,geo_cov_urb,mts_aggregate_total,2004,523.019
dnk,sex_f,geo_cov_urb,mts_aggregate_total,2005,554.794
dnk,sex_f,geo_cov_urb,mts_aggregate_total,2006,541.666
dnk,sex_f,geo_cov_urb,mts_aggregate_total,2007,569.461
dnk,sex_f,geo_cov_urb,mts_aggregate_total,2008,592.212
dnk,sex_f,geo_cov_urb,mts_aggregate_total,2009,608.966
dnk,sex_f,geo_cov_urb,mts_aggregate_total,2010,614.808
dnk,sex_f,geo_cov_urb,mts_aggregate_total,2011,612.587
dnk,sex_f,geo_cov_urb,mts_aggregate_total,2012,519.801
dnk,sex_f,geo_cov_urb,mts_aggregate_total,2013,526.905
dnk,sex_f,geo_cov_urb,mts_aggregate_total,2014,539.766
dnk,sex_f,geo_cov_urb,mts_aggregate_total,2015,542.536
dnk,sex_f,geo_cov_urb,mts_aggregate_total,2016,580.042
dnk,sex_f,geo_cov_urb,mts_aggregate_total,2017,599.795
dnk,sex_f,geo_cov_urb,mts_aggregate_total,2018,604.945
dnk,sex_f,geo_cov_urb,mts_aggregate_total,2019,605.219
dnk,sex_f,geo_cov_urb,mts_aggregate_total,2020,611.373
dnk,sex_m,geo_cov_nat,mts_aggregate_1,1992,279.69
dnk,sex_m,geo_cov_nat,mts_aggregate_1,1993,292.862
dnk,sex_m,geo_cov_nat,mts_aggregate_1,1994,298.464
dnk,sex_m,geo_cov_nat,mts_aggregate_1,1995,263.718
dnk,sex_m,geo_cov_nat,mts_aggregate_1,1996,275.285
dnk,sex_m,geo_cov_nat,mts_aggregate_1,1997,270.887
dnk,sex_m,geo_cov_nat,mts_aggregate_1,1998,293.143
dnk,sex_m,geo_cov_nat,mts_aggregate_1,1999,267.572
dnk,sex_m,geo_cov_nat,mts_aggregate_1,2000,294.617
dnk,sex_m,geo_cov_nat,mts_aggregate_1,2001,308.114
dnk,sex_m,geo_cov_nat,mts_aggregate_1,2002,272.026
dnk,sex_m,geo_cov_nat,mts_aggregate_1,2003,282.045
dnk,sex_m,geo_cov_nat,mts_aggregate_1,2004,286.392
dnk,sex_m,geo_cov_nat,mts_aggregate_1,2005,288.305
dnk,sex_m,geo_cov_nat,mts_aggregate_1,2006,294.696
dnk,sex_m,geo_cov_nat,mts_aggregate_1,2007,281.489
dnk,sex_m,geo_cov_nat,mts_aggregate_1,2008,290.683
dnk,sex_m,geo_cov_nat,mts_aggregate_1,2009,301.356
dnk,sex_m,geo_cov_nat,mts_aggregate_1,2010,327.165
dnk,sex_m,geo_cov_nat,mts_aggregate_1,2011,350.798
dnk,sex_m,geo_cov_nat,mts_aggregate_1,2012,371.928
dnk,sex_m,geo_cov_nat,mts_aggregate_1,2013,404.034
dnk,sex_m,geo_cov_nat,mts_aggregate_1,2014,405.974
dnk,sex_m,geo_cov_nat,mts_aggregate_1,2015,404.748
dnk,sex_m,geo_cov_nat,mts_aggregate_1,2016,412.147
dnk,sex_m,geo_cov_nat,mts_aggregate_1,2017,416.811
dnk,sex_m,geo_cov_nat,mts_aggregate_1,2018,423.047
dnk,sex_m,geo_cov_nat,mts_aggregate_1,2019,416.765
dnk,sex_m,geo_cov_nat,mts_aggregate_1,2020,424.491
dnk,sex_m,geo_cov_nat,mts_aggregate_2,1992,269.768
dnk,sex_m,geo_cov_nat,mts_aggregate_2,1993,276.651
dnk,sex_m,geo_cov_nat,mts_aggregate_2,1994,322.26
dnk,sex_m,geo_cov_nat,mts_aggregate_2,1995,327.751
dnk,sex_m,geo_cov_nat,mts_aggregate_2,1996,330.001
dnk,sex_m,geo_cov_nat,mts_aggregate_2,1997,328.5
dnk,sex_m,geo_cov_nat,mts_aggregate_2,1998,326.947
dnk,sex_m,geo_cov_nat,mts_aggregate_2,1999,339.593
dnk,sex_m,geo_cov_nat,mts_aggregate_2,2000,327.766
dnk,sex_m,geo_cov_nat,mts_aggregate_2,2001,319.928
dnk,sex_m,geo_cov_nat,mts_aggregate_2,2002,347.059
dnk,sex_m,geo_cov_nat,mts_aggregate_2,2003,333.868
dnk,sex_m,geo_cov_nat,mts_aggregate_2,2004,327.317
dnk,sex_m,geo_cov_nat,mts_aggregate_2,2005,341.492
dnk,sex_m,geo_cov_nat,mts_aggregate_2,2006,338.261
dnk,sex_m,geo_cov_nat,mts_aggregate_2,2007,351.302
dnk,sex_m,geo_cov_nat,mts_aggregate_2,2008,359.63
dnk,sex_m,geo_cov_nat,mts_aggregate_2,2009,379.817
dnk,sex_m,geo_cov_nat,mts_aggregate_2,2010,381.131
dnk,sex_m,geo_cov_nat,mts_aggregate_2,2011,377.167
dnk,sex_m,geo_cov_nat,mts_aggregate_2,2012,384.969
dnk,sex_m,geo_cov_nat,mts_aggregate_2,2013,386.728
dnk,sex_m,geo_cov_nat,mts_aggregate_2,2014,385.828
dnk,sex_m,geo_cov_nat,mts_aggregate_2,2015,385.958
dnk,sex_m,geo_cov_nat,mts_aggregate_2,2016,391.938
dnk,sex_m,geo_cov_nat,mts_aggregate_2,2017,391.744
dnk,sex_m,geo_cov_nat,mts_aggregate_2,2018,385.042
dnk,sex_m,geo_cov_nat,mts_aggregate_2,2019,379.237
dnk,sex_m,geo_cov_nat,mts_aggregate_2,2020,385.34
dnk,sex_m,geo_cov_nat,mts_aggregate_total,1992,549.458
dnk,sex_m,geo_cov_nat,mts_aggregate_total,1993,569.513
dnk,sex_m,geo_cov_nat,mts_aggregate_total,1994,621.333
dnk,sex_m,geo_cov_nat,mts_aggregate_total,1995,591.469
dnk,sex_m,geo_cov_nat,mts_aggregate_total,1996,605.595
dnk,sex_m,geo_cov_nat,mts_aggregate_total,1997,599.727
dnk,sex_m,geo_cov_nat,mts_aggregate_total,1998,620.091
dnk,sex_m,geo_cov_nat,mts_aggregate_total,1999,607.166
dnk,sex_m,geo_cov_nat,mts_aggregate_total,2000,622.383
dnk,sex_m,geo_cov_nat,mts_aggregate_total,2001,628.042
dnk,sex_m,geo_cov_nat,mts_aggregate_total,2002,619.085
dnk,sex_m,geo_cov_nat,mts_aggregate_total,2003,615.913
dnk,sex_m,geo_cov_nat,mts_aggregate_total,2004,613.709
dnk,sex_m,geo_cov_nat,mts_aggregate_total,2005,629.796
dnk,sex_m,geo_cov_nat,mts_aggregate_total,2006,632.957
dnk,sex_m,geo_cov_nat,mts_aggregate_total,2007,632.791
dnk,sex_m,geo_cov_nat,mts_aggregate_total,2008,650.312
dnk,sex_m,geo_cov_nat,mts_aggregate_total,2009,681.173
dnk,sex_m,geo_cov_nat,mts_aggregate_total,2010,708.296
dnk,sex_m,geo_cov_nat,mts_aggregate_total,2011,727.965
dnk,sex_m,geo_cov_nat,mts_aggregate_total,2012,756.897
dnk,sex_m,geo_cov_nat,mts_aggregate_total,2013,790.762
dnk,sex_m,geo_cov_nat,mts_aggregate_total,2014,791.802
dnk,sex_m,geo_cov_nat,mts_aggregate_total,2015,790.706
dnk,sex_m,geo_cov_nat,mts_aggregate_total,2016,804.085
dnk,sex_m,geo_cov_nat,mts_aggregate_total,2017,808.555
dnk,sex_m,geo_cov_nat,mts_aggregate_total,2018,808.089
dnk,sex_m,geo_cov_nat,mts_aggregate_total,2019,796.002
dnk,sex_m,geo_cov_nat,mts_aggregate_total,2020,809.83
dnk,sex_m,geo_cov_rur,mts_aggregate_1,1992,101.324
dnk,sex_m,geo_cov_rur,mts_aggregate_1,1993,109.166
dnk,sex_m,geo_cov_rur,mts_aggregate_1,1994,115.904
dnk,sex_m,geo_cov_rur,mts_aggregate_1,1995,101.247
dnk,sex_m,geo_cov_rur,mts_aggregate_1,1996,102.852
dnk,sex_m,geo_cov_rur,mts_aggregate_1,1997,99.592
dnk,sex_m,geo_cov_rur,mts_aggregate_1,1998,113.83
dnk,sex_m,geo_cov_rur,mts_aggregate_1,1999,98.984
dnk,sex_m,geo_cov_rur,mts_aggregate_1,2000,109.298
dnk,sex_m,geo_cov_rur,mts_aggregate_1,2001,134.313
dnk,sex_m,geo_cov_rur,mts_aggregate_1,2002,98.444
dnk,sex_m,geo_cov_rur,mts_aggregate_1,2003,102.739
dnk,sex_m,geo_cov_rur,mts_aggregate_1,2004,111.569
dnk,sex_m,geo_cov_rur,mts_aggregate_1,2005,107.112
dnk,sex_m,geo_cov_rur,mts_aggregate_1,2006,113.261
dnk,sex_m,geo_cov_rur,mts_aggregate_1,2007,98.807
dnk,sex_m,geo_cov_rur,mts_aggregate_1,2008,93.239
dnk,sex_m,geo_cov_rur,mts_aggregate_1,2009,96.911
dnk,sex_m,geo_cov_rur,mts_aggregate_1,2010,110.265
dnk,sex_m,geo_cov_rur,mts_aggregate_1,2011,119.582
dnk,sex_m,geo_cov_rur,mts_aggregate_1,2012,166.455
dnk,sex_m,geo_cov_rur,mts_aggregate_1,2013,180.754
dnk,sex_m,geo_cov_rur,mts_aggregate_1,2014,181.191
dnk,sex_m,geo_cov_rur,mts_aggregate_1,2015,185.017
dnk,sex_m,geo_cov_rur,mts_aggregate_1,2016,171.76
dnk,sex_m,geo_cov_rur,mts_aggregate_1,2017,165.755
dnk,sex_m,geo_cov_rur,mts_aggregate_1,2018,169.225
dnk,sex_m,geo_cov_rur,mts_aggregate_1,2019,163.741
dnk,sex_m,geo_cov_rur,mts_aggregate_1,2020,166.746
dnk,sex_m,geo_cov_rur,mts_aggregate_2,1992,118.237
dnk,sex_m,geo_cov_rur,mts_aggregate_2,1993,121.746
dnk,sex_m,geo_cov_rur,mts_aggregate_2,1994,147.628
dnk,sex_m,geo_cov_rur,mts_aggregate_2,1995,149.276
dnk,sex_m,geo_cov_rur,mts_aggregate_2,1996,140.996
dnk,sex_m,geo_cov_rur,mts_aggregate_2,1997,135.169
dnk,sex_m,geo_cov_rur,mts_aggregate_2,1998,150.178
dnk,sex_m,geo_cov_rur,mts_aggregate_2,1999,142.445
dnk,sex_m,geo_cov_rur,mts_aggregate_2,2000,138.209
dnk,sex_m,geo_cov_rur,mts_aggregate_2,2001,150.385
dnk,sex_m,geo_cov_rur,mts_aggregate_2,2002,162.529
dnk,sex_m,geo_cov_rur,mts_aggregate_2,2003,154.639
dnk,sex_m,geo_cov_rur,mts_aggregate_2,2004,154.495
dnk,sex_m,geo_cov_rur,mts_aggregate_2,2005,148.775
dnk,sex_m,geo_cov_rur,mts_aggregate_2,2006,143.748
dnk,sex_m,geo_cov_rur,mts_aggregate_2,2007,137.71
dnk,sex_m,geo_cov_rur,mts_aggregate_2,2008,134.124
dnk,sex_m,geo_cov_rur,mts_aggregate_2,2009,136.187
dnk,sex_m,geo_cov_rur,mts_aggregate_2,2010,147.784
dnk,sex_m,geo_cov_rur,mts_aggregate_2,2011,153.486
dnk,sex_m,geo_cov_rur,mts_aggregate_2,2012,199.496
dnk,sex_m,geo_cov_rur,mts_aggregate_2,2013,202.893
dnk,sex_m,geo_cov_rur,mts_aggregate_2,2014,202.423
dnk,sex_m,geo_cov_rur,mts_aggregate_2,2015,203.007
dnk,sex_m,geo_cov_rur,mts_aggregate_2,2016,189.163
dnk,sex_m,geo_cov_rur,mts_aggregate_2,2017,187.902
dnk,sex_m,geo_cov_rur,mts_aggregate_2,2018,179.862
dnk,sex_m,geo_cov_rur,mts_aggregate_2,2019,172.305
dnk,sex_m,geo_cov_rur,mts_aggregate_2,2020,174.688
dnk,sex_m,geo_cov_rur,mts_aggregate_total,1992,219.562
dnk,sex_m,geo_cov_rur,mts_aggregate_total,1993,230.912
dnk,sex_m,geo_cov_rur,mts_aggregate_total,1994,263.532
dnk,sex_m,geo_cov_rur,mts_aggregate_total,1995,250.523
dnk,sex_m,geo_cov_rur,mts_aggregate_total,1996,243.848
dnk,sex_m,geo_cov_rur,mts_aggregate_total,1997,234.761
dnk,sex_m,geo_cov_rur,mts_aggregate_total,1998,264.008
dnk,sex_m,geo_cov_rur,mts_aggregate_total,1999,241.429
dnk,sex_m,geo_cov_rur,mts_aggregate_total,2000,247.506
dnk,sex_m,geo_cov_rur,mts_aggregate_total,2001,284.698
dnk,sex_m,geo_cov_rur,mts_aggregate_total,2002,260.973
dnk,sex_m,geo_cov_rur,mts_aggregate_total,2003,257.378
dnk,sex_m,geo_cov_rur,mts_aggregate_total,2004,266.064
dnk,sex_m,geo_cov_rur,mts_aggregate_total,2005,255.887
dnk,sex_m,geo_cov_rur,mts_aggregate_total,2006,257.009
dnk,sex_m,geo_cov_rur,mts_aggregate_total,2007,236.517
dnk,sex_m,geo_cov_rur,mts_aggregate_total,2008,227.363
dnk,sex_m,geo_cov_rur,mts_aggregate_total,2009,233.098
dnk,sex_m,geo_cov_rur,mts_aggregate_total,2010,258.05
dnk,sex_m,geo_cov_rur,mts_aggregate_total,2011,273.068
dnk,sex_m,geo_cov_rur,mts_aggregate_total,2012,365.951
dnk,sex_m,geo_cov_rur,mts_aggregate_total,2013,383.647
dnk,sex_m,geo_cov_rur,mts_aggregate_total,2014,383.614
dnk,sex_m,geo_cov_rur,mts_aggregate_total,2015,388.024
dnk,sex_m,geo_cov_rur,mts_aggregate_total,2016,360.923
dnk,sex_m,geo_cov_rur,mts_aggregate_total,2017,353.657
dnk,sex_m,geo_cov_rur,mts_aggregate_total,2018,349.087
dnk,sex_m,geo_cov_rur,mts_aggregate_total,2019,336.046
dnk,sex_m,geo_cov_rur,mts_aggregate_total,2020,341.433
dnk,sex_m,geo_cov_urb,mts_aggregate_1,1992,178.366
dnk,sex_m,geo_cov_urb,mts_aggregate_1,1993,183.697
dnk,sex_m,geo_cov_urb,mts_aggregate_1,1994,182.56
dnk,sex_m,geo_cov_urb,mts_aggregate_1,1995,162.471
dnk,sex_m,geo_cov_urb,mts_aggregate_1,1996,172.432
dnk,sex_m,geo_cov_urb,mts_aggregate_1,1997,171.296
dnk,sex_m,geo_cov_urb,mts_aggregate_1,1998,179.313
dnk,sex_m,geo_cov_urb,mts_aggregate_1,1999,168.589
dnk,sex_m,geo_cov_urb,mts_aggregate_1,2000,185.32
dnk,sex_m,geo_cov_urb,mts_aggregate_1,2001,173.802
dnk,sex_m,geo_cov_urb,mts_aggregate_1,2002,173.582
dnk,sex_m,geo_cov_urb,mts_aggregate_1,2003,179.305
dnk,sex_m,geo_cov_urb,mts_aggregate_1,2004,174.822
dnk,sex_m,geo_cov_urb,mts_aggregate_1,2005,181.193
dnk,sex_m,geo_cov_urb,mts_aggregate_1,2006,181.435
dnk,sex_m,geo_cov_urb,mts_aggregate_1,2007,182.682
dnk,sex_m,geo_cov_urb,mts_aggregate_1,2008,197.444
dnk,sex_m,geo_cov_urb,mts_aggregate_1,2009,204.445
dnk,sex_m,geo_cov_urb,mts_aggregate_1,2010,216.9
dnk,sex_m,geo_cov_urb,mts_aggregate_1,2011,231.216
dnk,sex_m,geo_cov_urb,mts_aggregate_1,2012,205.473
dnk,sex_m,geo_cov_urb,mts_aggregate_1,2013,223.281
dnk,sex_m,geo_cov_urb,mts_aggregate_1,2014,224.782
dnk,sex_m,geo_cov_urb,mts_aggregate_1,2015,219.731
dnk,sex_m,geo_cov_urb,mts_aggregate_1,2016,240.386
dnk,sex_m,geo_cov_urb,mts_aggregate_1,2017,251.056
dnk,sex_m,geo_cov_urb,mts_aggregate_1,2018,253.822
dnk,sex_m,geo_cov_urb,mts_aggregate_1,2019,253.024
dnk,sex_m,geo_cov_urb,mts_aggregate_1,2020,257.745
dnk,sex_m,geo_cov_urb,mts_aggregate_2,1992,151.531
dnk,sex_m,geo_cov_urb,mts_aggregate_2,1993,154.905
dnk,sex_m,geo_cov_urb,mts_aggregate_2,1994,174.633
dnk,sex_m,geo_cov_urb,mts_aggregate_2,1995,178.475
dnk,sex_m,geo_cov_urb,mts_aggregate_2,1996,189.005
dnk,sex_m,geo_cov_urb,mts_aggregate_2,1997,193.33
dnk,sex_m,geo_cov_urb,mts_aggregate_2,1998,176.77
dnk,sex_m,geo_cov_urb,mts_aggregate_2,1999,197.148
dnk,sex_m,geo_cov_urb,mts_aggregate_2,2000,189.557
dnk,sex_m,geo_cov_urb,mts_aggregate_2,2001,169.543
dnk,sex_m,geo_cov_urb,mts_aggregate_2,2002,184.53
dnk,sex_m,geo_cov_urb,mts_aggregate_2,2003,179.229
dnk,sex_m,geo_cov_urb,mts_aggregate_2,2004,172.822
dnk,sex_m,geo_cov_urb,mts_aggregate_2,2005,192.717
dnk,sex_m,geo_cov_urb,mts_aggregate_2,2006,194.512
dnk,sex_m,geo_cov_urb,mts_aggregate_2,2007,213.592
dnk,sex_m,geo_cov_urb,mts_aggregate_2,2008,225.506
dnk,sex_m,geo_cov_urb,mts_aggregate_2,2009,243.63
dnk,sex_m,geo_cov_urb,mts_aggregate_2,2010,233.346
dnk,sex_m,geo_cov_urb,mts_aggregate_2,2011,223.681
dnk,sex_m,geo_cov_urb,mts_aggregate_2,2012,185.473
dnk,sex_m,geo_cov_urb,mts_aggregate_2,2013,183.835
dnk,sex_m,geo_cov_urb,mts_aggregate_2,2014,183.406
dnk,sex_m,geo_cov_urb,mts_aggregate_2,2015,182.952
dnk,sex_m,geo_cov_urb,mts_aggregate_2,2016,202.775
dnk,sex_m,geo_cov_urb,mts_aggregate_2,2017,203.842
dnk,sex_m,geo_cov_urb,mts_aggregate_2,2018,205.18
dnk,sex_m,geo_cov_urb,mts_aggregate_2,2019,206.932
dnk,sex_m,geo_cov_urb,mts_aggregate_2,2020,210.652
dnk,sex_m,geo_cov_urb,mts_aggregate_total,1992,329.897
dnk,sex_m,geo_cov_urb,mts_aggregate_total,1993,338.601
dnk,sex_m,geo_cov_urb,mts_aggregate_total,1994,357.802
dnk,sex_m,geo_cov_urb,mts_aggregate_total,1995,340.947
dnk,sex_m,geo_cov_urb,mts_aggregate_total,1996,361.747
dnk,sex_m,geo_cov_urb,mts_aggregate_total,1997,364.966
dnk,sex_m,geo_cov_urb,mts_aggregate_total,1998,356.083
dnk,sex_m,geo_cov_urb,mts_aggregate_total,1999,365.737
dnk,sex_m,geo_cov_urb,mts_aggregate_total,2000,374.876
dnk,sex_m,geo_cov_urb,mts_aggregate_total,2001,343.344
dnk,sex_m,geo_cov_urb,mts_aggregate_total,2002,358.112
dnk,sex_m,geo_cov_urb,mts_aggregate_total,2003,358.535
dnk,sex_m,geo_cov_urb,mts_aggregate_total,2004,347.645
dnk,sex_m,geo_cov_urb,mts_aggregate_total,2005,373.91
dnk,sex_m,geo_cov_urb,mts_aggregate_total,2006,375.948
dnk,sex_m,geo_cov_urb,mts_aggregate_total,2007,396.274
dnk,sex_m,geo_cov_urb,mts_aggregate_total,2008,422.95
dnk,sex_m,geo_cov_urb,mts_aggregate_total,2009,448.075
dnk,sex_m,geo_cov_urb,mts_aggregate_total,2010,450.246
dnk,sex_m,geo_cov_urb,mts_aggregate_total,2011,454.897
dnk,sex_m,geo_cov_urb,mts_aggregate_total,2012,390.946
dnk,sex_m,geo_cov_urb,mts_aggregate_total,2013,407.115
dnk,sex_m,geo_cov_urb,mts_aggregate_total,2014,408.188
dnk,sex_m,geo_cov_urb,mts_aggregate_total,2015,402.682
dnk,sex_m,geo_cov_urb,mts_aggregate_total,2016,443.161
dnk,sex_m,geo_cov_urb,mts_aggregate_total,2017,454.898
dnk,sex_m,geo_cov_urb,mts_aggregate_total,2018,459.002
dnk,sex_m,geo_cov_urb,mts_aggregate_total,2019,459.956
dnk,sex_m,geo_cov_urb,mts_aggregate_total,2020,468.397
dnk,sex_t,geo_cov_nat,mts_aggregate_1,1992,779.929
dnk,sex_t,geo_cov_nat,mts_aggregate_1,1993,801.29
dnk,sex_t,geo_cov_nat,mts_aggregate_1,1994,845.252
dnk,sex_t,geo_cov_nat,mts_aggregate_1,1995,787.907
dnk,sex_t,geo_cov_nat,mts_aggregate_1,1996,792.123
dnk,sex_t,geo_cov_nat,mts_aggregate_1,1997,783.996
dnk,sex_t,geo_cov_nat,mts_aggregate_1,1998,823.704
dnk,sex_t,geo_cov_nat,mts_aggregate_1,1999,763.764
dnk,sex_t,geo_cov_nat,mts_aggregate_1,2000,796.421
dnk,sex_t,geo_cov_nat,mts_aggregate_1,2001,825.425
dnk,sex_t,geo_cov_nat,mts_aggregate_1,2002,777.845
dnk,sex_t,geo_cov_nat,mts_aggregate_1,2003,780.121
dnk,sex_t,geo_cov_nat,mts_aggregate_1,2004,786.781
dnk,sex_t,geo_cov_nat,mts_aggregate_1,2005,790.987
dnk,sex_t,geo_cov_nat,mts_aggregate_1,2006,785.167
dnk,sex_t,geo_cov_nat,mts_aggregate_1,2007,770.125
dnk,sex_t,geo_cov_nat,mts_aggregate_1,2008,775.934
dnk,sex_t,geo_cov_nat,mts_aggregate_1,2009,785.967
dnk,sex_t,geo_cov_nat,mts_aggregate_1,2010,841.143
dnk,sex_t,geo_cov_nat,mts_aggregate_1,2011,893.811
dnk,sex_t,geo_cov_nat,mts_aggregate_1,2012,931.803
dnk,sex_t,geo_cov_nat,mts_aggregate_1,2013,976.695
dnk,sex_t,geo_cov_nat,mts_aggregate_1,2014,976.113
dnk,sex_t,geo_cov_nat,mts_aggregate_1,2015,982.498
dnk,sex_t,geo_cov_nat,mts_aggregate_1,2016,980.634
dnk,sex_t,geo_cov_nat,mts_aggregate_1,2017,1000.151
dnk,sex_t,geo_cov_nat,mts_aggregate_1,2018,1004.419
dnk,sex_t,geo_cov_nat,mts_aggregate_1,2019,1000.034
dnk,sex_t,geo_cov_nat,mts_aggregate_1,2020,1019.35
dnk,sex_t,geo_cov_nat,mts_aggregate_2,1992,609
dnk,sex_t,geo_cov_nat,mts_aggregate_2,1993,619.024
dnk,sex_t,geo_cov_nat,mts_aggregate_2,1994,708.386
dnk,sex_t,geo_cov_nat,mts_aggregate_2,1995,744.042
dnk,sex_t,geo_cov_nat,mts_aggregate_2,1996,735.753
dnk,sex_t,geo_cov_nat,mts_aggregate_2,1997,736.179
dnk,sex_t,geo_cov_nat,mts_aggregate_2,1998,709.925
dnk,sex_t,geo_cov_nat,mts_aggregate_2,1999,742.47
dnk,sex_t,geo_cov_nat,mts_aggregate_2,2000,721.213
dnk,sex_t,geo_cov_nat,mts_aggregate_2,2001,710.621
dnk,sex_t,geo_cov_nat,mts_aggregate_2,2002,735.733
dnk,sex_t,geo_cov_nat,mts_aggregate_2,2003,742.855
dnk,sex_t,geo_cov_nat,mts_aggregate_2,2004,722.681
dnk,sex_t,geo_cov_nat,mts_aggregate_2,2005,737.7
dnk,sex_t,geo_cov_nat,mts_aggregate_2,2006,738.035
dnk,sex_t,geo_cov_nat,mts_aggregate_2,2007,750.533
dnk,sex_t,geo_cov_nat,mts_aggregate_2,2008,787.058
dnk,sex_t,geo_cov_nat,mts_aggregate_2,2009,820.342
dnk,sex_t,geo_cov_nat,mts_aggregate_2,2010,817.335
dnk,sex_t,geo_cov_nat,mts_aggregate_2,2011,796.222
dnk,sex_t,geo_cov_nat,mts_aggregate_2,2012,803.168
dnk,sex_t,geo_cov_nat,mts_aggregate_2,2013,811.327
dnk,sex_t,geo_cov_nat,mts_aggregate_2,2014,833.974
dnk,sex_t,geo_cov_nat,mts_aggregate_2,2015,841.054
dnk,sex_t,geo_cov_nat,mts_aggregate_2,2016,845.651
dnk,sex_t,geo_cov_nat,mts_aggregate_2,2017,836.774
dnk,sex_t,geo_cov_nat,mts_aggregate_2,2018,839.671
dnk,sex_t,geo_cov_nat,mts_aggregate_2,2019,827.5
dnk,sex_t,geo_cov_nat,mts_aggregate_2,2020,831.892
dnk,sex_t,geo_cov_nat,mts_aggregate_total,1992,1388.929
dnk,sex_t,geo_cov_nat,mts_aggregate_total,1993,1420.314
dnk,sex_t,geo_cov_nat,mts_aggregate_total,1994,1554.247
dnk,sex_t,geo_cov_nat,mts_aggregate_total,1995,1531.949
dnk,sex_t,geo_cov_nat,mts_aggregate_total,1996,1528.998
dnk,sex_t,geo_cov_nat,mts_aggregate_total,1997,1521.13
dnk,sex_t,geo_cov_nat,mts_aggregate_total,1998,1533.629
dnk,sex_t,geo_cov_nat,mts_aggregate_total,1999,1506.234
dnk,sex_t,geo_cov_nat,mts_aggregate_total,2000,1517.633
dnk,sex_t,geo_cov_nat,mts_aggregate_total,2001,1536.046
dnk,sex_t,geo_cov_nat,mts_aggregate_total,2002,1513.579
dnk,sex_t,geo_cov_nat,mts_aggregate_total,2003,1522.976
dnk,sex_t,geo_cov_nat,mts_aggregate_total,2004,1509.461
dnk,sex_t,geo_cov_nat,mts_aggregate_total,2005,1528.687
dnk,sex_t,geo_cov_nat,mts_aggregate_total,2006,1523.202
dnk,sex_t,geo_cov_nat,mts_aggregate_total,2007,1520.659
dnk,sex_t,geo_cov_nat,mts_aggregate_total,2008,1562.992
dnk,sex_t,geo_cov_nat,mts_aggregate_total,2009,1606.309
dnk,sex_t,geo_cov_nat,mts_aggregate_total,2010,1658.478
dnk,sex_t,geo_cov_nat,mts_aggregate_total,2011,1690.032
dnk,sex_t,geo_cov_nat,mts_aggregate_total,2012,1734.971
dnk,sex_t,geo_cov_nat,mts_aggregate_total,2013,1788.022
dnk,sex_t,geo_cov_nat,mts_aggregate_total,2014,1810.087
dnk,sex_t,geo_cov_nat,mts_aggregate_total,2015,1823.552
dnk,sex_t,geo_cov_nat,mts_aggregate_total,2016,1826.285
dnk,sex_t,geo_cov_nat,mts_aggregate_total,2017,1836.925
dnk,sex_t,geo_cov_nat,mts_aggregate_total,2018,1844.09
dnk,sex_t,geo_cov_nat,mts_aggregate_total,2019,1827.534
dnk,sex_t,geo_cov_nat,mts_aggregate_total,2020,1851.242
dnk,sex_t,geo_cov_rur,mts_aggregate_1,1992,279.666
dnk,sex_t,geo_cov_rur,mts_aggregate_1,1993,297.144
dnk,sex_t,geo_cov_rur,mts_aggregate_1,1994,315.899
dnk,sex_t,geo_cov_rur,mts_aggregate_1,1995,300.098
dnk,sex_t,geo_cov_rur,mts_aggregate_1,1996,302.414
dnk,sex_t,geo_cov_rur,mts_aggregate_1,1997,294.559
dnk,sex_t,geo_cov_rur,mts_aggregate_1,1998,311.839
dnk,sex_t,geo_cov_rur,mts_aggregate_1,1999,280.723
dnk,sex_t,geo_cov_rur,mts_aggregate_1,2000,291.45
dnk,sex_t,geo_cov_rur,mts_aggregate_1,2001,339.127
dnk,sex_t,geo_cov_rur,mts_aggregate_1,2002,285.954
dnk,sex_t,geo_cov_rur,mts_aggregate_1,2003,275.913
dnk,sex_t,geo_cov_rur,mts_aggregate_1,2004,301.102
dnk,sex_t,geo_cov_rur,mts_aggregate_1,2005,287.018
dnk,sex_t,geo_cov_rur,mts_aggregate_1,2006,287.781
dnk,sex_t,geo_cov_rur,mts_aggregate_1,2007,263.815
dnk,sex_t,geo_cov_rur,mts_aggregate_1,2008,253.135
dnk,sex_t,geo_cov_rur,mts_aggregate_1,2009,246.339
dnk,sex_t,geo_cov_rur,mts_aggregate_1,2010,280.792
dnk,sex_t,geo_cov_rur,mts_aggregate_1,2011,306.509
dnk,sex_t,geo_cov_rur,mts_aggregate_1,2012,417.652
dnk,sex_t,geo_cov_rur,mts_aggregate_1,2013,434.024
dnk,sex_t,geo_cov_rur,mts_aggregate_1,2014,433.024
dnk,sex_t,geo_cov_rur,mts_aggregate_1,2015,439.628
dnk,sex_t,geo_cov_rur,mts_aggregate_1,2016,399.578
dnk,sex_t,geo_cov_rur,mts_aggregate_1,2017,395.7
dnk,sex_t,geo_cov_rur,mts_aggregate_1,2018,399.794
dnk,sex_t,geo_cov_rur,mts_aggregate_1,2019,393.708
dnk,sex_t,geo_cov_rur,mts_aggregate_1,2020,402.591
dnk,sex_t,geo_cov_rur,mts_aggregate_2,1992,263.953
dnk,sex_t,geo_cov_rur,mts_aggregate_2,1993,270.042
dnk,sex_t,geo_cov_rur,mts_aggregate_2,1994,320.48
dnk,sex_t,geo_cov_rur,mts_aggregate_2,1995,338.984
dnk,sex_t,geo_cov_rur,mts_aggregate_2,1996,323.525
dnk,sex_t,geo_cov_rur,mts_aggregate_2,1997,308.296
dnk,sex_t,geo_cov_rur,mts_aggregate_2,1998,319.259
dnk,sex_t,geo_cov_rur,mts_aggregate_2,1999,331.992
dnk,sex_t,geo_cov_rur,mts_aggregate_2,2000,327.141
dnk,sex_t,geo_cov_rur,mts_aggregate_2,2001,320.173
dnk,sex_t,geo_cov_rur,mts_aggregate_2,2002,338.556
dnk,sex_t,geo_cov_rur,mts_aggregate_2,2003,335.197
dnk,sex_t,geo_cov_rur,mts_aggregate_2,2004,337.696
dnk,sex_t,geo_cov_rur,mts_aggregate_2,2005,312.965
dnk,sex_t,geo_cov_rur,mts_aggregate_2,2006,317.807
dnk,sex_t,geo_cov_rur,mts_aggregate_2,2007,291.109
dnk,sex_t,geo_cov_rur,mts_aggregate_2,2008,294.695
dnk,sex_t,geo_cov_rur,mts_aggregate_2,2009,302.929
dnk,sex_t,geo_cov_rur,mts_aggregate_2,2010,312.632
dnk,sex_t,geo_cov_rur,mts_aggregate_2,2011,316.039
dnk,sex_t,geo_cov_rur,mts_aggregate_2,2012,406.572
dnk,sex_t,geo_cov_rur,mts_aggregate_2,2013,419.977
dnk,sex_t,geo_cov_rur,mts_aggregate_2,2014,429.108
dnk,sex_t,geo_cov_rur,mts_aggregate_2,2015,438.706
dnk,sex_t,geo_cov_rur,mts_aggregate_2,2016,403.503
dnk,sex_t,geo_cov_rur,mts_aggregate_2,2017,386.532
dnk,sex_t,geo_cov_rur,mts_aggregate_2,2018,380.349
dnk,sex_t,geo_cov_rur,mts_aggregate_2,2019,368.651
dnk,sex_t,geo_cov_rur,mts_aggregate_2,2020,368.882
dnk,sex_t,geo_cov_rur,mts_aggregate_total,1992,543.619
dnk,sex_t,geo_cov_rur,mts_aggregate_total,1993,567.186
dnk,sex_t,geo_cov_rur,mts_aggregate_total,1994,636.379
dnk,sex_t,geo_cov_rur,mts_aggregate_total,1995,639.082
dnk,sex_t,geo_cov_rur,mts_aggregate_total,1996,625.939
dnk,sex_t,geo_cov_rur,mts_aggregate_total,1997,602.855
dnk,sex_t,geo_cov_rur,mts_aggregate_total,1998,631.097
dnk,sex_t,geo_cov_rur,mts_aggregate_total,1999,612.715
dnk,sex_t,geo_cov_rur,mts_aggregate_total,2000,618.59
dnk,sex_t,geo_cov_rur,mts_aggregate_total,2001,659.3
dnk,sex_t,geo_cov_rur,mts_aggregate_total,2002,624.51
dnk,sex_t,geo_cov_rur,mts_aggregate_total,2003,611.111
dnk,sex_t,geo_cov_rur,mts_aggregate_total,2004,638.798
dnk,sex_t,geo_cov_rur,mts_aggregate_total,2005,599.983
dnk,sex_t,geo_cov_rur,mts_aggregate_total,2006,605.588
dnk,sex_t,geo_cov_rur,mts_aggregate_total,2007,554.924
dnk,sex_t,geo_cov_rur,mts_aggregate_total,2008,547.83
dnk,sex_t,geo_cov_rur,mts_aggregate_total,2009,549.268
dnk,sex_t,geo_cov_rur,mts_aggregate_total,2010,593.424
dnk,sex_t,geo_cov_rur,mts_aggregate_total,2011,622.548
dnk,sex_t,geo_cov_rur,mts_aggregate_total,2012,824.224
dnk,sex_t,geo_cov_rur,mts_aggregate_total,2013,854.002
dnk,sex_t,geo_cov_rur,mts_aggregate_total,2014,862.133
dnk,sex_t,geo_cov_rur,mts_aggregate_total,2015,878.334
dnk,sex_t,geo_cov_rur,mts_aggregate_total,2016,803.081
dnk,sex_t,geo_cov_rur,mts_aggregate_total,2017,782.232
dnk,sex_t,geo_cov_rur,mts_aggregate_total,2018,780.143
dnk,sex_t,geo_cov_rur,mts_aggregate_total,2019,762.359
dnk,sex_t,geo_cov_rur,mts_aggregate_total,2020,771.473
dnk,sex_t,geo_cov_urb,mts_aggregate_1,1992,500.264
dnk,sex_t,geo_cov_urb,mts_aggregate_1,1993,504.146
dnk,sex_t,geo_cov_urb,mts_aggregate_1,1994,529.353
dnk,sex_t,geo_cov_urb,mts_aggregate_1,1995,487.809
dnk,sex_t,geo_cov_urb,mts_aggregate_1,1996,489.709
dnk,sex_t,geo_cov_urb,mts_aggregate_1,1997,489.437
dnk,sex_t,geo_cov_urb,mts_aggregate_1,1998,511.865
dnk,sex_t,geo_cov_urb,mts_aggregate_1,1999,483.041
dnk,sex_t,geo_cov_urb,mts_aggregate_1,2000,504.971
dnk,sex_t,geo_cov_urb,mts_aggregate_1,2001,486.298
dnk,sex_t,geo_cov_urb,mts_aggregate_1,2002,491.891
dnk,sex_t,geo_cov_urb,mts_aggregate_1,2003,504.208
dnk,sex_t,geo_cov_urb,mts_aggregate_1,2004,485.679
dnk,sex_t,geo_cov_urb,mts_aggregate_1,2005,503.969
dnk,sex_t,geo_cov_urb,mts_aggregate_1,2006,497.386
dnk,sex_t,geo_cov_urb,mts_aggregate_1,2007,506.31
dnk,sex_t,geo_cov_urb,mts_aggregate_1,2008,522.8
dnk,sex_t,geo_cov_urb,mts_aggregate_1,2009,539.628
dnk,sex_t,geo_cov_urb,mts_aggregate_1,2010,560.351
dnk,sex_t,geo_cov_urb,mts_aggregate_1,2011,587.301
dnk,sex_t,geo_cov_urb,mts_aggregate_1,2012,514.151
dnk,sex_t,geo_cov_urb,mts_aggregate_1,2013,542.671
dnk,sex_t,geo_cov_urb,mts_aggregate_1,2014,543.088
dnk,sex_t,geo_cov_urb,mts_aggregate_1,2015,542.871
dnk,sex_t,geo_cov_urb,mts_aggregate_1,2016,581.055
dnk,sex_t,geo_cov_urb,mts_aggregate_1,2017,604.452
dnk,sex_t,geo_cov_urb,mts_aggregate_1,2018,604.625
dnk,sex_t,geo_cov_urb,mts_aggregate_1,2019,606.326
dnk,sex_t,geo_cov_urb,mts_aggregate_1,2020,616.759
dnk,sex_t,geo_cov_urb,mts_aggregate_2,1992,345.047
dnk,sex_t,geo_cov_urb,mts_aggregate_2,1993,348.982
dnk,sex_t,geo_cov_urb,mts_aggregate_2,1994,387.906
dnk,sex_t,geo_cov_urb,mts_aggregate_2,1995,405.058
dnk,sex_t,geo_cov_urb,mts_aggregate_2,1996,412.227
dnk,sex_t,geo_cov_urb,mts_aggregate_2,1997,427.883
dnk,sex_t,geo_cov_urb,mts_aggregate_2,1998,390.666
dnk,sex_t,geo_cov_urb,mts_aggregate_2,1999,410.478
dnk,sex_t,geo_cov_urb,mts_aggregate_2,2000,394.072
dnk,sex_t,geo_cov_urb,mts_aggregate_2,2001,390.447
dnk,sex_t,geo_cov_urb,mts_aggregate_2,2002,397.178
dnk,sex_t,geo_cov_urb,mts_aggregate_2,2003,407.658
dnk,sex_t,geo_cov_urb,mts_aggregate_2,2004,384.985
dnk,sex_t,geo_cov_urb,mts_aggregate_2,2005,424.735
dnk,sex_t,geo_cov_urb,mts_aggregate_2,2006,420.228
dnk,sex_t,geo_cov_urb,mts_aggregate_2,2007,459.424
dnk,sex_t,geo_cov_urb,mts_aggregate_2,2008,492.362
dnk,sex_t,geo_cov_urb,mts_aggregate_2,2009,517.413
dnk,sex_t,geo_cov_urb,mts_aggregate_2,2010,504.703
dnk,sex_t,geo_cov_urb,mts_aggregate_2,2011,480.183
dnk,sex_t,geo_cov_urb,mts_aggregate_2,2012,396.596
dnk,sex_t,geo_cov_urb,mts_aggregate_2,2013,391.349
dnk,sex_t,geo_cov_urb,mts_aggregate_2,2014,404.866
dnk,sex_t,geo_cov_urb,mts_aggregate_2,2015,402.348
dnk,sex_t,geo_cov_urb,mts_aggregate_2,2016,442.148
dnk,sex_t,geo_cov_urb,mts_aggregate_2,2017,450.242
dnk,sex_t,geo_cov_urb,mts_aggregate_2,2018,459.322
dnk,sex_t,geo_cov_urb,mts_aggregate_2,2019,458.849
dnk,sex_t,geo_cov_urb,mts_aggregate_2,2020,463.01
dnk,sex_t,geo_cov_urb,mts_aggregate_total,1992,845.31
dnk,sex_t,geo_cov_urb,mts_aggregate_total,1993,853.129
dnk,sex_t,geo_cov_urb,mts_aggregate_total,1994,917.868
dnk,sex_t,geo_cov_urb,mts_aggregate_total,1995,892.867
dnk,sex_t,geo_cov_urb,mts_aggregate_total,1996,903.059
dnk,sex_t,geo_cov_urb,mts_aggregate_total,1997,918.274
dnk,sex_t,geo_cov_urb,mts_aggregate_total,1998,902.531
dnk,sex_t,geo_cov_urb,mts_aggregate_total,1999,893.519
dnk,sex_t,geo_cov_urb,mts_aggregate_total,2000,899.043
dnk,sex_t,geo_cov_urb,mts_aggregate_total,2001,876.746
dnk,sex_t,geo_cov_urb,mts_aggregate_total,2002,889.069
dnk,sex_t,geo_cov_urb,mts_aggregate_total,2003,911.865
dnk,sex_t,geo_cov_urb,mts_aggregate_total,2004,870.664
dnk,sex_t,geo_cov_urb,mts_aggregate_total,2005,928.704
dnk,sex_t,geo_cov_urb,mts_aggregate_total,2006,917.614
dnk,sex_t,geo_cov_urb,mts_aggregate_total,2007,965.734
dnk,sex_t,geo_cov_urb,mts_aggregate_total,2008,1015.162
dnk,sex_t,geo_cov_urb,mts_aggregate_total,2009,1057.041
dnk,sex_t,geo_cov_urb,mts_aggregate_total,2010,1065.054
dnk,sex_t,geo_cov_urb,mts_aggregate_total,2011,1067.485
dnk,sex_t,geo_cov_urb,mts_aggregate_total,2012,910.747
dnk,sex_t,geo_cov_urb,mts_aggregate_total,2013,934.02
dnk,sex_t,geo_cov_urb,mts_aggregate_total,2014,947.954
dnk,sex_t,geo_cov_urb,mts_aggregate_total,2015,945.218
dnk,sex_t,geo_cov_urb,mts_aggregate_total,2016,1023.203
dnk,sex_t,geo_cov_urb,mts_aggregate_total,2017,1054.694
dnk,sex_t,geo_cov_urb,mts_aggregate_total,2018,1063.947
dnk,sex_t,geo_cov_urb,mts_aggregate_total,2019,1065.175
dnk,sex_t,geo_cov_urb,mts_aggregate_total,2020,1079.769
dom,sex_f,geo_cov_nat,mts_aggregate_1,2000,806.812
dom,sex_f,geo_cov_nat,mts_aggregate_1,2001,847.311
dom,sex_f,geo_cov_nat,mts_aggregate_1,2002,852.274
dom,sex_f,geo_cov_nat,mts_aggregate_1,2003,863.265
dom,sex_f,geo_cov_nat,mts_aggregate_1,2004,862.411
dom,sex_f,geo_cov_nat,mts_aggregate_1,2005,911.991
dom,sex_f,geo_cov_nat,mts_aggregate_1,2006,943.549
dom,sex_f,geo_cov_nat,mts_aggregate_1,2007,989.701
dom,sex_f,geo_cov_nat,mts_aggregate_1,2008,982.236
dom,sex_f,geo_cov_nat,mts_aggregate_1,2009,1074.117
dom,sex_f,geo_cov_nat,mts_aggregate_1,2010,1037.261
dom,sex_f,geo_cov_nat,mts_aggregate_1,2011,1069.177
dom,sex_f,geo_cov_nat,mts_aggregate_1,2012,1017.317
dom,sex_f,geo_cov_nat,mts_aggregate_1,2013,1057.668
dom,sex_f,geo_cov_nat,mts_aggregate_1,2014,1078.041
dom,sex_f,geo_cov_nat,mts_aggregate_1,2015,1063.718
dom,sex_f,geo_cov_nat,mts_aggregate_1,2016,1097.379
dom,sex_f,geo_cov_nat,mts_aggregate_1,2017,1110.005
dom,sex_f,geo_cov_nat,mts_aggregate_1,2018,1112.403
dom,sex_f,geo_cov_nat,mts_aggregate_1,2019,1072.363
dom,sex_f,geo_cov_nat,mts_aggregate_1,2020,1199.487
dom,sex_f,geo_cov_nat,mts_aggregate_1,2021,1141.862
dom,sex_f,geo_cov_nat,mts_aggregate_2,2000,910.991
dom,sex_f,geo_cov_nat,mts_aggregate_2,2001,935.471
dom,sex_f,geo_cov_nat,mts_aggregate_2,2002,917.717
dom,sex_f,geo_cov_nat,mts_aggregate_2,2003,948.807
dom,sex_f,geo_cov_nat,mts_aggregate_2,2004,976.028
dom,sex_f,geo_cov_nat,mts_aggregate_2,2005,946.825
dom,sex_f,geo_cov_nat,mts_aggregate_2,2006,938.302
dom,sex_f,geo_cov_nat,mts_aggregate_2,2007,943.847
dom,sex_f,geo_cov_nat,mts_aggregate_2,2008,935.214
dom,sex_f,geo_cov_nat,mts_aggregate_2,2009,983.579
dom,sex_f,geo_cov_nat,mts_aggregate_2,2010,958.029
dom,sex_f,geo_cov_nat,mts_aggregate_2,2011,900.176
dom,sex_f,geo_cov_nat,mts_aggregate_2,2012,911.555
dom,sex_f,geo_cov_nat,mts_aggregate_2,2013,908.039
dom,sex_f,geo_cov_nat,mts_aggregate_2,2014,931.955
dom,sex_f,geo_cov_nat,mts_aggregate_2,2015,842.875
dom,sex_f,geo_cov_nat,mts_aggregate_2,2016,837.606
dom,sex_f,geo_cov_nat,mts_aggregate_2,2017,843.966
dom,sex_f,geo_cov_nat,mts_aggregate_2,2018,818.229
dom,sex_f,geo_cov_nat,mts_aggregate_2,2019,807.808
dom,sex_f,geo_cov_nat,mts_aggregate_2,2020,912.109
dom,sex_f,geo_cov_nat,mts_aggregate_2,2021,837.968
dom,sex_f,geo_cov_nat,mts_aggregate_total,2000,1717.803
dom,sex_f,geo_cov_nat,mts_aggregate_total,2001,1782.782
dom,sex_f,geo_cov_nat,mts_aggregate_total,2002,1769.99
dom,sex_f,geo_cov_nat,mts_aggregate_total,2003,1812.072
dom,sex_f,geo_cov_nat,mts_aggregate_total,2004,1838.438
dom,sex_f,geo_cov_nat,mts_aggregate_total,2005,1858.816
dom,sex_f,geo_cov_nat,mts_aggregate_total,2006,1881.85
dom,sex_f,geo_cov_nat,mts_aggregate_total,2007,1933.548
dom,sex_f,geo_cov_nat,mts_aggregate_total,2008,1917.45
dom,sex_f,geo_cov_nat,mts_aggregate_total,2009,2057.696
dom,sex_f,geo_cov_nat,mts_aggregate_total,2010,1995.29
dom,sex_f,geo_cov_nat,mts_aggregate_total,2011,1969.352
dom,sex_f,geo_cov_nat,mts_aggregate_total,2012,1928.872
dom,sex_f,geo_cov_nat,mts_aggregate_total,2013,1965.706
dom,sex_f,geo_cov_nat,mts_aggregate_total,2014,2009.996
dom,sex_f,geo_cov_nat,mts_aggregate_total,2015,1906.879
dom,sex_f,geo_cov_nat,mts_aggregate_total,2016,1935.151
dom,sex_f,geo_cov_nat,mts_aggregate_total,2017,1954.161
dom,sex_f,geo_cov_nat,mts_aggregate_total,2018,1931.51
dom,sex_f,geo_cov_nat,mts_aggregate_total,2019,1880.279
dom,sex_f,geo_cov_nat,mts_aggregate_total,2020,2111.831
dom,sex_f,geo_cov_nat,mts_aggregate_total,2021,1980.292
dom,sex_f,geo_cov_nat,mts_aggregate_x,2015,0.287
dom,sex_f,geo_cov_nat,mts_aggregate_x,2020,0.235
dom,sex_f,geo_cov_nat,mts_details_mrd,2000,388.013
dom,sex_f,geo_cov_nat,mts_details_mrd,2001,381.017
dom,sex_f,geo_cov_nat,mts_details_mrd,2002,368.134
dom,sex_f,geo_cov_nat,mts_details_mrd,2003,359.725
dom,sex_f,geo_cov_nat,mts_details_mrd,2004,373.042
dom,sex_f,geo_cov_nat,mts_details_mrd,2005,363.171
dom,sex_f,geo_cov_nat,mts_details_mrd,2006,361.868
dom,sex_f,geo_cov_nat,mts_details_mrd,2007,354.659
dom,sex_f,geo_cov_nat,mts_details_mrd,2008,327.805
dom,sex_f,geo_cov_nat,mts_details_mrd,2009,350.604
dom,sex_f,geo_cov_nat,mts_details_mrd,2010,343.516
dom,sex_f,geo_cov_nat,mts_details_mrd,2011,320.344
dom,sex_f,geo_cov_nat,mts_details_mrd,2012,332.537
dom,sex_f,geo_cov_nat,mts_details_mrd,2013,320.976
dom,sex_f,geo_cov_nat,mts_details_mrd,2014,341.291
dom,sex_f,geo_cov_nat,mts_details_mrd,2015,279.024
dom,sex_f,geo_cov_nat,mts_details_mrd,2016,262.938
dom,sex_f,geo_cov_nat,mts_details_mrd,2017,250.514
dom,sex_f,geo_cov_nat,mts_details_mrd,2018,255.612
dom,sex_f,geo_cov_nat,mts_details_mrd,2019,255.835
dom,sex_f,geo_cov_nat,mts_details_mrd,2020,268.803
dom,sex_f,geo_cov_nat,mts_details_mrd,2021,254.943
dom,sex_f,geo_cov_nat,mts_details_sep,2000,129.758
dom,sex_f,geo_cov_nat,mts_details_sep,2001,159.63
dom,sex_f,geo_cov_nat,mts_details_sep,2002,199.636
dom,sex_f,geo_cov_nat,mts_details_sep,2003,218.019
dom,sex_f,geo_cov_nat,mts_details_sep,2004,218.782
dom,sex_f,geo_cov_nat,mts_details_sep,2005,224.6
dom,sex_f,geo_cov_nat,mts_details_sep,2006,231.131
dom,sex_f,geo_cov_nat,mts_details_sep,2007,243.396
dom,sex_f,geo_cov_nat,mts_details_sep,2008,234.669
dom,sex_f,geo_cov_nat,mts_details_sep,2009,261.9
dom,sex_f,geo_cov_nat,mts_details_sep,2010,262.12
dom,sex_f,geo_cov_nat,mts_details_sep,2011,280.591
dom,sex_f,geo_cov_nat,mts_details_sep,2012,271.527
dom,sex_f,geo_cov_nat,mts_details_sep,2013,292.67
dom,sex_f,geo_cov_nat,mts_details_sep,2014,248.525
dom,sex_f,geo_cov_nat,mts_details_sep,2015,313.734
dom,sex_f,geo_cov_nat,mts_details_sep,2016,328.588
dom,sex_f,geo_cov_nat,mts_details_sep,2017,362.373
dom,sex_f,geo_cov_nat,mts_details_sep,2018,338.769
dom,sex_f,geo_cov_nat,mts_details_sep,2019,314.091
dom,sex_f,geo_cov_nat,mts_details_sep,2020,376.702
dom,sex_f,geo_cov_nat,mts_details_sep,2021,367.835
dom,sex_f,geo_cov_nat,mts_details_sgle,2000,510.791
dom,sex_f,geo_cov_nat,mts_details_sgle,2001,485.88
dom,sex_f,geo_cov_nat,mts_details_sgle,2002,452.767
dom,sex_f,geo_cov_nat,mts_details_sgle,2003,447.152
dom,sex_f,geo_cov_nat,mts_details_sgle,2004,462.175
dom,sex_f,geo_cov_nat,mts_details_sgle,2005,492.14
dom,sex_f,geo_cov_nat,mts_details_sgle,2006,508.377
dom,sex_f,geo_cov_nat,mts_details_sgle,2007,530.493
dom,sex_f,geo_cov_nat,mts_details_sgle,2008,530.124
dom,sex_f,geo_cov_nat,mts_details_sgle,2009,590.748
dom,sex_f,geo_cov_nat,mts_details_sgle,2010,562.626
dom,sex_f,geo_cov_nat,mts_details_sgle,2011,563.862
dom,sex_f,geo_cov_nat,mts_details_sgle,2012,523.242
dom,sex_f,geo_cov_nat,mts_details_sgle,2013,529.553
dom,sex_f,geo_cov_nat,mts_details_sgle,2014,570.229
dom,sex_f,geo_cov_nat,mts_details_sgle,2015,498.956
dom,sex_f,geo_cov_nat,mts_details_sgle,2016,502.409
dom,sex_f,geo_cov_nat,mts_details_sgle,2017,486.769
dom,sex_f,geo_cov_nat,mts_details_sgle,2018,493.946
dom,sex_f,geo_cov_nat,mts_details_sgle,2019,491.224
dom,sex_f,geo_cov_nat,mts_details_sgle,2020,528.394
dom,sex_f,geo_cov_nat,mts_details_sgle,2021,476.894
dom,sex_f,geo_cov_nat,mts_details_total,2000,1717.803
dom,sex_f,geo_cov_nat,mts_details_total,2001,1782.782
dom,sex_f,geo_cov_nat,mts_details_total,2002,1769.99
dom,sex_f,geo_cov_nat,mts_details_total,2003,1812.072
dom,sex_f,geo_cov_nat,mts_details_total,2004,1838.438
dom,sex_f,geo_cov_nat,mts_details_total,2005,1858.816
dom,sex_f,geo_cov_nat,mts_details_total,2006,1881.85
dom,sex_f,geo_cov_nat,mts_details_total,2007,1933.548
dom,sex_f,geo_cov_nat,mts_details_total,2008,1917.45
dom,sex_f,geo_cov_nat,mts_details_total,2009,2057.696
dom,sex_f,geo_cov_nat,mts_details_total,2010,1995.29
dom,sex_f,geo_cov_nat,mts_details_total,2011,1969.352
dom,sex_f,geo_cov_nat,mts_details_total,2012,1928.872
dom,sex_f,geo_cov_nat,mts_details_total,2013,1965.706
dom,sex_f,geo_cov_nat,mts_details_total,2014,2009.996
dom,sex_f,geo_cov_nat,mts_details_total,2015,1906.879
dom,sex_f,geo_cov_nat,mts_details_total,2016,1935.151
dom,sex_f,geo_cov_nat,mts_details_total,2017,1954.161
dom,sex_f,geo_cov_nat,mts_details_total,2018,1931.51
dom,sex_f,geo_cov_nat,mts_details_total,2019,1880.279
dom,sex_f,geo_cov_nat,mts_details_total,2020,2111.831
dom,sex_f,geo_cov_nat,mts_details_total,2021,1980.292
dom,sex_f,geo_cov_nat,mts_details_union,2000,522.979
dom,sex_f,geo_cov_nat,mts_details_union,2001,554.455
dom,sex_f,geo_cov_nat,mts_details_union,2002,549.583
dom,sex_f,geo_cov_nat,mts_details_union,2003,589.082
dom,sex_f,geo_cov_nat,mts_details_union,2004,602.986
dom,sex_f,geo_cov_nat,mts_details_union,2005,583.654
dom,sex_f,geo_cov_nat,mts_details_union,2006,576.434
dom,sex_f,geo_cov_nat,mts_details_union,2007,589.188
dom,sex_f,geo_cov_nat,mts_details_union,2008,607.409
dom,sex_f,geo_cov_nat,mts_details_union,2009,632.976
dom,sex_f,geo_cov_nat,mts_details_union,2010,614.513
dom,sex_f,geo_cov_nat,mts_details_union,2011,579.832
dom,sex_f,geo_cov_nat,mts_details_union,2012,579.019
dom,sex_f,geo_cov_nat,mts_details_union,2013,587.063
dom,sex_f,geo_cov_nat,mts_details_union,2014,590.664
dom,sex_f,geo_cov_nat,mts_details_union,2015,563.851
dom,sex_f,geo_cov_nat,mts_details_union,2016,574.668
dom,sex_f,geo_cov_nat,mts_details_union,2017,593.452
dom,sex_f,geo_cov_nat,mts_details_union,2018,562.617
dom,sex_f,geo_cov_nat,mts_details_union,2019,551.973
dom,sex_f,geo_cov_nat,mts_details_union,2020,643.306
dom,sex_f,geo_cov_nat,mts_details_union,2021,583.025
dom,sex_f,geo_cov_nat,mts_details_wid,2000,166.264
dom,sex_f,geo_cov_nat,mts_details_wid,2001,201.801
dom,sex_f,geo_cov_nat,mts_details_wid,2002,199.871
dom,sex_f,geo_cov_nat,mts_details_wid,2003,198.094
dom,sex_f,geo_cov_nat,mts_details_wid,2004,181.454
dom,sex_f,geo_cov_nat,mts_details_wid,2005,195.252
dom,sex_f,geo_cov_nat,mts_details_wid,2006,204.041
dom,sex_f,geo_cov_nat,mts_details_wid,2007,215.813
dom,sex_f,geo_cov_nat,mts_details_wid,2008,217.444
dom,sex_f,geo_cov_nat,mts_details_wid,2009,221.47
dom,sex_f,geo_cov_nat,mts_details_wid,2010,212.516
dom,sex_f,geo_cov_nat,mts_details_wid,2011,224.724
dom,sex_f,geo_cov_nat,mts_details_wid,2012,222.548
dom,sex_f,geo_cov_nat,mts_details_wid,2013,235.445
dom,sex_f,geo_cov_nat,mts_details_wid,2014,259.288
dom,sex_f,geo_cov_nat,mts_details_wid,2015,251.027
dom,sex_f,geo_cov_nat,mts_details_wid,2016,266.382
dom,sex_f,geo_cov_nat,mts_details_wid,2017,260.863
dom,sex_f,geo_cov_nat,mts_details_wid,2018,279.688
dom,sex_f,geo_cov_nat,mts_details_wid,2019,267.048
dom,sex_f,geo_cov_nat,mts_details_wid,2020,294.39
dom,sex_f,geo_cov_nat,mts_details_wid,2021,297.133
dom,sex_f,geo_cov_nat,mts_details_x,2015,0.287
dom,sex_f,geo_cov_nat,mts_details_x,2020,0.235
dom,sex_f,geo_cov_rur,mts_aggregate_1,2000,272.106
dom,sex_f,geo_cov_rur,mts_aggregate_1,2001,251.552
dom,sex_f,geo_cov_rur,mts_aggregate_1,2002,250.791
dom,sex_f,geo_cov_rur,mts_aggregate_1,2003,238.925
dom,sex_f,geo_cov_rur,mts_aggregate_1,2004,210.523
dom,sex_f,geo_cov_rur,mts_aggregate_1,2005,234.702
dom,sex_f,geo_cov_rur,mts_aggregate_1,2006,209.029
dom,sex_f,geo_cov_rur,mts_aggregate_1,2007,233.657
dom,sex_f,geo_cov_rur,mts_aggregate_1,2008,237.723
dom,sex_f,geo_cov_rur,mts_aggregate_1,2009,269.233
dom,sex_f,geo_cov_rur,mts_aggregate_1,2010,248.969
dom,sex_f,geo_cov_rur,mts_aggregate_1,2011,229.205
dom,sex_f,geo_cov_rur,mts_aggregate_1,2012,233.895
dom,sex_f,geo_cov_rur,mts_aggregate_1,2013,246.181
dom,sex_f,geo_cov_rur,mts_aggregate_1,2014,196.628
dom,sex_f,geo_cov_rur,mts_aggregate_1,2015,207.391
dom,sex_f,geo_cov_rur,mts_aggregate_1,2016,212.156
dom,sex_f,geo_cov_rur,mts_aggregate_1,2017,202.004
dom,sex_f,geo_cov_rur,mts_aggregate_1,2018,194.806
dom,sex_f,geo_cov_rur,mts_aggregate_1,2019,178.659
dom,sex_f,geo_cov_rur,mts_aggregate_1,2020,200.087
dom,sex_f,geo_cov_rur,mts_aggregate_1,2021,181.557
dom,sex_f,geo_cov_rur,mts_aggregate_2,2000,407.746
dom,sex_f,geo_cov_rur,mts_aggregate_2,2001,390.187
dom,sex_f,geo_cov_rur,mts_aggregate_2,2002,355.419
dom,sex_f,geo_cov_rur,mts_aggregate_2,2003,324.266
dom,sex_f,geo_cov_rur,mts_aggregate_2,2004,308.315
dom,sex_f,geo_cov_rur,mts_aggregate_2,2005,327.02
dom,sex_f,geo_cov_rur,mts_aggregate_2,2006,276.354
dom,sex_f,geo_cov_rur,mts_aggregate_2,2007,266.055
dom,sex_f,geo_cov_rur,mts_aggregate_2,2008,295.355
dom,sex_f,geo_cov_rur,mts_aggregate_2,2009,306.614
dom,sex_f,geo_cov_rur,mts_aggregate_2,2010,283.466
dom,sex_f,geo_cov_rur,mts_aggregate_2,2011,254.231
dom,sex_f,geo_cov_rur,mts_aggregate_2,2012,258.371
dom,sex_f,geo_cov_rur,mts_aggregate_2,2013,261.823
dom,sex_f,geo_cov_rur,mts_aggregate_2,2014,207.853
dom,sex_f,geo_cov_rur,mts_aggregate_2,2015,220.196
dom,sex_f,geo_cov_rur,mts_aggregate_2,2016,213.25
dom,sex_f,geo_cov_rur,mts_aggregate_2,2017,220.937
dom,sex_f,geo_cov_rur,mts_aggregate_2,2018,200.15
dom,sex_f,geo_cov_rur,mts_aggregate_2,2019,195.301
dom,sex_f,geo_cov_rur,mts_aggregate_2,2020,188.141
dom,sex_f,geo_cov_rur,mts_aggregate_2,2021,170.11
dom,sex_f,geo_cov_rur,mts_aggregate_total,2000,679.852
dom,sex_f,geo_cov_rur,mts_aggregate_total,2001,641.739
dom,sex_f,geo_cov_rur,mts_aggregate_total,2002,606.209
dom,sex_f,geo_cov_rur,mts_aggregate_total,2003,563.191
dom,sex_f,geo_cov_rur,mts_aggregate_total,2004,518.838
dom,sex_f,geo_cov_rur,mts_aggregate_total,2005,561.722
dom,sex_f,geo_cov_rur,mts_aggregate_total,2006,485.383
dom,sex_f,geo_cov_rur,mts_aggregate_total,2007,499.711
dom,sex_f,geo_cov_rur,mts_aggregate_total,2008,533.078
dom,sex_f,geo_cov_rur,mts_aggregate_total,2009,575.846
dom,sex_f,geo_cov_rur,mts_aggregate_total,2010,532.435
dom,sex_f,geo_cov_rur,mts_aggregate_total,2011,483.436
dom,sex_f,geo_cov_rur,mts_aggregate_total,2012,492.266
dom,sex_f,geo_cov_rur,mts_aggregate_total,2013,508.004
dom,sex_f,geo_cov_rur,mts_aggregate_total,2014,404.48
dom,sex_f,geo_cov_rur,mts_aggregate_total,2015,427.697
dom,sex_f,geo_cov_rur,mts_aggregate_total,2016,425.405
dom,sex_f,geo_cov_rur,mts_aggregate_total,2017,422.941
dom,sex_f,geo_cov_rur,mts_aggregate_total,2018,395.084
dom,sex_f,geo_cov_rur,mts_aggregate_total,2019,374.068
dom,sex_f,geo_cov_rur,mts_aggregate_total,2020,388.228
dom,sex_f,geo_cov_rur,mts_aggregate_total,2021,351.732
dom,sex_f,geo_cov_rur,mts_aggregate_x,2015,0.11
dom,sex_f,geo_cov_rur,mts_details_mrd,2000,149.071
dom,sex_f,geo_cov_rur,mts_details_mrd,2001,146.923
dom,sex_f,geo_cov_rur,mts_details_mrd,2002,120.463
dom,sex_f,geo_cov_rur,mts_details_mrd,2003,109.115
dom,sex_f,geo_cov_rur,mts_details_mrd,2004,97.883
dom,sex_f,geo_cov_rur,mts_details_mrd,2005,108.363
dom,sex_f,geo_cov_rur,mts_details_mrd,2006,92.52
dom,sex_f,geo_cov_rur,mts_details_mrd,2007,86.263
dom,sex_f,geo_cov_rur,mts_details_mrd,2008,89.625
dom,sex_f,geo_cov_rur,mts_details_mrd,2009,97.343
dom,sex_f,geo_cov_rur,mts_details_mrd,2010,87.747
dom,sex_f,geo_cov_rur,mts_details_mrd,2011,72.996
dom,sex_f,geo_cov_rur,mts_details_mrd,2012,76.555
dom,sex_f,geo_cov_rur,mts_details_mrd,2013,83.286
dom,sex_f,geo_cov_rur,mts_details_mrd,2014,64.809
dom,sex_f,geo_cov_rur,mts_details_mrd,2015,53.532
dom,sex_f,geo_cov_rur,mts_details_mrd,2016,52.458
dom,sex_f,geo_cov_rur,mts_details_mrd,2017,48.38
dom,sex_f,geo_cov_rur,mts_details_mrd,2018,45.596
dom,sex_f,geo_cov_rur,mts_details_mrd,2019,40.889
dom,sex_f,geo_cov_rur,mts_details_mrd,2020,32.585
dom,sex_f,geo_cov_rur,mts_details_mrd,2021,31.216
dom,sex_f,geo_cov_rur,mts_details_sep,2000,45.982
dom,sex_f,geo_cov_rur,mts_details_sep,2001,50.393
dom,sex_f,geo_cov_rur,mts_details_sep,2002,58.143
dom,sex_f,geo_cov_rur,mts_details_sep,2003,57.988
dom,sex_f,geo_cov_rur,mts_details_sep,2004,53.504
dom,sex_f,geo_cov_rur,mts_details_sep,2005,57.961
dom,sex_f,geo_cov_rur,mts_details_sep,2006,53.258
dom,sex_f,geo_cov_rur,mts_details_sep,2007,58.326
dom,sex_f,geo_cov_rur,mts_details_sep,2008,54.378
dom,sex_f,geo_cov_rur,mts_details_sep,2009,64.142
dom,sex_f,geo_cov_rur,mts_details_sep,2010,58.798
dom,sex_f,geo_cov_rur,mts_details_sep,2011,59.489
dom,sex_f,geo_cov_rur,mts_details_sep,2012,66.765
dom,sex_f,geo_cov_rur,mts_details_sep,2013,72.266
dom,sex_f,geo_cov_rur,mts_details_sep,2014,45.076
dom,sex_f,geo_cov_rur,mts_details_sep,2015,57.075
dom,sex_f,geo_cov_rur,mts_details_sep,2016,54.993
dom,sex_f,geo_cov_rur,mts_details_sep,2017,64.632
dom,sex_f,geo_cov_rur,mts_details_sep,2018,56.404
dom,sex_f,geo_cov_rur,mts_details_sep,2019,54.047
dom,sex_f,geo_cov_rur,mts_details_sep,2020,61.262
dom,sex_f,geo_cov_rur,mts_details_sep,2021,57.271
dom,sex_f,geo_cov_rur,mts_details_sgle,2000,164.456
dom,sex_f,geo_cov_rur,mts_details_sgle,2001,130.109
dom,sex_f,geo_cov_rur,mts_details_sgle,2002,122.546
dom,sex_f,geo_cov_rur,mts_details_sgle,2003,113.574
dom,sex_f,geo_cov_rur,mts_details_sgle,2004,104.721
dom,sex_f,geo_cov_rur,mts_details_sgle,2005,119.123
dom,sex_f,geo_cov_rur,mts_details_sgle,2006,98.592
dom,sex_f,geo_cov_rur,mts_details_sgle,2007,114.981
dom,sex_f,geo_cov_rur,mts_details_sgle,2008,122.156
dom,sex_f,geo_cov_rur,mts_details_sgle,2009,141.986
dom,sex_f,geo_cov_rur,mts_details_sgle,2010,123.839
dom,sex_f,geo_cov_rur,mts_details_sgle,2011,113.415
dom,sex_f,geo_cov_rur,mts_details_sgle,2012,108.664
dom,sex_f,geo_cov_rur,mts_details_sgle,2013,111.395
dom,sex_f,geo_cov_rur,mts_details_sgle,2014,91.172
dom,sex_f,geo_cov_rur,mts_details_sgle,2015,97.006
dom,sex_f,geo_cov_rur,mts_details_sgle,2016,99.102
dom,sex_f,geo_cov_rur,mts_details_sgle,2017,83.666
dom,sex_f,geo_cov_rur,mts_details_sgle,2018,82.151
dom,sex_f,geo_cov_rur,mts_details_sgle,2019,77.538
dom,sex_f,geo_cov_rur,mts_details_sgle,2020,83.354
dom,sex_f,geo_cov_rur,mts_details_sgle,2021,72.218
dom,sex_f,geo_cov_rur,mts_details_total,2000,679.852
dom,sex_f,geo_cov_rur,mts_details_total,2001,641.739
dom,sex_f,geo_cov_rur,mts_details_total,2002,606.209
dom,sex_f,geo_cov_rur,mts_details_total,2003,563.191
dom,sex_f,geo_cov_rur,mts_details_total,2004,518.838
dom,sex_f,geo_cov_rur,mts_details_total,2005,561.722
dom,sex_f,geo_cov_rur,mts_details_total,2006,485.383
dom,sex_f,geo_cov_rur,mts_details_total,2007,499.711
dom,sex_f,geo_cov_rur,mts_details_total,2008,533.078
dom,sex_f,geo_cov_rur,mts_details_total,2009,575.846
dom,sex_f,geo_cov_rur,mts_details_total,2010,532.435
dom,sex_f,geo_cov_rur,mts_details_total,2011,483.436
dom,sex_f,geo_cov_rur,mts_details_total,2012,492.266
dom,sex_f,geo_cov_rur,mts_details_total,2013,508.004
dom,sex_f,geo_cov_rur,mts_details_total,2014,404.48
dom,sex_f,geo_cov_rur,mts_details_total,2015,427.697
dom,sex_f,geo_cov_rur,mts_details_total,2016,425.405
dom,sex_f,geo_cov_rur,mts_details_total,2017,422.941
dom,sex_f,geo_cov_rur,mts_details_total,2018,395.084
dom,sex_f,geo_cov_rur,mts_details_total,2019,374.068
dom,sex_f,geo_cov_rur,mts_details_total,2020,388.228
dom,sex_f,geo_cov_rur,mts_details_total,2021,351.732
dom,sex_f,geo_cov_rur,mts_details_union,2000,258.675
dom,sex_f,geo_cov_rur,mts_details_union,2001,243.264
dom,sex_f,geo_cov_rur,mts_details_union,2002,234.956
dom,sex_f,geo_cov_rur,mts_details_union,2003,215.152
dom,sex_f,geo_cov_rur,mts_details_union,2004,210.432
dom,sex_f,geo_cov_rur,mts_details_union,2005,218.658
dom,sex_f,geo_cov_rur,mts_details_union,2006,183.834
dom,sex_f,geo_cov_rur,mts_details_union,2007,179.792
dom,sex_f,geo_cov_rur,mts_details_union,2008,205.73
dom,sex_f,geo_cov_rur,mts_details_union,2009,209.271
dom,sex_f,geo_cov_rur,mts_details_union,2010,195.72
dom,sex_f,geo_cov_rur,mts_details_union,2011,181.236
dom,sex_f,geo_cov_rur,mts_details_union,2012,181.816
dom,sex_f,geo_cov_rur,mts_details_union,2013,178.538
dom,sex_f,geo_cov_rur,mts_details_union,2014,143.044
dom,sex_f,geo_cov_rur,mts_details_union,2015,166.664
dom,sex_f,geo_cov_rur,mts_details_union,2016,160.792
dom,sex_f,geo_cov_rur,mts_details_union,2017,172.557
dom,sex_f,geo_cov_rur,mts_details_union,2018,154.554
dom,sex_f,geo_cov_rur,mts_details_union,2019,154.412
dom,sex_f,geo_cov_rur,mts_details_union,2020,155.556
dom,sex_f,geo_cov_rur,mts_details_union,2021,138.894
dom,sex_f,geo_cov_rur,mts_details_wid,2000,61.669
dom,sex_f,geo_cov_rur,mts_details_wid,2001,71.05
dom,sex_f,geo_cov_rur,mts_details_wid,2002,70.102
dom,sex_f,geo_cov_rur,mts_details_wid,2003,67.364
dom,sex_f,geo_cov_rur,mts_details_wid,2004,52.298
dom,sex_f,geo_cov_rur,mts_details_wid,2005,57.619
dom,sex_f,geo_cov_rur,mts_details_wid,2006,57.179
dom,sex_f,geo_cov_rur,mts_details_wid,2007,60.35
dom,sex_f,geo_cov_rur,mts_details_wid,2008,61.19
dom,sex_f,geo_cov_rur,mts_details_wid,2009,63.105
dom,sex_f,geo_cov_rur,mts_details_wid,2010,66.333
dom,sex_f,geo_cov_rur,mts_details_wid,2011,56.301
dom,sex_f,geo_cov_rur,mts_details_wid,2012,58.467
dom,sex_f,geo_cov_rur,mts_details_wid,2013,62.521
dom,sex_f,geo_cov_rur,mts_details_wid,2014,60.38
dom,sex_f,geo_cov_rur,mts_details_wid,2015,53.31
dom,sex_f,geo_cov_rur,mts_details_wid,2016,58.06
dom,sex_f,geo_cov_rur,mts_details_wid,2017,53.706
dom,sex_f,geo_cov_rur,mts_details_wid,2018,56.251
dom,sex_f,geo_cov_rur,mts_details_wid,2019,47.074
dom,sex_f,geo_cov_rur,mts_details_wid,2020,55.47
dom,sex_f,geo_cov_rur,mts_details_wid,2021,52.069
dom,sex_f,geo_cov_rur,mts_details_x,2015,0.11
dom,sex_f,geo_cov_urb,mts_aggregate_1,2000,534.706
dom,sex_f,geo_cov_urb,mts_aggregate_1,2001,595.759
dom,sex_f,geo_cov_urb,mts_aggregate_1,2002,601.483
dom,sex_f,geo_cov_urb,mts_aggregate_1,2003,624.34
dom,sex_f,geo_cov_urb,mts_aggregate_1,2004,651.888
dom,sex_f,geo_cov_urb,mts_aggregate_1,2005,677.289
dom,sex_f,geo_cov_urb,mts_aggregate_1,2006,734.52
dom,sex_f,geo_cov_urb,mts_aggregate_1,2007,756.045
dom,sex_f,geo_cov_urb,mts_aggregate_1,2008,744.513
dom,sex_f,geo_cov_urb,mts_aggregate_1,2009,804.885
dom,sex_f,geo_cov_urb,mts_aggregate_1,2010,788.292
dom,sex_f,geo_cov_urb,mts_aggregate_1,2011,839.972
dom,sex_f,geo_cov_urb,mts_aggregate_1,2012,783.422
dom,sex_f,geo_cov_urb,mts_aggregate_1,2013,811.487
dom,sex_f,geo_cov_urb,mts_aggregate_1,2014,881.414
dom,sex_f,geo_cov_urb,mts_aggregate_1,2015,856.327
dom,sex_f,geo_cov_urb,mts_aggregate_1,2016,885.223
dom,sex_f,geo_cov_urb,mts_aggregate_1,2017,908.001
dom,sex_f,geo_cov_urb,mts_aggregate_1,2018,917.598
dom,sex_f,geo_cov_urb,mts_aggregate_1,2019,893.704
dom,sex_f,geo_cov_urb,mts_aggregate_1,2020,999.4
dom,sex_f,geo_cov_urb,mts_aggregate_1,2021,960.305
dom,sex_f,geo_cov_urb,mts_aggregate_2,2000,503.246
dom,sex_f,geo_cov_urb,mts_aggregate_2,2001,545.284
dom,sex_f,geo_cov_urb,mts_aggregate_2,2002,562.298
dom,sex_f,geo_cov_urb,mts_aggregate_2,2003,624.541
dom,sex_f,geo_cov_urb,mts_aggregate_2,2004,667.713
dom,sex_f,geo_cov_urb,mts_aggregate_2,2005,619.805
dom,sex_f,geo_cov_urb,mts_aggregate_2,2006,661.948
dom,sex_f,geo_cov_urb,mts_aggregate_2,2007,677.792
dom,sex_f,geo_cov_urb,mts_aggregate_2,2008,639.86
dom,sex_f,geo_cov_urb,mts_aggregate_2,2009,676.966
dom,sex_f,geo_cov_urb,mts_aggregate_2,2010,674.563
dom,sex_f,geo_cov_urb,mts_aggregate_2,2011,645.945
dom,sex_f,geo_cov_urb,mts_aggregate_2,2012,653.185
dom,sex_f,geo_cov_urb,mts_aggregate_2,2013,646.216
dom,sex_f,geo_cov_urb,mts_aggregate_2,2014,724.102
dom,sex_f,geo_cov_urb,mts_aggregate_2,2015,622.679
dom,sex_f,geo_cov_urb,mts_aggregate_2,2016,624.356
dom,sex_f,geo_cov_urb,mts_aggregate_2,2017,623.029
dom,sex_f,geo_cov_urb,mts_aggregate_2,2018,618.079
dom,sex_f,geo_cov_urb,mts_aggregate_2,2019,612.507
dom,sex_f,geo_cov_urb,mts_aggregate_2,2020,723.968
dom,sex_f,geo_cov_urb,mts_aggregate_2,2021,667.858
dom,sex_f,geo_cov_urb,mts_aggregate_total,2000,1037.952
dom,sex_f,geo_cov_urb,mts_aggregate_total,2001,1141.043
dom,sex_f,geo_cov_urb,mts_aggregate_total,2002,1163.781
dom,sex_f,geo_cov_urb,mts_aggregate_total,2003,1248.881
dom,sex_f,geo_cov_urb,mts_aggregate_total,2004,1319.601
dom,sex_f,geo_cov_urb,mts_aggregate_total,2005,1297.094
dom,sex_f,geo_cov_urb,mts_aggregate_total,2006,1396.468
dom,sex_f,geo_cov_urb,mts_aggregate_total,2007,1433.837
dom,sex_f,geo_cov_urb,mts_aggregate_total,2008,1384.373
dom,sex_f,geo_cov_urb,mts_aggregate_total,2009,1481.85
dom,sex_f,geo_cov_urb,mts_aggregate_total,2010,1462.855
dom,sex_f,geo_cov_urb,mts_aggregate_total,2011,1485.917
dom,sex_f,geo_cov_urb,mts_aggregate_total,2012,1436.606
dom,sex_f,geo_cov_urb,mts_aggregate_total,2013,1457.702
dom,sex_f,geo_cov_urb,mts_aggregate_total,2014,1605.516
dom,sex_f,geo_cov_urb,mts_aggregate_total,2015,1479.182
dom,sex_f,geo_cov_urb,mts_aggregate_total,2016,1509.745
dom,sex_f,geo_cov_urb,mts_aggregate_total,2017,1531.22
dom,sex_f,geo_cov_urb,mts_aggregate_total,2018,1536.426
dom,sex_f,geo_cov_urb,mts_aggregate_total,2019,1506.211
dom,sex_f,geo_cov_urb,mts_aggregate_total,2020,1723.603
dom,sex_f,geo_cov_urb,mts_aggregate_total,2021,1628.56
dom,sex_f,geo_cov_urb,mts_aggregate_x,2015,0.177
dom,sex_f,geo_cov_urb,mts_aggregate_x,2020,0.235
dom,sex_f,geo_cov_urb,mts_details_mrd,2000,238.942
dom,sex_f,geo_cov_urb,mts_details_mrd,2001,234.094
dom,sex_f,geo_cov_urb,mts_details_mrd,2002,247.672
dom,sex_f,geo_cov_urb,mts_details_mrd,2003,250.61
dom,sex_f,geo_cov_urb,mts_details_mrd,2004,275.159
dom,sex_f,geo_cov_urb,mts_details_mrd,2005,254.809
dom,sex_f,geo_cov_urb,mts_details_mrd,2006,269.348
dom,sex_f,geo_cov_urb,mts_details_mrd,2007,268.396
dom,sex_f,geo_cov_urb,mts_details_mrd,2008,238.181
dom,sex_f,geo_cov_urb,mts_details_mrd,2009,253.261
dom,sex_f,geo_cov_urb,mts_details_mrd,2010,255.769
dom,sex_f,geo_cov_urb,mts_details_mrd,2011,247.349
dom,sex_f,geo_cov_urb,mts_details_mrd,2012,255.982
dom,sex_f,geo_cov_urb,mts_details_mrd,2013,237.69
dom,sex_f,geo_cov_urb,mts_details_mrd,2014,276.483
dom,sex_f,geo_cov_urb,mts_details_mrd,2015,225.492
dom,sex_f,geo_cov_urb,mts_details_mrd,2016,210.48
dom,sex_f,geo_cov_urb,mts_details_mrd,2017,202.133
dom,sex_f,geo_cov_urb,mts_details_mrd,2018,210.017
dom,sex_f,geo_cov_urb,mts_details_mrd,2019,214.946
dom,sex_f,geo_cov_urb,mts_details_mrd,2020,236.218
dom,sex_f,geo_cov_urb,mts_details_mrd,2021,223.727
dom,sex_f,geo_cov_urb,mts_details_sep,2000,83.776
dom,sex_f,geo_cov_urb,mts_details_sep,2001,109.237
dom,sex_f,geo_cov_urb,mts_details_sep,2002,141.493
dom,sex_f,geo_cov_urb,mts_details_sep,2003,160.032
dom,sex_f,geo_cov_urb,mts_details_sep,2004,165.278
dom,sex_f,geo_cov_urb,mts_details_sep,2005,166.639
dom,sex_f,geo_cov_urb,mts_details_sep,2006,177.873
dom,sex_f,geo_cov_urb,mts_details_sep,2007,185.07
dom,sex_f,geo_cov_urb,mts_details_sep,2008,180.292
dom,sex_f,geo_cov_urb,mts_details_sep,2009,197.758
dom,sex_f,geo_cov_urb,mts_details_sep,2010,203.322
dom,sex_f,geo_cov_urb,mts_details_sep,2011,221.102
dom,sex_f,geo_cov_urb,mts_details_sep,2012,204.762
dom,sex_f,geo_cov_urb,mts_details_sep,2013,220.404
dom,sex_f,geo_cov_urb,mts_details_sep,2014,203.449
dom,sex_f,geo_cov_urb,mts_details_sep,2015,256.659
dom,sex_f,geo_cov_urb,mts_details_sep,2016,273.594
dom,sex_f,geo_cov_urb,mts_details_sep,2017,297.741
dom,sex_f,geo_cov_urb,mts_details_sep,2018,282.365
dom,sex_f,geo_cov_urb,mts_details_sep,2019,260.044
dom,sex_f,geo_cov_urb,mts_details_sep,2020,315.44
dom,sex_f,geo_cov_urb,mts_details_sep,2021,310.564
dom,sex_f,geo_cov_urb,mts_details_sgle,2000,346.335
dom,sex_f,geo_cov_urb,mts_details_sgle,2001,355.771
dom,sex_f,geo_cov_urb,mts_details_sgle,2002,330.222
dom,sex_f,geo_cov_urb,mts_details_sgle,2003,333.579
dom,sex_f,geo_cov_urb,mts_details_sgle,2004,357.455
dom,sex_f,geo_cov_urb,mts_details_sgle,2005,373.017
dom,sex_f,geo_cov_urb,mts_details_sgle,2006,409.785
dom,sex_f,geo_cov_urb,mts_details_sgle,2007,415.513
dom,sex_f,geo_cov_urb,mts_details_sgle,2008,407.968
dom,sex_f,geo_cov_urb,mts_details_sgle,2009,448.762
dom,sex_f,geo_cov_urb,mts_details_sgle,2010,438.787
dom,sex_f,geo_cov_urb,mts_details_sgle,2011,450.447
dom,sex_f,geo_cov_urb,mts_details_sgle,2012,414.578
dom,sex_f,geo_cov_urb,mts_details_sgle,2013,418.158
dom,sex_f,geo_cov_urb,mts_details_sgle,2014,479.057
dom,sex_f,geo_cov_urb,mts_details_sgle,2015,401.95
dom,sex_f,geo_cov_urb,mts_details_sgle,2016,403.307
dom,sex_f,geo_cov_urb,mts_details_sgle,2017,403.103
dom,sex_f,geo_cov_urb,mts_details_sgle,2018,411.795
dom,sex_f,geo_cov_urb,mts_details_sgle,2019,413.686
dom,sex_f,geo_cov_urb,mts_details_sgle,2020,445.04
dom,sex_f,geo_cov_urb,mts_details_sgle,2021,404.676
dom,sex_f,geo_cov_urb,mts_details_total,2000,1037.952
dom,sex_f,geo_cov_urb,mts_details_total,2001,1141.043
dom,sex_f,geo_cov_urb,mts_details_total,2002,1163.781
dom,sex_f,geo_cov_urb,mts_details_total,2003,1248.881
dom,sex_f,geo_cov_urb,mts_details_total,2004,1319.601
dom,sex_f,geo_cov_urb,mts_details_total,2005,1297.094
dom,sex_f,geo_cov_urb,mts_details_total,2006,1396.468
dom,sex_f,geo_cov_urb,mts_details_total,2007,1433.837
dom,sex_f,geo_cov_urb,mts_details_total,2008,1384.373
dom,sex_f,geo_cov_urb,mts_details_total,2009,1481.85
dom,sex_f,geo_cov_urb,mts_details_total,2010,1462.855
dom,sex_f,geo_cov_urb,mts_details_total,2011,1485.917
dom,sex_f,geo_cov_urb,mts_details_total,2012,1436.606
dom,sex_f,geo_cov_urb,mts_details_total,2013,1457.702
dom,sex_f,geo_cov_urb,mts_details_total,2014,1605.516
dom,sex_f,geo_cov_urb,mts_details_total,2015,1479.182
dom,sex_f,geo_cov_urb,mts_details_total,2016,1509.745
dom,sex_f,geo_cov_urb,mts_details_total,2017,1531.22
dom,sex_f,geo_cov_urb,mts_details_total,2018,1536.426
dom,sex_f,geo_cov_urb,mts_details_total,2019,1506.211
dom,sex_f,geo_cov_urb,mts_details_total,2020,1723.603
dom,sex_f,geo_cov_urb,mts_details_total,2021,1628.56
dom,sex_f,geo_cov_urb,mts_details_union,2000,264.304
dom,sex_f,geo_cov_urb,mts_details_union,2001,311.191
dom,sex_f,geo_cov_urb,mts_details_union,2002,314.627
dom,sex_f,geo_cov_urb,mts_details_union,2003,373.931
dom,sex_f,geo_cov_urb,mts_details_union,2004,392.554
dom,sex_f,geo_cov_urb,mts_details_union,2005,364.997
dom,sex_f,geo_cov_urb,mts_details_union,2006,392.6
dom,sex_f,geo_cov_urb,mts_details_union,2007,409.396
dom,sex_f,geo_cov_urb,mts_details_union,2008,401.679
dom,sex_f,geo_cov_urb,mts_details_union,2009,423.705
dom,sex_f,geo_cov_urb,mts_details_union,2010,418.794
dom,sex_f,geo_cov_urb,mts_details_union,2011,398.596
dom,sex_f,geo_cov_urb,mts_details_union,2012,397.203
dom,sex_f,geo_cov_urb,mts_details_union,2013,408.526
dom,sex_f,geo_cov_urb,mts_details_union,2014,447.62
dom,sex_f,geo_cov_urb,mts_details_union,2015,397.186
dom,sex_f,geo_cov_urb,mts_details_union,2016,413.876
dom,sex_f,geo_cov_urb,mts_details_union,2017,420.895
dom,sex_f,geo_cov_urb,mts_details_union,2018,408.063
dom,sex_f,geo_cov_urb,mts_details_union,2019,397.561
dom,sex_f,geo_cov_urb,mts_details_union,2020,487.75
dom,sex_f,geo_cov_urb,mts_details_union,2021,444.131
dom,sex_f,geo_cov_urb,mts_details_wid,2000,104.596
dom,sex_f,geo_cov_urb,mts_details_wid,2001,130.751
dom,sex_f,geo_cov_urb,mts_details_wid,2002,129.769
dom,sex_f,geo_cov_urb,mts_details_wid,2003,130.73
dom,sex_f,geo_cov_urb,mts_details_wid,2004,129.156
dom,sex_f,geo_cov_urb,mts_details_wid,2005,137.633
dom,sex_f,geo_cov_urb,mts_details_wid,2006,146.862
dom,sex_f,geo_cov_urb,mts_details_wid,2007,155.463
dom,sex_f,geo_cov_urb,mts_details_wid,2008,156.254
dom,sex_f,geo_cov_urb,mts_details_wid,2009,158.365
dom,sex_f,geo_cov_urb,mts_details_wid,2010,146.184
dom,sex_f,geo_cov_urb,mts_details_wid,2011,168.423
dom,sex_f,geo_cov_urb,mts_details_wid,2012,164.082
dom,sex_f,geo_cov_urb,mts_details_wid,2013,172.925
dom,sex_f,geo_cov_urb,mts_details_wid,2014,198.908
dom,sex_f,geo_cov_urb,mts_details_wid,2015,197.717
dom,sex_f,geo_cov_urb,mts_details_wid,2016,208.322
dom,sex_f,geo_cov_urb,mts_details_wid,2017,207.157
dom,sex_f,geo_cov_urb,mts_details_wid,2018,223.437
dom,sex_f,geo_cov_urb,mts_details_wid,2019,219.974
dom,sex_f,geo_cov_urb,mts_details_wid,2020,238.92
dom,sex_f,geo_cov_urb,mts_details_wid,2021,245.065
dom,sex_f,geo_cov_urb,mts_details_x,2015,0.177
dom,sex_f,geo_cov_urb,mts_details_x,2020,0.235
dom,sex_m,geo_cov_nat,mts_aggregate_1,2000,437.04
dom,sex_m,geo_cov_nat,mts_aggregate_1,2001,463.835
dom,sex_m,geo_cov_nat,mts_aggregate_1,2002,504.926
dom,sex_m,geo_cov_nat,mts_aggregate_1,2003,532.279
dom,sex_m,geo_cov_nat,mts_aggregate_1,2004,529.378
dom,sex_m,geo_cov_nat,mts_aggregate_1,2005,576.139
dom,sex_m,geo_cov_nat,mts_aggregate_1,2006,566.776
dom,sex_m,geo_cov_nat,mts_aggregate_1,2007,590.623
dom,sex_m,geo_cov_nat,mts_aggregate_1,2008,601.991
dom,sex_m,geo_cov_nat,mts_aggregate_1,2009,676.41
dom,sex_m,geo_cov_nat,mts_aggregate_1,2010,684.983
dom,sex_m,geo_cov_nat,mts_aggregate_1,2011,675.2
dom,sex_m,geo_cov_nat,mts_aggregate_1,2012,654.894
dom,sex_m,geo_cov_nat,mts_aggregate_1,2013,677.643
dom,sex_m,geo_cov_nat,mts_aggregate_1,2014,666.603
dom,sex_m,geo_cov_nat,mts_aggregate_1,2015,586.835
dom,sex_m,geo_cov_nat,mts_aggregate_1,2016,598.914
dom,sex_m,geo_cov_nat,mts_aggregate_1,2017,630.067
dom,sex_m,geo_cov_nat,mts_aggregate_1,2018,589.197
dom,sex_m,geo_cov_nat,mts_aggregate_1,2019,569.435
dom,sex_m,geo_cov_nat,mts_aggregate_1,2020,676.209
dom,sex_m,geo_cov_nat,mts_aggregate_1,2021,640.956
dom,sex_m,geo_cov_nat,mts_aggregate_2,2000,156.806
dom,sex_m,geo_cov_nat,mts_aggregate_2,2001,174.674
dom,sex_m,geo_cov_nat,mts_aggregate_2,2002,189.513
dom,sex_m,geo_cov_nat,mts_aggregate_2,2003,202.261
dom,sex_m,geo_cov_nat,mts_aggregate_2,2004,205.582
dom,sex_m,geo_cov_nat,mts_aggregate_2,2005,220.559
dom,sex_m,geo_cov_nat,mts_aggregate_2,2006,213.268
dom,sex_m,geo_cov_nat,mts_aggregate_2,2007,204.089
dom,sex_m,geo_cov_nat,mts_aggregate_2,2008,229.554
dom,sex_m,geo_cov_nat,mts_aggregate_2,2009,222.621
dom,sex_m,geo_cov_nat,mts_aggregate_2,2010,240.052
dom,sex_m,geo_cov_nat,mts_aggregate_2,2011,236.031
dom,sex_m,geo_cov_nat,mts_aggregate_2,2012,226.779
dom,sex_m,geo_cov_nat,mts_aggregate_2,2013,226.65
dom,sex_m,geo_cov_nat,mts_aggregate_2,2014,250.028
dom,sex_m,geo_cov_nat,mts_aggregate_2,2015,234.384
dom,sex_m,geo_cov_nat,mts_aggregate_2,2016,229.924
dom,sex_m,geo_cov_nat,mts_aggregate_2,2017,223.779
dom,sex_m,geo_cov_nat,mts_aggregate_2,2018,218.533
dom,sex_m,geo_cov_nat,mts_aggregate_2,2019,232.162
dom,sex_m,geo_cov_nat,mts_aggregate_2,2020,284.185
dom,sex_m,geo_cov_nat,mts_aggregate_2,2021,256.559
dom,sex_m,geo_cov_nat,mts_aggregate_total,2000,593.845
dom,sex_m,geo_cov_nat,mts_aggregate_total,2001,638.509
dom,sex_m,geo_cov_nat,mts_aggregate_total,2002,694.438
dom,sex_m,geo_cov_nat,mts_aggregate_total,2003,734.539
dom,sex_m,geo_cov_nat,mts_aggregate_total,2004,734.959
dom,sex_m,geo_cov_nat,mts_aggregate_total,2005,796.698
dom,sex_m,geo_cov_nat,mts_aggregate_total,2006,780.043
dom,sex_m,geo_cov_nat,mts_aggregate_total,2007,794.712
dom,sex_m,geo_cov_nat,mts_aggregate_total,2008,831.544
dom,sex_m,geo_cov_nat,mts_aggregate_total,2009,899.03
dom,sex_m,geo_cov_nat,mts_aggregate_total,2010,925.035
dom,sex_m,geo_cov_nat,mts_aggregate_total,2011,911.231
dom,sex_m,geo_cov_nat,mts_aggregate_total,2012,881.673
dom,sex_m,geo_cov_nat,mts_aggregate_total,2013,904.292
dom,sex_m,geo_cov_nat,mts_aggregate_total,2014,916.631
dom,sex_m,geo_cov_nat,mts_aggregate_total,2015,821.29
dom,sex_m,geo_cov_nat,mts_aggregate_total,2016,828.956
dom,sex_m,geo_cov_nat,mts_aggregate_total,2017,854.134
dom,sex_m,geo_cov_nat,mts_aggregate_total,2018,807.84
dom,sex_m,geo_cov_nat,mts_aggregate_total,2019,801.597
dom,sex_m,geo_cov_nat,mts_aggregate_total,2020,960.394
dom,sex_m,geo_cov_nat,mts_aggregate_total,2021,897.515
dom,sex_m,geo_cov_nat,mts_aggregate_x,2015,0.071
dom,sex_m,geo_cov_nat,mts_details_mrd,2000,98.999
dom,sex_m,geo_cov_nat,mts_details_mrd,2001,104.641
dom,sex_m,geo_cov_nat,mts_details_mrd,2002,117.266
dom,sex_m,geo_cov_nat,mts_details_mrd,2003,118.929
dom,sex_m,geo_cov_nat,mts_details_mrd,2004,122.215
dom,sex_m,geo_cov_nat,mts_details_mrd,2005,129.798
dom,sex_m,geo_cov_nat,mts_details_mrd,2006,127.809
dom,sex_m,geo_cov_nat,mts_details_mrd,2007,113.758
dom,sex_m,geo_cov_nat,mts_details_mrd,2008,139.216
dom,sex_m,geo_cov_nat,mts_details_mrd,2009,125.631
dom,sex_m,geo_cov_nat,mts_details_mrd,2010,142.841
dom,sex_m,geo_cov_nat,mts_details_mrd,2011,136.682
dom,sex_m,geo_cov_nat,mts_details_mrd,2012,129.799
dom,sex_m,geo_cov_nat,mts_details_mrd,2013,132.834
dom,sex_m,geo_cov_nat,mts_details_mrd,2014,151.418
dom,sex_m,geo_cov_nat,mts_details_mrd,2015,126.55
dom,sex_m,geo_cov_nat,mts_details_mrd,2016,121.196
dom,sex_m,geo_cov_nat,mts_details_mrd,2017,110.748
dom,sex_m,geo_cov_nat,mts_details_mrd,2018,114.842
dom,sex_m,geo_cov_nat,mts_details_mrd,2019,121.137
dom,sex_m,geo_cov_nat,mts_details_mrd,2020,137.499
dom,sex_m,geo_cov_nat,mts_details_mrd,2021,134.327
dom,sex_m,geo_cov_nat,mts_details_sep,2000,21.313
dom,sex_m,geo_cov_nat,mts_details_sep,2001,31.619
dom,sex_m,geo_cov_nat,mts_details_sep,2002,33.955
dom,sex_m,geo_cov_nat,mts_details_sep,2003,40.795
dom,sex_m,geo_cov_nat,mts_details_sep,2004,41.845
dom,sex_m,geo_cov_nat,mts_details_sep,2005,47.098
dom,sex_m,geo_cov_nat,mts_details_sep,2006,55.993
dom,sex_m,geo_cov_nat,mts_details_sep,2007,52.405
dom,sex_m,geo_cov_nat,mts_details_sep,2008,51.328
dom,sex_m,geo_cov_nat,mts_details_sep,2009,67.627
dom,sex_m,geo_cov_nat,mts_details_sep,2010,65.501
dom,sex_m,geo_cov_nat,mts_details_sep,2011,65.925
dom,sex_m,geo_cov_nat,mts_details_sep,2012,64.125
dom,sex_m,geo_cov_nat,mts_details_sep,2013,78.733
dom,sex_m,geo_cov_nat,mts_details_sep,2014,72.265
dom,sex_m,geo_cov_nat,mts_details_sep,2015,77.464
dom,sex_m,geo_cov_nat,mts_details_sep,2016,88.204
dom,sex_m,geo_cov_nat,mts_details_sep,2017,94.805
dom,sex_m,geo_cov_nat,mts_details_sep,2018,78.058
dom,sex_m,geo_cov_nat,mts_details_sep,2019,87.27
dom,sex_m,geo_cov_nat,mts_details_sep,2020,110.308
dom,sex_m,geo_cov_nat,mts_details_sep,2021,114.51
dom,sex_m,geo_cov_nat,mts_details_sgle,2000,390.786
dom,sex_m,geo_cov_nat,mts_details_sgle,2001,404.527
dom,sex_m,geo_cov_nat,mts_details_sgle,2002,440.642
dom,sex_m,geo_cov_nat,mts_details_sgle,2003,460.153
dom,sex_m,geo_cov_nat,mts_details_sgle,2004,459.638
dom,sex_m,geo_cov_nat,mts_details_sgle,2005,498.194
dom,sex_m,geo_cov_nat,mts_details_sgle,2006,477.725
dom,sex_m,geo_cov_nat,mts_details_sgle,2007,494.244
dom,sex_m,geo_cov_nat,mts_details_sgle,2008,510.376
dom,sex_m,geo_cov_nat,mts_details_sgle,2009,567.783
dom,sex_m,geo_cov_nat,mts_details_sgle,2010,571.783
dom,sex_m,geo_cov_nat,mts_details_sgle,2011,563.775
dom,sex_m,geo_cov_nat,mts_details_sgle,2012,545.771
dom,sex_m,geo_cov_nat,mts_details_sgle,2013,556.747
dom,sex_m,geo_cov_nat,mts_details_sgle,2014,551.503
dom,sex_m,geo_cov_nat,mts_details_sgle,2015,467.126
dom,sex_m,geo_cov_nat,mts_details_sgle,2016,473.349
dom,sex_m,geo_cov_nat,mts_details_sgle,2017,491.771
dom,sex_m,geo_cov_nat,mts_details_sgle,2018,461.319
dom,sex_m,geo_cov_nat,mts_details_sgle,2019,436.93
dom,sex_m,geo_cov_nat,mts_details_sgle,2020,505.033
dom,sex_m,geo_cov_nat,mts_details_sgle,2021,470.087
dom,sex_m,geo_cov_nat,mts_details_total,2000,593.845
dom,sex_m,geo_cov_nat,mts_details_total,2001,638.509
dom,sex_m,geo_cov_nat,mts_details_total,2002,694.438
dom,sex_m,geo_cov_nat,mts_details_total,2003,734.539
dom,sex_m,geo_cov_nat,mts_details_total,2004,734.959
dom,sex_m,geo_cov_nat,mts_details_total,2005,796.698
dom,sex_m,geo_cov_nat,mts_details_total,2006,780.043
dom,sex_m,geo_cov_nat,mts_details_total,2007,794.712
dom,sex_m,geo_cov_nat,mts_details_total,2008,831.544
dom,sex_m,geo_cov_nat,mts_details_total,2009,899.03
dom,sex_m,geo_cov_nat,mts_details_total,2010,925.035
dom,sex_m,geo_cov_nat,mts_details_total,2011,911.231
dom,sex_m,geo_cov_nat,mts_details_total,2012,881.673
dom,sex_m,geo_cov_nat,mts_details_total,2013,904.292
dom,sex_m,geo_cov_nat,mts_details_total,2014,916.631
dom,sex_m,geo_cov_nat,mts_details_total,2015,821.29
dom,sex_m,geo_cov_nat,mts_details_total,2016,828.956
dom,sex_m,geo_cov_nat,mts_details_total,2017,854.134
dom,sex_m,geo_cov_nat,mts_details_total,2018,807.84
dom,sex_m,geo_cov_nat,mts_details_total,2019,801.597
dom,sex_m,geo_cov_nat,mts_details_total,2020,960.394
dom,sex_m,geo_cov_nat,mts_details_total,2021,897.515
dom,sex_m,geo_cov_nat,mts_details_union,2000,57.807
dom,sex_m,geo_cov_nat,mts_details_union,2001,70.034
dom,sex_m,geo_cov_nat,mts_details_union,2002,72.247
dom,sex_m,geo_cov_nat,mts_details_union,2003,83.332
dom,sex_m,geo_cov_nat,mts_details_union,2004,83.367
dom,sex_m,geo_cov_nat,mts_details_union,2005,90.762
dom,sex_m,geo_cov_nat,mts_details_union,2006,85.459
dom,sex_m,geo_cov_nat,mts_details_union,2007,90.332
dom,sex_m,geo_cov_nat,mts_details_union,2008,90.338
dom,sex_m,geo_cov_nat,mts_details_union,2009,96.99
dom,sex_m,geo_cov_nat,mts_details_union,2010,97.212
dom,sex_m,geo_cov_nat,mts_details_union,2011,99.35
dom,sex_m,geo_cov_nat,mts_details_union,2012,96.98
dom,sex_m,geo_cov_nat,mts_details_union,2013,93.816
dom,sex_m,geo_cov_nat,mts_details_union,2014,98.61
dom,sex_m,geo_cov_nat,mts_details_union,2015,107.834
dom,sex_m,geo_cov_nat,mts_details_union,2016,108.728
dom,sex_m,geo_cov_nat,mts_details_union,2017,113.031
dom,sex_m,geo_cov_nat,mts_details_union,2018,103.691
dom,sex_m,geo_cov_nat,mts_details_union,2019,111.025
dom,sex_m,geo_cov_nat,mts_details_union,2020,146.686
dom,sex_m,geo_cov_nat,mts_details_union,2021,122.232
dom,sex_m,geo_cov_nat,mts_details_wid,2000,24.941
dom,sex_m,geo_cov_nat,mts_details_wid,2001,27.689
dom,sex_m,geo_cov_nat,mts_details_wid,2002,30.329
dom,sex_m,geo_cov_nat,mts_details_wid,2003,31.331
dom,sex_m,geo_cov_nat,mts_details_wid,2004,27.896
dom,sex_m,geo_cov_nat,mts_details_wid,2005,30.847
dom,sex_m,geo_cov_nat,mts_details_wid,2006,33.059
dom,sex_m,geo_cov_nat,mts_details_wid,2007,43.975
dom,sex_m,geo_cov_nat,mts_details_wid,2008,40.287
dom,sex_m,geo_cov_nat,mts_details_wid,2009,41
dom,sex_m,geo_cov_nat,mts_details_wid,2010,47.699
dom,sex_m,geo_cov_nat,mts_details_wid,2011,45.501
dom,sex_m,geo_cov_nat,mts_details_wid,2012,44.998
dom,sex_m,geo_cov_nat,mts_details_wid,2013,42.164
dom,sex_m,geo_cov_nat,mts_details_wid,2014,42.835
dom,sex_m,geo_cov_nat,mts_details_wid,2015,42.245
dom,sex_m,geo_cov_nat,mts_details_wid,2016,37.361
dom,sex_m,geo_cov_nat,mts_details_wid,2017,43.491
dom,sex_m,geo_cov_nat,mts_details_wid,2018,49.821
dom,sex_m,geo_cov_nat,mts_details_wid,2019,45.235
dom,sex_m,geo_cov_nat,mts_details_wid,2020,60.868
dom,sex_m,geo_cov_nat,mts_details_wid,2021,56.359
dom,sex_m,geo_cov_nat,mts_details_x,2015,0.071
dom,sex_m,geo_cov_rur,mts_aggregate_1,2000,152.668
dom,sex_m,geo_cov_rur,mts_aggregate_1,2001,162.632
dom,sex_m,geo_cov_rur,mts_aggregate_1,2002,167.729
dom,sex_m,geo_cov_rur,mts_aggregate_1,2003,159.154
dom,sex_m,geo_cov_rur,mts_aggregate_1,2004,137.058
dom,sex_m,geo_cov_rur,mts_aggregate_1,2005,162.13
dom,sex_m,geo_cov_rur,mts_aggregate_1,2006,125.761
dom,sex_m,geo_cov_rur,mts_aggregate_1,2007,126.62
dom,sex_m,geo_cov_rur,mts_aggregate_1,2008,158.598
dom,sex_m,geo_cov_rur,mts_aggregate_1,2009,172.85
dom,sex_m,geo_cov_rur,mts_aggregate_1,2010,147.386
dom,sex_m,geo_cov_rur,mts_aggregate_1,2011,137.206
dom,sex_m,geo_cov_rur,mts_aggregate_1,2012,135.677
dom,sex_m,geo_cov_rur,mts_aggregate_1,2013,155.797
dom,sex_m,geo_cov_rur,mts_aggregate_1,2014,109.79
dom,sex_m,geo_cov_rur,mts_aggregate_1,2015,122.791
dom,sex_m,geo_cov_rur,mts_aggregate_1,2016,125.93
dom,sex_m,geo_cov_rur,mts_aggregate_1,2017,117.294
dom,sex_m,geo_cov_rur,mts_aggregate_1,2018,108.408
dom,sex_m,geo_cov_rur,mts_aggregate_1,2019,98.272
dom,sex_m,geo_cov_rur,mts_aggregate_1,2020,108.763
dom,sex_m,geo_cov_rur,mts_aggregate_1,2021,103.849
dom,sex_m,geo_cov_rur,mts_aggregate_2,2000,62.542
dom,sex_m,geo_cov_rur,mts_aggregate_2,2001,67.246
dom,sex_m,geo_cov_rur,mts_aggregate_2,2002,59.504
dom,sex_m,geo_cov_rur,mts_aggregate_2,2003,62.577
dom,sex_m,geo_cov_rur,mts_aggregate_2,2004,51.132
dom,sex_m,geo_cov_rur,mts_aggregate_2,2005,67.67
dom,sex_m,geo_cov_rur,mts_aggregate_2,2006,58.401
dom,sex_m,geo_cov_rur,mts_aggregate_2,2007,54.491
dom,sex_m,geo_cov_rur,mts_aggregate_2,2008,66.863
dom,sex_m,geo_cov_rur,mts_aggregate_2,2009,69.68
dom,sex_m,geo_cov_rur,mts_aggregate_2,2010,65.271
dom,sex_m,geo_cov_rur,mts_aggregate_2,2011,55.114
dom,sex_m,geo_cov_rur,mts_aggregate_2,2012,59.541
dom,sex_m,geo_cov_rur,mts_aggregate_2,2013,56.033
dom,sex_m,geo_cov_rur,mts_aggregate_2,2014,50.358
dom,sex_m,geo_cov_rur,mts_aggregate_2,2015,45.295
dom,sex_m,geo_cov_rur,mts_aggregate_2,2016,43.925
dom,sex_m,geo_cov_rur,mts_aggregate_2,2017,43.948
dom,sex_m,geo_cov_rur,mts_aggregate_2,2018,39.553
dom,sex_m,geo_cov_rur,mts_aggregate_2,2019,40.899
dom,sex_m,geo_cov_rur,mts_aggregate_2,2020,42.462
dom,sex_m,geo_cov_rur,mts_aggregate_2,2021,36.927
dom,sex_m,geo_cov_rur,mts_aggregate_total,2000,215.21
dom,sex_m,geo_cov_rur,mts_aggregate_total,2001,229.878
dom,sex_m,geo_cov_rur,mts_aggregate_total,2002,227.233
dom,sex_m,geo_cov_rur,mts_aggregate_total,2003,221.731
dom,sex_m,geo_cov_rur,mts_aggregate_total,2004,188.189
dom,sex_m,geo_cov_rur,mts_aggregate_total,2005,229.8
dom,sex_m,geo_cov_rur,mts_aggregate_total,2006,184.161
dom,sex_m,geo_cov_rur,mts_aggregate_total,2007,181.11
dom,sex_m,geo_cov_rur,mts_aggregate_total,2008,225.461
dom,sex_m,geo_cov_rur,mts_aggregate_total,2009,242.53
dom,sex_m,geo_cov_rur,mts_aggregate_total,2010,212.656
dom,sex_m,geo_cov_rur,mts_aggregate_total,2011,192.32
dom,sex_m,geo_cov_rur,mts_aggregate_total,2012,195.218
dom,sex_m,geo_cov_rur,mts_aggregate_total,2013,211.83
dom,sex_m,geo_cov_rur,mts_aggregate_total,2014,160.148
dom,sex_m,geo_cov_rur,mts_aggregate_total,2015,168.158
dom,sex_m,geo_cov_rur,mts_aggregate_total,2016,169.854
dom,sex_m,geo_cov_rur,mts_aggregate_total,2017,161.241
dom,sex_m,geo_cov_rur,mts_aggregate_total,2018,147.961
dom,sex_m,geo_cov_rur,mts_aggregate_total,2019,139.171
dom,sex_m,geo_cov_rur,mts_aggregate_total,2020,151.225
dom,sex_m,geo_cov_rur,mts_aggregate_total,2021,140.776
dom,sex_m,geo_cov_rur,mts_aggregate_x,2015,0.071
dom,sex_m,geo_cov_rur,mts_details_mrd,2000,35.359
dom,sex_m,geo_cov_rur,mts_details_mrd,2001,39.384
dom,sex_m,geo_cov_rur,mts_details_mrd,2002,32.921
dom,sex_m,geo_cov_rur,mts_details_mrd,2003,36.619
dom,sex_m,geo_cov_rur,mts_details_mrd,2004,29.855
dom,sex_m,geo_cov_rur,mts_details_mrd,2005,38.509
dom,sex_m,geo_cov_rur,mts_details_mrd,2006,33.458
dom,sex_m,geo_cov_rur,mts_details_mrd,2007,24.794
dom,sex_m,geo_cov_rur,mts_details_mrd,2008,38.744
dom,sex_m,geo_cov_rur,mts_details_mrd,2009,35.856
dom,sex_m,geo_cov_rur,mts_details_mrd,2010,35.047
dom,sex_m,geo_cov_rur,mts_details_mrd,2011,29.369
dom,sex_m,geo_cov_rur,mts_details_mrd,2012,31.866
dom,sex_m,geo_cov_rur,mts_details_mrd,2013,30.442
dom,sex_m,geo_cov_rur,mts_details_mrd,2014,29.091
dom,sex_m,geo_cov_rur,mts_details_mrd,2015,20.075
dom,sex_m,geo_cov_rur,mts_details_mrd,2016,18.949
dom,sex_m,geo_cov_rur,mts_details_mrd,2017,17.925
dom,sex_m,geo_cov_rur,mts_details_mrd,2018,17.661
dom,sex_m,geo_cov_rur,mts_details_mrd,2019,16.833
dom,sex_m,geo_cov_rur,mts_details_mrd,2020,17.162
dom,sex_m,geo_cov_rur,mts_details_mrd,2021,14.746
dom,sex_m,geo_cov_rur,mts_details_sep,2000,8.475
dom,sex_m,geo_cov_rur,mts_details_sep,2001,10.55
dom,sex_m,geo_cov_rur,mts_details_sep,2002,11.395
dom,sex_m,geo_cov_rur,mts_details_sep,2003,11.484
dom,sex_m,geo_cov_rur,mts_details_sep,2004,10.854
dom,sex_m,geo_cov_rur,mts_details_sep,2005,12.491
dom,sex_m,geo_cov_rur,mts_details_sep,2006,13.927
dom,sex_m,geo_cov_rur,mts_details_sep,2007,12.676
dom,sex_m,geo_cov_rur,mts_details_sep,2008,14.097
dom,sex_m,geo_cov_rur,mts_details_sep,2009,18.584
dom,sex_m,geo_cov_rur,mts_details_sep,2010,15.169
dom,sex_m,geo_cov_rur,mts_details_sep,2011,14.301
dom,sex_m,geo_cov_rur,mts_details_sep,2012,13.516
dom,sex_m,geo_cov_rur,mts_details_sep,2013,16.723
dom,sex_m,geo_cov_rur,mts_details_sep,2014,13.954
dom,sex_m,geo_cov_rur,mts_details_sep,2015,14.915
dom,sex_m,geo_cov_rur,mts_details_sep,2016,17.165
dom,sex_m,geo_cov_rur,mts_details_sep,2017,16.361
dom,sex_m,geo_cov_rur,mts_details_sep,2018,16.801
dom,sex_m,geo_cov_rur,mts_details_sep,2019,18.057
dom,sex_m,geo_cov_rur,mts_details_sep,2020,17.601
dom,sex_m,geo_cov_rur,mts_details_sep,2021,16.925
dom,sex_m,geo_cov_rur,mts_details_sgle,2000,133.492
dom,sex_m,geo_cov_rur,mts_details_sgle,2001,139.557
dom,sex_m,geo_cov_rur,mts_details_sgle,2002,144.017
dom,sex_m,geo_cov_rur,mts_details_sgle,2003,136.589
dom,sex_m,geo_cov_rur,mts_details_sgle,2004,118.979
dom,sex_m,geo_cov_rur,mts_details_sgle,2005,139.108
dom,sex_m,geo_cov_rur,mts_details_sgle,2006,102.973
dom,sex_m,geo_cov_rur,mts_details_sgle,2007,100.589
dom,sex_m,geo_cov_rur,mts_details_sgle,2008,130.407
dom,sex_m,geo_cov_rur,mts_details_sgle,2009,140.331
dom,sex_m,geo_cov_rur,mts_details_sgle,2010,118.367
dom,sex_m,geo_cov_rur,mts_details_sgle,2011,110.885
dom,sex_m,geo_cov_rur,mts_details_sgle,2012,108.828
dom,sex_m,geo_cov_rur,mts_details_sgle,2013,126.195
dom,sex_m,geo_cov_rur,mts_details_sgle,2014,86.238
dom,sex_m,geo_cov_rur,mts_details_sgle,2015,96.785
dom,sex_m,geo_cov_rur,mts_details_sgle,2016,99.625
dom,sex_m,geo_cov_rur,mts_details_sgle,2017,90.702
dom,sex_m,geo_cov_rur,mts_details_sgle,2018,79.853
dom,sex_m,geo_cov_rur,mts_details_sgle,2019,70.439
dom,sex_m,geo_cov_rur,mts_details_sgle,2020,78.46
dom,sex_m,geo_cov_rur,mts_details_sgle,2021,75.843
dom,sex_m,geo_cov_rur,mts_details_total,2000,215.21
dom,sex_m,geo_cov_rur,mts_details_total,2001,229.878
dom,sex_m,geo_cov_rur,mts_details_total,2002,227.233
dom,sex_m,geo_cov_rur,mts_details_total,2003,221.731
dom,sex_m,geo_cov_rur,mts_details_total,2004,188.189
dom,sex_m,geo_cov_rur,mts_details_total,2005,229.8
dom,sex_m,geo_cov_rur,mts_details_total,2006,184.161
dom,sex_m,geo_cov_rur,mts_details_total,2007,181.11
dom,sex_m,geo_cov_rur,mts_details_total,2008,225.461
dom,sex_m,geo_cov_rur,mts_details_total,2009,242.53
dom,sex_m,geo_cov_rur,mts_details_total,2010,212.656
dom,sex_m,geo_cov_rur,mts_details_total,2011,192.32
dom,sex_m,geo_cov_rur,mts_details_total,2012,195.218
dom,sex_m,geo_cov_rur,mts_details_total,2013,211.83
dom,sex_m,geo_cov_rur,mts_details_total,2014,160.148
dom,sex_m,geo_cov_rur,mts_details_total,2015,168.158
dom,sex_m,geo_cov_rur,mts_details_total,2016,169.854
dom,sex_m,geo_cov_rur,mts_details_total,2017,161.241
dom,sex_m,geo_cov_rur,mts_details_total,2018,147.961
dom,sex_m,geo_cov_rur,mts_details_total,2019,139.171
dom,sex_m,geo_cov_rur,mts_details_total,2020,151.225
dom,sex_m,geo_cov_rur,mts_details_total,2021,140.776
dom,sex_m,geo_cov_rur,mts_details_union,2000,27.183
dom,sex_m,geo_cov_rur,mts_details_union,2001,27.863
dom,sex_m,geo_cov_rur,mts_details_union,2002,26.583
dom,sex_m,geo_cov_rur,mts_details_union,2003,25.958
dom,sex_m,geo_cov_rur,mts_details_union,2004,21.277
dom,sex_m,geo_cov_rur,mts_details_union,2005,29.162
dom,sex_m,geo_cov_rur,mts_details_union,2006,24.943
dom,sex_m,geo_cov_rur,mts_details_union,2007,29.697
dom,sex_m,geo_cov_rur,mts_details_union,2008,28.12
dom,sex_m,geo_cov_rur,mts_details_union,2009,33.824
dom,sex_m,geo_cov_rur,mts_details_union,2010,30.224
dom,sex_m,geo_cov_rur,mts_details_union,2011,25.745
dom,sex_m,geo_cov_rur,mts_details_union,2012,27.676
dom,sex_m,geo_cov_rur,mts_details_union,2013,25.591
dom,sex_m,geo_cov_rur,mts_details_union,2014,21.267
dom,sex_m,geo_cov_rur,mts_details_union,2015,25.22
dom,sex_m,geo_cov_rur,mts_details_union,2016,24.976
dom,sex_m,geo_cov_rur,mts_details_union,2017,26.023
dom,sex_m,geo_cov_rur,mts_details_union,2018,21.892
dom,sex_m,geo_cov_rur,mts_details_union,2019,24.066
dom,sex_m,geo_cov_rur,mts_details_union,2020,25.3
dom,sex_m,geo_cov_rur,mts_details_union,2021,22.181
dom,sex_m,geo_cov_rur,mts_details_wid,2000,10.702
dom,sex_m,geo_cov_rur,mts_details_wid,2001,12.526
dom,sex_m,geo_cov_rur,mts_details_wid,2002,12.317
dom,sex_m,geo_cov_rur,mts_details_wid,2003,11.081
dom,sex_m,geo_cov_rur,mts_details_wid,2004,7.225
dom,sex_m,geo_cov_rur,mts_details_wid,2005,10.532
dom,sex_m,geo_cov_rur,mts_details_wid,2006,8.862
dom,sex_m,geo_cov_rur,mts_details_wid,2007,13.355
dom,sex_m,geo_cov_rur,mts_details_wid,2008,14.095
dom,sex_m,geo_cov_rur,mts_details_wid,2009,13.936
dom,sex_m,geo_cov_rur,mts_details_wid,2010,13.85
dom,sex_m,geo_cov_rur,mts_details_wid,2011,12.021
dom,sex_m,geo_cov_rur,mts_details_wid,2012,13.334
dom,sex_m,geo_cov_rur,mts_details_wid,2013,12.88
dom,sex_m,geo_cov_rur,mts_details_wid,2014,9.598
dom,sex_m,geo_cov_rur,mts_details_wid,2015,11.092
dom,sex_m,geo_cov_rur,mts_details_wid,2016,9.14
dom,sex_m,geo_cov_rur,mts_details_wid,2017,10.231
dom,sex_m,geo_cov_rur,mts_details_wid,2018,11.753
dom,sex_m,geo_cov_rur,mts_details_wid,2019,9.775
dom,sex_m,geo_cov_rur,mts_details_wid,2020,12.701
dom,sex_m,geo_cov_rur,mts_details_wid,2021,11.081
dom,sex_m,geo_cov_rur,mts_details_x,2015,0.071
dom,sex_m,geo_cov_urb,mts_aggregate_1,2000,284.372
dom,sex_m,geo_cov_urb,mts_aggregate_1,2001,301.203
dom,sex_m,geo_cov_urb,mts_aggregate_1,2002,337.197
dom,sex_m,geo_cov_urb,mts_aggregate_1,2003,373.125
dom,sex_m,geo_cov_urb,mts_aggregate_1,2004,392.32
dom,sex_m,geo_cov_urb,mts_aggregate_1,2005,414.009
dom,sex_m,geo_cov_urb,mts_aggregate_1,2006,441.015
dom,sex_m,geo_cov_urb,mts_aggregate_1,2007,464.004
dom,sex_m,geo_cov_urb,mts_aggregate_1,2008,443.393
dom,sex_m,geo_cov_urb,mts_aggregate_1,2009,503.56
dom,sex_m,geo_cov_urb,mts_aggregate_1,2010,537.598
dom,sex_m,geo_cov_urb,mts_aggregate_1,2011,537.994
dom,sex_m,geo_cov_urb,mts_aggregate_1,2012,519.218
dom,sex_m,geo_cov_urb,mts_aggregate_1,2013,521.846
dom,sex_m,geo_cov_urb,mts_aggregate_1,2014,556.813
dom,sex_m,geo_cov_urb,mts_aggregate_1,2015,464.043
dom,sex_m,geo_cov_urb,mts_aggregate_1,2016,472.984
dom,sex_m,geo_cov_urb,mts_aggregate_1,2017,512.773
dom,sex_m,geo_cov_urb,mts_aggregate_1,2018,480.789
dom,sex_m,geo_cov_urb,mts_aggregate_1,2019,471.164
dom,sex_m,geo_cov_urb,mts_aggregate_1,2020,567.446
dom,sex_m,geo_cov_urb,mts_aggregate_1,2021,537.107
dom,sex_m,geo_cov_urb,mts_aggregate_2,2000,94.264
dom,sex_m,geo_cov_urb,mts_aggregate_2,2001,107.428
dom,sex_m,geo_cov_urb,mts_aggregate_2,2002,130.009
dom,sex_m,geo_cov_urb,mts_aggregate_2,2003,139.684
dom,sex_m,geo_cov_urb,mts_aggregate_2,2004,154.45
dom,sex_m,geo_cov_urb,mts_aggregate_2,2005,152.889
dom,sex_m,geo_cov_urb,mts_aggregate_2,2006,154.867
dom,sex_m,geo_cov_urb,mts_aggregate_2,2007,149.599
dom,sex_m,geo_cov_urb,mts_aggregate_2,2008,162.691
dom,sex_m,geo_cov_urb,mts_aggregate_2,2009,152.941
dom,sex_m,geo_cov_urb,mts_aggregate_2,2010,174.782
dom,sex_m,geo_cov_urb,mts_aggregate_2,2011,180.918
dom,sex_m,geo_cov_urb,mts_aggregate_2,2012,167.238
dom,sex_m,geo_cov_urb,mts_aggregate_2,2013,170.617
dom,sex_m,geo_cov_urb,mts_aggregate_2,2014,199.671
dom,sex_m,geo_cov_urb,mts_aggregate_2,2015,189.089
dom,sex_m,geo_cov_urb,mts_aggregate_2,2016,185.999
dom,sex_m,geo_cov_urb,mts_aggregate_2,2017,179.831
dom,sex_m,geo_cov_urb,mts_aggregate_2,2018,178.98
dom,sex_m,geo_cov_urb,mts_aggregate_2,2019,191.263
dom,sex_m,geo_cov_urb,mts_aggregate_2,2020,241.723
dom,sex_m,geo_cov_urb,mts_aggregate_2,2021,219.632
dom,sex_m,geo_cov_urb,mts_aggregate_total,2000,378.636
dom,sex_m,geo_cov_urb,mts_aggregate_total,2001,408.631
dom,sex_m,geo_cov_urb,mts_aggregate_total,2002,467.206
dom,sex_m,geo_cov_urb,mts_aggregate_total,2003,512.809
dom,sex_m,geo_cov_urb,mts_aggregate_total,2004,546.77
dom,sex_m,geo_cov_urb,mts_aggregate_total,2005,566.898
dom,sex_m,geo_cov_urb,mts_aggregate_total,2006,595.882
dom,sex_m,geo_cov_urb,mts_aggregate_total,2007,613.602
dom,sex_m,geo_cov_urb,mts_aggregate_total,2008,606.083
dom,sex_m,geo_cov_urb,mts_aggregate_total,2009,656.5
dom,sex_m,geo_cov_urb,mts_aggregate_total,2010,712.379
dom,sex_m,geo_cov_urb,mts_aggregate_total,2011,718.912
dom,sex_m,geo_cov_urb,mts_aggregate_total,2012,686.455
dom,sex_m,geo_cov_urb,mts_aggregate_total,2013,692.463
dom,sex_m,geo_cov_urb,mts_aggregate_total,2014,756.484
dom,sex_m,geo_cov_urb,mts_aggregate_total,2015,653.132
dom,sex_m,geo_cov_urb,mts_aggregate_total,2016,659.102
dom,sex_m,geo_cov_urb,mts_aggregate_total,2017,692.892
dom,sex_m,geo_cov_urb,mts_aggregate_total,2018,659.879
dom,sex_m,geo_cov_urb,mts_aggregate_total,2019,662.426
dom,sex_m,geo_cov_urb,mts_aggregate_total,2020,809.169
dom,sex_m,geo_cov_urb,mts_aggregate_total,2021,756.739
dom,sex_m,geo_cov_urb,mts_details_mrd,2000,63.64
dom,sex_m,geo_cov_urb,mts_details_mrd,2001,65.257
dom,sex_m,geo_cov_urb,mts_details_mrd,2002,84.346
dom,sex_m,geo_cov_urb,mts_details_mrd,2003,82.31
dom,sex_m,geo_cov_urb,mts_details_mrd,2004,92.36
dom,sex_m,geo_cov_urb,mts_details_mrd,2005,91.289
dom,sex_m,geo_cov_urb,mts_details_mrd,2006,94.351
dom,sex_m,geo_cov_urb,mts_details_mrd,2007,88.964
dom,sex_m,geo_cov_urb,mts_details_mrd,2008,100.473
dom,sex_m,geo_cov_urb,mts_details_mrd,2009,89.775
dom,sex_m,geo_cov_urb,mts_details_mrd,2010,107.794
dom,sex_m,geo_cov_urb,mts_details_mrd,2011,107.313
dom,sex_m,geo_cov_urb,mts_details_mrd,2012,97.933
dom,sex_m,geo_cov_urb,mts_details_mrd,2013,102.392
dom,sex_m,geo_cov_urb,mts_details_mrd,2014,122.328
dom,sex_m,geo_cov_urb,mts_details_mrd,2015,106.475
dom,sex_m,geo_cov_urb,mts_details_mrd,2016,102.248
dom,sex_m,geo_cov_urb,mts_details_mrd,2017,92.823
dom,sex_m,geo_cov_urb,mts_details_mrd,2018,97.181
dom,sex_m,geo_cov_urb,mts_details_mrd,2019,104.304
dom,sex_m,geo_cov_urb,mts_details_mrd,2020,120.337
dom,sex_m,geo_cov_urb,mts_details_mrd,2021,119.581
dom,sex_m,geo_cov_urb,mts_details_sep,2000,12.838
dom,sex_m,geo_cov_urb,mts_details_sep,2001,21.069
dom,sex_m,geo_cov_urb,mts_details_sep,2002,22.56
dom,sex_m,geo_cov_urb,mts_details_sep,2003,29.311
dom,sex_m,geo_cov_urb,mts_details_sep,2004,30.991
dom,sex_m,geo_cov_urb,mts_details_sep,2005,34.608
dom,sex_m,geo_cov_urb,mts_details_sep,2006,42.066
dom,sex_m,geo_cov_urb,mts_details_sep,2007,39.729
dom,sex_m,geo_cov_urb,mts_details_sep,2008,37.232
dom,sex_m,geo_cov_urb,mts_details_sep,2009,49.043
dom,sex_m,geo_cov_urb,mts_details_sep,2010,50.333
dom,sex_m,geo_cov_urb,mts_details_sep,2011,51.624
dom,sex_m,geo_cov_urb,mts_details_sep,2012,50.61
dom,sex_m,geo_cov_urb,mts_details_sep,2013,62.01
dom,sex_m,geo_cov_urb,mts_details_sep,2014,58.311
dom,sex_m,geo_cov_urb,mts_details_sep,2015,62.549
dom,sex_m,geo_cov_urb,mts_details_sep,2016,71.039
dom,sex_m,geo_cov_urb,mts_details_sep,2017,78.445
dom,sex_m,geo_cov_urb,mts_details_sep,2018,61.256
dom,sex_m,geo_cov_urb,mts_details_sep,2019,69.213
dom,sex_m,geo_cov_urb,mts_details_sep,2020,92.707
dom,sex_m,geo_cov_urb,mts_details_sep,2021,97.585
dom,sex_m,geo_cov_urb,mts_details_sgle,2000,257.295
dom,sex_m,geo_cov_urb,mts_details_sgle,2001,264.971
dom,sex_m,geo_cov_urb,mts_details_sgle,2002,296.625
dom,sex_m,geo_cov_urb,mts_details_sgle,2003,323.565
dom,sex_m,geo_cov_urb,mts_details_sgle,2004,340.659
dom,sex_m,geo_cov_urb,mts_details_sgle,2005,359.086
dom,sex_m,geo_cov_urb,mts_details_sgle,2006,374.752
dom,sex_m,geo_cov_urb,mts_details_sgle,2007,393.655
dom,sex_m,geo_cov_urb,mts_details_sgle,2008,379.969
dom,sex_m,geo_cov_urb,mts_details_sgle,2009,427.453
dom,sex_m,geo_cov_urb,mts_details_sgle,2010,453.416
dom,sex_m,geo_cov_urb,mts_details_sgle,2011,452.891
dom,sex_m,geo_cov_urb,mts_details_sgle,2012,436.944
dom,sex_m,geo_cov_urb,mts_details_sgle,2013,430.552
dom,sex_m,geo_cov_urb,mts_details_sgle,2014,465.265
dom,sex_m,geo_cov_urb,mts_details_sgle,2015,370.342
dom,sex_m,geo_cov_urb,mts_details_sgle,2016,373.724
dom,sex_m,geo_cov_urb,mts_details_sgle,2017,401.069
dom,sex_m,geo_cov_urb,mts_details_sgle,2018,381.466
dom,sex_m,geo_cov_urb,mts_details_sgle,2019,366.491
dom,sex_m,geo_cov_urb,mts_details_sgle,2020,426.572
dom,sex_m,geo_cov_urb,mts_details_sgle,2021,394.244
dom,sex_m,geo_cov_urb,mts_details_total,2000,378.636
dom,sex_m,geo_cov_urb,mts_details_total,2001,408.631
dom,sex_m,geo_cov_urb,mts_details_total,2002,467.206
dom,sex_m,geo_cov_urb,mts_details_total,2003,512.809
dom,sex_m,geo_cov_urb,mts_details_total,2004,546.77
dom,sex_m,geo_cov_urb,mts_details_total,2005,566.898
dom,sex_m,geo_cov_urb,mts_details_total,2006,595.882
dom,sex_m,geo_cov_urb,mts_details_total,2007,613.602
dom,sex_m,geo_cov_urb,mts_details_total,2008,606.083
dom,sex_m,geo_cov_urb,mts_details_total,2009,656.5
dom,sex_m,geo_cov_urb,mts_details_total,2010,712.379
dom,sex_m,geo_cov_urb,mts_details_total,2011,718.912
dom,sex_m,geo_cov_urb,mts_details_total,2012,686.455
dom,sex_m,geo_cov_urb,mts_details_total,2013,692.463
dom,sex_m,geo_cov_urb,mts_details_total,2014,756.484
dom,sex_m,geo_cov_urb,mts_details_total,2015,653.132
dom,sex_m,geo_cov_urb,mts_details_total,2016,659.102
dom,sex_m,geo_cov_urb,mts_details_total,2017,692.892
dom,sex_m,geo_cov_urb,mts_details_total,2018,659.879
dom,sex_m,geo_cov_urb,mts_details_total,2019,662.426
dom,sex_m,geo_cov_urb,mts_details_total,2020,809.169
dom,sex_m,geo_cov_urb,mts_details_total,2021,756.739
dom,sex_m,geo_cov_urb,mts_details_union,2000,30.625
dom,sex_m,geo_cov_urb,mts_details_union,2001,42.171
dom,sex_m,geo_cov_urb,mts_details_union,2002,45.664
dom,sex_m,geo_cov_urb,mts_details_union,2003,57.374
dom,sex_m,geo_cov_urb,mts_details_union,2004,62.09
dom,sex_m,geo_cov_urb,mts_details_union,2005,61.6
dom,sex_m,geo_cov_urb,mts_details_union,2006,60.516
dom,sex_m,geo_cov_urb,mts_details_union,2007,60.635
dom,sex_m,geo_cov_urb,mts_details_union,2008,62.218
dom,sex_m,geo_cov_urb,mts_details_union,2009,63.166
dom,sex_m,geo_cov_urb,mts_details_union,2010,66.988
dom,sex_m,geo_cov_urb,mts_details_union,2011,73.605
dom,sex_m,geo_cov_urb,mts_details_union,2012,69.305
dom,sex_m,geo_cov_urb,mts_details_union,2013,68.225
dom,sex_m,geo_cov_urb,mts_details_union,2014,77.343
dom,sex_m,geo_cov_urb,mts_details_union,2015,82.614
dom,sex_m,geo_cov_urb,mts_details_union,2016,83.752
dom,sex_m,geo_cov_urb,mts_details_union,2017,87.008
dom,sex_m,geo_cov_urb,mts_details_union,2018,81.799
dom,sex_m,geo_cov_urb,mts_details_union,2019,86.958
dom,sex_m,geo_cov_urb,mts_details_union,2020,121.386
dom,sex_m,geo_cov_urb,mts_details_union,2021,100.051
dom,sex_m,geo_cov_urb,mts_details_wid,2000,14.239
dom,sex_m,geo_cov_urb,mts_details_wid,2001,15.164
dom,sex_m,geo_cov_urb,mts_details_wid,2002,18.012
dom,sex_m,geo_cov_urb,mts_details_wid,2003,20.25
dom,sex_m,geo_cov_urb,mts_details_wid,2004,20.671
dom,sex_m,geo_cov_urb,mts_details_wid,2005,20.316
dom,sex_m,geo_cov_urb,mts_details_wid,2006,24.197
dom,sex_m,geo_cov_urb,mts_details_wid,2007,30.621
dom,sex_m,geo_cov_urb,mts_details_wid,2008,26.192
dom,sex_m,geo_cov_urb,mts_details_wid,2009,27.064
dom,sex_m,geo_cov_urb,mts_details_wid,2010,33.849
dom,sex_m,geo_cov_urb,mts_details_wid,2011,33.48
dom,sex_m,geo_cov_urb,mts_details_wid,2012,31.665
dom,sex_m,geo_cov_urb,mts_details_wid,2013,29.284
dom,sex_m,geo_cov_urb,mts_details_wid,2014,33.237
dom,sex_m,geo_cov_urb,mts_details_wid,2015,31.153
dom,sex_m,geo_cov_urb,mts_details_wid,2016,28.221
dom,sex_m,geo_cov_urb,mts_details_wid,2017,33.26
dom,sex_m,geo_cov_urb,mts_details_wid,2018,38.068
dom,sex_m,geo_cov_urb,mts_details_wid,2019,35.46
dom,sex_m,geo_cov_urb,mts_details_wid,2020,48.167
dom,sex_m,geo_cov_urb,mts_details_wid,2021,45.278
dom,sex_t,geo_cov_nat,mts_aggregate_1,2000,1243.852
dom,sex_t,geo_cov_nat,mts_aggregate_1,2001,1311.146
dom,sex_t,geo_cov_nat,mts_aggregate_1,2002,1357.199
dom,sex_t,geo_cov_nat,mts_aggregate_1,2003,1395.544
dom,sex_t,geo_cov_nat,mts_aggregate_1,2004,1391.788
dom,sex_t,geo_cov_nat,mts_aggregate_1,2005,1488.129
dom,sex_t,geo_cov_nat,mts_aggregate_1,2006,1510.324
dom,sex_t,geo_cov_nat,mts_aggregate_1,2007,1580.324
dom,sex_t,geo_cov_nat,mts_aggregate_1,2008,1584.227
dom,sex_t,geo_cov_nat,mts_aggregate_1,2009,1750.527
dom,sex_t,geo_cov_nat,mts_aggregate_1,2010,1722.244
dom,sex_t,geo_cov_nat,mts_aggregate_1,2011,1744.377
dom,sex_t,geo_cov_nat,mts_aggregate_1,2012,1672.211
dom,sex_t,geo_cov_nat,mts_aggregate_1,2013,1735.31
dom,sex_t,geo_cov_nat,mts_aggregate_1,2014,1744.644
dom,sex_t,geo_cov_nat,mts_aggregate_1,2015,1650.552
dom,sex_t,geo_cov_nat,mts_aggregate_1,2016,1696.293
dom,sex_t,geo_cov_nat,mts_aggregate_1,2017,1740.072
dom,sex_t,geo_cov_nat,mts_aggregate_1,2018,1701.601
dom,sex_t,geo_cov_nat,mts_aggregate_1,2019,1641.798
dom,sex_t,geo_cov_nat,mts_aggregate_1,2020,1875.696
dom,sex_t,geo_cov_nat,mts_aggregate_1,2021,1782.818
dom,sex_t,geo_cov_nat,mts_aggregate_2,2000,1067.797
dom,sex_t,geo_cov_nat,mts_aggregate_2,2001,1110.145
dom,sex_t,geo_cov_nat,mts_aggregate_2,2002,1107.229
dom,sex_t,geo_cov_nat,mts_aggregate_2,2003,1151.067
dom,sex_t,geo_cov_nat,mts_aggregate_2,2004,1181.609
dom,sex_t,geo_cov_nat,mts_aggregate_2,2005,1167.384
dom,sex_t,geo_cov_nat,mts_aggregate_2,2006,1151.569
dom,sex_t,geo_cov_nat,mts_aggregate_2,2007,1147.936
dom,sex_t,geo_cov_nat,mts_aggregate_2,2008,1164.768
dom,sex_t,geo_cov_nat,mts_aggregate_2,2009,1206.2
dom,sex_t,geo_cov_nat,mts_aggregate_2,2010,1198.081
dom,sex_t,geo_cov_nat,mts_aggregate_2,2011,1136.207
dom,sex_t,geo_cov_nat,mts_aggregate_2,2012,1138.334
dom,sex_t,geo_cov_nat,mts_aggregate_2,2013,1134.688
dom,sex_t,geo_cov_nat,mts_aggregate_2,2014,1181.983
dom,sex_t,geo_cov_nat,mts_aggregate_2,2015,1077.258
dom,sex_t,geo_cov_nat,mts_aggregate_2,2016,1067.53
dom,sex_t,geo_cov_nat,mts_aggregate_2,2017,1067.745
dom,sex_t,geo_cov_nat,mts_aggregate_2,2018,1036.762
dom,sex_t,geo_cov_nat,mts_aggregate_2,2019,1039.97
dom,sex_t,geo_cov_nat,mts_aggregate_2,2020,1196.294
dom,sex_t,geo_cov_nat,mts_aggregate_2,2021,1094.527
dom,sex_t,geo_cov_nat,mts_aggregate_total,2000,2311.648
dom,sex_t,geo_cov_nat,mts_aggregate_total,2001,2421.291
dom,sex_t,geo_cov_nat,mts_aggregate_total,2002,2464.428
dom,sex_t,geo_cov_nat,mts_aggregate_total,2003,2546.611
dom,sex_t,geo_cov_nat,mts_aggregate_total,2004,2573.397
dom,sex_t,geo_cov_nat,mts_aggregate_total,2005,2655.513
dom,sex_t,geo_cov_nat,mts_aggregate_total,2006,2661.893
dom,sex_t,geo_cov_nat,mts_aggregate_total,2007,2728.26
dom,sex_t,geo_cov_nat,mts_aggregate_total,2008,2748.994
dom,sex_t,geo_cov_nat,mts_aggregate_total,2009,2956.726
dom,sex_t,geo_cov_nat,mts_aggregate_total,2010,2920.325
dom,sex_t,geo_cov_nat,mts_aggregate_total,2011,2880.583
dom,sex_t,geo_cov_nat,mts_aggregate_total,2012,2810.544
dom,sex_t,geo_cov_nat,mts_aggregate_total,2013,2869.998
dom,sex_t,geo_cov_nat,mts_aggregate_total,2014,2926.627
dom,sex_t,geo_cov_nat,mts_aggregate_total,2015,2728.169
dom,sex_t,geo_cov_nat,mts_aggregate_total,2016,2764.106
dom,sex_t,geo_cov_nat,mts_aggregate_total,2017,2808.295
dom,sex_t,geo_cov_nat,mts_aggregate_total,2018,2739.35
dom,sex_t,geo_cov_nat,mts_aggregate_total,2019,2681.877
dom,sex_t,geo_cov_nat,mts_aggregate_total,2020,3072.225
dom,sex_t,geo_cov_nat,mts_aggregate_total,2021,2877.806
dom,sex_t,geo_cov_nat,mts_aggregate_x,2015,0.359
dom,sex_t,geo_cov_nat,mts_aggregate_x,2020,0.235
dom,sex_t,geo_cov_nat,mts_details_mrd,2000,487.011
dom,sex_t,geo_cov_nat,mts_details_mrd,2001,485.657
dom,sex_t,geo_cov_nat,mts_details_mrd,2002,485.4
dom,sex_t,geo_cov_nat,mts_details_mrd,2003,478.654
dom,sex_t,geo_cov_nat,mts_details_mrd,2004,495.256
dom,sex_t,geo_cov_nat,mts_details_mrd,2005,492.969
dom,sex_t,geo_cov_nat,mts_details_mrd,2006,489.677
dom,sex_t,geo_cov_nat,mts_details_mrd,2007,468.417
dom,sex_t,geo_cov_nat,mts_details_mrd,2008,467.021
dom,sex_t,geo_cov_nat,mts_details_mrd,2009,476.235
dom,sex_t,geo_cov_nat,mts_details_mrd,2010,486.356
dom,sex_t,geo_cov_nat,mts_details_mrd,2011,457.026
dom,sex_t,geo_cov_nat,mts_details_mrd,2012,462.335
dom,sex_t,geo_cov_nat,mts_details_mrd,2013,453.809
dom,sex_t,geo_cov_nat,mts_details_mrd,2014,492.709
dom,sex_t,geo_cov_nat,mts_details_mrd,2015,405.574
dom,sex_t,geo_cov_nat,mts_details_mrd,2016,384.134
dom,sex_t,geo_cov_nat,mts_details_mrd,2017,361.262
dom,sex_t,geo_cov_nat,mts_details_mrd,2018,370.454
dom,sex_t,geo_cov_nat,mts_details_mrd,2019,376.972
dom,sex_t,geo_cov_nat,mts_details_mrd,2020,406.302
dom,sex_t,geo_cov_nat,mts_details_mrd,2021,389.27
dom,sex_t,geo_cov_nat,mts_details_sep,2000,151.071
dom,sex_t,geo_cov_nat,mts_details_sep,2001,191.249
dom,sex_t,geo_cov_nat,mts_details_sep,2002,233.591
dom,sex_t,geo_cov_nat,mts_details_sep,2003,258.814
dom,sex_t,geo_cov_nat,mts_details_sep,2004,260.626
dom,sex_t,geo_cov_nat,mts_details_sep,2005,271.698
dom,sex_t,geo_cov_nat,mts_details_sep,2006,287.124
dom,sex_t,geo_cov_nat,mts_details_sep,2007,295.8
dom,sex_t,geo_cov_nat,mts_details_sep,2008,285.997
dom,sex_t,geo_cov_nat,mts_details_sep,2009,329.527
dom,sex_t,geo_cov_nat,mts_details_sep,2010,327.621
dom,sex_t,geo_cov_nat,mts_details_sep,2011,346.516
dom,sex_t,geo_cov_nat,mts_details_sep,2012,335.652
dom,sex_t,geo_cov_nat,mts_details_sep,2013,371.402
dom,sex_t,geo_cov_nat,mts_details_sep,2014,320.79
dom,sex_t,geo_cov_nat,mts_details_sep,2015,391.198
dom,sex_t,geo_cov_nat,mts_details_sep,2016,416.792
dom,sex_t,geo_cov_nat,mts_details_sep,2017,457.178
dom,sex_t,geo_cov_nat,mts_details_sep,2018,416.827
dom,sex_t,geo_cov_nat,mts_details_sep,2019,401.362
dom,sex_t,geo_cov_nat,mts_details_sep,2020,487.011
dom,sex_t,geo_cov_nat,mts_details_sep,2021,482.344
dom,sex_t,geo_cov_nat,mts_details_sgle,2000,901.577
dom,sex_t,geo_cov_nat,mts_details_sgle,2001,890.407
dom,sex_t,geo_cov_nat,mts_details_sgle,2002,893.409
dom,sex_t,geo_cov_nat,mts_details_sgle,2003,907.305
dom,sex_t,geo_cov_nat,mts_details_sgle,2004,921.813
dom,sex_t,geo_cov_nat,mts_details_sgle,2005,990.333
dom,sex_t,geo_cov_nat,mts_details_sgle,2006,986.102
dom,sex_t,geo_cov_nat,mts_details_sgle,2007,1024.737
dom,sex_t,geo_cov_nat,mts_details_sgle,2008,1040.5
dom,sex_t,geo_cov_nat,mts_details_sgle,2009,1158.531
dom,sex_t,geo_cov_nat,mts_details_sgle,2010,1134.409
dom,sex_t,geo_cov_nat,mts_details_sgle,2011,1127.637
dom,sex_t,geo_cov_nat,mts_details_sgle,2012,1069.013
dom,sex_t,geo_cov_nat,mts_details_sgle,2013,1086.3
dom,sex_t,geo_cov_nat,mts_details_sgle,2014,1121.732
dom,sex_t,geo_cov_nat,mts_details_sgle,2015,966.082
dom,sex_t,geo_cov_nat,mts_details_sgle,2016,975.758
dom,sex_t,geo_cov_nat,mts_details_sgle,2017,978.54
dom,sex_t,geo_cov_nat,mts_details_sgle,2018,955.265
dom,sex_t,geo_cov_nat,mts_details_sgle,2019,928.154
dom,sex_t,geo_cov_nat,mts_details_sgle,2020,1033.427
dom,sex_t,geo_cov_nat,mts_details_sgle,2021,946.981
dom,sex_t,geo_cov_nat,mts_details_total,2000,2311.648
dom,sex_t,geo_cov_nat,mts_details_total,2001,2421.291
dom,sex_t,geo_cov_nat,mts_details_total,2002,2464.428
dom,sex_t,geo_cov_nat,mts_details_total,2003,2546.611
dom,sex_t,geo_cov_nat,mts_details_total,2004,2573.397
dom,sex_t,geo_cov_nat,mts_details_total,2005,2655.513
dom,sex_t,geo_cov_nat,mts_details_total,2006,2661.893
dom,sex_t,geo_cov_nat,mts_details_total,2007,2728.26
dom,sex_t,geo_cov_nat,mts_details_total,2008,2748.994
dom,sex_t,geo_cov_nat,mts_details_total,2009,2956.726
dom,sex_t,geo_cov_nat,mts_details_total,2010,2920.325
dom,sex_t,geo_cov_nat,mts_details_total,2011,2880.583
dom,sex_t,geo_cov_nat,mts_details_total,2012,2810.544
dom,sex_t,geo_cov_nat,mts_details_total,2013,2869.998
dom,sex_t,geo_cov_nat,mts_details_total,2014,2926.627
dom,sex_t,geo_cov_nat,mts_details_total,2015,2728.169
dom,sex_t,geo_cov_nat,mts_details_total,2016,2764.106
dom,sex_t,geo_cov_nat,mts_details_total,2017,2808.295
dom,sex_t,geo_cov_nat,mts_details_total,2018,2739.35
dom,sex_t,geo_cov_nat,mts_details_total,2019,2681.877
dom,sex_t,geo_cov_nat,mts_details_total,2020,3072.225
dom,sex_t,geo_cov_nat,mts_details_total,2021,2877.806
dom,sex_t,geo_cov_nat,mts_details_union,2000,580.786
dom,sex_t,geo_cov_nat,mts_details_union,2001,624.488
dom,sex_t,geo_cov_nat,mts_details_union,2002,621.829
dom,sex_t,geo_cov_nat,mts_details_union,2003,672.414
dom,sex_t,geo_cov_nat,mts_details_union,2004,686.353
dom,sex_t,geo_cov_nat,mts_details_union,2005,674.416
dom,sex_t,geo_cov_nat,mts_details_union,2006,661.893
dom,sex_t,geo_cov_nat,mts_details_union,2007,679.519
dom,sex_t,geo_cov_nat,mts_details_union,2008,697.747
dom,sex_t,geo_cov_nat,mts_details_union,2009,729.965
dom,sex_t,geo_cov_nat,mts_details_union,2010,711.725
dom,sex_t,geo_cov_nat,mts_details_union,2011,679.181
dom,sex_t,geo_cov_nat,mts_details_union,2012,675.999
dom,sex_t,geo_cov_nat,mts_details_union,2013,680.879
dom,sex_t,geo_cov_nat,mts_details_union,2014,689.274
dom,sex_t,geo_cov_nat,mts_details_union,2015,671.684
dom,sex_t,geo_cov_nat,mts_details_union,2016,683.396
dom,sex_t,geo_cov_nat,mts_details_union,2017,706.483
dom,sex_t,geo_cov_nat,mts_details_union,2018,666.308
dom,sex_t,geo_cov_nat,mts_details_union,2019,662.998
dom,sex_t,geo_cov_nat,mts_details_union,2020,789.992
dom,sex_t,geo_cov_nat,mts_details_union,2021,705.257
dom,sex_t,geo_cov_nat,mts_details_wid,2000,191.205
dom,sex_t,geo_cov_nat,mts_details_wid,2001,229.49
dom,sex_t,geo_cov_nat,mts_details_wid,2002,230.2
dom,sex_t,geo_cov_nat,mts_details_wid,2003,229.425
dom,sex_t,geo_cov_nat,mts_details_wid,2004,209.35
dom,sex_t,geo_cov_nat,mts_details_wid,2005,226.099
dom,sex_t,geo_cov_nat,mts_details_wid,2006,237.099
dom,sex_t,geo_cov_nat,mts_details_wid,2007,259.788
dom,sex_t,geo_cov_nat,mts_details_wid,2008,257.73
dom,sex_t,geo_cov_nat,mts_details_wid,2009,262.47
dom,sex_t,geo_cov_nat,mts_details_wid,2010,260.215
dom,sex_t,geo_cov_nat,mts_details_wid,2011,270.224
dom,sex_t,geo_cov_nat,mts_details_wid,2012,267.546
dom,sex_t,geo_cov_nat,mts_details_wid,2013,277.609
dom,sex_t,geo_cov_nat,mts_details_wid,2014,302.123
dom,sex_t,geo_cov_nat,mts_details_wid,2015,293.272
dom,sex_t,geo_cov_nat,mts_details_wid,2016,303.743
dom,sex_t,geo_cov_nat,mts_details_wid,2017,304.354
dom,sex_t,geo_cov_nat,mts_details_wid,2018,329.509
dom,sex_t,geo_cov_nat,mts_details_wid,2019,312.283
dom,sex_t,geo_cov_nat,mts_details_wid,2020,355.258
dom,sex_t,geo_cov_nat,mts_details_wid,2021,353.492
dom,sex_t,geo_cov_nat,mts_details_x,2015,0.359
dom,sex_t,geo_cov_nat,mts_details_x,2020,0.235
dom,sex_t,geo_cov_rur,mts_aggregate_1,2000,424.774
dom,sex_t,geo_cov_rur,mts_aggregate_1,2001,414.184
dom,sex_t,geo_cov_rur,mts_aggregate_1,2002,418.52
dom,sex_t,geo_cov_rur,mts_aggregate_1,2003,398.079
dom,sex_t,geo_cov_rur,mts_aggregate_1,2004,347.58
dom,sex_t,geo_cov_rur,mts_aggregate_1,2005,396.832
dom,sex_t,geo_cov_rur,mts_aggregate_1,2006,334.789
dom,sex_t,geo_cov_rur,mts_aggregate_1,2007,360.276
dom,sex_t,geo_cov_rur,mts_aggregate_1,2008,396.321
dom,sex_t,geo_cov_rur,mts_aggregate_1,2009,442.083
dom,sex_t,geo_cov_rur,mts_aggregate_1,2010,396.355
dom,sex_t,geo_cov_rur,mts_aggregate_1,2011,366.411
dom,sex_t,geo_cov_rur,mts_aggregate_1,2012,369.572
dom,sex_t,geo_cov_rur,mts_aggregate_1,2013,401.978
dom,sex_t,geo_cov_rur,mts_aggregate_1,2014,306.418
dom,sex_t,geo_cov_rur,mts_aggregate_1,2015,330.182
dom,sex_t,geo_cov_rur,mts_aggregate_1,2016,338.085
dom,sex_t,geo_cov_rur,mts_aggregate_1,2017,319.298
dom,sex_t,geo_cov_rur,mts_aggregate_1,2018,303.214
dom,sex_t,geo_cov_rur,mts_aggregate_1,2019,276.93
dom,sex_t,geo_cov_rur,mts_aggregate_1,2020,308.85
dom,sex_t,geo_cov_rur,mts_aggregate_1,2021,285.406
dom,sex_t,geo_cov_rur,mts_aggregate_2,2000,470.287
dom,sex_t,geo_cov_rur,mts_aggregate_2,2001,457.433
dom,sex_t,geo_cov_rur,mts_aggregate_2,2002,414.922
dom,sex_t,geo_cov_rur,mts_aggregate_2,2003,386.843
dom,sex_t,geo_cov_rur,mts_aggregate_2,2004,359.447
dom,sex_t,geo_cov_rur,mts_aggregate_2,2005,394.69
dom,sex_t,geo_cov_rur,mts_aggregate_2,2006,334.755
dom,sex_t,geo_cov_rur,mts_aggregate_2,2007,320.545
dom,sex_t,geo_cov_rur,mts_aggregate_2,2008,362.218
dom,sex_t,geo_cov_rur,mts_aggregate_2,2009,376.294
dom,sex_t,geo_cov_rur,mts_aggregate_2,2010,348.737
dom,sex_t,geo_cov_rur,mts_aggregate_2,2011,309.345
dom,sex_t,geo_cov_rur,mts_aggregate_2,2012,317.912
dom,sex_t,geo_cov_rur,mts_aggregate_2,2013,317.856
dom,sex_t,geo_cov_rur,mts_aggregate_2,2014,258.21
dom,sex_t,geo_cov_rur,mts_aggregate_2,2015,265.491
dom,sex_t,geo_cov_rur,mts_aggregate_2,2016,257.174
dom,sex_t,geo_cov_rur,mts_aggregate_2,2017,264.885
dom,sex_t,geo_cov_rur,mts_aggregate_2,2018,239.703
dom,sex_t,geo_cov_rur,mts_aggregate_2,2019,236.2
dom,sex_t,geo_cov_rur,mts_aggregate_2,2020,230.604
dom,sex_t,geo_cov_rur,mts_aggregate_2,2021,207.037
dom,sex_t,geo_cov_rur,mts_aggregate_total,2000,895.061
dom,sex_t,geo_cov_rur,mts_aggregate_total,2001,871.617
dom,sex_t,geo_cov_rur,mts_aggregate_total,2002,833.442
dom,sex_t,geo_cov_rur,mts_aggregate_total,2003,784.922
dom,sex_t,geo_cov_rur,mts_aggregate_total,2004,707.027
dom,sex_t,geo_cov_rur,mts_aggregate_total,2005,791.522
dom,sex_t,geo_cov_rur,mts_aggregate_total,2006,669.544
dom,sex_t,geo_cov_rur,mts_aggregate_total,2007,680.821
dom,sex_t,geo_cov_rur,mts_aggregate_total,2008,758.539
dom,sex_t,geo_cov_rur,mts_aggregate_total,2009,818.376
dom,sex_t,geo_cov_rur,mts_aggregate_total,2010,745.091
dom,sex_t,geo_cov_rur,mts_aggregate_total,2011,675.755
dom,sex_t,geo_cov_rur,mts_aggregate_total,2012,687.483
dom,sex_t,geo_cov_rur,mts_aggregate_total,2013,719.834
dom,sex_t,geo_cov_rur,mts_aggregate_total,2014,564.628
dom,sex_t,geo_cov_rur,mts_aggregate_total,2015,595.855
dom,sex_t,geo_cov_rur,mts_aggregate_total,2016,595.259
dom,sex_t,geo_cov_rur,mts_aggregate_total,2017,584.183
dom,sex_t,geo_cov_rur,mts_aggregate_total,2018,543.045
dom,sex_t,geo_cov_rur,mts_aggregate_total,2019,513.239
dom,sex_t,geo_cov_rur,mts_aggregate_total,2020,539.453
dom,sex_t,geo_cov_rur,mts_aggregate_total,2021,492.508
dom,sex_t,geo_cov_rur,mts_aggregate_x,2015,0.182
dom,sex_t,geo_cov_rur,mts_details_mrd,2000,184.43
dom,sex_t,geo_cov_rur,mts_details_mrd,2001,186.307
dom,sex_t,geo_cov_rur,mts_details_mrd,2002,153.383
dom,sex_t,geo_cov_rur,mts_details_mrd,2003,145.734
dom,sex_t,geo_cov_rur,mts_details_mrd,2004,127.738
dom,sex_t,geo_cov_rur,mts_details_mrd,2005,146.871
dom,sex_t,geo_cov_rur,mts_details_mrd,2006,125.978
dom,sex_t,geo_cov_rur,mts_details_mrd,2007,111.057
dom,sex_t,geo_cov_rur,mts_details_mrd,2008,128.368
dom,sex_t,geo_cov_rur,mts_details_mrd,2009,133.199
dom,sex_t,geo_cov_rur,mts_details_mrd,2010,122.793
dom,sex_t,geo_cov_rur,mts_details_mrd,2011,102.364
dom,sex_t,geo_cov_rur,mts_details_mrd,2012,108.42
dom,sex_t,geo_cov_rur,mts_details_mrd,2013,113.728
dom,sex_t,geo_cov_rur,mts_details_mrd,2014,93.899
dom,sex_t,geo_cov_rur,mts_details_mrd,2015,73.607
dom,sex_t,geo_cov_rur,mts_details_mrd,2016,71.407
dom,sex_t,geo_cov_rur,mts_details_mrd,2017,66.305
dom,sex_t,geo_cov_rur,mts_details_mrd,2018,63.257
dom,sex_t,geo_cov_rur,mts_details_mrd,2019,57.722
dom,sex_t,geo_cov_rur,mts_details_mrd,2020,49.747
dom,sex_t,geo_cov_rur,mts_details_mrd,2021,45.962
dom,sex_t,geo_cov_rur,mts_details_sep,2000,54.457
dom,sex_t,geo_cov_rur,mts_details_sep,2001,60.943
dom,sex_t,geo_cov_rur,mts_details_sep,2002,69.538
dom,sex_t,geo_cov_rur,mts_details_sep,2003,69.472
dom,sex_t,geo_cov_rur,mts_details_sep,2004,64.358
dom,sex_t,geo_cov_rur,mts_details_sep,2005,70.451
dom,sex_t,geo_cov_rur,mts_details_sep,2006,67.185
dom,sex_t,geo_cov_rur,mts_details_sep,2007,71.002
dom,sex_t,geo_cov_rur,mts_details_sep,2008,68.474
dom,sex_t,geo_cov_rur,mts_details_sep,2009,82.726
dom,sex_t,geo_cov_rur,mts_details_sep,2010,73.966
dom,sex_t,geo_cov_rur,mts_details_sep,2011,73.79
dom,sex_t,geo_cov_rur,mts_details_sep,2012,80.281
dom,sex_t,geo_cov_rur,mts_details_sep,2013,88.988
dom,sex_t,geo_cov_rur,mts_details_sep,2014,59.03
dom,sex_t,geo_cov_rur,mts_details_sep,2015,71.99
dom,sex_t,geo_cov_rur,mts_details_sep,2016,72.159
dom,sex_t,geo_cov_rur,mts_details_sep,2017,80.992
dom,sex_t,geo_cov_rur,mts_details_sep,2018,73.205
dom,sex_t,geo_cov_rur,mts_details_sep,2019,72.104
dom,sex_t,geo_cov_rur,mts_details_sep,2020,78.863
dom,sex_t,geo_cov_rur,mts_details_sep,2021,74.196
dom,sex_t,geo_cov_rur,mts_details_sgle,2000,297.947
dom,sex_t,geo_cov_rur,mts_details_sgle,2001,269.666
dom,sex_t,geo_cov_rur,mts_details_sgle,2002,266.563
dom,sex_t,geo_cov_rur,mts_details_sgle,2003,250.162
dom,sex_t,geo_cov_rur,mts_details_sgle,2004,223.699
dom,sex_t,geo_cov_rur,mts_details_sgle,2005,258.231
dom,sex_t,geo_cov_rur,mts_details_sgle,2006,201.565
dom,sex_t,geo_cov_rur,mts_details_sgle,2007,215.57
dom,sex_t,geo_cov_rur,mts_details_sgle,2008,252.563
dom,sex_t,geo_cov_rur,mts_details_sgle,2009,282.316
dom,sex_t,geo_cov_rur,mts_details_sgle,2010,242.206
dom,sex_t,geo_cov_rur,mts_details_sgle,2011,224.3
dom,sex_t,geo_cov_rur,mts_details_sgle,2012,217.491
dom,sex_t,geo_cov_rur,mts_details_sgle,2013,237.59
dom,sex_t,geo_cov_rur,mts_details_sgle,2014,177.41
dom,sex_t,geo_cov_rur,mts_details_sgle,2015,193.791
dom,sex_t,geo_cov_rur,mts_details_sgle,2016,198.727
dom,sex_t,geo_cov_rur,mts_details_sgle,2017,174.368
dom,sex_t,geo_cov_rur,mts_details_sgle,2018,162.004
dom,sex_t,geo_cov_rur,mts_details_sgle,2019,147.977
dom,sex_t,geo_cov_rur,mts_details_sgle,2020,161.815
dom,sex_t,geo_cov_rur,mts_details_sgle,2021,148.061
dom,sex_t,geo_cov_rur,mts_details_total,2000,895.061
dom,sex_t,geo_cov_rur,mts_details_total,2001,871.617
dom,sex_t,geo_cov_rur,mts_details_total,2002,833.442
dom,sex_t,geo_cov_rur,mts_details_total,2003,784.922
dom,sex_t,geo_cov_rur,mts_details_total,2004,707.027
dom,sex_t,geo_cov_rur,mts_details_total,2005,791.522
dom,sex_t,geo_cov_rur,mts_details_total,2006,669.544
dom,sex_t,geo_cov_rur,mts_details_total,2007,680.821
dom,sex_t,geo_cov_rur,mts_details_total,2008,758.539
dom,sex_t,geo_cov_rur,mts_details_total,2009,818.376
dom,sex_t,geo_cov_rur,mts_details_total,2010,745.091
dom,sex_t,geo_cov_rur,mts_details_total,2011,675.755
dom,sex_t,geo_cov_rur,mts_details_total,2012,687.483
dom,sex_t,geo_cov_rur,mts_details_total,2013,719.834
dom,sex_t,geo_cov_rur,mts_details_total,2014,564.628
dom,sex_t,geo_cov_rur,mts_details_total,2015,595.855
dom,sex_t,geo_cov_rur,mts_details_total,2016,595.259
dom,sex_t,geo_cov_rur,mts_details_total,2017,584.183
dom,sex_t,geo_cov_rur,mts_details_total,2018,543.045
dom,sex_t,geo_cov_rur,mts_details_total,2019,513.239
dom,sex_t,geo_cov_rur,mts_details_total,2020,539.453
dom,sex_t,geo_cov_rur,mts_details_total,2021,492.508
dom,sex_t,geo_cov_rur,mts_details_union,2000,285.857
dom,sex_t,geo_cov_rur,mts_details_union,2001,271.127
dom,sex_t,geo_cov_rur,mts_details_union,2002,261.539
dom,sex_t,geo_cov_rur,mts_details_union,2003,241.11
dom,sex_t,geo_cov_rur,mts_details_union,2004,231.709
dom,sex_t,geo_cov_rur,mts_details_union,2005,247.819
dom,sex_t,geo_cov_rur,mts_details_union,2006,208.777
dom,sex_t,geo_cov_rur,mts_details_union,2007,209.489
dom,sex_t,geo_cov_rur,mts_details_union,2008,233.85
dom,sex_t,geo_cov_rur,mts_details_union,2009,243.095
dom,sex_t,geo_cov_rur,mts_details_union,2010,225.944
dom,sex_t,geo_cov_rur,mts_details_union,2011,206.981
dom,sex_t,geo_cov_rur,mts_details_union,2012,209.492
dom,sex_t,geo_cov_rur,mts_details_union,2013,204.129
dom,sex_t,geo_cov_rur,mts_details_union,2014,164.311
dom,sex_t,geo_cov_rur,mts_details_union,2015,191.884
dom,sex_t,geo_cov_rur,mts_details_union,2016,185.768
dom,sex_t,geo_cov_rur,mts_details_union,2017,198.58
dom,sex_t,geo_cov_rur,mts_details_union,2018,176.446
dom,sex_t,geo_cov_rur,mts_details_union,2019,178.479
dom,sex_t,geo_cov_rur,mts_details_union,2020,180.856
dom,sex_t,geo_cov_rur,mts_details_union,2021,161.075
dom,sex_t,geo_cov_rur,mts_details_wid,2000,72.37
dom,sex_t,geo_cov_rur,mts_details_wid,2001,83.575
dom,sex_t,geo_cov_rur,mts_details_wid,2002,82.419
dom,sex_t,geo_cov_rur,mts_details_wid,2003,78.445
dom,sex_t,geo_cov_rur,mts_details_wid,2004,59.523
dom,sex_t,geo_cov_rur,mts_details_wid,2005,68.15
dom,sex_t,geo_cov_rur,mts_details_wid,2006,66.04
dom,sex_t,geo_cov_rur,mts_details_wid,2007,73.705
dom,sex_t,geo_cov_rur,mts_details_wid,2008,75.284
dom,sex_t,geo_cov_rur,mts_details_wid,2009,77.041
dom,sex_t,geo_cov_rur,mts_details_wid,2010,80.183
dom,sex_t,geo_cov_rur,mts_details_wid,2011,68.321
dom,sex_t,geo_cov_rur,mts_details_wid,2012,71.8
dom,sex_t,geo_cov_rur,mts_details_wid,2013,75.4
dom,sex_t,geo_cov_rur,mts_details_wid,2014,69.978
dom,sex_t,geo_cov_rur,mts_details_wid,2015,64.402
dom,sex_t,geo_cov_rur,mts_details_wid,2016,67.2
dom,sex_t,geo_cov_rur,mts_details_wid,2017,63.938
dom,sex_t,geo_cov_rur,mts_details_wid,2018,68.005
dom,sex_t,geo_cov_rur,mts_details_wid,2019,56.849
dom,sex_t,geo_cov_rur,mts_details_wid,2020,68.172
dom,sex_t,geo_cov_rur,mts_details_wid,2021,63.149
dom,sex_t,geo_cov_rur,mts_details_x,2015,0.182
dom,sex_t,geo_cov_urb,mts_aggregate_1,2000,819.078
dom,sex_t,geo_cov_urb,mts_aggregate_1,2001,896.962
dom,sex_t,geo_cov_urb,mts_aggregate_1,2002,938.68
dom,sex_t,geo_cov_urb,mts_aggregate_1,2003,997.465
dom,sex_t,geo_cov_urb,mts_aggregate_1,2004,1044.208
dom,sex_t,geo_cov_urb,mts_aggregate_1,2005,1091.298
dom,sex_t,geo_cov_urb,mts_aggregate_1,2006,1175.535
dom,sex_t,geo_cov_urb,mts_aggregate_1,2007,1220.048
dom,sex_t,geo_cov_urb,mts_aggregate_1,2008,1187.906
dom,sex_t,geo_cov_urb,mts_aggregate_1,2009,1308.444
dom,sex_t,geo_cov_urb,mts_aggregate_1,2010,1325.89
dom,sex_t,geo_cov_urb,mts_aggregate_1,2011,1377.966
dom,sex_t,geo_cov_urb,mts_aggregate_1,2012,1302.639
dom,sex_t,geo_cov_urb,mts_aggregate_1,2013,1333.333
dom,sex_t,geo_cov_urb,mts_aggregate_1,2014,1438.227
dom,sex_t,geo_cov_urb,mts_aggregate_1,2015,1320.37
dom,sex_t,geo_cov_urb,mts_aggregate_1,2016,1358.208
dom,sex_t,geo_cov_urb,mts_aggregate_1,2017,1420.774
dom,sex_t,geo_cov_urb,mts_aggregate_1,2018,1398.387
dom,sex_t,geo_cov_urb,mts_aggregate_1,2019,1364.868
dom,sex_t,geo_cov_urb,mts_aggregate_1,2020,1566.846
dom,sex_t,geo_cov_urb,mts_aggregate_1,2021,1497.412
dom,sex_t,geo_cov_urb,mts_aggregate_2,2000,597.51
dom,sex_t,geo_cov_urb,mts_aggregate_2,2001,652.712
dom,sex_t,geo_cov_urb,mts_aggregate_2,2002,692.307
dom,sex_t,geo_cov_urb,mts_aggregate_2,2003,764.224
dom,sex_t,geo_cov_urb,mts_aggregate_2,2004,822.163
dom,sex_t,geo_cov_urb,mts_aggregate_2,2005,772.694
dom,sex_t,geo_cov_urb,mts_aggregate_2,2006,816.815
dom,sex_t,geo_cov_urb,mts_aggregate_2,2007,827.391
dom,sex_t,geo_cov_urb,mts_aggregate_2,2008,802.55
dom,sex_t,geo_cov_urb,mts_aggregate_2,2009,829.906
dom,sex_t,geo_cov_urb,mts_aggregate_2,2010,849.344
dom,sex_t,geo_cov_urb,mts_aggregate_2,2011,826.862
dom,sex_t,geo_cov_urb,mts_aggregate_2,2012,820.422
dom,sex_t,geo_cov_urb,mts_aggregate_2,2013,816.832
dom,sex_t,geo_cov_urb,mts_aggregate_2,2014,923.773
dom,sex_t,geo_cov_urb,mts_aggregate_2,2015,811.767
dom,sex_t,geo_cov_urb,mts_aggregate_2,2016,810.356
dom,sex_t,geo_cov_urb,mts_aggregate_2,2017,802.86
dom,sex_t,geo_cov_urb,mts_aggregate_2,2018,797.059
dom,sex_t,geo_cov_urb,mts_aggregate_2,2019,803.769
dom,sex_t,geo_cov_urb,mts_aggregate_2,2020,965.691
dom,sex_t,geo_cov_urb,mts_aggregate_2,2021,887.489
dom,sex_t,geo_cov_urb,mts_aggregate_total,2000,1416.587
dom,sex_t,geo_cov_urb,mts_aggregate_total,2001,1549.674
dom,sex_t,geo_cov_urb,mts_aggregate_total,2002,1630.987
dom,sex_t,geo_cov_urb,mts_aggregate_total,2003,1761.689
dom,sex_t,geo_cov_urb,mts_aggregate_total,2004,1866.371
dom,sex_t,geo_cov_urb,mts_aggregate_total,2005,1863.992
dom,sex_t,geo_cov_urb,mts_aggregate_total,2006,1992.35
dom,sex_t,geo_cov_urb,mts_aggregate_total,2007,2047.439
dom,sex_t,geo_cov_urb,mts_aggregate_total,2008,1990.456
dom,sex_t,geo_cov_urb,mts_aggregate_total,2009,2138.35
dom,sex_t,geo_cov_urb,mts_aggregate_total,2010,2175.234
dom,sex_t,geo_cov_urb,mts_aggregate_total,2011,2204.828
dom,sex_t,geo_cov_urb,mts_aggregate_total,2012,2123.061
dom,sex_t,geo_cov_urb,mts_aggregate_total,2013,2150.165
dom,sex_t,geo_cov_urb,mts_aggregate_total,2014,2361.999
dom,sex_t,geo_cov_urb,mts_aggregate_total,2015,2132.314
dom,sex_t,geo_cov_urb,mts_aggregate_total,2016,2168.847
dom,sex_t,geo_cov_urb,mts_aggregate_total,2017,2224.112
dom,sex_t,geo_cov_urb,mts_aggregate_total,2018,2196.305
dom,sex_t,geo_cov_urb,mts_aggregate_total,2019,2168.638
dom,sex_t,geo_cov_urb,mts_aggregate_total,2020,2532.772
dom,sex_t,geo_cov_urb,mts_aggregate_total,2021,2385.299
dom,sex_t,geo_cov_urb,mts_aggregate_x,2015,0.177
dom,sex_t,geo_cov_urb,mts_aggregate_x,2020,0.235
dom,sex_t,geo_cov_urb,mts_details_mrd,2000,302.581
dom,sex_t,geo_cov_urb,mts_details_mrd,2001,299.351
dom,sex_t,geo_cov_urb,mts_details_mrd,2002,332.017
dom,sex_t,geo_cov_urb,mts_details_mrd,2003,332.92
dom,sex_t,geo_cov_urb,mts_details_mrd,2004,367.519
dom,sex_t,geo_cov_urb,mts_details_mrd,2005,346.098
dom,sex_t,geo_cov_urb,mts_details_mrd,2006,363.699
dom,sex_t,geo_cov_urb,mts_details_mrd,2007,357.36
dom,sex_t,geo_cov_urb,mts_details_mrd,2008,338.653
dom,sex_t,geo_cov_urb,mts_details_mrd,2009,343.036
dom,sex_t,geo_cov_urb,mts_details_mrd,2010,363.563
dom,sex_t,geo_cov_urb,mts_details_mrd,2011,354.662
dom,sex_t,geo_cov_urb,mts_details_mrd,2012,353.915
dom,sex_t,geo_cov_urb,mts_details_mrd,2013,340.082
dom,sex_t,geo_cov_urb,mts_details_mrd,2014,398.81
dom,sex_t,geo_cov_urb,mts_details_mrd,2015,331.967
dom,sex_t,geo_cov_urb,mts_details_mrd,2016,312.728
dom,sex_t,geo_cov_urb,mts_details_mrd,2017,294.956
dom,sex_t,geo_cov_urb,mts_details_mrd,2018,307.198
dom,sex_t,geo_cov_urb,mts_details_mrd,2019,319.25
dom,sex_t,geo_cov_urb,mts_details_mrd,2020,356.555
dom,sex_t,geo_cov_urb,mts_details_mrd,2021,343.308
dom,sex_t,geo_cov_urb,mts_details_sep,2000,96.614
dom,sex_t,geo_cov_urb,mts_details_sep,2001,130.306
dom,sex_t,geo_cov_urb,mts_details_sep,2002,164.053
dom,sex_t,geo_cov_urb,mts_details_sep,2003,189.343
dom,sex_t,geo_cov_urb,mts_details_sep,2004,196.268
dom,sex_t,geo_cov_urb,mts_details_sep,2005,201.247
dom,sex_t,geo_cov_urb,mts_details_sep,2006,219.939
dom,sex_t,geo_cov_urb,mts_details_sep,2007,224.798
dom,sex_t,geo_cov_urb,mts_details_sep,2008,217.523
dom,sex_t,geo_cov_urb,mts_details_sep,2009,246.801
dom,sex_t,geo_cov_urb,mts_details_sep,2010,253.655
dom,sex_t,geo_cov_urb,mts_details_sep,2011,272.726
dom,sex_t,geo_cov_urb,mts_details_sep,2012,255.372
dom,sex_t,geo_cov_urb,mts_details_sep,2013,282.414
dom,sex_t,geo_cov_urb,mts_details_sep,2014,261.76
dom,sex_t,geo_cov_urb,mts_details_sep,2015,319.208
dom,sex_t,geo_cov_urb,mts_details_sep,2016,344.633
dom,sex_t,geo_cov_urb,mts_details_sep,2017,376.186
dom,sex_t,geo_cov_urb,mts_details_sep,2018,343.622
dom,sex_t,geo_cov_urb,mts_details_sep,2019,329.258
dom,sex_t,geo_cov_urb,mts_details_sep,2020,408.147
dom,sex_t,geo_cov_urb,mts_details_sep,2021,408.149
dom,sex_t,geo_cov_urb,mts_details_sgle,2000,603.63
dom,sex_t,geo_cov_urb,mts_details_sgle,2001,620.742
dom,sex_t,geo_cov_urb,mts_details_sgle,2002,626.846
dom,sex_t,geo_cov_urb,mts_details_sgle,2003,657.143
dom,sex_t,geo_cov_urb,mts_details_sgle,2004,698.114
dom,sex_t,geo_cov_urb,mts_details_sgle,2005,732.103
dom,sex_t,geo_cov_urb,mts_details_sgle,2006,784.537
dom,sex_t,geo_cov_urb,mts_details_sgle,2007,809.167
dom,sex_t,geo_cov_urb,mts_details_sgle,2008,787.937
dom,sex_t,geo_cov_urb,mts_details_sgle,2009,876.215
dom,sex_t,geo_cov_urb,mts_details_sgle,2010,892.203
dom,sex_t,geo_cov_urb,mts_details_sgle,2011,903.338
dom,sex_t,geo_cov_urb,mts_details_sgle,2012,851.522
dom,sex_t,geo_cov_urb,mts_details_sgle,2013,848.71
dom,sex_t,geo_cov_urb,mts_details_sgle,2014,944.322
dom,sex_t,geo_cov_urb,mts_details_sgle,2015,772.292
dom,sex_t,geo_cov_urb,mts_details_sgle,2016,777.031
dom,sex_t,geo_cov_urb,mts_details_sgle,2017,804.172
dom,sex_t,geo_cov_urb,mts_details_sgle,2018,793.261
dom,sex_t,geo_cov_urb,mts_details_sgle,2019,780.177
dom,sex_t,geo_cov_urb,mts_details_sgle,2020,871.612
dom,sex_t,geo_cov_urb,mts_details_sgle,2021,798.92
dom,sex_t,geo_cov_urb,mts_details_total,2000,1416.587
dom,sex_t,geo_cov_urb,mts_details_total,2001,1549.674
dom,sex_t,geo_cov_urb,mts_details_total,2002,1630.987
dom,sex_t,geo_cov_urb,mts_details_total,2003,1761.689
dom,sex_t,geo_cov_urb,mts_details_total,2004,1866.371
dom,sex_t,geo_cov_urb,mts_details_total,2005,1863.992
dom,sex_t,geo_cov_urb,mts_details_total,2006,1992.35
dom,sex_t,geo_cov_urb,mts_details_total,2007,2047.439
dom,sex_t,geo_cov_urb,mts_details_total,2008,1990.456
dom,sex_t,geo_cov_urb,mts_details_total,2009,2138.35
dom,sex_t,geo_cov_urb,mts_details_total,2010,2175.234
dom,sex_t,geo_cov_urb,mts_details_total,2011,2204.828
dom,sex_t,geo_cov_urb,mts_details_total,2012,2123.061
dom,sex_t,geo_cov_urb,mts_details_total,2013,2150.165
dom,sex_t,geo_cov_urb,mts_details_total,2014,2361.999
dom,sex_t,geo_cov_urb,mts_details_total,2015,2132.314
dom,sex_t,geo_cov_urb,mts_details_total,2016,2168.847
dom,sex_t,geo_cov_urb,mts_details_total,2017,2224.112
dom,sex_t,geo_cov_urb,mts_details_total,2018,2196.305
dom,sex_t,geo_cov_urb,mts_details_total,2019,2168.638
dom,sex_t,geo_cov_urb,mts_details_total,2020,2532.772
dom,sex_t,geo_cov_urb,mts_details_total,2021,2385.299
dom,sex_t,geo_cov_urb,mts_details_union,2000,294.929
dom,sex_t,geo_cov_urb,mts_details_union,2001,353.362
dom,sex_t,geo_cov_urb,mts_details_union,2002,360.29
dom,sex_t,geo_cov_urb,mts_details_union,2003,431.304
dom,sex_t,geo_cov_urb,mts_details_union,2004,454.644
dom,sex_t,geo_cov_urb,mts_details_union,2005,426.597
dom,sex_t,geo_cov_urb,mts_details_union,2006,453.116
dom,sex_t,geo_cov_urb,mts_details_union,2007,470.031
dom,sex_t,geo_cov_urb,mts_details_union,2008,463.897
dom,sex_t,geo_cov_urb,mts_details_union,2009,486.87
dom,sex_t,geo_cov_urb,mts_details_union,2010,485.781
dom,sex_t,geo_cov_urb,mts_details_union,2011,472.201
dom,sex_t,geo_cov_urb,mts_details_union,2012,466.507
dom,sex_t,geo_cov_urb,mts_details_union,2013,476.751
dom,sex_t,geo_cov_urb,mts_details_union,2014,524.963
dom,sex_t,geo_cov_urb,mts_details_union,2015,479.801
dom,sex_t,geo_cov_urb,mts_details_union,2016,497.628
dom,sex_t,geo_cov_urb,mts_details_union,2017,507.903
dom,sex_t,geo_cov_urb,mts_details_union,2018,489.861
dom,sex_t,geo_cov_urb,mts_details_union,2019,484.519
dom,sex_t,geo_cov_urb,mts_details_union,2020,609.136
dom,sex_t,geo_cov_urb,mts_details_union,2021,544.182
dom,sex_t,geo_cov_urb,mts_details_wid,2000,118.835
dom,sex_t,geo_cov_urb,mts_details_wid,2001,145.915
dom,sex_t,geo_cov_urb,mts_details_wid,2002,147.781
dom,sex_t,geo_cov_urb,mts_details_wid,2003,150.98
dom,sex_t,geo_cov_urb,mts_details_wid,2004,149.827
dom,sex_t,geo_cov_urb,mts_details_wid,2005,157.949
dom,sex_t,geo_cov_urb,mts_details_wid,2006,171.059
dom,sex_t,geo_cov_urb,mts_details_wid,2007,186.083
dom,sex_t,geo_cov_urb,mts_details_wid,2008,182.446
dom,sex_t,geo_cov_urb,mts_details_wid,2009,185.429
dom,sex_t,geo_cov_urb,mts_details_wid,2010,180.033
dom,sex_t,geo_cov_urb,mts_details_wid,2011,201.903
dom,sex_t,geo_cov_urb,mts_details_wid,2012,195.746
dom,sex_t,geo_cov_urb,mts_details_wid,2013,202.209
dom,sex_t,geo_cov_urb,mts_details_wid,2014,232.145
dom,sex_t,geo_cov_urb,mts_details_wid,2015,228.87
dom,sex_t,geo_cov_urb,mts_details_wid,2016,236.543
dom,sex_t,geo_cov_urb,mts_details_wid,2017,240.416
dom,sex_t,geo_cov_urb,mts_details_wid,2018,261.504
dom,sex_t,geo_cov_urb,mts_details_wid,2019,255.434
dom,sex_t,geo_cov_urb,mts_details_wid,2020,287.087
dom,sex_t,geo_cov_urb,mts_details_wid,2021,290.343
dom,sex_t,geo_cov_urb,mts_details_x,2015,0.177
dom,sex_t,geo_cov_urb,mts_details_x,2020,0.235
ecu,sex_f,geo_cov_nat,mts_aggregate_1,2005,991.578
ecu,sex_f,geo_cov_nat,mts_aggregate_1,2006,1029.768
ecu,sex_f,geo_cov_nat,mts_aggregate_1,2007,1017.556
ecu,sex_f,geo_cov_nat,mts_aggregate_1,2008,1064.808
ecu,sex_f,geo_cov_nat,mts_aggregate_1,2009,1209.798
ecu,sex_f,geo_cov_nat,mts_aggregate_1,2010,1309.443
ecu,sex_f,geo_cov_nat,mts_aggregate_1,2011,1364.109
ecu,sex_f,geo_cov_nat,mts_aggregate_1,2012,1384.78
ecu,sex_f,geo_cov_nat,mts_aggregate_1,2013,1395.199
ecu,sex_f,geo_cov_nat,mts_aggregate_1,2014,1376.183
ecu,sex_f,geo_cov_nat,mts_aggregate_1,2015,1248.389
ecu,sex_f,geo_cov_nat,mts_aggregate_1,2016,1236.4
ecu,sex_f,geo_cov_nat,mts_aggregate_1,2017,1264.814
ecu,sex_f,geo_cov_nat,mts_aggregate_1,2018,1340.832
ecu,sex_f,geo_cov_nat,mts_aggregate_1,2019,1407.439
ecu,sex_f,geo_cov_nat,mts_aggregate_1,2020,1669.179
ecu,sex_f,geo_cov_nat,mts_aggregate_1,2021,1509.624
ecu,sex_f,geo_cov_nat,mts_aggregate_2,2005,1222.055
ecu,sex_f,geo_cov_nat,mts_aggregate_2,2006,1193.966
ecu,sex_f,geo_cov_nat,mts_aggregate_2,2007,1264.548
ecu,sex_f,geo_cov_nat,mts_aggregate_2,2008,1283.801
ecu,sex_f,geo_cov_nat,mts_aggregate_2,2009,1378.808
ecu,sex_f,geo_cov_nat,mts_aggregate_2,2010,1417.311
ecu,sex_f,geo_cov_nat,mts_aggregate_2,2011,1495.61
ecu,sex_f,geo_cov_nat,mts_aggregate_2,2012,1482.337
ecu,sex_f,geo_cov_nat,mts_aggregate_2,2013,1549.089
ecu,sex_f,geo_cov_nat,mts_aggregate_2,2014,1637.47
ecu,sex_f,geo_cov_nat,mts_aggregate_2,2015,1539.484
ecu,sex_f,geo_cov_nat,mts_aggregate_2,2016,1415.58
ecu,sex_f,geo_cov_nat,mts_aggregate_2,2017,1396.576
ecu,sex_f,geo_cov_nat,mts_aggregate_2,2018,1468.512
ecu,sex_f,geo_cov_nat,mts_aggregate_2,2019,1458.455
ecu,sex_f,geo_cov_nat,mts_aggregate_2,2020,1632.811
ecu,sex_f,geo_cov_nat,mts_aggregate_2,2021,1479.198
ecu,sex_f,geo_cov_nat,mts_aggregate_total,2005,2213.633
ecu,sex_f,geo_cov_nat,mts_aggregate_total,2006,2223.734
ecu,sex_f,geo_cov_nat,mts_aggregate_total,2007,2282.104
ecu,sex_f,geo_cov_nat,mts_aggregate_total,2008,2348.608
ecu,sex_f,geo_cov_nat,mts_aggregate_total,2009,2588.606
ecu,sex_f,geo_cov_nat,mts_aggregate_total,2010,2726.755
ecu,sex_f,geo_cov_nat,mts_aggregate_total,2011,2859.719
ecu,sex_f,geo_cov_nat,mts_aggregate_total,2012,2867.117
ecu,sex_f,geo_cov_nat,mts_aggregate_total,2013,2944.288
ecu,sex_f,geo_cov_nat,mts_aggregate_total,2014,3013.653
ecu,sex_f,geo_cov_nat,mts_aggregate_total,2015,2787.873
ecu,sex_f,geo_cov_nat,mts_aggregate_total,2016,2651.98
ecu,sex_f,geo_cov_nat,mts_aggregate_total,2017,2661.39
ecu,sex_f,geo_cov_nat,mts_aggregate_total,2018,2809.343
ecu,sex_f,geo_cov_nat,mts_aggregate_total,2019,2865.894
ecu,sex_f,geo_cov_nat,mts_aggregate_total,2020,3301.99
ecu,sex_f,geo_cov_nat,mts_aggregate_total,2021,2988.822
ecu,sex_f,geo_cov_nat,mts_details_mrd,2005,791.752
ecu,sex_f,geo_cov_nat,mts_details_mrd,2006,735.941
ecu,sex_f,geo_cov_nat,mts_details_mrd,2007,778.615
ecu,sex_f,geo_cov_nat,mts_details_mrd,2008,778.245
ecu,sex_f,geo_cov_nat,mts_details_mrd,2009,871.617
ecu,sex_f,geo_cov_nat,mts_details_mrd,2010,885.983
ecu,sex_f,geo_cov_nat,mts_details_mrd,2011,944.453
ecu,sex_f,geo_cov_nat,mts_details_mrd,2012,924.241
ecu,sex_f,geo_cov_nat,mts_details_mrd,2013,929.055
ecu,sex_f,geo_cov_nat,mts_details_mrd,2014,919.384
ecu,sex_f,geo_cov_nat,mts_details_mrd,2015,814.629
ecu,sex_f,geo_cov_nat,mts_details_mrd,2016,742.711
ecu,sex_f,geo_cov_nat,mts_details_mrd,2017,736.379
ecu,sex_f,geo_cov_nat,mts_details_mrd,2018,773.923
ecu,sex_f,geo_cov_nat,mts_details_mrd,2019,782.604
ecu,sex_f,geo_cov_nat,mts_details_mrd,2020,946.815
ecu,sex_f,geo_cov_nat,mts_details_mrd,2021,765.546
ecu,sex_f,geo_cov_nat,mts_details_sep,2005,111.458
ecu,sex_f,geo_cov_nat,mts_details_sep,2006,144.151
ecu,sex_f,geo_cov_nat,mts_details_sep,2007,146.01
ecu,sex_f,geo_cov_nat,mts_details_sep,2008,139.416
ecu,sex_f,geo_cov_nat,mts_details_sep,2009,161.563
ecu,sex_f,geo_cov_nat,mts_details_sep,2010,186.828
ecu,sex_f,geo_cov_nat,mts_details_sep,2011,186.041
ecu,sex_f,geo_cov_nat,mts_details_sep,2012,205.166
ecu,sex_f,geo_cov_nat,mts_details_sep,2013,204.198
ecu,sex_f,geo_cov_nat,mts_details_sep,2014,217.972
ecu,sex_f,geo_cov_nat,mts_details_sep,2015,193.412
ecu,sex_f,geo_cov_nat,mts_details_sep,2016,182.559
ecu,sex_f,geo_cov_nat,mts_details_sep,2017,180.565
ecu,sex_f,geo_cov_nat,mts_details_sep,2018,216.658
ecu,sex_f,geo_cov_nat,mts_details_sep,2019,244.01
ecu,sex_f,geo_cov_nat,mts_details_sep,2020,296.155
ecu,sex_f,geo_cov_nat,mts_details_sep,2021,289.446
ecu,sex_f,geo_cov_nat,mts_details_sgle,2005,677.923
ecu,sex_f,geo_cov_nat,mts_details_sgle,2006,670.84
ecu,sex_f,geo_cov_nat,mts_details_sgle,2007,664.511
ecu,sex_f,geo_cov_nat,mts_details_sgle,2008,712.261
ecu,sex_f,geo_cov_nat,mts_details_sgle,2009,800.297
ecu,sex_f,geo_cov_nat,mts_details_sgle,2010,845.935
ecu,sex_f,geo_cov_nat,mts_details_sgle,2011,886.581
ecu,sex_f,geo_cov_nat,mts_details_sgle,2012,870.643
ecu,sex_f,geo_cov_nat,mts_details_sgle,2013,907.381
ecu,sex_f,geo_cov_nat,mts_details_sgle,2014,913.015
ecu,sex_f,geo_cov_nat,mts_details_sgle,2015,842.434
ecu,sex_f,geo_cov_nat,mts_details_sgle,2016,840.373
ecu,sex_f,geo_cov_nat,mts_details_sgle,2017,862.069
ecu,sex_f,geo_cov_nat,mts_details_sgle,2018,887.859
ecu,sex_f,geo_cov_nat,mts_details_sgle,2019,909.263
ecu,sex_f,geo_cov_nat,mts_details_sgle,2020,1047.962
ecu,sex_f,geo_cov_nat,mts_details_sgle,2021,918.328
ecu,sex_f,geo_cov_nat,mts_details_total,2005,2213.633
ecu,sex_f,geo_cov_nat,mts_details_total,2006,2223.734
ecu,sex_f,geo_cov_nat,mts_details_total,2007,2282.104
ecu,sex_f,geo_cov_nat,mts_details_total,2008,2348.608
ecu,sex_f,geo_cov_nat,mts_details_total,2009,2588.606
ecu,sex_f,geo_cov_nat,mts_details_total,2010,2726.755
ecu,sex_f,geo_cov_nat,mts_details_total,2011,2859.719
ecu,sex_f,geo_cov_nat,mts_details_total,2012,2867.117
ecu,sex_f,geo_cov_nat,mts_details_total,2013,2944.288
ecu,sex_f,geo_cov_nat,mts_details_total,2014,3013.653
ecu,sex_f,geo_cov_nat,mts_details_total,2015,2787.873
ecu,sex_f,geo_cov_nat,mts_details_total,2016,2651.98
ecu,sex_f,geo_cov_nat,mts_details_total,2017,2661.39
ecu,sex_f,geo_cov_nat,mts_details_total,2018,2809.343
ecu,sex_f,geo_cov_nat,mts_details_total,2019,2865.894
ecu,sex_f,geo_cov_nat,mts_details_total,2020,3301.99
ecu,sex_f,geo_cov_nat,mts_details_total,2021,2988.822
ecu,sex_f,geo_cov_nat,mts_details_union,2005,430.303
ecu,sex_f,geo_cov_nat,mts_details_union,2006,458.025
ecu,sex_f,geo_cov_nat,mts_details_union,2007,485.932
ecu,sex_f,geo_cov_nat,mts_details_union,2008,505.556
ecu,sex_f,geo_cov_nat,mts_details_union,2009,507.191
ecu,sex_f,geo_cov_nat,mts_details_union,2010,531.329
ecu,sex_f,geo_cov_nat,mts_details_union,2011,551.157
ecu,sex_f,geo_cov_nat,mts_details_union,2012,558.095
ecu,sex_f,geo_cov_nat,mts_details_union,2013,620.034
ecu,sex_f,geo_cov_nat,mts_details_union,2014,718.086
ecu,sex_f,geo_cov_nat,mts_details_union,2015,724.855
ecu,sex_f,geo_cov_nat,mts_details_union,2016,672.869
ecu,sex_f,geo_cov_nat,mts_details_union,2017,660.197
ecu,sex_f,geo_cov_nat,mts_details_union,2018,694.589
ecu,sex_f,geo_cov_nat,mts_details_union,2019,675.851
ecu,sex_f,geo_cov_nat,mts_details_union,2020,685.996
ecu,sex_f,geo_cov_nat,mts_details_union,2021,713.652
ecu,sex_f,geo_cov_nat,mts_details_wid,2005,202.197
ecu,sex_f,geo_cov_nat,mts_details_wid,2006,214.777
ecu,sex_f,geo_cov_nat,mts_details_wid,2007,207.036
ecu,sex_f,geo_cov_nat,mts_details_wid,2008,213.131
ecu,sex_f,geo_cov_nat,mts_details_wid,2009,247.938
ecu,sex_f,geo_cov_nat,mts_details_wid,2010,276.68
ecu,sex_f,geo_cov_nat,mts_details_wid,2011,291.487
ecu,sex_f,geo_cov_nat,mts_details_wid,2012,308.971
ecu,sex_f,geo_cov_nat,mts_details_wid,2013,283.621
ecu,sex_f,geo_cov_nat,mts_details_wid,2014,245.197
ecu,sex_f,geo_cov_nat,mts_details_wid,2015,212.544
ecu,sex_f,geo_cov_nat,mts_details_wid,2016,213.467
ecu,sex_f,geo_cov_nat,mts_details_wid,2017,222.181
ecu,sex_f,geo_cov_nat,mts_details_wid,2018,236.315
ecu,sex_f,geo_cov_nat,mts_details_wid,2019,254.167
ecu,sex_f,geo_cov_nat,mts_details_wid,2020,325.062
ecu,sex_f,geo_cov_nat,mts_details_wid,2021,301.85
ecu,sex_f,geo_cov_rur,mts_aggregate_1,2005,264.63
ecu,sex_f,geo_cov_rur,mts_aggregate_1,2006,258.352
ecu,sex_f,geo_cov_rur,mts_aggregate_1,2007,277.434
ecu,sex_f,geo_cov_rur,mts_aggregate_1,2008,313.098
ecu,sex_f,geo_cov_rur,mts_aggregate_1,2009,347.8
ecu,sex_f,geo_cov_rur,mts_aggregate_1,2010,371.609
ecu,sex_f,geo_cov_rur,mts_aggregate_1,2011,393.758
ecu,sex_f,geo_cov_rur,mts_aggregate_1,2012,398.969
ecu,sex_f,geo_cov_rur,mts_aggregate_1,2013,382.891
ecu,sex_f,geo_cov_rur,mts_aggregate_1,2014,359.872
ecu,sex_f,geo_cov_rur,mts_aggregate_1,2015,311.197
ecu,sex_f,geo_cov_rur,mts_aggregate_1,2016,287.405
ecu,sex_f,geo_cov_rur,mts_aggregate_1,2017,275.59
ecu,sex_f,geo_cov_rur,mts_aggregate_1,2018,313.506
ecu,sex_f,geo_cov_rur,mts_aggregate_1,2019,307.996
ecu,sex_f,geo_cov_rur,mts_aggregate_1,2020,415.539
ecu,sex_f,geo_cov_rur,mts_aggregate_1,2021,343.628
ecu,sex_f,geo_cov_rur,mts_aggregate_2,2005,394.96
ecu,sex_f,geo_cov_rur,mts_aggregate_2,2006,385.94
ecu,sex_f,geo_cov_rur,mts_aggregate_2,2007,430.044
ecu,sex_f,geo_cov_rur,mts_aggregate_2,2008,457.883
ecu,sex_f,geo_cov_rur,mts_aggregate_2,2009,493.678
ecu,sex_f,geo_cov_rur,mts_aggregate_2,2010,513.404
ecu,sex_f,geo_cov_rur,mts_aggregate_2,2011,556.307
ecu,sex_f,geo_cov_rur,mts_aggregate_2,2012,550.565
ecu,sex_f,geo_cov_rur,mts_aggregate_2,2013,529.362
ecu,sex_f,geo_cov_rur,mts_aggregate_2,2014,555.719
ecu,sex_f,geo_cov_rur,mts_aggregate_2,2015,465.519
ecu,sex_f,geo_cov_rur,mts_aggregate_2,2016,408.063
ecu,sex_f,geo_cov_rur,mts_aggregate_2,2017,396.542
ecu,sex_f,geo_cov_rur,mts_aggregate_2,2018,399.231
ecu,sex_f,geo_cov_rur,mts_aggregate_2,2019,389.227
ecu,sex_f,geo_cov_rur,mts_aggregate_2,2020,463.778
ecu,sex_f,geo_cov_rur,mts_aggregate_2,2021,361.196
ecu,sex_f,geo_cov_rur,mts_aggregate_total,2005,659.591
ecu,sex_f,geo_cov_rur,mts_aggregate_total,2006,644.291
ecu,sex_f,geo_cov_rur,mts_aggregate_total,2007,707.477
ecu,sex_f,geo_cov_rur,mts_aggregate_total,2008,770.981
ecu,sex_f,geo_cov_rur,mts_aggregate_total,2009,841.477
ecu,sex_f,geo_cov_rur,mts_aggregate_total,2010,885.012
ecu,sex_f,geo_cov_rur,mts_aggregate_total,2011,950.064
ecu,sex_f,geo_cov_rur,mts_aggregate_total,2012,949.534
ecu,sex_f,geo_cov_rur,mts_aggregate_total,2013,912.253
ecu,sex_f,geo_cov_rur,mts_aggregate_total,2014,915.592
ecu,sex_f,geo_cov_rur,mts_aggregate_total,2015,776.716
ecu,sex_f,geo_cov_rur,mts_aggregate_total,2016,695.467
ecu,sex_f,geo_cov_rur,mts_aggregate_total,2017,672.132
ecu,sex_f,geo_cov_rur,mts_aggregate_total,2018,712.738
ecu,sex_f,geo_cov_rur,mts_aggregate_total,2019,697.223
ecu,sex_f,geo_cov_rur,mts_aggregate_total,2020,879.317
ecu,sex_f,geo_cov_rur,mts_aggregate_total,2021,704.824
ecu,sex_f,geo_cov_rur,mts_details_mrd,2005,240.332
ecu,sex_f,geo_cov_rur,mts_details_mrd,2006,202.212
ecu,sex_f,geo_cov_rur,mts_details_mrd,2007,228.008
ecu,sex_f,geo_cov_rur,mts_details_mrd,2008,247.836
ecu,sex_f,geo_cov_rur,mts_details_mrd,2009,285.852
ecu,sex_f,geo_cov_rur,mts_details_mrd,2010,282.816
ecu,sex_f,geo_cov_rur,mts_details_mrd,2011,315.927
ecu,sex_f,geo_cov_rur,mts_details_mrd,2012,305.281
ecu,sex_f,geo_cov_rur,mts_details_mrd,2013,286.758
ecu,sex_f,geo_cov_rur,mts_details_mrd,2014,285.123
ecu,sex_f,geo_cov_rur,mts_details_mrd,2015,215.397
ecu,sex_f,geo_cov_rur,mts_details_mrd,2016,176.908
ecu,sex_f,geo_cov_rur,mts_details_mrd,2017,175.449
ecu,sex_f,geo_cov_rur,mts_details_mrd,2018,171.515
ecu,sex_f,geo_cov_rur,mts_details_mrd,2019,169.088
ecu,sex_f,geo_cov_rur,mts_details_mrd,2020,229.064
ecu,sex_f,geo_cov_rur,mts_details_mrd,2021,160.124
ecu,sex_f,geo_cov_rur,mts_details_sep,2005,25.192
ecu,sex_f,geo_cov_rur,mts_details_sep,2006,29.887
ecu,sex_f,geo_cov_rur,mts_details_sep,2007,31.57
ecu,sex_f,geo_cov_rur,mts_details_sep,2008,30.075
ecu,sex_f,geo_cov_rur,mts_details_sep,2009,33.986
ecu,sex_f,geo_cov_rur,mts_details_sep,2010,40.028
ecu,sex_f,geo_cov_rur,mts_details_sep,2011,39.798
ecu,sex_f,geo_cov_rur,mts_details_sep,2012,39.827
ecu,sex_f,geo_cov_rur,mts_details_sep,2013,39.091
ecu,sex_f,geo_cov_rur,mts_details_sep,2014,41.763
ecu,sex_f,geo_cov_rur,mts_details_sep,2015,30.247
ecu,sex_f,geo_cov_rur,mts_details_sep,2016,29.965
ecu,sex_f,geo_cov_rur,mts_details_sep,2017,26.923
ecu,sex_f,geo_cov_rur,mts_details_sep,2018,33.749
ecu,sex_f,geo_cov_rur,mts_details_sep,2019,35.666
ecu,sex_f,geo_cov_rur,mts_details_sep,2020,44.51
ecu,sex_f,geo_cov_rur,mts_details_sep,2021,41.921
ecu,sex_f,geo_cov_rur,mts_details_sgle,2005,180.159
ecu,sex_f,geo_cov_rur,mts_details_sgle,2006,168.471
ecu,sex_f,geo_cov_rur,mts_details_sgle,2007,185.835
ecu,sex_f,geo_cov_rur,mts_details_sgle,2008,209.929
ecu,sex_f,geo_cov_rur,mts_details_sgle,2009,237.222
ecu,sex_f,geo_cov_rur,mts_details_sgle,2010,246.695
ecu,sex_f,geo_cov_rur,mts_details_sgle,2011,258.857
ecu,sex_f,geo_cov_rur,mts_details_sgle,2012,260.405
ecu,sex_f,geo_cov_rur,mts_details_sgle,2013,261.796
ecu,sex_f,geo_cov_rur,mts_details_sgle,2014,251.104
ecu,sex_f,geo_cov_rur,mts_details_sgle,2015,221.512
ecu,sex_f,geo_cov_rur,mts_details_sgle,2016,201.425
ecu,sex_f,geo_cov_rur,mts_details_sgle,2017,194.691
ecu,sex_f,geo_cov_rur,mts_details_sgle,2018,220.618
ecu,sex_f,geo_cov_rur,mts_details_sgle,2019,213.788
ecu,sex_f,geo_cov_rur,mts_details_sgle,2020,277.086
ecu,sex_f,geo_cov_rur,mts_details_sgle,2021,231.005
ecu,sex_f,geo_cov_rur,mts_details_total,2005,659.591
ecu,sex_f,geo_cov_rur,mts_details_total,2006,644.291
ecu,sex_f,geo_cov_rur,mts_details_total,2007,707.477
ecu,sex_f,geo_cov_rur,mts_details_total,2008,770.981
ecu,sex_f,geo_cov_rur,mts_details_total,2009,841.477
ecu,sex_f,geo_cov_rur,mts_details_total,2010,885.012
ecu,sex_f,geo_cov_rur,mts_details_total,2011,950.064
ecu,sex_f,geo_cov_rur,mts_details_total,2012,949.534
ecu,sex_f,geo_cov_rur,mts_details_total,2013,912.253
ecu,sex_f,geo_cov_rur,mts_details_total,2014,915.592
ecu,sex_f,geo_cov_rur,mts_details_total,2015,776.716
ecu,sex_f,geo_cov_rur,mts_details_total,2016,695.467
ecu,sex_f,geo_cov_rur,mts_details_total,2017,672.132
ecu,sex_f,geo_cov_rur,mts_details_total,2018,712.738
ecu,sex_f,geo_cov_rur,mts_details_total,2019,697.223
ecu,sex_f,geo_cov_rur,mts_details_total,2020,879.317
ecu,sex_f,geo_cov_rur,mts_details_total,2021,704.824
ecu,sex_f,geo_cov_rur,mts_details_union,2005,154.629
ecu,sex_f,geo_cov_rur,mts_details_union,2006,183.728
ecu,sex_f,geo_cov_rur,mts_details_union,2007,202.036
ecu,sex_f,geo_cov_rur,mts_details_union,2008,210.047
ecu,sex_f,geo_cov_rur,mts_details_union,2009,207.825
ecu,sex_f,geo_cov_rur,mts_details_union,2010,230.588
ecu,sex_f,geo_cov_rur,mts_details_union,2011,240.38
ecu,sex_f,geo_cov_rur,mts_details_union,2012,245.283
ecu,sex_f,geo_cov_rur,mts_details_union,2013,242.604
ecu,sex_f,geo_cov_rur,mts_details_union,2014,270.596
ecu,sex_f,geo_cov_rur,mts_details_union,2015,250.123
ecu,sex_f,geo_cov_rur,mts_details_union,2016,231.155
ecu,sex_f,geo_cov_rur,mts_details_union,2017,221.093
ecu,sex_f,geo_cov_rur,mts_details_union,2018,227.717
ecu,sex_f,geo_cov_rur,mts_details_union,2019,220.139
ecu,sex_f,geo_cov_rur,mts_details_union,2020,234.714
ecu,sex_f,geo_cov_rur,mts_details_union,2021,201.072
ecu,sex_f,geo_cov_rur,mts_details_wid,2005,59.279
ecu,sex_f,geo_cov_rur,mts_details_wid,2006,59.994
ecu,sex_f,geo_cov_rur,mts_details_wid,2007,60.028
ecu,sex_f,geo_cov_rur,mts_details_wid,2008,73.094
ecu,sex_f,geo_cov_rur,mts_details_wid,2009,76.591
ecu,sex_f,geo_cov_rur,mts_details_wid,2010,84.886
ecu,sex_f,geo_cov_rur,mts_details_wid,2011,95.103
ecu,sex_f,geo_cov_rur,mts_details_wid,2012,98.738
ecu,sex_f,geo_cov_rur,mts_details_wid,2013,82.005
ecu,sex_f,geo_cov_rur,mts_details_wid,2014,67.005
ecu,sex_f,geo_cov_rur,mts_details_wid,2015,59.438
ecu,sex_f,geo_cov_rur,mts_details_wid,2016,56.014
ecu,sex_f,geo_cov_rur,mts_details_wid,2017,53.976
ecu,sex_f,geo_cov_rur,mts_details_wid,2018,59.139
ecu,sex_f,geo_cov_rur,mts_details_wid,2019,58.541
ecu,sex_f,geo_cov_rur,mts_details_wid,2020,93.943
ecu,sex_f,geo_cov_rur,mts_details_wid,2021,70.702
ecu,sex_f,geo_cov_urb,mts_aggregate_1,2005,726.947
ecu,sex_f,geo_cov_urb,mts_aggregate_1,2006,771.417
ecu,sex_f,geo_cov_urb,mts_aggregate_1,2007,740.123
ecu,sex_f,geo_cov_urb,mts_aggregate_1,2008,751.709
ecu,sex_f,geo_cov_urb,mts_aggregate_1,2009,861.999
ecu,sex_f,geo_cov_urb,mts_aggregate_1,2010,937.834
ecu,sex_f,geo_cov_urb,mts_aggregate_1,2011,970.351
ecu,sex_f,geo_cov_urb,mts_aggregate_1,2012,985.811
ecu,sex_f,geo_cov_urb,mts_aggregate_1,2013,1012.308
ecu,sex_f,geo_cov_urb,mts_aggregate_1,2014,1016.311
ecu,sex_f,geo_cov_urb,mts_aggregate_1,2015,937.192
ecu,sex_f,geo_cov_urb,mts_aggregate_1,2016,948.995
ecu,sex_f,geo_cov_urb,mts_aggregate_1,2017,989.224
ecu,sex_f,geo_cov_urb,mts_aggregate_1,2018,1027.325
ecu,sex_f,geo_cov_urb,mts_aggregate_1,2019,1099.443
ecu,sex_f,geo_cov_urb,mts_aggregate_1,2020,1253.64
ecu,sex_f,geo_cov_urb,mts_aggregate_1,2021,1165.996
ecu,sex_f,geo_cov_urb,mts_aggregate_2,2005,827.095
ecu,sex_f,geo_cov_urb,mts_aggregate_2,2006,808.026
ecu,sex_f,geo_cov_urb,mts_aggregate_2,2007,834.504
ecu,sex_f,geo_cov_urb,mts_aggregate_2,2008,825.918
ecu,sex_f,geo_cov_urb,mts_aggregate_2,2009,885.13
ecu,sex_f,geo_cov_urb,mts_aggregate_2,2010,903.908
ecu,sex_f,geo_cov_urb,mts_aggregate_2,2011,939.303
ecu,sex_f,geo_cov_urb,mts_aggregate_2,2012,931.772
ecu,sex_f,geo_cov_urb,mts_aggregate_2,2013,1019.727
ecu,sex_f,geo_cov_urb,mts_aggregate_2,2014,1081.751
ecu,sex_f,geo_cov_urb,mts_aggregate_2,2015,1073.964
ecu,sex_f,geo_cov_urb,mts_aggregate_2,2016,1007.517
ecu,sex_f,geo_cov_urb,mts_aggregate_2,2017,1000.035
ecu,sex_f,geo_cov_urb,mts_aggregate_2,2018,1069.281
ecu,sex_f,geo_cov_urb,mts_aggregate_2,2019,1069.228
ecu,sex_f,geo_cov_urb,mts_aggregate_2,2020,1169.033
ecu,sex_f,geo_cov_urb,mts_aggregate_2,2021,1118.002
ecu,sex_f,geo_cov_urb,mts_aggregate_total,2005,1554.042
ecu,sex_f,geo_cov_urb,mts_aggregate_total,2006,1579.443
ecu,sex_f,geo_cov_urb,mts_aggregate_total,2007,1574.626
ecu,sex_f,geo_cov_urb,mts_aggregate_total,2008,1577.627
ecu,sex_f,geo_cov_urb,mts_aggregate_total,2009,1747.129
ecu,sex_f,geo_cov_urb,mts_aggregate_total,2010,1841.742
ecu,sex_f,geo_cov_urb,mts_aggregate_total,2011,1909.654
ecu,sex_f,geo_cov_urb,mts_aggregate_total,2012,1917.583
ecu,sex_f,geo_cov_urb,mts_aggregate_total,2013,2032.035
ecu,sex_f,geo_cov_urb,mts_aggregate_total,2014,2098.061
ecu,sex_f,geo_cov_urb,mts_aggregate_total,2015,2011.157
ecu,sex_f,geo_cov_urb,mts_aggregate_total,2016,1956.512
ecu,sex_f,geo_cov_urb,mts_aggregate_total,2017,1989.259
ecu,sex_f,geo_cov_urb,mts_aggregate_total,2018,2096.606
ecu,sex_f,geo_cov_urb,mts_aggregate_total,2019,2168.671
ecu,sex_f,geo_cov_urb,mts_aggregate_total,2020,2422.673
ecu,sex_f,geo_cov_urb,mts_aggregate_total,2021,2283.998
ecu,sex_f,geo_cov_urb,mts_details_mrd,2005,551.421
ecu,sex_f,geo_cov_urb,mts_details_mrd,2006,533.729
ecu,sex_f,geo_cov_urb,mts_details_mrd,2007,550.607
ecu,sex_f,geo_cov_urb,mts_details_mrd,2008,530.409
ecu,sex_f,geo_cov_urb,mts_details_mrd,2009,585.764
ecu,sex_f,geo_cov_urb,mts_details_mrd,2010,603.167
ecu,sex_f,geo_cov_urb,mts_details_mrd,2011,628.526
ecu,sex_f,geo_cov_urb,mts_details_mrd,2012,618.96
ecu,sex_f,geo_cov_urb,mts_details_mrd,2013,642.298
ecu,sex_f,geo_cov_urb,mts_details_mrd,2014,634.261
ecu,sex_f,geo_cov_urb,mts_details_mrd,2015,599.232
ecu,sex_f,geo_cov_urb,mts_details_mrd,2016,565.804
ecu,sex_f,geo_cov_urb,mts_details_mrd,2017,560.931
ecu,sex_f,geo_cov_urb,mts_details_mrd,2018,602.409
ecu,sex_f,geo_cov_urb,mts_details_mrd,2019,613.516
ecu,sex_f,geo_cov_urb,mts_details_mrd,2020,717.751
ecu,sex_f,geo_cov_urb,mts_details_mrd,2021,605.422
ecu,sex_f,geo_cov_urb,mts_details_sep,2005,86.266
ecu,sex_f,geo_cov_urb,mts_details_sep,2006,114.265
ecu,sex_f,geo_cov_urb,mts_details_sep,2007,114.439
ecu,sex_f,geo_cov_urb,mts_details_sep,2008,109.341
ecu,sex_f,geo_cov_urb,mts_details_sep,2009,127.576
ecu,sex_f,geo_cov_urb,mts_details_sep,2010,146.8
ecu,sex_f,geo_cov_urb,mts_details_sep,2011,146.243
ecu,sex_f,geo_cov_urb,mts_details_sep,2012,165.339
ecu,sex_f,geo_cov_urb,mts_details_sep,2013,165.107
ecu,sex_f,geo_cov_urb,mts_details_sep,2014,176.209
ecu,sex_f,geo_cov_urb,mts_details_sep,2015,163.165
ecu,sex_f,geo_cov_urb,mts_details_sep,2016,152.594
ecu,sex_f,geo_cov_urb,mts_details_sep,2017,153.642
ecu,sex_f,geo_cov_urb,mts_details_sep,2018,182.909
ecu,sex_f,geo_cov_urb,mts_details_sep,2019,208.343
ecu,sex_f,geo_cov_urb,mts_details_sep,2020,251.645
ecu,sex_f,geo_cov_urb,mts_details_sep,2021,247.524
ecu,sex_f,geo_cov_urb,mts_details_sgle,2005,497.764
ecu,sex_f,geo_cov_urb,mts_details_sgle,2006,502.369
ecu,sex_f,geo_cov_urb,mts_details_sgle,2007,478.676
ecu,sex_f,geo_cov_urb,mts_details_sgle,2008,502.331
ecu,sex_f,geo_cov_urb,mts_details_sgle,2009,563.075
ecu,sex_f,geo_cov_urb,mts_details_sgle,2010,599.24
ecu,sex_f,geo_cov_urb,mts_details_sgle,2011,627.724
ecu,sex_f,geo_cov_urb,mts_details_sgle,2012,610.238
ecu,sex_f,geo_cov_urb,mts_details_sgle,2013,645.585
ecu,sex_f,geo_cov_urb,mts_details_sgle,2014,661.911
ecu,sex_f,geo_cov_urb,mts_details_sgle,2015,620.922
ecu,sex_f,geo_cov_urb,mts_details_sgle,2016,638.948
ecu,sex_f,geo_cov_urb,mts_details_sgle,2017,667.378
ecu,sex_f,geo_cov_urb,mts_details_sgle,2018,667.241
ecu,sex_f,geo_cov_urb,mts_details_sgle,2019,695.475
ecu,sex_f,geo_cov_urb,mts_details_sgle,2020,770.877
ecu,sex_f,geo_cov_urb,mts_details_sgle,2021,687.324
ecu,sex_f,geo_cov_urb,mts_details_total,2005,1554.042
ecu,sex_f,geo_cov_urb,mts_details_total,2006,1579.443
ecu,sex_f,geo_cov_urb,mts_details_total,2007,1574.626
ecu,sex_f,geo_cov_urb,mts_details_total,2008,1577.627
ecu,sex_f,geo_cov_urb,mts_details_total,2009,1747.129
ecu,sex_f,geo_cov_urb,mts_details_total,2010,1841.742
ecu,sex_f,geo_cov_urb,mts_details_total,2011,1909.654
ecu,sex_f,geo_cov_urb,mts_details_total,2012,1917.583
ecu,sex_f,geo_cov_urb,mts_details_total,2013,2032.035
ecu,sex_f,geo_cov_urb,mts_details_total,2014,2098.061
ecu,sex_f,geo_cov_urb,mts_details_total,2015,2011.157
ecu,sex_f,geo_cov_urb,mts_details_total,2016,1956.512
ecu,sex_f,geo_cov_urb,mts_details_total,2017,1989.259
ecu,sex_f,geo_cov_urb,mts_details_total,2018,2096.606
ecu,sex_f,geo_cov_urb,mts_details_total,2019,2168.671
ecu,sex_f,geo_cov_urb,mts_details_total,2020,2422.673
ecu,sex_f,geo_cov_urb,mts_details_total,2021,2283.998
ecu,sex_f,geo_cov_urb,mts_details_union,2005,275.674
ecu,sex_f,geo_cov_urb,mts_details_union,2006,274.297
ecu,sex_f,geo_cov_urb,mts_details_union,2007,283.897
ecu,sex_f,geo_cov_urb,mts_details_union,2008,295.509
ecu,sex_f,geo_cov_urb,mts_details_union,2009,299.366
ecu,sex_f,geo_cov_urb,mts_details_union,2010,300.741
ecu,sex_f,geo_cov_urb,mts_details_union,2011,310.777
ecu,sex_f,geo_cov_urb,mts_details_union,2012,312.812
ecu,sex_f,geo_cov_urb,mts_details_union,2013,377.429
ecu,sex_f,geo_cov_urb,mts_details_union,2014,447.49
ecu,sex_f,geo_cov_urb,mts_details_union,2015,474.732
ecu,sex_f,geo_cov_urb,mts_details_union,2016,441.714
ecu,sex_f,geo_cov_urb,mts_details_union,2017,439.104
ecu,sex_f,geo_cov_urb,mts_details_union,2018,466.872
ecu,sex_f,geo_cov_urb,mts_details_union,2019,455.712
ecu,sex_f,geo_cov_urb,mts_details_union,2020,451.282
ecu,sex_f,geo_cov_urb,mts_details_union,2021,512.58
ecu,sex_f,geo_cov_urb,mts_details_wid,2005,142.918
ecu,sex_f,geo_cov_urb,mts_details_wid,2006,154.783
ecu,sex_f,geo_cov_urb,mts_details_wid,2007,147.008
ecu,sex_f,geo_cov_urb,mts_details_wid,2008,140.037
ecu,sex_f,geo_cov_urb,mts_details_wid,2009,171.347
ecu,sex_f,geo_cov_urb,mts_details_wid,2010,191.794
ecu,sex_f,geo_cov_urb,mts_details_wid,2011,196.384
ecu,sex_f,geo_cov_urb,mts_details_wid,2012,210.234
ecu,sex_f,geo_cov_urb,mts_details_wid,2013,201.616
ecu,sex_f,geo_cov_urb,mts_details_wid,2014,178.191
ecu,sex_f,geo_cov_urb,mts_details_wid,2015,153.105
ecu,sex_f,geo_cov_urb,mts_details_wid,2016,157.453
ecu,sex_f,geo_cov_urb,mts_details_wid,2017,168.204
ecu,sex_f,geo_cov_urb,mts_details_wid,2018,177.175
ecu,sex_f,geo_cov_urb,mts_details_wid,2019,195.626
ecu,sex_f,geo_cov_urb,mts_details_wid,2020,231.118
ecu,sex_f,geo_cov_urb,mts_details_wid,2021,231.148
ecu,sex_m,geo_cov_nat,mts_aggregate_1,2005,589.942
ecu,sex_m,geo_cov_nat,mts_aggregate_1,2006,553.574
ecu,sex_m,geo_cov_nat,mts_aggregate_1,2007,621.97
ecu,sex_m,geo_cov_nat,mts_aggregate_1,2008,649.137
ecu,sex_m,geo_cov_nat,mts_aggregate_1,2009,749.988
ecu,sex_m,geo_cov_nat,mts_aggregate_1,2010,810.085
ecu,sex_m,geo_cov_nat,mts_aggregate_1,2011,838.953
ecu,sex_m,geo_cov_nat,mts_aggregate_1,2012,848.251
ecu,sex_m,geo_cov_nat,mts_aggregate_1,2013,919.162
ecu,sex_m,geo_cov_nat,mts_aggregate_1,2014,900.787
ecu,sex_m,geo_cov_nat,mts_aggregate_1,2015,847.561
ecu,sex_m,geo_cov_nat,mts_aggregate_1,2016,840.937
ecu,sex_m,geo_cov_nat,mts_aggregate_1,2017,860.676
ecu,sex_m,geo_cov_nat,mts_aggregate_1,2018,928.942
ecu,sex_m,geo_cov_nat,mts_aggregate_1,2019,974.879
ecu,sex_m,geo_cov_nat,mts_aggregate_1,2020,1174.681
ecu,sex_m,geo_cov_nat,mts_aggregate_1,2021,993.311
ecu,sex_m,geo_cov_nat,mts_aggregate_2,2005,194.389
ecu,sex_m,geo_cov_nat,mts_aggregate_2,2006,184.884
ecu,sex_m,geo_cov_nat,mts_aggregate_2,2007,188.526
ecu,sex_m,geo_cov_nat,mts_aggregate_2,2008,206.442
ecu,sex_m,geo_cov_nat,mts_aggregate_2,2009,271.19
ecu,sex_m,geo_cov_nat,mts_aggregate_2,2010,276.287
ecu,sex_m,geo_cov_nat,mts_aggregate_2,2011,315.611
ecu,sex_m,geo_cov_nat,mts_aggregate_2,2012,327.231
ecu,sex_m,geo_cov_nat,mts_aggregate_2,2013,323.717
ecu,sex_m,geo_cov_nat,mts_aggregate_2,2014,281.537
ecu,sex_m,geo_cov_nat,mts_aggregate_2,2015,245.113
ecu,sex_m,geo_cov_nat,mts_aggregate_2,2016,254.144
ecu,sex_m,geo_cov_nat,mts_aggregate_2,2017,251.649
ecu,sex_m,geo_cov_nat,mts_aggregate_2,2018,294.546
ecu,sex_m,geo_cov_nat,mts_aggregate_2,2019,331.663
ecu,sex_m,geo_cov_nat,mts_aggregate_2,2020,524.425
ecu,sex_m,geo_cov_nat,mts_aggregate_2,2021,353.859
ecu,sex_m,geo_cov_nat,mts_aggregate_total,2005,784.331
ecu,sex_m,geo_cov_nat,mts_aggregate_total,2006,738.458
ecu,sex_m,geo_cov_nat,mts_aggregate_total,2007,810.497
ecu,sex_m,geo_cov_nat,mts_aggregate_total,2008,855.579
ecu,sex_m,geo_cov_nat,mts_aggregate_total,2009,1021.178
ecu,sex_m,geo_cov_nat,mts_aggregate_total,2010,1086.372
ecu,sex_m,geo_cov_nat,mts_aggregate_total,2011,1154.565
ecu,sex_m,geo_cov_nat,mts_aggregate_total,2012,1175.482
ecu,sex_m,geo_cov_nat,mts_aggregate_total,2013,1242.878
ecu,sex_m,geo_cov_nat,mts_aggregate_total,2014,1182.325
ecu,sex_m,geo_cov_nat,mts_aggregate_total,2015,1092.674
ecu,sex_m,geo_cov_nat,mts_aggregate_total,2016,1095.08
ecu,sex_m,geo_cov_nat,mts_aggregate_total,2017,1112.325
ecu,sex_m,geo_cov_nat,mts_aggregate_total,2018,1223.544
ecu,sex_m,geo_cov_nat,mts_aggregate_total,2019,1306.541
ecu,sex_m,geo_cov_nat,mts_aggregate_total,2020,1699.106
ecu,sex_m,geo_cov_nat,mts_aggregate_total,2021,1347.17
ecu,sex_m,geo_cov_nat,mts_details_mrd,2005,156.166
ecu,sex_m,geo_cov_nat,mts_details_mrd,2006,150.884
ecu,sex_m,geo_cov_nat,mts_details_mrd,2007,152.601
ecu,sex_m,geo_cov_nat,mts_details_mrd,2008,166.798
ecu,sex_m,geo_cov_nat,mts_details_mrd,2009,214.404
ecu,sex_m,geo_cov_nat,mts_details_mrd,2010,223.545
ecu,sex_m,geo_cov_nat,mts_details_mrd,2011,257.852
ecu,sex_m,geo_cov_nat,mts_details_mrd,2012,267.024
ecu,sex_m,geo_cov_nat,mts_details_mrd,2013,256.593
ecu,sex_m,geo_cov_nat,mts_details_mrd,2014,220.978
ecu,sex_m,geo_cov_nat,mts_details_mrd,2015,190.541
ecu,sex_m,geo_cov_nat,mts_details_mrd,2016,196.582
ecu,sex_m,geo_cov_nat,mts_details_mrd,2017,198.138
ecu,sex_m,geo_cov_nat,mts_details_mrd,2018,230.033
ecu,sex_m,geo_cov_nat,mts_details_mrd,2019,262.341
ecu,sex_m,geo_cov_nat,mts_details_mrd,2020,405.888
ecu,sex_m,geo_cov_nat,mts_details_mrd,2021,278.404
ecu,sex_m,geo_cov_nat,mts_details_sep,2005,21.708
ecu,sex_m,geo_cov_nat,mts_details_sep,2006,24.216
ecu,sex_m,geo_cov_nat,mts_details_sep,2007,31.958
ecu,sex_m,geo_cov_nat,mts_details_sep,2008,31.694
ecu,sex_m,geo_cov_nat,mts_details_sep,2009,36.535
ecu,sex_m,geo_cov_nat,mts_details_sep,2010,39.951
ecu,sex_m,geo_cov_nat,mts_details_sep,2011,39.392
ecu,sex_m,geo_cov_nat,mts_details_sep,2012,44.272
ecu,sex_m,geo_cov_nat,mts_details_sep,2013,41.525
ecu,sex_m,geo_cov_nat,mts_details_sep,2014,43.323
ecu,sex_m,geo_cov_nat,mts_details_sep,2015,36.858
ecu,sex_m,geo_cov_nat,mts_details_sep,2016,40.868
ecu,sex_m,geo_cov_nat,mts_details_sep,2017,41.309
ecu,sex_m,geo_cov_nat,mts_details_sep,2018,50.335
ecu,sex_m,geo_cov_nat,mts_details_sep,2019,54.831
ecu,sex_m,geo_cov_nat,mts_details_sep,2020,82.63
ecu,sex_m,geo_cov_nat,mts_details_sep,2021,69.458
ecu,sex_m,geo_cov_nat,mts_details_sgle,2005,519.304
ecu,sex_m,geo_cov_nat,mts_details_sgle,2006,482.247
ecu,sex_m,geo_cov_nat,mts_details_sgle,2007,545.928
ecu,sex_m,geo_cov_nat,mts_details_sgle,2008,566.692
ecu,sex_m,geo_cov_nat,mts_details_sgle,2009,657.898
ecu,sex_m,geo_cov_nat,mts_details_sgle,2010,701.843
ecu,sex_m,geo_cov_nat,mts_details_sgle,2011,727.922
ecu,sex_m,geo_cov_nat,mts_details_sgle,2012,731.49
ecu,sex_m,geo_cov_nat,mts_details_sgle,2013,805.363
ecu,sex_m,geo_cov_nat,mts_details_sgle,2014,797.014
ecu,sex_m,geo_cov_nat,mts_details_sgle,2015,757.926
ecu,sex_m,geo_cov_nat,mts_details_sgle,2016,749.04
ecu,sex_m,geo_cov_nat,mts_details_sgle,2017,766.425
ecu,sex_m,geo_cov_nat,mts_details_sgle,2018,817.566
ecu,sex_m,geo_cov_nat,mts_details_sgle,2019,849.569
ecu,sex_m,geo_cov_nat,mts_details_sgle,2020,1005.954
ecu,sex_m,geo_cov_nat,mts_details_sgle,2021,847.606
ecu,sex_m,geo_cov_nat,mts_details_total,2005,784.331
ecu,sex_m,geo_cov_nat,mts_details_total,2006,738.458
ecu,sex_m,geo_cov_nat,mts_details_total,2007,810.497
ecu,sex_m,geo_cov_nat,mts_details_total,2008,855.579
ecu,sex_m,geo_cov_nat,mts_details_total,2009,1021.178
ecu,sex_m,geo_cov_nat,mts_details_total,2010,1086.372
ecu,sex_m,geo_cov_nat,mts_details_total,2011,1154.565
ecu,sex_m,geo_cov_nat,mts_details_total,2012,1175.482
ecu,sex_m,geo_cov_nat,mts_details_total,2013,1242.878
ecu,sex_m,geo_cov_nat,mts_details_total,2014,1182.325
ecu,sex_m,geo_cov_nat,mts_details_total,2015,1092.674
ecu,sex_m,geo_cov_nat,mts_details_total,2016,1095.08
ecu,sex_m,geo_cov_nat,mts_details_total,2017,1112.325
ecu,sex_m,geo_cov_nat,mts_details_total,2018,1223.544
ecu,sex_m,geo_cov_nat,mts_details_total,2019,1306.541
ecu,sex_m,geo_cov_nat,mts_details_total,2020,1699.106
ecu,sex_m,geo_cov_nat,mts_details_total,2021,1347.17
ecu,sex_m,geo_cov_nat,mts_details_union,2005,38.223
ecu,sex_m,geo_cov_nat,mts_details_union,2006,34
ecu,sex_m,geo_cov_nat,mts_details_union,2007,35.926
ecu,sex_m,geo_cov_nat,mts_details_union,2008,39.644
ecu,sex_m,geo_cov_nat,mts_details_union,2009,56.786
ecu,sex_m,geo_cov_nat,mts_details_union,2010,52.742
ecu,sex_m,geo_cov_nat,mts_details_union,2011,57.76
ecu,sex_m,geo_cov_nat,mts_details_union,2012,60.207
ecu,sex_m,geo_cov_nat,mts_details_union,2013,67.123
ecu,sex_m,geo_cov_nat,mts_details_union,2014,60.559
ecu,sex_m,geo_cov_nat,mts_details_union,2015,54.572
ecu,sex_m,geo_cov_nat,mts_details_union,2016,57.562
ecu,sex_m,geo_cov_nat,mts_details_union,2017,53.512
ecu,sex_m,geo_cov_nat,mts_details_union,2018,64.513
ecu,sex_m,geo_cov_nat,mts_details_union,2019,69.322
ecu,sex_m,geo_cov_nat,mts_details_union,2020,118.537
ecu,sex_m,geo_cov_nat,mts_details_union,2021,75.455
ecu,sex_m,geo_cov_nat,mts_details_wid,2005,48.93
ecu,sex_m,geo_cov_nat,mts_details_wid,2006,47.112
ecu,sex_m,geo_cov_nat,mts_details_wid,2007,44.085
ecu,sex_m,geo_cov_nat,mts_details_wid,2008,50.751
ecu,sex_m,geo_cov_nat,mts_details_wid,2009,55.555
ecu,sex_m,geo_cov_nat,mts_details_wid,2010,68.292
ecu,sex_m,geo_cov_nat,mts_details_wid,2011,71.64
ecu,sex_m,geo_cov_nat,mts_details_wid,2012,72.489
ecu,sex_m,geo_cov_nat,mts_details_wid,2013,72.274
ecu,sex_m,geo_cov_nat,mts_details_wid,2014,60.45
ecu,sex_m,geo_cov_nat,mts_details_wid,2015,52.777
ecu,sex_m,geo_cov_nat,mts_details_wid,2016,51.029
ecu,sex_m,geo_cov_nat,mts_details_wid,2017,52.943
ecu,sex_m,geo_cov_nat,mts_details_wid,2018,61.041
ecu,sex_m,geo_cov_nat,mts_details_wid,2019,70.479
ecu,sex_m,geo_cov_nat,mts_details_wid,2020,86.098
ecu,sex_m,geo_cov_nat,mts_details_wid,2021,76.248
ecu,sex_m,geo_cov_rur,mts_aggregate_1,2005,127.477
ecu,sex_m,geo_cov_rur,mts_aggregate_1,2006,108.659
ecu,sex_m,geo_cov_rur,mts_aggregate_1,2007,138.075
ecu,sex_m,geo_cov_rur,mts_aggregate_1,2008,159.756
ecu,sex_m,geo_cov_rur,mts_aggregate_1,2009,194.126
ecu,sex_m,geo_cov_rur,mts_aggregate_1,2010,207.07
ecu,sex_m,geo_cov_rur,mts_aggregate_1,2011,228.696
ecu,sex_m,geo_cov_rur,mts_aggregate_1,2012,237.237
ecu,sex_m,geo_cov_rur,mts_aggregate_1,2013,250.995
ecu,sex_m,geo_cov_rur,mts_aggregate_1,2014,236.325
ecu,sex_m,geo_cov_rur,mts_aggregate_1,2015,201.474
ecu,sex_m,geo_cov_rur,mts_aggregate_1,2016,185.852
ecu,sex_m,geo_cov_rur,mts_aggregate_1,2017,183.485
ecu,sex_m,geo_cov_rur,mts_aggregate_1,2018,207.936
ecu,sex_m,geo_cov_rur,mts_aggregate_1,2019,215.996
ecu,sex_m,geo_cov_rur,mts_aggregate_1,2020,271.017
ecu,sex_m,geo_cov_rur,mts_aggregate_1,2021,209.045
ecu,sex_m,geo_cov_rur,mts_aggregate_2,2005,50.517
ecu,sex_m,geo_cov_rur,mts_aggregate_2,2006,45.35
ecu,sex_m,geo_cov_rur,mts_aggregate_2,2007,47.003
ecu,sex_m,geo_cov_rur,mts_aggregate_2,2008,57.968
ecu,sex_m,geo_cov_rur,mts_aggregate_2,2009,82.745
ecu,sex_m,geo_cov_rur,mts_aggregate_2,2010,76.57
ecu,sex_m,geo_cov_rur,mts_aggregate_2,2011,86.141
ecu,sex_m,geo_cov_rur,mts_aggregate_2,2012,91.819
ecu,sex_m,geo_cov_rur,mts_aggregate_2,2013,83.248
ecu,sex_m,geo_cov_rur,mts_aggregate_2,2014,67.656
ecu,sex_m,geo_cov_rur,mts_aggregate_2,2015,50.158
ecu,sex_m,geo_cov_rur,mts_aggregate_2,2016,53.465
ecu,sex_m,geo_cov_rur,mts_aggregate_2,2017,55.293
ecu,sex_m,geo_cov_rur,mts_aggregate_2,2018,62.954
ecu,sex_m,geo_cov_rur,mts_aggregate_2,2019,70.376
ecu,sex_m,geo_cov_rur,mts_aggregate_2,2020,112.557
ecu,sex_m,geo_cov_rur,mts_aggregate_2,2021,76.97
ecu,sex_m,geo_cov_rur,mts_aggregate_total,2005,177.994
ecu,sex_m,geo_cov_rur,mts_aggregate_total,2006,154.009
ecu,sex_m,geo_cov_rur,mts_aggregate_total,2007,185.078
ecu,sex_m,geo_cov_rur,mts_aggregate_total,2008,217.724
ecu,sex_m,geo_cov_rur,mts_aggregate_total,2009,276.871
ecu,sex_m,geo_cov_rur,mts_aggregate_total,2010,283.64
ecu,sex_m,geo_cov_rur,mts_aggregate_total,2011,314.837
ecu,sex_m,geo_cov_rur,mts_aggregate_total,2012,329.056
ecu,sex_m,geo_cov_rur,mts_aggregate_total,2013,334.243
ecu,sex_m,geo_cov_rur,mts_aggregate_total,2014,303.98
ecu,sex_m,geo_cov_rur,mts_aggregate_total,2015,251.632
ecu,sex_m,geo_cov_rur,mts_aggregate_total,2016,239.317
ecu,sex_m,geo_cov_rur,mts_aggregate_total,2017,238.777
ecu,sex_m,geo_cov_rur,mts_aggregate_total,2018,270.89
ecu,sex_m,geo_cov_rur,mts_aggregate_total,2019,286.372
ecu,sex_m,geo_cov_rur,mts_aggregate_total,2020,383.574
ecu,sex_m,geo_cov_rur,mts_aggregate_total,2021,286.014
ecu,sex_m,geo_cov_rur,mts_details_mrd,2005,37.617
ecu,sex_m,geo_cov_rur,mts_details_mrd,2006,35.682
ecu,sex_m,geo_cov_rur,mts_details_mrd,2007,34.591
ecu,sex_m,geo_cov_rur,mts_details_mrd,2008,42.257
ecu,sex_m,geo_cov_rur,mts_details_mrd,2009,58.556
ecu,sex_m,geo_cov_rur,mts_details_mrd,2010,53.42
ecu,sex_m,geo_cov_rur,mts_details_mrd,2011,63.031
ecu,sex_m,geo_cov_rur,mts_details_mrd,2012,70.366
ecu,sex_m,geo_cov_rur,mts_details_mrd,2013,62.533
ecu,sex_m,geo_cov_rur,mts_details_mrd,2014,51.053
ecu,sex_m,geo_cov_rur,mts_details_mrd,2015,37.124
ecu,sex_m,geo_cov_rur,mts_details_mrd,2016,36.823
ecu,sex_m,geo_cov_rur,mts_details_mrd,2017,40.645
ecu,sex_m,geo_cov_rur,mts_details_mrd,2018,45.005
ecu,sex_m,geo_cov_rur,mts_details_mrd,2019,52.058
ecu,sex_m,geo_cov_rur,mts_details_mrd,2020,83.408
ecu,sex_m,geo_cov_rur,mts_details_mrd,2021,57.078
ecu,sex_m,geo_cov_rur,mts_details_sep,2005,3.647
ecu,sex_m,geo_cov_rur,mts_details_sep,2006,4.433
ecu,sex_m,geo_cov_rur,mts_details_sep,2007,5.224
ecu,sex_m,geo_cov_rur,mts_details_sep,2008,6.405
ecu,sex_m,geo_cov_rur,mts_details_sep,2009,8.857
ecu,sex_m,geo_cov_rur,mts_details_sep,2010,8.52
ecu,sex_m,geo_cov_rur,mts_details_sep,2011,6.923
ecu,sex_m,geo_cov_rur,mts_details_sep,2012,8.236
ecu,sex_m,geo_cov_rur,mts_details_sep,2013,8.604
ecu,sex_m,geo_cov_rur,mts_details_sep,2014,7.844
ecu,sex_m,geo_cov_rur,mts_details_sep,2015,6.022
ecu,sex_m,geo_cov_rur,mts_details_sep,2016,8.588
ecu,sex_m,geo_cov_rur,mts_details_sep,2017,6.865
ecu,sex_m,geo_cov_rur,mts_details_sep,2018,7.772
ecu,sex_m,geo_cov_rur,mts_details_sep,2019,8.631
ecu,sex_m,geo_cov_rur,mts_details_sep,2020,15.468
ecu,sex_m,geo_cov_rur,mts_details_sep,2021,10.688
ecu,sex_m,geo_cov_rur,mts_details_sgle,2005,109.348
ecu,sex_m,geo_cov_rur,mts_details_sgle,2006,90.1
ecu,sex_m,geo_cov_rur,mts_details_sgle,2007,117.072
ecu,sex_m,geo_cov_rur,mts_details_sgle,2008,136.651
ecu,sex_m,geo_cov_rur,mts_details_sgle,2009,167.39
ecu,sex_m,geo_cov_rur,mts_details_sgle,2010,176.147
ecu,sex_m,geo_cov_rur,mts_details_sgle,2011,196.518
ecu,sex_m,geo_cov_rur,mts_details_sgle,2012,202.74
ecu,sex_m,geo_cov_rur,mts_details_sgle,2013,218.087
ecu,sex_m,geo_cov_rur,mts_details_sgle,2014,209.306
ecu,sex_m,geo_cov_rur,mts_details_sgle,2015,182.022
ecu,sex_m,geo_cov_rur,mts_details_sgle,2016,164.869
ecu,sex_m,geo_cov_rur,mts_details_sgle,2017,164.104
ecu,sex_m,geo_cov_rur,mts_details_sgle,2018,183.41
ecu,sex_m,geo_cov_rur,mts_details_sgle,2019,188.116
ecu,sex_m,geo_cov_rur,mts_details_sgle,2020,230.734
ecu,sex_m,geo_cov_rur,mts_details_sgle,2021,179.532
ecu,sex_m,geo_cov_rur,mts_details_total,2005,177.994
ecu,sex_m,geo_cov_rur,mts_details_total,2006,154.009
ecu,sex_m,geo_cov_rur,mts_details_total,2007,185.078
ecu,sex_m,geo_cov_rur,mts_details_total,2008,217.724
ecu,sex_m,geo_cov_rur,mts_details_total,2009,276.871
ecu,sex_m,geo_cov_rur,mts_details_total,2010,283.64
ecu,sex_m,geo_cov_rur,mts_details_total,2011,314.837
ecu,sex_m,geo_cov_rur,mts_details_total,2012,329.056
ecu,sex_m,geo_cov_rur,mts_details_total,2013,334.243
ecu,sex_m,geo_cov_rur,mts_details_total,2014,303.98
ecu,sex_m,geo_cov_rur,mts_details_total,2015,251.632
ecu,sex_m,geo_cov_rur,mts_details_total,2016,239.317
ecu,sex_m,geo_cov_rur,mts_details_total,2017,238.777
ecu,sex_m,geo_cov_rur,mts_details_total,2018,270.89
ecu,sex_m,geo_cov_rur,mts_details_total,2019,286.372
ecu,sex_m,geo_cov_rur,mts_details_total,2020,383.574
ecu,sex_m,geo_cov_rur,mts_details_total,2021,286.014
ecu,sex_m,geo_cov_rur,mts_details_union,2005,12.901
ecu,sex_m,geo_cov_rur,mts_details_union,2006,9.668
ecu,sex_m,geo_cov_rur,mts_details_union,2007,12.412
ecu,sex_m,geo_cov_rur,mts_details_union,2008,15.711
ecu,sex_m,geo_cov_rur,mts_details_union,2009,24.189
ecu,sex_m,geo_cov_rur,mts_details_union,2010,23.151
ecu,sex_m,geo_cov_rur,mts_details_union,2011,23.11
ecu,sex_m,geo_cov_rur,mts_details_union,2012,21.453
ecu,sex_m,geo_cov_rur,mts_details_union,2013,20.715
ecu,sex_m,geo_cov_rur,mts_details_union,2014,16.602
ecu,sex_m,geo_cov_rur,mts_details_union,2015,13.034
ecu,sex_m,geo_cov_rur,mts_details_union,2016,16.642
ecu,sex_m,geo_cov_rur,mts_details_union,2017,14.647
ecu,sex_m,geo_cov_rur,mts_details_union,2018,17.949
ecu,sex_m,geo_cov_rur,mts_details_union,2019,18.318
ecu,sex_m,geo_cov_rur,mts_details_union,2020,29.149
ecu,sex_m,geo_cov_rur,mts_details_union,2021,19.892
ecu,sex_m,geo_cov_rur,mts_details_wid,2005,14.482
ecu,sex_m,geo_cov_rur,mts_details_wid,2006,14.126
ecu,sex_m,geo_cov_rur,mts_details_wid,2007,15.779
ecu,sex_m,geo_cov_rur,mts_details_wid,2008,16.7
ecu,sex_m,geo_cov_rur,mts_details_wid,2009,17.879
ecu,sex_m,geo_cov_rur,mts_details_wid,2010,22.403
ecu,sex_m,geo_cov_rur,mts_details_wid,2011,25.256
ecu,sex_m,geo_cov_rur,mts_details_wid,2012,26.262
ecu,sex_m,geo_cov_rur,mts_details_wid,2013,24.304
ecu,sex_m,geo_cov_rur,mts_details_wid,2014,19.175
ecu,sex_m,geo_cov_rur,mts_details_wid,2015,13.43
ecu,sex_m,geo_cov_rur,mts_details_wid,2016,12.396
ecu,sex_m,geo_cov_rur,mts_details_wid,2017,12.516
ecu,sex_m,geo_cov_rur,mts_details_wid,2018,16.755
ecu,sex_m,geo_cov_rur,mts_details_wid,2019,19.249
ecu,sex_m,geo_cov_rur,mts_details_wid,2020,24.815
ecu,sex_m,geo_cov_rur,mts_details_wid,2021,18.825
ecu,sex_m,geo_cov_urb,mts_aggregate_1,2005,462.465
ecu,sex_m,geo_cov_urb,mts_aggregate_1,2006,444.915
ecu,sex_m,geo_cov_urb,mts_aggregate_1,2007,483.896
ecu,sex_m,geo_cov_urb,mts_aggregate_1,2008,489.381
ecu,sex_m,geo_cov_urb,mts_aggregate_1,2009,555.862
ecu,sex_m,geo_cov_urb,mts_aggregate_1,2010,603.015
ecu,sex_m,geo_cov_urb,mts_aggregate_1,2011,610.257
ecu,sex_m,geo_cov_urb,mts_aggregate_1,2012,611.014
ecu,sex_m,geo_cov_urb,mts_aggregate_1,2013,668.167
ecu,sex_m,geo_cov_urb,mts_aggregate_1,2014,664.463
ecu,sex_m,geo_cov_urb,mts_aggregate_1,2015,646.087
ecu,sex_m,geo_cov_urb,mts_aggregate_1,2016,655.085
ecu,sex_m,geo_cov_urb,mts_aggregate_1,2017,677.192
ecu,sex_m,geo_cov_urb,mts_aggregate_1,2018,721.005
ecu,sex_m,geo_cov_urb,mts_aggregate_1,2019,758.883
ecu,sex_m,geo_cov_urb,mts_aggregate_1,2020,903.664
ecu,sex_m,geo_cov_urb,mts_aggregate_1,2021,784.267
ecu,sex_m,geo_cov_urb,mts_aggregate_2,2005,143.872
ecu,sex_m,geo_cov_urb,mts_aggregate_2,2006,139.535
ecu,sex_m,geo_cov_urb,mts_aggregate_2,2007,141.524
ecu,sex_m,geo_cov_urb,mts_aggregate_2,2008,148.474
ecu,sex_m,geo_cov_urb,mts_aggregate_2,2009,188.445
ecu,sex_m,geo_cov_urb,mts_aggregate_2,2010,199.717
ecu,sex_m,geo_cov_urb,mts_aggregate_2,2011,229.47
ecu,sex_m,geo_cov_urb,mts_aggregate_2,2012,235.412
ecu,sex_m,geo_cov_urb,mts_aggregate_2,2013,240.468
ecu,sex_m,geo_cov_urb,mts_aggregate_2,2014,213.882
ecu,sex_m,geo_cov_urb,mts_aggregate_2,2015,194.955
ecu,sex_m,geo_cov_urb,mts_aggregate_2,2016,200.679
ecu,sex_m,geo_cov_urb,mts_aggregate_2,2017,196.357
ecu,sex_m,geo_cov_urb,mts_aggregate_2,2018,231.593
ecu,sex_m,geo_cov_urb,mts_aggregate_2,2019,261.287
ecu,sex_m,geo_cov_urb,mts_aggregate_2,2020,411.867
ecu,sex_m,geo_cov_urb,mts_aggregate_2,2021,276.889
ecu,sex_m,geo_cov_urb,mts_aggregate_total,2005,606.337
ecu,sex_m,geo_cov_urb,mts_aggregate_total,2006,584.449
ecu,sex_m,geo_cov_urb,mts_aggregate_total,2007,625.419
ecu,sex_m,geo_cov_urb,mts_aggregate_total,2008,637.855
ecu,sex_m,geo_cov_urb,mts_aggregate_total,2009,744.307
ecu,sex_m,geo_cov_urb,mts_aggregate_total,2010,802.732
ecu,sex_m,geo_cov_urb,mts_aggregate_total,2011,839.727
ecu,sex_m,geo_cov_urb,mts_aggregate_total,2012,846.426
ecu,sex_m,geo_cov_urb,mts_aggregate_total,2013,908.635
ecu,sex_m,geo_cov_urb,mts_aggregate_total,2014,878.344
ecu,sex_m,geo_cov_urb,mts_aggregate_total,2015,841.042
ecu,sex_m,geo_cov_urb,mts_aggregate_total,2016,855.764
ecu,sex_m,geo_cov_urb,mts_aggregate_total,2017,873.548
ecu,sex_m,geo_cov_urb,mts_aggregate_total,2018,952.654
ecu,sex_m,geo_cov_urb,mts_aggregate_total,2019,1020.17
ecu,sex_m,geo_cov_urb,mts_aggregate_total,2020,1315.532
ecu,sex_m,geo_cov_urb,mts_aggregate_total,2021,1061.156
ecu,sex_m,geo_cov_urb,mts_details_mrd,2005,118.55
ecu,sex_m,geo_cov_urb,mts_details_mrd,2006,115.203
ecu,sex_m,geo_cov_urb,mts_details_mrd,2007,118.009
ecu,sex_m,geo_cov_urb,mts_details_mrd,2008,124.541
ecu,sex_m,geo_cov_urb,mts_details_mrd,2009,155.848
ecu,sex_m,geo_cov_urb,mts_details_mrd,2010,170.125
ecu,sex_m,geo_cov_urb,mts_details_mrd,2011,194.82
ecu,sex_m,geo_cov_urb,mts_details_mrd,2012,196.658
ecu,sex_m,geo_cov_urb,mts_details_mrd,2013,194.06
ecu,sex_m,geo_cov_urb,mts_details_mrd,2014,169.925
ecu,sex_m,geo_cov_urb,mts_details_mrd,2015,153.417
ecu,sex_m,geo_cov_urb,mts_details_mrd,2016,159.759
ecu,sex_m,geo_cov_urb,mts_details_mrd,2017,157.493
ecu,sex_m,geo_cov_urb,mts_details_mrd,2018,185.028
ecu,sex_m,geo_cov_urb,mts_details_mrd,2019,210.283
ecu,sex_m,geo_cov_urb,mts_details_mrd,2020,322.48
ecu,sex_m,geo_cov_urb,mts_details_mrd,2021,221.326
ecu,sex_m,geo_cov_urb,mts_details_sep,2005,18.061
ecu,sex_m,geo_cov_urb,mts_details_sep,2006,19.783
ecu,sex_m,geo_cov_urb,mts_details_sep,2007,26.733
ecu,sex_m,geo_cov_urb,mts_details_sep,2008,25.289
ecu,sex_m,geo_cov_urb,mts_details_sep,2009,27.678
ecu,sex_m,geo_cov_urb,mts_details_sep,2010,31.43
ecu,sex_m,geo_cov_urb,mts_details_sep,2011,32.469
ecu,sex_m,geo_cov_urb,mts_details_sep,2012,36.037
ecu,sex_m,geo_cov_urb,mts_details_sep,2013,32.921
ecu,sex_m,geo_cov_urb,mts_details_sep,2014,35.479
ecu,sex_m,geo_cov_urb,mts_details_sep,2015,30.836
ecu,sex_m,geo_cov_urb,mts_details_sep,2016,32.28
ecu,sex_m,geo_cov_urb,mts_details_sep,2017,34.444
ecu,sex_m,geo_cov_urb,mts_details_sep,2018,42.563
ecu,sex_m,geo_cov_urb,mts_details_sep,2019,46.201
ecu,sex_m,geo_cov_urb,mts_details_sep,2020,67.161
ecu,sex_m,geo_cov_urb,mts_details_sep,2021,58.77
ecu,sex_m,geo_cov_urb,mts_details_sgle,2005,409.956
ecu,sex_m,geo_cov_urb,mts_details_sgle,2006,392.147
ecu,sex_m,geo_cov_urb,mts_details_sgle,2007,428.857
ecu,sex_m,geo_cov_urb,mts_details_sgle,2008,430.041
ecu,sex_m,geo_cov_urb,mts_details_sgle,2009,490.508
ecu,sex_m,geo_cov_urb,mts_details_sgle,2010,525.696
ecu,sex_m,geo_cov_urb,mts_details_sgle,2011,531.404
ecu,sex_m,geo_cov_urb,mts_details_sgle,2012,528.749
ecu,sex_m,geo_cov_urb,mts_details_sgle,2013,587.276
ecu,sex_m,geo_cov_urb,mts_details_sgle,2014,587.708
ecu,sex_m,geo_cov_urb,mts_details_sgle,2015,575.904
ecu,sex_m,geo_cov_urb,mts_details_sgle,2016,584.171
ecu,sex_m,geo_cov_urb,mts_details_sgle,2017,602.321
ecu,sex_m,geo_cov_urb,mts_details_sgle,2018,634.156
ecu,sex_m,geo_cov_urb,mts_details_sgle,2019,661.453
ecu,sex_m,geo_cov_urb,mts_details_sgle,2020,775.22
ecu,sex_m,geo_cov_urb,mts_details_sgle,2021,668.073
ecu,sex_m,geo_cov_urb,mts_details_total,2005,606.337
ecu,sex_m,geo_cov_urb,mts_details_total,2006,584.449
ecu,sex_m,geo_cov_urb,mts_details_total,2007,625.419
ecu,sex_m,geo_cov_urb,mts_details_total,2008,637.855
ecu,sex_m,geo_cov_urb,mts_details_total,2009,744.307
ecu,sex_m,geo_cov_urb,mts_details_total,2010,802.732
ecu,sex_m,geo_cov_urb,mts_details_total,2011,839.727
ecu,sex_m,geo_cov_urb,mts_details_total,2012,846.426
ecu,sex_m,geo_cov_urb,mts_details_total,2013,908.635
ecu,sex_m,geo_cov_urb,mts_details_total,2014,878.344
ecu,sex_m,geo_cov_urb,mts_details_total,2015,841.042
ecu,sex_m,geo_cov_urb,mts_details_total,2016,855.764
ecu,sex_m,geo_cov_urb,mts_details_total,2017,873.548
ecu,sex_m,geo_cov_urb,mts_details_total,2018,952.654
ecu,sex_m,geo_cov_urb,mts_details_total,2019,1020.17
ecu,sex_m,geo_cov_urb,mts_details_total,2020,1315.532
ecu,sex_m,geo_cov_urb,mts_details_total,2021,1061.156
ecu,sex_m,geo_cov_urb,mts_details_union,2005,25.322
ecu,sex_m,geo_cov_urb,mts_details_union,2006,24.332
ecu,sex_m,geo_cov_urb,mts_details_union,2007,23.514
ecu,sex_m,geo_cov_urb,mts_details_union,2008,23.933
ecu,sex_m,geo_cov_urb,mts_details_union,2009,32.597
ecu,sex_m,geo_cov_urb,mts_details_union,2010,29.592
ecu,sex_m,geo_cov_urb,mts_details_union,2011,34.65
ecu,sex_m,geo_cov_urb,mts_details_union,2012,38.754
ecu,sex_m,geo_cov_urb,mts_details_union,2013,46.408
ecu,sex_m,geo_cov_urb,mts_details_union,2014,43.957
ecu,sex_m,geo_cov_urb,mts_details_union,2015,41.538
ecu,sex_m,geo_cov_urb,mts_details_union,2016,40.92
ecu,sex_m,geo_cov_urb,mts_details_union,2017,38.864
ecu,sex_m,geo_cov_urb,mts_details_union,2018,46.565
ecu,sex_m,geo_cov_urb,mts_details_union,2019,51.004
ecu,sex_m,geo_cov_urb,mts_details_union,2020,89.387
ecu,sex_m,geo_cov_urb,mts_details_union,2021,55.563
ecu,sex_m,geo_cov_urb,mts_details_wid,2005,34.448
ecu,sex_m,geo_cov_urb,mts_details_wid,2006,32.985
ecu,sex_m,geo_cov_urb,mts_details_wid,2007,28.306
ecu,sex_m,geo_cov_urb,mts_details_wid,2008,34.05
ecu,sex_m,geo_cov_urb,mts_details_wid,2009,37.676
ecu,sex_m,geo_cov_urb,mts_details_wid,2010,45.889
ecu,sex_m,geo_cov_urb,mts_details_wid,2011,46.384
ecu,sex_m,geo_cov_urb,mts_details_wid,2012,46.228
ecu,sex_m,geo_cov_urb,mts_details_wid,2013,47.97
ecu,sex_m,geo_cov_urb,mts_details_wid,2014,41.275
ecu,sex_m,geo_cov_urb,mts_details_wid,2015,39.348
ecu,sex_m,geo_cov_urb,mts_details_wid,2016,38.633
ecu,sex_m,geo_cov_urb,mts_details_wid,2017,40.427
ecu,sex_m,geo_cov_urb,mts_details_wid,2018,44.286
ecu,sex_m,geo_cov_urb,mts_details_wid,2019,51.23
ecu,sex_m,geo_cov_urb,mts_details_wid,2020,61.284
ecu,sex_m,geo_cov_urb,mts_details_wid,2021,57.424
ecu,sex_t,geo_cov_nat,mts_aggregate_1,2005,1581.519
ecu,sex_t,geo_cov_nat,mts_aggregate_1,2006,1583.342
ecu,sex_t,geo_cov_nat,mts_aggregate_1,2007,1639.527
ecu,sex_t,geo_cov_nat,mts_aggregate_1,2008,1713.945
ecu,sex_t,geo_cov_nat,mts_aggregate_1,2009,1959.786
ecu,sex_t,geo_cov_nat,mts_aggregate_1,2010,2119.528
ecu,sex_t,geo_cov_nat,mts_aggregate_1,2011,2203.062
ecu,sex_t,geo_cov_nat,mts_aggregate_1,2012,2233.031
ecu,sex_t,geo_cov_nat,mts_aggregate_1,2013,2314.361
ecu,sex_t,geo_cov_nat,mts_aggregate_1,2014,2276.97
ecu,sex_t,geo_cov_nat,mts_aggregate_1,2015,2095.95
ecu,sex_t,geo_cov_nat,mts_aggregate_1,2016,2077.337
ecu,sex_t,geo_cov_nat,mts_aggregate_1,2017,2125.49
ecu,sex_t,geo_cov_nat,mts_aggregate_1,2018,2269.773
ecu,sex_t,geo_cov_nat,mts_aggregate_1,2019,2382.318
ecu,sex_t,geo_cov_nat,mts_aggregate_1,2020,2843.86
ecu,sex_t,geo_cov_nat,mts_aggregate_1,2021,2502.935
ecu,sex_t,geo_cov_nat,mts_aggregate_2,2005,1416.444
ecu,sex_t,geo_cov_nat,mts_aggregate_2,2006,1378.85
ecu,sex_t,geo_cov_nat,mts_aggregate_2,2007,1453.074
ecu,sex_t,geo_cov_nat,mts_aggregate_2,2008,1490.242
ecu,sex_t,geo_cov_nat,mts_aggregate_2,2009,1649.998
ecu,sex_t,geo_cov_nat,mts_aggregate_2,2010,1693.598
ecu,sex_t,geo_cov_nat,mts_aggregate_2,2011,1811.221
ecu,sex_t,geo_cov_nat,mts_aggregate_2,2012,1809.568
ecu,sex_t,geo_cov_nat,mts_aggregate_2,2013,1872.805
ecu,sex_t,geo_cov_nat,mts_aggregate_2,2014,1919.007
ecu,sex_t,geo_cov_nat,mts_aggregate_2,2015,1784.597
ecu,sex_t,geo_cov_nat,mts_aggregate_2,2016,1669.724
ecu,sex_t,geo_cov_nat,mts_aggregate_2,2017,1648.225
ecu,sex_t,geo_cov_nat,mts_aggregate_2,2018,1763.058
ecu,sex_t,geo_cov_nat,mts_aggregate_2,2019,1790.118
ecu,sex_t,geo_cov_nat,mts_aggregate_2,2020,2157.236
ecu,sex_t,geo_cov_nat,mts_aggregate_2,2021,1833.057
ecu,sex_t,geo_cov_nat,mts_aggregate_total,2005,2997.963
ecu,sex_t,geo_cov_nat,mts_aggregate_total,2006,2962.192
ecu,sex_t,geo_cov_nat,mts_aggregate_total,2007,3092.6
ecu,sex_t,geo_cov_nat,mts_aggregate_total,2008,3204.187
ecu,sex_t,geo_cov_nat,mts_aggregate_total,2009,3609.784
ecu,sex_t,geo_cov_nat,mts_aggregate_total,2010,3813.126
ecu,sex_t,geo_cov_nat,mts_aggregate_total,2011,4014.283
ecu,sex_t,geo_cov_nat,mts_aggregate_total,2012,4042.599
ecu,sex_t,geo_cov_nat,mts_aggregate_total,2013,4187.166
ecu,sex_t,geo_cov_nat,mts_aggregate_total,2014,4195.977
ecu,sex_t,geo_cov_nat,mts_aggregate_total,2015,3880.547
ecu,sex_t,geo_cov_nat,mts_aggregate_total,2016,3747.06
ecu,sex_t,geo_cov_nat,mts_aggregate_total,2017,3773.716
ecu,sex_t,geo_cov_nat,mts_aggregate_total,2018,4032.887
ecu,sex_t,geo_cov_nat,mts_aggregate_total,2019,4172.436
ecu,sex_t,geo_cov_nat,mts_aggregate_total,2020,5001.096
ecu,sex_t,geo_cov_nat,mts_aggregate_total,2021,4335.992
ecu,sex_t,geo_cov_nat,mts_details_mrd,2005,947.919
ecu,sex_t,geo_cov_nat,mts_details_mrd,2006,886.825
ecu,sex_t,geo_cov_nat,mts_details_mrd,2007,931.216
ecu,sex_t,geo_cov_nat,mts_details_mrd,2008,945.043
ecu,sex_t,geo_cov_nat,mts_details_mrd,2009,1086.021
ecu,sex_t,geo_cov_nat,mts_details_mrd,2010,1109.528
ecu,sex_t,geo_cov_nat,mts_details_mrd,2011,1202.304
ecu,sex_t,geo_cov_nat,mts_details_mrd,2012,1191.265
ecu,sex_t,geo_cov_nat,mts_details_mrd,2013,1185.649
ecu,sex_t,geo_cov_nat,mts_details_mrd,2014,1140.362
ecu,sex_t,geo_cov_nat,mts_details_mrd,2015,1005.169
ecu,sex_t,geo_cov_nat,mts_details_mrd,2016,939.293
ecu,sex_t,geo_cov_nat,mts_details_mrd,2017,934.517
ecu,sex_t,geo_cov_nat,mts_details_mrd,2018,1003.956
ecu,sex_t,geo_cov_nat,mts_details_mrd,2019,1044.945
ecu,sex_t,geo_cov_nat,mts_details_mrd,2020,1352.702
ecu,sex_t,geo_cov_nat,mts_details_mrd,2021,1043.95
ecu,sex_t,geo_cov_nat,mts_details_sep,2005,133.166
ecu,sex_t,geo_cov_nat,mts_details_sep,2006,168.367
ecu,sex_t,geo_cov_nat,mts_details_sep,2007,177.968
ecu,sex_t,geo_cov_nat,mts_details_sep,2008,171.11
ecu,sex_t,geo_cov_nat,mts_details_sep,2009,198.098
ecu,sex_t,geo_cov_nat,mts_details_sep,2010,226.778
ecu,sex_t,geo_cov_nat,mts_details_sep,2011,225.432
ecu,sex_t,geo_cov_nat,mts_details_sep,2012,249.438
ecu,sex_t,geo_cov_nat,mts_details_sep,2013,245.723
ecu,sex_t,geo_cov_nat,mts_details_sep,2014,261.295
ecu,sex_t,geo_cov_nat,mts_details_sep,2015,230.27
ecu,sex_t,geo_cov_nat,mts_details_sep,2016,223.427
ecu,sex_t,geo_cov_nat,mts_details_sep,2017,221.874
ecu,sex_t,geo_cov_nat,mts_details_sep,2018,266.993
ecu,sex_t,geo_cov_nat,mts_details_sep,2019,298.841
ecu,sex_t,geo_cov_nat,mts_details_sep,2020,378.785
ecu,sex_t,geo_cov_nat,mts_details_sep,2021,358.903
ecu,sex_t,geo_cov_nat,mts_details_sgle,2005,1197.226
ecu,sex_t,geo_cov_nat,mts_details_sgle,2006,1153.087
ecu,sex_t,geo_cov_nat,mts_details_sgle,2007,1210.439
ecu,sex_t,geo_cov_nat,mts_details_sgle,2008,1278.953
ecu,sex_t,geo_cov_nat,mts_details_sgle,2009,1458.195
ecu,sex_t,geo_cov_nat,mts_details_sgle,2010,1547.778
ecu,sex_t,geo_cov_nat,mts_details_sgle,2011,1614.503
ecu,sex_t,geo_cov_nat,mts_details_sgle,2012,1602.133
ecu,sex_t,geo_cov_nat,mts_details_sgle,2013,1712.744
ecu,sex_t,geo_cov_nat,mts_details_sgle,2014,1710.029
ecu,sex_t,geo_cov_nat,mts_details_sgle,2015,1600.36
ecu,sex_t,geo_cov_nat,mts_details_sgle,2016,1589.413
ecu,sex_t,geo_cov_nat,mts_details_sgle,2017,1628.493
ecu,sex_t,geo_cov_nat,mts_details_sgle,2018,1705.425
ecu,sex_t,geo_cov_nat,mts_details_sgle,2019,1758.831
ecu,sex_t,geo_cov_nat,mts_details_sgle,2020,2053.916
ecu,sex_t,geo_cov_nat,mts_details_sgle,2021,1765.934
ecu,sex_t,geo_cov_nat,mts_details_total,2005,2997.963
ecu,sex_t,geo_cov_nat,mts_details_total,2006,2962.192
ecu,sex_t,geo_cov_nat,mts_details_total,2007,3092.6
ecu,sex_t,geo_cov_nat,mts_details_total,2008,3204.187
ecu,sex_t,geo_cov_nat,mts_details_total,2009,3609.784
ecu,sex_t,geo_cov_nat,mts_details_total,2010,3813.126
ecu,sex_t,geo_cov_nat,mts_details_total,2011,4014.283
ecu,sex_t,geo_cov_nat,mts_details_total,2012,4042.599
ecu,sex_t,geo_cov_nat,mts_details_total,2013,4187.166
ecu,sex_t,geo_cov_nat,mts_details_total,2014,4195.977
ecu,sex_t,geo_cov_nat,mts_details_total,2015,3880.547
ecu,sex_t,geo_cov_nat,mts_details_total,2016,3747.06
ecu,sex_t,geo_cov_nat,mts_details_total,2017,3773.716
ecu,sex_t,geo_cov_nat,mts_details_total,2018,4032.887
ecu,sex_t,geo_cov_nat,mts_details_total,2019,4172.436
ecu,sex_t,geo_cov_nat,mts_details_total,2020,5001.096
ecu,sex_t,geo_cov_nat,mts_details_total,2021,4335.992
ecu,sex_t,geo_cov_nat,mts_details_union,2005,468.526
ecu,sex_t,geo_cov_nat,mts_details_union,2006,492.025
ecu,sex_t,geo_cov_nat,mts_details_union,2007,521.858
ecu,sex_t,geo_cov_nat,mts_details_union,2008,545.2
ecu,sex_t,geo_cov_nat,mts_details_union,2009,563.977
ecu,sex_t,geo_cov_nat,mts_details_union,2010,584.071
ecu,sex_t,geo_cov_nat,mts_details_union,2011,608.917
ecu,sex_t,geo_cov_nat,mts_details_union,2012,618.302
ecu,sex_t,geo_cov_nat,mts_details_union,2013,687.157
ecu,sex_t,geo_cov_nat,mts_details_union,2014,778.645
ecu,sex_t,geo_cov_nat,mts_details_union,2015,779.427
ecu,sex_t,geo_cov_nat,mts_details_union,2016,730.431
ecu,sex_t,geo_cov_nat,mts_details_union,2017,713.708
ecu,sex_t,geo_cov_nat,mts_details_union,2018,759.102
ecu,sex_t,geo_cov_nat,mts_details_union,2019,745.173
ecu,sex_t,geo_cov_nat,mts_details_union,2020,804.533
ecu,sex_t,geo_cov_nat,mts_details_union,2021,789.107
ecu,sex_t,geo_cov_nat,mts_details_wid,2005,251.127
ecu,sex_t,geo_cov_nat,mts_details_wid,2006,261.889
ecu,sex_t,geo_cov_nat,mts_details_wid,2007,251.12
ecu,sex_t,geo_cov_nat,mts_details_wid,2008,263.882
ecu,sex_t,geo_cov_nat,mts_details_wid,2009,303.493
ecu,sex_t,geo_cov_nat,mts_details_wid,2010,344.972
ecu,sex_t,geo_cov_nat,mts_details_wid,2011,363.127
ecu,sex_t,geo_cov_nat,mts_details_wid,2012,381.461
ecu,sex_t,geo_cov_nat,mts_details_wid,2013,355.894
ecu,sex_t,geo_cov_nat,mts_details_wid,2014,305.647
ecu,sex_t,geo_cov_nat,mts_details_wid,2015,265.321
ecu,sex_t,geo_cov_nat,mts_details_wid,2016,264.497
ecu,sex_t,geo_cov_nat,mts_details_wid,2017,275.123
ecu,sex_t,geo_cov_nat,mts_details_wid,2018,297.356
ecu,sex_t,geo_cov_nat,mts_details_wid,2019,324.646
ecu,sex_t,geo_cov_nat,mts_details_wid,2020,411.16
ecu,sex_t,geo_cov_nat,mts_details_wid,2021,378.098
ecu,sex_t,geo_cov_rur,mts_aggregate_1,2005,392.107
ecu,sex_t,geo_cov_rur,mts_aggregate_1,2006,367.01
ecu,sex_t,geo_cov_rur,mts_aggregate_1,2007,415.508
ecu,sex_t,geo_cov_rur,mts_aggregate_1,2008,472.854
ecu,sex_t,geo_cov_rur,mts_aggregate_1,2009,541.926
ecu,sex_t,geo_cov_rur,mts_aggregate_1,2010,578.679
ecu,sex_t,geo_cov_rur,mts_aggregate_1,2011,622.454
ecu,sex_t,geo_cov_rur,mts_aggregate_1,2012,636.206
ecu,sex_t,geo_cov_rur,mts_aggregate_1,2013,633.886
ecu,sex_t,geo_cov_rur,mts_aggregate_1,2014,596.197
ecu,sex_t,geo_cov_rur,mts_aggregate_1,2015,512.671
ecu,sex_t,geo_cov_rur,mts_aggregate_1,2016,473.257
ecu,sex_t,geo_cov_rur,mts_aggregate_1,2017,459.075
ecu,sex_t,geo_cov_rur,mts_aggregate_1,2018,521.443
ecu,sex_t,geo_cov_rur,mts_aggregate_1,2019,523.992
ecu,sex_t,geo_cov_rur,mts_aggregate_1,2020,686.556
ecu,sex_t,geo_cov_rur,mts_aggregate_1,2021,552.672
ecu,sex_t,geo_cov_rur,mts_aggregate_2,2005,445.477
ecu,sex_t,geo_cov_rur,mts_aggregate_2,2006,431.29
ecu,sex_t,geo_cov_rur,mts_aggregate_2,2007,477.047
ecu,sex_t,geo_cov_rur,mts_aggregate_2,2008,515.851
ecu,sex_t,geo_cov_rur,mts_aggregate_2,2009,576.423
ecu,sex_t,geo_cov_rur,mts_aggregate_2,2010,589.974
ecu,sex_t,geo_cov_rur,mts_aggregate_2,2011,642.448
ecu,sex_t,geo_cov_rur,mts_aggregate_2,2012,642.384
ecu,sex_t,geo_cov_rur,mts_aggregate_2,2013,612.61
ecu,sex_t,geo_cov_rur,mts_aggregate_2,2014,623.375
ecu,sex_t,geo_cov_rur,mts_aggregate_2,2015,515.678
ecu,sex_t,geo_cov_rur,mts_aggregate_2,2016,461.527
ecu,sex_t,geo_cov_rur,mts_aggregate_2,2017,451.834
ecu,sex_t,geo_cov_rur,mts_aggregate_2,2018,462.185
ecu,sex_t,geo_cov_rur,mts_aggregate_2,2019,459.603
ecu,sex_t,geo_cov_rur,mts_aggregate_2,2020,576.335
ecu,sex_t,geo_cov_rur,mts_aggregate_2,2021,438.166
ecu,sex_t,geo_cov_rur,mts_aggregate_total,2005,837.584
ecu,sex_t,geo_cov_rur,mts_aggregate_total,2006,798.3
ecu,sex_t,geo_cov_rur,mts_aggregate_total,2007,892.555
ecu,sex_t,geo_cov_rur,mts_aggregate_total,2008,988.705
ecu,sex_t,geo_cov_rur,mts_aggregate_total,2009,1118.348
ecu,sex_t,geo_cov_rur,mts_aggregate_total,2010,1168.653
ecu,sex_t,geo_cov_rur,mts_aggregate_total,2011,1264.902
ecu,sex_t,geo_cov_rur,mts_aggregate_total,2012,1278.59
ecu,sex_t,geo_cov_rur,mts_aggregate_total,2013,1246.496
ecu,sex_t,geo_cov_rur,mts_aggregate_total,2014,1219.572
ecu,sex_t,geo_cov_rur,mts_aggregate_total,2015,1028.348
ecu,sex_t,geo_cov_rur,mts_aggregate_total,2016,934.784
ecu,sex_t,geo_cov_rur,mts_aggregate_total,2017,910.909
ecu,sex_t,geo_cov_rur,mts_aggregate_total,2018,983.628
ecu,sex_t,geo_cov_rur,mts_aggregate_total,2019,983.595
ecu,sex_t,geo_cov_rur,mts_aggregate_total,2020,1262.891
ecu,sex_t,geo_cov_rur,mts_aggregate_total,2021,990.838
ecu,sex_t,geo_cov_rur,mts_details_mrd,2005,277.948
ecu,sex_t,geo_cov_rur,mts_details_mrd,2006,237.894
ecu,sex_t,geo_cov_rur,mts_details_mrd,2007,262.6
ecu,sex_t,geo_cov_rur,mts_details_mrd,2008,290.093
ecu,sex_t,geo_cov_rur,mts_details_mrd,2009,344.408
ecu,sex_t,geo_cov_rur,mts_details_mrd,2010,336.235
ecu,sex_t,geo_cov_rur,mts_details_mrd,2011,378.958
ecu,sex_t,geo_cov_rur,mts_details_mrd,2012,375.647
ecu,sex_t,geo_cov_rur,mts_details_mrd,2013,349.291
ecu,sex_t,geo_cov_rur,mts_details_mrd,2014,336.177
ecu,sex_t,geo_cov_rur,mts_details_mrd,2015,252.521
ecu,sex_t,geo_cov_rur,mts_details_mrd,2016,213.73
ecu,sex_t,geo_cov_rur,mts_details_mrd,2017,216.094
ecu,sex_t,geo_cov_rur,mts_details_mrd,2018,216.52
ecu,sex_t,geo_cov_rur,mts_details_mrd,2019,221.146
ecu,sex_t,geo_cov_rur,mts_details_mrd,2020,312.472
ecu,sex_t,geo_cov_rur,mts_details_mrd,2021,217.202
ecu,sex_t,geo_cov_rur,mts_details_sep,2005,28.839
ecu,sex_t,geo_cov_rur,mts_details_sep,2006,34.32
ecu,sex_t,geo_cov_rur,mts_details_sep,2007,36.795
ecu,sex_t,geo_cov_rur,mts_details_sep,2008,36.48
ecu,sex_t,geo_cov_rur,mts_details_sep,2009,42.844
ecu,sex_t,geo_cov_rur,mts_details_sep,2010,48.548
ecu,sex_t,geo_cov_rur,mts_details_sep,2011,46.72
ecu,sex_t,geo_cov_rur,mts_details_sep,2012,48.062
ecu,sex_t,geo_cov_rur,mts_details_sep,2013,47.695
ecu,sex_t,geo_cov_rur,mts_details_sep,2014,49.607
ecu,sex_t,geo_cov_rur,mts_details_sep,2015,36.269
ecu,sex_t,geo_cov_rur,mts_details_sep,2016,38.553
ecu,sex_t,geo_cov_rur,mts_details_sep,2017,33.788
ecu,sex_t,geo_cov_rur,mts_details_sep,2018,41.52
ecu,sex_t,geo_cov_rur,mts_details_sep,2019,44.297
ecu,sex_t,geo_cov_rur,mts_details_sep,2020,59.979
ecu,sex_t,geo_cov_rur,mts_details_sep,2021,52.609
ecu,sex_t,geo_cov_rur,mts_details_sgle,2005,289.507
ecu,sex_t,geo_cov_rur,mts_details_sgle,2006,258.57
ecu,sex_t,geo_cov_rur,mts_details_sgle,2007,302.907
ecu,sex_t,geo_cov_rur,mts_details_sgle,2008,346.58
ecu,sex_t,geo_cov_rur,mts_details_sgle,2009,404.612
ecu,sex_t,geo_cov_rur,mts_details_sgle,2010,422.842
ecu,sex_t,geo_cov_rur,mts_details_sgle,2011,455.375
ecu,sex_t,geo_cov_rur,mts_details_sgle,2012,463.145
ecu,sex_t,geo_cov_rur,mts_details_sgle,2013,479.883
ecu,sex_t,geo_cov_rur,mts_details_sgle,2014,460.41
ecu,sex_t,geo_cov_rur,mts_details_sgle,2015,403.534
ecu,sex_t,geo_cov_rur,mts_details_sgle,2016,366.294
ecu,sex_t,geo_cov_rur,mts_details_sgle,2017,358.795
ecu,sex_t,geo_cov_rur,mts_details_sgle,2018,404.029
ecu,sex_t,geo_cov_rur,mts_details_sgle,2019,401.904
ecu,sex_t,geo_cov_rur,mts_details_sgle,2020,507.819
ecu,sex_t,geo_cov_rur,mts_details_sgle,2021,410.537
ecu,sex_t,geo_cov_rur,mts_details_total,2005,837.584
ecu,sex_t,geo_cov_rur,mts_details_total,2006,798.3
ecu,sex_t,geo_cov_rur,mts_details_total,2007,892.555
ecu,sex_t,geo_cov_rur,mts_details_total,2008,988.705
ecu,sex_t,geo_cov_rur,mts_details_total,2009,1118.348
ecu,sex_t,geo_cov_rur,mts_details_total,2010,1168.653
ecu,sex_t,geo_cov_rur,mts_details_total,2011,1264.902
ecu,sex_t,geo_cov_rur,mts_details_total,2012,1278.59
ecu,sex_t,geo_cov_rur,mts_details_total,2013,1246.496
ecu,sex_t,geo_cov_rur,mts_details_total,2014,1219.572
ecu,sex_t,geo_cov_rur,mts_details_total,2015,1028.348
ecu,sex_t,geo_cov_rur,mts_details_total,2016,934.784
ecu,sex_t,geo_cov_rur,mts_details_total,2017,910.909
ecu,sex_t,geo_cov_rur,mts_details_total,2018,983.628
ecu,sex_t,geo_cov_rur,mts_details_total,2019,983.595
ecu,sex_t,geo_cov_rur,mts_details_total,2020,1262.891
ecu,sex_t,geo_cov_rur,mts_details_total,2021,990.838
ecu,sex_t,geo_cov_rur,mts_details_union,2005,167.529
ecu,sex_t,geo_cov_rur,mts_details_union,2006,193.396
ecu,sex_t,geo_cov_rur,mts_details_union,2007,214.447
ecu,sex_t,geo_cov_rur,mts_details_union,2008,225.758
ecu,sex_t,geo_cov_rur,mts_details_union,2009,232.015
ecu,sex_t,geo_cov_rur,mts_details_union,2010,253.738
ecu,sex_t,geo_cov_rur,mts_details_union,2011,263.49
ecu,sex_t,geo_cov_rur,mts_details_union,2012,266.736
ecu,sex_t,geo_cov_rur,mts_details_union,2013,263.319
ecu,sex_t,geo_cov_rur,mts_details_union,2014,287.198
ecu,sex_t,geo_cov_rur,mts_details_union,2015,263.157
ecu,sex_t,geo_cov_rur,mts_details_union,2016,247.797
ecu,sex_t,geo_cov_rur,mts_details_union,2017,235.74
ecu,sex_t,geo_cov_rur,mts_details_union,2018,245.665
ecu,sex_t,geo_cov_rur,mts_details_union,2019,238.457
ecu,sex_t,geo_cov_rur,mts_details_union,2020,263.864
ecu,sex_t,geo_cov_rur,mts_details_union,2021,220.964
ecu,sex_t,geo_cov_rur,mts_details_wid,2005,73.761
ecu,sex_t,geo_cov_rur,mts_details_wid,2006,74.12
ecu,sex_t,geo_cov_rur,mts_details_wid,2007,75.807
ecu,sex_t,geo_cov_rur,mts_details_wid,2008,89.794
ecu,sex_t,geo_cov_rur,mts_details_wid,2009,94.47
ecu,sex_t,geo_cov_rur,mts_details_wid,2010,107.289
ecu,sex_t,geo_cov_rur,mts_details_wid,2011,120.359
ecu,sex_t,geo_cov_rur,mts_details_wid,2012,124.999
ecu,sex_t,geo_cov_rur,mts_details_wid,2013,106.308
ecu,sex_t,geo_cov_rur,mts_details_wid,2014,86.181
ecu,sex_t,geo_cov_rur,mts_details_wid,2015,72.868
ecu,sex_t,geo_cov_rur,mts_details_wid,2016,68.41
ecu,sex_t,geo_cov_rur,mts_details_wid,2017,66.492
ecu,sex_t,geo_cov_rur,mts_details_wid,2018,75.894
ecu,sex_t,geo_cov_rur,mts_details_wid,2019,77.791
ecu,sex_t,geo_cov_rur,mts_details_wid,2020,118.758
ecu,sex_t,geo_cov_rur,mts_details_wid,2021,89.526
ecu,sex_t,geo_cov_urb,mts_aggregate_1,2005,1189.412
ecu,sex_t,geo_cov_urb,mts_aggregate_1,2006,1216.331
ecu,sex_t,geo_cov_urb,mts_aggregate_1,2007,1224.018
ecu,sex_t,geo_cov_urb,mts_aggregate_1,2008,1241.09
ecu,sex_t,geo_cov_urb,mts_aggregate_1,2009,1417.86
ecu,sex_t,geo_cov_urb,mts_aggregate_1,2010,1540.849
ecu,sex_t,geo_cov_urb,mts_aggregate_1,2011,1580.608
ecu,sex_t,geo_cov_urb,mts_aggregate_1,2012,1596.825
ecu,sex_t,geo_cov_urb,mts_aggregate_1,2013,1680.475
ecu,sex_t,geo_cov_urb,mts_aggregate_1,2014,1680.773
ecu,sex_t,geo_cov_urb,mts_aggregate_1,2015,1583.28
ecu,sex_t,geo_cov_urb,mts_aggregate_1,2016,1604.08
ecu,sex_t,geo_cov_urb,mts_aggregate_1,2017,1666.416
ecu,sex_t,geo_cov_urb,mts_aggregate_1,2018,1748.331
ecu,sex_t,geo_cov_urb,mts_aggregate_1,2019,1858.326
ecu,sex_t,geo_cov_urb,mts_aggregate_1,2020,2157.304
ecu,sex_t,geo_cov_urb,mts_aggregate_1,2021,1950.263
ecu,sex_t,geo_cov_urb,mts_aggregate_2,2005,970.967
ecu,sex_t,geo_cov_urb,mts_aggregate_2,2006,947.561
ecu,sex_t,geo_cov_urb,mts_aggregate_2,2007,976.027
ecu,sex_t,geo_cov_urb,mts_aggregate_2,2008,974.392
ecu,sex_t,geo_cov_urb,mts_aggregate_2,2009,1073.575
ecu,sex_t,geo_cov_urb,mts_aggregate_2,2010,1103.625
ecu,sex_t,geo_cov_urb,mts_aggregate_2,2011,1168.773
ecu,sex_t,geo_cov_urb,mts_aggregate_2,2012,1167.184
ecu,sex_t,geo_cov_urb,mts_aggregate_2,2013,1260.195
ecu,sex_t,geo_cov_urb,mts_aggregate_2,2014,1295.632
ecu,sex_t,geo_cov_urb,mts_aggregate_2,2015,1268.919
ecu,sex_t,geo_cov_urb,mts_aggregate_2,2016,1208.196
ecu,sex_t,geo_cov_urb,mts_aggregate_2,2017,1196.391
ecu,sex_t,geo_cov_urb,mts_aggregate_2,2018,1300.873
ecu,sex_t,geo_cov_urb,mts_aggregate_2,2019,1330.515
ecu,sex_t,geo_cov_urb,mts_aggregate_2,2020,1580.9
ecu,sex_t,geo_cov_urb,mts_aggregate_2,2021,1394.891
ecu,sex_t,geo_cov_urb,mts_aggregate_total,2005,2160.379
ecu,sex_t,geo_cov_urb,mts_aggregate_total,2006,2163.892
ecu,sex_t,geo_cov_urb,mts_aggregate_total,2007,2200.045
ecu,sex_t,geo_cov_urb,mts_aggregate_total,2008,2215.482
ecu,sex_t,geo_cov_urb,mts_aggregate_total,2009,2491.436
ecu,sex_t,geo_cov_urb,mts_aggregate_total,2010,2644.474
ecu,sex_t,geo_cov_urb,mts_aggregate_total,2011,2749.382
ecu,sex_t,geo_cov_urb,mts_aggregate_total,2012,2764.009
ecu,sex_t,geo_cov_urb,mts_aggregate_total,2013,2940.67
ecu,sex_t,geo_cov_urb,mts_aggregate_total,2014,2976.406
ecu,sex_t,geo_cov_urb,mts_aggregate_total,2015,2852.199
ecu,sex_t,geo_cov_urb,mts_aggregate_total,2016,2812.276
ecu,sex_t,geo_cov_urb,mts_aggregate_total,2017,2862.807
ecu,sex_t,geo_cov_urb,mts_aggregate_total,2018,3049.26
ecu,sex_t,geo_cov_urb,mts_aggregate_total,2019,3188.841
ecu,sex_t,geo_cov_urb,mts_aggregate_total,2020,3738.205
ecu,sex_t,geo_cov_urb,mts_aggregate_total,2021,3345.154
ecu,sex_t,geo_cov_urb,mts_details_mrd,2005,669.971
ecu,sex_t,geo_cov_urb,mts_details_mrd,2006,648.931
ecu,sex_t,geo_cov_urb,mts_details_mrd,2007,668.616
ecu,sex_t,geo_cov_urb,mts_details_mrd,2008,654.95
ecu,sex_t,geo_cov_urb,mts_details_mrd,2009,741.613
ecu,sex_t,geo_cov_urb,mts_details_mrd,2010,773.292
ecu,sex_t,geo_cov_urb,mts_details_mrd,2011,823.347
ecu,sex_t,geo_cov_urb,mts_details_mrd,2012,815.618
ecu,sex_t,geo_cov_urb,mts_details_mrd,2013,836.358
ecu,sex_t,geo_cov_urb,mts_details_mrd,2014,804.186
ecu,sex_t,geo_cov_urb,mts_details_mrd,2015,752.649
ecu,sex_t,geo_cov_urb,mts_details_mrd,2016,725.563
ecu,sex_t,geo_cov_urb,mts_details_mrd,2017,718.423
ecu,sex_t,geo_cov_urb,mts_details_mrd,2018,787.437
ecu,sex_t,geo_cov_urb,mts_details_mrd,2019,823.8
ecu,sex_t,geo_cov_urb,mts_details_mrd,2020,1040.231
ecu,sex_t,geo_cov_urb,mts_details_mrd,2021,826.749
ecu,sex_t,geo_cov_urb,mts_details_sep,2005,104.327
ecu,sex_t,geo_cov_urb,mts_details_sep,2006,134.047
ecu,sex_t,geo_cov_urb,mts_details_sep,2007,141.173
ecu,sex_t,geo_cov_urb,mts_details_sep,2008,134.631
ecu,sex_t,geo_cov_urb,mts_details_sep,2009,155.254
ecu,sex_t,geo_cov_urb,mts_details_sep,2010,178.23
ecu,sex_t,geo_cov_urb,mts_details_sep,2011,178.712
ecu,sex_t,geo_cov_urb,mts_details_sep,2012,201.376
ecu,sex_t,geo_cov_urb,mts_details_sep,2013,198.028
ecu,sex_t,geo_cov_urb,mts_details_sep,2014,211.688
ecu,sex_t,geo_cov_urb,mts_details_sep,2015,194.001
ecu,sex_t,geo_cov_urb,mts_details_sep,2016,184.875
ecu,sex_t,geo_cov_urb,mts_details_sep,2017,188.086
ecu,sex_t,geo_cov_urb,mts_details_sep,2018,225.473
ecu,sex_t,geo_cov_urb,mts_details_sep,2019,254.544
ecu,sex_t,geo_cov_urb,mts_details_sep,2020,318.807
ecu,sex_t,geo_cov_urb,mts_details_sep,2021,306.294
ecu,sex_t,geo_cov_urb,mts_details_sgle,2005,907.719
ecu,sex_t,geo_cov_urb,mts_details_sgle,2006,894.516
ecu,sex_t,geo_cov_urb,mts_details_sgle,2007,907.532
ecu,sex_t,geo_cov_urb,mts_details_sgle,2008,932.372
ecu,sex_t,geo_cov_urb,mts_details_sgle,2009,1053.583
ecu,sex_t,geo_cov_urb,mts_details_sgle,2010,1124.936
ecu,sex_t,geo_cov_urb,mts_details_sgle,2011,1159.128
ecu,sex_t,geo_cov_urb,mts_details_sgle,2012,1138.988
ecu,sex_t,geo_cov_urb,mts_details_sgle,2013,1232.861
ecu,sex_t,geo_cov_urb,mts_details_sgle,2014,1249.619
ecu,sex_t,geo_cov_urb,mts_details_sgle,2015,1196.826
ecu,sex_t,geo_cov_urb,mts_details_sgle,2016,1223.119
ecu,sex_t,geo_cov_urb,mts_details_sgle,2017,1269.699
ecu,sex_t,geo_cov_urb,mts_details_sgle,2018,1301.396
ecu,sex_t,geo_cov_urb,mts_details_sgle,2019,1356.927
ecu,sex_t,geo_cov_urb,mts_details_sgle,2020,1546.096
ecu,sex_t,geo_cov_urb,mts_details_sgle,2021,1355.397
ecu,sex_t,geo_cov_urb,mts_details_total,2005,2160.379
ecu,sex_t,geo_cov_urb,mts_details_total,2006,2163.892
ecu,sex_t,geo_cov_urb,mts_details_total,2007,2200.045
ecu,sex_t,geo_cov_urb,mts_details_total,2008,2215.482
ecu,sex_t,geo_cov_urb,mts_details_total,2009,2491.436
ecu,sex_t,geo_cov_urb,mts_details_total,2010,2644.474
ecu,sex_t,geo_cov_urb,mts_details_total,2011,2749.382
ecu,sex_t,geo_cov_urb,mts_details_total,2012,2764.009
ecu,sex_t,geo_cov_urb,mts_details_total,2013,2940.67
ecu,sex_t,geo_cov_urb,mts_details_total,2014,2976.406
ecu,sex_t,geo_cov_urb,mts_details_total,2015,2852.199
ecu,sex_t,geo_cov_urb,mts_details_total,2016,2812.276
ecu,sex_t,geo_cov_urb,mts_details_total,2017,2862.807
ecu,sex_t,geo_cov_urb,mts_details_total,2018,3049.26
ecu,sex_t,geo_cov_urb,mts_details_total,2019,3188.841
ecu,sex_t,geo_cov_urb,mts_details_total,2020,3738.205
ecu,sex_t,geo_cov_urb,mts_details_total,2021,3345.154
ecu,sex_t,geo_cov_urb,mts_details_union,2005,300.996
ecu,sex_t,geo_cov_urb,mts_details_union,2006,298.629
ecu,sex_t,geo_cov_urb,mts_details_union,2007,307.411
ecu,sex_t,geo_cov_urb,mts_details_union,2008,319.442
ecu,sex_t,geo_cov_urb,mts_details_union,2009,331.963
ecu,sex_t,geo_cov_urb,mts_details_union,2010,330.333
ecu,sex_t,geo_cov_urb,mts_details_union,2011,345.427
ecu,sex_t,geo_cov_urb,mts_details_union,2012,351.566
ecu,sex_t,geo_cov_urb,mts_details_union,2013,423.838
ecu,sex_t,geo_cov_urb,mts_details_union,2014,491.447
ecu,sex_t,geo_cov_urb,mts_details_union,2015,516.271
ecu,sex_t,geo_cov_urb,mts_details_union,2016,482.633
ecu,sex_t,geo_cov_urb,mts_details_union,2017,477.968
ecu,sex_t,geo_cov_urb,mts_details_union,2018,513.437
ecu,sex_t,geo_cov_urb,mts_details_union,2019,506.715
ecu,sex_t,geo_cov_urb,mts_details_union,2020,540.67
ecu,sex_t,geo_cov_urb,mts_details_union,2021,568.143
ecu,sex_t,geo_cov_urb,mts_details_wid,2005,177.366
ecu,sex_t,geo_cov_urb,mts_details_wid,2006,187.768
ecu,sex_t,geo_cov_urb,mts_details_wid,2007,175.313
ecu,sex_t,geo_cov_urb,mts_details_wid,2008,174.087
ecu,sex_t,geo_cov_urb,mts_details_wid,2009,209.023
ecu,sex_t,geo_cov_urb,mts_details_wid,2010,237.682
ecu,sex_t,geo_cov_urb,mts_details_wid,2011,242.768
ecu,sex_t,geo_cov_urb,mts_details_wid,2012,256.461
ecu,sex_t,geo_cov_urb,mts_details_wid,2013,249.586
ecu,sex_t,geo_cov_urb,mts_details_wid,2014,219.466
ecu,sex_t,geo_cov_urb,mts_details_wid,2015,192.453
ecu,sex_t,geo_cov_urb,mts_details_wid,2016,196.086
ecu,sex_t,geo_cov_urb,mts_details_wid,2017,208.631
ecu,sex_t,geo_cov_urb,mts_details_wid,2018,221.462
ecu,sex_t,geo_cov_urb,mts_details_wid,2019,246.855
ecu,sex_t,geo_cov_urb,mts_details_wid,2020,292.402
ecu,sex_t,geo_cov_urb,mts_details_wid,2021,288.572
egy,sex_f,geo_cov_nat,mts_aggregate_1,2008,7570.704
egy,sex_f,geo_cov_nat,mts_aggregate_1,2009,7614.94
egy,sex_f,geo_cov_nat,mts_aggregate_1,2010,5493.05
egy,sex_f,geo_cov_nat,mts_aggregate_1,2011,5703.791
egy,sex_f,geo_cov_nat,mts_aggregate_1,2012,5966.431
egy,sex_f,geo_cov_nat,mts_aggregate_1,2013,6196.2
egy,sex_f,geo_cov_nat,mts_aggregate_1,2014,6421.863
egy,sex_f,geo_cov_nat,mts_aggregate_1,2015,7078.847
egy,sex_f,geo_cov_nat,mts_aggregate_1,2016,10387.181
egy,sex_f,geo_cov_nat,mts_aggregate_1,2017,11141.79
egy,sex_f,geo_cov_nat,mts_aggregate_1,2018,12004.905
egy,sex_f,geo_cov_nat,mts_aggregate_1,2019,11591.226
egy,sex_f,geo_cov_nat,mts_aggregate_1,2020,6714.746
egy,sex_f,geo_cov_nat,mts_aggregate_2,2008,11445.109
egy,sex_f,geo_cov_nat,mts_aggregate_2,2009,11517.775
egy,sex_f,geo_cov_nat,mts_aggregate_2,2010,12322.632
egy,sex_f,geo_cov_nat,mts_aggregate_2,2011,12585.136
egy,sex_f,geo_cov_nat,mts_aggregate_2,2012,12829.92
egy,sex_f,geo_cov_nat,mts_aggregate_2,2013,12913.051
egy,sex_f,geo_cov_nat,mts_aggregate_2,2014,13118.202
egy,sex_f,geo_cov_nat,mts_aggregate_2,2015,12968.594
egy,sex_f,geo_cov_nat,mts_aggregate_2,2016,13085.306
egy,sex_f,geo_cov_nat,mts_aggregate_2,2017,13724.882
egy,sex_f,geo_cov_nat,mts_aggregate_2,2018,14805.161
egy,sex_f,geo_cov_nat,mts_aggregate_2,2019,15940.964
egy,sex_f,geo_cov_nat,mts_aggregate_2,2020,13277.351
egy,sex_f,geo_cov_nat,mts_aggregate_total,2008,19834.779
egy,sex_f,geo_cov_nat,mts_aggregate_total,2009,20010.528
egy,sex_f,geo_cov_nat,mts_aggregate_total,2010,20036.554
egy,sex_f,geo_cov_nat,mts_aggregate_total,2011,20698.053
egy,sex_f,geo_cov_nat,mts_aggregate_total,2012,21264.739
egy,sex_f,geo_cov_nat,mts_aggregate_total,2013,21697.847
egy,sex_f,geo_cov_nat,mts_aggregate_total,2014,22099.069
egy,sex_f,geo_cov_nat,mts_aggregate_total,2015,23075.92
egy,sex_f,geo_cov_nat,mts_aggregate_total,2016,23533.916
egy,sex_f,geo_cov_nat,mts_aggregate_total,2017,24927.638
egy,sex_f,geo_cov_nat,mts_aggregate_total,2018,26873.358
egy,sex_f,geo_cov_nat,mts_aggregate_total,2019,27535.557
egy,sex_f,geo_cov_nat,mts_aggregate_total,2020,22799.821
egy,sex_f,geo_cov_nat,mts_aggregate_x,2008,818.965
egy,sex_f,geo_cov_nat,mts_aggregate_x,2009,877.813
egy,sex_f,geo_cov_nat,mts_aggregate_x,2010,2220.872
egy,sex_f,geo_cov_nat,mts_aggregate_x,2011,2409.126
egy,sex_f,geo_cov_nat,mts_aggregate_x,2012,2468.388
egy,sex_f,geo_cov_nat,mts_aggregate_x,2013,2588.596
egy,sex_f,geo_cov_nat,mts_aggregate_x,2014,2559.004
egy,sex_f,geo_cov_nat,mts_aggregate_x,2015,3028.479
egy,sex_f,geo_cov_nat,mts_aggregate_x,2016,61.429
egy,sex_f,geo_cov_nat,mts_aggregate_x,2017,60.967
egy,sex_f,geo_cov_nat,mts_aggregate_x,2018,63.292
egy,sex_f,geo_cov_nat,mts_aggregate_x,2019,3.366
egy,sex_f,geo_cov_nat,mts_aggregate_x,2020,2807.724
egy,sex_f,geo_cov_nat,mts_details_mrd,2008,11445.109
egy,sex_f,geo_cov_nat,mts_details_mrd,2009,11517.775
egy,sex_f,geo_cov_nat,mts_details_mrd,2010,12322.632
egy,sex_f,geo_cov_nat,mts_details_mrd,2011,12585.136
egy,sex_f,geo_cov_nat,mts_details_mrd,2012,12829.92
egy,sex_f,geo_cov_nat,mts_details_mrd,2013,12913.051
egy,sex_f,geo_cov_nat,mts_details_mrd,2014,13118.202
egy,sex_f,geo_cov_nat,mts_details_mrd,2015,12968.594
egy,sex_f,geo_cov_nat,mts_details_mrd,2016,13085.306
egy,sex_f,geo_cov_nat,mts_details_mrd,2017,13724.882
egy,sex_f,geo_cov_nat,mts_details_mrd,2018,14805.161
egy,sex_f,geo_cov_nat,mts_details_mrd,2019,15940.964
egy,sex_f,geo_cov_nat,mts_details_mrd,2020,13277.351
egy,sex_f,geo_cov_nat,mts_details_sep,2008,190.447
egy,sex_f,geo_cov_nat,mts_details_sep,2009,187.922
egy,sex_f,geo_cov_nat,mts_details_sep,2010,218.452
egy,sex_f,geo_cov_nat,mts_details_sep,2011,226.107
egy,sex_f,geo_cov_nat,mts_details_sep,2012,242.336
egy,sex_f,geo_cov_nat,mts_details_sep,2013,256.461
egy,sex_f,geo_cov_nat,mts_details_sep,2014,280.719
egy,sex_f,geo_cov_nat,mts_details_sep,2015,293.145
egy,sex_f,geo_cov_nat,mts_details_sep,2016,354.946
egy,sex_f,geo_cov_nat,mts_details_sep,2017,345.437
egy,sex_f,geo_cov_nat,mts_details_sep,2018,438.83
egy,sex_f,geo_cov_nat,mts_details_sep,2019,498.123
egy,sex_f,geo_cov_nat,mts_details_sep,2020,435.844
egy,sex_f,geo_cov_nat,mts_details_sgle,2008,4785.434
egy,sex_f,geo_cov_nat,mts_details_sgle,2009,4589.106
egy,sex_f,geo_cov_nat,mts_details_sgle,2010,2696.134
egy,sex_f,geo_cov_nat,mts_details_sgle,2011,2769.682
egy,sex_f,geo_cov_nat,mts_details_sgle,2012,2795.51
egy,sex_f,geo_cov_nat,mts_details_sgle,2013,2814.808
egy,sex_f,geo_cov_nat,mts_details_sgle,2014,2809.355
egy,sex_f,geo_cov_nat,mts_details_sgle,2015,4143.78
egy,sex_f,geo_cov_nat,mts_details_sgle,2016,7299.67
egy,sex_f,geo_cov_nat,mts_details_sgle,2017,7991.691
egy,sex_f,geo_cov_nat,mts_details_sgle,2018,8573.509
egy,sex_f,geo_cov_nat,mts_details_sgle,2019,8346.1
egy,sex_f,geo_cov_nat,mts_details_sgle,2020,3893.058
egy,sex_f,geo_cov_nat,mts_details_total,2008,19834.779
egy,sex_f,geo_cov_nat,mts_details_total,2009,20010.528
egy,sex_f,geo_cov_nat,mts_details_total,2010,20036.554
egy,sex_f,geo_cov_nat,mts_details_total,2011,20698.053
egy,sex_f,geo_cov_nat,mts_details_total,2012,21264.739
egy,sex_f,geo_cov_nat,mts_details_total,2013,21697.847
egy,sex_f,geo_cov_nat,mts_details_total,2014,22099.069
egy,sex_f,geo_cov_nat,mts_details_total,2015,23075.92
egy,sex_f,geo_cov_nat,mts_details_total,2016,23533.916
egy,sex_f,geo_cov_nat,mts_details_total,2017,24927.638
egy,sex_f,geo_cov_nat,mts_details_total,2018,26873.358
egy,sex_f,geo_cov_nat,mts_details_total,2019,27535.557
egy,sex_f,geo_cov_nat,mts_details_total,2020,22799.821
egy,sex_f,geo_cov_nat,mts_details_wid,2008,2594.823
egy,sex_f,geo_cov_nat,mts_details_wid,2009,2837.912
egy,sex_f,geo_cov_nat,mts_details_wid,2010,2578.464
egy,sex_f,geo_cov_nat,mts_details_wid,2011,2708.002
egy,sex_f,geo_cov_nat,mts_details_wid,2012,2928.585
egy,sex_f,geo_cov_nat,mts_details_wid,2013,3124.931
egy,sex_f,geo_cov_nat,mts_details_wid,2014,3331.789
egy,sex_f,geo_cov_nat,mts_details_wid,2015,2641.921
egy,sex_f,geo_cov_nat,mts_details_wid,2016,2732.566
egy,sex_f,geo_cov_nat,mts_details_wid,2017,2804.662
egy,sex_f,geo_cov_nat,mts_details_wid,2018,2992.566
egy,sex_f,geo_cov_nat,mts_details_wid,2019,2747.003
egy,sex_f,geo_cov_nat,mts_details_wid,2020,2385.844
egy,sex_f,geo_cov_nat,mts_details_x,2008,818.965
egy,sex_f,geo_cov_nat,mts_details_x,2009,877.813
egy,sex_f,geo_cov_nat,mts_details_x,2010,2220.872
egy,sex_f,geo_cov_nat,mts_details_x,2011,2409.126
egy,sex_f,geo_cov_nat,mts_details_x,2012,2468.388
egy,sex_f,geo_cov_nat,mts_details_x,2013,2588.596
egy,sex_f,geo_cov_nat,mts_details_x,2014,2559.004
egy,sex_f,geo_cov_nat,mts_details_x,2015,3028.479
egy,sex_f,geo_cov_nat,mts_details_x,2016,61.429
egy,sex_f,geo_cov_nat,mts_details_x,2017,60.967
egy,sex_f,geo_cov_nat,mts_details_x,2018,63.292
egy,sex_f,geo_cov_nat,mts_details_x,2019,3.366
egy,sex_f,geo_cov_nat,mts_details_x,2020,2807.724
egy,sex_f,geo_cov_rur,mts_aggregate_1,2008,3946.444
egy,sex_f,geo_cov_rur,mts_aggregate_1,2009,3955.894
egy,sex_f,geo_cov_rur,mts_aggregate_1,2010,2761.127
egy,sex_f,geo_cov_rur,mts_aggregate_1,2011,2862.393
egy,sex_f,geo_cov_rur,mts_aggregate_1,2012,3040.94
egy,sex_f,geo_cov_rur,mts_aggregate_1,2013,3175.87
egy,sex_f,geo_cov_rur,mts_aggregate_1,2014,3230.161
egy,sex_f,geo_cov_rur,mts_aggregate_1,2015,3693.917
egy,sex_f,geo_cov_rur,mts_aggregate_1,2016,5616.685
egy,sex_f,geo_cov_rur,mts_aggregate_1,2017,6027.182
egy,sex_f,geo_cov_rur,mts_aggregate_1,2018,6760.424
egy,sex_f,geo_cov_rur,mts_aggregate_1,2019,6282.389
egy,sex_f,geo_cov_rur,mts_aggregate_1,2020,3414.363
egy,sex_f,geo_cov_rur,mts_aggregate_2,2008,6229.223
egy,sex_f,geo_cov_rur,mts_aggregate_2,2009,6248.139
egy,sex_f,geo_cov_rur,mts_aggregate_2,2010,6815.196
egy,sex_f,geo_cov_rur,mts_aggregate_2,2011,6969.035
egy,sex_f,geo_cov_rur,mts_aggregate_2,2012,7124.871
egy,sex_f,geo_cov_rur,mts_aggregate_2,2013,7174.448
egy,sex_f,geo_cov_rur,mts_aggregate_2,2014,7256.966
egy,sex_f,geo_cov_rur,mts_aggregate_2,2015,7428.757
egy,sex_f,geo_cov_rur,mts_aggregate_2,2016,7525.029
egy,sex_f,geo_cov_rur,mts_aggregate_2,2017,7946.128
egy,sex_f,geo_cov_rur,mts_aggregate_2,2018,8862.505
egy,sex_f,geo_cov_rur,mts_aggregate_2,2019,9457.234
egy,sex_f,geo_cov_rur,mts_aggregate_2,2020,7806.184
egy,sex_f,geo_cov_rur,mts_aggregate_total,2008,10683.332
egy,sex_f,geo_cov_rur,mts_aggregate_total,2009,10736.514
egy,sex_f,geo_cov_rur,mts_aggregate_total,2010,10892.254
egy,sex_f,geo_cov_rur,mts_aggregate_total,2011,11268.133
egy,sex_f,geo_cov_rur,mts_aggregate_total,2012,11608.136
egy,sex_f,geo_cov_rur,mts_aggregate_total,2013,11892.525
egy,sex_f,geo_cov_rur,mts_aggregate_total,2014,11991.859
egy,sex_f,geo_cov_rur,mts_aggregate_total,2015,12909.539
egy,sex_f,geo_cov_rur,mts_aggregate_total,2016,13171.349
egy,sex_f,geo_cov_rur,mts_aggregate_total,2017,13997.97
egy,sex_f,geo_cov_rur,mts_aggregate_total,2018,15652.172
egy,sex_f,geo_cov_rur,mts_aggregate_total,2019,15740.641
egy,sex_f,geo_cov_rur,mts_aggregate_total,2020,12872.476
egy,sex_f,geo_cov_rur,mts_aggregate_x,2008,507.665
egy,sex_f,geo_cov_rur,mts_aggregate_x,2009,532.481
egy,sex_f,geo_cov_rur,mts_aggregate_x,2010,1315.931
egy,sex_f,geo_cov_rur,mts_aggregate_x,2011,1436.706
egy,sex_f,geo_cov_rur,mts_aggregate_x,2012,1442.326
egy,sex_f,geo_cov_rur,mts_aggregate_x,2013,1542.207
egy,sex_f,geo_cov_rur,mts_aggregate_x,2014,1504.732
egy,sex_f,geo_cov_rur,mts_aggregate_x,2015,1786.865
egy,sex_f,geo_cov_rur,mts_aggregate_x,2016,29.636
egy,sex_f,geo_cov_rur,mts_aggregate_x,2017,24.66
egy,sex_f,geo_cov_rur,mts_aggregate_x,2018,29.243
egy,sex_f,geo_cov_rur,mts_aggregate_x,2020,1651.93
egy,sex_f,geo_cov_rur,mts_details_mrd,2008,6229.223
egy,sex_f,geo_cov_rur,mts_details_mrd,2009,6248.139
egy,sex_f,geo_cov_rur,mts_details_mrd,2010,6815.196
egy,sex_f,geo_cov_rur,mts_details_mrd,2011,6969.035
egy,sex_f,geo_cov_rur,mts_details_mrd,2012,7124.871
egy,sex_f,geo_cov_rur,mts_details_mrd,2013,7174.448
egy,sex_f,geo_cov_rur,mts_details_mrd,2014,7256.966
egy,sex_f,geo_cov_rur,mts_details_mrd,2015,7428.757
egy,sex_f,geo_cov_rur,mts_details_mrd,2016,7525.029
egy,sex_f,geo_cov_rur,mts_details_mrd,2017,7946.128
egy,sex_f,geo_cov_rur,mts_details_mrd,2018,8862.505
egy,sex_f,geo_cov_rur,mts_details_mrd,2019,9457.234
egy,sex_f,geo_cov_rur,mts_details_mrd,2020,7806.184
egy,sex_f,geo_cov_rur,mts_details_sep,2008,85.931
egy,sex_f,geo_cov_rur,mts_details_sep,2009,80.554
egy,sex_f,geo_cov_rur,mts_details_sep,2010,99.023
egy,sex_f,geo_cov_rur,mts_details_sep,2011,95.783
egy,sex_f,geo_cov_rur,mts_details_sep,2012,114.99
egy,sex_f,geo_cov_rur,mts_details_sep,2013,115.546
egy,sex_f,geo_cov_rur,mts_details_sep,2014,125.45
egy,sex_f,geo_cov_rur,mts_details_sep,2015,131.686
egy,sex_f,geo_cov_rur,mts_details_sep,2016,172.053
egy,sex_f,geo_cov_rur,mts_details_sep,2017,153.231
egy,sex_f,geo_cov_rur,mts_details_sep,2018,213.898
egy,sex_f,geo_cov_rur,mts_details_sep,2019,226.959
egy,sex_f,geo_cov_rur,mts_details_sep,2020,205.41
egy,sex_f,geo_cov_rur,mts_details_sgle,2008,2549.894
egy,sex_f,geo_cov_rur,mts_details_sgle,2009,2439.649
egy,sex_f,geo_cov_rur,mts_details_sgle,2010,1334.591
egy,sex_f,geo_cov_rur,mts_details_sgle,2011,1385.533
egy,sex_f,geo_cov_rur,mts_details_sgle,2012,1432.673
egy,sex_f,geo_cov_rur,mts_details_sgle,2013,1434.264
egy,sex_f,geo_cov_rur,mts_details_sgle,2014,1349.629
egy,sex_f,geo_cov_rur,mts_details_sgle,2015,2104.887
egy,sex_f,geo_cov_rur,mts_details_sgle,2016,3923.425
egy,sex_f,geo_cov_rur,mts_details_sgle,2017,4332.949
egy,sex_f,geo_cov_rur,mts_details_sgle,2018,4872.416
egy,sex_f,geo_cov_rur,mts_details_sgle,2019,4510.601
egy,sex_f,geo_cov_rur,mts_details_sgle,2020,1874.252
egy,sex_f,geo_cov_rur,mts_details_total,2008,10683.332
egy,sex_f,geo_cov_rur,mts_details_total,2009,10736.514
egy,sex_f,geo_cov_rur,mts_details_total,2010,10892.254
egy,sex_f,geo_cov_rur,mts_details_total,2011,11268.133
egy,sex_f,geo_cov_rur,mts_details_total,2012,11608.136
egy,sex_f,geo_cov_rur,mts_details_total,2013,11892.525
egy,sex_f,geo_cov_rur,mts_details_total,2014,11991.859
egy,sex_f,geo_cov_rur,mts_details_total,2015,12909.539
egy,sex_f,geo_cov_rur,mts_details_total,2016,13171.349
egy,sex_f,geo_cov_rur,mts_details_total,2017,13997.97
egy,sex_f,geo_cov_rur,mts_details_total,2018,15652.172
egy,sex_f,geo_cov_rur,mts_details_total,2019,15740.641
egy,sex_f,geo_cov_rur,mts_details_total,2020,12872.476
egy,sex_f,geo_cov_rur,mts_details_wid,2008,1310.619
egy,sex_f,geo_cov_rur,mts_details_wid,2009,1435.691
egy,sex_f,geo_cov_rur,mts_details_wid,2010,1327.514
egy,sex_f,geo_cov_rur,mts_details_wid,2011,1381.077
egy,sex_f,geo_cov_rur,mts_details_wid,2012,1493.276
egy,sex_f,geo_cov_rur,mts_details_wid,2013,1626.061
egy,sex_f,geo_cov_rur,mts_details_wid,2014,1755.083
egy,sex_f,geo_cov_rur,mts_details_wid,2015,1457.343
egy,sex_f,geo_cov_rur,mts_details_wid,2016,1521.208
egy,sex_f,geo_cov_rur,mts_details_wid,2017,1541.002
egy,sex_f,geo_cov_rur,mts_details_wid,2018,1674.11
egy,sex_f,geo_cov_rur,mts_details_wid,2019,1544.828
egy,sex_f,geo_cov_rur,mts_details_wid,2020,1334.701
egy,sex_f,geo_cov_rur,mts_details_x,2008,507.665
egy,sex_f,geo_cov_rur,mts_details_x,2009,532.481
egy,sex_f,geo_cov_rur,mts_details_x,2010,1315.931
egy,sex_f,geo_cov_rur,mts_details_x,2011,1436.706
egy,sex_f,geo_cov_rur,mts_details_x,2012,1442.326
egy,sex_f,geo_cov_rur,mts_details_x,2013,1542.207
egy,sex_f,geo_cov_rur,mts_details_x,2014,1504.732
egy,sex_f,geo_cov_rur,mts_details_x,2015,1786.865
egy,sex_f,geo_cov_rur,mts_details_x,2016,29.636
egy,sex_f,geo_cov_rur,mts_details_x,2017,24.66
egy,sex_f,geo_cov_rur,mts_details_x,2018,29.243
egy,sex_f,geo_cov_rur,mts_details_x,2020,1651.93
egy,sex_f,geo_cov_urb,mts_aggregate_1,2008,3624.26
egy,sex_f,geo_cov_urb,mts_aggregate_1,2009,3659.046
egy,sex_f,geo_cov_urb,mts_aggregate_1,2010,2731.923
egy,sex_f,geo_cov_urb,mts_aggregate_1,2011,2841.398
egy,sex_f,geo_cov_urb,mts_aggregate_1,2012,2925.491
egy,sex_f,geo_cov_urb,mts_aggregate_1,2013,3020.33
egy,sex_f,geo_cov_urb,mts_aggregate_1,2014,3191.702
egy,sex_f,geo_cov_urb,mts_aggregate_1,2015,3384.93
egy,sex_f,geo_cov_urb,mts_aggregate_1,2016,4770.496
egy,sex_f,geo_cov_urb,mts_aggregate_1,2017,5114.608
egy,sex_f,geo_cov_urb,mts_aggregate_1,2018,5244.481
egy,sex_f,geo_cov_urb,mts_aggregate_1,2019,5308.838
egy,sex_f,geo_cov_urb,mts_aggregate_1,2020,3300.383
egy,sex_f,geo_cov_urb,mts_aggregate_2,2008,5215.886
egy,sex_f,geo_cov_urb,mts_aggregate_2,2009,5269.636
egy,sex_f,geo_cov_urb,mts_aggregate_2,2010,5507.437
egy,sex_f,geo_cov_urb,mts_aggregate_2,2011,5616.101
egy,sex_f,geo_cov_urb,mts_aggregate_2,2012,5705.049
egy,sex_f,geo_cov_urb,mts_aggregate_2,2013,5738.604
egy,sex_f,geo_cov_urb,mts_aggregate_2,2014,5861.235
egy,sex_f,geo_cov_urb,mts_aggregate_2,2015,5539.837
egy,sex_f,geo_cov_urb,mts_aggregate_2,2016,5560.278
egy,sex_f,geo_cov_urb,mts_aggregate_2,2017,5778.754
egy,sex_f,geo_cov_urb,mts_aggregate_2,2018,5942.656
egy,sex_f,geo_cov_urb,mts_aggregate_2,2019,6483.73
egy,sex_f,geo_cov_urb,mts_aggregate_2,2020,5471.167
egy,sex_f,geo_cov_urb,mts_aggregate_total,2008,9151.446
egy,sex_f,geo_cov_urb,mts_aggregate_total,2009,9274.013
egy,sex_f,geo_cov_urb,mts_aggregate_total,2010,9144.301
egy,sex_f,geo_cov_urb,mts_aggregate_total,2011,9429.919
egy,sex_f,geo_cov_urb,mts_aggregate_total,2012,9656.603
egy,sex_f,geo_cov_urb,mts_aggregate_total,2013,9805.322
egy,sex_f,geo_cov_urb,mts_aggregate_total,2014,10107.21
egy,sex_f,geo_cov_urb,mts_aggregate_total,2015,10166.381
egy,sex_f,geo_cov_urb,mts_aggregate_total,2016,10362.567
egy,sex_f,geo_cov_urb,mts_aggregate_total,2017,10929.669
egy,sex_f,geo_cov_urb,mts_aggregate_total,2018,11221.186
egy,sex_f,geo_cov_urb,mts_aggregate_total,2019,11794.916
egy,sex_f,geo_cov_urb,mts_aggregate_total,2020,9927.344
egy,sex_f,geo_cov_urb,mts_aggregate_x,2008,311.3
egy,sex_f,geo_cov_urb,mts_aggregate_x,2009,345.332
egy,sex_f,geo_cov_urb,mts_aggregate_x,2010,904.941
egy,sex_f,geo_cov_urb,mts_aggregate_x,2011,972.421
egy,sex_f,geo_cov_urb,mts_aggregate_x,2012,1026.063
egy,sex_f,geo_cov_urb,mts_aggregate_x,2013,1046.388
egy,sex_f,geo_cov_urb,mts_aggregate_x,2014,1054.273
egy,sex_f,geo_cov_urb,mts_aggregate_x,2015,1241.614
egy,sex_f,geo_cov_urb,mts_aggregate_x,2016,31.793
egy,sex_f,geo_cov_urb,mts_aggregate_x,2017,36.306
egy,sex_f,geo_cov_urb,mts_aggregate_x,2018,34.049
egy,sex_f,geo_cov_urb,mts_aggregate_x,2019,2.348
egy,sex_f,geo_cov_urb,mts_aggregate_x,2020,1155.795
egy,sex_f,geo_cov_urb,mts_details_mrd,2008,5215.886
egy,sex_f,geo_cov_urb,mts_details_mrd,2009,5269.636
egy,sex_f,geo_cov_urb,mts_details_mrd,2010,5507.437
egy,sex_f,geo_cov_urb,mts_details_mrd,2011,5616.101
egy,sex_f,geo_cov_urb,mts_details_mrd,2012,5705.049
egy,sex_f,geo_cov_urb,mts_details_mrd,2013,5738.604
egy,sex_f,geo_cov_urb,mts_details_mrd,2014,5861.235
egy,sex_f,geo_cov_urb,mts_details_mrd,2015,5539.837
egy,sex_f,geo_cov_urb,mts_details_mrd,2016,5560.278
egy,sex_f,geo_cov_urb,mts_details_mrd,2017,5778.754
egy,sex_f,geo_cov_urb,mts_details_mrd,2018,5942.656
egy,sex_f,geo_cov_urb,mts_details_mrd,2019,6483.73
egy,sex_f,geo_cov_urb,mts_details_mrd,2020,5471.167
egy,sex_f,geo_cov_urb,mts_details_sep,2008,104.515
egy,sex_f,geo_cov_urb,mts_details_sep,2009,107.368
egy,sex_f,geo_cov_urb,mts_details_sep,2010,119.429
egy,sex_f,geo_cov_urb,mts_details_sep,2011,130.324
egy,sex_f,geo_cov_urb,mts_details_sep,2012,127.346
egy,sex_f,geo_cov_urb,mts_details_sep,2013,140.915
egy,sex_f,geo_cov_urb,mts_details_sep,2014,155.27
egy,sex_f,geo_cov_urb,mts_details_sep,2015,161.459
egy,sex_f,geo_cov_urb,mts_details_sep,2016,182.893
egy,sex_f,geo_cov_urb,mts_details_sep,2017,192.206
egy,sex_f,geo_cov_urb,mts_details_sep,2018,224.932
egy,sex_f,geo_cov_urb,mts_details_sep,2019,271.164
egy,sex_f,geo_cov_urb,mts_details_sep,2020,230.434
egy,sex_f,geo_cov_urb,mts_details_sgle,2008,2235.541
egy,sex_f,geo_cov_urb,mts_details_sgle,2009,2149.457
egy,sex_f,geo_cov_urb,mts_details_sgle,2010,1361.543
egy,sex_f,geo_cov_urb,mts_details_sgle,2011,1384.148
egy,sex_f,geo_cov_urb,mts_details_sgle,2012,1362.837
egy,sex_f,geo_cov_urb,mts_details_sgle,2013,1380.544
egy,sex_f,geo_cov_urb,mts_details_sgle,2014,1459.726
egy,sex_f,geo_cov_urb,mts_details_sgle,2015,2038.893
egy,sex_f,geo_cov_urb,mts_details_sgle,2016,3376.245
egy,sex_f,geo_cov_urb,mts_details_sgle,2017,3658.742
egy,sex_f,geo_cov_urb,mts_details_sgle,2018,3701.093
egy,sex_f,geo_cov_urb,mts_details_sgle,2019,3835.499
egy,sex_f,geo_cov_urb,mts_details_sgle,2020,2018.807
egy,sex_f,geo_cov_urb,mts_details_total,2008,9151.446
egy,sex_f,geo_cov_urb,mts_details_total,2009,9274.013
egy,sex_f,geo_cov_urb,mts_details_total,2010,9144.301
egy,sex_f,geo_cov_urb,mts_details_total,2011,9429.919
egy,sex_f,geo_cov_urb,mts_details_total,2012,9656.603
egy,sex_f,geo_cov_urb,mts_details_total,2013,9805.322
egy,sex_f,geo_cov_urb,mts_details_total,2014,10107.21
egy,sex_f,geo_cov_urb,mts_details_total,2015,10166.381
egy,sex_f,geo_cov_urb,mts_details_total,2016,10362.567
egy,sex_f,geo_cov_urb,mts_details_total,2017,10929.669
egy,sex_f,geo_cov_urb,mts_details_total,2018,11221.186
egy,sex_f,geo_cov_urb,mts_details_total,2019,11794.916
egy,sex_f,geo_cov_urb,mts_details_total,2020,9927.344
egy,sex_f,geo_cov_urb,mts_details_wid,2008,1284.204
egy,sex_f,geo_cov_urb,mts_details_wid,2009,1402.221
egy,sex_f,geo_cov_urb,mts_details_wid,2010,1250.95
egy,sex_f,geo_cov_urb,mts_details_wid,2011,1326.925
egy,sex_f,geo_cov_urb,mts_details_wid,2012,1435.309
egy,sex_f,geo_cov_urb,mts_details_wid,2013,1498.871
egy,sex_f,geo_cov_urb,mts_details_wid,2014,1576.706
egy,sex_f,geo_cov_urb,mts_details_wid,2015,1184.578
egy,sex_f,geo_cov_urb,mts_details_wid,2016,1211.358
egy,sex_f,geo_cov_urb,mts_details_wid,2017,1263.66
egy,sex_f,geo_cov_urb,mts_details_wid,2018,1318.456
egy,sex_f,geo_cov_urb,mts_details_wid,2019,1202.175
egy,sex_f,geo_cov_urb,mts_details_wid,2020,1051.142
egy,sex_f,geo_cov_urb,mts_details_x,2008,311.3
egy,sex_f,geo_cov_urb,mts_details_x,2009,345.332
egy,sex_f,geo_cov_urb,mts_details_x,2010,904.941
egy,sex_f,geo_cov_urb,mts_details_x,2011,972.421
egy,sex_f,geo_cov_urb,mts_details_x,2012,1026.063
egy,sex_f,geo_cov_urb,mts_details_x,2013,1046.388
egy,sex_f,geo_cov_urb,mts_details_x,2014,1054.273
egy,sex_f,geo_cov_urb,mts_details_x,2015,1241.614
egy,sex_f,geo_cov_urb,mts_details_x,2016,31.793
egy,sex_f,geo_cov_urb,mts_details_x,2017,36.306
egy,sex_f,geo_cov_urb,mts_details_x,2018,34.049
egy,sex_f,geo_cov_urb,mts_details_x,2019,2.348
egy,sex_f,geo_cov_urb,mts_details_x,2020,1155.795
egy,sex_m,geo_cov_nat,mts_aggregate_1,2008,2974.479
egy,sex_m,geo_cov_nat,mts_aggregate_1,2009,3006.097
egy,sex_m,geo_cov_nat,mts_aggregate_1,2010,2588.717
egy,sex_m,geo_cov_nat,mts_aggregate_1,2011,2633.934
egy,sex_m,geo_cov_nat,mts_aggregate_1,2012,2663.497
egy,sex_m,geo_cov_nat,mts_aggregate_1,2013,2712.589
egy,sex_m,geo_cov_nat,mts_aggregate_1,2014,2967.176
egy,sex_m,geo_cov_nat,mts_aggregate_1,2015,3816.672
egy,sex_m,geo_cov_nat,mts_aggregate_1,2016,6832.086
egy,sex_m,geo_cov_nat,mts_aggregate_1,2017,8153.339
egy,sex_m,geo_cov_nat,mts_aggregate_1,2018,8019.79
egy,sex_m,geo_cov_nat,mts_aggregate_1,2019,8336.812
egy,sex_m,geo_cov_nat,mts_aggregate_1,2020,4976.409
egy,sex_m,geo_cov_nat,mts_aggregate_2,2008,2159.919
egy,sex_m,geo_cov_nat,mts_aggregate_2,2009,2261.908
egy,sex_m,geo_cov_nat,mts_aggregate_2,2010,2089.68
egy,sex_m,geo_cov_nat,mts_aggregate_2,2011,2194.628
egy,sex_m,geo_cov_nat,mts_aggregate_2,2012,2389.863
egy,sex_m,geo_cov_nat,mts_aggregate_2,2013,2582.026
egy,sex_m,geo_cov_nat,mts_aggregate_2,2014,2678.079
egy,sex_m,geo_cov_nat,mts_aggregate_2,2015,2517.616
egy,sex_m,geo_cov_nat,mts_aggregate_2,2016,2744.191
egy,sex_m,geo_cov_nat,mts_aggregate_2,2017,3010.749
egy,sex_m,geo_cov_nat,mts_aggregate_2,2018,2900.57
egy,sex_m,geo_cov_nat,mts_aggregate_2,2019,2955.816
egy,sex_m,geo_cov_nat,mts_aggregate_2,2020,3143.378
egy,sex_m,geo_cov_nat,mts_aggregate_total,2008,7302.45
egy,sex_m,geo_cov_nat,mts_aggregate_total,2009,7475.226
egy,sex_m,geo_cov_nat,mts_aggregate_total,2010,6747.798
egy,sex_m,geo_cov_nat,mts_aggregate_total,2011,7104.795
egy,sex_m,geo_cov_nat,mts_aggregate_total,2012,7370.907
egy,sex_m,geo_cov_nat,mts_aggregate_total,2013,7691.086
egy,sex_m,geo_cov_nat,mts_aggregate_total,2014,8093.371
egy,sex_m,geo_cov_nat,mts_aggregate_total,2015,9089.325
egy,sex_m,geo_cov_nat,mts_aggregate_total,2016,9581.444
egy,sex_m,geo_cov_nat,mts_aggregate_total,2017,11169.136
egy,sex_m,geo_cov_nat,mts_aggregate_total,2018,10927.758
egy,sex_m,geo_cov_nat,mts_aggregate_total,2019,11294.577
egy,sex_m,geo_cov_nat,mts_aggregate_total,2020,11196.116
egy,sex_m,geo_cov_nat,mts_aggregate_x,2008,2168.052
egy,sex_m,geo_cov_nat,mts_aggregate_x,2009,2207.221
egy,sex_m,geo_cov_nat,mts_aggregate_x,2010,2069.402
egy,sex_m,geo_cov_nat,mts_aggregate_x,2011,2276.233
egy,sex_m,geo_cov_nat,mts_aggregate_x,2012,2317.546
egy,sex_m,geo_cov_nat,mts_aggregate_x,2013,2396.471
egy,sex_m,geo_cov_nat,mts_aggregate_x,2014,2448.116
egy,sex_m,geo_cov_nat,mts_aggregate_x,2015,2755.038
egy,sex_m,geo_cov_nat,mts_aggregate_x,2016,5.166
egy,sex_m,geo_cov_nat,mts_aggregate_x,2017,5.049
egy,sex_m,geo_cov_nat,mts_aggregate_x,2018,7.398
egy,sex_m,geo_cov_nat,mts_aggregate_x,2019,1.949
egy,sex_m,geo_cov_nat,mts_aggregate_x,2020,3076.329
egy,sex_m,geo_cov_nat,mts_details_mrd,2008,2159.919
egy,sex_m,geo_cov_nat,mts_details_mrd,2009,2261.908
egy,sex_m,geo_cov_nat,mts_details_mrd,2010,2089.68
egy,sex_m,geo_cov_nat,mts_details_mrd,2011,2194.628
egy,sex_m,geo_cov_nat,mts_details_mrd,2012,2389.863
egy,sex_m,geo_cov_nat,mts_details_mrd,2013,2582.026
egy,sex_m,geo_cov_nat,mts_details_mrd,2014,2678.079
egy,sex_m,geo_cov_nat,mts_details_mrd,2015,2517.616
egy,sex_m,geo_cov_nat,mts_details_mrd,2016,2744.191
egy,sex_m,geo_cov_nat,mts_details_mrd,2017,3010.749
egy,sex_m,geo_cov_nat,mts_details_mrd,2018,2900.57
egy,sex_m,geo_cov_nat,mts_details_mrd,2019,2955.816
egy,sex_m,geo_cov_nat,mts_details_mrd,2020,3143.378
egy,sex_m,geo_cov_nat,mts_details_sep,2008,14.315
egy,sex_m,geo_cov_nat,mts_details_sep,2009,14.842
egy,sex_m,geo_cov_nat,mts_details_sep,2010,12.912
egy,sex_m,geo_cov_nat,mts_details_sep,2011,23.056
egy,sex_m,geo_cov_nat,mts_details_sep,2012,21.392
egy,sex_m,geo_cov_nat,mts_details_sep,2013,23.99
egy,sex_m,geo_cov_nat,mts_details_sep,2014,27.568
egy,sex_m,geo_cov_nat,mts_details_sep,2015,31.22
egy,sex_m,geo_cov_nat,mts_details_sep,2016,37.724
egy,sex_m,geo_cov_nat,mts_details_sep,2017,36.443
egy,sex_m,geo_cov_nat,mts_details_sep,2018,48.269
egy,sex_m,geo_cov_nat,mts_details_sep,2019,74.837
egy,sex_m,geo_cov_nat,mts_details_sep,2020,67.001
egy,sex_m,geo_cov_nat,mts_details_sgle,2008,2617.486
egy,sex_m,geo_cov_nat,mts_details_sgle,2009,2675.272
egy,sex_m,geo_cov_nat,mts_details_sgle,2010,2326.281
egy,sex_m,geo_cov_nat,mts_details_sgle,2011,2315.377
egy,sex_m,geo_cov_nat,mts_details_sgle,2012,2304.07
egy,sex_m,geo_cov_nat,mts_details_sgle,2013,2312.638
egy,sex_m,geo_cov_nat,mts_details_sgle,2014,2537.522
egy,sex_m,geo_cov_nat,mts_details_sgle,2015,3467.189
egy,sex_m,geo_cov_nat,mts_details_sgle,2016,6483.959
egy,sex_m,geo_cov_nat,mts_details_sgle,2017,7765.229
egy,sex_m,geo_cov_nat,mts_details_sgle,2018,7616.759
egy,sex_m,geo_cov_nat,mts_details_sgle,2019,7926.526
egy,sex_m,geo_cov_nat,mts_details_sgle,2020,4572.413
egy,sex_m,geo_cov_nat,mts_details_total,2008,7302.45
egy,sex_m,geo_cov_nat,mts_details_total,2009,7475.226
egy,sex_m,geo_cov_nat,mts_details_total,2010,6747.798
egy,sex_m,geo_cov_nat,mts_details_total,2011,7104.795
egy,sex_m,geo_cov_nat,mts_details_total,2012,7370.907
egy,sex_m,geo_cov_nat,mts_details_total,2013,7691.086
egy,sex_m,geo_cov_nat,mts_details_total,2014,8093.371
egy,sex_m,geo_cov_nat,mts_details_total,2015,9089.325
egy,sex_m,geo_cov_nat,mts_details_total,2016,9581.444
egy,sex_m,geo_cov_nat,mts_details_total,2017,11169.136
egy,sex_m,geo_cov_nat,mts_details_total,2018,10927.758
egy,sex_m,geo_cov_nat,mts_details_total,2019,11294.577
egy,sex_m,geo_cov_nat,mts_details_total,2020,11196.116
egy,sex_m,geo_cov_nat,mts_details_wid,2008,342.677
egy,sex_m,geo_cov_nat,mts_details_wid,2009,315.984
egy,sex_m,geo_cov_nat,mts_details_wid,2010,249.524
egy,sex_m,geo_cov_nat,mts_details_wid,2011,295.502
egy,sex_m,geo_cov_nat,mts_details_wid,2012,338.035
egy,sex_m,geo_cov_nat,mts_details_wid,2013,375.961
egy,sex_m,geo_cov_nat,mts_details_wid,2014,402.086
egy,sex_m,geo_cov_nat,mts_details_wid,2015,318.262
egy,sex_m,geo_cov_nat,mts_details_wid,2016,310.404
egy,sex_m,geo_cov_nat,mts_details_wid,2017,351.668
egy,sex_m,geo_cov_nat,mts_details_wid,2018,354.762
egy,sex_m,geo_cov_nat,mts_details_wid,2019,335.449
egy,sex_m,geo_cov_nat,mts_details_wid,2020,336.996
egy,sex_m,geo_cov_nat,mts_details_x,2008,2168.052
egy,sex_m,geo_cov_nat,mts_details_x,2009,2207.221
egy,sex_m,geo_cov_nat,mts_details_x,2010,2069.402
egy,sex_m,geo_cov_nat,mts_details_x,2011,2276.233
egy,sex_m,geo_cov_nat,mts_details_x,2012,2317.546
egy,sex_m,geo_cov_nat,mts_details_x,2013,2396.471
egy,sex_m,geo_cov_nat,mts_details_x,2014,2448.116
egy,sex_m,geo_cov_nat,mts_details_x,2015,2755.038
egy,sex_m,geo_cov_nat,mts_details_x,2016,5.166
egy,sex_m,geo_cov_nat,mts_details_x,2017,5.049
egy,sex_m,geo_cov_nat,mts_details_x,2018,7.398
egy,sex_m,geo_cov_nat,mts_details_x,2019,1.949
egy,sex_m,geo_cov_nat,mts_details_x,2020,3076.329
egy,sex_m,geo_cov_rur,mts_aggregate_1,2008,1437.57
egy,sex_m,geo_cov_rur,mts_aggregate_1,2009,1464.363
egy,sex_m,geo_cov_rur,mts_aggregate_1,2010,1297.026
egy,sex_m,geo_cov_rur,mts_aggregate_1,2011,1289.961
egy,sex_m,geo_cov_rur,mts_aggregate_1,2012,1331.764
egy,sex_m,geo_cov_rur,mts_aggregate_1,2013,1348.471
egy,sex_m,geo_cov_rur,mts_aggregate_1,2014,1432.634
egy,sex_m,geo_cov_rur,mts_aggregate_1,2015,1975.565
egy,sex_m,geo_cov_rur,mts_aggregate_1,2016,3742.417
egy,sex_m,geo_cov_rur,mts_aggregate_1,2017,4572.46
egy,sex_m,geo_cov_rur,mts_aggregate_1,2018,4486.01
egy,sex_m,geo_cov_rur,mts_aggregate_1,2019,4466.831
egy,sex_m,geo_cov_rur,mts_aggregate_1,2020,2562.98
egy,sex_m,geo_cov_rur,mts_aggregate_2,2008,873.661
egy,sex_m,geo_cov_rur,mts_aggregate_2,2009,895.927
egy,sex_m,geo_cov_rur,mts_aggregate_2,2010,840.373
egy,sex_m,geo_cov_rur,mts_aggregate_2,2011,873.064
egy,sex_m,geo_cov_rur,mts_aggregate_2,2012,941.511
egy,sex_m,geo_cov_rur,mts_aggregate_2,2013,1059.137
egy,sex_m,geo_cov_rur,mts_aggregate_2,2014,1121.589
egy,sex_m,geo_cov_rur,mts_aggregate_2,2015,1174.74
egy,sex_m,geo_cov_rur,mts_aggregate_2,2016,1248.712
egy,sex_m,geo_cov_rur,mts_aggregate_2,2017,1469.829
egy,sex_m,geo_cov_rur,mts_aggregate_2,2018,1414.521
egy,sex_m,geo_cov_rur,mts_aggregate_2,2019,1491.794
egy,sex_m,geo_cov_rur,mts_aggregate_2,2020,1593.934
egy,sex_m,geo_cov_rur,mts_aggregate_total,2008,3597.039
egy,sex_m,geo_cov_rur,mts_aggregate_total,2009,3674.373
egy,sex_m,geo_cov_rur,mts_aggregate_total,2010,3348.197
egy,sex_m,geo_cov_rur,mts_aggregate_total,2011,3489.921
egy,sex_m,geo_cov_rur,mts_aggregate_total,2012,3609.215
egy,sex_m,geo_cov_rur,mts_aggregate_total,2013,3814.712
egy,sex_m,geo_cov_rur,mts_aggregate_total,2014,3990.786
egy,sex_m,geo_cov_rur,mts_aggregate_total,2015,4750.684
egy,sex_m,geo_cov_rur,mts_aggregate_total,2016,4992.389
egy,sex_m,geo_cov_rur,mts_aggregate_total,2017,6043.196
egy,sex_m,geo_cov_rur,mts_aggregate_total,2018,5902.454
egy,sex_m,geo_cov_rur,mts_aggregate_total,2019,5959.643
egy,sex_m,geo_cov_rur,mts_aggregate_total,2020,5920.023
egy,sex_m,geo_cov_rur,mts_aggregate_x,2008,1285.809
egy,sex_m,geo_cov_rur,mts_aggregate_x,2009,1314.083
egy,sex_m,geo_cov_rur,mts_aggregate_x,2010,1210.799
egy,sex_m,geo_cov_rur,mts_aggregate_x,2011,1326.896
egy,sex_m,geo_cov_rur,mts_aggregate_x,2012,1335.94
egy,sex_m,geo_cov_rur,mts_aggregate_x,2013,1407.105
egy,sex_m,geo_cov_rur,mts_aggregate_x,2014,1436.562
egy,sex_m,geo_cov_rur,mts_aggregate_x,2015,1600.379
egy,sex_m,geo_cov_rur,mts_aggregate_x,2016,1.259
egy,sex_m,geo_cov_rur,mts_aggregate_x,2018,1.923
egy,sex_m,geo_cov_rur,mts_aggregate_x,2020,1763.109
egy,sex_m,geo_cov_rur,mts_details_mrd,2008,873.661
egy,sex_m,geo_cov_rur,mts_details_mrd,2009,895.927
egy,sex_m,geo_cov_rur,mts_details_mrd,2010,840.373
egy,sex_m,geo_cov_rur,mts_details_mrd,2011,873.064
egy,sex_m,geo_cov_rur,mts_details_mrd,2012,941.511
egy,sex_m,geo_cov_rur,mts_details_mrd,2013,1059.137
egy,sex_m,geo_cov_rur,mts_details_mrd,2014,1121.589
egy,sex_m,geo_cov_rur,mts_details_mrd,2015,1174.74
egy,sex_m,geo_cov_rur,mts_details_mrd,2016,1248.712
egy,sex_m,geo_cov_rur,mts_details_mrd,2017,1469.829
egy,sex_m,geo_cov_rur,mts_details_mrd,2018,1414.521
egy,sex_m,geo_cov_rur,mts_details_mrd,2019,1491.794
egy,sex_m,geo_cov_rur,mts_details_mrd,2020,1593.934
egy,sex_m,geo_cov_rur,mts_details_sep,2008,4.33
egy,sex_m,geo_cov_rur,mts_details_sep,2009,4.298
egy,sex_m,geo_cov_rur,mts_details_sep,2010,3.516
egy,sex_m,geo_cov_rur,mts_details_sep,2011,5.84
egy,sex_m,geo_cov_rur,mts_details_sep,2012,7.045
egy,sex_m,geo_cov_rur,mts_details_sep,2013,7.953
egy,sex_m,geo_cov_rur,mts_details_sep,2014,6.513
egy,sex_m,geo_cov_rur,mts_details_sep,2015,10.386
egy,sex_m,geo_cov_rur,mts_details_sep,2016,12.214
egy,sex_m,geo_cov_rur,mts_details_sep,2017,8.573
egy,sex_m,geo_cov_rur,mts_details_sep,2018,16.574
egy,sex_m,geo_cov_rur,mts_details_sep,2019,25.328
egy,sex_m,geo_cov_rur,mts_details_sep,2020,22.952
egy,sex_m,geo_cov_rur,mts_details_sgle,2008,1285.568
egy,sex_m,geo_cov_rur,mts_details_sgle,2009,1336.225
egy,sex_m,geo_cov_rur,mts_details_sgle,2010,1179.06
egy,sex_m,geo_cov_rur,mts_details_sgle,2011,1174.95
egy,sex_m,geo_cov_rur,mts_details_sgle,2012,1187.702
egy,sex_m,geo_cov_rur,mts_details_sgle,2013,1193.33
egy,sex_m,geo_cov_rur,mts_details_sgle,2014,1255.624
egy,sex_m,geo_cov_rur,mts_details_sgle,2015,1816.628
egy,sex_m,geo_cov_rur,mts_details_sgle,2016,3589.741
egy,sex_m,geo_cov_rur,mts_details_sgle,2017,4401.91
egy,sex_m,geo_cov_rur,mts_details_sgle,2018,4305.064
egy,sex_m,geo_cov_rur,mts_details_sgle,2019,4277.605
egy,sex_m,geo_cov_rur,mts_details_sgle,2020,2374.208
egy,sex_m,geo_cov_rur,mts_details_total,2008,3597.039
egy,sex_m,geo_cov_rur,mts_details_total,2009,3674.373
egy,sex_m,geo_cov_rur,mts_details_total,2010,3348.197
egy,sex_m,geo_cov_rur,mts_details_total,2011,3489.921
egy,sex_m,geo_cov_rur,mts_details_total,2012,3609.215
egy,sex_m,geo_cov_rur,mts_details_total,2013,3814.712
egy,sex_m,geo_cov_rur,mts_details_total,2014,3990.786
egy,sex_m,geo_cov_rur,mts_details_total,2015,4750.684
egy,sex_m,geo_cov_rur,mts_details_total,2016,4992.389
egy,sex_m,geo_cov_rur,mts_details_total,2017,6043.196
egy,sex_m,geo_cov_rur,mts_details_total,2018,5902.454
egy,sex_m,geo_cov_rur,mts_details_total,2019,5959.643
egy,sex_m,geo_cov_rur,mts_details_total,2020,5920.023
egy,sex_m,geo_cov_rur,mts_details_wid,2008,147.672
egy,sex_m,geo_cov_rur,mts_details_wid,2009,123.841
egy,sex_m,geo_cov_rur,mts_details_wid,2010,114.45
egy,sex_m,geo_cov_rur,mts_details_wid,2011,109.172
egy,sex_m,geo_cov_rur,mts_details_wid,2012,137.017
egy,sex_m,geo_cov_rur,mts_details_wid,2013,147.188
egy,sex_m,geo_cov_rur,mts_details_wid,2014,170.497
egy,sex_m,geo_cov_rur,mts_details_wid,2015,148.551
egy,sex_m,geo_cov_rur,mts_details_wid,2016,140.462
egy,sex_m,geo_cov_rur,mts_details_wid,2017,161.977
egy,sex_m,geo_cov_rur,mts_details_wid,2018,164.372
egy,sex_m,geo_cov_rur,mts_details_wid,2019,163.898
egy,sex_m,geo_cov_rur,mts_details_wid,2020,165.821
egy,sex_m,geo_cov_rur,mts_details_x,2008,1285.809
egy,sex_m,geo_cov_rur,mts_details_x,2009,1314.083
egy,sex_m,geo_cov_rur,mts_details_x,2010,1210.799
egy,sex_m,geo_cov_rur,mts_details_x,2011,1326.896
egy,sex_m,geo_cov_rur,mts_details_x,2012,1335.94
egy,sex_m,geo_cov_rur,mts_details_x,2013,1407.105
egy,sex_m,geo_cov_rur,mts_details_x,2014,1436.562
egy,sex_m,geo_cov_rur,mts_details_x,2015,1600.379
egy,sex_m,geo_cov_rur,mts_details_x,2016,1.259
egy,sex_m,geo_cov_rur,mts_details_x,2018,1.923
egy,sex_m,geo_cov_rur,mts_details_x,2020,1763.109
egy,sex_m,geo_cov_urb,mts_aggregate_1,2008,1536.909
egy,sex_m,geo_cov_urb,mts_aggregate_1,2009,1541.734
egy,sex_m,geo_cov_urb,mts_aggregate_1,2010,1291.691
egy,sex_m,geo_cov_urb,mts_aggregate_1,2011,1343.973
egy,sex_m,geo_cov_urb,mts_aggregate_1,2012,1331.734
egy,sex_m,geo_cov_urb,mts_aggregate_1,2013,1364.118
egy,sex_m,geo_cov_urb,mts_aggregate_1,2014,1534.542
egy,sex_m,geo_cov_urb,mts_aggregate_1,2015,1841.107
egy,sex_m,geo_cov_urb,mts_aggregate_1,2016,3089.669
egy,sex_m,geo_cov_urb,mts_aggregate_1,2017,3580.88
egy,sex_m,geo_cov_urb,mts_aggregate_1,2018,3533.781
egy,sex_m,geo_cov_urb,mts_aggregate_1,2019,3869.981
egy,sex_m,geo_cov_urb,mts_aggregate_1,2020,2413.428
egy,sex_m,geo_cov_urb,mts_aggregate_2,2008,1286.258
egy,sex_m,geo_cov_urb,mts_aggregate_2,2009,1365.981
egy,sex_m,geo_cov_urb,mts_aggregate_2,2010,1249.307
egy,sex_m,geo_cov_urb,mts_aggregate_2,2011,1321.564
egy,sex_m,geo_cov_urb,mts_aggregate_2,2012,1448.353
egy,sex_m,geo_cov_urb,mts_aggregate_2,2013,1522.89
egy,sex_m,geo_cov_urb,mts_aggregate_2,2014,1556.489
egy,sex_m,geo_cov_urb,mts_aggregate_2,2015,1342.876
egy,sex_m,geo_cov_urb,mts_aggregate_2,2016,1495.479
egy,sex_m,geo_cov_urb,mts_aggregate_2,2017,1540.92
egy,sex_m,geo_cov_urb,mts_aggregate_2,2018,1486.049
egy,sex_m,geo_cov_urb,mts_aggregate_2,2019,1464.022
egy,sex_m,geo_cov_urb,mts_aggregate_2,2020,1549.445
egy,sex_m,geo_cov_urb,mts_aggregate_total,2008,3705.411
egy,sex_m,geo_cov_urb,mts_aggregate_total,2009,3800.853
egy,sex_m,geo_cov_urb,mts_aggregate_total,2010,3399.601
egy,sex_m,geo_cov_urb,mts_aggregate_total,2011,3614.874
egy,sex_m,geo_cov_urb,mts_aggregate_total,2012,3761.693
egy,sex_m,geo_cov_urb,mts_aggregate_total,2013,3876.374
egy,sex_m,geo_cov_urb,mts_aggregate_total,2014,4102.585
egy,sex_m,geo_cov_urb,mts_aggregate_total,2015,4338.641
egy,sex_m,geo_cov_urb,mts_aggregate_total,2016,4589.055
egy,sex_m,geo_cov_urb,mts_aggregate_total,2017,5125.941
egy,sex_m,geo_cov_urb,mts_aggregate_total,2018,5025.304
egy,sex_m,geo_cov_urb,mts_aggregate_total,2019,5334.934
egy,sex_m,geo_cov_urb,mts_aggregate_total,2020,5276.094
egy,sex_m,geo_cov_urb,mts_aggregate_x,2008,882.244
egy,sex_m,geo_cov_urb,mts_aggregate_x,2009,893.137
egy,sex_m,geo_cov_urb,mts_aggregate_x,2010,858.603
egy,sex_m,geo_cov_urb,mts_aggregate_x,2011,949.337
egy,sex_m,geo_cov_urb,mts_aggregate_x,2012,981.606
egy,sex_m,geo_cov_urb,mts_aggregate_x,2013,989.366
egy,sex_m,geo_cov_urb,mts_aggregate_x,2014,1011.554
egy,sex_m,geo_cov_urb,mts_aggregate_x,2015,1154.659
egy,sex_m,geo_cov_urb,mts_aggregate_x,2016,3.907
egy,sex_m,geo_cov_urb,mts_aggregate_x,2017,4.141
egy,sex_m,geo_cov_urb,mts_aggregate_x,2018,5.475
egy,sex_m,geo_cov_urb,mts_aggregate_x,2020,1313.22
egy,sex_m,geo_cov_urb,mts_details_mrd,2008,1286.258
egy,sex_m,geo_cov_urb,mts_details_mrd,2009,1365.981
egy,sex_m,geo_cov_urb,mts_details_mrd,2010,1249.307
egy,sex_m,geo_cov_urb,mts_details_mrd,2011,1321.564
egy,sex_m,geo_cov_urb,mts_details_mrd,2012,1448.353
egy,sex_m,geo_cov_urb,mts_details_mrd,2013,1522.89
egy,sex_m,geo_cov_urb,mts_details_mrd,2014,1556.489
egy,sex_m,geo_cov_urb,mts_details_mrd,2015,1342.876
egy,sex_m,geo_cov_urb,mts_details_mrd,2016,1495.479
egy,sex_m,geo_cov_urb,mts_details_mrd,2017,1540.92
egy,sex_m,geo_cov_urb,mts_details_mrd,2018,1486.049
egy,sex_m,geo_cov_urb,mts_details_mrd,2019,1464.022
egy,sex_m,geo_cov_urb,mts_details_mrd,2020,1549.445
egy,sex_m,geo_cov_urb,mts_details_sep,2008,9.985
egy,sex_m,geo_cov_urb,mts_details_sep,2009,10.544
egy,sex_m,geo_cov_urb,mts_details_sep,2010,9.396
egy,sex_m,geo_cov_urb,mts_details_sep,2011,17.216
egy,sex_m,geo_cov_urb,mts_details_sep,2012,14.347
egy,sex_m,geo_cov_urb,mts_details_sep,2013,16.037
egy,sex_m,geo_cov_urb,mts_details_sep,2014,21.056
egy,sex_m,geo_cov_urb,mts_details_sep,2015,20.834
egy,sex_m,geo_cov_urb,mts_details_sep,2016,25.51
egy,sex_m,geo_cov_urb,mts_details_sep,2017,27.87
egy,sex_m,geo_cov_urb,mts_details_sep,2018,31.695
egy,sex_m,geo_cov_urb,mts_details_sep,2019,49.509
egy,sex_m,geo_cov_urb,mts_details_sep,2020,44.049
egy,sex_m,geo_cov_urb,mts_details_sgle,2008,1331.918
egy,sex_m,geo_cov_urb,mts_details_sgle,2009,1339.047
egy,sex_m,geo_cov_urb,mts_details_sgle,2010,1147.221
egy,sex_m,geo_cov_urb,mts_details_sgle,2011,1140.427
egy,sex_m,geo_cov_urb,mts_details_sgle,2012,1116.369
egy,sex_m,geo_cov_urb,mts_details_sgle,2013,1119.308
egy,sex_m,geo_cov_urb,mts_details_sgle,2014,1281.898
egy,sex_m,geo_cov_urb,mts_details_sgle,2015,1650.561
egy,sex_m,geo_cov_urb,mts_details_sgle,2016,2894.218
egy,sex_m,geo_cov_urb,mts_details_sgle,2017,3363.319
egy,sex_m,geo_cov_urb,mts_details_sgle,2018,3311.695
egy,sex_m,geo_cov_urb,mts_details_sgle,2019,3648.921
egy,sex_m,geo_cov_urb,mts_details_sgle,2020,2198.205
egy,sex_m,geo_cov_urb,mts_details_total,2008,3705.411
egy,sex_m,geo_cov_urb,mts_details_total,2009,3800.853
egy,sex_m,geo_cov_urb,mts_details_total,2010,3399.601
egy,sex_m,geo_cov_urb,mts_details_total,2011,3614.874
egy,sex_m,geo_cov_urb,mts_details_total,2012,3761.693
egy,sex_m,geo_cov_urb,mts_details_total,2013,3876.374
egy,sex_m,geo_cov_urb,mts_details_total,2014,4102.585
egy,sex_m,geo_cov_urb,mts_details_total,2015,4338.641
egy,sex_m,geo_cov_urb,mts_details_total,2016,4589.055
egy,sex_m,geo_cov_urb,mts_details_total,2017,5125.941
egy,sex_m,geo_cov_urb,mts_details_total,2018,5025.304
egy,sex_m,geo_cov_urb,mts_details_total,2019,5334.934
egy,sex_m,geo_cov_urb,mts_details_total,2020,5276.094
egy,sex_m,geo_cov_urb,mts_details_wid,2008,195.006
egy,sex_m,geo_cov_urb,mts_details_wid,2009,192.143
egy,sex_m,geo_cov_urb,mts_details_wid,2010,135.074
egy,sex_m,geo_cov_urb,mts_details_wid,2011,186.33
egy,sex_m,geo_cov_urb,mts_details_wid,2012,201.018
egy,sex_m,geo_cov_urb,mts_details_wid,2013,228.773
egy,sex_m,geo_cov_urb,mts_details_wid,2014,231.589
egy,sex_m,geo_cov_urb,mts_details_wid,2015,169.712
egy,sex_m,geo_cov_urb,mts_details_wid,2016,169.941
egy,sex_m,geo_cov_urb,mts_details_wid,2017,189.691
egy,sex_m,geo_cov_urb,mts_details_wid,2018,190.391
egy,sex_m,geo_cov_urb,mts_details_wid,2019,171.551
egy,sex_m,geo_cov_urb,mts_details_wid,2020,171.174
egy,sex_m,geo_cov_urb,mts_details_x,2008,882.244
egy,sex_m,geo_cov_urb,mts_details_x,2009,893.137
egy,sex_m,geo_cov_urb,mts_details_x,2010,858.603
egy,sex_m,geo_cov_urb,mts_details_x,2011,949.337
egy,sex_m,geo_cov_urb,mts_details_x,2012,981.606
egy,sex_m,geo_cov_urb,mts_details_x,2013,989.366
egy,sex_m,geo_cov_urb,mts_details_x,2014,1011.554
egy,sex_m,geo_cov_urb,mts_details_x,2015,1154.659
egy,sex_m,geo_cov_urb,mts_details_x,2016,3.907
egy,sex_m,geo_cov_urb,mts_details_x,2017,4.141
egy,sex_m,geo_cov_urb,mts_details_x,2018,5.475
egy,sex_m,geo_cov_urb,mts_details_x,2020,1313.22
egy,sex_t,geo_cov_nat,mts_aggregate_1,2008,10545.182
egy,sex_t,geo_cov_nat,mts_aggregate_1,2009,10621.037
egy,sex_t,geo_cov_nat,mts_aggregate_1,2010,8081.766
egy,sex_t,geo_cov_nat,mts_aggregate_1,2011,8337.725
egy,sex_t,geo_cov_nat,mts_aggregate_1,2012,8629.928
egy,sex_t,geo_cov_nat,mts_aggregate_1,2013,8908.789
egy,sex_t,geo_cov_nat,mts_aggregate_1,2014,9389.04
egy,sex_t,geo_cov_nat,mts_aggregate_1,2015,10895.518
egy,sex_t,geo_cov_nat,mts_aggregate_1,2016,17219.268
egy,sex_t,geo_cov_nat,mts_aggregate_1,2017,19295.129
egy,sex_t,geo_cov_nat,mts_aggregate_1,2018,20024.695
egy,sex_t,geo_cov_nat,mts_aggregate_1,2019,19928.038
egy,sex_t,geo_cov_nat,mts_aggregate_1,2020,11691.154
egy,sex_t,geo_cov_nat,mts_aggregate_2,2008,13605.028
egy,sex_t,geo_cov_nat,mts_aggregate_2,2009,13779.683
egy,sex_t,geo_cov_nat,mts_aggregate_2,2010,14412.312
egy,sex_t,geo_cov_nat,mts_aggregate_2,2011,14779.764
egy,sex_t,geo_cov_nat,mts_aggregate_2,2012,15219.783
egy,sex_t,geo_cov_nat,mts_aggregate_2,2013,15495.078
egy,sex_t,geo_cov_nat,mts_aggregate_2,2014,15796.28
egy,sex_t,geo_cov_nat,mts_aggregate_2,2015,15486.21
egy,sex_t,geo_cov_nat,mts_aggregate_2,2016,15829.497
egy,sex_t,geo_cov_nat,mts_aggregate_2,2017,16735.63
egy,sex_t,geo_cov_nat,mts_aggregate_2,2018,17705.731
egy,sex_t,geo_cov_nat,mts_aggregate_2,2019,18896.78
egy,sex_t,geo_cov_nat,mts_aggregate_2,2020,16420.729
egy,sex_t,geo_cov_nat,mts_aggregate_total,2008,27137.229
egy,sex_t,geo_cov_nat,mts_aggregate_total,2009,27485.753
egy,sex_t,geo_cov_nat,mts_aggregate_total,2010,26784.352
egy,sex_t,geo_cov_nat,mts_aggregate_total,2011,27802.848
egy,sex_t,geo_cov_nat,mts_aggregate_total,2012,28635.646
egy,sex_t,geo_cov_nat,mts_aggregate_total,2013,29388.934
egy,sex_t,geo_cov_nat,mts_aggregate_total,2014,30192.44
egy,sex_t,geo_cov_nat,mts_aggregate_total,2015,32165.245
egy,sex_t,geo_cov_nat,mts_aggregate_total,2016,33115.36
egy,sex_t,geo_cov_nat,mts_aggregate_total,2017,36096.775
egy,sex_t,geo_cov_nat,mts_aggregate_total,2018,37801.116
egy,sex_t,geo_cov_nat,mts_aggregate_total,2019,38830.134
egy,sex_t,geo_cov_nat,mts_aggregate_total,2020,33995.937
egy,sex_t,geo_cov_nat,mts_aggregate_x,2008,2987.018
egy,sex_t,geo_cov_nat,mts_aggregate_x,2009,3085.033
egy,sex_t,geo_cov_nat,mts_aggregate_x,2010,4290.274
egy,sex_t,geo_cov_nat,mts_aggregate_x,2011,4685.359
egy,sex_t,geo_cov_nat,mts_aggregate_x,2012,4785.934
egy,sex_t,geo_cov_nat,mts_aggregate_x,2013,4985.067
egy,sex_t,geo_cov_nat,mts_aggregate_x,2014,5007.12
egy,sex_t,geo_cov_nat,mts_aggregate_x,2015,5783.517
egy,sex_t,geo_cov_nat,mts_aggregate_x,2016,66.595
egy,sex_t,geo_cov_nat,mts_aggregate_x,2017,66.015
egy,sex_t,geo_cov_nat,mts_aggregate_x,2018,70.69
egy,sex_t,geo_cov_nat,mts_aggregate_x,2019,5.316
egy,sex_t,geo_cov_nat,mts_aggregate_x,2020,5884.053
egy,sex_t,geo_cov_nat,mts_details_mrd,2008,13605.028
egy,sex_t,geo_cov_nat,mts_details_mrd,2009,13779.683
egy,sex_t,geo_cov_nat,mts_details_mrd,2010,14412.312
egy,sex_t,geo_cov_nat,mts_details_mrd,2011,14779.764
egy,sex_t,geo_cov_nat,mts_details_mrd,2012,15219.783
egy,sex_t,geo_cov_nat,mts_details_mrd,2013,15495.078
egy,sex_t,geo_cov_nat,mts_details_mrd,2014,15796.28
egy,sex_t,geo_cov_nat,mts_details_mrd,2015,15486.21
egy,sex_t,geo_cov_nat,mts_details_mrd,2016,15829.497
egy,sex_t,geo_cov_nat,mts_details_mrd,2017,16735.63
egy,sex_t,geo_cov_nat,mts_details_mrd,2018,17705.731
egy,sex_t,geo_cov_nat,mts_details_mrd,2019,18896.78
egy,sex_t,geo_cov_nat,mts_details_mrd,2020,16420.729
egy,sex_t,geo_cov_nat,mts_details_sep,2008,204.761
egy,sex_t,geo_cov_nat,mts_details_sep,2009,202.764
egy,sex_t,geo_cov_nat,mts_details_sep,2010,231.364
egy,sex_t,geo_cov_nat,mts_details_sep,2011,249.163
egy,sex_t,geo_cov_nat,mts_details_sep,2012,263.728
egy,sex_t,geo_cov_nat,mts_details_sep,2013,280.45
egy,sex_t,geo_cov_nat,mts_details_sep,2014,308.288
egy,sex_t,geo_cov_nat,mts_details_sep,2015,324.366
egy,sex_t,geo_cov_nat,mts_details_sep,2016,392.669
egy,sex_t,geo_cov_nat,mts_details_sep,2017,381.88
egy,sex_t,geo_cov_nat,mts_details_sep,2018,487.099
egy,sex_t,geo_cov_nat,mts_details_sep,2019,572.96
egy,sex_t,geo_cov_nat,mts_details_sep,2020,502.844
egy,sex_t,geo_cov_nat,mts_details_sgle,2008,7402.921
egy,sex_t,geo_cov_nat,mts_details_sgle,2009,7264.378
egy,sex_t,geo_cov_nat,mts_details_sgle,2010,5022.415
egy,sex_t,geo_cov_nat,mts_details_sgle,2011,5085.059
egy,sex_t,geo_cov_nat,mts_details_sgle,2012,5099.58
egy,sex_t,geo_cov_nat,mts_details_sgle,2013,5127.447
egy,sex_t,geo_cov_nat,mts_details_sgle,2014,5346.877
egy,sex_t,geo_cov_nat,mts_details_sgle,2015,7610.969
egy,sex_t,geo_cov_nat,mts_details_sgle,2016,13783.629
egy,sex_t,geo_cov_nat,mts_details_sgle,2017,15756.92
egy,sex_t,geo_cov_nat,mts_details_sgle,2018,16190.268
egy,sex_t,geo_cov_nat,mts_details_sgle,2019,16272.626
egy,sex_t,geo_cov_nat,mts_details_sgle,2020,8465.471
egy,sex_t,geo_cov_nat,mts_details_total,2008,27137.229
egy,sex_t,geo_cov_nat,mts_details_total,2009,27485.753
egy,sex_t,geo_cov_nat,mts_details_total,2010,26784.352
egy,sex_t,geo_cov_nat,mts_details_total,2011,27802.848
egy,sex_t,geo_cov_nat,mts_details_total,2012,28635.646
egy,sex_t,geo_cov_nat,mts_details_total,2013,29388.934
egy,sex_t,geo_cov_nat,mts_details_total,2014,30192.44
egy,sex_t,geo_cov_nat,mts_details_total,2015,32165.245
egy,sex_t,geo_cov_nat,mts_details_total,2016,33115.36
egy,sex_t,geo_cov_nat,mts_details_total,2017,36096.775
egy,sex_t,geo_cov_nat,mts_details_total,2018,37801.116
egy,sex_t,geo_cov_nat,mts_details_total,2019,38830.134
egy,sex_t,geo_cov_nat,mts_details_total,2020,33995.937
egy,sex_t,geo_cov_nat,mts_details_wid,2008,2937.5
egy,sex_t,geo_cov_nat,mts_details_wid,2009,3153.896
egy,sex_t,geo_cov_nat,mts_details_wid,2010,2827.988
egy,sex_t,geo_cov_nat,mts_details_wid,2011,3003.504
egy,sex_t,geo_cov_nat,mts_details_wid,2012,3266.619
egy,sex_t,geo_cov_nat,mts_details_wid,2013,3500.893
egy,sex_t,geo_cov_nat,mts_details_wid,2014,3733.875
egy,sex_t,geo_cov_nat,mts_details_wid,2015,2960.184
egy,sex_t,geo_cov_nat,mts_details_wid,2016,3042.969
egy,sex_t,geo_cov_nat,mts_details_wid,2017,3156.33
egy,sex_t,geo_cov_nat,mts_details_wid,2018,3347.328
egy,sex_t,geo_cov_nat,mts_details_wid,2019,3082.452
egy,sex_t,geo_cov_nat,mts_details_wid,2020,2722.839
egy,sex_t,geo_cov_nat,mts_details_x,2008,2987.018
egy,sex_t,geo_cov_nat,mts_details_x,2009,3085.033
egy,sex_t,geo_cov_nat,mts_details_x,2010,4290.274
egy,sex_t,geo_cov_nat,mts_details_x,2011,4685.359
egy,sex_t,geo_cov_nat,mts_details_x,2012,4785.934
egy,sex_t,geo_cov_nat,mts_details_x,2013,4985.067
egy,sex_t,geo_cov_nat,mts_details_x,2014,5007.12
egy,sex_t,geo_cov_nat,mts_details_x,2015,5783.517
egy,sex_t,geo_cov_nat,mts_details_x,2016,66.595
egy,sex_t,geo_cov_nat,mts_details_x,2017,66.015
egy,sex_t,geo_cov_nat,mts_details_x,2018,70.69
egy,sex_t,geo_cov_nat,mts_details_x,2019,5.316
egy,sex_t,geo_cov_nat,mts_details_x,2020,5884.053
egy,sex_t,geo_cov_rur,mts_aggregate_1,2008,5384.014
egy,sex_t,geo_cov_rur,mts_aggregate_1,2009,5420.257
egy,sex_t,geo_cov_rur,mts_aggregate_1,2010,4058.152
egy,sex_t,geo_cov_rur,mts_aggregate_1,2011,4152.355
egy,sex_t,geo_cov_rur,mts_aggregate_1,2012,4372.703
egy,sex_t,geo_cov_rur,mts_aggregate_1,2013,4524.342
egy,sex_t,geo_cov_rur,mts_aggregate_1,2014,4662.795
egy,sex_t,geo_cov_rur,mts_aggregate_1,2015,5669.482
egy,sex_t,geo_cov_rur,mts_aggregate_1,2016,9359.102
egy,sex_t,geo_cov_rur,mts_aggregate_1,2017,10599.642
egy,sex_t,geo_cov_rur,mts_aggregate_1,2018,11246.434
egy,sex_t,geo_cov_rur,mts_aggregate_1,2019,10749.22
egy,sex_t,geo_cov_rur,mts_aggregate_1,2020,5977.343
egy,sex_t,geo_cov_rur,mts_aggregate_2,2008,7102.884
egy,sex_t,geo_cov_rur,mts_aggregate_2,2009,7144.066
egy,sex_t,geo_cov_rur,mts_aggregate_2,2010,7655.569
egy,sex_t,geo_cov_rur,mts_aggregate_2,2011,7842.098
egy,sex_t,geo_cov_rur,mts_aggregate_2,2012,8066.382
egy,sex_t,geo_cov_rur,mts_aggregate_2,2013,8233.584
egy,sex_t,geo_cov_rur,mts_aggregate_2,2014,8378.556
egy,sex_t,geo_cov_rur,mts_aggregate_2,2015,8603.497
egy,sex_t,geo_cov_rur,mts_aggregate_2,2016,8773.741
egy,sex_t,geo_cov_rur,mts_aggregate_2,2017,9415.956
egy,sex_t,geo_cov_rur,mts_aggregate_2,2018,10277.026
egy,sex_t,geo_cov_rur,mts_aggregate_2,2019,10949.028
egy,sex_t,geo_cov_rur,mts_aggregate_2,2020,9400.117
egy,sex_t,geo_cov_rur,mts_aggregate_total,2008,14280.371
egy,sex_t,geo_cov_rur,mts_aggregate_total,2009,14410.887
egy,sex_t,geo_cov_rur,mts_aggregate_total,2010,14240.45
egy,sex_t,geo_cov_rur,mts_aggregate_total,2011,14758.054
egy,sex_t,geo_cov_rur,mts_aggregate_total,2012,15217.351
egy,sex_t,geo_cov_rur,mts_aggregate_total,2013,15707.238
egy,sex_t,geo_cov_rur,mts_aggregate_total,2014,15982.645
egy,sex_t,geo_cov_rur,mts_aggregate_total,2015,17660.223
egy,sex_t,geo_cov_rur,mts_aggregate_total,2016,18163.738
egy,sex_t,geo_cov_rur,mts_aggregate_total,2017,20041.165
egy,sex_t,geo_cov_rur,mts_aggregate_total,2018,21554.626
egy,sex_t,geo_cov_rur,mts_aggregate_total,2019,21700.284
egy,sex_t,geo_cov_rur,mts_aggregate_total,2020,18792.499
egy,sex_t,geo_cov_rur,mts_aggregate_x,2008,1793.474
egy,sex_t,geo_cov_rur,mts_aggregate_x,2009,1846.564
egy,sex_t,geo_cov_rur,mts_aggregate_x,2010,2526.729
egy,sex_t,geo_cov_rur,mts_aggregate_x,2011,2763.601
egy,sex_t,geo_cov_rur,mts_aggregate_x,2012,2778.266
egy,sex_t,geo_cov_rur,mts_aggregate_x,2013,2949.312
egy,sex_t,geo_cov_rur,mts_aggregate_x,2014,2941.294
egy,sex_t,geo_cov_rur,mts_aggregate_x,2015,3387.244
egy,sex_t,geo_cov_rur,mts_aggregate_x,2016,30.895
egy,sex_t,geo_cov_rur,mts_aggregate_x,2017,25.568
egy,sex_t,geo_cov_rur,mts_aggregate_x,2018,31.166
egy,sex_t,geo_cov_rur,mts_aggregate_x,2019,2.036
egy,sex_t,geo_cov_rur,mts_aggregate_x,2020,3415.038
egy,sex_t,geo_cov_rur,mts_details_mrd,2008,7102.884
egy,sex_t,geo_cov_rur,mts_details_mrd,2009,7144.066
egy,sex_t,geo_cov_rur,mts_details_mrd,2010,7655.569
egy,sex_t,geo_cov_rur,mts_details_mrd,2011,7842.098
egy,sex_t,geo_cov_rur,mts_details_mrd,2012,8066.382
egy,sex_t,geo_cov_rur,mts_details_mrd,2013,8233.584
egy,sex_t,geo_cov_rur,mts_details_mrd,2014,8378.556
egy,sex_t,geo_cov_rur,mts_details_mrd,2015,8603.497
egy,sex_t,geo_cov_rur,mts_details_mrd,2016,8773.741
egy,sex_t,geo_cov_rur,mts_details_mrd,2017,9415.956
egy,sex_t,geo_cov_rur,mts_details_mrd,2018,10277.026
egy,sex_t,geo_cov_rur,mts_details_mrd,2019,10949.028
egy,sex_t,geo_cov_rur,mts_details_mrd,2020,9400.117
egy,sex_t,geo_cov_rur,mts_details_sep,2008,90.261
egy,sex_t,geo_cov_rur,mts_details_sep,2009,84.852
egy,sex_t,geo_cov_rur,mts_details_sep,2010,102.538
egy,sex_t,geo_cov_rur,mts_details_sep,2011,101.623
egy,sex_t,geo_cov_rur,mts_details_sep,2012,122.035
egy,sex_t,geo_cov_rur,mts_details_sep,2013,123.498
egy,sex_t,geo_cov_rur,mts_details_sep,2014,131.963
egy,sex_t,geo_cov_rur,mts_details_sep,2015,142.072
egy,sex_t,geo_cov_rur,mts_details_sep,2016,184.266
egy,sex_t,geo_cov_rur,mts_details_sep,2017,161.804
egy,sex_t,geo_cov_rur,mts_details_sep,2018,230.472
egy,sex_t,geo_cov_rur,mts_details_sep,2019,252.287
egy,sex_t,geo_cov_rur,mts_details_sep,2020,228.361
egy,sex_t,geo_cov_rur,mts_details_sgle,2008,3835.462
egy,sex_t,geo_cov_rur,mts_details_sgle,2009,3775.874
egy,sex_t,geo_cov_rur,mts_details_sgle,2010,2513.65
egy,sex_t,geo_cov_rur,mts_details_sgle,2011,2560.483
egy,sex_t,geo_cov_rur,mts_details_sgle,2012,2620.375
egy,sex_t,geo_cov_rur,mts_details_sgle,2013,2627.595
egy,sex_t,geo_cov_rur,mts_details_sgle,2014,2605.253
egy,sex_t,geo_cov_rur,mts_details_sgle,2015,3921.515
egy,sex_t,geo_cov_rur,mts_details_sgle,2016,7513.166
egy,sex_t,geo_cov_rur,mts_details_sgle,2017,8734.859
egy,sex_t,geo_cov_rur,mts_details_sgle,2018,9177.48
egy,sex_t,geo_cov_rur,mts_details_sgle,2019,8788.207
egy,sex_t,geo_cov_rur,mts_details_sgle,2020,4248.459
egy,sex_t,geo_cov_rur,mts_details_total,2008,14280.371
egy,sex_t,geo_cov_rur,mts_details_total,2009,14410.887
egy,sex_t,geo_cov_rur,mts_details_total,2010,14240.45
egy,sex_t,geo_cov_rur,mts_details_total,2011,14758.054
egy,sex_t,geo_cov_rur,mts_details_total,2012,15217.351
egy,sex_t,geo_cov_rur,mts_details_total,2013,15707.238
egy,sex_t,geo_cov_rur,mts_details_total,2014,15982.645
egy,sex_t,geo_cov_rur,mts_details_total,2015,17660.223
egy,sex_t,geo_cov_rur,mts_details_total,2016,18163.738
egy,sex_t,geo_cov_rur,mts_details_total,2017,20041.165
egy,sex_t,geo_cov_rur,mts_details_total,2018,21554.626
egy,sex_t,geo_cov_rur,mts_details_total,2019,21700.284
egy,sex_t,geo_cov_rur,mts_details_total,2020,18792.499
egy,sex_t,geo_cov_rur,mts_details_wid,2008,1458.291
egy,sex_t,geo_cov_rur,mts_details_wid,2009,1559.532
egy,sex_t,geo_cov_rur,mts_details_wid,2010,1441.964
egy,sex_t,geo_cov_rur,mts_details_wid,2011,1490.249
egy,sex_t,geo_cov_rur,mts_details_wid,2012,1630.293
egy,sex_t,geo_cov_rur,mts_details_wid,2013,1773.249
egy,sex_t,geo_cov_rur,mts_details_wid,2014,1925.58
egy,sex_t,geo_cov_rur,mts_details_wid,2015,1605.894
egy,sex_t,geo_cov_rur,mts_details_wid,2016,1661.67
egy,sex_t,geo_cov_rur,mts_details_wid,2017,1702.98
egy,sex_t,geo_cov_rur,mts_details_wid,2018,1838.481
egy,sex_t,geo_cov_rur,mts_details_wid,2019,1708.726
egy,sex_t,geo_cov_rur,mts_details_wid,2020,1500.523
egy,sex_t,geo_cov_rur,mts_details_x,2008,1793.474
egy,sex_t,geo_cov_rur,mts_details_x,2009,1846.564
egy,sex_t,geo_cov_rur,mts_details_x,2010,2526.729
egy,sex_t,geo_cov_rur,mts_details_x,2011,2763.601
egy,sex_t,geo_cov_rur,mts_details_x,2012,2778.266
egy,sex_t,geo_cov_rur,mts_details_x,2013,2949.312
egy,sex_t,geo_cov_rur,mts_details_x,2014,2941.294
egy,sex_t,geo_cov_rur,mts_details_x,2015,3387.244
egy,sex_t,geo_cov_rur,mts_details_x,2016,30.895
egy,sex_t,geo_cov_rur,mts_details_x,2017,25.568
egy,sex_t,geo_cov_rur,mts_details_x,2018,31.166
egy,sex_t,geo_cov_rur,mts_details_x,2019,2.036
egy,sex_t,geo_cov_rur,mts_details_x,2020,3415.038
egy,sex_t,geo_cov_urb,mts_aggregate_1,2008,5161.169
egy,sex_t,geo_cov_urb,mts_aggregate_1,2009,5200.78
egy,sex_t,geo_cov_urb,mts_aggregate_1,2010,4023.614
egy,sex_t,geo_cov_urb,mts_aggregate_1,2011,4185.371
egy,sex_t,geo_cov_urb,mts_aggregate_1,2012,4257.225
egy,sex_t,geo_cov_urb,mts_aggregate_1,2013,4384.448
egy,sex_t,geo_cov_urb,mts_aggregate_1,2014,4726.244
egy,sex_t,geo_cov_urb,mts_aggregate_1,2015,5226.037
egy,sex_t,geo_cov_urb,mts_aggregate_1,2016,7860.165
egy,sex_t,geo_cov_urb,mts_aggregate_1,2017,8695.488
egy,sex_t,geo_cov_urb,mts_aggregate_1,2018,8778.261
egy,sex_t,geo_cov_urb,mts_aggregate_1,2019,9178.818
egy,sex_t,geo_cov_urb,mts_aggregate_1,2020,5713.811
egy,sex_t,geo_cov_urb,mts_aggregate_2,2008,6502.144
egy,sex_t,geo_cov_urb,mts_aggregate_2,2009,6635.617
egy,sex_t,geo_cov_urb,mts_aggregate_2,2010,6756.743
egy,sex_t,geo_cov_urb,mts_aggregate_2,2011,6937.665
egy,sex_t,geo_cov_urb,mts_aggregate_2,2012,7153.401
egy,sex_t,geo_cov_urb,mts_aggregate_2,2013,7261.493
egy,sex_t,geo_cov_urb,mts_aggregate_2,2014,7417.725
egy,sex_t,geo_cov_urb,mts_aggregate_2,2015,6882.712
egy,sex_t,geo_cov_urb,mts_aggregate_2,2016,7055.756
egy,sex_t,geo_cov_urb,mts_aggregate_2,2017,7319.674
egy,sex_t,geo_cov_urb,mts_aggregate_2,2018,7428.705
egy,sex_t,geo_cov_urb,mts_aggregate_2,2019,7947.752
egy,sex_t,geo_cov_urb,mts_aggregate_2,2020,7020.612
egy,sex_t,geo_cov_urb,mts_aggregate_total,2008,12856.857
egy,sex_t,geo_cov_urb,mts_aggregate_total,2009,13074.866
egy,sex_t,geo_cov_urb,mts_aggregate_total,2010,12543.901
egy,sex_t,geo_cov_urb,mts_aggregate_total,2011,13044.793
egy,sex_t,geo_cov_urb,mts_aggregate_total,2012,13418.295
egy,sex_t,geo_cov_urb,mts_aggregate_total,2013,13681.696
egy,sex_t,geo_cov_urb,mts_aggregate_total,2014,14209.795
egy,sex_t,geo_cov_urb,mts_aggregate_total,2015,14505.022
egy,sex_t,geo_cov_urb,mts_aggregate_total,2016,14951.622
egy,sex_t,geo_cov_urb,mts_aggregate_total,2017,16055.609
egy,sex_t,geo_cov_urb,mts_aggregate_total,2018,16246.49
egy,sex_t,geo_cov_urb,mts_aggregate_total,2019,17129.849
egy,sex_t,geo_cov_urb,mts_aggregate_total,2020,15203.438
egy,sex_t,geo_cov_urb,mts_aggregate_x,2008,1193.544
egy,sex_t,geo_cov_urb,mts_aggregate_x,2009,1238.469
egy,sex_t,geo_cov_urb,mts_aggregate_x,2010,1763.544
egy,sex_t,geo_cov_urb,mts_aggregate_x,2011,1921.758
egy,sex_t,geo_cov_urb,mts_aggregate_x,2012,2007.669
egy,sex_t,geo_cov_urb,mts_aggregate_x,2013,2035.755
egy,sex_t,geo_cov_urb,mts_aggregate_x,2014,2065.826
egy,sex_t,geo_cov_urb,mts_aggregate_x,2015,2396.273
egy,sex_t,geo_cov_urb,mts_aggregate_x,2016,35.7
egy,sex_t,geo_cov_urb,mts_aggregate_x,2017,40.448
egy,sex_t,geo_cov_urb,mts_aggregate_x,2018,39.524
egy,sex_t,geo_cov_urb,mts_aggregate_x,2019,3.28
egy,sex_t,geo_cov_urb,mts_aggregate_x,2020,2469.015
egy,sex_t,geo_cov_urb,mts_details_mrd,2008,6502.144
egy,sex_t,geo_cov_urb,mts_details_mrd,2009,6635.617
egy,sex_t,geo_cov_urb,mts_details_mrd,2010,6756.743
egy,sex_t,geo_cov_urb,mts_details_mrd,2011,6937.665
egy,sex_t,geo_cov_urb,mts_details_mrd,2012,7153.401
egy,sex_t,geo_cov_urb,mts_details_mrd,2013,7261.493
egy,sex_t,geo_cov_urb,mts_details_mrd,2014,7417.725
egy,sex_t,geo_cov_urb,mts_details_mrd,2015,6882.712
egy,sex_t,geo_cov_urb,mts_details_mrd,2016,7055.756
egy,sex_t,geo_cov_urb,mts_details_mrd,2017,7319.674
egy,sex_t,geo_cov_urb,mts_details_mrd,2018,7428.705
egy,sex_t,geo_cov_urb,mts_details_mrd,2019,7947.752
egy,sex_t,geo_cov_urb,mts_details_mrd,2020,7020.612
egy,sex_t,geo_cov_urb,mts_details_sep,2008,114.5
egy,sex_t,geo_cov_urb,mts_details_sep,2009,117.912
egy,sex_t,geo_cov_urb,mts_details_sep,2010,128.825
egy,sex_t,geo_cov_urb,mts_details_sep,2011,147.54
egy,sex_t,geo_cov_urb,mts_details_sep,2012,141.693
egy,sex_t,geo_cov_urb,mts_details_sep,2013,156.952
egy,sex_t,geo_cov_urb,mts_details_sep,2014,176.325
egy,sex_t,geo_cov_urb,mts_details_sep,2015,182.293
egy,sex_t,geo_cov_urb,mts_details_sep,2016,208.403
egy,sex_t,geo_cov_urb,mts_details_sep,2017,220.076
egy,sex_t,geo_cov_urb,mts_details_sep,2018,256.627
egy,sex_t,geo_cov_urb,mts_details_sep,2019,320.672
egy,sex_t,geo_cov_urb,mts_details_sep,2020,274.483
egy,sex_t,geo_cov_urb,mts_details_sgle,2008,3567.459
egy,sex_t,geo_cov_urb,mts_details_sgle,2009,3488.504
egy,sex_t,geo_cov_urb,mts_details_sgle,2010,2508.764
egy,sex_t,geo_cov_urb,mts_details_sgle,2011,2524.576
egy,sex_t,geo_cov_urb,mts_details_sgle,2012,2479.205
egy,sex_t,geo_cov_urb,mts_details_sgle,2013,2499.852
egy,sex_t,geo_cov_urb,mts_details_sgle,2014,2741.624
egy,sex_t,geo_cov_urb,mts_details_sgle,2015,3689.454
egy,sex_t,geo_cov_urb,mts_details_sgle,2016,6270.463
egy,sex_t,geo_cov_urb,mts_details_sgle,2017,7022.061
egy,sex_t,geo_cov_urb,mts_details_sgle,2018,7012.788
egy,sex_t,geo_cov_urb,mts_details_sgle,2019,7484.419
egy,sex_t,geo_cov_urb,mts_details_sgle,2020,4217.012
egy,sex_t,geo_cov_urb,mts_details_total,2008,12856.857
egy,sex_t,geo_cov_urb,mts_details_total,2009,13074.866
egy,sex_t,geo_cov_urb,mts_details_total,2010,12543.901
egy,sex_t,geo_cov_urb,mts_details_total,2011,13044.793
egy,sex_t,geo_cov_urb,mts_details_total,2012,13418.295
egy,sex_t,geo_cov_urb,mts_details_total,2013,13681.696
egy,sex_t,geo_cov_urb,mts_details_total,2014,14209.795
egy,sex_t,geo_cov_urb,mts_details_total,2015,14505.022
egy,sex_t,geo_cov_urb,mts_details_total,2016,14951.622
egy,sex_t,geo_cov_urb,mts_details_total,2017,16055.609
egy,sex_t,geo_cov_urb,mts_details_total,2018,16246.49
egy,sex_t,geo_cov_urb,mts_details_total,2019,17129.849
egy,sex_t,geo_cov_urb,mts_details_total,2020,15203.438
egy,sex_t,geo_cov_urb,mts_details_wid,2008,1479.21
egy,sex_t,geo_cov_urb,mts_details_wid,2009,1594.364
egy,sex_t,geo_cov_urb,mts_details_wid,2010,1386.024
egy,sex_t,geo_cov_urb,mts_details_wid,2011,1513.255
egy,sex_t,geo_cov_urb,mts_details_wid,2012,1636.326
egy,sex_t,geo_cov_urb,mts_details_wid,2013,1727.644
egy,sex_t,geo_cov_urb,mts_details_wid,2014,1808.295
egy,sex_t,geo_cov_urb,mts_details_wid,2015,1354.29
egy,sex_t,geo_cov_urb,mts_details_wid,2016,1381.3
egy,sex_t,geo_cov_urb,mts_details_wid,2017,1453.35
egy,sex_t,geo_cov_urb,mts_details_wid,2018,1508.846
egy,sex_t,geo_cov_urb,mts_details_wid,2019,1373.726
egy,sex_t,geo_cov_urb,mts_details_wid,2020,1222.317
egy,sex_t,geo_cov_urb,mts_details_x,2008,1193.544
egy,sex_t,geo_cov_urb,mts_details_x,2009,1238.469
egy,sex_t,geo_cov_urb,mts_details_x,2010,1763.544
egy,sex_t,geo_cov_urb,mts_details_x,2011,1921.758
egy,sex_t,geo_cov_urb,mts_details_x,2012,2007.669
egy,sex_t,geo_cov_urb,mts_details_x,2013,2035.755
egy,sex_t,geo_cov_urb,mts_details_x,2014,2065.826
egy,sex_t,geo_cov_urb,mts_details_x,2015,2396.273
egy,sex_t,geo_cov_urb,mts_details_x,2016,35.7
egy,sex_t,geo_cov_urb,mts_details_x,2017,40.448
egy,sex_t,geo_cov_urb,mts_details_x,2018,39.524
egy,sex_t,geo_cov_urb,mts_details_x,2019,3.28
egy,sex_t,geo_cov_urb,mts_details_x,2020,2469.015
esp,sex_f,geo_cov_nat,mts_aggregate_1,1992,4352.168
esp,sex_f,geo_cov_nat,mts_aggregate_1,1993,4415.615
esp,sex_f,geo_cov_nat,mts_aggregate_1,1994,4417.595
esp,sex_f,geo_cov_nat,mts_aggregate_1,1995,4462.985
esp,sex_f,geo_cov_nat,mts_aggregate_1,1996,4526.566
esp,sex_f,geo_cov_nat,mts_aggregate_1,1997,4524.618
esp,sex_f,geo_cov_nat,mts_aggregate_1,1998,4520.826
esp,sex_f,geo_cov_nat,mts_aggregate_1,1999,4499.495
esp,sex_f,geo_cov_nat,mts_aggregate_1,2000,4407.017
esp,sex_f,geo_cov_nat,mts_aggregate_1,2001,4596.762
esp,sex_f,geo_cov_nat,mts_aggregate_1,2002,4721.381
esp,sex_f,geo_cov_nat,mts_aggregate_1,2003,4633.243
esp,sex_f,geo_cov_nat,mts_aggregate_1,2004,4620.119
esp,sex_f,geo_cov_nat,mts_aggregate_1,2005,4576.621
esp,sex_f,geo_cov_nat,mts_aggregate_1,2006,4529.315
esp,sex_f,geo_cov_nat,mts_aggregate_1,2007,4594.892
esp,sex_f,geo_cov_nat,mts_aggregate_1,2008,4576.609
esp,sex_f,geo_cov_nat,mts_aggregate_1,2009,4580.255
esp,sex_f,geo_cov_nat,mts_aggregate_1,2010,4572.905
esp,sex_f,geo_cov_nat,mts_aggregate_1,2011,4571.95
esp,sex_f,geo_cov_nat,mts_aggregate_1,2012,4558.274
esp,sex_f,geo_cov_nat,mts_aggregate_1,2013,4687.816
esp,sex_f,geo_cov_nat,mts_aggregate_1,2014,4719.698
esp,sex_f,geo_cov_nat,mts_aggregate_1,2015,4771.457
esp,sex_f,geo_cov_nat,mts_aggregate_1,2016,4766.313
esp,sex_f,geo_cov_nat,mts_aggregate_1,2017,4915.936
esp,sex_f,geo_cov_nat,mts_aggregate_1,2018,4977.771
esp,sex_f,geo_cov_nat,mts_aggregate_1,2019,4978.122
esp,sex_f,geo_cov_nat,mts_aggregate_1,2020,5269.367
esp,sex_f,geo_cov_nat,mts_aggregate_2,1992,6294.251
esp,sex_f,geo_cov_nat,mts_aggregate_2,1993,6234.814
esp,sex_f,geo_cov_nat,mts_aggregate_2,1994,6113.226
esp,sex_f,geo_cov_nat,mts_aggregate_2,1995,6077.91
esp,sex_f,geo_cov_nat,mts_aggregate_2,1996,6024.675
esp,sex_f,geo_cov_nat,mts_aggregate_2,1997,6007.246
esp,sex_f,geo_cov_nat,mts_aggregate_2,1998,6038.37
esp,sex_f,geo_cov_nat,mts_aggregate_2,1999,6031.524
esp,sex_f,geo_cov_nat,mts_aggregate_2,2000,5952.728
esp,sex_f,geo_cov_nat,mts_aggregate_2,2001,6094.589
esp,sex_f,geo_cov_nat,mts_aggregate_2,2002,5693.447
esp,sex_f,geo_cov_nat,mts_aggregate_2,2003,5678.153
esp,sex_f,geo_cov_nat,mts_aggregate_2,2004,5580.255
esp,sex_f,geo_cov_nat,mts_aggregate_2,2005,5520.566
esp,sex_f,geo_cov_nat,mts_aggregate_2,2006,5432.996
esp,sex_f,geo_cov_nat,mts_aggregate_2,2007,5333.541
esp,sex_f,geo_cov_nat,mts_aggregate_2,2008,5226.597
esp,sex_f,geo_cov_nat,mts_aggregate_2,2009,5068.697
esp,sex_f,geo_cov_nat,mts_aggregate_2,2010,4963.125
esp,sex_f,geo_cov_nat,mts_aggregate_2,2011,4878.529
esp,sex_f,geo_cov_nat,mts_aggregate_2,2012,4762.383
esp,sex_f,geo_cov_nat,mts_aggregate_2,2013,4623.726
esp,sex_f,geo_cov_nat,mts_aggregate_2,2014,4631.326
esp,sex_f,geo_cov_nat,mts_aggregate_2,2015,4586.041
esp,sex_f,geo_cov_nat,mts_aggregate_2,2016,4627.192
esp,sex_f,geo_cov_nat,mts_aggregate_2,2017,4590.747
esp,sex_f,geo_cov_nat,mts_aggregate_2,2018,4637.441
esp,sex_f,geo_cov_nat,mts_aggregate_2,2019,4676.406
esp,sex_f,geo_cov_nat,mts_aggregate_2,2020,4689.14
esp,sex_f,geo_cov_nat,mts_aggregate_total,1992,10646.419
esp,sex_f,geo_cov_nat,mts_aggregate_total,1993,10650.429
esp,sex_f,geo_cov_nat,mts_aggregate_total,1994,10530.821
esp,sex_f,geo_cov_nat,mts_aggregate_total,1995,10540.895
esp,sex_f,geo_cov_nat,mts_aggregate_total,1996,10551.241
esp,sex_f,geo_cov_nat,mts_aggregate_total,1997,10531.864
esp,sex_f,geo_cov_nat,mts_aggregate_total,1998,10559.196
esp,sex_f,geo_cov_nat,mts_aggregate_total,1999,10531.019
esp,sex_f,geo_cov_nat,mts_aggregate_total,2000,10359.744
esp,sex_f,geo_cov_nat,mts_aggregate_total,2001,10691.351
esp,sex_f,geo_cov_nat,mts_aggregate_total,2002,10414.828
esp,sex_f,geo_cov_nat,mts_aggregate_total,2003,10311.396
esp,sex_f,geo_cov_nat,mts_aggregate_total,2004,10200.373
esp,sex_f,geo_cov_nat,mts_aggregate_total,2005,10097.187
esp,sex_f,geo_cov_nat,mts_aggregate_total,2006,9962.31
esp,sex_f,geo_cov_nat,mts_aggregate_total,2007,9928.433
esp,sex_f,geo_cov_nat,mts_aggregate_total,2008,9803.205
esp,sex_f,geo_cov_nat,mts_aggregate_total,2009,9648.952
esp,sex_f,geo_cov_nat,mts_aggregate_total,2010,9536.03
esp,sex_f,geo_cov_nat,mts_aggregate_total,2011,9450.478
esp,sex_f,geo_cov_nat,mts_aggregate_total,2012,9320.657
esp,sex_f,geo_cov_nat,mts_aggregate_total,2013,9311.541
esp,sex_f,geo_cov_nat,mts_aggregate_total,2014,9351.024
esp,sex_f,geo_cov_nat,mts_aggregate_total,2015,9357.499
esp,sex_f,geo_cov_nat,mts_aggregate_total,2016,9393.505
esp,sex_f,geo_cov_nat,mts_aggregate_total,2017,9506.683
esp,sex_f,geo_cov_nat,mts_aggregate_total,2018,9615.212
esp,sex_f,geo_cov_nat,mts_aggregate_total,2019,9654.528
esp,sex_f,geo_cov_nat,mts_aggregate_total,2020,9958.507
esp,sex_f,geo_cov_rur,mts_aggregate_1,1992,1291.911
esp,sex_f,geo_cov_rur,mts_aggregate_1,1993,1318.84
esp,sex_f,geo_cov_rur,mts_aggregate_1,1994,1322.068
esp,sex_f,geo_cov_rur,mts_aggregate_1,1995,1308.185
esp,sex_f,geo_cov_rur,mts_aggregate_1,1996,1316.309
esp,sex_f,geo_cov_rur,mts_aggregate_1,1997,1300.524
esp,sex_f,geo_cov_rur,mts_aggregate_1,1998,1302.224
esp,sex_f,geo_cov_rur,mts_aggregate_1,1999,1317.276
esp,sex_f,geo_cov_rur,mts_aggregate_1,2000,1284.469
esp,sex_f,geo_cov_rur,mts_aggregate_1,2001,1314.851
esp,sex_f,geo_cov_rur,mts_aggregate_1,2002,1385.636
esp,sex_f,geo_cov_rur,mts_aggregate_1,2003,1377.912
esp,sex_f,geo_cov_rur,mts_aggregate_1,2004,1384.031
esp,sex_f,geo_cov_rur,mts_aggregate_1,2005,1288.461
esp,sex_f,geo_cov_rur,mts_aggregate_1,2006,1267.254
esp,sex_f,geo_cov_rur,mts_aggregate_1,2007,1256.651
esp,sex_f,geo_cov_rur,mts_aggregate_1,2008,1284.485
esp,sex_f,geo_cov_rur,mts_aggregate_1,2009,1321.168
esp,sex_f,geo_cov_rur,mts_aggregate_1,2010,1222.699
esp,sex_f,geo_cov_rur,mts_aggregate_1,2011,1221.496
esp,sex_f,geo_cov_rur,mts_aggregate_1,2012,1264.307
esp,sex_f,geo_cov_rur,mts_aggregate_1,2013,1282.924
esp,sex_f,geo_cov_rur,mts_aggregate_1,2014,1276.914
esp,sex_f,geo_cov_rur,mts_aggregate_1,2015,1315.59
esp,sex_f,geo_cov_rur,mts_aggregate_1,2016,1214.101
esp,sex_f,geo_cov_rur,mts_aggregate_1,2017,719.944
esp,sex_f,geo_cov_rur,mts_aggregate_1,2018,716.335
esp,sex_f,geo_cov_rur,mts_aggregate_1,2019,691.509
esp,sex_f,geo_cov_rur,mts_aggregate_1,2020,736.503
esp,sex_f,geo_cov_rur,mts_aggregate_2,1992,2012.813
esp,sex_f,geo_cov_rur,mts_aggregate_2,1993,2016.178
esp,sex_f,geo_cov_rur,mts_aggregate_2,1994,1994.711
esp,sex_f,geo_cov_rur,mts_aggregate_2,1995,1957.226
esp,sex_f,geo_cov_rur,mts_aggregate_2,1996,1920.031
esp,sex_f,geo_cov_rur,mts_aggregate_2,1997,1895.653
esp,sex_f,geo_cov_rur,mts_aggregate_2,1998,1900.053
esp,sex_f,geo_cov_rur,mts_aggregate_2,1999,1926.172
esp,sex_f,geo_cov_rur,mts_aggregate_2,2000,1856.019
esp,sex_f,geo_cov_rur,mts_aggregate_2,2001,1902.366
esp,sex_f,geo_cov_rur,mts_aggregate_2,2002,1773.568
esp,sex_f,geo_cov_rur,mts_aggregate_2,2003,1752.987
esp,sex_f,geo_cov_rur,mts_aggregate_2,2004,1736.302
esp,sex_f,geo_cov_rur,mts_aggregate_2,2005,1681.026
esp,sex_f,geo_cov_rur,mts_aggregate_2,2006,1668.908
esp,sex_f,geo_cov_rur,mts_aggregate_2,2007,1607.213
esp,sex_f,geo_cov_rur,mts_aggregate_2,2008,1562.436
esp,sex_f,geo_cov_rur,mts_aggregate_2,2009,1572.882
esp,sex_f,geo_cov_rur,mts_aggregate_2,2010,1499.815
esp,sex_f,geo_cov_rur,mts_aggregate_2,2011,1392.402
esp,sex_f,geo_cov_rur,mts_aggregate_2,2012,1442.672
esp,sex_f,geo_cov_rur,mts_aggregate_2,2013,1358.603
esp,sex_f,geo_cov_rur,mts_aggregate_2,2014,1315.446
esp,sex_f,geo_cov_rur,mts_aggregate_2,2015,1388.038
esp,sex_f,geo_cov_rur,mts_aggregate_2,2016,1374.263
esp,sex_f,geo_cov_rur,mts_aggregate_2,2017,735.408
esp,sex_f,geo_cov_rur,mts_aggregate_2,2018,724.286
esp,sex_f,geo_cov_rur,mts_aggregate_2,2019,737.031
esp,sex_f,geo_cov_rur,mts_aggregate_2,2020,708.498
esp,sex_f,geo_cov_rur,mts_aggregate_total,1992,3304.723
esp,sex_f,geo_cov_rur,mts_aggregate_total,1993,3335.018
esp,sex_f,geo_cov_rur,mts_aggregate_total,1994,3316.779
esp,sex_f,geo_cov_rur,mts_aggregate_total,1995,3265.412
esp,sex_f,geo_cov_rur,mts_aggregate_total,1996,3236.34
esp,sex_f,geo_cov_rur,mts_aggregate_total,1997,3196.176
esp,sex_f,geo_cov_rur,mts_aggregate_total,1998,3202.277
esp,sex_f,geo_cov_rur,mts_aggregate_total,1999,3243.447
esp,sex_f,geo_cov_rur,mts_aggregate_total,2000,3140.488
esp,sex_f,geo_cov_rur,mts_aggregate_total,2001,3217.216
esp,sex_f,geo_cov_rur,mts_aggregate_total,2002,3159.205
esp,sex_f,geo_cov_rur,mts_aggregate_total,2003,3130.899
esp,sex_f,geo_cov_rur,mts_aggregate_total,2004,3120.333
esp,sex_f,geo_cov_rur,mts_aggregate_total,2005,2969.488
esp,sex_f,geo_cov_rur,mts_aggregate_total,2006,2936.161
esp,sex_f,geo_cov_rur,mts_aggregate_total,2007,2863.864
esp,sex_f,geo_cov_rur,mts_aggregate_total,2008,2846.92
esp,sex_f,geo_cov_rur,mts_aggregate_total,2009,2894.05
esp,sex_f,geo_cov_rur,mts_aggregate_total,2010,2722.514
esp,sex_f,geo_cov_rur,mts_aggregate_total,2011,2613.899
esp,sex_f,geo_cov_rur,mts_aggregate_total,2012,2706.979
esp,sex_f,geo_cov_rur,mts_aggregate_total,2013,2641.526
esp,sex_f,geo_cov_rur,mts_aggregate_total,2014,2592.36
esp,sex_f,geo_cov_rur,mts_aggregate_total,2015,2703.627
esp,sex_f,geo_cov_rur,mts_aggregate_total,2016,2588.364
esp,sex_f,geo_cov_rur,mts_aggregate_total,2017,1455.352
esp,sex_f,geo_cov_rur,mts_aggregate_total,2018,1440.621
esp,sex_f,geo_cov_rur,mts_aggregate_total,2019,1428.54
esp,sex_f,geo_cov_rur,mts_aggregate_total,2020,1445.001
esp,sex_f,geo_cov_urb,mts_aggregate_1,1992,3060.257
esp,sex_f,geo_cov_urb,mts_aggregate_1,1993,3096.774
esp,sex_f,geo_cov_urb,mts_aggregate_1,1994,3095.527
esp,sex_f,geo_cov_urb,mts_aggregate_1,1995,3154.799
esp,sex_f,geo_cov_urb,mts_aggregate_1,1996,3210.257
esp,sex_f,geo_cov_urb,mts_aggregate_1,1997,3224.094
esp,sex_f,geo_cov_urb,mts_aggregate_1,1998,3218.602
esp,sex_f,geo_cov_urb,mts_aggregate_1,1999,3182.219
esp,sex_f,geo_cov_urb,mts_aggregate_1,2000,3122.548
esp,sex_f,geo_cov_urb,mts_aggregate_1,2001,3281.912
esp,sex_f,geo_cov_urb,mts_aggregate_1,2002,3335.744
esp,sex_f,geo_cov_urb,mts_aggregate_1,2003,3255.33
esp,sex_f,geo_cov_urb,mts_aggregate_1,2004,3236.088
esp,sex_f,geo_cov_urb,mts_aggregate_1,2005,3288.16
esp,sex_f,geo_cov_urb,mts_aggregate_1,2006,3262.061
esp,sex_f,geo_cov_urb,mts_aggregate_1,2007,3338.241
esp,sex_f,geo_cov_urb,mts_aggregate_1,2008,3292.124
esp,sex_f,geo_cov_urb,mts_aggregate_1,2009,3259.087
esp,sex_f,geo_cov_urb,mts_aggregate_1,2010,3350.206
esp,sex_f,geo_cov_urb,mts_aggregate_1,2011,3350.453
esp,sex_f,geo_cov_urb,mts_aggregate_1,2012,3293.968
esp,sex_f,geo_cov_urb,mts_aggregate_1,2013,3404.892
esp,sex_f,geo_cov_urb,mts_aggregate_1,2014,3442.784
esp,sex_f,geo_cov_urb,mts_aggregate_1,2015,3455.868
esp,sex_f,geo_cov_urb,mts_aggregate_1,2016,3552.212
esp,sex_f,geo_cov_urb,mts_aggregate_1,2017,4195.992
esp,sex_f,geo_cov_urb,mts_aggregate_1,2018,4261.437
esp,sex_f,geo_cov_urb,mts_aggregate_1,2019,4286.614
esp,sex_f,geo_cov_urb,mts_aggregate_1,2020,4532.864
esp,sex_f,geo_cov_urb,mts_aggregate_2,1992,4281.438
esp,sex_f,geo_cov_urb,mts_aggregate_2,1993,4218.636
esp,sex_f,geo_cov_urb,mts_aggregate_2,1994,4118.515
esp,sex_f,geo_cov_urb,mts_aggregate_2,1995,4120.684
esp,sex_f,geo_cov_urb,mts_aggregate_2,1996,4104.644
esp,sex_f,geo_cov_urb,mts_aggregate_2,1997,4111.594
esp,sex_f,geo_cov_urb,mts_aggregate_2,1998,4138.317
esp,sex_f,geo_cov_urb,mts_aggregate_2,1999,4105.352
esp,sex_f,geo_cov_urb,mts_aggregate_2,2000,4096.709
esp,sex_f,geo_cov_urb,mts_aggregate_2,2001,4192.223
esp,sex_f,geo_cov_urb,mts_aggregate_2,2002,3919.879
esp,sex_f,geo_cov_urb,mts_aggregate_2,2003,3925.166
esp,sex_f,geo_cov_urb,mts_aggregate_2,2004,3843.953
esp,sex_f,geo_cov_urb,mts_aggregate_2,2005,3839.54
esp,sex_f,geo_cov_urb,mts_aggregate_2,2006,3764.088
esp,sex_f,geo_cov_urb,mts_aggregate_2,2007,3726.328
esp,sex_f,geo_cov_urb,mts_aggregate_2,2008,3664.161
esp,sex_f,geo_cov_urb,mts_aggregate_2,2009,3495.815
esp,sex_f,geo_cov_urb,mts_aggregate_2,2010,3463.31
esp,sex_f,geo_cov_urb,mts_aggregate_2,2011,3486.127
esp,sex_f,geo_cov_urb,mts_aggregate_2,2012,3319.711
esp,sex_f,geo_cov_urb,mts_aggregate_2,2013,3265.123
esp,sex_f,geo_cov_urb,mts_aggregate_2,2014,3315.88
esp,sex_f,geo_cov_urb,mts_aggregate_2,2015,3198.004
esp,sex_f,geo_cov_urb,mts_aggregate_2,2016,3252.929
esp,sex_f,geo_cov_urb,mts_aggregate_2,2017,3855.339
esp,sex_f,geo_cov_urb,mts_aggregate_2,2018,3913.154
esp,sex_f,geo_cov_urb,mts_aggregate_2,2019,3939.375
esp,sex_f,geo_cov_urb,mts_aggregate_2,2020,3980.642
esp,sex_f,geo_cov_urb,mts_aggregate_total,1992,7341.696
esp,sex_f,geo_cov_urb,mts_aggregate_total,1993,7315.411
esp,sex_f,geo_cov_urb,mts_aggregate_total,1994,7214.042
esp,sex_f,geo_cov_urb,mts_aggregate_total,1995,7275.483
esp,sex_f,geo_cov_urb,mts_aggregate_total,1996,7314.901
esp,sex_f,geo_cov_urb,mts_aggregate_total,1997,7335.688
esp,sex_f,geo_cov_urb,mts_aggregate_total,1998,7356.918
esp,sex_f,geo_cov_urb,mts_aggregate_total,1999,7287.571
esp,sex_f,geo_cov_urb,mts_aggregate_total,2000,7219.256
esp,sex_f,geo_cov_urb,mts_aggregate_total,2001,7474.135
esp,sex_f,geo_cov_urb,mts_aggregate_total,2002,7255.623
esp,sex_f,geo_cov_urb,mts_aggregate_total,2003,7180.496
esp,sex_f,geo_cov_urb,mts_aggregate_total,2004,7080.041
esp,sex_f,geo_cov_urb,mts_aggregate_total,2005,7127.7
esp,sex_f,geo_cov_urb,mts_aggregate_total,2006,7026.149
esp,sex_f,geo_cov_urb,mts_aggregate_total,2007,7064.569
esp,sex_f,geo_cov_urb,mts_aggregate_total,2008,6956.285
esp,sex_f,geo_cov_urb,mts_aggregate_total,2009,6754.902
esp,sex_f,geo_cov_urb,mts_aggregate_total,2010,6813.516
esp,sex_f,geo_cov_urb,mts_aggregate_total,2011,6836.58
esp,sex_f,geo_cov_urb,mts_aggregate_total,2012,6613.679
esp,sex_f,geo_cov_urb,mts_aggregate_total,2013,6670.015
esp,sex_f,geo_cov_urb,mts_aggregate_total,2014,6758.664
esp,sex_f,geo_cov_urb,mts_aggregate_total,2015,6653.871
esp,sex_f,geo_cov_urb,mts_aggregate_total,2016,6805.141
esp,sex_f,geo_cov_urb,mts_aggregate_total,2017,8051.331
esp,sex_f,geo_cov_urb,mts_aggregate_total,2018,8174.591
esp,sex_f,geo_cov_urb,mts_aggregate_total,2019,8225.988
esp,sex_f,geo_cov_urb,mts_aggregate_total,2020,8513.506
esp,sex_m,geo_cov_nat,mts_aggregate_1,1992,2474.193
esp,sex_m,geo_cov_nat,mts_aggregate_1,1993,2536.108
esp,sex_m,geo_cov_nat,mts_aggregate_1,1994,2564.019
esp,sex_m,geo_cov_nat,mts_aggregate_1,1995,2687.88
esp,sex_m,geo_cov_nat,mts_aggregate_1,1996,2695.084
esp,sex_m,geo_cov_nat,mts_aggregate_1,1997,2658.087
esp,sex_m,geo_cov_nat,mts_aggregate_1,1998,2646.198
esp,sex_m,geo_cov_nat,mts_aggregate_1,1999,2594.115
esp,sex_m,geo_cov_nat,mts_aggregate_1,2000,2571.236
esp,sex_m,geo_cov_nat,mts_aggregate_1,2001,2612.521
esp,sex_m,geo_cov_nat,mts_aggregate_1,2002,2796.001
esp,sex_m,geo_cov_nat,mts_aggregate_1,2003,2747.378
esp,sex_m,geo_cov_nat,mts_aggregate_1,2004,2729.842
esp,sex_m,geo_cov_nat,mts_aggregate_1,2005,2659.407
esp,sex_m,geo_cov_nat,mts_aggregate_1,2006,2644.92
esp,sex_m,geo_cov_nat,mts_aggregate_1,2007,2706.633
esp,sex_m,geo_cov_nat,mts_aggregate_1,2008,2707.461
esp,sex_m,geo_cov_nat,mts_aggregate_1,2009,2875.091
esp,sex_m,geo_cov_nat,mts_aggregate_1,2010,2872.636
esp,sex_m,geo_cov_nat,mts_aggregate_1,2011,2869.816
esp,sex_m,geo_cov_nat,mts_aggregate_1,2012,2945.8
esp,sex_m,geo_cov_nat,mts_aggregate_1,2013,3010.889
esp,sex_m,geo_cov_nat,mts_aggregate_1,2014,3056.698
esp,sex_m,geo_cov_nat,mts_aggregate_1,2015,3090.312
esp,sex_m,geo_cov_nat,mts_aggregate_1,2016,3191.013
esp,sex_m,geo_cov_nat,mts_aggregate_1,2017,3187.325
esp,sex_m,geo_cov_nat,mts_aggregate_1,2018,3282.414
esp,sex_m,geo_cov_nat,mts_aggregate_1,2019,3303.453
esp,sex_m,geo_cov_nat,mts_aggregate_1,2020,3569.682
esp,sex_m,geo_cov_nat,mts_aggregate_2,1992,2660.614
esp,sex_m,geo_cov_nat,mts_aggregate_2,1993,2736.347
esp,sex_m,geo_cov_nat,mts_aggregate_2,1994,2835.703
esp,sex_m,geo_cov_nat,mts_aggregate_2,1995,2900.075
esp,sex_m,geo_cov_nat,mts_aggregate_2,1996,2945.906
esp,sex_m,geo_cov_nat,mts_aggregate_2,1997,3015.644
esp,sex_m,geo_cov_nat,mts_aggregate_2,1998,3047.699
esp,sex_m,geo_cov_nat,mts_aggregate_2,1999,3096.842
esp,sex_m,geo_cov_nat,mts_aggregate_2,2000,3097.284
esp,sex_m,geo_cov_nat,mts_aggregate_2,2001,3187.479
esp,sex_m,geo_cov_nat,mts_aggregate_2,2002,3011.323
esp,sex_m,geo_cov_nat,mts_aggregate_2,2003,3051.9
esp,sex_m,geo_cov_nat,mts_aggregate_2,2004,3089.768
esp,sex_m,geo_cov_nat,mts_aggregate_2,2005,3132.301
esp,sex_m,geo_cov_nat,mts_aggregate_2,2006,3176.544
esp,sex_m,geo_cov_nat,mts_aggregate_2,2007,3222.206
esp,sex_m,geo_cov_nat,mts_aggregate_2,2008,3272.665
esp,sex_m,geo_cov_nat,mts_aggregate_2,2009,3305.647
esp,sex_m,geo_cov_nat,mts_aggregate_2,2010,3411.872
esp,sex_m,geo_cov_nat,mts_aggregate_2,2011,3514.874
esp,sex_m,geo_cov_nat,mts_aggregate_2,2012,3535.682
esp,sex_m,geo_cov_nat,mts_aggregate_2,2013,3543.34
esp,sex_m,geo_cov_nat,mts_aggregate_2,2014,3569.427
esp,sex_m,geo_cov_nat,mts_aggregate_2,2015,3594.072
esp,sex_m,geo_cov_nat,mts_aggregate_2,2016,3588.915
esp,sex_m,geo_cov_nat,mts_aggregate_2,2017,3695.52
esp,sex_m,geo_cov_nat,mts_aggregate_2,2018,3669.222
esp,sex_m,geo_cov_nat,mts_aggregate_2,2019,3770.787
esp,sex_m,geo_cov_nat,mts_aggregate_2,2020,3817.827
esp,sex_m,geo_cov_nat,mts_aggregate_total,1992,5134.807
esp,sex_m,geo_cov_nat,mts_aggregate_total,1993,5272.455
esp,sex_m,geo_cov_nat,mts_aggregate_total,1994,5399.722
esp,sex_m,geo_cov_nat,mts_aggregate_total,1995,5587.955
esp,sex_m,geo_cov_nat,mts_aggregate_total,1996,5640.99
esp,sex_m,geo_cov_nat,mts_aggregate_total,1997,5673.731
esp,sex_m,geo_cov_nat,mts_aggregate_total,1998,5693.896
esp,sex_m,geo_cov_nat,mts_aggregate_total,1999,5690.957
esp,sex_m,geo_cov_nat,mts_aggregate_total,2000,5668.52
esp,sex_m,geo_cov_nat,mts_aggregate_total,2001,5799.999
esp,sex_m,geo_cov_nat,mts_aggregate_total,2002,5807.324
esp,sex_m,geo_cov_nat,mts_aggregate_total,2003,5799.278
esp,sex_m,geo_cov_nat,mts_aggregate_total,2004,5819.61
esp,sex_m,geo_cov_nat,mts_aggregate_total,2005,5791.708
esp,sex_m,geo_cov_nat,mts_aggregate_total,2006,5821.464
esp,sex_m,geo_cov_nat,mts_aggregate_total,2007,5928.84
esp,sex_m,geo_cov_nat,mts_aggregate_total,2008,5980.125
esp,sex_m,geo_cov_nat,mts_aggregate_total,2009,6180.738
esp,sex_m,geo_cov_nat,mts_aggregate_total,2010,6284.507
esp,sex_m,geo_cov_nat,mts_aggregate_total,2011,6384.69
esp,sex_m,geo_cov_nat,mts_aggregate_total,2012,6481.482
esp,sex_m,geo_cov_nat,mts_aggregate_total,2013,6554.229
esp,sex_m,geo_cov_nat,mts_aggregate_total,2014,6626.126
esp,sex_m,geo_cov_nat,mts_aggregate_total,2015,6684.383
esp,sex_m,geo_cov_nat,mts_aggregate_total,2016,6779.927
esp,sex_m,geo_cov_nat,mts_aggregate_total,2017,6882.845
esp,sex_m,geo_cov_nat,mts_aggregate_total,2018,6951.636
esp,sex_m,geo_cov_nat,mts_aggregate_total,2019,7074.239
esp,sex_m,geo_cov_nat,mts_aggregate_total,2020,7387.509
esp,sex_m,geo_cov_rur,mts_aggregate_1,1992,728.275
esp,sex_m,geo_cov_rur,mts_aggregate_1,1993,744.893
esp,sex_m,geo_cov_rur,mts_aggregate_1,1994,746.546
esp,sex_m,geo_cov_rur,mts_aggregate_1,1995,771.213
esp,sex_m,geo_cov_rur,mts_aggregate_1,1996,781.171
esp,sex_m,geo_cov_rur,mts_aggregate_1,1997,760.044
esp,sex_m,geo_cov_rur,mts_aggregate_1,1998,765.804
esp,sex_m,geo_cov_rur,mts_aggregate_1,1999,751.671
esp,sex_m,geo_cov_rur,mts_aggregate_1,2000,729.439
esp,sex_m,geo_cov_rur,mts_aggregate_1,2001,792.295
esp,sex_m,geo_cov_rur,mts_aggregate_1,2002,869.128
esp,sex_m,geo_cov_rur,mts_aggregate_1,2003,836.591
esp,sex_m,geo_cov_rur,mts_aggregate_1,2004,851.625
esp,sex_m,geo_cov_rur,mts_aggregate_1,2005,770.828
esp,sex_m,geo_cov_rur,mts_aggregate_1,2006,763.809
esp,sex_m,geo_cov_rur,mts_aggregate_1,2007,802.861
esp,sex_m,geo_cov_rur,mts_aggregate_1,2008,787.202
esp,sex_m,geo_cov_rur,mts_aggregate_1,2009,859.73
esp,sex_m,geo_cov_rur,mts_aggregate_1,2010,868.106
esp,sex_m,geo_cov_rur,mts_aggregate_1,2011,802.704
esp,sex_m,geo_cov_rur,mts_aggregate_1,2012,900.882
esp,sex_m,geo_cov_rur,mts_aggregate_1,2013,850.117
esp,sex_m,geo_cov_rur,mts_aggregate_1,2014,872.82
esp,sex_m,geo_cov_rur,mts_aggregate_1,2015,917.78
esp,sex_m,geo_cov_rur,mts_aggregate_1,2016,901.8
esp,sex_m,geo_cov_rur,mts_aggregate_1,2017,487.018
esp,sex_m,geo_cov_rur,mts_aggregate_1,2018,508.581
esp,sex_m,geo_cov_rur,mts_aggregate_1,2019,503.693
esp,sex_m,geo_cov_rur,mts_aggregate_1,2020,536.385
esp,sex_m,geo_cov_rur,mts_aggregate_2,1992,970.758
esp,sex_m,geo_cov_rur,mts_aggregate_2,1993,1006.034
esp,sex_m,geo_cov_rur,mts_aggregate_2,1994,1029.07
esp,sex_m,geo_cov_rur,mts_aggregate_2,1995,1032.62
esp,sex_m,geo_cov_rur,mts_aggregate_2,1996,1044.396
esp,sex_m,geo_cov_rur,mts_aggregate_2,1997,1063.543
esp,sex_m,geo_cov_rur,mts_aggregate_2,1998,1053.942
esp,sex_m,geo_cov_rur,mts_aggregate_2,1999,1080.184
esp,sex_m,geo_cov_rur,mts_aggregate_2,2000,1079.961
esp,sex_m,geo_cov_rur,mts_aggregate_2,2001,1077.647
esp,sex_m,geo_cov_rur,mts_aggregate_2,2002,1005.245
esp,sex_m,geo_cov_rur,mts_aggregate_2,2003,1022.292
esp,sex_m,geo_cov_rur,mts_aggregate_2,2004,1024.241
esp,sex_m,geo_cov_rur,mts_aggregate_2,2005,1002.29
esp,sex_m,geo_cov_rur,mts_aggregate_2,2006,1039.333
esp,sex_m,geo_cov_rur,mts_aggregate_2,2007,972.908
esp,sex_m,geo_cov_rur,mts_aggregate_2,2008,982.48
esp,sex_m,geo_cov_rur,mts_aggregate_2,2009,1038.672
esp,sex_m,geo_cov_rur,mts_aggregate_2,2010,1046.239
esp,sex_m,geo_cov_rur,mts_aggregate_2,2011,1023.313
esp,sex_m,geo_cov_rur,mts_aggregate_2,2012,1066.534
esp,sex_m,geo_cov_rur,mts_aggregate_2,2013,1029.813
esp,sex_m,geo_cov_rur,mts_aggregate_2,2014,1021.909
esp,sex_m,geo_cov_rur,mts_aggregate_2,2015,1050.028
esp,sex_m,geo_cov_rur,mts_aggregate_2,2016,1061.653
esp,sex_m,geo_cov_rur,mts_aggregate_2,2017,623.461
esp,sex_m,geo_cov_rur,mts_aggregate_2,2018,616.401
esp,sex_m,geo_cov_rur,mts_aggregate_2,2019,604.135
esp,sex_m,geo_cov_rur,mts_aggregate_2,2020,588.795
esp,sex_m,geo_cov_rur,mts_aggregate_total,1992,1699.033
esp,sex_m,geo_cov_rur,mts_aggregate_total,1993,1750.927
esp,sex_m,geo_cov_rur,mts_aggregate_total,1994,1775.617
esp,sex_m,geo_cov_rur,mts_aggregate_total,1995,1803.833
esp,sex_m,geo_cov_rur,mts_aggregate_total,1996,1825.567
esp,sex_m,geo_cov_rur,mts_aggregate_total,1997,1823.586
esp,sex_m,geo_cov_rur,mts_aggregate_total,1998,1819.746
esp,sex_m,geo_cov_rur,mts_aggregate_total,1999,1831.855
esp,sex_m,geo_cov_rur,mts_aggregate_total,2000,1809.4
esp,sex_m,geo_cov_rur,mts_aggregate_total,2001,1869.943
esp,sex_m,geo_cov_rur,mts_aggregate_total,2002,1874.374
esp,sex_m,geo_cov_rur,mts_aggregate_total,2003,1858.883
esp,sex_m,geo_cov_rur,mts_aggregate_total,2004,1875.866
esp,sex_m,geo_cov_rur,mts_aggregate_total,2005,1773.119
esp,sex_m,geo_cov_rur,mts_aggregate_total,2006,1803.142
esp,sex_m,geo_cov_rur,mts_aggregate_total,2007,1775.769
esp,sex_m,geo_cov_rur,mts_aggregate_total,2008,1769.682
esp,sex_m,geo_cov_rur,mts_aggregate_total,2009,1898.402
esp,sex_m,geo_cov_rur,mts_aggregate_total,2010,1914.344
esp,sex_m,geo_cov_rur,mts_aggregate_total,2011,1826.017
esp,sex_m,geo_cov_rur,mts_aggregate_total,2012,1967.416
esp,sex_m,geo_cov_rur,mts_aggregate_total,2013,1879.93
esp,sex_m,geo_cov_rur,mts_aggregate_total,2014,1894.729
esp,sex_m,geo_cov_rur,mts_aggregate_total,2015,1967.807
esp,sex_m,geo_cov_rur,mts_aggregate_total,2016,1963.453
esp,sex_m,geo_cov_rur,mts_aggregate_total,2017,1110.479
esp,sex_m,geo_cov_rur,mts_aggregate_total,2018,1124.982
esp,sex_m,geo_cov_rur,mts_aggregate_total,2019,1107.827
esp,sex_m,geo_cov_rur,mts_aggregate_total,2020,1125.18
esp,sex_m,geo_cov_urb,mts_aggregate_1,1992,1745.918
esp,sex_m,geo_cov_urb,mts_aggregate_1,1993,1791.215
esp,sex_m,geo_cov_urb,mts_aggregate_1,1994,1817.473
esp,sex_m,geo_cov_urb,mts_aggregate_1,1995,1916.666
esp,sex_m,geo_cov_urb,mts_aggregate_1,1996,1913.912
esp,sex_m,geo_cov_urb,mts_aggregate_1,1997,1898.043
esp,sex_m,geo_cov_urb,mts_aggregate_1,1998,1880.394
esp,sex_m,geo_cov_urb,mts_aggregate_1,1999,1842.444
esp,sex_m,geo_cov_urb,mts_aggregate_1,2000,1841.797
esp,sex_m,geo_cov_urb,mts_aggregate_1,2001,1820.225
esp,sex_m,geo_cov_urb,mts_aggregate_1,2002,1926.872
esp,sex_m,geo_cov_urb,mts_aggregate_1,2003,1910.787
esp,sex_m,geo_cov_urb,mts_aggregate_1,2004,1878.217
esp,sex_m,geo_cov_urb,mts_aggregate_1,2005,1888.579
esp,sex_m,geo_cov_urb,mts_aggregate_1,2006,1881.111
esp,sex_m,geo_cov_urb,mts_aggregate_1,2007,1903.773
esp,sex_m,geo_cov_urb,mts_aggregate_1,2008,1920.259
esp,sex_m,geo_cov_urb,mts_aggregate_1,2009,2015.362
esp,sex_m,geo_cov_urb,mts_aggregate_1,2010,2004.53
esp,sex_m,geo_cov_urb,mts_aggregate_1,2011,2067.112
esp,sex_m,geo_cov_urb,mts_aggregate_1,2012,2044.917
esp,sex_m,geo_cov_urb,mts_aggregate_1,2013,2160.772
esp,sex_m,geo_cov_urb,mts_aggregate_1,2014,2183.879
esp,sex_m,geo_cov_urb,mts_aggregate_1,2015,2172.532
esp,sex_m,geo_cov_urb,mts_aggregate_1,2016,2289.212
esp,sex_m,geo_cov_urb,mts_aggregate_1,2017,2700.307
esp,sex_m,geo_cov_urb,mts_aggregate_1,2018,2773.833
esp,sex_m,geo_cov_urb,mts_aggregate_1,2019,2799.76
esp,sex_m,geo_cov_urb,mts_aggregate_1,2020,3033.297
esp,sex_m,geo_cov_urb,mts_aggregate_2,1992,1689.856
esp,sex_m,geo_cov_urb,mts_aggregate_2,1993,1730.313
esp,sex_m,geo_cov_urb,mts_aggregate_2,1994,1806.633
esp,sex_m,geo_cov_urb,mts_aggregate_2,1995,1867.455
esp,sex_m,geo_cov_urb,mts_aggregate_2,1996,1901.51
esp,sex_m,geo_cov_urb,mts_aggregate_2,1997,1952.101
esp,sex_m,geo_cov_urb,mts_aggregate_2,1998,1993.757
esp,sex_m,geo_cov_urb,mts_aggregate_2,1999,2016.658
esp,sex_m,geo_cov_urb,mts_aggregate_2,2000,2017.323
esp,sex_m,geo_cov_urb,mts_aggregate_2,2001,2109.831
esp,sex_m,geo_cov_urb,mts_aggregate_2,2002,2006.078
esp,sex_m,geo_cov_urb,mts_aggregate_2,2003,2029.608
esp,sex_m,geo_cov_urb,mts_aggregate_2,2004,2065.527
esp,sex_m,geo_cov_urb,mts_aggregate_2,2005,2130.011
esp,sex_m,geo_cov_urb,mts_aggregate_2,2006,2137.211
esp,sex_m,geo_cov_urb,mts_aggregate_2,2007,2249.298
esp,sex_m,geo_cov_urb,mts_aggregate_2,2008,2290.185
esp,sex_m,geo_cov_urb,mts_aggregate_2,2009,2266.975
esp,sex_m,geo_cov_urb,mts_aggregate_2,2010,2365.633
esp,sex_m,geo_cov_urb,mts_aggregate_2,2011,2491.561
esp,sex_m,geo_cov_urb,mts_aggregate_2,2012,2469.148
esp,sex_m,geo_cov_urb,mts_aggregate_2,2013,2513.527
esp,sex_m,geo_cov_urb,mts_aggregate_2,2014,2547.518
esp,sex_m,geo_cov_urb,mts_aggregate_2,2015,2544.044
esp,sex_m,geo_cov_urb,mts_aggregate_2,2016,2527.262
esp,sex_m,geo_cov_urb,mts_aggregate_2,2017,3072.059
esp,sex_m,geo_cov_urb,mts_aggregate_2,2018,3052.821
esp,sex_m,geo_cov_urb,mts_aggregate_2,2019,3166.652
esp,sex_m,geo_cov_urb,mts_aggregate_2,2020,3229.032
esp,sex_m,geo_cov_urb,mts_aggregate_total,1992,3435.774
esp,sex_m,geo_cov_urb,mts_aggregate_total,1993,3521.528
esp,sex_m,geo_cov_urb,mts_aggregate_total,1994,3624.106
esp,sex_m,geo_cov_urb,mts_aggregate_total,1995,3784.121
esp,sex_m,geo_cov_urb,mts_aggregate_total,1996,3815.423
esp,sex_m,geo_cov_urb,mts_aggregate_total,1997,3850.145
esp,sex_m,geo_cov_urb,mts_aggregate_total,1998,3874.151
esp,sex_m,geo_cov_urb,mts_aggregate_total,1999,3859.102
esp,sex_m,geo_cov_urb,mts_aggregate_total,2000,3859.12
esp,sex_m,geo_cov_urb,mts_aggregate_total,2001,3930.057
esp,sex_m,geo_cov_urb,mts_aggregate_total,2002,3932.95
esp,sex_m,geo_cov_urb,mts_aggregate_total,2003,3940.395
esp,sex_m,geo_cov_urb,mts_aggregate_total,2004,3943.744
esp,sex_m,geo_cov_urb,mts_aggregate_total,2005,4018.589
esp,sex_m,geo_cov_urb,mts_aggregate_total,2006,4018.322
esp,sex_m,geo_cov_urb,mts_aggregate_total,2007,4153.071
esp,sex_m,geo_cov_urb,mts_aggregate_total,2008,4210.443
esp,sex_m,geo_cov_urb,mts_aggregate_total,2009,4282.336
esp,sex_m,geo_cov_urb,mts_aggregate_total,2010,4370.163
esp,sex_m,geo_cov_urb,mts_aggregate_total,2011,4558.673
esp,sex_m,geo_cov_urb,mts_aggregate_total,2012,4514.065
esp,sex_m,geo_cov_urb,mts_aggregate_total,2013,4674.299
esp,sex_m,geo_cov_urb,mts_aggregate_total,2014,4731.397
esp,sex_m,geo_cov_urb,mts_aggregate_total,2015,4716.576
esp,sex_m,geo_cov_urb,mts_aggregate_total,2016,4816.474
esp,sex_m,geo_cov_urb,mts_aggregate_total,2017,5772.366
esp,sex_m,geo_cov_urb,mts_aggregate_total,2018,5826.654
esp,sex_m,geo_cov_urb,mts_aggregate_total,2019,5966.412
esp,sex_m,geo_cov_urb,mts_aggregate_total,2020,6262.329
esp,sex_t,geo_cov_nat,mts_aggregate_1,1992,6826.361
esp,sex_t,geo_cov_nat,mts_aggregate_1,1993,6951.723
esp,sex_t,geo_cov_nat,mts_aggregate_1,1994,6981.614
esp,sex_t,geo_cov_nat,mts_aggregate_1,1995,7150.864
esp,sex_t,geo_cov_nat,mts_aggregate_1,1996,7221.65
esp,sex_t,geo_cov_nat,mts_aggregate_1,1997,7182.705
esp,sex_t,geo_cov_nat,mts_aggregate_1,1998,7167.024
esp,sex_t,geo_cov_nat,mts_aggregate_1,1999,7093.609
esp,sex_t,geo_cov_nat,mts_aggregate_1,2000,6978.253
esp,sex_t,geo_cov_nat,mts_aggregate_1,2001,7209.283
esp,sex_t,geo_cov_nat,mts_aggregate_1,2002,7517.381
esp,sex_t,geo_cov_nat,mts_aggregate_1,2003,7380.621
esp,sex_t,geo_cov_nat,mts_aggregate_1,2004,7349.961
esp,sex_t,geo_cov_nat,mts_aggregate_1,2005,7236.029
esp,sex_t,geo_cov_nat,mts_aggregate_1,2006,7174.235
esp,sex_t,geo_cov_nat,mts_aggregate_1,2007,7301.526
esp,sex_t,geo_cov_nat,mts_aggregate_1,2008,7284.069
esp,sex_t,geo_cov_nat,mts_aggregate_1,2009,7455.347
esp,sex_t,geo_cov_nat,mts_aggregate_1,2010,7445.541
esp,sex_t,geo_cov_nat,mts_aggregate_1,2011,7441.765
esp,sex_t,geo_cov_nat,mts_aggregate_1,2012,7504.074
esp,sex_t,geo_cov_nat,mts_aggregate_1,2013,7698.705
esp,sex_t,geo_cov_nat,mts_aggregate_1,2014,7776.396
esp,sex_t,geo_cov_nat,mts_aggregate_1,2015,7861.769
esp,sex_t,geo_cov_nat,mts_aggregate_1,2016,7957.326
esp,sex_t,geo_cov_nat,mts_aggregate_1,2017,8103.261
esp,sex_t,geo_cov_nat,mts_aggregate_1,2018,8260.185
esp,sex_t,geo_cov_nat,mts_aggregate_1,2019,8281.575
esp,sex_t,geo_cov_nat,mts_aggregate_1,2020,8839.048
esp,sex_t,geo_cov_nat,mts_aggregate_2,1992,8954.865
esp,sex_t,geo_cov_nat,mts_aggregate_2,1993,8971.161
esp,sex_t,geo_cov_nat,mts_aggregate_2,1994,8948.93
esp,sex_t,geo_cov_nat,mts_aggregate_2,1995,8977.985
esp,sex_t,geo_cov_nat,mts_aggregate_2,1996,8970.581
esp,sex_t,geo_cov_nat,mts_aggregate_2,1997,9022.89
esp,sex_t,geo_cov_nat,mts_aggregate_2,1998,9086.069
esp,sex_t,geo_cov_nat,mts_aggregate_2,1999,9128.366
esp,sex_t,geo_cov_nat,mts_aggregate_2,2000,9050.012
esp,sex_t,geo_cov_nat,mts_aggregate_2,2001,9282.067
esp,sex_t,geo_cov_nat,mts_aggregate_2,2002,8704.77
esp,sex_t,geo_cov_nat,mts_aggregate_2,2003,8730.053
esp,sex_t,geo_cov_nat,mts_aggregate_2,2004,8670.023
esp,sex_t,geo_cov_nat,mts_aggregate_2,2005,8652.866
esp,sex_t,geo_cov_nat,mts_aggregate_2,2006,8609.54
esp,sex_t,geo_cov_nat,mts_aggregate_2,2007,8555.747
esp,sex_t,geo_cov_nat,mts_aggregate_2,2008,8499.261
esp,sex_t,geo_cov_nat,mts_aggregate_2,2009,8374.344
esp,sex_t,geo_cov_nat,mts_aggregate_2,2010,8374.996
esp,sex_t,geo_cov_nat,mts_aggregate_2,2011,8393.403
esp,sex_t,geo_cov_nat,mts_aggregate_2,2012,8298.065
esp,sex_t,geo_cov_nat,mts_aggregate_2,2013,8167.066
esp,sex_t,geo_cov_nat,mts_aggregate_2,2014,8200.753
esp,sex_t,geo_cov_nat,mts_aggregate_2,2015,8180.113
esp,sex_t,geo_cov_nat,mts_aggregate_2,2016,8216.107
esp,sex_t,geo_cov_nat,mts_aggregate_2,2017,8286.267
esp,sex_t,geo_cov_nat,mts_aggregate_2,2018,8306.662
esp,sex_t,geo_cov_nat,mts_aggregate_2,2019,8447.192
esp,sex_t,geo_cov_nat,mts_aggregate_2,2020,8506.968
esp,sex_t,geo_cov_nat,mts_aggregate_total,1992,15781.226
esp,sex_t,geo_cov_nat,mts_aggregate_total,1993,15922.884
esp,sex_t,geo_cov_nat,mts_aggregate_total,1994,15930.544
esp,sex_t,geo_cov_nat,mts_aggregate_total,1995,16128.849
esp,sex_t,geo_cov_nat,mts_aggregate_total,1996,16192.231
esp,sex_t,geo_cov_nat,mts_aggregate_total,1997,16205.595
esp,sex_t,geo_cov_nat,mts_aggregate_total,1998,16253.092
esp,sex_t,geo_cov_nat,mts_aggregate_total,1999,16221.975
esp,sex_t,geo_cov_nat,mts_aggregate_total,2000,16028.265
esp,sex_t,geo_cov_nat,mts_aggregate_total,2001,16491.35
esp,sex_t,geo_cov_nat,mts_aggregate_total,2002,16222.151
esp,sex_t,geo_cov_nat,mts_aggregate_total,2003,16110.674
esp,sex_t,geo_cov_nat,mts_aggregate_total,2004,16019.984
esp,sex_t,geo_cov_nat,mts_aggregate_total,2005,15888.895
esp,sex_t,geo_cov_nat,mts_aggregate_total,2006,15783.774
esp,sex_t,geo_cov_nat,mts_aggregate_total,2007,15857.272
esp,sex_t,geo_cov_nat,mts_aggregate_total,2008,15783.33
esp,sex_t,geo_cov_nat,mts_aggregate_total,2009,15829.691
esp,sex_t,geo_cov_nat,mts_aggregate_total,2010,15820.537
esp,sex_t,geo_cov_nat,mts_aggregate_total,2011,15835.168
esp,sex_t,geo_cov_nat,mts_aggregate_total,2012,15802.139
esp,sex_t,geo_cov_nat,mts_aggregate_total,2013,15865.77
esp,sex_t,geo_cov_nat,mts_aggregate_total,2014,15977.15
esp,sex_t,geo_cov_nat,mts_aggregate_total,2015,16041.882
esp,sex_t,geo_cov_nat,mts_aggregate_total,2016,16173.433
esp,sex_t,geo_cov_nat,mts_aggregate_total,2017,16389.527
esp,sex_t,geo_cov_nat,mts_aggregate_total,2018,16566.848
esp,sex_t,geo_cov_nat,mts_aggregate_total,2019,16728.768
esp,sex_t,geo_cov_nat,mts_aggregate_total,2020,17346.016
esp,sex_t,geo_cov_rur,mts_aggregate_1,1992,2020.186
esp,sex_t,geo_cov_rur,mts_aggregate_1,1993,2063.734
esp,sex_t,geo_cov_rur,mts_aggregate_1,1994,2068.615
esp,sex_t,geo_cov_rur,mts_aggregate_1,1995,2079.399
esp,sex_t,geo_cov_rur,mts_aggregate_1,1996,2097.48
esp,sex_t,geo_cov_rur,mts_aggregate_1,1997,2060.568
esp,sex_t,geo_cov_rur,mts_aggregate_1,1998,2068.028
esp,sex_t,geo_cov_rur,mts_aggregate_1,1999,2068.946
esp,sex_t,geo_cov_rur,mts_aggregate_1,2000,2013.908
esp,sex_t,geo_cov_rur,mts_aggregate_1,2001,2107.146
esp,sex_t,geo_cov_rur,mts_aggregate_1,2002,2254.765
esp,sex_t,geo_cov_rur,mts_aggregate_1,2003,2214.503
esp,sex_t,geo_cov_rur,mts_aggregate_1,2004,2235.656
esp,sex_t,geo_cov_rur,mts_aggregate_1,2005,2059.29
esp,sex_t,geo_cov_rur,mts_aggregate_1,2006,2031.062
esp,sex_t,geo_cov_rur,mts_aggregate_1,2007,2059.512
esp,sex_t,geo_cov_rur,mts_aggregate_1,2008,2071.687
esp,sex_t,geo_cov_rur,mts_aggregate_1,2009,2180.898
esp,sex_t,geo_cov_rur,mts_aggregate_1,2010,2090.804
esp,sex_t,geo_cov_rur,mts_aggregate_1,2011,2024.2
esp,sex_t,geo_cov_rur,mts_aggregate_1,2012,2165.189
esp,sex_t,geo_cov_rur,mts_aggregate_1,2013,2133.04
esp,sex_t,geo_cov_rur,mts_aggregate_1,2014,2149.734
esp,sex_t,geo_cov_rur,mts_aggregate_1,2015,2233.37
esp,sex_t,geo_cov_rur,mts_aggregate_1,2016,2115.901
esp,sex_t,geo_cov_rur,mts_aggregate_1,2017,1206.962
esp,sex_t,geo_cov_rur,mts_aggregate_1,2018,1224.915
esp,sex_t,geo_cov_rur,mts_aggregate_1,2019,1195.201
esp,sex_t,geo_cov_rur,mts_aggregate_1,2020,1272.888
esp,sex_t,geo_cov_rur,mts_aggregate_2,1992,2983.571
esp,sex_t,geo_cov_rur,mts_aggregate_2,1993,3022.212
esp,sex_t,geo_cov_rur,mts_aggregate_2,1994,3023.782
esp,sex_t,geo_cov_rur,mts_aggregate_2,1995,2989.846
esp,sex_t,geo_cov_rur,mts_aggregate_2,1996,2964.427
esp,sex_t,geo_cov_rur,mts_aggregate_2,1997,2959.195
esp,sex_t,geo_cov_rur,mts_aggregate_2,1998,2953.995
esp,sex_t,geo_cov_rur,mts_aggregate_2,1999,3006.356
esp,sex_t,geo_cov_rur,mts_aggregate_2,2000,2935.98
esp,sex_t,geo_cov_rur,mts_aggregate_2,2001,2980.013
esp,sex_t,geo_cov_rur,mts_aggregate_2,2002,2778.813
esp,sex_t,geo_cov_rur,mts_aggregate_2,2003,2775.279
esp,sex_t,geo_cov_rur,mts_aggregate_2,2004,2760.543
esp,sex_t,geo_cov_rur,mts_aggregate_2,2005,2683.316
esp,sex_t,geo_cov_rur,mts_aggregate_2,2006,2708.241
esp,sex_t,geo_cov_rur,mts_aggregate_2,2007,2580.121
esp,sex_t,geo_cov_rur,mts_aggregate_2,2008,2544.916
esp,sex_t,geo_cov_rur,mts_aggregate_2,2009,2611.554
esp,sex_t,geo_cov_rur,mts_aggregate_2,2010,2546.054
esp,sex_t,geo_cov_rur,mts_aggregate_2,2011,2415.716
esp,sex_t,geo_cov_rur,mts_aggregate_2,2012,2509.206
esp,sex_t,geo_cov_rur,mts_aggregate_2,2013,2388.416
esp,sex_t,geo_cov_rur,mts_aggregate_2,2014,2337.355
esp,sex_t,geo_cov_rur,mts_aggregate_2,2015,2438.065
esp,sex_t,geo_cov_rur,mts_aggregate_2,2016,2435.916
esp,sex_t,geo_cov_rur,mts_aggregate_2,2017,1358.868
esp,sex_t,geo_cov_rur,mts_aggregate_2,2018,1340.688
esp,sex_t,geo_cov_rur,mts_aggregate_2,2019,1341.166
esp,sex_t,geo_cov_rur,mts_aggregate_2,2020,1297.293
esp,sex_t,geo_cov_rur,mts_aggregate_total,1992,5003.757
esp,sex_t,geo_cov_rur,mts_aggregate_total,1993,5085.945
esp,sex_t,geo_cov_rur,mts_aggregate_total,1994,5092.396
esp,sex_t,geo_cov_rur,mts_aggregate_total,1995,5069.245
esp,sex_t,geo_cov_rur,mts_aggregate_total,1996,5061.907
esp,sex_t,geo_cov_rur,mts_aggregate_total,1997,5019.763
esp,sex_t,geo_cov_rur,mts_aggregate_total,1998,5022.023
esp,sex_t,geo_cov_rur,mts_aggregate_total,1999,5075.302
esp,sex_t,geo_cov_rur,mts_aggregate_total,2000,4949.888
esp,sex_t,geo_cov_rur,mts_aggregate_total,2001,5087.159
esp,sex_t,geo_cov_rur,mts_aggregate_total,2002,5033.578
esp,sex_t,geo_cov_rur,mts_aggregate_total,2003,4989.782
esp,sex_t,geo_cov_rur,mts_aggregate_total,2004,4996.199
esp,sex_t,geo_cov_rur,mts_aggregate_total,2005,4742.606
esp,sex_t,geo_cov_rur,mts_aggregate_total,2006,4739.303
esp,sex_t,geo_cov_rur,mts_aggregate_total,2007,4639.633
esp,sex_t,geo_cov_rur,mts_aggregate_total,2008,4616.603
esp,sex_t,geo_cov_rur,mts_aggregate_total,2009,4792.452
esp,sex_t,geo_cov_rur,mts_aggregate_total,2010,4636.858
esp,sex_t,geo_cov_rur,mts_aggregate_total,2011,4439.916
esp,sex_t,geo_cov_rur,mts_aggregate_total,2012,4674.395
esp,sex_t,geo_cov_rur,mts_aggregate_total,2013,4521.456
esp,sex_t,geo_cov_rur,mts_aggregate_total,2014,4487.089
esp,sex_t,geo_cov_rur,mts_aggregate_total,2015,4671.435
esp,sex_t,geo_cov_rur,mts_aggregate_total,2016,4551.817
esp,sex_t,geo_cov_rur,mts_aggregate_total,2017,2565.83
esp,sex_t,geo_cov_rur,mts_aggregate_total,2018,2565.603
esp,sex_t,geo_cov_rur,mts_aggregate_total,2019,2536.367
esp,sex_t,geo_cov_rur,mts_aggregate_total,2020,2570.181
esp,sex_t,geo_cov_urb,mts_aggregate_1,1992,4806.175
esp,sex_t,geo_cov_urb,mts_aggregate_1,1993,4887.989
esp,sex_t,geo_cov_urb,mts_aggregate_1,1994,4913
esp,sex_t,geo_cov_urb,mts_aggregate_1,1995,5071.466
esp,sex_t,geo_cov_urb,mts_aggregate_1,1996,5124.169
esp,sex_t,geo_cov_urb,mts_aggregate_1,1997,5122.138
esp,sex_t,geo_cov_urb,mts_aggregate_1,1998,5098.996
esp,sex_t,geo_cov_urb,mts_aggregate_1,1999,5024.663
esp,sex_t,geo_cov_urb,mts_aggregate_1,2000,4964.345
esp,sex_t,geo_cov_urb,mts_aggregate_1,2001,5102.137
esp,sex_t,geo_cov_urb,mts_aggregate_1,2002,5262.616
esp,sex_t,geo_cov_urb,mts_aggregate_1,2003,5166.118
esp,sex_t,geo_cov_urb,mts_aggregate_1,2004,5114.305
esp,sex_t,geo_cov_urb,mts_aggregate_1,2005,5176.739
esp,sex_t,geo_cov_urb,mts_aggregate_1,2006,5143.172
esp,sex_t,geo_cov_urb,mts_aggregate_1,2007,5242.014
esp,sex_t,geo_cov_urb,mts_aggregate_1,2008,5212.382
esp,sex_t,geo_cov_urb,mts_aggregate_1,2009,5274.449
esp,sex_t,geo_cov_urb,mts_aggregate_1,2010,5354.736
esp,sex_t,geo_cov_urb,mts_aggregate_1,2011,5417.565
esp,sex_t,geo_cov_urb,mts_aggregate_1,2012,5338.885
esp,sex_t,geo_cov_urb,mts_aggregate_1,2013,5565.664
esp,sex_t,geo_cov_urb,mts_aggregate_1,2014,5626.663
esp,sex_t,geo_cov_urb,mts_aggregate_1,2015,5628.4
esp,sex_t,geo_cov_urb,mts_aggregate_1,2016,5841.424
esp,sex_t,geo_cov_urb,mts_aggregate_1,2017,6896.299
esp,sex_t,geo_cov_urb,mts_aggregate_1,2018,7035.27
esp,sex_t,geo_cov_urb,mts_aggregate_1,2019,7086.374
esp,sex_t,geo_cov_urb,mts_aggregate_1,2020,7566.161
esp,sex_t,geo_cov_urb,mts_aggregate_2,1992,5971.294
esp,sex_t,geo_cov_urb,mts_aggregate_2,1993,5948.949
esp,sex_t,geo_cov_urb,mts_aggregate_2,1994,5925.148
esp,sex_t,geo_cov_urb,mts_aggregate_2,1995,5988.138
esp,sex_t,geo_cov_urb,mts_aggregate_2,1996,6006.154
esp,sex_t,geo_cov_urb,mts_aggregate_2,1997,6063.695
esp,sex_t,geo_cov_urb,mts_aggregate_2,1998,6132.073
esp,sex_t,geo_cov_urb,mts_aggregate_2,1999,6122.01
esp,sex_t,geo_cov_urb,mts_aggregate_2,2000,6114.032
esp,sex_t,geo_cov_urb,mts_aggregate_2,2001,6302.054
esp,sex_t,geo_cov_urb,mts_aggregate_2,2002,5925.957
esp,sex_t,geo_cov_urb,mts_aggregate_2,2003,5954.774
esp,sex_t,geo_cov_urb,mts_aggregate_2,2004,5909.481
esp,sex_t,geo_cov_urb,mts_aggregate_2,2005,5969.55
esp,sex_t,geo_cov_urb,mts_aggregate_2,2006,5901.299
esp,sex_t,geo_cov_urb,mts_aggregate_2,2007,5975.626
esp,sex_t,geo_cov_urb,mts_aggregate_2,2008,5954.345
esp,sex_t,geo_cov_urb,mts_aggregate_2,2009,5762.79
esp,sex_t,geo_cov_urb,mts_aggregate_2,2010,5828.943
esp,sex_t,geo_cov_urb,mts_aggregate_2,2011,5977.687
esp,sex_t,geo_cov_urb,mts_aggregate_2,2012,5788.859
esp,sex_t,geo_cov_urb,mts_aggregate_2,2013,5778.65
esp,sex_t,geo_cov_urb,mts_aggregate_2,2014,5863.398
esp,sex_t,geo_cov_urb,mts_aggregate_2,2015,5742.048
esp,sex_t,geo_cov_urb,mts_aggregate_2,2016,5780.191
esp,sex_t,geo_cov_urb,mts_aggregate_2,2017,6927.398
esp,sex_t,geo_cov_urb,mts_aggregate_2,2018,6965.975
esp,sex_t,geo_cov_urb,mts_aggregate_2,2019,7106.026
esp,sex_t,geo_cov_urb,mts_aggregate_2,2020,7209.674
esp,sex_t,geo_cov_urb,mts_aggregate_total,1992,10777.47
esp,sex_t,geo_cov_urb,mts_aggregate_total,1993,10836.938
esp,sex_t,geo_cov_urb,mts_aggregate_total,1994,10838.148
esp,sex_t,geo_cov_urb,mts_aggregate_total,1995,11059.604
esp,sex_t,geo_cov_urb,mts_aggregate_total,1996,11130.323
esp,sex_t,geo_cov_urb,mts_aggregate_total,1997,11185.833
esp,sex_t,geo_cov_urb,mts_aggregate_total,1998,11231.069
esp,sex_t,geo_cov_urb,mts_aggregate_total,1999,11146.673
esp,sex_t,geo_cov_urb,mts_aggregate_total,2000,11078.377
esp,sex_t,geo_cov_urb,mts_aggregate_total,2001,11404.191
esp,sex_t,geo_cov_urb,mts_aggregate_total,2002,11188.573
esp,sex_t,geo_cov_urb,mts_aggregate_total,2003,11120.892
esp,sex_t,geo_cov_urb,mts_aggregate_total,2004,11023.785
esp,sex_t,geo_cov_urb,mts_aggregate_total,2005,11146.289
esp,sex_t,geo_cov_urb,mts_aggregate_total,2006,11044.471
esp,sex_t,geo_cov_urb,mts_aggregate_total,2007,11217.64
esp,sex_t,geo_cov_urb,mts_aggregate_total,2008,11166.728
esp,sex_t,geo_cov_urb,mts_aggregate_total,2009,11037.239
esp,sex_t,geo_cov_urb,mts_aggregate_total,2010,11183.679
esp,sex_t,geo_cov_urb,mts_aggregate_total,2011,11395.252
esp,sex_t,geo_cov_urb,mts_aggregate_total,2012,11127.744
esp,sex_t,geo_cov_urb,mts_aggregate_total,2013,11344.314
esp,sex_t,geo_cov_urb,mts_aggregate_total,2014,11490.061
esp,sex_t,geo_cov_urb,mts_aggregate_total,2015,11370.447
esp,sex_t,geo_cov_urb,mts_aggregate_total,2016,11621.616
esp,sex_t,geo_cov_urb,mts_aggregate_total,2017,13823.697
esp,sex_t,geo_cov_urb,mts_aggregate_total,2018,14001.245
esp,sex_t,geo_cov_urb,mts_aggregate_total,2019,14192.401
esp,sex_t,geo_cov_urb,mts_aggregate_total,2020,14775.835
est,sex_f,geo_cov_nat,mts_aggregate_1,1997,119.638
est,sex_f,geo_cov_nat,mts_aggregate_1,1998,199.968
est,sex_f,geo_cov_nat,mts_aggregate_1,1999,204.985
est,sex_f,geo_cov_nat,mts_aggregate_1,2000,213.745
est,sex_f,geo_cov_nat,mts_aggregate_1,2001,204.466
est,sex_f,geo_cov_nat,mts_aggregate_1,2002,213.726
est,sex_f,geo_cov_nat,mts_aggregate_1,2003,219.241
est,sex_f,geo_cov_nat,mts_aggregate_1,2004,209.461
est,sex_f,geo_cov_nat,mts_aggregate_1,2005,205.192
est,sex_f,geo_cov_nat,mts_aggregate_1,2006,203.464
est,sex_f,geo_cov_nat,mts_aggregate_1,2007,201.993
est,sex_f,geo_cov_nat,mts_aggregate_1,2008,194.149
est,sex_f,geo_cov_nat,mts_aggregate_1,2009,198.58
est,sex_f,geo_cov_nat,mts_aggregate_1,2010,194.397
est,sex_f,geo_cov_nat,mts_aggregate_1,2011,195.792
est,sex_f,geo_cov_nat,mts_aggregate_1,2012,197.625
est,sex_f,geo_cov_nat,mts_aggregate_1,2013,184.459
est,sex_f,geo_cov_nat,mts_aggregate_1,2014,185.763
est,sex_f,geo_cov_nat,mts_aggregate_1,2015,185.16
est,sex_f,geo_cov_nat,mts_aggregate_1,2016,178.852
est,sex_f,geo_cov_nat,mts_aggregate_1,2017,172.535
est,sex_f,geo_cov_nat,mts_aggregate_1,2018,169.671
est,sex_f,geo_cov_nat,mts_aggregate_1,2019,174.497
est,sex_f,geo_cov_nat,mts_aggregate_1,2020,177.059
est,sex_f,geo_cov_nat,mts_aggregate_2,1997,120.203
est,sex_f,geo_cov_nat,mts_aggregate_2,1998,95.376
est,sex_f,geo_cov_nat,mts_aggregate_2,1999,95.925
est,sex_f,geo_cov_nat,mts_aggregate_2,2000,87.242
est,sex_f,geo_cov_nat,mts_aggregate_2,2001,97.974
est,sex_f,geo_cov_nat,mts_aggregate_2,2002,92.599
est,sex_f,geo_cov_nat,mts_aggregate_2,2003,80.347
est,sex_f,geo_cov_nat,mts_aggregate_2,2004,83.838
est,sex_f,geo_cov_nat,mts_aggregate_2,2005,85.871
est,sex_f,geo_cov_nat,mts_aggregate_2,2006,79.565
est,sex_f,geo_cov_nat,mts_aggregate_2,2007,84.283
est,sex_f,geo_cov_nat,mts_aggregate_2,2008,86.647
est,sex_f,geo_cov_nat,mts_aggregate_2,2009,81.415
est,sex_f,geo_cov_nat,mts_aggregate_2,2010,82.074
est,sex_f,geo_cov_nat,mts_aggregate_2,2011,75.252
est,sex_f,geo_cov_nat,mts_aggregate_2,2012,73.535
est,sex_f,geo_cov_nat,mts_aggregate_2,2013,85.257
est,sex_f,geo_cov_nat,mts_aggregate_2,2014,86.896
est,sex_f,geo_cov_nat,mts_aggregate_2,2015,78.261
est,sex_f,geo_cov_nat,mts_aggregate_2,2016,81.775
est,sex_f,geo_cov_nat,mts_aggregate_2,2017,82.858
est,sex_f,geo_cov_nat,mts_aggregate_2,2018,83.403
est,sex_f,geo_cov_nat,mts_aggregate_2,2019,77.26
est,sex_f,geo_cov_nat,mts_aggregate_2,2020,75.061
est,sex_f,geo_cov_nat,mts_aggregate_total,1997,239.841
est,sex_f,geo_cov_nat,mts_aggregate_total,1998,295.345
est,sex_f,geo_cov_nat,mts_aggregate_total,1999,300.91
est,sex_f,geo_cov_nat,mts_aggregate_total,2000,300.987
est,sex_f,geo_cov_nat,mts_aggregate_total,2001,302.44
est,sex_f,geo_cov_nat,mts_aggregate_total,2002,306.325
est,sex_f,geo_cov_nat,mts_aggregate_total,2003,299.588
est,sex_f,geo_cov_nat,mts_aggregate_total,2004,293.299
est,sex_f,geo_cov_nat,mts_aggregate_total,2005,291.451
est,sex_f,geo_cov_nat,mts_aggregate_total,2006,283.029
est,sex_f,geo_cov_nat,mts_aggregate_total,2007,286.276
est,sex_f,geo_cov_nat,mts_aggregate_total,2008,280.796
est,sex_f,geo_cov_nat,mts_aggregate_total,2009,279.994
est,sex_f,geo_cov_nat,mts_aggregate_total,2010,276.471
est,sex_f,geo_cov_nat,mts_aggregate_total,2011,271.044
est,sex_f,geo_cov_nat,mts_aggregate_total,2012,271.16
est,sex_f,geo_cov_nat,mts_aggregate_total,2013,269.716
est,sex_f,geo_cov_nat,mts_aggregate_total,2014,272.659
est,sex_f,geo_cov_nat,mts_aggregate_total,2015,263.421
est,sex_f,geo_cov_nat,mts_aggregate_total,2016,260.627
est,sex_f,geo_cov_nat,mts_aggregate_total,2017,255.393
est,sex_f,geo_cov_nat,mts_aggregate_total,2018,253.074
est,sex_f,geo_cov_nat,mts_aggregate_total,2019,251.757
est,sex_f,geo_cov_nat,mts_aggregate_total,2020,252.12
est,sex_f,geo_cov_rur,mts_aggregate_1,1997,119.638
est,sex_f,geo_cov_rur,mts_aggregate_1,1998,199.968
est,sex_f,geo_cov_rur,mts_aggregate_1,1999,204.985
est,sex_f,geo_cov_rur,mts_aggregate_1,2000,213.745
est,sex_f,geo_cov_rur,mts_aggregate_1,2001,204.466
est,sex_f,geo_cov_rur,mts_aggregate_1,2002,213.726
est,sex_f,geo_cov_rur,mts_aggregate_1,2003,219.241
est,sex_f,geo_cov_rur,mts_aggregate_1,2004,209.461
est,sex_f,geo_cov_rur,mts_aggregate_1,2005,121.539
est,sex_f,geo_cov_rur,mts_aggregate_1,2006,115.201
est,sex_f,geo_cov_rur,mts_aggregate_1,2007,109.246
est,sex_f,geo_cov_rur,mts_aggregate_1,2008,108.884
est,sex_f,geo_cov_rur,mts_aggregate_1,2009,112.116
est,sex_f,geo_cov_rur,mts_aggregate_1,2010,99.778
est,sex_f,geo_cov_rur,mts_aggregate_1,2011,101.76
est,sex_f,geo_cov_rur,mts_aggregate_1,2012,80.527
est,sex_f,geo_cov_rur,mts_aggregate_1,2013,73.991
est,sex_f,geo_cov_rur,mts_aggregate_1,2014,78.21
est,sex_f,geo_cov_rur,mts_aggregate_1,2015,77.765
est,sex_f,geo_cov_rur,mts_aggregate_1,2016,82.211
est,sex_f,geo_cov_rur,mts_aggregate_1,2017,64.218
est,sex_f,geo_cov_rur,mts_aggregate_1,2018,64.805
est,sex_f,geo_cov_rur,mts_aggregate_1,2019,68.302
est,sex_f,geo_cov_rur,mts_aggregate_1,2020,69.307
est,sex_f,geo_cov_rur,mts_aggregate_2,1997,120.203
est,sex_f,geo_cov_rur,mts_aggregate_2,1998,95.376
est,sex_f,geo_cov_rur,mts_aggregate_2,1999,95.925
est,sex_f,geo_cov_rur,mts_aggregate_2,2000,87.242
est,sex_f,geo_cov_rur,mts_aggregate_2,2001,97.974
est,sex_f,geo_cov_rur,mts_aggregate_2,2002,92.599
est,sex_f,geo_cov_rur,mts_aggregate_2,2003,80.347
est,sex_f,geo_cov_rur,mts_aggregate_2,2004,83.838
est,sex_f,geo_cov_rur,mts_aggregate_2,2005,45.899
est,sex_f,geo_cov_rur,mts_aggregate_2,2006,41.975
est,sex_f,geo_cov_rur,mts_aggregate_2,2007,41.858
est,sex_f,geo_cov_rur,mts_aggregate_2,2008,39.594
est,sex_f,geo_cov_rur,mts_aggregate_2,2009,39.332
est,sex_f,geo_cov_rur,mts_aggregate_2,2010,43.759
est,sex_f,geo_cov_rur,mts_aggregate_2,2011,44.147
est,sex_f,geo_cov_rur,mts_aggregate_2,2012,32.096
est,sex_f,geo_cov_rur,mts_aggregate_2,2013,37.807
est,sex_f,geo_cov_rur,mts_aggregate_2,2014,39.749
est,sex_f,geo_cov_rur,mts_aggregate_2,2015,31.094
est,sex_f,geo_cov_rur,mts_aggregate_2,2016,32.383
est,sex_f,geo_cov_rur,mts_aggregate_2,2017,27.265
est,sex_f,geo_cov_rur,mts_aggregate_2,2018,29.837
est,sex_f,geo_cov_rur,mts_aggregate_2,2019,30.276
est,sex_f,geo_cov_rur,mts_aggregate_2,2020,31.634
est,sex_f,geo_cov_rur,mts_aggregate_total,1997,239.841
est,sex_f,geo_cov_rur,mts_aggregate_total,1998,295.345
est,sex_f,geo_cov_rur,mts_aggregate_total,1999,300.91
est,sex_f,geo_cov_rur,mts_aggregate_total,2000,300.987
est,sex_f,geo_cov_rur,mts_aggregate_total,2001,302.44
est,sex_f,geo_cov_rur,mts_aggregate_total,2002,306.325
est,sex_f,geo_cov_rur,mts_aggregate_total,2003,299.588
est,sex_f,geo_cov_rur,mts_aggregate_total,2004,293.299
est,sex_f,geo_cov_rur,mts_aggregate_total,2005,167.718
est,sex_f,geo_cov_rur,mts_aggregate_total,2006,157.175
est,sex_f,geo_cov_rur,mts_aggregate_total,2007,151.104
est,sex_f,geo_cov_rur,mts_aggregate_total,2008,148.478
est,sex_f,geo_cov_rur,mts_aggregate_total,2009,151.447
est,sex_f,geo_cov_rur,mts_aggregate_total,2010,143.537
est,sex_f,geo_cov_rur,mts_aggregate_total,2011,145.907
est,sex_f,geo_cov_rur,mts_aggregate_total,2012,112.622
est,sex_f,geo_cov_rur,mts_aggregate_total,2013,111.797
est,sex_f,geo_cov_rur,mts_aggregate_total,2014,117.958
est,sex_f,geo_cov_rur,mts_aggregate_total,2015,108.859
est,sex_f,geo_cov_rur,mts_aggregate_total,2016,114.594
est,sex_f,geo_cov_rur,mts_aggregate_total,2017,91.483
est,sex_f,geo_cov_rur,mts_aggregate_total,2018,94.642
est,sex_f,geo_cov_rur,mts_aggregate_total,2019,98.579
est,sex_f,geo_cov_rur,mts_aggregate_total,2020,100.94
est,sex_f,geo_cov_urb,mts_aggregate_1,1997,0
est,sex_f,geo_cov_urb,mts_aggregate_1,1998,0
est,sex_f,geo_cov_urb,mts_aggregate_1,1999,0
est,sex_f,geo_cov_urb,mts_aggregate_1,2000,0
est,sex_f,geo_cov_urb,mts_aggregate_1,2001,0
est,sex_f,geo_cov_urb,mts_aggregate_1,2002,0
est,sex_f,geo_cov_urb,mts_aggregate_1,2003,0
est,sex_f,geo_cov_urb,mts_aggregate_1,2004,0
est,sex_f,geo_cov_urb,mts_aggregate_1,2005,83.653
est,sex_f,geo_cov_urb,mts_aggregate_1,2006,88.264
est,sex_f,geo_cov_urb,mts_aggregate_1,2007,92.747
est,sex_f,geo_cov_urb,mts_aggregate_1,2008,85.265
est,sex_f,geo_cov_urb,mts_aggregate_1,2009,86.464
est,sex_f,geo_cov_urb,mts_aggregate_1,2010,94.619
est,sex_f,geo_cov_urb,mts_aggregate_1,2011,94.032
est,sex_f,geo_cov_urb,mts_aggregate_1,2012,117.098
est,sex_f,geo_cov_urb,mts_aggregate_1,2013,110.469
est,sex_f,geo_cov_urb,mts_aggregate_1,2014,107.553
est,sex_f,geo_cov_urb,mts_aggregate_1,2015,107.395
est,sex_f,geo_cov_urb,mts_aggregate_1,2016,96.641
est,sex_f,geo_cov_urb,mts_aggregate_1,2017,108.318
est,sex_f,geo_cov_urb,mts_aggregate_1,2018,104.866
est,sex_f,geo_cov_urb,mts_aggregate_1,2019,106.195
est,sex_f,geo_cov_urb,mts_aggregate_1,2020,107.753
est,sex_f,geo_cov_urb,mts_aggregate_2,1997,0
est,sex_f,geo_cov_urb,mts_aggregate_2,1998,0
est,sex_f,geo_cov_urb,mts_aggregate_2,1999,0
est,sex_f,geo_cov_urb,mts_aggregate_2,2000,0
est,sex_f,geo_cov_urb,mts_aggregate_2,2001,0
est,sex_f,geo_cov_urb,mts_aggregate_2,2002,0
est,sex_f,geo_cov_urb,mts_aggregate_2,2003,0
est,sex_f,geo_cov_urb,mts_aggregate_2,2004,0
est,sex_f,geo_cov_urb,mts_aggregate_2,2005,39.972
est,sex_f,geo_cov_urb,mts_aggregate_2,2006,37.59
est,sex_f,geo_cov_urb,mts_aggregate_2,2007,42.425
est,sex_f,geo_cov_urb,mts_aggregate_2,2008,47.053
est,sex_f,geo_cov_urb,mts_aggregate_2,2009,42.083
est,sex_f,geo_cov_urb,mts_aggregate_2,2010,38.315
est,sex_f,geo_cov_urb,mts_aggregate_2,2011,31.105
est,sex_f,geo_cov_urb,mts_aggregate_2,2012,41.439
est,sex_f,geo_cov_urb,mts_aggregate_2,2013,47.451
est,sex_f,geo_cov_urb,mts_aggregate_2,2014,47.148
est,sex_f,geo_cov_urb,mts_aggregate_2,2015,47.166
est,sex_f,geo_cov_urb,mts_aggregate_2,2016,49.392
est,sex_f,geo_cov_urb,mts_aggregate_2,2017,55.593
est,sex_f,geo_cov_urb,mts_aggregate_2,2018,53.566
est,sex_f,geo_cov_urb,mts_aggregate_2,2019,46.984
est,sex_f,geo_cov_urb,mts_aggregate_2,2020,43.427
est,sex_f,geo_cov_urb,mts_aggregate_total,1997,0
est,sex_f,geo_cov_urb,mts_aggregate_total,1998,0
est,sex_f,geo_cov_urb,mts_aggregate_total,1999,0
est,sex_f,geo_cov_urb,mts_aggregate_total,2000,0
est,sex_f,geo_cov_urb,mts_aggregate_total,2001,0
est,sex_f,geo_cov_urb,mts_aggregate_total,2002,0
est,sex_f,geo_cov_urb,mts_aggregate_total,2003,0
est,sex_f,geo_cov_urb,mts_aggregate_total,2004,0
est,sex_f,geo_cov_urb,mts_aggregate_total,2005,123.734
est,sex_f,geo_cov_urb,mts_aggregate_total,2006,125.854
est,sex_f,geo_cov_urb,mts_aggregate_total,2007,135.172
est,sex_f,geo_cov_urb,mts_aggregate_total,2008,132.318
est,sex_f,geo_cov_urb,mts_aggregate_total,2009,128.547
est,sex_f,geo_cov_urb,mts_aggregate_total,2010,132.934
est,sex_f,geo_cov_urb,mts_aggregate_total,2011,125.137
est,sex_f,geo_cov_urb,mts_aggregate_total,2012,158.537
est,sex_f,geo_cov_urb,mts_aggregate_total,2013,157.919
est,sex_f,geo_cov_urb,mts_aggregate_total,2014,154.7
est,sex_f,geo_cov_urb,mts_aggregate_total,2015,154.562
est,sex_f,geo_cov_urb,mts_aggregate_total,2016,146.033
est,sex_f,geo_cov_urb,mts_aggregate_total,2017,163.91
est,sex_f,geo_cov_urb,mts_aggregate_total,2018,158.432
est,sex_f,geo_cov_urb,mts_aggregate_total,2019,153.179
est,sex_f,geo_cov_urb,mts_aggregate_total,2020,151.179
est,sex_m,geo_cov_nat,mts_aggregate_1,1997,78.691
est,sex_m,geo_cov_nat,mts_aggregate_1,1998,88.583
est,sex_m,geo_cov_nat,mts_aggregate_1,1999,100.62
est,sex_m,geo_cov_nat,mts_aggregate_1,2000,120.35
est,sex_m,geo_cov_nat,mts_aggregate_1,2001,119.353
est,sex_m,geo_cov_nat,mts_aggregate_1,2002,116.6
est,sex_m,geo_cov_nat,mts_aggregate_1,2003,116.821
est,sex_m,geo_cov_nat,mts_aggregate_1,2004,126.073
est,sex_m,geo_cov_nat,mts_aggregate_1,2005,119.92
est,sex_m,geo_cov_nat,mts_aggregate_1,2006,102.82
est,sex_m,geo_cov_nat,mts_aggregate_1,2007,96.877
est,sex_m,geo_cov_nat,mts_aggregate_1,2008,97.421
est,sex_m,geo_cov_nat,mts_aggregate_1,2009,102.535
est,sex_m,geo_cov_nat,mts_aggregate_1,2010,103.036
est,sex_m,geo_cov_nat,mts_aggregate_1,2011,98.466
est,sex_m,geo_cov_nat,mts_aggregate_1,2012,96.133
est,sex_m,geo_cov_nat,mts_aggregate_1,2013,91.74
est,sex_m,geo_cov_nat,mts_aggregate_1,2014,90.501
est,sex_m,geo_cov_nat,mts_aggregate_1,2015,83.579
est,sex_m,geo_cov_nat,mts_aggregate_1,2016,83.578
est,sex_m,geo_cov_nat,mts_aggregate_1,2017,77.236
est,sex_m,geo_cov_nat,mts_aggregate_1,2018,79.651
est,sex_m,geo_cov_nat,mts_aggregate_1,2019,88.38
est,sex_m,geo_cov_nat,mts_aggregate_1,2020,84.802
est,sex_m,geo_cov_nat,mts_aggregate_2,1997,60.444
est,sex_m,geo_cov_nat,mts_aggregate_2,1998,68.218
est,sex_m,geo_cov_nat,mts_aggregate_2,1999,66.793
est,sex_m,geo_cov_nat,mts_aggregate_2,2000,59.728
est,sex_m,geo_cov_nat,mts_aggregate_2,2001,65.191
est,sex_m,geo_cov_nat,mts_aggregate_2,2002,69.894
est,sex_m,geo_cov_nat,mts_aggregate_2,2003,59.899
est,sex_m,geo_cov_nat,mts_aggregate_2,2004,55.644
est,sex_m,geo_cov_nat,mts_aggregate_2,2005,66.943
est,sex_m,geo_cov_nat,mts_aggregate_2,2006,67.711
est,sex_m,geo_cov_nat,mts_aggregate_2,2007,69.225
est,sex_m,geo_cov_nat,mts_aggregate_2,2008,65.854
est,sex_m,geo_cov_nat,mts_aggregate_2,2009,64.338
est,sex_m,geo_cov_nat,mts_aggregate_2,2010,68.062
est,sex_m,geo_cov_nat,mts_aggregate_2,2011,65.768
est,sex_m,geo_cov_nat,mts_aggregate_2,2012,65.118
est,sex_m,geo_cov_nat,mts_aggregate_2,2013,69.08
est,sex_m,geo_cov_nat,mts_aggregate_2,2014,67.388
est,sex_m,geo_cov_nat,mts_aggregate_2,2015,70.954
est,sex_m,geo_cov_nat,mts_aggregate_2,2016,66.202
est,sex_m,geo_cov_nat,mts_aggregate_2,2017,68.039
est,sex_m,geo_cov_nat,mts_aggregate_2,2018,67.033
est,sex_m,geo_cov_nat,mts_aggregate_2,2019,62.568
est,sex_m,geo_cov_nat,mts_aggregate_2,2020,66.97
est,sex_m,geo_cov_nat,mts_aggregate_total,1997,139.135
est,sex_m,geo_cov_nat,mts_aggregate_total,1998,156.801
est,sex_m,geo_cov_nat,mts_aggregate_total,1999,167.413
est,sex_m,geo_cov_nat,mts_aggregate_total,2000,180.078
est,sex_m,geo_cov_nat,mts_aggregate_total,2001,184.544
est,sex_m,geo_cov_nat,mts_aggregate_total,2002,186.494
est,sex_m,geo_cov_nat,mts_aggregate_total,2003,176.72
est,sex_m,geo_cov_nat,mts_aggregate_total,2004,181.717
est,sex_m,geo_cov_nat,mts_aggregate_total,2005,187.149
est,sex_m,geo_cov_nat,mts_aggregate_total,2006,170.53
est,sex_m,geo_cov_nat,mts_aggregate_total,2007,166.102
est,sex_m,geo_cov_nat,mts_aggregate_total,2008,163.276
est,sex_m,geo_cov_nat,mts_aggregate_total,2009,166.872
est,sex_m,geo_cov_nat,mts_aggregate_total,2010,171.099
est,sex_m,geo_cov_nat,mts_aggregate_total,2011,164.234
est,sex_m,geo_cov_nat,mts_aggregate_total,2012,161.252
est,sex_m,geo_cov_nat,mts_aggregate_total,2013,160.82
est,sex_m,geo_cov_nat,mts_aggregate_total,2014,157.889
est,sex_m,geo_cov_nat,mts_aggregate_total,2015,154.533
est,sex_m,geo_cov_nat,mts_aggregate_total,2016,149.779
est,sex_m,geo_cov_nat,mts_aggregate_total,2017,145.275
est,sex_m,geo_cov_nat,mts_aggregate_total,2018,146.684
est,sex_m,geo_cov_nat,mts_aggregate_total,2019,150.948
est,sex_m,geo_cov_nat,mts_aggregate_total,2020,151.771
est,sex_m,geo_cov_rur,mts_aggregate_1,1997,78.691
est,sex_m,geo_cov_rur,mts_aggregate_1,1998,88.583
est,sex_m,geo_cov_rur,mts_aggregate_1,1999,100.62
est,sex_m,geo_cov_rur,mts_aggregate_1,2000,120.35
est,sex_m,geo_cov_rur,mts_aggregate_1,2001,119.353
est,sex_m,geo_cov_rur,mts_aggregate_1,2002,116.6
est,sex_m,geo_cov_rur,mts_aggregate_1,2003,116.821
est,sex_m,geo_cov_rur,mts_aggregate_1,2004,126.073
est,sex_m,geo_cov_rur,mts_aggregate_1,2005,72.48
est,sex_m,geo_cov_rur,mts_aggregate_1,2006,62.698
est,sex_m,geo_cov_rur,mts_aggregate_1,2007,59.861
est,sex_m,geo_cov_rur,mts_aggregate_1,2008,61.955
est,sex_m,geo_cov_rur,mts_aggregate_1,2009,64.902
est,sex_m,geo_cov_rur,mts_aggregate_1,2010,63.648
est,sex_m,geo_cov_rur,mts_aggregate_1,2011,60.053
est,sex_m,geo_cov_rur,mts_aggregate_1,2012,47.536
est,sex_m,geo_cov_rur,mts_aggregate_1,2013,42.105
est,sex_m,geo_cov_rur,mts_aggregate_1,2014,45.096
est,sex_m,geo_cov_rur,mts_aggregate_1,2015,41.322
est,sex_m,geo_cov_rur,mts_aggregate_1,2016,42.547
est,sex_m,geo_cov_rur,mts_aggregate_1,2017,32.831
est,sex_m,geo_cov_rur,mts_aggregate_1,2018,37.402
est,sex_m,geo_cov_rur,mts_aggregate_1,2019,43.341
est,sex_m,geo_cov_rur,mts_aggregate_1,2020,38.062
est,sex_m,geo_cov_rur,mts_aggregate_2,1997,60.444
est,sex_m,geo_cov_rur,mts_aggregate_2,1998,68.218
est,sex_m,geo_cov_rur,mts_aggregate_2,1999,66.793
est,sex_m,geo_cov_rur,mts_aggregate_2,2000,59.728
est,sex_m,geo_cov_rur,mts_aggregate_2,2001,65.191
est,sex_m,geo_cov_rur,mts_aggregate_2,2002,69.894
est,sex_m,geo_cov_rur,mts_aggregate_2,2003,59.899
est,sex_m,geo_cov_rur,mts_aggregate_2,2004,55.644
est,sex_m,geo_cov_rur,mts_aggregate_2,2005,38.721
est,sex_m,geo_cov_rur,mts_aggregate_2,2006,40.414
est,sex_m,geo_cov_rur,mts_aggregate_2,2007,38.16
est,sex_m,geo_cov_rur,mts_aggregate_2,2008,33.364
est,sex_m,geo_cov_rur,mts_aggregate_2,2009,36.855
est,sex_m,geo_cov_rur,mts_aggregate_2,2010,38.166
est,sex_m,geo_cov_rur,mts_aggregate_2,2011,39.287
est,sex_m,geo_cov_rur,mts_aggregate_2,2012,31.895
est,sex_m,geo_cov_rur,mts_aggregate_2,2013,31.523
est,sex_m,geo_cov_rur,mts_aggregate_2,2014,29.484
est,sex_m,geo_cov_rur,mts_aggregate_2,2015,30.783
est,sex_m,geo_cov_rur,mts_aggregate_2,2016,29.526
est,sex_m,geo_cov_rur,mts_aggregate_2,2017,24.641
est,sex_m,geo_cov_rur,mts_aggregate_2,2018,26.512
est,sex_m,geo_cov_rur,mts_aggregate_2,2019,25.967
est,sex_m,geo_cov_rur,mts_aggregate_2,2020,25.526
est,sex_m,geo_cov_rur,mts_aggregate_total,1997,139.135
est,sex_m,geo_cov_rur,mts_aggregate_total,1998,156.801
est,sex_m,geo_cov_rur,mts_aggregate_total,1999,167.413
est,sex_m,geo_cov_rur,mts_aggregate_total,2000,180.078
est,sex_m,geo_cov_rur,mts_aggregate_total,2001,184.544
est,sex_m,geo_cov_rur,mts_aggregate_total,2002,186.494
est,sex_m,geo_cov_rur,mts_aggregate_total,2003,176.72
est,sex_m,geo_cov_rur,mts_aggregate_total,2004,181.717
est,sex_m,geo_cov_rur,mts_aggregate_total,2005,111.202
est,sex_m,geo_cov_rur,mts_aggregate_total,2006,103.112
est,sex_m,geo_cov_rur,mts_aggregate_total,2007,98.021
est,sex_m,geo_cov_rur,mts_aggregate_total,2008,95.318
est,sex_m,geo_cov_rur,mts_aggregate_total,2009,101.758
est,sex_m,geo_cov_rur,mts_aggregate_total,2010,101.815
est,sex_m,geo_cov_rur,mts_aggregate_total,2011,99.341
est,sex_m,geo_cov_rur,mts_aggregate_total,2012,79.431
est,sex_m,geo_cov_rur,mts_aggregate_total,2013,73.627
est,sex_m,geo_cov_rur,mts_aggregate_total,2014,74.58
est,sex_m,geo_cov_rur,mts_aggregate_total,2015,72.105
est,sex_m,geo_cov_rur,mts_aggregate_total,2016,72.073
est,sex_m,geo_cov_rur,mts_aggregate_total,2017,57.472
est,sex_m,geo_cov_rur,mts_aggregate_total,2018,63.914
est,sex_m,geo_cov_rur,mts_aggregate_total,2019,69.308
est,sex_m,geo_cov_rur,mts_aggregate_total,2020,63.588
est,sex_m,geo_cov_urb,mts_aggregate_1,1997,0
est,sex_m,geo_cov_urb,mts_aggregate_1,1998,0
est,sex_m,geo_cov_urb,mts_aggregate_1,1999,0
est,sex_m,geo_cov_urb,mts_aggregate_1,2000,0
est,sex_m,geo_cov_urb,mts_aggregate_1,2001,0
est,sex_m,geo_cov_urb,mts_aggregate_1,2002,0
est,sex_m,geo_cov_urb,mts_aggregate_1,2003,0
est,sex_m,geo_cov_urb,mts_aggregate_1,2004,0
est,sex_m,geo_cov_urb,mts_aggregate_1,2005,47.44
est,sex_m,geo_cov_urb,mts_aggregate_1,2006,40.121
est,sex_m,geo_cov_urb,mts_aggregate_1,2007,37.016
est,sex_m,geo_cov_urb,mts_aggregate_1,2008,35.467
est,sex_m,geo_cov_urb,mts_aggregate_1,2009,37.632
est,sex_m,geo_cov_urb,mts_aggregate_1,2010,39.388
est,sex_m,geo_cov_urb,mts_aggregate_1,2011,38.413
est,sex_m,geo_cov_urb,mts_aggregate_1,2012,48.597
est,sex_m,geo_cov_urb,mts_aggregate_1,2013,49.635
est,sex_m,geo_cov_urb,mts_aggregate_1,2014,45.406
est,sex_m,geo_cov_urb,mts_aggregate_1,2015,42.257
est,sex_m,geo_cov_urb,mts_aggregate_1,2016,41.03
est,sex_m,geo_cov_urb,mts_aggregate_1,2017,44.405
est,sex_m,geo_cov_urb,mts_aggregate_1,2018,42.249
est,sex_m,geo_cov_urb,mts_aggregate_1,2019,45.039
est,sex_m,geo_cov_urb,mts_aggregate_1,2020,46.739
est,sex_m,geo_cov_urb,mts_aggregate_2,1997,0
est,sex_m,geo_cov_urb,mts_aggregate_2,1998,0
est,sex_m,geo_cov_urb,mts_aggregate_2,1999,0
est,sex_m,geo_cov_urb,mts_aggregate_2,2000,0
est,sex_m,geo_cov_urb,mts_aggregate_2,2001,0
est,sex_m,geo_cov_urb,mts_aggregate_2,2002,0
est,sex_m,geo_cov_urb,mts_aggregate_2,2003,0
est,sex_m,geo_cov_urb,mts_aggregate_2,2004,0
est,sex_m,geo_cov_urb,mts_aggregate_2,2005,28.221
est,sex_m,geo_cov_urb,mts_aggregate_2,2006,27.297
est,sex_m,geo_cov_urb,mts_aggregate_2,2007,31.065
est,sex_m,geo_cov_urb,mts_aggregate_2,2008,32.491
est,sex_m,geo_cov_urb,mts_aggregate_2,2009,27.482
est,sex_m,geo_cov_urb,mts_aggregate_2,2010,29.896
est,sex_m,geo_cov_urb,mts_aggregate_2,2011,26.48
est,sex_m,geo_cov_urb,mts_aggregate_2,2012,33.223
est,sex_m,geo_cov_urb,mts_aggregate_2,2013,37.557
est,sex_m,geo_cov_urb,mts_aggregate_2,2014,37.904
est,sex_m,geo_cov_urb,mts_aggregate_2,2015,40.171
est,sex_m,geo_cov_urb,mts_aggregate_2,2016,36.676
est,sex_m,geo_cov_urb,mts_aggregate_2,2017,43.398
est,sex_m,geo_cov_urb,mts_aggregate_2,2018,40.521
est,sex_m,geo_cov_urb,mts_aggregate_2,2019,36.601
est,sex_m,geo_cov_urb,mts_aggregate_2,2020,41.444
est,sex_m,geo_cov_urb,mts_aggregate_total,1997,0
est,sex_m,geo_cov_urb,mts_aggregate_total,1998,0
est,sex_m,geo_cov_urb,mts_aggregate_total,1999,0
est,sex_m,geo_cov_urb,mts_aggregate_total,2000,0
est,sex_m,geo_cov_urb,mts_aggregate_total,2001,0
est,sex_m,geo_cov_urb,mts_aggregate_total,2002,0
est,sex_m,geo_cov_urb,mts_aggregate_total,2003,0
est,sex_m,geo_cov_urb,mts_aggregate_total,2004,0
est,sex_m,geo_cov_urb,mts_aggregate_total,2005,75.947
est,sex_m,geo_cov_urb,mts_aggregate_total,2006,67.418
est,sex_m,geo_cov_urb,mts_aggregate_total,2007,68.081
est,sex_m,geo_cov_urb,mts_aggregate_total,2008,67.958
est,sex_m,geo_cov_urb,mts_aggregate_total,2009,65.115
est,sex_m,geo_cov_urb,mts_aggregate_total,2010,69.284
est,sex_m,geo_cov_urb,mts_aggregate_total,2011,64.893
est,sex_m,geo_cov_urb,mts_aggregate_total,2012,81.82
est,sex_m,geo_cov_urb,mts_aggregate_total,2013,87.192
est,sex_m,geo_cov_urb,mts_aggregate_total,2014,83.309
est,sex_m,geo_cov_urb,mts_aggregate_total,2015,82.428
est,sex_m,geo_cov_urb,mts_aggregate_total,2016,77.706
est,sex_m,geo_cov_urb,mts_aggregate_total,2017,87.803
est,sex_m,geo_cov_urb,mts_aggregate_total,2018,82.77
est,sex_m,geo_cov_urb,mts_aggregate_total,2019,81.64
est,sex_m,geo_cov_urb,mts_aggregate_total,2020,88.183
est,sex_t,geo_cov_nat,mts_aggregate_1,1997,198.328
est,sex_t,geo_cov_nat,mts_aggregate_1,1998,288.552
est,sex_t,geo_cov_nat,mts_aggregate_1,1999,305.605
est,sex_t,geo_cov_nat,mts_aggregate_1,2000,334.095
est,sex_t,geo_cov_nat,mts_aggregate_1,2001,323.819
est,sex_t,geo_cov_nat,mts_aggregate_1,2002,330.326
est,sex_t,geo_cov_nat,mts_aggregate_1,2003,336.062
est,sex_t,geo_cov_nat,mts_aggregate_1,2004,335.534
est,sex_t,geo_cov_nat,mts_aggregate_1,2005,325.112
est,sex_t,geo_cov_nat,mts_aggregate_1,2006,306.284
est,sex_t,geo_cov_nat,mts_aggregate_1,2007,298.87
est,sex_t,geo_cov_nat,mts_aggregate_1,2008,291.57
est,sex_t,geo_cov_nat,mts_aggregate_1,2009,301.115
est,sex_t,geo_cov_nat,mts_aggregate_1,2010,297.434
est,sex_t,geo_cov_nat,mts_aggregate_1,2011,294.258
est,sex_t,geo_cov_nat,mts_aggregate_1,2012,293.758
est,sex_t,geo_cov_nat,mts_aggregate_1,2013,276.199
est,sex_t,geo_cov_nat,mts_aggregate_1,2014,276.264
est,sex_t,geo_cov_nat,mts_aggregate_1,2015,268.739
est,sex_t,geo_cov_nat,mts_aggregate_1,2016,262.43
est,sex_t,geo_cov_nat,mts_aggregate_1,2017,249.771
est,sex_t,geo_cov_nat,mts_aggregate_1,2018,249.321
est,sex_t,geo_cov_nat,mts_aggregate_1,2019,262.878
est,sex_t,geo_cov_nat,mts_aggregate_1,2020,261.861
est,sex_t,geo_cov_nat,mts_aggregate_2,1997,180.647
est,sex_t,geo_cov_nat,mts_aggregate_2,1998,163.594
est,sex_t,geo_cov_nat,mts_aggregate_2,1999,162.718
est,sex_t,geo_cov_nat,mts_aggregate_2,2000,146.97
est,sex_t,geo_cov_nat,mts_aggregate_2,2001,163.165
est,sex_t,geo_cov_nat,mts_aggregate_2,2002,162.493
est,sex_t,geo_cov_nat,mts_aggregate_2,2003,140.246
est,sex_t,geo_cov_nat,mts_aggregate_2,2004,139.482
est,sex_t,geo_cov_nat,mts_aggregate_2,2005,152.814
est,sex_t,geo_cov_nat,mts_aggregate_2,2006,147.275
est,sex_t,geo_cov_nat,mts_aggregate_2,2007,153.508
est,sex_t,geo_cov_nat,mts_aggregate_2,2008,152.502
est,sex_t,geo_cov_nat,mts_aggregate_2,2009,145.752
est,sex_t,geo_cov_nat,mts_aggregate_2,2010,150.136
est,sex_t,geo_cov_nat,mts_aggregate_2,2011,141.019
est,sex_t,geo_cov_nat,mts_aggregate_2,2012,138.653
est,sex_t,geo_cov_nat,mts_aggregate_2,2013,154.337
est,sex_t,geo_cov_nat,mts_aggregate_2,2014,154.284
est,sex_t,geo_cov_nat,mts_aggregate_2,2015,149.215
est,sex_t,geo_cov_nat,mts_aggregate_2,2016,147.977
est,sex_t,geo_cov_nat,mts_aggregate_2,2017,150.897
est,sex_t,geo_cov_nat,mts_aggregate_2,2018,150.436
est,sex_t,geo_cov_nat,mts_aggregate_2,2019,139.828
est,sex_t,geo_cov_nat,mts_aggregate_2,2020,142.03
est,sex_t,geo_cov_nat,mts_aggregate_total,1997,378.975
est,sex_t,geo_cov_nat,mts_aggregate_total,1998,452.146
est,sex_t,geo_cov_nat,mts_aggregate_total,1999,468.323
est,sex_t,geo_cov_nat,mts_aggregate_total,2000,481.065
est,sex_t,geo_cov_nat,mts_aggregate_total,2001,486.984
est,sex_t,geo_cov_nat,mts_aggregate_total,2002,492.819
est,sex_t,geo_cov_nat,mts_aggregate_total,2003,476.308
est,sex_t,geo_cov_nat,mts_aggregate_total,2004,475.016
est,sex_t,geo_cov_nat,mts_aggregate_total,2005,478.6
est,sex_t,geo_cov_nat,mts_aggregate_total,2006,453.559
est,sex_t,geo_cov_nat,mts_aggregate_total,2007,452.378
est,sex_t,geo_cov_nat,mts_aggregate_total,2008,444.072
est,sex_t,geo_cov_nat,mts_aggregate_total,2009,446.867
est,sex_t,geo_cov_nat,mts_aggregate_total,2010,447.569
est,sex_t,geo_cov_nat,mts_aggregate_total,2011,435.278
est,sex_t,geo_cov_nat,mts_aggregate_total,2012,432.411
est,sex_t,geo_cov_nat,mts_aggregate_total,2013,430.536
est,sex_t,geo_cov_nat,mts_aggregate_total,2014,430.548
est,sex_t,geo_cov_nat,mts_aggregate_total,2015,417.954
est,sex_t,geo_cov_nat,mts_aggregate_total,2016,410.406
est,sex_t,geo_cov_nat,mts_aggregate_total,2017,400.668
est,sex_t,geo_cov_nat,mts_aggregate_total,2018,399.758
est,sex_t,geo_cov_nat,mts_aggregate_total,2019,402.706
est,sex_t,geo_cov_nat,mts_aggregate_total,2020,403.891
est,sex_t,geo_cov_nat,mts_aggregate_x,2005,0.675
est,sex_t,geo_cov_rur,mts_aggregate_1,1997,198.328
est,sex_t,geo_cov_rur,mts_aggregate_1,1998,288.552
est,sex_t,geo_cov_rur,mts_aggregate_1,1999,305.605
est,sex_t,geo_cov_rur,mts_aggregate_1,2000,334.095
est,sex_t,geo_cov_rur,mts_aggregate_1,2001,323.819
est,sex_t,geo_cov_rur,mts_aggregate_1,2002,330.326
est,sex_t,geo_cov_rur,mts_aggregate_1,2003,336.062
est,sex_t,geo_cov_rur,mts_aggregate_1,2004,335.534
est,sex_t,geo_cov_rur,mts_aggregate_1,2005,194.019
est,sex_t,geo_cov_rur,mts_aggregate_1,2006,177.899
est,sex_t,geo_cov_rur,mts_aggregate_1,2007,169.107
est,sex_t,geo_cov_rur,mts_aggregate_1,2008,170.839
est,sex_t,geo_cov_rur,mts_aggregate_1,2009,177.018
est,sex_t,geo_cov_rur,mts_aggregate_1,2010,163.426
est,sex_t,geo_cov_rur,mts_aggregate_1,2011,161.814
est,sex_t,geo_cov_rur,mts_aggregate_1,2012,128.063
est,sex_t,geo_cov_rur,mts_aggregate_1,2013,116.095
est,sex_t,geo_cov_rur,mts_aggregate_1,2014,123.305
est,sex_t,geo_cov_rur,mts_aggregate_1,2015,119.086
est,sex_t,geo_cov_rur,mts_aggregate_1,2016,124.758
est,sex_t,geo_cov_rur,mts_aggregate_1,2017,97.049
est,sex_t,geo_cov_rur,mts_aggregate_1,2018,102.207
est,sex_t,geo_cov_rur,mts_aggregate_1,2019,111.644
est,sex_t,geo_cov_rur,mts_aggregate_1,2020,107.369
est,sex_t,geo_cov_rur,mts_aggregate_2,1997,180.647
est,sex_t,geo_cov_rur,mts_aggregate_2,1998,163.594
est,sex_t,geo_cov_rur,mts_aggregate_2,1999,162.718
est,sex_t,geo_cov_rur,mts_aggregate_2,2000,146.97
est,sex_t,geo_cov_rur,mts_aggregate_2,2001,163.165
est,sex_t,geo_cov_rur,mts_aggregate_2,2002,162.493
est,sex_t,geo_cov_rur,mts_aggregate_2,2003,140.246
est,sex_t,geo_cov_rur,mts_aggregate_2,2004,139.482
est,sex_t,geo_cov_rur,mts_aggregate_2,2005,84.62
est,sex_t,geo_cov_rur,mts_aggregate_2,2006,82.389
est,sex_t,geo_cov_rur,mts_aggregate_2,2007,80.018
est,sex_t,geo_cov_rur,mts_aggregate_2,2008,72.958
est,sex_t,geo_cov_rur,mts_aggregate_2,2009,76.187
est,sex_t,geo_cov_rur,mts_aggregate_2,2010,81.925
est,sex_t,geo_cov_rur,mts_aggregate_2,2011,83.434
est,sex_t,geo_cov_rur,mts_aggregate_2,2012,63.991
est,sex_t,geo_cov_rur,mts_aggregate_2,2013,69.329
est,sex_t,geo_cov_rur,mts_aggregate_2,2014,69.233
est,sex_t,geo_cov_rur,mts_aggregate_2,2015,61.878
est,sex_t,geo_cov_rur,mts_aggregate_2,2016,61.909
est,sex_t,geo_cov_rur,mts_aggregate_2,2017,51.906
est,sex_t,geo_cov_rur,mts_aggregate_2,2018,56.35
est,sex_t,geo_cov_rur,mts_aggregate_2,2019,56.243
est,sex_t,geo_cov_rur,mts_aggregate_2,2020,57.16
est,sex_t,geo_cov_rur,mts_aggregate_total,1997,378.975
est,sex_t,geo_cov_rur,mts_aggregate_total,1998,452.146
est,sex_t,geo_cov_rur,mts_aggregate_total,1999,468.323
est,sex_t,geo_cov_rur,mts_aggregate_total,2000,481.065
est,sex_t,geo_cov_rur,mts_aggregate_total,2001,486.984
est,sex_t,geo_cov_rur,mts_aggregate_total,2002,492.819
est,sex_t,geo_cov_rur,mts_aggregate_total,2003,476.308
est,sex_t,geo_cov_rur,mts_aggregate_total,2004,475.016
est,sex_t,geo_cov_rur,mts_aggregate_total,2005,278.919
est,sex_t,geo_cov_rur,mts_aggregate_total,2006,260.287
est,sex_t,geo_cov_rur,mts_aggregate_total,2007,249.125
est,sex_t,geo_cov_rur,mts_aggregate_total,2008,243.796
est,sex_t,geo_cov_rur,mts_aggregate_total,2009,253.205
est,sex_t,geo_cov_rur,mts_aggregate_total,2010,245.351
est,sex_t,geo_cov_rur,mts_aggregate_total,2011,245.248
est,sex_t,geo_cov_rur,mts_aggregate_total,2012,192.054
est,sex_t,geo_cov_rur,mts_aggregate_total,2013,185.424
est,sex_t,geo_cov_rur,mts_aggregate_total,2014,192.538
est,sex_t,geo_cov_rur,mts_aggregate_total,2015,180.964
est,sex_t,geo_cov_rur,mts_aggregate_total,2016,186.667
est,sex_t,geo_cov_rur,mts_aggregate_total,2017,148.954
est,sex_t,geo_cov_rur,mts_aggregate_total,2018,158.556
est,sex_t,geo_cov_rur,mts_aggregate_total,2019,167.887
est,sex_t,geo_cov_rur,mts_aggregate_total,2020,164.528
est,sex_t,geo_cov_urb,mts_aggregate_1,1997,0
est,sex_t,geo_cov_urb,mts_aggregate_1,1998,0
est,sex_t,geo_cov_urb,mts_aggregate_1,1999,0
est,sex_t,geo_cov_urb,mts_aggregate_1,2000,0
est,sex_t,geo_cov_urb,mts_aggregate_1,2001,0
est,sex_t,geo_cov_urb,mts_aggregate_1,2002,0
est,sex_t,geo_cov_urb,mts_aggregate_1,2003,0
est,sex_t,geo_cov_urb,mts_aggregate_1,2004,0
est,sex_t,geo_cov_urb,mts_aggregate_1,2005,131.092
est,sex_t,geo_cov_urb,mts_aggregate_1,2006,128.385
est,sex_t,geo_cov_urb,mts_aggregate_1,2007,129.763
est,sex_t,geo_cov_urb,mts_aggregate_1,2008,120.732
est,sex_t,geo_cov_urb,mts_aggregate_1,2009,124.096
est,sex_t,geo_cov_urb,mts_aggregate_1,2010,134.007
est,sex_t,geo_cov_urb,mts_aggregate_1,2011,132.445
est,sex_t,geo_cov_urb,mts_aggregate_1,2012,165.695
est,sex_t,geo_cov_urb,mts_aggregate_1,2013,160.104
est,sex_t,geo_cov_urb,mts_aggregate_1,2014,152.958
est,sex_t,geo_cov_urb,mts_aggregate_1,2015,149.653
est,sex_t,geo_cov_urb,mts_aggregate_1,2016,137.672
est,sex_t,geo_cov_urb,mts_aggregate_1,2017,152.723
est,sex_t,geo_cov_urb,mts_aggregate_1,2018,147.115
est,sex_t,geo_cov_urb,mts_aggregate_1,2019,151.234
est,sex_t,geo_cov_urb,mts_aggregate_1,2020,154.492
est,sex_t,geo_cov_urb,mts_aggregate_2,1997,0
est,sex_t,geo_cov_urb,mts_aggregate_2,1998,0
est,sex_t,geo_cov_urb,mts_aggregate_2,1999,0
est,sex_t,geo_cov_urb,mts_aggregate_2,2000,0
est,sex_t,geo_cov_urb,mts_aggregate_2,2001,0
est,sex_t,geo_cov_urb,mts_aggregate_2,2002,0
est,sex_t,geo_cov_urb,mts_aggregate_2,2003,0
est,sex_t,geo_cov_urb,mts_aggregate_2,2004,0
est,sex_t,geo_cov_urb,mts_aggregate_2,2005,68.193
est,sex_t,geo_cov_urb,mts_aggregate_2,2006,64.887
est,sex_t,geo_cov_urb,mts_aggregate_2,2007,73.49
est,sex_t,geo_cov_urb,mts_aggregate_2,2008,79.544
est,sex_t,geo_cov_urb,mts_aggregate_2,2009,69.565
est,sex_t,geo_cov_urb,mts_aggregate_2,2010,68.211
est,sex_t,geo_cov_urb,mts_aggregate_2,2011,57.585
est,sex_t,geo_cov_urb,mts_aggregate_2,2012,74.662
est,sex_t,geo_cov_urb,mts_aggregate_2,2013,85.008
est,sex_t,geo_cov_urb,mts_aggregate_2,2014,85.051
est,sex_t,geo_cov_urb,mts_aggregate_2,2015,87.337
est,sex_t,geo_cov_urb,mts_aggregate_2,2016,86.068
est,sex_t,geo_cov_urb,mts_aggregate_2,2017,98.991
est,sex_t,geo_cov_urb,mts_aggregate_2,2018,94.087
est,sex_t,geo_cov_urb,mts_aggregate_2,2019,83.585
est,sex_t,geo_cov_urb,mts_aggregate_2,2020,84.871
est,sex_t,geo_cov_urb,mts_aggregate_total,1997,0
est,sex_t,geo_cov_urb,mts_aggregate_total,1998,0
est,sex_t,geo_cov_urb,mts_aggregate_total,1999,0
est,sex_t,geo_cov_urb,mts_aggregate_total,2000,0
est,sex_t,geo_cov_urb,mts_aggregate_total,2001,0
est,sex_t,geo_cov_urb,mts_aggregate_total,2002,0
est,sex_t,geo_cov_urb,mts_aggregate_total,2003,0
est,sex_t,geo_cov_urb,mts_aggregate_total,2004,0
est,sex_t,geo_cov_urb,mts_aggregate_total,2005,199.681
est,sex_t,geo_cov_urb,mts_aggregate_total,2006,193.272
est,sex_t,geo_cov_urb,mts_aggregate_total,2007,203.252
est,sex_t,geo_cov_urb,mts_aggregate_total,2008,200.276
est,sex_t,geo_cov_urb,mts_aggregate_total,2009,193.661
est,sex_t,geo_cov_urb,mts_aggregate_total,2010,202.218
est,sex_t,geo_cov_urb,mts_aggregate_total,2011,190.03
est,sex_t,geo_cov_urb,mts_aggregate_total,2012,240.358
est,sex_t,geo_cov_urb,mts_aggregate_total,2013,245.111
est,sex_t,geo_cov_urb,mts_aggregate_total,2014,238.01
est,sex_t,geo_cov_urb,mts_aggregate_total,2015,236.99
est,sex_t,geo_cov_urb,mts_aggregate_total,2016,223.739
est,sex_t,geo_cov_urb,mts_aggregate_total,2017,251.714
est,sex_t,geo_cov_urb,mts_aggregate_total,2018,241.201
est,sex_t,geo_cov_urb,mts_aggregate_total,2019,234.819
est,sex_t,geo_cov_urb,mts_aggregate_total,2020,239.363
est,sex_t,geo_cov_urb,mts_aggregate_x,2005,0.395
eth,sex_f,geo_cov_nat,mts_aggregate_1,1999,2771.142
eth,sex_f,geo_cov_nat,mts_aggregate_1,2013,2964.757
eth,sex_f,geo_cov_nat,mts_aggregate_1,2021,5373.804
eth,sex_f,geo_cov_nat,mts_aggregate_2,1999,4039.385
eth,sex_f,geo_cov_nat,mts_aggregate_2,2013,2866.546
eth,sex_f,geo_cov_nat,mts_aggregate_2,2021,6768.186
eth,sex_f,geo_cov_nat,mts_aggregate_total,1999,6816.017
eth,sex_f,geo_cov_nat,mts_aggregate_total,2013,5831.304
eth,sex_f,geo_cov_nat,mts_aggregate_total,2021,12141.99
eth,sex_f,geo_cov_nat,mts_aggregate_x,1999,5.49
eth,sex_f,geo_cov_nat,mts_details_mrd,1999,4039.385
eth,sex_f,geo_cov_nat,mts_details_mrd,2013,2852.875
eth,sex_f,geo_cov_nat,mts_details_mrd,2021,6657.409
eth,sex_f,geo_cov_nat,mts_details_sep,1999,512.244
eth,sex_f,geo_cov_nat,mts_details_sep,2013,306.283
eth,sex_f,geo_cov_nat,mts_details_sep,2021,513.932
eth,sex_f,geo_cov_nat,mts_details_sgle,1999,1259.536
eth,sex_f,geo_cov_nat,mts_details_sgle,2013,1702.384
eth,sex_f,geo_cov_nat,mts_details_sgle,2021,3484.06
eth,sex_f,geo_cov_nat,mts_details_total,1999,6816.017
eth,sex_f,geo_cov_nat,mts_details_total,2013,5831.304
eth,sex_f,geo_cov_nat,mts_details_total,2021,12141.99
eth,sex_f,geo_cov_nat,mts_details_union,2013,13.671
eth,sex_f,geo_cov_nat,mts_details_union,2021,110.777
eth,sex_f,geo_cov_nat,mts_details_wid,1999,999.362
eth,sex_f,geo_cov_nat,mts_details_wid,2013,956.09
eth,sex_f,geo_cov_nat,mts_details_wid,2021,1375.812
eth,sex_f,geo_cov_nat,mts_details_x,1999,5.49
eth,sex_f,geo_cov_rur,mts_aggregate_1,1999,2047.842
eth,sex_f,geo_cov_rur,mts_aggregate_1,2013,1729.96
eth,sex_f,geo_cov_rur,mts_aggregate_1,2021,3650.774
eth,sex_f,geo_cov_rur,mts_aggregate_2,1999,3584.088
eth,sex_f,geo_cov_rur,mts_aggregate_2,2013,1938.072
eth,sex_f,geo_cov_rur,mts_aggregate_2,2021,5074.378
eth,sex_f,geo_cov_rur,mts_aggregate_total,1999,5636.085
eth,sex_f,geo_cov_rur,mts_aggregate_total,2013,3668.033
eth,sex_f,geo_cov_rur,mts_aggregate_total,2021,8725.152
eth,sex_f,geo_cov_rur,mts_aggregate_x,1999,4.156
eth,sex_f,geo_cov_rur,mts_details_mrd,1999,3584.088
eth,sex_f,geo_cov_rur,mts_details_mrd,2013,1933.371
eth,sex_f,geo_cov_rur,mts_details_mrd,2021,4972.009
eth,sex_f,geo_cov_rur,mts_details_sep,1999,410.961
eth,sex_f,geo_cov_rur,mts_details_sep,2013,183.863
eth,sex_f,geo_cov_rur,mts_details_sep,2021,344.756
eth,sex_f,geo_cov_rur,mts_details_sgle,1999,788.849
eth,sex_f,geo_cov_rur,mts_details_sgle,2013,883.577
eth,sex_f,geo_cov_rur,mts_details_sgle,2021,2280.277
eth,sex_f,geo_cov_rur,mts_details_total,1999,5636.085
eth,sex_f,geo_cov_rur,mts_details_total,2013,3668.033
eth,sex_f,geo_cov_rur,mts_details_total,2021,8725.152
eth,sex_f,geo_cov_rur,mts_details_union,2013,4.702
eth,sex_f,geo_cov_rur,mts_details_union,2021,102.37
eth,sex_f,geo_cov_rur,mts_details_wid,1999,848.032
eth,sex_f,geo_cov_rur,mts_details_wid,2013,662.521
eth,sex_f,geo_cov_rur,mts_details_wid,2021,1025.741
eth,sex_f,geo_cov_rur,mts_details_x,1999,4.156
eth,sex_f,geo_cov_urb,mts_aggregate_1,1999,723.301
eth,sex_f,geo_cov_urb,mts_aggregate_1,2013,1234.797
eth,sex_f,geo_cov_urb,mts_aggregate_1,2021,1723.03
eth,sex_f,geo_cov_urb,mts_aggregate_2,1999,455.297
eth,sex_f,geo_cov_urb,mts_aggregate_2,2013,928.474
eth,sex_f,geo_cov_urb,mts_aggregate_2,2021,1693.808
eth,sex_f,geo_cov_urb,mts_aggregate_total,1999,1179.932
eth,sex_f,geo_cov_urb,mts_aggregate_total,2013,2163.271
eth,sex_f,geo_cov_urb,mts_aggregate_total,2021,3416.838
eth,sex_f,geo_cov_urb,mts_aggregate_x,1999,1.335
eth,sex_f,geo_cov_urb,mts_details_mrd,1999,455.297
eth,sex_f,geo_cov_urb,mts_details_mrd,2013,919.505
eth,sex_f,geo_cov_urb,mts_details_mrd,2021,1685.4
eth,sex_f,geo_cov_urb,mts_details_sep,1999,101.283
eth,sex_f,geo_cov_urb,mts_details_sep,2013,122.42
eth,sex_f,geo_cov_urb,mts_details_sep,2021,169.176
eth,sex_f,geo_cov_urb,mts_details_sgle,1999,470.687
eth,sex_f,geo_cov_urb,mts_details_sgle,2013,818.807
eth,sex_f,geo_cov_urb,mts_details_sgle,2021,1203.783
eth,sex_f,geo_cov_urb,mts_details_total,1999,1179.932
eth,sex_f,geo_cov_urb,mts_details_total,2013,2163.271
eth,sex_f,geo_cov_urb,mts_details_total,2021,3416.838
eth,sex_f,geo_cov_urb,mts_details_union,2013,8.97
eth,sex_f,geo_cov_urb,mts_details_union,2021,8.408
eth,sex_f,geo_cov_urb,mts_details_wid,1999,151.33
eth,sex_f,geo_cov_urb,mts_details_wid,2013,293.57
eth,sex_f,geo_cov_urb,mts_details_wid,2021,350.071
eth,sex_f,geo_cov_urb,mts_details_x,1999,1.335
eth,sex_m,geo_cov_nat,mts_aggregate_1,1999,1491.676
eth,sex_m,geo_cov_nat,mts_aggregate_1,2013,1881.883
eth,sex_m,geo_cov_nat,mts_aggregate_1,2021,4237.574
eth,sex_m,geo_cov_nat,mts_aggregate_2,1999,1320.798
eth,sex_m,geo_cov_nat,mts_aggregate_2,2013,674
eth,sex_m,geo_cov_nat,mts_aggregate_2,2021,1557.257
eth,sex_m,geo_cov_nat,mts_aggregate_total,1999,2814.137
eth,sex_m,geo_cov_nat,mts_aggregate_total,2013,2555.883
eth,sex_m,geo_cov_nat,mts_aggregate_total,2021,5794.831
eth,sex_m,geo_cov_nat,mts_aggregate_x,1999,1.663
eth,sex_m,geo_cov_nat,mts_details_mrd,1999,1320.798
eth,sex_m,geo_cov_nat,mts_details_mrd,2013,672.401
eth,sex_m,geo_cov_nat,mts_details_mrd,2021,1555.221
eth,sex_m,geo_cov_nat,mts_details_sep,1999,116.225
eth,sex_m,geo_cov_nat,mts_details_sep,2013,67.174
eth,sex_m,geo_cov_nat,mts_details_sep,2021,112.654
eth,sex_m,geo_cov_nat,mts_details_sgle,1999,1273.741
eth,sex_m,geo_cov_nat,mts_details_sgle,2013,1685.388
eth,sex_m,geo_cov_nat,mts_details_sgle,2021,3971.721
eth,sex_m,geo_cov_nat,mts_details_total,1999,2814.137
eth,sex_m,geo_cov_nat,mts_details_total,2013,2555.883
eth,sex_m,geo_cov_nat,mts_details_total,2021,5794.831
eth,sex_m,geo_cov_nat,mts_details_union,2013,1.599
eth,sex_m,geo_cov_nat,mts_details_union,2021,2.036
eth,sex_m,geo_cov_nat,mts_details_wid,1999,101.71
eth,sex_m,geo_cov_nat,mts_details_wid,2013,129.322
eth,sex_m,geo_cov_nat,mts_details_wid,2021,153.2
eth,sex_m,geo_cov_nat,mts_details_x,1999,1.663
eth,sex_m,geo_cov_rur,mts_aggregate_1,1999,1058.416
eth,sex_m,geo_cov_rur,mts_aggregate_1,2013,1078.279
eth,sex_m,geo_cov_rur,mts_aggregate_1,2021,3010.445
eth,sex_m,geo_cov_rur,mts_aggregate_2,1999,1178.059
eth,sex_m,geo_cov_rur,mts_aggregate_2,2013,473.376
eth,sex_m,geo_cov_rur,mts_aggregate_2,2021,1214.308
eth,sex_m,geo_cov_rur,mts_aggregate_total,1999,2237.431
eth,sex_m,geo_cov_rur,mts_aggregate_total,2013,1551.656
eth,sex_m,geo_cov_rur,mts_aggregate_total,2021,4224.753
eth,sex_m,geo_cov_rur,mts_aggregate_x,1999,0.957
eth,sex_m,geo_cov_rur,mts_details_mrd,1999,1178.059
eth,sex_m,geo_cov_rur,mts_details_mrd,2013,472.854
eth,sex_m,geo_cov_rur,mts_details_mrd,2021,1214.253
eth,sex_m,geo_cov_rur,mts_details_sep,1999,97.306
eth,sex_m,geo_cov_rur,mts_details_sep,2013,41.558
eth,sex_m,geo_cov_rur,mts_details_sep,2021,76.329
eth,sex_m,geo_cov_rur,mts_details_sgle,1999,875.018
eth,sex_m,geo_cov_rur,mts_details_sgle,2013,942.06
eth,sex_m,geo_cov_rur,mts_details_sgle,2021,2832.63
eth,sex_m,geo_cov_rur,mts_details_total,1999,2237.431
eth,sex_m,geo_cov_rur,mts_details_total,2013,1551.656
eth,sex_m,geo_cov_rur,mts_details_total,2021,4224.753
eth,sex_m,geo_cov_rur,mts_details_wid,1999,86.091
eth,sex_m,geo_cov_rur,mts_details_wid,2013,94.662
eth,sex_m,geo_cov_rur,mts_details_wid,2021,101.486
eth,sex_m,geo_cov_rur,mts_details_x,1999,0.957
eth,sex_m,geo_cov_urb,mts_aggregate_1,1999,433.26
eth,sex_m,geo_cov_urb,mts_aggregate_1,2013,803.604
eth,sex_m,geo_cov_urb,mts_aggregate_1,2021,1227.128
eth,sex_m,geo_cov_urb,mts_aggregate_2,1999,142.739
eth,sex_m,geo_cov_urb,mts_aggregate_2,2013,200.624
eth,sex_m,geo_cov_urb,mts_aggregate_2,2021,342.949
eth,sex_m,geo_cov_urb,mts_aggregate_total,1999,576.705
eth,sex_m,geo_cov_urb,mts_aggregate_total,2013,1004.228
eth,sex_m,geo_cov_urb,mts_aggregate_total,2021,1570.078
eth,sex_m,geo_cov_urb,mts_aggregate_x,1999,0.706
eth,sex_m,geo_cov_urb,mts_details_mrd,1999,142.739
eth,sex_m,geo_cov_urb,mts_details_mrd,2013,199.547
eth,sex_m,geo_cov_urb,mts_details_mrd,2021,340.968
eth,sex_m,geo_cov_urb,mts_details_sep,1999,18.919
eth,sex_m,geo_cov_urb,mts_details_sep,2013,25.616
eth,sex_m,geo_cov_urb,mts_details_sep,2021,36.325
eth,sex_m,geo_cov_urb,mts_details_sgle,1999,398.723
eth,sex_m,geo_cov_urb,mts_details_sgle,2013,743.327
eth,sex_m,geo_cov_urb,mts_details_sgle,2021,1139.091
eth,sex_m,geo_cov_urb,mts_details_total,1999,576.705
eth,sex_m,geo_cov_urb,mts_details_total,2013,1004.228
eth,sex_m,geo_cov_urb,mts_details_total,2021,1570.078
eth,sex_m,geo_cov_urb,mts_details_union,2013,1.077
eth,sex_m,geo_cov_urb,mts_details_union,2021,1.982
eth,sex_m,geo_cov_urb,mts_details_wid,1999,15.619
eth,sex_m,geo_cov_urb,mts_details_wid,2013,34.66
eth,sex_m,geo_cov_urb,mts_details_wid,2021,51.713
eth,sex_m,geo_cov_urb,mts_details_x,1999,0.706
eth,sex_t,geo_cov_nat,mts_aggregate_1,1999,4262.818
eth,sex_t,geo_cov_nat,mts_aggregate_1,2013,4846.64
eth,sex_t,geo_cov_nat,mts_aggregate_1,2021,9611.378
eth,sex_t,geo_cov_nat,mts_aggregate_2,1999,5360.183
eth,sex_t,geo_cov_nat,mts_aggregate_2,2013,3540.547
eth,sex_t,geo_cov_nat,mts_aggregate_2,2021,8325.444
eth,sex_t,geo_cov_nat,mts_aggregate_total,1999,9630.154
eth,sex_t,geo_cov_nat,mts_aggregate_total,2013,8387.187
eth,sex_t,geo_cov_nat,mts_aggregate_total,2021,17936.822
eth,sex_t,geo_cov_nat,mts_aggregate_x,1999,7.153
eth,sex_t,geo_cov_nat,mts_details_mrd,1999,5360.183
eth,sex_t,geo_cov_nat,mts_details_mrd,2013,3525.276
eth,sex_t,geo_cov_nat,mts_details_mrd,2021,8212.63
eth,sex_t,geo_cov_nat,mts_details_sep,1999,628.469
eth,sex_t,geo_cov_nat,mts_details_sep,2013,373.457
eth,sex_t,geo_cov_nat,mts_details_sep,2021,626.586
eth,sex_t,geo_cov_nat,mts_details_sgle,1999,2533.277
eth,sex_t,geo_cov_nat,mts_details_sgle,2013,3387.772
eth,sex_t,geo_cov_nat,mts_details_sgle,2021,7455.781
eth,sex_t,geo_cov_nat,mts_details_total,1999,9630.154
eth,sex_t,geo_cov_nat,mts_details_total,2013,8387.187
eth,sex_t,geo_cov_nat,mts_details_total,2021,17936.822
eth,sex_t,geo_cov_nat,mts_details_union,2013,15.27
eth,sex_t,geo_cov_nat,mts_details_union,2021,112.814
eth,sex_t,geo_cov_nat,mts_details_wid,1999,1101.072
eth,sex_t,geo_cov_nat,mts_details_wid,2013,1085.412
eth,sex_t,geo_cov_nat,mts_details_wid,2021,1529.011
eth,sex_t,geo_cov_nat,mts_details_x,1999,7.153
eth,sex_t,geo_cov_rur,mts_aggregate_1,1999,3106.257
eth,sex_t,geo_cov_rur,mts_aggregate_1,2013,2808.24
eth,sex_t,geo_cov_rur,mts_aggregate_1,2021,6661.219
eth,sex_t,geo_cov_rur,mts_aggregate_2,1999,4762.147
eth,sex_t,geo_cov_rur,mts_aggregate_2,2013,2411.449
eth,sex_t,geo_cov_rur,mts_aggregate_2,2021,6288.686
eth,sex_t,geo_cov_rur,mts_aggregate_total,1999,7873.516
eth,sex_t,geo_cov_rur,mts_aggregate_total,2013,5219.688
eth,sex_t,geo_cov_rur,mts_aggregate_total,2021,12949.906
eth,sex_t,geo_cov_rur,mts_aggregate_x,1999,5.112
eth,sex_t,geo_cov_rur,mts_details_mrd,1999,4762.147
eth,sex_t,geo_cov_rur,mts_details_mrd,2013,2406.225
eth,sex_t,geo_cov_rur,mts_details_mrd,2021,6186.262
eth,sex_t,geo_cov_rur,mts_details_sep,1999,508.267
eth,sex_t,geo_cov_rur,mts_details_sep,2013,225.42
eth,sex_t,geo_cov_rur,mts_details_sep,2021,421.085
eth,sex_t,geo_cov_rur,mts_details_sgle,1999,1663.867
eth,sex_t,geo_cov_rur,mts_details_sgle,2013,1825.637
eth,sex_t,geo_cov_rur,mts_details_sgle,2021,5112.907
eth,sex_t,geo_cov_rur,mts_details_total,1999,7873.516
eth,sex_t,geo_cov_rur,mts_details_total,2013,5219.688
eth,sex_t,geo_cov_rur,mts_details_total,2021,12949.906
eth,sex_t,geo_cov_rur,mts_details_union,2013,5.224
eth,sex_t,geo_cov_rur,mts_details_union,2021,102.425
eth,sex_t,geo_cov_rur,mts_details_wid,1999,934.123
eth,sex_t,geo_cov_rur,mts_details_wid,2013,757.182
eth,sex_t,geo_cov_rur,mts_details_wid,2021,1127.227
eth,sex_t,geo_cov_rur,mts_details_x,1999,5.112
eth,sex_t,geo_cov_urb,mts_aggregate_1,1999,1156.561
eth,sex_t,geo_cov_urb,mts_aggregate_1,2013,2038.401
eth,sex_t,geo_cov_urb,mts_aggregate_1,2021,2950.159
eth,sex_t,geo_cov_urb,mts_aggregate_2,1999,598.036
eth,sex_t,geo_cov_urb,mts_aggregate_2,2013,1129.098
eth,sex_t,geo_cov_urb,mts_aggregate_2,2021,2036.757
eth,sex_t,geo_cov_urb,mts_aggregate_total,1999,1756.638
eth,sex_t,geo_cov_urb,mts_aggregate_total,2013,3167.499
eth,sex_t,geo_cov_urb,mts_aggregate_total,2021,4986.916
eth,sex_t,geo_cov_urb,mts_aggregate_x,1999,2.041
eth,sex_t,geo_cov_urb,mts_details_mrd,1999,598.036
eth,sex_t,geo_cov_urb,mts_details_mrd,2013,1119.052
eth,sex_t,geo_cov_urb,mts_details_mrd,2021,2026.368
eth,sex_t,geo_cov_urb,mts_details_sep,1999,120.202
eth,sex_t,geo_cov_urb,mts_details_sep,2013,148.036
eth,sex_t,geo_cov_urb,mts_details_sep,2021,205.501
eth,sex_t,geo_cov_urb,mts_details_sgle,1999,869.41
eth,sex_t,geo_cov_urb,mts_details_sgle,2013,1562.134
eth,sex_t,geo_cov_urb,mts_details_sgle,2021,2342.874
eth,sex_t,geo_cov_urb,mts_details_total,1999,1756.638
eth,sex_t,geo_cov_urb,mts_details_total,2013,3167.499
eth,sex_t,geo_cov_urb,mts_details_total,2021,4986.916
eth,sex_t,geo_cov_urb,mts_details_union,2013,10.046
eth,sex_t,geo_cov_urb,mts_details_union,2021,10.389
eth,sex_t,geo_cov_urb,mts_details_wid,1999,166.949
eth,sex_t,geo_cov_urb,mts_details_wid,2013,328.23
eth,sex_t,geo_cov_urb,mts_details_wid,2021,401.784
eth,sex_t,geo_cov_urb,mts_details_x,1999,2.041
fin,sex_f,geo_cov_nat,mts_aggregate_1,1995,405.215
fin,sex_f,geo_cov_nat,mts_aggregate_1,1997,579.505
fin,sex_f,geo_cov_nat,mts_aggregate_1,1998,558.958
fin,sex_f,geo_cov_nat,mts_aggregate_1,1999,546.204
fin,sex_f,geo_cov_nat,mts_aggregate_1,2000,529.944
fin,sex_f,geo_cov_nat,mts_aggregate_1,2001,600.707
fin,sex_f,geo_cov_nat,mts_aggregate_1,2002,600.047
fin,sex_f,geo_cov_nat,mts_aggregate_1,2003,530.315
fin,sex_f,geo_cov_nat,mts_aggregate_1,2004,541.214
fin,sex_f,geo_cov_nat,mts_aggregate_1,2005,546.534
fin,sex_f,geo_cov_nat,mts_aggregate_1,2006,535.303
fin,sex_f,geo_cov_nat,mts_aggregate_1,2007,558.919
fin,sex_f,geo_cov_nat,mts_aggregate_1,2008,564.448
fin,sex_f,geo_cov_nat,mts_aggregate_1,2009,579.234
fin,sex_f,geo_cov_nat,mts_aggregate_1,2010,593.551
fin,sex_f,geo_cov_nat,mts_aggregate_1,2011,594.936
fin,sex_f,geo_cov_nat,mts_aggregate_1,2012,584.826
fin,sex_f,geo_cov_nat,mts_aggregate_1,2013,591.135
fin,sex_f,geo_cov_nat,mts_aggregate_1,2014,593.612
fin,sex_f,geo_cov_nat,mts_aggregate_1,2015,588.906
fin,sex_f,geo_cov_nat,mts_aggregate_1,2016,595.397
fin,sex_f,geo_cov_nat,mts_aggregate_1,2017,592.831
fin,sex_f,geo_cov_nat,mts_aggregate_1,2018,582.113
fin,sex_f,geo_cov_nat,mts_aggregate_1,2019,591
fin,sex_f,geo_cov_nat,mts_aggregate_1,2020,610.544
fin,sex_f,geo_cov_nat,mts_aggregate_2,1995,348.668
fin,sex_f,geo_cov_nat,mts_aggregate_2,1997,366.837
fin,sex_f,geo_cov_nat,mts_aggregate_2,1998,387.838
fin,sex_f,geo_cov_nat,mts_aggregate_2,1999,366.554
fin,sex_f,geo_cov_nat,mts_aggregate_2,2000,348.096
fin,sex_f,geo_cov_nat,mts_aggregate_2,2001,309.677
fin,sex_f,geo_cov_nat,mts_aggregate_2,2002,309.351
fin,sex_f,geo_cov_nat,mts_aggregate_2,2003,391.623
fin,sex_f,geo_cov_nat,mts_aggregate_2,2004,394.218
fin,sex_f,geo_cov_nat,mts_aggregate_2,2005,386.073
fin,sex_f,geo_cov_nat,mts_aggregate_2,2006,397.837
fin,sex_f,geo_cov_nat,mts_aggregate_2,2007,402.846
fin,sex_f,geo_cov_nat,mts_aggregate_2,2008,402.352
fin,sex_f,geo_cov_nat,mts_aggregate_2,2009,403.02
fin,sex_f,geo_cov_nat,mts_aggregate_2,2010,415.422
fin,sex_f,geo_cov_nat,mts_aggregate_2,2011,423.664
fin,sex_f,geo_cov_nat,mts_aggregate_2,2012,435.004
fin,sex_f,geo_cov_nat,mts_aggregate_2,2013,443.257
fin,sex_f,geo_cov_nat,mts_aggregate_2,2014,446.138
fin,sex_f,geo_cov_nat,mts_aggregate_2,2015,449.955
fin,sex_f,geo_cov_nat,mts_aggregate_2,2016,460.242
fin,sex_f,geo_cov_nat,mts_aggregate_2,2017,459.08
fin,sex_f,geo_cov_nat,mts_aggregate_2,2018,455.987
fin,sex_f,geo_cov_nat,mts_aggregate_2,2019,452.439
fin,sex_f,geo_cov_nat,mts_aggregate_2,2020,447.772
fin,sex_f,geo_cov_nat,mts_aggregate_total,1995,917.579
fin,sex_f,geo_cov_nat,mts_aggregate_total,1997,975.023
fin,sex_f,geo_cov_nat,mts_aggregate_total,1998,973.943
fin,sex_f,geo_cov_nat,mts_aggregate_total,1999,912.759
fin,sex_f,geo_cov_nat,mts_aggregate_total,2000,912.373
fin,sex_f,geo_cov_nat,mts_aggregate_total,2001,910.837
fin,sex_f,geo_cov_nat,mts_aggregate_total,2002,909.399
fin,sex_f,geo_cov_nat,mts_aggregate_total,2003,922.049
fin,sex_f,geo_cov_nat,mts_aggregate_total,2004,935.654
fin,sex_f,geo_cov_nat,mts_aggregate_total,2005,933.28
fin,sex_f,geo_cov_nat,mts_aggregate_total,2006,933.321
fin,sex_f,geo_cov_nat,mts_aggregate_total,2007,962.25
fin,sex_f,geo_cov_nat,mts_aggregate_total,2008,967.852
fin,sex_f,geo_cov_nat,mts_aggregate_total,2009,983.161
fin,sex_f,geo_cov_nat,mts_aggregate_total,2010,1010.025
fin,sex_f,geo_cov_nat,mts_aggregate_total,2011,1019.205
fin,sex_f,geo_cov_nat,mts_aggregate_total,2012,1020
fin,sex_f,geo_cov_nat,mts_aggregate_total,2013,1034.865
fin,sex_f,geo_cov_nat,mts_aggregate_total,2014,1040.503
fin,sex_f,geo_cov_nat,mts_aggregate_total,2015,1040.155
fin,sex_f,geo_cov_nat,mts_aggregate_total,2016,1056.747
fin,sex_f,geo_cov_nat,mts_aggregate_total,2017,1054.589
fin,sex_f,geo_cov_nat,mts_aggregate_total,2018,1041.819
fin,sex_f,geo_cov_nat,mts_aggregate_total,2019,1046.527
fin,sex_f,geo_cov_nat,mts_aggregate_total,2020,1062.426
fin,sex_f,geo_cov_nat,mts_aggregate_x,1995,163.696
fin,sex_f,geo_cov_nat,mts_aggregate_x,1997,28.681
fin,sex_f,geo_cov_nat,mts_aggregate_x,1998,27.147
fin,sex_f,geo_cov_nat,mts_aggregate_x,2000,34.333
fin,sex_f,geo_cov_nat,mts_aggregate_x,2008,1.052
fin,sex_f,geo_cov_nat,mts_aggregate_x,2009,0.907
fin,sex_f,geo_cov_nat,mts_aggregate_x,2010,1.052
fin,sex_f,geo_cov_nat,mts_aggregate_x,2015,1.295
fin,sex_f,geo_cov_nat,mts_aggregate_x,2016,1.109
fin,sex_f,geo_cov_nat,mts_aggregate_x,2017,2.679
fin,sex_f,geo_cov_nat,mts_aggregate_x,2018,3.719
fin,sex_f,geo_cov_nat,mts_aggregate_x,2019,3.088
fin,sex_f,geo_cov_nat,mts_aggregate_x,2020,4.11
fin,sex_f,geo_cov_rur,mts_aggregate_1,1995,239.104
fin,sex_f,geo_cov_rur,mts_aggregate_1,1997,343.09
fin,sex_f,geo_cov_rur,mts_aggregate_1,1998,348.802
fin,sex_f,geo_cov_rur,mts_aggregate_1,1999,328.048
fin,sex_f,geo_cov_rur,mts_aggregate_1,2000,317.859
fin,sex_f,geo_cov_rur,mts_aggregate_1,2001,372.734
fin,sex_f,geo_cov_rur,mts_aggregate_1,2002,346.345
fin,sex_f,geo_cov_rur,mts_aggregate_1,2003,298.921
fin,sex_f,geo_cov_rur,mts_aggregate_1,2004,297.582
fin,sex_f,geo_cov_rur,mts_aggregate_1,2005,310.52
fin,sex_f,geo_cov_rur,mts_aggregate_1,2006,318.603
fin,sex_f,geo_cov_rur,mts_aggregate_1,2007,332.826
fin,sex_f,geo_cov_rur,mts_aggregate_1,2008,335.905
fin,sex_f,geo_cov_rur,mts_aggregate_1,2009,368.522
fin,sex_f,geo_cov_rur,mts_aggregate_1,2010,372.302
fin,sex_f,geo_cov_rur,mts_aggregate_1,2011,357.855
fin,sex_f,geo_cov_rur,mts_aggregate_1,2012,181.912
fin,sex_f,geo_cov_rur,mts_aggregate_1,2013,187.071
fin,sex_f,geo_cov_rur,mts_aggregate_1,2014,184.94
fin,sex_f,geo_cov_rur,mts_aggregate_1,2015,179.163
fin,sex_f,geo_cov_rur,mts_aggregate_1,2016,176.38
fin,sex_f,geo_cov_rur,mts_aggregate_1,2017,181.482
fin,sex_f,geo_cov_rur,mts_aggregate_1,2018,168.883
fin,sex_f,geo_cov_rur,mts_aggregate_1,2019,175.486
fin,sex_f,geo_cov_rur,mts_aggregate_1,2020,178.961
fin,sex_f,geo_cov_rur,mts_aggregate_2,1995,226.046
fin,sex_f,geo_cov_rur,mts_aggregate_2,1997,243.28
fin,sex_f,geo_cov_rur,mts_aggregate_2,1998,255.651
fin,sex_f,geo_cov_rur,mts_aggregate_2,1999,242.967
fin,sex_f,geo_cov_rur,mts_aggregate_2,2000,227.686
fin,sex_f,geo_cov_rur,mts_aggregate_2,2001,199.329
fin,sex_f,geo_cov_rur,mts_aggregate_2,2002,192.86
fin,sex_f,geo_cov_rur,mts_aggregate_2,2003,241.711
fin,sex_f,geo_cov_rur,mts_aggregate_2,2004,243.209
fin,sex_f,geo_cov_rur,mts_aggregate_2,2005,234.719
fin,sex_f,geo_cov_rur,mts_aggregate_2,2006,247.058
fin,sex_f,geo_cov_rur,mts_aggregate_2,2007,252.389
fin,sex_f,geo_cov_rur,mts_aggregate_2,2008,249.42
fin,sex_f,geo_cov_rur,mts_aggregate_2,2009,261.707
fin,sex_f,geo_cov_rur,mts_aggregate_2,2010,275.247
fin,sex_f,geo_cov_rur,mts_aggregate_2,2011,280.159
fin,sex_f,geo_cov_rur,mts_aggregate_2,2012,158.647
fin,sex_f,geo_cov_rur,mts_aggregate_2,2013,152.714
fin,sex_f,geo_cov_rur,mts_aggregate_2,2014,152.396
fin,sex_f,geo_cov_rur,mts_aggregate_2,2015,157.307
fin,sex_f,geo_cov_rur,mts_aggregate_2,2016,155.315
fin,sex_f,geo_cov_rur,mts_aggregate_2,2017,156.4
fin,sex_f,geo_cov_rur,mts_aggregate_2,2018,153.174
fin,sex_f,geo_cov_rur,mts_aggregate_2,2019,147.255
fin,sex_f,geo_cov_rur,mts_aggregate_2,2020,145.387
fin,sex_f,geo_cov_rur,mts_aggregate_total,1995,564.675
fin,sex_f,geo_cov_rur,mts_aggregate_total,1997,604.236
fin,sex_f,geo_cov_rur,mts_aggregate_total,1998,622.998
fin,sex_f,geo_cov_rur,mts_aggregate_total,1999,571.015
fin,sex_f,geo_cov_rur,mts_aggregate_total,2000,566.992
fin,sex_f,geo_cov_rur,mts_aggregate_total,2001,572.188
fin,sex_f,geo_cov_rur,mts_aggregate_total,2002,539.205
fin,sex_f,geo_cov_rur,mts_aggregate_total,2003,540.743
fin,sex_f,geo_cov_rur,mts_aggregate_total,2004,540.896
fin,sex_f,geo_cov_rur,mts_aggregate_total,2005,545.392
fin,sex_f,geo_cov_rur,mts_aggregate_total,2006,565.842
fin,sex_f,geo_cov_rur,mts_aggregate_total,2007,585.374
fin,sex_f,geo_cov_rur,mts_aggregate_total,2008,585.713
fin,sex_f,geo_cov_rur,mts_aggregate_total,2009,630.582
fin,sex_f,geo_cov_rur,mts_aggregate_total,2010,648.128
fin,sex_f,geo_cov_rur,mts_aggregate_total,2011,638.014
fin,sex_f,geo_cov_rur,mts_aggregate_total,2012,340.559
fin,sex_f,geo_cov_rur,mts_aggregate_total,2013,339.785
fin,sex_f,geo_cov_rur,mts_aggregate_total,2014,337.534
fin,sex_f,geo_cov_rur,mts_aggregate_total,2015,336.643
fin,sex_f,geo_cov_rur,mts_aggregate_total,2016,331.931
fin,sex_f,geo_cov_rur,mts_aggregate_total,2017,338.545
fin,sex_f,geo_cov_rur,mts_aggregate_total,2018,322.057
fin,sex_f,geo_cov_rur,mts_aggregate_total,2019,322.953
fin,sex_f,geo_cov_rur,mts_aggregate_total,2020,324.349
fin,sex_f,geo_cov_rur,mts_aggregate_x,1995,99.525
fin,sex_f,geo_cov_rur,mts_aggregate_x,1997,17.866
fin,sex_f,geo_cov_rur,mts_aggregate_x,1998,18.545
fin,sex_f,geo_cov_rur,mts_aggregate_x,2000,21.448
fin,sex_f,geo_cov_rur,mts_aggregate_x,2018,0
fin,sex_f,geo_cov_rur,mts_aggregate_x,2020,0
fin,sex_f,geo_cov_urb,mts_aggregate_1,1995,166.111
fin,sex_f,geo_cov_urb,mts_aggregate_1,1997,231.434
fin,sex_f,geo_cov_urb,mts_aggregate_1,1998,203.087
fin,sex_f,geo_cov_urb,mts_aggregate_1,1999,208.499
fin,sex_f,geo_cov_urb,mts_aggregate_1,2000,202.597
fin,sex_f,geo_cov_urb,mts_aggregate_1,2001,217.028
fin,sex_f,geo_cov_urb,mts_aggregate_1,2002,253.702
fin,sex_f,geo_cov_urb,mts_aggregate_1,2003,231.395
fin,sex_f,geo_cov_urb,mts_aggregate_1,2004,242.284
fin,sex_f,geo_cov_urb,mts_aggregate_1,2005,234.809
fin,sex_f,geo_cov_urb,mts_aggregate_1,2006,216.699
fin,sex_f,geo_cov_urb,mts_aggregate_1,2007,226.094
fin,sex_f,geo_cov_urb,mts_aggregate_1,2008,228.543
fin,sex_f,geo_cov_urb,mts_aggregate_1,2009,210.711
fin,sex_f,geo_cov_urb,mts_aggregate_1,2010,221.249
fin,sex_f,geo_cov_urb,mts_aggregate_1,2011,237.081
fin,sex_f,geo_cov_urb,mts_aggregate_1,2012,402.914
fin,sex_f,geo_cov_urb,mts_aggregate_1,2013,404.064
fin,sex_f,geo_cov_urb,mts_aggregate_1,2014,408.672
fin,sex_f,geo_cov_urb,mts_aggregate_1,2015,409.743
fin,sex_f,geo_cov_urb,mts_aggregate_1,2016,419.017
fin,sex_f,geo_cov_urb,mts_aggregate_1,2017,411.349
fin,sex_f,geo_cov_urb,mts_aggregate_1,2018,413.231
fin,sex_f,geo_cov_urb,mts_aggregate_1,2019,415.514
fin,sex_f,geo_cov_urb,mts_aggregate_1,2020,431.582
fin,sex_f,geo_cov_urb,mts_aggregate_2,1995,122.622
fin,sex_f,geo_cov_urb,mts_aggregate_2,1997,119.593
fin,sex_f,geo_cov_urb,mts_aggregate_2,1998,125.035
fin,sex_f,geo_cov_urb,mts_aggregate_2,1999,116.662
fin,sex_f,geo_cov_urb,mts_aggregate_2,2000,114.945
fin,sex_f,geo_cov_urb,mts_aggregate_2,2001,104.447
fin,sex_f,geo_cov_urb,mts_aggregate_2,2002,116.492
fin,sex_f,geo_cov_urb,mts_aggregate_2,2003,149.912
fin,sex_f,geo_cov_urb,mts_aggregate_2,2004,149.619
fin,sex_f,geo_cov_urb,mts_aggregate_2,2005,150.386
fin,sex_f,geo_cov_urb,mts_aggregate_2,2006,150.779
fin,sex_f,geo_cov_urb,mts_aggregate_2,2007,150.457
fin,sex_f,geo_cov_urb,mts_aggregate_2,2008,152.932
fin,sex_f,geo_cov_urb,mts_aggregate_2,2009,141.313
fin,sex_f,geo_cov_urb,mts_aggregate_2,2010,140.175
fin,sex_f,geo_cov_urb,mts_aggregate_2,2011,143.505
fin,sex_f,geo_cov_urb,mts_aggregate_2,2012,276.357
fin,sex_f,geo_cov_urb,mts_aggregate_2,2013,290.543
fin,sex_f,geo_cov_urb,mts_aggregate_2,2014,293.742
fin,sex_f,geo_cov_urb,mts_aggregate_2,2015,292.647
fin,sex_f,geo_cov_urb,mts_aggregate_2,2016,304.927
fin,sex_f,geo_cov_urb,mts_aggregate_2,2017,302.68
fin,sex_f,geo_cov_urb,mts_aggregate_2,2018,302.812
fin,sex_f,geo_cov_urb,mts_aggregate_2,2019,305.185
fin,sex_f,geo_cov_urb,mts_aggregate_2,2020,302.385
fin,sex_f,geo_cov_urb,mts_aggregate_total,1995,352.904
fin,sex_f,geo_cov_urb,mts_aggregate_total,1997,361.552
fin,sex_f,geo_cov_urb,mts_aggregate_total,1998,336.515
fin,sex_f,geo_cov_urb,mts_aggregate_total,1999,325.161
fin,sex_f,geo_cov_urb,mts_aggregate_total,2000,329.751
fin,sex_f,geo_cov_urb,mts_aggregate_total,2001,321.803
fin,sex_f,geo_cov_urb,mts_aggregate_total,2002,370.194
fin,sex_f,geo_cov_urb,mts_aggregate_total,2003,381.306
fin,sex_f,geo_cov_urb,mts_aggregate_total,2004,392.02
fin,sex_f,geo_cov_urb,mts_aggregate_total,2005,385.715
fin,sex_f,geo_cov_urb,mts_aggregate_total,2006,367.479
fin,sex_f,geo_cov_urb,mts_aggregate_total,2007,376.876
fin,sex_f,geo_cov_urb,mts_aggregate_total,2008,382.139
fin,sex_f,geo_cov_urb,mts_aggregate_total,2009,352.578
fin,sex_f,geo_cov_urb,mts_aggregate_total,2010,361.897
fin,sex_f,geo_cov_urb,mts_aggregate_total,2011,381.191
fin,sex_f,geo_cov_urb,mts_aggregate_total,2012,679.441
fin,sex_f,geo_cov_urb,mts_aggregate_total,2013,695.079
fin,sex_f,geo_cov_urb,mts_aggregate_total,2014,702.97
fin,sex_f,geo_cov_urb,mts_aggregate_total,2015,703.513
fin,sex_f,geo_cov_urb,mts_aggregate_total,2016,724.816
fin,sex_f,geo_cov_urb,mts_aggregate_total,2017,716.045
fin,sex_f,geo_cov_urb,mts_aggregate_total,2018,719.762
fin,sex_f,geo_cov_urb,mts_aggregate_total,2019,723.574
fin,sex_f,geo_cov_urb,mts_aggregate_total,2020,738.077
fin,sex_f,geo_cov_urb,mts_aggregate_x,1995,64.17
fin,sex_f,geo_cov_urb,mts_aggregate_x,1997,10.525
fin,sex_f,geo_cov_urb,mts_aggregate_x,1998,8.393
fin,sex_f,geo_cov_urb,mts_aggregate_x,2000,12.21
fin,sex_f,geo_cov_urb,mts_aggregate_x,2015,1.123
fin,sex_f,geo_cov_urb,mts_aggregate_x,2017,2.016
fin,sex_f,geo_cov_urb,mts_aggregate_x,2018,3.719
fin,sex_f,geo_cov_urb,mts_aggregate_x,2019,2.875
fin,sex_f,geo_cov_urb,mts_aggregate_x,2020,4.11
fin,sex_f,geo_cov_x,mts_aggregate_1,1997,4.981
fin,sex_f,geo_cov_x,mts_aggregate_1,1998,7.069
fin,sex_f,geo_cov_x,mts_aggregate_1,1999,9.657
fin,sex_f,geo_cov_x,mts_aggregate_1,2000,9.489
fin,sex_f,geo_cov_x,mts_aggregate_1,2001,10.946
fin,sex_f,geo_cov_x,mts_aggregate_1,2004,1.348
fin,sex_f,geo_cov_x,mts_aggregate_2,1997,3.964
fin,sex_f,geo_cov_x,mts_aggregate_2,1998,7.153
fin,sex_f,geo_cov_x,mts_aggregate_2,1999,6.926
fin,sex_f,geo_cov_x,mts_aggregate_2,2000,5.465
fin,sex_f,geo_cov_x,mts_aggregate_2,2001,5.901
fin,sex_f,geo_cov_x,mts_aggregate_2,2004,1.39
fin,sex_f,geo_cov_x,mts_aggregate_2,2005,0.968
fin,sex_f,geo_cov_x,mts_aggregate_total,1997,9.235
fin,sex_f,geo_cov_x,mts_aggregate_total,1998,14.431
fin,sex_f,geo_cov_x,mts_aggregate_total,1999,16.583
fin,sex_f,geo_cov_x,mts_aggregate_total,2000,15.629
fin,sex_f,geo_cov_x,mts_aggregate_total,2001,16.847
fin,sex_f,geo_cov_x,mts_aggregate_total,2004,2.738
fin,sex_f,geo_cov_x,mts_aggregate_total,2005,2.173
fin,sex_f,geo_cov_x,mts_aggregate_x,2000,0.675
fin,sex_m,geo_cov_nat,mts_aggregate_1,1995,280.427
fin,sex_m,geo_cov_nat,mts_aggregate_1,1997,334.618
fin,sex_m,geo_cov_nat,mts_aggregate_1,1998,327.531
fin,sex_m,geo_cov_nat,mts_aggregate_1,1999,310.271
fin,sex_m,geo_cov_nat,mts_aggregate_1,2000,300.041
fin,sex_m,geo_cov_nat,mts_aggregate_1,2001,374.366
fin,sex_m,geo_cov_nat,mts_aggregate_1,2002,379.537
fin,sex_m,geo_cov_nat,mts_aggregate_1,2003,308.184
fin,sex_m,geo_cov_nat,mts_aggregate_1,2004,333.418
fin,sex_m,geo_cov_nat,mts_aggregate_1,2005,331.292
fin,sex_m,geo_cov_nat,mts_aggregate_1,2006,335.786
fin,sex_m,geo_cov_nat,mts_aggregate_1,2007,357.593
fin,sex_m,geo_cov_nat,mts_aggregate_1,2008,357.706
fin,sex_m,geo_cov_nat,mts_aggregate_1,2009,381.446
fin,sex_m,geo_cov_nat,mts_aggregate_1,2010,384.304
fin,sex_m,geo_cov_nat,mts_aggregate_1,2011,375.038
fin,sex_m,geo_cov_nat,mts_aggregate_1,2012,393.321
fin,sex_m,geo_cov_nat,mts_aggregate_1,2013,399.733
fin,sex_m,geo_cov_nat,mts_aggregate_1,2014,413.335
fin,sex_m,geo_cov_nat,mts_aggregate_1,2015,403.053
fin,sex_m,geo_cov_nat,mts_aggregate_1,2016,411.947
fin,sex_m,geo_cov_nat,mts_aggregate_1,2017,408.367
fin,sex_m,geo_cov_nat,mts_aggregate_1,2018,397.61
fin,sex_m,geo_cov_nat,mts_aggregate_1,2019,411.109
fin,sex_m,geo_cov_nat,mts_aggregate_1,2020,419.927
fin,sex_m,geo_cov_nat,mts_aggregate_2,1995,314.43
fin,sex_m,geo_cov_nat,mts_aggregate_2,1997,324.835
fin,sex_m,geo_cov_nat,mts_aggregate_2,1998,344.844
fin,sex_m,geo_cov_nat,mts_aggregate_2,1999,330.365
fin,sex_m,geo_cov_nat,mts_aggregate_2,2000,308.195
fin,sex_m,geo_cov_nat,mts_aggregate_2,2001,268.779
fin,sex_m,geo_cov_nat,mts_aggregate_2,2002,274.001
fin,sex_m,geo_cov_nat,mts_aggregate_2,2003,356.053
fin,sex_m,geo_cov_nat,mts_aggregate_2,2004,353.402
fin,sex_m,geo_cov_nat,mts_aggregate_2,2005,363.71
fin,sex_m,geo_cov_nat,mts_aggregate_2,2006,362.553
fin,sex_m,geo_cov_nat,mts_aggregate_2,2007,375.922
fin,sex_m,geo_cov_nat,mts_aggregate_2,2008,367.985
fin,sex_m,geo_cov_nat,mts_aggregate_2,2009,383.945
fin,sex_m,geo_cov_nat,mts_aggregate_2,2010,391.659
fin,sex_m,geo_cov_nat,mts_aggregate_2,2011,399.033
fin,sex_m,geo_cov_nat,mts_aggregate_2,2012,399.994
fin,sex_m,geo_cov_nat,mts_aggregate_2,2013,413.676
fin,sex_m,geo_cov_nat,mts_aggregate_2,2014,414.993
fin,sex_m,geo_cov_nat,mts_aggregate_2,2015,426.743
fin,sex_m,geo_cov_nat,mts_aggregate_2,2016,425.779
fin,sex_m,geo_cov_nat,mts_aggregate_2,2017,426.679
fin,sex_m,geo_cov_nat,mts_aggregate_2,2018,429.145
fin,sex_m,geo_cov_nat,mts_aggregate_2,2019,423.904
fin,sex_m,geo_cov_nat,mts_aggregate_2,2020,420.355
fin,sex_m,geo_cov_nat,mts_aggregate_total,1995,652.599
fin,sex_m,geo_cov_nat,mts_aggregate_total,1997,679.21
fin,sex_m,geo_cov_nat,mts_aggregate_total,1998,683.208
fin,sex_m,geo_cov_nat,mts_aggregate_total,1999,640.636
fin,sex_m,geo_cov_nat,mts_aggregate_total,2000,637.895
fin,sex_m,geo_cov_nat,mts_aggregate_total,2001,643.145
fin,sex_m,geo_cov_nat,mts_aggregate_total,2002,653.538
fin,sex_m,geo_cov_nat,mts_aggregate_total,2003,664.351
fin,sex_m,geo_cov_nat,mts_aggregate_total,2004,687.09
fin,sex_m,geo_cov_nat,mts_aggregate_total,2005,695.002
fin,sex_m,geo_cov_nat,mts_aggregate_total,2006,698.456
fin,sex_m,geo_cov_nat,mts_aggregate_total,2007,733.515
fin,sex_m,geo_cov_nat,mts_aggregate_total,2008,725.847
fin,sex_m,geo_cov_nat,mts_aggregate_total,2009,766.06
fin,sex_m,geo_cov_nat,mts_aggregate_total,2010,776.577
fin,sex_m,geo_cov_nat,mts_aggregate_total,2011,774.643
fin,sex_m,geo_cov_nat,mts_aggregate_total,2012,793.831
fin,sex_m,geo_cov_nat,mts_aggregate_total,2013,813.861
fin,sex_m,geo_cov_nat,mts_aggregate_total,2014,828.808
fin,sex_m,geo_cov_nat,mts_aggregate_total,2015,831.703
fin,sex_m,geo_cov_nat,mts_aggregate_total,2016,839.46
fin,sex_m,geo_cov_nat,mts_aggregate_total,2017,837.853
fin,sex_m,geo_cov_nat,mts_aggregate_total,2018,830.217
fin,sex_m,geo_cov_nat,mts_aggregate_total,2019,836.842
fin,sex_m,geo_cov_nat,mts_aggregate_total,2020,843.29
fin,sex_m,geo_cov_nat,mts_aggregate_x,1995,57.742
fin,sex_m,geo_cov_nat,mts_aggregate_x,1997,19.757
fin,sex_m,geo_cov_nat,mts_aggregate_x,1998,10.834
fin,sex_m,geo_cov_nat,mts_aggregate_x,2000,29.66
fin,sex_m,geo_cov_nat,mts_aggregate_x,2010,0.615
fin,sex_m,geo_cov_nat,mts_aggregate_x,2015,1.907
fin,sex_m,geo_cov_nat,mts_aggregate_x,2016,1.733
fin,sex_m,geo_cov_nat,mts_aggregate_x,2017,2.807
fin,sex_m,geo_cov_nat,mts_aggregate_x,2018,3.462
fin,sex_m,geo_cov_nat,mts_aggregate_x,2019,1.829
fin,sex_m,geo_cov_nat,mts_aggregate_x,2020,3.008
fin,sex_m,geo_cov_rur,mts_aggregate_1,1995,182.358
fin,sex_m,geo_cov_rur,mts_aggregate_1,1997,213.924
fin,sex_m,geo_cov_rur,mts_aggregate_1,1998,203.556
fin,sex_m,geo_cov_rur,mts_aggregate_1,1999,196.745
fin,sex_m,geo_cov_rur,mts_aggregate_1,2000,192.514
fin,sex_m,geo_cov_rur,mts_aggregate_1,2001,240.285
fin,sex_m,geo_cov_rur,mts_aggregate_1,2002,228.817
fin,sex_m,geo_cov_rur,mts_aggregate_1,2003,183.336
fin,sex_m,geo_cov_rur,mts_aggregate_1,2004,197.065
fin,sex_m,geo_cov_rur,mts_aggregate_1,2005,196.992
fin,sex_m,geo_cov_rur,mts_aggregate_1,2006,202.977
fin,sex_m,geo_cov_rur,mts_aggregate_1,2007,212.823
fin,sex_m,geo_cov_rur,mts_aggregate_1,2008,214.596
fin,sex_m,geo_cov_rur,mts_aggregate_1,2009,255.039
fin,sex_m,geo_cov_rur,mts_aggregate_1,2010,242.996
fin,sex_m,geo_cov_rur,mts_aggregate_1,2011,238.201
fin,sex_m,geo_cov_rur,mts_aggregate_1,2012,132.689
fin,sex_m,geo_cov_rur,mts_aggregate_1,2013,131.127
fin,sex_m,geo_cov_rur,mts_aggregate_1,2014,137.353
fin,sex_m,geo_cov_rur,mts_aggregate_1,2015,129.797
fin,sex_m,geo_cov_rur,mts_aggregate_1,2016,123.558
fin,sex_m,geo_cov_rur,mts_aggregate_1,2017,123.434
fin,sex_m,geo_cov_rur,mts_aggregate_1,2018,124.464
fin,sex_m,geo_cov_rur,mts_aggregate_1,2019,132.285
fin,sex_m,geo_cov_rur,mts_aggregate_1,2020,135.726
fin,sex_m,geo_cov_rur,mts_aggregate_2,1995,205.397
fin,sex_m,geo_cov_rur,mts_aggregate_2,1997,222.372
fin,sex_m,geo_cov_rur,mts_aggregate_2,1998,234.734
fin,sex_m,geo_cov_rur,mts_aggregate_2,1999,218.992
fin,sex_m,geo_cov_rur,mts_aggregate_2,2000,200.566
fin,sex_m,geo_cov_rur,mts_aggregate_2,2001,177.865
fin,sex_m,geo_cov_rur,mts_aggregate_2,2002,175.139
fin,sex_m,geo_cov_rur,mts_aggregate_2,2003,233.95
fin,sex_m,geo_cov_rur,mts_aggregate_2,2004,222.471
fin,sex_m,geo_cov_rur,mts_aggregate_2,2005,218.943
fin,sex_m,geo_cov_rur,mts_aggregate_2,2006,231.504
fin,sex_m,geo_cov_rur,mts_aggregate_2,2007,247.258
fin,sex_m,geo_cov_rur,mts_aggregate_2,2008,238.925
fin,sex_m,geo_cov_rur,mts_aggregate_2,2009,257.574
fin,sex_m,geo_cov_rur,mts_aggregate_2,2010,261.442
fin,sex_m,geo_cov_rur,mts_aggregate_2,2011,266.973
fin,sex_m,geo_cov_rur,mts_aggregate_2,2012,155.068
fin,sex_m,geo_cov_rur,mts_aggregate_2,2013,146.605
fin,sex_m,geo_cov_rur,mts_aggregate_2,2014,152.789
fin,sex_m,geo_cov_rur,mts_aggregate_2,2015,154.173
fin,sex_m,geo_cov_rur,mts_aggregate_2,2016,152.92
fin,sex_m,geo_cov_rur,mts_aggregate_2,2017,156.421
fin,sex_m,geo_cov_rur,mts_aggregate_2,2018,155
fin,sex_m,geo_cov_rur,mts_aggregate_2,2019,153.037
fin,sex_m,geo_cov_rur,mts_aggregate_2,2020,140.034
fin,sex_m,geo_cov_rur,mts_aggregate_total,1995,423.703
fin,sex_m,geo_cov_rur,mts_aggregate_total,1997,449.923
fin,sex_m,geo_cov_rur,mts_aggregate_total,1998,446.037
fin,sex_m,geo_cov_rur,mts_aggregate_total,1999,415.737
fin,sex_m,geo_cov_rur,mts_aggregate_total,2000,412.603
fin,sex_m,geo_cov_rur,mts_aggregate_total,2001,418.15
fin,sex_m,geo_cov_rur,mts_aggregate_total,2002,403.956
fin,sex_m,geo_cov_rur,mts_aggregate_total,2003,417.4
fin,sex_m,geo_cov_rur,mts_aggregate_total,2004,419.806
fin,sex_m,geo_cov_rur,mts_aggregate_total,2005,415.936
fin,sex_m,geo_cov_rur,mts_aggregate_total,2006,434.481
fin,sex_m,geo_cov_rur,mts_aggregate_total,2007,460.081
fin,sex_m,geo_cov_rur,mts_aggregate_total,2008,453.677
fin,sex_m,geo_cov_rur,mts_aggregate_total,2009,513.012
fin,sex_m,geo_cov_rur,mts_aggregate_total,2010,504.704
fin,sex_m,geo_cov_rur,mts_aggregate_total,2011,505.462
fin,sex_m,geo_cov_rur,mts_aggregate_total,2012,287.757
fin,sex_m,geo_cov_rur,mts_aggregate_total,2013,277.732
fin,sex_m,geo_cov_rur,mts_aggregate_total,2014,290.141
fin,sex_m,geo_cov_rur,mts_aggregate_total,2015,284.276
fin,sex_m,geo_cov_rur,mts_aggregate_total,2016,276.655
fin,sex_m,geo_cov_rur,mts_aggregate_total,2017,280.172
fin,sex_m,geo_cov_rur,mts_aggregate_total,2018,280.263
fin,sex_m,geo_cov_rur,mts_aggregate_total,2019,285.525
fin,sex_m,geo_cov_rur,mts_aggregate_total,2020,275.76
fin,sex_m,geo_cov_rur,mts_aggregate_x,1995,35.947
fin,sex_m,geo_cov_rur,mts_aggregate_x,1997,13.627
fin,sex_m,geo_cov_rur,mts_aggregate_x,1998,7.747
fin,sex_m,geo_cov_rur,mts_aggregate_x,2000,19.523
fin,sex_m,geo_cov_urb,mts_aggregate_1,1995,98.069
fin,sex_m,geo_cov_urb,mts_aggregate_1,1997,117.091
fin,sex_m,geo_cov_urb,mts_aggregate_1,1998,116.892
fin,sex_m,geo_cov_urb,mts_aggregate_1,1999,107.792
fin,sex_m,geo_cov_urb,mts_aggregate_1,2000,101.207
fin,sex_m,geo_cov_urb,mts_aggregate_1,2001,127.466
fin,sex_m,geo_cov_urb,mts_aggregate_1,2002,150.72
fin,sex_m,geo_cov_urb,mts_aggregate_1,2003,124.847
fin,sex_m,geo_cov_urb,mts_aggregate_1,2004,135.601
fin,sex_m,geo_cov_urb,mts_aggregate_1,2005,133.915
fin,sex_m,geo_cov_urb,mts_aggregate_1,2006,132.809
fin,sex_m,geo_cov_urb,mts_aggregate_1,2007,144.77
fin,sex_m,geo_cov_urb,mts_aggregate_1,2008,143.11
fin,sex_m,geo_cov_urb,mts_aggregate_1,2009,126.407
fin,sex_m,geo_cov_urb,mts_aggregate_1,2010,141.308
fin,sex_m,geo_cov_urb,mts_aggregate_1,2011,136.837
fin,sex_m,geo_cov_urb,mts_aggregate_1,2012,260.632
fin,sex_m,geo_cov_urb,mts_aggregate_1,2013,268.605
fin,sex_m,geo_cov_urb,mts_aggregate_1,2014,275.983
fin,sex_m,geo_cov_urb,mts_aggregate_1,2015,273.256
fin,sex_m,geo_cov_urb,mts_aggregate_1,2016,288.389
fin,sex_m,geo_cov_urb,mts_aggregate_1,2017,284.933
fin,sex_m,geo_cov_urb,mts_aggregate_1,2018,273.147
fin,sex_m,geo_cov_urb,mts_aggregate_1,2019,278.824
fin,sex_m,geo_cov_urb,mts_aggregate_1,2020,284.201
fin,sex_m,geo_cov_urb,mts_aggregate_2,1995,109.033
fin,sex_m,geo_cov_urb,mts_aggregate_2,1997,99.012
fin,sex_m,geo_cov_urb,mts_aggregate_2,1998,103.873
fin,sex_m,geo_cov_urb,mts_aggregate_2,1999,105.608
fin,sex_m,geo_cov_urb,mts_aggregate_2,2000,101.586
fin,sex_m,geo_cov_urb,mts_aggregate_2,2001,86.442
fin,sex_m,geo_cov_urb,mts_aggregate_2,2002,98.863
fin,sex_m,geo_cov_urb,mts_aggregate_2,2003,122.104
fin,sex_m,geo_cov_urb,mts_aggregate_2,2004,129.781
fin,sex_m,geo_cov_urb,mts_aggregate_2,2005,143.566
fin,sex_m,geo_cov_urb,mts_aggregate_2,2006,131.05
fin,sex_m,geo_cov_urb,mts_aggregate_2,2007,128.664
fin,sex_m,geo_cov_urb,mts_aggregate_2,2008,129.061
fin,sex_m,geo_cov_urb,mts_aggregate_2,2009,126.371
fin,sex_m,geo_cov_urb,mts_aggregate_2,2010,130.217
fin,sex_m,geo_cov_urb,mts_aggregate_2,2011,132.061
fin,sex_m,geo_cov_urb,mts_aggregate_2,2012,244.926
fin,sex_m,geo_cov_urb,mts_aggregate_2,2013,267.071
fin,sex_m,geo_cov_urb,mts_aggregate_2,2014,262.205
fin,sex_m,geo_cov_urb,mts_aggregate_2,2015,272.569
fin,sex_m,geo_cov_urb,mts_aggregate_2,2016,272.859
fin,sex_m,geo_cov_urb,mts_aggregate_2,2017,270.258
fin,sex_m,geo_cov_urb,mts_aggregate_2,2018,274.145
fin,sex_m,geo_cov_urb,mts_aggregate_2,2019,270.866
fin,sex_m,geo_cov_urb,mts_aggregate_2,2020,280.322
fin,sex_m,geo_cov_urb,mts_aggregate_total,1995,228.897
fin,sex_m,geo_cov_urb,mts_aggregate_total,1997,222.233
fin,sex_m,geo_cov_urb,mts_aggregate_total,1998,223.852
fin,sex_m,geo_cov_urb,mts_aggregate_total,1999,213.399
fin,sex_m,geo_cov_urb,mts_aggregate_total,2000,212.804
fin,sex_m,geo_cov_urb,mts_aggregate_total,2001,213.908
fin,sex_m,geo_cov_urb,mts_aggregate_total,2002,249.583
fin,sex_m,geo_cov_urb,mts_aggregate_total,2003,246.951
fin,sex_m,geo_cov_urb,mts_aggregate_total,2004,265.382
fin,sex_m,geo_cov_urb,mts_aggregate_total,2005,277.481
fin,sex_m,geo_cov_urb,mts_aggregate_total,2006,263.975
fin,sex_m,geo_cov_urb,mts_aggregate_total,2007,273.434
fin,sex_m,geo_cov_urb,mts_aggregate_total,2008,272.17
fin,sex_m,geo_cov_urb,mts_aggregate_total,2009,253.048
fin,sex_m,geo_cov_urb,mts_aggregate_total,2010,271.873
fin,sex_m,geo_cov_urb,mts_aggregate_total,2011,269.181
fin,sex_m,geo_cov_urb,mts_aggregate_total,2012,506.074
fin,sex_m,geo_cov_urb,mts_aggregate_total,2013,536.128
fin,sex_m,geo_cov_urb,mts_aggregate_total,2014,538.666
fin,sex_m,geo_cov_urb,mts_aggregate_total,2015,547.428
fin,sex_m,geo_cov_urb,mts_aggregate_total,2016,562.804
fin,sex_m,geo_cov_urb,mts_aggregate_total,2017,557.682
fin,sex_m,geo_cov_urb,mts_aggregate_total,2018,549.955
fin,sex_m,geo_cov_urb,mts_aggregate_total,2019,551.317
fin,sex_m,geo_cov_urb,mts_aggregate_total,2020,567.53
fin,sex_m,geo_cov_urb,mts_aggregate_x,1995,21.795
fin,sex_m,geo_cov_urb,mts_aggregate_x,1997,6.13
fin,sex_m,geo_cov_urb,mts_aggregate_x,1998,3.087
fin,sex_m,geo_cov_urb,mts_aggregate_x,2000,10.012
fin,sex_m,geo_cov_urb,mts_aggregate_x,2015,1.602
fin,sex_m,geo_cov_urb,mts_aggregate_x,2016,1.556
fin,sex_m,geo_cov_urb,mts_aggregate_x,2017,2.49
fin,sex_m,geo_cov_urb,mts_aggregate_x,2018,2.663
fin,sex_m,geo_cov_urb,mts_aggregate_x,2019,1.626
fin,sex_m,geo_cov_urb,mts_aggregate_x,2020,3.008
fin,sex_m,geo_cov_x,mts_aggregate_1,1997,3.603
fin,sex_m,geo_cov_x,mts_aggregate_1,1998,7.082
fin,sex_m,geo_cov_x,mts_aggregate_1,1999,5.735
fin,sex_m,geo_cov_x,mts_aggregate_1,2000,6.319
fin,sex_m,geo_cov_x,mts_aggregate_1,2001,6.615
fin,sex_m,geo_cov_x,mts_aggregate_1,2004,0.752
fin,sex_m,geo_cov_x,mts_aggregate_2,1997,3.451
fin,sex_m,geo_cov_x,mts_aggregate_2,1998,6.237
fin,sex_m,geo_cov_x,mts_aggregate_2,1999,5.765
fin,sex_m,geo_cov_x,mts_aggregate_2,2000,6.043
fin,sex_m,geo_cov_x,mts_aggregate_2,2001,4.472
fin,sex_m,geo_cov_x,mts_aggregate_2,2004,1.149
fin,sex_m,geo_cov_x,mts_aggregate_2,2005,1.201
fin,sex_m,geo_cov_x,mts_aggregate_total,1997,7.054
fin,sex_m,geo_cov_x,mts_aggregate_total,1998,13.319
fin,sex_m,geo_cov_x,mts_aggregate_total,1999,11.5
fin,sex_m,geo_cov_x,mts_aggregate_total,2000,12.488
fin,sex_m,geo_cov_x,mts_aggregate_total,2001,11.087
fin,sex_m,geo_cov_x,mts_aggregate_total,2004,1.902
fin,sex_m,geo_cov_x,mts_aggregate_total,2005,1.586
fin,sex_t,geo_cov_nat,mts_aggregate_1,1995,685.642
fin,sex_t,geo_cov_nat,mts_aggregate_1,1997,914.123
fin,sex_t,geo_cov_nat,mts_aggregate_1,1998,886.488
fin,sex_t,geo_cov_nat,mts_aggregate_1,1999,856.475
fin,sex_t,geo_cov_nat,mts_aggregate_1,2000,829.985
fin,sex_t,geo_cov_nat,mts_aggregate_1,2001,975.073
fin,sex_t,geo_cov_nat,mts_aggregate_1,2002,979.584
fin,sex_t,geo_cov_nat,mts_aggregate_1,2003,838.499
fin,sex_t,geo_cov_nat,mts_aggregate_1,2004,874.632
fin,sex_t,geo_cov_nat,mts_aggregate_1,2005,877.826
fin,sex_t,geo_cov_nat,mts_aggregate_1,2006,871.089
fin,sex_t,geo_cov_nat,mts_aggregate_1,2007,916.512
fin,sex_t,geo_cov_nat,mts_aggregate_1,2008,922.154
fin,sex_t,geo_cov_nat,mts_aggregate_1,2009,960.68
fin,sex_t,geo_cov_nat,mts_aggregate_1,2010,977.855
fin,sex_t,geo_cov_nat,mts_aggregate_1,2011,969.974
fin,sex_t,geo_cov_nat,mts_aggregate_1,2012,978.147
fin,sex_t,geo_cov_nat,mts_aggregate_1,2013,990.868
fin,sex_t,geo_cov_nat,mts_aggregate_1,2014,1006.947
fin,sex_t,geo_cov_nat,mts_aggregate_1,2015,991.959
fin,sex_t,geo_cov_nat,mts_aggregate_1,2016,1007.344
fin,sex_t,geo_cov_nat,mts_aggregate_1,2017,1001.199
fin,sex_t,geo_cov_nat,mts_aggregate_1,2018,979.724
fin,sex_t,geo_cov_nat,mts_aggregate_1,2019,1002.109
fin,sex_t,geo_cov_nat,mts_aggregate_1,2020,1030.471
fin,sex_t,geo_cov_nat,mts_aggregate_2,1995,663.098
fin,sex_t,geo_cov_nat,mts_aggregate_2,1997,691.672
fin,sex_t,geo_cov_nat,mts_aggregate_2,1998,732.682
fin,sex_t,geo_cov_nat,mts_aggregate_2,1999,696.919
fin,sex_t,geo_cov_nat,mts_aggregate_2,2000,656.29
fin,sex_t,geo_cov_nat,mts_aggregate_2,2001,578.456
fin,sex_t,geo_cov_nat,mts_aggregate_2,2002,583.352
fin,sex_t,geo_cov_nat,mts_aggregate_2,2003,747.676
fin,sex_t,geo_cov_nat,mts_aggregate_2,2004,747.62
fin,sex_t,geo_cov_nat,mts_aggregate_2,2005,749.783
fin,sex_t,geo_cov_nat,mts_aggregate_2,2006,760.391
fin,sex_t,geo_cov_nat,mts_aggregate_2,2007,778.768
fin,sex_t,geo_cov_nat,mts_aggregate_2,2008,770.337
fin,sex_t,geo_cov_nat,mts_aggregate_2,2009,786.965
fin,sex_t,geo_cov_nat,mts_aggregate_2,2010,807.08
fin,sex_t,geo_cov_nat,mts_aggregate_2,2011,822.697
fin,sex_t,geo_cov_nat,mts_aggregate_2,2012,834.998
fin,sex_t,geo_cov_nat,mts_aggregate_2,2013,856.933
fin,sex_t,geo_cov_nat,mts_aggregate_2,2014,861.131
fin,sex_t,geo_cov_nat,mts_aggregate_2,2015,876.697
fin,sex_t,geo_cov_nat,mts_aggregate_2,2016,886.021
fin,sex_t,geo_cov_nat,mts_aggregate_2,2017,885.759
fin,sex_t,geo_cov_nat,mts_aggregate_2,2018,885.132
fin,sex_t,geo_cov_nat,mts_aggregate_2,2019,876.343
fin,sex_t,geo_cov_nat,mts_aggregate_2,2020,868.127
fin,sex_t,geo_cov_nat,mts_aggregate_total,1995,1570.178
fin,sex_t,geo_cov_nat,mts_aggregate_total,1997,1654.233
fin,sex_t,geo_cov_nat,mts_aggregate_total,1998,1657.152
fin,sex_t,geo_cov_nat,mts_aggregate_total,1999,1553.395
fin,sex_t,geo_cov_nat,mts_aggregate_total,2000,1550.268
fin,sex_t,geo_cov_nat,mts_aggregate_total,2001,1553.982
fin,sex_t,geo_cov_nat,mts_aggregate_total,2002,1562.937
fin,sex_t,geo_cov_nat,mts_aggregate_total,2003,1586.4
fin,sex_t,geo_cov_nat,mts_aggregate_total,2004,1622.744
fin,sex_t,geo_cov_nat,mts_aggregate_total,2005,1628.282
fin,sex_t,geo_cov_nat,mts_aggregate_total,2006,1631.776
fin,sex_t,geo_cov_nat,mts_aggregate_total,2007,1695.765
fin,sex_t,geo_cov_nat,mts_aggregate_total,2008,1693.699
fin,sex_t,geo_cov_nat,mts_aggregate_total,2009,1749.221
fin,sex_t,geo_cov_nat,mts_aggregate_total,2010,1786.602
fin,sex_t,geo_cov_nat,mts_aggregate_total,2011,1793.848
fin,sex_t,geo_cov_nat,mts_aggregate_total,2012,1813.831
fin,sex_t,geo_cov_nat,mts_aggregate_total,2013,1848.725
fin,sex_t,geo_cov_nat,mts_aggregate_total,2014,1869.311
fin,sex_t,geo_cov_nat,mts_aggregate_total,2015,1871.859
fin,sex_t,geo_cov_nat,mts_aggregate_total,2016,1896.207
fin,sex_t,geo_cov_nat,mts_aggregate_total,2017,1892.443
fin,sex_t,geo_cov_nat,mts_aggregate_total,2018,1872.036
fin,sex_t,geo_cov_nat,mts_aggregate_total,2019,1883.369
fin,sex_t,geo_cov_nat,mts_aggregate_total,2020,1905.715
fin,sex_t,geo_cov_nat,mts_aggregate_x,1995,221.438
fin,sex_t,geo_cov_nat,mts_aggregate_x,1997,48.438
fin,sex_t,geo_cov_nat,mts_aggregate_x,1998,37.981
fin,sex_t,geo_cov_nat,mts_aggregate_x,2000,63.993
fin,sex_t,geo_cov_nat,mts_aggregate_x,2008,1.208
fin,sex_t,geo_cov_nat,mts_aggregate_x,2009,1.576
fin,sex_t,geo_cov_nat,mts_aggregate_x,2010,1.667
fin,sex_t,geo_cov_nat,mts_aggregate_x,2011,1.177
fin,sex_t,geo_cov_nat,mts_aggregate_x,2013,0.924
fin,sex_t,geo_cov_nat,mts_aggregate_x,2014,1.233
fin,sex_t,geo_cov_nat,mts_aggregate_x,2015,3.202
fin,sex_t,geo_cov_nat,mts_aggregate_x,2016,2.842
fin,sex_t,geo_cov_nat,mts_aggregate_x,2017,5.485
fin,sex_t,geo_cov_nat,mts_aggregate_x,2018,7.181
fin,sex_t,geo_cov_nat,mts_aggregate_x,2019,4.917
fin,sex_t,geo_cov_nat,mts_aggregate_x,2020,7.117
fin,sex_t,geo_cov_rur,mts_aggregate_1,1995,421.462
fin,sex_t,geo_cov_rur,mts_aggregate_1,1997,557.014
fin,sex_t,geo_cov_rur,mts_aggregate_1,1998,552.358
fin,sex_t,geo_cov_rur,mts_aggregate_1,1999,524.793
fin,sex_t,geo_cov_rur,mts_aggregate_1,2000,510.373
fin,sex_t,geo_cov_rur,mts_aggregate_1,2001,613.019
fin,sex_t,geo_cov_rur,mts_aggregate_1,2002,575.162
fin,sex_t,geo_cov_rur,mts_aggregate_1,2003,482.257
fin,sex_t,geo_cov_rur,mts_aggregate_1,2004,494.646
fin,sex_t,geo_cov_rur,mts_aggregate_1,2005,507.512
fin,sex_t,geo_cov_rur,mts_aggregate_1,2006,521.58
fin,sex_t,geo_cov_rur,mts_aggregate_1,2007,545.649
fin,sex_t,geo_cov_rur,mts_aggregate_1,2008,550.501
fin,sex_t,geo_cov_rur,mts_aggregate_1,2009,623.561
fin,sex_t,geo_cov_rur,mts_aggregate_1,2010,615.298
fin,sex_t,geo_cov_rur,mts_aggregate_1,2011,596.056
fin,sex_t,geo_cov_rur,mts_aggregate_1,2012,314.601
fin,sex_t,geo_cov_rur,mts_aggregate_1,2013,318.199
fin,sex_t,geo_cov_rur,mts_aggregate_1,2014,322.293
fin,sex_t,geo_cov_rur,mts_aggregate_1,2015,308.96
fin,sex_t,geo_cov_rur,mts_aggregate_1,2016,299.939
fin,sex_t,geo_cov_rur,mts_aggregate_1,2017,304.916
fin,sex_t,geo_cov_rur,mts_aggregate_1,2018,293.347
fin,sex_t,geo_cov_rur,mts_aggregate_1,2019,307.772
fin,sex_t,geo_cov_rur,mts_aggregate_1,2020,314.688
fin,sex_t,geo_cov_rur,mts_aggregate_2,1995,431.443
fin,sex_t,geo_cov_rur,mts_aggregate_2,1997,465.652
fin,sex_t,geo_cov_rur,mts_aggregate_2,1998,490.385
fin,sex_t,geo_cov_rur,mts_aggregate_2,1999,461.959
fin,sex_t,geo_cov_rur,mts_aggregate_2,2000,428.252
fin,sex_t,geo_cov_rur,mts_aggregate_2,2001,377.194
fin,sex_t,geo_cov_rur,mts_aggregate_2,2002,367.998
fin,sex_t,geo_cov_rur,mts_aggregate_2,2003,475.661
fin,sex_t,geo_cov_rur,mts_aggregate_2,2004,465.681
fin,sex_t,geo_cov_rur,mts_aggregate_2,2005,453.663
fin,sex_t,geo_cov_rur,mts_aggregate_2,2006,478.562
fin,sex_t,geo_cov_rur,mts_aggregate_2,2007,499.647
fin,sex_t,geo_cov_rur,mts_aggregate_2,2008,488.345
fin,sex_t,geo_cov_rur,mts_aggregate_2,2009,519.281
fin,sex_t,geo_cov_rur,mts_aggregate_2,2010,536.689
fin,sex_t,geo_cov_rur,mts_aggregate_2,2011,547.132
fin,sex_t,geo_cov_rur,mts_aggregate_2,2012,313.715
fin,sex_t,geo_cov_rur,mts_aggregate_2,2013,299.319
fin,sex_t,geo_cov_rur,mts_aggregate_2,2014,305.184
fin,sex_t,geo_cov_rur,mts_aggregate_2,2015,311.481
fin,sex_t,geo_cov_rur,mts_aggregate_2,2016,308.235
fin,sex_t,geo_cov_rur,mts_aggregate_2,2017,312.821
fin,sex_t,geo_cov_rur,mts_aggregate_2,2018,308.175
fin,sex_t,geo_cov_rur,mts_aggregate_2,2019,300.292
fin,sex_t,geo_cov_rur,mts_aggregate_2,2020,285.421
fin,sex_t,geo_cov_rur,mts_aggregate_total,1995,988.378
fin,sex_t,geo_cov_rur,mts_aggregate_total,1997,1054.159
fin,sex_t,geo_cov_rur,mts_aggregate_total,1998,1069.035
fin,sex_t,geo_cov_rur,mts_aggregate_total,1999,986.751
fin,sex_t,geo_cov_rur,mts_aggregate_total,2000,979.596
fin,sex_t,geo_cov_rur,mts_aggregate_total,2001,990.338
fin,sex_t,geo_cov_rur,mts_aggregate_total,2002,943.16
fin,sex_t,geo_cov_rur,mts_aggregate_total,2003,958.143
fin,sex_t,geo_cov_rur,mts_aggregate_total,2004,960.702
fin,sex_t,geo_cov_rur,mts_aggregate_total,2005,961.328
fin,sex_t,geo_cov_rur,mts_aggregate_total,2006,1000.323
fin,sex_t,geo_cov_rur,mts_aggregate_total,2007,1045.455
fin,sex_t,geo_cov_rur,mts_aggregate_total,2008,1039.39
fin,sex_t,geo_cov_rur,mts_aggregate_total,2009,1143.595
fin,sex_t,geo_cov_rur,mts_aggregate_total,2010,1152.832
fin,sex_t,geo_cov_rur,mts_aggregate_total,2011,1143.476
fin,sex_t,geo_cov_rur,mts_aggregate_total,2012,628.316
fin,sex_t,geo_cov_rur,mts_aggregate_total,2013,617.517
fin,sex_t,geo_cov_rur,mts_aggregate_total,2014,627.675
fin,sex_t,geo_cov_rur,mts_aggregate_total,2015,620.918
fin,sex_t,geo_cov_rur,mts_aggregate_total,2016,608.586
fin,sex_t,geo_cov_rur,mts_aggregate_total,2017,618.716
fin,sex_t,geo_cov_rur,mts_aggregate_total,2018,602.32
fin,sex_t,geo_cov_rur,mts_aggregate_total,2019,608.479
fin,sex_t,geo_cov_rur,mts_aggregate_total,2020,600.109
fin,sex_t,geo_cov_rur,mts_aggregate_x,1995,135.473
fin,sex_t,geo_cov_rur,mts_aggregate_x,1997,31.493
fin,sex_t,geo_cov_rur,mts_aggregate_x,1998,26.292
fin,sex_t,geo_cov_rur,mts_aggregate_x,2000,40.971
fin,sex_t,geo_cov_rur,mts_aggregate_x,2010,0.846
fin,sex_t,geo_cov_rur,mts_aggregate_x,2017,0.98
fin,sex_t,geo_cov_rur,mts_aggregate_x,2020,0
fin,sex_t,geo_cov_urb,mts_aggregate_1,1995,264.18
fin,sex_t,geo_cov_urb,mts_aggregate_1,1997,348.525
fin,sex_t,geo_cov_urb,mts_aggregate_1,1998,319.98
fin,sex_t,geo_cov_urb,mts_aggregate_1,1999,316.291
fin,sex_t,geo_cov_urb,mts_aggregate_1,2000,303.804
fin,sex_t,geo_cov_urb,mts_aggregate_1,2001,344.494
fin,sex_t,geo_cov_urb,mts_aggregate_1,2002,404.422
fin,sex_t,geo_cov_urb,mts_aggregate_1,2003,356.242
fin,sex_t,geo_cov_urb,mts_aggregate_1,2004,377.885
fin,sex_t,geo_cov_urb,mts_aggregate_1,2005,368.724
fin,sex_t,geo_cov_urb,mts_aggregate_1,2006,349.509
fin,sex_t,geo_cov_urb,mts_aggregate_1,2007,370.863
fin,sex_t,geo_cov_urb,mts_aggregate_1,2008,371.653
fin,sex_t,geo_cov_urb,mts_aggregate_1,2009,337.119
fin,sex_t,geo_cov_urb,mts_aggregate_1,2010,362.556
fin,sex_t,geo_cov_urb,mts_aggregate_1,2011,373.919
fin,sex_t,geo_cov_urb,mts_aggregate_1,2012,663.546
fin,sex_t,geo_cov_urb,mts_aggregate_1,2013,672.669
fin,sex_t,geo_cov_urb,mts_aggregate_1,2014,684.655
fin,sex_t,geo_cov_urb,mts_aggregate_1,2015,682.999
fin,sex_t,geo_cov_urb,mts_aggregate_1,2016,707.406
fin,sex_t,geo_cov_urb,mts_aggregate_1,2017,696.283
fin,sex_t,geo_cov_urb,mts_aggregate_1,2018,686.377
fin,sex_t,geo_cov_urb,mts_aggregate_1,2019,694.338
fin,sex_t,geo_cov_urb,mts_aggregate_1,2020,715.783
fin,sex_t,geo_cov_urb,mts_aggregate_2,1995,231.655
fin,sex_t,geo_cov_urb,mts_aggregate_2,1997,218.605
fin,sex_t,geo_cov_urb,mts_aggregate_2,1998,228.907
fin,sex_t,geo_cov_urb,mts_aggregate_2,1999,222.269
fin,sex_t,geo_cov_urb,mts_aggregate_2,2000,216.53
fin,sex_t,geo_cov_urb,mts_aggregate_2,2001,190.889
fin,sex_t,geo_cov_urb,mts_aggregate_2,2002,215.354
fin,sex_t,geo_cov_urb,mts_aggregate_2,2003,272.015
fin,sex_t,geo_cov_urb,mts_aggregate_2,2004,279.4
fin,sex_t,geo_cov_urb,mts_aggregate_2,2005,293.952
fin,sex_t,geo_cov_urb,mts_aggregate_2,2006,281.829
fin,sex_t,geo_cov_urb,mts_aggregate_2,2007,279.121
fin,sex_t,geo_cov_urb,mts_aggregate_2,2008,281.993
fin,sex_t,geo_cov_urb,mts_aggregate_2,2009,267.684
fin,sex_t,geo_cov_urb,mts_aggregate_2,2010,270.392
fin,sex_t,geo_cov_urb,mts_aggregate_2,2011,275.565
fin,sex_t,geo_cov_urb,mts_aggregate_2,2012,521.283
fin,sex_t,geo_cov_urb,mts_aggregate_2,2013,557.615
fin,sex_t,geo_cov_urb,mts_aggregate_2,2014,555.947
fin,sex_t,geo_cov_urb,mts_aggregate_2,2015,565.217
fin,sex_t,geo_cov_urb,mts_aggregate_2,2016,577.786
fin,sex_t,geo_cov_urb,mts_aggregate_2,2017,572.938
fin,sex_t,geo_cov_urb,mts_aggregate_2,2018,576.957
fin,sex_t,geo_cov_urb,mts_aggregate_2,2019,576.051
fin,sex_t,geo_cov_urb,mts_aggregate_2,2020,582.706
fin,sex_t,geo_cov_urb,mts_aggregate_total,1995,581.8
fin,sex_t,geo_cov_urb,mts_aggregate_total,1997,583.785
fin,sex_t,geo_cov_urb,mts_aggregate_total,1998,560.367
fin,sex_t,geo_cov_urb,mts_aggregate_total,1999,538.56
fin,sex_t,geo_cov_urb,mts_aggregate_total,2000,542.555
fin,sex_t,geo_cov_urb,mts_aggregate_total,2001,535.711
fin,sex_t,geo_cov_urb,mts_aggregate_total,2002,619.776
fin,sex_t,geo_cov_urb,mts_aggregate_total,2003,628.257
fin,sex_t,geo_cov_urb,mts_aggregate_total,2004,657.402
fin,sex_t,geo_cov_urb,mts_aggregate_total,2005,663.195
fin,sex_t,geo_cov_urb,mts_aggregate_total,2006,631.453
fin,sex_t,geo_cov_urb,mts_aggregate_total,2007,650.31
fin,sex_t,geo_cov_urb,mts_aggregate_total,2008,654.309
fin,sex_t,geo_cov_urb,mts_aggregate_total,2009,605.626
fin,sex_t,geo_cov_urb,mts_aggregate_total,2010,633.77
fin,sex_t,geo_cov_urb,mts_aggregate_total,2011,650.372
fin,sex_t,geo_cov_urb,mts_aggregate_total,2012,1185.515
fin,sex_t,geo_cov_urb,mts_aggregate_total,2013,1231.208
fin,sex_t,geo_cov_urb,mts_aggregate_total,2014,1241.636
fin,sex_t,geo_cov_urb,mts_aggregate_total,2015,1250.94
fin,sex_t,geo_cov_urb,mts_aggregate_total,2016,1287.621
fin,sex_t,geo_cov_urb,mts_aggregate_total,2017,1273.726
fin,sex_t,geo_cov_urb,mts_aggregate_total,2018,1269.717
fin,sex_t,geo_cov_urb,mts_aggregate_total,2019,1274.89
fin,sex_t,geo_cov_urb,mts_aggregate_total,2020,1305.607
fin,sex_t,geo_cov_urb,mts_aggregate_x,1995,85.965
fin,sex_t,geo_cov_urb,mts_aggregate_x,1997,16.655
fin,sex_t,geo_cov_urb,mts_aggregate_x,1998,11.48
fin,sex_t,geo_cov_urb,mts_aggregate_x,2000,22.222
fin,sex_t,geo_cov_urb,mts_aggregate_x,2010,0.821
fin,sex_t,geo_cov_urb,mts_aggregate_x,2013,0.924
fin,sex_t,geo_cov_urb,mts_aggregate_x,2014,1.035
fin,sex_t,geo_cov_urb,mts_aggregate_x,2015,2.725
fin,sex_t,geo_cov_urb,mts_aggregate_x,2016,2.429
fin,sex_t,geo_cov_urb,mts_aggregate_x,2017,4.506
fin,sex_t,geo_cov_urb,mts_aggregate_x,2018,6.382
fin,sex_t,geo_cov_urb,mts_aggregate_x,2019,4.502
fin,sex_t,geo_cov_urb,mts_aggregate_x,2020,7.117
fin,sex_t,geo_cov_x,mts_aggregate_1,1997,8.584
fin,sex_t,geo_cov_x,mts_aggregate_1,1998,14.151
fin,sex_t,geo_cov_x,mts_aggregate_1,1999,15.392
fin,sex_t,geo_cov_x,mts_aggregate_1,2000,15.809
fin,sex_t,geo_cov_x,mts_aggregate_1,2001,17.561
fin,sex_t,geo_cov_x,mts_aggregate_1,2004,2.1
fin,sex_t,geo_cov_x,mts_aggregate_1,2005,1.591
fin,sex_t,geo_cov_x,mts_aggregate_2,1997,7.415
fin,sex_t,geo_cov_x,mts_aggregate_2,1998,13.39
fin,sex_t,geo_cov_x,mts_aggregate_2,1999,12.691
fin,sex_t,geo_cov_x,mts_aggregate_2,2000,11.508
fin,sex_t,geo_cov_x,mts_aggregate_2,2001,10.372
fin,sex_t,geo_cov_x,mts_aggregate_2,2004,2.539
fin,sex_t,geo_cov_x,mts_aggregate_2,2005,2.168
fin,sex_t,geo_cov_x,mts_aggregate_total,1997,16.289
fin,sex_t,geo_cov_x,mts_aggregate_total,1998,27.75
fin,sex_t,geo_cov_x,mts_aggregate_total,1999,28.083
fin,sex_t,geo_cov_x,mts_aggregate_total,2000,28.117
fin,sex_t,geo_cov_x,mts_aggregate_total,2001,27.933
fin,sex_t,geo_cov_x,mts_aggregate_total,2004,4.64
fin,sex_t,geo_cov_x,mts_aggregate_total,2005,3.759
fin,sex_t,geo_cov_x,mts_aggregate_x,2000,0.8
fji,sex_f,geo_cov_nat,mts_aggregate_1,2005,77.551
fji,sex_f,geo_cov_nat,mts_aggregate_1,2011,68.765
fji,sex_f,geo_cov_nat,mts_aggregate_1,2016,75.383
fji,sex_f,geo_cov_nat,mts_aggregate_2,2005,107.837
fji,sex_f,geo_cov_nat,mts_aggregate_2,2011,87.381
fji,sex_f,geo_cov_nat,mts_aggregate_2,2016,108.793
fji,sex_f,geo_cov_nat,mts_aggregate_total,2005,185.388
fji,sex_f,geo_cov_nat,mts_aggregate_total,2011,156.146
fji,sex_f,geo_cov_nat,mts_aggregate_total,2016,184.176
fji,sex_f,geo_cov_nat,mts_details_mrd,2005,107.837
fji,sex_f,geo_cov_nat,mts_details_mrd,2011,87.381
fji,sex_f,geo_cov_nat,mts_details_mrd,2016,108.793
fji,sex_f,geo_cov_nat,mts_details_sep,2005,2.839
fji,sex_f,geo_cov_nat,mts_details_sep,2011,2.27
fji,sex_f,geo_cov_nat,mts_details_sep,2016,3.384
fji,sex_f,geo_cov_nat,mts_details_sgle,2005,54.787
fji,sex_f,geo_cov_nat,mts_details_sgle,2011,49.701
fji,sex_f,geo_cov_nat,mts_details_sgle,2016,46.178
fji,sex_f,geo_cov_nat,mts_details_total,2005,185.388
fji,sex_f,geo_cov_nat,mts_details_total,2011,156.146
fji,sex_f,geo_cov_nat,mts_details_total,2016,184.176
fji,sex_f,geo_cov_nat,mts_details_wid,2005,19.925
fji,sex_f,geo_cov_nat,mts_details_wid,2011,16.794
fji,sex_f,geo_cov_nat,mts_details_wid,2016,25.821
fji,sex_f,geo_cov_rur,mts_aggregate_1,2005,34.449
fji,sex_f,geo_cov_rur,mts_aggregate_1,2011,40.552
fji,sex_f,geo_cov_rur,mts_aggregate_1,2016,31.093
fji,sex_f,geo_cov_rur,mts_aggregate_2,2005,55.752
fji,sex_f,geo_cov_rur,mts_aggregate_2,2011,49.806
fji,sex_f,geo_cov_rur,mts_aggregate_2,2016,53.18
fji,sex_f,geo_cov_rur,mts_aggregate_total,2005,90.201
fji,sex_f,geo_cov_rur,mts_aggregate_total,2011,90.359
fji,sex_f,geo_cov_rur,mts_aggregate_total,2016,84.273
fji,sex_f,geo_cov_rur,mts_details_mrd,2005,55.752
fji,sex_f,geo_cov_rur,mts_details_mrd,2011,49.806
fji,sex_f,geo_cov_rur,mts_details_mrd,2016,53.18
fji,sex_f,geo_cov_rur,mts_details_sep,2005,1.024
fji,sex_f,geo_cov_rur,mts_details_sep,2011,1.683
fji,sex_f,geo_cov_rur,mts_details_sep,2016,1.364
fji,sex_f,geo_cov_rur,mts_details_sgle,2005,23.025
fji,sex_f,geo_cov_rur,mts_details_sgle,2011,29.35
fji,sex_f,geo_cov_rur,mts_details_sgle,2016,18.66
fji,sex_f,geo_cov_rur,mts_details_total,2005,90.201
fji,sex_f,geo_cov_rur,mts_details_total,2011,90.359
fji,sex_f,geo_cov_rur,mts_details_total,2016,84.273
fji,sex_f,geo_cov_rur,mts_details_wid,2005,10.401
fji,sex_f,geo_cov_rur,mts_details_wid,2011,9.519
fji,sex_f,geo_cov_rur,mts_details_wid,2016,11.069
fji,sex_f,geo_cov_urb,mts_aggregate_1,2005,43.101
fji,sex_f,geo_cov_urb,mts_aggregate_1,2011,28.212
fji,sex_f,geo_cov_urb,mts_aggregate_1,2016,44.289
fji,sex_f,geo_cov_urb,mts_aggregate_2,2005,52.086
fji,sex_f,geo_cov_urb,mts_aggregate_2,2011,37.575
fji,sex_f,geo_cov_urb,mts_aggregate_2,2016,55.613
fji,sex_f,geo_cov_urb,mts_aggregate_total,2005,95.187
fji,sex_f,geo_cov_urb,mts_aggregate_total,2011,65.787
fji,sex_f,geo_cov_urb,mts_aggregate_total,2016,99.903
fji,sex_f,geo_cov_urb,mts_details_mrd,2005,52.086
fji,sex_f,geo_cov_urb,mts_details_mrd,2011,37.575
fji,sex_f,geo_cov_urb,mts_details_mrd,2016,55.613
fji,sex_f,geo_cov_urb,mts_details_sep,2005,1.814
fji,sex_f,geo_cov_urb,mts_details_sep,2011,0.587
fji,sex_f,geo_cov_urb,mts_details_sep,2016,2.019
fji,sex_f,geo_cov_urb,mts_details_sgle,2005,31.762
fji,sex_f,geo_cov_urb,mts_details_sgle,2011,20.351
fji,sex_f,geo_cov_urb,mts_details_sgle,2016,27.518
fji,sex_f,geo_cov_urb,mts_details_total,2005,95.187
fji,sex_f,geo_cov_urb,mts_details_total,2011,65.787
fji,sex_f,geo_cov_urb,mts_details_total,2016,99.903
fji,sex_f,geo_cov_urb,mts_details_wid,2005,9.525
fji,sex_f,geo_cov_urb,mts_details_wid,2011,7.275
fji,sex_f,geo_cov_urb,mts_details_wid,2016,14.752
fji,sex_m,geo_cov_nat,mts_aggregate_1,2005,51.08
fji,sex_m,geo_cov_nat,mts_aggregate_1,2011,46.391
fji,sex_m,geo_cov_nat,mts_aggregate_1,2016,44.5
fji,sex_m,geo_cov_nat,mts_aggregate_2,2005,13.165
fji,sex_m,geo_cov_nat,mts_aggregate_2,2011,14.116
fji,sex_m,geo_cov_nat,mts_aggregate_2,2016,23.114
fji,sex_m,geo_cov_nat,mts_aggregate_total,2005,64.244
fji,sex_m,geo_cov_nat,mts_aggregate_total,2011,60.507
fji,sex_m,geo_cov_nat,mts_aggregate_total,2016,67.614
fji,sex_m,geo_cov_nat,mts_details_mrd,2005,13.165
fji,sex_m,geo_cov_nat,mts_details_mrd,2011,14.116
fji,sex_m,geo_cov_nat,mts_details_mrd,2016,23.114
fji,sex_m,geo_cov_nat,mts_details_sep,2005,0.458
fji,sex_m,geo_cov_nat,mts_details_sep,2011,0.586
fji,sex_m,geo_cov_nat,mts_details_sep,2016,0.884
fji,sex_m,geo_cov_nat,mts_details_sgle,2005,45.89
fji,sex_m,geo_cov_nat,mts_details_sgle,2011,41.781
fji,sex_m,geo_cov_nat,mts_details_sgle,2016,38.125
fji,sex_m,geo_cov_nat,mts_details_total,2005,64.244
fji,sex_m,geo_cov_nat,mts_details_total,2011,60.507
fji,sex_m,geo_cov_nat,mts_details_total,2016,67.614
fji,sex_m,geo_cov_nat,mts_details_wid,2005,4.732
fji,sex_m,geo_cov_nat,mts_details_wid,2011,4.024
fji,sex_m,geo_cov_nat,mts_details_wid,2016,5.491
fji,sex_m,geo_cov_rur,mts_aggregate_1,2005,22.866
fji,sex_m,geo_cov_rur,mts_aggregate_1,2011,28.329
fji,sex_m,geo_cov_rur,mts_aggregate_1,2016,16.016
fji,sex_m,geo_cov_rur,mts_aggregate_2,2005,5.055
fji,sex_m,geo_cov_rur,mts_aggregate_2,2011,8.325
fji,sex_m,geo_cov_rur,mts_aggregate_2,2016,9.036
fji,sex_m,geo_cov_rur,mts_aggregate_total,2005,27.921
fji,sex_m,geo_cov_rur,mts_aggregate_total,2011,36.653
fji,sex_m,geo_cov_rur,mts_aggregate_total,2016,25.052
fji,sex_m,geo_cov_rur,mts_details_mrd,2005,5.055
fji,sex_m,geo_cov_rur,mts_details_mrd,2011,8.325
fji,sex_m,geo_cov_rur,mts_details_mrd,2016,9.036
fji,sex_m,geo_cov_rur,mts_details_sep,2005,0.253
fji,sex_m,geo_cov_rur,mts_details_sep,2011,0.284
fji,sex_m,geo_cov_rur,mts_details_sep,2016,0.172
fji,sex_m,geo_cov_rur,mts_details_sgle,2005,19.935
fji,sex_m,geo_cov_rur,mts_details_sgle,2011,26.193
fji,sex_m,geo_cov_rur,mts_details_sgle,2016,12.898
fji,sex_m,geo_cov_rur,mts_details_total,2005,27.921
fji,sex_m,geo_cov_rur,mts_details_total,2011,36.653
fji,sex_m,geo_cov_rur,mts_details_total,2016,25.052
fji,sex_m,geo_cov_rur,mts_details_wid,2005,2.678
fji,sex_m,geo_cov_rur,mts_details_wid,2011,1.851
fji,sex_m,geo_cov_rur,mts_details_wid,2016,2.946
fji,sex_m,geo_cov_urb,mts_aggregate_1,2005,28.214
fji,sex_m,geo_cov_urb,mts_aggregate_1,2011,18.062
fji,sex_m,geo_cov_urb,mts_aggregate_1,2016,28.483
fji,sex_m,geo_cov_urb,mts_aggregate_2,2005,8.11
fji,sex_m,geo_cov_urb,mts_aggregate_2,2011,5.791
fji,sex_m,geo_cov_urb,mts_aggregate_2,2016,14.078
fji,sex_m,geo_cov_urb,mts_aggregate_total,2005,36.324
fji,sex_m,geo_cov_urb,mts_aggregate_total,2011,23.853
fji,sex_m,geo_cov_urb,mts_aggregate_total,2016,42.562
fji,sex_m,geo_cov_urb,mts_details_mrd,2005,8.11
fji,sex_m,geo_cov_urb,mts_details_mrd,2011,5.791
fji,sex_m,geo_cov_urb,mts_details_mrd,2016,14.078
fji,sex_m,geo_cov_urb,mts_details_sep,2005,0.205
fji,sex_m,geo_cov_urb,mts_details_sep,2011,0.302
fji,sex_m,geo_cov_urb,mts_details_sep,2016,0.712
fji,sex_m,geo_cov_urb,mts_details_sgle,2005,25.955
fji,sex_m,geo_cov_urb,mts_details_sgle,2011,15.588
fji,sex_m,geo_cov_urb,mts_details_sgle,2016,25.226
fji,sex_m,geo_cov_urb,mts_details_total,2005,36.324
fji,sex_m,geo_cov_urb,mts_details_total,2011,23.853
fji,sex_m,geo_cov_urb,mts_details_total,2016,42.562
fji,sex_m,geo_cov_urb,mts_details_wid,2005,2.054
fji,sex_m,geo_cov_urb,mts_details_wid,2011,2.172
fji,sex_m,geo_cov_urb,mts_details_wid,2016,2.545
fji,sex_t,geo_cov_nat,mts_aggregate_1,2005,128.63
fji,sex_t,geo_cov_nat,mts_aggregate_1,2011,115.156
fji,sex_t,geo_cov_nat,mts_aggregate_1,2016,119.882
fji,sex_t,geo_cov_nat,mts_aggregate_2,2005,121.002
fji,sex_t,geo_cov_nat,mts_aggregate_2,2011,101.497
fji,sex_t,geo_cov_nat,mts_aggregate_2,2016,131.908
fji,sex_t,geo_cov_nat,mts_aggregate_total,2005,249.632
fji,sex_t,geo_cov_nat,mts_aggregate_total,2011,216.653
fji,sex_t,geo_cov_nat,mts_aggregate_total,2016,251.79
fji,sex_t,geo_cov_nat,mts_details_mrd,2005,121.002
fji,sex_t,geo_cov_nat,mts_details_mrd,2011,101.497
fji,sex_t,geo_cov_nat,mts_details_mrd,2016,131.908
fji,sex_t,geo_cov_nat,mts_details_sep,2005,3.297
fji,sex_t,geo_cov_nat,mts_details_sep,2011,2.856
fji,sex_t,geo_cov_nat,mts_details_sep,2016,4.268
fji,sex_t,geo_cov_nat,mts_details_sgle,2005,100.677
fji,sex_t,geo_cov_nat,mts_details_sgle,2011,91.482
fji,sex_t,geo_cov_nat,mts_details_sgle,2016,84.302
fji,sex_t,geo_cov_nat,mts_details_total,2005,249.632
fji,sex_t,geo_cov_nat,mts_details_total,2011,216.653
fji,sex_t,geo_cov_nat,mts_details_total,2016,251.79
fji,sex_t,geo_cov_nat,mts_details_wid,2005,24.657
fji,sex_t,geo_cov_nat,mts_details_wid,2011,20.818
fji,sex_t,geo_cov_nat,mts_details_wid,2016,31.312
fji,sex_t,geo_cov_rur,mts_aggregate_1,2005,57.316
fji,sex_t,geo_cov_rur,mts_aggregate_1,2011,68.881
fji,sex_t,geo_cov_rur,mts_aggregate_1,2016,47.109
fji,sex_t,geo_cov_rur,mts_aggregate_2,2005,60.806
fji,sex_t,geo_cov_rur,mts_aggregate_2,2011,58.131
fji,sex_t,geo_cov_rur,mts_aggregate_2,2016,62.216
fji,sex_t,geo_cov_rur,mts_aggregate_total,2005,118.121
fji,sex_t,geo_cov_rur,mts_aggregate_total,2011,127.012
fji,sex_t,geo_cov_rur,mts_aggregate_total,2016,109.326
fji,sex_t,geo_cov_rur,mts_details_mrd,2005,60.806
fji,sex_t,geo_cov_rur,mts_details_mrd,2011,58.131
fji,sex_t,geo_cov_rur,mts_details_mrd,2016,62.216
fji,sex_t,geo_cov_rur,mts_details_sep,2005,1.278
fji,sex_t,geo_cov_rur,mts_details_sep,2011,1.967
fji,sex_t,geo_cov_rur,mts_details_sep,2016,1.536
fji,sex_t,geo_cov_rur,mts_details_sgle,2005,42.959
fji,sex_t,geo_cov_rur,mts_details_sgle,2011,55.543
fji,sex_t,geo_cov_rur,mts_details_sgle,2016,31.558
fji,sex_t,geo_cov_rur,mts_details_total,2005,118.121
fji,sex_t,geo_cov_rur,mts_details_total,2011,127.012
fji,sex_t,geo_cov_rur,mts_details_total,2016,109.326
fji,sex_t,geo_cov_rur,mts_details_wid,2005,13.079
fji,sex_t,geo_cov_rur,mts_details_wid,2011,11.371
fji,sex_t,geo_cov_rur,mts_details_wid,2016,14.015
fji,sex_t,geo_cov_urb,mts_aggregate_1,2005,71.315
fji,sex_t,geo_cov_urb,mts_aggregate_1,2011,46.275
fji,sex_t,geo_cov_urb,mts_aggregate_1,2016,72.773
fji,sex_t,geo_cov_urb,mts_aggregate_2,2005,60.196
fji,sex_t,geo_cov_urb,mts_aggregate_2,2011,43.366
fji,sex_t,geo_cov_urb,mts_aggregate_2,2016,69.692
fji,sex_t,geo_cov_urb,mts_aggregate_total,2005,131.511
fji,sex_t,geo_cov_urb,mts_aggregate_total,2011,89.641
fji,sex_t,geo_cov_urb,mts_aggregate_total,2016,142.464
fji,sex_t,geo_cov_urb,mts_details_mrd,2005,60.196
fji,sex_t,geo_cov_urb,mts_details_mrd,2011,43.366
fji,sex_t,geo_cov_urb,mts_details_mrd,2016,69.692
fji,sex_t,geo_cov_urb,mts_details_sep,2005,2.019
fji,sex_t,geo_cov_urb,mts_details_sep,2011,0.889
fji,sex_t,geo_cov_urb,mts_details_sep,2016,2.732
fji,sex_t,geo_cov_urb,mts_details_sgle,2005,57.717
fji,sex_t,geo_cov_urb,mts_details_sgle,2011,35.939
fji,sex_t,geo_cov_urb,mts_details_sgle,2016,52.744
fji,sex_t,geo_cov_urb,mts_details_total,2005,131.511
fji,sex_t,geo_cov_urb,mts_details_total,2011,89.641
fji,sex_t,geo_cov_urb,mts_details_total,2016,142.464
fji,sex_t,geo_cov_urb,mts_details_wid,2005,11.578
fji,sex_t,geo_cov_urb,mts_details_wid,2011,9.447
fji,sex_t,geo_cov_urb,mts_details_wid,2016,17.297
fra,sex_f,geo_cov_nat,mts_aggregate_1,1992,6175.775
fra,sex_f,geo_cov_nat,mts_aggregate_1,1993,6191.917
fra,sex_f,geo_cov_nat,mts_aggregate_1,1994,6268.426
fra,sex_f,geo_cov_nat,mts_aggregate_1,1995,6347.134
fra,sex_f,geo_cov_nat,mts_aggregate_1,1996,6402.266
fra,sex_f,geo_cov_nat,mts_aggregate_1,1997,6521.436
fra,sex_f,geo_cov_nat,mts_aggregate_1,1998,6504.247
fra,sex_f,geo_cov_nat,mts_aggregate_1,1999,6553.141
fra,sex_f,geo_cov_nat,mts_aggregate_1,2000,6602.425
fra,sex_f,geo_cov_nat,mts_aggregate_1,2001,6703.525
fra,sex_f,geo_cov_nat,mts_aggregate_1,2002,6761.049
fra,sex_f,geo_cov_nat,mts_aggregate_1,2003,6741.82
fra,sex_f,geo_cov_nat,mts_aggregate_1,2004,6769.77
fra,sex_f,geo_cov_nat,mts_aggregate_1,2005,6948.94
fra,sex_f,geo_cov_nat,mts_aggregate_1,2006,6938.218
fra,sex_f,geo_cov_nat,mts_aggregate_1,2007,6858.313
fra,sex_f,geo_cov_nat,mts_aggregate_1,2008,6921.915
fra,sex_f,geo_cov_nat,mts_aggregate_1,2009,6908.773
fra,sex_f,geo_cov_nat,mts_aggregate_1,2010,7002.876
fra,sex_f,geo_cov_nat,mts_aggregate_1,2011,7056.336
fra,sex_f,geo_cov_nat,mts_aggregate_1,2012,7122.749
fra,sex_f,geo_cov_nat,mts_aggregate_1,2013,7341.103
fra,sex_f,geo_cov_nat,mts_aggregate_1,2014,7591.22
fra,sex_f,geo_cov_nat,mts_aggregate_1,2015,7552.911
fra,sex_f,geo_cov_nat,mts_aggregate_1,2016,7720.686
fra,sex_f,geo_cov_nat,mts_aggregate_1,2017,7910.127
fra,sex_f,geo_cov_nat,mts_aggregate_1,2018,7886.423
fra,sex_f,geo_cov_nat,mts_aggregate_1,2019,7894.097
fra,sex_f,geo_cov_nat,mts_aggregate_1,2020,8191.786
fra,sex_f,geo_cov_nat,mts_aggregate_2,1992,6088.178
fra,sex_f,geo_cov_nat,mts_aggregate_2,1993,6054.139
fra,sex_f,geo_cov_nat,mts_aggregate_2,1994,6021.805
fra,sex_f,geo_cov_nat,mts_aggregate_2,1995,5950.189
fra,sex_f,geo_cov_nat,mts_aggregate_2,1996,5872.765
fra,sex_f,geo_cov_nat,mts_aggregate_2,1997,5901.305
fra,sex_f,geo_cov_nat,mts_aggregate_2,1998,5899.82
fra,sex_f,geo_cov_nat,mts_aggregate_2,1999,5832.215
fra,sex_f,geo_cov_nat,mts_aggregate_2,2000,5798.627
fra,sex_f,geo_cov_nat,mts_aggregate_2,2001,5838.146
fra,sex_f,geo_cov_nat,mts_aggregate_2,2002,5827.146
fra,sex_f,geo_cov_nat,mts_aggregate_2,2003,5606.539
fra,sex_f,geo_cov_nat,mts_aggregate_2,2004,5723.419
fra,sex_f,geo_cov_nat,mts_aggregate_2,2005,5632.444
fra,sex_f,geo_cov_nat,mts_aggregate_2,2006,5709.225
fra,sex_f,geo_cov_nat,mts_aggregate_2,2007,5733.796
fra,sex_f,geo_cov_nat,mts_aggregate_2,2008,5673.493
fra,sex_f,geo_cov_nat,mts_aggregate_2,2009,5690.707
fra,sex_f,geo_cov_nat,mts_aggregate_2,2010,5642.373
fra,sex_f,geo_cov_nat,mts_aggregate_2,2011,5676.849
fra,sex_f,geo_cov_nat,mts_aggregate_2,2012,5618.434
fra,sex_f,geo_cov_nat,mts_aggregate_2,2013,5437.772
fra,sex_f,geo_cov_nat,mts_aggregate_2,2014,5655.447
fra,sex_f,geo_cov_nat,mts_aggregate_2,2015,5790.747
fra,sex_f,geo_cov_nat,mts_aggregate_2,2016,5714.082
fra,sex_f,geo_cov_nat,mts_aggregate_2,2017,5647.406
fra,sex_f,geo_cov_nat,mts_aggregate_2,2018,5649.817
fra,sex_f,geo_cov_nat,mts_aggregate_2,2019,5636.13
fra,sex_f,geo_cov_nat,mts_aggregate_2,2020,5673.586
fra,sex_f,geo_cov_nat,mts_aggregate_total,1992,12304.171
fra,sex_f,geo_cov_nat,mts_aggregate_total,1993,12268.695
fra,sex_f,geo_cov_nat,mts_aggregate_total,1994,12292.299
fra,sex_f,geo_cov_nat,mts_aggregate_total,1995,12297.323
fra,sex_f,geo_cov_nat,mts_aggregate_total,1996,12275.031
fra,sex_f,geo_cov_nat,mts_aggregate_total,1997,12422.741
fra,sex_f,geo_cov_nat,mts_aggregate_total,1998,12404.067
fra,sex_f,geo_cov_nat,mts_aggregate_total,1999,12385.567
fra,sex_f,geo_cov_nat,mts_aggregate_total,2000,12402.681
fra,sex_f,geo_cov_nat,mts_aggregate_total,2001,12542.463
fra,sex_f,geo_cov_nat,mts_aggregate_total,2002,12588.195
fra,sex_f,geo_cov_nat,mts_aggregate_total,2003,12348.359
fra,sex_f,geo_cov_nat,mts_aggregate_total,2004,12493.189
fra,sex_f,geo_cov_nat,mts_aggregate_total,2005,12581.384
fra,sex_f,geo_cov_nat,mts_aggregate_total,2006,12647.443
fra,sex_f,geo_cov_nat,mts_aggregate_total,2007,12592.109
fra,sex_f,geo_cov_nat,mts_aggregate_total,2008,12595.408
fra,sex_f,geo_cov_nat,mts_aggregate_total,2009,12599.48
fra,sex_f,geo_cov_nat,mts_aggregate_total,2010,12645.249
fra,sex_f,geo_cov_nat,mts_aggregate_total,2011,12733.185
fra,sex_f,geo_cov_nat,mts_aggregate_total,2012,12741.183
fra,sex_f,geo_cov_nat,mts_aggregate_total,2013,12778.875
fra,sex_f,geo_cov_nat,mts_aggregate_total,2014,13246.667
fra,sex_f,geo_cov_nat,mts_aggregate_total,2015,13343.658
fra,sex_f,geo_cov_nat,mts_aggregate_total,2016,13434.768
fra,sex_f,geo_cov_nat,mts_aggregate_total,2017,13557.533
fra,sex_f,geo_cov_nat,mts_aggregate_total,2018,13536.239
fra,sex_f,geo_cov_nat,mts_aggregate_total,2019,13530.227
fra,sex_f,geo_cov_nat,mts_aggregate_total,2020,13865.372
fra,sex_f,geo_cov_nat,mts_aggregate_x,1992,40.218
fra,sex_f,geo_cov_nat,mts_aggregate_x,1993,22.639
fra,sex_f,geo_cov_nat,mts_aggregate_x,1994,2.068
fra,sex_f,geo_cov_nat,mts_aggregate_x,2000,1.629
fra,sex_f,geo_cov_rur,mts_aggregate_1,1992,2323.001
fra,sex_f,geo_cov_rur,mts_aggregate_1,1993,2340.829
fra,sex_f,geo_cov_rur,mts_aggregate_1,1994,2328.22
fra,sex_f,geo_cov_rur,mts_aggregate_1,1995,2377.466
fra,sex_f,geo_cov_rur,mts_aggregate_1,1996,2388.581
fra,sex_f,geo_cov_rur,mts_aggregate_1,1997,2485.951
fra,sex_f,geo_cov_rur,mts_aggregate_1,1998,2475.099
fra,sex_f,geo_cov_rur,mts_aggregate_1,1999,2498.118
fra,sex_f,geo_cov_rur,mts_aggregate_1,2000,2495.145
fra,sex_f,geo_cov_rur,mts_aggregate_1,2001,2523.893
fra,sex_f,geo_cov_rur,mts_aggregate_1,2002,2559.791
fra,sex_f,geo_cov_rur,mts_aggregate_1,2003,1114.033
fra,sex_f,geo_cov_rur,mts_aggregate_1,2004,1127.714
fra,sex_f,geo_cov_rur,mts_aggregate_1,2005,1187.946
fra,sex_f,geo_cov_rur,mts_aggregate_1,2006,1191.4
fra,sex_f,geo_cov_rur,mts_aggregate_1,2007,1138.532
fra,sex_f,geo_cov_rur,mts_aggregate_1,2008,1144.268
fra,sex_f,geo_cov_rur,mts_aggregate_1,2009,1178.713
fra,sex_f,geo_cov_rur,mts_aggregate_1,2010,1119.801
fra,sex_f,geo_cov_rur,mts_aggregate_1,2011,1141.685
fra,sex_f,geo_cov_rur,mts_aggregate_1,2012,2100.088
fra,sex_f,geo_cov_rur,mts_aggregate_1,2013,2146.266
fra,sex_f,geo_cov_rur,mts_aggregate_1,2014,2221.01
fra,sex_f,geo_cov_rur,mts_aggregate_1,2015,2158.829
fra,sex_f,geo_cov_rur,mts_aggregate_1,2016,2237.005
fra,sex_f,geo_cov_rur,mts_aggregate_1,2017,2415.779
fra,sex_f,geo_cov_rur,mts_aggregate_1,2018,2478.726
fra,sex_f,geo_cov_rur,mts_aggregate_1,2019,2505.485
fra,sex_f,geo_cov_rur,mts_aggregate_1,2020,2573.672
fra,sex_f,geo_cov_rur,mts_aggregate_2,1992,2544.357
fra,sex_f,geo_cov_rur,mts_aggregate_2,1993,2520.021
fra,sex_f,geo_cov_rur,mts_aggregate_2,1994,2538.393
fra,sex_f,geo_cov_rur,mts_aggregate_2,1995,2522.751
fra,sex_f,geo_cov_rur,mts_aggregate_2,1996,2529.513
fra,sex_f,geo_cov_rur,mts_aggregate_2,1997,2534.657
fra,sex_f,geo_cov_rur,mts_aggregate_2,1998,2544.577
fra,sex_f,geo_cov_rur,mts_aggregate_2,1999,2515.705
fra,sex_f,geo_cov_rur,mts_aggregate_2,2000,2550.558
fra,sex_f,geo_cov_rur,mts_aggregate_2,2001,2538.051
fra,sex_f,geo_cov_rur,mts_aggregate_2,2002,2524.451
fra,sex_f,geo_cov_rur,mts_aggregate_2,2003,1089.468
fra,sex_f,geo_cov_rur,mts_aggregate_2,2004,1160.247
fra,sex_f,geo_cov_rur,mts_aggregate_2,2005,1120.857
fra,sex_f,geo_cov_rur,mts_aggregate_2,2006,1176.199
fra,sex_f,geo_cov_rur,mts_aggregate_2,2007,1227.149
fra,sex_f,geo_cov_rur,mts_aggregate_2,2008,1255.091
fra,sex_f,geo_cov_rur,mts_aggregate_2,2009,1168.043
fra,sex_f,geo_cov_rur,mts_aggregate_2,2010,1110.919
fra,sex_f,geo_cov_rur,mts_aggregate_2,2011,1174.002
fra,sex_f,geo_cov_rur,mts_aggregate_2,2012,2092.698
fra,sex_f,geo_cov_rur,mts_aggregate_2,2013,1967.768
fra,sex_f,geo_cov_rur,mts_aggregate_2,2014,2062.41
fra,sex_f,geo_cov_rur,mts_aggregate_2,2015,2019.121
fra,sex_f,geo_cov_rur,mts_aggregate_2,2016,2085.389
fra,sex_f,geo_cov_rur,mts_aggregate_2,2017,2124.842
fra,sex_f,geo_cov_rur,mts_aggregate_2,2018,2113.822
fra,sex_f,geo_cov_rur,mts_aggregate_2,2019,2192.807
fra,sex_f,geo_cov_rur,mts_aggregate_2,2020,2201.128
fra,sex_f,geo_cov_rur,mts_aggregate_total,1992,4881.994
fra,sex_f,geo_cov_rur,mts_aggregate_total,1993,4869.382
fra,sex_f,geo_cov_rur,mts_aggregate_total,1994,4866.802
fra,sex_f,geo_cov_rur,mts_aggregate_total,1995,4900.217
fra,sex_f,geo_cov_rur,mts_aggregate_total,1996,4918.094
fra,sex_f,geo_cov_rur,mts_aggregate_total,1997,5020.608
fra,sex_f,geo_cov_rur,mts_aggregate_total,1998,5019.676
fra,sex_f,geo_cov_rur,mts_aggregate_total,1999,5014.034
fra,sex_f,geo_cov_rur,mts_aggregate_total,2000,5045.703
fra,sex_f,geo_cov_rur,mts_aggregate_total,2001,5062.736
fra,sex_f,geo_cov_rur,mts_aggregate_total,2002,5084.242
fra,sex_f,geo_cov_rur,mts_aggregate_total,2003,2203.501
fra,sex_f,geo_cov_rur,mts_aggregate_total,2004,2287.961
fra,sex_f,geo_cov_rur,mts_aggregate_total,2005,2308.803
fra,sex_f,geo_cov_rur,mts_aggregate_total,2006,2367.599
fra,sex_f,geo_cov_rur,mts_aggregate_total,2007,2365.681
fra,sex_f,geo_cov_rur,mts_aggregate_total,2008,2399.359
fra,sex_f,geo_cov_rur,mts_aggregate_total,2009,2346.756
fra,sex_f,geo_cov_rur,mts_aggregate_total,2010,2230.72
fra,sex_f,geo_cov_rur,mts_aggregate_total,2011,2315.687
fra,sex_f,geo_cov_rur,mts_aggregate_total,2012,4192.786
fra,sex_f,geo_cov_rur,mts_aggregate_total,2013,4114.034
fra,sex_f,geo_cov_rur,mts_aggregate_total,2014,4283.42
fra,sex_f,geo_cov_rur,mts_aggregate_total,2015,4177.95
fra,sex_f,geo_cov_rur,mts_aggregate_total,2016,4322.394
fra,sex_f,geo_cov_rur,mts_aggregate_total,2017,4540.621
fra,sex_f,geo_cov_rur,mts_aggregate_total,2018,4592.548
fra,sex_f,geo_cov_rur,mts_aggregate_total,2019,4698.292
fra,sex_f,geo_cov_rur,mts_aggregate_total,2020,4774.8
fra,sex_f,geo_cov_rur,mts_aggregate_x,1992,14.636
fra,sex_f,geo_cov_rur,mts_aggregate_x,1993,8.532
fra,sex_f,geo_cov_urb,mts_aggregate_1,1992,3852.774
fra,sex_f,geo_cov_urb,mts_aggregate_1,1993,3851.088
fra,sex_f,geo_cov_urb,mts_aggregate_1,1994,3940.206
fra,sex_f,geo_cov_urb,mts_aggregate_1,1995,3969.668
fra,sex_f,geo_cov_urb,mts_aggregate_1,1996,4013.685
fra,sex_f,geo_cov_urb,mts_aggregate_1,1997,4035.485
fra,sex_f,geo_cov_urb,mts_aggregate_1,1998,4029.148
fra,sex_f,geo_cov_urb,mts_aggregate_1,1999,4055.023
fra,sex_f,geo_cov_urb,mts_aggregate_1,2000,4107.28
fra,sex_f,geo_cov_urb,mts_aggregate_1,2001,4179.632
fra,sex_f,geo_cov_urb,mts_aggregate_1,2002,4201.258
fra,sex_f,geo_cov_urb,mts_aggregate_1,2003,5627.787
fra,sex_f,geo_cov_urb,mts_aggregate_1,2004,5642.056
fra,sex_f,geo_cov_urb,mts_aggregate_1,2005,5760.995
fra,sex_f,geo_cov_urb,mts_aggregate_1,2006,5746.818
fra,sex_f,geo_cov_urb,mts_aggregate_1,2007,5719.781
fra,sex_f,geo_cov_urb,mts_aggregate_1,2008,5777.647
fra,sex_f,geo_cov_urb,mts_aggregate_1,2009,5730.06
fra,sex_f,geo_cov_urb,mts_aggregate_1,2010,5883.075
fra,sex_f,geo_cov_urb,mts_aggregate_1,2011,5914.651
fra,sex_f,geo_cov_urb,mts_aggregate_1,2012,5022.661
fra,sex_f,geo_cov_urb,mts_aggregate_1,2013,5194.838
fra,sex_f,geo_cov_urb,mts_aggregate_1,2014,5370.21
fra,sex_f,geo_cov_urb,mts_aggregate_1,2015,5394.081
fra,sex_f,geo_cov_urb,mts_aggregate_1,2016,5483.681
fra,sex_f,geo_cov_urb,mts_aggregate_1,2017,5494.348
fra,sex_f,geo_cov_urb,mts_aggregate_1,2018,5407.696
fra,sex_f,geo_cov_urb,mts_aggregate_1,2019,5388.612
fra,sex_f,geo_cov_urb,mts_aggregate_1,2020,5618.114
fra,sex_f,geo_cov_urb,mts_aggregate_2,1992,3543.821
fra,sex_f,geo_cov_urb,mts_aggregate_2,1993,3534.118
fra,sex_f,geo_cov_urb,mts_aggregate_2,1994,3483.412
fra,sex_f,geo_cov_urb,mts_aggregate_2,1995,3427.438
fra,sex_f,geo_cov_urb,mts_aggregate_2,1996,3343.252
fra,sex_f,geo_cov_urb,mts_aggregate_2,1997,3366.648
fra,sex_f,geo_cov_urb,mts_aggregate_2,1998,3355.243
fra,sex_f,geo_cov_urb,mts_aggregate_2,1999,3316.51
fra,sex_f,geo_cov_urb,mts_aggregate_2,2000,3248.069
fra,sex_f,geo_cov_urb,mts_aggregate_2,2001,3300.095
fra,sex_f,geo_cov_urb,mts_aggregate_2,2002,3302.695
fra,sex_f,geo_cov_urb,mts_aggregate_2,2003,4517.071
fra,sex_f,geo_cov_urb,mts_aggregate_2,2004,4563.172
fra,sex_f,geo_cov_urb,mts_aggregate_2,2005,4511.587
fra,sex_f,geo_cov_urb,mts_aggregate_2,2006,4533.026
fra,sex_f,geo_cov_urb,mts_aggregate_2,2007,4506.647
fra,sex_f,geo_cov_urb,mts_aggregate_2,2008,4418.402
fra,sex_f,geo_cov_urb,mts_aggregate_2,2009,4522.664
fra,sex_f,geo_cov_urb,mts_aggregate_2,2010,4531.454
fra,sex_f,geo_cov_urb,mts_aggregate_2,2011,4502.847
fra,sex_f,geo_cov_urb,mts_aggregate_2,2012,3525.736
fra,sex_f,geo_cov_urb,mts_aggregate_2,2013,3470.003
fra,sex_f,geo_cov_urb,mts_aggregate_2,2014,3593.037
fra,sex_f,geo_cov_urb,mts_aggregate_2,2015,3771.626
fra,sex_f,geo_cov_urb,mts_aggregate_2,2016,3628.693
fra,sex_f,geo_cov_urb,mts_aggregate_2,2017,3522.564
fra,sex_f,geo_cov_urb,mts_aggregate_2,2018,3535.995
fra,sex_f,geo_cov_urb,mts_aggregate_2,2019,3443.323
fra,sex_f,geo_cov_urb,mts_aggregate_2,2020,3472.458
fra,sex_f,geo_cov_urb,mts_aggregate_total,1992,7422.177
fra,sex_f,geo_cov_urb,mts_aggregate_total,1993,7399.313
fra,sex_f,geo_cov_urb,mts_aggregate_total,1994,7425.497
fra,sex_f,geo_cov_urb,mts_aggregate_total,1995,7397.106
fra,sex_f,geo_cov_urb,mts_aggregate_total,1996,7356.937
fra,sex_f,geo_cov_urb,mts_aggregate_total,1997,7402.133
fra,sex_f,geo_cov_urb,mts_aggregate_total,1998,7384.391
fra,sex_f,geo_cov_urb,mts_aggregate_total,1999,7371.533
fra,sex_f,geo_cov_urb,mts_aggregate_total,2000,7356.978
fra,sex_f,geo_cov_urb,mts_aggregate_total,2001,7479.727
fra,sex_f,geo_cov_urb,mts_aggregate_total,2002,7503.953
fra,sex_f,geo_cov_urb,mts_aggregate_total,2003,10144.858
fra,sex_f,geo_cov_urb,mts_aggregate_total,2004,10205.228
fra,sex_f,geo_cov_urb,mts_aggregate_total,2005,10272.581
fra,sex_f,geo_cov_urb,mts_aggregate_total,2006,10279.844
fra,sex_f,geo_cov_urb,mts_aggregate_total,2007,10226.428
fra,sex_f,geo_cov_urb,mts_aggregate_total,2008,10196.049
fra,sex_f,geo_cov_urb,mts_aggregate_total,2009,10252.724
fra,sex_f,geo_cov_urb,mts_aggregate_total,2010,10414.529
fra,sex_f,geo_cov_urb,mts_aggregate_total,2011,10417.498
fra,sex_f,geo_cov_urb,mts_aggregate_total,2012,8548.397
fra,sex_f,geo_cov_urb,mts_aggregate_total,2013,8664.841
fra,sex_f,geo_cov_urb,mts_aggregate_total,2014,8963.247
fra,sex_f,geo_cov_urb,mts_aggregate_total,2015,9165.707
fra,sex_f,geo_cov_urb,mts_aggregate_total,2016,9112.373
fra,sex_f,geo_cov_urb,mts_aggregate_total,2017,9016.911
fra,sex_f,geo_cov_urb,mts_aggregate_total,2018,8943.692
fra,sex_f,geo_cov_urb,mts_aggregate_total,2019,8831.935
fra,sex_f,geo_cov_urb,mts_aggregate_total,2020,9090.572
fra,sex_f,geo_cov_urb,mts_aggregate_x,1992,25.582
fra,sex_f,geo_cov_urb,mts_aggregate_x,1993,14.107
fra,sex_f,geo_cov_urb,mts_aggregate_x,1994,1.879
fra,sex_f,geo_cov_urb,mts_aggregate_x,2000,1.629
fra,sex_m,geo_cov_nat,mts_aggregate_1,1992,3521.794
fra,sex_m,geo_cov_nat,mts_aggregate_1,1993,3603.545
fra,sex_m,geo_cov_nat,mts_aggregate_1,1994,3665.832
fra,sex_m,geo_cov_nat,mts_aggregate_1,1995,3741.119
fra,sex_m,geo_cov_nat,mts_aggregate_1,1996,3711.595
fra,sex_m,geo_cov_nat,mts_aggregate_1,1997,3823.824
fra,sex_m,geo_cov_nat,mts_aggregate_1,1998,3863.571
fra,sex_m,geo_cov_nat,mts_aggregate_1,1999,3815.632
fra,sex_m,geo_cov_nat,mts_aggregate_1,2000,3863.735
fra,sex_m,geo_cov_nat,mts_aggregate_1,2001,3941.76
fra,sex_m,geo_cov_nat,mts_aggregate_1,2002,3946.77
fra,sex_m,geo_cov_nat,mts_aggregate_1,2003,3785.473
fra,sex_m,geo_cov_nat,mts_aggregate_1,2004,3864.144
fra,sex_m,geo_cov_nat,mts_aggregate_1,2005,3937.738
fra,sex_m,geo_cov_nat,mts_aggregate_1,2006,3968.405
fra,sex_m,geo_cov_nat,mts_aggregate_1,2007,3913.348
fra,sex_m,geo_cov_nat,mts_aggregate_1,2008,3970.689
fra,sex_m,geo_cov_nat,mts_aggregate_1,2009,4001.133
fra,sex_m,geo_cov_nat,mts_aggregate_1,2010,4091.937
fra,sex_m,geo_cov_nat,mts_aggregate_1,2011,4216.331
fra,sex_m,geo_cov_nat,mts_aggregate_1,2012,4321.157
fra,sex_m,geo_cov_nat,mts_aggregate_1,2013,4411.5
fra,sex_m,geo_cov_nat,mts_aggregate_1,2014,4591.946
fra,sex_m,geo_cov_nat,mts_aggregate_1,2015,4666.188
fra,sex_m,geo_cov_nat,mts_aggregate_1,2016,4833.767
fra,sex_m,geo_cov_nat,mts_aggregate_1,2017,4790.399
fra,sex_m,geo_cov_nat,mts_aggregate_1,2018,4917.578
fra,sex_m,geo_cov_nat,mts_aggregate_1,2019,5135.374
fra,sex_m,geo_cov_nat,mts_aggregate_1,2020,5311.468
fra,sex_m,geo_cov_nat,mts_aggregate_2,1992,4054.773
fra,sex_m,geo_cov_nat,mts_aggregate_2,1993,4144.036
fra,sex_m,geo_cov_nat,mts_aggregate_2,1994,4232.216
fra,sex_m,geo_cov_nat,mts_aggregate_2,1995,4262.72
fra,sex_m,geo_cov_nat,mts_aggregate_2,1996,4263.415
fra,sex_m,geo_cov_nat,mts_aggregate_2,1997,4289.896
fra,sex_m,geo_cov_nat,mts_aggregate_2,1998,4364.118
fra,sex_m,geo_cov_nat,mts_aggregate_2,1999,4395.999
fra,sex_m,geo_cov_nat,mts_aggregate_2,2000,4468.091
fra,sex_m,geo_cov_nat,mts_aggregate_2,2001,4523.947
fra,sex_m,geo_cov_nat,mts_aggregate_2,2002,4550.949
fra,sex_m,geo_cov_nat,mts_aggregate_2,2003,4611.187
fra,sex_m,geo_cov_nat,mts_aggregate_2,2004,4622.709
fra,sex_m,geo_cov_nat,mts_aggregate_2,2005,4730.167
fra,sex_m,geo_cov_nat,mts_aggregate_2,2006,4801.617
fra,sex_m,geo_cov_nat,mts_aggregate_2,2007,4914.369
fra,sex_m,geo_cov_nat,mts_aggregate_2,2008,4954.634
fra,sex_m,geo_cov_nat,mts_aggregate_2,2009,4956.485
fra,sex_m,geo_cov_nat,mts_aggregate_2,2010,4942.805
fra,sex_m,geo_cov_nat,mts_aggregate_2,2011,4970.964
fra,sex_m,geo_cov_nat,mts_aggregate_2,2012,4872.583
fra,sex_m,geo_cov_nat,mts_aggregate_2,2013,4907.881
fra,sex_m,geo_cov_nat,mts_aggregate_2,2014,5179.83
fra,sex_m,geo_cov_nat,mts_aggregate_2,2015,5183.336
fra,sex_m,geo_cov_nat,mts_aggregate_2,2016,5129.174
fra,sex_m,geo_cov_nat,mts_aggregate_2,2017,5209.543
fra,sex_m,geo_cov_nat,mts_aggregate_2,2018,5175.37
fra,sex_m,geo_cov_nat,mts_aggregate_2,2019,5218.758
fra,sex_m,geo_cov_nat,mts_aggregate_2,2020,5156.875
fra,sex_m,geo_cov_nat,mts_aggregate_total,1992,7618.064
fra,sex_m,geo_cov_nat,mts_aggregate_total,1993,7767.393
fra,sex_m,geo_cov_nat,mts_aggregate_total,1994,7900.385
fra,sex_m,geo_cov_nat,mts_aggregate_total,1995,8003.839
fra,sex_m,geo_cov_nat,mts_aggregate_total,1996,7975.411
fra,sex_m,geo_cov_nat,mts_aggregate_total,1997,8113.72
fra,sex_m,geo_cov_nat,mts_aggregate_total,1998,8227.689
fra,sex_m,geo_cov_nat,mts_aggregate_total,1999,8211.631
fra,sex_m,geo_cov_nat,mts_aggregate_total,2000,8333.147
fra,sex_m,geo_cov_nat,mts_aggregate_total,2001,8465.957
fra,sex_m,geo_cov_nat,mts_aggregate_total,2002,8497.719
fra,sex_m,geo_cov_nat,mts_aggregate_total,2003,8396.66
fra,sex_m,geo_cov_nat,mts_aggregate_total,2004,8486.853
fra,sex_m,geo_cov_nat,mts_aggregate_total,2005,8667.906
fra,sex_m,geo_cov_nat,mts_aggregate_total,2006,8770.022
fra,sex_m,geo_cov_nat,mts_aggregate_total,2007,8827.717
fra,sex_m,geo_cov_nat,mts_aggregate_total,2008,8925.323
fra,sex_m,geo_cov_nat,mts_aggregate_total,2009,8957.618
fra,sex_m,geo_cov_nat,mts_aggregate_total,2010,9034.742
fra,sex_m,geo_cov_nat,mts_aggregate_total,2011,9187.295
fra,sex_m,geo_cov_nat,mts_aggregate_total,2012,9193.74
fra,sex_m,geo_cov_nat,mts_aggregate_total,2013,9319.381
fra,sex_m,geo_cov_nat,mts_aggregate_total,2014,9771.776
fra,sex_m,geo_cov_nat,mts_aggregate_total,2015,9849.523
fra,sex_m,geo_cov_nat,mts_aggregate_total,2016,9962.941
fra,sex_m,geo_cov_nat,mts_aggregate_total,2017,9999.942
fra,sex_m,geo_cov_nat,mts_aggregate_total,2018,10092.949
fra,sex_m,geo_cov_nat,mts_aggregate_total,2019,10354.132
fra,sex_m,geo_cov_nat,mts_aggregate_total,2020,10468.343
fra,sex_m,geo_cov_nat,mts_aggregate_x,1992,41.497
fra,sex_m,geo_cov_nat,mts_aggregate_x,1993,19.812
fra,sex_m,geo_cov_nat,mts_aggregate_x,1994,2.337
fra,sex_m,geo_cov_nat,mts_aggregate_x,2000,1.321
fra,sex_m,geo_cov_rur,mts_aggregate_1,1992,1321.098
fra,sex_m,geo_cov_rur,mts_aggregate_1,1993,1373.71
fra,sex_m,geo_cov_rur,mts_aggregate_1,1994,1387.046
fra,sex_m,geo_cov_rur,mts_aggregate_1,1995,1430.416
fra,sex_m,geo_cov_rur,mts_aggregate_1,1996,1418.406
fra,sex_m,geo_cov_rur,mts_aggregate_1,1997,1474.236
fra,sex_m,geo_cov_rur,mts_aggregate_1,1998,1515.106
fra,sex_m,geo_cov_rur,mts_aggregate_1,1999,1479.935
fra,sex_m,geo_cov_rur,mts_aggregate_1,2000,1458.582
fra,sex_m,geo_cov_rur,mts_aggregate_1,2001,1486.338
fra,sex_m,geo_cov_rur,mts_aggregate_1,2002,1509.874
fra,sex_m,geo_cov_rur,mts_aggregate_1,2003,643.763
fra,sex_m,geo_cov_rur,mts_aggregate_1,2004,621.514
fra,sex_m,geo_cov_rur,mts_aggregate_1,2005,693.773
fra,sex_m,geo_cov_rur,mts_aggregate_1,2006,662.608
fra,sex_m,geo_cov_rur,mts_aggregate_1,2007,655.342
fra,sex_m,geo_cov_rur,mts_aggregate_1,2008,696.617
fra,sex_m,geo_cov_rur,mts_aggregate_1,2009,686.67
fra,sex_m,geo_cov_rur,mts_aggregate_1,2010,721.036
fra,sex_m,geo_cov_rur,mts_aggregate_1,2011,700.875
fra,sex_m,geo_cov_rur,mts_aggregate_1,2012,1367.875
fra,sex_m,geo_cov_rur,mts_aggregate_1,2013,1424.936
fra,sex_m,geo_cov_rur,mts_aggregate_1,2014,1384.097
fra,sex_m,geo_cov_rur,mts_aggregate_1,2015,1430.347
fra,sex_m,geo_cov_rur,mts_aggregate_1,2016,1526.508
fra,sex_m,geo_cov_rur,mts_aggregate_1,2017,1570.023
fra,sex_m,geo_cov_rur,mts_aggregate_1,2018,1669.455
fra,sex_m,geo_cov_rur,mts_aggregate_1,2019,1768.373
fra,sex_m,geo_cov_rur,mts_aggregate_1,2020,1860.885
fra,sex_m,geo_cov_rur,mts_aggregate_2,1992,1831.851
fra,sex_m,geo_cov_rur,mts_aggregate_2,1993,1878.888
fra,sex_m,geo_cov_rur,mts_aggregate_2,1994,1922.978
fra,sex_m,geo_cov_rur,mts_aggregate_2,1995,1947.833
fra,sex_m,geo_cov_rur,mts_aggregate_2,1996,1957.816
fra,sex_m,geo_cov_rur,mts_aggregate_2,1997,1973.819
fra,sex_m,geo_cov_rur,mts_aggregate_2,1998,2008.646
fra,sex_m,geo_cov_rur,mts_aggregate_2,1999,2023.714
fra,sex_m,geo_cov_rur,mts_aggregate_2,2000,2100.239
fra,sex_m,geo_cov_rur,mts_aggregate_2,2001,2100.964
fra,sex_m,geo_cov_rur,mts_aggregate_2,2002,2086.243
fra,sex_m,geo_cov_rur,mts_aggregate_2,2003,945.853
fra,sex_m,geo_cov_rur,mts_aggregate_2,2004,1009.488
fra,sex_m,geo_cov_rur,mts_aggregate_2,2005,1023.234
fra,sex_m,geo_cov_rur,mts_aggregate_2,2006,1033.309
fra,sex_m,geo_cov_rur,mts_aggregate_2,2007,1123.045
fra,sex_m,geo_cov_rur,mts_aggregate_2,2008,1172.445
fra,sex_m,geo_cov_rur,mts_aggregate_2,2009,1098.602
fra,sex_m,geo_cov_rur,mts_aggregate_2,2010,1091.829
fra,sex_m,geo_cov_rur,mts_aggregate_2,2011,1137.174
fra,sex_m,geo_cov_rur,mts_aggregate_2,2012,1944.924
fra,sex_m,geo_cov_rur,mts_aggregate_2,2013,1882.069
fra,sex_m,geo_cov_rur,mts_aggregate_2,2014,2022.491
fra,sex_m,geo_cov_rur,mts_aggregate_2,2015,1970.287
fra,sex_m,geo_cov_rur,mts_aggregate_2,2016,2002.944
fra,sex_m,geo_cov_rur,mts_aggregate_2,2017,2084.667
fra,sex_m,geo_cov_rur,mts_aggregate_2,2018,2068.951
fra,sex_m,geo_cov_rur,mts_aggregate_2,2019,2162.169
fra,sex_m,geo_cov_rur,mts_aggregate_2,2020,2084.453
fra,sex_m,geo_cov_rur,mts_aggregate_total,1992,3168.372
fra,sex_m,geo_cov_rur,mts_aggregate_total,1993,3259.582
fra,sex_m,geo_cov_rur,mts_aggregate_total,1994,3310.024
fra,sex_m,geo_cov_rur,mts_aggregate_total,1995,3378.249
fra,sex_m,geo_cov_rur,mts_aggregate_total,1996,3376.222
fra,sex_m,geo_cov_rur,mts_aggregate_total,1997,3448.055
fra,sex_m,geo_cov_rur,mts_aggregate_total,1998,3523.752
fra,sex_m,geo_cov_rur,mts_aggregate_total,1999,3503.649
fra,sex_m,geo_cov_rur,mts_aggregate_total,2000,3559.666
fra,sex_m,geo_cov_rur,mts_aggregate_total,2001,3587.552
fra,sex_m,geo_cov_rur,mts_aggregate_total,2002,3596.117
fra,sex_m,geo_cov_rur,mts_aggregate_total,2003,1589.616
fra,sex_m,geo_cov_rur,mts_aggregate_total,2004,1631.002
fra,sex_m,geo_cov_rur,mts_aggregate_total,2005,1717.007
fra,sex_m,geo_cov_rur,mts_aggregate_total,2006,1695.917
fra,sex_m,geo_cov_rur,mts_aggregate_total,2007,1778.387
fra,sex_m,geo_cov_rur,mts_aggregate_total,2008,1869.062
fra,sex_m,geo_cov_rur,mts_aggregate_total,2009,1785.272
fra,sex_m,geo_cov_rur,mts_aggregate_total,2010,1812.865
fra,sex_m,geo_cov_rur,mts_aggregate_total,2011,1838.049
fra,sex_m,geo_cov_rur,mts_aggregate_total,2012,3312.799
fra,sex_m,geo_cov_rur,mts_aggregate_total,2013,3307.005
fra,sex_m,geo_cov_rur,mts_aggregate_total,2014,3406.588
fra,sex_m,geo_cov_rur,mts_aggregate_total,2015,3400.634
fra,sex_m,geo_cov_rur,mts_aggregate_total,2016,3529.452
fra,sex_m,geo_cov_rur,mts_aggregate_total,2017,3654.69
fra,sex_m,geo_cov_rur,mts_aggregate_total,2018,3738.406
fra,sex_m,geo_cov_rur,mts_aggregate_total,2019,3930.542
fra,sex_m,geo_cov_rur,mts_aggregate_total,2020,3945.338
fra,sex_m,geo_cov_rur,mts_aggregate_x,1992,15.423
fra,sex_m,geo_cov_rur,mts_aggregate_x,1993,6.984
fra,sex_m,geo_cov_urb,mts_aggregate_1,1992,2200.696
fra,sex_m,geo_cov_urb,mts_aggregate_1,1993,2229.835
fra,sex_m,geo_cov_urb,mts_aggregate_1,1994,2278.786
fra,sex_m,geo_cov_urb,mts_aggregate_1,1995,2310.703
fra,sex_m,geo_cov_urb,mts_aggregate_1,1996,2293.189
fra,sex_m,geo_cov_urb,mts_aggregate_1,1997,2349.588
fra,sex_m,geo_cov_urb,mts_aggregate_1,1998,2348.465
fra,sex_m,geo_cov_urb,mts_aggregate_1,1999,2335.697
fra,sex_m,geo_cov_urb,mts_aggregate_1,2000,2405.153
fra,sex_m,geo_cov_urb,mts_aggregate_1,2001,2455.422
fra,sex_m,geo_cov_urb,mts_aggregate_1,2002,2436.896
fra,sex_m,geo_cov_urb,mts_aggregate_1,2003,3141.71
fra,sex_m,geo_cov_urb,mts_aggregate_1,2004,3242.63
fra,sex_m,geo_cov_urb,mts_aggregate_1,2005,3243.965
fra,sex_m,geo_cov_urb,mts_aggregate_1,2006,3305.797
fra,sex_m,geo_cov_urb,mts_aggregate_1,2007,3258.006
fra,sex_m,geo_cov_urb,mts_aggregate_1,2008,3274.072
fra,sex_m,geo_cov_urb,mts_aggregate_1,2009,3314.463
fra,sex_m,geo_cov_urb,mts_aggregate_1,2010,3370.901
fra,sex_m,geo_cov_urb,mts_aggregate_1,2011,3515.456
fra,sex_m,geo_cov_urb,mts_aggregate_1,2012,2953.282
fra,sex_m,geo_cov_urb,mts_aggregate_1,2013,2986.564
fra,sex_m,geo_cov_urb,mts_aggregate_1,2014,3207.849
fra,sex_m,geo_cov_urb,mts_aggregate_1,2015,3235.841
fra,sex_m,geo_cov_urb,mts_aggregate_1,2016,3307.259
fra,sex_m,geo_cov_urb,mts_aggregate_1,2017,3220.376
fra,sex_m,geo_cov_urb,mts_aggregate_1,2018,3248.123
fra,sex_m,geo_cov_urb,mts_aggregate_1,2019,3367.002
fra,sex_m,geo_cov_urb,mts_aggregate_1,2020,3450.583
fra,sex_m,geo_cov_urb,mts_aggregate_2,1992,2222.922
fra,sex_m,geo_cov_urb,mts_aggregate_2,1993,2265.148
fra,sex_m,geo_cov_urb,mts_aggregate_2,1994,2309.238
fra,sex_m,geo_cov_urb,mts_aggregate_2,1995,2314.887
fra,sex_m,geo_cov_urb,mts_aggregate_2,1996,2305.599
fra,sex_m,geo_cov_urb,mts_aggregate_2,1997,2316.077
fra,sex_m,geo_cov_urb,mts_aggregate_2,1998,2355.472
fra,sex_m,geo_cov_urb,mts_aggregate_2,1999,2372.285
fra,sex_m,geo_cov_urb,mts_aggregate_2,2000,2367.852
fra,sex_m,geo_cov_urb,mts_aggregate_2,2001,2422.983
fra,sex_m,geo_cov_urb,mts_aggregate_2,2002,2464.706
fra,sex_m,geo_cov_urb,mts_aggregate_2,2003,3665.334
fra,sex_m,geo_cov_urb,mts_aggregate_2,2004,3613.221
fra,sex_m,geo_cov_urb,mts_aggregate_2,2005,3706.934
fra,sex_m,geo_cov_urb,mts_aggregate_2,2006,3768.308
fra,sex_m,geo_cov_urb,mts_aggregate_2,2007,3791.324
fra,sex_m,geo_cov_urb,mts_aggregate_2,2008,3782.189
fra,sex_m,geo_cov_urb,mts_aggregate_2,2009,3857.883
fra,sex_m,geo_cov_urb,mts_aggregate_2,2010,3850.976
fra,sex_m,geo_cov_urb,mts_aggregate_2,2011,3833.79
fra,sex_m,geo_cov_urb,mts_aggregate_2,2012,2927.659
fra,sex_m,geo_cov_urb,mts_aggregate_2,2013,3025.812
fra,sex_m,geo_cov_urb,mts_aggregate_2,2014,3157.338
fra,sex_m,geo_cov_urb,mts_aggregate_2,2015,3213.049
fra,sex_m,geo_cov_urb,mts_aggregate_2,2016,3126.23
fra,sex_m,geo_cov_urb,mts_aggregate_2,2017,3124.877
fra,sex_m,geo_cov_urb,mts_aggregate_2,2018,3106.42
fra,sex_m,geo_cov_urb,mts_aggregate_2,2019,3056.589
fra,sex_m,geo_cov_urb,mts_aggregate_2,2020,3072.422
fra,sex_m,geo_cov_urb,mts_aggregate_total,1992,4449.692
fra,sex_m,geo_cov_urb,mts_aggregate_total,1993,4507.811
fra,sex_m,geo_cov_urb,mts_aggregate_total,1994,4590.361
fra,sex_m,geo_cov_urb,mts_aggregate_total,1995,4625.59
fra,sex_m,geo_cov_urb,mts_aggregate_total,1996,4599.189
fra,sex_m,geo_cov_urb,mts_aggregate_total,1997,4665.665
fra,sex_m,geo_cov_urb,mts_aggregate_total,1998,4703.937
fra,sex_m,geo_cov_urb,mts_aggregate_total,1999,4707.982
fra,sex_m,geo_cov_urb,mts_aggregate_total,2000,4773.481
fra,sex_m,geo_cov_urb,mts_aggregate_total,2001,4878.405
fra,sex_m,geo_cov_urb,mts_aggregate_total,2002,4901.602
fra,sex_m,geo_cov_urb,mts_aggregate_total,2003,6807.044
fra,sex_m,geo_cov_urb,mts_aggregate_total,2004,6855.851
fra,sex_m,geo_cov_urb,mts_aggregate_total,2005,6950.899
fra,sex_m,geo_cov_urb,mts_aggregate_total,2006,7074.105
fra,sex_m,geo_cov_urb,mts_aggregate_total,2007,7049.33
fra,sex_m,geo_cov_urb,mts_aggregate_total,2008,7056.261
fra,sex_m,geo_cov_urb,mts_aggregate_total,2009,7172.346
fra,sex_m,geo_cov_urb,mts_aggregate_total,2010,7221.877
fra,sex_m,geo_cov_urb,mts_aggregate_total,2011,7349.246
fra,sex_m,geo_cov_urb,mts_aggregate_total,2012,5880.941
fra,sex_m,geo_cov_urb,mts_aggregate_total,2013,6012.376
fra,sex_m,geo_cov_urb,mts_aggregate_total,2014,6365.187
fra,sex_m,geo_cov_urb,mts_aggregate_total,2015,6448.89
fra,sex_m,geo_cov_urb,mts_aggregate_total,2016,6433.488
fra,sex_m,geo_cov_urb,mts_aggregate_total,2017,6345.253
fra,sex_m,geo_cov_urb,mts_aggregate_total,2018,6354.543
fra,sex_m,geo_cov_urb,mts_aggregate_total,2019,6423.59
fra,sex_m,geo_cov_urb,mts_aggregate_total,2020,6523.005
fra,sex_m,geo_cov_urb,mts_aggregate_x,1992,26.074
fra,sex_m,geo_cov_urb,mts_aggregate_x,1993,12.828
fra,sex_m,geo_cov_urb,mts_aggregate_x,1994,2.337
fra,sex_t,geo_cov_nat,mts_aggregate_1,1992,9697.569
fra,sex_t,geo_cov_nat,mts_aggregate_1,1993,9795.462
fra,sex_t,geo_cov_nat,mts_aggregate_1,1994,9934.258
fra,sex_t,geo_cov_nat,mts_aggregate_1,1995,10088.253
fra,sex_t,geo_cov_nat,mts_aggregate_1,1996,10113.861
fra,sex_t,geo_cov_nat,mts_aggregate_1,1997,10345.26
fra,sex_t,geo_cov_nat,mts_aggregate_1,1998,10367.818
fra,sex_t,geo_cov_nat,mts_aggregate_1,1999,10368.773
fra,sex_t,geo_cov_nat,mts_aggregate_1,2000,10466.16
fra,sex_t,geo_cov_nat,mts_aggregate_1,2001,10645.285
fra,sex_t,geo_cov_nat,mts_aggregate_1,2002,10707.819
fra,sex_t,geo_cov_nat,mts_aggregate_1,2003,10527.293
fra,sex_t,geo_cov_nat,mts_aggregate_1,2004,10633.914
fra,sex_t,geo_cov_nat,mts_aggregate_1,2005,10886.679
fra,sex_t,geo_cov_nat,mts_aggregate_1,2006,10906.623
fra,sex_t,geo_cov_nat,mts_aggregate_1,2007,10771.661
fra,sex_t,geo_cov_nat,mts_aggregate_1,2008,10892.604
fra,sex_t,geo_cov_nat,mts_aggregate_1,2009,10909.906
fra,sex_t,geo_cov_nat,mts_aggregate_1,2010,11094.813
fra,sex_t,geo_cov_nat,mts_aggregate_1,2011,11272.667
fra,sex_t,geo_cov_nat,mts_aggregate_1,2012,11443.906
fra,sex_t,geo_cov_nat,mts_aggregate_1,2013,11752.603
fra,sex_t,geo_cov_nat,mts_aggregate_1,2014,12183.166
fra,sex_t,geo_cov_nat,mts_aggregate_1,2015,12219.098
fra,sex_t,geo_cov_nat,mts_aggregate_1,2016,12554.452
fra,sex_t,geo_cov_nat,mts_aggregate_1,2017,12700.525
fra,sex_t,geo_cov_nat,mts_aggregate_1,2018,12804.001
fra,sex_t,geo_cov_nat,mts_aggregate_1,2019,13029.471
fra,sex_t,geo_cov_nat,mts_aggregate_1,2020,13503.254
fra,sex_t,geo_cov_nat,mts_aggregate_2,1992,10142.951
fra,sex_t,geo_cov_nat,mts_aggregate_2,1993,10198.175
fra,sex_t,geo_cov_nat,mts_aggregate_2,1994,10254.021
fra,sex_t,geo_cov_nat,mts_aggregate_2,1995,10212.909
fra,sex_t,geo_cov_nat,mts_aggregate_2,1996,10136.18
fra,sex_t,geo_cov_nat,mts_aggregate_2,1997,10191.201
fra,sex_t,geo_cov_nat,mts_aggregate_2,1998,10263.938
fra,sex_t,geo_cov_nat,mts_aggregate_2,1999,10228.214
fra,sex_t,geo_cov_nat,mts_aggregate_2,2000,10266.718
fra,sex_t,geo_cov_nat,mts_aggregate_2,2001,10362.093
fra,sex_t,geo_cov_nat,mts_aggregate_2,2002,10378.095
fra,sex_t,geo_cov_nat,mts_aggregate_2,2003,10217.726
fra,sex_t,geo_cov_nat,mts_aggregate_2,2004,10346.128
fra,sex_t,geo_cov_nat,mts_aggregate_2,2005,10362.611
fra,sex_t,geo_cov_nat,mts_aggregate_2,2006,10510.842
fra,sex_t,geo_cov_nat,mts_aggregate_2,2007,10648.165
fra,sex_t,geo_cov_nat,mts_aggregate_2,2008,10628.127
fra,sex_t,geo_cov_nat,mts_aggregate_2,2009,10647.192
fra,sex_t,geo_cov_nat,mts_aggregate_2,2010,10585.178
fra,sex_t,geo_cov_nat,mts_aggregate_2,2011,10647.813
fra,sex_t,geo_cov_nat,mts_aggregate_2,2012,10491.017
fra,sex_t,geo_cov_nat,mts_aggregate_2,2013,10345.653
fra,sex_t,geo_cov_nat,mts_aggregate_2,2014,10835.277
fra,sex_t,geo_cov_nat,mts_aggregate_2,2015,10974.083
fra,sex_t,geo_cov_nat,mts_aggregate_2,2016,10843.256
fra,sex_t,geo_cov_nat,mts_aggregate_2,2017,10856.95
fra,sex_t,geo_cov_nat,mts_aggregate_2,2018,10825.187
fra,sex_t,geo_cov_nat,mts_aggregate_2,2019,10854.888
fra,sex_t,geo_cov_nat,mts_aggregate_2,2020,10830.462
fra,sex_t,geo_cov_nat,mts_aggregate_total,1992,19922.235
fra,sex_t,geo_cov_nat,mts_aggregate_total,1993,20036.088
fra,sex_t,geo_cov_nat,mts_aggregate_total,1994,20192.684
fra,sex_t,geo_cov_nat,mts_aggregate_total,1995,20301.162
fra,sex_t,geo_cov_nat,mts_aggregate_total,1996,20250.442
fra,sex_t,geo_cov_nat,mts_aggregate_total,1997,20536.461
fra,sex_t,geo_cov_nat,mts_aggregate_total,1998,20631.756
fra,sex_t,geo_cov_nat,mts_aggregate_total,1999,20597.198
fra,sex_t,geo_cov_nat,mts_aggregate_total,2000,20735.828
fra,sex_t,geo_cov_nat,mts_aggregate_total,2001,21008.42
fra,sex_t,geo_cov_nat,mts_aggregate_total,2002,21085.914
fra,sex_t,geo_cov_nat,mts_aggregate_total,2003,20745.019
fra,sex_t,geo_cov_nat,mts_aggregate_total,2004,20980.042
fra,sex_t,geo_cov_nat,mts_aggregate_total,2005,21249.29
fra,sex_t,geo_cov_nat,mts_aggregate_total,2006,21417.465
fra,sex_t,geo_cov_nat,mts_aggregate_total,2007,21419.826
fra,sex_t,geo_cov_nat,mts_aggregate_total,2008,21520.731
fra,sex_t,geo_cov_nat,mts_aggregate_total,2009,21557.098
fra,sex_t,geo_cov_nat,mts_aggregate_total,2010,21679.991
fra,sex_t,geo_cov_nat,mts_aggregate_total,2011,21920.48
fra,sex_t,geo_cov_nat,mts_aggregate_total,2012,21934.923
fra,sex_t,geo_cov_nat,mts_aggregate_total,2013,22098.256
fra,sex_t,geo_cov_nat,mts_aggregate_total,2014,23018.443
fra,sex_t,geo_cov_nat,mts_aggregate_total,2015,23193.181
fra,sex_t,geo_cov_nat,mts_aggregate_total,2016,23397.708
fra,sex_t,geo_cov_nat,mts_aggregate_total,2017,23557.475
fra,sex_t,geo_cov_nat,mts_aggregate_total,2018,23629.188
fra,sex_t,geo_cov_nat,mts_aggregate_total,2019,23884.359
fra,sex_t,geo_cov_nat,mts_aggregate_total,2020,24333.716
fra,sex_t,geo_cov_nat,mts_aggregate_x,1992,81.715
fra,sex_t,geo_cov_nat,mts_aggregate_x,1993,42.451
fra,sex_t,geo_cov_nat,mts_aggregate_x,1994,4.405
fra,sex_t,geo_cov_nat,mts_aggregate_x,2000,2.95
fra,sex_t,geo_cov_rur,mts_aggregate_1,1992,3644.099
fra,sex_t,geo_cov_rur,mts_aggregate_1,1993,3714.539
fra,sex_t,geo_cov_rur,mts_aggregate_1,1994,3715.266
fra,sex_t,geo_cov_rur,mts_aggregate_1,1995,3807.882
fra,sex_t,geo_cov_rur,mts_aggregate_1,1996,3806.987
fra,sex_t,geo_cov_rur,mts_aggregate_1,1997,3960.187
fra,sex_t,geo_cov_rur,mts_aggregate_1,1998,3990.205
fra,sex_t,geo_cov_rur,mts_aggregate_1,1999,3978.053
fra,sex_t,geo_cov_rur,mts_aggregate_1,2000,3953.727
fra,sex_t,geo_cov_rur,mts_aggregate_1,2001,4010.231
fra,sex_t,geo_cov_rur,mts_aggregate_1,2002,4069.665
fra,sex_t,geo_cov_rur,mts_aggregate_1,2003,1757.796
fra,sex_t,geo_cov_rur,mts_aggregate_1,2004,1749.228
fra,sex_t,geo_cov_rur,mts_aggregate_1,2005,1881.719
fra,sex_t,geo_cov_rur,mts_aggregate_1,2006,1854.008
fra,sex_t,geo_cov_rur,mts_aggregate_1,2007,1793.874
fra,sex_t,geo_cov_rur,mts_aggregate_1,2008,1840.885
fra,sex_t,geo_cov_rur,mts_aggregate_1,2009,1865.383
fra,sex_t,geo_cov_rur,mts_aggregate_1,2010,1840.837
fra,sex_t,geo_cov_rur,mts_aggregate_1,2011,1842.56
fra,sex_t,geo_cov_rur,mts_aggregate_1,2012,3467.963
fra,sex_t,geo_cov_rur,mts_aggregate_1,2013,3571.201
fra,sex_t,geo_cov_rur,mts_aggregate_1,2014,3605.107
fra,sex_t,geo_cov_rur,mts_aggregate_1,2015,3589.176
fra,sex_t,geo_cov_rur,mts_aggregate_1,2016,3763.513
fra,sex_t,geo_cov_rur,mts_aggregate_1,2017,3985.802
fra,sex_t,geo_cov_rur,mts_aggregate_1,2018,4148.181
fra,sex_t,geo_cov_rur,mts_aggregate_1,2019,4273.858
fra,sex_t,geo_cov_rur,mts_aggregate_1,2020,4434.557
fra,sex_t,geo_cov_rur,mts_aggregate_2,1992,4376.208
fra,sex_t,geo_cov_rur,mts_aggregate_2,1993,4398.909
fra,sex_t,geo_cov_rur,mts_aggregate_2,1994,4461.371
fra,sex_t,geo_cov_rur,mts_aggregate_2,1995,4470.584
fra,sex_t,geo_cov_rur,mts_aggregate_2,1996,4487.329
fra,sex_t,geo_cov_rur,mts_aggregate_2,1997,4508.476
fra,sex_t,geo_cov_rur,mts_aggregate_2,1998,4553.223
fra,sex_t,geo_cov_rur,mts_aggregate_2,1999,4539.419
fra,sex_t,geo_cov_rur,mts_aggregate_2,2000,4650.797
fra,sex_t,geo_cov_rur,mts_aggregate_2,2001,4639.015
fra,sex_t,geo_cov_rur,mts_aggregate_2,2002,4610.694
fra,sex_t,geo_cov_rur,mts_aggregate_2,2003,2035.321
fra,sex_t,geo_cov_rur,mts_aggregate_2,2004,2169.735
fra,sex_t,geo_cov_rur,mts_aggregate_2,2005,2144.091
fra,sex_t,geo_cov_rur,mts_aggregate_2,2006,2209.508
fra,sex_t,geo_cov_rur,mts_aggregate_2,2007,2350.194
fra,sex_t,geo_cov_rur,mts_aggregate_2,2008,2427.536
fra,sex_t,geo_cov_rur,mts_aggregate_2,2009,2266.645
fra,sex_t,geo_cov_rur,mts_aggregate_2,2010,2202.748
fra,sex_t,geo_cov_rur,mts_aggregate_2,2011,2311.176
fra,sex_t,geo_cov_rur,mts_aggregate_2,2012,4037.622
fra,sex_t,geo_cov_rur,mts_aggregate_2,2013,3849.838
fra,sex_t,geo_cov_rur,mts_aggregate_2,2014,4084.901
fra,sex_t,geo_cov_rur,mts_aggregate_2,2015,3989.408
fra,sex_t,geo_cov_rur,mts_aggregate_2,2016,4088.333
fra,sex_t,geo_cov_rur,mts_aggregate_2,2017,4209.509
fra,sex_t,geo_cov_rur,mts_aggregate_2,2018,4182.773
fra,sex_t,geo_cov_rur,mts_aggregate_2,2019,4354.976
fra,sex_t,geo_cov_rur,mts_aggregate_2,2020,4285.581
fra,sex_t,geo_cov_rur,mts_aggregate_total,1992,8050.366
fra,sex_t,geo_cov_rur,mts_aggregate_total,1993,8128.964
fra,sex_t,geo_cov_rur,mts_aggregate_total,1994,8176.826
fra,sex_t,geo_cov_rur,mts_aggregate_total,1995,8278.466
fra,sex_t,geo_cov_rur,mts_aggregate_total,1996,8294.316
fra,sex_t,geo_cov_rur,mts_aggregate_total,1997,8468.663
fra,sex_t,geo_cov_rur,mts_aggregate_total,1998,8543.428
fra,sex_t,geo_cov_rur,mts_aggregate_total,1999,8517.683
fra,sex_t,geo_cov_rur,mts_aggregate_total,2000,8605.369
fra,sex_t,geo_cov_rur,mts_aggregate_total,2001,8650.288
fra,sex_t,geo_cov_rur,mts_aggregate_total,2002,8680.359
fra,sex_t,geo_cov_rur,mts_aggregate_total,2003,3793.117
fra,sex_t,geo_cov_rur,mts_aggregate_total,2004,3918.963
fra,sex_t,geo_cov_rur,mts_aggregate_total,2005,4025.81
fra,sex_t,geo_cov_rur,mts_aggregate_total,2006,4063.516
fra,sex_t,geo_cov_rur,mts_aggregate_total,2007,4144.068
fra,sex_t,geo_cov_rur,mts_aggregate_total,2008,4268.421
fra,sex_t,geo_cov_rur,mts_aggregate_total,2009,4132.028
fra,sex_t,geo_cov_rur,mts_aggregate_total,2010,4043.585
fra,sex_t,geo_cov_rur,mts_aggregate_total,2011,4153.736
fra,sex_t,geo_cov_rur,mts_aggregate_total,2012,7505.585
fra,sex_t,geo_cov_rur,mts_aggregate_total,2013,7421.039
fra,sex_t,geo_cov_rur,mts_aggregate_total,2014,7690.008
fra,sex_t,geo_cov_rur,mts_aggregate_total,2015,7578.584
fra,sex_t,geo_cov_rur,mts_aggregate_total,2016,7851.846
fra,sex_t,geo_cov_rur,mts_aggregate_total,2017,8195.311
fra,sex_t,geo_cov_rur,mts_aggregate_total,2018,8330.954
fra,sex_t,geo_cov_rur,mts_aggregate_total,2019,8628.834
fra,sex_t,geo_cov_rur,mts_aggregate_total,2020,8720.138
fra,sex_t,geo_cov_rur,mts_aggregate_x,1992,30.059
fra,sex_t,geo_cov_rur,mts_aggregate_x,1993,15.516
fra,sex_t,geo_cov_urb,mts_aggregate_1,1992,6053.47
fra,sex_t,geo_cov_urb,mts_aggregate_1,1993,6080.923
fra,sex_t,geo_cov_urb,mts_aggregate_1,1994,6218.992
fra,sex_t,geo_cov_urb,mts_aggregate_1,1995,6280.371
fra,sex_t,geo_cov_urb,mts_aggregate_1,1996,6306.874
fra,sex_t,geo_cov_urb,mts_aggregate_1,1997,6385.073
fra,sex_t,geo_cov_urb,mts_aggregate_1,1998,6377.613
fra,sex_t,geo_cov_urb,mts_aggregate_1,1999,6390.72
fra,sex_t,geo_cov_urb,mts_aggregate_1,2000,6512.433
fra,sex_t,geo_cov_urb,mts_aggregate_1,2001,6635.054
fra,sex_t,geo_cov_urb,mts_aggregate_1,2002,6638.154
fra,sex_t,geo_cov_urb,mts_aggregate_1,2003,8769.497
fra,sex_t,geo_cov_urb,mts_aggregate_1,2004,8884.686
fra,sex_t,geo_cov_urb,mts_aggregate_1,2005,9004.96
fra,sex_t,geo_cov_urb,mts_aggregate_1,2006,9052.615
fra,sex_t,geo_cov_urb,mts_aggregate_1,2007,8977.787
fra,sex_t,geo_cov_urb,mts_aggregate_1,2008,9051.719
fra,sex_t,geo_cov_urb,mts_aggregate_1,2009,9044.523
fra,sex_t,geo_cov_urb,mts_aggregate_1,2010,9253.976
fra,sex_t,geo_cov_urb,mts_aggregate_1,2011,9430.107
fra,sex_t,geo_cov_urb,mts_aggregate_1,2012,7975.943
fra,sex_t,geo_cov_urb,mts_aggregate_1,2013,8181.402
fra,sex_t,geo_cov_urb,mts_aggregate_1,2014,8578.059
fra,sex_t,geo_cov_urb,mts_aggregate_1,2015,8629.922
fra,sex_t,geo_cov_urb,mts_aggregate_1,2016,8790.939
fra,sex_t,geo_cov_urb,mts_aggregate_1,2017,8714.724
fra,sex_t,geo_cov_urb,mts_aggregate_1,2018,8655.82
fra,sex_t,geo_cov_urb,mts_aggregate_1,2019,8755.614
fra,sex_t,geo_cov_urb,mts_aggregate_1,2020,9068.697
fra,sex_t,geo_cov_urb,mts_aggregate_2,1992,5766.743
fra,sex_t,geo_cov_urb,mts_aggregate_2,1993,5799.266
fra,sex_t,geo_cov_urb,mts_aggregate_2,1994,5792.65
fra,sex_t,geo_cov_urb,mts_aggregate_2,1995,5742.325
fra,sex_t,geo_cov_urb,mts_aggregate_2,1996,5648.851
fra,sex_t,geo_cov_urb,mts_aggregate_2,1997,5682.725
fra,sex_t,geo_cov_urb,mts_aggregate_2,1998,5710.715
fra,sex_t,geo_cov_urb,mts_aggregate_2,1999,5688.795
fra,sex_t,geo_cov_urb,mts_aggregate_2,2000,5615.921
fra,sex_t,geo_cov_urb,mts_aggregate_2,2001,5723.078
fra,sex_t,geo_cov_urb,mts_aggregate_2,2002,5767.401
fra,sex_t,geo_cov_urb,mts_aggregate_2,2003,8182.405
fra,sex_t,geo_cov_urb,mts_aggregate_2,2004,8176.393
fra,sex_t,geo_cov_urb,mts_aggregate_2,2005,8218.52
fra,sex_t,geo_cov_urb,mts_aggregate_2,2006,8301.334
fra,sex_t,geo_cov_urb,mts_aggregate_2,2007,8297.971
fra,sex_t,geo_cov_urb,mts_aggregate_2,2008,8200.591
fra,sex_t,geo_cov_urb,mts_aggregate_2,2009,8380.547
fra,sex_t,geo_cov_urb,mts_aggregate_2,2010,8382.43
fra,sex_t,geo_cov_urb,mts_aggregate_2,2011,8336.637
fra,sex_t,geo_cov_urb,mts_aggregate_2,2012,6453.395
fra,sex_t,geo_cov_urb,mts_aggregate_2,2013,6495.816
fra,sex_t,geo_cov_urb,mts_aggregate_2,2014,6750.376
fra,sex_t,geo_cov_urb,mts_aggregate_2,2015,6984.675
fra,sex_t,geo_cov_urb,mts_aggregate_2,2016,6754.923
fra,sex_t,geo_cov_urb,mts_aggregate_2,2017,6647.44
fra,sex_t,geo_cov_urb,mts_aggregate_2,2018,6642.415
fra,sex_t,geo_cov_urb,mts_aggregate_2,2019,6499.911
fra,sex_t,geo_cov_urb,mts_aggregate_2,2020,6544.88
fra,sex_t,geo_cov_urb,mts_aggregate_total,1992,11871.869
fra,sex_t,geo_cov_urb,mts_aggregate_total,1993,11907.124
fra,sex_t,geo_cov_urb,mts_aggregate_total,1994,12015.858
fra,sex_t,geo_cov_urb,mts_aggregate_total,1995,12022.696
fra,sex_t,geo_cov_urb,mts_aggregate_total,1996,11956.126
fra,sex_t,geo_cov_urb,mts_aggregate_total,1997,12067.798
fra,sex_t,geo_cov_urb,mts_aggregate_total,1998,12088.328
fra,sex_t,geo_cov_urb,mts_aggregate_total,1999,12079.515
fra,sex_t,geo_cov_urb,mts_aggregate_total,2000,12130.459
fra,sex_t,geo_cov_urb,mts_aggregate_total,2001,12358.132
fra,sex_t,geo_cov_urb,mts_aggregate_total,2002,12405.555
fra,sex_t,geo_cov_urb,mts_aggregate_total,2003,16951.902
fra,sex_t,geo_cov_urb,mts_aggregate_total,2004,17061.079
fra,sex_t,geo_cov_urb,mts_aggregate_total,2005,17223.48
fra,sex_t,geo_cov_urb,mts_aggregate_total,2006,17353.949
fra,sex_t,geo_cov_urb,mts_aggregate_total,2007,17275.758
fra,sex_t,geo_cov_urb,mts_aggregate_total,2008,17252.31
fra,sex_t,geo_cov_urb,mts_aggregate_total,2009,17425.07
fra,sex_t,geo_cov_urb,mts_aggregate_total,2010,17636.406
fra,sex_t,geo_cov_urb,mts_aggregate_total,2011,17766.744
fra,sex_t,geo_cov_urb,mts_aggregate_total,2012,14429.338
fra,sex_t,geo_cov_urb,mts_aggregate_total,2013,14677.217
fra,sex_t,geo_cov_urb,mts_aggregate_total,2014,15328.434
fra,sex_t,geo_cov_urb,mts_aggregate_total,2015,15614.597
fra,sex_t,geo_cov_urb,mts_aggregate_total,2016,15545.862
fra,sex_t,geo_cov_urb,mts_aggregate_total,2017,15362.164
fra,sex_t,geo_cov_urb,mts_aggregate_total,2018,15298.234
fra,sex_t,geo_cov_urb,mts_aggregate_total,2019,15255.525
fra,sex_t,geo_cov_urb,mts_aggregate_total,2020,15613.577
fra,sex_t,geo_cov_urb,mts_aggregate_x,1992,51.656
fra,sex_t,geo_cov_urb,mts_aggregate_x,1993,26.935
fra,sex_t,geo_cov_urb,mts_aggregate_x,1994,4.216
fra,sex_t,geo_cov_urb,mts_aggregate_x,2000,2.105
gbr,sex_f,geo_cov_nat,mts_aggregate_1,1992,5582.846
gbr,sex_f,geo_cov_nat,mts_aggregate_1,1993,5642.968
gbr,sex_f,geo_cov_nat,mts_aggregate_1,1994,5695.922
gbr,sex_f,geo_cov_nat,mts_aggregate_1,1995,5845.314
gbr,sex_f,geo_cov_nat,mts_aggregate_1,1996,5878.568
gbr,sex_f,geo_cov_nat,mts_aggregate_1,1997,5914.964
gbr,sex_f,geo_cov_nat,mts_aggregate_1,1998,5882.864
gbr,sex_f,geo_cov_nat,mts_aggregate_1,1999,5945.505
gbr,sex_f,geo_cov_nat,mts_aggregate_1,2000,5880.105
gbr,sex_f,geo_cov_nat,mts_aggregate_1,2001,6029.259
gbr,sex_f,geo_cov_nat,mts_aggregate_1,2002,5956.098
gbr,sex_f,geo_cov_nat,mts_aggregate_1,2003,6063.599
gbr,sex_f,geo_cov_nat,mts_aggregate_1,2004,6074.967
gbr,sex_f,geo_cov_nat,mts_aggregate_1,2005,6085.733
gbr,sex_f,geo_cov_nat,mts_aggregate_1,2006,6063.327
gbr,sex_f,geo_cov_nat,mts_aggregate_1,2007,6220.741
gbr,sex_f,geo_cov_nat,mts_aggregate_1,2008,6161.316
gbr,sex_f,geo_cov_nat,mts_aggregate_1,2009,6165.19
gbr,sex_f,geo_cov_nat,mts_aggregate_1,2010,6317.467
gbr,sex_f,geo_cov_nat,mts_aggregate_1,2011,6324.631
gbr,sex_f,geo_cov_nat,mts_aggregate_1,2012,6388.903
gbr,sex_f,geo_cov_nat,mts_aggregate_1,2013,6292.768
gbr,sex_f,geo_cov_nat,mts_aggregate_1,2014,6302.644
gbr,sex_f,geo_cov_nat,mts_aggregate_1,2015,6269.898
gbr,sex_f,geo_cov_nat,mts_aggregate_1,2016,6268.383
gbr,sex_f,geo_cov_nat,mts_aggregate_1,2017,6256.449
gbr,sex_f,geo_cov_nat,mts_aggregate_1,2018,6295.47
gbr,sex_f,geo_cov_nat,mts_aggregate_1,2019,6299.421
gbr,sex_f,geo_cov_nat,mts_aggregate_2,1992,5718.676
gbr,sex_f,geo_cov_nat,mts_aggregate_2,1993,5653.99
gbr,sex_f,geo_cov_nat,mts_aggregate_2,1994,5608.944
gbr,sex_f,geo_cov_nat,mts_aggregate_2,1995,5488.578
gbr,sex_f,geo_cov_nat,mts_aggregate_2,1996,5407.392
gbr,sex_f,geo_cov_nat,mts_aggregate_2,1997,5314.043
gbr,sex_f,geo_cov_nat,mts_aggregate_2,1998,5377.252
gbr,sex_f,geo_cov_nat,mts_aggregate_2,1999,5254.37
gbr,sex_f,geo_cov_nat,mts_aggregate_2,2000,5270.109
gbr,sex_f,geo_cov_nat,mts_aggregate_2,2001,5212.636
gbr,sex_f,geo_cov_nat,mts_aggregate_2,2002,5201.278
gbr,sex_f,geo_cov_nat,mts_aggregate_2,2003,5173.174
gbr,sex_f,geo_cov_nat,mts_aggregate_2,2004,5156.837
gbr,sex_f,geo_cov_nat,mts_aggregate_2,2005,5185.992
gbr,sex_f,geo_cov_nat,mts_aggregate_2,2006,5149.34
gbr,sex_f,geo_cov_nat,mts_aggregate_2,2007,5207.724
gbr,sex_f,geo_cov_nat,mts_aggregate_2,2008,5210.642
gbr,sex_f,geo_cov_nat,mts_aggregate_2,2009,5242.528
gbr,sex_f,geo_cov_nat,mts_aggregate_2,2010,5210.098
gbr,sex_f,geo_cov_nat,mts_aggregate_2,2011,5257.808
gbr,sex_f,geo_cov_nat,mts_aggregate_2,2012,5205.947
gbr,sex_f,geo_cov_nat,mts_aggregate_2,2013,5276.906
gbr,sex_f,geo_cov_nat,mts_aggregate_2,2014,5263.702
gbr,sex_f,geo_cov_nat,mts_aggregate_2,2015,5322.871
gbr,sex_f,geo_cov_nat,mts_aggregate_2,2016,5314.883
gbr,sex_f,geo_cov_nat,mts_aggregate_2,2017,5300.876
gbr,sex_f,geo_cov_nat,mts_aggregate_2,2018,5252.963
gbr,sex_f,geo_cov_nat,mts_aggregate_2,2019,5187.198
gbr,sex_f,geo_cov_nat,mts_aggregate_total,1992,11301.522
gbr,sex_f,geo_cov_nat,mts_aggregate_total,1993,11296.958
gbr,sex_f,geo_cov_nat,mts_aggregate_total,1994,11304.867
gbr,sex_f,geo_cov_nat,mts_aggregate_total,1995,11349.629
gbr,sex_f,geo_cov_nat,mts_aggregate_total,1996,11285.96
gbr,sex_f,geo_cov_nat,mts_aggregate_total,1997,11229.006
gbr,sex_f,geo_cov_nat,mts_aggregate_total,1998,11260.116
gbr,sex_f,geo_cov_nat,mts_aggregate_total,1999,11199.875
gbr,sex_f,geo_cov_nat,mts_aggregate_total,2000,11150.214
gbr,sex_f,geo_cov_nat,mts_aggregate_total,2001,11241.895
gbr,sex_f,geo_cov_nat,mts_aggregate_total,2002,11157.376
gbr,sex_f,geo_cov_nat,mts_aggregate_total,2003,11236.773
gbr,sex_f,geo_cov_nat,mts_aggregate_total,2004,11231.804
gbr,sex_f,geo_cov_nat,mts_aggregate_total,2005,11271.725
gbr,sex_f,geo_cov_nat,mts_aggregate_total,2006,11212.667
gbr,sex_f,geo_cov_nat,mts_aggregate_total,2007,11428.465
gbr,sex_f,geo_cov_nat,mts_aggregate_total,2008,11371.957
gbr,sex_f,geo_cov_nat,mts_aggregate_total,2009,11407.719
gbr,sex_f,geo_cov_nat,mts_aggregate_total,2010,11527.565
gbr,sex_f,geo_cov_nat,mts_aggregate_total,2011,11582.439
gbr,sex_f,geo_cov_nat,mts_aggregate_total,2012,11594.85
gbr,sex_f,geo_cov_nat,mts_aggregate_total,2013,11569.674
gbr,sex_f,geo_cov_nat,mts_aggregate_total,2014,11566.346
gbr,sex_f,geo_cov_nat,mts_aggregate_total,2015,11592.769
gbr,sex_f,geo_cov_nat,mts_aggregate_total,2016,11583.266
gbr,sex_f,geo_cov_nat,mts_aggregate_total,2017,11557.325
gbr,sex_f,geo_cov_nat,mts_aggregate_total,2018,11548.432
gbr,sex_f,geo_cov_nat,mts_aggregate_total,2019,11486.619
gbr,sex_f,geo_cov_nat,mts_aggregate_x,1995,15.737
gbr,sex_f,geo_cov_rur,mts_aggregate_1,1992,503.322
gbr,sex_f,geo_cov_rur,mts_aggregate_1,1993,624.199
gbr,sex_f,geo_cov_rur,mts_aggregate_1,1994,632.797
gbr,sex_f,geo_cov_rur,mts_aggregate_1,1995,665.945
gbr,sex_f,geo_cov_rur,mts_aggregate_1,1996,652.732
gbr,sex_f,geo_cov_rur,mts_aggregate_1,1997,639.802
gbr,sex_f,geo_cov_rur,mts_aggregate_1,1998,647.679
gbr,sex_f,geo_cov_rur,mts_aggregate_1,1999,674.168
gbr,sex_f,geo_cov_rur,mts_aggregate_1,2000,748.34
gbr,sex_f,geo_cov_rur,mts_aggregate_1,2001,753.269
gbr,sex_f,geo_cov_rur,mts_aggregate_1,2002,737.705
gbr,sex_f,geo_cov_rur,mts_aggregate_1,2003,734.481
gbr,sex_f,geo_cov_rur,mts_aggregate_1,2004,749.64
gbr,sex_f,geo_cov_rur,mts_aggregate_1,2005,784.306
gbr,sex_f,geo_cov_rur,mts_aggregate_1,2006,850.676
gbr,sex_f,geo_cov_rur,mts_aggregate_1,2007,873.116
gbr,sex_f,geo_cov_rur,mts_aggregate_1,2008,688.419
gbr,sex_f,geo_cov_rur,mts_aggregate_1,2009,881.091
gbr,sex_f,geo_cov_rur,mts_aggregate_1,2010,841.891
gbr,sex_f,geo_cov_rur,mts_aggregate_1,2011,919.349
gbr,sex_f,geo_cov_rur,mts_aggregate_1,2012,740.011
gbr,sex_f,geo_cov_rur,mts_aggregate_1,2013,759.357
gbr,sex_f,geo_cov_rur,mts_aggregate_1,2014,783.787
gbr,sex_f,geo_cov_rur,mts_aggregate_1,2015,780.676
gbr,sex_f,geo_cov_rur,mts_aggregate_1,2016,763.988
gbr,sex_f,geo_cov_rur,mts_aggregate_1,2017,707.046
gbr,sex_f,geo_cov_rur,mts_aggregate_1,2018,728.734
gbr,sex_f,geo_cov_rur,mts_aggregate_1,2019,789.321
gbr,sex_f,geo_cov_rur,mts_aggregate_2,1992,587.808
gbr,sex_f,geo_cov_rur,mts_aggregate_2,1993,688.14
gbr,sex_f,geo_cov_rur,mts_aggregate_2,1994,684.572
gbr,sex_f,geo_cov_rur,mts_aggregate_2,1995,644.85
gbr,sex_f,geo_cov_rur,mts_aggregate_2,1996,661.796
gbr,sex_f,geo_cov_rur,mts_aggregate_2,1997,662.598
gbr,sex_f,geo_cov_rur,mts_aggregate_2,1998,680.263
gbr,sex_f,geo_cov_rur,mts_aggregate_2,1999,662.039
gbr,sex_f,geo_cov_rur,mts_aggregate_2,2000,823.508
gbr,sex_f,geo_cov_rur,mts_aggregate_2,2001,845.892
gbr,sex_f,geo_cov_rur,mts_aggregate_2,2002,844.893
gbr,sex_f,geo_cov_rur,mts_aggregate_2,2003,860.17
gbr,sex_f,geo_cov_rur,mts_aggregate_2,2004,863.84
gbr,sex_f,geo_cov_rur,mts_aggregate_2,2005,840.736
gbr,sex_f,geo_cov_rur,mts_aggregate_2,2006,944.394
gbr,sex_f,geo_cov_rur,mts_aggregate_2,2007,890.651
gbr,sex_f,geo_cov_rur,mts_aggregate_2,2008,775.657
gbr,sex_f,geo_cov_rur,mts_aggregate_2,2009,955.6
gbr,sex_f,geo_cov_rur,mts_aggregate_2,2010,945.16
gbr,sex_f,geo_cov_rur,mts_aggregate_2,2011,965.145
gbr,sex_f,geo_cov_rur,mts_aggregate_2,2012,835.076
gbr,sex_f,geo_cov_rur,mts_aggregate_2,2013,889.566
gbr,sex_f,geo_cov_rur,mts_aggregate_2,2014,870.69
gbr,sex_f,geo_cov_rur,mts_aggregate_2,2015,821.753
gbr,sex_f,geo_cov_rur,mts_aggregate_2,2016,884.318
gbr,sex_f,geo_cov_rur,mts_aggregate_2,2017,897.137
gbr,sex_f,geo_cov_rur,mts_aggregate_2,2018,863.518
gbr,sex_f,geo_cov_rur,mts_aggregate_2,2019,827.17
gbr,sex_f,geo_cov_rur,mts_aggregate_total,1992,1091.13
gbr,sex_f,geo_cov_rur,mts_aggregate_total,1993,1312.339
gbr,sex_f,geo_cov_rur,mts_aggregate_total,1994,1317.369
gbr,sex_f,geo_cov_rur,mts_aggregate_total,1995,1311.894
gbr,sex_f,geo_cov_rur,mts_aggregate_total,1996,1314.527
gbr,sex_f,geo_cov_rur,mts_aggregate_total,1997,1302.4
gbr,sex_f,geo_cov_rur,mts_aggregate_total,1998,1327.942
gbr,sex_f,geo_cov_rur,mts_aggregate_total,1999,1336.207
gbr,sex_f,geo_cov_rur,mts_aggregate_total,2000,1571.848
gbr,sex_f,geo_cov_rur,mts_aggregate_total,2001,1599.161
gbr,sex_f,geo_cov_rur,mts_aggregate_total,2002,1582.598
gbr,sex_f,geo_cov_rur,mts_aggregate_total,2003,1594.651
gbr,sex_f,geo_cov_rur,mts_aggregate_total,2004,1613.48
gbr,sex_f,geo_cov_rur,mts_aggregate_total,2005,1625.042
gbr,sex_f,geo_cov_rur,mts_aggregate_total,2006,1795.07
gbr,sex_f,geo_cov_rur,mts_aggregate_total,2007,1763.767
gbr,sex_f,geo_cov_rur,mts_aggregate_total,2008,1464.077
gbr,sex_f,geo_cov_rur,mts_aggregate_total,2009,1836.69
gbr,sex_f,geo_cov_rur,mts_aggregate_total,2010,1787.051
gbr,sex_f,geo_cov_rur,mts_aggregate_total,2011,1884.494
gbr,sex_f,geo_cov_rur,mts_aggregate_total,2012,1575.087
gbr,sex_f,geo_cov_rur,mts_aggregate_total,2013,1648.923
gbr,sex_f,geo_cov_rur,mts_aggregate_total,2014,1654.477
gbr,sex_f,geo_cov_rur,mts_aggregate_total,2015,1602.429
gbr,sex_f,geo_cov_rur,mts_aggregate_total,2016,1648.306
gbr,sex_f,geo_cov_rur,mts_aggregate_total,2017,1604.184
gbr,sex_f,geo_cov_rur,mts_aggregate_total,2018,1592.252
gbr,sex_f,geo_cov_rur,mts_aggregate_total,2019,1616.491
gbr,sex_f,geo_cov_urb,mts_aggregate_1,1992,5079.525
gbr,sex_f,geo_cov_urb,mts_aggregate_1,1993,5018.77
gbr,sex_f,geo_cov_urb,mts_aggregate_1,1994,5063.125
gbr,sex_f,geo_cov_urb,mts_aggregate_1,1995,5179.369
gbr,sex_f,geo_cov_urb,mts_aggregate_1,1996,5225.836
gbr,sex_f,geo_cov_urb,mts_aggregate_1,1997,5275.162
gbr,sex_f,geo_cov_urb,mts_aggregate_1,1998,5211.562
gbr,sex_f,geo_cov_urb,mts_aggregate_1,1999,5263.563
gbr,sex_f,geo_cov_urb,mts_aggregate_1,2000,4554.788
gbr,sex_f,geo_cov_urb,mts_aggregate_1,2001,4690.518
gbr,sex_f,geo_cov_urb,mts_aggregate_1,2002,4644.011
gbr,sex_f,geo_cov_urb,mts_aggregate_1,2003,4733.669
gbr,sex_f,geo_cov_urb,mts_aggregate_1,2004,4728.465
gbr,sex_f,geo_cov_urb,mts_aggregate_1,2005,4711.001
gbr,sex_f,geo_cov_urb,mts_aggregate_1,2006,5212.651
gbr,sex_f,geo_cov_urb,mts_aggregate_1,2007,5347.625
gbr,sex_f,geo_cov_urb,mts_aggregate_1,2008,5472.897
gbr,sex_f,geo_cov_urb,mts_aggregate_1,2009,5284.1
gbr,sex_f,geo_cov_urb,mts_aggregate_1,2010,5475.576
gbr,sex_f,geo_cov_urb,mts_aggregate_1,2011,5405.281
gbr,sex_f,geo_cov_urb,mts_aggregate_1,2012,5648.892
gbr,sex_f,geo_cov_urb,mts_aggregate_1,2013,5533.411
gbr,sex_f,geo_cov_urb,mts_aggregate_1,2014,5518.858
gbr,sex_f,geo_cov_urb,mts_aggregate_1,2015,5489.221
gbr,sex_f,geo_cov_urb,mts_aggregate_1,2016,5504.396
gbr,sex_f,geo_cov_urb,mts_aggregate_1,2017,5549.403
gbr,sex_f,geo_cov_urb,mts_aggregate_1,2018,5566.735
gbr,sex_f,geo_cov_urb,mts_aggregate_1,2019,5510.1
gbr,sex_f,geo_cov_urb,mts_aggregate_2,1992,5130.868
gbr,sex_f,geo_cov_urb,mts_aggregate_2,1993,4965.85
gbr,sex_f,geo_cov_urb,mts_aggregate_2,1994,4924.372
gbr,sex_f,geo_cov_urb,mts_aggregate_2,1995,4843.727
gbr,sex_f,geo_cov_urb,mts_aggregate_2,1996,4745.597
gbr,sex_f,geo_cov_urb,mts_aggregate_2,1997,4651.445
gbr,sex_f,geo_cov_urb,mts_aggregate_2,1998,4676.244
gbr,sex_f,geo_cov_urb,mts_aggregate_2,1999,4586.674
gbr,sex_f,geo_cov_urb,mts_aggregate_2,2000,3975.207
gbr,sex_f,geo_cov_urb,mts_aggregate_2,2001,3906.107
gbr,sex_f,geo_cov_urb,mts_aggregate_2,2002,3887.831
gbr,sex_f,geo_cov_urb,mts_aggregate_2,2003,3856.134
gbr,sex_f,geo_cov_urb,mts_aggregate_2,2004,3846.273
gbr,sex_f,geo_cov_urb,mts_aggregate_2,2005,3890.904
gbr,sex_f,geo_cov_urb,mts_aggregate_2,2006,4204.946
gbr,sex_f,geo_cov_urb,mts_aggregate_2,2007,4317.073
gbr,sex_f,geo_cov_urb,mts_aggregate_2,2008,4434.984
gbr,sex_f,geo_cov_urb,mts_aggregate_2,2009,4286.929
gbr,sex_f,geo_cov_urb,mts_aggregate_2,2010,4264.939
gbr,sex_f,geo_cov_urb,mts_aggregate_2,2011,4292.664
gbr,sex_f,geo_cov_urb,mts_aggregate_2,2012,4370.871
gbr,sex_f,geo_cov_urb,mts_aggregate_2,2013,4387.34
gbr,sex_f,geo_cov_urb,mts_aggregate_2,2014,4393.012
gbr,sex_f,geo_cov_urb,mts_aggregate_2,2015,4501.119
gbr,sex_f,geo_cov_urb,mts_aggregate_2,2016,4430.564
gbr,sex_f,geo_cov_urb,mts_aggregate_2,2017,4403.739
gbr,sex_f,geo_cov_urb,mts_aggregate_2,2018,4389.445
gbr,sex_f,geo_cov_urb,mts_aggregate_2,2019,4360.028
gbr,sex_f,geo_cov_urb,mts_aggregate_total,1992,10210.392
gbr,sex_f,geo_cov_urb,mts_aggregate_total,1993,9984.62
gbr,sex_f,geo_cov_urb,mts_aggregate_total,1994,9987.497
gbr,sex_f,geo_cov_urb,mts_aggregate_total,1995,10037.735
gbr,sex_f,geo_cov_urb,mts_aggregate_total,1996,9971.433
gbr,sex_f,geo_cov_urb,mts_aggregate_total,1997,9926.607
gbr,sex_f,geo_cov_urb,mts_aggregate_total,1998,9887.806
gbr,sex_f,geo_cov_urb,mts_aggregate_total,1999,9850.237
gbr,sex_f,geo_cov_urb,mts_aggregate_total,2000,8529.995
gbr,sex_f,geo_cov_urb,mts_aggregate_total,2001,8596.625
gbr,sex_f,geo_cov_urb,mts_aggregate_total,2002,8531.842
gbr,sex_f,geo_cov_urb,mts_aggregate_total,2003,8589.803
gbr,sex_f,geo_cov_urb,mts_aggregate_total,2004,8574.738
gbr,sex_f,geo_cov_urb,mts_aggregate_total,2005,8601.905
gbr,sex_f,geo_cov_urb,mts_aggregate_total,2006,9417.597
gbr,sex_f,geo_cov_urb,mts_aggregate_total,2007,9664.698
gbr,sex_f,geo_cov_urb,mts_aggregate_total,2008,9907.881
gbr,sex_f,geo_cov_urb,mts_aggregate_total,2009,9571.028
gbr,sex_f,geo_cov_urb,mts_aggregate_total,2010,9740.515
gbr,sex_f,geo_cov_urb,mts_aggregate_total,2011,9697.945
gbr,sex_f,geo_cov_urb,mts_aggregate_total,2012,10019.764
gbr,sex_f,geo_cov_urb,mts_aggregate_total,2013,9920.751
gbr,sex_f,geo_cov_urb,mts_aggregate_total,2014,9911.869
gbr,sex_f,geo_cov_urb,mts_aggregate_total,2015,9990.34
gbr,sex_f,geo_cov_urb,mts_aggregate_total,2016,9934.96
gbr,sex_f,geo_cov_urb,mts_aggregate_total,2017,9953.141
gbr,sex_f,geo_cov_urb,mts_aggregate_total,2018,9956.18
gbr,sex_f,geo_cov_urb,mts_aggregate_total,2019,9870.128
gbr,sex_f,geo_cov_urb,mts_aggregate_x,1995,14.638
gbr,sex_f,geo_cov_x,mts_aggregate_1,1998,23.622
gbr,sex_f,geo_cov_x,mts_aggregate_1,1999,7.774
gbr,sex_f,geo_cov_x,mts_aggregate_1,2000,576.977
gbr,sex_f,geo_cov_x,mts_aggregate_1,2001,585.472
gbr,sex_f,geo_cov_x,mts_aggregate_1,2002,574.382
gbr,sex_f,geo_cov_x,mts_aggregate_1,2003,595.449
gbr,sex_f,geo_cov_x,mts_aggregate_1,2004,596.862
gbr,sex_f,geo_cov_x,mts_aggregate_1,2005,590.426
gbr,sex_f,geo_cov_x,mts_aggregate_2,1998,20.746
gbr,sex_f,geo_cov_x,mts_aggregate_2,1999,5.657
gbr,sex_f,geo_cov_x,mts_aggregate_2,2000,471.394
gbr,sex_f,geo_cov_x,mts_aggregate_2,2001,460.637
gbr,sex_f,geo_cov_x,mts_aggregate_2,2002,468.554
gbr,sex_f,geo_cov_x,mts_aggregate_2,2003,456.87
gbr,sex_f,geo_cov_x,mts_aggregate_2,2004,446.724
gbr,sex_f,geo_cov_x,mts_aggregate_2,2005,454.352
gbr,sex_f,geo_cov_x,mts_aggregate_total,1998,44.368
gbr,sex_f,geo_cov_x,mts_aggregate_total,1999,13.431
gbr,sex_f,geo_cov_x,mts_aggregate_total,2000,1048.371
gbr,sex_f,geo_cov_x,mts_aggregate_total,2001,1046.109
gbr,sex_f,geo_cov_x,mts_aggregate_total,2002,1042.936
gbr,sex_f,geo_cov_x,mts_aggregate_total,2003,1052.319
gbr,sex_f,geo_cov_x,mts_aggregate_total,2004,1043.586
gbr,sex_f,geo_cov_x,mts_aggregate_total,2005,1044.778
gbr,sex_m,geo_cov_nat,mts_aggregate_1,1992,2593.599
gbr,sex_m,geo_cov_nat,mts_aggregate_1,1993,2714.573
gbr,sex_m,geo_cov_nat,mts_aggregate_1,1994,2804.32
gbr,sex_m,geo_cov_nat,mts_aggregate_1,1995,2920.796
gbr,sex_m,geo_cov_nat,mts_aggregate_1,1996,2965.757
gbr,sex_m,geo_cov_nat,mts_aggregate_1,1997,2974.438
gbr,sex_m,geo_cov_nat,mts_aggregate_1,1998,3024.681
gbr,sex_m,geo_cov_nat,mts_aggregate_1,1999,3033.302
gbr,sex_m,geo_cov_nat,mts_aggregate_1,2000,3007.76
gbr,sex_m,geo_cov_nat,mts_aggregate_1,2001,3189.991
gbr,sex_m,geo_cov_nat,mts_aggregate_1,2002,3284.374
gbr,sex_m,geo_cov_nat,mts_aggregate_1,2003,3380.475
gbr,sex_m,geo_cov_nat,mts_aggregate_1,2004,3478.766
gbr,sex_m,geo_cov_nat,mts_aggregate_1,2005,3561.677
gbr,sex_m,geo_cov_nat,mts_aggregate_1,2006,3516.717
gbr,sex_m,geo_cov_nat,mts_aggregate_1,2007,3618.519
gbr,sex_m,geo_cov_nat,mts_aggregate_1,2008,3652.388
gbr,sex_m,geo_cov_nat,mts_aggregate_1,2009,3802.642
gbr,sex_m,geo_cov_nat,mts_aggregate_1,2010,3958.985
gbr,sex_m,geo_cov_nat,mts_aggregate_1,2011,4007.126
gbr,sex_m,geo_cov_nat,mts_aggregate_1,2012,4002.899
gbr,sex_m,geo_cov_nat,mts_aggregate_1,2013,4030.989
gbr,sex_m,geo_cov_nat,mts_aggregate_1,2014,4156.579
gbr,sex_m,geo_cov_nat,mts_aggregate_1,2015,4151.963
gbr,sex_m,geo_cov_nat,mts_aggregate_1,2016,4237.493
gbr,sex_m,geo_cov_nat,mts_aggregate_1,2017,4270.438
gbr,sex_m,geo_cov_nat,mts_aggregate_1,2018,4300.918
gbr,sex_m,geo_cov_nat,mts_aggregate_1,2019,4377.56
gbr,sex_m,geo_cov_nat,mts_aggregate_2,1992,3453.878
gbr,sex_m,geo_cov_nat,mts_aggregate_2,1993,3581.484
gbr,sex_m,geo_cov_nat,mts_aggregate_2,1994,3606.76
gbr,sex_m,geo_cov_nat,mts_aggregate_2,1995,3594.533
gbr,sex_m,geo_cov_nat,mts_aggregate_2,1996,3653.213
gbr,sex_m,geo_cov_nat,mts_aggregate_2,1997,3705.635
gbr,sex_m,geo_cov_nat,mts_aggregate_2,1998,3757.278
gbr,sex_m,geo_cov_nat,mts_aggregate_2,1999,3705.963
gbr,sex_m,geo_cov_nat,mts_aggregate_2,2000,3761.843
gbr,sex_m,geo_cov_nat,mts_aggregate_2,2001,3775.611
gbr,sex_m,geo_cov_nat,mts_aggregate_2,2002,3775.289
gbr,sex_m,geo_cov_nat,mts_aggregate_2,2003,3676.62
gbr,sex_m,geo_cov_nat,mts_aggregate_2,2004,3724.945
gbr,sex_m,geo_cov_nat,mts_aggregate_2,2005,3750.272
gbr,sex_m,geo_cov_nat,mts_aggregate_2,2006,3753.557
gbr,sex_m,geo_cov_nat,mts_aggregate_2,2007,3757.447
gbr,sex_m,geo_cov_nat,mts_aggregate_2,2008,3691.489
gbr,sex_m,geo_cov_nat,mts_aggregate_2,2009,3760.212
gbr,sex_m,geo_cov_nat,mts_aggregate_2,2010,3758.393
gbr,sex_m,geo_cov_nat,mts_aggregate_2,2011,3845.717
gbr,sex_m,geo_cov_nat,mts_aggregate_2,2012,3886.89
gbr,sex_m,geo_cov_nat,mts_aggregate_2,2013,3933.125
gbr,sex_m,geo_cov_nat,mts_aggregate_2,2014,3918.862
gbr,sex_m,geo_cov_nat,mts_aggregate_2,2015,3995.814
gbr,sex_m,geo_cov_nat,mts_aggregate_2,2016,3973.433
gbr,sex_m,geo_cov_nat,mts_aggregate_2,2017,4087.467
gbr,sex_m,geo_cov_nat,mts_aggregate_2,2018,4071.845
gbr,sex_m,geo_cov_nat,mts_aggregate_2,2019,4099.88
gbr,sex_m,geo_cov_nat,mts_aggregate_total,1992,6047.477
gbr,sex_m,geo_cov_nat,mts_aggregate_total,1993,6296.057
gbr,sex_m,geo_cov_nat,mts_aggregate_total,1994,6411.08
gbr,sex_m,geo_cov_nat,mts_aggregate_total,1995,6520.832
gbr,sex_m,geo_cov_nat,mts_aggregate_total,1996,6618.97
gbr,sex_m,geo_cov_nat,mts_aggregate_total,1997,6680.073
gbr,sex_m,geo_cov_nat,mts_aggregate_total,1998,6781.959
gbr,sex_m,geo_cov_nat,mts_aggregate_total,1999,6739.265
gbr,sex_m,geo_cov_nat,mts_aggregate_total,2000,6769.603
gbr,sex_m,geo_cov_nat,mts_aggregate_total,2001,6965.602
gbr,sex_m,geo_cov_nat,mts_aggregate_total,2002,7059.663
gbr,sex_m,geo_cov_nat,mts_aggregate_total,2003,7057.095
gbr,sex_m,geo_cov_nat,mts_aggregate_total,2004,7203.711
gbr,sex_m,geo_cov_nat,mts_aggregate_total,2005,7311.949
gbr,sex_m,geo_cov_nat,mts_aggregate_total,2006,7270.274
gbr,sex_m,geo_cov_nat,mts_aggregate_total,2007,7375.966
gbr,sex_m,geo_cov_nat,mts_aggregate_total,2008,7343.877
gbr,sex_m,geo_cov_nat,mts_aggregate_total,2009,7562.854
gbr,sex_m,geo_cov_nat,mts_aggregate_total,2010,7717.378
gbr,sex_m,geo_cov_nat,mts_aggregate_total,2011,7852.843
gbr,sex_m,geo_cov_nat,mts_aggregate_total,2012,7889.789
gbr,sex_m,geo_cov_nat,mts_aggregate_total,2013,7964.114
gbr,sex_m,geo_cov_nat,mts_aggregate_total,2014,8075.44
gbr,sex_m,geo_cov_nat,mts_aggregate_total,2015,8147.777
gbr,sex_m,geo_cov_nat,mts_aggregate_total,2016,8210.925
gbr,sex_m,geo_cov_nat,mts_aggregate_total,2017,8357.905
gbr,sex_m,geo_cov_nat,mts_aggregate_total,2018,8372.763
gbr,sex_m,geo_cov_nat,mts_aggregate_total,2019,8477.44
gbr,sex_m,geo_cov_nat,mts_aggregate_x,1995,5.503
gbr,sex_m,geo_cov_rur,mts_aggregate_1,1992,225.388
gbr,sex_m,geo_cov_rur,mts_aggregate_1,1993,264.884
gbr,sex_m,geo_cov_rur,mts_aggregate_1,1994,299.982
gbr,sex_m,geo_cov_rur,mts_aggregate_1,1995,331.022
gbr,sex_m,geo_cov_rur,mts_aggregate_1,1996,318.064
gbr,sex_m,geo_cov_rur,mts_aggregate_1,1997,306.131
gbr,sex_m,geo_cov_rur,mts_aggregate_1,1998,306.985
gbr,sex_m,geo_cov_rur,mts_aggregate_1,1999,352.415
gbr,sex_m,geo_cov_rur,mts_aggregate_1,2000,370.168
gbr,sex_m,geo_cov_rur,mts_aggregate_1,2001,393.239
gbr,sex_m,geo_cov_rur,mts_aggregate_1,2002,403.014
gbr,sex_m,geo_cov_rur,mts_aggregate_1,2003,413.929
gbr,sex_m,geo_cov_rur,mts_aggregate_1,2004,396.955
gbr,sex_m,geo_cov_rur,mts_aggregate_1,2005,419.763
gbr,sex_m,geo_cov_rur,mts_aggregate_1,2006,489.581
gbr,sex_m,geo_cov_rur,mts_aggregate_1,2007,505.606
gbr,sex_m,geo_cov_rur,mts_aggregate_1,2008,388.835
gbr,sex_m,geo_cov_rur,mts_aggregate_1,2009,518.806
gbr,sex_m,geo_cov_rur,mts_aggregate_1,2010,506.931
gbr,sex_m,geo_cov_rur,mts_aggregate_1,2011,556.617
gbr,sex_m,geo_cov_rur,mts_aggregate_1,2012,428.648
gbr,sex_m,geo_cov_rur,mts_aggregate_1,2013,482.63
gbr,sex_m,geo_cov_rur,mts_aggregate_1,2014,509.39
gbr,sex_m,geo_cov_rur,mts_aggregate_1,2015,455.954
gbr,sex_m,geo_cov_rur,mts_aggregate_1,2016,513.628
gbr,sex_m,geo_cov_rur,mts_aggregate_1,2017,519.029
gbr,sex_m,geo_cov_rur,mts_aggregate_1,2018,515.052
gbr,sex_m,geo_cov_rur,mts_aggregate_1,2019,501.751
gbr,sex_m,geo_cov_rur,mts_aggregate_2,1992,357.433
gbr,sex_m,geo_cov_rur,mts_aggregate_2,1993,430.886
gbr,sex_m,geo_cov_rur,mts_aggregate_2,1994,435.486
gbr,sex_m,geo_cov_rur,mts_aggregate_2,1995,414.338
gbr,sex_m,geo_cov_rur,mts_aggregate_2,1996,449.228
gbr,sex_m,geo_cov_rur,mts_aggregate_2,1997,458.711
gbr,sex_m,geo_cov_rur,mts_aggregate_2,1998,474.253
gbr,sex_m,geo_cov_rur,mts_aggregate_2,1999,485.512
gbr,sex_m,geo_cov_rur,mts_aggregate_2,2000,601.126
gbr,sex_m,geo_cov_rur,mts_aggregate_2,2001,611.588
gbr,sex_m,geo_cov_rur,mts_aggregate_2,2002,613.067
gbr,sex_m,geo_cov_rur,mts_aggregate_2,2003,606.481
gbr,sex_m,geo_cov_rur,mts_aggregate_2,2004,612.266
gbr,sex_m,geo_cov_rur,mts_aggregate_2,2005,638.358
gbr,sex_m,geo_cov_rur,mts_aggregate_2,2006,683.541
gbr,sex_m,geo_cov_rur,mts_aggregate_2,2007,656.793
gbr,sex_m,geo_cov_rur,mts_aggregate_2,2008,562.06
gbr,sex_m,geo_cov_rur,mts_aggregate_2,2009,715.208
gbr,sex_m,geo_cov_rur,mts_aggregate_2,2010,706.605
gbr,sex_m,geo_cov_rur,mts_aggregate_2,2011,750.988
gbr,sex_m,geo_cov_rur,mts_aggregate_2,2012,694.6
gbr,sex_m,geo_cov_rur,mts_aggregate_2,2013,699.94
gbr,sex_m,geo_cov_rur,mts_aggregate_2,2014,685.674
gbr,sex_m,geo_cov_rur,mts_aggregate_2,2015,664.454
gbr,sex_m,geo_cov_rur,mts_aggregate_2,2016,691.49
gbr,sex_m,geo_cov_rur,mts_aggregate_2,2017,737.636
gbr,sex_m,geo_cov_rur,mts_aggregate_2,2018,705.99
gbr,sex_m,geo_cov_rur,mts_aggregate_2,2019,700.085
gbr,sex_m,geo_cov_rur,mts_aggregate_total,1992,582.82
gbr,sex_m,geo_cov_rur,mts_aggregate_total,1993,695.77
gbr,sex_m,geo_cov_rur,mts_aggregate_total,1994,735.468
gbr,sex_m,geo_cov_rur,mts_aggregate_total,1995,745.663
gbr,sex_m,geo_cov_rur,mts_aggregate_total,1996,767.292
gbr,sex_m,geo_cov_rur,mts_aggregate_total,1997,764.842
gbr,sex_m,geo_cov_rur,mts_aggregate_total,1998,781.238
gbr,sex_m,geo_cov_rur,mts_aggregate_total,1999,837.927
gbr,sex_m,geo_cov_rur,mts_aggregate_total,2000,971.294
gbr,sex_m,geo_cov_rur,mts_aggregate_total,2001,1004.827
gbr,sex_m,geo_cov_rur,mts_aggregate_total,2002,1016.081
gbr,sex_m,geo_cov_rur,mts_aggregate_total,2003,1020.41
gbr,sex_m,geo_cov_rur,mts_aggregate_total,2004,1009.221
gbr,sex_m,geo_cov_rur,mts_aggregate_total,2005,1058.121
gbr,sex_m,geo_cov_rur,mts_aggregate_total,2006,1173.122
gbr,sex_m,geo_cov_rur,mts_aggregate_total,2007,1162.399
gbr,sex_m,geo_cov_rur,mts_aggregate_total,2008,950.895
gbr,sex_m,geo_cov_rur,mts_aggregate_total,2009,1234.014
gbr,sex_m,geo_cov_rur,mts_aggregate_total,2010,1213.536
gbr,sex_m,geo_cov_rur,mts_aggregate_total,2011,1307.605
gbr,sex_m,geo_cov_rur,mts_aggregate_total,2012,1123.249
gbr,sex_m,geo_cov_rur,mts_aggregate_total,2013,1182.57
gbr,sex_m,geo_cov_rur,mts_aggregate_total,2014,1195.063
gbr,sex_m,geo_cov_rur,mts_aggregate_total,2015,1120.408
gbr,sex_m,geo_cov_rur,mts_aggregate_total,2016,1205.119
gbr,sex_m,geo_cov_rur,mts_aggregate_total,2017,1256.665
gbr,sex_m,geo_cov_rur,mts_aggregate_total,2018,1221.042
gbr,sex_m,geo_cov_rur,mts_aggregate_total,2019,1201.836
gbr,sex_m,geo_cov_urb,mts_aggregate_1,1992,2368.212
gbr,sex_m,geo_cov_urb,mts_aggregate_1,1993,2449.689
gbr,sex_m,geo_cov_urb,mts_aggregate_1,1994,2504.338
gbr,sex_m,geo_cov_urb,mts_aggregate_1,1995,2589.774
gbr,sex_m,geo_cov_urb,mts_aggregate_1,1996,2647.693
gbr,sex_m,geo_cov_urb,mts_aggregate_1,1997,2668.308
gbr,sex_m,geo_cov_urb,mts_aggregate_1,1998,2708.519
gbr,sex_m,geo_cov_urb,mts_aggregate_1,1999,2676.365
gbr,sex_m,geo_cov_urb,mts_aggregate_1,2000,2346.273
gbr,sex_m,geo_cov_urb,mts_aggregate_1,2001,2489.757
gbr,sex_m,geo_cov_urb,mts_aggregate_1,2002,2564.151
gbr,sex_m,geo_cov_urb,mts_aggregate_1,2003,2643.768
gbr,sex_m,geo_cov_urb,mts_aggregate_1,2004,2766.408
gbr,sex_m,geo_cov_urb,mts_aggregate_1,2005,2807.237
gbr,sex_m,geo_cov_urb,mts_aggregate_1,2006,3027.136
gbr,sex_m,geo_cov_urb,mts_aggregate_1,2007,3112.913
gbr,sex_m,geo_cov_urb,mts_aggregate_1,2008,3263.553
gbr,sex_m,geo_cov_urb,mts_aggregate_1,2009,3283.836
gbr,sex_m,geo_cov_urb,mts_aggregate_1,2010,3452.054
gbr,sex_m,geo_cov_urb,mts_aggregate_1,2011,3450.509
gbr,sex_m,geo_cov_urb,mts_aggregate_1,2012,3574.251
gbr,sex_m,geo_cov_urb,mts_aggregate_1,2013,3548.36
gbr,sex_m,geo_cov_urb,mts_aggregate_1,2014,3647.189
gbr,sex_m,geo_cov_urb,mts_aggregate_1,2015,3696.009
gbr,sex_m,geo_cov_urb,mts_aggregate_1,2016,3723.864
gbr,sex_m,geo_cov_urb,mts_aggregate_1,2017,3751.409
gbr,sex_m,geo_cov_urb,mts_aggregate_1,2018,3785.867
gbr,sex_m,geo_cov_urb,mts_aggregate_1,2019,3875.809
gbr,sex_m,geo_cov_urb,mts_aggregate_2,1992,3096.445
gbr,sex_m,geo_cov_urb,mts_aggregate_2,1993,3150.598
gbr,sex_m,geo_cov_urb,mts_aggregate_2,1994,3171.274
gbr,sex_m,geo_cov_urb,mts_aggregate_2,1995,3180.196
gbr,sex_m,geo_cov_urb,mts_aggregate_2,1996,3203.985
gbr,sex_m,geo_cov_urb,mts_aggregate_2,1997,3246.924
gbr,sex_m,geo_cov_urb,mts_aggregate_2,1998,3268.674
gbr,sex_m,geo_cov_urb,mts_aggregate_2,1999,3216.456
gbr,sex_m,geo_cov_urb,mts_aggregate_2,2000,2825.309
gbr,sex_m,geo_cov_urb,mts_aggregate_2,2001,2824.003
gbr,sex_m,geo_cov_urb,mts_aggregate_2,2002,2811.435
gbr,sex_m,geo_cov_urb,mts_aggregate_2,2003,2742.228
gbr,sex_m,geo_cov_urb,mts_aggregate_2,2004,2774.233
gbr,sex_m,geo_cov_urb,mts_aggregate_2,2005,2786.689
gbr,sex_m,geo_cov_urb,mts_aggregate_2,2006,3070.016
gbr,sex_m,geo_cov_urb,mts_aggregate_2,2007,3100.654
gbr,sex_m,geo_cov_urb,mts_aggregate_2,2008,3129.429
gbr,sex_m,geo_cov_urb,mts_aggregate_2,2009,3045.004
gbr,sex_m,geo_cov_urb,mts_aggregate_2,2010,3051.788
gbr,sex_m,geo_cov_urb,mts_aggregate_2,2011,3094.729
gbr,sex_m,geo_cov_urb,mts_aggregate_2,2012,3192.29
gbr,sex_m,geo_cov_urb,mts_aggregate_2,2013,3233.185
gbr,sex_m,geo_cov_urb,mts_aggregate_2,2014,3233.188
gbr,sex_m,geo_cov_urb,mts_aggregate_2,2015,3331.36
gbr,sex_m,geo_cov_urb,mts_aggregate_2,2016,3281.943
gbr,sex_m,geo_cov_urb,mts_aggregate_2,2017,3349.831
gbr,sex_m,geo_cov_urb,mts_aggregate_2,2018,3365.855
gbr,sex_m,geo_cov_urb,mts_aggregate_2,2019,3399.795
gbr,sex_m,geo_cov_urb,mts_aggregate_total,1992,5464.657
gbr,sex_m,geo_cov_urb,mts_aggregate_total,1993,5600.287
gbr,sex_m,geo_cov_urb,mts_aggregate_total,1994,5675.612
gbr,sex_m,geo_cov_urb,mts_aggregate_total,1995,5775.169
gbr,sex_m,geo_cov_urb,mts_aggregate_total,1996,5851.678
gbr,sex_m,geo_cov_urb,mts_aggregate_total,1997,5915.232
gbr,sex_m,geo_cov_urb,mts_aggregate_total,1998,5977.192
gbr,sex_m,geo_cov_urb,mts_aggregate_total,1999,5892.821
gbr,sex_m,geo_cov_urb,mts_aggregate_total,2000,5171.582
gbr,sex_m,geo_cov_urb,mts_aggregate_total,2001,5313.76
gbr,sex_m,geo_cov_urb,mts_aggregate_total,2002,5375.586
gbr,sex_m,geo_cov_urb,mts_aggregate_total,2003,5385.996
gbr,sex_m,geo_cov_urb,mts_aggregate_total,2004,5540.641
gbr,sex_m,geo_cov_urb,mts_aggregate_total,2005,5593.926
gbr,sex_m,geo_cov_urb,mts_aggregate_total,2006,6097.152
gbr,sex_m,geo_cov_urb,mts_aggregate_total,2007,6213.567
gbr,sex_m,geo_cov_urb,mts_aggregate_total,2008,6392.982
gbr,sex_m,geo_cov_urb,mts_aggregate_total,2009,6328.84
gbr,sex_m,geo_cov_urb,mts_aggregate_total,2010,6503.842
gbr,sex_m,geo_cov_urb,mts_aggregate_total,2011,6545.238
gbr,sex_m,geo_cov_urb,mts_aggregate_total,2012,6766.541
gbr,sex_m,geo_cov_urb,mts_aggregate_total,2013,6781.544
gbr,sex_m,geo_cov_urb,mts_aggregate_total,2014,6880.377
gbr,sex_m,geo_cov_urb,mts_aggregate_total,2015,7027.369
gbr,sex_m,geo_cov_urb,mts_aggregate_total,2016,7005.807
gbr,sex_m,geo_cov_urb,mts_aggregate_total,2017,7101.24
gbr,sex_m,geo_cov_urb,mts_aggregate_total,2018,7151.722
gbr,sex_m,geo_cov_urb,mts_aggregate_total,2019,7275.604
gbr,sex_m,geo_cov_urb,mts_aggregate_x,1995,5.199
gbr,sex_m,geo_cov_x,mts_aggregate_1,1998,9.177
gbr,sex_m,geo_cov_x,mts_aggregate_1,1999,4.522
gbr,sex_m,geo_cov_x,mts_aggregate_1,2000,291.319
gbr,sex_m,geo_cov_x,mts_aggregate_1,2001,306.995
gbr,sex_m,geo_cov_x,mts_aggregate_1,2002,317.209
gbr,sex_m,geo_cov_x,mts_aggregate_1,2003,322.778
gbr,sex_m,geo_cov_x,mts_aggregate_1,2004,315.403
gbr,sex_m,geo_cov_x,mts_aggregate_1,2005,334.677
gbr,sex_m,geo_cov_x,mts_aggregate_2,1998,14.352
gbr,sex_m,geo_cov_x,mts_aggregate_2,1999,3.995
gbr,sex_m,geo_cov_x,mts_aggregate_2,2000,335.408
gbr,sex_m,geo_cov_x,mts_aggregate_2,2001,340.02
gbr,sex_m,geo_cov_x,mts_aggregate_2,2002,350.787
gbr,sex_m,geo_cov_x,mts_aggregate_2,2003,327.911
gbr,sex_m,geo_cov_x,mts_aggregate_2,2004,338.446
gbr,sex_m,geo_cov_x,mts_aggregate_2,2005,325.225
gbr,sex_m,geo_cov_x,mts_aggregate_total,1998,23.529
gbr,sex_m,geo_cov_x,mts_aggregate_total,1999,8.517
gbr,sex_m,geo_cov_x,mts_aggregate_total,2000,626.727
gbr,sex_m,geo_cov_x,mts_aggregate_total,2001,647.015
gbr,sex_m,geo_cov_x,mts_aggregate_total,2002,667.996
gbr,sex_m,geo_cov_x,mts_aggregate_total,2003,650.689
gbr,sex_m,geo_cov_x,mts_aggregate_total,2004,653.849
gbr,sex_m,geo_cov_x,mts_aggregate_total,2005,659.902
gbr,sex_t,geo_cov_nat,mts_aggregate_1,1992,8176.445
gbr,sex_t,geo_cov_nat,mts_aggregate_1,1993,8357.542
gbr,sex_t,geo_cov_nat,mts_aggregate_1,1994,8500.243
gbr,sex_t,geo_cov_nat,mts_aggregate_1,1995,8766.11
gbr,sex_t,geo_cov_nat,mts_aggregate_1,1996,8844.325
gbr,sex_t,geo_cov_nat,mts_aggregate_1,1997,8889.402
gbr,sex_t,geo_cov_nat,mts_aggregate_1,1998,8907.544
gbr,sex_t,geo_cov_nat,mts_aggregate_1,1999,8978.807
gbr,sex_t,geo_cov_nat,mts_aggregate_1,2000,8887.865
gbr,sex_t,geo_cov_nat,mts_aggregate_1,2001,9219.25
gbr,sex_t,geo_cov_nat,mts_aggregate_1,2002,9240.472
gbr,sex_t,geo_cov_nat,mts_aggregate_1,2003,9444.074
gbr,sex_t,geo_cov_nat,mts_aggregate_1,2004,9553.733
gbr,sex_t,geo_cov_nat,mts_aggregate_1,2005,9647.41
gbr,sex_t,geo_cov_nat,mts_aggregate_1,2006,9580.044
gbr,sex_t,geo_cov_nat,mts_aggregate_1,2007,9839.26
gbr,sex_t,geo_cov_nat,mts_aggregate_1,2008,9813.704
gbr,sex_t,geo_cov_nat,mts_aggregate_1,2009,9967.832
gbr,sex_t,geo_cov_nat,mts_aggregate_1,2010,10276.452
gbr,sex_t,geo_cov_nat,mts_aggregate_1,2011,10331.757
gbr,sex_t,geo_cov_nat,mts_aggregate_1,2012,10391.802
gbr,sex_t,geo_cov_nat,mts_aggregate_1,2013,10323.757
gbr,sex_t,geo_cov_nat,mts_aggregate_1,2014,10459.223
gbr,sex_t,geo_cov_nat,mts_aggregate_1,2015,10421.86
gbr,sex_t,geo_cov_nat,mts_aggregate_1,2016,10505.876
gbr,sex_t,geo_cov_nat,mts_aggregate_1,2017,10526.887
gbr,sex_t,geo_cov_nat,mts_aggregate_1,2018,10596.388
gbr,sex_t,geo_cov_nat,mts_aggregate_1,2019,10676.981
gbr,sex_t,geo_cov_nat,mts_aggregate_2,1992,9172.554
gbr,sex_t,geo_cov_nat,mts_aggregate_2,1993,9235.474
gbr,sex_t,geo_cov_nat,mts_aggregate_2,1994,9215.704
gbr,sex_t,geo_cov_nat,mts_aggregate_2,1995,9083.111
gbr,sex_t,geo_cov_nat,mts_aggregate_2,1996,9060.605
gbr,sex_t,geo_cov_nat,mts_aggregate_2,1997,9019.678
gbr,sex_t,geo_cov_nat,mts_aggregate_2,1998,9134.531
gbr,sex_t,geo_cov_nat,mts_aggregate_2,1999,8960.333
gbr,sex_t,geo_cov_nat,mts_aggregate_2,2000,9031.952
gbr,sex_t,geo_cov_nat,mts_aggregate_2,2001,8988.247
gbr,sex_t,geo_cov_nat,mts_aggregate_2,2002,8976.567
gbr,sex_t,geo_cov_nat,mts_aggregate_2,2003,8849.794
gbr,sex_t,geo_cov_nat,mts_aggregate_2,2004,8881.782
gbr,sex_t,geo_cov_nat,mts_aggregate_2,2005,8936.264
gbr,sex_t,geo_cov_nat,mts_aggregate_2,2006,8902.897
gbr,sex_t,geo_cov_nat,mts_aggregate_2,2007,8965.171
gbr,sex_t,geo_cov_nat,mts_aggregate_2,2008,8902.131
gbr,sex_t,geo_cov_nat,mts_aggregate_2,2009,9002.741
gbr,sex_t,geo_cov_nat,mts_aggregate_2,2010,8968.491
gbr,sex_t,geo_cov_nat,mts_aggregate_2,2011,9103.525
gbr,sex_t,geo_cov_nat,mts_aggregate_2,2012,9092.837
gbr,sex_t,geo_cov_nat,mts_aggregate_2,2013,9210.031
gbr,sex_t,geo_cov_nat,mts_aggregate_2,2014,9182.563
gbr,sex_t,geo_cov_nat,mts_aggregate_2,2015,9318.685
gbr,sex_t,geo_cov_nat,mts_aggregate_2,2016,9288.316
gbr,sex_t,geo_cov_nat,mts_aggregate_2,2017,9388.343
gbr,sex_t,geo_cov_nat,mts_aggregate_2,2018,9324.807
gbr,sex_t,geo_cov_nat,mts_aggregate_2,2019,9287.078
gbr,sex_t,geo_cov_nat,mts_aggregate_total,1992,17348.999
gbr,sex_t,geo_cov_nat,mts_aggregate_total,1993,17593.016
gbr,sex_t,geo_cov_nat,mts_aggregate_total,1994,17715.947
gbr,sex_t,geo_cov_nat,mts_aggregate_total,1995,17870.461
gbr,sex_t,geo_cov_nat,mts_aggregate_total,1996,17904.93
gbr,sex_t,geo_cov_nat,mts_aggregate_total,1997,17909.08
gbr,sex_t,geo_cov_nat,mts_aggregate_total,1998,18042.075
gbr,sex_t,geo_cov_nat,mts_aggregate_total,1999,17939.14
gbr,sex_t,geo_cov_nat,mts_aggregate_total,2000,17919.817
gbr,sex_t,geo_cov_nat,mts_aggregate_total,2001,18207.497
gbr,sex_t,geo_cov_nat,mts_aggregate_total,2002,18217.039
gbr,sex_t,geo_cov_nat,mts_aggregate_total,2003,18293.868
gbr,sex_t,geo_cov_nat,mts_aggregate_total,2004,18435.515
gbr,sex_t,geo_cov_nat,mts_aggregate_total,2005,18583.674
gbr,sex_t,geo_cov_nat,mts_aggregate_total,2006,18482.941
gbr,sex_t,geo_cov_nat,mts_aggregate_total,2007,18804.431
gbr,sex_t,geo_cov_nat,mts_aggregate_total,2008,18715.835
gbr,sex_t,geo_cov_nat,mts_aggregate_total,2009,18970.573
gbr,sex_t,geo_cov_nat,mts_aggregate_total,2010,19244.943
gbr,sex_t,geo_cov_nat,mts_aggregate_total,2011,19435.282
gbr,sex_t,geo_cov_nat,mts_aggregate_total,2012,19484.639
gbr,sex_t,geo_cov_nat,mts_aggregate_total,2013,19533.788
gbr,sex_t,geo_cov_nat,mts_aggregate_total,2014,19641.786
gbr,sex_t,geo_cov_nat,mts_aggregate_total,2015,19740.546
gbr,sex_t,geo_cov_nat,mts_aggregate_total,2016,19794.191
gbr,sex_t,geo_cov_nat,mts_aggregate_total,2017,19915.23
gbr,sex_t,geo_cov_nat,mts_aggregate_total,2018,19921.195
gbr,sex_t,geo_cov_nat,mts_aggregate_total,2019,19964.058
gbr,sex_t,geo_cov_nat,mts_aggregate_x,1995,21.24
gbr,sex_t,geo_cov_rur,mts_aggregate_1,1992,728.709
gbr,sex_t,geo_cov_rur,mts_aggregate_1,1993,889.083
gbr,sex_t,geo_cov_rur,mts_aggregate_1,1994,932.779
gbr,sex_t,geo_cov_rur,mts_aggregate_1,1995,996.967
gbr,sex_t,geo_cov_rur,mts_aggregate_1,1996,970.796
gbr,sex_t,geo_cov_rur,mts_aggregate_1,1997,945.933
gbr,sex_t,geo_cov_rur,mts_aggregate_1,1998,954.664
gbr,sex_t,geo_cov_rur,mts_aggregate_1,1999,1026.583
gbr,sex_t,geo_cov_rur,mts_aggregate_1,2000,1118.508
gbr,sex_t,geo_cov_rur,mts_aggregate_1,2001,1146.508
gbr,sex_t,geo_cov_rur,mts_aggregate_1,2002,1140.719
gbr,sex_t,geo_cov_rur,mts_aggregate_1,2003,1148.41
gbr,sex_t,geo_cov_rur,mts_aggregate_1,2004,1146.595
gbr,sex_t,geo_cov_rur,mts_aggregate_1,2005,1204.069
gbr,sex_t,geo_cov_rur,mts_aggregate_1,2006,1340.257
gbr,sex_t,geo_cov_rur,mts_aggregate_1,2007,1378.722
gbr,sex_t,geo_cov_rur,mts_aggregate_1,2008,1077.254
gbr,sex_t,geo_cov_rur,mts_aggregate_1,2009,1399.896
gbr,sex_t,geo_cov_rur,mts_aggregate_1,2010,1348.822
gbr,sex_t,geo_cov_rur,mts_aggregate_1,2011,1475.967
gbr,sex_t,geo_cov_rur,mts_aggregate_1,2012,1168.659
gbr,sex_t,geo_cov_rur,mts_aggregate_1,2013,1241.986
gbr,sex_t,geo_cov_rur,mts_aggregate_1,2014,1293.177
gbr,sex_t,geo_cov_rur,mts_aggregate_1,2015,1236.63
gbr,sex_t,geo_cov_rur,mts_aggregate_1,2016,1277.616
gbr,sex_t,geo_cov_rur,mts_aggregate_1,2017,1226.075
gbr,sex_t,geo_cov_rur,mts_aggregate_1,2018,1243.786
gbr,sex_t,geo_cov_rur,mts_aggregate_1,2019,1291.071
gbr,sex_t,geo_cov_rur,mts_aggregate_2,1992,945.241
gbr,sex_t,geo_cov_rur,mts_aggregate_2,1993,1119.026
gbr,sex_t,geo_cov_rur,mts_aggregate_2,1994,1120.058
gbr,sex_t,geo_cov_rur,mts_aggregate_2,1995,1059.188
gbr,sex_t,geo_cov_rur,mts_aggregate_2,1996,1111.023
gbr,sex_t,geo_cov_rur,mts_aggregate_2,1997,1121.309
gbr,sex_t,geo_cov_rur,mts_aggregate_2,1998,1154.516
gbr,sex_t,geo_cov_rur,mts_aggregate_2,1999,1147.551
gbr,sex_t,geo_cov_rur,mts_aggregate_2,2000,1424.634
gbr,sex_t,geo_cov_rur,mts_aggregate_2,2001,1457.48
gbr,sex_t,geo_cov_rur,mts_aggregate_2,2002,1457.96
gbr,sex_t,geo_cov_rur,mts_aggregate_2,2003,1466.651
gbr,sex_t,geo_cov_rur,mts_aggregate_2,2004,1476.106
gbr,sex_t,geo_cov_rur,mts_aggregate_2,2005,1479.094
gbr,sex_t,geo_cov_rur,mts_aggregate_2,2006,1627.935
gbr,sex_t,geo_cov_rur,mts_aggregate_2,2007,1547.444
gbr,sex_t,geo_cov_rur,mts_aggregate_2,2008,1337.718
gbr,sex_t,geo_cov_rur,mts_aggregate_2,2009,1670.808
gbr,sex_t,geo_cov_rur,mts_aggregate_2,2010,1651.765
gbr,sex_t,geo_cov_rur,mts_aggregate_2,2011,1716.133
gbr,sex_t,geo_cov_rur,mts_aggregate_2,2012,1529.676
gbr,sex_t,geo_cov_rur,mts_aggregate_2,2013,1589.506
gbr,sex_t,geo_cov_rur,mts_aggregate_2,2014,1556.363
gbr,sex_t,geo_cov_rur,mts_aggregate_2,2015,1486.207
gbr,sex_t,geo_cov_rur,mts_aggregate_2,2016,1575.809
gbr,sex_t,geo_cov_rur,mts_aggregate_2,2017,1634.774
gbr,sex_t,geo_cov_rur,mts_aggregate_2,2018,1569.508
gbr,sex_t,geo_cov_rur,mts_aggregate_2,2019,1527.255
gbr,sex_t,geo_cov_rur,mts_aggregate_total,1992,1673.95
gbr,sex_t,geo_cov_rur,mts_aggregate_total,1993,2008.109
gbr,sex_t,geo_cov_rur,mts_aggregate_total,1994,2052.837
gbr,sex_t,geo_cov_rur,mts_aggregate_total,1995,2057.557
gbr,sex_t,geo_cov_rur,mts_aggregate_total,1996,2081.82
gbr,sex_t,geo_cov_rur,mts_aggregate_total,1997,2067.242
gbr,sex_t,geo_cov_rur,mts_aggregate_total,1998,2109.179
gbr,sex_t,geo_cov_rur,mts_aggregate_total,1999,2174.134
gbr,sex_t,geo_cov_rur,mts_aggregate_total,2000,2543.142
gbr,sex_t,geo_cov_rur,mts_aggregate_total,2001,2603.988
gbr,sex_t,geo_cov_rur,mts_aggregate_total,2002,2598.679
gbr,sex_t,geo_cov_rur,mts_aggregate_total,2003,2615.061
gbr,sex_t,geo_cov_rur,mts_aggregate_total,2004,2622.701
gbr,sex_t,geo_cov_rur,mts_aggregate_total,2005,2683.163
gbr,sex_t,geo_cov_rur,mts_aggregate_total,2006,2968.192
gbr,sex_t,geo_cov_rur,mts_aggregate_total,2007,2926.166
gbr,sex_t,geo_cov_rur,mts_aggregate_total,2008,2414.972
gbr,sex_t,geo_cov_rur,mts_aggregate_total,2009,3070.704
gbr,sex_t,geo_cov_rur,mts_aggregate_total,2010,3000.587
gbr,sex_t,geo_cov_rur,mts_aggregate_total,2011,3192.099
gbr,sex_t,geo_cov_rur,mts_aggregate_total,2012,2698.335
gbr,sex_t,geo_cov_rur,mts_aggregate_total,2013,2831.493
gbr,sex_t,geo_cov_rur,mts_aggregate_total,2014,2849.54
gbr,sex_t,geo_cov_rur,mts_aggregate_total,2015,2722.837
gbr,sex_t,geo_cov_rur,mts_aggregate_total,2016,2853.424
gbr,sex_t,geo_cov_rur,mts_aggregate_total,2017,2860.849
gbr,sex_t,geo_cov_rur,mts_aggregate_total,2018,2813.294
gbr,sex_t,geo_cov_rur,mts_aggregate_total,2019,2818.326
gbr,sex_t,geo_cov_urb,mts_aggregate_1,1992,7447.736
gbr,sex_t,geo_cov_urb,mts_aggregate_1,1993,7468.459
gbr,sex_t,geo_cov_urb,mts_aggregate_1,1994,7567.463
gbr,sex_t,geo_cov_urb,mts_aggregate_1,1995,7769.144
gbr,sex_t,geo_cov_urb,mts_aggregate_1,1996,7873.529
gbr,sex_t,geo_cov_urb,mts_aggregate_1,1997,7943.469
gbr,sex_t,geo_cov_urb,mts_aggregate_1,1998,7920.081
gbr,sex_t,geo_cov_urb,mts_aggregate_1,1999,7939.928
gbr,sex_t,geo_cov_urb,mts_aggregate_1,2000,6901.061
gbr,sex_t,geo_cov_urb,mts_aggregate_1,2001,7180.275
gbr,sex_t,geo_cov_urb,mts_aggregate_1,2002,7208.162
gbr,sex_t,geo_cov_urb,mts_aggregate_1,2003,7377.437
gbr,sex_t,geo_cov_urb,mts_aggregate_1,2004,7494.873
gbr,sex_t,geo_cov_urb,mts_aggregate_1,2005,7518.238
gbr,sex_t,geo_cov_urb,mts_aggregate_1,2006,8239.787
gbr,sex_t,geo_cov_urb,mts_aggregate_1,2007,8460.538
gbr,sex_t,geo_cov_urb,mts_aggregate_1,2008,8736.449
gbr,sex_t,geo_cov_urb,mts_aggregate_1,2009,8567.936
gbr,sex_t,geo_cov_urb,mts_aggregate_1,2010,8927.631
gbr,sex_t,geo_cov_urb,mts_aggregate_1,2011,8855.79
gbr,sex_t,geo_cov_urb,mts_aggregate_1,2012,9223.143
gbr,sex_t,geo_cov_urb,mts_aggregate_1,2013,9081.771
gbr,sex_t,geo_cov_urb,mts_aggregate_1,2014,9166.046
gbr,sex_t,geo_cov_urb,mts_aggregate_1,2015,9185.231
gbr,sex_t,geo_cov_urb,mts_aggregate_1,2016,9228.26
gbr,sex_t,geo_cov_urb,mts_aggregate_1,2017,9300.812
gbr,sex_t,geo_cov_urb,mts_aggregate_1,2018,9352.602
gbr,sex_t,geo_cov_urb,mts_aggregate_1,2019,9385.909
gbr,sex_t,geo_cov_urb,mts_aggregate_2,1992,8227.313
gbr,sex_t,geo_cov_urb,mts_aggregate_2,1993,8116.448
gbr,sex_t,geo_cov_urb,mts_aggregate_2,1994,8095.646
gbr,sex_t,geo_cov_urb,mts_aggregate_2,1995,8023.923
gbr,sex_t,geo_cov_urb,mts_aggregate_2,1996,7949.581
gbr,sex_t,geo_cov_urb,mts_aggregate_2,1997,7898.369
gbr,sex_t,geo_cov_urb,mts_aggregate_2,1998,7944.917
gbr,sex_t,geo_cov_urb,mts_aggregate_2,1999,7803.13
gbr,sex_t,geo_cov_urb,mts_aggregate_2,2000,6800.516
gbr,sex_t,geo_cov_urb,mts_aggregate_2,2001,6730.11
gbr,sex_t,geo_cov_urb,mts_aggregate_2,2002,6699.266
gbr,sex_t,geo_cov_urb,mts_aggregate_2,2003,6598.362
gbr,sex_t,geo_cov_urb,mts_aggregate_2,2004,6620.506
gbr,sex_t,geo_cov_urb,mts_aggregate_2,2005,6677.593
gbr,sex_t,geo_cov_urb,mts_aggregate_2,2006,7274.962
gbr,sex_t,geo_cov_urb,mts_aggregate_2,2007,7417.727
gbr,sex_t,geo_cov_urb,mts_aggregate_2,2008,7564.413
gbr,sex_t,geo_cov_urb,mts_aggregate_2,2009,7331.933
gbr,sex_t,geo_cov_urb,mts_aggregate_2,2010,7316.726
gbr,sex_t,geo_cov_urb,mts_aggregate_2,2011,7387.393
gbr,sex_t,geo_cov_urb,mts_aggregate_2,2012,7563.161
gbr,sex_t,geo_cov_urb,mts_aggregate_2,2013,7620.525
gbr,sex_t,geo_cov_urb,mts_aggregate_2,2014,7626.2
gbr,sex_t,geo_cov_urb,mts_aggregate_2,2015,7832.478
gbr,sex_t,geo_cov_urb,mts_aggregate_2,2016,7712.507
gbr,sex_t,geo_cov_urb,mts_aggregate_2,2017,7753.569
gbr,sex_t,geo_cov_urb,mts_aggregate_2,2018,7755.3
gbr,sex_t,geo_cov_urb,mts_aggregate_2,2019,7759.823
gbr,sex_t,geo_cov_urb,mts_aggregate_total,1992,15675.049
gbr,sex_t,geo_cov_urb,mts_aggregate_total,1993,15584.907
gbr,sex_t,geo_cov_urb,mts_aggregate_total,1994,15663.11
gbr,sex_t,geo_cov_urb,mts_aggregate_total,1995,15812.904
gbr,sex_t,geo_cov_urb,mts_aggregate_total,1996,15823.11
gbr,sex_t,geo_cov_urb,mts_aggregate_total,1997,15841.838
gbr,sex_t,geo_cov_urb,mts_aggregate_total,1998,15864.998
gbr,sex_t,geo_cov_urb,mts_aggregate_total,1999,15743.058
gbr,sex_t,geo_cov_urb,mts_aggregate_total,2000,13701.577
gbr,sex_t,geo_cov_urb,mts_aggregate_total,2001,13910.385
gbr,sex_t,geo_cov_urb,mts_aggregate_total,2002,13907.428
gbr,sex_t,geo_cov_urb,mts_aggregate_total,2003,13975.799
gbr,sex_t,geo_cov_urb,mts_aggregate_total,2004,14115.379
gbr,sex_t,geo_cov_urb,mts_aggregate_total,2005,14195.831
gbr,sex_t,geo_cov_urb,mts_aggregate_total,2006,15514.749
gbr,sex_t,geo_cov_urb,mts_aggregate_total,2007,15878.265
gbr,sex_t,geo_cov_urb,mts_aggregate_total,2008,16300.863
gbr,sex_t,geo_cov_urb,mts_aggregate_total,2009,15899.869
gbr,sex_t,geo_cov_urb,mts_aggregate_total,2010,16244.357
gbr,sex_t,geo_cov_urb,mts_aggregate_total,2011,16243.183
gbr,sex_t,geo_cov_urb,mts_aggregate_total,2012,16786.304
gbr,sex_t,geo_cov_urb,mts_aggregate_total,2013,16702.295
gbr,sex_t,geo_cov_urb,mts_aggregate_total,2014,16792.246
gbr,sex_t,geo_cov_urb,mts_aggregate_total,2015,17017.709
gbr,sex_t,geo_cov_urb,mts_aggregate_total,2016,16940.767
gbr,sex_t,geo_cov_urb,mts_aggregate_total,2017,17054.381
gbr,sex_t,geo_cov_urb,mts_aggregate_total,2018,17107.902
gbr,sex_t,geo_cov_urb,mts_aggregate_total,2019,17145.732
gbr,sex_t,geo_cov_urb,mts_aggregate_x,1995,19.838
gbr,sex_t,geo_cov_x,mts_aggregate_1,1998,32.799
gbr,sex_t,geo_cov_x,mts_aggregate_1,1999,12.296
gbr,sex_t,geo_cov_x,mts_aggregate_1,2000,868.296
gbr,sex_t,geo_cov_x,mts_aggregate_1,2001,892.467
gbr,sex_t,geo_cov_x,mts_aggregate_1,2002,891.591
gbr,sex_t,geo_cov_x,mts_aggregate_1,2003,918.227
gbr,sex_t,geo_cov_x,mts_aggregate_1,2004,912.265
gbr,sex_t,geo_cov_x,mts_aggregate_1,2005,925.103
gbr,sex_t,geo_cov_x,mts_aggregate_2,1998,35.098
gbr,sex_t,geo_cov_x,mts_aggregate_2,1999,9.652
gbr,sex_t,geo_cov_x,mts_aggregate_2,2000,806.802
gbr,sex_t,geo_cov_x,mts_aggregate_2,2001,800.657
gbr,sex_t,geo_cov_x,mts_aggregate_2,2002,819.341
gbr,sex_t,geo_cov_x,mts_aggregate_2,2003,784.781
gbr,sex_t,geo_cov_x,mts_aggregate_2,2004,785.17
gbr,sex_t,geo_cov_x,mts_aggregate_2,2005,779.577
gbr,sex_t,geo_cov_x,mts_aggregate_total,1998,67.897
gbr,sex_t,geo_cov_x,mts_aggregate_total,1999,21.948
gbr,sex_t,geo_cov_x,mts_aggregate_total,2000,1675.098
gbr,sex_t,geo_cov_x,mts_aggregate_total,2001,1693.124
gbr,sex_t,geo_cov_x,mts_aggregate_total,2002,1710.932
gbr,sex_t,geo_cov_x,mts_aggregate_total,2003,1703.008
gbr,sex_t,geo_cov_x,mts_aggregate_total,2004,1697.435
gbr,sex_t,geo_cov_x,mts_aggregate_total,2005,1704.68
geo,sex_f,geo_cov_nat,mts_aggregate_1,2009,202.27
geo,sex_f,geo_cov_nat,mts_aggregate_1,2010,376.814
geo,sex_f,geo_cov_nat,mts_aggregate_1,2011,383.127
geo,sex_f,geo_cov_nat,mts_aggregate_1,2012,364.596
geo,sex_f,geo_cov_nat,mts_aggregate_1,2013,351.645
geo,sex_f,geo_cov_nat,mts_aggregate_1,2014,358.853
geo,sex_f,geo_cov_nat,mts_aggregate_1,2015,335.428
geo,sex_f,geo_cov_nat,mts_aggregate_1,2016,329.133
geo,sex_f,geo_cov_nat,mts_aggregate_1,2017,341.677
geo,sex_f,geo_cov_nat,mts_aggregate_1,2018,374.334
geo,sex_f,geo_cov_nat,mts_aggregate_1,2020,379.453
geo,sex_f,geo_cov_nat,mts_aggregate_2,2009,389.105
geo,sex_f,geo_cov_nat,mts_aggregate_2,2010,369.828
geo,sex_f,geo_cov_nat,mts_aggregate_2,2011,356.864
geo,sex_f,geo_cov_nat,mts_aggregate_2,2012,348.876
geo,sex_f,geo_cov_nat,mts_aggregate_2,2013,362.722
geo,sex_f,geo_cov_nat,mts_aggregate_2,2014,338.812
geo,sex_f,geo_cov_nat,mts_aggregate_2,2015,330.238
geo,sex_f,geo_cov_nat,mts_aggregate_2,2016,349.648
geo,sex_f,geo_cov_nat,mts_aggregate_2,2017,331.034
geo,sex_f,geo_cov_nat,mts_aggregate_2,2018,348.632
geo,sex_f,geo_cov_nat,mts_aggregate_2,2020,346.755
geo,sex_f,geo_cov_nat,mts_aggregate_total,2009,775.415
geo,sex_f,geo_cov_nat,mts_aggregate_total,2010,746.641
geo,sex_f,geo_cov_nat,mts_aggregate_total,2011,739.992
geo,sex_f,geo_cov_nat,mts_aggregate_total,2012,713.472
geo,sex_f,geo_cov_nat,mts_aggregate_total,2013,714.367
geo,sex_f,geo_cov_nat,mts_aggregate_total,2014,697.665
geo,sex_f,geo_cov_nat,mts_aggregate_total,2015,665.666
geo,sex_f,geo_cov_nat,mts_aggregate_total,2016,678.781
geo,sex_f,geo_cov_nat,mts_aggregate_total,2017,672.711
geo,sex_f,geo_cov_nat,mts_aggregate_total,2018,723.124
geo,sex_f,geo_cov_nat,mts_aggregate_total,2020,726.209
geo,sex_f,geo_cov_nat,mts_aggregate_x,2009,184.04
geo,sex_f,geo_cov_nat,mts_details_mrd,2009,389.105
geo,sex_f,geo_cov_nat,mts_details_mrd,2010,369.828
geo,sex_f,geo_cov_nat,mts_details_mrd,2011,356.864
geo,sex_f,geo_cov_nat,mts_details_mrd,2012,348.876
geo,sex_f,geo_cov_nat,mts_details_mrd,2013,362.722
geo,sex_f,geo_cov_nat,mts_details_mrd,2014,338.812
geo,sex_f,geo_cov_nat,mts_details_mrd,2015,330.238
geo,sex_f,geo_cov_nat,mts_details_mrd,2016,349.648
geo,sex_f,geo_cov_nat,mts_details_mrd,2017,319.527
geo,sex_f,geo_cov_nat,mts_details_mrd,2018,337.849
geo,sex_f,geo_cov_nat,mts_details_mrd,2020,336.7
geo,sex_f,geo_cov_nat,mts_details_sep,2009,20.108
geo,sex_f,geo_cov_nat,mts_details_sep,2010,17.431
geo,sex_f,geo_cov_nat,mts_details_sep,2011,16.868
geo,sex_f,geo_cov_nat,mts_details_sep,2012,16.601
geo,sex_f,geo_cov_nat,mts_details_sep,2013,16.848
geo,sex_f,geo_cov_nat,mts_details_sep,2014,19.81
geo,sex_f,geo_cov_nat,mts_details_sep,2015,18.206
geo,sex_f,geo_cov_nat,mts_details_sep,2016,16.596
geo,sex_f,geo_cov_nat,mts_details_sep,2017,23.47
geo,sex_f,geo_cov_nat,mts_details_sep,2018,23.594
geo,sex_f,geo_cov_nat,mts_details_sep,2020,28.489
geo,sex_f,geo_cov_nat,mts_details_sgle,2009,182.163
geo,sex_f,geo_cov_nat,mts_details_sgle,2010,181.293
geo,sex_f,geo_cov_nat,mts_details_sgle,2011,180.824
geo,sex_f,geo_cov_nat,mts_details_sgle,2012,163.168
geo,sex_f,geo_cov_nat,mts_details_sgle,2013,162.458
geo,sex_f,geo_cov_nat,mts_details_sgle,2014,153.934
geo,sex_f,geo_cov_nat,mts_details_sgle,2015,132.921
geo,sex_f,geo_cov_nat,mts_details_sgle,2016,131.6
geo,sex_f,geo_cov_nat,mts_details_sgle,2017,127.438
geo,sex_f,geo_cov_nat,mts_details_sgle,2018,142.706
geo,sex_f,geo_cov_nat,mts_details_sgle,2020,152.715
geo,sex_f,geo_cov_nat,mts_details_total,2009,775.415
geo,sex_f,geo_cov_nat,mts_details_total,2010,746.641
geo,sex_f,geo_cov_nat,mts_details_total,2011,739.992
geo,sex_f,geo_cov_nat,mts_details_total,2012,713.472
geo,sex_f,geo_cov_nat,mts_details_total,2013,714.367
geo,sex_f,geo_cov_nat,mts_details_total,2014,697.665
geo,sex_f,geo_cov_nat,mts_details_total,2015,665.666
geo,sex_f,geo_cov_nat,mts_details_total,2016,678.781
geo,sex_f,geo_cov_nat,mts_details_total,2017,672.711
geo,sex_f,geo_cov_nat,mts_details_total,2018,723.124
geo,sex_f,geo_cov_nat,mts_details_total,2020,726.209
geo,sex_f,geo_cov_nat,mts_details_union,2017,11.507
geo,sex_f,geo_cov_nat,mts_details_union,2018,10.783
geo,sex_f,geo_cov_nat,mts_details_union,2020,10.055
geo,sex_f,geo_cov_nat,mts_details_wid,2010,178.089
geo,sex_f,geo_cov_nat,mts_details_wid,2011,185.435
geo,sex_f,geo_cov_nat,mts_details_wid,2012,184.828
geo,sex_f,geo_cov_nat,mts_details_wid,2013,172.339
geo,sex_f,geo_cov_nat,mts_details_wid,2014,185.109
geo,sex_f,geo_cov_nat,mts_details_wid,2015,184.301
geo,sex_f,geo_cov_nat,mts_details_wid,2016,180.937
geo,sex_f,geo_cov_nat,mts_details_wid,2017,190.769
geo,sex_f,geo_cov_nat,mts_details_wid,2018,208.034
geo,sex_f,geo_cov_nat,mts_details_wid,2020,198.249
geo,sex_f,geo_cov_nat,mts_details_x,2009,184.04
geo,sex_f,geo_cov_rur,mts_aggregate_1,2009,68.727
geo,sex_f,geo_cov_rur,mts_aggregate_1,2010,128.885
geo,sex_f,geo_cov_rur,mts_aggregate_1,2011,131.747
geo,sex_f,geo_cov_rur,mts_aggregate_1,2012,122.813
geo,sex_f,geo_cov_rur,mts_aggregate_1,2013,116.615
geo,sex_f,geo_cov_rur,mts_aggregate_1,2014,112.237
geo,sex_f,geo_cov_rur,mts_aggregate_1,2015,108.874
geo,sex_f,geo_cov_rur,mts_aggregate_1,2016,102.256
geo,sex_f,geo_cov_rur,mts_aggregate_1,2017,107.167
geo,sex_f,geo_cov_rur,mts_aggregate_1,2018,120.5
geo,sex_f,geo_cov_rur,mts_aggregate_1,2020,125.238
geo,sex_f,geo_cov_rur,mts_aggregate_2,2009,126.096
geo,sex_f,geo_cov_rur,mts_aggregate_2,2010,126.47
geo,sex_f,geo_cov_rur,mts_aggregate_2,2011,119.013
geo,sex_f,geo_cov_rur,mts_aggregate_2,2012,111.5
geo,sex_f,geo_cov_rur,mts_aggregate_2,2013,111.169
geo,sex_f,geo_cov_rur,mts_aggregate_2,2014,111.298
geo,sex_f,geo_cov_rur,mts_aggregate_2,2015,103.746
geo,sex_f,geo_cov_rur,mts_aggregate_2,2016,110.788
geo,sex_f,geo_cov_rur,mts_aggregate_2,2017,88.652
geo,sex_f,geo_cov_rur,mts_aggregate_2,2018,105.058
geo,sex_f,geo_cov_rur,mts_aggregate_2,2020,113.288
geo,sex_f,geo_cov_rur,mts_aggregate_total,2009,259.246
geo,sex_f,geo_cov_rur,mts_aggregate_total,2010,255.355
geo,sex_f,geo_cov_rur,mts_aggregate_total,2011,250.761
geo,sex_f,geo_cov_rur,mts_aggregate_total,2012,234.312
geo,sex_f,geo_cov_rur,mts_aggregate_total,2013,227.785
geo,sex_f,geo_cov_rur,mts_aggregate_total,2014,223.535
geo,sex_f,geo_cov_rur,mts_aggregate_total,2015,212.62
geo,sex_f,geo_cov_rur,mts_aggregate_total,2016,213.043
geo,sex_f,geo_cov_rur,mts_aggregate_total,2017,195.82
geo,sex_f,geo_cov_rur,mts_aggregate_total,2018,225.637
geo,sex_f,geo_cov_rur,mts_aggregate_total,2020,238.526
geo,sex_f,geo_cov_rur,mts_aggregate_x,2009,64.423
geo,sex_f,geo_cov_rur,mts_details_mrd,2009,126.096
geo,sex_f,geo_cov_rur,mts_details_mrd,2010,126.47
geo,sex_f,geo_cov_rur,mts_details_mrd,2011,119.013
geo,sex_f,geo_cov_rur,mts_details_mrd,2012,111.5
geo,sex_f,geo_cov_rur,mts_details_mrd,2013,111.169
geo,sex_f,geo_cov_rur,mts_details_mrd,2014,111.298
geo,sex_f,geo_cov_rur,mts_details_mrd,2015,103.746
geo,sex_f,geo_cov_rur,mts_details_mrd,2016,110.788
geo,sex_f,geo_cov_rur,mts_details_mrd,2017,82.574
geo,sex_f,geo_cov_rur,mts_details_mrd,2018,99.462
geo,sex_f,geo_cov_rur,mts_details_mrd,2020,107.892
geo,sex_f,geo_cov_rur,mts_details_sep,2009,3.101
geo,sex_f,geo_cov_rur,mts_details_sep,2010,2.672
geo,sex_f,geo_cov_rur,mts_details_sep,2011,2.509
geo,sex_f,geo_cov_rur,mts_details_sep,2012,2.554
geo,sex_f,geo_cov_rur,mts_details_sep,2013,3.163
geo,sex_f,geo_cov_rur,mts_details_sep,2014,3.417
geo,sex_f,geo_cov_rur,mts_details_sep,2015,4.297
geo,sex_f,geo_cov_rur,mts_details_sep,2016,3.605
geo,sex_f,geo_cov_rur,mts_details_sep,2017,3.626
geo,sex_f,geo_cov_rur,mts_details_sep,2018,3.513
geo,sex_f,geo_cov_rur,mts_details_sep,2020,4.622
geo,sex_f,geo_cov_rur,mts_details_sgle,2009,65.626
geo,sex_f,geo_cov_rur,mts_details_sgle,2010,62.779
geo,sex_f,geo_cov_rur,mts_details_sgle,2011,62.607
geo,sex_f,geo_cov_rur,mts_details_sgle,2012,57.154
geo,sex_f,geo_cov_rur,mts_details_sgle,2013,54.159
geo,sex_f,geo_cov_rur,mts_details_sgle,2014,49.914
geo,sex_f,geo_cov_rur,mts_details_sgle,2015,45.009
geo,sex_f,geo_cov_rur,mts_details_sgle,2016,46.023
geo,sex_f,geo_cov_rur,mts_details_sgle,2017,41.697
geo,sex_f,geo_cov_rur,mts_details_sgle,2018,48.326
geo,sex_f,geo_cov_rur,mts_details_sgle,2020,51.471
geo,sex_f,geo_cov_rur,mts_details_total,2009,259.246
geo,sex_f,geo_cov_rur,mts_details_total,2010,255.355
geo,sex_f,geo_cov_rur,mts_details_total,2011,250.761
geo,sex_f,geo_cov_rur,mts_details_total,2012,234.312
geo,sex_f,geo_cov_rur,mts_details_total,2013,227.785
geo,sex_f,geo_cov_rur,mts_details_total,2014,223.535
geo,sex_f,geo_cov_rur,mts_details_total,2015,212.62
geo,sex_f,geo_cov_rur,mts_details_total,2016,213.043
geo,sex_f,geo_cov_rur,mts_details_total,2017,195.82
geo,sex_f,geo_cov_rur,mts_details_total,2018,225.637
geo,sex_f,geo_cov_rur,mts_details_total,2020,238.526
geo,sex_f,geo_cov_rur,mts_details_union,2017,6.078
geo,sex_f,geo_cov_rur,mts_details_union,2018,5.596
geo,sex_f,geo_cov_rur,mts_details_union,2020,5.397
geo,sex_f,geo_cov_rur,mts_details_wid,2010,63.434
geo,sex_f,geo_cov_rur,mts_details_wid,2011,66.631
geo,sex_f,geo_cov_rur,mts_details_wid,2012,63.105
geo,sex_f,geo_cov_rur,mts_details_wid,2013,59.294
geo,sex_f,geo_cov_rur,mts_details_wid,2014,58.905
geo,sex_f,geo_cov_rur,mts_details_wid,2015,59.568
geo,sex_f,geo_cov_rur,mts_details_wid,2016,52.628
geo,sex_f,geo_cov_rur,mts_details_wid,2017,61.844
geo,sex_f,geo_cov_rur,mts_details_wid,2018,68.661
geo,sex_f,geo_cov_rur,mts_details_wid,2020,69.145
geo,sex_f,geo_cov_rur,mts_details_x,2009,64.423
geo,sex_f,geo_cov_urb,mts_aggregate_1,2009,133.544
geo,sex_f,geo_cov_urb,mts_aggregate_1,2010,247.929
geo,sex_f,geo_cov_urb,mts_aggregate_1,2011,251.38
geo,sex_f,geo_cov_urb,mts_aggregate_1,2012,241.783
geo,sex_f,geo_cov_urb,mts_aggregate_1,2013,235.029
geo,sex_f,geo_cov_urb,mts_aggregate_1,2014,246.616
geo,sex_f,geo_cov_urb,mts_aggregate_1,2015,226.554
geo,sex_f,geo_cov_urb,mts_aggregate_1,2016,226.877
geo,sex_f,geo_cov_urb,mts_aggregate_1,2017,234.51
geo,sex_f,geo_cov_urb,mts_aggregate_1,2018,253.834
geo,sex_f,geo_cov_urb,mts_aggregate_1,2020,254.215
geo,sex_f,geo_cov_urb,mts_aggregate_2,2009,263.009
geo,sex_f,geo_cov_urb,mts_aggregate_2,2010,243.358
geo,sex_f,geo_cov_urb,mts_aggregate_2,2011,237.851
geo,sex_f,geo_cov_urb,mts_aggregate_2,2012,237.376
geo,sex_f,geo_cov_urb,mts_aggregate_2,2013,251.553
geo,sex_f,geo_cov_urb,mts_aggregate_2,2014,227.514
geo,sex_f,geo_cov_urb,mts_aggregate_2,2015,226.492
geo,sex_f,geo_cov_urb,mts_aggregate_2,2016,238.86
geo,sex_f,geo_cov_urb,mts_aggregate_2,2017,242.382
geo,sex_f,geo_cov_urb,mts_aggregate_2,2018,243.574
geo,sex_f,geo_cov_urb,mts_aggregate_2,2020,233.467
geo,sex_f,geo_cov_urb,mts_aggregate_total,2009,516.169
geo,sex_f,geo_cov_urb,mts_aggregate_total,2010,491.287
geo,sex_f,geo_cov_urb,mts_aggregate_total,2011,489.231
geo,sex_f,geo_cov_urb,mts_aggregate_total,2012,479.159
geo,sex_f,geo_cov_urb,mts_aggregate_total,2013,486.582
geo,sex_f,geo_cov_urb,mts_aggregate_total,2014,474.131
geo,sex_f,geo_cov_urb,mts_aggregate_total,2015,453.046
geo,sex_f,geo_cov_urb,mts_aggregate_total,2016,465.738
geo,sex_f,geo_cov_urb,mts_aggregate_total,2017,476.892
geo,sex_f,geo_cov_urb,mts_aggregate_total,2018,497.488
geo,sex_f,geo_cov_urb,mts_aggregate_total,2020,487.683
geo,sex_f,geo_cov_urb,mts_aggregate_x,2009,119.617
geo,sex_f,geo_cov_urb,mts_details_mrd,2009,263.009
geo,sex_f,geo_cov_urb,mts_details_mrd,2010,243.358
geo,sex_f,geo_cov_urb,mts_details_mrd,2011,237.851
geo,sex_f,geo_cov_urb,mts_details_mrd,2012,237.376
geo,sex_f,geo_cov_urb,mts_details_mrd,2013,251.553
geo,sex_f,geo_cov_urb,mts_details_mrd,2014,227.514
geo,sex_f,geo_cov_urb,mts_details_mrd,2015,226.492
geo,sex_f,geo_cov_urb,mts_details_mrd,2016,238.86
geo,sex_f,geo_cov_urb,mts_details_mrd,2017,236.953
geo,sex_f,geo_cov_urb,mts_details_mrd,2018,238.387
geo,sex_f,geo_cov_urb,mts_details_mrd,2020,228.808
geo,sex_f,geo_cov_urb,mts_details_sep,2009,17.007
geo,sex_f,geo_cov_urb,mts_details_sep,2010,14.759
geo,sex_f,geo_cov_urb,mts_details_sep,2011,14.359
geo,sex_f,geo_cov_urb,mts_details_sep,2012,14.047
geo,sex_f,geo_cov_urb,mts_details_sep,2013,13.686
geo,sex_f,geo_cov_urb,mts_details_sep,2014,16.393
geo,sex_f,geo_cov_urb,mts_details_sep,2015,13.909
geo,sex_f,geo_cov_urb,mts_details_sep,2016,12.991
geo,sex_f,geo_cov_urb,mts_details_sep,2017,19.844
geo,sex_f,geo_cov_urb,mts_details_sep,2018,20.081
geo,sex_f,geo_cov_urb,mts_details_sep,2020,23.867
geo,sex_f,geo_cov_urb,mts_details_sgle,2009,116.537
geo,sex_f,geo_cov_urb,mts_details_sgle,2010,118.514
geo,sex_f,geo_cov_urb,mts_details_sgle,2011,118.217
geo,sex_f,geo_cov_urb,mts_details_sgle,2012,106.014
geo,sex_f,geo_cov_urb,mts_details_sgle,2013,108.299
geo,sex_f,geo_cov_urb,mts_details_sgle,2014,104.019
geo,sex_f,geo_cov_urb,mts_details_sgle,2015,87.912
geo,sex_f,geo_cov_urb,mts_details_sgle,2016,85.577
geo,sex_f,geo_cov_urb,mts_details_sgle,2017,85.741
geo,sex_f,geo_cov_urb,mts_details_sgle,2018,94.381
geo,sex_f,geo_cov_urb,mts_details_sgle,2020,101.245
geo,sex_f,geo_cov_urb,mts_details_total,2009,516.169
geo,sex_f,geo_cov_urb,mts_details_total,2010,491.287
geo,sex_f,geo_cov_urb,mts_details_total,2011,489.231
geo,sex_f,geo_cov_urb,mts_details_total,2012,479.159
geo,sex_f,geo_cov_urb,mts_details_total,2013,486.582
geo,sex_f,geo_cov_urb,mts_details_total,2014,474.131
geo,sex_f,geo_cov_urb,mts_details_total,2015,453.046
geo,sex_f,geo_cov_urb,mts_details_total,2016,465.738
geo,sex_f,geo_cov_urb,mts_details_total,2017,476.892
geo,sex_f,geo_cov_urb,mts_details_total,2018,497.488
geo,sex_f,geo_cov_urb,mts_details_total,2020,487.683
geo,sex_f,geo_cov_urb,mts_details_union,2017,5.429
geo,sex_f,geo_cov_urb,mts_details_union,2018,5.187
geo,sex_f,geo_cov_urb,mts_details_union,2020,4.659
geo,sex_f,geo_cov_urb,mts_details_wid,2010,114.656
geo,sex_f,geo_cov_urb,mts_details_wid,2011,118.804
geo,sex_f,geo_cov_urb,mts_details_wid,2012,121.723
geo,sex_f,geo_cov_urb,mts_details_wid,2013,113.045
geo,sex_f,geo_cov_urb,mts_details_wid,2014,126.204
geo,sex_f,geo_cov_urb,mts_details_wid,2015,124.733
geo,sex_f,geo_cov_urb,mts_details_wid,2016,128.31
geo,sex_f,geo_cov_urb,mts_details_wid,2017,128.925
geo,sex_f,geo_cov_urb,mts_details_wid,2018,139.373
geo,sex_f,geo_cov_urb,mts_details_wid,2020,129.104
geo,sex_f,geo_cov_urb,mts_details_x,2009,119.617
geo,sex_m,geo_cov_nat,mts_aggregate_1,2009,157.792
geo,sex_m,geo_cov_nat,mts_aggregate_1,2010,183.666
geo,sex_m,geo_cov_nat,mts_aggregate_1,2011,170.515
geo,sex_m,geo_cov_nat,mts_aggregate_1,2012,167.029
geo,sex_m,geo_cov_nat,mts_aggregate_1,2013,165.15
geo,sex_m,geo_cov_nat,mts_aggregate_1,2014,158.864
geo,sex_m,geo_cov_nat,mts_aggregate_1,2015,160.896
geo,sex_m,geo_cov_nat,mts_aggregate_1,2016,156.22
geo,sex_m,geo_cov_nat,mts_aggregate_1,2017,182.551
geo,sex_m,geo_cov_nat,mts_aggregate_1,2018,192.947
geo,sex_m,geo_cov_nat,mts_aggregate_1,2020,191.662
geo,sex_m,geo_cov_nat,mts_aggregate_2,2009,148.042
geo,sex_m,geo_cov_nat,mts_aggregate_2,2010,144.479
geo,sex_m,geo_cov_nat,mts_aggregate_2,2011,132.725
geo,sex_m,geo_cov_nat,mts_aggregate_2,2012,111.46
geo,sex_m,geo_cov_nat,mts_aggregate_2,2013,118.069
geo,sex_m,geo_cov_nat,mts_aggregate_2,2014,122.78
geo,sex_m,geo_cov_nat,mts_aggregate_2,2015,115.968
geo,sex_m,geo_cov_nat,mts_aggregate_2,2016,115.239
geo,sex_m,geo_cov_nat,mts_aggregate_2,2017,173.977
geo,sex_m,geo_cov_nat,mts_aggregate_2,2018,178.136
geo,sex_m,geo_cov_nat,mts_aggregate_2,2020,186.934
geo,sex_m,geo_cov_nat,mts_aggregate_total,2009,338.585
geo,sex_m,geo_cov_nat,mts_aggregate_total,2010,328.145
geo,sex_m,geo_cov_nat,mts_aggregate_total,2011,303.24
geo,sex_m,geo_cov_nat,mts_aggregate_total,2012,278.489
geo,sex_m,geo_cov_nat,mts_aggregate_total,2013,283.219
geo,sex_m,geo_cov_nat,mts_aggregate_total,2014,281.644
geo,sex_m,geo_cov_nat,mts_aggregate_total,2015,276.864
geo,sex_m,geo_cov_nat,mts_aggregate_total,2016,271.459
geo,sex_m,geo_cov_nat,mts_aggregate_total,2017,356.528
geo,sex_m,geo_cov_nat,mts_aggregate_total,2018,371.211
geo,sex_m,geo_cov_nat,mts_aggregate_total,2020,378.595
geo,sex_m,geo_cov_nat,mts_aggregate_x,2009,32.751
geo,sex_m,geo_cov_nat,mts_details_mrd,2009,148.042
geo,sex_m,geo_cov_nat,mts_details_mrd,2010,144.479
geo,sex_m,geo_cov_nat,mts_details_mrd,2011,132.725
geo,sex_m,geo_cov_nat,mts_details_mrd,2012,111.46
geo,sex_m,geo_cov_nat,mts_details_mrd,2013,118.069
geo,sex_m,geo_cov_nat,mts_details_mrd,2014,122.78
geo,sex_m,geo_cov_nat,mts_details_mrd,2015,115.968
geo,sex_m,geo_cov_nat,mts_details_mrd,2016,115.239
geo,sex_m,geo_cov_nat,mts_details_mrd,2017,169.933
geo,sex_m,geo_cov_nat,mts_details_mrd,2018,175.073
geo,sex_m,geo_cov_nat,mts_details_mrd,2020,184.156
geo,sex_m,geo_cov_nat,mts_details_sep,2009,4.177
geo,sex_m,geo_cov_nat,mts_details_sep,2010,3.745
geo,sex_m,geo_cov_nat,mts_details_sep,2011,3.39
geo,sex_m,geo_cov_nat,mts_details_sep,2012,4.041
geo,sex_m,geo_cov_nat,mts_details_sep,2013,2.683
geo,sex_m,geo_cov_nat,mts_details_sep,2014,2.564
geo,sex_m,geo_cov_nat,mts_details_sep,2015,5.941
geo,sex_m,geo_cov_nat,mts_details_sep,2016,6.369
geo,sex_m,geo_cov_nat,mts_details_sep,2017,9.977
geo,sex_m,geo_cov_nat,mts_details_sep,2018,7.912
geo,sex_m,geo_cov_nat,mts_details_sep,2020,11.801
geo,sex_m,geo_cov_nat,mts_details_sgle,2009,153.616
geo,sex_m,geo_cov_nat,mts_details_sgle,2010,151.507
geo,sex_m,geo_cov_nat,mts_details_sgle,2011,141.507
geo,sex_m,geo_cov_nat,mts_details_sgle,2012,130.099
geo,sex_m,geo_cov_nat,mts_details_sgle,2013,133.427
geo,sex_m,geo_cov_nat,mts_details_sgle,2014,133.529
geo,sex_m,geo_cov_nat,mts_details_sgle,2015,129.273
geo,sex_m,geo_cov_nat,mts_details_sgle,2016,124.966
geo,sex_m,geo_cov_nat,mts_details_sgle,2017,144.121
geo,sex_m,geo_cov_nat,mts_details_sgle,2018,155.193
geo,sex_m,geo_cov_nat,mts_details_sgle,2020,152.391
geo,sex_m,geo_cov_nat,mts_details_total,2009,338.585
geo,sex_m,geo_cov_nat,mts_details_total,2010,328.145
geo,sex_m,geo_cov_nat,mts_details_total,2011,303.24
geo,sex_m,geo_cov_nat,mts_details_total,2012,278.489
geo,sex_m,geo_cov_nat,mts_details_total,2013,283.219
geo,sex_m,geo_cov_nat,mts_details_total,2014,281.644
geo,sex_m,geo_cov_nat,mts_details_total,2015,276.864
geo,sex_m,geo_cov_nat,mts_details_total,2016,271.459
geo,sex_m,geo_cov_nat,mts_details_total,2017,356.528
geo,sex_m,geo_cov_nat,mts_details_total,2018,371.211
geo,sex_m,geo_cov_nat,mts_details_total,2020,378.595
geo,sex_m,geo_cov_nat,mts_details_union,2017,4.044
geo,sex_m,geo_cov_nat,mts_details_union,2018,3.064
geo,sex_m,geo_cov_nat,mts_details_union,2020,2.778
geo,sex_m,geo_cov_nat,mts_details_wid,2010,28.414
geo,sex_m,geo_cov_nat,mts_details_wid,2011,25.618
geo,sex_m,geo_cov_nat,mts_details_wid,2012,32.889
geo,sex_m,geo_cov_nat,mts_details_wid,2013,29.041
geo,sex_m,geo_cov_nat,mts_details_wid,2014,22.771
geo,sex_m,geo_cov_nat,mts_details_wid,2015,25.682
geo,sex_m,geo_cov_nat,mts_details_wid,2016,24.885
geo,sex_m,geo_cov_nat,mts_details_wid,2017,28.454
geo,sex_m,geo_cov_nat,mts_details_wid,2018,29.842
geo,sex_m,geo_cov_nat,mts_details_wid,2020,27.469
geo,sex_m,geo_cov_nat,mts_details_x,2009,32.751
geo,sex_m,geo_cov_rur,mts_aggregate_1,2009,60.133
geo,sex_m,geo_cov_rur,mts_aggregate_1,2010,71.153
geo,sex_m,geo_cov_rur,mts_aggregate_1,2011,63.771
geo,sex_m,geo_cov_rur,mts_aggregate_1,2012,61.706
geo,sex_m,geo_cov_rur,mts_aggregate_1,2013,58.157
geo,sex_m,geo_cov_rur,mts_aggregate_1,2014,52.84
geo,sex_m,geo_cov_rur,mts_aggregate_1,2015,55.371
geo,sex_m,geo_cov_rur,mts_aggregate_1,2016,51.671
geo,sex_m,geo_cov_rur,mts_aggregate_1,2017,61.414
geo,sex_m,geo_cov_rur,mts_aggregate_1,2018,70.608
geo,sex_m,geo_cov_rur,mts_aggregate_1,2020,67.756
geo,sex_m,geo_cov_rur,mts_aggregate_2,2009,53.706
geo,sex_m,geo_cov_rur,mts_aggregate_2,2010,51.449
geo,sex_m,geo_cov_rur,mts_aggregate_2,2011,44.527
geo,sex_m,geo_cov_rur,mts_aggregate_2,2012,40.646
geo,sex_m,geo_cov_rur,mts_aggregate_2,2013,43.159
geo,sex_m,geo_cov_rur,mts_aggregate_2,2014,38.909
geo,sex_m,geo_cov_rur,mts_aggregate_2,2015,38.8
geo,sex_m,geo_cov_rur,mts_aggregate_2,2016,38.234
geo,sex_m,geo_cov_rur,mts_aggregate_2,2017,51.834
geo,sex_m,geo_cov_rur,mts_aggregate_2,2018,54.207
geo,sex_m,geo_cov_rur,mts_aggregate_2,2020,58.047
geo,sex_m,geo_cov_rur,mts_aggregate_total,2009,129.189
geo,sex_m,geo_cov_rur,mts_aggregate_total,2010,122.602
geo,sex_m,geo_cov_rur,mts_aggregate_total,2011,108.298
geo,sex_m,geo_cov_rur,mts_aggregate_total,2012,102.352
geo,sex_m,geo_cov_rur,mts_aggregate_total,2013,101.316
geo,sex_m,geo_cov_rur,mts_aggregate_total,2014,91.749
geo,sex_m,geo_cov_rur,mts_aggregate_total,2015,94.17
geo,sex_m,geo_cov_rur,mts_aggregate_total,2016,89.904
geo,sex_m,geo_cov_rur,mts_aggregate_total,2017,113.248
geo,sex_m,geo_cov_rur,mts_aggregate_total,2018,124.943
geo,sex_m,geo_cov_rur,mts_aggregate_total,2020,125.803
geo,sex_m,geo_cov_rur,mts_aggregate_x,2009,15.351
geo,sex_m,geo_cov_rur,mts_details_mrd,2009,53.706
geo,sex_m,geo_cov_rur,mts_details_mrd,2010,51.449
geo,sex_m,geo_cov_rur,mts_details_mrd,2011,44.527
geo,sex_m,geo_cov_rur,mts_details_mrd,2012,40.646
geo,sex_m,geo_cov_rur,mts_details_mrd,2013,43.159
geo,sex_m,geo_cov_rur,mts_details_mrd,2014,38.909
geo,sex_m,geo_cov_rur,mts_details_mrd,2015,38.8
geo,sex_m,geo_cov_rur,mts_details_mrd,2016,38.234
geo,sex_m,geo_cov_rur,mts_details_mrd,2017,49.528
geo,sex_m,geo_cov_rur,mts_details_mrd,2018,52.516
geo,sex_m,geo_cov_rur,mts_details_mrd,2020,56.416
geo,sex_m,geo_cov_rur,mts_details_sep,2009,0.846
geo,sex_m,geo_cov_rur,mts_details_sep,2010,1.127
geo,sex_m,geo_cov_rur,mts_details_sep,2011,1.577
geo,sex_m,geo_cov_rur,mts_details_sep,2012,1.277
geo,sex_m,geo_cov_rur,mts_details_sep,2013,1.193
geo,sex_m,geo_cov_rur,mts_details_sep,2014,1.18
geo,sex_m,geo_cov_rur,mts_details_sep,2015,2.115
geo,sex_m,geo_cov_rur,mts_details_sep,2016,1.969
geo,sex_m,geo_cov_rur,mts_details_sep,2017,2.549
geo,sex_m,geo_cov_rur,mts_details_sep,2018,2.629
geo,sex_m,geo_cov_rur,mts_details_sep,2020,3.387
geo,sex_m,geo_cov_rur,mts_details_sgle,2009,59.287
geo,sex_m,geo_cov_rur,mts_details_sgle,2010,56.501
geo,sex_m,geo_cov_rur,mts_details_sgle,2011,51.234
geo,sex_m,geo_cov_rur,mts_details_sgle,2012,47.758
geo,sex_m,geo_cov_rur,mts_details_sgle,2013,46.426
geo,sex_m,geo_cov_rur,mts_details_sgle,2014,41.317
geo,sex_m,geo_cov_rur,mts_details_sgle,2015,39.483
geo,sex_m,geo_cov_rur,mts_details_sgle,2016,39.143
geo,sex_m,geo_cov_rur,mts_details_sgle,2017,45.365
geo,sex_m,geo_cov_rur,mts_details_sgle,2018,52.992
geo,sex_m,geo_cov_rur,mts_details_sgle,2020,51.119
geo,sex_m,geo_cov_rur,mts_details_total,2009,129.189
geo,sex_m,geo_cov_rur,mts_details_total,2010,122.602
geo,sex_m,geo_cov_rur,mts_details_total,2011,108.298
geo,sex_m,geo_cov_rur,mts_details_total,2012,102.352
geo,sex_m,geo_cov_rur,mts_details_total,2013,101.316
geo,sex_m,geo_cov_rur,mts_details_total,2014,91.749
geo,sex_m,geo_cov_rur,mts_details_total,2015,94.17
geo,sex_m,geo_cov_rur,mts_details_total,2016,89.904
geo,sex_m,geo_cov_rur,mts_details_total,2017,113.248
geo,sex_m,geo_cov_rur,mts_details_total,2018,124.943
geo,sex_m,geo_cov_rur,mts_details_total,2020,125.803
geo,sex_m,geo_cov_rur,mts_details_union,2017,2.306
geo,sex_m,geo_cov_rur,mts_details_union,2018,1.691
geo,sex_m,geo_cov_rur,mts_details_union,2020,1.631
geo,sex_m,geo_cov_rur,mts_details_wid,2010,13.525
geo,sex_m,geo_cov_rur,mts_details_wid,2011,10.96
geo,sex_m,geo_cov_rur,mts_details_wid,2012,12.672
geo,sex_m,geo_cov_rur,mts_details_wid,2013,10.538
geo,sex_m,geo_cov_rur,mts_details_wid,2014,10.343
geo,sex_m,geo_cov_rur,mts_details_wid,2015,13.773
geo,sex_m,geo_cov_rur,mts_details_wid,2016,10.559
geo,sex_m,geo_cov_rur,mts_details_wid,2017,13.501
geo,sex_m,geo_cov_rur,mts_details_wid,2018,14.988
geo,sex_m,geo_cov_rur,mts_details_wid,2020,13.25
geo,sex_m,geo_cov_rur,mts_details_x,2009,15.351
geo,sex_m,geo_cov_urb,mts_aggregate_1,2009,97.659
geo,sex_m,geo_cov_urb,mts_aggregate_1,2010,112.513
geo,sex_m,geo_cov_urb,mts_aggregate_1,2011,106.744
geo,sex_m,geo_cov_urb,mts_aggregate_1,2012,105.323
geo,sex_m,geo_cov_urb,mts_aggregate_1,2013,106.994
geo,sex_m,geo_cov_urb,mts_aggregate_1,2014,106.024
geo,sex_m,geo_cov_urb,mts_aggregate_1,2015,105.525
geo,sex_m,geo_cov_urb,mts_aggregate_1,2016,104.549
geo,sex_m,geo_cov_urb,mts_aggregate_1,2017,121.137
geo,sex_m,geo_cov_urb,mts_aggregate_1,2018,122.338
geo,sex_m,geo_cov_urb,mts_aggregate_1,2020,123.905
geo,sex_m,geo_cov_urb,mts_aggregate_2,2009,94.336
geo,sex_m,geo_cov_urb,mts_aggregate_2,2010,93.03
geo,sex_m,geo_cov_urb,mts_aggregate_2,2011,88.198
geo,sex_m,geo_cov_urb,mts_aggregate_2,2012,70.814
geo,sex_m,geo_cov_urb,mts_aggregate_2,2013,74.909
geo,sex_m,geo_cov_urb,mts_aggregate_2,2014,83.871
geo,sex_m,geo_cov_urb,mts_aggregate_2,2015,77.168
geo,sex_m,geo_cov_urb,mts_aggregate_2,2016,77.006
geo,sex_m,geo_cov_urb,mts_aggregate_2,2017,122.143
geo,sex_m,geo_cov_urb,mts_aggregate_2,2018,123.929
geo,sex_m,geo_cov_urb,mts_aggregate_2,2020,128.887
geo,sex_m,geo_cov_urb,mts_aggregate_total,2009,209.396
geo,sex_m,geo_cov_urb,mts_aggregate_total,2010,205.543
geo,sex_m,geo_cov_urb,mts_aggregate_total,2011,194.941
geo,sex_m,geo_cov_urb,mts_aggregate_total,2012,176.137
geo,sex_m,geo_cov_urb,mts_aggregate_total,2013,181.903
geo,sex_m,geo_cov_urb,mts_aggregate_total,2014,189.896
geo,sex_m,geo_cov_urb,mts_aggregate_total,2015,182.694
geo,sex_m,geo_cov_urb,mts_aggregate_total,2016,181.555
geo,sex_m,geo_cov_urb,mts_aggregate_total,2017,243.28
geo,sex_m,geo_cov_urb,mts_aggregate_total,2018,246.267
geo,sex_m,geo_cov_urb,mts_aggregate_total,2020,252.792
geo,sex_m,geo_cov_urb,mts_aggregate_x,2009,17.4
geo,sex_m,geo_cov_urb,mts_details_mrd,2009,94.336
geo,sex_m,geo_cov_urb,mts_details_mrd,2010,93.03
geo,sex_m,geo_cov_urb,mts_details_mrd,2011,88.198
geo,sex_m,geo_cov_urb,mts_details_mrd,2012,70.814
geo,sex_m,geo_cov_urb,mts_details_mrd,2013,74.909
geo,sex_m,geo_cov_urb,mts_details_mrd,2014,83.871
geo,sex_m,geo_cov_urb,mts_details_mrd,2015,77.168
geo,sex_m,geo_cov_urb,mts_details_mrd,2016,77.006
geo,sex_m,geo_cov_urb,mts_details_mrd,2017,120.406
geo,sex_m,geo_cov_urb,mts_details_mrd,2018,122.556
geo,sex_m,geo_cov_urb,mts_details_mrd,2020,127.74
geo,sex_m,geo_cov_urb,mts_details_sep,2009,3.331
geo,sex_m,geo_cov_urb,mts_details_sep,2010,2.618
geo,sex_m,geo_cov_urb,mts_details_sep,2011,1.813
geo,sex_m,geo_cov_urb,mts_details_sep,2012,2.764
geo,sex_m,geo_cov_urb,mts_details_sep,2013,1.49
geo,sex_m,geo_cov_urb,mts_details_sep,2014,1.385
geo,sex_m,geo_cov_urb,mts_details_sep,2015,3.826
geo,sex_m,geo_cov_urb,mts_details_sep,2016,4.4
geo,sex_m,geo_cov_urb,mts_details_sep,2017,7.428
geo,sex_m,geo_cov_urb,mts_details_sep,2018,5.284
geo,sex_m,geo_cov_urb,mts_details_sep,2020,8.414
geo,sex_m,geo_cov_urb,mts_details_sgle,2009,94.328
geo,sex_m,geo_cov_urb,mts_details_sgle,2010,95.007
geo,sex_m,geo_cov_urb,mts_details_sgle,2011,90.273
geo,sex_m,geo_cov_urb,mts_details_sgle,2012,82.341
geo,sex_m,geo_cov_urb,mts_details_sgle,2013,87.001
geo,sex_m,geo_cov_urb,mts_details_sgle,2014,92.212
geo,sex_m,geo_cov_urb,mts_details_sgle,2015,89.79
geo,sex_m,geo_cov_urb,mts_details_sgle,2016,85.823
geo,sex_m,geo_cov_urb,mts_details_sgle,2017,98.756
geo,sex_m,geo_cov_urb,mts_details_sgle,2018,102.201
geo,sex_m,geo_cov_urb,mts_details_sgle,2020,101.272
geo,sex_m,geo_cov_urb,mts_details_total,2009,209.396
geo,sex_m,geo_cov_urb,mts_details_total,2010,205.543
geo,sex_m,geo_cov_urb,mts_details_total,2011,194.941
geo,sex_m,geo_cov_urb,mts_details_total,2012,176.137
geo,sex_m,geo_cov_urb,mts_details_total,2013,181.903
geo,sex_m,geo_cov_urb,mts_details_total,2014,189.896
geo,sex_m,geo_cov_urb,mts_details_total,2015,182.694
geo,sex_m,geo_cov_urb,mts_details_total,2016,181.555
geo,sex_m,geo_cov_urb,mts_details_total,2017,243.28
geo,sex_m,geo_cov_urb,mts_details_total,2018,246.267
geo,sex_m,geo_cov_urb,mts_details_total,2020,252.792
geo,sex_m,geo_cov_urb,mts_details_union,2017,1.738
geo,sex_m,geo_cov_urb,mts_details_union,2018,1.373
geo,sex_m,geo_cov_urb,mts_details_union,2020,1.146
geo,sex_m,geo_cov_urb,mts_details_wid,2010,14.889
geo,sex_m,geo_cov_urb,mts_details_wid,2011,14.658
geo,sex_m,geo_cov_urb,mts_details_wid,2012,20.218
geo,sex_m,geo_cov_urb,mts_details_wid,2013,18.503
geo,sex_m,geo_cov_urb,mts_details_wid,2014,12.427
geo,sex_m,geo_cov_urb,mts_details_wid,2015,11.909
geo,sex_m,geo_cov_urb,mts_details_wid,2016,14.326
geo,sex_m,geo_cov_urb,mts_details_wid,2017,14.953
geo,sex_m,geo_cov_urb,mts_details_wid,2018,14.854
geo,sex_m,geo_cov_urb,mts_details_wid,2020,14.22
geo,sex_m,geo_cov_urb,mts_details_x,2009,17.4
geo,sex_t,geo_cov_nat,mts_aggregate_1,2009,360.063
geo,sex_t,geo_cov_nat,mts_aggregate_1,2010,560.479
geo,sex_t,geo_cov_nat,mts_aggregate_1,2011,553.642
geo,sex_t,geo_cov_nat,mts_aggregate_1,2012,531.625
geo,sex_t,geo_cov_nat,mts_aggregate_1,2013,516.795
geo,sex_t,geo_cov_nat,mts_aggregate_1,2014,517.717
geo,sex_t,geo_cov_nat,mts_aggregate_1,2015,496.324
geo,sex_t,geo_cov_nat,mts_aggregate_1,2016,485.353
geo,sex_t,geo_cov_nat,mts_aggregate_1,2017,524.228
geo,sex_t,geo_cov_nat,mts_aggregate_1,2018,567.281
geo,sex_t,geo_cov_nat,mts_aggregate_1,2020,571.115
geo,sex_t,geo_cov_nat,mts_aggregate_2,2009,537.146
geo,sex_t,geo_cov_nat,mts_aggregate_2,2010,514.307
geo,sex_t,geo_cov_nat,mts_aggregate_2,2011,489.589
geo,sex_t,geo_cov_nat,mts_aggregate_2,2012,460.336
geo,sex_t,geo_cov_nat,mts_aggregate_2,2013,480.791
geo,sex_t,geo_cov_nat,mts_aggregate_2,2014,461.593
geo,sex_t,geo_cov_nat,mts_aggregate_2,2015,446.206
geo,sex_t,geo_cov_nat,mts_aggregate_2,2016,464.887
geo,sex_t,geo_cov_nat,mts_aggregate_2,2017,505.011
geo,sex_t,geo_cov_nat,mts_aggregate_2,2018,526.768
geo,sex_t,geo_cov_nat,mts_aggregate_2,2020,533.689
geo,sex_t,geo_cov_nat,mts_aggregate_total,2009,1114
geo,sex_t,geo_cov_nat,mts_aggregate_total,2010,1074.786
geo,sex_t,geo_cov_nat,mts_aggregate_total,2011,1043.232
geo,sex_t,geo_cov_nat,mts_aggregate_total,2012,991.961
geo,sex_t,geo_cov_nat,mts_aggregate_total,2013,997.586
geo,sex_t,geo_cov_nat,mts_aggregate_total,2014,979.31
geo,sex_t,geo_cov_nat,mts_aggregate_total,2015,942.529
geo,sex_t,geo_cov_nat,mts_aggregate_total,2016,950.24
geo,sex_t,geo_cov_nat,mts_aggregate_total,2017,1029.239
geo,sex_t,geo_cov_nat,mts_aggregate_total,2018,1094.335
geo,sex_t,geo_cov_nat,mts_aggregate_total,2020,1104.803
geo,sex_t,geo_cov_nat,mts_aggregate_x,2009,216.791
geo,sex_t,geo_cov_nat,mts_aggregate_x,2018,0.286
geo,sex_t,geo_cov_nat,mts_details_mrd,2009,537.146
geo,sex_t,geo_cov_nat,mts_details_mrd,2010,514.307
geo,sex_t,geo_cov_nat,mts_details_mrd,2011,489.589
geo,sex_t,geo_cov_nat,mts_details_mrd,2012,460.336
geo,sex_t,geo_cov_nat,mts_details_mrd,2013,480.791
geo,sex_t,geo_cov_nat,mts_details_mrd,2014,461.593
geo,sex_t,geo_cov_nat,mts_details_mrd,2015,446.206
geo,sex_t,geo_cov_nat,mts_details_mrd,2016,464.887
geo,sex_t,geo_cov_nat,mts_details_mrd,2017,489.46
geo,sex_t,geo_cov_nat,mts_details_mrd,2018,512.922
geo,sex_t,geo_cov_nat,mts_details_mrd,2020,520.856
geo,sex_t,geo_cov_nat,mts_details_sep,2009,24.284
geo,sex_t,geo_cov_nat,mts_details_sep,2010,21.175
geo,sex_t,geo_cov_nat,mts_details_sep,2011,20.258
geo,sex_t,geo_cov_nat,mts_details_sep,2012,20.641
geo,sex_t,geo_cov_nat,mts_details_sep,2013,19.531
geo,sex_t,geo_cov_nat,mts_details_sep,2014,22.374
geo,sex_t,geo_cov_nat,mts_details_sep,2015,24.146
geo,sex_t,geo_cov_nat,mts_details_sep,2016,22.965
geo,sex_t,geo_cov_nat,mts_details_sep,2017,33.447
geo,sex_t,geo_cov_nat,mts_details_sep,2018,31.506
geo,sex_t,geo_cov_nat,mts_details_sep,2020,40.29
geo,sex_t,geo_cov_nat,mts_details_sgle,2009,335.778
geo,sex_t,geo_cov_nat,mts_details_sgle,2010,332.801
geo,sex_t,geo_cov_nat,mts_details_sgle,2011,322.332
geo,sex_t,geo_cov_nat,mts_details_sgle,2012,293.267
geo,sex_t,geo_cov_nat,mts_details_sgle,2013,295.884
geo,sex_t,geo_cov_nat,mts_details_sgle,2014,287.463
geo,sex_t,geo_cov_nat,mts_details_sgle,2015,262.194
geo,sex_t,geo_cov_nat,mts_details_sgle,2016,256.566
geo,sex_t,geo_cov_nat,mts_details_sgle,2017,271.559
geo,sex_t,geo_cov_nat,mts_details_sgle,2018,297.899
geo,sex_t,geo_cov_nat,mts_details_sgle,2020,305.107
geo,sex_t,geo_cov_nat,mts_details_total,2009,1114
geo,sex_t,geo_cov_nat,mts_details_total,2010,1074.786
geo,sex_t,geo_cov_nat,mts_details_total,2011,1043.232
geo,sex_t,geo_cov_nat,mts_details_total,2012,991.961
geo,sex_t,geo_cov_nat,mts_details_total,2013,997.586
geo,sex_t,geo_cov_nat,mts_details_total,2014,979.31
geo,sex_t,geo_cov_nat,mts_details_total,2015,942.529
geo,sex_t,geo_cov_nat,mts_details_total,2016,950.24
geo,sex_t,geo_cov_nat,mts_details_total,2017,1029.239
geo,sex_t,geo_cov_nat,mts_details_total,2018,1094.335
geo,sex_t,geo_cov_nat,mts_details_total,2020,1104.803
geo,sex_t,geo_cov_nat,mts_details_union,2017,15.551
geo,sex_t,geo_cov_nat,mts_details_union,2018,13.847
geo,sex_t,geo_cov_nat,mts_details_union,2020,12.833
geo,sex_t,geo_cov_nat,mts_details_wid,2010,206.503
geo,sex_t,geo_cov_nat,mts_details_wid,2011,211.053
geo,sex_t,geo_cov_nat,mts_details_wid,2012,217.717
geo,sex_t,geo_cov_nat,mts_details_wid,2013,201.379
geo,sex_t,geo_cov_nat,mts_details_wid,2014,207.88
geo,sex_t,geo_cov_nat,mts_details_wid,2015,209.984
geo,sex_t,geo_cov_nat,mts_details_wid,2016,205.822
geo,sex_t,geo_cov_nat,mts_details_wid,2017,219.223
geo,sex_t,geo_cov_nat,mts_details_wid,2018,237.876
geo,sex_t,geo_cov_nat,mts_details_wid,2020,225.718
geo,sex_t,geo_cov_nat,mts_details_x,2009,216.791
geo,sex_t,geo_cov_nat,mts_details_x,2018,0.286
geo,sex_t,geo_cov_rur,mts_aggregate_1,2009,128.859
geo,sex_t,geo_cov_rur,mts_aggregate_1,2010,200.038
geo,sex_t,geo_cov_rur,mts_aggregate_1,2011,195.518
geo,sex_t,geo_cov_rur,mts_aggregate_1,2012,184.519
geo,sex_t,geo_cov_rur,mts_aggregate_1,2013,174.772
geo,sex_t,geo_cov_rur,mts_aggregate_1,2014,165.076
geo,sex_t,geo_cov_rur,mts_aggregate_1,2015,164.244
geo,sex_t,geo_cov_rur,mts_aggregate_1,2016,153.926
geo,sex_t,geo_cov_rur,mts_aggregate_1,2017,168.581
geo,sex_t,geo_cov_rur,mts_aggregate_1,2018,191.108
geo,sex_t,geo_cov_rur,mts_aggregate_1,2020,192.994
geo,sex_t,geo_cov_rur,mts_aggregate_2,2009,179.801
geo,sex_t,geo_cov_rur,mts_aggregate_2,2010,177.919
geo,sex_t,geo_cov_rur,mts_aggregate_2,2011,163.54
geo,sex_t,geo_cov_rur,mts_aggregate_2,2012,152.146
geo,sex_t,geo_cov_rur,mts_aggregate_2,2013,154.328
geo,sex_t,geo_cov_rur,mts_aggregate_2,2014,150.207
geo,sex_t,geo_cov_rur,mts_aggregate_2,2015,142.546
geo,sex_t,geo_cov_rur,mts_aggregate_2,2016,149.021
geo,sex_t,geo_cov_rur,mts_aggregate_2,2017,140.486
geo,sex_t,geo_cov_rur,mts_aggregate_2,2018,159.265
geo,sex_t,geo_cov_rur,mts_aggregate_2,2020,171.335
geo,sex_t,geo_cov_rur,mts_aggregate_total,2009,388.435
geo,sex_t,geo_cov_rur,mts_aggregate_total,2010,377.957
geo,sex_t,geo_cov_rur,mts_aggregate_total,2011,359.059
geo,sex_t,geo_cov_rur,mts_aggregate_total,2012,336.665
geo,sex_t,geo_cov_rur,mts_aggregate_total,2013,329.1
geo,sex_t,geo_cov_rur,mts_aggregate_total,2014,315.284
geo,sex_t,geo_cov_rur,mts_aggregate_total,2015,306.79
geo,sex_t,geo_cov_rur,mts_aggregate_total,2016,302.947
geo,sex_t,geo_cov_rur,mts_aggregate_total,2017,309.068
geo,sex_t,geo_cov_rur,mts_aggregate_total,2018,350.58
geo,sex_t,geo_cov_rur,mts_aggregate_total,2020,364.329
geo,sex_t,geo_cov_rur,mts_aggregate_x,2009,79.774
geo,sex_t,geo_cov_rur,mts_aggregate_x,2018,0.206
geo,sex_t,geo_cov_rur,mts_details_mrd,2009,179.801
geo,sex_t,geo_cov_rur,mts_details_mrd,2010,177.919
geo,sex_t,geo_cov_rur,mts_details_mrd,2011,163.54
geo,sex_t,geo_cov_rur,mts_details_mrd,2012,152.146
geo,sex_t,geo_cov_rur,mts_details_mrd,2013,154.328
geo,sex_t,geo_cov_rur,mts_details_mrd,2014,150.207
geo,sex_t,geo_cov_rur,mts_details_mrd,2015,142.546
geo,sex_t,geo_cov_rur,mts_details_mrd,2016,149.021
geo,sex_t,geo_cov_rur,mts_details_mrd,2017,132.102
geo,sex_t,geo_cov_rur,mts_details_mrd,2018,151.978
geo,sex_t,geo_cov_rur,mts_details_mrd,2020,164.307
geo,sex_t,geo_cov_rur,mts_details_sep,2009,3.946
geo,sex_t,geo_cov_rur,mts_details_sep,2010,3.799
geo,sex_t,geo_cov_rur,mts_details_sep,2011,4.086
geo,sex_t,geo_cov_rur,mts_details_sep,2012,3.831
geo,sex_t,geo_cov_rur,mts_details_sep,2013,4.356
geo,sex_t,geo_cov_rur,mts_details_sep,2014,4.597
geo,sex_t,geo_cov_rur,mts_details_sep,2015,6.411
geo,sex_t,geo_cov_rur,mts_details_sep,2016,5.574
geo,sex_t,geo_cov_rur,mts_details_sep,2017,6.175
geo,sex_t,geo_cov_rur,mts_details_sep,2018,6.142
geo,sex_t,geo_cov_rur,mts_details_sep,2020,8.009
geo,sex_t,geo_cov_rur,mts_details_sgle,2009,124.913
geo,sex_t,geo_cov_rur,mts_details_sgle,2010,119.28
geo,sex_t,geo_cov_rur,mts_details_sgle,2011,113.841
geo,sex_t,geo_cov_rur,mts_details_sgle,2012,104.912
geo,sex_t,geo_cov_rur,mts_details_sgle,2013,100.585
geo,sex_t,geo_cov_rur,mts_details_sgle,2014,91.231
geo,sex_t,geo_cov_rur,mts_details_sgle,2015,84.492
geo,sex_t,geo_cov_rur,mts_details_sgle,2016,85.166
geo,sex_t,geo_cov_rur,mts_details_sgle,2017,87.062
geo,sex_t,geo_cov_rur,mts_details_sgle,2018,101.318
geo,sex_t,geo_cov_rur,mts_details_sgle,2020,102.59
geo,sex_t,geo_cov_rur,mts_details_total,2009,388.435
geo,sex_t,geo_cov_rur,mts_details_total,2010,377.957
geo,sex_t,geo_cov_rur,mts_details_total,2011,359.059
geo,sex_t,geo_cov_rur,mts_details_total,2012,336.665
geo,sex_t,geo_cov_rur,mts_details_total,2013,329.1
geo,sex_t,geo_cov_rur,mts_details_total,2014,315.284
geo,sex_t,geo_cov_rur,mts_details_total,2015,306.79
geo,sex_t,geo_cov_rur,mts_details_total,2016,302.947
geo,sex_t,geo_cov_rur,mts_details_total,2017,309.068
geo,sex_t,geo_cov_rur,mts_details_total,2018,350.58
geo,sex_t,geo_cov_rur,mts_details_total,2020,364.329
geo,sex_t,geo_cov_rur,mts_details_union,2017,8.384
geo,sex_t,geo_cov_rur,mts_details_union,2018,7.287
geo,sex_t,geo_cov_rur,mts_details_union,2020,7.028
geo,sex_t,geo_cov_rur,mts_details_wid,2010,76.959
geo,sex_t,geo_cov_rur,mts_details_wid,2011,77.591
geo,sex_t,geo_cov_rur,mts_details_wid,2012,75.776
geo,sex_t,geo_cov_rur,mts_details_wid,2013,69.831
geo,sex_t,geo_cov_rur,mts_details_wid,2014,69.249
geo,sex_t,geo_cov_rur,mts_details_wid,2015,73.341
geo,sex_t,geo_cov_rur,mts_details_wid,2016,63.186
geo,sex_t,geo_cov_rur,mts_details_wid,2017,75.345
geo,sex_t,geo_cov_rur,mts_details_wid,2018,83.648
geo,sex_t,geo_cov_rur,mts_details_wid,2020,82.395
geo,sex_t,geo_cov_rur,mts_details_x,2009,79.774
geo,sex_t,geo_cov_rur,mts_details_x,2018,0.206
geo,sex_t,geo_cov_urb,mts_aggregate_1,2009,231.203
geo,sex_t,geo_cov_urb,mts_aggregate_1,2010,360.441
geo,sex_t,geo_cov_urb,mts_aggregate_1,2011,358.124
geo,sex_t,geo_cov_urb,mts_aggregate_1,2012,347.106
geo,sex_t,geo_cov_urb,mts_aggregate_1,2013,342.023
geo,sex_t,geo_cov_urb,mts_aggregate_1,2014,352.641
geo,sex_t,geo_cov_urb,mts_aggregate_1,2015,332.08
geo,sex_t,geo_cov_urb,mts_aggregate_1,2016,331.427
geo,sex_t,geo_cov_urb,mts_aggregate_1,2017,355.647
geo,sex_t,geo_cov_urb,mts_aggregate_1,2018,376.173
geo,sex_t,geo_cov_urb,mts_aggregate_1,2020,378.121
geo,sex_t,geo_cov_urb,mts_aggregate_2,2009,357.345
geo,sex_t,geo_cov_urb,mts_aggregate_2,2010,336.388
geo,sex_t,geo_cov_urb,mts_aggregate_2,2011,326.049
geo,sex_t,geo_cov_urb,mts_aggregate_2,2012,308.19
geo,sex_t,geo_cov_urb,mts_aggregate_2,2013,326.463
geo,sex_t,geo_cov_urb,mts_aggregate_2,2014,311.386
geo,sex_t,geo_cov_urb,mts_aggregate_2,2015,303.66
geo,sex_t,geo_cov_urb,mts_aggregate_2,2016,315.866
geo,sex_t,geo_cov_urb,mts_aggregate_2,2017,364.525
geo,sex_t,geo_cov_urb,mts_aggregate_2,2018,367.503
geo,sex_t,geo_cov_urb,mts_aggregate_2,2020,362.354
geo,sex_t,geo_cov_urb,mts_aggregate_total,2009,725.565
geo,sex_t,geo_cov_urb,mts_aggregate_total,2010,696.829
geo,sex_t,geo_cov_urb,mts_aggregate_total,2011,684.173
geo,sex_t,geo_cov_urb,mts_aggregate_total,2012,655.296
geo,sex_t,geo_cov_urb,mts_aggregate_total,2013,668.486
geo,sex_t,geo_cov_urb,mts_aggregate_total,2014,664.026
geo,sex_t,geo_cov_urb,mts_aggregate_total,2015,635.739
geo,sex_t,geo_cov_urb,mts_aggregate_total,2016,647.292
geo,sex_t,geo_cov_urb,mts_aggregate_total,2017,720.172
geo,sex_t,geo_cov_urb,mts_aggregate_total,2018,743.755
geo,sex_t,geo_cov_urb,mts_aggregate_total,2020,740.474
geo,sex_t,geo_cov_urb,mts_aggregate_x,2009,137.017
geo,sex_t,geo_cov_urb,mts_details_mrd,2009,357.345
geo,sex_t,geo_cov_urb,mts_details_mrd,2010,336.388
geo,sex_t,geo_cov_urb,mts_details_mrd,2011,326.049
geo,sex_t,geo_cov_urb,mts_details_mrd,2012,308.19
geo,sex_t,geo_cov_urb,mts_details_mrd,2013,326.463
geo,sex_t,geo_cov_urb,mts_details_mrd,2014,311.386
geo,sex_t,geo_cov_urb,mts_details_mrd,2015,303.66
geo,sex_t,geo_cov_urb,mts_details_mrd,2016,315.866
geo,sex_t,geo_cov_urb,mts_details_mrd,2017,357.359
geo,sex_t,geo_cov_urb,mts_details_mrd,2018,360.944
geo,sex_t,geo_cov_urb,mts_details_mrd,2020,356.549
geo,sex_t,geo_cov_urb,mts_details_sep,2009,20.338
geo,sex_t,geo_cov_urb,mts_details_sep,2010,17.376
geo,sex_t,geo_cov_urb,mts_details_sep,2011,16.172
geo,sex_t,geo_cov_urb,mts_details_sep,2012,16.81
geo,sex_t,geo_cov_urb,mts_details_sep,2013,15.176
geo,sex_t,geo_cov_urb,mts_details_sep,2014,17.778
geo,sex_t,geo_cov_urb,mts_details_sep,2015,17.735
geo,sex_t,geo_cov_urb,mts_details_sep,2016,17.391
geo,sex_t,geo_cov_urb,mts_details_sep,2017,27.272
geo,sex_t,geo_cov_urb,mts_details_sep,2018,25.364
geo,sex_t,geo_cov_urb,mts_details_sep,2020,32.281
geo,sex_t,geo_cov_urb,mts_details_sgle,2009,210.865
geo,sex_t,geo_cov_urb,mts_details_sgle,2010,213.521
geo,sex_t,geo_cov_urb,mts_details_sgle,2011,208.49
geo,sex_t,geo_cov_urb,mts_details_sgle,2012,188.355
geo,sex_t,geo_cov_urb,mts_details_sgle,2013,195.299
geo,sex_t,geo_cov_urb,mts_details_sgle,2014,196.231
geo,sex_t,geo_cov_urb,mts_details_sgle,2015,177.702
geo,sex_t,geo_cov_urb,mts_details_sgle,2016,171.4
geo,sex_t,geo_cov_urb,mts_details_sgle,2017,184.497
geo,sex_t,geo_cov_urb,mts_details_sgle,2018,196.581
geo,sex_t,geo_cov_urb,mts_details_sgle,2020,202.517
geo,sex_t,geo_cov_urb,mts_details_total,2009,725.565
geo,sex_t,geo_cov_urb,mts_details_total,2010,696.829
geo,sex_t,geo_cov_urb,mts_details_total,2011,684.173
geo,sex_t,geo_cov_urb,mts_details_total,2012,655.296
geo,sex_t,geo_cov_urb,mts_details_total,2013,668.486
geo,sex_t,geo_cov_urb,mts_details_total,2014,664.026
geo,sex_t,geo_cov_urb,mts_details_total,2015,635.739
geo,sex_t,geo_cov_urb,mts_details_total,2016,647.292
geo,sex_t,geo_cov_urb,mts_details_total,2017,720.172
geo,sex_t,geo_cov_urb,mts_details_total,2018,743.755
geo,sex_t,geo_cov_urb,mts_details_total,2020,740.474
geo,sex_t,geo_cov_urb,mts_details_union,2017,7.167
geo,sex_t,geo_cov_urb,mts_details_union,2018,6.56
geo,sex_t,geo_cov_urb,mts_details_union,2020,5.805
geo,sex_t,geo_cov_urb,mts_details_wid,2010,129.544
geo,sex_t,geo_cov_urb,mts_details_wid,2011,133.462
geo,sex_t,geo_cov_urb,mts_details_wid,2012,141.941
geo,sex_t,geo_cov_urb,mts_details_wid,2013,131.548
geo,sex_t,geo_cov_urb,mts_details_wid,2014,138.631
geo,sex_t,geo_cov_urb,mts_details_wid,2015,136.642
geo,sex_t,geo_cov_urb,mts_details_wid,2016,142.636
geo,sex_t,geo_cov_urb,mts_details_wid,2017,143.878
geo,sex_t,geo_cov_urb,mts_details_wid,2018,154.227
geo,sex_t,geo_cov_urb,mts_details_wid,2020,143.323
geo,sex_t,geo_cov_urb,mts_details_x,2009,137.017
gha,sex_f,geo_cov_nat,mts_aggregate_1,2000,989.94
gha,sex_f,geo_cov_nat,mts_aggregate_1,2006,1589.754
gha,sex_f,geo_cov_nat,mts_aggregate_1,2010,1722.8
gha,sex_f,geo_cov_nat,mts_aggregate_1,2013,1643.506
gha,sex_f,geo_cov_nat,mts_aggregate_1,2015,1559.41
gha,sex_f,geo_cov_nat,mts_aggregate_1,2017,1994.588
gha,sex_f,geo_cov_nat,mts_aggregate_2,2000,561.55
gha,sex_f,geo_cov_nat,mts_aggregate_2,2006,646.39
gha,sex_f,geo_cov_nat,mts_aggregate_2,2010,715.63
gha,sex_f,geo_cov_nat,mts_aggregate_2,2013,642.131
gha,sex_f,geo_cov_nat,mts_aggregate_2,2015,1100.087
gha,sex_f,geo_cov_nat,mts_aggregate_2,2017,857.934
gha,sex_f,geo_cov_nat,mts_aggregate_total,2000,1551.49
gha,sex_f,geo_cov_nat,mts_aggregate_total,2006,2237.006
gha,sex_f,geo_cov_nat,mts_aggregate_total,2010,2438.43
gha,sex_f,geo_cov_nat,mts_aggregate_total,2013,2285.637
gha,sex_f,geo_cov_nat,mts_aggregate_total,2015,2659.497
gha,sex_f,geo_cov_nat,mts_aggregate_total,2017,2852.521
gha,sex_f,geo_cov_nat,mts_details_mrd,2000,490.35
gha,sex_f,geo_cov_nat,mts_details_mrd,2006,524.43
gha,sex_f,geo_cov_nat,mts_details_mrd,2010,625.3
gha,sex_f,geo_cov_nat,mts_details_mrd,2013,502.222
gha,sex_f,geo_cov_nat,mts_details_mrd,2015,864.074
gha,sex_f,geo_cov_nat,mts_details_mrd,2017,689.797
gha,sex_f,geo_cov_nat,mts_details_sep,2000,90.55
gha,sex_f,geo_cov_nat,mts_details_sep,2006,109.38
gha,sex_f,geo_cov_nat,mts_details_sep,2010,118.77
gha,sex_f,geo_cov_nat,mts_details_sep,2013,108.622
gha,sex_f,geo_cov_nat,mts_details_sep,2015,159.623
gha,sex_f,geo_cov_nat,mts_details_sep,2017,135.299
gha,sex_f,geo_cov_nat,mts_details_sgle,2000,718.7
gha,sex_f,geo_cov_nat,mts_details_sgle,2006,1203.254
gha,sex_f,geo_cov_nat,mts_details_sgle,2010,1294.05
gha,sex_f,geo_cov_nat,mts_details_sgle,2013,1217.417
gha,sex_f,geo_cov_nat,mts_details_sgle,2015,993.448
gha,sex_f,geo_cov_nat,mts_details_sgle,2017,1434.428
gha,sex_f,geo_cov_nat,mts_details_total,2000,1551.49
gha,sex_f,geo_cov_nat,mts_details_total,2006,2237.006
gha,sex_f,geo_cov_nat,mts_details_total,2010,2438.43
gha,sex_f,geo_cov_nat,mts_details_total,2013,2285.637
gha,sex_f,geo_cov_nat,mts_details_total,2015,2659.497
gha,sex_f,geo_cov_nat,mts_details_total,2017,2852.521
gha,sex_f,geo_cov_nat,mts_details_union,2000,71.2
gha,sex_f,geo_cov_nat,mts_details_union,2006,121.96
gha,sex_f,geo_cov_nat,mts_details_union,2010,90.33
gha,sex_f,geo_cov_nat,mts_details_union,2013,139.909
gha,sex_f,geo_cov_nat,mts_details_union,2015,236.014
gha,sex_f,geo_cov_nat,mts_details_union,2017,168.137
gha,sex_f,geo_cov_nat,mts_details_wid,2000,180.69
gha,sex_f,geo_cov_nat,mts_details_wid,2006,277.12
gha,sex_f,geo_cov_nat,mts_details_wid,2010,309.98
gha,sex_f,geo_cov_nat,mts_details_wid,2013,317.467
gha,sex_f,geo_cov_nat,mts_details_wid,2015,406.339
gha,sex_f,geo_cov_nat,mts_details_wid,2017,424.86
gha,sex_f,geo_cov_rur,mts_aggregate_1,2000,405.02
gha,sex_f,geo_cov_rur,mts_aggregate_1,2006,762.191
gha,sex_f,geo_cov_rur,mts_aggregate_1,2010,637.68
gha,sex_f,geo_cov_rur,mts_aggregate_1,2013,574.005
gha,sex_f,geo_cov_rur,mts_aggregate_1,2015,640.104
gha,sex_f,geo_cov_rur,mts_aggregate_1,2017,758.849
gha,sex_f,geo_cov_rur,mts_aggregate_2,2000,273.7
gha,sex_f,geo_cov_rur,mts_aggregate_2,2006,350.966
gha,sex_f,geo_cov_rur,mts_aggregate_2,2010,307.34
gha,sex_f,geo_cov_rur,mts_aggregate_2,2013,251.852
gha,sex_f,geo_cov_rur,mts_aggregate_2,2015,557.679
gha,sex_f,geo_cov_rur,mts_aggregate_2,2017,312.665
gha,sex_f,geo_cov_rur,mts_aggregate_total,2000,678.72
gha,sex_f,geo_cov_rur,mts_aggregate_total,2006,1114.019
gha,sex_f,geo_cov_rur,mts_aggregate_total,2010,945.02
gha,sex_f,geo_cov_rur,mts_aggregate_total,2013,825.857
gha,sex_f,geo_cov_rur,mts_aggregate_total,2015,1197.783
gha,sex_f,geo_cov_rur,mts_aggregate_total,2017,1071.515
gha,sex_f,geo_cov_rur,mts_details_mrd,2000,238.12
gha,sex_f,geo_cov_rur,mts_details_mrd,2006,287.012
gha,sex_f,geo_cov_rur,mts_details_mrd,2010,267.18
gha,sex_f,geo_cov_rur,mts_details_mrd,2013,194.641
gha,sex_f,geo_cov_rur,mts_details_mrd,2015,445.077
gha,sex_f,geo_cov_rur,mts_details_mrd,2017,233.274
gha,sex_f,geo_cov_rur,mts_details_sep,2000,42
gha,sex_f,geo_cov_rur,mts_details_sep,2006,49.105
gha,sex_f,geo_cov_rur,mts_details_sep,2010,47.53
gha,sex_f,geo_cov_rur,mts_details_sep,2013,34.848
gha,sex_f,geo_cov_rur,mts_details_sep,2015,59.045
gha,sex_f,geo_cov_rur,mts_details_sep,2017,52.777
gha,sex_f,geo_cov_rur,mts_details_sgle,2000,261.34
gha,sex_f,geo_cov_rur,mts_details_sgle,2006,542.592
gha,sex_f,geo_cov_rur,mts_details_sgle,2010,445.91
gha,sex_f,geo_cov_rur,mts_details_sgle,2013,385.709
gha,sex_f,geo_cov_rur,mts_details_sgle,2015,385.649
gha,sex_f,geo_cov_rur,mts_details_sgle,2017,522.652
gha,sex_f,geo_cov_rur,mts_details_total,2000,678.72
gha,sex_f,geo_cov_rur,mts_details_total,2006,1114.019
gha,sex_f,geo_cov_rur,mts_details_total,2010,945.02
gha,sex_f,geo_cov_rur,mts_details_total,2013,825.857
gha,sex_f,geo_cov_rur,mts_details_total,2015,1197.783
gha,sex_f,geo_cov_rur,mts_details_total,2017,1071.515
gha,sex_f,geo_cov_rur,mts_details_union,2000,35.58
gha,sex_f,geo_cov_rur,mts_details_union,2006,63.954
gha,sex_f,geo_cov_rur,mts_details_union,2010,40.16
gha,sex_f,geo_cov_rur,mts_details_union,2013,57.211
gha,sex_f,geo_cov_rur,mts_details_union,2015,112.602
gha,sex_f,geo_cov_rur,mts_details_union,2017,79.391
gha,sex_f,geo_cov_rur,mts_details_wid,2000,101.68
gha,sex_f,geo_cov_rur,mts_details_wid,2006,170.494
gha,sex_f,geo_cov_rur,mts_details_wid,2010,144.24
gha,sex_f,geo_cov_rur,mts_details_wid,2013,153.449
gha,sex_f,geo_cov_rur,mts_details_wid,2015,195.41
gha,sex_f,geo_cov_rur,mts_details_wid,2017,183.42
gha,sex_f,geo_cov_urb,mts_aggregate_1,2000,584.92
gha,sex_f,geo_cov_urb,mts_aggregate_1,2006,827.563
gha,sex_f,geo_cov_urb,mts_aggregate_1,2010,1085.12
gha,sex_f,geo_cov_urb,mts_aggregate_1,2013,1069.501
gha,sex_f,geo_cov_urb,mts_aggregate_1,2015,919.305
gha,sex_f,geo_cov_urb,mts_aggregate_1,2017,1235.738
gha,sex_f,geo_cov_urb,mts_aggregate_2,2000,287.85
gha,sex_f,geo_cov_urb,mts_aggregate_2,2006,295.424
gha,sex_f,geo_cov_urb,mts_aggregate_2,2010,408.29
gha,sex_f,geo_cov_urb,mts_aggregate_2,2013,390.279
gha,sex_f,geo_cov_urb,mts_aggregate_2,2015,542.409
gha,sex_f,geo_cov_urb,mts_aggregate_2,2017,545.268
gha,sex_f,geo_cov_urb,mts_aggregate_total,2000,872.77
gha,sex_f,geo_cov_urb,mts_aggregate_total,2006,1122.987
gha,sex_f,geo_cov_urb,mts_aggregate_total,2010,1493.41
gha,sex_f,geo_cov_urb,mts_aggregate_total,2013,1459.78
gha,sex_f,geo_cov_urb,mts_aggregate_total,2015,1461.714
gha,sex_f,geo_cov_urb,mts_aggregate_total,2017,1781.007
gha,sex_f,geo_cov_urb,mts_details_mrd,2000,252.23
gha,sex_f,geo_cov_urb,mts_details_mrd,2006,237.418
gha,sex_f,geo_cov_urb,mts_details_mrd,2010,358.12
gha,sex_f,geo_cov_urb,mts_details_mrd,2013,307.58
gha,sex_f,geo_cov_urb,mts_details_mrd,2015,418.997
gha,sex_f,geo_cov_urb,mts_details_mrd,2017,456.523
gha,sex_f,geo_cov_urb,mts_details_sep,2000,48.55
gha,sex_f,geo_cov_urb,mts_details_sep,2006,60.275
gha,sex_f,geo_cov_urb,mts_details_sep,2010,71.24
gha,sex_f,geo_cov_urb,mts_details_sep,2013,73.774
gha,sex_f,geo_cov_urb,mts_details_sep,2015,100.578
gha,sex_f,geo_cov_urb,mts_details_sep,2017,82.522
gha,sex_f,geo_cov_urb,mts_details_sgle,2000,457.36
gha,sex_f,geo_cov_urb,mts_details_sgle,2006,660.662
gha,sex_f,geo_cov_urb,mts_details_sgle,2010,848.14
gha,sex_f,geo_cov_urb,mts_details_sgle,2013,831.709
gha,sex_f,geo_cov_urb,mts_details_sgle,2015,607.799
gha,sex_f,geo_cov_urb,mts_details_sgle,2017,911.776
gha,sex_f,geo_cov_urb,mts_details_total,2000,872.77
gha,sex_f,geo_cov_urb,mts_details_total,2006,1122.987
gha,sex_f,geo_cov_urb,mts_details_total,2010,1493.41
gha,sex_f,geo_cov_urb,mts_details_total,2013,1459.78
gha,sex_f,geo_cov_urb,mts_details_total,2015,1461.714
gha,sex_f,geo_cov_urb,mts_details_total,2017,1781.007
gha,sex_f,geo_cov_urb,mts_details_union,2000,35.62
gha,sex_f,geo_cov_urb,mts_details_union,2006,58.006
gha,sex_f,geo_cov_urb,mts_details_union,2010,50.17
gha,sex_f,geo_cov_urb,mts_details_union,2013,82.698
gha,sex_f,geo_cov_urb,mts_details_union,2015,123.412
gha,sex_f,geo_cov_urb,mts_details_union,2017,88.746
gha,sex_f,geo_cov_urb,mts_details_wid,2000,79.01
gha,sex_f,geo_cov_urb,mts_details_wid,2006,106.626
gha,sex_f,geo_cov_urb,mts_details_wid,2010,165.74
gha,sex_f,geo_cov_urb,mts_details_wid,2013,164.019
gha,sex_f,geo_cov_urb,mts_details_wid,2015,210.929
gha,sex_f,geo_cov_urb,mts_details_wid,2017,241.44
gha,sex_m,geo_cov_nat,mts_aggregate_1,2000,966.33
gha,sex_m,geo_cov_nat,mts_aggregate_1,2006,1438.119
gha,sex_m,geo_cov_nat,mts_aggregate_1,2010,1607.49
gha,sex_m,geo_cov_nat,mts_aggregate_1,2013,1284.163
gha,sex_m,geo_cov_nat,mts_aggregate_1,2015,1045.194
gha,sex_m,geo_cov_nat,mts_aggregate_1,2017,1779.381
gha,sex_m,geo_cov_nat,mts_aggregate_2,2000,302.1
gha,sex_m,geo_cov_nat,mts_aggregate_2,2006,321.56
gha,sex_m,geo_cov_nat,mts_aggregate_2,2010,385.3
gha,sex_m,geo_cov_nat,mts_aggregate_2,2013,287.65
gha,sex_m,geo_cov_nat,mts_aggregate_2,2015,511.551
gha,sex_m,geo_cov_nat,mts_aggregate_2,2017,401.365
gha,sex_m,geo_cov_nat,mts_aggregate_total,2000,1268.43
gha,sex_m,geo_cov_nat,mts_aggregate_total,2006,1759.679
gha,sex_m,geo_cov_nat,mts_aggregate_total,2010,1992.79
gha,sex_m,geo_cov_nat,mts_aggregate_total,2013,1571.814
gha,sex_m,geo_cov_nat,mts_aggregate_total,2015,1556.745
gha,sex_m,geo_cov_nat,mts_aggregate_total,2017,2180.746
gha,sex_m,geo_cov_nat,mts_details_mrd,2000,271.51
gha,sex_m,geo_cov_nat,mts_details_mrd,2006,295.36
gha,sex_m,geo_cov_nat,mts_details_mrd,2010,355.75
gha,sex_m,geo_cov_nat,mts_details_mrd,2013,263.771
gha,sex_m,geo_cov_nat,mts_details_mrd,2015,451.664
gha,sex_m,geo_cov_nat,mts_details_mrd,2017,363.258
gha,sex_m,geo_cov_nat,mts_details_sep,2000,48.87
gha,sex_m,geo_cov_nat,mts_details_sep,2006,40.8
gha,sex_m,geo_cov_nat,mts_details_sep,2010,53.76
gha,sex_m,geo_cov_nat,mts_details_sep,2013,34.936
gha,sex_m,geo_cov_nat,mts_details_sep,2015,58.599
gha,sex_m,geo_cov_nat,mts_details_sep,2017,49.696
gha,sex_m,geo_cov_nat,mts_details_sgle,2000,878.4
gha,sex_m,geo_cov_nat,mts_details_sgle,2006,1365.215
gha,sex_m,geo_cov_nat,mts_details_sgle,2010,1511.18
gha,sex_m,geo_cov_nat,mts_details_sgle,2013,1198.236
gha,sex_m,geo_cov_nat,mts_details_sgle,2015,917.73
gha,sex_m,geo_cov_nat,mts_details_sgle,2017,1691.126
gha,sex_m,geo_cov_nat,mts_details_total,2000,1268.43
gha,sex_m,geo_cov_nat,mts_details_total,2006,1759.679
gha,sex_m,geo_cov_nat,mts_details_total,2010,1992.79
gha,sex_m,geo_cov_nat,mts_details_total,2013,1571.814
gha,sex_m,geo_cov_nat,mts_details_total,2015,1556.745
gha,sex_m,geo_cov_nat,mts_details_total,2017,2180.746
gha,sex_m,geo_cov_nat,mts_details_union,2000,30.59
gha,sex_m,geo_cov_nat,mts_details_union,2006,26.2
gha,sex_m,geo_cov_nat,mts_details_union,2010,29.55
gha,sex_m,geo_cov_nat,mts_details_union,2013,23.879
gha,sex_m,geo_cov_nat,mts_details_union,2015,59.887
gha,sex_m,geo_cov_nat,mts_details_union,2017,38.107
gha,sex_m,geo_cov_nat,mts_details_wid,2000,39.06
gha,sex_m,geo_cov_nat,mts_details_wid,2006,32.105
gha,sex_m,geo_cov_nat,mts_details_wid,2010,42.55
gha,sex_m,geo_cov_nat,mts_details_wid,2013,50.991
gha,sex_m,geo_cov_nat,mts_details_wid,2015,68.865
gha,sex_m,geo_cov_nat,mts_details_wid,2017,38.559
gha,sex_m,geo_cov_rur,mts_aggregate_1,2000,402.67
gha,sex_m,geo_cov_rur,mts_aggregate_1,2006,744.157
gha,sex_m,geo_cov_rur,mts_aggregate_1,2010,615.14
gha,sex_m,geo_cov_rur,mts_aggregate_1,2013,483.874
gha,sex_m,geo_cov_rur,mts_aggregate_1,2015,479.404
gha,sex_m,geo_cov_rur,mts_aggregate_1,2017,726.396
gha,sex_m,geo_cov_rur,mts_aggregate_2,2000,143.49
gha,sex_m,geo_cov_rur,mts_aggregate_2,2006,194.486
gha,sex_m,geo_cov_rur,mts_aggregate_2,2010,153.37
gha,sex_m,geo_cov_rur,mts_aggregate_2,2013,125.755
gha,sex_m,geo_cov_rur,mts_aggregate_2,2015,264.862
gha,sex_m,geo_cov_rur,mts_aggregate_2,2017,152.095
gha,sex_m,geo_cov_rur,mts_aggregate_total,2000,546.16
gha,sex_m,geo_cov_rur,mts_aggregate_total,2006,938.643
gha,sex_m,geo_cov_rur,mts_aggregate_total,2010,768.51
gha,sex_m,geo_cov_rur,mts_aggregate_total,2013,609.629
gha,sex_m,geo_cov_rur,mts_aggregate_total,2015,744.265
gha,sex_m,geo_cov_rur,mts_aggregate_total,2017,878.492
gha,sex_m,geo_cov_rur,mts_details_mrd,2000,128.48
gha,sex_m,geo_cov_rur,mts_details_mrd,2006,186.574
gha,sex_m,geo_cov_rur,mts_details_mrd,2010,142.4
gha,sex_m,geo_cov_rur,mts_details_mrd,2013,116.145
gha,sex_m,geo_cov_rur,mts_details_mrd,2015,242.88
gha,sex_m,geo_cov_rur,mts_details_mrd,2017,135.081
gha,sex_m,geo_cov_rur,mts_details_sep,2000,23.29
gha,sex_m,geo_cov_rur,mts_details_sep,2006,22.711
gha,sex_m,geo_cov_rur,mts_details_sep,2010,22.42
gha,sex_m,geo_cov_rur,mts_details_sep,2013,12.893
gha,sex_m,geo_cov_rur,mts_details_sep,2015,30.374
gha,sex_m,geo_cov_rur,mts_details_sep,2017,22.93
gha,sex_m,geo_cov_rur,mts_details_sgle,2000,359.67
gha,sex_m,geo_cov_rur,mts_details_sgle,2006,700.131
gha,sex_m,geo_cov_rur,mts_details_sgle,2010,572.69
gha,sex_m,geo_cov_rur,mts_details_sgle,2013,449.513
gha,sex_m,geo_cov_rur,mts_details_sgle,2015,410.963
gha,sex_m,geo_cov_rur,mts_details_sgle,2017,683.978
gha,sex_m,geo_cov_rur,mts_details_total,2000,546.16
gha,sex_m,geo_cov_rur,mts_details_total,2006,938.643
gha,sex_m,geo_cov_rur,mts_details_total,2010,768.51
gha,sex_m,geo_cov_rur,mts_details_total,2013,609.629
gha,sex_m,geo_cov_rur,mts_details_total,2015,744.265
gha,sex_m,geo_cov_rur,mts_details_total,2017,878.492
gha,sex_m,geo_cov_rur,mts_details_union,2000,15.01
gha,sex_m,geo_cov_rur,mts_details_union,2006,7.912
gha,sex_m,geo_cov_rur,mts_details_union,2010,10.97
gha,sex_m,geo_cov_rur,mts_details_union,2013,9.61
gha,sex_m,geo_cov_rur,mts_details_union,2015,21.981
gha,sex_m,geo_cov_rur,mts_details_union,2017,17.015
gha,sex_m,geo_cov_rur,mts_details_wid,2000,19.71
gha,sex_m,geo_cov_rur,mts_details_wid,2006,21.315
gha,sex_m,geo_cov_rur,mts_details_wid,2010,20.03
gha,sex_m,geo_cov_rur,mts_details_wid,2013,21.468
gha,sex_m,geo_cov_rur,mts_details_wid,2015,38.066
gha,sex_m,geo_cov_rur,mts_details_wid,2017,19.488
gha,sex_m,geo_cov_urb,mts_aggregate_1,2000,563.66
gha,sex_m,geo_cov_urb,mts_aggregate_1,2006,693.963
gha,sex_m,geo_cov_urb,mts_aggregate_1,2010,992.35
gha,sex_m,geo_cov_urb,mts_aggregate_1,2013,800.29
gha,sex_m,geo_cov_urb,mts_aggregate_1,2015,565.791
gha,sex_m,geo_cov_urb,mts_aggregate_1,2017,1052.984
gha,sex_m,geo_cov_urb,mts_aggregate_2,2000,158.61
gha,sex_m,geo_cov_urb,mts_aggregate_2,2006,127.074
gha,sex_m,geo_cov_urb,mts_aggregate_2,2010,231.93
gha,sex_m,geo_cov_urb,mts_aggregate_2,2013,161.895
gha,sex_m,geo_cov_urb,mts_aggregate_2,2015,246.689
gha,sex_m,geo_cov_urb,mts_aggregate_2,2017,249.27
gha,sex_m,geo_cov_urb,mts_aggregate_total,2000,722.27
gha,sex_m,geo_cov_urb,mts_aggregate_total,2006,821.036
gha,sex_m,geo_cov_urb,mts_aggregate_total,2010,1224.28
gha,sex_m,geo_cov_urb,mts_aggregate_total,2013,962.185
gha,sex_m,geo_cov_urb,mts_aggregate_total,2015,812.48
gha,sex_m,geo_cov_urb,mts_aggregate_total,2017,1302.254
gha,sex_m,geo_cov_urb,mts_details_mrd,2000,143.03
gha,sex_m,geo_cov_urb,mts_details_mrd,2006,108.786
gha,sex_m,geo_cov_urb,mts_details_mrd,2010,213.35
gha,sex_m,geo_cov_urb,mts_details_mrd,2013,147.626
gha,sex_m,geo_cov_urb,mts_details_mrd,2015,208.784
gha,sex_m,geo_cov_urb,mts_details_mrd,2017,228.177
gha,sex_m,geo_cov_urb,mts_details_sep,2000,25.58
gha,sex_m,geo_cov_urb,mts_details_sep,2006,18.089
gha,sex_m,geo_cov_urb,mts_details_sep,2010,31.34
gha,sex_m,geo_cov_urb,mts_details_sep,2013,22.043
gha,sex_m,geo_cov_urb,mts_details_sep,2015,28.225
gha,sex_m,geo_cov_urb,mts_details_sep,2017,26.766
gha,sex_m,geo_cov_urb,mts_details_sgle,2000,518.73
gha,sex_m,geo_cov_urb,mts_details_sgle,2006,665.084
gha,sex_m,geo_cov_urb,mts_details_sgle,2010,938.49
gha,sex_m,geo_cov_urb,mts_details_sgle,2013,748.723
gha,sex_m,geo_cov_urb,mts_details_sgle,2015,506.767
gha,sex_m,geo_cov_urb,mts_details_sgle,2017,1007.148
gha,sex_m,geo_cov_urb,mts_details_total,2000,722.27
gha,sex_m,geo_cov_urb,mts_details_total,2006,821.036
gha,sex_m,geo_cov_urb,mts_details_total,2010,1224.28
gha,sex_m,geo_cov_urb,mts_details_total,2013,962.185
gha,sex_m,geo_cov_urb,mts_details_total,2015,812.48
gha,sex_m,geo_cov_urb,mts_details_total,2017,1302.254
gha,sex_m,geo_cov_urb,mts_details_union,2000,15.58
gha,sex_m,geo_cov_urb,mts_details_union,2006,18.288
gha,sex_m,geo_cov_urb,mts_details_union,2010,18.58
gha,sex_m,geo_cov_urb,mts_details_union,2013,14.269
gha,sex_m,geo_cov_urb,mts_details_union,2015,37.905
gha,sex_m,geo_cov_urb,mts_details_union,2017,21.093
gha,sex_m,geo_cov_urb,mts_details_wid,2000,19.35
gha,sex_m,geo_cov_urb,mts_details_wid,2006,10.79
gha,sex_m,geo_cov_urb,mts_details_wid,2010,22.52
gha,sex_m,geo_cov_urb,mts_details_wid,2013,29.524
gha,sex_m,geo_cov_urb,mts_details_wid,2015,30.799
gha,sex_m,geo_cov_urb,mts_details_wid,2017,19.07
gha,sex_t,geo_cov_nat,mts_aggregate_1,2000,1956.27
gha,sex_t,geo_cov_nat,mts_aggregate_1,2006,3027.873
gha,sex_t,geo_cov_nat,mts_aggregate_1,2010,3330.29
gha,sex_t,geo_cov_nat,mts_aggregate_1,2013,2927.67
gha,sex_t,geo_cov_nat,mts_aggregate_1,2015,2604.604
gha,sex_t,geo_cov_nat,mts_aggregate_1,2017,3773.968
gha,sex_t,geo_cov_nat,mts_aggregate_2,2000,863.65
gha,sex_t,geo_cov_nat,mts_aggregate_2,2006,967.95
gha,sex_t,geo_cov_nat,mts_aggregate_2,2010,1100.93
gha,sex_t,geo_cov_nat,mts_aggregate_2,2013,929.781
gha,sex_t,geo_cov_nat,mts_aggregate_2,2015,1611.638
gha,sex_t,geo_cov_nat,mts_aggregate_2,2017,1259.299
gha,sex_t,geo_cov_nat,mts_aggregate_total,2000,2819.92
gha,sex_t,geo_cov_nat,mts_aggregate_total,2006,3996.685
gha,sex_t,geo_cov_nat,mts_aggregate_total,2010,4431.22
gha,sex_t,geo_cov_nat,mts_aggregate_total,2013,3857.451
gha,sex_t,geo_cov_nat,mts_aggregate_total,2015,4216.242
gha,sex_t,geo_cov_nat,mts_aggregate_total,2017,5033.267
gha,sex_t,geo_cov_nat,mts_details_mrd,2000,761.86
gha,sex_t,geo_cov_nat,mts_details_mrd,2006,819.79
gha,sex_t,geo_cov_nat,mts_details_mrd,2010,981.05
gha,sex_t,geo_cov_nat,mts_details_mrd,2013,765.993
gha,sex_t,geo_cov_nat,mts_details_mrd,2015,1315.738
gha,sex_t,geo_cov_nat,mts_details_mrd,2017,1053.055
gha,sex_t,geo_cov_nat,mts_details_sep,2000,139.42
gha,sex_t,geo_cov_nat,mts_details_sep,2006,150.18
gha,sex_t,geo_cov_nat,mts_details_sep,2010,172.53
gha,sex_t,geo_cov_nat,mts_details_sep,2013,143.557
gha,sex_t,geo_cov_nat,mts_details_sep,2015,218.222
gha,sex_t,geo_cov_nat,mts_details_sep,2017,184.995
gha,sex_t,geo_cov_nat,mts_details_sgle,2000,1597.1
gha,sex_t,geo_cov_nat,mts_details_sgle,2006,2568.469
gha,sex_t,geo_cov_nat,mts_details_sgle,2010,2805.23
gha,sex_t,geo_cov_nat,mts_details_sgle,2013,2415.653
gha,sex_t,geo_cov_nat,mts_details_sgle,2015,1911.178
gha,sex_t,geo_cov_nat,mts_details_sgle,2017,3125.554
gha,sex_t,geo_cov_nat,mts_details_total,2000,2819.92
gha,sex_t,geo_cov_nat,mts_details_total,2006,3996.685
gha,sex_t,geo_cov_nat,mts_details_total,2010,4431.22
gha,sex_t,geo_cov_nat,mts_details_total,2013,3857.451
gha,sex_t,geo_cov_nat,mts_details_total,2015,4216.242
gha,sex_t,geo_cov_nat,mts_details_total,2017,5033.267
gha,sex_t,geo_cov_nat,mts_details_union,2000,101.79
gha,sex_t,geo_cov_nat,mts_details_union,2006,148.16
gha,sex_t,geo_cov_nat,mts_details_union,2010,119.88
gha,sex_t,geo_cov_nat,mts_details_union,2013,163.788
gha,sex_t,geo_cov_nat,mts_details_union,2015,295.9
gha,sex_t,geo_cov_nat,mts_details_union,2017,206.244
gha,sex_t,geo_cov_nat,mts_details_wid,2000,219.75
gha,sex_t,geo_cov_nat,mts_details_wid,2006,309.224
gha,sex_t,geo_cov_nat,mts_details_wid,2010,352.53
gha,sex_t,geo_cov_nat,mts_details_wid,2013,368.459
gha,sex_t,geo_cov_nat,mts_details_wid,2015,475.204
gha,sex_t,geo_cov_nat,mts_details_wid,2017,463.419
gha,sex_t,geo_cov_rur,mts_aggregate_1,2000,807.69
gha,sex_t,geo_cov_rur,mts_aggregate_1,2006,1506.348
gha,sex_t,geo_cov_rur,mts_aggregate_1,2010,1252.82
gha,sex_t,geo_cov_rur,mts_aggregate_1,2013,1057.879
gha,sex_t,geo_cov_rur,mts_aggregate_1,2015,1119.508
gha,sex_t,geo_cov_rur,mts_aggregate_1,2017,1485.246
gha,sex_t,geo_cov_rur,mts_aggregate_2,2000,417.19
gha,sex_t,geo_cov_rur,mts_aggregate_2,2006,545.452
gha,sex_t,geo_cov_rur,mts_aggregate_2,2010,460.71
gha,sex_t,geo_cov_rur,mts_aggregate_2,2013,377.607
gha,sex_t,geo_cov_rur,mts_aggregate_2,2015,822.54
gha,sex_t,geo_cov_rur,mts_aggregate_2,2017,464.761
gha,sex_t,geo_cov_rur,mts_aggregate_total,2000,1224.88
gha,sex_t,geo_cov_rur,mts_aggregate_total,2006,2052.662
gha,sex_t,geo_cov_rur,mts_aggregate_total,2010,1713.53
gha,sex_t,geo_cov_rur,mts_aggregate_total,2013,1435.486
gha,sex_t,geo_cov_rur,mts_aggregate_total,2015,1942.048
gha,sex_t,geo_cov_rur,mts_aggregate_total,2017,1950.006
gha,sex_t,geo_cov_rur,mts_details_mrd,2000,366.6
gha,sex_t,geo_cov_rur,mts_details_mrd,2006,473.586
gha,sex_t,geo_cov_rur,mts_details_mrd,2010,409.58
gha,sex_t,geo_cov_rur,mts_details_mrd,2013,310.786
gha,sex_t,geo_cov_rur,mts_details_mrd,2015,687.958
gha,sex_t,geo_cov_rur,mts_details_mrd,2017,368.355
gha,sex_t,geo_cov_rur,mts_details_sep,2000,65.29
gha,sex_t,geo_cov_rur,mts_details_sep,2006,71.816
gha,sex_t,geo_cov_rur,mts_details_sep,2010,69.95
gha,sex_t,geo_cov_rur,mts_details_sep,2013,47.741
gha,sex_t,geo_cov_rur,mts_details_sep,2015,89.42
gha,sex_t,geo_cov_rur,mts_details_sep,2017,75.707
gha,sex_t,geo_cov_rur,mts_details_sgle,2000,621.01
gha,sex_t,geo_cov_rur,mts_details_sgle,2006,1242.723
gha,sex_t,geo_cov_rur,mts_details_sgle,2010,1018.6
gha,sex_t,geo_cov_rur,mts_details_sgle,2013,835.222
gha,sex_t,geo_cov_rur,mts_details_sgle,2015,796.613
gha,sex_t,geo_cov_rur,mts_details_sgle,2017,1206.63
gha,sex_t,geo_cov_rur,mts_details_total,2000,1224.88
gha,sex_t,geo_cov_rur,mts_details_total,2006,2052.662
gha,sex_t,geo_cov_rur,mts_details_total,2010,1713.53
gha,sex_t,geo_cov_rur,mts_details_total,2013,1435.486
gha,sex_t,geo_cov_rur,mts_details_total,2015,1942.048
gha,sex_t,geo_cov_rur,mts_details_total,2017,1950.006
gha,sex_t,geo_cov_rur,mts_details_union,2000,50.59
gha,sex_t,geo_cov_rur,mts_details_union,2006,71.866
gha,sex_t,geo_cov_rur,mts_details_union,2010,51.13
gha,sex_t,geo_cov_rur,mts_details_union,2013,66.821
gha,sex_t,geo_cov_rur,mts_details_union,2015,134.583
gha,sex_t,geo_cov_rur,mts_details_union,2017,96.406
gha,sex_t,geo_cov_rur,mts_details_wid,2000,121.39
gha,sex_t,geo_cov_rur,mts_details_wid,2006,191.809
gha,sex_t,geo_cov_rur,mts_details_wid,2010,164.27
gha,sex_t,geo_cov_rur,mts_details_wid,2013,174.916
gha,sex_t,geo_cov_rur,mts_details_wid,2015,233.476
gha,sex_t,geo_cov_rur,mts_details_wid,2017,202.909
gha,sex_t,geo_cov_urb,mts_aggregate_1,2000,1148.58
gha,sex_t,geo_cov_urb,mts_aggregate_1,2006,1521.526
gha,sex_t,geo_cov_urb,mts_aggregate_1,2010,2077.47
gha,sex_t,geo_cov_urb,mts_aggregate_1,2013,1869.791
gha,sex_t,geo_cov_urb,mts_aggregate_1,2015,1485.096
gha,sex_t,geo_cov_urb,mts_aggregate_1,2017,2288.723
gha,sex_t,geo_cov_urb,mts_aggregate_2,2000,446.46
gha,sex_t,geo_cov_urb,mts_aggregate_2,2006,422.498
gha,sex_t,geo_cov_urb,mts_aggregate_2,2010,640.22
gha,sex_t,geo_cov_urb,mts_aggregate_2,2013,552.174
gha,sex_t,geo_cov_urb,mts_aggregate_2,2015,789.098
gha,sex_t,geo_cov_urb,mts_aggregate_2,2017,794.538
gha,sex_t,geo_cov_urb,mts_aggregate_total,2000,1595.04
gha,sex_t,geo_cov_urb,mts_aggregate_total,2006,1944.023
gha,sex_t,geo_cov_urb,mts_aggregate_total,2010,2717.69
gha,sex_t,geo_cov_urb,mts_aggregate_total,2013,2421.964
gha,sex_t,geo_cov_urb,mts_aggregate_total,2015,2274.194
gha,sex_t,geo_cov_urb,mts_aggregate_total,2017,3083.261
gha,sex_t,geo_cov_urb,mts_details_mrd,2000,395.26
gha,sex_t,geo_cov_urb,mts_details_mrd,2006,346.204
gha,sex_t,geo_cov_urb,mts_details_mrd,2010,571.47
gha,sex_t,geo_cov_urb,mts_details_mrd,2013,455.206
gha,sex_t,geo_cov_urb,mts_details_mrd,2015,627.78
gha,sex_t,geo_cov_urb,mts_details_mrd,2017,684.7
gha,sex_t,geo_cov_urb,mts_details_sep,2000,74.13
gha,sex_t,geo_cov_urb,mts_details_sep,2006,78.364
gha,sex_t,geo_cov_urb,mts_details_sep,2010,102.58
gha,sex_t,geo_cov_urb,mts_details_sep,2013,95.817
gha,sex_t,geo_cov_urb,mts_details_sep,2015,128.803
gha,sex_t,geo_cov_urb,mts_details_sep,2017,109.288
gha,sex_t,geo_cov_urb,mts_details_sgle,2000,976.09
gha,sex_t,geo_cov_urb,mts_details_sgle,2006,1325.746
gha,sex_t,geo_cov_urb,mts_details_sgle,2010,1786.63
gha,sex_t,geo_cov_urb,mts_details_sgle,2013,1580.432
gha,sex_t,geo_cov_urb,mts_details_sgle,2015,1114.565
gha,sex_t,geo_cov_urb,mts_details_sgle,2017,1918.924
gha,sex_t,geo_cov_urb,mts_details_total,2000,1595.04
gha,sex_t,geo_cov_urb,mts_details_total,2006,1944.023
gha,sex_t,geo_cov_urb,mts_details_total,2010,2717.69
gha,sex_t,geo_cov_urb,mts_details_total,2013,2421.964
gha,sex_t,geo_cov_urb,mts_details_total,2015,2274.194
gha,sex_t,geo_cov_urb,mts_details_total,2017,3083.261
gha,sex_t,geo_cov_urb,mts_details_union,2000,51.2
gha,sex_t,geo_cov_urb,mts_details_union,2006,76.294
gha,sex_t,geo_cov_urb,mts_details_union,2010,68.75
gha,sex_t,geo_cov_urb,mts_details_union,2013,96.967
gha,sex_t,geo_cov_urb,mts_details_union,2015,161.317
gha,sex_t,geo_cov_urb,mts_details_union,2017,109.838
gha,sex_t,geo_cov_urb,mts_details_wid,2000,98.36
gha,sex_t,geo_cov_urb,mts_details_wid,2006,117.416
gha,sex_t,geo_cov_urb,mts_details_wid,2010,188.26
gha,sex_t,geo_cov_urb,mts_details_wid,2013,193.543
gha,sex_t,geo_cov_urb,mts_details_wid,2015,241.728
gha,sex_t,geo_cov_urb,mts_details_wid,2017,260.51
gin,sex_f,geo_cov_nat,mts_aggregate_1,2002,476.795
gin,sex_f,geo_cov_nat,mts_aggregate_1,2019,809.638
gin,sex_f,geo_cov_nat,mts_aggregate_2,2002,545.243
gin,sex_f,geo_cov_nat,mts_aggregate_2,2019,1191.4
gin,sex_f,geo_cov_nat,mts_aggregate_total,2002,1023.058
gin,sex_f,geo_cov_nat,mts_aggregate_total,2019,2001.039
gin,sex_f,geo_cov_nat,mts_aggregate_x,2002,1.02
gin,sex_f,geo_cov_nat,mts_details_mrd,2019,1191.4
gin,sex_f,geo_cov_nat,mts_details_sep,2019,28.872
gin,sex_f,geo_cov_nat,mts_details_sgle,2019,573.874
gin,sex_f,geo_cov_nat,mts_details_total,2019,2001.039
gin,sex_f,geo_cov_nat,mts_details_wid,2019,206.892
gin,sex_f,geo_cov_rur,mts_aggregate_1,2002,237.256
gin,sex_f,geo_cov_rur,mts_aggregate_1,2019,396.512
gin,sex_f,geo_cov_rur,mts_aggregate_2,2002,342.304
gin,sex_f,geo_cov_rur,mts_aggregate_2,2019,851.578
gin,sex_f,geo_cov_rur,mts_aggregate_total,2002,580.399
gin,sex_f,geo_cov_rur,mts_aggregate_total,2019,1248.09
gin,sex_f,geo_cov_rur,mts_details_mrd,2019,851.578
gin,sex_f,geo_cov_rur,mts_details_sep,2019,16.684
gin,sex_f,geo_cov_rur,mts_details_sgle,2019,235.225
gin,sex_f,geo_cov_rur,mts_details_total,2019,1248.09
gin,sex_f,geo_cov_rur,mts_details_wid,2019,144.603
gin,sex_f,geo_cov_urb,mts_aggregate_1,2002,239.539
gin,sex_f,geo_cov_urb,mts_aggregate_1,2019,413.126
gin,sex_f,geo_cov_urb,mts_aggregate_2,2002,202.939
gin,sex_f,geo_cov_urb,mts_aggregate_2,2019,339.822
gin,sex_f,geo_cov_urb,mts_aggregate_total,2002,442.66
gin,sex_f,geo_cov_urb,mts_aggregate_total,2019,752.949
gin,sex_f,geo_cov_urb,mts_details_mrd,2019,339.822
gin,sex_f,geo_cov_urb,mts_details_sep,2019,12.189
gin,sex_f,geo_cov_urb,mts_details_sgle,2019,338.649
gin,sex_f,geo_cov_urb,mts_details_total,2019,752.949
gin,sex_f,geo_cov_urb,mts_details_wid,2019,62.29
gin,sex_m,geo_cov_nat,mts_aggregate_1,2002,529.659
gin,sex_m,geo_cov_nat,mts_aggregate_1,2019,692.632
gin,sex_m,geo_cov_nat,mts_aggregate_2,2002,222.711
gin,sex_m,geo_cov_nat,mts_aggregate_2,2019,298.565
gin,sex_m,geo_cov_nat,mts_aggregate_total,2002,752.397
gin,sex_m,geo_cov_nat,mts_aggregate_total,2019,991.198
gin,sex_m,geo_cov_nat,mts_details_mrd,2019,298.565
gin,sex_m,geo_cov_nat,mts_details_sep,2019,6.278
gin,sex_m,geo_cov_nat,mts_details_sgle,2019,669.196
gin,sex_m,geo_cov_nat,mts_details_total,2019,991.198
gin,sex_m,geo_cov_nat,mts_details_wid,2019,17.159
gin,sex_m,geo_cov_rur,mts_aggregate_1,2002,208.952
gin,sex_m,geo_cov_rur,mts_aggregate_1,2019,351.967
gin,sex_m,geo_cov_rur,mts_aggregate_2,2002,169.843
gin,sex_m,geo_cov_rur,mts_aggregate_2,2019,206.088
gin,sex_m,geo_cov_rur,mts_aggregate_total,2002,378.795
gin,sex_m,geo_cov_rur,mts_aggregate_total,2019,558.054
gin,sex_m,geo_cov_rur,mts_details_mrd,2019,206.088
gin,sex_m,geo_cov_rur,mts_details_sgle,2019,338.199
gin,sex_m,geo_cov_rur,mts_details_total,2019,558.054
gin,sex_m,geo_cov_rur,mts_details_wid,2019,11.219
gin,sex_m,geo_cov_urb,mts_aggregate_1,2002,320.708
gin,sex_m,geo_cov_urb,mts_aggregate_1,2019,340.666
gin,sex_m,geo_cov_urb,mts_aggregate_2,2002,52.868
gin,sex_m,geo_cov_urb,mts_aggregate_2,2019,92.478
gin,sex_m,geo_cov_urb,mts_aggregate_total,2002,373.602
gin,sex_m,geo_cov_urb,mts_aggregate_total,2019,433.143
gin,sex_m,geo_cov_urb,mts_details_mrd,2019,92.478
gin,sex_m,geo_cov_urb,mts_details_sep,2019,3.728
gin,sex_m,geo_cov_urb,mts_details_sgle,2019,330.998
gin,sex_m,geo_cov_urb,mts_details_total,2019,433.143
gin,sex_m,geo_cov_urb,mts_details_wid,2019,5.94
gin,sex_t,geo_cov_nat,mts_aggregate_1,2002,1006.454
gin,sex_t,geo_cov_nat,mts_aggregate_1,2019,1502.271
gin,sex_t,geo_cov_nat,mts_aggregate_2,2002,767.954
gin,sex_t,geo_cov_nat,mts_aggregate_2,2019,1489.966
gin,sex_t,geo_cov_nat,mts_aggregate_total,2002,1775.455
gin,sex_t,geo_cov_nat,mts_aggregate_total,2019,2992.236
gin,sex_t,geo_cov_nat,mts_aggregate_x,2002,1.047
gin,sex_t,geo_cov_nat,mts_details_mrd,2019,1489.966
gin,sex_t,geo_cov_nat,mts_details_sep,2019,35.15
gin,sex_t,geo_cov_nat,mts_details_sgle,2019,1243.07
gin,sex_t,geo_cov_nat,mts_details_total,2019,2992.236
gin,sex_t,geo_cov_nat,mts_details_wid,2019,224.051
gin,sex_t,geo_cov_rur,mts_aggregate_1,2002,446.208
gin,sex_t,geo_cov_rur,mts_aggregate_1,2019,748.479
gin,sex_t,geo_cov_rur,mts_aggregate_2,2002,512.147
gin,sex_t,geo_cov_rur,mts_aggregate_2,2019,1057.666
gin,sex_t,geo_cov_rur,mts_aggregate_total,2002,959.193
gin,sex_t,geo_cov_rur,mts_aggregate_total,2019,1806.144
gin,sex_t,geo_cov_rur,mts_details_mrd,2019,1057.666
gin,sex_t,geo_cov_rur,mts_details_sep,2019,19.233
gin,sex_t,geo_cov_rur,mts_details_sgle,2019,573.424
gin,sex_t,geo_cov_rur,mts_details_total,2019,1806.144
gin,sex_t,geo_cov_rur,mts_details_wid,2019,155.822
gin,sex_t,geo_cov_urb,mts_aggregate_1,2002,560.247
gin,sex_t,geo_cov_urb,mts_aggregate_1,2019,753.792
gin,sex_t,geo_cov_urb,mts_aggregate_2,2002,255.807
gin,sex_t,geo_cov_urb,mts_aggregate_2,2019,432.3
gin,sex_t,geo_cov_urb,mts_aggregate_total,2002,816.262
gin,sex_t,geo_cov_urb,mts_aggregate_total,2019,1186.092
gin,sex_t,geo_cov_urb,mts_details_mrd,2019,432.3
gin,sex_t,geo_cov_urb,mts_details_sep,2019,15.917
gin,sex_t,geo_cov_urb,mts_details_sgle,2019,669.646
gin,sex_t,geo_cov_urb,mts_details_total,2019,1186.092
gin,sex_t,geo_cov_urb,mts_details_wid,2019,68.229
gmb,sex_f,geo_cov_nat,mts_aggregate_1,2012,102.658
gmb,sex_f,geo_cov_nat,mts_aggregate_1,2018,157.618
gmb,sex_f,geo_cov_nat,mts_aggregate_2,2012,152.98
gmb,sex_f,geo_cov_nat,mts_aggregate_2,2018,147.903
gmb,sex_f,geo_cov_nat,mts_aggregate_total,2012,268.677
gmb,sex_f,geo_cov_nat,mts_aggregate_total,2018,305.521
gmb,sex_f,geo_cov_nat,mts_aggregate_x,2012,13.039
gmb,sex_f,geo_cov_nat,mts_details_mrd,2012,152.98
gmb,sex_f,geo_cov_nat,mts_details_mrd,2018,147.141
gmb,sex_f,geo_cov_nat,mts_details_sep,2012,3.501
gmb,sex_f,geo_cov_nat,mts_details_sep,2018,36.888
gmb,sex_f,geo_cov_nat,mts_details_sgle,2012,81.288
gmb,sex_f,geo_cov_nat,mts_details_sgle,2018,120.731
gmb,sex_f,geo_cov_nat,mts_details_total,2012,268.677
gmb,sex_f,geo_cov_nat,mts_details_total,2018,305.521
gmb,sex_f,geo_cov_nat,mts_details_union,2018,0.762
gmb,sex_f,geo_cov_nat,mts_details_wid,2012,17.87
gmb,sex_f,geo_cov_nat,mts_details_x,2012,13.039
gmb,sex_f,geo_cov_rur,mts_aggregate_1,2012,41.333
gmb,sex_f,geo_cov_rur,mts_aggregate_1,2018,62.104
gmb,sex_f,geo_cov_rur,mts_aggregate_2,2012,86.616
gmb,sex_f,geo_cov_rur,mts_aggregate_2,2018,56.84
gmb,sex_f,geo_cov_rur,mts_aggregate_total,2012,134.412
gmb,sex_f,geo_cov_rur,mts_aggregate_total,2018,118.944
gmb,sex_f,geo_cov_rur,mts_aggregate_x,2012,6.463
gmb,sex_f,geo_cov_rur,mts_details_mrd,2012,86.616
gmb,sex_f,geo_cov_rur,mts_details_mrd,2018,56.343
gmb,sex_f,geo_cov_rur,mts_details_sep,2012,1.034
gmb,sex_f,geo_cov_rur,mts_details_sep,2018,18.984
gmb,sex_f,geo_cov_rur,mts_details_sgle,2012,30.043
gmb,sex_f,geo_cov_rur,mts_details_sgle,2018,43.12
gmb,sex_f,geo_cov_rur,mts_details_total,2012,134.412
gmb,sex_f,geo_cov_rur,mts_details_total,2018,118.944
gmb,sex_f,geo_cov_rur,mts_details_union,2018,0.497
gmb,sex_f,geo_cov_rur,mts_details_wid,2012,10.256
gmb,sex_f,geo_cov_rur,mts_details_x,2012,6.463
gmb,sex_f,geo_cov_urb,mts_aggregate_1,2012,61.325
gmb,sex_f,geo_cov_urb,mts_aggregate_1,2018,95.515
gmb,sex_f,geo_cov_urb,mts_aggregate_2,2012,66.363
gmb,sex_f,geo_cov_urb,mts_aggregate_2,2018,91.062
gmb,sex_f,geo_cov_urb,mts_aggregate_total,2012,134.265
gmb,sex_f,geo_cov_urb,mts_aggregate_total,2018,186.577
gmb,sex_f,geo_cov_urb,mts_aggregate_x,2012,6.577
gmb,sex_f,geo_cov_urb,mts_details_mrd,2012,66.363
gmb,sex_f,geo_cov_urb,mts_details_mrd,2018,90.798
gmb,sex_f,geo_cov_urb,mts_details_sep,2012,2.467
gmb,sex_f,geo_cov_urb,mts_details_sep,2018,17.904
gmb,sex_f,geo_cov_urb,mts_details_sgle,2012,51.244
gmb,sex_f,geo_cov_urb,mts_details_sgle,2018,77.611
gmb,sex_f,geo_cov_urb,mts_details_total,2012,134.265
gmb,sex_f,geo_cov_urb,mts_details_total,2018,186.577
gmb,sex_f,geo_cov_urb,mts_details_union,2018,0.265
gmb,sex_f,geo_cov_urb,mts_details_wid,2012,7.613
gmb,sex_f,geo_cov_urb,mts_details_x,2012,6.577
gmb,sex_m,geo_cov_nat,mts_aggregate_1,2012,95.011
gmb,sex_m,geo_cov_nat,mts_aggregate_1,2018,170.203
gmb,sex_m,geo_cov_nat,mts_aggregate_2,2012,46.866
gmb,sex_m,geo_cov_nat,mts_aggregate_2,2018,44.281
gmb,sex_m,geo_cov_nat,mts_aggregate_total,2012,149.634
gmb,sex_m,geo_cov_nat,mts_aggregate_total,2018,214.484
gmb,sex_m,geo_cov_nat,mts_aggregate_x,2012,7.757
gmb,sex_m,geo_cov_nat,mts_details_mrd,2012,46.866
gmb,sex_m,geo_cov_nat,mts_details_mrd,2018,44.157
gmb,sex_m,geo_cov_nat,mts_details_sep,2012,1.242
gmb,sex_m,geo_cov_nat,mts_details_sep,2018,4.21
gmb,sex_m,geo_cov_nat,mts_details_sgle,2012,92.854
gmb,sex_m,geo_cov_nat,mts_details_sgle,2018,165.994
gmb,sex_m,geo_cov_nat,mts_details_total,2012,149.634
gmb,sex_m,geo_cov_nat,mts_details_total,2018,214.484
gmb,sex_m,geo_cov_nat,mts_details_union,2018,0.124
gmb,sex_m,geo_cov_nat,mts_details_wid,2012,0.915
gmb,sex_m,geo_cov_nat,mts_details_x,2012,7.757
gmb,sex_m,geo_cov_rur,mts_aggregate_1,2012,39.729
gmb,sex_m,geo_cov_rur,mts_aggregate_1,2018,65.016
gmb,sex_m,geo_cov_rur,mts_aggregate_2,2012,30.981
gmb,sex_m,geo_cov_rur,mts_aggregate_2,2018,16.289
gmb,sex_m,geo_cov_rur,mts_aggregate_total,2012,74.549
gmb,sex_m,geo_cov_rur,mts_aggregate_total,2018,81.305
gmb,sex_m,geo_cov_rur,mts_aggregate_x,2012,3.839
gmb,sex_m,geo_cov_rur,mts_details_mrd,2012,30.981
gmb,sex_m,geo_cov_rur,mts_details_mrd,2018,16.208
gmb,sex_m,geo_cov_rur,mts_details_sep,2012,0.207
gmb,sex_m,geo_cov_rur,mts_details_sep,2018,2.03
gmb,sex_m,geo_cov_rur,mts_details_sgle,2012,39.146
gmb,sex_m,geo_cov_rur,mts_details_sgle,2018,62.986
gmb,sex_m,geo_cov_rur,mts_details_total,2012,74.549
gmb,sex_m,geo_cov_rur,mts_details_total,2018,81.305
gmb,sex_m,geo_cov_rur,mts_details_union,2018,0.081
gmb,sex_m,geo_cov_rur,mts_details_wid,2012,0.376
gmb,sex_m,geo_cov_rur,mts_details_x,2012,3.839
gmb,sex_m,geo_cov_urb,mts_aggregate_1,2012,55.282
gmb,sex_m,geo_cov_urb,mts_aggregate_1,2018,105.187
gmb,sex_m,geo_cov_urb,mts_aggregate_2,2012,15.885
gmb,sex_m,geo_cov_urb,mts_aggregate_2,2018,27.993
gmb,sex_m,geo_cov_urb,mts_aggregate_total,2012,75.085
gmb,sex_m,geo_cov_urb,mts_aggregate_total,2018,133.18
gmb,sex_m,geo_cov_urb,mts_aggregate_x,2012,3.918
gmb,sex_m,geo_cov_urb,mts_details_mrd,2012,15.885
gmb,sex_m,geo_cov_urb,mts_details_mrd,2018,27.95
gmb,sex_m,geo_cov_urb,mts_details_sep,2012,1.035
gmb,sex_m,geo_cov_urb,mts_details_sep,2018,2.179
gmb,sex_m,geo_cov_urb,mts_details_sgle,2012,53.707
gmb,sex_m,geo_cov_urb,mts_details_sgle,2018,103.008
gmb,sex_m,geo_cov_urb,mts_details_total,2012,75.085
gmb,sex_m,geo_cov_urb,mts_details_total,2018,133.18
gmb,sex_m,geo_cov_urb,mts_details_union,2018,0.043
gmb,sex_m,geo_cov_urb,mts_details_wid,2012,0.54
gmb,sex_m,geo_cov_urb,mts_details_x,2012,3.918
gmb,sex_t,geo_cov_nat,mts_aggregate_1,2012,197.669
gmb,sex_t,geo_cov_nat,mts_aggregate_1,2018,327.822
gmb,sex_t,geo_cov_nat,mts_aggregate_2,2012,199.846
gmb,sex_t,geo_cov_nat,mts_aggregate_2,2018,192.184
gmb,sex_t,geo_cov_nat,mts_aggregate_total,2012,418.311
gmb,sex_t,geo_cov_nat,mts_aggregate_total,2018,520.005
gmb,sex_t,geo_cov_nat,mts_aggregate_x,2012,20.796
gmb,sex_t,geo_cov_nat,mts_details_mrd,2012,199.846
gmb,sex_t,geo_cov_nat,mts_details_mrd,2018,191.298
gmb,sex_t,geo_cov_nat,mts_details_sep,2012,4.743
gmb,sex_t,geo_cov_nat,mts_details_sep,2018,41.097
gmb,sex_t,geo_cov_nat,mts_details_sgle,2012,174.141
gmb,sex_t,geo_cov_nat,mts_details_sgle,2018,286.724
gmb,sex_t,geo_cov_nat,mts_details_total,2012,418.311
gmb,sex_t,geo_cov_nat,mts_details_total,2018,520.005
gmb,sex_t,geo_cov_nat,mts_details_union,2018,0.886
gmb,sex_t,geo_cov_nat,mts_details_wid,2012,18.785
gmb,sex_t,geo_cov_nat,mts_details_x,2012,20.796
gmb,sex_t,geo_cov_rur,mts_aggregate_1,2012,81.062
gmb,sex_t,geo_cov_rur,mts_aggregate_1,2018,127.12
gmb,sex_t,geo_cov_rur,mts_aggregate_2,2012,117.597
gmb,sex_t,geo_cov_rur,mts_aggregate_2,2018,73.129
gmb,sex_t,geo_cov_rur,mts_aggregate_total,2012,208.961
gmb,sex_t,geo_cov_rur,mts_aggregate_total,2018,200.249
gmb,sex_t,geo_cov_rur,mts_aggregate_x,2012,10.302
gmb,sex_t,geo_cov_rur,mts_details_mrd,2012,117.597
gmb,sex_t,geo_cov_rur,mts_details_mrd,2018,72.551
gmb,sex_t,geo_cov_rur,mts_details_sep,2012,1.241
gmb,sex_t,geo_cov_rur,mts_details_sep,2018,21.014
gmb,sex_t,geo_cov_rur,mts_details_sgle,2012,69.19
gmb,sex_t,geo_cov_rur,mts_details_sgle,2018,106.106
gmb,sex_t,geo_cov_rur,mts_details_total,2012,208.961
gmb,sex_t,geo_cov_rur,mts_details_total,2018,200.249
gmb,sex_t,geo_cov_rur,mts_details_union,2018,0.578
gmb,sex_t,geo_cov_rur,mts_details_wid,2012,10.632
gmb,sex_t,geo_cov_rur,mts_details_x,2012,10.302
gmb,sex_t,geo_cov_urb,mts_aggregate_1,2012,116.607
gmb,sex_t,geo_cov_urb,mts_aggregate_1,2018,200.702
gmb,sex_t,geo_cov_urb,mts_aggregate_2,2012,82.249
gmb,sex_t,geo_cov_urb,mts_aggregate_2,2018,119.055
gmb,sex_t,geo_cov_urb,mts_aggregate_total,2012,209.35
gmb,sex_t,geo_cov_urb,mts_aggregate_total,2018,319.757
gmb,sex_t,geo_cov_urb,mts_aggregate_x,2012,10.495
gmb,sex_t,geo_cov_urb,mts_details_mrd,2012,82.249
gmb,sex_t,geo_cov_urb,mts_details_mrd,2018,118.747
gmb,sex_t,geo_cov_urb,mts_details_sep,2012,3.502
gmb,sex_t,geo_cov_urb,mts_details_sep,2018,20.083
gmb,sex_t,geo_cov_urb,mts_details_sgle,2012,104.952
gmb,sex_t,geo_cov_urb,mts_details_sgle,2018,180.619
gmb,sex_t,geo_cov_urb,mts_details_total,2012,209.35
gmb,sex_t,geo_cov_urb,mts_details_total,2018,319.757
gmb,sex_t,geo_cov_urb,mts_details_union,2018,0.308
gmb,sex_t,geo_cov_urb,mts_details_wid,2012,8.153
gmb,sex_t,geo_cov_urb,mts_details_x,2012,10.495
gnb,sex_f,geo_cov_nat,mts_aggregate_1,2018,155.735
gnb,sex_f,geo_cov_nat,mts_aggregate_2,2018,111.524
gnb,sex_f,geo_cov_nat,mts_aggregate_total,2018,267.259
gnb,sex_f,geo_cov_nat,mts_details_mrd,2018,107.898
gnb,sex_f,geo_cov_nat,mts_details_sep,2018,4.679
gnb,sex_f,geo_cov_nat,mts_details_sgle,2018,123.611
gnb,sex_f,geo_cov_nat,mts_details_total,2018,267.259
gnb,sex_f,geo_cov_nat,mts_details_union,2018,3.626
gnb,sex_f,geo_cov_nat,mts_details_wid,2018,27.445
gnb,sex_f,geo_cov_rur,mts_aggregate_1,2018,59.413
gnb,sex_f,geo_cov_rur,mts_aggregate_2,2018,72.29
gnb,sex_f,geo_cov_rur,mts_aggregate_total,2018,131.702
gnb,sex_f,geo_cov_rur,mts_details_mrd,2018,70.458
gnb,sex_f,geo_cov_rur,mts_details_sep,2018,1.898
gnb,sex_f,geo_cov_rur,mts_details_sgle,2018,40.493
gnb,sex_f,geo_cov_rur,mts_details_total,2018,131.702
gnb,sex_f,geo_cov_rur,mts_details_union,2018,1.831
gnb,sex_f,geo_cov_rur,mts_details_wid,2018,17.022
gnb,sex_f,geo_cov_urb,mts_aggregate_1,2018,96.322
gnb,sex_f,geo_cov_urb,mts_aggregate_2,2018,39.235
gnb,sex_f,geo_cov_urb,mts_aggregate_total,2018,135.557
gnb,sex_f,geo_cov_urb,mts_details_mrd,2018,37.44
gnb,sex_f,geo_cov_urb,mts_details_sep,2018,2.781
gnb,sex_f,geo_cov_urb,mts_details_sgle,2018,83.118
gnb,sex_f,geo_cov_urb,mts_details_total,2018,135.557
gnb,sex_f,geo_cov_urb,mts_details_union,2018,1.795
gnb,sex_f,geo_cov_urb,mts_details_wid,2018,10.423
gnb,sex_m,geo_cov_nat,mts_aggregate_1,2018,133.515
gnb,sex_m,geo_cov_nat,mts_aggregate_2,2018,30.157
gnb,sex_m,geo_cov_nat,mts_aggregate_total,2018,163.671
gnb,sex_m,geo_cov_nat,mts_details_mrd,2018,28.807
gnb,sex_m,geo_cov_nat,mts_details_sep,2018,1.56
gnb,sex_m,geo_cov_nat,mts_details_sgle,2018,129.542
gnb,sex_m,geo_cov_nat,mts_details_total,2018,163.671
gnb,sex_m,geo_cov_nat,mts_details_union,2018,1.35
gnb,sex_m,geo_cov_nat,mts_details_wid,2018,2.413
gnb,sex_m,geo_cov_rur,mts_aggregate_1,2018,51.153
gnb,sex_m,geo_cov_rur,mts_aggregate_2,2018,20.132
gnb,sex_m,geo_cov_rur,mts_aggregate_total,2018,71.285
gnb,sex_m,geo_cov_rur,mts_details_mrd,2018,19.103
gnb,sex_m,geo_cov_rur,mts_details_sep,2018,0.73
gnb,sex_m,geo_cov_rur,mts_details_sgle,2018,48.797
gnb,sex_m,geo_cov_rur,mts_details_total,2018,71.285
gnb,sex_m,geo_cov_rur,mts_details_union,2018,1.029
gnb,sex_m,geo_cov_rur,mts_details_wid,2018,1.625
gnb,sex_m,geo_cov_urb,mts_aggregate_1,2018,82.362
gnb,sex_m,geo_cov_urb,mts_aggregate_2,2018,10.024
gnb,sex_m,geo_cov_urb,mts_aggregate_total,2018,92.387
gnb,sex_m,geo_cov_urb,mts_details_mrd,2018,9.703
gnb,sex_m,geo_cov_urb,mts_details_sep,2018,0.83
gnb,sex_m,geo_cov_urb,mts_details_sgle,2018,80.746
gnb,sex_m,geo_cov_urb,mts_details_total,2018,92.387
gnb,sex_m,geo_cov_urb,mts_details_union,2018,0.321
gnb,sex_m,geo_cov_urb,mts_details_wid,2018,0.787
gnb,sex_t,geo_cov_nat,mts_aggregate_1,2018,289.249
gnb,sex_t,geo_cov_nat,mts_aggregate_2,2018,141.681
gnb,sex_t,geo_cov_nat,mts_aggregate_total,2018,430.93
gnb,sex_t,geo_cov_nat,mts_details_mrd,2018,136.705
gnb,sex_t,geo_cov_nat,mts_details_sep,2018,6.239
gnb,sex_t,geo_cov_nat,mts_details_sgle,2018,253.153
gnb,sex_t,geo_cov_nat,mts_details_total,2018,430.93
gnb,sex_t,geo_cov_nat,mts_details_union,2018,4.976
gnb,sex_t,geo_cov_nat,mts_details_wid,2018,29.857
gnb,sex_t,geo_cov_rur,mts_aggregate_1,2018,110.565
gnb,sex_t,geo_cov_rur,mts_aggregate_2,2018,92.422
gnb,sex_t,geo_cov_rur,mts_aggregate_total,2018,202.987
gnb,sex_t,geo_cov_rur,mts_details_mrd,2018,89.562
gnb,sex_t,geo_cov_rur,mts_details_sep,2018,2.629
gnb,sex_t,geo_cov_rur,mts_details_sgle,2018,89.289
gnb,sex_t,geo_cov_rur,mts_details_total,2018,202.987
gnb,sex_t,geo_cov_rur,mts_details_union,2018,2.86
gnb,sex_t,geo_cov_rur,mts_details_wid,2018,18.647
gnb,sex_t,geo_cov_urb,mts_aggregate_1,2018,178.684
gnb,sex_t,geo_cov_urb,mts_aggregate_2,2018,49.259
gnb,sex_t,geo_cov_urb,mts_aggregate_total,2018,227.943
gnb,sex_t,geo_cov_urb,mts_details_mrd,2018,47.143
gnb,sex_t,geo_cov_urb,mts_details_sep,2018,3.61
gnb,sex_t,geo_cov_urb,mts_details_sgle,2018,163.864
gnb,sex_t,geo_cov_urb,mts_details_total,2018,227.943
gnb,sex_t,geo_cov_urb,mts_details_union,2018,2.116
gnb,sex_t,geo_cov_urb,mts_details_wid,2018,11.21
grc,sex_f,geo_cov_nat,mts_aggregate_1,1992,1128.331
grc,sex_f,geo_cov_nat,mts_aggregate_1,1993,1150.962
grc,sex_f,geo_cov_nat,mts_aggregate_1,1994,1172.889
grc,sex_f,geo_cov_nat,mts_aggregate_1,1995,1194.099
grc,sex_f,geo_cov_nat,mts_aggregate_1,1996,1202.569
grc,sex_f,geo_cov_nat,mts_aggregate_1,1997,1244.356
grc,sex_f,geo_cov_nat,mts_aggregate_1,1998,1113.788
grc,sex_f,geo_cov_nat,mts_aggregate_1,1999,1117.552
grc,sex_f,geo_cov_nat,mts_aggregate_1,2000,1126.82
grc,sex_f,geo_cov_nat,mts_aggregate_1,2001,1198.466
grc,sex_f,geo_cov_nat,mts_aggregate_1,2002,1224.191
grc,sex_f,geo_cov_nat,mts_aggregate_1,2003,1236.687
grc,sex_f,geo_cov_nat,mts_aggregate_1,2004,1192.514
grc,sex_f,geo_cov_nat,mts_aggregate_1,2005,1228.503
grc,sex_f,geo_cov_nat,mts_aggregate_1,2006,1244.971
grc,sex_f,geo_cov_nat,mts_aggregate_1,2007,1242.933
grc,sex_f,geo_cov_nat,mts_aggregate_1,2008,1246.583
grc,sex_f,geo_cov_nat,mts_aggregate_1,2009,1236.36
grc,sex_f,geo_cov_nat,mts_aggregate_1,2010,1246.761
grc,sex_f,geo_cov_nat,mts_aggregate_1,2011,1256.061
grc,sex_f,geo_cov_nat,mts_aggregate_1,2012,1247.734
grc,sex_f,geo_cov_nat,mts_aggregate_1,2013,1269.614
grc,sex_f,geo_cov_nat,mts_aggregate_1,2014,1262.058
grc,sex_f,geo_cov_nat,mts_aggregate_1,2015,1267.545
grc,sex_f,geo_cov_nat,mts_aggregate_1,2016,1270.525
grc,sex_f,geo_cov_nat,mts_aggregate_1,2017,1265.54
grc,sex_f,geo_cov_nat,mts_aggregate_1,2018,1272.551
grc,sex_f,geo_cov_nat,mts_aggregate_1,2019,1300.039
grc,sex_f,geo_cov_nat,mts_aggregate_1,2020,1307.182
grc,sex_f,geo_cov_nat,mts_aggregate_2,1992,1694.581
grc,sex_f,geo_cov_nat,mts_aggregate_2,1993,1702.245
grc,sex_f,geo_cov_nat,mts_aggregate_2,1994,1704.738
grc,sex_f,geo_cov_nat,mts_aggregate_2,1995,1699.344
grc,sex_f,geo_cov_nat,mts_aggregate_2,1996,1671.857
grc,sex_f,geo_cov_nat,mts_aggregate_2,1997,1682.87
grc,sex_f,geo_cov_nat,mts_aggregate_2,1998,1585.336
grc,sex_f,geo_cov_nat,mts_aggregate_2,1999,1565.452
grc,sex_f,geo_cov_nat,mts_aggregate_2,2000,1579.111
grc,sex_f,geo_cov_nat,mts_aggregate_2,2001,1638.3
grc,sex_f,geo_cov_nat,mts_aggregate_2,2002,1599.775
grc,sex_f,geo_cov_nat,mts_aggregate_2,2003,1570.853
grc,sex_f,geo_cov_nat,mts_aggregate_2,2004,1568.901
grc,sex_f,geo_cov_nat,mts_aggregate_2,2005,1548.202
grc,sex_f,geo_cov_nat,mts_aggregate_2,2006,1531.075
grc,sex_f,geo_cov_nat,mts_aggregate_2,2007,1549.577
grc,sex_f,geo_cov_nat,mts_aggregate_2,2008,1550.482
grc,sex_f,geo_cov_nat,mts_aggregate_2,2009,1510.32
grc,sex_f,geo_cov_nat,mts_aggregate_2,2010,1466.058
grc,sex_f,geo_cov_nat,mts_aggregate_2,2011,1466.992
grc,sex_f,geo_cov_nat,mts_aggregate_2,2012,1460.706
grc,sex_f,geo_cov_nat,mts_aggregate_2,2013,1441.757
grc,sex_f,geo_cov_nat,mts_aggregate_2,2014,1424.608
grc,sex_f,geo_cov_nat,mts_aggregate_2,2015,1378.607
grc,sex_f,geo_cov_nat,mts_aggregate_2,2016,1352.852
grc,sex_f,geo_cov_nat,mts_aggregate_2,2017,1360.825
grc,sex_f,geo_cov_nat,mts_aggregate_2,2018,1363.529
grc,sex_f,geo_cov_nat,mts_aggregate_2,2019,1321.499
grc,sex_f,geo_cov_nat,mts_aggregate_2,2020,1350.165
grc,sex_f,geo_cov_nat,mts_aggregate_total,1992,2822.911
grc,sex_f,geo_cov_nat,mts_aggregate_total,1993,2853.208
grc,sex_f,geo_cov_nat,mts_aggregate_total,1994,2877.627
grc,sex_f,geo_cov_nat,mts_aggregate_total,1995,2893.443
grc,sex_f,geo_cov_nat,mts_aggregate_total,1996,2874.427
grc,sex_f,geo_cov_nat,mts_aggregate_total,1997,2927.226
grc,sex_f,geo_cov_nat,mts_aggregate_total,1998,2699.124
grc,sex_f,geo_cov_nat,mts_aggregate_total,1999,2683.004
grc,sex_f,geo_cov_nat,mts_aggregate_total,2000,2705.931
grc,sex_f,geo_cov_nat,mts_aggregate_total,2001,2836.766
grc,sex_f,geo_cov_nat,mts_aggregate_total,2002,2823.967
grc,sex_f,geo_cov_nat,mts_aggregate_total,2003,2807.54
grc,sex_f,geo_cov_nat,mts_aggregate_total,2004,2761.415
grc,sex_f,geo_cov_nat,mts_aggregate_total,2005,2776.705
grc,sex_f,geo_cov_nat,mts_aggregate_total,2006,2776.046
grc,sex_f,geo_cov_nat,mts_aggregate_total,2007,2792.51
grc,sex_f,geo_cov_nat,mts_aggregate_total,2008,2797.065
grc,sex_f,geo_cov_nat,mts_aggregate_total,2009,2746.68
grc,sex_f,geo_cov_nat,mts_aggregate_total,2010,2712.818
grc,sex_f,geo_cov_nat,mts_aggregate_total,2011,2723.053
grc,sex_f,geo_cov_nat,mts_aggregate_total,2012,2708.44
grc,sex_f,geo_cov_nat,mts_aggregate_total,2013,2711.371
grc,sex_f,geo_cov_nat,mts_aggregate_total,2014,2686.666
grc,sex_f,geo_cov_nat,mts_aggregate_total,2015,2646.151
grc,sex_f,geo_cov_nat,mts_aggregate_total,2016,2623.377
grc,sex_f,geo_cov_nat,mts_aggregate_total,2017,2626.365
grc,sex_f,geo_cov_nat,mts_aggregate_total,2018,2636.081
grc,sex_f,geo_cov_nat,mts_aggregate_total,2019,2621.538
grc,sex_f,geo_cov_nat,mts_aggregate_total,2020,2657.347
grc,sex_f,geo_cov_rur,mts_aggregate_1,1992,241.362
grc,sex_f,geo_cov_rur,mts_aggregate_1,1993,244.149
grc,sex_f,geo_cov_rur,mts_aggregate_1,1994,248.024
grc,sex_f,geo_cov_rur,mts_aggregate_1,1995,240.723
grc,sex_f,geo_cov_rur,mts_aggregate_1,1996,246.785
grc,sex_f,geo_cov_rur,mts_aggregate_1,1997,253.565
grc,sex_f,geo_cov_rur,mts_aggregate_1,1998,252.224
grc,sex_f,geo_cov_rur,mts_aggregate_1,1999,254.858
grc,sex_f,geo_cov_rur,mts_aggregate_1,2000,253.191
grc,sex_f,geo_cov_rur,mts_aggregate_1,2001,270.747
grc,sex_f,geo_cov_rur,mts_aggregate_1,2002,272.864
grc,sex_f,geo_cov_rur,mts_aggregate_1,2003,276.145
grc,sex_f,geo_cov_rur,mts_aggregate_1,2004,250.446
grc,sex_f,geo_cov_rur,mts_aggregate_1,2005,248.941
grc,sex_f,geo_cov_rur,mts_aggregate_1,2006,254.528
grc,sex_f,geo_cov_rur,mts_aggregate_1,2007,246.621
grc,sex_f,geo_cov_rur,mts_aggregate_1,2008,243.113
grc,sex_f,geo_cov_rur,mts_aggregate_1,2009,637.952
grc,sex_f,geo_cov_rur,mts_aggregate_1,2010,540.321
grc,sex_f,geo_cov_rur,mts_aggregate_1,2011,537.101
grc,sex_f,geo_cov_rur,mts_aggregate_1,2012,364.021
grc,sex_f,geo_cov_rur,mts_aggregate_1,2013,368.059
grc,sex_f,geo_cov_rur,mts_aggregate_1,2014,364.147
grc,sex_f,geo_cov_rur,mts_aggregate_1,2015,334.188
grc,sex_f,geo_cov_rur,mts_aggregate_1,2016,355.969
grc,sex_f,geo_cov_rur,mts_aggregate_1,2017,348.134
grc,sex_f,geo_cov_rur,mts_aggregate_1,2018,332.019
grc,sex_f,geo_cov_rur,mts_aggregate_1,2019,332.856
grc,sex_f,geo_cov_rur,mts_aggregate_1,2020,341.626
grc,sex_f,geo_cov_rur,mts_aggregate_2,1992,376.744
grc,sex_f,geo_cov_rur,mts_aggregate_2,1993,384.131
grc,sex_f,geo_cov_rur,mts_aggregate_2,1994,370.096
grc,sex_f,geo_cov_rur,mts_aggregate_2,1995,372.219
grc,sex_f,geo_cov_rur,mts_aggregate_2,1996,370.242
grc,sex_f,geo_cov_rur,mts_aggregate_2,1997,377.952
grc,sex_f,geo_cov_rur,mts_aggregate_2,1998,388.008
grc,sex_f,geo_cov_rur,mts_aggregate_2,1999,383.661
grc,sex_f,geo_cov_rur,mts_aggregate_2,2000,385.251
grc,sex_f,geo_cov_rur,mts_aggregate_2,2001,407.919
grc,sex_f,geo_cov_rur,mts_aggregate_2,2002,400.523
grc,sex_f,geo_cov_rur,mts_aggregate_2,2003,389.425
grc,sex_f,geo_cov_rur,mts_aggregate_2,2004,389.894
grc,sex_f,geo_cov_rur,mts_aggregate_2,2005,386.72
grc,sex_f,geo_cov_rur,mts_aggregate_2,2006,374.852
grc,sex_f,geo_cov_rur,mts_aggregate_2,2007,371.589
grc,sex_f,geo_cov_rur,mts_aggregate_2,2008,374.15
grc,sex_f,geo_cov_rur,mts_aggregate_2,2009,876.286
grc,sex_f,geo_cov_rur,mts_aggregate_2,2010,736.485
grc,sex_f,geo_cov_rur,mts_aggregate_2,2011,725.953
grc,sex_f,geo_cov_rur,mts_aggregate_2,2012,501.023
grc,sex_f,geo_cov_rur,mts_aggregate_2,2013,483.148
grc,sex_f,geo_cov_rur,mts_aggregate_2,2014,477.744
grc,sex_f,geo_cov_rur,mts_aggregate_2,2015,455.757
grc,sex_f,geo_cov_rur,mts_aggregate_2,2016,455.107
grc,sex_f,geo_cov_rur,mts_aggregate_2,2017,444.072
grc,sex_f,geo_cov_rur,mts_aggregate_2,2018,437.936
grc,sex_f,geo_cov_rur,mts_aggregate_2,2019,427.869
grc,sex_f,geo_cov_rur,mts_aggregate_2,2020,429.575
grc,sex_f,geo_cov_rur,mts_aggregate_total,1992,618.106
grc,sex_f,geo_cov_rur,mts_aggregate_total,1993,628.281
grc,sex_f,geo_cov_rur,mts_aggregate_total,1994,618.12
grc,sex_f,geo_cov_rur,mts_aggregate_total,1995,612.942
grc,sex_f,geo_cov_rur,mts_aggregate_total,1996,617.027
grc,sex_f,geo_cov_rur,mts_aggregate_total,1997,631.518
grc,sex_f,geo_cov_rur,mts_aggregate_total,1998,640.231
grc,sex_f,geo_cov_rur,mts_aggregate_total,1999,638.519
grc,sex_f,geo_cov_rur,mts_aggregate_total,2000,638.442
grc,sex_f,geo_cov_rur,mts_aggregate_total,2001,678.666
grc,sex_f,geo_cov_rur,mts_aggregate_total,2002,673.387
grc,sex_f,geo_cov_rur,mts_aggregate_total,2003,665.57
grc,sex_f,geo_cov_rur,mts_aggregate_total,2004,640.339
grc,sex_f,geo_cov_rur,mts_aggregate_total,2005,635.661
grc,sex_f,geo_cov_rur,mts_aggregate_total,2006,629.38
grc,sex_f,geo_cov_rur,mts_aggregate_total,2007,618.21
grc,sex_f,geo_cov_rur,mts_aggregate_total,2008,617.263
grc,sex_f,geo_cov_rur,mts_aggregate_total,2009,1514.237
grc,sex_f,geo_cov_rur,mts_aggregate_total,2010,1276.806
grc,sex_f,geo_cov_rur,mts_aggregate_total,2011,1263.054
grc,sex_f,geo_cov_rur,mts_aggregate_total,2012,865.044
grc,sex_f,geo_cov_rur,mts_aggregate_total,2013,851.206
grc,sex_f,geo_cov_rur,mts_aggregate_total,2014,841.891
grc,sex_f,geo_cov_rur,mts_aggregate_total,2015,789.945
grc,sex_f,geo_cov_rur,mts_aggregate_total,2016,811.076
grc,sex_f,geo_cov_rur,mts_aggregate_total,2017,792.206
grc,sex_f,geo_cov_rur,mts_aggregate_total,2018,769.955
grc,sex_f,geo_cov_rur,mts_aggregate_total,2019,760.724
grc,sex_f,geo_cov_rur,mts_aggregate_total,2020,771.201
grc,sex_f,geo_cov_urb,mts_aggregate_1,1992,886.969
grc,sex_f,geo_cov_urb,mts_aggregate_1,1993,906.813
grc,sex_f,geo_cov_urb,mts_aggregate_1,1994,924.865
grc,sex_f,geo_cov_urb,mts_aggregate_1,1995,953.376
grc,sex_f,geo_cov_urb,mts_aggregate_1,1996,955.784
grc,sex_f,geo_cov_urb,mts_aggregate_1,1997,990.791
grc,sex_f,geo_cov_urb,mts_aggregate_1,1998,861.565
grc,sex_f,geo_cov_urb,mts_aggregate_1,1999,862.694
grc,sex_f,geo_cov_urb,mts_aggregate_1,2000,873.629
grc,sex_f,geo_cov_urb,mts_aggregate_1,2001,927.719
grc,sex_f,geo_cov_urb,mts_aggregate_1,2002,951.327
grc,sex_f,geo_cov_urb,mts_aggregate_1,2003,960.542
grc,sex_f,geo_cov_urb,mts_aggregate_1,2004,942.068
grc,sex_f,geo_cov_urb,mts_aggregate_1,2005,979.562
grc,sex_f,geo_cov_urb,mts_aggregate_1,2006,990.443
grc,sex_f,geo_cov_urb,mts_aggregate_1,2007,996.312
grc,sex_f,geo_cov_urb,mts_aggregate_1,2008,1003.47
grc,sex_f,geo_cov_urb,mts_aggregate_1,2009,598.409
grc,sex_f,geo_cov_urb,mts_aggregate_1,2010,706.44
grc,sex_f,geo_cov_urb,mts_aggregate_1,2011,718.96
grc,sex_f,geo_cov_urb,mts_aggregate_1,2012,883.713
grc,sex_f,geo_cov_urb,mts_aggregate_1,2013,901.555
grc,sex_f,geo_cov_urb,mts_aggregate_1,2014,897.911
grc,sex_f,geo_cov_urb,mts_aggregate_1,2015,933.357
grc,sex_f,geo_cov_urb,mts_aggregate_1,2016,914.556
grc,sex_f,geo_cov_urb,mts_aggregate_1,2017,917.406
grc,sex_f,geo_cov_urb,mts_aggregate_1,2018,940.532
grc,sex_f,geo_cov_urb,mts_aggregate_1,2019,967.183
grc,sex_f,geo_cov_urb,mts_aggregate_1,2020,965.555
grc,sex_f,geo_cov_urb,mts_aggregate_2,1992,1317.837
grc,sex_f,geo_cov_urb,mts_aggregate_2,1993,1318.114
grc,sex_f,geo_cov_urb,mts_aggregate_2,1994,1334.642
grc,sex_f,geo_cov_urb,mts_aggregate_2,1995,1327.125
grc,sex_f,geo_cov_urb,mts_aggregate_2,1996,1301.616
grc,sex_f,geo_cov_urb,mts_aggregate_2,1997,1304.918
grc,sex_f,geo_cov_urb,mts_aggregate_2,1998,1197.328
grc,sex_f,geo_cov_urb,mts_aggregate_2,1999,1181.791
grc,sex_f,geo_cov_urb,mts_aggregate_2,2000,1193.86
grc,sex_f,geo_cov_urb,mts_aggregate_2,2001,1230.381
grc,sex_f,geo_cov_urb,mts_aggregate_2,2002,1199.252
grc,sex_f,geo_cov_urb,mts_aggregate_2,2003,1181.429
grc,sex_f,geo_cov_urb,mts_aggregate_2,2004,1179.008
grc,sex_f,geo_cov_urb,mts_aggregate_2,2005,1161.481
grc,sex_f,geo_cov_urb,mts_aggregate_2,2006,1156.222
grc,sex_f,geo_cov_urb,mts_aggregate_2,2007,1177.988
grc,sex_f,geo_cov_urb,mts_aggregate_2,2008,1176.332
grc,sex_f,geo_cov_urb,mts_aggregate_2,2009,634.035
grc,sex_f,geo_cov_urb,mts_aggregate_2,2010,729.572
grc,sex_f,geo_cov_urb,mts_aggregate_2,2011,741.039
grc,sex_f,geo_cov_urb,mts_aggregate_2,2012,959.683
grc,sex_f,geo_cov_urb,mts_aggregate_2,2013,958.609
grc,sex_f,geo_cov_urb,mts_aggregate_2,2014,946.864
grc,sex_f,geo_cov_urb,mts_aggregate_2,2015,922.849
grc,sex_f,geo_cov_urb,mts_aggregate_2,2016,897.745
grc,sex_f,geo_cov_urb,mts_aggregate_2,2017,916.753
grc,sex_f,geo_cov_urb,mts_aggregate_2,2018,925.594
grc,sex_f,geo_cov_urb,mts_aggregate_2,2019,893.631
grc,sex_f,geo_cov_urb,mts_aggregate_2,2020,920.59
grc,sex_f,geo_cov_urb,mts_aggregate_total,1992,2204.805
grc,sex_f,geo_cov_urb,mts_aggregate_total,1993,2224.927
grc,sex_f,geo_cov_urb,mts_aggregate_total,1994,2259.507
grc,sex_f,geo_cov_urb,mts_aggregate_total,1995,2280.501
grc,sex_f,geo_cov_urb,mts_aggregate_total,1996,2257.4
grc,sex_f,geo_cov_urb,mts_aggregate_total,1997,2295.709
grc,sex_f,geo_cov_urb,mts_aggregate_total,1998,2058.893
grc,sex_f,geo_cov_urb,mts_aggregate_total,1999,2044.485
grc,sex_f,geo_cov_urb,mts_aggregate_total,2000,2067.489
grc,sex_f,geo_cov_urb,mts_aggregate_total,2001,2158.1
grc,sex_f,geo_cov_urb,mts_aggregate_total,2002,2150.579
grc,sex_f,geo_cov_urb,mts_aggregate_total,2003,2141.971
grc,sex_f,geo_cov_urb,mts_aggregate_total,2004,2121.076
grc,sex_f,geo_cov_urb,mts_aggregate_total,2005,2141.044
grc,sex_f,geo_cov_urb,mts_aggregate_total,2006,2146.666
grc,sex_f,geo_cov_urb,mts_aggregate_total,2007,2174.3
grc,sex_f,geo_cov_urb,mts_aggregate_total,2008,2179.802
grc,sex_f,geo_cov_urb,mts_aggregate_total,2009,1232.443
grc,sex_f,geo_cov_urb,mts_aggregate_total,2010,1436.012
grc,sex_f,geo_cov_urb,mts_aggregate_total,2011,1459.999
grc,sex_f,geo_cov_urb,mts_aggregate_total,2012,1843.396
grc,sex_f,geo_cov_urb,mts_aggregate_total,2013,1860.165
grc,sex_f,geo_cov_urb,mts_aggregate_total,2014,1844.774
grc,sex_f,geo_cov_urb,mts_aggregate_total,2015,1856.206
grc,sex_f,geo_cov_urb,mts_aggregate_total,2016,1812.301
grc,sex_f,geo_cov_urb,mts_aggregate_total,2017,1834.158
grc,sex_f,geo_cov_urb,mts_aggregate_total,2018,1866.126
grc,sex_f,geo_cov_urb,mts_aggregate_total,2019,1860.814
grc,sex_f,geo_cov_urb,mts_aggregate_total,2020,1886.146
grc,sex_m,geo_cov_nat,mts_aggregate_1,1992,565.226
grc,sex_m,geo_cov_nat,mts_aggregate_1,1993,585.884
grc,sex_m,geo_cov_nat,mts_aggregate_1,1994,577.864
grc,sex_m,geo_cov_nat,mts_aggregate_1,1995,569.486
grc,sex_m,geo_cov_nat,mts_aggregate_1,1996,579.935
grc,sex_m,geo_cov_nat,mts_aggregate_1,1997,607.748
grc,sex_m,geo_cov_nat,mts_aggregate_1,1998,614.994
grc,sex_m,geo_cov_nat,mts_aggregate_1,1999,619.112
grc,sex_m,geo_cov_nat,mts_aggregate_1,2000,628.124
grc,sex_m,geo_cov_nat,mts_aggregate_1,2001,680.312
grc,sex_m,geo_cov_nat,mts_aggregate_1,2002,664.071
grc,sex_m,geo_cov_nat,mts_aggregate_1,2003,670.176
grc,sex_m,geo_cov_nat,mts_aggregate_1,2004,643.949
grc,sex_m,geo_cov_nat,mts_aggregate_1,2005,663.141
grc,sex_m,geo_cov_nat,mts_aggregate_1,2006,680.792
grc,sex_m,geo_cov_nat,mts_aggregate_1,2007,676.784
grc,sex_m,geo_cov_nat,mts_aggregate_1,2008,676.279
grc,sex_m,geo_cov_nat,mts_aggregate_1,2009,660.539
grc,sex_m,geo_cov_nat,mts_aggregate_1,2010,660.314
grc,sex_m,geo_cov_nat,mts_aggregate_1,2011,679.394
grc,sex_m,geo_cov_nat,mts_aggregate_1,2012,688.062
grc,sex_m,geo_cov_nat,mts_aggregate_1,2013,697.967
grc,sex_m,geo_cov_nat,mts_aggregate_1,2014,702.305
grc,sex_m,geo_cov_nat,mts_aggregate_1,2015,715.098
grc,sex_m,geo_cov_nat,mts_aggregate_1,2016,719.158
grc,sex_m,geo_cov_nat,mts_aggregate_1,2017,730.418
grc,sex_m,geo_cov_nat,mts_aggregate_1,2018,741.447
grc,sex_m,geo_cov_nat,mts_aggregate_1,2019,764.022
grc,sex_m,geo_cov_nat,mts_aggregate_1,2020,793.384
grc,sex_m,geo_cov_nat,mts_aggregate_2,1992,832.845
grc,sex_m,geo_cov_nat,mts_aggregate_2,1993,845.611
grc,sex_m,geo_cov_nat,mts_aggregate_2,1994,853.921
grc,sex_m,geo_cov_nat,mts_aggregate_2,1995,874.217
grc,sex_m,geo_cov_nat,mts_aggregate_2,1996,885.674
grc,sex_m,geo_cov_nat,mts_aggregate_2,1997,926.482
grc,sex_m,geo_cov_nat,mts_aggregate_2,1998,841.731
grc,sex_m,geo_cov_nat,mts_aggregate_2,1999,868.907
grc,sex_m,geo_cov_nat,mts_aggregate_2,2000,879.565
grc,sex_m,geo_cov_nat,mts_aggregate_2,2001,918.55
grc,sex_m,geo_cov_nat,mts_aggregate_2,2002,938.685
grc,sex_m,geo_cov_nat,mts_aggregate_2,2003,928.584
grc,sex_m,geo_cov_nat,mts_aggregate_2,2004,957.029
grc,sex_m,geo_cov_nat,mts_aggregate_2,2005,955.538
grc,sex_m,geo_cov_nat,mts_aggregate_2,2006,941.571
grc,sex_m,geo_cov_nat,mts_aggregate_2,2007,960.646
grc,sex_m,geo_cov_nat,mts_aggregate_2,2008,963.48
grc,sex_m,geo_cov_nat,mts_aggregate_2,2009,983.192
grc,sex_m,geo_cov_nat,mts_aggregate_2,2010,997.164
grc,sex_m,geo_cov_nat,mts_aggregate_2,2011,1034.226
grc,sex_m,geo_cov_nat,mts_aggregate_2,2012,1058.216
grc,sex_m,geo_cov_nat,mts_aggregate_2,2013,1056.645
grc,sex_m,geo_cov_nat,mts_aggregate_2,2014,1082.493
grc,sex_m,geo_cov_nat,mts_aggregate_2,2015,1077.639
grc,sex_m,geo_cov_nat,mts_aggregate_2,2016,1065.789
grc,sex_m,geo_cov_nat,mts_aggregate_2,2017,1040.419
grc,sex_m,geo_cov_nat,mts_aggregate_2,2018,1019.593
grc,sex_m,geo_cov_nat,mts_aggregate_2,2019,988.066
grc,sex_m,geo_cov_nat,mts_aggregate_2,2020,997.783
grc,sex_m,geo_cov_nat,mts_aggregate_total,1992,1398.071
grc,sex_m,geo_cov_nat,mts_aggregate_total,1993,1431.495
grc,sex_m,geo_cov_nat,mts_aggregate_total,1994,1431.784
grc,sex_m,geo_cov_nat,mts_aggregate_total,1995,1443.704
grc,sex_m,geo_cov_nat,mts_aggregate_total,1996,1465.609
grc,sex_m,geo_cov_nat,mts_aggregate_total,1997,1534.231
grc,sex_m,geo_cov_nat,mts_aggregate_total,1998,1456.725
grc,sex_m,geo_cov_nat,mts_aggregate_total,1999,1488.019
grc,sex_m,geo_cov_nat,mts_aggregate_total,2000,1507.689
grc,sex_m,geo_cov_nat,mts_aggregate_total,2001,1598.862
grc,sex_m,geo_cov_nat,mts_aggregate_total,2002,1602.756
grc,sex_m,geo_cov_nat,mts_aggregate_total,2003,1598.76
grc,sex_m,geo_cov_nat,mts_aggregate_total,2004,1600.978
grc,sex_m,geo_cov_nat,mts_aggregate_total,2005,1618.679
grc,sex_m,geo_cov_nat,mts_aggregate_total,2006,1622.362
grc,sex_m,geo_cov_nat,mts_aggregate_total,2007,1637.43
grc,sex_m,geo_cov_nat,mts_aggregate_total,2008,1639.759
grc,sex_m,geo_cov_nat,mts_aggregate_total,2009,1643.731
grc,sex_m,geo_cov_nat,mts_aggregate_total,2010,1657.477
grc,sex_m,geo_cov_nat,mts_aggregate_total,2011,1713.62
grc,sex_m,geo_cov_nat,mts_aggregate_total,2012,1746.278
grc,sex_m,geo_cov_nat,mts_aggregate_total,2013,1754.612
grc,sex_m,geo_cov_nat,mts_aggregate_total,2014,1784.798
grc,sex_m,geo_cov_nat,mts_aggregate_total,2015,1792.737
grc,sex_m,geo_cov_nat,mts_aggregate_total,2016,1784.947
grc,sex_m,geo_cov_nat,mts_aggregate_total,2017,1770.837
grc,sex_m,geo_cov_nat,mts_aggregate_total,2018,1761.04
grc,sex_m,geo_cov_nat,mts_aggregate_total,2019,1752.088
grc,sex_m,geo_cov_nat,mts_aggregate_total,2020,1791.167
grc,sex_m,geo_cov_rur,mts_aggregate_1,1992,111.1
grc,sex_m,geo_cov_rur,mts_aggregate_1,1993,107
grc,sex_m,geo_cov_rur,mts_aggregate_1,1994,105.056
grc,sex_m,geo_cov_rur,mts_aggregate_1,1995,106.739
grc,sex_m,geo_cov_rur,mts_aggregate_1,1996,107.746
grc,sex_m,geo_cov_rur,mts_aggregate_1,1997,112.557
grc,sex_m,geo_cov_rur,mts_aggregate_1,1998,129.267
grc,sex_m,geo_cov_rur,mts_aggregate_1,1999,124.594
grc,sex_m,geo_cov_rur,mts_aggregate_1,2000,128.49
grc,sex_m,geo_cov_rur,mts_aggregate_1,2001,134.358
grc,sex_m,geo_cov_rur,mts_aggregate_1,2002,134.117
grc,sex_m,geo_cov_rur,mts_aggregate_1,2003,126.197
grc,sex_m,geo_cov_rur,mts_aggregate_1,2004,118.458
grc,sex_m,geo_cov_rur,mts_aggregate_1,2005,119.307
grc,sex_m,geo_cov_rur,mts_aggregate_1,2006,119.988
grc,sex_m,geo_cov_rur,mts_aggregate_1,2007,118.232
grc,sex_m,geo_cov_rur,mts_aggregate_1,2008,120.039
grc,sex_m,geo_cov_rur,mts_aggregate_1,2009,313.934
grc,sex_m,geo_cov_rur,mts_aggregate_1,2010,262.624
grc,sex_m,geo_cov_rur,mts_aggregate_1,2011,280.822
grc,sex_m,geo_cov_rur,mts_aggregate_1,2012,191.719
grc,sex_m,geo_cov_rur,mts_aggregate_1,2013,203.791
grc,sex_m,geo_cov_rur,mts_aggregate_1,2014,196.802
grc,sex_m,geo_cov_rur,mts_aggregate_1,2015,180.912
grc,sex_m,geo_cov_rur,mts_aggregate_1,2016,191.466
grc,sex_m,geo_cov_rur,mts_aggregate_1,2017,195.639
grc,sex_m,geo_cov_rur,mts_aggregate_1,2018,193.31
grc,sex_m,geo_cov_rur,mts_aggregate_1,2019,210.015
grc,sex_m,geo_cov_rur,mts_aggregate_1,2020,219.457
grc,sex_m,geo_cov_rur,mts_aggregate_2,1992,224.759
grc,sex_m,geo_cov_rur,mts_aggregate_2,1993,229.952
grc,sex_m,geo_cov_rur,mts_aggregate_2,1994,221.315
grc,sex_m,geo_cov_rur,mts_aggregate_2,1995,227.72
grc,sex_m,geo_cov_rur,mts_aggregate_2,1996,234.114
grc,sex_m,geo_cov_rur,mts_aggregate_2,1997,249.299
grc,sex_m,geo_cov_rur,mts_aggregate_2,1998,245.105
grc,sex_m,geo_cov_rur,mts_aggregate_2,1999,260.485
grc,sex_m,geo_cov_rur,mts_aggregate_2,2000,258.998
grc,sex_m,geo_cov_rur,mts_aggregate_2,2001,259.589
grc,sex_m,geo_cov_rur,mts_aggregate_2,2002,272.952
grc,sex_m,geo_cov_rur,mts_aggregate_2,2003,280.841
grc,sex_m,geo_cov_rur,mts_aggregate_2,2004,280.058
grc,sex_m,geo_cov_rur,mts_aggregate_2,2005,281.892
grc,sex_m,geo_cov_rur,mts_aggregate_2,2006,268.256
grc,sex_m,geo_cov_rur,mts_aggregate_2,2007,267.496
grc,sex_m,geo_cov_rur,mts_aggregate_2,2008,265.352
grc,sex_m,geo_cov_rur,mts_aggregate_2,2009,585.637
grc,sex_m,geo_cov_rur,mts_aggregate_2,2010,522.411
grc,sex_m,geo_cov_rur,mts_aggregate_2,2011,528.274
grc,sex_m,geo_cov_rur,mts_aggregate_2,2012,378.788
grc,sex_m,geo_cov_rur,mts_aggregate_2,2013,368.782
grc,sex_m,geo_cov_rur,mts_aggregate_2,2014,370.88
grc,sex_m,geo_cov_rur,mts_aggregate_2,2015,368.757
grc,sex_m,geo_cov_rur,mts_aggregate_2,2016,367.337
grc,sex_m,geo_cov_rur,mts_aggregate_2,2017,355.237
grc,sex_m,geo_cov_rur,mts_aggregate_2,2018,343.679
grc,sex_m,geo_cov_rur,mts_aggregate_2,2019,337.423
grc,sex_m,geo_cov_rur,mts_aggregate_2,2020,332.371
grc,sex_m,geo_cov_rur,mts_aggregate_total,1992,335.859
grc,sex_m,geo_cov_rur,mts_aggregate_total,1993,336.952
grc,sex_m,geo_cov_rur,mts_aggregate_total,1994,326.37
grc,sex_m,geo_cov_rur,mts_aggregate_total,1995,334.459
grc,sex_m,geo_cov_rur,mts_aggregate_total,1996,341.86
grc,sex_m,geo_cov_rur,mts_aggregate_total,1997,361.856
grc,sex_m,geo_cov_rur,mts_aggregate_total,1998,374.372
grc,sex_m,geo_cov_rur,mts_aggregate_total,1999,385.078
grc,sex_m,geo_cov_rur,mts_aggregate_total,2000,387.488
grc,sex_m,geo_cov_rur,mts_aggregate_total,2001,393.947
grc,sex_m,geo_cov_rur,mts_aggregate_total,2002,407.069
grc,sex_m,geo_cov_rur,mts_aggregate_total,2003,407.038
grc,sex_m,geo_cov_rur,mts_aggregate_total,2004,398.516
grc,sex_m,geo_cov_rur,mts_aggregate_total,2005,401.199
grc,sex_m,geo_cov_rur,mts_aggregate_total,2006,388.244
grc,sex_m,geo_cov_rur,mts_aggregate_total,2007,385.728
grc,sex_m,geo_cov_rur,mts_aggregate_total,2008,385.392
grc,sex_m,geo_cov_rur,mts_aggregate_total,2009,899.57
grc,sex_m,geo_cov_rur,mts_aggregate_total,2010,785.035
grc,sex_m,geo_cov_rur,mts_aggregate_total,2011,809.096
grc,sex_m,geo_cov_rur,mts_aggregate_total,2012,570.507
grc,sex_m,geo_cov_rur,mts_aggregate_total,2013,572.572
grc,sex_m,geo_cov_rur,mts_aggregate_total,2014,567.682
grc,sex_m,geo_cov_rur,mts_aggregate_total,2015,549.669
grc,sex_m,geo_cov_rur,mts_aggregate_total,2016,558.803
grc,sex_m,geo_cov_rur,mts_aggregate_total,2017,550.876
grc,sex_m,geo_cov_rur,mts_aggregate_total,2018,536.99
grc,sex_m,geo_cov_rur,mts_aggregate_total,2019,547.437
grc,sex_m,geo_cov_rur,mts_aggregate_total,2020,551.828
grc,sex_m,geo_cov_urb,mts_aggregate_1,1992,454.126
grc,sex_m,geo_cov_urb,mts_aggregate_1,1993,478.883
grc,sex_m,geo_cov_urb,mts_aggregate_1,1994,472.808
grc,sex_m,geo_cov_urb,mts_aggregate_1,1995,462.747
grc,sex_m,geo_cov_urb,mts_aggregate_1,1996,472.189
grc,sex_m,geo_cov_urb,mts_aggregate_1,1997,495.191
grc,sex_m,geo_cov_urb,mts_aggregate_1,1998,485.727
grc,sex_m,geo_cov_urb,mts_aggregate_1,1999,494.519
grc,sex_m,geo_cov_urb,mts_aggregate_1,2000,499.635
grc,sex_m,geo_cov_urb,mts_aggregate_1,2001,545.954
grc,sex_m,geo_cov_urb,mts_aggregate_1,2002,529.954
grc,sex_m,geo_cov_urb,mts_aggregate_1,2003,543.979
grc,sex_m,geo_cov_urb,mts_aggregate_1,2004,525.49
grc,sex_m,geo_cov_urb,mts_aggregate_1,2005,543.834
grc,sex_m,geo_cov_urb,mts_aggregate_1,2006,560.803
grc,sex_m,geo_cov_urb,mts_aggregate_1,2007,558.552
grc,sex_m,geo_cov_urb,mts_aggregate_1,2008,556.24
grc,sex_m,geo_cov_urb,mts_aggregate_1,2009,346.605
grc,sex_m,geo_cov_urb,mts_aggregate_1,2010,397.69
grc,sex_m,geo_cov_urb,mts_aggregate_1,2011,398.572
grc,sex_m,geo_cov_urb,mts_aggregate_1,2012,496.344
grc,sex_m,geo_cov_urb,mts_aggregate_1,2013,494.176
grc,sex_m,geo_cov_urb,mts_aggregate_1,2014,505.503
grc,sex_m,geo_cov_urb,mts_aggregate_1,2015,534.186
grc,sex_m,geo_cov_urb,mts_aggregate_1,2016,527.692
grc,sex_m,geo_cov_urb,mts_aggregate_1,2017,534.779
grc,sex_m,geo_cov_urb,mts_aggregate_1,2018,548.136
grc,sex_m,geo_cov_urb,mts_aggregate_1,2019,554.008
grc,sex_m,geo_cov_urb,mts_aggregate_1,2020,573.928
grc,sex_m,geo_cov_urb,mts_aggregate_2,1992,608.086
grc,sex_m,geo_cov_urb,mts_aggregate_2,1993,615.66
grc,sex_m,geo_cov_urb,mts_aggregate_2,1994,632.606
grc,sex_m,geo_cov_urb,mts_aggregate_2,1995,646.498
grc,sex_m,geo_cov_urb,mts_aggregate_2,1996,651.56
grc,sex_m,geo_cov_urb,mts_aggregate_2,1997,677.184
grc,sex_m,geo_cov_urb,mts_aggregate_2,1998,596.626
grc,sex_m,geo_cov_urb,mts_aggregate_2,1999,608.423
grc,sex_m,geo_cov_urb,mts_aggregate_2,2000,620.567
grc,sex_m,geo_cov_urb,mts_aggregate_2,2001,658.961
grc,sex_m,geo_cov_urb,mts_aggregate_2,2002,665.733
grc,sex_m,geo_cov_urb,mts_aggregate_2,2003,647.743
grc,sex_m,geo_cov_urb,mts_aggregate_2,2004,676.971
grc,sex_m,geo_cov_urb,mts_aggregate_2,2005,673.646
grc,sex_m,geo_cov_urb,mts_aggregate_2,2006,673.315
grc,sex_m,geo_cov_urb,mts_aggregate_2,2007,693.15
grc,sex_m,geo_cov_urb,mts_aggregate_2,2008,698.128
grc,sex_m,geo_cov_urb,mts_aggregate_2,2009,397.555
grc,sex_m,geo_cov_urb,mts_aggregate_2,2010,474.753
grc,sex_m,geo_cov_urb,mts_aggregate_2,2011,505.952
grc,sex_m,geo_cov_urb,mts_aggregate_2,2012,679.428
grc,sex_m,geo_cov_urb,mts_aggregate_2,2013,687.863
grc,sex_m,geo_cov_urb,mts_aggregate_2,2014,711.614
grc,sex_m,geo_cov_urb,mts_aggregate_2,2015,708.882
grc,sex_m,geo_cov_urb,mts_aggregate_2,2016,698.452
grc,sex_m,geo_cov_urb,mts_aggregate_2,2017,685.183
grc,sex_m,geo_cov_urb,mts_aggregate_2,2018,675.914
grc,sex_m,geo_cov_urb,mts_aggregate_2,2019,650.643
grc,sex_m,geo_cov_urb,mts_aggregate_2,2020,665.412
grc,sex_m,geo_cov_urb,mts_aggregate_total,1992,1062.212
grc,sex_m,geo_cov_urb,mts_aggregate_total,1993,1094.543
grc,sex_m,geo_cov_urb,mts_aggregate_total,1994,1105.414
grc,sex_m,geo_cov_urb,mts_aggregate_total,1995,1109.245
grc,sex_m,geo_cov_urb,mts_aggregate_total,1996,1123.749
grc,sex_m,geo_cov_urb,mts_aggregate_total,1997,1172.375
grc,sex_m,geo_cov_urb,mts_aggregate_total,1998,1082.353
grc,sex_m,geo_cov_urb,mts_aggregate_total,1999,1102.941
grc,sex_m,geo_cov_urb,mts_aggregate_total,2000,1120.202
grc,sex_m,geo_cov_urb,mts_aggregate_total,2001,1204.915
grc,sex_m,geo_cov_urb,mts_aggregate_total,2002,1195.687
grc,sex_m,geo_cov_urb,mts_aggregate_total,2003,1191.722
grc,sex_m,geo_cov_urb,mts_aggregate_total,2004,1202.462
grc,sex_m,geo_cov_urb,mts_aggregate_total,2005,1217.48
grc,sex_m,geo_cov_urb,mts_aggregate_total,2006,1234.118
grc,sex_m,geo_cov_urb,mts_aggregate_total,2007,1251.702
grc,sex_m,geo_cov_urb,mts_aggregate_total,2008,1254.368
grc,sex_m,geo_cov_urb,mts_aggregate_total,2009,744.16
grc,sex_m,geo_cov_urb,mts_aggregate_total,2010,872.443
grc,sex_m,geo_cov_urb,mts_aggregate_total,2011,904.524
grc,sex_m,geo_cov_urb,mts_aggregate_total,2012,1175.772
grc,sex_m,geo_cov_urb,mts_aggregate_total,2013,1182.04
grc,sex_m,geo_cov_urb,mts_aggregate_total,2014,1217.117
grc,sex_m,geo_cov_urb,mts_aggregate_total,2015,1243.068
grc,sex_m,geo_cov_urb,mts_aggregate_total,2016,1226.144
grc,sex_m,geo_cov_urb,mts_aggregate_total,2017,1219.961
grc,sex_m,geo_cov_urb,mts_aggregate_total,2018,1224.05
grc,sex_m,geo_cov_urb,mts_aggregate_total,2019,1204.651
grc,sex_m,geo_cov_urb,mts_aggregate_total,2020,1239.34
grc,sex_t,geo_cov_nat,mts_aggregate_1,1992,1693.557
grc,sex_t,geo_cov_nat,mts_aggregate_1,1993,1736.846
grc,sex_t,geo_cov_nat,mts_aggregate_1,1994,1750.753
grc,sex_t,geo_cov_nat,mts_aggregate_1,1995,1763.586
grc,sex_t,geo_cov_nat,mts_aggregate_1,1996,1782.505
grc,sex_t,geo_cov_nat,mts_aggregate_1,1997,1852.104
grc,sex_t,geo_cov_nat,mts_aggregate_1,1998,1728.782
grc,sex_t,geo_cov_nat,mts_aggregate_1,1999,1736.664
grc,sex_t,geo_cov_nat,mts_aggregate_1,2000,1754.944
grc,sex_t,geo_cov_nat,mts_aggregate_1,2001,1878.778
grc,sex_t,geo_cov_nat,mts_aggregate_1,2002,1888.263
grc,sex_t,geo_cov_nat,mts_aggregate_1,2003,1906.863
grc,sex_t,geo_cov_nat,mts_aggregate_1,2004,1836.463
grc,sex_t,geo_cov_nat,mts_aggregate_1,2005,1891.644
grc,sex_t,geo_cov_nat,mts_aggregate_1,2006,1925.763
grc,sex_t,geo_cov_nat,mts_aggregate_1,2007,1919.717
grc,sex_t,geo_cov_nat,mts_aggregate_1,2008,1922.862
grc,sex_t,geo_cov_nat,mts_aggregate_1,2009,1896.899
grc,sex_t,geo_cov_nat,mts_aggregate_1,2010,1907.074
grc,sex_t,geo_cov_nat,mts_aggregate_1,2011,1935.456
grc,sex_t,geo_cov_nat,mts_aggregate_1,2012,1935.796
grc,sex_t,geo_cov_nat,mts_aggregate_1,2013,1967.581
grc,sex_t,geo_cov_nat,mts_aggregate_1,2014,1964.363
grc,sex_t,geo_cov_nat,mts_aggregate_1,2015,1982.643
grc,sex_t,geo_cov_nat,mts_aggregate_1,2016,1989.682
grc,sex_t,geo_cov_nat,mts_aggregate_1,2017,1995.957
grc,sex_t,geo_cov_nat,mts_aggregate_1,2018,2013.998
grc,sex_t,geo_cov_nat,mts_aggregate_1,2019,2064.061
grc,sex_t,geo_cov_nat,mts_aggregate_1,2020,2100.566
grc,sex_t,geo_cov_nat,mts_aggregate_2,1992,2527.426
grc,sex_t,geo_cov_nat,mts_aggregate_2,1993,2547.856
grc,sex_t,geo_cov_nat,mts_aggregate_2,1994,2558.658
grc,sex_t,geo_cov_nat,mts_aggregate_2,1995,2573.561
grc,sex_t,geo_cov_nat,mts_aggregate_2,1996,2557.531
grc,sex_t,geo_cov_nat,mts_aggregate_2,1997,2609.353
grc,sex_t,geo_cov_nat,mts_aggregate_2,1998,2427.067
grc,sex_t,geo_cov_nat,mts_aggregate_2,1999,2434.36
grc,sex_t,geo_cov_nat,mts_aggregate_2,2000,2458.676
grc,sex_t,geo_cov_nat,mts_aggregate_2,2001,2556.85
grc,sex_t,geo_cov_nat,mts_aggregate_2,2002,2538.46
grc,sex_t,geo_cov_nat,mts_aggregate_2,2003,2499.437
grc,sex_t,geo_cov_nat,mts_aggregate_2,2004,2525.93
grc,sex_t,geo_cov_nat,mts_aggregate_2,2005,2503.74
grc,sex_t,geo_cov_nat,mts_aggregate_2,2006,2472.645
grc,sex_t,geo_cov_nat,mts_aggregate_2,2007,2510.222
grc,sex_t,geo_cov_nat,mts_aggregate_2,2008,2513.962
grc,sex_t,geo_cov_nat,mts_aggregate_2,2009,2493.512
grc,sex_t,geo_cov_nat,mts_aggregate_2,2010,2463.221
grc,sex_t,geo_cov_nat,mts_aggregate_2,2011,2501.218
grc,sex_t,geo_cov_nat,mts_aggregate_2,2012,2518.922
grc,sex_t,geo_cov_nat,mts_aggregate_2,2013,2498.402
grc,sex_t,geo_cov_nat,mts_aggregate_2,2014,2507.101
grc,sex_t,geo_cov_nat,mts_aggregate_2,2015,2456.245
grc,sex_t,geo_cov_nat,mts_aggregate_2,2016,2418.641
grc,sex_t,geo_cov_nat,mts_aggregate_2,2017,2401.244
grc,sex_t,geo_cov_nat,mts_aggregate_2,2018,2383.123
grc,sex_t,geo_cov_nat,mts_aggregate_2,2019,2309.565
grc,sex_t,geo_cov_nat,mts_aggregate_2,2020,2347.948
grc,sex_t,geo_cov_nat,mts_aggregate_total,1992,4220.983
grc,sex_t,geo_cov_nat,mts_aggregate_total,1993,4284.702
grc,sex_t,geo_cov_nat,mts_aggregate_total,1994,4309.411
grc,sex_t,geo_cov_nat,mts_aggregate_total,1995,4337.147
grc,sex_t,geo_cov_nat,mts_aggregate_total,1996,4340.036
grc,sex_t,geo_cov_nat,mts_aggregate_total,1997,4461.457
grc,sex_t,geo_cov_nat,mts_aggregate_total,1998,4155.849
grc,sex_t,geo_cov_nat,mts_aggregate_total,1999,4171.024
grc,sex_t,geo_cov_nat,mts_aggregate_total,2000,4213.621
grc,sex_t,geo_cov_nat,mts_aggregate_total,2001,4435.628
grc,sex_t,geo_cov_nat,mts_aggregate_total,2002,4426.723
grc,sex_t,geo_cov_nat,mts_aggregate_total,2003,4406.301
grc,sex_t,geo_cov_nat,mts_aggregate_total,2004,4362.393
grc,sex_t,geo_cov_nat,mts_aggregate_total,2005,4395.384
grc,sex_t,geo_cov_nat,mts_aggregate_total,2006,4398.408
grc,sex_t,geo_cov_nat,mts_aggregate_total,2007,4429.939
grc,sex_t,geo_cov_nat,mts_aggregate_total,2008,4436.824
grc,sex_t,geo_cov_nat,mts_aggregate_total,2009,4390.411
grc,sex_t,geo_cov_nat,mts_aggregate_total,2010,4370.295
grc,sex_t,geo_cov_nat,mts_aggregate_total,2011,4436.673
grc,sex_t,geo_cov_nat,mts_aggregate_total,2012,4454.718
grc,sex_t,geo_cov_nat,mts_aggregate_total,2013,4465.983
grc,sex_t,geo_cov_nat,mts_aggregate_total,2014,4471.464
grc,sex_t,geo_cov_nat,mts_aggregate_total,2015,4438.888
grc,sex_t,geo_cov_nat,mts_aggregate_total,2016,4408.324
grc,sex_t,geo_cov_nat,mts_aggregate_total,2017,4397.202
grc,sex_t,geo_cov_nat,mts_aggregate_total,2018,4397.121
grc,sex_t,geo_cov_nat,mts_aggregate_total,2019,4373.626
grc,sex_t,geo_cov_nat,mts_aggregate_total,2020,4448.514
grc,sex_t,geo_cov_rur,mts_aggregate_1,1992,352.462
grc,sex_t,geo_cov_rur,mts_aggregate_1,1993,351.15
grc,sex_t,geo_cov_rur,mts_aggregate_1,1994,353.08
grc,sex_t,geo_cov_rur,mts_aggregate_1,1995,347.462
grc,sex_t,geo_cov_rur,mts_aggregate_1,1996,354.531
grc,sex_t,geo_cov_rur,mts_aggregate_1,1997,366.122
grc,sex_t,geo_cov_rur,mts_aggregate_1,1998,381.491
grc,sex_t,geo_cov_rur,mts_aggregate_1,1999,379.452
grc,sex_t,geo_cov_rur,mts_aggregate_1,2000,381.681
grc,sex_t,geo_cov_rur,mts_aggregate_1,2001,405.105
grc,sex_t,geo_cov_rur,mts_aggregate_1,2002,406.982
grc,sex_t,geo_cov_rur,mts_aggregate_1,2003,402.342
grc,sex_t,geo_cov_rur,mts_aggregate_1,2004,368.904
grc,sex_t,geo_cov_rur,mts_aggregate_1,2005,368.248
grc,sex_t,geo_cov_rur,mts_aggregate_1,2006,374.516
grc,sex_t,geo_cov_rur,mts_aggregate_1,2007,364.853
grc,sex_t,geo_cov_rur,mts_aggregate_1,2008,363.152
grc,sex_t,geo_cov_rur,mts_aggregate_1,2009,951.885
grc,sex_t,geo_cov_rur,mts_aggregate_1,2010,802.945
grc,sex_t,geo_cov_rur,mts_aggregate_1,2011,817.923
grc,sex_t,geo_cov_rur,mts_aggregate_1,2012,555.739
grc,sex_t,geo_cov_rur,mts_aggregate_1,2013,571.849
grc,sex_t,geo_cov_rur,mts_aggregate_1,2014,560.949
grc,sex_t,geo_cov_rur,mts_aggregate_1,2015,515.1
grc,sex_t,geo_cov_rur,mts_aggregate_1,2016,547.436
grc,sex_t,geo_cov_rur,mts_aggregate_1,2017,543.773
grc,sex_t,geo_cov_rur,mts_aggregate_1,2018,525.33
grc,sex_t,geo_cov_rur,mts_aggregate_1,2019,542.87
grc,sex_t,geo_cov_rur,mts_aggregate_1,2020,561.083
grc,sex_t,geo_cov_rur,mts_aggregate_2,1992,601.503
grc,sex_t,geo_cov_rur,mts_aggregate_2,1993,614.083
grc,sex_t,geo_cov_rur,mts_aggregate_2,1994,591.411
grc,sex_t,geo_cov_rur,mts_aggregate_2,1995,599.938
grc,sex_t,geo_cov_rur,mts_aggregate_2,1996,604.355
grc,sex_t,geo_cov_rur,mts_aggregate_2,1997,627.251
grc,sex_t,geo_cov_rur,mts_aggregate_2,1998,633.113
grc,sex_t,geo_cov_rur,mts_aggregate_2,1999,644.146
grc,sex_t,geo_cov_rur,mts_aggregate_2,2000,644.249
grc,sex_t,geo_cov_rur,mts_aggregate_2,2001,667.508
grc,sex_t,geo_cov_rur,mts_aggregate_2,2002,673.475
grc,sex_t,geo_cov_rur,mts_aggregate_2,2003,670.266
grc,sex_t,geo_cov_rur,mts_aggregate_2,2004,669.951
grc,sex_t,geo_cov_rur,mts_aggregate_2,2005,668.613
grc,sex_t,geo_cov_rur,mts_aggregate_2,2006,643.108
grc,sex_t,geo_cov_rur,mts_aggregate_2,2007,639.085
grc,sex_t,geo_cov_rur,mts_aggregate_2,2008,639.502
grc,sex_t,geo_cov_rur,mts_aggregate_2,2009,1461.922
grc,sex_t,geo_cov_rur,mts_aggregate_2,2010,1258.896
grc,sex_t,geo_cov_rur,mts_aggregate_2,2011,1254.227
grc,sex_t,geo_cov_rur,mts_aggregate_2,2012,879.811
grc,sex_t,geo_cov_rur,mts_aggregate_2,2013,851.93
grc,sex_t,geo_cov_rur,mts_aggregate_2,2014,848.624
grc,sex_t,geo_cov_rur,mts_aggregate_2,2015,824.515
grc,sex_t,geo_cov_rur,mts_aggregate_2,2016,822.444
grc,sex_t,geo_cov_rur,mts_aggregate_2,2017,799.309
grc,sex_t,geo_cov_rur,mts_aggregate_2,2018,781.615
grc,sex_t,geo_cov_rur,mts_aggregate_2,2019,765.291
grc,sex_t,geo_cov_rur,mts_aggregate_2,2020,761.946
grc,sex_t,geo_cov_rur,mts_aggregate_total,1992,953.965
grc,sex_t,geo_cov_rur,mts_aggregate_total,1993,965.232
grc,sex_t,geo_cov_rur,mts_aggregate_total,1994,944.491
grc,sex_t,geo_cov_rur,mts_aggregate_total,1995,947.4
grc,sex_t,geo_cov_rur,mts_aggregate_total,1996,958.887
grc,sex_t,geo_cov_rur,mts_aggregate_total,1997,993.373
grc,sex_t,geo_cov_rur,mts_aggregate_total,1998,1014.604
grc,sex_t,geo_cov_rur,mts_aggregate_total,1999,1023.597
grc,sex_t,geo_cov_rur,mts_aggregate_total,2000,1025.93
grc,sex_t,geo_cov_rur,mts_aggregate_total,2001,1072.613
grc,sex_t,geo_cov_rur,mts_aggregate_total,2002,1080.457
grc,sex_t,geo_cov_rur,mts_aggregate_total,2003,1072.608
grc,sex_t,geo_cov_rur,mts_aggregate_total,2004,1038.855
grc,sex_t,geo_cov_rur,mts_aggregate_total,2005,1036.86
grc,sex_t,geo_cov_rur,mts_aggregate_total,2006,1017.624
grc,sex_t,geo_cov_rur,mts_aggregate_total,2007,1003.938
grc,sex_t,geo_cov_rur,mts_aggregate_total,2008,1002.655
grc,sex_t,geo_cov_rur,mts_aggregate_total,2009,2413.807
grc,sex_t,geo_cov_rur,mts_aggregate_total,2010,2061.841
grc,sex_t,geo_cov_rur,mts_aggregate_total,2011,2072.151
grc,sex_t,geo_cov_rur,mts_aggregate_total,2012,1435.55
grc,sex_t,geo_cov_rur,mts_aggregate_total,2013,1423.779
grc,sex_t,geo_cov_rur,mts_aggregate_total,2014,1409.573
grc,sex_t,geo_cov_rur,mts_aggregate_total,2015,1339.614
grc,sex_t,geo_cov_rur,mts_aggregate_total,2016,1369.879
grc,sex_t,geo_cov_rur,mts_aggregate_total,2017,1343.082
grc,sex_t,geo_cov_rur,mts_aggregate_total,2018,1306.945
grc,sex_t,geo_cov_rur,mts_aggregate_total,2019,1308.161
grc,sex_t,geo_cov_rur,mts_aggregate_total,2020,1323.029
grc,sex_t,geo_cov_urb,mts_aggregate_1,1992,1341.095
grc,sex_t,geo_cov_urb,mts_aggregate_1,1993,1385.696
grc,sex_t,geo_cov_urb,mts_aggregate_1,1994,1397.673
grc,sex_t,geo_cov_urb,mts_aggregate_1,1995,1416.124
grc,sex_t,geo_cov_urb,mts_aggregate_1,1996,1427.974
grc,sex_t,geo_cov_urb,mts_aggregate_1,1997,1485.982
grc,sex_t,geo_cov_urb,mts_aggregate_1,1998,1347.291
grc,sex_t,geo_cov_urb,mts_aggregate_1,1999,1357.212
grc,sex_t,geo_cov_urb,mts_aggregate_1,2000,1373.264
grc,sex_t,geo_cov_urb,mts_aggregate_1,2001,1473.673
grc,sex_t,geo_cov_urb,mts_aggregate_1,2002,1481.281
grc,sex_t,geo_cov_urb,mts_aggregate_1,2003,1504.521
grc,sex_t,geo_cov_urb,mts_aggregate_1,2004,1467.559
grc,sex_t,geo_cov_urb,mts_aggregate_1,2005,1523.396
grc,sex_t,geo_cov_urb,mts_aggregate_1,2006,1551.246
grc,sex_t,geo_cov_urb,mts_aggregate_1,2007,1554.864
grc,sex_t,geo_cov_urb,mts_aggregate_1,2008,1559.71
grc,sex_t,geo_cov_urb,mts_aggregate_1,2009,945.014
grc,sex_t,geo_cov_urb,mts_aggregate_1,2010,1104.13
grc,sex_t,geo_cov_urb,mts_aggregate_1,2011,1117.533
grc,sex_t,geo_cov_urb,mts_aggregate_1,2012,1380.057
grc,sex_t,geo_cov_urb,mts_aggregate_1,2013,1395.732
grc,sex_t,geo_cov_urb,mts_aggregate_1,2014,1403.414
grc,sex_t,geo_cov_urb,mts_aggregate_1,2015,1467.543
grc,sex_t,geo_cov_urb,mts_aggregate_1,2016,1442.247
grc,sex_t,geo_cov_urb,mts_aggregate_1,2017,1452.185
grc,sex_t,geo_cov_urb,mts_aggregate_1,2018,1488.668
grc,sex_t,geo_cov_urb,mts_aggregate_1,2019,1521.191
grc,sex_t,geo_cov_urb,mts_aggregate_1,2020,1539.483
grc,sex_t,geo_cov_urb,mts_aggregate_2,1992,1925.923
grc,sex_t,geo_cov_urb,mts_aggregate_2,1993,1933.773
grc,sex_t,geo_cov_urb,mts_aggregate_2,1994,1967.248
grc,sex_t,geo_cov_urb,mts_aggregate_2,1995,1973.623
grc,sex_t,geo_cov_urb,mts_aggregate_2,1996,1953.176
grc,sex_t,geo_cov_urb,mts_aggregate_2,1997,1982.102
grc,sex_t,geo_cov_urb,mts_aggregate_2,1998,1793.954
grc,sex_t,geo_cov_urb,mts_aggregate_2,1999,1790.214
grc,sex_t,geo_cov_urb,mts_aggregate_2,2000,1814.427
grc,sex_t,geo_cov_urb,mts_aggregate_2,2001,1889.342
grc,sex_t,geo_cov_urb,mts_aggregate_2,2002,1864.985
grc,sex_t,geo_cov_urb,mts_aggregate_2,2003,1829.172
grc,sex_t,geo_cov_urb,mts_aggregate_2,2004,1855.979
grc,sex_t,geo_cov_urb,mts_aggregate_2,2005,1835.127
grc,sex_t,geo_cov_urb,mts_aggregate_2,2006,1829.538
grc,sex_t,geo_cov_urb,mts_aggregate_2,2007,1871.138
grc,sex_t,geo_cov_urb,mts_aggregate_2,2008,1874.46
grc,sex_t,geo_cov_urb,mts_aggregate_2,2009,1031.589
grc,sex_t,geo_cov_urb,mts_aggregate_2,2010,1204.325
grc,sex_t,geo_cov_urb,mts_aggregate_2,2011,1246.99
grc,sex_t,geo_cov_urb,mts_aggregate_2,2012,1639.111
grc,sex_t,geo_cov_urb,mts_aggregate_2,2013,1646.473
grc,sex_t,geo_cov_urb,mts_aggregate_2,2014,1658.477
grc,sex_t,geo_cov_urb,mts_aggregate_2,2015,1631.731
grc,sex_t,geo_cov_urb,mts_aggregate_2,2016,1596.198
grc,sex_t,geo_cov_urb,mts_aggregate_2,2017,1601.935
grc,sex_t,geo_cov_urb,mts_aggregate_2,2018,1601.508
grc,sex_t,geo_cov_urb,mts_aggregate_2,2019,1544.274
grc,sex_t,geo_cov_urb,mts_aggregate_2,2020,1586.002
grc,sex_t,geo_cov_urb,mts_aggregate_total,1992,3267.018
grc,sex_t,geo_cov_urb,mts_aggregate_total,1993,3319.47
grc,sex_t,geo_cov_urb,mts_aggregate_total,1994,3364.921
grc,sex_t,geo_cov_urb,mts_aggregate_total,1995,3389.746
grc,sex_t,geo_cov_urb,mts_aggregate_total,1996,3381.149
grc,sex_t,geo_cov_urb,mts_aggregate_total,1997,3468.084
grc,sex_t,geo_cov_urb,mts_aggregate_total,1998,3141.246
grc,sex_t,geo_cov_urb,mts_aggregate_total,1999,3147.426
grc,sex_t,geo_cov_urb,mts_aggregate_total,2000,3187.691
grc,sex_t,geo_cov_urb,mts_aggregate_total,2001,3363.015
grc,sex_t,geo_cov_urb,mts_aggregate_total,2002,3346.266
grc,sex_t,geo_cov_urb,mts_aggregate_total,2003,3333.693
grc,sex_t,geo_cov_urb,mts_aggregate_total,2004,3323.538
grc,sex_t,geo_cov_urb,mts_aggregate_total,2005,3358.524
grc,sex_t,geo_cov_urb,mts_aggregate_total,2006,3380.784
grc,sex_t,geo_cov_urb,mts_aggregate_total,2007,3426.002
grc,sex_t,geo_cov_urb,mts_aggregate_total,2008,3434.17
grc,sex_t,geo_cov_urb,mts_aggregate_total,2009,1976.603
grc,sex_t,geo_cov_urb,mts_aggregate_total,2010,2308.455
grc,sex_t,geo_cov_urb,mts_aggregate_total,2011,2364.523
grc,sex_t,geo_cov_urb,mts_aggregate_total,2012,3019.167
grc,sex_t,geo_cov_urb,mts_aggregate_total,2013,3042.204
grc,sex_t,geo_cov_urb,mts_aggregate_total,2014,3061.891
grc,sex_t,geo_cov_urb,mts_aggregate_total,2015,3099.274
grc,sex_t,geo_cov_urb,mts_aggregate_total,2016,3038.444
grc,sex_t,geo_cov_urb,mts_aggregate_total,2017,3054.12
grc,sex_t,geo_cov_urb,mts_aggregate_total,2018,3090.176
grc,sex_t,geo_cov_urb,mts_aggregate_total,2019,3065.465
grc,sex_t,geo_cov_urb,mts_aggregate_total,2020,3125.485
gtm,sex_f,geo_cov_nat,mts_aggregate_1,2003,656.812
gtm,sex_f,geo_cov_nat,mts_aggregate_1,2004,790.42
gtm,sex_f,geo_cov_nat,mts_aggregate_1,2006,804.331
gtm,sex_f,geo_cov_nat,mts_aggregate_1,2010,1068.19
gtm,sex_f,geo_cov_nat,mts_aggregate_1,2011,1037.741
gtm,sex_f,geo_cov_nat,mts_aggregate_1,2012,1102.487
gtm,sex_f,geo_cov_nat,mts_aggregate_1,2013,1221.375
gtm,sex_f,geo_cov_nat,mts_aggregate_1,2014,1275.364
gtm,sex_f,geo_cov_nat,mts_aggregate_1,2015,1313.014
gtm,sex_f,geo_cov_nat,mts_aggregate_1,2016,1384.417
gtm,sex_f,geo_cov_nat,mts_aggregate_1,2017,1445.985
gtm,sex_f,geo_cov_nat,mts_aggregate_1,2018,1536.885
gtm,sex_f,geo_cov_nat,mts_aggregate_1,2019,1691.235
gtm,sex_f,geo_cov_nat,mts_aggregate_2,2003,1151.745
gtm,sex_f,geo_cov_nat,mts_aggregate_2,2004,1360.439
gtm,sex_f,geo_cov_nat,mts_aggregate_2,2006,1364.278
gtm,sex_f,geo_cov_nat,mts_aggregate_2,2010,1629.363
gtm,sex_f,geo_cov_nat,mts_aggregate_2,2011,1758.913
gtm,sex_f,geo_cov_nat,mts_aggregate_2,2012,1653.73
gtm,sex_f,geo_cov_nat,mts_aggregate_2,2013,1914.016
gtm,sex_f,geo_cov_nat,mts_aggregate_2,2014,1955.91
gtm,sex_f,geo_cov_nat,mts_aggregate_2,2015,2070.98
gtm,sex_f,geo_cov_nat,mts_aggregate_2,2016,2085.562
gtm,sex_f,geo_cov_nat,mts_aggregate_2,2017,2164.638
gtm,sex_f,geo_cov_nat,mts_aggregate_2,2018,2259.584
gtm,sex_f,geo_cov_nat,mts_aggregate_2,2019,2387.461
gtm,sex_f,geo_cov_nat,mts_aggregate_total,2003,1808.557
gtm,sex_f,geo_cov_nat,mts_aggregate_total,2004,2189.031
gtm,sex_f,geo_cov_nat,mts_aggregate_total,2006,2168.609
gtm,sex_f,geo_cov_nat,mts_aggregate_total,2010,2714.789
gtm,sex_f,geo_cov_nat,mts_aggregate_total,2011,2797.479
gtm,sex_f,geo_cov_nat,mts_aggregate_total,2012,2756.217
gtm,sex_f,geo_cov_nat,mts_aggregate_total,2013,3135.39
gtm,sex_f,geo_cov_nat,mts_aggregate_total,2014,3232.438
gtm,sex_f,geo_cov_nat,mts_aggregate_total,2015,3383.994
gtm,sex_f,geo_cov_nat,mts_aggregate_total,2016,3469.979
gtm,sex_f,geo_cov_nat,mts_aggregate_total,2017,3610.622
gtm,sex_f,geo_cov_nat,mts_aggregate_total,2018,3796.469
gtm,sex_f,geo_cov_nat,mts_aggregate_total,2019,4078.696
gtm,sex_f,geo_cov_nat,mts_aggregate_x,2004,38.172
gtm,sex_f,geo_cov_nat,mts_aggregate_x,2010,17.236
gtm,sex_f,geo_cov_nat,mts_details_mrd,2003,785.431
gtm,sex_f,geo_cov_nat,mts_details_mrd,2004,911.279
gtm,sex_f,geo_cov_nat,mts_details_mrd,2006,472.502
gtm,sex_f,geo_cov_nat,mts_details_mrd,2010,1029.977
gtm,sex_f,geo_cov_nat,mts_details_mrd,2011,1094.702
gtm,sex_f,geo_cov_nat,mts_details_mrd,2012,1081.26
gtm,sex_f,geo_cov_nat,mts_details_mrd,2013,1239.082
gtm,sex_f,geo_cov_nat,mts_details_mrd,2014,1309.716
gtm,sex_f,geo_cov_nat,mts_details_mrd,2015,1343.866
gtm,sex_f,geo_cov_nat,mts_details_mrd,2016,1309.26
gtm,sex_f,geo_cov_nat,mts_details_mrd,2017,1389.391
gtm,sex_f,geo_cov_nat,mts_details_mrd,2018,1466.092
gtm,sex_f,geo_cov_nat,mts_details_mrd,2019,1570.339
gtm,sex_f,geo_cov_nat,mts_details_sep,2003,50.496
gtm,sex_f,geo_cov_nat,mts_details_sep,2004,64.107
gtm,sex_f,geo_cov_nat,mts_details_sep,2006,97.543
gtm,sex_f,geo_cov_nat,mts_details_sep,2010,113.866
gtm,sex_f,geo_cov_nat,mts_details_sep,2011,112.203
gtm,sex_f,geo_cov_nat,mts_details_sep,2012,121.451
gtm,sex_f,geo_cov_nat,mts_details_sep,2013,108.318
gtm,sex_f,geo_cov_nat,mts_details_sep,2014,161.524
gtm,sex_f,geo_cov_nat,mts_details_sep,2015,196.209
gtm,sex_f,geo_cov_nat,mts_details_sep,2016,186.333
gtm,sex_f,geo_cov_nat,mts_details_sep,2017,205.249
gtm,sex_f,geo_cov_nat,mts_details_sep,2018,228.568
gtm,sex_f,geo_cov_nat,mts_details_sep,2019,227.572
gtm,sex_f,geo_cov_nat,mts_details_sgle,2003,475.399
gtm,sex_f,geo_cov_nat,mts_details_sgle,2004,553.974
gtm,sex_f,geo_cov_nat,mts_details_sgle,2006,528.365
gtm,sex_f,geo_cov_nat,mts_details_sgle,2010,758.421
gtm,sex_f,geo_cov_nat,mts_details_sgle,2011,723.037
gtm,sex_f,geo_cov_nat,mts_details_sgle,2012,739.988
gtm,sex_f,geo_cov_nat,mts_details_sgle,2013,865.452
gtm,sex_f,geo_cov_nat,mts_details_sgle,2014,837.276
gtm,sex_f,geo_cov_nat,mts_details_sgle,2015,841.897
gtm,sex_f,geo_cov_nat,mts_details_sgle,2016,895.745
gtm,sex_f,geo_cov_nat,mts_details_sgle,2017,938.254
gtm,sex_f,geo_cov_nat,mts_details_sgle,2018,1005.173
gtm,sex_f,geo_cov_nat,mts_details_sgle,2019,1096.437
gtm,sex_f,geo_cov_nat,mts_details_total,2003,1808.557
gtm,sex_f,geo_cov_nat,mts_details_total,2004,2189.031
gtm,sex_f,geo_cov_nat,mts_details_total,2006,2168.609
gtm,sex_f,geo_cov_nat,mts_details_total,2010,2714.789
gtm,sex_f,geo_cov_nat,mts_details_total,2011,2797.479
gtm,sex_f,geo_cov_nat,mts_details_total,2012,2756.217
gtm,sex_f,geo_cov_nat,mts_details_total,2013,3135.39
gtm,sex_f,geo_cov_nat,mts_details_total,2014,3232.438
gtm,sex_f,geo_cov_nat,mts_details_total,2015,3383.994
gtm,sex_f,geo_cov_nat,mts_details_total,2016,3469.979
gtm,sex_f,geo_cov_nat,mts_details_total,2017,3610.622
gtm,sex_f,geo_cov_nat,mts_details_total,2018,3796.469
gtm,sex_f,geo_cov_nat,mts_details_total,2019,4078.696
gtm,sex_f,geo_cov_nat,mts_details_union,2003,366.314
gtm,sex_f,geo_cov_nat,mts_details_union,2004,449.16
gtm,sex_f,geo_cov_nat,mts_details_union,2006,891.775
gtm,sex_f,geo_cov_nat,mts_details_union,2010,599.386
gtm,sex_f,geo_cov_nat,mts_details_union,2011,664.211
gtm,sex_f,geo_cov_nat,mts_details_union,2012,572.47
gtm,sex_f,geo_cov_nat,mts_details_union,2013,674.934
gtm,sex_f,geo_cov_nat,mts_details_union,2014,646.194
gtm,sex_f,geo_cov_nat,mts_details_union,2015,727.114
gtm,sex_f,geo_cov_nat,mts_details_union,2016,776.302
gtm,sex_f,geo_cov_nat,mts_details_union,2017,775.247
gtm,sex_f,geo_cov_nat,mts_details_union,2018,793.492
gtm,sex_f,geo_cov_nat,mts_details_union,2019,817.122
gtm,sex_f,geo_cov_nat,mts_details_wid,2003,130.917
gtm,sex_f,geo_cov_nat,mts_details_wid,2004,172.339
gtm,sex_f,geo_cov_nat,mts_details_wid,2006,178.423
gtm,sex_f,geo_cov_nat,mts_details_wid,2010,195.903
gtm,sex_f,geo_cov_nat,mts_details_wid,2011,202.501
gtm,sex_f,geo_cov_nat,mts_details_wid,2012,241.048
gtm,sex_f,geo_cov_nat,mts_details_wid,2013,247.605
gtm,sex_f,geo_cov_nat,mts_details_wid,2014,276.564
gtm,sex_f,geo_cov_nat,mts_details_wid,2015,274.909
gtm,sex_f,geo_cov_nat,mts_details_wid,2016,302.339
gtm,sex_f,geo_cov_nat,mts_details_wid,2017,302.482
gtm,sex_f,geo_cov_nat,mts_details_wid,2018,303.145
gtm,sex_f,geo_cov_nat,mts_details_wid,2019,367.227
gtm,sex_f,geo_cov_nat,mts_details_x,2004,38.172
gtm,sex_f,geo_cov_nat,mts_details_x,2010,17.236
gtm,sex_f,geo_cov_rur,mts_aggregate_1,2003,385.105
gtm,sex_f,geo_cov_rur,mts_aggregate_1,2004,417.25
gtm,sex_f,geo_cov_rur,mts_aggregate_1,2006,393.048
gtm,sex_f,geo_cov_rur,mts_aggregate_1,2010,526.467
gtm,sex_f,geo_cov_rur,mts_aggregate_1,2011,483.142
gtm,sex_f,geo_cov_rur,mts_aggregate_1,2012,528.502
gtm,sex_f,geo_cov_rur,mts_aggregate_1,2013,591.164
gtm,sex_f,geo_cov_rur,mts_aggregate_1,2014,593.308
gtm,sex_f,geo_cov_rur,mts_aggregate_1,2015,503.206
gtm,sex_f,geo_cov_rur,mts_aggregate_1,2016,664.92
gtm,sex_f,geo_cov_rur,mts_aggregate_1,2017,701.64
gtm,sex_f,geo_cov_rur,mts_aggregate_1,2018,850.466
gtm,sex_f,geo_cov_rur,mts_aggregate_1,2019,840.355
gtm,sex_f,geo_cov_rur,mts_aggregate_2,2003,777.865
gtm,sex_f,geo_cov_rur,mts_aggregate_2,2004,831.053
gtm,sex_f,geo_cov_rur,mts_aggregate_2,2006,782.858
gtm,sex_f,geo_cov_rur,mts_aggregate_2,2010,944.418
gtm,sex_f,geo_cov_rur,mts_aggregate_2,2011,991.695
gtm,sex_f,geo_cov_rur,mts_aggregate_2,2012,905.187
gtm,sex_f,geo_cov_rur,mts_aggregate_2,2013,1072.828
gtm,sex_f,geo_cov_rur,mts_aggregate_2,2014,1138.469
gtm,sex_f,geo_cov_rur,mts_aggregate_2,2015,902.769
gtm,sex_f,geo_cov_rur,mts_aggregate_2,2016,1173.294
gtm,sex_f,geo_cov_rur,mts_aggregate_2,2017,1227.773
gtm,sex_f,geo_cov_rur,mts_aggregate_2,2018,1398.618
gtm,sex_f,geo_cov_rur,mts_aggregate_2,2019,1333.509
gtm,sex_f,geo_cov_rur,mts_aggregate_total,2003,1162.97
gtm,sex_f,geo_cov_rur,mts_aggregate_total,2004,1257.497
gtm,sex_f,geo_cov_rur,mts_aggregate_total,2006,1175.906
gtm,sex_f,geo_cov_rur,mts_aggregate_total,2010,1472.658
gtm,sex_f,geo_cov_rur,mts_aggregate_total,2011,1475.662
gtm,sex_f,geo_cov_rur,mts_aggregate_total,2012,1433.689
gtm,sex_f,geo_cov_rur,mts_aggregate_total,2013,1663.992
gtm,sex_f,geo_cov_rur,mts_aggregate_total,2014,1731.777
gtm,sex_f,geo_cov_rur,mts_aggregate_total,2015,1405.975
gtm,sex_f,geo_cov_rur,mts_aggregate_total,2016,1838.214
gtm,sex_f,geo_cov_rur,mts_aggregate_total,2017,1929.413
gtm,sex_f,geo_cov_rur,mts_aggregate_total,2018,2249.084
gtm,sex_f,geo_cov_rur,mts_aggregate_total,2019,2173.863
gtm,sex_f,geo_cov_rur,mts_aggregate_x,2004,9.194
gtm,sex_f,geo_cov_rur,mts_aggregate_x,2010,1.773
gtm,sex_f,geo_cov_rur,mts_details_mrd,2003,536.875
gtm,sex_f,geo_cov_rur,mts_details_mrd,2004,530.272
gtm,sex_f,geo_cov_rur,mts_details_mrd,2006,291.125
gtm,sex_f,geo_cov_rur,mts_details_mrd,2010,574.58
gtm,sex_f,geo_cov_rur,mts_details_mrd,2011,622.436
gtm,sex_f,geo_cov_rur,mts_details_mrd,2012,571.283
gtm,sex_f,geo_cov_rur,mts_details_mrd,2013,686.721
gtm,sex_f,geo_cov_rur,mts_details_mrd,2014,719.572
gtm,sex_f,geo_cov_rur,mts_details_mrd,2015,579.171
gtm,sex_f,geo_cov_rur,mts_details_mrd,2016,715.736
gtm,sex_f,geo_cov_rur,mts_details_mrd,2017,764.735
gtm,sex_f,geo_cov_rur,mts_details_mrd,2018,879.655
gtm,sex_f,geo_cov_rur,mts_details_mrd,2019,823.897
gtm,sex_f,geo_cov_rur,mts_details_sep,2003,27.426
gtm,sex_f,geo_cov_rur,mts_details_sep,2004,23.523
gtm,sex_f,geo_cov_rur,mts_details_sep,2006,40.104
gtm,sex_f,geo_cov_rur,mts_details_sep,2010,48.001
gtm,sex_f,geo_cov_rur,mts_details_sep,2011,44.671
gtm,sex_f,geo_cov_rur,mts_details_sep,2012,47.214
gtm,sex_f,geo_cov_rur,mts_details_sep,2013,46.594
gtm,sex_f,geo_cov_rur,mts_details_sep,2014,71.895
gtm,sex_f,geo_cov_rur,mts_details_sep,2015,74.218
gtm,sex_f,geo_cov_rur,mts_details_sep,2016,84.252
gtm,sex_f,geo_cov_rur,mts_details_sep,2017,97.996
gtm,sex_f,geo_cov_rur,mts_details_sep,2018,128.818
gtm,sex_f,geo_cov_rur,mts_details_sep,2019,115.856
gtm,sex_f,geo_cov_rur,mts_details_sgle,2003,280.437
gtm,sex_f,geo_cov_rur,mts_details_sgle,2004,309.955
gtm,sex_f,geo_cov_rur,mts_details_sgle,2006,273.532
gtm,sex_f,geo_cov_rur,mts_details_sgle,2010,385.088
gtm,sex_f,geo_cov_rur,mts_details_sgle,2011,352.594
gtm,sex_f,geo_cov_rur,mts_details_sgle,2012,357.513
gtm,sex_f,geo_cov_rur,mts_details_sgle,2013,424.566
gtm,sex_f,geo_cov_rur,mts_details_sgle,2014,417.386
gtm,sex_f,geo_cov_rur,mts_details_sgle,2015,323.372
gtm,sex_f,geo_cov_rur,mts_details_sgle,2016,442.733
gtm,sex_f,geo_cov_rur,mts_details_sgle,2017,479.742
gtm,sex_f,geo_cov_rur,mts_details_sgle,2018,569.436
gtm,sex_f,geo_cov_rur,mts_details_sgle,2019,553.773
gtm,sex_f,geo_cov_rur,mts_details_total,2003,1162.97
gtm,sex_f,geo_cov_rur,mts_details_total,2004,1257.497
gtm,sex_f,geo_cov_rur,mts_details_total,2006,1175.906
gtm,sex_f,geo_cov_rur,mts_details_total,2010,1472.658
gtm,sex_f,geo_cov_rur,mts_details_total,2011,1475.662
gtm,sex_f,geo_cov_rur,mts_details_total,2012,1433.689
gtm,sex_f,geo_cov_rur,mts_details_total,2013,1663.992
gtm,sex_f,geo_cov_rur,mts_details_total,2014,1731.777
gtm,sex_f,geo_cov_rur,mts_details_total,2015,1405.975
gtm,sex_f,geo_cov_rur,mts_details_total,2016,1838.214
gtm,sex_f,geo_cov_rur,mts_details_total,2017,1929.413
gtm,sex_f,geo_cov_rur,mts_details_total,2018,2249.084
gtm,sex_f,geo_cov_rur,mts_details_total,2019,2173.863
gtm,sex_f,geo_cov_rur,mts_details_union,2003,240.99
gtm,sex_f,geo_cov_rur,mts_details_union,2004,300.78
gtm,sex_f,geo_cov_rur,mts_details_union,2006,491.733
gtm,sex_f,geo_cov_rur,mts_details_union,2010,369.838
gtm,sex_f,geo_cov_rur,mts_details_union,2011,369.259
gtm,sex_f,geo_cov_rur,mts_details_union,2012,333.904
gtm,sex_f,geo_cov_rur,mts_details_union,2013,386.107
gtm,sex_f,geo_cov_rur,mts_details_union,2014,418.898
gtm,sex_f,geo_cov_rur,mts_details_union,2015,323.598
gtm,sex_f,geo_cov_rur,mts_details_union,2016,457.558
gtm,sex_f,geo_cov_rur,mts_details_union,2017,463.038
gtm,sex_f,geo_cov_rur,mts_details_union,2018,518.963
gtm,sex_f,geo_cov_rur,mts_details_union,2019,509.612
gtm,sex_f,geo_cov_rur,mts_details_wid,2003,77.242
gtm,sex_f,geo_cov_rur,mts_details_wid,2004,83.772
gtm,sex_f,geo_cov_rur,mts_details_wid,2006,79.413
gtm,sex_f,geo_cov_rur,mts_details_wid,2010,93.378
gtm,sex_f,geo_cov_rur,mts_details_wid,2011,85.878
gtm,sex_f,geo_cov_rur,mts_details_wid,2012,123.775
gtm,sex_f,geo_cov_rur,mts_details_wid,2013,120.005
gtm,sex_f,geo_cov_rur,mts_details_wid,2014,104.028
gtm,sex_f,geo_cov_rur,mts_details_wid,2015,105.617
gtm,sex_f,geo_cov_rur,mts_details_wid,2016,137.935
gtm,sex_f,geo_cov_rur,mts_details_wid,2017,123.902
gtm,sex_f,geo_cov_rur,mts_details_wid,2018,152.212
gtm,sex_f,geo_cov_rur,mts_details_wid,2019,170.727
gtm,sex_f,geo_cov_rur,mts_details_x,2004,9.194
gtm,sex_f,geo_cov_rur,mts_details_x,2010,1.773
gtm,sex_f,geo_cov_urb,mts_aggregate_1,2003,271.707
gtm,sex_f,geo_cov_urb,mts_aggregate_1,2004,373.17
gtm,sex_f,geo_cov_urb,mts_aggregate_1,2006,411.283
gtm,sex_f,geo_cov_urb,mts_aggregate_1,2010,541.723
gtm,sex_f,geo_cov_urb,mts_aggregate_1,2011,554.599
gtm,sex_f,geo_cov_urb,mts_aggregate_1,2012,573.985
gtm,sex_f,geo_cov_urb,mts_aggregate_1,2013,630.211
gtm,sex_f,geo_cov_urb,mts_aggregate_1,2014,682.056
gtm,sex_f,geo_cov_urb,mts_aggregate_1,2015,809.808
gtm,sex_f,geo_cov_urb,mts_aggregate_1,2016,719.497
gtm,sex_f,geo_cov_urb,mts_aggregate_1,2017,744.345
gtm,sex_f,geo_cov_urb,mts_aggregate_1,2018,686.419
gtm,sex_f,geo_cov_urb,mts_aggregate_1,2019,850.881
gtm,sex_f,geo_cov_urb,mts_aggregate_2,2003,373.88
gtm,sex_f,geo_cov_urb,mts_aggregate_2,2004,529.387
gtm,sex_f,geo_cov_urb,mts_aggregate_2,2006,581.42
gtm,sex_f,geo_cov_urb,mts_aggregate_2,2010,684.945
gtm,sex_f,geo_cov_urb,mts_aggregate_2,2011,767.218
gtm,sex_f,geo_cov_urb,mts_aggregate_2,2012,748.543
gtm,sex_f,geo_cov_urb,mts_aggregate_2,2013,841.188
gtm,sex_f,geo_cov_urb,mts_aggregate_2,2014,817.441
gtm,sex_f,geo_cov_urb,mts_aggregate_2,2015,1168.211
gtm,sex_f,geo_cov_urb,mts_aggregate_2,2016,912.268
gtm,sex_f,geo_cov_urb,mts_aggregate_2,2017,936.865
gtm,sex_f,geo_cov_urb,mts_aggregate_2,2018,860.967
gtm,sex_f,geo_cov_urb,mts_aggregate_2,2019,1053.952
gtm,sex_f,geo_cov_urb,mts_aggregate_total,2003,645.587
gtm,sex_f,geo_cov_urb,mts_aggregate_total,2004,931.534
gtm,sex_f,geo_cov_urb,mts_aggregate_total,2006,992.703
gtm,sex_f,geo_cov_urb,mts_aggregate_total,2010,1242.131
gtm,sex_f,geo_cov_urb,mts_aggregate_total,2011,1321.817
gtm,sex_f,geo_cov_urb,mts_aggregate_total,2012,1322.528
gtm,sex_f,geo_cov_urb,mts_aggregate_total,2013,1471.399
gtm,sex_f,geo_cov_urb,mts_aggregate_total,2014,1500.661
gtm,sex_f,geo_cov_urb,mts_aggregate_total,2015,1978.019
gtm,sex_f,geo_cov_urb,mts_aggregate_total,2016,1631.766
gtm,sex_f,geo_cov_urb,mts_aggregate_total,2017,1681.209
gtm,sex_f,geo_cov_urb,mts_aggregate_total,2018,1547.386
gtm,sex_f,geo_cov_urb,mts_aggregate_total,2019,1904.833
gtm,sex_f,geo_cov_urb,mts_aggregate_x,2004,28.978
gtm,sex_f,geo_cov_urb,mts_aggregate_x,2010,15.463
gtm,sex_f,geo_cov_urb,mts_details_mrd,2003,248.556
gtm,sex_f,geo_cov_urb,mts_details_mrd,2004,381.007
gtm,sex_f,geo_cov_urb,mts_details_mrd,2006,181.377
gtm,sex_f,geo_cov_urb,mts_details_mrd,2010,455.397
gtm,sex_f,geo_cov_urb,mts_details_mrd,2011,472.267
gtm,sex_f,geo_cov_urb,mts_details_mrd,2012,509.977
gtm,sex_f,geo_cov_urb,mts_details_mrd,2013,552.361
gtm,sex_f,geo_cov_urb,mts_details_mrd,2014,590.144
gtm,sex_f,geo_cov_urb,mts_details_mrd,2015,764.695
gtm,sex_f,geo_cov_urb,mts_details_mrd,2016,593.524
gtm,sex_f,geo_cov_urb,mts_details_mrd,2017,624.656
gtm,sex_f,geo_cov_urb,mts_details_mrd,2018,586.438
gtm,sex_f,geo_cov_urb,mts_details_mrd,2019,746.442
gtm,sex_f,geo_cov_urb,mts_details_sep,2003,23.07
gtm,sex_f,geo_cov_urb,mts_details_sep,2004,40.584
gtm,sex_f,geo_cov_urb,mts_details_sep,2006,57.439
gtm,sex_f,geo_cov_urb,mts_details_sep,2010,65.865
gtm,sex_f,geo_cov_urb,mts_details_sep,2011,67.532
gtm,sex_f,geo_cov_urb,mts_details_sep,2012,74.237
gtm,sex_f,geo_cov_urb,mts_details_sep,2013,61.724
gtm,sex_f,geo_cov_urb,mts_details_sep,2014,89.629
gtm,sex_f,geo_cov_urb,mts_details_sep,2015,121.991
gtm,sex_f,geo_cov_urb,mts_details_sep,2016,102.082
gtm,sex_f,geo_cov_urb,mts_details_sep,2017,107.253
gtm,sex_f,geo_cov_urb,mts_details_sep,2018,99.75
gtm,sex_f,geo_cov_urb,mts_details_sep,2019,111.716
gtm,sex_f,geo_cov_urb,mts_details_sgle,2003,194.962
gtm,sex_f,geo_cov_urb,mts_details_sgle,2004,244.019
gtm,sex_f,geo_cov_urb,mts_details_sgle,2006,254.834
gtm,sex_f,geo_cov_urb,mts_details_sgle,2010,373.333
gtm,sex_f,geo_cov_urb,mts_details_sgle,2011,370.443
gtm,sex_f,geo_cov_urb,mts_details_sgle,2012,382.475
gtm,sex_f,geo_cov_urb,mts_details_sgle,2013,440.887
gtm,sex_f,geo_cov_urb,mts_details_sgle,2014,419.89
gtm,sex_f,geo_cov_urb,mts_details_sgle,2015,518.525
gtm,sex_f,geo_cov_urb,mts_details_sgle,2016,453.012
gtm,sex_f,geo_cov_urb,mts_details_sgle,2017,458.512
gtm,sex_f,geo_cov_urb,mts_details_sgle,2018,435.737
gtm,sex_f,geo_cov_urb,mts_details_sgle,2019,542.665
gtm,sex_f,geo_cov_urb,mts_details_total,2003,645.587
gtm,sex_f,geo_cov_urb,mts_details_total,2004,931.534
gtm,sex_f,geo_cov_urb,mts_details_total,2006,992.703
gtm,sex_f,geo_cov_urb,mts_details_total,2010,1242.131
gtm,sex_f,geo_cov_urb,mts_details_total,2011,1321.817
gtm,sex_f,geo_cov_urb,mts_details_total,2012,1322.528
gtm,sex_f,geo_cov_urb,mts_details_total,2013,1471.399
gtm,sex_f,geo_cov_urb,mts_details_total,2014,1500.661
gtm,sex_f,geo_cov_urb,mts_details_total,2015,1978.019
gtm,sex_f,geo_cov_urb,mts_details_total,2016,1631.766
gtm,sex_f,geo_cov_urb,mts_details_total,2017,1681.209
gtm,sex_f,geo_cov_urb,mts_details_total,2018,1547.386
gtm,sex_f,geo_cov_urb,mts_details_total,2019,1904.833
gtm,sex_f,geo_cov_urb,mts_details_union,2003,125.324
gtm,sex_f,geo_cov_urb,mts_details_union,2004,148.38
gtm,sex_f,geo_cov_urb,mts_details_union,2006,400.042
gtm,sex_f,geo_cov_urb,mts_details_union,2010,229.548
gtm,sex_f,geo_cov_urb,mts_details_union,2011,294.952
gtm,sex_f,geo_cov_urb,mts_details_union,2012,238.566
gtm,sex_f,geo_cov_urb,mts_details_union,2013,288.827
gtm,sex_f,geo_cov_urb,mts_details_union,2014,227.297
gtm,sex_f,geo_cov_urb,mts_details_union,2015,403.516
gtm,sex_f,geo_cov_urb,mts_details_union,2016,318.745
gtm,sex_f,geo_cov_urb,mts_details_union,2017,312.209
gtm,sex_f,geo_cov_urb,mts_details_union,2018,274.529
gtm,sex_f,geo_cov_urb,mts_details_union,2019,307.511
gtm,sex_f,geo_cov_urb,mts_details_wid,2003,53.675
gtm,sex_f,geo_cov_urb,mts_details_wid,2004,88.567
gtm,sex_f,geo_cov_urb,mts_details_wid,2006,99.01
gtm,sex_f,geo_cov_urb,mts_details_wid,2010,102.525
gtm,sex_f,geo_cov_urb,mts_details_wid,2011,116.623
gtm,sex_f,geo_cov_urb,mts_details_wid,2012,117.273
gtm,sex_f,geo_cov_urb,mts_details_wid,2013,127.6
gtm,sex_f,geo_cov_urb,mts_details_wid,2014,172.537
gtm,sex_f,geo_cov_urb,mts_details_wid,2015,169.293
gtm,sex_f,geo_cov_urb,mts_details_wid,2016,164.404
gtm,sex_f,geo_cov_urb,mts_details_wid,2017,178.58
gtm,sex_f,geo_cov_urb,mts_details_wid,2018,150.933
gtm,sex_f,geo_cov_urb,mts_details_wid,2019,196.5
gtm,sex_f,geo_cov_urb,mts_details_x,2004,28.978
gtm,sex_f,geo_cov_urb,mts_details_x,2010,15.463
gtm,sex_m,geo_cov_nat,mts_aggregate_1,2003,267.455
gtm,sex_m,geo_cov_nat,mts_aggregate_1,2004,302.953
gtm,sex_m,geo_cov_nat,mts_aggregate_1,2006,296.228
gtm,sex_m,geo_cov_nat,mts_aggregate_1,2010,533.007
gtm,sex_m,geo_cov_nat,mts_aggregate_1,2011,534.961
gtm,sex_m,geo_cov_nat,mts_aggregate_1,2012,429.536
gtm,sex_m,geo_cov_nat,mts_aggregate_1,2013,587.064
gtm,sex_m,geo_cov_nat,mts_aggregate_1,2014,591.12
gtm,sex_m,geo_cov_nat,mts_aggregate_1,2015,573.241
gtm,sex_m,geo_cov_nat,mts_aggregate_1,2016,615.865
gtm,sex_m,geo_cov_nat,mts_aggregate_1,2017,579.578
gtm,sex_m,geo_cov_nat,mts_aggregate_1,2018,595.292
gtm,sex_m,geo_cov_nat,mts_aggregate_1,2019,657.607
gtm,sex_m,geo_cov_nat,mts_aggregate_2,2003,87.843
gtm,sex_m,geo_cov_nat,mts_aggregate_2,2004,91.99
gtm,sex_m,geo_cov_nat,mts_aggregate_2,2006,110.275
gtm,sex_m,geo_cov_nat,mts_aggregate_2,2010,263.855
gtm,sex_m,geo_cov_nat,mts_aggregate_2,2011,170.592
gtm,sex_m,geo_cov_nat,mts_aggregate_2,2012,150.402
gtm,sex_m,geo_cov_nat,mts_aggregate_2,2013,204.988
gtm,sex_m,geo_cov_nat,mts_aggregate_2,2014,203.857
gtm,sex_m,geo_cov_nat,mts_aggregate_2,2015,205.406
gtm,sex_m,geo_cov_nat,mts_aggregate_2,2016,219.179
gtm,sex_m,geo_cov_nat,mts_aggregate_2,2017,204.177
gtm,sex_m,geo_cov_nat,mts_aggregate_2,2018,228.176
gtm,sex_m,geo_cov_nat,mts_aggregate_2,2019,276.687
gtm,sex_m,geo_cov_nat,mts_aggregate_total,2003,355.298
gtm,sex_m,geo_cov_nat,mts_aggregate_total,2004,491.036
gtm,sex_m,geo_cov_nat,mts_aggregate_total,2006,406.503
gtm,sex_m,geo_cov_nat,mts_aggregate_total,2010,814.592
gtm,sex_m,geo_cov_nat,mts_aggregate_total,2011,708.813
gtm,sex_m,geo_cov_nat,mts_aggregate_total,2012,579.938
gtm,sex_m,geo_cov_nat,mts_aggregate_total,2013,792.052
gtm,sex_m,geo_cov_nat,mts_aggregate_total,2014,795.264
gtm,sex_m,geo_cov_nat,mts_aggregate_total,2015,778.646
gtm,sex_m,geo_cov_nat,mts_aggregate_total,2016,835.045
gtm,sex_m,geo_cov_nat,mts_aggregate_total,2017,783.755
gtm,sex_m,geo_cov_nat,mts_aggregate_total,2018,823.467
gtm,sex_m,geo_cov_nat,mts_aggregate_total,2019,934.294
gtm,sex_m,geo_cov_nat,mts_aggregate_x,2004,96.094
gtm,sex_m,geo_cov_nat,mts_aggregate_x,2010,17.73
gtm,sex_m,geo_cov_nat,mts_details_mrd,2003,62.606
gtm,sex_m,geo_cov_nat,mts_details_mrd,2004,71.139
gtm,sex_m,geo_cov_nat,mts_details_mrd,2006,26.819
gtm,sex_m,geo_cov_nat,mts_details_mrd,2010,164.02
gtm,sex_m,geo_cov_nat,mts_details_mrd,2011,117.406
gtm,sex_m,geo_cov_nat,mts_details_mrd,2012,111.53
gtm,sex_m,geo_cov_nat,mts_details_mrd,2013,152.445
gtm,sex_m,geo_cov_nat,mts_details_mrd,2014,148.327
gtm,sex_m,geo_cov_nat,mts_details_mrd,2015,157.934
gtm,sex_m,geo_cov_nat,mts_details_mrd,2016,165.626
gtm,sex_m,geo_cov_nat,mts_details_mrd,2017,156.782
gtm,sex_m,geo_cov_nat,mts_details_mrd,2018,176.439
gtm,sex_m,geo_cov_nat,mts_details_mrd,2019,220.605
gtm,sex_m,geo_cov_nat,mts_details_sep,2003,5.708
gtm,sex_m,geo_cov_nat,mts_details_sep,2004,8.758
gtm,sex_m,geo_cov_nat,mts_details_sep,2006,9.942
gtm,sex_m,geo_cov_nat,mts_details_sep,2010,13.107
gtm,sex_m,geo_cov_nat,mts_details_sep,2011,18.961
gtm,sex_m,geo_cov_nat,mts_details_sep,2012,10.107
gtm,sex_m,geo_cov_nat,mts_details_sep,2013,14.413
gtm,sex_m,geo_cov_nat,mts_details_sep,2014,19.136
gtm,sex_m,geo_cov_nat,mts_details_sep,2015,16.236
gtm,sex_m,geo_cov_nat,mts_details_sep,2016,18.262
gtm,sex_m,geo_cov_nat,mts_details_sep,2017,18.49
gtm,sex_m,geo_cov_nat,mts_details_sep,2018,19.687
gtm,sex_m,geo_cov_nat,mts_details_sep,2019,23.403
gtm,sex_m,geo_cov_nat,mts_details_sgle,2003,239.518
gtm,sex_m,geo_cov_nat,mts_details_sgle,2004,263.969
gtm,sex_m,geo_cov_nat,mts_details_sgle,2006,263.044
gtm,sex_m,geo_cov_nat,mts_details_sgle,2010,483.714
gtm,sex_m,geo_cov_nat,mts_details_sgle,2011,484.437
gtm,sex_m,geo_cov_nat,mts_details_sgle,2012,382.227
gtm,sex_m,geo_cov_nat,mts_details_sgle,2013,530.302
gtm,sex_m,geo_cov_nat,mts_details_sgle,2014,510.94
gtm,sex_m,geo_cov_nat,mts_details_sgle,2015,507.295
gtm,sex_m,geo_cov_nat,mts_details_sgle,2016,537.866
gtm,sex_m,geo_cov_nat,mts_details_sgle,2017,505.199
gtm,sex_m,geo_cov_nat,mts_details_sgle,2018,521.697
gtm,sex_m,geo_cov_nat,mts_details_sgle,2019,571.903
gtm,sex_m,geo_cov_nat,mts_details_total,2003,355.298
gtm,sex_m,geo_cov_nat,mts_details_total,2004,491.036
gtm,sex_m,geo_cov_nat,mts_details_total,2006,406.503
gtm,sex_m,geo_cov_nat,mts_details_total,2010,814.592
gtm,sex_m,geo_cov_nat,mts_details_total,2011,708.813
gtm,sex_m,geo_cov_nat,mts_details_total,2012,579.938
gtm,sex_m,geo_cov_nat,mts_details_total,2013,792.052
gtm,sex_m,geo_cov_nat,mts_details_total,2014,795.264
gtm,sex_m,geo_cov_nat,mts_details_total,2015,778.646
gtm,sex_m,geo_cov_nat,mts_details_total,2016,835.045
gtm,sex_m,geo_cov_nat,mts_details_total,2017,783.755
gtm,sex_m,geo_cov_nat,mts_details_total,2018,823.467
gtm,sex_m,geo_cov_nat,mts_details_total,2019,934.294
gtm,sex_m,geo_cov_nat,mts_details_union,2003,25.237
gtm,sex_m,geo_cov_nat,mts_details_union,2004,20.851
gtm,sex_m,geo_cov_nat,mts_details_union,2006,83.456
gtm,sex_m,geo_cov_nat,mts_details_union,2010,99.835
gtm,sex_m,geo_cov_nat,mts_details_union,2011,53.186
gtm,sex_m,geo_cov_nat,mts_details_union,2012,38.872
gtm,sex_m,geo_cov_nat,mts_details_union,2013,52.543
gtm,sex_m,geo_cov_nat,mts_details_union,2014,55.531
gtm,sex_m,geo_cov_nat,mts_details_union,2015,47.472
gtm,sex_m,geo_cov_nat,mts_details_union,2016,53.554
gtm,sex_m,geo_cov_nat,mts_details_union,2017,47.395
gtm,sex_m,geo_cov_nat,mts_details_union,2018,51.737
gtm,sex_m,geo_cov_nat,mts_details_union,2019,56.083
gtm,sex_m,geo_cov_nat,mts_details_wid,2003,22.229
gtm,sex_m,geo_cov_nat,mts_details_wid,2004,30.226
gtm,sex_m,geo_cov_nat,mts_details_wid,2006,23.241
gtm,sex_m,geo_cov_nat,mts_details_wid,2010,36.186
gtm,sex_m,geo_cov_nat,mts_details_wid,2011,31.564
gtm,sex_m,geo_cov_nat,mts_details_wid,2012,37.202
gtm,sex_m,geo_cov_nat,mts_details_wid,2013,42.349
gtm,sex_m,geo_cov_nat,mts_details_wid,2014,61.045
gtm,sex_m,geo_cov_nat,mts_details_wid,2015,49.71
gtm,sex_m,geo_cov_nat,mts_details_wid,2016,59.738
gtm,sex_m,geo_cov_nat,mts_details_wid,2017,55.89
gtm,sex_m,geo_cov_nat,mts_details_wid,2018,53.909
gtm,sex_m,geo_cov_nat,mts_details_wid,2019,62.301
gtm,sex_m,geo_cov_nat,mts_details_x,2004,96.094
gtm,sex_m,geo_cov_nat,mts_details_x,2010,17.73
gtm,sex_m,geo_cov_rur,mts_aggregate_1,2003,105.016
gtm,sex_m,geo_cov_rur,mts_aggregate_1,2004,98.054
gtm,sex_m,geo_cov_rur,mts_aggregate_1,2006,86.803
gtm,sex_m,geo_cov_rur,mts_aggregate_1,2010,217.839
gtm,sex_m,geo_cov_rur,mts_aggregate_1,2011,209.862
gtm,sex_m,geo_cov_rur,mts_aggregate_1,2012,129.204
gtm,sex_m,geo_cov_rur,mts_aggregate_1,2013,220.234
gtm,sex_m,geo_cov_rur,mts_aggregate_1,2014,185.214
gtm,sex_m,geo_cov_rur,mts_aggregate_1,2015,147.222
gtm,sex_m,geo_cov_rur,mts_aggregate_1,2016,218.328
gtm,sex_m,geo_cov_rur,mts_aggregate_1,2017,199.796
gtm,sex_m,geo_cov_rur,mts_aggregate_1,2018,234.325
gtm,sex_m,geo_cov_rur,mts_aggregate_1,2019,269.713
gtm,sex_m,geo_cov_rur,mts_aggregate_2,2003,46.08
gtm,sex_m,geo_cov_rur,mts_aggregate_2,2004,32.05
gtm,sex_m,geo_cov_rur,mts_aggregate_2,2006,41.34
gtm,sex_m,geo_cov_rur,mts_aggregate_2,2010,127.483
gtm,sex_m,geo_cov_rur,mts_aggregate_2,2011,68.461
gtm,sex_m,geo_cov_rur,mts_aggregate_2,2012,52.554
gtm,sex_m,geo_cov_rur,mts_aggregate_2,2013,79.952
gtm,sex_m,geo_cov_rur,mts_aggregate_2,2014,72.536
gtm,sex_m,geo_cov_rur,mts_aggregate_2,2015,55.908
gtm,sex_m,geo_cov_rur,mts_aggregate_2,2016,80.126
gtm,sex_m,geo_cov_rur,mts_aggregate_2,2017,72.34
gtm,sex_m,geo_cov_rur,mts_aggregate_2,2018,99.203
gtm,sex_m,geo_cov_rur,mts_aggregate_2,2019,115.954
gtm,sex_m,geo_cov_rur,mts_aggregate_total,2003,151.096
gtm,sex_m,geo_cov_rur,mts_aggregate_total,2004,179.93
gtm,sex_m,geo_cov_rur,mts_aggregate_total,2006,128.143
gtm,sex_m,geo_cov_rur,mts_aggregate_total,2010,349.206
gtm,sex_m,geo_cov_rur,mts_aggregate_total,2011,279.148
gtm,sex_m,geo_cov_rur,mts_aggregate_total,2012,181.758
gtm,sex_m,geo_cov_rur,mts_aggregate_total,2013,300.186
gtm,sex_m,geo_cov_rur,mts_aggregate_total,2014,257.75
gtm,sex_m,geo_cov_rur,mts_aggregate_total,2015,203.13
gtm,sex_m,geo_cov_rur,mts_aggregate_total,2016,298.454
gtm,sex_m,geo_cov_rur,mts_aggregate_total,2017,272.136
gtm,sex_m,geo_cov_rur,mts_aggregate_total,2018,333.527
gtm,sex_m,geo_cov_rur,mts_aggregate_total,2019,385.667
gtm,sex_m,geo_cov_rur,mts_aggregate_x,2004,49.826
gtm,sex_m,geo_cov_rur,mts_aggregate_x,2010,3.884
gtm,sex_m,geo_cov_rur,mts_details_mrd,2003,28.471
gtm,sex_m,geo_cov_rur,mts_details_mrd,2004,26.516
gtm,sex_m,geo_cov_rur,mts_details_mrd,2006,12.216
gtm,sex_m,geo_cov_rur,mts_details_mrd,2010,71.86
gtm,sex_m,geo_cov_rur,mts_details_mrd,2011,46.039
gtm,sex_m,geo_cov_rur,mts_details_mrd,2012,39.224
gtm,sex_m,geo_cov_rur,mts_details_mrd,2013,58.331
gtm,sex_m,geo_cov_rur,mts_details_mrd,2014,54.524
gtm,sex_m,geo_cov_rur,mts_details_mrd,2015,40.272
gtm,sex_m,geo_cov_rur,mts_details_mrd,2016,57.078
gtm,sex_m,geo_cov_rur,mts_details_mrd,2017,51.034
gtm,sex_m,geo_cov_rur,mts_details_mrd,2018,74.24
gtm,sex_m,geo_cov_rur,mts_details_mrd,2019,87.81
gtm,sex_m,geo_cov_rur,mts_details_sep,2003,0.364
gtm,sex_m,geo_cov_rur,mts_details_sep,2004,2.152
gtm,sex_m,geo_cov_rur,mts_details_sep,2006,1.363
gtm,sex_m,geo_cov_rur,mts_details_sep,2010,3.372
gtm,sex_m,geo_cov_rur,mts_details_sep,2011,5.581
gtm,sex_m,geo_cov_rur,mts_details_sep,2013,2.344
gtm,sex_m,geo_cov_rur,mts_details_sep,2014,3.288
gtm,sex_m,geo_cov_rur,mts_details_sep,2015,3.258
gtm,sex_m,geo_cov_rur,mts_details_sep,2016,3.17
gtm,sex_m,geo_cov_rur,mts_details_sep,2017,6.744
gtm,sex_m,geo_cov_rur,mts_details_sep,2018,4.994
gtm,sex_m,geo_cov_rur,mts_details_sep,2019,8.303
gtm,sex_m,geo_cov_rur,mts_details_sgle,2003,92.379
gtm,sex_m,geo_cov_rur,mts_details_sgle,2004,86.417
gtm,sex_m,geo_cov_rur,mts_details_sgle,2006,76.223
gtm,sex_m,geo_cov_rur,mts_details_sgle,2010,196.171
gtm,sex_m,geo_cov_rur,mts_details_sgle,2011,189.147
gtm,sex_m,geo_cov_rur,mts_details_sgle,2012,113.635
gtm,sex_m,geo_cov_rur,mts_details_sgle,2013,201.759
gtm,sex_m,geo_cov_rur,mts_details_sgle,2014,162.358
gtm,sex_m,geo_cov_rur,mts_details_sgle,2015,129.534
gtm,sex_m,geo_cov_rur,mts_details_sgle,2016,188.613
gtm,sex_m,geo_cov_rur,mts_details_sgle,2017,167.498
gtm,sex_m,geo_cov_rur,mts_details_sgle,2018,204.234
gtm,sex_m,geo_cov_rur,mts_details_sgle,2019,239.048
gtm,sex_m,geo_cov_rur,mts_details_total,2003,151.096
gtm,sex_m,geo_cov_rur,mts_details_total,2004,179.93
gtm,sex_m,geo_cov_rur,mts_details_total,2006,128.143
gtm,sex_m,geo_cov_rur,mts_details_total,2010,349.206
gtm,sex_m,geo_cov_rur,mts_details_total,2011,279.148
gtm,sex_m,geo_cov_rur,mts_details_total,2012,181.758
gtm,sex_m,geo_cov_rur,mts_details_total,2013,300.186
gtm,sex_m,geo_cov_rur,mts_details_total,2014,257.75
gtm,sex_m,geo_cov_rur,mts_details_total,2015,203.13
gtm,sex_m,geo_cov_rur,mts_details_total,2016,298.454
gtm,sex_m,geo_cov_rur,mts_details_total,2017,272.136
gtm,sex_m,geo_cov_rur,mts_details_total,2018,333.527
gtm,sex_m,geo_cov_rur,mts_details_total,2019,385.667
gtm,sex_m,geo_cov_rur,mts_details_union,2003,17.609
gtm,sex_m,geo_cov_rur,mts_details_union,2004,5.534
gtm,sex_m,geo_cov_rur,mts_details_union,2006,29.124
gtm,sex_m,geo_cov_rur,mts_details_union,2010,55.623
gtm,sex_m,geo_cov_rur,mts_details_union,2011,22.422
gtm,sex_m,geo_cov_rur,mts_details_union,2012,13.33
gtm,sex_m,geo_cov_rur,mts_details_union,2013,21.621
gtm,sex_m,geo_cov_rur,mts_details_union,2014,18.013
gtm,sex_m,geo_cov_rur,mts_details_union,2015,15.636
gtm,sex_m,geo_cov_rur,mts_details_union,2016,23.048
gtm,sex_m,geo_cov_rur,mts_details_union,2017,21.306
gtm,sex_m,geo_cov_rur,mts_details_union,2018,24.963
gtm,sex_m,geo_cov_rur,mts_details_union,2019,28.144
gtm,sex_m,geo_cov_rur,mts_details_wid,2003,12.273
gtm,sex_m,geo_cov_rur,mts_details_wid,2004,9.484
gtm,sex_m,geo_cov_rur,mts_details_wid,2006,9.217
gtm,sex_m,geo_cov_rur,mts_details_wid,2010,18.296
gtm,sex_m,geo_cov_rur,mts_details_wid,2011,15.135
gtm,sex_m,geo_cov_rur,mts_details_wid,2012,13.242
gtm,sex_m,geo_cov_rur,mts_details_wid,2013,16.131
gtm,sex_m,geo_cov_rur,mts_details_wid,2014,19.568
gtm,sex_m,geo_cov_rur,mts_details_wid,2015,14.43
gtm,sex_m,geo_cov_rur,mts_details_wid,2016,26.545
gtm,sex_m,geo_cov_rur,mts_details_wid,2017,25.554
gtm,sex_m,geo_cov_rur,mts_details_wid,2018,25.098
gtm,sex_m,geo_cov_rur,mts_details_wid,2019,22.362
gtm,sex_m,geo_cov_rur,mts_details_x,2004,49.826
gtm,sex_m,geo_cov_rur,mts_details_x,2010,3.884
gtm,sex_m,geo_cov_urb,mts_aggregate_1,2003,162.439
gtm,sex_m,geo_cov_urb,mts_aggregate_1,2004,204.899
gtm,sex_m,geo_cov_urb,mts_aggregate_1,2006,209.425
gtm,sex_m,geo_cov_urb,mts_aggregate_1,2010,315.168
gtm,sex_m,geo_cov_urb,mts_aggregate_1,2011,325.099
gtm,sex_m,geo_cov_urb,mts_aggregate_1,2012,300.332
gtm,sex_m,geo_cov_urb,mts_aggregate_1,2013,366.83
gtm,sex_m,geo_cov_urb,mts_aggregate_1,2014,405.906
gtm,sex_m,geo_cov_urb,mts_aggregate_1,2015,426.019
gtm,sex_m,geo_cov_urb,mts_aggregate_1,2016,397.538
gtm,sex_m,geo_cov_urb,mts_aggregate_1,2017,379.783
gtm,sex_m,geo_cov_urb,mts_aggregate_1,2018,360.967
gtm,sex_m,geo_cov_urb,mts_aggregate_1,2019,387.894
gtm,sex_m,geo_cov_urb,mts_aggregate_2,2003,41.763
gtm,sex_m,geo_cov_urb,mts_aggregate_2,2004,59.939
gtm,sex_m,geo_cov_urb,mts_aggregate_2,2006,68.935
gtm,sex_m,geo_cov_urb,mts_aggregate_2,2010,136.372
gtm,sex_m,geo_cov_urb,mts_aggregate_2,2011,102.131
gtm,sex_m,geo_cov_urb,mts_aggregate_2,2012,97.848
gtm,sex_m,geo_cov_urb,mts_aggregate_2,2013,125.036
gtm,sex_m,geo_cov_urb,mts_aggregate_2,2014,131.321
gtm,sex_m,geo_cov_urb,mts_aggregate_2,2015,149.498
gtm,sex_m,geo_cov_urb,mts_aggregate_2,2016,139.053
gtm,sex_m,geo_cov_urb,mts_aggregate_2,2017,131.837
gtm,sex_m,geo_cov_urb,mts_aggregate_2,2018,128.973
gtm,sex_m,geo_cov_urb,mts_aggregate_2,2019,160.734
gtm,sex_m,geo_cov_urb,mts_aggregate_total,2003,204.202
gtm,sex_m,geo_cov_urb,mts_aggregate_total,2004,311.107
gtm,sex_m,geo_cov_urb,mts_aggregate_total,2006,278.36
gtm,sex_m,geo_cov_urb,mts_aggregate_total,2010,465.386
gtm,sex_m,geo_cov_urb,mts_aggregate_total,2011,429.665
gtm,sex_m,geo_cov_urb,mts_aggregate_total,2012,398.18
gtm,sex_m,geo_cov_urb,mts_aggregate_total,2013,491.866
gtm,sex_m,geo_cov_urb,mts_aggregate_total,2014,537.514
gtm,sex_m,geo_cov_urb,mts_aggregate_total,2015,575.517
gtm,sex_m,geo_cov_urb,mts_aggregate_total,2016,536.591
gtm,sex_m,geo_cov_urb,mts_aggregate_total,2017,511.619
gtm,sex_m,geo_cov_urb,mts_aggregate_total,2018,489.94
gtm,sex_m,geo_cov_urb,mts_aggregate_total,2019,548.627
gtm,sex_m,geo_cov_urb,mts_aggregate_x,2004,46.268
gtm,sex_m,geo_cov_urb,mts_aggregate_x,2010,13.846
gtm,sex_m,geo_cov_urb,mts_details_mrd,2003,34.135
gtm,sex_m,geo_cov_urb,mts_details_mrd,2004,44.623
gtm,sex_m,geo_cov_urb,mts_details_mrd,2006,14.603
gtm,sex_m,geo_cov_urb,mts_details_mrd,2010,92.16
gtm,sex_m,geo_cov_urb,mts_details_mrd,2011,71.367
gtm,sex_m,geo_cov_urb,mts_details_mrd,2012,72.306
gtm,sex_m,geo_cov_urb,mts_details_mrd,2013,94.114
gtm,sex_m,geo_cov_urb,mts_details_mrd,2014,93.803
gtm,sex_m,geo_cov_urb,mts_details_mrd,2015,117.662
gtm,sex_m,geo_cov_urb,mts_details_mrd,2016,108.547
gtm,sex_m,geo_cov_urb,mts_details_mrd,2017,105.748
gtm,sex_m,geo_cov_urb,mts_details_mrd,2018,102.199
gtm,sex_m,geo_cov_urb,mts_details_mrd,2019,132.795
gtm,sex_m,geo_cov_urb,mts_details_sep,2003,5.344
gtm,sex_m,geo_cov_urb,mts_details_sep,2004,6.606
gtm,sex_m,geo_cov_urb,mts_details_sep,2006,8.579
gtm,sex_m,geo_cov_urb,mts_details_sep,2010,9.735
gtm,sex_m,geo_cov_urb,mts_details_sep,2011,13.38
gtm,sex_m,geo_cov_urb,mts_details_sep,2012,7.78
gtm,sex_m,geo_cov_urb,mts_details_sep,2013,12.069
gtm,sex_m,geo_cov_urb,mts_details_sep,2014,15.848
gtm,sex_m,geo_cov_urb,mts_details_sep,2015,12.978
gtm,sex_m,geo_cov_urb,mts_details_sep,2016,15.092
gtm,sex_m,geo_cov_urb,mts_details_sep,2017,11.746
gtm,sex_m,geo_cov_urb,mts_details_sep,2018,14.693
gtm,sex_m,geo_cov_urb,mts_details_sep,2019,15.1
gtm,sex_m,geo_cov_urb,mts_details_sgle,2003,147.139
gtm,sex_m,geo_cov_urb,mts_details_sgle,2004,177.552
gtm,sex_m,geo_cov_urb,mts_details_sgle,2006,186.822
gtm,sex_m,geo_cov_urb,mts_details_sgle,2010,287.543
gtm,sex_m,geo_cov_urb,mts_details_sgle,2011,295.29
gtm,sex_m,geo_cov_urb,mts_details_sgle,2012,268.592
gtm,sex_m,geo_cov_urb,mts_details_sgle,2013,328.543
gtm,sex_m,geo_cov_urb,mts_details_sgle,2014,348.582
gtm,sex_m,geo_cov_urb,mts_details_sgle,2015,377.762
gtm,sex_m,geo_cov_urb,mts_details_sgle,2016,349.253
gtm,sex_m,geo_cov_urb,mts_details_sgle,2017,337.7
gtm,sex_m,geo_cov_urb,mts_details_sgle,2018,317.463
gtm,sex_m,geo_cov_urb,mts_details_sgle,2019,332.855
gtm,sex_m,geo_cov_urb,mts_details_total,2003,204.202
gtm,sex_m,geo_cov_urb,mts_details_total,2004,311.107
gtm,sex_m,geo_cov_urb,mts_details_total,2006,278.36
gtm,sex_m,geo_cov_urb,mts_details_total,2010,465.386
gtm,sex_m,geo_cov_urb,mts_details_total,2011,429.665
gtm,sex_m,geo_cov_urb,mts_details_total,2012,398.18
gtm,sex_m,geo_cov_urb,mts_details_total,2013,491.866
gtm,sex_m,geo_cov_urb,mts_details_total,2014,537.514
gtm,sex_m,geo_cov_urb,mts_details_total,2015,575.517
gtm,sex_m,geo_cov_urb,mts_details_total,2016,536.591
gtm,sex_m,geo_cov_urb,mts_details_total,2017,511.619
gtm,sex_m,geo_cov_urb,mts_details_total,2018,489.94
gtm,sex_m,geo_cov_urb,mts_details_total,2019,548.627
gtm,sex_m,geo_cov_urb,mts_details_union,2003,7.628
gtm,sex_m,geo_cov_urb,mts_details_union,2004,15.317
gtm,sex_m,geo_cov_urb,mts_details_union,2006,54.332
gtm,sex_m,geo_cov_urb,mts_details_union,2010,44.212
gtm,sex_m,geo_cov_urb,mts_details_union,2011,30.765
gtm,sex_m,geo_cov_urb,mts_details_union,2012,25.542
gtm,sex_m,geo_cov_urb,mts_details_union,2013,30.922
gtm,sex_m,geo_cov_urb,mts_details_union,2014,37.518
gtm,sex_m,geo_cov_urb,mts_details_union,2015,31.836
gtm,sex_m,geo_cov_urb,mts_details_union,2016,30.506
gtm,sex_m,geo_cov_urb,mts_details_union,2017,26.089
gtm,sex_m,geo_cov_urb,mts_details_union,2018,26.774
gtm,sex_m,geo_cov_urb,mts_details_union,2019,27.939
gtm,sex_m,geo_cov_urb,mts_details_wid,2003,9.956
gtm,sex_m,geo_cov_urb,mts_details_wid,2004,20.741
gtm,sex_m,geo_cov_urb,mts_details_wid,2006,14.024
gtm,sex_m,geo_cov_urb,mts_details_wid,2010,17.89
gtm,sex_m,geo_cov_urb,mts_details_wid,2011,16.429
gtm,sex_m,geo_cov_urb,mts_details_wid,2012,23.96
gtm,sex_m,geo_cov_urb,mts_details_wid,2013,26.218
gtm,sex_m,geo_cov_urb,mts_details_wid,2014,41.477
gtm,sex_m,geo_cov_urb,mts_details_wid,2015,35.28
gtm,sex_m,geo_cov_urb,mts_details_wid,2016,33.193
gtm,sex_m,geo_cov_urb,mts_details_wid,2017,30.336
gtm,sex_m,geo_cov_urb,mts_details_wid,2018,28.811
gtm,sex_m,geo_cov_urb,mts_details_wid,2019,39.939
gtm,sex_m,geo_cov_urb,mts_details_x,2004,46.268
gtm,sex_m,geo_cov_urb,mts_details_x,2010,13.846
gtm,sex_t,geo_cov_nat,mts_aggregate_1,2003,924.267
gtm,sex_t,geo_cov_nat,mts_aggregate_1,2004,1093.372
gtm,sex_t,geo_cov_nat,mts_aggregate_1,2006,1100.559
gtm,sex_t,geo_cov_nat,mts_aggregate_1,2010,1601.197
gtm,sex_t,geo_cov_nat,mts_aggregate_1,2011,1572.702
gtm,sex_t,geo_cov_nat,mts_aggregate_1,2012,1532.023
gtm,sex_t,geo_cov_nat,mts_aggregate_1,2013,1808.439
gtm,sex_t,geo_cov_nat,mts_aggregate_1,2014,1866.484
gtm,sex_t,geo_cov_nat,mts_aggregate_1,2015,1886.255
gtm,sex_t,geo_cov_nat,mts_aggregate_1,2016,2000.283
gtm,sex_t,geo_cov_nat,mts_aggregate_1,2017,2025.563
gtm,sex_t,geo_cov_nat,mts_aggregate_1,2018,2132.177
gtm,sex_t,geo_cov_nat,mts_aggregate_1,2019,2348.842
gtm,sex_t,geo_cov_nat,mts_aggregate_2,2003,1239.588
gtm,sex_t,geo_cov_nat,mts_aggregate_2,2004,1452.429
gtm,sex_t,geo_cov_nat,mts_aggregate_2,2006,1474.553
gtm,sex_t,geo_cov_nat,mts_aggregate_2,2010,1893.218
gtm,sex_t,geo_cov_nat,mts_aggregate_2,2011,1929.505
gtm,sex_t,geo_cov_nat,mts_aggregate_2,2012,1804.132
gtm,sex_t,geo_cov_nat,mts_aggregate_2,2013,2119.003
gtm,sex_t,geo_cov_nat,mts_aggregate_2,2014,2159.767
gtm,sex_t,geo_cov_nat,mts_aggregate_2,2015,2276.385
gtm,sex_t,geo_cov_nat,mts_aggregate_2,2016,2304.741
gtm,sex_t,geo_cov_nat,mts_aggregate_2,2017,2368.814
gtm,sex_t,geo_cov_nat,mts_aggregate_2,2018,2487.76
gtm,sex_t,geo_cov_nat,mts_aggregate_2,2019,2664.148
gtm,sex_t,geo_cov_nat,mts_aggregate_total,2003,2163.855
gtm,sex_t,geo_cov_nat,mts_aggregate_total,2004,2680.067
gtm,sex_t,geo_cov_nat,mts_aggregate_total,2006,2575.112
gtm,sex_t,geo_cov_nat,mts_aggregate_total,2010,3529.381
gtm,sex_t,geo_cov_nat,mts_aggregate_total,2011,3506.291
gtm,sex_t,geo_cov_nat,mts_aggregate_total,2012,3336.155
gtm,sex_t,geo_cov_nat,mts_aggregate_total,2013,3927.442
gtm,sex_t,geo_cov_nat,mts_aggregate_total,2014,4027.702
gtm,sex_t,geo_cov_nat,mts_aggregate_total,2015,4162.64
gtm,sex_t,geo_cov_nat,mts_aggregate_total,2016,4305.024
gtm,sex_t,geo_cov_nat,mts_aggregate_total,2017,4394.377
gtm,sex_t,geo_cov_nat,mts_aggregate_total,2018,4619.936
gtm,sex_t,geo_cov_nat,mts_aggregate_total,2019,5012.989
gtm,sex_t,geo_cov_nat,mts_aggregate_x,2004,134.266
gtm,sex_t,geo_cov_nat,mts_aggregate_x,2010,34.966
gtm,sex_t,geo_cov_nat,mts_details_mrd,2003,848.037
gtm,sex_t,geo_cov_nat,mts_details_mrd,2004,982.418
gtm,sex_t,geo_cov_nat,mts_details_mrd,2006,499.321
gtm,sex_t,geo_cov_nat,mts_details_mrd,2010,1193.997
gtm,sex_t,geo_cov_nat,mts_details_mrd,2011,1212.108
gtm,sex_t,geo_cov_nat,mts_details_mrd,2012,1192.79
gtm,sex_t,geo_cov_nat,mts_details_mrd,2013,1391.527
gtm,sex_t,geo_cov_nat,mts_details_mrd,2014,1458.042
gtm,sex_t,geo_cov_nat,mts_details_mrd,2015,1501.799
gtm,sex_t,geo_cov_nat,mts_details_mrd,2016,1474.885
gtm,sex_t,geo_cov_nat,mts_details_mrd,2017,1546.173
gtm,sex_t,geo_cov_nat,mts_details_mrd,2018,1642.531
gtm,sex_t,geo_cov_nat,mts_details_mrd,2019,1790.943
gtm,sex_t,geo_cov_nat,mts_details_sep,2003,56.204
gtm,sex_t,geo_cov_nat,mts_details_sep,2004,72.865
gtm,sex_t,geo_cov_nat,mts_details_sep,2006,107.485
gtm,sex_t,geo_cov_nat,mts_details_sep,2010,126.973
gtm,sex_t,geo_cov_nat,mts_details_sep,2011,131.164
gtm,sex_t,geo_cov_nat,mts_details_sep,2012,131.558
gtm,sex_t,geo_cov_nat,mts_details_sep,2013,122.731
gtm,sex_t,geo_cov_nat,mts_details_sep,2014,180.659
gtm,sex_t,geo_cov_nat,mts_details_sep,2015,212.445
gtm,sex_t,geo_cov_nat,mts_details_sep,2016,204.595
gtm,sex_t,geo_cov_nat,mts_details_sep,2017,223.739
gtm,sex_t,geo_cov_nat,mts_details_sep,2018,248.254
gtm,sex_t,geo_cov_nat,mts_details_sep,2019,250.974
gtm,sex_t,geo_cov_nat,mts_details_sgle,2003,714.917
gtm,sex_t,geo_cov_nat,mts_details_sgle,2004,817.943
gtm,sex_t,geo_cov_nat,mts_details_sgle,2006,791.41
gtm,sex_t,geo_cov_nat,mts_details_sgle,2010,1242.135
gtm,sex_t,geo_cov_nat,mts_details_sgle,2011,1207.474
gtm,sex_t,geo_cov_nat,mts_details_sgle,2012,1122.215
gtm,sex_t,geo_cov_nat,mts_details_sgle,2013,1395.754
gtm,sex_t,geo_cov_nat,mts_details_sgle,2014,1348.216
gtm,sex_t,geo_cov_nat,mts_details_sgle,2015,1349.192
gtm,sex_t,geo_cov_nat,mts_details_sgle,2016,1433.611
gtm,sex_t,geo_cov_nat,mts_details_sgle,2017,1443.452
gtm,sex_t,geo_cov_nat,mts_details_sgle,2018,1526.869
gtm,sex_t,geo_cov_nat,mts_details_sgle,2019,1668.34
gtm,sex_t,geo_cov_nat,mts_details_total,2003,2163.855
gtm,sex_t,geo_cov_nat,mts_details_total,2004,2680.067
gtm,sex_t,geo_cov_nat,mts_details_total,2006,2575.112
gtm,sex_t,geo_cov_nat,mts_details_total,2010,3529.381
gtm,sex_t,geo_cov_nat,mts_details_total,2011,3506.291
gtm,sex_t,geo_cov_nat,mts_details_total,2012,3336.155
gtm,sex_t,geo_cov_nat,mts_details_total,2013,3927.442
gtm,sex_t,geo_cov_nat,mts_details_total,2014,4027.702
gtm,sex_t,geo_cov_nat,mts_details_total,2015,4162.64
gtm,sex_t,geo_cov_nat,mts_details_total,2016,4305.024
gtm,sex_t,geo_cov_nat,mts_details_total,2017,4394.377
gtm,sex_t,geo_cov_nat,mts_details_total,2018,4619.936
gtm,sex_t,geo_cov_nat,mts_details_total,2019,5012.989
gtm,sex_t,geo_cov_nat,mts_details_union,2003,391.551
gtm,sex_t,geo_cov_nat,mts_details_union,2004,470.011
gtm,sex_t,geo_cov_nat,mts_details_union,2006,975.231
gtm,sex_t,geo_cov_nat,mts_details_union,2010,699.221
gtm,sex_t,geo_cov_nat,mts_details_union,2011,717.397
gtm,sex_t,geo_cov_nat,mts_details_union,2012,611.342
gtm,sex_t,geo_cov_nat,mts_details_union,2013,727.477
gtm,sex_t,geo_cov_nat,mts_details_union,2014,701.725
gtm,sex_t,geo_cov_nat,mts_details_union,2015,774.586
gtm,sex_t,geo_cov_nat,mts_details_union,2016,829.856
gtm,sex_t,geo_cov_nat,mts_details_union,2017,822.641
gtm,sex_t,geo_cov_nat,mts_details_union,2018,845.229
gtm,sex_t,geo_cov_nat,mts_details_union,2019,873.205
gtm,sex_t,geo_cov_nat,mts_details_wid,2003,153.146
gtm,sex_t,geo_cov_nat,mts_details_wid,2004,202.565
gtm,sex_t,geo_cov_nat,mts_details_wid,2006,201.665
gtm,sex_t,geo_cov_nat,mts_details_wid,2010,232.089
gtm,sex_t,geo_cov_nat,mts_details_wid,2011,234.065
gtm,sex_t,geo_cov_nat,mts_details_wid,2012,278.25
gtm,sex_t,geo_cov_nat,mts_details_wid,2013,289.954
gtm,sex_t,geo_cov_nat,mts_details_wid,2014,337.609
gtm,sex_t,geo_cov_nat,mts_details_wid,2015,324.619
gtm,sex_t,geo_cov_nat,mts_details_wid,2016,362.077
gtm,sex_t,geo_cov_nat,mts_details_wid,2017,358.372
gtm,sex_t,geo_cov_nat,mts_details_wid,2018,357.054
gtm,sex_t,geo_cov_nat,mts_details_wid,2019,429.528
gtm,sex_t,geo_cov_nat,mts_details_x,2004,134.266
gtm,sex_t,geo_cov_nat,mts_details_x,2010,34.966
gtm,sex_t,geo_cov_rur,mts_aggregate_1,2003,490.121
gtm,sex_t,geo_cov_rur,mts_aggregate_1,2004,515.303
gtm,sex_t,geo_cov_rur,mts_aggregate_1,2006,479.851
gtm,sex_t,geo_cov_rur,mts_aggregate_1,2010,744.306
gtm,sex_t,geo_cov_rur,mts_aggregate_1,2011,693.005
gtm,sex_t,geo_cov_rur,mts_aggregate_1,2012,657.706
gtm,sex_t,geo_cov_rur,mts_aggregate_1,2013,811.398
gtm,sex_t,geo_cov_rur,mts_aggregate_1,2014,778.522
gtm,sex_t,geo_cov_rur,mts_aggregate_1,2015,650.428
gtm,sex_t,geo_cov_rur,mts_aggregate_1,2016,883.248
gtm,sex_t,geo_cov_rur,mts_aggregate_1,2017,901.436
gtm,sex_t,geo_cov_rur,mts_aggregate_1,2018,1084.791
gtm,sex_t,geo_cov_rur,mts_aggregate_1,2019,1110.068
gtm,sex_t,geo_cov_rur,mts_aggregate_2,2003,823.945
gtm,sex_t,geo_cov_rur,mts_aggregate_2,2004,863.103
gtm,sex_t,geo_cov_rur,mts_aggregate_2,2006,824.198
gtm,sex_t,geo_cov_rur,mts_aggregate_2,2010,1071.901
gtm,sex_t,geo_cov_rur,mts_aggregate_2,2011,1060.156
gtm,sex_t,geo_cov_rur,mts_aggregate_2,2012,957.741
gtm,sex_t,geo_cov_rur,mts_aggregate_2,2013,1152.78
gtm,sex_t,geo_cov_rur,mts_aggregate_2,2014,1211.005
gtm,sex_t,geo_cov_rur,mts_aggregate_2,2015,958.677
gtm,sex_t,geo_cov_rur,mts_aggregate_2,2016,1253.42
gtm,sex_t,geo_cov_rur,mts_aggregate_2,2017,1300.113
gtm,sex_t,geo_cov_rur,mts_aggregate_2,2018,1497.82
gtm,sex_t,geo_cov_rur,mts_aggregate_2,2019,1449.462
gtm,sex_t,geo_cov_rur,mts_aggregate_total,2003,1314.066
gtm,sex_t,geo_cov_rur,mts_aggregate_total,2004,1437.426
gtm,sex_t,geo_cov_rur,mts_aggregate_total,2006,1304.049
gtm,sex_t,geo_cov_rur,mts_aggregate_total,2010,1821.864
gtm,sex_t,geo_cov_rur,mts_aggregate_total,2011,1754.809
gtm,sex_t,geo_cov_rur,mts_aggregate_total,2012,1615.447
gtm,sex_t,geo_cov_rur,mts_aggregate_total,2013,1964.178
gtm,sex_t,geo_cov_rur,mts_aggregate_total,2014,1989.527
gtm,sex_t,geo_cov_rur,mts_aggregate_total,2015,1609.104
gtm,sex_t,geo_cov_rur,mts_aggregate_total,2016,2136.667
gtm,sex_t,geo_cov_rur,mts_aggregate_total,2017,2201.549
gtm,sex_t,geo_cov_rur,mts_aggregate_total,2018,2582.611
gtm,sex_t,geo_cov_rur,mts_aggregate_total,2019,2559.53
gtm,sex_t,geo_cov_rur,mts_aggregate_x,2004,59.02
gtm,sex_t,geo_cov_rur,mts_aggregate_x,2010,5.657
gtm,sex_t,geo_cov_rur,mts_details_mrd,2003,565.346
gtm,sex_t,geo_cov_rur,mts_details_mrd,2004,556.789
gtm,sex_t,geo_cov_rur,mts_details_mrd,2006,303.341
gtm,sex_t,geo_cov_rur,mts_details_mrd,2010,646.44
gtm,sex_t,geo_cov_rur,mts_details_mrd,2011,668.475
gtm,sex_t,geo_cov_rur,mts_details_mrd,2012,610.507
gtm,sex_t,geo_cov_rur,mts_details_mrd,2013,745.052
gtm,sex_t,geo_cov_rur,mts_details_mrd,2014,774.095
gtm,sex_t,geo_cov_rur,mts_details_mrd,2015,619.443
gtm,sex_t,geo_cov_rur,mts_details_mrd,2016,772.814
gtm,sex_t,geo_cov_rur,mts_details_mrd,2017,815.769
gtm,sex_t,geo_cov_rur,mts_details_mrd,2018,953.894
gtm,sex_t,geo_cov_rur,mts_details_mrd,2019,911.707
gtm,sex_t,geo_cov_rur,mts_details_sep,2003,27.79
gtm,sex_t,geo_cov_rur,mts_details_sep,2004,25.675
gtm,sex_t,geo_cov_rur,mts_details_sep,2006,41.467
gtm,sex_t,geo_cov_rur,mts_details_sep,2010,51.373
gtm,sex_t,geo_cov_rur,mts_details_sep,2011,50.252
gtm,sex_t,geo_cov_rur,mts_details_sep,2012,49.541
gtm,sex_t,geo_cov_rur,mts_details_sep,2013,48.938
gtm,sex_t,geo_cov_rur,mts_details_sep,2014,75.183
gtm,sex_t,geo_cov_rur,mts_details_sep,2015,77.476
gtm,sex_t,geo_cov_rur,mts_details_sep,2016,87.421
gtm,sex_t,geo_cov_rur,mts_details_sep,2017,104.74
gtm,sex_t,geo_cov_rur,mts_details_sep,2018,133.812
gtm,sex_t,geo_cov_rur,mts_details_sep,2019,124.159
gtm,sex_t,geo_cov_rur,mts_details_sgle,2003,372.816
gtm,sex_t,geo_cov_rur,mts_details_sgle,2004,396.372
gtm,sex_t,geo_cov_rur,mts_details_sgle,2006,349.754
gtm,sex_t,geo_cov_rur,mts_details_sgle,2010,581.259
gtm,sex_t,geo_cov_rur,mts_details_sgle,2011,541.74
gtm,sex_t,geo_cov_rur,mts_details_sgle,2012,471.148
gtm,sex_t,geo_cov_rur,mts_details_sgle,2013,626.325
gtm,sex_t,geo_cov_rur,mts_details_sgle,2014,579.744
gtm,sex_t,geo_cov_rur,mts_details_sgle,2015,452.905
gtm,sex_t,geo_cov_rur,mts_details_sgle,2016,631.346
gtm,sex_t,geo_cov_rur,mts_details_sgle,2017,647.24
gtm,sex_t,geo_cov_rur,mts_details_sgle,2018,773.67
gtm,sex_t,geo_cov_rur,mts_details_sgle,2019,792.821
gtm,sex_t,geo_cov_rur,mts_details_total,2003,1314.066
gtm,sex_t,geo_cov_rur,mts_details_total,2004,1437.426
gtm,sex_t,geo_cov_rur,mts_details_total,2006,1304.049
gtm,sex_t,geo_cov_rur,mts_details_total,2010,1821.864
gtm,sex_t,geo_cov_rur,mts_details_total,2011,1754.809
gtm,sex_t,geo_cov_rur,mts_details_total,2012,1615.447
gtm,sex_t,geo_cov_rur,mts_details_total,2013,1964.178
gtm,sex_t,geo_cov_rur,mts_details_total,2014,1989.527
gtm,sex_t,geo_cov_rur,mts_details_total,2015,1609.104
gtm,sex_t,geo_cov_rur,mts_details_total,2016,2136.667
gtm,sex_t,geo_cov_rur,mts_details_total,2017,2201.549
gtm,sex_t,geo_cov_rur,mts_details_total,2018,2582.611
gtm,sex_t,geo_cov_rur,mts_details_total,2019,2559.53
gtm,sex_t,geo_cov_rur,mts_details_union,2003,258.599
gtm,sex_t,geo_cov_rur,mts_details_union,2004,306.314
gtm,sex_t,geo_cov_rur,mts_details_union,2006,520.857
gtm,sex_t,geo_cov_rur,mts_details_union,2010,425.461
gtm,sex_t,geo_cov_rur,mts_details_union,2011,391.681
gtm,sex_t,geo_cov_rur,mts_details_union,2012,347.234
gtm,sex_t,geo_cov_rur,mts_details_union,2013,407.728
gtm,sex_t,geo_cov_rur,mts_details_union,2014,436.91
gtm,sex_t,geo_cov_rur,mts_details_union,2015,339.234
gtm,sex_t,geo_cov_rur,mts_details_union,2016,480.605
gtm,sex_t,geo_cov_rur,mts_details_union,2017,484.344
gtm,sex_t,geo_cov_rur,mts_details_union,2018,543.926
gtm,sex_t,geo_cov_rur,mts_details_union,2019,537.755
gtm,sex_t,geo_cov_rur,mts_details_wid,2003,89.515
gtm,sex_t,geo_cov_rur,mts_details_wid,2004,93.256
gtm,sex_t,geo_cov_rur,mts_details_wid,2006,88.63
gtm,sex_t,geo_cov_rur,mts_details_wid,2010,111.674
gtm,sex_t,geo_cov_rur,mts_details_wid,2011,101.013
gtm,sex_t,geo_cov_rur,mts_details_wid,2012,137.017
gtm,sex_t,geo_cov_rur,mts_details_wid,2013,136.136
gtm,sex_t,geo_cov_rur,mts_details_wid,2014,123.596
gtm,sex_t,geo_cov_rur,mts_details_wid,2015,120.047
gtm,sex_t,geo_cov_rur,mts_details_wid,2016,164.48
gtm,sex_t,geo_cov_rur,mts_details_wid,2017,149.455
gtm,sex_t,geo_cov_rur,mts_details_wid,2018,177.31
gtm,sex_t,geo_cov_rur,mts_details_wid,2019,193.089
gtm,sex_t,geo_cov_rur,mts_details_x,2004,59.02
gtm,sex_t,geo_cov_rur,mts_details_x,2010,5.657
gtm,sex_t,geo_cov_urb,mts_aggregate_1,2003,434.146
gtm,sex_t,geo_cov_urb,mts_aggregate_1,2004,578.069
gtm,sex_t,geo_cov_urb,mts_aggregate_1,2006,620.708
gtm,sex_t,geo_cov_urb,mts_aggregate_1,2010,856.891
gtm,sex_t,geo_cov_urb,mts_aggregate_1,2011,879.698
gtm,sex_t,geo_cov_urb,mts_aggregate_1,2012,874.317
gtm,sex_t,geo_cov_urb,mts_aggregate_1,2013,997.041
gtm,sex_t,geo_cov_urb,mts_aggregate_1,2014,1087.962
gtm,sex_t,geo_cov_urb,mts_aggregate_1,2015,1235.827
gtm,sex_t,geo_cov_urb,mts_aggregate_1,2016,1117.035
gtm,sex_t,geo_cov_urb,mts_aggregate_1,2017,1124.127
gtm,sex_t,geo_cov_urb,mts_aggregate_1,2018,1047.386
gtm,sex_t,geo_cov_urb,mts_aggregate_1,2019,1238.774
gtm,sex_t,geo_cov_urb,mts_aggregate_2,2003,415.643
gtm,sex_t,geo_cov_urb,mts_aggregate_2,2004,589.326
gtm,sex_t,geo_cov_urb,mts_aggregate_2,2006,650.355
gtm,sex_t,geo_cov_urb,mts_aggregate_2,2010,821.317
gtm,sex_t,geo_cov_urb,mts_aggregate_2,2011,869.349
gtm,sex_t,geo_cov_urb,mts_aggregate_2,2012,846.391
gtm,sex_t,geo_cov_urb,mts_aggregate_2,2013,966.224
gtm,sex_t,geo_cov_urb,mts_aggregate_2,2014,948.762
gtm,sex_t,geo_cov_urb,mts_aggregate_2,2015,1317.709
gtm,sex_t,geo_cov_urb,mts_aggregate_2,2016,1051.322
gtm,sex_t,geo_cov_urb,mts_aggregate_2,2017,1068.701
gtm,sex_t,geo_cov_urb,mts_aggregate_2,2018,989.94
gtm,sex_t,geo_cov_urb,mts_aggregate_2,2019,1214.686
gtm,sex_t,geo_cov_urb,mts_aggregate_total,2003,849.789
gtm,sex_t,geo_cov_urb,mts_aggregate_total,2004,1242.641
gtm,sex_t,geo_cov_urb,mts_aggregate_total,2006,1271.062
gtm,sex_t,geo_cov_urb,mts_aggregate_total,2010,1707.517
gtm,sex_t,geo_cov_urb,mts_aggregate_total,2011,1751.482
gtm,sex_t,geo_cov_urb,mts_aggregate_total,2012,1720.708
gtm,sex_t,geo_cov_urb,mts_aggregate_total,2013,1963.264
gtm,sex_t,geo_cov_urb,mts_aggregate_total,2014,2038.175
gtm,sex_t,geo_cov_urb,mts_aggregate_total,2015,2553.536
gtm,sex_t,geo_cov_urb,mts_aggregate_total,2016,2168.357
gtm,sex_t,geo_cov_urb,mts_aggregate_total,2017,2192.829
gtm,sex_t,geo_cov_urb,mts_aggregate_total,2018,2037.326
gtm,sex_t,geo_cov_urb,mts_aggregate_total,2019,2453.46
gtm,sex_t,geo_cov_urb,mts_aggregate_x,2004,75.246
gtm,sex_t,geo_cov_urb,mts_aggregate_x,2010,29.309
gtm,sex_t,geo_cov_urb,mts_details_mrd,2003,282.691
gtm,sex_t,geo_cov_urb,mts_details_mrd,2004,425.629
gtm,sex_t,geo_cov_urb,mts_details_mrd,2006,195.98
gtm,sex_t,geo_cov_urb,mts_details_mrd,2010,547.557
gtm,sex_t,geo_cov_urb,mts_details_mrd,2011,543.633
gtm,sex_t,geo_cov_urb,mts_details_mrd,2012,582.283
gtm,sex_t,geo_cov_urb,mts_details_mrd,2013,646.475
gtm,sex_t,geo_cov_urb,mts_details_mrd,2014,683.947
gtm,sex_t,geo_cov_urb,mts_details_mrd,2015,882.357
gtm,sex_t,geo_cov_urb,mts_details_mrd,2016,702.071
gtm,sex_t,geo_cov_urb,mts_details_mrd,2017,730.404
gtm,sex_t,geo_cov_urb,mts_details_mrd,2018,688.637
gtm,sex_t,geo_cov_urb,mts_details_mrd,2019,879.236
gtm,sex_t,geo_cov_urb,mts_details_sep,2003,28.414
gtm,sex_t,geo_cov_urb,mts_details_sep,2004,47.19
gtm,sex_t,geo_cov_urb,mts_details_sep,2006,66.018
gtm,sex_t,geo_cov_urb,mts_details_sep,2010,75.6
gtm,sex_t,geo_cov_urb,mts_details_sep,2011,80.912
gtm,sex_t,geo_cov_urb,mts_details_sep,2012,82.017
gtm,sex_t,geo_cov_urb,mts_details_sep,2013,73.793
gtm,sex_t,geo_cov_urb,mts_details_sep,2014,105.477
gtm,sex_t,geo_cov_urb,mts_details_sep,2015,134.969
gtm,sex_t,geo_cov_urb,mts_details_sep,2016,117.174
gtm,sex_t,geo_cov_urb,mts_details_sep,2017,118.999
gtm,sex_t,geo_cov_urb,mts_details_sep,2018,114.443
gtm,sex_t,geo_cov_urb,mts_details_sep,2019,126.816
gtm,sex_t,geo_cov_urb,mts_details_sgle,2003,342.101
gtm,sex_t,geo_cov_urb,mts_details_sgle,2004,421.571
gtm,sex_t,geo_cov_urb,mts_details_sgle,2006,441.655
gtm,sex_t,geo_cov_urb,mts_details_sgle,2010,660.876
gtm,sex_t,geo_cov_urb,mts_details_sgle,2011,665.733
gtm,sex_t,geo_cov_urb,mts_details_sgle,2012,651.067
gtm,sex_t,geo_cov_urb,mts_details_sgle,2013,769.43
gtm,sex_t,geo_cov_urb,mts_details_sgle,2014,768.472
gtm,sex_t,geo_cov_urb,mts_details_sgle,2015,896.287
gtm,sex_t,geo_cov_urb,mts_details_sgle,2016,802.264
gtm,sex_t,geo_cov_urb,mts_details_sgle,2017,796.212
gtm,sex_t,geo_cov_urb,mts_details_sgle,2018,753.2
gtm,sex_t,geo_cov_urb,mts_details_sgle,2019,875.52
gtm,sex_t,geo_cov_urb,mts_details_total,2003,849.789
gtm,sex_t,geo_cov_urb,mts_details_total,2004,1242.641
gtm,sex_t,geo_cov_urb,mts_details_total,2006,1271.062
gtm,sex_t,geo_cov_urb,mts_details_total,2010,1707.517
gtm,sex_t,geo_cov_urb,mts_details_total,2011,1751.482
gtm,sex_t,geo_cov_urb,mts_details_total,2012,1720.708
gtm,sex_t,geo_cov_urb,mts_details_total,2013,1963.264
gtm,sex_t,geo_cov_urb,mts_details_total,2014,2038.175
gtm,sex_t,geo_cov_urb,mts_details_total,2015,2553.536
gtm,sex_t,geo_cov_urb,mts_details_total,2016,2168.357
gtm,sex_t,geo_cov_urb,mts_details_total,2017,2192.829
gtm,sex_t,geo_cov_urb,mts_details_total,2018,2037.326
gtm,sex_t,geo_cov_urb,mts_details_total,2019,2453.46
gtm,sex_t,geo_cov_urb,mts_details_union,2003,132.952
gtm,sex_t,geo_cov_urb,mts_details_union,2004,163.697
gtm,sex_t,geo_cov_urb,mts_details_union,2006,454.374
gtm,sex_t,geo_cov_urb,mts_details_union,2010,273.76
gtm,sex_t,geo_cov_urb,mts_details_union,2011,325.716
gtm,sex_t,geo_cov_urb,mts_details_union,2012,264.108
gtm,sex_t,geo_cov_urb,mts_details_union,2013,319.749
gtm,sex_t,geo_cov_urb,mts_details_union,2014,264.815
gtm,sex_t,geo_cov_urb,mts_details_union,2015,435.352
gtm,sex_t,geo_cov_urb,mts_details_union,2016,349.251
gtm,sex_t,geo_cov_urb,mts_details_union,2017,338.297
gtm,sex_t,geo_cov_urb,mts_details_union,2018,301.303
gtm,sex_t,geo_cov_urb,mts_details_union,2019,335.45
gtm,sex_t,geo_cov_urb,mts_details_wid,2003,63.631
gtm,sex_t,geo_cov_urb,mts_details_wid,2004,109.308
gtm,sex_t,geo_cov_urb,mts_details_wid,2006,113.034
gtm,sex_t,geo_cov_urb,mts_details_wid,2010,120.415
gtm,sex_t,geo_cov_urb,mts_details_wid,2011,133.052
gtm,sex_t,geo_cov_urb,mts_details_wid,2012,141.233
gtm,sex_t,geo_cov_urb,mts_details_wid,2013,153.818
gtm,sex_t,geo_cov_urb,mts_details_wid,2014,214.013
gtm,sex_t,geo_cov_urb,mts_details_wid,2015,204.572
gtm,sex_t,geo_cov_urb,mts_details_wid,2016,197.597
gtm,sex_t,geo_cov_urb,mts_details_wid,2017,208.916
gtm,sex_t,geo_cov_urb,mts_details_wid,2018,179.744
gtm,sex_t,geo_cov_urb,mts_details_wid,2019,236.439
gtm,sex_t,geo_cov_urb,mts_details_x,2004,75.246
gtm,sex_t,geo_cov_urb,mts_details_x,2010,29.309
guy,sex_f,geo_cov_nat,mts_aggregate_1,2018,67.723
guy,sex_f,geo_cov_nat,mts_aggregate_1,2019,76.037
guy,sex_f,geo_cov_nat,mts_aggregate_2,2018,78.061
guy,sex_f,geo_cov_nat,mts_aggregate_2,2019,80.828
guy,sex_f,geo_cov_nat,mts_aggregate_total,2018,160.696
guy,sex_f,geo_cov_nat,mts_aggregate_total,2019,176.371
guy,sex_f,geo_cov_nat,mts_aggregate_x,2018,14.911
guy,sex_f,geo_cov_nat,mts_aggregate_x,2019,19.506
guy,sex_f,geo_cov_nat,mts_details_mrd,2018,47.488
guy,sex_f,geo_cov_nat,mts_details_mrd,2019,51.258
guy,sex_f,geo_cov_nat,mts_details_sep,2018,6.601
guy,sex_f,geo_cov_nat,mts_details_sep,2019,6.569
guy,sex_f,geo_cov_nat,mts_details_sgle,2018,43.045
guy,sex_f,geo_cov_nat,mts_details_sgle,2019,50.403
guy,sex_f,geo_cov_nat,mts_details_total,2018,160.696
guy,sex_f,geo_cov_nat,mts_details_total,2019,176.371
guy,sex_f,geo_cov_nat,mts_details_union,2018,30.573
guy,sex_f,geo_cov_nat,mts_details_union,2019,29.57
guy,sex_f,geo_cov_nat,mts_details_wid,2018,18.077
guy,sex_f,geo_cov_nat,mts_details_wid,2019,19.065
guy,sex_f,geo_cov_nat,mts_details_x,2018,14.911
guy,sex_f,geo_cov_nat,mts_details_x,2019,19.506
guy,sex_f,geo_cov_rur,mts_aggregate_1,2018,47.804
guy,sex_f,geo_cov_rur,mts_aggregate_1,2019,54.34
guy,sex_f,geo_cov_rur,mts_aggregate_2,2018,63.732
guy,sex_f,geo_cov_rur,mts_aggregate_2,2019,66.625
guy,sex_f,geo_cov_rur,mts_aggregate_total,2018,119.903
guy,sex_f,geo_cov_rur,mts_aggregate_total,2019,131.694
guy,sex_f,geo_cov_rur,mts_aggregate_x,2018,8.368
guy,sex_f,geo_cov_rur,mts_aggregate_x,2019,10.73
guy,sex_f,geo_cov_rur,mts_details_mrd,2018,38.392
guy,sex_f,geo_cov_rur,mts_details_mrd,2019,41.84
guy,sex_f,geo_cov_rur,mts_details_sep,2018,4.086
guy,sex_f,geo_cov_rur,mts_details_sep,2019,4.31
guy,sex_f,geo_cov_rur,mts_details_sgle,2018,29.933
guy,sex_f,geo_cov_rur,mts_details_sgle,2019,35.81
guy,sex_f,geo_cov_rur,mts_details_total,2018,119.903
guy,sex_f,geo_cov_rur,mts_details_total,2019,131.694
guy,sex_f,geo_cov_rur,mts_details_union,2018,25.34
guy,sex_f,geo_cov_rur,mts_details_union,2019,24.786
guy,sex_f,geo_cov_rur,mts_details_wid,2018,13.785
guy,sex_f,geo_cov_rur,mts_details_wid,2019,14.22
guy,sex_f,geo_cov_rur,mts_details_x,2018,8.368
guy,sex_f,geo_cov_rur,mts_details_x,2019,10.73
guy,sex_f,geo_cov_urb,mts_aggregate_1,2018,19.92
guy,sex_f,geo_cov_urb,mts_aggregate_1,2019,21.698
guy,sex_f,geo_cov_urb,mts_aggregate_2,2018,14.329
guy,sex_f,geo_cov_urb,mts_aggregate_2,2019,14.203
guy,sex_f,geo_cov_urb,mts_aggregate_total,2018,40.793
guy,sex_f,geo_cov_urb,mts_aggregate_total,2019,44.677
guy,sex_f,geo_cov_urb,mts_aggregate_x,2018,6.544
guy,sex_f,geo_cov_urb,mts_aggregate_x,2019,8.777
guy,sex_f,geo_cov_urb,mts_details_mrd,2018,9.096
guy,sex_f,geo_cov_urb,mts_details_mrd,2019,9.419
guy,sex_f,geo_cov_urb,mts_details_sep,2018,2.516
guy,sex_f,geo_cov_urb,mts_details_sep,2019,2.26
guy,sex_f,geo_cov_urb,mts_details_sgle,2018,13.111
guy,sex_f,geo_cov_urb,mts_details_sgle,2019,14.593
guy,sex_f,geo_cov_urb,mts_details_total,2018,40.793
guy,sex_f,geo_cov_urb,mts_details_total,2019,44.677
guy,sex_f,geo_cov_urb,mts_details_union,2018,5.234
guy,sex_f,geo_cov_urb,mts_details_union,2019,4.784
guy,sex_f,geo_cov_urb,mts_details_wid,2018,4.293
guy,sex_f,geo_cov_urb,mts_details_wid,2019,4.845
guy,sex_f,geo_cov_urb,mts_details_x,2018,6.544
guy,sex_f,geo_cov_urb,mts_details_x,2019,8.777
guy,sex_m,geo_cov_nat,mts_aggregate_1,2018,39.949
guy,sex_m,geo_cov_nat,mts_aggregate_1,2019,43.607
guy,sex_m,geo_cov_nat,mts_aggregate_2,2018,24.209
guy,sex_m,geo_cov_nat,mts_aggregate_2,2019,27.124
guy,sex_m,geo_cov_nat,mts_aggregate_total,2018,87.399
guy,sex_m,geo_cov_nat,mts_aggregate_total,2019,101.546
guy,sex_m,geo_cov_nat,mts_aggregate_x,2018,23.241
guy,sex_m,geo_cov_nat,mts_aggregate_x,2019,30.815
guy,sex_m,geo_cov_nat,mts_details_mrd,2018,18.073
guy,sex_m,geo_cov_nat,mts_details_mrd,2019,20.328
guy,sex_m,geo_cov_nat,mts_details_sep,2018,3.291
guy,sex_m,geo_cov_nat,mts_details_sep,2019,3.062
guy,sex_m,geo_cov_nat,mts_details_sgle,2018,32.077
guy,sex_m,geo_cov_nat,mts_details_sgle,2019,36.081
guy,sex_m,geo_cov_nat,mts_details_total,2018,87.399
guy,sex_m,geo_cov_nat,mts_details_total,2019,101.546
guy,sex_m,geo_cov_nat,mts_details_union,2018,6.136
guy,sex_m,geo_cov_nat,mts_details_union,2019,6.796
guy,sex_m,geo_cov_nat,mts_details_wid,2018,4.582
guy,sex_m,geo_cov_nat,mts_details_wid,2019,4.465
guy,sex_m,geo_cov_nat,mts_details_x,2018,23.241
guy,sex_m,geo_cov_nat,mts_details_x,2019,30.815
guy,sex_m,geo_cov_rur,mts_aggregate_1,2018,28.738
guy,sex_m,geo_cov_rur,mts_aggregate_1,2019,31.47
guy,sex_m,geo_cov_rur,mts_aggregate_2,2018,18.499
guy,sex_m,geo_cov_rur,mts_aggregate_2,2019,20.976
guy,sex_m,geo_cov_rur,mts_aggregate_total,2018,61.219
guy,sex_m,geo_cov_rur,mts_aggregate_total,2019,71.158
guy,sex_m,geo_cov_rur,mts_aggregate_x,2018,13.982
guy,sex_m,geo_cov_rur,mts_aggregate_x,2019,18.712
guy,sex_m,geo_cov_rur,mts_details_mrd,2018,13.899
guy,sex_m,geo_cov_rur,mts_details_mrd,2019,15.634
guy,sex_m,geo_cov_rur,mts_details_sep,2018,2.29
guy,sex_m,geo_cov_rur,mts_details_sep,2019,2.127
guy,sex_m,geo_cov_rur,mts_details_sgle,2018,22.947
guy,sex_m,geo_cov_rur,mts_details_sgle,2019,25.904
guy,sex_m,geo_cov_rur,mts_details_total,2018,61.219
guy,sex_m,geo_cov_rur,mts_details_total,2019,71.158
guy,sex_m,geo_cov_rur,mts_details_union,2018,4.6
guy,sex_m,geo_cov_rur,mts_details_union,2019,5.342
guy,sex_m,geo_cov_rur,mts_details_wid,2018,3.501
guy,sex_m,geo_cov_rur,mts_details_wid,2019,3.439
guy,sex_m,geo_cov_rur,mts_details_x,2018,13.982
guy,sex_m,geo_cov_rur,mts_details_x,2019,18.712
guy,sex_m,geo_cov_urb,mts_aggregate_1,2018,11.211
guy,sex_m,geo_cov_urb,mts_aggregate_1,2019,12.137
guy,sex_m,geo_cov_urb,mts_aggregate_2,2018,5.71
guy,sex_m,geo_cov_urb,mts_aggregate_2,2019,6.147
guy,sex_m,geo_cov_urb,mts_aggregate_total,2018,26.18
guy,sex_m,geo_cov_urb,mts_aggregate_total,2019,30.388
guy,sex_m,geo_cov_urb,mts_aggregate_x,2018,9.259
guy,sex_m,geo_cov_urb,mts_aggregate_x,2019,12.103
guy,sex_m,geo_cov_urb,mts_details_mrd,2018,4.174
guy,sex_m,geo_cov_urb,mts_details_mrd,2019,4.693
guy,sex_m,geo_cov_urb,mts_details_sep,2018,1.001
guy,sex_m,geo_cov_urb,mts_details_sep,2019,0.935
guy,sex_m,geo_cov_urb,mts_details_sgle,2018,9.13
guy,sex_m,geo_cov_urb,mts_details_sgle,2019,10.177
guy,sex_m,geo_cov_urb,mts_details_total,2018,26.18
guy,sex_m,geo_cov_urb,mts_details_total,2019,30.388
guy,sex_m,geo_cov_urb,mts_details_union,2018,1.536
guy,sex_m,geo_cov_urb,mts_details_union,2019,1.454
guy,sex_m,geo_cov_urb,mts_details_wid,2018,1.081
guy,sex_m,geo_cov_urb,mts_details_wid,2019,1.026
guy,sex_m,geo_cov_urb,mts_details_x,2018,9.259
guy,sex_m,geo_cov_urb,mts_details_x,2019,12.103
guy,sex_t,geo_cov_nat,mts_aggregate_1,2018,107.673
guy,sex_t,geo_cov_nat,mts_aggregate_1,2019,119.644
guy,sex_t,geo_cov_nat,mts_aggregate_2,2018,102.27
guy,sex_t,geo_cov_nat,mts_aggregate_2,2019,107.952
guy,sex_t,geo_cov_nat,mts_aggregate_total,2018,248.095
guy,sex_t,geo_cov_nat,mts_aggregate_total,2019,277.917
guy,sex_t,geo_cov_nat,mts_aggregate_x,2018,38.152
guy,sex_t,geo_cov_nat,mts_aggregate_x,2019,50.321
guy,sex_t,geo_cov_nat,mts_details_mrd,2018,65.561
guy,sex_t,geo_cov_nat,mts_details_mrd,2019,71.586
guy,sex_t,geo_cov_nat,mts_details_sep,2018,9.892
guy,sex_t,geo_cov_nat,mts_details_sep,2019,9.631
guy,sex_t,geo_cov_nat,mts_details_sgle,2018,75.121
guy,sex_t,geo_cov_nat,mts_details_sgle,2019,86.484
guy,sex_t,geo_cov_nat,mts_details_total,2018,248.095
guy,sex_t,geo_cov_nat,mts_details_total,2019,277.917
guy,sex_t,geo_cov_nat,mts_details_union,2018,36.709
guy,sex_t,geo_cov_nat,mts_details_union,2019,36.366
guy,sex_t,geo_cov_nat,mts_details_wid,2018,22.659
guy,sex_t,geo_cov_nat,mts_details_wid,2019,23.53
guy,sex_t,geo_cov_nat,mts_details_x,2018,38.152
guy,sex_t,geo_cov_nat,mts_details_x,2019,50.321
guy,sex_t,geo_cov_rur,mts_aggregate_1,2018,76.541
guy,sex_t,geo_cov_rur,mts_aggregate_1,2019,85.809
guy,sex_t,geo_cov_rur,mts_aggregate_2,2018,82.231
guy,sex_t,geo_cov_rur,mts_aggregate_2,2019,87.601
guy,sex_t,geo_cov_rur,mts_aggregate_total,2018,181.122
guy,sex_t,geo_cov_rur,mts_aggregate_total,2019,202.852
guy,sex_t,geo_cov_rur,mts_aggregate_x,2018,22.35
guy,sex_t,geo_cov_rur,mts_aggregate_x,2019,29.441
guy,sex_t,geo_cov_rur,mts_details_mrd,2018,52.291
guy,sex_t,geo_cov_rur,mts_details_mrd,2019,57.474
guy,sex_t,geo_cov_rur,mts_details_sep,2018,6.376
guy,sex_t,geo_cov_rur,mts_details_sep,2019,6.437
guy,sex_t,geo_cov_rur,mts_details_sgle,2018,52.88
guy,sex_t,geo_cov_rur,mts_details_sgle,2019,61.714
guy,sex_t,geo_cov_rur,mts_details_total,2018,181.122
guy,sex_t,geo_cov_rur,mts_details_total,2019,202.852
guy,sex_t,geo_cov_rur,mts_details_union,2018,29.939
guy,sex_t,geo_cov_rur,mts_details_union,2019,30.128
guy,sex_t,geo_cov_rur,mts_details_wid,2018,17.286
guy,sex_t,geo_cov_rur,mts_details_wid,2019,17.659
guy,sex_t,geo_cov_rur,mts_details_x,2018,22.35
guy,sex_t,geo_cov_rur,mts_details_x,2019,29.441
guy,sex_t,geo_cov_urb,mts_aggregate_1,2018,31.131
guy,sex_t,geo_cov_urb,mts_aggregate_1,2019,33.835
guy,sex_t,geo_cov_urb,mts_aggregate_2,2018,20.039
guy,sex_t,geo_cov_urb,mts_aggregate_2,2019,20.35
guy,sex_t,geo_cov_urb,mts_aggregate_total,2018,66.973
guy,sex_t,geo_cov_urb,mts_aggregate_total,2019,75.065
guy,sex_t,geo_cov_urb,mts_aggregate_x,2018,15.803
guy,sex_t,geo_cov_urb,mts_aggregate_x,2019,20.88
guy,sex_t,geo_cov_urb,mts_details_mrd,2018,13.27
guy,sex_t,geo_cov_urb,mts_details_mrd,2019,14.112
guy,sex_t,geo_cov_urb,mts_details_sep,2018,3.516
guy,sex_t,geo_cov_urb,mts_details_sep,2019,3.194
guy,sex_t,geo_cov_urb,mts_details_sgle,2018,22.241
guy,sex_t,geo_cov_urb,mts_details_sgle,2019,24.77
guy,sex_t,geo_cov_urb,mts_details_total,2018,66.973
guy,sex_t,geo_cov_urb,mts_details_total,2019,75.065
guy,sex_t,geo_cov_urb,mts_details_union,2018,6.77
guy,sex_t,geo_cov_urb,mts_details_union,2019,6.238
guy,sex_t,geo_cov_urb,mts_details_wid,2018,5.373
guy,sex_t,geo_cov_urb,mts_details_wid,2019,5.871
guy,sex_t,geo_cov_urb,mts_details_x,2018,15.803
guy,sex_t,geo_cov_urb,mts_details_x,2019,20.88
hnd,sex_f,geo_cov_nat,mts_aggregate_1,2005,591.658
hnd,sex_f,geo_cov_nat,mts_aggregate_1,2006,673.605
hnd,sex_f,geo_cov_nat,mts_aggregate_1,2007,698.612
hnd,sex_f,geo_cov_nat,mts_aggregate_1,2008,738.55
hnd,sex_f,geo_cov_nat,mts_aggregate_1,2009,756.352
hnd,sex_f,geo_cov_nat,mts_aggregate_1,2010,762.714
hnd,sex_f,geo_cov_nat,mts_aggregate_1,2011,823.454
hnd,sex_f,geo_cov_nat,mts_aggregate_1,2012,892.727
hnd,sex_f,geo_cov_nat,mts_aggregate_1,2013,811.301
hnd,sex_f,geo_cov_nat,mts_aggregate_1,2014,774.109
hnd,sex_f,geo_cov_nat,mts_aggregate_1,2015,783.112
hnd,sex_f,geo_cov_nat,mts_aggregate_1,2016,828.442
hnd,sex_f,geo_cov_nat,mts_aggregate_1,2017,827.106
hnd,sex_f,geo_cov_nat,mts_aggregate_1,2018,752.078
hnd,sex_f,geo_cov_nat,mts_aggregate_1,2019,872.241
hnd,sex_f,geo_cov_nat,mts_aggregate_1,2020,969.829
hnd,sex_f,geo_cov_nat,mts_aggregate_2,2005,734.6
hnd,sex_f,geo_cov_nat,mts_aggregate_2,2006,778.913
hnd,sex_f,geo_cov_nat,mts_aggregate_2,2007,816.583
hnd,sex_f,geo_cov_nat,mts_aggregate_2,2008,818.945
hnd,sex_f,geo_cov_nat,mts_aggregate_2,2009,804.487
hnd,sex_f,geo_cov_nat,mts_aggregate_2,2010,796.436
hnd,sex_f,geo_cov_nat,mts_aggregate_2,2011,885.147
hnd,sex_f,geo_cov_nat,mts_aggregate_2,2012,892.619
hnd,sex_f,geo_cov_nat,mts_aggregate_2,2013,862.774
hnd,sex_f,geo_cov_nat,mts_aggregate_2,2014,807.067
hnd,sex_f,geo_cov_nat,mts_aggregate_2,2015,846.38
hnd,sex_f,geo_cov_nat,mts_aggregate_2,2016,873.081
hnd,sex_f,geo_cov_nat,mts_aggregate_2,2017,897.842
hnd,sex_f,geo_cov_nat,mts_aggregate_2,2018,862.545
hnd,sex_f,geo_cov_nat,mts_aggregate_2,2019,916.404
hnd,sex_f,geo_cov_nat,mts_aggregate_2,2020,957.715
hnd,sex_f,geo_cov_nat,mts_aggregate_total,2005,1326.258
hnd,sex_f,geo_cov_nat,mts_aggregate_total,2006,1452.517
hnd,sex_f,geo_cov_nat,mts_aggregate_total,2007,1515.195
hnd,sex_f,geo_cov_nat,mts_aggregate_total,2008,1557.495
hnd,sex_f,geo_cov_nat,mts_aggregate_total,2009,1560.928
hnd,sex_f,geo_cov_nat,mts_aggregate_total,2010,1559.15
hnd,sex_f,geo_cov_nat,mts_aggregate_total,2011,1708.601
hnd,sex_f,geo_cov_nat,mts_aggregate_total,2012,1785.345
hnd,sex_f,geo_cov_nat,mts_aggregate_total,2013,1674.075
hnd,sex_f,geo_cov_nat,mts_aggregate_total,2014,1581.176
hnd,sex_f,geo_cov_nat,mts_aggregate_total,2015,1629.492
hnd,sex_f,geo_cov_nat,mts_aggregate_total,2016,1701.523
hnd,sex_f,geo_cov_nat,mts_aggregate_total,2017,1724.947
hnd,sex_f,geo_cov_nat,mts_aggregate_total,2018,1614.623
hnd,sex_f,geo_cov_nat,mts_aggregate_total,2019,1788.644
hnd,sex_f,geo_cov_nat,mts_aggregate_total,2020,1930.017
hnd,sex_f,geo_cov_nat,mts_aggregate_x,2020,2.474
hnd,sex_f,geo_cov_nat,mts_details_mrd,2005,331.784
hnd,sex_f,geo_cov_nat,mts_details_mrd,2006,364.076
hnd,sex_f,geo_cov_nat,mts_details_mrd,2007,380.854
hnd,sex_f,geo_cov_nat,mts_details_mrd,2008,382.525
hnd,sex_f,geo_cov_nat,mts_details_mrd,2009,361.501
hnd,sex_f,geo_cov_nat,mts_details_mrd,2010,374.367
hnd,sex_f,geo_cov_nat,mts_details_mrd,2011,391.484
hnd,sex_f,geo_cov_nat,mts_details_mrd,2012,421.779
hnd,sex_f,geo_cov_nat,mts_details_mrd,2013,400.369
hnd,sex_f,geo_cov_nat,mts_details_mrd,2014,344.109
hnd,sex_f,geo_cov_nat,mts_details_mrd,2015,369.561
hnd,sex_f,geo_cov_nat,mts_details_mrd,2016,377.434
hnd,sex_f,geo_cov_nat,mts_details_mrd,2017,371.778
hnd,sex_f,geo_cov_nat,mts_details_mrd,2018,363.045
hnd,sex_f,geo_cov_nat,mts_details_mrd,2019,412.702
hnd,sex_f,geo_cov_nat,mts_details_mrd,2020,464.118
hnd,sex_f,geo_cov_nat,mts_details_sep,2005,29.922
hnd,sex_f,geo_cov_nat,mts_details_sep,2006,58.165
hnd,sex_f,geo_cov_nat,mts_details_sep,2007,47.113
hnd,sex_f,geo_cov_nat,mts_details_sep,2008,37.924
hnd,sex_f,geo_cov_nat,mts_details_sep,2009,50.666
hnd,sex_f,geo_cov_nat,mts_details_sep,2010,29.736
hnd,sex_f,geo_cov_nat,mts_details_sep,2011,33.451
hnd,sex_f,geo_cov_nat,mts_details_sep,2012,43.077
hnd,sex_f,geo_cov_nat,mts_details_sep,2013,45.908
hnd,sex_f,geo_cov_nat,mts_details_sep,2014,37.034
hnd,sex_f,geo_cov_nat,mts_details_sep,2015,42.447
hnd,sex_f,geo_cov_nat,mts_details_sep,2016,36.325
hnd,sex_f,geo_cov_nat,mts_details_sep,2017,38.978
hnd,sex_f,geo_cov_nat,mts_details_sep,2018,33.536
hnd,sex_f,geo_cov_nat,mts_details_sep,2019,35.784
hnd,sex_f,geo_cov_nat,mts_details_sep,2020,78.553
hnd,sex_f,geo_cov_nat,mts_details_sgle,2005,483.773
hnd,sex_f,geo_cov_nat,mts_details_sgle,2006,511.141
hnd,sex_f,geo_cov_nat,mts_details_sgle,2007,547.459
hnd,sex_f,geo_cov_nat,mts_details_sgle,2008,593.444
hnd,sex_f,geo_cov_nat,mts_details_sgle,2009,598.417
hnd,sex_f,geo_cov_nat,mts_details_sgle,2010,627.849
hnd,sex_f,geo_cov_nat,mts_details_sgle,2011,668.968
hnd,sex_f,geo_cov_nat,mts_details_sgle,2012,709.06
hnd,sex_f,geo_cov_nat,mts_details_sgle,2013,630.346
hnd,sex_f,geo_cov_nat,mts_details_sgle,2014,630.802
hnd,sex_f,geo_cov_nat,mts_details_sgle,2015,641.707
hnd,sex_f,geo_cov_nat,mts_details_sgle,2016,674.085
hnd,sex_f,geo_cov_nat,mts_details_sgle,2017,673.549
hnd,sex_f,geo_cov_nat,mts_details_sgle,2018,608.101
hnd,sex_f,geo_cov_nat,mts_details_sgle,2019,708.133
hnd,sex_f,geo_cov_nat,mts_details_sgle,2020,706.911
hnd,sex_f,geo_cov_nat,mts_details_total,2005,1326.258
hnd,sex_f,geo_cov_nat,mts_details_total,2006,1452.517
hnd,sex_f,geo_cov_nat,mts_details_total,2007,1515.195
hnd,sex_f,geo_cov_nat,mts_details_total,2008,1557.495
hnd,sex_f,geo_cov_nat,mts_details_total,2009,1560.928
hnd,sex_f,geo_cov_nat,mts_details_total,2010,1559.15
hnd,sex_f,geo_cov_nat,mts_details_total,2011,1708.601
hnd,sex_f,geo_cov_nat,mts_details_total,2012,1785.345
hnd,sex_f,geo_cov_nat,mts_details_total,2013,1674.075
hnd,sex_f,geo_cov_nat,mts_details_total,2014,1581.176
hnd,sex_f,geo_cov_nat,mts_details_total,2015,1629.492
hnd,sex_f,geo_cov_nat,mts_details_total,2016,1701.523
hnd,sex_f,geo_cov_nat,mts_details_total,2017,1724.947
hnd,sex_f,geo_cov_nat,mts_details_total,2018,1614.623
hnd,sex_f,geo_cov_nat,mts_details_total,2019,1788.644
hnd,sex_f,geo_cov_nat,mts_details_total,2020,1930.017
hnd,sex_f,geo_cov_nat,mts_details_union,2005,402.816
hnd,sex_f,geo_cov_nat,mts_details_union,2006,414.836
hnd,sex_f,geo_cov_nat,mts_details_union,2007,435.729
hnd,sex_f,geo_cov_nat,mts_details_union,2008,436.42
hnd,sex_f,geo_cov_nat,mts_details_union,2009,442.986
hnd,sex_f,geo_cov_nat,mts_details_union,2010,422.069
hnd,sex_f,geo_cov_nat,mts_details_union,2011,493.663
hnd,sex_f,geo_cov_nat,mts_details_union,2012,470.839
hnd,sex_f,geo_cov_nat,mts_details_union,2013,462.405
hnd,sex_f,geo_cov_nat,mts_details_union,2014,462.958
hnd,sex_f,geo_cov_nat,mts_details_union,2015,476.82
hnd,sex_f,geo_cov_nat,mts_details_union,2016,495.647
hnd,sex_f,geo_cov_nat,mts_details_union,2017,526.064
hnd,sex_f,geo_cov_nat,mts_details_union,2018,499.5
hnd,sex_f,geo_cov_nat,mts_details_union,2019,503.702
hnd,sex_f,geo_cov_nat,mts_details_union,2020,493.597
hnd,sex_f,geo_cov_nat,mts_details_wid,2005,77.963
hnd,sex_f,geo_cov_nat,mts_details_wid,2006,104.299
hnd,sex_f,geo_cov_nat,mts_details_wid,2007,104.04
hnd,sex_f,geo_cov_nat,mts_details_wid,2008,107.182
hnd,sex_f,geo_cov_nat,mts_details_wid,2009,107.269
hnd,sex_f,geo_cov_nat,mts_details_wid,2010,105.13
hnd,sex_f,geo_cov_nat,mts_details_wid,2011,121.035
hnd,sex_f,geo_cov_nat,mts_details_wid,2012,140.59
hnd,sex_f,geo_cov_nat,mts_details_wid,2013,135.047
hnd,sex_f,geo_cov_nat,mts_details_wid,2014,106.273
hnd,sex_f,geo_cov_nat,mts_details_wid,2015,98.958
hnd,sex_f,geo_cov_nat,mts_details_wid,2016,118.032
hnd,sex_f,geo_cov_nat,mts_details_wid,2017,114.579
hnd,sex_f,geo_cov_nat,mts_details_wid,2018,110.44
hnd,sex_f,geo_cov_nat,mts_details_wid,2019,128.323
hnd,sex_f,geo_cov_nat,mts_details_wid,2020,184.366
hnd,sex_f,geo_cov_nat,mts_details_x,2020,2.474
hnd,sex_f,geo_cov_rur,mts_aggregate_1,2005,289.387
hnd,sex_f,geo_cov_rur,mts_aggregate_1,2006,327.648
hnd,sex_f,geo_cov_rur,mts_aggregate_1,2007,337.051
hnd,sex_f,geo_cov_rur,mts_aggregate_1,2008,362.696
hnd,sex_f,geo_cov_rur,mts_aggregate_1,2009,365.503
hnd,sex_f,geo_cov_rur,mts_aggregate_1,2010,364.819
hnd,sex_f,geo_cov_rur,mts_aggregate_1,2011,394.325
hnd,sex_f,geo_cov_rur,mts_aggregate_1,2012,442.775
hnd,sex_f,geo_cov_rur,mts_aggregate_1,2013,384.078
hnd,sex_f,geo_cov_rur,mts_aggregate_1,2014,305.072
hnd,sex_f,geo_cov_rur,mts_aggregate_1,2015,305.852
hnd,sex_f,geo_cov_rur,mts_aggregate_1,2016,336.281
hnd,sex_f,geo_cov_rur,mts_aggregate_1,2017,351.442
hnd,sex_f,geo_cov_rur,mts_aggregate_1,2018,302.437
hnd,sex_f,geo_cov_rur,mts_aggregate_1,2019,324.778
hnd,sex_f,geo_cov_rur,mts_aggregate_1,2020,405.751
hnd,sex_f,geo_cov_rur,mts_aggregate_2,2005,462.28
hnd,sex_f,geo_cov_rur,mts_aggregate_2,2006,478.142
hnd,sex_f,geo_cov_rur,mts_aggregate_2,2007,489.555
hnd,sex_f,geo_cov_rur,mts_aggregate_2,2008,508.707
hnd,sex_f,geo_cov_rur,mts_aggregate_2,2009,493.408
hnd,sex_f,geo_cov_rur,mts_aggregate_2,2010,494.525
hnd,sex_f,geo_cov_rur,mts_aggregate_2,2011,550.875
hnd,sex_f,geo_cov_rur,mts_aggregate_2,2012,549.986
hnd,sex_f,geo_cov_rur,mts_aggregate_2,2013,527.417
hnd,sex_f,geo_cov_rur,mts_aggregate_2,2014,445.872
hnd,sex_f,geo_cov_rur,mts_aggregate_2,2015,456.682
hnd,sex_f,geo_cov_rur,mts_aggregate_2,2016,462.354
hnd,sex_f,geo_cov_rur,mts_aggregate_2,2017,483.618
hnd,sex_f,geo_cov_rur,mts_aggregate_2,2018,470.033
hnd,sex_f,geo_cov_rur,mts_aggregate_2,2019,486.943
hnd,sex_f,geo_cov_rur,mts_aggregate_2,2020,496.524
hnd,sex_f,geo_cov_rur,mts_aggregate_total,2005,751.667
hnd,sex_f,geo_cov_rur,mts_aggregate_total,2006,805.79
hnd,sex_f,geo_cov_rur,mts_aggregate_total,2007,826.606
hnd,sex_f,geo_cov_rur,mts_aggregate_total,2008,871.402
hnd,sex_f,geo_cov_rur,mts_aggregate_total,2009,859
hnd,sex_f,geo_cov_rur,mts_aggregate_total,2010,859.343
hnd,sex_f,geo_cov_rur,mts_aggregate_total,2011,945.2
hnd,sex_f,geo_cov_rur,mts_aggregate_total,2012,992.76
hnd,sex_f,geo_cov_rur,mts_aggregate_total,2013,911.496
hnd,sex_f,geo_cov_rur,mts_aggregate_total,2014,750.944
hnd,sex_f,geo_cov_rur,mts_aggregate_total,2015,762.535
hnd,sex_f,geo_cov_rur,mts_aggregate_total,2016,798.635
hnd,sex_f,geo_cov_rur,mts_aggregate_total,2017,835.06
hnd,sex_f,geo_cov_rur,mts_aggregate_total,2018,772.47
hnd,sex_f,geo_cov_rur,mts_aggregate_total,2019,811.721
hnd,sex_f,geo_cov_rur,mts_aggregate_total,2020,902.275
hnd,sex_f,geo_cov_rur,mts_details_mrd,2005,200.398
hnd,sex_f,geo_cov_rur,mts_details_mrd,2006,214.798
hnd,sex_f,geo_cov_rur,mts_details_mrd,2007,216.761
hnd,sex_f,geo_cov_rur,mts_details_mrd,2008,231.558
hnd,sex_f,geo_cov_rur,mts_details_mrd,2009,213.636
hnd,sex_f,geo_cov_rur,mts_details_mrd,2010,216.981
hnd,sex_f,geo_cov_rur,mts_details_mrd,2011,228.403
hnd,sex_f,geo_cov_rur,mts_details_mrd,2012,248.768
hnd,sex_f,geo_cov_rur,mts_details_mrd,2013,236.669
hnd,sex_f,geo_cov_rur,mts_details_mrd,2014,179.146
hnd,sex_f,geo_cov_rur,mts_details_mrd,2015,184.557
hnd,sex_f,geo_cov_rur,mts_details_mrd,2016,180.41
hnd,sex_f,geo_cov_rur,mts_details_mrd,2017,184.915
hnd,sex_f,geo_cov_rur,mts_details_mrd,2018,187.361
hnd,sex_f,geo_cov_rur,mts_details_mrd,2019,202.667
hnd,sex_f,geo_cov_rur,mts_details_mrd,2020,232.402
hnd,sex_f,geo_cov_rur,mts_details_sep,2005,13.868
hnd,sex_f,geo_cov_rur,mts_details_sep,2006,25.04
hnd,sex_f,geo_cov_rur,mts_details_sep,2007,21.193
hnd,sex_f,geo_cov_rur,mts_details_sep,2008,15.754
hnd,sex_f,geo_cov_rur,mts_details_sep,2009,22.146
hnd,sex_f,geo_cov_rur,mts_details_sep,2010,11.023
hnd,sex_f,geo_cov_rur,mts_details_sep,2011,16.234
hnd,sex_f,geo_cov_rur,mts_details_sep,2012,20.303
hnd,sex_f,geo_cov_rur,mts_details_sep,2013,19.189
hnd,sex_f,geo_cov_rur,mts_details_sep,2014,14.875
hnd,sex_f,geo_cov_rur,mts_details_sep,2015,14.454
hnd,sex_f,geo_cov_rur,mts_details_sep,2016,12.79
hnd,sex_f,geo_cov_rur,mts_details_sep,2017,11.241
hnd,sex_f,geo_cov_rur,mts_details_sep,2018,12.16
hnd,sex_f,geo_cov_rur,mts_details_sep,2019,11.86
hnd,sex_f,geo_cov_rur,mts_details_sep,2020,29.748
hnd,sex_f,geo_cov_rur,mts_details_sgle,2005,237.612
hnd,sex_f,geo_cov_rur,mts_details_sgle,2006,251.932
hnd,sex_f,geo_cov_rur,mts_details_sgle,2007,263.3
hnd,sex_f,geo_cov_rur,mts_details_sgle,2008,295.543
hnd,sex_f,geo_cov_rur,mts_details_sgle,2009,294.022
hnd,sex_f,geo_cov_rur,mts_details_sgle,2010,301.199
hnd,sex_f,geo_cov_rur,mts_details_sgle,2011,320.763
hnd,sex_f,geo_cov_rur,mts_details_sgle,2012,353.329
hnd,sex_f,geo_cov_rur,mts_details_sgle,2013,303.832
hnd,sex_f,geo_cov_rur,mts_details_sgle,2014,251.399
hnd,sex_f,geo_cov_rur,mts_details_sgle,2015,254.323
hnd,sex_f,geo_cov_rur,mts_details_sgle,2016,277.306
hnd,sex_f,geo_cov_rur,mts_details_sgle,2017,300.049
hnd,sex_f,geo_cov_rur,mts_details_sgle,2018,244.776
hnd,sex_f,geo_cov_rur,mts_details_sgle,2019,262.955
hnd,sex_f,geo_cov_rur,mts_details_sgle,2020,290.537
hnd,sex_f,geo_cov_rur,mts_details_total,2005,751.667
hnd,sex_f,geo_cov_rur,mts_details_total,2006,805.79
hnd,sex_f,geo_cov_rur,mts_details_total,2007,826.606
hnd,sex_f,geo_cov_rur,mts_details_total,2008,871.402
hnd,sex_f,geo_cov_rur,mts_details_total,2009,859
hnd,sex_f,geo_cov_rur,mts_details_total,2010,859.343
hnd,sex_f,geo_cov_rur,mts_details_total,2011,945.2
hnd,sex_f,geo_cov_rur,mts_details_total,2012,992.76
hnd,sex_f,geo_cov_rur,mts_details_total,2013,911.496
hnd,sex_f,geo_cov_rur,mts_details_total,2014,750.944
hnd,sex_f,geo_cov_rur,mts_details_total,2015,762.535
hnd,sex_f,geo_cov_rur,mts_details_total,2016,798.635
hnd,sex_f,geo_cov_rur,mts_details_total,2017,835.06
hnd,sex_f,geo_cov_rur,mts_details_total,2018,772.47
hnd,sex_f,geo_cov_rur,mts_details_total,2019,811.721
hnd,sex_f,geo_cov_rur,mts_details_total,2020,902.275
hnd,sex_f,geo_cov_rur,mts_details_union,2005,261.882
hnd,sex_f,geo_cov_rur,mts_details_union,2006,263.345
hnd,sex_f,geo_cov_rur,mts_details_union,2007,272.795
hnd,sex_f,geo_cov_rur,mts_details_union,2008,277.148
hnd,sex_f,geo_cov_rur,mts_details_union,2009,279.772
hnd,sex_f,geo_cov_rur,mts_details_union,2010,277.543
hnd,sex_f,geo_cov_rur,mts_details_union,2011,322.472
hnd,sex_f,geo_cov_rur,mts_details_union,2012,301.218
hnd,sex_f,geo_cov_rur,mts_details_union,2013,290.748
hnd,sex_f,geo_cov_rur,mts_details_union,2014,266.726
hnd,sex_f,geo_cov_rur,mts_details_union,2015,272.126
hnd,sex_f,geo_cov_rur,mts_details_union,2016,281.944
hnd,sex_f,geo_cov_rur,mts_details_union,2017,298.703
hnd,sex_f,geo_cov_rur,mts_details_union,2018,282.672
hnd,sex_f,geo_cov_rur,mts_details_union,2019,284.277
hnd,sex_f,geo_cov_rur,mts_details_union,2020,264.122
hnd,sex_f,geo_cov_rur,mts_details_wid,2005,37.907
hnd,sex_f,geo_cov_rur,mts_details_wid,2006,50.676
hnd,sex_f,geo_cov_rur,mts_details_wid,2007,52.558
hnd,sex_f,geo_cov_rur,mts_details_wid,2008,51.399
hnd,sex_f,geo_cov_rur,mts_details_wid,2009,49.336
hnd,sex_f,geo_cov_rur,mts_details_wid,2010,52.596
hnd,sex_f,geo_cov_rur,mts_details_wid,2011,57.328
hnd,sex_f,geo_cov_rur,mts_details_wid,2012,69.143
hnd,sex_f,geo_cov_rur,mts_details_wid,2013,61.057
hnd,sex_f,geo_cov_rur,mts_details_wid,2014,38.799
hnd,sex_f,geo_cov_rur,mts_details_wid,2015,37.075
hnd,sex_f,geo_cov_rur,mts_details_wid,2016,46.185
hnd,sex_f,geo_cov_rur,mts_details_wid,2017,40.152
hnd,sex_f,geo_cov_rur,mts_details_wid,2018,45.501
hnd,sex_f,geo_cov_rur,mts_details_wid,2019,49.963
hnd,sex_f,geo_cov_rur,mts_details_wid,2020,85.466
hnd,sex_f,geo_cov_urb,mts_aggregate_1,2005,302.271
hnd,sex_f,geo_cov_urb,mts_aggregate_1,2006,345.957
hnd,sex_f,geo_cov_urb,mts_aggregate_1,2007,361.56
hnd,sex_f,geo_cov_urb,mts_aggregate_1,2008,375.854
hnd,sex_f,geo_cov_urb,mts_aggregate_1,2009,390.849
hnd,sex_f,geo_cov_urb,mts_aggregate_1,2010,397.896
hnd,sex_f,geo_cov_urb,mts_aggregate_1,2011,429.129
hnd,sex_f,geo_cov_urb,mts_aggregate_1,2012,449.952
hnd,sex_f,geo_cov_urb,mts_aggregate_1,2013,427.222
hnd,sex_f,geo_cov_urb,mts_aggregate_1,2014,469.037
hnd,sex_f,geo_cov_urb,mts_aggregate_1,2015,477.259
hnd,sex_f,geo_cov_urb,mts_aggregate_1,2016,492.162
hnd,sex_f,geo_cov_urb,mts_aggregate_1,2017,475.664
hnd,sex_f,geo_cov_urb,mts_aggregate_1,2018,449.641
hnd,sex_f,geo_cov_urb,mts_aggregate_1,2019,547.463
hnd,sex_f,geo_cov_urb,mts_aggregate_1,2020,564.078
hnd,sex_f,geo_cov_urb,mts_aggregate_2,2005,272.32
hnd,sex_f,geo_cov_urb,mts_aggregate_2,2006,300.77
hnd,sex_f,geo_cov_urb,mts_aggregate_2,2007,327.028
hnd,sex_f,geo_cov_urb,mts_aggregate_2,2008,310.239
hnd,sex_f,geo_cov_urb,mts_aggregate_2,2009,311.079
hnd,sex_f,geo_cov_urb,mts_aggregate_2,2010,301.911
hnd,sex_f,geo_cov_urb,mts_aggregate_2,2011,334.272
hnd,sex_f,geo_cov_urb,mts_aggregate_2,2012,342.633
hnd,sex_f,geo_cov_urb,mts_aggregate_2,2013,335.357
hnd,sex_f,geo_cov_urb,mts_aggregate_2,2014,361.194
hnd,sex_f,geo_cov_urb,mts_aggregate_2,2015,389.698
hnd,sex_f,geo_cov_urb,mts_aggregate_2,2016,410.726
hnd,sex_f,geo_cov_urb,mts_aggregate_2,2017,414.224
hnd,sex_f,geo_cov_urb,mts_aggregate_2,2018,392.512
hnd,sex_f,geo_cov_urb,mts_aggregate_2,2019,429.461
hnd,sex_f,geo_cov_urb,mts_aggregate_2,2020,461.191
hnd,sex_f,geo_cov_urb,mts_aggregate_total,2005,574.591
hnd,sex_f,geo_cov_urb,mts_aggregate_total,2006,646.727
hnd,sex_f,geo_cov_urb,mts_aggregate_total,2007,688.588
hnd,sex_f,geo_cov_urb,mts_aggregate_total,2008,686.093
hnd,sex_f,geo_cov_urb,mts_aggregate_total,2009,701.928
hnd,sex_f,geo_cov_urb,mts_aggregate_total,2010,699.807
hnd,sex_f,geo_cov_urb,mts_aggregate_total,2011,763.401
hnd,sex_f,geo_cov_urb,mts_aggregate_total,2012,792.585
hnd,sex_f,geo_cov_urb,mts_aggregate_total,2013,762.579
hnd,sex_f,geo_cov_urb,mts_aggregate_total,2014,830.231
hnd,sex_f,geo_cov_urb,mts_aggregate_total,2015,866.957
hnd,sex_f,geo_cov_urb,mts_aggregate_total,2016,902.888
hnd,sex_f,geo_cov_urb,mts_aggregate_total,2017,889.887
hnd,sex_f,geo_cov_urb,mts_aggregate_total,2018,842.153
hnd,sex_f,geo_cov_urb,mts_aggregate_total,2019,976.923
hnd,sex_f,geo_cov_urb,mts_aggregate_total,2020,1027.742
hnd,sex_f,geo_cov_urb,mts_aggregate_x,2020,2.474
hnd,sex_f,geo_cov_urb,mts_details_mrd,2005,131.386
hnd,sex_f,geo_cov_urb,mts_details_mrd,2006,149.279
hnd,sex_f,geo_cov_urb,mts_details_mrd,2007,164.093
hnd,sex_f,geo_cov_urb,mts_details_mrd,2008,150.967
hnd,sex_f,geo_cov_urb,mts_details_mrd,2009,147.865
hnd,sex_f,geo_cov_urb,mts_details_mrd,2010,157.386
hnd,sex_f,geo_cov_urb,mts_details_mrd,2011,163.081
hnd,sex_f,geo_cov_urb,mts_details_mrd,2012,173.011
hnd,sex_f,geo_cov_urb,mts_details_mrd,2013,163.7
hnd,sex_f,geo_cov_urb,mts_details_mrd,2014,164.962
hnd,sex_f,geo_cov_urb,mts_details_mrd,2015,185.004
hnd,sex_f,geo_cov_urb,mts_details_mrd,2016,197.024
hnd,sex_f,geo_cov_urb,mts_details_mrd,2017,186.864
hnd,sex_f,geo_cov_urb,mts_details_mrd,2018,175.684
hnd,sex_f,geo_cov_urb,mts_details_mrd,2019,210.035
hnd,sex_f,geo_cov_urb,mts_details_mrd,2020,231.716
hnd,sex_f,geo_cov_urb,mts_details_sep,2005,16.054
hnd,sex_f,geo_cov_urb,mts_details_sep,2006,33.125
hnd,sex_f,geo_cov_urb,mts_details_sep,2007,25.92
hnd,sex_f,geo_cov_urb,mts_details_sep,2008,22.17
hnd,sex_f,geo_cov_urb,mts_details_sep,2009,28.52
hnd,sex_f,geo_cov_urb,mts_details_sep,2010,18.713
hnd,sex_f,geo_cov_urb,mts_details_sep,2011,17.216
hnd,sex_f,geo_cov_urb,mts_details_sep,2012,22.774
hnd,sex_f,geo_cov_urb,mts_details_sep,2013,26.719
hnd,sex_f,geo_cov_urb,mts_details_sep,2014,22.16
hnd,sex_f,geo_cov_urb,mts_details_sep,2015,27.992
hnd,sex_f,geo_cov_urb,mts_details_sep,2016,23.535
hnd,sex_f,geo_cov_urb,mts_details_sep,2017,27.736
hnd,sex_f,geo_cov_urb,mts_details_sep,2018,21.376
hnd,sex_f,geo_cov_urb,mts_details_sep,2019,23.925
hnd,sex_f,geo_cov_urb,mts_details_sep,2020,48.805
hnd,sex_f,geo_cov_urb,mts_details_sgle,2005,246.161
hnd,sex_f,geo_cov_urb,mts_details_sgle,2006,259.209
hnd,sex_f,geo_cov_urb,mts_details_sgle,2007,284.159
hnd,sex_f,geo_cov_urb,mts_details_sgle,2008,297.901
hnd,sex_f,geo_cov_urb,mts_details_sgle,2009,304.396
hnd,sex_f,geo_cov_urb,mts_details_sgle,2010,326.649
hnd,sex_f,geo_cov_urb,mts_details_sgle,2011,348.205
hnd,sex_f,geo_cov_urb,mts_details_sgle,2012,355.732
hnd,sex_f,geo_cov_urb,mts_details_sgle,2013,326.514
hnd,sex_f,geo_cov_urb,mts_details_sgle,2014,379.403
hnd,sex_f,geo_cov_urb,mts_details_sgle,2015,387.384
hnd,sex_f,geo_cov_urb,mts_details_sgle,2016,396.779
hnd,sex_f,geo_cov_urb,mts_details_sgle,2017,373.5
hnd,sex_f,geo_cov_urb,mts_details_sgle,2018,363.326
hnd,sex_f,geo_cov_urb,mts_details_sgle,2019,445.178
hnd,sex_f,geo_cov_urb,mts_details_sgle,2020,416.374
hnd,sex_f,geo_cov_urb,mts_details_total,2005,574.591
hnd,sex_f,geo_cov_urb,mts_details_total,2006,646.727
hnd,sex_f,geo_cov_urb,mts_details_total,2007,688.588
hnd,sex_f,geo_cov_urb,mts_details_total,2008,686.093
hnd,sex_f,geo_cov_urb,mts_details_total,2009,701.928
hnd,sex_f,geo_cov_urb,mts_details_total,2010,699.807
hnd,sex_f,geo_cov_urb,mts_details_total,2011,763.401
hnd,sex_f,geo_cov_urb,mts_details_total,2012,792.585
hnd,sex_f,geo_cov_urb,mts_details_total,2013,762.579
hnd,sex_f,geo_cov_urb,mts_details_total,2014,830.231
hnd,sex_f,geo_cov_urb,mts_details_total,2015,866.957
hnd,sex_f,geo_cov_urb,mts_details_total,2016,902.888
hnd,sex_f,geo_cov_urb,mts_details_total,2017,889.887
hnd,sex_f,geo_cov_urb,mts_details_total,2018,842.153
hnd,sex_f,geo_cov_urb,mts_details_total,2019,976.923
hnd,sex_f,geo_cov_urb,mts_details_total,2020,1027.742
hnd,sex_f,geo_cov_urb,mts_details_union,2005,140.934
hnd,sex_f,geo_cov_urb,mts_details_union,2006,151.492
hnd,sex_f,geo_cov_urb,mts_details_union,2007,162.934
hnd,sex_f,geo_cov_urb,mts_details_union,2008,159.272
hnd,sex_f,geo_cov_urb,mts_details_union,2009,163.214
hnd,sex_f,geo_cov_urb,mts_details_union,2010,144.526
hnd,sex_f,geo_cov_urb,mts_details_union,2011,171.191
hnd,sex_f,geo_cov_urb,mts_details_union,2012,169.622
hnd,sex_f,geo_cov_urb,mts_details_union,2013,171.657
hnd,sex_f,geo_cov_urb,mts_details_union,2014,196.232
hnd,sex_f,geo_cov_urb,mts_details_union,2015,204.694
hnd,sex_f,geo_cov_urb,mts_details_union,2016,213.703
hnd,sex_f,geo_cov_urb,mts_details_union,2017,227.36
hnd,sex_f,geo_cov_urb,mts_details_union,2018,216.828
hnd,sex_f,geo_cov_urb,mts_details_union,2019,219.426
hnd,sex_f,geo_cov_urb,mts_details_union,2020,229.474
hnd,sex_f,geo_cov_urb,mts_details_wid,2005,40.056
hnd,sex_f,geo_cov_urb,mts_details_wid,2006,53.623
hnd,sex_f,geo_cov_urb,mts_details_wid,2007,51.481
hnd,sex_f,geo_cov_urb,mts_details_wid,2008,55.784
hnd,sex_f,geo_cov_urb,mts_details_wid,2009,57.933
hnd,sex_f,geo_cov_urb,mts_details_wid,2010,52.534
hnd,sex_f,geo_cov_urb,mts_details_wid,2011,63.707
hnd,sex_f,geo_cov_urb,mts_details_wid,2012,71.447
hnd,sex_f,geo_cov_urb,mts_details_wid,2013,73.99
hnd,sex_f,geo_cov_urb,mts_details_wid,2014,67.474
hnd,sex_f,geo_cov_urb,mts_details_wid,2015,61.883
hnd,sex_f,geo_cov_urb,mts_details_wid,2016,71.847
hnd,sex_f,geo_cov_urb,mts_details_wid,2017,74.427
hnd,sex_f,geo_cov_urb,mts_details_wid,2018,64.939
hnd,sex_f,geo_cov_urb,mts_details_wid,2019,78.36
hnd,sex_f,geo_cov_urb,mts_details_wid,2020,98.899
hnd,sex_f,geo_cov_urb,mts_details_x,2020,2.474
hnd,sex_m,geo_cov_nat,mts_aggregate_1,2005,256.339
hnd,sex_m,geo_cov_nat,mts_aggregate_1,2006,271.33
hnd,sex_m,geo_cov_nat,mts_aggregate_1,2007,301.407
hnd,sex_m,geo_cov_nat,mts_aggregate_1,2008,316.25
hnd,sex_m,geo_cov_nat,mts_aggregate_1,2009,303.665
hnd,sex_m,geo_cov_nat,mts_aggregate_1,2010,342.524
hnd,sex_m,geo_cov_nat,mts_aggregate_1,2011,358.12
hnd,sex_m,geo_cov_nat,mts_aggregate_1,2012,396.308
hnd,sex_m,geo_cov_nat,mts_aggregate_1,2013,333.094
hnd,sex_m,geo_cov_nat,mts_aggregate_1,2014,315.826
hnd,sex_m,geo_cov_nat,mts_aggregate_1,2015,344.015
hnd,sex_m,geo_cov_nat,mts_aggregate_1,2016,363.325
hnd,sex_m,geo_cov_nat,mts_aggregate_1,2017,326.282
hnd,sex_m,geo_cov_nat,mts_aggregate_1,2018,331.919
hnd,sex_m,geo_cov_nat,mts_aggregate_1,2019,351.045
hnd,sex_m,geo_cov_nat,mts_aggregate_1,2020,484.739
hnd,sex_m,geo_cov_nat,mts_aggregate_2,2005,75.288
hnd,sex_m,geo_cov_nat,mts_aggregate_2,2006,75.489
hnd,sex_m,geo_cov_nat,mts_aggregate_2,2007,85.928
hnd,sex_m,geo_cov_nat,mts_aggregate_2,2008,112.43
hnd,sex_m,geo_cov_nat,mts_aggregate_2,2009,117.999
hnd,sex_m,geo_cov_nat,mts_aggregate_2,2010,91.411
hnd,sex_m,geo_cov_nat,mts_aggregate_2,2011,118.677
hnd,sex_m,geo_cov_nat,mts_aggregate_2,2012,124.838
hnd,sex_m,geo_cov_nat,mts_aggregate_2,2013,102.647
hnd,sex_m,geo_cov_nat,mts_aggregate_2,2014,95.939
hnd,sex_m,geo_cov_nat,mts_aggregate_2,2015,101.709
hnd,sex_m,geo_cov_nat,mts_aggregate_2,2016,117.241
hnd,sex_m,geo_cov_nat,mts_aggregate_2,2017,98.471
hnd,sex_m,geo_cov_nat,mts_aggregate_2,2018,130.635
hnd,sex_m,geo_cov_nat,mts_aggregate_2,2019,138.588
hnd,sex_m,geo_cov_nat,mts_aggregate_2,2020,328.24
hnd,sex_m,geo_cov_nat,mts_aggregate_total,2005,331.627
hnd,sex_m,geo_cov_nat,mts_aggregate_total,2006,346.819
hnd,sex_m,geo_cov_nat,mts_aggregate_total,2007,387.335
hnd,sex_m,geo_cov_nat,mts_aggregate_total,2008,428.68
hnd,sex_m,geo_cov_nat,mts_aggregate_total,2009,421.665
hnd,sex_m,geo_cov_nat,mts_aggregate_total,2010,433.935
hnd,sex_m,geo_cov_nat,mts_aggregate_total,2011,476.797
hnd,sex_m,geo_cov_nat,mts_aggregate_total,2012,521.146
hnd,sex_m,geo_cov_nat,mts_aggregate_total,2013,435.741
hnd,sex_m,geo_cov_nat,mts_aggregate_total,2014,411.764
hnd,sex_m,geo_cov_nat,mts_aggregate_total,2015,445.724
hnd,sex_m,geo_cov_nat,mts_aggregate_total,2016,480.566
hnd,sex_m,geo_cov_nat,mts_aggregate_total,2017,424.753
hnd,sex_m,geo_cov_nat,mts_aggregate_total,2018,462.554
hnd,sex_m,geo_cov_nat,mts_aggregate_total,2019,489.634
hnd,sex_m,geo_cov_nat,mts_aggregate_total,2020,813.659
hnd,sex_m,geo_cov_nat,mts_aggregate_x,2020,0.679
hnd,sex_m,geo_cov_nat,mts_details_mrd,2005,45.132
hnd,sex_m,geo_cov_nat,mts_details_mrd,2006,48.391
hnd,sex_m,geo_cov_nat,mts_details_mrd,2007,54.002
hnd,sex_m,geo_cov_nat,mts_details_mrd,2008,68.054
hnd,sex_m,geo_cov_nat,mts_details_mrd,2009,69.141
hnd,sex_m,geo_cov_nat,mts_details_mrd,2010,57.393
hnd,sex_m,geo_cov_nat,mts_details_mrd,2011,70.454
hnd,sex_m,geo_cov_nat,mts_details_mrd,2012,75.328
hnd,sex_m,geo_cov_nat,mts_details_mrd,2013,66.795
hnd,sex_m,geo_cov_nat,mts_details_mrd,2014,61.364
hnd,sex_m,geo_cov_nat,mts_details_mrd,2015,63.633
hnd,sex_m,geo_cov_nat,mts_details_mrd,2016,75.665
hnd,sex_m,geo_cov_nat,mts_details_mrd,2017,62.973
hnd,sex_m,geo_cov_nat,mts_details_mrd,2018,75.761
hnd,sex_m,geo_cov_nat,mts_details_mrd,2019,87.545
hnd,sex_m,geo_cov_nat,mts_details_mrd,2020,181.419
hnd,sex_m,geo_cov_nat,mts_details_sep,2005,4.116
hnd,sex_m,geo_cov_nat,mts_details_sep,2006,6.894
hnd,sex_m,geo_cov_nat,mts_details_sep,2007,5.449
hnd,sex_m,geo_cov_nat,mts_details_sep,2008,6.133
hnd,sex_m,geo_cov_nat,mts_details_sep,2009,4.837
hnd,sex_m,geo_cov_nat,mts_details_sep,2010,7.121
hnd,sex_m,geo_cov_nat,mts_details_sep,2011,4.273
hnd,sex_m,geo_cov_nat,mts_details_sep,2012,7.269
hnd,sex_m,geo_cov_nat,mts_details_sep,2013,9.727
hnd,sex_m,geo_cov_nat,mts_details_sep,2014,8.137
hnd,sex_m,geo_cov_nat,mts_details_sep,2015,9.071
hnd,sex_m,geo_cov_nat,mts_details_sep,2016,7.627
hnd,sex_m,geo_cov_nat,mts_details_sep,2017,3.848
hnd,sex_m,geo_cov_nat,mts_details_sep,2018,6.087
hnd,sex_m,geo_cov_nat,mts_details_sep,2019,9.179
hnd,sex_m,geo_cov_nat,mts_details_sep,2020,12.016
hnd,sex_m,geo_cov_nat,mts_details_sgle,2005,239.444
hnd,sex_m,geo_cov_nat,mts_details_sgle,2006,248.533
hnd,sex_m,geo_cov_nat,mts_details_sgle,2007,279.257
hnd,sex_m,geo_cov_nat,mts_details_sgle,2008,293.458
hnd,sex_m,geo_cov_nat,mts_details_sgle,2009,281.525
hnd,sex_m,geo_cov_nat,mts_details_sgle,2010,313.904
hnd,sex_m,geo_cov_nat,mts_details_sgle,2011,334.895
hnd,sex_m,geo_cov_nat,mts_details_sgle,2012,365.617
hnd,sex_m,geo_cov_nat,mts_details_sgle,2013,298.477
hnd,sex_m,geo_cov_nat,mts_details_sgle,2014,289.826
hnd,sex_m,geo_cov_nat,mts_details_sgle,2015,318.564
hnd,sex_m,geo_cov_nat,mts_details_sgle,2016,334.956
hnd,sex_m,geo_cov_nat,mts_details_sgle,2017,304.232
hnd,sex_m,geo_cov_nat,mts_details_sgle,2018,301.669
hnd,sex_m,geo_cov_nat,mts_details_sgle,2019,315.802
hnd,sex_m,geo_cov_nat,mts_details_sgle,2020,440.32
hnd,sex_m,geo_cov_nat,mts_details_total,2005,331.627
hnd,sex_m,geo_cov_nat,mts_details_total,2006,346.819
hnd,sex_m,geo_cov_nat,mts_details_total,2007,387.335
hnd,sex_m,geo_cov_nat,mts_details_total,2008,428.68
hnd,sex_m,geo_cov_nat,mts_details_total,2009,421.665
hnd,sex_m,geo_cov_nat,mts_details_total,2010,433.935
hnd,sex_m,geo_cov_nat,mts_details_total,2011,476.797
hnd,sex_m,geo_cov_nat,mts_details_total,2012,521.146
hnd,sex_m,geo_cov_nat,mts_details_total,2013,435.741
hnd,sex_m,geo_cov_nat,mts_details_total,2014,411.764
hnd,sex_m,geo_cov_nat,mts_details_total,2015,445.724
hnd,sex_m,geo_cov_nat,mts_details_total,2016,480.566
hnd,sex_m,geo_cov_nat,mts_details_total,2017,424.753
hnd,sex_m,geo_cov_nat,mts_details_total,2018,462.554
hnd,sex_m,geo_cov_nat,mts_details_total,2019,489.634
hnd,sex_m,geo_cov_nat,mts_details_total,2020,813.659
hnd,sex_m,geo_cov_nat,mts_details_union,2005,30.156
hnd,sex_m,geo_cov_nat,mts_details_union,2006,27.098
hnd,sex_m,geo_cov_nat,mts_details_union,2007,31.926
hnd,sex_m,geo_cov_nat,mts_details_union,2008,44.376
hnd,sex_m,geo_cov_nat,mts_details_union,2009,48.858
hnd,sex_m,geo_cov_nat,mts_details_union,2010,34.018
hnd,sex_m,geo_cov_nat,mts_details_union,2011,48.223
hnd,sex_m,geo_cov_nat,mts_details_union,2012,49.51
hnd,sex_m,geo_cov_nat,mts_details_union,2013,35.853
hnd,sex_m,geo_cov_nat,mts_details_union,2014,34.574
hnd,sex_m,geo_cov_nat,mts_details_union,2015,38.076
hnd,sex_m,geo_cov_nat,mts_details_union,2016,41.576
hnd,sex_m,geo_cov_nat,mts_details_union,2017,35.498
hnd,sex_m,geo_cov_nat,mts_details_union,2018,54.874
hnd,sex_m,geo_cov_nat,mts_details_union,2019,51.043
hnd,sex_m,geo_cov_nat,mts_details_union,2020,146.821
hnd,sex_m,geo_cov_nat,mts_details_wid,2005,12.779
hnd,sex_m,geo_cov_nat,mts_details_wid,2006,15.902
hnd,sex_m,geo_cov_nat,mts_details_wid,2007,16.702
hnd,sex_m,geo_cov_nat,mts_details_wid,2008,16.659
hnd,sex_m,geo_cov_nat,mts_details_wid,2009,17.303
hnd,sex_m,geo_cov_nat,mts_details_wid,2010,21.499
hnd,sex_m,geo_cov_nat,mts_details_wid,2011,18.951
hnd,sex_m,geo_cov_nat,mts_details_wid,2012,23.421
hnd,sex_m,geo_cov_nat,mts_details_wid,2013,24.889
hnd,sex_m,geo_cov_nat,mts_details_wid,2014,17.863
hnd,sex_m,geo_cov_nat,mts_details_wid,2015,16.38
hnd,sex_m,geo_cov_nat,mts_details_wid,2016,20.742
hnd,sex_m,geo_cov_nat,mts_details_wid,2017,18.202
hnd,sex_m,geo_cov_nat,mts_details_wid,2018,24.163
hnd,sex_m,geo_cov_nat,mts_details_wid,2019,26.065
hnd,sex_m,geo_cov_nat,mts_details_wid,2020,32.403
hnd,sex_m,geo_cov_nat,mts_details_x,2020,0.679
hnd,sex_m,geo_cov_rur,mts_aggregate_1,2005,96.154
hnd,sex_m,geo_cov_rur,mts_aggregate_1,2006,97.264
hnd,sex_m,geo_cov_rur,mts_aggregate_1,2007,110.966
hnd,sex_m,geo_cov_rur,mts_aggregate_1,2008,114.943
hnd,sex_m,geo_cov_rur,mts_aggregate_1,2009,102.002
hnd,sex_m,geo_cov_rur,mts_aggregate_1,2010,116.859
hnd,sex_m,geo_cov_rur,mts_aggregate_1,2011,132.172
hnd,sex_m,geo_cov_rur,mts_aggregate_1,2012,143.305
hnd,sex_m,geo_cov_rur,mts_aggregate_1,2013,109.321
hnd,sex_m,geo_cov_rur,mts_aggregate_1,2014,85.232
hnd,sex_m,geo_cov_rur,mts_aggregate_1,2015,100.417
hnd,sex_m,geo_cov_rur,mts_aggregate_1,2016,105.441
hnd,sex_m,geo_cov_rur,mts_aggregate_1,2017,76.896
hnd,sex_m,geo_cov_rur,mts_aggregate_1,2018,91.587
hnd,sex_m,geo_cov_rur,mts_aggregate_1,2019,106.416
hnd,sex_m,geo_cov_rur,mts_aggregate_1,2020,182.946
hnd,sex_m,geo_cov_rur,mts_aggregate_2,2005,32.591
hnd,sex_m,geo_cov_rur,mts_aggregate_2,2006,30.491
hnd,sex_m,geo_cov_rur,mts_aggregate_2,2007,33.993
hnd,sex_m,geo_cov_rur,mts_aggregate_2,2008,50.607
hnd,sex_m,geo_cov_rur,mts_aggregate_2,2009,51.549
hnd,sex_m,geo_cov_rur,mts_aggregate_2,2010,31.81
hnd,sex_m,geo_cov_rur,mts_aggregate_2,2011,45.873
hnd,sex_m,geo_cov_rur,mts_aggregate_2,2012,45.4
hnd,sex_m,geo_cov_rur,mts_aggregate_2,2013,40.123
hnd,sex_m,geo_cov_rur,mts_aggregate_2,2014,35.151
hnd,sex_m,geo_cov_rur,mts_aggregate_2,2015,31.195
hnd,sex_m,geo_cov_rur,mts_aggregate_2,2016,37.386
hnd,sex_m,geo_cov_rur,mts_aggregate_2,2017,25.951
hnd,sex_m,geo_cov_rur,mts_aggregate_2,2018,33.956
hnd,sex_m,geo_cov_rur,mts_aggregate_2,2019,41.428
hnd,sex_m,geo_cov_rur,mts_aggregate_2,2020,153.543
hnd,sex_m,geo_cov_rur,mts_aggregate_total,2005,128.745
hnd,sex_m,geo_cov_rur,mts_aggregate_total,2006,127.754
hnd,sex_m,geo_cov_rur,mts_aggregate_total,2007,144.959
hnd,sex_m,geo_cov_rur,mts_aggregate_total,2008,165.55
hnd,sex_m,geo_cov_rur,mts_aggregate_total,2009,153.551
hnd,sex_m,geo_cov_rur,mts_aggregate_total,2010,148.669
hnd,sex_m,geo_cov_rur,mts_aggregate_total,2011,178.045
hnd,sex_m,geo_cov_rur,mts_aggregate_total,2012,188.705
hnd,sex_m,geo_cov_rur,mts_aggregate_total,2013,149.445
hnd,sex_m,geo_cov_rur,mts_aggregate_total,2014,120.383
hnd,sex_m,geo_cov_rur,mts_aggregate_total,2015,131.612
hnd,sex_m,geo_cov_rur,mts_aggregate_total,2016,142.827
hnd,sex_m,geo_cov_rur,mts_aggregate_total,2017,102.847
hnd,sex_m,geo_cov_rur,mts_aggregate_total,2018,125.543
hnd,sex_m,geo_cov_rur,mts_aggregate_total,2019,147.844
hnd,sex_m,geo_cov_rur,mts_aggregate_total,2020,336.806
hnd,sex_m,geo_cov_rur,mts_aggregate_x,2020,0.318
hnd,sex_m,geo_cov_rur,mts_details_mrd,2005,18.26
hnd,sex_m,geo_cov_rur,mts_details_mrd,2006,17.545
hnd,sex_m,geo_cov_rur,mts_details_mrd,2007,18.735
hnd,sex_m,geo_cov_rur,mts_details_mrd,2008,28.34
hnd,sex_m,geo_cov_rur,mts_details_mrd,2009,28.675
hnd,sex_m,geo_cov_rur,mts_details_mrd,2010,18.507
hnd,sex_m,geo_cov_rur,mts_details_mrd,2011,26.328
hnd,sex_m,geo_cov_rur,mts_details_mrd,2012,24.815
hnd,sex_m,geo_cov_rur,mts_details_mrd,2013,25.586
hnd,sex_m,geo_cov_rur,mts_details_mrd,2014,20.361
hnd,sex_m,geo_cov_rur,mts_details_mrd,2015,19.545
hnd,sex_m,geo_cov_rur,mts_details_mrd,2016,17.175
hnd,sex_m,geo_cov_rur,mts_details_mrd,2017,13.095
hnd,sex_m,geo_cov_rur,mts_details_mrd,2018,18.625
hnd,sex_m,geo_cov_rur,mts_details_mrd,2019,23.655
hnd,sex_m,geo_cov_rur,mts_details_mrd,2020,89.25
hnd,sex_m,geo_cov_rur,mts_details_sep,2005,1.156
hnd,sex_m,geo_cov_rur,mts_details_sep,2006,2.896
hnd,sex_m,geo_cov_rur,mts_details_sep,2007,1.78
hnd,sex_m,geo_cov_rur,mts_details_sep,2008,2.816
hnd,sex_m,geo_cov_rur,mts_details_sep,2009,1.412
hnd,sex_m,geo_cov_rur,mts_details_sep,2010,1.529
hnd,sex_m,geo_cov_rur,mts_details_sep,2011,1.736
hnd,sex_m,geo_cov_rur,mts_details_sep,2012,3.102
hnd,sex_m,geo_cov_rur,mts_details_sep,2013,3.489
hnd,sex_m,geo_cov_rur,mts_details_sep,2014,2.206
hnd,sex_m,geo_cov_rur,mts_details_sep,2015,3.512
hnd,sex_m,geo_cov_rur,mts_details_sep,2018,1.231
hnd,sex_m,geo_cov_rur,mts_details_sep,2019,3.101
hnd,sex_m,geo_cov_rur,mts_details_sep,2020,5.678
hnd,sex_m,geo_cov_rur,mts_details_sgle,2005,89.22
hnd,sex_m,geo_cov_rur,mts_details_sgle,2006,86.192
hnd,sex_m,geo_cov_rur,mts_details_sgle,2007,100.539
hnd,sex_m,geo_cov_rur,mts_details_sgle,2008,103.854
hnd,sex_m,geo_cov_rur,mts_details_sgle,2009,92.789
hnd,sex_m,geo_cov_rur,mts_details_sgle,2010,103.556
hnd,sex_m,geo_cov_rur,mts_details_sgle,2011,120.45
hnd,sex_m,geo_cov_rur,mts_details_sgle,2012,128.078
hnd,sex_m,geo_cov_rur,mts_details_sgle,2013,95.075
hnd,sex_m,geo_cov_rur,mts_details_sgle,2014,76.098
hnd,sex_m,geo_cov_rur,mts_details_sgle,2015,91.217
hnd,sex_m,geo_cov_rur,mts_details_sgle,2016,96.895
hnd,sex_m,geo_cov_rur,mts_details_sgle,2017,71.185
hnd,sex_m,geo_cov_rur,mts_details_sgle,2018,81.951
hnd,sex_m,geo_cov_rur,mts_details_sgle,2019,92.99
hnd,sex_m,geo_cov_rur,mts_details_sgle,2020,164.852
hnd,sex_m,geo_cov_rur,mts_details_total,2005,128.745
hnd,sex_m,geo_cov_rur,mts_details_total,2006,127.754
hnd,sex_m,geo_cov_rur,mts_details_total,2007,144.959
hnd,sex_m,geo_cov_rur,mts_details_total,2008,165.55
hnd,sex_m,geo_cov_rur,mts_details_total,2009,153.551
hnd,sex_m,geo_cov_rur,mts_details_total,2010,148.669
hnd,sex_m,geo_cov_rur,mts_details_total,2011,178.045
hnd,sex_m,geo_cov_rur,mts_details_total,2012,188.705
hnd,sex_m,geo_cov_rur,mts_details_total,2013,149.445
hnd,sex_m,geo_cov_rur,mts_details_total,2014,120.383
hnd,sex_m,geo_cov_rur,mts_details_total,2015,131.612
hnd,sex_m,geo_cov_rur,mts_details_total,2016,142.827
hnd,sex_m,geo_cov_rur,mts_details_total,2017,102.847
hnd,sex_m,geo_cov_rur,mts_details_total,2018,125.543
hnd,sex_m,geo_cov_rur,mts_details_total,2019,147.844
hnd,sex_m,geo_cov_rur,mts_details_total,2020,336.806
hnd,sex_m,geo_cov_rur,mts_details_union,2005,14.331
hnd,sex_m,geo_cov_rur,mts_details_union,2006,12.946
hnd,sex_m,geo_cov_rur,mts_details_union,2007,15.259
hnd,sex_m,geo_cov_rur,mts_details_union,2008,22.267
hnd,sex_m,geo_cov_rur,mts_details_union,2009,22.874
hnd,sex_m,geo_cov_rur,mts_details_union,2010,13.303
hnd,sex_m,geo_cov_rur,mts_details_union,2011,19.545
hnd,sex_m,geo_cov_rur,mts_details_union,2012,20.585
hnd,sex_m,geo_cov_rur,mts_details_union,2013,14.537
hnd,sex_m,geo_cov_rur,mts_details_union,2014,14.79
hnd,sex_m,geo_cov_rur,mts_details_union,2015,11.651
hnd,sex_m,geo_cov_rur,mts_details_union,2016,20.211
hnd,sex_m,geo_cov_rur,mts_details_union,2017,12.856
hnd,sex_m,geo_cov_rur,mts_details_union,2018,15.331
hnd,sex_m,geo_cov_rur,mts_details_union,2019,17.773
hnd,sex_m,geo_cov_rur,mts_details_union,2020,64.293
hnd,sex_m,geo_cov_rur,mts_details_wid,2005,5.779
hnd,sex_m,geo_cov_rur,mts_details_wid,2006,8.176
hnd,sex_m,geo_cov_rur,mts_details_wid,2007,8.647
hnd,sex_m,geo_cov_rur,mts_details_wid,2008,8.273
hnd,sex_m,geo_cov_rur,mts_details_wid,2009,7.801
hnd,sex_m,geo_cov_rur,mts_details_wid,2010,11.774
hnd,sex_m,geo_cov_rur,mts_details_wid,2011,9.986
hnd,sex_m,geo_cov_rur,mts_details_wid,2012,12.125
hnd,sex_m,geo_cov_rur,mts_details_wid,2013,10.758
hnd,sex_m,geo_cov_rur,mts_details_wid,2014,6.928
hnd,sex_m,geo_cov_rur,mts_details_wid,2015,5.689
hnd,sex_m,geo_cov_rur,mts_details_wid,2016,7.871
hnd,sex_m,geo_cov_rur,mts_details_wid,2017,5.112
hnd,sex_m,geo_cov_rur,mts_details_wid,2018,8.404
hnd,sex_m,geo_cov_rur,mts_details_wid,2019,10.325
hnd,sex_m,geo_cov_rur,mts_details_wid,2020,12.416
hnd,sex_m,geo_cov_rur,mts_details_x,2020,0.318
hnd,sex_m,geo_cov_urb,mts_aggregate_1,2005,160.185
hnd,sex_m,geo_cov_urb,mts_aggregate_1,2006,174.066
hnd,sex_m,geo_cov_urb,mts_aggregate_1,2007,190.441
hnd,sex_m,geo_cov_urb,mts_aggregate_1,2008,201.306
hnd,sex_m,geo_cov_urb,mts_aggregate_1,2009,201.663
hnd,sex_m,geo_cov_urb,mts_aggregate_1,2010,225.665
hnd,sex_m,geo_cov_urb,mts_aggregate_1,2011,225.948
hnd,sex_m,geo_cov_urb,mts_aggregate_1,2012,253.002
hnd,sex_m,geo_cov_urb,mts_aggregate_1,2013,223.772
hnd,sex_m,geo_cov_urb,mts_aggregate_1,2014,230.593
hnd,sex_m,geo_cov_urb,mts_aggregate_1,2015,243.598
hnd,sex_m,geo_cov_urb,mts_aggregate_1,2016,257.885
hnd,sex_m,geo_cov_urb,mts_aggregate_1,2017,249.386
hnd,sex_m,geo_cov_urb,mts_aggregate_1,2018,240.332
hnd,sex_m,geo_cov_urb,mts_aggregate_1,2019,244.63
hnd,sex_m,geo_cov_urb,mts_aggregate_1,2020,301.794
hnd,sex_m,geo_cov_urb,mts_aggregate_2,2005,42.697
hnd,sex_m,geo_cov_urb,mts_aggregate_2,2006,44.998
hnd,sex_m,geo_cov_urb,mts_aggregate_2,2007,51.934
hnd,sex_m,geo_cov_urb,mts_aggregate_2,2008,61.824
hnd,sex_m,geo_cov_urb,mts_aggregate_2,2009,66.451
hnd,sex_m,geo_cov_urb,mts_aggregate_2,2010,59.602
hnd,sex_m,geo_cov_urb,mts_aggregate_2,2011,72.804
hnd,sex_m,geo_cov_urb,mts_aggregate_2,2012,79.438
hnd,sex_m,geo_cov_urb,mts_aggregate_2,2013,62.524
hnd,sex_m,geo_cov_urb,mts_aggregate_2,2014,60.788
hnd,sex_m,geo_cov_urb,mts_aggregate_2,2015,70.514
hnd,sex_m,geo_cov_urb,mts_aggregate_2,2016,79.854
hnd,sex_m,geo_cov_urb,mts_aggregate_2,2017,72.52
hnd,sex_m,geo_cov_urb,mts_aggregate_2,2018,96.679
hnd,sex_m,geo_cov_urb,mts_aggregate_2,2019,97.16
hnd,sex_m,geo_cov_urb,mts_aggregate_2,2020,174.697
hnd,sex_m,geo_cov_urb,mts_aggregate_total,2005,202.882
hnd,sex_m,geo_cov_urb,mts_aggregate_total,2006,219.064
hnd,sex_m,geo_cov_urb,mts_aggregate_total,2007,242.376
hnd,sex_m,geo_cov_urb,mts_aggregate_total,2008,263.13
hnd,sex_m,geo_cov_urb,mts_aggregate_total,2009,268.114
hnd,sex_m,geo_cov_urb,mts_aggregate_total,2010,285.267
hnd,sex_m,geo_cov_urb,mts_aggregate_total,2011,298.752
hnd,sex_m,geo_cov_urb,mts_aggregate_total,2012,332.441
hnd,sex_m,geo_cov_urb,mts_aggregate_total,2013,286.296
hnd,sex_m,geo_cov_urb,mts_aggregate_total,2014,291.381
hnd,sex_m,geo_cov_urb,mts_aggregate_total,2015,314.112
hnd,sex_m,geo_cov_urb,mts_aggregate_total,2016,337.739
hnd,sex_m,geo_cov_urb,mts_aggregate_total,2017,321.906
hnd,sex_m,geo_cov_urb,mts_aggregate_total,2018,337.011
hnd,sex_m,geo_cov_urb,mts_aggregate_total,2019,341.79
hnd,sex_m,geo_cov_urb,mts_aggregate_total,2020,476.852
hnd,sex_m,geo_cov_urb,mts_aggregate_x,2020,0.361
hnd,sex_m,geo_cov_urb,mts_details_mrd,2005,26.872
hnd,sex_m,geo_cov_urb,mts_details_mrd,2006,30.846
hnd,sex_m,geo_cov_urb,mts_details_mrd,2007,35.267
hnd,sex_m,geo_cov_urb,mts_details_mrd,2008,39.714
hnd,sex_m,geo_cov_urb,mts_details_mrd,2009,40.466
hnd,sex_m,geo_cov_urb,mts_details_mrd,2010,38.886
hnd,sex_m,geo_cov_urb,mts_details_mrd,2011,44.126
hnd,sex_m,geo_cov_urb,mts_details_mrd,2012,50.513
hnd,sex_m,geo_cov_urb,mts_details_mrd,2013,41.209
hnd,sex_m,geo_cov_urb,mts_details_mrd,2014,41.004
hnd,sex_m,geo_cov_urb,mts_details_mrd,2015,44.089
hnd,sex_m,geo_cov_urb,mts_details_mrd,2016,58.49
hnd,sex_m,geo_cov_urb,mts_details_mrd,2017,49.878
hnd,sex_m,geo_cov_urb,mts_details_mrd,2018,57.136
hnd,sex_m,geo_cov_urb,mts_details_mrd,2019,63.89
hnd,sex_m,geo_cov_urb,mts_details_mrd,2020,92.169
hnd,sex_m,geo_cov_urb,mts_details_sep,2005,2.96
hnd,sex_m,geo_cov_urb,mts_details_sep,2006,3.999
hnd,sex_m,geo_cov_urb,mts_details_sep,2007,3.669
hnd,sex_m,geo_cov_urb,mts_details_sep,2008,3.317
hnd,sex_m,geo_cov_urb,mts_details_sep,2009,3.426
hnd,sex_m,geo_cov_urb,mts_details_sep,2010,5.593
hnd,sex_m,geo_cov_urb,mts_details_sep,2011,2.538
hnd,sex_m,geo_cov_urb,mts_details_sep,2012,4.168
hnd,sex_m,geo_cov_urb,mts_details_sep,2013,6.238
hnd,sex_m,geo_cov_urb,mts_details_sep,2014,5.931
hnd,sex_m,geo_cov_urb,mts_details_sep,2015,5.56
hnd,sex_m,geo_cov_urb,mts_details_sep,2016,6.952
hnd,sex_m,geo_cov_urb,mts_details_sep,2017,3.25
hnd,sex_m,geo_cov_urb,mts_details_sep,2018,4.856
hnd,sex_m,geo_cov_urb,mts_details_sep,2019,6.078
hnd,sex_m,geo_cov_urb,mts_details_sep,2020,6.338
hnd,sex_m,geo_cov_urb,mts_details_sgle,2005,150.224
hnd,sex_m,geo_cov_urb,mts_details_sgle,2006,162.342
hnd,sex_m,geo_cov_urb,mts_details_sgle,2007,178.718
hnd,sex_m,geo_cov_urb,mts_details_sgle,2008,189.604
hnd,sex_m,geo_cov_urb,mts_details_sgle,2009,188.735
hnd,sex_m,geo_cov_urb,mts_details_sgle,2010,210.348
hnd,sex_m,geo_cov_urb,mts_details_sgle,2011,214.445
hnd,sex_m,geo_cov_urb,mts_details_sgle,2012,237.539
hnd,sex_m,geo_cov_urb,mts_details_sgle,2013,203.403
hnd,sex_m,geo_cov_urb,mts_details_sgle,2014,213.727
hnd,sex_m,geo_cov_urb,mts_details_sgle,2015,227.347
hnd,sex_m,geo_cov_urb,mts_details_sgle,2016,238.061
hnd,sex_m,geo_cov_urb,mts_details_sgle,2017,233.047
hnd,sex_m,geo_cov_urb,mts_details_sgle,2018,219.718
hnd,sex_m,geo_cov_urb,mts_details_sgle,2019,222.812
hnd,sex_m,geo_cov_urb,mts_details_sgle,2020,275.469
hnd,sex_m,geo_cov_urb,mts_details_total,2005,202.882
hnd,sex_m,geo_cov_urb,mts_details_total,2006,219.064
hnd,sex_m,geo_cov_urb,mts_details_total,2007,242.376
hnd,sex_m,geo_cov_urb,mts_details_total,2008,263.13
hnd,sex_m,geo_cov_urb,mts_details_total,2009,268.114
hnd,sex_m,geo_cov_urb,mts_details_total,2010,285.267
hnd,sex_m,geo_cov_urb,mts_details_total,2011,298.752
hnd,sex_m,geo_cov_urb,mts_details_total,2012,332.441
hnd,sex_m,geo_cov_urb,mts_details_total,2013,286.296
hnd,sex_m,geo_cov_urb,mts_details_total,2014,291.381
hnd,sex_m,geo_cov_urb,mts_details_total,2015,314.112
hnd,sex_m,geo_cov_urb,mts_details_total,2016,337.739
hnd,sex_m,geo_cov_urb,mts_details_total,2017,321.906
hnd,sex_m,geo_cov_urb,mts_details_total,2018,337.011
hnd,sex_m,geo_cov_urb,mts_details_total,2019,341.79
hnd,sex_m,geo_cov_urb,mts_details_total,2020,476.852
hnd,sex_m,geo_cov_urb,mts_details_union,2005,15.825
hnd,sex_m,geo_cov_urb,mts_details_union,2006,14.152
hnd,sex_m,geo_cov_urb,mts_details_union,2007,16.667
hnd,sex_m,geo_cov_urb,mts_details_union,2008,22.109
hnd,sex_m,geo_cov_urb,mts_details_union,2009,25.985
hnd,sex_m,geo_cov_urb,mts_details_union,2010,20.715
hnd,sex_m,geo_cov_urb,mts_details_union,2011,28.678
hnd,sex_m,geo_cov_urb,mts_details_union,2012,28.925
hnd,sex_m,geo_cov_urb,mts_details_union,2013,21.315
hnd,sex_m,geo_cov_urb,mts_details_union,2014,19.784
hnd,sex_m,geo_cov_urb,mts_details_union,2015,26.425
hnd,sex_m,geo_cov_urb,mts_details_union,2016,21.365
hnd,sex_m,geo_cov_urb,mts_details_union,2017,22.642
hnd,sex_m,geo_cov_urb,mts_details_union,2018,39.543
hnd,sex_m,geo_cov_urb,mts_details_union,2019,33.27
hnd,sex_m,geo_cov_urb,mts_details_union,2020,82.528
hnd,sex_m,geo_cov_urb,mts_details_wid,2005,7.001
hnd,sex_m,geo_cov_urb,mts_details_wid,2006,7.726
hnd,sex_m,geo_cov_urb,mts_details_wid,2007,8.055
hnd,sex_m,geo_cov_urb,mts_details_wid,2008,8.386
hnd,sex_m,geo_cov_urb,mts_details_wid,2009,9.502
hnd,sex_m,geo_cov_urb,mts_details_wid,2010,9.725
hnd,sex_m,geo_cov_urb,mts_details_wid,2011,8.965
hnd,sex_m,geo_cov_urb,mts_details_wid,2012,11.296
hnd,sex_m,geo_cov_urb,mts_details_wid,2013,14.131
hnd,sex_m,geo_cov_urb,mts_details_wid,2014,10.935
hnd,sex_m,geo_cov_urb,mts_details_wid,2015,10.691
hnd,sex_m,geo_cov_urb,mts_details_wid,2016,12.871
hnd,sex_m,geo_cov_urb,mts_details_wid,2017,13.089
hnd,sex_m,geo_cov_urb,mts_details_wid,2018,15.759
hnd,sex_m,geo_cov_urb,mts_details_wid,2019,15.74
hnd,sex_m,geo_cov_urb,mts_details_wid,2020,19.988
hnd,sex_m,geo_cov_urb,mts_details_x,2020,0.361
hnd,sex_t,geo_cov_nat,mts_aggregate_1,2005,847.997
hnd,sex_t,geo_cov_nat,mts_aggregate_1,2006,944.935
hnd,sex_t,geo_cov_nat,mts_aggregate_1,2007,1000.019
hnd,sex_t,geo_cov_nat,mts_aggregate_1,2008,1054.799
hnd,sex_t,geo_cov_nat,mts_aggregate_1,2009,1060.018
hnd,sex_t,geo_cov_nat,mts_aggregate_1,2010,1105.238
hnd,sex_t,geo_cov_nat,mts_aggregate_1,2011,1181.574
hnd,sex_t,geo_cov_nat,mts_aggregate_1,2012,1289.034
hnd,sex_t,geo_cov_nat,mts_aggregate_1,2013,1144.394
hnd,sex_t,geo_cov_nat,mts_aggregate_1,2014,1089.935
hnd,sex_t,geo_cov_nat,mts_aggregate_1,2015,1127.127
hnd,sex_t,geo_cov_nat,mts_aggregate_1,2016,1191.768
hnd,sex_t,geo_cov_nat,mts_aggregate_1,2017,1153.387
hnd,sex_t,geo_cov_nat,mts_aggregate_1,2018,1083.996
hnd,sex_t,geo_cov_nat,mts_aggregate_1,2019,1223.286
hnd,sex_t,geo_cov_nat,mts_aggregate_1,2020,1454.568
hnd,sex_t,geo_cov_nat,mts_aggregate_2,2005,809.888
hnd,sex_t,geo_cov_nat,mts_aggregate_2,2006,854.401
hnd,sex_t,geo_cov_nat,mts_aggregate_2,2007,902.511
hnd,sex_t,geo_cov_nat,mts_aggregate_2,2008,931.376
hnd,sex_t,geo_cov_nat,mts_aggregate_2,2009,922.487
hnd,sex_t,geo_cov_nat,mts_aggregate_2,2010,887.847
hnd,sex_t,geo_cov_nat,mts_aggregate_2,2011,1003.824
hnd,sex_t,geo_cov_nat,mts_aggregate_2,2012,1017.457
hnd,sex_t,geo_cov_nat,mts_aggregate_2,2013,965.421
hnd,sex_t,geo_cov_nat,mts_aggregate_2,2014,903.005
hnd,sex_t,geo_cov_nat,mts_aggregate_2,2015,948.089
hnd,sex_t,geo_cov_nat,mts_aggregate_2,2016,990.321
hnd,sex_t,geo_cov_nat,mts_aggregate_2,2017,996.313
hnd,sex_t,geo_cov_nat,mts_aggregate_2,2018,993.18
hnd,sex_t,geo_cov_nat,mts_aggregate_2,2019,1054.992
hnd,sex_t,geo_cov_nat,mts_aggregate_2,2020,1285.955
hnd,sex_t,geo_cov_nat,mts_aggregate_total,2005,1657.885
hnd,sex_t,geo_cov_nat,mts_aggregate_total,2006,1799.336
hnd,sex_t,geo_cov_nat,mts_aggregate_total,2007,1902.529
hnd,sex_t,geo_cov_nat,mts_aggregate_total,2008,1986.175
hnd,sex_t,geo_cov_nat,mts_aggregate_total,2009,1982.592
hnd,sex_t,geo_cov_nat,mts_aggregate_total,2010,1993.085
hnd,sex_t,geo_cov_nat,mts_aggregate_total,2011,2185.398
hnd,sex_t,geo_cov_nat,mts_aggregate_total,2012,2306.491
hnd,sex_t,geo_cov_nat,mts_aggregate_total,2013,2109.815
hnd,sex_t,geo_cov_nat,mts_aggregate_total,2014,1992.94
hnd,sex_t,geo_cov_nat,mts_aggregate_total,2015,2075.216
hnd,sex_t,geo_cov_nat,mts_aggregate_total,2016,2182.089
hnd,sex_t,geo_cov_nat,mts_aggregate_total,2017,2149.7
hnd,sex_t,geo_cov_nat,mts_aggregate_total,2018,2077.177
hnd,sex_t,geo_cov_nat,mts_aggregate_total,2019,2278.278
hnd,sex_t,geo_cov_nat,mts_aggregate_total,2020,2743.676
hnd,sex_t,geo_cov_nat,mts_aggregate_x,2020,3.152
hnd,sex_t,geo_cov_nat,mts_details_mrd,2005,376.917
hnd,sex_t,geo_cov_nat,mts_details_mrd,2006,412.467
hnd,sex_t,geo_cov_nat,mts_details_mrd,2007,434.856
hnd,sex_t,geo_cov_nat,mts_details_mrd,2008,450.579
hnd,sex_t,geo_cov_nat,mts_details_mrd,2009,430.642
hnd,sex_t,geo_cov_nat,mts_details_mrd,2010,431.76
hnd,sex_t,geo_cov_nat,mts_details_mrd,2011,461.937
hnd,sex_t,geo_cov_nat,mts_details_mrd,2012,497.107
hnd,sex_t,geo_cov_nat,mts_details_mrd,2013,467.163
hnd,sex_t,geo_cov_nat,mts_details_mrd,2014,405.473
hnd,sex_t,geo_cov_nat,mts_details_mrd,2015,433.194
hnd,sex_t,geo_cov_nat,mts_details_mrd,2016,453.099
hnd,sex_t,geo_cov_nat,mts_details_mrd,2017,434.751
hnd,sex_t,geo_cov_nat,mts_details_mrd,2018,438.806
hnd,sex_t,geo_cov_nat,mts_details_mrd,2019,500.247
hnd,sex_t,geo_cov_nat,mts_details_mrd,2020,645.538
hnd,sex_t,geo_cov_nat,mts_details_sep,2005,34.038
hnd,sex_t,geo_cov_nat,mts_details_sep,2006,65.059
hnd,sex_t,geo_cov_nat,mts_details_sep,2007,52.562
hnd,sex_t,geo_cov_nat,mts_details_sep,2008,44.057
hnd,sex_t,geo_cov_nat,mts_details_sep,2009,55.504
hnd,sex_t,geo_cov_nat,mts_details_sep,2010,36.857
hnd,sex_t,geo_cov_nat,mts_details_sep,2011,37.724
hnd,sex_t,geo_cov_nat,mts_details_sep,2012,50.346
hnd,sex_t,geo_cov_nat,mts_details_sep,2013,55.635
hnd,sex_t,geo_cov_nat,mts_details_sep,2014,45.171
hnd,sex_t,geo_cov_nat,mts_details_sep,2015,51.518
hnd,sex_t,geo_cov_nat,mts_details_sep,2016,43.952
hnd,sex_t,geo_cov_nat,mts_details_sep,2017,42.825
hnd,sex_t,geo_cov_nat,mts_details_sep,2018,39.623
hnd,sex_t,geo_cov_nat,mts_details_sep,2019,44.964
hnd,sex_t,geo_cov_nat,mts_details_sep,2020,90.569
hnd,sex_t,geo_cov_nat,mts_details_sgle,2005,723.217
hnd,sex_t,geo_cov_nat,mts_details_sgle,2006,759.674
hnd,sex_t,geo_cov_nat,mts_details_sgle,2007,826.716
hnd,sex_t,geo_cov_nat,mts_details_sgle,2008,886.901
hnd,sex_t,geo_cov_nat,mts_details_sgle,2009,879.942
hnd,sex_t,geo_cov_nat,mts_details_sgle,2010,941.752
hnd,sex_t,geo_cov_nat,mts_details_sgle,2011,1003.863
hnd,sex_t,geo_cov_nat,mts_details_sgle,2012,1074.677
hnd,sex_t,geo_cov_nat,mts_details_sgle,2013,928.823
hnd,sex_t,geo_cov_nat,mts_details_sgle,2014,920.628
hnd,sex_t,geo_cov_nat,mts_details_sgle,2015,960.271
hnd,sex_t,geo_cov_nat,mts_details_sgle,2016,1009.041
hnd,sex_t,geo_cov_nat,mts_details_sgle,2017,977.781
hnd,sex_t,geo_cov_nat,mts_details_sgle,2018,909.77
hnd,sex_t,geo_cov_nat,mts_details_sgle,2019,1023.935
hnd,sex_t,geo_cov_nat,mts_details_sgle,2020,1147.231
hnd,sex_t,geo_cov_nat,mts_details_total,2005,1657.885
hnd,sex_t,geo_cov_nat,mts_details_total,2006,1799.336
hnd,sex_t,geo_cov_nat,mts_details_total,2007,1902.529
hnd,sex_t,geo_cov_nat,mts_details_total,2008,1986.175
hnd,sex_t,geo_cov_nat,mts_details_total,2009,1982.592
hnd,sex_t,geo_cov_nat,mts_details_total,2010,1993.085
hnd,sex_t,geo_cov_nat,mts_details_total,2011,2185.398
hnd,sex_t,geo_cov_nat,mts_details_total,2012,2306.491
hnd,sex_t,geo_cov_nat,mts_details_total,2013,2109.815
hnd,sex_t,geo_cov_nat,mts_details_total,2014,1992.94
hnd,sex_t,geo_cov_nat,mts_details_total,2015,2075.216
hnd,sex_t,geo_cov_nat,mts_details_total,2016,2182.089
hnd,sex_t,geo_cov_nat,mts_details_total,2017,2149.7
hnd,sex_t,geo_cov_nat,mts_details_total,2018,2077.177
hnd,sex_t,geo_cov_nat,mts_details_total,2019,2278.278
hnd,sex_t,geo_cov_nat,mts_details_total,2020,2743.676
hnd,sex_t,geo_cov_nat,mts_details_union,2005,432.972
hnd,sex_t,geo_cov_nat,mts_details_union,2006,441.934
hnd,sex_t,geo_cov_nat,mts_details_union,2007,467.655
hnd,sex_t,geo_cov_nat,mts_details_union,2008,480.797
hnd,sex_t,geo_cov_nat,mts_details_union,2009,491.844
hnd,sex_t,geo_cov_nat,mts_details_union,2010,456.087
hnd,sex_t,geo_cov_nat,mts_details_union,2011,541.887
hnd,sex_t,geo_cov_nat,mts_details_union,2012,520.349
hnd,sex_t,geo_cov_nat,mts_details_union,2013,498.258
hnd,sex_t,geo_cov_nat,mts_details_union,2014,497.532
hnd,sex_t,geo_cov_nat,mts_details_union,2015,514.895
hnd,sex_t,geo_cov_nat,mts_details_union,2016,537.222
hnd,sex_t,geo_cov_nat,mts_details_union,2017,561.562
hnd,sex_t,geo_cov_nat,mts_details_union,2018,554.374
hnd,sex_t,geo_cov_nat,mts_details_union,2019,554.746
hnd,sex_t,geo_cov_nat,mts_details_union,2020,640.418
hnd,sex_t,geo_cov_nat,mts_details_wid,2005,90.742
hnd,sex_t,geo_cov_nat,mts_details_wid,2006,120.202
hnd,sex_t,geo_cov_nat,mts_details_wid,2007,120.741
hnd,sex_t,geo_cov_nat,mts_details_wid,2008,123.841
hnd,sex_t,geo_cov_nat,mts_details_wid,2009,124.572
hnd,sex_t,geo_cov_nat,mts_details_wid,2010,126.629
hnd,sex_t,geo_cov_nat,mts_details_wid,2011,139.986
hnd,sex_t,geo_cov_nat,mts_details_wid,2012,164.011
hnd,sex_t,geo_cov_nat,mts_details_wid,2013,159.936
hnd,sex_t,geo_cov_nat,mts_details_wid,2014,124.136
hnd,sex_t,geo_cov_nat,mts_details_wid,2015,115.338
hnd,sex_t,geo_cov_nat,mts_details_wid,2016,138.774
hnd,sex_t,geo_cov_nat,mts_details_wid,2017,132.781
hnd,sex_t,geo_cov_nat,mts_details_wid,2018,134.603
hnd,sex_t,geo_cov_nat,mts_details_wid,2019,154.388
hnd,sex_t,geo_cov_nat,mts_details_wid,2020,216.769
hnd,sex_t,geo_cov_nat,mts_details_x,2020,3.152
hnd,sex_t,geo_cov_rur,mts_aggregate_1,2005,385.542
hnd,sex_t,geo_cov_rur,mts_aggregate_1,2006,424.911
hnd,sex_t,geo_cov_rur,mts_aggregate_1,2007,448.017
hnd,sex_t,geo_cov_rur,mts_aggregate_1,2008,477.639
hnd,sex_t,geo_cov_rur,mts_aggregate_1,2009,467.505
hnd,sex_t,geo_cov_rur,mts_aggregate_1,2010,481.677
hnd,sex_t,geo_cov_rur,mts_aggregate_1,2011,526.497
hnd,sex_t,geo_cov_rur,mts_aggregate_1,2012,586.08
hnd,sex_t,geo_cov_rur,mts_aggregate_1,2013,493.4
hnd,sex_t,geo_cov_rur,mts_aggregate_1,2014,390.304
hnd,sex_t,geo_cov_rur,mts_aggregate_1,2015,406.27
hnd,sex_t,geo_cov_rur,mts_aggregate_1,2016,441.722
hnd,sex_t,geo_cov_rur,mts_aggregate_1,2017,428.338
hnd,sex_t,geo_cov_rur,mts_aggregate_1,2018,394.024
hnd,sex_t,geo_cov_rur,mts_aggregate_1,2019,431.194
hnd,sex_t,geo_cov_rur,mts_aggregate_1,2020,588.696
hnd,sex_t,geo_cov_rur,mts_aggregate_2,2005,494.871
hnd,sex_t,geo_cov_rur,mts_aggregate_2,2006,508.633
hnd,sex_t,geo_cov_rur,mts_aggregate_2,2007,523.548
hnd,sex_t,geo_cov_rur,mts_aggregate_2,2008,559.314
hnd,sex_t,geo_cov_rur,mts_aggregate_2,2009,544.957
hnd,sex_t,geo_cov_rur,mts_aggregate_2,2010,526.334
hnd,sex_t,geo_cov_rur,mts_aggregate_2,2011,596.748
hnd,sex_t,geo_cov_rur,mts_aggregate_2,2012,595.386
hnd,sex_t,geo_cov_rur,mts_aggregate_2,2013,567.541
hnd,sex_t,geo_cov_rur,mts_aggregate_2,2014,481.023
hnd,sex_t,geo_cov_rur,mts_aggregate_2,2015,487.877
hnd,sex_t,geo_cov_rur,mts_aggregate_2,2016,499.741
hnd,sex_t,geo_cov_rur,mts_aggregate_2,2017,509.569
hnd,sex_t,geo_cov_rur,mts_aggregate_2,2018,503.989
hnd,sex_t,geo_cov_rur,mts_aggregate_2,2019,528.372
hnd,sex_t,geo_cov_rur,mts_aggregate_2,2020,650.068
hnd,sex_t,geo_cov_rur,mts_aggregate_total,2005,880.412
hnd,sex_t,geo_cov_rur,mts_aggregate_total,2006,933.544
hnd,sex_t,geo_cov_rur,mts_aggregate_total,2007,971.566
hnd,sex_t,geo_cov_rur,mts_aggregate_total,2008,1036.952
hnd,sex_t,geo_cov_rur,mts_aggregate_total,2009,1012.551
hnd,sex_t,geo_cov_rur,mts_aggregate_total,2010,1008.012
hnd,sex_t,geo_cov_rur,mts_aggregate_total,2011,1123.245
hnd,sex_t,geo_cov_rur,mts_aggregate_total,2012,1181.466
hnd,sex_t,geo_cov_rur,mts_aggregate_total,2013,1060.94
hnd,sex_t,geo_cov_rur,mts_aggregate_total,2014,871.327
hnd,sex_t,geo_cov_rur,mts_aggregate_total,2015,894.147
hnd,sex_t,geo_cov_rur,mts_aggregate_total,2016,941.462
hnd,sex_t,geo_cov_rur,mts_aggregate_total,2017,937.907
hnd,sex_t,geo_cov_rur,mts_aggregate_total,2018,898.013
hnd,sex_t,geo_cov_rur,mts_aggregate_total,2019,959.565
hnd,sex_t,geo_cov_rur,mts_aggregate_total,2020,1239.082
hnd,sex_t,geo_cov_rur,mts_aggregate_x,2020,0.318
hnd,sex_t,geo_cov_rur,mts_details_mrd,2005,218.659
hnd,sex_t,geo_cov_rur,mts_details_mrd,2006,232.343
hnd,sex_t,geo_cov_rur,mts_details_mrd,2007,235.495
hnd,sex_t,geo_cov_rur,mts_details_mrd,2008,259.898
hnd,sex_t,geo_cov_rur,mts_details_mrd,2009,242.311
hnd,sex_t,geo_cov_rur,mts_details_mrd,2010,235.488
hnd,sex_t,geo_cov_rur,mts_details_mrd,2011,254.731
hnd,sex_t,geo_cov_rur,mts_details_mrd,2012,273.583
hnd,sex_t,geo_cov_rur,mts_details_mrd,2013,262.255
hnd,sex_t,geo_cov_rur,mts_details_mrd,2014,199.507
hnd,sex_t,geo_cov_rur,mts_details_mrd,2015,204.101
hnd,sex_t,geo_cov_rur,mts_details_mrd,2016,197.586
hnd,sex_t,geo_cov_rur,mts_details_mrd,2017,198.01
hnd,sex_t,geo_cov_rur,mts_details_mrd,2018,205.986
hnd,sex_t,geo_cov_rur,mts_details_mrd,2019,226.322
hnd,sex_t,geo_cov_rur,mts_details_mrd,2020,321.652
hnd,sex_t,geo_cov_rur,mts_details_sep,2005,15.024
hnd,sex_t,geo_cov_rur,mts_details_sep,2006,27.936
hnd,sex_t,geo_cov_rur,mts_details_sep,2007,22.973
hnd,sex_t,geo_cov_rur,mts_details_sep,2008,18.57
hnd,sex_t,geo_cov_rur,mts_details_sep,2009,23.558
hnd,sex_t,geo_cov_rur,mts_details_sep,2010,12.552
hnd,sex_t,geo_cov_rur,mts_details_sep,2011,17.97
hnd,sex_t,geo_cov_rur,mts_details_sep,2012,23.405
hnd,sex_t,geo_cov_rur,mts_details_sep,2013,22.678
hnd,sex_t,geo_cov_rur,mts_details_sep,2014,17.08
hnd,sex_t,geo_cov_rur,mts_details_sep,2015,17.966
hnd,sex_t,geo_cov_rur,mts_details_sep,2016,13.465
hnd,sex_t,geo_cov_rur,mts_details_sep,2017,11.839
hnd,sex_t,geo_cov_rur,mts_details_sep,2018,13.392
hnd,sex_t,geo_cov_rur,mts_details_sep,2019,14.96
hnd,sex_t,geo_cov_rur,mts_details_sep,2020,35.426
hnd,sex_t,geo_cov_rur,mts_details_sgle,2005,326.832
hnd,sex_t,geo_cov_rur,mts_details_sgle,2006,338.123
hnd,sex_t,geo_cov_rur,mts_details_sgle,2007,363.839
hnd,sex_t,geo_cov_rur,mts_details_sgle,2008,399.397
hnd,sex_t,geo_cov_rur,mts_details_sgle,2009,386.811
hnd,sex_t,geo_cov_rur,mts_details_sgle,2010,404.755
hnd,sex_t,geo_cov_rur,mts_details_sgle,2011,441.213
hnd,sex_t,geo_cov_rur,mts_details_sgle,2012,481.407
hnd,sex_t,geo_cov_rur,mts_details_sgle,2013,398.907
hnd,sex_t,geo_cov_rur,mts_details_sgle,2014,327.497
hnd,sex_t,geo_cov_rur,mts_details_sgle,2015,345.54
hnd,sex_t,geo_cov_rur,mts_details_sgle,2016,374.201
hnd,sex_t,geo_cov_rur,mts_details_sgle,2017,371.234
hnd,sex_t,geo_cov_rur,mts_details_sgle,2018,326.727
hnd,sex_t,geo_cov_rur,mts_details_sgle,2019,355.945
hnd,sex_t,geo_cov_rur,mts_details_sgle,2020,455.388
hnd,sex_t,geo_cov_rur,mts_details_total,2005,880.412
hnd,sex_t,geo_cov_rur,mts_details_total,2006,933.544
hnd,sex_t,geo_cov_rur,mts_details_total,2007,971.566
hnd,sex_t,geo_cov_rur,mts_details_total,2008,1036.952
hnd,sex_t,geo_cov_rur,mts_details_total,2009,1012.551
hnd,sex_t,geo_cov_rur,mts_details_total,2010,1008.012
hnd,sex_t,geo_cov_rur,mts_details_total,2011,1123.245
hnd,sex_t,geo_cov_rur,mts_details_total,2012,1181.466
hnd,sex_t,geo_cov_rur,mts_details_total,2013,1060.94
hnd,sex_t,geo_cov_rur,mts_details_total,2014,871.327
hnd,sex_t,geo_cov_rur,mts_details_total,2015,894.147
hnd,sex_t,geo_cov_rur,mts_details_total,2016,941.462
hnd,sex_t,geo_cov_rur,mts_details_total,2017,937.907
hnd,sex_t,geo_cov_rur,mts_details_total,2018,898.013
hnd,sex_t,geo_cov_rur,mts_details_total,2019,959.565
hnd,sex_t,geo_cov_rur,mts_details_total,2020,1239.082
hnd,sex_t,geo_cov_rur,mts_details_union,2005,276.212
hnd,sex_t,geo_cov_rur,mts_details_union,2006,276.29
hnd,sex_t,geo_cov_rur,mts_details_union,2007,288.053
hnd,sex_t,geo_cov_rur,mts_details_union,2008,299.415
hnd,sex_t,geo_cov_rur,mts_details_union,2009,302.646
hnd,sex_t,geo_cov_rur,mts_details_union,2010,290.846
hnd,sex_t,geo_cov_rur,mts_details_union,2011,342.017
hnd,sex_t,geo_cov_rur,mts_details_union,2012,321.803
hnd,sex_t,geo_cov_rur,mts_details_union,2013,305.286
hnd,sex_t,geo_cov_rur,mts_details_union,2014,281.516
hnd,sex_t,geo_cov_rur,mts_details_union,2015,283.776
hnd,sex_t,geo_cov_rur,mts_details_union,2016,302.155
hnd,sex_t,geo_cov_rur,mts_details_union,2017,311.559
hnd,sex_t,geo_cov_rur,mts_details_union,2018,298.004
hnd,sex_t,geo_cov_rur,mts_details_union,2019,302.05
hnd,sex_t,geo_cov_rur,mts_details_union,2020,328.416
hnd,sex_t,geo_cov_rur,mts_details_wid,2005,43.686
hnd,sex_t,geo_cov_rur,mts_details_wid,2006,58.852
hnd,sex_t,geo_cov_rur,mts_details_wid,2007,61.205
hnd,sex_t,geo_cov_rur,mts_details_wid,2008,59.672
hnd,sex_t,geo_cov_rur,mts_details_wid,2009,57.137
hnd,sex_t,geo_cov_rur,mts_details_wid,2010,64.37
hnd,sex_t,geo_cov_rur,mts_details_wid,2011,67.314
hnd,sex_t,geo_cov_rur,mts_details_wid,2012,81.268
hnd,sex_t,geo_cov_rur,mts_details_wid,2013,71.815
hnd,sex_t,geo_cov_rur,mts_details_wid,2014,45.727
hnd,sex_t,geo_cov_rur,mts_details_wid,2015,42.764
hnd,sex_t,geo_cov_rur,mts_details_wid,2016,54.056
hnd,sex_t,geo_cov_rur,mts_details_wid,2017,45.264
hnd,sex_t,geo_cov_rur,mts_details_wid,2018,53.905
hnd,sex_t,geo_cov_rur,mts_details_wid,2019,60.289
hnd,sex_t,geo_cov_rur,mts_details_wid,2020,97.882
hnd,sex_t,geo_cov_rur,mts_details_x,2020,0.318
hnd,sex_t,geo_cov_urb,mts_aggregate_1,2005,462.456
hnd,sex_t,geo_cov_urb,mts_aggregate_1,2006,520.023
hnd,sex_t,geo_cov_urb,mts_aggregate_1,2007,552.002
hnd,sex_t,geo_cov_urb,mts_aggregate_1,2008,577.16
hnd,sex_t,geo_cov_urb,mts_aggregate_1,2009,592.512
hnd,sex_t,geo_cov_urb,mts_aggregate_1,2010,623.561
hnd,sex_t,geo_cov_urb,mts_aggregate_1,2011,655.077
hnd,sex_t,geo_cov_urb,mts_aggregate_1,2012,702.954
hnd,sex_t,geo_cov_urb,mts_aggregate_1,2013,650.994
hnd,sex_t,geo_cov_urb,mts_aggregate_1,2014,699.63
hnd,sex_t,geo_cov_urb,mts_aggregate_1,2015,720.857
hnd,sex_t,geo_cov_urb,mts_aggregate_1,2016,750.046
hnd,sex_t,geo_cov_urb,mts_aggregate_1,2017,725.05
hnd,sex_t,geo_cov_urb,mts_aggregate_1,2018,689.973
hnd,sex_t,geo_cov_urb,mts_aggregate_1,2019,792.092
hnd,sex_t,geo_cov_urb,mts_aggregate_1,2020,865.872
hnd,sex_t,geo_cov_urb,mts_aggregate_2,2005,315.018
hnd,sex_t,geo_cov_urb,mts_aggregate_2,2006,345.768
hnd,sex_t,geo_cov_urb,mts_aggregate_2,2007,378.962
hnd,sex_t,geo_cov_urb,mts_aggregate_2,2008,372.062
hnd,sex_t,geo_cov_urb,mts_aggregate_2,2009,377.529
hnd,sex_t,geo_cov_urb,mts_aggregate_2,2010,361.513
hnd,sex_t,geo_cov_urb,mts_aggregate_2,2011,407.076
hnd,sex_t,geo_cov_urb,mts_aggregate_2,2012,422.071
hnd,sex_t,geo_cov_urb,mts_aggregate_2,2013,397.881
hnd,sex_t,geo_cov_urb,mts_aggregate_2,2014,421.982
hnd,sex_t,geo_cov_urb,mts_aggregate_2,2015,460.212
hnd,sex_t,geo_cov_urb,mts_aggregate_2,2016,490.581
hnd,sex_t,geo_cov_urb,mts_aggregate_2,2017,486.744
hnd,sex_t,geo_cov_urb,mts_aggregate_2,2018,489.191
hnd,sex_t,geo_cov_urb,mts_aggregate_2,2019,526.621
hnd,sex_t,geo_cov_urb,mts_aggregate_2,2020,635.888
hnd,sex_t,geo_cov_urb,mts_aggregate_total,2005,777.473
hnd,sex_t,geo_cov_urb,mts_aggregate_total,2006,865.791
hnd,sex_t,geo_cov_urb,mts_aggregate_total,2007,930.964
hnd,sex_t,geo_cov_urb,mts_aggregate_total,2008,949.222
hnd,sex_t,geo_cov_urb,mts_aggregate_total,2009,970.042
hnd,sex_t,geo_cov_urb,mts_aggregate_total,2010,985.074
hnd,sex_t,geo_cov_urb,mts_aggregate_total,2011,1062.153
hnd,sex_t,geo_cov_urb,mts_aggregate_total,2012,1125.026
hnd,sex_t,geo_cov_urb,mts_aggregate_total,2013,1048.875
hnd,sex_t,geo_cov_urb,mts_aggregate_total,2014,1121.613
hnd,sex_t,geo_cov_urb,mts_aggregate_total,2015,1181.069
hnd,sex_t,geo_cov_urb,mts_aggregate_total,2016,1240.627
hnd,sex_t,geo_cov_urb,mts_aggregate_total,2017,1211.794
hnd,sex_t,geo_cov_urb,mts_aggregate_total,2018,1179.164
hnd,sex_t,geo_cov_urb,mts_aggregate_total,2019,1318.713
hnd,sex_t,geo_cov_urb,mts_aggregate_total,2020,1504.594
hnd,sex_t,geo_cov_urb,mts_aggregate_x,2020,2.835
hnd,sex_t,geo_cov_urb,mts_details_mrd,2005,158.258
hnd,sex_t,geo_cov_urb,mts_details_mrd,2006,180.124
hnd,sex_t,geo_cov_urb,mts_details_mrd,2007,199.361
hnd,sex_t,geo_cov_urb,mts_details_mrd,2008,190.681
hnd,sex_t,geo_cov_urb,mts_details_mrd,2009,188.331
hnd,sex_t,geo_cov_urb,mts_details_mrd,2010,196.272
hnd,sex_t,geo_cov_urb,mts_details_mrd,2011,207.207
hnd,sex_t,geo_cov_urb,mts_details_mrd,2012,223.525
hnd,sex_t,geo_cov_urb,mts_details_mrd,2013,204.908
hnd,sex_t,geo_cov_urb,mts_details_mrd,2014,205.966
hnd,sex_t,geo_cov_urb,mts_details_mrd,2015,229.093
hnd,sex_t,geo_cov_urb,mts_details_mrd,2016,255.513
hnd,sex_t,geo_cov_urb,mts_details_mrd,2017,236.742
hnd,sex_t,geo_cov_urb,mts_details_mrd,2018,232.82
hnd,sex_t,geo_cov_urb,mts_details_mrd,2019,273.925
hnd,sex_t,geo_cov_urb,mts_details_mrd,2020,323.886
hnd,sex_t,geo_cov_urb,mts_details_sep,2005,19.014
hnd,sex_t,geo_cov_urb,mts_details_sep,2006,37.123
hnd,sex_t,geo_cov_urb,mts_details_sep,2007,29.589
hnd,sex_t,geo_cov_urb,mts_details_sep,2008,25.487
hnd,sex_t,geo_cov_urb,mts_details_sep,2009,31.946
hnd,sex_t,geo_cov_urb,mts_details_sep,2010,24.305
hnd,sex_t,geo_cov_urb,mts_details_sep,2011,19.754
hnd,sex_t,geo_cov_urb,mts_details_sep,2012,26.941
hnd,sex_t,geo_cov_urb,mts_details_sep,2013,32.957
hnd,sex_t,geo_cov_urb,mts_details_sep,2014,28.091
hnd,sex_t,geo_cov_urb,mts_details_sep,2015,33.552
hnd,sex_t,geo_cov_urb,mts_details_sep,2016,30.487
hnd,sex_t,geo_cov_urb,mts_details_sep,2017,30.986
hnd,sex_t,geo_cov_urb,mts_details_sep,2018,26.232
hnd,sex_t,geo_cov_urb,mts_details_sep,2019,30.003
hnd,sex_t,geo_cov_urb,mts_details_sep,2020,55.143
hnd,sex_t,geo_cov_urb,mts_details_sgle,2005,396.385
hnd,sex_t,geo_cov_urb,mts_details_sgle,2006,421.551
hnd,sex_t,geo_cov_urb,mts_details_sgle,2007,462.876
hnd,sex_t,geo_cov_urb,mts_details_sgle,2008,487.505
hnd,sex_t,geo_cov_urb,mts_details_sgle,2009,493.131
hnd,sex_t,geo_cov_urb,mts_details_sgle,2010,536.997
hnd,sex_t,geo_cov_urb,mts_details_sgle,2011,562.651
hnd,sex_t,geo_cov_urb,mts_details_sgle,2012,593.27
hnd,sex_t,geo_cov_urb,mts_details_sgle,2013,529.916
hnd,sex_t,geo_cov_urb,mts_details_sgle,2014,593.131
hnd,sex_t,geo_cov_urb,mts_details_sgle,2015,614.731
hnd,sex_t,geo_cov_urb,mts_details_sgle,2016,634.84
hnd,sex_t,geo_cov_urb,mts_details_sgle,2017,606.547
hnd,sex_t,geo_cov_urb,mts_details_sgle,2018,583.044
hnd,sex_t,geo_cov_urb,mts_details_sgle,2019,667.99
hnd,sex_t,geo_cov_urb,mts_details_sgle,2020,691.842
hnd,sex_t,geo_cov_urb,mts_details_total,2005,777.473
hnd,sex_t,geo_cov_urb,mts_details_total,2006,865.791
hnd,sex_t,geo_cov_urb,mts_details_total,2007,930.964
hnd,sex_t,geo_cov_urb,mts_details_total,2008,949.222
hnd,sex_t,geo_cov_urb,mts_details_total,2009,970.042
hnd,sex_t,geo_cov_urb,mts_details_total,2010,985.074
hnd,sex_t,geo_cov_urb,mts_details_total,2011,1062.153
hnd,sex_t,geo_cov_urb,mts_details_total,2012,1125.026
hnd,sex_t,geo_cov_urb,mts_details_total,2013,1048.875
hnd,sex_t,geo_cov_urb,mts_details_total,2014,1121.613
hnd,sex_t,geo_cov_urb,mts_details_total,2015,1181.069
hnd,sex_t,geo_cov_urb,mts_details_total,2016,1240.627
hnd,sex_t,geo_cov_urb,mts_details_total,2017,1211.794
hnd,sex_t,geo_cov_urb,mts_details_total,2018,1179.164
hnd,sex_t,geo_cov_urb,mts_details_total,2019,1318.713
hnd,sex_t,geo_cov_urb,mts_details_total,2020,1504.594
hnd,sex_t,geo_cov_urb,mts_details_union,2005,156.76
hnd,sex_t,geo_cov_urb,mts_details_union,2006,165.644
hnd,sex_t,geo_cov_urb,mts_details_union,2007,179.601
hnd,sex_t,geo_cov_urb,mts_details_union,2008,181.381
hnd,sex_t,geo_cov_urb,mts_details_union,2009,189.198
hnd,sex_t,geo_cov_urb,mts_details_union,2010,165.241
hnd,sex_t,geo_cov_urb,mts_details_union,2011,199.87
hnd,sex_t,geo_cov_urb,mts_details_union,2012,198.547
hnd,sex_t,geo_cov_urb,mts_details_union,2013,192.972
hnd,sex_t,geo_cov_urb,mts_details_union,2014,216.016
hnd,sex_t,geo_cov_urb,mts_details_union,2015,231.119
hnd,sex_t,geo_cov_urb,mts_details_union,2016,235.067
hnd,sex_t,geo_cov_urb,mts_details_union,2017,250.002
hnd,sex_t,geo_cov_urb,mts_details_union,2018,256.371
hnd,sex_t,geo_cov_urb,mts_details_union,2019,252.696
hnd,sex_t,geo_cov_urb,mts_details_union,2020,312.002
hnd,sex_t,geo_cov_urb,mts_details_wid,2005,47.057
hnd,sex_t,geo_cov_urb,mts_details_wid,2006,61.349
hnd,sex_t,geo_cov_urb,mts_details_wid,2007,59.537
hnd,sex_t,geo_cov_urb,mts_details_wid,2008,64.169
hnd,sex_t,geo_cov_urb,mts_details_wid,2009,67.435
hnd,sex_t,geo_cov_urb,mts_details_wid,2010,62.259
hnd,sex_t,geo_cov_urb,mts_details_wid,2011,72.672
hnd,sex_t,geo_cov_urb,mts_details_wid,2012,82.743
hnd,sex_t,geo_cov_urb,mts_details_wid,2013,88.121
hnd,sex_t,geo_cov_urb,mts_details_wid,2014,78.409
hnd,sex_t,geo_cov_urb,mts_details_wid,2015,72.575
hnd,sex_t,geo_cov_urb,mts_details_wid,2016,84.719
hnd,sex_t,geo_cov_urb,mts_details_wid,2017,87.517
hnd,sex_t,geo_cov_urb,mts_details_wid,2018,80.698
hnd,sex_t,geo_cov_urb,mts_details_wid,2019,94.099
hnd,sex_t,geo_cov_urb,mts_details_wid,2020,118.887
hnd,sex_t,geo_cov_urb,mts_details_x,2020,2.835
hrv,sex_f,geo_cov_nat,mts_aggregate_1,2002,543.903
hrv,sex_f,geo_cov_nat,mts_aggregate_1,2003,565.21
hrv,sex_f,geo_cov_nat,mts_aggregate_1,2004,575.239
hrv,sex_f,geo_cov_nat,mts_aggregate_1,2005,598.798
hrv,sex_f,geo_cov_nat,mts_aggregate_1,2006,601.089
hrv,sex_f,geo_cov_nat,mts_aggregate_1,2007,582.202
hrv,sex_f,geo_cov_nat,mts_aggregate_1,2008,575.943
hrv,sex_f,geo_cov_nat,mts_aggregate_1,2009,569.228
hrv,sex_f,geo_cov_nat,mts_aggregate_1,2010,576.949
hrv,sex_f,geo_cov_nat,mts_aggregate_1,2011,592.547
hrv,sex_f,geo_cov_nat,mts_aggregate_1,2012,603.39
hrv,sex_f,geo_cov_nat,mts_aggregate_1,2013,599.408
hrv,sex_f,geo_cov_nat,mts_aggregate_1,2014,566.92
hrv,sex_f,geo_cov_nat,mts_aggregate_1,2015,552.631
hrv,sex_f,geo_cov_nat,mts_aggregate_1,2016,552.336
hrv,sex_f,geo_cov_nat,mts_aggregate_1,2017,556.268
hrv,sex_f,geo_cov_nat,mts_aggregate_1,2018,559.068
hrv,sex_f,geo_cov_nat,mts_aggregate_1,2019,556.334
hrv,sex_f,geo_cov_nat,mts_aggregate_1,2020,551.523
hrv,sex_f,geo_cov_nat,mts_aggregate_2,2002,495.473
hrv,sex_f,geo_cov_nat,mts_aggregate_2,2003,510.896
hrv,sex_f,geo_cov_nat,mts_aggregate_2,2004,497.648
hrv,sex_f,geo_cov_nat,mts_aggregate_2,2005,504.278
hrv,sex_f,geo_cov_nat,mts_aggregate_2,2006,497.932
hrv,sex_f,geo_cov_nat,mts_aggregate_2,2007,464.863
hrv,sex_f,geo_cov_nat,mts_aggregate_2,2008,459.795
hrv,sex_f,geo_cov_nat,mts_aggregate_2,2009,447.301
hrv,sex_f,geo_cov_nat,mts_aggregate_2,2010,448.296
hrv,sex_f,geo_cov_nat,mts_aggregate_2,2011,459.897
hrv,sex_f,geo_cov_nat,mts_aggregate_2,2012,448.642
hrv,sex_f,geo_cov_nat,mts_aggregate_2,2013,450.27
hrv,sex_f,geo_cov_nat,mts_aggregate_2,2014,445.366
hrv,sex_f,geo_cov_nat,mts_aggregate_2,2015,443.44
hrv,sex_f,geo_cov_nat,mts_aggregate_2,2016,464.609
hrv,sex_f,geo_cov_nat,mts_aggregate_2,2017,452.23
hrv,sex_f,geo_cov_nat,mts_aggregate_2,2018,445.992
hrv,sex_f,geo_cov_nat,mts_aggregate_2,2019,450.904
hrv,sex_f,geo_cov_nat,mts_aggregate_2,2020,462.28
hrv,sex_f,geo_cov_nat,mts_aggregate_total,2002,1039.376
hrv,sex_f,geo_cov_nat,mts_aggregate_total,2003,1076.106
hrv,sex_f,geo_cov_nat,mts_aggregate_total,2004,1072.887
hrv,sex_f,geo_cov_nat,mts_aggregate_total,2005,1103.076
hrv,sex_f,geo_cov_nat,mts_aggregate_total,2006,1099.021
hrv,sex_f,geo_cov_nat,mts_aggregate_total,2007,1047.065
hrv,sex_f,geo_cov_nat,mts_aggregate_total,2008,1035.737
hrv,sex_f,geo_cov_nat,mts_aggregate_total,2009,1016.528
hrv,sex_f,geo_cov_nat,mts_aggregate_total,2010,1025.245
hrv,sex_f,geo_cov_nat,mts_aggregate_total,2011,1052.445
hrv,sex_f,geo_cov_nat,mts_aggregate_total,2012,1052.032
hrv,sex_f,geo_cov_nat,mts_aggregate_total,2013,1049.677
hrv,sex_f,geo_cov_nat,mts_aggregate_total,2014,1012.285
hrv,sex_f,geo_cov_nat,mts_aggregate_total,2015,996.071
hrv,sex_f,geo_cov_nat,mts_aggregate_total,2016,1016.945
hrv,sex_f,geo_cov_nat,mts_aggregate_total,2017,1008.498
hrv,sex_f,geo_cov_nat,mts_aggregate_total,2018,1005.06
hrv,sex_f,geo_cov_nat,mts_aggregate_total,2019,1007.238
hrv,sex_f,geo_cov_nat,mts_aggregate_total,2020,1013.803
hrv,sex_f,geo_cov_rur,mts_aggregate_1,2002,1.546
hrv,sex_f,geo_cov_rur,mts_aggregate_1,2003,2.453
hrv,sex_f,geo_cov_rur,mts_aggregate_1,2004,1.883
hrv,sex_f,geo_cov_rur,mts_aggregate_1,2005,1.051
hrv,sex_f,geo_cov_rur,mts_aggregate_1,2006,2.239
hrv,sex_f,geo_cov_rur,mts_aggregate_1,2007,2.168
hrv,sex_f,geo_cov_rur,mts_aggregate_1,2008,1.597
hrv,sex_f,geo_cov_rur,mts_aggregate_1,2010,0.749
hrv,sex_f,geo_cov_rur,mts_aggregate_1,2011,0.834
hrv,sex_f,geo_cov_rur,mts_aggregate_1,2012,254.351
hrv,sex_f,geo_cov_rur,mts_aggregate_1,2013,251.744
hrv,sex_f,geo_cov_rur,mts_aggregate_1,2014,241.522
hrv,sex_f,geo_cov_rur,mts_aggregate_1,2015,224.141
hrv,sex_f,geo_cov_rur,mts_aggregate_1,2016,206.738
hrv,sex_f,geo_cov_rur,mts_aggregate_1,2017,207.652
hrv,sex_f,geo_cov_rur,mts_aggregate_1,2018,210.362
hrv,sex_f,geo_cov_rur,mts_aggregate_1,2019,214.609
hrv,sex_f,geo_cov_rur,mts_aggregate_1,2020,217.2
hrv,sex_f,geo_cov_rur,mts_aggregate_2,2002,2.212
hrv,sex_f,geo_cov_rur,mts_aggregate_2,2003,3.567
hrv,sex_f,geo_cov_rur,mts_aggregate_2,2004,2.431
hrv,sex_f,geo_cov_rur,mts_aggregate_2,2005,1.119
hrv,sex_f,geo_cov_rur,mts_aggregate_2,2006,1.749
hrv,sex_f,geo_cov_rur,mts_aggregate_2,2007,3.673
hrv,sex_f,geo_cov_rur,mts_aggregate_2,2008,1.746
hrv,sex_f,geo_cov_rur,mts_aggregate_2,2009,0.54
hrv,sex_f,geo_cov_rur,mts_aggregate_2,2010,0.823
hrv,sex_f,geo_cov_rur,mts_aggregate_2,2011,0.658
hrv,sex_f,geo_cov_rur,mts_aggregate_2,2012,186.932
hrv,sex_f,geo_cov_rur,mts_aggregate_2,2013,198.245
hrv,sex_f,geo_cov_rur,mts_aggregate_2,2014,194.624
hrv,sex_f,geo_cov_rur,mts_aggregate_2,2015,193.649
hrv,sex_f,geo_cov_rur,mts_aggregate_2,2016,194.008
hrv,sex_f,geo_cov_rur,mts_aggregate_2,2017,192.573
hrv,sex_f,geo_cov_rur,mts_aggregate_2,2018,184.421
hrv,sex_f,geo_cov_rur,mts_aggregate_2,2019,186.99
hrv,sex_f,geo_cov_rur,mts_aggregate_2,2020,195.195
hrv,sex_f,geo_cov_rur,mts_aggregate_total,2002,3.758
hrv,sex_f,geo_cov_rur,mts_aggregate_total,2003,6.019
hrv,sex_f,geo_cov_rur,mts_aggregate_total,2004,4.313
hrv,sex_f,geo_cov_rur,mts_aggregate_total,2005,2.17
hrv,sex_f,geo_cov_rur,mts_aggregate_total,2006,3.988
hrv,sex_f,geo_cov_rur,mts_aggregate_total,2007,5.841
hrv,sex_f,geo_cov_rur,mts_aggregate_total,2008,3.343
hrv,sex_f,geo_cov_rur,mts_aggregate_total,2009,0.99
hrv,sex_f,geo_cov_rur,mts_aggregate_total,2010,1.572
hrv,sex_f,geo_cov_rur,mts_aggregate_total,2011,1.492
hrv,sex_f,geo_cov_rur,mts_aggregate_total,2012,441.283
hrv,sex_f,geo_cov_rur,mts_aggregate_total,2013,449.989
hrv,sex_f,geo_cov_rur,mts_aggregate_total,2014,436.146
hrv,sex_f,geo_cov_rur,mts_aggregate_total,2015,417.79
hrv,sex_f,geo_cov_rur,mts_aggregate_total,2016,400.746
hrv,sex_f,geo_cov_rur,mts_aggregate_total,2017,400.225
hrv,sex_f,geo_cov_rur,mts_aggregate_total,2018,394.782
hrv,sex_f,geo_cov_rur,mts_aggregate_total,2019,401.599
hrv,sex_f,geo_cov_rur,mts_aggregate_total,2020,412.395
hrv,sex_f,geo_cov_urb,mts_aggregate_1,2002,542.357
hrv,sex_f,geo_cov_urb,mts_aggregate_1,2003,562.757
hrv,sex_f,geo_cov_urb,mts_aggregate_1,2004,573.356
hrv,sex_f,geo_cov_urb,mts_aggregate_1,2005,597.747
hrv,sex_f,geo_cov_urb,mts_aggregate_1,2006,598.85
hrv,sex_f,geo_cov_urb,mts_aggregate_1,2007,580.035
hrv,sex_f,geo_cov_urb,mts_aggregate_1,2008,574.346
hrv,sex_f,geo_cov_urb,mts_aggregate_1,2009,568.777
hrv,sex_f,geo_cov_urb,mts_aggregate_1,2010,576.2
hrv,sex_f,geo_cov_urb,mts_aggregate_1,2011,591.713
hrv,sex_f,geo_cov_urb,mts_aggregate_1,2012,349.039
hrv,sex_f,geo_cov_urb,mts_aggregate_1,2013,347.663
hrv,sex_f,geo_cov_urb,mts_aggregate_1,2014,325.398
hrv,sex_f,geo_cov_urb,mts_aggregate_1,2015,328.49
hrv,sex_f,geo_cov_urb,mts_aggregate_1,2016,345.598
hrv,sex_f,geo_cov_urb,mts_aggregate_1,2017,348.616
hrv,sex_f,geo_cov_urb,mts_aggregate_1,2018,348.706
hrv,sex_f,geo_cov_urb,mts_aggregate_1,2019,341.725
hrv,sex_f,geo_cov_urb,mts_aggregate_1,2020,334.322
hrv,sex_f,geo_cov_urb,mts_aggregate_2,2002,493.261
hrv,sex_f,geo_cov_urb,mts_aggregate_2,2003,507.33
hrv,sex_f,geo_cov_urb,mts_aggregate_2,2004,495.217
hrv,sex_f,geo_cov_urb,mts_aggregate_2,2005,503.159
hrv,sex_f,geo_cov_urb,mts_aggregate_2,2006,496.184
hrv,sex_f,geo_cov_urb,mts_aggregate_2,2007,461.19
hrv,sex_f,geo_cov_urb,mts_aggregate_2,2008,458.048
hrv,sex_f,geo_cov_urb,mts_aggregate_2,2009,446.761
hrv,sex_f,geo_cov_urb,mts_aggregate_2,2010,447.474
hrv,sex_f,geo_cov_urb,mts_aggregate_2,2011,459.24
hrv,sex_f,geo_cov_urb,mts_aggregate_2,2012,261.71
hrv,sex_f,geo_cov_urb,mts_aggregate_2,2013,252.025
hrv,sex_f,geo_cov_urb,mts_aggregate_2,2014,250.742
hrv,sex_f,geo_cov_urb,mts_aggregate_2,2015,249.791
hrv,sex_f,geo_cov_urb,mts_aggregate_2,2016,270.601
hrv,sex_f,geo_cov_urb,mts_aggregate_2,2017,259.657
hrv,sex_f,geo_cov_urb,mts_aggregate_2,2018,261.572
hrv,sex_f,geo_cov_urb,mts_aggregate_2,2019,263.914
hrv,sex_f,geo_cov_urb,mts_aggregate_2,2020,267.085
hrv,sex_f,geo_cov_urb,mts_aggregate_total,2002,1035.618
hrv,sex_f,geo_cov_urb,mts_aggregate_total,2003,1070.087
hrv,sex_f,geo_cov_urb,mts_aggregate_total,2004,1068.573
hrv,sex_f,geo_cov_urb,mts_aggregate_total,2005,1100.906
hrv,sex_f,geo_cov_urb,mts_aggregate_total,2006,1095.034
hrv,sex_f,geo_cov_urb,mts_aggregate_total,2007,1041.224
hrv,sex_f,geo_cov_urb,mts_aggregate_total,2008,1032.395
hrv,sex_f,geo_cov_urb,mts_aggregate_total,2009,1015.538
hrv,sex_f,geo_cov_urb,mts_aggregate_total,2010,1023.673
hrv,sex_f,geo_cov_urb,mts_aggregate_total,2011,1050.953
hrv,sex_f,geo_cov_urb,mts_aggregate_total,2012,610.749
hrv,sex_f,geo_cov_urb,mts_aggregate_total,2013,599.688
hrv,sex_f,geo_cov_urb,mts_aggregate_total,2014,576.139
hrv,sex_f,geo_cov_urb,mts_aggregate_total,2015,578.281
hrv,sex_f,geo_cov_urb,mts_aggregate_total,2016,616.199
hrv,sex_f,geo_cov_urb,mts_aggregate_total,2017,608.273
hrv,sex_f,geo_cov_urb,mts_aggregate_total,2018,610.277
hrv,sex_f,geo_cov_urb,mts_aggregate_total,2019,605.639
hrv,sex_f,geo_cov_urb,mts_aggregate_total,2020,601.408
hrv,sex_m,geo_cov_nat,mts_aggregate_1,2002,272.408
hrv,sex_m,geo_cov_nat,mts_aggregate_1,2003,286.06
hrv,sex_m,geo_cov_nat,mts_aggregate_1,2004,279.175
hrv,sex_m,geo_cov_nat,mts_aggregate_1,2005,290.963
hrv,sex_m,geo_cov_nat,mts_aggregate_1,2006,311.161
hrv,sex_m,geo_cov_nat,mts_aggregate_1,2007,298.373
hrv,sex_m,geo_cov_nat,mts_aggregate_1,2008,290.733
hrv,sex_m,geo_cov_nat,mts_aggregate_1,2009,305.963
hrv,sex_m,geo_cov_nat,mts_aggregate_1,2010,321.735
hrv,sex_m,geo_cov_nat,mts_aggregate_1,2011,317.403
hrv,sex_m,geo_cov_nat,mts_aggregate_1,2012,333.435
hrv,sex_m,geo_cov_nat,mts_aggregate_1,2013,340.609
hrv,sex_m,geo_cov_nat,mts_aggregate_1,2014,303.465
hrv,sex_m,geo_cov_nat,mts_aggregate_1,2015,292.198
hrv,sex_m,geo_cov_nat,mts_aggregate_1,2016,299.98
hrv,sex_m,geo_cov_nat,mts_aggregate_1,2017,300.02
hrv,sex_m,geo_cov_nat,mts_aggregate_1,2018,308.171
hrv,sex_m,geo_cov_nat,mts_aggregate_1,2019,305.125
hrv,sex_m,geo_cov_nat,mts_aggregate_1,2020,289.57
hrv,sex_m,geo_cov_nat,mts_aggregate_2,2002,396.159
hrv,sex_m,geo_cov_nat,mts_aggregate_2,2003,404.365
hrv,sex_m,geo_cov_nat,mts_aggregate_2,2004,398.776
hrv,sex_m,geo_cov_nat,mts_aggregate_2,2005,432.878
hrv,sex_m,geo_cov_nat,mts_aggregate_2,2006,433.584
hrv,sex_m,geo_cov_nat,mts_aggregate_2,2007,366.028
hrv,sex_m,geo_cov_nat,mts_aggregate_2,2008,381.956
hrv,sex_m,geo_cov_nat,mts_aggregate_2,2009,385.537
hrv,sex_m,geo_cov_nat,mts_aggregate_2,2010,377.503
hrv,sex_m,geo_cov_nat,mts_aggregate_2,2011,379.048
hrv,sex_m,geo_cov_nat,mts_aggregate_2,2012,378.247
hrv,sex_m,geo_cov_nat,mts_aggregate_2,2013,390.48
hrv,sex_m,geo_cov_nat,mts_aggregate_2,2014,406.448
hrv,sex_m,geo_cov_nat,mts_aggregate_2,2015,407.054
hrv,sex_m,geo_cov_nat,mts_aggregate_2,2016,418.891
hrv,sex_m,geo_cov_nat,mts_aggregate_2,2017,407.692
hrv,sex_m,geo_cov_nat,mts_aggregate_2,2018,410.347
hrv,sex_m,geo_cov_nat,mts_aggregate_2,2019,408.518
hrv,sex_m,geo_cov_nat,mts_aggregate_2,2020,416.399
hrv,sex_m,geo_cov_nat,mts_aggregate_total,2002,668.567
hrv,sex_m,geo_cov_nat,mts_aggregate_total,2003,690.424
hrv,sex_m,geo_cov_nat,mts_aggregate_total,2004,677.951
hrv,sex_m,geo_cov_nat,mts_aggregate_total,2005,723.842
hrv,sex_m,geo_cov_nat,mts_aggregate_total,2006,744.745
hrv,sex_m,geo_cov_nat,mts_aggregate_total,2007,664.401
hrv,sex_m,geo_cov_nat,mts_aggregate_total,2008,672.689
hrv,sex_m,geo_cov_nat,mts_aggregate_total,2009,691.5
hrv,sex_m,geo_cov_nat,mts_aggregate_total,2010,699.238
hrv,sex_m,geo_cov_nat,mts_aggregate_total,2011,696.451
hrv,sex_m,geo_cov_nat,mts_aggregate_total,2012,711.681
hrv,sex_m,geo_cov_nat,mts_aggregate_total,2013,731.089
hrv,sex_m,geo_cov_nat,mts_aggregate_total,2014,709.912
hrv,sex_m,geo_cov_nat,mts_aggregate_total,2015,699.251
hrv,sex_m,geo_cov_nat,mts_aggregate_total,2016,718.871
hrv,sex_m,geo_cov_nat,mts_aggregate_total,2017,707.712
hrv,sex_m,geo_cov_nat,mts_aggregate_total,2018,718.518
hrv,sex_m,geo_cov_nat,mts_aggregate_total,2019,713.643
hrv,sex_m,geo_cov_nat,mts_aggregate_total,2020,705.968
hrv,sex_m,geo_cov_rur,mts_aggregate_1,2002,1.631
hrv,sex_m,geo_cov_rur,mts_aggregate_1,2003,2.24
hrv,sex_m,geo_cov_rur,mts_aggregate_1,2005,0.982
hrv,sex_m,geo_cov_rur,mts_aggregate_1,2006,1.291
hrv,sex_m,geo_cov_rur,mts_aggregate_1,2007,0.666
hrv,sex_m,geo_cov_rur,mts_aggregate_1,2008,0.57
hrv,sex_m,geo_cov_rur,mts_aggregate_1,2009,0.882
hrv,sex_m,geo_cov_rur,mts_aggregate_1,2010,1.677
hrv,sex_m,geo_cov_rur,mts_aggregate_1,2011,1.223
hrv,sex_m,geo_cov_rur,mts_aggregate_1,2012,141.053
hrv,sex_m,geo_cov_rur,mts_aggregate_1,2013,145.48
hrv,sex_m,geo_cov_rur,mts_aggregate_1,2014,125.341
hrv,sex_m,geo_cov_rur,mts_aggregate_1,2015,116.194
hrv,sex_m,geo_cov_rur,mts_aggregate_1,2016,114.387
hrv,sex_m,geo_cov_rur,mts_aggregate_1,2017,116.118
hrv,sex_m,geo_cov_rur,mts_aggregate_1,2018,120.581
hrv,sex_m,geo_cov_rur,mts_aggregate_1,2019,118.217
hrv,sex_m,geo_cov_rur,mts_aggregate_1,2020,116.835
hrv,sex_m,geo_cov_rur,mts_aggregate_2,2002,1.597
hrv,sex_m,geo_cov_rur,mts_aggregate_2,2003,2.126
hrv,sex_m,geo_cov_rur,mts_aggregate_2,2004,1.55
hrv,sex_m,geo_cov_rur,mts_aggregate_2,2005,1.099
hrv,sex_m,geo_cov_rur,mts_aggregate_2,2006,1.211
hrv,sex_m,geo_cov_rur,mts_aggregate_2,2007,1.605
hrv,sex_m,geo_cov_rur,mts_aggregate_2,2008,0.835
hrv,sex_m,geo_cov_rur,mts_aggregate_2,2009,0.345
hrv,sex_m,geo_cov_rur,mts_aggregate_2,2010,0.619
hrv,sex_m,geo_cov_rur,mts_aggregate_2,2011,0.506
hrv,sex_m,geo_cov_rur,mts_aggregate_2,2012,147.889
hrv,sex_m,geo_cov_rur,mts_aggregate_2,2013,156.854
hrv,sex_m,geo_cov_rur,mts_aggregate_2,2014,162.464
hrv,sex_m,geo_cov_rur,mts_aggregate_2,2015,165.707
hrv,sex_m,geo_cov_rur,mts_aggregate_2,2016,161.364
hrv,sex_m,geo_cov_rur,mts_aggregate_2,2017,160.199
hrv,sex_m,geo_cov_rur,mts_aggregate_2,2018,160.119
hrv,sex_m,geo_cov_rur,mts_aggregate_2,2019,158.057
hrv,sex_m,geo_cov_rur,mts_aggregate_2,2020,163.619
hrv,sex_m,geo_cov_rur,mts_aggregate_total,2002,3.227
hrv,sex_m,geo_cov_rur,mts_aggregate_total,2003,4.366
hrv,sex_m,geo_cov_rur,mts_aggregate_total,2004,2.235
hrv,sex_m,geo_cov_rur,mts_aggregate_total,2005,2.081
hrv,sex_m,geo_cov_rur,mts_aggregate_total,2006,2.502
hrv,sex_m,geo_cov_rur,mts_aggregate_total,2007,2.272
hrv,sex_m,geo_cov_rur,mts_aggregate_total,2008,1.405
hrv,sex_m,geo_cov_rur,mts_aggregate_total,2009,1.227
hrv,sex_m,geo_cov_rur,mts_aggregate_total,2010,2.296
hrv,sex_m,geo_cov_rur,mts_aggregate_total,2011,1.729
hrv,sex_m,geo_cov_rur,mts_aggregate_total,2012,288.942
hrv,sex_m,geo_cov_rur,mts_aggregate_total,2013,302.333
hrv,sex_m,geo_cov_rur,mts_aggregate_total,2014,287.805
hrv,sex_m,geo_cov_rur,mts_aggregate_total,2015,281.901
hrv,sex_m,geo_cov_rur,mts_aggregate_total,2016,275.751
hrv,sex_m,geo_cov_rur,mts_aggregate_total,2017,276.317
hrv,sex_m,geo_cov_rur,mts_aggregate_total,2018,280.7
hrv,sex_m,geo_cov_rur,mts_aggregate_total,2019,276.275
hrv,sex_m,geo_cov_rur,mts_aggregate_total,2020,280.454
hrv,sex_m,geo_cov_urb,mts_aggregate_1,2002,270.778
hrv,sex_m,geo_cov_urb,mts_aggregate_1,2003,283.82
hrv,sex_m,geo_cov_urb,mts_aggregate_1,2004,278.491
hrv,sex_m,geo_cov_urb,mts_aggregate_1,2005,289.981
hrv,sex_m,geo_cov_urb,mts_aggregate_1,2006,309.87
hrv,sex_m,geo_cov_urb,mts_aggregate_1,2007,297.707
hrv,sex_m,geo_cov_urb,mts_aggregate_1,2008,290.162
hrv,sex_m,geo_cov_urb,mts_aggregate_1,2009,305.08
hrv,sex_m,geo_cov_urb,mts_aggregate_1,2010,320.058
hrv,sex_m,geo_cov_urb,mts_aggregate_1,2011,316.18
hrv,sex_m,geo_cov_urb,mts_aggregate_1,2012,192.382
hrv,sex_m,geo_cov_urb,mts_aggregate_1,2013,195.129
hrv,sex_m,geo_cov_urb,mts_aggregate_1,2014,178.124
hrv,sex_m,geo_cov_urb,mts_aggregate_1,2015,176.003
hrv,sex_m,geo_cov_urb,mts_aggregate_1,2016,185.592
hrv,sex_m,geo_cov_urb,mts_aggregate_1,2017,183.903
hrv,sex_m,geo_cov_urb,mts_aggregate_1,2018,187.59
hrv,sex_m,geo_cov_urb,mts_aggregate_1,2019,186.908
hrv,sex_m,geo_cov_urb,mts_aggregate_1,2020,172.735
hrv,sex_m,geo_cov_urb,mts_aggregate_2,2002,394.562
hrv,sex_m,geo_cov_urb,mts_aggregate_2,2003,402.239
hrv,sex_m,geo_cov_urb,mts_aggregate_2,2004,397.226
hrv,sex_m,geo_cov_urb,mts_aggregate_2,2005,431.779
hrv,sex_m,geo_cov_urb,mts_aggregate_2,2006,432.373
hrv,sex_m,geo_cov_urb,mts_aggregate_2,2007,364.423
hrv,sex_m,geo_cov_urb,mts_aggregate_2,2008,381.121
hrv,sex_m,geo_cov_urb,mts_aggregate_2,2009,385.192
hrv,sex_m,geo_cov_urb,mts_aggregate_2,2010,376.884
hrv,sex_m,geo_cov_urb,mts_aggregate_2,2011,378.542
hrv,sex_m,geo_cov_urb,mts_aggregate_2,2012,230.358
hrv,sex_m,geo_cov_urb,mts_aggregate_2,2013,233.626
hrv,sex_m,geo_cov_urb,mts_aggregate_2,2014,243.984
hrv,sex_m,geo_cov_urb,mts_aggregate_2,2015,241.347
hrv,sex_m,geo_cov_urb,mts_aggregate_2,2016,257.528
hrv,sex_m,geo_cov_urb,mts_aggregate_2,2017,247.492
hrv,sex_m,geo_cov_urb,mts_aggregate_2,2018,250.228
hrv,sex_m,geo_cov_urb,mts_aggregate_2,2019,250.46
hrv,sex_m,geo_cov_urb,mts_aggregate_2,2020,252.78
hrv,sex_m,geo_cov_urb,mts_aggregate_total,2002,665.339
hrv,sex_m,geo_cov_urb,mts_aggregate_total,2003,686.058
hrv,sex_m,geo_cov_urb,mts_aggregate_total,2004,675.717
hrv,sex_m,geo_cov_urb,mts_aggregate_total,2005,721.76
hrv,sex_m,geo_cov_urb,mts_aggregate_total,2006,742.243
hrv,sex_m,geo_cov_urb,mts_aggregate_total,2007,662.129
hrv,sex_m,geo_cov_urb,mts_aggregate_total,2008,671.283
hrv,sex_m,geo_cov_urb,mts_aggregate_total,2009,690.272
hrv,sex_m,geo_cov_urb,mts_aggregate_total,2010,696.942
hrv,sex_m,geo_cov_urb,mts_aggregate_total,2011,694.722
hrv,sex_m,geo_cov_urb,mts_aggregate_total,2012,422.74
hrv,sex_m,geo_cov_urb,mts_aggregate_total,2013,428.756
hrv,sex_m,geo_cov_urb,mts_aggregate_total,2014,422.107
hrv,sex_m,geo_cov_urb,mts_aggregate_total,2015,417.35
hrv,sex_m,geo_cov_urb,mts_aggregate_total,2016,443.12
hrv,sex_m,geo_cov_urb,mts_aggregate_total,2017,431.395
hrv,sex_m,geo_cov_urb,mts_aggregate_total,2018,437.818
hrv,sex_m,geo_cov_urb,mts_aggregate_total,2019,437.368
hrv,sex_m,geo_cov_urb,mts_aggregate_total,2020,425.515
hrv,sex_t,geo_cov_nat,mts_aggregate_1,2002,816.311
hrv,sex_t,geo_cov_nat,mts_aggregate_1,2003,851.27
hrv,sex_t,geo_cov_nat,mts_aggregate_1,2004,854.414
hrv,sex_t,geo_cov_nat,mts_aggregate_1,2005,889.761
hrv,sex_t,geo_cov_nat,mts_aggregate_1,2006,912.25
hrv,sex_t,geo_cov_nat,mts_aggregate_1,2007,880.575
hrv,sex_t,geo_cov_nat,mts_aggregate_1,2008,866.675
hrv,sex_t,geo_cov_nat,mts_aggregate_1,2009,875.19
hrv,sex_t,geo_cov_nat,mts_aggregate_1,2010,898.684
hrv,sex_t,geo_cov_nat,mts_aggregate_1,2011,909.95
hrv,sex_t,geo_cov_nat,mts_aggregate_1,2012,936.824
hrv,sex_t,geo_cov_nat,mts_aggregate_1,2013,940.017
hrv,sex_t,geo_cov_nat,mts_aggregate_1,2014,870.384
hrv,sex_t,geo_cov_nat,mts_aggregate_1,2015,844.828
hrv,sex_t,geo_cov_nat,mts_aggregate_1,2016,852.315
hrv,sex_t,geo_cov_nat,mts_aggregate_1,2017,856.288
hrv,sex_t,geo_cov_nat,mts_aggregate_1,2018,867.238
hrv,sex_t,geo_cov_nat,mts_aggregate_1,2019,861.459
hrv,sex_t,geo_cov_nat,mts_aggregate_1,2020,841.092
hrv,sex_t,geo_cov_nat,mts_aggregate_2,2002,891.632
hrv,sex_t,geo_cov_nat,mts_aggregate_2,2003,915.261
hrv,sex_t,geo_cov_nat,mts_aggregate_2,2004,896.423
hrv,sex_t,geo_cov_nat,mts_aggregate_2,2005,937.156
hrv,sex_t,geo_cov_nat,mts_aggregate_2,2006,931.516
hrv,sex_t,geo_cov_nat,mts_aggregate_2,2007,830.891
hrv,sex_t,geo_cov_nat,mts_aggregate_2,2008,841.75
hrv,sex_t,geo_cov_nat,mts_aggregate_2,2009,832.838
hrv,sex_t,geo_cov_nat,mts_aggregate_2,2010,825.799
hrv,sex_t,geo_cov_nat,mts_aggregate_2,2011,838.945
hrv,sex_t,geo_cov_nat,mts_aggregate_2,2012,826.889
hrv,sex_t,geo_cov_nat,mts_aggregate_2,2013,840.749
hrv,sex_t,geo_cov_nat,mts_aggregate_2,2014,851.813
hrv,sex_t,geo_cov_nat,mts_aggregate_2,2015,850.494
hrv,sex_t,geo_cov_nat,mts_aggregate_2,2016,883.5
hrv,sex_t,geo_cov_nat,mts_aggregate_2,2017,859.922
hrv,sex_t,geo_cov_nat,mts_aggregate_2,2018,856.34
hrv,sex_t,geo_cov_nat,mts_aggregate_2,2019,859.422
hrv,sex_t,geo_cov_nat,mts_aggregate_2,2020,878.679
hrv,sex_t,geo_cov_nat,mts_aggregate_total,2002,1707.943
hrv,sex_t,geo_cov_nat,mts_aggregate_total,2003,1766.53
hrv,sex_t,geo_cov_nat,mts_aggregate_total,2004,1750.838
hrv,sex_t,geo_cov_nat,mts_aggregate_total,2005,1826.917
hrv,sex_t,geo_cov_nat,mts_aggregate_total,2006,1843.766
hrv,sex_t,geo_cov_nat,mts_aggregate_total,2007,1711.466
hrv,sex_t,geo_cov_nat,mts_aggregate_total,2008,1708.426
hrv,sex_t,geo_cov_nat,mts_aggregate_total,2009,1708.028
hrv,sex_t,geo_cov_nat,mts_aggregate_total,2010,1724.483
hrv,sex_t,geo_cov_nat,mts_aggregate_total,2011,1748.896
hrv,sex_t,geo_cov_nat,mts_aggregate_total,2012,1763.713
hrv,sex_t,geo_cov_nat,mts_aggregate_total,2013,1780.766
hrv,sex_t,geo_cov_nat,mts_aggregate_total,2014,1722.197
hrv,sex_t,geo_cov_nat,mts_aggregate_total,2015,1695.322
hrv,sex_t,geo_cov_nat,mts_aggregate_total,2016,1735.816
hrv,sex_t,geo_cov_nat,mts_aggregate_total,2017,1716.21
hrv,sex_t,geo_cov_nat,mts_aggregate_total,2018,1723.578
hrv,sex_t,geo_cov_nat,mts_aggregate_total,2019,1720.881
hrv,sex_t,geo_cov_nat,mts_aggregate_total,2020,1719.771
hrv,sex_t,geo_cov_rur,mts_aggregate_1,2002,3.177
hrv,sex_t,geo_cov_rur,mts_aggregate_1,2003,4.692
hrv,sex_t,geo_cov_rur,mts_aggregate_1,2004,2.568
hrv,sex_t,geo_cov_rur,mts_aggregate_1,2005,2.033
hrv,sex_t,geo_cov_rur,mts_aggregate_1,2006,3.53
hrv,sex_t,geo_cov_rur,mts_aggregate_1,2007,2.834
hrv,sex_t,geo_cov_rur,mts_aggregate_1,2008,2.167
hrv,sex_t,geo_cov_rur,mts_aggregate_1,2009,1.333
hrv,sex_t,geo_cov_rur,mts_aggregate_1,2010,2.426
hrv,sex_t,geo_cov_rur,mts_aggregate_1,2011,2.058
hrv,sex_t,geo_cov_rur,mts_aggregate_1,2012,395.404
hrv,sex_t,geo_cov_rur,mts_aggregate_1,2013,397.224
hrv,sex_t,geo_cov_rur,mts_aggregate_1,2014,366.862
hrv,sex_t,geo_cov_rur,mts_aggregate_1,2015,340.335
hrv,sex_t,geo_cov_rur,mts_aggregate_1,2016,321.125
hrv,sex_t,geo_cov_rur,mts_aggregate_1,2017,323.77
hrv,sex_t,geo_cov_rur,mts_aggregate_1,2018,330.943
hrv,sex_t,geo_cov_rur,mts_aggregate_1,2019,332.827
hrv,sex_t,geo_cov_rur,mts_aggregate_1,2020,334.035
hrv,sex_t,geo_cov_rur,mts_aggregate_2,2002,3.809
hrv,sex_t,geo_cov_rur,mts_aggregate_2,2003,5.692
hrv,sex_t,geo_cov_rur,mts_aggregate_2,2004,3.98
hrv,sex_t,geo_cov_rur,mts_aggregate_2,2005,2.218
hrv,sex_t,geo_cov_rur,mts_aggregate_2,2006,2.96
hrv,sex_t,geo_cov_rur,mts_aggregate_2,2007,5.279
hrv,sex_t,geo_cov_rur,mts_aggregate_2,2008,2.581
hrv,sex_t,geo_cov_rur,mts_aggregate_2,2009,0.885
hrv,sex_t,geo_cov_rur,mts_aggregate_2,2010,1.441
hrv,sex_t,geo_cov_rur,mts_aggregate_2,2011,1.163
hrv,sex_t,geo_cov_rur,mts_aggregate_2,2012,334.821
hrv,sex_t,geo_cov_rur,mts_aggregate_2,2013,355.099
hrv,sex_t,geo_cov_rur,mts_aggregate_2,2014,357.088
hrv,sex_t,geo_cov_rur,mts_aggregate_2,2015,359.356
hrv,sex_t,geo_cov_rur,mts_aggregate_2,2016,355.372
hrv,sex_t,geo_cov_rur,mts_aggregate_2,2017,352.772
hrv,sex_t,geo_cov_rur,mts_aggregate_2,2018,344.54
hrv,sex_t,geo_cov_rur,mts_aggregate_2,2019,345.047
hrv,sex_t,geo_cov_rur,mts_aggregate_2,2020,358.813
hrv,sex_t,geo_cov_rur,mts_aggregate_total,2002,6.985
hrv,sex_t,geo_cov_rur,mts_aggregate_total,2003,10.385
hrv,sex_t,geo_cov_rur,mts_aggregate_total,2004,6.548
hrv,sex_t,geo_cov_rur,mts_aggregate_total,2005,4.251
hrv,sex_t,geo_cov_rur,mts_aggregate_total,2006,6.489
hrv,sex_t,geo_cov_rur,mts_aggregate_total,2007,8.113
hrv,sex_t,geo_cov_rur,mts_aggregate_total,2008,4.748
hrv,sex_t,geo_cov_rur,mts_aggregate_total,2009,2.218
hrv,sex_t,geo_cov_rur,mts_aggregate_total,2010,3.867
hrv,sex_t,geo_cov_rur,mts_aggregate_total,2011,3.221
hrv,sex_t,geo_cov_rur,mts_aggregate_total,2012,730.224
hrv,sex_t,geo_cov_rur,mts_aggregate_total,2013,752.323
hrv,sex_t,geo_cov_rur,mts_aggregate_total,2014,723.95
hrv,sex_t,geo_cov_rur,mts_aggregate_total,2015,699.691
hrv,sex_t,geo_cov_rur,mts_aggregate_total,2016,676.497
hrv,sex_t,geo_cov_rur,mts_aggregate_total,2017,676.542
hrv,sex_t,geo_cov_rur,mts_aggregate_total,2018,675.482
hrv,sex_t,geo_cov_rur,mts_aggregate_total,2019,677.874
hrv,sex_t,geo_cov_rur,mts_aggregate_total,2020,692.849
hrv,sex_t,geo_cov_urb,mts_aggregate_1,2002,813.135
hrv,sex_t,geo_cov_urb,mts_aggregate_1,2003,846.577
hrv,sex_t,geo_cov_urb,mts_aggregate_1,2004,851.847
hrv,sex_t,geo_cov_urb,mts_aggregate_1,2005,887.728
hrv,sex_t,geo_cov_urb,mts_aggregate_1,2006,908.72
hrv,sex_t,geo_cov_urb,mts_aggregate_1,2007,877.741
hrv,sex_t,geo_cov_urb,mts_aggregate_1,2008,864.509
hrv,sex_t,geo_cov_urb,mts_aggregate_1,2009,873.857
hrv,sex_t,geo_cov_urb,mts_aggregate_1,2010,896.258
hrv,sex_t,geo_cov_urb,mts_aggregate_1,2011,907.893
hrv,sex_t,geo_cov_urb,mts_aggregate_1,2012,541.421
hrv,sex_t,geo_cov_urb,mts_aggregate_1,2013,542.793
hrv,sex_t,geo_cov_urb,mts_aggregate_1,2014,503.522
hrv,sex_t,geo_cov_urb,mts_aggregate_1,2015,504.493
hrv,sex_t,geo_cov_urb,mts_aggregate_1,2016,531.19
hrv,sex_t,geo_cov_urb,mts_aggregate_1,2017,532.518
hrv,sex_t,geo_cov_urb,mts_aggregate_1,2018,536.296
hrv,sex_t,geo_cov_urb,mts_aggregate_1,2019,528.633
hrv,sex_t,geo_cov_urb,mts_aggregate_1,2020,507.057
hrv,sex_t,geo_cov_urb,mts_aggregate_2,2002,887.823
hrv,sex_t,geo_cov_urb,mts_aggregate_2,2003,909.569
hrv,sex_t,geo_cov_urb,mts_aggregate_2,2004,892.443
hrv,sex_t,geo_cov_urb,mts_aggregate_2,2005,934.938
hrv,sex_t,geo_cov_urb,mts_aggregate_2,2006,928.557
hrv,sex_t,geo_cov_urb,mts_aggregate_2,2007,825.612
hrv,sex_t,geo_cov_urb,mts_aggregate_2,2008,839.169
hrv,sex_t,geo_cov_urb,mts_aggregate_2,2009,831.953
hrv,sex_t,geo_cov_urb,mts_aggregate_2,2010,824.358
hrv,sex_t,geo_cov_urb,mts_aggregate_2,2011,837.782
hrv,sex_t,geo_cov_urb,mts_aggregate_2,2012,492.068
hrv,sex_t,geo_cov_urb,mts_aggregate_2,2013,485.651
hrv,sex_t,geo_cov_urb,mts_aggregate_2,2014,494.725
hrv,sex_t,geo_cov_urb,mts_aggregate_2,2015,491.138
hrv,sex_t,geo_cov_urb,mts_aggregate_2,2016,528.128
hrv,sex_t,geo_cov_urb,mts_aggregate_2,2017,507.149
hrv,sex_t,geo_cov_urb,mts_aggregate_2,2018,511.8
hrv,sex_t,geo_cov_urb,mts_aggregate_2,2019,514.374
hrv,sex_t,geo_cov_urb,mts_aggregate_2,2020,519.865
hrv,sex_t,geo_cov_urb,mts_aggregate_total,2002,1700.957
hrv,sex_t,geo_cov_urb,mts_aggregate_total,2003,1756.146
hrv,sex_t,geo_cov_urb,mts_aggregate_total,2004,1744.29
hrv,sex_t,geo_cov_urb,mts_aggregate_total,2005,1822.666
hrv,sex_t,geo_cov_urb,mts_aggregate_total,2006,1837.277
hrv,sex_t,geo_cov_urb,mts_aggregate_total,2007,1703.353
hrv,sex_t,geo_cov_urb,mts_aggregate_total,2008,1703.678
hrv,sex_t,geo_cov_urb,mts_aggregate_total,2009,1705.811
hrv,sex_t,geo_cov_urb,mts_aggregate_total,2010,1720.616
hrv,sex_t,geo_cov_urb,mts_aggregate_total,2011,1745.675
hrv,sex_t,geo_cov_urb,mts_aggregate_total,2012,1033.489
hrv,sex_t,geo_cov_urb,mts_aggregate_total,2013,1028.443
hrv,sex_t,geo_cov_urb,mts_aggregate_total,2014,998.247
hrv,sex_t,geo_cov_urb,mts_aggregate_total,2015,995.632
hrv,sex_t,geo_cov_urb,mts_aggregate_total,2016,1059.319
hrv,sex_t,geo_cov_urb,mts_aggregate_total,2017,1039.667
hrv,sex_t,geo_cov_urb,mts_aggregate_total,2018,1048.096
hrv,sex_t,geo_cov_urb,mts_aggregate_total,2019,1043.007
hrv,sex_t,geo_cov_urb,mts_aggregate_total,2020,1026.922
hti,sex_f,geo_cov_nat,mts_aggregate_1,2012,1087.689
hti,sex_f,geo_cov_nat,mts_aggregate_2,2012,592.758
hti,sex_f,geo_cov_nat,mts_aggregate_total,2012,1698.239
hti,sex_f,geo_cov_nat,mts_aggregate_x,2012,17.792
hti,sex_f,geo_cov_nat,mts_details_mrd,2012,473.893
hti,sex_f,geo_cov_nat,mts_details_sep,2012,98.094
hti,sex_f,geo_cov_nat,mts_details_sgle,2012,828.424
hti,sex_f,geo_cov_nat,mts_details_total,2012,1698.239
hti,sex_f,geo_cov_nat,mts_details_union,2012,118.865
hti,sex_f,geo_cov_nat,mts_details_wid,2012,161.172
hti,sex_f,geo_cov_nat,mts_details_x,2012,17.792
hti,sex_f,geo_cov_rur,mts_aggregate_1,2012,420.19
hti,sex_f,geo_cov_rur,mts_aggregate_2,2012,280.266
hti,sex_f,geo_cov_rur,mts_aggregate_total,2012,709.129
hti,sex_f,geo_cov_rur,mts_aggregate_x,2012,8.673
hti,sex_f,geo_cov_rur,mts_details_mrd,2012,226.231
hti,sex_f,geo_cov_rur,mts_details_sep,2012,34.898
hti,sex_f,geo_cov_rur,mts_details_sgle,2012,304.664
hti,sex_f,geo_cov_rur,mts_details_total,2012,709.129
hti,sex_f,geo_cov_rur,mts_details_union,2012,54.035
hti,sex_f,geo_cov_rur,mts_details_wid,2012,80.627
hti,sex_f,geo_cov_rur,mts_details_x,2012,8.673
hti,sex_f,geo_cov_urb,mts_aggregate_1,2012,667.5
hti,sex_f,geo_cov_urb,mts_aggregate_2,2012,312.493
hti,sex_f,geo_cov_urb,mts_aggregate_total,2012,989.111
hti,sex_f,geo_cov_urb,mts_aggregate_x,2012,9.119
hti,sex_f,geo_cov_urb,mts_details_mrd,2012,247.662
hti,sex_f,geo_cov_urb,mts_details_sep,2012,63.195
hti,sex_f,geo_cov_urb,mts_details_sgle,2012,523.759
hti,sex_f,geo_cov_urb,mts_details_total,2012,989.111
hti,sex_f,geo_cov_urb,mts_details_union,2012,64.83
hti,sex_f,geo_cov_urb,mts_details_wid,2012,80.545
hti,sex_f,geo_cov_urb,mts_details_x,2012,9.119
hti,sex_m,geo_cov_nat,mts_aggregate_1,2012,719.971
hti,sex_m,geo_cov_nat,mts_aggregate_2,2012,135.97
hti,sex_m,geo_cov_nat,mts_aggregate_total,2012,866.971
hti,sex_m,geo_cov_nat,mts_aggregate_x,2012,11.03
hti,sex_m,geo_cov_nat,mts_details_mrd,2012,115.549
hti,sex_m,geo_cov_nat,mts_details_sep,2012,21.841
hti,sex_m,geo_cov_nat,mts_details_sgle,2012,673.886
hti,sex_m,geo_cov_nat,mts_details_total,2012,866.971
hti,sex_m,geo_cov_nat,mts_details_union,2012,20.42
hti,sex_m,geo_cov_nat,mts_details_wid,2012,24.244
hti,sex_m,geo_cov_nat,mts_details_x,2012,11.03
hti,sex_m,geo_cov_rur,mts_aggregate_1,2012,283.69
hti,sex_m,geo_cov_rur,mts_aggregate_2,2012,61.47
hti,sex_m,geo_cov_rur,mts_aggregate_total,2012,349.966
hti,sex_m,geo_cov_rur,mts_aggregate_x,2012,4.806
hti,sex_m,geo_cov_rur,mts_details_mrd,2012,52.795
hti,sex_m,geo_cov_rur,mts_details_sep,2012,10.295
hti,sex_m,geo_cov_rur,mts_details_sgle,2012,258.449
hti,sex_m,geo_cov_rur,mts_details_total,2012,349.966
hti,sex_m,geo_cov_rur,mts_details_union,2012,8.674
hti,sex_m,geo_cov_rur,mts_details_wid,2012,14.946
hti,sex_m,geo_cov_rur,mts_details_x,2012,4.806
hti,sex_m,geo_cov_urb,mts_aggregate_1,2012,436.281
hti,sex_m,geo_cov_urb,mts_aggregate_2,2012,74.5
hti,sex_m,geo_cov_urb,mts_aggregate_total,2012,517.005
hti,sex_m,geo_cov_urb,mts_aggregate_x,2012,6.224
hti,sex_m,geo_cov_urb,mts_details_mrd,2012,62.754
hti,sex_m,geo_cov_urb,mts_details_sep,2012,11.545
hti,sex_m,geo_cov_urb,mts_details_sgle,2012,415.438
hti,sex_m,geo_cov_urb,mts_details_total,2012,517.005
hti,sex_m,geo_cov_urb,mts_details_union,2012,11.746
hti,sex_m,geo_cov_urb,mts_details_wid,2012,9.298
hti,sex_m,geo_cov_urb,mts_details_x,2012,6.224
hti,sex_t,geo_cov_nat,mts_aggregate_1,2012,1807.661
hti,sex_t,geo_cov_nat,mts_aggregate_2,2012,728.728
hti,sex_t,geo_cov_nat,mts_aggregate_total,2012,2565.211
hti,sex_t,geo_cov_nat,mts_aggregate_x,2012,28.822
hti,sex_t,geo_cov_nat,mts_details_mrd,2012,589.443
hti,sex_t,geo_cov_nat,mts_details_sep,2012,119.934
hti,sex_t,geo_cov_nat,mts_details_sgle,2012,1502.31
hti,sex_t,geo_cov_nat,mts_details_total,2012,2565.211
hti,sex_t,geo_cov_nat,mts_details_union,2012,139.285
hti,sex_t,geo_cov_nat,mts_details_wid,2012,185.417
hti,sex_t,geo_cov_nat,mts_details_x,2012,28.822
hti,sex_t,geo_cov_rur,mts_aggregate_1,2012,703.88
hti,sex_t,geo_cov_rur,mts_aggregate_2,2012,341.735
hti,sex_t,geo_cov_rur,mts_aggregate_total,2012,1059.095
hti,sex_t,geo_cov_rur,mts_aggregate_x,2012,13.48
hti,sex_t,geo_cov_rur,mts_details_mrd,2012,279.026
hti,sex_t,geo_cov_rur,mts_details_sep,2012,45.194
hti,sex_t,geo_cov_rur,mts_details_sgle,2012,563.113
hti,sex_t,geo_cov_rur,mts_details_total,2012,1059.095
hti,sex_t,geo_cov_rur,mts_details_union,2012,62.709
hti,sex_t,geo_cov_rur,mts_details_wid,2012,95.573
hti,sex_t,geo_cov_rur,mts_details_x,2012,13.48
hti,sex_t,geo_cov_urb,mts_aggregate_1,2012,1103.781
hti,sex_t,geo_cov_urb,mts_aggregate_2,2012,386.993
hti,sex_t,geo_cov_urb,mts_aggregate_total,2012,1506.116
hti,sex_t,geo_cov_urb,mts_aggregate_x,2012,15.343
hti,sex_t,geo_cov_urb,mts_details_mrd,2012,310.417
hti,sex_t,geo_cov_urb,mts_details_sep,2012,74.741
hti,sex_t,geo_cov_urb,mts_details_sgle,2012,939.197
hti,sex_t,geo_cov_urb,mts_details_total,2012,1506.116
hti,sex_t,geo_cov_urb,mts_details_union,2012,76.576
hti,sex_t,geo_cov_urb,mts_details_wid,2012,89.843
hti,sex_t,geo_cov_urb,mts_details_x,2012,15.343
hun,sex_f,geo_cov_nat,mts_aggregate_1,2001,1468.843
hun,sex_f,geo_cov_nat,mts_aggregate_1,2002,1489.639
hun,sex_f,geo_cov_nat,mts_aggregate_1,2003,1478.811
hun,sex_f,geo_cov_nat,mts_aggregate_1,2004,1505.949
hun,sex_f,geo_cov_nat,mts_aggregate_1,2005,1513.483
hun,sex_f,geo_cov_nat,mts_aggregate_1,2006,1512.939
hun,sex_f,geo_cov_nat,mts_aggregate_1,2007,1525.252
hun,sex_f,geo_cov_nat,mts_aggregate_1,2008,1549.243
hun,sex_f,geo_cov_nat,mts_aggregate_1,2009,1567.973
hun,sex_f,geo_cov_nat,mts_aggregate_1,2010,1562.638
hun,sex_f,geo_cov_nat,mts_aggregate_1,2011,1562.243
hun,sex_f,geo_cov_nat,mts_aggregate_1,2012,1545.055
hun,sex_f,geo_cov_nat,mts_aggregate_1,2013,1546.415
hun,sex_f,geo_cov_nat,mts_aggregate_1,2014,1502.251
hun,sex_f,geo_cov_nat,mts_aggregate_1,2015,1468.838
hun,sex_f,geo_cov_nat,mts_aggregate_1,2016,1445.754
hun,sex_f,geo_cov_nat,mts_aggregate_1,2017,1417.658
hun,sex_f,geo_cov_nat,mts_aggregate_1,2018,1416.212
hun,sex_f,geo_cov_nat,mts_aggregate_1,2019,1408.696
hun,sex_f,geo_cov_nat,mts_aggregate_1,2020,1377.923
hun,sex_f,geo_cov_nat,mts_aggregate_2,2001,1161.324
hun,sex_f,geo_cov_nat,mts_aggregate_2,2002,1131.026
hun,sex_f,geo_cov_nat,mts_aggregate_2,2003,1099.392
hun,sex_f,geo_cov_nat,mts_aggregate_2,2004,1074.086
hun,sex_f,geo_cov_nat,mts_aggregate_2,2005,1034.455
hun,sex_f,geo_cov_nat,mts_aggregate_2,2006,1021.715
hun,sex_f,geo_cov_nat,mts_aggregate_2,2007,1024.076
hun,sex_f,geo_cov_nat,mts_aggregate_2,2008,1006.901
hun,sex_f,geo_cov_nat,mts_aggregate_2,2009,979.48
hun,sex_f,geo_cov_nat,mts_aggregate_2,2010,938.827
hun,sex_f,geo_cov_nat,mts_aggregate_2,2011,926.283
hun,sex_f,geo_cov_nat,mts_aggregate_2,2012,889.491
hun,sex_f,geo_cov_nat,mts_aggregate_2,2013,874.304
hun,sex_f,geo_cov_nat,mts_aggregate_2,2014,851.056
hun,sex_f,geo_cov_nat,mts_aggregate_2,2015,835.532
hun,sex_f,geo_cov_nat,mts_aggregate_2,2016,822.03
hun,sex_f,geo_cov_nat,mts_aggregate_2,2017,823.946
hun,sex_f,geo_cov_nat,mts_aggregate_2,2018,804.364
hun,sex_f,geo_cov_nat,mts_aggregate_2,2019,805.433
hun,sex_f,geo_cov_nat,mts_aggregate_2,2020,845.059
hun,sex_f,geo_cov_nat,mts_aggregate_total,2001,2630.167
hun,sex_f,geo_cov_nat,mts_aggregate_total,2002,2620.665
hun,sex_f,geo_cov_nat,mts_aggregate_total,2003,2578.203
hun,sex_f,geo_cov_nat,mts_aggregate_total,2004,2580.036
hun,sex_f,geo_cov_nat,mts_aggregate_total,2005,2547.939
hun,sex_f,geo_cov_nat,mts_aggregate_total,2006,2534.654
hun,sex_f,geo_cov_nat,mts_aggregate_total,2007,2549.328
hun,sex_f,geo_cov_nat,mts_aggregate_total,2008,2556.145
hun,sex_f,geo_cov_nat,mts_aggregate_total,2009,2547.453
hun,sex_f,geo_cov_nat,mts_aggregate_total,2010,2501.465
hun,sex_f,geo_cov_nat,mts_aggregate_total,2011,2488.526
hun,sex_f,geo_cov_nat,mts_aggregate_total,2012,2434.546
hun,sex_f,geo_cov_nat,mts_aggregate_total,2013,2420.719
hun,sex_f,geo_cov_nat,mts_aggregate_total,2014,2353.308
hun,sex_f,geo_cov_nat,mts_aggregate_total,2015,2304.369
hun,sex_f,geo_cov_nat,mts_aggregate_total,2016,2267.784
hun,sex_f,geo_cov_nat,mts_aggregate_total,2017,2241.604
hun,sex_f,geo_cov_nat,mts_aggregate_total,2018,2220.576
hun,sex_f,geo_cov_nat,mts_aggregate_total,2019,2214.129
hun,sex_f,geo_cov_nat,mts_aggregate_total,2020,2222.982
hun,sex_f,geo_cov_rur,mts_aggregate_1,2001,670.553
hun,sex_f,geo_cov_rur,mts_aggregate_1,2002,681.31
hun,sex_f,geo_cov_rur,mts_aggregate_1,2003,647.303
hun,sex_f,geo_cov_rur,mts_aggregate_1,2004,670.912
hun,sex_f,geo_cov_rur,mts_aggregate_1,2005,667.444
hun,sex_f,geo_cov_rur,mts_aggregate_1,2006,665.073
hun,sex_f,geo_cov_rur,mts_aggregate_1,2007,687.537
hun,sex_f,geo_cov_rur,mts_aggregate_1,2008,699.081
hun,sex_f,geo_cov_rur,mts_aggregate_1,2009,703.662
hun,sex_f,geo_cov_rur,mts_aggregate_1,2010,699.643
hun,sex_f,geo_cov_rur,mts_aggregate_1,2011,704.819
hun,sex_f,geo_cov_rur,mts_aggregate_1,2012,554.709
hun,sex_f,geo_cov_rur,mts_aggregate_1,2013,550.175
hun,sex_f,geo_cov_rur,mts_aggregate_1,2014,527.064
hun,sex_f,geo_cov_rur,mts_aggregate_1,2015,522.591
hun,sex_f,geo_cov_rur,mts_aggregate_1,2016,515.037
hun,sex_f,geo_cov_rur,mts_aggregate_1,2017,441.627
hun,sex_f,geo_cov_rur,mts_aggregate_1,2018,430.913
hun,sex_f,geo_cov_rur,mts_aggregate_1,2019,425.273
hun,sex_f,geo_cov_rur,mts_aggregate_1,2020,413.57
hun,sex_f,geo_cov_rur,mts_aggregate_2,2001,589.421
hun,sex_f,geo_cov_rur,mts_aggregate_2,2002,571.068
hun,sex_f,geo_cov_rur,mts_aggregate_2,2003,512.619
hun,sex_f,geo_cov_rur,mts_aggregate_2,2004,506.355
hun,sex_f,geo_cov_rur,mts_aggregate_2,2005,494.561
hun,sex_f,geo_cov_rur,mts_aggregate_2,2006,476.265
hun,sex_f,geo_cov_rur,mts_aggregate_2,2007,490.85
hun,sex_f,geo_cov_rur,mts_aggregate_2,2008,485.663
hun,sex_f,geo_cov_rur,mts_aggregate_2,2009,464.995
hun,sex_f,geo_cov_rur,mts_aggregate_2,2010,436.862
hun,sex_f,geo_cov_rur,mts_aggregate_2,2011,425.608
hun,sex_f,geo_cov_rur,mts_aggregate_2,2012,319.273
hun,sex_f,geo_cov_rur,mts_aggregate_2,2013,313.165
hun,sex_f,geo_cov_rur,mts_aggregate_2,2014,301.814
hun,sex_f,geo_cov_rur,mts_aggregate_2,2015,290.379
hun,sex_f,geo_cov_rur,mts_aggregate_2,2016,287.349
hun,sex_f,geo_cov_rur,mts_aggregate_2,2017,247.377
hun,sex_f,geo_cov_rur,mts_aggregate_2,2018,239.985
hun,sex_f,geo_cov_rur,mts_aggregate_2,2019,246.684
hun,sex_f,geo_cov_rur,mts_aggregate_2,2020,260.4
hun,sex_f,geo_cov_rur,mts_aggregate_total,2001,1259.974
hun,sex_f,geo_cov_rur,mts_aggregate_total,2002,1252.378
hun,sex_f,geo_cov_rur,mts_aggregate_total,2003,1159.922
hun,sex_f,geo_cov_rur,mts_aggregate_total,2004,1177.267
hun,sex_f,geo_cov_rur,mts_aggregate_total,2005,1162.005
hun,sex_f,geo_cov_rur,mts_aggregate_total,2006,1141.338
hun,sex_f,geo_cov_rur,mts_aggregate_total,2007,1178.387
hun,sex_f,geo_cov_rur,mts_aggregate_total,2008,1184.745
hun,sex_f,geo_cov_rur,mts_aggregate_total,2009,1168.658
hun,sex_f,geo_cov_rur,mts_aggregate_total,2010,1136.505
hun,sex_f,geo_cov_rur,mts_aggregate_total,2011,1130.427
hun,sex_f,geo_cov_rur,mts_aggregate_total,2012,873.982
hun,sex_f,geo_cov_rur,mts_aggregate_total,2013,863.341
hun,sex_f,geo_cov_rur,mts_aggregate_total,2014,828.878
hun,sex_f,geo_cov_rur,mts_aggregate_total,2015,812.97
hun,sex_f,geo_cov_rur,mts_aggregate_total,2016,802.386
hun,sex_f,geo_cov_rur,mts_aggregate_total,2017,689.004
hun,sex_f,geo_cov_rur,mts_aggregate_total,2018,670.897
hun,sex_f,geo_cov_rur,mts_aggregate_total,2019,671.957
hun,sex_f,geo_cov_rur,mts_aggregate_total,2020,673.97
hun,sex_f,geo_cov_urb,mts_aggregate_1,2001,798.29
hun,sex_f,geo_cov_urb,mts_aggregate_1,2002,808.329
hun,sex_f,geo_cov_urb,mts_aggregate_1,2003,831.508
hun,sex_f,geo_cov_urb,mts_aggregate_1,2004,835.037
hun,sex_f,geo_cov_urb,mts_aggregate_1,2005,846.039
hun,sex_f,geo_cov_urb,mts_aggregate_1,2006,847.866
hun,sex_f,geo_cov_urb,mts_aggregate_1,2007,837.715
hun,sex_f,geo_cov_urb,mts_aggregate_1,2008,850.162
hun,sex_f,geo_cov_urb,mts_aggregate_1,2009,864.311
hun,sex_f,geo_cov_urb,mts_aggregate_1,2010,862.995
hun,sex_f,geo_cov_urb,mts_aggregate_1,2011,857.424
hun,sex_f,geo_cov_urb,mts_aggregate_1,2012,990.346
hun,sex_f,geo_cov_urb,mts_aggregate_1,2013,996.24
hun,sex_f,geo_cov_urb,mts_aggregate_1,2014,975.187
hun,sex_f,geo_cov_urb,mts_aggregate_1,2015,946.247
hun,sex_f,geo_cov_urb,mts_aggregate_1,2016,930.717
hun,sex_f,geo_cov_urb,mts_aggregate_1,2017,976.032
hun,sex_f,geo_cov_urb,mts_aggregate_1,2018,985.3
hun,sex_f,geo_cov_urb,mts_aggregate_1,2019,983.424
hun,sex_f,geo_cov_urb,mts_aggregate_1,2020,964.353
hun,sex_f,geo_cov_urb,mts_aggregate_2,2001,571.903
hun,sex_f,geo_cov_urb,mts_aggregate_2,2002,559.957
hun,sex_f,geo_cov_urb,mts_aggregate_2,2003,586.773
hun,sex_f,geo_cov_urb,mts_aggregate_2,2004,567.732
hun,sex_f,geo_cov_urb,mts_aggregate_2,2005,539.895
hun,sex_f,geo_cov_urb,mts_aggregate_2,2006,545.45
hun,sex_f,geo_cov_urb,mts_aggregate_2,2007,533.226
hun,sex_f,geo_cov_urb,mts_aggregate_2,2008,521.238
hun,sex_f,geo_cov_urb,mts_aggregate_2,2009,514.485
hun,sex_f,geo_cov_urb,mts_aggregate_2,2010,501.965
hun,sex_f,geo_cov_urb,mts_aggregate_2,2011,500.675
hun,sex_f,geo_cov_urb,mts_aggregate_2,2012,570.218
hun,sex_f,geo_cov_urb,mts_aggregate_2,2013,561.139
hun,sex_f,geo_cov_urb,mts_aggregate_2,2014,549.242
hun,sex_f,geo_cov_urb,mts_aggregate_2,2015,545.153
hun,sex_f,geo_cov_urb,mts_aggregate_2,2016,534.681
hun,sex_f,geo_cov_urb,mts_aggregate_2,2017,576.568
hun,sex_f,geo_cov_urb,mts_aggregate_2,2018,564.379
hun,sex_f,geo_cov_urb,mts_aggregate_2,2019,558.749
hun,sex_f,geo_cov_urb,mts_aggregate_2,2020,584.659
hun,sex_f,geo_cov_urb,mts_aggregate_total,2001,1370.193
hun,sex_f,geo_cov_urb,mts_aggregate_total,2002,1368.286
hun,sex_f,geo_cov_urb,mts_aggregate_total,2003,1418.281
hun,sex_f,geo_cov_urb,mts_aggregate_total,2004,1402.769
hun,sex_f,geo_cov_urb,mts_aggregate_total,2005,1385.934
hun,sex_f,geo_cov_urb,mts_aggregate_total,2006,1393.316
hun,sex_f,geo_cov_urb,mts_aggregate_total,2007,1370.941
hun,sex_f,geo_cov_urb,mts_aggregate_total,2008,1371.4
hun,sex_f,geo_cov_urb,mts_aggregate_total,2009,1378.796
hun,sex_f,geo_cov_urb,mts_aggregate_total,2010,1364.96
hun,sex_f,geo_cov_urb,mts_aggregate_total,2011,1358.099
hun,sex_f,geo_cov_urb,mts_aggregate_total,2012,1560.564
hun,sex_f,geo_cov_urb,mts_aggregate_total,2013,1557.379
hun,sex_f,geo_cov_urb,mts_aggregate_total,2014,1524.43
hun,sex_f,geo_cov_urb,mts_aggregate_total,2015,1491.4
hun,sex_f,geo_cov_urb,mts_aggregate_total,2016,1465.398
hun,sex_f,geo_cov_urb,mts_aggregate_total,2017,1552.6
hun,sex_f,geo_cov_urb,mts_aggregate_total,2018,1549.679
hun,sex_f,geo_cov_urb,mts_aggregate_total,2019,1542.172
hun,sex_f,geo_cov_urb,mts_aggregate_total,2020,1549.012
hun,sex_m,geo_cov_nat,mts_aggregate_1,2001,784.548
hun,sex_m,geo_cov_nat,mts_aggregate_1,2002,816.232
hun,sex_m,geo_cov_nat,mts_aggregate_1,2003,814.816
hun,sex_m,geo_cov_nat,mts_aggregate_1,2004,826.289
hun,sex_m,geo_cov_nat,mts_aggregate_1,2005,824.084
hun,sex_m,geo_cov_nat,mts_aggregate_1,2006,806.341
hun,sex_m,geo_cov_nat,mts_aggregate_1,2007,819.395
hun,sex_m,geo_cov_nat,mts_aggregate_1,2008,834.52
hun,sex_m,geo_cov_nat,mts_aggregate_1,2009,857.713
hun,sex_m,geo_cov_nat,mts_aggregate_1,2010,870.617
hun,sex_m,geo_cov_nat,mts_aggregate_1,2011,863.405
hun,sex_m,geo_cov_nat,mts_aggregate_1,2012,863.453
hun,sex_m,geo_cov_nat,mts_aggregate_1,2013,847.224
hun,sex_m,geo_cov_nat,mts_aggregate_1,2014,794.647
hun,sex_m,geo_cov_nat,mts_aggregate_1,2015,777.614
hun,sex_m,geo_cov_nat,mts_aggregate_1,2016,747.275
hun,sex_m,geo_cov_nat,mts_aggregate_1,2017,708.408
hun,sex_m,geo_cov_nat,mts_aggregate_1,2018,713.925
hun,sex_m,geo_cov_nat,mts_aggregate_1,2019,707.978
hun,sex_m,geo_cov_nat,mts_aggregate_1,2020,697.223
hun,sex_m,geo_cov_nat,mts_aggregate_2,2001,865.913
hun,sex_m,geo_cov_nat,mts_aggregate_2,2002,842.072
hun,sex_m,geo_cov_nat,mts_aggregate_2,2003,816.632
hun,sex_m,geo_cov_nat,mts_aggregate_2,2004,814.796
hun,sex_m,geo_cov_nat,mts_aggregate_2,2005,802.763
hun,sex_m,geo_cov_nat,mts_aggregate_2,2006,795.847
hun,sex_m,geo_cov_nat,mts_aggregate_2,2007,791.137
hun,sex_m,geo_cov_nat,mts_aggregate_2,2008,799.239
hun,sex_m,geo_cov_nat,mts_aggregate_2,2009,784.608
hun,sex_m,geo_cov_nat,mts_aggregate_2,2010,772.371
hun,sex_m,geo_cov_nat,mts_aggregate_2,2011,760.12
hun,sex_m,geo_cov_nat,mts_aggregate_2,2012,726.008
hun,sex_m,geo_cov_nat,mts_aggregate_2,2013,703.7
hun,sex_m,geo_cov_nat,mts_aggregate_2,2014,686.746
hun,sex_m,geo_cov_nat,mts_aggregate_2,2015,651.281
hun,sex_m,geo_cov_nat,mts_aggregate_2,2016,633.096
hun,sex_m,geo_cov_nat,mts_aggregate_2,2017,634.461
hun,sex_m,geo_cov_nat,mts_aggregate_2,2018,605.603
hun,sex_m,geo_cov_nat,mts_aggregate_2,2019,588.081
hun,sex_m,geo_cov_nat,mts_aggregate_2,2020,608.421
hun,sex_m,geo_cov_nat,mts_aggregate_total,2001,1650.461
hun,sex_m,geo_cov_nat,mts_aggregate_total,2002,1658.305
hun,sex_m,geo_cov_nat,mts_aggregate_total,2003,1631.449
hun,sex_m,geo_cov_nat,mts_aggregate_total,2004,1641.085
hun,sex_m,geo_cov_nat,mts_aggregate_total,2005,1626.847
hun,sex_m,geo_cov_nat,mts_aggregate_total,2006,1602.187
hun,sex_m,geo_cov_nat,mts_aggregate_total,2007,1610.532
hun,sex_m,geo_cov_nat,mts_aggregate_total,2008,1633.759
hun,sex_m,geo_cov_nat,mts_aggregate_total,2009,1642.321
hun,sex_m,geo_cov_nat,mts_aggregate_total,2010,1642.988
hun,sex_m,geo_cov_nat,mts_aggregate_total,2011,1623.525
hun,sex_m,geo_cov_nat,mts_aggregate_total,2012,1589.461
hun,sex_m,geo_cov_nat,mts_aggregate_total,2013,1550.924
hun,sex_m,geo_cov_nat,mts_aggregate_total,2014,1481.393
hun,sex_m,geo_cov_nat,mts_aggregate_total,2015,1428.895
hun,sex_m,geo_cov_nat,mts_aggregate_total,2016,1380.371
hun,sex_m,geo_cov_nat,mts_aggregate_total,2017,1342.869
hun,sex_m,geo_cov_nat,mts_aggregate_total,2018,1319.528
hun,sex_m,geo_cov_nat,mts_aggregate_total,2019,1296.06
hun,sex_m,geo_cov_nat,mts_aggregate_total,2020,1305.644
hun,sex_m,geo_cov_rur,mts_aggregate_1,2001,378.808
hun,sex_m,geo_cov_rur,mts_aggregate_1,2002,402.826
hun,sex_m,geo_cov_rur,mts_aggregate_1,2003,362.511
hun,sex_m,geo_cov_rur,mts_aggregate_1,2004,367.841
hun,sex_m,geo_cov_rur,mts_aggregate_1,2005,378.348
hun,sex_m,geo_cov_rur,mts_aggregate_1,2006,370.182
hun,sex_m,geo_cov_rur,mts_aggregate_1,2007,384.714
hun,sex_m,geo_cov_rur,mts_aggregate_1,2008,393.308
hun,sex_m,geo_cov_rur,mts_aggregate_1,2009,400.549
hun,sex_m,geo_cov_rur,mts_aggregate_1,2010,409.697
hun,sex_m,geo_cov_rur,mts_aggregate_1,2011,409.672
hun,sex_m,geo_cov_rur,mts_aggregate_1,2012,334.823
hun,sex_m,geo_cov_rur,mts_aggregate_1,2013,325.864
hun,sex_m,geo_cov_rur,mts_aggregate_1,2014,308.094
hun,sex_m,geo_cov_rur,mts_aggregate_1,2015,294.468
hun,sex_m,geo_cov_rur,mts_aggregate_1,2016,287.09
hun,sex_m,geo_cov_rur,mts_aggregate_1,2017,239.255
hun,sex_m,geo_cov_rur,mts_aggregate_1,2018,227.265
hun,sex_m,geo_cov_rur,mts_aggregate_1,2019,227.153
hun,sex_m,geo_cov_rur,mts_aggregate_1,2020,228.979
hun,sex_m,geo_cov_rur,mts_aggregate_2,2001,436.356
hun,sex_m,geo_cov_rur,mts_aggregate_2,2002,429.369
hun,sex_m,geo_cov_rur,mts_aggregate_2,2003,381.147
hun,sex_m,geo_cov_rur,mts_aggregate_2,2004,386.584
hun,sex_m,geo_cov_rur,mts_aggregate_2,2005,384.794
hun,sex_m,geo_cov_rur,mts_aggregate_2,2006,368.564
hun,sex_m,geo_cov_rur,mts_aggregate_2,2007,379.632
hun,sex_m,geo_cov_rur,mts_aggregate_2,2008,383.356
hun,sex_m,geo_cov_rur,mts_aggregate_2,2009,378.801
hun,sex_m,geo_cov_rur,mts_aggregate_2,2010,370.973
hun,sex_m,geo_cov_rur,mts_aggregate_2,2011,359.316
hun,sex_m,geo_cov_rur,mts_aggregate_2,2012,269.388
hun,sex_m,geo_cov_rur,mts_aggregate_2,2013,258.237
hun,sex_m,geo_cov_rur,mts_aggregate_2,2014,239.806
hun,sex_m,geo_cov_rur,mts_aggregate_2,2015,232.703
hun,sex_m,geo_cov_rur,mts_aggregate_2,2016,223.749
hun,sex_m,geo_cov_rur,mts_aggregate_2,2017,197.576
hun,sex_m,geo_cov_rur,mts_aggregate_2,2018,186.822
hun,sex_m,geo_cov_rur,mts_aggregate_2,2019,183.423
hun,sex_m,geo_cov_rur,mts_aggregate_2,2020,190.618
hun,sex_m,geo_cov_rur,mts_aggregate_total,2001,815.165
hun,sex_m,geo_cov_rur,mts_aggregate_total,2002,832.195
hun,sex_m,geo_cov_rur,mts_aggregate_total,2003,743.657
hun,sex_m,geo_cov_rur,mts_aggregate_total,2004,754.425
hun,sex_m,geo_cov_rur,mts_aggregate_total,2005,763.142
hun,sex_m,geo_cov_rur,mts_aggregate_total,2006,738.745
hun,sex_m,geo_cov_rur,mts_aggregate_total,2007,764.346
hun,sex_m,geo_cov_rur,mts_aggregate_total,2008,776.664
hun,sex_m,geo_cov_rur,mts_aggregate_total,2009,779.35
hun,sex_m,geo_cov_rur,mts_aggregate_total,2010,780.67
hun,sex_m,geo_cov_rur,mts_aggregate_total,2011,768.988
hun,sex_m,geo_cov_rur,mts_aggregate_total,2012,604.211
hun,sex_m,geo_cov_rur,mts_aggregate_total,2013,584.101
hun,sex_m,geo_cov_rur,mts_aggregate_total,2014,547.9
hun,sex_m,geo_cov_rur,mts_aggregate_total,2015,527.172
hun,sex_m,geo_cov_rur,mts_aggregate_total,2016,510.839
hun,sex_m,geo_cov_rur,mts_aggregate_total,2017,436.831
hun,sex_m,geo_cov_rur,mts_aggregate_total,2018,414.087
hun,sex_m,geo_cov_rur,mts_aggregate_total,2019,410.576
hun,sex_m,geo_cov_rur,mts_aggregate_total,2020,419.598
hun,sex_m,geo_cov_urb,mts_aggregate_1,2001,405.74
hun,sex_m,geo_cov_urb,mts_aggregate_1,2002,413.407
hun,sex_m,geo_cov_urb,mts_aggregate_1,2003,452.306
hun,sex_m,geo_cov_urb,mts_aggregate_1,2004,458.448
hun,sex_m,geo_cov_urb,mts_aggregate_1,2005,445.737
hun,sex_m,geo_cov_urb,mts_aggregate_1,2006,436.159
hun,sex_m,geo_cov_urb,mts_aggregate_1,2007,434.681
hun,sex_m,geo_cov_urb,mts_aggregate_1,2008,441.212
hun,sex_m,geo_cov_urb,mts_aggregate_1,2009,457.164
hun,sex_m,geo_cov_urb,mts_aggregate_1,2010,460.92
hun,sex_m,geo_cov_urb,mts_aggregate_1,2011,453.732
hun,sex_m,geo_cov_urb,mts_aggregate_1,2012,528.63
hun,sex_m,geo_cov_urb,mts_aggregate_1,2013,521.36
hun,sex_m,geo_cov_urb,mts_aggregate_1,2014,486.553
hun,sex_m,geo_cov_urb,mts_aggregate_1,2015,483.146
hun,sex_m,geo_cov_urb,mts_aggregate_1,2016,460.185
hun,sex_m,geo_cov_urb,mts_aggregate_1,2017,469.153
hun,sex_m,geo_cov_urb,mts_aggregate_1,2018,486.659
hun,sex_m,geo_cov_urb,mts_aggregate_1,2019,480.826
hun,sex_m,geo_cov_urb,mts_aggregate_1,2020,468.244
hun,sex_m,geo_cov_urb,mts_aggregate_2,2001,429.557
hun,sex_m,geo_cov_urb,mts_aggregate_2,2002,412.703
hun,sex_m,geo_cov_urb,mts_aggregate_2,2003,435.486
hun,sex_m,geo_cov_urb,mts_aggregate_2,2004,428.212
hun,sex_m,geo_cov_urb,mts_aggregate_2,2005,417.969
hun,sex_m,geo_cov_urb,mts_aggregate_2,2006,427.283
hun,sex_m,geo_cov_urb,mts_aggregate_2,2007,411.505
hun,sex_m,geo_cov_urb,mts_aggregate_2,2008,415.883
hun,sex_m,geo_cov_urb,mts_aggregate_2,2009,405.807
hun,sex_m,geo_cov_urb,mts_aggregate_2,2010,401.398
hun,sex_m,geo_cov_urb,mts_aggregate_2,2011,400.804
hun,sex_m,geo_cov_urb,mts_aggregate_2,2012,456.62
hun,sex_m,geo_cov_urb,mts_aggregate_2,2013,445.464
hun,sex_m,geo_cov_urb,mts_aggregate_2,2014,446.94
hun,sex_m,geo_cov_urb,mts_aggregate_2,2015,418.578
hun,sex_m,geo_cov_urb,mts_aggregate_2,2016,409.347
hun,sex_m,geo_cov_urb,mts_aggregate_2,2017,436.884
hun,sex_m,geo_cov_urb,mts_aggregate_2,2018,418.781
hun,sex_m,geo_cov_urb,mts_aggregate_2,2019,404.658
hun,sex_m,geo_cov_urb,mts_aggregate_2,2020,417.802
hun,sex_m,geo_cov_urb,mts_aggregate_total,2001,835.296
hun,sex_m,geo_cov_urb,mts_aggregate_total,2002,826.11
hun,sex_m,geo_cov_urb,mts_aggregate_total,2003,887.792
hun,sex_m,geo_cov_urb,mts_aggregate_total,2004,886.66
hun,sex_m,geo_cov_urb,mts_aggregate_total,2005,863.705
hun,sex_m,geo_cov_urb,mts_aggregate_total,2006,863.442
hun,sex_m,geo_cov_urb,mts_aggregate_total,2007,846.186
hun,sex_m,geo_cov_urb,mts_aggregate_total,2008,857.096
hun,sex_m,geo_cov_urb,mts_aggregate_total,2009,862.971
hun,sex_m,geo_cov_urb,mts_aggregate_total,2010,862.318
hun,sex_m,geo_cov_urb,mts_aggregate_total,2011,854.536
hun,sex_m,geo_cov_urb,mts_aggregate_total,2012,985.25
hun,sex_m,geo_cov_urb,mts_aggregate_total,2013,966.823
hun,sex_m,geo_cov_urb,mts_aggregate_total,2014,933.493
hun,sex_m,geo_cov_urb,mts_aggregate_total,2015,901.724
hun,sex_m,geo_cov_urb,mts_aggregate_total,2016,869.532
hun,sex_m,geo_cov_urb,mts_aggregate_total,2017,906.038
hun,sex_m,geo_cov_urb,mts_aggregate_total,2018,905.44
hun,sex_m,geo_cov_urb,mts_aggregate_total,2019,885.484
hun,sex_m,geo_cov_urb,mts_aggregate_total,2020,886.046
hun,sex_t,geo_cov_nat,mts_aggregate_1,2001,2253.391
hun,sex_t,geo_cov_nat,mts_aggregate_1,2002,2305.871
hun,sex_t,geo_cov_nat,mts_aggregate_1,2003,2293.627
hun,sex_t,geo_cov_nat,mts_aggregate_1,2004,2332.238
hun,sex_t,geo_cov_nat,mts_aggregate_1,2005,2337.567
hun,sex_t,geo_cov_nat,mts_aggregate_1,2006,2319.28
hun,sex_t,geo_cov_nat,mts_aggregate_1,2007,2344.647
hun,sex_t,geo_cov_nat,mts_aggregate_1,2008,2383.764
hun,sex_t,geo_cov_nat,mts_aggregate_1,2009,2425.686
hun,sex_t,geo_cov_nat,mts_aggregate_1,2010,2433.255
hun,sex_t,geo_cov_nat,mts_aggregate_1,2011,2425.647
hun,sex_t,geo_cov_nat,mts_aggregate_1,2012,2408.508
hun,sex_t,geo_cov_nat,mts_aggregate_1,2013,2393.639
hun,sex_t,geo_cov_nat,mts_aggregate_1,2014,2296.898
hun,sex_t,geo_cov_nat,mts_aggregate_1,2015,2246.452
hun,sex_t,geo_cov_nat,mts_aggregate_1,2016,2193.028
hun,sex_t,geo_cov_nat,mts_aggregate_1,2017,2126.067
hun,sex_t,geo_cov_nat,mts_aggregate_1,2018,2130.137
hun,sex_t,geo_cov_nat,mts_aggregate_1,2019,2116.674
hun,sex_t,geo_cov_nat,mts_aggregate_1,2020,2075.146
hun,sex_t,geo_cov_nat,mts_aggregate_2,2001,2027.237
hun,sex_t,geo_cov_nat,mts_aggregate_2,2002,1973.098
hun,sex_t,geo_cov_nat,mts_aggregate_2,2003,1916.025
hun,sex_t,geo_cov_nat,mts_aggregate_2,2004,1888.882
hun,sex_t,geo_cov_nat,mts_aggregate_2,2005,1837.218
hun,sex_t,geo_cov_nat,mts_aggregate_2,2006,1817.561
hun,sex_t,geo_cov_nat,mts_aggregate_2,2007,1815.213
hun,sex_t,geo_cov_nat,mts_aggregate_2,2008,1806.14
hun,sex_t,geo_cov_nat,mts_aggregate_2,2009,1764.088
hun,sex_t,geo_cov_nat,mts_aggregate_2,2010,1711.198
hun,sex_t,geo_cov_nat,mts_aggregate_2,2011,1686.403
hun,sex_t,geo_cov_nat,mts_aggregate_2,2012,1615.499
hun,sex_t,geo_cov_nat,mts_aggregate_2,2013,1578.005
hun,sex_t,geo_cov_nat,mts_aggregate_2,2014,1537.802
hun,sex_t,geo_cov_nat,mts_aggregate_2,2015,1486.813
hun,sex_t,geo_cov_nat,mts_aggregate_2,2016,1455.126
hun,sex_t,geo_cov_nat,mts_aggregate_2,2017,1458.406
hun,sex_t,geo_cov_nat,mts_aggregate_2,2018,1409.967
hun,sex_t,geo_cov_nat,mts_aggregate_2,2019,1393.514
hun,sex_t,geo_cov_nat,mts_aggregate_2,2020,1453.48
hun,sex_t,geo_cov_nat,mts_aggregate_total,2001,4280.628
hun,sex_t,geo_cov_nat,mts_aggregate_total,2002,4278.969
hun,sex_t,geo_cov_nat,mts_aggregate_total,2003,4209.652
hun,sex_t,geo_cov_nat,mts_aggregate_total,2004,4221.12
hun,sex_t,geo_cov_nat,mts_aggregate_total,2005,4174.785
hun,sex_t,geo_cov_nat,mts_aggregate_total,2006,4136.841
hun,sex_t,geo_cov_nat,mts_aggregate_total,2007,4159.86
hun,sex_t,geo_cov_nat,mts_aggregate_total,2008,4189.904
hun,sex_t,geo_cov_nat,mts_aggregate_total,2009,4189.774
hun,sex_t,geo_cov_nat,mts_aggregate_total,2010,4144.453
hun,sex_t,geo_cov_nat,mts_aggregate_total,2011,4112.05
hun,sex_t,geo_cov_nat,mts_aggregate_total,2012,4024.007
hun,sex_t,geo_cov_nat,mts_aggregate_total,2013,3971.643
hun,sex_t,geo_cov_nat,mts_aggregate_total,2014,3834.7
hun,sex_t,geo_cov_nat,mts_aggregate_total,2015,3733.265
hun,sex_t,geo_cov_nat,mts_aggregate_total,2016,3648.155
hun,sex_t,geo_cov_nat,mts_aggregate_total,2017,3584.473
hun,sex_t,geo_cov_nat,mts_aggregate_total,2018,3540.104
hun,sex_t,geo_cov_nat,mts_aggregate_total,2019,3510.189
hun,sex_t,geo_cov_nat,mts_aggregate_total,2020,3528.626
hun,sex_t,geo_cov_rur,mts_aggregate_1,2001,1049.361
hun,sex_t,geo_cov_rur,mts_aggregate_1,2002,1084.136
hun,sex_t,geo_cov_rur,mts_aggregate_1,2003,1009.814
hun,sex_t,geo_cov_rur,mts_aggregate_1,2004,1038.753
hun,sex_t,geo_cov_rur,mts_aggregate_1,2005,1045.792
hun,sex_t,geo_cov_rur,mts_aggregate_1,2006,1035.255
hun,sex_t,geo_cov_rur,mts_aggregate_1,2007,1072.251
hun,sex_t,geo_cov_rur,mts_aggregate_1,2008,1092.389
hun,sex_t,geo_cov_rur,mts_aggregate_1,2009,1104.211
hun,sex_t,geo_cov_rur,mts_aggregate_1,2010,1109.34
hun,sex_t,geo_cov_rur,mts_aggregate_1,2011,1114.491
hun,sex_t,geo_cov_rur,mts_aggregate_1,2012,889.532
hun,sex_t,geo_cov_rur,mts_aggregate_1,2013,876.04
hun,sex_t,geo_cov_rur,mts_aggregate_1,2014,835.158
hun,sex_t,geo_cov_rur,mts_aggregate_1,2015,817.059
hun,sex_t,geo_cov_rur,mts_aggregate_1,2016,802.127
hun,sex_t,geo_cov_rur,mts_aggregate_1,2017,680.882
hun,sex_t,geo_cov_rur,mts_aggregate_1,2018,658.178
hun,sex_t,geo_cov_rur,mts_aggregate_1,2019,652.425
hun,sex_t,geo_cov_rur,mts_aggregate_1,2020,642.549
hun,sex_t,geo_cov_rur,mts_aggregate_2,2001,1025.778
hun,sex_t,geo_cov_rur,mts_aggregate_2,2002,1000.437
hun,sex_t,geo_cov_rur,mts_aggregate_2,2003,893.766
hun,sex_t,geo_cov_rur,mts_aggregate_2,2004,892.939
hun,sex_t,geo_cov_rur,mts_aggregate_2,2005,879.355
hun,sex_t,geo_cov_rur,mts_aggregate_2,2006,844.829
hun,sex_t,geo_cov_rur,mts_aggregate_2,2007,870.483
hun,sex_t,geo_cov_rur,mts_aggregate_2,2008,869.019
hun,sex_t,geo_cov_rur,mts_aggregate_2,2009,843.797
hun,sex_t,geo_cov_rur,mts_aggregate_2,2010,807.836
hun,sex_t,geo_cov_rur,mts_aggregate_2,2011,784.924
hun,sex_t,geo_cov_rur,mts_aggregate_2,2012,588.661
hun,sex_t,geo_cov_rur,mts_aggregate_2,2013,571.402
hun,sex_t,geo_cov_rur,mts_aggregate_2,2014,541.62
hun,sex_t,geo_cov_rur,mts_aggregate_2,2015,523.082
hun,sex_t,geo_cov_rur,mts_aggregate_2,2016,511.098
hun,sex_t,geo_cov_rur,mts_aggregate_2,2017,444.953
hun,sex_t,geo_cov_rur,mts_aggregate_2,2018,426.807
hun,sex_t,geo_cov_rur,mts_aggregate_2,2019,430.107
hun,sex_t,geo_cov_rur,mts_aggregate_2,2020,451.019
hun,sex_t,geo_cov_rur,mts_aggregate_total,2001,2075.139
hun,sex_t,geo_cov_rur,mts_aggregate_total,2002,2084.573
hun,sex_t,geo_cov_rur,mts_aggregate_total,2003,1903.579
hun,sex_t,geo_cov_rur,mts_aggregate_total,2004,1931.692
hun,sex_t,geo_cov_rur,mts_aggregate_total,2005,1925.147
hun,sex_t,geo_cov_rur,mts_aggregate_total,2006,1880.083
hun,sex_t,geo_cov_rur,mts_aggregate_total,2007,1942.734
hun,sex_t,geo_cov_rur,mts_aggregate_total,2008,1961.409
hun,sex_t,geo_cov_rur,mts_aggregate_total,2009,1948.008
hun,sex_t,geo_cov_rur,mts_aggregate_total,2010,1917.175
hun,sex_t,geo_cov_rur,mts_aggregate_total,2011,1899.415
hun,sex_t,geo_cov_rur,mts_aggregate_total,2012,1478.193
hun,sex_t,geo_cov_rur,mts_aggregate_total,2013,1447.441
hun,sex_t,geo_cov_rur,mts_aggregate_total,2014,1376.778
hun,sex_t,geo_cov_rur,mts_aggregate_total,2015,1340.141
hun,sex_t,geo_cov_rur,mts_aggregate_total,2016,1313.225
hun,sex_t,geo_cov_rur,mts_aggregate_total,2017,1125.835
hun,sex_t,geo_cov_rur,mts_aggregate_total,2018,1084.985
hun,sex_t,geo_cov_rur,mts_aggregate_total,2019,1082.533
hun,sex_t,geo_cov_rur,mts_aggregate_total,2020,1093.568
hun,sex_t,geo_cov_urb,mts_aggregate_1,2001,1204.03
hun,sex_t,geo_cov_urb,mts_aggregate_1,2002,1221.736
hun,sex_t,geo_cov_urb,mts_aggregate_1,2003,1283.813
hun,sex_t,geo_cov_urb,mts_aggregate_1,2004,1293.486
hun,sex_t,geo_cov_urb,mts_aggregate_1,2005,1291.776
hun,sex_t,geo_cov_urb,mts_aggregate_1,2006,1284.025
hun,sex_t,geo_cov_urb,mts_aggregate_1,2007,1272.396
hun,sex_t,geo_cov_urb,mts_aggregate_1,2008,1291.374
hun,sex_t,geo_cov_urb,mts_aggregate_1,2009,1321.475
hun,sex_t,geo_cov_urb,mts_aggregate_1,2010,1323.915
hun,sex_t,geo_cov_urb,mts_aggregate_1,2011,1311.156
hun,sex_t,geo_cov_urb,mts_aggregate_1,2012,1518.976
hun,sex_t,geo_cov_urb,mts_aggregate_1,2013,1517.599
hun,sex_t,geo_cov_urb,mts_aggregate_1,2014,1461.74
hun,sex_t,geo_cov_urb,mts_aggregate_1,2015,1429.392
hun,sex_t,geo_cov_urb,mts_aggregate_1,2016,1390.902
hun,sex_t,geo_cov_urb,mts_aggregate_1,2017,1445.185
hun,sex_t,geo_cov_urb,mts_aggregate_1,2018,1471.959
hun,sex_t,geo_cov_urb,mts_aggregate_1,2019,1464.249
hun,sex_t,geo_cov_urb,mts_aggregate_1,2020,1432.597
hun,sex_t,geo_cov_urb,mts_aggregate_2,2001,1001.459
hun,sex_t,geo_cov_urb,mts_aggregate_2,2002,972.661
hun,sex_t,geo_cov_urb,mts_aggregate_2,2003,1022.259
hun,sex_t,geo_cov_urb,mts_aggregate_2,2004,995.943
hun,sex_t,geo_cov_urb,mts_aggregate_2,2005,957.863
hun,sex_t,geo_cov_urb,mts_aggregate_2,2006,972.733
hun,sex_t,geo_cov_urb,mts_aggregate_2,2007,944.73
hun,sex_t,geo_cov_urb,mts_aggregate_2,2008,937.121
hun,sex_t,geo_cov_urb,mts_aggregate_2,2009,920.291
hun,sex_t,geo_cov_urb,mts_aggregate_2,2010,903.363
hun,sex_t,geo_cov_urb,mts_aggregate_2,2011,901.479
hun,sex_t,geo_cov_urb,mts_aggregate_2,2012,1026.838
hun,sex_t,geo_cov_urb,mts_aggregate_2,2013,1006.603
hun,sex_t,geo_cov_urb,mts_aggregate_2,2014,996.183
hun,sex_t,geo_cov_urb,mts_aggregate_2,2015,963.731
hun,sex_t,geo_cov_urb,mts_aggregate_2,2016,944.028
hun,sex_t,geo_cov_urb,mts_aggregate_2,2017,1013.453
hun,sex_t,geo_cov_urb,mts_aggregate_2,2018,983.161
hun,sex_t,geo_cov_urb,mts_aggregate_2,2019,963.407
hun,sex_t,geo_cov_urb,mts_aggregate_2,2020,1002.461
hun,sex_t,geo_cov_urb,mts_aggregate_total,2001,2205.489
hun,sex_t,geo_cov_urb,mts_aggregate_total,2002,2194.396
hun,sex_t,geo_cov_urb,mts_aggregate_total,2003,2306.073
hun,sex_t,geo_cov_urb,mts_aggregate_total,2004,2289.429
hun,sex_t,geo_cov_urb,mts_aggregate_total,2005,2249.639
hun,sex_t,geo_cov_urb,mts_aggregate_total,2006,2256.758
hun,sex_t,geo_cov_urb,mts_aggregate_total,2007,2217.126
hun,sex_t,geo_cov_urb,mts_aggregate_total,2008,2228.495
hun,sex_t,geo_cov_urb,mts_aggregate_total,2009,2241.766
hun,sex_t,geo_cov_urb,mts_aggregate_total,2010,2227.278
hun,sex_t,geo_cov_urb,mts_aggregate_total,2011,2212.635
hun,sex_t,geo_cov_urb,mts_aggregate_total,2012,2545.814
hun,sex_t,geo_cov_urb,mts_aggregate_total,2013,2524.202
hun,sex_t,geo_cov_urb,mts_aggregate_total,2014,2457.923
hun,sex_t,geo_cov_urb,mts_aggregate_total,2015,2393.123
hun,sex_t,geo_cov_urb,mts_aggregate_total,2016,2334.93
hun,sex_t,geo_cov_urb,mts_aggregate_total,2017,2458.637
hun,sex_t,geo_cov_urb,mts_aggregate_total,2018,2455.119
hun,sex_t,geo_cov_urb,mts_aggregate_total,2019,2427.656
hun,sex_t,geo_cov_urb,mts_aggregate_total,2020,2435.058
idn,sex_f,geo_cov_nat,mts_aggregate_1,1996,11922.039
idn,sex_f,geo_cov_nat,mts_aggregate_1,1997,12327.084
idn,sex_f,geo_cov_nat,mts_aggregate_1,1998,13011.682
idn,sex_f,geo_cov_nat,mts_aggregate_1,1999,12876.433
idn,sex_f,geo_cov_nat,mts_aggregate_1,2000,12091.996
idn,sex_f,geo_cov_nat,mts_aggregate_1,2001,12513.007
idn,sex_f,geo_cov_nat,mts_aggregate_1,2002,12658.646
idn,sex_f,geo_cov_nat,mts_aggregate_1,2003,12988.528
idn,sex_f,geo_cov_nat,mts_aggregate_1,2004,13169.888
idn,sex_f,geo_cov_nat,mts_aggregate_1,2005,14891.445
idn,sex_f,geo_cov_nat,mts_aggregate_1,2006,14719.129
idn,sex_f,geo_cov_nat,mts_aggregate_1,2007,14548.882
idn,sex_f,geo_cov_nat,mts_aggregate_1,2008,15226.072
idn,sex_f,geo_cov_nat,mts_aggregate_1,2009,15610.813
idn,sex_f,geo_cov_nat,mts_aggregate_1,2010,15924.817
idn,sex_f,geo_cov_nat,mts_aggregate_1,2011,15687.183
idn,sex_f,geo_cov_nat,mts_aggregate_1,2012,15925.93
idn,sex_f,geo_cov_nat,mts_aggregate_1,2013,16374.818
idn,sex_f,geo_cov_nat,mts_aggregate_1,2014,16883.929
idn,sex_f,geo_cov_nat,mts_aggregate_1,2015,17047.83
idn,sex_f,geo_cov_nat,mts_aggregate_1,2016,17438.287
idn,sex_f,geo_cov_nat,mts_aggregate_1,2017,17505.035
idn,sex_f,geo_cov_nat,mts_aggregate_1,2018,18082.381
idn,sex_f,geo_cov_nat,mts_aggregate_1,2019,17757.188
idn,sex_f,geo_cov_nat,mts_aggregate_1,2020,18486.2
idn,sex_f,geo_cov_nat,mts_aggregate_1,2021,19691.528
idn,sex_f,geo_cov_nat,mts_aggregate_2,1996,21085.903
idn,sex_f,geo_cov_nat,mts_aggregate_2,1997,22113.205
idn,sex_f,geo_cov_nat,mts_aggregate_2,1998,21339.826
idn,sex_f,geo_cov_nat,mts_aggregate_2,1999,21883.44
idn,sex_f,geo_cov_nat,mts_aggregate_2,2000,22369.771
idn,sex_f,geo_cov_nat,mts_aggregate_2,2001,23843.603
idn,sex_f,geo_cov_nat,mts_aggregate_2,2002,26200.032
idn,sex_f,geo_cov_nat,mts_aggregate_2,2003,26687.554
idn,sex_f,geo_cov_nat,mts_aggregate_2,2004,27650.029
idn,sex_f,geo_cov_nat,mts_aggregate_2,2005,27702.893
idn,sex_f,geo_cov_nat,mts_aggregate_2,2006,28743.686
idn,sex_f,geo_cov_nat,mts_aggregate_2,2007,26663.496
idn,sex_f,geo_cov_nat,mts_aggregate_2,2008,26205.04
idn,sex_f,geo_cov_nat,mts_aggregate_2,2009,26570.101
idn,sex_f,geo_cov_nat,mts_aggregate_2,2010,26305.027
idn,sex_f,geo_cov_nat,mts_aggregate_2,2011,26794.71
idn,sex_f,geo_cov_nat,mts_aggregate_2,2012,26958.998
idn,sex_f,geo_cov_nat,mts_aggregate_2,2013,27869.512
idn,sex_f,geo_cov_nat,mts_aggregate_2,2014,28166.196
idn,sex_f,geo_cov_nat,mts_aggregate_2,2015,28680.053
idn,sex_f,geo_cov_nat,mts_aggregate_2,2016,28854.055
idn,sex_f,geo_cov_nat,mts_aggregate_2,2017,28559.224
idn,sex_f,geo_cov_nat,mts_aggregate_2,2018,27862.997
idn,sex_f,geo_cov_nat,mts_aggregate_2,2019,28432.754
idn,sex_f,geo_cov_nat,mts_aggregate_2,2020,29116.705
idn,sex_f,geo_cov_nat,mts_aggregate_2,2021,29731.328
idn,sex_f,geo_cov_nat,mts_aggregate_total,1996,33007.942
idn,sex_f,geo_cov_nat,mts_aggregate_total,1997,34440.289
idn,sex_f,geo_cov_nat,mts_aggregate_total,1998,34351.508
idn,sex_f,geo_cov_nat,mts_aggregate_total,1999,34759.873
idn,sex_f,geo_cov_nat,mts_aggregate_total,2000,34461.767
idn,sex_f,geo_cov_nat,mts_aggregate_total,2001,36356.61
idn,sex_f,geo_cov_nat,mts_aggregate_total,2002,38858.678
idn,sex_f,geo_cov_nat,mts_aggregate_total,2003,39676.082
idn,sex_f,geo_cov_nat,mts_aggregate_total,2004,40819.917
idn,sex_f,geo_cov_nat,mts_aggregate_total,2005,42594.338
idn,sex_f,geo_cov_nat,mts_aggregate_total,2006,43462.815
idn,sex_f,geo_cov_nat,mts_aggregate_total,2007,41212.378
idn,sex_f,geo_cov_nat,mts_aggregate_total,2008,41431.112
idn,sex_f,geo_cov_nat,mts_aggregate_total,2009,42180.914
idn,sex_f,geo_cov_nat,mts_aggregate_total,2010,42229.843
idn,sex_f,geo_cov_nat,mts_aggregate_total,2011,42481.893
idn,sex_f,geo_cov_nat,mts_aggregate_total,2012,42884.928
idn,sex_f,geo_cov_nat,mts_aggregate_total,2013,44244.329
idn,sex_f,geo_cov_nat,mts_aggregate_total,2014,45050.125
idn,sex_f,geo_cov_nat,mts_aggregate_total,2015,45727.883
idn,sex_f,geo_cov_nat,mts_aggregate_total,2016,46292.342
idn,sex_f,geo_cov_nat,mts_aggregate_total,2017,46064.259
idn,sex_f,geo_cov_nat,mts_aggregate_total,2018,45945.378
idn,sex_f,geo_cov_nat,mts_aggregate_total,2019,46189.942
idn,sex_f,geo_cov_nat,mts_aggregate_total,2020,47602.905
idn,sex_f,geo_cov_nat,mts_aggregate_total,2021,49422.856
idn,sex_f,geo_cov_nat,mts_details_mrd,1996,21085.903
idn,sex_f,geo_cov_nat,mts_details_mrd,1997,22113.205
idn,sex_f,geo_cov_nat,mts_details_mrd,1998,21339.826
idn,sex_f,geo_cov_nat,mts_details_mrd,1999,21883.44
idn,sex_f,geo_cov_nat,mts_details_mrd,2000,22369.771
idn,sex_f,geo_cov_nat,mts_details_mrd,2001,23843.603
idn,sex_f,geo_cov_nat,mts_details_mrd,2002,26200.032
idn,sex_f,geo_cov_nat,mts_details_mrd,2003,26687.554
idn,sex_f,geo_cov_nat,mts_details_mrd,2004,27650.029
idn,sex_f,geo_cov_nat,mts_details_mrd,2005,27702.893
idn,sex_f,geo_cov_nat,mts_details_mrd,2006,28743.686
idn,sex_f,geo_cov_nat,mts_details_mrd,2007,26663.496
idn,sex_f,geo_cov_nat,mts_details_mrd,2008,26205.04
idn,sex_f,geo_cov_nat,mts_details_mrd,2009,26570.101
idn,sex_f,geo_cov_nat,mts_details_mrd,2010,26305.027
idn,sex_f,geo_cov_nat,mts_details_mrd,2011,26794.71
idn,sex_f,geo_cov_nat,mts_details_mrd,2012,26958.998
idn,sex_f,geo_cov_nat,mts_details_mrd,2013,27869.512
idn,sex_f,geo_cov_nat,mts_details_mrd,2014,28166.196
idn,sex_f,geo_cov_nat,mts_details_mrd,2015,28680.053
idn,sex_f,geo_cov_nat,mts_details_mrd,2016,28854.055
idn,sex_f,geo_cov_nat,mts_details_mrd,2017,28559.224
idn,sex_f,geo_cov_nat,mts_details_mrd,2018,27862.997
idn,sex_f,geo_cov_nat,mts_details_mrd,2019,28432.754
idn,sex_f,geo_cov_nat,mts_details_mrd,2020,29116.705
idn,sex_f,geo_cov_nat,mts_details_mrd,2021,29731.328
idn,sex_f,geo_cov_nat,mts_details_sep,1996,559.831
idn,sex_f,geo_cov_nat,mts_details_sep,1997,594.814
idn,sex_f,geo_cov_nat,mts_details_sep,1998,593.837
idn,sex_f,geo_cov_nat,mts_details_sep,1999,577.711
idn,sex_f,geo_cov_nat,mts_details_sep,2000,464.179
idn,sex_f,geo_cov_nat,mts_details_sep,2001,501.63
idn,sex_f,geo_cov_nat,mts_details_sep,2002,503.052
idn,sex_f,geo_cov_nat,mts_details_sep,2003,463.975
idn,sex_f,geo_cov_nat,mts_details_sep,2004,495.521
idn,sex_f,geo_cov_nat,mts_details_sep,2005,546.473
idn,sex_f,geo_cov_nat,mts_details_sep,2006,585.272
idn,sex_f,geo_cov_nat,mts_details_sep,2007,627.864
idn,sex_f,geo_cov_nat,mts_details_sep,2008,722.006
idn,sex_f,geo_cov_nat,mts_details_sep,2009,689.569
idn,sex_f,geo_cov_nat,mts_details_sep,2010,672.956
idn,sex_f,geo_cov_nat,mts_details_sep,2011,683.599
idn,sex_f,geo_cov_nat,mts_details_sep,2012,635.941
idn,sex_f,geo_cov_nat,mts_details_sep,2013,630.827
idn,sex_f,geo_cov_nat,mts_details_sep,2014,660.56
idn,sex_f,geo_cov_nat,mts_details_sep,2015,722.483
idn,sex_f,geo_cov_nat,mts_details_sep,2016,755.928
idn,sex_f,geo_cov_nat,mts_details_sep,2017,862.614
idn,sex_f,geo_cov_nat,mts_details_sep,2018,874.02
idn,sex_f,geo_cov_nat,mts_details_sep,2019,766.09
idn,sex_f,geo_cov_nat,mts_details_sep,2020,807.934
idn,sex_f,geo_cov_nat,mts_details_sep,2021,933.256
idn,sex_f,geo_cov_nat,mts_details_sgle,1996,7609.164
idn,sex_f,geo_cov_nat,mts_details_sgle,1997,7870.762
idn,sex_f,geo_cov_nat,mts_details_sgle,1998,8567.917
idn,sex_f,geo_cov_nat,mts_details_sgle,1999,8274.275
idn,sex_f,geo_cov_nat,mts_details_sgle,2000,7718.892
idn,sex_f,geo_cov_nat,mts_details_sgle,2001,8146.947
idn,sex_f,geo_cov_nat,mts_details_sgle,2002,8110.613
idn,sex_f,geo_cov_nat,mts_details_sgle,2003,8431.74
idn,sex_f,geo_cov_nat,mts_details_sgle,2004,8309.604
idn,sex_f,geo_cov_nat,mts_details_sgle,2005,9849.393
idn,sex_f,geo_cov_nat,mts_details_sgle,2006,9530.728
idn,sex_f,geo_cov_nat,mts_details_sgle,2007,9248.167
idn,sex_f,geo_cov_nat,mts_details_sgle,2008,9448.416
idn,sex_f,geo_cov_nat,mts_details_sgle,2009,9902.528
idn,sex_f,geo_cov_nat,mts_details_sgle,2010,10216.994
idn,sex_f,geo_cov_nat,mts_details_sgle,2011,9637.398
idn,sex_f,geo_cov_nat,mts_details_sgle,2012,9915.581
idn,sex_f,geo_cov_nat,mts_details_sgle,2013,10287.686
idn,sex_f,geo_cov_nat,mts_details_sgle,2014,10637.02
idn,sex_f,geo_cov_nat,mts_details_sgle,2015,10591.766
idn,sex_f,geo_cov_nat,mts_details_sgle,2016,10789.757
idn,sex_f,geo_cov_nat,mts_details_sgle,2017,10666.537
idn,sex_f,geo_cov_nat,mts_details_sgle,2018,11043.168
idn,sex_f,geo_cov_nat,mts_details_sgle,2019,10720.641
idn,sex_f,geo_cov_nat,mts_details_sgle,2020,11234.966
idn,sex_f,geo_cov_nat,mts_details_sgle,2021,11936.202
idn,sex_f,geo_cov_nat,mts_details_total,1996,33007.942
idn,sex_f,geo_cov_nat,mts_details_total,1997,34440.289
idn,sex_f,geo_cov_nat,mts_details_total,1998,34351.508
idn,sex_f,geo_cov_nat,mts_details_total,1999,34759.873
idn,sex_f,geo_cov_nat,mts_details_total,2000,34461.767
idn,sex_f,geo_cov_nat,mts_details_total,2001,36356.61
idn,sex_f,geo_cov_nat,mts_details_total,2002,38858.678
idn,sex_f,geo_cov_nat,mts_details_total,2003,39676.082
idn,sex_f,geo_cov_nat,mts_details_total,2004,40819.917
idn,sex_f,geo_cov_nat,mts_details_total,2005,42594.338
idn,sex_f,geo_cov_nat,mts_details_total,2006,43462.815
idn,sex_f,geo_cov_nat,mts_details_total,2007,41212.378
idn,sex_f,geo_cov_nat,mts_details_total,2008,41431.112
idn,sex_f,geo_cov_nat,mts_details_total,2009,42180.914
idn,sex_f,geo_cov_nat,mts_details_total,2010,42229.843
idn,sex_f,geo_cov_nat,mts_details_total,2011,42481.893
idn,sex_f,geo_cov_nat,mts_details_total,2012,42884.928
idn,sex_f,geo_cov_nat,mts_details_total,2013,44244.329
idn,sex_f,geo_cov_nat,mts_details_total,2014,45050.125
idn,sex_f,geo_cov_nat,mts_details_total,2015,45727.883
idn,sex_f,geo_cov_nat,mts_details_total,2016,46292.342
idn,sex_f,geo_cov_nat,mts_details_total,2017,46064.259
idn,sex_f,geo_cov_nat,mts_details_total,2018,45945.378
idn,sex_f,geo_cov_nat,mts_details_total,2019,46189.942
idn,sex_f,geo_cov_nat,mts_details_total,2020,47602.905
idn,sex_f,geo_cov_nat,mts_details_total,2021,49422.856
idn,sex_f,geo_cov_nat,mts_details_wid,1996,3753.044
idn,sex_f,geo_cov_nat,mts_details_wid,1997,3861.508
idn,sex_f,geo_cov_nat,mts_details_wid,1998,3849.928
idn,sex_f,geo_cov_nat,mts_details_wid,1999,4024.447
idn,sex_f,geo_cov_nat,mts_details_wid,2000,3908.925
idn,sex_f,geo_cov_nat,mts_details_wid,2001,3864.43
idn,sex_f,geo_cov_nat,mts_details_wid,2002,4044.981
idn,sex_f,geo_cov_nat,mts_details_wid,2003,4092.813
idn,sex_f,geo_cov_nat,mts_details_wid,2004,4364.763
idn,sex_f,geo_cov_nat,mts_details_wid,2005,4495.579
idn,sex_f,geo_cov_nat,mts_details_wid,2006,4603.129
idn,sex_f,geo_cov_nat,mts_details_wid,2007,4672.851
idn,sex_f,geo_cov_nat,mts_details_wid,2008,5055.65
idn,sex_f,geo_cov_nat,mts_details_wid,2009,5018.716
idn,sex_f,geo_cov_nat,mts_details_wid,2010,5034.867
idn,sex_f,geo_cov_nat,mts_details_wid,2011,5366.186
idn,sex_f,geo_cov_nat,mts_details_wid,2012,5374.409
idn,sex_f,geo_cov_nat,mts_details_wid,2013,5456.305
idn,sex_f,geo_cov_nat,mts_details_wid,2014,5586.35
idn,sex_f,geo_cov_nat,mts_details_wid,2015,5733.582
idn,sex_f,geo_cov_nat,mts_details_wid,2016,5892.602
idn,sex_f,geo_cov_nat,mts_details_wid,2017,5975.884
idn,sex_f,geo_cov_nat,mts_details_wid,2018,6165.194
idn,sex_f,geo_cov_nat,mts_details_wid,2019,6270.458
idn,sex_f,geo_cov_nat,mts_details_wid,2020,6443.301
idn,sex_f,geo_cov_nat,mts_details_wid,2021,6822.071
idn,sex_f,geo_cov_rur,mts_aggregate_1,1996,6235.33
idn,sex_f,geo_cov_rur,mts_aggregate_1,1997,6369.724
idn,sex_f,geo_cov_rur,mts_aggregate_1,1998,6534.949
idn,sex_f,geo_cov_rur,mts_aggregate_1,1999,6536.365
idn,sex_f,geo_cov_rur,mts_aggregate_1,2000,5868.964
idn,sex_f,geo_cov_rur,mts_aggregate_1,2001,5941.04
idn,sex_f,geo_cov_rur,mts_aggregate_1,2002,6064.973
idn,sex_f,geo_cov_rur,mts_aggregate_1,2003,6423.076
idn,sex_f,geo_cov_rur,mts_aggregate_1,2004,6491.589
idn,sex_f,geo_cov_rur,mts_aggregate_1,2005,7680.853
idn,sex_f,geo_cov_rur,mts_aggregate_1,2006,7556.468
idn,sex_f,geo_cov_rur,mts_aggregate_1,2007,7464.353
idn,sex_f,geo_cov_rur,mts_aggregate_1,2008,7952.86
idn,sex_f,geo_cov_rur,mts_aggregate_1,2009,8176.615
idn,sex_f,geo_cov_rur,mts_aggregate_1,2010,8449.003
idn,sex_f,geo_cov_rur,mts_aggregate_1,2011,7376.6
idn,sex_f,geo_cov_rur,mts_aggregate_1,2012,7432.551
idn,sex_f,geo_cov_rur,mts_aggregate_1,2013,7547.667
idn,sex_f,geo_cov_rur,mts_aggregate_1,2014,7815.071
idn,sex_f,geo_cov_rur,mts_aggregate_1,2015,7208.098
idn,sex_f,geo_cov_rur,mts_aggregate_1,2016,7415.841
idn,sex_f,geo_cov_rur,mts_aggregate_1,2017,7143.07
idn,sex_f,geo_cov_rur,mts_aggregate_1,2018,7322.934
idn,sex_f,geo_cov_rur,mts_aggregate_1,2019,7224.669
idn,sex_f,geo_cov_rur,mts_aggregate_1,2020,7450.662
idn,sex_f,geo_cov_rur,mts_aggregate_1,2021,7749.66
idn,sex_f,geo_cov_rur,mts_aggregate_2,1996,11914.598
idn,sex_f,geo_cov_rur,mts_aggregate_2,1997,12662.136
idn,sex_f,geo_cov_rur,mts_aggregate_2,1998,11565.128
idn,sex_f,geo_cov_rur,mts_aggregate_2,1999,11843.605
idn,sex_f,geo_cov_rur,mts_aggregate_2,2000,11160.596
idn,sex_f,geo_cov_rur,mts_aggregate_2,2001,12070.997
idn,sex_f,geo_cov_rur,mts_aggregate_2,2002,13148.905
idn,sex_f,geo_cov_rur,mts_aggregate_2,2003,13879.362
idn,sex_f,geo_cov_rur,mts_aggregate_2,2004,14259.829
idn,sex_f,geo_cov_rur,mts_aggregate_2,2005,14510.775
idn,sex_f,geo_cov_rur,mts_aggregate_2,2006,15443.471
idn,sex_f,geo_cov_rur,mts_aggregate_2,2007,14024.143
idn,sex_f,geo_cov_rur,mts_aggregate_2,2008,14034.79
idn,sex_f,geo_cov_rur,mts_aggregate_2,2009,14214.22
idn,sex_f,geo_cov_rur,mts_aggregate_2,2010,14125.023
idn,sex_f,geo_cov_rur,mts_aggregate_2,2011,12593.183
idn,sex_f,geo_cov_rur,mts_aggregate_2,2012,12711.325
idn,sex_f,geo_cov_rur,mts_aggregate_2,2013,12978.173
idn,sex_f,geo_cov_rur,mts_aggregate_2,2014,13324.064
idn,sex_f,geo_cov_rur,mts_aggregate_2,2015,12410.48
idn,sex_f,geo_cov_rur,mts_aggregate_2,2016,12709.505
idn,sex_f,geo_cov_rur,mts_aggregate_2,2017,12455.109
idn,sex_f,geo_cov_rur,mts_aggregate_2,2018,11873.086
idn,sex_f,geo_cov_rur,mts_aggregate_2,2019,11969.623
idn,sex_f,geo_cov_rur,mts_aggregate_2,2020,11955.305
idn,sex_f,geo_cov_rur,mts_aggregate_2,2021,11998.985
idn,sex_f,geo_cov_rur,mts_aggregate_total,1996,18149.928
idn,sex_f,geo_cov_rur,mts_aggregate_total,1997,19031.86
idn,sex_f,geo_cov_rur,mts_aggregate_total,1998,18100.077
idn,sex_f,geo_cov_rur,mts_aggregate_total,1999,18379.97
idn,sex_f,geo_cov_rur,mts_aggregate_total,2000,17029.56
idn,sex_f,geo_cov_rur,mts_aggregate_total,2001,18012.037
idn,sex_f,geo_cov_rur,mts_aggregate_total,2002,19213.878
idn,sex_f,geo_cov_rur,mts_aggregate_total,2003,20302.438
idn,sex_f,geo_cov_rur,mts_aggregate_total,2004,20751.418
idn,sex_f,geo_cov_rur,mts_aggregate_total,2005,22191.628
idn,sex_f,geo_cov_rur,mts_aggregate_total,2006,22999.939
idn,sex_f,geo_cov_rur,mts_aggregate_total,2007,21488.496
idn,sex_f,geo_cov_rur,mts_aggregate_total,2008,21987.65
idn,sex_f,geo_cov_rur,mts_aggregate_total,2009,22390.835
idn,sex_f,geo_cov_rur,mts_aggregate_total,2010,22574.026
idn,sex_f,geo_cov_rur,mts_aggregate_total,2011,19969.783
idn,sex_f,geo_cov_rur,mts_aggregate_total,2012,20143.876
idn,sex_f,geo_cov_rur,mts_aggregate_total,2013,20525.84
idn,sex_f,geo_cov_rur,mts_aggregate_total,2014,21139.135
idn,sex_f,geo_cov_rur,mts_aggregate_total,2015,19618.577
idn,sex_f,geo_cov_rur,mts_aggregate_total,2016,20125.346
idn,sex_f,geo_cov_rur,mts_aggregate_total,2017,19598.179
idn,sex_f,geo_cov_rur,mts_aggregate_total,2018,19196.02
idn,sex_f,geo_cov_rur,mts_aggregate_total,2019,19194.291
idn,sex_f,geo_cov_rur,mts_aggregate_total,2020,19405.966
idn,sex_f,geo_cov_rur,mts_aggregate_total,2021,19748.645
idn,sex_f,geo_cov_rur,mts_details_mrd,1996,11914.598
idn,sex_f,geo_cov_rur,mts_details_mrd,1997,12662.136
idn,sex_f,geo_cov_rur,mts_details_mrd,1998,11565.128
idn,sex_f,geo_cov_rur,mts_details_mrd,1999,11843.605
idn,sex_f,geo_cov_rur,mts_details_mrd,2000,11160.596
idn,sex_f,geo_cov_rur,mts_details_mrd,2001,12070.997
idn,sex_f,geo_cov_rur,mts_details_mrd,2002,13148.905
idn,sex_f,geo_cov_rur,mts_details_mrd,2003,13879.362
idn,sex_f,geo_cov_rur,mts_details_mrd,2004,14259.829
idn,sex_f,geo_cov_rur,mts_details_mrd,2005,14510.775
idn,sex_f,geo_cov_rur,mts_details_mrd,2006,15443.471
idn,sex_f,geo_cov_rur,mts_details_mrd,2007,14024.143
idn,sex_f,geo_cov_rur,mts_details_mrd,2008,14034.79
idn,sex_f,geo_cov_rur,mts_details_mrd,2009,14214.22
idn,sex_f,geo_cov_rur,mts_details_mrd,2010,14125.023
idn,sex_f,geo_cov_rur,mts_details_mrd,2011,12593.183
idn,sex_f,geo_cov_rur,mts_details_mrd,2012,12711.325
idn,sex_f,geo_cov_rur,mts_details_mrd,2013,12978.173
idn,sex_f,geo_cov_rur,mts_details_mrd,2014,13324.064
idn,sex_f,geo_cov_rur,mts_details_mrd,2015,12410.48
idn,sex_f,geo_cov_rur,mts_details_mrd,2016,12709.505
idn,sex_f,geo_cov_rur,mts_details_mrd,2017,12455.109
idn,sex_f,geo_cov_rur,mts_details_mrd,2018,11873.086
idn,sex_f,geo_cov_rur,mts_details_mrd,2019,11969.623
idn,sex_f,geo_cov_rur,mts_details_mrd,2020,11955.305
idn,sex_f,geo_cov_rur,mts_details_mrd,2021,11998.985
idn,sex_f,geo_cov_rur,mts_details_sep,1996,364.741
idn,sex_f,geo_cov_rur,mts_details_sep,1997,352.54
idn,sex_f,geo_cov_rur,mts_details_sep,1998,345.336
idn,sex_f,geo_cov_rur,mts_details_sep,1999,341.512
idn,sex_f,geo_cov_rur,mts_details_sep,2000,246.292
idn,sex_f,geo_cov_rur,mts_details_sep,2001,263.756
idn,sex_f,geo_cov_rur,mts_details_sep,2002,286.277
idn,sex_f,geo_cov_rur,mts_details_sep,2003,245.503
idn,sex_f,geo_cov_rur,mts_details_sep,2004,274.48
idn,sex_f,geo_cov_rur,mts_details_sep,2005,293.023
idn,sex_f,geo_cov_rur,mts_details_sep,2006,338.192
idn,sex_f,geo_cov_rur,mts_details_sep,2007,362.802
idn,sex_f,geo_cov_rur,mts_details_sep,2008,404.831
idn,sex_f,geo_cov_rur,mts_details_sep,2009,387.801
idn,sex_f,geo_cov_rur,mts_details_sep,2010,392.899
idn,sex_f,geo_cov_rur,mts_details_sep,2011,338.613
idn,sex_f,geo_cov_rur,mts_details_sep,2012,313.227
idn,sex_f,geo_cov_rur,mts_details_sep,2013,309.451
idn,sex_f,geo_cov_rur,mts_details_sep,2014,315.012
idn,sex_f,geo_cov_rur,mts_details_sep,2015,317.391
idn,sex_f,geo_cov_rur,mts_details_sep,2016,363.734
idn,sex_f,geo_cov_rur,mts_details_sep,2017,351.257
idn,sex_f,geo_cov_rur,mts_details_sep,2018,350.235
idn,sex_f,geo_cov_rur,mts_details_sep,2019,317.912
idn,sex_f,geo_cov_rur,mts_details_sep,2020,315.542
idn,sex_f,geo_cov_rur,mts_details_sep,2021,354.665
idn,sex_f,geo_cov_rur,mts_details_sgle,1996,3605.213
idn,sex_f,geo_cov_rur,mts_details_sgle,1997,3695.436
idn,sex_f,geo_cov_rur,mts_details_sgle,1998,3948.36
idn,sex_f,geo_cov_rur,mts_details_sgle,1999,3874.067
idn,sex_f,geo_cov_rur,mts_details_sgle,2000,3388.35
idn,sex_f,geo_cov_rur,mts_details_sgle,2001,3637.431
idn,sex_f,geo_cov_rur,mts_details_sgle,2002,3632.184
idn,sex_f,geo_cov_rur,mts_details_sgle,2003,3957.652
idn,sex_f,geo_cov_rur,mts_details_sgle,2004,3845.004
idn,sex_f,geo_cov_rur,mts_details_sgle,2005,4914.949
idn,sex_f,geo_cov_rur,mts_details_sgle,2006,4601.262
idn,sex_f,geo_cov_rur,mts_details_sgle,2007,4482.998
idn,sex_f,geo_cov_rur,mts_details_sgle,2008,4710.596
idn,sex_f,geo_cov_rur,mts_details_sgle,2009,4983.347
idn,sex_f,geo_cov_rur,mts_details_sgle,2010,5165.394
idn,sex_f,geo_cov_rur,mts_details_sgle,2011,4301.343
idn,sex_f,geo_cov_rur,mts_details_sgle,2012,4486.067
idn,sex_f,geo_cov_rur,mts_details_sgle,2013,4563.22
idn,sex_f,geo_cov_rur,mts_details_sgle,2014,4790.206
idn,sex_f,geo_cov_rur,mts_details_sgle,2015,4335.348
idn,sex_f,geo_cov_rur,mts_details_sgle,2016,4457.578
idn,sex_f,geo_cov_rur,mts_details_sgle,2017,4226.634
idn,sex_f,geo_cov_rur,mts_details_sgle,2018,4331.375
idn,sex_f,geo_cov_rur,mts_details_sgle,2019,4262.536
idn,sex_f,geo_cov_rur,mts_details_sgle,2020,4415.684
idn,sex_f,geo_cov_rur,mts_details_sgle,2021,4611.641
idn,sex_f,geo_cov_rur,mts_details_total,1996,18149.928
idn,sex_f,geo_cov_rur,mts_details_total,1997,19031.86
idn,sex_f,geo_cov_rur,mts_details_total,1998,18100.077
idn,sex_f,geo_cov_rur,mts_details_total,1999,18379.97
idn,sex_f,geo_cov_rur,mts_details_total,2000,17029.56
idn,sex_f,geo_cov_rur,mts_details_total,2001,18012.037
idn,sex_f,geo_cov_rur,mts_details_total,2002,19213.878
idn,sex_f,geo_cov_rur,mts_details_total,2003,20302.438
idn,sex_f,geo_cov_rur,mts_details_total,2004,20751.418
idn,sex_f,geo_cov_rur,mts_details_total,2005,22191.628
idn,sex_f,geo_cov_rur,mts_details_total,2006,22999.939
idn,sex_f,geo_cov_rur,mts_details_total,2007,21488.496
idn,sex_f,geo_cov_rur,mts_details_total,2008,21987.65
idn,sex_f,geo_cov_rur,mts_details_total,2009,22390.835
idn,sex_f,geo_cov_rur,mts_details_total,2010,22574.026
idn,sex_f,geo_cov_rur,mts_details_total,2011,19969.783
idn,sex_f,geo_cov_rur,mts_details_total,2012,20143.876
idn,sex_f,geo_cov_rur,mts_details_total,2013,20525.84
idn,sex_f,geo_cov_rur,mts_details_total,2014,21139.135
idn,sex_f,geo_cov_rur,mts_details_total,2015,19618.577
idn,sex_f,geo_cov_rur,mts_details_total,2016,20125.346
idn,sex_f,geo_cov_rur,mts_details_total,2017,19598.179
idn,sex_f,geo_cov_rur,mts_details_total,2018,19196.02
idn,sex_f,geo_cov_rur,mts_details_total,2019,19194.291
idn,sex_f,geo_cov_rur,mts_details_total,2020,19405.966
idn,sex_f,geo_cov_rur,mts_details_total,2021,19748.645
idn,sex_f,geo_cov_rur,mts_details_wid,1996,2265.376
idn,sex_f,geo_cov_rur,mts_details_wid,1997,2321.748
idn,sex_f,geo_cov_rur,mts_details_wid,1998,2241.253
idn,sex_f,geo_cov_rur,mts_details_wid,1999,2320.786
idn,sex_f,geo_cov_rur,mts_details_wid,2000,2234.322
idn,sex_f,geo_cov_rur,mts_details_wid,2001,2039.853
idn,sex_f,geo_cov_rur,mts_details_wid,2002,2146.512
idn,sex_f,geo_cov_rur,mts_details_wid,2003,2219.921
idn,sex_f,geo_cov_rur,mts_details_wid,2004,2372.105
idn,sex_f,geo_cov_rur,mts_details_wid,2005,2472.881
idn,sex_f,geo_cov_rur,mts_details_wid,2006,2617.014
idn,sex_f,geo_cov_rur,mts_details_wid,2007,2618.553
idn,sex_f,geo_cov_rur,mts_details_wid,2008,2837.434
idn,sex_f,geo_cov_rur,mts_details_wid,2009,2805.467
idn,sex_f,geo_cov_rur,mts_details_wid,2010,2890.711
idn,sex_f,geo_cov_rur,mts_details_wid,2011,2736.644
idn,sex_f,geo_cov_rur,mts_details_wid,2012,2633.257
idn,sex_f,geo_cov_rur,mts_details_wid,2013,2674.996
idn,sex_f,geo_cov_rur,mts_details_wid,2014,2709.854
idn,sex_f,geo_cov_rur,mts_details_wid,2015,2555.36
idn,sex_f,geo_cov_rur,mts_details_wid,2016,2594.529
idn,sex_f,geo_cov_rur,mts_details_wid,2017,2565.18
idn,sex_f,geo_cov_rur,mts_details_wid,2018,2641.325
idn,sex_f,geo_cov_rur,mts_details_wid,2019,2644.222
idn,sex_f,geo_cov_rur,mts_details_wid,2020,2719.436
idn,sex_f,geo_cov_rur,mts_details_wid,2021,2783.354
idn,sex_f,geo_cov_urb,mts_aggregate_1,1996,5686.709
idn,sex_f,geo_cov_urb,mts_aggregate_1,1997,5957.36
idn,sex_f,geo_cov_urb,mts_aggregate_1,1998,6476.733
idn,sex_f,geo_cov_urb,mts_aggregate_1,1999,6340.068
idn,sex_f,geo_cov_urb,mts_aggregate_1,2000,6223.032
idn,sex_f,geo_cov_urb,mts_aggregate_1,2001,6571.967
idn,sex_f,geo_cov_urb,mts_aggregate_1,2002,6593.673
idn,sex_f,geo_cov_urb,mts_aggregate_1,2003,6565.452
idn,sex_f,geo_cov_urb,mts_aggregate_1,2004,6678.299
idn,sex_f,geo_cov_urb,mts_aggregate_1,2005,7210.592
idn,sex_f,geo_cov_urb,mts_aggregate_1,2006,7162.661
idn,sex_f,geo_cov_urb,mts_aggregate_1,2007,7084.529
idn,sex_f,geo_cov_urb,mts_aggregate_1,2008,7273.213
idn,sex_f,geo_cov_urb,mts_aggregate_1,2009,7434.198
idn,sex_f,geo_cov_urb,mts_aggregate_1,2010,7475.814
idn,sex_f,geo_cov_urb,mts_aggregate_1,2011,8310.583
idn,sex_f,geo_cov_urb,mts_aggregate_1,2012,8493.379
idn,sex_f,geo_cov_urb,mts_aggregate_1,2013,8827.151
idn,sex_f,geo_cov_urb,mts_aggregate_1,2014,9068.858
idn,sex_f,geo_cov_urb,mts_aggregate_1,2015,9839.733
idn,sex_f,geo_cov_urb,mts_aggregate_1,2016,10022.446
idn,sex_f,geo_cov_urb,mts_aggregate_1,2017,10361.965
idn,sex_f,geo_cov_urb,mts_aggregate_1,2018,10759.448
idn,sex_f,geo_cov_urb,mts_aggregate_1,2019,10532.52
idn,sex_f,geo_cov_urb,mts_aggregate_1,2020,11035.539
idn,sex_f,geo_cov_urb,mts_aggregate_1,2021,11941.869
idn,sex_f,geo_cov_urb,mts_aggregate_2,1996,9171.305
idn,sex_f,geo_cov_urb,mts_aggregate_2,1997,9451.069
idn,sex_f,geo_cov_urb,mts_aggregate_2,1998,9774.698
idn,sex_f,geo_cov_urb,mts_aggregate_2,1999,10039.835
idn,sex_f,geo_cov_urb,mts_aggregate_2,2000,11209.175
idn,sex_f,geo_cov_urb,mts_aggregate_2,2001,11772.606
idn,sex_f,geo_cov_urb,mts_aggregate_2,2002,13051.127
idn,sex_f,geo_cov_urb,mts_aggregate_2,2003,12808.192
idn,sex_f,geo_cov_urb,mts_aggregate_2,2004,13390.2
idn,sex_f,geo_cov_urb,mts_aggregate_2,2005,13192.118
idn,sex_f,geo_cov_urb,mts_aggregate_2,2006,13300.215
idn,sex_f,geo_cov_urb,mts_aggregate_2,2007,12639.353
idn,sex_f,geo_cov_urb,mts_aggregate_2,2008,12170.25
idn,sex_f,geo_cov_urb,mts_aggregate_2,2009,12355.882
idn,sex_f,geo_cov_urb,mts_aggregate_2,2010,12180.004
idn,sex_f,geo_cov_urb,mts_aggregate_2,2011,14201.527
idn,sex_f,geo_cov_urb,mts_aggregate_2,2012,14247.673
idn,sex_f,geo_cov_urb,mts_aggregate_2,2013,14891.339
idn,sex_f,geo_cov_urb,mts_aggregate_2,2014,14842.133
idn,sex_f,geo_cov_urb,mts_aggregate_2,2015,16269.574
idn,sex_f,geo_cov_urb,mts_aggregate_2,2016,16144.55
idn,sex_f,geo_cov_urb,mts_aggregate_2,2017,16104.115
idn,sex_f,geo_cov_urb,mts_aggregate_2,2018,15989.911
idn,sex_f,geo_cov_urb,mts_aggregate_2,2019,16463.131
idn,sex_f,geo_cov_urb,mts_aggregate_2,2020,17161.4
idn,sex_f,geo_cov_urb,mts_aggregate_2,2021,17732.343
idn,sex_f,geo_cov_urb,mts_aggregate_total,1996,14858.014
idn,sex_f,geo_cov_urb,mts_aggregate_total,1997,15408.429
idn,sex_f,geo_cov_urb,mts_aggregate_total,1998,16251.431
idn,sex_f,geo_cov_urb,mts_aggregate_total,1999,16379.903
idn,sex_f,geo_cov_urb,mts_aggregate_total,2000,17432.207
idn,sex_f,geo_cov_urb,mts_aggregate_total,2001,18344.573
idn,sex_f,geo_cov_urb,mts_aggregate_total,2002,19644.8
idn,sex_f,geo_cov_urb,mts_aggregate_total,2003,19373.644
idn,sex_f,geo_cov_urb,mts_aggregate_total,2004,20068.499
idn,sex_f,geo_cov_urb,mts_aggregate_total,2005,20402.71
idn,sex_f,geo_cov_urb,mts_aggregate_total,2006,20462.876
idn,sex_f,geo_cov_urb,mts_aggregate_total,2007,19723.882
idn,sex_f,geo_cov_urb,mts_aggregate_total,2008,19443.463
idn,sex_f,geo_cov_urb,mts_aggregate_total,2009,19790.08
idn,sex_f,geo_cov_urb,mts_aggregate_total,2010,19655.817
idn,sex_f,geo_cov_urb,mts_aggregate_total,2011,22512.11
idn,sex_f,geo_cov_urb,mts_aggregate_total,2012,22741.052
idn,sex_f,geo_cov_urb,mts_aggregate_total,2013,23718.49
idn,sex_f,geo_cov_urb,mts_aggregate_total,2014,23910.991
idn,sex_f,geo_cov_urb,mts_aggregate_total,2015,26109.306
idn,sex_f,geo_cov_urb,mts_aggregate_total,2016,26166.996
idn,sex_f,geo_cov_urb,mts_aggregate_total,2017,26466.08
idn,sex_f,geo_cov_urb,mts_aggregate_total,2018,26749.358
idn,sex_f,geo_cov_urb,mts_aggregate_total,2019,26995.651
idn,sex_f,geo_cov_urb,mts_aggregate_total,2020,28196.939
idn,sex_f,geo_cov_urb,mts_aggregate_total,2021,29674.211
idn,sex_f,geo_cov_urb,mts_details_mrd,1996,9171.305
idn,sex_f,geo_cov_urb,mts_details_mrd,1997,9451.069
idn,sex_f,geo_cov_urb,mts_details_mrd,1998,9774.698
idn,sex_f,geo_cov_urb,mts_details_mrd,1999,10039.835
idn,sex_f,geo_cov_urb,mts_details_mrd,2000,11209.175
idn,sex_f,geo_cov_urb,mts_details_mrd,2001,11772.606
idn,sex_f,geo_cov_urb,mts_details_mrd,2002,13051.127
idn,sex_f,geo_cov_urb,mts_details_mrd,2003,12808.192
idn,sex_f,geo_cov_urb,mts_details_mrd,2004,13390.2
idn,sex_f,geo_cov_urb,mts_details_mrd,2005,13192.118
idn,sex_f,geo_cov_urb,mts_details_mrd,2006,13300.215
idn,sex_f,geo_cov_urb,mts_details_mrd,2007,12639.353
idn,sex_f,geo_cov_urb,mts_details_mrd,2008,12170.25
idn,sex_f,geo_cov_urb,mts_details_mrd,2009,12355.882
idn,sex_f,geo_cov_urb,mts_details_mrd,2010,12180.004
idn,sex_f,geo_cov_urb,mts_details_mrd,2011,14201.527
idn,sex_f,geo_cov_urb,mts_details_mrd,2012,14247.673
idn,sex_f,geo_cov_urb,mts_details_mrd,2013,14891.339
idn,sex_f,geo_cov_urb,mts_details_mrd,2014,14842.133
idn,sex_f,geo_cov_urb,mts_details_mrd,2015,16269.574
idn,sex_f,geo_cov_urb,mts_details_mrd,2016,16144.55
idn,sex_f,geo_cov_urb,mts_details_mrd,2017,16104.115
idn,sex_f,geo_cov_urb,mts_details_mrd,2018,15989.911
idn,sex_f,geo_cov_urb,mts_details_mrd,2019,16463.131
idn,sex_f,geo_cov_urb,mts_details_mrd,2020,17161.4
idn,sex_f,geo_cov_urb,mts_details_mrd,2021,17732.343
idn,sex_f,geo_cov_urb,mts_details_sep,1996,195.09
idn,sex_f,geo_cov_urb,mts_details_sep,1997,242.274
idn,sex_f,geo_cov_urb,mts_details_sep,1998,248.501
idn,sex_f,geo_cov_urb,mts_details_sep,1999,236.199
idn,sex_f,geo_cov_urb,mts_details_sep,2000,217.887
idn,sex_f,geo_cov_urb,mts_details_sep,2001,237.874
idn,sex_f,geo_cov_urb,mts_details_sep,2002,216.775
idn,sex_f,geo_cov_urb,mts_details_sep,2003,218.472
idn,sex_f,geo_cov_urb,mts_details_sep,2004,221.041
idn,sex_f,geo_cov_urb,mts_details_sep,2005,253.45
idn,sex_f,geo_cov_urb,mts_details_sep,2006,247.08
idn,sex_f,geo_cov_urb,mts_details_sep,2007,265.062
idn,sex_f,geo_cov_urb,mts_details_sep,2008,317.176
idn,sex_f,geo_cov_urb,mts_details_sep,2009,301.768
idn,sex_f,geo_cov_urb,mts_details_sep,2010,280.057
idn,sex_f,geo_cov_urb,mts_details_sep,2011,344.986
idn,sex_f,geo_cov_urb,mts_details_sep,2012,322.714
idn,sex_f,geo_cov_urb,mts_details_sep,2013,321.376
idn,sex_f,geo_cov_urb,mts_details_sep,2014,345.549
idn,sex_f,geo_cov_urb,mts_details_sep,2015,405.092
idn,sex_f,geo_cov_urb,mts_details_sep,2016,392.194
idn,sex_f,geo_cov_urb,mts_details_sep,2017,511.358
idn,sex_f,geo_cov_urb,mts_details_sep,2018,523.785
idn,sex_f,geo_cov_urb,mts_details_sep,2019,448.179
idn,sex_f,geo_cov_urb,mts_details_sep,2020,492.392
idn,sex_f,geo_cov_urb,mts_details_sep,2021,578.591
idn,sex_f,geo_cov_urb,mts_details_sgle,1996,4003.951
idn,sex_f,geo_cov_urb,mts_details_sgle,1997,4175.326
idn,sex_f,geo_cov_urb,mts_details_sgle,1998,4619.557
idn,sex_f,geo_cov_urb,mts_details_sgle,1999,4400.208
idn,sex_f,geo_cov_urb,mts_details_sgle,2000,4330.542
idn,sex_f,geo_cov_urb,mts_details_sgle,2001,4509.516
idn,sex_f,geo_cov_urb,mts_details_sgle,2002,4478.429
idn,sex_f,geo_cov_urb,mts_details_sgle,2003,4474.088
idn,sex_f,geo_cov_urb,mts_details_sgle,2004,4464.6
idn,sex_f,geo_cov_urb,mts_details_sgle,2005,4934.444
idn,sex_f,geo_cov_urb,mts_details_sgle,2006,4929.466
idn,sex_f,geo_cov_urb,mts_details_sgle,2007,4765.169
idn,sex_f,geo_cov_urb,mts_details_sgle,2008,4737.821
idn,sex_f,geo_cov_urb,mts_details_sgle,2009,4919.181
idn,sex_f,geo_cov_urb,mts_details_sgle,2010,5051.6
idn,sex_f,geo_cov_urb,mts_details_sgle,2011,5336.055
idn,sex_f,geo_cov_urb,mts_details_sgle,2012,5429.514
idn,sex_f,geo_cov_urb,mts_details_sgle,2013,5724.467
idn,sex_f,geo_cov_urb,mts_details_sgle,2014,5846.814
idn,sex_f,geo_cov_urb,mts_details_sgle,2015,6256.418
idn,sex_f,geo_cov_urb,mts_details_sgle,2016,6332.179
idn,sex_f,geo_cov_urb,mts_details_sgle,2017,6439.904
idn,sex_f,geo_cov_urb,mts_details_sgle,2018,6711.793
idn,sex_f,geo_cov_urb,mts_details_sgle,2019,6458.105
idn,sex_f,geo_cov_urb,mts_details_sgle,2020,6819.282
idn,sex_f,geo_cov_urb,mts_details_sgle,2021,7324.561
idn,sex_f,geo_cov_urb,mts_details_total,1996,14858.014
idn,sex_f,geo_cov_urb,mts_details_total,1997,15408.429
idn,sex_f,geo_cov_urb,mts_details_total,1998,16251.431
idn,sex_f,geo_cov_urb,mts_details_total,1999,16379.903
idn,sex_f,geo_cov_urb,mts_details_total,2000,17432.207
idn,sex_f,geo_cov_urb,mts_details_total,2001,18344.573
idn,sex_f,geo_cov_urb,mts_details_total,2002,19644.8
idn,sex_f,geo_cov_urb,mts_details_total,2003,19373.644
idn,sex_f,geo_cov_urb,mts_details_total,2004,20068.499
idn,sex_f,geo_cov_urb,mts_details_total,2005,20402.71
idn,sex_f,geo_cov_urb,mts_details_total,2006,20462.876
idn,sex_f,geo_cov_urb,mts_details_total,2007,19723.882
idn,sex_f,geo_cov_urb,mts_details_total,2008,19443.463
idn,sex_f,geo_cov_urb,mts_details_total,2009,19790.08
idn,sex_f,geo_cov_urb,mts_details_total,2010,19655.817
idn,sex_f,geo_cov_urb,mts_details_total,2011,22512.11
idn,sex_f,geo_cov_urb,mts_details_total,2012,22741.052
idn,sex_f,geo_cov_urb,mts_details_total,2013,23718.49
idn,sex_f,geo_cov_urb,mts_details_total,2014,23910.991
idn,sex_f,geo_cov_urb,mts_details_total,2015,26109.306
idn,sex_f,geo_cov_urb,mts_details_total,2016,26166.996
idn,sex_f,geo_cov_urb,mts_details_total,2017,26466.08
idn,sex_f,geo_cov_urb,mts_details_total,2018,26749.358
idn,sex_f,geo_cov_urb,mts_details_total,2019,26995.651
idn,sex_f,geo_cov_urb,mts_details_total,2020,28196.939
idn,sex_f,geo_cov_urb,mts_details_total,2021,29674.211
idn,sex_f,geo_cov_urb,mts_details_wid,1996,1487.668
idn,sex_f,geo_cov_urb,mts_details_wid,1997,1539.76
idn,sex_f,geo_cov_urb,mts_details_wid,1998,1608.675
idn,sex_f,geo_cov_urb,mts_details_wid,1999,1703.661
idn,sex_f,geo_cov_urb,mts_details_wid,2000,1674.603
idn,sex_f,geo_cov_urb,mts_details_wid,2001,1824.577
idn,sex_f,geo_cov_urb,mts_details_wid,2002,1898.469
idn,sex_f,geo_cov_urb,mts_details_wid,2003,1872.892
idn,sex_f,geo_cov_urb,mts_details_wid,2004,1992.658
idn,sex_f,geo_cov_urb,mts_details_wid,2005,2022.698
idn,sex_f,geo_cov_urb,mts_details_wid,2006,1986.115
idn,sex_f,geo_cov_urb,mts_details_wid,2007,2054.298
idn,sex_f,geo_cov_urb,mts_details_wid,2008,2218.217
idn,sex_f,geo_cov_urb,mts_details_wid,2009,2213.249
idn,sex_f,geo_cov_urb,mts_details_wid,2010,2144.157
idn,sex_f,geo_cov_urb,mts_details_wid,2011,2629.542
idn,sex_f,geo_cov_urb,mts_details_wid,2012,2741.152
idn,sex_f,geo_cov_urb,mts_details_wid,2013,2781.309
idn,sex_f,geo_cov_urb,mts_details_wid,2014,2876.496
idn,sex_f,geo_cov_urb,mts_details_wid,2015,3178.223
idn,sex_f,geo_cov_urb,mts_details_wid,2016,3298.073
idn,sex_f,geo_cov_urb,mts_details_wid,2017,3410.704
idn,sex_f,geo_cov_urb,mts_details_wid,2018,3523.87
idn,sex_f,geo_cov_urb,mts_details_wid,2019,3626.236
idn,sex_f,geo_cov_urb,mts_details_wid,2020,3723.866
idn,sex_f,geo_cov_urb,mts_details_wid,2021,4038.718
idn,sex_m,geo_cov_nat,mts_aggregate_1,1996,8216.051
idn,sex_m,geo_cov_nat,mts_aggregate_1,1997,8458.57
idn,sex_m,geo_cov_nat,mts_aggregate_1,1998,8886.439
idn,sex_m,geo_cov_nat,mts_aggregate_1,1999,8730.013
idn,sex_m,geo_cov_nat,mts_aggregate_1,2000,8516.457
idn,sex_m,geo_cov_nat,mts_aggregate_1,2001,8354.385
idn,sex_m,geo_cov_nat,mts_aggregate_1,2002,8836.264
idn,sex_m,geo_cov_nat,mts_aggregate_1,2003,9294.546
idn,sex_m,geo_cov_nat,mts_aggregate_1,2004,9022.909
idn,sex_m,geo_cov_nat,mts_aggregate_1,2005,10426.176
idn,sex_m,geo_cov_nat,mts_aggregate_1,2006,10693.304
idn,sex_m,geo_cov_nat,mts_aggregate_1,2007,10304.613
idn,sex_m,geo_cov_nat,mts_aggregate_1,2008,10288.631
idn,sex_m,geo_cov_nat,mts_aggregate_1,2009,10975.206
idn,sex_m,geo_cov_nat,mts_aggregate_1,2010,11231.103
idn,sex_m,geo_cov_nat,mts_aggregate_1,2011,10866.487
idn,sex_m,geo_cov_nat,mts_aggregate_1,2012,10886.424
idn,sex_m,geo_cov_nat,mts_aggregate_1,2013,11283.293
idn,sex_m,geo_cov_nat,mts_aggregate_1,2014,11663.539
idn,sex_m,geo_cov_nat,mts_aggregate_1,2015,11973.409
idn,sex_m,geo_cov_nat,mts_aggregate_1,2016,12242.473
idn,sex_m,geo_cov_nat,mts_aggregate_1,2017,12531.019
idn,sex_m,geo_cov_nat,mts_aggregate_1,2018,12169.659
idn,sex_m,geo_cov_nat,mts_aggregate_1,2019,12281.479
idn,sex_m,geo_cov_nat,mts_aggregate_1,2020,12739.829
idn,sex_m,geo_cov_nat,mts_aggregate_1,2021,14121.705
idn,sex_m,geo_cov_nat,mts_aggregate_2,1996,2467.192
idn,sex_m,geo_cov_nat,mts_aggregate_2,1997,2568.656
idn,sex_m,geo_cov_nat,mts_aggregate_2,1998,2583.319
idn,sex_m,geo_cov_nat,mts_aggregate_2,1999,2759.353
idn,sex_m,geo_cov_nat,mts_aggregate_2,2000,2541.62
idn,sex_m,geo_cov_nat,mts_aggregate_2,2001,2634.653
idn,sex_m,geo_cov_nat,mts_aggregate_2,2002,2907.531
idn,sex_m,geo_cov_nat,mts_aggregate_2,2003,3005.265
idn,sex_m,geo_cov_nat,mts_aggregate_2,2004,3000.508
idn,sex_m,geo_cov_nat,mts_aggregate_2,2005,3403.434
idn,sex_m,geo_cov_nat,mts_aggregate_2,2006,3402.172
idn,sex_m,geo_cov_nat,mts_aggregate_2,2007,3910.378
idn,sex_m,geo_cov_nat,mts_aggregate_2,2008,4135.22
idn,sex_m,geo_cov_nat,mts_aggregate_2,2009,4155.026
idn,sex_m,geo_cov_nat,mts_aggregate_2,2010,3864.662
idn,sex_m,geo_cov_nat,mts_aggregate_2,2011,3854.632
idn,sex_m,geo_cov_nat,mts_aggregate_2,2012,3671.268
idn,sex_m,geo_cov_nat,mts_aggregate_2,2013,3993.427
idn,sex_m,geo_cov_nat,mts_aggregate_2,2014,4057.115
idn,sex_m,geo_cov_nat,mts_aggregate_2,2015,4245.575
idn,sex_m,geo_cov_nat,mts_aggregate_2,2016,4912.357
idn,sex_m,geo_cov_nat,mts_aggregate_2,2017,5129.748
idn,sex_m,geo_cov_nat,mts_aggregate_2,2018,5233.293
idn,sex_m,geo_cov_nat,mts_aggregate_2,2019,5205.949
idn,sex_m,geo_cov_nat,mts_aggregate_2,2020,5925.247
idn,sex_m,geo_cov_nat,mts_aggregate_2,2021,6778.223
idn,sex_m,geo_cov_nat,mts_aggregate_total,1996,10683.243
idn,sex_m,geo_cov_nat,mts_aggregate_total,1997,11027.226
idn,sex_m,geo_cov_nat,mts_aggregate_total,1998,11469.758
idn,sex_m,geo_cov_nat,mts_aggregate_total,1999,11489.366
idn,sex_m,geo_cov_nat,mts_aggregate_total,2000,11058.077
idn,sex_m,geo_cov_nat,mts_aggregate_total,2001,10989.038
idn,sex_m,geo_cov_nat,mts_aggregate_total,2002,11743.795
idn,sex_m,geo_cov_nat,mts_aggregate_total,2003,12299.811
idn,sex_m,geo_cov_nat,mts_aggregate_total,2004,12023.417
idn,sex_m,geo_cov_nat,mts_aggregate_total,2005,13829.61
idn,sex_m,geo_cov_nat,mts_aggregate_total,2006,14095.476
idn,sex_m,geo_cov_nat,mts_aggregate_total,2007,14214.991
idn,sex_m,geo_cov_nat,mts_aggregate_total,2008,14423.851
idn,sex_m,geo_cov_nat,mts_aggregate_total,2009,15130.232
idn,sex_m,geo_cov_nat,mts_aggregate_total,2010,15095.765
idn,sex_m,geo_cov_nat,mts_aggregate_total,2011,14721.119
idn,sex_m,geo_cov_nat,mts_aggregate_total,2012,14557.692
idn,sex_m,geo_cov_nat,mts_aggregate_total,2013,15276.72
idn,sex_m,geo_cov_nat,mts_aggregate_total,2014,15720.654
idn,sex_m,geo_cov_nat,mts_aggregate_total,2015,16218.984
idn,sex_m,geo_cov_nat,mts_aggregate_total,2016,17154.83
idn,sex_m,geo_cov_nat,mts_aggregate_total,2017,17660.767
idn,sex_m,geo_cov_nat,mts_aggregate_total,2018,17402.952
idn,sex_m,geo_cov_nat,mts_aggregate_total,2019,17487.428
idn,sex_m,geo_cov_nat,mts_aggregate_total,2020,18665.076
idn,sex_m,geo_cov_nat,mts_aggregate_total,2021,20899.927
idn,sex_m,geo_cov_nat,mts_details_mrd,1996,2467.192
idn,sex_m,geo_cov_nat,mts_details_mrd,1997,2568.656
idn,sex_m,geo_cov_nat,mts_details_mrd,1998,2583.319
idn,sex_m,geo_cov_nat,mts_details_mrd,1999,2759.353
idn,sex_m,geo_cov_nat,mts_details_mrd,2000,2541.62
idn,sex_m,geo_cov_nat,mts_details_mrd,2001,2634.653
idn,sex_m,geo_cov_nat,mts_details_mrd,2002,2907.531
idn,sex_m,geo_cov_nat,mts_details_mrd,2003,3005.265
idn,sex_m,geo_cov_nat,mts_details_mrd,2004,3000.508
idn,sex_m,geo_cov_nat,mts_details_mrd,2005,3403.434
idn,sex_m,geo_cov_nat,mts_details_mrd,2006,3402.172
idn,sex_m,geo_cov_nat,mts_details_mrd,2007,3910.378
idn,sex_m,geo_cov_nat,mts_details_mrd,2008,4135.22
idn,sex_m,geo_cov_nat,mts_details_mrd,2009,4155.026
idn,sex_m,geo_cov_nat,mts_details_mrd,2010,3864.662
idn,sex_m,geo_cov_nat,mts_details_mrd,2011,3854.632
idn,sex_m,geo_cov_nat,mts_details_mrd,2012,3671.268
idn,sex_m,geo_cov_nat,mts_details_mrd,2013,3993.427
idn,sex_m,geo_cov_nat,mts_details_mrd,2014,4057.115
idn,sex_m,geo_cov_nat,mts_details_mrd,2015,4245.575
idn,sex_m,geo_cov_nat,mts_details_mrd,2016,4912.357
idn,sex_m,geo_cov_nat,mts_details_mrd,2017,5129.748
idn,sex_m,geo_cov_nat,mts_details_mrd,2018,5233.293
idn,sex_m,geo_cov_nat,mts_details_mrd,2019,5205.949
idn,sex_m,geo_cov_nat,mts_details_mrd,2020,5925.247
idn,sex_m,geo_cov_nat,mts_details_mrd,2021,6778.223
idn,sex_m,geo_cov_nat,mts_details_sep,1996,95.085
idn,sex_m,geo_cov_nat,mts_details_sep,1997,105.926
idn,sex_m,geo_cov_nat,mts_details_sep,1998,110.461
idn,sex_m,geo_cov_nat,mts_details_sep,1999,93.307
idn,sex_m,geo_cov_nat,mts_details_sep,2000,81.406
idn,sex_m,geo_cov_nat,mts_details_sep,2001,86.053
idn,sex_m,geo_cov_nat,mts_details_sep,2002,93.282
idn,sex_m,geo_cov_nat,mts_details_sep,2003,117.368
idn,sex_m,geo_cov_nat,mts_details_sep,2004,94.73
idn,sex_m,geo_cov_nat,mts_details_sep,2005,102.146
idn,sex_m,geo_cov_nat,mts_details_sep,2006,138.384
idn,sex_m,geo_cov_nat,mts_details_sep,2007,147.266
idn,sex_m,geo_cov_nat,mts_details_sep,2008,171.16
idn,sex_m,geo_cov_nat,mts_details_sep,2009,162.568
idn,sex_m,geo_cov_nat,mts_details_sep,2010,166.284
idn,sex_m,geo_cov_nat,mts_details_sep,2011,175.247
idn,sex_m,geo_cov_nat,mts_details_sep,2012,171.367
idn,sex_m,geo_cov_nat,mts_details_sep,2013,152.152
idn,sex_m,geo_cov_nat,mts_details_sep,2014,167.366
idn,sex_m,geo_cov_nat,mts_details_sep,2015,195.129
idn,sex_m,geo_cov_nat,mts_details_sep,2016,246.93
idn,sex_m,geo_cov_nat,mts_details_sep,2017,230.351
idn,sex_m,geo_cov_nat,mts_details_sep,2018,238.85
idn,sex_m,geo_cov_nat,mts_details_sep,2019,249.583
idn,sex_m,geo_cov_nat,mts_details_sep,2020,251.255
idn,sex_m,geo_cov_nat,mts_details_sep,2021,328.839
idn,sex_m,geo_cov_nat,mts_details_sgle,1996,7510.333
idn,sex_m,geo_cov_nat,mts_details_sgle,1997,7783.076
idn,sex_m,geo_cov_nat,mts_details_sgle,1998,8136.522
idn,sex_m,geo_cov_nat,mts_details_sgle,1999,8025.285
idn,sex_m,geo_cov_nat,mts_details_sgle,2000,7752.518
idn,sex_m,geo_cov_nat,mts_details_sgle,2001,7622.59
idn,sex_m,geo_cov_nat,mts_details_sgle,2002,8040.842
idn,sex_m,geo_cov_nat,mts_details_sgle,2003,8324.713
idn,sex_m,geo_cov_nat,mts_details_sgle,2004,8128.777
idn,sex_m,geo_cov_nat,mts_details_sgle,2005,9518.477
idn,sex_m,geo_cov_nat,mts_details_sgle,2006,9643.48
idn,sex_m,geo_cov_nat,mts_details_sgle,2007,9284.64
idn,sex_m,geo_cov_nat,mts_details_sgle,2008,9260.527
idn,sex_m,geo_cov_nat,mts_details_sgle,2009,9911.672
idn,sex_m,geo_cov_nat,mts_details_sgle,2010,10107.415
idn,sex_m,geo_cov_nat,mts_details_sgle,2011,9798.105
idn,sex_m,geo_cov_nat,mts_details_sgle,2012,9830.029
idn,sex_m,geo_cov_nat,mts_details_sgle,2013,10181.479
idn,sex_m,geo_cov_nat,mts_details_sgle,2014,10552.535
idn,sex_m,geo_cov_nat,mts_details_sgle,2015,10743.162
idn,sex_m,geo_cov_nat,mts_details_sgle,2016,10834.734
idn,sex_m,geo_cov_nat,mts_details_sgle,2017,11189.576
idn,sex_m,geo_cov_nat,mts_details_sgle,2018,10774.572
idn,sex_m,geo_cov_nat,mts_details_sgle,2019,10851.116
idn,sex_m,geo_cov_nat,mts_details_sgle,2020,11252.947
idn,sex_m,geo_cov_nat,mts_details_sgle,2021,12487.59
idn,sex_m,geo_cov_nat,mts_details_total,1996,10683.243
idn,sex_m,geo_cov_nat,mts_details_total,1997,11027.226
idn,sex_m,geo_cov_nat,mts_details_total,1998,11469.758
idn,sex_m,geo_cov_nat,mts_details_total,1999,11489.366
idn,sex_m,geo_cov_nat,mts_details_total,2000,11058.077
idn,sex_m,geo_cov_nat,mts_details_total,2001,10989.038
idn,sex_m,geo_cov_nat,mts_details_total,2002,11743.795
idn,sex_m,geo_cov_nat,mts_details_total,2003,12299.811
idn,sex_m,geo_cov_nat,mts_details_total,2004,12023.417
idn,sex_m,geo_cov_nat,mts_details_total,2005,13829.61
idn,sex_m,geo_cov_nat,mts_details_total,2006,14095.476
idn,sex_m,geo_cov_nat,mts_details_total,2007,14214.991
idn,sex_m,geo_cov_nat,mts_details_total,2008,14423.851
idn,sex_m,geo_cov_nat,mts_details_total,2009,15130.232
idn,sex_m,geo_cov_nat,mts_details_total,2010,15095.765
idn,sex_m,geo_cov_nat,mts_details_total,2011,14721.119
idn,sex_m,geo_cov_nat,mts_details_total,2012,14557.692
idn,sex_m,geo_cov_nat,mts_details_total,2013,15276.72
idn,sex_m,geo_cov_nat,mts_details_total,2014,15720.654
idn,sex_m,geo_cov_nat,mts_details_total,2015,16218.984
idn,sex_m,geo_cov_nat,mts_details_total,2016,17154.83
idn,sex_m,geo_cov_nat,mts_details_total,2017,17660.767
idn,sex_m,geo_cov_nat,mts_details_total,2018,17402.952
idn,sex_m,geo_cov_nat,mts_details_total,2019,17487.428
idn,sex_m,geo_cov_nat,mts_details_total,2020,18665.076
idn,sex_m,geo_cov_nat,mts_details_total,2021,20899.927
idn,sex_m,geo_cov_nat,mts_details_wid,1996,610.633
idn,sex_m,geo_cov_nat,mts_details_wid,1997,569.568
idn,sex_m,geo_cov_nat,mts_details_wid,1998,639.456
idn,sex_m,geo_cov_nat,mts_details_wid,1999,611.421
idn,sex_m,geo_cov_nat,mts_details_wid,2000,682.533
idn,sex_m,geo_cov_nat,mts_details_wid,2001,645.742
idn,sex_m,geo_cov_nat,mts_details_wid,2002,702.14
idn,sex_m,geo_cov_nat,mts_details_wid,2003,852.465
idn,sex_m,geo_cov_nat,mts_details_wid,2004,799.402
idn,sex_m,geo_cov_nat,mts_details_wid,2005,805.553
idn,sex_m,geo_cov_nat,mts_details_wid,2006,911.44
idn,sex_m,geo_cov_nat,mts_details_wid,2007,872.707
idn,sex_m,geo_cov_nat,mts_details_wid,2008,856.944
idn,sex_m,geo_cov_nat,mts_details_wid,2009,900.966
idn,sex_m,geo_cov_nat,mts_details_wid,2010,957.405
idn,sex_m,geo_cov_nat,mts_details_wid,2011,893.135
idn,sex_m,geo_cov_nat,mts_details_wid,2012,885.028
idn,sex_m,geo_cov_nat,mts_details_wid,2013,949.662
idn,sex_m,geo_cov_nat,mts_details_wid,2014,943.639
idn,sex_m,geo_cov_nat,mts_details_wid,2015,1035.118
idn,sex_m,geo_cov_nat,mts_details_wid,2016,1160.809
idn,sex_m,geo_cov_nat,mts_details_wid,2017,1111.093
idn,sex_m,geo_cov_nat,mts_details_wid,2018,1156.237
idn,sex_m,geo_cov_nat,mts_details_wid,2019,1180.781
idn,sex_m,geo_cov_nat,mts_details_wid,2020,1235.627
idn,sex_m,geo_cov_nat,mts_details_wid,2021,1305.276
idn,sex_m,geo_cov_rur,mts_aggregate_1,1996,3739.064
idn,sex_m,geo_cov_rur,mts_aggregate_1,1997,3775.096
idn,sex_m,geo_cov_rur,mts_aggregate_1,1998,3901.341
idn,sex_m,geo_cov_rur,mts_aggregate_1,1999,3824.52
idn,sex_m,geo_cov_rur,mts_aggregate_1,2000,3629.748
idn,sex_m,geo_cov_rur,mts_aggregate_1,2001,3586.709
idn,sex_m,geo_cov_rur,mts_aggregate_1,2002,3886.39
idn,sex_m,geo_cov_rur,mts_aggregate_1,2003,3823.259
idn,sex_m,geo_cov_rur,mts_aggregate_1,2004,4054.354
idn,sex_m,geo_cov_rur,mts_aggregate_1,2005,4938.521
idn,sex_m,geo_cov_rur,mts_aggregate_1,2006,5071.733
idn,sex_m,geo_cov_rur,mts_aggregate_1,2007,4861.91
idn,sex_m,geo_cov_rur,mts_aggregate_1,2008,4976.49
idn,sex_m,geo_cov_rur,mts_aggregate_1,2009,5351.497
idn,sex_m,geo_cov_rur,mts_aggregate_1,2010,5526.395
idn,sex_m,geo_cov_rur,mts_aggregate_1,2011,4721.246
idn,sex_m,geo_cov_rur,mts_aggregate_1,2012,4619.387
idn,sex_m,geo_cov_rur,mts_aggregate_1,2013,4980.399
idn,sex_m,geo_cov_rur,mts_aggregate_1,2014,5170.703
idn,sex_m,geo_cov_rur,mts_aggregate_1,2015,4880.712
idn,sex_m,geo_cov_rur,mts_aggregate_1,2016,4923.138
idn,sex_m,geo_cov_rur,mts_aggregate_1,2017,4855.244
idn,sex_m,geo_cov_rur,mts_aggregate_1,2018,4673.717
idn,sex_m,geo_cov_rur,mts_aggregate_1,2019,4739.644
idn,sex_m,geo_cov_rur,mts_aggregate_1,2020,4807.809
idn,sex_m,geo_cov_rur,mts_aggregate_1,2021,5203.906
idn,sex_m,geo_cov_rur,mts_aggregate_2,1996,1200.156
idn,sex_m,geo_cov_rur,mts_aggregate_2,1997,1229.351
idn,sex_m,geo_cov_rur,mts_aggregate_2,1998,1137.071
idn,sex_m,geo_cov_rur,mts_aggregate_2,1999,1157.671
idn,sex_m,geo_cov_rur,mts_aggregate_2,2000,1051.656
idn,sex_m,geo_cov_rur,mts_aggregate_2,2001,1030.527
idn,sex_m,geo_cov_rur,mts_aggregate_2,2002,1187.827
idn,sex_m,geo_cov_rur,mts_aggregate_2,2003,1160.11
idn,sex_m,geo_cov_rur,mts_aggregate_2,2004,1260.024
idn,sex_m,geo_cov_rur,mts_aggregate_2,2005,1455.387
idn,sex_m,geo_cov_rur,mts_aggregate_2,2006,1511.214
idn,sex_m,geo_cov_rur,mts_aggregate_2,2007,1764.584
idn,sex_m,geo_cov_rur,mts_aggregate_2,2008,1928.209
idn,sex_m,geo_cov_rur,mts_aggregate_2,2009,1944.553
idn,sex_m,geo_cov_rur,mts_aggregate_2,2010,1758.805
idn,sex_m,geo_cov_rur,mts_aggregate_2,2011,1585.793
idn,sex_m,geo_cov_rur,mts_aggregate_2,2012,1421.841
idn,sex_m,geo_cov_rur,mts_aggregate_2,2013,1577.942
idn,sex_m,geo_cov_rur,mts_aggregate_2,2014,1601.53
idn,sex_m,geo_cov_rur,mts_aggregate_2,2015,1530.999
idn,sex_m,geo_cov_rur,mts_aggregate_2,2016,1643.145
idn,sex_m,geo_cov_rur,mts_aggregate_2,2017,1651.972
idn,sex_m,geo_cov_rur,mts_aggregate_2,2018,1658.399
idn,sex_m,geo_cov_rur,mts_aggregate_2,2019,1648.34
idn,sex_m,geo_cov_rur,mts_aggregate_2,2020,2020.82
idn,sex_m,geo_cov_rur,mts_aggregate_2,2021,2161.727
idn,sex_m,geo_cov_rur,mts_aggregate_total,1996,4939.22
idn,sex_m,geo_cov_rur,mts_aggregate_total,1997,5004.447
idn,sex_m,geo_cov_rur,mts_aggregate_total,1998,5038.412
idn,sex_m,geo_cov_rur,mts_aggregate_total,1999,4982.191
idn,sex_m,geo_cov_rur,mts_aggregate_total,2000,4681.404
idn,sex_m,geo_cov_rur,mts_aggregate_total,2001,4617.236
idn,sex_m,geo_cov_rur,mts_aggregate_total,2002,5074.217
idn,sex_m,geo_cov_rur,mts_aggregate_total,2003,4983.369
idn,sex_m,geo_cov_rur,mts_aggregate_total,2004,5314.378
idn,sex_m,geo_cov_rur,mts_aggregate_total,2005,6393.908
idn,sex_m,geo_cov_rur,mts_aggregate_total,2006,6582.947
idn,sex_m,geo_cov_rur,mts_aggregate_total,2007,6626.494
idn,sex_m,geo_cov_rur,mts_aggregate_total,2008,6904.698
idn,sex_m,geo_cov_rur,mts_aggregate_total,2009,7296.05
idn,sex_m,geo_cov_rur,mts_aggregate_total,2010,7285.199
idn,sex_m,geo_cov_rur,mts_aggregate_total,2011,6307.039
idn,sex_m,geo_cov_rur,mts_aggregate_total,2012,6041.228
idn,sex_m,geo_cov_rur,mts_aggregate_total,2013,6558.341
idn,sex_m,geo_cov_rur,mts_aggregate_total,2014,6772.233
idn,sex_m,geo_cov_rur,mts_aggregate_total,2015,6411.711
idn,sex_m,geo_cov_rur,mts_aggregate_total,2016,6566.283
idn,sex_m,geo_cov_rur,mts_aggregate_total,2017,6507.216
idn,sex_m,geo_cov_rur,mts_aggregate_total,2018,6332.116
idn,sex_m,geo_cov_rur,mts_aggregate_total,2019,6387.983
idn,sex_m,geo_cov_rur,mts_aggregate_total,2020,6828.628
idn,sex_m,geo_cov_rur,mts_aggregate_total,2021,7365.633
idn,sex_m,geo_cov_rur,mts_details_mrd,1996,1200.156
idn,sex_m,geo_cov_rur,mts_details_mrd,1997,1229.351
idn,sex_m,geo_cov_rur,mts_details_mrd,1998,1137.071
idn,sex_m,geo_cov_rur,mts_details_mrd,1999,1157.671
idn,sex_m,geo_cov_rur,mts_details_mrd,2000,1051.656
idn,sex_m,geo_cov_rur,mts_details_mrd,2001,1030.527
idn,sex_m,geo_cov_rur,mts_details_mrd,2002,1187.827
idn,sex_m,geo_cov_rur,mts_details_mrd,2003,1160.11
idn,sex_m,geo_cov_rur,mts_details_mrd,2004,1260.024
idn,sex_m,geo_cov_rur,mts_details_mrd,2005,1455.387
idn,sex_m,geo_cov_rur,mts_details_mrd,2006,1511.214
idn,sex_m,geo_cov_rur,mts_details_mrd,2007,1764.584
idn,sex_m,geo_cov_rur,mts_details_mrd,2008,1928.209
idn,sex_m,geo_cov_rur,mts_details_mrd,2009,1944.553
idn,sex_m,geo_cov_rur,mts_details_mrd,2010,1758.805
idn,sex_m,geo_cov_rur,mts_details_mrd,2011,1585.793
idn,sex_m,geo_cov_rur,mts_details_mrd,2012,1421.841
idn,sex_m,geo_cov_rur,mts_details_mrd,2013,1577.942
idn,sex_m,geo_cov_rur,mts_details_mrd,2014,1601.53
idn,sex_m,geo_cov_rur,mts_details_mrd,2015,1530.999
idn,sex_m,geo_cov_rur,mts_details_mrd,2016,1643.145
idn,sex_m,geo_cov_rur,mts_details_mrd,2017,1651.972
idn,sex_m,geo_cov_rur,mts_details_mrd,2018,1658.399
idn,sex_m,geo_cov_rur,mts_details_mrd,2019,1648.34
idn,sex_m,geo_cov_rur,mts_details_mrd,2020,2020.82
idn,sex_m,geo_cov_rur,mts_details_mrd,2021,2161.727
idn,sex_m,geo_cov_rur,mts_details_sep,1996,55.487
idn,sex_m,geo_cov_rur,mts_details_sep,1997,58.04
idn,sex_m,geo_cov_rur,mts_details_sep,1998,68.211
idn,sex_m,geo_cov_rur,mts_details_sep,1999,52.596
idn,sex_m,geo_cov_rur,mts_details_sep,2000,37.584
idn,sex_m,geo_cov_rur,mts_details_sep,2001,43.978
idn,sex_m,geo_cov_rur,mts_details_sep,2002,51.622
idn,sex_m,geo_cov_rur,mts_details_sep,2003,51.248
idn,sex_m,geo_cov_rur,mts_details_sep,2004,43
idn,sex_m,geo_cov_rur,mts_details_sep,2005,60.15
idn,sex_m,geo_cov_rur,mts_details_sep,2006,72.176
idn,sex_m,geo_cov_rur,mts_details_sep,2007,81.018
idn,sex_m,geo_cov_rur,mts_details_sep,2008,93.033
idn,sex_m,geo_cov_rur,mts_details_sep,2009,90.69
idn,sex_m,geo_cov_rur,mts_details_sep,2010,91.38
idn,sex_m,geo_cov_rur,mts_details_sep,2011,88.842
idn,sex_m,geo_cov_rur,mts_details_sep,2012,79.855
idn,sex_m,geo_cov_rur,mts_details_sep,2013,74.349
idn,sex_m,geo_cov_rur,mts_details_sep,2014,86.594
idn,sex_m,geo_cov_rur,mts_details_sep,2015,84.484
idn,sex_m,geo_cov_rur,mts_details_sep,2016,109.565
idn,sex_m,geo_cov_rur,mts_details_sep,2017,88.5
idn,sex_m,geo_cov_rur,mts_details_sep,2018,83.401
idn,sex_m,geo_cov_rur,mts_details_sep,2019,85.161
idn,sex_m,geo_cov_rur,mts_details_sep,2020,96.096
idn,sex_m,geo_cov_rur,mts_details_sep,2021,116.067
idn,sex_m,geo_cov_rur,mts_details_sgle,1996,3307.931
idn,sex_m,geo_cov_rur,mts_details_sgle,1997,3373.325
idn,sex_m,geo_cov_rur,mts_details_sgle,1998,3477.241
idn,sex_m,geo_cov_rur,mts_details_sgle,1999,3433.691
idn,sex_m,geo_cov_rur,mts_details_sgle,2000,3215.751
idn,sex_m,geo_cov_rur,mts_details_sgle,2001,3221.973
idn,sex_m,geo_cov_rur,mts_details_sgle,2002,3484.139
idn,sex_m,geo_cov_rur,mts_details_sgle,2003,3325.495
idn,sex_m,geo_cov_rur,mts_details_sgle,2004,3611.443
idn,sex_m,geo_cov_rur,mts_details_sgle,2005,4463.061
idn,sex_m,geo_cov_rur,mts_details_sgle,2006,4484.865
idn,sex_m,geo_cov_rur,mts_details_sgle,2007,4298.83
idn,sex_m,geo_cov_rur,mts_details_sgle,2008,4412.309
idn,sex_m,geo_cov_rur,mts_details_sgle,2009,4766.744
idn,sex_m,geo_cov_rur,mts_details_sgle,2010,4901.222
idn,sex_m,geo_cov_rur,mts_details_sgle,2011,4196.726
idn,sex_m,geo_cov_rur,mts_details_sgle,2012,4145.584
idn,sex_m,geo_cov_rur,mts_details_sgle,2013,4459.472
idn,sex_m,geo_cov_rur,mts_details_sgle,2014,4654.994
idn,sex_m,geo_cov_rur,mts_details_sgle,2015,4355.832
idn,sex_m,geo_cov_rur,mts_details_sgle,2016,4333.512
idn,sex_m,geo_cov_rur,mts_details_sgle,2017,4276.844
idn,sex_m,geo_cov_rur,mts_details_sgle,2018,4096.457
idn,sex_m,geo_cov_rur,mts_details_sgle,2019,4179.398
idn,sex_m,geo_cov_rur,mts_details_sgle,2020,4225.283
idn,sex_m,geo_cov_rur,mts_details_sgle,2021,4605.52
idn,sex_m,geo_cov_rur,mts_details_total,1996,4939.22
idn,sex_m,geo_cov_rur,mts_details_total,1997,5004.447
idn,sex_m,geo_cov_rur,mts_details_total,1998,5038.412
idn,sex_m,geo_cov_rur,mts_details_total,1999,4982.191
idn,sex_m,geo_cov_rur,mts_details_total,2000,4681.404
idn,sex_m,geo_cov_rur,mts_details_total,2001,4617.236
idn,sex_m,geo_cov_rur,mts_details_total,2002,5074.217
idn,sex_m,geo_cov_rur,mts_details_total,2003,4983.369
idn,sex_m,geo_cov_rur,mts_details_total,2004,5314.378
idn,sex_m,geo_cov_rur,mts_details_total,2005,6393.908
idn,sex_m,geo_cov_rur,mts_details_total,2006,6582.947
idn,sex_m,geo_cov_rur,mts_details_total,2007,6626.494
idn,sex_m,geo_cov_rur,mts_details_total,2008,6904.698
idn,sex_m,geo_cov_rur,mts_details_total,2009,7296.05
idn,sex_m,geo_cov_rur,mts_details_total,2010,7285.199
idn,sex_m,geo_cov_rur,mts_details_total,2011,6307.039
idn,sex_m,geo_cov_rur,mts_details_total,2012,6041.228
idn,sex_m,geo_cov_rur,mts_details_total,2013,6558.341
idn,sex_m,geo_cov_rur,mts_details_total,2014,6772.233
idn,sex_m,geo_cov_rur,mts_details_total,2015,6411.711
idn,sex_m,geo_cov_rur,mts_details_total,2016,6566.283
idn,sex_m,geo_cov_rur,mts_details_total,2017,6507.216
idn,sex_m,geo_cov_rur,mts_details_total,2018,6332.116
idn,sex_m,geo_cov_rur,mts_details_total,2019,6387.983
idn,sex_m,geo_cov_rur,mts_details_total,2020,6828.628
idn,sex_m,geo_cov_rur,mts_details_total,2021,7365.633
idn,sex_m,geo_cov_rur,mts_details_wid,1996,375.646
idn,sex_m,geo_cov_rur,mts_details_wid,1997,343.731
idn,sex_m,geo_cov_rur,mts_details_wid,1998,355.889
idn,sex_m,geo_cov_rur,mts_details_wid,1999,338.233
idn,sex_m,geo_cov_rur,mts_details_wid,2000,376.413
idn,sex_m,geo_cov_rur,mts_details_wid,2001,320.758
idn,sex_m,geo_cov_rur,mts_details_wid,2002,350.629
idn,sex_m,geo_cov_rur,mts_details_wid,2003,446.516
idn,sex_m,geo_cov_rur,mts_details_wid,2004,399.911
idn,sex_m,geo_cov_rur,mts_details_wid,2005,415.31
idn,sex_m,geo_cov_rur,mts_details_wid,2006,514.692
idn,sex_m,geo_cov_rur,mts_details_wid,2007,482.062
idn,sex_m,geo_cov_rur,mts_details_wid,2008,471.148
idn,sex_m,geo_cov_rur,mts_details_wid,2009,494.064
idn,sex_m,geo_cov_rur,mts_details_wid,2010,533.794
idn,sex_m,geo_cov_rur,mts_details_wid,2011,435.678
idn,sex_m,geo_cov_rur,mts_details_wid,2012,393.949
idn,sex_m,geo_cov_rur,mts_details_wid,2013,446.578
idn,sex_m,geo_cov_rur,mts_details_wid,2014,429.116
idn,sex_m,geo_cov_rur,mts_details_wid,2015,440.396
idn,sex_m,geo_cov_rur,mts_details_wid,2016,480.062
idn,sex_m,geo_cov_rur,mts_details_wid,2017,489.9
idn,sex_m,geo_cov_rur,mts_details_wid,2018,493.859
idn,sex_m,geo_cov_rur,mts_details_wid,2019,475.086
idn,sex_m,geo_cov_rur,mts_details_wid,2020,486.43
idn,sex_m,geo_cov_rur,mts_details_wid,2021,482.319
idn,sex_m,geo_cov_urb,mts_aggregate_1,1996,4476.987
idn,sex_m,geo_cov_urb,mts_aggregate_1,1997,4683.474
idn,sex_m,geo_cov_urb,mts_aggregate_1,1998,4985.098
idn,sex_m,geo_cov_urb,mts_aggregate_1,1999,4905.493
idn,sex_m,geo_cov_urb,mts_aggregate_1,2000,4886.709
idn,sex_m,geo_cov_urb,mts_aggregate_1,2001,4767.676
idn,sex_m,geo_cov_urb,mts_aggregate_1,2002,4949.874
idn,sex_m,geo_cov_urb,mts_aggregate_1,2003,5471.287
idn,sex_m,geo_cov_urb,mts_aggregate_1,2004,4968.555
idn,sex_m,geo_cov_urb,mts_aggregate_1,2005,5487.655
idn,sex_m,geo_cov_urb,mts_aggregate_1,2006,5621.571
idn,sex_m,geo_cov_urb,mts_aggregate_1,2007,5442.703
idn,sex_m,geo_cov_urb,mts_aggregate_1,2008,5312.141
idn,sex_m,geo_cov_urb,mts_aggregate_1,2009,5623.709
idn,sex_m,geo_cov_urb,mts_aggregate_1,2010,5704.709
idn,sex_m,geo_cov_urb,mts_aggregate_1,2011,6145.241
idn,sex_m,geo_cov_urb,mts_aggregate_1,2012,6267.037
idn,sex_m,geo_cov_urb,mts_aggregate_1,2013,6302.894
idn,sex_m,geo_cov_urb,mts_aggregate_1,2014,6492.836
idn,sex_m,geo_cov_urb,mts_aggregate_1,2015,7092.697
idn,sex_m,geo_cov_urb,mts_aggregate_1,2016,7319.335
idn,sex_m,geo_cov_urb,mts_aggregate_1,2017,7675.776
idn,sex_m,geo_cov_urb,mts_aggregate_1,2018,7495.942
idn,sex_m,geo_cov_urb,mts_aggregate_1,2019,7541.836
idn,sex_m,geo_cov_urb,mts_aggregate_1,2020,7932.021
idn,sex_m,geo_cov_urb,mts_aggregate_1,2021,8917.799
idn,sex_m,geo_cov_urb,mts_aggregate_2,1996,1267.036
idn,sex_m,geo_cov_urb,mts_aggregate_2,1997,1339.305
idn,sex_m,geo_cov_urb,mts_aggregate_2,1998,1446.248
idn,sex_m,geo_cov_urb,mts_aggregate_2,1999,1601.682
idn,sex_m,geo_cov_urb,mts_aggregate_2,2000,1489.964
idn,sex_m,geo_cov_urb,mts_aggregate_2,2001,1604.126
idn,sex_m,geo_cov_urb,mts_aggregate_2,2002,1719.704
idn,sex_m,geo_cov_urb,mts_aggregate_2,2003,1845.155
idn,sex_m,geo_cov_urb,mts_aggregate_2,2004,1740.484
idn,sex_m,geo_cov_urb,mts_aggregate_2,2005,1948.047
idn,sex_m,geo_cov_urb,mts_aggregate_2,2006,1890.958
idn,sex_m,geo_cov_urb,mts_aggregate_2,2007,2145.794
idn,sex_m,geo_cov_urb,mts_aggregate_2,2008,2207.012
idn,sex_m,geo_cov_urb,mts_aggregate_2,2009,2210.474
idn,sex_m,geo_cov_urb,mts_aggregate_2,2010,2105.857
idn,sex_m,geo_cov_urb,mts_aggregate_2,2011,2268.839
idn,sex_m,geo_cov_urb,mts_aggregate_2,2012,2249.427
idn,sex_m,geo_cov_urb,mts_aggregate_2,2013,2415.486
idn,sex_m,geo_cov_urb,mts_aggregate_2,2014,2455.585
idn,sex_m,geo_cov_urb,mts_aggregate_2,2015,2714.577
idn,sex_m,geo_cov_urb,mts_aggregate_2,2016,3269.213
idn,sex_m,geo_cov_urb,mts_aggregate_2,2017,3477.776
idn,sex_m,geo_cov_urb,mts_aggregate_2,2018,3574.894
idn,sex_m,geo_cov_urb,mts_aggregate_2,2019,3557.609
idn,sex_m,geo_cov_urb,mts_aggregate_2,2020,3904.428
idn,sex_m,geo_cov_urb,mts_aggregate_2,2021,4616.496
idn,sex_m,geo_cov_urb,mts_aggregate_total,1996,5744.023
idn,sex_m,geo_cov_urb,mts_aggregate_total,1997,6022.779
idn,sex_m,geo_cov_urb,mts_aggregate_total,1998,6431.346
idn,sex_m,geo_cov_urb,mts_aggregate_total,1999,6507.175
idn,sex_m,geo_cov_urb,mts_aggregate_total,2000,6376.673
idn,sex_m,geo_cov_urb,mts_aggregate_total,2001,6371.802
idn,sex_m,geo_cov_urb,mts_aggregate_total,2002,6669.578
idn,sex_m,geo_cov_urb,mts_aggregate_total,2003,7316.442
idn,sex_m,geo_cov_urb,mts_aggregate_total,2004,6709.039
idn,sex_m,geo_cov_urb,mts_aggregate_total,2005,7435.702
idn,sex_m,geo_cov_urb,mts_aggregate_total,2006,7512.529
idn,sex_m,geo_cov_urb,mts_aggregate_total,2007,7588.497
idn,sex_m,geo_cov_urb,mts_aggregate_total,2008,7519.153
idn,sex_m,geo_cov_urb,mts_aggregate_total,2009,7834.182
idn,sex_m,geo_cov_urb,mts_aggregate_total,2010,7810.566
idn,sex_m,geo_cov_urb,mts_aggregate_total,2011,8414.08
idn,sex_m,geo_cov_urb,mts_aggregate_total,2012,8516.464
idn,sex_m,geo_cov_urb,mts_aggregate_total,2013,8718.379
idn,sex_m,geo_cov_urb,mts_aggregate_total,2014,8948.421
idn,sex_m,geo_cov_urb,mts_aggregate_total,2015,9807.274
idn,sex_m,geo_cov_urb,mts_aggregate_total,2016,10588.547
idn,sex_m,geo_cov_urb,mts_aggregate_total,2017,11153.552
idn,sex_m,geo_cov_urb,mts_aggregate_total,2018,11070.836
idn,sex_m,geo_cov_urb,mts_aggregate_total,2019,11099.445
idn,sex_m,geo_cov_urb,mts_aggregate_total,2020,11836.448
idn,sex_m,geo_cov_urb,mts_aggregate_total,2021,13534.295
idn,sex_m,geo_cov_urb,mts_details_mrd,1996,1267.036
idn,sex_m,geo_cov_urb,mts_details_mrd,1997,1339.305
idn,sex_m,geo_cov_urb,mts_details_mrd,1998,1446.248
idn,sex_m,geo_cov_urb,mts_details_mrd,1999,1601.682
idn,sex_m,geo_cov_urb,mts_details_mrd,2000,1489.964
idn,sex_m,geo_cov_urb,mts_details_mrd,2001,1604.126
idn,sex_m,geo_cov_urb,mts_details_mrd,2002,1719.704
idn,sex_m,geo_cov_urb,mts_details_mrd,2003,1845.155
idn,sex_m,geo_cov_urb,mts_details_mrd,2004,1740.484
idn,sex_m,geo_cov_urb,mts_details_mrd,2005,1948.047
idn,sex_m,geo_cov_urb,mts_details_mrd,2006,1890.958
idn,sex_m,geo_cov_urb,mts_details_mrd,2007,2145.794
idn,sex_m,geo_cov_urb,mts_details_mrd,2008,2207.012
idn,sex_m,geo_cov_urb,mts_details_mrd,2009,2210.474
idn,sex_m,geo_cov_urb,mts_details_mrd,2010,2105.857
idn,sex_m,geo_cov_urb,mts_details_mrd,2011,2268.839
idn,sex_m,geo_cov_urb,mts_details_mrd,2012,2249.427
idn,sex_m,geo_cov_urb,mts_details_mrd,2013,2415.486
idn,sex_m,geo_cov_urb,mts_details_mrd,2014,2455.585
idn,sex_m,geo_cov_urb,mts_details_mrd,2015,2714.577
idn,sex_m,geo_cov_urb,mts_details_mrd,2016,3269.213
idn,sex_m,geo_cov_urb,mts_details_mrd,2017,3477.776
idn,sex_m,geo_cov_urb,mts_details_mrd,2018,3574.894
idn,sex_m,geo_cov_urb,mts_details_mrd,2019,3557.609
idn,sex_m,geo_cov_urb,mts_details_mrd,2020,3904.428
idn,sex_m,geo_cov_urb,mts_details_mrd,2021,4616.496
idn,sex_m,geo_cov_urb,mts_details_sep,1996,39.598
idn,sex_m,geo_cov_urb,mts_details_sep,1997,47.886
idn,sex_m,geo_cov_urb,mts_details_sep,1998,42.25
idn,sex_m,geo_cov_urb,mts_details_sep,1999,40.711
idn,sex_m,geo_cov_urb,mts_details_sep,2000,43.822
idn,sex_m,geo_cov_urb,mts_details_sep,2001,42.075
idn,sex_m,geo_cov_urb,mts_details_sep,2002,41.66
idn,sex_m,geo_cov_urb,mts_details_sep,2003,66.12
idn,sex_m,geo_cov_urb,mts_details_sep,2004,51.73
idn,sex_m,geo_cov_urb,mts_details_sep,2005,41.996
idn,sex_m,geo_cov_urb,mts_details_sep,2006,66.208
idn,sex_m,geo_cov_urb,mts_details_sep,2007,66.248
idn,sex_m,geo_cov_urb,mts_details_sep,2008,78.127
idn,sex_m,geo_cov_urb,mts_details_sep,2009,71.879
idn,sex_m,geo_cov_urb,mts_details_sep,2010,74.904
idn,sex_m,geo_cov_urb,mts_details_sep,2011,86.405
idn,sex_m,geo_cov_urb,mts_details_sep,2012,91.513
idn,sex_m,geo_cov_urb,mts_details_sep,2013,77.803
idn,sex_m,geo_cov_urb,mts_details_sep,2014,80.772
idn,sex_m,geo_cov_urb,mts_details_sep,2015,110.645
idn,sex_m,geo_cov_urb,mts_details_sep,2016,137.365
idn,sex_m,geo_cov_urb,mts_details_sep,2017,141.851
idn,sex_m,geo_cov_urb,mts_details_sep,2018,155.449
idn,sex_m,geo_cov_urb,mts_details_sep,2019,164.422
idn,sex_m,geo_cov_urb,mts_details_sep,2020,155.159
idn,sex_m,geo_cov_urb,mts_details_sep,2021,212.772
idn,sex_m,geo_cov_urb,mts_details_sgle,1996,4202.402
idn,sex_m,geo_cov_urb,mts_details_sgle,1997,4409.751
idn,sex_m,geo_cov_urb,mts_details_sgle,1998,4659.281
idn,sex_m,geo_cov_urb,mts_details_sgle,1999,4591.594
idn,sex_m,geo_cov_urb,mts_details_sgle,2000,4536.767
idn,sex_m,geo_cov_urb,mts_details_sgle,2001,4400.617
idn,sex_m,geo_cov_urb,mts_details_sgle,2002,4556.703
idn,sex_m,geo_cov_urb,mts_details_sgle,2003,4999.218
idn,sex_m,geo_cov_urb,mts_details_sgle,2004,4517.334
idn,sex_m,geo_cov_urb,mts_details_sgle,2005,5055.416
idn,sex_m,geo_cov_urb,mts_details_sgle,2006,5158.615
idn,sex_m,geo_cov_urb,mts_details_sgle,2007,4985.81
idn,sex_m,geo_cov_urb,mts_details_sgle,2008,4848.219
idn,sex_m,geo_cov_urb,mts_details_sgle,2009,5144.928
idn,sex_m,geo_cov_urb,mts_details_sgle,2010,5206.193
idn,sex_m,geo_cov_urb,mts_details_sgle,2011,5601.379
idn,sex_m,geo_cov_urb,mts_details_sgle,2012,5684.446
idn,sex_m,geo_cov_urb,mts_details_sgle,2013,5722.007
idn,sex_m,geo_cov_urb,mts_details_sgle,2014,5897.541
idn,sex_m,geo_cov_urb,mts_details_sgle,2015,6387.33
idn,sex_m,geo_cov_urb,mts_details_sgle,2016,6501.223
idn,sex_m,geo_cov_urb,mts_details_sgle,2017,6912.733
idn,sex_m,geo_cov_urb,mts_details_sgle,2018,6678.115
idn,sex_m,geo_cov_urb,mts_details_sgle,2019,6671.719
idn,sex_m,geo_cov_urb,mts_details_sgle,2020,7027.664
idn,sex_m,geo_cov_urb,mts_details_sgle,2021,7882.07
idn,sex_m,geo_cov_urb,mts_details_total,1996,5744.023
idn,sex_m,geo_cov_urb,mts_details_total,1997,6022.779
idn,sex_m,geo_cov_urb,mts_details_total,1998,6431.346
idn,sex_m,geo_cov_urb,mts_details_total,1999,6507.175
idn,sex_m,geo_cov_urb,mts_details_total,2000,6376.673
idn,sex_m,geo_cov_urb,mts_details_total,2001,6371.802
idn,sex_m,geo_cov_urb,mts_details_total,2002,6669.578
idn,sex_m,geo_cov_urb,mts_details_total,2003,7316.442
idn,sex_m,geo_cov_urb,mts_details_total,2004,6709.039
idn,sex_m,geo_cov_urb,mts_details_total,2005,7435.702
idn,sex_m,geo_cov_urb,mts_details_total,2006,7512.529
idn,sex_m,geo_cov_urb,mts_details_total,2007,7588.497
idn,sex_m,geo_cov_urb,mts_details_total,2008,7519.153
idn,sex_m,geo_cov_urb,mts_details_total,2009,7834.182
idn,sex_m,geo_cov_urb,mts_details_total,2010,7810.566
idn,sex_m,geo_cov_urb,mts_details_total,2011,8414.08
idn,sex_m,geo_cov_urb,mts_details_total,2012,8516.464
idn,sex_m,geo_cov_urb,mts_details_total,2013,8718.379
idn,sex_m,geo_cov_urb,mts_details_total,2014,8948.421
idn,sex_m,geo_cov_urb,mts_details_total,2015,9807.274
idn,sex_m,geo_cov_urb,mts_details_total,2016,10588.547
idn,sex_m,geo_cov_urb,mts_details_total,2017,11153.552
idn,sex_m,geo_cov_urb,mts_details_total,2018,11070.836
idn,sex_m,geo_cov_urb,mts_details_total,2019,11099.445
idn,sex_m,geo_cov_urb,mts_details_total,2020,11836.448
idn,sex_m,geo_cov_urb,mts_details_total,2021,13534.295
idn,sex_m,geo_cov_urb,mts_details_wid,1996,234.987
idn,sex_m,geo_cov_urb,mts_details_wid,1997,225.837
idn,sex_m,geo_cov_urb,mts_details_wid,1998,283.567
idn,sex_m,geo_cov_urb,mts_details_wid,1999,273.188
idn,sex_m,geo_cov_urb,mts_details_wid,2000,306.12
idn,sex_m,geo_cov_urb,mts_details_wid,2001,324.984
idn,sex_m,geo_cov_urb,mts_details_wid,2002,351.511
idn,sex_m,geo_cov_urb,mts_details_wid,2003,405.949
idn,sex_m,geo_cov_urb,mts_details_wid,2004,399.491
idn,sex_m,geo_cov_urb,mts_details_wid,2005,390.243
idn,sex_m,geo_cov_urb,mts_details_wid,2006,396.748
idn,sex_m,geo_cov_urb,mts_details_wid,2007,390.645
idn,sex_m,geo_cov_urb,mts_details_wid,2008,385.796
idn,sex_m,geo_cov_urb,mts_details_wid,2009,406.903
idn,sex_m,geo_cov_urb,mts_details_wid,2010,423.612
idn,sex_m,geo_cov_urb,mts_details_wid,2011,457.457
idn,sex_m,geo_cov_urb,mts_details_wid,2012,491.079
idn,sex_m,geo_cov_urb,mts_details_wid,2013,503.084
idn,sex_m,geo_cov_urb,mts_details_wid,2014,514.523
idn,sex_m,geo_cov_urb,mts_details_wid,2015,594.722
idn,sex_m,geo_cov_urb,mts_details_wid,2016,680.747
idn,sex_m,geo_cov_urb,mts_details_wid,2017,621.193
idn,sex_m,geo_cov_urb,mts_details_wid,2018,662.378
idn,sex_m,geo_cov_urb,mts_details_wid,2019,705.695
idn,sex_m,geo_cov_urb,mts_details_wid,2020,749.198
idn,sex_m,geo_cov_urb,mts_details_wid,2021,822.957
idn,sex_t,geo_cov_nat,mts_aggregate_1,1996,20138.09
idn,sex_t,geo_cov_nat,mts_aggregate_1,1997,20785.654
idn,sex_t,geo_cov_nat,mts_aggregate_1,1998,21898.121
idn,sex_t,geo_cov_nat,mts_aggregate_1,1999,21606.446
idn,sex_t,geo_cov_nat,mts_aggregate_1,2000,20608.453
idn,sex_t,geo_cov_nat,mts_aggregate_1,2001,20867.392
idn,sex_t,geo_cov_nat,mts_aggregate_1,2002,21494.91
idn,sex_t,geo_cov_nat,mts_aggregate_1,2003,22283.074
idn,sex_t,geo_cov_nat,mts_aggregate_1,2004,22192.797
idn,sex_t,geo_cov_nat,mts_aggregate_1,2005,25317.621
idn,sex_t,geo_cov_nat,mts_aggregate_1,2006,25412.433
idn,sex_t,geo_cov_nat,mts_aggregate_1,2007,24853.495
idn,sex_t,geo_cov_nat,mts_aggregate_1,2008,25514.703
idn,sex_t,geo_cov_nat,mts_aggregate_1,2009,26586.019
idn,sex_t,geo_cov_nat,mts_aggregate_1,2010,27155.92
idn,sex_t,geo_cov_nat,mts_aggregate_1,2011,26553.67
idn,sex_t,geo_cov_nat,mts_aggregate_1,2012,26812.354
idn,sex_t,geo_cov_nat,mts_aggregate_1,2013,27658.11
idn,sex_t,geo_cov_nat,mts_aggregate_1,2014,28547.468
idn,sex_t,geo_cov_nat,mts_aggregate_1,2015,29021.239
idn,sex_t,geo_cov_nat,mts_aggregate_1,2016,29680.759
idn,sex_t,geo_cov_nat,mts_aggregate_1,2017,30036.054
idn,sex_t,geo_cov_nat,mts_aggregate_1,2018,30252.04
idn,sex_t,geo_cov_nat,mts_aggregate_1,2019,30038.667
idn,sex_t,geo_cov_nat,mts_aggregate_1,2020,31226.029
idn,sex_t,geo_cov_nat,mts_aggregate_1,2021,33813.233
idn,sex_t,geo_cov_nat,mts_aggregate_2,1996,23553.095
idn,sex_t,geo_cov_nat,mts_aggregate_2,1997,24681.861
idn,sex_t,geo_cov_nat,mts_aggregate_2,1998,23923.145
idn,sex_t,geo_cov_nat,mts_aggregate_2,1999,24642.793
idn,sex_t,geo_cov_nat,mts_aggregate_2,2000,24911.391
idn,sex_t,geo_cov_nat,mts_aggregate_2,2001,26478.256
idn,sex_t,geo_cov_nat,mts_aggregate_2,2002,29107.563
idn,sex_t,geo_cov_nat,mts_aggregate_2,2003,29692.819
idn,sex_t,geo_cov_nat,mts_aggregate_2,2004,30650.537
idn,sex_t,geo_cov_nat,mts_aggregate_2,2005,31106.327
idn,sex_t,geo_cov_nat,mts_aggregate_2,2006,32145.858
idn,sex_t,geo_cov_nat,mts_aggregate_2,2007,30573.874
idn,sex_t,geo_cov_nat,mts_aggregate_2,2008,30340.26
idn,sex_t,geo_cov_nat,mts_aggregate_2,2009,30725.127
idn,sex_t,geo_cov_nat,mts_aggregate_2,2010,30169.688
idn,sex_t,geo_cov_nat,mts_aggregate_2,2011,30649.342
idn,sex_t,geo_cov_nat,mts_aggregate_2,2012,30630.265
idn,sex_t,geo_cov_nat,mts_aggregate_2,2013,31862.939
idn,sex_t,geo_cov_nat,mts_aggregate_2,2014,32223.311
idn,sex_t,geo_cov_nat,mts_aggregate_2,2015,32925.628
idn,sex_t,geo_cov_nat,mts_aggregate_2,2016,33766.412
idn,sex_t,geo_cov_nat,mts_aggregate_2,2017,33688.972
idn,sex_t,geo_cov_nat,mts_aggregate_2,2018,33096.29
idn,sex_t,geo_cov_nat,mts_aggregate_2,2019,33638.702
idn,sex_t,geo_cov_nat,mts_aggregate_2,2020,35041.952
idn,sex_t,geo_cov_nat,mts_aggregate_2,2021,36509.55
idn,sex_t,geo_cov_nat,mts_aggregate_total,1996,43691.185
idn,sex_t,geo_cov_nat,mts_aggregate_total,1997,45467.515
idn,sex_t,geo_cov_nat,mts_aggregate_total,1998,45821.266
idn,sex_t,geo_cov_nat,mts_aggregate_total,1999,46249.239
idn,sex_t,geo_cov_nat,mts_aggregate_total,2000,45519.844
idn,sex_t,geo_cov_nat,mts_aggregate_total,2001,47345.648
idn,sex_t,geo_cov_nat,mts_aggregate_total,2002,50602.473
idn,sex_t,geo_cov_nat,mts_aggregate_total,2003,51975.893
idn,sex_t,geo_cov_nat,mts_aggregate_total,2004,52843.334
idn,sex_t,geo_cov_nat,mts_aggregate_total,2005,56423.948
idn,sex_t,geo_cov_nat,mts_aggregate_total,2006,57558.291
idn,sex_t,geo_cov_nat,mts_aggregate_total,2007,55427.369
idn,sex_t,geo_cov_nat,mts_aggregate_total,2008,55854.963
idn,sex_t,geo_cov_nat,mts_aggregate_total,2009,57311.146
idn,sex_t,geo_cov_nat,mts_aggregate_total,2010,57325.608
idn,sex_t,geo_cov_nat,mts_aggregate_total,2011,57203.011
idn,sex_t,geo_cov_nat,mts_aggregate_total,2012,57442.619
idn,sex_t,geo_cov_nat,mts_aggregate_total,2013,59521.049
idn,sex_t,geo_cov_nat,mts_aggregate_total,2014,60770.779
idn,sex_t,geo_cov_nat,mts_aggregate_total,2015,61946.867
idn,sex_t,geo_cov_nat,mts_aggregate_total,2016,63447.171
idn,sex_t,geo_cov_nat,mts_aggregate_total,2017,63725.026
idn,sex_t,geo_cov_nat,mts_aggregate_total,2018,63348.329
idn,sex_t,geo_cov_nat,mts_aggregate_total,2019,63677.369
idn,sex_t,geo_cov_nat,mts_aggregate_total,2020,66267.981
idn,sex_t,geo_cov_nat,mts_aggregate_total,2021,70322.783
idn,sex_t,geo_cov_nat,mts_details_mrd,1996,23553.095
idn,sex_t,geo_cov_nat,mts_details_mrd,1997,24681.861
idn,sex_t,geo_cov_nat,mts_details_mrd,1998,23923.145
idn,sex_t,geo_cov_nat,mts_details_mrd,1999,24642.793
idn,sex_t,geo_cov_nat,mts_details_mrd,2000,24911.391
idn,sex_t,geo_cov_nat,mts_details_mrd,2001,26478.256
idn,sex_t,geo_cov_nat,mts_details_mrd,2002,29107.563
idn,sex_t,geo_cov_nat,mts_details_mrd,2003,29692.819
idn,sex_t,geo_cov_nat,mts_details_mrd,2004,30650.537
idn,sex_t,geo_cov_nat,mts_details_mrd,2005,31106.327
idn,sex_t,geo_cov_nat,mts_details_mrd,2006,32145.858
idn,sex_t,geo_cov_nat,mts_details_mrd,2007,30573.874
idn,sex_t,geo_cov_nat,mts_details_mrd,2008,30340.26
idn,sex_t,geo_cov_nat,mts_details_mrd,2009,30725.127
idn,sex_t,geo_cov_nat,mts_details_mrd,2010,30169.688
idn,sex_t,geo_cov_nat,mts_details_mrd,2011,30649.342
idn,sex_t,geo_cov_nat,mts_details_mrd,2012,30630.265
idn,sex_t,geo_cov_nat,mts_details_mrd,2013,31862.939
idn,sex_t,geo_cov_nat,mts_details_mrd,2014,32223.311
idn,sex_t,geo_cov_nat,mts_details_mrd,2015,32925.628
idn,sex_t,geo_cov_nat,mts_details_mrd,2016,33766.412
idn,sex_t,geo_cov_nat,mts_details_mrd,2017,33688.972
idn,sex_t,geo_cov_nat,mts_details_mrd,2018,33096.29
idn,sex_t,geo_cov_nat,mts_details_mrd,2019,33638.702
idn,sex_t,geo_cov_nat,mts_details_mrd,2020,35041.952
idn,sex_t,geo_cov_nat,mts_details_mrd,2021,36509.55
idn,sex_t,geo_cov_nat,mts_details_sep,1996,654.916
idn,sex_t,geo_cov_nat,mts_details_sep,1997,700.74
idn,sex_t,geo_cov_nat,mts_details_sep,1998,704.298
idn,sex_t,geo_cov_nat,mts_details_sep,1999,671.018
idn,sex_t,geo_cov_nat,mts_details_sep,2000,545.585
idn,sex_t,geo_cov_nat,mts_details_sep,2001,587.683
idn,sex_t,geo_cov_nat,mts_details_sep,2002,596.334
idn,sex_t,geo_cov_nat,mts_details_sep,2003,581.343
idn,sex_t,geo_cov_nat,mts_details_sep,2004,590.251
idn,sex_t,geo_cov_nat,mts_details_sep,2005,648.619
idn,sex_t,geo_cov_nat,mts_details_sep,2006,723.656
idn,sex_t,geo_cov_nat,mts_details_sep,2007,775.13
idn,sex_t,geo_cov_nat,mts_details_sep,2008,893.166
idn,sex_t,geo_cov_nat,mts_details_sep,2009,852.137
idn,sex_t,geo_cov_nat,mts_details_sep,2010,839.239
idn,sex_t,geo_cov_nat,mts_details_sep,2011,858.846
idn,sex_t,geo_cov_nat,mts_details_sep,2012,807.308
idn,sex_t,geo_cov_nat,mts_details_sep,2013,782.979
idn,sex_t,geo_cov_nat,mts_details_sep,2014,827.926
idn,sex_t,geo_cov_nat,mts_details_sep,2015,917.612
idn,sex_t,geo_cov_nat,mts_details_sep,2016,1002.858
idn,sex_t,geo_cov_nat,mts_details_sep,2017,1092.965
idn,sex_t,geo_cov_nat,mts_details_sep,2018,1112.87
idn,sex_t,geo_cov_nat,mts_details_sep,2019,1015.673
idn,sex_t,geo_cov_nat,mts_details_sep,2020,1059.189
idn,sex_t,geo_cov_nat,mts_details_sep,2021,1262.095
idn,sex_t,geo_cov_nat,mts_details_sgle,1996,15119.497
idn,sex_t,geo_cov_nat,mts_details_sgle,1997,15653.838
idn,sex_t,geo_cov_nat,mts_details_sgle,1998,16704.439
idn,sex_t,geo_cov_nat,mts_details_sgle,1999,16299.56
idn,sex_t,geo_cov_nat,mts_details_sgle,2000,15471.41
idn,sex_t,geo_cov_nat,mts_details_sgle,2001,15769.537
idn,sex_t,geo_cov_nat,mts_details_sgle,2002,16151.455
idn,sex_t,geo_cov_nat,mts_details_sgle,2003,16756.453
idn,sex_t,geo_cov_nat,mts_details_sgle,2004,16438.381
idn,sex_t,geo_cov_nat,mts_details_sgle,2005,19367.87
idn,sex_t,geo_cov_nat,mts_details_sgle,2006,19174.208
idn,sex_t,geo_cov_nat,mts_details_sgle,2007,18532.807
idn,sex_t,geo_cov_nat,mts_details_sgle,2008,18708.943
idn,sex_t,geo_cov_nat,mts_details_sgle,2009,19814.2
idn,sex_t,geo_cov_nat,mts_details_sgle,2010,20324.409
idn,sex_t,geo_cov_nat,mts_details_sgle,2011,19435.503
idn,sex_t,geo_cov_nat,mts_details_sgle,2012,19745.61
idn,sex_t,geo_cov_nat,mts_details_sgle,2013,20469.165
idn,sex_t,geo_cov_nat,mts_details_sgle,2014,21189.554
idn,sex_t,geo_cov_nat,mts_details_sgle,2015,21334.928
idn,sex_t,geo_cov_nat,mts_details_sgle,2016,21624.491
idn,sex_t,geo_cov_nat,mts_details_sgle,2017,21856.113
idn,sex_t,geo_cov_nat,mts_details_sgle,2018,21817.739
idn,sex_t,geo_cov_nat,mts_details_sgle,2019,21571.757
idn,sex_t,geo_cov_nat,mts_details_sgle,2020,22487.913
idn,sex_t,geo_cov_nat,mts_details_sgle,2021,24423.791
idn,sex_t,geo_cov_nat,mts_details_total,1996,43691.185
idn,sex_t,geo_cov_nat,mts_details_total,1997,45467.515
idn,sex_t,geo_cov_nat,mts_details_total,1998,45821.266
idn,sex_t,geo_cov_nat,mts_details_total,1999,46249.239
idn,sex_t,geo_cov_nat,mts_details_total,2000,45519.844
idn,sex_t,geo_cov_nat,mts_details_total,2001,47345.648
idn,sex_t,geo_cov_nat,mts_details_total,2002,50602.473
idn,sex_t,geo_cov_nat,mts_details_total,2003,51975.893
idn,sex_t,geo_cov_nat,mts_details_total,2004,52843.334
idn,sex_t,geo_cov_nat,mts_details_total,2005,56423.948
idn,sex_t,geo_cov_nat,mts_details_total,2006,57558.291
idn,sex_t,geo_cov_nat,mts_details_total,2007,55427.369
idn,sex_t,geo_cov_nat,mts_details_total,2008,55854.963
idn,sex_t,geo_cov_nat,mts_details_total,2009,57311.146
idn,sex_t,geo_cov_nat,mts_details_total,2010,57325.608
idn,sex_t,geo_cov_nat,mts_details_total,2011,57203.011
idn,sex_t,geo_cov_nat,mts_details_total,2012,57442.619
idn,sex_t,geo_cov_nat,mts_details_total,2013,59521.049
idn,sex_t,geo_cov_nat,mts_details_total,2014,60770.779
idn,sex_t,geo_cov_nat,mts_details_total,2015,61946.867
idn,sex_t,geo_cov_nat,mts_details_total,2016,63447.171
idn,sex_t,geo_cov_nat,mts_details_total,2017,63725.026
idn,sex_t,geo_cov_nat,mts_details_total,2018,63348.329
idn,sex_t,geo_cov_nat,mts_details_total,2019,63677.369
idn,sex_t,geo_cov_nat,mts_details_total,2020,66267.981
idn,sex_t,geo_cov_nat,mts_details_total,2021,70322.783
idn,sex_t,geo_cov_nat,mts_details_wid,1996,4363.677
idn,sex_t,geo_cov_nat,mts_details_wid,1997,4431.076
idn,sex_t,geo_cov_nat,mts_details_wid,1998,4489.384
idn,sex_t,geo_cov_nat,mts_details_wid,1999,4635.868
idn,sex_t,geo_cov_nat,mts_details_wid,2000,4591.458
idn,sex_t,geo_cov_nat,mts_details_wid,2001,4510.172
idn,sex_t,geo_cov_nat,mts_details_wid,2002,4747.121
idn,sex_t,geo_cov_nat,mts_details_wid,2003,4945.278
idn,sex_t,geo_cov_nat,mts_details_wid,2004,5164.165
idn,sex_t,geo_cov_nat,mts_details_wid,2005,5301.132
idn,sex_t,geo_cov_nat,mts_details_wid,2006,5514.569
idn,sex_t,geo_cov_nat,mts_details_wid,2007,5545.558
idn,sex_t,geo_cov_nat,mts_details_wid,2008,5912.594
idn,sex_t,geo_cov_nat,mts_details_wid,2009,5919.682
idn,sex_t,geo_cov_nat,mts_details_wid,2010,5992.272
idn,sex_t,geo_cov_nat,mts_details_wid,2011,6259.321
idn,sex_t,geo_cov_nat,mts_details_wid,2012,6259.437
idn,sex_t,geo_cov_nat,mts_details_wid,2013,6405.967
idn,sex_t,geo_cov_nat,mts_details_wid,2014,6529.988
idn,sex_t,geo_cov_nat,mts_details_wid,2015,6768.7
idn,sex_t,geo_cov_nat,mts_details_wid,2016,7053.411
idn,sex_t,geo_cov_nat,mts_details_wid,2017,7086.977
idn,sex_t,geo_cov_nat,mts_details_wid,2018,7321.431
idn,sex_t,geo_cov_nat,mts_details_wid,2019,7451.238
idn,sex_t,geo_cov_nat,mts_details_wid,2020,7678.928
idn,sex_t,geo_cov_nat,mts_details_wid,2021,8127.347
idn,sex_t,geo_cov_rur,mts_aggregate_1,1996,9974.394
idn,sex_t,geo_cov_rur,mts_aggregate_1,1997,10144.82
idn,sex_t,geo_cov_rur,mts_aggregate_1,1998,10436.29
idn,sex_t,geo_cov_rur,mts_aggregate_1,1999,10360.885
idn,sex_t,geo_cov_rur,mts_aggregate_1,2000,9498.712
idn,sex_t,geo_cov_rur,mts_aggregate_1,2001,9527.749
idn,sex_t,geo_cov_rur,mts_aggregate_1,2002,9951.363
idn,sex_t,geo_cov_rur,mts_aggregate_1,2003,10246.335
idn,sex_t,geo_cov_rur,mts_aggregate_1,2004,10545.943
idn,sex_t,geo_cov_rur,mts_aggregate_1,2005,12619.374
idn,sex_t,geo_cov_rur,mts_aggregate_1,2006,12628.201
idn,sex_t,geo_cov_rur,mts_aggregate_1,2007,12326.263
idn,sex_t,geo_cov_rur,mts_aggregate_1,2008,12929.349
idn,sex_t,geo_cov_rur,mts_aggregate_1,2009,13528.112
idn,sex_t,geo_cov_rur,mts_aggregate_1,2010,13975.398
idn,sex_t,geo_cov_rur,mts_aggregate_1,2011,12097.846
idn,sex_t,geo_cov_rur,mts_aggregate_1,2012,12051.938
idn,sex_t,geo_cov_rur,mts_aggregate_1,2013,12528.066
idn,sex_t,geo_cov_rur,mts_aggregate_1,2014,12985.774
idn,sex_t,geo_cov_rur,mts_aggregate_1,2015,12088.81
idn,sex_t,geo_cov_rur,mts_aggregate_1,2016,12338.979
idn,sex_t,geo_cov_rur,mts_aggregate_1,2017,11998.314
idn,sex_t,geo_cov_rur,mts_aggregate_1,2018,11996.65
idn,sex_t,geo_cov_rur,mts_aggregate_1,2019,11964.312
idn,sex_t,geo_cov_rur,mts_aggregate_1,2020,12258.47
idn,sex_t,geo_cov_rur,mts_aggregate_1,2021,12953.565
idn,sex_t,geo_cov_rur,mts_aggregate_2,1996,13114.754
idn,sex_t,geo_cov_rur,mts_aggregate_2,1997,13891.487
idn,sex_t,geo_cov_rur,mts_aggregate_2,1998,12702.199
idn,sex_t,geo_cov_rur,mts_aggregate_2,1999,13001.276
idn,sex_t,geo_cov_rur,mts_aggregate_2,2000,12212.252
idn,sex_t,geo_cov_rur,mts_aggregate_2,2001,13101.524
idn,sex_t,geo_cov_rur,mts_aggregate_2,2002,14336.732
idn,sex_t,geo_cov_rur,mts_aggregate_2,2003,15039.472
idn,sex_t,geo_cov_rur,mts_aggregate_2,2004,15519.853
idn,sex_t,geo_cov_rur,mts_aggregate_2,2005,15966.162
idn,sex_t,geo_cov_rur,mts_aggregate_2,2006,16954.685
idn,sex_t,geo_cov_rur,mts_aggregate_2,2007,15788.727
idn,sex_t,geo_cov_rur,mts_aggregate_2,2008,15962.999
idn,sex_t,geo_cov_rur,mts_aggregate_2,2009,16158.772
idn,sex_t,geo_cov_rur,mts_aggregate_2,2010,15883.828
idn,sex_t,geo_cov_rur,mts_aggregate_2,2011,14178.976
idn,sex_t,geo_cov_rur,mts_aggregate_2,2012,14133.166
idn,sex_t,geo_cov_rur,mts_aggregate_2,2013,14556.115
idn,sex_t,geo_cov_rur,mts_aggregate_2,2014,14925.594
idn,sex_t,geo_cov_rur,mts_aggregate_2,2015,13941.478
idn,sex_t,geo_cov_rur,mts_aggregate_2,2016,14352.65
idn,sex_t,geo_cov_rur,mts_aggregate_2,2017,14107.081
idn,sex_t,geo_cov_rur,mts_aggregate_2,2018,13531.485
idn,sex_t,geo_cov_rur,mts_aggregate_2,2019,13617.962
idn,sex_t,geo_cov_rur,mts_aggregate_2,2020,13976.124
idn,sex_t,geo_cov_rur,mts_aggregate_2,2021,14160.712
idn,sex_t,geo_cov_rur,mts_aggregate_total,1996,23089.148
idn,sex_t,geo_cov_rur,mts_aggregate_total,1997,24036.307
idn,sex_t,geo_cov_rur,mts_aggregate_total,1998,23138.489
idn,sex_t,geo_cov_rur,mts_aggregate_total,1999,23362.161
idn,sex_t,geo_cov_rur,mts_aggregate_total,2000,21710.964
idn,sex_t,geo_cov_rur,mts_aggregate_total,2001,22629.273
idn,sex_t,geo_cov_rur,mts_aggregate_total,2002,24288.095
idn,sex_t,geo_cov_rur,mts_aggregate_total,2003,25285.807
idn,sex_t,geo_cov_rur,mts_aggregate_total,2004,26065.796
idn,sex_t,geo_cov_rur,mts_aggregate_total,2005,28585.536
idn,sex_t,geo_cov_rur,mts_aggregate_total,2006,29582.886
idn,sex_t,geo_cov_rur,mts_aggregate_total,2007,28114.99
idn,sex_t,geo_cov_rur,mts_aggregate_total,2008,28892.348
idn,sex_t,geo_cov_rur,mts_aggregate_total,2009,29686.884
idn,sex_t,geo_cov_rur,mts_aggregate_total,2010,29859.225
idn,sex_t,geo_cov_rur,mts_aggregate_total,2011,26276.822
idn,sex_t,geo_cov_rur,mts_aggregate_total,2012,26185.104
idn,sex_t,geo_cov_rur,mts_aggregate_total,2013,27084.18
idn,sex_t,geo_cov_rur,mts_aggregate_total,2014,27911.368
idn,sex_t,geo_cov_rur,mts_aggregate_total,2015,26030.288
idn,sex_t,geo_cov_rur,mts_aggregate_total,2016,26691.628
idn,sex_t,geo_cov_rur,mts_aggregate_total,2017,26105.394
idn,sex_t,geo_cov_rur,mts_aggregate_total,2018,25528.135
idn,sex_t,geo_cov_rur,mts_aggregate_total,2019,25582.274
idn,sex_t,geo_cov_rur,mts_aggregate_total,2020,26234.594
idn,sex_t,geo_cov_rur,mts_aggregate_total,2021,27114.277
idn,sex_t,geo_cov_rur,mts_details_mrd,1996,13114.754
idn,sex_t,geo_cov_rur,mts_details_mrd,1997,13891.487
idn,sex_t,geo_cov_rur,mts_details_mrd,1998,12702.199
idn,sex_t,geo_cov_rur,mts_details_mrd,1999,13001.276
idn,sex_t,geo_cov_rur,mts_details_mrd,2000,12212.252
idn,sex_t,geo_cov_rur,mts_details_mrd,2001,13101.524
idn,sex_t,geo_cov_rur,mts_details_mrd,2002,14336.732
idn,sex_t,geo_cov_rur,mts_details_mrd,2003,15039.472
idn,sex_t,geo_cov_rur,mts_details_mrd,2004,15519.853
idn,sex_t,geo_cov_rur,mts_details_mrd,2005,15966.162
idn,sex_t,geo_cov_rur,mts_details_mrd,2006,16954.685
idn,sex_t,geo_cov_rur,mts_details_mrd,2007,15788.727
idn,sex_t,geo_cov_rur,mts_details_mrd,2008,15962.999
idn,sex_t,geo_cov_rur,mts_details_mrd,2009,16158.772
idn,sex_t,geo_cov_rur,mts_details_mrd,2010,15883.828
idn,sex_t,geo_cov_rur,mts_details_mrd,2011,14178.976
idn,sex_t,geo_cov_rur,mts_details_mrd,2012,14133.166
idn,sex_t,geo_cov_rur,mts_details_mrd,2013,14556.115
idn,sex_t,geo_cov_rur,mts_details_mrd,2014,14925.594
idn,sex_t,geo_cov_rur,mts_details_mrd,2015,13941.478
idn,sex_t,geo_cov_rur,mts_details_mrd,2016,14352.65
idn,sex_t,geo_cov_rur,mts_details_mrd,2017,14107.081
idn,sex_t,geo_cov_rur,mts_details_mrd,2018,13531.485
idn,sex_t,geo_cov_rur,mts_details_mrd,2019,13617.962
idn,sex_t,geo_cov_rur,mts_details_mrd,2020,13976.124
idn,sex_t,geo_cov_rur,mts_details_mrd,2021,14160.712
idn,sex_t,geo_cov_rur,mts_details_sep,1996,420.228
idn,sex_t,geo_cov_rur,mts_details_sep,1997,410.58
idn,sex_t,geo_cov_rur,mts_details_sep,1998,413.547
idn,sex_t,geo_cov_rur,mts_details_sep,1999,394.108
idn,sex_t,geo_cov_rur,mts_details_sep,2000,283.876
idn,sex_t,geo_cov_rur,mts_details_sep,2001,307.734
idn,sex_t,geo_cov_rur,mts_details_sep,2002,337.899
idn,sex_t,geo_cov_rur,mts_details_sep,2003,296.751
idn,sex_t,geo_cov_rur,mts_details_sep,2004,317.48
idn,sex_t,geo_cov_rur,mts_details_sep,2005,353.173
idn,sex_t,geo_cov_rur,mts_details_sep,2006,410.368
idn,sex_t,geo_cov_rur,mts_details_sep,2007,443.82
idn,sex_t,geo_cov_rur,mts_details_sep,2008,497.864
idn,sex_t,geo_cov_rur,mts_details_sep,2009,478.491
idn,sex_t,geo_cov_rur,mts_details_sep,2010,484.278
idn,sex_t,geo_cov_rur,mts_details_sep,2011,427.455
idn,sex_t,geo_cov_rur,mts_details_sep,2012,393.082
idn,sex_t,geo_cov_rur,mts_details_sep,2013,383.8
idn,sex_t,geo_cov_rur,mts_details_sep,2014,401.606
idn,sex_t,geo_cov_rur,mts_details_sep,2015,401.875
idn,sex_t,geo_cov_rur,mts_details_sep,2016,473.299
idn,sex_t,geo_cov_rur,mts_details_sep,2017,439.757
idn,sex_t,geo_cov_rur,mts_details_sep,2018,433.636
idn,sex_t,geo_cov_rur,mts_details_sep,2019,403.072
idn,sex_t,geo_cov_rur,mts_details_sep,2020,411.638
idn,sex_t,geo_cov_rur,mts_details_sep,2021,470.732
idn,sex_t,geo_cov_rur,mts_details_sgle,1996,6913.144
idn,sex_t,geo_cov_rur,mts_details_sgle,1997,7068.761
idn,sex_t,geo_cov_rur,mts_details_sgle,1998,7425.601
idn,sex_t,geo_cov_rur,mts_details_sgle,1999,7307.758
idn,sex_t,geo_cov_rur,mts_details_sgle,2000,6604.101
idn,sex_t,geo_cov_rur,mts_details_sgle,2001,6859.404
idn,sex_t,geo_cov_rur,mts_details_sgle,2002,7116.323
idn,sex_t,geo_cov_rur,mts_details_sgle,2003,7283.147
idn,sex_t,geo_cov_rur,mts_details_sgle,2004,7456.447
idn,sex_t,geo_cov_rur,mts_details_sgle,2005,9378.01
idn,sex_t,geo_cov_rur,mts_details_sgle,2006,9086.127
idn,sex_t,geo_cov_rur,mts_details_sgle,2007,8781.828
idn,sex_t,geo_cov_rur,mts_details_sgle,2008,9122.904
idn,sex_t,geo_cov_rur,mts_details_sgle,2009,9750.091
idn,sex_t,geo_cov_rur,mts_details_sgle,2010,10066.616
idn,sex_t,geo_cov_rur,mts_details_sgle,2011,8498.069
idn,sex_t,geo_cov_rur,mts_details_sgle,2012,8631.651
idn,sex_t,geo_cov_rur,mts_details_sgle,2013,9022.692
idn,sex_t,geo_cov_rur,mts_details_sgle,2014,9445.199
idn,sex_t,geo_cov_rur,mts_details_sgle,2015,8691.18
idn,sex_t,geo_cov_rur,mts_details_sgle,2016,8791.09
idn,sex_t,geo_cov_rur,mts_details_sgle,2017,8503.477
idn,sex_t,geo_cov_rur,mts_details_sgle,2018,8427.831
idn,sex_t,geo_cov_rur,mts_details_sgle,2019,8441.933
idn,sex_t,geo_cov_rur,mts_details_sgle,2020,8640.967
idn,sex_t,geo_cov_rur,mts_details_sgle,2021,9217.161
idn,sex_t,geo_cov_rur,mts_details_total,1996,23089.148
idn,sex_t,geo_cov_rur,mts_details_total,1997,24036.307
idn,sex_t,geo_cov_rur,mts_details_total,1998,23138.489
idn,sex_t,geo_cov_rur,mts_details_total,1999,23362.161
idn,sex_t,geo_cov_rur,mts_details_total,2000,21710.964
idn,sex_t,geo_cov_rur,mts_details_total,2001,22629.273
idn,sex_t,geo_cov_rur,mts_details_total,2002,24288.095
idn,sex_t,geo_cov_rur,mts_details_total,2003,25285.807
idn,sex_t,geo_cov_rur,mts_details_total,2004,26065.796
idn,sex_t,geo_cov_rur,mts_details_total,2005,28585.536
idn,sex_t,geo_cov_rur,mts_details_total,2006,29582.886
idn,sex_t,geo_cov_rur,mts_details_total,2007,28114.99
idn,sex_t,geo_cov_rur,mts_details_total,2008,28892.348
idn,sex_t,geo_cov_rur,mts_details_total,2009,29686.884
idn,sex_t,geo_cov_rur,mts_details_total,2010,29859.225
idn,sex_t,geo_cov_rur,mts_details_total,2011,26276.822
idn,sex_t,geo_cov_rur,mts_details_total,2012,26185.104
idn,sex_t,geo_cov_rur,mts_details_total,2013,27084.18
idn,sex_t,geo_cov_rur,mts_details_total,2014,27911.368
idn,sex_t,geo_cov_rur,mts_details_total,2015,26030.288
idn,sex_t,geo_cov_rur,mts_details_total,2016,26691.628
idn,sex_t,geo_cov_rur,mts_details_total,2017,26105.394
idn,sex_t,geo_cov_rur,mts_details_total,2018,25528.135
idn,sex_t,geo_cov_rur,mts_details_total,2019,25582.274
idn,sex_t,geo_cov_rur,mts_details_total,2020,26234.594
idn,sex_t,geo_cov_rur,mts_details_total,2021,27114.277
idn,sex_t,geo_cov_rur,mts_details_wid,1996,2641.022
idn,sex_t,geo_cov_rur,mts_details_wid,1997,2665.479
idn,sex_t,geo_cov_rur,mts_details_wid,1998,2597.142
idn,sex_t,geo_cov_rur,mts_details_wid,1999,2659.019
idn,sex_t,geo_cov_rur,mts_details_wid,2000,2610.735
idn,sex_t,geo_cov_rur,mts_details_wid,2001,2360.611
idn,sex_t,geo_cov_rur,mts_details_wid,2002,2497.141
idn,sex_t,geo_cov_rur,mts_details_wid,2003,2666.437
idn,sex_t,geo_cov_rur,mts_details_wid,2004,2772.016
idn,sex_t,geo_cov_rur,mts_details_wid,2005,2888.191
idn,sex_t,geo_cov_rur,mts_details_wid,2006,3131.706
idn,sex_t,geo_cov_rur,mts_details_wid,2007,3100.615
idn,sex_t,geo_cov_rur,mts_details_wid,2008,3308.582
idn,sex_t,geo_cov_rur,mts_details_wid,2009,3299.531
idn,sex_t,geo_cov_rur,mts_details_wid,2010,3424.504
idn,sex_t,geo_cov_rur,mts_details_wid,2011,3172.322
idn,sex_t,geo_cov_rur,mts_details_wid,2012,3027.206
idn,sex_t,geo_cov_rur,mts_details_wid,2013,3121.574
idn,sex_t,geo_cov_rur,mts_details_wid,2014,3138.97
idn,sex_t,geo_cov_rur,mts_details_wid,2015,2995.756
idn,sex_t,geo_cov_rur,mts_details_wid,2016,3074.591
idn,sex_t,geo_cov_rur,mts_details_wid,2017,3055.08
idn,sex_t,geo_cov_rur,mts_details_wid,2018,3135.184
idn,sex_t,geo_cov_rur,mts_details_wid,2019,3119.307
idn,sex_t,geo_cov_rur,mts_details_wid,2020,3205.865
idn,sex_t,geo_cov_rur,mts_details_wid,2021,3265.673
idn,sex_t,geo_cov_urb,mts_aggregate_1,1996,10163.696
idn,sex_t,geo_cov_urb,mts_aggregate_1,1997,10640.834
idn,sex_t,geo_cov_urb,mts_aggregate_1,1998,11461.831
idn,sex_t,geo_cov_urb,mts_aggregate_1,1999,11245.561
idn,sex_t,geo_cov_urb,mts_aggregate_1,2000,11109.741
idn,sex_t,geo_cov_urb,mts_aggregate_1,2001,11339.643
idn,sex_t,geo_cov_urb,mts_aggregate_1,2002,11543.547
idn,sex_t,geo_cov_urb,mts_aggregate_1,2003,12036.739
idn,sex_t,geo_cov_urb,mts_aggregate_1,2004,11646.854
idn,sex_t,geo_cov_urb,mts_aggregate_1,2005,12698.247
idn,sex_t,geo_cov_urb,mts_aggregate_1,2006,12784.232
idn,sex_t,geo_cov_urb,mts_aggregate_1,2007,12527.232
idn,sex_t,geo_cov_urb,mts_aggregate_1,2008,12585.354
idn,sex_t,geo_cov_urb,mts_aggregate_1,2009,13057.907
idn,sex_t,geo_cov_urb,mts_aggregate_1,2010,13180.522
idn,sex_t,geo_cov_urb,mts_aggregate_1,2011,14455.824
idn,sex_t,geo_cov_urb,mts_aggregate_1,2012,14760.416
idn,sex_t,geo_cov_urb,mts_aggregate_1,2013,15130.045
idn,sex_t,geo_cov_urb,mts_aggregate_1,2014,15561.694
idn,sex_t,geo_cov_urb,mts_aggregate_1,2015,16932.43
idn,sex_t,geo_cov_urb,mts_aggregate_1,2016,17341.781
idn,sex_t,geo_cov_urb,mts_aggregate_1,2017,18037.741
idn,sex_t,geo_cov_urb,mts_aggregate_1,2018,18255.39
idn,sex_t,geo_cov_urb,mts_aggregate_1,2019,18074.355
idn,sex_t,geo_cov_urb,mts_aggregate_1,2020,18967.559
idn,sex_t,geo_cov_urb,mts_aggregate_1,2021,20859.668
idn,sex_t,geo_cov_urb,mts_aggregate_2,1996,10438.341
idn,sex_t,geo_cov_urb,mts_aggregate_2,1997,10790.374
idn,sex_t,geo_cov_urb,mts_aggregate_2,1998,11220.946
idn,sex_t,geo_cov_urb,mts_aggregate_2,1999,11641.517
idn,sex_t,geo_cov_urb,mts_aggregate_2,2000,12699.139
idn,sex_t,geo_cov_urb,mts_aggregate_2,2001,13376.732
idn,sex_t,geo_cov_urb,mts_aggregate_2,2002,14770.831
idn,sex_t,geo_cov_urb,mts_aggregate_2,2003,14653.347
idn,sex_t,geo_cov_urb,mts_aggregate_2,2004,15130.684
idn,sex_t,geo_cov_urb,mts_aggregate_2,2005,15140.165
idn,sex_t,geo_cov_urb,mts_aggregate_2,2006,15191.173
idn,sex_t,geo_cov_urb,mts_aggregate_2,2007,14785.147
idn,sex_t,geo_cov_urb,mts_aggregate_2,2008,14377.262
idn,sex_t,geo_cov_urb,mts_aggregate_2,2009,14566.355
idn,sex_t,geo_cov_urb,mts_aggregate_2,2010,14285.861
idn,sex_t,geo_cov_urb,mts_aggregate_2,2011,16470.366
idn,sex_t,geo_cov_urb,mts_aggregate_2,2012,16497.099
idn,sex_t,geo_cov_urb,mts_aggregate_2,2013,17306.824
idn,sex_t,geo_cov_urb,mts_aggregate_2,2014,17297.718
idn,sex_t,geo_cov_urb,mts_aggregate_2,2015,18984.15
idn,sex_t,geo_cov_urb,mts_aggregate_2,2016,19413.763
idn,sex_t,geo_cov_urb,mts_aggregate_2,2017,19581.891
idn,sex_t,geo_cov_urb,mts_aggregate_2,2018,19564.805
idn,sex_t,geo_cov_urb,mts_aggregate_2,2019,20020.74
idn,sex_t,geo_cov_urb,mts_aggregate_2,2020,21065.828
idn,sex_t,geo_cov_urb,mts_aggregate_2,2021,22348.838
idn,sex_t,geo_cov_urb,mts_aggregate_total,1996,20602.037
idn,sex_t,geo_cov_urb,mts_aggregate_total,1997,21431.208
idn,sex_t,geo_cov_urb,mts_aggregate_total,1998,22682.777
idn,sex_t,geo_cov_urb,mts_aggregate_total,1999,22887.078
idn,sex_t,geo_cov_urb,mts_aggregate_total,2000,23808.88
idn,sex_t,geo_cov_urb,mts_aggregate_total,2001,24716.375
idn,sex_t,geo_cov_urb,mts_aggregate_total,2002,26314.378
idn,sex_t,geo_cov_urb,mts_aggregate_total,2003,26690.086
idn,sex_t,geo_cov_urb,mts_aggregate_total,2004,26777.538
idn,sex_t,geo_cov_urb,mts_aggregate_total,2005,27838.412
idn,sex_t,geo_cov_urb,mts_aggregate_total,2006,27975.405
idn,sex_t,geo_cov_urb,mts_aggregate_total,2007,27312.379
idn,sex_t,geo_cov_urb,mts_aggregate_total,2008,26962.615
idn,sex_t,geo_cov_urb,mts_aggregate_total,2009,27624.262
idn,sex_t,geo_cov_urb,mts_aggregate_total,2010,27466.383
idn,sex_t,geo_cov_urb,mts_aggregate_total,2011,30926.19
idn,sex_t,geo_cov_urb,mts_aggregate_total,2012,31257.515
idn,sex_t,geo_cov_urb,mts_aggregate_total,2013,32436.869
idn,sex_t,geo_cov_urb,mts_aggregate_total,2014,32859.411
idn,sex_t,geo_cov_urb,mts_aggregate_total,2015,35916.58
idn,sex_t,geo_cov_urb,mts_aggregate_total,2016,36755.543
idn,sex_t,geo_cov_urb,mts_aggregate_total,2017,37619.632
idn,sex_t,geo_cov_urb,mts_aggregate_total,2018,37820.194
idn,sex_t,geo_cov_urb,mts_aggregate_total,2019,38095.095
idn,sex_t,geo_cov_urb,mts_aggregate_total,2020,40033.387
idn,sex_t,geo_cov_urb,mts_aggregate_total,2021,43208.506
idn,sex_t,geo_cov_urb,mts_details_mrd,1996,10438.341
idn,sex_t,geo_cov_urb,mts_details_mrd,1997,10790.374
idn,sex_t,geo_cov_urb,mts_details_mrd,1998,11220.946
idn,sex_t,geo_cov_urb,mts_details_mrd,1999,11641.517
idn,sex_t,geo_cov_urb,mts_details_mrd,2000,12699.139
idn,sex_t,geo_cov_urb,mts_details_mrd,2001,13376.732
idn,sex_t,geo_cov_urb,mts_details_mrd,2002,14770.831
idn,sex_t,geo_cov_urb,mts_details_mrd,2003,14653.347
idn,sex_t,geo_cov_urb,mts_details_mrd,2004,15130.684
idn,sex_t,geo_cov_urb,mts_details_mrd,2005,15140.165
idn,sex_t,geo_cov_urb,mts_details_mrd,2006,15191.173
idn,sex_t,geo_cov_urb,mts_details_mrd,2007,14785.147
idn,sex_t,geo_cov_urb,mts_details_mrd,2008,14377.262
idn,sex_t,geo_cov_urb,mts_details_mrd,2009,14566.355
idn,sex_t,geo_cov_urb,mts_details_mrd,2010,14285.861
idn,sex_t,geo_cov_urb,mts_details_mrd,2011,16470.366
idn,sex_t,geo_cov_urb,mts_details_mrd,2012,16497.099
idn,sex_t,geo_cov_urb,mts_details_mrd,2013,17306.824
idn,sex_t,geo_cov_urb,mts_details_mrd,2014,17297.718
idn,sex_t,geo_cov_urb,mts_details_mrd,2015,18984.15
idn,sex_t,geo_cov_urb,mts_details_mrd,2016,19413.763
idn,sex_t,geo_cov_urb,mts_details_mrd,2017,19581.891
idn,sex_t,geo_cov_urb,mts_details_mrd,2018,19564.805
idn,sex_t,geo_cov_urb,mts_details_mrd,2019,20020.74
idn,sex_t,geo_cov_urb,mts_details_mrd,2020,21065.828
idn,sex_t,geo_cov_urb,mts_details_mrd,2021,22348.838
idn,sex_t,geo_cov_urb,mts_details_sep,1996,234.688
idn,sex_t,geo_cov_urb,mts_details_sep,1997,290.16
idn,sex_t,geo_cov_urb,mts_details_sep,1998,290.751
idn,sex_t,geo_cov_urb,mts_details_sep,1999,276.91
idn,sex_t,geo_cov_urb,mts_details_sep,2000,261.709
idn,sex_t,geo_cov_urb,mts_details_sep,2001,279.949
idn,sex_t,geo_cov_urb,mts_details_sep,2002,258.435
idn,sex_t,geo_cov_urb,mts_details_sep,2003,284.592
idn,sex_t,geo_cov_urb,mts_details_sep,2004,272.771
idn,sex_t,geo_cov_urb,mts_details_sep,2005,295.446
idn,sex_t,geo_cov_urb,mts_details_sep,2006,313.288
idn,sex_t,geo_cov_urb,mts_details_sep,2007,331.31
idn,sex_t,geo_cov_urb,mts_details_sep,2008,395.303
idn,sex_t,geo_cov_urb,mts_details_sep,2009,373.647
idn,sex_t,geo_cov_urb,mts_details_sep,2010,354.961
idn,sex_t,geo_cov_urb,mts_details_sep,2011,431.391
idn,sex_t,geo_cov_urb,mts_details_sep,2012,414.227
idn,sex_t,geo_cov_urb,mts_details_sep,2013,399.179
idn,sex_t,geo_cov_urb,mts_details_sep,2014,426.32
idn,sex_t,geo_cov_urb,mts_details_sep,2015,515.737
idn,sex_t,geo_cov_urb,mts_details_sep,2016,529.559
idn,sex_t,geo_cov_urb,mts_details_sep,2017,653.208
idn,sex_t,geo_cov_urb,mts_details_sep,2018,679.234
idn,sex_t,geo_cov_urb,mts_details_sep,2019,612.601
idn,sex_t,geo_cov_urb,mts_details_sep,2020,647.551
idn,sex_t,geo_cov_urb,mts_details_sep,2021,791.363
idn,sex_t,geo_cov_urb,mts_details_sgle,1996,8206.353
idn,sex_t,geo_cov_urb,mts_details_sgle,1997,8585.077
idn,sex_t,geo_cov_urb,mts_details_sgle,1998,9278.838
idn,sex_t,geo_cov_urb,mts_details_sgle,1999,8991.802
idn,sex_t,geo_cov_urb,mts_details_sgle,2000,8867.309
idn,sex_t,geo_cov_urb,mts_details_sgle,2001,8910.133
idn,sex_t,geo_cov_urb,mts_details_sgle,2002,9035.132
idn,sex_t,geo_cov_urb,mts_details_sgle,2003,9473.306
idn,sex_t,geo_cov_urb,mts_details_sgle,2004,8981.934
idn,sex_t,geo_cov_urb,mts_details_sgle,2005,9989.86
idn,sex_t,geo_cov_urb,mts_details_sgle,2006,10088.081
idn,sex_t,geo_cov_urb,mts_details_sgle,2007,9750.979
idn,sex_t,geo_cov_urb,mts_details_sgle,2008,9586.039
idn,sex_t,geo_cov_urb,mts_details_sgle,2009,10064.109
idn,sex_t,geo_cov_urb,mts_details_sgle,2010,10257.793
idn,sex_t,geo_cov_urb,mts_details_sgle,2011,10937.434
idn,sex_t,geo_cov_urb,mts_details_sgle,2012,11113.959
idn,sex_t,geo_cov_urb,mts_details_sgle,2013,11446.473
idn,sex_t,geo_cov_urb,mts_details_sgle,2014,11744.355
idn,sex_t,geo_cov_urb,mts_details_sgle,2015,12643.748
idn,sex_t,geo_cov_urb,mts_details_sgle,2016,12833.402
idn,sex_t,geo_cov_urb,mts_details_sgle,2017,13352.636
idn,sex_t,geo_cov_urb,mts_details_sgle,2018,13389.908
idn,sex_t,geo_cov_urb,mts_details_sgle,2019,13129.824
idn,sex_t,geo_cov_urb,mts_details_sgle,2020,13846.946
idn,sex_t,geo_cov_urb,mts_details_sgle,2021,15206.631
idn,sex_t,geo_cov_urb,mts_details_total,1996,20602.037
idn,sex_t,geo_cov_urb,mts_details_total,1997,21431.208
idn,sex_t,geo_cov_urb,mts_details_total,1998,22682.777
idn,sex_t,geo_cov_urb,mts_details_total,1999,22887.078
idn,sex_t,geo_cov_urb,mts_details_total,2000,23808.88
idn,sex_t,geo_cov_urb,mts_details_total,2001,24716.375
idn,sex_t,geo_cov_urb,mts_details_total,2002,26314.378
idn,sex_t,geo_cov_urb,mts_details_total,2003,26690.086
idn,sex_t,geo_cov_urb,mts_details_total,2004,26777.538
idn,sex_t,geo_cov_urb,mts_details_total,2005,27838.412
idn,sex_t,geo_cov_urb,mts_details_total,2006,27975.405
idn,sex_t,geo_cov_urb,mts_details_total,2007,27312.379
idn,sex_t,geo_cov_urb,mts_details_total,2008,26962.615
idn,sex_t,geo_cov_urb,mts_details_total,2009,27624.262
idn,sex_t,geo_cov_urb,mts_details_total,2010,27466.383
idn,sex_t,geo_cov_urb,mts_details_total,2011,30926.19
idn,sex_t,geo_cov_urb,mts_details_total,2012,31257.515
idn,sex_t,geo_cov_urb,mts_details_total,2013,32436.869
idn,sex_t,geo_cov_urb,mts_details_total,2014,32859.411
idn,sex_t,geo_cov_urb,mts_details_total,2015,35916.58
idn,sex_t,geo_cov_urb,mts_details_total,2016,36755.543
idn,sex_t,geo_cov_urb,mts_details_total,2017,37619.632
idn,sex_t,geo_cov_urb,mts_details_total,2018,37820.194
idn,sex_t,geo_cov_urb,mts_details_total,2019,38095.095
idn,sex_t,geo_cov_urb,mts_details_total,2020,40033.387
idn,sex_t,geo_cov_urb,mts_details_total,2021,43208.506
idn,sex_t,geo_cov_urb,mts_details_wid,1996,1722.655
idn,sex_t,geo_cov_urb,mts_details_wid,1997,1765.597
idn,sex_t,geo_cov_urb,mts_details_wid,1998,1892.242
idn,sex_t,geo_cov_urb,mts_details_wid,1999,1976.849
idn,sex_t,geo_cov_urb,mts_details_wid,2000,1980.723
idn,sex_t,geo_cov_urb,mts_details_wid,2001,2149.561
idn,sex_t,geo_cov_urb,mts_details_wid,2002,2249.98
idn,sex_t,geo_cov_urb,mts_details_wid,2003,2278.841
idn,sex_t,geo_cov_urb,mts_details_wid,2004,2392.149
idn,sex_t,geo_cov_urb,mts_details_wid,2005,2412.941
idn,sex_t,geo_cov_urb,mts_details_wid,2006,2382.863
idn,sex_t,geo_cov_urb,mts_details_wid,2007,2444.943
idn,sex_t,geo_cov_urb,mts_details_wid,2008,2604.012
idn,sex_t,geo_cov_urb,mts_details_wid,2009,2620.152
idn,sex_t,geo_cov_urb,mts_details_wid,2010,2567.768
idn,sex_t,geo_cov_urb,mts_details_wid,2011,3086.999
idn,sex_t,geo_cov_urb,mts_details_wid,2012,3232.231
idn,sex_t,geo_cov_urb,mts_details_wid,2013,3284.393
idn,sex_t,geo_cov_urb,mts_details_wid,2014,3391.019
idn,sex_t,geo_cov_urb,mts_details_wid,2015,3772.945
idn,sex_t,geo_cov_urb,mts_details_wid,2016,3978.82
idn,sex_t,geo_cov_urb,mts_details_wid,2017,4031.897
idn,sex_t,geo_cov_urb,mts_details_wid,2018,4186.248
idn,sex_t,geo_cov_urb,mts_details_wid,2019,4331.931
idn,sex_t,geo_cov_urb,mts_details_wid,2020,4473.063
idn,sex_t,geo_cov_urb,mts_details_wid,2021,4861.675
ind,sex_f,geo_cov_nat,mts_aggregate_1,1994,48626.283
ind,sex_f,geo_cov_nat,mts_aggregate_1,2000,57458.413
ind,sex_f,geo_cov_nat,mts_aggregate_1,2005,65203.563
ind,sex_f,geo_cov_nat,mts_aggregate_1,2010,73574.052
ind,sex_f,geo_cov_nat,mts_aggregate_1,2012,82618.717
ind,sex_f,geo_cov_nat,mts_aggregate_1,2018,97646.48
ind,sex_f,geo_cov_nat,mts_aggregate_1,2019,101859.856
ind,sex_f,geo_cov_nat,mts_aggregate_2,1994,125736.321
ind,sex_f,geo_cov_nat,mts_aggregate_2,2000,142656.955
ind,sex_f,geo_cov_nat,mts_aggregate_2,2005,156136.924
ind,sex_f,geo_cov_nat,mts_aggregate_2,2010,173112.236
ind,sex_f,geo_cov_nat,mts_aggregate_2,2012,191016.316
ind,sex_f,geo_cov_nat,mts_aggregate_2,2018,212631.767
ind,sex_f,geo_cov_nat,mts_aggregate_2,2019,210152.345
ind,sex_f,geo_cov_nat,mts_aggregate_total,1994,174386.3
ind,sex_f,geo_cov_nat,mts_aggregate_total,2000,200181.508
ind,sex_f,geo_cov_nat,mts_aggregate_total,2005,221348.056
ind,sex_f,geo_cov_nat,mts_aggregate_total,2010,246991.763
ind,sex_f,geo_cov_nat,mts_aggregate_total,2012,273647.104
ind,sex_f,geo_cov_nat,mts_aggregate_total,2018,310278.247
ind,sex_f,geo_cov_nat,mts_aggregate_total,2019,312032.203
ind,sex_f,geo_cov_nat,mts_aggregate_x,1994,23.695
ind,sex_f,geo_cov_nat,mts_aggregate_x,2000,66.139
ind,sex_f,geo_cov_nat,mts_aggregate_x,2010,305.474
ind,sex_f,geo_cov_nat,mts_aggregate_x,2012,12.071
ind,sex_f,geo_cov_nat,mts_aggregate_x,2019,20.002
ind,sex_f,geo_cov_nat,mts_details_mrd,1994,125736.321
ind,sex_f,geo_cov_nat,mts_details_mrd,2000,142656.955
ind,sex_f,geo_cov_nat,mts_details_mrd,2005,156136.924
ind,sex_f,geo_cov_nat,mts_details_mrd,2010,173112.236
ind,sex_f,geo_cov_nat,mts_details_mrd,2012,191016.316
ind,sex_f,geo_cov_nat,mts_details_mrd,2018,212631.767
ind,sex_f,geo_cov_nat,mts_details_mrd,2019,210152.345
ind,sex_f,geo_cov_nat,mts_details_sep,1994,875.536
ind,sex_f,geo_cov_nat,mts_details_sep,2000,865.432
ind,sex_f,geo_cov_nat,mts_details_sep,2005,986.26
ind,sex_f,geo_cov_nat,mts_details_sep,2010,646.114
ind,sex_f,geo_cov_nat,mts_details_sep,2012,827.505
ind,sex_f,geo_cov_nat,mts_details_sep,2018,786.558
ind,sex_f,geo_cov_nat,mts_details_sep,2019,1142.757
ind,sex_f,geo_cov_nat,mts_details_sgle,1994,25943.386
ind,sex_f,geo_cov_nat,mts_details_sgle,2000,33013.462
ind,sex_f,geo_cov_nat,mts_details_sgle,2005,38118.858
ind,sex_f,geo_cov_nat,mts_details_sgle,2010,47003.028
ind,sex_f,geo_cov_nat,mts_details_sgle,2012,52926.488
ind,sex_f,geo_cov_nat,mts_details_sgle,2018,62393.612
ind,sex_f,geo_cov_nat,mts_details_sgle,2019,64365.745
ind,sex_f,geo_cov_nat,mts_details_total,1994,174386.3
ind,sex_f,geo_cov_nat,mts_details_total,2000,200181.508
ind,sex_f,geo_cov_nat,mts_details_total,2005,221348.056
ind,sex_f,geo_cov_nat,mts_details_total,2010,246991.763
ind,sex_f,geo_cov_nat,mts_details_total,2012,273647.104
ind,sex_f,geo_cov_nat,mts_details_total,2018,310278.247
ind,sex_f,geo_cov_nat,mts_details_total,2019,312032.203
ind,sex_f,geo_cov_nat,mts_details_wid,1994,21807.361
ind,sex_f,geo_cov_nat,mts_details_wid,2000,23579.519
ind,sex_f,geo_cov_nat,mts_details_wid,2005,26098.445
ind,sex_f,geo_cov_nat,mts_details_wid,2010,25924.91
ind,sex_f,geo_cov_nat,mts_details_wid,2012,28864.725
ind,sex_f,geo_cov_nat,mts_details_wid,2018,34466.309
ind,sex_f,geo_cov_nat,mts_details_wid,2019,36351.353
ind,sex_f,geo_cov_nat,mts_details_x,1994,23.695
ind,sex_f,geo_cov_nat,mts_details_x,2000,66.139
ind,sex_f,geo_cov_nat,mts_details_x,2010,305.474
ind,sex_f,geo_cov_nat,mts_details_x,2012,12.071
ind,sex_f,geo_cov_nat,mts_details_x,2019,20.002
ind,sex_f,geo_cov_rur,mts_aggregate_1,1994,32902.063
ind,sex_f,geo_cov_rur,mts_aggregate_1,2000,37845.434
ind,sex_f,geo_cov_rur,mts_aggregate_1,2005,43948.646
ind,sex_f,geo_cov_rur,mts_aggregate_1,2010,48288.428
ind,sex_f,geo_cov_rur,mts_aggregate_1,2012,54136.423
ind,sex_f,geo_cov_rur,mts_aggregate_1,2018,65210.214
ind,sex_f,geo_cov_rur,mts_aggregate_1,2019,67153.248
ind,sex_f,geo_cov_rur,mts_aggregate_2,1994,91065.913
ind,sex_f,geo_cov_rur,mts_aggregate_2,2000,99710.777
ind,sex_f,geo_cov_rur,mts_aggregate_2,2005,110075.791
ind,sex_f,geo_cov_rur,mts_aggregate_2,2010,117902.255
ind,sex_f,geo_cov_rur,mts_aggregate_2,2012,128969.726
ind,sex_f,geo_cov_rur,mts_aggregate_2,2018,148139.662
ind,sex_f,geo_cov_rur,mts_aggregate_2,2019,141084.433
ind,sex_f,geo_cov_rur,mts_aggregate_total,1994,123989.86
ind,sex_f,geo_cov_rur,mts_aggregate_total,2000,137612.483
ind,sex_f,geo_cov_rur,mts_aggregate_total,2005,154032.006
ind,sex_f,geo_cov_rur,mts_aggregate_total,2010,166421.809
ind,sex_f,geo_cov_rur,mts_aggregate_total,2012,183112.391
ind,sex_f,geo_cov_rur,mts_aggregate_total,2018,213349.876
ind,sex_f,geo_cov_rur,mts_aggregate_total,2019,208247.147
ind,sex_f,geo_cov_rur,mts_aggregate_x,1994,21.885
ind,sex_f,geo_cov_rur,mts_aggregate_x,2000,56.272
ind,sex_f,geo_cov_rur,mts_aggregate_x,2010,231.126
ind,sex_f,geo_cov_rur,mts_aggregate_x,2012,6.242
ind,sex_f,geo_cov_rur,mts_details_mrd,1994,91065.913
ind,sex_f,geo_cov_rur,mts_details_mrd,2000,99710.777
ind,sex_f,geo_cov_rur,mts_details_mrd,2005,110075.791
ind,sex_f,geo_cov_rur,mts_details_mrd,2010,117902.255
ind,sex_f,geo_cov_rur,mts_details_mrd,2012,128969.726
ind,sex_f,geo_cov_rur,mts_details_mrd,2018,148139.662
ind,sex_f,geo_cov_rur,mts_details_mrd,2019,141084.433
ind,sex_f,geo_cov_rur,mts_details_sep,1994,641.049
ind,sex_f,geo_cov_rur,mts_details_sep,2000,608.891
ind,sex_f,geo_cov_rur,mts_details_sep,2005,702.522
ind,sex_f,geo_cov_rur,mts_details_sep,2010,401.296
ind,sex_f,geo_cov_rur,mts_details_sep,2012,414.562
ind,sex_f,geo_cov_rur,mts_details_sep,2018,425.135
ind,sex_f,geo_cov_rur,mts_details_sep,2019,715.286
ind,sex_f,geo_cov_rur,mts_details_sgle,1994,16016.832
ind,sex_f,geo_cov_rur,mts_details_sgle,2000,20190.703
ind,sex_f,geo_cov_rur,mts_details_sgle,2005,24728.875
ind,sex_f,geo_cov_rur,mts_details_sgle,2010,30206.755
ind,sex_f,geo_cov_rur,mts_details_sgle,2012,34413.884
ind,sex_f,geo_cov_rur,mts_details_sgle,2018,41939.212
ind,sex_f,geo_cov_rur,mts_details_sgle,2019,42926.704
ind,sex_f,geo_cov_rur,mts_details_total,1994,123989.86
ind,sex_f,geo_cov_rur,mts_details_total,2000,137612.483
ind,sex_f,geo_cov_rur,mts_details_total,2005,154032.006
ind,sex_f,geo_cov_rur,mts_details_total,2010,166421.809
ind,sex_f,geo_cov_rur,mts_details_total,2012,183112.391
ind,sex_f,geo_cov_rur,mts_details_total,2018,213349.876
ind,sex_f,geo_cov_rur,mts_details_total,2019,208247.147
ind,sex_f,geo_cov_rur,mts_details_wid,1994,16244.181
ind,sex_f,geo_cov_rur,mts_details_wid,2000,17045.84
ind,sex_f,geo_cov_rur,mts_details_wid,2005,18517.249
ind,sex_f,geo_cov_rur,mts_details_wid,2010,17680.376
ind,sex_f,geo_cov_rur,mts_details_wid,2012,19307.978
ind,sex_f,geo_cov_rur,mts_details_wid,2018,22845.867
ind,sex_f,geo_cov_rur,mts_details_wid,2019,23511.258
ind,sex_f,geo_cov_rur,mts_details_x,1994,21.885
ind,sex_f,geo_cov_rur,mts_details_x,2000,56.272
ind,sex_f,geo_cov_rur,mts_details_x,2010,231.126
ind,sex_f,geo_cov_rur,mts_details_x,2012,6.242
ind,sex_f,geo_cov_urb,mts_aggregate_1,1994,15724.221
ind,sex_f,geo_cov_urb,mts_aggregate_1,2000,19612.979
ind,sex_f,geo_cov_urb,mts_aggregate_1,2005,21254.917
ind,sex_f,geo_cov_urb,mts_aggregate_1,2010,25285.625
ind,sex_f,geo_cov_urb,mts_aggregate_1,2012,28482.295
ind,sex_f,geo_cov_urb,mts_aggregate_1,2018,32436.266
ind,sex_f,geo_cov_urb,mts_aggregate_1,2019,34706.608
ind,sex_f,geo_cov_urb,mts_aggregate_2,1994,34670.409
ind,sex_f,geo_cov_urb,mts_aggregate_2,2000,42946.179
ind,sex_f,geo_cov_urb,mts_aggregate_2,2005,46061.133
ind,sex_f,geo_cov_urb,mts_aggregate_2,2010,55209.982
ind,sex_f,geo_cov_urb,mts_aggregate_2,2012,62046.589
ind,sex_f,geo_cov_urb,mts_aggregate_2,2018,64492.105
ind,sex_f,geo_cov_urb,mts_aggregate_2,2019,69067.912
ind,sex_f,geo_cov_urb,mts_aggregate_total,1994,50396.439
ind,sex_f,geo_cov_urb,mts_aggregate_total,2000,62569.024
ind,sex_f,geo_cov_urb,mts_aggregate_total,2005,67316.05
ind,sex_f,geo_cov_urb,mts_aggregate_total,2010,80569.954
ind,sex_f,geo_cov_urb,mts_aggregate_total,2012,90534.713
ind,sex_f,geo_cov_urb,mts_aggregate_total,2018,96928.371
ind,sex_f,geo_cov_urb,mts_aggregate_total,2019,103785.056
ind,sex_f,geo_cov_urb,mts_aggregate_x,1994,1.81
ind,sex_f,geo_cov_urb,mts_aggregate_x,2000,9.867
ind,sex_f,geo_cov_urb,mts_aggregate_x,2010,74.348
ind,sex_f,geo_cov_urb,mts_aggregate_x,2012,5.829
ind,sex_f,geo_cov_urb,mts_aggregate_x,2019,10.536
ind,sex_f,geo_cov_urb,mts_details_mrd,1994,34670.409
ind,sex_f,geo_cov_urb,mts_details_mrd,2000,42946.179
ind,sex_f,geo_cov_urb,mts_details_mrd,2005,46061.133
ind,sex_f,geo_cov_urb,mts_details_mrd,2010,55209.982
ind,sex_f,geo_cov_urb,mts_details_mrd,2012,62046.589
ind,sex_f,geo_cov_urb,mts_details_mrd,2018,64492.105
ind,sex_f,geo_cov_urb,mts_details_mrd,2019,69067.912
ind,sex_f,geo_cov_urb,mts_details_sep,1994,234.487
ind,sex_f,geo_cov_urb,mts_details_sep,2000,256.541
ind,sex_f,geo_cov_urb,mts_details_sep,2005,283.737
ind,sex_f,geo_cov_urb,mts_details_sep,2010,244.818
ind,sex_f,geo_cov_urb,mts_details_sep,2012,412.943
ind,sex_f,geo_cov_urb,mts_details_sep,2018,361.423
ind,sex_f,geo_cov_urb,mts_details_sep,2019,427.472
ind,sex_f,geo_cov_urb,mts_details_sgle,1994,9926.554
ind,sex_f,geo_cov_urb,mts_details_sgle,2000,12822.759
ind,sex_f,geo_cov_urb,mts_details_sgle,2005,13389.983
ind,sex_f,geo_cov_urb,mts_details_sgle,2010,16796.273
ind,sex_f,geo_cov_urb,mts_details_sgle,2012,18512.604
ind,sex_f,geo_cov_urb,mts_details_sgle,2018,20454.4
ind,sex_f,geo_cov_urb,mts_details_sgle,2019,21439.041
ind,sex_f,geo_cov_urb,mts_details_total,1994,50396.439
ind,sex_f,geo_cov_urb,mts_details_total,2000,62569.024
ind,sex_f,geo_cov_urb,mts_details_total,2005,67316.05
ind,sex_f,geo_cov_urb,mts_details_total,2010,80569.954
ind,sex_f,geo_cov_urb,mts_details_total,2012,90534.713
ind,sex_f,geo_cov_urb,mts_details_total,2018,96928.371
ind,sex_f,geo_cov_urb,mts_details_total,2019,103785.056
ind,sex_f,geo_cov_urb,mts_details_wid,1994,5563.18
ind,sex_f,geo_cov_urb,mts_details_wid,2000,6533.679
ind,sex_f,geo_cov_urb,mts_details_wid,2005,7581.196
ind,sex_f,geo_cov_urb,mts_details_wid,2010,8244.533
ind,sex_f,geo_cov_urb,mts_details_wid,2012,9556.747
ind,sex_f,geo_cov_urb,mts_details_wid,2018,11620.443
ind,sex_f,geo_cov_urb,mts_details_wid,2019,12840.095
ind,sex_f,geo_cov_urb,mts_details_x,1994,1.81
ind,sex_f,geo_cov_urb,mts_details_x,2000,9.867
ind,sex_f,geo_cov_urb,mts_details_x,2010,74.348
ind,sex_f,geo_cov_urb,mts_details_x,2012,5.829
ind,sex_f,geo_cov_urb,mts_details_x,2019,10.536
ind,sex_m,geo_cov_nat,mts_aggregate_1,1994,32609.045
ind,sex_m,geo_cov_nat,mts_aggregate_1,2000,36880.382
ind,sex_m,geo_cov_nat,mts_aggregate_1,2005,43270.525
ind,sex_m,geo_cov_nat,mts_aggregate_1,2010,54465.764
ind,sex_m,geo_cov_nat,mts_aggregate_1,2012,60889.396
ind,sex_m,geo_cov_nat,mts_aggregate_1,2018,73099.985
ind,sex_m,geo_cov_nat,mts_aggregate_1,2019,73081.826
ind,sex_m,geo_cov_nat,mts_aggregate_2,1994,21060.009
ind,sex_m,geo_cov_nat,mts_aggregate_2,2000,14478.987
ind,sex_m,geo_cov_nat,mts_aggregate_2,2005,27547.711
ind,sex_m,geo_cov_nat,mts_aggregate_2,2010,18924.834
ind,sex_m,geo_cov_nat,mts_aggregate_2,2012,20872.391
ind,sex_m,geo_cov_nat,mts_aggregate_2,2018,31285.404
ind,sex_m,geo_cov_nat,mts_aggregate_2,2019,31856.202
ind,sex_m,geo_cov_nat,mts_aggregate_total,1994,53676.773
ind,sex_m,geo_cov_nat,mts_aggregate_total,2000,51394.945
ind,sex_m,geo_cov_nat,mts_aggregate_total,2005,70823.987
ind,sex_m,geo_cov_nat,mts_aggregate_total,2010,73436.077
ind,sex_m,geo_cov_nat,mts_aggregate_total,2012,81795.489
ind,sex_m,geo_cov_nat,mts_aggregate_total,2018,104385.389
ind,sex_m,geo_cov_nat,mts_aggregate_total,2019,104943.053
ind,sex_m,geo_cov_nat,mts_aggregate_x,1994,7.719
ind,sex_m,geo_cov_nat,mts_aggregate_x,2000,35.577
ind,sex_m,geo_cov_nat,mts_aggregate_x,2005,5.751
ind,sex_m,geo_cov_nat,mts_aggregate_x,2010,45.48
ind,sex_m,geo_cov_nat,mts_aggregate_x,2012,33.702
ind,sex_m,geo_cov_nat,mts_details_mrd,1994,21060.009
ind,sex_m,geo_cov_nat,mts_details_mrd,2000,14478.987
ind,sex_m,geo_cov_nat,mts_details_mrd,2005,27547.711
ind,sex_m,geo_cov_nat,mts_details_mrd,2010,18924.834
ind,sex_m,geo_cov_nat,mts_details_mrd,2012,20872.391
ind,sex_m,geo_cov_nat,mts_details_mrd,2018,31285.404
ind,sex_m,geo_cov_nat,mts_details_mrd,2019,31856.202
ind,sex_m,geo_cov_nat,mts_details_sep,1994,149.162
ind,sex_m,geo_cov_nat,mts_details_sep,2000,129.965
ind,sex_m,geo_cov_nat,mts_details_sep,2005,207.745
ind,sex_m,geo_cov_nat,mts_details_sep,2010,181.515
ind,sex_m,geo_cov_nat,mts_details_sep,2012,157.888
ind,sex_m,geo_cov_nat,mts_details_sep,2018,279.493
ind,sex_m,geo_cov_nat,mts_details_sep,2019,251.978
ind,sex_m,geo_cov_nat,mts_details_sgle,1994,28656.742
ind,sex_m,geo_cov_nat,mts_details_sgle,2000,32849.197
ind,sex_m,geo_cov_nat,mts_details_sgle,2005,38325.504
ind,sex_m,geo_cov_nat,mts_details_sgle,2010,49684.568
ind,sex_m,geo_cov_nat,mts_details_sgle,2012,55797.196
ind,sex_m,geo_cov_nat,mts_details_sgle,2018,65599.451
ind,sex_m,geo_cov_nat,mts_details_sgle,2019,65495.353
ind,sex_m,geo_cov_nat,mts_details_total,1994,53676.773
ind,sex_m,geo_cov_nat,mts_details_total,2000,51394.945
ind,sex_m,geo_cov_nat,mts_details_total,2005,70823.987
ind,sex_m,geo_cov_nat,mts_details_total,2010,73436.077
ind,sex_m,geo_cov_nat,mts_details_total,2012,81795.489
ind,sex_m,geo_cov_nat,mts_details_total,2018,104385.389
ind,sex_m,geo_cov_nat,mts_details_total,2019,104943.053
ind,sex_m,geo_cov_nat,mts_details_wid,1994,3803.142
ind,sex_m,geo_cov_nat,mts_details_wid,2000,3901.219
ind,sex_m,geo_cov_nat,mts_details_wid,2005,4737.277
ind,sex_m,geo_cov_nat,mts_details_wid,2010,4599.681
ind,sex_m,geo_cov_nat,mts_details_wid,2012,4934.312
ind,sex_m,geo_cov_nat,mts_details_wid,2018,7221.041
ind,sex_m,geo_cov_nat,mts_details_wid,2019,7334.494
ind,sex_m,geo_cov_nat,mts_details_x,1994,7.719
ind,sex_m,geo_cov_nat,mts_details_x,2000,35.577
ind,sex_m,geo_cov_nat,mts_details_x,2005,5.751
ind,sex_m,geo_cov_nat,mts_details_x,2010,45.48
ind,sex_m,geo_cov_nat,mts_details_x,2012,33.702
ind,sex_m,geo_cov_rur,mts_aggregate_1,1994,21448.75
ind,sex_m,geo_cov_rur,mts_aggregate_1,2000,23898.724
ind,sex_m,geo_cov_rur,mts_aggregate_1,2005,28789.995
ind,sex_m,geo_cov_rur,mts_aggregate_1,2010,36145.445
ind,sex_m,geo_cov_rur,mts_aggregate_1,2012,40519.618
ind,sex_m,geo_cov_rur,mts_aggregate_1,2018,51019.765
ind,sex_m,geo_cov_rur,mts_aggregate_1,2019,49440.038
ind,sex_m,geo_cov_rur,mts_aggregate_2,1994,15595.924
ind,sex_m,geo_cov_rur,mts_aggregate_2,2000,9488.698
ind,sex_m,geo_cov_rur,mts_aggregate_2,2005,19846.103
ind,sex_m,geo_cov_rur,mts_aggregate_2,2010,11446.029
ind,sex_m,geo_cov_rur,mts_aggregate_2,2012,12619.446
ind,sex_m,geo_cov_rur,mts_aggregate_2,2018,19986.762
ind,sex_m,geo_cov_rur,mts_aggregate_2,2019,19750.115
ind,sex_m,geo_cov_rur,mts_aggregate_total,1994,37047.742
ind,sex_m,geo_cov_rur,mts_aggregate_total,2000,33417.641
ind,sex_m,geo_cov_rur,mts_aggregate_total,2005,48641.441
ind,sex_m,geo_cov_rur,mts_aggregate_total,2010,47626.222
ind,sex_m,geo_cov_rur,mts_aggregate_total,2012,53164.384
ind,sex_m,geo_cov_rur,mts_aggregate_total,2018,71006.527
ind,sex_m,geo_cov_rur,mts_aggregate_total,2019,69190.153
ind,sex_m,geo_cov_rur,mts_aggregate_x,1994,3.068
ind,sex_m,geo_cov_rur,mts_aggregate_x,2000,30.219
ind,sex_m,geo_cov_rur,mts_aggregate_x,2010,34.749
ind,sex_m,geo_cov_rur,mts_aggregate_x,2012,25.321
ind,sex_m,geo_cov_rur,mts_details_mrd,1994,15595.924
ind,sex_m,geo_cov_rur,mts_details_mrd,2000,9488.698
ind,sex_m,geo_cov_rur,mts_details_mrd,2005,19846.103
ind,sex_m,geo_cov_rur,mts_details_mrd,2010,11446.029
ind,sex_m,geo_cov_rur,mts_details_mrd,2012,12619.446
ind,sex_m,geo_cov_rur,mts_details_mrd,2018,19986.762
ind,sex_m,geo_cov_rur,mts_details_mrd,2019,19750.115
ind,sex_m,geo_cov_rur,mts_details_sep,1994,121.001
ind,sex_m,geo_cov_rur,mts_details_sep,2000,89.428
ind,sex_m,geo_cov_rur,mts_details_sep,2005,156.418
ind,sex_m,geo_cov_rur,mts_details_sep,2010,115.32
ind,sex_m,geo_cov_rur,mts_details_sep,2012,72.588
ind,sex_m,geo_cov_rur,mts_details_sep,2018,177.308
ind,sex_m,geo_cov_rur,mts_details_sep,2019,154.096
ind,sex_m,geo_cov_rur,mts_details_sgle,1994,18410.091
ind,sex_m,geo_cov_rur,mts_details_sgle,2000,20879.366
ind,sex_m,geo_cov_rur,mts_details_sgle,2005,25031.855
ind,sex_m,geo_cov_rur,mts_details_sgle,2010,32697.714
ind,sex_m,geo_cov_rur,mts_details_sgle,2012,36935.295
ind,sex_m,geo_cov_rur,mts_details_sgle,2018,45685.773
ind,sex_m,geo_cov_rur,mts_details_sgle,2019,44131.447
ind,sex_m,geo_cov_rur,mts_details_total,1994,37047.742
ind,sex_m,geo_cov_rur,mts_details_total,2000,33417.641
ind,sex_m,geo_cov_rur,mts_details_total,2005,48641.441
ind,sex_m,geo_cov_rur,mts_details_total,2010,47626.222
ind,sex_m,geo_cov_rur,mts_details_total,2012,53164.384
ind,sex_m,geo_cov_rur,mts_details_total,2018,71006.527
ind,sex_m,geo_cov_rur,mts_details_total,2019,69190.153
ind,sex_m,geo_cov_rur,mts_details_wid,1994,2917.658
ind,sex_m,geo_cov_rur,mts_details_wid,2000,2929.93
ind,sex_m,geo_cov_rur,mts_details_wid,2005,3601.722
ind,sex_m,geo_cov_rur,mts_details_wid,2010,3332.412
ind,sex_m,geo_cov_rur,mts_details_wid,2012,3511.734
ind,sex_m,geo_cov_rur,mts_details_wid,2018,5156.684
ind,sex_m,geo_cov_rur,mts_details_wid,2019,5154.495
ind,sex_m,geo_cov_rur,mts_details_x,1994,3.068
ind,sex_m,geo_cov_rur,mts_details_x,2000,30.219
ind,sex_m,geo_cov_rur,mts_details_x,2010,34.749
ind,sex_m,geo_cov_rur,mts_details_x,2012,25.321
ind,sex_m,geo_cov_urb,mts_aggregate_1,1994,11160.295
ind,sex_m,geo_cov_urb,mts_aggregate_1,2000,12981.658
ind,sex_m,geo_cov_urb,mts_aggregate_1,2005,14480.53
ind,sex_m,geo_cov_urb,mts_aggregate_1,2010,18320.319
ind,sex_m,geo_cov_urb,mts_aggregate_1,2012,20369.778
ind,sex_m,geo_cov_urb,mts_aggregate_1,2018,22080.22
ind,sex_m,geo_cov_urb,mts_aggregate_1,2019,23641.788
ind,sex_m,geo_cov_urb,mts_aggregate_2,1994,5464.085
ind,sex_m,geo_cov_urb,mts_aggregate_2,2000,4990.289
ind,sex_m,geo_cov_urb,mts_aggregate_2,2005,7701.608
ind,sex_m,geo_cov_urb,mts_aggregate_2,2010,7478.805
ind,sex_m,geo_cov_urb,mts_aggregate_2,2012,8252.945
ind,sex_m,geo_cov_urb,mts_aggregate_2,2018,11298.642
ind,sex_m,geo_cov_urb,mts_aggregate_2,2019,12106.087
ind,sex_m,geo_cov_urb,mts_aggregate_total,1994,16629.031
ind,sex_m,geo_cov_urb,mts_aggregate_total,2000,17977.305
ind,sex_m,geo_cov_urb,mts_aggregate_total,2005,22182.546
ind,sex_m,geo_cov_urb,mts_aggregate_total,2010,25809.855
ind,sex_m,geo_cov_urb,mts_aggregate_total,2012,28631.105
ind,sex_m,geo_cov_urb,mts_aggregate_total,2018,33378.862
ind,sex_m,geo_cov_urb,mts_aggregate_total,2019,35752.9
ind,sex_m,geo_cov_urb,mts_aggregate_x,1994,4.651
ind,sex_m,geo_cov_urb,mts_aggregate_x,2000,5.358
ind,sex_m,geo_cov_urb,mts_aggregate_x,2010,10.731
ind,sex_m,geo_cov_urb,mts_details_mrd,1994,5464.085
ind,sex_m,geo_cov_urb,mts_details_mrd,2000,4990.289
ind,sex_m,geo_cov_urb,mts_details_mrd,2005,7701.608
ind,sex_m,geo_cov_urb,mts_details_mrd,2010,7478.805
ind,sex_m,geo_cov_urb,mts_details_mrd,2012,8252.945
ind,sex_m,geo_cov_urb,mts_details_mrd,2018,11298.642
ind,sex_m,geo_cov_urb,mts_details_mrd,2019,12106.087
ind,sex_m,geo_cov_urb,mts_details_sep,1994,28.161
ind,sex_m,geo_cov_urb,mts_details_sep,2000,40.538
ind,sex_m,geo_cov_urb,mts_details_sep,2005,51.327
ind,sex_m,geo_cov_urb,mts_details_sep,2010,66.196
ind,sex_m,geo_cov_urb,mts_details_sep,2012,85.3
ind,sex_m,geo_cov_urb,mts_details_sep,2018,102.185
ind,sex_m,geo_cov_urb,mts_details_sep,2019,97.883
ind,sex_m,geo_cov_urb,mts_details_sgle,1994,10246.65
ind,sex_m,geo_cov_urb,mts_details_sgle,2000,11969.831
ind,sex_m,geo_cov_urb,mts_details_sgle,2005,13293.648
ind,sex_m,geo_cov_urb,mts_details_sgle,2010,16986.854
ind,sex_m,geo_cov_urb,mts_details_sgle,2012,18861.901
ind,sex_m,geo_cov_urb,mts_details_sgle,2018,19913.678
ind,sex_m,geo_cov_urb,mts_details_sgle,2019,21363.906
ind,sex_m,geo_cov_urb,mts_details_total,1994,16629.031
ind,sex_m,geo_cov_urb,mts_details_total,2000,17977.305
ind,sex_m,geo_cov_urb,mts_details_total,2005,22182.546
ind,sex_m,geo_cov_urb,mts_details_total,2010,25809.855
ind,sex_m,geo_cov_urb,mts_details_total,2012,28631.105
ind,sex_m,geo_cov_urb,mts_details_total,2018,33378.862
ind,sex_m,geo_cov_urb,mts_details_total,2019,35752.9
ind,sex_m,geo_cov_urb,mts_details_wid,1994,885.484
ind,sex_m,geo_cov_urb,mts_details_wid,2000,971.289
ind,sex_m,geo_cov_urb,mts_details_wid,2005,1135.555
ind,sex_m,geo_cov_urb,mts_details_wid,2010,1267.269
ind,sex_m,geo_cov_urb,mts_details_wid,2012,1422.577
ind,sex_m,geo_cov_urb,mts_details_wid,2018,2064.357
ind,sex_m,geo_cov_urb,mts_details_wid,2019,2179.999
ind,sex_m,geo_cov_urb,mts_details_x,1994,4.651
ind,sex_m,geo_cov_urb,mts_details_x,2000,5.358
ind,sex_m,geo_cov_urb,mts_details_x,2010,10.731
ind,sex_o,geo_cov_nat,mts_aggregate_1,2018,50.827
ind,sex_o,geo_cov_nat,mts_aggregate_1,2019,57.5
ind,sex_o,geo_cov_nat,mts_aggregate_2,2018,42.798
ind,sex_o,geo_cov_nat,mts_aggregate_2,2019,61.876
ind,sex_o,geo_cov_nat,mts_aggregate_total,2018,93.625
ind,sex_o,geo_cov_nat,mts_aggregate_total,2019,120.181
ind,sex_o,geo_cov_nat,mts_details_mrd,2018,42.798
ind,sex_o,geo_cov_nat,mts_details_mrd,2019,61.876
ind,sex_o,geo_cov_nat,mts_details_sgle,2018,47.458
ind,sex_o,geo_cov_nat,mts_details_sgle,2019,40.843
ind,sex_o,geo_cov_nat,mts_details_total,2018,93.625
ind,sex_o,geo_cov_nat,mts_details_total,2019,120.181
ind,sex_o,geo_cov_nat,mts_details_wid,2019,16.459
ind,sex_o,geo_cov_rur,mts_aggregate_1,2019,44.947
ind,sex_o,geo_cov_rur,mts_aggregate_2,2018,39.19
ind,sex_o,geo_cov_rur,mts_aggregate_2,2019,41.351
ind,sex_o,geo_cov_rur,mts_aggregate_total,2018,52.041
ind,sex_o,geo_cov_rur,mts_aggregate_total,2019,87.103
ind,sex_o,geo_cov_rur,mts_details_mrd,2018,39.19
ind,sex_o,geo_cov_rur,mts_details_mrd,2019,41.351
ind,sex_o,geo_cov_rur,mts_details_sgle,2019,35.776
ind,sex_o,geo_cov_rur,mts_details_total,2018,52.041
ind,sex_o,geo_cov_rur,mts_details_total,2019,87.103
ind,sex_o,geo_cov_urb,mts_aggregate_1,2018,37.977
ind,sex_o,geo_cov_urb,mts_aggregate_1,2019,12.553
ind,sex_o,geo_cov_urb,mts_aggregate_2,2019,20.525
ind,sex_o,geo_cov_urb,mts_aggregate_total,2018,41.584
ind,sex_o,geo_cov_urb,mts_aggregate_total,2019,33.078
ind,sex_o,geo_cov_urb,mts_details_mrd,2019,20.525
ind,sex_o,geo_cov_urb,mts_details_sgle,2018,37.932
ind,sex_o,geo_cov_urb,mts_details_sgle,2019,5.066
ind,sex_o,geo_cov_urb,mts_details_total,2018,41.584
ind,sex_o,geo_cov_urb,mts_details_total,2019,33.078
ind,sex_t,geo_cov_nat,mts_aggregate_1,1994,81235.329
ind,sex_t,geo_cov_nat,mts_aggregate_1,2000,94338.795
ind,sex_t,geo_cov_nat,mts_aggregate_1,2005,108474.088
ind,sex_t,geo_cov_nat,mts_aggregate_1,2010,128039.816
ind,sex_t,geo_cov_nat,mts_aggregate_1,2012,143508.113
ind,sex_t,geo_cov_nat,mts_aggregate_1,2018,170797.292
ind,sex_t,geo_cov_nat,mts_aggregate_1,2019,174999.182
ind,sex_t,geo_cov_nat,mts_aggregate_2,1994,146796.331
ind,sex_t,geo_cov_nat,mts_aggregate_2,2000,157135.943
ind,sex_t,geo_cov_nat,mts_aggregate_2,2005,183684.635
ind,sex_t,geo_cov_nat,mts_aggregate_2,2010,192037.07
ind,sex_t,geo_cov_nat,mts_aggregate_2,2012,211888.707
ind,sex_t,geo_cov_nat,mts_aggregate_2,2018,243959.968
ind,sex_t,geo_cov_nat,mts_aggregate_2,2019,242070.422
ind,sex_t,geo_cov_nat,mts_aggregate_total,1994,228063.073
ind,sex_t,geo_cov_nat,mts_aggregate_total,2000,251576.453
ind,sex_t,geo_cov_nat,mts_aggregate_total,2005,292172.043
ind,sex_t,geo_cov_nat,mts_aggregate_total,2010,320427.84
ind,sex_t,geo_cov_nat,mts_aggregate_total,2012,355442.593
ind,sex_t,geo_cov_nat,mts_aggregate_total,2018,414757.26
ind,sex_t,geo_cov_nat,mts_aggregate_total,2019,417095.436
ind,sex_t,geo_cov_nat,mts_aggregate_x,1994,31.414
ind,sex_t,geo_cov_nat,mts_aggregate_x,2000,101.716
ind,sex_t,geo_cov_nat,mts_aggregate_x,2005,13.32
ind,sex_t,geo_cov_nat,mts_aggregate_x,2010,350.954
ind,sex_t,geo_cov_nat,mts_aggregate_x,2012,45.774
ind,sex_t,geo_cov_nat,mts_aggregate_x,2019,25.833
ind,sex_t,geo_cov_nat,mts_details_mrd,1994,146796.331
ind,sex_t,geo_cov_nat,mts_details_mrd,2000,157135.943
ind,sex_t,geo_cov_nat,mts_details_mrd,2005,183684.635
ind,sex_t,geo_cov_nat,mts_details_mrd,2010,192037.07
ind,sex_t,geo_cov_nat,mts_details_mrd,2012,211888.707
ind,sex_t,geo_cov_nat,mts_details_mrd,2018,243959.968
ind,sex_t,geo_cov_nat,mts_details_mrd,2019,242070.422
ind,sex_t,geo_cov_nat,mts_details_sep,1994,1024.698
ind,sex_t,geo_cov_nat,mts_details_sep,2000,995.398
ind,sex_t,geo_cov_nat,mts_details_sep,2005,1194.004
ind,sex_t,geo_cov_nat,mts_details_sep,2010,827.629
ind,sex_t,geo_cov_nat,mts_details_sep,2012,985.393
ind,sex_t,geo_cov_nat,mts_details_sep,2018,1066.096
ind,sex_t,geo_cov_nat,mts_details_sep,2019,1394.934
ind,sex_t,geo_cov_nat,mts_details_sgle,1994,54600.128
ind,sex_t,geo_cov_nat,mts_details_sgle,2000,65862.659
ind,sex_t,geo_cov_nat,mts_details_sgle,2005,76444.362
ind,sex_t,geo_cov_nat,mts_details_sgle,2010,96687.597
ind,sex_t,geo_cov_nat,mts_details_sgle,2012,108723.684
ind,sex_t,geo_cov_nat,mts_details_sgle,2018,128040.521
ind,sex_t,geo_cov_nat,mts_details_sgle,2019,129901.941
ind,sex_t,geo_cov_nat,mts_details_total,1994,228063.073
ind,sex_t,geo_cov_nat,mts_details_total,2000,251576.453
ind,sex_t,geo_cov_nat,mts_details_total,2005,292172.043
ind,sex_t,geo_cov_nat,mts_details_total,2010,320427.84
ind,sex_t,geo_cov_nat,mts_details_total,2012,355442.593
ind,sex_t,geo_cov_nat,mts_details_total,2018,414757.26
ind,sex_t,geo_cov_nat,mts_details_total,2019,417095.436
ind,sex_t,geo_cov_nat,mts_details_wid,1994,25610.504
ind,sex_t,geo_cov_nat,mts_details_wid,2000,27480.738
ind,sex_t,geo_cov_nat,mts_details_wid,2005,30835.722
ind,sex_t,geo_cov_nat,mts_details_wid,2010,30524.59
ind,sex_t,geo_cov_nat,mts_details_wid,2012,33799.036
ind,sex_t,geo_cov_nat,mts_details_wid,2018,41690.675
ind,sex_t,geo_cov_nat,mts_details_wid,2019,43702.307
ind,sex_t,geo_cov_nat,mts_details_x,1994,31.414
ind,sex_t,geo_cov_nat,mts_details_x,2000,101.716
ind,sex_t,geo_cov_nat,mts_details_x,2005,13.32
ind,sex_t,geo_cov_nat,mts_details_x,2010,350.954
ind,sex_t,geo_cov_nat,mts_details_x,2012,45.774
ind,sex_t,geo_cov_nat,mts_details_x,2019,25.833
ind,sex_t,geo_cov_rur,mts_aggregate_1,1994,54350.813
ind,sex_t,geo_cov_rur,mts_aggregate_1,2000,61744.158
ind,sex_t,geo_cov_rur,mts_aggregate_1,2005,72738.641
ind,sex_t,geo_cov_rur,mts_aggregate_1,2010,84433.873
ind,sex_t,geo_cov_rur,mts_aggregate_1,2012,94656.04
ind,sex_t,geo_cov_rur,mts_aggregate_1,2018,116242.829
ind,sex_t,geo_cov_rur,mts_aggregate_1,2019,116638.233
ind,sex_t,geo_cov_rur,mts_aggregate_2,1994,106661.837
ind,sex_t,geo_cov_rur,mts_aggregate_2,2000,109199.475
ind,sex_t,geo_cov_rur,mts_aggregate_2,2005,129921.894
ind,sex_t,geo_cov_rur,mts_aggregate_2,2010,129348.283
ind,sex_t,geo_cov_rur,mts_aggregate_2,2012,141589.172
ind,sex_t,geo_cov_rur,mts_aggregate_2,2018,168165.614
ind,sex_t,geo_cov_rur,mts_aggregate_2,2019,160875.899
ind,sex_t,geo_cov_rur,mts_aggregate_total,1994,161037.603
ind,sex_t,geo_cov_rur,mts_aggregate_total,2000,171030.124
ind,sex_t,geo_cov_rur,mts_aggregate_total,2005,202673.447
ind,sex_t,geo_cov_rur,mts_aggregate_total,2010,214048.031
ind,sex_t,geo_cov_rur,mts_aggregate_total,2012,236276.775
ind,sex_t,geo_cov_rur,mts_aggregate_total,2018,284408.444
ind,sex_t,geo_cov_rur,mts_aggregate_total,2019,277524.403
ind,sex_t,geo_cov_rur,mts_aggregate_x,1994,24.953
ind,sex_t,geo_cov_rur,mts_aggregate_x,2000,86.491
ind,sex_t,geo_cov_rur,mts_aggregate_x,2005,12.912
ind,sex_t,geo_cov_rur,mts_aggregate_x,2010,265.875
ind,sex_t,geo_cov_rur,mts_aggregate_x,2012,31.563
ind,sex_t,geo_cov_rur,mts_details_mrd,1994,106661.837
ind,sex_t,geo_cov_rur,mts_details_mrd,2000,109199.475
ind,sex_t,geo_cov_rur,mts_details_mrd,2005,129921.894
ind,sex_t,geo_cov_rur,mts_details_mrd,2010,129348.283
ind,sex_t,geo_cov_rur,mts_details_mrd,2012,141589.172
ind,sex_t,geo_cov_rur,mts_details_mrd,2018,168165.614
ind,sex_t,geo_cov_rur,mts_details_mrd,2019,160875.899
ind,sex_t,geo_cov_rur,mts_details_sep,1994,762.05
ind,sex_t,geo_cov_rur,mts_details_sep,2000,698.319
ind,sex_t,geo_cov_rur,mts_details_sep,2005,858.94
ind,sex_t,geo_cov_rur,mts_details_sep,2010,516.616
ind,sex_t,geo_cov_rur,mts_details_sep,2012,487.15
ind,sex_t,geo_cov_rur,mts_details_sep,2018,602.443
ind,sex_t,geo_cov_rur,mts_details_sep,2019,869.382
ind,sex_t,geo_cov_rur,mts_details_sgle,1994,34426.923
ind,sex_t,geo_cov_rur,mts_details_sgle,2000,41070.07
ind,sex_t,geo_cov_rur,mts_details_sgle,2005,49760.73
ind,sex_t,geo_cov_rur,mts_details_sgle,2010,62904.469
ind,sex_t,geo_cov_rur,mts_details_sgle,2012,71349.179
ind,sex_t,geo_cov_rur,mts_details_sgle,2018,87634.511
ind,sex_t,geo_cov_rur,mts_details_sgle,2019,87093.928
ind,sex_t,geo_cov_rur,mts_details_total,1994,161037.603
ind,sex_t,geo_cov_rur,mts_details_total,2000,171030.124
ind,sex_t,geo_cov_rur,mts_details_total,2005,202673.447
ind,sex_t,geo_cov_rur,mts_details_total,2010,214048.031
ind,sex_t,geo_cov_rur,mts_details_total,2012,236276.775
ind,sex_t,geo_cov_rur,mts_details_total,2018,284408.444
ind,sex_t,geo_cov_rur,mts_details_total,2019,277524.403
ind,sex_t,geo_cov_rur,mts_details_wid,1994,19161.84
ind,sex_t,geo_cov_rur,mts_details_wid,2000,19975.77
ind,sex_t,geo_cov_rur,mts_details_wid,2005,22118.971
ind,sex_t,geo_cov_rur,mts_details_wid,2010,21012.788
ind,sex_t,geo_cov_rur,mts_details_wid,2012,22819.712
ind,sex_t,geo_cov_rur,mts_details_wid,2018,28005.875
ind,sex_t,geo_cov_rur,mts_details_wid,2019,28674.924
ind,sex_t,geo_cov_rur,mts_details_x,1994,24.953
ind,sex_t,geo_cov_rur,mts_details_x,2000,86.491
ind,sex_t,geo_cov_rur,mts_details_x,2005,12.912
ind,sex_t,geo_cov_rur,mts_details_x,2010,265.875
ind,sex_t,geo_cov_rur,mts_details_x,2012,31.563
ind,sex_t,geo_cov_urb,mts_aggregate_1,1994,26884.516
ind,sex_t,geo_cov_urb,mts_aggregate_1,2000,32594.637
ind,sex_t,geo_cov_urb,mts_aggregate_1,2005,35735.447
ind,sex_t,geo_cov_urb,mts_aggregate_1,2010,43605.943
ind,sex_t,geo_cov_urb,mts_aggregate_1,2012,48852.073
ind,sex_t,geo_cov_urb,mts_aggregate_1,2018,54554.463
ind,sex_t,geo_cov_urb,mts_aggregate_1,2019,58360.949
ind,sex_t,geo_cov_urb,mts_aggregate_2,1994,40134.494
ind,sex_t,geo_cov_urb,mts_aggregate_2,2000,47936.468
ind,sex_t,geo_cov_urb,mts_aggregate_2,2005,53762.741
ind,sex_t,geo_cov_urb,mts_aggregate_2,2010,62688.787
ind,sex_t,geo_cov_urb,mts_aggregate_2,2012,70299.535
ind,sex_t,geo_cov_urb,mts_aggregate_2,2018,75794.354
ind,sex_t,geo_cov_urb,mts_aggregate_2,2019,81194.523
ind,sex_t,geo_cov_urb,mts_aggregate_total,1994,67025.47
ind,sex_t,geo_cov_urb,mts_aggregate_total,2000,80546.329
ind,sex_t,geo_cov_urb,mts_aggregate_total,2005,89498.596
ind,sex_t,geo_cov_urb,mts_aggregate_total,2010,106379.809
ind,sex_t,geo_cov_urb,mts_aggregate_total,2012,119165.818
ind,sex_t,geo_cov_urb,mts_aggregate_total,2018,130348.816
ind,sex_t,geo_cov_urb,mts_aggregate_total,2019,139571.033
ind,sex_t,geo_cov_urb,mts_aggregate_x,1994,6.461
ind,sex_t,geo_cov_urb,mts_aggregate_x,2000,15.225
ind,sex_t,geo_cov_urb,mts_aggregate_x,2010,85.079
ind,sex_t,geo_cov_urb,mts_aggregate_x,2012,14.211
ind,sex_t,geo_cov_urb,mts_aggregate_x,2019,15.561
ind,sex_t,geo_cov_urb,mts_details_mrd,1994,40134.494
ind,sex_t,geo_cov_urb,mts_details_mrd,2000,47936.468
ind,sex_t,geo_cov_urb,mts_details_mrd,2005,53762.741
ind,sex_t,geo_cov_urb,mts_details_mrd,2010,62688.787
ind,sex_t,geo_cov_urb,mts_details_mrd,2012,70299.535
ind,sex_t,geo_cov_urb,mts_details_mrd,2018,75794.354
ind,sex_t,geo_cov_urb,mts_details_mrd,2019,81194.523
ind,sex_t,geo_cov_urb,mts_details_sep,1994,262.648
ind,sex_t,geo_cov_urb,mts_details_sep,2000,297.079
ind,sex_t,geo_cov_urb,mts_details_sep,2005,335.064
ind,sex_t,geo_cov_urb,mts_details_sep,2010,311.014
ind,sex_t,geo_cov_urb,mts_details_sep,2012,498.243
ind,sex_t,geo_cov_urb,mts_details_sep,2018,463.653
ind,sex_t,geo_cov_urb,mts_details_sep,2019,525.552
ind,sex_t,geo_cov_urb,mts_details_sgle,1994,20173.204
ind,sex_t,geo_cov_urb,mts_details_sgle,2000,24792.59
ind,sex_t,geo_cov_urb,mts_details_sgle,2005,26683.632
ind,sex_t,geo_cov_urb,mts_details_sgle,2010,33783.128
ind,sex_t,geo_cov_urb,mts_details_sgle,2012,37374.506
ind,sex_t,geo_cov_urb,mts_details_sgle,2018,40406.01
ind,sex_t,geo_cov_urb,mts_details_sgle,2019,42808.014
ind,sex_t,geo_cov_urb,mts_details_total,1994,67025.47
ind,sex_t,geo_cov_urb,mts_details_total,2000,80546.329
ind,sex_t,geo_cov_urb,mts_details_total,2005,89498.596
ind,sex_t,geo_cov_urb,mts_details_total,2010,106379.809
ind,sex_t,geo_cov_urb,mts_details_total,2012,119165.818
ind,sex_t,geo_cov_urb,mts_details_total,2018,130348.816
ind,sex_t,geo_cov_urb,mts_details_total,2019,139571.033
ind,sex_t,geo_cov_urb,mts_details_wid,1994,6448.664
ind,sex_t,geo_cov_urb,mts_details_wid,2000,7504.968
ind,sex_t,geo_cov_urb,mts_details_wid,2005,8716.751
ind,sex_t,geo_cov_urb,mts_details_wid,2010,9511.802
ind,sex_t,geo_cov_urb,mts_details_wid,2012,10979.324
ind,sex_t,geo_cov_urb,mts_details_wid,2018,13684.8
ind,sex_t,geo_cov_urb,mts_details_wid,2019,15027.383
ind,sex_t,geo_cov_urb,mts_details_x,1994,6.461
ind,sex_t,geo_cov_urb,mts_details_x,2000,15.225
ind,sex_t,geo_cov_urb,mts_details_x,2010,85.079
ind,sex_t,geo_cov_urb,mts_details_x,2012,14.211
ind,sex_t,geo_cov_urb,mts_details_x,2019,15.561
irl,sex_f,geo_cov_nat,mts_aggregate_1,1993,375.206
irl,sex_f,geo_cov_nat,mts_aggregate_1,1994,383.056
irl,sex_f,geo_cov_nat,mts_aggregate_1,1995,396.67
irl,sex_f,geo_cov_nat,mts_aggregate_1,1996,404.138
irl,sex_f,geo_cov_nat,mts_aggregate_1,1997,404.442
irl,sex_f,geo_cov_nat,mts_aggregate_1,1998,408.21
irl,sex_f,geo_cov_nat,mts_aggregate_1,1999,405.749
irl,sex_f,geo_cov_nat,mts_aggregate_1,2000,401.383
irl,sex_f,geo_cov_nat,mts_aggregate_1,2001,407.748
irl,sex_f,geo_cov_nat,mts_aggregate_1,2002,418.707
irl,sex_f,geo_cov_nat,mts_aggregate_1,2003,415.879
irl,sex_f,geo_cov_nat,mts_aggregate_1,2004,422.9
irl,sex_f,geo_cov_nat,mts_aggregate_1,2005,418.441
irl,sex_f,geo_cov_nat,mts_aggregate_1,2006,416.096
irl,sex_f,geo_cov_nat,mts_aggregate_1,2007,375.576
irl,sex_f,geo_cov_nat,mts_aggregate_1,2008,386.385
irl,sex_f,geo_cov_nat,mts_aggregate_1,2009,403.342
irl,sex_f,geo_cov_nat,mts_aggregate_1,2010,422.249
irl,sex_f,geo_cov_nat,mts_aggregate_1,2011,424.71
irl,sex_f,geo_cov_nat,mts_aggregate_1,2012,431.267
irl,sex_f,geo_cov_nat,mts_aggregate_1,2013,426.749
irl,sex_f,geo_cov_nat,mts_aggregate_1,2014,440.476
irl,sex_f,geo_cov_nat,mts_aggregate_1,2015,451.259
irl,sex_f,geo_cov_nat,mts_aggregate_1,2016,442.478
irl,sex_f,geo_cov_nat,mts_aggregate_1,2017,452.07
irl,sex_f,geo_cov_nat,mts_aggregate_1,2018,456.089
irl,sex_f,geo_cov_nat,mts_aggregate_1,2019,462.883
irl,sex_f,geo_cov_nat,mts_aggregate_1,2020,486.245
irl,sex_f,geo_cov_nat,mts_aggregate_2,1993,449.1
irl,sex_f,geo_cov_nat,mts_aggregate_2,1994,444.86
irl,sex_f,geo_cov_nat,mts_aggregate_2,1995,437.998
irl,sex_f,geo_cov_nat,mts_aggregate_2,1996,423.834
irl,sex_f,geo_cov_nat,mts_aggregate_2,1997,423.552
irl,sex_f,geo_cov_nat,mts_aggregate_2,1998,409.162
irl,sex_f,geo_cov_nat,mts_aggregate_2,1999,394.222
irl,sex_f,geo_cov_nat,mts_aggregate_2,2000,393.232
irl,sex_f,geo_cov_nat,mts_aggregate_2,2001,395.422
irl,sex_f,geo_cov_nat,mts_aggregate_2,2002,384.129
irl,sex_f,geo_cov_nat,mts_aggregate_2,2003,395.519
irl,sex_f,geo_cov_nat,mts_aggregate_2,2004,397.21
irl,sex_f,geo_cov_nat,mts_aggregate_2,2005,386.664
irl,sex_f,geo_cov_nat,mts_aggregate_2,2006,386.957
irl,sex_f,geo_cov_nat,mts_aggregate_2,2007,383.799
irl,sex_f,geo_cov_nat,mts_aggregate_2,2008,392.742
irl,sex_f,geo_cov_nat,mts_aggregate_2,2009,395.879
irl,sex_f,geo_cov_nat,mts_aggregate_2,2010,395.083
irl,sex_f,geo_cov_nat,mts_aggregate_2,2011,399.17
irl,sex_f,geo_cov_nat,mts_aggregate_2,2012,399.582
irl,sex_f,geo_cov_nat,mts_aggregate_2,2013,398.549
irl,sex_f,geo_cov_nat,mts_aggregate_2,2014,398.602
irl,sex_f,geo_cov_nat,mts_aggregate_2,2015,398.922
irl,sex_f,geo_cov_nat,mts_aggregate_2,2016,404.122
irl,sex_f,geo_cov_nat,mts_aggregate_2,2017,404.796
irl,sex_f,geo_cov_nat,mts_aggregate_2,2018,405.852
irl,sex_f,geo_cov_nat,mts_aggregate_2,2019,409.805
irl,sex_f,geo_cov_nat,mts_aggregate_2,2020,422.669
irl,sex_f,geo_cov_nat,mts_aggregate_total,1993,824.446
irl,sex_f,geo_cov_nat,mts_aggregate_total,1994,828.119
irl,sex_f,geo_cov_nat,mts_aggregate_total,1995,834.713
irl,sex_f,geo_cov_nat,mts_aggregate_total,1996,828.51
irl,sex_f,geo_cov_nat,mts_aggregate_total,1997,830.4
irl,sex_f,geo_cov_nat,mts_aggregate_total,1998,817.372
irl,sex_f,geo_cov_nat,mts_aggregate_total,1999,799.972
irl,sex_f,geo_cov_nat,mts_aggregate_total,2000,794.615
irl,sex_f,geo_cov_nat,mts_aggregate_total,2001,803.17
irl,sex_f,geo_cov_nat,mts_aggregate_total,2002,802.836
irl,sex_f,geo_cov_nat,mts_aggregate_total,2003,811.399
irl,sex_f,geo_cov_nat,mts_aggregate_total,2004,820.11
irl,sex_f,geo_cov_nat,mts_aggregate_total,2005,805.105
irl,sex_f,geo_cov_nat,mts_aggregate_total,2006,803.053
irl,sex_f,geo_cov_nat,mts_aggregate_total,2007,759.375
irl,sex_f,geo_cov_nat,mts_aggregate_total,2008,779.127
irl,sex_f,geo_cov_nat,mts_aggregate_total,2009,799.221
irl,sex_f,geo_cov_nat,mts_aggregate_total,2010,817.332
irl,sex_f,geo_cov_nat,mts_aggregate_total,2011,823.88
irl,sex_f,geo_cov_nat,mts_aggregate_total,2012,830.85
irl,sex_f,geo_cov_nat,mts_aggregate_total,2013,825.298
irl,sex_f,geo_cov_nat,mts_aggregate_total,2014,839.077
irl,sex_f,geo_cov_nat,mts_aggregate_total,2015,850.181
irl,sex_f,geo_cov_nat,mts_aggregate_total,2016,846.601
irl,sex_f,geo_cov_nat,mts_aggregate_total,2017,856.866
irl,sex_f,geo_cov_nat,mts_aggregate_total,2018,861.941
irl,sex_f,geo_cov_nat,mts_aggregate_total,2019,872.688
irl,sex_f,geo_cov_nat,mts_aggregate_total,2020,908.913
irl,sex_f,geo_cov_nat,mts_aggregate_x,1993,0.14
irl,sex_f,geo_cov_nat,mts_aggregate_x,1994,0.202
irl,sex_f,geo_cov_nat,mts_aggregate_x,1996,0.538
irl,sex_f,geo_cov_nat,mts_aggregate_x,1997,2.405
irl,sex_f,geo_cov_rur,mts_aggregate_1,1993,222.338
irl,sex_f,geo_cov_rur,mts_aggregate_1,1994,233.673
irl,sex_f,geo_cov_rur,mts_aggregate_1,1995,236.952
irl,sex_f,geo_cov_rur,mts_aggregate_1,1996,246.832
irl,sex_f,geo_cov_rur,mts_aggregate_1,1997,247.091
irl,sex_f,geo_cov_rur,mts_aggregate_1,1998,253.035
irl,sex_f,geo_cov_rur,mts_aggregate_1,1999,251.92
irl,sex_f,geo_cov_rur,mts_aggregate_1,2000,248.247
irl,sex_f,geo_cov_rur,mts_aggregate_1,2001,253.594
irl,sex_f,geo_cov_rur,mts_aggregate_1,2002,256.265
irl,sex_f,geo_cov_rur,mts_aggregate_1,2003,253.171
irl,sex_f,geo_cov_rur,mts_aggregate_1,2004,257.926
irl,sex_f,geo_cov_rur,mts_aggregate_1,2005,259.176
irl,sex_f,geo_cov_rur,mts_aggregate_1,2006,258.129
irl,sex_f,geo_cov_rur,mts_aggregate_1,2007,233.481
irl,sex_f,geo_cov_rur,mts_aggregate_1,2008,242.56
irl,sex_f,geo_cov_rur,mts_aggregate_1,2009,252.395
irl,sex_f,geo_cov_rur,mts_aggregate_1,2010,264.517
irl,sex_f,geo_cov_rur,mts_aggregate_1,2011,271.327
irl,sex_f,geo_cov_rur,mts_aggregate_1,2012,185.449
irl,sex_f,geo_cov_rur,mts_aggregate_1,2013,175.324
irl,sex_f,geo_cov_rur,mts_aggregate_1,2014,183.02
irl,sex_f,geo_cov_rur,mts_aggregate_1,2015,192.656
irl,sex_f,geo_cov_rur,mts_aggregate_1,2016,185.751
irl,sex_f,geo_cov_rur,mts_aggregate_1,2017,180.255
irl,sex_f,geo_cov_rur,mts_aggregate_1,2018,179.934
irl,sex_f,geo_cov_rur,mts_aggregate_1,2019,189.916
irl,sex_f,geo_cov_rur,mts_aggregate_1,2020,202.44
irl,sex_f,geo_cov_rur,mts_aggregate_2,1993,289.147
irl,sex_f,geo_cov_rur,mts_aggregate_2,1994,287.036
irl,sex_f,geo_cov_rur,mts_aggregate_2,1995,283.443
irl,sex_f,geo_cov_rur,mts_aggregate_2,1996,279.219
irl,sex_f,geo_cov_rur,mts_aggregate_2,1997,277.544
irl,sex_f,geo_cov_rur,mts_aggregate_2,1998,272.309
irl,sex_f,geo_cov_rur,mts_aggregate_2,1999,262.902
irl,sex_f,geo_cov_rur,mts_aggregate_2,2000,262.657
irl,sex_f,geo_cov_rur,mts_aggregate_2,2001,260.215
irl,sex_f,geo_cov_rur,mts_aggregate_2,2002,253.662
irl,sex_f,geo_cov_rur,mts_aggregate_2,2003,260.159
irl,sex_f,geo_cov_rur,mts_aggregate_2,2004,260.818
irl,sex_f,geo_cov_rur,mts_aggregate_2,2005,258.796
irl,sex_f,geo_cov_rur,mts_aggregate_2,2006,260.711
irl,sex_f,geo_cov_rur,mts_aggregate_2,2007,258.729
irl,sex_f,geo_cov_rur,mts_aggregate_2,2008,266.708
irl,sex_f,geo_cov_rur,mts_aggregate_2,2009,263.951
irl,sex_f,geo_cov_rur,mts_aggregate_2,2010,266.046
irl,sex_f,geo_cov_rur,mts_aggregate_2,2011,269.04
irl,sex_f,geo_cov_rur,mts_aggregate_2,2012,193.732
irl,sex_f,geo_cov_rur,mts_aggregate_2,2013,186.46
irl,sex_f,geo_cov_rur,mts_aggregate_2,2014,188.72
irl,sex_f,geo_cov_rur,mts_aggregate_2,2015,186.853
irl,sex_f,geo_cov_rur,mts_aggregate_2,2016,196.335
irl,sex_f,geo_cov_rur,mts_aggregate_2,2017,189.282
irl,sex_f,geo_cov_rur,mts_aggregate_2,2018,190.391
irl,sex_f,geo_cov_rur,mts_aggregate_2,2019,189.733
irl,sex_f,geo_cov_rur,mts_aggregate_2,2020,195.467
irl,sex_f,geo_cov_rur,mts_aggregate_total,1993,511.578
irl,sex_f,geo_cov_rur,mts_aggregate_total,1994,520.853
irl,sex_f,geo_cov_rur,mts_aggregate_total,1995,520.413
irl,sex_f,geo_cov_rur,mts_aggregate_total,1996,526.097
irl,sex_f,geo_cov_rur,mts_aggregate_total,1997,524.893
irl,sex_f,geo_cov_rur,mts_aggregate_total,1998,525.344
irl,sex_f,geo_cov_rur,mts_aggregate_total,1999,514.822
irl,sex_f,geo_cov_rur,mts_aggregate_total,2000,510.904
irl,sex_f,geo_cov_rur,mts_aggregate_total,2001,513.808
irl,sex_f,geo_cov_rur,mts_aggregate_total,2002,509.928
irl,sex_f,geo_cov_rur,mts_aggregate_total,2003,513.33
irl,sex_f,geo_cov_rur,mts_aggregate_total,2004,518.743
irl,sex_f,geo_cov_rur,mts_aggregate_total,2005,517.972
irl,sex_f,geo_cov_rur,mts_aggregate_total,2006,518.84
irl,sex_f,geo_cov_rur,mts_aggregate_total,2007,492.21
irl,sex_f,geo_cov_rur,mts_aggregate_total,2008,509.269
irl,sex_f,geo_cov_rur,mts_aggregate_total,2009,516.346
irl,sex_f,geo_cov_rur,mts_aggregate_total,2010,530.563
irl,sex_f,geo_cov_rur,mts_aggregate_total,2011,540.367
irl,sex_f,geo_cov_rur,mts_aggregate_total,2012,379.181
irl,sex_f,geo_cov_rur,mts_aggregate_total,2013,361.784
irl,sex_f,geo_cov_rur,mts_aggregate_total,2014,371.74
irl,sex_f,geo_cov_rur,mts_aggregate_total,2015,379.509
irl,sex_f,geo_cov_rur,mts_aggregate_total,2016,382.086
irl,sex_f,geo_cov_rur,mts_aggregate_total,2017,369.537
irl,sex_f,geo_cov_rur,mts_aggregate_total,2018,370.326
irl,sex_f,geo_cov_rur,mts_aggregate_total,2019,379.648
irl,sex_f,geo_cov_rur,mts_aggregate_total,2020,397.908
irl,sex_f,geo_cov_rur,mts_aggregate_x,1994,0.144
irl,sex_f,geo_cov_rur,mts_aggregate_x,1997,0.257
irl,sex_f,geo_cov_urb,mts_aggregate_1,1993,152.868
irl,sex_f,geo_cov_urb,mts_aggregate_1,1994,149.384
irl,sex_f,geo_cov_urb,mts_aggregate_1,1995,159.718
irl,sex_f,geo_cov_urb,mts_aggregate_1,1996,157.306
irl,sex_f,geo_cov_urb,mts_aggregate_1,1997,157.351
irl,sex_f,geo_cov_urb,mts_aggregate_1,1998,155.175
irl,sex_f,geo_cov_urb,mts_aggregate_1,1999,153.829
irl,sex_f,geo_cov_urb,mts_aggregate_1,2000,153.135
irl,sex_f,geo_cov_urb,mts_aggregate_1,2001,154.154
irl,sex_f,geo_cov_urb,mts_aggregate_1,2002,162.442
irl,sex_f,geo_cov_urb,mts_aggregate_1,2003,162.708
irl,sex_f,geo_cov_urb,mts_aggregate_1,2004,164.975
irl,sex_f,geo_cov_urb,mts_aggregate_1,2005,159.266
irl,sex_f,geo_cov_urb,mts_aggregate_1,2006,157.967
irl,sex_f,geo_cov_urb,mts_aggregate_1,2007,142.095
irl,sex_f,geo_cov_urb,mts_aggregate_1,2008,143.825
irl,sex_f,geo_cov_urb,mts_aggregate_1,2009,150.947
irl,sex_f,geo_cov_urb,mts_aggregate_1,2010,157.732
irl,sex_f,geo_cov_urb,mts_aggregate_1,2011,153.383
irl,sex_f,geo_cov_urb,mts_aggregate_1,2012,245.819
irl,sex_f,geo_cov_urb,mts_aggregate_1,2013,251.425
irl,sex_f,geo_cov_urb,mts_aggregate_1,2014,257.456
irl,sex_f,geo_cov_urb,mts_aggregate_1,2015,258.603
irl,sex_f,geo_cov_urb,mts_aggregate_1,2016,256.727
irl,sex_f,geo_cov_urb,mts_aggregate_1,2017,271.815
irl,sex_f,geo_cov_urb,mts_aggregate_1,2018,276.155
irl,sex_f,geo_cov_urb,mts_aggregate_1,2019,272.967
irl,sex_f,geo_cov_urb,mts_aggregate_1,2020,283.804
irl,sex_f,geo_cov_urb,mts_aggregate_2,1993,159.953
irl,sex_f,geo_cov_urb,mts_aggregate_2,1994,157.825
irl,sex_f,geo_cov_urb,mts_aggregate_2,1995,154.555
irl,sex_f,geo_cov_urb,mts_aggregate_2,1996,144.615
irl,sex_f,geo_cov_urb,mts_aggregate_2,1997,146.008
irl,sex_f,geo_cov_urb,mts_aggregate_2,1998,136.853
irl,sex_f,geo_cov_urb,mts_aggregate_2,1999,131.32
irl,sex_f,geo_cov_urb,mts_aggregate_2,2000,130.575
irl,sex_f,geo_cov_urb,mts_aggregate_2,2001,135.207
irl,sex_f,geo_cov_urb,mts_aggregate_2,2002,130.467
irl,sex_f,geo_cov_urb,mts_aggregate_2,2003,135.361
irl,sex_f,geo_cov_urb,mts_aggregate_2,2004,136.393
irl,sex_f,geo_cov_urb,mts_aggregate_2,2005,127.868
irl,sex_f,geo_cov_urb,mts_aggregate_2,2006,126.246
irl,sex_f,geo_cov_urb,mts_aggregate_2,2007,125.07
irl,sex_f,geo_cov_urb,mts_aggregate_2,2008,126.034
irl,sex_f,geo_cov_urb,mts_aggregate_2,2009,131.928
irl,sex_f,geo_cov_urb,mts_aggregate_2,2010,129.037
irl,sex_f,geo_cov_urb,mts_aggregate_2,2011,130.131
irl,sex_f,geo_cov_urb,mts_aggregate_2,2012,205.85
irl,sex_f,geo_cov_urb,mts_aggregate_2,2013,212.089
irl,sex_f,geo_cov_urb,mts_aggregate_2,2014,209.881
irl,sex_f,geo_cov_urb,mts_aggregate_2,2015,212.07
irl,sex_f,geo_cov_urb,mts_aggregate_2,2016,207.787
irl,sex_f,geo_cov_urb,mts_aggregate_2,2017,215.515
irl,sex_f,geo_cov_urb,mts_aggregate_2,2018,215.461
irl,sex_f,geo_cov_urb,mts_aggregate_2,2019,220.073
irl,sex_f,geo_cov_urb,mts_aggregate_2,2020,227.201
irl,sex_f,geo_cov_urb,mts_aggregate_total,1993,312.868
irl,sex_f,geo_cov_urb,mts_aggregate_total,1994,307.266
irl,sex_f,geo_cov_urb,mts_aggregate_total,1995,314.301
irl,sex_f,geo_cov_urb,mts_aggregate_total,1996,302.413
irl,sex_f,geo_cov_urb,mts_aggregate_total,1997,305.507
irl,sex_f,geo_cov_urb,mts_aggregate_total,1998,292.029
irl,sex_f,geo_cov_urb,mts_aggregate_total,1999,285.149
irl,sex_f,geo_cov_urb,mts_aggregate_total,2000,283.711
irl,sex_f,geo_cov_urb,mts_aggregate_total,2001,289.361
irl,sex_f,geo_cov_urb,mts_aggregate_total,2002,292.909
irl,sex_f,geo_cov_urb,mts_aggregate_total,2003,298.069
irl,sex_f,geo_cov_urb,mts_aggregate_total,2004,301.367
irl,sex_f,geo_cov_urb,mts_aggregate_total,2005,287.133
irl,sex_f,geo_cov_urb,mts_aggregate_total,2006,284.213
irl,sex_f,geo_cov_urb,mts_aggregate_total,2007,267.165
irl,sex_f,geo_cov_urb,mts_aggregate_total,2008,269.859
irl,sex_f,geo_cov_urb,mts_aggregate_total,2009,282.875
irl,sex_f,geo_cov_urb,mts_aggregate_total,2010,286.769
irl,sex_f,geo_cov_urb,mts_aggregate_total,2011,283.514
irl,sex_f,geo_cov_urb,mts_aggregate_total,2012,451.669
irl,sex_f,geo_cov_urb,mts_aggregate_total,2013,463.514
irl,sex_f,geo_cov_urb,mts_aggregate_total,2014,467.337
irl,sex_f,geo_cov_urb,mts_aggregate_total,2015,470.672
irl,sex_f,geo_cov_urb,mts_aggregate_total,2016,464.514
irl,sex_f,geo_cov_urb,mts_aggregate_total,2017,487.329
irl,sex_f,geo_cov_urb,mts_aggregate_total,2018,491.615
irl,sex_f,geo_cov_urb,mts_aggregate_total,2019,493.04
irl,sex_f,geo_cov_urb,mts_aggregate_total,2020,511.006
irl,sex_f,geo_cov_urb,mts_aggregate_x,1996,0.492
irl,sex_f,geo_cov_urb,mts_aggregate_x,1997,2.148
irl,sex_m,geo_cov_nat,mts_aggregate_1,1993,258.817
irl,sex_m,geo_cov_nat,mts_aggregate_1,1994,265.594
irl,sex_m,geo_cov_nat,mts_aggregate_1,1995,270.473
irl,sex_m,geo_cov_nat,mts_aggregate_1,1996,279.957
irl,sex_m,geo_cov_nat,mts_aggregate_1,1997,278.517
irl,sex_m,geo_cov_nat,mts_aggregate_1,1998,264.079
irl,sex_m,geo_cov_nat,mts_aggregate_1,1999,257.187
irl,sex_m,geo_cov_nat,mts_aggregate_1,2000,252.82
irl,sex_m,geo_cov_nat,mts_aggregate_1,2001,259.811
irl,sex_m,geo_cov_nat,mts_aggregate_1,2002,272.854
irl,sex_m,geo_cov_nat,mts_aggregate_1,2003,272.038
irl,sex_m,geo_cov_nat,mts_aggregate_1,2004,271.858
irl,sex_m,geo_cov_nat,mts_aggregate_1,2005,268.506
irl,sex_m,geo_cov_nat,mts_aggregate_1,2006,262.69
irl,sex_m,geo_cov_nat,mts_aggregate_1,2007,216.458
irl,sex_m,geo_cov_nat,mts_aggregate_1,2008,235.947
irl,sex_m,geo_cov_nat,mts_aggregate_1,2009,268.635
irl,sex_m,geo_cov_nat,mts_aggregate_1,2010,289.984
irl,sex_m,geo_cov_nat,mts_aggregate_1,2011,295.167
irl,sex_m,geo_cov_nat,mts_aggregate_1,2012,302.283
irl,sex_m,geo_cov_nat,mts_aggregate_1,2013,306.929
irl,sex_m,geo_cov_nat,mts_aggregate_1,2014,310.386
irl,sex_m,geo_cov_nat,mts_aggregate_1,2015,313.945
irl,sex_m,geo_cov_nat,mts_aggregate_1,2016,317.572
irl,sex_m,geo_cov_nat,mts_aggregate_1,2017,330.366
irl,sex_m,geo_cov_nat,mts_aggregate_1,2018,336.449
irl,sex_m,geo_cov_nat,mts_aggregate_1,2019,342.613
irl,sex_m,geo_cov_nat,mts_aggregate_1,2020,370.64
irl,sex_m,geo_cov_nat,mts_aggregate_2,1993,156.277
irl,sex_m,geo_cov_nat,mts_aggregate_2,1994,155.189
irl,sex_m,geo_cov_nat,mts_aggregate_2,1995,158.771
irl,sex_m,geo_cov_nat,mts_aggregate_2,1996,158.793
irl,sex_m,geo_cov_nat,mts_aggregate_2,1997,165.632
irl,sex_m,geo_cov_nat,mts_aggregate_2,1998,167.179
irl,sex_m,geo_cov_nat,mts_aggregate_2,1999,166.884
irl,sex_m,geo_cov_nat,mts_aggregate_2,2000,167.169
irl,sex_m,geo_cov_nat,mts_aggregate_2,2001,169.79
irl,sex_m,geo_cov_nat,mts_aggregate_2,2002,172.574
irl,sex_m,geo_cov_nat,mts_aggregate_2,2003,184.108
irl,sex_m,geo_cov_nat,mts_aggregate_2,2004,186.071
irl,sex_m,geo_cov_nat,mts_aggregate_2,2005,189.168
irl,sex_m,geo_cov_nat,mts_aggregate_2,2006,188.923
irl,sex_m,geo_cov_nat,mts_aggregate_2,2007,195.151
irl,sex_m,geo_cov_nat,mts_aggregate_2,2008,203.179
irl,sex_m,geo_cov_nat,mts_aggregate_2,2009,224.327
irl,sex_m,geo_cov_nat,mts_aggregate_2,2010,238.491
irl,sex_m,geo_cov_nat,mts_aggregate_2,2011,250.242
irl,sex_m,geo_cov_nat,mts_aggregate_2,2012,251.036
irl,sex_m,geo_cov_nat,mts_aggregate_2,2013,246.689
irl,sex_m,geo_cov_nat,mts_aggregate_2,2014,247.876
irl,sex_m,geo_cov_nat,mts_aggregate_2,2015,245.801
irl,sex_m,geo_cov_nat,mts_aggregate_2,2016,251.135
irl,sex_m,geo_cov_nat,mts_aggregate_2,2017,255.353
irl,sex_m,geo_cov_nat,mts_aggregate_2,2018,258.97
irl,sex_m,geo_cov_nat,mts_aggregate_2,2019,260.624
irl,sex_m,geo_cov_nat,mts_aggregate_2,2020,266.421
irl,sex_m,geo_cov_nat,mts_aggregate_total,1993,415.216
irl,sex_m,geo_cov_nat,mts_aggregate_total,1994,420.854
irl,sex_m,geo_cov_nat,mts_aggregate_total,1995,429.352
irl,sex_m,geo_cov_nat,mts_aggregate_total,1996,439.112
irl,sex_m,geo_cov_nat,mts_aggregate_total,1997,446.073
irl,sex_m,geo_cov_nat,mts_aggregate_total,1998,431.258
irl,sex_m,geo_cov_nat,mts_aggregate_total,1999,424.071
irl,sex_m,geo_cov_nat,mts_aggregate_total,2000,419.989
irl,sex_m,geo_cov_nat,mts_aggregate_total,2001,429.6
irl,sex_m,geo_cov_nat,mts_aggregate_total,2002,445.428
irl,sex_m,geo_cov_nat,mts_aggregate_total,2003,456.147
irl,sex_m,geo_cov_nat,mts_aggregate_total,2004,457.929
irl,sex_m,geo_cov_nat,mts_aggregate_total,2005,457.674
irl,sex_m,geo_cov_nat,mts_aggregate_total,2006,451.613
irl,sex_m,geo_cov_nat,mts_aggregate_total,2007,411.608
irl,sex_m,geo_cov_nat,mts_aggregate_total,2008,439.126
irl,sex_m,geo_cov_nat,mts_aggregate_total,2009,492.961
irl,sex_m,geo_cov_nat,mts_aggregate_total,2010,528.475
irl,sex_m,geo_cov_nat,mts_aggregate_total,2011,545.409
irl,sex_m,geo_cov_nat,mts_aggregate_total,2012,553.319
irl,sex_m,geo_cov_nat,mts_aggregate_total,2013,553.618
irl,sex_m,geo_cov_nat,mts_aggregate_total,2014,558.261
irl,sex_m,geo_cov_nat,mts_aggregate_total,2015,559.745
irl,sex_m,geo_cov_nat,mts_aggregate_total,2016,568.707
irl,sex_m,geo_cov_nat,mts_aggregate_total,2017,585.72
irl,sex_m,geo_cov_nat,mts_aggregate_total,2018,595.419
irl,sex_m,geo_cov_nat,mts_aggregate_total,2019,603.238
irl,sex_m,geo_cov_nat,mts_aggregate_total,2020,637.061
irl,sex_m,geo_cov_nat,mts_aggregate_x,1996,0.362
irl,sex_m,geo_cov_nat,mts_aggregate_x,1997,1.925
irl,sex_m,geo_cov_rur,mts_aggregate_1,1993,161.675
irl,sex_m,geo_cov_rur,mts_aggregate_1,1994,170.982
irl,sex_m,geo_cov_rur,mts_aggregate_1,1995,169.149
irl,sex_m,geo_cov_rur,mts_aggregate_1,1996,174.616
irl,sex_m,geo_cov_rur,mts_aggregate_1,1997,176.305
irl,sex_m,geo_cov_rur,mts_aggregate_1,1998,167.903
irl,sex_m,geo_cov_rur,mts_aggregate_1,1999,166.09
irl,sex_m,geo_cov_rur,mts_aggregate_1,2000,164.177
irl,sex_m,geo_cov_rur,mts_aggregate_1,2001,167.974
irl,sex_m,geo_cov_rur,mts_aggregate_1,2002,172.059
irl,sex_m,geo_cov_rur,mts_aggregate_1,2003,172.613
irl,sex_m,geo_cov_rur,mts_aggregate_1,2004,172.452
irl,sex_m,geo_cov_rur,mts_aggregate_1,2005,170.041
irl,sex_m,geo_cov_rur,mts_aggregate_1,2006,167.334
irl,sex_m,geo_cov_rur,mts_aggregate_1,2007,136.495
irl,sex_m,geo_cov_rur,mts_aggregate_1,2008,151.352
irl,sex_m,geo_cov_rur,mts_aggregate_1,2009,170.336
irl,sex_m,geo_cov_rur,mts_aggregate_1,2010,182.332
irl,sex_m,geo_cov_rur,mts_aggregate_1,2011,189.843
irl,sex_m,geo_cov_rur,mts_aggregate_1,2012,131.294
irl,sex_m,geo_cov_rur,mts_aggregate_1,2013,129.364
irl,sex_m,geo_cov_rur,mts_aggregate_1,2014,130.977
irl,sex_m,geo_cov_rur,mts_aggregate_1,2015,132.862
irl,sex_m,geo_cov_rur,mts_aggregate_1,2016,134.193
irl,sex_m,geo_cov_rur,mts_aggregate_1,2017,136.724
irl,sex_m,geo_cov_rur,mts_aggregate_1,2018,141.12
irl,sex_m,geo_cov_rur,mts_aggregate_1,2019,149.456
irl,sex_m,geo_cov_rur,mts_aggregate_1,2020,164.506
irl,sex_m,geo_cov_rur,mts_aggregate_2,1993,97.416
irl,sex_m,geo_cov_rur,mts_aggregate_2,1994,97.433
irl,sex_m,geo_cov_rur,mts_aggregate_2,1995,98.246
irl,sex_m,geo_cov_rur,mts_aggregate_2,1996,101.459
irl,sex_m,geo_cov_rur,mts_aggregate_2,1997,104.63
irl,sex_m,geo_cov_rur,mts_aggregate_2,1998,108.278
irl,sex_m,geo_cov_rur,mts_aggregate_2,1999,106.818
irl,sex_m,geo_cov_rur,mts_aggregate_2,2000,108.023
irl,sex_m,geo_cov_rur,mts_aggregate_2,2001,109.336
irl,sex_m,geo_cov_rur,mts_aggregate_2,2002,111.406
irl,sex_m,geo_cov_rur,mts_aggregate_2,2003,117.108
irl,sex_m,geo_cov_rur,mts_aggregate_2,2004,115.688
irl,sex_m,geo_cov_rur,mts_aggregate_2,2005,119.86
irl,sex_m,geo_cov_rur,mts_aggregate_2,2006,123.87
irl,sex_m,geo_cov_rur,mts_aggregate_2,2007,125.303
irl,sex_m,geo_cov_rur,mts_aggregate_2,2008,132.658
irl,sex_m,geo_cov_rur,mts_aggregate_2,2009,143.998
irl,sex_m,geo_cov_rur,mts_aggregate_2,2010,157.413
irl,sex_m,geo_cov_rur,mts_aggregate_2,2011,166.017
irl,sex_m,geo_cov_rur,mts_aggregate_2,2012,118.379
irl,sex_m,geo_cov_rur,mts_aggregate_2,2013,112.501
irl,sex_m,geo_cov_rur,mts_aggregate_2,2014,112.829
irl,sex_m,geo_cov_rur,mts_aggregate_2,2015,110.031
irl,sex_m,geo_cov_rur,mts_aggregate_2,2016,115.583
irl,sex_m,geo_cov_rur,mts_aggregate_2,2017,117.485
irl,sex_m,geo_cov_rur,mts_aggregate_2,2018,119.472
irl,sex_m,geo_cov_rur,mts_aggregate_2,2019,117.742
irl,sex_m,geo_cov_rur,mts_aggregate_2,2020,123.548
irl,sex_m,geo_cov_rur,mts_aggregate_total,1993,259.188
irl,sex_m,geo_cov_rur,mts_aggregate_total,1994,268.455
irl,sex_m,geo_cov_rur,mts_aggregate_total,1995,267.395
irl,sex_m,geo_cov_rur,mts_aggregate_total,1996,276.096
irl,sex_m,geo_cov_rur,mts_aggregate_total,1997,281.205
irl,sex_m,geo_cov_rur,mts_aggregate_total,1998,276.181
irl,sex_m,geo_cov_rur,mts_aggregate_total,1999,272.908
irl,sex_m,geo_cov_rur,mts_aggregate_total,2000,272.2
irl,sex_m,geo_cov_rur,mts_aggregate_total,2001,277.309
irl,sex_m,geo_cov_rur,mts_aggregate_total,2002,283.465
irl,sex_m,geo_cov_rur,mts_aggregate_total,2003,289.72
irl,sex_m,geo_cov_rur,mts_aggregate_total,2004,288.14
irl,sex_m,geo_cov_rur,mts_aggregate_total,2005,289.901
irl,sex_m,geo_cov_rur,mts_aggregate_total,2006,291.204
irl,sex_m,geo_cov_rur,mts_aggregate_total,2007,261.797
irl,sex_m,geo_cov_rur,mts_aggregate_total,2008,284.009
irl,sex_m,geo_cov_rur,mts_aggregate_total,2009,314.334
irl,sex_m,geo_cov_rur,mts_aggregate_total,2010,339.745
irl,sex_m,geo_cov_rur,mts_aggregate_total,2011,355.86
irl,sex_m,geo_cov_rur,mts_aggregate_total,2012,249.674
irl,sex_m,geo_cov_rur,mts_aggregate_total,2013,241.864
irl,sex_m,geo_cov_rur,mts_aggregate_total,2014,243.806
irl,sex_m,geo_cov_rur,mts_aggregate_total,2015,242.893
irl,sex_m,geo_cov_rur,mts_aggregate_total,2016,249.776
irl,sex_m,geo_cov_rur,mts_aggregate_total,2017,254.209
irl,sex_m,geo_cov_rur,mts_aggregate_total,2018,260.591
irl,sex_m,geo_cov_rur,mts_aggregate_total,2019,267.198
irl,sex_m,geo_cov_rur,mts_aggregate_total,2020,288.054
irl,sex_m,geo_cov_rur,mts_aggregate_x,1997,0.271
irl,sex_m,geo_cov_urb,mts_aggregate_1,1993,97.142
irl,sex_m,geo_cov_urb,mts_aggregate_1,1994,94.613
irl,sex_m,geo_cov_urb,mts_aggregate_1,1995,101.324
irl,sex_m,geo_cov_urb,mts_aggregate_1,1996,105.341
irl,sex_m,geo_cov_urb,mts_aggregate_1,1997,102.212
irl,sex_m,geo_cov_urb,mts_aggregate_1,1998,96.176
irl,sex_m,geo_cov_urb,mts_aggregate_1,1999,91.097
irl,sex_m,geo_cov_urb,mts_aggregate_1,2000,88.643
irl,sex_m,geo_cov_urb,mts_aggregate_1,2001,91.837
irl,sex_m,geo_cov_urb,mts_aggregate_1,2002,100.795
irl,sex_m,geo_cov_urb,mts_aggregate_1,2003,99.425
irl,sex_m,geo_cov_urb,mts_aggregate_1,2004,99.406
irl,sex_m,geo_cov_urb,mts_aggregate_1,2005,98.465
irl,sex_m,geo_cov_urb,mts_aggregate_1,2006,95.356
irl,sex_m,geo_cov_urb,mts_aggregate_1,2007,79.963
irl,sex_m,geo_cov_urb,mts_aggregate_1,2008,84.595
irl,sex_m,geo_cov_urb,mts_aggregate_1,2009,98.299
irl,sex_m,geo_cov_urb,mts_aggregate_1,2010,107.652
irl,sex_m,geo_cov_urb,mts_aggregate_1,2011,105.324
irl,sex_m,geo_cov_urb,mts_aggregate_1,2012,170.989
irl,sex_m,geo_cov_urb,mts_aggregate_1,2013,177.565
irl,sex_m,geo_cov_urb,mts_aggregate_1,2014,179.408
irl,sex_m,geo_cov_urb,mts_aggregate_1,2015,181.082
irl,sex_m,geo_cov_urb,mts_aggregate_1,2016,183.379
irl,sex_m,geo_cov_urb,mts_aggregate_1,2017,193.642
irl,sex_m,geo_cov_urb,mts_aggregate_1,2018,195.329
irl,sex_m,geo_cov_urb,mts_aggregate_1,2019,193.158
irl,sex_m,geo_cov_urb,mts_aggregate_1,2020,206.134
irl,sex_m,geo_cov_urb,mts_aggregate_2,1993,58.861
irl,sex_m,geo_cov_urb,mts_aggregate_2,1994,57.756
irl,sex_m,geo_cov_urb,mts_aggregate_2,1995,60.524
irl,sex_m,geo_cov_urb,mts_aggregate_2,1996,57.334
irl,sex_m,geo_cov_urb,mts_aggregate_2,1997,61.002
irl,sex_m,geo_cov_urb,mts_aggregate_2,1998,58.901
irl,sex_m,geo_cov_urb,mts_aggregate_2,1999,60.066
irl,sex_m,geo_cov_urb,mts_aggregate_2,2000,59.146
irl,sex_m,geo_cov_urb,mts_aggregate_2,2001,60.454
irl,sex_m,geo_cov_urb,mts_aggregate_2,2002,61.168
irl,sex_m,geo_cov_urb,mts_aggregate_2,2003,67.001
irl,sex_m,geo_cov_urb,mts_aggregate_2,2004,70.383
irl,sex_m,geo_cov_urb,mts_aggregate_2,2005,69.309
irl,sex_m,geo_cov_urb,mts_aggregate_2,2006,65.052
irl,sex_m,geo_cov_urb,mts_aggregate_2,2007,69.848
irl,sex_m,geo_cov_urb,mts_aggregate_2,2008,70.521
irl,sex_m,geo_cov_urb,mts_aggregate_2,2009,80.328
irl,sex_m,geo_cov_urb,mts_aggregate_2,2010,81.078
irl,sex_m,geo_cov_urb,mts_aggregate_2,2011,84.225
irl,sex_m,geo_cov_urb,mts_aggregate_2,2012,132.656
irl,sex_m,geo_cov_urb,mts_aggregate_2,2013,134.189
irl,sex_m,geo_cov_urb,mts_aggregate_2,2014,135.047
irl,sex_m,geo_cov_urb,mts_aggregate_2,2015,135.77
irl,sex_m,geo_cov_urb,mts_aggregate_2,2016,135.552
irl,sex_m,geo_cov_urb,mts_aggregate_2,2017,137.869
irl,sex_m,geo_cov_urb,mts_aggregate_2,2018,139.498
irl,sex_m,geo_cov_urb,mts_aggregate_2,2019,142.882
irl,sex_m,geo_cov_urb,mts_aggregate_2,2020,142.874
irl,sex_m,geo_cov_urb,mts_aggregate_total,1993,156.028
irl,sex_m,geo_cov_urb,mts_aggregate_total,1994,152.4
irl,sex_m,geo_cov_urb,mts_aggregate_total,1995,161.957
irl,sex_m,geo_cov_urb,mts_aggregate_total,1996,163.016
irl,sex_m,geo_cov_urb,mts_aggregate_total,1997,164.868
irl,sex_m,geo_cov_urb,mts_aggregate_total,1998,155.077
irl,sex_m,geo_cov_urb,mts_aggregate_total,1999,151.163
irl,sex_m,geo_cov_urb,mts_aggregate_total,2000,147.789
irl,sex_m,geo_cov_urb,mts_aggregate_total,2001,152.291
irl,sex_m,geo_cov_urb,mts_aggregate_total,2002,161.963
irl,sex_m,geo_cov_urb,mts_aggregate_total,2003,166.426
irl,sex_m,geo_cov_urb,mts_aggregate_total,2004,169.789
irl,sex_m,geo_cov_urb,mts_aggregate_total,2005,167.774
irl,sex_m,geo_cov_urb,mts_aggregate_total,2006,160.408
irl,sex_m,geo_cov_urb,mts_aggregate_total,2007,149.811
irl,sex_m,geo_cov_urb,mts_aggregate_total,2008,155.117
irl,sex_m,geo_cov_urb,mts_aggregate_total,2009,178.628
irl,sex_m,geo_cov_urb,mts_aggregate_total,2010,188.731
irl,sex_m,geo_cov_urb,mts_aggregate_total,2011,189.549
irl,sex_m,geo_cov_urb,mts_aggregate_total,2012,303.645
irl,sex_m,geo_cov_urb,mts_aggregate_total,2013,311.754
irl,sex_m,geo_cov_urb,mts_aggregate_total,2014,314.455
irl,sex_m,geo_cov_urb,mts_aggregate_total,2015,316.852
irl,sex_m,geo_cov_urb,mts_aggregate_total,2016,318.931
irl,sex_m,geo_cov_urb,mts_aggregate_total,2017,331.511
irl,sex_m,geo_cov_urb,mts_aggregate_total,2018,334.828
irl,sex_m,geo_cov_urb,mts_aggregate_total,2019,336.04
irl,sex_m,geo_cov_urb,mts_aggregate_total,2020,349.007
irl,sex_m,geo_cov_urb,mts_aggregate_x,1996,0.341
irl,sex_m,geo_cov_urb,mts_aggregate_x,1997,1.654
irl,sex_t,geo_cov_nat,mts_aggregate_1,1993,634.023
irl,sex_t,geo_cov_nat,mts_aggregate_1,1994,648.651
irl,sex_t,geo_cov_nat,mts_aggregate_1,1995,667.143
irl,sex_t,geo_cov_nat,mts_aggregate_1,1996,684.095
irl,sex_t,geo_cov_nat,mts_aggregate_1,1997,682.959
irl,sex_t,geo_cov_nat,mts_aggregate_1,1998,672.289
irl,sex_t,geo_cov_nat,mts_aggregate_1,1999,662.937
irl,sex_t,geo_cov_nat,mts_aggregate_1,2000,654.202
irl,sex_t,geo_cov_nat,mts_aggregate_1,2001,667.558
irl,sex_t,geo_cov_nat,mts_aggregate_1,2002,691.561
irl,sex_t,geo_cov_nat,mts_aggregate_1,2003,687.918
irl,sex_t,geo_cov_nat,mts_aggregate_1,2004,694.759
irl,sex_t,geo_cov_nat,mts_aggregate_1,2005,686.947
irl,sex_t,geo_cov_nat,mts_aggregate_1,2006,678.786
irl,sex_t,geo_cov_nat,mts_aggregate_1,2007,592.034
irl,sex_t,geo_cov_nat,mts_aggregate_1,2008,622.332
irl,sex_t,geo_cov_nat,mts_aggregate_1,2009,671.977
irl,sex_t,geo_cov_nat,mts_aggregate_1,2010,712.234
irl,sex_t,geo_cov_nat,mts_aggregate_1,2011,719.877
irl,sex_t,geo_cov_nat,mts_aggregate_1,2012,733.551
irl,sex_t,geo_cov_nat,mts_aggregate_1,2013,733.678
irl,sex_t,geo_cov_nat,mts_aggregate_1,2014,750.861
irl,sex_t,geo_cov_nat,mts_aggregate_1,2015,765.203
irl,sex_t,geo_cov_nat,mts_aggregate_1,2016,760.05
irl,sex_t,geo_cov_nat,mts_aggregate_1,2017,782.436
irl,sex_t,geo_cov_nat,mts_aggregate_1,2018,792.538
irl,sex_t,geo_cov_nat,mts_aggregate_1,2019,805.497
irl,sex_t,geo_cov_nat,mts_aggregate_1,2020,856.884
irl,sex_t,geo_cov_nat,mts_aggregate_2,1993,605.377
irl,sex_t,geo_cov_nat,mts_aggregate_2,1994,600.05
irl,sex_t,geo_cov_nat,mts_aggregate_2,1995,596.768
irl,sex_t,geo_cov_nat,mts_aggregate_2,1996,582.627
irl,sex_t,geo_cov_nat,mts_aggregate_2,1997,589.184
irl,sex_t,geo_cov_nat,mts_aggregate_2,1998,576.341
irl,sex_t,geo_cov_nat,mts_aggregate_2,1999,561.106
irl,sex_t,geo_cov_nat,mts_aggregate_2,2000,560.401
irl,sex_t,geo_cov_nat,mts_aggregate_2,2001,565.211
irl,sex_t,geo_cov_nat,mts_aggregate_2,2002,556.703
irl,sex_t,geo_cov_nat,mts_aggregate_2,2003,579.628
irl,sex_t,geo_cov_nat,mts_aggregate_2,2004,583.281
irl,sex_t,geo_cov_nat,mts_aggregate_2,2005,575.832
irl,sex_t,geo_cov_nat,mts_aggregate_2,2006,575.879
irl,sex_t,geo_cov_nat,mts_aggregate_2,2007,578.95
irl,sex_t,geo_cov_nat,mts_aggregate_2,2008,595.921
irl,sex_t,geo_cov_nat,mts_aggregate_2,2009,620.206
irl,sex_t,geo_cov_nat,mts_aggregate_2,2010,633.574
irl,sex_t,geo_cov_nat,mts_aggregate_2,2011,649.412
irl,sex_t,geo_cov_nat,mts_aggregate_2,2012,650.618
irl,sex_t,geo_cov_nat,mts_aggregate_2,2013,645.239
irl,sex_t,geo_cov_nat,mts_aggregate_2,2014,646.477
irl,sex_t,geo_cov_nat,mts_aggregate_2,2015,644.723
irl,sex_t,geo_cov_nat,mts_aggregate_2,2016,655.257
irl,sex_t,geo_cov_nat,mts_aggregate_2,2017,660.15
irl,sex_t,geo_cov_nat,mts_aggregate_2,2018,664.822
irl,sex_t,geo_cov_nat,mts_aggregate_2,2019,670.43
irl,sex_t,geo_cov_nat,mts_aggregate_2,2020,689.09
irl,sex_t,geo_cov_nat,mts_aggregate_total,1993,1239.662
irl,sex_t,geo_cov_nat,mts_aggregate_total,1994,1248.973
irl,sex_t,geo_cov_nat,mts_aggregate_total,1995,1264.065
irl,sex_t,geo_cov_nat,mts_aggregate_total,1996,1267.621
irl,sex_t,geo_cov_nat,mts_aggregate_total,1997,1276.473
irl,sex_t,geo_cov_nat,mts_aggregate_total,1998,1248.63
irl,sex_t,geo_cov_nat,mts_aggregate_total,1999,1224.043
irl,sex_t,geo_cov_nat,mts_aggregate_total,2000,1214.603
irl,sex_t,geo_cov_nat,mts_aggregate_total,2001,1232.769
irl,sex_t,geo_cov_nat,mts_aggregate_total,2002,1248.264
irl,sex_t,geo_cov_nat,mts_aggregate_total,2003,1267.545
irl,sex_t,geo_cov_nat,mts_aggregate_total,2004,1278.039
irl,sex_t,geo_cov_nat,mts_aggregate_total,2005,1262.779
irl,sex_t,geo_cov_nat,mts_aggregate_total,2006,1254.666
irl,sex_t,geo_cov_nat,mts_aggregate_total,2007,1170.983
irl,sex_t,geo_cov_nat,mts_aggregate_total,2008,1218.253
irl,sex_t,geo_cov_nat,mts_aggregate_total,2009,1292.183
irl,sex_t,geo_cov_nat,mts_aggregate_total,2010,1345.808
irl,sex_t,geo_cov_nat,mts_aggregate_total,2011,1369.289
irl,sex_t,geo_cov_nat,mts_aggregate_total,2012,1384.168
irl,sex_t,geo_cov_nat,mts_aggregate_total,2013,1378.916
irl,sex_t,geo_cov_nat,mts_aggregate_total,2014,1397.338
irl,sex_t,geo_cov_nat,mts_aggregate_total,2015,1409.926
irl,sex_t,geo_cov_nat,mts_aggregate_total,2016,1415.307
irl,sex_t,geo_cov_nat,mts_aggregate_total,2017,1442.586
irl,sex_t,geo_cov_nat,mts_aggregate_total,2018,1457.36
irl,sex_t,geo_cov_nat,mts_aggregate_total,2019,1475.926
irl,sex_t,geo_cov_nat,mts_aggregate_total,2020,1545.974
irl,sex_t,geo_cov_nat,mts_aggregate_x,1993,0.262
irl,sex_t,geo_cov_nat,mts_aggregate_x,1994,0.273
irl,sex_t,geo_cov_nat,mts_aggregate_x,1995,0.154
irl,sex_t,geo_cov_nat,mts_aggregate_x,1996,0.899
irl,sex_t,geo_cov_nat,mts_aggregate_x,1997,4.33
irl,sex_t,geo_cov_rur,mts_aggregate_1,1993,384.013
irl,sex_t,geo_cov_rur,mts_aggregate_1,1994,404.655
irl,sex_t,geo_cov_rur,mts_aggregate_1,1995,406.101
irl,sex_t,geo_cov_rur,mts_aggregate_1,1996,421.448
irl,sex_t,geo_cov_rur,mts_aggregate_1,1997,423.396
irl,sex_t,geo_cov_rur,mts_aggregate_1,1998,420.938
irl,sex_t,geo_cov_rur,mts_aggregate_1,1999,418.01
irl,sex_t,geo_cov_rur,mts_aggregate_1,2000,412.424
irl,sex_t,geo_cov_rur,mts_aggregate_1,2001,421.567
irl,sex_t,geo_cov_rur,mts_aggregate_1,2002,428.324
irl,sex_t,geo_cov_rur,mts_aggregate_1,2003,425.784
irl,sex_t,geo_cov_rur,mts_aggregate_1,2004,430.378
irl,sex_t,geo_cov_rur,mts_aggregate_1,2005,429.217
irl,sex_t,geo_cov_rur,mts_aggregate_1,2006,425.463
irl,sex_t,geo_cov_rur,mts_aggregate_1,2007,369.976
irl,sex_t,geo_cov_rur,mts_aggregate_1,2008,393.912
irl,sex_t,geo_cov_rur,mts_aggregate_1,2009,422.731
irl,sex_t,geo_cov_rur,mts_aggregate_1,2010,446.849
irl,sex_t,geo_cov_rur,mts_aggregate_1,2011,461.17
irl,sex_t,geo_cov_rur,mts_aggregate_1,2012,316.743
irl,sex_t,geo_cov_rur,mts_aggregate_1,2013,304.688
irl,sex_t,geo_cov_rur,mts_aggregate_1,2014,313.997
irl,sex_t,geo_cov_rur,mts_aggregate_1,2015,325.519
irl,sex_t,geo_cov_rur,mts_aggregate_1,2016,319.944
irl,sex_t,geo_cov_rur,mts_aggregate_1,2017,316.979
irl,sex_t,geo_cov_rur,mts_aggregate_1,2018,321.054
irl,sex_t,geo_cov_rur,mts_aggregate_1,2019,339.371
irl,sex_t,geo_cov_rur,mts_aggregate_1,2020,366.946
irl,sex_t,geo_cov_rur,mts_aggregate_2,1993,386.563
irl,sex_t,geo_cov_rur,mts_aggregate_2,1994,384.469
irl,sex_t,geo_cov_rur,mts_aggregate_2,1995,381.689
irl,sex_t,geo_cov_rur,mts_aggregate_2,1996,380.678
irl,sex_t,geo_cov_rur,mts_aggregate_2,1997,382.174
irl,sex_t,geo_cov_rur,mts_aggregate_2,1998,380.586
irl,sex_t,geo_cov_rur,mts_aggregate_2,1999,369.72
irl,sex_t,geo_cov_rur,mts_aggregate_2,2000,370.68
irl,sex_t,geo_cov_rur,mts_aggregate_2,2001,369.55
irl,sex_t,geo_cov_rur,mts_aggregate_2,2002,365.069
irl,sex_t,geo_cov_rur,mts_aggregate_2,2003,377.266
irl,sex_t,geo_cov_rur,mts_aggregate_2,2004,376.505
irl,sex_t,geo_cov_rur,mts_aggregate_2,2005,378.656
irl,sex_t,geo_cov_rur,mts_aggregate_2,2006,384.582
irl,sex_t,geo_cov_rur,mts_aggregate_2,2007,384.031
irl,sex_t,geo_cov_rur,mts_aggregate_2,2008,399.366
irl,sex_t,geo_cov_rur,mts_aggregate_2,2009,407.949
irl,sex_t,geo_cov_rur,mts_aggregate_2,2010,423.459
irl,sex_t,geo_cov_rur,mts_aggregate_2,2011,435.056
irl,sex_t,geo_cov_rur,mts_aggregate_2,2012,312.111
irl,sex_t,geo_cov_rur,mts_aggregate_2,2013,298.961
irl,sex_t,geo_cov_rur,mts_aggregate_2,2014,301.549
irl,sex_t,geo_cov_rur,mts_aggregate_2,2015,296.883
irl,sex_t,geo_cov_rur,mts_aggregate_2,2016,311.918
irl,sex_t,geo_cov_rur,mts_aggregate_2,2017,306.767
irl,sex_t,geo_cov_rur,mts_aggregate_2,2018,309.863
irl,sex_t,geo_cov_rur,mts_aggregate_2,2019,307.475
irl,sex_t,geo_cov_rur,mts_aggregate_2,2020,319.015
irl,sex_t,geo_cov_rur,mts_aggregate_total,1993,770.767
irl,sex_t,geo_cov_rur,mts_aggregate_total,1994,789.307
irl,sex_t,geo_cov_rur,mts_aggregate_total,1995,787.808
irl,sex_t,geo_cov_rur,mts_aggregate_total,1996,802.193
irl,sex_t,geo_cov_rur,mts_aggregate_total,1997,806.098
irl,sex_t,geo_cov_rur,mts_aggregate_total,1998,801.525
irl,sex_t,geo_cov_rur,mts_aggregate_total,1999,787.73
irl,sex_t,geo_cov_rur,mts_aggregate_total,2000,783.104
irl,sex_t,geo_cov_rur,mts_aggregate_total,2001,791.117
irl,sex_t,geo_cov_rur,mts_aggregate_total,2002,793.393
irl,sex_t,geo_cov_rur,mts_aggregate_total,2003,803.051
irl,sex_t,geo_cov_rur,mts_aggregate_total,2004,806.883
irl,sex_t,geo_cov_rur,mts_aggregate_total,2005,807.873
irl,sex_t,geo_cov_rur,mts_aggregate_total,2006,810.044
irl,sex_t,geo_cov_rur,mts_aggregate_total,2007,754.007
irl,sex_t,geo_cov_rur,mts_aggregate_total,2008,793.278
irl,sex_t,geo_cov_rur,mts_aggregate_total,2009,830.68
irl,sex_t,geo_cov_rur,mts_aggregate_total,2010,870.308
irl,sex_t,geo_cov_rur,mts_aggregate_total,2011,896.226
irl,sex_t,geo_cov_rur,mts_aggregate_total,2012,628.854
irl,sex_t,geo_cov_rur,mts_aggregate_total,2013,603.648
irl,sex_t,geo_cov_rur,mts_aggregate_total,2014,615.546
irl,sex_t,geo_cov_rur,mts_aggregate_total,2015,622.402
irl,sex_t,geo_cov_rur,mts_aggregate_total,2016,631.862
irl,sex_t,geo_cov_rur,mts_aggregate_total,2017,623.746
irl,sex_t,geo_cov_rur,mts_aggregate_total,2018,630.917
irl,sex_t,geo_cov_rur,mts_aggregate_total,2019,646.846
irl,sex_t,geo_cov_rur,mts_aggregate_total,2020,685.961
irl,sex_t,geo_cov_rur,mts_aggregate_x,1993,0.19
irl,sex_t,geo_cov_rur,mts_aggregate_x,1994,0.184
irl,sex_t,geo_cov_rur,mts_aggregate_x,1997,0.528
irl,sex_t,geo_cov_urb,mts_aggregate_1,1993,250.01
irl,sex_t,geo_cov_urb,mts_aggregate_1,1994,243.996
irl,sex_t,geo_cov_urb,mts_aggregate_1,1995,261.042
irl,sex_t,geo_cov_urb,mts_aggregate_1,1996,262.647
irl,sex_t,geo_cov_urb,mts_aggregate_1,1997,259.563
irl,sex_t,geo_cov_urb,mts_aggregate_1,1998,251.351
irl,sex_t,geo_cov_urb,mts_aggregate_1,1999,244.926
irl,sex_t,geo_cov_urb,mts_aggregate_1,2000,241.778
irl,sex_t,geo_cov_urb,mts_aggregate_1,2001,245.991
irl,sex_t,geo_cov_urb,mts_aggregate_1,2002,263.237
irl,sex_t,geo_cov_urb,mts_aggregate_1,2003,262.134
irl,sex_t,geo_cov_urb,mts_aggregate_1,2004,264.381
irl,sex_t,geo_cov_urb,mts_aggregate_1,2005,257.73
irl,sex_t,geo_cov_urb,mts_aggregate_1,2006,253.323
irl,sex_t,geo_cov_urb,mts_aggregate_1,2007,222.057
irl,sex_t,geo_cov_urb,mts_aggregate_1,2008,228.42
irl,sex_t,geo_cov_urb,mts_aggregate_1,2009,249.246
irl,sex_t,geo_cov_urb,mts_aggregate_1,2010,265.385
irl,sex_t,geo_cov_urb,mts_aggregate_1,2011,258.707
irl,sex_t,geo_cov_urb,mts_aggregate_1,2012,416.808
irl,sex_t,geo_cov_urb,mts_aggregate_1,2013,428.99
irl,sex_t,geo_cov_urb,mts_aggregate_1,2014,436.864
irl,sex_t,geo_cov_urb,mts_aggregate_1,2015,439.685
irl,sex_t,geo_cov_urb,mts_aggregate_1,2016,440.106
irl,sex_t,geo_cov_urb,mts_aggregate_1,2017,465.457
irl,sex_t,geo_cov_urb,mts_aggregate_1,2018,471.484
irl,sex_t,geo_cov_urb,mts_aggregate_1,2019,466.125
irl,sex_t,geo_cov_urb,mts_aggregate_1,2020,489.938
irl,sex_t,geo_cov_urb,mts_aggregate_2,1993,218.814
irl,sex_t,geo_cov_urb,mts_aggregate_2,1994,215.581
irl,sex_t,geo_cov_urb,mts_aggregate_2,1995,215.079
irl,sex_t,geo_cov_urb,mts_aggregate_2,1996,201.949
irl,sex_t,geo_cov_urb,mts_aggregate_2,1997,207.01
irl,sex_t,geo_cov_urb,mts_aggregate_2,1998,195.755
irl,sex_t,geo_cov_urb,mts_aggregate_2,1999,191.386
irl,sex_t,geo_cov_urb,mts_aggregate_2,2000,189.721
irl,sex_t,geo_cov_urb,mts_aggregate_2,2001,195.661
irl,sex_t,geo_cov_urb,mts_aggregate_2,2002,191.635
irl,sex_t,geo_cov_urb,mts_aggregate_2,2003,202.362
irl,sex_t,geo_cov_urb,mts_aggregate_2,2004,206.776
irl,sex_t,geo_cov_urb,mts_aggregate_2,2005,197.176
irl,sex_t,geo_cov_urb,mts_aggregate_2,2006,191.298
irl,sex_t,geo_cov_urb,mts_aggregate_2,2007,194.918
irl,sex_t,geo_cov_urb,mts_aggregate_2,2008,196.555
irl,sex_t,geo_cov_urb,mts_aggregate_2,2009,212.257
irl,sex_t,geo_cov_urb,mts_aggregate_2,2010,210.115
irl,sex_t,geo_cov_urb,mts_aggregate_2,2011,214.356
irl,sex_t,geo_cov_urb,mts_aggregate_2,2012,338.507
irl,sex_t,geo_cov_urb,mts_aggregate_2,2013,346.278
irl,sex_t,geo_cov_urb,mts_aggregate_2,2014,344.928
irl,sex_t,geo_cov_urb,mts_aggregate_2,2015,347.84
irl,sex_t,geo_cov_urb,mts_aggregate_2,2016,343.339
irl,sex_t,geo_cov_urb,mts_aggregate_2,2017,353.383
irl,sex_t,geo_cov_urb,mts_aggregate_2,2018,354.959
irl,sex_t,geo_cov_urb,mts_aggregate_2,2019,362.955
irl,sex_t,geo_cov_urb,mts_aggregate_2,2020,370.075
irl,sex_t,geo_cov_urb,mts_aggregate_total,1993,468.896
irl,sex_t,geo_cov_urb,mts_aggregate_total,1994,459.666
irl,sex_t,geo_cov_urb,mts_aggregate_total,1995,476.257
irl,sex_t,geo_cov_urb,mts_aggregate_total,1996,465.429
irl,sex_t,geo_cov_urb,mts_aggregate_total,1997,470.375
irl,sex_t,geo_cov_urb,mts_aggregate_total,1998,447.105
irl,sex_t,geo_cov_urb,mts_aggregate_total,1999,436.312
irl,sex_t,geo_cov_urb,mts_aggregate_total,2000,431.499
irl,sex_t,geo_cov_urb,mts_aggregate_total,2001,441.652
irl,sex_t,geo_cov_urb,mts_aggregate_total,2002,454.871
irl,sex_t,geo_cov_urb,mts_aggregate_total,2003,464.495
irl,sex_t,geo_cov_urb,mts_aggregate_total,2004,471.157
irl,sex_t,geo_cov_urb,mts_aggregate_total,2005,454.907
irl,sex_t,geo_cov_urb,mts_aggregate_total,2006,444.621
irl,sex_t,geo_cov_urb,mts_aggregate_total,2007,416.976
irl,sex_t,geo_cov_urb,mts_aggregate_total,2008,424.975
irl,sex_t,geo_cov_urb,mts_aggregate_total,2009,461.503
irl,sex_t,geo_cov_urb,mts_aggregate_total,2010,475.5
irl,sex_t,geo_cov_urb,mts_aggregate_total,2011,473.063
irl,sex_t,geo_cov_urb,mts_aggregate_total,2012,755.314
irl,sex_t,geo_cov_urb,mts_aggregate_total,2013,775.268
irl,sex_t,geo_cov_urb,mts_aggregate_total,2014,781.792
irl,sex_t,geo_cov_urb,mts_aggregate_total,2015,787.525
irl,sex_t,geo_cov_urb,mts_aggregate_total,2016,783.445
irl,sex_t,geo_cov_urb,mts_aggregate_total,2017,818.84
irl,sex_t,geo_cov_urb,mts_aggregate_total,2018,826.443
irl,sex_t,geo_cov_urb,mts_aggregate_total,2019,829.08
irl,sex_t,geo_cov_urb,mts_aggregate_total,2020,860.013
irl,sex_t,geo_cov_urb,mts_aggregate_x,1996,0.833
irl,sex_t,geo_cov_urb,mts_aggregate_x,1997,3.802
irq,sex_f,geo_cov_nat,mts_aggregate_1,2012,3649.461
irq,sex_f,geo_cov_nat,mts_aggregate_1,2021,4673.889
irq,sex_f,geo_cov_nat,mts_aggregate_2,2012,5443.523
irq,sex_f,geo_cov_nat,mts_aggregate_2,2021,6902.834
irq,sex_f,geo_cov_nat,mts_aggregate_total,2012,9092.983
irq,sex_f,geo_cov_nat,mts_aggregate_total,2021,11576.926
irq,sex_f,geo_cov_nat,mts_details_mrd,2012,5443.523
irq,sex_f,geo_cov_nat,mts_details_mrd,2021,6902.834
irq,sex_f,geo_cov_nat,mts_details_sep,2012,159.696
irq,sex_f,geo_cov_nat,mts_details_sep,2021,159.496
irq,sex_f,geo_cov_nat,mts_details_sgle,2012,2604.093
irq,sex_f,geo_cov_nat,mts_details_sgle,2021,3572.345
irq,sex_f,geo_cov_nat,mts_details_total,2012,9092.983
irq,sex_f,geo_cov_nat,mts_details_total,2021,11576.926
irq,sex_f,geo_cov_nat,mts_details_wid,2012,885.672
irq,sex_f,geo_cov_nat,mts_details_wid,2021,942.048
irq,sex_f,geo_cov_rur,mts_aggregate_1,2012,1009.938
irq,sex_f,geo_cov_rur,mts_aggregate_1,2021,1275.942
irq,sex_f,geo_cov_rur,mts_aggregate_2,2012,1617.987
irq,sex_f,geo_cov_rur,mts_aggregate_2,2021,2057.137
irq,sex_f,geo_cov_rur,mts_aggregate_total,2012,2627.925
irq,sex_f,geo_cov_rur,mts_aggregate_total,2021,3333.283
irq,sex_f,geo_cov_rur,mts_details_mrd,2012,1617.987
irq,sex_f,geo_cov_rur,mts_details_mrd,2021,2057.137
irq,sex_f,geo_cov_rur,mts_details_sep,2012,34.12
irq,sex_f,geo_cov_rur,mts_details_sep,2021,24.212
irq,sex_f,geo_cov_rur,mts_details_sgle,2012,738.9
irq,sex_f,geo_cov_rur,mts_details_sgle,2021,1027.824
irq,sex_f,geo_cov_rur,mts_details_total,2012,2627.925
irq,sex_f,geo_cov_rur,mts_details_total,2021,3333.283
irq,sex_f,geo_cov_rur,mts_details_wid,2012,236.919
irq,sex_f,geo_cov_rur,mts_details_wid,2021,223.906
irq,sex_f,geo_cov_urb,mts_aggregate_1,2012,2639.522
irq,sex_f,geo_cov_urb,mts_aggregate_1,2021,3397.947
irq,sex_f,geo_cov_urb,mts_aggregate_2,2012,3825.536
irq,sex_f,geo_cov_urb,mts_aggregate_2,2021,4845.696
irq,sex_f,geo_cov_urb,mts_aggregate_total,2012,6465.058
irq,sex_f,geo_cov_urb,mts_aggregate_total,2021,8243.644
irq,sex_f,geo_cov_urb,mts_details_mrd,2012,3825.536
irq,sex_f,geo_cov_urb,mts_details_mrd,2021,4845.696
irq,sex_f,geo_cov_urb,mts_details_sep,2012,125.577
irq,sex_f,geo_cov_urb,mts_details_sep,2021,135.284
irq,sex_f,geo_cov_urb,mts_details_sgle,2012,1865.193
irq,sex_f,geo_cov_urb,mts_details_sgle,2021,2544.521
irq,sex_f,geo_cov_urb,mts_details_total,2012,6465.058
irq,sex_f,geo_cov_urb,mts_details_total,2021,8243.644
irq,sex_f,geo_cov_urb,mts_details_wid,2012,648.753
irq,sex_f,geo_cov_urb,mts_details_wid,2021,718.142
irq,sex_m,geo_cov_nat,mts_aggregate_1,2012,1833.17
irq,sex_m,geo_cov_nat,mts_aggregate_1,2021,2736.943
irq,sex_m,geo_cov_nat,mts_aggregate_2,2012,983.873
irq,sex_m,geo_cov_nat,mts_aggregate_2,2021,1428.963
irq,sex_m,geo_cov_nat,mts_aggregate_total,2012,2817.043
irq,sex_m,geo_cov_nat,mts_aggregate_total,2021,4165.906
irq,sex_m,geo_cov_nat,mts_details_mrd,2012,983.873
irq,sex_m,geo_cov_nat,mts_details_mrd,2021,1428.963
irq,sex_m,geo_cov_nat,mts_details_sep,2012,14.439
irq,sex_m,geo_cov_nat,mts_details_sep,2021,13.317
irq,sex_m,geo_cov_nat,mts_details_sgle,2012,1755.962
irq,sex_m,geo_cov_nat,mts_details_sgle,2021,2627.746
irq,sex_m,geo_cov_nat,mts_details_total,2012,2817.043
irq,sex_m,geo_cov_nat,mts_details_total,2021,4165.906
irq,sex_m,geo_cov_nat,mts_details_wid,2012,62.77
irq,sex_m,geo_cov_nat,mts_details_wid,2021,95.88
irq,sex_m,geo_cov_rur,mts_aggregate_1,2012,499.911
irq,sex_m,geo_cov_rur,mts_aggregate_1,2021,901.397
irq,sex_m,geo_cov_rur,mts_aggregate_2,2012,272.929
irq,sex_m,geo_cov_rur,mts_aggregate_2,2021,387.469
irq,sex_m,geo_cov_rur,mts_aggregate_total,2012,772.84
irq,sex_m,geo_cov_rur,mts_aggregate_total,2021,1288.866
irq,sex_m,geo_cov_rur,mts_details_mrd,2012,272.929
irq,sex_m,geo_cov_rur,mts_details_mrd,2021,387.469
irq,sex_m,geo_cov_rur,mts_details_sep,2012,5.31
irq,sex_m,geo_cov_rur,mts_details_sep,2021,2.089
irq,sex_m,geo_cov_rur,mts_details_sgle,2012,478.408
irq,sex_m,geo_cov_rur,mts_details_sgle,2021,881.32
irq,sex_m,geo_cov_rur,mts_details_total,2012,772.84
irq,sex_m,geo_cov_rur,mts_details_total,2021,1288.866
irq,sex_m,geo_cov_rur,mts_details_wid,2012,16.193
irq,sex_m,geo_cov_rur,mts_details_wid,2021,17.988
irq,sex_m,geo_cov_urb,mts_aggregate_1,2012,1333.259
irq,sex_m,geo_cov_urb,mts_aggregate_1,2021,1835.547
irq,sex_m,geo_cov_urb,mts_aggregate_2,2012,710.943
irq,sex_m,geo_cov_urb,mts_aggregate_2,2021,1041.493
irq,sex_m,geo_cov_urb,mts_aggregate_total,2012,2044.203
irq,sex_m,geo_cov_urb,mts_aggregate_total,2021,2877.04
irq,sex_m,geo_cov_urb,mts_details_mrd,2012,710.943
irq,sex_m,geo_cov_urb,mts_details_mrd,2021,1041.493
irq,sex_m,geo_cov_urb,mts_details_sep,2012,9.129
irq,sex_m,geo_cov_urb,mts_details_sep,2021,11.228
irq,sex_m,geo_cov_urb,mts_details_sgle,2012,1277.553
irq,sex_m,geo_cov_urb,mts_details_sgle,2021,1746.426
irq,sex_m,geo_cov_urb,mts_details_total,2012,2044.203
irq,sex_m,geo_cov_urb,mts_details_total,2021,2877.04
irq,sex_m,geo_cov_urb,mts_details_wid,2012,46.577
irq,sex_m,geo_cov_urb,mts_details_wid,2021,77.893
irq,sex_t,geo_cov_nat,mts_aggregate_1,2012,5482.631
irq,sex_t,geo_cov_nat,mts_aggregate_1,2021,7410.832
irq,sex_t,geo_cov_nat,mts_aggregate_2,2012,6427.395
irq,sex_t,geo_cov_nat,mts_aggregate_2,2021,8331.796
irq,sex_t,geo_cov_nat,mts_aggregate_total,2012,11910.026
irq,sex_t,geo_cov_nat,mts_aggregate_total,2021,15742.832
irq,sex_t,geo_cov_nat,mts_details_mrd,2012,6427.395
irq,sex_t,geo_cov_nat,mts_details_mrd,2021,8331.796
irq,sex_t,geo_cov_nat,mts_details_sep,2012,174.135
irq,sex_t,geo_cov_nat,mts_details_sep,2021,172.813
irq,sex_t,geo_cov_nat,mts_details_sgle,2012,4360.054
irq,sex_t,geo_cov_nat,mts_details_sgle,2021,6200.091
irq,sex_t,geo_cov_nat,mts_details_total,2012,11910.026
irq,sex_t,geo_cov_nat,mts_details_total,2021,15742.832
irq,sex_t,geo_cov_nat,mts_details_wid,2012,948.442
irq,sex_t,geo_cov_nat,mts_details_wid,2021,1037.928
irq,sex_t,geo_cov_rur,mts_aggregate_1,2012,1509.849
irq,sex_t,geo_cov_rur,mts_aggregate_1,2021,2177.338
irq,sex_t,geo_cov_rur,mts_aggregate_2,2012,1890.916
irq,sex_t,geo_cov_rur,mts_aggregate_2,2021,2444.607
irq,sex_t,geo_cov_rur,mts_aggregate_total,2012,3400.766
irq,sex_t,geo_cov_rur,mts_aggregate_total,2021,4622.149
irq,sex_t,geo_cov_rur,mts_details_mrd,2012,1890.916
irq,sex_t,geo_cov_rur,mts_details_mrd,2021,2444.607
irq,sex_t,geo_cov_rur,mts_details_sep,2012,39.429
irq,sex_t,geo_cov_rur,mts_details_sep,2021,26.301
irq,sex_t,geo_cov_rur,mts_details_sgle,2012,1217.308
irq,sex_t,geo_cov_rur,mts_details_sgle,2021,1909.144
irq,sex_t,geo_cov_rur,mts_details_total,2012,3400.766
irq,sex_t,geo_cov_rur,mts_details_total,2021,4622.149
irq,sex_t,geo_cov_rur,mts_details_wid,2012,253.112
irq,sex_t,geo_cov_rur,mts_details_wid,2021,241.894
irq,sex_t,geo_cov_urb,mts_aggregate_1,2012,3972.781
irq,sex_t,geo_cov_urb,mts_aggregate_1,2021,5233.494
irq,sex_t,geo_cov_urb,mts_aggregate_2,2012,4536.479
irq,sex_t,geo_cov_urb,mts_aggregate_2,2021,5887.19
irq,sex_t,geo_cov_urb,mts_aggregate_total,2012,8509.261
irq,sex_t,geo_cov_urb,mts_aggregate_total,2021,11120.683
irq,sex_t,geo_cov_urb,mts_details_mrd,2012,4536.479
irq,sex_t,geo_cov_urb,mts_details_mrd,2021,5887.19
irq,sex_t,geo_cov_urb,mts_details_sep,2012,134.706
irq,sex_t,geo_cov_urb,mts_details_sep,2021,146.512
irq,sex_t,geo_cov_urb,mts_details_sgle,2012,3142.746
irq,sex_t,geo_cov_urb,mts_details_sgle,2021,4290.947
irq,sex_t,geo_cov_urb,mts_details_total,2012,8509.261
irq,sex_t,geo_cov_urb,mts_details_total,2021,11120.683
irq,sex_t,geo_cov_urb,mts_details_wid,2012,695.33
irq,sex_t,geo_cov_urb,mts_details_wid,2021,796.034
isl,sex_f,geo_cov_nat,mts_aggregate_1,1995,12.242
isl,sex_f,geo_cov_nat,mts_aggregate_1,1996,13.137
isl,sex_f,geo_cov_nat,mts_aggregate_1,1997,12.694
isl,sex_f,geo_cov_nat,mts_aggregate_1,1998,12.495
isl,sex_f,geo_cov_nat,mts_aggregate_1,1999,10.855
isl,sex_f,geo_cov_nat,mts_aggregate_1,2000,9.803
isl,sex_f,geo_cov_nat,mts_aggregate_1,2001,10.485
isl,sex_f,geo_cov_nat,mts_aggregate_1,2002,11.942
isl,sex_f,geo_cov_nat,mts_aggregate_1,2010,14.155
isl,sex_f,geo_cov_nat,mts_aggregate_1,2011,14.923
isl,sex_f,geo_cov_nat,mts_aggregate_1,2012,14.603
isl,sex_f,geo_cov_nat,mts_aggregate_1,2013,14.444
isl,sex_f,geo_cov_nat,mts_aggregate_1,2014,14.51
isl,sex_f,geo_cov_nat,mts_aggregate_1,2015,13.22
isl,sex_f,geo_cov_nat,mts_aggregate_1,2016,11.748
isl,sex_f,geo_cov_nat,mts_aggregate_1,2017,13.263
isl,sex_f,geo_cov_nat,mts_aggregate_1,2018,14.163
isl,sex_f,geo_cov_nat,mts_aggregate_1,2019,15.174
isl,sex_f,geo_cov_nat,mts_aggregate_1,2020,17.499
isl,sex_f,geo_cov_nat,mts_aggregate_2,1995,8.199
isl,sex_f,geo_cov_nat,mts_aggregate_2,1996,8.697
isl,sex_f,geo_cov_nat,mts_aggregate_2,1997,10.534
isl,sex_f,geo_cov_nat,mts_aggregate_2,1998,9.607
isl,sex_f,geo_cov_nat,mts_aggregate_2,1999,9.312
isl,sex_f,geo_cov_nat,mts_aggregate_2,2000,9.33
isl,sex_f,geo_cov_nat,mts_aggregate_2,2001,10.167
isl,sex_f,geo_cov_nat,mts_aggregate_2,2002,9.068
isl,sex_f,geo_cov_nat,mts_aggregate_2,2010,11.525
isl,sex_f,geo_cov_nat,mts_aggregate_2,2011,11.273
isl,sex_f,geo_cov_nat,mts_aggregate_2,2012,10.732
isl,sex_f,geo_cov_nat,mts_aggregate_2,2013,10.487
isl,sex_f,geo_cov_nat,mts_aggregate_2,2014,10.325
isl,sex_f,geo_cov_nat,mts_aggregate_2,2015,10.598
isl,sex_f,geo_cov_nat,mts_aggregate_2,2016,11.676
isl,sex_f,geo_cov_nat,mts_aggregate_2,2017,11.597
isl,sex_f,geo_cov_nat,mts_aggregate_2,2018,12.627
isl,sex_f,geo_cov_nat,mts_aggregate_2,2019,12.94
isl,sex_f,geo_cov_nat,mts_aggregate_2,2020,14.061
isl,sex_f,geo_cov_nat,mts_aggregate_total,1995,20.441
isl,sex_f,geo_cov_nat,mts_aggregate_total,1996,21.879
isl,sex_f,geo_cov_nat,mts_aggregate_total,1997,23.228
isl,sex_f,geo_cov_nat,mts_aggregate_total,1998,22.102
isl,sex_f,geo_cov_nat,mts_aggregate_total,1999,20.218
isl,sex_f,geo_cov_nat,mts_aggregate_total,2000,19.184
isl,sex_f,geo_cov_nat,mts_aggregate_total,2001,20.652
isl,sex_f,geo_cov_nat,mts_aggregate_total,2002,21.123
isl,sex_f,geo_cov_nat,mts_aggregate_total,2010,25.738
isl,sex_f,geo_cov_nat,mts_aggregate_total,2011,26.258
isl,sex_f,geo_cov_nat,mts_aggregate_total,2012,25.445
isl,sex_f,geo_cov_nat,mts_aggregate_total,2013,25.128
isl,sex_f,geo_cov_nat,mts_aggregate_total,2014,25.001
isl,sex_f,geo_cov_nat,mts_aggregate_total,2015,23.889
isl,sex_f,geo_cov_nat,mts_aggregate_total,2016,23.628
isl,sex_f,geo_cov_nat,mts_aggregate_total,2017,25.034
isl,sex_f,geo_cov_nat,mts_aggregate_total,2018,26.854
isl,sex_f,geo_cov_nat,mts_aggregate_total,2019,28.256
isl,sex_f,geo_cov_nat,mts_aggregate_total,2020,31.744
isl,sex_f,geo_cov_nat,mts_aggregate_x,2001,0
isl,sex_f,geo_cov_nat,mts_aggregate_x,2012,0.111
isl,sex_f,geo_cov_nat,mts_aggregate_x,2013,0.198
isl,sex_f,geo_cov_nat,mts_aggregate_x,2014,0.165
isl,sex_f,geo_cov_nat,mts_aggregate_x,2016,0.205
isl,sex_f,geo_cov_nat,mts_aggregate_x,2017,0.174
isl,sex_f,geo_cov_nat,mts_aggregate_x,2019,0.143
isl,sex_f,geo_cov_nat,mts_aggregate_x,2020,0.184
isl,sex_f,geo_cov_rur,mts_aggregate_1,1995,4.452
isl,sex_f,geo_cov_rur,mts_aggregate_1,1996,4.713
isl,sex_f,geo_cov_rur,mts_aggregate_1,1997,4.977
isl,sex_f,geo_cov_rur,mts_aggregate_1,1998,4.748
isl,sex_f,geo_cov_rur,mts_aggregate_1,1999,3.45
isl,sex_f,geo_cov_rur,mts_aggregate_1,2000,3.661
isl,sex_f,geo_cov_rur,mts_aggregate_1,2001,3.916
isl,sex_f,geo_cov_rur,mts_aggregate_1,2002,3.834
isl,sex_f,geo_cov_rur,mts_aggregate_1,2010,5.019
isl,sex_f,geo_cov_rur,mts_aggregate_1,2011,5.286
isl,sex_f,geo_cov_rur,mts_aggregate_1,2012,0.665
isl,sex_f,geo_cov_rur,mts_aggregate_1,2013,1.858
isl,sex_f,geo_cov_rur,mts_aggregate_1,2014,1.713
isl,sex_f,geo_cov_rur,mts_aggregate_1,2015,1.789
isl,sex_f,geo_cov_rur,mts_aggregate_1,2016,1.326
isl,sex_f,geo_cov_rur,mts_aggregate_1,2017,1.644
isl,sex_f,geo_cov_rur,mts_aggregate_1,2018,1.399
isl,sex_f,geo_cov_rur,mts_aggregate_1,2019,1.667
isl,sex_f,geo_cov_rur,mts_aggregate_1,2020,2.382
isl,sex_f,geo_cov_rur,mts_aggregate_2,1995,3.981
isl,sex_f,geo_cov_rur,mts_aggregate_2,1996,3.481
isl,sex_f,geo_cov_rur,mts_aggregate_2,1997,4.034
isl,sex_f,geo_cov_rur,mts_aggregate_2,1998,3.219
isl,sex_f,geo_cov_rur,mts_aggregate_2,1999,4.129
isl,sex_f,geo_cov_rur,mts_aggregate_2,2000,4.188
isl,sex_f,geo_cov_rur,mts_aggregate_2,2001,4.582
isl,sex_f,geo_cov_rur,mts_aggregate_2,2002,3.584
isl,sex_f,geo_cov_rur,mts_aggregate_2,2010,4.946
isl,sex_f,geo_cov_rur,mts_aggregate_2,2011,5.203
isl,sex_f,geo_cov_rur,mts_aggregate_2,2012,0.624
isl,sex_f,geo_cov_rur,mts_aggregate_2,2013,1.966
isl,sex_f,geo_cov_rur,mts_aggregate_2,2014,1.858
isl,sex_f,geo_cov_rur,mts_aggregate_2,2015,2.034
isl,sex_f,geo_cov_rur,mts_aggregate_2,2016,2.253
isl,sex_f,geo_cov_rur,mts_aggregate_2,2017,1.821
isl,sex_f,geo_cov_rur,mts_aggregate_2,2018,2.339
isl,sex_f,geo_cov_rur,mts_aggregate_2,2019,2.88
isl,sex_f,geo_cov_rur,mts_aggregate_2,2020,2.783
isl,sex_f,geo_cov_rur,mts_aggregate_total,1995,8.433
isl,sex_f,geo_cov_rur,mts_aggregate_total,1996,8.194
isl,sex_f,geo_cov_rur,mts_aggregate_total,1997,9.011
isl,sex_f,geo_cov_rur,mts_aggregate_total,1998,7.966
isl,sex_f,geo_cov_rur,mts_aggregate_total,1999,7.63
isl,sex_f,geo_cov_rur,mts_aggregate_total,2000,7.848
isl,sex_f,geo_cov_rur,mts_aggregate_total,2001,8.497
isl,sex_f,geo_cov_rur,mts_aggregate_total,2002,7.418
isl,sex_f,geo_cov_rur,mts_aggregate_total,2010,10.023
isl,sex_f,geo_cov_rur,mts_aggregate_total,2011,10.55
isl,sex_f,geo_cov_rur,mts_aggregate_total,2012,1.289
isl,sex_f,geo_cov_rur,mts_aggregate_total,2013,3.897
isl,sex_f,geo_cov_rur,mts_aggregate_total,2014,3.605
isl,sex_f,geo_cov_rur,mts_aggregate_total,2015,3.838
isl,sex_f,geo_cov_rur,mts_aggregate_total,2016,3.579
isl,sex_f,geo_cov_rur,mts_aggregate_total,2017,3.464
isl,sex_f,geo_cov_rur,mts_aggregate_total,2018,3.738
isl,sex_f,geo_cov_rur,mts_aggregate_total,2019,4.546
isl,sex_f,geo_cov_rur,mts_aggregate_total,2020,5.165
isl,sex_f,geo_cov_rur,mts_aggregate_x,2000,0
isl,sex_f,geo_cov_rur,mts_aggregate_x,2002,0
isl,sex_f,geo_cov_urb,mts_aggregate_1,1995,7.79
isl,sex_f,geo_cov_urb,mts_aggregate_1,1996,8.424
isl,sex_f,geo_cov_urb,mts_aggregate_1,1997,7.717
isl,sex_f,geo_cov_urb,mts_aggregate_1,1998,7.748
isl,sex_f,geo_cov_urb,mts_aggregate_1,1999,7.405
isl,sex_f,geo_cov_urb,mts_aggregate_1,2000,6.142
isl,sex_f,geo_cov_urb,mts_aggregate_1,2001,6.57
isl,sex_f,geo_cov_urb,mts_aggregate_1,2002,8.108
isl,sex_f,geo_cov_urb,mts_aggregate_1,2010,9.136
isl,sex_f,geo_cov_urb,mts_aggregate_1,2011,9.637
isl,sex_f,geo_cov_urb,mts_aggregate_1,2012,3.482
isl,sex_f,geo_cov_urb,mts_aggregate_1,2013,12.586
isl,sex_f,geo_cov_urb,mts_aggregate_1,2014,12.797
isl,sex_f,geo_cov_urb,mts_aggregate_1,2015,11.43
isl,sex_f,geo_cov_urb,mts_aggregate_1,2016,10.421
isl,sex_f,geo_cov_urb,mts_aggregate_1,2017,11.619
isl,sex_f,geo_cov_urb,mts_aggregate_1,2018,12.765
isl,sex_f,geo_cov_urb,mts_aggregate_1,2019,13.507
isl,sex_f,geo_cov_urb,mts_aggregate_1,2020,15.117
isl,sex_f,geo_cov_urb,mts_aggregate_2,1995,4.218
isl,sex_f,geo_cov_urb,mts_aggregate_2,1996,5.216
isl,sex_f,geo_cov_urb,mts_aggregate_2,1997,6.501
isl,sex_f,geo_cov_urb,mts_aggregate_2,1998,6.389
isl,sex_f,geo_cov_urb,mts_aggregate_2,1999,5.183
isl,sex_f,geo_cov_urb,mts_aggregate_2,2000,5.143
isl,sex_f,geo_cov_urb,mts_aggregate_2,2001,5.585
isl,sex_f,geo_cov_urb,mts_aggregate_2,2002,5.484
isl,sex_f,geo_cov_urb,mts_aggregate_2,2010,6.579
isl,sex_f,geo_cov_urb,mts_aggregate_2,2011,6.071
isl,sex_f,geo_cov_urb,mts_aggregate_2,2012,1.933
isl,sex_f,geo_cov_urb,mts_aggregate_2,2013,8.521
isl,sex_f,geo_cov_urb,mts_aggregate_2,2014,8.467
isl,sex_f,geo_cov_urb,mts_aggregate_2,2015,8.565
isl,sex_f,geo_cov_urb,mts_aggregate_2,2016,9.423
isl,sex_f,geo_cov_urb,mts_aggregate_2,2017,9.776
isl,sex_f,geo_cov_urb,mts_aggregate_2,2018,10.288
isl,sex_f,geo_cov_urb,mts_aggregate_2,2019,10.06
isl,sex_f,geo_cov_urb,mts_aggregate_2,2020,11.278
isl,sex_f,geo_cov_urb,mts_aggregate_total,1995,12.008
isl,sex_f,geo_cov_urb,mts_aggregate_total,1996,13.684
isl,sex_f,geo_cov_urb,mts_aggregate_total,1997,14.218
isl,sex_f,geo_cov_urb,mts_aggregate_total,1998,14.136
isl,sex_f,geo_cov_urb,mts_aggregate_total,1999,12.588
isl,sex_f,geo_cov_urb,mts_aggregate_total,2000,11.336
isl,sex_f,geo_cov_urb,mts_aggregate_total,2001,12.155
isl,sex_f,geo_cov_urb,mts_aggregate_total,2002,13.706
isl,sex_f,geo_cov_urb,mts_aggregate_total,2010,15.715
isl,sex_f,geo_cov_urb,mts_aggregate_total,2011,15.708
isl,sex_f,geo_cov_urb,mts_aggregate_total,2012,5.435
isl,sex_f,geo_cov_urb,mts_aggregate_total,2013,21.231
isl,sex_f,geo_cov_urb,mts_aggregate_total,2014,21.396
isl,sex_f,geo_cov_urb,mts_aggregate_total,2015,20.051
isl,sex_f,geo_cov_urb,mts_aggregate_total,2016,20.049
isl,sex_f,geo_cov_urb,mts_aggregate_total,2017,21.569
isl,sex_f,geo_cov_urb,mts_aggregate_total,2018,23.116
isl,sex_f,geo_cov_urb,mts_aggregate_total,2019,23.71
isl,sex_f,geo_cov_urb,mts_aggregate_total,2020,26.579
isl,sex_f,geo_cov_urb,mts_aggregate_x,2010,0
isl,sex_f,geo_cov_urb,mts_aggregate_x,2013,0.125
isl,sex_f,geo_cov_urb,mts_aggregate_x,2014,0.131
isl,sex_f,geo_cov_urb,mts_aggregate_x,2016,0.205
isl,sex_f,geo_cov_urb,mts_aggregate_x,2017,0.174
isl,sex_f,geo_cov_urb,mts_aggregate_x,2019,0.143
isl,sex_f,geo_cov_urb,mts_aggregate_x,2020,0.184
isl,sex_f,geo_cov_x,mts_aggregate_1,2012,10.455
isl,sex_f,geo_cov_x,mts_aggregate_2,2012,8.175
isl,sex_f,geo_cov_x,mts_aggregate_total,2012,18.721
isl,sex_f,geo_cov_x,mts_aggregate_x,2012,0.092
isl,sex_m,geo_cov_nat,mts_aggregate_1,1995,8.126
isl,sex_m,geo_cov_nat,mts_aggregate_1,1996,8.961
isl,sex_m,geo_cov_nat,mts_aggregate_1,1997,9.794
isl,sex_m,geo_cov_nat,mts_aggregate_1,1998,9.109
isl,sex_m,geo_cov_nat,mts_aggregate_1,1999,8.659
isl,sex_m,geo_cov_nat,mts_aggregate_1,2000,8.267
isl,sex_m,geo_cov_nat,mts_aggregate_1,2001,7.271
isl,sex_m,geo_cov_nat,mts_aggregate_1,2002,8.889
isl,sex_m,geo_cov_nat,mts_aggregate_1,2010,11.994
isl,sex_m,geo_cov_nat,mts_aggregate_1,2011,12.581
isl,sex_m,geo_cov_nat,mts_aggregate_1,2012,12.136
isl,sex_m,geo_cov_nat,mts_aggregate_1,2013,12.272
isl,sex_m,geo_cov_nat,mts_aggregate_1,2014,11.924
isl,sex_m,geo_cov_nat,mts_aggregate_1,2015,10.736
isl,sex_m,geo_cov_nat,mts_aggregate_1,2016,8.657
isl,sex_m,geo_cov_nat,mts_aggregate_1,2017,10.761
isl,sex_m,geo_cov_nat,mts_aggregate_1,2018,12.028
isl,sex_m,geo_cov_nat,mts_aggregate_1,2019,13.172
isl,sex_m,geo_cov_nat,mts_aggregate_1,2020,14.596
isl,sex_m,geo_cov_nat,mts_aggregate_2,1995,3.673
isl,sex_m,geo_cov_nat,mts_aggregate_2,1996,3.536
isl,sex_m,geo_cov_nat,mts_aggregate_2,1997,3.594
isl,sex_m,geo_cov_nat,mts_aggregate_2,1998,3.483
isl,sex_m,geo_cov_nat,mts_aggregate_2,1999,3.695
isl,sex_m,geo_cov_nat,mts_aggregate_2,2000,3.465
isl,sex_m,geo_cov_nat,mts_aggregate_2,2001,4.063
isl,sex_m,geo_cov_nat,mts_aggregate_2,2002,3.872
isl,sex_m,geo_cov_nat,mts_aggregate_2,2010,6.107
isl,sex_m,geo_cov_nat,mts_aggregate_2,2011,6.295
isl,sex_m,geo_cov_nat,mts_aggregate_2,2012,7.396
isl,sex_m,geo_cov_nat,mts_aggregate_2,2013,6.387
isl,sex_m,geo_cov_nat,mts_aggregate_2,2014,5.644
isl,sex_m,geo_cov_nat,mts_aggregate_2,2015,5.779
isl,sex_m,geo_cov_nat,mts_aggregate_2,2016,6.342
isl,sex_m,geo_cov_nat,mts_aggregate_2,2017,6.223
isl,sex_m,geo_cov_nat,mts_aggregate_2,2018,6.885
isl,sex_m,geo_cov_nat,mts_aggregate_2,2019,7.339
isl,sex_m,geo_cov_nat,mts_aggregate_2,2020,9.062
isl,sex_m,geo_cov_nat,mts_aggregate_total,1995,11.798
isl,sex_m,geo_cov_nat,mts_aggregate_total,1996,12.498
isl,sex_m,geo_cov_nat,mts_aggregate_total,1997,13.388
isl,sex_m,geo_cov_nat,mts_aggregate_total,1998,12.593
isl,sex_m,geo_cov_nat,mts_aggregate_total,1999,12.354
isl,sex_m,geo_cov_nat,mts_aggregate_total,2000,11.783
isl,sex_m,geo_cov_nat,mts_aggregate_total,2001,11.388
isl,sex_m,geo_cov_nat,mts_aggregate_total,2002,12.761
isl,sex_m,geo_cov_nat,mts_aggregate_total,2010,18.152
isl,sex_m,geo_cov_nat,mts_aggregate_total,2011,19.006
isl,sex_m,geo_cov_nat,mts_aggregate_total,2012,19.677
isl,sex_m,geo_cov_nat,mts_aggregate_total,2013,18.8
isl,sex_m,geo_cov_nat,mts_aggregate_total,2014,17.676
isl,sex_m,geo_cov_nat,mts_aggregate_total,2015,16.637
isl,sex_m,geo_cov_nat,mts_aggregate_total,2016,15.071
isl,sex_m,geo_cov_nat,mts_aggregate_total,2017,17.063
isl,sex_m,geo_cov_nat,mts_aggregate_total,2018,19.09
isl,sex_m,geo_cov_nat,mts_aggregate_total,2019,20.706
isl,sex_m,geo_cov_nat,mts_aggregate_total,2020,24.033
isl,sex_m,geo_cov_nat,mts_aggregate_x,2002,0
isl,sex_m,geo_cov_nat,mts_aggregate_x,2011,0.13
isl,sex_m,geo_cov_nat,mts_aggregate_x,2012,0.145
isl,sex_m,geo_cov_nat,mts_aggregate_x,2013,0.142
isl,sex_m,geo_cov_nat,mts_aggregate_x,2014,0.108
isl,sex_m,geo_cov_nat,mts_aggregate_x,2015,0.122
isl,sex_m,geo_cov_nat,mts_aggregate_x,2018,0.178
isl,sex_m,geo_cov_nat,mts_aggregate_x,2019,0.195
isl,sex_m,geo_cov_nat,mts_aggregate_x,2020,0.375
isl,sex_m,geo_cov_rur,mts_aggregate_1,1995,3.157
isl,sex_m,geo_cov_rur,mts_aggregate_1,1996,4.085
isl,sex_m,geo_cov_rur,mts_aggregate_1,1997,3.899
isl,sex_m,geo_cov_rur,mts_aggregate_1,1998,2.95
isl,sex_m,geo_cov_rur,mts_aggregate_1,1999,3.081
isl,sex_m,geo_cov_rur,mts_aggregate_1,2000,2.828
isl,sex_m,geo_cov_rur,mts_aggregate_1,2001,2.829
isl,sex_m,geo_cov_rur,mts_aggregate_1,2002,3.465
isl,sex_m,geo_cov_rur,mts_aggregate_1,2010,4.277
isl,sex_m,geo_cov_rur,mts_aggregate_1,2011,4.661
isl,sex_m,geo_cov_rur,mts_aggregate_1,2012,0.458
isl,sex_m,geo_cov_rur,mts_aggregate_1,2013,1.778
isl,sex_m,geo_cov_rur,mts_aggregate_1,2014,1.56
isl,sex_m,geo_cov_rur,mts_aggregate_1,2015,1.495
isl,sex_m,geo_cov_rur,mts_aggregate_1,2016,1.342
isl,sex_m,geo_cov_rur,mts_aggregate_1,2017,1.594
isl,sex_m,geo_cov_rur,mts_aggregate_1,2018,1.832
isl,sex_m,geo_cov_rur,mts_aggregate_1,2019,1.891
isl,sex_m,geo_cov_rur,mts_aggregate_1,2020,2.207
isl,sex_m,geo_cov_rur,mts_aggregate_2,1995,1.079
isl,sex_m,geo_cov_rur,mts_aggregate_2,1996,1.605
isl,sex_m,geo_cov_rur,mts_aggregate_2,1997,1.276
isl,sex_m,geo_cov_rur,mts_aggregate_2,1998,1.424
isl,sex_m,geo_cov_rur,mts_aggregate_2,1999,1.38
isl,sex_m,geo_cov_rur,mts_aggregate_2,2000,1.651
isl,sex_m,geo_cov_rur,mts_aggregate_2,2001,2.006
isl,sex_m,geo_cov_rur,mts_aggregate_2,2002,1.772
isl,sex_m,geo_cov_rur,mts_aggregate_2,2010,2.971
isl,sex_m,geo_cov_rur,mts_aggregate_2,2011,2.863
isl,sex_m,geo_cov_rur,mts_aggregate_2,2012,0.248
isl,sex_m,geo_cov_rur,mts_aggregate_2,2013,1.041
isl,sex_m,geo_cov_rur,mts_aggregate_2,2014,0.779
isl,sex_m,geo_cov_rur,mts_aggregate_2,2015,1.114
isl,sex_m,geo_cov_rur,mts_aggregate_2,2016,1.29
isl,sex_m,geo_cov_rur,mts_aggregate_2,2017,1.18
isl,sex_m,geo_cov_rur,mts_aggregate_2,2018,0.951
isl,sex_m,geo_cov_rur,mts_aggregate_2,2019,1.383
isl,sex_m,geo_cov_rur,mts_aggregate_2,2020,1.681
isl,sex_m,geo_cov_rur,mts_aggregate_total,1995,4.236
isl,sex_m,geo_cov_rur,mts_aggregate_total,1996,5.69
isl,sex_m,geo_cov_rur,mts_aggregate_total,1997,5.175
isl,sex_m,geo_cov_rur,mts_aggregate_total,1998,4.373
isl,sex_m,geo_cov_rur,mts_aggregate_total,1999,4.461
isl,sex_m,geo_cov_rur,mts_aggregate_total,2000,4.48
isl,sex_m,geo_cov_rur,mts_aggregate_total,2001,4.835
isl,sex_m,geo_cov_rur,mts_aggregate_total,2002,5.237
isl,sex_m,geo_cov_rur,mts_aggregate_total,2010,7.281
isl,sex_m,geo_cov_rur,mts_aggregate_total,2011,7.564
isl,sex_m,geo_cov_rur,mts_aggregate_total,2012,0.706
isl,sex_m,geo_cov_rur,mts_aggregate_total,2013,2.855
isl,sex_m,geo_cov_rur,mts_aggregate_total,2014,2.339
isl,sex_m,geo_cov_rur,mts_aggregate_total,2015,2.609
isl,sex_m,geo_cov_rur,mts_aggregate_total,2016,2.632
isl,sex_m,geo_cov_rur,mts_aggregate_total,2017,2.775
isl,sex_m,geo_cov_rur,mts_aggregate_total,2018,2.782
isl,sex_m,geo_cov_rur,mts_aggregate_total,2019,3.274
isl,sex_m,geo_cov_rur,mts_aggregate_total,2020,3.902
isl,sex_m,geo_cov_urb,mts_aggregate_1,1995,4.969
isl,sex_m,geo_cov_urb,mts_aggregate_1,1996,4.876
isl,sex_m,geo_cov_urb,mts_aggregate_1,1997,5.895
isl,sex_m,geo_cov_urb,mts_aggregate_1,1998,6.16
isl,sex_m,geo_cov_urb,mts_aggregate_1,1999,5.578
isl,sex_m,geo_cov_urb,mts_aggregate_1,2000,5.438
isl,sex_m,geo_cov_urb,mts_aggregate_1,2001,4.442
isl,sex_m,geo_cov_urb,mts_aggregate_1,2002,5.424
isl,sex_m,geo_cov_urb,mts_aggregate_1,2010,7.718
isl,sex_m,geo_cov_urb,mts_aggregate_1,2011,7.919
isl,sex_m,geo_cov_urb,mts_aggregate_1,2012,3.323
isl,sex_m,geo_cov_urb,mts_aggregate_1,2013,10.494
isl,sex_m,geo_cov_urb,mts_aggregate_1,2014,10.365
isl,sex_m,geo_cov_urb,mts_aggregate_1,2015,9.242
isl,sex_m,geo_cov_urb,mts_aggregate_1,2016,7.315
isl,sex_m,geo_cov_urb,mts_aggregate_1,2017,9.167
isl,sex_m,geo_cov_urb,mts_aggregate_1,2018,10.196
isl,sex_m,geo_cov_urb,mts_aggregate_1,2019,11.281
isl,sex_m,geo_cov_urb,mts_aggregate_1,2020,12.389
isl,sex_m,geo_cov_urb,mts_aggregate_2,1995,2.593
isl,sex_m,geo_cov_urb,mts_aggregate_2,1996,1.932
isl,sex_m,geo_cov_urb,mts_aggregate_2,1997,2.319
isl,sex_m,geo_cov_urb,mts_aggregate_2,1998,2.06
isl,sex_m,geo_cov_urb,mts_aggregate_2,1999,2.315
isl,sex_m,geo_cov_urb,mts_aggregate_2,2000,1.813
isl,sex_m,geo_cov_urb,mts_aggregate_2,2001,2.057
isl,sex_m,geo_cov_urb,mts_aggregate_2,2002,2.1
isl,sex_m,geo_cov_urb,mts_aggregate_2,2010,3.136
isl,sex_m,geo_cov_urb,mts_aggregate_2,2011,3.433
isl,sex_m,geo_cov_urb,mts_aggregate_2,2012,1.299
isl,sex_m,geo_cov_urb,mts_aggregate_2,2013,5.346
isl,sex_m,geo_cov_urb,mts_aggregate_2,2014,4.865
isl,sex_m,geo_cov_urb,mts_aggregate_2,2015,4.664
isl,sex_m,geo_cov_urb,mts_aggregate_2,2016,5.052
isl,sex_m,geo_cov_urb,mts_aggregate_2,2017,5.043
isl,sex_m,geo_cov_urb,mts_aggregate_2,2018,5.934
isl,sex_m,geo_cov_urb,mts_aggregate_2,2019,5.956
isl,sex_m,geo_cov_urb,mts_aggregate_2,2020,7.381
isl,sex_m,geo_cov_urb,mts_aggregate_total,1995,7.562
isl,sex_m,geo_cov_urb,mts_aggregate_total,1996,6.808
isl,sex_m,geo_cov_urb,mts_aggregate_total,1997,8.213
isl,sex_m,geo_cov_urb,mts_aggregate_total,1998,8.219
isl,sex_m,geo_cov_urb,mts_aggregate_total,1999,7.893
isl,sex_m,geo_cov_urb,mts_aggregate_total,2000,7.304
isl,sex_m,geo_cov_urb,mts_aggregate_total,2001,6.553
isl,sex_m,geo_cov_urb,mts_aggregate_total,2002,7.524
isl,sex_m,geo_cov_urb,mts_aggregate_total,2010,10.871
isl,sex_m,geo_cov_urb,mts_aggregate_total,2011,11.441
isl,sex_m,geo_cov_urb,mts_aggregate_total,2012,4.658
isl,sex_m,geo_cov_urb,mts_aggregate_total,2013,15.945
isl,sex_m,geo_cov_urb,mts_aggregate_total,2014,15.337
isl,sex_m,geo_cov_urb,mts_aggregate_total,2015,14.028
isl,sex_m,geo_cov_urb,mts_aggregate_total,2016,12.439
isl,sex_m,geo_cov_urb,mts_aggregate_total,2017,14.288
isl,sex_m,geo_cov_urb,mts_aggregate_total,2018,16.308
isl,sex_m,geo_cov_urb,mts_aggregate_total,2019,17.432
isl,sex_m,geo_cov_urb,mts_aggregate_total,2020,20.131
isl,sex_m,geo_cov_urb,mts_aggregate_x,2002,0
isl,sex_m,geo_cov_urb,mts_aggregate_x,2011,0.089
isl,sex_m,geo_cov_urb,mts_aggregate_x,2013,0.106
isl,sex_m,geo_cov_urb,mts_aggregate_x,2014,0.108
isl,sex_m,geo_cov_urb,mts_aggregate_x,2015,0.122
isl,sex_m,geo_cov_urb,mts_aggregate_x,2018,0.178
isl,sex_m,geo_cov_urb,mts_aggregate_x,2019,0.195
isl,sex_m,geo_cov_urb,mts_aggregate_x,2020,0.36
isl,sex_m,geo_cov_x,mts_aggregate_1,2012,8.356
isl,sex_m,geo_cov_x,mts_aggregate_2,2012,5.849
isl,sex_m,geo_cov_x,mts_aggregate_total,2012,14.313
isl,sex_m,geo_cov_x,mts_aggregate_x,2012,0.109
isl,sex_t,geo_cov_nat,mts_aggregate_1,1995,20.367
isl,sex_t,geo_cov_nat,mts_aggregate_1,1996,22.099
isl,sex_t,geo_cov_nat,mts_aggregate_1,1997,22.488
isl,sex_t,geo_cov_nat,mts_aggregate_1,1998,21.605
isl,sex_t,geo_cov_nat,mts_aggregate_1,1999,19.514
isl,sex_t,geo_cov_nat,mts_aggregate_1,2000,18.069
isl,sex_t,geo_cov_nat,mts_aggregate_1,2001,17.756
isl,sex_t,geo_cov_nat,mts_aggregate_1,2002,20.831
isl,sex_t,geo_cov_nat,mts_aggregate_1,2010,26.15
isl,sex_t,geo_cov_nat,mts_aggregate_1,2011,27.504
isl,sex_t,geo_cov_nat,mts_aggregate_1,2012,26.739
isl,sex_t,geo_cov_nat,mts_aggregate_1,2013,26.716
isl,sex_t,geo_cov_nat,mts_aggregate_1,2014,26.434
isl,sex_t,geo_cov_nat,mts_aggregate_1,2015,23.956
isl,sex_t,geo_cov_nat,mts_aggregate_1,2016,20.404
isl,sex_t,geo_cov_nat,mts_aggregate_1,2017,24.024
isl,sex_t,geo_cov_nat,mts_aggregate_1,2018,26.191
isl,sex_t,geo_cov_nat,mts_aggregate_1,2019,28.345
isl,sex_t,geo_cov_nat,mts_aggregate_1,2020,32.095
isl,sex_t,geo_cov_nat,mts_aggregate_2,1995,11.872
isl,sex_t,geo_cov_nat,mts_aggregate_2,1996,12.233
isl,sex_t,geo_cov_nat,mts_aggregate_2,1997,14.129
isl,sex_t,geo_cov_nat,mts_aggregate_2,1998,13.09
isl,sex_t,geo_cov_nat,mts_aggregate_2,1999,13.006
isl,sex_t,geo_cov_nat,mts_aggregate_2,2000,12.795
isl,sex_t,geo_cov_nat,mts_aggregate_2,2001,14.23
isl,sex_t,geo_cov_nat,mts_aggregate_2,2002,12.941
isl,sex_t,geo_cov_nat,mts_aggregate_2,2010,17.632
isl,sex_t,geo_cov_nat,mts_aggregate_2,2011,17.569
isl,sex_t,geo_cov_nat,mts_aggregate_2,2012,18.127
isl,sex_t,geo_cov_nat,mts_aggregate_2,2013,16.874
isl,sex_t,geo_cov_nat,mts_aggregate_2,2014,15.97
isl,sex_t,geo_cov_nat,mts_aggregate_2,2015,16.377
isl,sex_t,geo_cov_nat,mts_aggregate_2,2016,18.018
isl,sex_t,geo_cov_nat,mts_aggregate_2,2017,17.82
isl,sex_t,geo_cov_nat,mts_aggregate_2,2018,19.511
isl,sex_t,geo_cov_nat,mts_aggregate_2,2019,20.279
isl,sex_t,geo_cov_nat,mts_aggregate_2,2020,23.123
isl,sex_t,geo_cov_nat,mts_aggregate_total,1995,32.239
isl,sex_t,geo_cov_nat,mts_aggregate_total,1996,34.376
isl,sex_t,geo_cov_nat,mts_aggregate_total,1997,36.617
isl,sex_t,geo_cov_nat,mts_aggregate_total,1998,34.695
isl,sex_t,geo_cov_nat,mts_aggregate_total,1999,32.572
isl,sex_t,geo_cov_nat,mts_aggregate_total,2000,30.967
isl,sex_t,geo_cov_nat,mts_aggregate_total,2001,32.04
isl,sex_t,geo_cov_nat,mts_aggregate_total,2002,33.885
isl,sex_t,geo_cov_nat,mts_aggregate_total,2010,43.89
isl,sex_t,geo_cov_nat,mts_aggregate_total,2011,45.263
isl,sex_t,geo_cov_nat,mts_aggregate_total,2012,45.121
isl,sex_t,geo_cov_nat,mts_aggregate_total,2013,43.929
isl,sex_t,geo_cov_nat,mts_aggregate_total,2014,42.677
isl,sex_t,geo_cov_nat,mts_aggregate_total,2015,40.526
isl,sex_t,geo_cov_nat,mts_aggregate_total,2016,38.699
isl,sex_t,geo_cov_nat,mts_aggregate_total,2017,42.096
isl,sex_t,geo_cov_nat,mts_aggregate_total,2018,45.944
isl,sex_t,geo_cov_nat,mts_aggregate_total,2019,48.963
isl,sex_t,geo_cov_nat,mts_aggregate_total,2020,55.777
isl,sex_t,geo_cov_nat,mts_aggregate_x,2010,0.109
isl,sex_t,geo_cov_nat,mts_aggregate_x,2011,0.191
isl,sex_t,geo_cov_nat,mts_aggregate_x,2012,0.255
isl,sex_t,geo_cov_nat,mts_aggregate_x,2013,0.339
isl,sex_t,geo_cov_nat,mts_aggregate_x,2014,0.273
isl,sex_t,geo_cov_nat,mts_aggregate_x,2015,0.193
isl,sex_t,geo_cov_nat,mts_aggregate_x,2016,0.277
isl,sex_t,geo_cov_nat,mts_aggregate_x,2017,0.253
isl,sex_t,geo_cov_nat,mts_aggregate_x,2018,0.242
isl,sex_t,geo_cov_nat,mts_aggregate_x,2019,0.338
isl,sex_t,geo_cov_nat,mts_aggregate_x,2020,0.559
isl,sex_t,geo_cov_rur,mts_aggregate_1,1995,7.608
isl,sex_t,geo_cov_rur,mts_aggregate_1,1996,8.798
isl,sex_t,geo_cov_rur,mts_aggregate_1,1997,8.876
isl,sex_t,geo_cov_rur,mts_aggregate_1,1998,7.697
isl,sex_t,geo_cov_rur,mts_aggregate_1,1999,6.531
isl,sex_t,geo_cov_rur,mts_aggregate_1,2000,6.489
isl,sex_t,geo_cov_rur,mts_aggregate_1,2001,6.744
isl,sex_t,geo_cov_rur,mts_aggregate_1,2002,7.299
isl,sex_t,geo_cov_rur,mts_aggregate_1,2010,9.295
isl,sex_t,geo_cov_rur,mts_aggregate_1,2011,9.948
isl,sex_t,geo_cov_rur,mts_aggregate_1,2012,1.123
isl,sex_t,geo_cov_rur,mts_aggregate_1,2013,3.637
isl,sex_t,geo_cov_rur,mts_aggregate_1,2014,3.272
isl,sex_t,geo_cov_rur,mts_aggregate_1,2015,3.284
isl,sex_t,geo_cov_rur,mts_aggregate_1,2016,2.668
isl,sex_t,geo_cov_rur,mts_aggregate_1,2017,3.238
isl,sex_t,geo_cov_rur,mts_aggregate_1,2018,3.23
isl,sex_t,geo_cov_rur,mts_aggregate_1,2019,3.558
isl,sex_t,geo_cov_rur,mts_aggregate_1,2020,4.589
isl,sex_t,geo_cov_rur,mts_aggregate_2,1995,5.06
isl,sex_t,geo_cov_rur,mts_aggregate_2,1996,5.086
isl,sex_t,geo_cov_rur,mts_aggregate_2,1997,5.309
isl,sex_t,geo_cov_rur,mts_aggregate_2,1998,4.642
isl,sex_t,geo_cov_rur,mts_aggregate_2,1999,5.509
isl,sex_t,geo_cov_rur,mts_aggregate_2,2000,5.839
isl,sex_t,geo_cov_rur,mts_aggregate_2,2001,6.588
isl,sex_t,geo_cov_rur,mts_aggregate_2,2002,5.356
isl,sex_t,geo_cov_rur,mts_aggregate_2,2010,7.917
isl,sex_t,geo_cov_rur,mts_aggregate_2,2011,8.065
isl,sex_t,geo_cov_rur,mts_aggregate_2,2012,0.872
isl,sex_t,geo_cov_rur,mts_aggregate_2,2013,3.007
isl,sex_t,geo_cov_rur,mts_aggregate_2,2014,2.637
isl,sex_t,geo_cov_rur,mts_aggregate_2,2015,3.148
isl,sex_t,geo_cov_rur,mts_aggregate_2,2016,3.543
isl,sex_t,geo_cov_rur,mts_aggregate_2,2017,3.001
isl,sex_t,geo_cov_rur,mts_aggregate_2,2018,3.29
isl,sex_t,geo_cov_rur,mts_aggregate_2,2019,4.263
isl,sex_t,geo_cov_rur,mts_aggregate_2,2020,4.464
isl,sex_t,geo_cov_rur,mts_aggregate_total,1995,12.669
isl,sex_t,geo_cov_rur,mts_aggregate_total,1996,13.884
isl,sex_t,geo_cov_rur,mts_aggregate_total,1997,14.186
isl,sex_t,geo_cov_rur,mts_aggregate_total,1998,12.339
isl,sex_t,geo_cov_rur,mts_aggregate_total,1999,12.091
isl,sex_t,geo_cov_rur,mts_aggregate_total,2000,12.328
isl,sex_t,geo_cov_rur,mts_aggregate_total,2001,13.332
isl,sex_t,geo_cov_rur,mts_aggregate_total,2002,12.655
isl,sex_t,geo_cov_rur,mts_aggregate_total,2010,17.304
isl,sex_t,geo_cov_rur,mts_aggregate_total,2011,18.115
isl,sex_t,geo_cov_rur,mts_aggregate_total,2012,1.994
isl,sex_t,geo_cov_rur,mts_aggregate_total,2013,6.753
isl,sex_t,geo_cov_rur,mts_aggregate_total,2014,5.944
isl,sex_t,geo_cov_rur,mts_aggregate_total,2015,6.447
isl,sex_t,geo_cov_rur,mts_aggregate_total,2016,6.211
isl,sex_t,geo_cov_rur,mts_aggregate_total,2017,6.239
isl,sex_t,geo_cov_rur,mts_aggregate_total,2018,6.52
isl,sex_t,geo_cov_rur,mts_aggregate_total,2019,7.821
isl,sex_t,geo_cov_rur,mts_aggregate_total,2020,9.067
isl,sex_t,geo_cov_rur,mts_aggregate_x,2000,0
isl,sex_t,geo_cov_rur,mts_aggregate_x,2001,0
isl,sex_t,geo_cov_rur,mts_aggregate_x,2002,0
isl,sex_t,geo_cov_rur,mts_aggregate_x,2010,0.092
isl,sex_t,geo_cov_rur,mts_aggregate_x,2011,0.102
isl,sex_t,geo_cov_rur,mts_aggregate_x,2013,0.109
isl,sex_t,geo_cov_rur,mts_aggregate_x,2019,0
isl,sex_t,geo_cov_urb,mts_aggregate_1,1995,12.759
isl,sex_t,geo_cov_urb,mts_aggregate_1,1996,13.3
isl,sex_t,geo_cov_urb,mts_aggregate_1,1997,13.612
isl,sex_t,geo_cov_urb,mts_aggregate_1,1998,13.908
isl,sex_t,geo_cov_urb,mts_aggregate_1,1999,12.983
isl,sex_t,geo_cov_urb,mts_aggregate_1,2000,11.58
isl,sex_t,geo_cov_urb,mts_aggregate_1,2001,11.012
isl,sex_t,geo_cov_urb,mts_aggregate_1,2002,13.532
isl,sex_t,geo_cov_urb,mts_aggregate_1,2010,16.854
isl,sex_t,geo_cov_urb,mts_aggregate_1,2011,17.556
isl,sex_t,geo_cov_urb,mts_aggregate_1,2012,6.806
isl,sex_t,geo_cov_urb,mts_aggregate_1,2013,23.079
isl,sex_t,geo_cov_urb,mts_aggregate_1,2014,23.162
isl,sex_t,geo_cov_urb,mts_aggregate_1,2015,20.672
isl,sex_t,geo_cov_urb,mts_aggregate_1,2016,17.736
isl,sex_t,geo_cov_urb,mts_aggregate_1,2017,20.786
isl,sex_t,geo_cov_urb,mts_aggregate_1,2018,22.961
isl,sex_t,geo_cov_urb,mts_aggregate_1,2019,24.788
isl,sex_t,geo_cov_urb,mts_aggregate_1,2020,27.506
isl,sex_t,geo_cov_urb,mts_aggregate_2,1995,6.811
isl,sex_t,geo_cov_urb,mts_aggregate_2,1996,7.148
isl,sex_t,geo_cov_urb,mts_aggregate_2,1997,8.819
isl,sex_t,geo_cov_urb,mts_aggregate_2,1998,8.448
isl,sex_t,geo_cov_urb,mts_aggregate_2,1999,7.498
isl,sex_t,geo_cov_urb,mts_aggregate_2,2000,6.956
isl,sex_t,geo_cov_urb,mts_aggregate_2,2001,7.642
isl,sex_t,geo_cov_urb,mts_aggregate_2,2002,7.584
isl,sex_t,geo_cov_urb,mts_aggregate_2,2010,9.715
isl,sex_t,geo_cov_urb,mts_aggregate_2,2011,9.503
isl,sex_t,geo_cov_urb,mts_aggregate_2,2012,3.233
isl,sex_t,geo_cov_urb,mts_aggregate_2,2013,13.866
isl,sex_t,geo_cov_urb,mts_aggregate_2,2014,13.332
isl,sex_t,geo_cov_urb,mts_aggregate_2,2015,13.229
isl,sex_t,geo_cov_urb,mts_aggregate_2,2016,14.475
isl,sex_t,geo_cov_urb,mts_aggregate_2,2017,14.819
isl,sex_t,geo_cov_urb,mts_aggregate_2,2018,16.222
isl,sex_t,geo_cov_urb,mts_aggregate_2,2019,16.016
isl,sex_t,geo_cov_urb,mts_aggregate_2,2020,18.66
isl,sex_t,geo_cov_urb,mts_aggregate_total,1995,19.57
isl,sex_t,geo_cov_urb,mts_aggregate_total,1996,20.492
isl,sex_t,geo_cov_urb,mts_aggregate_total,1997,22.431
isl,sex_t,geo_cov_urb,mts_aggregate_total,1998,22.356
isl,sex_t,geo_cov_urb,mts_aggregate_total,1999,20.481
isl,sex_t,geo_cov_urb,mts_aggregate_total,2000,18.639
isl,sex_t,geo_cov_urb,mts_aggregate_total,2001,18.708
isl,sex_t,geo_cov_urb,mts_aggregate_total,2002,21.229
isl,sex_t,geo_cov_urb,mts_aggregate_total,2010,26.586
isl,sex_t,geo_cov_urb,mts_aggregate_total,2011,27.149
isl,sex_t,geo_cov_urb,mts_aggregate_total,2012,10.092
isl,sex_t,geo_cov_urb,mts_aggregate_total,2013,37.176
isl,sex_t,geo_cov_urb,mts_aggregate_total,2014,36.733
isl,sex_t,geo_cov_urb,mts_aggregate_total,2015,34.079
isl,sex_t,geo_cov_urb,mts_aggregate_total,2016,32.488
isl,sex_t,geo_cov_urb,mts_aggregate_total,2017,35.857
isl,sex_t,geo_cov_urb,mts_aggregate_total,2018,39.425
isl,sex_t,geo_cov_urb,mts_aggregate_total,2019,41.142
isl,sex_t,geo_cov_urb,mts_aggregate_total,2020,46.71
isl,sex_t,geo_cov_urb,mts_aggregate_x,2011,0.089
isl,sex_t,geo_cov_urb,mts_aggregate_x,2013,0.231
isl,sex_t,geo_cov_urb,mts_aggregate_x,2014,0.239
isl,sex_t,geo_cov_urb,mts_aggregate_x,2015,0.178
isl,sex_t,geo_cov_urb,mts_aggregate_x,2016,0.277
isl,sex_t,geo_cov_urb,mts_aggregate_x,2017,0.253
isl,sex_t,geo_cov_urb,mts_aggregate_x,2018,0.242
isl,sex_t,geo_cov_urb,mts_aggregate_x,2019,0.338
isl,sex_t,geo_cov_urb,mts_aggregate_x,2020,0.544
isl,sex_t,geo_cov_x,mts_aggregate_1,2012,18.811
isl,sex_t,geo_cov_x,mts_aggregate_2,2012,14.023
isl,sex_t,geo_cov_x,mts_aggregate_total,2012,33.035
isl,sex_t,geo_cov_x,mts_aggregate_x,2012,0.201
ita,sex_f,geo_cov_nat,mts_aggregate_1,1992,7082.216
ita,sex_f,geo_cov_nat,mts_aggregate_1,1993,7138.114
ita,sex_f,geo_cov_nat,mts_aggregate_1,1994,7251.733
ita,sex_f,geo_cov_nat,mts_aggregate_1,1995,7356.59
ita,sex_f,geo_cov_nat,mts_aggregate_1,1996,7315.368
ita,sex_f,geo_cov_nat,mts_aggregate_1,1997,7361.065
ita,sex_f,geo_cov_nat,mts_aggregate_1,1998,7329.782
ita,sex_f,geo_cov_nat,mts_aggregate_1,1999,7254.425
ita,sex_f,geo_cov_nat,mts_aggregate_1,2000,7206.154
ita,sex_f,geo_cov_nat,mts_aggregate_1,2001,7342.702
ita,sex_f,geo_cov_nat,mts_aggregate_1,2002,7365.09
ita,sex_f,geo_cov_nat,mts_aggregate_1,2003,7244.853
ita,sex_f,geo_cov_nat,mts_aggregate_1,2004,7279.129
ita,sex_f,geo_cov_nat,mts_aggregate_1,2005,7484.864
ita,sex_f,geo_cov_nat,mts_aggregate_1,2006,7549.763
ita,sex_f,geo_cov_nat,mts_aggregate_1,2007,7616.405
ita,sex_f,geo_cov_nat,mts_aggregate_1,2008,7632.432
ita,sex_f,geo_cov_nat,mts_aggregate_1,2009,7779.562
ita,sex_f,geo_cov_nat,mts_aggregate_1,2010,7872.534
ita,sex_f,geo_cov_nat,mts_aggregate_1,2011,7933.028
ita,sex_f,geo_cov_nat,mts_aggregate_1,2012,7927.491
ita,sex_f,geo_cov_nat,mts_aggregate_1,2013,8097.439
ita,sex_f,geo_cov_nat,mts_aggregate_1,2014,8061.993
ita,sex_f,geo_cov_nat,mts_aggregate_1,2015,8115.175
ita,sex_f,geo_cov_nat,mts_aggregate_1,2016,8009.134
ita,sex_f,geo_cov_nat,mts_aggregate_1,2017,7963.413
ita,sex_f,geo_cov_nat,mts_aggregate_1,2018,7957.486
ita,sex_f,geo_cov_nat,mts_aggregate_1,2019,7997.274
ita,sex_f,geo_cov_nat,mts_aggregate_1,2020,8270.044
ita,sex_f,geo_cov_nat,mts_aggregate_2,1992,9119.482
ita,sex_f,geo_cov_nat,mts_aggregate_2,1993,9238.039
ita,sex_f,geo_cov_nat,mts_aggregate_2,1994,9241.254
ita,sex_f,geo_cov_nat,mts_aggregate_2,1995,9216.392
ita,sex_f,geo_cov_nat,mts_aggregate_2,1996,9228.858
ita,sex_f,geo_cov_nat,mts_aggregate_2,1997,9197.869
ita,sex_f,geo_cov_nat,mts_aggregate_2,1998,9158.875
ita,sex_f,geo_cov_nat,mts_aggregate_2,1999,9085.138
ita,sex_f,geo_cov_nat,mts_aggregate_2,2000,9109.452
ita,sex_f,geo_cov_nat,mts_aggregate_2,2001,8887.129
ita,sex_f,geo_cov_nat,mts_aggregate_2,2002,8767.337
ita,sex_f,geo_cov_nat,mts_aggregate_2,2003,8742.757
ita,sex_f,geo_cov_nat,mts_aggregate_2,2004,8422.722
ita,sex_f,geo_cov_nat,mts_aggregate_2,2005,8442.579
ita,sex_f,geo_cov_nat,mts_aggregate_2,2006,8420.154
ita,sex_f,geo_cov_nat,mts_aggregate_2,2007,8503.114
ita,sex_f,geo_cov_nat,mts_aggregate_2,2008,8436.683
ita,sex_f,geo_cov_nat,mts_aggregate_2,2009,8519.464
ita,sex_f,geo_cov_nat,mts_aggregate_2,2010,8527.511
ita,sex_f,geo_cov_nat,mts_aggregate_2,2011,8486.332
ita,sex_f,geo_cov_nat,mts_aggregate_2,2012,8208.839
ita,sex_f,geo_cov_nat,mts_aggregate_2,2013,8124.73
ita,sex_f,geo_cov_nat,mts_aggregate_2,2014,8100.469
ita,sex_f,geo_cov_nat,mts_aggregate_2,2015,8153.725
ita,sex_f,geo_cov_nat,mts_aggregate_2,2016,8066.266
ita,sex_f,geo_cov_nat,mts_aggregate_2,2017,7968.018
ita,sex_f,geo_cov_nat,mts_aggregate_2,2018,7911.706
ita,sex_f,geo_cov_nat,mts_aggregate_2,2019,7813.045
ita,sex_f,geo_cov_nat,mts_aggregate_2,2020,7908.532
ita,sex_f,geo_cov_nat,mts_aggregate_total,1992,16201.698
ita,sex_f,geo_cov_nat,mts_aggregate_total,1993,16376.153
ita,sex_f,geo_cov_nat,mts_aggregate_total,1994,16492.987
ita,sex_f,geo_cov_nat,mts_aggregate_total,1995,16572.982
ita,sex_f,geo_cov_nat,mts_aggregate_total,1996,16544.225
ita,sex_f,geo_cov_nat,mts_aggregate_total,1997,16558.934
ita,sex_f,geo_cov_nat,mts_aggregate_total,1998,16488.657
ita,sex_f,geo_cov_nat,mts_aggregate_total,1999,16339.563
ita,sex_f,geo_cov_nat,mts_aggregate_total,2000,16315.606
ita,sex_f,geo_cov_nat,mts_aggregate_total,2001,16229.83
ita,sex_f,geo_cov_nat,mts_aggregate_total,2002,16132.428
ita,sex_f,geo_cov_nat,mts_aggregate_total,2003,15987.61
ita,sex_f,geo_cov_nat,mts_aggregate_total,2004,15701.851
ita,sex_f,geo_cov_nat,mts_aggregate_total,2005,15927.443
ita,sex_f,geo_cov_nat,mts_aggregate_total,2006,15969.916
ita,sex_f,geo_cov_nat,mts_aggregate_total,2007,16119.519
ita,sex_f,geo_cov_nat,mts_aggregate_total,2008,16069.115
ita,sex_f,geo_cov_nat,mts_aggregate_total,2009,16299.025
ita,sex_f,geo_cov_nat,mts_aggregate_total,2010,16400.196
ita,sex_f,geo_cov_nat,mts_aggregate_total,2011,16419.361
ita,sex_f,geo_cov_nat,mts_aggregate_total,2012,16136.33
ita,sex_f,geo_cov_nat,mts_aggregate_total,2013,16222.168
ita,sex_f,geo_cov_nat,mts_aggregate_total,2014,16162.462
ita,sex_f,geo_cov_nat,mts_aggregate_total,2015,16268.901
ita,sex_f,geo_cov_nat,mts_aggregate_total,2016,16075.4
ita,sex_f,geo_cov_nat,mts_aggregate_total,2017,15931.431
ita,sex_f,geo_cov_nat,mts_aggregate_total,2018,15869.192
ita,sex_f,geo_cov_nat,mts_aggregate_total,2019,15810.318
ita,sex_f,geo_cov_nat,mts_aggregate_total,2020,16178.576
ita,sex_f,geo_cov_rur,mts_aggregate_1,1992,1289.034
ita,sex_f,geo_cov_rur,mts_aggregate_1,1993,1281.61
ita,sex_f,geo_cov_rur,mts_aggregate_1,1994,1301.48
ita,sex_f,geo_cov_rur,mts_aggregate_1,1995,1333.479
ita,sex_f,geo_cov_rur,mts_aggregate_1,1996,1346.645
ita,sex_f,geo_cov_rur,mts_aggregate_1,1997,1363.151
ita,sex_f,geo_cov_rur,mts_aggregate_1,1998,1288.067
ita,sex_f,geo_cov_rur,mts_aggregate_1,1999,1296.694
ita,sex_f,geo_cov_rur,mts_aggregate_1,2000,1000.607
ita,sex_f,geo_cov_rur,mts_aggregate_1,2001,961.455
ita,sex_f,geo_cov_rur,mts_aggregate_1,2002,1020.111
ita,sex_f,geo_cov_rur,mts_aggregate_1,2003,1018.814
ita,sex_f,geo_cov_rur,mts_aggregate_1,2004,1329.161
ita,sex_f,geo_cov_rur,mts_aggregate_1,2005,1214.57
ita,sex_f,geo_cov_rur,mts_aggregate_1,2006,1206.86
ita,sex_f,geo_cov_rur,mts_aggregate_1,2007,1188.845
ita,sex_f,geo_cov_rur,mts_aggregate_1,2008,1188.688
ita,sex_f,geo_cov_rur,mts_aggregate_1,2009,1214.777
ita,sex_f,geo_cov_rur,mts_aggregate_1,2010,1224.643
ita,sex_f,geo_cov_rur,mts_aggregate_1,2011,1066.239
ita,sex_f,geo_cov_rur,mts_aggregate_1,2012,1887.433
ita,sex_f,geo_cov_rur,mts_aggregate_1,2013,1920.491
ita,sex_f,geo_cov_rur,mts_aggregate_1,2014,1911.166
ita,sex_f,geo_cov_rur,mts_aggregate_1,2015,1936.665
ita,sex_f,geo_cov_rur,mts_aggregate_1,2016,1888.448
ita,sex_f,geo_cov_rur,mts_aggregate_1,2017,1883.207
ita,sex_f,geo_cov_rur,mts_aggregate_1,2018,1907.907
ita,sex_f,geo_cov_rur,mts_aggregate_1,2019,1911.068
ita,sex_f,geo_cov_rur,mts_aggregate_1,2020,1489.153
ita,sex_f,geo_cov_rur,mts_aggregate_2,1992,1607.713
ita,sex_f,geo_cov_rur,mts_aggregate_2,1993,1634.728
ita,sex_f,geo_cov_rur,mts_aggregate_2,1994,1612.809
ita,sex_f,geo_cov_rur,mts_aggregate_2,1995,1589.07
ita,sex_f,geo_cov_rur,mts_aggregate_2,1996,1607.73
ita,sex_f,geo_cov_rur,mts_aggregate_2,1997,1601.524
ita,sex_f,geo_cov_rur,mts_aggregate_2,1998,1559.973
ita,sex_f,geo_cov_rur,mts_aggregate_2,1999,1537.626
ita,sex_f,geo_cov_rur,mts_aggregate_2,2000,1192.302
ita,sex_f,geo_cov_rur,mts_aggregate_2,2001,1170.105
ita,sex_f,geo_cov_rur,mts_aggregate_2,2002,1154.695
ita,sex_f,geo_cov_rur,mts_aggregate_2,2003,1187.87
ita,sex_f,geo_cov_rur,mts_aggregate_2,2004,1490.169
ita,sex_f,geo_cov_rur,mts_aggregate_2,2005,1359.058
ita,sex_f,geo_cov_rur,mts_aggregate_2,2006,1330.082
ita,sex_f,geo_cov_rur,mts_aggregate_2,2007,1291.38
ita,sex_f,geo_cov_rur,mts_aggregate_2,2008,1275.943
ita,sex_f,geo_cov_rur,mts_aggregate_2,2009,1315.43
ita,sex_f,geo_cov_rur,mts_aggregate_2,2010,1310.149
ita,sex_f,geo_cov_rur,mts_aggregate_2,2011,1152.243
ita,sex_f,geo_cov_rur,mts_aggregate_2,2012,2059.378
ita,sex_f,geo_cov_rur,mts_aggregate_2,2013,2037.12
ita,sex_f,geo_cov_rur,mts_aggregate_2,2014,2018.382
ita,sex_f,geo_cov_rur,mts_aggregate_2,2015,2040.567
ita,sex_f,geo_cov_rur,mts_aggregate_2,2016,2006.797
ita,sex_f,geo_cov_rur,mts_aggregate_2,2017,1982.629
ita,sex_f,geo_cov_rur,mts_aggregate_2,2018,1972.468
ita,sex_f,geo_cov_rur,mts_aggregate_2,2019,1965.711
ita,sex_f,geo_cov_rur,mts_aggregate_2,2020,1498.004
ita,sex_f,geo_cov_rur,mts_aggregate_total,1992,2896.747
ita,sex_f,geo_cov_rur,mts_aggregate_total,1993,2916.338
ita,sex_f,geo_cov_rur,mts_aggregate_total,1994,2914.29
ita,sex_f,geo_cov_rur,mts_aggregate_total,1995,2922.549
ita,sex_f,geo_cov_rur,mts_aggregate_total,1996,2954.375
ita,sex_f,geo_cov_rur,mts_aggregate_total,1997,2964.674
ita,sex_f,geo_cov_rur,mts_aggregate_total,1998,2848.04
ita,sex_f,geo_cov_rur,mts_aggregate_total,1999,2834.321
ita,sex_f,geo_cov_rur,mts_aggregate_total,2000,2192.91
ita,sex_f,geo_cov_rur,mts_aggregate_total,2001,2131.559
ita,sex_f,geo_cov_rur,mts_aggregate_total,2002,2174.806
ita,sex_f,geo_cov_rur,mts_aggregate_total,2003,2206.684
ita,sex_f,geo_cov_rur,mts_aggregate_total,2004,2819.33
ita,sex_f,geo_cov_rur,mts_aggregate_total,2005,2573.628
ita,sex_f,geo_cov_rur,mts_aggregate_total,2006,2536.942
ita,sex_f,geo_cov_rur,mts_aggregate_total,2007,2480.225
ita,sex_f,geo_cov_rur,mts_aggregate_total,2008,2464.631
ita,sex_f,geo_cov_rur,mts_aggregate_total,2009,2530.206
ita,sex_f,geo_cov_rur,mts_aggregate_total,2010,2534.792
ita,sex_f,geo_cov_rur,mts_aggregate_total,2011,2218.481
ita,sex_f,geo_cov_rur,mts_aggregate_total,2012,3946.811
ita,sex_f,geo_cov_rur,mts_aggregate_total,2013,3957.611
ita,sex_f,geo_cov_rur,mts_aggregate_total,2014,3929.548
ita,sex_f,geo_cov_rur,mts_aggregate_total,2015,3977.232
ita,sex_f,geo_cov_rur,mts_aggregate_total,2016,3895.245
ita,sex_f,geo_cov_rur,mts_aggregate_total,2017,3865.835
ita,sex_f,geo_cov_rur,mts_aggregate_total,2018,3880.374
ita,sex_f,geo_cov_rur,mts_aggregate_total,2019,3876.78
ita,sex_f,geo_cov_rur,mts_aggregate_total,2020,2987.157
ita,sex_f,geo_cov_urb,mts_aggregate_1,1992,5793.183
ita,sex_f,geo_cov_urb,mts_aggregate_1,1993,5856.504
ita,sex_f,geo_cov_urb,mts_aggregate_1,1994,5950.253
ita,sex_f,geo_cov_urb,mts_aggregate_1,1995,6023.111
ita,sex_f,geo_cov_urb,mts_aggregate_1,1996,5968.723
ita,sex_f,geo_cov_urb,mts_aggregate_1,1997,5997.914
ita,sex_f,geo_cov_urb,mts_aggregate_1,1998,6041.715
ita,sex_f,geo_cov_urb,mts_aggregate_1,1999,5957.731
ita,sex_f,geo_cov_urb,mts_aggregate_1,2000,6205.547
ita,sex_f,geo_cov_urb,mts_aggregate_1,2001,6381.247
ita,sex_f,geo_cov_urb,mts_aggregate_1,2002,6344.979
ita,sex_f,geo_cov_urb,mts_aggregate_1,2003,6226.039
ita,sex_f,geo_cov_urb,mts_aggregate_1,2004,5949.968
ita,sex_f,geo_cov_urb,mts_aggregate_1,2005,6270.294
ita,sex_f,geo_cov_urb,mts_aggregate_1,2006,6342.903
ita,sex_f,geo_cov_urb,mts_aggregate_1,2007,6427.56
ita,sex_f,geo_cov_urb,mts_aggregate_1,2008,6443.744
ita,sex_f,geo_cov_urb,mts_aggregate_1,2009,6564.785
ita,sex_f,geo_cov_urb,mts_aggregate_1,2010,6647.89
ita,sex_f,geo_cov_urb,mts_aggregate_1,2011,6866.79
ita,sex_f,geo_cov_urb,mts_aggregate_1,2012,6040.058
ita,sex_f,geo_cov_urb,mts_aggregate_1,2013,6176.947
ita,sex_f,geo_cov_urb,mts_aggregate_1,2014,6150.827
ita,sex_f,geo_cov_urb,mts_aggregate_1,2015,6178.51
ita,sex_f,geo_cov_urb,mts_aggregate_1,2016,6120.686
ita,sex_f,geo_cov_urb,mts_aggregate_1,2017,6080.207
ita,sex_f,geo_cov_urb,mts_aggregate_1,2018,6049.579
ita,sex_f,geo_cov_urb,mts_aggregate_1,2019,6086.206
ita,sex_f,geo_cov_urb,mts_aggregate_1,2020,6780.891
ita,sex_f,geo_cov_urb,mts_aggregate_2,1992,7511.769
ita,sex_f,geo_cov_urb,mts_aggregate_2,1993,7603.311
ita,sex_f,geo_cov_urb,mts_aggregate_2,1994,7628.445
ita,sex_f,geo_cov_urb,mts_aggregate_2,1995,7627.322
ita,sex_f,geo_cov_urb,mts_aggregate_2,1996,7621.128
ita,sex_f,geo_cov_urb,mts_aggregate_2,1997,7596.345
ita,sex_f,geo_cov_urb,mts_aggregate_2,1998,7598.901
ita,sex_f,geo_cov_urb,mts_aggregate_2,1999,7547.512
ita,sex_f,geo_cov_urb,mts_aggregate_2,2000,7917.15
ita,sex_f,geo_cov_urb,mts_aggregate_2,2001,7717.024
ita,sex_f,geo_cov_urb,mts_aggregate_2,2002,7612.643
ita,sex_f,geo_cov_urb,mts_aggregate_2,2003,7554.887
ita,sex_f,geo_cov_urb,mts_aggregate_2,2004,6932.554
ita,sex_f,geo_cov_urb,mts_aggregate_2,2005,7083.521
ita,sex_f,geo_cov_urb,mts_aggregate_2,2006,7090.071
ita,sex_f,geo_cov_urb,mts_aggregate_2,2007,7211.734
ita,sex_f,geo_cov_urb,mts_aggregate_2,2008,7160.74
ita,sex_f,geo_cov_urb,mts_aggregate_2,2009,7204.034
ita,sex_f,geo_cov_urb,mts_aggregate_2,2010,7217.362
ita,sex_f,geo_cov_urb,mts_aggregate_2,2011,7334.09
ita,sex_f,geo_cov_urb,mts_aggregate_2,2012,6149.461
ita,sex_f,geo_cov_urb,mts_aggregate_2,2013,6087.61
ita,sex_f,geo_cov_urb,mts_aggregate_2,2014,6082.087
ita,sex_f,geo_cov_urb,mts_aggregate_2,2015,6113.158
ita,sex_f,geo_cov_urb,mts_aggregate_2,2016,6059.469
ita,sex_f,geo_cov_urb,mts_aggregate_2,2017,5985.389
ita,sex_f,geo_cov_urb,mts_aggregate_2,2018,5939.239
ita,sex_f,geo_cov_urb,mts_aggregate_2,2019,5847.333
ita,sex_f,geo_cov_urb,mts_aggregate_2,2020,6410.528
ita,sex_f,geo_cov_urb,mts_aggregate_total,1992,13304.952
ita,sex_f,geo_cov_urb,mts_aggregate_total,1993,13459.815
ita,sex_f,geo_cov_urb,mts_aggregate_total,1994,13578.698
ita,sex_f,geo_cov_urb,mts_aggregate_total,1995,13650.434
ita,sex_f,geo_cov_urb,mts_aggregate_total,1996,13589.851
ita,sex_f,geo_cov_urb,mts_aggregate_total,1997,13594.259
ita,sex_f,geo_cov_urb,mts_aggregate_total,1998,13640.616
ita,sex_f,geo_cov_urb,mts_aggregate_total,1999,13505.242
ita,sex_f,geo_cov_urb,mts_aggregate_total,2000,14122.697
ita,sex_f,geo_cov_urb,mts_aggregate_total,2001,14098.271
ita,sex_f,geo_cov_urb,mts_aggregate_total,2002,13957.621
ita,sex_f,geo_cov_urb,mts_aggregate_total,2003,13780.926
ita,sex_f,geo_cov_urb,mts_aggregate_total,2004,12882.522
ita,sex_f,geo_cov_urb,mts_aggregate_total,2005,13353.815
ita,sex_f,geo_cov_urb,mts_aggregate_total,2006,13432.974
ita,sex_f,geo_cov_urb,mts_aggregate_total,2007,13639.294
ita,sex_f,geo_cov_urb,mts_aggregate_total,2008,13604.484
ita,sex_f,geo_cov_urb,mts_aggregate_total,2009,13768.819
ita,sex_f,geo_cov_urb,mts_aggregate_total,2010,13865.404
ita,sex_f,geo_cov_urb,mts_aggregate_total,2011,14200.88
ita,sex_f,geo_cov_urb,mts_aggregate_total,2012,12189.519
ita,sex_f,geo_cov_urb,mts_aggregate_total,2013,12264.557
ita,sex_f,geo_cov_urb,mts_aggregate_total,2014,12232.914
ita,sex_f,geo_cov_urb,mts_aggregate_total,2015,12291.669
ita,sex_f,geo_cov_urb,mts_aggregate_total,2016,12180.155
ita,sex_f,geo_cov_urb,mts_aggregate_total,2017,12065.596
ita,sex_f,geo_cov_urb,mts_aggregate_total,2018,11988.817
ita,sex_f,geo_cov_urb,mts_aggregate_total,2019,11933.539
ita,sex_f,geo_cov_urb,mts_aggregate_total,2020,13191.419
ita,sex_m,geo_cov_nat,mts_aggregate_1,1992,3669.974
ita,sex_m,geo_cov_nat,mts_aggregate_1,1993,3695.196
ita,sex_m,geo_cov_nat,mts_aggregate_1,1994,3807.431
ita,sex_m,geo_cov_nat,mts_aggregate_1,1995,3826.755
ita,sex_m,geo_cov_nat,mts_aggregate_1,1996,3858.857
ita,sex_m,geo_cov_nat,mts_aggregate_1,1997,3846.37
ita,sex_m,geo_cov_nat,mts_aggregate_1,1998,3761.399
ita,sex_m,geo_cov_nat,mts_aggregate_1,1999,3781.71
ita,sex_m,geo_cov_nat,mts_aggregate_1,2000,3798.619
ita,sex_m,geo_cov_nat,mts_aggregate_1,2001,3863.489
ita,sex_m,geo_cov_nat,mts_aggregate_1,2002,3850.586
ita,sex_m,geo_cov_nat,mts_aggregate_1,2003,3829.452
ita,sex_m,geo_cov_nat,mts_aggregate_1,2004,3739.542
ita,sex_m,geo_cov_nat,mts_aggregate_1,2005,3980.058
ita,sex_m,geo_cov_nat,mts_aggregate_1,2006,4045.712
ita,sex_m,geo_cov_nat,mts_aggregate_1,2007,4129.308
ita,sex_m,geo_cov_nat,mts_aggregate_1,2008,4164.924
ita,sex_m,geo_cov_nat,mts_aggregate_1,2009,4335.948
ita,sex_m,geo_cov_nat,mts_aggregate_1,2010,4442.761
ita,sex_m,geo_cov_nat,mts_aggregate_1,2011,4534.403
ita,sex_m,geo_cov_nat,mts_aggregate_1,2012,4547.762
ita,sex_m,geo_cov_nat,mts_aggregate_1,2013,4849.972
ita,sex_m,geo_cov_nat,mts_aggregate_1,2014,4864.834
ita,sex_m,geo_cov_nat,mts_aggregate_1,2015,4803.569
ita,sex_m,geo_cov_nat,mts_aggregate_1,2016,4731.712
ita,sex_m,geo_cov_nat,mts_aggregate_1,2017,4759.314
ita,sex_m,geo_cov_nat,mts_aggregate_1,2018,4795.674
ita,sex_m,geo_cov_nat,mts_aggregate_1,2019,4846.694
ita,sex_m,geo_cov_nat,mts_aggregate_1,2020,5042.839
ita,sex_m,geo_cov_nat,mts_aggregate_2,1992,4274.756
ita,sex_m,geo_cov_nat,mts_aggregate_2,1993,4389.846
ita,sex_m,geo_cov_nat,mts_aggregate_2,1994,4588.852
ita,sex_m,geo_cov_nat,mts_aggregate_2,1995,4804.981
ita,sex_m,geo_cov_nat,mts_aggregate_2,1996,4855.457
ita,sex_m,geo_cov_nat,mts_aggregate_2,1997,4949.442
ita,sex_m,geo_cov_nat,mts_aggregate_2,1998,5067.406
ita,sex_m,geo_cov_nat,mts_aggregate_2,1999,5111.576
ita,sex_m,geo_cov_nat,mts_aggregate_2,2000,5169.959
ita,sex_m,geo_cov_nat,mts_aggregate_2,2001,5207.314
ita,sex_m,geo_cov_nat,mts_aggregate_2,2002,5179.753
ita,sex_m,geo_cov_nat,mts_aggregate_2,2003,5112.041
ita,sex_m,geo_cov_nat,mts_aggregate_2,2004,5195.24
ita,sex_m,geo_cov_nat,mts_aggregate_2,2005,5256.321
ita,sex_m,geo_cov_nat,mts_aggregate_2,2006,5314.59
ita,sex_m,geo_cov_nat,mts_aggregate_2,2007,5373.938
ita,sex_m,geo_cov_nat,mts_aggregate_2,2008,5426.498
ita,sex_m,geo_cov_nat,mts_aggregate_2,2009,5515.975
ita,sex_m,geo_cov_nat,mts_aggregate_2,2010,5570.257
ita,sex_m,geo_cov_nat,mts_aggregate_2,2011,5607.76
ita,sex_m,geo_cov_nat,mts_aggregate_2,2012,5516.19
ita,sex_m,geo_cov_nat,mts_aggregate_2,2013,5436.52
ita,sex_m,geo_cov_nat,mts_aggregate_2,2014,5466.882
ita,sex_m,geo_cov_nat,mts_aggregate_2,2015,5499.741
ita,sex_m,geo_cov_nat,mts_aggregate_2,2016,5481.458
ita,sex_m,geo_cov_nat,mts_aggregate_2,2017,5431.933
ita,sex_m,geo_cov_nat,mts_aggregate_2,2018,5391.936
ita,sex_m,geo_cov_nat,mts_aggregate_2,2019,5395.015
ita,sex_m,geo_cov_nat,mts_aggregate_2,2020,5541.583
ita,sex_m,geo_cov_nat,mts_aggregate_total,1992,7944.729
ita,sex_m,geo_cov_nat,mts_aggregate_total,1993,8085.041
ita,sex_m,geo_cov_nat,mts_aggregate_total,1994,8396.283
ita,sex_m,geo_cov_nat,mts_aggregate_total,1995,8631.736
ita,sex_m,geo_cov_nat,mts_aggregate_total,1996,8714.314
ita,sex_m,geo_cov_nat,mts_aggregate_total,1997,8795.812
ita,sex_m,geo_cov_nat,mts_aggregate_total,1998,8828.805
ita,sex_m,geo_cov_nat,mts_aggregate_total,1999,8893.286
ita,sex_m,geo_cov_nat,mts_aggregate_total,2000,8968.579
ita,sex_m,geo_cov_nat,mts_aggregate_total,2001,9070.803
ita,sex_m,geo_cov_nat,mts_aggregate_total,2002,9030.339
ita,sex_m,geo_cov_nat,mts_aggregate_total,2003,8941.492
ita,sex_m,geo_cov_nat,mts_aggregate_total,2004,8934.782
ita,sex_m,geo_cov_nat,mts_aggregate_total,2005,9236.379
ita,sex_m,geo_cov_nat,mts_aggregate_total,2006,9360.301
ita,sex_m,geo_cov_nat,mts_aggregate_total,2007,9503.246
ita,sex_m,geo_cov_nat,mts_aggregate_total,2008,9591.423
ita,sex_m,geo_cov_nat,mts_aggregate_total,2009,9851.923
ita,sex_m,geo_cov_nat,mts_aggregate_total,2010,10013.019
ita,sex_m,geo_cov_nat,mts_aggregate_total,2011,10142.162
ita,sex_m,geo_cov_nat,mts_aggregate_total,2012,10063.952
ita,sex_m,geo_cov_nat,mts_aggregate_total,2013,10286.492
ita,sex_m,geo_cov_nat,mts_aggregate_total,2014,10331.716
ita,sex_m,geo_cov_nat,mts_aggregate_total,2015,10303.311
ita,sex_m,geo_cov_nat,mts_aggregate_total,2016,10213.171
ita,sex_m,geo_cov_nat,mts_aggregate_total,2017,10191.246
ita,sex_m,geo_cov_nat,mts_aggregate_total,2018,10187.61
ita,sex_m,geo_cov_nat,mts_aggregate_total,2019,10241.708
ita,sex_m,geo_cov_nat,mts_aggregate_total,2020,10584.421
ita,sex_m,geo_cov_rur,mts_aggregate_1,1992,656.846
ita,sex_m,geo_cov_rur,mts_aggregate_1,1993,671.336
ita,sex_m,geo_cov_rur,mts_aggregate_1,1994,663.078
ita,sex_m,geo_cov_rur,mts_aggregate_1,1995,688.903
ita,sex_m,geo_cov_rur,mts_aggregate_1,1996,696.803
ita,sex_m,geo_cov_rur,mts_aggregate_1,1997,701.332
ita,sex_m,geo_cov_rur,mts_aggregate_1,1998,691.584
ita,sex_m,geo_cov_rur,mts_aggregate_1,1999,689.774
ita,sex_m,geo_cov_rur,mts_aggregate_1,2000,534.018
ita,sex_m,geo_cov_rur,mts_aggregate_1,2001,531.91
ita,sex_m,geo_cov_rur,mts_aggregate_1,2002,553.243
ita,sex_m,geo_cov_rur,mts_aggregate_1,2003,536.788
ita,sex_m,geo_cov_rur,mts_aggregate_1,2004,679.535
ita,sex_m,geo_cov_rur,mts_aggregate_1,2005,666.022
ita,sex_m,geo_cov_rur,mts_aggregate_1,2006,665.392
ita,sex_m,geo_cov_rur,mts_aggregate_1,2007,666.428
ita,sex_m,geo_cov_rur,mts_aggregate_1,2008,656.18
ita,sex_m,geo_cov_rur,mts_aggregate_1,2009,689.757
ita,sex_m,geo_cov_rur,mts_aggregate_1,2010,714.248
ita,sex_m,geo_cov_rur,mts_aggregate_1,2011,648.713
ita,sex_m,geo_cov_rur,mts_aggregate_1,2012,1115.797
ita,sex_m,geo_cov_rur,mts_aggregate_1,2013,1180.436
ita,sex_m,geo_cov_rur,mts_aggregate_1,2014,1164.614
ita,sex_m,geo_cov_rur,mts_aggregate_1,2015,1158.343
ita,sex_m,geo_cov_rur,mts_aggregate_1,2016,1139.523
ita,sex_m,geo_cov_rur,mts_aggregate_1,2017,1162.038
ita,sex_m,geo_cov_rur,mts_aggregate_1,2018,1177.661
ita,sex_m,geo_cov_rur,mts_aggregate_1,2019,1188.664
ita,sex_m,geo_cov_rur,mts_aggregate_1,2020,931.631
ita,sex_m,geo_cov_rur,mts_aggregate_2,1992,861.336
ita,sex_m,geo_cov_rur,mts_aggregate_2,1993,866.485
ita,sex_m,geo_cov_rur,mts_aggregate_2,1994,884.312
ita,sex_m,geo_cov_rur,mts_aggregate_2,1995,883.218
ita,sex_m,geo_cov_rur,mts_aggregate_2,1996,901.916
ita,sex_m,geo_cov_rur,mts_aggregate_2,1997,925.23
ita,sex_m,geo_cov_rur,mts_aggregate_2,1998,920.685
ita,sex_m,geo_cov_rur,mts_aggregate_2,1999,897.405
ita,sex_m,geo_cov_rur,mts_aggregate_2,2000,723.379
ita,sex_m,geo_cov_rur,mts_aggregate_2,2001,714.311
ita,sex_m,geo_cov_rur,mts_aggregate_2,2002,708.615
ita,sex_m,geo_cov_rur,mts_aggregate_2,2003,720.572
ita,sex_m,geo_cov_rur,mts_aggregate_2,2004,935.596
ita,sex_m,geo_cov_rur,mts_aggregate_2,2005,866.712
ita,sex_m,geo_cov_rur,mts_aggregate_2,2006,859.898
ita,sex_m,geo_cov_rur,mts_aggregate_2,2007,838.821
ita,sex_m,geo_cov_rur,mts_aggregate_2,2008,829.993
ita,sex_m,geo_cov_rur,mts_aggregate_2,2009,867.06
ita,sex_m,geo_cov_rur,mts_aggregate_2,2010,875.07
ita,sex_m,geo_cov_rur,mts_aggregate_2,2011,776.715
ita,sex_m,geo_cov_rur,mts_aggregate_2,2012,1358.275
ita,sex_m,geo_cov_rur,mts_aggregate_2,2013,1343.158
ita,sex_m,geo_cov_rur,mts_aggregate_2,2014,1361.221
ita,sex_m,geo_cov_rur,mts_aggregate_2,2015,1375.307
ita,sex_m,geo_cov_rur,mts_aggregate_2,2016,1358.439
ita,sex_m,geo_cov_rur,mts_aggregate_2,2017,1342.983
ita,sex_m,geo_cov_rur,mts_aggregate_2,2018,1362.784
ita,sex_m,geo_cov_rur,mts_aggregate_2,2019,1370.342
ita,sex_m,geo_cov_rur,mts_aggregate_2,2020,1082.736
ita,sex_m,geo_cov_rur,mts_aggregate_total,1992,1518.182
ita,sex_m,geo_cov_rur,mts_aggregate_total,1993,1537.821
ita,sex_m,geo_cov_rur,mts_aggregate_total,1994,1547.39
ita,sex_m,geo_cov_rur,mts_aggregate_total,1995,1572.121
ita,sex_m,geo_cov_rur,mts_aggregate_total,1996,1598.719
ita,sex_m,geo_cov_rur,mts_aggregate_total,1997,1626.562
ita,sex_m,geo_cov_rur,mts_aggregate_total,1998,1612.269
ita,sex_m,geo_cov_rur,mts_aggregate_total,1999,1587.178
ita,sex_m,geo_cov_rur,mts_aggregate_total,2000,1257.398
ita,sex_m,geo_cov_rur,mts_aggregate_total,2001,1246.221
ita,sex_m,geo_cov_rur,mts_aggregate_total,2002,1261.857
ita,sex_m,geo_cov_rur,mts_aggregate_total,2003,1257.36
ita,sex_m,geo_cov_rur,mts_aggregate_total,2004,1615.13
ita,sex_m,geo_cov_rur,mts_aggregate_total,2005,1532.734
ita,sex_m,geo_cov_rur,mts_aggregate_total,2006,1525.29
ita,sex_m,geo_cov_rur,mts_aggregate_total,2007,1505.249
ita,sex_m,geo_cov_rur,mts_aggregate_total,2008,1486.173
ita,sex_m,geo_cov_rur,mts_aggregate_total,2009,1556.817
ita,sex_m,geo_cov_rur,mts_aggregate_total,2010,1589.318
ita,sex_m,geo_cov_rur,mts_aggregate_total,2011,1425.428
ita,sex_m,geo_cov_rur,mts_aggregate_total,2012,2474.073
ita,sex_m,geo_cov_rur,mts_aggregate_total,2013,2523.594
ita,sex_m,geo_cov_rur,mts_aggregate_total,2014,2525.836
ita,sex_m,geo_cov_rur,mts_aggregate_total,2015,2533.65
ita,sex_m,geo_cov_rur,mts_aggregate_total,2016,2497.961
ita,sex_m,geo_cov_rur,mts_aggregate_total,2017,2505.02
ita,sex_m,geo_cov_rur,mts_aggregate_total,2018,2540.445
ita,sex_m,geo_cov_rur,mts_aggregate_total,2019,2559.006
ita,sex_m,geo_cov_rur,mts_aggregate_total,2020,2014.367
ita,sex_m,geo_cov_urb,mts_aggregate_1,1992,3013.127
ita,sex_m,geo_cov_urb,mts_aggregate_1,1993,3023.859
ita,sex_m,geo_cov_urb,mts_aggregate_1,1994,3144.353
ita,sex_m,geo_cov_urb,mts_aggregate_1,1995,3137.852
ita,sex_m,geo_cov_urb,mts_aggregate_1,1996,3162.054
ita,sex_m,geo_cov_urb,mts_aggregate_1,1997,3145.038
ita,sex_m,geo_cov_urb,mts_aggregate_1,1998,3069.814
ita,sex_m,geo_cov_urb,mts_aggregate_1,1999,3091.936
ita,sex_m,geo_cov_urb,mts_aggregate_1,2000,3264.601
ita,sex_m,geo_cov_urb,mts_aggregate_1,2001,3331.579
ita,sex_m,geo_cov_urb,mts_aggregate_1,2002,3297.343
ita,sex_m,geo_cov_urb,mts_aggregate_1,2003,3292.664
ita,sex_m,geo_cov_urb,mts_aggregate_1,2004,3060.007
ita,sex_m,geo_cov_urb,mts_aggregate_1,2005,3314.036
ita,sex_m,geo_cov_urb,mts_aggregate_1,2006,3380.32
ita,sex_m,geo_cov_urb,mts_aggregate_1,2007,3462.881
ita,sex_m,geo_cov_urb,mts_aggregate_1,2008,3508.744
ita,sex_m,geo_cov_urb,mts_aggregate_1,2009,3646.19
ita,sex_m,geo_cov_urb,mts_aggregate_1,2010,3728.514
ita,sex_m,geo_cov_urb,mts_aggregate_1,2011,3885.689
ita,sex_m,geo_cov_urb,mts_aggregate_1,2012,3431.965
ita,sex_m,geo_cov_urb,mts_aggregate_1,2013,3669.536
ita,sex_m,geo_cov_urb,mts_aggregate_1,2014,3700.22
ita,sex_m,geo_cov_urb,mts_aggregate_1,2015,3645.226
ita,sex_m,geo_cov_urb,mts_aggregate_1,2016,3592.19
ita,sex_m,geo_cov_urb,mts_aggregate_1,2017,3597.276
ita,sex_m,geo_cov_urb,mts_aggregate_1,2018,3618.013
ita,sex_m,geo_cov_urb,mts_aggregate_1,2019,3658.029
ita,sex_m,geo_cov_urb,mts_aggregate_1,2020,4111.208
ita,sex_m,geo_cov_urb,mts_aggregate_2,1992,3413.42
ita,sex_m,geo_cov_urb,mts_aggregate_2,1993,3523.361
ita,sex_m,geo_cov_urb,mts_aggregate_2,1994,3704.54
ita,sex_m,geo_cov_urb,mts_aggregate_2,1995,3921.763
ita,sex_m,geo_cov_urb,mts_aggregate_2,1996,3953.541
ita,sex_m,geo_cov_urb,mts_aggregate_2,1997,4024.213
ita,sex_m,geo_cov_urb,mts_aggregate_2,1998,4146.721
ita,sex_m,geo_cov_urb,mts_aggregate_2,1999,4214.172
ita,sex_m,geo_cov_urb,mts_aggregate_2,2000,4446.58
ita,sex_m,geo_cov_urb,mts_aggregate_2,2001,4493.003
ita,sex_m,geo_cov_urb,mts_aggregate_2,2002,4471.138
ita,sex_m,geo_cov_urb,mts_aggregate_2,2003,4391.468
ita,sex_m,geo_cov_urb,mts_aggregate_2,2004,4259.644
ita,sex_m,geo_cov_urb,mts_aggregate_2,2005,4389.61
ita,sex_m,geo_cov_urb,mts_aggregate_2,2006,4454.692
ita,sex_m,geo_cov_urb,mts_aggregate_2,2007,4535.116
ita,sex_m,geo_cov_urb,mts_aggregate_2,2008,4596.505
ita,sex_m,geo_cov_urb,mts_aggregate_2,2009,4648.915
ita,sex_m,geo_cov_urb,mts_aggregate_2,2010,4695.187
ita,sex_m,geo_cov_urb,mts_aggregate_2,2011,4831.045
ita,sex_m,geo_cov_urb,mts_aggregate_2,2012,4157.914
ita,sex_m,geo_cov_urb,mts_aggregate_2,2013,4093.363
ita,sex_m,geo_cov_urb,mts_aggregate_2,2014,4105.661
ita,sex_m,geo_cov_urb,mts_aggregate_2,2015,4124.434
ita,sex_m,geo_cov_urb,mts_aggregate_2,2016,4123.02
ita,sex_m,geo_cov_urb,mts_aggregate_2,2017,4088.95
ita,sex_m,geo_cov_urb,mts_aggregate_2,2018,4029.152
ita,sex_m,geo_cov_urb,mts_aggregate_2,2019,4024.673
ita,sex_m,geo_cov_urb,mts_aggregate_2,2020,4458.847
ita,sex_m,geo_cov_urb,mts_aggregate_total,1992,6426.547
ita,sex_m,geo_cov_urb,mts_aggregate_total,1993,6547.22
ita,sex_m,geo_cov_urb,mts_aggregate_total,1994,6848.893
ita,sex_m,geo_cov_urb,mts_aggregate_total,1995,7059.615
ita,sex_m,geo_cov_urb,mts_aggregate_total,1996,7115.595
ita,sex_m,geo_cov_urb,mts_aggregate_total,1997,7169.25
ita,sex_m,geo_cov_urb,mts_aggregate_total,1998,7216.536
ita,sex_m,geo_cov_urb,mts_aggregate_total,1999,7306.108
ita,sex_m,geo_cov_urb,mts_aggregate_total,2000,7711.181
ita,sex_m,geo_cov_urb,mts_aggregate_total,2001,7824.582
ita,sex_m,geo_cov_urb,mts_aggregate_total,2002,7768.482
ita,sex_m,geo_cov_urb,mts_aggregate_total,2003,7684.132
ita,sex_m,geo_cov_urb,mts_aggregate_total,2004,7319.652
ita,sex_m,geo_cov_urb,mts_aggregate_total,2005,7703.645
ita,sex_m,geo_cov_urb,mts_aggregate_total,2006,7835.012
ita,sex_m,geo_cov_urb,mts_aggregate_total,2007,7997.997
ita,sex_m,geo_cov_urb,mts_aggregate_total,2008,8105.249
ita,sex_m,geo_cov_urb,mts_aggregate_total,2009,8295.106
ita,sex_m,geo_cov_urb,mts_aggregate_total,2010,8423.701
ita,sex_m,geo_cov_urb,mts_aggregate_total,2011,8716.734
ita,sex_m,geo_cov_urb,mts_aggregate_total,2012,7589.879
ita,sex_m,geo_cov_urb,mts_aggregate_total,2013,7762.899
ita,sex_m,geo_cov_urb,mts_aggregate_total,2014,7805.881
ita,sex_m,geo_cov_urb,mts_aggregate_total,2015,7769.661
ita,sex_m,geo_cov_urb,mts_aggregate_total,2016,7715.21
ita,sex_m,geo_cov_urb,mts_aggregate_total,2017,7686.226
ita,sex_m,geo_cov_urb,mts_aggregate_total,2018,7647.166
ita,sex_m,geo_cov_urb,mts_aggregate_total,2019,7682.703
ita,sex_m,geo_cov_urb,mts_aggregate_total,2020,8570.055
ita,sex_t,geo_cov_nat,mts_aggregate_1,1992,10752.19
ita,sex_t,geo_cov_nat,mts_aggregate_1,1993,10833.31
ita,sex_t,geo_cov_nat,mts_aggregate_1,1994,11059.164
ita,sex_t,geo_cov_nat,mts_aggregate_1,1995,11183.346
ita,sex_t,geo_cov_nat,mts_aggregate_1,1996,11174.225
ita,sex_t,geo_cov_nat,mts_aggregate_1,1997,11207.435
ita,sex_t,geo_cov_nat,mts_aggregate_1,1998,11091.181
ita,sex_t,geo_cov_nat,mts_aggregate_1,1999,11036.135
ita,sex_t,geo_cov_nat,mts_aggregate_1,2000,11004.774
ita,sex_t,geo_cov_nat,mts_aggregate_1,2001,11206.191
ita,sex_t,geo_cov_nat,mts_aggregate_1,2002,11215.676
ita,sex_t,geo_cov_nat,mts_aggregate_1,2003,11074.305
ita,sex_t,geo_cov_nat,mts_aggregate_1,2004,11018.671
ita,sex_t,geo_cov_nat,mts_aggregate_1,2005,11464.922
ita,sex_t,geo_cov_nat,mts_aggregate_1,2006,11595.474
ita,sex_t,geo_cov_nat,mts_aggregate_1,2007,11745.713
ita,sex_t,geo_cov_nat,mts_aggregate_1,2008,11797.357
ita,sex_t,geo_cov_nat,mts_aggregate_1,2009,12115.509
ita,sex_t,geo_cov_nat,mts_aggregate_1,2010,12315.295
ita,sex_t,geo_cov_nat,mts_aggregate_1,2011,12467.431
ita,sex_t,geo_cov_nat,mts_aggregate_1,2012,12475.253
ita,sex_t,geo_cov_nat,mts_aggregate_1,2013,12947.411
ita,sex_t,geo_cov_nat,mts_aggregate_1,2014,12926.827
ita,sex_t,geo_cov_nat,mts_aggregate_1,2015,12918.745
ita,sex_t,geo_cov_nat,mts_aggregate_1,2016,12740.846
ita,sex_t,geo_cov_nat,mts_aggregate_1,2017,12722.727
ita,sex_t,geo_cov_nat,mts_aggregate_1,2018,12753.16
ita,sex_t,geo_cov_nat,mts_aggregate_1,2019,12843.967
ita,sex_t,geo_cov_nat,mts_aggregate_1,2020,13312.883
ita,sex_t,geo_cov_nat,mts_aggregate_2,1992,13394.238
ita,sex_t,geo_cov_nat,mts_aggregate_2,1993,13627.884
ita,sex_t,geo_cov_nat,mts_aggregate_2,1994,13830.106
ita,sex_t,geo_cov_nat,mts_aggregate_2,1995,14021.373
ita,sex_t,geo_cov_nat,mts_aggregate_2,1996,14084.315
ita,sex_t,geo_cov_nat,mts_aggregate_2,1997,14147.311
ita,sex_t,geo_cov_nat,mts_aggregate_2,1998,14226.281
ita,sex_t,geo_cov_nat,mts_aggregate_2,1999,14196.714
ita,sex_t,geo_cov_nat,mts_aggregate_2,2000,14279.411
ita,sex_t,geo_cov_nat,mts_aggregate_2,2001,14094.442
ita,sex_t,geo_cov_nat,mts_aggregate_2,2002,13947.09
ita,sex_t,geo_cov_nat,mts_aggregate_2,2003,13854.797
ita,sex_t,geo_cov_nat,mts_aggregate_2,2004,13617.962
ita,sex_t,geo_cov_nat,mts_aggregate_2,2005,13698.9
ita,sex_t,geo_cov_nat,mts_aggregate_2,2006,13734.743
ita,sex_t,geo_cov_nat,mts_aggregate_2,2007,13877.052
ita,sex_t,geo_cov_nat,mts_aggregate_2,2008,13863.181
ita,sex_t,geo_cov_nat,mts_aggregate_2,2009,14035.439
ita,sex_t,geo_cov_nat,mts_aggregate_2,2010,14097.768
ita,sex_t,geo_cov_nat,mts_aggregate_2,2011,14094.092
ita,sex_t,geo_cov_nat,mts_aggregate_2,2012,13725.028
ita,sex_t,geo_cov_nat,mts_aggregate_2,2013,13561.25
ita,sex_t,geo_cov_nat,mts_aggregate_2,2014,13567.351
ita,sex_t,geo_cov_nat,mts_aggregate_2,2015,13653.467
ita,sex_t,geo_cov_nat,mts_aggregate_2,2016,13547.724
ita,sex_t,geo_cov_nat,mts_aggregate_2,2017,13399.951
ita,sex_t,geo_cov_nat,mts_aggregate_2,2018,13303.642
ita,sex_t,geo_cov_nat,mts_aggregate_2,2019,13208.059
ita,sex_t,geo_cov_nat,mts_aggregate_2,2020,13450.114
ita,sex_t,geo_cov_nat,mts_aggregate_total,1992,24146.428
ita,sex_t,geo_cov_nat,mts_aggregate_total,1993,24461.194
ita,sex_t,geo_cov_nat,mts_aggregate_total,1994,24889.27
ita,sex_t,geo_cov_nat,mts_aggregate_total,1995,25204.718
ita,sex_t,geo_cov_nat,mts_aggregate_total,1996,25258.539
ita,sex_t,geo_cov_nat,mts_aggregate_total,1997,25354.746
ita,sex_t,geo_cov_nat,mts_aggregate_total,1998,25317.461
ita,sex_t,geo_cov_nat,mts_aggregate_total,1999,25232.849
ita,sex_t,geo_cov_nat,mts_aggregate_total,2000,25284.185
ita,sex_t,geo_cov_nat,mts_aggregate_total,2001,25300.633
ita,sex_t,geo_cov_nat,mts_aggregate_total,2002,25162.766
ita,sex_t,geo_cov_nat,mts_aggregate_total,2003,24929.102
ita,sex_t,geo_cov_nat,mts_aggregate_total,2004,24636.633
ita,sex_t,geo_cov_nat,mts_aggregate_total,2005,25163.822
ita,sex_t,geo_cov_nat,mts_aggregate_total,2006,25330.218
ita,sex_t,geo_cov_nat,mts_aggregate_total,2007,25622.765
ita,sex_t,geo_cov_nat,mts_aggregate_total,2008,25660.538
ita,sex_t,geo_cov_nat,mts_aggregate_total,2009,26150.948
ita,sex_t,geo_cov_nat,mts_aggregate_total,2010,26413.215
ita,sex_t,geo_cov_nat,mts_aggregate_total,2011,26561.523
ita,sex_t,geo_cov_nat,mts_aggregate_total,2012,26200.282
ita,sex_t,geo_cov_nat,mts_aggregate_total,2013,26508.661
ita,sex_t,geo_cov_nat,mts_aggregate_total,2014,26494.178
ita,sex_t,geo_cov_nat,mts_aggregate_total,2015,26572.211
ita,sex_t,geo_cov_nat,mts_aggregate_total,2016,26288.57
ita,sex_t,geo_cov_nat,mts_aggregate_total,2017,26122.678
ita,sex_t,geo_cov_nat,mts_aggregate_total,2018,26056.802
ita,sex_t,geo_cov_nat,mts_aggregate_total,2019,26052.027
ita,sex_t,geo_cov_nat,mts_aggregate_total,2020,26762.997
ita,sex_t,geo_cov_rur,mts_aggregate_1,1992,1945.88
ita,sex_t,geo_cov_rur,mts_aggregate_1,1993,1952.947
ita,sex_t,geo_cov_rur,mts_aggregate_1,1994,1964.558
ita,sex_t,geo_cov_rur,mts_aggregate_1,1995,2022.382
ita,sex_t,geo_cov_rur,mts_aggregate_1,1996,2043.447
ita,sex_t,geo_cov_rur,mts_aggregate_1,1997,2064.483
ita,sex_t,geo_cov_rur,mts_aggregate_1,1998,1979.651
ita,sex_t,geo_cov_rur,mts_aggregate_1,1999,1986.468
ita,sex_t,geo_cov_rur,mts_aggregate_1,2000,1534.626
ita,sex_t,geo_cov_rur,mts_aggregate_1,2001,1493.365
ita,sex_t,geo_cov_rur,mts_aggregate_1,2002,1573.354
ita,sex_t,geo_cov_rur,mts_aggregate_1,2003,1555.602
ita,sex_t,geo_cov_rur,mts_aggregate_1,2004,2008.696
ita,sex_t,geo_cov_rur,mts_aggregate_1,2005,1880.592
ita,sex_t,geo_cov_rur,mts_aggregate_1,2006,1872.252
ita,sex_t,geo_cov_rur,mts_aggregate_1,2007,1855.272
ita,sex_t,geo_cov_rur,mts_aggregate_1,2008,1844.869
ita,sex_t,geo_cov_rur,mts_aggregate_1,2009,1904.534
ita,sex_t,geo_cov_rur,mts_aggregate_1,2010,1938.891
ita,sex_t,geo_cov_rur,mts_aggregate_1,2011,1714.952
ita,sex_t,geo_cov_rur,mts_aggregate_1,2012,3003.23
ita,sex_t,geo_cov_rur,mts_aggregate_1,2013,3100.927
ita,sex_t,geo_cov_rur,mts_aggregate_1,2014,3075.78
ita,sex_t,geo_cov_rur,mts_aggregate_1,2015,3095.008
ita,sex_t,geo_cov_rur,mts_aggregate_1,2016,3027.97
ita,sex_t,geo_cov_rur,mts_aggregate_1,2017,3045.245
ita,sex_t,geo_cov_rur,mts_aggregate_1,2018,3085.568
ita,sex_t,geo_cov_rur,mts_aggregate_1,2019,3099.733
ita,sex_t,geo_cov_rur,mts_aggregate_1,2020,2420.784
ita,sex_t,geo_cov_rur,mts_aggregate_2,1992,2469.049
ita,sex_t,geo_cov_rur,mts_aggregate_2,1993,2501.213
ita,sex_t,geo_cov_rur,mts_aggregate_2,1994,2497.121
ita,sex_t,geo_cov_rur,mts_aggregate_2,1995,2472.288
ita,sex_t,geo_cov_rur,mts_aggregate_2,1996,2509.646
ita,sex_t,geo_cov_rur,mts_aggregate_2,1997,2526.753
ita,sex_t,geo_cov_rur,mts_aggregate_2,1998,2480.658
ita,sex_t,geo_cov_rur,mts_aggregate_2,1999,2435.031
ita,sex_t,geo_cov_rur,mts_aggregate_2,2000,1915.682
ita,sex_t,geo_cov_rur,mts_aggregate_2,2001,1884.416
ita,sex_t,geo_cov_rur,mts_aggregate_2,2002,1863.309
ita,sex_t,geo_cov_rur,mts_aggregate_2,2003,1908.442
ita,sex_t,geo_cov_rur,mts_aggregate_2,2004,2425.764
ita,sex_t,geo_cov_rur,mts_aggregate_2,2005,2225.77
ita,sex_t,geo_cov_rur,mts_aggregate_2,2006,2189.98
ita,sex_t,geo_cov_rur,mts_aggregate_2,2007,2130.201
ita,sex_t,geo_cov_rur,mts_aggregate_2,2008,2105.936
ita,sex_t,geo_cov_rur,mts_aggregate_2,2009,2182.489
ita,sex_t,geo_cov_rur,mts_aggregate_2,2010,2185.219
ita,sex_t,geo_cov_rur,mts_aggregate_2,2011,1928.957
ita,sex_t,geo_cov_rur,mts_aggregate_2,2012,3417.653
ita,sex_t,geo_cov_rur,mts_aggregate_2,2013,3380.278
ita,sex_t,geo_cov_rur,mts_aggregate_2,2014,3379.603
ita,sex_t,geo_cov_rur,mts_aggregate_2,2015,3415.874
ita,sex_t,geo_cov_rur,mts_aggregate_2,2016,3365.235
ita,sex_t,geo_cov_rur,mts_aggregate_2,2017,3325.611
ita,sex_t,geo_cov_rur,mts_aggregate_2,2018,3335.251
ita,sex_t,geo_cov_rur,mts_aggregate_2,2019,3336.053
ita,sex_t,geo_cov_rur,mts_aggregate_2,2020,2580.74
ita,sex_t,geo_cov_rur,mts_aggregate_total,1992,4414.929
ita,sex_t,geo_cov_rur,mts_aggregate_total,1993,4454.159
ita,sex_t,geo_cov_rur,mts_aggregate_total,1994,4461.68
ita,sex_t,geo_cov_rur,mts_aggregate_total,1995,4494.67
ita,sex_t,geo_cov_rur,mts_aggregate_total,1996,4553.093
ita,sex_t,geo_cov_rur,mts_aggregate_total,1997,4591.236
ita,sex_t,geo_cov_rur,mts_aggregate_total,1998,4460.309
ita,sex_t,geo_cov_rur,mts_aggregate_total,1999,4421.499
ita,sex_t,geo_cov_rur,mts_aggregate_total,2000,3450.307
ita,sex_t,geo_cov_rur,mts_aggregate_total,2001,3377.78
ita,sex_t,geo_cov_rur,mts_aggregate_total,2002,3436.664
ita,sex_t,geo_cov_rur,mts_aggregate_total,2003,3464.045
ita,sex_t,geo_cov_rur,mts_aggregate_total,2004,4434.46
ita,sex_t,geo_cov_rur,mts_aggregate_total,2005,4106.362
ita,sex_t,geo_cov_rur,mts_aggregate_total,2006,4062.232
ita,sex_t,geo_cov_rur,mts_aggregate_total,2007,3985.474
ita,sex_t,geo_cov_rur,mts_aggregate_total,2008,3950.804
ita,sex_t,geo_cov_rur,mts_aggregate_total,2009,4087.023
ita,sex_t,geo_cov_rur,mts_aggregate_total,2010,4124.11
ita,sex_t,geo_cov_rur,mts_aggregate_total,2011,3643.909
ita,sex_t,geo_cov_rur,mts_aggregate_total,2012,6420.883
ita,sex_t,geo_cov_rur,mts_aggregate_total,2013,6481.205
ita,sex_t,geo_cov_rur,mts_aggregate_total,2014,6455.384
ita,sex_t,geo_cov_rur,mts_aggregate_total,2015,6510.882
ita,sex_t,geo_cov_rur,mts_aggregate_total,2016,6393.206
ita,sex_t,geo_cov_rur,mts_aggregate_total,2017,6370.856
ita,sex_t,geo_cov_rur,mts_aggregate_total,2018,6420.819
ita,sex_t,geo_cov_rur,mts_aggregate_total,2019,6435.786
ita,sex_t,geo_cov_rur,mts_aggregate_total,2020,5001.524
ita,sex_t,geo_cov_urb,mts_aggregate_1,1992,8806.31
ita,sex_t,geo_cov_urb,mts_aggregate_1,1993,8880.363
ita,sex_t,geo_cov_urb,mts_aggregate_1,1994,9094.606
ita,sex_t,geo_cov_urb,mts_aggregate_1,1995,9160.964
ita,sex_t,geo_cov_urb,mts_aggregate_1,1996,9130.777
ita,sex_t,geo_cov_urb,mts_aggregate_1,1997,9142.952
ita,sex_t,geo_cov_urb,mts_aggregate_1,1998,9111.529
ita,sex_t,geo_cov_urb,mts_aggregate_1,1999,9049.667
ita,sex_t,geo_cov_urb,mts_aggregate_1,2000,9470.148
ita,sex_t,geo_cov_urb,mts_aggregate_1,2001,9712.826
ita,sex_t,geo_cov_urb,mts_aggregate_1,2002,9642.322
ita,sex_t,geo_cov_urb,mts_aggregate_1,2003,9518.703
ita,sex_t,geo_cov_urb,mts_aggregate_1,2004,9009.975
ita,sex_t,geo_cov_urb,mts_aggregate_1,2005,9584.33
ita,sex_t,geo_cov_urb,mts_aggregate_1,2006,9723.223
ita,sex_t,geo_cov_urb,mts_aggregate_1,2007,9890.441
ita,sex_t,geo_cov_urb,mts_aggregate_1,2008,9952.488
ita,sex_t,geo_cov_urb,mts_aggregate_1,2009,10210.975
ita,sex_t,geo_cov_urb,mts_aggregate_1,2010,10376.404
ita,sex_t,geo_cov_urb,mts_aggregate_1,2011,10752.479
ita,sex_t,geo_cov_urb,mts_aggregate_1,2012,9472.023
ita,sex_t,geo_cov_urb,mts_aggregate_1,2013,9846.483
ita,sex_t,geo_cov_urb,mts_aggregate_1,2014,9851.047
ita,sex_t,geo_cov_urb,mts_aggregate_1,2015,9823.737
ita,sex_t,geo_cov_urb,mts_aggregate_1,2016,9712.876
ita,sex_t,geo_cov_urb,mts_aggregate_1,2017,9677.483
ita,sex_t,geo_cov_urb,mts_aggregate_1,2018,9667.592
ita,sex_t,geo_cov_urb,mts_aggregate_1,2019,9744.235
ita,sex_t,geo_cov_urb,mts_aggregate_1,2020,10892.099
ita,sex_t,geo_cov_urb,mts_aggregate_2,1992,10925.189
ita,sex_t,geo_cov_urb,mts_aggregate_2,1993,11126.672
ita,sex_t,geo_cov_urb,mts_aggregate_2,1994,11332.985
ita,sex_t,geo_cov_urb,mts_aggregate_2,1995,11549.085
ita,sex_t,geo_cov_urb,mts_aggregate_2,1996,11574.669
ita,sex_t,geo_cov_urb,mts_aggregate_2,1997,11620.558
ita,sex_t,geo_cov_urb,mts_aggregate_2,1998,11745.623
ita,sex_t,geo_cov_urb,mts_aggregate_2,1999,11761.684
ita,sex_t,geo_cov_urb,mts_aggregate_2,2000,12363.73
ita,sex_t,geo_cov_urb,mts_aggregate_2,2001,12210.027
ita,sex_t,geo_cov_urb,mts_aggregate_2,2002,12083.781
ita,sex_t,geo_cov_urb,mts_aggregate_2,2003,11946.355
ita,sex_t,geo_cov_urb,mts_aggregate_2,2004,11192.198
ita,sex_t,geo_cov_urb,mts_aggregate_2,2005,11473.131
ita,sex_t,geo_cov_urb,mts_aggregate_2,2006,11544.763
ita,sex_t,geo_cov_urb,mts_aggregate_2,2007,11746.85
ita,sex_t,geo_cov_urb,mts_aggregate_2,2008,11757.246
ita,sex_t,geo_cov_urb,mts_aggregate_2,2009,11852.95
ita,sex_t,geo_cov_urb,mts_aggregate_2,2010,11912.549
ita,sex_t,geo_cov_urb,mts_aggregate_2,2011,12165.135
ita,sex_t,geo_cov_urb,mts_aggregate_2,2012,10307.375
ita,sex_t,geo_cov_urb,mts_aggregate_2,2013,10180.973
ita,sex_t,geo_cov_urb,mts_aggregate_2,2014,10187.748
ita,sex_t,geo_cov_urb,mts_aggregate_2,2015,10237.593
ita,sex_t,geo_cov_urb,mts_aggregate_2,2016,10182.489
ita,sex_t,geo_cov_urb,mts_aggregate_2,2017,10074.339
ita,sex_t,geo_cov_urb,mts_aggregate_2,2018,9968.391
ita,sex_t,geo_cov_urb,mts_aggregate_2,2019,9872.006
ita,sex_t,geo_cov_urb,mts_aggregate_2,2020,10869.375
ita,sex_t,geo_cov_urb,mts_aggregate_total,1992,19731.499
ita,sex_t,geo_cov_urb,mts_aggregate_total,1993,20007.035
ita,sex_t,geo_cov_urb,mts_aggregate_total,1994,20427.591
ita,sex_t,geo_cov_urb,mts_aggregate_total,1995,20710.049
ita,sex_t,geo_cov_urb,mts_aggregate_total,1996,20705.446
ita,sex_t,geo_cov_urb,mts_aggregate_total,1997,20763.51
ita,sex_t,geo_cov_urb,mts_aggregate_total,1998,20857.152
ita,sex_t,geo_cov_urb,mts_aggregate_total,1999,20811.35
ita,sex_t,geo_cov_urb,mts_aggregate_total,2000,21833.878
ita,sex_t,geo_cov_urb,mts_aggregate_total,2001,21922.853
ita,sex_t,geo_cov_urb,mts_aggregate_total,2002,21726.103
ita,sex_t,geo_cov_urb,mts_aggregate_total,2003,21465.058
ita,sex_t,geo_cov_urb,mts_aggregate_total,2004,20202.173
ita,sex_t,geo_cov_urb,mts_aggregate_total,2005,21057.46
ita,sex_t,geo_cov_urb,mts_aggregate_total,2006,21267.986
ita,sex_t,geo_cov_urb,mts_aggregate_total,2007,21637.291
ita,sex_t,geo_cov_urb,mts_aggregate_total,2008,21709.734
ita,sex_t,geo_cov_urb,mts_aggregate_total,2009,22063.925
ita,sex_t,geo_cov_urb,mts_aggregate_total,2010,22289.105
ita,sex_t,geo_cov_urb,mts_aggregate_total,2011,22917.614
ita,sex_t,geo_cov_urb,mts_aggregate_total,2012,19779.398
ita,sex_t,geo_cov_urb,mts_aggregate_total,2013,20027.456
ita,sex_t,geo_cov_urb,mts_aggregate_total,2014,20038.795
ita,sex_t,geo_cov_urb,mts_aggregate_total,2015,20061.329
ita,sex_t,geo_cov_urb,mts_aggregate_total,2016,19895.365
ita,sex_t,geo_cov_urb,mts_aggregate_total,2017,19751.822
ita,sex_t,geo_cov_urb,mts_aggregate_total,2018,19635.983
ita,sex_t,geo_cov_urb,mts_aggregate_total,2019,19616.241
ita,sex_t,geo_cov_urb,mts_aggregate_total,2020,21761.474
jor,sex_f,geo_cov_nat,mts_aggregate_1,2017,1053.412
jor,sex_f,geo_cov_nat,mts_aggregate_1,2018,1093.532
jor,sex_f,geo_cov_nat,mts_aggregate_1,2019,1137.442
jor,sex_f,geo_cov_nat,mts_aggregate_1,2020,1207.541
jor,sex_f,geo_cov_nat,mts_aggregate_2,2017,1571.725
jor,sex_f,geo_cov_nat,mts_aggregate_2,2018,1620.287
jor,sex_f,geo_cov_nat,mts_aggregate_2,2019,1657.874
jor,sex_f,geo_cov_nat,mts_aggregate_2,2020,1689.812
jor,sex_f,geo_cov_nat,mts_aggregate_total,2017,2625.138
jor,sex_f,geo_cov_nat,mts_aggregate_total,2018,2713.819
jor,sex_f,geo_cov_nat,mts_aggregate_total,2019,2795.316
jor,sex_f,geo_cov_nat,mts_aggregate_total,2020,2897.353
jor,sex_f,geo_cov_nat,mts_details_mrd,2017,1571.725
jor,sex_f,geo_cov_nat,mts_details_mrd,2018,1620.287
jor,sex_f,geo_cov_nat,mts_details_mrd,2019,1657.874
jor,sex_f,geo_cov_nat,mts_details_mrd,2020,1689.812
jor,sex_f,geo_cov_nat,mts_details_sep,2017,36.522
jor,sex_f,geo_cov_nat,mts_details_sep,2018,37.197
jor,sex_f,geo_cov_nat,mts_details_sep,2019,38.559
jor,sex_f,geo_cov_nat,mts_details_sep,2020,42.958
jor,sex_f,geo_cov_nat,mts_details_sgle,2017,781.78
jor,sex_f,geo_cov_nat,mts_details_sgle,2018,816.819
jor,sex_f,geo_cov_nat,mts_details_sgle,2019,841.839
jor,sex_f,geo_cov_nat,mts_details_sgle,2020,867.396
jor,sex_f,geo_cov_nat,mts_details_total,2017,2625.138
jor,sex_f,geo_cov_nat,mts_details_total,2018,2713.819
jor,sex_f,geo_cov_nat,mts_details_total,2019,2795.316
jor,sex_f,geo_cov_nat,mts_details_total,2020,2897.353
jor,sex_f,geo_cov_nat,mts_details_wid,2017,235.11
jor,sex_f,geo_cov_nat,mts_details_wid,2018,239.515
jor,sex_f,geo_cov_nat,mts_details_wid,2019,257.044
jor,sex_f,geo_cov_nat,mts_details_wid,2020,297.187
jor,sex_f,geo_cov_rur,mts_aggregate_1,2017,91.726
jor,sex_f,geo_cov_rur,mts_aggregate_1,2018,96.743
jor,sex_f,geo_cov_rur,mts_aggregate_1,2019,101.934
jor,sex_f,geo_cov_rur,mts_aggregate_1,2020,108.486
jor,sex_f,geo_cov_rur,mts_aggregate_2,2017,126.379
jor,sex_f,geo_cov_rur,mts_aggregate_2,2018,135.829
jor,sex_f,geo_cov_rur,mts_aggregate_2,2019,139.583
jor,sex_f,geo_cov_rur,mts_aggregate_2,2020,146.192
jor,sex_f,geo_cov_rur,mts_aggregate_total,2017,218.105
jor,sex_f,geo_cov_rur,mts_aggregate_total,2018,232.572
jor,sex_f,geo_cov_rur,mts_aggregate_total,2019,241.517
jor,sex_f,geo_cov_rur,mts_aggregate_total,2020,254.677
jor,sex_f,geo_cov_rur,mts_details_mrd,2017,126.379
jor,sex_f,geo_cov_rur,mts_details_mrd,2018,135.829
jor,sex_f,geo_cov_rur,mts_details_mrd,2019,139.583
jor,sex_f,geo_cov_rur,mts_details_mrd,2020,146.192
jor,sex_f,geo_cov_rur,mts_details_sep,2017,2.594
jor,sex_f,geo_cov_rur,mts_details_sep,2018,2.317
jor,sex_f,geo_cov_rur,mts_details_sep,2019,2.822
jor,sex_f,geo_cov_rur,mts_details_sep,2020,2.5
jor,sex_f,geo_cov_rur,mts_details_sgle,2017,71.818
jor,sex_f,geo_cov_rur,mts_details_sgle,2018,77.054
jor,sex_f,geo_cov_rur,mts_details_sgle,2019,80.363
jor,sex_f,geo_cov_rur,mts_details_sgle,2020,83.972
jor,sex_f,geo_cov_rur,mts_details_total,2017,218.105
jor,sex_f,geo_cov_rur,mts_details_total,2018,232.572
jor,sex_f,geo_cov_rur,mts_details_total,2019,241.517
jor,sex_f,geo_cov_rur,mts_details_total,2020,254.677
jor,sex_f,geo_cov_rur,mts_details_wid,2017,17.314
jor,sex_f,geo_cov_rur,mts_details_wid,2018,17.372
jor,sex_f,geo_cov_rur,mts_details_wid,2019,18.748
jor,sex_f,geo_cov_rur,mts_details_wid,2020,22.014
jor,sex_f,geo_cov_urb,mts_aggregate_1,2017,961.686
jor,sex_f,geo_cov_urb,mts_aggregate_1,2018,996.789
jor,sex_f,geo_cov_urb,mts_aggregate_1,2019,1035.508
jor,sex_f,geo_cov_urb,mts_aggregate_1,2020,1099.056
jor,sex_f,geo_cov_urb,mts_aggregate_2,2017,1445.346
jor,sex_f,geo_cov_urb,mts_aggregate_2,2018,1484.459
jor,sex_f,geo_cov_urb,mts_aggregate_2,2019,1518.291
jor,sex_f,geo_cov_urb,mts_aggregate_2,2020,1543.62
jor,sex_f,geo_cov_urb,mts_aggregate_total,2017,2407.033
jor,sex_f,geo_cov_urb,mts_aggregate_total,2018,2481.248
jor,sex_f,geo_cov_urb,mts_aggregate_total,2019,2553.799
jor,sex_f,geo_cov_urb,mts_aggregate_total,2020,2642.675
jor,sex_f,geo_cov_urb,mts_details_mrd,2017,1445.346
jor,sex_f,geo_cov_urb,mts_details_mrd,2018,1484.459
jor,sex_f,geo_cov_urb,mts_details_mrd,2019,1518.291
jor,sex_f,geo_cov_urb,mts_details_mrd,2020,1543.62
jor,sex_f,geo_cov_urb,mts_details_sep,2017,33.928
jor,sex_f,geo_cov_urb,mts_details_sep,2018,34.881
jor,sex_f,geo_cov_urb,mts_details_sep,2019,35.737
jor,sex_f,geo_cov_urb,mts_details_sep,2020,40.458
jor,sex_f,geo_cov_urb,mts_details_sgle,2017,709.962
jor,sex_f,geo_cov_urb,mts_details_sgle,2018,739.765
jor,sex_f,geo_cov_urb,mts_details_sgle,2019,761.476
jor,sex_f,geo_cov_urb,mts_details_sgle,2020,783.425
jor,sex_f,geo_cov_urb,mts_details_total,2017,2407.033
jor,sex_f,geo_cov_urb,mts_details_total,2018,2481.248
jor,sex_f,geo_cov_urb,mts_details_total,2019,2553.799
jor,sex_f,geo_cov_urb,mts_details_total,2020,2642.675
jor,sex_f,geo_cov_urb,mts_details_wid,2017,217.796
jor,sex_f,geo_cov_urb,mts_details_wid,2018,222.143
jor,sex_f,geo_cov_urb,mts_details_wid,2019,238.295
jor,sex_f,geo_cov_urb,mts_details_wid,2020,275.173
jor,sex_m,geo_cov_nat,mts_aggregate_1,2017,664.968
jor,sex_m,geo_cov_nat,mts_aggregate_1,2018,733.065
jor,sex_m,geo_cov_nat,mts_aggregate_1,2019,775.747
jor,sex_m,geo_cov_nat,mts_aggregate_1,2020,784.953
jor,sex_m,geo_cov_nat,mts_aggregate_2,2017,556.649
jor,sex_m,geo_cov_nat,mts_aggregate_2,2018,636.234
jor,sex_m,geo_cov_nat,mts_aggregate_2,2019,699.966
jor,sex_m,geo_cov_nat,mts_aggregate_2,2020,736.327
jor,sex_m,geo_cov_nat,mts_aggregate_total,2017,1221.616
jor,sex_m,geo_cov_nat,mts_aggregate_total,2018,1369.299
jor,sex_m,geo_cov_nat,mts_aggregate_total,2019,1475.713
jor,sex_m,geo_cov_nat,mts_aggregate_total,2020,1521.28
jor,sex_m,geo_cov_nat,mts_details_mrd,2017,556.649
jor,sex_m,geo_cov_nat,mts_details_mrd,2018,636.234
jor,sex_m,geo_cov_nat,mts_details_mrd,2019,699.966
jor,sex_m,geo_cov_nat,mts_details_mrd,2020,736.327
jor,sex_m,geo_cov_nat,mts_details_sep,2017,5.955
jor,sex_m,geo_cov_nat,mts_details_sep,2018,6.449
jor,sex_m,geo_cov_nat,mts_details_sep,2019,6.516
jor,sex_m,geo_cov_nat,mts_details_sep,2020,8.168
jor,sex_m,geo_cov_nat,mts_details_sgle,2017,629.621
jor,sex_m,geo_cov_nat,mts_details_sgle,2018,687.014
jor,sex_m,geo_cov_nat,mts_details_sgle,2019,724.401
jor,sex_m,geo_cov_nat,mts_details_sgle,2020,738.372
jor,sex_m,geo_cov_nat,mts_details_total,2017,1221.616
jor,sex_m,geo_cov_nat,mts_details_total,2018,1369.299
jor,sex_m,geo_cov_nat,mts_details_total,2019,1475.713
jor,sex_m,geo_cov_nat,mts_details_total,2020,1521.28
jor,sex_m,geo_cov_nat,mts_details_wid,2017,29.392
jor,sex_m,geo_cov_nat,mts_details_wid,2018,39.602
jor,sex_m,geo_cov_nat,mts_details_wid,2019,44.831
jor,sex_m,geo_cov_nat,mts_details_wid,2020,38.414
jor,sex_m,geo_cov_rur,mts_aggregate_1,2017,57.138
jor,sex_m,geo_cov_rur,mts_aggregate_1,2018,60.209
jor,sex_m,geo_cov_rur,mts_aggregate_1,2019,61.86
jor,sex_m,geo_cov_rur,mts_aggregate_1,2020,70.263
jor,sex_m,geo_cov_rur,mts_aggregate_2,2017,49.763
jor,sex_m,geo_cov_rur,mts_aggregate_2,2018,56.293
jor,sex_m,geo_cov_rur,mts_aggregate_2,2019,61.661
jor,sex_m,geo_cov_rur,mts_aggregate_2,2020,66.632
jor,sex_m,geo_cov_rur,mts_aggregate_total,2017,106.901
jor,sex_m,geo_cov_rur,mts_aggregate_total,2018,116.502
jor,sex_m,geo_cov_rur,mts_aggregate_total,2019,123.521
jor,sex_m,geo_cov_rur,mts_aggregate_total,2020,136.895
jor,sex_m,geo_cov_rur,mts_details_mrd,2017,49.763
jor,sex_m,geo_cov_rur,mts_details_mrd,2018,56.293
jor,sex_m,geo_cov_rur,mts_details_mrd,2019,61.661
jor,sex_m,geo_cov_rur,mts_details_mrd,2020,66.632
jor,sex_m,geo_cov_rur,mts_details_sep,2017,0.383
jor,sex_m,geo_cov_rur,mts_details_sep,2018,0.303
jor,sex_m,geo_cov_rur,mts_details_sep,2019,0.442
jor,sex_m,geo_cov_rur,mts_details_sep,2020,0.691
jor,sex_m,geo_cov_rur,mts_details_sgle,2017,54.488
jor,sex_m,geo_cov_rur,mts_details_sgle,2018,57.211
jor,sex_m,geo_cov_rur,mts_details_sgle,2019,58.319
jor,sex_m,geo_cov_rur,mts_details_sgle,2020,66.954
jor,sex_m,geo_cov_rur,mts_details_total,2017,106.901
jor,sex_m,geo_cov_rur,mts_details_total,2018,116.502
jor,sex_m,geo_cov_rur,mts_details_total,2019,123.521
jor,sex_m,geo_cov_rur,mts_details_total,2020,136.895
jor,sex_m,geo_cov_rur,mts_details_wid,2017,2.268
jor,sex_m,geo_cov_rur,mts_details_wid,2018,2.695
jor,sex_m,geo_cov_rur,mts_details_wid,2019,3.099
jor,sex_m,geo_cov_rur,mts_details_wid,2020,2.618
jor,sex_m,geo_cov_urb,mts_aggregate_1,2017,607.83
jor,sex_m,geo_cov_urb,mts_aggregate_1,2018,672.856
jor,sex_m,geo_cov_urb,mts_aggregate_1,2019,713.887
jor,sex_m,geo_cov_urb,mts_aggregate_1,2020,714.691
jor,sex_m,geo_cov_urb,mts_aggregate_2,2017,506.886
jor,sex_m,geo_cov_urb,mts_aggregate_2,2018,579.941
jor,sex_m,geo_cov_urb,mts_aggregate_2,2019,638.305
jor,sex_m,geo_cov_urb,mts_aggregate_2,2020,669.695
jor,sex_m,geo_cov_urb,mts_aggregate_total,2017,1114.715
jor,sex_m,geo_cov_urb,mts_aggregate_total,2018,1252.796
jor,sex_m,geo_cov_urb,mts_aggregate_total,2019,1352.192
jor,sex_m,geo_cov_urb,mts_aggregate_total,2020,1384.385
jor,sex_m,geo_cov_urb,mts_details_mrd,2017,506.886
jor,sex_m,geo_cov_urb,mts_details_mrd,2018,579.941
jor,sex_m,geo_cov_urb,mts_details_mrd,2019,638.305
jor,sex_m,geo_cov_urb,mts_details_mrd,2020,669.695
jor,sex_m,geo_cov_urb,mts_details_sep,2017,5.572
jor,sex_m,geo_cov_urb,mts_details_sep,2018,6.145
jor,sex_m,geo_cov_urb,mts_details_sep,2019,6.074
jor,sex_m,geo_cov_urb,mts_details_sep,2020,7.477
jor,sex_m,geo_cov_urb,mts_details_sgle,2017,575.133
jor,sex_m,geo_cov_urb,mts_details_sgle,2018,629.803
jor,sex_m,geo_cov_urb,mts_details_sgle,2019,666.081
jor,sex_m,geo_cov_urb,mts_details_sgle,2020,671.418
jor,sex_m,geo_cov_urb,mts_details_total,2017,1114.715
jor,sex_m,geo_cov_urb,mts_details_total,2018,1252.796
jor,sex_m,geo_cov_urb,mts_details_total,2019,1352.192
jor,sex_m,geo_cov_urb,mts_details_total,2020,1384.385
jor,sex_m,geo_cov_urb,mts_details_wid,2017,27.124
jor,sex_m,geo_cov_urb,mts_details_wid,2018,36.908
jor,sex_m,geo_cov_urb,mts_details_wid,2019,41.732
jor,sex_m,geo_cov_urb,mts_details_wid,2020,35.796
jor,sex_t,geo_cov_nat,mts_aggregate_1,2017,1718.38
jor,sex_t,geo_cov_nat,mts_aggregate_1,2018,1826.597
jor,sex_t,geo_cov_nat,mts_aggregate_1,2019,1913.189
jor,sex_t,geo_cov_nat,mts_aggregate_1,2020,1992.495
jor,sex_t,geo_cov_nat,mts_aggregate_2,2017,2128.374
jor,sex_t,geo_cov_nat,mts_aggregate_2,2018,2256.521
jor,sex_t,geo_cov_nat,mts_aggregate_2,2019,2357.84
jor,sex_t,geo_cov_nat,mts_aggregate_2,2020,2426.138
jor,sex_t,geo_cov_nat,mts_aggregate_total,2017,3846.754
jor,sex_t,geo_cov_nat,mts_aggregate_total,2018,4083.118
jor,sex_t,geo_cov_nat,mts_aggregate_total,2019,4271.029
jor,sex_t,geo_cov_nat,mts_aggregate_total,2020,4418.633
jor,sex_t,geo_cov_nat,mts_details_mrd,2017,2128.374
jor,sex_t,geo_cov_nat,mts_details_mrd,2018,2256.521
jor,sex_t,geo_cov_nat,mts_details_mrd,2019,2357.84
jor,sex_t,geo_cov_nat,mts_details_mrd,2020,2426.138
jor,sex_t,geo_cov_nat,mts_details_sep,2017,42.477
jor,sex_t,geo_cov_nat,mts_details_sep,2018,43.646
jor,sex_t,geo_cov_nat,mts_details_sep,2019,45.075
jor,sex_t,geo_cov_nat,mts_details_sep,2020,51.126
jor,sex_t,geo_cov_nat,mts_details_sgle,2017,1411.401
jor,sex_t,geo_cov_nat,mts_details_sgle,2018,1503.833
jor,sex_t,geo_cov_nat,mts_details_sgle,2019,1566.24
jor,sex_t,geo_cov_nat,mts_details_sgle,2020,1605.768
jor,sex_t,geo_cov_nat,mts_details_total,2017,3846.754
jor,sex_t,geo_cov_nat,mts_details_total,2018,4083.118
jor,sex_t,geo_cov_nat,mts_details_total,2019,4271.029
jor,sex_t,geo_cov_nat,mts_details_total,2020,4418.633
jor,sex_t,geo_cov_nat,mts_details_wid,2017,264.502
jor,sex_t,geo_cov_nat,mts_details_wid,2018,279.117
jor,sex_t,geo_cov_nat,mts_details_wid,2019,301.875
jor,sex_t,geo_cov_nat,mts_details_wid,2020,335.6
jor,sex_t,geo_cov_rur,mts_aggregate_1,2017,148.864
jor,sex_t,geo_cov_rur,mts_aggregate_1,2018,156.952
jor,sex_t,geo_cov_rur,mts_aggregate_1,2019,163.794
jor,sex_t,geo_cov_rur,mts_aggregate_1,2020,178.748
jor,sex_t,geo_cov_rur,mts_aggregate_2,2017,176.142
jor,sex_t,geo_cov_rur,mts_aggregate_2,2018,192.122
jor,sex_t,geo_cov_rur,mts_aggregate_2,2019,201.244
jor,sex_t,geo_cov_rur,mts_aggregate_2,2020,212.824
jor,sex_t,geo_cov_rur,mts_aggregate_total,2017,325.006
jor,sex_t,geo_cov_rur,mts_aggregate_total,2018,349.074
jor,sex_t,geo_cov_rur,mts_aggregate_total,2019,365.038
jor,sex_t,geo_cov_rur,mts_aggregate_total,2020,391.572
jor,sex_t,geo_cov_rur,mts_details_mrd,2017,176.142
jor,sex_t,geo_cov_rur,mts_details_mrd,2018,192.122
jor,sex_t,geo_cov_rur,mts_details_mrd,2019,201.244
jor,sex_t,geo_cov_rur,mts_details_mrd,2020,212.824
jor,sex_t,geo_cov_rur,mts_details_sep,2017,2.977
jor,sex_t,geo_cov_rur,mts_details_sep,2018,2.62
jor,sex_t,geo_cov_rur,mts_details_sep,2019,3.264
jor,sex_t,geo_cov_rur,mts_details_sep,2020,3.191
jor,sex_t,geo_cov_rur,mts_details_sgle,2017,126.306
jor,sex_t,geo_cov_rur,mts_details_sgle,2018,134.265
jor,sex_t,geo_cov_rur,mts_details_sgle,2019,138.683
jor,sex_t,geo_cov_rur,mts_details_sgle,2020,150.926
jor,sex_t,geo_cov_rur,mts_details_total,2017,325.006
jor,sex_t,geo_cov_rur,mts_details_total,2018,349.074
jor,sex_t,geo_cov_rur,mts_details_total,2019,365.038
jor,sex_t,geo_cov_rur,mts_details_total,2020,391.572
jor,sex_t,geo_cov_rur,mts_details_wid,2017,19.582
jor,sex_t,geo_cov_rur,mts_details_wid,2018,20.066
jor,sex_t,geo_cov_rur,mts_details_wid,2019,21.847
jor,sex_t,geo_cov_rur,mts_details_wid,2020,24.632
jor,sex_t,geo_cov_urb,mts_aggregate_1,2017,1569.516
jor,sex_t,geo_cov_urb,mts_aggregate_1,2018,1669.645
jor,sex_t,geo_cov_urb,mts_aggregate_1,2019,1749.395
jor,sex_t,geo_cov_urb,mts_aggregate_1,2020,1813.746
jor,sex_t,geo_cov_urb,mts_aggregate_2,2017,1952.232
jor,sex_t,geo_cov_urb,mts_aggregate_2,2018,2064.399
jor,sex_t,geo_cov_urb,mts_aggregate_2,2019,2156.596
jor,sex_t,geo_cov_urb,mts_aggregate_2,2020,2213.314
jor,sex_t,geo_cov_urb,mts_aggregate_total,2017,3521.748
jor,sex_t,geo_cov_urb,mts_aggregate_total,2018,3734.044
jor,sex_t,geo_cov_urb,mts_aggregate_total,2019,3905.991
jor,sex_t,geo_cov_urb,mts_aggregate_total,2020,4027.061
jor,sex_t,geo_cov_urb,mts_details_mrd,2017,1952.232
jor,sex_t,geo_cov_urb,mts_details_mrd,2018,2064.399
jor,sex_t,geo_cov_urb,mts_details_mrd,2019,2156.596
jor,sex_t,geo_cov_urb,mts_details_mrd,2020,2213.314
jor,sex_t,geo_cov_urb,mts_details_sep,2017,39.501
jor,sex_t,geo_cov_urb,mts_details_sep,2018,41.026
jor,sex_t,geo_cov_urb,mts_details_sep,2019,41.811
jor,sex_t,geo_cov_urb,mts_details_sep,2020,47.935
jor,sex_t,geo_cov_urb,mts_details_sgle,2017,1285.095
jor,sex_t,geo_cov_urb,mts_details_sgle,2018,1369.568
jor,sex_t,geo_cov_urb,mts_details_sgle,2019,1427.557
jor,sex_t,geo_cov_urb,mts_details_sgle,2020,1454.843
jor,sex_t,geo_cov_urb,mts_details_total,2017,3521.748
jor,sex_t,geo_cov_urb,mts_details_total,2018,3734.044
jor,sex_t,geo_cov_urb,mts_details_total,2019,3905.991
jor,sex_t,geo_cov_urb,mts_details_total,2020,4027.061
jor,sex_t,geo_cov_urb,mts_details_wid,2017,244.92
jor,sex_t,geo_cov_urb,mts_details_wid,2018,259.051
jor,sex_t,geo_cov_urb,mts_details_wid,2019,280.028
jor,sex_t,geo_cov_urb,mts_details_wid,2020,310.969
ken,sex_f,geo_cov_nat,mts_aggregate_1,1999,1638.348
ken,sex_f,geo_cov_nat,mts_aggregate_1,2005,2712.24
ken,sex_f,geo_cov_nat,mts_aggregate_1,2006,2712.24
ken,sex_f,geo_cov_nat,mts_aggregate_1,2016,2660.282
ken,sex_f,geo_cov_nat,mts_aggregate_1,2019,3353.835
ken,sex_f,geo_cov_nat,mts_aggregate_2,1999,943.37
ken,sex_f,geo_cov_nat,mts_aggregate_2,2005,1707.131
ken,sex_f,geo_cov_nat,mts_aggregate_2,2006,1707.131
ken,sex_f,geo_cov_nat,mts_aggregate_2,2016,1243.092
ken,sex_f,geo_cov_nat,mts_aggregate_2,2019,2194.039
ken,sex_f,geo_cov_nat,mts_aggregate_total,1999,2587.275
ken,sex_f,geo_cov_nat,mts_aggregate_total,2005,4430.849
ken,sex_f,geo_cov_nat,mts_aggregate_total,2006,4430.849
ken,sex_f,geo_cov_nat,mts_aggregate_total,2016,3903.374
ken,sex_f,geo_cov_nat,mts_aggregate_total,2019,5552.595
ken,sex_f,geo_cov_nat,mts_aggregate_x,1999,5.557
ken,sex_f,geo_cov_nat,mts_aggregate_x,2005,11.478
ken,sex_f,geo_cov_nat,mts_aggregate_x,2006,11.478
ken,sex_f,geo_cov_nat,mts_details_mrd,1999,943.37
ken,sex_f,geo_cov_nat,mts_details_mrd,2005,1665.9
ken,sex_f,geo_cov_nat,mts_details_mrd,2006,1665.9
ken,sex_f,geo_cov_nat,mts_details_mrd,2016,1224.714
ken,sex_f,geo_cov_nat,mts_details_mrd,2019,2062.883
ken,sex_f,geo_cov_nat,mts_details_sep,1999,129.136
ken,sex_f,geo_cov_nat,mts_details_sep,2005,93.878
ken,sex_f,geo_cov_nat,mts_details_sep,2006,93.878
ken,sex_f,geo_cov_nat,mts_details_sep,2016,72.033
ken,sex_f,geo_cov_nat,mts_details_sep,2019,124.596
ken,sex_f,geo_cov_nat,mts_details_sgle,1999,1310.345
ken,sex_f,geo_cov_nat,mts_details_sgle,2005,2171.885
ken,sex_f,geo_cov_nat,mts_details_sgle,2006,2171.885
ken,sex_f,geo_cov_nat,mts_details_sgle,2016,2276.77
ken,sex_f,geo_cov_nat,mts_details_sgle,2019,2694.482
ken,sex_f,geo_cov_nat,mts_details_total,1999,2587.275
ken,sex_f,geo_cov_nat,mts_details_total,2005,4430.849
ken,sex_f,geo_cov_nat,mts_details_total,2006,4430.849
ken,sex_f,geo_cov_nat,mts_details_total,2016,3903.374
ken,sex_f,geo_cov_nat,mts_details_total,2019,5552.595
ken,sex_f,geo_cov_nat,mts_details_union,2005,41.23
ken,sex_f,geo_cov_nat,mts_details_union,2006,41.23
ken,sex_f,geo_cov_nat,mts_details_union,2016,18.378
ken,sex_f,geo_cov_nat,mts_details_union,2019,131.155
ken,sex_f,geo_cov_nat,mts_details_wid,1999,198.867
ken,sex_f,geo_cov_nat,mts_details_wid,2005,446.477
ken,sex_f,geo_cov_nat,mts_details_wid,2006,446.477
ken,sex_f,geo_cov_nat,mts_details_wid,2016,311.48
ken,sex_f,geo_cov_nat,mts_details_wid,2019,534.758
ken,sex_f,geo_cov_nat,mts_details_x,1999,5.557
ken,sex_f,geo_cov_nat,mts_details_x,2005,11.478
ken,sex_f,geo_cov_nat,mts_details_x,2006,11.478
ken,sex_f,geo_cov_rur,mts_aggregate_1,1999,1302.711
ken,sex_f,geo_cov_rur,mts_aggregate_1,2005,2220.148
ken,sex_f,geo_cov_rur,mts_aggregate_1,2006,2220.148
ken,sex_f,geo_cov_rur,mts_aggregate_1,2016,1672.486
ken,sex_f,geo_cov_rur,mts_aggregate_1,2019,2377.955
ken,sex_f,geo_cov_rur,mts_aggregate_2,1999,867.903
ken,sex_f,geo_cov_rur,mts_aggregate_2,2005,1224.392
ken,sex_f,geo_cov_rur,mts_aggregate_2,2006,1224.392
ken,sex_f,geo_cov_rur,mts_aggregate_2,2016,543.399
ken,sex_f,geo_cov_rur,mts_aggregate_2,2019,1205.609
ken,sex_f,geo_cov_rur,mts_aggregate_total,1999,2176.172
ken,sex_f,geo_cov_rur,mts_aggregate_total,2005,3453.791
ken,sex_f,geo_cov_rur,mts_aggregate_total,2006,3453.791
ken,sex_f,geo_cov_rur,mts_aggregate_total,2016,2215.885
ken,sex_f,geo_cov_rur,mts_aggregate_total,2019,3583.564
ken,sex_f,geo_cov_rur,mts_aggregate_x,1999,5.557
ken,sex_f,geo_cov_rur,mts_aggregate_x,2005,9.252
ken,sex_f,geo_cov_rur,mts_aggregate_x,2006,9.252
ken,sex_f,geo_cov_rur,mts_details_mrd,1999,867.903
ken,sex_f,geo_cov_rur,mts_details_mrd,2005,1216.372
ken,sex_f,geo_cov_rur,mts_details_mrd,2006,1216.372
ken,sex_f,geo_cov_rur,mts_details_mrd,2016,540.656
ken,sex_f,geo_cov_rur,mts_details_mrd,2019,1122.343
ken,sex_f,geo_cov_rur,mts_details_sep,1999,116.405
ken,sex_f,geo_cov_rur,mts_details_sep,2005,71.893
ken,sex_f,geo_cov_rur,mts_details_sep,2006,71.893
ken,sex_f,geo_cov_rur,mts_details_sep,2016,33.821
ken,sex_f,geo_cov_rur,mts_details_sep,2019,82.226
ken,sex_f,geo_cov_rur,mts_details_sgle,1999,1014.511
ken,sex_f,geo_cov_rur,mts_details_sgle,2005,1751.883
ken,sex_f,geo_cov_rur,mts_details_sgle,2006,1751.883
ken,sex_f,geo_cov_rur,mts_details_sgle,2016,1424.355
ken,sex_f,geo_cov_rur,mts_details_sgle,2019,1887.767
ken,sex_f,geo_cov_rur,mts_details_total,1999,2176.172
ken,sex_f,geo_cov_rur,mts_details_total,2005,3453.791
ken,sex_f,geo_cov_rur,mts_details_total,2006,3453.791
ken,sex_f,geo_cov_rur,mts_details_total,2016,2215.885
ken,sex_f,geo_cov_rur,mts_details_total,2019,3583.564
ken,sex_f,geo_cov_rur,mts_details_union,2005,8.02
ken,sex_f,geo_cov_rur,mts_details_union,2006,8.02
ken,sex_f,geo_cov_rur,mts_details_union,2019,83.266
ken,sex_f,geo_cov_rur,mts_details_wid,1999,171.795
ken,sex_f,geo_cov_rur,mts_details_wid,2005,396.372
ken,sex_f,geo_cov_rur,mts_details_wid,2006,396.372
ken,sex_f,geo_cov_rur,mts_details_wid,2016,214.31
ken,sex_f,geo_cov_rur,mts_details_wid,2019,407.962
ken,sex_f,geo_cov_rur,mts_details_x,1999,5.557
ken,sex_f,geo_cov_rur,mts_details_x,2005,9.252
ken,sex_f,geo_cov_rur,mts_details_x,2006,9.252
ken,sex_f,geo_cov_urb,mts_aggregate_1,1999,335.637
ken,sex_f,geo_cov_urb,mts_aggregate_1,2005,492.092
ken,sex_f,geo_cov_urb,mts_aggregate_1,2006,492.092
ken,sex_f,geo_cov_urb,mts_aggregate_1,2016,987.796
ken,sex_f,geo_cov_urb,mts_aggregate_1,2019,975.881
ken,sex_f,geo_cov_urb,mts_aggregate_2,1999,75.467
ken,sex_f,geo_cov_urb,mts_aggregate_2,2005,482.739
ken,sex_f,geo_cov_urb,mts_aggregate_2,2006,482.739
ken,sex_f,geo_cov_urb,mts_aggregate_2,2016,699.693
ken,sex_f,geo_cov_urb,mts_aggregate_2,2019,988.43
ken,sex_f,geo_cov_urb,mts_aggregate_total,1999,411.104
ken,sex_f,geo_cov_urb,mts_aggregate_total,2005,977.057
ken,sex_f,geo_cov_urb,mts_aggregate_total,2006,977.057
ken,sex_f,geo_cov_urb,mts_aggregate_total,2016,1687.489
ken,sex_f,geo_cov_urb,mts_aggregate_total,2019,1969.031
ken,sex_f,geo_cov_urb,mts_aggregate_x,2005,2.227
ken,sex_f,geo_cov_urb,mts_aggregate_x,2006,2.227
ken,sex_f,geo_cov_urb,mts_details_mrd,1999,75.467
ken,sex_f,geo_cov_urb,mts_details_mrd,2005,449.529
ken,sex_f,geo_cov_urb,mts_details_mrd,2006,449.529
ken,sex_f,geo_cov_urb,mts_details_mrd,2016,684.057
ken,sex_f,geo_cov_urb,mts_details_mrd,2019,940.54
ken,sex_f,geo_cov_urb,mts_details_sep,1999,12.731
ken,sex_f,geo_cov_urb,mts_details_sep,2005,21.985
ken,sex_f,geo_cov_urb,mts_details_sep,2006,21.985
ken,sex_f,geo_cov_urb,mts_details_sep,2016,38.212
ken,sex_f,geo_cov_urb,mts_details_sep,2019,42.37
ken,sex_f,geo_cov_urb,mts_details_sgle,1999,295.834
ken,sex_f,geo_cov_urb,mts_details_sgle,2005,420.002
ken,sex_f,geo_cov_urb,mts_details_sgle,2006,420.002
ken,sex_f,geo_cov_urb,mts_details_sgle,2016,852.414
ken,sex_f,geo_cov_urb,mts_details_sgle,2019,806.715
ken,sex_f,geo_cov_urb,mts_details_total,1999,411.104
ken,sex_f,geo_cov_urb,mts_details_total,2005,977.057
ken,sex_f,geo_cov_urb,mts_details_total,2006,977.057
ken,sex_f,geo_cov_urb,mts_details_total,2016,1687.489
ken,sex_f,geo_cov_urb,mts_details_total,2019,1969.031
ken,sex_f,geo_cov_urb,mts_details_union,2005,33.21
ken,sex_f,geo_cov_urb,mts_details_union,2006,33.21
ken,sex_f,geo_cov_urb,mts_details_union,2016,15.636
ken,sex_f,geo_cov_urb,mts_details_union,2019,47.89
ken,sex_f,geo_cov_urb,mts_details_wid,1999,27.072
ken,sex_f,geo_cov_urb,mts_details_wid,2005,50.105
ken,sex_f,geo_cov_urb,mts_details_wid,2006,50.105
ken,sex_f,geo_cov_urb,mts_details_wid,2016,97.17
ken,sex_f,geo_cov_urb,mts_details_wid,2019,126.796
ken,sex_f,geo_cov_urb,mts_details_x,2005,2.227
ken,sex_f,geo_cov_urb,mts_details_x,2006,2.227
ken,sex_m,geo_cov_nat,mts_aggregate_1,1999,1587.857
ken,sex_m,geo_cov_nat,mts_aggregate_1,2005,2370.987
ken,sex_m,geo_cov_nat,mts_aggregate_1,2006,2370.987
ken,sex_m,geo_cov_nat,mts_aggregate_1,2016,2616.374
ken,sex_m,geo_cov_nat,mts_aggregate_1,2019,3061.719
ken,sex_m,geo_cov_nat,mts_aggregate_2,1999,541.579
ken,sex_m,geo_cov_nat,mts_aggregate_2,2005,518.034
ken,sex_m,geo_cov_nat,mts_aggregate_2,2006,518.034
ken,sex_m,geo_cov_nat,mts_aggregate_2,2016,312.36
ken,sex_m,geo_cov_nat,mts_aggregate_2,2019,744.45
ken,sex_m,geo_cov_nat,mts_aggregate_total,1999,2131.961
ken,sex_m,geo_cov_nat,mts_aggregate_total,2005,2900.712
ken,sex_m,geo_cov_nat,mts_aggregate_total,2006,2900.712
ken,sex_m,geo_cov_nat,mts_aggregate_total,2016,2928.733
ken,sex_m,geo_cov_nat,mts_aggregate_total,2019,3808.226
ken,sex_m,geo_cov_nat,mts_aggregate_x,1999,2.525
ken,sex_m,geo_cov_nat,mts_aggregate_x,2005,11.691
ken,sex_m,geo_cov_nat,mts_aggregate_x,2006,11.691
ken,sex_m,geo_cov_nat,mts_details_mrd,1999,541.579
ken,sex_m,geo_cov_nat,mts_details_mrd,2005,512.916
ken,sex_m,geo_cov_nat,mts_details_mrd,2006,512.916
ken,sex_m,geo_cov_nat,mts_details_mrd,2016,310.013
ken,sex_m,geo_cov_nat,mts_details_mrd,2019,722.439
ken,sex_m,geo_cov_nat,mts_details_sep,1999,34.291
ken,sex_m,geo_cov_nat,mts_details_sep,2005,32.726
ken,sex_m,geo_cov_nat,mts_details_sep,2006,32.726
ken,sex_m,geo_cov_nat,mts_details_sep,2016,26.045
ken,sex_m,geo_cov_nat,mts_details_sep,2019,50.969
ken,sex_m,geo_cov_nat,mts_details_sgle,1999,1523.742
ken,sex_m,geo_cov_nat,mts_details_sgle,2005,2289.936
ken,sex_m,geo_cov_nat,mts_details_sgle,2006,2289.936
ken,sex_m,geo_cov_nat,mts_details_sgle,2016,2543.35
ken,sex_m,geo_cov_nat,mts_details_sgle,2019,2932.839
ken,sex_m,geo_cov_nat,mts_details_total,1999,2131.961
ken,sex_m,geo_cov_nat,mts_details_total,2005,2900.712
ken,sex_m,geo_cov_nat,mts_details_total,2006,2900.712
ken,sex_m,geo_cov_nat,mts_details_total,2016,2928.733
ken,sex_m,geo_cov_nat,mts_details_total,2019,3808.226
ken,sex_m,geo_cov_nat,mts_details_union,2005,5.118
ken,sex_m,geo_cov_nat,mts_details_union,2006,5.118
ken,sex_m,geo_cov_nat,mts_details_union,2019,22.011
ken,sex_m,geo_cov_nat,mts_details_wid,1999,29.824
ken,sex_m,geo_cov_nat,mts_details_wid,2005,48.325
ken,sex_m,geo_cov_nat,mts_details_wid,2006,48.325
ken,sex_m,geo_cov_nat,mts_details_wid,2016,46.978
ken,sex_m,geo_cov_nat,mts_details_wid,2019,77.911
ken,sex_m,geo_cov_nat,mts_details_x,1999,2.525
ken,sex_m,geo_cov_nat,mts_details_x,2005,11.691
ken,sex_m,geo_cov_nat,mts_details_x,2006,11.691
ken,sex_m,geo_cov_rur,mts_aggregate_1,1999,1272.678
ken,sex_m,geo_cov_rur,mts_aggregate_1,2005,1955.278
ken,sex_m,geo_cov_rur,mts_aggregate_1,2006,1955.278
ken,sex_m,geo_cov_rur,mts_aggregate_1,2016,1678.796
ken,sex_m,geo_cov_rur,mts_aggregate_1,2019,2208.556
ken,sex_m,geo_cov_rur,mts_aggregate_2,1999,501.428
ken,sex_m,geo_cov_rur,mts_aggregate_2,2005,431.698
ken,sex_m,geo_cov_rur,mts_aggregate_2,2006,431.698
ken,sex_m,geo_cov_rur,mts_aggregate_2,2016,196.458
ken,sex_m,geo_cov_rur,mts_aggregate_2,2019,564.828
ken,sex_m,geo_cov_rur,mts_aggregate_total,1999,1776.63
ken,sex_m,geo_cov_rur,mts_aggregate_total,2005,2394.639
ken,sex_m,geo_cov_rur,mts_aggregate_total,2006,2394.639
ken,sex_m,geo_cov_rur,mts_aggregate_total,2016,1875.255
ken,sex_m,geo_cov_rur,mts_aggregate_total,2019,2773.695
ken,sex_m,geo_cov_rur,mts_aggregate_x,1999,2.525
ken,sex_m,geo_cov_rur,mts_aggregate_x,2005,7.664
ken,sex_m,geo_cov_rur,mts_aggregate_x,2006,7.664
ken,sex_m,geo_cov_rur,mts_details_mrd,1999,501.428
ken,sex_m,geo_cov_rur,mts_details_mrd,2005,430.546
ken,sex_m,geo_cov_rur,mts_details_mrd,2006,430.546
ken,sex_m,geo_cov_rur,mts_details_mrd,2016,196.458
ken,sex_m,geo_cov_rur,mts_details_mrd,2019,544.472
ken,sex_m,geo_cov_rur,mts_details_sep,1999,28.866
ken,sex_m,geo_cov_rur,mts_details_sep,2005,29.265
ken,sex_m,geo_cov_rur,mts_details_sep,2006,29.265
ken,sex_m,geo_cov_rur,mts_details_sep,2016,13.623
ken,sex_m,geo_cov_rur,mts_details_sep,2019,39.26
ken,sex_m,geo_cov_rur,mts_details_sgle,1999,1216.096
ken,sex_m,geo_cov_rur,mts_details_sgle,2005,1881.802
ken,sex_m,geo_cov_rur,mts_details_sgle,2006,1881.802
ken,sex_m,geo_cov_rur,mts_details_sgle,2016,1627.04
ken,sex_m,geo_cov_rur,mts_details_sgle,2019,2108.255
ken,sex_m,geo_cov_rur,mts_details_total,1999,1776.63
ken,sex_m,geo_cov_rur,mts_details_total,2005,2394.639
ken,sex_m,geo_cov_rur,mts_details_total,2006,2394.639
ken,sex_m,geo_cov_rur,mts_details_total,2016,1875.255
ken,sex_m,geo_cov_rur,mts_details_total,2019,2773.695
ken,sex_m,geo_cov_rur,mts_details_union,2005,1.152
ken,sex_m,geo_cov_rur,mts_details_union,2006,1.152
ken,sex_m,geo_cov_rur,mts_details_union,2019,20.355
ken,sex_m,geo_cov_rur,mts_details_wid,1999,27.716
ken,sex_m,geo_cov_rur,mts_details_wid,2005,44.211
ken,sex_m,geo_cov_rur,mts_details_wid,2006,44.211
ken,sex_m,geo_cov_rur,mts_details_wid,2016,38.134
ken,sex_m,geo_cov_rur,mts_details_wid,2019,61.041
ken,sex_m,geo_cov_rur,mts_details_x,1999,2.525
ken,sex_m,geo_cov_rur,mts_details_x,2005,7.664
ken,sex_m,geo_cov_rur,mts_details_x,2006,7.664
ken,sex_m,geo_cov_urb,mts_aggregate_1,1999,315.179
ken,sex_m,geo_cov_urb,mts_aggregate_1,2005,415.709
ken,sex_m,geo_cov_urb,mts_aggregate_1,2006,415.709
ken,sex_m,geo_cov_urb,mts_aggregate_1,2016,937.577
ken,sex_m,geo_cov_urb,mts_aggregate_1,2019,853.163
ken,sex_m,geo_cov_urb,mts_aggregate_2,1999,40.151
ken,sex_m,geo_cov_urb,mts_aggregate_2,2005,86.336
ken,sex_m,geo_cov_urb,mts_aggregate_2,2006,86.336
ken,sex_m,geo_cov_urb,mts_aggregate_2,2016,115.901
ken,sex_m,geo_cov_urb,mts_aggregate_2,2019,179.623
ken,sex_m,geo_cov_urb,mts_aggregate_total,1999,355.33
ken,sex_m,geo_cov_urb,mts_aggregate_total,2005,506.073
ken,sex_m,geo_cov_urb,mts_aggregate_total,2006,506.073
ken,sex_m,geo_cov_urb,mts_aggregate_total,2016,1053.479
ken,sex_m,geo_cov_urb,mts_aggregate_total,2019,1034.531
ken,sex_m,geo_cov_urb,mts_aggregate_x,2005,4.027
ken,sex_m,geo_cov_urb,mts_aggregate_x,2006,4.027
ken,sex_m,geo_cov_urb,mts_details_mrd,1999,40.151
ken,sex_m,geo_cov_urb,mts_details_mrd,2005,82.37
ken,sex_m,geo_cov_urb,mts_details_mrd,2006,82.37
ken,sex_m,geo_cov_urb,mts_details_mrd,2016,113.554
ken,sex_m,geo_cov_urb,mts_details_mrd,2019,177.967
ken,sex_m,geo_cov_urb,mts_details_sep,2005,3.461
ken,sex_m,geo_cov_urb,mts_details_sep,2006,3.461
ken,sex_m,geo_cov_urb,mts_details_sep,2016,12.422
ken,sex_m,geo_cov_urb,mts_details_sep,2019,11.71
ken,sex_m,geo_cov_urb,mts_details_sgle,1999,307.646
ken,sex_m,geo_cov_urb,mts_details_sgle,2005,408.134
ken,sex_m,geo_cov_urb,mts_details_sgle,2006,408.134
ken,sex_m,geo_cov_urb,mts_details_sgle,2016,916.311
ken,sex_m,geo_cov_urb,mts_details_sgle,2019,824.584
ken,sex_m,geo_cov_urb,mts_details_total,1999,355.33
ken,sex_m,geo_cov_urb,mts_details_total,2005,506.073
ken,sex_m,geo_cov_urb,mts_details_total,2006,506.073
ken,sex_m,geo_cov_urb,mts_details_total,2016,1053.479
ken,sex_m,geo_cov_urb,mts_details_total,2019,1034.531
ken,sex_m,geo_cov_urb,mts_details_union,2005,3.966
ken,sex_m,geo_cov_urb,mts_details_union,2006,3.966
ken,sex_m,geo_cov_urb,mts_details_union,2019,1.656
ken,sex_m,geo_cov_urb,mts_details_wid,2005,4.114
ken,sex_m,geo_cov_urb,mts_details_wid,2006,4.114
ken,sex_m,geo_cov_urb,mts_details_wid,2016,8.844
ken,sex_m,geo_cov_urb,mts_details_wid,2019,16.87
ken,sex_m,geo_cov_urb,mts_details_x,2005,4.027
ken,sex_m,geo_cov_urb,mts_details_x,2006,4.027
ken,sex_t,geo_cov_nat,mts_aggregate_1,1999,3226.205
ken,sex_t,geo_cov_nat,mts_aggregate_1,2005,5083.227
ken,sex_t,geo_cov_nat,mts_aggregate_1,2006,5083.227
ken,sex_t,geo_cov_nat,mts_aggregate_1,2016,5276.656
ken,sex_t,geo_cov_nat,mts_aggregate_1,2019,6415.554
ken,sex_t,geo_cov_nat,mts_aggregate_2,1999,1484.949
ken,sex_t,geo_cov_nat,mts_aggregate_2,2005,2225.164
ken,sex_t,geo_cov_nat,mts_aggregate_2,2006,2225.164
ken,sex_t,geo_cov_nat,mts_aggregate_2,2016,1555.451
ken,sex_t,geo_cov_nat,mts_aggregate_2,2019,2938.489
ken,sex_t,geo_cov_nat,mts_aggregate_total,1999,4719.236
ken,sex_t,geo_cov_nat,mts_aggregate_total,2005,7331.561
ken,sex_t,geo_cov_nat,mts_aggregate_total,2006,7331.561
ken,sex_t,geo_cov_nat,mts_aggregate_total,2016,6832.107
ken,sex_t,geo_cov_nat,mts_aggregate_total,2019,9360.821
ken,sex_t,geo_cov_nat,mts_aggregate_x,1999,8.082
ken,sex_t,geo_cov_nat,mts_aggregate_x,2005,23.17
ken,sex_t,geo_cov_nat,mts_aggregate_x,2006,23.17
ken,sex_t,geo_cov_nat,mts_details_mrd,1999,1484.949
ken,sex_t,geo_cov_nat,mts_details_mrd,2005,2178.816
ken,sex_t,geo_cov_nat,mts_details_mrd,2006,2178.816
ken,sex_t,geo_cov_nat,mts_details_mrd,2016,1534.726
ken,sex_t,geo_cov_nat,mts_details_mrd,2019,2785.322
ken,sex_t,geo_cov_nat,mts_details_sep,1999,163.427
ken,sex_t,geo_cov_nat,mts_details_sep,2005,126.604
ken,sex_t,geo_cov_nat,mts_details_sep,2006,126.604
ken,sex_t,geo_cov_nat,mts_details_sep,2016,98.079
ken,sex_t,geo_cov_nat,mts_details_sep,2019,175.565
ken,sex_t,geo_cov_nat,mts_details_sgle,1999,2834.087
ken,sex_t,geo_cov_nat,mts_details_sgle,2005,4461.821
ken,sex_t,geo_cov_nat,mts_details_sgle,2006,4461.821
ken,sex_t,geo_cov_nat,mts_details_sgle,2016,4820.12
ken,sex_t,geo_cov_nat,mts_details_sgle,2019,5627.321
ken,sex_t,geo_cov_nat,mts_details_total,1999,4719.236
ken,sex_t,geo_cov_nat,mts_details_total,2005,7331.561
ken,sex_t,geo_cov_nat,mts_details_total,2006,7331.561
ken,sex_t,geo_cov_nat,mts_details_total,2016,6832.107
ken,sex_t,geo_cov_nat,mts_details_total,2019,9360.821
ken,sex_t,geo_cov_nat,mts_details_union,2005,46.348
ken,sex_t,geo_cov_nat,mts_details_union,2006,46.348
ken,sex_t,geo_cov_nat,mts_details_union,2016,20.725
ken,sex_t,geo_cov_nat,mts_details_union,2019,153.167
ken,sex_t,geo_cov_nat,mts_details_wid,1999,228.691
ken,sex_t,geo_cov_nat,mts_details_wid,2005,494.802
ken,sex_t,geo_cov_nat,mts_details_wid,2006,494.802
ken,sex_t,geo_cov_nat,mts_details_wid,2016,358.457
ken,sex_t,geo_cov_nat,mts_details_wid,2019,612.669
ken,sex_t,geo_cov_nat,mts_details_x,1999,8.082
ken,sex_t,geo_cov_nat,mts_details_x,2005,23.17
ken,sex_t,geo_cov_nat,mts_details_x,2006,23.17
ken,sex_t,geo_cov_rur,mts_aggregate_1,1999,2575.389
ken,sex_t,geo_cov_rur,mts_aggregate_1,2005,4175.425
ken,sex_t,geo_cov_rur,mts_aggregate_1,2006,4175.425
ken,sex_t,geo_cov_rur,mts_aggregate_1,2016,3351.283
ken,sex_t,geo_cov_rur,mts_aggregate_1,2019,4586.51
ken,sex_t,geo_cov_rur,mts_aggregate_2,1999,1369.331
ken,sex_t,geo_cov_rur,mts_aggregate_2,2005,1656.09
ken,sex_t,geo_cov_rur,mts_aggregate_2,2006,1656.09
ken,sex_t,geo_cov_rur,mts_aggregate_2,2016,739.857
ken,sex_t,geo_cov_rur,mts_aggregate_2,2019,1770.437
ken,sex_t,geo_cov_rur,mts_aggregate_total,1999,3952.802
ken,sex_t,geo_cov_rur,mts_aggregate_total,2005,5848.431
ken,sex_t,geo_cov_rur,mts_aggregate_total,2006,5848.431
ken,sex_t,geo_cov_rur,mts_aggregate_total,2016,4091.14
ken,sex_t,geo_cov_rur,mts_aggregate_total,2019,6357.259
ken,sex_t,geo_cov_rur,mts_aggregate_x,1999,8.082
ken,sex_t,geo_cov_rur,mts_aggregate_x,2005,16.916
ken,sex_t,geo_cov_rur,mts_aggregate_x,2006,16.916
ken,sex_t,geo_cov_rur,mts_details_mrd,1999,1369.331
ken,sex_t,geo_cov_rur,mts_details_mrd,2005,1646.917
ken,sex_t,geo_cov_rur,mts_details_mrd,2006,1646.917
ken,sex_t,geo_cov_rur,mts_details_mrd,2016,737.115
ken,sex_t,geo_cov_rur,mts_details_mrd,2019,1666.816
ken,sex_t,geo_cov_rur,mts_details_sep,1999,145.271
ken,sex_t,geo_cov_rur,mts_details_sep,2005,101.158
ken,sex_t,geo_cov_rur,mts_details_sep,2006,101.158
ken,sex_t,geo_cov_rur,mts_details_sep,2016,47.445
ken,sex_t,geo_cov_rur,mts_details_sep,2019,121.486
ken,sex_t,geo_cov_rur,mts_details_sgle,1999,2230.607
ken,sex_t,geo_cov_rur,mts_details_sgle,2005,3633.685
ken,sex_t,geo_cov_rur,mts_details_sgle,2006,3633.685
ken,sex_t,geo_cov_rur,mts_details_sgle,2016,3051.395
ken,sex_t,geo_cov_rur,mts_details_sgle,2019,3996.022
ken,sex_t,geo_cov_rur,mts_details_total,1999,3952.802
ken,sex_t,geo_cov_rur,mts_details_total,2005,5848.431
ken,sex_t,geo_cov_rur,mts_details_total,2006,5848.431
ken,sex_t,geo_cov_rur,mts_details_total,2016,4091.14
ken,sex_t,geo_cov_rur,mts_details_total,2019,6357.259
ken,sex_t,geo_cov_rur,mts_details_union,2005,9.172
ken,sex_t,geo_cov_rur,mts_details_union,2006,9.172
ken,sex_t,geo_cov_rur,mts_details_union,2019,103.621
ken,sex_t,geo_cov_rur,mts_details_wid,1999,199.511
ken,sex_t,geo_cov_rur,mts_details_wid,2005,440.583
ken,sex_t,geo_cov_rur,mts_details_wid,2006,440.583
ken,sex_t,geo_cov_rur,mts_details_wid,2016,252.443
ken,sex_t,geo_cov_rur,mts_details_wid,2019,469.003
ken,sex_t,geo_cov_rur,mts_details_x,1999,8.082
ken,sex_t,geo_cov_rur,mts_details_x,2005,16.916
ken,sex_t,geo_cov_rur,mts_details_x,2006,16.916
ken,sex_t,geo_cov_urb,mts_aggregate_1,1999,650.816
ken,sex_t,geo_cov_urb,mts_aggregate_1,2005,907.801
ken,sex_t,geo_cov_urb,mts_aggregate_1,2006,907.801
ken,sex_t,geo_cov_urb,mts_aggregate_1,2016,1925.373
ken,sex_t,geo_cov_urb,mts_aggregate_1,2019,1829.044
ken,sex_t,geo_cov_urb,mts_aggregate_2,1999,115.618
ken,sex_t,geo_cov_urb,mts_aggregate_2,2005,569.075
ken,sex_t,geo_cov_urb,mts_aggregate_2,2006,569.075
ken,sex_t,geo_cov_urb,mts_aggregate_2,2016,815.595
ken,sex_t,geo_cov_urb,mts_aggregate_2,2019,1168.052
ken,sex_t,geo_cov_urb,mts_aggregate_total,1999,766.434
ken,sex_t,geo_cov_urb,mts_aggregate_total,2005,1483.13
ken,sex_t,geo_cov_urb,mts_aggregate_total,2006,1483.13
ken,sex_t,geo_cov_urb,mts_aggregate_total,2016,2740.968
ken,sex_t,geo_cov_urb,mts_aggregate_total,2019,3003.562
ken,sex_t,geo_cov_urb,mts_aggregate_x,2005,6.254
ken,sex_t,geo_cov_urb,mts_aggregate_x,2006,6.254
ken,sex_t,geo_cov_urb,mts_details_mrd,1999,115.618
ken,sex_t,geo_cov_urb,mts_details_mrd,2005,531.899
ken,sex_t,geo_cov_urb,mts_details_mrd,2006,531.899
ken,sex_t,geo_cov_urb,mts_details_mrd,2016,797.612
ken,sex_t,geo_cov_urb,mts_details_mrd,2019,1118.507
ken,sex_t,geo_cov_urb,mts_details_sep,1999,18.156
ken,sex_t,geo_cov_urb,mts_details_sep,2005,25.446
ken,sex_t,geo_cov_urb,mts_details_sep,2006,25.446
ken,sex_t,geo_cov_urb,mts_details_sep,2016,50.634
ken,sex_t,geo_cov_urb,mts_details_sep,2019,54.079
ken,sex_t,geo_cov_urb,mts_details_sgle,1999,603.48
ken,sex_t,geo_cov_urb,mts_details_sgle,2005,828.136
ken,sex_t,geo_cov_urb,mts_details_sgle,2006,828.136
ken,sex_t,geo_cov_urb,mts_details_sgle,2016,1768.725
ken,sex_t,geo_cov_urb,mts_details_sgle,2019,1631.299
ken,sex_t,geo_cov_urb,mts_details_total,1999,766.434
ken,sex_t,geo_cov_urb,mts_details_total,2005,1483.13
ken,sex_t,geo_cov_urb,mts_details_total,2006,1483.13
ken,sex_t,geo_cov_urb,mts_details_total,2016,2740.968
ken,sex_t,geo_cov_urb,mts_details_total,2019,3003.562
ken,sex_t,geo_cov_urb,mts_details_union,2005,37.176
ken,sex_t,geo_cov_urb,mts_details_union,2006,37.176
ken,sex_t,geo_cov_urb,mts_details_union,2016,17.983
ken,sex_t,geo_cov_urb,mts_details_union,2019,49.546
ken,sex_t,geo_cov_urb,mts_details_wid,1999,29.18
ken,sex_t,geo_cov_urb,mts_details_wid,2005,54.219
ken,sex_t,geo_cov_urb,mts_details_wid,2006,54.219
ken,sex_t,geo_cov_urb,mts_details_wid,2016,106.014
ken,sex_t,geo_cov_urb,mts_details_wid,2019,143.665
ken,sex_t,geo_cov_urb,mts_details_x,2005,6.254
ken,sex_t,geo_cov_urb,mts_details_x,2006,6.254
khm,sex_f,geo_cov_nat,mts_aggregate_1,2007,594.126
khm,sex_f,geo_cov_nat,mts_aggregate_1,2008,666.794
khm,sex_f,geo_cov_nat,mts_aggregate_1,2009,603.827
khm,sex_f,geo_cov_nat,mts_aggregate_1,2010,538.197
khm,sex_f,geo_cov_nat,mts_aggregate_1,2011,510.921
khm,sex_f,geo_cov_nat,mts_aggregate_1,2012,1044.127
khm,sex_f,geo_cov_nat,mts_aggregate_1,2013,747.237
khm,sex_f,geo_cov_nat,mts_aggregate_1,2014,764.211
khm,sex_f,geo_cov_nat,mts_aggregate_1,2015,822.556
khm,sex_f,geo_cov_nat,mts_aggregate_1,2016,748.18
khm,sex_f,geo_cov_nat,mts_aggregate_1,2017,782.685
khm,sex_f,geo_cov_nat,mts_aggregate_1,2019,1002.766
khm,sex_f,geo_cov_nat,mts_aggregate_2,2007,572.908
khm,sex_f,geo_cov_nat,mts_aggregate_2,2008,675.129
khm,sex_f,geo_cov_nat,mts_aggregate_2,2009,524.904
khm,sex_f,geo_cov_nat,mts_aggregate_2,2010,391.659
khm,sex_f,geo_cov_nat,mts_aggregate_2,2011,406.837
khm,sex_f,geo_cov_nat,mts_aggregate_2,2012,1114.927
khm,sex_f,geo_cov_nat,mts_aggregate_2,2013,647.906
khm,sex_f,geo_cov_nat,mts_aggregate_2,2014,657.392
khm,sex_f,geo_cov_nat,mts_aggregate_2,2015,687.672
khm,sex_f,geo_cov_nat,mts_aggregate_2,2016,637.136
khm,sex_f,geo_cov_nat,mts_aggregate_2,2017,592.658
khm,sex_f,geo_cov_nat,mts_aggregate_2,2019,834.443
khm,sex_f,geo_cov_nat,mts_aggregate_total,2007,1180.522
khm,sex_f,geo_cov_nat,mts_aggregate_total,2008,1341.923
khm,sex_f,geo_cov_nat,mts_aggregate_total,2009,1128.732
khm,sex_f,geo_cov_nat,mts_aggregate_total,2010,929.856
khm,sex_f,geo_cov_nat,mts_aggregate_total,2011,917.757
khm,sex_f,geo_cov_nat,mts_aggregate_total,2012,2159.054
khm,sex_f,geo_cov_nat,mts_aggregate_total,2013,1395.143
khm,sex_f,geo_cov_nat,mts_aggregate_total,2014,1421.603
khm,sex_f,geo_cov_nat,mts_aggregate_total,2015,1510.228
khm,sex_f,geo_cov_nat,mts_aggregate_total,2016,1385.316
khm,sex_f,geo_cov_nat,mts_aggregate_total,2017,1375.343
khm,sex_f,geo_cov_nat,mts_aggregate_total,2019,1837.209
khm,sex_f,geo_cov_nat,mts_aggregate_x,2007,13.488
khm,sex_f,geo_cov_nat,mts_details_mrd,2007,572.908
khm,sex_f,geo_cov_nat,mts_details_mrd,2008,675.129
khm,sex_f,geo_cov_nat,mts_details_mrd,2009,524.904
khm,sex_f,geo_cov_nat,mts_details_mrd,2010,391.659
khm,sex_f,geo_cov_nat,mts_details_mrd,2011,406.837
khm,sex_f,geo_cov_nat,mts_details_mrd,2012,1108.51
khm,sex_f,geo_cov_nat,mts_details_mrd,2013,647.906
khm,sex_f,geo_cov_nat,mts_details_mrd,2014,657.392
khm,sex_f,geo_cov_nat,mts_details_mrd,2015,687.672
khm,sex_f,geo_cov_nat,mts_details_mrd,2016,637.136
khm,sex_f,geo_cov_nat,mts_details_mrd,2017,592.658
khm,sex_f,geo_cov_nat,mts_details_mrd,2019,823.41
khm,sex_f,geo_cov_nat,mts_details_sep,2007,17.279
khm,sex_f,geo_cov_nat,mts_details_sep,2008,14.47
khm,sex_f,geo_cov_nat,mts_details_sep,2009,19.723
khm,sex_f,geo_cov_nat,mts_details_sep,2010,17.889
khm,sex_f,geo_cov_nat,mts_details_sep,2011,12.793
khm,sex_f,geo_cov_nat,mts_details_sep,2012,38.282
khm,sex_f,geo_cov_nat,mts_details_sep,2013,12.403
khm,sex_f,geo_cov_nat,mts_details_sep,2014,17.995
khm,sex_f,geo_cov_nat,mts_details_sep,2015,30.102
khm,sex_f,geo_cov_nat,mts_details_sep,2016,19.359
khm,sex_f,geo_cov_nat,mts_details_sep,2017,12.567
khm,sex_f,geo_cov_nat,mts_details_sep,2019,37.858
khm,sex_f,geo_cov_nat,mts_details_sgle,2007,295.218
khm,sex_f,geo_cov_nat,mts_details_sgle,2008,338.336
khm,sex_f,geo_cov_nat,mts_details_sgle,2009,322.693
khm,sex_f,geo_cov_nat,mts_details_sgle,2010,279.673
khm,sex_f,geo_cov_nat,mts_details_sgle,2011,267.959
khm,sex_f,geo_cov_nat,mts_details_sgle,2012,633.046
khm,sex_f,geo_cov_nat,mts_details_sgle,2013,413.429
khm,sex_f,geo_cov_nat,mts_details_sgle,2014,439.971
khm,sex_f,geo_cov_nat,mts_details_sgle,2015,439.867
khm,sex_f,geo_cov_nat,mts_details_sgle,2016,412.988
khm,sex_f,geo_cov_nat,mts_details_sgle,2017,467.721
khm,sex_f,geo_cov_nat,mts_details_sgle,2019,576.121
khm,sex_f,geo_cov_nat,mts_details_total,2007,1180.522
khm,sex_f,geo_cov_nat,mts_details_total,2008,1341.923
khm,sex_f,geo_cov_nat,mts_details_total,2009,1128.732
khm,sex_f,geo_cov_nat,mts_details_total,2010,929.856
khm,sex_f,geo_cov_nat,mts_details_total,2011,917.757
khm,sex_f,geo_cov_nat,mts_details_total,2012,2159.054
khm,sex_f,geo_cov_nat,mts_details_total,2013,1395.143
khm,sex_f,geo_cov_nat,mts_details_total,2014,1421.603
khm,sex_f,geo_cov_nat,mts_details_total,2015,1510.228
khm,sex_f,geo_cov_nat,mts_details_total,2016,1385.316
khm,sex_f,geo_cov_nat,mts_details_total,2017,1375.343
khm,sex_f,geo_cov_nat,mts_details_total,2019,1837.209
khm,sex_f,geo_cov_nat,mts_details_union,2012,6.417
khm,sex_f,geo_cov_nat,mts_details_union,2019,11.034
khm,sex_f,geo_cov_nat,mts_details_wid,2007,281.629
khm,sex_f,geo_cov_nat,mts_details_wid,2008,313.989
khm,sex_f,geo_cov_nat,mts_details_wid,2009,261.411
khm,sex_f,geo_cov_nat,mts_details_wid,2010,240.634
khm,sex_f,geo_cov_nat,mts_details_wid,2011,230.168
khm,sex_f,geo_cov_nat,mts_details_wid,2012,372.799
khm,sex_f,geo_cov_nat,mts_details_wid,2013,321.405
khm,sex_f,geo_cov_nat,mts_details_wid,2014,306.245
khm,sex_f,geo_cov_nat,mts_details_wid,2015,352.588
khm,sex_f,geo_cov_nat,mts_details_wid,2016,315.834
khm,sex_f,geo_cov_nat,mts_details_wid,2017,302.397
khm,sex_f,geo_cov_nat,mts_details_wid,2019,388.787
khm,sex_f,geo_cov_nat,mts_details_x,2007,13.488
khm,sex_f,geo_cov_rur,mts_aggregate_1,2007,402.636
khm,sex_f,geo_cov_rur,mts_aggregate_1,2008,450.312
khm,sex_f,geo_cov_rur,mts_aggregate_1,2009,401.533
khm,sex_f,geo_cov_rur,mts_aggregate_1,2010,356.734
khm,sex_f,geo_cov_rur,mts_aggregate_1,2011,333.016
khm,sex_f,geo_cov_rur,mts_aggregate_1,2012,739.391
khm,sex_f,geo_cov_rur,mts_aggregate_1,2013,533.332
khm,sex_f,geo_cov_rur,mts_aggregate_1,2014,550.058
khm,sex_f,geo_cov_rur,mts_aggregate_1,2015,581.028
khm,sex_f,geo_cov_rur,mts_aggregate_1,2016,524.709
khm,sex_f,geo_cov_rur,mts_aggregate_1,2017,527.891
khm,sex_f,geo_cov_rur,mts_aggregate_1,2019,596.178
khm,sex_f,geo_cov_rur,mts_aggregate_2,2007,426.891
khm,sex_f,geo_cov_rur,mts_aggregate_2,2008,484.932
khm,sex_f,geo_cov_rur,mts_aggregate_2,2009,350.923
khm,sex_f,geo_cov_rur,mts_aggregate_2,2010,252.258
khm,sex_f,geo_cov_rur,mts_aggregate_2,2011,252.158
khm,sex_f,geo_cov_rur,mts_aggregate_2,2012,885.725
khm,sex_f,geo_cov_rur,mts_aggregate_2,2013,454.985
khm,sex_f,geo_cov_rur,mts_aggregate_2,2014,446.13
khm,sex_f,geo_cov_rur,mts_aggregate_2,2015,477.062
khm,sex_f,geo_cov_rur,mts_aggregate_2,2016,429.681
khm,sex_f,geo_cov_rur,mts_aggregate_2,2017,350.355
khm,sex_f,geo_cov_rur,mts_aggregate_2,2019,437.168
khm,sex_f,geo_cov_rur,mts_aggregate_total,2007,837.516
khm,sex_f,geo_cov_rur,mts_aggregate_total,2008,935.244
khm,sex_f,geo_cov_rur,mts_aggregate_total,2009,752.456
khm,sex_f,geo_cov_rur,mts_aggregate_total,2010,608.992
khm,sex_f,geo_cov_rur,mts_aggregate_total,2011,585.174
khm,sex_f,geo_cov_rur,mts_aggregate_total,2012,1625.116
khm,sex_f,geo_cov_rur,mts_aggregate_total,2013,988.317
khm,sex_f,geo_cov_rur,mts_aggregate_total,2014,996.187
khm,sex_f,geo_cov_rur,mts_aggregate_total,2015,1058.09
khm,sex_f,geo_cov_rur,mts_aggregate_total,2016,954.39
khm,sex_f,geo_cov_rur,mts_aggregate_total,2017,878.246
khm,sex_f,geo_cov_rur,mts_aggregate_total,2019,1033.346
khm,sex_f,geo_cov_rur,mts_aggregate_x,2007,7.989
khm,sex_f,geo_cov_rur,mts_details_mrd,2007,426.891
khm,sex_f,geo_cov_rur,mts_details_mrd,2008,484.932
khm,sex_f,geo_cov_rur,mts_details_mrd,2009,350.923
khm,sex_f,geo_cov_rur,mts_details_mrd,2010,252.258
khm,sex_f,geo_cov_rur,mts_details_mrd,2011,252.158
khm,sex_f,geo_cov_rur,mts_details_mrd,2012,881.813
khm,sex_f,geo_cov_rur,mts_details_mrd,2013,454.985
khm,sex_f,geo_cov_rur,mts_details_mrd,2014,446.13
khm,sex_f,geo_cov_rur,mts_details_mrd,2015,477.062
khm,sex_f,geo_cov_rur,mts_details_mrd,2016,429.681
khm,sex_f,geo_cov_rur,mts_details_mrd,2017,350.355
khm,sex_f,geo_cov_rur,mts_details_mrd,2019,429.939
khm,sex_f,geo_cov_rur,mts_details_sep,2007,12.433
khm,sex_f,geo_cov_rur,mts_details_sep,2008,10.708
khm,sex_f,geo_cov_rur,mts_details_sep,2009,13.603
khm,sex_f,geo_cov_rur,mts_details_sep,2010,12.626
khm,sex_f,geo_cov_rur,mts_details_sep,2011,8.237
khm,sex_f,geo_cov_rur,mts_details_sep,2012,30.262
khm,sex_f,geo_cov_rur,mts_details_sep,2013,9.062
khm,sex_f,geo_cov_rur,mts_details_sep,2014,12.116
khm,sex_f,geo_cov_rur,mts_details_sep,2015,22.381
khm,sex_f,geo_cov_rur,mts_details_sep,2016,14.827
khm,sex_f,geo_cov_rur,mts_details_sep,2017,10.428
khm,sex_f,geo_cov_rur,mts_details_sep,2019,18.439
khm,sex_f,geo_cov_rur,mts_details_sgle,2007,173.013
khm,sex_f,geo_cov_rur,mts_details_sgle,2008,200.419
khm,sex_f,geo_cov_rur,mts_details_sgle,2009,188.715
khm,sex_f,geo_cov_rur,mts_details_sgle,2010,167.656
khm,sex_f,geo_cov_rur,mts_details_sgle,2011,146.852
khm,sex_f,geo_cov_rur,mts_details_sgle,2012,425.314
khm,sex_f,geo_cov_rur,mts_details_sgle,2013,279.075
khm,sex_f,geo_cov_rur,mts_details_sgle,2014,305.075
khm,sex_f,geo_cov_rur,mts_details_sgle,2015,300.238
khm,sex_f,geo_cov_rur,mts_details_sgle,2016,281.454
khm,sex_f,geo_cov_rur,mts_details_sgle,2017,308.886
khm,sex_f,geo_cov_rur,mts_details_sgle,2019,339.956
khm,sex_f,geo_cov_rur,mts_details_total,2007,837.516
khm,sex_f,geo_cov_rur,mts_details_total,2008,935.244
khm,sex_f,geo_cov_rur,mts_details_total,2009,752.456
khm,sex_f,geo_cov_rur,mts_details_total,2010,608.992
khm,sex_f,geo_cov_rur,mts_details_total,2011,585.174
khm,sex_f,geo_cov_rur,mts_details_total,2012,1625.116
khm,sex_f,geo_cov_rur,mts_details_total,2013,988.317
khm,sex_f,geo_cov_rur,mts_details_total,2014,996.187
khm,sex_f,geo_cov_rur,mts_details_total,2015,1058.09
khm,sex_f,geo_cov_rur,mts_details_total,2016,954.39
khm,sex_f,geo_cov_rur,mts_details_total,2017,878.246
khm,sex_f,geo_cov_rur,mts_details_total,2019,1033.346
khm,sex_f,geo_cov_rur,mts_details_union,2012,3.912
khm,sex_f,geo_cov_rur,mts_details_union,2019,7.229
khm,sex_f,geo_cov_rur,mts_details_wid,2007,217.19
khm,sex_f,geo_cov_rur,mts_details_wid,2008,239.185
khm,sex_f,geo_cov_rur,mts_details_wid,2009,199.216
khm,sex_f,geo_cov_rur,mts_details_wid,2010,176.451
khm,sex_f,geo_cov_rur,mts_details_wid,2011,177.926
khm,sex_f,geo_cov_rur,mts_details_wid,2012,283.815
khm,sex_f,geo_cov_rur,mts_details_wid,2013,245.195
khm,sex_f,geo_cov_rur,mts_details_wid,2014,232.867
khm,sex_f,geo_cov_rur,mts_details_wid,2015,258.409
khm,sex_f,geo_cov_rur,mts_details_wid,2016,228.429
khm,sex_f,geo_cov_rur,mts_details_wid,2017,208.578
khm,sex_f,geo_cov_rur,mts_details_wid,2019,237.783
khm,sex_f,geo_cov_rur,mts_details_x,2007,7.989
khm,sex_f,geo_cov_urb,mts_aggregate_1,2007,191.49
khm,sex_f,geo_cov_urb,mts_aggregate_1,2008,216.482
khm,sex_f,geo_cov_urb,mts_aggregate_1,2009,202.294
khm,sex_f,geo_cov_urb,mts_aggregate_1,2010,181.463
khm,sex_f,geo_cov_urb,mts_aggregate_1,2011,177.905
khm,sex_f,geo_cov_urb,mts_aggregate_1,2012,304.736
khm,sex_f,geo_cov_urb,mts_aggregate_1,2013,213.904
khm,sex_f,geo_cov_urb,mts_aggregate_1,2014,214.153
khm,sex_f,geo_cov_urb,mts_aggregate_1,2015,241.529
khm,sex_f,geo_cov_urb,mts_aggregate_1,2016,223.472
khm,sex_f,geo_cov_urb,mts_aggregate_1,2017,254.794
khm,sex_f,geo_cov_urb,mts_aggregate_1,2019,406.588
khm,sex_f,geo_cov_urb,mts_aggregate_2,2007,146.017
khm,sex_f,geo_cov_urb,mts_aggregate_2,2008,190.197
khm,sex_f,geo_cov_urb,mts_aggregate_2,2009,173.981
khm,sex_f,geo_cov_urb,mts_aggregate_2,2010,139.401
khm,sex_f,geo_cov_urb,mts_aggregate_2,2011,154.679
khm,sex_f,geo_cov_urb,mts_aggregate_2,2012,229.203
khm,sex_f,geo_cov_urb,mts_aggregate_2,2013,192.922
khm,sex_f,geo_cov_urb,mts_aggregate_2,2014,211.262
khm,sex_f,geo_cov_urb,mts_aggregate_2,2015,210.61
khm,sex_f,geo_cov_urb,mts_aggregate_2,2016,207.455
khm,sex_f,geo_cov_urb,mts_aggregate_2,2017,242.303
khm,sex_f,geo_cov_urb,mts_aggregate_2,2019,397.275
khm,sex_f,geo_cov_urb,mts_aggregate_total,2007,343.007
khm,sex_f,geo_cov_urb,mts_aggregate_total,2008,406.68
khm,sex_f,geo_cov_urb,mts_aggregate_total,2009,376.275
khm,sex_f,geo_cov_urb,mts_aggregate_total,2010,320.864
khm,sex_f,geo_cov_urb,mts_aggregate_total,2011,332.583
khm,sex_f,geo_cov_urb,mts_aggregate_total,2012,533.938
khm,sex_f,geo_cov_urb,mts_aggregate_total,2013,406.826
khm,sex_f,geo_cov_urb,mts_aggregate_total,2014,425.415
khm,sex_f,geo_cov_urb,mts_aggregate_total,2015,452.139
khm,sex_f,geo_cov_urb,mts_aggregate_total,2016,430.926
khm,sex_f,geo_cov_urb,mts_aggregate_total,2017,497.097
khm,sex_f,geo_cov_urb,mts_aggregate_total,2019,803.863
khm,sex_f,geo_cov_urb,mts_aggregate_x,2007,5.499
khm,sex_f,geo_cov_urb,mts_details_mrd,2007,146.017
khm,sex_f,geo_cov_urb,mts_details_mrd,2008,190.197
khm,sex_f,geo_cov_urb,mts_details_mrd,2009,173.981
khm,sex_f,geo_cov_urb,mts_details_mrd,2010,139.401
khm,sex_f,geo_cov_urb,mts_details_mrd,2011,154.679
khm,sex_f,geo_cov_urb,mts_details_mrd,2012,226.697
khm,sex_f,geo_cov_urb,mts_details_mrd,2013,192.922
khm,sex_f,geo_cov_urb,mts_details_mrd,2014,211.262
khm,sex_f,geo_cov_urb,mts_details_mrd,2015,210.61
khm,sex_f,geo_cov_urb,mts_details_mrd,2016,207.455
khm,sex_f,geo_cov_urb,mts_details_mrd,2017,242.303
khm,sex_f,geo_cov_urb,mts_details_mrd,2019,393.47
khm,sex_f,geo_cov_urb,mts_details_sep,2007,4.846
khm,sex_f,geo_cov_urb,mts_details_sep,2008,3.762
khm,sex_f,geo_cov_urb,mts_details_sep,2009,6.121
khm,sex_f,geo_cov_urb,mts_details_sep,2010,5.263
khm,sex_f,geo_cov_urb,mts_details_sep,2011,4.556
khm,sex_f,geo_cov_urb,mts_details_sep,2012,8.02
khm,sex_f,geo_cov_urb,mts_details_sep,2013,3.34
khm,sex_f,geo_cov_urb,mts_details_sep,2014,5.88
khm,sex_f,geo_cov_urb,mts_details_sep,2015,7.721
khm,sex_f,geo_cov_urb,mts_details_sep,2016,4.532
khm,sex_f,geo_cov_urb,mts_details_sep,2017,2.139
khm,sex_f,geo_cov_urb,mts_details_sep,2019,19.419
khm,sex_f,geo_cov_urb,mts_details_sgle,2007,122.206
khm,sex_f,geo_cov_urb,mts_details_sgle,2008,137.916
khm,sex_f,geo_cov_urb,mts_details_sgle,2009,133.979
khm,sex_f,geo_cov_urb,mts_details_sgle,2010,112.017
khm,sex_f,geo_cov_urb,mts_details_sgle,2011,121.107
khm,sex_f,geo_cov_urb,mts_details_sgle,2012,207.732
khm,sex_f,geo_cov_urb,mts_details_sgle,2013,134.354
khm,sex_f,geo_cov_urb,mts_details_sgle,2014,134.895
khm,sex_f,geo_cov_urb,mts_details_sgle,2015,139.629
khm,sex_f,geo_cov_urb,mts_details_sgle,2016,131.534
khm,sex_f,geo_cov_urb,mts_details_sgle,2017,158.835
khm,sex_f,geo_cov_urb,mts_details_sgle,2019,236.165
khm,sex_f,geo_cov_urb,mts_details_total,2007,343.007
khm,sex_f,geo_cov_urb,mts_details_total,2008,406.68
khm,sex_f,geo_cov_urb,mts_details_total,2009,376.275
khm,sex_f,geo_cov_urb,mts_details_total,2010,320.864
khm,sex_f,geo_cov_urb,mts_details_total,2011,332.583
khm,sex_f,geo_cov_urb,mts_details_total,2012,533.938
khm,sex_f,geo_cov_urb,mts_details_total,2013,406.826
khm,sex_f,geo_cov_urb,mts_details_total,2014,425.415
khm,sex_f,geo_cov_urb,mts_details_total,2015,452.139
khm,sex_f,geo_cov_urb,mts_details_total,2016,430.926
khm,sex_f,geo_cov_urb,mts_details_total,2017,497.097
khm,sex_f,geo_cov_urb,mts_details_total,2019,803.863
khm,sex_f,geo_cov_urb,mts_details_union,2012,2.506
khm,sex_f,geo_cov_urb,mts_details_union,2019,3.805
khm,sex_f,geo_cov_urb,mts_details_wid,2007,64.439
khm,sex_f,geo_cov_urb,mts_details_wid,2008,74.804
khm,sex_f,geo_cov_urb,mts_details_wid,2009,62.195
khm,sex_f,geo_cov_urb,mts_details_wid,2010,64.183
khm,sex_f,geo_cov_urb,mts_details_wid,2011,52.242
khm,sex_f,geo_cov_urb,mts_details_wid,2012,88.984
khm,sex_f,geo_cov_urb,mts_details_wid,2013,76.21
khm,sex_f,geo_cov_urb,mts_details_wid,2014,73.378
khm,sex_f,geo_cov_urb,mts_details_wid,2015,94.179
khm,sex_f,geo_cov_urb,mts_details_wid,2016,87.405
khm,sex_f,geo_cov_urb,mts_details_wid,2017,93.819
khm,sex_f,geo_cov_urb,mts_details_wid,2019,151.004
khm,sex_f,geo_cov_urb,mts_details_x,2007,5.499
khm,sex_m,geo_cov_nat,mts_aggregate_1,2007,326.018
khm,sex_m,geo_cov_nat,mts_aggregate_1,2008,376.4
khm,sex_m,geo_cov_nat,mts_aggregate_1,2009,407.742
khm,sex_m,geo_cov_nat,mts_aggregate_1,2010,383.821
khm,sex_m,geo_cov_nat,mts_aggregate_1,2011,364.132
khm,sex_m,geo_cov_nat,mts_aggregate_1,2012,800.279
khm,sex_m,geo_cov_nat,mts_aggregate_1,2013,480.631
khm,sex_m,geo_cov_nat,mts_aggregate_1,2014,507.635
khm,sex_m,geo_cov_nat,mts_aggregate_1,2015,526.964
khm,sex_m,geo_cov_nat,mts_aggregate_1,2016,473.726
khm,sex_m,geo_cov_nat,mts_aggregate_1,2017,527.627
khm,sex_m,geo_cov_nat,mts_aggregate_1,2019,595.085
khm,sex_m,geo_cov_nat,mts_aggregate_2,2007,139.117
khm,sex_m,geo_cov_nat,mts_aggregate_2,2008,181.828
khm,sex_m,geo_cov_nat,mts_aggregate_2,2009,168.929
khm,sex_m,geo_cov_nat,mts_aggregate_2,2010,128.817
khm,sex_m,geo_cov_nat,mts_aggregate_2,2011,123.792
khm,sex_m,geo_cov_nat,mts_aggregate_2,2012,499.969
khm,sex_m,geo_cov_nat,mts_aggregate_2,2013,173.39
khm,sex_m,geo_cov_nat,mts_aggregate_2,2014,176.651
khm,sex_m,geo_cov_nat,mts_aggregate_2,2015,181.679
khm,sex_m,geo_cov_nat,mts_aggregate_2,2016,156.549
khm,sex_m,geo_cov_nat,mts_aggregate_2,2017,178.473
khm,sex_m,geo_cov_nat,mts_aggregate_2,2019,326.825
khm,sex_m,geo_cov_nat,mts_aggregate_total,2007,471.118
khm,sex_m,geo_cov_nat,mts_aggregate_total,2008,558.227
khm,sex_m,geo_cov_nat,mts_aggregate_total,2009,576.67
khm,sex_m,geo_cov_nat,mts_aggregate_total,2010,512.638
khm,sex_m,geo_cov_nat,mts_aggregate_total,2011,487.924
khm,sex_m,geo_cov_nat,mts_aggregate_total,2012,1300.249
khm,sex_m,geo_cov_nat,mts_aggregate_total,2013,654.021
khm,sex_m,geo_cov_nat,mts_aggregate_total,2014,684.285
khm,sex_m,geo_cov_nat,mts_aggregate_total,2015,708.643
khm,sex_m,geo_cov_nat,mts_aggregate_total,2016,630.274
khm,sex_m,geo_cov_nat,mts_aggregate_total,2017,706.101
khm,sex_m,geo_cov_nat,mts_aggregate_total,2019,921.91
khm,sex_m,geo_cov_nat,mts_aggregate_x,2007,5.983
khm,sex_m,geo_cov_nat,mts_details_mrd,2007,139.117
khm,sex_m,geo_cov_nat,mts_details_mrd,2008,181.828
khm,sex_m,geo_cov_nat,mts_details_mrd,2009,168.929
khm,sex_m,geo_cov_nat,mts_details_mrd,2010,128.817
khm,sex_m,geo_cov_nat,mts_details_mrd,2011,123.792
khm,sex_m,geo_cov_nat,mts_details_mrd,2012,498.033
khm,sex_m,geo_cov_nat,mts_details_mrd,2013,173.39
khm,sex_m,geo_cov_nat,mts_details_mrd,2014,176.651
khm,sex_m,geo_cov_nat,mts_details_mrd,2015,181.679
khm,sex_m,geo_cov_nat,mts_details_mrd,2016,156.549
khm,sex_m,geo_cov_nat,mts_details_mrd,2017,178.473
khm,sex_m,geo_cov_nat,mts_details_mrd,2019,322.326
khm,sex_m,geo_cov_nat,mts_details_sep,2007,2.989
khm,sex_m,geo_cov_nat,mts_details_sep,2009,4.824
khm,sex_m,geo_cov_nat,mts_details_sep,2010,5.69
khm,sex_m,geo_cov_nat,mts_details_sep,2011,3.814
khm,sex_m,geo_cov_nat,mts_details_sep,2012,4.952
khm,sex_m,geo_cov_nat,mts_details_sep,2013,4.024
khm,sex_m,geo_cov_nat,mts_details_sep,2014,4.122
khm,sex_m,geo_cov_nat,mts_details_sep,2015,6.398
khm,sex_m,geo_cov_nat,mts_details_sep,2017,6.1
khm,sex_m,geo_cov_nat,mts_details_sep,2019,8.012
khm,sex_m,geo_cov_nat,mts_details_sgle,2007,292.504
khm,sex_m,geo_cov_nat,mts_details_sgle,2008,331.245
khm,sex_m,geo_cov_nat,mts_details_sgle,2009,361.007
khm,sex_m,geo_cov_nat,mts_details_sgle,2010,338.449
khm,sex_m,geo_cov_nat,mts_details_sgle,2011,331.009
khm,sex_m,geo_cov_nat,mts_details_sgle,2012,723.132
khm,sex_m,geo_cov_nat,mts_details_sgle,2013,427.269
khm,sex_m,geo_cov_nat,mts_details_sgle,2014,464.128
khm,sex_m,geo_cov_nat,mts_details_sgle,2015,466.99
khm,sex_m,geo_cov_nat,mts_details_sgle,2016,427.878
khm,sex_m,geo_cov_nat,mts_details_sgle,2017,480.861
khm,sex_m,geo_cov_nat,mts_details_sgle,2019,514.866
khm,sex_m,geo_cov_nat,mts_details_total,2007,471.118
khm,sex_m,geo_cov_nat,mts_details_total,2008,558.227
khm,sex_m,geo_cov_nat,mts_details_total,2009,576.67
khm,sex_m,geo_cov_nat,mts_details_total,2010,512.638
khm,sex_m,geo_cov_nat,mts_details_total,2011,487.924
khm,sex_m,geo_cov_nat,mts_details_total,2012,1300.249
khm,sex_m,geo_cov_nat,mts_details_total,2013,654.021
khm,sex_m,geo_cov_nat,mts_details_total,2014,684.285
khm,sex_m,geo_cov_nat,mts_details_total,2015,708.643
khm,sex_m,geo_cov_nat,mts_details_total,2016,630.274
khm,sex_m,geo_cov_nat,mts_details_total,2017,706.101
khm,sex_m,geo_cov_nat,mts_details_total,2019,921.91
khm,sex_m,geo_cov_nat,mts_details_union,2012,1.936
khm,sex_m,geo_cov_nat,mts_details_union,2019,4.499
khm,sex_m,geo_cov_nat,mts_details_wid,2007,30.525
khm,sex_m,geo_cov_nat,mts_details_wid,2008,43.769
khm,sex_m,geo_cov_nat,mts_details_wid,2009,41.911
khm,sex_m,geo_cov_nat,mts_details_wid,2010,39.681
khm,sex_m,geo_cov_nat,mts_details_wid,2011,29.309
khm,sex_m,geo_cov_nat,mts_details_wid,2012,72.195
khm,sex_m,geo_cov_nat,mts_details_wid,2013,49.339
khm,sex_m,geo_cov_nat,mts_details_wid,2014,39.386
khm,sex_m,geo_cov_nat,mts_details_wid,2015,53.576
khm,sex_m,geo_cov_nat,mts_details_wid,2016,43.43
khm,sex_m,geo_cov_nat,mts_details_wid,2017,40.666
khm,sex_m,geo_cov_nat,mts_details_wid,2019,72.208
khm,sex_m,geo_cov_nat,mts_details_x,2007,5.983
khm,sex_m,geo_cov_rur,mts_aggregate_1,2007,179.698
khm,sex_m,geo_cov_rur,mts_aggregate_1,2008,232.178
khm,sex_m,geo_cov_rur,mts_aggregate_1,2009,247.403
khm,sex_m,geo_cov_rur,mts_aggregate_1,2010,231.044
khm,sex_m,geo_cov_rur,mts_aggregate_1,2011,210.551
khm,sex_m,geo_cov_rur,mts_aggregate_1,2012,535.865
khm,sex_m,geo_cov_rur,mts_aggregate_1,2013,300.973
khm,sex_m,geo_cov_rur,mts_aggregate_1,2014,358.156
khm,sex_m,geo_cov_rur,mts_aggregate_1,2015,367.989
khm,sex_m,geo_cov_rur,mts_aggregate_1,2016,332.82
khm,sex_m,geo_cov_rur,mts_aggregate_1,2017,353.758
khm,sex_m,geo_cov_rur,mts_aggregate_1,2019,342.099
khm,sex_m,geo_cov_rur,mts_aggregate_2,2007,100.361
khm,sex_m,geo_cov_rur,mts_aggregate_2,2008,143.159
khm,sex_m,geo_cov_rur,mts_aggregate_2,2009,122.235
khm,sex_m,geo_cov_rur,mts_aggregate_2,2010,88.823
khm,sex_m,geo_cov_rur,mts_aggregate_2,2011,85.413
khm,sex_m,geo_cov_rur,mts_aggregate_2,2012,423.844
khm,sex_m,geo_cov_rur,mts_aggregate_2,2013,128.318
khm,sex_m,geo_cov_rur,mts_aggregate_2,2014,131.432
khm,sex_m,geo_cov_rur,mts_aggregate_2,2015,121.927
khm,sex_m,geo_cov_rur,mts_aggregate_2,2016,101.074
khm,sex_m,geo_cov_rur,mts_aggregate_2,2017,112.985
khm,sex_m,geo_cov_rur,mts_aggregate_2,2019,177.508
khm,sex_m,geo_cov_rur,mts_aggregate_total,2007,282.283
khm,sex_m,geo_cov_rur,mts_aggregate_total,2008,375.336
khm,sex_m,geo_cov_rur,mts_aggregate_total,2009,369.638
khm,sex_m,geo_cov_rur,mts_aggregate_total,2010,319.867
khm,sex_m,geo_cov_rur,mts_aggregate_total,2011,295.963
khm,sex_m,geo_cov_rur,mts_aggregate_total,2012,959.709
khm,sex_m,geo_cov_rur,mts_aggregate_total,2013,429.29
khm,sex_m,geo_cov_rur,mts_aggregate_total,2014,489.588
khm,sex_m,geo_cov_rur,mts_aggregate_total,2015,489.916
khm,sex_m,geo_cov_rur,mts_aggregate_total,2016,433.894
khm,sex_m,geo_cov_rur,mts_aggregate_total,2017,466.744
khm,sex_m,geo_cov_rur,mts_aggregate_total,2019,519.607
khm,sex_m,geo_cov_rur,mts_aggregate_x,2007,2.224
khm,sex_m,geo_cov_rur,mts_details_mrd,2007,100.361
khm,sex_m,geo_cov_rur,mts_details_mrd,2008,143.159
khm,sex_m,geo_cov_rur,mts_details_mrd,2009,122.235
khm,sex_m,geo_cov_rur,mts_details_mrd,2010,88.823
khm,sex_m,geo_cov_rur,mts_details_mrd,2011,85.413
khm,sex_m,geo_cov_rur,mts_details_mrd,2012,421.907
khm,sex_m,geo_cov_rur,mts_details_mrd,2013,128.318
khm,sex_m,geo_cov_rur,mts_details_mrd,2014,131.432
khm,sex_m,geo_cov_rur,mts_details_mrd,2015,121.927
khm,sex_m,geo_cov_rur,mts_details_mrd,2016,101.074
khm,sex_m,geo_cov_rur,mts_details_mrd,2017,112.985
khm,sex_m,geo_cov_rur,mts_details_mrd,2019,174.024
khm,sex_m,geo_cov_rur,mts_details_sep,2007,1.305
khm,sex_m,geo_cov_rur,mts_details_sep,2009,2.633
khm,sex_m,geo_cov_rur,mts_details_sep,2012,4.952
khm,sex_m,geo_cov_rur,mts_details_sep,2014,3.43
khm,sex_m,geo_cov_rur,mts_details_sep,2015,5.34
khm,sex_m,geo_cov_rur,mts_details_sep,2017,6.1
khm,sex_m,geo_cov_rur,mts_details_sep,2019,2.667
khm,sex_m,geo_cov_rur,mts_details_sgle,2007,155.983
khm,sex_m,geo_cov_rur,mts_details_sgle,2008,202.338
khm,sex_m,geo_cov_rur,mts_details_sgle,2009,212.47
khm,sex_m,geo_cov_rur,mts_details_sgle,2010,194.318
khm,sex_m,geo_cov_rur,mts_details_sgle,2011,185.163
khm,sex_m,geo_cov_rur,mts_details_sgle,2012,478.819
khm,sex_m,geo_cov_rur,mts_details_sgle,2013,256.387
khm,sex_m,geo_cov_rur,mts_details_sgle,2014,325.907
khm,sex_m,geo_cov_rur,mts_details_sgle,2015,322.28
khm,sex_m,geo_cov_rur,mts_details_sgle,2016,296.797
khm,sex_m,geo_cov_rur,mts_details_sgle,2017,315.886
khm,sex_m,geo_cov_rur,mts_details_sgle,2019,293.249
khm,sex_m,geo_cov_rur,mts_details_total,2007,282.283
khm,sex_m,geo_cov_rur,mts_details_total,2008,375.336
khm,sex_m,geo_cov_rur,mts_details_total,2009,369.638
khm,sex_m,geo_cov_rur,mts_details_total,2010,319.867
khm,sex_m,geo_cov_rur,mts_details_total,2011,295.963
khm,sex_m,geo_cov_rur,mts_details_total,2012,959.709
khm,sex_m,geo_cov_rur,mts_details_total,2013,429.29
khm,sex_m,geo_cov_rur,mts_details_total,2014,489.588
khm,sex_m,geo_cov_rur,mts_details_total,2015,489.916
khm,sex_m,geo_cov_rur,mts_details_total,2016,433.894
khm,sex_m,geo_cov_rur,mts_details_total,2017,466.744
khm,sex_m,geo_cov_rur,mts_details_total,2019,519.607
khm,sex_m,geo_cov_rur,mts_details_union,2012,1.936
khm,sex_m,geo_cov_rur,mts_details_union,2019,3.484
khm,sex_m,geo_cov_rur,mts_details_wid,2007,22.41
khm,sex_m,geo_cov_rur,mts_details_wid,2008,28.69
khm,sex_m,geo_cov_rur,mts_details_wid,2009,32.3
khm,sex_m,geo_cov_rur,mts_details_wid,2010,31.819
khm,sex_m,geo_cov_rur,mts_details_wid,2011,24.78
khm,sex_m,geo_cov_rur,mts_details_wid,2012,52.094
khm,sex_m,geo_cov_rur,mts_details_wid,2013,41.587
khm,sex_m,geo_cov_rur,mts_details_wid,2014,28.819
khm,sex_m,geo_cov_rur,mts_details_wid,2015,40.37
khm,sex_m,geo_cov_rur,mts_details_wid,2016,34.159
khm,sex_m,geo_cov_rur,mts_details_wid,2017,31.772
khm,sex_m,geo_cov_rur,mts_details_wid,2019,46.183
khm,sex_m,geo_cov_rur,mts_details_x,2007,2.224
khm,sex_m,geo_cov_urb,mts_aggregate_1,2007,146.32
khm,sex_m,geo_cov_urb,mts_aggregate_1,2008,144.222
khm,sex_m,geo_cov_urb,mts_aggregate_1,2009,160.339
khm,sex_m,geo_cov_urb,mts_aggregate_1,2010,152.777
khm,sex_m,geo_cov_urb,mts_aggregate_1,2011,153.581
khm,sex_m,geo_cov_urb,mts_aggregate_1,2012,264.414
khm,sex_m,geo_cov_urb,mts_aggregate_1,2013,179.659
khm,sex_m,geo_cov_urb,mts_aggregate_1,2014,149.479
khm,sex_m,geo_cov_urb,mts_aggregate_1,2015,158.975
khm,sex_m,geo_cov_urb,mts_aggregate_1,2016,140.906
khm,sex_m,geo_cov_urb,mts_aggregate_1,2017,173.869
khm,sex_m,geo_cov_urb,mts_aggregate_1,2019,252.986
khm,sex_m,geo_cov_urb,mts_aggregate_2,2007,38.756
khm,sex_m,geo_cov_urb,mts_aggregate_2,2008,38.669
khm,sex_m,geo_cov_urb,mts_aggregate_2,2009,46.694
khm,sex_m,geo_cov_urb,mts_aggregate_2,2010,39.994
khm,sex_m,geo_cov_urb,mts_aggregate_2,2011,38.379
khm,sex_m,geo_cov_urb,mts_aggregate_2,2012,76.126
khm,sex_m,geo_cov_urb,mts_aggregate_2,2013,45.072
khm,sex_m,geo_cov_urb,mts_aggregate_2,2014,45.219
khm,sex_m,geo_cov_urb,mts_aggregate_2,2015,59.752
khm,sex_m,geo_cov_urb,mts_aggregate_2,2016,55.475
khm,sex_m,geo_cov_urb,mts_aggregate_2,2017,65.488
khm,sex_m,geo_cov_urb,mts_aggregate_2,2019,149.317
khm,sex_m,geo_cov_urb,mts_aggregate_total,2007,188.835
khm,sex_m,geo_cov_urb,mts_aggregate_total,2008,182.891
khm,sex_m,geo_cov_urb,mts_aggregate_total,2009,207.032
khm,sex_m,geo_cov_urb,mts_aggregate_total,2010,192.771
khm,sex_m,geo_cov_urb,mts_aggregate_total,2011,191.96
khm,sex_m,geo_cov_urb,mts_aggregate_total,2012,340.54
khm,sex_m,geo_cov_urb,mts_aggregate_total,2013,224.731
khm,sex_m,geo_cov_urb,mts_aggregate_total,2014,194.698
khm,sex_m,geo_cov_urb,mts_aggregate_total,2015,218.727
khm,sex_m,geo_cov_urb,mts_aggregate_total,2016,196.38
khm,sex_m,geo_cov_urb,mts_aggregate_total,2017,239.357
khm,sex_m,geo_cov_urb,mts_aggregate_total,2019,402.303
khm,sex_m,geo_cov_urb,mts_aggregate_x,2007,3.759
khm,sex_m,geo_cov_urb,mts_details_mrd,2007,38.756
khm,sex_m,geo_cov_urb,mts_details_mrd,2008,38.669
khm,sex_m,geo_cov_urb,mts_details_mrd,2009,46.694
khm,sex_m,geo_cov_urb,mts_details_mrd,2010,39.994
khm,sex_m,geo_cov_urb,mts_details_mrd,2011,38.379
khm,sex_m,geo_cov_urb,mts_details_mrd,2012,76.126
khm,sex_m,geo_cov_urb,mts_details_mrd,2013,45.072
khm,sex_m,geo_cov_urb,mts_details_mrd,2014,45.219
khm,sex_m,geo_cov_urb,mts_details_mrd,2015,59.752
khm,sex_m,geo_cov_urb,mts_details_mrd,2016,55.475
khm,sex_m,geo_cov_urb,mts_details_mrd,2017,65.488
khm,sex_m,geo_cov_urb,mts_details_mrd,2019,148.302
khm,sex_m,geo_cov_urb,mts_details_sep,2007,1.684
khm,sex_m,geo_cov_urb,mts_details_sep,2009,2.191
khm,sex_m,geo_cov_urb,mts_details_sep,2011,3.207
khm,sex_m,geo_cov_urb,mts_details_sep,2019,5.345
khm,sex_m,geo_cov_urb,mts_details_sgle,2007,136.521
khm,sex_m,geo_cov_urb,mts_details_sgle,2008,128.907
khm,sex_m,geo_cov_urb,mts_details_sgle,2009,148.537
khm,sex_m,geo_cov_urb,mts_details_sgle,2010,144.131
khm,sex_m,geo_cov_urb,mts_details_sgle,2011,145.845
khm,sex_m,geo_cov_urb,mts_details_sgle,2012,244.314
khm,sex_m,geo_cov_urb,mts_details_sgle,2013,170.882
khm,sex_m,geo_cov_urb,mts_details_sgle,2014,138.221
khm,sex_m,geo_cov_urb,mts_details_sgle,2015,144.71
khm,sex_m,geo_cov_urb,mts_details_sgle,2016,131.081
khm,sex_m,geo_cov_urb,mts_details_sgle,2017,164.975
khm,sex_m,geo_cov_urb,mts_details_sgle,2019,221.617
khm,sex_m,geo_cov_urb,mts_details_total,2007,188.835
khm,sex_m,geo_cov_urb,mts_details_total,2008,182.891
khm,sex_m,geo_cov_urb,mts_details_total,2009,207.032
khm,sex_m,geo_cov_urb,mts_details_total,2010,192.771
khm,sex_m,geo_cov_urb,mts_details_total,2011,191.96
khm,sex_m,geo_cov_urb,mts_details_total,2012,340.54
khm,sex_m,geo_cov_urb,mts_details_total,2013,224.731
khm,sex_m,geo_cov_urb,mts_details_total,2014,194.698
khm,sex_m,geo_cov_urb,mts_details_total,2015,218.727
khm,sex_m,geo_cov_urb,mts_details_total,2016,196.38
khm,sex_m,geo_cov_urb,mts_details_total,2017,239.357
khm,sex_m,geo_cov_urb,mts_details_total,2019,402.303
khm,sex_m,geo_cov_urb,mts_details_union,2019,1.014
khm,sex_m,geo_cov_urb,mts_details_wid,2007,8.115
khm,sex_m,geo_cov_urb,mts_details_wid,2008,15.079
khm,sex_m,geo_cov_urb,mts_details_wid,2009,9.61
khm,sex_m,geo_cov_urb,mts_details_wid,2010,7.862
khm,sex_m,geo_cov_urb,mts_details_wid,2011,4.529
khm,sex_m,geo_cov_urb,mts_details_wid,2012,20.101
khm,sex_m,geo_cov_urb,mts_details_wid,2013,7.752
khm,sex_m,geo_cov_urb,mts_details_wid,2014,10.567
khm,sex_m,geo_cov_urb,mts_details_wid,2015,13.206
khm,sex_m,geo_cov_urb,mts_details_wid,2016,9.272
khm,sex_m,geo_cov_urb,mts_details_wid,2017,8.894
khm,sex_m,geo_cov_urb,mts_details_wid,2019,26.025
khm,sex_m,geo_cov_urb,mts_details_x,2007,3.759
khm,sex_t,geo_cov_nat,mts_aggregate_1,2007,920.144
khm,sex_t,geo_cov_nat,mts_aggregate_1,2008,1043.194
khm,sex_t,geo_cov_nat,mts_aggregate_1,2009,1011.569
khm,sex_t,geo_cov_nat,mts_aggregate_1,2010,922.017
khm,sex_t,geo_cov_nat,mts_aggregate_1,2011,875.052
khm,sex_t,geo_cov_nat,mts_aggregate_1,2012,1844.406
khm,sex_t,geo_cov_nat,mts_aggregate_1,2013,1227.868
khm,sex_t,geo_cov_nat,mts_aggregate_1,2014,1271.846
khm,sex_t,geo_cov_nat,mts_aggregate_1,2015,1349.521
khm,sex_t,geo_cov_nat,mts_aggregate_1,2016,1221.906
khm,sex_t,geo_cov_nat,mts_aggregate_1,2017,1310.312
khm,sex_t,geo_cov_nat,mts_aggregate_1,2019,1597.851
khm,sex_t,geo_cov_nat,mts_aggregate_2,2007,712.025
khm,sex_t,geo_cov_nat,mts_aggregate_2,2008,856.957
khm,sex_t,geo_cov_nat,mts_aggregate_2,2009,693.833
khm,sex_t,geo_cov_nat,mts_aggregate_2,2010,520.477
khm,sex_t,geo_cov_nat,mts_aggregate_2,2011,530.629
khm,sex_t,geo_cov_nat,mts_aggregate_2,2012,1614.897
khm,sex_t,geo_cov_nat,mts_aggregate_2,2013,821.296
khm,sex_t,geo_cov_nat,mts_aggregate_2,2014,834.042
khm,sex_t,geo_cov_nat,mts_aggregate_2,2015,869.351
khm,sex_t,geo_cov_nat,mts_aggregate_2,2016,793.684
khm,sex_t,geo_cov_nat,mts_aggregate_2,2017,771.132
khm,sex_t,geo_cov_nat,mts_aggregate_2,2019,1161.268
khm,sex_t,geo_cov_nat,mts_aggregate_total,2007,1651.64
khm,sex_t,geo_cov_nat,mts_aggregate_total,2008,1900.151
khm,sex_t,geo_cov_nat,mts_aggregate_total,2009,1705.402
khm,sex_t,geo_cov_nat,mts_aggregate_total,2010,1442.494
khm,sex_t,geo_cov_nat,mts_aggregate_total,2011,1405.681
khm,sex_t,geo_cov_nat,mts_aggregate_total,2012,3459.303
khm,sex_t,geo_cov_nat,mts_aggregate_total,2013,2049.164
khm,sex_t,geo_cov_nat,mts_aggregate_total,2014,2105.888
khm,sex_t,geo_cov_nat,mts_aggregate_total,2015,2218.871
khm,sex_t,geo_cov_nat,mts_aggregate_total,2016,2015.59
khm,sex_t,geo_cov_nat,mts_aggregate_total,2017,2081.443
khm,sex_t,geo_cov_nat,mts_aggregate_total,2019,2759.119
khm,sex_t,geo_cov_nat,mts_aggregate_x,2007,19.471
khm,sex_t,geo_cov_nat,mts_details_mrd,2007,712.025
khm,sex_t,geo_cov_nat,mts_details_mrd,2008,856.957
khm,sex_t,geo_cov_nat,mts_details_mrd,2009,693.833
khm,sex_t,geo_cov_nat,mts_details_mrd,2010,520.477
khm,sex_t,geo_cov_nat,mts_details_mrd,2011,530.629
khm,sex_t,geo_cov_nat,mts_details_mrd,2012,1606.543
khm,sex_t,geo_cov_nat,mts_details_mrd,2013,821.296
khm,sex_t,geo_cov_nat,mts_details_mrd,2014,834.042
khm,sex_t,geo_cov_nat,mts_details_mrd,2015,869.351
khm,sex_t,geo_cov_nat,mts_details_mrd,2016,793.684
khm,sex_t,geo_cov_nat,mts_details_mrd,2017,771.132
khm,sex_t,geo_cov_nat,mts_details_mrd,2019,1145.736
khm,sex_t,geo_cov_nat,mts_details_sep,2007,20.268
khm,sex_t,geo_cov_nat,mts_details_sep,2008,15.856
khm,sex_t,geo_cov_nat,mts_details_sep,2009,24.547
khm,sex_t,geo_cov_nat,mts_details_sep,2010,23.579
khm,sex_t,geo_cov_nat,mts_details_sep,2011,16.607
khm,sex_t,geo_cov_nat,mts_details_sep,2012,43.234
khm,sex_t,geo_cov_nat,mts_details_sep,2013,16.426
khm,sex_t,geo_cov_nat,mts_details_sep,2014,22.117
khm,sex_t,geo_cov_nat,mts_details_sep,2015,36.5
khm,sex_t,geo_cov_nat,mts_details_sep,2016,21.776
khm,sex_t,geo_cov_nat,mts_details_sep,2017,18.667
khm,sex_t,geo_cov_nat,mts_details_sep,2019,45.87
khm,sex_t,geo_cov_nat,mts_details_sgle,2007,587.722
khm,sex_t,geo_cov_nat,mts_details_sgle,2008,669.58
khm,sex_t,geo_cov_nat,mts_details_sgle,2009,683.7
khm,sex_t,geo_cov_nat,mts_details_sgle,2010,618.123
khm,sex_t,geo_cov_nat,mts_details_sgle,2011,598.968
khm,sex_t,geo_cov_nat,mts_details_sgle,2012,1356.178
khm,sex_t,geo_cov_nat,mts_details_sgle,2013,840.698
khm,sex_t,geo_cov_nat,mts_details_sgle,2014,904.098
khm,sex_t,geo_cov_nat,mts_details_sgle,2015,906.857
khm,sex_t,geo_cov_nat,mts_details_sgle,2016,840.866
khm,sex_t,geo_cov_nat,mts_details_sgle,2017,948.582
khm,sex_t,geo_cov_nat,mts_details_sgle,2019,1090.987
khm,sex_t,geo_cov_nat,mts_details_total,2007,1651.64
khm,sex_t,geo_cov_nat,mts_details_total,2008,1900.151
khm,sex_t,geo_cov_nat,mts_details_total,2009,1705.402
khm,sex_t,geo_cov_nat,mts_details_total,2010,1442.494
khm,sex_t,geo_cov_nat,mts_details_total,2011,1405.681
khm,sex_t,geo_cov_nat,mts_details_total,2012,3459.303
khm,sex_t,geo_cov_nat,mts_details_total,2013,2049.164
khm,sex_t,geo_cov_nat,mts_details_total,2014,2105.888
khm,sex_t,geo_cov_nat,mts_details_total,2015,2218.871
khm,sex_t,geo_cov_nat,mts_details_total,2016,2015.59
khm,sex_t,geo_cov_nat,mts_details_total,2017,2081.443
khm,sex_t,geo_cov_nat,mts_details_total,2019,2759.119
khm,sex_t,geo_cov_nat,mts_details_union,2012,8.354
khm,sex_t,geo_cov_nat,mts_details_union,2019,15.532
khm,sex_t,geo_cov_nat,mts_details_wid,2007,312.154
khm,sex_t,geo_cov_nat,mts_details_wid,2008,357.758
khm,sex_t,geo_cov_nat,mts_details_wid,2009,303.322
khm,sex_t,geo_cov_nat,mts_details_wid,2010,280.316
khm,sex_t,geo_cov_nat,mts_details_wid,2011,259.477
khm,sex_t,geo_cov_nat,mts_details_wid,2012,444.994
khm,sex_t,geo_cov_nat,mts_details_wid,2013,370.743
khm,sex_t,geo_cov_nat,mts_details_wid,2014,345.63
khm,sex_t,geo_cov_nat,mts_details_wid,2015,406.164
khm,sex_t,geo_cov_nat,mts_details_wid,2016,359.264
khm,sex_t,geo_cov_nat,mts_details_wid,2017,343.063
khm,sex_t,geo_cov_nat,mts_details_wid,2019,460.994
khm,sex_t,geo_cov_nat,mts_details_x,2007,19.471
khm,sex_t,geo_cov_rur,mts_aggregate_1,2007,582.334
khm,sex_t,geo_cov_rur,mts_aggregate_1,2008,682.489
khm,sex_t,geo_cov_rur,mts_aggregate_1,2009,648.937
khm,sex_t,geo_cov_rur,mts_aggregate_1,2010,587.778
khm,sex_t,geo_cov_rur,mts_aggregate_1,2011,543.566
khm,sex_t,geo_cov_rur,mts_aggregate_1,2012,1275.257
khm,sex_t,geo_cov_rur,mts_aggregate_1,2013,834.305
khm,sex_t,geo_cov_rur,mts_aggregate_1,2014,908.213
khm,sex_t,geo_cov_rur,mts_aggregate_1,2015,949.017
khm,sex_t,geo_cov_rur,mts_aggregate_1,2016,857.529
khm,sex_t,geo_cov_rur,mts_aggregate_1,2017,881.649
khm,sex_t,geo_cov_rur,mts_aggregate_1,2019,938.276
khm,sex_t,geo_cov_rur,mts_aggregate_2,2007,527.252
khm,sex_t,geo_cov_rur,mts_aggregate_2,2008,628.09
khm,sex_t,geo_cov_rur,mts_aggregate_2,2009,473.158
khm,sex_t,geo_cov_rur,mts_aggregate_2,2010,341.081
khm,sex_t,geo_cov_rur,mts_aggregate_2,2011,337.571
khm,sex_t,geo_cov_rur,mts_aggregate_2,2012,1309.568
khm,sex_t,geo_cov_rur,mts_aggregate_2,2013,583.303
khm,sex_t,geo_cov_rur,mts_aggregate_2,2014,577.562
khm,sex_t,geo_cov_rur,mts_aggregate_2,2015,598.989
khm,sex_t,geo_cov_rur,mts_aggregate_2,2016,530.755
khm,sex_t,geo_cov_rur,mts_aggregate_2,2017,463.341
khm,sex_t,geo_cov_rur,mts_aggregate_2,2019,614.676
khm,sex_t,geo_cov_rur,mts_aggregate_total,2007,1119.798
khm,sex_t,geo_cov_rur,mts_aggregate_total,2008,1310.58
khm,sex_t,geo_cov_rur,mts_aggregate_total,2009,1122.094
khm,sex_t,geo_cov_rur,mts_aggregate_total,2010,928.859
khm,sex_t,geo_cov_rur,mts_aggregate_total,2011,881.137
khm,sex_t,geo_cov_rur,mts_aggregate_total,2012,2584.825
khm,sex_t,geo_cov_rur,mts_aggregate_total,2013,1417.607
khm,sex_t,geo_cov_rur,mts_aggregate_total,2014,1485.775
khm,sex_t,geo_cov_rur,mts_aggregate_total,2015,1548.006
khm,sex_t,geo_cov_rur,mts_aggregate_total,2016,1388.284
khm,sex_t,geo_cov_rur,mts_aggregate_total,2017,1344.99
khm,sex_t,geo_cov_rur,mts_aggregate_total,2019,1552.953
khm,sex_t,geo_cov_rur,mts_aggregate_x,2007,10.213
khm,sex_t,geo_cov_rur,mts_details_mrd,2007,527.252
khm,sex_t,geo_cov_rur,mts_details_mrd,2008,628.09
khm,sex_t,geo_cov_rur,mts_details_mrd,2009,473.158
khm,sex_t,geo_cov_rur,mts_details_mrd,2010,341.081
khm,sex_t,geo_cov_rur,mts_details_mrd,2011,337.571
khm,sex_t,geo_cov_rur,mts_details_mrd,2012,1303.72
khm,sex_t,geo_cov_rur,mts_details_mrd,2013,583.303
khm,sex_t,geo_cov_rur,mts_details_mrd,2014,577.562
khm,sex_t,geo_cov_rur,mts_details_mrd,2015,598.989
khm,sex_t,geo_cov_rur,mts_details_mrd,2016,530.755
khm,sex_t,geo_cov_rur,mts_details_mrd,2017,463.341
khm,sex_t,geo_cov_rur,mts_details_mrd,2019,603.963
khm,sex_t,geo_cov_rur,mts_details_sep,2007,13.739
khm,sex_t,geo_cov_rur,mts_details_sep,2008,11.857
khm,sex_t,geo_cov_rur,mts_details_sep,2009,16.235
khm,sex_t,geo_cov_rur,mts_details_sep,2010,17.532
khm,sex_t,geo_cov_rur,mts_details_sep,2011,8.844
khm,sex_t,geo_cov_rur,mts_details_sep,2012,35.215
khm,sex_t,geo_cov_rur,mts_details_sep,2013,12.061
khm,sex_t,geo_cov_rur,mts_details_sep,2014,15.545
khm,sex_t,geo_cov_rur,mts_details_sep,2015,27.72
khm,sex_t,geo_cov_rur,mts_details_sep,2016,16.691
khm,sex_t,geo_cov_rur,mts_details_sep,2017,16.528
khm,sex_t,geo_cov_rur,mts_details_sep,2019,21.106
khm,sex_t,geo_cov_rur,mts_details_sgle,2007,328.995
khm,sex_t,geo_cov_rur,mts_details_sgle,2008,402.757
khm,sex_t,geo_cov_rur,mts_details_sgle,2009,401.185
khm,sex_t,geo_cov_rur,mts_details_sgle,2010,361.975
khm,sex_t,geo_cov_rur,mts_details_sgle,2011,332.016
khm,sex_t,geo_cov_rur,mts_details_sgle,2012,904.133
khm,sex_t,geo_cov_rur,mts_details_sgle,2013,535.462
khm,sex_t,geo_cov_rur,mts_details_sgle,2014,630.982
khm,sex_t,geo_cov_rur,mts_details_sgle,2015,622.518
khm,sex_t,geo_cov_rur,mts_details_sgle,2016,578.251
khm,sex_t,geo_cov_rur,mts_details_sgle,2017,624.772
khm,sex_t,geo_cov_rur,mts_details_sgle,2019,633.205
khm,sex_t,geo_cov_rur,mts_details_total,2007,1119.798
khm,sex_t,geo_cov_rur,mts_details_total,2008,1310.58
khm,sex_t,geo_cov_rur,mts_details_total,2009,1122.094
khm,sex_t,geo_cov_rur,mts_details_total,2010,928.859
khm,sex_t,geo_cov_rur,mts_details_total,2011,881.137
khm,sex_t,geo_cov_rur,mts_details_total,2012,2584.825
khm,sex_t,geo_cov_rur,mts_details_total,2013,1417.607
khm,sex_t,geo_cov_rur,mts_details_total,2014,1485.775
khm,sex_t,geo_cov_rur,mts_details_total,2015,1548.006
khm,sex_t,geo_cov_rur,mts_details_total,2016,1388.284
khm,sex_t,geo_cov_rur,mts_details_total,2017,1344.99
khm,sex_t,geo_cov_rur,mts_details_total,2019,1552.953
khm,sex_t,geo_cov_rur,mts_details_union,2012,5.848
khm,sex_t,geo_cov_rur,mts_details_union,2019,10.714
khm,sex_t,geo_cov_rur,mts_details_wid,2007,239.6
khm,sex_t,geo_cov_rur,mts_details_wid,2008,267.875
khm,sex_t,geo_cov_rur,mts_details_wid,2009,231.516
khm,sex_t,geo_cov_rur,mts_details_wid,2010,208.271
khm,sex_t,geo_cov_rur,mts_details_wid,2011,202.706
khm,sex_t,geo_cov_rur,mts_details_wid,2012,335.909
khm,sex_t,geo_cov_rur,mts_details_wid,2013,286.782
khm,sex_t,geo_cov_rur,mts_details_wid,2014,261.686
khm,sex_t,geo_cov_rur,mts_details_wid,2015,298.779
khm,sex_t,geo_cov_rur,mts_details_wid,2016,262.587
khm,sex_t,geo_cov_rur,mts_details_wid,2017,240.35
khm,sex_t,geo_cov_rur,mts_details_wid,2019,283.966
khm,sex_t,geo_cov_rur,mts_details_x,2007,10.213
khm,sex_t,geo_cov_urb,mts_aggregate_1,2007,337.811
khm,sex_t,geo_cov_urb,mts_aggregate_1,2008,360.704
khm,sex_t,geo_cov_urb,mts_aggregate_1,2009,362.633
khm,sex_t,geo_cov_urb,mts_aggregate_1,2010,334.24
khm,sex_t,geo_cov_urb,mts_aggregate_1,2011,331.486
khm,sex_t,geo_cov_urb,mts_aggregate_1,2012,569.15
khm,sex_t,geo_cov_urb,mts_aggregate_1,2013,393.563
khm,sex_t,geo_cov_urb,mts_aggregate_1,2014,363.632
khm,sex_t,geo_cov_urb,mts_aggregate_1,2015,400.504
khm,sex_t,geo_cov_urb,mts_aggregate_1,2016,364.377
khm,sex_t,geo_cov_urb,mts_aggregate_1,2017,428.663
khm,sex_t,geo_cov_urb,mts_aggregate_1,2019,659.575
khm,sex_t,geo_cov_urb,mts_aggregate_2,2007,184.773
khm,sex_t,geo_cov_urb,mts_aggregate_2,2008,228.866
khm,sex_t,geo_cov_urb,mts_aggregate_2,2009,220.675
khm,sex_t,geo_cov_urb,mts_aggregate_2,2010,179.396
khm,sex_t,geo_cov_urb,mts_aggregate_2,2011,193.058
khm,sex_t,geo_cov_urb,mts_aggregate_2,2012,305.329
khm,sex_t,geo_cov_urb,mts_aggregate_2,2013,237.994
khm,sex_t,geo_cov_urb,mts_aggregate_2,2014,256.481
khm,sex_t,geo_cov_urb,mts_aggregate_2,2015,270.362
khm,sex_t,geo_cov_urb,mts_aggregate_2,2016,262.929
khm,sex_t,geo_cov_urb,mts_aggregate_2,2017,307.791
khm,sex_t,geo_cov_urb,mts_aggregate_2,2019,546.591
khm,sex_t,geo_cov_urb,mts_aggregate_total,2007,531.842
khm,sex_t,geo_cov_urb,mts_aggregate_total,2008,589.571
khm,sex_t,geo_cov_urb,mts_aggregate_total,2009,583.308
khm,sex_t,geo_cov_urb,mts_aggregate_total,2010,513.635
khm,sex_t,geo_cov_urb,mts_aggregate_total,2011,524.544
khm,sex_t,geo_cov_urb,mts_aggregate_total,2012,874.478
khm,sex_t,geo_cov_urb,mts_aggregate_total,2013,631.557
khm,sex_t,geo_cov_urb,mts_aggregate_total,2014,620.113
khm,sex_t,geo_cov_urb,mts_aggregate_total,2015,670.866
khm,sex_t,geo_cov_urb,mts_aggregate_total,2016,627.306
khm,sex_t,geo_cov_urb,mts_aggregate_total,2017,736.454
khm,sex_t,geo_cov_urb,mts_aggregate_total,2019,1206.166
khm,sex_t,geo_cov_urb,mts_aggregate_x,2007,9.258
khm,sex_t,geo_cov_urb,mts_details_mrd,2007,184.773
khm,sex_t,geo_cov_urb,mts_details_mrd,2008,228.866
khm,sex_t,geo_cov_urb,mts_details_mrd,2009,220.675
khm,sex_t,geo_cov_urb,mts_details_mrd,2010,179.396
khm,sex_t,geo_cov_urb,mts_details_mrd,2011,193.058
khm,sex_t,geo_cov_urb,mts_details_mrd,2012,302.823
khm,sex_t,geo_cov_urb,mts_details_mrd,2013,237.994
khm,sex_t,geo_cov_urb,mts_details_mrd,2014,256.481
khm,sex_t,geo_cov_urb,mts_details_mrd,2015,270.362
khm,sex_t,geo_cov_urb,mts_details_mrd,2016,262.929
khm,sex_t,geo_cov_urb,mts_details_mrd,2017,307.791
khm,sex_t,geo_cov_urb,mts_details_mrd,2019,541.773
khm,sex_t,geo_cov_urb,mts_details_sep,2007,6.53
khm,sex_t,geo_cov_urb,mts_details_sep,2008,3.999
khm,sex_t,geo_cov_urb,mts_details_sep,2009,8.312
khm,sex_t,geo_cov_urb,mts_details_sep,2010,6.047
khm,sex_t,geo_cov_urb,mts_details_sep,2011,7.763
khm,sex_t,geo_cov_urb,mts_details_sep,2012,8.02
khm,sex_t,geo_cov_urb,mts_details_sep,2013,4.365
khm,sex_t,geo_cov_urb,mts_details_sep,2014,6.572
khm,sex_t,geo_cov_urb,mts_details_sep,2015,8.78
khm,sex_t,geo_cov_urb,mts_details_sep,2016,5.085
khm,sex_t,geo_cov_urb,mts_details_sep,2017,2.139
khm,sex_t,geo_cov_urb,mts_details_sep,2019,24.764
khm,sex_t,geo_cov_urb,mts_details_sgle,2007,258.727
khm,sex_t,geo_cov_urb,mts_details_sgle,2008,266.823
khm,sex_t,geo_cov_urb,mts_details_sgle,2009,282.515
khm,sex_t,geo_cov_urb,mts_details_sgle,2010,256.148
khm,sex_t,geo_cov_urb,mts_details_sgle,2011,266.952
khm,sex_t,geo_cov_urb,mts_details_sgle,2012,452.045
khm,sex_t,geo_cov_urb,mts_details_sgle,2013,305.236
khm,sex_t,geo_cov_urb,mts_details_sgle,2014,273.116
khm,sex_t,geo_cov_urb,mts_details_sgle,2015,284.339
khm,sex_t,geo_cov_urb,mts_details_sgle,2016,262.615
khm,sex_t,geo_cov_urb,mts_details_sgle,2017,323.81
khm,sex_t,geo_cov_urb,mts_details_sgle,2019,457.782
khm,sex_t,geo_cov_urb,mts_details_total,2007,531.842
khm,sex_t,geo_cov_urb,mts_details_total,2008,589.571
khm,sex_t,geo_cov_urb,mts_details_total,2009,583.308
khm,sex_t,geo_cov_urb,mts_details_total,2010,513.635
khm,sex_t,geo_cov_urb,mts_details_total,2011,524.544
khm,sex_t,geo_cov_urb,mts_details_total,2012,874.478
khm,sex_t,geo_cov_urb,mts_details_total,2013,631.557
khm,sex_t,geo_cov_urb,mts_details_total,2014,620.113
khm,sex_t,geo_cov_urb,mts_details_total,2015,670.866
khm,sex_t,geo_cov_urb,mts_details_total,2016,627.306
khm,sex_t,geo_cov_urb,mts_details_total,2017,736.454
khm,sex_t,geo_cov_urb,mts_details_total,2019,1206.166
khm,sex_t,geo_cov_urb,mts_details_union,2012,2.506
khm,sex_t,geo_cov_urb,mts_details_union,2019,4.819
khm,sex_t,geo_cov_urb,mts_details_wid,2007,72.554
khm,sex_t,geo_cov_urb,mts_details_wid,2008,89.883
khm,sex_t,geo_cov_urb,mts_details_wid,2009,71.805
khm,sex_t,geo_cov_urb,mts_details_wid,2010,72.045
khm,sex_t,geo_cov_urb,mts_details_wid,2011,56.771
khm,sex_t,geo_cov_urb,mts_details_wid,2012,109.085
khm,sex_t,geo_cov_urb,mts_details_wid,2013,83.962
khm,sex_t,geo_cov_urb,mts_details_wid,2014,83.944
khm,sex_t,geo_cov_urb,mts_details_wid,2015,107.385
khm,sex_t,geo_cov_urb,mts_details_wid,2016,96.677
khm,sex_t,geo_cov_urb,mts_details_wid,2017,102.713
khm,sex_t,geo_cov_urb,mts_details_wid,2019,177.028
khm,sex_t,geo_cov_urb,mts_details_x,2007,9.258
kor,sex_f,geo_cov_nat,mts_aggregate_1,2000,3996.542
kor,sex_f,geo_cov_nat,mts_aggregate_1,2001,3970.278
kor,sex_f,geo_cov_nat,mts_aggregate_1,2002,3986.039
kor,sex_f,geo_cov_nat,mts_aggregate_1,2013,4584.052
kor,sex_f,geo_cov_nat,mts_aggregate_1,2014,4531.332
kor,sex_f,geo_cov_nat,mts_aggregate_1,2015,4546.343
kor,sex_f,geo_cov_nat,mts_aggregate_1,2016,4601.761
kor,sex_f,geo_cov_nat,mts_aggregate_1,2017,4616.023
kor,sex_f,geo_cov_nat,mts_aggregate_1,2018,4636.646
kor,sex_f,geo_cov_nat,mts_aggregate_1,2019,4657.033
kor,sex_f,geo_cov_nat,mts_aggregate_1,2020,4768.721
kor,sex_f,geo_cov_nat,mts_aggregate_1,2021,4775.285
kor,sex_f,geo_cov_nat,mts_aggregate_2,2000,5451.558
kor,sex_f,geo_cov_nat,mts_aggregate_2,2001,5461.717
kor,sex_f,geo_cov_nat,mts_aggregate_2,2002,5462.753
kor,sex_f,geo_cov_nat,mts_aggregate_2,2013,6037.985
kor,sex_f,geo_cov_nat,mts_aggregate_2,2014,5947.135
kor,sex_f,geo_cov_nat,mts_aggregate_2,2015,5924.416
kor,sex_f,geo_cov_nat,mts_aggregate_2,2016,5911.417
kor,sex_f,geo_cov_nat,mts_aggregate_2,2017,5856.323
kor,sex_f,geo_cov_nat,mts_aggregate_2,2018,5869.373
kor,sex_f,geo_cov_nat,mts_aggregate_2,2019,5780.746
kor,sex_f,geo_cov_nat,mts_aggregate_2,2020,5881.833
kor,sex_f,geo_cov_nat,mts_aggregate_2,2021,5818.835
kor,sex_f,geo_cov_nat,mts_aggregate_total,2000,9448.1
kor,sex_f,geo_cov_nat,mts_aggregate_total,2001,9431.994
kor,sex_f,geo_cov_nat,mts_aggregate_total,2002,9448.792
kor,sex_f,geo_cov_nat,mts_aggregate_total,2013,10622.037
kor,sex_f,geo_cov_nat,mts_aggregate_total,2014,10478.467
kor,sex_f,geo_cov_nat,mts_aggregate_total,2015,10470.758
kor,sex_f,geo_cov_nat,mts_aggregate_total,2016,10513.177
kor,sex_f,geo_cov_nat,mts_aggregate_total,2017,10472.346
kor,sex_f,geo_cov_nat,mts_aggregate_total,2018,10506.019
kor,sex_f,geo_cov_nat,mts_aggregate_total,2019,10437.778
kor,sex_f,geo_cov_nat,mts_aggregate_total,2020,10650.554
kor,sex_f,geo_cov_nat,mts_aggregate_total,2021,10594.12
kor,sex_f,geo_cov_nat,mts_details_mrd,2000,5451.558
kor,sex_f,geo_cov_nat,mts_details_mrd,2001,5461.717
kor,sex_f,geo_cov_nat,mts_details_mrd,2002,5462.753
kor,sex_f,geo_cov_nat,mts_details_mrd,2013,6037.985
kor,sex_f,geo_cov_nat,mts_details_mrd,2014,5947.135
kor,sex_f,geo_cov_nat,mts_details_mrd,2015,5924.416
kor,sex_f,geo_cov_nat,mts_details_mrd,2016,5911.417
kor,sex_f,geo_cov_nat,mts_details_mrd,2017,5856.323
kor,sex_f,geo_cov_nat,mts_details_mrd,2018,5869.373
kor,sex_f,geo_cov_nat,mts_details_mrd,2019,5780.746
kor,sex_f,geo_cov_nat,mts_details_mrd,2020,5881.833
kor,sex_f,geo_cov_nat,mts_details_mrd,2021,5818.835
kor,sex_f,geo_cov_nat,mts_details_sep,2000,96.29
kor,sex_f,geo_cov_nat,mts_details_sep,2001,115.783
kor,sex_f,geo_cov_nat,mts_details_sep,2002,125.008
kor,sex_f,geo_cov_nat,mts_details_sep,2013,217.9
kor,sex_f,geo_cov_nat,mts_details_sep,2014,217.501
kor,sex_f,geo_cov_nat,mts_details_sep,2015,245.011
kor,sex_f,geo_cov_nat,mts_details_sep,2016,267.301
kor,sex_f,geo_cov_nat,mts_details_sep,2017,260.346
kor,sex_f,geo_cov_nat,mts_details_sep,2018,295.728
kor,sex_f,geo_cov_nat,mts_details_sep,2019,326.524
kor,sex_f,geo_cov_nat,mts_details_sep,2020,376.387
kor,sex_f,geo_cov_nat,mts_details_sep,2021,439.095
kor,sex_f,geo_cov_nat,mts_details_sgle,2000,2398.059
kor,sex_f,geo_cov_nat,mts_details_sgle,2001,2338.313
kor,sex_f,geo_cov_nat,mts_details_sgle,2002,2291.823
kor,sex_f,geo_cov_nat,mts_details_sgle,2013,2567.714
kor,sex_f,geo_cov_nat,mts_details_sgle,2014,2505.855
kor,sex_f,geo_cov_nat,mts_details_sgle,2015,2458.881
kor,sex_f,geo_cov_nat,mts_details_sgle,2016,2455.638
kor,sex_f,geo_cov_nat,mts_details_sgle,2017,2446.989
kor,sex_f,geo_cov_nat,mts_details_sgle,2018,2424.708
kor,sex_f,geo_cov_nat,mts_details_sgle,2019,2451.452
kor,sex_f,geo_cov_nat,mts_details_sgle,2020,2537.488
kor,sex_f,geo_cov_nat,mts_details_sgle,2021,2451.832
kor,sex_f,geo_cov_nat,mts_details_total,2000,9448.1
kor,sex_f,geo_cov_nat,mts_details_total,2001,9431.994
kor,sex_f,geo_cov_nat,mts_details_total,2002,9448.792
kor,sex_f,geo_cov_nat,mts_details_total,2013,10622.037
kor,sex_f,geo_cov_nat,mts_details_total,2014,10478.467
kor,sex_f,geo_cov_nat,mts_details_total,2015,10470.758
kor,sex_f,geo_cov_nat,mts_details_total,2016,10513.177
kor,sex_f,geo_cov_nat,mts_details_total,2017,10472.346
kor,sex_f,geo_cov_nat,mts_details_total,2018,10506.019
kor,sex_f,geo_cov_nat,mts_details_total,2019,10437.778
kor,sex_f,geo_cov_nat,mts_details_total,2020,10650.554
kor,sex_f,geo_cov_nat,mts_details_total,2021,10594.12
kor,sex_f,geo_cov_nat,mts_details_wid,2000,1502.193
kor,sex_f,geo_cov_nat,mts_details_wid,2001,1516.182
kor,sex_f,geo_cov_nat,mts_details_wid,2002,1569.208
kor,sex_f,geo_cov_nat,mts_details_wid,2013,1798.437
kor,sex_f,geo_cov_nat,mts_details_wid,2014,1807.976
kor,sex_f,geo_cov_nat,mts_details_wid,2015,1842.451
kor,sex_f,geo_cov_nat,mts_details_wid,2016,1878.821
kor,sex_f,geo_cov_nat,mts_details_wid,2017,1908.687
kor,sex_f,geo_cov_nat,mts_details_wid,2018,1916.21
kor,sex_f,geo_cov_nat,mts_details_wid,2019,1879.057
kor,sex_f,geo_cov_nat,mts_details_wid,2020,1854.846
kor,sex_f,geo_cov_nat,mts_details_wid,2021,1884.358
kor,sex_f,geo_cov_rur,mts_aggregate_1,2000,211.966
kor,sex_f,geo_cov_rur,mts_aggregate_1,2001,837.04
kor,sex_f,geo_cov_rur,mts_aggregate_1,2002,836.429
kor,sex_f,geo_cov_rur,mts_aggregate_1,2013,818.814
kor,sex_f,geo_cov_rur,mts_aggregate_1,2014,814.081
kor,sex_f,geo_cov_rur,mts_aggregate_1,2015,838.462
kor,sex_f,geo_cov_rur,mts_aggregate_1,2016,828.195
kor,sex_f,geo_cov_rur,mts_aggregate_1,2017,835.04
kor,sex_f,geo_cov_rur,mts_aggregate_1,2018,855.284
kor,sex_f,geo_cov_rur,mts_aggregate_1,2019,849.1
kor,sex_f,geo_cov_rur,mts_aggregate_1,2020,850.437
kor,sex_f,geo_cov_rur,mts_aggregate_1,2021,829.548
kor,sex_f,geo_cov_rur,mts_aggregate_2,2000,200.135
kor,sex_f,geo_cov_rur,mts_aggregate_2,2001,804.048
kor,sex_f,geo_cov_rur,mts_aggregate_2,2002,815.022
kor,sex_f,geo_cov_rur,mts_aggregate_2,2013,873.749
kor,sex_f,geo_cov_rur,mts_aggregate_2,2014,861.982
kor,sex_f,geo_cov_rur,mts_aggregate_2,2015,863.488
kor,sex_f,geo_cov_rur,mts_aggregate_2,2016,867.19
kor,sex_f,geo_cov_rur,mts_aggregate_2,2017,876.746
kor,sex_f,geo_cov_rur,mts_aggregate_2,2018,874.268
kor,sex_f,geo_cov_rur,mts_aggregate_2,2019,868.108
kor,sex_f,geo_cov_rur,mts_aggregate_2,2020,866.143
kor,sex_f,geo_cov_rur,mts_aggregate_2,2021,844.186
kor,sex_f,geo_cov_rur,mts_aggregate_total,2000,412.101
kor,sex_f,geo_cov_rur,mts_aggregate_total,2001,1641.088
kor,sex_f,geo_cov_rur,mts_aggregate_total,2002,1651.45
kor,sex_f,geo_cov_rur,mts_aggregate_total,2013,1692.563
kor,sex_f,geo_cov_rur,mts_aggregate_total,2014,1676.063
kor,sex_f,geo_cov_rur,mts_aggregate_total,2015,1701.95
kor,sex_f,geo_cov_rur,mts_aggregate_total,2016,1695.385
kor,sex_f,geo_cov_rur,mts_aggregate_total,2017,1711.786
kor,sex_f,geo_cov_rur,mts_aggregate_total,2018,1729.552
kor,sex_f,geo_cov_rur,mts_aggregate_total,2019,1717.208
kor,sex_f,geo_cov_rur,mts_aggregate_total,2020,1716.581
kor,sex_f,geo_cov_rur,mts_aggregate_total,2021,1673.734
kor,sex_f,geo_cov_rur,mts_details_mrd,2000,200.135
kor,sex_f,geo_cov_rur,mts_details_mrd,2001,804.048
kor,sex_f,geo_cov_rur,mts_details_mrd,2002,815.022
kor,sex_f,geo_cov_rur,mts_details_mrd,2013,873.749
kor,sex_f,geo_cov_rur,mts_details_mrd,2014,861.982
kor,sex_f,geo_cov_rur,mts_details_mrd,2015,863.488
kor,sex_f,geo_cov_rur,mts_details_mrd,2016,867.19
kor,sex_f,geo_cov_rur,mts_details_mrd,2017,876.746
kor,sex_f,geo_cov_rur,mts_details_mrd,2018,874.268
kor,sex_f,geo_cov_rur,mts_details_mrd,2019,868.108
kor,sex_f,geo_cov_rur,mts_details_mrd,2020,866.143
kor,sex_f,geo_cov_rur,mts_details_mrd,2021,844.186
kor,sex_f,geo_cov_rur,mts_details_sep,2000,2.968
kor,sex_f,geo_cov_rur,mts_details_sep,2001,13.21
kor,sex_f,geo_cov_rur,mts_details_sep,2002,18.974
kor,sex_f,geo_cov_rur,mts_details_sep,2013,24.657
kor,sex_f,geo_cov_rur,mts_details_sep,2014,27.035
kor,sex_f,geo_cov_rur,mts_details_sep,2015,31.192
kor,sex_f,geo_cov_rur,mts_details_sep,2016,31.806
kor,sex_f,geo_cov_rur,mts_details_sep,2017,26.83
kor,sex_f,geo_cov_rur,mts_details_sep,2018,32.742
kor,sex_f,geo_cov_rur,mts_details_sep,2019,37.535
kor,sex_f,geo_cov_rur,mts_details_sep,2020,45.301
kor,sex_f,geo_cov_rur,mts_details_sep,2021,45.256
kor,sex_f,geo_cov_rur,mts_details_sgle,2000,100.623
kor,sex_f,geo_cov_rur,mts_details_sgle,2001,385.052
kor,sex_f,geo_cov_rur,mts_details_sgle,2002,372.798
kor,sex_f,geo_cov_rur,mts_details_sgle,2013,323.495
kor,sex_f,geo_cov_rur,mts_details_sgle,2014,305.296
kor,sex_f,geo_cov_rur,mts_details_sgle,2015,315.765
kor,sex_f,geo_cov_rur,mts_details_sgle,2016,305.469
kor,sex_f,geo_cov_rur,mts_details_sgle,2017,318.597
kor,sex_f,geo_cov_rur,mts_details_sgle,2018,325.684
kor,sex_f,geo_cov_rur,mts_details_sgle,2019,320.125
kor,sex_f,geo_cov_rur,mts_details_sgle,2020,341.741
kor,sex_f,geo_cov_rur,mts_details_sgle,2021,331.688
kor,sex_f,geo_cov_rur,mts_details_total,2000,412.101
kor,sex_f,geo_cov_rur,mts_details_total,2001,1641.088
kor,sex_f,geo_cov_rur,mts_details_total,2002,1651.45
kor,sex_f,geo_cov_rur,mts_details_total,2013,1692.563
kor,sex_f,geo_cov_rur,mts_details_total,2014,1676.063
kor,sex_f,geo_cov_rur,mts_details_total,2015,1701.95
kor,sex_f,geo_cov_rur,mts_details_total,2016,1695.385
kor,sex_f,geo_cov_rur,mts_details_total,2017,1711.786
kor,sex_f,geo_cov_rur,mts_details_total,2018,1729.552
kor,sex_f,geo_cov_rur,mts_details_total,2019,1717.208
kor,sex_f,geo_cov_rur,mts_details_total,2020,1716.581
kor,sex_f,geo_cov_rur,mts_details_total,2021,1673.734
kor,sex_f,geo_cov_rur,mts_details_wid,2000,108.375
kor,sex_f,geo_cov_rur,mts_details_wid,2001,438.778
kor,sex_f,geo_cov_rur,mts_details_wid,2002,444.657
kor,sex_f,geo_cov_rur,mts_details_wid,2013,470.662
kor,sex_f,geo_cov_rur,mts_details_wid,2014,481.75
kor,sex_f,geo_cov_rur,mts_details_wid,2015,491.505
kor,sex_f,geo_cov_rur,mts_details_wid,2016,490.92
kor,sex_f,geo_cov_rur,mts_details_wid,2017,489.613
kor,sex_f,geo_cov_rur,mts_details_wid,2018,496.858
kor,sex_f,geo_cov_rur,mts_details_wid,2019,491.44
kor,sex_f,geo_cov_rur,mts_details_wid,2020,463.396
kor,sex_f,geo_cov_rur,mts_details_wid,2021,452.604
kor,sex_f,geo_cov_urb,mts_aggregate_1,2000,3784.575
kor,sex_f,geo_cov_urb,mts_aggregate_1,2001,3133.238
kor,sex_f,geo_cov_urb,mts_aggregate_1,2002,3149.61
kor,sex_f,geo_cov_urb,mts_aggregate_1,2013,3765.237
kor,sex_f,geo_cov_urb,mts_aggregate_1,2014,3717.251
kor,sex_f,geo_cov_urb,mts_aggregate_1,2015,3707.881
kor,sex_f,geo_cov_urb,mts_aggregate_1,2016,3773.565
kor,sex_f,geo_cov_urb,mts_aggregate_1,2017,3780.982
kor,sex_f,geo_cov_urb,mts_aggregate_1,2018,3781.362
kor,sex_f,geo_cov_urb,mts_aggregate_1,2019,3807.932
kor,sex_f,geo_cov_urb,mts_aggregate_1,2020,3918.284
kor,sex_f,geo_cov_urb,mts_aggregate_1,2021,3945.737
kor,sex_f,geo_cov_urb,mts_aggregate_2,2000,5251.423
kor,sex_f,geo_cov_urb,mts_aggregate_2,2001,4657.669
kor,sex_f,geo_cov_urb,mts_aggregate_2,2002,4647.732
kor,sex_f,geo_cov_urb,mts_aggregate_2,2013,5164.237
kor,sex_f,geo_cov_urb,mts_aggregate_2,2014,5085.153
kor,sex_f,geo_cov_urb,mts_aggregate_2,2015,5060.928
kor,sex_f,geo_cov_urb,mts_aggregate_2,2016,5044.227
kor,sex_f,geo_cov_urb,mts_aggregate_2,2017,4979.578
kor,sex_f,geo_cov_urb,mts_aggregate_2,2018,4995.105
kor,sex_f,geo_cov_urb,mts_aggregate_2,2019,4912.638
kor,sex_f,geo_cov_urb,mts_aggregate_2,2020,5015.69
kor,sex_f,geo_cov_urb,mts_aggregate_2,2021,4974.649
kor,sex_f,geo_cov_urb,mts_aggregate_total,2000,9035.998
kor,sex_f,geo_cov_urb,mts_aggregate_total,2001,7790.907
kor,sex_f,geo_cov_urb,mts_aggregate_total,2002,7797.342
kor,sex_f,geo_cov_urb,mts_aggregate_total,2013,8929.474
kor,sex_f,geo_cov_urb,mts_aggregate_total,2014,8802.404
kor,sex_f,geo_cov_urb,mts_aggregate_total,2015,8768.809
kor,sex_f,geo_cov_urb,mts_aggregate_total,2016,8817.792
kor,sex_f,geo_cov_urb,mts_aggregate_total,2017,8760.56
kor,sex_f,geo_cov_urb,mts_aggregate_total,2018,8776.467
kor,sex_f,geo_cov_urb,mts_aggregate_total,2019,8720.571
kor,sex_f,geo_cov_urb,mts_aggregate_total,2020,8933.974
kor,sex_f,geo_cov_urb,mts_aggregate_total,2021,8920.386
kor,sex_f,geo_cov_urb,mts_details_mrd,2000,5251.423
kor,sex_f,geo_cov_urb,mts_details_mrd,2001,4657.669
kor,sex_f,geo_cov_urb,mts_details_mrd,2002,4647.732
kor,sex_f,geo_cov_urb,mts_details_mrd,2013,5164.237
kor,sex_f,geo_cov_urb,mts_details_mrd,2014,5085.153
kor,sex_f,geo_cov_urb,mts_details_mrd,2015,5060.928
kor,sex_f,geo_cov_urb,mts_details_mrd,2016,5044.227
kor,sex_f,geo_cov_urb,mts_details_mrd,2017,4979.578
kor,sex_f,geo_cov_urb,mts_details_mrd,2018,4995.105
kor,sex_f,geo_cov_urb,mts_details_mrd,2019,4912.638
kor,sex_f,geo_cov_urb,mts_details_mrd,2020,5015.69
kor,sex_f,geo_cov_urb,mts_details_mrd,2021,4974.649
kor,sex_f,geo_cov_urb,mts_details_sep,2000,93.321
kor,sex_f,geo_cov_urb,mts_details_sep,2001,102.574
kor,sex_f,geo_cov_urb,mts_details_sep,2002,106.034
kor,sex_f,geo_cov_urb,mts_details_sep,2013,193.243
kor,sex_f,geo_cov_urb,mts_details_sep,2014,190.466
kor,sex_f,geo_cov_urb,mts_details_sep,2015,213.819
kor,sex_f,geo_cov_urb,mts_details_sep,2016,235.496
kor,sex_f,geo_cov_urb,mts_details_sep,2017,233.516
kor,sex_f,geo_cov_urb,mts_details_sep,2018,262.986
kor,sex_f,geo_cov_urb,mts_details_sep,2019,288.989
kor,sex_f,geo_cov_urb,mts_details_sep,2020,331.087
kor,sex_f,geo_cov_urb,mts_details_sep,2021,393.839
kor,sex_f,geo_cov_urb,mts_details_sgle,2000,2297.437
kor,sex_f,geo_cov_urb,mts_details_sgle,2001,1953.26
kor,sex_f,geo_cov_urb,mts_details_sgle,2002,1919.025
kor,sex_f,geo_cov_urb,mts_details_sgle,2013,2244.219
kor,sex_f,geo_cov_urb,mts_details_sgle,2014,2200.559
kor,sex_f,geo_cov_urb,mts_details_sgle,2015,2143.115
kor,sex_f,geo_cov_urb,mts_details_sgle,2016,2150.169
kor,sex_f,geo_cov_urb,mts_details_sgle,2017,2128.392
kor,sex_f,geo_cov_urb,mts_details_sgle,2018,2099.025
kor,sex_f,geo_cov_urb,mts_details_sgle,2019,2131.327
kor,sex_f,geo_cov_urb,mts_details_sgle,2020,2195.747
kor,sex_f,geo_cov_urb,mts_details_sgle,2021,2120.144
kor,sex_f,geo_cov_urb,mts_details_total,2000,9035.998
kor,sex_f,geo_cov_urb,mts_details_total,2001,7790.907
kor,sex_f,geo_cov_urb,mts_details_total,2002,7797.342
kor,sex_f,geo_cov_urb,mts_details_total,2013,8929.474
kor,sex_f,geo_cov_urb,mts_details_total,2014,8802.404
kor,sex_f,geo_cov_urb,mts_details_total,2015,8768.809
kor,sex_f,geo_cov_urb,mts_details_total,2016,8817.792
kor,sex_f,geo_cov_urb,mts_details_total,2017,8760.56
kor,sex_f,geo_cov_urb,mts_details_total,2018,8776.467
kor,sex_f,geo_cov_urb,mts_details_total,2019,8720.571
kor,sex_f,geo_cov_urb,mts_details_total,2020,8933.974
kor,sex_f,geo_cov_urb,mts_details_total,2021,8920.386
kor,sex_f,geo_cov_urb,mts_details_wid,2000,1393.817
kor,sex_f,geo_cov_urb,mts_details_wid,2001,1077.404
kor,sex_f,geo_cov_urb,mts_details_wid,2002,1124.551
kor,sex_f,geo_cov_urb,mts_details_wid,2013,1327.776
kor,sex_f,geo_cov_urb,mts_details_wid,2014,1326.226
kor,sex_f,geo_cov_urb,mts_details_wid,2015,1350.946
kor,sex_f,geo_cov_urb,mts_details_wid,2016,1387.901
kor,sex_f,geo_cov_urb,mts_details_wid,2017,1419.074
kor,sex_f,geo_cov_urb,mts_details_wid,2018,1419.352
kor,sex_f,geo_cov_urb,mts_details_wid,2019,1387.617
kor,sex_f,geo_cov_urb,mts_details_wid,2020,1391.45
kor,sex_f,geo_cov_urb,mts_details_wid,2021,1431.754
kor,sex_m,geo_cov_nat,mts_aggregate_1,2000,2940.194
kor,sex_m,geo_cov_nat,mts_aggregate_1,2001,2970.368
kor,sex_m,geo_cov_nat,mts_aggregate_1,2002,2901.851
kor,sex_m,geo_cov_nat,mts_aggregate_1,2013,3452.108
kor,sex_m,geo_cov_nat,mts_aggregate_1,2014,3396.252
kor,sex_m,geo_cov_nat,mts_aggregate_1,2015,3372.128
kor,sex_m,geo_cov_nat,mts_aggregate_1,2016,3404.889
kor,sex_m,geo_cov_nat,mts_aggregate_1,2017,3398.09
kor,sex_m,geo_cov_nat,mts_aggregate_1,2018,3434.144
kor,sex_m,geo_cov_nat,mts_aggregate_1,2019,3441.831
kor,sex_m,geo_cov_nat,mts_aggregate_1,2020,3573.829
kor,sex_m,geo_cov_nat,mts_aggregate_1,2021,3601.906
kor,sex_m,geo_cov_nat,mts_aggregate_2,2000,1521.173
kor,sex_m,geo_cov_nat,mts_aggregate_2,2001,1553.129
kor,sex_m,geo_cov_nat,mts_aggregate_2,2002,1549.268
kor,sex_m,geo_cov_nat,mts_aggregate_2,2013,2045.335
kor,sex_m,geo_cov_nat,mts_aggregate_2,2014,1998.231
kor,sex_m,geo_cov_nat,mts_aggregate_2,2015,2080.159
kor,sex_m,geo_cov_nat,mts_aggregate_2,2016,2131.046
kor,sex_m,geo_cov_nat,mts_aggregate_2,2017,2173.537
kor,sex_m,geo_cov_nat,mts_aggregate_2,2018,2246.556
kor,sex_m,geo_cov_nat,mts_aggregate_2,2019,2332.962
kor,sex_m,geo_cov_nat,mts_aggregate_2,2020,2430.657
kor,sex_m,geo_cov_nat,mts_aggregate_2,2021,2448.581
kor,sex_m,geo_cov_nat,mts_aggregate_total,2000,4461.366
kor,sex_m,geo_cov_nat,mts_aggregate_total,2001,4523.496
kor,sex_m,geo_cov_nat,mts_aggregate_total,2002,4451.119
kor,sex_m,geo_cov_nat,mts_aggregate_total,2013,5497.444
kor,sex_m,geo_cov_nat,mts_aggregate_total,2014,5394.483
kor,sex_m,geo_cov_nat,mts_aggregate_total,2015,5452.287
kor,sex_m,geo_cov_nat,mts_aggregate_total,2016,5535.934
kor,sex_m,geo_cov_nat,mts_aggregate_total,2017,5571.627
kor,sex_m,geo_cov_nat,mts_aggregate_total,2018,5680.7
kor,sex_m,geo_cov_nat,mts_aggregate_total,2019,5774.793
kor,sex_m,geo_cov_nat,mts_aggregate_total,2020,6004.486
kor,sex_m,geo_cov_nat,mts_aggregate_total,2021,6050.487
kor,sex_m,geo_cov_nat,mts_details_mrd,2000,1521.173
kor,sex_m,geo_cov_nat,mts_details_mrd,2001,1553.129
kor,sex_m,geo_cov_nat,mts_details_mrd,2002,1549.268
kor,sex_m,geo_cov_nat,mts_details_mrd,2013,2045.335
kor,sex_m,geo_cov_nat,mts_details_mrd,2014,1998.231
kor,sex_m,geo_cov_nat,mts_details_mrd,2015,2080.159
kor,sex_m,geo_cov_nat,mts_details_mrd,2016,2131.046
kor,sex_m,geo_cov_nat,mts_details_mrd,2017,2173.537
kor,sex_m,geo_cov_nat,mts_details_mrd,2018,2246.556
kor,sex_m,geo_cov_nat,mts_details_mrd,2019,2332.962
kor,sex_m,geo_cov_nat,mts_details_mrd,2020,2430.657
kor,sex_m,geo_cov_nat,mts_details_mrd,2021,2448.581
kor,sex_m,geo_cov_nat,mts_details_sep,2000,62.267
kor,sex_m,geo_cov_nat,mts_details_sep,2001,79.528
kor,sex_m,geo_cov_nat,mts_details_sep,2002,86.191
kor,sex_m,geo_cov_nat,mts_details_sep,2013,148.626
kor,sex_m,geo_cov_nat,mts_details_sep,2014,156.766
kor,sex_m,geo_cov_nat,mts_details_sep,2015,176.766
kor,sex_m,geo_cov_nat,mts_details_sep,2016,182.559
kor,sex_m,geo_cov_nat,mts_details_sep,2017,187.657
kor,sex_m,geo_cov_nat,mts_details_sep,2018,205.561
kor,sex_m,geo_cov_nat,mts_details_sep,2019,231.659
kor,sex_m,geo_cov_nat,mts_details_sep,2020,255.54
kor,sex_m,geo_cov_nat,mts_details_sep,2021,297.435
kor,sex_m,geo_cov_nat,mts_details_sgle,2000,2730.261
kor,sex_m,geo_cov_nat,mts_details_sgle,2001,2741.202
kor,sex_m,geo_cov_nat,mts_details_sgle,2002,2674.377
kor,sex_m,geo_cov_nat,mts_details_sgle,2013,3103.89
kor,sex_m,geo_cov_nat,mts_details_sgle,2014,3013.222
kor,sex_m,geo_cov_nat,mts_details_sgle,2015,2958.655
kor,sex_m,geo_cov_nat,mts_details_sgle,2016,2963.297
kor,sex_m,geo_cov_nat,mts_details_sgle,2017,2941.906
kor,sex_m,geo_cov_nat,mts_details_sgle,2018,2941.024
kor,sex_m,geo_cov_nat,mts_details_sgle,2019,2923.647
kor,sex_m,geo_cov_nat,mts_details_sgle,2020,3044.081
kor,sex_m,geo_cov_nat,mts_details_sgle,2021,3012.566
kor,sex_m,geo_cov_nat,mts_details_total,2000,4461.366
kor,sex_m,geo_cov_nat,mts_details_total,2001,4523.496
kor,sex_m,geo_cov_nat,mts_details_total,2002,4451.119
kor,sex_m,geo_cov_nat,mts_details_total,2013,5497.444
kor,sex_m,geo_cov_nat,mts_details_total,2014,5394.483
kor,sex_m,geo_cov_nat,mts_details_total,2015,5452.287
kor,sex_m,geo_cov_nat,mts_details_total,2016,5535.934
kor,sex_m,geo_cov_nat,mts_details_total,2017,5571.627
kor,sex_m,geo_cov_nat,mts_details_total,2018,5680.7
kor,sex_m,geo_cov_nat,mts_details_total,2019,5774.793
kor,sex_m,geo_cov_nat,mts_details_total,2020,6004.486
kor,sex_m,geo_cov_nat,mts_details_total,2021,6050.487
kor,sex_m,geo_cov_nat,mts_details_wid,2000,147.666
kor,sex_m,geo_cov_nat,mts_details_wid,2001,149.638
kor,sex_m,geo_cov_nat,mts_details_wid,2002,141.283
kor,sex_m,geo_cov_nat,mts_details_wid,2013,199.592
kor,sex_m,geo_cov_nat,mts_details_wid,2014,226.264
kor,sex_m,geo_cov_nat,mts_details_wid,2015,236.707
kor,sex_m,geo_cov_nat,mts_details_wid,2016,259.032
kor,sex_m,geo_cov_nat,mts_details_wid,2017,268.527
kor,sex_m,geo_cov_nat,mts_details_wid,2018,287.559
kor,sex_m,geo_cov_nat,mts_details_wid,2019,286.525
kor,sex_m,geo_cov_nat,mts_details_wid,2020,274.207
kor,sex_m,geo_cov_nat,mts_details_wid,2021,291.905
kor,sex_m,geo_cov_rur,mts_aggregate_1,2000,132.288
kor,sex_m,geo_cov_rur,mts_aggregate_1,2001,534.755
kor,sex_m,geo_cov_rur,mts_aggregate_1,2002,507.77
kor,sex_m,geo_cov_rur,mts_aggregate_1,2013,506.82
kor,sex_m,geo_cov_rur,mts_aggregate_1,2014,485.602
kor,sex_m,geo_cov_rur,mts_aggregate_1,2015,497.401
kor,sex_m,geo_cov_rur,mts_aggregate_1,2016,528.853
kor,sex_m,geo_cov_rur,mts_aggregate_1,2017,548.943
kor,sex_m,geo_cov_rur,mts_aggregate_1,2018,541.332
kor,sex_m,geo_cov_rur,mts_aggregate_1,2019,532.866
kor,sex_m,geo_cov_rur,mts_aggregate_1,2020,550.674
kor,sex_m,geo_cov_rur,mts_aggregate_1,2021,572.782
kor,sex_m,geo_cov_rur,mts_aggregate_2,2000,81.31
kor,sex_m,geo_cov_rur,mts_aggregate_2,2001,333.242
kor,sex_m,geo_cov_rur,mts_aggregate_2,2002,340.183
kor,sex_m,geo_cov_rur,mts_aggregate_2,2013,376.749
kor,sex_m,geo_cov_rur,mts_aggregate_2,2014,385.446
kor,sex_m,geo_cov_rur,mts_aggregate_2,2015,402.675
kor,sex_m,geo_cov_rur,mts_aggregate_2,2016,403.03
kor,sex_m,geo_cov_rur,mts_aggregate_2,2017,409.664
kor,sex_m,geo_cov_rur,mts_aggregate_2,2018,403.22
kor,sex_m,geo_cov_rur,mts_aggregate_2,2019,415.056
kor,sex_m,geo_cov_rur,mts_aggregate_2,2020,430.133
kor,sex_m,geo_cov_rur,mts_aggregate_2,2021,427.257
kor,sex_m,geo_cov_rur,mts_aggregate_total,2000,213.598
kor,sex_m,geo_cov_rur,mts_aggregate_total,2001,867.997
kor,sex_m,geo_cov_rur,mts_aggregate_total,2002,847.953
kor,sex_m,geo_cov_rur,mts_aggregate_total,2013,883.569
kor,sex_m,geo_cov_rur,mts_aggregate_total,2014,871.048
kor,sex_m,geo_cov_rur,mts_aggregate_total,2015,900.077
kor,sex_m,geo_cov_rur,mts_aggregate_total,2016,931.882
kor,sex_m,geo_cov_rur,mts_aggregate_total,2017,958.607
kor,sex_m,geo_cov_rur,mts_aggregate_total,2018,944.552
kor,sex_m,geo_cov_rur,mts_aggregate_total,2019,947.922
kor,sex_m,geo_cov_rur,mts_aggregate_total,2020,980.807
kor,sex_m,geo_cov_rur,mts_aggregate_total,2021,1000.038
kor,sex_m,geo_cov_rur,mts_details_mrd,2000,81.31
kor,sex_m,geo_cov_rur,mts_details_mrd,2001,333.242
kor,sex_m,geo_cov_rur,mts_details_mrd,2002,340.183
kor,sex_m,geo_cov_rur,mts_details_mrd,2013,376.749
kor,sex_m,geo_cov_rur,mts_details_mrd,2014,385.446
kor,sex_m,geo_cov_rur,mts_details_mrd,2015,402.675
kor,sex_m,geo_cov_rur,mts_details_mrd,2016,403.03
kor,sex_m,geo_cov_rur,mts_details_mrd,2017,409.664
kor,sex_m,geo_cov_rur,mts_details_mrd,2018,403.22
kor,sex_m,geo_cov_rur,mts_details_mrd,2019,415.056
kor,sex_m,geo_cov_rur,mts_details_mrd,2020,430.133
kor,sex_m,geo_cov_rur,mts_details_mrd,2021,427.257
kor,sex_m,geo_cov_rur,mts_details_sep,2000,4.185
kor,sex_m,geo_cov_rur,mts_details_sep,2001,20.148
kor,sex_m,geo_cov_rur,mts_details_sep,2002,21.34
kor,sex_m,geo_cov_rur,mts_details_sep,2013,30.826
kor,sex_m,geo_cov_rur,mts_details_sep,2014,29.37
kor,sex_m,geo_cov_rur,mts_details_sep,2015,31.497
kor,sex_m,geo_cov_rur,mts_details_sep,2016,27.825
kor,sex_m,geo_cov_rur,mts_details_sep,2017,31.295
kor,sex_m,geo_cov_rur,mts_details_sep,2018,33.264
kor,sex_m,geo_cov_rur,mts_details_sep,2019,40.089
kor,sex_m,geo_cov_rur,mts_details_sep,2020,47.63
kor,sex_m,geo_cov_rur,mts_details_sep,2021,48.975
kor,sex_m,geo_cov_rur,mts_details_sgle,2000,117.407
kor,sex_m,geo_cov_rur,mts_details_sgle,2001,474.936
kor,sex_m,geo_cov_rur,mts_details_sgle,2002,446.595
kor,sex_m,geo_cov_rur,mts_details_sgle,2013,420.938
kor,sex_m,geo_cov_rur,mts_details_sgle,2014,400.366
kor,sex_m,geo_cov_rur,mts_details_sgle,2015,406.018
kor,sex_m,geo_cov_rur,mts_details_sgle,2016,434.164
kor,sex_m,geo_cov_rur,mts_details_sgle,2017,452.623
kor,sex_m,geo_cov_rur,mts_details_sgle,2018,440.366
kor,sex_m,geo_cov_rur,mts_details_sgle,2019,429.993
kor,sex_m,geo_cov_rur,mts_details_sgle,2020,442.324
kor,sex_m,geo_cov_rur,mts_details_sgle,2021,453.931
kor,sex_m,geo_cov_rur,mts_details_total,2000,213.598
kor,sex_m,geo_cov_rur,mts_details_total,2001,867.997
kor,sex_m,geo_cov_rur,mts_details_total,2002,847.953
kor,sex_m,geo_cov_rur,mts_details_total,2013,883.569
kor,sex_m,geo_cov_rur,mts_details_total,2014,871.048
kor,sex_m,geo_cov_rur,mts_details_total,2015,900.077
kor,sex_m,geo_cov_rur,mts_details_total,2016,931.882
kor,sex_m,geo_cov_rur,mts_details_total,2017,958.607
kor,sex_m,geo_cov_rur,mts_details_total,2018,944.552
kor,sex_m,geo_cov_rur,mts_details_total,2019,947.922
kor,sex_m,geo_cov_rur,mts_details_total,2020,980.807
kor,sex_m,geo_cov_rur,mts_details_total,2021,1000.038
kor,sex_m,geo_cov_rur,mts_details_wid,2000,10.696
kor,sex_m,geo_cov_rur,mts_details_wid,2001,39.672
kor,sex_m,geo_cov_rur,mts_details_wid,2002,39.835
kor,sex_m,geo_cov_rur,mts_details_wid,2013,55.057
kor,sex_m,geo_cov_rur,mts_details_wid,2014,55.866
kor,sex_m,geo_cov_rur,mts_details_wid,2015,59.886
kor,sex_m,geo_cov_rur,mts_details_wid,2016,66.863
kor,sex_m,geo_cov_rur,mts_details_wid,2017,65.025
kor,sex_m,geo_cov_rur,mts_details_wid,2018,67.703
kor,sex_m,geo_cov_rur,mts_details_wid,2019,62.784
kor,sex_m,geo_cov_rur,mts_details_wid,2020,60.719
kor,sex_m,geo_cov_rur,mts_details_wid,2021,69.876
kor,sex_m,geo_cov_urb,mts_aggregate_1,2000,2807.906
kor,sex_m,geo_cov_urb,mts_aggregate_1,2001,2435.612
kor,sex_m,geo_cov_urb,mts_aggregate_1,2002,2394.082
kor,sex_m,geo_cov_urb,mts_aggregate_1,2013,2945.288
kor,sex_m,geo_cov_urb,mts_aggregate_1,2014,2910.65
kor,sex_m,geo_cov_urb,mts_aggregate_1,2015,2874.727
kor,sex_m,geo_cov_urb,mts_aggregate_1,2016,2876.036
kor,sex_m,geo_cov_urb,mts_aggregate_1,2017,2849.147
kor,sex_m,geo_cov_urb,mts_aggregate_1,2018,2892.812
kor,sex_m,geo_cov_urb,mts_aggregate_1,2019,2908.965
kor,sex_m,geo_cov_urb,mts_aggregate_1,2020,3023.154
kor,sex_m,geo_cov_urb,mts_aggregate_1,2021,3029.125
kor,sex_m,geo_cov_urb,mts_aggregate_2,2000,1439.863
kor,sex_m,geo_cov_urb,mts_aggregate_2,2001,1219.887
kor,sex_m,geo_cov_urb,mts_aggregate_2,2002,1209.085
kor,sex_m,geo_cov_urb,mts_aggregate_2,2013,1668.587
kor,sex_m,geo_cov_urb,mts_aggregate_2,2014,1612.785
kor,sex_m,geo_cov_urb,mts_aggregate_2,2015,1677.484
kor,sex_m,geo_cov_urb,mts_aggregate_2,2016,1728.016
kor,sex_m,geo_cov_urb,mts_aggregate_2,2017,1763.873
kor,sex_m,geo_cov_urb,mts_aggregate_2,2018,1843.336
kor,sex_m,geo_cov_urb,mts_aggregate_2,2019,1917.906
kor,sex_m,geo_cov_urb,mts_aggregate_2,2020,2000.525
kor,sex_m,geo_cov_urb,mts_aggregate_2,2021,2021.325
kor,sex_m,geo_cov_urb,mts_aggregate_total,2000,4247.769
kor,sex_m,geo_cov_urb,mts_aggregate_total,2001,3655.499
kor,sex_m,geo_cov_urb,mts_aggregate_total,2002,3603.166
kor,sex_m,geo_cov_urb,mts_aggregate_total,2013,4613.875
kor,sex_m,geo_cov_urb,mts_aggregate_total,2014,4523.435
kor,sex_m,geo_cov_urb,mts_aggregate_total,2015,4552.21
kor,sex_m,geo_cov_urb,mts_aggregate_total,2016,4604.052
kor,sex_m,geo_cov_urb,mts_aggregate_total,2017,4613.02
kor,sex_m,geo_cov_urb,mts_aggregate_total,2018,4736.148
kor,sex_m,geo_cov_urb,mts_aggregate_total,2019,4826.871
kor,sex_m,geo_cov_urb,mts_aggregate_total,2020,5023.679
kor,sex_m,geo_cov_urb,mts_aggregate_total,2021,5050.449
kor,sex_m,geo_cov_urb,mts_details_mrd,2000,1439.863
kor,sex_m,geo_cov_urb,mts_details_mrd,2001,1219.887
kor,sex_m,geo_cov_urb,mts_details_mrd,2002,1209.085
kor,sex_m,geo_cov_urb,mts_details_mrd,2013,1668.587
kor,sex_m,geo_cov_urb,mts_details_mrd,2014,1612.785
kor,sex_m,geo_cov_urb,mts_details_mrd,2015,1677.484
kor,sex_m,geo_cov_urb,mts_details_mrd,2016,1728.016
kor,sex_m,geo_cov_urb,mts_details_mrd,2017,1763.873
kor,sex_m,geo_cov_urb,mts_details_mrd,2018,1843.336
kor,sex_m,geo_cov_urb,mts_details_mrd,2019,1917.906
kor,sex_m,geo_cov_urb,mts_details_mrd,2020,2000.525
kor,sex_m,geo_cov_urb,mts_details_mrd,2021,2021.325
kor,sex_m,geo_cov_urb,mts_details_sep,2000,58.082
kor,sex_m,geo_cov_urb,mts_details_sep,2001,59.38
kor,sex_m,geo_cov_urb,mts_details_sep,2002,64.851
kor,sex_m,geo_cov_urb,mts_details_sep,2013,117.8
kor,sex_m,geo_cov_urb,mts_details_sep,2014,127.395
kor,sex_m,geo_cov_urb,mts_details_sep,2015,145.269
kor,sex_m,geo_cov_urb,mts_details_sep,2016,154.734
kor,sex_m,geo_cov_urb,mts_details_sep,2017,156.363
kor,sex_m,geo_cov_urb,mts_details_sep,2018,172.297
kor,sex_m,geo_cov_urb,mts_details_sep,2019,191.57
kor,sex_m,geo_cov_urb,mts_details_sep,2020,207.91
kor,sex_m,geo_cov_urb,mts_details_sep,2021,248.46
kor,sex_m,geo_cov_urb,mts_details_sgle,2000,2612.853
kor,sex_m,geo_cov_urb,mts_details_sgle,2001,2266.266
kor,sex_m,geo_cov_urb,mts_details_sgle,2002,2227.782
kor,sex_m,geo_cov_urb,mts_details_sgle,2013,2682.953
kor,sex_m,geo_cov_urb,mts_details_sgle,2014,2612.856
kor,sex_m,geo_cov_urb,mts_details_sgle,2015,2552.637
kor,sex_m,geo_cov_urb,mts_details_sgle,2016,2529.133
kor,sex_m,geo_cov_urb,mts_details_sgle,2017,2489.283
kor,sex_m,geo_cov_urb,mts_details_sgle,2018,2500.659
kor,sex_m,geo_cov_urb,mts_details_sgle,2019,2493.654
kor,sex_m,geo_cov_urb,mts_details_sgle,2020,2601.757
kor,sex_m,geo_cov_urb,mts_details_sgle,2021,2558.636
kor,sex_m,geo_cov_urb,mts_details_total,2000,4247.769
kor,sex_m,geo_cov_urb,mts_details_total,2001,3655.499
kor,sex_m,geo_cov_urb,mts_details_total,2002,3603.166
kor,sex_m,geo_cov_urb,mts_details_total,2013,4613.875
kor,sex_m,geo_cov_urb,mts_details_total,2014,4523.435
kor,sex_m,geo_cov_urb,mts_details_total,2015,4552.21
kor,sex_m,geo_cov_urb,mts_details_total,2016,4604.052
kor,sex_m,geo_cov_urb,mts_details_total,2017,4613.02
kor,sex_m,geo_cov_urb,mts_details_total,2018,4736.148
kor,sex_m,geo_cov_urb,mts_details_total,2019,4826.871
kor,sex_m,geo_cov_urb,mts_details_total,2020,5023.679
kor,sex_m,geo_cov_urb,mts_details_total,2021,5050.449
kor,sex_m,geo_cov_urb,mts_details_wid,2000,136.971
kor,sex_m,geo_cov_urb,mts_details_wid,2001,109.966
kor,sex_m,geo_cov_urb,mts_details_wid,2002,101.448
kor,sex_m,geo_cov_urb,mts_details_wid,2013,144.535
kor,sex_m,geo_cov_urb,mts_details_wid,2014,170.398
kor,sex_m,geo_cov_urb,mts_details_wid,2015,176.821
kor,sex_m,geo_cov_urb,mts_details_wid,2016,192.169
kor,sex_m,geo_cov_urb,mts_details_wid,2017,203.502
kor,sex_m,geo_cov_urb,mts_details_wid,2018,219.856
kor,sex_m,geo_cov_urb,mts_details_wid,2019,223.741
kor,sex_m,geo_cov_urb,mts_details_wid,2020,213.488
kor,sex_m,geo_cov_urb,mts_details_wid,2021,222.03
kor,sex_t,geo_cov_nat,mts_aggregate_1,2000,6936.735
kor,sex_t,geo_cov_nat,mts_aggregate_1,2001,6940.645
kor,sex_t,geo_cov_nat,mts_aggregate_1,2002,6887.89
kor,sex_t,geo_cov_nat,mts_aggregate_1,2013,8036.16
kor,sex_t,geo_cov_nat,mts_aggregate_1,2014,7927.584
kor,sex_t,geo_cov_nat,mts_aggregate_1,2015,7918.471
kor,sex_t,geo_cov_nat,mts_aggregate_1,2016,8006.649
kor,sex_t,geo_cov_nat,mts_aggregate_1,2017,8014.113
kor,sex_t,geo_cov_nat,mts_aggregate_1,2018,8070.79
kor,sex_t,geo_cov_nat,mts_aggregate_1,2019,8098.864
kor,sex_t,geo_cov_nat,mts_aggregate_1,2020,8342.549
kor,sex_t,geo_cov_nat,mts_aggregate_1,2021,8377.192
kor,sex_t,geo_cov_nat,mts_aggregate_2,2000,6972.731
kor,sex_t,geo_cov_nat,mts_aggregate_2,2001,7014.845
kor,sex_t,geo_cov_nat,mts_aggregate_2,2002,7012.021
kor,sex_t,geo_cov_nat,mts_aggregate_2,2013,8083.321
kor,sex_t,geo_cov_nat,mts_aggregate_2,2014,7945.366
kor,sex_t,geo_cov_nat,mts_aggregate_2,2015,8004.575
kor,sex_t,geo_cov_nat,mts_aggregate_2,2016,8042.462
kor,sex_t,geo_cov_nat,mts_aggregate_2,2017,8029.86
kor,sex_t,geo_cov_nat,mts_aggregate_2,2018,8115.929
kor,sex_t,geo_cov_nat,mts_aggregate_2,2019,8113.708
kor,sex_t,geo_cov_nat,mts_aggregate_2,2020,8312.49
kor,sex_t,geo_cov_nat,mts_aggregate_2,2021,8267.416
kor,sex_t,geo_cov_nat,mts_aggregate_total,2000,13909.466
kor,sex_t,geo_cov_nat,mts_aggregate_total,2001,13955.491
kor,sex_t,geo_cov_nat,mts_aggregate_total,2002,13899.911
kor,sex_t,geo_cov_nat,mts_aggregate_total,2013,16119.48
kor,sex_t,geo_cov_nat,mts_aggregate_total,2014,15872.95
kor,sex_t,geo_cov_nat,mts_aggregate_total,2015,15923.045
kor,sex_t,geo_cov_nat,mts_aggregate_total,2016,16049.112
kor,sex_t,geo_cov_nat,mts_aggregate_total,2017,16043.973
kor,sex_t,geo_cov_nat,mts_aggregate_total,2018,16186.719
kor,sex_t,geo_cov_nat,mts_aggregate_total,2019,16212.572
kor,sex_t,geo_cov_nat,mts_aggregate_total,2020,16655.04
kor,sex_t,geo_cov_nat,mts_aggregate_total,2021,16644.608
kor,sex_t,geo_cov_nat,mts_details_mrd,2000,6972.731
kor,sex_t,geo_cov_nat,mts_details_mrd,2001,7014.845
kor,sex_t,geo_cov_nat,mts_details_mrd,2002,7012.021
kor,sex_t,geo_cov_nat,mts_details_mrd,2013,8083.321
kor,sex_t,geo_cov_nat,mts_details_mrd,2014,7945.366
kor,sex_t,geo_cov_nat,mts_details_mrd,2015,8004.575
kor,sex_t,geo_cov_nat,mts_details_mrd,2016,8042.462
kor,sex_t,geo_cov_nat,mts_details_mrd,2017,8029.86
kor,sex_t,geo_cov_nat,mts_details_mrd,2018,8115.929
kor,sex_t,geo_cov_nat,mts_details_mrd,2019,8113.708
kor,sex_t,geo_cov_nat,mts_details_mrd,2020,8312.49
kor,sex_t,geo_cov_nat,mts_details_mrd,2021,8267.416
kor,sex_t,geo_cov_nat,mts_details_sep,2000,158.557
kor,sex_t,geo_cov_nat,mts_details_sep,2001,195.311
kor,sex_t,geo_cov_nat,mts_details_sep,2002,211.199
kor,sex_t,geo_cov_nat,mts_details_sep,2013,366.526
kor,sex_t,geo_cov_nat,mts_details_sep,2014,374.267
kor,sex_t,geo_cov_nat,mts_details_sep,2015,421.777
kor,sex_t,geo_cov_nat,mts_details_sep,2016,449.861
kor,sex_t,geo_cov_nat,mts_details_sep,2017,448.004
kor,sex_t,geo_cov_nat,mts_details_sep,2018,501.289
kor,sex_t,geo_cov_nat,mts_details_sep,2019,558.183
kor,sex_t,geo_cov_nat,mts_details_sep,2020,631.928
kor,sex_t,geo_cov_nat,mts_details_sep,2021,736.53
kor,sex_t,geo_cov_nat,mts_details_sgle,2000,5128.32
kor,sex_t,geo_cov_nat,mts_details_sgle,2001,5079.514
kor,sex_t,geo_cov_nat,mts_details_sgle,2002,4966.2
kor,sex_t,geo_cov_nat,mts_details_sgle,2013,5671.605
kor,sex_t,geo_cov_nat,mts_details_sgle,2014,5519.077
kor,sex_t,geo_cov_nat,mts_details_sgle,2015,5417.536
kor,sex_t,geo_cov_nat,mts_details_sgle,2016,5418.935
kor,sex_t,geo_cov_nat,mts_details_sgle,2017,5388.895
kor,sex_t,geo_cov_nat,mts_details_sgle,2018,5365.733
kor,sex_t,geo_cov_nat,mts_details_sgle,2019,5375.099
kor,sex_t,geo_cov_nat,mts_details_sgle,2020,5581.569
kor,sex_t,geo_cov_nat,mts_details_sgle,2021,5464.398
kor,sex_t,geo_cov_nat,mts_details_total,2000,13909.466
kor,sex_t,geo_cov_nat,mts_details_total,2001,13955.491
kor,sex_t,geo_cov_nat,mts_details_total,2002,13899.911
kor,sex_t,geo_cov_nat,mts_details_total,2013,16119.48
kor,sex_t,geo_cov_nat,mts_details_total,2014,15872.95
kor,sex_t,geo_cov_nat,mts_details_total,2015,15923.045
kor,sex_t,geo_cov_nat,mts_details_total,2016,16049.112
kor,sex_t,geo_cov_nat,mts_details_total,2017,16043.973
kor,sex_t,geo_cov_nat,mts_details_total,2018,16186.719
kor,sex_t,geo_cov_nat,mts_details_total,2019,16212.572
kor,sex_t,geo_cov_nat,mts_details_total,2020,16655.04
kor,sex_t,geo_cov_nat,mts_details_total,2021,16644.608
kor,sex_t,geo_cov_nat,mts_details_wid,2000,1649.859
kor,sex_t,geo_cov_nat,mts_details_wid,2001,1665.82
kor,sex_t,geo_cov_nat,mts_details_wid,2002,1710.49
kor,sex_t,geo_cov_nat,mts_details_wid,2013,1998.029
kor,sex_t,geo_cov_nat,mts_details_wid,2014,2034.24
kor,sex_t,geo_cov_nat,mts_details_wid,2015,2079.158
kor,sex_t,geo_cov_nat,mts_details_wid,2016,2137.854
kor,sex_t,geo_cov_nat,mts_details_wid,2017,2177.214
kor,sex_t,geo_cov_nat,mts_details_wid,2018,2203.769
kor,sex_t,geo_cov_nat,mts_details_wid,2019,2165.582
kor,sex_t,geo_cov_nat,mts_details_wid,2020,2129.053
kor,sex_t,geo_cov_nat,mts_details_wid,2021,2176.264
kor,sex_t,geo_cov_rur,mts_aggregate_1,2000,344.254
kor,sex_t,geo_cov_rur,mts_aggregate_1,2001,1371.795
kor,sex_t,geo_cov_rur,mts_aggregate_1,2002,1344.198
kor,sex_t,geo_cov_rur,mts_aggregate_1,2013,1325.634
kor,sex_t,geo_cov_rur,mts_aggregate_1,2014,1299.683
kor,sex_t,geo_cov_rur,mts_aggregate_1,2015,1335.863
kor,sex_t,geo_cov_rur,mts_aggregate_1,2016,1357.048
kor,sex_t,geo_cov_rur,mts_aggregate_1,2017,1383.983
kor,sex_t,geo_cov_rur,mts_aggregate_1,2018,1396.616
kor,sex_t,geo_cov_rur,mts_aggregate_1,2019,1381.966
kor,sex_t,geo_cov_rur,mts_aggregate_1,2020,1401.111
kor,sex_t,geo_cov_rur,mts_aggregate_1,2021,1402.33
kor,sex_t,geo_cov_rur,mts_aggregate_2,2000,281.445
kor,sex_t,geo_cov_rur,mts_aggregate_2,2001,1137.29
kor,sex_t,geo_cov_rur,mts_aggregate_2,2002,1155.205
kor,sex_t,geo_cov_rur,mts_aggregate_2,2013,1250.497
kor,sex_t,geo_cov_rur,mts_aggregate_2,2014,1247.428
kor,sex_t,geo_cov_rur,mts_aggregate_2,2015,1266.163
kor,sex_t,geo_cov_rur,mts_aggregate_2,2016,1270.219
kor,sex_t,geo_cov_rur,mts_aggregate_2,2017,1286.41
kor,sex_t,geo_cov_rur,mts_aggregate_2,2018,1277.488
kor,sex_t,geo_cov_rur,mts_aggregate_2,2019,1283.164
kor,sex_t,geo_cov_rur,mts_aggregate_2,2020,1296.276
kor,sex_t,geo_cov_rur,mts_aggregate_2,2021,1271.442
kor,sex_t,geo_cov_rur,mts_aggregate_total,2000,625.699
kor,sex_t,geo_cov_rur,mts_aggregate_total,2001,2509.085
kor,sex_t,geo_cov_rur,mts_aggregate_total,2002,2499.403
kor,sex_t,geo_cov_rur,mts_aggregate_total,2013,2576.132
kor,sex_t,geo_cov_rur,mts_aggregate_total,2014,2547.11
kor,sex_t,geo_cov_rur,mts_aggregate_total,2015,2602.026
kor,sex_t,geo_cov_rur,mts_aggregate_total,2016,2627.267
kor,sex_t,geo_cov_rur,mts_aggregate_total,2017,2670.393
kor,sex_t,geo_cov_rur,mts_aggregate_total,2018,2674.104
kor,sex_t,geo_cov_rur,mts_aggregate_total,2019,2665.13
kor,sex_t,geo_cov_rur,mts_aggregate_total,2020,2697.387
kor,sex_t,geo_cov_rur,mts_aggregate_total,2021,2673.772
kor,sex_t,geo_cov_rur,mts_details_mrd,2000,281.445
kor,sex_t,geo_cov_rur,mts_details_mrd,2001,1137.29
kor,sex_t,geo_cov_rur,mts_details_mrd,2002,1155.205
kor,sex_t,geo_cov_rur,mts_details_mrd,2013,1250.497
kor,sex_t,geo_cov_rur,mts_details_mrd,2014,1247.428
kor,sex_t,geo_cov_rur,mts_details_mrd,2015,1266.163
kor,sex_t,geo_cov_rur,mts_details_mrd,2016,1270.219
kor,sex_t,geo_cov_rur,mts_details_mrd,2017,1286.41
kor,sex_t,geo_cov_rur,mts_details_mrd,2018,1277.488
kor,sex_t,geo_cov_rur,mts_details_mrd,2019,1283.164
kor,sex_t,geo_cov_rur,mts_details_mrd,2020,1296.276
kor,sex_t,geo_cov_rur,mts_details_mrd,2021,1271.442
kor,sex_t,geo_cov_rur,mts_details_sep,2000,7.153
kor,sex_t,geo_cov_rur,mts_details_sep,2001,33.358
kor,sex_t,geo_cov_rur,mts_details_sep,2002,40.314
kor,sex_t,geo_cov_rur,mts_details_sep,2013,55.483
kor,sex_t,geo_cov_rur,mts_details_sep,2014,56.405
kor,sex_t,geo_cov_rur,mts_details_sep,2015,62.689
kor,sex_t,geo_cov_rur,mts_details_sep,2016,59.631
kor,sex_t,geo_cov_rur,mts_details_sep,2017,58.125
kor,sex_t,geo_cov_rur,mts_details_sep,2018,66.005
kor,sex_t,geo_cov_rur,mts_details_sep,2019,77.625
kor,sex_t,geo_cov_rur,mts_details_sep,2020,92.931
kor,sex_t,geo_cov_rur,mts_details_sep,2021,94.231
kor,sex_t,geo_cov_rur,mts_details_sgle,2000,218.03
kor,sex_t,geo_cov_rur,mts_details_sgle,2001,859.988
kor,sex_t,geo_cov_rur,mts_details_sgle,2002,819.393
kor,sex_t,geo_cov_rur,mts_details_sgle,2013,744.433
kor,sex_t,geo_cov_rur,mts_details_sgle,2014,705.662
kor,sex_t,geo_cov_rur,mts_details_sgle,2015,721.783
kor,sex_t,geo_cov_rur,mts_details_sgle,2016,739.634
kor,sex_t,geo_cov_rur,mts_details_sgle,2017,771.22
kor,sex_t,geo_cov_rur,mts_details_sgle,2018,766.049
kor,sex_t,geo_cov_rur,mts_details_sgle,2019,750.118
kor,sex_t,geo_cov_rur,mts_details_sgle,2020,784.065
kor,sex_t,geo_cov_rur,mts_details_sgle,2021,785.619
kor,sex_t,geo_cov_rur,mts_details_total,2000,625.699
kor,sex_t,geo_cov_rur,mts_details_total,2001,2509.085
kor,sex_t,geo_cov_rur,mts_details_total,2002,2499.403
kor,sex_t,geo_cov_rur,mts_details_total,2013,2576.132
kor,sex_t,geo_cov_rur,mts_details_total,2014,2547.11
kor,sex_t,geo_cov_rur,mts_details_total,2015,2602.026
kor,sex_t,geo_cov_rur,mts_details_total,2016,2627.267
kor,sex_t,geo_cov_rur,mts_details_total,2017,2670.393
kor,sex_t,geo_cov_rur,mts_details_total,2018,2674.104
kor,sex_t,geo_cov_rur,mts_details_total,2019,2665.13
kor,sex_t,geo_cov_rur,mts_details_total,2020,2697.387
kor,sex_t,geo_cov_rur,mts_details_total,2021,2673.772
kor,sex_t,geo_cov_rur,mts_details_wid,2000,119.071
kor,sex_t,geo_cov_rur,mts_details_wid,2001,478.45
kor,sex_t,geo_cov_rur,mts_details_wid,2002,484.492
kor,sex_t,geo_cov_rur,mts_details_wid,2013,525.718
kor,sex_t,geo_cov_rur,mts_details_wid,2014,537.616
kor,sex_t,geo_cov_rur,mts_details_wid,2015,551.391
kor,sex_t,geo_cov_rur,mts_details_wid,2016,557.783
kor,sex_t,geo_cov_rur,mts_details_wid,2017,554.638
kor,sex_t,geo_cov_rur,mts_details_wid,2018,564.561
kor,sex_t,geo_cov_rur,mts_details_wid,2019,554.224
kor,sex_t,geo_cov_rur,mts_details_wid,2020,524.116
kor,sex_t,geo_cov_rur,mts_details_wid,2021,522.48
kor,sex_t,geo_cov_urb,mts_aggregate_1,2000,6592.481
kor,sex_t,geo_cov_urb,mts_aggregate_1,2001,5568.85
kor,sex_t,geo_cov_urb,mts_aggregate_1,2002,5543.692
kor,sex_t,geo_cov_urb,mts_aggregate_1,2013,6710.526
kor,sex_t,geo_cov_urb,mts_aggregate_1,2014,6627.901
kor,sex_t,geo_cov_urb,mts_aggregate_1,2015,6582.607
kor,sex_t,geo_cov_urb,mts_aggregate_1,2016,6649.601
kor,sex_t,geo_cov_urb,mts_aggregate_1,2017,6630.13
kor,sex_t,geo_cov_urb,mts_aggregate_1,2018,6674.174
kor,sex_t,geo_cov_urb,mts_aggregate_1,2019,6716.898
kor,sex_t,geo_cov_urb,mts_aggregate_1,2020,6941.438
kor,sex_t,geo_cov_urb,mts_aggregate_1,2021,6974.862
kor,sex_t,geo_cov_urb,mts_aggregate_2,2000,6691.286
kor,sex_t,geo_cov_urb,mts_aggregate_2,2001,5877.556
kor,sex_t,geo_cov_urb,mts_aggregate_2,2002,5856.816
kor,sex_t,geo_cov_urb,mts_aggregate_2,2013,6832.823
kor,sex_t,geo_cov_urb,mts_aggregate_2,2014,6697.938
kor,sex_t,geo_cov_urb,mts_aggregate_2,2015,6738.412
kor,sex_t,geo_cov_urb,mts_aggregate_2,2016,6772.243
kor,sex_t,geo_cov_urb,mts_aggregate_2,2017,6743.45
kor,sex_t,geo_cov_urb,mts_aggregate_2,2018,6838.441
kor,sex_t,geo_cov_urb,mts_aggregate_2,2019,6830.544
kor,sex_t,geo_cov_urb,mts_aggregate_2,2020,7016.215
kor,sex_t,geo_cov_urb,mts_aggregate_2,2021,6995.974
kor,sex_t,geo_cov_urb,mts_aggregate_total,2000,13283.767
kor,sex_t,geo_cov_urb,mts_aggregate_total,2001,11446.406
kor,sex_t,geo_cov_urb,mts_aggregate_total,2002,11400.508
kor,sex_t,geo_cov_urb,mts_aggregate_total,2013,13543.349
kor,sex_t,geo_cov_urb,mts_aggregate_total,2014,13325.839
kor,sex_t,geo_cov_urb,mts_aggregate_total,2015,13321.019
kor,sex_t,geo_cov_urb,mts_aggregate_total,2016,13421.844
kor,sex_t,geo_cov_urb,mts_aggregate_total,2017,13373.58
kor,sex_t,geo_cov_urb,mts_aggregate_total,2018,13512.616
kor,sex_t,geo_cov_urb,mts_aggregate_total,2019,13547.442
kor,sex_t,geo_cov_urb,mts_aggregate_total,2020,13957.653
kor,sex_t,geo_cov_urb,mts_aggregate_total,2021,13970.835
kor,sex_t,geo_cov_urb,mts_details_mrd,2000,6691.286
kor,sex_t,geo_cov_urb,mts_details_mrd,2001,5877.556
kor,sex_t,geo_cov_urb,mts_details_mrd,2002,5856.816
kor,sex_t,geo_cov_urb,mts_details_mrd,2013,6832.823
kor,sex_t,geo_cov_urb,mts_details_mrd,2014,6697.938
kor,sex_t,geo_cov_urb,mts_details_mrd,2015,6738.412
kor,sex_t,geo_cov_urb,mts_details_mrd,2016,6772.243
kor,sex_t,geo_cov_urb,mts_details_mrd,2017,6743.45
kor,sex_t,geo_cov_urb,mts_details_mrd,2018,6838.441
kor,sex_t,geo_cov_urb,mts_details_mrd,2019,6830.544
kor,sex_t,geo_cov_urb,mts_details_mrd,2020,7016.215
kor,sex_t,geo_cov_urb,mts_details_mrd,2021,6995.974
kor,sex_t,geo_cov_urb,mts_details_sep,2000,151.403
kor,sex_t,geo_cov_urb,mts_details_sep,2001,161.954
kor,sex_t,geo_cov_urb,mts_details_sep,2002,170.885
kor,sex_t,geo_cov_urb,mts_details_sep,2013,311.043
kor,sex_t,geo_cov_urb,mts_details_sep,2014,317.862
kor,sex_t,geo_cov_urb,mts_details_sep,2015,359.088
kor,sex_t,geo_cov_urb,mts_details_sep,2016,390.23
kor,sex_t,geo_cov_urb,mts_details_sep,2017,389.879
kor,sex_t,geo_cov_urb,mts_details_sep,2018,435.283
kor,sex_t,geo_cov_urb,mts_details_sep,2019,480.558
kor,sex_t,geo_cov_urb,mts_details_sep,2020,538.997
kor,sex_t,geo_cov_urb,mts_details_sep,2021,642.298
kor,sex_t,geo_cov_urb,mts_details_sgle,2000,4910.29
kor,sex_t,geo_cov_urb,mts_details_sgle,2001,4219.526
kor,sex_t,geo_cov_urb,mts_details_sgle,2002,4146.808
kor,sex_t,geo_cov_urb,mts_details_sgle,2013,4927.172
kor,sex_t,geo_cov_urb,mts_details_sgle,2014,4813.415
kor,sex_t,geo_cov_urb,mts_details_sgle,2015,4695.752
kor,sex_t,geo_cov_urb,mts_details_sgle,2016,4679.302
kor,sex_t,geo_cov_urb,mts_details_sgle,2017,4617.675
kor,sex_t,geo_cov_urb,mts_details_sgle,2018,4599.683
kor,sex_t,geo_cov_urb,mts_details_sgle,2019,4624.981
kor,sex_t,geo_cov_urb,mts_details_sgle,2020,4797.504
kor,sex_t,geo_cov_urb,mts_details_sgle,2021,4678.78
kor,sex_t,geo_cov_urb,mts_details_total,2000,13283.767
kor,sex_t,geo_cov_urb,mts_details_total,2001,11446.406
kor,sex_t,geo_cov_urb,mts_details_total,2002,11400.508
kor,sex_t,geo_cov_urb,mts_details_total,2013,13543.349
kor,sex_t,geo_cov_urb,mts_details_total,2014,13325.839
kor,sex_t,geo_cov_urb,mts_details_total,2015,13321.019
kor,sex_t,geo_cov_urb,mts_details_total,2016,13421.844
kor,sex_t,geo_cov_urb,mts_details_total,2017,13373.58
kor,sex_t,geo_cov_urb,mts_details_total,2018,13512.616
kor,sex_t,geo_cov_urb,mts_details_total,2019,13547.442
kor,sex_t,geo_cov_urb,mts_details_total,2020,13957.653
kor,sex_t,geo_cov_urb,mts_details_total,2021,13970.835
kor,sex_t,geo_cov_urb,mts_details_wid,2000,1530.788
kor,sex_t,geo_cov_urb,mts_details_wid,2001,1187.37
kor,sex_t,geo_cov_urb,mts_details_wid,2002,1225.999
kor,sex_t,geo_cov_urb,mts_details_wid,2013,1472.311
kor,sex_t,geo_cov_urb,mts_details_wid,2014,1496.624
kor,sex_t,geo_cov_urb,mts_details_wid,2015,1527.767
kor,sex_t,geo_cov_urb,mts_details_wid,2016,1580.07
kor,sex_t,geo_cov_urb,mts_details_wid,2017,1622.576
kor,sex_t,geo_cov_urb,mts_details_wid,2018,1639.208
kor,sex_t,geo_cov_urb,mts_details_wid,2019,1611.358
kor,sex_t,geo_cov_urb,mts_details_wid,2020,1604.937
kor,sex_t,geo_cov_urb,mts_details_wid,2021,1653.784
kos,sex_f,geo_cov_nat,mts_aggregate_1,2012,219.443
kos,sex_f,geo_cov_nat,mts_aggregate_1,2017,216.071
kos,sex_f,geo_cov_nat,mts_aggregate_2,2012,350.853
kos,sex_f,geo_cov_nat,mts_aggregate_2,2017,359.934
kos,sex_f,geo_cov_nat,mts_aggregate_total,2012,570.296
kos,sex_f,geo_cov_nat,mts_aggregate_total,2017,576.031
kos,sex_f,geo_cov_nat,mts_details_mrd,2012,350.853
kos,sex_f,geo_cov_nat,mts_details_mrd,2017,359.934
kos,sex_f,geo_cov_nat,mts_details_sep,2012,1.025
kos,sex_f,geo_cov_nat,mts_details_sep,2017,1.02
kos,sex_f,geo_cov_nat,mts_details_sgle,2012,156.601
kos,sex_f,geo_cov_nat,mts_details_sgle,2017,150.216
kos,sex_f,geo_cov_nat,mts_details_total,2012,570.296
kos,sex_f,geo_cov_nat,mts_details_total,2017,576.031
kos,sex_f,geo_cov_nat,mts_details_wid,2012,61.817
kos,sex_f,geo_cov_nat,mts_details_wid,2017,64.835
kos,sex_f,geo_cov_rur,mts_aggregate_1,2012,140.321
kos,sex_f,geo_cov_rur,mts_aggregate_1,2017,134.662
kos,sex_f,geo_cov_rur,mts_aggregate_2,2012,233.766
kos,sex_f,geo_cov_rur,mts_aggregate_2,2017,227.617
kos,sex_f,geo_cov_rur,mts_aggregate_total,2012,374.087
kos,sex_f,geo_cov_rur,mts_aggregate_total,2017,362.305
kos,sex_f,geo_cov_rur,mts_details_mrd,2012,233.766
kos,sex_f,geo_cov_rur,mts_details_mrd,2017,227.617
kos,sex_f,geo_cov_rur,mts_details_sep,2012,0.43
kos,sex_f,geo_cov_rur,mts_details_sep,2017,0.411
kos,sex_f,geo_cov_rur,mts_details_sgle,2012,103.075
kos,sex_f,geo_cov_rur,mts_details_sgle,2017,96.072
kos,sex_f,geo_cov_rur,mts_details_total,2012,374.087
kos,sex_f,geo_cov_rur,mts_details_total,2017,362.305
kos,sex_f,geo_cov_rur,mts_details_wid,2012,36.817
kos,sex_f,geo_cov_rur,mts_details_wid,2017,38.18
kos,sex_f,geo_cov_urb,mts_aggregate_1,2012,79.121
kos,sex_f,geo_cov_urb,mts_aggregate_1,2017,81.41
kos,sex_f,geo_cov_urb,mts_aggregate_2,2012,117.088
kos,sex_f,geo_cov_urb,mts_aggregate_2,2017,132.317
kos,sex_f,geo_cov_urb,mts_aggregate_total,2012,196.209
kos,sex_f,geo_cov_urb,mts_aggregate_total,2017,213.726
kos,sex_f,geo_cov_urb,mts_details_mrd,2012,117.088
kos,sex_f,geo_cov_urb,mts_details_mrd,2017,132.317
kos,sex_f,geo_cov_urb,mts_details_sep,2012,0.595
kos,sex_f,geo_cov_urb,mts_details_sep,2017,0.61
kos,sex_f,geo_cov_urb,mts_details_sgle,2012,53.526
kos,sex_f,geo_cov_urb,mts_details_sgle,2017,54.145
kos,sex_f,geo_cov_urb,mts_details_total,2012,196.209
kos,sex_f,geo_cov_urb,mts_details_total,2017,213.726
kos,sex_f,geo_cov_urb,mts_details_wid,2012,25.001
kos,sex_f,geo_cov_urb,mts_details_wid,2017,26.656
kos,sex_m,geo_cov_nat,mts_aggregate_1,2012,181.144
kos,sex_m,geo_cov_nat,mts_aggregate_1,2017,160.294
kos,sex_m,geo_cov_nat,mts_aggregate_2,2012,158.697
kos,sex_m,geo_cov_nat,mts_aggregate_2,2017,135.306
kos,sex_m,geo_cov_nat,mts_aggregate_total,2012,339.841
kos,sex_m,geo_cov_nat,mts_aggregate_total,2017,295.6
kos,sex_m,geo_cov_nat,mts_details_mrd,2012,158.697
kos,sex_m,geo_cov_nat,mts_details_mrd,2017,135.306
kos,sex_m,geo_cov_nat,mts_details_sep,2012,0.255
kos,sex_m,geo_cov_nat,mts_details_sep,2017,0.296
kos,sex_m,geo_cov_nat,mts_details_sgle,2012,168.387
kos,sex_m,geo_cov_nat,mts_details_sgle,2017,141.832
kos,sex_m,geo_cov_nat,mts_details_total,2012,339.841
kos,sex_m,geo_cov_nat,mts_details_total,2017,295.6
kos,sex_m,geo_cov_nat,mts_details_wid,2012,12.502
kos,sex_m,geo_cov_nat,mts_details_wid,2017,18.167
kos,sex_m,geo_cov_rur,mts_aggregate_1,2012,111.689
kos,sex_m,geo_cov_rur,mts_aggregate_1,2017,99.229
kos,sex_m,geo_cov_rur,mts_aggregate_2,2012,105.273
kos,sex_m,geo_cov_rur,mts_aggregate_2,2017,83.441
kos,sex_m,geo_cov_rur,mts_aggregate_total,2012,216.962
kos,sex_m,geo_cov_rur,mts_aggregate_total,2017,182.669
kos,sex_m,geo_cov_rur,mts_details_mrd,2012,105.273
kos,sex_m,geo_cov_rur,mts_details_mrd,2017,83.441
kos,sex_m,geo_cov_rur,mts_details_sep,2012,0.052
kos,sex_m,geo_cov_rur,mts_details_sep,2017,0.158
kos,sex_m,geo_cov_rur,mts_details_sgle,2012,102.913
kos,sex_m,geo_cov_rur,mts_details_sgle,2017,88.432
kos,sex_m,geo_cov_rur,mts_details_total,2012,216.962
kos,sex_m,geo_cov_rur,mts_details_total,2017,182.669
kos,sex_m,geo_cov_rur,mts_details_wid,2012,8.725
kos,sex_m,geo_cov_rur,mts_details_wid,2017,10.638
kos,sex_m,geo_cov_urb,mts_aggregate_1,2012,69.455
kos,sex_m,geo_cov_urb,mts_aggregate_1,2017,61.066
kos,sex_m,geo_cov_urb,mts_aggregate_2,2012,53.424
kos,sex_m,geo_cov_urb,mts_aggregate_2,2017,51.865
kos,sex_m,geo_cov_urb,mts_aggregate_total,2012,122.879
kos,sex_m,geo_cov_urb,mts_aggregate_total,2017,112.931
kos,sex_m,geo_cov_urb,mts_details_mrd,2012,53.424
kos,sex_m,geo_cov_urb,mts_details_mrd,2017,51.865
kos,sex_m,geo_cov_urb,mts_details_sep,2012,0.204
kos,sex_m,geo_cov_urb,mts_details_sep,2017,0.138
kos,sex_m,geo_cov_urb,mts_details_sgle,2012,65.474
kos,sex_m,geo_cov_urb,mts_details_sgle,2017,53.4
kos,sex_m,geo_cov_urb,mts_details_total,2012,122.879
kos,sex_m,geo_cov_urb,mts_details_total,2017,112.931
kos,sex_m,geo_cov_urb,mts_details_wid,2012,3.777
kos,sex_m,geo_cov_urb,mts_details_wid,2017,7.528
kos,sex_t,geo_cov_nat,mts_aggregate_1,2012,400.587
kos,sex_t,geo_cov_nat,mts_aggregate_1,2017,376.366
kos,sex_t,geo_cov_nat,mts_aggregate_2,2012,509.551
kos,sex_t,geo_cov_nat,mts_aggregate_2,2017,495.24
kos,sex_t,geo_cov_nat,mts_aggregate_total,2012,910.137
kos,sex_t,geo_cov_nat,mts_aggregate_total,2017,871.631
kos,sex_t,geo_cov_nat,mts_details_mrd,2012,509.551
kos,sex_t,geo_cov_nat,mts_details_mrd,2017,495.24
kos,sex_t,geo_cov_nat,mts_details_sep,2012,1.28
kos,sex_t,geo_cov_nat,mts_details_sep,2017,1.316
kos,sex_t,geo_cov_nat,mts_details_sgle,2012,324.987
kos,sex_t,geo_cov_nat,mts_details_sgle,2017,292.048
kos,sex_t,geo_cov_nat,mts_details_total,2012,910.137
kos,sex_t,geo_cov_nat,mts_details_total,2017,871.631
kos,sex_t,geo_cov_nat,mts_details_wid,2012,74.319
kos,sex_t,geo_cov_nat,mts_details_wid,2017,83.002
kos,sex_t,geo_cov_rur,mts_aggregate_1,2012,252.01
kos,sex_t,geo_cov_rur,mts_aggregate_1,2017,233.891
kos,sex_t,geo_cov_rur,mts_aggregate_2,2012,339.039
kos,sex_t,geo_cov_rur,mts_aggregate_2,2017,311.058
kos,sex_t,geo_cov_rur,mts_aggregate_total,2012,591.049
kos,sex_t,geo_cov_rur,mts_aggregate_total,2017,544.974
kos,sex_t,geo_cov_rur,mts_details_mrd,2012,339.039
kos,sex_t,geo_cov_rur,mts_details_mrd,2017,311.058
kos,sex_t,geo_cov_rur,mts_details_sep,2012,0.481
kos,sex_t,geo_cov_rur,mts_details_sep,2017,0.569
kos,sex_t,geo_cov_rur,mts_details_sgle,2012,205.987
kos,sex_t,geo_cov_rur,mts_details_sgle,2017,184.504
kos,sex_t,geo_cov_rur,mts_details_total,2012,591.049
kos,sex_t,geo_cov_rur,mts_details_total,2017,544.974
kos,sex_t,geo_cov_rur,mts_details_wid,2012,45.542
kos,sex_t,geo_cov_rur,mts_details_wid,2017,48.818
kos,sex_t,geo_cov_urb,mts_aggregate_1,2012,148.576
kos,sex_t,geo_cov_urb,mts_aggregate_1,2017,142.475
kos,sex_t,geo_cov_urb,mts_aggregate_2,2012,170.512
kos,sex_t,geo_cov_urb,mts_aggregate_2,2017,184.182
kos,sex_t,geo_cov_urb,mts_aggregate_total,2012,319.088
kos,sex_t,geo_cov_urb,mts_aggregate_total,2017,326.657
kos,sex_t,geo_cov_urb,mts_details_mrd,2012,170.512
kos,sex_t,geo_cov_urb,mts_details_mrd,2017,184.182
kos,sex_t,geo_cov_urb,mts_details_sep,2012,0.799
kos,sex_t,geo_cov_urb,mts_details_sep,2017,0.747
kos,sex_t,geo_cov_urb,mts_details_sgle,2012,119
kos,sex_t,geo_cov_urb,mts_details_sgle,2017,107.545
kos,sex_t,geo_cov_urb,mts_details_total,2012,319.088
kos,sex_t,geo_cov_urb,mts_details_total,2017,326.657
kos,sex_t,geo_cov_urb,mts_details_wid,2012,28.778
kos,sex_t,geo_cov_urb,mts_details_wid,2017,34.184
lao,sex_f,geo_cov_nat,mts_aggregate_1,2010,294.387
lao,sex_f,geo_cov_nat,mts_aggregate_1,2017,435.858
lao,sex_f,geo_cov_nat,mts_aggregate_2,2010,164.065
lao,sex_f,geo_cov_nat,mts_aggregate_2,2017,630.97
lao,sex_f,geo_cov_nat,mts_aggregate_total,2010,460.485
lao,sex_f,geo_cov_nat,mts_aggregate_total,2017,1066.828
lao,sex_f,geo_cov_nat,mts_aggregate_x,2010,2.034
lao,sex_f,geo_cov_nat,mts_details_mrd,2010,162.709
lao,sex_f,geo_cov_nat,mts_details_mrd,2017,627.988
lao,sex_f,geo_cov_nat,mts_details_sep,2010,9.89
lao,sex_f,geo_cov_nat,mts_details_sep,2017,28.388
lao,sex_f,geo_cov_nat,mts_details_sgle,2010,194.199
lao,sex_f,geo_cov_nat,mts_details_sgle,2017,267.073
lao,sex_f,geo_cov_nat,mts_details_total,2010,460.485
lao,sex_f,geo_cov_nat,mts_details_total,2017,1066.828
lao,sex_f,geo_cov_nat,mts_details_union,2010,1.356
lao,sex_f,geo_cov_nat,mts_details_union,2017,2.982
lao,sex_f,geo_cov_nat,mts_details_wid,2010,90.298
lao,sex_f,geo_cov_nat,mts_details_wid,2017,140.397
lao,sex_f,geo_cov_nat,mts_details_x,2010,2.034
lao,sex_f,geo_cov_rur,mts_aggregate_1,2010,167.993
lao,sex_f,geo_cov_rur,mts_aggregate_1,2017,277.27
lao,sex_f,geo_cov_rur,mts_aggregate_2,2010,86.889
lao,sex_f,geo_cov_rur,mts_aggregate_2,2017,453.829
lao,sex_f,geo_cov_rur,mts_aggregate_total,2010,256.826
lao,sex_f,geo_cov_rur,mts_aggregate_total,2017,731.099
lao,sex_f,geo_cov_rur,mts_aggregate_x,2010,1.944
lao,sex_f,geo_cov_rur,mts_details_mrd,2010,86.245
lao,sex_f,geo_cov_rur,mts_details_mrd,2017,451.776
lao,sex_f,geo_cov_rur,mts_details_sep,2010,5.553
lao,sex_f,geo_cov_rur,mts_details_sep,2017,20.891
lao,sex_f,geo_cov_rur,mts_details_sgle,2010,101.091
lao,sex_f,geo_cov_rur,mts_details_sgle,2017,163.894
lao,sex_f,geo_cov_rur,mts_details_total,2010,256.826
lao,sex_f,geo_cov_rur,mts_details_total,2017,731.099
lao,sex_f,geo_cov_rur,mts_details_union,2010,0.644
lao,sex_f,geo_cov_rur,mts_details_union,2017,2.053
lao,sex_f,geo_cov_rur,mts_details_wid,2010,61.349
lao,sex_f,geo_cov_rur,mts_details_wid,2017,92.486
lao,sex_f,geo_cov_rur,mts_details_x,2010,1.944
lao,sex_f,geo_cov_urb,mts_aggregate_1,2010,126.394
lao,sex_f,geo_cov_urb,mts_aggregate_1,2017,158.588
lao,sex_f,geo_cov_urb,mts_aggregate_2,2010,77.175
lao,sex_f,geo_cov_urb,mts_aggregate_2,2017,177.141
lao,sex_f,geo_cov_urb,mts_aggregate_total,2010,203.659
lao,sex_f,geo_cov_urb,mts_aggregate_total,2017,335.729
lao,sex_f,geo_cov_urb,mts_aggregate_x,2010,0.089
lao,sex_f,geo_cov_urb,mts_details_mrd,2010,76.464
lao,sex_f,geo_cov_urb,mts_details_mrd,2017,176.213
lao,sex_f,geo_cov_urb,mts_details_sep,2010,4.336
lao,sex_f,geo_cov_urb,mts_details_sep,2017,7.498
lao,sex_f,geo_cov_urb,mts_details_sgle,2010,93.108
lao,sex_f,geo_cov_urb,mts_details_sgle,2017,103.18
lao,sex_f,geo_cov_urb,mts_details_total,2010,203.659
lao,sex_f,geo_cov_urb,mts_details_total,2017,335.729
lao,sex_f,geo_cov_urb,mts_details_union,2010,0.712
lao,sex_f,geo_cov_urb,mts_details_union,2017,0.928
lao,sex_f,geo_cov_urb,mts_details_wid,2010,28.95
lao,sex_f,geo_cov_urb,mts_details_wid,2017,47.911
lao,sex_f,geo_cov_urb,mts_details_x,2010,0.089
lao,sex_m,geo_cov_nat,mts_aggregate_1,2010,266.181
lao,sex_m,geo_cov_nat,mts_aggregate_1,2017,387.249
lao,sex_m,geo_cov_nat,mts_aggregate_2,2010,119.094
lao,sex_m,geo_cov_nat,mts_aggregate_2,2017,459.236
lao,sex_m,geo_cov_nat,mts_aggregate_total,2010,386.146
lao,sex_m,geo_cov_nat,mts_aggregate_total,2017,846.745
lao,sex_m,geo_cov_nat,mts_aggregate_x,2010,0.871
lao,sex_m,geo_cov_nat,mts_aggregate_x,2017,0.26
lao,sex_m,geo_cov_nat,mts_details_mrd,2010,117.675
lao,sex_m,geo_cov_nat,mts_details_mrd,2017,453.622
lao,sex_m,geo_cov_nat,mts_details_sep,2010,4.055
lao,sex_m,geo_cov_nat,mts_details_sep,2017,11.243
lao,sex_m,geo_cov_nat,mts_details_sgle,2010,244.371
lao,sex_m,geo_cov_nat,mts_details_sgle,2017,341.306
lao,sex_m,geo_cov_nat,mts_details_total,2010,386.146
lao,sex_m,geo_cov_nat,mts_details_total,2017,846.745
lao,sex_m,geo_cov_nat,mts_details_union,2010,1.419
lao,sex_m,geo_cov_nat,mts_details_union,2017,5.614
lao,sex_m,geo_cov_nat,mts_details_wid,2010,17.755
lao,sex_m,geo_cov_nat,mts_details_wid,2017,34.7
lao,sex_m,geo_cov_nat,mts_details_x,2010,0.871
lao,sex_m,geo_cov_nat,mts_details_x,2017,0.26
lao,sex_m,geo_cov_rur,mts_aggregate_1,2010,153.262
lao,sex_m,geo_cov_rur,mts_aggregate_1,2017,255.533
lao,sex_m,geo_cov_rur,mts_aggregate_2,2010,72.541
lao,sex_m,geo_cov_rur,mts_aggregate_2,2017,344.364
lao,sex_m,geo_cov_rur,mts_aggregate_total,2010,226.278
lao,sex_m,geo_cov_rur,mts_aggregate_total,2017,600.157
lao,sex_m,geo_cov_rur,mts_aggregate_x,2010,0.476
lao,sex_m,geo_cov_rur,mts_aggregate_x,2017,0.26
lao,sex_m,geo_cov_rur,mts_details_mrd,2010,71.546
lao,sex_m,geo_cov_rur,mts_details_mrd,2017,340.377
lao,sex_m,geo_cov_rur,mts_details_sep,2010,2.41
lao,sex_m,geo_cov_rur,mts_details_sep,2017,6.493
lao,sex_m,geo_cov_rur,mts_details_sgle,2010,138.39
lao,sex_m,geo_cov_rur,mts_details_sgle,2017,225.062
lao,sex_m,geo_cov_rur,mts_details_total,2010,226.278
lao,sex_m,geo_cov_rur,mts_details_total,2017,600.157
lao,sex_m,geo_cov_rur,mts_details_union,2010,0.995
lao,sex_m,geo_cov_rur,mts_details_union,2017,3.988
lao,sex_m,geo_cov_rur,mts_details_wid,2010,12.462
lao,sex_m,geo_cov_rur,mts_details_wid,2017,23.978
lao,sex_m,geo_cov_rur,mts_details_x,2010,0.476
lao,sex_m,geo_cov_rur,mts_details_x,2017,0.26
lao,sex_m,geo_cov_urb,mts_aggregate_1,2010,112.92
lao,sex_m,geo_cov_urb,mts_aggregate_1,2017,131.717
lao,sex_m,geo_cov_urb,mts_aggregate_2,2010,46.553
lao,sex_m,geo_cov_urb,mts_aggregate_2,2017,114.872
lao,sex_m,geo_cov_urb,mts_aggregate_total,2010,159.867
lao,sex_m,geo_cov_urb,mts_aggregate_total,2017,246.588
lao,sex_m,geo_cov_urb,mts_aggregate_x,2010,0.395
lao,sex_m,geo_cov_urb,mts_details_mrd,2010,46.128
lao,sex_m,geo_cov_urb,mts_details_mrd,2017,113.245
lao,sex_m,geo_cov_urb,mts_details_sep,2010,1.645
lao,sex_m,geo_cov_urb,mts_details_sep,2017,4.75
lao,sex_m,geo_cov_urb,mts_details_sgle,2010,105.981
lao,sex_m,geo_cov_urb,mts_details_sgle,2017,116.244
lao,sex_m,geo_cov_urb,mts_details_total,2010,159.867
lao,sex_m,geo_cov_urb,mts_details_total,2017,246.588
lao,sex_m,geo_cov_urb,mts_details_union,2010,0.424
lao,sex_m,geo_cov_urb,mts_details_union,2017,1.627
lao,sex_m,geo_cov_urb,mts_details_wid,2010,5.294
lao,sex_m,geo_cov_urb,mts_details_wid,2017,10.723
lao,sex_m,geo_cov_urb,mts_details_x,2010,0.395
lao,sex_t,geo_cov_nat,mts_aggregate_1,2010,560.568
lao,sex_t,geo_cov_nat,mts_aggregate_1,2017,823.107
lao,sex_t,geo_cov_nat,mts_aggregate_2,2010,283.158
lao,sex_t,geo_cov_nat,mts_aggregate_2,2017,1090.206
lao,sex_t,geo_cov_nat,mts_aggregate_total,2010,846.63
lao,sex_t,geo_cov_nat,mts_aggregate_total,2017,1913.573
lao,sex_t,geo_cov_nat,mts_aggregate_x,2010,2.904
lao,sex_t,geo_cov_nat,mts_aggregate_x,2017,0.26
lao,sex_t,geo_cov_nat,mts_details_mrd,2010,280.383
lao,sex_t,geo_cov_nat,mts_details_mrd,2017,1081.61
lao,sex_t,geo_cov_nat,mts_details_sep,2010,13.945
lao,sex_t,geo_cov_nat,mts_details_sep,2017,39.631
lao,sex_t,geo_cov_nat,mts_details_sgle,2010,438.57
lao,sex_t,geo_cov_nat,mts_details_sgle,2017,608.379
lao,sex_t,geo_cov_nat,mts_details_total,2010,846.63
lao,sex_t,geo_cov_nat,mts_details_total,2017,1913.573
lao,sex_t,geo_cov_nat,mts_details_union,2010,2.775
lao,sex_t,geo_cov_nat,mts_details_union,2017,8.596
lao,sex_t,geo_cov_nat,mts_details_wid,2010,108.053
lao,sex_t,geo_cov_nat,mts_details_wid,2017,175.097
lao,sex_t,geo_cov_nat,mts_details_x,2010,2.904
lao,sex_t,geo_cov_nat,mts_details_x,2017,0.26
lao,sex_t,geo_cov_rur,mts_aggregate_1,2010,321.254
lao,sex_t,geo_cov_rur,mts_aggregate_1,2017,532.803
lao,sex_t,geo_cov_rur,mts_aggregate_2,2010,159.43
lao,sex_t,geo_cov_rur,mts_aggregate_2,2017,798.193
lao,sex_t,geo_cov_rur,mts_aggregate_total,2010,483.105
lao,sex_t,geo_cov_rur,mts_aggregate_total,2017,1331.256
lao,sex_t,geo_cov_rur,mts_aggregate_x,2010,2.42
lao,sex_t,geo_cov_rur,mts_aggregate_x,2017,0.26
lao,sex_t,geo_cov_rur,mts_details_mrd,2010,157.791
lao,sex_t,geo_cov_rur,mts_details_mrd,2017,792.152
lao,sex_t,geo_cov_rur,mts_details_sep,2010,7.963
lao,sex_t,geo_cov_rur,mts_details_sep,2017,27.384
lao,sex_t,geo_cov_rur,mts_details_sgle,2010,239.481
lao,sex_t,geo_cov_rur,mts_details_sgle,2017,388.956
lao,sex_t,geo_cov_rur,mts_details_total,2010,483.105
lao,sex_t,geo_cov_rur,mts_details_total,2017,1331.256
lao,sex_t,geo_cov_rur,mts_details_union,2010,1.639
lao,sex_t,geo_cov_rur,mts_details_union,2017,6.041
lao,sex_t,geo_cov_rur,mts_details_wid,2010,73.81
lao,sex_t,geo_cov_rur,mts_details_wid,2017,116.464
lao,sex_t,geo_cov_rur,mts_details_x,2010,2.42
lao,sex_t,geo_cov_rur,mts_details_x,2017,0.26
lao,sex_t,geo_cov_urb,mts_aggregate_1,2010,239.313
lao,sex_t,geo_cov_urb,mts_aggregate_1,2017,290.305
lao,sex_t,geo_cov_urb,mts_aggregate_2,2010,123.728
lao,sex_t,geo_cov_urb,mts_aggregate_2,2017,292.013
lao,sex_t,geo_cov_urb,mts_aggregate_total,2010,363.526
lao,sex_t,geo_cov_urb,mts_aggregate_total,2017,582.317
lao,sex_t,geo_cov_urb,mts_aggregate_x,2010,0.485
lao,sex_t,geo_cov_urb,mts_details_mrd,2010,122.592
lao,sex_t,geo_cov_urb,mts_details_mrd,2017,289.458
lao,sex_t,geo_cov_urb,mts_details_sep,2010,5.982
lao,sex_t,geo_cov_urb,mts_details_sep,2017,12.248
lao,sex_t,geo_cov_urb,mts_details_sgle,2010,199.089
lao,sex_t,geo_cov_urb,mts_details_sgle,2017,219.424
lao,sex_t,geo_cov_urb,mts_details_total,2010,363.526
lao,sex_t,geo_cov_urb,mts_details_total,2017,582.317
lao,sex_t,geo_cov_urb,mts_details_union,2010,1.136
lao,sex_t,geo_cov_urb,mts_details_union,2017,2.555
lao,sex_t,geo_cov_urb,mts_details_wid,2010,34.243
lao,sex_t,geo_cov_urb,mts_details_wid,2017,58.633
lao,sex_t,geo_cov_urb,mts_details_x,2010,0.485
lbr,sex_f,geo_cov_nat,mts_aggregate_1,2010,279.574
lbr,sex_f,geo_cov_nat,mts_aggregate_1,2014,213.932
lbr,sex_f,geo_cov_nat,mts_aggregate_1,2016,214.281
lbr,sex_f,geo_cov_nat,mts_aggregate_1,2017,409.545
lbr,sex_f,geo_cov_nat,mts_aggregate_2,2010,179.31
lbr,sex_f,geo_cov_nat,mts_aggregate_2,2014,120.219
lbr,sex_f,geo_cov_nat,mts_aggregate_2,2016,131.463
lbr,sex_f,geo_cov_nat,mts_aggregate_2,2017,284.229
lbr,sex_f,geo_cov_nat,mts_aggregate_total,2010,458.884
lbr,sex_f,geo_cov_nat,mts_aggregate_total,2014,335.695
lbr,sex_f,geo_cov_nat,mts_aggregate_total,2016,346.994
lbr,sex_f,geo_cov_nat,mts_aggregate_total,2017,704.02
lbr,sex_f,geo_cov_nat,mts_aggregate_x,2014,1.545
lbr,sex_f,geo_cov_nat,mts_aggregate_x,2016,1.25
lbr,sex_f,geo_cov_nat,mts_aggregate_x,2017,10.245
lbr,sex_f,geo_cov_nat,mts_details_mrd,2010,127.496
lbr,sex_f,geo_cov_nat,mts_details_mrd,2014,72.446
lbr,sex_f,geo_cov_nat,mts_details_mrd,2016,68.32
lbr,sex_f,geo_cov_nat,mts_details_mrd,2017,191.522
lbr,sex_f,geo_cov_nat,mts_details_sep,2010,10.703
lbr,sex_f,geo_cov_nat,mts_details_sep,2014,5.55
lbr,sex_f,geo_cov_nat,mts_details_sep,2016,8.822
lbr,sex_f,geo_cov_nat,mts_details_sep,2017,11.753
lbr,sex_f,geo_cov_nat,mts_details_sgle,2010,238.388
lbr,sex_f,geo_cov_nat,mts_details_sgle,2014,173.59
lbr,sex_f,geo_cov_nat,mts_details_sgle,2016,166.117
lbr,sex_f,geo_cov_nat,mts_details_sgle,2017,349.368
lbr,sex_f,geo_cov_nat,mts_details_total,2010,458.884
lbr,sex_f,geo_cov_nat,mts_details_total,2014,335.695
lbr,sex_f,geo_cov_nat,mts_details_total,2016,346.994
lbr,sex_f,geo_cov_nat,mts_details_total,2017,704.02
lbr,sex_f,geo_cov_nat,mts_details_union,2010,51.815
lbr,sex_f,geo_cov_nat,mts_details_union,2014,47.773
lbr,sex_f,geo_cov_nat,mts_details_union,2016,63.143
lbr,sex_f,geo_cov_nat,mts_details_union,2017,92.708
lbr,sex_f,geo_cov_nat,mts_details_wid,2010,30.484
lbr,sex_f,geo_cov_nat,mts_details_wid,2014,34.792
lbr,sex_f,geo_cov_nat,mts_details_wid,2016,39.342
lbr,sex_f,geo_cov_nat,mts_details_wid,2017,48.425
lbr,sex_f,geo_cov_nat,mts_details_x,2014,1.545
lbr,sex_f,geo_cov_nat,mts_details_x,2016,1.25
lbr,sex_f,geo_cov_nat,mts_details_x,2017,10.245
lbr,sex_f,geo_cov_rur,mts_aggregate_1,2010,95.54
lbr,sex_f,geo_cov_rur,mts_aggregate_1,2014,36.237
lbr,sex_f,geo_cov_rur,mts_aggregate_1,2016,48.959
lbr,sex_f,geo_cov_rur,mts_aggregate_1,2017,130.641
lbr,sex_f,geo_cov_rur,mts_aggregate_2,2010,92.49
lbr,sex_f,geo_cov_rur,mts_aggregate_2,2014,23.62
lbr,sex_f,geo_cov_rur,mts_aggregate_2,2016,42.54
lbr,sex_f,geo_cov_rur,mts_aggregate_2,2017,130.919
lbr,sex_f,geo_cov_rur,mts_aggregate_total,2010,188.03
lbr,sex_f,geo_cov_rur,mts_aggregate_total,2014,60.043
lbr,sex_f,geo_cov_rur,mts_aggregate_total,2016,91.906
lbr,sex_f,geo_cov_rur,mts_aggregate_total,2017,263.607
lbr,sex_f,geo_cov_rur,mts_aggregate_x,2014,0.186
lbr,sex_f,geo_cov_rur,mts_aggregate_x,2017,2.047
lbr,sex_f,geo_cov_rur,mts_details_mrd,2010,70.296
lbr,sex_f,geo_cov_rur,mts_details_mrd,2014,16.02
lbr,sex_f,geo_cov_rur,mts_details_mrd,2016,27.255
lbr,sex_f,geo_cov_rur,mts_details_mrd,2017,95.374
lbr,sex_f,geo_cov_rur,mts_details_sep,2010,5.826
lbr,sex_f,geo_cov_rur,mts_details_sep,2014,1.584
lbr,sex_f,geo_cov_rur,mts_details_sep,2016,3.469
lbr,sex_f,geo_cov_rur,mts_details_sep,2017,5.267
lbr,sex_f,geo_cov_rur,mts_details_sgle,2010,74.73
lbr,sex_f,geo_cov_rur,mts_details_sgle,2014,21.86
lbr,sex_f,geo_cov_rur,mts_details_sgle,2016,27.512
lbr,sex_f,geo_cov_rur,mts_details_sgle,2017,103.792
lbr,sex_f,geo_cov_rur,mts_details_total,2010,188.03
lbr,sex_f,geo_cov_rur,mts_details_total,2014,60.043
lbr,sex_f,geo_cov_rur,mts_details_total,2016,91.906
lbr,sex_f,geo_cov_rur,mts_details_total,2017,263.607
lbr,sex_f,geo_cov_rur,mts_details_union,2010,22.195
lbr,sex_f,geo_cov_rur,mts_details_union,2014,7.6
lbr,sex_f,geo_cov_rur,mts_details_union,2016,15.285
lbr,sex_f,geo_cov_rur,mts_details_union,2017,35.546
lbr,sex_f,geo_cov_rur,mts_details_wid,2010,14.983
lbr,sex_f,geo_cov_rur,mts_details_wid,2014,12.793
lbr,sex_f,geo_cov_rur,mts_details_wid,2016,17.978
lbr,sex_f,geo_cov_rur,mts_details_wid,2017,21.582
lbr,sex_f,geo_cov_rur,mts_details_x,2014,0.186
lbr,sex_f,geo_cov_rur,mts_details_x,2017,2.047
lbr,sex_f,geo_cov_urb,mts_aggregate_1,2010,184.035
lbr,sex_f,geo_cov_urb,mts_aggregate_1,2014,177.695
lbr,sex_f,geo_cov_urb,mts_aggregate_1,2016,165.321
lbr,sex_f,geo_cov_urb,mts_aggregate_1,2017,278.904
lbr,sex_f,geo_cov_urb,mts_aggregate_2,2010,86.82
lbr,sex_f,geo_cov_urb,mts_aggregate_2,2014,96.599
lbr,sex_f,geo_cov_urb,mts_aggregate_2,2016,88.923
lbr,sex_f,geo_cov_urb,mts_aggregate_2,2017,153.31
lbr,sex_f,geo_cov_urb,mts_aggregate_total,2010,270.855
lbr,sex_f,geo_cov_urb,mts_aggregate_total,2014,275.652
lbr,sex_f,geo_cov_urb,mts_aggregate_total,2016,255.088
lbr,sex_f,geo_cov_urb,mts_aggregate_total,2017,440.413
lbr,sex_f,geo_cov_urb,mts_aggregate_x,2014,1.359
lbr,sex_f,geo_cov_urb,mts_aggregate_x,2017,8.198
lbr,sex_f,geo_cov_urb,mts_details_mrd,2010,57.2
lbr,sex_f,geo_cov_urb,mts_details_mrd,2014,56.426
lbr,sex_f,geo_cov_urb,mts_details_mrd,2016,41.065
lbr,sex_f,geo_cov_urb,mts_details_mrd,2017,96.148
lbr,sex_f,geo_cov_urb,mts_details_sep,2010,4.876
lbr,sex_f,geo_cov_urb,mts_details_sep,2014,3.966
lbr,sex_f,geo_cov_urb,mts_details_sep,2016,5.353
lbr,sex_f,geo_cov_urb,mts_details_sep,2017,6.486
lbr,sex_f,geo_cov_urb,mts_details_sgle,2010,163.657
lbr,sex_f,geo_cov_urb,mts_details_sgle,2014,151.729
lbr,sex_f,geo_cov_urb,mts_details_sgle,2016,138.605
lbr,sex_f,geo_cov_urb,mts_details_sgle,2017,245.575
lbr,sex_f,geo_cov_urb,mts_details_total,2010,270.855
lbr,sex_f,geo_cov_urb,mts_details_total,2014,275.652
lbr,sex_f,geo_cov_urb,mts_details_total,2016,255.088
lbr,sex_f,geo_cov_urb,mts_details_total,2017,440.413
lbr,sex_f,geo_cov_urb,mts_details_union,2010,29.62
lbr,sex_f,geo_cov_urb,mts_details_union,2014,40.173
lbr,sex_f,geo_cov_urb,mts_details_union,2016,47.859
lbr,sex_f,geo_cov_urb,mts_details_union,2017,57.162
lbr,sex_f,geo_cov_urb,mts_details_wid,2010,15.501
lbr,sex_f,geo_cov_urb,mts_details_wid,2014,22
lbr,sex_f,geo_cov_urb,mts_details_wid,2016,21.363
lbr,sex_f,geo_cov_urb,mts_details_wid,2017,26.843
lbr,sex_f,geo_cov_urb,mts_details_x,2014,1.359
lbr,sex_f,geo_cov_urb,mts_details_x,2017,8.198
lbr,sex_m,geo_cov_nat,mts_aggregate_1,2010,254.142
lbr,sex_m,geo_cov_nat,mts_aggregate_1,2014,153.337
lbr,sex_m,geo_cov_nat,mts_aggregate_1,2016,166.715
lbr,sex_m,geo_cov_nat,mts_aggregate_1,2017,357.108
lbr,sex_m,geo_cov_nat,mts_aggregate_2,2010,102.014
lbr,sex_m,geo_cov_nat,mts_aggregate_2,2014,38.524
lbr,sex_m,geo_cov_nat,mts_aggregate_2,2016,28.339
lbr,sex_m,geo_cov_nat,mts_aggregate_2,2017,189.45
lbr,sex_m,geo_cov_nat,mts_aggregate_total,2010,356.157
lbr,sex_m,geo_cov_nat,mts_aggregate_total,2014,192.734
lbr,sex_m,geo_cov_nat,mts_aggregate_total,2016,196.15
lbr,sex_m,geo_cov_nat,mts_aggregate_total,2017,553.891
lbr,sex_m,geo_cov_nat,mts_aggregate_x,2014,0.873
lbr,sex_m,geo_cov_nat,mts_aggregate_x,2016,1.095
lbr,sex_m,geo_cov_nat,mts_aggregate_x,2017,7.334
lbr,sex_m,geo_cov_nat,mts_details_mrd,2010,74.529
lbr,sex_m,geo_cov_nat,mts_details_mrd,2014,25.472
lbr,sex_m,geo_cov_nat,mts_details_mrd,2016,19.702
lbr,sex_m,geo_cov_nat,mts_details_mrd,2017,127.383
lbr,sex_m,geo_cov_nat,mts_details_sep,2010,8.157
lbr,sex_m,geo_cov_nat,mts_details_sep,2014,2.847
lbr,sex_m,geo_cov_nat,mts_details_sep,2016,4.494
lbr,sex_m,geo_cov_nat,mts_details_sep,2017,5.448
lbr,sex_m,geo_cov_nat,mts_details_sgle,2010,238.859
lbr,sex_m,geo_cov_nat,mts_details_sgle,2014,144.963
lbr,sex_m,geo_cov_nat,mts_details_sgle,2016,157.475
lbr,sex_m,geo_cov_nat,mts_details_sgle,2017,341.278
lbr,sex_m,geo_cov_nat,mts_details_total,2010,356.157
lbr,sex_m,geo_cov_nat,mts_details_total,2014,192.734
lbr,sex_m,geo_cov_nat,mts_details_total,2016,196.15
lbr,sex_m,geo_cov_nat,mts_details_total,2017,553.891
lbr,sex_m,geo_cov_nat,mts_details_union,2010,27.486
lbr,sex_m,geo_cov_nat,mts_details_union,2014,13.052
lbr,sex_m,geo_cov_nat,mts_details_union,2016,8.638
lbr,sex_m,geo_cov_nat,mts_details_union,2017,62.067
lbr,sex_m,geo_cov_nat,mts_details_wid,2010,7.126
lbr,sex_m,geo_cov_nat,mts_details_wid,2014,5.527
lbr,sex_m,geo_cov_nat,mts_details_wid,2016,4.746
lbr,sex_m,geo_cov_nat,mts_details_wid,2017,10.382
lbr,sex_m,geo_cov_nat,mts_details_x,2014,0.873
lbr,sex_m,geo_cov_nat,mts_details_x,2016,1.095
lbr,sex_m,geo_cov_nat,mts_details_x,2017,7.334
lbr,sex_m,geo_cov_rur,mts_aggregate_1,2010,87.239
lbr,sex_m,geo_cov_rur,mts_aggregate_1,2014,22.226
lbr,sex_m,geo_cov_rur,mts_aggregate_1,2016,33.663
lbr,sex_m,geo_cov_rur,mts_aggregate_1,2017,120.725
lbr,sex_m,geo_cov_rur,mts_aggregate_2,2010,49.702
lbr,sex_m,geo_cov_rur,mts_aggregate_2,2014,11.335
lbr,sex_m,geo_cov_rur,mts_aggregate_2,2016,11.262
lbr,sex_m,geo_cov_rur,mts_aggregate_2,2017,93.434
lbr,sex_m,geo_cov_rur,mts_aggregate_total,2010,136.941
lbr,sex_m,geo_cov_rur,mts_aggregate_total,2014,33.561
lbr,sex_m,geo_cov_rur,mts_aggregate_total,2016,45.399
lbr,sex_m,geo_cov_rur,mts_aggregate_total,2017,215.136
lbr,sex_m,geo_cov_rur,mts_aggregate_x,2016,0.474
lbr,sex_m,geo_cov_rur,mts_aggregate_x,2017,0.978
lbr,sex_m,geo_cov_rur,mts_details_mrd,2010,38.618
lbr,sex_m,geo_cov_rur,mts_details_mrd,2014,10.162
lbr,sex_m,geo_cov_rur,mts_details_mrd,2016,8.802
lbr,sex_m,geo_cov_rur,mts_details_mrd,2017,65.527
lbr,sex_m,geo_cov_rur,mts_details_sep,2010,3.685
lbr,sex_m,geo_cov_rur,mts_details_sep,2014,1.081
lbr,sex_m,geo_cov_rur,mts_details_sep,2016,1.967
lbr,sex_m,geo_cov_rur,mts_details_sep,2017,2.464
lbr,sex_m,geo_cov_rur,mts_details_sgle,2010,78.905
lbr,sex_m,geo_cov_rur,mts_details_sgle,2014,19.17
lbr,sex_m,geo_cov_rur,mts_details_sgle,2016,29.044
lbr,sex_m,geo_cov_rur,mts_details_sgle,2017,114.557
lbr,sex_m,geo_cov_rur,mts_details_total,2010,136.941
lbr,sex_m,geo_cov_rur,mts_details_total,2014,33.561
lbr,sex_m,geo_cov_rur,mts_details_total,2016,45.399
lbr,sex_m,geo_cov_rur,mts_details_total,2017,215.136
lbr,sex_m,geo_cov_rur,mts_details_union,2010,11.084
lbr,sex_m,geo_cov_rur,mts_details_union,2014,1.173
lbr,sex_m,geo_cov_rur,mts_details_union,2016,2.46
lbr,sex_m,geo_cov_rur,mts_details_union,2017,27.907
lbr,sex_m,geo_cov_rur,mts_details_wid,2010,4.649
lbr,sex_m,geo_cov_rur,mts_details_wid,2014,1.975
lbr,sex_m,geo_cov_rur,mts_details_wid,2016,2.652
lbr,sex_m,geo_cov_rur,mts_details_wid,2017,3.704
lbr,sex_m,geo_cov_rur,mts_details_x,2016,0.474
lbr,sex_m,geo_cov_rur,mts_details_x,2017,0.978
lbr,sex_m,geo_cov_urb,mts_aggregate_1,2010,166.903
lbr,sex_m,geo_cov_urb,mts_aggregate_1,2014,131.111
lbr,sex_m,geo_cov_urb,mts_aggregate_1,2016,133.052
lbr,sex_m,geo_cov_urb,mts_aggregate_1,2017,236.383
lbr,sex_m,geo_cov_urb,mts_aggregate_2,2010,52.312
lbr,sex_m,geo_cov_urb,mts_aggregate_2,2014,27.189
lbr,sex_m,geo_cov_urb,mts_aggregate_2,2016,17.077
lbr,sex_m,geo_cov_urb,mts_aggregate_2,2017,96.016
lbr,sex_m,geo_cov_urb,mts_aggregate_total,2010,219.215
lbr,sex_m,geo_cov_urb,mts_aggregate_total,2014,159.173
lbr,sex_m,geo_cov_urb,mts_aggregate_total,2016,150.751
lbr,sex_m,geo_cov_urb,mts_aggregate_total,2017,338.755
lbr,sex_m,geo_cov_urb,mts_aggregate_x,2014,0.873
lbr,sex_m,geo_cov_urb,mts_aggregate_x,2017,6.356
lbr,sex_m,geo_cov_urb,mts_details_mrd,2010,35.911
lbr,sex_m,geo_cov_urb,mts_details_mrd,2014,15.31
lbr,sex_m,geo_cov_urb,mts_details_mrd,2016,10.9
lbr,sex_m,geo_cov_urb,mts_details_mrd,2017,61.856
lbr,sex_m,geo_cov_urb,mts_details_sep,2010,4.472
lbr,sex_m,geo_cov_urb,mts_details_sep,2014,1.766
lbr,sex_m,geo_cov_urb,mts_details_sep,2016,2.527
lbr,sex_m,geo_cov_urb,mts_details_sep,2017,2.984
lbr,sex_m,geo_cov_urb,mts_details_sgle,2010,159.954
lbr,sex_m,geo_cov_urb,mts_details_sgle,2014,125.793
lbr,sex_m,geo_cov_urb,mts_details_sgle,2016,128.431
lbr,sex_m,geo_cov_urb,mts_details_sgle,2017,226.721
lbr,sex_m,geo_cov_urb,mts_details_total,2010,219.215
lbr,sex_m,geo_cov_urb,mts_details_total,2014,159.173
lbr,sex_m,geo_cov_urb,mts_details_total,2016,150.751
lbr,sex_m,geo_cov_urb,mts_details_total,2017,338.755
lbr,sex_m,geo_cov_urb,mts_details_union,2010,16.401
lbr,sex_m,geo_cov_urb,mts_details_union,2014,11.879
lbr,sex_m,geo_cov_urb,mts_details_union,2016,6.178
lbr,sex_m,geo_cov_urb,mts_details_union,2017,34.16
lbr,sex_m,geo_cov_urb,mts_details_wid,2010,2.477
lbr,sex_m,geo_cov_urb,mts_details_wid,2014,3.552
lbr,sex_m,geo_cov_urb,mts_details_wid,2016,2.094
lbr,sex_m,geo_cov_urb,mts_details_wid,2017,6.678
lbr,sex_m,geo_cov_urb,mts_details_x,2014,0.873
lbr,sex_m,geo_cov_urb,mts_details_x,2017,6.356
lbr,sex_t,geo_cov_nat,mts_aggregate_1,2010,533.716
lbr,sex_t,geo_cov_nat,mts_aggregate_1,2014,367.268
lbr,sex_t,geo_cov_nat,mts_aggregate_1,2016,380.996
lbr,sex_t,geo_cov_nat,mts_aggregate_1,2017,766.653
lbr,sex_t,geo_cov_nat,mts_aggregate_2,2010,281.325
lbr,sex_t,geo_cov_nat,mts_aggregate_2,2014,158.743
lbr,sex_t,geo_cov_nat,mts_aggregate_2,2016,159.802
lbr,sex_t,geo_cov_nat,mts_aggregate_2,2017,473.679
lbr,sex_t,geo_cov_nat,mts_aggregate_total,2010,815.041
lbr,sex_t,geo_cov_nat,mts_aggregate_total,2014,528.428
lbr,sex_t,geo_cov_nat,mts_aggregate_total,2016,543.144
lbr,sex_t,geo_cov_nat,mts_aggregate_total,2017,1257.911
lbr,sex_t,geo_cov_nat,mts_aggregate_x,2014,2.417
lbr,sex_t,geo_cov_nat,mts_aggregate_x,2016,2.345
lbr,sex_t,geo_cov_nat,mts_aggregate_x,2017,17.579
lbr,sex_t,geo_cov_nat,mts_details_mrd,2010,202.024
lbr,sex_t,geo_cov_nat,mts_details_mrd,2014,97.918
lbr,sex_t,geo_cov_nat,mts_details_mrd,2016,88.021
lbr,sex_t,geo_cov_nat,mts_details_mrd,2017,318.905
lbr,sex_t,geo_cov_nat,mts_details_sep,2010,18.86
lbr,sex_t,geo_cov_nat,mts_details_sep,2014,8.397
lbr,sex_t,geo_cov_nat,mts_details_sep,2016,13.316
lbr,sex_t,geo_cov_nat,mts_details_sep,2017,17.201
lbr,sex_t,geo_cov_nat,mts_details_sgle,2010,477.247
lbr,sex_t,geo_cov_nat,mts_details_sgle,2014,318.553
lbr,sex_t,geo_cov_nat,mts_details_sgle,2016,323.592
lbr,sex_t,geo_cov_nat,mts_details_sgle,2017,690.645
lbr,sex_t,geo_cov_nat,mts_details_total,2010,815.041
lbr,sex_t,geo_cov_nat,mts_details_total,2014,528.428
lbr,sex_t,geo_cov_nat,mts_details_total,2016,543.144
lbr,sex_t,geo_cov_nat,mts_details_total,2017,1257.911
lbr,sex_t,geo_cov_nat,mts_details_union,2010,79.301
lbr,sex_t,geo_cov_nat,mts_details_union,2014,60.825
lbr,sex_t,geo_cov_nat,mts_details_union,2016,71.781
lbr,sex_t,geo_cov_nat,mts_details_union,2017,154.774
lbr,sex_t,geo_cov_nat,mts_details_wid,2010,37.61
lbr,sex_t,geo_cov_nat,mts_details_wid,2014,40.319
lbr,sex_t,geo_cov_nat,mts_details_wid,2016,44.088
lbr,sex_t,geo_cov_nat,mts_details_wid,2017,58.807
lbr,sex_t,geo_cov_nat,mts_details_x,2014,2.417
lbr,sex_t,geo_cov_nat,mts_details_x,2016,2.345
lbr,sex_t,geo_cov_nat,mts_details_x,2017,17.579
lbr,sex_t,geo_cov_rur,mts_aggregate_1,2010,182.778
lbr,sex_t,geo_cov_rur,mts_aggregate_1,2014,58.462
lbr,sex_t,geo_cov_rur,mts_aggregate_1,2016,82.622
lbr,sex_t,geo_cov_rur,mts_aggregate_1,2017,251.366
lbr,sex_t,geo_cov_rur,mts_aggregate_2,2010,142.193
lbr,sex_t,geo_cov_rur,mts_aggregate_2,2014,34.955
lbr,sex_t,geo_cov_rur,mts_aggregate_2,2016,53.802
lbr,sex_t,geo_cov_rur,mts_aggregate_2,2017,224.353
lbr,sex_t,geo_cov_rur,mts_aggregate_total,2010,324.971
lbr,sex_t,geo_cov_rur,mts_aggregate_total,2014,93.604
lbr,sex_t,geo_cov_rur,mts_aggregate_total,2016,137.305
lbr,sex_t,geo_cov_rur,mts_aggregate_total,2017,478.743
lbr,sex_t,geo_cov_rur,mts_aggregate_x,2014,0.186
lbr,sex_t,geo_cov_rur,mts_aggregate_x,2016,0.881
lbr,sex_t,geo_cov_rur,mts_aggregate_x,2017,3.024
lbr,sex_t,geo_cov_rur,mts_details_mrd,2010,108.914
lbr,sex_t,geo_cov_rur,mts_details_mrd,2014,26.182
lbr,sex_t,geo_cov_rur,mts_details_mrd,2016,36.057
lbr,sex_t,geo_cov_rur,mts_details_mrd,2017,160.901
lbr,sex_t,geo_cov_rur,mts_details_sep,2010,9.512
lbr,sex_t,geo_cov_rur,mts_details_sep,2014,2.665
lbr,sex_t,geo_cov_rur,mts_details_sep,2016,5.436
lbr,sex_t,geo_cov_rur,mts_details_sep,2017,7.731
lbr,sex_t,geo_cov_rur,mts_details_sgle,2010,153.635
lbr,sex_t,geo_cov_rur,mts_details_sgle,2014,41.031
lbr,sex_t,geo_cov_rur,mts_details_sgle,2016,56.556
lbr,sex_t,geo_cov_rur,mts_details_sgle,2017,218.349
lbr,sex_t,geo_cov_rur,mts_details_total,2010,324.971
lbr,sex_t,geo_cov_rur,mts_details_total,2014,93.604
lbr,sex_t,geo_cov_rur,mts_details_total,2016,137.305
lbr,sex_t,geo_cov_rur,mts_details_total,2017,478.743
lbr,sex_t,geo_cov_rur,mts_details_union,2010,33.279
lbr,sex_t,geo_cov_rur,mts_details_union,2014,8.773
lbr,sex_t,geo_cov_rur,mts_details_union,2016,17.745
lbr,sex_t,geo_cov_rur,mts_details_union,2017,63.452
lbr,sex_t,geo_cov_rur,mts_details_wid,2010,19.632
lbr,sex_t,geo_cov_rur,mts_details_wid,2014,14.767
lbr,sex_t,geo_cov_rur,mts_details_wid,2016,20.631
lbr,sex_t,geo_cov_rur,mts_details_wid,2017,25.286
lbr,sex_t,geo_cov_rur,mts_details_x,2014,0.186
lbr,sex_t,geo_cov_rur,mts_details_x,2016,0.881
lbr,sex_t,geo_cov_rur,mts_details_x,2017,3.024
lbr,sex_t,geo_cov_urb,mts_aggregate_1,2010,350.938
lbr,sex_t,geo_cov_urb,mts_aggregate_1,2014,308.806
lbr,sex_t,geo_cov_urb,mts_aggregate_1,2016,298.374
lbr,sex_t,geo_cov_urb,mts_aggregate_1,2017,515.288
lbr,sex_t,geo_cov_urb,mts_aggregate_2,2010,139.132
lbr,sex_t,geo_cov_urb,mts_aggregate_2,2014,123.788
lbr,sex_t,geo_cov_urb,mts_aggregate_2,2016,106.001
lbr,sex_t,geo_cov_urb,mts_aggregate_2,2017,249.326
lbr,sex_t,geo_cov_urb,mts_aggregate_total,2010,490.07
lbr,sex_t,geo_cov_urb,mts_aggregate_total,2014,434.825
lbr,sex_t,geo_cov_urb,mts_aggregate_total,2016,405.838
lbr,sex_t,geo_cov_urb,mts_aggregate_total,2017,779.168
lbr,sex_t,geo_cov_urb,mts_aggregate_x,2014,2.231
lbr,sex_t,geo_cov_urb,mts_aggregate_x,2016,1.464
lbr,sex_t,geo_cov_urb,mts_aggregate_x,2017,14.554
lbr,sex_t,geo_cov_urb,mts_details_mrd,2010,93.11
lbr,sex_t,geo_cov_urb,mts_details_mrd,2014,71.736
lbr,sex_t,geo_cov_urb,mts_details_mrd,2016,51.964
lbr,sex_t,geo_cov_urb,mts_details_mrd,2017,158.005
lbr,sex_t,geo_cov_urb,mts_details_sep,2010,9.348
lbr,sex_t,geo_cov_urb,mts_details_sep,2014,5.732
lbr,sex_t,geo_cov_urb,mts_details_sep,2016,7.88
lbr,sex_t,geo_cov_urb,mts_details_sep,2017,9.47
lbr,sex_t,geo_cov_urb,mts_details_sgle,2010,323.612
lbr,sex_t,geo_cov_urb,mts_details_sgle,2014,277.522
lbr,sex_t,geo_cov_urb,mts_details_sgle,2016,267.036
lbr,sex_t,geo_cov_urb,mts_details_sgle,2017,472.296
lbr,sex_t,geo_cov_urb,mts_details_total,2010,490.07
lbr,sex_t,geo_cov_urb,mts_details_total,2014,434.825
lbr,sex_t,geo_cov_urb,mts_details_total,2016,405.838
lbr,sex_t,geo_cov_urb,mts_details_total,2017,779.168
lbr,sex_t,geo_cov_urb,mts_details_union,2010,46.022
lbr,sex_t,geo_cov_urb,mts_details_union,2014,52.052
lbr,sex_t,geo_cov_urb,mts_details_union,2016,54.036
lbr,sex_t,geo_cov_urb,mts_details_union,2017,91.322
lbr,sex_t,geo_cov_urb,mts_details_wid,2010,17.978
lbr,sex_t,geo_cov_urb,mts_details_wid,2014,25.552
lbr,sex_t,geo_cov_urb,mts_details_wid,2016,23.457
lbr,sex_t,geo_cov_urb,mts_details_wid,2017,33.521
lbr,sex_t,geo_cov_urb,mts_details_x,2014,2.231
lbr,sex_t,geo_cov_urb,mts_details_x,2016,1.464
lbr,sex_t,geo_cov_urb,mts_details_x,2017,14.554
lka,sex_f,geo_cov_nat,mts_aggregate_1,2010,2093.94
lka,sex_f,geo_cov_nat,mts_aggregate_1,2011,2046.925
lka,sex_f,geo_cov_nat,mts_aggregate_1,2013,2003.004
lka,sex_f,geo_cov_nat,mts_aggregate_1,2014,2014.898
lka,sex_f,geo_cov_nat,mts_aggregate_1,2015,1990.151
lka,sex_f,geo_cov_nat,mts_aggregate_1,2016,2049.646
lka,sex_f,geo_cov_nat,mts_aggregate_1,2017,2119.736
lka,sex_f,geo_cov_nat,mts_aggregate_1,2018,2237.977
lka,sex_f,geo_cov_nat,mts_aggregate_1,2019,2263.07
lka,sex_f,geo_cov_nat,mts_aggregate_2,2010,3218.344
lka,sex_f,geo_cov_nat,mts_aggregate_2,2011,3183.253
lka,sex_f,geo_cov_nat,mts_aggregate_2,2013,3189.95
lka,sex_f,geo_cov_nat,mts_aggregate_2,2014,3293.04
lka,sex_f,geo_cov_nat,mts_aggregate_2,2015,3305.474
lka,sex_f,geo_cov_nat,mts_aggregate_2,2016,3335.003
lka,sex_f,geo_cov_nat,mts_aggregate_2,2017,3308.134
lka,sex_f,geo_cov_nat,mts_aggregate_2,2018,3554.468
lka,sex_f,geo_cov_nat,mts_aggregate_2,2019,3519.177
lka,sex_f,geo_cov_nat,mts_aggregate_total,2010,5312.283
lka,sex_f,geo_cov_nat,mts_aggregate_total,2011,5230.178
lka,sex_f,geo_cov_nat,mts_aggregate_total,2013,5192.954
lka,sex_f,geo_cov_nat,mts_aggregate_total,2014,5307.938
lka,sex_f,geo_cov_nat,mts_aggregate_total,2015,5295.625
lka,sex_f,geo_cov_nat,mts_aggregate_total,2016,5384.648
lka,sex_f,geo_cov_nat,mts_aggregate_total,2017,5427.869
lka,sex_f,geo_cov_nat,mts_aggregate_total,2018,5792.445
lka,sex_f,geo_cov_nat,mts_aggregate_total,2019,5782.248
lka,sex_f,geo_cov_nat,mts_details_mrd,2010,3218.344
lka,sex_f,geo_cov_nat,mts_details_mrd,2011,3183.253
lka,sex_f,geo_cov_nat,mts_details_mrd,2013,3189.95
lka,sex_f,geo_cov_nat,mts_details_mrd,2014,3293.04
lka,sex_f,geo_cov_nat,mts_details_mrd,2015,3305.474
lka,sex_f,geo_cov_nat,mts_details_mrd,2016,3335.003
lka,sex_f,geo_cov_nat,mts_details_mrd,2017,3308.134
lka,sex_f,geo_cov_nat,mts_details_mrd,2018,3554.468
lka,sex_f,geo_cov_nat,mts_details_mrd,2019,3519.177
lka,sex_f,geo_cov_nat,mts_details_sep,2010,57.897
lka,sex_f,geo_cov_nat,mts_details_sep,2011,49.022
lka,sex_f,geo_cov_nat,mts_details_sep,2013,65.292
lka,sex_f,geo_cov_nat,mts_details_sep,2014,64.086
lka,sex_f,geo_cov_nat,mts_details_sep,2015,62.958
lka,sex_f,geo_cov_nat,mts_details_sep,2016,64.376
lka,sex_f,geo_cov_nat,mts_details_sep,2017,69.072
lka,sex_f,geo_cov_nat,mts_details_sep,2018,81.326
lka,sex_f,geo_cov_nat,mts_details_sep,2019,72.308
lka,sex_f,geo_cov_nat,mts_details_sgle,2010,1231.762
lka,sex_f,geo_cov_nat,mts_details_sgle,2011,1213.112
lka,sex_f,geo_cov_nat,mts_details_sgle,2013,1143.611
lka,sex_f,geo_cov_nat,mts_details_sgle,2014,1111.136
lka,sex_f,geo_cov_nat,mts_details_sgle,2015,1111.652
lka,sex_f,geo_cov_nat,mts_details_sgle,2016,1138.709
lka,sex_f,geo_cov_nat,mts_details_sgle,2017,1176.435
lka,sex_f,geo_cov_nat,mts_details_sgle,2018,1229.132
lka,sex_f,geo_cov_nat,mts_details_sgle,2019,1215.346
lka,sex_f,geo_cov_nat,mts_details_total,2010,5312.283
lka,sex_f,geo_cov_nat,mts_details_total,2011,5230.178
lka,sex_f,geo_cov_nat,mts_details_total,2013,5192.954
lka,sex_f,geo_cov_nat,mts_details_total,2014,5307.938
lka,sex_f,geo_cov_nat,mts_details_total,2015,5295.625
lka,sex_f,geo_cov_nat,mts_details_total,2016,5384.648
lka,sex_f,geo_cov_nat,mts_details_total,2017,5427.869
lka,sex_f,geo_cov_nat,mts_details_total,2018,5792.445
lka,sex_f,geo_cov_nat,mts_details_total,2019,5782.248
lka,sex_f,geo_cov_nat,mts_details_wid,2010,804.281
lka,sex_f,geo_cov_nat,mts_details_wid,2011,784.791
lka,sex_f,geo_cov_nat,mts_details_wid,2013,794.102
lka,sex_f,geo_cov_nat,mts_details_wid,2014,839.676
lka,sex_f,geo_cov_nat,mts_details_wid,2015,815.542
lka,sex_f,geo_cov_nat,mts_details_wid,2016,846.56
lka,sex_f,geo_cov_nat,mts_details_wid,2017,874.228
lka,sex_f,geo_cov_nat,mts_details_wid,2018,927.519
lka,sex_f,geo_cov_nat,mts_details_wid,2019,975.417
lka,sex_f,geo_cov_rur,mts_aggregate_1,2010,1768.478
lka,sex_f,geo_cov_rur,mts_aggregate_1,2011,1725.654
lka,sex_f,geo_cov_rur,mts_aggregate_1,2013,1635.043
lka,sex_f,geo_cov_rur,mts_aggregate_1,2014,1657.901
lka,sex_f,geo_cov_rur,mts_aggregate_1,2015,1644.012
lka,sex_f,geo_cov_rur,mts_aggregate_1,2016,1676.791
lka,sex_f,geo_cov_rur,mts_aggregate_1,2017,1723.63
lka,sex_f,geo_cov_rur,mts_aggregate_1,2018,1837.947
lka,sex_f,geo_cov_rur,mts_aggregate_1,2019,1862.824
lka,sex_f,geo_cov_rur,mts_aggregate_2,2010,2749.41
lka,sex_f,geo_cov_rur,mts_aggregate_2,2011,2723.705
lka,sex_f,geo_cov_rur,mts_aggregate_2,2013,2591.189
lka,sex_f,geo_cov_rur,mts_aggregate_2,2014,2703.457
lka,sex_f,geo_cov_rur,mts_aggregate_2,2015,2684.456
lka,sex_f,geo_cov_rur,mts_aggregate_2,2016,2722.413
lka,sex_f,geo_cov_rur,mts_aggregate_2,2017,2674.315
lka,sex_f,geo_cov_rur,mts_aggregate_2,2018,2891.135
lka,sex_f,geo_cov_rur,mts_aggregate_2,2019,2891.759
lka,sex_f,geo_cov_rur,mts_aggregate_total,2010,4517.888
lka,sex_f,geo_cov_rur,mts_aggregate_total,2011,4449.36
lka,sex_f,geo_cov_rur,mts_aggregate_total,2013,4226.232
lka,sex_f,geo_cov_rur,mts_aggregate_total,2014,4361.358
lka,sex_f,geo_cov_rur,mts_aggregate_total,2015,4328.468
lka,sex_f,geo_cov_rur,mts_aggregate_total,2016,4399.204
lka,sex_f,geo_cov_rur,mts_aggregate_total,2017,4397.945
lka,sex_f,geo_cov_rur,mts_aggregate_total,2018,4729.082
lka,sex_f,geo_cov_rur,mts_aggregate_total,2019,4754.583
lka,sex_f,geo_cov_rur,mts_details_mrd,2010,2749.41
lka,sex_f,geo_cov_rur,mts_details_mrd,2011,2723.705
lka,sex_f,geo_cov_rur,mts_details_mrd,2013,2591.189
lka,sex_f,geo_cov_rur,mts_details_mrd,2014,2703.457
lka,sex_f,geo_cov_rur,mts_details_mrd,2015,2684.456
lka,sex_f,geo_cov_rur,mts_details_mrd,2016,2722.413
lka,sex_f,geo_cov_rur,mts_details_mrd,2017,2674.315
lka,sex_f,geo_cov_rur,mts_details_mrd,2018,2891.135
lka,sex_f,geo_cov_rur,mts_details_mrd,2019,2891.759
lka,sex_f,geo_cov_rur,mts_details_sep,2010,46.79
lka,sex_f,geo_cov_rur,mts_details_sep,2011,41.175
lka,sex_f,geo_cov_rur,mts_details_sep,2013,53.383
lka,sex_f,geo_cov_rur,mts_details_sep,2014,52.656
lka,sex_f,geo_cov_rur,mts_details_sep,2015,53.493
lka,sex_f,geo_cov_rur,mts_details_sep,2016,49.37
lka,sex_f,geo_cov_rur,mts_details_sep,2017,57.851
lka,sex_f,geo_cov_rur,mts_details_sep,2018,64.567
lka,sex_f,geo_cov_rur,mts_details_sep,2019,59.606
lka,sex_f,geo_cov_rur,mts_details_sgle,2010,1038.121
lka,sex_f,geo_cov_rur,mts_details_sgle,2011,1028.94
lka,sex_f,geo_cov_rur,mts_details_sgle,2013,939.89
lka,sex_f,geo_cov_rur,mts_details_sgle,2014,923.207
lka,sex_f,geo_cov_rur,mts_details_sgle,2015,914.104
lka,sex_f,geo_cov_rur,mts_details_sgle,2016,939.76
lka,sex_f,geo_cov_rur,mts_details_sgle,2017,940.409
lka,sex_f,geo_cov_rur,mts_details_sgle,2018,1001.45
lka,sex_f,geo_cov_rur,mts_details_sgle,2019,988.821
lka,sex_f,geo_cov_rur,mts_details_total,2010,4517.888
lka,sex_f,geo_cov_rur,mts_details_total,2011,4449.36
lka,sex_f,geo_cov_rur,mts_details_total,2013,4226.232
lka,sex_f,geo_cov_rur,mts_details_total,2014,4361.358
lka,sex_f,geo_cov_rur,mts_details_total,2015,4328.468
lka,sex_f,geo_cov_rur,mts_details_total,2016,4399.204
lka,sex_f,geo_cov_rur,mts_details_total,2017,4397.945
lka,sex_f,geo_cov_rur,mts_details_total,2018,4729.082
lka,sex_f,geo_cov_rur,mts_details_total,2019,4754.583
lka,sex_f,geo_cov_rur,mts_details_wid,2010,683.567
lka,sex_f,geo_cov_rur,mts_details_wid,2011,655.54
lka,sex_f,geo_cov_rur,mts_details_wid,2013,641.77
lka,sex_f,geo_cov_rur,mts_details_wid,2014,682.038
lka,sex_f,geo_cov_rur,mts_details_wid,2015,676.415
lka,sex_f,geo_cov_rur,mts_details_wid,2016,687.662
lka,sex_f,geo_cov_rur,mts_details_wid,2017,725.37
lka,sex_f,geo_cov_rur,mts_details_wid,2018,771.93
lka,sex_f,geo_cov_rur,mts_details_wid,2019,814.397
lka,sex_f,geo_cov_urb,mts_aggregate_1,2010,325.462
lka,sex_f,geo_cov_urb,mts_aggregate_1,2011,321.27
lka,sex_f,geo_cov_urb,mts_aggregate_1,2013,367.961
lka,sex_f,geo_cov_urb,mts_aggregate_1,2014,356.998
lka,sex_f,geo_cov_urb,mts_aggregate_1,2015,346.14
lka,sex_f,geo_cov_urb,mts_aggregate_1,2016,372.855
lka,sex_f,geo_cov_urb,mts_aggregate_1,2017,396.106
lka,sex_f,geo_cov_urb,mts_aggregate_1,2018,400.03
lka,sex_f,geo_cov_urb,mts_aggregate_1,2019,400.246
lka,sex_f,geo_cov_urb,mts_aggregate_2,2010,468.934
lka,sex_f,geo_cov_urb,mts_aggregate_2,2011,459.548
lka,sex_f,geo_cov_urb,mts_aggregate_2,2013,598.761
lka,sex_f,geo_cov_urb,mts_aggregate_2,2014,589.583
lka,sex_f,geo_cov_urb,mts_aggregate_2,2015,621.018
lka,sex_f,geo_cov_urb,mts_aggregate_2,2016,612.59
lka,sex_f,geo_cov_urb,mts_aggregate_2,2017,633.819
lka,sex_f,geo_cov_urb,mts_aggregate_2,2018,663.333
lka,sex_f,geo_cov_urb,mts_aggregate_2,2019,627.419
lka,sex_f,geo_cov_urb,mts_aggregate_total,2010,794.396
lka,sex_f,geo_cov_urb,mts_aggregate_total,2011,780.819
lka,sex_f,geo_cov_urb,mts_aggregate_total,2013,966.723
lka,sex_f,geo_cov_urb,mts_aggregate_total,2014,946.58
lka,sex_f,geo_cov_urb,mts_aggregate_total,2015,967.157
lka,sex_f,geo_cov_urb,mts_aggregate_total,2016,985.444
lka,sex_f,geo_cov_urb,mts_aggregate_total,2017,1029.924
lka,sex_f,geo_cov_urb,mts_aggregate_total,2018,1063.363
lka,sex_f,geo_cov_urb,mts_aggregate_total,2019,1027.665
lka,sex_f,geo_cov_urb,mts_details_mrd,2010,468.934
lka,sex_f,geo_cov_urb,mts_details_mrd,2011,459.548
lka,sex_f,geo_cov_urb,mts_details_mrd,2013,598.761
lka,sex_f,geo_cov_urb,mts_details_mrd,2014,589.583
lka,sex_f,geo_cov_urb,mts_details_mrd,2015,621.018
lka,sex_f,geo_cov_urb,mts_details_mrd,2016,612.59
lka,sex_f,geo_cov_urb,mts_details_mrd,2017,633.819
lka,sex_f,geo_cov_urb,mts_details_mrd,2018,663.333
lka,sex_f,geo_cov_urb,mts_details_mrd,2019,627.419
lka,sex_f,geo_cov_urb,mts_details_sep,2010,11.107
lka,sex_f,geo_cov_urb,mts_details_sep,2011,7.847
lka,sex_f,geo_cov_urb,mts_details_sep,2013,11.909
lka,sex_f,geo_cov_urb,mts_details_sep,2014,11.429
lka,sex_f,geo_cov_urb,mts_details_sep,2015,9.464
lka,sex_f,geo_cov_urb,mts_details_sep,2016,15.006
lka,sex_f,geo_cov_urb,mts_details_sep,2017,11.221
lka,sex_f,geo_cov_urb,mts_details_sep,2018,16.759
lka,sex_f,geo_cov_urb,mts_details_sep,2019,12.702
lka,sex_f,geo_cov_urb,mts_details_sgle,2010,193.641
lka,sex_f,geo_cov_urb,mts_details_sgle,2011,184.173
lka,sex_f,geo_cov_urb,mts_details_sgle,2013,203.721
lka,sex_f,geo_cov_urb,mts_details_sgle,2014,187.93
lka,sex_f,geo_cov_urb,mts_details_sgle,2015,197.549
lka,sex_f,geo_cov_urb,mts_details_sgle,2016,198.95
lka,sex_f,geo_cov_urb,mts_details_sgle,2017,236.026
lka,sex_f,geo_cov_urb,mts_details_sgle,2018,227.682
lka,sex_f,geo_cov_urb,mts_details_sgle,2019,226.524
lka,sex_f,geo_cov_urb,mts_details_total,2010,794.396
lka,sex_f,geo_cov_urb,mts_details_total,2011,780.819
lka,sex_f,geo_cov_urb,mts_details_total,2013,966.723
lka,sex_f,geo_cov_urb,mts_details_total,2014,946.58
lka,sex_f,geo_cov_urb,mts_details_total,2015,967.157
lka,sex_f,geo_cov_urb,mts_details_total,2016,985.444
lka,sex_f,geo_cov_urb,mts_details_total,2017,1029.924
lka,sex_f,geo_cov_urb,mts_details_total,2018,1063.363
lka,sex_f,geo_cov_urb,mts_details_total,2019,1027.665
lka,sex_f,geo_cov_urb,mts_details_wid,2010,120.714
lka,sex_f,geo_cov_urb,mts_details_wid,2011,129.251
lka,sex_f,geo_cov_urb,mts_details_wid,2013,152.332
lka,sex_f,geo_cov_urb,mts_details_wid,2014,157.639
lka,sex_f,geo_cov_urb,mts_details_wid,2015,139.127
lka,sex_f,geo_cov_urb,mts_details_wid,2016,158.899
lka,sex_f,geo_cov_urb,mts_details_wid,2017,148.858
lka,sex_f,geo_cov_urb,mts_details_wid,2018,155.589
lka,sex_f,geo_cov_urb,mts_details_wid,2019,161.021
lka,sex_m,geo_cov_nat,mts_aggregate_1,2010,1067.554
lka,sex_m,geo_cov_nat,mts_aggregate_1,2011,1108.566
lka,sex_m,geo_cov_nat,mts_aggregate_1,2013,1045.75
lka,sex_m,geo_cov_nat,mts_aggregate_1,2014,1057.195
lka,sex_m,geo_cov_nat,mts_aggregate_1,2015,1031.987
lka,sex_m,geo_cov_nat,mts_aggregate_1,2016,1034.45
lka,sex_m,geo_cov_nat,mts_aggregate_1,2017,1081.899
lka,sex_m,geo_cov_nat,mts_aggregate_1,2018,1173.952
lka,sex_m,geo_cov_nat,mts_aggregate_1,2019,1189.699
lka,sex_m,geo_cov_nat,mts_aggregate_2,2010,703.627
lka,sex_m,geo_cov_nat,mts_aggregate_2,2011,719.97
lka,sex_m,geo_cov_nat,mts_aggregate_2,2013,698.133
lka,sex_m,geo_cov_nat,mts_aggregate_2,2014,731.792
lka,sex_m,geo_cov_nat,mts_aggregate_2,2015,752.747
lka,sex_m,geo_cov_nat,mts_aggregate_2,2016,729.781
lka,sex_m,geo_cov_nat,mts_aggregate_2,2017,779.71
lka,sex_m,geo_cov_nat,mts_aggregate_2,2018,852.969
lka,sex_m,geo_cov_nat,mts_aggregate_2,2019,870.631
lka,sex_m,geo_cov_nat,mts_aggregate_total,2010,1771.18
lka,sex_m,geo_cov_nat,mts_aggregate_total,2011,1828.536
lka,sex_m,geo_cov_nat,mts_aggregate_total,2013,1743.883
lka,sex_m,geo_cov_nat,mts_aggregate_total,2014,1788.987
lka,sex_m,geo_cov_nat,mts_aggregate_total,2015,1784.734
lka,sex_m,geo_cov_nat,mts_aggregate_total,2016,1764.232
lka,sex_m,geo_cov_nat,mts_aggregate_total,2017,1861.609
lka,sex_m,geo_cov_nat,mts_aggregate_total,2018,2026.921
lka,sex_m,geo_cov_nat,mts_aggregate_total,2019,2060.329
lka,sex_m,geo_cov_nat,mts_details_mrd,2010,703.627
lka,sex_m,geo_cov_nat,mts_details_mrd,2011,719.97
lka,sex_m,geo_cov_nat,mts_details_mrd,2013,698.133
lka,sex_m,geo_cov_nat,mts_details_mrd,2014,731.792
lka,sex_m,geo_cov_nat,mts_details_mrd,2015,752.747
lka,sex_m,geo_cov_nat,mts_details_mrd,2016,729.781
lka,sex_m,geo_cov_nat,mts_details_mrd,2017,779.71
lka,sex_m,geo_cov_nat,mts_details_mrd,2018,852.969
lka,sex_m,geo_cov_nat,mts_details_mrd,2019,870.631
lka,sex_m,geo_cov_nat,mts_details_sep,2010,12.297
lka,sex_m,geo_cov_nat,mts_details_sep,2011,11.806
lka,sex_m,geo_cov_nat,mts_details_sep,2013,12.862
lka,sex_m,geo_cov_nat,mts_details_sep,2014,12.929
lka,sex_m,geo_cov_nat,mts_details_sep,2015,11.759
lka,sex_m,geo_cov_nat,mts_details_sep,2016,11.778
lka,sex_m,geo_cov_nat,mts_details_sep,2017,13.851
lka,sex_m,geo_cov_nat,mts_details_sep,2018,13.743
lka,sex_m,geo_cov_nat,mts_details_sep,2019,14.107
lka,sex_m,geo_cov_nat,mts_details_sgle,2010,933.563
lka,sex_m,geo_cov_nat,mts_details_sgle,2011,953.9
lka,sex_m,geo_cov_nat,mts_details_sgle,2013,895.867
lka,sex_m,geo_cov_nat,mts_details_sgle,2014,907.599
lka,sex_m,geo_cov_nat,mts_details_sgle,2015,894.374
lka,sex_m,geo_cov_nat,mts_details_sgle,2016,894.317
lka,sex_m,geo_cov_nat,mts_details_sgle,2017,936.748
lka,sex_m,geo_cov_nat,mts_details_sgle,2018,1028.657
lka,sex_m,geo_cov_nat,mts_details_sgle,2019,1039.43
lka,sex_m,geo_cov_nat,mts_details_total,2010,1771.18
lka,sex_m,geo_cov_nat,mts_details_total,2011,1828.536
lka,sex_m,geo_cov_nat,mts_details_total,2013,1743.883
lka,sex_m,geo_cov_nat,mts_details_total,2014,1788.987
lka,sex_m,geo_cov_nat,mts_details_total,2015,1784.734
lka,sex_m,geo_cov_nat,mts_details_total,2016,1764.232
lka,sex_m,geo_cov_nat,mts_details_total,2017,1861.609
lka,sex_m,geo_cov_nat,mts_details_total,2018,2026.921
lka,sex_m,geo_cov_nat,mts_details_total,2019,2060.329
lka,sex_m,geo_cov_nat,mts_details_wid,2010,121.694
lka,sex_m,geo_cov_nat,mts_details_wid,2011,142.86
lka,sex_m,geo_cov_nat,mts_details_wid,2013,137.021
lka,sex_m,geo_cov_nat,mts_details_wid,2014,136.667
lka,sex_m,geo_cov_nat,mts_details_wid,2015,125.854
lka,sex_m,geo_cov_nat,mts_details_wid,2016,128.356
lka,sex_m,geo_cov_nat,mts_details_wid,2017,131.3
lka,sex_m,geo_cov_nat,mts_details_wid,2018,131.551
lka,sex_m,geo_cov_nat,mts_details_wid,2019,136.162
lka,sex_m,geo_cov_rur,mts_aggregate_1,2010,921.031
lka,sex_m,geo_cov_rur,mts_aggregate_1,2011,934.183
lka,sex_m,geo_cov_rur,mts_aggregate_1,2013,841.495
lka,sex_m,geo_cov_rur,mts_aggregate_1,2014,854.573
lka,sex_m,geo_cov_rur,mts_aggregate_1,2015,834.517
lka,sex_m,geo_cov_rur,mts_aggregate_1,2016,846.833
lka,sex_m,geo_cov_rur,mts_aggregate_1,2017,877.147
lka,sex_m,geo_cov_rur,mts_aggregate_1,2018,972.238
lka,sex_m,geo_cov_rur,mts_aggregate_1,2019,978.869
lka,sex_m,geo_cov_rur,mts_aggregate_2,2010,591.629
lka,sex_m,geo_cov_rur,mts_aggregate_2,2011,601.044
lka,sex_m,geo_cov_rur,mts_aggregate_2,2013,546.776
lka,sex_m,geo_cov_rur,mts_aggregate_2,2014,580.267
lka,sex_m,geo_cov_rur,mts_aggregate_2,2015,590.307
lka,sex_m,geo_cov_rur,mts_aggregate_2,2016,585.498
lka,sex_m,geo_cov_rur,mts_aggregate_2,2017,629.593
lka,sex_m,geo_cov_rur,mts_aggregate_2,2018,682.469
lka,sex_m,geo_cov_rur,mts_aggregate_2,2019,697.24
lka,sex_m,geo_cov_rur,mts_aggregate_total,2010,1512.66
lka,sex_m,geo_cov_rur,mts_aggregate_total,2011,1535.227
lka,sex_m,geo_cov_rur,mts_aggregate_total,2013,1388.27
lka,sex_m,geo_cov_rur,mts_aggregate_total,2014,1434.84
lka,sex_m,geo_cov_rur,mts_aggregate_total,2015,1424.824
lka,sex_m,geo_cov_rur,mts_aggregate_total,2016,1432.33
lka,sex_m,geo_cov_rur,mts_aggregate_total,2017,1506.74
lka,sex_m,geo_cov_rur,mts_aggregate_total,2018,1654.706
lka,sex_m,geo_cov_rur,mts_aggregate_total,2019,1676.109
lka,sex_m,geo_cov_rur,mts_details_mrd,2010,591.629
lka,sex_m,geo_cov_rur,mts_details_mrd,2011,601.044
lka,sex_m,geo_cov_rur,mts_details_mrd,2013,546.776
lka,sex_m,geo_cov_rur,mts_details_mrd,2014,580.267
lka,sex_m,geo_cov_rur,mts_details_mrd,2015,590.307
lka,sex_m,geo_cov_rur,mts_details_mrd,2016,585.498
lka,sex_m,geo_cov_rur,mts_details_mrd,2017,629.593
lka,sex_m,geo_cov_rur,mts_details_mrd,2018,682.469
lka,sex_m,geo_cov_rur,mts_details_mrd,2019,697.24
lka,sex_m,geo_cov_rur,mts_details_sep,2010,11.682
lka,sex_m,geo_cov_rur,mts_details_sep,2011,10.571
lka,sex_m,geo_cov_rur,mts_details_sep,2013,10.555
lka,sex_m,geo_cov_rur,mts_details_sep,2014,11.216
lka,sex_m,geo_cov_rur,mts_details_sep,2015,10.141
lka,sex_m,geo_cov_rur,mts_details_sep,2016,9.436
lka,sex_m,geo_cov_rur,mts_details_sep,2017,10.697
lka,sex_m,geo_cov_rur,mts_details_sep,2018,10.561
lka,sex_m,geo_cov_rur,mts_details_sep,2019,12.211
lka,sex_m,geo_cov_rur,mts_details_sgle,2010,802.199
lka,sex_m,geo_cov_rur,mts_details_sgle,2011,805.66
lka,sex_m,geo_cov_rur,mts_details_sgle,2013,720.52
lka,sex_m,geo_cov_rur,mts_details_sgle,2014,732.864
lka,sex_m,geo_cov_rur,mts_details_sgle,2015,723.508
lka,sex_m,geo_cov_rur,mts_details_sgle,2016,730.236
lka,sex_m,geo_cov_rur,mts_details_sgle,2017,763.403
lka,sex_m,geo_cov_rur,mts_details_sgle,2018,854.647
lka,sex_m,geo_cov_rur,mts_details_sgle,2019,851.375
lka,sex_m,geo_cov_rur,mts_details_total,2010,1512.66
lka,sex_m,geo_cov_rur,mts_details_total,2011,1535.227
lka,sex_m,geo_cov_rur,mts_details_total,2013,1388.27
lka,sex_m,geo_cov_rur,mts_details_total,2014,1434.84
lka,sex_m,geo_cov_rur,mts_details_total,2015,1424.824
lka,sex_m,geo_cov_rur,mts_details_total,2016,1432.33
lka,sex_m,geo_cov_rur,mts_details_total,2017,1506.74
lka,sex_m,geo_cov_rur,mts_details_total,2018,1654.706
lka,sex_m,geo_cov_rur,mts_details_total,2019,1676.109
lka,sex_m,geo_cov_rur,mts_details_wid,2010,107.151
lka,sex_m,geo_cov_rur,mts_details_wid,2011,117.952
lka,sex_m,geo_cov_rur,mts_details_wid,2013,110.42
lka,sex_m,geo_cov_rur,mts_details_wid,2014,110.492
lka,sex_m,geo_cov_rur,mts_details_wid,2015,100.869
lka,sex_m,geo_cov_rur,mts_details_wid,2016,107.161
lka,sex_m,geo_cov_rur,mts_details_wid,2017,103.047
lka,sex_m,geo_cov_rur,mts_details_wid,2018,107.03
lka,sex_m,geo_cov_rur,mts_details_wid,2019,115.283
lka,sex_m,geo_cov_urb,mts_aggregate_1,2010,146.523
lka,sex_m,geo_cov_urb,mts_aggregate_1,2011,174.383
lka,sex_m,geo_cov_urb,mts_aggregate_1,2013,204.256
lka,sex_m,geo_cov_urb,mts_aggregate_1,2014,202.622
lka,sex_m,geo_cov_urb,mts_aggregate_1,2015,197.47
lka,sex_m,geo_cov_urb,mts_aggregate_1,2016,187.618
lka,sex_m,geo_cov_urb,mts_aggregate_1,2017,204.752
lka,sex_m,geo_cov_urb,mts_aggregate_1,2018,201.714
lka,sex_m,geo_cov_urb,mts_aggregate_1,2019,210.829
lka,sex_m,geo_cov_urb,mts_aggregate_2,2010,111.998
lka,sex_m,geo_cov_urb,mts_aggregate_2,2011,118.926
lka,sex_m,geo_cov_urb,mts_aggregate_2,2013,151.357
lka,sex_m,geo_cov_urb,mts_aggregate_2,2014,151.525
lka,sex_m,geo_cov_urb,mts_aggregate_2,2015,162.44
lka,sex_m,geo_cov_urb,mts_aggregate_2,2016,144.284
lka,sex_m,geo_cov_urb,mts_aggregate_2,2017,150.117
lka,sex_m,geo_cov_urb,mts_aggregate_2,2018,170.501
lka,sex_m,geo_cov_urb,mts_aggregate_2,2019,173.391
lka,sex_m,geo_cov_urb,mts_aggregate_total,2010,258.52
lka,sex_m,geo_cov_urb,mts_aggregate_total,2011,293.309
lka,sex_m,geo_cov_urb,mts_aggregate_total,2013,355.613
lka,sex_m,geo_cov_urb,mts_aggregate_total,2014,354.147
lka,sex_m,geo_cov_urb,mts_aggregate_total,2015,359.91
lka,sex_m,geo_cov_urb,mts_aggregate_total,2016,331.902
lka,sex_m,geo_cov_urb,mts_aggregate_total,2017,354.869
lka,sex_m,geo_cov_urb,mts_aggregate_total,2018,372.215
lka,sex_m,geo_cov_urb,mts_aggregate_total,2019,384.22
lka,sex_m,geo_cov_urb,mts_details_mrd,2010,111.998
lka,sex_m,geo_cov_urb,mts_details_mrd,2011,118.926
lka,sex_m,geo_cov_urb,mts_details_mrd,2013,151.357
lka,sex_m,geo_cov_urb,mts_details_mrd,2014,151.525
lka,sex_m,geo_cov_urb,mts_details_mrd,2015,162.44
lka,sex_m,geo_cov_urb,mts_details_mrd,2016,144.284
lka,sex_m,geo_cov_urb,mts_details_mrd,2017,150.117
lka,sex_m,geo_cov_urb,mts_details_mrd,2018,170.501
lka,sex_m,geo_cov_urb,mts_details_mrd,2019,173.391
lka,sex_m,geo_cov_urb,mts_details_sep,2010,0.615
lka,sex_m,geo_cov_urb,mts_details_sep,2011,1.235
lka,sex_m,geo_cov_urb,mts_details_sep,2013,2.308
lka,sex_m,geo_cov_urb,mts_details_sep,2014,1.712
lka,sex_m,geo_cov_urb,mts_details_sep,2015,1.618
lka,sex_m,geo_cov_urb,mts_details_sep,2016,2.342
lka,sex_m,geo_cov_urb,mts_details_sep,2017,3.154
lka,sex_m,geo_cov_urb,mts_details_sep,2018,3.183
lka,sex_m,geo_cov_urb,mts_details_sep,2019,1.895
lka,sex_m,geo_cov_urb,mts_details_sgle,2010,131.365
lka,sex_m,geo_cov_urb,mts_details_sgle,2011,148.24
lka,sex_m,geo_cov_urb,mts_details_sgle,2013,175.347
lka,sex_m,geo_cov_urb,mts_details_sgle,2014,174.735
lka,sex_m,geo_cov_urb,mts_details_sgle,2015,170.867
lka,sex_m,geo_cov_urb,mts_details_sgle,2016,164.082
lka,sex_m,geo_cov_urb,mts_details_sgle,2017,173.345
lka,sex_m,geo_cov_urb,mts_details_sgle,2018,174.01
lka,sex_m,geo_cov_urb,mts_details_sgle,2019,188.055
lka,sex_m,geo_cov_urb,mts_details_total,2010,258.52
lka,sex_m,geo_cov_urb,mts_details_total,2011,293.309
lka,sex_m,geo_cov_urb,mts_details_total,2013,355.613
lka,sex_m,geo_cov_urb,mts_details_total,2014,354.147
lka,sex_m,geo_cov_urb,mts_details_total,2015,359.91
lka,sex_m,geo_cov_urb,mts_details_total,2016,331.902
lka,sex_m,geo_cov_urb,mts_details_total,2017,354.869
lka,sex_m,geo_cov_urb,mts_details_total,2018,372.215
lka,sex_m,geo_cov_urb,mts_details_total,2019,384.22
lka,sex_m,geo_cov_urb,mts_details_wid,2010,14.543
lka,sex_m,geo_cov_urb,mts_details_wid,2011,24.908
lka,sex_m,geo_cov_urb,mts_details_wid,2013,26.601
lka,sex_m,geo_cov_urb,mts_details_wid,2014,26.175
lka,sex_m,geo_cov_urb,mts_details_wid,2015,24.985
lka,sex_m,geo_cov_urb,mts_details_wid,2016,21.194
lka,sex_m,geo_cov_urb,mts_details_wid,2017,28.253
lka,sex_m,geo_cov_urb,mts_details_wid,2018,24.522
lka,sex_m,geo_cov_urb,mts_details_wid,2019,20.879
lka,sex_t,geo_cov_nat,mts_aggregate_1,2010,3161.493
lka,sex_t,geo_cov_nat,mts_aggregate_1,2011,3155.491
lka,sex_t,geo_cov_nat,mts_aggregate_1,2013,3048.755
lka,sex_t,geo_cov_nat,mts_aggregate_1,2014,3072.093
lka,sex_t,geo_cov_nat,mts_aggregate_1,2015,3022.139
lka,sex_t,geo_cov_nat,mts_aggregate_1,2016,3084.096
lka,sex_t,geo_cov_nat,mts_aggregate_1,2017,3201.634
lka,sex_t,geo_cov_nat,mts_aggregate_1,2018,3411.928
lka,sex_t,geo_cov_nat,mts_aggregate_1,2019,3452.769
lka,sex_t,geo_cov_nat,mts_aggregate_2,2010,3921.97
lka,sex_t,geo_cov_nat,mts_aggregate_2,2011,3903.223
lka,sex_t,geo_cov_nat,mts_aggregate_2,2013,3888.083
lka,sex_t,geo_cov_nat,mts_aggregate_2,2014,4024.832
lka,sex_t,geo_cov_nat,mts_aggregate_2,2015,4058.221
lka,sex_t,geo_cov_nat,mts_aggregate_2,2016,4064.784
lka,sex_t,geo_cov_nat,mts_aggregate_2,2017,4087.844
lka,sex_t,geo_cov_nat,mts_aggregate_2,2018,4407.437
lka,sex_t,geo_cov_nat,mts_aggregate_2,2019,4389.808
lka,sex_t,geo_cov_nat,mts_aggregate_total,2010,7083.464
lka,sex_t,geo_cov_nat,mts_aggregate_total,2011,7058.714
lka,sex_t,geo_cov_nat,mts_aggregate_total,2013,6936.837
lka,sex_t,geo_cov_nat,mts_aggregate_total,2014,7096.925
lka,sex_t,geo_cov_nat,mts_aggregate_total,2015,7080.36
lka,sex_t,geo_cov_nat,mts_aggregate_total,2016,7148.88
lka,sex_t,geo_cov_nat,mts_aggregate_total,2017,7289.478
lka,sex_t,geo_cov_nat,mts_aggregate_total,2018,7819.365
lka,sex_t,geo_cov_nat,mts_aggregate_total,2019,7842.577
lka,sex_t,geo_cov_nat,mts_details_mrd,2010,3921.97
lka,sex_t,geo_cov_nat,mts_details_mrd,2011,3903.223
lka,sex_t,geo_cov_nat,mts_details_mrd,2013,3888.083
lka,sex_t,geo_cov_nat,mts_details_mrd,2014,4024.832
lka,sex_t,geo_cov_nat,mts_details_mrd,2015,4058.221
lka,sex_t,geo_cov_nat,mts_details_mrd,2016,4064.784
lka,sex_t,geo_cov_nat,mts_details_mrd,2017,4087.844
lka,sex_t,geo_cov_nat,mts_details_mrd,2018,4407.437
lka,sex_t,geo_cov_nat,mts_details_mrd,2019,4389.808
lka,sex_t,geo_cov_nat,mts_details_sep,2010,70.194
lka,sex_t,geo_cov_nat,mts_details_sep,2011,60.827
lka,sex_t,geo_cov_nat,mts_details_sep,2013,78.154
lka,sex_t,geo_cov_nat,mts_details_sep,2014,77.014
lka,sex_t,geo_cov_nat,mts_details_sep,2015,74.717
lka,sex_t,geo_cov_nat,mts_details_sep,2016,76.154
lka,sex_t,geo_cov_nat,mts_details_sep,2017,82.923
lka,sex_t,geo_cov_nat,mts_details_sep,2018,95.07
lka,sex_t,geo_cov_nat,mts_details_sep,2019,86.414
lka,sex_t,geo_cov_nat,mts_details_sgle,2010,2165.325
lka,sex_t,geo_cov_nat,mts_details_sgle,2011,2167.012
lka,sex_t,geo_cov_nat,mts_details_sgle,2013,2039.478
lka,sex_t,geo_cov_nat,mts_details_sgle,2014,2018.736
lka,sex_t,geo_cov_nat,mts_details_sgle,2015,2006.027
lka,sex_t,geo_cov_nat,mts_details_sgle,2016,2033.027
lka,sex_t,geo_cov_nat,mts_details_sgle,2017,2113.183
lka,sex_t,geo_cov_nat,mts_details_sgle,2018,2257.789
lka,sex_t,geo_cov_nat,mts_details_sgle,2019,2254.775
lka,sex_t,geo_cov_nat,mts_details_total,2010,7083.464
lka,sex_t,geo_cov_nat,mts_details_total,2011,7058.714
lka,sex_t,geo_cov_nat,mts_details_total,2013,6936.837
lka,sex_t,geo_cov_nat,mts_details_total,2014,7096.925
lka,sex_t,geo_cov_nat,mts_details_total,2015,7080.36
lka,sex_t,geo_cov_nat,mts_details_total,2016,7148.88
lka,sex_t,geo_cov_nat,mts_details_total,2017,7289.478
lka,sex_t,geo_cov_nat,mts_details_total,2018,7819.365
lka,sex_t,geo_cov_nat,mts_details_total,2019,7842.577
lka,sex_t,geo_cov_nat,mts_details_wid,2010,925.974
lka,sex_t,geo_cov_nat,mts_details_wid,2011,927.651
lka,sex_t,geo_cov_nat,mts_details_wid,2013,931.123
lka,sex_t,geo_cov_nat,mts_details_wid,2014,976.343
lka,sex_t,geo_cov_nat,mts_details_wid,2015,941.395
lka,sex_t,geo_cov_nat,mts_details_wid,2016,974.916
lka,sex_t,geo_cov_nat,mts_details_wid,2017,1005.528
lka,sex_t,geo_cov_nat,mts_details_wid,2018,1059.07
lka,sex_t,geo_cov_nat,mts_details_wid,2019,1111.58
lka,sex_t,geo_cov_rur,mts_aggregate_1,2010,2689.509
lka,sex_t,geo_cov_rur,mts_aggregate_1,2011,2659.837
lka,sex_t,geo_cov_rur,mts_aggregate_1,2013,2476.537
lka,sex_t,geo_cov_rur,mts_aggregate_1,2014,2512.473
lka,sex_t,geo_cov_rur,mts_aggregate_1,2015,2478.529
lka,sex_t,geo_cov_rur,mts_aggregate_1,2016,2523.624
lka,sex_t,geo_cov_rur,mts_aggregate_1,2017,2600.777
lka,sex_t,geo_cov_rur,mts_aggregate_1,2018,2810.184
lka,sex_t,geo_cov_rur,mts_aggregate_1,2019,2841.693
lka,sex_t,geo_cov_rur,mts_aggregate_2,2010,3341.038
lka,sex_t,geo_cov_rur,mts_aggregate_2,2011,3324.75
lka,sex_t,geo_cov_rur,mts_aggregate_2,2013,3137.965
lka,sex_t,geo_cov_rur,mts_aggregate_2,2014,3283.724
lka,sex_t,geo_cov_rur,mts_aggregate_2,2015,3274.763
lka,sex_t,geo_cov_rur,mts_aggregate_2,2016,3307.91
lka,sex_t,geo_cov_rur,mts_aggregate_2,2017,3303.908
lka,sex_t,geo_cov_rur,mts_aggregate_2,2018,3573.603
lka,sex_t,geo_cov_rur,mts_aggregate_2,2019,3588.998
lka,sex_t,geo_cov_rur,mts_aggregate_total,2010,6030.548
lka,sex_t,geo_cov_rur,mts_aggregate_total,2011,5984.587
lka,sex_t,geo_cov_rur,mts_aggregate_total,2013,5614.502
lka,sex_t,geo_cov_rur,mts_aggregate_total,2014,5796.198
lka,sex_t,geo_cov_rur,mts_aggregate_total,2015,5753.292
lka,sex_t,geo_cov_rur,mts_aggregate_total,2016,5831.534
lka,sex_t,geo_cov_rur,mts_aggregate_total,2017,5904.684
lka,sex_t,geo_cov_rur,mts_aggregate_total,2018,6383.788
lka,sex_t,geo_cov_rur,mts_aggregate_total,2019,6430.692
lka,sex_t,geo_cov_rur,mts_details_mrd,2010,3341.038
lka,sex_t,geo_cov_rur,mts_details_mrd,2011,3324.75
lka,sex_t,geo_cov_rur,mts_details_mrd,2013,3137.965
lka,sex_t,geo_cov_rur,mts_details_mrd,2014,3283.724
lka,sex_t,geo_cov_rur,mts_details_mrd,2015,3274.763
lka,sex_t,geo_cov_rur,mts_details_mrd,2016,3307.91
lka,sex_t,geo_cov_rur,mts_details_mrd,2017,3303.908
lka,sex_t,geo_cov_rur,mts_details_mrd,2018,3573.603
lka,sex_t,geo_cov_rur,mts_details_mrd,2019,3588.998
lka,sex_t,geo_cov_rur,mts_details_sep,2010,58.472
lka,sex_t,geo_cov_rur,mts_details_sep,2011,51.746
lka,sex_t,geo_cov_rur,mts_details_sep,2013,63.937
lka,sex_t,geo_cov_rur,mts_details_sep,2014,63.873
lka,sex_t,geo_cov_rur,mts_details_sep,2015,63.634
lka,sex_t,geo_cov_rur,mts_details_sep,2016,58.806
lka,sex_t,geo_cov_rur,mts_details_sep,2017,68.547
lka,sex_t,geo_cov_rur,mts_details_sep,2018,75.128
lka,sex_t,geo_cov_rur,mts_details_sep,2019,71.817
lka,sex_t,geo_cov_rur,mts_details_sgle,2010,1840.319
lka,sex_t,geo_cov_rur,mts_details_sgle,2011,1834.599
lka,sex_t,geo_cov_rur,mts_details_sgle,2013,1660.41
lka,sex_t,geo_cov_rur,mts_details_sgle,2014,1656.071
lka,sex_t,geo_cov_rur,mts_details_sgle,2015,1637.611
lka,sex_t,geo_cov_rur,mts_details_sgle,2016,1669.995
lka,sex_t,geo_cov_rur,mts_details_sgle,2017,1703.812
lka,sex_t,geo_cov_rur,mts_details_sgle,2018,1856.097
lka,sex_t,geo_cov_rur,mts_details_sgle,2019,1840.196
lka,sex_t,geo_cov_rur,mts_details_total,2010,6030.548
lka,sex_t,geo_cov_rur,mts_details_total,2011,5984.587
lka,sex_t,geo_cov_rur,mts_details_total,2013,5614.502
lka,sex_t,geo_cov_rur,mts_details_total,2014,5796.198
lka,sex_t,geo_cov_rur,mts_details_total,2015,5753.292
lka,sex_t,geo_cov_rur,mts_details_total,2016,5831.534
lka,sex_t,geo_cov_rur,mts_details_total,2017,5904.684
lka,sex_t,geo_cov_rur,mts_details_total,2018,6383.788
lka,sex_t,geo_cov_rur,mts_details_total,2019,6430.692
lka,sex_t,geo_cov_rur,mts_details_wid,2010,790.718
lka,sex_t,geo_cov_rur,mts_details_wid,2011,773.492
lka,sex_t,geo_cov_rur,mts_details_wid,2013,752.19
lka,sex_t,geo_cov_rur,mts_details_wid,2014,792.53
lka,sex_t,geo_cov_rur,mts_details_wid,2015,777.284
lka,sex_t,geo_cov_rur,mts_details_wid,2016,794.823
lka,sex_t,geo_cov_rur,mts_details_wid,2017,828.417
lka,sex_t,geo_cov_rur,mts_details_wid,2018,878.959
lka,sex_t,geo_cov_rur,mts_details_wid,2019,929.68
lka,sex_t,geo_cov_urb,mts_aggregate_1,2010,471.984
lka,sex_t,geo_cov_urb,mts_aggregate_1,2011,495.654
lka,sex_t,geo_cov_urb,mts_aggregate_1,2013,572.217
lka,sex_t,geo_cov_urb,mts_aggregate_1,2014,559.619
lka,sex_t,geo_cov_urb,mts_aggregate_1,2015,543.609
lka,sex_t,geo_cov_urb,mts_aggregate_1,2016,560.472
lka,sex_t,geo_cov_urb,mts_aggregate_1,2017,600.858
lka,sex_t,geo_cov_urb,mts_aggregate_1,2018,601.744
lka,sex_t,geo_cov_urb,mts_aggregate_1,2019,611.076
lka,sex_t,geo_cov_urb,mts_aggregate_2,2010,580.932
lka,sex_t,geo_cov_urb,mts_aggregate_2,2011,578.474
lka,sex_t,geo_cov_urb,mts_aggregate_2,2013,750.118
lka,sex_t,geo_cov_urb,mts_aggregate_2,2014,741.108
lka,sex_t,geo_cov_urb,mts_aggregate_2,2015,783.458
lka,sex_t,geo_cov_urb,mts_aggregate_2,2016,756.874
lka,sex_t,geo_cov_urb,mts_aggregate_2,2017,783.936
lka,sex_t,geo_cov_urb,mts_aggregate_2,2018,833.834
lka,sex_t,geo_cov_urb,mts_aggregate_2,2019,800.809
lka,sex_t,geo_cov_urb,mts_aggregate_total,2010,1052.916
lka,sex_t,geo_cov_urb,mts_aggregate_total,2011,1074.127
lka,sex_t,geo_cov_urb,mts_aggregate_total,2013,1322.335
lka,sex_t,geo_cov_urb,mts_aggregate_total,2014,1300.727
lka,sex_t,geo_cov_urb,mts_aggregate_total,2015,1327.067
lka,sex_t,geo_cov_urb,mts_aggregate_total,2016,1317.346
lka,sex_t,geo_cov_urb,mts_aggregate_total,2017,1384.794
lka,sex_t,geo_cov_urb,mts_aggregate_total,2018,1435.578
lka,sex_t,geo_cov_urb,mts_aggregate_total,2019,1411.885
lka,sex_t,geo_cov_urb,mts_details_mrd,2010,580.932
lka,sex_t,geo_cov_urb,mts_details_mrd,2011,578.474
lka,sex_t,geo_cov_urb,mts_details_mrd,2013,750.118
lka,sex_t,geo_cov_urb,mts_details_mrd,2014,741.108
lka,sex_t,geo_cov_urb,mts_details_mrd,2015,783.458
lka,sex_t,geo_cov_urb,mts_details_mrd,2016,756.874
lka,sex_t,geo_cov_urb,mts_details_mrd,2017,783.936
lka,sex_t,geo_cov_urb,mts_details_mrd,2018,833.834
lka,sex_t,geo_cov_urb,mts_details_mrd,2019,800.809
lka,sex_t,geo_cov_urb,mts_details_sep,2010,11.722
lka,sex_t,geo_cov_urb,mts_details_sep,2011,9.082
lka,sex_t,geo_cov_urb,mts_details_sep,2013,14.216
lka,sex_t,geo_cov_urb,mts_details_sep,2014,13.141
lka,sex_t,geo_cov_urb,mts_details_sep,2015,11.082
lka,sex_t,geo_cov_urb,mts_details_sep,2016,17.348
lka,sex_t,geo_cov_urb,mts_details_sep,2017,14.376
lka,sex_t,geo_cov_urb,mts_details_sep,2018,19.942
lka,sex_t,geo_cov_urb,mts_details_sep,2019,14.597
lka,sex_t,geo_cov_urb,mts_details_sgle,2010,325.006
lka,sex_t,geo_cov_urb,mts_details_sgle,2011,332.413
lka,sex_t,geo_cov_urb,mts_details_sgle,2013,379.068
lka,sex_t,geo_cov_urb,mts_details_sgle,2014,362.665
lka,sex_t,geo_cov_urb,mts_details_sgle,2015,368.416
lka,sex_t,geo_cov_urb,mts_details_sgle,2016,363.032
lka,sex_t,geo_cov_urb,mts_details_sgle,2017,409.371
lka,sex_t,geo_cov_urb,mts_details_sgle,2018,401.692
lka,sex_t,geo_cov_urb,mts_details_sgle,2019,414.579
lka,sex_t,geo_cov_urb,mts_details_total,2010,1052.916
lka,sex_t,geo_cov_urb,mts_details_total,2011,1074.127
lka,sex_t,geo_cov_urb,mts_details_total,2013,1322.335
lka,sex_t,geo_cov_urb,mts_details_total,2014,1300.727
lka,sex_t,geo_cov_urb,mts_details_total,2015,1327.067
lka,sex_t,geo_cov_urb,mts_details_total,2016,1317.346
lka,sex_t,geo_cov_urb,mts_details_total,2017,1384.794
lka,sex_t,geo_cov_urb,mts_details_total,2018,1435.578
lka,sex_t,geo_cov_urb,mts_details_total,2019,1411.885
lka,sex_t,geo_cov_urb,mts_details_wid,2010,135.256
lka,sex_t,geo_cov_urb,mts_details_wid,2011,154.159
lka,sex_t,geo_cov_urb,mts_details_wid,2013,178.933
lka,sex_t,geo_cov_urb,mts_details_wid,2014,183.813
lka,sex_t,geo_cov_urb,mts_details_wid,2015,164.112
lka,sex_t,geo_cov_urb,mts_details_wid,2016,180.093
lka,sex_t,geo_cov_urb,mts_details_wid,2017,177.111
lka,sex_t,geo_cov_urb,mts_details_wid,2018,180.111
lka,sex_t,geo_cov_urb,mts_details_wid,2019,181.9
lso,sex_f,geo_cov_nat,mts_aggregate_1,2019,224.094
lso,sex_f,geo_cov_nat,mts_aggregate_2,2019,133.923
lso,sex_f,geo_cov_nat,mts_aggregate_total,2019,358.016
lso,sex_f,geo_cov_nat,mts_details_mrd,2019,133.172
lso,sex_f,geo_cov_nat,mts_details_sep,2019,12.748
lso,sex_f,geo_cov_nat,mts_details_sgle,2019,130.859
lso,sex_f,geo_cov_nat,mts_details_total,2019,358.016
lso,sex_f,geo_cov_nat,mts_details_union,2019,0.75
lso,sex_f,geo_cov_nat,mts_details_wid,2019,80.487
lso,sex_f,geo_cov_rur,mts_aggregate_1,2019,134.957
lso,sex_f,geo_cov_rur,mts_aggregate_2,2019,93.568
lso,sex_f,geo_cov_rur,mts_aggregate_total,2019,228.525
lso,sex_f,geo_cov_rur,mts_details_mrd,2019,93.319
lso,sex_f,geo_cov_rur,mts_details_sep,2019,8.508
lso,sex_f,geo_cov_rur,mts_details_sgle,2019,67.731
lso,sex_f,geo_cov_rur,mts_details_total,2019,228.525
lso,sex_f,geo_cov_rur,mts_details_union,2019,0.249
lso,sex_f,geo_cov_rur,mts_details_wid,2019,58.718
lso,sex_f,geo_cov_urb,mts_aggregate_1,2019,89.137
lso,sex_f,geo_cov_urb,mts_aggregate_2,2019,40.355
lso,sex_f,geo_cov_urb,mts_aggregate_total,2019,129.492
lso,sex_f,geo_cov_urb,mts_details_mrd,2019,39.854
lso,sex_f,geo_cov_urb,mts_details_sep,2019,4.24
lso,sex_f,geo_cov_urb,mts_details_sgle,2019,63.128
lso,sex_f,geo_cov_urb,mts_details_total,2019,129.492
lso,sex_f,geo_cov_urb,mts_details_union,2019,0.501
lso,sex_f,geo_cov_urb,mts_details_wid,2019,21.77
lso,sex_m,geo_cov_nat,mts_aggregate_1,2019,153.507
lso,sex_m,geo_cov_nat,mts_aggregate_2,2019,58.769
lso,sex_m,geo_cov_nat,mts_aggregate_total,2019,212.276
lso,sex_m,geo_cov_nat,mts_details_mrd,2019,58.23
lso,sex_m,geo_cov_nat,mts_details_sep,2019,10.191
lso,sex_m,geo_cov_nat,mts_details_sgle,2019,128.335
lso,sex_m,geo_cov_nat,mts_details_total,2019,212.276
lso,sex_m,geo_cov_nat,mts_details_union,2019,0.539
lso,sex_m,geo_cov_nat,mts_details_wid,2019,14.981
lso,sex_m,geo_cov_rur,mts_aggregate_1,2019,89.334
lso,sex_m,geo_cov_rur,mts_aggregate_2,2019,42.096
lso,sex_m,geo_cov_rur,mts_aggregate_total,2019,131.431
lso,sex_m,geo_cov_rur,mts_details_mrd,2019,41.913
lso,sex_m,geo_cov_rur,mts_details_sep,2019,6.935
lso,sex_m,geo_cov_rur,mts_details_sgle,2019,71.712
lso,sex_m,geo_cov_rur,mts_details_total,2019,131.431
lso,sex_m,geo_cov_rur,mts_details_wid,2019,10.688
lso,sex_m,geo_cov_urb,mts_aggregate_1,2019,64.172
lso,sex_m,geo_cov_urb,mts_aggregate_2,2019,16.673
lso,sex_m,geo_cov_urb,mts_aggregate_total,2019,80.845
lso,sex_m,geo_cov_urb,mts_details_mrd,2019,16.318
lso,sex_m,geo_cov_urb,mts_details_sep,2019,3.257
lso,sex_m,geo_cov_urb,mts_details_sgle,2019,56.623
lso,sex_m,geo_cov_urb,mts_details_total,2019,80.845
lso,sex_m,geo_cov_urb,mts_details_union,2019,0.355
lso,sex_m,geo_cov_urb,mts_details_wid,2019,4.293
lso,sex_t,geo_cov_nat,mts_aggregate_1,2019,377.601
lso,sex_t,geo_cov_nat,mts_aggregate_2,2019,192.692
lso,sex_t,geo_cov_nat,mts_aggregate_total,2019,570.292
lso,sex_t,geo_cov_nat,mts_details_mrd,2019,191.403
lso,sex_t,geo_cov_nat,mts_details_sep,2019,22.939
lso,sex_t,geo_cov_nat,mts_details_sgle,2019,259.193
lso,sex_t,geo_cov_nat,mts_details_total,2019,570.292
lso,sex_t,geo_cov_nat,mts_details_union,2019,1.289
lso,sex_t,geo_cov_nat,mts_details_wid,2019,95.468
lso,sex_t,geo_cov_rur,mts_aggregate_1,2019,224.291
lso,sex_t,geo_cov_rur,mts_aggregate_2,2019,135.664
lso,sex_t,geo_cov_rur,mts_aggregate_total,2019,359.955
lso,sex_t,geo_cov_rur,mts_details_mrd,2019,135.231
lso,sex_t,geo_cov_rur,mts_details_sep,2019,15.443
lso,sex_t,geo_cov_rur,mts_details_sgle,2019,139.442
lso,sex_t,geo_cov_rur,mts_details_total,2019,359.955
lso,sex_t,geo_cov_rur,mts_details_union,2019,0.433
lso,sex_t,geo_cov_rur,mts_details_wid,2019,69.406
lso,sex_t,geo_cov_urb,mts_aggregate_1,2019,153.31
lso,sex_t,geo_cov_urb,mts_aggregate_2,2019,57.027
lso,sex_t,geo_cov_urb,mts_aggregate_total,2019,210.337
lso,sex_t,geo_cov_urb,mts_details_mrd,2019,56.172
lso,sex_t,geo_cov_urb,mts_details_sep,2019,7.497
lso,sex_t,geo_cov_urb,mts_details_sgle,2019,119.751
lso,sex_t,geo_cov_urb,mts_details_total,2019,210.337
lso,sex_t,geo_cov_urb,mts_details_union,2019,0.855
lso,sex_t,geo_cov_urb,mts_details_wid,2019,26.062
ltu,sex_f,geo_cov_nat,mts_aggregate_1,1998,425.962
ltu,sex_f,geo_cov_nat,mts_aggregate_1,1999,430.154
ltu,sex_f,geo_cov_nat,mts_aggregate_1,2000,428.239
ltu,sex_f,geo_cov_nat,mts_aggregate_1,2001,461.543
ltu,sex_f,geo_cov_nat,mts_aggregate_1,2002,470.674
ltu,sex_f,geo_cov_nat,mts_aggregate_1,2003,472.794
ltu,sex_f,geo_cov_nat,mts_aggregate_1,2004,491.539
ltu,sex_f,geo_cov_nat,mts_aggregate_1,2005,491.38
ltu,sex_f,geo_cov_nat,mts_aggregate_1,2006,485.694
ltu,sex_f,geo_cov_nat,mts_aggregate_1,2007,493.883
ltu,sex_f,geo_cov_nat,mts_aggregate_1,2008,498.028
ltu,sex_f,geo_cov_nat,mts_aggregate_1,2009,486.95
ltu,sex_f,geo_cov_nat,mts_aggregate_1,2010,480.311
ltu,sex_f,geo_cov_nat,mts_aggregate_1,2011,460.841
ltu,sex_f,geo_cov_nat,mts_aggregate_1,2012,449.599
ltu,sex_f,geo_cov_nat,mts_aggregate_1,2013,441.504
ltu,sex_f,geo_cov_nat,mts_aggregate_1,2014,431.547
ltu,sex_f,geo_cov_nat,mts_aggregate_1,2015,426.541
ltu,sex_f,geo_cov_nat,mts_aggregate_1,2016,400.012
ltu,sex_f,geo_cov_nat,mts_aggregate_1,2017,383.184
ltu,sex_f,geo_cov_nat,mts_aggregate_1,2018,372.702
ltu,sex_f,geo_cov_nat,mts_aggregate_1,2019,363.987
ltu,sex_f,geo_cov_nat,mts_aggregate_1,2020,366.035
ltu,sex_f,geo_cov_nat,mts_aggregate_2,1998,283.393
ltu,sex_f,geo_cov_nat,mts_aggregate_2,1999,252.648
ltu,sex_f,geo_cov_nat,mts_aggregate_2,2000,256.506
ltu,sex_f,geo_cov_nat,mts_aggregate_2,2001,244.791
ltu,sex_f,geo_cov_nat,mts_aggregate_2,2002,256.714
ltu,sex_f,geo_cov_nat,mts_aggregate_2,2003,220.204
ltu,sex_f,geo_cov_nat,mts_aggregate_2,2004,247.53
ltu,sex_f,geo_cov_nat,mts_aggregate_2,2005,253.799
ltu,sex_f,geo_cov_nat,mts_aggregate_2,2006,259.363
ltu,sex_f,geo_cov_nat,mts_aggregate_2,2007,247.834
ltu,sex_f,geo_cov_nat,mts_aggregate_2,2008,235.748
ltu,sex_f,geo_cov_nat,mts_aggregate_2,2009,220.971
ltu,sex_f,geo_cov_nat,mts_aggregate_2,2010,214.069
ltu,sex_f,geo_cov_nat,mts_aggregate_2,2011,208.705
ltu,sex_f,geo_cov_nat,mts_aggregate_2,2012,205.17
ltu,sex_f,geo_cov_nat,mts_aggregate_2,2013,210.355
ltu,sex_f,geo_cov_nat,mts_aggregate_2,2014,202.02
ltu,sex_f,geo_cov_nat,mts_aggregate_2,2015,193.822
ltu,sex_f,geo_cov_nat,mts_aggregate_2,2016,196.215
ltu,sex_f,geo_cov_nat,mts_aggregate_2,2017,199.551
ltu,sex_f,geo_cov_nat,mts_aggregate_2,2018,192.924
ltu,sex_f,geo_cov_nat,mts_aggregate_2,2019,186.715
ltu,sex_f,geo_cov_nat,mts_aggregate_2,2020,180.512
ltu,sex_f,geo_cov_nat,mts_aggregate_total,1998,709.355
ltu,sex_f,geo_cov_nat,mts_aggregate_total,1999,682.802
ltu,sex_f,geo_cov_nat,mts_aggregate_total,2000,684.745
ltu,sex_f,geo_cov_nat,mts_aggregate_total,2001,706.334
ltu,sex_f,geo_cov_nat,mts_aggregate_total,2002,727.388
ltu,sex_f,geo_cov_nat,mts_aggregate_total,2003,692.999
ltu,sex_f,geo_cov_nat,mts_aggregate_total,2004,739.069
ltu,sex_f,geo_cov_nat,mts_aggregate_total,2005,745.178
ltu,sex_f,geo_cov_nat,mts_aggregate_total,2006,745.057
ltu,sex_f,geo_cov_nat,mts_aggregate_total,2007,741.717
ltu,sex_f,geo_cov_nat,mts_aggregate_total,2008,733.776
ltu,sex_f,geo_cov_nat,mts_aggregate_total,2009,707.922
ltu,sex_f,geo_cov_nat,mts_aggregate_total,2010,694.38
ltu,sex_f,geo_cov_nat,mts_aggregate_total,2011,669.546
ltu,sex_f,geo_cov_nat,mts_aggregate_total,2012,654.769
ltu,sex_f,geo_cov_nat,mts_aggregate_total,2013,651.859
ltu,sex_f,geo_cov_nat,mts_aggregate_total,2014,633.567
ltu,sex_f,geo_cov_nat,mts_aggregate_total,2015,620.363
ltu,sex_f,geo_cov_nat,mts_aggregate_total,2016,596.227
ltu,sex_f,geo_cov_nat,mts_aggregate_total,2017,582.735
ltu,sex_f,geo_cov_nat,mts_aggregate_total,2018,565.626
ltu,sex_f,geo_cov_nat,mts_aggregate_total,2019,550.702
ltu,sex_f,geo_cov_nat,mts_aggregate_total,2020,546.547
ltu,sex_f,geo_cov_rur,mts_aggregate_1,1998,258.346
ltu,sex_f,geo_cov_rur,mts_aggregate_1,1999,234.479
ltu,sex_f,geo_cov_rur,mts_aggregate_1,2000,232.929
ltu,sex_f,geo_cov_rur,mts_aggregate_1,2001,278.478
ltu,sex_f,geo_cov_rur,mts_aggregate_1,2002,293.019
ltu,sex_f,geo_cov_rur,mts_aggregate_1,2003,298.946
ltu,sex_f,geo_cov_rur,mts_aggregate_1,2004,296.636
ltu,sex_f,geo_cov_rur,mts_aggregate_1,2005,296.865
ltu,sex_f,geo_cov_rur,mts_aggregate_1,2006,287.49
ltu,sex_f,geo_cov_rur,mts_aggregate_1,2007,303.214
ltu,sex_f,geo_cov_rur,mts_aggregate_1,2008,313.316
ltu,sex_f,geo_cov_rur,mts_aggregate_1,2009,303.847
ltu,sex_f,geo_cov_rur,mts_aggregate_1,2010,300.225
ltu,sex_f,geo_cov_rur,mts_aggregate_1,2011,284.349
ltu,sex_f,geo_cov_rur,mts_aggregate_1,2012,233.334
ltu,sex_f,geo_cov_rur,mts_aggregate_1,2013,231.183
ltu,sex_f,geo_cov_rur,mts_aggregate_1,2014,219.308
ltu,sex_f,geo_cov_rur,mts_aggregate_1,2015,220.344
ltu,sex_f,geo_cov_rur,mts_aggregate_1,2016,206.575
ltu,sex_f,geo_cov_rur,mts_aggregate_1,2017,156.05
ltu,sex_f,geo_cov_rur,mts_aggregate_1,2018,149.168
ltu,sex_f,geo_cov_rur,mts_aggregate_1,2019,160.436
ltu,sex_f,geo_cov_rur,mts_aggregate_1,2020,158.795
ltu,sex_f,geo_cov_rur,mts_aggregate_2,1998,172.75
ltu,sex_f,geo_cov_rur,mts_aggregate_2,1999,132.742
ltu,sex_f,geo_cov_rur,mts_aggregate_2,2000,152.451
ltu,sex_f,geo_cov_rur,mts_aggregate_2,2001,159.61
ltu,sex_f,geo_cov_rur,mts_aggregate_2,2002,161.807
ltu,sex_f,geo_cov_rur,mts_aggregate_2,2003,140.495
ltu,sex_f,geo_cov_rur,mts_aggregate_2,2004,149.343
ltu,sex_f,geo_cov_rur,mts_aggregate_2,2005,157.093
ltu,sex_f,geo_cov_rur,mts_aggregate_2,2006,162.695
ltu,sex_f,geo_cov_rur,mts_aggregate_2,2007,152.238
ltu,sex_f,geo_cov_rur,mts_aggregate_2,2008,149.32
ltu,sex_f,geo_cov_rur,mts_aggregate_2,2009,142.285
ltu,sex_f,geo_cov_rur,mts_aggregate_2,2010,138.945
ltu,sex_f,geo_cov_rur,mts_aggregate_2,2011,134.785
ltu,sex_f,geo_cov_rur,mts_aggregate_2,2012,110.106
ltu,sex_f,geo_cov_rur,mts_aggregate_2,2013,111.533
ltu,sex_f,geo_cov_rur,mts_aggregate_2,2014,103.71
ltu,sex_f,geo_cov_rur,mts_aggregate_2,2015,103.154
ltu,sex_f,geo_cov_rur,mts_aggregate_2,2016,110.379
ltu,sex_f,geo_cov_rur,mts_aggregate_2,2017,83.175
ltu,sex_f,geo_cov_rur,mts_aggregate_2,2018,78.316
ltu,sex_f,geo_cov_rur,mts_aggregate_2,2019,90.329
ltu,sex_f,geo_cov_rur,mts_aggregate_2,2020,86.461
ltu,sex_f,geo_cov_rur,mts_aggregate_total,1998,431.096
ltu,sex_f,geo_cov_rur,mts_aggregate_total,1999,367.221
ltu,sex_f,geo_cov_rur,mts_aggregate_total,2000,385.379
ltu,sex_f,geo_cov_rur,mts_aggregate_total,2001,438.088
ltu,sex_f,geo_cov_rur,mts_aggregate_total,2002,454.826
ltu,sex_f,geo_cov_rur,mts_aggregate_total,2003,439.44
ltu,sex_f,geo_cov_rur,mts_aggregate_total,2004,445.979
ltu,sex_f,geo_cov_rur,mts_aggregate_total,2005,453.958
ltu,sex_f,geo_cov_rur,mts_aggregate_total,2006,450.184
ltu,sex_f,geo_cov_rur,mts_aggregate_total,2007,455.452
ltu,sex_f,geo_cov_rur,mts_aggregate_total,2008,462.635
ltu,sex_f,geo_cov_rur,mts_aggregate_total,2009,446.132
ltu,sex_f,geo_cov_rur,mts_aggregate_total,2010,439.17
ltu,sex_f,geo_cov_rur,mts_aggregate_total,2011,419.134
ltu,sex_f,geo_cov_rur,mts_aggregate_total,2012,343.44
ltu,sex_f,geo_cov_rur,mts_aggregate_total,2013,342.716
ltu,sex_f,geo_cov_rur,mts_aggregate_total,2014,323.018
ltu,sex_f,geo_cov_rur,mts_aggregate_total,2015,323.498
ltu,sex_f,geo_cov_rur,mts_aggregate_total,2016,316.955
ltu,sex_f,geo_cov_rur,mts_aggregate_total,2017,239.225
ltu,sex_f,geo_cov_rur,mts_aggregate_total,2018,227.484
ltu,sex_f,geo_cov_rur,mts_aggregate_total,2019,250.765
ltu,sex_f,geo_cov_rur,mts_aggregate_total,2020,245.256
ltu,sex_f,geo_cov_urb,mts_aggregate_1,1998,167.616
ltu,sex_f,geo_cov_urb,mts_aggregate_1,1999,195.675
ltu,sex_f,geo_cov_urb,mts_aggregate_1,2000,195.31
ltu,sex_f,geo_cov_urb,mts_aggregate_1,2001,183.065
ltu,sex_f,geo_cov_urb,mts_aggregate_1,2002,177.655
ltu,sex_f,geo_cov_urb,mts_aggregate_1,2003,173.849
ltu,sex_f,geo_cov_urb,mts_aggregate_1,2004,194.903
ltu,sex_f,geo_cov_urb,mts_aggregate_1,2005,194.514
ltu,sex_f,geo_cov_urb,mts_aggregate_1,2006,198.205
ltu,sex_f,geo_cov_urb,mts_aggregate_1,2007,190.669
ltu,sex_f,geo_cov_urb,mts_aggregate_1,2008,184.713
ltu,sex_f,geo_cov_urb,mts_aggregate_1,2009,183.103
ltu,sex_f,geo_cov_urb,mts_aggregate_1,2010,180.086
ltu,sex_f,geo_cov_urb,mts_aggregate_1,2011,176.492
ltu,sex_f,geo_cov_urb,mts_aggregate_1,2012,216.265
ltu,sex_f,geo_cov_urb,mts_aggregate_1,2013,210.322
ltu,sex_f,geo_cov_urb,mts_aggregate_1,2014,212.239
ltu,sex_f,geo_cov_urb,mts_aggregate_1,2015,206.197
ltu,sex_f,geo_cov_urb,mts_aggregate_1,2016,193.437
ltu,sex_f,geo_cov_urb,mts_aggregate_1,2017,227.134
ltu,sex_f,geo_cov_urb,mts_aggregate_1,2018,223.534
ltu,sex_f,geo_cov_urb,mts_aggregate_1,2019,203.552
ltu,sex_f,geo_cov_urb,mts_aggregate_1,2020,207.24
ltu,sex_f,geo_cov_urb,mts_aggregate_2,1998,110.642
ltu,sex_f,geo_cov_urb,mts_aggregate_2,1999,119.906
ltu,sex_f,geo_cov_urb,mts_aggregate_2,2000,104.056
ltu,sex_f,geo_cov_urb,mts_aggregate_2,2001,85.181
ltu,sex_f,geo_cov_urb,mts_aggregate_2,2002,94.906
ltu,sex_f,geo_cov_urb,mts_aggregate_2,2003,79.71
ltu,sex_f,geo_cov_urb,mts_aggregate_2,2004,98.187
ltu,sex_f,geo_cov_urb,mts_aggregate_2,2005,96.706
ltu,sex_f,geo_cov_urb,mts_aggregate_2,2006,96.668
ltu,sex_f,geo_cov_urb,mts_aggregate_2,2007,95.595
ltu,sex_f,geo_cov_urb,mts_aggregate_2,2008,86.428
ltu,sex_f,geo_cov_urb,mts_aggregate_2,2009,78.686
ltu,sex_f,geo_cov_urb,mts_aggregate_2,2010,75.124
ltu,sex_f,geo_cov_urb,mts_aggregate_2,2011,73.92
ltu,sex_f,geo_cov_urb,mts_aggregate_2,2012,95.064
ltu,sex_f,geo_cov_urb,mts_aggregate_2,2013,98.822
ltu,sex_f,geo_cov_urb,mts_aggregate_2,2014,98.31
ltu,sex_f,geo_cov_urb,mts_aggregate_2,2015,90.669
ltu,sex_f,geo_cov_urb,mts_aggregate_2,2016,85.835
ltu,sex_f,geo_cov_urb,mts_aggregate_2,2017,116.376
ltu,sex_f,geo_cov_urb,mts_aggregate_2,2018,114.609
ltu,sex_f,geo_cov_urb,mts_aggregate_2,2019,96.386
ltu,sex_f,geo_cov_urb,mts_aggregate_2,2020,94.051
ltu,sex_f,geo_cov_urb,mts_aggregate_total,1998,278.259
ltu,sex_f,geo_cov_urb,mts_aggregate_total,1999,315.581
ltu,sex_f,geo_cov_urb,mts_aggregate_total,2000,299.366
ltu,sex_f,geo_cov_urb,mts_aggregate_total,2001,268.246
ltu,sex_f,geo_cov_urb,mts_aggregate_total,2002,272.562
ltu,sex_f,geo_cov_urb,mts_aggregate_total,2003,253.559
ltu,sex_f,geo_cov_urb,mts_aggregate_total,2004,293.09
ltu,sex_f,geo_cov_urb,mts_aggregate_total,2005,291.22
ltu,sex_f,geo_cov_urb,mts_aggregate_total,2006,294.873
ltu,sex_f,geo_cov_urb,mts_aggregate_total,2007,286.265
ltu,sex_f,geo_cov_urb,mts_aggregate_total,2008,271.141
ltu,sex_f,geo_cov_urb,mts_aggregate_total,2009,261.789
ltu,sex_f,geo_cov_urb,mts_aggregate_total,2010,255.21
ltu,sex_f,geo_cov_urb,mts_aggregate_total,2011,250.412
ltu,sex_f,geo_cov_urb,mts_aggregate_total,2012,311.328
ltu,sex_f,geo_cov_urb,mts_aggregate_total,2013,309.144
ltu,sex_f,geo_cov_urb,mts_aggregate_total,2014,310.549
ltu,sex_f,geo_cov_urb,mts_aggregate_total,2015,296.865
ltu,sex_f,geo_cov_urb,mts_aggregate_total,2016,279.272
ltu,sex_f,geo_cov_urb,mts_aggregate_total,2017,343.51
ltu,sex_f,geo_cov_urb,mts_aggregate_total,2018,338.142
ltu,sex_f,geo_cov_urb,mts_aggregate_total,2019,299.938
ltu,sex_f,geo_cov_urb,mts_aggregate_total,2020,301.291
ltu,sex_m,geo_cov_nat,mts_aggregate_1,1998,197.154
ltu,sex_m,geo_cov_nat,mts_aggregate_1,1999,227.347
ltu,sex_m,geo_cov_nat,mts_aggregate_1,2000,233.747
ltu,sex_m,geo_cov_nat,mts_aggregate_1,2001,231.592
ltu,sex_m,geo_cov_nat,mts_aggregate_1,2002,248.224
ltu,sex_m,geo_cov_nat,mts_aggregate_1,2003,258.546
ltu,sex_m,geo_cov_nat,mts_aggregate_1,2004,263.874
ltu,sex_m,geo_cov_nat,mts_aggregate_1,2005,279.411
ltu,sex_m,geo_cov_nat,mts_aggregate_1,2006,280.968
ltu,sex_m,geo_cov_nat,mts_aggregate_1,2007,275.034
ltu,sex_m,geo_cov_nat,mts_aggregate_1,2008,284.036
ltu,sex_m,geo_cov_nat,mts_aggregate_1,2009,284.706
ltu,sex_m,geo_cov_nat,mts_aggregate_1,2010,269.091
ltu,sex_m,geo_cov_nat,mts_aggregate_1,2011,246.273
ltu,sex_m,geo_cov_nat,mts_aggregate_1,2012,240.537
ltu,sex_m,geo_cov_nat,mts_aggregate_1,2013,227.864
ltu,sex_m,geo_cov_nat,mts_aggregate_1,2014,217.389
ltu,sex_m,geo_cov_nat,mts_aggregate_1,2015,220.08
ltu,sex_m,geo_cov_nat,mts_aggregate_1,2016,207.247
ltu,sex_m,geo_cov_nat,mts_aggregate_1,2017,196.998
ltu,sex_m,geo_cov_nat,mts_aggregate_1,2018,186.335
ltu,sex_m,geo_cov_nat,mts_aggregate_1,2019,186.091
ltu,sex_m,geo_cov_nat,mts_aggregate_1,2020,186.06
ltu,sex_m,geo_cov_nat,mts_aggregate_2,1998,188.926
ltu,sex_m,geo_cov_nat,mts_aggregate_2,1999,178.416
ltu,sex_m,geo_cov_nat,mts_aggregate_2,2000,195.062
ltu,sex_m,geo_cov_nat,mts_aggregate_2,2001,206.882
ltu,sex_m,geo_cov_nat,mts_aggregate_2,2002,195.257
ltu,sex_m,geo_cov_nat,mts_aggregate_2,2003,178.032
ltu,sex_m,geo_cov_nat,mts_aggregate_2,2004,196.173
ltu,sex_m,geo_cov_nat,mts_aggregate_2,2005,190.738
ltu,sex_m,geo_cov_nat,mts_aggregate_2,2006,202.242
ltu,sex_m,geo_cov_nat,mts_aggregate_2,2007,196.544
ltu,sex_m,geo_cov_nat,mts_aggregate_2,2008,181.817
ltu,sex_m,geo_cov_nat,mts_aggregate_2,2009,181.486
ltu,sex_m,geo_cov_nat,mts_aggregate_2,2010,190.376
ltu,sex_m,geo_cov_nat,mts_aggregate_2,2011,184.216
ltu,sex_m,geo_cov_nat,mts_aggregate_2,2012,182.898
ltu,sex_m,geo_cov_nat,mts_aggregate_2,2013,181.354
ltu,sex_m,geo_cov_nat,mts_aggregate_2,2014,178.525
ltu,sex_m,geo_cov_nat,mts_aggregate_2,2015,173.706
ltu,sex_m,geo_cov_nat,mts_aggregate_2,2016,168.067
ltu,sex_m,geo_cov_nat,mts_aggregate_2,2017,168.09
ltu,sex_m,geo_cov_nat,mts_aggregate_2,2018,163.138
ltu,sex_m,geo_cov_nat,mts_aggregate_2,2019,161.089
ltu,sex_m,geo_cov_nat,mts_aggregate_2,2020,153.517
ltu,sex_m,geo_cov_nat,mts_aggregate_total,1998,386.08
ltu,sex_m,geo_cov_nat,mts_aggregate_total,1999,405.763
ltu,sex_m,geo_cov_nat,mts_aggregate_total,2000,428.809
ltu,sex_m,geo_cov_nat,mts_aggregate_total,2001,438.474
ltu,sex_m,geo_cov_nat,mts_aggregate_total,2002,443.481
ltu,sex_m,geo_cov_nat,mts_aggregate_total,2003,436.578
ltu,sex_m,geo_cov_nat,mts_aggregate_total,2004,460.047
ltu,sex_m,geo_cov_nat,mts_aggregate_total,2005,470.149
ltu,sex_m,geo_cov_nat,mts_aggregate_total,2006,483.211
ltu,sex_m,geo_cov_nat,mts_aggregate_total,2007,471.577
ltu,sex_m,geo_cov_nat,mts_aggregate_total,2008,465.853
ltu,sex_m,geo_cov_nat,mts_aggregate_total,2009,466.192
ltu,sex_m,geo_cov_nat,mts_aggregate_total,2010,459.466
ltu,sex_m,geo_cov_nat,mts_aggregate_total,2011,430.489
ltu,sex_m,geo_cov_nat,mts_aggregate_total,2012,423.435
ltu,sex_m,geo_cov_nat,mts_aggregate_total,2013,409.218
ltu,sex_m,geo_cov_nat,mts_aggregate_total,2014,395.914
ltu,sex_m,geo_cov_nat,mts_aggregate_total,2015,393.786
ltu,sex_m,geo_cov_nat,mts_aggregate_total,2016,375.314
ltu,sex_m,geo_cov_nat,mts_aggregate_total,2017,365.088
ltu,sex_m,geo_cov_nat,mts_aggregate_total,2018,349.473
ltu,sex_m,geo_cov_nat,mts_aggregate_total,2019,347.18
ltu,sex_m,geo_cov_nat,mts_aggregate_total,2020,339.577
ltu,sex_m,geo_cov_rur,mts_aggregate_1,1998,113.015
ltu,sex_m,geo_cov_rur,mts_aggregate_1,1999,121.681
ltu,sex_m,geo_cov_rur,mts_aggregate_1,2000,126.123
ltu,sex_m,geo_cov_rur,mts_aggregate_1,2001,135.016
ltu,sex_m,geo_cov_rur,mts_aggregate_1,2002,150.015
ltu,sex_m,geo_cov_rur,mts_aggregate_1,2003,161.307
ltu,sex_m,geo_cov_rur,mts_aggregate_1,2004,168.52
ltu,sex_m,geo_cov_rur,mts_aggregate_1,2005,178.728
ltu,sex_m,geo_cov_rur,mts_aggregate_1,2006,174.149
ltu,sex_m,geo_cov_rur,mts_aggregate_1,2007,171.756
ltu,sex_m,geo_cov_rur,mts_aggregate_1,2008,179.951
ltu,sex_m,geo_cov_rur,mts_aggregate_1,2009,183.352
ltu,sex_m,geo_cov_rur,mts_aggregate_1,2010,171.374
ltu,sex_m,geo_cov_rur,mts_aggregate_1,2011,156.826
ltu,sex_m,geo_cov_rur,mts_aggregate_1,2012,134.419
ltu,sex_m,geo_cov_rur,mts_aggregate_1,2013,128.668
ltu,sex_m,geo_cov_rur,mts_aggregate_1,2014,120.59
ltu,sex_m,geo_cov_rur,mts_aggregate_1,2015,123.891
ltu,sex_m,geo_cov_rur,mts_aggregate_1,2016,116.284
ltu,sex_m,geo_cov_rur,mts_aggregate_1,2017,89.767
ltu,sex_m,geo_cov_rur,mts_aggregate_1,2018,83.271
ltu,sex_m,geo_cov_rur,mts_aggregate_1,2019,88.14
ltu,sex_m,geo_cov_rur,mts_aggregate_1,2020,89.13
ltu,sex_m,geo_cov_rur,mts_aggregate_2,1998,119.335
ltu,sex_m,geo_cov_rur,mts_aggregate_2,1999,97.488
ltu,sex_m,geo_cov_rur,mts_aggregate_2,2000,118.753
ltu,sex_m,geo_cov_rur,mts_aggregate_2,2001,130.651
ltu,sex_m,geo_cov_rur,mts_aggregate_2,2002,123.653
ltu,sex_m,geo_cov_rur,mts_aggregate_2,2003,111.137
ltu,sex_m,geo_cov_rur,mts_aggregate_2,2004,120.954
ltu,sex_m,geo_cov_rur,mts_aggregate_2,2005,120.465
ltu,sex_m,geo_cov_rur,mts_aggregate_2,2006,126.703
ltu,sex_m,geo_cov_rur,mts_aggregate_2,2007,123.467
ltu,sex_m,geo_cov_rur,mts_aggregate_2,2008,118.786
ltu,sex_m,geo_cov_rur,mts_aggregate_2,2009,115.82
ltu,sex_m,geo_cov_rur,mts_aggregate_2,2010,124.87
ltu,sex_m,geo_cov_rur,mts_aggregate_2,2011,119.657
ltu,sex_m,geo_cov_rur,mts_aggregate_2,2012,99.316
ltu,sex_m,geo_cov_rur,mts_aggregate_2,2013,97.113
ltu,sex_m,geo_cov_rur,mts_aggregate_2,2014,93.495
ltu,sex_m,geo_cov_rur,mts_aggregate_2,2015,96.423
ltu,sex_m,geo_cov_rur,mts_aggregate_2,2016,94.612
ltu,sex_m,geo_cov_rur,mts_aggregate_2,2017,68.414
ltu,sex_m,geo_cov_rur,mts_aggregate_2,2018,67.814
ltu,sex_m,geo_cov_rur,mts_aggregate_2,2019,84.771
ltu,sex_m,geo_cov_rur,mts_aggregate_2,2020,74.128
ltu,sex_m,geo_cov_rur,mts_aggregate_total,1998,232.351
ltu,sex_m,geo_cov_rur,mts_aggregate_total,1999,219.169
ltu,sex_m,geo_cov_rur,mts_aggregate_total,2000,244.876
ltu,sex_m,geo_cov_rur,mts_aggregate_total,2001,265.666
ltu,sex_m,geo_cov_rur,mts_aggregate_total,2002,273.668
ltu,sex_m,geo_cov_rur,mts_aggregate_total,2003,272.444
ltu,sex_m,geo_cov_rur,mts_aggregate_total,2004,289.474
ltu,sex_m,geo_cov_rur,mts_aggregate_total,2005,299.194
ltu,sex_m,geo_cov_rur,mts_aggregate_total,2006,300.853
ltu,sex_m,geo_cov_rur,mts_aggregate_total,2007,295.223
ltu,sex_m,geo_cov_rur,mts_aggregate_total,2008,298.737
ltu,sex_m,geo_cov_rur,mts_aggregate_total,2009,299.172
ltu,sex_m,geo_cov_rur,mts_aggregate_total,2010,296.244
ltu,sex_m,geo_cov_rur,mts_aggregate_total,2011,276.483
ltu,sex_m,geo_cov_rur,mts_aggregate_total,2012,233.735
ltu,sex_m,geo_cov_rur,mts_aggregate_total,2013,225.781
ltu,sex_m,geo_cov_rur,mts_aggregate_total,2014,214.084
ltu,sex_m,geo_cov_rur,mts_aggregate_total,2015,220.313
ltu,sex_m,geo_cov_rur,mts_aggregate_total,2016,210.896
ltu,sex_m,geo_cov_rur,mts_aggregate_total,2017,158.18
ltu,sex_m,geo_cov_rur,mts_aggregate_total,2018,151.085
ltu,sex_m,geo_cov_rur,mts_aggregate_total,2019,172.911
ltu,sex_m,geo_cov_rur,mts_aggregate_total,2020,163.258
ltu,sex_m,geo_cov_urb,mts_aggregate_1,1998,84.139
ltu,sex_m,geo_cov_urb,mts_aggregate_1,1999,105.666
ltu,sex_m,geo_cov_urb,mts_aggregate_1,2000,107.624
ltu,sex_m,geo_cov_urb,mts_aggregate_1,2001,96.577
ltu,sex_m,geo_cov_urb,mts_aggregate_1,2002,98.209
ltu,sex_m,geo_cov_urb,mts_aggregate_1,2003,97.239
ltu,sex_m,geo_cov_urb,mts_aggregate_1,2004,95.354
ltu,sex_m,geo_cov_urb,mts_aggregate_1,2005,100.683
ltu,sex_m,geo_cov_urb,mts_aggregate_1,2006,106.819
ltu,sex_m,geo_cov_urb,mts_aggregate_1,2007,103.278
ltu,sex_m,geo_cov_urb,mts_aggregate_1,2008,104.085
ltu,sex_m,geo_cov_urb,mts_aggregate_1,2009,101.354
ltu,sex_m,geo_cov_urb,mts_aggregate_1,2010,97.717
ltu,sex_m,geo_cov_urb,mts_aggregate_1,2011,89.447
ltu,sex_m,geo_cov_urb,mts_aggregate_1,2012,106.118
ltu,sex_m,geo_cov_urb,mts_aggregate_1,2013,99.196
ltu,sex_m,geo_cov_urb,mts_aggregate_1,2014,96.799
ltu,sex_m,geo_cov_urb,mts_aggregate_1,2015,96.189
ltu,sex_m,geo_cov_urb,mts_aggregate_1,2016,90.963
ltu,sex_m,geo_cov_urb,mts_aggregate_1,2017,107.231
ltu,sex_m,geo_cov_urb,mts_aggregate_1,2018,103.064
ltu,sex_m,geo_cov_urb,mts_aggregate_1,2019,97.951
ltu,sex_m,geo_cov_urb,mts_aggregate_1,2020,96.93
ltu,sex_m,geo_cov_urb,mts_aggregate_2,1998,69.591
ltu,sex_m,geo_cov_urb,mts_aggregate_2,1999,80.928
ltu,sex_m,geo_cov_urb,mts_aggregate_2,2000,76.309
ltu,sex_m,geo_cov_urb,mts_aggregate_2,2001,76.232
ltu,sex_m,geo_cov_urb,mts_aggregate_2,2002,71.604
ltu,sex_m,geo_cov_urb,mts_aggregate_2,2003,66.895
ltu,sex_m,geo_cov_urb,mts_aggregate_2,2004,75.219
ltu,sex_m,geo_cov_urb,mts_aggregate_2,2005,70.273
ltu,sex_m,geo_cov_urb,mts_aggregate_2,2006,75.539
ltu,sex_m,geo_cov_urb,mts_aggregate_2,2007,73.076
ltu,sex_m,geo_cov_urb,mts_aggregate_2,2008,63.031
ltu,sex_m,geo_cov_urb,mts_aggregate_2,2009,65.666
ltu,sex_m,geo_cov_urb,mts_aggregate_2,2010,65.506
ltu,sex_m,geo_cov_urb,mts_aggregate_2,2011,64.559
ltu,sex_m,geo_cov_urb,mts_aggregate_2,2012,83.582
ltu,sex_m,geo_cov_urb,mts_aggregate_2,2013,84.241
ltu,sex_m,geo_cov_urb,mts_aggregate_2,2014,85.031
ltu,sex_m,geo_cov_urb,mts_aggregate_2,2015,77.284
ltu,sex_m,geo_cov_urb,mts_aggregate_2,2016,73.455
ltu,sex_m,geo_cov_urb,mts_aggregate_2,2017,99.676
ltu,sex_m,geo_cov_urb,mts_aggregate_2,2018,95.324
ltu,sex_m,geo_cov_urb,mts_aggregate_2,2019,76.318
ltu,sex_m,geo_cov_urb,mts_aggregate_2,2020,79.389
ltu,sex_m,geo_cov_urb,mts_aggregate_total,1998,153.729
ltu,sex_m,geo_cov_urb,mts_aggregate_total,1999,186.594
ltu,sex_m,geo_cov_urb,mts_aggregate_total,2000,183.933
ltu,sex_m,geo_cov_urb,mts_aggregate_total,2001,172.808
ltu,sex_m,geo_cov_urb,mts_aggregate_total,2002,169.813
ltu,sex_m,geo_cov_urb,mts_aggregate_total,2003,164.134
ltu,sex_m,geo_cov_urb,mts_aggregate_total,2004,170.573
ltu,sex_m,geo_cov_urb,mts_aggregate_total,2005,170.956
ltu,sex_m,geo_cov_urb,mts_aggregate_total,2006,182.358
ltu,sex_m,geo_cov_urb,mts_aggregate_total,2007,176.355
ltu,sex_m,geo_cov_urb,mts_aggregate_total,2008,167.116
ltu,sex_m,geo_cov_urb,mts_aggregate_total,2009,167.02
ltu,sex_m,geo_cov_urb,mts_aggregate_total,2010,163.223
ltu,sex_m,geo_cov_urb,mts_aggregate_total,2011,154.006
ltu,sex_m,geo_cov_urb,mts_aggregate_total,2012,189.7
ltu,sex_m,geo_cov_urb,mts_aggregate_total,2013,183.437
ltu,sex_m,geo_cov_urb,mts_aggregate_total,2014,181.83
ltu,sex_m,geo_cov_urb,mts_aggregate_total,2015,173.473
ltu,sex_m,geo_cov_urb,mts_aggregate_total,2016,164.418
ltu,sex_m,geo_cov_urb,mts_aggregate_total,2017,206.907
ltu,sex_m,geo_cov_urb,mts_aggregate_total,2018,198.388
ltu,sex_m,geo_cov_urb,mts_aggregate_total,2019,174.269
ltu,sex_m,geo_cov_urb,mts_aggregate_total,2020,176.32
ltu,sex_t,geo_cov_nat,mts_aggregate_1,1998,623.116
ltu,sex_t,geo_cov_nat,mts_aggregate_1,1999,657.501
ltu,sex_t,geo_cov_nat,mts_aggregate_1,2000,661.986
ltu,sex_t,geo_cov_nat,mts_aggregate_1,2001,693.135
ltu,sex_t,geo_cov_nat,mts_aggregate_1,2002,718.898
ltu,sex_t,geo_cov_nat,mts_aggregate_1,2003,731.341
ltu,sex_t,geo_cov_nat,mts_aggregate_1,2004,755.413
ltu,sex_t,geo_cov_nat,mts_aggregate_1,2005,770.791
ltu,sex_t,geo_cov_nat,mts_aggregate_1,2006,766.663
ltu,sex_t,geo_cov_nat,mts_aggregate_1,2007,768.917
ltu,sex_t,geo_cov_nat,mts_aggregate_1,2008,782.064
ltu,sex_t,geo_cov_nat,mts_aggregate_1,2009,771.656
ltu,sex_t,geo_cov_nat,mts_aggregate_1,2010,749.402
ltu,sex_t,geo_cov_nat,mts_aggregate_1,2011,707.114
ltu,sex_t,geo_cov_nat,mts_aggregate_1,2012,690.136
ltu,sex_t,geo_cov_nat,mts_aggregate_1,2013,669.368
ltu,sex_t,geo_cov_nat,mts_aggregate_1,2014,648.936
ltu,sex_t,geo_cov_nat,mts_aggregate_1,2015,646.621
ltu,sex_t,geo_cov_nat,mts_aggregate_1,2016,607.26
ltu,sex_t,geo_cov_nat,mts_aggregate_1,2017,580.182
ltu,sex_t,geo_cov_nat,mts_aggregate_1,2018,559.036
ltu,sex_t,geo_cov_nat,mts_aggregate_1,2019,550.078
ltu,sex_t,geo_cov_nat,mts_aggregate_1,2020,552.095
ltu,sex_t,geo_cov_nat,mts_aggregate_2,1998,472.318
ltu,sex_t,geo_cov_nat,mts_aggregate_2,1999,431.064
ltu,sex_t,geo_cov_nat,mts_aggregate_2,2000,451.568
ltu,sex_t,geo_cov_nat,mts_aggregate_2,2001,451.673
ltu,sex_t,geo_cov_nat,mts_aggregate_2,2002,451.97
ltu,sex_t,geo_cov_nat,mts_aggregate_2,2003,398.236
ltu,sex_t,geo_cov_nat,mts_aggregate_2,2004,443.703
ltu,sex_t,geo_cov_nat,mts_aggregate_2,2005,444.537
ltu,sex_t,geo_cov_nat,mts_aggregate_2,2006,461.605
ltu,sex_t,geo_cov_nat,mts_aggregate_2,2007,444.377
ltu,sex_t,geo_cov_nat,mts_aggregate_2,2008,417.565
ltu,sex_t,geo_cov_nat,mts_aggregate_2,2009,402.457
ltu,sex_t,geo_cov_nat,mts_aggregate_2,2010,404.445
ltu,sex_t,geo_cov_nat,mts_aggregate_2,2011,392.921
ltu,sex_t,geo_cov_nat,mts_aggregate_2,2012,388.068
ltu,sex_t,geo_cov_nat,mts_aggregate_2,2013,391.709
ltu,sex_t,geo_cov_nat,mts_aggregate_2,2014,380.545
ltu,sex_t,geo_cov_nat,mts_aggregate_2,2015,367.529
ltu,sex_t,geo_cov_nat,mts_aggregate_2,2016,364.282
ltu,sex_t,geo_cov_nat,mts_aggregate_2,2017,367.64
ltu,sex_t,geo_cov_nat,mts_aggregate_2,2018,356.063
ltu,sex_t,geo_cov_nat,mts_aggregate_2,2019,347.804
ltu,sex_t,geo_cov_nat,mts_aggregate_2,2020,334.029
ltu,sex_t,geo_cov_nat,mts_aggregate_total,1998,1095.434
ltu,sex_t,geo_cov_nat,mts_aggregate_total,1999,1088.565
ltu,sex_t,geo_cov_nat,mts_aggregate_total,2000,1113.554
ltu,sex_t,geo_cov_nat,mts_aggregate_total,2001,1144.808
ltu,sex_t,geo_cov_nat,mts_aggregate_total,2002,1170.869
ltu,sex_t,geo_cov_nat,mts_aggregate_total,2003,1129.577
ltu,sex_t,geo_cov_nat,mts_aggregate_total,2004,1199.116
ltu,sex_t,geo_cov_nat,mts_aggregate_total,2005,1215.327
ltu,sex_t,geo_cov_nat,mts_aggregate_total,2006,1228.268
ltu,sex_t,geo_cov_nat,mts_aggregate_total,2007,1213.294
ltu,sex_t,geo_cov_nat,mts_aggregate_total,2008,1199.629
ltu,sex_t,geo_cov_nat,mts_aggregate_total,2009,1174.114
ltu,sex_t,geo_cov_nat,mts_aggregate_total,2010,1153.846
ltu,sex_t,geo_cov_nat,mts_aggregate_total,2011,1100.035
ltu,sex_t,geo_cov_nat,mts_aggregate_total,2012,1078.204
ltu,sex_t,geo_cov_nat,mts_aggregate_total,2013,1061.077
ltu,sex_t,geo_cov_nat,mts_aggregate_total,2014,1029.481
ltu,sex_t,geo_cov_nat,mts_aggregate_total,2015,1014.149
ltu,sex_t,geo_cov_nat,mts_aggregate_total,2016,971.541
ltu,sex_t,geo_cov_nat,mts_aggregate_total,2017,947.822
ltu,sex_t,geo_cov_nat,mts_aggregate_total,2018,915.099
ltu,sex_t,geo_cov_nat,mts_aggregate_total,2019,897.882
ltu,sex_t,geo_cov_nat,mts_aggregate_total,2020,886.124
ltu,sex_t,geo_cov_rur,mts_aggregate_1,1998,371.361
ltu,sex_t,geo_cov_rur,mts_aggregate_1,1999,356.16
ltu,sex_t,geo_cov_rur,mts_aggregate_1,2000,359.052
ltu,sex_t,geo_cov_rur,mts_aggregate_1,2001,413.494
ltu,sex_t,geo_cov_rur,mts_aggregate_1,2002,443.034
ltu,sex_t,geo_cov_rur,mts_aggregate_1,2003,460.253
ltu,sex_t,geo_cov_rur,mts_aggregate_1,2004,465.156
ltu,sex_t,geo_cov_rur,mts_aggregate_1,2005,475.594
ltu,sex_t,geo_cov_rur,mts_aggregate_1,2006,461.639
ltu,sex_t,geo_cov_rur,mts_aggregate_1,2007,474.969
ltu,sex_t,geo_cov_rur,mts_aggregate_1,2008,493.267
ltu,sex_t,geo_cov_rur,mts_aggregate_1,2009,487.199
ltu,sex_t,geo_cov_rur,mts_aggregate_1,2010,471.599
ltu,sex_t,geo_cov_rur,mts_aggregate_1,2011,441.175
ltu,sex_t,geo_cov_rur,mts_aggregate_1,2012,367.754
ltu,sex_t,geo_cov_rur,mts_aggregate_1,2013,359.851
ltu,sex_t,geo_cov_rur,mts_aggregate_1,2014,339.898
ltu,sex_t,geo_cov_rur,mts_aggregate_1,2015,344.235
ltu,sex_t,geo_cov_rur,mts_aggregate_1,2016,322.859
ltu,sex_t,geo_cov_rur,mts_aggregate_1,2017,245.817
ltu,sex_t,geo_cov_rur,mts_aggregate_1,2018,232.439
ltu,sex_t,geo_cov_rur,mts_aggregate_1,2019,248.575
ltu,sex_t,geo_cov_rur,mts_aggregate_1,2020,247.925
ltu,sex_t,geo_cov_rur,mts_aggregate_2,1998,292.086
ltu,sex_t,geo_cov_rur,mts_aggregate_2,1999,230.23
ltu,sex_t,geo_cov_rur,mts_aggregate_2,2000,271.203
ltu,sex_t,geo_cov_rur,mts_aggregate_2,2001,290.261
ltu,sex_t,geo_cov_rur,mts_aggregate_2,2002,285.46
ltu,sex_t,geo_cov_rur,mts_aggregate_2,2003,251.632
ltu,sex_t,geo_cov_rur,mts_aggregate_2,2004,270.297
ltu,sex_t,geo_cov_rur,mts_aggregate_2,2005,277.558
ltu,sex_t,geo_cov_rur,mts_aggregate_2,2006,289.398
ltu,sex_t,geo_cov_rur,mts_aggregate_2,2007,275.705
ltu,sex_t,geo_cov_rur,mts_aggregate_2,2008,268.106
ltu,sex_t,geo_cov_rur,mts_aggregate_2,2009,258.105
ltu,sex_t,geo_cov_rur,mts_aggregate_2,2010,263.815
ltu,sex_t,geo_cov_rur,mts_aggregate_2,2011,254.442
ltu,sex_t,geo_cov_rur,mts_aggregate_2,2012,209.422
ltu,sex_t,geo_cov_rur,mts_aggregate_2,2013,208.646
ltu,sex_t,geo_cov_rur,mts_aggregate_2,2014,197.205
ltu,sex_t,geo_cov_rur,mts_aggregate_2,2015,199.576
ltu,sex_t,geo_cov_rur,mts_aggregate_2,2016,204.992
ltu,sex_t,geo_cov_rur,mts_aggregate_2,2017,151.588
ltu,sex_t,geo_cov_rur,mts_aggregate_2,2018,146.13
ltu,sex_t,geo_cov_rur,mts_aggregate_2,2019,175.1
ltu,sex_t,geo_cov_rur,mts_aggregate_2,2020,160.589
ltu,sex_t,geo_cov_rur,mts_aggregate_total,1998,663.447
ltu,sex_t,geo_cov_rur,mts_aggregate_total,1999,586.39
ltu,sex_t,geo_cov_rur,mts_aggregate_total,2000,630.256
ltu,sex_t,geo_cov_rur,mts_aggregate_total,2001,703.754
ltu,sex_t,geo_cov_rur,mts_aggregate_total,2002,728.494
ltu,sex_t,geo_cov_rur,mts_aggregate_total,2003,711.884
ltu,sex_t,geo_cov_rur,mts_aggregate_total,2004,735.453
ltu,sex_t,geo_cov_rur,mts_aggregate_total,2005,753.152
ltu,sex_t,geo_cov_rur,mts_aggregate_total,2006,751.037
ltu,sex_t,geo_cov_rur,mts_aggregate_total,2007,750.675
ltu,sex_t,geo_cov_rur,mts_aggregate_total,2008,761.372
ltu,sex_t,geo_cov_rur,mts_aggregate_total,2009,745.304
ltu,sex_t,geo_cov_rur,mts_aggregate_total,2010,735.414
ltu,sex_t,geo_cov_rur,mts_aggregate_total,2011,695.617
ltu,sex_t,geo_cov_rur,mts_aggregate_total,2012,577.176
ltu,sex_t,geo_cov_rur,mts_aggregate_total,2013,568.497
ltu,sex_t,geo_cov_rur,mts_aggregate_total,2014,537.102
ltu,sex_t,geo_cov_rur,mts_aggregate_total,2015,543.811
ltu,sex_t,geo_cov_rur,mts_aggregate_total,2016,527.851
ltu,sex_t,geo_cov_rur,mts_aggregate_total,2017,397.405
ltu,sex_t,geo_cov_rur,mts_aggregate_total,2018,378.569
ltu,sex_t,geo_cov_rur,mts_aggregate_total,2019,423.675
ltu,sex_t,geo_cov_rur,mts_aggregate_total,2020,408.513
ltu,sex_t,geo_cov_urb,mts_aggregate_1,1998,251.755
ltu,sex_t,geo_cov_urb,mts_aggregate_1,1999,301.341
ltu,sex_t,geo_cov_urb,mts_aggregate_1,2000,302.933
ltu,sex_t,geo_cov_urb,mts_aggregate_1,2001,279.642
ltu,sex_t,geo_cov_urb,mts_aggregate_1,2002,275.865
ltu,sex_t,geo_cov_urb,mts_aggregate_1,2003,271.088
ltu,sex_t,geo_cov_urb,mts_aggregate_1,2004,290.257
ltu,sex_t,geo_cov_urb,mts_aggregate_1,2005,295.197
ltu,sex_t,geo_cov_urb,mts_aggregate_1,2006,305.024
ltu,sex_t,geo_cov_urb,mts_aggregate_1,2007,293.948
ltu,sex_t,geo_cov_urb,mts_aggregate_1,2008,288.797
ltu,sex_t,geo_cov_urb,mts_aggregate_1,2009,284.457
ltu,sex_t,geo_cov_urb,mts_aggregate_1,2010,277.803
ltu,sex_t,geo_cov_urb,mts_aggregate_1,2011,265.939
ltu,sex_t,geo_cov_urb,mts_aggregate_1,2012,322.382
ltu,sex_t,geo_cov_urb,mts_aggregate_1,2013,309.517
ltu,sex_t,geo_cov_urb,mts_aggregate_1,2014,309.039
ltu,sex_t,geo_cov_urb,mts_aggregate_1,2015,302.386
ltu,sex_t,geo_cov_urb,mts_aggregate_1,2016,284.4
ltu,sex_t,geo_cov_urb,mts_aggregate_1,2017,334.365
ltu,sex_t,geo_cov_urb,mts_aggregate_1,2018,326.598
ltu,sex_t,geo_cov_urb,mts_aggregate_1,2019,301.503
ltu,sex_t,geo_cov_urb,mts_aggregate_1,2020,304.17
ltu,sex_t,geo_cov_urb,mts_aggregate_2,1998,180.233
ltu,sex_t,geo_cov_urb,mts_aggregate_2,1999,200.834
ltu,sex_t,geo_cov_urb,mts_aggregate_2,2000,180.365
ltu,sex_t,geo_cov_urb,mts_aggregate_2,2001,161.412
ltu,sex_t,geo_cov_urb,mts_aggregate_2,2002,166.51
ltu,sex_t,geo_cov_urb,mts_aggregate_2,2003,146.605
ltu,sex_t,geo_cov_urb,mts_aggregate_2,2004,173.407
ltu,sex_t,geo_cov_urb,mts_aggregate_2,2005,166.978
ltu,sex_t,geo_cov_urb,mts_aggregate_2,2006,172.207
ltu,sex_t,geo_cov_urb,mts_aggregate_2,2007,168.672
ltu,sex_t,geo_cov_urb,mts_aggregate_2,2008,149.46
ltu,sex_t,geo_cov_urb,mts_aggregate_2,2009,144.352
ltu,sex_t,geo_cov_urb,mts_aggregate_2,2010,140.63
ltu,sex_t,geo_cov_urb,mts_aggregate_2,2011,138.479
ltu,sex_t,geo_cov_urb,mts_aggregate_2,2012,178.646
ltu,sex_t,geo_cov_urb,mts_aggregate_2,2013,183.063
ltu,sex_t,geo_cov_urb,mts_aggregate_2,2014,183.34
ltu,sex_t,geo_cov_urb,mts_aggregate_2,2015,167.952
ltu,sex_t,geo_cov_urb,mts_aggregate_2,2016,159.29
ltu,sex_t,geo_cov_urb,mts_aggregate_2,2017,216.052
ltu,sex_t,geo_cov_urb,mts_aggregate_2,2018,209.932
ltu,sex_t,geo_cov_urb,mts_aggregate_2,2019,172.704
ltu,sex_t,geo_cov_urb,mts_aggregate_2,2020,173.441
ltu,sex_t,geo_cov_urb,mts_aggregate_total,1998,431.988
ltu,sex_t,geo_cov_urb,mts_aggregate_total,1999,502.175
ltu,sex_t,geo_cov_urb,mts_aggregate_total,2000,483.298
ltu,sex_t,geo_cov_urb,mts_aggregate_total,2001,441.054
ltu,sex_t,geo_cov_urb,mts_aggregate_total,2002,442.375
ltu,sex_t,geo_cov_urb,mts_aggregate_total,2003,417.693
ltu,sex_t,geo_cov_urb,mts_aggregate_total,2004,463.664
ltu,sex_t,geo_cov_urb,mts_aggregate_total,2005,462.176
ltu,sex_t,geo_cov_urb,mts_aggregate_total,2006,477.231
ltu,sex_t,geo_cov_urb,mts_aggregate_total,2007,462.619
ltu,sex_t,geo_cov_urb,mts_aggregate_total,2008,438.257
ltu,sex_t,geo_cov_urb,mts_aggregate_total,2009,428.81
ltu,sex_t,geo_cov_urb,mts_aggregate_total,2010,418.432
ltu,sex_t,geo_cov_urb,mts_aggregate_total,2011,404.418
ltu,sex_t,geo_cov_urb,mts_aggregate_total,2012,501.028
ltu,sex_t,geo_cov_urb,mts_aggregate_total,2013,492.58
ltu,sex_t,geo_cov_urb,mts_aggregate_total,2014,492.379
ltu,sex_t,geo_cov_urb,mts_aggregate_total,2015,470.338
ltu,sex_t,geo_cov_urb,mts_aggregate_total,2016,443.691
ltu,sex_t,geo_cov_urb,mts_aggregate_total,2017,550.417
ltu,sex_t,geo_cov_urb,mts_aggregate_total,2018,536.53
ltu,sex_t,geo_cov_urb,mts_aggregate_total,2019,474.206
ltu,sex_t,geo_cov_urb,mts_aggregate_total,2020,477.611
lux,sex_f,geo_cov_nat,mts_aggregate_1,1997,43.057
lux,sex_f,geo_cov_nat,mts_aggregate_1,1998,44.765
lux,sex_f,geo_cov_nat,mts_aggregate_1,1999,44.249
lux,sex_f,geo_cov_nat,mts_aggregate_1,2000,45.266
lux,sex_f,geo_cov_nat,mts_aggregate_1,2001,45.847
lux,sex_f,geo_cov_nat,mts_aggregate_1,2002,45.144
lux,sex_f,geo_cov_nat,mts_aggregate_1,2003,44.141
lux,sex_f,geo_cov_nat,mts_aggregate_1,2004,44.244
lux,sex_f,geo_cov_nat,mts_aggregate_1,2005,45.204
lux,sex_f,geo_cov_nat,mts_aggregate_1,2006,36.889
lux,sex_f,geo_cov_nat,mts_aggregate_1,2007,36.641
lux,sex_f,geo_cov_nat,mts_aggregate_1,2008,44.772
lux,sex_f,geo_cov_nat,mts_aggregate_1,2009,47.655
lux,sex_f,geo_cov_nat,mts_aggregate_1,2010,49.162
lux,sex_f,geo_cov_nat,mts_aggregate_1,2011,50.38
lux,sex_f,geo_cov_nat,mts_aggregate_1,2012,50.267
lux,sex_f,geo_cov_nat,mts_aggregate_1,2013,52.997
lux,sex_f,geo_cov_nat,mts_aggregate_1,2014,52.837
lux,sex_f,geo_cov_nat,mts_aggregate_1,2015,49.318
lux,sex_f,geo_cov_nat,mts_aggregate_1,2016,55.166
lux,sex_f,geo_cov_nat,mts_aggregate_1,2017,56.36
lux,sex_f,geo_cov_nat,mts_aggregate_1,2018,53.432
lux,sex_f,geo_cov_nat,mts_aggregate_1,2019,53.563
lux,sex_f,geo_cov_nat,mts_aggregate_1,2020,51.884
lux,sex_f,geo_cov_nat,mts_aggregate_2,1997,63.36
lux,sex_f,geo_cov_nat,mts_aggregate_2,1998,61.737
lux,sex_f,geo_cov_nat,mts_aggregate_2,1999,59.535
lux,sex_f,geo_cov_nat,mts_aggregate_2,2000,59.341
lux,sex_f,geo_cov_nat,mts_aggregate_2,2001,57.235
lux,sex_f,geo_cov_nat,mts_aggregate_2,2002,56.743
lux,sex_f,geo_cov_nat,mts_aggregate_2,2003,58.674
lux,sex_f,geo_cov_nat,mts_aggregate_2,2004,55.846
lux,sex_f,geo_cov_nat,mts_aggregate_2,2005,54.392
lux,sex_f,geo_cov_nat,mts_aggregate_2,2006,55.343
lux,sex_f,geo_cov_nat,mts_aggregate_2,2007,55.555
lux,sex_f,geo_cov_nat,mts_aggregate_2,2008,55.145
lux,sex_f,geo_cov_nat,mts_aggregate_2,2009,52.975
lux,sex_f,geo_cov_nat,mts_aggregate_2,2010,53.883
lux,sex_f,geo_cov_nat,mts_aggregate_2,2011,53.223
lux,sex_f,geo_cov_nat,mts_aggregate_2,2012,52.798
lux,sex_f,geo_cov_nat,mts_aggregate_2,2013,51.366
lux,sex_f,geo_cov_nat,mts_aggregate_2,2014,52.183
lux,sex_f,geo_cov_nat,mts_aggregate_2,2015,52.958
lux,sex_f,geo_cov_nat,mts_aggregate_2,2016,51.037
lux,sex_f,geo_cov_nat,mts_aggregate_2,2017,52.022
lux,sex_f,geo_cov_nat,mts_aggregate_2,2018,54.569
lux,sex_f,geo_cov_nat,mts_aggregate_2,2019,56.661
lux,sex_f,geo_cov_nat,mts_aggregate_2,2020,57.338
lux,sex_f,geo_cov_nat,mts_aggregate_total,1997,106.417
lux,sex_f,geo_cov_nat,mts_aggregate_total,1998,106.502
lux,sex_f,geo_cov_nat,mts_aggregate_total,1999,103.784
lux,sex_f,geo_cov_nat,mts_aggregate_total,2000,104.607
lux,sex_f,geo_cov_nat,mts_aggregate_total,2001,103.083
lux,sex_f,geo_cov_nat,mts_aggregate_total,2002,101.887
lux,sex_f,geo_cov_nat,mts_aggregate_total,2003,102.815
lux,sex_f,geo_cov_nat,mts_aggregate_total,2004,100.09
lux,sex_f,geo_cov_nat,mts_aggregate_total,2005,99.597
lux,sex_f,geo_cov_nat,mts_aggregate_total,2006,92.232
lux,sex_f,geo_cov_nat,mts_aggregate_total,2007,92.196
lux,sex_f,geo_cov_nat,mts_aggregate_total,2008,99.917
lux,sex_f,geo_cov_nat,mts_aggregate_total,2009,100.662
lux,sex_f,geo_cov_nat,mts_aggregate_total,2010,103.094
lux,sex_f,geo_cov_nat,mts_aggregate_total,2011,103.604
lux,sex_f,geo_cov_nat,mts_aggregate_total,2012,103.088
lux,sex_f,geo_cov_nat,mts_aggregate_total,2013,104.397
lux,sex_f,geo_cov_nat,mts_aggregate_total,2014,105.048
lux,sex_f,geo_cov_nat,mts_aggregate_total,2015,102.952
lux,sex_f,geo_cov_nat,mts_aggregate_total,2016,106.631
lux,sex_f,geo_cov_nat,mts_aggregate_total,2017,108.971
lux,sex_f,geo_cov_nat,mts_aggregate_total,2018,108.99
lux,sex_f,geo_cov_nat,mts_aggregate_total,2019,111.057
lux,sex_f,geo_cov_nat,mts_aggregate_total,2020,110.314
lux,sex_f,geo_cov_nat,mts_aggregate_x,2015,0.677
lux,sex_f,geo_cov_nat,mts_aggregate_x,2016,0.428
lux,sex_f,geo_cov_nat,mts_aggregate_x,2017,0.589
lux,sex_f,geo_cov_nat,mts_aggregate_x,2018,0.989
lux,sex_f,geo_cov_nat,mts_aggregate_x,2019,0.832
lux,sex_f,geo_cov_nat,mts_aggregate_x,2020,1.092
lux,sex_f,geo_cov_rur,mts_aggregate_1,1997,10.599
lux,sex_f,geo_cov_rur,mts_aggregate_1,1998,10.175
lux,sex_f,geo_cov_rur,mts_aggregate_1,1999,9.153
lux,sex_f,geo_cov_rur,mts_aggregate_1,2000,10.423
lux,sex_f,geo_cov_rur,mts_aggregate_1,2001,10.202
lux,sex_f,geo_cov_rur,mts_aggregate_1,2002,10.241
lux,sex_f,geo_cov_rur,mts_aggregate_1,2003,13.696
lux,sex_f,geo_cov_rur,mts_aggregate_1,2004,15.199
lux,sex_f,geo_cov_rur,mts_aggregate_1,2005,9.791
lux,sex_f,geo_cov_rur,mts_aggregate_1,2006,8.002
lux,sex_f,geo_cov_rur,mts_aggregate_1,2007,7.547
lux,sex_f,geo_cov_rur,mts_aggregate_1,2008,7.942
lux,sex_f,geo_cov_rur,mts_aggregate_1,2009,10.333
lux,sex_f,geo_cov_rur,mts_aggregate_1,2010,10.068
lux,sex_f,geo_cov_rur,mts_aggregate_1,2011,10.269
lux,sex_f,geo_cov_rur,mts_aggregate_1,2012,17.601
lux,sex_f,geo_cov_rur,mts_aggregate_1,2013,26.085
lux,sex_f,geo_cov_rur,mts_aggregate_1,2014,26.035
lux,sex_f,geo_cov_rur,mts_aggregate_1,2015,20.909
lux,sex_f,geo_cov_rur,mts_aggregate_1,2016,24.289
lux,sex_f,geo_cov_rur,mts_aggregate_1,2017,22.338
lux,sex_f,geo_cov_rur,mts_aggregate_1,2018,20.383
lux,sex_f,geo_cov_rur,mts_aggregate_1,2019,21.425
lux,sex_f,geo_cov_rur,mts_aggregate_1,2020,20.605
lux,sex_f,geo_cov_rur,mts_aggregate_2,1997,13.875
lux,sex_f,geo_cov_rur,mts_aggregate_2,1998,12.598
lux,sex_f,geo_cov_rur,mts_aggregate_2,1999,11.036
lux,sex_f,geo_cov_rur,mts_aggregate_2,2000,11.384
lux,sex_f,geo_cov_rur,mts_aggregate_2,2001,12.208
lux,sex_f,geo_cov_rur,mts_aggregate_2,2002,11.912
lux,sex_f,geo_cov_rur,mts_aggregate_2,2003,19.792
lux,sex_f,geo_cov_rur,mts_aggregate_2,2004,19.188
lux,sex_f,geo_cov_rur,mts_aggregate_2,2005,12.777
lux,sex_f,geo_cov_rur,mts_aggregate_2,2006,12.329
lux,sex_f,geo_cov_rur,mts_aggregate_2,2007,11.807
lux,sex_f,geo_cov_rur,mts_aggregate_2,2008,11.425
lux,sex_f,geo_cov_rur,mts_aggregate_2,2009,11.95
lux,sex_f,geo_cov_rur,mts_aggregate_2,2010,12.409
lux,sex_f,geo_cov_rur,mts_aggregate_2,2011,10.923
lux,sex_f,geo_cov_rur,mts_aggregate_2,2012,19.15
lux,sex_f,geo_cov_rur,mts_aggregate_2,2013,28.265
lux,sex_f,geo_cov_rur,mts_aggregate_2,2014,26.338
lux,sex_f,geo_cov_rur,mts_aggregate_2,2015,25.717
lux,sex_f,geo_cov_rur,mts_aggregate_2,2016,30.661
lux,sex_f,geo_cov_rur,mts_aggregate_2,2017,21.422
lux,sex_f,geo_cov_rur,mts_aggregate_2,2018,22.499
lux,sex_f,geo_cov_rur,mts_aggregate_2,2019,24.322
lux,sex_f,geo_cov_rur,mts_aggregate_2,2020,24.606
lux,sex_f,geo_cov_rur,mts_aggregate_total,1997,24.474
lux,sex_f,geo_cov_rur,mts_aggregate_total,1998,22.773
lux,sex_f,geo_cov_rur,mts_aggregate_total,1999,20.189
lux,sex_f,geo_cov_rur,mts_aggregate_total,2000,21.807
lux,sex_f,geo_cov_rur,mts_aggregate_total,2001,22.411
lux,sex_f,geo_cov_rur,mts_aggregate_total,2002,22.154
lux,sex_f,geo_cov_rur,mts_aggregate_total,2003,33.488
lux,sex_f,geo_cov_rur,mts_aggregate_total,2004,34.387
lux,sex_f,geo_cov_rur,mts_aggregate_total,2005,22.567
lux,sex_f,geo_cov_rur,mts_aggregate_total,2006,20.331
lux,sex_f,geo_cov_rur,mts_aggregate_total,2007,19.353
lux,sex_f,geo_cov_rur,mts_aggregate_total,2008,19.367
lux,sex_f,geo_cov_rur,mts_aggregate_total,2009,22.283
lux,sex_f,geo_cov_rur,mts_aggregate_total,2010,22.5
lux,sex_f,geo_cov_rur,mts_aggregate_total,2011,21.192
lux,sex_f,geo_cov_rur,mts_aggregate_total,2012,36.75
lux,sex_f,geo_cov_rur,mts_aggregate_total,2013,54.35
lux,sex_f,geo_cov_rur,mts_aggregate_total,2014,52.373
lux,sex_f,geo_cov_rur,mts_aggregate_total,2015,47.013
lux,sex_f,geo_cov_rur,mts_aggregate_total,2016,55.108
lux,sex_f,geo_cov_rur,mts_aggregate_total,2017,44.009
lux,sex_f,geo_cov_rur,mts_aggregate_total,2018,43.319
lux,sex_f,geo_cov_rur,mts_aggregate_total,2019,46.217
lux,sex_f,geo_cov_rur,mts_aggregate_total,2020,45.704
lux,sex_f,geo_cov_rur,mts_aggregate_x,2015,0.387
lux,sex_f,geo_cov_rur,mts_aggregate_x,2017,0.249
lux,sex_f,geo_cov_rur,mts_aggregate_x,2018,0.437
lux,sex_f,geo_cov_rur,mts_aggregate_x,2019,0.47
lux,sex_f,geo_cov_rur,mts_aggregate_x,2020,0.493
lux,sex_f,geo_cov_urb,mts_aggregate_1,1997,32.459
lux,sex_f,geo_cov_urb,mts_aggregate_1,1998,34.59
lux,sex_f,geo_cov_urb,mts_aggregate_1,1999,35.096
lux,sex_f,geo_cov_urb,mts_aggregate_1,2000,34.842
lux,sex_f,geo_cov_urb,mts_aggregate_1,2001,35.645
lux,sex_f,geo_cov_urb,mts_aggregate_1,2002,34.902
lux,sex_f,geo_cov_urb,mts_aggregate_1,2003,30.445
lux,sex_f,geo_cov_urb,mts_aggregate_1,2004,29.045
lux,sex_f,geo_cov_urb,mts_aggregate_1,2005,35.414
lux,sex_f,geo_cov_urb,mts_aggregate_1,2006,28.887
lux,sex_f,geo_cov_urb,mts_aggregate_1,2007,29.094
lux,sex_f,geo_cov_urb,mts_aggregate_1,2008,36.831
lux,sex_f,geo_cov_urb,mts_aggregate_1,2009,37.322
lux,sex_f,geo_cov_urb,mts_aggregate_1,2010,39.095
lux,sex_f,geo_cov_urb,mts_aggregate_1,2011,40.112
lux,sex_f,geo_cov_urb,mts_aggregate_1,2012,32.667
lux,sex_f,geo_cov_urb,mts_aggregate_1,2013,26.913
lux,sex_f,geo_cov_urb,mts_aggregate_1,2014,26.802
lux,sex_f,geo_cov_urb,mts_aggregate_1,2015,28.408
lux,sex_f,geo_cov_urb,mts_aggregate_1,2016,30.877
lux,sex_f,geo_cov_urb,mts_aggregate_1,2017,34.022
lux,sex_f,geo_cov_urb,mts_aggregate_1,2018,33.049
lux,sex_f,geo_cov_urb,mts_aggregate_1,2019,32.139
lux,sex_f,geo_cov_urb,mts_aggregate_1,2020,31.279
lux,sex_f,geo_cov_urb,mts_aggregate_2,1997,49.485
lux,sex_f,geo_cov_urb,mts_aggregate_2,1998,49.139
lux,sex_f,geo_cov_urb,mts_aggregate_2,1999,48.5
lux,sex_f,geo_cov_urb,mts_aggregate_2,2000,47.957
lux,sex_f,geo_cov_urb,mts_aggregate_2,2001,45.027
lux,sex_f,geo_cov_urb,mts_aggregate_2,2002,44.831
lux,sex_f,geo_cov_urb,mts_aggregate_2,2003,38.882
lux,sex_f,geo_cov_urb,mts_aggregate_2,2004,36.657
lux,sex_f,geo_cov_urb,mts_aggregate_2,2005,41.616
lux,sex_f,geo_cov_urb,mts_aggregate_2,2006,43.014
lux,sex_f,geo_cov_urb,mts_aggregate_2,2007,43.749
lux,sex_f,geo_cov_urb,mts_aggregate_2,2008,43.72
lux,sex_f,geo_cov_urb,mts_aggregate_2,2009,41.025
lux,sex_f,geo_cov_urb,mts_aggregate_2,2010,41.474
lux,sex_f,geo_cov_urb,mts_aggregate_2,2011,42.3
lux,sex_f,geo_cov_urb,mts_aggregate_2,2012,33.649
lux,sex_f,geo_cov_urb,mts_aggregate_2,2013,23.101
lux,sex_f,geo_cov_urb,mts_aggregate_2,2014,25.845
lux,sex_f,geo_cov_urb,mts_aggregate_2,2015,27.241
lux,sex_f,geo_cov_urb,mts_aggregate_2,2016,20.376
lux,sex_f,geo_cov_urb,mts_aggregate_2,2017,30.6
lux,sex_f,geo_cov_urb,mts_aggregate_2,2018,32.07
lux,sex_f,geo_cov_urb,mts_aggregate_2,2019,32.34
lux,sex_f,geo_cov_urb,mts_aggregate_2,2020,32.732
lux,sex_f,geo_cov_urb,mts_aggregate_total,1997,81.943
lux,sex_f,geo_cov_urb,mts_aggregate_total,1998,83.729
lux,sex_f,geo_cov_urb,mts_aggregate_total,1999,83.595
lux,sex_f,geo_cov_urb,mts_aggregate_total,2000,82.8
lux,sex_f,geo_cov_urb,mts_aggregate_total,2001,80.672
lux,sex_f,geo_cov_urb,mts_aggregate_total,2002,79.733
lux,sex_f,geo_cov_urb,mts_aggregate_total,2003,69.327
lux,sex_f,geo_cov_urb,mts_aggregate_total,2004,65.702
lux,sex_f,geo_cov_urb,mts_aggregate_total,2005,77.029
lux,sex_f,geo_cov_urb,mts_aggregate_total,2006,71.901
lux,sex_f,geo_cov_urb,mts_aggregate_total,2007,72.843
lux,sex_f,geo_cov_urb,mts_aggregate_total,2008,80.551
lux,sex_f,geo_cov_urb,mts_aggregate_total,2009,78.379
lux,sex_f,geo_cov_urb,mts_aggregate_total,2010,80.594
lux,sex_f,geo_cov_urb,mts_aggregate_total,2011,82.412
lux,sex_f,geo_cov_urb,mts_aggregate_total,2012,66.338
lux,sex_f,geo_cov_urb,mts_aggregate_total,2013,50.047
lux,sex_f,geo_cov_urb,mts_aggregate_total,2014,52.674
lux,sex_f,geo_cov_urb,mts_aggregate_total,2015,55.939
lux,sex_f,geo_cov_urb,mts_aggregate_total,2016,51.523
lux,sex_f,geo_cov_urb,mts_aggregate_total,2017,64.963
lux,sex_f,geo_cov_urb,mts_aggregate_total,2018,65.671
lux,sex_f,geo_cov_urb,mts_aggregate_total,2019,64.84
lux,sex_f,geo_cov_urb,mts_aggregate_total,2020,64.609
lux,sex_f,geo_cov_urb,mts_aggregate_x,2015,0.29
lux,sex_f,geo_cov_urb,mts_aggregate_x,2016,0.271
lux,sex_f,geo_cov_urb,mts_aggregate_x,2017,0.34
lux,sex_f,geo_cov_urb,mts_aggregate_x,2018,0.551
lux,sex_f,geo_cov_urb,mts_aggregate_x,2019,0.362
lux,sex_f,geo_cov_urb,mts_aggregate_x,2020,0.599
lux,sex_m,geo_cov_nat,mts_aggregate_1,1997,25.334
lux,sex_m,geo_cov_nat,mts_aggregate_1,1998,26.661
lux,sex_m,geo_cov_nat,mts_aggregate_1,1999,27.843
lux,sex_m,geo_cov_nat,mts_aggregate_1,2000,26.058
lux,sex_m,geo_cov_nat,mts_aggregate_1,2001,28.753
lux,sex_m,geo_cov_nat,mts_aggregate_1,2002,29.242
lux,sex_m,geo_cov_nat,mts_aggregate_1,2003,29.179
lux,sex_m,geo_cov_nat,mts_aggregate_1,2004,28.608
lux,sex_m,geo_cov_nat,mts_aggregate_1,2005,28.508
lux,sex_m,geo_cov_nat,mts_aggregate_1,2006,41.923
lux,sex_m,geo_cov_nat,mts_aggregate_1,2007,41.316
lux,sex_m,geo_cov_nat,mts_aggregate_1,2008,31.497
lux,sex_m,geo_cov_nat,mts_aggregate_1,2009,30.575
lux,sex_m,geo_cov_nat,mts_aggregate_1,2010,31.932
lux,sex_m,geo_cov_nat,mts_aggregate_1,2011,33.833
lux,sex_m,geo_cov_nat,mts_aggregate_1,2012,34.52
lux,sex_m,geo_cov_nat,mts_aggregate_1,2013,36.953
lux,sex_m,geo_cov_nat,mts_aggregate_1,2014,37.127
lux,sex_m,geo_cov_nat,mts_aggregate_1,2015,34.878
lux,sex_m,geo_cov_nat,mts_aggregate_1,2016,38.854
lux,sex_m,geo_cov_nat,mts_aggregate_1,2017,42.457
lux,sex_m,geo_cov_nat,mts_aggregate_1,2018,41.947
lux,sex_m,geo_cov_nat,mts_aggregate_1,2019,38.387
lux,sex_m,geo_cov_nat,mts_aggregate_1,2020,41.869
lux,sex_m,geo_cov_nat,mts_aggregate_2,1997,33.555
lux,sex_m,geo_cov_nat,mts_aggregate_2,1998,33.051
lux,sex_m,geo_cov_nat,mts_aggregate_2,1999,33.047
lux,sex_m,geo_cov_nat,mts_aggregate_2,2000,31.398
lux,sex_m,geo_cov_nat,mts_aggregate_2,2001,30.312
lux,sex_m,geo_cov_nat,mts_aggregate_2,2002,28.944
lux,sex_m,geo_cov_nat,mts_aggregate_2,2003,32.303
lux,sex_m,geo_cov_nat,mts_aggregate_2,2004,33.72
lux,sex_m,geo_cov_nat,mts_aggregate_2,2005,34.121
lux,sex_m,geo_cov_nat,mts_aggregate_2,2006,33.738
lux,sex_m,geo_cov_nat,mts_aggregate_2,2007,33.127
lux,sex_m,geo_cov_nat,mts_aggregate_2,2008,35.983
lux,sex_m,geo_cov_nat,mts_aggregate_2,2009,35.297
lux,sex_m,geo_cov_nat,mts_aggregate_2,2010,36.496
lux,sex_m,geo_cov_nat,mts_aggregate_2,2011,38.043
lux,sex_m,geo_cov_nat,mts_aggregate_2,2012,38.545
lux,sex_m,geo_cov_nat,mts_aggregate_2,2013,37.221
lux,sex_m,geo_cov_nat,mts_aggregate_2,2014,38.182
lux,sex_m,geo_cov_nat,mts_aggregate_2,2015,43.199
lux,sex_m,geo_cov_nat,mts_aggregate_2,2016,43.401
lux,sex_m,geo_cov_nat,mts_aggregate_2,2017,45.315
lux,sex_m,geo_cov_nat,mts_aggregate_2,2018,46.626
lux,sex_m,geo_cov_nat,mts_aggregate_2,2019,48.476
lux,sex_m,geo_cov_nat,mts_aggregate_2,2020,49.16
lux,sex_m,geo_cov_nat,mts_aggregate_total,1997,58.888
lux,sex_m,geo_cov_nat,mts_aggregate_total,1998,59.712
lux,sex_m,geo_cov_nat,mts_aggregate_total,1999,60.891
lux,sex_m,geo_cov_nat,mts_aggregate_total,2000,57.456
lux,sex_m,geo_cov_nat,mts_aggregate_total,2001,59.065
lux,sex_m,geo_cov_nat,mts_aggregate_total,2002,58.185
lux,sex_m,geo_cov_nat,mts_aggregate_total,2003,61.482
lux,sex_m,geo_cov_nat,mts_aggregate_total,2004,62.328
lux,sex_m,geo_cov_nat,mts_aggregate_total,2005,62.629
lux,sex_m,geo_cov_nat,mts_aggregate_total,2006,75.661
lux,sex_m,geo_cov_nat,mts_aggregate_total,2007,74.443
lux,sex_m,geo_cov_nat,mts_aggregate_total,2008,67.48
lux,sex_m,geo_cov_nat,mts_aggregate_total,2009,65.872
lux,sex_m,geo_cov_nat,mts_aggregate_total,2010,68.489
lux,sex_m,geo_cov_nat,mts_aggregate_total,2011,71.897
lux,sex_m,geo_cov_nat,mts_aggregate_total,2012,73.065
lux,sex_m,geo_cov_nat,mts_aggregate_total,2013,74.174
lux,sex_m,geo_cov_nat,mts_aggregate_total,2014,75.334
lux,sex_m,geo_cov_nat,mts_aggregate_total,2015,78.519
lux,sex_m,geo_cov_nat,mts_aggregate_total,2016,82.789
lux,sex_m,geo_cov_nat,mts_aggregate_total,2017,88.392
lux,sex_m,geo_cov_nat,mts_aggregate_total,2018,89.576
lux,sex_m,geo_cov_nat,mts_aggregate_total,2019,87.806
lux,sex_m,geo_cov_nat,mts_aggregate_total,2020,91.92
lux,sex_m,geo_cov_nat,mts_aggregate_x,2015,0.442
lux,sex_m,geo_cov_nat,mts_aggregate_x,2016,0.534
lux,sex_m,geo_cov_nat,mts_aggregate_x,2017,0.62
lux,sex_m,geo_cov_nat,mts_aggregate_x,2018,1.003
lux,sex_m,geo_cov_nat,mts_aggregate_x,2019,0.944
lux,sex_m,geo_cov_nat,mts_aggregate_x,2020,0.892
lux,sex_m,geo_cov_rur,mts_aggregate_1,1997,5.326
lux,sex_m,geo_cov_rur,mts_aggregate_1,1998,5.773
lux,sex_m,geo_cov_rur,mts_aggregate_1,1999,6.609
lux,sex_m,geo_cov_rur,mts_aggregate_1,2000,5.695
lux,sex_m,geo_cov_rur,mts_aggregate_1,2001,7.083
lux,sex_m,geo_cov_rur,mts_aggregate_1,2002,7.245
lux,sex_m,geo_cov_rur,mts_aggregate_1,2003,9.636
lux,sex_m,geo_cov_rur,mts_aggregate_1,2004,9.624
lux,sex_m,geo_cov_rur,mts_aggregate_1,2005,6.644
lux,sex_m,geo_cov_rur,mts_aggregate_1,2006,9.259
lux,sex_m,geo_cov_rur,mts_aggregate_1,2007,8.551
lux,sex_m,geo_cov_rur,mts_aggregate_1,2008,6.767
lux,sex_m,geo_cov_rur,mts_aggregate_1,2009,7.571
lux,sex_m,geo_cov_rur,mts_aggregate_1,2010,7.354
lux,sex_m,geo_cov_rur,mts_aggregate_1,2011,8.152
lux,sex_m,geo_cov_rur,mts_aggregate_1,2012,12.307
lux,sex_m,geo_cov_rur,mts_aggregate_1,2013,20.097
lux,sex_m,geo_cov_rur,mts_aggregate_1,2014,20.162
lux,sex_m,geo_cov_rur,mts_aggregate_1,2015,15.992
lux,sex_m,geo_cov_rur,mts_aggregate_1,2016,18.73
lux,sex_m,geo_cov_rur,mts_aggregate_1,2017,17.38
lux,sex_m,geo_cov_rur,mts_aggregate_1,2018,16.483
lux,sex_m,geo_cov_rur,mts_aggregate_1,2019,15.759
lux,sex_m,geo_cov_rur,mts_aggregate_1,2020,15.978
lux,sex_m,geo_cov_rur,mts_aggregate_2,1997,6.228
lux,sex_m,geo_cov_rur,mts_aggregate_2,1998,5.6
lux,sex_m,geo_cov_rur,mts_aggregate_2,1999,5.804
lux,sex_m,geo_cov_rur,mts_aggregate_2,2000,5.764
lux,sex_m,geo_cov_rur,mts_aggregate_2,2001,5.636
lux,sex_m,geo_cov_rur,mts_aggregate_2,2002,5.511
lux,sex_m,geo_cov_rur,mts_aggregate_2,2003,10.359
lux,sex_m,geo_cov_rur,mts_aggregate_2,2004,10.794
lux,sex_m,geo_cov_rur,mts_aggregate_2,2005,7.362
lux,sex_m,geo_cov_rur,mts_aggregate_2,2006,6.897
lux,sex_m,geo_cov_rur,mts_aggregate_2,2007,6.126
lux,sex_m,geo_cov_rur,mts_aggregate_2,2008,6.15
lux,sex_m,geo_cov_rur,mts_aggregate_2,2009,7.191
lux,sex_m,geo_cov_rur,mts_aggregate_2,2010,6.956
lux,sex_m,geo_cov_rur,mts_aggregate_2,2011,7.415
lux,sex_m,geo_cov_rur,mts_aggregate_2,2012,13.955
lux,sex_m,geo_cov_rur,mts_aggregate_2,2013,19.684
lux,sex_m,geo_cov_rur,mts_aggregate_2,2014,19.498
lux,sex_m,geo_cov_rur,mts_aggregate_2,2015,21.315
lux,sex_m,geo_cov_rur,mts_aggregate_2,2016,26.071
lux,sex_m,geo_cov_rur,mts_aggregate_2,2017,19.47
lux,sex_m,geo_cov_rur,mts_aggregate_2,2018,19.718
lux,sex_m,geo_cov_rur,mts_aggregate_2,2019,20.66
lux,sex_m,geo_cov_rur,mts_aggregate_2,2020,20.213
lux,sex_m,geo_cov_rur,mts_aggregate_total,1997,11.554
lux,sex_m,geo_cov_rur,mts_aggregate_total,1998,11.374
lux,sex_m,geo_cov_rur,mts_aggregate_total,1999,12.413
lux,sex_m,geo_cov_rur,mts_aggregate_total,2000,11.458
lux,sex_m,geo_cov_rur,mts_aggregate_total,2001,12.719
lux,sex_m,geo_cov_rur,mts_aggregate_total,2002,12.756
lux,sex_m,geo_cov_rur,mts_aggregate_total,2003,19.995
lux,sex_m,geo_cov_rur,mts_aggregate_total,2004,20.417
lux,sex_m,geo_cov_rur,mts_aggregate_total,2005,14.006
lux,sex_m,geo_cov_rur,mts_aggregate_total,2006,16.156
lux,sex_m,geo_cov_rur,mts_aggregate_total,2007,14.676
lux,sex_m,geo_cov_rur,mts_aggregate_total,2008,12.917
lux,sex_m,geo_cov_rur,mts_aggregate_total,2009,14.762
lux,sex_m,geo_cov_rur,mts_aggregate_total,2010,14.31
lux,sex_m,geo_cov_rur,mts_aggregate_total,2011,15.567
lux,sex_m,geo_cov_rur,mts_aggregate_total,2012,26.261
lux,sex_m,geo_cov_rur,mts_aggregate_total,2013,39.781
lux,sex_m,geo_cov_rur,mts_aggregate_total,2014,39.66
lux,sex_m,geo_cov_rur,mts_aggregate_total,2015,37.372
lux,sex_m,geo_cov_rur,mts_aggregate_total,2016,45.042
lux,sex_m,geo_cov_rur,mts_aggregate_total,2017,37.056
lux,sex_m,geo_cov_rur,mts_aggregate_total,2018,36.569
lux,sex_m,geo_cov_rur,mts_aggregate_total,2019,36.857
lux,sex_m,geo_cov_rur,mts_aggregate_total,2020,36.683
lux,sex_m,geo_cov_rur,mts_aggregate_x,2016,0.241
lux,sex_m,geo_cov_rur,mts_aggregate_x,2018,0.369
lux,sex_m,geo_cov_rur,mts_aggregate_x,2019,0.438
lux,sex_m,geo_cov_rur,mts_aggregate_x,2020,0.492
lux,sex_m,geo_cov_urb,mts_aggregate_1,1997,20.007
lux,sex_m,geo_cov_urb,mts_aggregate_1,1998,20.888
lux,sex_m,geo_cov_urb,mts_aggregate_1,1999,21.235
lux,sex_m,geo_cov_urb,mts_aggregate_1,2000,20.364
lux,sex_m,geo_cov_urb,mts_aggregate_1,2001,21.67
lux,sex_m,geo_cov_urb,mts_aggregate_1,2002,21.996
lux,sex_m,geo_cov_urb,mts_aggregate_1,2003,19.544
lux,sex_m,geo_cov_urb,mts_aggregate_1,2004,18.985
lux,sex_m,geo_cov_urb,mts_aggregate_1,2005,21.864
lux,sex_m,geo_cov_urb,mts_aggregate_1,2006,32.664
lux,sex_m,geo_cov_urb,mts_aggregate_1,2007,32.765
lux,sex_m,geo_cov_urb,mts_aggregate_1,2008,24.73
lux,sex_m,geo_cov_urb,mts_aggregate_1,2009,23.005
lux,sex_m,geo_cov_urb,mts_aggregate_1,2010,24.578
lux,sex_m,geo_cov_urb,mts_aggregate_1,2011,25.681
lux,sex_m,geo_cov_urb,mts_aggregate_1,2012,22.214
lux,sex_m,geo_cov_urb,mts_aggregate_1,2013,16.857
lux,sex_m,geo_cov_urb,mts_aggregate_1,2014,16.965
lux,sex_m,geo_cov_urb,mts_aggregate_1,2015,18.886
lux,sex_m,geo_cov_urb,mts_aggregate_1,2016,20.125
lux,sex_m,geo_cov_urb,mts_aggregate_1,2017,25.078
lux,sex_m,geo_cov_urb,mts_aggregate_1,2018,25.464
lux,sex_m,geo_cov_urb,mts_aggregate_1,2019,22.628
lux,sex_m,geo_cov_urb,mts_aggregate_1,2020,25.891
lux,sex_m,geo_cov_urb,mts_aggregate_2,1997,27.327
lux,sex_m,geo_cov_urb,mts_aggregate_2,1998,27.451
lux,sex_m,geo_cov_urb,mts_aggregate_2,1999,27.243
lux,sex_m,geo_cov_urb,mts_aggregate_2,2000,25.634
lux,sex_m,geo_cov_urb,mts_aggregate_2,2001,24.676
lux,sex_m,geo_cov_urb,mts_aggregate_2,2002,23.433
lux,sex_m,geo_cov_urb,mts_aggregate_2,2003,21.943
lux,sex_m,geo_cov_urb,mts_aggregate_2,2004,22.926
lux,sex_m,geo_cov_urb,mts_aggregate_2,2005,26.759
lux,sex_m,geo_cov_urb,mts_aggregate_2,2006,26.841
lux,sex_m,geo_cov_urb,mts_aggregate_2,2007,27.001
lux,sex_m,geo_cov_urb,mts_aggregate_2,2008,29.833
lux,sex_m,geo_cov_urb,mts_aggregate_2,2009,28.106
lux,sex_m,geo_cov_urb,mts_aggregate_2,2010,29.54
lux,sex_m,geo_cov_urb,mts_aggregate_2,2011,30.629
lux,sex_m,geo_cov_urb,mts_aggregate_2,2012,24.591
lux,sex_m,geo_cov_urb,mts_aggregate_2,2013,17.537
lux,sex_m,geo_cov_urb,mts_aggregate_2,2014,18.684
lux,sex_m,geo_cov_urb,mts_aggregate_2,2015,21.883
lux,sex_m,geo_cov_urb,mts_aggregate_2,2016,17.33
lux,sex_m,geo_cov_urb,mts_aggregate_2,2017,25.844
lux,sex_m,geo_cov_urb,mts_aggregate_2,2018,26.908
lux,sex_m,geo_cov_urb,mts_aggregate_2,2019,27.815
lux,sex_m,geo_cov_urb,mts_aggregate_2,2020,28.947
lux,sex_m,geo_cov_urb,mts_aggregate_total,1997,47.334
lux,sex_m,geo_cov_urb,mts_aggregate_total,1998,48.339
lux,sex_m,geo_cov_urb,mts_aggregate_total,1999,48.478
lux,sex_m,geo_cov_urb,mts_aggregate_total,2000,45.998
lux,sex_m,geo_cov_urb,mts_aggregate_total,2001,46.346
lux,sex_m,geo_cov_urb,mts_aggregate_total,2002,45.429
lux,sex_m,geo_cov_urb,mts_aggregate_total,2003,41.487
lux,sex_m,geo_cov_urb,mts_aggregate_total,2004,41.91
lux,sex_m,geo_cov_urb,mts_aggregate_total,2005,48.622
lux,sex_m,geo_cov_urb,mts_aggregate_total,2006,59.505
lux,sex_m,geo_cov_urb,mts_aggregate_total,2007,59.766
lux,sex_m,geo_cov_urb,mts_aggregate_total,2008,54.564
lux,sex_m,geo_cov_urb,mts_aggregate_total,2009,51.11
lux,sex_m,geo_cov_urb,mts_aggregate_total,2010,54.179
lux,sex_m,geo_cov_urb,mts_aggregate_total,2011,56.33
lux,sex_m,geo_cov_urb,mts_aggregate_total,2012,46.804
lux,sex_m,geo_cov_urb,mts_aggregate_total,2013,34.393
lux,sex_m,geo_cov_urb,mts_aggregate_total,2014,35.674
lux,sex_m,geo_cov_urb,mts_aggregate_total,2015,41.147
lux,sex_m,geo_cov_urb,mts_aggregate_total,2016,37.747
lux,sex_m,geo_cov_urb,mts_aggregate_total,2017,51.336
lux,sex_m,geo_cov_urb,mts_aggregate_total,2018,53.006
lux,sex_m,geo_cov_urb,mts_aggregate_total,2019,50.949
lux,sex_m,geo_cov_urb,mts_aggregate_total,2020,55.238
lux,sex_m,geo_cov_urb,mts_aggregate_x,2015,0.377
lux,sex_m,geo_cov_urb,mts_aggregate_x,2016,0.292
lux,sex_m,geo_cov_urb,mts_aggregate_x,2017,0.414
lux,sex_m,geo_cov_urb,mts_aggregate_x,2018,0.635
lux,sex_m,geo_cov_urb,mts_aggregate_x,2019,0.506
lux,sex_m,geo_cov_urb,mts_aggregate_x,2020,0.4
lux,sex_t,geo_cov_nat,mts_aggregate_1,1997,68.391
lux,sex_t,geo_cov_nat,mts_aggregate_1,1998,71.426
lux,sex_t,geo_cov_nat,mts_aggregate_1,1999,72.092
lux,sex_t,geo_cov_nat,mts_aggregate_1,2000,71.324
lux,sex_t,geo_cov_nat,mts_aggregate_1,2001,74.6
lux,sex_t,geo_cov_nat,mts_aggregate_1,2002,74.385
lux,sex_t,geo_cov_nat,mts_aggregate_1,2003,73.321
lux,sex_t,geo_cov_nat,mts_aggregate_1,2004,72.852
lux,sex_t,geo_cov_nat,mts_aggregate_1,2005,73.712
lux,sex_t,geo_cov_nat,mts_aggregate_1,2006,78.811
lux,sex_t,geo_cov_nat,mts_aggregate_1,2007,77.956
lux,sex_t,geo_cov_nat,mts_aggregate_1,2008,76.27
lux,sex_t,geo_cov_nat,mts_aggregate_1,2009,78.231
lux,sex_t,geo_cov_nat,mts_aggregate_1,2010,81.094
lux,sex_t,geo_cov_nat,mts_aggregate_1,2011,84.213
lux,sex_t,geo_cov_nat,mts_aggregate_1,2012,84.788
lux,sex_t,geo_cov_nat,mts_aggregate_1,2013,89.951
lux,sex_t,geo_cov_nat,mts_aggregate_1,2014,89.964
lux,sex_t,geo_cov_nat,mts_aggregate_1,2015,84.196
lux,sex_t,geo_cov_nat,mts_aggregate_1,2016,94.021
lux,sex_t,geo_cov_nat,mts_aggregate_1,2017,98.818
lux,sex_t,geo_cov_nat,mts_aggregate_1,2018,95.379
lux,sex_t,geo_cov_nat,mts_aggregate_1,2019,91.95
lux,sex_t,geo_cov_nat,mts_aggregate_1,2020,93.753
lux,sex_t,geo_cov_nat,mts_aggregate_2,1997,96.914
lux,sex_t,geo_cov_nat,mts_aggregate_2,1998,94.788
lux,sex_t,geo_cov_nat,mts_aggregate_2,1999,92.582
lux,sex_t,geo_cov_nat,mts_aggregate_2,2000,90.739
lux,sex_t,geo_cov_nat,mts_aggregate_2,2001,87.547
lux,sex_t,geo_cov_nat,mts_aggregate_2,2002,85.686
lux,sex_t,geo_cov_nat,mts_aggregate_2,2003,90.977
lux,sex_t,geo_cov_nat,mts_aggregate_2,2004,89.565
lux,sex_t,geo_cov_nat,mts_aggregate_2,2005,88.513
lux,sex_t,geo_cov_nat,mts_aggregate_2,2006,89.081
lux,sex_t,geo_cov_nat,mts_aggregate_2,2007,88.682
lux,sex_t,geo_cov_nat,mts_aggregate_2,2008,91.128
lux,sex_t,geo_cov_nat,mts_aggregate_2,2009,88.272
lux,sex_t,geo_cov_nat,mts_aggregate_2,2010,90.378
lux,sex_t,geo_cov_nat,mts_aggregate_2,2011,91.267
lux,sex_t,geo_cov_nat,mts_aggregate_2,2012,91.344
lux,sex_t,geo_cov_nat,mts_aggregate_2,2013,88.587
lux,sex_t,geo_cov_nat,mts_aggregate_2,2014,90.365
lux,sex_t,geo_cov_nat,mts_aggregate_2,2015,96.157
lux,sex_t,geo_cov_nat,mts_aggregate_2,2016,94.437
lux,sex_t,geo_cov_nat,mts_aggregate_2,2017,97.337
lux,sex_t,geo_cov_nat,mts_aggregate_2,2018,101.195
lux,sex_t,geo_cov_nat,mts_aggregate_2,2019,105.137
lux,sex_t,geo_cov_nat,mts_aggregate_2,2020,106.497
lux,sex_t,geo_cov_nat,mts_aggregate_total,1997,165.305
lux,sex_t,geo_cov_nat,mts_aggregate_total,1998,166.214
lux,sex_t,geo_cov_nat,mts_aggregate_total,1999,164.675
lux,sex_t,geo_cov_nat,mts_aggregate_total,2000,162.063
lux,sex_t,geo_cov_nat,mts_aggregate_total,2001,162.147
lux,sex_t,geo_cov_nat,mts_aggregate_total,2002,160.072
lux,sex_t,geo_cov_nat,mts_aggregate_total,2003,164.297
lux,sex_t,geo_cov_nat,mts_aggregate_total,2004,162.417
lux,sex_t,geo_cov_nat,mts_aggregate_total,2005,162.225
lux,sex_t,geo_cov_nat,mts_aggregate_total,2006,167.893
lux,sex_t,geo_cov_nat,mts_aggregate_total,2007,166.639
lux,sex_t,geo_cov_nat,mts_aggregate_total,2008,167.398
lux,sex_t,geo_cov_nat,mts_aggregate_total,2009,166.534
lux,sex_t,geo_cov_nat,mts_aggregate_total,2010,171.584
lux,sex_t,geo_cov_nat,mts_aggregate_total,2011,175.501
lux,sex_t,geo_cov_nat,mts_aggregate_total,2012,176.154
lux,sex_t,geo_cov_nat,mts_aggregate_total,2013,178.571
lux,sex_t,geo_cov_nat,mts_aggregate_total,2014,180.381
lux,sex_t,geo_cov_nat,mts_aggregate_total,2015,181.471
lux,sex_t,geo_cov_nat,mts_aggregate_total,2016,189.42
lux,sex_t,geo_cov_nat,mts_aggregate_total,2017,197.363
lux,sex_t,geo_cov_nat,mts_aggregate_total,2018,198.565
lux,sex_t,geo_cov_nat,mts_aggregate_total,2019,198.863
lux,sex_t,geo_cov_nat,mts_aggregate_total,2020,202.234
lux,sex_t,geo_cov_nat,mts_aggregate_x,2015,1.119
lux,sex_t,geo_cov_nat,mts_aggregate_x,2016,0.962
lux,sex_t,geo_cov_nat,mts_aggregate_x,2017,1.209
lux,sex_t,geo_cov_nat,mts_aggregate_x,2018,1.992
lux,sex_t,geo_cov_nat,mts_aggregate_x,2019,1.776
lux,sex_t,geo_cov_nat,mts_aggregate_x,2020,1.984
lux,sex_t,geo_cov_rur,mts_aggregate_1,1997,15.925
lux,sex_t,geo_cov_rur,mts_aggregate_1,1998,15.948
lux,sex_t,geo_cov_rur,mts_aggregate_1,1999,15.762
lux,sex_t,geo_cov_rur,mts_aggregate_1,2000,16.118
lux,sex_t,geo_cov_rur,mts_aggregate_1,2001,17.285
lux,sex_t,geo_cov_rur,mts_aggregate_1,2002,17.487
lux,sex_t,geo_cov_rur,mts_aggregate_1,2003,23.332
lux,sex_t,geo_cov_rur,mts_aggregate_1,2004,24.822
lux,sex_t,geo_cov_rur,mts_aggregate_1,2005,16.435
lux,sex_t,geo_cov_rur,mts_aggregate_1,2006,17.261
lux,sex_t,geo_cov_rur,mts_aggregate_1,2007,16.097
lux,sex_t,geo_cov_rur,mts_aggregate_1,2008,14.709
lux,sex_t,geo_cov_rur,mts_aggregate_1,2009,17.904
lux,sex_t,geo_cov_rur,mts_aggregate_1,2010,17.422
lux,sex_t,geo_cov_rur,mts_aggregate_1,2011,18.421
lux,sex_t,geo_cov_rur,mts_aggregate_1,2012,29.907
lux,sex_t,geo_cov_rur,mts_aggregate_1,2013,46.181
lux,sex_t,geo_cov_rur,mts_aggregate_1,2014,46.197
lux,sex_t,geo_cov_rur,mts_aggregate_1,2015,36.901
lux,sex_t,geo_cov_rur,mts_aggregate_1,2016,43.019
lux,sex_t,geo_cov_rur,mts_aggregate_1,2017,39.718
lux,sex_t,geo_cov_rur,mts_aggregate_1,2018,36.865
lux,sex_t,geo_cov_rur,mts_aggregate_1,2019,37.184
lux,sex_t,geo_cov_rur,mts_aggregate_1,2020,36.583
lux,sex_t,geo_cov_rur,mts_aggregate_2,1997,20.103
lux,sex_t,geo_cov_rur,mts_aggregate_2,1998,18.198
lux,sex_t,geo_cov_rur,mts_aggregate_2,1999,16.84
lux,sex_t,geo_cov_rur,mts_aggregate_2,2000,17.148
lux,sex_t,geo_cov_rur,mts_aggregate_2,2001,17.845
lux,sex_t,geo_cov_rur,mts_aggregate_2,2002,17.423
lux,sex_t,geo_cov_rur,mts_aggregate_2,2003,30.151
lux,sex_t,geo_cov_rur,mts_aggregate_2,2004,29.982
lux,sex_t,geo_cov_rur,mts_aggregate_2,2005,20.139
lux,sex_t,geo_cov_rur,mts_aggregate_2,2006,19.226
lux,sex_t,geo_cov_rur,mts_aggregate_2,2007,17.933
lux,sex_t,geo_cov_rur,mts_aggregate_2,2008,17.575
lux,sex_t,geo_cov_rur,mts_aggregate_2,2009,19.141
lux,sex_t,geo_cov_rur,mts_aggregate_2,2010,19.365
lux,sex_t,geo_cov_rur,mts_aggregate_2,2011,18.338
lux,sex_t,geo_cov_rur,mts_aggregate_2,2012,33.105
lux,sex_t,geo_cov_rur,mts_aggregate_2,2013,47.949
lux,sex_t,geo_cov_rur,mts_aggregate_2,2014,45.836
lux,sex_t,geo_cov_rur,mts_aggregate_2,2015,47.032
lux,sex_t,geo_cov_rur,mts_aggregate_2,2016,56.732
lux,sex_t,geo_cov_rur,mts_aggregate_2,2017,40.892
lux,sex_t,geo_cov_rur,mts_aggregate_2,2018,42.217
lux,sex_t,geo_cov_rur,mts_aggregate_2,2019,44.982
lux,sex_t,geo_cov_rur,mts_aggregate_2,2020,44.819
lux,sex_t,geo_cov_rur,mts_aggregate_total,1997,36.028
lux,sex_t,geo_cov_rur,mts_aggregate_total,1998,34.146
lux,sex_t,geo_cov_rur,mts_aggregate_total,1999,32.601
lux,sex_t,geo_cov_rur,mts_aggregate_total,2000,33.265
lux,sex_t,geo_cov_rur,mts_aggregate_total,2001,35.129
lux,sex_t,geo_cov_rur,mts_aggregate_total,2002,34.91
lux,sex_t,geo_cov_rur,mts_aggregate_total,2003,53.483
lux,sex_t,geo_cov_rur,mts_aggregate_total,2004,54.804
lux,sex_t,geo_cov_rur,mts_aggregate_total,2005,36.574
lux,sex_t,geo_cov_rur,mts_aggregate_total,2006,36.487
lux,sex_t,geo_cov_rur,mts_aggregate_total,2007,34.03
lux,sex_t,geo_cov_rur,mts_aggregate_total,2008,32.284
lux,sex_t,geo_cov_rur,mts_aggregate_total,2009,37.045
lux,sex_t,geo_cov_rur,mts_aggregate_total,2010,36.81
lux,sex_t,geo_cov_rur,mts_aggregate_total,2011,36.759
lux,sex_t,geo_cov_rur,mts_aggregate_total,2012,63.012
lux,sex_t,geo_cov_rur,mts_aggregate_total,2013,94.131
lux,sex_t,geo_cov_rur,mts_aggregate_total,2014,92.033
lux,sex_t,geo_cov_rur,mts_aggregate_total,2015,84.385
lux,sex_t,geo_cov_rur,mts_aggregate_total,2016,100.15
lux,sex_t,geo_cov_rur,mts_aggregate_total,2017,81.065
lux,sex_t,geo_cov_rur,mts_aggregate_total,2018,79.888
lux,sex_t,geo_cov_rur,mts_aggregate_total,2019,83.074
lux,sex_t,geo_cov_rur,mts_aggregate_total,2020,82.387
lux,sex_t,geo_cov_rur,mts_aggregate_x,2015,0.452
lux,sex_t,geo_cov_rur,mts_aggregate_x,2016,0.399
lux,sex_t,geo_cov_rur,mts_aggregate_x,2017,0.455
lux,sex_t,geo_cov_rur,mts_aggregate_x,2018,0.806
lux,sex_t,geo_cov_rur,mts_aggregate_x,2019,0.908
lux,sex_t,geo_cov_rur,mts_aggregate_x,2020,0.986
lux,sex_t,geo_cov_urb,mts_aggregate_1,1997,52.466
lux,sex_t,geo_cov_urb,mts_aggregate_1,1998,55.478
lux,sex_t,geo_cov_urb,mts_aggregate_1,1999,56.331
lux,sex_t,geo_cov_urb,mts_aggregate_1,2000,55.206
lux,sex_t,geo_cov_urb,mts_aggregate_1,2001,57.315
lux,sex_t,geo_cov_urb,mts_aggregate_1,2002,56.899
lux,sex_t,geo_cov_urb,mts_aggregate_1,2003,49.989
lux,sex_t,geo_cov_urb,mts_aggregate_1,2004,48.03
lux,sex_t,geo_cov_urb,mts_aggregate_1,2005,57.277
lux,sex_t,geo_cov_urb,mts_aggregate_1,2006,61.551
lux,sex_t,geo_cov_urb,mts_aggregate_1,2007,61.859
lux,sex_t,geo_cov_urb,mts_aggregate_1,2008,61.561
lux,sex_t,geo_cov_urb,mts_aggregate_1,2009,60.327
lux,sex_t,geo_cov_urb,mts_aggregate_1,2010,63.672
lux,sex_t,geo_cov_urb,mts_aggregate_1,2011,65.792
lux,sex_t,geo_cov_urb,mts_aggregate_1,2012,54.88
lux,sex_t,geo_cov_urb,mts_aggregate_1,2013,43.769
lux,sex_t,geo_cov_urb,mts_aggregate_1,2014,43.766
lux,sex_t,geo_cov_urb,mts_aggregate_1,2015,47.295
lux,sex_t,geo_cov_urb,mts_aggregate_1,2016,51.001
lux,sex_t,geo_cov_urb,mts_aggregate_1,2017,59.1
lux,sex_t,geo_cov_urb,mts_aggregate_1,2018,58.513
lux,sex_t,geo_cov_urb,mts_aggregate_1,2019,54.766
lux,sex_t,geo_cov_urb,mts_aggregate_1,2020,57.17
lux,sex_t,geo_cov_urb,mts_aggregate_2,1997,76.812
lux,sex_t,geo_cov_urb,mts_aggregate_2,1998,76.59
lux,sex_t,geo_cov_urb,mts_aggregate_2,1999,75.743
lux,sex_t,geo_cov_urb,mts_aggregate_2,2000,73.591
lux,sex_t,geo_cov_urb,mts_aggregate_2,2001,69.703
lux,sex_t,geo_cov_urb,mts_aggregate_2,2002,68.263
lux,sex_t,geo_cov_urb,mts_aggregate_2,2003,60.826
lux,sex_t,geo_cov_urb,mts_aggregate_2,2004,59.583
lux,sex_t,geo_cov_urb,mts_aggregate_2,2005,68.374
lux,sex_t,geo_cov_urb,mts_aggregate_2,2006,69.855
lux,sex_t,geo_cov_urb,mts_aggregate_2,2007,70.75
lux,sex_t,geo_cov_urb,mts_aggregate_2,2008,73.553
lux,sex_t,geo_cov_urb,mts_aggregate_2,2009,69.131
lux,sex_t,geo_cov_urb,mts_aggregate_2,2010,71.013
lux,sex_t,geo_cov_urb,mts_aggregate_2,2011,72.929
lux,sex_t,geo_cov_urb,mts_aggregate_2,2012,58.239
lux,sex_t,geo_cov_urb,mts_aggregate_2,2013,40.638
lux,sex_t,geo_cov_urb,mts_aggregate_2,2014,44.529
lux,sex_t,geo_cov_urb,mts_aggregate_2,2015,49.125
lux,sex_t,geo_cov_urb,mts_aggregate_2,2016,37.706
lux,sex_t,geo_cov_urb,mts_aggregate_2,2017,56.445
lux,sex_t,geo_cov_urb,mts_aggregate_2,2018,58.978
lux,sex_t,geo_cov_urb,mts_aggregate_2,2019,60.155
lux,sex_t,geo_cov_urb,mts_aggregate_2,2020,61.679
lux,sex_t,geo_cov_urb,mts_aggregate_total,1997,129.277
lux,sex_t,geo_cov_urb,mts_aggregate_total,1998,132.068
lux,sex_t,geo_cov_urb,mts_aggregate_total,1999,132.073
lux,sex_t,geo_cov_urb,mts_aggregate_total,2000,128.797
lux,sex_t,geo_cov_urb,mts_aggregate_total,2001,127.018
lux,sex_t,geo_cov_urb,mts_aggregate_total,2002,125.162
lux,sex_t,geo_cov_urb,mts_aggregate_total,2003,110.814
lux,sex_t,geo_cov_urb,mts_aggregate_total,2004,107.613
lux,sex_t,geo_cov_urb,mts_aggregate_total,2005,125.652
lux,sex_t,geo_cov_urb,mts_aggregate_total,2006,131.406
lux,sex_t,geo_cov_urb,mts_aggregate_total,2007,132.609
lux,sex_t,geo_cov_urb,mts_aggregate_total,2008,135.114
lux,sex_t,geo_cov_urb,mts_aggregate_total,2009,129.489
lux,sex_t,geo_cov_urb,mts_aggregate_total,2010,134.773
lux,sex_t,geo_cov_urb,mts_aggregate_total,2011,138.741
lux,sex_t,geo_cov_urb,mts_aggregate_total,2012,113.142
lux,sex_t,geo_cov_urb,mts_aggregate_total,2013,84.44
lux,sex_t,geo_cov_urb,mts_aggregate_total,2014,88.348
lux,sex_t,geo_cov_urb,mts_aggregate_total,2015,97.086
lux,sex_t,geo_cov_urb,mts_aggregate_total,2016,89.27
lux,sex_t,geo_cov_urb,mts_aggregate_total,2017,116.298
lux,sex_t,geo_cov_urb,mts_aggregate_total,2018,118.677
lux,sex_t,geo_cov_urb,mts_aggregate_total,2019,115.789
lux,sex_t,geo_cov_urb,mts_aggregate_total,2020,119.847
lux,sex_t,geo_cov_urb,mts_aggregate_x,2015,0.667
lux,sex_t,geo_cov_urb,mts_aggregate_x,2016,0.563
lux,sex_t,geo_cov_urb,mts_aggregate_x,2017,0.754
lux,sex_t,geo_cov_urb,mts_aggregate_x,2018,1.186
lux,sex_t,geo_cov_urb,mts_aggregate_x,2019,0.868
lux,sex_t,geo_cov_urb,mts_aggregate_x,2020,0.998
lva,sex_f,geo_cov_nat,mts_aggregate_1,2001,341.056
lva,sex_f,geo_cov_nat,mts_aggregate_1,2002,336.087
lva,sex_f,geo_cov_nat,mts_aggregate_1,2003,354.492
lva,sex_f,geo_cov_nat,mts_aggregate_1,2004,363.872
lva,sex_f,geo_cov_nat,mts_aggregate_1,2005,351.055
lva,sex_f,geo_cov_nat,mts_aggregate_1,2006,338.99
lva,sex_f,geo_cov_nat,mts_aggregate_1,2007,328.582
lva,sex_f,geo_cov_nat,mts_aggregate_1,2008,311.444
lva,sex_f,geo_cov_nat,mts_aggregate_1,2009,308.682
lva,sex_f,geo_cov_nat,mts_aggregate_1,2010,309.669
lva,sex_f,geo_cov_nat,mts_aggregate_1,2011,308.109
lva,sex_f,geo_cov_nat,mts_aggregate_1,2012,293.934
lva,sex_f,geo_cov_nat,mts_aggregate_1,2013,295.439
lva,sex_f,geo_cov_nat,mts_aggregate_1,2014,293.353
lva,sex_f,geo_cov_nat,mts_aggregate_1,2015,285.957
lva,sex_f,geo_cov_nat,mts_aggregate_1,2016,280.898
lva,sex_f,geo_cov_nat,mts_aggregate_1,2017,267.017
lva,sex_f,geo_cov_nat,mts_aggregate_1,2018,264.83
lva,sex_f,geo_cov_nat,mts_aggregate_1,2019,264.186
lva,sex_f,geo_cov_nat,mts_aggregate_1,2020,261.345
lva,sex_f,geo_cov_nat,mts_aggregate_2,2001,186.065
lva,sex_f,geo_cov_nat,mts_aggregate_2,2002,176.221
lva,sex_f,geo_cov_nat,mts_aggregate_2,2003,163.09
lva,sex_f,geo_cov_nat,mts_aggregate_2,2004,152.721
lva,sex_f,geo_cov_nat,mts_aggregate_2,2005,162.917
lva,sex_f,geo_cov_nat,mts_aggregate_2,2006,156.291
lva,sex_f,geo_cov_nat,mts_aggregate_2,2007,154.92
lva,sex_f,geo_cov_nat,mts_aggregate_2,2008,149.51
lva,sex_f,geo_cov_nat,mts_aggregate_2,2009,151.132
lva,sex_f,geo_cov_nat,mts_aggregate_2,2010,147.871
lva,sex_f,geo_cov_nat,mts_aggregate_2,2011,148.903
lva,sex_f,geo_cov_nat,mts_aggregate_2,2012,142.973
lva,sex_f,geo_cov_nat,mts_aggregate_2,2013,138.29
lva,sex_f,geo_cov_nat,mts_aggregate_2,2014,137.926
lva,sex_f,geo_cov_nat,mts_aggregate_2,2015,133.043
lva,sex_f,geo_cov_nat,mts_aggregate_2,2016,125.7
lva,sex_f,geo_cov_nat,mts_aggregate_2,2017,131.943
lva,sex_f,geo_cov_nat,mts_aggregate_2,2018,125.054
lva,sex_f,geo_cov_nat,mts_aggregate_2,2019,122.756
lva,sex_f,geo_cov_nat,mts_aggregate_2,2020,119.328
lva,sex_f,geo_cov_nat,mts_aggregate_total,2001,527.367
lva,sex_f,geo_cov_nat,mts_aggregate_total,2002,512.308
lva,sex_f,geo_cov_nat,mts_aggregate_total,2003,517.582
lva,sex_f,geo_cov_nat,mts_aggregate_total,2004,516.593
lva,sex_f,geo_cov_nat,mts_aggregate_total,2005,513.972
lva,sex_f,geo_cov_nat,mts_aggregate_total,2006,495.465
lva,sex_f,geo_cov_nat,mts_aggregate_total,2007,483.502
lva,sex_f,geo_cov_nat,mts_aggregate_total,2008,460.953
lva,sex_f,geo_cov_nat,mts_aggregate_total,2009,459.814
lva,sex_f,geo_cov_nat,mts_aggregate_total,2010,457.539
lva,sex_f,geo_cov_nat,mts_aggregate_total,2011,457.012
lva,sex_f,geo_cov_nat,mts_aggregate_total,2012,436.907
lva,sex_f,geo_cov_nat,mts_aggregate_total,2013,433.903
lva,sex_f,geo_cov_nat,mts_aggregate_total,2014,431.28
lva,sex_f,geo_cov_nat,mts_aggregate_total,2015,419.54
lva,sex_f,geo_cov_nat,mts_aggregate_total,2016,406.689
lva,sex_f,geo_cov_nat,mts_aggregate_total,2017,399.255
lva,sex_f,geo_cov_nat,mts_aggregate_total,2018,389.885
lva,sex_f,geo_cov_nat,mts_aggregate_total,2019,387.033
lva,sex_f,geo_cov_nat,mts_aggregate_total,2020,380.895
lva,sex_f,geo_cov_nat,mts_aggregate_x,2015,0.54
lva,sex_f,geo_cov_rur,mts_aggregate_1,2001,177.367
lva,sex_f,geo_cov_rur,mts_aggregate_1,2002,189.869
lva,sex_f,geo_cov_rur,mts_aggregate_1,2003,198.881
lva,sex_f,geo_cov_rur,mts_aggregate_1,2004,198.793
lva,sex_f,geo_cov_rur,mts_aggregate_1,2005,188.803
lva,sex_f,geo_cov_rur,mts_aggregate_1,2006,188.746
lva,sex_f,geo_cov_rur,mts_aggregate_1,2007,178.365
lva,sex_f,geo_cov_rur,mts_aggregate_1,2008,168.744
lva,sex_f,geo_cov_rur,mts_aggregate_1,2009,167.897
lva,sex_f,geo_cov_rur,mts_aggregate_1,2010,165.562
lva,sex_f,geo_cov_rur,mts_aggregate_1,2011,169.278
lva,sex_f,geo_cov_rur,mts_aggregate_1,2012,114.687
lva,sex_f,geo_cov_rur,mts_aggregate_1,2013,114.958
lva,sex_f,geo_cov_rur,mts_aggregate_1,2014,106.958
lva,sex_f,geo_cov_rur,mts_aggregate_1,2015,103.246
lva,sex_f,geo_cov_rur,mts_aggregate_1,2016,103.104
lva,sex_f,geo_cov_rur,mts_aggregate_1,2017,99.131
lva,sex_f,geo_cov_rur,mts_aggregate_1,2018,94.286
lva,sex_f,geo_cov_rur,mts_aggregate_1,2019,92.59
lva,sex_f,geo_cov_rur,mts_aggregate_1,2020,86.899
lva,sex_f,geo_cov_rur,mts_aggregate_2,2001,92.771
lva,sex_f,geo_cov_rur,mts_aggregate_2,2002,80.269
lva,sex_f,geo_cov_rur,mts_aggregate_2,2003,79.601
lva,sex_f,geo_cov_rur,mts_aggregate_2,2004,80.474
lva,sex_f,geo_cov_rur,mts_aggregate_2,2005,82.43
lva,sex_f,geo_cov_rur,mts_aggregate_2,2006,77.257
lva,sex_f,geo_cov_rur,mts_aggregate_2,2007,80.411
lva,sex_f,geo_cov_rur,mts_aggregate_2,2008,77.791
lva,sex_f,geo_cov_rur,mts_aggregate_2,2009,79.142
lva,sex_f,geo_cov_rur,mts_aggregate_2,2010,80.847
lva,sex_f,geo_cov_rur,mts_aggregate_2,2011,75.303
lva,sex_f,geo_cov_rur,mts_aggregate_2,2012,53.853
lva,sex_f,geo_cov_rur,mts_aggregate_2,2013,52.256
lva,sex_f,geo_cov_rur,mts_aggregate_2,2014,50.362
lva,sex_f,geo_cov_rur,mts_aggregate_2,2015,48.791
lva,sex_f,geo_cov_rur,mts_aggregate_2,2016,45.996
lva,sex_f,geo_cov_rur,mts_aggregate_2,2017,45.625
lva,sex_f,geo_cov_rur,mts_aggregate_2,2018,47.49
lva,sex_f,geo_cov_rur,mts_aggregate_2,2019,47.176
lva,sex_f,geo_cov_rur,mts_aggregate_2,2020,42.704
lva,sex_f,geo_cov_rur,mts_aggregate_total,2001,270.385
lva,sex_f,geo_cov_rur,mts_aggregate_total,2002,270.138
lva,sex_f,geo_cov_rur,mts_aggregate_total,2003,278.482
lva,sex_f,geo_cov_rur,mts_aggregate_total,2004,279.267
lva,sex_f,geo_cov_rur,mts_aggregate_total,2005,271.233
lva,sex_f,geo_cov_rur,mts_aggregate_total,2006,266.003
lva,sex_f,geo_cov_rur,mts_aggregate_total,2007,258.776
lva,sex_f,geo_cov_rur,mts_aggregate_total,2008,246.535
lva,sex_f,geo_cov_rur,mts_aggregate_total,2009,247.039
lva,sex_f,geo_cov_rur,mts_aggregate_total,2010,246.408
lva,sex_f,geo_cov_rur,mts_aggregate_total,2011,244.581
lva,sex_f,geo_cov_rur,mts_aggregate_total,2012,168.54
lva,sex_f,geo_cov_rur,mts_aggregate_total,2013,167.214
lva,sex_f,geo_cov_rur,mts_aggregate_total,2014,157.321
lva,sex_f,geo_cov_rur,mts_aggregate_total,2015,152.055
lva,sex_f,geo_cov_rur,mts_aggregate_total,2016,149.153
lva,sex_f,geo_cov_rur,mts_aggregate_total,2017,144.867
lva,sex_f,geo_cov_rur,mts_aggregate_total,2018,141.775
lva,sex_f,geo_cov_rur,mts_aggregate_total,2019,139.858
lva,sex_f,geo_cov_rur,mts_aggregate_total,2020,129.825
lva,sex_f,geo_cov_urb,mts_aggregate_1,2001,163.688
lva,sex_f,geo_cov_urb,mts_aggregate_1,2002,146.218
lva,sex_f,geo_cov_urb,mts_aggregate_1,2003,155.611
lva,sex_f,geo_cov_urb,mts_aggregate_1,2004,165.079
lva,sex_f,geo_cov_urb,mts_aggregate_1,2005,162.253
lva,sex_f,geo_cov_urb,mts_aggregate_1,2006,150.244
lva,sex_f,geo_cov_urb,mts_aggregate_1,2007,150.217
lva,sex_f,geo_cov_urb,mts_aggregate_1,2008,142.7
lva,sex_f,geo_cov_urb,mts_aggregate_1,2009,140.785
lva,sex_f,geo_cov_urb,mts_aggregate_1,2010,144.107
lva,sex_f,geo_cov_urb,mts_aggregate_1,2011,138.831
lva,sex_f,geo_cov_urb,mts_aggregate_1,2012,179.247
lva,sex_f,geo_cov_urb,mts_aggregate_1,2013,180.481
lva,sex_f,geo_cov_urb,mts_aggregate_1,2014,186.395
lva,sex_f,geo_cov_urb,mts_aggregate_1,2015,182.711
lva,sex_f,geo_cov_urb,mts_aggregate_1,2016,177.794
lva,sex_f,geo_cov_urb,mts_aggregate_1,2017,167.886
lva,sex_f,geo_cov_urb,mts_aggregate_1,2018,170.545
lva,sex_f,geo_cov_urb,mts_aggregate_1,2019,171.596
lva,sex_f,geo_cov_urb,mts_aggregate_1,2020,174.446
lva,sex_f,geo_cov_urb,mts_aggregate_2,2001,93.294
lva,sex_f,geo_cov_urb,mts_aggregate_2,2002,95.952
lva,sex_f,geo_cov_urb,mts_aggregate_2,2003,83.489
lva,sex_f,geo_cov_urb,mts_aggregate_2,2004,72.247
lva,sex_f,geo_cov_urb,mts_aggregate_2,2005,80.487
lva,sex_f,geo_cov_urb,mts_aggregate_2,2006,79.034
lva,sex_f,geo_cov_urb,mts_aggregate_2,2007,74.509
lva,sex_f,geo_cov_urb,mts_aggregate_2,2008,71.718
lva,sex_f,geo_cov_urb,mts_aggregate_2,2009,71.99
lva,sex_f,geo_cov_urb,mts_aggregate_2,2010,67.024
lva,sex_f,geo_cov_urb,mts_aggregate_2,2011,73.6
lva,sex_f,geo_cov_urb,mts_aggregate_2,2012,89.12
lva,sex_f,geo_cov_urb,mts_aggregate_2,2013,86.034
lva,sex_f,geo_cov_urb,mts_aggregate_2,2014,87.564
lva,sex_f,geo_cov_urb,mts_aggregate_2,2015,84.252
lva,sex_f,geo_cov_urb,mts_aggregate_2,2016,79.705
lva,sex_f,geo_cov_urb,mts_aggregate_2,2017,86.319
lva,sex_f,geo_cov_urb,mts_aggregate_2,2018,77.564
lva,sex_f,geo_cov_urb,mts_aggregate_2,2019,75.58
lva,sex_f,geo_cov_urb,mts_aggregate_2,2020,76.625
lva,sex_f,geo_cov_urb,mts_aggregate_total,2001,256.982
lva,sex_f,geo_cov_urb,mts_aggregate_total,2002,242.169
lva,sex_f,geo_cov_urb,mts_aggregate_total,2003,239.1
lva,sex_f,geo_cov_urb,mts_aggregate_total,2004,237.326
lva,sex_f,geo_cov_urb,mts_aggregate_total,2005,242.74
lva,sex_f,geo_cov_urb,mts_aggregate_total,2006,229.462
lva,sex_f,geo_cov_urb,mts_aggregate_total,2007,224.726
lva,sex_f,geo_cov_urb,mts_aggregate_total,2008,214.419
lva,sex_f,geo_cov_urb,mts_aggregate_total,2009,212.775
lva,sex_f,geo_cov_urb,mts_aggregate_total,2010,211.131
lva,sex_f,geo_cov_urb,mts_aggregate_total,2011,212.431
lva,sex_f,geo_cov_urb,mts_aggregate_total,2012,268.367
lva,sex_f,geo_cov_urb,mts_aggregate_total,2013,266.689
lva,sex_f,geo_cov_urb,mts_aggregate_total,2014,273.959
lva,sex_f,geo_cov_urb,mts_aggregate_total,2015,267.485
lva,sex_f,geo_cov_urb,mts_aggregate_total,2016,257.536
lva,sex_f,geo_cov_urb,mts_aggregate_total,2017,254.388
lva,sex_f,geo_cov_urb,mts_aggregate_total,2018,248.109
lva,sex_f,geo_cov_urb,mts_aggregate_total,2019,247.176
lva,sex_f,geo_cov_urb,mts_aggregate_total,2020,251.071
lva,sex_m,geo_cov_nat,mts_aggregate_1,2001,168.796
lva,sex_m,geo_cov_nat,mts_aggregate_1,2002,160.377
lva,sex_m,geo_cov_nat,mts_aggregate_1,2003,173.232
lva,sex_m,geo_cov_nat,mts_aggregate_1,2004,182.997
lva,sex_m,geo_cov_nat,mts_aggregate_1,2005,171.101
lva,sex_m,geo_cov_nat,mts_aggregate_1,2006,160.682
lva,sex_m,geo_cov_nat,mts_aggregate_1,2007,152.072
lva,sex_m,geo_cov_nat,mts_aggregate_1,2008,141.552
lva,sex_m,geo_cov_nat,mts_aggregate_1,2009,149.709
lva,sex_m,geo_cov_nat,mts_aggregate_1,2010,152.211
lva,sex_m,geo_cov_nat,mts_aggregate_1,2011,149.981
lva,sex_m,geo_cov_nat,mts_aggregate_1,2012,140.833
lva,sex_m,geo_cov_nat,mts_aggregate_1,2013,142.223
lva,sex_m,geo_cov_nat,mts_aggregate_1,2014,137.331
lva,sex_m,geo_cov_nat,mts_aggregate_1,2015,133.135
lva,sex_m,geo_cov_nat,mts_aggregate_1,2016,134.197
lva,sex_m,geo_cov_nat,mts_aggregate_1,2017,126.148
lva,sex_m,geo_cov_nat,mts_aggregate_1,2018,122.629
lva,sex_m,geo_cov_nat,mts_aggregate_1,2019,126.113
lva,sex_m,geo_cov_nat,mts_aggregate_1,2020,117.075
lva,sex_m,geo_cov_nat,mts_aggregate_2,2001,134.968
lva,sex_m,geo_cov_nat,mts_aggregate_2,2002,126.991
lva,sex_m,geo_cov_nat,mts_aggregate_2,2003,124.173
lva,sex_m,geo_cov_nat,mts_aggregate_2,2004,107.751
lva,sex_m,geo_cov_nat,mts_aggregate_2,2005,118.34
lva,sex_m,geo_cov_nat,mts_aggregate_2,2006,111.366
lva,sex_m,geo_cov_nat,mts_aggregate_2,2007,106.836
lva,sex_m,geo_cov_nat,mts_aggregate_2,2008,111.93
lva,sex_m,geo_cov_nat,mts_aggregate_2,2009,120.786
lva,sex_m,geo_cov_nat,mts_aggregate_2,2010,127.948
lva,sex_m,geo_cov_nat,mts_aggregate_2,2011,121.715
lva,sex_m,geo_cov_nat,mts_aggregate_2,2012,117.247
lva,sex_m,geo_cov_nat,mts_aggregate_2,2013,115.856
lva,sex_m,geo_cov_nat,mts_aggregate_2,2014,113.194
lva,sex_m,geo_cov_nat,mts_aggregate_2,2015,108.337
lva,sex_m,geo_cov_nat,mts_aggregate_2,2016,106.753
lva,sex_m,geo_cov_nat,mts_aggregate_2,2017,105.707
lva,sex_m,geo_cov_nat,mts_aggregate_2,2018,103.886
lva,sex_m,geo_cov_nat,mts_aggregate_2,2019,101.945
lva,sex_m,geo_cov_nat,mts_aggregate_2,2020,105.789
lva,sex_m,geo_cov_nat,mts_aggregate_total,2001,303.95
lva,sex_m,geo_cov_nat,mts_aggregate_total,2002,287.367
lva,sex_m,geo_cov_nat,mts_aggregate_total,2003,297.405
lva,sex_m,geo_cov_nat,mts_aggregate_total,2004,290.748
lva,sex_m,geo_cov_nat,mts_aggregate_total,2005,289.441
lva,sex_m,geo_cov_nat,mts_aggregate_total,2006,272.048
lva,sex_m,geo_cov_nat,mts_aggregate_total,2007,258.908
lva,sex_m,geo_cov_nat,mts_aggregate_total,2008,253.482
lva,sex_m,geo_cov_nat,mts_aggregate_total,2009,270.495
lva,sex_m,geo_cov_nat,mts_aggregate_total,2010,280.159
lva,sex_m,geo_cov_nat,mts_aggregate_total,2011,271.695
lva,sex_m,geo_cov_nat,mts_aggregate_total,2012,258.08
lva,sex_m,geo_cov_nat,mts_aggregate_total,2013,258.347
lva,sex_m,geo_cov_nat,mts_aggregate_total,2014,250.525
lva,sex_m,geo_cov_nat,mts_aggregate_total,2015,241.472
lva,sex_m,geo_cov_nat,mts_aggregate_total,2016,240.976
lva,sex_m,geo_cov_nat,mts_aggregate_total,2017,231.924
lva,sex_m,geo_cov_nat,mts_aggregate_total,2018,226.516
lva,sex_m,geo_cov_nat,mts_aggregate_total,2019,228.058
lva,sex_m,geo_cov_nat,mts_aggregate_total,2020,222.923
lva,sex_m,geo_cov_rur,mts_aggregate_1,2001,94.286
lva,sex_m,geo_cov_rur,mts_aggregate_1,2002,94.428
lva,sex_m,geo_cov_rur,mts_aggregate_1,2003,105.339
lva,sex_m,geo_cov_rur,mts_aggregate_1,2004,107.145
lva,sex_m,geo_cov_rur,mts_aggregate_1,2005,101.846
lva,sex_m,geo_cov_rur,mts_aggregate_1,2006,94.254
lva,sex_m,geo_cov_rur,mts_aggregate_1,2007,90.274
lva,sex_m,geo_cov_rur,mts_aggregate_1,2008,86.623
lva,sex_m,geo_cov_rur,mts_aggregate_1,2009,89.438
lva,sex_m,geo_cov_rur,mts_aggregate_1,2010,91.761
lva,sex_m,geo_cov_rur,mts_aggregate_1,2011,91.313
lva,sex_m,geo_cov_rur,mts_aggregate_1,2012,62.499
lva,sex_m,geo_cov_rur,mts_aggregate_1,2013,60.631
lva,sex_m,geo_cov_rur,mts_aggregate_1,2014,58.514
lva,sex_m,geo_cov_rur,mts_aggregate_1,2015,55.554
lva,sex_m,geo_cov_rur,mts_aggregate_1,2016,54.195
lva,sex_m,geo_cov_rur,mts_aggregate_1,2017,54.212
lva,sex_m,geo_cov_rur,mts_aggregate_1,2018,54.961
lva,sex_m,geo_cov_rur,mts_aggregate_1,2019,52.835
lva,sex_m,geo_cov_rur,mts_aggregate_1,2020,41.362
lva,sex_m,geo_cov_rur,mts_aggregate_2,2001,70.067
lva,sex_m,geo_cov_rur,mts_aggregate_2,2002,59.522
lva,sex_m,geo_cov_rur,mts_aggregate_2,2003,61.737
lva,sex_m,geo_cov_rur,mts_aggregate_2,2004,59.818
lva,sex_m,geo_cov_rur,mts_aggregate_2,2005,62.714
lva,sex_m,geo_cov_rur,mts_aggregate_2,2006,59.556
lva,sex_m,geo_cov_rur,mts_aggregate_2,2007,59.615
lva,sex_m,geo_cov_rur,mts_aggregate_2,2008,63.227
lva,sex_m,geo_cov_rur,mts_aggregate_2,2009,66.15
lva,sex_m,geo_cov_rur,mts_aggregate_2,2010,70.68
lva,sex_m,geo_cov_rur,mts_aggregate_2,2011,67.443
lva,sex_m,geo_cov_rur,mts_aggregate_2,2012,47.038
lva,sex_m,geo_cov_rur,mts_aggregate_2,2013,47.072
lva,sex_m,geo_cov_rur,mts_aggregate_2,2014,41.595
lva,sex_m,geo_cov_rur,mts_aggregate_2,2015,41.018
lva,sex_m,geo_cov_rur,mts_aggregate_2,2016,40.439
lva,sex_m,geo_cov_rur,mts_aggregate_2,2017,42.113
lva,sex_m,geo_cov_rur,mts_aggregate_2,2018,41.411
lva,sex_m,geo_cov_rur,mts_aggregate_2,2019,40.79
lva,sex_m,geo_cov_rur,mts_aggregate_2,2020,39.127
lva,sex_m,geo_cov_rur,mts_aggregate_total,2001,164.417
lva,sex_m,geo_cov_rur,mts_aggregate_total,2002,153.951
lva,sex_m,geo_cov_rur,mts_aggregate_total,2003,167.076
lva,sex_m,geo_cov_rur,mts_aggregate_total,2004,166.963
lva,sex_m,geo_cov_rur,mts_aggregate_total,2005,164.56
lva,sex_m,geo_cov_rur,mts_aggregate_total,2006,153.81
lva,sex_m,geo_cov_rur,mts_aggregate_total,2007,149.889
lva,sex_m,geo_cov_rur,mts_aggregate_total,2008,149.85
lva,sex_m,geo_cov_rur,mts_aggregate_total,2009,155.588
lva,sex_m,geo_cov_rur,mts_aggregate_total,2010,162.44
lva,sex_m,geo_cov_rur,mts_aggregate_total,2011,158.756
lva,sex_m,geo_cov_rur,mts_aggregate_total,2012,109.538
lva,sex_m,geo_cov_rur,mts_aggregate_total,2013,107.744
lva,sex_m,geo_cov_rur,mts_aggregate_total,2014,100.109
lva,sex_m,geo_cov_rur,mts_aggregate_total,2015,96.573
lva,sex_m,geo_cov_rur,mts_aggregate_total,2016,94.634
lva,sex_m,geo_cov_rur,mts_aggregate_total,2017,96.394
lva,sex_m,geo_cov_rur,mts_aggregate_total,2018,96.372
lva,sex_m,geo_cov_rur,mts_aggregate_total,2019,93.625
lva,sex_m,geo_cov_rur,mts_aggregate_total,2020,80.489
lva,sex_m,geo_cov_urb,mts_aggregate_1,2001,74.509
lva,sex_m,geo_cov_urb,mts_aggregate_1,2002,65.948
lva,sex_m,geo_cov_urb,mts_aggregate_1,2003,67.893
lva,sex_m,geo_cov_urb,mts_aggregate_1,2004,75.852
lva,sex_m,geo_cov_urb,mts_aggregate_1,2005,69.256
lva,sex_m,geo_cov_urb,mts_aggregate_1,2006,66.428
lva,sex_m,geo_cov_urb,mts_aggregate_1,2007,61.798
lva,sex_m,geo_cov_urb,mts_aggregate_1,2008,54.928
lva,sex_m,geo_cov_urb,mts_aggregate_1,2009,60.271
lva,sex_m,geo_cov_urb,mts_aggregate_1,2010,60.45
lva,sex_m,geo_cov_urb,mts_aggregate_1,2011,58.668
lva,sex_m,geo_cov_urb,mts_aggregate_1,2012,78.334
lva,sex_m,geo_cov_urb,mts_aggregate_1,2013,81.592
lva,sex_m,geo_cov_urb,mts_aggregate_1,2014,78.817
lva,sex_m,geo_cov_urb,mts_aggregate_1,2015,77.581
lva,sex_m,geo_cov_urb,mts_aggregate_1,2016,80.002
lva,sex_m,geo_cov_urb,mts_aggregate_1,2017,71.936
lva,sex_m,geo_cov_urb,mts_aggregate_1,2018,67.668
lva,sex_m,geo_cov_urb,mts_aggregate_1,2019,73.278
lva,sex_m,geo_cov_urb,mts_aggregate_1,2020,75.713
lva,sex_m,geo_cov_urb,mts_aggregate_2,2001,64.901
lva,sex_m,geo_cov_urb,mts_aggregate_2,2002,67.468
lva,sex_m,geo_cov_urb,mts_aggregate_2,2003,62.436
lva,sex_m,geo_cov_urb,mts_aggregate_2,2004,47.933
lva,sex_m,geo_cov_urb,mts_aggregate_2,2005,55.626
lva,sex_m,geo_cov_urb,mts_aggregate_2,2006,51.81
lva,sex_m,geo_cov_urb,mts_aggregate_2,2007,47.221
lva,sex_m,geo_cov_urb,mts_aggregate_2,2008,48.704
lva,sex_m,geo_cov_urb,mts_aggregate_2,2009,54.636
lva,sex_m,geo_cov_urb,mts_aggregate_2,2010,57.269
lva,sex_m,geo_cov_urb,mts_aggregate_2,2011,54.272
lva,sex_m,geo_cov_urb,mts_aggregate_2,2012,70.209
lva,sex_m,geo_cov_urb,mts_aggregate_2,2013,68.784
lva,sex_m,geo_cov_urb,mts_aggregate_2,2014,71.599
lva,sex_m,geo_cov_urb,mts_aggregate_2,2015,67.319
lva,sex_m,geo_cov_urb,mts_aggregate_2,2016,66.314
lva,sex_m,geo_cov_urb,mts_aggregate_2,2017,63.594
lva,sex_m,geo_cov_urb,mts_aggregate_2,2018,62.475
lva,sex_m,geo_cov_urb,mts_aggregate_2,2019,61.155
lva,sex_m,geo_cov_urb,mts_aggregate_2,2020,66.662
lva,sex_m,geo_cov_urb,mts_aggregate_total,2001,139.534
lva,sex_m,geo_cov_urb,mts_aggregate_total,2002,133.416
lva,sex_m,geo_cov_urb,mts_aggregate_total,2003,130.329
lva,sex_m,geo_cov_urb,mts_aggregate_total,2004,123.785
lva,sex_m,geo_cov_urb,mts_aggregate_total,2005,124.882
lva,sex_m,geo_cov_urb,mts_aggregate_total,2006,118.238
lva,sex_m,geo_cov_urb,mts_aggregate_total,2007,109.019
lva,sex_m,geo_cov_urb,mts_aggregate_total,2008,103.632
lva,sex_m,geo_cov_urb,mts_aggregate_total,2009,114.907
lva,sex_m,geo_cov_urb,mts_aggregate_total,2010,117.719
lva,sex_m,geo_cov_urb,mts_aggregate_total,2011,112.94
lva,sex_m,geo_cov_urb,mts_aggregate_total,2012,148.543
lva,sex_m,geo_cov_urb,mts_aggregate_total,2013,150.604
lva,sex_m,geo_cov_urb,mts_aggregate_total,2014,150.416
lva,sex_m,geo_cov_urb,mts_aggregate_total,2015,144.899
lva,sex_m,geo_cov_urb,mts_aggregate_total,2016,146.342
lva,sex_m,geo_cov_urb,mts_aggregate_total,2017,135.53
lva,sex_m,geo_cov_urb,mts_aggregate_total,2018,130.144
lva,sex_m,geo_cov_urb,mts_aggregate_total,2019,134.433
lva,sex_m,geo_cov_urb,mts_aggregate_total,2020,142.434
lva,sex_t,geo_cov_nat,mts_aggregate_1,2001,509.851
lva,sex_t,geo_cov_nat,mts_aggregate_1,2002,496.464
lva,sex_t,geo_cov_nat,mts_aggregate_1,2003,527.724
lva,sex_t,geo_cov_nat,mts_aggregate_1,2004,546.869
lva,sex_t,geo_cov_nat,mts_aggregate_1,2005,522.157
lva,sex_t,geo_cov_nat,mts_aggregate_1,2006,499.671
lva,sex_t,geo_cov_nat,mts_aggregate_1,2007,480.654
lva,sex_t,geo_cov_nat,mts_aggregate_1,2008,452.995
lva,sex_t,geo_cov_nat,mts_aggregate_1,2009,458.391
lva,sex_t,geo_cov_nat,mts_aggregate_1,2010,461.88
lva,sex_t,geo_cov_nat,mts_aggregate_1,2011,458.089
lva,sex_t,geo_cov_nat,mts_aggregate_1,2012,434.767
lva,sex_t,geo_cov_nat,mts_aggregate_1,2013,437.662
lva,sex_t,geo_cov_nat,mts_aggregate_1,2014,430.684
lva,sex_t,geo_cov_nat,mts_aggregate_1,2015,419.092
lva,sex_t,geo_cov_nat,mts_aggregate_1,2016,415.095
lva,sex_t,geo_cov_nat,mts_aggregate_1,2017,393.165
lva,sex_t,geo_cov_nat,mts_aggregate_1,2018,387.46
lva,sex_t,geo_cov_nat,mts_aggregate_1,2019,390.299
lva,sex_t,geo_cov_nat,mts_aggregate_1,2020,378.42
lva,sex_t,geo_cov_nat,mts_aggregate_2,2001,321.033
lva,sex_t,geo_cov_nat,mts_aggregate_2,2002,303.211
lva,sex_t,geo_cov_nat,mts_aggregate_2,2003,287.263
lva,sex_t,geo_cov_nat,mts_aggregate_2,2004,260.472
lva,sex_t,geo_cov_nat,mts_aggregate_2,2005,281.257
lva,sex_t,geo_cov_nat,mts_aggregate_2,2006,267.657
lva,sex_t,geo_cov_nat,mts_aggregate_2,2007,261.756
lva,sex_t,geo_cov_nat,mts_aggregate_2,2008,261.44
lva,sex_t,geo_cov_nat,mts_aggregate_2,2009,271.918
lva,sex_t,geo_cov_nat,mts_aggregate_2,2010,275.819
lva,sex_t,geo_cov_nat,mts_aggregate_2,2011,270.618
lva,sex_t,geo_cov_nat,mts_aggregate_2,2012,260.22
lva,sex_t,geo_cov_nat,mts_aggregate_2,2013,254.146
lva,sex_t,geo_cov_nat,mts_aggregate_2,2014,251.12
lva,sex_t,geo_cov_nat,mts_aggregate_2,2015,241.38
lva,sex_t,geo_cov_nat,mts_aggregate_2,2016,232.453
lva,sex_t,geo_cov_nat,mts_aggregate_2,2017,237.65
lva,sex_t,geo_cov_nat,mts_aggregate_2,2018,228.94
lva,sex_t,geo_cov_nat,mts_aggregate_2,2019,224.701
lva,sex_t,geo_cov_nat,mts_aggregate_2,2020,225.117
lva,sex_t,geo_cov_nat,mts_aggregate_total,2001,831.317
lva,sex_t,geo_cov_nat,mts_aggregate_total,2002,799.675
lva,sex_t,geo_cov_nat,mts_aggregate_total,2003,814.987
lva,sex_t,geo_cov_nat,mts_aggregate_total,2004,807.34
lva,sex_t,geo_cov_nat,mts_aggregate_total,2005,803.414
lva,sex_t,geo_cov_nat,mts_aggregate_total,2006,767.513
lva,sex_t,geo_cov_nat,mts_aggregate_total,2007,742.41
lva,sex_t,geo_cov_nat,mts_aggregate_total,2008,714.435
lva,sex_t,geo_cov_nat,mts_aggregate_total,2009,730.308
lva,sex_t,geo_cov_nat,mts_aggregate_total,2010,737.699
lva,sex_t,geo_cov_nat,mts_aggregate_total,2011,728.707
lva,sex_t,geo_cov_nat,mts_aggregate_total,2012,694.987
lva,sex_t,geo_cov_nat,mts_aggregate_total,2013,692.25
lva,sex_t,geo_cov_nat,mts_aggregate_total,2014,681.805
lva,sex_t,geo_cov_nat,mts_aggregate_total,2015,661.012
lva,sex_t,geo_cov_nat,mts_aggregate_total,2016,647.665
lva,sex_t,geo_cov_nat,mts_aggregate_total,2017,631.179
lva,sex_t,geo_cov_nat,mts_aggregate_total,2018,616.4
lva,sex_t,geo_cov_nat,mts_aggregate_total,2019,615.092
lva,sex_t,geo_cov_nat,mts_aggregate_total,2020,603.818
lva,sex_t,geo_cov_nat,mts_aggregate_x,2001,0.433
lva,sex_t,geo_cov_nat,mts_aggregate_x,2015,0.54
lva,sex_t,geo_cov_rur,mts_aggregate_1,2001,271.654
lva,sex_t,geo_cov_rur,mts_aggregate_1,2002,284.298
lva,sex_t,geo_cov_rur,mts_aggregate_1,2003,304.22
lva,sex_t,geo_cov_rur,mts_aggregate_1,2004,305.938
lva,sex_t,geo_cov_rur,mts_aggregate_1,2005,290.648
lva,sex_t,geo_cov_rur,mts_aggregate_1,2006,282.999
lva,sex_t,geo_cov_rur,mts_aggregate_1,2007,268.639
lva,sex_t,geo_cov_rur,mts_aggregate_1,2008,255.367
lva,sex_t,geo_cov_rur,mts_aggregate_1,2009,257.335
lva,sex_t,geo_cov_rur,mts_aggregate_1,2010,257.323
lva,sex_t,geo_cov_rur,mts_aggregate_1,2011,260.591
lva,sex_t,geo_cov_rur,mts_aggregate_1,2012,177.186
lva,sex_t,geo_cov_rur,mts_aggregate_1,2013,175.589
lva,sex_t,geo_cov_rur,mts_aggregate_1,2014,165.472
lva,sex_t,geo_cov_rur,mts_aggregate_1,2015,158.8
lva,sex_t,geo_cov_rur,mts_aggregate_1,2016,157.299
lva,sex_t,geo_cov_rur,mts_aggregate_1,2017,153.343
lva,sex_t,geo_cov_rur,mts_aggregate_1,2018,149.247
lva,sex_t,geo_cov_rur,mts_aggregate_1,2019,145.425
lva,sex_t,geo_cov_rur,mts_aggregate_1,2020,128.261
lva,sex_t,geo_cov_rur,mts_aggregate_2,2001,162.838
lva,sex_t,geo_cov_rur,mts_aggregate_2,2002,139.791
lva,sex_t,geo_cov_rur,mts_aggregate_2,2003,141.338
lva,sex_t,geo_cov_rur,mts_aggregate_2,2004,140.292
lva,sex_t,geo_cov_rur,mts_aggregate_2,2005,145.144
lva,sex_t,geo_cov_rur,mts_aggregate_2,2006,136.814
lva,sex_t,geo_cov_rur,mts_aggregate_2,2007,140.026
lva,sex_t,geo_cov_rur,mts_aggregate_2,2008,141.018
lva,sex_t,geo_cov_rur,mts_aggregate_2,2009,145.292
lva,sex_t,geo_cov_rur,mts_aggregate_2,2010,151.526
lva,sex_t,geo_cov_rur,mts_aggregate_2,2011,142.745
lva,sex_t,geo_cov_rur,mts_aggregate_2,2012,100.891
lva,sex_t,geo_cov_rur,mts_aggregate_2,2013,99.328
lva,sex_t,geo_cov_rur,mts_aggregate_2,2014,91.957
lva,sex_t,geo_cov_rur,mts_aggregate_2,2015,89.81
lva,sex_t,geo_cov_rur,mts_aggregate_2,2016,86.434
lva,sex_t,geo_cov_rur,mts_aggregate_2,2017,87.738
lva,sex_t,geo_cov_rur,mts_aggregate_2,2018,88.901
lva,sex_t,geo_cov_rur,mts_aggregate_2,2019,87.967
lva,sex_t,geo_cov_rur,mts_aggregate_2,2020,81.831
lva,sex_t,geo_cov_rur,mts_aggregate_total,2001,434.801
lva,sex_t,geo_cov_rur,mts_aggregate_total,2002,424.089
lva,sex_t,geo_cov_rur,mts_aggregate_total,2003,445.558
lva,sex_t,geo_cov_rur,mts_aggregate_total,2004,446.23
lva,sex_t,geo_cov_rur,mts_aggregate_total,2005,435.793
lva,sex_t,geo_cov_rur,mts_aggregate_total,2006,419.813
lva,sex_t,geo_cov_rur,mts_aggregate_total,2007,408.665
lva,sex_t,geo_cov_rur,mts_aggregate_total,2008,396.385
lva,sex_t,geo_cov_rur,mts_aggregate_total,2009,402.627
lva,sex_t,geo_cov_rur,mts_aggregate_total,2010,408.849
lva,sex_t,geo_cov_rur,mts_aggregate_total,2011,403.336
lva,sex_t,geo_cov_rur,mts_aggregate_total,2012,278.078
lva,sex_t,geo_cov_rur,mts_aggregate_total,2013,274.957
lva,sex_t,geo_cov_rur,mts_aggregate_total,2014,257.429
lva,sex_t,geo_cov_rur,mts_aggregate_total,2015,248.628
lva,sex_t,geo_cov_rur,mts_aggregate_total,2016,243.787
lva,sex_t,geo_cov_rur,mts_aggregate_total,2017,241.261
lva,sex_t,geo_cov_rur,mts_aggregate_total,2018,238.147
lva,sex_t,geo_cov_rur,mts_aggregate_total,2019,233.483
lva,sex_t,geo_cov_rur,mts_aggregate_total,2020,210.314
lva,sex_t,geo_cov_rur,mts_aggregate_x,2001,0.31
lva,sex_t,geo_cov_urb,mts_aggregate_1,2001,238.198
lva,sex_t,geo_cov_urb,mts_aggregate_1,2002,212.166
lva,sex_t,geo_cov_urb,mts_aggregate_1,2003,223.504
lva,sex_t,geo_cov_urb,mts_aggregate_1,2004,240.931
lva,sex_t,geo_cov_urb,mts_aggregate_1,2005,231.508
lva,sex_t,geo_cov_urb,mts_aggregate_1,2006,216.672
lva,sex_t,geo_cov_urb,mts_aggregate_1,2007,212.015
lva,sex_t,geo_cov_urb,mts_aggregate_1,2008,197.629
lva,sex_t,geo_cov_urb,mts_aggregate_1,2009,201.056
lva,sex_t,geo_cov_urb,mts_aggregate_1,2010,204.557
lva,sex_t,geo_cov_urb,mts_aggregate_1,2011,197.498
lva,sex_t,geo_cov_urb,mts_aggregate_1,2012,257.581
lva,sex_t,geo_cov_urb,mts_aggregate_1,2013,262.073
lva,sex_t,geo_cov_urb,mts_aggregate_1,2014,265.212
lva,sex_t,geo_cov_urb,mts_aggregate_1,2015,260.292
lva,sex_t,geo_cov_urb,mts_aggregate_1,2016,257.796
lva,sex_t,geo_cov_urb,mts_aggregate_1,2017,239.822
lva,sex_t,geo_cov_urb,mts_aggregate_1,2018,238.213
lva,sex_t,geo_cov_urb,mts_aggregate_1,2019,244.874
lva,sex_t,geo_cov_urb,mts_aggregate_1,2020,250.159
lva,sex_t,geo_cov_urb,mts_aggregate_2,2001,158.195
lva,sex_t,geo_cov_urb,mts_aggregate_2,2002,163.42
lva,sex_t,geo_cov_urb,mts_aggregate_2,2003,145.925
lva,sex_t,geo_cov_urb,mts_aggregate_2,2004,120.18
lva,sex_t,geo_cov_urb,mts_aggregate_2,2005,136.113
lva,sex_t,geo_cov_urb,mts_aggregate_2,2006,130.844
lva,sex_t,geo_cov_urb,mts_aggregate_2,2007,121.73
lva,sex_t,geo_cov_urb,mts_aggregate_2,2008,120.422
lva,sex_t,geo_cov_urb,mts_aggregate_2,2009,126.626
lva,sex_t,geo_cov_urb,mts_aggregate_2,2010,124.293
lva,sex_t,geo_cov_urb,mts_aggregate_2,2011,127.872
lva,sex_t,geo_cov_urb,mts_aggregate_2,2012,159.329
lva,sex_t,geo_cov_urb,mts_aggregate_2,2013,154.818
lva,sex_t,geo_cov_urb,mts_aggregate_2,2014,159.164
lva,sex_t,geo_cov_urb,mts_aggregate_2,2015,151.57
lva,sex_t,geo_cov_urb,mts_aggregate_2,2016,146.019
lva,sex_t,geo_cov_urb,mts_aggregate_2,2017,149.912
lva,sex_t,geo_cov_urb,mts_aggregate_2,2018,140.04
lva,sex_t,geo_cov_urb,mts_aggregate_2,2019,136.734
lva,sex_t,geo_cov_urb,mts_aggregate_2,2020,143.286
lva,sex_t,geo_cov_urb,mts_aggregate_total,2001,396.516
lva,sex_t,geo_cov_urb,mts_aggregate_total,2002,375.586
lva,sex_t,geo_cov_urb,mts_aggregate_total,2003,369.429
lva,sex_t,geo_cov_urb,mts_aggregate_total,2004,361.111
lva,sex_t,geo_cov_urb,mts_aggregate_total,2005,367.621
lva,sex_t,geo_cov_urb,mts_aggregate_total,2006,347.7
lva,sex_t,geo_cov_urb,mts_aggregate_total,2007,333.745
lva,sex_t,geo_cov_urb,mts_aggregate_total,2008,318.05
lva,sex_t,geo_cov_urb,mts_aggregate_total,2009,327.681
lva,sex_t,geo_cov_urb,mts_aggregate_total,2010,328.85
lva,sex_t,geo_cov_urb,mts_aggregate_total,2011,325.371
lva,sex_t,geo_cov_urb,mts_aggregate_total,2012,416.91
lva,sex_t,geo_cov_urb,mts_aggregate_total,2013,417.293
lva,sex_t,geo_cov_urb,mts_aggregate_total,2014,424.375
lva,sex_t,geo_cov_urb,mts_aggregate_total,2015,412.384
lva,sex_t,geo_cov_urb,mts_aggregate_total,2016,403.878
lva,sex_t,geo_cov_urb,mts_aggregate_total,2017,389.918
lva,sex_t,geo_cov_urb,mts_aggregate_total,2018,378.253
lva,sex_t,geo_cov_urb,mts_aggregate_total,2019,381.609
lva,sex_t,geo_cov_urb,mts_aggregate_total,2020,393.504
mdg,sex_f,geo_cov_nat,mts_aggregate_1,2001,600.42
mdg,sex_f,geo_cov_nat,mts_aggregate_1,2012,323.528
mdg,sex_f,geo_cov_nat,mts_aggregate_1,2015,715.03
mdg,sex_f,geo_cov_nat,mts_aggregate_2,2001,513.018
mdg,sex_f,geo_cov_nat,mts_aggregate_2,2012,161.501
mdg,sex_f,geo_cov_nat,mts_aggregate_2,2015,360.508
mdg,sex_f,geo_cov_nat,mts_aggregate_total,2001,1115.686
mdg,sex_f,geo_cov_nat,mts_aggregate_total,2012,485.029
mdg,sex_f,geo_cov_nat,mts_aggregate_total,2015,1075.539
mdg,sex_f,geo_cov_nat,mts_aggregate_x,2001,2.248
mdg,sex_f,geo_cov_nat,mts_details_mrd,2001,441.145
mdg,sex_f,geo_cov_nat,mts_details_mrd,2012,143.517
mdg,sex_f,geo_cov_nat,mts_details_mrd,2015,316.728
mdg,sex_f,geo_cov_nat,mts_details_sep,2001,51.433
mdg,sex_f,geo_cov_nat,mts_details_sep,2012,30.521
mdg,sex_f,geo_cov_nat,mts_details_sep,2015,49.842
mdg,sex_f,geo_cov_nat,mts_details_sgle,2001,393.422
mdg,sex_f,geo_cov_nat,mts_details_sgle,2012,182.305
mdg,sex_f,geo_cov_nat,mts_details_sgle,2015,529.315
mdg,sex_f,geo_cov_nat,mts_details_total,2001,1115.686
mdg,sex_f,geo_cov_nat,mts_details_total,2012,485.029
mdg,sex_f,geo_cov_nat,mts_details_total,2015,1075.539
mdg,sex_f,geo_cov_nat,mts_details_union,2001,71.873
mdg,sex_f,geo_cov_nat,mts_details_union,2012,17.985
mdg,sex_f,geo_cov_nat,mts_details_union,2015,43.78
mdg,sex_f,geo_cov_nat,mts_details_wid,2001,155.565
mdg,sex_f,geo_cov_nat,mts_details_wid,2012,110.702
mdg,sex_f,geo_cov_nat,mts_details_wid,2015,135.872
mdg,sex_f,geo_cov_nat,mts_details_x,2001,2.248
mdg,sex_f,geo_cov_rur,mts_aggregate_1,2001,321.744
mdg,sex_f,geo_cov_rur,mts_aggregate_1,2012,156.062
mdg,sex_f,geo_cov_rur,mts_aggregate_1,2015,442.848
mdg,sex_f,geo_cov_rur,mts_aggregate_2,2001,277.836
mdg,sex_f,geo_cov_rur,mts_aggregate_2,2012,63.7
mdg,sex_f,geo_cov_rur,mts_aggregate_2,2015,227.387
mdg,sex_f,geo_cov_rur,mts_aggregate_total,2001,600.488
mdg,sex_f,geo_cov_rur,mts_aggregate_total,2012,219.762
mdg,sex_f,geo_cov_rur,mts_aggregate_total,2015,670.235
mdg,sex_f,geo_cov_rur,mts_aggregate_x,2001,0.908
mdg,sex_f,geo_cov_rur,mts_details_mrd,2001,238.997
mdg,sex_f,geo_cov_rur,mts_details_mrd,2012,56.071
mdg,sex_f,geo_cov_rur,mts_details_mrd,2015,190.724
mdg,sex_f,geo_cov_rur,mts_details_sep,2001,32.522
mdg,sex_f,geo_cov_rur,mts_details_sep,2012,17.541
mdg,sex_f,geo_cov_rur,mts_details_sep,2015,27.146
mdg,sex_f,geo_cov_rur,mts_details_sgle,2001,187.552
mdg,sex_f,geo_cov_rur,mts_details_sgle,2012,66.744
mdg,sex_f,geo_cov_rur,mts_details_sgle,2015,328.906
mdg,sex_f,geo_cov_rur,mts_details_total,2001,600.488
mdg,sex_f,geo_cov_rur,mts_details_total,2012,219.762
mdg,sex_f,geo_cov_rur,mts_details_total,2015,670.235
mdg,sex_f,geo_cov_rur,mts_details_union,2001,38.839
mdg,sex_f,geo_cov_rur,mts_details_union,2012,7.63
mdg,sex_f,geo_cov_rur,mts_details_union,2015,36.663
mdg,sex_f,geo_cov_rur,mts_details_wid,2001,101.67
mdg,sex_f,geo_cov_rur,mts_details_wid,2012,71.776
mdg,sex_f,geo_cov_rur,mts_details_wid,2015,86.796
mdg,sex_f,geo_cov_rur,mts_details_x,2001,0.908
mdg,sex_f,geo_cov_urb,mts_aggregate_1,2001,278.676
mdg,sex_f,geo_cov_urb,mts_aggregate_1,2012,167.466
mdg,sex_f,geo_cov_urb,mts_aggregate_1,2015,272.182
mdg,sex_f,geo_cov_urb,mts_aggregate_2,2001,235.182
mdg,sex_f,geo_cov_urb,mts_aggregate_2,2012,97.801
mdg,sex_f,geo_cov_urb,mts_aggregate_2,2015,133.121
mdg,sex_f,geo_cov_urb,mts_aggregate_total,2001,515.198
mdg,sex_f,geo_cov_urb,mts_aggregate_total,2012,265.267
mdg,sex_f,geo_cov_urb,mts_aggregate_total,2015,405.303
mdg,sex_f,geo_cov_urb,mts_aggregate_x,2001,1.34
mdg,sex_f,geo_cov_urb,mts_details_mrd,2001,202.148
mdg,sex_f,geo_cov_urb,mts_details_mrd,2012,87.446
mdg,sex_f,geo_cov_urb,mts_details_mrd,2015,126.004
mdg,sex_f,geo_cov_urb,mts_details_sep,2001,18.911
mdg,sex_f,geo_cov_urb,mts_details_sep,2012,12.98
mdg,sex_f,geo_cov_urb,mts_details_sep,2015,22.697
mdg,sex_f,geo_cov_urb,mts_details_sgle,2001,205.87
mdg,sex_f,geo_cov_urb,mts_details_sgle,2012,115.561
mdg,sex_f,geo_cov_urb,mts_details_sgle,2015,200.409
mdg,sex_f,geo_cov_urb,mts_details_total,2001,515.198
mdg,sex_f,geo_cov_urb,mts_details_total,2012,265.267
mdg,sex_f,geo_cov_urb,mts_details_total,2015,405.303
mdg,sex_f,geo_cov_urb,mts_details_union,2001,33.034
mdg,sex_f,geo_cov_urb,mts_details_union,2012,10.355
mdg,sex_f,geo_cov_urb,mts_details_union,2015,7.117
mdg,sex_f,geo_cov_urb,mts_details_wid,2001,53.895
mdg,sex_f,geo_cov_urb,mts_details_wid,2012,38.926
mdg,sex_f,geo_cov_urb,mts_details_wid,2015,49.077
mdg,sex_f,geo_cov_urb,mts_details_x,2001,1.34
mdg,sex_m,geo_cov_nat,mts_aggregate_1,2001,467.493
mdg,sex_m,geo_cov_nat,mts_aggregate_1,2012,252.895
mdg,sex_m,geo_cov_nat,mts_aggregate_1,2015,592.656
mdg,sex_m,geo_cov_nat,mts_aggregate_2,2001,213.519
mdg,sex_m,geo_cov_nat,mts_aggregate_2,2012,83.413
mdg,sex_m,geo_cov_nat,mts_aggregate_2,2015,105.909
mdg,sex_m,geo_cov_nat,mts_aggregate_total,2001,690.908
mdg,sex_m,geo_cov_nat,mts_aggregate_total,2012,336.307
mdg,sex_m,geo_cov_nat,mts_aggregate_total,2015,698.566
mdg,sex_m,geo_cov_nat,mts_aggregate_x,2001,9.896
mdg,sex_m,geo_cov_nat,mts_details_mrd,2001,200.88
mdg,sex_m,geo_cov_nat,mts_details_mrd,2012,79.07
mdg,sex_m,geo_cov_nat,mts_details_mrd,2015,101.738
mdg,sex_m,geo_cov_nat,mts_details_sep,2001,16.712
mdg,sex_m,geo_cov_nat,mts_details_sep,2012,9.907
mdg,sex_m,geo_cov_nat,mts_details_sep,2015,20.219
mdg,sex_m,geo_cov_nat,mts_details_sgle,2001,409.771
mdg,sex_m,geo_cov_nat,mts_details_sgle,2012,211.686
mdg,sex_m,geo_cov_nat,mts_details_sgle,2015,526.303
mdg,sex_m,geo_cov_nat,mts_details_total,2001,690.908
mdg,sex_m,geo_cov_nat,mts_details_total,2012,336.307
mdg,sex_m,geo_cov_nat,mts_details_total,2015,698.566
mdg,sex_m,geo_cov_nat,mts_details_union,2001,12.639
mdg,sex_m,geo_cov_nat,mts_details_union,2012,4.343
mdg,sex_m,geo_cov_nat,mts_details_wid,2001,41.01
mdg,sex_m,geo_cov_nat,mts_details_wid,2012,31.302
mdg,sex_m,geo_cov_nat,mts_details_wid,2015,46.135
mdg,sex_m,geo_cov_nat,mts_details_x,2001,9.896
mdg,sex_m,geo_cov_rur,mts_aggregate_1,2001,277.861
mdg,sex_m,geo_cov_rur,mts_aggregate_1,2012,128.006
mdg,sex_m,geo_cov_rur,mts_aggregate_1,2015,374.519
mdg,sex_m,geo_cov_rur,mts_aggregate_2,2001,150.889
mdg,sex_m,geo_cov_rur,mts_aggregate_2,2012,43.911
mdg,sex_m,geo_cov_rur,mts_aggregate_2,2015,53.918
mdg,sex_m,geo_cov_rur,mts_aggregate_total,2001,434.046
mdg,sex_m,geo_cov_rur,mts_aggregate_total,2012,171.917
mdg,sex_m,geo_cov_rur,mts_aggregate_total,2015,428.436
mdg,sex_m,geo_cov_rur,mts_aggregate_x,2001,5.296
mdg,sex_m,geo_cov_rur,mts_details_mrd,2001,143.506
mdg,sex_m,geo_cov_rur,mts_details_mrd,2012,42.258
mdg,sex_m,geo_cov_rur,mts_details_mrd,2015,49.747
mdg,sex_m,geo_cov_rur,mts_details_sep,2001,12.706
mdg,sex_m,geo_cov_rur,mts_details_sep,2012,7.374
mdg,sex_m,geo_cov_rur,mts_details_sgle,2001,230.031
mdg,sex_m,geo_cov_rur,mts_details_sgle,2012,97.814
mdg,sex_m,geo_cov_rur,mts_details_sgle,2015,332.581
mdg,sex_m,geo_cov_rur,mts_details_total,2001,434.046
mdg,sex_m,geo_cov_rur,mts_details_total,2012,171.917
mdg,sex_m,geo_cov_rur,mts_details_total,2015,428.436
mdg,sex_m,geo_cov_rur,mts_details_union,2001,7.383
mdg,sex_m,geo_cov_rur,mts_details_union,2012,1.653
mdg,sex_m,geo_cov_rur,mts_details_wid,2001,35.124
mdg,sex_m,geo_cov_rur,mts_details_wid,2012,22.817
mdg,sex_m,geo_cov_rur,mts_details_wid,2015,33.629
mdg,sex_m,geo_cov_rur,mts_details_x,2001,5.296
mdg,sex_m,geo_cov_urb,mts_aggregate_1,2001,189.632
mdg,sex_m,geo_cov_urb,mts_aggregate_1,2012,124.889
mdg,sex_m,geo_cov_urb,mts_aggregate_1,2015,218.138
mdg,sex_m,geo_cov_urb,mts_aggregate_2,2001,62.63
mdg,sex_m,geo_cov_urb,mts_aggregate_2,2012,39.502
mdg,sex_m,geo_cov_urb,mts_aggregate_2,2015,51.992
mdg,sex_m,geo_cov_urb,mts_aggregate_total,2001,256.862
mdg,sex_m,geo_cov_urb,mts_aggregate_total,2012,164.391
mdg,sex_m,geo_cov_urb,mts_aggregate_total,2015,270.129
mdg,sex_m,geo_cov_urb,mts_aggregate_x,2001,4.6
mdg,sex_m,geo_cov_urb,mts_details_mrd,2001,57.374
mdg,sex_m,geo_cov_urb,mts_details_mrd,2012,36.812
mdg,sex_m,geo_cov_urb,mts_details_mrd,2015,51.992
mdg,sex_m,geo_cov_urb,mts_details_sep,2001,4.006
mdg,sex_m,geo_cov_urb,mts_details_sep,2012,2.533
mdg,sex_m,geo_cov_urb,mts_details_sep,2015,11.91
mdg,sex_m,geo_cov_urb,mts_details_sgle,2001,179.74
mdg,sex_m,geo_cov_urb,mts_details_sgle,2012,113.872
mdg,sex_m,geo_cov_urb,mts_details_sgle,2015,193.722
mdg,sex_m,geo_cov_urb,mts_details_total,2001,256.862
mdg,sex_m,geo_cov_urb,mts_details_total,2012,164.391
mdg,sex_m,geo_cov_urb,mts_details_total,2015,270.129
mdg,sex_m,geo_cov_urb,mts_details_union,2001,5.256
mdg,sex_m,geo_cov_urb,mts_details_union,2012,2.69
mdg,sex_m,geo_cov_urb,mts_details_wid,2001,5.886
mdg,sex_m,geo_cov_urb,mts_details_wid,2012,8.484
mdg,sex_m,geo_cov_urb,mts_details_wid,2015,12.506
mdg,sex_m,geo_cov_urb,mts_details_x,2001,4.6
mdg,sex_t,geo_cov_nat,mts_aggregate_1,2001,1067.913
mdg,sex_t,geo_cov_nat,mts_aggregate_1,2012,576.423
mdg,sex_t,geo_cov_nat,mts_aggregate_1,2015,1307.687
mdg,sex_t,geo_cov_nat,mts_aggregate_2,2001,726.537
mdg,sex_t,geo_cov_nat,mts_aggregate_2,2012,244.914
mdg,sex_t,geo_cov_nat,mts_aggregate_2,2015,466.418
mdg,sex_t,geo_cov_nat,mts_aggregate_total,2001,1806.594
mdg,sex_t,geo_cov_nat,mts_aggregate_total,2012,821.337
mdg,sex_t,geo_cov_nat,mts_aggregate_total,2015,1774.104
mdg,sex_t,geo_cov_nat,mts_aggregate_x,2001,12.144
mdg,sex_t,geo_cov_nat,mts_details_mrd,2001,642.025
mdg,sex_t,geo_cov_nat,mts_details_mrd,2012,222.586
mdg,sex_t,geo_cov_nat,mts_details_mrd,2015,418.466
mdg,sex_t,geo_cov_nat,mts_details_sep,2001,68.145
mdg,sex_t,geo_cov_nat,mts_details_sep,2012,40.428
mdg,sex_t,geo_cov_nat,mts_details_sep,2015,70.061
mdg,sex_t,geo_cov_nat,mts_details_sgle,2001,803.193
mdg,sex_t,geo_cov_nat,mts_details_sgle,2012,393.991
mdg,sex_t,geo_cov_nat,mts_details_sgle,2015,1055.618
mdg,sex_t,geo_cov_nat,mts_details_total,2001,1806.594
mdg,sex_t,geo_cov_nat,mts_details_total,2012,821.337
mdg,sex_t,geo_cov_nat,mts_details_total,2015,1774.104
mdg,sex_t,geo_cov_nat,mts_details_union,2001,84.512
mdg,sex_t,geo_cov_nat,mts_details_union,2012,22.328
mdg,sex_t,geo_cov_nat,mts_details_union,2015,47.951
mdg,sex_t,geo_cov_nat,mts_details_wid,2001,196.575
mdg,sex_t,geo_cov_nat,mts_details_wid,2012,142.004
mdg,sex_t,geo_cov_nat,mts_details_wid,2015,182.008
mdg,sex_t,geo_cov_nat,mts_details_x,2001,12.144
mdg,sex_t,geo_cov_rur,mts_aggregate_1,2001,599.605
mdg,sex_t,geo_cov_rur,mts_aggregate_1,2012,284.067
mdg,sex_t,geo_cov_rur,mts_aggregate_1,2015,817.366
mdg,sex_t,geo_cov_rur,mts_aggregate_2,2001,428.725
mdg,sex_t,geo_cov_rur,mts_aggregate_2,2012,107.612
mdg,sex_t,geo_cov_rur,mts_aggregate_2,2015,281.305
mdg,sex_t,geo_cov_rur,mts_aggregate_total,2001,1034.534
mdg,sex_t,geo_cov_rur,mts_aggregate_total,2012,391.679
mdg,sex_t,geo_cov_rur,mts_aggregate_total,2015,1098.671
mdg,sex_t,geo_cov_rur,mts_aggregate_x,2001,6.204
mdg,sex_t,geo_cov_rur,mts_details_mrd,2001,382.503
mdg,sex_t,geo_cov_rur,mts_details_mrd,2012,98.329
mdg,sex_t,geo_cov_rur,mts_details_mrd,2015,240.471
mdg,sex_t,geo_cov_rur,mts_details_sep,2001,45.228
mdg,sex_t,geo_cov_rur,mts_details_sep,2012,24.916
mdg,sex_t,geo_cov_rur,mts_details_sep,2015,35.455
mdg,sex_t,geo_cov_rur,mts_details_sgle,2001,417.583
mdg,sex_t,geo_cov_rur,mts_details_sgle,2012,164.558
mdg,sex_t,geo_cov_rur,mts_details_sgle,2015,661.487
mdg,sex_t,geo_cov_rur,mts_details_total,2001,1034.534
mdg,sex_t,geo_cov_rur,mts_details_total,2012,391.679
mdg,sex_t,geo_cov_rur,mts_details_total,2015,1098.671
mdg,sex_t,geo_cov_rur,mts_details_union,2001,46.222
mdg,sex_t,geo_cov_rur,mts_details_union,2012,9.283
mdg,sex_t,geo_cov_rur,mts_details_union,2015,40.834
mdg,sex_t,geo_cov_rur,mts_details_wid,2001,136.794
mdg,sex_t,geo_cov_rur,mts_details_wid,2012,94.594
mdg,sex_t,geo_cov_rur,mts_details_wid,2015,120.425
mdg,sex_t,geo_cov_rur,mts_details_x,2001,6.204
mdg,sex_t,geo_cov_urb,mts_aggregate_1,2001,468.308
mdg,sex_t,geo_cov_urb,mts_aggregate_1,2012,292.355
mdg,sex_t,geo_cov_urb,mts_aggregate_1,2015,490.32
mdg,sex_t,geo_cov_urb,mts_aggregate_2,2001,297.812
mdg,sex_t,geo_cov_urb,mts_aggregate_2,2012,137.303
mdg,sex_t,geo_cov_urb,mts_aggregate_2,2015,185.113
mdg,sex_t,geo_cov_urb,mts_aggregate_total,2001,772.06
mdg,sex_t,geo_cov_urb,mts_aggregate_total,2012,429.658
mdg,sex_t,geo_cov_urb,mts_aggregate_total,2015,675.433
mdg,sex_t,geo_cov_urb,mts_aggregate_x,2001,5.94
mdg,sex_t,geo_cov_urb,mts_details_mrd,2001,259.522
mdg,sex_t,geo_cov_urb,mts_details_mrd,2012,124.258
mdg,sex_t,geo_cov_urb,mts_details_mrd,2015,177.995
mdg,sex_t,geo_cov_urb,mts_details_sep,2001,22.917
mdg,sex_t,geo_cov_urb,mts_details_sep,2012,15.513
mdg,sex_t,geo_cov_urb,mts_details_sep,2015,34.606
mdg,sex_t,geo_cov_urb,mts_details_sgle,2001,385.61
mdg,sex_t,geo_cov_urb,mts_details_sgle,2012,229.433
mdg,sex_t,geo_cov_urb,mts_details_sgle,2015,394.131
mdg,sex_t,geo_cov_urb,mts_details_total,2001,772.06
mdg,sex_t,geo_cov_urb,mts_details_total,2012,429.658
mdg,sex_t,geo_cov_urb,mts_details_total,2015,675.433
mdg,sex_t,geo_cov_urb,mts_details_union,2001,38.29
mdg,sex_t,geo_cov_urb,mts_details_union,2012,13.045
mdg,sex_t,geo_cov_urb,mts_details_union,2015,7.117
mdg,sex_t,geo_cov_urb,mts_details_wid,2001,59.781
mdg,sex_t,geo_cov_urb,mts_details_wid,2012,47.41
mdg,sex_t,geo_cov_urb,mts_details_wid,2015,61.583
mdg,sex_t,geo_cov_urb,mts_details_x,2001,5.94
mex,sex_f,geo_cov_nat,mts_aggregate_1,2002,8495.678
mex,sex_f,geo_cov_nat,mts_aggregate_1,2003,8568.907
mex,sex_f,geo_cov_nat,mts_aggregate_1,2004,8813.28
mex,sex_f,geo_cov_nat,mts_aggregate_1,2005,8870.841
mex,sex_f,geo_cov_nat,mts_aggregate_1,2006,8899.688
mex,sex_f,geo_cov_nat,mts_aggregate_1,2007,9129.658
mex,sex_f,geo_cov_nat,mts_aggregate_1,2008,9305.576
mex,sex_f,geo_cov_nat,mts_aggregate_1,2009,9549.574
mex,sex_f,geo_cov_nat,mts_aggregate_1,2010,9772.598
mex,sex_f,geo_cov_nat,mts_aggregate_1,2011,9862.634
mex,sex_f,geo_cov_nat,mts_aggregate_1,2012,9921.523
mex,sex_f,geo_cov_nat,mts_aggregate_1,2013,10088.67
mex,sex_f,geo_cov_nat,mts_aggregate_1,2014,10289.233
mex,sex_f,geo_cov_nat,mts_aggregate_1,2015,10497.454
mex,sex_f,geo_cov_nat,mts_aggregate_1,2016,10714.101
mex,sex_f,geo_cov_nat,mts_aggregate_1,2017,11031.422
mex,sex_f,geo_cov_nat,mts_aggregate_1,2018,11097.785
mex,sex_f,geo_cov_nat,mts_aggregate_1,2019,11315.298
mex,sex_f,geo_cov_nat,mts_aggregate_1,2021,12602.573
mex,sex_f,geo_cov_nat,mts_aggregate_2,2002,14185.646
mex,sex_f,geo_cov_nat,mts_aggregate_2,2003,14245.87
mex,sex_f,geo_cov_nat,mts_aggregate_2,2004,14042.5
mex,sex_f,geo_cov_nat,mts_aggregate_2,2005,14267.103
mex,sex_f,geo_cov_nat,mts_aggregate_2,2006,14191.231
mex,sex_f,geo_cov_nat,mts_aggregate_2,2007,14321.954
mex,sex_f,geo_cov_nat,mts_aggregate_2,2008,14606.777
mex,sex_f,geo_cov_nat,mts_aggregate_2,2009,14645.302
mex,sex_f,geo_cov_nat,mts_aggregate_2,2010,14916.018
mex,sex_f,geo_cov_nat,mts_aggregate_2,2011,15104.48
mex,sex_f,geo_cov_nat,mts_aggregate_2,2012,15107.273
mex,sex_f,geo_cov_nat,mts_aggregate_2,2013,15257.977
mex,sex_f,geo_cov_nat,mts_aggregate_2,2014,15686.732
mex,sex_f,geo_cov_nat,mts_aggregate_2,2015,15804.746
mex,sex_f,geo_cov_nat,mts_aggregate_2,2016,16022.459
mex,sex_f,geo_cov_nat,mts_aggregate_2,2017,16403.506
mex,sex_f,geo_cov_nat,mts_aggregate_2,2018,16239.226
mex,sex_f,geo_cov_nat,mts_aggregate_2,2019,15979.678
mex,sex_f,geo_cov_nat,mts_aggregate_2,2021,16418.686
mex,sex_f,geo_cov_nat,mts_aggregate_total,2002,22682.263
mex,sex_f,geo_cov_nat,mts_aggregate_total,2003,22815.705
mex,sex_f,geo_cov_nat,mts_aggregate_total,2004,22856.227
mex,sex_f,geo_cov_nat,mts_aggregate_total,2005,23139.166
mex,sex_f,geo_cov_nat,mts_aggregate_total,2006,23092.127
mex,sex_f,geo_cov_nat,mts_aggregate_total,2007,23453.371
mex,sex_f,geo_cov_nat,mts_aggregate_total,2008,23913.994
mex,sex_f,geo_cov_nat,mts_aggregate_total,2009,24195.752
mex,sex_f,geo_cov_nat,mts_aggregate_total,2010,24690.677
mex,sex_f,geo_cov_nat,mts_aggregate_total,2011,24968.015
mex,sex_f,geo_cov_nat,mts_aggregate_total,2012,25029.568
mex,sex_f,geo_cov_nat,mts_aggregate_total,2013,25348.385
mex,sex_f,geo_cov_nat,mts_aggregate_total,2014,25978.286
mex,sex_f,geo_cov_nat,mts_aggregate_total,2015,26303.787
mex,sex_f,geo_cov_nat,mts_aggregate_total,2016,26744.716
mex,sex_f,geo_cov_nat,mts_aggregate_total,2017,27437.892
mex,sex_f,geo_cov_nat,mts_aggregate_total,2018,27338.86
mex,sex_f,geo_cov_nat,mts_aggregate_total,2019,27298.429
mex,sex_f,geo_cov_nat,mts_aggregate_total,2021,29024.671
mex,sex_f,geo_cov_nat,mts_aggregate_x,2002,0.939
mex,sex_f,geo_cov_nat,mts_aggregate_x,2003,0.929
mex,sex_f,geo_cov_nat,mts_aggregate_x,2004,0.446
mex,sex_f,geo_cov_nat,mts_aggregate_x,2005,1.222
mex,sex_f,geo_cov_nat,mts_aggregate_x,2006,1.208
mex,sex_f,geo_cov_nat,mts_aggregate_x,2007,1.759
mex,sex_f,geo_cov_nat,mts_aggregate_x,2008,1.642
mex,sex_f,geo_cov_nat,mts_aggregate_x,2009,0.876
mex,sex_f,geo_cov_nat,mts_aggregate_x,2010,2.061
mex,sex_f,geo_cov_nat,mts_aggregate_x,2011,0.9
mex,sex_f,geo_cov_nat,mts_aggregate_x,2012,0.773
mex,sex_f,geo_cov_nat,mts_aggregate_x,2013,1.738
mex,sex_f,geo_cov_nat,mts_aggregate_x,2014,2.321
mex,sex_f,geo_cov_nat,mts_aggregate_x,2015,1.587
mex,sex_f,geo_cov_nat,mts_aggregate_x,2016,8.156
mex,sex_f,geo_cov_nat,mts_aggregate_x,2017,2.964
mex,sex_f,geo_cov_nat,mts_aggregate_x,2018,1.85
mex,sex_f,geo_cov_nat,mts_aggregate_x,2019,3.453
mex,sex_f,geo_cov_nat,mts_aggregate_x,2021,3.412
mex,sex_f,geo_cov_nat,mts_details_mrd,2002,12017.896
mex,sex_f,geo_cov_nat,mts_details_mrd,2003,12007.454
mex,sex_f,geo_cov_nat,mts_details_mrd,2004,11550.348
mex,sex_f,geo_cov_nat,mts_details_mrd,2005,11546.015
mex,sex_f,geo_cov_nat,mts_details_mrd,2006,11379.371
mex,sex_f,geo_cov_nat,mts_details_mrd,2007,11414.901
mex,sex_f,geo_cov_nat,mts_details_mrd,2008,11474.161
mex,sex_f,geo_cov_nat,mts_details_mrd,2009,11529.535
mex,sex_f,geo_cov_nat,mts_details_mrd,2010,11507.936
mex,sex_f,geo_cov_nat,mts_details_mrd,2011,11466.881
mex,sex_f,geo_cov_nat,mts_details_mrd,2012,11333.547
mex,sex_f,geo_cov_nat,mts_details_mrd,2013,11455.281
mex,sex_f,geo_cov_nat,mts_details_mrd,2014,11680.731
mex,sex_f,geo_cov_nat,mts_details_mrd,2015,11718.222
mex,sex_f,geo_cov_nat,mts_details_mrd,2016,11795.114
mex,sex_f,geo_cov_nat,mts_details_mrd,2017,11947.038
mex,sex_f,geo_cov_nat,mts_details_mrd,2018,11791.176
mex,sex_f,geo_cov_nat,mts_details_mrd,2019,11545.769
mex,sex_f,geo_cov_nat,mts_details_mrd,2021,11749.366
mex,sex_f,geo_cov_nat,mts_details_sep,2002,683.474
mex,sex_f,geo_cov_nat,mts_details_sep,2003,713.651
mex,sex_f,geo_cov_nat,mts_details_sep,2004,773.919
mex,sex_f,geo_cov_nat,mts_details_sep,2005,764.596
mex,sex_f,geo_cov_nat,mts_details_sep,2006,775.163
mex,sex_f,geo_cov_nat,mts_details_sep,2007,786.494
mex,sex_f,geo_cov_nat,mts_details_sep,2008,780.787
mex,sex_f,geo_cov_nat,mts_details_sep,2009,833.934
mex,sex_f,geo_cov_nat,mts_details_sep,2010,880.676
mex,sex_f,geo_cov_nat,mts_details_sep,2011,917.55
mex,sex_f,geo_cov_nat,mts_details_sep,2012,893.004
mex,sex_f,geo_cov_nat,mts_details_sep,2013,885.205
mex,sex_f,geo_cov_nat,mts_details_sep,2014,962.919
mex,sex_f,geo_cov_nat,mts_details_sep,2015,1010.687
mex,sex_f,geo_cov_nat,mts_details_sep,2016,1069.24
mex,sex_f,geo_cov_nat,mts_details_sep,2017,1090.356
mex,sex_f,geo_cov_nat,mts_details_sep,2018,1077.939
mex,sex_f,geo_cov_nat,mts_details_sep,2019,1098.698
mex,sex_f,geo_cov_nat,mts_details_sep,2021,1343.214
mex,sex_f,geo_cov_nat,mts_details_sgle,2002,5821.813
mex,sex_f,geo_cov_nat,mts_details_sgle,2003,5788.063
mex,sex_f,geo_cov_nat,mts_details_sgle,2004,5981.696
mex,sex_f,geo_cov_nat,mts_details_sgle,2005,5990.458
mex,sex_f,geo_cov_nat,mts_details_sgle,2006,6020.814
mex,sex_f,geo_cov_nat,mts_details_sgle,2007,6136.896
mex,sex_f,geo_cov_nat,mts_details_sgle,2008,6283.48
mex,sex_f,geo_cov_nat,mts_details_sgle,2009,6465.378
mex,sex_f,geo_cov_nat,mts_details_sgle,2010,6617.697
mex,sex_f,geo_cov_nat,mts_details_sgle,2011,6582.181
mex,sex_f,geo_cov_nat,mts_details_sgle,2012,6589.449
mex,sex_f,geo_cov_nat,mts_details_sgle,2013,6749.925
mex,sex_f,geo_cov_nat,mts_details_sgle,2014,6830.781
mex,sex_f,geo_cov_nat,mts_details_sgle,2015,6948.649
mex,sex_f,geo_cov_nat,mts_details_sgle,2016,7066.87
mex,sex_f,geo_cov_nat,mts_details_sgle,2017,7306.948
mex,sex_f,geo_cov_nat,mts_details_sgle,2018,7361.637
mex,sex_f,geo_cov_nat,mts_details_sgle,2019,7386.858
mex,sex_f,geo_cov_nat,mts_details_sgle,2021,7974.376
mex,sex_f,geo_cov_nat,mts_details_total,2002,22682.263
mex,sex_f,geo_cov_nat,mts_details_total,2003,22815.705
mex,sex_f,geo_cov_nat,mts_details_total,2004,22856.227
mex,sex_f,geo_cov_nat,mts_details_total,2005,23139.166
mex,sex_f,geo_cov_nat,mts_details_total,2006,23092.127
mex,sex_f,geo_cov_nat,mts_details_total,2007,23453.371
mex,sex_f,geo_cov_nat,mts_details_total,2008,23913.994
mex,sex_f,geo_cov_nat,mts_details_total,2009,24195.752
mex,sex_f,geo_cov_nat,mts_details_total,2010,24690.677
mex,sex_f,geo_cov_nat,mts_details_total,2011,24968.015
mex,sex_f,geo_cov_nat,mts_details_total,2012,25029.568
mex,sex_f,geo_cov_nat,mts_details_total,2013,25348.385
mex,sex_f,geo_cov_nat,mts_details_total,2014,25978.286
mex,sex_f,geo_cov_nat,mts_details_total,2015,26303.787
mex,sex_f,geo_cov_nat,mts_details_total,2016,26744.716
mex,sex_f,geo_cov_nat,mts_details_total,2017,27437.892
mex,sex_f,geo_cov_nat,mts_details_total,2018,27338.86
mex,sex_f,geo_cov_nat,mts_details_total,2019,27298.429
mex,sex_f,geo_cov_nat,mts_details_total,2021,29024.671
mex,sex_f,geo_cov_nat,mts_details_union,2002,2167.75
mex,sex_f,geo_cov_nat,mts_details_union,2003,2238.416
mex,sex_f,geo_cov_nat,mts_details_union,2004,2492.152
mex,sex_f,geo_cov_nat,mts_details_union,2005,2721.088
mex,sex_f,geo_cov_nat,mts_details_union,2006,2811.86
mex,sex_f,geo_cov_nat,mts_details_union,2007,2907.053
mex,sex_f,geo_cov_nat,mts_details_union,2008,3132.616
mex,sex_f,geo_cov_nat,mts_details_union,2009,3115.767
mex,sex_f,geo_cov_nat,mts_details_union,2010,3408.082
mex,sex_f,geo_cov_nat,mts_details_union,2011,3637.6
mex,sex_f,geo_cov_nat,mts_details_union,2012,3773.726
mex,sex_f,geo_cov_nat,mts_details_union,2013,3802.697
mex,sex_f,geo_cov_nat,mts_details_union,2014,4006.002
mex,sex_f,geo_cov_nat,mts_details_union,2015,4086.524
mex,sex_f,geo_cov_nat,mts_details_union,2016,4227.345
mex,sex_f,geo_cov_nat,mts_details_union,2017,4456.468
mex,sex_f,geo_cov_nat,mts_details_union,2018,4448.05
mex,sex_f,geo_cov_nat,mts_details_union,2019,4433.909
mex,sex_f,geo_cov_nat,mts_details_union,2021,4669.32
mex,sex_f,geo_cov_nat,mts_details_wid,2002,1990.391
mex,sex_f,geo_cov_nat,mts_details_wid,2003,2067.193
mex,sex_f,geo_cov_nat,mts_details_wid,2004,2057.666
mex,sex_f,geo_cov_nat,mts_details_wid,2005,2115.787
mex,sex_f,geo_cov_nat,mts_details_wid,2006,2103.712
mex,sex_f,geo_cov_nat,mts_details_wid,2007,2206.269
mex,sex_f,geo_cov_nat,mts_details_wid,2008,2241.309
mex,sex_f,geo_cov_nat,mts_details_wid,2009,2250.263
mex,sex_f,geo_cov_nat,mts_details_wid,2010,2274.225
mex,sex_f,geo_cov_nat,mts_details_wid,2011,2362.904
mex,sex_f,geo_cov_nat,mts_details_wid,2012,2439.07
mex,sex_f,geo_cov_nat,mts_details_wid,2013,2453.541
mex,sex_f,geo_cov_nat,mts_details_wid,2014,2495.533
mex,sex_f,geo_cov_nat,mts_details_wid,2015,2538.118
mex,sex_f,geo_cov_nat,mts_details_wid,2016,2577.992
mex,sex_f,geo_cov_nat,mts_details_wid,2017,2634.119
mex,sex_f,geo_cov_nat,mts_details_wid,2018,2658.209
mex,sex_f,geo_cov_nat,mts_details_wid,2019,2829.742
mex,sex_f,geo_cov_nat,mts_details_wid,2021,3284.984
mex,sex_f,geo_cov_nat,mts_details_x,2002,0.939
mex,sex_f,geo_cov_nat,mts_details_x,2003,0.929
mex,sex_f,geo_cov_nat,mts_details_x,2004,0.446
mex,sex_f,geo_cov_nat,mts_details_x,2005,1.222
mex,sex_f,geo_cov_nat,mts_details_x,2006,1.208
mex,sex_f,geo_cov_nat,mts_details_x,2007,1.759
mex,sex_f,geo_cov_nat,mts_details_x,2008,1.642
mex,sex_f,geo_cov_nat,mts_details_x,2009,0.876
mex,sex_f,geo_cov_nat,mts_details_x,2010,2.061
mex,sex_f,geo_cov_nat,mts_details_x,2011,0.9
mex,sex_f,geo_cov_nat,mts_details_x,2012,0.773
mex,sex_f,geo_cov_nat,mts_details_x,2013,1.738
mex,sex_f,geo_cov_nat,mts_details_x,2014,2.321
mex,sex_f,geo_cov_nat,mts_details_x,2015,1.587
mex,sex_f,geo_cov_nat,mts_details_x,2016,8.156
mex,sex_f,geo_cov_nat,mts_details_x,2017,2.964
mex,sex_f,geo_cov_nat,mts_details_x,2018,1.85
mex,sex_f,geo_cov_nat,mts_details_x,2019,3.453
mex,sex_f,geo_cov_nat,mts_details_x,2021,3.412
mex,sex_f,geo_cov_rur,mts_aggregate_1,2002,1943.593
mex,sex_f,geo_cov_rur,mts_aggregate_1,2003,1985.79
mex,sex_f,geo_cov_rur,mts_aggregate_1,2004,1981.522
mex,sex_f,geo_cov_rur,mts_aggregate_1,2005,1933.132
mex,sex_f,geo_cov_rur,mts_aggregate_1,2006,1978.461
mex,sex_f,geo_cov_rur,mts_aggregate_1,2007,2036.099
mex,sex_f,geo_cov_rur,mts_aggregate_1,2008,2060.516
mex,sex_f,geo_cov_rur,mts_aggregate_1,2009,2065.927
mex,sex_f,geo_cov_rur,mts_aggregate_1,2010,2080.372
mex,sex_f,geo_cov_rur,mts_aggregate_1,2011,2110.231
mex,sex_f,geo_cov_rur,mts_aggregate_1,2012,2113.058
mex,sex_f,geo_cov_rur,mts_aggregate_1,2013,2183.01
mex,sex_f,geo_cov_rur,mts_aggregate_1,2014,2216.634
mex,sex_f,geo_cov_rur,mts_aggregate_1,2015,2177.457
mex,sex_f,geo_cov_rur,mts_aggregate_1,2016,2270.913
mex,sex_f,geo_cov_rur,mts_aggregate_1,2017,2331.943
mex,sex_f,geo_cov_rur,mts_aggregate_1,2018,2333.914
mex,sex_f,geo_cov_rur,mts_aggregate_1,2019,2348.219
mex,sex_f,geo_cov_rur,mts_aggregate_1,2021,2637.154
mex,sex_f,geo_cov_rur,mts_aggregate_2,2002,3783.988
mex,sex_f,geo_cov_rur,mts_aggregate_2,2003,3773.856
mex,sex_f,geo_cov_rur,mts_aggregate_2,2004,3803.326
mex,sex_f,geo_cov_rur,mts_aggregate_2,2005,3890.304
mex,sex_f,geo_cov_rur,mts_aggregate_2,2006,3996.677
mex,sex_f,geo_cov_rur,mts_aggregate_2,2007,4002.149
mex,sex_f,geo_cov_rur,mts_aggregate_2,2008,4122.098
mex,sex_f,geo_cov_rur,mts_aggregate_2,2009,4159.017
mex,sex_f,geo_cov_rur,mts_aggregate_2,2010,4231.46
mex,sex_f,geo_cov_rur,mts_aggregate_2,2011,4322.244
mex,sex_f,geo_cov_rur,mts_aggregate_2,2012,4334.511
mex,sex_f,geo_cov_rur,mts_aggregate_2,2013,4402.399
mex,sex_f,geo_cov_rur,mts_aggregate_2,2014,4469.523
mex,sex_f,geo_cov_rur,mts_aggregate_2,2015,4530.674
mex,sex_f,geo_cov_rur,mts_aggregate_2,2016,4656.416
mex,sex_f,geo_cov_rur,mts_aggregate_2,2017,4776.816
mex,sex_f,geo_cov_rur,mts_aggregate_2,2018,4721.247
mex,sex_f,geo_cov_rur,mts_aggregate_2,2019,4606.543
mex,sex_f,geo_cov_rur,mts_aggregate_2,2021,4702.502
mex,sex_f,geo_cov_rur,mts_aggregate_total,2002,5727.705
mex,sex_f,geo_cov_rur,mts_aggregate_total,2003,5760.065
mex,sex_f,geo_cov_rur,mts_aggregate_total,2004,5784.848
mex,sex_f,geo_cov_rur,mts_aggregate_total,2005,5823.436
mex,sex_f,geo_cov_rur,mts_aggregate_total,2006,5975.647
mex,sex_f,geo_cov_rur,mts_aggregate_total,2007,6038.925
mex,sex_f,geo_cov_rur,mts_aggregate_total,2008,6182.614
mex,sex_f,geo_cov_rur,mts_aggregate_total,2009,6225.367
mex,sex_f,geo_cov_rur,mts_aggregate_total,2010,6312.306
mex,sex_f,geo_cov_rur,mts_aggregate_total,2011,6432.821
mex,sex_f,geo_cov_rur,mts_aggregate_total,2012,6447.667
mex,sex_f,geo_cov_rur,mts_aggregate_total,2013,6586.394
mex,sex_f,geo_cov_rur,mts_aggregate_total,2014,6687.114
mex,sex_f,geo_cov_rur,mts_aggregate_total,2015,6708.791
mex,sex_f,geo_cov_rur,mts_aggregate_total,2016,6927.432
mex,sex_f,geo_cov_rur,mts_aggregate_total,2017,7109.28
mex,sex_f,geo_cov_rur,mts_aggregate_total,2018,7055.359
mex,sex_f,geo_cov_rur,mts_aggregate_total,2019,6954.761
mex,sex_f,geo_cov_rur,mts_aggregate_total,2021,7341.203
mex,sex_f,geo_cov_rur,mts_aggregate_x,2002,0.124
mex,sex_f,geo_cov_rur,mts_aggregate_x,2006,0.509
mex,sex_f,geo_cov_rur,mts_aggregate_x,2007,0.677
mex,sex_f,geo_cov_rur,mts_aggregate_x,2013,0.985
mex,sex_f,geo_cov_rur,mts_aggregate_x,2014,0.958
mex,sex_f,geo_cov_rur,mts_aggregate_x,2017,0.521
mex,sex_f,geo_cov_rur,mts_aggregate_x,2021,1.547
mex,sex_f,geo_cov_rur,mts_details_mrd,2002,3091.175
mex,sex_f,geo_cov_rur,mts_details_mrd,2003,3077.437
mex,sex_f,geo_cov_rur,mts_details_mrd,2004,2978.066
mex,sex_f,geo_cov_rur,mts_details_mrd,2005,2992.74
mex,sex_f,geo_cov_rur,mts_details_mrd,2006,3062.838
mex,sex_f,geo_cov_rur,mts_details_mrd,2007,3056.905
mex,sex_f,geo_cov_rur,mts_details_mrd,2008,3050.432
mex,sex_f,geo_cov_rur,mts_details_mrd,2009,3095.799
mex,sex_f,geo_cov_rur,mts_details_mrd,2010,3098.385
mex,sex_f,geo_cov_rur,mts_details_mrd,2011,3073.903
mex,sex_f,geo_cov_rur,mts_details_mrd,2012,3032.107
mex,sex_f,geo_cov_rur,mts_details_mrd,2013,3094.506
mex,sex_f,geo_cov_rur,mts_details_mrd,2014,3096.551
mex,sex_f,geo_cov_rur,mts_details_mrd,2015,3138.611
mex,sex_f,geo_cov_rur,mts_details_mrd,2016,3179.395
mex,sex_f,geo_cov_rur,mts_details_mrd,2017,3242.287
mex,sex_f,geo_cov_rur,mts_details_mrd,2018,3158.642
mex,sex_f,geo_cov_rur,mts_details_mrd,2019,3086.938
mex,sex_f,geo_cov_rur,mts_details_mrd,2021,3168.307
mex,sex_f,geo_cov_rur,mts_details_sep,2002,105.407
mex,sex_f,geo_cov_rur,mts_details_sep,2003,117.569
mex,sex_f,geo_cov_rur,mts_details_sep,2004,132.944
mex,sex_f,geo_cov_rur,mts_details_sep,2005,120.019
mex,sex_f,geo_cov_rur,mts_details_sep,2006,120.454
mex,sex_f,geo_cov_rur,mts_details_sep,2007,120.173
mex,sex_f,geo_cov_rur,mts_details_sep,2008,135.965
mex,sex_f,geo_cov_rur,mts_details_sep,2009,144.379
mex,sex_f,geo_cov_rur,mts_details_sep,2010,146.32
mex,sex_f,geo_cov_rur,mts_details_sep,2011,150.085
mex,sex_f,geo_cov_rur,mts_details_sep,2012,145.025
mex,sex_f,geo_cov_rur,mts_details_sep,2013,138.693
mex,sex_f,geo_cov_rur,mts_details_sep,2014,149.236
mex,sex_f,geo_cov_rur,mts_details_sep,2015,143.281
mex,sex_f,geo_cov_rur,mts_details_sep,2016,175.9
mex,sex_f,geo_cov_rur,mts_details_sep,2017,185.042
mex,sex_f,geo_cov_rur,mts_details_sep,2018,183.162
mex,sex_f,geo_cov_rur,mts_details_sep,2019,201.3
mex,sex_f,geo_cov_rur,mts_details_sep,2021,231.555
mex,sex_f,geo_cov_rur,mts_details_sgle,2002,1373.438
mex,sex_f,geo_cov_rur,mts_details_sgle,2003,1381.135
mex,sex_f,geo_cov_rur,mts_details_sgle,2004,1388.816
mex,sex_f,geo_cov_rur,mts_details_sgle,2005,1348.927
mex,sex_f,geo_cov_rur,mts_details_sgle,2006,1383.521
mex,sex_f,geo_cov_rur,mts_details_sgle,2007,1408.601
mex,sex_f,geo_cov_rur,mts_details_sgle,2008,1403.507
mex,sex_f,geo_cov_rur,mts_details_sgle,2009,1414.76
mex,sex_f,geo_cov_rur,mts_details_sgle,2010,1438.668
mex,sex_f,geo_cov_rur,mts_details_sgle,2011,1438.448
mex,sex_f,geo_cov_rur,mts_details_sgle,2012,1436.519
mex,sex_f,geo_cov_rur,mts_details_sgle,2013,1496.442
mex,sex_f,geo_cov_rur,mts_details_sgle,2014,1496.979
mex,sex_f,geo_cov_rur,mts_details_sgle,2015,1451.927
mex,sex_f,geo_cov_rur,mts_details_sgle,2016,1480.747
mex,sex_f,geo_cov_rur,mts_details_sgle,2017,1534.066
mex,sex_f,geo_cov_rur,mts_details_sgle,2018,1560.483
mex,sex_f,geo_cov_rur,mts_details_sgle,2019,1533.552
mex,sex_f,geo_cov_rur,mts_details_sgle,2021,1693.745
mex,sex_f,geo_cov_rur,mts_details_total,2002,5727.705
mex,sex_f,geo_cov_rur,mts_details_total,2003,5760.065
mex,sex_f,geo_cov_rur,mts_details_total,2004,5784.848
mex,sex_f,geo_cov_rur,mts_details_total,2005,5823.436
mex,sex_f,geo_cov_rur,mts_details_total,2006,5975.647
mex,sex_f,geo_cov_rur,mts_details_total,2007,6038.925
mex,sex_f,geo_cov_rur,mts_details_total,2008,6182.614
mex,sex_f,geo_cov_rur,mts_details_total,2009,6225.367
mex,sex_f,geo_cov_rur,mts_details_total,2010,6312.306
mex,sex_f,geo_cov_rur,mts_details_total,2011,6432.821
mex,sex_f,geo_cov_rur,mts_details_total,2012,6447.667
mex,sex_f,geo_cov_rur,mts_details_total,2013,6586.394
mex,sex_f,geo_cov_rur,mts_details_total,2014,6687.114
mex,sex_f,geo_cov_rur,mts_details_total,2015,6708.791
mex,sex_f,geo_cov_rur,mts_details_total,2016,6927.432
mex,sex_f,geo_cov_rur,mts_details_total,2017,7109.28
mex,sex_f,geo_cov_rur,mts_details_total,2018,7055.359
mex,sex_f,geo_cov_rur,mts_details_total,2019,6954.761
mex,sex_f,geo_cov_rur,mts_details_total,2021,7341.203
mex,sex_f,geo_cov_rur,mts_details_union,2002,692.813
mex,sex_f,geo_cov_rur,mts_details_union,2003,696.42
mex,sex_f,geo_cov_rur,mts_details_union,2004,825.26
mex,sex_f,geo_cov_rur,mts_details_union,2005,897.563
mex,sex_f,geo_cov_rur,mts_details_union,2006,933.84
mex,sex_f,geo_cov_rur,mts_details_union,2007,945.245
mex,sex_f,geo_cov_rur,mts_details_union,2008,1071.666
mex,sex_f,geo_cov_rur,mts_details_union,2009,1063.218
mex,sex_f,geo_cov_rur,mts_details_union,2010,1133.075
mex,sex_f,geo_cov_rur,mts_details_union,2011,1248.341
mex,sex_f,geo_cov_rur,mts_details_union,2012,1302.404
mex,sex_f,geo_cov_rur,mts_details_union,2013,1307.893
mex,sex_f,geo_cov_rur,mts_details_union,2014,1372.971
mex,sex_f,geo_cov_rur,mts_details_union,2015,1392.063
mex,sex_f,geo_cov_rur,mts_details_union,2016,1477.021
mex,sex_f,geo_cov_rur,mts_details_union,2017,1534.529
mex,sex_f,geo_cov_rur,mts_details_union,2018,1562.606
mex,sex_f,geo_cov_rur,mts_details_union,2019,1519.605
mex,sex_f,geo_cov_rur,mts_details_union,2021,1534.196
mex,sex_f,geo_cov_rur,mts_details_wid,2002,464.748
mex,sex_f,geo_cov_rur,mts_details_wid,2003,487.086
mex,sex_f,geo_cov_rur,mts_details_wid,2004,459.762
mex,sex_f,geo_cov_rur,mts_details_wid,2005,464.186
mex,sex_f,geo_cov_rur,mts_details_wid,2006,474.487
mex,sex_f,geo_cov_rur,mts_details_wid,2007,507.326
mex,sex_f,geo_cov_rur,mts_details_wid,2008,521.044
mex,sex_f,geo_cov_rur,mts_details_wid,2009,506.787
mex,sex_f,geo_cov_rur,mts_details_wid,2010,495.385
mex,sex_f,geo_cov_rur,mts_details_wid,2011,521.699
mex,sex_f,geo_cov_rur,mts_details_wid,2012,531.514
mex,sex_f,geo_cov_rur,mts_details_wid,2013,547.875
mex,sex_f,geo_cov_rur,mts_details_wid,2014,570.42
mex,sex_f,geo_cov_rur,mts_details_wid,2015,582.25
mex,sex_f,geo_cov_rur,mts_details_wid,2016,614.265
mex,sex_f,geo_cov_rur,mts_details_wid,2017,612.835
mex,sex_f,geo_cov_rur,mts_details_wid,2018,590.268
mex,sex_f,geo_cov_rur,mts_details_wid,2019,613.368
mex,sex_f,geo_cov_rur,mts_details_wid,2021,711.854
mex,sex_f,geo_cov_rur,mts_details_x,2002,0.124
mex,sex_f,geo_cov_rur,mts_details_x,2006,0.509
mex,sex_f,geo_cov_rur,mts_details_x,2007,0.677
mex,sex_f,geo_cov_rur,mts_details_x,2013,0.985
mex,sex_f,geo_cov_rur,mts_details_x,2014,0.958
mex,sex_f,geo_cov_rur,mts_details_x,2017,0.521
mex,sex_f,geo_cov_rur,mts_details_x,2021,1.547
mex,sex_f,geo_cov_urb,mts_aggregate_1,2002,6552.085
mex,sex_f,geo_cov_urb,mts_aggregate_1,2003,6583.117
mex,sex_f,geo_cov_urb,mts_aggregate_1,2004,6741.431
mex,sex_f,geo_cov_urb,mts_aggregate_1,2005,6937.709
mex,sex_f,geo_cov_urb,mts_aggregate_1,2006,6921.227
mex,sex_f,geo_cov_urb,mts_aggregate_1,2007,7093.559
mex,sex_f,geo_cov_urb,mts_aggregate_1,2008,7245.059
mex,sex_f,geo_cov_urb,mts_aggregate_1,2009,7483.648
mex,sex_f,geo_cov_urb,mts_aggregate_1,2010,7692.225
mex,sex_f,geo_cov_urb,mts_aggregate_1,2011,7752.404
mex,sex_f,geo_cov_urb,mts_aggregate_1,2012,7808.465
mex,sex_f,geo_cov_urb,mts_aggregate_1,2013,7905.66
mex,sex_f,geo_cov_urb,mts_aggregate_1,2014,8072.599
mex,sex_f,geo_cov_urb,mts_aggregate_1,2015,8319.996
mex,sex_f,geo_cov_urb,mts_aggregate_1,2016,8443.188
mex,sex_f,geo_cov_urb,mts_aggregate_1,2017,8699.48
mex,sex_f,geo_cov_urb,mts_aggregate_1,2018,8763.871
mex,sex_f,geo_cov_urb,mts_aggregate_1,2019,8967.08
mex,sex_f,geo_cov_urb,mts_aggregate_1,2021,9965.42
mex,sex_f,geo_cov_urb,mts_aggregate_2,2002,10401.659
mex,sex_f,geo_cov_urb,mts_aggregate_2,2003,10472.013
mex,sex_f,geo_cov_urb,mts_aggregate_2,2004,10164.455
mex,sex_f,geo_cov_urb,mts_aggregate_2,2005,10376.8
mex,sex_f,geo_cov_urb,mts_aggregate_2,2006,10194.554
mex,sex_f,geo_cov_urb,mts_aggregate_2,2007,10319.805
mex,sex_f,geo_cov_urb,mts_aggregate_2,2008,10484.679
mex,sex_f,geo_cov_urb,mts_aggregate_2,2009,10486.285
mex,sex_f,geo_cov_urb,mts_aggregate_2,2010,10684.559
mex,sex_f,geo_cov_urb,mts_aggregate_2,2011,10782.237
mex,sex_f,geo_cov_urb,mts_aggregate_2,2012,10772.762
mex,sex_f,geo_cov_urb,mts_aggregate_2,2013,10855.579
mex,sex_f,geo_cov_urb,mts_aggregate_2,2014,11217.21
mex,sex_f,geo_cov_urb,mts_aggregate_2,2015,11274.072
mex,sex_f,geo_cov_urb,mts_aggregate_2,2016,11366.044
mex,sex_f,geo_cov_urb,mts_aggregate_2,2017,11626.69
mex,sex_f,geo_cov_urb,mts_aggregate_2,2018,11517.978
mex,sex_f,geo_cov_urb,mts_aggregate_2,2019,11373.135
mex,sex_f,geo_cov_urb,mts_aggregate_2,2021,11716.184
mex,sex_f,geo_cov_urb,mts_aggregate_total,2002,16954.559
mex,sex_f,geo_cov_urb,mts_aggregate_total,2003,17055.641
mex,sex_f,geo_cov_urb,mts_aggregate_total,2004,16906.332
mex,sex_f,geo_cov_urb,mts_aggregate_total,2005,17315.731
mex,sex_f,geo_cov_urb,mts_aggregate_total,2006,17116.48
mex,sex_f,geo_cov_urb,mts_aggregate_total,2007,17414.446
mex,sex_f,geo_cov_urb,mts_aggregate_total,2008,17731.38
mex,sex_f,geo_cov_urb,mts_aggregate_total,2009,17970.384
mex,sex_f,geo_cov_urb,mts_aggregate_total,2010,18378.371
mex,sex_f,geo_cov_urb,mts_aggregate_total,2011,18535.194
mex,sex_f,geo_cov_urb,mts_aggregate_total,2012,18581.902
mex,sex_f,geo_cov_urb,mts_aggregate_total,2013,18761.992
mex,sex_f,geo_cov_urb,mts_aggregate_total,2014,19291.172
mex,sex_f,geo_cov_urb,mts_aggregate_total,2015,19594.996
mex,sex_f,geo_cov_urb,mts_aggregate_total,2016,19817.284
mex,sex_f,geo_cov_urb,mts_aggregate_total,2017,20328.613
mex,sex_f,geo_cov_urb,mts_aggregate_total,2018,20283.501
mex,sex_f,geo_cov_urb,mts_aggregate_total,2019,20343.668
mex,sex_f,geo_cov_urb,mts_aggregate_total,2021,21683.468
mex,sex_f,geo_cov_urb,mts_aggregate_x,2002,0.815
mex,sex_f,geo_cov_urb,mts_aggregate_x,2003,0.51
mex,sex_f,geo_cov_urb,mts_aggregate_x,2004,0.446
mex,sex_f,geo_cov_urb,mts_aggregate_x,2005,1.222
mex,sex_f,geo_cov_urb,mts_aggregate_x,2006,0.699
mex,sex_f,geo_cov_urb,mts_aggregate_x,2007,1.082
mex,sex_f,geo_cov_urb,mts_aggregate_x,2008,1.642
mex,sex_f,geo_cov_urb,mts_aggregate_x,2009,0.452
mex,sex_f,geo_cov_urb,mts_aggregate_x,2010,1.587
mex,sex_f,geo_cov_urb,mts_aggregate_x,2011,0.554
mex,sex_f,geo_cov_urb,mts_aggregate_x,2012,0.675
mex,sex_f,geo_cov_urb,mts_aggregate_x,2013,0.753
mex,sex_f,geo_cov_urb,mts_aggregate_x,2014,1.363
mex,sex_f,geo_cov_urb,mts_aggregate_x,2015,0.928
mex,sex_f,geo_cov_urb,mts_aggregate_x,2016,8.053
mex,sex_f,geo_cov_urb,mts_aggregate_x,2017,2.444
mex,sex_f,geo_cov_urb,mts_aggregate_x,2018,1.652
mex,sex_f,geo_cov_urb,mts_aggregate_x,2019,3.453
mex,sex_f,geo_cov_urb,mts_aggregate_x,2021,1.865
mex,sex_f,geo_cov_urb,mts_details_mrd,2002,8926.721
mex,sex_f,geo_cov_urb,mts_details_mrd,2003,8930.018
mex,sex_f,geo_cov_urb,mts_details_mrd,2004,8515.061
mex,sex_f,geo_cov_urb,mts_details_mrd,2005,8553.275
mex,sex_f,geo_cov_urb,mts_details_mrd,2006,8316.533
mex,sex_f,geo_cov_urb,mts_details_mrd,2007,8357.997
mex,sex_f,geo_cov_urb,mts_details_mrd,2008,8423.729
mex,sex_f,geo_cov_urb,mts_details_mrd,2009,8433.736
mex,sex_f,geo_cov_urb,mts_details_mrd,2010,8409.551
mex,sex_f,geo_cov_urb,mts_details_mrd,2011,8392.978
mex,sex_f,geo_cov_urb,mts_details_mrd,2012,8301.441
mex,sex_f,geo_cov_urb,mts_details_mrd,2013,8360.775
mex,sex_f,geo_cov_urb,mts_details_mrd,2014,8584.179
mex,sex_f,geo_cov_urb,mts_details_mrd,2015,8579.611
mex,sex_f,geo_cov_urb,mts_details_mrd,2016,8615.719
mex,sex_f,geo_cov_urb,mts_details_mrd,2017,8704.751
mex,sex_f,geo_cov_urb,mts_details_mrd,2018,8632.534
mex,sex_f,geo_cov_urb,mts_details_mrd,2019,8458.831
mex,sex_f,geo_cov_urb,mts_details_mrd,2021,8581.06
mex,sex_f,geo_cov_urb,mts_details_sep,2002,578.067
mex,sex_f,geo_cov_urb,mts_details_sep,2003,596.082
mex,sex_f,geo_cov_urb,mts_details_sep,2004,627.827
mex,sex_f,geo_cov_urb,mts_details_sep,2005,644.578
mex,sex_f,geo_cov_urb,mts_details_sep,2006,654.709
mex,sex_f,geo_cov_urb,mts_details_sep,2007,666.321
mex,sex_f,geo_cov_urb,mts_details_sep,2008,644.822
mex,sex_f,geo_cov_urb,mts_details_sep,2009,689.555
mex,sex_f,geo_cov_urb,mts_details_sep,2010,734.356
mex,sex_f,geo_cov_urb,mts_details_sep,2011,767.465
mex,sex_f,geo_cov_urb,mts_details_sep,2012,747.979
mex,sex_f,geo_cov_urb,mts_details_sep,2013,746.512
mex,sex_f,geo_cov_urb,mts_details_sep,2014,813.684
mex,sex_f,geo_cov_urb,mts_details_sep,2015,867.406
mex,sex_f,geo_cov_urb,mts_details_sep,2016,893.339
mex,sex_f,geo_cov_urb,mts_details_sep,2017,905.314
mex,sex_f,geo_cov_urb,mts_details_sep,2018,894.776
mex,sex_f,geo_cov_urb,mts_details_sep,2019,897.399
mex,sex_f,geo_cov_urb,mts_details_sep,2021,1111.659
mex,sex_f,geo_cov_urb,mts_details_sgle,2002,4448.375
mex,sex_f,geo_cov_urb,mts_details_sgle,2003,4406.928
mex,sex_f,geo_cov_urb,mts_details_sgle,2004,4525.173
mex,sex_f,geo_cov_urb,mts_details_sgle,2005,4641.531
mex,sex_f,geo_cov_urb,mts_details_sgle,2006,4637.293
mex,sex_f,geo_cov_urb,mts_details_sgle,2007,4728.295
mex,sex_f,geo_cov_urb,mts_details_sgle,2008,4879.973
mex,sex_f,geo_cov_urb,mts_details_sgle,2009,5050.618
mex,sex_f,geo_cov_urb,mts_details_sgle,2010,5179.029
mex,sex_f,geo_cov_urb,mts_details_sgle,2011,5143.733
mex,sex_f,geo_cov_urb,mts_details_sgle,2012,5152.93
mex,sex_f,geo_cov_urb,mts_details_sgle,2013,5253.483
mex,sex_f,geo_cov_urb,mts_details_sgle,2014,5333.802
mex,sex_f,geo_cov_urb,mts_details_sgle,2015,5496.722
mex,sex_f,geo_cov_urb,mts_details_sgle,2016,5586.123
mex,sex_f,geo_cov_urb,mts_details_sgle,2017,5772.882
mex,sex_f,geo_cov_urb,mts_details_sgle,2018,5801.154
mex,sex_f,geo_cov_urb,mts_details_sgle,2019,5853.307
mex,sex_f,geo_cov_urb,mts_details_sgle,2021,6280.632
mex,sex_f,geo_cov_urb,mts_details_total,2002,16954.559
mex,sex_f,geo_cov_urb,mts_details_total,2003,17055.641
mex,sex_f,geo_cov_urb,mts_details_total,2004,16906.332
mex,sex_f,geo_cov_urb,mts_details_total,2005,17315.731
mex,sex_f,geo_cov_urb,mts_details_total,2006,17116.48
mex,sex_f,geo_cov_urb,mts_details_total,2007,17414.446
mex,sex_f,geo_cov_urb,mts_details_total,2008,17731.38
mex,sex_f,geo_cov_urb,mts_details_total,2009,17970.384
mex,sex_f,geo_cov_urb,mts_details_total,2010,18378.371
mex,sex_f,geo_cov_urb,mts_details_total,2011,18535.194
mex,sex_f,geo_cov_urb,mts_details_total,2012,18581.902
mex,sex_f,geo_cov_urb,mts_details_total,2013,18761.992
mex,sex_f,geo_cov_urb,mts_details_total,2014,19291.172
mex,sex_f,geo_cov_urb,mts_details_total,2015,19594.996
mex,sex_f,geo_cov_urb,mts_details_total,2016,19817.284
mex,sex_f,geo_cov_urb,mts_details_total,2017,20328.613
mex,sex_f,geo_cov_urb,mts_details_total,2018,20283.501
mex,sex_f,geo_cov_urb,mts_details_total,2019,20343.668
mex,sex_f,geo_cov_urb,mts_details_total,2021,21683.468
mex,sex_f,geo_cov_urb,mts_details_union,2002,1474.938
mex,sex_f,geo_cov_urb,mts_details_union,2003,1541.996
mex,sex_f,geo_cov_urb,mts_details_union,2004,1649.394
mex,sex_f,geo_cov_urb,mts_details_union,2005,1823.525
mex,sex_f,geo_cov_urb,mts_details_union,2006,1878.021
mex,sex_f,geo_cov_urb,mts_details_union,2007,1961.809
mex,sex_f,geo_cov_urb,mts_details_union,2008,2060.949
mex,sex_f,geo_cov_urb,mts_details_union,2009,2052.549
mex,sex_f,geo_cov_urb,mts_details_union,2010,2275.008
mex,sex_f,geo_cov_urb,mts_details_union,2011,2389.259
mex,sex_f,geo_cov_urb,mts_details_union,2012,2471.321
mex,sex_f,geo_cov_urb,mts_details_union,2013,2494.804
mex,sex_f,geo_cov_urb,mts_details_union,2014,2633.031
mex,sex_f,geo_cov_urb,mts_details_union,2015,2694.461
mex,sex_f,geo_cov_urb,mts_details_union,2016,2750.325
mex,sex_f,geo_cov_urb,mts_details_union,2017,2921.939
mex,sex_f,geo_cov_urb,mts_details_union,2018,2885.444
mex,sex_f,geo_cov_urb,mts_details_union,2019,2914.304
mex,sex_f,geo_cov_urb,mts_details_union,2021,3135.125
mex,sex_f,geo_cov_urb,mts_details_wid,2002,1525.644
mex,sex_f,geo_cov_urb,mts_details_wid,2003,1580.107
mex,sex_f,geo_cov_urb,mts_details_wid,2004,1588.431
mex,sex_f,geo_cov_urb,mts_details_wid,2005,1651.6
mex,sex_f,geo_cov_urb,mts_details_wid,2006,1629.225
mex,sex_f,geo_cov_urb,mts_details_wid,2007,1698.943
mex,sex_f,geo_cov_urb,mts_details_wid,2008,1720.265
mex,sex_f,geo_cov_urb,mts_details_wid,2009,1743.476
mex,sex_f,geo_cov_urb,mts_details_wid,2010,1778.841
mex,sex_f,geo_cov_urb,mts_details_wid,2011,1841.205
mex,sex_f,geo_cov_urb,mts_details_wid,2012,1907.556
mex,sex_f,geo_cov_urb,mts_details_wid,2013,1905.665
mex,sex_f,geo_cov_urb,mts_details_wid,2014,1925.113
mex,sex_f,geo_cov_urb,mts_details_wid,2015,1955.868
mex,sex_f,geo_cov_urb,mts_details_wid,2016,1963.726
mex,sex_f,geo_cov_urb,mts_details_wid,2017,2021.284
mex,sex_f,geo_cov_urb,mts_details_wid,2018,2067.941
mex,sex_f,geo_cov_urb,mts_details_wid,2019,2216.374
mex,sex_f,geo_cov_urb,mts_details_wid,2021,2573.13
mex,sex_f,geo_cov_urb,mts_details_x,2002,0.815
mex,sex_f,geo_cov_urb,mts_details_x,2003,0.51
mex,sex_f,geo_cov_urb,mts_details_x,2004,0.446
mex,sex_f,geo_cov_urb,mts_details_x,2005,1.222
mex,sex_f,geo_cov_urb,mts_details_x,2006,0.699
mex,sex_f,geo_cov_urb,mts_details_x,2007,1.082
mex,sex_f,geo_cov_urb,mts_details_x,2008,1.642
mex,sex_f,geo_cov_urb,mts_details_x,2009,0.452
mex,sex_f,geo_cov_urb,mts_details_x,2010,1.587
mex,sex_f,geo_cov_urb,mts_details_x,2011,0.554
mex,sex_f,geo_cov_urb,mts_details_x,2012,0.675
mex,sex_f,geo_cov_urb,mts_details_x,2013,0.753
mex,sex_f,geo_cov_urb,mts_details_x,2014,1.363
mex,sex_f,geo_cov_urb,mts_details_x,2015,0.928
mex,sex_f,geo_cov_urb,mts_details_x,2016,8.053
mex,sex_f,geo_cov_urb,mts_details_x,2017,2.444
mex,sex_f,geo_cov_urb,mts_details_x,2018,1.652
mex,sex_f,geo_cov_urb,mts_details_x,2019,3.453
mex,sex_f,geo_cov_urb,mts_details_x,2021,1.865
mex,sex_f,geo_cov_x,mts_aggregate_1,2004,90.328
mex,sex_f,geo_cov_x,mts_aggregate_2,2004,74.72
mex,sex_f,geo_cov_x,mts_aggregate_total,2004,165.047
mex,sex_f,geo_cov_x,mts_details_mrd,2004,57.222
mex,sex_f,geo_cov_x,mts_details_sep,2004,13.149
mex,sex_f,geo_cov_x,mts_details_sgle,2004,67.707
mex,sex_f,geo_cov_x,mts_details_total,2004,165.047
mex,sex_f,geo_cov_x,mts_details_union,2004,17.498
mex,sex_f,geo_cov_x,mts_details_wid,2004,9.472
mex,sex_m,geo_cov_nat,mts_aggregate_1,2002,4496.777
mex,sex_m,geo_cov_nat,mts_aggregate_1,2003,4582.017
mex,sex_m,geo_cov_nat,mts_aggregate_1,2004,4637.962
mex,sex_m,geo_cov_nat,mts_aggregate_1,2005,4611.149
mex,sex_m,geo_cov_nat,mts_aggregate_1,2006,4552.736
mex,sex_m,geo_cov_nat,mts_aggregate_1,2007,4707.944
mex,sex_m,geo_cov_nat,mts_aggregate_1,2008,4886.749
mex,sex_m,geo_cov_nat,mts_aggregate_1,2009,5273.066
mex,sex_m,geo_cov_nat,mts_aggregate_1,2010,5409.583
mex,sex_m,geo_cov_nat,mts_aggregate_1,2011,5595.753
mex,sex_m,geo_cov_nat,mts_aggregate_1,2012,5580.641
mex,sex_m,geo_cov_nat,mts_aggregate_1,2013,5689.781
mex,sex_m,geo_cov_nat,mts_aggregate_1,2014,5858.283
mex,sex_m,geo_cov_nat,mts_aggregate_1,2015,6031.885
mex,sex_m,geo_cov_nat,mts_aggregate_1,2016,6225.144
mex,sex_m,geo_cov_nat,mts_aggregate_1,2017,6276.838
mex,sex_m,geo_cov_nat,mts_aggregate_1,2018,6365.796
mex,sex_m,geo_cov_nat,mts_aggregate_1,2019,6443.97
mex,sex_m,geo_cov_nat,mts_aggregate_1,2021,7036.361
mex,sex_m,geo_cov_nat,mts_aggregate_2,2002,2069.925
mex,sex_m,geo_cov_nat,mts_aggregate_2,2003,2119.123
mex,sex_m,geo_cov_nat,mts_aggregate_2,2004,2156.619
mex,sex_m,geo_cov_nat,mts_aggregate_2,2005,2158.195
mex,sex_m,geo_cov_nat,mts_aggregate_2,2006,2177.331
mex,sex_m,geo_cov_nat,mts_aggregate_2,2007,2303.91
mex,sex_m,geo_cov_nat,mts_aggregate_2,2008,2452.36
mex,sex_m,geo_cov_nat,mts_aggregate_2,2009,2680.517
mex,sex_m,geo_cov_nat,mts_aggregate_2,2010,2830.417
mex,sex_m,geo_cov_nat,mts_aggregate_2,2011,2914.084
mex,sex_m,geo_cov_nat,mts_aggregate_2,2012,2951.451
mex,sex_m,geo_cov_nat,mts_aggregate_2,2013,3079.704
mex,sex_m,geo_cov_nat,mts_aggregate_2,2014,3117.129
mex,sex_m,geo_cov_nat,mts_aggregate_2,2015,3226.539
mex,sex_m,geo_cov_nat,mts_aggregate_2,2016,3291.366
mex,sex_m,geo_cov_nat,mts_aggregate_2,2017,3419.522
mex,sex_m,geo_cov_nat,mts_aggregate_2,2018,3503.349
mex,sex_m,geo_cov_nat,mts_aggregate_2,2019,3708.873
mex,sex_m,geo_cov_nat,mts_aggregate_2,2021,4219.929
mex,sex_m,geo_cov_nat,mts_aggregate_total,2002,6567.772
mex,sex_m,geo_cov_nat,mts_aggregate_total,2003,6702.987
mex,sex_m,geo_cov_nat,mts_aggregate_total,2004,6795.351
mex,sex_m,geo_cov_nat,mts_aggregate_total,2005,6771.15
mex,sex_m,geo_cov_nat,mts_aggregate_total,2006,6731.441
mex,sex_m,geo_cov_nat,mts_aggregate_total,2007,7013.071
mex,sex_m,geo_cov_nat,mts_aggregate_total,2008,7339.484
mex,sex_m,geo_cov_nat,mts_aggregate_total,2009,7954.291
mex,sex_m,geo_cov_nat,mts_aggregate_total,2010,8240.688
mex,sex_m,geo_cov_nat,mts_aggregate_total,2011,8510.371
mex,sex_m,geo_cov_nat,mts_aggregate_total,2012,8533.412
mex,sex_m,geo_cov_nat,mts_aggregate_total,2013,8769.942
mex,sex_m,geo_cov_nat,mts_aggregate_total,2014,8976.896
mex,sex_m,geo_cov_nat,mts_aggregate_total,2015,9259.836
mex,sex_m,geo_cov_nat,mts_aggregate_total,2016,9517.355
mex,sex_m,geo_cov_nat,mts_aggregate_total,2017,9698.148
mex,sex_m,geo_cov_nat,mts_aggregate_total,2018,9871.456
mex,sex_m,geo_cov_nat,mts_aggregate_total,2019,10153.326
mex,sex_m,geo_cov_nat,mts_aggregate_total,2021,11258.439
mex,sex_m,geo_cov_nat,mts_aggregate_x,2002,1.069
mex,sex_m,geo_cov_nat,mts_aggregate_x,2003,1.847
mex,sex_m,geo_cov_nat,mts_aggregate_x,2004,0.771
mex,sex_m,geo_cov_nat,mts_aggregate_x,2005,1.806
mex,sex_m,geo_cov_nat,mts_aggregate_x,2006,1.374
mex,sex_m,geo_cov_nat,mts_aggregate_x,2007,1.217
mex,sex_m,geo_cov_nat,mts_aggregate_x,2009,0.708
mex,sex_m,geo_cov_nat,mts_aggregate_x,2010,0.688
mex,sex_m,geo_cov_nat,mts_aggregate_x,2011,0.534
mex,sex_m,geo_cov_nat,mts_aggregate_x,2012,1.32
mex,sex_m,geo_cov_nat,mts_aggregate_x,2013,0.458
mex,sex_m,geo_cov_nat,mts_aggregate_x,2014,1.484
mex,sex_m,geo_cov_nat,mts_aggregate_x,2015,1.413
mex,sex_m,geo_cov_nat,mts_aggregate_x,2016,0.846
mex,sex_m,geo_cov_nat,mts_aggregate_x,2017,1.788
mex,sex_m,geo_cov_nat,mts_aggregate_x,2018,2.312
mex,sex_m,geo_cov_nat,mts_aggregate_x,2019,0.483
mex,sex_m,geo_cov_nat,mts_aggregate_x,2021,2.149
mex,sex_m,geo_cov_nat,mts_details_mrd,2002,1875.611
mex,sex_m,geo_cov_nat,mts_details_mrd,2003,1911.848
mex,sex_m,geo_cov_nat,mts_details_mrd,2004,1911.418
mex,sex_m,geo_cov_nat,mts_details_mrd,2005,1938.158
mex,sex_m,geo_cov_nat,mts_details_mrd,2006,1952.333
mex,sex_m,geo_cov_nat,mts_details_mrd,2007,2058.673
mex,sex_m,geo_cov_nat,mts_details_mrd,2008,2172.801
mex,sex_m,geo_cov_nat,mts_details_mrd,2009,2366.641
mex,sex_m,geo_cov_nat,mts_details_mrd,2010,2488.404
mex,sex_m,geo_cov_nat,mts_details_mrd,2011,2552.211
mex,sex_m,geo_cov_nat,mts_details_mrd,2012,2575.015
mex,sex_m,geo_cov_nat,mts_details_mrd,2013,2674.883
mex,sex_m,geo_cov_nat,mts_details_mrd,2014,2699.934
mex,sex_m,geo_cov_nat,mts_details_mrd,2015,2802.268
mex,sex_m,geo_cov_nat,mts_details_mrd,2016,2854.251
mex,sex_m,geo_cov_nat,mts_details_mrd,2017,2950.661
mex,sex_m,geo_cov_nat,mts_details_mrd,2018,3037.468
mex,sex_m,geo_cov_nat,mts_details_mrd,2019,3191.615
mex,sex_m,geo_cov_nat,mts_details_mrd,2021,3590.907
mex,sex_m,geo_cov_nat,mts_details_sep,2002,160.302
mex,sex_m,geo_cov_nat,mts_details_sep,2003,160.156
mex,sex_m,geo_cov_nat,mts_details_sep,2004,194.039
mex,sex_m,geo_cov_nat,mts_details_sep,2005,160.337
mex,sex_m,geo_cov_nat,mts_details_sep,2006,144.572
mex,sex_m,geo_cov_nat,mts_details_sep,2007,163.774
mex,sex_m,geo_cov_nat,mts_details_sep,2008,166.067
mex,sex_m,geo_cov_nat,mts_details_sep,2009,180.272
mex,sex_m,geo_cov_nat,mts_details_sep,2010,218.284
mex,sex_m,geo_cov_nat,mts_details_sep,2011,226.556
mex,sex_m,geo_cov_nat,mts_details_sep,2012,218.684
mex,sex_m,geo_cov_nat,mts_details_sep,2013,217.783
mex,sex_m,geo_cov_nat,mts_details_sep,2014,230.315
mex,sex_m,geo_cov_nat,mts_details_sep,2015,232.677
mex,sex_m,geo_cov_nat,mts_details_sep,2016,260.109
mex,sex_m,geo_cov_nat,mts_details_sep,2017,257.829
mex,sex_m,geo_cov_nat,mts_details_sep,2018,282.824
mex,sex_m,geo_cov_nat,mts_details_sep,2019,304.934
mex,sex_m,geo_cov_nat,mts_details_sep,2021,418.229
mex,sex_m,geo_cov_nat,mts_details_sgle,2002,3993.356
mex,sex_m,geo_cov_nat,mts_details_sgle,2003,4065.198
mex,sex_m,geo_cov_nat,mts_details_sgle,2004,4067.39
mex,sex_m,geo_cov_nat,mts_details_sgle,2005,4062.861
mex,sex_m,geo_cov_nat,mts_details_sgle,2006,4010.815
mex,sex_m,geo_cov_nat,mts_details_sgle,2007,4130.44
mex,sex_m,geo_cov_nat,mts_details_sgle,2008,4291.155
mex,sex_m,geo_cov_nat,mts_details_sgle,2009,4635.175
mex,sex_m,geo_cov_nat,mts_details_sgle,2010,4724.485
mex,sex_m,geo_cov_nat,mts_details_sgle,2011,4872.362
mex,sex_m,geo_cov_nat,mts_details_sgle,2012,4860.776
mex,sex_m,geo_cov_nat,mts_details_sgle,2013,4979.567
mex,sex_m,geo_cov_nat,mts_details_sgle,2014,5106.011
mex,sex_m,geo_cov_nat,mts_details_sgle,2015,5270.974
mex,sex_m,geo_cov_nat,mts_details_sgle,2016,5377.594
mex,sex_m,geo_cov_nat,mts_details_sgle,2017,5456.596
mex,sex_m,geo_cov_nat,mts_details_sgle,2018,5485.854
mex,sex_m,geo_cov_nat,mts_details_sgle,2019,5499.653
mex,sex_m,geo_cov_nat,mts_details_sgle,2021,5941.846
mex,sex_m,geo_cov_nat,mts_details_total,2002,6567.772
mex,sex_m,geo_cov_nat,mts_details_total,2003,6702.987
mex,sex_m,geo_cov_nat,mts_details_total,2004,6795.351
mex,sex_m,geo_cov_nat,mts_details_total,2005,6771.15
mex,sex_m,geo_cov_nat,mts_details_total,2006,6731.441
mex,sex_m,geo_cov_nat,mts_details_total,2007,7013.071
mex,sex_m,geo_cov_nat,mts_details_total,2008,7339.484
mex,sex_m,geo_cov_nat,mts_details_total,2009,7954.291
mex,sex_m,geo_cov_nat,mts_details_total,2010,8240.688
mex,sex_m,geo_cov_nat,mts_details_total,2011,8510.371
mex,sex_m,geo_cov_nat,mts_details_total,2012,8533.412
mex,sex_m,geo_cov_nat,mts_details_total,2013,8769.942
mex,sex_m,geo_cov_nat,mts_details_total,2014,8976.896
mex,sex_m,geo_cov_nat,mts_details_total,2015,9259.836
mex,sex_m,geo_cov_nat,mts_details_total,2016,9517.355
mex,sex_m,geo_cov_nat,mts_details_total,2017,9698.148
mex,sex_m,geo_cov_nat,mts_details_total,2018,9871.456
mex,sex_m,geo_cov_nat,mts_details_total,2019,10153.326
mex,sex_m,geo_cov_nat,mts_details_total,2021,11258.439
mex,sex_m,geo_cov_nat,mts_details_union,2002,194.315
mex,sex_m,geo_cov_nat,mts_details_union,2003,207.275
mex,sex_m,geo_cov_nat,mts_details_union,2004,245.201
mex,sex_m,geo_cov_nat,mts_details_union,2005,220.037
mex,sex_m,geo_cov_nat,mts_details_union,2006,224.998
mex,sex_m,geo_cov_nat,mts_details_union,2007,245.237
mex,sex_m,geo_cov_nat,mts_details_union,2008,279.559
mex,sex_m,geo_cov_nat,mts_details_union,2009,313.876
mex,sex_m,geo_cov_nat,mts_details_union,2010,342.013
mex,sex_m,geo_cov_nat,mts_details_union,2011,361.873
mex,sex_m,geo_cov_nat,mts_details_union,2012,376.437
mex,sex_m,geo_cov_nat,mts_details_union,2013,404.821
mex,sex_m,geo_cov_nat,mts_details_union,2014,417.196
mex,sex_m,geo_cov_nat,mts_details_union,2015,424.271
mex,sex_m,geo_cov_nat,mts_details_union,2016,437.114
mex,sex_m,geo_cov_nat,mts_details_union,2017,468.861
mex,sex_m,geo_cov_nat,mts_details_union,2018,465.88
mex,sex_m,geo_cov_nat,mts_details_union,2019,517.258
mex,sex_m,geo_cov_nat,mts_details_union,2021,629.022
mex,sex_m,geo_cov_nat,mts_details_wid,2002,343.12
mex,sex_m,geo_cov_nat,mts_details_wid,2003,356.664
mex,sex_m,geo_cov_nat,mts_details_wid,2004,376.533
mex,sex_m,geo_cov_nat,mts_details_wid,2005,387.951
mex,sex_m,geo_cov_nat,mts_details_wid,2006,397.349
mex,sex_m,geo_cov_nat,mts_details_wid,2007,413.73
mex,sex_m,geo_cov_nat,mts_details_wid,2008,429.527
mex,sex_m,geo_cov_nat,mts_details_wid,2009,457.619
mex,sex_m,geo_cov_nat,mts_details_wid,2010,466.815
mex,sex_m,geo_cov_nat,mts_details_wid,2011,496.835
mex,sex_m,geo_cov_nat,mts_details_wid,2012,501.181
mex,sex_m,geo_cov_nat,mts_details_wid,2013,492.431
mex,sex_m,geo_cov_nat,mts_details_wid,2014,521.957
mex,sex_m,geo_cov_nat,mts_details_wid,2015,528.234
mex,sex_m,geo_cov_nat,mts_details_wid,2016,587.441
mex,sex_m,geo_cov_nat,mts_details_wid,2017,562.413
mex,sex_m,geo_cov_nat,mts_details_wid,2018,597.118
mex,sex_m,geo_cov_nat,mts_details_wid,2019,639.382
mex,sex_m,geo_cov_nat,mts_details_wid,2021,676.287
mex,sex_m,geo_cov_nat,mts_details_x,2002,1.069
mex,sex_m,geo_cov_nat,mts_details_x,2003,1.847
mex,sex_m,geo_cov_nat,mts_details_x,2004,0.771
mex,sex_m,geo_cov_nat,mts_details_x,2005,1.806
mex,sex_m,geo_cov_nat,mts_details_x,2006,1.374
mex,sex_m,geo_cov_nat,mts_details_x,2007,1.217
mex,sex_m,geo_cov_nat,mts_details_x,2009,0.708
mex,sex_m,geo_cov_nat,mts_details_x,2010,0.688
mex,sex_m,geo_cov_nat,mts_details_x,2011,0.534
mex,sex_m,geo_cov_nat,mts_details_x,2012,1.32
mex,sex_m,geo_cov_nat,mts_details_x,2013,0.458
mex,sex_m,geo_cov_nat,mts_details_x,2014,1.484
mex,sex_m,geo_cov_nat,mts_details_x,2015,1.413
mex,sex_m,geo_cov_nat,mts_details_x,2016,0.846
mex,sex_m,geo_cov_nat,mts_details_x,2017,1.788
mex,sex_m,geo_cov_nat,mts_details_x,2018,2.312
mex,sex_m,geo_cov_nat,mts_details_x,2019,0.483
mex,sex_m,geo_cov_nat,mts_details_x,2021,2.149
mex,sex_m,geo_cov_rur,mts_aggregate_1,2002,737.174
mex,sex_m,geo_cov_rur,mts_aggregate_1,2003,763.15
mex,sex_m,geo_cov_rur,mts_aggregate_1,2004,709.189
mex,sex_m,geo_cov_rur,mts_aggregate_1,2005,735.279
mex,sex_m,geo_cov_rur,mts_aggregate_1,2006,746.715
mex,sex_m,geo_cov_rur,mts_aggregate_1,2007,763.796
mex,sex_m,geo_cov_rur,mts_aggregate_1,2008,793.282
mex,sex_m,geo_cov_rur,mts_aggregate_1,2009,837.404
mex,sex_m,geo_cov_rur,mts_aggregate_1,2010,884.19
mex,sex_m,geo_cov_rur,mts_aggregate_1,2011,936.821
mex,sex_m,geo_cov_rur,mts_aggregate_1,2012,958.392
mex,sex_m,geo_cov_rur,mts_aggregate_1,2013,984.808
mex,sex_m,geo_cov_rur,mts_aggregate_1,2014,1005.988
mex,sex_m,geo_cov_rur,mts_aggregate_1,2015,1053.459
mex,sex_m,geo_cov_rur,mts_aggregate_1,2016,1114.817
mex,sex_m,geo_cov_rur,mts_aggregate_1,2017,1066.65
mex,sex_m,geo_cov_rur,mts_aggregate_1,2018,1081.422
mex,sex_m,geo_cov_rur,mts_aggregate_1,2019,1070.435
mex,sex_m,geo_cov_rur,mts_aggregate_1,2021,1199.317
mex,sex_m,geo_cov_rur,mts_aggregate_2,2002,421.28
mex,sex_m,geo_cov_rur,mts_aggregate_2,2003,425.931
mex,sex_m,geo_cov_rur,mts_aggregate_2,2004,404.445
mex,sex_m,geo_cov_rur,mts_aggregate_2,2005,424.662
mex,sex_m,geo_cov_rur,mts_aggregate_2,2006,453.741
mex,sex_m,geo_cov_rur,mts_aggregate_2,2007,485.205
mex,sex_m,geo_cov_rur,mts_aggregate_2,2008,515.046
mex,sex_m,geo_cov_rur,mts_aggregate_2,2009,553.904
mex,sex_m,geo_cov_rur,mts_aggregate_2,2010,595.044
mex,sex_m,geo_cov_rur,mts_aggregate_2,2011,615.859
mex,sex_m,geo_cov_rur,mts_aggregate_2,2012,615.279
mex,sex_m,geo_cov_rur,mts_aggregate_2,2013,659.266
mex,sex_m,geo_cov_rur,mts_aggregate_2,2014,632.922
mex,sex_m,geo_cov_rur,mts_aggregate_2,2015,650.424
mex,sex_m,geo_cov_rur,mts_aggregate_2,2016,691.045
mex,sex_m,geo_cov_rur,mts_aggregate_2,2017,707.683
mex,sex_m,geo_cov_rur,mts_aggregate_2,2018,695.936
mex,sex_m,geo_cov_rur,mts_aggregate_2,2019,756.509
mex,sex_m,geo_cov_rur,mts_aggregate_2,2021,811.288
mex,sex_m,geo_cov_rur,mts_aggregate_total,2002,1158.584
mex,sex_m,geo_cov_rur,mts_aggregate_total,2003,1189.427
mex,sex_m,geo_cov_rur,mts_aggregate_total,2004,1113.67
mex,sex_m,geo_cov_rur,mts_aggregate_total,2005,1160.367
mex,sex_m,geo_cov_rur,mts_aggregate_total,2006,1200.853
mex,sex_m,geo_cov_rur,mts_aggregate_total,2007,1249.779
mex,sex_m,geo_cov_rur,mts_aggregate_total,2008,1308.585
mex,sex_m,geo_cov_rur,mts_aggregate_total,2009,1391.318
mex,sex_m,geo_cov_rur,mts_aggregate_total,2010,1479.234
mex,sex_m,geo_cov_rur,mts_aggregate_total,2011,1553.01
mex,sex_m,geo_cov_rur,mts_aggregate_total,2012,1574.906
mex,sex_m,geo_cov_rur,mts_aggregate_total,2013,1644.17
mex,sex_m,geo_cov_rur,mts_aggregate_total,2014,1639.964
mex,sex_m,geo_cov_rur,mts_aggregate_total,2015,1704.058
mex,sex_m,geo_cov_rur,mts_aggregate_total,2016,1805.989
mex,sex_m,geo_cov_rur,mts_aggregate_total,2017,1775.031
mex,sex_m,geo_cov_rur,mts_aggregate_total,2018,1777.665
mex,sex_m,geo_cov_rur,mts_aggregate_total,2019,1827.057
mex,sex_m,geo_cov_rur,mts_aggregate_total,2021,2010.813
mex,sex_m,geo_cov_rur,mts_aggregate_x,2002,0.13
mex,sex_m,geo_cov_rur,mts_aggregate_x,2014,1.054
mex,sex_m,geo_cov_rur,mts_aggregate_x,2017,0.698
mex,sex_m,geo_cov_rur,mts_details_mrd,2002,365.66
mex,sex_m,geo_cov_rur,mts_details_mrd,2003,365.696
mex,sex_m,geo_cov_rur,mts_details_mrd,2004,342.095
mex,sex_m,geo_cov_rur,mts_details_mrd,2005,360.163
mex,sex_m,geo_cov_rur,mts_details_mrd,2006,390.493
mex,sex_m,geo_cov_rur,mts_details_mrd,2007,419.84
mex,sex_m,geo_cov_rur,mts_details_mrd,2008,440.344
mex,sex_m,geo_cov_rur,mts_details_mrd,2009,476.339
mex,sex_m,geo_cov_rur,mts_details_mrd,2010,497.093
mex,sex_m,geo_cov_rur,mts_details_mrd,2011,512.514
mex,sex_m,geo_cov_rur,mts_details_mrd,2012,505.65
mex,sex_m,geo_cov_rur,mts_details_mrd,2013,544.106
mex,sex_m,geo_cov_rur,mts_details_mrd,2014,519.492
mex,sex_m,geo_cov_rur,mts_details_mrd,2015,536.006
mex,sex_m,geo_cov_rur,mts_details_mrd,2016,572.875
mex,sex_m,geo_cov_rur,mts_details_mrd,2017,574.222
mex,sex_m,geo_cov_rur,mts_details_mrd,2018,561.743
mex,sex_m,geo_cov_rur,mts_details_mrd,2019,616.511
mex,sex_m,geo_cov_rur,mts_details_mrd,2021,661.137
mex,sex_m,geo_cov_rur,mts_details_sep,2002,22.797
mex,sex_m,geo_cov_rur,mts_details_sep,2003,22.867
mex,sex_m,geo_cov_rur,mts_details_sep,2004,24.411
mex,sex_m,geo_cov_rur,mts_details_sep,2005,23.247
mex,sex_m,geo_cov_rur,mts_details_sep,2006,18.72
mex,sex_m,geo_cov_rur,mts_details_sep,2007,25.457
mex,sex_m,geo_cov_rur,mts_details_sep,2008,22.204
mex,sex_m,geo_cov_rur,mts_details_sep,2009,19.615
mex,sex_m,geo_cov_rur,mts_details_sep,2010,27.053
mex,sex_m,geo_cov_rur,mts_details_sep,2011,30.25
mex,sex_m,geo_cov_rur,mts_details_sep,2012,31.932
mex,sex_m,geo_cov_rur,mts_details_sep,2013,37.523
mex,sex_m,geo_cov_rur,mts_details_sep,2014,33.396
mex,sex_m,geo_cov_rur,mts_details_sep,2015,35.696
mex,sex_m,geo_cov_rur,mts_details_sep,2016,41.154
mex,sex_m,geo_cov_rur,mts_details_sep,2017,39.082
mex,sex_m,geo_cov_rur,mts_details_sep,2018,40.998
mex,sex_m,geo_cov_rur,mts_details_sep,2019,41.221
mex,sex_m,geo_cov_rur,mts_details_sep,2021,58.255
mex,sex_m,geo_cov_rur,mts_details_sgle,2002,627.938
mex,sex_m,geo_cov_rur,mts_details_sgle,2003,644.018
mex,sex_m,geo_cov_rur,mts_details_sgle,2004,598.615
mex,sex_m,geo_cov_rur,mts_details_sgle,2005,629.483
mex,sex_m,geo_cov_rur,mts_details_sgle,2006,624.337
mex,sex_m,geo_cov_rur,mts_details_sgle,2007,633.593
mex,sex_m,geo_cov_rur,mts_details_sgle,2008,664.855
mex,sex_m,geo_cov_rur,mts_details_sgle,2009,713.662
mex,sex_m,geo_cov_rur,mts_details_sgle,2010,756.32
mex,sex_m,geo_cov_rur,mts_details_sgle,2011,794.239
mex,sex_m,geo_cov_rur,mts_details_sgle,2012,817.262
mex,sex_m,geo_cov_rur,mts_details_sgle,2013,832.984
mex,sex_m,geo_cov_rur,mts_details_sgle,2014,852.88
mex,sex_m,geo_cov_rur,mts_details_sgle,2015,897.015
mex,sex_m,geo_cov_rur,mts_details_sgle,2016,938.637
mex,sex_m,geo_cov_rur,mts_details_sgle,2017,900.744
mex,sex_m,geo_cov_rur,mts_details_sgle,2018,903.375
mex,sex_m,geo_cov_rur,mts_details_sgle,2019,895.769
mex,sex_m,geo_cov_rur,mts_details_sgle,2021,982.933
mex,sex_m,geo_cov_rur,mts_details_total,2002,1158.584
mex,sex_m,geo_cov_rur,mts_details_total,2003,1189.427
mex,sex_m,geo_cov_rur,mts_details_total,2004,1113.67
mex,sex_m,geo_cov_rur,mts_details_total,2005,1160.367
mex,sex_m,geo_cov_rur,mts_details_total,2006,1200.853
mex,sex_m,geo_cov_rur,mts_details_total,2007,1249.779
mex,sex_m,geo_cov_rur,mts_details_total,2008,1308.585
mex,sex_m,geo_cov_rur,mts_details_total,2009,1391.318
mex,sex_m,geo_cov_rur,mts_details_total,2010,1479.234
mex,sex_m,geo_cov_rur,mts_details_total,2011,1553.01
mex,sex_m,geo_cov_rur,mts_details_total,2012,1574.906
mex,sex_m,geo_cov_rur,mts_details_total,2013,1644.17
mex,sex_m,geo_cov_rur,mts_details_total,2014,1639.964
mex,sex_m,geo_cov_rur,mts_details_total,2015,1704.058
mex,sex_m,geo_cov_rur,mts_details_total,2016,1805.989
mex,sex_m,geo_cov_rur,mts_details_total,2017,1775.031
mex,sex_m,geo_cov_rur,mts_details_total,2018,1777.665
mex,sex_m,geo_cov_rur,mts_details_total,2019,1827.057
mex,sex_m,geo_cov_rur,mts_details_total,2021,2010.813
mex,sex_m,geo_cov_rur,mts_details_union,2002,55.62
mex,sex_m,geo_cov_rur,mts_details_union,2003,60.235
mex,sex_m,geo_cov_rur,mts_details_union,2004,62.351
mex,sex_m,geo_cov_rur,mts_details_union,2005,64.499
mex,sex_m,geo_cov_rur,mts_details_union,2006,63.248
mex,sex_m,geo_cov_rur,mts_details_union,2007,65.365
mex,sex_m,geo_cov_rur,mts_details_union,2008,74.703
mex,sex_m,geo_cov_rur,mts_details_union,2009,77.565
mex,sex_m,geo_cov_rur,mts_details_union,2010,97.951
mex,sex_m,geo_cov_rur,mts_details_union,2011,103.345
mex,sex_m,geo_cov_rur,mts_details_union,2012,109.629
mex,sex_m,geo_cov_rur,mts_details_union,2013,115.16
mex,sex_m,geo_cov_rur,mts_details_union,2014,113.431
mex,sex_m,geo_cov_rur,mts_details_union,2015,114.419
mex,sex_m,geo_cov_rur,mts_details_union,2016,118.171
mex,sex_m,geo_cov_rur,mts_details_union,2017,133.461
mex,sex_m,geo_cov_rur,mts_details_union,2018,134.193
mex,sex_m,geo_cov_rur,mts_details_union,2019,139.998
mex,sex_m,geo_cov_rur,mts_details_union,2021,150.151
mex,sex_m,geo_cov_rur,mts_details_wid,2002,86.439
mex,sex_m,geo_cov_rur,mts_details_wid,2003,96.266
mex,sex_m,geo_cov_rur,mts_details_wid,2004,86.163
mex,sex_m,geo_cov_rur,mts_details_wid,2005,82.549
mex,sex_m,geo_cov_rur,mts_details_wid,2006,103.659
mex,sex_m,geo_cov_rur,mts_details_wid,2007,104.747
mex,sex_m,geo_cov_rur,mts_details_wid,2008,106.224
mex,sex_m,geo_cov_rur,mts_details_wid,2009,104.127
mex,sex_m,geo_cov_rur,mts_details_wid,2010,100.817
mex,sex_m,geo_cov_rur,mts_details_wid,2011,112.333
mex,sex_m,geo_cov_rur,mts_details_wid,2012,109.198
mex,sex_m,geo_cov_rur,mts_details_wid,2013,114.302
mex,sex_m,geo_cov_rur,mts_details_wid,2014,119.712
mex,sex_m,geo_cov_rur,mts_details_wid,2015,120.749
mex,sex_m,geo_cov_rur,mts_details_wid,2016,135.027
mex,sex_m,geo_cov_rur,mts_details_wid,2017,126.824
mex,sex_m,geo_cov_rur,mts_details_wid,2018,137.05
mex,sex_m,geo_cov_rur,mts_details_wid,2019,133.445
mex,sex_m,geo_cov_rur,mts_details_wid,2021,158.13
mex,sex_m,geo_cov_rur,mts_details_x,2002,0.13
mex,sex_m,geo_cov_rur,mts_details_x,2014,1.054
mex,sex_m,geo_cov_rur,mts_details_x,2017,0.698
mex,sex_m,geo_cov_urb,mts_aggregate_1,2002,3759.603
mex,sex_m,geo_cov_urb,mts_aggregate_1,2003,3818.867
mex,sex_m,geo_cov_urb,mts_aggregate_1,2004,3833.11
mex,sex_m,geo_cov_urb,mts_aggregate_1,2005,3875.87
mex,sex_m,geo_cov_urb,mts_aggregate_1,2006,3806.021
mex,sex_m,geo_cov_urb,mts_aggregate_1,2007,3944.148
mex,sex_m,geo_cov_urb,mts_aggregate_1,2008,4093.467
mex,sex_m,geo_cov_urb,mts_aggregate_1,2009,4435.662
mex,sex_m,geo_cov_urb,mts_aggregate_1,2010,4525.393
mex,sex_m,geo_cov_urb,mts_aggregate_1,2011,4658.932
mex,sex_m,geo_cov_urb,mts_aggregate_1,2012,4622.249
mex,sex_m,geo_cov_urb,mts_aggregate_1,2013,4704.972
mex,sex_m,geo_cov_urb,mts_aggregate_1,2014,4852.296
mex,sex_m,geo_cov_urb,mts_aggregate_1,2015,4978.426
mex,sex_m,geo_cov_urb,mts_aggregate_1,2016,5110.327
mex,sex_m,geo_cov_urb,mts_aggregate_1,2017,5210.188
mex,sex_m,geo_cov_urb,mts_aggregate_1,2018,5284.374
mex,sex_m,geo_cov_urb,mts_aggregate_1,2019,5373.535
mex,sex_m,geo_cov_urb,mts_aggregate_1,2021,5837.044
mex,sex_m,geo_cov_urb,mts_aggregate_2,2002,1648.645
mex,sex_m,geo_cov_urb,mts_aggregate_2,2003,1693.192
mex,sex_m,geo_cov_urb,mts_aggregate_2,2004,1663.589
mex,sex_m,geo_cov_urb,mts_aggregate_2,2005,1733.533
mex,sex_m,geo_cov_urb,mts_aggregate_2,2006,1723.59
mex,sex_m,geo_cov_urb,mts_aggregate_2,2007,1818.705
mex,sex_m,geo_cov_urb,mts_aggregate_2,2008,1937.313
mex,sex_m,geo_cov_urb,mts_aggregate_2,2009,2126.613
mex,sex_m,geo_cov_urb,mts_aggregate_2,2010,2235.374
mex,sex_m,geo_cov_urb,mts_aggregate_2,2011,2298.225
mex,sex_m,geo_cov_urb,mts_aggregate_2,2012,2336.172
mex,sex_m,geo_cov_urb,mts_aggregate_2,2013,2420.437
mex,sex_m,geo_cov_urb,mts_aggregate_2,2014,2484.207
mex,sex_m,geo_cov_urb,mts_aggregate_2,2015,2576.115
mex,sex_m,geo_cov_urb,mts_aggregate_2,2016,2600.32
mex,sex_m,geo_cov_urb,mts_aggregate_2,2017,2711.839
mex,sex_m,geo_cov_urb,mts_aggregate_2,2018,2807.413
mex,sex_m,geo_cov_urb,mts_aggregate_2,2019,2952.364
mex,sex_m,geo_cov_urb,mts_aggregate_2,2021,3408.641
mex,sex_m,geo_cov_urb,mts_aggregate_total,2002,5409.187
mex,sex_m,geo_cov_urb,mts_aggregate_total,2003,5513.56
mex,sex_m,geo_cov_urb,mts_aggregate_total,2004,5497.411
mex,sex_m,geo_cov_urb,mts_aggregate_total,2005,5610.782
mex,sex_m,geo_cov_urb,mts_aggregate_total,2006,5530.588
mex,sex_m,geo_cov_urb,mts_aggregate_total,2007,5763.292
mex,sex_m,geo_cov_urb,mts_aggregate_total,2008,6030.9
mex,sex_m,geo_cov_urb,mts_aggregate_total,2009,6562.973
mex,sex_m,geo_cov_urb,mts_aggregate_total,2010,6761.455
mex,sex_m,geo_cov_urb,mts_aggregate_total,2011,6957.361
mex,sex_m,geo_cov_urb,mts_aggregate_total,2012,6958.507
mex,sex_m,geo_cov_urb,mts_aggregate_total,2013,7125.772
mex,sex_m,geo_cov_urb,mts_aggregate_total,2014,7336.932
mex,sex_m,geo_cov_urb,mts_aggregate_total,2015,7555.779
mex,sex_m,geo_cov_urb,mts_aggregate_total,2016,7711.366
mex,sex_m,geo_cov_urb,mts_aggregate_total,2017,7923.118
mex,sex_m,geo_cov_urb,mts_aggregate_total,2018,8093.791
mex,sex_m,geo_cov_urb,mts_aggregate_total,2019,8326.269
mex,sex_m,geo_cov_urb,mts_aggregate_total,2021,9247.627
mex,sex_m,geo_cov_urb,mts_aggregate_x,2002,0.939
mex,sex_m,geo_cov_urb,mts_aggregate_x,2003,1.501
mex,sex_m,geo_cov_urb,mts_aggregate_x,2004,0.712
mex,sex_m,geo_cov_urb,mts_aggregate_x,2005,1.379
mex,sex_m,geo_cov_urb,mts_aggregate_x,2006,0.977
mex,sex_m,geo_cov_urb,mts_aggregate_x,2007,0.439
mex,sex_m,geo_cov_urb,mts_aggregate_x,2009,0.698
mex,sex_m,geo_cov_urb,mts_aggregate_x,2010,0.688
mex,sex_m,geo_cov_urb,mts_aggregate_x,2011,0.205
mex,sex_m,geo_cov_urb,mts_aggregate_x,2013,0.363
mex,sex_m,geo_cov_urb,mts_aggregate_x,2014,0.43
mex,sex_m,geo_cov_urb,mts_aggregate_x,2015,1.238
mex,sex_m,geo_cov_urb,mts_aggregate_x,2016,0.719
mex,sex_m,geo_cov_urb,mts_aggregate_x,2017,1.09
mex,sex_m,geo_cov_urb,mts_aggregate_x,2018,2.005
mex,sex_m,geo_cov_urb,mts_aggregate_x,2019,0.371
mex,sex_m,geo_cov_urb,mts_aggregate_x,2021,1.941
mex,sex_m,geo_cov_urb,mts_details_mrd,2002,1509.95
mex,sex_m,geo_cov_urb,mts_details_mrd,2003,1546.152
mex,sex_m,geo_cov_urb,mts_details_mrd,2004,1503.108
mex,sex_m,geo_cov_urb,mts_details_mrd,2005,1577.995
mex,sex_m,geo_cov_urb,mts_details_mrd,2006,1561.84
mex,sex_m,geo_cov_urb,mts_details_mrd,2007,1638.833
mex,sex_m,geo_cov_urb,mts_details_mrd,2008,1732.458
mex,sex_m,geo_cov_urb,mts_details_mrd,2009,1890.302
mex,sex_m,geo_cov_urb,mts_details_mrd,2010,1991.312
mex,sex_m,geo_cov_urb,mts_details_mrd,2011,2039.697
mex,sex_m,geo_cov_urb,mts_details_mrd,2012,2069.364
mex,sex_m,geo_cov_urb,mts_details_mrd,2013,2130.776
mex,sex_m,geo_cov_urb,mts_details_mrd,2014,2180.442
mex,sex_m,geo_cov_urb,mts_details_mrd,2015,2266.262
mex,sex_m,geo_cov_urb,mts_details_mrd,2016,2281.377
mex,sex_m,geo_cov_urb,mts_details_mrd,2017,2376.439
mex,sex_m,geo_cov_urb,mts_details_mrd,2018,2475.726
mex,sex_m,geo_cov_urb,mts_details_mrd,2019,2575.104
mex,sex_m,geo_cov_urb,mts_details_mrd,2021,2929.77
mex,sex_m,geo_cov_urb,mts_details_sep,2002,137.505
mex,sex_m,geo_cov_urb,mts_details_sep,2003,137.289
mex,sex_m,geo_cov_urb,mts_details_sep,2004,155.777
mex,sex_m,geo_cov_urb,mts_details_sep,2005,137.09
mex,sex_m,geo_cov_urb,mts_details_sep,2006,125.853
mex,sex_m,geo_cov_urb,mts_details_sep,2007,138.318
mex,sex_m,geo_cov_urb,mts_details_sep,2008,143.863
mex,sex_m,geo_cov_urb,mts_details_sep,2009,160.657
mex,sex_m,geo_cov_urb,mts_details_sep,2010,191.231
mex,sex_m,geo_cov_urb,mts_details_sep,2011,196.306
mex,sex_m,geo_cov_urb,mts_details_sep,2012,186.751
mex,sex_m,geo_cov_urb,mts_details_sep,2013,180.26
mex,sex_m,geo_cov_urb,mts_details_sep,2014,196.919
mex,sex_m,geo_cov_urb,mts_details_sep,2015,196.981
mex,sex_m,geo_cov_urb,mts_details_sep,2016,218.955
mex,sex_m,geo_cov_urb,mts_details_sep,2017,218.747
mex,sex_m,geo_cov_urb,mts_details_sep,2018,241.826
mex,sex_m,geo_cov_urb,mts_details_sep,2019,263.713
mex,sex_m,geo_cov_urb,mts_details_sep,2021,359.974
mex,sex_m,geo_cov_urb,mts_details_sgle,2002,3365.418
mex,sex_m,geo_cov_urb,mts_details_sgle,2003,3421.18
mex,sex_m,geo_cov_urb,mts_details_sgle,2004,3390.17
mex,sex_m,geo_cov_urb,mts_details_sgle,2005,3433.378
mex,sex_m,geo_cov_urb,mts_details_sgle,2006,3386.478
mex,sex_m,geo_cov_urb,mts_details_sgle,2007,3496.848
mex,sex_m,geo_cov_urb,mts_details_sgle,2008,3626.301
mex,sex_m,geo_cov_urb,mts_details_sgle,2009,3921.514
mex,sex_m,geo_cov_urb,mts_details_sgle,2010,3968.164
mex,sex_m,geo_cov_urb,mts_details_sgle,2011,4078.124
mex,sex_m,geo_cov_urb,mts_details_sgle,2012,4043.515
mex,sex_m,geo_cov_urb,mts_details_sgle,2013,4146.583
mex,sex_m,geo_cov_urb,mts_details_sgle,2014,4253.131
mex,sex_m,geo_cov_urb,mts_details_sgle,2015,4373.96
mex,sex_m,geo_cov_urb,mts_details_sgle,2016,4438.957
mex,sex_m,geo_cov_urb,mts_details_sgle,2017,4555.852
mex,sex_m,geo_cov_urb,mts_details_sgle,2018,4582.48
mex,sex_m,geo_cov_urb,mts_details_sgle,2019,4603.884
mex,sex_m,geo_cov_urb,mts_details_sgle,2021,4958.914
mex,sex_m,geo_cov_urb,mts_details_total,2002,5409.187
mex,sex_m,geo_cov_urb,mts_details_total,2003,5513.56
mex,sex_m,geo_cov_urb,mts_details_total,2004,5497.411
mex,sex_m,geo_cov_urb,mts_details_total,2005,5610.782
mex,sex_m,geo_cov_urb,mts_details_total,2006,5530.588
mex,sex_m,geo_cov_urb,mts_details_total,2007,5763.292
mex,sex_m,geo_cov_urb,mts_details_total,2008,6030.9
mex,sex_m,geo_cov_urb,mts_details_total,2009,6562.973
mex,sex_m,geo_cov_urb,mts_details_total,2010,6761.455
mex,sex_m,geo_cov_urb,mts_details_total,2011,6957.361
mex,sex_m,geo_cov_urb,mts_details_total,2012,6958.507
mex,sex_m,geo_cov_urb,mts_details_total,2013,7125.772
mex,sex_m,geo_cov_urb,mts_details_total,2014,7336.932
mex,sex_m,geo_cov_urb,mts_details_total,2015,7555.779
mex,sex_m,geo_cov_urb,mts_details_total,2016,7711.366
mex,sex_m,geo_cov_urb,mts_details_total,2017,7923.118
mex,sex_m,geo_cov_urb,mts_details_total,2018,8093.791
mex,sex_m,geo_cov_urb,mts_details_total,2019,8326.269
mex,sex_m,geo_cov_urb,mts_details_total,2021,9247.627
mex,sex_m,geo_cov_urb,mts_details_union,2002,138.695
mex,sex_m,geo_cov_urb,mts_details_union,2003,147.04
mex,sex_m,geo_cov_urb,mts_details_union,2004,160.481
mex,sex_m,geo_cov_urb,mts_details_union,2005,155.538
mex,sex_m,geo_cov_urb,mts_details_union,2006,161.75
mex,sex_m,geo_cov_urb,mts_details_union,2007,179.872
mex,sex_m,geo_cov_urb,mts_details_union,2008,204.856
mex,sex_m,geo_cov_urb,mts_details_union,2009,236.311
mex,sex_m,geo_cov_urb,mts_details_union,2010,244.062
mex,sex_m,geo_cov_urb,mts_details_union,2011,258.528
mex,sex_m,geo_cov_urb,mts_details_union,2012,266.808
mex,sex_m,geo_cov_urb,mts_details_union,2013,289.661
mex,sex_m,geo_cov_urb,mts_details_union,2014,303.765
mex,sex_m,geo_cov_urb,mts_details_union,2015,309.853
mex,sex_m,geo_cov_urb,mts_details_union,2016,318.944
mex,sex_m,geo_cov_urb,mts_details_union,2017,335.4
mex,sex_m,geo_cov_urb,mts_details_union,2018,331.687
mex,sex_m,geo_cov_urb,mts_details_union,2019,377.26
mex,sex_m,geo_cov_urb,mts_details_union,2021,478.871
mex,sex_m,geo_cov_urb,mts_details_wid,2002,256.681
mex,sex_m,geo_cov_urb,mts_details_wid,2003,260.398
mex,sex_m,geo_cov_urb,mts_details_wid,2004,287.163
mex,sex_m,geo_cov_urb,mts_details_wid,2005,305.402
mex,sex_m,geo_cov_urb,mts_details_wid,2006,293.69
mex,sex_m,geo_cov_urb,mts_details_wid,2007,308.983
mex,sex_m,geo_cov_urb,mts_details_wid,2008,323.303
mex,sex_m,geo_cov_urb,mts_details_wid,2009,353.492
mex,sex_m,geo_cov_urb,mts_details_wid,2010,365.998
mex,sex_m,geo_cov_urb,mts_details_wid,2011,384.502
mex,sex_m,geo_cov_urb,mts_details_wid,2012,391.983
mex,sex_m,geo_cov_urb,mts_details_wid,2013,378.129
mex,sex_m,geo_cov_urb,mts_details_wid,2014,402.246
mex,sex_m,geo_cov_urb,mts_details_wid,2015,407.485
mex,sex_m,geo_cov_urb,mts_details_wid,2016,452.415
mex,sex_m,geo_cov_urb,mts_details_wid,2017,435.589
mex,sex_m,geo_cov_urb,mts_details_wid,2018,460.068
mex,sex_m,geo_cov_urb,mts_details_wid,2019,505.937
mex,sex_m,geo_cov_urb,mts_details_wid,2021,518.157
mex,sex_m,geo_cov_urb,mts_details_x,2002,0.939
mex,sex_m,geo_cov_urb,mts_details_x,2003,1.501
mex,sex_m,geo_cov_urb,mts_details_x,2004,0.712
mex,sex_m,geo_cov_urb,mts_details_x,2005,1.379
mex,sex_m,geo_cov_urb,mts_details_x,2006,0.977
mex,sex_m,geo_cov_urb,mts_details_x,2007,0.439
mex,sex_m,geo_cov_urb,mts_details_x,2009,0.698
mex,sex_m,geo_cov_urb,mts_details_x,2010,0.688
mex,sex_m,geo_cov_urb,mts_details_x,2011,0.205
mex,sex_m,geo_cov_urb,mts_details_x,2013,0.363
mex,sex_m,geo_cov_urb,mts_details_x,2014,0.43
mex,sex_m,geo_cov_urb,mts_details_x,2015,1.238
mex,sex_m,geo_cov_urb,mts_details_x,2016,0.719
mex,sex_m,geo_cov_urb,mts_details_x,2017,1.09
mex,sex_m,geo_cov_urb,mts_details_x,2018,2.005
mex,sex_m,geo_cov_urb,mts_details_x,2019,0.371
mex,sex_m,geo_cov_urb,mts_details_x,2021,1.941
mex,sex_m,geo_cov_x,mts_aggregate_1,2004,95.663
mex,sex_m,geo_cov_x,mts_aggregate_2,2004,88.585
mex,sex_m,geo_cov_x,mts_aggregate_total,2004,184.271
mex,sex_m,geo_cov_x,mts_details_mrd,2004,66.215
mex,sex_m,geo_cov_x,mts_details_sep,2004,13.851
mex,sex_m,geo_cov_x,mts_details_sgle,2004,78.605
mex,sex_m,geo_cov_x,mts_details_total,2004,184.271
mex,sex_m,geo_cov_x,mts_details_union,2004,22.369
mex,sex_m,geo_cov_x,mts_details_wid,2004,3.208
mex,sex_t,geo_cov_nat,mts_aggregate_1,2002,12992.455
mex,sex_t,geo_cov_nat,mts_aggregate_1,2003,13150.924
mex,sex_t,geo_cov_nat,mts_aggregate_1,2004,13451.242
mex,sex_t,geo_cov_nat,mts_aggregate_1,2005,13481.99
mex,sex_t,geo_cov_nat,mts_aggregate_1,2006,13452.424
mex,sex_t,geo_cov_nat,mts_aggregate_1,2007,13837.603
mex,sex_t,geo_cov_nat,mts_aggregate_1,2008,14192.324
mex,sex_t,geo_cov_nat,mts_aggregate_1,2009,14822.64
mex,sex_t,geo_cov_nat,mts_aggregate_1,2010,15182.181
mex,sex_t,geo_cov_nat,mts_aggregate_1,2011,15458.387
mex,sex_t,geo_cov_nat,mts_aggregate_1,2012,15502.164
mex,sex_t,geo_cov_nat,mts_aggregate_1,2013,15778.45
mex,sex_t,geo_cov_nat,mts_aggregate_1,2014,16147.516
mex,sex_t,geo_cov_nat,mts_aggregate_1,2015,16529.338
mex,sex_t,geo_cov_nat,mts_aggregate_1,2016,16939.245
mex,sex_t,geo_cov_nat,mts_aggregate_1,2017,17308.26
mex,sex_t,geo_cov_nat,mts_aggregate_1,2018,17463.58
mex,sex_t,geo_cov_nat,mts_aggregate_1,2019,17759.268
mex,sex_t,geo_cov_nat,mts_aggregate_1,2021,19638.935
mex,sex_t,geo_cov_nat,mts_aggregate_2,2002,16255.571
mex,sex_t,geo_cov_nat,mts_aggregate_2,2003,16364.992
mex,sex_t,geo_cov_nat,mts_aggregate_2,2004,16199.119
mex,sex_t,geo_cov_nat,mts_aggregate_2,2005,16425.298
mex,sex_t,geo_cov_nat,mts_aggregate_2,2006,16368.562
mex,sex_t,geo_cov_nat,mts_aggregate_2,2007,16625.864
mex,sex_t,geo_cov_nat,mts_aggregate_2,2008,17059.136
mex,sex_t,geo_cov_nat,mts_aggregate_2,2009,17325.818
mex,sex_t,geo_cov_nat,mts_aggregate_2,2010,17746.436
mex,sex_t,geo_cov_nat,mts_aggregate_2,2011,18018.564
mex,sex_t,geo_cov_nat,mts_aggregate_2,2012,18058.724
mex,sex_t,geo_cov_nat,mts_aggregate_2,2013,18337.681
mex,sex_t,geo_cov_nat,mts_aggregate_2,2014,18803.861
mex,sex_t,geo_cov_nat,mts_aggregate_2,2015,19031.285
mex,sex_t,geo_cov_nat,mts_aggregate_2,2016,19313.825
mex,sex_t,geo_cov_nat,mts_aggregate_2,2017,19823.028
mex,sex_t,geo_cov_nat,mts_aggregate_2,2018,19742.574
mex,sex_t,geo_cov_nat,mts_aggregate_2,2019,19688.55
mex,sex_t,geo_cov_nat,mts_aggregate_2,2021,20638.615
mex,sex_t,geo_cov_nat,mts_aggregate_total,2002,29250.035
mex,sex_t,geo_cov_nat,mts_aggregate_total,2003,29518.692
mex,sex_t,geo_cov_nat,mts_aggregate_total,2004,29651.577
mex,sex_t,geo_cov_nat,mts_aggregate_total,2005,29910.316
mex,sex_t,geo_cov_nat,mts_aggregate_total,2006,29823.568
mex,sex_t,geo_cov_nat,mts_aggregate_total,2007,30466.442
mex,sex_t,geo_cov_nat,mts_aggregate_total,2008,31253.479
mex,sex_t,geo_cov_nat,mts_aggregate_total,2009,32150.042
mex,sex_t,geo_cov_nat,mts_aggregate_total,2010,32931.365
mex,sex_t,geo_cov_nat,mts_aggregate_total,2011,33478.385
mex,sex_t,geo_cov_nat,mts_aggregate_total,2012,33562.981
mex,sex_t,geo_cov_nat,mts_aggregate_total,2013,34118.328
mex,sex_t,geo_cov_nat,mts_aggregate_total,2014,34955.181
mex,sex_t,geo_cov_nat,mts_aggregate_total,2015,35563.623
mex,sex_t,geo_cov_nat,mts_aggregate_total,2016,36262.071
mex,sex_t,geo_cov_nat,mts_aggregate_total,2017,37136.04
mex,sex_t,geo_cov_nat,mts_aggregate_total,2018,37210.316
mex,sex_t,geo_cov_nat,mts_aggregate_total,2019,37451.754
mex,sex_t,geo_cov_nat,mts_aggregate_total,2021,40283.11
mex,sex_t,geo_cov_nat,mts_aggregate_x,2002,2.008
mex,sex_t,geo_cov_nat,mts_aggregate_x,2003,2.776
mex,sex_t,geo_cov_nat,mts_aggregate_x,2004,1.217
mex,sex_t,geo_cov_nat,mts_aggregate_x,2005,3.028
mex,sex_t,geo_cov_nat,mts_aggregate_x,2006,2.582
mex,sex_t,geo_cov_nat,mts_aggregate_x,2007,2.976
mex,sex_t,geo_cov_nat,mts_aggregate_x,2008,2.018
mex,sex_t,geo_cov_nat,mts_aggregate_x,2009,1.584
mex,sex_t,geo_cov_nat,mts_aggregate_x,2010,2.749
mex,sex_t,geo_cov_nat,mts_aggregate_x,2011,1.434
mex,sex_t,geo_cov_nat,mts_aggregate_x,2012,2.093
mex,sex_t,geo_cov_nat,mts_aggregate_x,2013,2.197
mex,sex_t,geo_cov_nat,mts_aggregate_x,2014,3.804
mex,sex_t,geo_cov_nat,mts_aggregate_x,2015,3
mex,sex_t,geo_cov_nat,mts_aggregate_x,2016,9.002
mex,sex_t,geo_cov_nat,mts_aggregate_x,2017,4.752
mex,sex_t,geo_cov_nat,mts_aggregate_x,2018,4.162
mex,sex_t,geo_cov_nat,mts_aggregate_x,2019,3.936
mex,sex_t,geo_cov_nat,mts_aggregate_x,2021,5.561
mex,sex_t,geo_cov_nat,mts_details_mrd,2002,13893.507
mex,sex_t,geo_cov_nat,mts_details_mrd,2003,13919.302
mex,sex_t,geo_cov_nat,mts_details_mrd,2004,13461.766
mex,sex_t,geo_cov_nat,mts_details_mrd,2005,13484.173
mex,sex_t,geo_cov_nat,mts_details_mrd,2006,13331.704
mex,sex_t,geo_cov_nat,mts_details_mrd,2007,13473.574
mex,sex_t,geo_cov_nat,mts_details_mrd,2008,13646.962
mex,sex_t,geo_cov_nat,mts_details_mrd,2009,13896.176
mex,sex_t,geo_cov_nat,mts_details_mrd,2010,13996.34
mex,sex_t,geo_cov_nat,mts_details_mrd,2011,14019.092
mex,sex_t,geo_cov_nat,mts_details_mrd,2012,13908.562
mex,sex_t,geo_cov_nat,mts_details_mrd,2013,14130.163
mex,sex_t,geo_cov_nat,mts_details_mrd,2014,14380.664
mex,sex_t,geo_cov_nat,mts_details_mrd,2015,14520.489
mex,sex_t,geo_cov_nat,mts_details_mrd,2016,14649.365
mex,sex_t,geo_cov_nat,mts_details_mrd,2017,14897.699
mex,sex_t,geo_cov_nat,mts_details_mrd,2018,14828.644
mex,sex_t,geo_cov_nat,mts_details_mrd,2019,14737.384
mex,sex_t,geo_cov_nat,mts_details_mrd,2021,15340.273
mex,sex_t,geo_cov_nat,mts_details_sep,2002,843.776
mex,sex_t,geo_cov_nat,mts_details_sep,2003,873.806
mex,sex_t,geo_cov_nat,mts_details_sep,2004,967.958
mex,sex_t,geo_cov_nat,mts_details_sep,2005,924.933
mex,sex_t,geo_cov_nat,mts_details_sep,2006,919.735
mex,sex_t,geo_cov_nat,mts_details_sep,2007,950.268
mex,sex_t,geo_cov_nat,mts_details_sep,2008,946.854
mex,sex_t,geo_cov_nat,mts_details_sep,2009,1014.205
mex,sex_t,geo_cov_nat,mts_details_sep,2010,1098.959
mex,sex_t,geo_cov_nat,mts_details_sep,2011,1144.106
mex,sex_t,geo_cov_nat,mts_details_sep,2012,1111.688
mex,sex_t,geo_cov_nat,mts_details_sep,2013,1102.987
mex,sex_t,geo_cov_nat,mts_details_sep,2014,1193.234
mex,sex_t,geo_cov_nat,mts_details_sep,2015,1243.364
mex,sex_t,geo_cov_nat,mts_details_sep,2016,1329.348
mex,sex_t,geo_cov_nat,mts_details_sep,2017,1348.185
mex,sex_t,geo_cov_nat,mts_details_sep,2018,1360.762
mex,sex_t,geo_cov_nat,mts_details_sep,2019,1403.633
mex,sex_t,geo_cov_nat,mts_details_sep,2021,1761.442
mex,sex_t,geo_cov_nat,mts_details_sgle,2002,9815.168
mex,sex_t,geo_cov_nat,mts_details_sgle,2003,9853.261
mex,sex_t,geo_cov_nat,mts_details_sgle,2004,10049.085
mex,sex_t,geo_cov_nat,mts_details_sgle,2005,10053.319
mex,sex_t,geo_cov_nat,mts_details_sgle,2006,10031.629
mex,sex_t,geo_cov_nat,mts_details_sgle,2007,10267.336
mex,sex_t,geo_cov_nat,mts_details_sgle,2008,10574.635
mex,sex_t,geo_cov_nat,mts_details_sgle,2009,11100.553
mex,sex_t,geo_cov_nat,mts_details_sgle,2010,11342.181
mex,sex_t,geo_cov_nat,mts_details_sgle,2011,11454.543
mex,sex_t,geo_cov_nat,mts_details_sgle,2012,11450.225
mex,sex_t,geo_cov_nat,mts_details_sgle,2013,11729.492
mex,sex_t,geo_cov_nat,mts_details_sgle,2014,11936.793
mex,sex_t,geo_cov_nat,mts_details_sgle,2015,12219.623
mex,sex_t,geo_cov_nat,mts_details_sgle,2016,12444.464
mex,sex_t,geo_cov_nat,mts_details_sgle,2017,12763.543
mex,sex_t,geo_cov_nat,mts_details_sgle,2018,12847.491
mex,sex_t,geo_cov_nat,mts_details_sgle,2019,12886.512
mex,sex_t,geo_cov_nat,mts_details_sgle,2021,13916.222
mex,sex_t,geo_cov_nat,mts_details_total,2002,29250.035
mex,sex_t,geo_cov_nat,mts_details_total,2003,29518.692
mex,sex_t,geo_cov_nat,mts_details_total,2004,29651.577
mex,sex_t,geo_cov_nat,mts_details_total,2005,29910.316
mex,sex_t,geo_cov_nat,mts_details_total,2006,29823.568
mex,sex_t,geo_cov_nat,mts_details_total,2007,30466.442
mex,sex_t,geo_cov_nat,mts_details_total,2008,31253.479
mex,sex_t,geo_cov_nat,mts_details_total,2009,32150.042
mex,sex_t,geo_cov_nat,mts_details_total,2010,32931.365
mex,sex_t,geo_cov_nat,mts_details_total,2011,33478.385
mex,sex_t,geo_cov_nat,mts_details_total,2012,33562.981
mex,sex_t,geo_cov_nat,mts_details_total,2013,34118.328
mex,sex_t,geo_cov_nat,mts_details_total,2014,34955.181
mex,sex_t,geo_cov_nat,mts_details_total,2015,35563.623
mex,sex_t,geo_cov_nat,mts_details_total,2016,36262.071
mex,sex_t,geo_cov_nat,mts_details_total,2017,37136.04
mex,sex_t,geo_cov_nat,mts_details_total,2018,37210.316
mex,sex_t,geo_cov_nat,mts_details_total,2019,37451.754
mex,sex_t,geo_cov_nat,mts_details_total,2021,40283.11
mex,sex_t,geo_cov_nat,mts_details_union,2002,2362.065
mex,sex_t,geo_cov_nat,mts_details_union,2003,2445.691
mex,sex_t,geo_cov_nat,mts_details_union,2004,2737.353
mex,sex_t,geo_cov_nat,mts_details_union,2005,2941.125
mex,sex_t,geo_cov_nat,mts_details_union,2006,3036.858
mex,sex_t,geo_cov_nat,mts_details_union,2007,3152.29
mex,sex_t,geo_cov_nat,mts_details_union,2008,3412.174
mex,sex_t,geo_cov_nat,mts_details_union,2009,3429.643
mex,sex_t,geo_cov_nat,mts_details_union,2010,3750.095
mex,sex_t,geo_cov_nat,mts_details_union,2011,3999.473
mex,sex_t,geo_cov_nat,mts_details_union,2012,4150.162
mex,sex_t,geo_cov_nat,mts_details_union,2013,4207.518
mex,sex_t,geo_cov_nat,mts_details_union,2014,4423.197
mex,sex_t,geo_cov_nat,mts_details_union,2015,4510.796
mex,sex_t,geo_cov_nat,mts_details_union,2016,4664.46
mex,sex_t,geo_cov_nat,mts_details_union,2017,4925.329
mex,sex_t,geo_cov_nat,mts_details_union,2018,4913.93
mex,sex_t,geo_cov_nat,mts_details_union,2019,4951.167
mex,sex_t,geo_cov_nat,mts_details_union,2021,5298.342
mex,sex_t,geo_cov_nat,mts_details_wid,2002,2333.511
mex,sex_t,geo_cov_nat,mts_details_wid,2003,2423.857
mex,sex_t,geo_cov_nat,mts_details_wid,2004,2434.199
mex,sex_t,geo_cov_nat,mts_details_wid,2005,2503.738
mex,sex_t,geo_cov_nat,mts_details_wid,2006,2501.061
mex,sex_t,geo_cov_nat,mts_details_wid,2007,2619.999
mex,sex_t,geo_cov_nat,mts_details_wid,2008,2670.836
mex,sex_t,geo_cov_nat,mts_details_wid,2009,2707.882
mex,sex_t,geo_cov_nat,mts_details_wid,2010,2741.041
mex,sex_t,geo_cov_nat,mts_details_wid,2011,2859.739
mex,sex_t,geo_cov_nat,mts_details_wid,2012,2940.251
mex,sex_t,geo_cov_nat,mts_details_wid,2013,2945.971
mex,sex_t,geo_cov_nat,mts_details_wid,2014,3017.49
mex,sex_t,geo_cov_nat,mts_details_wid,2015,3066.351
mex,sex_t,geo_cov_nat,mts_details_wid,2016,3165.433
mex,sex_t,geo_cov_nat,mts_details_wid,2017,3196.532
mex,sex_t,geo_cov_nat,mts_details_wid,2018,3255.327
mex,sex_t,geo_cov_nat,mts_details_wid,2019,3469.124
mex,sex_t,geo_cov_nat,mts_details_wid,2021,3961.27
mex,sex_t,geo_cov_nat,mts_details_x,2002,2.008
mex,sex_t,geo_cov_nat,mts_details_x,2003,2.776
mex,sex_t,geo_cov_nat,mts_details_x,2004,1.217
mex,sex_t,geo_cov_nat,mts_details_x,2005,3.028
mex,sex_t,geo_cov_nat,mts_details_x,2006,2.582
mex,sex_t,geo_cov_nat,mts_details_x,2007,2.976
mex,sex_t,geo_cov_nat,mts_details_x,2008,2.018
mex,sex_t,geo_cov_nat,mts_details_x,2009,1.584
mex,sex_t,geo_cov_nat,mts_details_x,2010,2.749
mex,sex_t,geo_cov_nat,mts_details_x,2011,1.434
mex,sex_t,geo_cov_nat,mts_details_x,2012,2.093
mex,sex_t,geo_cov_nat,mts_details_x,2013,2.197
mex,sex_t,geo_cov_nat,mts_details_x,2014,3.804
mex,sex_t,geo_cov_nat,mts_details_x,2015,3
mex,sex_t,geo_cov_nat,mts_details_x,2016,9.002
mex,sex_t,geo_cov_nat,mts_details_x,2017,4.752
mex,sex_t,geo_cov_nat,mts_details_x,2018,4.162
mex,sex_t,geo_cov_nat,mts_details_x,2019,3.936
mex,sex_t,geo_cov_nat,mts_details_x,2021,5.561
mex,sex_t,geo_cov_rur,mts_aggregate_1,2002,2680.767
mex,sex_t,geo_cov_rur,mts_aggregate_1,2003,2748.94
mex,sex_t,geo_cov_rur,mts_aggregate_1,2004,2690.711
mex,sex_t,geo_cov_rur,mts_aggregate_1,2005,2668.411
mex,sex_t,geo_cov_rur,mts_aggregate_1,2006,2725.177
mex,sex_t,geo_cov_rur,mts_aggregate_1,2007,2799.895
mex,sex_t,geo_cov_rur,mts_aggregate_1,2008,2853.799
mex,sex_t,geo_cov_rur,mts_aggregate_1,2009,2903.331
mex,sex_t,geo_cov_rur,mts_aggregate_1,2010,2964.562
mex,sex_t,geo_cov_rur,mts_aggregate_1,2011,3047.052
mex,sex_t,geo_cov_rur,mts_aggregate_1,2012,3071.45
mex,sex_t,geo_cov_rur,mts_aggregate_1,2013,3167.818
mex,sex_t,geo_cov_rur,mts_aggregate_1,2014,3222.622
mex,sex_t,geo_cov_rur,mts_aggregate_1,2015,3230.916
mex,sex_t,geo_cov_rur,mts_aggregate_1,2016,3385.73
mex,sex_t,geo_cov_rur,mts_aggregate_1,2017,3398.592
mex,sex_t,geo_cov_rur,mts_aggregate_1,2018,3415.336
mex,sex_t,geo_cov_rur,mts_aggregate_1,2019,3418.654
mex,sex_t,geo_cov_rur,mts_aggregate_1,2021,3836.471
mex,sex_t,geo_cov_rur,mts_aggregate_2,2002,4205.268
mex,sex_t,geo_cov_rur,mts_aggregate_2,2003,4199.787
mex,sex_t,geo_cov_rur,mts_aggregate_2,2004,4207.771
mex,sex_t,geo_cov_rur,mts_aggregate_2,2005,4314.965
mex,sex_t,geo_cov_rur,mts_aggregate_2,2006,4450.418
mex,sex_t,geo_cov_rur,mts_aggregate_2,2007,4487.354
mex,sex_t,geo_cov_rur,mts_aggregate_2,2008,4637.144
mex,sex_t,geo_cov_rur,mts_aggregate_2,2009,4712.921
mex,sex_t,geo_cov_rur,mts_aggregate_2,2010,4826.504
mex,sex_t,geo_cov_rur,mts_aggregate_2,2011,4938.103
mex,sex_t,geo_cov_rur,mts_aggregate_2,2012,4949.79
mex,sex_t,geo_cov_rur,mts_aggregate_2,2013,5061.665
mex,sex_t,geo_cov_rur,mts_aggregate_2,2014,5102.445
mex,sex_t,geo_cov_rur,mts_aggregate_2,2015,5181.098
mex,sex_t,geo_cov_rur,mts_aggregate_2,2016,5347.461
mex,sex_t,geo_cov_rur,mts_aggregate_2,2017,5484.499
mex,sex_t,geo_cov_rur,mts_aggregate_2,2018,5417.183
mex,sex_t,geo_cov_rur,mts_aggregate_2,2019,5363.052
mex,sex_t,geo_cov_rur,mts_aggregate_2,2021,5513.79
mex,sex_t,geo_cov_rur,mts_aggregate_total,2002,6886.289
mex,sex_t,geo_cov_rur,mts_aggregate_total,2003,6949.492
mex,sex_t,geo_cov_rur,mts_aggregate_total,2004,6898.517
mex,sex_t,geo_cov_rur,mts_aggregate_total,2005,6983.803
mex,sex_t,geo_cov_rur,mts_aggregate_total,2006,7176.501
mex,sex_t,geo_cov_rur,mts_aggregate_total,2007,7288.704
mex,sex_t,geo_cov_rur,mts_aggregate_total,2008,7491.199
mex,sex_t,geo_cov_rur,mts_aggregate_total,2009,7616.685
mex,sex_t,geo_cov_rur,mts_aggregate_total,2010,7791.54
mex,sex_t,geo_cov_rur,mts_aggregate_total,2011,7985.83
mex,sex_t,geo_cov_rur,mts_aggregate_total,2012,8022.572
mex,sex_t,geo_cov_rur,mts_aggregate_total,2013,8230.564
mex,sex_t,geo_cov_rur,mts_aggregate_total,2014,8327.078
mex,sex_t,geo_cov_rur,mts_aggregate_total,2015,8412.848
mex,sex_t,geo_cov_rur,mts_aggregate_total,2016,8733.421
mex,sex_t,geo_cov_rur,mts_aggregate_total,2017,8884.31
mex,sex_t,geo_cov_rur,mts_aggregate_total,2018,8833.024
mex,sex_t,geo_cov_rur,mts_aggregate_total,2019,8781.818
mex,sex_t,geo_cov_rur,mts_aggregate_total,2021,9352.015
mex,sex_t,geo_cov_rur,mts_aggregate_x,2002,0.254
mex,sex_t,geo_cov_rur,mts_aggregate_x,2003,0.765
mex,sex_t,geo_cov_rur,mts_aggregate_x,2006,0.906
mex,sex_t,geo_cov_rur,mts_aggregate_x,2007,1.455
mex,sex_t,geo_cov_rur,mts_aggregate_x,2011,0.676
mex,sex_t,geo_cov_rur,mts_aggregate_x,2012,1.332
mex,sex_t,geo_cov_rur,mts_aggregate_x,2013,1.081
mex,sex_t,geo_cov_rur,mts_aggregate_x,2014,2.012
mex,sex_t,geo_cov_rur,mts_aggregate_x,2015,0.834
mex,sex_t,geo_cov_rur,mts_aggregate_x,2017,1.219
mex,sex_t,geo_cov_rur,mts_aggregate_x,2018,0.505
mex,sex_t,geo_cov_rur,mts_aggregate_x,2021,1.755
mex,sex_t,geo_cov_rur,mts_details_mrd,2002,3456.835
mex,sex_t,geo_cov_rur,mts_details_mrd,2003,3443.132
mex,sex_t,geo_cov_rur,mts_details_mrd,2004,3320.16
mex,sex_t,geo_cov_rur,mts_details_mrd,2005,3352.904
mex,sex_t,geo_cov_rur,mts_details_mrd,2006,3453.331
mex,sex_t,geo_cov_rur,mts_details_mrd,2007,3476.745
mex,sex_t,geo_cov_rur,mts_details_mrd,2008,3490.775
mex,sex_t,geo_cov_rur,mts_details_mrd,2009,3572.137
mex,sex_t,geo_cov_rur,mts_details_mrd,2010,3595.478
mex,sex_t,geo_cov_rur,mts_details_mrd,2011,3586.416
mex,sex_t,geo_cov_rur,mts_details_mrd,2012,3537.757
mex,sex_t,geo_cov_rur,mts_details_mrd,2013,3638.612
mex,sex_t,geo_cov_rur,mts_details_mrd,2014,3616.043
mex,sex_t,geo_cov_rur,mts_details_mrd,2015,3674.616
mex,sex_t,geo_cov_rur,mts_details_mrd,2016,3752.27
mex,sex_t,geo_cov_rur,mts_details_mrd,2017,3816.509
mex,sex_t,geo_cov_rur,mts_details_mrd,2018,3720.384
mex,sex_t,geo_cov_rur,mts_details_mrd,2019,3703.449
mex,sex_t,geo_cov_rur,mts_details_mrd,2021,3829.444
mex,sex_t,geo_cov_rur,mts_details_sep,2002,128.204
mex,sex_t,geo_cov_rur,mts_details_sep,2003,140.436
mex,sex_t,geo_cov_rur,mts_details_sep,2004,157.355
mex,sex_t,geo_cov_rur,mts_details_sep,2005,143.266
mex,sex_t,geo_cov_rur,mts_details_sep,2006,139.173
mex,sex_t,geo_cov_rur,mts_details_sep,2007,145.629
mex,sex_t,geo_cov_rur,mts_details_sep,2008,158.169
mex,sex_t,geo_cov_rur,mts_details_sep,2009,163.994
mex,sex_t,geo_cov_rur,mts_details_sep,2010,173.373
mex,sex_t,geo_cov_rur,mts_details_sep,2011,180.334
mex,sex_t,geo_cov_rur,mts_details_sep,2012,176.957
mex,sex_t,geo_cov_rur,mts_details_sep,2013,176.215
mex,sex_t,geo_cov_rur,mts_details_sep,2014,182.632
mex,sex_t,geo_cov_rur,mts_details_sep,2015,178.977
mex,sex_t,geo_cov_rur,mts_details_sep,2016,217.054
mex,sex_t,geo_cov_rur,mts_details_sep,2017,224.124
mex,sex_t,geo_cov_rur,mts_details_sep,2018,224.16
mex,sex_t,geo_cov_rur,mts_details_sep,2019,242.521
mex,sex_t,geo_cov_rur,mts_details_sep,2021,289.81
mex,sex_t,geo_cov_rur,mts_details_sgle,2002,2001.376
mex,sex_t,geo_cov_rur,mts_details_sgle,2003,2025.152
mex,sex_t,geo_cov_rur,mts_details_sgle,2004,1987.431
mex,sex_t,geo_cov_rur,mts_details_sgle,2005,1978.41
mex,sex_t,geo_cov_rur,mts_details_sgle,2006,2007.858
mex,sex_t,geo_cov_rur,mts_details_sgle,2007,2042.193
mex,sex_t,geo_cov_rur,mts_details_sgle,2008,2068.361
mex,sex_t,geo_cov_rur,mts_details_sgle,2009,2128.422
mex,sex_t,geo_cov_rur,mts_details_sgle,2010,2194.988
mex,sex_t,geo_cov_rur,mts_details_sgle,2011,2232.686
mex,sex_t,geo_cov_rur,mts_details_sgle,2012,2253.781
mex,sex_t,geo_cov_rur,mts_details_sgle,2013,2329.426
mex,sex_t,geo_cov_rur,mts_details_sgle,2014,2349.859
mex,sex_t,geo_cov_rur,mts_details_sgle,2015,2348.941
mex,sex_t,geo_cov_rur,mts_details_sgle,2016,2419.384
mex,sex_t,geo_cov_rur,mts_details_sgle,2017,2434.809
mex,sex_t,geo_cov_rur,mts_details_sgle,2018,2463.858
mex,sex_t,geo_cov_rur,mts_details_sgle,2019,2429.321
mex,sex_t,geo_cov_rur,mts_details_sgle,2021,2676.677
mex,sex_t,geo_cov_rur,mts_details_total,2002,6886.289
mex,sex_t,geo_cov_rur,mts_details_total,2003,6949.492
mex,sex_t,geo_cov_rur,mts_details_total,2004,6898.517
mex,sex_t,geo_cov_rur,mts_details_total,2005,6983.803
mex,sex_t,geo_cov_rur,mts_details_total,2006,7176.501
mex,sex_t,geo_cov_rur,mts_details_total,2007,7288.704
mex,sex_t,geo_cov_rur,mts_details_total,2008,7491.199
mex,sex_t,geo_cov_rur,mts_details_total,2009,7616.685
mex,sex_t,geo_cov_rur,mts_details_total,2010,7791.54
mex,sex_t,geo_cov_rur,mts_details_total,2011,7985.83
mex,sex_t,geo_cov_rur,mts_details_total,2012,8022.572
mex,sex_t,geo_cov_rur,mts_details_total,2013,8230.564
mex,sex_t,geo_cov_rur,mts_details_total,2014,8327.078
mex,sex_t,geo_cov_rur,mts_details_total,2015,8412.848
mex,sex_t,geo_cov_rur,mts_details_total,2016,8733.421
mex,sex_t,geo_cov_rur,mts_details_total,2017,8884.31
mex,sex_t,geo_cov_rur,mts_details_total,2018,8833.024
mex,sex_t,geo_cov_rur,mts_details_total,2019,8781.818
mex,sex_t,geo_cov_rur,mts_details_total,2021,9352.015
mex,sex_t,geo_cov_rur,mts_details_union,2002,748.432
mex,sex_t,geo_cov_rur,mts_details_union,2003,756.655
mex,sex_t,geo_cov_rur,mts_details_union,2004,887.611
mex,sex_t,geo_cov_rur,mts_details_union,2005,962.062
mex,sex_t,geo_cov_rur,mts_details_union,2006,997.087
mex,sex_t,geo_cov_rur,mts_details_union,2007,1010.609
mex,sex_t,geo_cov_rur,mts_details_union,2008,1146.369
mex,sex_t,geo_cov_rur,mts_details_union,2009,1140.783
mex,sex_t,geo_cov_rur,mts_details_union,2010,1231.026
mex,sex_t,geo_cov_rur,mts_details_union,2011,1351.686
mex,sex_t,geo_cov_rur,mts_details_union,2012,1412.033
mex,sex_t,geo_cov_rur,mts_details_union,2013,1423.053
mex,sex_t,geo_cov_rur,mts_details_union,2014,1486.402
mex,sex_t,geo_cov_rur,mts_details_union,2015,1506.482
mex,sex_t,geo_cov_rur,mts_details_union,2016,1595.191
mex,sex_t,geo_cov_rur,mts_details_union,2017,1667.99
mex,sex_t,geo_cov_rur,mts_details_union,2018,1696.799
mex,sex_t,geo_cov_rur,mts_details_union,2019,1659.603
mex,sex_t,geo_cov_rur,mts_details_union,2021,1684.346
mex,sex_t,geo_cov_rur,mts_details_wid,2002,551.187
mex,sex_t,geo_cov_rur,mts_details_wid,2003,583.352
mex,sex_t,geo_cov_rur,mts_details_wid,2004,545.925
mex,sex_t,geo_cov_rur,mts_details_wid,2005,546.735
mex,sex_t,geo_cov_rur,mts_details_wid,2006,578.146
mex,sex_t,geo_cov_rur,mts_details_wid,2007,612.073
mex,sex_t,geo_cov_rur,mts_details_wid,2008,627.268
mex,sex_t,geo_cov_rur,mts_details_wid,2009,610.915
mex,sex_t,geo_cov_rur,mts_details_wid,2010,596.202
mex,sex_t,geo_cov_rur,mts_details_wid,2011,634.032
mex,sex_t,geo_cov_rur,mts_details_wid,2012,640.712
mex,sex_t,geo_cov_rur,mts_details_wid,2013,662.177
mex,sex_t,geo_cov_rur,mts_details_wid,2014,690.131
mex,sex_t,geo_cov_rur,mts_details_wid,2015,702.998
mex,sex_t,geo_cov_rur,mts_details_wid,2016,749.292
mex,sex_t,geo_cov_rur,mts_details_wid,2017,739.659
mex,sex_t,geo_cov_rur,mts_details_wid,2018,727.318
mex,sex_t,geo_cov_rur,mts_details_wid,2019,746.812
mex,sex_t,geo_cov_rur,mts_details_wid,2021,869.984
mex,sex_t,geo_cov_rur,mts_details_x,2002,0.254
mex,sex_t,geo_cov_rur,mts_details_x,2003,0.765
mex,sex_t,geo_cov_rur,mts_details_x,2006,0.906
mex,sex_t,geo_cov_rur,mts_details_x,2007,1.455
mex,sex_t,geo_cov_rur,mts_details_x,2011,0.676
mex,sex_t,geo_cov_rur,mts_details_x,2012,1.332
mex,sex_t,geo_cov_rur,mts_details_x,2013,1.081
mex,sex_t,geo_cov_rur,mts_details_x,2014,2.012
mex,sex_t,geo_cov_rur,mts_details_x,2015,0.834
mex,sex_t,geo_cov_rur,mts_details_x,2017,1.219
mex,sex_t,geo_cov_rur,mts_details_x,2018,0.505
mex,sex_t,geo_cov_rur,mts_details_x,2021,1.755
mex,sex_t,geo_cov_urb,mts_aggregate_1,2002,10311.688
mex,sex_t,geo_cov_urb,mts_aggregate_1,2003,10401.984
mex,sex_t,geo_cov_urb,mts_aggregate_1,2004,10574.541
mex,sex_t,geo_cov_urb,mts_aggregate_1,2005,10813.579
mex,sex_t,geo_cov_urb,mts_aggregate_1,2006,10727.248
mex,sex_t,geo_cov_urb,mts_aggregate_1,2007,11037.708
mex,sex_t,geo_cov_urb,mts_aggregate_1,2008,11338.526
mex,sex_t,geo_cov_urb,mts_aggregate_1,2009,11919.31
mex,sex_t,geo_cov_urb,mts_aggregate_1,2010,12217.619
mex,sex_t,geo_cov_urb,mts_aggregate_1,2011,12411.335
mex,sex_t,geo_cov_urb,mts_aggregate_1,2012,12430.714
mex,sex_t,geo_cov_urb,mts_aggregate_1,2013,12610.632
mex,sex_t,geo_cov_urb,mts_aggregate_1,2014,12924.895
mex,sex_t,geo_cov_urb,mts_aggregate_1,2015,13298.422
mex,sex_t,geo_cov_urb,mts_aggregate_1,2016,13553.515
mex,sex_t,geo_cov_urb,mts_aggregate_1,2017,13909.668
mex,sex_t,geo_cov_urb,mts_aggregate_1,2018,14048.245
mex,sex_t,geo_cov_urb,mts_aggregate_1,2019,14340.614
mex,sex_t,geo_cov_urb,mts_aggregate_1,2021,15802.464
mex,sex_t,geo_cov_urb,mts_aggregate_2,2002,12050.304
mex,sex_t,geo_cov_urb,mts_aggregate_2,2003,12165.206
mex,sex_t,geo_cov_urb,mts_aggregate_2,2004,11828.044
mex,sex_t,geo_cov_urb,mts_aggregate_2,2005,12110.333
mex,sex_t,geo_cov_urb,mts_aggregate_2,2006,11918.144
mex,sex_t,geo_cov_urb,mts_aggregate_2,2007,12138.51
mex,sex_t,geo_cov_urb,mts_aggregate_2,2008,12421.992
mex,sex_t,geo_cov_urb,mts_aggregate_2,2009,12612.898
mex,sex_t,geo_cov_urb,mts_aggregate_2,2010,12919.932
mex,sex_t,geo_cov_urb,mts_aggregate_2,2011,13080.462
mex,sex_t,geo_cov_urb,mts_aggregate_2,2012,13108.934
mex,sex_t,geo_cov_urb,mts_aggregate_2,2013,13276.016
mex,sex_t,geo_cov_urb,mts_aggregate_2,2014,13701.417
mex,sex_t,geo_cov_urb,mts_aggregate_2,2015,13850.186
mex,sex_t,geo_cov_urb,mts_aggregate_2,2016,13966.364
mex,sex_t,geo_cov_urb,mts_aggregate_2,2017,14338.529
mex,sex_t,geo_cov_urb,mts_aggregate_2,2018,14325.391
mex,sex_t,geo_cov_urb,mts_aggregate_2,2019,14325.499
mex,sex_t,geo_cov_urb,mts_aggregate_2,2021,15124.825
mex,sex_t,geo_cov_urb,mts_aggregate_total,2002,22363.746
mex,sex_t,geo_cov_urb,mts_aggregate_total,2003,22569.2
mex,sex_t,geo_cov_urb,mts_aggregate_total,2004,22403.743
mex,sex_t,geo_cov_urb,mts_aggregate_total,2005,22926.513
mex,sex_t,geo_cov_urb,mts_aggregate_total,2006,22647.067
mex,sex_t,geo_cov_urb,mts_aggregate_total,2007,23177.738
mex,sex_t,geo_cov_urb,mts_aggregate_total,2008,23762.28
mex,sex_t,geo_cov_urb,mts_aggregate_total,2009,24533.357
mex,sex_t,geo_cov_urb,mts_aggregate_total,2010,25139.825
mex,sex_t,geo_cov_urb,mts_aggregate_total,2011,25492.555
mex,sex_t,geo_cov_urb,mts_aggregate_total,2012,25540.409
mex,sex_t,geo_cov_urb,mts_aggregate_total,2013,25887.764
mex,sex_t,geo_cov_urb,mts_aggregate_total,2014,26628.104
mex,sex_t,geo_cov_urb,mts_aggregate_total,2015,27150.774
mex,sex_t,geo_cov_urb,mts_aggregate_total,2016,27528.65
mex,sex_t,geo_cov_urb,mts_aggregate_total,2017,28251.73
mex,sex_t,geo_cov_urb,mts_aggregate_total,2018,28377.292
mex,sex_t,geo_cov_urb,mts_aggregate_total,2019,28669.936
mex,sex_t,geo_cov_urb,mts_aggregate_total,2021,30931.095
mex,sex_t,geo_cov_urb,mts_aggregate_x,2002,1.754
mex,sex_t,geo_cov_urb,mts_aggregate_x,2003,2.011
mex,sex_t,geo_cov_urb,mts_aggregate_x,2004,1.158
mex,sex_t,geo_cov_urb,mts_aggregate_x,2005,2.601
mex,sex_t,geo_cov_urb,mts_aggregate_x,2006,1.676
mex,sex_t,geo_cov_urb,mts_aggregate_x,2007,1.521
mex,sex_t,geo_cov_urb,mts_aggregate_x,2008,1.762
mex,sex_t,geo_cov_urb,mts_aggregate_x,2009,1.15
mex,sex_t,geo_cov_urb,mts_aggregate_x,2010,2.275
mex,sex_t,geo_cov_urb,mts_aggregate_x,2011,0.758
mex,sex_t,geo_cov_urb,mts_aggregate_x,2012,0.761
mex,sex_t,geo_cov_urb,mts_aggregate_x,2013,1.116
mex,sex_t,geo_cov_urb,mts_aggregate_x,2014,1.793
mex,sex_t,geo_cov_urb,mts_aggregate_x,2015,2.166
mex,sex_t,geo_cov_urb,mts_aggregate_x,2016,8.771
mex,sex_t,geo_cov_urb,mts_aggregate_x,2017,3.534
mex,sex_t,geo_cov_urb,mts_aggregate_x,2018,3.656
mex,sex_t,geo_cov_urb,mts_aggregate_x,2019,3.824
mex,sex_t,geo_cov_urb,mts_aggregate_x,2021,3.806
mex,sex_t,geo_cov_urb,mts_details_mrd,2002,10436.671
mex,sex_t,geo_cov_urb,mts_details_mrd,2003,10476.17
mex,sex_t,geo_cov_urb,mts_details_mrd,2004,10018.169
mex,sex_t,geo_cov_urb,mts_details_mrd,2005,10131.27
mex,sex_t,geo_cov_urb,mts_details_mrd,2006,9878.373
mex,sex_t,geo_cov_urb,mts_details_mrd,2007,9996.83
mex,sex_t,geo_cov_urb,mts_details_mrd,2008,10156.187
mex,sex_t,geo_cov_urb,mts_details_mrd,2009,10324.038
mex,sex_t,geo_cov_urb,mts_details_mrd,2010,10400.863
mex,sex_t,geo_cov_urb,mts_details_mrd,2011,10432.676
mex,sex_t,geo_cov_urb,mts_details_mrd,2012,10370.805
mex,sex_t,geo_cov_urb,mts_details_mrd,2013,10491.551
mex,sex_t,geo_cov_urb,mts_details_mrd,2014,10764.621
mex,sex_t,geo_cov_urb,mts_details_mrd,2015,10845.873
mex,sex_t,geo_cov_urb,mts_details_mrd,2016,10897.096
mex,sex_t,geo_cov_urb,mts_details_mrd,2017,11081.19
mex,sex_t,geo_cov_urb,mts_details_mrd,2018,11108.26
mex,sex_t,geo_cov_urb,mts_details_mrd,2019,11033.935
mex,sex_t,geo_cov_urb,mts_details_mrd,2021,11510.83
mex,sex_t,geo_cov_urb,mts_details_sep,2002,715.572
mex,sex_t,geo_cov_urb,mts_details_sep,2003,733.37
mex,sex_t,geo_cov_urb,mts_details_sep,2004,783.604
mex,sex_t,geo_cov_urb,mts_details_sep,2005,781.667
mex,sex_t,geo_cov_urb,mts_details_sep,2006,780.562
mex,sex_t,geo_cov_urb,mts_details_sep,2007,804.639
mex,sex_t,geo_cov_urb,mts_details_sep,2008,788.685
mex,sex_t,geo_cov_urb,mts_details_sep,2009,850.211
mex,sex_t,geo_cov_urb,mts_details_sep,2010,925.586
mex,sex_t,geo_cov_urb,mts_details_sep,2011,963.771
mex,sex_t,geo_cov_urb,mts_details_sep,2012,934.731
mex,sex_t,geo_cov_urb,mts_details_sep,2013,926.772
mex,sex_t,geo_cov_urb,mts_details_sep,2014,1010.602
mex,sex_t,geo_cov_urb,mts_details_sep,2015,1064.387
mex,sex_t,geo_cov_urb,mts_details_sep,2016,1112.295
mex,sex_t,geo_cov_urb,mts_details_sep,2017,1124.061
mex,sex_t,geo_cov_urb,mts_details_sep,2018,1136.602
mex,sex_t,geo_cov_urb,mts_details_sep,2019,1161.112
mex,sex_t,geo_cov_urb,mts_details_sep,2021,1471.633
mex,sex_t,geo_cov_urb,mts_details_sgle,2002,7813.792
mex,sex_t,geo_cov_urb,mts_details_sgle,2003,7828.108
mex,sex_t,geo_cov_urb,mts_details_sgle,2004,7915.343
mex,sex_t,geo_cov_urb,mts_details_sgle,2005,8074.909
mex,sex_t,geo_cov_urb,mts_details_sgle,2006,8023.771
mex,sex_t,geo_cov_urb,mts_details_sgle,2007,8225.143
mex,sex_t,geo_cov_urb,mts_details_sgle,2008,8506.274
mex,sex_t,geo_cov_urb,mts_details_sgle,2009,8972.131
mex,sex_t,geo_cov_urb,mts_details_sgle,2010,9147.193
mex,sex_t,geo_cov_urb,mts_details_sgle,2011,9221.857
mex,sex_t,geo_cov_urb,mts_details_sgle,2012,9196.445
mex,sex_t,geo_cov_urb,mts_details_sgle,2013,9400.066
mex,sex_t,geo_cov_urb,mts_details_sgle,2014,9586.934
mex,sex_t,geo_cov_urb,mts_details_sgle,2015,9870.682
mex,sex_t,geo_cov_urb,mts_details_sgle,2016,10025.08
mex,sex_t,geo_cov_urb,mts_details_sgle,2017,10328.734
mex,sex_t,geo_cov_urb,mts_details_sgle,2018,10383.633
mex,sex_t,geo_cov_urb,mts_details_sgle,2019,10457.191
mex,sex_t,geo_cov_urb,mts_details_sgle,2021,11239.545
mex,sex_t,geo_cov_urb,mts_details_total,2002,22363.746
mex,sex_t,geo_cov_urb,mts_details_total,2003,22569.2
mex,sex_t,geo_cov_urb,mts_details_total,2004,22403.743
mex,sex_t,geo_cov_urb,mts_details_total,2005,22926.513
mex,sex_t,geo_cov_urb,mts_details_total,2006,22647.067
mex,sex_t,geo_cov_urb,mts_details_total,2007,23177.738
mex,sex_t,geo_cov_urb,mts_details_total,2008,23762.28
mex,sex_t,geo_cov_urb,mts_details_total,2009,24533.357
mex,sex_t,geo_cov_urb,mts_details_total,2010,25139.825
mex,sex_t,geo_cov_urb,mts_details_total,2011,25492.555
mex,sex_t,geo_cov_urb,mts_details_total,2012,25540.409
mex,sex_t,geo_cov_urb,mts_details_total,2013,25887.764
mex,sex_t,geo_cov_urb,mts_details_total,2014,26628.104
mex,sex_t,geo_cov_urb,mts_details_total,2015,27150.774
mex,sex_t,geo_cov_urb,mts_details_total,2016,27528.65
mex,sex_t,geo_cov_urb,mts_details_total,2017,28251.73
mex,sex_t,geo_cov_urb,mts_details_total,2018,28377.292
mex,sex_t,geo_cov_urb,mts_details_total,2019,28669.936
mex,sex_t,geo_cov_urb,mts_details_total,2021,30931.095
mex,sex_t,geo_cov_urb,mts_details_union,2002,1613.633
mex,sex_t,geo_cov_urb,mts_details_union,2003,1689.036
mex,sex_t,geo_cov_urb,mts_details_union,2004,1809.875
mex,sex_t,geo_cov_urb,mts_details_union,2005,1979.063
mex,sex_t,geo_cov_urb,mts_details_union,2006,2039.771
mex,sex_t,geo_cov_urb,mts_details_union,2007,2141.681
mex,sex_t,geo_cov_urb,mts_details_union,2008,2265.805
mex,sex_t,geo_cov_urb,mts_details_union,2009,2288.86
mex,sex_t,geo_cov_urb,mts_details_union,2010,2519.07
mex,sex_t,geo_cov_urb,mts_details_union,2011,2647.786
mex,sex_t,geo_cov_urb,mts_details_union,2012,2738.129
mex,sex_t,geo_cov_urb,mts_details_union,2013,2784.465
mex,sex_t,geo_cov_urb,mts_details_union,2014,2936.796
mex,sex_t,geo_cov_urb,mts_details_union,2015,3004.314
mex,sex_t,geo_cov_urb,mts_details_union,2016,3069.269
mex,sex_t,geo_cov_urb,mts_details_union,2017,3257.339
mex,sex_t,geo_cov_urb,mts_details_union,2018,3217.131
mex,sex_t,geo_cov_urb,mts_details_union,2019,3291.564
mex,sex_t,geo_cov_urb,mts_details_union,2021,3613.996
mex,sex_t,geo_cov_urb,mts_details_wid,2002,1782.324
mex,sex_t,geo_cov_urb,mts_details_wid,2003,1840.506
mex,sex_t,geo_cov_urb,mts_details_wid,2004,1875.594
mex,sex_t,geo_cov_urb,mts_details_wid,2005,1957.003
mex,sex_t,geo_cov_urb,mts_details_wid,2006,1922.915
mex,sex_t,geo_cov_urb,mts_details_wid,2007,2007.926
mex,sex_t,geo_cov_urb,mts_details_wid,2008,2043.568
mex,sex_t,geo_cov_urb,mts_details_wid,2009,2096.968
mex,sex_t,geo_cov_urb,mts_details_wid,2010,2144.839
mex,sex_t,geo_cov_urb,mts_details_wid,2011,2225.708
mex,sex_t,geo_cov_urb,mts_details_wid,2012,2299.539
mex,sex_t,geo_cov_urb,mts_details_wid,2013,2283.794
mex,sex_t,geo_cov_urb,mts_details_wid,2014,2327.359
mex,sex_t,geo_cov_urb,mts_details_wid,2015,2363.353
mex,sex_t,geo_cov_urb,mts_details_wid,2016,2416.141
mex,sex_t,geo_cov_urb,mts_details_wid,2017,2456.873
mex,sex_t,geo_cov_urb,mts_details_wid,2018,2528.009
mex,sex_t,geo_cov_urb,mts_details_wid,2019,2722.312
mex,sex_t,geo_cov_urb,mts_details_wid,2021,3091.286
mex,sex_t,geo_cov_urb,mts_details_x,2002,1.754
mex,sex_t,geo_cov_urb,mts_details_x,2003,2.011
mex,sex_t,geo_cov_urb,mts_details_x,2004,1.158
mex,sex_t,geo_cov_urb,mts_details_x,2005,2.601
mex,sex_t,geo_cov_urb,mts_details_x,2006,1.676
mex,sex_t,geo_cov_urb,mts_details_x,2007,1.521
mex,sex_t,geo_cov_urb,mts_details_x,2008,1.762
mex,sex_t,geo_cov_urb,mts_details_x,2009,1.15
mex,sex_t,geo_cov_urb,mts_details_x,2010,2.275
mex,sex_t,geo_cov_urb,mts_details_x,2011,0.758
mex,sex_t,geo_cov_urb,mts_details_x,2012,0.761
mex,sex_t,geo_cov_urb,mts_details_x,2013,1.116
mex,sex_t,geo_cov_urb,mts_details_x,2014,1.793
mex,sex_t,geo_cov_urb,mts_details_x,2015,2.166
mex,sex_t,geo_cov_urb,mts_details_x,2016,8.771
mex,sex_t,geo_cov_urb,mts_details_x,2017,3.534
mex,sex_t,geo_cov_urb,mts_details_x,2018,3.656
mex,sex_t,geo_cov_urb,mts_details_x,2019,3.824
mex,sex_t,geo_cov_urb,mts_details_x,2021,3.806
mex,sex_t,geo_cov_x,mts_aggregate_1,2004,185.991
mex,sex_t,geo_cov_x,mts_aggregate_2,2004,163.304
mex,sex_t,geo_cov_x,mts_aggregate_total,2004,349.318
mex,sex_t,geo_cov_x,mts_details_mrd,2004,123.437
mex,sex_t,geo_cov_x,mts_details_sep,2004,26.999
mex,sex_t,geo_cov_x,mts_details_sgle,2004,146.312
mex,sex_t,geo_cov_x,mts_details_total,2004,349.318
mex,sex_t,geo_cov_x,mts_details_union,2004,39.867
mex,sex_t,geo_cov_x,mts_details_wid,2004,12.68
mhl,sex_f,geo_cov_nat,mts_aggregate_1,2019,5.26
mhl,sex_f,geo_cov_nat,mts_aggregate_2,2019,8.676
mhl,sex_f,geo_cov_nat,mts_aggregate_total,2019,13.936
mhl,sex_f,geo_cov_nat,mts_details_mrd,2019,4.217
mhl,sex_f,geo_cov_nat,mts_details_sep,2019,0.435
mhl,sex_f,geo_cov_nat,mts_details_sgle,2019,3.44
mhl,sex_f,geo_cov_nat,mts_details_total,2019,13.936
mhl,sex_f,geo_cov_nat,mts_details_union,2019,4.459
mhl,sex_f,geo_cov_nat,mts_details_wid,2019,1.384
mhl,sex_f,geo_cov_rur,mts_aggregate_1,2019,0.994
mhl,sex_f,geo_cov_rur,mts_aggregate_2,2019,2.242
mhl,sex_f,geo_cov_rur,mts_aggregate_total,2019,3.236
mhl,sex_f,geo_cov_rur,mts_details_mrd,2019,1.245
mhl,sex_f,geo_cov_rur,mts_details_sep,2019,0.159
mhl,sex_f,geo_cov_rur,mts_details_sgle,2019,0.534
mhl,sex_f,geo_cov_rur,mts_details_total,2019,3.236
mhl,sex_f,geo_cov_rur,mts_details_union,2019,0.997
mhl,sex_f,geo_cov_rur,mts_details_wid,2019,0.301
mhl,sex_f,geo_cov_urb,mts_aggregate_1,2019,4.265
mhl,sex_f,geo_cov_urb,mts_aggregate_2,2019,6.435
mhl,sex_f,geo_cov_urb,mts_aggregate_total,2019,10.7
mhl,sex_f,geo_cov_urb,mts_details_mrd,2019,2.972
mhl,sex_f,geo_cov_urb,mts_details_sep,2019,0.276
mhl,sex_f,geo_cov_urb,mts_details_sgle,2019,2.906
mhl,sex_f,geo_cov_urb,mts_details_total,2019,10.7
mhl,sex_f,geo_cov_urb,mts_details_union,2019,3.462
mhl,sex_f,geo_cov_urb,mts_details_wid,2019,1.084
mhl,sex_m,geo_cov_nat,mts_aggregate_1,2019,4.244
mhl,sex_m,geo_cov_nat,mts_aggregate_2,2019,3.155
mhl,sex_m,geo_cov_nat,mts_aggregate_total,2019,7.399
mhl,sex_m,geo_cov_nat,mts_details_mrd,2019,1.643
mhl,sex_m,geo_cov_nat,mts_details_sep,2019,0.136
mhl,sex_m,geo_cov_nat,mts_details_sgle,2019,3.548
mhl,sex_m,geo_cov_nat,mts_details_total,2019,7.399
mhl,sex_m,geo_cov_nat,mts_details_union,2019,1.512
mhl,sex_m,geo_cov_nat,mts_details_wid,2019,0.56
mhl,sex_m,geo_cov_rur,mts_aggregate_1,2019,0.866
mhl,sex_m,geo_cov_rur,mts_aggregate_2,2019,0.947
mhl,sex_m,geo_cov_rur,mts_aggregate_total,2019,1.813
mhl,sex_m,geo_cov_rur,mts_details_mrd,2019,0.557
mhl,sex_m,geo_cov_rur,mts_details_sgle,2019,0.634
mhl,sex_m,geo_cov_rur,mts_details_total,2019,1.813
mhl,sex_m,geo_cov_rur,mts_details_union,2019,0.39
mhl,sex_m,geo_cov_rur,mts_details_wid,2019,0.19
mhl,sex_m,geo_cov_urb,mts_aggregate_1,2019,3.379
mhl,sex_m,geo_cov_urb,mts_aggregate_2,2019,2.207
mhl,sex_m,geo_cov_urb,mts_aggregate_total,2019,5.586
mhl,sex_m,geo_cov_urb,mts_details_mrd,2019,1.086
mhl,sex_m,geo_cov_urb,mts_details_sep,2019,0.094
mhl,sex_m,geo_cov_urb,mts_details_sgle,2019,2.915
mhl,sex_m,geo_cov_urb,mts_details_total,2019,5.586
mhl,sex_m,geo_cov_urb,mts_details_union,2019,1.121
mhl,sex_m,geo_cov_urb,mts_details_wid,2019,0.37
mhl,sex_t,geo_cov_nat,mts_aggregate_1,2019,9.504
mhl,sex_t,geo_cov_nat,mts_aggregate_2,2019,11.831
mhl,sex_t,geo_cov_nat,mts_aggregate_total,2019,21.335
mhl,sex_t,geo_cov_nat,mts_details_mrd,2019,5.86
mhl,sex_t,geo_cov_nat,mts_details_sep,2019,0.572
mhl,sex_t,geo_cov_nat,mts_details_sgle,2019,6.988
mhl,sex_t,geo_cov_nat,mts_details_total,2019,21.335
mhl,sex_t,geo_cov_nat,mts_details_union,2019,5.971
mhl,sex_t,geo_cov_nat,mts_details_wid,2019,1.944
mhl,sex_t,geo_cov_rur,mts_aggregate_1,2019,1.86
mhl,sex_t,geo_cov_rur,mts_aggregate_2,2019,3.189
mhl,sex_t,geo_cov_rur,mts_aggregate_total,2019,5.049
mhl,sex_t,geo_cov_rur,mts_details_mrd,2019,1.802
mhl,sex_t,geo_cov_rur,mts_details_sep,2019,0.202
mhl,sex_t,geo_cov_rur,mts_details_sgle,2019,1.168
mhl,sex_t,geo_cov_rur,mts_details_total,2019,5.049
mhl,sex_t,geo_cov_rur,mts_details_union,2019,1.387
mhl,sex_t,geo_cov_rur,mts_details_wid,2019,0.491
mhl,sex_t,geo_cov_urb,mts_aggregate_1,2019,7.644
mhl,sex_t,geo_cov_urb,mts_aggregate_2,2019,8.642
mhl,sex_t,geo_cov_urb,mts_aggregate_total,2019,16.286
mhl,sex_t,geo_cov_urb,mts_details_mrd,2019,4.058
mhl,sex_t,geo_cov_urb,mts_details_sep,2019,0.37
mhl,sex_t,geo_cov_urb,mts_details_sgle,2019,5.82
mhl,sex_t,geo_cov_urb,mts_details_total,2019,16.286
mhl,sex_t,geo_cov_urb,mts_details_union,2019,4.583
mhl,sex_t,geo_cov_urb,mts_details_wid,2019,1.454
mli,sex_f,geo_cov_nat,mts_aggregate_1,2013,489.268
mli,sex_f,geo_cov_nat,mts_aggregate_1,2014,632.667
mli,sex_f,geo_cov_nat,mts_aggregate_1,2015,563.814
mli,sex_f,geo_cov_nat,mts_aggregate_1,2016,744.548
mli,sex_f,geo_cov_nat,mts_aggregate_1,2017,607.847
mli,sex_f,geo_cov_nat,mts_aggregate_1,2018,770.263
mli,sex_f,geo_cov_nat,mts_aggregate_1,2020,625.541
mli,sex_f,geo_cov_nat,mts_aggregate_2,2013,686.775
mli,sex_f,geo_cov_nat,mts_aggregate_2,2014,1166.561
mli,sex_f,geo_cov_nat,mts_aggregate_2,2015,1247.603
mli,sex_f,geo_cov_nat,mts_aggregate_2,2016,1643.435
mli,sex_f,geo_cov_nat,mts_aggregate_2,2017,1463.087
mli,sex_f,geo_cov_nat,mts_aggregate_2,2018,1659.292
mli,sex_f,geo_cov_nat,mts_aggregate_2,2020,1913.937
mli,sex_f,geo_cov_nat,mts_aggregate_total,2013,1176.382
mli,sex_f,geo_cov_nat,mts_aggregate_total,2014,1799.228
mli,sex_f,geo_cov_nat,mts_aggregate_total,2015,1811.417
mli,sex_f,geo_cov_nat,mts_aggregate_total,2016,2387.983
mli,sex_f,geo_cov_nat,mts_aggregate_total,2017,2070.934
mli,sex_f,geo_cov_nat,mts_aggregate_total,2018,2429.613
mli,sex_f,geo_cov_nat,mts_aggregate_total,2020,2539.478
mli,sex_f,geo_cov_nat,mts_aggregate_x,2013,0.338
mli,sex_f,geo_cov_nat,mts_details_mrd,2013,678.454
mli,sex_f,geo_cov_nat,mts_details_mrd,2014,1146.743
mli,sex_f,geo_cov_nat,mts_details_mrd,2015,1237.369
mli,sex_f,geo_cov_nat,mts_details_mrd,2016,1638.431
mli,sex_f,geo_cov_nat,mts_details_mrd,2017,1457.038
mli,sex_f,geo_cov_nat,mts_details_mrd,2018,1658.968
mli,sex_f,geo_cov_nat,mts_details_mrd,2020,1912.239
mli,sex_f,geo_cov_nat,mts_details_sep,2013,12.717
mli,sex_f,geo_cov_nat,mts_details_sep,2014,17.293
mli,sex_f,geo_cov_nat,mts_details_sep,2015,12.355
mli,sex_f,geo_cov_nat,mts_details_sep,2016,23.293
mli,sex_f,geo_cov_nat,mts_details_sep,2017,12.723
mli,sex_f,geo_cov_nat,mts_details_sep,2018,19.496
mli,sex_f,geo_cov_nat,mts_details_sep,2020,15.144
mli,sex_f,geo_cov_nat,mts_details_sgle,2013,289.095
mli,sex_f,geo_cov_nat,mts_details_sgle,2014,387.592
mli,sex_f,geo_cov_nat,mts_details_sgle,2015,321.841
mli,sex_f,geo_cov_nat,mts_details_sgle,2016,453.653
mli,sex_f,geo_cov_nat,mts_details_sgle,2017,353.336
mli,sex_f,geo_cov_nat,mts_details_sgle,2018,516.192
mli,sex_f,geo_cov_nat,mts_details_sgle,2020,332.167
mli,sex_f,geo_cov_nat,mts_details_total,2013,1176.382
mli,sex_f,geo_cov_nat,mts_details_total,2014,1799.228
mli,sex_f,geo_cov_nat,mts_details_total,2015,1811.417
mli,sex_f,geo_cov_nat,mts_details_total,2016,2387.983
mli,sex_f,geo_cov_nat,mts_details_total,2017,2070.934
mli,sex_f,geo_cov_nat,mts_details_total,2018,2429.613
mli,sex_f,geo_cov_nat,mts_details_total,2020,2539.478
mli,sex_f,geo_cov_nat,mts_details_union,2013,8.322
mli,sex_f,geo_cov_nat,mts_details_union,2014,19.819
mli,sex_f,geo_cov_nat,mts_details_union,2015,10.234
mli,sex_f,geo_cov_nat,mts_details_union,2016,5.004
mli,sex_f,geo_cov_nat,mts_details_union,2017,6.049
mli,sex_f,geo_cov_nat,mts_details_union,2020,1.698
mli,sex_f,geo_cov_nat,mts_details_wid,2013,187.456
mli,sex_f,geo_cov_nat,mts_details_wid,2014,227.783
mli,sex_f,geo_cov_nat,mts_details_wid,2015,229.618
mli,sex_f,geo_cov_nat,mts_details_wid,2016,267.602
mli,sex_f,geo_cov_nat,mts_details_wid,2017,241.788
mli,sex_f,geo_cov_nat,mts_details_wid,2018,234.576
mli,sex_f,geo_cov_nat,mts_details_wid,2020,278.23
mli,sex_f,geo_cov_nat,mts_details_x,2013,0.338
mli,sex_f,geo_cov_rur,mts_aggregate_1,2013,219.613
mli,sex_f,geo_cov_rur,mts_aggregate_1,2014,337.366
mli,sex_f,geo_cov_rur,mts_aggregate_1,2015,322.501
mli,sex_f,geo_cov_rur,mts_aggregate_1,2016,444.138
mli,sex_f,geo_cov_rur,mts_aggregate_1,2017,334.017
mli,sex_f,geo_cov_rur,mts_aggregate_1,2018,421.017
mli,sex_f,geo_cov_rur,mts_aggregate_1,2020,377.956
mli,sex_f,geo_cov_rur,mts_aggregate_2,2013,414.84
mli,sex_f,geo_cov_rur,mts_aggregate_2,2014,822.021
mli,sex_f,geo_cov_rur,mts_aggregate_2,2015,899.714
mli,sex_f,geo_cov_rur,mts_aggregate_2,2016,1214.444
mli,sex_f,geo_cov_rur,mts_aggregate_2,2017,1027.247
mli,sex_f,geo_cov_rur,mts_aggregate_2,2018,1171.439
mli,sex_f,geo_cov_rur,mts_aggregate_2,2020,1420.621
mli,sex_f,geo_cov_rur,mts_aggregate_total,2013,634.791
mli,sex_f,geo_cov_rur,mts_aggregate_total,2014,1159.387
mli,sex_f,geo_cov_rur,mts_aggregate_total,2015,1222.215
mli,sex_f,geo_cov_rur,mts_aggregate_total,2016,1658.582
mli,sex_f,geo_cov_rur,mts_aggregate_total,2017,1361.264
mli,sex_f,geo_cov_rur,mts_aggregate_total,2018,1592.457
mli,sex_f,geo_cov_rur,mts_aggregate_total,2020,1798.576
mli,sex_f,geo_cov_rur,mts_aggregate_x,2013,0.338
mli,sex_f,geo_cov_rur,mts_details_mrd,2013,414.014
mli,sex_f,geo_cov_rur,mts_details_mrd,2014,820.09
mli,sex_f,geo_cov_rur,mts_details_mrd,2015,899.714
mli,sex_f,geo_cov_rur,mts_details_mrd,2016,1210.71
mli,sex_f,geo_cov_rur,mts_details_mrd,2017,1024.889
mli,sex_f,geo_cov_rur,mts_details_mrd,2018,1171.439
mli,sex_f,geo_cov_rur,mts_details_mrd,2020,1420.519
mli,sex_f,geo_cov_rur,mts_details_sep,2013,6.104
mli,sex_f,geo_cov_rur,mts_details_sep,2014,12.912
mli,sex_f,geo_cov_rur,mts_details_sep,2015,5.292
mli,sex_f,geo_cov_rur,mts_details_sep,2016,13.81
mli,sex_f,geo_cov_rur,mts_details_sep,2017,8.2
mli,sex_f,geo_cov_rur,mts_details_sep,2018,10.439
mli,sex_f,geo_cov_rur,mts_details_sep,2020,8.613
mli,sex_f,geo_cov_rur,mts_details_sgle,2013,94.864
mli,sex_f,geo_cov_rur,mts_details_sgle,2014,161.434
mli,sex_f,geo_cov_rur,mts_details_sgle,2015,148.527
mli,sex_f,geo_cov_rur,mts_details_sgle,2016,233.425
mli,sex_f,geo_cov_rur,mts_details_sgle,2017,162.968
mli,sex_f,geo_cov_rur,mts_details_sgle,2018,259.77
mli,sex_f,geo_cov_rur,mts_details_sgle,2020,165.724
mli,sex_f,geo_cov_rur,mts_details_total,2013,634.791
mli,sex_f,geo_cov_rur,mts_details_total,2014,1159.387
mli,sex_f,geo_cov_rur,mts_details_total,2015,1222.215
mli,sex_f,geo_cov_rur,mts_details_total,2016,1658.582
mli,sex_f,geo_cov_rur,mts_details_total,2017,1361.264
mli,sex_f,geo_cov_rur,mts_details_total,2018,1592.457
mli,sex_f,geo_cov_rur,mts_details_total,2020,1798.576
mli,sex_f,geo_cov_rur,mts_details_union,2013,0.826
mli,sex_f,geo_cov_rur,mts_details_union,2014,1.931
mli,sex_f,geo_cov_rur,mts_details_wid,2013,118.645
mli,sex_f,geo_cov_rur,mts_details_wid,2014,163.021
mli,sex_f,geo_cov_rur,mts_details_wid,2015,168.682
mli,sex_f,geo_cov_rur,mts_details_wid,2016,196.904
mli,sex_f,geo_cov_rur,mts_details_wid,2017,162.849
mli,sex_f,geo_cov_rur,mts_details_wid,2018,150.808
mli,sex_f,geo_cov_rur,mts_details_wid,2020,203.618
mli,sex_f,geo_cov_rur,mts_details_x,2013,0.338
mli,sex_f,geo_cov_urb,mts_aggregate_1,2013,269.655
mli,sex_f,geo_cov_urb,mts_aggregate_1,2014,295.301
mli,sex_f,geo_cov_urb,mts_aggregate_1,2015,241.313
mli,sex_f,geo_cov_urb,mts_aggregate_1,2016,300.411
mli,sex_f,geo_cov_urb,mts_aggregate_1,2017,273.83
mli,sex_f,geo_cov_urb,mts_aggregate_1,2018,349.246
mli,sex_f,geo_cov_urb,mts_aggregate_1,2020,247.585
mli,sex_f,geo_cov_urb,mts_aggregate_2,2013,271.936
mli,sex_f,geo_cov_urb,mts_aggregate_2,2014,344.541
mli,sex_f,geo_cov_urb,mts_aggregate_2,2015,347.889
mli,sex_f,geo_cov_urb,mts_aggregate_2,2016,428.99
mli,sex_f,geo_cov_urb,mts_aggregate_2,2017,435.84
mli,sex_f,geo_cov_urb,mts_aggregate_2,2018,487.853
mli,sex_f,geo_cov_urb,mts_aggregate_2,2020,493.317
mli,sex_f,geo_cov_urb,mts_aggregate_total,2013,541.591
mli,sex_f,geo_cov_urb,mts_aggregate_total,2014,639.842
mli,sex_f,geo_cov_urb,mts_aggregate_total,2015,589.202
mli,sex_f,geo_cov_urb,mts_aggregate_total,2016,729.401
mli,sex_f,geo_cov_urb,mts_aggregate_total,2017,709.67
mli,sex_f,geo_cov_urb,mts_aggregate_total,2018,837.156
mli,sex_f,geo_cov_urb,mts_aggregate_total,2020,740.902
mli,sex_f,geo_cov_urb,mts_details_mrd,2013,264.44
mli,sex_f,geo_cov_urb,mts_details_mrd,2014,326.653
mli,sex_f,geo_cov_urb,mts_details_mrd,2015,337.656
mli,sex_f,geo_cov_urb,mts_details_mrd,2016,427.721
mli,sex_f,geo_cov_urb,mts_details_mrd,2017,432.15
mli,sex_f,geo_cov_urb,mts_details_mrd,2018,487.529
mli,sex_f,geo_cov_urb,mts_details_mrd,2020,491.72
mli,sex_f,geo_cov_urb,mts_details_sep,2013,6.613
mli,sex_f,geo_cov_urb,mts_details_sep,2014,4.381
mli,sex_f,geo_cov_urb,mts_details_sep,2015,7.062
mli,sex_f,geo_cov_urb,mts_details_sep,2016,9.484
mli,sex_f,geo_cov_urb,mts_details_sep,2017,4.523
mli,sex_f,geo_cov_urb,mts_details_sep,2018,9.056
mli,sex_f,geo_cov_urb,mts_details_sep,2020,6.531
mli,sex_f,geo_cov_urb,mts_details_sgle,2013,194.232
mli,sex_f,geo_cov_urb,mts_details_sgle,2014,226.158
mli,sex_f,geo_cov_urb,mts_details_sgle,2015,173.314
mli,sex_f,geo_cov_urb,mts_details_sgle,2016,220.229
mli,sex_f,geo_cov_urb,mts_details_sgle,2017,190.368
mli,sex_f,geo_cov_urb,mts_details_sgle,2018,256.422
mli,sex_f,geo_cov_urb,mts_details_sgle,2020,166.442
mli,sex_f,geo_cov_urb,mts_details_total,2013,541.591
mli,sex_f,geo_cov_urb,mts_details_total,2014,639.842
mli,sex_f,geo_cov_urb,mts_details_total,2015,589.202
mli,sex_f,geo_cov_urb,mts_details_total,2016,729.401
mli,sex_f,geo_cov_urb,mts_details_total,2017,709.67
mli,sex_f,geo_cov_urb,mts_details_total,2018,837.156
mli,sex_f,geo_cov_urb,mts_details_total,2020,740.902
mli,sex_f,geo_cov_urb,mts_details_union,2013,7.496
mli,sex_f,geo_cov_urb,mts_details_union,2014,17.888
mli,sex_f,geo_cov_urb,mts_details_union,2015,10.234
mli,sex_f,geo_cov_urb,mts_details_union,2016,1.269
mli,sex_f,geo_cov_urb,mts_details_union,2017,3.691
mli,sex_f,geo_cov_urb,mts_details_union,2020,1.597
mli,sex_f,geo_cov_urb,mts_details_wid,2013,68.811
mli,sex_f,geo_cov_urb,mts_details_wid,2014,64.762
mli,sex_f,geo_cov_urb,mts_details_wid,2015,60.937
mli,sex_f,geo_cov_urb,mts_details_wid,2016,70.699
mli,sex_f,geo_cov_urb,mts_details_wid,2017,78.939
mli,sex_f,geo_cov_urb,mts_details_wid,2018,83.768
mli,sex_f,geo_cov_urb,mts_details_wid,2020,74.611
mli,sex_m,geo_cov_nat,mts_aggregate_1,2013,391.644
mli,sex_m,geo_cov_nat,mts_aggregate_1,2014,485.609
mli,sex_m,geo_cov_nat,mts_aggregate_1,2015,535.11
mli,sex_m,geo_cov_nat,mts_aggregate_1,2016,603.451
mli,sex_m,geo_cov_nat,mts_aggregate_1,2017,502.809
mli,sex_m,geo_cov_nat,mts_aggregate_1,2018,652.563
mli,sex_m,geo_cov_nat,mts_aggregate_1,2020,490.951
mli,sex_m,geo_cov_nat,mts_aggregate_2,2013,190.385
mli,sex_m,geo_cov_nat,mts_aggregate_2,2014,261.534
mli,sex_m,geo_cov_nat,mts_aggregate_2,2015,286.864
mli,sex_m,geo_cov_nat,mts_aggregate_2,2016,399.6
mli,sex_m,geo_cov_nat,mts_aggregate_2,2017,321.771
mli,sex_m,geo_cov_nat,mts_aggregate_2,2018,356.515
mli,sex_m,geo_cov_nat,mts_aggregate_2,2020,312.115
mli,sex_m,geo_cov_nat,mts_aggregate_total,2013,582.693
mli,sex_m,geo_cov_nat,mts_aggregate_total,2014,747.144
mli,sex_m,geo_cov_nat,mts_aggregate_total,2015,821.974
mli,sex_m,geo_cov_nat,mts_aggregate_total,2016,1003.051
mli,sex_m,geo_cov_nat,mts_aggregate_total,2017,824.579
mli,sex_m,geo_cov_nat,mts_aggregate_total,2018,1009.078
mli,sex_m,geo_cov_nat,mts_aggregate_total,2020,803.066
mli,sex_m,geo_cov_nat,mts_aggregate_x,2013,0.665
mli,sex_m,geo_cov_nat,mts_details_mrd,2013,187.821
mli,sex_m,geo_cov_nat,mts_details_mrd,2014,260.564
mli,sex_m,geo_cov_nat,mts_details_mrd,2015,285.776
mli,sex_m,geo_cov_nat,mts_details_mrd,2016,394.792
mli,sex_m,geo_cov_nat,mts_details_mrd,2017,319.328
mli,sex_m,geo_cov_nat,mts_details_mrd,2018,356.515
mli,sex_m,geo_cov_nat,mts_details_mrd,2020,312.115
mli,sex_m,geo_cov_nat,mts_details_sep,2013,2.215
mli,sex_m,geo_cov_nat,mts_details_sep,2014,2.86
mli,sex_m,geo_cov_nat,mts_details_sep,2015,3.556
mli,sex_m,geo_cov_nat,mts_details_sep,2016,2.718
mli,sex_m,geo_cov_nat,mts_details_sep,2018,1.854
mli,sex_m,geo_cov_nat,mts_details_sep,2020,4.81
mli,sex_m,geo_cov_nat,mts_details_sgle,2013,375.105
mli,sex_m,geo_cov_nat,mts_details_sgle,2014,469.122
mli,sex_m,geo_cov_nat,mts_details_sgle,2015,512.643
mli,sex_m,geo_cov_nat,mts_details_sgle,2016,576.78
mli,sex_m,geo_cov_nat,mts_details_sgle,2017,482.755
mli,sex_m,geo_cov_nat,mts_details_sgle,2018,634.653
mli,sex_m,geo_cov_nat,mts_details_sgle,2020,456.72
mli,sex_m,geo_cov_nat,mts_details_total,2013,582.693
mli,sex_m,geo_cov_nat,mts_details_total,2014,747.144
mli,sex_m,geo_cov_nat,mts_details_total,2015,821.974
mli,sex_m,geo_cov_nat,mts_details_total,2016,1003.051
mli,sex_m,geo_cov_nat,mts_details_total,2017,824.579
mli,sex_m,geo_cov_nat,mts_details_total,2018,1009.078
mli,sex_m,geo_cov_nat,mts_details_total,2020,803.066
mli,sex_m,geo_cov_nat,mts_details_union,2013,2.564
mli,sex_m,geo_cov_nat,mts_details_union,2014,0.971
mli,sex_m,geo_cov_nat,mts_details_union,2016,4.807
mli,sex_m,geo_cov_nat,mts_details_union,2017,2.443
mli,sex_m,geo_cov_nat,mts_details_wid,2013,14.324
mli,sex_m,geo_cov_nat,mts_details_wid,2014,13.628
mli,sex_m,geo_cov_nat,mts_details_wid,2015,18.911
mli,sex_m,geo_cov_nat,mts_details_wid,2016,23.953
mli,sex_m,geo_cov_nat,mts_details_wid,2017,18.647
mli,sex_m,geo_cov_nat,mts_details_wid,2018,16.057
mli,sex_m,geo_cov_nat,mts_details_wid,2020,29.421
mli,sex_m,geo_cov_nat,mts_details_x,2013,0.665
mli,sex_m,geo_cov_rur,mts_aggregate_1,2013,153.681
mli,sex_m,geo_cov_rur,mts_aggregate_1,2014,220.808
mli,sex_m,geo_cov_rur,mts_aggregate_1,2015,278.437
mli,sex_m,geo_cov_rur,mts_aggregate_1,2016,362.074
mli,sex_m,geo_cov_rur,mts_aggregate_1,2017,264.671
mli,sex_m,geo_cov_rur,mts_aggregate_1,2018,390.42
mli,sex_m,geo_cov_rur,mts_aggregate_1,2020,304.134
mli,sex_m,geo_cov_rur,mts_aggregate_2,2013,118.491
mli,sex_m,geo_cov_rur,mts_aggregate_2,2014,198.762
mli,sex_m,geo_cov_rur,mts_aggregate_2,2015,222.056
mli,sex_m,geo_cov_rur,mts_aggregate_2,2016,315.951
mli,sex_m,geo_cov_rur,mts_aggregate_2,2017,250.52
mli,sex_m,geo_cov_rur,mts_aggregate_2,2018,269.032
mli,sex_m,geo_cov_rur,mts_aggregate_2,2020,227.853
mli,sex_m,geo_cov_rur,mts_aggregate_total,2013,272.172
mli,sex_m,geo_cov_rur,mts_aggregate_total,2014,419.57
mli,sex_m,geo_cov_rur,mts_aggregate_total,2015,500.493
mli,sex_m,geo_cov_rur,mts_aggregate_total,2016,678.025
mli,sex_m,geo_cov_rur,mts_aggregate_total,2017,515.191
mli,sex_m,geo_cov_rur,mts_aggregate_total,2018,659.452
mli,sex_m,geo_cov_rur,mts_aggregate_total,2020,531.987
mli,sex_m,geo_cov_rur,mts_details_mrd,2013,118.491
mli,sex_m,geo_cov_rur,mts_details_mrd,2014,198.762
mli,sex_m,geo_cov_rur,mts_details_mrd,2015,222.056
mli,sex_m,geo_cov_rur,mts_details_mrd,2016,312.174
mli,sex_m,geo_cov_rur,mts_details_mrd,2017,248.898
mli,sex_m,geo_cov_rur,mts_details_mrd,2018,269.032
mli,sex_m,geo_cov_rur,mts_details_mrd,2020,227.853
mli,sex_m,geo_cov_rur,mts_details_sep,2013,0.838
mli,sex_m,geo_cov_rur,mts_details_sep,2014,1.37
mli,sex_m,geo_cov_rur,mts_details_sep,2020,3.406
mli,sex_m,geo_cov_rur,mts_details_sgle,2013,144.583
mli,sex_m,geo_cov_rur,mts_details_sgle,2014,208.17
mli,sex_m,geo_cov_rur,mts_details_sgle,2015,262.407
mli,sex_m,geo_cov_rur,mts_details_sgle,2016,340.445
mli,sex_m,geo_cov_rur,mts_details_sgle,2017,249.618
mli,sex_m,geo_cov_rur,mts_details_sgle,2018,378.292
mli,sex_m,geo_cov_rur,mts_details_sgle,2020,276.112
mli,sex_m,geo_cov_rur,mts_details_total,2013,272.172
mli,sex_m,geo_cov_rur,mts_details_total,2014,419.57
mli,sex_m,geo_cov_rur,mts_details_total,2015,500.493
mli,sex_m,geo_cov_rur,mts_details_total,2016,678.025
mli,sex_m,geo_cov_rur,mts_details_total,2017,515.191
mli,sex_m,geo_cov_rur,mts_details_total,2018,659.452
mli,sex_m,geo_cov_rur,mts_details_total,2020,531.987
mli,sex_m,geo_cov_rur,mts_details_wid,2013,8.26
mli,sex_m,geo_cov_rur,mts_details_wid,2014,11.268
mli,sex_m,geo_cov_rur,mts_details_wid,2015,14.453
mli,sex_m,geo_cov_rur,mts_details_wid,2016,20.29
mli,sex_m,geo_cov_rur,mts_details_wid,2017,13.647
mli,sex_m,geo_cov_rur,mts_details_wid,2018,11.422
mli,sex_m,geo_cov_rur,mts_details_wid,2020,24.616
mli,sex_m,geo_cov_urb,mts_aggregate_1,2013,237.963
mli,sex_m,geo_cov_urb,mts_aggregate_1,2014,264.801
mli,sex_m,geo_cov_urb,mts_aggregate_1,2015,256.673
mli,sex_m,geo_cov_urb,mts_aggregate_1,2016,241.377
mli,sex_m,geo_cov_urb,mts_aggregate_1,2017,238.137
mli,sex_m,geo_cov_urb,mts_aggregate_1,2018,262.144
mli,sex_m,geo_cov_urb,mts_aggregate_1,2020,186.817
mli,sex_m,geo_cov_urb,mts_aggregate_2,2013,71.893
mli,sex_m,geo_cov_urb,mts_aggregate_2,2014,62.773
mli,sex_m,geo_cov_urb,mts_aggregate_2,2015,64.808
mli,sex_m,geo_cov_urb,mts_aggregate_2,2016,83.649
mli,sex_m,geo_cov_urb,mts_aggregate_2,2017,71.251
mli,sex_m,geo_cov_urb,mts_aggregate_2,2018,87.483
mli,sex_m,geo_cov_urb,mts_aggregate_2,2020,84.262
mli,sex_m,geo_cov_urb,mts_aggregate_total,2013,310.521
mli,sex_m,geo_cov_urb,mts_aggregate_total,2014,327.574
mli,sex_m,geo_cov_urb,mts_aggregate_total,2015,321.481
mli,sex_m,geo_cov_urb,mts_aggregate_total,2016,325.026
mli,sex_m,geo_cov_urb,mts_aggregate_total,2017,309.388
mli,sex_m,geo_cov_urb,mts_aggregate_total,2018,349.626
mli,sex_m,geo_cov_urb,mts_aggregate_total,2020,271.079
mli,sex_m,geo_cov_urb,mts_aggregate_x,2013,0.665
mli,sex_m,geo_cov_urb,mts_details_mrd,2013,69.33
mli,sex_m,geo_cov_urb,mts_details_mrd,2014,61.802
mli,sex_m,geo_cov_urb,mts_details_mrd,2015,63.72
mli,sex_m,geo_cov_urb,mts_details_mrd,2016,82.619
mli,sex_m,geo_cov_urb,mts_details_mrd,2017,70.43
mli,sex_m,geo_cov_urb,mts_details_mrd,2018,87.483
mli,sex_m,geo_cov_urb,mts_details_mrd,2020,84.262
mli,sex_m,geo_cov_urb,mts_details_sep,2013,1.377
mli,sex_m,geo_cov_urb,mts_details_sep,2014,1.49
mli,sex_m,geo_cov_urb,mts_details_sep,2015,1.98
mli,sex_m,geo_cov_urb,mts_details_sep,2018,1.148
mli,sex_m,geo_cov_urb,mts_details_sep,2020,1.404
mli,sex_m,geo_cov_urb,mts_details_sgle,2013,230.522
mli,sex_m,geo_cov_urb,mts_details_sgle,2014,260.951
mli,sex_m,geo_cov_urb,mts_details_sgle,2015,250.236
mli,sex_m,geo_cov_urb,mts_details_sgle,2016,236.335
mli,sex_m,geo_cov_urb,mts_details_sgle,2017,233.138
mli,sex_m,geo_cov_urb,mts_details_sgle,2018,256.361
mli,sex_m,geo_cov_urb,mts_details_sgle,2020,180.608
mli,sex_m,geo_cov_urb,mts_details_total,2013,310.521
mli,sex_m,geo_cov_urb,mts_details_total,2014,327.574
mli,sex_m,geo_cov_urb,mts_details_total,2015,321.481
mli,sex_m,geo_cov_urb,mts_details_total,2016,325.026
mli,sex_m,geo_cov_urb,mts_details_total,2017,309.388
mli,sex_m,geo_cov_urb,mts_details_total,2018,349.626
mli,sex_m,geo_cov_urb,mts_details_total,2020,271.079
mli,sex_m,geo_cov_urb,mts_details_union,2013,2.564
mli,sex_m,geo_cov_urb,mts_details_union,2014,0.971
mli,sex_m,geo_cov_urb,mts_details_union,2016,1.03
mli,sex_m,geo_cov_urb,mts_details_union,2017,0.821
mli,sex_m,geo_cov_urb,mts_details_wid,2013,6.064
mli,sex_m,geo_cov_urb,mts_details_wid,2014,2.36
mli,sex_m,geo_cov_urb,mts_details_wid,2015,4.458
mli,sex_m,geo_cov_urb,mts_details_wid,2016,3.664
mli,sex_m,geo_cov_urb,mts_details_wid,2017,5
mli,sex_m,geo_cov_urb,mts_details_wid,2018,4.635
mli,sex_m,geo_cov_urb,mts_details_wid,2020,4.804
mli,sex_m,geo_cov_urb,mts_details_x,2013,0.665
mli,sex_t,geo_cov_nat,mts_aggregate_1,2013,880.912
mli,sex_t,geo_cov_nat,mts_aggregate_1,2014,1118.276
mli,sex_t,geo_cov_nat,mts_aggregate_1,2015,1098.924
mli,sex_t,geo_cov_nat,mts_aggregate_1,2016,1347.999
mli,sex_t,geo_cov_nat,mts_aggregate_1,2017,1110.655
mli,sex_t,geo_cov_nat,mts_aggregate_1,2018,1422.826
mli,sex_t,geo_cov_nat,mts_aggregate_1,2020,1116.491
mli,sex_t,geo_cov_nat,mts_aggregate_2,2013,877.16
mli,sex_t,geo_cov_nat,mts_aggregate_2,2014,1428.096
mli,sex_t,geo_cov_nat,mts_aggregate_2,2015,1534.467
mli,sex_t,geo_cov_nat,mts_aggregate_2,2016,2043.034
mli,sex_t,geo_cov_nat,mts_aggregate_2,2017,1784.858
mli,sex_t,geo_cov_nat,mts_aggregate_2,2018,2015.808
mli,sex_t,geo_cov_nat,mts_aggregate_2,2020,2226.052
mli,sex_t,geo_cov_nat,mts_aggregate_total,2013,1759.075
mli,sex_t,geo_cov_nat,mts_aggregate_total,2014,2546.372
mli,sex_t,geo_cov_nat,mts_aggregate_total,2015,2633.391
mli,sex_t,geo_cov_nat,mts_aggregate_total,2016,3391.034
mli,sex_t,geo_cov_nat,mts_aggregate_total,2017,2895.514
mli,sex_t,geo_cov_nat,mts_aggregate_total,2018,3438.691
mli,sex_t,geo_cov_nat,mts_aggregate_total,2020,3342.543
mli,sex_t,geo_cov_nat,mts_aggregate_x,2013,1.003
mli,sex_t,geo_cov_nat,mts_details_mrd,2013,866.275
mli,sex_t,geo_cov_nat,mts_details_mrd,2014,1407.306
mli,sex_t,geo_cov_nat,mts_details_mrd,2015,1523.145
mli,sex_t,geo_cov_nat,mts_details_mrd,2016,2033.223
mli,sex_t,geo_cov_nat,mts_details_mrd,2017,1776.366
mli,sex_t,geo_cov_nat,mts_details_mrd,2018,2015.483
mli,sex_t,geo_cov_nat,mts_details_mrd,2020,2224.355
mli,sex_t,geo_cov_nat,mts_details_sep,2013,14.932
mli,sex_t,geo_cov_nat,mts_details_sep,2014,20.152
mli,sex_t,geo_cov_nat,mts_details_sep,2015,15.911
mli,sex_t,geo_cov_nat,mts_details_sep,2016,26.011
mli,sex_t,geo_cov_nat,mts_details_sep,2017,14.13
mli,sex_t,geo_cov_nat,mts_details_sep,2018,21.35
mli,sex_t,geo_cov_nat,mts_details_sep,2020,19.954
mli,sex_t,geo_cov_nat,mts_details_sgle,2013,664.2
mli,sex_t,geo_cov_nat,mts_details_sgle,2014,856.713
mli,sex_t,geo_cov_nat,mts_details_sgle,2015,834.484
mli,sex_t,geo_cov_nat,mts_details_sgle,2016,1030.433
mli,sex_t,geo_cov_nat,mts_details_sgle,2017,836.091
mli,sex_t,geo_cov_nat,mts_details_sgle,2018,1150.844
mli,sex_t,geo_cov_nat,mts_details_sgle,2020,788.886
mli,sex_t,geo_cov_nat,mts_details_total,2013,1759.075
mli,sex_t,geo_cov_nat,mts_details_total,2014,2546.372
mli,sex_t,geo_cov_nat,mts_details_total,2015,2633.391
mli,sex_t,geo_cov_nat,mts_details_total,2016,3391.034
mli,sex_t,geo_cov_nat,mts_details_total,2017,2895.514
mli,sex_t,geo_cov_nat,mts_details_total,2018,3438.691
mli,sex_t,geo_cov_nat,mts_details_total,2020,3342.543
mli,sex_t,geo_cov_nat,mts_details_union,2013,10.886
mli,sex_t,geo_cov_nat,mts_details_union,2014,20.789
mli,sex_t,geo_cov_nat,mts_details_union,2015,11.322
mli,sex_t,geo_cov_nat,mts_details_union,2016,9.811
mli,sex_t,geo_cov_nat,mts_details_union,2017,8.492
mli,sex_t,geo_cov_nat,mts_details_union,2020,1.698
mli,sex_t,geo_cov_nat,mts_details_wid,2013,201.78
mli,sex_t,geo_cov_nat,mts_details_wid,2014,241.411
mli,sex_t,geo_cov_nat,mts_details_wid,2015,248.529
mli,sex_t,geo_cov_nat,mts_details_wid,2016,291.556
mli,sex_t,geo_cov_nat,mts_details_wid,2017,260.434
mli,sex_t,geo_cov_nat,mts_details_wid,2018,250.633
mli,sex_t,geo_cov_nat,mts_details_wid,2020,307.65
mli,sex_t,geo_cov_nat,mts_details_x,2013,1.003
mli,sex_t,geo_cov_rur,mts_aggregate_1,2013,373.294
mli,sex_t,geo_cov_rur,mts_aggregate_1,2014,558.174
mli,sex_t,geo_cov_rur,mts_aggregate_1,2015,600.938
mli,sex_t,geo_cov_rur,mts_aggregate_1,2016,806.212
mli,sex_t,geo_cov_rur,mts_aggregate_1,2017,598.688
mli,sex_t,geo_cov_rur,mts_aggregate_1,2018,811.437
mli,sex_t,geo_cov_rur,mts_aggregate_1,2020,682.09
mli,sex_t,geo_cov_rur,mts_aggregate_2,2013,533.331
mli,sex_t,geo_cov_rur,mts_aggregate_2,2014,1020.782
mli,sex_t,geo_cov_rur,mts_aggregate_2,2015,1121.77
mli,sex_t,geo_cov_rur,mts_aggregate_2,2016,1530.395
mli,sex_t,geo_cov_rur,mts_aggregate_2,2017,1277.767
mli,sex_t,geo_cov_rur,mts_aggregate_2,2018,1440.472
mli,sex_t,geo_cov_rur,mts_aggregate_2,2020,1648.473
mli,sex_t,geo_cov_rur,mts_aggregate_total,2013,906.963
mli,sex_t,geo_cov_rur,mts_aggregate_total,2014,1578.956
mli,sex_t,geo_cov_rur,mts_aggregate_total,2015,1722.708
mli,sex_t,geo_cov_rur,mts_aggregate_total,2016,2336.607
mli,sex_t,geo_cov_rur,mts_aggregate_total,2017,1876.456
mli,sex_t,geo_cov_rur,mts_aggregate_total,2018,2251.909
mli,sex_t,geo_cov_rur,mts_aggregate_total,2020,2330.563
mli,sex_t,geo_cov_rur,mts_aggregate_x,2013,0.338
mli,sex_t,geo_cov_rur,mts_details_mrd,2013,532.505
mli,sex_t,geo_cov_rur,mts_details_mrd,2014,1018.852
mli,sex_t,geo_cov_rur,mts_details_mrd,2015,1121.77
mli,sex_t,geo_cov_rur,mts_details_mrd,2016,1522.883
mli,sex_t,geo_cov_rur,mts_details_mrd,2017,1273.787
mli,sex_t,geo_cov_rur,mts_details_mrd,2018,1440.472
mli,sex_t,geo_cov_rur,mts_details_mrd,2020,1648.372
mli,sex_t,geo_cov_rur,mts_details_sep,2013,6.942
mli,sex_t,geo_cov_rur,mts_details_sep,2014,14.282
mli,sex_t,geo_cov_rur,mts_details_sep,2015,6.869
mli,sex_t,geo_cov_rur,mts_details_sep,2016,15.15
mli,sex_t,geo_cov_rur,mts_details_sep,2017,9.607
mli,sex_t,geo_cov_rur,mts_details_sep,2018,11.145
mli,sex_t,geo_cov_rur,mts_details_sep,2020,12.019
mli,sex_t,geo_cov_rur,mts_details_sgle,2013,239.447
mli,sex_t,geo_cov_rur,mts_details_sgle,2014,369.604
mli,sex_t,geo_cov_rur,mts_details_sgle,2015,410.934
mli,sex_t,geo_cov_rur,mts_details_sgle,2016,573.869
mli,sex_t,geo_cov_rur,mts_details_sgle,2017,412.586
mli,sex_t,geo_cov_rur,mts_details_sgle,2018,638.061
mli,sex_t,geo_cov_rur,mts_details_sgle,2020,441.836
mli,sex_t,geo_cov_rur,mts_details_total,2013,906.963
mli,sex_t,geo_cov_rur,mts_details_total,2014,1578.956
mli,sex_t,geo_cov_rur,mts_details_total,2015,1722.708
mli,sex_t,geo_cov_rur,mts_details_total,2016,2336.607
mli,sex_t,geo_cov_rur,mts_details_total,2017,1876.456
mli,sex_t,geo_cov_rur,mts_details_total,2018,2251.909
mli,sex_t,geo_cov_rur,mts_details_total,2020,2330.563
mli,sex_t,geo_cov_rur,mts_details_union,2013,0.826
mli,sex_t,geo_cov_rur,mts_details_union,2014,1.931
mli,sex_t,geo_cov_rur,mts_details_union,2016,7.512
mli,sex_t,geo_cov_rur,mts_details_union,2017,3.981
mli,sex_t,geo_cov_rur,mts_details_wid,2013,126.905
mli,sex_t,geo_cov_rur,mts_details_wid,2014,174.289
mli,sex_t,geo_cov_rur,mts_details_wid,2015,183.135
mli,sex_t,geo_cov_rur,mts_details_wid,2016,217.193
mli,sex_t,geo_cov_rur,mts_details_wid,2017,176.496
mli,sex_t,geo_cov_rur,mts_details_wid,2018,162.231
mli,sex_t,geo_cov_rur,mts_details_wid,2020,228.235
mli,sex_t,geo_cov_rur,mts_details_x,2013,0.338
mli,sex_t,geo_cov_urb,mts_aggregate_1,2013,507.618
mli,sex_t,geo_cov_urb,mts_aggregate_1,2014,560.102
mli,sex_t,geo_cov_urb,mts_aggregate_1,2015,497.986
mli,sex_t,geo_cov_urb,mts_aggregate_1,2016,541.787
mli,sex_t,geo_cov_urb,mts_aggregate_1,2017,511.967
mli,sex_t,geo_cov_urb,mts_aggregate_1,2018,611.389
mli,sex_t,geo_cov_urb,mts_aggregate_1,2020,434.402
mli,sex_t,geo_cov_urb,mts_aggregate_2,2013,343.829
mli,sex_t,geo_cov_urb,mts_aggregate_2,2014,407.313
mli,sex_t,geo_cov_urb,mts_aggregate_2,2015,412.697
mli,sex_t,geo_cov_urb,mts_aggregate_2,2016,512.639
mli,sex_t,geo_cov_urb,mts_aggregate_2,2017,507.091
mli,sex_t,geo_cov_urb,mts_aggregate_2,2018,575.336
mli,sex_t,geo_cov_urb,mts_aggregate_2,2020,577.579
mli,sex_t,geo_cov_urb,mts_aggregate_total,2013,852.112
mli,sex_t,geo_cov_urb,mts_aggregate_total,2014,967.415
mli,sex_t,geo_cov_urb,mts_aggregate_total,2015,910.683
mli,sex_t,geo_cov_urb,mts_aggregate_total,2016,1054.426
mli,sex_t,geo_cov_urb,mts_aggregate_total,2017,1019.058
mli,sex_t,geo_cov_urb,mts_aggregate_total,2018,1186.782
mli,sex_t,geo_cov_urb,mts_aggregate_total,2020,1011.981
mli,sex_t,geo_cov_urb,mts_aggregate_x,2013,0.665
mli,sex_t,geo_cov_urb,mts_details_mrd,2013,333.769
mli,sex_t,geo_cov_urb,mts_details_mrd,2014,388.455
mli,sex_t,geo_cov_urb,mts_details_mrd,2015,401.375
mli,sex_t,geo_cov_urb,mts_details_mrd,2016,510.34
mli,sex_t,geo_cov_urb,mts_details_mrd,2017,502.58
mli,sex_t,geo_cov_urb,mts_details_mrd,2018,575.012
mli,sex_t,geo_cov_urb,mts_details_mrd,2020,575.982
mli,sex_t,geo_cov_urb,mts_details_sep,2013,7.99
mli,sex_t,geo_cov_urb,mts_details_sep,2014,5.87
mli,sex_t,geo_cov_urb,mts_details_sep,2015,9.042
mli,sex_t,geo_cov_urb,mts_details_sep,2016,10.862
mli,sex_t,geo_cov_urb,mts_details_sep,2017,4.523
mli,sex_t,geo_cov_urb,mts_details_sep,2018,10.205
mli,sex_t,geo_cov_urb,mts_details_sep,2020,7.935
mli,sex_t,geo_cov_urb,mts_details_sgle,2013,424.753
mli,sex_t,geo_cov_urb,mts_details_sgle,2014,487.109
mli,sex_t,geo_cov_urb,mts_details_sgle,2015,423.55
mli,sex_t,geo_cov_urb,mts_details_sgle,2016,456.564
mli,sex_t,geo_cov_urb,mts_details_sgle,2017,423.506
mli,sex_t,geo_cov_urb,mts_details_sgle,2018,512.783
mli,sex_t,geo_cov_urb,mts_details_sgle,2020,347.051
mli,sex_t,geo_cov_urb,mts_details_total,2013,852.112
mli,sex_t,geo_cov_urb,mts_details_total,2014,967.415
mli,sex_t,geo_cov_urb,mts_details_total,2015,910.683
mli,sex_t,geo_cov_urb,mts_details_total,2016,1054.426
mli,sex_t,geo_cov_urb,mts_details_total,2017,1019.058
mli,sex_t,geo_cov_urb,mts_details_total,2018,1186.782
mli,sex_t,geo_cov_urb,mts_details_total,2020,1011.981
mli,sex_t,geo_cov_urb,mts_details_union,2013,10.06
mli,sex_t,geo_cov_urb,mts_details_union,2014,18.859
mli,sex_t,geo_cov_urb,mts_details_union,2015,11.322
mli,sex_t,geo_cov_urb,mts_details_union,2016,2.299
mli,sex_t,geo_cov_urb,mts_details_union,2017,4.511
mli,sex_t,geo_cov_urb,mts_details_union,2020,1.597
mli,sex_t,geo_cov_urb,mts_details_wid,2013,74.875
mli,sex_t,geo_cov_urb,mts_details_wid,2014,67.122
mli,sex_t,geo_cov_urb,mts_details_wid,2015,65.395
mli,sex_t,geo_cov_urb,mts_details_wid,2016,74.362
mli,sex_t,geo_cov_urb,mts_details_wid,2017,83.939
mli,sex_t,geo_cov_urb,mts_details_wid,2018,88.402
mli,sex_t,geo_cov_urb,mts_details_wid,2020,79.416
mli,sex_t,geo_cov_urb,mts_details_x,2013,0.665
mlt,sex_f,geo_cov_nat,mts_aggregate_1,2009,42.813
mlt,sex_f,geo_cov_nat,mts_aggregate_1,2010,42.702
mlt,sex_f,geo_cov_nat,mts_aggregate_1,2011,42.962
mlt,sex_f,geo_cov_nat,mts_aggregate_1,2012,46.039
mlt,sex_f,geo_cov_nat,mts_aggregate_1,2013,45.397
mlt,sex_f,geo_cov_nat,mts_aggregate_1,2014,46.497
mlt,sex_f,geo_cov_nat,mts_aggregate_1,2015,47.448
mlt,sex_f,geo_cov_nat,mts_aggregate_1,2016,49.398
mlt,sex_f,geo_cov_nat,mts_aggregate_1,2017,51.696
mlt,sex_f,geo_cov_nat,mts_aggregate_1,2018,49.795
mlt,sex_f,geo_cov_nat,mts_aggregate_1,2019,49.106
mlt,sex_f,geo_cov_nat,mts_aggregate_1,2020,48.876
mlt,sex_f,geo_cov_nat,mts_aggregate_2,2009,70.324
mlt,sex_f,geo_cov_nat,mts_aggregate_2,2010,70.217
mlt,sex_f,geo_cov_nat,mts_aggregate_2,2011,68.548
mlt,sex_f,geo_cov_nat,mts_aggregate_2,2012,61.701
mlt,sex_f,geo_cov_nat,mts_aggregate_2,2013,60.136
mlt,sex_f,geo_cov_nat,mts_aggregate_2,2014,58.131
mlt,sex_f,geo_cov_nat,mts_aggregate_2,2015,58.252
mlt,sex_f,geo_cov_nat,mts_aggregate_2,2016,55.412
mlt,sex_f,geo_cov_nat,mts_aggregate_2,2017,52.724
mlt,sex_f,geo_cov_nat,mts_aggregate_2,2018,52.08
mlt,sex_f,geo_cov_nat,mts_aggregate_2,2019,52.34
mlt,sex_f,geo_cov_nat,mts_aggregate_2,2020,50.498
mlt,sex_f,geo_cov_nat,mts_aggregate_total,2009,113.137
mlt,sex_f,geo_cov_nat,mts_aggregate_total,2010,112.919
mlt,sex_f,geo_cov_nat,mts_aggregate_total,2011,111.51
mlt,sex_f,geo_cov_nat,mts_aggregate_total,2012,107.74
mlt,sex_f,geo_cov_nat,mts_aggregate_total,2013,105.533
mlt,sex_f,geo_cov_nat,mts_aggregate_total,2014,104.628
mlt,sex_f,geo_cov_nat,mts_aggregate_total,2015,105.7
mlt,sex_f,geo_cov_nat,mts_aggregate_total,2016,104.81
mlt,sex_f,geo_cov_nat,mts_aggregate_total,2017,104.419
mlt,sex_f,geo_cov_nat,mts_aggregate_total,2018,101.875
mlt,sex_f,geo_cov_nat,mts_aggregate_total,2019,101.446
mlt,sex_f,geo_cov_nat,mts_aggregate_total,2020,99.374
mlt,sex_f,geo_cov_rur,mts_aggregate_1,2009,4.19
mlt,sex_f,geo_cov_rur,mts_aggregate_1,2010,4.223
mlt,sex_f,geo_cov_rur,mts_aggregate_1,2011,3.941
mlt,sex_f,geo_cov_rur,mts_aggregate_1,2012,4.181
mlt,sex_f,geo_cov_rur,mts_aggregate_1,2013,4.359
mlt,sex_f,geo_cov_rur,mts_aggregate_1,2014,4.154
mlt,sex_f,geo_cov_rur,mts_aggregate_1,2015,4.278
mlt,sex_f,geo_cov_rur,mts_aggregate_1,2016,4.409
mlt,sex_f,geo_cov_rur,mts_aggregate_1,2017,1.075
mlt,sex_f,geo_cov_rur,mts_aggregate_1,2018,1.051
mlt,sex_f,geo_cov_rur,mts_aggregate_1,2019,1.069
mlt,sex_f,geo_cov_rur,mts_aggregate_1,2020,1.124
mlt,sex_f,geo_cov_rur,mts_aggregate_2,2009,4.856
mlt,sex_f,geo_cov_rur,mts_aggregate_2,2010,4.694
mlt,sex_f,geo_cov_rur,mts_aggregate_2,2011,4.887
mlt,sex_f,geo_cov_rur,mts_aggregate_2,2012,4.25
mlt,sex_f,geo_cov_rur,mts_aggregate_2,2013,3.965
mlt,sex_f,geo_cov_rur,mts_aggregate_2,2014,4.089
mlt,sex_f,geo_cov_rur,mts_aggregate_2,2015,4.496
mlt,sex_f,geo_cov_rur,mts_aggregate_2,2016,4.398
mlt,sex_f,geo_cov_rur,mts_aggregate_2,2017,1.538
mlt,sex_f,geo_cov_rur,mts_aggregate_2,2018,1.597
mlt,sex_f,geo_cov_rur,mts_aggregate_2,2019,1.734
mlt,sex_f,geo_cov_rur,mts_aggregate_2,2020,1.947
mlt,sex_f,geo_cov_rur,mts_aggregate_total,2009,9.045
mlt,sex_f,geo_cov_rur,mts_aggregate_total,2010,8.917
mlt,sex_f,geo_cov_rur,mts_aggregate_total,2011,8.828
mlt,sex_f,geo_cov_rur,mts_aggregate_total,2012,8.432
mlt,sex_f,geo_cov_rur,mts_aggregate_total,2013,8.324
mlt,sex_f,geo_cov_rur,mts_aggregate_total,2014,8.243
mlt,sex_f,geo_cov_rur,mts_aggregate_total,2015,8.774
mlt,sex_f,geo_cov_rur,mts_aggregate_total,2016,8.807
mlt,sex_f,geo_cov_rur,mts_aggregate_total,2017,2.613
mlt,sex_f,geo_cov_rur,mts_aggregate_total,2018,2.648
mlt,sex_f,geo_cov_rur,mts_aggregate_total,2019,2.802
mlt,sex_f,geo_cov_rur,mts_aggregate_total,2020,3.071
mlt,sex_f,geo_cov_urb,mts_aggregate_1,2009,38.624
mlt,sex_f,geo_cov_urb,mts_aggregate_1,2010,38.479
mlt,sex_f,geo_cov_urb,mts_aggregate_1,2011,39.021
mlt,sex_f,geo_cov_urb,mts_aggregate_1,2012,41.857
mlt,sex_f,geo_cov_urb,mts_aggregate_1,2013,41.038
mlt,sex_f,geo_cov_urb,mts_aggregate_1,2014,42.344
mlt,sex_f,geo_cov_urb,mts_aggregate_1,2015,43.17
mlt,sex_f,geo_cov_urb,mts_aggregate_1,2016,44.989
mlt,sex_f,geo_cov_urb,mts_aggregate_1,2017,50.62
mlt,sex_f,geo_cov_urb,mts_aggregate_1,2018,48.745
mlt,sex_f,geo_cov_urb,mts_aggregate_1,2019,48.038
mlt,sex_f,geo_cov_urb,mts_aggregate_1,2020,47.752
mlt,sex_f,geo_cov_urb,mts_aggregate_2,2009,65.469
mlt,sex_f,geo_cov_urb,mts_aggregate_2,2010,65.524
mlt,sex_f,geo_cov_urb,mts_aggregate_2,2011,63.661
mlt,sex_f,geo_cov_urb,mts_aggregate_2,2012,57.451
mlt,sex_f,geo_cov_urb,mts_aggregate_2,2013,56.171
mlt,sex_f,geo_cov_urb,mts_aggregate_2,2014,54.042
mlt,sex_f,geo_cov_urb,mts_aggregate_2,2015,53.756
mlt,sex_f,geo_cov_urb,mts_aggregate_2,2016,51.014
mlt,sex_f,geo_cov_urb,mts_aggregate_2,2017,51.186
mlt,sex_f,geo_cov_urb,mts_aggregate_2,2018,50.483
mlt,sex_f,geo_cov_urb,mts_aggregate_2,2019,50.606
mlt,sex_f,geo_cov_urb,mts_aggregate_2,2020,48.551
mlt,sex_f,geo_cov_urb,mts_aggregate_total,2009,104.092
mlt,sex_f,geo_cov_urb,mts_aggregate_total,2010,104.002
mlt,sex_f,geo_cov_urb,mts_aggregate_total,2011,102.683
mlt,sex_f,geo_cov_urb,mts_aggregate_total,2012,99.308
mlt,sex_f,geo_cov_urb,mts_aggregate_total,2013,97.209
mlt,sex_f,geo_cov_urb,mts_aggregate_total,2014,96.386
mlt,sex_f,geo_cov_urb,mts_aggregate_total,2015,96.926
mlt,sex_f,geo_cov_urb,mts_aggregate_total,2016,96.003
mlt,sex_f,geo_cov_urb,mts_aggregate_total,2017,101.806
mlt,sex_f,geo_cov_urb,mts_aggregate_total,2018,99.228
mlt,sex_f,geo_cov_urb,mts_aggregate_total,2019,98.644
mlt,sex_f,geo_cov_urb,mts_aggregate_total,2020,96.303
mlt,sex_m,geo_cov_nat,mts_aggregate_1,2009,24.859
mlt,sex_m,geo_cov_nat,mts_aggregate_1,2010,25.45
mlt,sex_m,geo_cov_nat,mts_aggregate_1,2011,23.666
mlt,sex_m,geo_cov_nat,mts_aggregate_1,2012,26.268
mlt,sex_m,geo_cov_nat,mts_aggregate_1,2013,25.883
mlt,sex_m,geo_cov_nat,mts_aggregate_1,2014,26.707
mlt,sex_m,geo_cov_nat,mts_aggregate_1,2015,27.304
mlt,sex_m,geo_cov_nat,mts_aggregate_1,2016,27.483
mlt,sex_m,geo_cov_nat,mts_aggregate_1,2017,27.222
mlt,sex_m,geo_cov_nat,mts_aggregate_1,2018,27.75
mlt,sex_m,geo_cov_nat,mts_aggregate_1,2019,28.135
mlt,sex_m,geo_cov_nat,mts_aggregate_1,2020,29.25
mlt,sex_m,geo_cov_nat,mts_aggregate_2,2009,31.708
mlt,sex_m,geo_cov_nat,mts_aggregate_2,2010,30.913
mlt,sex_m,geo_cov_nat,mts_aggregate_2,2011,32.823
mlt,sex_m,geo_cov_nat,mts_aggregate_2,2012,32.6
mlt,sex_m,geo_cov_nat,mts_aggregate_2,2013,32.587
mlt,sex_m,geo_cov_nat,mts_aggregate_2,2014,32.416
mlt,sex_m,geo_cov_nat,mts_aggregate_2,2015,33.381
mlt,sex_m,geo_cov_nat,mts_aggregate_2,2016,34.239
mlt,sex_m,geo_cov_nat,mts_aggregate_2,2017,35.388
mlt,sex_m,geo_cov_nat,mts_aggregate_2,2018,34.893
mlt,sex_m,geo_cov_nat,mts_aggregate_2,2019,35.896
mlt,sex_m,geo_cov_nat,mts_aggregate_2,2020,36.761
mlt,sex_m,geo_cov_nat,mts_aggregate_total,2009,56.567
mlt,sex_m,geo_cov_nat,mts_aggregate_total,2010,56.363
mlt,sex_m,geo_cov_nat,mts_aggregate_total,2011,56.489
mlt,sex_m,geo_cov_nat,mts_aggregate_total,2012,58.869
mlt,sex_m,geo_cov_nat,mts_aggregate_total,2013,58.47
mlt,sex_m,geo_cov_nat,mts_aggregate_total,2014,59.123
mlt,sex_m,geo_cov_nat,mts_aggregate_total,2015,60.685
mlt,sex_m,geo_cov_nat,mts_aggregate_total,2016,61.722
mlt,sex_m,geo_cov_nat,mts_aggregate_total,2017,62.61
mlt,sex_m,geo_cov_nat,mts_aggregate_total,2018,62.643
mlt,sex_m,geo_cov_nat,mts_aggregate_total,2019,64.031
mlt,sex_m,geo_cov_nat,mts_aggregate_total,2020,66.011
mlt,sex_m,geo_cov_rur,mts_aggregate_1,2009,2.258
mlt,sex_m,geo_cov_rur,mts_aggregate_1,2010,2.398
mlt,sex_m,geo_cov_rur,mts_aggregate_1,2011,2.19
mlt,sex_m,geo_cov_rur,mts_aggregate_1,2012,2.406
mlt,sex_m,geo_cov_rur,mts_aggregate_1,2013,2.233
mlt,sex_m,geo_cov_rur,mts_aggregate_1,2014,2.449
mlt,sex_m,geo_cov_rur,mts_aggregate_1,2015,2.485
mlt,sex_m,geo_cov_rur,mts_aggregate_1,2016,2.212
mlt,sex_m,geo_cov_rur,mts_aggregate_1,2017,0.742
mlt,sex_m,geo_cov_rur,mts_aggregate_1,2018,0.797
mlt,sex_m,geo_cov_rur,mts_aggregate_1,2019,0.371
mlt,sex_m,geo_cov_rur,mts_aggregate_1,2020,0.498
mlt,sex_m,geo_cov_rur,mts_aggregate_2,2009,2.5
mlt,sex_m,geo_cov_rur,mts_aggregate_2,2010,2.377
mlt,sex_m,geo_cov_rur,mts_aggregate_2,2011,2.449
mlt,sex_m,geo_cov_rur,mts_aggregate_2,2012,2.581
mlt,sex_m,geo_cov_rur,mts_aggregate_2,2013,2.423
mlt,sex_m,geo_cov_rur,mts_aggregate_2,2014,2.463
mlt,sex_m,geo_cov_rur,mts_aggregate_2,2015,2.817
mlt,sex_m,geo_cov_rur,mts_aggregate_2,2016,2.856
mlt,sex_m,geo_cov_rur,mts_aggregate_2,2017,0.812
mlt,sex_m,geo_cov_rur,mts_aggregate_2,2018,0.874
mlt,sex_m,geo_cov_rur,mts_aggregate_2,2019,0.856
mlt,sex_m,geo_cov_rur,mts_aggregate_2,2020,0.89
mlt,sex_m,geo_cov_rur,mts_aggregate_total,2009,4.759
mlt,sex_m,geo_cov_rur,mts_aggregate_total,2010,4.774
mlt,sex_m,geo_cov_rur,mts_aggregate_total,2011,4.639
mlt,sex_m,geo_cov_rur,mts_aggregate_total,2012,4.987
mlt,sex_m,geo_cov_rur,mts_aggregate_total,2013,4.655
mlt,sex_m,geo_cov_rur,mts_aggregate_total,2014,4.912
mlt,sex_m,geo_cov_rur,mts_aggregate_total,2015,5.301
mlt,sex_m,geo_cov_rur,mts_aggregate_total,2016,5.069
mlt,sex_m,geo_cov_rur,mts_aggregate_total,2017,1.554
mlt,sex_m,geo_cov_rur,mts_aggregate_total,2018,1.671
mlt,sex_m,geo_cov_rur,mts_aggregate_total,2019,1.227
mlt,sex_m,geo_cov_rur,mts_aggregate_total,2020,1.388
mlt,sex_m,geo_cov_urb,mts_aggregate_1,2009,22.601
mlt,sex_m,geo_cov_urb,mts_aggregate_1,2010,23.052
mlt,sex_m,geo_cov_urb,mts_aggregate_1,2011,21.476
mlt,sex_m,geo_cov_urb,mts_aggregate_1,2012,23.862
mlt,sex_m,geo_cov_urb,mts_aggregate_1,2013,23.65
mlt,sex_m,geo_cov_urb,mts_aggregate_1,2014,24.258
mlt,sex_m,geo_cov_urb,mts_aggregate_1,2015,24.819
mlt,sex_m,geo_cov_urb,mts_aggregate_1,2016,25.271
mlt,sex_m,geo_cov_urb,mts_aggregate_1,2017,26.48
mlt,sex_m,geo_cov_urb,mts_aggregate_1,2018,26.954
mlt,sex_m,geo_cov_urb,mts_aggregate_1,2019,27.765
mlt,sex_m,geo_cov_urb,mts_aggregate_1,2020,28.752
mlt,sex_m,geo_cov_urb,mts_aggregate_2,2009,29.207
mlt,sex_m,geo_cov_urb,mts_aggregate_2,2010,28.537
mlt,sex_m,geo_cov_urb,mts_aggregate_2,2011,30.374
mlt,sex_m,geo_cov_urb,mts_aggregate_2,2012,30.019
mlt,sex_m,geo_cov_urb,mts_aggregate_2,2013,30.165
mlt,sex_m,geo_cov_urb,mts_aggregate_2,2014,29.953
mlt,sex_m,geo_cov_urb,mts_aggregate_2,2015,30.564
mlt,sex_m,geo_cov_urb,mts_aggregate_2,2016,31.383
mlt,sex_m,geo_cov_urb,mts_aggregate_2,2017,34.577
mlt,sex_m,geo_cov_urb,mts_aggregate_2,2018,34.019
mlt,sex_m,geo_cov_urb,mts_aggregate_2,2019,35.04
mlt,sex_m,geo_cov_urb,mts_aggregate_2,2020,35.871
mlt,sex_m,geo_cov_urb,mts_aggregate_total,2009,51.808
mlt,sex_m,geo_cov_urb,mts_aggregate_total,2010,51.589
mlt,sex_m,geo_cov_urb,mts_aggregate_total,2011,51.85
mlt,sex_m,geo_cov_urb,mts_aggregate_total,2012,53.882
mlt,sex_m,geo_cov_urb,mts_aggregate_total,2013,53.815
mlt,sex_m,geo_cov_urb,mts_aggregate_total,2014,54.211
mlt,sex_m,geo_cov_urb,mts_aggregate_total,2015,55.383
mlt,sex_m,geo_cov_urb,mts_aggregate_total,2016,56.654
mlt,sex_m,geo_cov_urb,mts_aggregate_total,2017,61.056
mlt,sex_m,geo_cov_urb,mts_aggregate_total,2018,60.973
mlt,sex_m,geo_cov_urb,mts_aggregate_total,2019,62.805
mlt,sex_m,geo_cov_urb,mts_aggregate_total,2020,64.623
mlt,sex_t,geo_cov_nat,mts_aggregate_1,2009,67.673
mlt,sex_t,geo_cov_nat,mts_aggregate_1,2010,68.151
mlt,sex_t,geo_cov_nat,mts_aggregate_1,2011,66.628
mlt,sex_t,geo_cov_nat,mts_aggregate_1,2012,72.307
mlt,sex_t,geo_cov_nat,mts_aggregate_1,2013,71.28
mlt,sex_t,geo_cov_nat,mts_aggregate_1,2014,73.204
mlt,sex_t,geo_cov_nat,mts_aggregate_1,2015,74.752
mlt,sex_t,geo_cov_nat,mts_aggregate_1,2016,76.881
mlt,sex_t,geo_cov_nat,mts_aggregate_1,2017,78.917
mlt,sex_t,geo_cov_nat,mts_aggregate_1,2018,77.545
mlt,sex_t,geo_cov_nat,mts_aggregate_1,2019,77.242
mlt,sex_t,geo_cov_nat,mts_aggregate_1,2020,78.126
mlt,sex_t,geo_cov_nat,mts_aggregate_2,2009,102.032
mlt,sex_t,geo_cov_nat,mts_aggregate_2,2010,101.13
mlt,sex_t,geo_cov_nat,mts_aggregate_2,2011,101.371
mlt,sex_t,geo_cov_nat,mts_aggregate_2,2012,94.302
mlt,sex_t,geo_cov_nat,mts_aggregate_2,2013,92.723
mlt,sex_t,geo_cov_nat,mts_aggregate_2,2014,90.547
mlt,sex_t,geo_cov_nat,mts_aggregate_2,2015,91.633
mlt,sex_t,geo_cov_nat,mts_aggregate_2,2016,89.651
mlt,sex_t,geo_cov_nat,mts_aggregate_2,2017,88.112
mlt,sex_t,geo_cov_nat,mts_aggregate_2,2018,86.973
mlt,sex_t,geo_cov_nat,mts_aggregate_2,2019,88.236
mlt,sex_t,geo_cov_nat,mts_aggregate_2,2020,87.259
mlt,sex_t,geo_cov_nat,mts_aggregate_total,2009,169.704
mlt,sex_t,geo_cov_nat,mts_aggregate_total,2010,169.282
mlt,sex_t,geo_cov_nat,mts_aggregate_total,2011,167.999
mlt,sex_t,geo_cov_nat,mts_aggregate_total,2012,166.608
mlt,sex_t,geo_cov_nat,mts_aggregate_total,2013,164.003
mlt,sex_t,geo_cov_nat,mts_aggregate_total,2014,163.751
mlt,sex_t,geo_cov_nat,mts_aggregate_total,2015,166.385
mlt,sex_t,geo_cov_nat,mts_aggregate_total,2016,166.532
mlt,sex_t,geo_cov_nat,mts_aggregate_total,2017,167.029
mlt,sex_t,geo_cov_nat,mts_aggregate_total,2018,164.519
mlt,sex_t,geo_cov_nat,mts_aggregate_total,2019,165.477
mlt,sex_t,geo_cov_nat,mts_aggregate_total,2020,165.385
mlt,sex_t,geo_cov_rur,mts_aggregate_1,2009,6.448
mlt,sex_t,geo_cov_rur,mts_aggregate_1,2010,6.621
mlt,sex_t,geo_cov_rur,mts_aggregate_1,2011,6.131
mlt,sex_t,geo_cov_rur,mts_aggregate_1,2012,6.587
mlt,sex_t,geo_cov_rur,mts_aggregate_1,2013,6.592
mlt,sex_t,geo_cov_rur,mts_aggregate_1,2014,6.602
mlt,sex_t,geo_cov_rur,mts_aggregate_1,2015,6.763
mlt,sex_t,geo_cov_rur,mts_aggregate_1,2016,6.621
mlt,sex_t,geo_cov_rur,mts_aggregate_1,2017,1.818
mlt,sex_t,geo_cov_rur,mts_aggregate_1,2018,1.847
mlt,sex_t,geo_cov_rur,mts_aggregate_1,2019,1.439
mlt,sex_t,geo_cov_rur,mts_aggregate_1,2020,1.622
mlt,sex_t,geo_cov_rur,mts_aggregate_2,2009,7.356
mlt,sex_t,geo_cov_rur,mts_aggregate_2,2010,7.07
mlt,sex_t,geo_cov_rur,mts_aggregate_2,2011,7.336
mlt,sex_t,geo_cov_rur,mts_aggregate_2,2012,6.831
mlt,sex_t,geo_cov_rur,mts_aggregate_2,2013,6.388
mlt,sex_t,geo_cov_rur,mts_aggregate_2,2014,6.552
mlt,sex_t,geo_cov_rur,mts_aggregate_2,2015,7.313
mlt,sex_t,geo_cov_rur,mts_aggregate_2,2016,7.254
mlt,sex_t,geo_cov_rur,mts_aggregate_2,2017,2.35
mlt,sex_t,geo_cov_rur,mts_aggregate_2,2018,2.471
mlt,sex_t,geo_cov_rur,mts_aggregate_2,2019,2.59
mlt,sex_t,geo_cov_rur,mts_aggregate_2,2020,2.837
mlt,sex_t,geo_cov_rur,mts_aggregate_total,2009,13.804
mlt,sex_t,geo_cov_rur,mts_aggregate_total,2010,13.691
mlt,sex_t,geo_cov_rur,mts_aggregate_total,2011,13.467
mlt,sex_t,geo_cov_rur,mts_aggregate_total,2012,13.419
mlt,sex_t,geo_cov_rur,mts_aggregate_total,2013,12.979
mlt,sex_t,geo_cov_rur,mts_aggregate_total,2014,13.154
mlt,sex_t,geo_cov_rur,mts_aggregate_total,2015,14.075
mlt,sex_t,geo_cov_rur,mts_aggregate_total,2016,13.875
mlt,sex_t,geo_cov_rur,mts_aggregate_total,2017,4.167
mlt,sex_t,geo_cov_rur,mts_aggregate_total,2018,4.318
mlt,sex_t,geo_cov_rur,mts_aggregate_total,2019,4.029
mlt,sex_t,geo_cov_rur,mts_aggregate_total,2020,4.459
mlt,sex_t,geo_cov_urb,mts_aggregate_1,2009,61.225
mlt,sex_t,geo_cov_urb,mts_aggregate_1,2010,61.531
mlt,sex_t,geo_cov_urb,mts_aggregate_1,2011,60.497
mlt,sex_t,geo_cov_urb,mts_aggregate_1,2012,65.72
mlt,sex_t,geo_cov_urb,mts_aggregate_1,2013,64.688
mlt,sex_t,geo_cov_urb,mts_aggregate_1,2014,66.602
mlt,sex_t,geo_cov_urb,mts_aggregate_1,2015,67.989
mlt,sex_t,geo_cov_urb,mts_aggregate_1,2016,70.26
mlt,sex_t,geo_cov_urb,mts_aggregate_1,2017,77.1
mlt,sex_t,geo_cov_urb,mts_aggregate_1,2018,75.698
mlt,sex_t,geo_cov_urb,mts_aggregate_1,2019,75.803
mlt,sex_t,geo_cov_urb,mts_aggregate_1,2020,76.504
mlt,sex_t,geo_cov_urb,mts_aggregate_2,2009,94.676
mlt,sex_t,geo_cov_urb,mts_aggregate_2,2010,94.06
mlt,sex_t,geo_cov_urb,mts_aggregate_2,2011,94.035
mlt,sex_t,geo_cov_urb,mts_aggregate_2,2012,87.47
mlt,sex_t,geo_cov_urb,mts_aggregate_2,2013,86.335
mlt,sex_t,geo_cov_urb,mts_aggregate_2,2014,83.995
mlt,sex_t,geo_cov_urb,mts_aggregate_2,2015,84.32
mlt,sex_t,geo_cov_urb,mts_aggregate_2,2016,82.397
mlt,sex_t,geo_cov_urb,mts_aggregate_2,2017,85.763
mlt,sex_t,geo_cov_urb,mts_aggregate_2,2018,84.502
mlt,sex_t,geo_cov_urb,mts_aggregate_2,2019,85.646
mlt,sex_t,geo_cov_urb,mts_aggregate_2,2020,84.422
mlt,sex_t,geo_cov_urb,mts_aggregate_total,2009,155.901
mlt,sex_t,geo_cov_urb,mts_aggregate_total,2010,155.591
mlt,sex_t,geo_cov_urb,mts_aggregate_total,2011,154.532
mlt,sex_t,geo_cov_urb,mts_aggregate_total,2012,153.19
mlt,sex_t,geo_cov_urb,mts_aggregate_total,2013,151.023
mlt,sex_t,geo_cov_urb,mts_aggregate_total,2014,150.596
mlt,sex_t,geo_cov_urb,mts_aggregate_total,2015,152.309
mlt,sex_t,geo_cov_urb,mts_aggregate_total,2016,152.657
mlt,sex_t,geo_cov_urb,mts_aggregate_total,2017,162.862
mlt,sex_t,geo_cov_urb,mts_aggregate_total,2018,160.201
mlt,sex_t,geo_cov_urb,mts_aggregate_total,2019,161.449
mlt,sex_t,geo_cov_urb,mts_aggregate_total,2020,160.925
mmr,sex_f,geo_cov_nat,mts_aggregate_1,2015,3741.232
mmr,sex_f,geo_cov_nat,mts_aggregate_1,2017,4441.667
mmr,sex_f,geo_cov_nat,mts_aggregate_1,2018,4462.803
mmr,sex_f,geo_cov_nat,mts_aggregate_1,2019,4872.48
mmr,sex_f,geo_cov_nat,mts_aggregate_1,2020,4962.62
mmr,sex_f,geo_cov_nat,mts_aggregate_2,2015,5153.754
mmr,sex_f,geo_cov_nat,mts_aggregate_2,2017,5741.115
mmr,sex_f,geo_cov_nat,mts_aggregate_2,2018,5737.6
mmr,sex_f,geo_cov_nat,mts_aggregate_2,2019,5837.067
mmr,sex_f,geo_cov_nat,mts_aggregate_2,2020,6161.991
mmr,sex_f,geo_cov_nat,mts_aggregate_total,2015,8895.651
mmr,sex_f,geo_cov_nat,mts_aggregate_total,2017,10182.818
mmr,sex_f,geo_cov_nat,mts_aggregate_total,2018,10200.569
mmr,sex_f,geo_cov_nat,mts_aggregate_total,2019,10709.547
mmr,sex_f,geo_cov_nat,mts_aggregate_total,2020,11124.61
mmr,sex_f,geo_cov_nat,mts_aggregate_x,2015,0.665
mmr,sex_f,geo_cov_nat,mts_aggregate_x,2017,0.037
mmr,sex_f,geo_cov_nat,mts_details_mrd,2015,5153.754
mmr,sex_f,geo_cov_nat,mts_details_mrd,2017,5741.115
mmr,sex_f,geo_cov_nat,mts_details_mrd,2018,5737.6
mmr,sex_f,geo_cov_nat,mts_details_mrd,2019,5837.067
mmr,sex_f,geo_cov_nat,mts_details_mrd,2020,6161.991
mmr,sex_f,geo_cov_nat,mts_details_sep,2015,149.01
mmr,sex_f,geo_cov_nat,mts_details_sep,2017,70.163
mmr,sex_f,geo_cov_nat,mts_details_sep,2018,78.768
mmr,sex_f,geo_cov_nat,mts_details_sep,2019,55.57
mmr,sex_f,geo_cov_nat,mts_details_sep,2020,73.701
mmr,sex_f,geo_cov_nat,mts_details_sgle,2015,2205.639
mmr,sex_f,geo_cov_nat,mts_details_sgle,2017,2894.688
mmr,sex_f,geo_cov_nat,mts_details_sgle,2018,2955.846
mmr,sex_f,geo_cov_nat,mts_details_sgle,2019,3219.29
mmr,sex_f,geo_cov_nat,mts_details_sgle,2020,3267.991
mmr,sex_f,geo_cov_nat,mts_details_total,2015,8895.651
mmr,sex_f,geo_cov_nat,mts_details_total,2017,10182.818
mmr,sex_f,geo_cov_nat,mts_details_total,2018,10200.569
mmr,sex_f,geo_cov_nat,mts_details_total,2019,10709.547
mmr,sex_f,geo_cov_nat,mts_details_total,2020,11124.61
mmr,sex_f,geo_cov_nat,mts_details_wid,2015,1386.584
mmr,sex_f,geo_cov_nat,mts_details_wid,2017,1476.816
mmr,sex_f,geo_cov_nat,mts_details_wid,2018,1428.189
mmr,sex_f,geo_cov_nat,mts_details_wid,2019,1597.62
mmr,sex_f,geo_cov_nat,mts_details_wid,2020,1620.928
mmr,sex_f,geo_cov_nat,mts_details_x,2015,0.665
mmr,sex_f,geo_cov_nat,mts_details_x,2017,0.037
mmr,sex_f,geo_cov_rur,mts_aggregate_1,2015,2343.162
mmr,sex_f,geo_cov_rur,mts_aggregate_1,2017,2876.276
mmr,sex_f,geo_cov_rur,mts_aggregate_1,2018,2873.335
mmr,sex_f,geo_cov_rur,mts_aggregate_1,2019,3254.745
mmr,sex_f,geo_cov_rur,mts_aggregate_1,2020,3278.676
mmr,sex_f,geo_cov_rur,mts_aggregate_2,2015,3526.604
mmr,sex_f,geo_cov_rur,mts_aggregate_2,2017,3997.278
mmr,sex_f,geo_cov_rur,mts_aggregate_2,2018,3911.913
mmr,sex_f,geo_cov_rur,mts_aggregate_2,2019,4114.874
mmr,sex_f,geo_cov_rur,mts_aggregate_2,2020,4377.997
mmr,sex_f,geo_cov_rur,mts_aggregate_total,2015,5870.432
mmr,sex_f,geo_cov_rur,mts_aggregate_total,2017,6873.59
mmr,sex_f,geo_cov_rur,mts_aggregate_total,2018,6785.248
mmr,sex_f,geo_cov_rur,mts_aggregate_total,2019,7369.619
mmr,sex_f,geo_cov_rur,mts_aggregate_total,2020,7656.673
mmr,sex_f,geo_cov_rur,mts_aggregate_x,2015,0.665
mmr,sex_f,geo_cov_rur,mts_aggregate_x,2017,0.037
mmr,sex_f,geo_cov_rur,mts_details_mrd,2015,3526.604
mmr,sex_f,geo_cov_rur,mts_details_mrd,2017,3997.278
mmr,sex_f,geo_cov_rur,mts_details_mrd,2018,3911.913
mmr,sex_f,geo_cov_rur,mts_details_mrd,2019,4114.874
mmr,sex_f,geo_cov_rur,mts_details_mrd,2020,4377.997
mmr,sex_f,geo_cov_rur,mts_details_sep,2015,80.857
mmr,sex_f,geo_cov_rur,mts_details_sep,2017,39.046
mmr,sex_f,geo_cov_rur,mts_details_sep,2018,47.354
mmr,sex_f,geo_cov_rur,mts_details_sep,2019,31.635
mmr,sex_f,geo_cov_rur,mts_details_sep,2020,47.488
mmr,sex_f,geo_cov_rur,mts_details_sgle,2015,1342.644
mmr,sex_f,geo_cov_rur,mts_details_sgle,2017,1882.692
mmr,sex_f,geo_cov_rur,mts_details_sgle,2018,1928.158
mmr,sex_f,geo_cov_rur,mts_details_sgle,2019,2179.773
mmr,sex_f,geo_cov_rur,mts_details_sgle,2020,2189.06
mmr,sex_f,geo_cov_rur,mts_details_total,2015,5870.432
mmr,sex_f,geo_cov_rur,mts_details_total,2017,6873.59
mmr,sex_f,geo_cov_rur,mts_details_total,2018,6785.248
mmr,sex_f,geo_cov_rur,mts_details_total,2019,7369.619
mmr,sex_f,geo_cov_rur,mts_details_total,2020,7656.673
mmr,sex_f,geo_cov_rur,mts_details_wid,2015,919.662
mmr,sex_f,geo_cov_rur,mts_details_wid,2017,954.539
mmr,sex_f,geo_cov_rur,mts_details_wid,2018,897.824
mmr,sex_f,geo_cov_rur,mts_details_wid,2019,1043.338
mmr,sex_f,geo_cov_rur,mts_details_wid,2020,1042.128
mmr,sex_f,geo_cov_rur,mts_details_x,2015,0.665
mmr,sex_f,geo_cov_rur,mts_details_x,2017,0.037
mmr,sex_f,geo_cov_urb,mts_aggregate_1,2015,1398.07
mmr,sex_f,geo_cov_urb,mts_aggregate_1,2017,1565.391
mmr,sex_f,geo_cov_urb,mts_aggregate_1,2018,1589.467
mmr,sex_f,geo_cov_urb,mts_aggregate_1,2019,1617.735
mmr,sex_f,geo_cov_urb,mts_aggregate_1,2020,1683.944
mmr,sex_f,geo_cov_urb,mts_aggregate_2,2015,1627.149
mmr,sex_f,geo_cov_urb,mts_aggregate_2,2017,1743.837
mmr,sex_f,geo_cov_urb,mts_aggregate_2,2018,1825.687
mmr,sex_f,geo_cov_urb,mts_aggregate_2,2019,1722.193
mmr,sex_f,geo_cov_urb,mts_aggregate_2,2020,1783.994
mmr,sex_f,geo_cov_urb,mts_aggregate_total,2015,3025.219
mmr,sex_f,geo_cov_urb,mts_aggregate_total,2017,3309.228
mmr,sex_f,geo_cov_urb,mts_aggregate_total,2018,3415.321
mmr,sex_f,geo_cov_urb,mts_aggregate_total,2019,3339.928
mmr,sex_f,geo_cov_urb,mts_aggregate_total,2020,3467.937
mmr,sex_f,geo_cov_urb,mts_details_mrd,2015,1627.149
mmr,sex_f,geo_cov_urb,mts_details_mrd,2017,1743.837
mmr,sex_f,geo_cov_urb,mts_details_mrd,2018,1825.687
mmr,sex_f,geo_cov_urb,mts_details_mrd,2019,1722.193
mmr,sex_f,geo_cov_urb,mts_details_mrd,2020,1783.994
mmr,sex_f,geo_cov_urb,mts_details_sep,2015,68.153
mmr,sex_f,geo_cov_urb,mts_details_sep,2017,31.118
mmr,sex_f,geo_cov_urb,mts_details_sep,2018,31.414
mmr,sex_f,geo_cov_urb,mts_details_sep,2019,23.936
mmr,sex_f,geo_cov_urb,mts_details_sep,2020,26.213
mmr,sex_f,geo_cov_urb,mts_details_sgle,2015,862.995
mmr,sex_f,geo_cov_urb,mts_details_sgle,2017,1011.996
mmr,sex_f,geo_cov_urb,mts_details_sgle,2018,1027.688
mmr,sex_f,geo_cov_urb,mts_details_sgle,2019,1039.517
mmr,sex_f,geo_cov_urb,mts_details_sgle,2020,1078.931
mmr,sex_f,geo_cov_urb,mts_details_total,2015,3025.219
mmr,sex_f,geo_cov_urb,mts_details_total,2017,3309.228
mmr,sex_f,geo_cov_urb,mts_details_total,2018,3415.321
mmr,sex_f,geo_cov_urb,mts_details_total,2019,3339.928
mmr,sex_f,geo_cov_urb,mts_details_total,2020,3467.937
mmr,sex_f,geo_cov_urb,mts_details_wid,2015,466.922
mmr,sex_f,geo_cov_urb,mts_details_wid,2017,522.277
mmr,sex_f,geo_cov_urb,mts_details_wid,2018,530.365
mmr,sex_f,geo_cov_urb,mts_details_wid,2019,554.282
mmr,sex_f,geo_cov_urb,mts_details_wid,2020,578.8
mmr,sex_m,geo_cov_nat,mts_aggregate_1,2015,1825.639
mmr,sex_m,geo_cov_nat,mts_aggregate_1,2017,2317.747
mmr,sex_m,geo_cov_nat,mts_aggregate_1,2018,2431.53
mmr,sex_m,geo_cov_nat,mts_aggregate_1,2019,2658.514
mmr,sex_m,geo_cov_nat,mts_aggregate_1,2020,2672.788
mmr,sex_m,geo_cov_nat,mts_aggregate_2,2015,1253.854
mmr,sex_m,geo_cov_nat,mts_aggregate_2,2017,1320.584
mmr,sex_m,geo_cov_nat,mts_aggregate_2,2018,1285.965
mmr,sex_m,geo_cov_nat,mts_aggregate_2,2019,1339.328
mmr,sex_m,geo_cov_nat,mts_aggregate_2,2020,1180.327
mmr,sex_m,geo_cov_nat,mts_aggregate_total,2015,3079.493
mmr,sex_m,geo_cov_nat,mts_aggregate_total,2017,3638.331
mmr,sex_m,geo_cov_nat,mts_aggregate_total,2018,3717.494
mmr,sex_m,geo_cov_nat,mts_aggregate_total,2019,3997.842
mmr,sex_m,geo_cov_nat,mts_aggregate_total,2020,3853.115
mmr,sex_m,geo_cov_nat,mts_details_mrd,2015,1253.854
mmr,sex_m,geo_cov_nat,mts_details_mrd,2017,1320.584
mmr,sex_m,geo_cov_nat,mts_details_mrd,2018,1285.965
mmr,sex_m,geo_cov_nat,mts_details_mrd,2019,1339.328
mmr,sex_m,geo_cov_nat,mts_details_mrd,2020,1180.327
mmr,sex_m,geo_cov_nat,mts_details_sep,2015,44.99
mmr,sex_m,geo_cov_nat,mts_details_sep,2017,16.943
mmr,sex_m,geo_cov_nat,mts_details_sep,2018,19.354
mmr,sex_m,geo_cov_nat,mts_details_sep,2019,15.524
mmr,sex_m,geo_cov_nat,mts_details_sep,2020,12.908
mmr,sex_m,geo_cov_nat,mts_details_sgle,2015,1456.984
mmr,sex_m,geo_cov_nat,mts_details_sgle,2017,1927.364
mmr,sex_m,geo_cov_nat,mts_details_sgle,2018,2044.889
mmr,sex_m,geo_cov_nat,mts_details_sgle,2019,2270.789
mmr,sex_m,geo_cov_nat,mts_details_sgle,2020,2273.697
mmr,sex_m,geo_cov_nat,mts_details_total,2015,3079.493
mmr,sex_m,geo_cov_nat,mts_details_total,2017,3638.331
mmr,sex_m,geo_cov_nat,mts_details_total,2018,3717.494
mmr,sex_m,geo_cov_nat,mts_details_total,2019,3997.842
mmr,sex_m,geo_cov_nat,mts_details_total,2020,3853.115
mmr,sex_m,geo_cov_nat,mts_details_wid,2015,323.666
mmr,sex_m,geo_cov_nat,mts_details_wid,2017,373.441
mmr,sex_m,geo_cov_nat,mts_details_wid,2018,367.286
mmr,sex_m,geo_cov_nat,mts_details_wid,2019,372.201
mmr,sex_m,geo_cov_nat,mts_details_wid,2020,386.183
mmr,sex_m,geo_cov_rur,mts_aggregate_1,2015,1123.842
mmr,sex_m,geo_cov_rur,mts_aggregate_1,2017,1482.247
mmr,sex_m,geo_cov_rur,mts_aggregate_1,2018,1609.352
mmr,sex_m,geo_cov_rur,mts_aggregate_1,2019,1745.652
mmr,sex_m,geo_cov_rur,mts_aggregate_1,2020,1749.176
mmr,sex_m,geo_cov_rur,mts_aggregate_2,2015,839.883
mmr,sex_m,geo_cov_rur,mts_aggregate_2,2017,810.859
mmr,sex_m,geo_cov_rur,mts_aggregate_2,2018,774.133
mmr,sex_m,geo_cov_rur,mts_aggregate_2,2019,835.727
mmr,sex_m,geo_cov_rur,mts_aggregate_2,2020,716.445
mmr,sex_m,geo_cov_rur,mts_aggregate_total,2015,1963.725
mmr,sex_m,geo_cov_rur,mts_aggregate_total,2017,2293.106
mmr,sex_m,geo_cov_rur,mts_aggregate_total,2018,2383.485
mmr,sex_m,geo_cov_rur,mts_aggregate_total,2019,2581.379
mmr,sex_m,geo_cov_rur,mts_aggregate_total,2020,2465.621
mmr,sex_m,geo_cov_rur,mts_details_mrd,2015,839.883
mmr,sex_m,geo_cov_rur,mts_details_mrd,2017,810.859
mmr,sex_m,geo_cov_rur,mts_details_mrd,2018,774.133
mmr,sex_m,geo_cov_rur,mts_details_mrd,2019,835.727
mmr,sex_m,geo_cov_rur,mts_details_mrd,2020,716.445
mmr,sex_m,geo_cov_rur,mts_details_sep,2015,27.992
mmr,sex_m,geo_cov_rur,mts_details_sep,2017,5.947
mmr,sex_m,geo_cov_rur,mts_details_sep,2018,13.696
mmr,sex_m,geo_cov_rur,mts_details_sep,2019,9.352
mmr,sex_m,geo_cov_rur,mts_details_sep,2020,5.898
mmr,sex_m,geo_cov_rur,mts_details_sgle,2015,863.148
mmr,sex_m,geo_cov_rur,mts_details_sgle,2017,1225.208
mmr,sex_m,geo_cov_rur,mts_details_sgle,2018,1336.203
mmr,sex_m,geo_cov_rur,mts_details_sgle,2019,1490.168
mmr,sex_m,geo_cov_rur,mts_details_sgle,2020,1479.606
mmr,sex_m,geo_cov_rur,mts_details_total,2015,1963.725
mmr,sex_m,geo_cov_rur,mts_details_total,2017,2293.106
mmr,sex_m,geo_cov_rur,mts_details_total,2018,2383.485
mmr,sex_m,geo_cov_rur,mts_details_total,2019,2581.379
mmr,sex_m,geo_cov_rur,mts_details_total,2020,2465.621
mmr,sex_m,geo_cov_rur,mts_details_wid,2015,232.702
mmr,sex_m,geo_cov_rur,mts_details_wid,2017,251.092
mmr,sex_m,geo_cov_rur,mts_details_wid,2018,259.454
mmr,sex_m,geo_cov_rur,mts_details_wid,2019,246.131
mmr,sex_m,geo_cov_rur,mts_details_wid,2020,263.672
mmr,sex_m,geo_cov_urb,mts_aggregate_1,2015,701.797
mmr,sex_m,geo_cov_urb,mts_aggregate_1,2017,835.5
mmr,sex_m,geo_cov_urb,mts_aggregate_1,2018,822.178
mmr,sex_m,geo_cov_urb,mts_aggregate_1,2019,912.862
mmr,sex_m,geo_cov_urb,mts_aggregate_1,2020,923.612
mmr,sex_m,geo_cov_urb,mts_aggregate_2,2015,413.971
mmr,sex_m,geo_cov_urb,mts_aggregate_2,2017,509.725
mmr,sex_m,geo_cov_urb,mts_aggregate_2,2018,511.832
mmr,sex_m,geo_cov_urb,mts_aggregate_2,2019,503.601
mmr,sex_m,geo_cov_urb,mts_aggregate_2,2020,463.882
mmr,sex_m,geo_cov_urb,mts_aggregate_total,2015,1115.768
mmr,sex_m,geo_cov_urb,mts_aggregate_total,2017,1345.225
mmr,sex_m,geo_cov_urb,mts_aggregate_total,2018,1334.009
mmr,sex_m,geo_cov_urb,mts_aggregate_total,2019,1416.463
mmr,sex_m,geo_cov_urb,mts_aggregate_total,2020,1387.494
mmr,sex_m,geo_cov_urb,mts_details_mrd,2015,413.971
mmr,sex_m,geo_cov_urb,mts_details_mrd,2017,509.725
mmr,sex_m,geo_cov_urb,mts_details_mrd,2018,511.832
mmr,sex_m,geo_cov_urb,mts_details_mrd,2019,503.601
mmr,sex_m,geo_cov_urb,mts_details_mrd,2020,463.882
mmr,sex_m,geo_cov_urb,mts_details_sep,2015,16.998
mmr,sex_m,geo_cov_urb,mts_details_sep,2017,10.996
mmr,sex_m,geo_cov_urb,mts_details_sep,2018,5.659
mmr,sex_m,geo_cov_urb,mts_details_sep,2019,6.171
mmr,sex_m,geo_cov_urb,mts_details_sep,2020,7.009
mmr,sex_m,geo_cov_urb,mts_details_sgle,2015,593.836
mmr,sex_m,geo_cov_urb,mts_details_sgle,2017,702.155
mmr,sex_m,geo_cov_urb,mts_details_sgle,2018,708.687
mmr,sex_m,geo_cov_urb,mts_details_sgle,2019,780.621
mmr,sex_m,geo_cov_urb,mts_details_sgle,2020,794.091
mmr,sex_m,geo_cov_urb,mts_details_total,2015,1115.768
mmr,sex_m,geo_cov_urb,mts_details_total,2017,1345.225
mmr,sex_m,geo_cov_urb,mts_details_total,2018,1334.009
mmr,sex_m,geo_cov_urb,mts_details_total,2019,1416.463
mmr,sex_m,geo_cov_urb,mts_details_total,2020,1387.494
mmr,sex_m,geo_cov_urb,mts_details_wid,2015,90.963
mmr,sex_m,geo_cov_urb,mts_details_wid,2017,122.349
mmr,sex_m,geo_cov_urb,mts_details_wid,2018,107.832
mmr,sex_m,geo_cov_urb,mts_details_wid,2019,126.07
mmr,sex_m,geo_cov_urb,mts_details_wid,2020,122.511
mmr,sex_t,geo_cov_nat,mts_aggregate_1,2015,5566.872
mmr,sex_t,geo_cov_nat,mts_aggregate_1,2017,6759.414
mmr,sex_t,geo_cov_nat,mts_aggregate_1,2018,6894.332
mmr,sex_t,geo_cov_nat,mts_aggregate_1,2019,7530.994
mmr,sex_t,geo_cov_nat,mts_aggregate_1,2020,7635.408
mmr,sex_t,geo_cov_nat,mts_aggregate_2,2015,6407.608
mmr,sex_t,geo_cov_nat,mts_aggregate_2,2017,7061.699
mmr,sex_t,geo_cov_nat,mts_aggregate_2,2018,7023.565
mmr,sex_t,geo_cov_nat,mts_aggregate_2,2019,7176.395
mmr,sex_t,geo_cov_nat,mts_aggregate_2,2020,7342.318
mmr,sex_t,geo_cov_nat,mts_aggregate_total,2015,11975.144
mmr,sex_t,geo_cov_nat,mts_aggregate_total,2017,13821.149
mmr,sex_t,geo_cov_nat,mts_aggregate_total,2018,13918.063
mmr,sex_t,geo_cov_nat,mts_aggregate_total,2019,14707.389
mmr,sex_t,geo_cov_nat,mts_aggregate_total,2020,14977.725
mmr,sex_t,geo_cov_nat,mts_aggregate_x,2015,0.665
mmr,sex_t,geo_cov_nat,mts_aggregate_x,2017,0.037
mmr,sex_t,geo_cov_nat,mts_details_mrd,2015,6407.608
mmr,sex_t,geo_cov_nat,mts_details_mrd,2017,7061.699
mmr,sex_t,geo_cov_nat,mts_details_mrd,2018,7023.565
mmr,sex_t,geo_cov_nat,mts_details_mrd,2019,7176.395
mmr,sex_t,geo_cov_nat,mts_details_mrd,2020,7342.318
mmr,sex_t,geo_cov_nat,mts_details_sep,2015,194
mmr,sex_t,geo_cov_nat,mts_details_sep,2017,87.106
mmr,sex_t,geo_cov_nat,mts_details_sep,2018,98.122
mmr,sex_t,geo_cov_nat,mts_details_sep,2019,71.094
mmr,sex_t,geo_cov_nat,mts_details_sep,2020,86.608
mmr,sex_t,geo_cov_nat,mts_details_sgle,2015,3662.622
mmr,sex_t,geo_cov_nat,mts_details_sgle,2017,4822.051
mmr,sex_t,geo_cov_nat,mts_details_sgle,2018,5000.735
mmr,sex_t,geo_cov_nat,mts_details_sgle,2019,5490.079
mmr,sex_t,geo_cov_nat,mts_details_sgle,2020,5541.688
mmr,sex_t,geo_cov_nat,mts_details_total,2015,11975.144
mmr,sex_t,geo_cov_nat,mts_details_total,2017,13821.149
mmr,sex_t,geo_cov_nat,mts_details_total,2018,13918.063
mmr,sex_t,geo_cov_nat,mts_details_total,2019,14707.389
mmr,sex_t,geo_cov_nat,mts_details_total,2020,14977.725
mmr,sex_t,geo_cov_nat,mts_details_wid,2015,1710.25
mmr,sex_t,geo_cov_nat,mts_details_wid,2017,1850.257
mmr,sex_t,geo_cov_nat,mts_details_wid,2018,1795.475
mmr,sex_t,geo_cov_nat,mts_details_wid,2019,1969.821
mmr,sex_t,geo_cov_nat,mts_details_wid,2020,2007.111
mmr,sex_t,geo_cov_nat,mts_details_x,2015,0.665
mmr,sex_t,geo_cov_nat,mts_details_x,2017,0.037
mmr,sex_t,geo_cov_rur,mts_aggregate_1,2015,3467.005
mmr,sex_t,geo_cov_rur,mts_aggregate_1,2017,4358.523
mmr,sex_t,geo_cov_rur,mts_aggregate_1,2018,4482.687
mmr,sex_t,geo_cov_rur,mts_aggregate_1,2019,5000.397
mmr,sex_t,geo_cov_rur,mts_aggregate_1,2020,5027.852
mmr,sex_t,geo_cov_rur,mts_aggregate_2,2015,4366.488
mmr,sex_t,geo_cov_rur,mts_aggregate_2,2017,4808.137
mmr,sex_t,geo_cov_rur,mts_aggregate_2,2018,4686.046
mmr,sex_t,geo_cov_rur,mts_aggregate_2,2019,4950.601
mmr,sex_t,geo_cov_rur,mts_aggregate_2,2020,5094.442
mmr,sex_t,geo_cov_rur,mts_aggregate_total,2015,7834.157
mmr,sex_t,geo_cov_rur,mts_aggregate_total,2017,9166.696
mmr,sex_t,geo_cov_rur,mts_aggregate_total,2018,9168.733
mmr,sex_t,geo_cov_rur,mts_aggregate_total,2019,9950.998
mmr,sex_t,geo_cov_rur,mts_aggregate_total,2020,10122.294
mmr,sex_t,geo_cov_rur,mts_aggregate_x,2015,0.665
mmr,sex_t,geo_cov_rur,mts_aggregate_x,2017,0.037
mmr,sex_t,geo_cov_rur,mts_details_mrd,2015,4366.488
mmr,sex_t,geo_cov_rur,mts_details_mrd,2017,4808.137
mmr,sex_t,geo_cov_rur,mts_details_mrd,2018,4686.046
mmr,sex_t,geo_cov_rur,mts_details_mrd,2019,4950.601
mmr,sex_t,geo_cov_rur,mts_details_mrd,2020,5094.442
mmr,sex_t,geo_cov_rur,mts_details_sep,2015,108.849
mmr,sex_t,geo_cov_rur,mts_details_sep,2017,44.992
mmr,sex_t,geo_cov_rur,mts_details_sep,2018,61.049
mmr,sex_t,geo_cov_rur,mts_details_sep,2019,40.987
mmr,sex_t,geo_cov_rur,mts_details_sep,2020,53.386
mmr,sex_t,geo_cov_rur,mts_details_sgle,2015,2205.791
mmr,sex_t,geo_cov_rur,mts_details_sgle,2017,3107.9
mmr,sex_t,geo_cov_rur,mts_details_sgle,2018,3264.361
mmr,sex_t,geo_cov_rur,mts_details_sgle,2019,3669.941
mmr,sex_t,geo_cov_rur,mts_details_sgle,2020,3668.666
mmr,sex_t,geo_cov_rur,mts_details_total,2015,7834.157
mmr,sex_t,geo_cov_rur,mts_details_total,2017,9166.696
mmr,sex_t,geo_cov_rur,mts_details_total,2018,9168.733
mmr,sex_t,geo_cov_rur,mts_details_total,2019,9950.998
mmr,sex_t,geo_cov_rur,mts_details_total,2020,10122.294
mmr,sex_t,geo_cov_rur,mts_details_wid,2015,1152.364
mmr,sex_t,geo_cov_rur,mts_details_wid,2017,1205.63
mmr,sex_t,geo_cov_rur,mts_details_wid,2018,1157.277
mmr,sex_t,geo_cov_rur,mts_details_wid,2019,1289.469
mmr,sex_t,geo_cov_rur,mts_details_wid,2020,1305.8
mmr,sex_t,geo_cov_rur,mts_details_x,2015,0.665
mmr,sex_t,geo_cov_rur,mts_details_x,2017,0.037
mmr,sex_t,geo_cov_urb,mts_aggregate_1,2015,2099.867
mmr,sex_t,geo_cov_urb,mts_aggregate_1,2017,2400.891
mmr,sex_t,geo_cov_urb,mts_aggregate_1,2018,2411.645
mmr,sex_t,geo_cov_urb,mts_aggregate_1,2019,2530.597
mmr,sex_t,geo_cov_urb,mts_aggregate_1,2020,2607.555
mmr,sex_t,geo_cov_urb,mts_aggregate_2,2015,2041.12
mmr,sex_t,geo_cov_urb,mts_aggregate_2,2017,2253.562
mmr,sex_t,geo_cov_urb,mts_aggregate_2,2018,2337.519
mmr,sex_t,geo_cov_urb,mts_aggregate_2,2019,2225.794
mmr,sex_t,geo_cov_urb,mts_aggregate_2,2020,2247.876
mmr,sex_t,geo_cov_urb,mts_aggregate_total,2015,4140.987
mmr,sex_t,geo_cov_urb,mts_aggregate_total,2017,4654.453
mmr,sex_t,geo_cov_urb,mts_aggregate_total,2018,4749.33
mmr,sex_t,geo_cov_urb,mts_aggregate_total,2019,4756.391
mmr,sex_t,geo_cov_urb,mts_aggregate_total,2020,4855.431
mmr,sex_t,geo_cov_urb,mts_details_mrd,2015,2041.12
mmr,sex_t,geo_cov_urb,mts_details_mrd,2017,2253.562
mmr,sex_t,geo_cov_urb,mts_details_mrd,2018,2337.519
mmr,sex_t,geo_cov_urb,mts_details_mrd,2019,2225.794
mmr,sex_t,geo_cov_urb,mts_details_mrd,2020,2247.876
mmr,sex_t,geo_cov_urb,mts_details_sep,2015,85.151
mmr,sex_t,geo_cov_urb,mts_details_sep,2017,42.114
mmr,sex_t,geo_cov_urb,mts_details_sep,2018,37.073
mmr,sex_t,geo_cov_urb,mts_details_sep,2019,30.107
mmr,sex_t,geo_cov_urb,mts_details_sep,2020,33.222
mmr,sex_t,geo_cov_urb,mts_details_sgle,2015,1456.831
mmr,sex_t,geo_cov_urb,mts_details_sgle,2017,1714.151
mmr,sex_t,geo_cov_urb,mts_details_sgle,2018,1736.375
mmr,sex_t,geo_cov_urb,mts_details_sgle,2019,1820.138
mmr,sex_t,geo_cov_urb,mts_details_sgle,2020,1873.022
mmr,sex_t,geo_cov_urb,mts_details_total,2015,4140.987
mmr,sex_t,geo_cov_urb,mts_details_total,2017,4654.453
mmr,sex_t,geo_cov_urb,mts_details_total,2018,4749.33
mmr,sex_t,geo_cov_urb,mts_details_total,2019,4756.391
mmr,sex_t,geo_cov_urb,mts_details_total,2020,4855.431
mmr,sex_t,geo_cov_urb,mts_details_wid,2015,557.885
mmr,sex_t,geo_cov_urb,mts_details_wid,2017,644.626
mmr,sex_t,geo_cov_urb,mts_details_wid,2018,638.197
mmr,sex_t,geo_cov_urb,mts_details_wid,2019,680.352
mmr,sex_t,geo_cov_urb,mts_details_wid,2020,701.311
mne,sex_f,geo_cov_nat,mts_aggregate_1,2020,73.827
mne,sex_f,geo_cov_nat,mts_aggregate_2,2020,63.127
mne,sex_f,geo_cov_nat,mts_aggregate_total,2020,136.954
mne,sex_f,geo_cov_rur,mts_aggregate_1,2020,26.497
mne,sex_f,geo_cov_rur,mts_aggregate_2,2020,26.146
mne,sex_f,geo_cov_rur,mts_aggregate_total,2020,52.643
mne,sex_f,geo_cov_urb,mts_aggregate_1,2020,47.33
mne,sex_f,geo_cov_urb,mts_aggregate_2,2020,36.981
mne,sex_f,geo_cov_urb,mts_aggregate_total,2020,84.311
mne,sex_m,geo_cov_nat,mts_aggregate_1,2020,53.807
mne,sex_m,geo_cov_nat,mts_aggregate_2,2020,42.816
mne,sex_m,geo_cov_nat,mts_aggregate_total,2020,96.622
mne,sex_m,geo_cov_rur,mts_aggregate_1,2020,21.244
mne,sex_m,geo_cov_rur,mts_aggregate_2,2020,16.78
mne,sex_m,geo_cov_rur,mts_aggregate_total,2020,38.024
mne,sex_m,geo_cov_urb,mts_aggregate_1,2020,32.562
mne,sex_m,geo_cov_urb,mts_aggregate_2,2020,26.036
mne,sex_m,geo_cov_urb,mts_aggregate_total,2020,58.598
mne,sex_t,geo_cov_nat,mts_aggregate_1,2020,127.633
mne,sex_t,geo_cov_nat,mts_aggregate_2,2020,105.943
mne,sex_t,geo_cov_nat,mts_aggregate_total,2020,233.576
mne,sex_t,geo_cov_rur,mts_aggregate_1,2020,47.741
mne,sex_t,geo_cov_rur,mts_aggregate_2,2020,42.926
mne,sex_t,geo_cov_rur,mts_aggregate_total,2020,90.667
mne,sex_t,geo_cov_urb,mts_aggregate_1,2020,79.892
mne,sex_t,geo_cov_urb,mts_aggregate_2,2020,63.017
mne,sex_t,geo_cov_urb,mts_aggregate_total,2020,142.909
mng,sex_f,geo_cov_nat,mts_aggregate_1,2010,348.864
mng,sex_f,geo_cov_nat,mts_aggregate_1,2012,313.678
mng,sex_f,geo_cov_nat,mts_aggregate_1,2013,261.229
mng,sex_f,geo_cov_nat,mts_aggregate_1,2014,253.483
mng,sex_f,geo_cov_nat,mts_aggregate_1,2015,266.951
mng,sex_f,geo_cov_nat,mts_aggregate_1,2016,271.555
mng,sex_f,geo_cov_nat,mts_aggregate_1,2017,284.134
mng,sex_f,geo_cov_nat,mts_aggregate_1,2018,306.501
mng,sex_f,geo_cov_nat,mts_aggregate_1,2019,265.407
mng,sex_f,geo_cov_nat,mts_aggregate_1,2020,285.042
mng,sex_f,geo_cov_nat,mts_aggregate_1,2021,307.315
mng,sex_f,geo_cov_nat,mts_aggregate_2,2010,197.543
mng,sex_f,geo_cov_nat,mts_aggregate_2,2012,206.256
mng,sex_f,geo_cov_nat,mts_aggregate_2,2013,206.229
mng,sex_f,geo_cov_nat,mts_aggregate_2,2014,206.189
mng,sex_f,geo_cov_nat,mts_aggregate_2,2015,218.741
mng,sex_f,geo_cov_nat,mts_aggregate_2,2016,242.586
mng,sex_f,geo_cov_nat,mts_aggregate_2,2017,245.65
mng,sex_f,geo_cov_nat,mts_aggregate_2,2018,255.857
mng,sex_f,geo_cov_nat,mts_aggregate_2,2019,222.737
mng,sex_f,geo_cov_nat,mts_aggregate_2,2020,241.472
mng,sex_f,geo_cov_nat,mts_aggregate_2,2021,254.202
mng,sex_f,geo_cov_nat,mts_aggregate_total,2010,546.529
mng,sex_f,geo_cov_nat,mts_aggregate_total,2012,519.934
mng,sex_f,geo_cov_nat,mts_aggregate_total,2013,467.458
mng,sex_f,geo_cov_nat,mts_aggregate_total,2014,459.672
mng,sex_f,geo_cov_nat,mts_aggregate_total,2015,485.692
mng,sex_f,geo_cov_nat,mts_aggregate_total,2016,514.14
mng,sex_f,geo_cov_nat,mts_aggregate_total,2017,529.784
mng,sex_f,geo_cov_nat,mts_aggregate_total,2018,562.357
mng,sex_f,geo_cov_nat,mts_aggregate_total,2019,488.144
mng,sex_f,geo_cov_nat,mts_aggregate_total,2020,526.514
mng,sex_f,geo_cov_nat,mts_aggregate_total,2021,561.517
mng,sex_f,geo_cov_nat,mts_details_mrd,2010,192.702
mng,sex_f,geo_cov_nat,mts_details_mrd,2012,176.781
mng,sex_f,geo_cov_nat,mts_details_mrd,2013,180.841
mng,sex_f,geo_cov_nat,mts_details_mrd,2014,180.716
mng,sex_f,geo_cov_nat,mts_details_mrd,2015,196.206
mng,sex_f,geo_cov_nat,mts_details_mrd,2016,215.329
mng,sex_f,geo_cov_nat,mts_details_mrd,2017,209.631
mng,sex_f,geo_cov_nat,mts_details_mrd,2018,222.5
mng,sex_f,geo_cov_nat,mts_details_mrd,2019,186.016
mng,sex_f,geo_cov_nat,mts_details_mrd,2020,197.952
mng,sex_f,geo_cov_nat,mts_details_mrd,2021,216.075
mng,sex_f,geo_cov_nat,mts_details_sep,2010,17.718
mng,sex_f,geo_cov_nat,mts_details_sep,2012,14.502
mng,sex_f,geo_cov_nat,mts_details_sep,2013,10.755
mng,sex_f,geo_cov_nat,mts_details_sep,2014,12.649
mng,sex_f,geo_cov_nat,mts_details_sep,2015,14.426
mng,sex_f,geo_cov_nat,mts_details_sep,2016,16.943
mng,sex_f,geo_cov_nat,mts_details_sep,2017,20.608
mng,sex_f,geo_cov_nat,mts_details_sep,2018,21.291
mng,sex_f,geo_cov_nat,mts_details_sep,2019,15.701
mng,sex_f,geo_cov_nat,mts_details_sep,2020,14.613
mng,sex_f,geo_cov_nat,mts_details_sep,2021,20.715
mng,sex_f,geo_cov_nat,mts_details_sgle,2010,241.823
mng,sex_f,geo_cov_nat,mts_details_sgle,2012,214.896
mng,sex_f,geo_cov_nat,mts_details_sgle,2013,168.487
mng,sex_f,geo_cov_nat,mts_details_sgle,2014,157.743
mng,sex_f,geo_cov_nat,mts_details_sgle,2015,163.055
mng,sex_f,geo_cov_nat,mts_details_sgle,2016,164.268
mng,sex_f,geo_cov_nat,mts_details_sgle,2017,172.813
mng,sex_f,geo_cov_nat,mts_details_sgle,2018,182.474
mng,sex_f,geo_cov_nat,mts_details_sgle,2019,139.447
mng,sex_f,geo_cov_nat,mts_details_sgle,2020,155.046
mng,sex_f,geo_cov_nat,mts_details_sgle,2021,175.613
mng,sex_f,geo_cov_nat,mts_details_total,2010,546.529
mng,sex_f,geo_cov_nat,mts_details_total,2012,519.934
mng,sex_f,geo_cov_nat,mts_details_total,2013,467.458
mng,sex_f,geo_cov_nat,mts_details_total,2014,459.672
mng,sex_f,geo_cov_nat,mts_details_total,2015,485.692
mng,sex_f,geo_cov_nat,mts_details_total,2016,514.14
mng,sex_f,geo_cov_nat,mts_details_total,2017,529.784
mng,sex_f,geo_cov_nat,mts_details_total,2018,562.357
mng,sex_f,geo_cov_nat,mts_details_total,2019,488.144
mng,sex_f,geo_cov_nat,mts_details_total,2020,526.514
mng,sex_f,geo_cov_nat,mts_details_total,2021,561.517
mng,sex_f,geo_cov_nat,mts_details_union,2010,4.84
mng,sex_f,geo_cov_nat,mts_details_union,2012,29.475
mng,sex_f,geo_cov_nat,mts_details_union,2013,25.388
mng,sex_f,geo_cov_nat,mts_details_union,2014,25.473
mng,sex_f,geo_cov_nat,mts_details_union,2015,22.535
mng,sex_f,geo_cov_nat,mts_details_union,2016,27.257
mng,sex_f,geo_cov_nat,mts_details_union,2017,36.019
mng,sex_f,geo_cov_nat,mts_details_union,2018,33.357
mng,sex_f,geo_cov_nat,mts_details_union,2019,36.721
mng,sex_f,geo_cov_nat,mts_details_union,2020,43.521
mng,sex_f,geo_cov_nat,mts_details_union,2021,38.126
mng,sex_f,geo_cov_nat,mts_details_wid,2010,89.323
mng,sex_f,geo_cov_nat,mts_details_wid,2012,84.28
mng,sex_f,geo_cov_nat,mts_details_wid,2013,81.987
mng,sex_f,geo_cov_nat,mts_details_wid,2014,83.091
mng,sex_f,geo_cov_nat,mts_details_wid,2015,89.47
mng,sex_f,geo_cov_nat,mts_details_wid,2016,90.344
mng,sex_f,geo_cov_nat,mts_details_wid,2017,90.713
mng,sex_f,geo_cov_nat,mts_details_wid,2018,102.736
mng,sex_f,geo_cov_nat,mts_details_wid,2019,110.258
mng,sex_f,geo_cov_nat,mts_details_wid,2020,115.383
mng,sex_f,geo_cov_nat,mts_details_wid,2021,110.987
mng,sex_f,geo_cov_rur,mts_aggregate_1,2010,105.204
mng,sex_f,geo_cov_rur,mts_aggregate_1,2012,98.075
mng,sex_f,geo_cov_rur,mts_aggregate_1,2013,69.592
mng,sex_f,geo_cov_rur,mts_aggregate_1,2014,66.376
mng,sex_f,geo_cov_rur,mts_aggregate_1,2015,75.859
mng,sex_f,geo_cov_rur,mts_aggregate_1,2016,67.735
mng,sex_f,geo_cov_rur,mts_aggregate_1,2017,75.322
mng,sex_f,geo_cov_rur,mts_aggregate_1,2018,79.849
mng,sex_f,geo_cov_rur,mts_aggregate_1,2019,47.949
mng,sex_f,geo_cov_rur,mts_aggregate_1,2020,56.214
mng,sex_f,geo_cov_rur,mts_aggregate_1,2021,64.131
mng,sex_f,geo_cov_rur,mts_aggregate_2,2010,46.322
mng,sex_f,geo_cov_rur,mts_aggregate_2,2012,39.131
mng,sex_f,geo_cov_rur,mts_aggregate_2,2013,45.782
mng,sex_f,geo_cov_rur,mts_aggregate_2,2014,48.631
mng,sex_f,geo_cov_rur,mts_aggregate_2,2015,43.27
mng,sex_f,geo_cov_rur,mts_aggregate_2,2016,44.835
mng,sex_f,geo_cov_rur,mts_aggregate_2,2017,46.619
mng,sex_f,geo_cov_rur,mts_aggregate_2,2018,50.108
mng,sex_f,geo_cov_rur,mts_aggregate_2,2019,32.379
mng,sex_f,geo_cov_rur,mts_aggregate_2,2020,32.052
mng,sex_f,geo_cov_rur,mts_aggregate_2,2021,33.191
mng,sex_f,geo_cov_rur,mts_aggregate_total,2010,151.57
mng,sex_f,geo_cov_rur,mts_aggregate_total,2012,137.206
mng,sex_f,geo_cov_rur,mts_aggregate_total,2013,115.374
mng,sex_f,geo_cov_rur,mts_aggregate_total,2014,115.007
mng,sex_f,geo_cov_rur,mts_aggregate_total,2015,119.128
mng,sex_f,geo_cov_rur,mts_aggregate_total,2016,112.57
mng,sex_f,geo_cov_rur,mts_aggregate_total,2017,121.941
mng,sex_f,geo_cov_rur,mts_aggregate_total,2018,129.957
mng,sex_f,geo_cov_rur,mts_aggregate_total,2019,80.327
mng,sex_f,geo_cov_rur,mts_aggregate_total,2020,88.266
mng,sex_f,geo_cov_rur,mts_aggregate_total,2021,97.322
mng,sex_f,geo_cov_rur,mts_details_mrd,2010,45.665
mng,sex_f,geo_cov_rur,mts_details_mrd,2012,36.023
mng,sex_f,geo_cov_rur,mts_details_mrd,2013,41.737
mng,sex_f,geo_cov_rur,mts_details_mrd,2014,44.736
mng,sex_f,geo_cov_rur,mts_details_mrd,2015,39.721
mng,sex_f,geo_cov_rur,mts_details_mrd,2016,41.506
mng,sex_f,geo_cov_rur,mts_details_mrd,2017,42.263
mng,sex_f,geo_cov_rur,mts_details_mrd,2018,43.657
mng,sex_f,geo_cov_rur,mts_details_mrd,2019,28.384
mng,sex_f,geo_cov_rur,mts_details_mrd,2020,28.748
mng,sex_f,geo_cov_rur,mts_details_mrd,2021,29.917
mng,sex_f,geo_cov_rur,mts_details_sep,2010,1.696
mng,sex_f,geo_cov_rur,mts_details_sep,2012,2.168
mng,sex_f,geo_cov_rur,mts_details_sep,2013,1.281
mng,sex_f,geo_cov_rur,mts_details_sep,2014,1.389
mng,sex_f,geo_cov_rur,mts_details_sep,2015,1.546
mng,sex_f,geo_cov_rur,mts_details_sep,2016,1.524
mng,sex_f,geo_cov_rur,mts_details_sep,2017,3.212
mng,sex_f,geo_cov_rur,mts_details_sep,2018,3.371
mng,sex_f,geo_cov_rur,mts_details_sep,2019,1.946
mng,sex_f,geo_cov_rur,mts_details_sep,2020,1.673
mng,sex_f,geo_cov_rur,mts_details_sep,2021,2.057
mng,sex_f,geo_cov_rur,mts_details_sgle,2010,79.555
mng,sex_f,geo_cov_rur,mts_details_sgle,2012,72.52
mng,sex_f,geo_cov_rur,mts_details_sgle,2013,47.633
mng,sex_f,geo_cov_rur,mts_details_sgle,2014,43.131
mng,sex_f,geo_cov_rur,mts_details_sgle,2015,50.267
mng,sex_f,geo_cov_rur,mts_details_sgle,2016,41.995
mng,sex_f,geo_cov_rur,mts_details_sgle,2017,51.396
mng,sex_f,geo_cov_rur,mts_details_sgle,2018,52.347
mng,sex_f,geo_cov_rur,mts_details_sgle,2019,30.02
mng,sex_f,geo_cov_rur,mts_details_sgle,2020,33.509
mng,sex_f,geo_cov_rur,mts_details_sgle,2021,42.303
mng,sex_f,geo_cov_rur,mts_details_total,2010,151.57
mng,sex_f,geo_cov_rur,mts_details_total,2012,137.206
mng,sex_f,geo_cov_rur,mts_details_total,2013,115.374
mng,sex_f,geo_cov_rur,mts_details_total,2014,115.007
mng,sex_f,geo_cov_rur,mts_details_total,2015,119.128
mng,sex_f,geo_cov_rur,mts_details_total,2016,112.57
mng,sex_f,geo_cov_rur,mts_details_total,2017,121.941
mng,sex_f,geo_cov_rur,mts_details_total,2018,129.957
mng,sex_f,geo_cov_rur,mts_details_total,2019,80.327
mng,sex_f,geo_cov_rur,mts_details_total,2020,88.266
mng,sex_f,geo_cov_rur,mts_details_total,2021,97.322
mng,sex_f,geo_cov_rur,mts_details_union,2010,0.657
mng,sex_f,geo_cov_rur,mts_details_union,2012,3.108
mng,sex_f,geo_cov_rur,mts_details_union,2013,4.045
mng,sex_f,geo_cov_rur,mts_details_union,2014,3.895
mng,sex_f,geo_cov_rur,mts_details_union,2015,3.549
mng,sex_f,geo_cov_rur,mts_details_union,2016,3.329
mng,sex_f,geo_cov_rur,mts_details_union,2017,4.357
mng,sex_f,geo_cov_rur,mts_details_union,2018,6.451
mng,sex_f,geo_cov_rur,mts_details_union,2019,3.994
mng,sex_f,geo_cov_rur,mts_details_union,2020,3.305
mng,sex_f,geo_cov_rur,mts_details_union,2021,3.274
mng,sex_f,geo_cov_rur,mts_details_wid,2010,23.954
mng,sex_f,geo_cov_rur,mts_details_wid,2012,23.387
mng,sex_f,geo_cov_rur,mts_details_wid,2013,20.678
mng,sex_f,geo_cov_rur,mts_details_wid,2014,21.856
mng,sex_f,geo_cov_rur,mts_details_wid,2015,24.046
mng,sex_f,geo_cov_rur,mts_details_wid,2016,24.216
mng,sex_f,geo_cov_rur,mts_details_wid,2017,20.714
mng,sex_f,geo_cov_rur,mts_details_wid,2018,24.131
mng,sex_f,geo_cov_rur,mts_details_wid,2019,15.983
mng,sex_f,geo_cov_rur,mts_details_wid,2020,21.032
mng,sex_f,geo_cov_rur,mts_details_wid,2021,19.771
mng,sex_f,geo_cov_urb,mts_aggregate_1,2010,243.659
mng,sex_f,geo_cov_urb,mts_aggregate_1,2012,215.603
mng,sex_f,geo_cov_urb,mts_aggregate_1,2013,191.637
mng,sex_f,geo_cov_urb,mts_aggregate_1,2014,187.107
mng,sex_f,geo_cov_urb,mts_aggregate_1,2015,191.092
mng,sex_f,geo_cov_urb,mts_aggregate_1,2016,203.82
mng,sex_f,geo_cov_urb,mts_aggregate_1,2017,208.812
mng,sex_f,geo_cov_urb,mts_aggregate_1,2018,226.652
mng,sex_f,geo_cov_urb,mts_aggregate_1,2019,217.458
mng,sex_f,geo_cov_urb,mts_aggregate_1,2020,228.828
mng,sex_f,geo_cov_urb,mts_aggregate_1,2021,243.184
mng,sex_f,geo_cov_urb,mts_aggregate_2,2010,151.22
mng,sex_f,geo_cov_urb,mts_aggregate_2,2012,167.125
mng,sex_f,geo_cov_urb,mts_aggregate_2,2013,160.447
mng,sex_f,geo_cov_urb,mts_aggregate_2,2014,157.558
mng,sex_f,geo_cov_urb,mts_aggregate_2,2015,175.471
mng,sex_f,geo_cov_urb,mts_aggregate_2,2016,197.751
mng,sex_f,geo_cov_urb,mts_aggregate_2,2017,199.031
mng,sex_f,geo_cov_urb,mts_aggregate_2,2018,205.749
mng,sex_f,geo_cov_urb,mts_aggregate_2,2019,190.359
mng,sex_f,geo_cov_urb,mts_aggregate_2,2020,209.42
mng,sex_f,geo_cov_urb,mts_aggregate_2,2021,221.011
mng,sex_f,geo_cov_urb,mts_aggregate_total,2010,394.959
mng,sex_f,geo_cov_urb,mts_aggregate_total,2012,382.728
mng,sex_f,geo_cov_urb,mts_aggregate_total,2013,352.084
mng,sex_f,geo_cov_urb,mts_aggregate_total,2014,344.665
mng,sex_f,geo_cov_urb,mts_aggregate_total,2015,366.563
mng,sex_f,geo_cov_urb,mts_aggregate_total,2016,401.57
mng,sex_f,geo_cov_urb,mts_aggregate_total,2017,407.843
mng,sex_f,geo_cov_urb,mts_aggregate_total,2018,432.401
mng,sex_f,geo_cov_urb,mts_aggregate_total,2019,407.817
mng,sex_f,geo_cov_urb,mts_aggregate_total,2020,438.249
mng,sex_f,geo_cov_urb,mts_aggregate_total,2021,464.195
mng,sex_f,geo_cov_urb,mts_details_mrd,2010,147.037
mng,sex_f,geo_cov_urb,mts_details_mrd,2012,140.758
mng,sex_f,geo_cov_urb,mts_details_mrd,2013,139.103
mng,sex_f,geo_cov_urb,mts_details_mrd,2014,135.98
mng,sex_f,geo_cov_urb,mts_details_mrd,2015,156.486
mng,sex_f,geo_cov_urb,mts_details_mrd,2016,173.823
mng,sex_f,geo_cov_urb,mts_details_mrd,2017,167.368
mng,sex_f,geo_cov_urb,mts_details_mrd,2018,178.842
mng,sex_f,geo_cov_urb,mts_details_mrd,2019,157.632
mng,sex_f,geo_cov_urb,mts_details_mrd,2020,169.204
mng,sex_f,geo_cov_urb,mts_details_mrd,2021,186.159
mng,sex_f,geo_cov_urb,mts_details_sep,2010,16.022
mng,sex_f,geo_cov_urb,mts_details_sep,2012,12.334
mng,sex_f,geo_cov_urb,mts_details_sep,2013,9.474
mng,sex_f,geo_cov_urb,mts_details_sep,2014,11.26
mng,sex_f,geo_cov_urb,mts_details_sep,2015,12.88
mng,sex_f,geo_cov_urb,mts_details_sep,2016,15.419
mng,sex_f,geo_cov_urb,mts_details_sep,2017,17.397
mng,sex_f,geo_cov_urb,mts_details_sep,2018,17.92
mng,sex_f,geo_cov_urb,mts_details_sep,2019,13.755
mng,sex_f,geo_cov_urb,mts_details_sep,2020,12.94
mng,sex_f,geo_cov_urb,mts_details_sep,2021,18.658
mng,sex_f,geo_cov_urb,mts_details_sgle,2010,162.268
mng,sex_f,geo_cov_urb,mts_details_sgle,2012,142.376
mng,sex_f,geo_cov_urb,mts_details_sgle,2013,120.854
mng,sex_f,geo_cov_urb,mts_details_sgle,2014,114.612
mng,sex_f,geo_cov_urb,mts_details_sgle,2015,112.788
mng,sex_f,geo_cov_urb,mts_details_sgle,2016,122.273
mng,sex_f,geo_cov_urb,mts_details_sgle,2017,121.416
mng,sex_f,geo_cov_urb,mts_details_sgle,2018,130.126
mng,sex_f,geo_cov_urb,mts_details_sgle,2019,109.428
mng,sex_f,geo_cov_urb,mts_details_sgle,2020,121.537
mng,sex_f,geo_cov_urb,mts_details_sgle,2021,133.31
mng,sex_f,geo_cov_urb,mts_details_total,2010,394.959
mng,sex_f,geo_cov_urb,mts_details_total,2012,382.728
mng,sex_f,geo_cov_urb,mts_details_total,2013,352.084
mng,sex_f,geo_cov_urb,mts_details_total,2014,344.665
mng,sex_f,geo_cov_urb,mts_details_total,2015,366.563
mng,sex_f,geo_cov_urb,mts_details_total,2016,401.57
mng,sex_f,geo_cov_urb,mts_details_total,2017,407.843
mng,sex_f,geo_cov_urb,mts_details_total,2018,432.401
mng,sex_f,geo_cov_urb,mts_details_total,2019,407.817
mng,sex_f,geo_cov_urb,mts_details_total,2020,438.249
mng,sex_f,geo_cov_urb,mts_details_total,2021,464.195
mng,sex_f,geo_cov_urb,mts_details_union,2010,4.183
mng,sex_f,geo_cov_urb,mts_details_union,2012,26.367
mng,sex_f,geo_cov_urb,mts_details_union,2013,21.343
mng,sex_f,geo_cov_urb,mts_details_union,2014,21.578
mng,sex_f,geo_cov_urb,mts_details_union,2015,18.986
mng,sex_f,geo_cov_urb,mts_details_union,2016,23.928
mng,sex_f,geo_cov_urb,mts_details_union,2017,31.662
mng,sex_f,geo_cov_urb,mts_details_union,2018,26.906
mng,sex_f,geo_cov_urb,mts_details_union,2019,32.726
mng,sex_f,geo_cov_urb,mts_details_union,2020,40.216
mng,sex_f,geo_cov_urb,mts_details_union,2021,34.852
mng,sex_f,geo_cov_urb,mts_details_wid,2010,65.369
mng,sex_f,geo_cov_urb,mts_details_wid,2012,60.893
mng,sex_f,geo_cov_urb,mts_details_wid,2013,61.309
mng,sex_f,geo_cov_urb,mts_details_wid,2014,61.235
mng,sex_f,geo_cov_urb,mts_details_wid,2015,65.424
mng,sex_f,geo_cov_urb,mts_details_wid,2016,66.128
mng,sex_f,geo_cov_urb,mts_details_wid,2017,69.999
mng,sex_f,geo_cov_urb,mts_details_wid,2018,78.605
mng,sex_f,geo_cov_urb,mts_details_wid,2019,94.275
mng,sex_f,geo_cov_urb,mts_details_wid,2020,94.351
mng,sex_f,geo_cov_urb,mts_details_wid,2021,91.216
mng,sex_m,geo_cov_nat,mts_aggregate_1,2010,276.924
mng,sex_m,geo_cov_nat,mts_aggregate_1,2012,234.926
mng,sex_m,geo_cov_nat,mts_aggregate_1,2013,191.709
mng,sex_m,geo_cov_nat,mts_aggregate_1,2014,187.917
mng,sex_m,geo_cov_nat,mts_aggregate_1,2015,193.462
mng,sex_m,geo_cov_nat,mts_aggregate_1,2016,200.384
mng,sex_m,geo_cov_nat,mts_aggregate_1,2017,214.345
mng,sex_m,geo_cov_nat,mts_aggregate_1,2018,193.595
mng,sex_m,geo_cov_nat,mts_aggregate_1,2019,170.892
mng,sex_m,geo_cov_nat,mts_aggregate_1,2020,167.336
mng,sex_m,geo_cov_nat,mts_aggregate_1,2021,172.467
mng,sex_m,geo_cov_nat,mts_aggregate_2,2010,129.95
mng,sex_m,geo_cov_nat,mts_aggregate_2,2012,121.689
mng,sex_m,geo_cov_nat,mts_aggregate_2,2013,125.594
mng,sex_m,geo_cov_nat,mts_aggregate_2,2014,127.247
mng,sex_m,geo_cov_nat,mts_aggregate_2,2015,133.741
mng,sex_m,geo_cov_nat,mts_aggregate_2,2016,155.123
mng,sex_m,geo_cov_nat,mts_aggregate_2,2017,153.852
mng,sex_m,geo_cov_nat,mts_aggregate_2,2018,146.423
mng,sex_m,geo_cov_nat,mts_aggregate_2,2019,121.324
mng,sex_m,geo_cov_nat,mts_aggregate_2,2020,138.74
mng,sex_m,geo_cov_nat,mts_aggregate_2,2021,155.527
mng,sex_m,geo_cov_nat,mts_aggregate_total,2010,407.055
mng,sex_m,geo_cov_nat,mts_aggregate_total,2012,356.615
mng,sex_m,geo_cov_nat,mts_aggregate_total,2013,317.303
mng,sex_m,geo_cov_nat,mts_aggregate_total,2014,315.164
mng,sex_m,geo_cov_nat,mts_aggregate_total,2015,327.203
mng,sex_m,geo_cov_nat,mts_aggregate_total,2016,355.508
mng,sex_m,geo_cov_nat,mts_aggregate_total,2017,368.197
mng,sex_m,geo_cov_nat,mts_aggregate_total,2018,340.018
mng,sex_m,geo_cov_nat,mts_aggregate_total,2019,292.216
mng,sex_m,geo_cov_nat,mts_aggregate_total,2020,306.076
mng,sex_m,geo_cov_nat,mts_aggregate_total,2021,327.993
mng,sex_m,geo_cov_nat,mts_details_mrd,2010,126.202
mng,sex_m,geo_cov_nat,mts_details_mrd,2012,109.4
mng,sex_m,geo_cov_nat,mts_details_mrd,2013,116.674
mng,sex_m,geo_cov_nat,mts_details_mrd,2014,119.338
mng,sex_m,geo_cov_nat,mts_details_mrd,2015,126.257
mng,sex_m,geo_cov_nat,mts_details_mrd,2016,141.935
mng,sex_m,geo_cov_nat,mts_details_mrd,2017,138.43
mng,sex_m,geo_cov_nat,mts_details_mrd,2018,133.3
mng,sex_m,geo_cov_nat,mts_details_mrd,2019,113.059
mng,sex_m,geo_cov_nat,mts_details_mrd,2020,123.055
mng,sex_m,geo_cov_nat,mts_details_mrd,2021,142.236
mng,sex_m,geo_cov_nat,mts_details_sep,2010,10.076
mng,sex_m,geo_cov_nat,mts_details_sep,2012,6.735
mng,sex_m,geo_cov_nat,mts_details_sep,2013,8.443
mng,sex_m,geo_cov_nat,mts_details_sep,2014,8.14
mng,sex_m,geo_cov_nat,mts_details_sep,2015,7.055
mng,sex_m,geo_cov_nat,mts_details_sep,2016,9.669
mng,sex_m,geo_cov_nat,mts_details_sep,2017,9.894
mng,sex_m,geo_cov_nat,mts_details_sep,2018,9.658
mng,sex_m,geo_cov_nat,mts_details_sep,2019,7.866
mng,sex_m,geo_cov_nat,mts_details_sep,2020,7.117
mng,sex_m,geo_cov_nat,mts_details_sep,2021,9.221
mng,sex_m,geo_cov_nat,mts_details_sgle,2010,244.912
mng,sex_m,geo_cov_nat,mts_details_sgle,2012,207.65
mng,sex_m,geo_cov_nat,mts_details_sgle,2013,162.086
mng,sex_m,geo_cov_nat,mts_details_sgle,2014,157.716
mng,sex_m,geo_cov_nat,mts_details_sgle,2015,165.743
mng,sex_m,geo_cov_nat,mts_details_sgle,2016,169.558
mng,sex_m,geo_cov_nat,mts_details_sgle,2017,177.919
mng,sex_m,geo_cov_nat,mts_details_sgle,2018,162.483
mng,sex_m,geo_cov_nat,mts_details_sgle,2019,135.495
mng,sex_m,geo_cov_nat,mts_details_sgle,2020,136.961
mng,sex_m,geo_cov_nat,mts_details_sgle,2021,141.521
mng,sex_m,geo_cov_nat,mts_details_total,2010,407.055
mng,sex_m,geo_cov_nat,mts_details_total,2012,356.615
mng,sex_m,geo_cov_nat,mts_details_total,2013,317.303
mng,sex_m,geo_cov_nat,mts_details_total,2014,315.164
mng,sex_m,geo_cov_nat,mts_details_total,2015,327.203
mng,sex_m,geo_cov_nat,mts_details_total,2016,355.508
mng,sex_m,geo_cov_nat,mts_details_total,2017,368.197
mng,sex_m,geo_cov_nat,mts_details_total,2018,340.018
mng,sex_m,geo_cov_nat,mts_details_total,2019,292.216
mng,sex_m,geo_cov_nat,mts_details_total,2020,306.076
mng,sex_m,geo_cov_nat,mts_details_total,2021,327.993
mng,sex_m,geo_cov_nat,mts_details_union,2010,3.748
mng,sex_m,geo_cov_nat,mts_details_union,2012,12.29
mng,sex_m,geo_cov_nat,mts_details_union,2013,8.92
mng,sex_m,geo_cov_nat,mts_details_union,2014,7.909
mng,sex_m,geo_cov_nat,mts_details_union,2015,7.484
mng,sex_m,geo_cov_nat,mts_details_union,2016,13.189
mng,sex_m,geo_cov_nat,mts_details_union,2017,15.423
mng,sex_m,geo_cov_nat,mts_details_union,2018,13.123
mng,sex_m,geo_cov_nat,mts_details_union,2019,8.265
mng,sex_m,geo_cov_nat,mts_details_union,2020,15.686
mng,sex_m,geo_cov_nat,mts_details_union,2021,13.29
mng,sex_m,geo_cov_nat,mts_details_wid,2010,21.936
mng,sex_m,geo_cov_nat,mts_details_wid,2012,20.54
mng,sex_m,geo_cov_nat,mts_details_wid,2013,21.18
mng,sex_m,geo_cov_nat,mts_details_wid,2014,22.062
mng,sex_m,geo_cov_nat,mts_details_wid,2015,20.664
mng,sex_m,geo_cov_nat,mts_details_wid,2016,21.158
mng,sex_m,geo_cov_nat,mts_details_wid,2017,26.532
mng,sex_m,geo_cov_nat,mts_details_wid,2018,21.455
mng,sex_m,geo_cov_nat,mts_details_wid,2019,27.531
mng,sex_m,geo_cov_nat,mts_details_wid,2020,23.258
mng,sex_m,geo_cov_nat,mts_details_wid,2021,21.724
mng,sex_m,geo_cov_rur,mts_aggregate_1,2010,83.768
mng,sex_m,geo_cov_rur,mts_aggregate_1,2012,73.232
mng,sex_m,geo_cov_rur,mts_aggregate_1,2013,54.992
mng,sex_m,geo_cov_rur,mts_aggregate_1,2014,50.352
mng,sex_m,geo_cov_rur,mts_aggregate_1,2015,54.047
mng,sex_m,geo_cov_rur,mts_aggregate_1,2016,53.589
mng,sex_m,geo_cov_rur,mts_aggregate_1,2017,55.009
mng,sex_m,geo_cov_rur,mts_aggregate_1,2018,55.355
mng,sex_m,geo_cov_rur,mts_aggregate_1,2019,31.158
mng,sex_m,geo_cov_rur,mts_aggregate_1,2020,38.334
mng,sex_m,geo_cov_rur,mts_aggregate_1,2021,41.304
mng,sex_m,geo_cov_rur,mts_aggregate_2,2010,30.634
mng,sex_m,geo_cov_rur,mts_aggregate_2,2012,27.589
mng,sex_m,geo_cov_rur,mts_aggregate_2,2013,31.754
mng,sex_m,geo_cov_rur,mts_aggregate_2,2014,35.195
mng,sex_m,geo_cov_rur,mts_aggregate_2,2015,30.044
mng,sex_m,geo_cov_rur,mts_aggregate_2,2016,33.691
mng,sex_m,geo_cov_rur,mts_aggregate_2,2017,31.782
mng,sex_m,geo_cov_rur,mts_aggregate_2,2018,31.554
mng,sex_m,geo_cov_rur,mts_aggregate_2,2019,20.06
mng,sex_m,geo_cov_rur,mts_aggregate_2,2020,20.796
mng,sex_m,geo_cov_rur,mts_aggregate_2,2021,20.377
mng,sex_m,geo_cov_rur,mts_aggregate_total,2010,114.464
mng,sex_m,geo_cov_rur,mts_aggregate_total,2012,100.821
mng,sex_m,geo_cov_rur,mts_aggregate_total,2013,86.746
mng,sex_m,geo_cov_rur,mts_aggregate_total,2014,85.547
mng,sex_m,geo_cov_rur,mts_aggregate_total,2015,84.09
mng,sex_m,geo_cov_rur,mts_aggregate_total,2016,87.28
mng,sex_m,geo_cov_rur,mts_aggregate_total,2017,86.791
mng,sex_m,geo_cov_rur,mts_aggregate_total,2018,86.909
mng,sex_m,geo_cov_rur,mts_aggregate_total,2019,51.217
mng,sex_m,geo_cov_rur,mts_aggregate_total,2020,59.13
mng,sex_m,geo_cov_rur,mts_aggregate_total,2021,61.681
mng,sex_m,geo_cov_rur,mts_details_mrd,2010,30.017
mng,sex_m,geo_cov_rur,mts_details_mrd,2012,25.524
mng,sex_m,geo_cov_rur,mts_details_mrd,2013,30.134
mng,sex_m,geo_cov_rur,mts_details_mrd,2014,33.674
mng,sex_m,geo_cov_rur,mts_details_mrd,2015,28.664
mng,sex_m,geo_cov_rur,mts_details_mrd,2016,31.927
mng,sex_m,geo_cov_rur,mts_details_mrd,2017,30.305
mng,sex_m,geo_cov_rur,mts_details_mrd,2018,29.133
mng,sex_m,geo_cov_rur,mts_details_mrd,2019,18.982
mng,sex_m,geo_cov_rur,mts_details_mrd,2020,19.189
mng,sex_m,geo_cov_rur,mts_details_mrd,2021,19.423
mng,sex_m,geo_cov_rur,mts_details_sep,2010,1.009
mng,sex_m,geo_cov_rur,mts_details_sep,2012,1.481
mng,sex_m,geo_cov_rur,mts_details_sep,2013,1.444
mng,sex_m,geo_cov_rur,mts_details_sep,2014,1.54
mng,sex_m,geo_cov_rur,mts_details_sep,2015,1.134
mng,sex_m,geo_cov_rur,mts_details_sep,2016,1.497
mng,sex_m,geo_cov_rur,mts_details_sep,2017,2.255
mng,sex_m,geo_cov_rur,mts_details_sep,2018,1.662
mng,sex_m,geo_cov_rur,mts_details_sep,2019,1.093
mng,sex_m,geo_cov_rur,mts_details_sep,2020,1.123
mng,sex_m,geo_cov_rur,mts_details_sep,2021,1.623
mng,sex_m,geo_cov_rur,mts_details_sgle,2010,76.595
mng,sex_m,geo_cov_rur,mts_details_sgle,2012,65.711
mng,sex_m,geo_cov_rur,mts_details_sgle,2013,47.341
mng,sex_m,geo_cov_rur,mts_details_sgle,2014,42.859
mng,sex_m,geo_cov_rur,mts_details_sgle,2015,45.994
mng,sex_m,geo_cov_rur,mts_details_sgle,2016,45.556
mng,sex_m,geo_cov_rur,mts_details_sgle,2017,46.149
mng,sex_m,geo_cov_rur,mts_details_sgle,2018,46.419
mng,sex_m,geo_cov_rur,mts_details_sgle,2019,25.447
mng,sex_m,geo_cov_rur,mts_details_sgle,2020,31.815
mng,sex_m,geo_cov_rur,mts_details_sgle,2021,35.955
mng,sex_m,geo_cov_rur,mts_details_total,2010,114.464
mng,sex_m,geo_cov_rur,mts_details_total,2012,100.821
mng,sex_m,geo_cov_rur,mts_details_total,2013,86.746
mng,sex_m,geo_cov_rur,mts_details_total,2014,85.547
mng,sex_m,geo_cov_rur,mts_details_total,2015,84.09
mng,sex_m,geo_cov_rur,mts_details_total,2016,87.28
mng,sex_m,geo_cov_rur,mts_details_total,2017,86.791
mng,sex_m,geo_cov_rur,mts_details_total,2018,86.909
mng,sex_m,geo_cov_rur,mts_details_total,2019,51.217
mng,sex_m,geo_cov_rur,mts_details_total,2020,59.13
mng,sex_m,geo_cov_rur,mts_details_total,2021,61.681
mng,sex_m,geo_cov_rur,mts_details_union,2010,0.617
mng,sex_m,geo_cov_rur,mts_details_union,2012,2.066
mng,sex_m,geo_cov_rur,mts_details_union,2013,1.62
mng,sex_m,geo_cov_rur,mts_details_union,2014,1.522
mng,sex_m,geo_cov_rur,mts_details_union,2015,1.38
mng,sex_m,geo_cov_rur,mts_details_union,2016,1.764
mng,sex_m,geo_cov_rur,mts_details_union,2017,1.477
mng,sex_m,geo_cov_rur,mts_details_union,2018,2.421
mng,sex_m,geo_cov_rur,mts_details_union,2019,1.078
mng,sex_m,geo_cov_rur,mts_details_union,2020,1.607
mng,sex_m,geo_cov_rur,mts_details_union,2021,0.954
mng,sex_m,geo_cov_rur,mts_details_wid,2010,6.164
mng,sex_m,geo_cov_rur,mts_details_wid,2012,6.041
mng,sex_m,geo_cov_rur,mts_details_wid,2013,6.208
mng,sex_m,geo_cov_rur,mts_details_wid,2014,5.952
mng,sex_m,geo_cov_rur,mts_details_wid,2015,6.918
mng,sex_m,geo_cov_rur,mts_details_wid,2016,6.536
mng,sex_m,geo_cov_rur,mts_details_wid,2017,6.605
mng,sex_m,geo_cov_rur,mts_details_wid,2018,7.275
mng,sex_m,geo_cov_rur,mts_details_wid,2019,4.618
mng,sex_m,geo_cov_rur,mts_details_wid,2020,5.397
mng,sex_m,geo_cov_rur,mts_details_wid,2021,3.726
mng,sex_m,geo_cov_urb,mts_aggregate_1,2010,193.156
mng,sex_m,geo_cov_urb,mts_aggregate_1,2012,161.694
mng,sex_m,geo_cov_urb,mts_aggregate_1,2013,136.717
mng,sex_m,geo_cov_urb,mts_aggregate_1,2014,137.566
mng,sex_m,geo_cov_urb,mts_aggregate_1,2015,139.415
mng,sex_m,geo_cov_urb,mts_aggregate_1,2016,146.795
mng,sex_m,geo_cov_urb,mts_aggregate_1,2017,159.336
mng,sex_m,geo_cov_urb,mts_aggregate_1,2018,138.24
mng,sex_m,geo_cov_urb,mts_aggregate_1,2019,139.735
mng,sex_m,geo_cov_urb,mts_aggregate_1,2020,129.001
mng,sex_m,geo_cov_urb,mts_aggregate_1,2021,131.162
mng,sex_m,geo_cov_urb,mts_aggregate_2,2010,99.316
mng,sex_m,geo_cov_urb,mts_aggregate_2,2012,94.1
mng,sex_m,geo_cov_urb,mts_aggregate_2,2013,93.84
mng,sex_m,geo_cov_urb,mts_aggregate_2,2014,92.052
mng,sex_m,geo_cov_urb,mts_aggregate_2,2015,103.697
mng,sex_m,geo_cov_urb,mts_aggregate_2,2016,121.432
mng,sex_m,geo_cov_urb,mts_aggregate_2,2017,122.07
mng,sex_m,geo_cov_urb,mts_aggregate_2,2018,114.869
mng,sex_m,geo_cov_urb,mts_aggregate_2,2019,101.265
mng,sex_m,geo_cov_urb,mts_aggregate_2,2020,117.944
mng,sex_m,geo_cov_urb,mts_aggregate_2,2021,135.149
mng,sex_m,geo_cov_urb,mts_aggregate_total,2010,292.591
mng,sex_m,geo_cov_urb,mts_aggregate_total,2012,255.794
mng,sex_m,geo_cov_urb,mts_aggregate_total,2013,230.557
mng,sex_m,geo_cov_urb,mts_aggregate_total,2014,229.617
mng,sex_m,geo_cov_urb,mts_aggregate_total,2015,243.112
mng,sex_m,geo_cov_urb,mts_aggregate_total,2016,268.228
mng,sex_m,geo_cov_urb,mts_aggregate_total,2017,281.406
mng,sex_m,geo_cov_urb,mts_aggregate_total,2018,253.109
mng,sex_m,geo_cov_urb,mts_aggregate_total,2019,240.999
mng,sex_m,geo_cov_urb,mts_aggregate_total,2020,246.946
mng,sex_m,geo_cov_urb,mts_aggregate_total,2021,266.312
mng,sex_m,geo_cov_urb,mts_details_mrd,2010,96.185
mng,sex_m,geo_cov_urb,mts_details_mrd,2012,83.876
mng,sex_m,geo_cov_urb,mts_details_mrd,2013,86.54
mng,sex_m,geo_cov_urb,mts_details_mrd,2014,85.664
mng,sex_m,geo_cov_urb,mts_details_mrd,2015,97.593
mng,sex_m,geo_cov_urb,mts_details_mrd,2016,110.008
mng,sex_m,geo_cov_urb,mts_details_mrd,2017,108.124
mng,sex_m,geo_cov_urb,mts_details_mrd,2018,104.167
mng,sex_m,geo_cov_urb,mts_details_mrd,2019,94.077
mng,sex_m,geo_cov_urb,mts_details_mrd,2020,103.866
mng,sex_m,geo_cov_urb,mts_details_mrd,2021,122.813
mng,sex_m,geo_cov_urb,mts_details_sep,2010,9.067
mng,sex_m,geo_cov_urb,mts_details_sep,2012,5.255
mng,sex_m,geo_cov_urb,mts_details_sep,2013,7
mng,sex_m,geo_cov_urb,mts_details_sep,2014,6.6
mng,sex_m,geo_cov_urb,mts_details_sep,2015,5.921
mng,sex_m,geo_cov_urb,mts_details_sep,2016,8.172
mng,sex_m,geo_cov_urb,mts_details_sep,2017,7.639
mng,sex_m,geo_cov_urb,mts_details_sep,2018,7.995
mng,sex_m,geo_cov_urb,mts_details_sep,2019,6.774
mng,sex_m,geo_cov_urb,mts_details_sep,2020,5.994
mng,sex_m,geo_cov_urb,mts_details_sep,2021,7.598
mng,sex_m,geo_cov_urb,mts_details_sgle,2010,168.317
mng,sex_m,geo_cov_urb,mts_details_sgle,2012,141.94
mng,sex_m,geo_cov_urb,mts_details_sgle,2013,114.745
mng,sex_m,geo_cov_urb,mts_details_sgle,2014,114.857
mng,sex_m,geo_cov_urb,mts_details_sgle,2015,119.749
mng,sex_m,geo_cov_urb,mts_details_sgle,2016,124.001
mng,sex_m,geo_cov_urb,mts_details_sgle,2017,131.77
mng,sex_m,geo_cov_urb,mts_details_sgle,2018,116.064
mng,sex_m,geo_cov_urb,mts_details_sgle,2019,110.048
mng,sex_m,geo_cov_urb,mts_details_sgle,2020,105.146
mng,sex_m,geo_cov_urb,mts_details_sgle,2021,105.566
mng,sex_m,geo_cov_urb,mts_details_total,2010,292.591
mng,sex_m,geo_cov_urb,mts_details_total,2012,255.794
mng,sex_m,geo_cov_urb,mts_details_total,2013,230.557
mng,sex_m,geo_cov_urb,mts_details_total,2014,229.617
mng,sex_m,geo_cov_urb,mts_details_total,2015,243.112
mng,sex_m,geo_cov_urb,mts_details_total,2016,268.228
mng,sex_m,geo_cov_urb,mts_details_total,2017,281.406
mng,sex_m,geo_cov_urb,mts_details_total,2018,253.109
mng,sex_m,geo_cov_urb,mts_details_total,2019,240.999
mng,sex_m,geo_cov_urb,mts_details_total,2020,246.946
mng,sex_m,geo_cov_urb,mts_details_total,2021,266.312
mng,sex_m,geo_cov_urb,mts_details_union,2010,3.131
mng,sex_m,geo_cov_urb,mts_details_union,2012,10.224
mng,sex_m,geo_cov_urb,mts_details_union,2013,7.3
mng,sex_m,geo_cov_urb,mts_details_union,2014,6.387
mng,sex_m,geo_cov_urb,mts_details_union,2015,6.104
mng,sex_m,geo_cov_urb,mts_details_union,2016,11.425
mng,sex_m,geo_cov_urb,mts_details_union,2017,13.946
mng,sex_m,geo_cov_urb,mts_details_union,2018,10.702
mng,sex_m,geo_cov_urb,mts_details_union,2019,7.187
mng,sex_m,geo_cov_urb,mts_details_union,2020,14.079
mng,sex_m,geo_cov_urb,mts_details_union,2021,12.337
mng,sex_m,geo_cov_urb,mts_details_wid,2010,15.772
mng,sex_m,geo_cov_urb,mts_details_wid,2012,14.5
mng,sex_m,geo_cov_urb,mts_details_wid,2013,14.972
mng,sex_m,geo_cov_urb,mts_details_wid,2014,16.109
mng,sex_m,geo_cov_urb,mts_details_wid,2015,13.746
mng,sex_m,geo_cov_urb,mts_details_wid,2016,14.622
mng,sex_m,geo_cov_urb,mts_details_wid,2017,19.927
mng,sex_m,geo_cov_urb,mts_details_wid,2018,14.181
mng,sex_m,geo_cov_urb,mts_details_wid,2019,22.913
mng,sex_m,geo_cov_urb,mts_details_wid,2020,17.862
mng,sex_m,geo_cov_urb,mts_details_wid,2021,17.998
mng,sex_t,geo_cov_nat,mts_aggregate_1,2010,625.787
mng,sex_t,geo_cov_nat,mts_aggregate_1,2012,548.604
mng,sex_t,geo_cov_nat,mts_aggregate_1,2013,452.939
mng,sex_t,geo_cov_nat,mts_aggregate_1,2014,441.4
mng,sex_t,geo_cov_nat,mts_aggregate_1,2015,460.413
mng,sex_t,geo_cov_nat,mts_aggregate_1,2016,471.939
mng,sex_t,geo_cov_nat,mts_aggregate_1,2017,498.479
mng,sex_t,geo_cov_nat,mts_aggregate_1,2018,500.096
mng,sex_t,geo_cov_nat,mts_aggregate_1,2019,436.299
mng,sex_t,geo_cov_nat,mts_aggregate_1,2020,452.378
mng,sex_t,geo_cov_nat,mts_aggregate_1,2021,479.782
mng,sex_t,geo_cov_nat,mts_aggregate_2,2010,327.493
mng,sex_t,geo_cov_nat,mts_aggregate_2,2012,327.945
mng,sex_t,geo_cov_nat,mts_aggregate_2,2013,331.823
mng,sex_t,geo_cov_nat,mts_aggregate_2,2014,333.436
mng,sex_t,geo_cov_nat,mts_aggregate_2,2015,352.482
mng,sex_t,geo_cov_nat,mts_aggregate_2,2016,397.709
mng,sex_t,geo_cov_nat,mts_aggregate_2,2017,399.503
mng,sex_t,geo_cov_nat,mts_aggregate_2,2018,402.279
mng,sex_t,geo_cov_nat,mts_aggregate_2,2019,344.061
mng,sex_t,geo_cov_nat,mts_aggregate_2,2020,380.213
mng,sex_t,geo_cov_nat,mts_aggregate_2,2021,409.728
mng,sex_t,geo_cov_nat,mts_aggregate_total,2010,953.584
mng,sex_t,geo_cov_nat,mts_aggregate_total,2012,876.549
mng,sex_t,geo_cov_nat,mts_aggregate_total,2013,784.761
mng,sex_t,geo_cov_nat,mts_aggregate_total,2014,774.836
mng,sex_t,geo_cov_nat,mts_aggregate_total,2015,812.894
mng,sex_t,geo_cov_nat,mts_aggregate_total,2016,869.648
mng,sex_t,geo_cov_nat,mts_aggregate_total,2017,897.982
mng,sex_t,geo_cov_nat,mts_aggregate_total,2018,902.375
mng,sex_t,geo_cov_nat,mts_aggregate_total,2019,780.36
mng,sex_t,geo_cov_nat,mts_aggregate_total,2020,832.59
mng,sex_t,geo_cov_nat,mts_aggregate_total,2021,889.51
mng,sex_t,geo_cov_nat,mts_aggregate_x,2010,0.304
mng,sex_t,geo_cov_nat,mts_details_mrd,2010,318.904
mng,sex_t,geo_cov_nat,mts_details_mrd,2012,286.18
mng,sex_t,geo_cov_nat,mts_details_mrd,2013,297.515
mng,sex_t,geo_cov_nat,mts_details_mrd,2014,300.054
mng,sex_t,geo_cov_nat,mts_details_mrd,2015,322.463
mng,sex_t,geo_cov_nat,mts_details_mrd,2016,357.264
mng,sex_t,geo_cov_nat,mts_details_mrd,2017,348.061
mng,sex_t,geo_cov_nat,mts_details_mrd,2018,355.799
mng,sex_t,geo_cov_nat,mts_details_mrd,2019,299.076
mng,sex_t,geo_cov_nat,mts_details_mrd,2020,321.006
mng,sex_t,geo_cov_nat,mts_details_mrd,2021,358.311
mng,sex_t,geo_cov_nat,mts_details_sep,2010,27.794
mng,sex_t,geo_cov_nat,mts_details_sep,2012,21.238
mng,sex_t,geo_cov_nat,mts_details_sep,2013,19.198
mng,sex_t,geo_cov_nat,mts_details_sep,2014,20.789
mng,sex_t,geo_cov_nat,mts_details_sep,2015,21.481
mng,sex_t,geo_cov_nat,mts_details_sep,2016,26.611
mng,sex_t,geo_cov_nat,mts_details_sep,2017,30.502
mng,sex_t,geo_cov_nat,mts_details_sep,2018,30.949
mng,sex_t,geo_cov_nat,mts_details_sep,2019,23.567
mng,sex_t,geo_cov_nat,mts_details_sep,2020,21.73
mng,sex_t,geo_cov_nat,mts_details_sep,2021,29.937
mng,sex_t,geo_cov_nat,mts_details_sgle,2010,486.735
mng,sex_t,geo_cov_nat,mts_details_sgle,2012,422.546
mng,sex_t,geo_cov_nat,mts_details_sgle,2013,330.573
mng,sex_t,geo_cov_nat,mts_details_sgle,2014,315.458
mng,sex_t,geo_cov_nat,mts_details_sgle,2015,328.798
mng,sex_t,geo_cov_nat,mts_details_sgle,2016,333.825
mng,sex_t,geo_cov_nat,mts_details_sgle,2017,350.732
mng,sex_t,geo_cov_nat,mts_details_sgle,2018,344.956
mng,sex_t,geo_cov_nat,mts_details_sgle,2019,274.942
mng,sex_t,geo_cov_nat,mts_details_sgle,2020,292.007
mng,sex_t,geo_cov_nat,mts_details_sgle,2021,317.135
mng,sex_t,geo_cov_nat,mts_details_total,2010,953.584
mng,sex_t,geo_cov_nat,mts_details_total,2012,876.549
mng,sex_t,geo_cov_nat,mts_details_total,2013,784.761
mng,sex_t,geo_cov_nat,mts_details_total,2014,774.836
mng,sex_t,geo_cov_nat,mts_details_total,2015,812.894
mng,sex_t,geo_cov_nat,mts_details_total,2016,869.648
mng,sex_t,geo_cov_nat,mts_details_total,2017,897.982
mng,sex_t,geo_cov_nat,mts_details_total,2018,902.375
mng,sex_t,geo_cov_nat,mts_details_total,2019,780.36
mng,sex_t,geo_cov_nat,mts_details_total,2020,832.59
mng,sex_t,geo_cov_nat,mts_details_total,2021,889.51
mng,sex_t,geo_cov_nat,mts_details_union,2010,8.589
mng,sex_t,geo_cov_nat,mts_details_union,2012,41.765
mng,sex_t,geo_cov_nat,mts_details_union,2013,34.308
mng,sex_t,geo_cov_nat,mts_details_union,2014,33.382
mng,sex_t,geo_cov_nat,mts_details_union,2015,30.019
mng,sex_t,geo_cov_nat,mts_details_union,2016,40.446
mng,sex_t,geo_cov_nat,mts_details_union,2017,51.442
mng,sex_t,geo_cov_nat,mts_details_union,2018,46.48
mng,sex_t,geo_cov_nat,mts_details_union,2019,44.985
mng,sex_t,geo_cov_nat,mts_details_union,2020,59.206
mng,sex_t,geo_cov_nat,mts_details_union,2021,51.417
mng,sex_t,geo_cov_nat,mts_details_wid,2010,111.259
mng,sex_t,geo_cov_nat,mts_details_wid,2012,104.82
mng,sex_t,geo_cov_nat,mts_details_wid,2013,103.167
mng,sex_t,geo_cov_nat,mts_details_wid,2014,105.153
mng,sex_t,geo_cov_nat,mts_details_wid,2015,110.134
mng,sex_t,geo_cov_nat,mts_details_wid,2016,111.502
mng,sex_t,geo_cov_nat,mts_details_wid,2017,117.245
mng,sex_t,geo_cov_nat,mts_details_wid,2018,124.191
mng,sex_t,geo_cov_nat,mts_details_wid,2019,137.789
mng,sex_t,geo_cov_nat,mts_details_wid,2020,138.641
mng,sex_t,geo_cov_nat,mts_details_wid,2021,132.711
mng,sex_t,geo_cov_nat,mts_details_x,2010,0.304
mng,sex_t,geo_cov_rur,mts_aggregate_1,2010,188.972
mng,sex_t,geo_cov_rur,mts_aggregate_1,2012,171.307
mng,sex_t,geo_cov_rur,mts_aggregate_1,2013,124.585
mng,sex_t,geo_cov_rur,mts_aggregate_1,2014,116.728
mng,sex_t,geo_cov_rur,mts_aggregate_1,2015,129.905
mng,sex_t,geo_cov_rur,mts_aggregate_1,2016,121.324
mng,sex_t,geo_cov_rur,mts_aggregate_1,2017,130.331
mng,sex_t,geo_cov_rur,mts_aggregate_1,2018,135.204
mng,sex_t,geo_cov_rur,mts_aggregate_1,2019,79.106
mng,sex_t,geo_cov_rur,mts_aggregate_1,2020,94.548
mng,sex_t,geo_cov_rur,mts_aggregate_1,2021,105.435
mng,sex_t,geo_cov_rur,mts_aggregate_2,2010,76.957
mng,sex_t,geo_cov_rur,mts_aggregate_2,2012,66.72
mng,sex_t,geo_cov_rur,mts_aggregate_2,2013,77.536
mng,sex_t,geo_cov_rur,mts_aggregate_2,2014,83.826
mng,sex_t,geo_cov_rur,mts_aggregate_2,2015,73.314
mng,sex_t,geo_cov_rur,mts_aggregate_2,2016,78.526
mng,sex_t,geo_cov_rur,mts_aggregate_2,2017,78.402
mng,sex_t,geo_cov_rur,mts_aggregate_2,2018,81.662
mng,sex_t,geo_cov_rur,mts_aggregate_2,2019,52.438
mng,sex_t,geo_cov_rur,mts_aggregate_2,2020,52.848
mng,sex_t,geo_cov_rur,mts_aggregate_2,2021,53.568
mng,sex_t,geo_cov_rur,mts_aggregate_total,2010,266.034
mng,sex_t,geo_cov_rur,mts_aggregate_total,2012,238.027
mng,sex_t,geo_cov_rur,mts_aggregate_total,2013,202.12
mng,sex_t,geo_cov_rur,mts_aggregate_total,2014,200.554
mng,sex_t,geo_cov_rur,mts_aggregate_total,2015,203.219
mng,sex_t,geo_cov_rur,mts_aggregate_total,2016,199.85
mng,sex_t,geo_cov_rur,mts_aggregate_total,2017,208.733
mng,sex_t,geo_cov_rur,mts_aggregate_total,2018,216.865
mng,sex_t,geo_cov_rur,mts_aggregate_total,2019,131.544
mng,sex_t,geo_cov_rur,mts_aggregate_total,2020,147.396
mng,sex_t,geo_cov_rur,mts_aggregate_total,2021,159.003
mng,sex_t,geo_cov_rur,mts_details_mrd,2010,75.682
mng,sex_t,geo_cov_rur,mts_details_mrd,2012,61.546
mng,sex_t,geo_cov_rur,mts_details_mrd,2013,71.871
mng,sex_t,geo_cov_rur,mts_details_mrd,2014,78.41
mng,sex_t,geo_cov_rur,mts_details_mrd,2015,68.385
mng,sex_t,geo_cov_rur,mts_details_mrd,2016,73.433
mng,sex_t,geo_cov_rur,mts_details_mrd,2017,72.568
mng,sex_t,geo_cov_rur,mts_details_mrd,2018,72.79
mng,sex_t,geo_cov_rur,mts_details_mrd,2019,47.366
mng,sex_t,geo_cov_rur,mts_details_mrd,2020,47.936
mng,sex_t,geo_cov_rur,mts_details_mrd,2021,49.34
mng,sex_t,geo_cov_rur,mts_details_sep,2010,2.705
mng,sex_t,geo_cov_rur,mts_details_sep,2012,3.649
mng,sex_t,geo_cov_rur,mts_details_sep,2013,2.724
mng,sex_t,geo_cov_rur,mts_details_sep,2014,2.929
mng,sex_t,geo_cov_rur,mts_details_sep,2015,2.68
mng,sex_t,geo_cov_rur,mts_details_sep,2016,3.02
mng,sex_t,geo_cov_rur,mts_details_sep,2017,5.467
mng,sex_t,geo_cov_rur,mts_details_sep,2018,5.033
mng,sex_t,geo_cov_rur,mts_details_sep,2019,3.039
mng,sex_t,geo_cov_rur,mts_details_sep,2020,2.796
mng,sex_t,geo_cov_rur,mts_details_sep,2021,3.681
mng,sex_t,geo_cov_rur,mts_details_sgle,2010,156.15
mng,sex_t,geo_cov_rur,mts_details_sgle,2012,138.23
mng,sex_t,geo_cov_rur,mts_details_sgle,2013,94.974
mng,sex_t,geo_cov_rur,mts_details_sgle,2014,85.99
mng,sex_t,geo_cov_rur,mts_details_sgle,2015,96.261
mng,sex_t,geo_cov_rur,mts_details_sgle,2016,87.552
mng,sex_t,geo_cov_rur,mts_details_sgle,2017,97.545
mng,sex_t,geo_cov_rur,mts_details_sgle,2018,98.766
mng,sex_t,geo_cov_rur,mts_details_sgle,2019,55.466
mng,sex_t,geo_cov_rur,mts_details_sgle,2020,65.324
mng,sex_t,geo_cov_rur,mts_details_sgle,2021,78.258
mng,sex_t,geo_cov_rur,mts_details_total,2010,266.034
mng,sex_t,geo_cov_rur,mts_details_total,2012,238.027
mng,sex_t,geo_cov_rur,mts_details_total,2013,202.12
mng,sex_t,geo_cov_rur,mts_details_total,2014,200.554
mng,sex_t,geo_cov_rur,mts_details_total,2015,203.219
mng,sex_t,geo_cov_rur,mts_details_total,2016,199.85
mng,sex_t,geo_cov_rur,mts_details_total,2017,208.733
mng,sex_t,geo_cov_rur,mts_details_total,2018,216.865
mng,sex_t,geo_cov_rur,mts_details_total,2019,131.544
mng,sex_t,geo_cov_rur,mts_details_total,2020,147.396
mng,sex_t,geo_cov_rur,mts_details_total,2021,159.003
mng,sex_t,geo_cov_rur,mts_details_union,2010,1.274
mng,sex_t,geo_cov_rur,mts_details_union,2012,5.174
mng,sex_t,geo_cov_rur,mts_details_union,2013,5.665
mng,sex_t,geo_cov_rur,mts_details_union,2014,5.416
mng,sex_t,geo_cov_rur,mts_details_union,2015,4.929
mng,sex_t,geo_cov_rur,mts_details_union,2016,5.093
mng,sex_t,geo_cov_rur,mts_details_union,2017,5.834
mng,sex_t,geo_cov_rur,mts_details_union,2018,8.872
mng,sex_t,geo_cov_rur,mts_details_union,2019,5.072
mng,sex_t,geo_cov_rur,mts_details_union,2020,4.912
mng,sex_t,geo_cov_rur,mts_details_union,2021,4.228
mng,sex_t,geo_cov_rur,mts_details_wid,2010,30.117
mng,sex_t,geo_cov_rur,mts_details_wid,2012,29.428
mng,sex_t,geo_cov_rur,mts_details_wid,2013,26.886
mng,sex_t,geo_cov_rur,mts_details_wid,2014,27.809
mng,sex_t,geo_cov_rur,mts_details_wid,2015,30.965
mng,sex_t,geo_cov_rur,mts_details_wid,2016,30.752
mng,sex_t,geo_cov_rur,mts_details_wid,2017,27.319
mng,sex_t,geo_cov_rur,mts_details_wid,2018,31.405
mng,sex_t,geo_cov_rur,mts_details_wid,2019,20.601
mng,sex_t,geo_cov_rur,mts_details_wid,2020,26.429
mng,sex_t,geo_cov_rur,mts_details_wid,2021,23.496
mng,sex_t,geo_cov_urb,mts_aggregate_1,2010,436.815
mng,sex_t,geo_cov_urb,mts_aggregate_1,2012,377.297
mng,sex_t,geo_cov_urb,mts_aggregate_1,2013,328.354
mng,sex_t,geo_cov_urb,mts_aggregate_1,2014,324.672
mng,sex_t,geo_cov_urb,mts_aggregate_1,2015,330.507
mng,sex_t,geo_cov_urb,mts_aggregate_1,2016,350.615
mng,sex_t,geo_cov_urb,mts_aggregate_1,2017,368.148
mng,sex_t,geo_cov_urb,mts_aggregate_1,2018,364.892
mng,sex_t,geo_cov_urb,mts_aggregate_1,2019,357.193
mng,sex_t,geo_cov_urb,mts_aggregate_1,2020,357.83
mng,sex_t,geo_cov_urb,mts_aggregate_1,2021,374.347
mng,sex_t,geo_cov_urb,mts_aggregate_2,2010,250.536
mng,sex_t,geo_cov_urb,mts_aggregate_2,2012,261.225
mng,sex_t,geo_cov_urb,mts_aggregate_2,2013,254.287
mng,sex_t,geo_cov_urb,mts_aggregate_2,2014,249.61
mng,sex_t,geo_cov_urb,mts_aggregate_2,2015,279.168
mng,sex_t,geo_cov_urb,mts_aggregate_2,2016,319.183
mng,sex_t,geo_cov_urb,mts_aggregate_2,2017,321.101
mng,sex_t,geo_cov_urb,mts_aggregate_2,2018,320.618
mng,sex_t,geo_cov_urb,mts_aggregate_2,2019,291.623
mng,sex_t,geo_cov_urb,mts_aggregate_2,2020,327.365
mng,sex_t,geo_cov_urb,mts_aggregate_2,2021,356.16
mng,sex_t,geo_cov_urb,mts_aggregate_total,2010,687.55
mng,sex_t,geo_cov_urb,mts_aggregate_total,2012,638.522
mng,sex_t,geo_cov_urb,mts_aggregate_total,2013,582.641
mng,sex_t,geo_cov_urb,mts_aggregate_total,2014,574.282
mng,sex_t,geo_cov_urb,mts_aggregate_total,2015,609.676
mng,sex_t,geo_cov_urb,mts_aggregate_total,2016,669.798
mng,sex_t,geo_cov_urb,mts_aggregate_total,2017,689.249
mng,sex_t,geo_cov_urb,mts_aggregate_total,2018,685.51
mng,sex_t,geo_cov_urb,mts_aggregate_total,2019,648.816
mng,sex_t,geo_cov_urb,mts_aggregate_total,2020,685.194
mng,sex_t,geo_cov_urb,mts_aggregate_total,2021,730.506
mng,sex_t,geo_cov_urb,mts_details_mrd,2010,243.222
mng,sex_t,geo_cov_urb,mts_details_mrd,2012,224.634
mng,sex_t,geo_cov_urb,mts_details_mrd,2013,225.644
mng,sex_t,geo_cov_urb,mts_details_mrd,2014,221.644
mng,sex_t,geo_cov_urb,mts_details_mrd,2015,254.079
mng,sex_t,geo_cov_urb,mts_details_mrd,2016,283.83
mng,sex_t,geo_cov_urb,mts_details_mrd,2017,275.493
mng,sex_t,geo_cov_urb,mts_details_mrd,2018,283.009
mng,sex_t,geo_cov_urb,mts_details_mrd,2019,251.71
mng,sex_t,geo_cov_urb,mts_details_mrd,2020,273.07
mng,sex_t,geo_cov_urb,mts_details_mrd,2021,308.972
mng,sex_t,geo_cov_urb,mts_details_sep,2010,25.089
mng,sex_t,geo_cov_urb,mts_details_sep,2012,17.589
mng,sex_t,geo_cov_urb,mts_details_sep,2013,16.474
mng,sex_t,geo_cov_urb,mts_details_sep,2014,17.86
mng,sex_t,geo_cov_urb,mts_details_sep,2015,18.801
mng,sex_t,geo_cov_urb,mts_details_sep,2016,23.591
mng,sex_t,geo_cov_urb,mts_details_sep,2017,25.036
mng,sex_t,geo_cov_urb,mts_details_sep,2018,25.916
mng,sex_t,geo_cov_urb,mts_details_sep,2019,20.529
mng,sex_t,geo_cov_urb,mts_details_sep,2020,18.934
mng,sex_t,geo_cov_urb,mts_details_sep,2021,26.256
mng,sex_t,geo_cov_urb,mts_details_sgle,2010,330.585
mng,sex_t,geo_cov_urb,mts_details_sgle,2012,284.316
mng,sex_t,geo_cov_urb,mts_details_sgle,2013,235.599
mng,sex_t,geo_cov_urb,mts_details_sgle,2014,229.468
mng,sex_t,geo_cov_urb,mts_details_sgle,2015,232.537
mng,sex_t,geo_cov_urb,mts_details_sgle,2016,246.274
mng,sex_t,geo_cov_urb,mts_details_sgle,2017,253.187
mng,sex_t,geo_cov_urb,mts_details_sgle,2018,246.191
mng,sex_t,geo_cov_urb,mts_details_sgle,2019,219.476
mng,sex_t,geo_cov_urb,mts_details_sgle,2020,226.683
mng,sex_t,geo_cov_urb,mts_details_sgle,2021,238.876
mng,sex_t,geo_cov_urb,mts_details_total,2010,687.55
mng,sex_t,geo_cov_urb,mts_details_total,2012,638.522
mng,sex_t,geo_cov_urb,mts_details_total,2013,582.641
mng,sex_t,geo_cov_urb,mts_details_total,2014,574.282
mng,sex_t,geo_cov_urb,mts_details_total,2015,609.676
mng,sex_t,geo_cov_urb,mts_details_total,2016,669.798
mng,sex_t,geo_cov_urb,mts_details_total,2017,689.249
mng,sex_t,geo_cov_urb,mts_details_total,2018,685.51
mng,sex_t,geo_cov_urb,mts_details_total,2019,648.816
mng,sex_t,geo_cov_urb,mts_details_total,2020,685.194
mng,sex_t,geo_cov_urb,mts_details_total,2021,730.506
mng,sex_t,geo_cov_urb,mts_details_union,2010,7.314
mng,sex_t,geo_cov_urb,mts_details_union,2012,36.591
mng,sex_t,geo_cov_urb,mts_details_union,2013,28.643
mng,sex_t,geo_cov_urb,mts_details_union,2014,27.966
mng,sex_t,geo_cov_urb,mts_details_union,2015,25.09
mng,sex_t,geo_cov_urb,mts_details_union,2016,35.352
mng,sex_t,geo_cov_urb,mts_details_union,2017,45.608
mng,sex_t,geo_cov_urb,mts_details_union,2018,37.609
mng,sex_t,geo_cov_urb,mts_details_union,2019,39.914
mng,sex_t,geo_cov_urb,mts_details_union,2020,54.295
mng,sex_t,geo_cov_urb,mts_details_union,2021,47.188
mng,sex_t,geo_cov_urb,mts_details_wid,2010,81.141
mng,sex_t,geo_cov_urb,mts_details_wid,2012,75.393
mng,sex_t,geo_cov_urb,mts_details_wid,2013,76.281
mng,sex_t,geo_cov_urb,mts_details_wid,2014,77.344
mng,sex_t,geo_cov_urb,mts_details_wid,2015,79.17
mng,sex_t,geo_cov_urb,mts_details_wid,2016,80.751
mng,sex_t,geo_cov_urb,mts_details_wid,2017,89.926
mng,sex_t,geo_cov_urb,mts_details_wid,2018,92.786
mng,sex_t,geo_cov_urb,mts_details_wid,2019,117.188
mng,sex_t,geo_cov_urb,mts_details_wid,2020,112.213
mng,sex_t,geo_cov_urb,mts_details_wid,2021,109.214
moz,sex_f,geo_cov_nat,mts_aggregate_1,2015,865.357
moz,sex_f,geo_cov_nat,mts_aggregate_2,2015,636.085
moz,sex_f,geo_cov_nat,mts_aggregate_total,2015,1501.442
moz,sex_f,geo_cov_nat,mts_details_mrd,2015,129.261
moz,sex_f,geo_cov_nat,mts_details_sep,2015,80.803
moz,sex_f,geo_cov_nat,mts_details_sgle,2015,639.294
moz,sex_f,geo_cov_nat,mts_details_total,2015,1501.442
moz,sex_f,geo_cov_nat,mts_details_union,2015,506.825
moz,sex_f,geo_cov_nat,mts_details_wid,2015,145.26
moz,sex_f,geo_cov_rur,mts_aggregate_1,2015,327.427
moz,sex_f,geo_cov_rur,mts_aggregate_2,2015,260.031
moz,sex_f,geo_cov_rur,mts_aggregate_total,2015,587.458
moz,sex_f,geo_cov_rur,mts_details_mrd,2015,56.238
moz,sex_f,geo_cov_rur,mts_details_sep,2015,28.581
moz,sex_f,geo_cov_rur,mts_details_sgle,2015,229.243
moz,sex_f,geo_cov_rur,mts_details_total,2015,587.458
moz,sex_f,geo_cov_rur,mts_details_union,2015,203.793
moz,sex_f,geo_cov_rur,mts_details_wid,2015,69.603
moz,sex_f,geo_cov_urb,mts_aggregate_1,2015,537.93
moz,sex_f,geo_cov_urb,mts_aggregate_2,2015,376.054
moz,sex_f,geo_cov_urb,mts_aggregate_total,2015,913.984
moz,sex_f,geo_cov_urb,mts_details_mrd,2015,73.023
moz,sex_f,geo_cov_urb,mts_details_sep,2015,52.222
moz,sex_f,geo_cov_urb,mts_details_sgle,2015,410.052
moz,sex_f,geo_cov_urb,mts_details_total,2015,913.984
moz,sex_f,geo_cov_urb,mts_details_union,2015,303.031
moz,sex_f,geo_cov_urb,mts_details_wid,2015,75.656
moz,sex_m,geo_cov_nat,mts_aggregate_1,2015,865.151
moz,sex_m,geo_cov_nat,mts_aggregate_2,2015,330.637
moz,sex_m,geo_cov_nat,mts_aggregate_total,2015,1195.788
moz,sex_m,geo_cov_nat,mts_details_mrd,2015,83.842
moz,sex_m,geo_cov_nat,mts_details_sep,2015,23.975
moz,sex_m,geo_cov_nat,mts_details_sgle,2015,821.525
moz,sex_m,geo_cov_nat,mts_details_total,2015,1195.788
moz,sex_m,geo_cov_nat,mts_details_union,2015,246.795
moz,sex_m,geo_cov_nat,mts_details_wid,2015,19.651
moz,sex_m,geo_cov_rur,mts_aggregate_1,2015,395.298
moz,sex_m,geo_cov_rur,mts_aggregate_2,2015,207.314
moz,sex_m,geo_cov_rur,mts_aggregate_total,2015,602.612
moz,sex_m,geo_cov_rur,mts_details_mrd,2015,43.93
moz,sex_m,geo_cov_rur,mts_details_sep,2015,11.321
moz,sex_m,geo_cov_rur,mts_details_sgle,2015,374.725
moz,sex_m,geo_cov_rur,mts_details_total,2015,602.612
moz,sex_m,geo_cov_rur,mts_details_union,2015,163.384
moz,sex_m,geo_cov_rur,mts_details_wid,2015,9.252
moz,sex_m,geo_cov_urb,mts_aggregate_1,2015,469.853
moz,sex_m,geo_cov_urb,mts_aggregate_2,2015,123.324
moz,sex_m,geo_cov_urb,mts_aggregate_total,2015,593.177
moz,sex_m,geo_cov_urb,mts_details_mrd,2015,39.913
moz,sex_m,geo_cov_urb,mts_details_sep,2015,12.654
moz,sex_m,geo_cov_urb,mts_details_sgle,2015,446.8
moz,sex_m,geo_cov_urb,mts_details_total,2015,593.177
moz,sex_m,geo_cov_urb,mts_details_union,2015,83.411
moz,sex_m,geo_cov_urb,mts_details_wid,2015,10.399
moz,sex_t,geo_cov_nat,mts_aggregate_1,2015,1730.508
moz,sex_t,geo_cov_nat,mts_aggregate_2,2015,966.723
moz,sex_t,geo_cov_nat,mts_aggregate_total,2015,2697.23
moz,sex_t,geo_cov_nat,mts_details_mrd,2015,213.103
moz,sex_t,geo_cov_nat,mts_details_sep,2015,104.778
moz,sex_t,geo_cov_nat,mts_details_sgle,2015,1460.819
moz,sex_t,geo_cov_nat,mts_details_total,2015,2697.23
moz,sex_t,geo_cov_nat,mts_details_union,2015,753.62
moz,sex_t,geo_cov_nat,mts_details_wid,2015,164.91
moz,sex_t,geo_cov_rur,mts_aggregate_1,2015,722.725
moz,sex_t,geo_cov_rur,mts_aggregate_2,2015,467.345
moz,sex_t,geo_cov_rur,mts_aggregate_total,2015,1190.07
moz,sex_t,geo_cov_rur,mts_details_mrd,2015,100.168
moz,sex_t,geo_cov_rur,mts_details_sep,2015,39.902
moz,sex_t,geo_cov_rur,mts_details_sgle,2015,603.967
moz,sex_t,geo_cov_rur,mts_details_total,2015,1190.07
moz,sex_t,geo_cov_rur,mts_details_union,2015,367.177
moz,sex_t,geo_cov_rur,mts_details_wid,2015,78.856
moz,sex_t,geo_cov_urb,mts_aggregate_1,2015,1007.783
moz,sex_t,geo_cov_urb,mts_aggregate_2,2015,499.378
moz,sex_t,geo_cov_urb,mts_aggregate_total,2015,1507.161
moz,sex_t,geo_cov_urb,mts_details_mrd,2015,112.935
moz,sex_t,geo_cov_urb,mts_details_sep,2015,64.876
moz,sex_t,geo_cov_urb,mts_details_sgle,2015,856.852
moz,sex_t,geo_cov_urb,mts_details_total,2015,1507.161
moz,sex_t,geo_cov_urb,mts_details_union,2015,386.442
moz,sex_t,geo_cov_urb,mts_details_wid,2015,86.055
mrt,sex_f,geo_cov_nat,mts_aggregate_1,2012,307.835
mrt,sex_f,geo_cov_nat,mts_aggregate_1,2017,401.879
mrt,sex_f,geo_cov_nat,mts_aggregate_2,2012,372.445
mrt,sex_f,geo_cov_nat,mts_aggregate_2,2017,463.009
mrt,sex_f,geo_cov_nat,mts_aggregate_total,2012,680.279
mrt,sex_f,geo_cov_nat,mts_aggregate_total,2017,864.888
mrt,sex_f,geo_cov_nat,mts_details_mrd,2012,372.445
mrt,sex_f,geo_cov_nat,mts_details_mrd,2017,463.009
mrt,sex_f,geo_cov_nat,mts_details_sep,2012,57.387
mrt,sex_f,geo_cov_nat,mts_details_sep,2017,81.854
mrt,sex_f,geo_cov_nat,mts_details_sgle,2012,186.696
mrt,sex_f,geo_cov_nat,mts_details_sgle,2017,242.149
mrt,sex_f,geo_cov_nat,mts_details_total,2012,680.279
mrt,sex_f,geo_cov_nat,mts_details_total,2017,864.888
mrt,sex_f,geo_cov_nat,mts_details_wid,2012,63.753
mrt,sex_f,geo_cov_nat,mts_details_wid,2017,77.877
mrt,sex_f,geo_cov_rur,mts_aggregate_1,2012,152.238
mrt,sex_f,geo_cov_rur,mts_aggregate_1,2017,165.24
mrt,sex_f,geo_cov_rur,mts_aggregate_2,2012,225.058
mrt,sex_f,geo_cov_rur,mts_aggregate_2,2017,261.143
mrt,sex_f,geo_cov_rur,mts_aggregate_total,2012,377.296
mrt,sex_f,geo_cov_rur,mts_aggregate_total,2017,426.382
mrt,sex_f,geo_cov_rur,mts_details_mrd,2012,225.058
mrt,sex_f,geo_cov_rur,mts_details_mrd,2017,261.143
mrt,sex_f,geo_cov_rur,mts_details_sep,2012,23.926
mrt,sex_f,geo_cov_rur,mts_details_sep,2017,43.561
mrt,sex_f,geo_cov_rur,mts_details_sgle,2012,91.189
mrt,sex_f,geo_cov_rur,mts_details_sgle,2017,92.09
mrt,sex_f,geo_cov_rur,mts_details_total,2012,377.296
mrt,sex_f,geo_cov_rur,mts_details_total,2017,426.382
mrt,sex_f,geo_cov_rur,mts_details_wid,2012,37.123
mrt,sex_f,geo_cov_rur,mts_details_wid,2017,29.588
mrt,sex_f,geo_cov_urb,mts_aggregate_1,2012,155.596
mrt,sex_f,geo_cov_urb,mts_aggregate_1,2017,236.64
mrt,sex_f,geo_cov_urb,mts_aggregate_2,2012,147.387
mrt,sex_f,geo_cov_urb,mts_aggregate_2,2017,201.866
mrt,sex_f,geo_cov_urb,mts_aggregate_total,2012,302.983
mrt,sex_f,geo_cov_urb,mts_aggregate_total,2017,438.506
mrt,sex_f,geo_cov_urb,mts_details_mrd,2012,147.387
mrt,sex_f,geo_cov_urb,mts_details_mrd,2017,201.866
mrt,sex_f,geo_cov_urb,mts_details_sep,2012,33.461
mrt,sex_f,geo_cov_urb,mts_details_sep,2017,38.293
mrt,sex_f,geo_cov_urb,mts_details_sgle,2012,95.506
mrt,sex_f,geo_cov_urb,mts_details_sgle,2017,150.059
mrt,sex_f,geo_cov_urb,mts_details_total,2012,302.983
mrt,sex_f,geo_cov_urb,mts_details_total,2017,438.506
mrt,sex_f,geo_cov_urb,mts_details_wid,2012,26.63
mrt,sex_f,geo_cov_urb,mts_details_wid,2017,48.288
mrt,sex_m,geo_cov_nat,mts_aggregate_1,2012,194.949
mrt,sex_m,geo_cov_nat,mts_aggregate_1,2017,246.368
mrt,sex_m,geo_cov_nat,mts_aggregate_2,2012,88.622
mrt,sex_m,geo_cov_nat,mts_aggregate_2,2017,110.743
mrt,sex_m,geo_cov_nat,mts_aggregate_total,2012,283.571
mrt,sex_m,geo_cov_nat,mts_aggregate_total,2017,357.111
mrt,sex_m,geo_cov_nat,mts_details_mrd,2012,88.622
mrt,sex_m,geo_cov_nat,mts_details_mrd,2017,110.743
mrt,sex_m,geo_cov_nat,mts_details_sep,2012,6.673
mrt,sex_m,geo_cov_nat,mts_details_sep,2017,6.275
mrt,sex_m,geo_cov_nat,mts_details_sgle,2012,181.9
mrt,sex_m,geo_cov_nat,mts_details_sgle,2017,233.132
mrt,sex_m,geo_cov_nat,mts_details_total,2012,283.571
mrt,sex_m,geo_cov_nat,mts_details_total,2017,357.111
mrt,sex_m,geo_cov_nat,mts_details_wid,2012,6.377
mrt,sex_m,geo_cov_nat,mts_details_wid,2017,6.961
mrt,sex_m,geo_cov_rur,mts_aggregate_1,2012,90.91
mrt,sex_m,geo_cov_rur,mts_aggregate_1,2017,87.659
mrt,sex_m,geo_cov_rur,mts_aggregate_2,2012,54.158
mrt,sex_m,geo_cov_rur,mts_aggregate_2,2017,60.361
mrt,sex_m,geo_cov_rur,mts_aggregate_total,2012,145.068
mrt,sex_m,geo_cov_rur,mts_aggregate_total,2017,148.019
mrt,sex_m,geo_cov_rur,mts_details_mrd,2012,54.158
mrt,sex_m,geo_cov_rur,mts_details_mrd,2017,60.361
mrt,sex_m,geo_cov_rur,mts_details_sep,2012,2.978
mrt,sex_m,geo_cov_rur,mts_details_sep,2017,3.92
mrt,sex_m,geo_cov_rur,mts_details_sgle,2012,84.892
mrt,sex_m,geo_cov_rur,mts_details_sgle,2017,81.486
mrt,sex_m,geo_cov_rur,mts_details_total,2012,145.068
mrt,sex_m,geo_cov_rur,mts_details_total,2017,148.019
mrt,sex_m,geo_cov_rur,mts_details_wid,2012,3.04
mrt,sex_m,geo_cov_rur,mts_details_wid,2017,2.253
mrt,sex_m,geo_cov_urb,mts_aggregate_1,2012,104.039
mrt,sex_m,geo_cov_urb,mts_aggregate_1,2017,158.709
mrt,sex_m,geo_cov_urb,mts_aggregate_2,2012,34.463
mrt,sex_m,geo_cov_urb,mts_aggregate_2,2017,50.383
mrt,sex_m,geo_cov_urb,mts_aggregate_total,2012,138.503
mrt,sex_m,geo_cov_urb,mts_aggregate_total,2017,209.092
mrt,sex_m,geo_cov_urb,mts_details_mrd,2012,34.463
mrt,sex_m,geo_cov_urb,mts_details_mrd,2017,50.383
mrt,sex_m,geo_cov_urb,mts_details_sep,2012,3.695
mrt,sex_m,geo_cov_urb,mts_details_sep,2017,2.356
mrt,sex_m,geo_cov_urb,mts_details_sgle,2012,97.008
mrt,sex_m,geo_cov_urb,mts_details_sgle,2017,151.646
mrt,sex_m,geo_cov_urb,mts_details_total,2012,138.503
mrt,sex_m,geo_cov_urb,mts_details_total,2017,209.092
mrt,sex_m,geo_cov_urb,mts_details_wid,2012,3.337
mrt,sex_m,geo_cov_urb,mts_details_wid,2017,4.708
mrt,sex_t,geo_cov_nat,mts_aggregate_1,2012,502.784
mrt,sex_t,geo_cov_nat,mts_aggregate_1,2017,648.247
mrt,sex_t,geo_cov_nat,mts_aggregate_2,2012,461.066
mrt,sex_t,geo_cov_nat,mts_aggregate_2,2017,573.752
mrt,sex_t,geo_cov_nat,mts_aggregate_total,2012,963.85
mrt,sex_t,geo_cov_nat,mts_aggregate_total,2017,1221.999
mrt,sex_t,geo_cov_nat,mts_details_mrd,2012,461.066
mrt,sex_t,geo_cov_nat,mts_details_mrd,2017,573.752
mrt,sex_t,geo_cov_nat,mts_details_sep,2012,64.059
mrt,sex_t,geo_cov_nat,mts_details_sep,2017,88.129
mrt,sex_t,geo_cov_nat,mts_details_sgle,2012,368.595
mrt,sex_t,geo_cov_nat,mts_details_sgle,2017,475.28
mrt,sex_t,geo_cov_nat,mts_details_total,2012,963.85
mrt,sex_t,geo_cov_nat,mts_details_total,2017,1221.999
mrt,sex_t,geo_cov_nat,mts_details_wid,2012,70.129
mrt,sex_t,geo_cov_nat,mts_details_wid,2017,84.837
mrt,sex_t,geo_cov_rur,mts_aggregate_1,2012,243.148
mrt,sex_t,geo_cov_rur,mts_aggregate_1,2017,252.898
mrt,sex_t,geo_cov_rur,mts_aggregate_2,2012,279.216
mrt,sex_t,geo_cov_rur,mts_aggregate_2,2017,321.503
mrt,sex_t,geo_cov_rur,mts_aggregate_total,2012,522.364
mrt,sex_t,geo_cov_rur,mts_aggregate_total,2017,574.402
mrt,sex_t,geo_cov_rur,mts_details_mrd,2012,279.216
mrt,sex_t,geo_cov_rur,mts_details_mrd,2017,321.503
mrt,sex_t,geo_cov_rur,mts_details_sep,2012,26.904
mrt,sex_t,geo_cov_rur,mts_details_sep,2017,47.481
mrt,sex_t,geo_cov_rur,mts_details_sgle,2012,176.082
mrt,sex_t,geo_cov_rur,mts_details_sgle,2017,173.576
mrt,sex_t,geo_cov_rur,mts_details_total,2012,522.364
mrt,sex_t,geo_cov_rur,mts_details_total,2017,574.402
mrt,sex_t,geo_cov_rur,mts_details_wid,2012,40.163
mrt,sex_t,geo_cov_rur,mts_details_wid,2017,31.841
mrt,sex_t,geo_cov_urb,mts_aggregate_1,2012,259.636
mrt,sex_t,geo_cov_urb,mts_aggregate_1,2017,395.349
mrt,sex_t,geo_cov_urb,mts_aggregate_2,2012,181.85
mrt,sex_t,geo_cov_urb,mts_aggregate_2,2017,252.248
mrt,sex_t,geo_cov_urb,mts_aggregate_total,2012,441.486
mrt,sex_t,geo_cov_urb,mts_aggregate_total,2017,647.597
mrt,sex_t,geo_cov_urb,mts_details_mrd,2012,181.85
mrt,sex_t,geo_cov_urb,mts_details_mrd,2017,252.248
mrt,sex_t,geo_cov_urb,mts_details_sep,2012,37.156
mrt,sex_t,geo_cov_urb,mts_details_sep,2017,40.648
mrt,sex_t,geo_cov_urb,mts_details_sgle,2012,192.514
mrt,sex_t,geo_cov_urb,mts_details_sgle,2017,301.705
mrt,sex_t,geo_cov_urb,mts_details_total,2012,441.486
mrt,sex_t,geo_cov_urb,mts_details_total,2017,647.597
mrt,sex_t,geo_cov_urb,mts_details_wid,2012,29.966
mrt,sex_t,geo_cov_urb,mts_details_wid,2017,52.996
mwi,sex_f,geo_cov_nat,mts_aggregate_1,2005,323.297
mwi,sex_f,geo_cov_nat,mts_aggregate_1,2011,587.636
mwi,sex_f,geo_cov_nat,mts_aggregate_1,2017,928.266
mwi,sex_f,geo_cov_nat,mts_aggregate_1,2020,1029.151
mwi,sex_f,geo_cov_nat,mts_aggregate_2,2005,357.376
mwi,sex_f,geo_cov_nat,mts_aggregate_2,2011,625.536
mwi,sex_f,geo_cov_nat,mts_aggregate_2,2017,824.692
mwi,sex_f,geo_cov_nat,mts_aggregate_2,2020,943.235
mwi,sex_f,geo_cov_nat,mts_aggregate_total,2005,760.616
mwi,sex_f,geo_cov_nat,mts_aggregate_total,2011,1213.308
mwi,sex_f,geo_cov_nat,mts_aggregate_total,2017,1752.959
mwi,sex_f,geo_cov_nat,mts_aggregate_total,2020,1972.386
mwi,sex_f,geo_cov_nat,mts_aggregate_x,2005,79.942
mwi,sex_f,geo_cov_nat,mts_details_mrd,2005,357.376
mwi,sex_f,geo_cov_nat,mts_details_mrd,2011,625.536
mwi,sex_f,geo_cov_nat,mts_details_mrd,2017,824.692
mwi,sex_f,geo_cov_nat,mts_details_mrd,2020,943.235
mwi,sex_f,geo_cov_nat,mts_details_sep,2005,32.391
mwi,sex_f,geo_cov_nat,mts_details_sep,2011,74.399
mwi,sex_f,geo_cov_nat,mts_details_sep,2017,136.951
mwi,sex_f,geo_cov_nat,mts_details_sep,2020,177.744
mwi,sex_f,geo_cov_nat,mts_details_sgle,2005,229.261
mwi,sex_f,geo_cov_nat,mts_details_sgle,2011,387.523
mwi,sex_f,geo_cov_nat,mts_details_sgle,2017,586.25
mwi,sex_f,geo_cov_nat,mts_details_sgle,2020,615.816
mwi,sex_f,geo_cov_nat,mts_details_total,2005,760.616
mwi,sex_f,geo_cov_nat,mts_details_total,2011,1213.308
mwi,sex_f,geo_cov_nat,mts_details_total,2017,1752.959
mwi,sex_f,geo_cov_nat,mts_details_total,2020,1972.386
mwi,sex_f,geo_cov_nat,mts_details_wid,2005,61.645
mwi,sex_f,geo_cov_nat,mts_details_wid,2011,125.714
mwi,sex_f,geo_cov_nat,mts_details_wid,2017,205.065
mwi,sex_f,geo_cov_nat,mts_details_wid,2020,235.59
mwi,sex_f,geo_cov_nat,mts_details_x,2005,79.942
mwi,sex_f,geo_cov_rur,mts_aggregate_1,2005,234.267
mwi,sex_f,geo_cov_rur,mts_aggregate_1,2011,441.273
mwi,sex_f,geo_cov_rur,mts_aggregate_1,2017,696.151
mwi,sex_f,geo_cov_rur,mts_aggregate_1,2020,827.759
mwi,sex_f,geo_cov_rur,mts_aggregate_2,2005,223.903
mwi,sex_f,geo_cov_rur,mts_aggregate_2,2011,447.505
mwi,sex_f,geo_cov_rur,mts_aggregate_2,2017,632.647
mwi,sex_f,geo_cov_rur,mts_aggregate_2,2020,722.832
mwi,sex_f,geo_cov_rur,mts_aggregate_total,2005,526.146
mwi,sex_f,geo_cov_rur,mts_aggregate_total,2011,888.914
mwi,sex_f,geo_cov_rur,mts_aggregate_total,2017,1328.798
mwi,sex_f,geo_cov_rur,mts_aggregate_total,2020,1550.591
mwi,sex_f,geo_cov_rur,mts_aggregate_x,2005,67.976
mwi,sex_f,geo_cov_rur,mts_details_mrd,2005,223.903
mwi,sex_f,geo_cov_rur,mts_details_mrd,2011,447.505
mwi,sex_f,geo_cov_rur,mts_details_mrd,2017,632.647
mwi,sex_f,geo_cov_rur,mts_details_mrd,2020,722.832
mwi,sex_f,geo_cov_rur,mts_details_sep,2005,28.198
mwi,sex_f,geo_cov_rur,mts_details_sep,2011,62.179
mwi,sex_f,geo_cov_rur,mts_details_sep,2017,115.793
mwi,sex_f,geo_cov_rur,mts_details_sep,2020,157.355
mwi,sex_f,geo_cov_rur,mts_details_sgle,2005,151.677
mwi,sex_f,geo_cov_rur,mts_details_sgle,2011,269.676
mwi,sex_f,geo_cov_rur,mts_details_sgle,2017,400.126
mwi,sex_f,geo_cov_rur,mts_details_sgle,2020,454.49
mwi,sex_f,geo_cov_rur,mts_details_total,2005,526.146
mwi,sex_f,geo_cov_rur,mts_details_total,2011,888.914
mwi,sex_f,geo_cov_rur,mts_details_total,2017,1328.798
mwi,sex_f,geo_cov_rur,mts_details_total,2020,1550.591
mwi,sex_f,geo_cov_rur,mts_details_wid,2005,54.392
mwi,sex_f,geo_cov_rur,mts_details_wid,2011,109.419
mwi,sex_f,geo_cov_rur,mts_details_wid,2017,180.232
mwi,sex_f,geo_cov_rur,mts_details_wid,2020,215.913
mwi,sex_f,geo_cov_rur,mts_details_x,2005,67.976
mwi,sex_f,geo_cov_urb,mts_aggregate_1,2005,89.031
mwi,sex_f,geo_cov_urb,mts_aggregate_1,2011,146.363
mwi,sex_f,geo_cov_urb,mts_aggregate_1,2017,232.115
mwi,sex_f,geo_cov_urb,mts_aggregate_1,2020,201.392
mwi,sex_f,geo_cov_urb,mts_aggregate_2,2005,133.473
mwi,sex_f,geo_cov_urb,mts_aggregate_2,2011,178.031
mwi,sex_f,geo_cov_urb,mts_aggregate_2,2017,192.045
mwi,sex_f,geo_cov_urb,mts_aggregate_2,2020,220.403
mwi,sex_f,geo_cov_urb,mts_aggregate_total,2005,234.47
mwi,sex_f,geo_cov_urb,mts_aggregate_total,2011,324.394
mwi,sex_f,geo_cov_urb,mts_aggregate_total,2017,424.161
mwi,sex_f,geo_cov_urb,mts_aggregate_total,2020,421.795
mwi,sex_f,geo_cov_urb,mts_aggregate_x,2005,11.966
mwi,sex_f,geo_cov_urb,mts_details_mrd,2005,133.473
mwi,sex_f,geo_cov_urb,mts_details_mrd,2011,178.031
mwi,sex_f,geo_cov_urb,mts_details_mrd,2017,192.045
mwi,sex_f,geo_cov_urb,mts_details_mrd,2020,220.403
mwi,sex_f,geo_cov_urb,mts_details_sep,2005,4.193
mwi,sex_f,geo_cov_urb,mts_details_sep,2011,12.221
mwi,sex_f,geo_cov_urb,mts_details_sep,2017,21.157
mwi,sex_f,geo_cov_urb,mts_details_sep,2020,20.389
mwi,sex_f,geo_cov_urb,mts_details_sgle,2005,77.585
mwi,sex_f,geo_cov_urb,mts_details_sgle,2011,117.848
mwi,sex_f,geo_cov_urb,mts_details_sgle,2017,186.125
mwi,sex_f,geo_cov_urb,mts_details_sgle,2020,161.326
mwi,sex_f,geo_cov_urb,mts_details_total,2005,234.47
mwi,sex_f,geo_cov_urb,mts_details_total,2011,324.394
mwi,sex_f,geo_cov_urb,mts_details_total,2017,424.161
mwi,sex_f,geo_cov_urb,mts_details_total,2020,421.795
mwi,sex_f,geo_cov_urb,mts_details_wid,2005,7.253
mwi,sex_f,geo_cov_urb,mts_details_wid,2011,16.295
mwi,sex_f,geo_cov_urb,mts_details_wid,2017,24.833
mwi,sex_f,geo_cov_urb,mts_details_wid,2020,19.677
mwi,sex_f,geo_cov_urb,mts_details_x,2005,11.966
mwi,sex_m,geo_cov_nat,mts_aggregate_1,2005,321.346
mwi,sex_m,geo_cov_nat,mts_aggregate_1,2011,520.971
mwi,sex_m,geo_cov_nat,mts_aggregate_1,2017,735.92
mwi,sex_m,geo_cov_nat,mts_aggregate_1,2020,791.381
mwi,sex_m,geo_cov_nat,mts_aggregate_2,2005,106.465
mwi,sex_m,geo_cov_nat,mts_aggregate_2,2011,253.086
mwi,sex_m,geo_cov_nat,mts_aggregate_2,2017,428.778
mwi,sex_m,geo_cov_nat,mts_aggregate_2,2020,437.374
mwi,sex_m,geo_cov_nat,mts_aggregate_total,2005,546.721
mwi,sex_m,geo_cov_nat,mts_aggregate_total,2011,775.033
mwi,sex_m,geo_cov_nat,mts_aggregate_total,2017,1164.698
mwi,sex_m,geo_cov_nat,mts_aggregate_total,2020,1228.755
mwi,sex_m,geo_cov_nat,mts_aggregate_x,2005,118.91
mwi,sex_m,geo_cov_nat,mts_details_mrd,2005,106.465
mwi,sex_m,geo_cov_nat,mts_details_mrd,2011,253.086
mwi,sex_m,geo_cov_nat,mts_details_mrd,2017,428.778
mwi,sex_m,geo_cov_nat,mts_details_mrd,2020,437.374
mwi,sex_m,geo_cov_nat,mts_details_sep,2005,5.887
mwi,sex_m,geo_cov_nat,mts_details_sep,2011,14.798
mwi,sex_m,geo_cov_nat,mts_details_sep,2017,26.928
mwi,sex_m,geo_cov_nat,mts_details_sep,2020,36.867
mwi,sex_m,geo_cov_nat,mts_details_sgle,2005,306.637
mwi,sex_m,geo_cov_nat,mts_details_sgle,2011,490.82
mwi,sex_m,geo_cov_nat,mts_details_sgle,2017,684.762
mwi,sex_m,geo_cov_nat,mts_details_sgle,2020,729.047
mwi,sex_m,geo_cov_nat,mts_details_total,2005,546.721
mwi,sex_m,geo_cov_nat,mts_details_total,2011,775.033
mwi,sex_m,geo_cov_nat,mts_details_total,2017,1164.698
mwi,sex_m,geo_cov_nat,mts_details_total,2020,1228.755
mwi,sex_m,geo_cov_nat,mts_details_wid,2005,8.823
mwi,sex_m,geo_cov_nat,mts_details_wid,2011,15.354
mwi,sex_m,geo_cov_nat,mts_details_wid,2017,24.231
mwi,sex_m,geo_cov_nat,mts_details_wid,2020,25.468
mwi,sex_m,geo_cov_nat,mts_details_x,2005,118.91
mwi,sex_m,geo_cov_rur,mts_aggregate_1,2005,216.093
mwi,sex_m,geo_cov_rur,mts_aggregate_1,2011,391.57
mwi,sex_m,geo_cov_rur,mts_aggregate_1,2017,540.688
mwi,sex_m,geo_cov_rur,mts_aggregate_1,2020,596.345
mwi,sex_m,geo_cov_rur,mts_aggregate_2,2005,93.724
mwi,sex_m,geo_cov_rur,mts_aggregate_2,2011,228.903
mwi,sex_m,geo_cov_rur,mts_aggregate_2,2017,379.687
mwi,sex_m,geo_cov_rur,mts_aggregate_2,2020,376.545
mwi,sex_m,geo_cov_rur,mts_aggregate_total,2005,404.589
mwi,sex_m,geo_cov_rur,mts_aggregate_total,2011,621.097
mwi,sex_m,geo_cov_rur,mts_aggregate_total,2017,920.375
mwi,sex_m,geo_cov_rur,mts_aggregate_total,2020,972.891
mwi,sex_m,geo_cov_rur,mts_aggregate_x,2005,94.772
mwi,sex_m,geo_cov_rur,mts_details_mrd,2005,93.724
mwi,sex_m,geo_cov_rur,mts_details_mrd,2011,228.903
mwi,sex_m,geo_cov_rur,mts_details_mrd,2017,379.687
mwi,sex_m,geo_cov_rur,mts_details_mrd,2020,376.545
mwi,sex_m,geo_cov_rur,mts_details_sep,2005,4.027
mwi,sex_m,geo_cov_rur,mts_details_sep,2011,12.268
mwi,sex_m,geo_cov_rur,mts_details_sep,2017,23.246
mwi,sex_m,geo_cov_rur,mts_details_sep,2020,29.707
mwi,sex_m,geo_cov_rur,mts_details_sgle,2005,204.376
mwi,sex_m,geo_cov_rur,mts_details_sgle,2011,366.308
mwi,sex_m,geo_cov_rur,mts_details_sgle,2017,497.62
mwi,sex_m,geo_cov_rur,mts_details_sgle,2020,545.623
mwi,sex_m,geo_cov_rur,mts_details_total,2005,404.589
mwi,sex_m,geo_cov_rur,mts_details_total,2011,621.097
mwi,sex_m,geo_cov_rur,mts_details_total,2017,920.375
mwi,sex_m,geo_cov_rur,mts_details_total,2020,972.891
mwi,sex_m,geo_cov_rur,mts_details_wid,2005,7.69
mwi,sex_m,geo_cov_rur,mts_details_wid,2011,12.994
mwi,sex_m,geo_cov_rur,mts_details_wid,2017,19.822
mwi,sex_m,geo_cov_rur,mts_details_wid,2020,21.016
mwi,sex_m,geo_cov_rur,mts_details_x,2005,94.772
mwi,sex_m,geo_cov_urb,mts_aggregate_1,2005,105.253
mwi,sex_m,geo_cov_urb,mts_aggregate_1,2011,129.401
mwi,sex_m,geo_cov_urb,mts_aggregate_1,2017,195.232
mwi,sex_m,geo_cov_urb,mts_aggregate_1,2020,195.036
mwi,sex_m,geo_cov_urb,mts_aggregate_2,2005,12.742
mwi,sex_m,geo_cov_urb,mts_aggregate_2,2011,24.182
mwi,sex_m,geo_cov_urb,mts_aggregate_2,2017,49.091
mwi,sex_m,geo_cov_urb,mts_aggregate_2,2020,60.828
mwi,sex_m,geo_cov_urb,mts_aggregate_total,2005,142.133
mwi,sex_m,geo_cov_urb,mts_aggregate_total,2011,153.936
mwi,sex_m,geo_cov_urb,mts_aggregate_total,2017,244.323
mwi,sex_m,geo_cov_urb,mts_aggregate_total,2020,255.864
mwi,sex_m,geo_cov_urb,mts_aggregate_x,2005,24.138
mwi,sex_m,geo_cov_urb,mts_details_mrd,2005,12.742
mwi,sex_m,geo_cov_urb,mts_details_mrd,2011,24.182
mwi,sex_m,geo_cov_urb,mts_details_mrd,2017,49.091
mwi,sex_m,geo_cov_urb,mts_details_mrd,2020,60.828
mwi,sex_m,geo_cov_urb,mts_details_sep,2005,1.859
mwi,sex_m,geo_cov_urb,mts_details_sep,2011,2.529
mwi,sex_m,geo_cov_urb,mts_details_sep,2017,3.682
mwi,sex_m,geo_cov_urb,mts_details_sep,2020,7.16
mwi,sex_m,geo_cov_urb,mts_details_sgle,2005,102.261
mwi,sex_m,geo_cov_urb,mts_details_sgle,2011,124.512
mwi,sex_m,geo_cov_urb,mts_details_sgle,2017,187.142
mwi,sex_m,geo_cov_urb,mts_details_sgle,2020,183.424
mwi,sex_m,geo_cov_urb,mts_details_total,2005,142.133
mwi,sex_m,geo_cov_urb,mts_details_total,2011,153.936
mwi,sex_m,geo_cov_urb,mts_details_total,2017,244.323
mwi,sex_m,geo_cov_urb,mts_details_total,2020,255.864
mwi,sex_m,geo_cov_urb,mts_details_wid,2005,1.133
mwi,sex_m,geo_cov_urb,mts_details_wid,2011,2.36
mwi,sex_m,geo_cov_urb,mts_details_wid,2017,4.408
mwi,sex_m,geo_cov_urb,mts_details_wid,2020,4.452
mwi,sex_m,geo_cov_urb,mts_details_x,2005,24.138
mwi,sex_t,geo_cov_nat,mts_aggregate_1,2005,644.643
mwi,sex_t,geo_cov_nat,mts_aggregate_1,2011,1108.607
mwi,sex_t,geo_cov_nat,mts_aggregate_1,2017,1664.186
mwi,sex_t,geo_cov_nat,mts_aggregate_1,2020,1820.532
mwi,sex_t,geo_cov_nat,mts_aggregate_2,2005,463.841
mwi,sex_t,geo_cov_nat,mts_aggregate_2,2011,878.622
mwi,sex_t,geo_cov_nat,mts_aggregate_2,2017,1253.47
mwi,sex_t,geo_cov_nat,mts_aggregate_2,2020,1380.609
mwi,sex_t,geo_cov_nat,mts_aggregate_total,2005,1307.337
mwi,sex_t,geo_cov_nat,mts_aggregate_total,2011,1988.341
mwi,sex_t,geo_cov_nat,mts_aggregate_total,2017,2917.656
mwi,sex_t,geo_cov_nat,mts_aggregate_total,2020,3201.141
mwi,sex_t,geo_cov_nat,mts_aggregate_x,2005,198.852
mwi,sex_t,geo_cov_nat,mts_aggregate_x,2011,1.112
mwi,sex_t,geo_cov_nat,mts_details_mrd,2005,463.841
mwi,sex_t,geo_cov_nat,mts_details_mrd,2011,878.622
mwi,sex_t,geo_cov_nat,mts_details_mrd,2017,1253.47
mwi,sex_t,geo_cov_nat,mts_details_mrd,2020,1380.609
mwi,sex_t,geo_cov_nat,mts_details_sep,2005,38.277
mwi,sex_t,geo_cov_nat,mts_details_sep,2011,89.197
mwi,sex_t,geo_cov_nat,mts_details_sep,2017,163.878
mwi,sex_t,geo_cov_nat,mts_details_sep,2020,214.611
mwi,sex_t,geo_cov_nat,mts_details_sgle,2005,535.898
mwi,sex_t,geo_cov_nat,mts_details_sgle,2011,878.343
mwi,sex_t,geo_cov_nat,mts_details_sgle,2017,1271.013
mwi,sex_t,geo_cov_nat,mts_details_sgle,2020,1344.863
mwi,sex_t,geo_cov_nat,mts_details_total,2005,1307.337
mwi,sex_t,geo_cov_nat,mts_details_total,2011,1988.341
mwi,sex_t,geo_cov_nat,mts_details_total,2017,2917.656
mwi,sex_t,geo_cov_nat,mts_details_total,2020,3201.141
mwi,sex_t,geo_cov_nat,mts_details_wid,2005,70.468
mwi,sex_t,geo_cov_nat,mts_details_wid,2011,141.067
mwi,sex_t,geo_cov_nat,mts_details_wid,2017,229.295
mwi,sex_t,geo_cov_nat,mts_details_wid,2020,261.058
mwi,sex_t,geo_cov_nat,mts_details_x,2005,198.852
mwi,sex_t,geo_cov_nat,mts_details_x,2011,1.112
mwi,sex_t,geo_cov_rur,mts_aggregate_1,2005,450.36
mwi,sex_t,geo_cov_rur,mts_aggregate_1,2011,832.843
mwi,sex_t,geo_cov_rur,mts_aggregate_1,2017,1236.839
mwi,sex_t,geo_cov_rur,mts_aggregate_1,2020,1424.104
mwi,sex_t,geo_cov_rur,mts_aggregate_2,2005,317.626
mwi,sex_t,geo_cov_rur,mts_aggregate_2,2011,676.408
mwi,sex_t,geo_cov_rur,mts_aggregate_2,2017,1012.334
mwi,sex_t,geo_cov_rur,mts_aggregate_2,2020,1099.378
mwi,sex_t,geo_cov_rur,mts_aggregate_total,2005,930.734
mwi,sex_t,geo_cov_rur,mts_aggregate_total,2011,1510.011
mwi,sex_t,geo_cov_rur,mts_aggregate_total,2017,2249.173
mwi,sex_t,geo_cov_rur,mts_aggregate_total,2020,2523.482
mwi,sex_t,geo_cov_rur,mts_aggregate_x,2005,162.748
mwi,sex_t,geo_cov_rur,mts_details_mrd,2005,317.626
mwi,sex_t,geo_cov_rur,mts_details_mrd,2011,676.408
mwi,sex_t,geo_cov_rur,mts_details_mrd,2017,1012.334
mwi,sex_t,geo_cov_rur,mts_details_mrd,2020,1099.378
mwi,sex_t,geo_cov_rur,mts_details_sep,2005,32.225
mwi,sex_t,geo_cov_rur,mts_details_sep,2011,74.447
mwi,sex_t,geo_cov_rur,mts_details_sep,2017,139.039
mwi,sex_t,geo_cov_rur,mts_details_sep,2020,187.062
mwi,sex_t,geo_cov_rur,mts_details_sgle,2005,356.053
mwi,sex_t,geo_cov_rur,mts_details_sgle,2011,635.984
mwi,sex_t,geo_cov_rur,mts_details_sgle,2017,897.746
mwi,sex_t,geo_cov_rur,mts_details_sgle,2020,1000.113
mwi,sex_t,geo_cov_rur,mts_details_total,2005,930.734
mwi,sex_t,geo_cov_rur,mts_details_total,2011,1510.011
mwi,sex_t,geo_cov_rur,mts_details_total,2017,2249.173
mwi,sex_t,geo_cov_rur,mts_details_total,2020,2523.482
mwi,sex_t,geo_cov_rur,mts_details_wid,2005,62.082
mwi,sex_t,geo_cov_rur,mts_details_wid,2011,122.413
mwi,sex_t,geo_cov_rur,mts_details_wid,2017,200.054
mwi,sex_t,geo_cov_rur,mts_details_wid,2020,236.93
mwi,sex_t,geo_cov_rur,mts_details_x,2005,162.748
mwi,sex_t,geo_cov_urb,mts_aggregate_1,2005,194.284
mwi,sex_t,geo_cov_urb,mts_aggregate_1,2011,275.764
mwi,sex_t,geo_cov_urb,mts_aggregate_1,2017,427.348
mwi,sex_t,geo_cov_urb,mts_aggregate_1,2020,396.428
mwi,sex_t,geo_cov_urb,mts_aggregate_2,2005,146.215
mwi,sex_t,geo_cov_urb,mts_aggregate_2,2011,202.214
mwi,sex_t,geo_cov_urb,mts_aggregate_2,2017,241.136
mwi,sex_t,geo_cov_urb,mts_aggregate_2,2020,281.231
mwi,sex_t,geo_cov_urb,mts_aggregate_total,2005,376.602
mwi,sex_t,geo_cov_urb,mts_aggregate_total,2011,478.33
mwi,sex_t,geo_cov_urb,mts_aggregate_total,2017,668.484
mwi,sex_t,geo_cov_urb,mts_aggregate_total,2020,677.659
mwi,sex_t,geo_cov_urb,mts_aggregate_x,2005,36.104
mwi,sex_t,geo_cov_urb,mts_details_mrd,2005,146.215
mwi,sex_t,geo_cov_urb,mts_details_mrd,2011,202.214
mwi,sex_t,geo_cov_urb,mts_details_mrd,2017,241.136
mwi,sex_t,geo_cov_urb,mts_details_mrd,2020,281.231
mwi,sex_t,geo_cov_urb,mts_details_sep,2005,6.052
mwi,sex_t,geo_cov_urb,mts_details_sep,2011,14.75
mwi,sex_t,geo_cov_urb,mts_details_sep,2017,24.839
mwi,sex_t,geo_cov_urb,mts_details_sep,2020,27.549
mwi,sex_t,geo_cov_urb,mts_details_sgle,2005,179.845
mwi,sex_t,geo_cov_urb,mts_details_sgle,2011,242.36
mwi,sex_t,geo_cov_urb,mts_details_sgle,2017,373.267
mwi,sex_t,geo_cov_urb,mts_details_sgle,2020,344.75
mwi,sex_t,geo_cov_urb,mts_details_total,2005,376.602
mwi,sex_t,geo_cov_urb,mts_details_total,2011,478.33
mwi,sex_t,geo_cov_urb,mts_details_total,2017,668.484
mwi,sex_t,geo_cov_urb,mts_details_total,2020,677.659
mwi,sex_t,geo_cov_urb,mts_details_wid,2005,8.386
mwi,sex_t,geo_cov_urb,mts_details_wid,2011,18.654
mwi,sex_t,geo_cov_urb,mts_details_wid,2017,29.242
mwi,sex_t,geo_cov_urb,mts_details_wid,2020,24.128
mwi,sex_t,geo_cov_urb,mts_details_x,2005,36.104
nam,sex_f,geo_cov_nat,mts_aggregate_1,1994,152.87
nam,sex_f,geo_cov_nat,mts_aggregate_1,2010,237.88
nam,sex_f,geo_cov_nat,mts_aggregate_1,2012,242.231
nam,sex_f,geo_cov_nat,mts_aggregate_1,2013,223.397
nam,sex_f,geo_cov_nat,mts_aggregate_1,2014,247.409
nam,sex_f,geo_cov_nat,mts_aggregate_1,2016,248.099
nam,sex_f,geo_cov_nat,mts_aggregate_1,2018,280.267
nam,sex_f,geo_cov_nat,mts_aggregate_2,1994,70.535
nam,sex_f,geo_cov_nat,mts_aggregate_2,2010,74.884
nam,sex_f,geo_cov_nat,mts_aggregate_2,2012,78.105
nam,sex_f,geo_cov_nat,mts_aggregate_2,2013,78.365
nam,sex_f,geo_cov_nat,mts_aggregate_2,2014,71.027
nam,sex_f,geo_cov_nat,mts_aggregate_2,2016,90.184
nam,sex_f,geo_cov_nat,mts_aggregate_2,2018,77.594
nam,sex_f,geo_cov_nat,mts_aggregate_total,1994,223.544
nam,sex_f,geo_cov_nat,mts_aggregate_total,2010,312.815
nam,sex_f,geo_cov_nat,mts_aggregate_total,2012,322.992
nam,sex_f,geo_cov_nat,mts_aggregate_total,2013,302.617
nam,sex_f,geo_cov_nat,mts_aggregate_total,2014,319.347
nam,sex_f,geo_cov_nat,mts_aggregate_total,2016,338.569
nam,sex_f,geo_cov_nat,mts_aggregate_total,2018,358.115
nam,sex_f,geo_cov_nat,mts_aggregate_x,2012,2.656
nam,sex_f,geo_cov_nat,mts_aggregate_x,2013,0.856
nam,sex_f,geo_cov_nat,mts_aggregate_x,2014,0.912
nam,sex_f,geo_cov_nat,mts_aggregate_x,2016,0.286
nam,sex_f,geo_cov_nat,mts_aggregate_x,2018,0.255
nam,sex_f,geo_cov_nat,mts_details_mrd,2010,57.163
nam,sex_f,geo_cov_nat,mts_details_mrd,2012,55.616
nam,sex_f,geo_cov_nat,mts_details_mrd,2013,58.003
nam,sex_f,geo_cov_nat,mts_details_mrd,2014,50.163
nam,sex_f,geo_cov_nat,mts_details_mrd,2016,67.148
nam,sex_f,geo_cov_nat,mts_details_mrd,2018,58.389
nam,sex_f,geo_cov_nat,mts_details_sep,2010,9.034
nam,sex_f,geo_cov_nat,mts_details_sep,2012,6.426
nam,sex_f,geo_cov_nat,mts_details_sep,2013,8.419
nam,sex_f,geo_cov_nat,mts_details_sep,2014,6.215
nam,sex_f,geo_cov_nat,mts_details_sep,2016,7.208
nam,sex_f,geo_cov_nat,mts_details_sep,2018,6.068
nam,sex_f,geo_cov_nat,mts_details_sgle,2010,185.148
nam,sex_f,geo_cov_nat,mts_details_sgle,2012,209.645
nam,sex_f,geo_cov_nat,mts_details_sgle,2013,190.248
nam,sex_f,geo_cov_nat,mts_details_sgle,2014,215.611
nam,sex_f,geo_cov_nat,mts_details_sgle,2016,210.392
nam,sex_f,geo_cov_nat,mts_details_sgle,2018,251.236
nam,sex_f,geo_cov_nat,mts_details_total,2010,312.815
nam,sex_f,geo_cov_nat,mts_details_total,2012,322.992
nam,sex_f,geo_cov_nat,mts_details_total,2013,302.617
nam,sex_f,geo_cov_nat,mts_details_total,2014,319.347
nam,sex_f,geo_cov_nat,mts_details_total,2016,338.569
nam,sex_f,geo_cov_nat,mts_details_total,2018,358.115
nam,sex_f,geo_cov_nat,mts_details_union,2010,17.722
nam,sex_f,geo_cov_nat,mts_details_union,2012,22.489
nam,sex_f,geo_cov_nat,mts_details_union,2013,20.361
nam,sex_f,geo_cov_nat,mts_details_union,2014,20.864
nam,sex_f,geo_cov_nat,mts_details_union,2016,23.037
nam,sex_f,geo_cov_nat,mts_details_union,2018,19.205
nam,sex_f,geo_cov_nat,mts_details_wid,2010,43.698
nam,sex_f,geo_cov_nat,mts_details_wid,2012,26.16
nam,sex_f,geo_cov_nat,mts_details_wid,2013,24.731
nam,sex_f,geo_cov_nat,mts_details_wid,2014,25.583
nam,sex_f,geo_cov_nat,mts_details_wid,2016,30.499
nam,sex_f,geo_cov_nat,mts_details_wid,2018,22.963
nam,sex_f,geo_cov_nat,mts_details_x,2012,2.656
nam,sex_f,geo_cov_nat,mts_details_x,2013,0.856
nam,sex_f,geo_cov_nat,mts_details_x,2014,0.912
nam,sex_f,geo_cov_nat,mts_details_x,2016,0.286
nam,sex_f,geo_cov_nat,mts_details_x,2018,0.255
nam,sex_f,geo_cov_rur,mts_aggregate_1,1994,115.595
nam,sex_f,geo_cov_rur,mts_aggregate_1,2010,166.403
nam,sex_f,geo_cov_rur,mts_aggregate_1,2012,134.644
nam,sex_f,geo_cov_rur,mts_aggregate_1,2013,133.786
nam,sex_f,geo_cov_rur,mts_aggregate_1,2014,136.953
nam,sex_f,geo_cov_rur,mts_aggregate_1,2016,135.012
nam,sex_f,geo_cov_rur,mts_aggregate_1,2018,152.121
nam,sex_f,geo_cov_rur,mts_aggregate_2,1994,52.164
nam,sex_f,geo_cov_rur,mts_aggregate_2,2010,51.397
nam,sex_f,geo_cov_rur,mts_aggregate_2,2012,44.164
nam,sex_f,geo_cov_rur,mts_aggregate_2,2013,47.438
nam,sex_f,geo_cov_rur,mts_aggregate_2,2014,40.744
nam,sex_f,geo_cov_rur,mts_aggregate_2,2016,55.894
nam,sex_f,geo_cov_rur,mts_aggregate_2,2018,38.814
nam,sex_f,geo_cov_rur,mts_aggregate_total,1994,167.854
nam,sex_f,geo_cov_rur,mts_aggregate_total,2010,217.851
nam,sex_f,geo_cov_rur,mts_aggregate_total,2012,180.584
nam,sex_f,geo_cov_rur,mts_aggregate_total,2013,181.853
nam,sex_f,geo_cov_rur,mts_aggregate_total,2014,177.912
nam,sex_f,geo_cov_rur,mts_aggregate_total,2016,191.077
nam,sex_f,geo_cov_rur,mts_aggregate_total,2018,191.091
nam,sex_f,geo_cov_rur,mts_aggregate_x,2012,1.777
nam,sex_f,geo_cov_rur,mts_aggregate_x,2013,0.629
nam,sex_f,geo_cov_rur,mts_aggregate_x,2014,0.215
nam,sex_f,geo_cov_rur,mts_details_mrd,2010,40.811
nam,sex_f,geo_cov_rur,mts_details_mrd,2012,32.221
nam,sex_f,geo_cov_rur,mts_details_mrd,2013,35.878
nam,sex_f,geo_cov_rur,mts_details_mrd,2014,28.069
nam,sex_f,geo_cov_rur,mts_details_mrd,2016,41.321
nam,sex_f,geo_cov_rur,mts_details_mrd,2018,30.235
nam,sex_f,geo_cov_rur,mts_details_sep,2010,7.721
nam,sex_f,geo_cov_rur,mts_details_sep,2012,4.667
nam,sex_f,geo_cov_rur,mts_details_sep,2013,5.845
nam,sex_f,geo_cov_rur,mts_details_sep,2014,3.168
nam,sex_f,geo_cov_rur,mts_details_sep,2016,4.232
nam,sex_f,geo_cov_rur,mts_details_sep,2018,3.063
nam,sex_f,geo_cov_rur,mts_details_sgle,2010,122.237
nam,sex_f,geo_cov_rur,mts_details_sgle,2012,110.369
nam,sex_f,geo_cov_rur,mts_details_sgle,2013,109.71
nam,sex_f,geo_cov_rur,mts_details_sgle,2014,115.575
nam,sex_f,geo_cov_rur,mts_details_sgle,2016,108.697
nam,sex_f,geo_cov_rur,mts_details_sgle,2018,135.468
nam,sex_f,geo_cov_rur,mts_details_total,2010,217.851
nam,sex_f,geo_cov_rur,mts_details_total,2012,180.584
nam,sex_f,geo_cov_rur,mts_details_total,2013,181.853
nam,sex_f,geo_cov_rur,mts_details_total,2014,177.912
nam,sex_f,geo_cov_rur,mts_details_total,2016,191.077
nam,sex_f,geo_cov_rur,mts_details_total,2018,191.091
nam,sex_f,geo_cov_rur,mts_details_union,2010,10.587
nam,sex_f,geo_cov_rur,mts_details_union,2012,11.942
nam,sex_f,geo_cov_rur,mts_details_union,2013,11.561
nam,sex_f,geo_cov_rur,mts_details_union,2014,12.675
nam,sex_f,geo_cov_rur,mts_details_union,2016,14.574
nam,sex_f,geo_cov_rur,mts_details_union,2018,8.58
nam,sex_f,geo_cov_rur,mts_details_wid,2010,36.445
nam,sex_f,geo_cov_rur,mts_details_wid,2012,19.607
nam,sex_f,geo_cov_rur,mts_details_wid,2013,18.231
nam,sex_f,geo_cov_rur,mts_details_wid,2014,18.211
nam,sex_f,geo_cov_rur,mts_details_wid,2016,22.084
nam,sex_f,geo_cov_rur,mts_details_wid,2018,13.59
nam,sex_f,geo_cov_rur,mts_details_x,2012,1.777
nam,sex_f,geo_cov_rur,mts_details_x,2013,0.629
nam,sex_f,geo_cov_rur,mts_details_x,2014,0.215
nam,sex_f,geo_cov_urb,mts_aggregate_1,1994,37.275
nam,sex_f,geo_cov_urb,mts_aggregate_1,2010,71.476
nam,sex_f,geo_cov_urb,mts_aggregate_1,2012,107.587
nam,sex_f,geo_cov_urb,mts_aggregate_1,2013,89.611
nam,sex_f,geo_cov_urb,mts_aggregate_1,2014,110.456
nam,sex_f,geo_cov_urb,mts_aggregate_1,2016,113.086
nam,sex_f,geo_cov_urb,mts_aggregate_1,2018,128.146
nam,sex_f,geo_cov_urb,mts_aggregate_2,1994,18.371
nam,sex_f,geo_cov_urb,mts_aggregate_2,2010,23.487
nam,sex_f,geo_cov_urb,mts_aggregate_2,2012,33.941
nam,sex_f,geo_cov_urb,mts_aggregate_2,2013,30.926
nam,sex_f,geo_cov_urb,mts_aggregate_2,2014,30.283
nam,sex_f,geo_cov_urb,mts_aggregate_2,2016,34.29
nam,sex_f,geo_cov_urb,mts_aggregate_2,2018,38.78
nam,sex_f,geo_cov_urb,mts_aggregate_total,1994,55.69
nam,sex_f,geo_cov_urb,mts_aggregate_total,2010,94.963
nam,sex_f,geo_cov_urb,mts_aggregate_total,2012,142.407
nam,sex_f,geo_cov_urb,mts_aggregate_total,2013,120.764
nam,sex_f,geo_cov_urb,mts_aggregate_total,2014,141.435
nam,sex_f,geo_cov_urb,mts_aggregate_total,2016,147.492
nam,sex_f,geo_cov_urb,mts_aggregate_total,2018,167.024
nam,sex_f,geo_cov_urb,mts_aggregate_x,2012,0.879
nam,sex_f,geo_cov_urb,mts_aggregate_x,2014,0.697
nam,sex_f,geo_cov_urb,mts_aggregate_x,2018,0.098
nam,sex_f,geo_cov_urb,mts_details_mrd,2010,16.352
nam,sex_f,geo_cov_urb,mts_details_mrd,2012,23.395
nam,sex_f,geo_cov_urb,mts_details_mrd,2013,22.126
nam,sex_f,geo_cov_urb,mts_details_mrd,2014,22.094
nam,sex_f,geo_cov_urb,mts_details_mrd,2016,25.827
nam,sex_f,geo_cov_urb,mts_details_mrd,2018,28.154
nam,sex_f,geo_cov_urb,mts_details_sep,2010,1.313
nam,sex_f,geo_cov_urb,mts_details_sep,2012,1.759
nam,sex_f,geo_cov_urb,mts_details_sep,2013,2.573
nam,sex_f,geo_cov_urb,mts_details_sep,2014,3.048
nam,sex_f,geo_cov_urb,mts_details_sep,2016,2.976
nam,sex_f,geo_cov_urb,mts_details_sep,2018,3.005
nam,sex_f,geo_cov_urb,mts_details_sgle,2010,62.911
nam,sex_f,geo_cov_urb,mts_details_sgle,2012,99.276
nam,sex_f,geo_cov_urb,mts_details_sgle,2013,80.538
nam,sex_f,geo_cov_urb,mts_details_sgle,2014,100.036
nam,sex_f,geo_cov_urb,mts_details_sgle,2016,101.696
nam,sex_f,geo_cov_urb,mts_details_sgle,2018,115.768
nam,sex_f,geo_cov_urb,mts_details_total,2010,94.963
nam,sex_f,geo_cov_urb,mts_details_total,2012,142.407
nam,sex_f,geo_cov_urb,mts_details_total,2013,120.764
nam,sex_f,geo_cov_urb,mts_details_total,2014,141.435
nam,sex_f,geo_cov_urb,mts_details_total,2016,147.492
nam,sex_f,geo_cov_urb,mts_details_total,2018,167.024
nam,sex_f,geo_cov_urb,mts_details_union,2010,7.135
nam,sex_f,geo_cov_urb,mts_details_union,2012,10.547
nam,sex_f,geo_cov_urb,mts_details_union,2013,8.801
nam,sex_f,geo_cov_urb,mts_details_union,2014,8.189
nam,sex_f,geo_cov_urb,mts_details_union,2016,8.463
nam,sex_f,geo_cov_urb,mts_details_union,2018,10.626
nam,sex_f,geo_cov_urb,mts_details_wid,2010,7.253
nam,sex_f,geo_cov_urb,mts_details_wid,2012,6.552
nam,sex_f,geo_cov_urb,mts_details_wid,2013,6.5
nam,sex_f,geo_cov_urb,mts_details_wid,2014,7.372
nam,sex_f,geo_cov_urb,mts_details_wid,2016,8.415
nam,sex_f,geo_cov_urb,mts_details_wid,2018,9.374
nam,sex_f,geo_cov_urb,mts_details_x,2012,0.879
nam,sex_f,geo_cov_urb,mts_details_x,2014,0.697
nam,sex_f,geo_cov_urb,mts_details_x,2018,0.098
nam,sex_m,geo_cov_nat,mts_aggregate_1,1994,107.521
nam,sex_m,geo_cov_nat,mts_aggregate_1,2010,163.082
nam,sex_m,geo_cov_nat,mts_aggregate_1,2012,188.014
nam,sex_m,geo_cov_nat,mts_aggregate_1,2013,180.068
nam,sex_m,geo_cov_nat,mts_aggregate_1,2014,199.289
nam,sex_m,geo_cov_nat,mts_aggregate_1,2016,180.232
nam,sex_m,geo_cov_nat,mts_aggregate_1,2018,231.148
nam,sex_m,geo_cov_nat,mts_aggregate_2,1994,29.788
nam,sex_m,geo_cov_nat,mts_aggregate_2,2010,41.011
nam,sex_m,geo_cov_nat,mts_aggregate_2,2012,39.066
nam,sex_m,geo_cov_nat,mts_aggregate_2,2013,39.745
nam,sex_m,geo_cov_nat,mts_aggregate_2,2014,37.899
nam,sex_m,geo_cov_nat,mts_aggregate_2,2016,45.907
nam,sex_m,geo_cov_nat,mts_aggregate_2,2018,40.497
nam,sex_m,geo_cov_nat,mts_aggregate_total,1994,137.442
nam,sex_m,geo_cov_nat,mts_aggregate_total,2010,204.266
nam,sex_m,geo_cov_nat,mts_aggregate_total,2012,229.078
nam,sex_m,geo_cov_nat,mts_aggregate_total,2013,220.28
nam,sex_m,geo_cov_nat,mts_aggregate_total,2014,238.213
nam,sex_m,geo_cov_nat,mts_aggregate_total,2016,226.264
nam,sex_m,geo_cov_nat,mts_aggregate_total,2018,271.847
nam,sex_m,geo_cov_nat,mts_aggregate_x,2012,1.998
nam,sex_m,geo_cov_nat,mts_aggregate_x,2013,0.467
nam,sex_m,geo_cov_nat,mts_aggregate_x,2014,1.025
nam,sex_m,geo_cov_nat,mts_details_mrd,2010,35.846
nam,sex_m,geo_cov_nat,mts_details_mrd,2012,30.485
nam,sex_m,geo_cov_nat,mts_details_mrd,2013,32.209
nam,sex_m,geo_cov_nat,mts_details_mrd,2014,30.687
nam,sex_m,geo_cov_nat,mts_details_mrd,2016,37.643
nam,sex_m,geo_cov_nat,mts_details_mrd,2018,33.686
nam,sex_m,geo_cov_nat,mts_details_sep,2010,3.152
nam,sex_m,geo_cov_nat,mts_details_sep,2012,2.981
nam,sex_m,geo_cov_nat,mts_details_sep,2013,4.103
nam,sex_m,geo_cov_nat,mts_details_sep,2014,2.554
nam,sex_m,geo_cov_nat,mts_details_sep,2016,2.336
nam,sex_m,geo_cov_nat,mts_details_sep,2018,2.778
nam,sex_m,geo_cov_nat,mts_details_sgle,2010,155.957
nam,sex_m,geo_cov_nat,mts_details_sgle,2012,180.974
nam,sex_m,geo_cov_nat,mts_details_sgle,2013,172.664
nam,sex_m,geo_cov_nat,mts_details_sgle,2014,192.682
nam,sex_m,geo_cov_nat,mts_details_sgle,2016,174.62
nam,sex_m,geo_cov_nat,mts_details_sgle,2018,224.759
nam,sex_m,geo_cov_nat,mts_details_total,2010,204.266
nam,sex_m,geo_cov_nat,mts_details_total,2012,229.078
nam,sex_m,geo_cov_nat,mts_details_total,2013,220.28
nam,sex_m,geo_cov_nat,mts_details_total,2014,238.213
nam,sex_m,geo_cov_nat,mts_details_total,2016,226.264
nam,sex_m,geo_cov_nat,mts_details_total,2018,271.847
nam,sex_m,geo_cov_nat,mts_details_union,2010,5.164
nam,sex_m,geo_cov_nat,mts_details_union,2012,8.581
nam,sex_m,geo_cov_nat,mts_details_union,2013,7.536
nam,sex_m,geo_cov_nat,mts_details_union,2014,7.212
nam,sex_m,geo_cov_nat,mts_details_union,2016,8.264
nam,sex_m,geo_cov_nat,mts_details_union,2018,6.811
nam,sex_m,geo_cov_nat,mts_details_wid,2010,3.974
nam,sex_m,geo_cov_nat,mts_details_wid,2012,4.058
nam,sex_m,geo_cov_nat,mts_details_wid,2013,3.301
nam,sex_m,geo_cov_nat,mts_details_wid,2014,4.053
nam,sex_m,geo_cov_nat,mts_details_wid,2016,3.276
nam,sex_m,geo_cov_nat,mts_details_wid,2018,3.611
nam,sex_m,geo_cov_nat,mts_details_x,2012,1.998
nam,sex_m,geo_cov_nat,mts_details_x,2013,0.467
nam,sex_m,geo_cov_nat,mts_details_x,2014,1.025
nam,sex_m,geo_cov_rur,mts_aggregate_1,1994,82.912
nam,sex_m,geo_cov_rur,mts_aggregate_1,2010,110.219
nam,sex_m,geo_cov_rur,mts_aggregate_1,2012,102.802
nam,sex_m,geo_cov_rur,mts_aggregate_1,2013,109.801
nam,sex_m,geo_cov_rur,mts_aggregate_1,2014,119.266
nam,sex_m,geo_cov_rur,mts_aggregate_1,2016,101.72
nam,sex_m,geo_cov_rur,mts_aggregate_1,2018,132.891
nam,sex_m,geo_cov_rur,mts_aggregate_2,1994,24.639
nam,sex_m,geo_cov_rur,mts_aggregate_2,2010,31.024
nam,sex_m,geo_cov_rur,mts_aggregate_2,2012,23.029
nam,sex_m,geo_cov_rur,mts_aggregate_2,2013,25.142
nam,sex_m,geo_cov_rur,mts_aggregate_2,2014,23.682
nam,sex_m,geo_cov_rur,mts_aggregate_2,2016,29.89
nam,sex_m,geo_cov_rur,mts_aggregate_2,2018,20.472
nam,sex_m,geo_cov_rur,mts_aggregate_total,1994,107.683
nam,sex_m,geo_cov_rur,mts_aggregate_total,2010,141.261
nam,sex_m,geo_cov_rur,mts_aggregate_total,2012,126.631
nam,sex_m,geo_cov_rur,mts_aggregate_total,2013,135.356
nam,sex_m,geo_cov_rur,mts_aggregate_total,2014,143.345
nam,sex_m,geo_cov_rur,mts_aggregate_total,2016,131.734
nam,sex_m,geo_cov_rur,mts_aggregate_total,2018,153.419
nam,sex_m,geo_cov_rur,mts_aggregate_x,2012,0.8
nam,sex_m,geo_cov_rur,mts_aggregate_x,2013,0.413
nam,sex_m,geo_cov_rur,mts_aggregate_x,2014,0.398
nam,sex_m,geo_cov_rur,mts_details_mrd,2010,28.049
nam,sex_m,geo_cov_rur,mts_details_mrd,2012,18.518
nam,sex_m,geo_cov_rur,mts_details_mrd,2013,21.098
nam,sex_m,geo_cov_rur,mts_details_mrd,2014,19.251
nam,sex_m,geo_cov_rur,mts_details_mrd,2016,24.518
nam,sex_m,geo_cov_rur,mts_details_mrd,2018,17.329
nam,sex_m,geo_cov_rur,mts_details_sep,2010,2.776
nam,sex_m,geo_cov_rur,mts_details_sep,2012,2.33
nam,sex_m,geo_cov_rur,mts_details_sep,2013,3.083
nam,sex_m,geo_cov_rur,mts_details_sep,2014,1.718
nam,sex_m,geo_cov_rur,mts_details_sep,2016,1.521
nam,sex_m,geo_cov_rur,mts_details_sep,2018,1.299
nam,sex_m,geo_cov_rur,mts_details_sgle,2010,104.598
nam,sex_m,geo_cov_rur,mts_details_sgle,2012,97.973
nam,sex_m,geo_cov_rur,mts_details_sgle,2013,104.751
nam,sex_m,geo_cov_rur,mts_details_sgle,2014,115.019
nam,sex_m,geo_cov_rur,mts_details_sgle,2016,98.39
nam,sex_m,geo_cov_rur,mts_details_sgle,2018,129.886
nam,sex_m,geo_cov_rur,mts_details_total,2010,141.261
nam,sex_m,geo_cov_rur,mts_details_total,2012,126.631
nam,sex_m,geo_cov_rur,mts_details_total,2013,135.356
nam,sex_m,geo_cov_rur,mts_details_total,2014,143.345
nam,sex_m,geo_cov_rur,mts_details_total,2016,131.734
nam,sex_m,geo_cov_rur,mts_details_total,2018,153.419
nam,sex_m,geo_cov_rur,mts_details_union,2010,2.975
nam,sex_m,geo_cov_rur,mts_details_union,2012,4.511
nam,sex_m,geo_cov_rur,mts_details_union,2013,4.044
nam,sex_m,geo_cov_rur,mts_details_union,2014,4.431
nam,sex_m,geo_cov_rur,mts_details_union,2016,5.372
nam,sex_m,geo_cov_rur,mts_details_union,2018,3.142
nam,sex_m,geo_cov_rur,mts_details_wid,2010,2.844
nam,sex_m,geo_cov_rur,mts_details_wid,2012,2.5
nam,sex_m,geo_cov_rur,mts_details_wid,2013,1.967
nam,sex_m,geo_cov_rur,mts_details_wid,2014,2.529
nam,sex_m,geo_cov_rur,mts_details_wid,2016,1.81
nam,sex_m,geo_cov_rur,mts_details_wid,2018,1.706
nam,sex_m,geo_cov_rur,mts_details_x,2012,0.8
nam,sex_m,geo_cov_rur,mts_details_x,2013,0.413
nam,sex_m,geo_cov_rur,mts_details_x,2014,0.398
nam,sex_m,geo_cov_urb,mts_aggregate_1,1994,24.61
nam,sex_m,geo_cov_urb,mts_aggregate_1,2010,52.863
nam,sex_m,geo_cov_urb,mts_aggregate_1,2012,85.212
nam,sex_m,geo_cov_urb,mts_aggregate_1,2013,70.267
nam,sex_m,geo_cov_urb,mts_aggregate_1,2014,80.023
nam,sex_m,geo_cov_urb,mts_aggregate_1,2016,78.512
nam,sex_m,geo_cov_urb,mts_aggregate_1,2018,98.257
nam,sex_m,geo_cov_urb,mts_aggregate_2,1994,5.15
nam,sex_m,geo_cov_urb,mts_aggregate_2,2010,9.986
nam,sex_m,geo_cov_urb,mts_aggregate_2,2012,16.037
nam,sex_m,geo_cov_urb,mts_aggregate_2,2013,14.604
nam,sex_m,geo_cov_urb,mts_aggregate_2,2014,14.217
nam,sex_m,geo_cov_urb,mts_aggregate_2,2016,16.017
nam,sex_m,geo_cov_urb,mts_aggregate_2,2018,20.025
nam,sex_m,geo_cov_urb,mts_aggregate_total,1994,29.759
nam,sex_m,geo_cov_urb,mts_aggregate_total,2010,63.005
nam,sex_m,geo_cov_urb,mts_aggregate_total,2012,102.447
nam,sex_m,geo_cov_urb,mts_aggregate_total,2013,84.924
nam,sex_m,geo_cov_urb,mts_aggregate_total,2014,94.868
nam,sex_m,geo_cov_urb,mts_aggregate_total,2016,94.529
nam,sex_m,geo_cov_urb,mts_aggregate_total,2018,118.429
nam,sex_m,geo_cov_urb,mts_aggregate_x,2012,1.198
nam,sex_m,geo_cov_urb,mts_aggregate_x,2014,0.627
nam,sex_m,geo_cov_urb,mts_details_mrd,2010,7.797
nam,sex_m,geo_cov_urb,mts_details_mrd,2012,11.968
nam,sex_m,geo_cov_urb,mts_details_mrd,2013,11.111
nam,sex_m,geo_cov_urb,mts_details_mrd,2014,11.436
nam,sex_m,geo_cov_urb,mts_details_mrd,2016,13.126
nam,sex_m,geo_cov_urb,mts_details_mrd,2018,16.357
nam,sex_m,geo_cov_urb,mts_details_sep,2010,0.376
nam,sex_m,geo_cov_urb,mts_details_sep,2012,0.651
nam,sex_m,geo_cov_urb,mts_details_sep,2013,1.021
nam,sex_m,geo_cov_urb,mts_details_sep,2014,0.836
nam,sex_m,geo_cov_urb,mts_details_sep,2016,0.815
nam,sex_m,geo_cov_urb,mts_details_sep,2018,1.479
nam,sex_m,geo_cov_urb,mts_details_sgle,2010,51.358
nam,sex_m,geo_cov_urb,mts_details_sgle,2012,83.002
nam,sex_m,geo_cov_urb,mts_details_sgle,2013,67.913
nam,sex_m,geo_cov_urb,mts_details_sgle,2014,77.663
nam,sex_m,geo_cov_urb,mts_details_sgle,2016,76.23
nam,sex_m,geo_cov_urb,mts_details_sgle,2018,94.874
nam,sex_m,geo_cov_urb,mts_details_total,2010,63.005
nam,sex_m,geo_cov_urb,mts_details_total,2012,102.447
nam,sex_m,geo_cov_urb,mts_details_total,2013,84.924
nam,sex_m,geo_cov_urb,mts_details_total,2014,94.868
nam,sex_m,geo_cov_urb,mts_details_total,2016,94.529
nam,sex_m,geo_cov_urb,mts_details_total,2018,118.429
nam,sex_m,geo_cov_urb,mts_details_union,2010,2.189
nam,sex_m,geo_cov_urb,mts_details_union,2012,4.07
nam,sex_m,geo_cov_urb,mts_details_union,2013,3.493
nam,sex_m,geo_cov_urb,mts_details_union,2014,2.781
nam,sex_m,geo_cov_urb,mts_details_union,2016,2.892
nam,sex_m,geo_cov_urb,mts_details_union,2018,3.668
nam,sex_m,geo_cov_urb,mts_details_wid,2010,1.129
nam,sex_m,geo_cov_urb,mts_details_wid,2012,1.559
nam,sex_m,geo_cov_urb,mts_details_wid,2013,1.333
nam,sex_m,geo_cov_urb,mts_details_wid,2014,1.524
nam,sex_m,geo_cov_urb,mts_details_wid,2016,1.467
nam,sex_m,geo_cov_urb,mts_details_wid,2018,1.905
nam,sex_m,geo_cov_urb,mts_details_x,2012,1.198
nam,sex_m,geo_cov_urb,mts_details_x,2014,0.627
nam,sex_t,geo_cov_nat,mts_aggregate_1,1994,260.391
nam,sex_t,geo_cov_nat,mts_aggregate_1,2010,401.033
nam,sex_t,geo_cov_nat,mts_aggregate_1,2012,430.244
nam,sex_t,geo_cov_nat,mts_aggregate_1,2013,403.465
nam,sex_t,geo_cov_nat,mts_aggregate_1,2014,446.698
nam,sex_t,geo_cov_nat,mts_aggregate_1,2016,428.33
nam,sex_t,geo_cov_nat,mts_aggregate_1,2018,511.415
nam,sex_t,geo_cov_nat,mts_aggregate_2,1994,100.322
nam,sex_t,geo_cov_nat,mts_aggregate_2,2010,115.895
nam,sex_t,geo_cov_nat,mts_aggregate_2,2012,117.171
nam,sex_t,geo_cov_nat,mts_aggregate_2,2013,118.11
nam,sex_t,geo_cov_nat,mts_aggregate_2,2014,108.926
nam,sex_t,geo_cov_nat,mts_aggregate_2,2016,136.091
nam,sex_t,geo_cov_nat,mts_aggregate_2,2018,118.091
nam,sex_t,geo_cov_nat,mts_aggregate_total,1994,360.986
nam,sex_t,geo_cov_nat,mts_aggregate_total,2010,517.152
nam,sex_t,geo_cov_nat,mts_aggregate_total,2012,552.069
nam,sex_t,geo_cov_nat,mts_aggregate_total,2013,522.897
nam,sex_t,geo_cov_nat,mts_aggregate_total,2014,557.561
nam,sex_t,geo_cov_nat,mts_aggregate_total,2016,564.833
nam,sex_t,geo_cov_nat,mts_aggregate_total,2018,629.963
nam,sex_t,geo_cov_nat,mts_aggregate_x,1994,0.272
nam,sex_t,geo_cov_nat,mts_aggregate_x,2012,4.654
nam,sex_t,geo_cov_nat,mts_aggregate_x,2013,1.322
nam,sex_t,geo_cov_nat,mts_aggregate_x,2014,1.937
nam,sex_t,geo_cov_nat,mts_aggregate_x,2016,0.411
nam,sex_t,geo_cov_nat,mts_aggregate_x,2018,0.457
nam,sex_t,geo_cov_nat,mts_details_mrd,2010,93.009
nam,sex_t,geo_cov_nat,mts_details_mrd,2012,86.101
nam,sex_t,geo_cov_nat,mts_details_mrd,2013,90.212
nam,sex_t,geo_cov_nat,mts_details_mrd,2014,80.85
nam,sex_t,geo_cov_nat,mts_details_mrd,2016,104.791
nam,sex_t,geo_cov_nat,mts_details_mrd,2018,92.075
nam,sex_t,geo_cov_nat,mts_details_sep,2010,12.185
nam,sex_t,geo_cov_nat,mts_details_sep,2012,9.408
nam,sex_t,geo_cov_nat,mts_details_sep,2013,12.522
nam,sex_t,geo_cov_nat,mts_details_sep,2014,8.769
nam,sex_t,geo_cov_nat,mts_details_sep,2016,9.543
nam,sex_t,geo_cov_nat,mts_details_sep,2018,8.846
nam,sex_t,geo_cov_nat,mts_details_sgle,2010,341.176
nam,sex_t,geo_cov_nat,mts_details_sgle,2012,390.619
nam,sex_t,geo_cov_nat,mts_details_sgle,2013,362.912
nam,sex_t,geo_cov_nat,mts_details_sgle,2014,408.293
nam,sex_t,geo_cov_nat,mts_details_sgle,2016,385.012
nam,sex_t,geo_cov_nat,mts_details_sgle,2018,475.995
nam,sex_t,geo_cov_nat,mts_details_total,2010,517.152
nam,sex_t,geo_cov_nat,mts_details_total,2012,552.069
nam,sex_t,geo_cov_nat,mts_details_total,2013,522.897
nam,sex_t,geo_cov_nat,mts_details_total,2014,557.561
nam,sex_t,geo_cov_nat,mts_details_total,2016,564.833
nam,sex_t,geo_cov_nat,mts_details_total,2018,629.963
nam,sex_t,geo_cov_nat,mts_details_union,2010,22.886
nam,sex_t,geo_cov_nat,mts_details_union,2012,31.07
nam,sex_t,geo_cov_nat,mts_details_union,2013,27.898
nam,sex_t,geo_cov_nat,mts_details_union,2014,28.076
nam,sex_t,geo_cov_nat,mts_details_union,2016,31.301
nam,sex_t,geo_cov_nat,mts_details_union,2018,26.016
nam,sex_t,geo_cov_nat,mts_details_wid,2010,47.672
nam,sex_t,geo_cov_nat,mts_details_wid,2012,30.218
nam,sex_t,geo_cov_nat,mts_details_wid,2013,28.031
nam,sex_t,geo_cov_nat,mts_details_wid,2014,29.636
nam,sex_t,geo_cov_nat,mts_details_wid,2016,33.775
nam,sex_t,geo_cov_nat,mts_details_wid,2018,26.574
nam,sex_t,geo_cov_nat,mts_details_x,2012,4.654
nam,sex_t,geo_cov_nat,mts_details_x,2013,1.322
nam,sex_t,geo_cov_nat,mts_details_x,2014,1.937
nam,sex_t,geo_cov_nat,mts_details_x,2016,0.411
nam,sex_t,geo_cov_nat,mts_details_x,2018,0.457
nam,sex_t,geo_cov_rur,mts_aggregate_1,1994,198.506
nam,sex_t,geo_cov_rur,mts_aggregate_1,2010,276.694
nam,sex_t,geo_cov_rur,mts_aggregate_1,2012,237.446
nam,sex_t,geo_cov_rur,mts_aggregate_1,2013,243.587
nam,sex_t,geo_cov_rur,mts_aggregate_1,2014,256.219
nam,sex_t,geo_cov_rur,mts_aggregate_1,2016,236.732
nam,sex_t,geo_cov_rur,mts_aggregate_1,2018,285.011
nam,sex_t,geo_cov_rur,mts_aggregate_2,1994,76.802
nam,sex_t,geo_cov_rur,mts_aggregate_2,2010,82.421
nam,sex_t,geo_cov_rur,mts_aggregate_2,2012,67.192
nam,sex_t,geo_cov_rur,mts_aggregate_2,2013,72.58
nam,sex_t,geo_cov_rur,mts_aggregate_2,2014,64.426
nam,sex_t,geo_cov_rur,mts_aggregate_2,2016,85.784
nam,sex_t,geo_cov_rur,mts_aggregate_2,2018,59.286
nam,sex_t,geo_cov_rur,mts_aggregate_total,1994,275.536
nam,sex_t,geo_cov_rur,mts_aggregate_total,2010,359.184
nam,sex_t,geo_cov_rur,mts_aggregate_total,2012,307.215
nam,sex_t,geo_cov_rur,mts_aggregate_total,2013,317.209
nam,sex_t,geo_cov_rur,mts_aggregate_total,2014,321.258
nam,sex_t,geo_cov_rur,mts_aggregate_total,2016,322.811
nam,sex_t,geo_cov_rur,mts_aggregate_total,2018,344.51
nam,sex_t,geo_cov_rur,mts_aggregate_x,2012,2.578
nam,sex_t,geo_cov_rur,mts_aggregate_x,2013,1.042
nam,sex_t,geo_cov_rur,mts_aggregate_x,2014,0.613
nam,sex_t,geo_cov_rur,mts_aggregate_x,2016,0.295
nam,sex_t,geo_cov_rur,mts_details_mrd,2010,68.859
nam,sex_t,geo_cov_rur,mts_details_mrd,2012,50.739
nam,sex_t,geo_cov_rur,mts_details_mrd,2013,56.976
nam,sex_t,geo_cov_rur,mts_details_mrd,2014,47.32
nam,sex_t,geo_cov_rur,mts_details_mrd,2016,65.838
nam,sex_t,geo_cov_rur,mts_details_mrd,2018,47.564
nam,sex_t,geo_cov_rur,mts_details_sep,2010,10.497
nam,sex_t,geo_cov_rur,mts_details_sep,2012,6.997
nam,sex_t,geo_cov_rur,mts_details_sep,2013,8.928
nam,sex_t,geo_cov_rur,mts_details_sep,2014,4.885
nam,sex_t,geo_cov_rur,mts_details_sep,2016,5.752
nam,sex_t,geo_cov_rur,mts_details_sep,2018,4.362
nam,sex_t,geo_cov_rur,mts_details_sgle,2010,226.907
nam,sex_t,geo_cov_rur,mts_details_sgle,2012,208.341
nam,sex_t,geo_cov_rur,mts_details_sgle,2013,214.462
nam,sex_t,geo_cov_rur,mts_details_sgle,2014,230.594
nam,sex_t,geo_cov_rur,mts_details_sgle,2016,207.086
nam,sex_t,geo_cov_rur,mts_details_sgle,2018,265.353
nam,sex_t,geo_cov_rur,mts_details_total,2010,359.184
nam,sex_t,geo_cov_rur,mts_details_total,2012,307.215
nam,sex_t,geo_cov_rur,mts_details_total,2013,317.209
nam,sex_t,geo_cov_rur,mts_details_total,2014,321.258
nam,sex_t,geo_cov_rur,mts_details_total,2016,322.811
nam,sex_t,geo_cov_rur,mts_details_total,2018,344.51
nam,sex_t,geo_cov_rur,mts_details_union,2010,13.562
nam,sex_t,geo_cov_rur,mts_details_union,2012,16.453
nam,sex_t,geo_cov_rur,mts_details_union,2013,15.604
nam,sex_t,geo_cov_rur,mts_details_union,2014,17.106
nam,sex_t,geo_cov_rur,mts_details_union,2016,19.946
nam,sex_t,geo_cov_rur,mts_details_union,2018,11.722
nam,sex_t,geo_cov_rur,mts_details_wid,2010,39.29
nam,sex_t,geo_cov_rur,mts_details_wid,2012,22.107
nam,sex_t,geo_cov_rur,mts_details_wid,2013,20.198
nam,sex_t,geo_cov_rur,mts_details_wid,2014,20.74
nam,sex_t,geo_cov_rur,mts_details_wid,2016,23.894
nam,sex_t,geo_cov_rur,mts_details_wid,2018,15.296
nam,sex_t,geo_cov_rur,mts_details_x,2012,2.578
nam,sex_t,geo_cov_rur,mts_details_x,2013,1.042
nam,sex_t,geo_cov_rur,mts_details_x,2014,0.613
nam,sex_t,geo_cov_rur,mts_details_x,2016,0.295
nam,sex_t,geo_cov_urb,mts_aggregate_1,1994,61.885
nam,sex_t,geo_cov_urb,mts_aggregate_1,2010,124.339
nam,sex_t,geo_cov_urb,mts_aggregate_1,2012,192.799
nam,sex_t,geo_cov_urb,mts_aggregate_1,2013,159.878
nam,sex_t,geo_cov_urb,mts_aggregate_1,2014,190.479
nam,sex_t,geo_cov_urb,mts_aggregate_1,2016,191.598
nam,sex_t,geo_cov_urb,mts_aggregate_1,2018,226.403
nam,sex_t,geo_cov_urb,mts_aggregate_2,1994,23.52
nam,sex_t,geo_cov_urb,mts_aggregate_2,2010,33.473
nam,sex_t,geo_cov_urb,mts_aggregate_2,2012,49.979
nam,sex_t,geo_cov_urb,mts_aggregate_2,2013,45.53
nam,sex_t,geo_cov_urb,mts_aggregate_2,2014,44.5
nam,sex_t,geo_cov_urb,mts_aggregate_2,2016,50.307
nam,sex_t,geo_cov_urb,mts_aggregate_2,2018,58.805
nam,sex_t,geo_cov_urb,mts_aggregate_total,1994,85.45
nam,sex_t,geo_cov_urb,mts_aggregate_total,2010,157.968
nam,sex_t,geo_cov_urb,mts_aggregate_total,2012,244.854
nam,sex_t,geo_cov_urb,mts_aggregate_total,2013,205.689
nam,sex_t,geo_cov_urb,mts_aggregate_total,2014,236.303
nam,sex_t,geo_cov_urb,mts_aggregate_total,2016,242.022
nam,sex_t,geo_cov_urb,mts_aggregate_total,2018,285.453
nam,sex_t,geo_cov_urb,mts_aggregate_x,2012,2.077
nam,sex_t,geo_cov_urb,mts_aggregate_x,2014,1.324
nam,sex_t,geo_cov_urb,mts_aggregate_x,2018,0.245
nam,sex_t,geo_cov_urb,mts_details_mrd,2010,24.149
nam,sex_t,geo_cov_urb,mts_details_mrd,2012,35.362
nam,sex_t,geo_cov_urb,mts_details_mrd,2013,33.236
nam,sex_t,geo_cov_urb,mts_details_mrd,2014,33.53
nam,sex_t,geo_cov_urb,mts_details_mrd,2016,38.953
nam,sex_t,geo_cov_urb,mts_details_mrd,2018,44.511
nam,sex_t,geo_cov_urb,mts_details_sep,2010,1.688
nam,sex_t,geo_cov_urb,mts_details_sep,2012,2.41
nam,sex_t,geo_cov_urb,mts_details_sep,2013,3.594
nam,sex_t,geo_cov_urb,mts_details_sep,2014,3.884
nam,sex_t,geo_cov_urb,mts_details_sep,2016,3.791
nam,sex_t,geo_cov_urb,mts_details_sep,2018,4.483
nam,sex_t,geo_cov_urb,mts_details_sgle,2010,114.269
nam,sex_t,geo_cov_urb,mts_details_sgle,2012,182.278
nam,sex_t,geo_cov_urb,mts_details_sgle,2013,148.45
nam,sex_t,geo_cov_urb,mts_details_sgle,2014,177.699
nam,sex_t,geo_cov_urb,mts_details_sgle,2016,177.926
nam,sex_t,geo_cov_urb,mts_details_sgle,2018,210.642
nam,sex_t,geo_cov_urb,mts_details_total,2010,157.968
nam,sex_t,geo_cov_urb,mts_details_total,2012,244.854
nam,sex_t,geo_cov_urb,mts_details_total,2013,205.689
nam,sex_t,geo_cov_urb,mts_details_total,2014,236.303
nam,sex_t,geo_cov_urb,mts_details_total,2016,242.022
nam,sex_t,geo_cov_urb,mts_details_total,2018,285.453
nam,sex_t,geo_cov_urb,mts_details_union,2010,9.324
nam,sex_t,geo_cov_urb,mts_details_union,2012,14.616
nam,sex_t,geo_cov_urb,mts_details_union,2013,12.294
nam,sex_t,geo_cov_urb,mts_details_union,2014,10.97
nam,sex_t,geo_cov_urb,mts_details_union,2016,11.355
nam,sex_t,geo_cov_urb,mts_details_union,2018,14.294
nam,sex_t,geo_cov_urb,mts_details_wid,2010,8.382
nam,sex_t,geo_cov_urb,mts_details_wid,2012,8.111
nam,sex_t,geo_cov_urb,mts_details_wid,2013,7.834
nam,sex_t,geo_cov_urb,mts_details_wid,2014,8.896
nam,sex_t,geo_cov_urb,mts_details_wid,2016,9.881
nam,sex_t,geo_cov_urb,mts_details_wid,2018,11.278
nam,sex_t,geo_cov_urb,mts_details_x,2012,2.077
nam,sex_t,geo_cov_urb,mts_details_x,2014,1.324
nam,sex_t,geo_cov_urb,mts_details_x,2018,0.245
ner,sex_f,geo_cov_nat,mts_aggregate_1,2011,429.702
ner,sex_f,geo_cov_nat,mts_aggregate_1,2014,512.361
ner,sex_f,geo_cov_nat,mts_aggregate_1,2017,776.428
ner,sex_f,geo_cov_nat,mts_aggregate_2,2011,839.92
ner,sex_f,geo_cov_nat,mts_aggregate_2,2014,1124.927
ner,sex_f,geo_cov_nat,mts_aggregate_2,2017,3161.936
ner,sex_f,geo_cov_nat,mts_aggregate_total,2011,1269.622
ner,sex_f,geo_cov_nat,mts_aggregate_total,2014,1697.892
ner,sex_f,geo_cov_nat,mts_aggregate_total,2017,3944.171
ner,sex_f,geo_cov_nat,mts_aggregate_x,2014,60.604
ner,sex_f,geo_cov_nat,mts_aggregate_x,2017,5.807
ner,sex_f,geo_cov_nat,mts_details_mrd,2011,839.92
ner,sex_f,geo_cov_nat,mts_details_mrd,2014,1124.927
ner,sex_f,geo_cov_nat,mts_details_mrd,2017,3161.936
ner,sex_f,geo_cov_nat,mts_details_sep,2011,34.767
ner,sex_f,geo_cov_nat,mts_details_sep,2014,38.203
ner,sex_f,geo_cov_nat,mts_details_sep,2017,70.914
ner,sex_f,geo_cov_nat,mts_details_sgle,2011,235.631
ner,sex_f,geo_cov_nat,mts_details_sgle,2014,268.006
ner,sex_f,geo_cov_nat,mts_details_sgle,2017,410.45
ner,sex_f,geo_cov_nat,mts_details_total,2011,1269.622
ner,sex_f,geo_cov_nat,mts_details_total,2014,1697.892
ner,sex_f,geo_cov_nat,mts_details_total,2017,3944.171
ner,sex_f,geo_cov_nat,mts_details_wid,2011,159.304
ner,sex_f,geo_cov_nat,mts_details_wid,2014,206.153
ner,sex_f,geo_cov_nat,mts_details_wid,2017,295.064
ner,sex_f,geo_cov_nat,mts_details_x,2014,60.604
ner,sex_f,geo_cov_nat,mts_details_x,2017,5.807
ner,sex_f,geo_cov_rur,mts_aggregate_1,2011,217.614
ner,sex_f,geo_cov_rur,mts_aggregate_1,2014,290.29
ner,sex_f,geo_cov_rur,mts_aggregate_1,2017,508.893
ner,sex_f,geo_cov_rur,mts_aggregate_2,2011,599.055
ner,sex_f,geo_cov_rur,mts_aggregate_2,2014,858.57
ner,sex_f,geo_cov_rur,mts_aggregate_2,2017,2756.756
ner,sex_f,geo_cov_rur,mts_aggregate_total,2011,816.669
ner,sex_f,geo_cov_rur,mts_aggregate_total,2014,1198.98
ner,sex_f,geo_cov_rur,mts_aggregate_total,2017,3270.83
ner,sex_f,geo_cov_rur,mts_aggregate_x,2014,50.12
ner,sex_f,geo_cov_rur,mts_aggregate_x,2017,5.181
ner,sex_f,geo_cov_rur,mts_details_mrd,2011,599.055
ner,sex_f,geo_cov_rur,mts_details_mrd,2014,858.57
ner,sex_f,geo_cov_rur,mts_details_mrd,2017,2756.756
ner,sex_f,geo_cov_rur,mts_details_sep,2011,14.672
ner,sex_f,geo_cov_rur,mts_details_sep,2014,21.813
ner,sex_f,geo_cov_rur,mts_details_sep,2017,48.355
ner,sex_f,geo_cov_rur,mts_details_sgle,2011,77.002
ner,sex_f,geo_cov_rur,mts_details_sgle,2014,107.518
ner,sex_f,geo_cov_rur,mts_details_sgle,2017,226.662
ner,sex_f,geo_cov_rur,mts_details_total,2011,816.669
ner,sex_f,geo_cov_rur,mts_details_total,2014,1198.98
ner,sex_f,geo_cov_rur,mts_details_total,2017,3270.83
ner,sex_f,geo_cov_rur,mts_details_wid,2011,125.94
ner,sex_f,geo_cov_rur,mts_details_wid,2014,160.96
ner,sex_f,geo_cov_rur,mts_details_wid,2017,233.876
ner,sex_f,geo_cov_rur,mts_details_x,2014,50.12
ner,sex_f,geo_cov_rur,mts_details_x,2017,5.181
ner,sex_f,geo_cov_urb,mts_aggregate_1,2011,212.088
ner,sex_f,geo_cov_urb,mts_aggregate_1,2014,222.071
ner,sex_f,geo_cov_urb,mts_aggregate_1,2017,267.535
ner,sex_f,geo_cov_urb,mts_aggregate_2,2011,240.865
ner,sex_f,geo_cov_urb,mts_aggregate_2,2014,266.357
ner,sex_f,geo_cov_urb,mts_aggregate_2,2017,405.18
ner,sex_f,geo_cov_urb,mts_aggregate_total,2011,452.953
ner,sex_f,geo_cov_urb,mts_aggregate_total,2014,498.911
ner,sex_f,geo_cov_urb,mts_aggregate_total,2017,673.341
ner,sex_f,geo_cov_urb,mts_aggregate_x,2014,10.484
ner,sex_f,geo_cov_urb,mts_details_mrd,2011,240.865
ner,sex_f,geo_cov_urb,mts_details_mrd,2014,266.357
ner,sex_f,geo_cov_urb,mts_details_mrd,2017,405.18
ner,sex_f,geo_cov_urb,mts_details_sep,2011,20.095
ner,sex_f,geo_cov_urb,mts_details_sep,2014,16.39
ner,sex_f,geo_cov_urb,mts_details_sep,2017,22.559
ner,sex_f,geo_cov_urb,mts_details_sgle,2011,158.629
ner,sex_f,geo_cov_urb,mts_details_sgle,2014,160.488
ner,sex_f,geo_cov_urb,mts_details_sgle,2017,183.788
ner,sex_f,geo_cov_urb,mts_details_total,2011,452.953
ner,sex_f,geo_cov_urb,mts_details_total,2014,498.911
ner,sex_f,geo_cov_urb,mts_details_total,2017,673.341
ner,sex_f,geo_cov_urb,mts_details_wid,2011,33.364
ner,sex_f,geo_cov_urb,mts_details_wid,2014,45.193
ner,sex_f,geo_cov_urb,mts_details_wid,2017,61.188
ner,sex_f,geo_cov_urb,mts_details_x,2014,10.484
ner,sex_m,geo_cov_nat,mts_aggregate_1,2011,230.726
ner,sex_m,geo_cov_nat,mts_aggregate_1,2014,323.768
ner,sex_m,geo_cov_nat,mts_aggregate_1,2017,872.876
ner,sex_m,geo_cov_nat,mts_aggregate_2,2011,95.293
ner,sex_m,geo_cov_nat,mts_aggregate_2,2014,157.551
ner,sex_m,geo_cov_nat,mts_aggregate_2,2017,1571.429
ner,sex_m,geo_cov_nat,mts_aggregate_total,2011,326.019
ner,sex_m,geo_cov_nat,mts_aggregate_total,2014,548.378
ner,sex_m,geo_cov_nat,mts_aggregate_total,2017,2452.589
ner,sex_m,geo_cov_nat,mts_aggregate_x,2014,67.058
ner,sex_m,geo_cov_nat,mts_aggregate_x,2017,8.284
ner,sex_m,geo_cov_nat,mts_details_mrd,2011,95.293
ner,sex_m,geo_cov_nat,mts_details_mrd,2014,157.551
ner,sex_m,geo_cov_nat,mts_details_mrd,2017,1571.429
ner,sex_m,geo_cov_nat,mts_details_sep,2011,2.577
ner,sex_m,geo_cov_nat,mts_details_sep,2014,5.608
ner,sex_m,geo_cov_nat,mts_details_sep,2017,19.671
ner,sex_m,geo_cov_nat,mts_details_sgle,2011,215.494
ner,sex_m,geo_cov_nat,mts_details_sgle,2014,304.773
ner,sex_m,geo_cov_nat,mts_details_sgle,2017,821.243
ner,sex_m,geo_cov_nat,mts_details_total,2011,326.019
ner,sex_m,geo_cov_nat,mts_details_total,2014,548.378
ner,sex_m,geo_cov_nat,mts_details_total,2017,2452.589
ner,sex_m,geo_cov_nat,mts_details_wid,2011,12.655
ner,sex_m,geo_cov_nat,mts_details_wid,2014,13.388
ner,sex_m,geo_cov_nat,mts_details_wid,2017,31.962
ner,sex_m,geo_cov_nat,mts_details_x,2014,67.058
ner,sex_m,geo_cov_nat,mts_details_x,2017,8.284
ner,sex_m,geo_cov_rur,mts_aggregate_1,2011,61.126
ner,sex_m,geo_cov_rur,mts_aggregate_1,2014,134.003
ner,sex_m,geo_cov_rur,mts_aggregate_1,2017,654.116
ner,sex_m,geo_cov_rur,mts_aggregate_2,2011,70.007
ner,sex_m,geo_cov_rur,mts_aggregate_2,2014,122.907
ner,sex_m,geo_cov_rur,mts_aggregate_2,2017,1452.729
ner,sex_m,geo_cov_rur,mts_aggregate_total,2011,131.133
ner,sex_m,geo_cov_rur,mts_aggregate_total,2014,310.78
ner,sex_m,geo_cov_rur,mts_aggregate_total,2017,2113.598
ner,sex_m,geo_cov_rur,mts_aggregate_x,2014,53.87
ner,sex_m,geo_cov_rur,mts_aggregate_x,2017,6.753
ner,sex_m,geo_cov_rur,mts_details_mrd,2011,70.007
ner,sex_m,geo_cov_rur,mts_details_mrd,2014,122.907
ner,sex_m,geo_cov_rur,mts_details_mrd,2017,1452.729
ner,sex_m,geo_cov_rur,mts_details_sep,2011,2.044
ner,sex_m,geo_cov_rur,mts_details_sep,2017,16.288
ner,sex_m,geo_cov_rur,mts_details_sgle,2011,48.551
ner,sex_m,geo_cov_rur,mts_details_sgle,2014,119.469
ner,sex_m,geo_cov_rur,mts_details_sgle,2017,611.404
ner,sex_m,geo_cov_rur,mts_details_total,2011,131.133
ner,sex_m,geo_cov_rur,mts_details_total,2014,310.78
ner,sex_m,geo_cov_rur,mts_details_total,2017,2113.598
ner,sex_m,geo_cov_rur,mts_details_wid,2011,10.531
ner,sex_m,geo_cov_rur,mts_details_wid,2014,9.746
ner,sex_m,geo_cov_rur,mts_details_wid,2017,26.424
ner,sex_m,geo_cov_rur,mts_details_x,2014,53.87
ner,sex_m,geo_cov_rur,mts_details_x,2017,6.753
ner,sex_m,geo_cov_urb,mts_aggregate_1,2011,169.6
ner,sex_m,geo_cov_urb,mts_aggregate_1,2014,189.766
ner,sex_m,geo_cov_urb,mts_aggregate_1,2017,218.76
ner,sex_m,geo_cov_urb,mts_aggregate_2,2011,25.286
ner,sex_m,geo_cov_urb,mts_aggregate_2,2014,34.644
ner,sex_m,geo_cov_urb,mts_aggregate_2,2017,118.7
ner,sex_m,geo_cov_urb,mts_aggregate_total,2011,194.886
ner,sex_m,geo_cov_urb,mts_aggregate_total,2014,237.598
ner,sex_m,geo_cov_urb,mts_aggregate_total,2017,338.991
ner,sex_m,geo_cov_urb,mts_aggregate_x,2014,13.188
ner,sex_m,geo_cov_urb,mts_details_mrd,2011,25.286
ner,sex_m,geo_cov_urb,mts_details_mrd,2014,34.644
ner,sex_m,geo_cov_urb,mts_details_mrd,2017,118.7
ner,sex_m,geo_cov_urb,mts_details_sep,2011,0.533
ner,sex_m,geo_cov_urb,mts_details_sep,2017,3.383
ner,sex_m,geo_cov_urb,mts_details_sgle,2011,166.943
ner,sex_m,geo_cov_urb,mts_details_sgle,2014,185.304
ner,sex_m,geo_cov_urb,mts_details_sgle,2017,209.839
ner,sex_m,geo_cov_urb,mts_details_total,2011,194.886
ner,sex_m,geo_cov_urb,mts_details_total,2014,237.598
ner,sex_m,geo_cov_urb,mts_details_total,2017,338.991
ner,sex_m,geo_cov_urb,mts_details_wid,2011,2.124
ner,sex_m,geo_cov_urb,mts_details_wid,2014,3.642
ner,sex_m,geo_cov_urb,mts_details_wid,2017,5.538
ner,sex_m,geo_cov_urb,mts_details_x,2014,13.188
ner,sex_t,geo_cov_nat,mts_aggregate_1,2011,660.428
ner,sex_t,geo_cov_nat,mts_aggregate_1,2014,836.13
ner,sex_t,geo_cov_nat,mts_aggregate_1,2017,1649.304
ner,sex_t,geo_cov_nat,mts_aggregate_2,2011,935.213
ner,sex_t,geo_cov_nat,mts_aggregate_2,2014,1282.478
ner,sex_t,geo_cov_nat,mts_aggregate_2,2017,4733.365
ner,sex_t,geo_cov_nat,mts_aggregate_total,2011,1595.641
ner,sex_t,geo_cov_nat,mts_aggregate_total,2014,2246.27
ner,sex_t,geo_cov_nat,mts_aggregate_total,2017,6396.76
ner,sex_t,geo_cov_nat,mts_aggregate_x,2014,127.662
ner,sex_t,geo_cov_nat,mts_aggregate_x,2017,14.091
ner,sex_t,geo_cov_nat,mts_details_mrd,2011,935.213
ner,sex_t,geo_cov_nat,mts_details_mrd,2014,1282.478
ner,sex_t,geo_cov_nat,mts_details_mrd,2017,4733.365
ner,sex_t,geo_cov_nat,mts_details_sep,2011,37.344
ner,sex_t,geo_cov_nat,mts_details_sep,2014,43.81
ner,sex_t,geo_cov_nat,mts_details_sep,2017,90.585
ner,sex_t,geo_cov_nat,mts_details_sgle,2011,451.125
ner,sex_t,geo_cov_nat,mts_details_sgle,2014,572.779
ner,sex_t,geo_cov_nat,mts_details_sgle,2017,1231.693
ner,sex_t,geo_cov_nat,mts_details_total,2011,1595.641
ner,sex_t,geo_cov_nat,mts_details_total,2014,2246.27
ner,sex_t,geo_cov_nat,mts_details_total,2017,6396.76
ner,sex_t,geo_cov_nat,mts_details_wid,2011,171.959
ner,sex_t,geo_cov_nat,mts_details_wid,2014,219.541
ner,sex_t,geo_cov_nat,mts_details_wid,2017,327.026
ner,sex_t,geo_cov_nat,mts_details_x,2014,127.662
ner,sex_t,geo_cov_nat,mts_details_x,2017,14.091
ner,sex_t,geo_cov_rur,mts_aggregate_1,2011,278.74
ner,sex_t,geo_cov_rur,mts_aggregate_1,2014,424.293
ner,sex_t,geo_cov_rur,mts_aggregate_1,2017,1163.009
ner,sex_t,geo_cov_rur,mts_aggregate_2,2011,669.062
ner,sex_t,geo_cov_rur,mts_aggregate_2,2014,981.477
ner,sex_t,geo_cov_rur,mts_aggregate_2,2017,4209.485
ner,sex_t,geo_cov_rur,mts_aggregate_total,2011,947.802
ner,sex_t,geo_cov_rur,mts_aggregate_total,2014,1509.76
ner,sex_t,geo_cov_rur,mts_aggregate_total,2017,5384.428
ner,sex_t,geo_cov_rur,mts_aggregate_x,2014,103.99
ner,sex_t,geo_cov_rur,mts_aggregate_x,2017,11.934
ner,sex_t,geo_cov_rur,mts_details_mrd,2011,669.062
ner,sex_t,geo_cov_rur,mts_details_mrd,2014,981.477
ner,sex_t,geo_cov_rur,mts_details_mrd,2017,4209.485
ner,sex_t,geo_cov_rur,mts_details_sep,2011,16.716
ner,sex_t,geo_cov_rur,mts_details_sep,2014,26.6
ner,sex_t,geo_cov_rur,mts_details_sep,2017,64.643
ner,sex_t,geo_cov_rur,mts_details_sgle,2011,125.553
ner,sex_t,geo_cov_rur,mts_details_sgle,2014,226.987
ner,sex_t,geo_cov_rur,mts_details_sgle,2017,838.066
ner,sex_t,geo_cov_rur,mts_details_total,2011,947.802
ner,sex_t,geo_cov_rur,mts_details_total,2014,1509.76
ner,sex_t,geo_cov_rur,mts_details_total,2017,5384.428
ner,sex_t,geo_cov_rur,mts_details_wid,2011,136.471
ner,sex_t,geo_cov_rur,mts_details_wid,2014,170.706
ner,sex_t,geo_cov_rur,mts_details_wid,2017,260.3
ner,sex_t,geo_cov_rur,mts_details_x,2014,103.99
ner,sex_t,geo_cov_rur,mts_details_x,2017,11.934
ner,sex_t,geo_cov_urb,mts_aggregate_1,2011,381.688
ner,sex_t,geo_cov_urb,mts_aggregate_1,2014,411.836
ner,sex_t,geo_cov_urb,mts_aggregate_1,2017,486.295
ner,sex_t,geo_cov_urb,mts_aggregate_2,2011,266.151
ner,sex_t,geo_cov_urb,mts_aggregate_2,2014,301.001
ner,sex_t,geo_cov_urb,mts_aggregate_2,2017,523.88
ner,sex_t,geo_cov_urb,mts_aggregate_total,2011,647.839
ner,sex_t,geo_cov_urb,mts_aggregate_total,2014,736.51
ner,sex_t,geo_cov_urb,mts_aggregate_total,2017,1012.332
ner,sex_t,geo_cov_urb,mts_aggregate_x,2014,23.672
ner,sex_t,geo_cov_urb,mts_aggregate_x,2017,2.157
ner,sex_t,geo_cov_urb,mts_details_mrd,2011,266.151
ner,sex_t,geo_cov_urb,mts_details_mrd,2014,301.001
ner,sex_t,geo_cov_urb,mts_details_mrd,2017,523.88
ner,sex_t,geo_cov_urb,mts_details_sep,2011,20.628
ner,sex_t,geo_cov_urb,mts_details_sep,2014,17.21
ner,sex_t,geo_cov_urb,mts_details_sep,2017,25.942
ner,sex_t,geo_cov_urb,mts_details_sgle,2011,325.572
ner,sex_t,geo_cov_urb,mts_details_sgle,2014,345.791
ner,sex_t,geo_cov_urb,mts_details_sgle,2017,393.627
ner,sex_t,geo_cov_urb,mts_details_total,2011,647.839
ner,sex_t,geo_cov_urb,mts_details_total,2014,736.51
ner,sex_t,geo_cov_urb,mts_details_total,2017,1012.332
ner,sex_t,geo_cov_urb,mts_details_wid,2011,35.488
ner,sex_t,geo_cov_urb,mts_details_wid,2014,48.835
ner,sex_t,geo_cov_urb,mts_details_wid,2017,66.726
ner,sex_t,geo_cov_urb,mts_details_x,2014,23.672
ner,sex_t,geo_cov_urb,mts_details_x,2017,2.157
nga,sex_f,geo_cov_nat,mts_aggregate_1,2011,10918.113
nga,sex_f,geo_cov_nat,mts_aggregate_1,2013,15971.933
nga,sex_f,geo_cov_nat,mts_aggregate_1,2016,6425.62
nga,sex_f,geo_cov_nat,mts_aggregate_1,2019,13484.732
nga,sex_f,geo_cov_nat,mts_aggregate_2,2011,10177.457
nga,sex_f,geo_cov_nat,mts_aggregate_2,2013,11291.504
nga,sex_f,geo_cov_nat,mts_aggregate_2,2016,7857.554
nga,sex_f,geo_cov_nat,mts_aggregate_2,2019,16540.729
nga,sex_f,geo_cov_nat,mts_aggregate_total,2011,21115.135
nga,sex_f,geo_cov_nat,mts_aggregate_total,2013,27683.44
nga,sex_f,geo_cov_nat,mts_aggregate_total,2016,27916.674
nga,sex_f,geo_cov_nat,mts_aggregate_total,2019,30066.453
nga,sex_f,geo_cov_nat,mts_aggregate_x,2011,19.565
nga,sex_f,geo_cov_nat,mts_aggregate_x,2013,420.002
nga,sex_f,geo_cov_nat,mts_aggregate_x,2016,13633.501
nga,sex_f,geo_cov_nat,mts_aggregate_x,2019,40.992
nga,sex_f,geo_cov_nat,mts_details_mrd,2011,10082.938
nga,sex_f,geo_cov_nat,mts_details_mrd,2013,11221.218
nga,sex_f,geo_cov_nat,mts_details_mrd,2016,7839.733
nga,sex_f,geo_cov_nat,mts_details_mrd,2019,16540.729
nga,sex_f,geo_cov_nat,mts_details_sep,2011,291.002
nga,sex_f,geo_cov_nat,mts_details_sep,2013,473.846
nga,sex_f,geo_cov_nat,mts_details_sep,2016,129.675
nga,sex_f,geo_cov_nat,mts_details_sep,2019,227.31
nga,sex_f,geo_cov_nat,mts_details_sgle,2011,9066.985
nga,sex_f,geo_cov_nat,mts_details_sgle,2013,13248.252
nga,sex_f,geo_cov_nat,mts_details_sgle,2016,4247.897
nga,sex_f,geo_cov_nat,mts_details_sgle,2019,10994.452
nga,sex_f,geo_cov_nat,mts_details_total,2011,21115.135
nga,sex_f,geo_cov_nat,mts_details_total,2013,27683.44
nga,sex_f,geo_cov_nat,mts_details_total,2016,27916.674
nga,sex_f,geo_cov_nat,mts_details_total,2019,30066.453
nga,sex_f,geo_cov_nat,mts_details_union,2011,94.519
nga,sex_f,geo_cov_nat,mts_details_union,2013,70.286
nga,sex_f,geo_cov_nat,mts_details_wid,2011,1560.126
nga,sex_f,geo_cov_nat,mts_details_wid,2013,2249.836
nga,sex_f,geo_cov_nat,mts_details_wid,2016,2048.048
nga,sex_f,geo_cov_nat,mts_details_wid,2019,2262.969
nga,sex_f,geo_cov_nat,mts_details_x,2011,19.565
nga,sex_f,geo_cov_nat,mts_details_x,2013,420.002
nga,sex_f,geo_cov_nat,mts_details_x,2016,13633.501
nga,sex_f,geo_cov_nat,mts_details_x,2019,40.992
nga,sex_f,geo_cov_rur,mts_aggregate_1,2011,5312.599
nga,sex_f,geo_cov_rur,mts_aggregate_1,2013,8676.902
nga,sex_f,geo_cov_rur,mts_aggregate_1,2016,3684.34
nga,sex_f,geo_cov_rur,mts_aggregate_1,2019,7542.359
nga,sex_f,geo_cov_rur,mts_aggregate_2,2011,7083.439
nga,sex_f,geo_cov_rur,mts_aggregate_2,2013,8312.081
nga,sex_f,geo_cov_rur,mts_aggregate_2,2016,5880.821
nga,sex_f,geo_cov_rur,mts_aggregate_2,2019,12224.929
nga,sex_f,geo_cov_rur,mts_aggregate_total,2011,12415.603
nga,sex_f,geo_cov_rur,mts_aggregate_total,2013,17257.412
nga,sex_f,geo_cov_rur,mts_aggregate_total,2016,16846.778
nga,sex_f,geo_cov_rur,mts_aggregate_total,2019,19782.09
nga,sex_f,geo_cov_rur,mts_aggregate_x,2011,19.565
nga,sex_f,geo_cov_rur,mts_aggregate_x,2013,268.43
nga,sex_f,geo_cov_rur,mts_aggregate_x,2016,7281.617
nga,sex_f,geo_cov_rur,mts_aggregate_x,2019,14.802
nga,sex_f,geo_cov_rur,mts_details_mrd,2011,7058.461
nga,sex_f,geo_cov_rur,mts_details_mrd,2013,8259.695
nga,sex_f,geo_cov_rur,mts_details_mrd,2016,5869.375
nga,sex_f,geo_cov_rur,mts_details_mrd,2019,12224.929
nga,sex_f,geo_cov_rur,mts_details_sep,2011,132.596
nga,sex_f,geo_cov_rur,mts_details_sep,2013,304.528
nga,sex_f,geo_cov_rur,mts_details_sep,2016,64.666
nga,sex_f,geo_cov_rur,mts_details_sep,2019,130.293
nga,sex_f,geo_cov_rur,mts_details_sgle,2011,4114.972
nga,sex_f,geo_cov_rur,mts_details_sgle,2013,7002.417
nga,sex_f,geo_cov_rur,mts_details_sgle,2016,2351.433
nga,sex_f,geo_cov_rur,mts_details_sgle,2019,6058.42
nga,sex_f,geo_cov_rur,mts_details_total,2011,12415.603
nga,sex_f,geo_cov_rur,mts_details_total,2013,17257.412
nga,sex_f,geo_cov_rur,mts_details_total,2016,16846.778
nga,sex_f,geo_cov_rur,mts_details_total,2019,19782.09
nga,sex_f,geo_cov_rur,mts_details_union,2011,24.979
nga,sex_f,geo_cov_rur,mts_details_union,2013,52.386
nga,sex_f,geo_cov_rur,mts_details_wid,2011,1065.032
nga,sex_f,geo_cov_rur,mts_details_wid,2013,1369.956
nga,sex_f,geo_cov_rur,mts_details_wid,2016,1268.241
nga,sex_f,geo_cov_rur,mts_details_wid,2019,1353.646
nga,sex_f,geo_cov_rur,mts_details_x,2011,19.565
nga,sex_f,geo_cov_rur,mts_details_x,2013,268.43
nga,sex_f,geo_cov_rur,mts_details_x,2016,7281.617
nga,sex_f,geo_cov_rur,mts_details_x,2019,14.802
nga,sex_f,geo_cov_urb,mts_aggregate_1,2011,5605.514
nga,sex_f,geo_cov_urb,mts_aggregate_1,2013,7295.031
nga,sex_f,geo_cov_urb,mts_aggregate_1,2016,2741.28
nga,sex_f,geo_cov_urb,mts_aggregate_1,2019,5942.373
nga,sex_f,geo_cov_urb,mts_aggregate_2,2011,3094.018
nga,sex_f,geo_cov_urb,mts_aggregate_2,2013,2979.424
nga,sex_f,geo_cov_urb,mts_aggregate_2,2016,1976.732
nga,sex_f,geo_cov_urb,mts_aggregate_2,2019,4315.8
nga,sex_f,geo_cov_urb,mts_aggregate_total,2011,8699.532
nga,sex_f,geo_cov_urb,mts_aggregate_total,2013,10426.028
nga,sex_f,geo_cov_urb,mts_aggregate_total,2016,11069.896
nga,sex_f,geo_cov_urb,mts_aggregate_total,2019,10284.363
nga,sex_f,geo_cov_urb,mts_aggregate_x,2013,151.573
nga,sex_f,geo_cov_urb,mts_aggregate_x,2016,6351.884
nga,sex_f,geo_cov_urb,mts_aggregate_x,2019,26.19
nga,sex_f,geo_cov_urb,mts_details_mrd,2011,3024.478
nga,sex_f,geo_cov_urb,mts_details_mrd,2013,2961.524
nga,sex_f,geo_cov_urb,mts_details_mrd,2016,1970.358
nga,sex_f,geo_cov_urb,mts_details_mrd,2019,4315.8
nga,sex_f,geo_cov_urb,mts_details_sep,2011,158.407
nga,sex_f,geo_cov_urb,mts_details_sep,2013,169.318
nga,sex_f,geo_cov_urb,mts_details_sep,2016,65.009
nga,sex_f,geo_cov_urb,mts_details_sep,2019,97.017
nga,sex_f,geo_cov_urb,mts_details_sgle,2011,4952.013
nga,sex_f,geo_cov_urb,mts_details_sgle,2013,6245.834
nga,sex_f,geo_cov_urb,mts_details_sgle,2016,1896.464
nga,sex_f,geo_cov_urb,mts_details_sgle,2019,4936.032
nga,sex_f,geo_cov_urb,mts_details_total,2011,8699.532
nga,sex_f,geo_cov_urb,mts_details_total,2013,10426.028
nga,sex_f,geo_cov_urb,mts_details_total,2016,11069.896
nga,sex_f,geo_cov_urb,mts_details_total,2019,10284.363
nga,sex_f,geo_cov_urb,mts_details_union,2011,69.541
nga,sex_f,geo_cov_urb,mts_details_wid,2011,495.094
nga,sex_f,geo_cov_urb,mts_details_wid,2013,879.879
nga,sex_f,geo_cov_urb,mts_details_wid,2016,779.807
nga,sex_f,geo_cov_urb,mts_details_wid,2019,909.324
nga,sex_f,geo_cov_urb,mts_details_x,2013,151.573
nga,sex_f,geo_cov_urb,mts_details_x,2016,6351.884
nga,sex_f,geo_cov_urb,mts_details_x,2019,26.19
nga,sex_m,geo_cov_nat,mts_aggregate_1,2011,12675.458
nga,sex_m,geo_cov_nat,mts_aggregate_1,2013,17521.097
nga,sex_m,geo_cov_nat,mts_aggregate_1,2016,6176.717
nga,sex_m,geo_cov_nat,mts_aggregate_1,2019,15842.684
nga,sex_m,geo_cov_nat,mts_aggregate_2,2011,3523.068
nga,sex_m,geo_cov_nat,mts_aggregate_2,2013,3641.079
nga,sex_m,geo_cov_nat,mts_aggregate_2,2016,2588.964
nga,sex_m,geo_cov_nat,mts_aggregate_2,2019,5295.07
nga,sex_m,geo_cov_nat,mts_aggregate_total,2011,16198.526
nga,sex_m,geo_cov_nat,mts_aggregate_total,2013,21457.35
nga,sex_m,geo_cov_nat,mts_aggregate_total,2016,21188.18
nga,sex_m,geo_cov_nat,mts_aggregate_total,2019,21181.911
nga,sex_m,geo_cov_nat,mts_aggregate_x,2013,295.174
nga,sex_m,geo_cov_nat,mts_aggregate_x,2016,12422.499
nga,sex_m,geo_cov_nat,mts_aggregate_x,2019,44.157
nga,sex_m,geo_cov_nat,mts_details_mrd,2011,3498.488
nga,sex_m,geo_cov_nat,mts_details_mrd,2013,3627.229
nga,sex_m,geo_cov_nat,mts_details_mrd,2016,2588.964
nga,sex_m,geo_cov_nat,mts_details_mrd,2019,5295.07
nga,sex_m,geo_cov_nat,mts_details_sep,2011,104.658
nga,sex_m,geo_cov_nat,mts_details_sep,2013,111.443
nga,sex_m,geo_cov_nat,mts_details_sep,2016,94.524
nga,sex_m,geo_cov_nat,mts_details_sep,2019,167.035
nga,sex_m,geo_cov_nat,mts_details_sgle,2011,12346.055
nga,sex_m,geo_cov_nat,mts_details_sgle,2013,17047.899
nga,sex_m,geo_cov_nat,mts_details_sgle,2016,5828.277
nga,sex_m,geo_cov_nat,mts_details_sgle,2019,15360.528
nga,sex_m,geo_cov_nat,mts_details_total,2011,16198.526
nga,sex_m,geo_cov_nat,mts_details_total,2013,21457.35
nga,sex_m,geo_cov_nat,mts_details_total,2016,21188.18
nga,sex_m,geo_cov_nat,mts_details_total,2019,21181.911
nga,sex_m,geo_cov_nat,mts_details_union,2011,24.58
nga,sex_m,geo_cov_nat,mts_details_wid,2011,224.745
nga,sex_m,geo_cov_nat,mts_details_wid,2013,361.755
nga,sex_m,geo_cov_nat,mts_details_wid,2016,253.916
nga,sex_m,geo_cov_nat,mts_details_wid,2019,315.121
nga,sex_m,geo_cov_nat,mts_details_x,2013,295.174
nga,sex_m,geo_cov_nat,mts_details_x,2016,12422.499
nga,sex_m,geo_cov_nat,mts_details_x,2019,44.157
nga,sex_m,geo_cov_rur,mts_aggregate_1,2011,7217.455
nga,sex_m,geo_cov_rur,mts_aggregate_1,2013,10440.484
nga,sex_m,geo_cov_rur,mts_aggregate_1,2016,3614.898
nga,sex_m,geo_cov_rur,mts_aggregate_1,2019,9283.955
nga,sex_m,geo_cov_rur,mts_aggregate_2,2011,2082.124
nga,sex_m,geo_cov_rur,mts_aggregate_2,2013,2273.076
nga,sex_m,geo_cov_rur,mts_aggregate_2,2016,1531.419
nga,sex_m,geo_cov_rur,mts_aggregate_2,2019,3283.137
nga,sex_m,geo_cov_rur,mts_aggregate_total,2011,9299.579
nga,sex_m,geo_cov_rur,mts_aggregate_total,2013,12892.757
nga,sex_m,geo_cov_rur,mts_aggregate_total,2016,12178.821
nga,sex_m,geo_cov_rur,mts_aggregate_total,2019,12591.336
nga,sex_m,geo_cov_rur,mts_aggregate_x,2013,179.196
nga,sex_m,geo_cov_rur,mts_aggregate_x,2016,7032.505
nga,sex_m,geo_cov_rur,mts_aggregate_x,2019,24.245
nga,sex_m,geo_cov_rur,mts_details_mrd,2011,2082.124
nga,sex_m,geo_cov_rur,mts_details_mrd,2013,2259.226
nga,sex_m,geo_cov_rur,mts_details_mrd,2016,1531.419
nga,sex_m,geo_cov_rur,mts_details_mrd,2019,3283.137
nga,sex_m,geo_cov_rur,mts_details_sep,2011,60.488
nga,sex_m,geo_cov_rur,mts_details_sep,2013,82.024
nga,sex_m,geo_cov_rur,mts_details_sep,2016,72.881
nga,sex_m,geo_cov_rur,mts_details_sep,2019,74.867
nga,sex_m,geo_cov_rur,mts_details_sgle,2011,7022.51
nga,sex_m,geo_cov_rur,mts_details_sgle,2013,10158.706
nga,sex_m,geo_cov_rur,mts_details_sgle,2016,3402.481
nga,sex_m,geo_cov_rur,mts_details_sgle,2019,9051.317
nga,sex_m,geo_cov_rur,mts_details_total,2011,9299.579
nga,sex_m,geo_cov_rur,mts_details_total,2013,12892.757
nga,sex_m,geo_cov_rur,mts_details_total,2016,12178.821
nga,sex_m,geo_cov_rur,mts_details_total,2019,12591.336
nga,sex_m,geo_cov_rur,mts_details_wid,2011,134.458
nga,sex_m,geo_cov_rur,mts_details_wid,2013,199.754
nga,sex_m,geo_cov_rur,mts_details_wid,2016,139.536
nga,sex_m,geo_cov_rur,mts_details_wid,2019,157.771
nga,sex_m,geo_cov_rur,mts_details_x,2013,179.196
nga,sex_m,geo_cov_rur,mts_details_x,2016,7032.505
nga,sex_m,geo_cov_rur,mts_details_x,2019,24.245
nga,sex_m,geo_cov_urb,mts_aggregate_1,2011,5458.002
nga,sex_m,geo_cov_urb,mts_aggregate_1,2013,7080.612
nga,sex_m,geo_cov_urb,mts_aggregate_1,2016,2561.819
nga,sex_m,geo_cov_urb,mts_aggregate_1,2019,6558.729
nga,sex_m,geo_cov_urb,mts_aggregate_2,2011,1440.944
nga,sex_m,geo_cov_urb,mts_aggregate_2,2013,1368.003
nga,sex_m,geo_cov_urb,mts_aggregate_2,2016,1057.545
nga,sex_m,geo_cov_urb,mts_aggregate_2,2019,2011.933
nga,sex_m,geo_cov_urb,mts_aggregate_total,2011,6898.947
nga,sex_m,geo_cov_urb,mts_aggregate_total,2013,8564.593
nga,sex_m,geo_cov_urb,mts_aggregate_total,2016,9009.358
nga,sex_m,geo_cov_urb,mts_aggregate_total,2019,8590.575
nga,sex_m,geo_cov_urb,mts_aggregate_x,2013,115.978
nga,sex_m,geo_cov_urb,mts_aggregate_x,2016,5389.994
nga,sex_m,geo_cov_urb,mts_aggregate_x,2019,19.912
nga,sex_m,geo_cov_urb,mts_details_mrd,2011,1416.364
nga,sex_m,geo_cov_urb,mts_details_mrd,2013,1368.003
nga,sex_m,geo_cov_urb,mts_details_mrd,2016,1057.545
nga,sex_m,geo_cov_urb,mts_details_mrd,2019,2011.933
nga,sex_m,geo_cov_urb,mts_details_sep,2011,44.17
nga,sex_m,geo_cov_urb,mts_details_sep,2013,29.419
nga,sex_m,geo_cov_urb,mts_details_sep,2019,92.169
nga,sex_m,geo_cov_urb,mts_details_sgle,2011,5323.545
nga,sex_m,geo_cov_urb,mts_details_sgle,2013,6889.193
nga,sex_m,geo_cov_urb,mts_details_sgle,2016,2425.796
nga,sex_m,geo_cov_urb,mts_details_sgle,2019,6309.211
nga,sex_m,geo_cov_urb,mts_details_total,2011,6898.947
nga,sex_m,geo_cov_urb,mts_details_total,2013,8564.593
nga,sex_m,geo_cov_urb,mts_details_total,2016,9009.358
nga,sex_m,geo_cov_urb,mts_details_total,2019,8590.575
nga,sex_m,geo_cov_urb,mts_details_union,2011,24.58
nga,sex_m,geo_cov_urb,mts_details_wid,2011,90.287
nga,sex_m,geo_cov_urb,mts_details_wid,2013,162.001
nga,sex_m,geo_cov_urb,mts_details_wid,2016,114.38
nga,sex_m,geo_cov_urb,mts_details_wid,2019,157.35
nga,sex_m,geo_cov_urb,mts_details_x,2013,115.978
nga,sex_m,geo_cov_urb,mts_details_x,2016,5389.994
nga,sex_m,geo_cov_urb,mts_details_x,2019,19.912
nga,sex_t,geo_cov_nat,mts_aggregate_1,2011,23593.571
nga,sex_t,geo_cov_nat,mts_aggregate_1,2013,33493.03
nga,sex_t,geo_cov_nat,mts_aggregate_1,2016,12602.337
nga,sex_t,geo_cov_nat,mts_aggregate_1,2019,29327.416
nga,sex_t,geo_cov_nat,mts_aggregate_2,2011,13700.525
nga,sex_t,geo_cov_nat,mts_aggregate_2,2013,14932.583
nga,sex_t,geo_cov_nat,mts_aggregate_2,2016,10446.517
nga,sex_t,geo_cov_nat,mts_aggregate_2,2019,21835.799
nga,sex_t,geo_cov_nat,mts_aggregate_total,2011,37313.661
nga,sex_t,geo_cov_nat,mts_aggregate_total,2013,49140.79
nga,sex_t,geo_cov_nat,mts_aggregate_total,2016,49104.854
nga,sex_t,geo_cov_nat,mts_aggregate_total,2019,51248.363
nga,sex_t,geo_cov_nat,mts_aggregate_x,2011,19.565
nga,sex_t,geo_cov_nat,mts_aggregate_x,2013,715.177
nga,sex_t,geo_cov_nat,mts_aggregate_x,2016,26056
nga,sex_t,geo_cov_nat,mts_aggregate_x,2019,85.149
nga,sex_t,geo_cov_nat,mts_details_mrd,2011,13581.426
nga,sex_t,geo_cov_nat,mts_details_mrd,2013,14848.447
nga,sex_t,geo_cov_nat,mts_details_mrd,2016,10428.697
nga,sex_t,geo_cov_nat,mts_details_mrd,2019,21835.799
nga,sex_t,geo_cov_nat,mts_details_sep,2011,395.66
nga,sex_t,geo_cov_nat,mts_details_sep,2013,585.289
nga,sex_t,geo_cov_nat,mts_details_sep,2016,224.199
nga,sex_t,geo_cov_nat,mts_details_sep,2019,394.346
nga,sex_t,geo_cov_nat,mts_details_sgle,2011,21413.04
nga,sex_t,geo_cov_nat,mts_details_sgle,2013,30296.15
nga,sex_t,geo_cov_nat,mts_details_sgle,2016,10076.174
nga,sex_t,geo_cov_nat,mts_details_sgle,2019,26354.98
nga,sex_t,geo_cov_nat,mts_details_total,2011,37313.661
nga,sex_t,geo_cov_nat,mts_details_total,2013,49140.79
nga,sex_t,geo_cov_nat,mts_details_total,2016,49104.854
nga,sex_t,geo_cov_nat,mts_details_total,2019,51248.363
nga,sex_t,geo_cov_nat,mts_details_union,2011,119.099
nga,sex_t,geo_cov_nat,mts_details_union,2013,84.136
nga,sex_t,geo_cov_nat,mts_details_wid,2011,1784.871
nga,sex_t,geo_cov_nat,mts_details_wid,2013,2611.59
nga,sex_t,geo_cov_nat,mts_details_wid,2016,2301.964
nga,sex_t,geo_cov_nat,mts_details_wid,2019,2578.09
nga,sex_t,geo_cov_nat,mts_details_x,2011,19.565
nga,sex_t,geo_cov_nat,mts_details_x,2013,715.177
nga,sex_t,geo_cov_nat,mts_details_x,2016,26056
nga,sex_t,geo_cov_nat,mts_details_x,2019,85.149
nga,sex_t,geo_cov_rur,mts_aggregate_1,2011,12530.054
nga,sex_t,geo_cov_rur,mts_aggregate_1,2013,19117.386
nga,sex_t,geo_cov_rur,mts_aggregate_1,2016,7299.238
nga,sex_t,geo_cov_rur,mts_aggregate_1,2019,16826.314
nga,sex_t,geo_cov_rur,mts_aggregate_2,2011,9165.563
nga,sex_t,geo_cov_rur,mts_aggregate_2,2013,10585.157
nga,sex_t,geo_cov_rur,mts_aggregate_2,2016,7412.24
nga,sex_t,geo_cov_rur,mts_aggregate_2,2019,15508.066
nga,sex_t,geo_cov_rur,mts_aggregate_total,2011,21715.182
nga,sex_t,geo_cov_rur,mts_aggregate_total,2013,30150.169
nga,sex_t,geo_cov_rur,mts_aggregate_total,2016,29025.6
nga,sex_t,geo_cov_rur,mts_aggregate_total,2019,32373.426
nga,sex_t,geo_cov_rur,mts_aggregate_x,2011,19.565
nga,sex_t,geo_cov_rur,mts_aggregate_x,2013,447.626
nga,sex_t,geo_cov_rur,mts_aggregate_x,2016,14314.122
nga,sex_t,geo_cov_rur,mts_aggregate_x,2019,39.047
nga,sex_t,geo_cov_rur,mts_details_mrd,2011,9140.584
nga,sex_t,geo_cov_rur,mts_details_mrd,2013,10518.921
nga,sex_t,geo_cov_rur,mts_details_mrd,2016,7400.794
nga,sex_t,geo_cov_rur,mts_details_mrd,2019,15508.066
nga,sex_t,geo_cov_rur,mts_details_sep,2011,193.083
nga,sex_t,geo_cov_rur,mts_details_sep,2013,386.553
nga,sex_t,geo_cov_rur,mts_details_sep,2016,137.547
nga,sex_t,geo_cov_rur,mts_details_sep,2019,205.16
nga,sex_t,geo_cov_rur,mts_details_sgle,2011,11137.482
nga,sex_t,geo_cov_rur,mts_details_sgle,2013,17161.123
nga,sex_t,geo_cov_rur,mts_details_sgle,2016,5753.914
nga,sex_t,geo_cov_rur,mts_details_sgle,2019,15109.737
nga,sex_t,geo_cov_rur,mts_details_total,2011,21715.182
nga,sex_t,geo_cov_rur,mts_details_total,2013,30150.169
nga,sex_t,geo_cov_rur,mts_details_total,2016,29025.6
nga,sex_t,geo_cov_rur,mts_details_total,2019,32373.426
nga,sex_t,geo_cov_rur,mts_details_union,2011,24.979
nga,sex_t,geo_cov_rur,mts_details_union,2013,66.236
nga,sex_t,geo_cov_rur,mts_details_wid,2011,1199.489
nga,sex_t,geo_cov_rur,mts_details_wid,2013,1569.711
nga,sex_t,geo_cov_rur,mts_details_wid,2016,1407.777
nga,sex_t,geo_cov_rur,mts_details_wid,2019,1511.417
nga,sex_t,geo_cov_rur,mts_details_x,2011,19.565
nga,sex_t,geo_cov_rur,mts_details_x,2013,447.626
nga,sex_t,geo_cov_rur,mts_details_x,2016,14314.122
nga,sex_t,geo_cov_rur,mts_details_x,2019,39.047
nga,sex_t,geo_cov_urb,mts_aggregate_1,2011,11063.516
nga,sex_t,geo_cov_urb,mts_aggregate_1,2013,14375.644
nga,sex_t,geo_cov_urb,mts_aggregate_1,2016,5303.099
nga,sex_t,geo_cov_urb,mts_aggregate_1,2019,12501.102
nga,sex_t,geo_cov_urb,mts_aggregate_2,2011,4534.962
nga,sex_t,geo_cov_urb,mts_aggregate_2,2013,4347.427
nga,sex_t,geo_cov_urb,mts_aggregate_2,2016,3034.277
nga,sex_t,geo_cov_urb,mts_aggregate_2,2019,6327.733
nga,sex_t,geo_cov_urb,mts_aggregate_total,2011,15598.479
nga,sex_t,geo_cov_urb,mts_aggregate_total,2013,18990.621
nga,sex_t,geo_cov_urb,mts_aggregate_total,2016,20079.254
nga,sex_t,geo_cov_urb,mts_aggregate_total,2019,18874.938
nga,sex_t,geo_cov_urb,mts_aggregate_x,2013,267.551
nga,sex_t,geo_cov_urb,mts_aggregate_x,2016,11741.878
nga,sex_t,geo_cov_urb,mts_aggregate_x,2019,46.102
nga,sex_t,geo_cov_urb,mts_details_mrd,2011,4440.842
nga,sex_t,geo_cov_urb,mts_details_mrd,2013,4329.527
nga,sex_t,geo_cov_urb,mts_details_mrd,2016,3027.903
nga,sex_t,geo_cov_urb,mts_details_mrd,2019,6327.733
nga,sex_t,geo_cov_urb,mts_details_sep,2011,202.577
nga,sex_t,geo_cov_urb,mts_details_sep,2013,198.737
nga,sex_t,geo_cov_urb,mts_details_sep,2016,86.653
nga,sex_t,geo_cov_urb,mts_details_sep,2019,189.186
nga,sex_t,geo_cov_urb,mts_details_sgle,2011,10275.558
nga,sex_t,geo_cov_urb,mts_details_sgle,2013,13135.027
nga,sex_t,geo_cov_urb,mts_details_sgle,2016,4322.259
nga,sex_t,geo_cov_urb,mts_details_sgle,2019,11245.243
nga,sex_t,geo_cov_urb,mts_details_total,2011,15598.479
nga,sex_t,geo_cov_urb,mts_details_total,2013,18990.621
nga,sex_t,geo_cov_urb,mts_details_total,2016,20079.254
nga,sex_t,geo_cov_urb,mts_details_total,2019,18874.938
nga,sex_t,geo_cov_urb,mts_details_union,2011,94.12
nga,sex_t,geo_cov_urb,mts_details_wid,2011,585.381
nga,sex_t,geo_cov_urb,mts_details_wid,2013,1041.88
nga,sex_t,geo_cov_urb,mts_details_wid,2016,894.187
nga,sex_t,geo_cov_urb,mts_details_wid,2019,1066.673
nga,sex_t,geo_cov_urb,mts_details_x,2013,267.551
nga,sex_t,geo_cov_urb,mts_details_x,2016,11741.878
nga,sex_t,geo_cov_urb,mts_details_x,2019,46.102
nic,sex_f,geo_cov_nat,mts_aggregate_1,2001,460.755
nic,sex_f,geo_cov_nat,mts_aggregate_1,2005,537.887
nic,sex_f,geo_cov_nat,mts_aggregate_1,2012,329.033
nic,sex_f,geo_cov_nat,mts_aggregate_1,2014,523.79
nic,sex_f,geo_cov_nat,mts_aggregate_2,2001,482.744
nic,sex_f,geo_cov_nat,mts_aggregate_2,2005,492.991
nic,sex_f,geo_cov_nat,mts_aggregate_2,2012,360.015
nic,sex_f,geo_cov_nat,mts_aggregate_2,2014,639.61
nic,sex_f,geo_cov_nat,mts_aggregate_total,2001,943.499
nic,sex_f,geo_cov_nat,mts_aggregate_total,2005,1030.878
nic,sex_f,geo_cov_nat,mts_aggregate_total,2012,689.111
nic,sex_f,geo_cov_nat,mts_aggregate_total,2014,1163.401
nic,sex_f,geo_cov_nat,mts_aggregate_x,2012,0.064
nic,sex_f,geo_cov_nat,mts_details_mrd,2001,236.668
nic,sex_f,geo_cov_nat,mts_details_mrd,2005,244.101
nic,sex_f,geo_cov_nat,mts_details_mrd,2012,187.829
nic,sex_f,geo_cov_nat,mts_details_mrd,2014,318.392
nic,sex_f,geo_cov_nat,mts_details_sep,2001,113.955
nic,sex_f,geo_cov_nat,mts_details_sep,2005,136.027
nic,sex_f,geo_cov_nat,mts_details_sep,2012,92.697
nic,sex_f,geo_cov_nat,mts_details_sep,2014,167.798
nic,sex_f,geo_cov_nat,mts_details_sgle,2001,265.108
nic,sex_f,geo_cov_nat,mts_details_sgle,2005,311.401
nic,sex_f,geo_cov_nat,mts_details_sgle,2012,166.818
nic,sex_f,geo_cov_nat,mts_details_sgle,2014,263.139
nic,sex_f,geo_cov_nat,mts_details_total,2001,943.499
nic,sex_f,geo_cov_nat,mts_details_total,2005,1030.878
nic,sex_f,geo_cov_nat,mts_details_total,2012,689.111
nic,sex_f,geo_cov_nat,mts_details_total,2014,1163.401
nic,sex_f,geo_cov_nat,mts_details_union,2001,246.076
nic,sex_f,geo_cov_nat,mts_details_union,2005,248.89
nic,sex_f,geo_cov_nat,mts_details_union,2012,172.185
nic,sex_f,geo_cov_nat,mts_details_union,2014,321.219
nic,sex_f,geo_cov_nat,mts_details_wid,2001,81.692
nic,sex_f,geo_cov_nat,mts_details_wid,2005,90.459
nic,sex_f,geo_cov_nat,mts_details_wid,2012,69.517
nic,sex_f,geo_cov_nat,mts_details_wid,2014,92.853
nic,sex_f,geo_cov_nat,mts_details_x,2012,0.064
nic,sex_f,geo_cov_rur,mts_aggregate_1,2001,160.259
nic,sex_f,geo_cov_rur,mts_aggregate_1,2005,206.834
nic,sex_f,geo_cov_rur,mts_aggregate_1,2012,109.172
nic,sex_f,geo_cov_rur,mts_aggregate_1,2014,189.127
nic,sex_f,geo_cov_rur,mts_aggregate_2,2001,239.643
nic,sex_f,geo_cov_rur,mts_aggregate_2,2005,261.147
nic,sex_f,geo_cov_rur,mts_aggregate_2,2012,166.72
nic,sex_f,geo_cov_rur,mts_aggregate_2,2014,364.052
nic,sex_f,geo_cov_rur,mts_aggregate_total,2001,399.902
nic,sex_f,geo_cov_rur,mts_aggregate_total,2005,467.981
nic,sex_f,geo_cov_rur,mts_aggregate_total,2012,275.917
nic,sex_f,geo_cov_rur,mts_aggregate_total,2014,553.179
nic,sex_f,geo_cov_rur,mts_aggregate_x,2012,0.025
nic,sex_f,geo_cov_rur,mts_details_mrd,2001,111.484
nic,sex_f,geo_cov_rur,mts_details_mrd,2005,126.558
nic,sex_f,geo_cov_rur,mts_details_mrd,2012,81.136
nic,sex_f,geo_cov_rur,mts_details_mrd,2014,165.79
nic,sex_f,geo_cov_rur,mts_details_sep,2001,44.883
nic,sex_f,geo_cov_rur,mts_details_sep,2005,51.283
nic,sex_f,geo_cov_rur,mts_details_sep,2012,28.279
nic,sex_f,geo_cov_rur,mts_details_sep,2014,63.117
nic,sex_f,geo_cov_rur,mts_details_sgle,2001,89.8
nic,sex_f,geo_cov_rur,mts_details_sgle,2005,124.562
nic,sex_f,geo_cov_rur,mts_details_sgle,2012,59.363
nic,sex_f,geo_cov_rur,mts_details_sgle,2014,104.596
nic,sex_f,geo_cov_rur,mts_details_total,2001,399.902
nic,sex_f,geo_cov_rur,mts_details_total,2005,467.981
nic,sex_f,geo_cov_rur,mts_details_total,2012,275.917
nic,sex_f,geo_cov_rur,mts_details_total,2014,553.179
nic,sex_f,geo_cov_rur,mts_details_union,2001,128.159
nic,sex_f,geo_cov_rur,mts_details_union,2005,134.59
nic,sex_f,geo_cov_rur,mts_details_union,2012,85.584
nic,sex_f,geo_cov_rur,mts_details_union,2014,198.262
nic,sex_f,geo_cov_rur,mts_details_wid,2001,25.576
nic,sex_f,geo_cov_rur,mts_details_wid,2005,30.988
nic,sex_f,geo_cov_rur,mts_details_wid,2012,21.53
nic,sex_f,geo_cov_rur,mts_details_wid,2014,21.414
nic,sex_f,geo_cov_rur,mts_details_x,2012,0.025
nic,sex_f,geo_cov_urb,mts_aggregate_1,2001,300.496
nic,sex_f,geo_cov_urb,mts_aggregate_1,2005,331.053
nic,sex_f,geo_cov_urb,mts_aggregate_1,2012,219.861
nic,sex_f,geo_cov_urb,mts_aggregate_1,2014,334.663
nic,sex_f,geo_cov_urb,mts_aggregate_2,2001,243.101
nic,sex_f,geo_cov_urb,mts_aggregate_2,2005,231.844
nic,sex_f,geo_cov_urb,mts_aggregate_2,2012,193.295
nic,sex_f,geo_cov_urb,mts_aggregate_2,2014,275.558
nic,sex_f,geo_cov_urb,mts_aggregate_total,2001,543.597
nic,sex_f,geo_cov_urb,mts_aggregate_total,2005,562.897
nic,sex_f,geo_cov_urb,mts_aggregate_total,2012,413.194
nic,sex_f,geo_cov_urb,mts_aggregate_total,2014,610.221
nic,sex_f,geo_cov_urb,mts_aggregate_x,2012,0.039
nic,sex_f,geo_cov_urb,mts_details_mrd,2001,125.184
nic,sex_f,geo_cov_urb,mts_details_mrd,2005,117.543
nic,sex_f,geo_cov_urb,mts_details_mrd,2012,106.694
nic,sex_f,geo_cov_urb,mts_details_mrd,2014,152.602
nic,sex_f,geo_cov_urb,mts_details_sep,2001,69.071
nic,sex_f,geo_cov_urb,mts_details_sep,2005,84.744
nic,sex_f,geo_cov_urb,mts_details_sep,2012,64.418
nic,sex_f,geo_cov_urb,mts_details_sep,2014,104.681
nic,sex_f,geo_cov_urb,mts_details_sgle,2001,175.309
nic,sex_f,geo_cov_urb,mts_details_sgle,2005,186.839
nic,sex_f,geo_cov_urb,mts_details_sgle,2012,107.455
nic,sex_f,geo_cov_urb,mts_details_sgle,2014,158.544
nic,sex_f,geo_cov_urb,mts_details_total,2001,543.597
nic,sex_f,geo_cov_urb,mts_details_total,2005,562.897
nic,sex_f,geo_cov_urb,mts_details_total,2012,413.194
nic,sex_f,geo_cov_urb,mts_details_total,2014,610.221
nic,sex_f,geo_cov_urb,mts_details_union,2001,117.917
nic,sex_f,geo_cov_urb,mts_details_union,2005,114.3
nic,sex_f,geo_cov_urb,mts_details_union,2012,86.601
nic,sex_f,geo_cov_urb,mts_details_union,2014,122.956
nic,sex_f,geo_cov_urb,mts_details_wid,2001,56.116
nic,sex_f,geo_cov_urb,mts_details_wid,2005,59.471
nic,sex_f,geo_cov_urb,mts_details_wid,2012,47.987
nic,sex_f,geo_cov_urb,mts_details_wid,2014,71.438
nic,sex_f,geo_cov_urb,mts_details_x,2012,0.039
nic,sex_m,geo_cov_nat,mts_aggregate_1,2001,216.575
nic,sex_m,geo_cov_nat,mts_aggregate_1,2005,239.164
nic,sex_m,geo_cov_nat,mts_aggregate_1,2012,162.951
nic,sex_m,geo_cov_nat,mts_aggregate_1,2014,258.846
nic,sex_m,geo_cov_nat,mts_aggregate_2,2001,76.178
nic,sex_m,geo_cov_nat,mts_aggregate_2,2005,55.749
nic,sex_m,geo_cov_nat,mts_aggregate_2,2012,69.265
nic,sex_m,geo_cov_nat,mts_aggregate_2,2014,84.672
nic,sex_m,geo_cov_nat,mts_aggregate_total,2001,292.753
nic,sex_m,geo_cov_nat,mts_aggregate_total,2005,294.914
nic,sex_m,geo_cov_nat,mts_aggregate_total,2012,232.478
nic,sex_m,geo_cov_nat,mts_aggregate_total,2014,343.518
nic,sex_m,geo_cov_nat,mts_aggregate_x,2012,0.262
nic,sex_m,geo_cov_nat,mts_details_mrd,2001,47.034
nic,sex_m,geo_cov_nat,mts_details_mrd,2005,34.697
nic,sex_m,geo_cov_nat,mts_details_mrd,2012,45.662
nic,sex_m,geo_cov_nat,mts_details_mrd,2014,58.305
nic,sex_m,geo_cov_nat,mts_details_sep,2001,15.63
nic,sex_m,geo_cov_nat,mts_details_sep,2005,16.963
nic,sex_m,geo_cov_nat,mts_details_sep,2012,21.13
nic,sex_m,geo_cov_nat,mts_details_sep,2014,26.707
nic,sex_m,geo_cov_nat,mts_details_sgle,2001,184.086
nic,sex_m,geo_cov_nat,mts_details_sgle,2005,207.805
nic,sex_m,geo_cov_nat,mts_details_sgle,2012,127.418
nic,sex_m,geo_cov_nat,mts_details_sgle,2014,209.672
nic,sex_m,geo_cov_nat,mts_details_total,2001,292.753
nic,sex_m,geo_cov_nat,mts_details_total,2005,294.914
nic,sex_m,geo_cov_nat,mts_details_total,2012,232.478
nic,sex_m,geo_cov_nat,mts_details_total,2014,343.518
nic,sex_m,geo_cov_nat,mts_details_union,2001,29.143
nic,sex_m,geo_cov_nat,mts_details_union,2005,21.052
nic,sex_m,geo_cov_nat,mts_details_union,2012,23.603
nic,sex_m,geo_cov_nat,mts_details_union,2014,26.367
nic,sex_m,geo_cov_nat,mts_details_wid,2001,16.859
nic,sex_m,geo_cov_nat,mts_details_wid,2005,14.397
nic,sex_m,geo_cov_nat,mts_details_wid,2012,14.404
nic,sex_m,geo_cov_nat,mts_details_wid,2014,22.467
nic,sex_m,geo_cov_nat,mts_details_x,2012,0.262
nic,sex_m,geo_cov_rur,mts_aggregate_1,2001,57.029
nic,sex_m,geo_cov_rur,mts_aggregate_1,2005,66.915
nic,sex_m,geo_cov_rur,mts_aggregate_1,2012,37.571
nic,sex_m,geo_cov_rur,mts_aggregate_1,2014,63.047
nic,sex_m,geo_cov_rur,mts_aggregate_2,2001,25.127
nic,sex_m,geo_cov_rur,mts_aggregate_2,2005,14.104
nic,sex_m,geo_cov_rur,mts_aggregate_2,2012,18.962
nic,sex_m,geo_cov_rur,mts_aggregate_2,2014,23.443
nic,sex_m,geo_cov_rur,mts_aggregate_total,2001,82.157
nic,sex_m,geo_cov_rur,mts_aggregate_total,2005,81.019
nic,sex_m,geo_cov_rur,mts_aggregate_total,2012,56.606
nic,sex_m,geo_cov_rur,mts_aggregate_total,2014,86.489
nic,sex_m,geo_cov_rur,mts_aggregate_x,2012,0.073
nic,sex_m,geo_cov_rur,mts_details_mrd,2001,14.42
nic,sex_m,geo_cov_rur,mts_details_mrd,2005,9.834
nic,sex_m,geo_cov_rur,mts_details_mrd,2012,12.192
nic,sex_m,geo_cov_rur,mts_details_mrd,2014,15.626
nic,sex_m,geo_cov_rur,mts_details_sep,2001,5.277
nic,sex_m,geo_cov_rur,mts_details_sep,2005,5.248
nic,sex_m,geo_cov_rur,mts_details_sep,2012,4.856
nic,sex_m,geo_cov_rur,mts_details_sep,2014,5.302
nic,sex_m,geo_cov_rur,mts_details_sgle,2001,44.514
nic,sex_m,geo_cov_rur,mts_details_sgle,2005,55.258
nic,sex_m,geo_cov_rur,mts_details_sgle,2012,28.98
nic,sex_m,geo_cov_rur,mts_details_sgle,2014,50.831
nic,sex_m,geo_cov_rur,mts_details_total,2001,82.157
nic,sex_m,geo_cov_rur,mts_details_total,2005,81.019
nic,sex_m,geo_cov_rur,mts_details_total,2012,56.606
nic,sex_m,geo_cov_rur,mts_details_total,2014,86.489
nic,sex_m,geo_cov_rur,mts_details_union,2001,10.707
nic,sex_m,geo_cov_rur,mts_details_union,2005,4.271
nic,sex_m,geo_cov_rur,mts_details_union,2012,6.77
nic,sex_m,geo_cov_rur,mts_details_union,2014,7.817
nic,sex_m,geo_cov_rur,mts_details_wid,2001,7.239
nic,sex_m,geo_cov_rur,mts_details_wid,2005,6.408
nic,sex_m,geo_cov_rur,mts_details_wid,2012,3.735
nic,sex_m,geo_cov_rur,mts_details_wid,2014,6.913
nic,sex_m,geo_cov_rur,mts_details_x,2012,0.073
nic,sex_m,geo_cov_urb,mts_aggregate_1,2001,159.546
nic,sex_m,geo_cov_urb,mts_aggregate_1,2005,172.25
nic,sex_m,geo_cov_urb,mts_aggregate_1,2012,125.38
nic,sex_m,geo_cov_urb,mts_aggregate_1,2014,195.799
nic,sex_m,geo_cov_urb,mts_aggregate_2,2001,51.051
nic,sex_m,geo_cov_urb,mts_aggregate_2,2005,41.645
nic,sex_m,geo_cov_urb,mts_aggregate_2,2012,50.303
nic,sex_m,geo_cov_urb,mts_aggregate_2,2014,61.23
nic,sex_m,geo_cov_urb,mts_aggregate_total,2001,210.597
nic,sex_m,geo_cov_urb,mts_aggregate_total,2005,213.895
nic,sex_m,geo_cov_urb,mts_aggregate_total,2012,175.873
nic,sex_m,geo_cov_urb,mts_aggregate_total,2014,257.029
nic,sex_m,geo_cov_urb,mts_aggregate_x,2012,0.189
nic,sex_m,geo_cov_urb,mts_details_mrd,2001,32.614
nic,sex_m,geo_cov_urb,mts_details_mrd,2005,24.864
nic,sex_m,geo_cov_urb,mts_details_mrd,2012,33.47
nic,sex_m,geo_cov_urb,mts_details_mrd,2014,42.679
nic,sex_m,geo_cov_urb,mts_details_sep,2001,10.353
nic,sex_m,geo_cov_urb,mts_details_sep,2005,11.715
nic,sex_m,geo_cov_urb,mts_details_sep,2012,16.274
nic,sex_m,geo_cov_urb,mts_details_sep,2014,21.405
nic,sex_m,geo_cov_urb,mts_details_sgle,2001,139.572
nic,sex_m,geo_cov_urb,mts_details_sgle,2005,152.547
nic,sex_m,geo_cov_urb,mts_details_sgle,2012,98.437
nic,sex_m,geo_cov_urb,mts_details_sgle,2014,158.841
nic,sex_m,geo_cov_urb,mts_details_total,2001,210.597
nic,sex_m,geo_cov_urb,mts_details_total,2005,213.895
nic,sex_m,geo_cov_urb,mts_details_total,2012,175.873
nic,sex_m,geo_cov_urb,mts_details_total,2014,257.029
nic,sex_m,geo_cov_urb,mts_details_union,2001,18.436
nic,sex_m,geo_cov_urb,mts_details_union,2005,16.781
nic,sex_m,geo_cov_urb,mts_details_union,2012,16.833
nic,sex_m,geo_cov_urb,mts_details_union,2014,18.551
nic,sex_m,geo_cov_urb,mts_details_wid,2001,9.621
nic,sex_m,geo_cov_urb,mts_details_wid,2005,7.988
nic,sex_m,geo_cov_urb,mts_details_wid,2012,10.669
nic,sex_m,geo_cov_urb,mts_details_wid,2014,15.554
nic,sex_m,geo_cov_urb,mts_details_x,2012,0.189
nic,sex_t,geo_cov_nat,mts_aggregate_1,2001,677.33
nic,sex_t,geo_cov_nat,mts_aggregate_1,2005,777.051
nic,sex_t,geo_cov_nat,mts_aggregate_1,2012,491.984
nic,sex_t,geo_cov_nat,mts_aggregate_1,2014,782.636
nic,sex_t,geo_cov_nat,mts_aggregate_2,2001,558.922
nic,sex_t,geo_cov_nat,mts_aggregate_2,2005,548.741
nic,sex_t,geo_cov_nat,mts_aggregate_2,2012,429.28
nic,sex_t,geo_cov_nat,mts_aggregate_2,2014,724.283
nic,sex_t,geo_cov_nat,mts_aggregate_total,2001,1236.252
nic,sex_t,geo_cov_nat,mts_aggregate_total,2005,1325.792
nic,sex_t,geo_cov_nat,mts_aggregate_total,2012,921.589
nic,sex_t,geo_cov_nat,mts_aggregate_total,2014,1506.919
nic,sex_t,geo_cov_nat,mts_aggregate_x,2012,0.326
nic,sex_t,geo_cov_nat,mts_details_mrd,2001,283.702
nic,sex_t,geo_cov_nat,mts_details_mrd,2005,278.799
nic,sex_t,geo_cov_nat,mts_details_mrd,2012,233.491
nic,sex_t,geo_cov_nat,mts_details_mrd,2014,376.697
nic,sex_t,geo_cov_nat,mts_details_sep,2001,129.585
nic,sex_t,geo_cov_nat,mts_details_sep,2005,152.99
nic,sex_t,geo_cov_nat,mts_details_sep,2012,113.827
nic,sex_t,geo_cov_nat,mts_details_sep,2014,194.506
nic,sex_t,geo_cov_nat,mts_details_sgle,2001,449.194
nic,sex_t,geo_cov_nat,mts_details_sgle,2005,519.206
nic,sex_t,geo_cov_nat,mts_details_sgle,2012,294.236
nic,sex_t,geo_cov_nat,mts_details_sgle,2014,472.811
nic,sex_t,geo_cov_nat,mts_details_total,2001,1236.252
nic,sex_t,geo_cov_nat,mts_details_total,2005,1325.792
nic,sex_t,geo_cov_nat,mts_details_total,2012,921.589
nic,sex_t,geo_cov_nat,mts_details_total,2014,1506.919
nic,sex_t,geo_cov_nat,mts_details_union,2001,275.219
nic,sex_t,geo_cov_nat,mts_details_union,2005,269.942
nic,sex_t,geo_cov_nat,mts_details_union,2012,195.788
nic,sex_t,geo_cov_nat,mts_details_union,2014,347.586
nic,sex_t,geo_cov_nat,mts_details_wid,2001,98.551
nic,sex_t,geo_cov_nat,mts_details_wid,2005,104.855
nic,sex_t,geo_cov_nat,mts_details_wid,2012,83.921
nic,sex_t,geo_cov_nat,mts_details_wid,2014,115.32
nic,sex_t,geo_cov_nat,mts_details_x,2012,0.326
nic,sex_t,geo_cov_rur,mts_aggregate_1,2001,217.288
nic,sex_t,geo_cov_rur,mts_aggregate_1,2005,273.748
nic,sex_t,geo_cov_rur,mts_aggregate_1,2012,146.743
nic,sex_t,geo_cov_rur,mts_aggregate_1,2014,252.174
nic,sex_t,geo_cov_rur,mts_aggregate_2,2001,264.77
nic,sex_t,geo_cov_rur,mts_aggregate_2,2005,275.252
nic,sex_t,geo_cov_rur,mts_aggregate_2,2012,185.682
nic,sex_t,geo_cov_rur,mts_aggregate_2,2014,387.495
nic,sex_t,geo_cov_rur,mts_aggregate_total,2001,482.058
nic,sex_t,geo_cov_rur,mts_aggregate_total,2005,549
nic,sex_t,geo_cov_rur,mts_aggregate_total,2012,332.523
nic,sex_t,geo_cov_rur,mts_aggregate_total,2014,639.669
nic,sex_t,geo_cov_rur,mts_aggregate_x,2012,0.098
nic,sex_t,geo_cov_rur,mts_details_mrd,2001,125.904
nic,sex_t,geo_cov_rur,mts_details_mrd,2005,136.392
nic,sex_t,geo_cov_rur,mts_details_mrd,2012,93.328
nic,sex_t,geo_cov_rur,mts_details_mrd,2014,181.416
nic,sex_t,geo_cov_rur,mts_details_sep,2001,50.16
nic,sex_t,geo_cov_rur,mts_details_sep,2005,56.532
nic,sex_t,geo_cov_rur,mts_details_sep,2012,33.135
nic,sex_t,geo_cov_rur,mts_details_sep,2014,68.419
nic,sex_t,geo_cov_rur,mts_details_sgle,2001,134.313
nic,sex_t,geo_cov_rur,mts_details_sgle,2005,179.82
nic,sex_t,geo_cov_rur,mts_details_sgle,2012,88.343
nic,sex_t,geo_cov_rur,mts_details_sgle,2014,155.427
nic,sex_t,geo_cov_rur,mts_details_total,2001,482.058
nic,sex_t,geo_cov_rur,mts_details_total,2005,549
nic,sex_t,geo_cov_rur,mts_details_total,2012,332.523
nic,sex_t,geo_cov_rur,mts_details_total,2014,639.669
nic,sex_t,geo_cov_rur,mts_details_union,2001,138.866
nic,sex_t,geo_cov_rur,mts_details_union,2005,138.86
nic,sex_t,geo_cov_rur,mts_details_union,2012,92.354
nic,sex_t,geo_cov_rur,mts_details_union,2014,206.079
nic,sex_t,geo_cov_rur,mts_details_wid,2001,32.814
nic,sex_t,geo_cov_rur,mts_details_wid,2005,37.397
nic,sex_t,geo_cov_rur,mts_details_wid,2012,25.265
nic,sex_t,geo_cov_rur,mts_details_wid,2014,28.328
nic,sex_t,geo_cov_rur,mts_details_x,2012,0.098
nic,sex_t,geo_cov_urb,mts_aggregate_1,2001,460.042
nic,sex_t,geo_cov_urb,mts_aggregate_1,2005,503.303
nic,sex_t,geo_cov_urb,mts_aggregate_1,2012,345.241
nic,sex_t,geo_cov_urb,mts_aggregate_1,2014,530.462
nic,sex_t,geo_cov_urb,mts_aggregate_2,2001,294.151
nic,sex_t,geo_cov_urb,mts_aggregate_2,2005,273.489
nic,sex_t,geo_cov_urb,mts_aggregate_2,2012,243.598
nic,sex_t,geo_cov_urb,mts_aggregate_2,2014,336.788
nic,sex_t,geo_cov_urb,mts_aggregate_total,2001,754.194
nic,sex_t,geo_cov_urb,mts_aggregate_total,2005,776.791
nic,sex_t,geo_cov_urb,mts_aggregate_total,2012,589.067
nic,sex_t,geo_cov_urb,mts_aggregate_total,2014,867.25
nic,sex_t,geo_cov_urb,mts_aggregate_x,2012,0.228
nic,sex_t,geo_cov_urb,mts_details_mrd,2001,157.798
nic,sex_t,geo_cov_urb,mts_details_mrd,2005,142.407
nic,sex_t,geo_cov_urb,mts_details_mrd,2012,140.163
nic,sex_t,geo_cov_urb,mts_details_mrd,2014,195.281
nic,sex_t,geo_cov_urb,mts_details_sep,2001,79.425
nic,sex_t,geo_cov_urb,mts_details_sep,2005,96.458
nic,sex_t,geo_cov_urb,mts_details_sep,2012,80.692
nic,sex_t,geo_cov_urb,mts_details_sep,2014,126.086
nic,sex_t,geo_cov_urb,mts_details_sgle,2001,314.881
nic,sex_t,geo_cov_urb,mts_details_sgle,2005,339.386
nic,sex_t,geo_cov_urb,mts_details_sgle,2012,205.893
nic,sex_t,geo_cov_urb,mts_details_sgle,2014,317.384
nic,sex_t,geo_cov_urb,mts_details_total,2001,754.194
nic,sex_t,geo_cov_urb,mts_details_total,2005,776.791
nic,sex_t,geo_cov_urb,mts_details_total,2012,589.067
nic,sex_t,geo_cov_urb,mts_details_total,2014,867.25
nic,sex_t,geo_cov_urb,mts_details_union,2001,136.353
nic,sex_t,geo_cov_urb,mts_details_union,2005,131.082
nic,sex_t,geo_cov_urb,mts_details_union,2012,103.434
nic,sex_t,geo_cov_urb,mts_details_union,2014,141.507
nic,sex_t,geo_cov_urb,mts_details_wid,2001,65.737
nic,sex_t,geo_cov_urb,mts_details_wid,2005,67.459
nic,sex_t,geo_cov_urb,mts_details_wid,2012,58.656
nic,sex_t,geo_cov_urb,mts_details_wid,2014,86.992
nic,sex_t,geo_cov_urb,mts_details_x,2012,0.228
nld,sex_f,geo_cov_nat,mts_aggregate_1,1992,1326.306
nld,sex_f,geo_cov_nat,mts_aggregate_1,1993,1352.926
nld,sex_f,geo_cov_nat,mts_aggregate_1,1994,1341.873
nld,sex_f,geo_cov_nat,mts_aggregate_1,1995,1326.379
nld,sex_f,geo_cov_nat,mts_aggregate_1,1996,1320.81
nld,sex_f,geo_cov_nat,mts_aggregate_1,1997,1302.16
nld,sex_f,geo_cov_nat,mts_aggregate_1,1998,1375.581
nld,sex_f,geo_cov_nat,mts_aggregate_1,1999,1251.52
nld,sex_f,geo_cov_nat,mts_aggregate_1,2000,1246.831
nld,sex_f,geo_cov_nat,mts_aggregate_1,2001,1250.322
nld,sex_f,geo_cov_nat,mts_aggregate_1,2002,1264.06
nld,sex_f,geo_cov_nat,mts_aggregate_1,2003,1263.876
nld,sex_f,geo_cov_nat,mts_aggregate_1,2004,1280.095
nld,sex_f,geo_cov_nat,mts_aggregate_1,2005,1401.761
nld,sex_f,geo_cov_nat,mts_aggregate_1,2006,1386.745
nld,sex_f,geo_cov_nat,mts_aggregate_1,2007,1367.267
nld,sex_f,geo_cov_nat,mts_aggregate_1,2008,1335.589
nld,sex_f,geo_cov_nat,mts_aggregate_1,2009,1325.332
nld,sex_f,geo_cov_nat,mts_aggregate_1,2010,1320.615
nld,sex_f,geo_cov_nat,mts_aggregate_1,2011,1342.978
nld,sex_f,geo_cov_nat,mts_aggregate_1,2012,1346.26
nld,sex_f,geo_cov_nat,mts_aggregate_1,2013,1358.445
nld,sex_f,geo_cov_nat,mts_aggregate_1,2014,1388.557
nld,sex_f,geo_cov_nat,mts_aggregate_1,2015,1395.336
nld,sex_f,geo_cov_nat,mts_aggregate_1,2016,1402.347
nld,sex_f,geo_cov_nat,mts_aggregate_1,2017,1442.999
nld,sex_f,geo_cov_nat,mts_aggregate_1,2018,1437.908
nld,sex_f,geo_cov_nat,mts_aggregate_1,2019,1409.945
nld,sex_f,geo_cov_nat,mts_aggregate_1,2020,1432.268
nld,sex_f,geo_cov_nat,mts_aggregate_2,1992,1979.297
nld,sex_f,geo_cov_nat,mts_aggregate_2,1993,1949.897
nld,sex_f,geo_cov_nat,mts_aggregate_2,1994,1913.563
nld,sex_f,geo_cov_nat,mts_aggregate_2,1995,1905.199
nld,sex_f,geo_cov_nat,mts_aggregate_2,1996,1865.669
nld,sex_f,geo_cov_nat,mts_aggregate_2,1997,1817.726
nld,sex_f,geo_cov_nat,mts_aggregate_2,1998,1709.025
nld,sex_f,geo_cov_nat,mts_aggregate_2,1999,1753.686
nld,sex_f,geo_cov_nat,mts_aggregate_2,2000,1707.397
nld,sex_f,geo_cov_nat,mts_aggregate_2,2001,1670.777
nld,sex_f,geo_cov_nat,mts_aggregate_2,2002,1627.038
nld,sex_f,geo_cov_nat,mts_aggregate_2,2003,1605.271
nld,sex_f,geo_cov_nat,mts_aggregate_2,2004,1573.91
nld,sex_f,geo_cov_nat,mts_aggregate_2,2005,1552.297
nld,sex_f,geo_cov_nat,mts_aggregate_2,2006,1546.86
nld,sex_f,geo_cov_nat,mts_aggregate_2,2007,1494.75
nld,sex_f,geo_cov_nat,mts_aggregate_2,2008,1483.599
nld,sex_f,geo_cov_nat,mts_aggregate_2,2009,1475.319
nld,sex_f,geo_cov_nat,mts_aggregate_2,2010,1499.458
nld,sex_f,geo_cov_nat,mts_aggregate_2,2011,1486.351
nld,sex_f,geo_cov_nat,mts_aggregate_2,2012,1467.669
nld,sex_f,geo_cov_nat,mts_aggregate_2,2013,1482.187
nld,sex_f,geo_cov_nat,mts_aggregate_2,2014,1519.61
nld,sex_f,geo_cov_nat,mts_aggregate_2,2015,1504.32
nld,sex_f,geo_cov_nat,mts_aggregate_2,2016,1524.557
nld,sex_f,geo_cov_nat,mts_aggregate_2,2017,1505.899
nld,sex_f,geo_cov_nat,mts_aggregate_2,2018,1509.328
nld,sex_f,geo_cov_nat,mts_aggregate_2,2019,1507.043
nld,sex_f,geo_cov_nat,mts_aggregate_2,2020,1501.098
nld,sex_f,geo_cov_nat,mts_aggregate_total,1992,3305.876
nld,sex_f,geo_cov_nat,mts_aggregate_total,1993,3302.823
nld,sex_f,geo_cov_nat,mts_aggregate_total,1994,3255.578
nld,sex_f,geo_cov_nat,mts_aggregate_total,1995,3231.577
nld,sex_f,geo_cov_nat,mts_aggregate_total,1996,3186.768
nld,sex_f,geo_cov_nat,mts_aggregate_total,1997,3120.01
nld,sex_f,geo_cov_nat,mts_aggregate_total,1998,3085.643
nld,sex_f,geo_cov_nat,mts_aggregate_total,1999,3005.206
nld,sex_f,geo_cov_nat,mts_aggregate_total,2000,2954.228
nld,sex_f,geo_cov_nat,mts_aggregate_total,2001,2921.099
nld,sex_f,geo_cov_nat,mts_aggregate_total,2002,2891.43
nld,sex_f,geo_cov_nat,mts_aggregate_total,2003,2869.147
nld,sex_f,geo_cov_nat,mts_aggregate_total,2004,2854.509
nld,sex_f,geo_cov_nat,mts_aggregate_total,2005,2954.214
nld,sex_f,geo_cov_nat,mts_aggregate_total,2006,2934.021
nld,sex_f,geo_cov_nat,mts_aggregate_total,2007,2862.134
nld,sex_f,geo_cov_nat,mts_aggregate_total,2008,2819.538
nld,sex_f,geo_cov_nat,mts_aggregate_total,2009,2800.652
nld,sex_f,geo_cov_nat,mts_aggregate_total,2010,2820.646
nld,sex_f,geo_cov_nat,mts_aggregate_total,2011,2830.606
nld,sex_f,geo_cov_nat,mts_aggregate_total,2012,2814.236
nld,sex_f,geo_cov_nat,mts_aggregate_total,2013,2840.832
nld,sex_f,geo_cov_nat,mts_aggregate_total,2014,2910.09
nld,sex_f,geo_cov_nat,mts_aggregate_total,2015,2899.656
nld,sex_f,geo_cov_nat,mts_aggregate_total,2016,2926.903
nld,sex_f,geo_cov_nat,mts_aggregate_total,2017,2949.909
nld,sex_f,geo_cov_nat,mts_aggregate_total,2018,2948.72
nld,sex_f,geo_cov_nat,mts_aggregate_total,2019,2917.23
nld,sex_f,geo_cov_nat,mts_aggregate_total,2020,2933.768
nld,sex_f,geo_cov_rur,mts_aggregate_1,1992,42.828
nld,sex_f,geo_cov_rur,mts_aggregate_1,1993,44.391
nld,sex_f,geo_cov_rur,mts_aggregate_1,1994,46.203
nld,sex_f,geo_cov_rur,mts_aggregate_1,1995,43.389
nld,sex_f,geo_cov_rur,mts_aggregate_1,1996,45.328
nld,sex_f,geo_cov_rur,mts_aggregate_1,1997,39.983
nld,sex_f,geo_cov_rur,mts_aggregate_1,1998,44.703
nld,sex_f,geo_cov_rur,mts_aggregate_1,1999,40.228
nld,sex_f,geo_cov_rur,mts_aggregate_1,2000,34.762
nld,sex_f,geo_cov_rur,mts_aggregate_1,2001,27.992
nld,sex_f,geo_cov_rur,mts_aggregate_1,2002,40.846
nld,sex_f,geo_cov_rur,mts_aggregate_1,2003,34.932
nld,sex_f,geo_cov_rur,mts_aggregate_1,2004,32.574
nld,sex_f,geo_cov_rur,mts_aggregate_1,2005,40.773
nld,sex_f,geo_cov_rur,mts_aggregate_1,2006,26.839
nld,sex_f,geo_cov_rur,mts_aggregate_1,2007,28.709
nld,sex_f,geo_cov_rur,mts_aggregate_1,2008,25.477
nld,sex_f,geo_cov_rur,mts_aggregate_1,2009,18.075
nld,sex_f,geo_cov_rur,mts_aggregate_1,2010,27.589
nld,sex_f,geo_cov_rur,mts_aggregate_1,2011,24.912
nld,sex_f,geo_cov_rur,mts_aggregate_1,2012,159.731
nld,sex_f,geo_cov_rur,mts_aggregate_1,2013,167.14
nld,sex_f,geo_cov_rur,mts_aggregate_1,2014,162.735
nld,sex_f,geo_cov_rur,mts_aggregate_1,2015,173.428
nld,sex_f,geo_cov_rur,mts_aggregate_1,2016,110.666
nld,sex_f,geo_cov_rur,mts_aggregate_1,2017,120.405
nld,sex_f,geo_cov_rur,mts_aggregate_1,2018,128.227
nld,sex_f,geo_cov_rur,mts_aggregate_1,2019,134.646
nld,sex_f,geo_cov_rur,mts_aggregate_1,2020,131.856
nld,sex_f,geo_cov_rur,mts_aggregate_2,1992,80.502
nld,sex_f,geo_cov_rur,mts_aggregate_2,1993,86.841
nld,sex_f,geo_cov_rur,mts_aggregate_2,1994,81.948
nld,sex_f,geo_cov_rur,mts_aggregate_2,1995,79.679
nld,sex_f,geo_cov_rur,mts_aggregate_2,1996,76.921
nld,sex_f,geo_cov_rur,mts_aggregate_2,1997,68.992
nld,sex_f,geo_cov_rur,mts_aggregate_2,1998,73.184
nld,sex_f,geo_cov_rur,mts_aggregate_2,1999,77.629
nld,sex_f,geo_cov_rur,mts_aggregate_2,2000,54.945
nld,sex_f,geo_cov_rur,mts_aggregate_2,2001,44.246
nld,sex_f,geo_cov_rur,mts_aggregate_2,2002,56.278
nld,sex_f,geo_cov_rur,mts_aggregate_2,2003,52.099
nld,sex_f,geo_cov_rur,mts_aggregate_2,2004,41.182
nld,sex_f,geo_cov_rur,mts_aggregate_2,2005,53.188
nld,sex_f,geo_cov_rur,mts_aggregate_2,2006,37.636
nld,sex_f,geo_cov_rur,mts_aggregate_2,2007,40.501
nld,sex_f,geo_cov_rur,mts_aggregate_2,2008,30.141
nld,sex_f,geo_cov_rur,mts_aggregate_2,2009,40.421
nld,sex_f,geo_cov_rur,mts_aggregate_2,2010,47.404
nld,sex_f,geo_cov_rur,mts_aggregate_2,2011,35.741
nld,sex_f,geo_cov_rur,mts_aggregate_2,2012,253.152
nld,sex_f,geo_cov_rur,mts_aggregate_2,2013,253.922
nld,sex_f,geo_cov_rur,mts_aggregate_2,2014,262.382
nld,sex_f,geo_cov_rur,mts_aggregate_2,2015,249.297
nld,sex_f,geo_cov_rur,mts_aggregate_2,2016,182.85
nld,sex_f,geo_cov_rur,mts_aggregate_2,2017,179.328
nld,sex_f,geo_cov_rur,mts_aggregate_2,2018,179.392
nld,sex_f,geo_cov_rur,mts_aggregate_2,2019,175.308
nld,sex_f,geo_cov_rur,mts_aggregate_2,2020,197.058
nld,sex_f,geo_cov_rur,mts_aggregate_total,1992,123.33
nld,sex_f,geo_cov_rur,mts_aggregate_total,1993,131.232
nld,sex_f,geo_cov_rur,mts_aggregate_total,1994,128.151
nld,sex_f,geo_cov_rur,mts_aggregate_total,1995,123.068
nld,sex_f,geo_cov_rur,mts_aggregate_total,1996,122.249
nld,sex_f,geo_cov_rur,mts_aggregate_total,1997,108.975
nld,sex_f,geo_cov_rur,mts_aggregate_total,1998,117.887
nld,sex_f,geo_cov_rur,mts_aggregate_total,1999,117.857
nld,sex_f,geo_cov_rur,mts_aggregate_total,2000,89.707
nld,sex_f,geo_cov_rur,mts_aggregate_total,2001,72.238
nld,sex_f,geo_cov_rur,mts_aggregate_total,2002,97.123
nld,sex_f,geo_cov_rur,mts_aggregate_total,2003,87.031
nld,sex_f,geo_cov_rur,mts_aggregate_total,2004,73.757
nld,sex_f,geo_cov_rur,mts_aggregate_total,2005,93.96
nld,sex_f,geo_cov_rur,mts_aggregate_total,2006,64.593
nld,sex_f,geo_cov_rur,mts_aggregate_total,2007,69.21
nld,sex_f,geo_cov_rur,mts_aggregate_total,2008,55.618
nld,sex_f,geo_cov_rur,mts_aggregate_total,2009,58.495
nld,sex_f,geo_cov_rur,mts_aggregate_total,2010,74.992
nld,sex_f,geo_cov_rur,mts_aggregate_total,2011,60.654
nld,sex_f,geo_cov_rur,mts_aggregate_total,2012,412.948
nld,sex_f,geo_cov_rur,mts_aggregate_total,2013,421.063
nld,sex_f,geo_cov_rur,mts_aggregate_total,2014,425.117
nld,sex_f,geo_cov_rur,mts_aggregate_total,2015,422.725
nld,sex_f,geo_cov_rur,mts_aggregate_total,2016,293.516
nld,sex_f,geo_cov_rur,mts_aggregate_total,2017,299.733
nld,sex_f,geo_cov_rur,mts_aggregate_total,2018,307.619
nld,sex_f,geo_cov_rur,mts_aggregate_total,2019,309.955
nld,sex_f,geo_cov_rur,mts_aggregate_total,2020,329.314
nld,sex_f,geo_cov_urb,mts_aggregate_1,1992,1283.478
nld,sex_f,geo_cov_urb,mts_aggregate_1,1993,1308.535
nld,sex_f,geo_cov_urb,mts_aggregate_1,1994,1295.67
nld,sex_f,geo_cov_urb,mts_aggregate_1,1995,1282.99
nld,sex_f,geo_cov_urb,mts_aggregate_1,1996,1275.482
nld,sex_f,geo_cov_urb,mts_aggregate_1,1997,1262.177
nld,sex_f,geo_cov_urb,mts_aggregate_1,1998,1330.878
nld,sex_f,geo_cov_urb,mts_aggregate_1,1999,1211.292
nld,sex_f,geo_cov_urb,mts_aggregate_1,2000,1212.069
nld,sex_f,geo_cov_urb,mts_aggregate_1,2001,1222.33
nld,sex_f,geo_cov_urb,mts_aggregate_1,2002,1223.214
nld,sex_f,geo_cov_urb,mts_aggregate_1,2003,1228.944
nld,sex_f,geo_cov_urb,mts_aggregate_1,2004,1247.521
nld,sex_f,geo_cov_urb,mts_aggregate_1,2005,1360.989
nld,sex_f,geo_cov_urb,mts_aggregate_1,2006,1359.906
nld,sex_f,geo_cov_urb,mts_aggregate_1,2007,1338.558
nld,sex_f,geo_cov_urb,mts_aggregate_1,2008,1310.112
nld,sex_f,geo_cov_urb,mts_aggregate_1,2009,1307.258
nld,sex_f,geo_cov_urb,mts_aggregate_1,2010,1293.026
nld,sex_f,geo_cov_urb,mts_aggregate_1,2011,1318.066
nld,sex_f,geo_cov_urb,mts_aggregate_1,2012,1186.528
nld,sex_f,geo_cov_urb,mts_aggregate_1,2013,1191.304
nld,sex_f,geo_cov_urb,mts_aggregate_1,2014,1225.822
nld,sex_f,geo_cov_urb,mts_aggregate_1,2015,1221.908
nld,sex_f,geo_cov_urb,mts_aggregate_1,2016,1291.68
nld,sex_f,geo_cov_urb,mts_aggregate_1,2017,1322.594
nld,sex_f,geo_cov_urb,mts_aggregate_1,2018,1309.681
nld,sex_f,geo_cov_urb,mts_aggregate_1,2019,1275.299
nld,sex_f,geo_cov_urb,mts_aggregate_1,2020,1300.412
nld,sex_f,geo_cov_urb,mts_aggregate_2,1992,1898.795
nld,sex_f,geo_cov_urb,mts_aggregate_2,1993,1863.056
nld,sex_f,geo_cov_urb,mts_aggregate_2,1994,1831.615
nld,sex_f,geo_cov_urb,mts_aggregate_2,1995,1825.52
nld,sex_f,geo_cov_urb,mts_aggregate_2,1996,1788.748
nld,sex_f,geo_cov_urb,mts_aggregate_2,1997,1748.734
nld,sex_f,geo_cov_urb,mts_aggregate_2,1998,1635.841
nld,sex_f,geo_cov_urb,mts_aggregate_2,1999,1676.057
nld,sex_f,geo_cov_urb,mts_aggregate_2,2000,1652.452
nld,sex_f,geo_cov_urb,mts_aggregate_2,2001,1626.53
nld,sex_f,geo_cov_urb,mts_aggregate_2,2002,1570.76
nld,sex_f,geo_cov_urb,mts_aggregate_2,2003,1553.173
nld,sex_f,geo_cov_urb,mts_aggregate_2,2004,1532.728
nld,sex_f,geo_cov_urb,mts_aggregate_2,2005,1499.109
nld,sex_f,geo_cov_urb,mts_aggregate_2,2006,1509.223
nld,sex_f,geo_cov_urb,mts_aggregate_2,2007,1454.249
nld,sex_f,geo_cov_urb,mts_aggregate_2,2008,1453.458
nld,sex_f,geo_cov_urb,mts_aggregate_2,2009,1434.899
nld,sex_f,geo_cov_urb,mts_aggregate_2,2010,1452.054
nld,sex_f,geo_cov_urb,mts_aggregate_2,2011,1450.61
nld,sex_f,geo_cov_urb,mts_aggregate_2,2012,1214.517
nld,sex_f,geo_cov_urb,mts_aggregate_2,2013,1228.265
nld,sex_f,geo_cov_urb,mts_aggregate_2,2014,1257.228
nld,sex_f,geo_cov_urb,mts_aggregate_2,2015,1255.023
nld,sex_f,geo_cov_urb,mts_aggregate_2,2016,1341.707
nld,sex_f,geo_cov_urb,mts_aggregate_2,2017,1326.571
nld,sex_f,geo_cov_urb,mts_aggregate_2,2018,1329.936
nld,sex_f,geo_cov_urb,mts_aggregate_2,2019,1331.735
nld,sex_f,geo_cov_urb,mts_aggregate_2,2020,1304.041
nld,sex_f,geo_cov_urb,mts_aggregate_total,1992,3182.546
nld,sex_f,geo_cov_urb,mts_aggregate_total,1993,3171.591
nld,sex_f,geo_cov_urb,mts_aggregate_total,1994,3127.427
nld,sex_f,geo_cov_urb,mts_aggregate_total,1995,3108.51
nld,sex_f,geo_cov_urb,mts_aggregate_total,1996,3064.519
nld,sex_f,geo_cov_urb,mts_aggregate_total,1997,3011.035
nld,sex_f,geo_cov_urb,mts_aggregate_total,1998,2967.757
nld,sex_f,geo_cov_urb,mts_aggregate_total,1999,2887.349
nld,sex_f,geo_cov_urb,mts_aggregate_total,2000,2864.521
nld,sex_f,geo_cov_urb,mts_aggregate_total,2001,2848.861
nld,sex_f,geo_cov_urb,mts_aggregate_total,2002,2794.307
nld,sex_f,geo_cov_urb,mts_aggregate_total,2003,2782.116
nld,sex_f,geo_cov_urb,mts_aggregate_total,2004,2780.752
nld,sex_f,geo_cov_urb,mts_aggregate_total,2005,2860.253
nld,sex_f,geo_cov_urb,mts_aggregate_total,2006,2869.429
nld,sex_f,geo_cov_urb,mts_aggregate_total,2007,2792.924
nld,sex_f,geo_cov_urb,mts_aggregate_total,2008,2763.92
nld,sex_f,geo_cov_urb,mts_aggregate_total,2009,2742.156
nld,sex_f,geo_cov_urb,mts_aggregate_total,2010,2745.654
nld,sex_f,geo_cov_urb,mts_aggregate_total,2011,2769.953
nld,sex_f,geo_cov_urb,mts_aggregate_total,2012,2401.288
nld,sex_f,geo_cov_urb,mts_aggregate_total,2013,2419.77
nld,sex_f,geo_cov_urb,mts_aggregate_total,2014,2484.973
nld,sex_f,geo_cov_urb,mts_aggregate_total,2015,2476.931
nld,sex_f,geo_cov_urb,mts_aggregate_total,2016,2633.387
nld,sex_f,geo_cov_urb,mts_aggregate_total,2017,2650.176
nld,sex_f,geo_cov_urb,mts_aggregate_total,2018,2641.101
nld,sex_f,geo_cov_urb,mts_aggregate_total,2019,2607.275
nld,sex_f,geo_cov_urb,mts_aggregate_total,2020,2604.453
nld,sex_m,geo_cov_nat,mts_aggregate_1,1992,762.059
nld,sex_m,geo_cov_nat,mts_aggregate_1,1993,769.892
nld,sex_m,geo_cov_nat,mts_aggregate_1,1994,761.441
nld,sex_m,geo_cov_nat,mts_aggregate_1,1995,754.266
nld,sex_m,geo_cov_nat,mts_aggregate_1,1996,765.8
nld,sex_m,geo_cov_nat,mts_aggregate_1,1997,724.625
nld,sex_m,geo_cov_nat,mts_aggregate_1,1998,721.331
nld,sex_m,geo_cov_nat,mts_aggregate_1,1999,695.711
nld,sex_m,geo_cov_nat,mts_aggregate_1,2000,621.005
nld,sex_m,geo_cov_nat,mts_aggregate_1,2001,647.381
nld,sex_m,geo_cov_nat,mts_aggregate_1,2002,632.375
nld,sex_m,geo_cov_nat,mts_aggregate_1,2003,670.345
nld,sex_m,geo_cov_nat,mts_aggregate_1,2004,698.914
nld,sex_m,geo_cov_nat,mts_aggregate_1,2005,766.536
nld,sex_m,geo_cov_nat,mts_aggregate_1,2006,797.333
nld,sex_m,geo_cov_nat,mts_aggregate_1,2007,784.168
nld,sex_m,geo_cov_nat,mts_aggregate_1,2008,751.306
nld,sex_m,geo_cov_nat,mts_aggregate_1,2009,768.08
nld,sex_m,geo_cov_nat,mts_aggregate_1,2010,813.246
nld,sex_m,geo_cov_nat,mts_aggregate_1,2011,852.586
nld,sex_m,geo_cov_nat,mts_aggregate_1,2012,868.053
nld,sex_m,geo_cov_nat,mts_aggregate_1,2013,858.868
nld,sex_m,geo_cov_nat,mts_aggregate_1,2014,883.492
nld,sex_m,geo_cov_nat,mts_aggregate_1,2015,886.981
nld,sex_m,geo_cov_nat,mts_aggregate_1,2016,932.531
nld,sex_m,geo_cov_nat,mts_aggregate_1,2017,958.193
nld,sex_m,geo_cov_nat,mts_aggregate_1,2018,958.713
nld,sex_m,geo_cov_nat,mts_aggregate_1,2019,966.435
nld,sex_m,geo_cov_nat,mts_aggregate_1,2020,978.997
nld,sex_m,geo_cov_nat,mts_aggregate_2,1992,998.581
nld,sex_m,geo_cov_nat,mts_aggregate_2,1993,1024.879
nld,sex_m,geo_cov_nat,mts_aggregate_2,1994,1026.668
nld,sex_m,geo_cov_nat,mts_aggregate_2,1995,1047.499
nld,sex_m,geo_cov_nat,mts_aggregate_2,1996,1045.673
nld,sex_m,geo_cov_nat,mts_aggregate_2,1997,1028.899
nld,sex_m,geo_cov_nat,mts_aggregate_2,1998,1000.118
nld,sex_m,geo_cov_nat,mts_aggregate_2,1999,1037.205
nld,sex_m,geo_cov_nat,mts_aggregate_2,2000,1062.307
nld,sex_m,geo_cov_nat,mts_aggregate_2,2001,1029.897
nld,sex_m,geo_cov_nat,mts_aggregate_2,2002,1018.537
nld,sex_m,geo_cov_nat,mts_aggregate_2,2003,1048.49
nld,sex_m,geo_cov_nat,mts_aggregate_2,2004,1039.907
nld,sex_m,geo_cov_nat,mts_aggregate_2,2005,1076.315
nld,sex_m,geo_cov_nat,mts_aggregate_2,2006,1072.396
nld,sex_m,geo_cov_nat,mts_aggregate_2,2007,1046.513
nld,sex_m,geo_cov_nat,mts_aggregate_2,2008,1056.299
nld,sex_m,geo_cov_nat,mts_aggregate_2,2009,1066.251
nld,sex_m,geo_cov_nat,mts_aggregate_2,2010,1099.316
nld,sex_m,geo_cov_nat,mts_aggregate_2,2011,1110.72
nld,sex_m,geo_cov_nat,mts_aggregate_2,2012,1087.128
nld,sex_m,geo_cov_nat,mts_aggregate_2,2013,1118.812
nld,sex_m,geo_cov_nat,mts_aggregate_2,2014,1129.163
nld,sex_m,geo_cov_nat,mts_aggregate_2,2015,1153.655
nld,sex_m,geo_cov_nat,mts_aggregate_2,2016,1165.641
nld,sex_m,geo_cov_nat,mts_aggregate_2,2017,1172.093
nld,sex_m,geo_cov_nat,mts_aggregate_2,2018,1177.729
nld,sex_m,geo_cov_nat,mts_aggregate_2,2019,1168.027
nld,sex_m,geo_cov_nat,mts_aggregate_2,2020,1217.006
nld,sex_m,geo_cov_nat,mts_aggregate_total,1992,1760.64
nld,sex_m,geo_cov_nat,mts_aggregate_total,1993,1794.771
nld,sex_m,geo_cov_nat,mts_aggregate_total,1994,1788.11
nld,sex_m,geo_cov_nat,mts_aggregate_total,1995,1802.028
nld,sex_m,geo_cov_nat,mts_aggregate_total,1996,1811.615
nld,sex_m,geo_cov_nat,mts_aggregate_total,1997,1754.128
nld,sex_m,geo_cov_nat,mts_aggregate_total,1998,1722.277
nld,sex_m,geo_cov_nat,mts_aggregate_total,1999,1733.182
nld,sex_m,geo_cov_nat,mts_aggregate_total,2000,1683.312
nld,sex_m,geo_cov_nat,mts_aggregate_total,2001,1677.433
nld,sex_m,geo_cov_nat,mts_aggregate_total,2002,1650.912
nld,sex_m,geo_cov_nat,mts_aggregate_total,2003,1718.835
nld,sex_m,geo_cov_nat,mts_aggregate_total,2004,1739.792
nld,sex_m,geo_cov_nat,mts_aggregate_total,2005,1842.959
nld,sex_m,geo_cov_nat,mts_aggregate_total,2006,1870.336
nld,sex_m,geo_cov_nat,mts_aggregate_total,2007,1830.681
nld,sex_m,geo_cov_nat,mts_aggregate_total,2008,1807.763
nld,sex_m,geo_cov_nat,mts_aggregate_total,2009,1834.42
nld,sex_m,geo_cov_nat,mts_aggregate_total,2010,1912.678
nld,sex_m,geo_cov_nat,mts_aggregate_total,2011,1963.306
nld,sex_m,geo_cov_nat,mts_aggregate_total,2012,1955.918
nld,sex_m,geo_cov_nat,mts_aggregate_total,2013,1977.68
nld,sex_m,geo_cov_nat,mts_aggregate_total,2014,2013.464
nld,sex_m,geo_cov_nat,mts_aggregate_total,2015,2041.626
nld,sex_m,geo_cov_nat,mts_aggregate_total,2016,2098.617
nld,sex_m,geo_cov_nat,mts_aggregate_total,2017,2130.285
nld,sex_m,geo_cov_nat,mts_aggregate_total,2018,2136.442
nld,sex_m,geo_cov_nat,mts_aggregate_total,2019,2134.461
nld,sex_m,geo_cov_nat,mts_aggregate_total,2020,2197.877
nld,sex_m,geo_cov_rur,mts_aggregate_1,1992,27.604
nld,sex_m,geo_cov_rur,mts_aggregate_1,1993,27.457
nld,sex_m,geo_cov_rur,mts_aggregate_1,1994,28.482
nld,sex_m,geo_cov_rur,mts_aggregate_1,1995,30.768
nld,sex_m,geo_cov_rur,mts_aggregate_1,1996,26.014
nld,sex_m,geo_cov_rur,mts_aggregate_1,1997,24.103
nld,sex_m,geo_cov_rur,mts_aggregate_1,1998,29.719
nld,sex_m,geo_cov_rur,mts_aggregate_1,1999,23.487
nld,sex_m,geo_cov_rur,mts_aggregate_1,2000,19.224
nld,sex_m,geo_cov_rur,mts_aggregate_1,2001,17.962
nld,sex_m,geo_cov_rur,mts_aggregate_1,2002,18.619
nld,sex_m,geo_cov_rur,mts_aggregate_1,2003,15.929
nld,sex_m,geo_cov_rur,mts_aggregate_1,2004,15.444
nld,sex_m,geo_cov_rur,mts_aggregate_1,2005,18.98
nld,sex_m,geo_cov_rur,mts_aggregate_1,2006,18.303
nld,sex_m,geo_cov_rur,mts_aggregate_1,2007,22.425
nld,sex_m,geo_cov_rur,mts_aggregate_1,2008,16.509
nld,sex_m,geo_cov_rur,mts_aggregate_1,2009,13.779
nld,sex_m,geo_cov_rur,mts_aggregate_1,2010,11.726
nld,sex_m,geo_cov_rur,mts_aggregate_1,2011,19.094
nld,sex_m,geo_cov_rur,mts_aggregate_1,2012,118.935
nld,sex_m,geo_cov_rur,mts_aggregate_1,2013,114.744
nld,sex_m,geo_cov_rur,mts_aggregate_1,2014,96.825
nld,sex_m,geo_cov_rur,mts_aggregate_1,2015,120.318
nld,sex_m,geo_cov_rur,mts_aggregate_1,2016,77.26
nld,sex_m,geo_cov_rur,mts_aggregate_1,2017,69.052
nld,sex_m,geo_cov_rur,mts_aggregate_1,2018,77.689
nld,sex_m,geo_cov_rur,mts_aggregate_1,2019,91.143
nld,sex_m,geo_cov_rur,mts_aggregate_1,2020,87.982
nld,sex_m,geo_cov_rur,mts_aggregate_2,1992,41.75
nld,sex_m,geo_cov_rur,mts_aggregate_2,1993,46.013
nld,sex_m,geo_cov_rur,mts_aggregate_2,1994,40.212
nld,sex_m,geo_cov_rur,mts_aggregate_2,1995,43.648
nld,sex_m,geo_cov_rur,mts_aggregate_2,1996,40.878
nld,sex_m,geo_cov_rur,mts_aggregate_2,1997,35.454
nld,sex_m,geo_cov_rur,mts_aggregate_2,1998,42.377
nld,sex_m,geo_cov_rur,mts_aggregate_2,1999,49.871
nld,sex_m,geo_cov_rur,mts_aggregate_2,2000,33.567
nld,sex_m,geo_cov_rur,mts_aggregate_2,2001,25.253
nld,sex_m,geo_cov_rur,mts_aggregate_2,2002,35.694
nld,sex_m,geo_cov_rur,mts_aggregate_2,2003,30.253
nld,sex_m,geo_cov_rur,mts_aggregate_2,2004,25.75
nld,sex_m,geo_cov_rur,mts_aggregate_2,2005,37.348
nld,sex_m,geo_cov_rur,mts_aggregate_2,2006,26.873
nld,sex_m,geo_cov_rur,mts_aggregate_2,2007,27.731
nld,sex_m,geo_cov_rur,mts_aggregate_2,2008,23.876
nld,sex_m,geo_cov_rur,mts_aggregate_2,2009,31
nld,sex_m,geo_cov_rur,mts_aggregate_2,2010,35.332
nld,sex_m,geo_cov_rur,mts_aggregate_2,2011,26.877
nld,sex_m,geo_cov_rur,mts_aggregate_2,2012,200.82
nld,sex_m,geo_cov_rur,mts_aggregate_2,2013,190.927
nld,sex_m,geo_cov_rur,mts_aggregate_2,2014,201.357
nld,sex_m,geo_cov_rur,mts_aggregate_2,2015,187.271
nld,sex_m,geo_cov_rur,mts_aggregate_2,2016,142.476
nld,sex_m,geo_cov_rur,mts_aggregate_2,2017,139.892
nld,sex_m,geo_cov_rur,mts_aggregate_2,2018,147.591
nld,sex_m,geo_cov_rur,mts_aggregate_2,2019,142.307
nld,sex_m,geo_cov_rur,mts_aggregate_2,2020,165.483
nld,sex_m,geo_cov_rur,mts_aggregate_total,1992,69.353
nld,sex_m,geo_cov_rur,mts_aggregate_total,1993,73.47
nld,sex_m,geo_cov_rur,mts_aggregate_total,1994,68.694
nld,sex_m,geo_cov_rur,mts_aggregate_total,1995,74.416
nld,sex_m,geo_cov_rur,mts_aggregate_total,1996,66.892
nld,sex_m,geo_cov_rur,mts_aggregate_total,1997,59.557
nld,sex_m,geo_cov_rur,mts_aggregate_total,1998,72.096
nld,sex_m,geo_cov_rur,mts_aggregate_total,1999,73.358
nld,sex_m,geo_cov_rur,mts_aggregate_total,2000,52.791
nld,sex_m,geo_cov_rur,mts_aggregate_total,2001,43.215
nld,sex_m,geo_cov_rur,mts_aggregate_total,2002,54.313
nld,sex_m,geo_cov_rur,mts_aggregate_total,2003,46.182
nld,sex_m,geo_cov_rur,mts_aggregate_total,2004,41.194
nld,sex_m,geo_cov_rur,mts_aggregate_total,2005,56.327
nld,sex_m,geo_cov_rur,mts_aggregate_total,2006,45.176
nld,sex_m,geo_cov_rur,mts_aggregate_total,2007,50.156
nld,sex_m,geo_cov_rur,mts_aggregate_total,2008,40.385
nld,sex_m,geo_cov_rur,mts_aggregate_total,2009,44.779
nld,sex_m,geo_cov_rur,mts_aggregate_total,2010,47.059
nld,sex_m,geo_cov_rur,mts_aggregate_total,2011,45.972
nld,sex_m,geo_cov_rur,mts_aggregate_total,2012,319.755
nld,sex_m,geo_cov_rur,mts_aggregate_total,2013,305.671
nld,sex_m,geo_cov_rur,mts_aggregate_total,2014,298.182
nld,sex_m,geo_cov_rur,mts_aggregate_total,2015,307.589
nld,sex_m,geo_cov_rur,mts_aggregate_total,2016,220.181
nld,sex_m,geo_cov_rur,mts_aggregate_total,2017,208.944
nld,sex_m,geo_cov_rur,mts_aggregate_total,2018,225.28
nld,sex_m,geo_cov_rur,mts_aggregate_total,2019,233.45
nld,sex_m,geo_cov_rur,mts_aggregate_total,2020,253.465
nld,sex_m,geo_cov_urb,mts_aggregate_1,1992,734.456
nld,sex_m,geo_cov_urb,mts_aggregate_1,1993,742.436
nld,sex_m,geo_cov_urb,mts_aggregate_1,1994,732.959
nld,sex_m,geo_cov_urb,mts_aggregate_1,1995,723.498
nld,sex_m,geo_cov_urb,mts_aggregate_1,1996,739.786
nld,sex_m,geo_cov_urb,mts_aggregate_1,1997,700.522
nld,sex_m,geo_cov_urb,mts_aggregate_1,1998,691.612
nld,sex_m,geo_cov_urb,mts_aggregate_1,1999,672.224
nld,sex_m,geo_cov_urb,mts_aggregate_1,2000,601.782
nld,sex_m,geo_cov_urb,mts_aggregate_1,2001,629.419
nld,sex_m,geo_cov_urb,mts_aggregate_1,2002,613.757
nld,sex_m,geo_cov_urb,mts_aggregate_1,2003,654.416
nld,sex_m,geo_cov_urb,mts_aggregate_1,2004,683.469
nld,sex_m,geo_cov_urb,mts_aggregate_1,2005,747.557
nld,sex_m,geo_cov_urb,mts_aggregate_1,2006,779.031
nld,sex_m,geo_cov_urb,mts_aggregate_1,2007,761.744
nld,sex_m,geo_cov_urb,mts_aggregate_1,2008,734.797
nld,sex_m,geo_cov_urb,mts_aggregate_1,2009,754.301
nld,sex_m,geo_cov_urb,mts_aggregate_1,2010,801.52
nld,sex_m,geo_cov_urb,mts_aggregate_1,2011,833.492
nld,sex_m,geo_cov_urb,mts_aggregate_1,2012,749.118
nld,sex_m,geo_cov_urb,mts_aggregate_1,2013,744.124
nld,sex_m,geo_cov_urb,mts_aggregate_1,2014,786.667
nld,sex_m,geo_cov_urb,mts_aggregate_1,2015,766.663
nld,sex_m,geo_cov_urb,mts_aggregate_1,2016,855.271
nld,sex_m,geo_cov_urb,mts_aggregate_1,2017,889.14
nld,sex_m,geo_cov_urb,mts_aggregate_1,2018,881.024
nld,sex_m,geo_cov_urb,mts_aggregate_1,2019,875.292
nld,sex_m,geo_cov_urb,mts_aggregate_1,2020,891.015
nld,sex_m,geo_cov_urb,mts_aggregate_2,1992,956.831
nld,sex_m,geo_cov_urb,mts_aggregate_2,1993,978.866
nld,sex_m,geo_cov_urb,mts_aggregate_2,1994,986.456
nld,sex_m,geo_cov_urb,mts_aggregate_2,1995,1003.852
nld,sex_m,geo_cov_urb,mts_aggregate_2,1996,1004.795
nld,sex_m,geo_cov_urb,mts_aggregate_2,1997,993.445
nld,sex_m,geo_cov_urb,mts_aggregate_2,1998,957.741
nld,sex_m,geo_cov_urb,mts_aggregate_2,1999,987.333
nld,sex_m,geo_cov_urb,mts_aggregate_2,2000,1028.74
nld,sex_m,geo_cov_urb,mts_aggregate_2,2001,1004.644
nld,sex_m,geo_cov_urb,mts_aggregate_2,2002,982.843
nld,sex_m,geo_cov_urb,mts_aggregate_2,2003,1018.238
nld,sex_m,geo_cov_urb,mts_aggregate_2,2004,1014.157
nld,sex_m,geo_cov_urb,mts_aggregate_2,2005,1038.967
nld,sex_m,geo_cov_urb,mts_aggregate_2,2006,1045.523
nld,sex_m,geo_cov_urb,mts_aggregate_2,2007,1018.782
nld,sex_m,geo_cov_urb,mts_aggregate_2,2008,1032.423
nld,sex_m,geo_cov_urb,mts_aggregate_2,2009,1035.25
nld,sex_m,geo_cov_urb,mts_aggregate_2,2010,1063.984
nld,sex_m,geo_cov_urb,mts_aggregate_2,2011,1083.843
nld,sex_m,geo_cov_urb,mts_aggregate_2,2012,886.307
nld,sex_m,geo_cov_urb,mts_aggregate_2,2013,927.885
nld,sex_m,geo_cov_urb,mts_aggregate_2,2014,927.806
nld,sex_m,geo_cov_urb,mts_aggregate_2,2015,966.384
nld,sex_m,geo_cov_urb,mts_aggregate_2,2016,1023.166
nld,sex_m,geo_cov_urb,mts_aggregate_2,2017,1032.201
nld,sex_m,geo_cov_urb,mts_aggregate_2,2018,1030.138
nld,sex_m,geo_cov_urb,mts_aggregate_2,2019,1025.72
nld,sex_m,geo_cov_urb,mts_aggregate_2,2020,1051.523
nld,sex_m,geo_cov_urb,mts_aggregate_total,1992,1691.287
nld,sex_m,geo_cov_urb,mts_aggregate_total,1993,1721.302
nld,sex_m,geo_cov_urb,mts_aggregate_total,1994,1719.416
nld,sex_m,geo_cov_urb,mts_aggregate_total,1995,1727.613
nld,sex_m,geo_cov_urb,mts_aggregate_total,1996,1744.724
nld,sex_m,geo_cov_urb,mts_aggregate_total,1997,1694.572
nld,sex_m,geo_cov_urb,mts_aggregate_total,1998,1650.181
nld,sex_m,geo_cov_urb,mts_aggregate_total,1999,1659.823
nld,sex_m,geo_cov_urb,mts_aggregate_total,2000,1630.521
nld,sex_m,geo_cov_urb,mts_aggregate_total,2001,1634.218
nld,sex_m,geo_cov_urb,mts_aggregate_total,2002,1596.599
nld,sex_m,geo_cov_urb,mts_aggregate_total,2003,1672.653
nld,sex_m,geo_cov_urb,mts_aggregate_total,2004,1698.598
nld,sex_m,geo_cov_urb,mts_aggregate_total,2005,1786.632
nld,sex_m,geo_cov_urb,mts_aggregate_total,2006,1825.161
nld,sex_m,geo_cov_urb,mts_aggregate_total,2007,1780.526
nld,sex_m,geo_cov_urb,mts_aggregate_total,2008,1767.378
nld,sex_m,geo_cov_urb,mts_aggregate_total,2009,1789.641
nld,sex_m,geo_cov_urb,mts_aggregate_total,2010,1865.62
nld,sex_m,geo_cov_urb,mts_aggregate_total,2011,1917.335
nld,sex_m,geo_cov_urb,mts_aggregate_total,2012,1636.163
nld,sex_m,geo_cov_urb,mts_aggregate_total,2013,1672.009
nld,sex_m,geo_cov_urb,mts_aggregate_total,2014,1715.282
nld,sex_m,geo_cov_urb,mts_aggregate_total,2015,1734.036
nld,sex_m,geo_cov_urb,mts_aggregate_total,2016,1878.436
nld,sex_m,geo_cov_urb,mts_aggregate_total,2017,1921.342
nld,sex_m,geo_cov_urb,mts_aggregate_total,2018,1911.162
nld,sex_m,geo_cov_urb,mts_aggregate_total,2019,1901.011
nld,sex_m,geo_cov_urb,mts_aggregate_total,2020,1944.412
nld,sex_t,geo_cov_nat,mts_aggregate_1,1992,2088.365
nld,sex_t,geo_cov_nat,mts_aggregate_1,1993,2122.818
nld,sex_t,geo_cov_nat,mts_aggregate_1,1994,2103.314
nld,sex_t,geo_cov_nat,mts_aggregate_1,1995,2080.645
nld,sex_t,geo_cov_nat,mts_aggregate_1,1996,2086.61
nld,sex_t,geo_cov_nat,mts_aggregate_1,1997,2026.785
nld,sex_t,geo_cov_nat,mts_aggregate_1,1998,2096.912
nld,sex_t,geo_cov_nat,mts_aggregate_1,1999,1947.231
nld,sex_t,geo_cov_nat,mts_aggregate_1,2000,1867.836
nld,sex_t,geo_cov_nat,mts_aggregate_1,2001,1897.703
nld,sex_t,geo_cov_nat,mts_aggregate_1,2002,1896.435
nld,sex_t,geo_cov_nat,mts_aggregate_1,2003,1934.221
nld,sex_t,geo_cov_nat,mts_aggregate_1,2004,1979.009
nld,sex_t,geo_cov_nat,mts_aggregate_1,2005,2168.298
nld,sex_t,geo_cov_nat,mts_aggregate_1,2006,2184.078
nld,sex_t,geo_cov_nat,mts_aggregate_1,2007,2151.435
nld,sex_t,geo_cov_nat,mts_aggregate_1,2008,2086.896
nld,sex_t,geo_cov_nat,mts_aggregate_1,2009,2093.412
nld,sex_t,geo_cov_nat,mts_aggregate_1,2010,2133.861
nld,sex_t,geo_cov_nat,mts_aggregate_1,2011,2195.564
nld,sex_t,geo_cov_nat,mts_aggregate_1,2012,2214.313
nld,sex_t,geo_cov_nat,mts_aggregate_1,2013,2217.312
nld,sex_t,geo_cov_nat,mts_aggregate_1,2014,2272.05
nld,sex_t,geo_cov_nat,mts_aggregate_1,2015,2282.317
nld,sex_t,geo_cov_nat,mts_aggregate_1,2016,2334.877
nld,sex_t,geo_cov_nat,mts_aggregate_1,2017,2401.191
nld,sex_t,geo_cov_nat,mts_aggregate_1,2018,2396.621
nld,sex_t,geo_cov_nat,mts_aggregate_1,2019,2376.38
nld,sex_t,geo_cov_nat,mts_aggregate_1,2020,2411.265
nld,sex_t,geo_cov_nat,mts_aggregate_2,1992,2977.878
nld,sex_t,geo_cov_nat,mts_aggregate_2,1993,2974.776
nld,sex_t,geo_cov_nat,mts_aggregate_2,1994,2940.232
nld,sex_t,geo_cov_nat,mts_aggregate_2,1995,2952.698
nld,sex_t,geo_cov_nat,mts_aggregate_2,1996,2911.343
nld,sex_t,geo_cov_nat,mts_aggregate_2,1997,2846.625
nld,sex_t,geo_cov_nat,mts_aggregate_2,1998,2709.143
nld,sex_t,geo_cov_nat,mts_aggregate_2,1999,2790.89
nld,sex_t,geo_cov_nat,mts_aggregate_2,2000,2769.704
nld,sex_t,geo_cov_nat,mts_aggregate_2,2001,2700.674
nld,sex_t,geo_cov_nat,mts_aggregate_2,2002,2645.574
nld,sex_t,geo_cov_nat,mts_aggregate_2,2003,2653.761
nld,sex_t,geo_cov_nat,mts_aggregate_2,2004,2613.817
nld,sex_t,geo_cov_nat,mts_aggregate_2,2005,2628.612
nld,sex_t,geo_cov_nat,mts_aggregate_2,2006,2619.255
nld,sex_t,geo_cov_nat,mts_aggregate_2,2007,2541.263
nld,sex_t,geo_cov_nat,mts_aggregate_2,2008,2539.898
nld,sex_t,geo_cov_nat,mts_aggregate_2,2009,2541.57
nld,sex_t,geo_cov_nat,mts_aggregate_2,2010,2598.775
nld,sex_t,geo_cov_nat,mts_aggregate_2,2011,2597.071
nld,sex_t,geo_cov_nat,mts_aggregate_2,2012,2554.797
nld,sex_t,geo_cov_nat,mts_aggregate_2,2013,2600.999
nld,sex_t,geo_cov_nat,mts_aggregate_2,2014,2648.773
nld,sex_t,geo_cov_nat,mts_aggregate_2,2015,2657.975
nld,sex_t,geo_cov_nat,mts_aggregate_2,2016,2690.198
nld,sex_t,geo_cov_nat,mts_aggregate_2,2017,2677.992
nld,sex_t,geo_cov_nat,mts_aggregate_2,2018,2687.057
nld,sex_t,geo_cov_nat,mts_aggregate_2,2019,2675.07
nld,sex_t,geo_cov_nat,mts_aggregate_2,2020,2718.105
nld,sex_t,geo_cov_nat,mts_aggregate_total,1992,5066.516
nld,sex_t,geo_cov_nat,mts_aggregate_total,1993,5097.594
nld,sex_t,geo_cov_nat,mts_aggregate_total,1994,5043.688
nld,sex_t,geo_cov_nat,mts_aggregate_total,1995,5033.605
nld,sex_t,geo_cov_nat,mts_aggregate_total,1996,4998.384
nld,sex_t,geo_cov_nat,mts_aggregate_total,1997,4874.138
nld,sex_t,geo_cov_nat,mts_aggregate_total,1998,4807.92
nld,sex_t,geo_cov_nat,mts_aggregate_total,1999,4738.388
nld,sex_t,geo_cov_nat,mts_aggregate_total,2000,4637.54
nld,sex_t,geo_cov_nat,mts_aggregate_total,2001,4598.532
nld,sex_t,geo_cov_nat,mts_aggregate_total,2002,4542.342
nld,sex_t,geo_cov_nat,mts_aggregate_total,2003,4587.982
nld,sex_t,geo_cov_nat,mts_aggregate_total,2004,4594.301
nld,sex_t,geo_cov_nat,mts_aggregate_total,2005,4797.173
nld,sex_t,geo_cov_nat,mts_aggregate_total,2006,4804.358
nld,sex_t,geo_cov_nat,mts_aggregate_total,2007,4692.815
nld,sex_t,geo_cov_nat,mts_aggregate_total,2008,4627.301
nld,sex_t,geo_cov_nat,mts_aggregate_total,2009,4635.072
nld,sex_t,geo_cov_nat,mts_aggregate_total,2010,4733.325
nld,sex_t,geo_cov_nat,mts_aggregate_total,2011,4793.913
nld,sex_t,geo_cov_nat,mts_aggregate_total,2012,4770.154
nld,sex_t,geo_cov_nat,mts_aggregate_total,2013,4818.512
nld,sex_t,geo_cov_nat,mts_aggregate_total,2014,4923.554
nld,sex_t,geo_cov_nat,mts_aggregate_total,2015,4941.281
nld,sex_t,geo_cov_nat,mts_aggregate_total,2016,5025.52
nld,sex_t,geo_cov_nat,mts_aggregate_total,2017,5080.194
nld,sex_t,geo_cov_nat,mts_aggregate_total,2018,5085.163
nld,sex_t,geo_cov_nat,mts_aggregate_total,2019,5051.691
nld,sex_t,geo_cov_nat,mts_aggregate_total,2020,5131.645
nld,sex_t,geo_cov_nat,mts_aggregate_x,2006,1.025
nld,sex_t,geo_cov_rur,mts_aggregate_1,1992,70.432
nld,sex_t,geo_cov_rur,mts_aggregate_1,1993,71.848
nld,sex_t,geo_cov_rur,mts_aggregate_1,1994,74.685
nld,sex_t,geo_cov_rur,mts_aggregate_1,1995,74.157
nld,sex_t,geo_cov_rur,mts_aggregate_1,1996,71.342
nld,sex_t,geo_cov_rur,mts_aggregate_1,1997,64.086
nld,sex_t,geo_cov_rur,mts_aggregate_1,1998,74.422
nld,sex_t,geo_cov_rur,mts_aggregate_1,1999,63.715
nld,sex_t,geo_cov_rur,mts_aggregate_1,2000,53.986
nld,sex_t,geo_cov_rur,mts_aggregate_1,2001,45.953
nld,sex_t,geo_cov_rur,mts_aggregate_1,2002,59.465
nld,sex_t,geo_cov_rur,mts_aggregate_1,2003,50.862
nld,sex_t,geo_cov_rur,mts_aggregate_1,2004,48.019
nld,sex_t,geo_cov_rur,mts_aggregate_1,2005,59.752
nld,sex_t,geo_cov_rur,mts_aggregate_1,2006,45.142
nld,sex_t,geo_cov_rur,mts_aggregate_1,2007,51.134
nld,sex_t,geo_cov_rur,mts_aggregate_1,2008,41.986
nld,sex_t,geo_cov_rur,mts_aggregate_1,2009,31.853
nld,sex_t,geo_cov_rur,mts_aggregate_1,2010,39.315
nld,sex_t,geo_cov_rur,mts_aggregate_1,2011,44.007
nld,sex_t,geo_cov_rur,mts_aggregate_1,2012,278.666
nld,sex_t,geo_cov_rur,mts_aggregate_1,2013,281.884
nld,sex_t,geo_cov_rur,mts_aggregate_1,2014,259.561
nld,sex_t,geo_cov_rur,mts_aggregate_1,2015,293.746
nld,sex_t,geo_cov_rur,mts_aggregate_1,2016,187.926
nld,sex_t,geo_cov_rur,mts_aggregate_1,2017,189.457
nld,sex_t,geo_cov_rur,mts_aggregate_1,2018,205.916
nld,sex_t,geo_cov_rur,mts_aggregate_1,2019,225.789
nld,sex_t,geo_cov_rur,mts_aggregate_1,2020,219.838
nld,sex_t,geo_cov_rur,mts_aggregate_2,1992,122.252
nld,sex_t,geo_cov_rur,mts_aggregate_2,1993,132.854
nld,sex_t,geo_cov_rur,mts_aggregate_2,1994,122.16
nld,sex_t,geo_cov_rur,mts_aggregate_2,1995,123.326
nld,sex_t,geo_cov_rur,mts_aggregate_2,1996,117.799
nld,sex_t,geo_cov_rur,mts_aggregate_2,1997,104.445
nld,sex_t,geo_cov_rur,mts_aggregate_2,1998,115.561
nld,sex_t,geo_cov_rur,mts_aggregate_2,1999,127.5
nld,sex_t,geo_cov_rur,mts_aggregate_2,2000,88.512
nld,sex_t,geo_cov_rur,mts_aggregate_2,2001,69.499
nld,sex_t,geo_cov_rur,mts_aggregate_2,2002,91.972
nld,sex_t,geo_cov_rur,mts_aggregate_2,2003,82.351
nld,sex_t,geo_cov_rur,mts_aggregate_2,2004,66.932
nld,sex_t,geo_cov_rur,mts_aggregate_2,2005,90.535
nld,sex_t,geo_cov_rur,mts_aggregate_2,2006,64.509
nld,sex_t,geo_cov_rur,mts_aggregate_2,2007,68.232
nld,sex_t,geo_cov_rur,mts_aggregate_2,2008,54.017
nld,sex_t,geo_cov_rur,mts_aggregate_2,2009,71.421
nld,sex_t,geo_cov_rur,mts_aggregate_2,2010,82.736
nld,sex_t,geo_cov_rur,mts_aggregate_2,2011,62.619
nld,sex_t,geo_cov_rur,mts_aggregate_2,2012,453.972
nld,sex_t,geo_cov_rur,mts_aggregate_2,2013,444.849
nld,sex_t,geo_cov_rur,mts_aggregate_2,2014,463.739
nld,sex_t,geo_cov_rur,mts_aggregate_2,2015,436.568
nld,sex_t,geo_cov_rur,mts_aggregate_2,2016,325.326
nld,sex_t,geo_cov_rur,mts_aggregate_2,2017,319.22
nld,sex_t,geo_cov_rur,mts_aggregate_2,2018,326.983
nld,sex_t,geo_cov_rur,mts_aggregate_2,2019,317.615
nld,sex_t,geo_cov_rur,mts_aggregate_2,2020,362.541
nld,sex_t,geo_cov_rur,mts_aggregate_total,1992,192.683
nld,sex_t,geo_cov_rur,mts_aggregate_total,1993,204.702
nld,sex_t,geo_cov_rur,mts_aggregate_total,1994,196.845
nld,sex_t,geo_cov_rur,mts_aggregate_total,1995,197.483
nld,sex_t,geo_cov_rur,mts_aggregate_total,1996,189.141
nld,sex_t,geo_cov_rur,mts_aggregate_total,1997,168.532
nld,sex_t,geo_cov_rur,mts_aggregate_total,1998,189.983
nld,sex_t,geo_cov_rur,mts_aggregate_total,1999,191.216
nld,sex_t,geo_cov_rur,mts_aggregate_total,2000,142.497
nld,sex_t,geo_cov_rur,mts_aggregate_total,2001,115.453
nld,sex_t,geo_cov_rur,mts_aggregate_total,2002,151.436
nld,sex_t,geo_cov_rur,mts_aggregate_total,2003,133.213
nld,sex_t,geo_cov_rur,mts_aggregate_total,2004,114.951
nld,sex_t,geo_cov_rur,mts_aggregate_total,2005,150.287
nld,sex_t,geo_cov_rur,mts_aggregate_total,2006,109.768
nld,sex_t,geo_cov_rur,mts_aggregate_total,2007,119.366
nld,sex_t,geo_cov_rur,mts_aggregate_total,2008,96.003
nld,sex_t,geo_cov_rur,mts_aggregate_total,2009,103.274
nld,sex_t,geo_cov_rur,mts_aggregate_total,2010,122.051
nld,sex_t,geo_cov_rur,mts_aggregate_total,2011,106.625
nld,sex_t,geo_cov_rur,mts_aggregate_total,2012,732.704
nld,sex_t,geo_cov_rur,mts_aggregate_total,2013,726.733
nld,sex_t,geo_cov_rur,mts_aggregate_total,2014,723.3
nld,sex_t,geo_cov_rur,mts_aggregate_total,2015,730.314
nld,sex_t,geo_cov_rur,mts_aggregate_total,2016,513.697
nld,sex_t,geo_cov_rur,mts_aggregate_total,2017,508.677
nld,sex_t,geo_cov_rur,mts_aggregate_total,2018,532.899
nld,sex_t,geo_cov_rur,mts_aggregate_total,2019,543.405
nld,sex_t,geo_cov_rur,mts_aggregate_total,2020,582.78
nld,sex_t,geo_cov_urb,mts_aggregate_1,1992,2017.933
nld,sex_t,geo_cov_urb,mts_aggregate_1,1993,2050.97
nld,sex_t,geo_cov_urb,mts_aggregate_1,1994,2028.629
nld,sex_t,geo_cov_urb,mts_aggregate_1,1995,2006.488
nld,sex_t,geo_cov_urb,mts_aggregate_1,1996,2015.268
nld,sex_t,geo_cov_urb,mts_aggregate_1,1997,1962.699
nld,sex_t,geo_cov_urb,mts_aggregate_1,1998,2022.49
nld,sex_t,geo_cov_urb,mts_aggregate_1,1999,1883.516
nld,sex_t,geo_cov_urb,mts_aggregate_1,2000,1813.851
nld,sex_t,geo_cov_urb,mts_aggregate_1,2001,1851.749
nld,sex_t,geo_cov_urb,mts_aggregate_1,2002,1836.97
nld,sex_t,geo_cov_urb,mts_aggregate_1,2003,1883.359
nld,sex_t,geo_cov_urb,mts_aggregate_1,2004,1930.99
nld,sex_t,geo_cov_urb,mts_aggregate_1,2005,2108.545
nld,sex_t,geo_cov_urb,mts_aggregate_1,2006,2138.937
nld,sex_t,geo_cov_urb,mts_aggregate_1,2007,2100.301
nld,sex_t,geo_cov_urb,mts_aggregate_1,2008,2044.909
nld,sex_t,geo_cov_urb,mts_aggregate_1,2009,2061.559
nld,sex_t,geo_cov_urb,mts_aggregate_1,2010,2094.546
nld,sex_t,geo_cov_urb,mts_aggregate_1,2011,2151.557
nld,sex_t,geo_cov_urb,mts_aggregate_1,2012,1935.647
nld,sex_t,geo_cov_urb,mts_aggregate_1,2013,1935.428
nld,sex_t,geo_cov_urb,mts_aggregate_1,2014,2012.489
nld,sex_t,geo_cov_urb,mts_aggregate_1,2015,1988.571
nld,sex_t,geo_cov_urb,mts_aggregate_1,2016,2146.951
nld,sex_t,geo_cov_urb,mts_aggregate_1,2017,2211.735
nld,sex_t,geo_cov_urb,mts_aggregate_1,2018,2190.704
nld,sex_t,geo_cov_urb,mts_aggregate_1,2019,2150.591
nld,sex_t,geo_cov_urb,mts_aggregate_1,2020,2191.428
nld,sex_t,geo_cov_urb,mts_aggregate_2,1992,2855.626
nld,sex_t,geo_cov_urb,mts_aggregate_2,1993,2841.922
nld,sex_t,geo_cov_urb,mts_aggregate_2,1994,2818.072
nld,sex_t,geo_cov_urb,mts_aggregate_2,1995,2829.372
nld,sex_t,geo_cov_urb,mts_aggregate_2,1996,2793.543
nld,sex_t,geo_cov_urb,mts_aggregate_2,1997,2742.179
nld,sex_t,geo_cov_urb,mts_aggregate_2,1998,2593.582
nld,sex_t,geo_cov_urb,mts_aggregate_2,1999,2663.39
nld,sex_t,geo_cov_urb,mts_aggregate_2,2000,2681.192
nld,sex_t,geo_cov_urb,mts_aggregate_2,2001,2631.174
nld,sex_t,geo_cov_urb,mts_aggregate_2,2002,2553.603
nld,sex_t,geo_cov_urb,mts_aggregate_2,2003,2571.41
nld,sex_t,geo_cov_urb,mts_aggregate_2,2004,2546.885
nld,sex_t,geo_cov_urb,mts_aggregate_2,2005,2538.077
nld,sex_t,geo_cov_urb,mts_aggregate_2,2006,2554.746
nld,sex_t,geo_cov_urb,mts_aggregate_2,2007,2473.031
nld,sex_t,geo_cov_urb,mts_aggregate_2,2008,2485.881
nld,sex_t,geo_cov_urb,mts_aggregate_2,2009,2470.149
nld,sex_t,geo_cov_urb,mts_aggregate_2,2010,2516.039
nld,sex_t,geo_cov_urb,mts_aggregate_2,2011,2534.452
nld,sex_t,geo_cov_urb,mts_aggregate_2,2012,2100.824
nld,sex_t,geo_cov_urb,mts_aggregate_2,2013,2156.15
nld,sex_t,geo_cov_urb,mts_aggregate_2,2014,2185.035
nld,sex_t,geo_cov_urb,mts_aggregate_2,2015,2221.407
nld,sex_t,geo_cov_urb,mts_aggregate_2,2016,2364.872
nld,sex_t,geo_cov_urb,mts_aggregate_2,2017,2358.772
nld,sex_t,geo_cov_urb,mts_aggregate_2,2018,2360.074
nld,sex_t,geo_cov_urb,mts_aggregate_2,2019,2357.455
nld,sex_t,geo_cov_urb,mts_aggregate_2,2020,2355.564
nld,sex_t,geo_cov_urb,mts_aggregate_total,1992,4873.833
nld,sex_t,geo_cov_urb,mts_aggregate_total,1993,4892.892
nld,sex_t,geo_cov_urb,mts_aggregate_total,1994,4846.843
nld,sex_t,geo_cov_urb,mts_aggregate_total,1995,4836.122
nld,sex_t,geo_cov_urb,mts_aggregate_total,1996,4809.243
nld,sex_t,geo_cov_urb,mts_aggregate_total,1997,4705.606
nld,sex_t,geo_cov_urb,mts_aggregate_total,1998,4617.937
nld,sex_t,geo_cov_urb,mts_aggregate_total,1999,4547.172
nld,sex_t,geo_cov_urb,mts_aggregate_total,2000,4495.042
nld,sex_t,geo_cov_urb,mts_aggregate_total,2001,4483.079
nld,sex_t,geo_cov_urb,mts_aggregate_total,2002,4390.906
nld,sex_t,geo_cov_urb,mts_aggregate_total,2003,4454.769
nld,sex_t,geo_cov_urb,mts_aggregate_total,2004,4479.35
nld,sex_t,geo_cov_urb,mts_aggregate_total,2005,4646.885
nld,sex_t,geo_cov_urb,mts_aggregate_total,2006,4694.59
nld,sex_t,geo_cov_urb,mts_aggregate_total,2007,4573.449
nld,sex_t,geo_cov_urb,mts_aggregate_total,2008,4531.298
nld,sex_t,geo_cov_urb,mts_aggregate_total,2009,4531.797
nld,sex_t,geo_cov_urb,mts_aggregate_total,2010,4611.274
nld,sex_t,geo_cov_urb,mts_aggregate_total,2011,4687.287
nld,sex_t,geo_cov_urb,mts_aggregate_total,2012,4037.451
nld,sex_t,geo_cov_urb,mts_aggregate_total,2013,4091.779
nld,sex_t,geo_cov_urb,mts_aggregate_total,2014,4200.255
nld,sex_t,geo_cov_urb,mts_aggregate_total,2015,4210.967
nld,sex_t,geo_cov_urb,mts_aggregate_total,2016,4511.823
nld,sex_t,geo_cov_urb,mts_aggregate_total,2017,4571.517
nld,sex_t,geo_cov_urb,mts_aggregate_total,2018,4552.264
nld,sex_t,geo_cov_urb,mts_aggregate_total,2019,4508.287
nld,sex_t,geo_cov_urb,mts_aggregate_total,2020,4548.866
nor,sex_f,geo_cov_nat,mts_aggregate_1,1995,292.258
nor,sex_f,geo_cov_nat,mts_aggregate_1,2005,282.24
nor,sex_f,geo_cov_nat,mts_aggregate_1,2010,328.461
nor,sex_f,geo_cov_nat,mts_aggregate_1,2011,335.74
nor,sex_f,geo_cov_nat,mts_aggregate_1,2012,338.492
nor,sex_f,geo_cov_nat,mts_aggregate_1,2013,339.092
nor,sex_f,geo_cov_nat,mts_aggregate_1,2014,351.444
nor,sex_f,geo_cov_nat,mts_aggregate_1,2015,352.541
nor,sex_f,geo_cov_nat,mts_aggregate_1,2016,360.129
nor,sex_f,geo_cov_nat,mts_aggregate_1,2017,375.822
nor,sex_f,geo_cov_nat,mts_aggregate_1,2018,377.936
nor,sex_f,geo_cov_nat,mts_aggregate_1,2019,406.501
nor,sex_f,geo_cov_nat,mts_aggregate_1,2020,450.51
nor,sex_f,geo_cov_nat,mts_aggregate_2,1995,263.468
nor,sex_f,geo_cov_nat,mts_aggregate_2,2005,234.878
nor,sex_f,geo_cov_nat,mts_aggregate_2,2010,229.373
nor,sex_f,geo_cov_nat,mts_aggregate_2,2011,231.337
nor,sex_f,geo_cov_nat,mts_aggregate_2,2012,240.885
nor,sex_f,geo_cov_nat,mts_aggregate_2,2013,249.411
nor,sex_f,geo_cov_nat,mts_aggregate_2,2014,246.876
nor,sex_f,geo_cov_nat,mts_aggregate_2,2015,252.221
nor,sex_f,geo_cov_nat,mts_aggregate_2,2016,260.307
nor,sex_f,geo_cov_nat,mts_aggregate_2,2017,263.174
nor,sex_f,geo_cov_nat,mts_aggregate_2,2018,261.929
nor,sex_f,geo_cov_nat,mts_aggregate_2,2019,321.642
nor,sex_f,geo_cov_nat,mts_aggregate_2,2020,363.08
nor,sex_f,geo_cov_nat,mts_aggregate_total,1995,556.907
nor,sex_f,geo_cov_nat,mts_aggregate_total,2005,517.118
nor,sex_f,geo_cov_nat,mts_aggregate_total,2010,557.833
nor,sex_f,geo_cov_nat,mts_aggregate_total,2011,567.077
nor,sex_f,geo_cov_nat,mts_aggregate_total,2012,579.377
nor,sex_f,geo_cov_nat,mts_aggregate_total,2013,588.503
nor,sex_f,geo_cov_nat,mts_aggregate_total,2014,599.416
nor,sex_f,geo_cov_nat,mts_aggregate_total,2015,606.349
nor,sex_f,geo_cov_nat,mts_aggregate_total,2016,622.209
nor,sex_f,geo_cov_nat,mts_aggregate_total,2017,638.995
nor,sex_f,geo_cov_nat,mts_aggregate_total,2018,641.877
nor,sex_f,geo_cov_nat,mts_aggregate_total,2019,728.143
nor,sex_f,geo_cov_nat,mts_aggregate_total,2020,813.917
nor,sex_f,geo_cov_nat,mts_aggregate_x,1995,1.181
nor,sex_f,geo_cov_nat,mts_aggregate_x,2014,1.096
nor,sex_f,geo_cov_nat,mts_aggregate_x,2015,1.587
nor,sex_f,geo_cov_nat,mts_aggregate_x,2016,1.774
nor,sex_f,geo_cov_nat,mts_aggregate_x,2018,2.012
nor,sex_f,geo_cov_rur,mts_aggregate_1,1995,292.258
nor,sex_f,geo_cov_rur,mts_aggregate_1,2005,167.321
nor,sex_f,geo_cov_rur,mts_aggregate_1,2010,182.399
nor,sex_f,geo_cov_rur,mts_aggregate_1,2011,185.89
nor,sex_f,geo_cov_rur,mts_aggregate_1,2012,129.027
nor,sex_f,geo_cov_rur,mts_aggregate_1,2013,137.303
nor,sex_f,geo_cov_rur,mts_aggregate_1,2014,139.89
nor,sex_f,geo_cov_rur,mts_aggregate_1,2015,141.076
nor,sex_f,geo_cov_rur,mts_aggregate_1,2016,142.741
nor,sex_f,geo_cov_rur,mts_aggregate_1,2017,151.801
nor,sex_f,geo_cov_rur,mts_aggregate_1,2018,149.482
nor,sex_f,geo_cov_rur,mts_aggregate_1,2019,178.898
nor,sex_f,geo_cov_rur,mts_aggregate_1,2020,220.229
nor,sex_f,geo_cov_rur,mts_aggregate_2,1995,263.468
nor,sex_f,geo_cov_rur,mts_aggregate_2,2005,141.528
nor,sex_f,geo_cov_rur,mts_aggregate_2,2010,129.914
nor,sex_f,geo_cov_rur,mts_aggregate_2,2011,128.221
nor,sex_f,geo_cov_rur,mts_aggregate_2,2012,100.558
nor,sex_f,geo_cov_rur,mts_aggregate_2,2013,98.651
nor,sex_f,geo_cov_rur,mts_aggregate_2,2014,97.997
nor,sex_f,geo_cov_rur,mts_aggregate_2,2015,102.518
nor,sex_f,geo_cov_rur,mts_aggregate_2,2016,105.568
nor,sex_f,geo_cov_rur,mts_aggregate_2,2017,111.688
nor,sex_f,geo_cov_rur,mts_aggregate_2,2018,116.528
nor,sex_f,geo_cov_rur,mts_aggregate_2,2019,137.395
nor,sex_f,geo_cov_rur,mts_aggregate_2,2020,169.588
nor,sex_f,geo_cov_rur,mts_aggregate_total,1995,556.907
nor,sex_f,geo_cov_rur,mts_aggregate_total,2005,308.849
nor,sex_f,geo_cov_rur,mts_aggregate_total,2010,312.313
nor,sex_f,geo_cov_rur,mts_aggregate_total,2011,314.111
nor,sex_f,geo_cov_rur,mts_aggregate_total,2012,229.585
nor,sex_f,geo_cov_rur,mts_aggregate_total,2013,235.954
nor,sex_f,geo_cov_rur,mts_aggregate_total,2014,238.197
nor,sex_f,geo_cov_rur,mts_aggregate_total,2015,243.881
nor,sex_f,geo_cov_rur,mts_aggregate_total,2016,248.505
nor,sex_f,geo_cov_rur,mts_aggregate_total,2017,263.49
nor,sex_f,geo_cov_rur,mts_aggregate_total,2018,266.373
nor,sex_f,geo_cov_rur,mts_aggregate_total,2019,316.293
nor,sex_f,geo_cov_rur,mts_aggregate_total,2020,389.817
nor,sex_f,geo_cov_rur,mts_aggregate_x,1995,1.181
nor,sex_f,geo_cov_urb,mts_aggregate_1,1995,0
nor,sex_f,geo_cov_urb,mts_aggregate_1,2005,114.919
nor,sex_f,geo_cov_urb,mts_aggregate_1,2010,146.062
nor,sex_f,geo_cov_urb,mts_aggregate_1,2011,149.85
nor,sex_f,geo_cov_urb,mts_aggregate_1,2012,209.465
nor,sex_f,geo_cov_urb,mts_aggregate_1,2013,201.789
nor,sex_f,geo_cov_urb,mts_aggregate_1,2014,211.554
nor,sex_f,geo_cov_urb,mts_aggregate_1,2015,211.466
nor,sex_f,geo_cov_urb,mts_aggregate_1,2016,217.387
nor,sex_f,geo_cov_urb,mts_aggregate_1,2017,224.02
nor,sex_f,geo_cov_urb,mts_aggregate_1,2018,228.455
nor,sex_f,geo_cov_urb,mts_aggregate_1,2019,227.603
nor,sex_f,geo_cov_urb,mts_aggregate_1,2020,230.281
nor,sex_f,geo_cov_urb,mts_aggregate_2,1995,0
nor,sex_f,geo_cov_urb,mts_aggregate_2,2005,93.179
nor,sex_f,geo_cov_urb,mts_aggregate_2,2010,99.459
nor,sex_f,geo_cov_urb,mts_aggregate_2,2011,103.116
nor,sex_f,geo_cov_urb,mts_aggregate_2,2012,140.326
nor,sex_f,geo_cov_urb,mts_aggregate_2,2013,150.76
nor,sex_f,geo_cov_urb,mts_aggregate_2,2014,148.879
nor,sex_f,geo_cov_urb,mts_aggregate_2,2015,149.703
nor,sex_f,geo_cov_urb,mts_aggregate_2,2016,154.738
nor,sex_f,geo_cov_urb,mts_aggregate_2,2017,151.486
nor,sex_f,geo_cov_urb,mts_aggregate_2,2018,145.401
nor,sex_f,geo_cov_urb,mts_aggregate_2,2019,184.248
nor,sex_f,geo_cov_urb,mts_aggregate_2,2020,193.491
nor,sex_f,geo_cov_urb,mts_aggregate_total,1995,0
nor,sex_f,geo_cov_urb,mts_aggregate_total,2005,208.098
nor,sex_f,geo_cov_urb,mts_aggregate_total,2010,245.52
nor,sex_f,geo_cov_urb,mts_aggregate_total,2011,252.967
nor,sex_f,geo_cov_urb,mts_aggregate_total,2012,349.791
nor,sex_f,geo_cov_urb,mts_aggregate_total,2013,352.549
nor,sex_f,geo_cov_urb,mts_aggregate_total,2014,361.219
nor,sex_f,geo_cov_urb,mts_aggregate_total,2015,362.468
nor,sex_f,geo_cov_urb,mts_aggregate_total,2016,373.703
nor,sex_f,geo_cov_urb,mts_aggregate_total,2017,375.506
nor,sex_f,geo_cov_urb,mts_aggregate_total,2018,375.504
nor,sex_f,geo_cov_urb,mts_aggregate_total,2019,411.85
nor,sex_f,geo_cov_urb,mts_aggregate_total,2020,424.099
nor,sex_f,geo_cov_urb,mts_aggregate_x,2015,1.3
nor,sex_f,geo_cov_urb,mts_aggregate_x,2016,1.578
nor,sex_f,geo_cov_urb,mts_aggregate_x,2018,1.648
nor,sex_f,geo_cov_x,mts_aggregate_2,2005,0.172
nor,sex_f,geo_cov_x,mts_aggregate_total,2005,0.172
nor,sex_m,geo_cov_nat,mts_aggregate_1,1995,231.829
nor,sex_m,geo_cov_nat,mts_aggregate_1,2005,227.313
nor,sex_m,geo_cov_nat,mts_aggregate_1,2010,276.217
nor,sex_m,geo_cov_nat,mts_aggregate_1,2011,296.94
nor,sex_m,geo_cov_nat,mts_aggregate_1,2012,303.393
nor,sex_m,geo_cov_nat,mts_aggregate_1,2013,309.958
nor,sex_m,geo_cov_nat,mts_aggregate_1,2014,324.448
nor,sex_m,geo_cov_nat,mts_aggregate_1,2015,326.012
nor,sex_m,geo_cov_nat,mts_aggregate_1,2016,330.368
nor,sex_m,geo_cov_nat,mts_aggregate_1,2017,341.29
nor,sex_m,geo_cov_nat,mts_aggregate_1,2018,335.822
nor,sex_m,geo_cov_nat,mts_aggregate_1,2019,350.641
nor,sex_m,geo_cov_nat,mts_aggregate_1,2020,414.508
nor,sex_m,geo_cov_nat,mts_aggregate_2,1995,170.651
nor,sex_m,geo_cov_nat,mts_aggregate_2,2005,175.081
nor,sex_m,geo_cov_nat,mts_aggregate_2,2010,181.54
nor,sex_m,geo_cov_nat,mts_aggregate_2,2011,189.581
nor,sex_m,geo_cov_nat,mts_aggregate_2,2012,185.236
nor,sex_m,geo_cov_nat,mts_aggregate_2,2013,195.695
nor,sex_m,geo_cov_nat,mts_aggregate_2,2014,190.113
nor,sex_m,geo_cov_nat,mts_aggregate_2,2015,193.999
nor,sex_m,geo_cov_nat,mts_aggregate_2,2016,203.617
nor,sex_m,geo_cov_nat,mts_aggregate_2,2017,217.557
nor,sex_m,geo_cov_nat,mts_aggregate_2,2018,214.508
nor,sex_m,geo_cov_nat,mts_aggregate_2,2019,302.676
nor,sex_m,geo_cov_nat,mts_aggregate_2,2020,374.091
nor,sex_m,geo_cov_nat,mts_aggregate_total,1995,403.65
nor,sex_m,geo_cov_nat,mts_aggregate_total,2005,402.393
nor,sex_m,geo_cov_nat,mts_aggregate_total,2010,457.757
nor,sex_m,geo_cov_nat,mts_aggregate_total,2011,486.521
nor,sex_m,geo_cov_nat,mts_aggregate_total,2012,488.629
nor,sex_m,geo_cov_nat,mts_aggregate_total,2013,505.653
nor,sex_m,geo_cov_nat,mts_aggregate_total,2014,518.159
nor,sex_m,geo_cov_nat,mts_aggregate_total,2015,521.075
nor,sex_m,geo_cov_nat,mts_aggregate_total,2016,534.913
nor,sex_m,geo_cov_nat,mts_aggregate_total,2017,558.846
nor,sex_m,geo_cov_nat,mts_aggregate_total,2018,551.064
nor,sex_m,geo_cov_nat,mts_aggregate_total,2019,653.317
nor,sex_m,geo_cov_nat,mts_aggregate_total,2020,789.849
nor,sex_m,geo_cov_nat,mts_aggregate_x,1995,1.169
nor,sex_m,geo_cov_nat,mts_aggregate_x,2014,3.599
nor,sex_m,geo_cov_rur,mts_aggregate_1,1995,231.829
nor,sex_m,geo_cov_rur,mts_aggregate_1,2005,138.856
nor,sex_m,geo_cov_rur,mts_aggregate_1,2010,148.174
nor,sex_m,geo_cov_rur,mts_aggregate_1,2011,161.35
nor,sex_m,geo_cov_rur,mts_aggregate_1,2012,122.702
nor,sex_m,geo_cov_rur,mts_aggregate_1,2013,132.965
nor,sex_m,geo_cov_rur,mts_aggregate_1,2014,128.935
nor,sex_m,geo_cov_rur,mts_aggregate_1,2015,129.433
nor,sex_m,geo_cov_rur,mts_aggregate_1,2016,133.31
nor,sex_m,geo_cov_rur,mts_aggregate_1,2017,136.34
nor,sex_m,geo_cov_rur,mts_aggregate_1,2018,134.904
nor,sex_m,geo_cov_rur,mts_aggregate_1,2019,137.615
nor,sex_m,geo_cov_rur,mts_aggregate_1,2020,193.275
nor,sex_m,geo_cov_rur,mts_aggregate_2,1995,170.651
nor,sex_m,geo_cov_rur,mts_aggregate_2,2005,116.142
nor,sex_m,geo_cov_rur,mts_aggregate_2,2010,112.265
nor,sex_m,geo_cov_rur,mts_aggregate_2,2011,113.002
nor,sex_m,geo_cov_rur,mts_aggregate_2,2012,78.063
nor,sex_m,geo_cov_rur,mts_aggregate_2,2013,90.522
nor,sex_m,geo_cov_rur,mts_aggregate_2,2014,81.198
nor,sex_m,geo_cov_rur,mts_aggregate_2,2015,84.776
nor,sex_m,geo_cov_rur,mts_aggregate_2,2016,84.247
nor,sex_m,geo_cov_rur,mts_aggregate_2,2017,97.262
nor,sex_m,geo_cov_rur,mts_aggregate_2,2018,98.823
nor,sex_m,geo_cov_rur,mts_aggregate_2,2019,137.576
nor,sex_m,geo_cov_rur,mts_aggregate_2,2020,166.676
nor,sex_m,geo_cov_rur,mts_aggregate_total,1995,403.65
nor,sex_m,geo_cov_rur,mts_aggregate_total,2005,254.998
nor,sex_m,geo_cov_rur,mts_aggregate_total,2010,260.439
nor,sex_m,geo_cov_rur,mts_aggregate_total,2011,274.352
nor,sex_m,geo_cov_rur,mts_aggregate_total,2012,200.765
nor,sex_m,geo_cov_rur,mts_aggregate_total,2013,223.487
nor,sex_m,geo_cov_rur,mts_aggregate_total,2014,210.348
nor,sex_m,geo_cov_rur,mts_aggregate_total,2015,214.356
nor,sex_m,geo_cov_rur,mts_aggregate_total,2016,217.821
nor,sex_m,geo_cov_rur,mts_aggregate_total,2017,233.601
nor,sex_m,geo_cov_rur,mts_aggregate_total,2018,234.189
nor,sex_m,geo_cov_rur,mts_aggregate_total,2019,275.192
nor,sex_m,geo_cov_rur,mts_aggregate_total,2020,359.952
nor,sex_m,geo_cov_rur,mts_aggregate_x,1995,1.169
nor,sex_m,geo_cov_urb,mts_aggregate_1,1995,0
nor,sex_m,geo_cov_urb,mts_aggregate_1,2005,88.272
nor,sex_m,geo_cov_urb,mts_aggregate_1,2010,128.043
nor,sex_m,geo_cov_urb,mts_aggregate_1,2011,135.59
nor,sex_m,geo_cov_urb,mts_aggregate_1,2012,180.691
nor,sex_m,geo_cov_urb,mts_aggregate_1,2013,176.993
nor,sex_m,geo_cov_urb,mts_aggregate_1,2014,195.512
nor,sex_m,geo_cov_urb,mts_aggregate_1,2015,196.579
nor,sex_m,geo_cov_urb,mts_aggregate_1,2016,197.057
nor,sex_m,geo_cov_urb,mts_aggregate_1,2017,204.95
nor,sex_m,geo_cov_urb,mts_aggregate_1,2018,200.918
nor,sex_m,geo_cov_urb,mts_aggregate_1,2019,213.026
nor,sex_m,geo_cov_urb,mts_aggregate_1,2020,221.233
nor,sex_m,geo_cov_urb,mts_aggregate_2,1995,0
nor,sex_m,geo_cov_urb,mts_aggregate_2,2005,58.842
nor,sex_m,geo_cov_urb,mts_aggregate_2,2010,69.274
nor,sex_m,geo_cov_urb,mts_aggregate_2,2011,76.579
nor,sex_m,geo_cov_urb,mts_aggregate_2,2012,107.174
nor,sex_m,geo_cov_urb,mts_aggregate_2,2013,105.174
nor,sex_m,geo_cov_urb,mts_aggregate_2,2014,108.915
nor,sex_m,geo_cov_urb,mts_aggregate_2,2015,109.223
nor,sex_m,geo_cov_urb,mts_aggregate_2,2016,119.37
nor,sex_m,geo_cov_urb,mts_aggregate_2,2017,120.295
nor,sex_m,geo_cov_urb,mts_aggregate_2,2018,115.685
nor,sex_m,geo_cov_urb,mts_aggregate_2,2019,165.099
nor,sex_m,geo_cov_urb,mts_aggregate_2,2020,207.414
nor,sex_m,geo_cov_urb,mts_aggregate_total,1995,0
nor,sex_m,geo_cov_urb,mts_aggregate_total,2005,147.114
nor,sex_m,geo_cov_urb,mts_aggregate_total,2010,197.318
nor,sex_m,geo_cov_urb,mts_aggregate_total,2011,212.169
nor,sex_m,geo_cov_urb,mts_aggregate_total,2012,287.865
nor,sex_m,geo_cov_urb,mts_aggregate_total,2013,282.167
nor,sex_m,geo_cov_urb,mts_aggregate_total,2014,307.811
nor,sex_m,geo_cov_urb,mts_aggregate_total,2015,306.719
nor,sex_m,geo_cov_urb,mts_aggregate_total,2016,317.092
nor,sex_m,geo_cov_urb,mts_aggregate_total,2017,325.245
nor,sex_m,geo_cov_urb,mts_aggregate_total,2018,316.875
nor,sex_m,geo_cov_urb,mts_aggregate_total,2019,378.125
nor,sex_m,geo_cov_urb,mts_aggregate_total,2020,429.897
nor,sex_m,geo_cov_urb,mts_aggregate_x,2014,3.384
nor,sex_m,geo_cov_x,mts_aggregate_1,2005,0.185
nor,sex_m,geo_cov_x,mts_aggregate_total,2005,0.282
nor,sex_t,geo_cov_nat,mts_aggregate_1,1995,524.088
nor,sex_t,geo_cov_nat,mts_aggregate_1,2005,509.553
nor,sex_t,geo_cov_nat,mts_aggregate_1,2010,604.678
nor,sex_t,geo_cov_nat,mts_aggregate_1,2011,632.681
nor,sex_t,geo_cov_nat,mts_aggregate_1,2012,641.885
nor,sex_t,geo_cov_nat,mts_aggregate_1,2013,649.05
nor,sex_t,geo_cov_nat,mts_aggregate_1,2014,675.891
nor,sex_t,geo_cov_nat,mts_aggregate_1,2015,678.554
nor,sex_t,geo_cov_nat,mts_aggregate_1,2016,690.496
nor,sex_t,geo_cov_nat,mts_aggregate_1,2017,717.112
nor,sex_t,geo_cov_nat,mts_aggregate_1,2018,713.758
nor,sex_t,geo_cov_nat,mts_aggregate_1,2019,757.142
nor,sex_t,geo_cov_nat,mts_aggregate_1,2020,865.018
nor,sex_t,geo_cov_nat,mts_aggregate_2,1995,434.119
nor,sex_t,geo_cov_nat,mts_aggregate_2,2005,409.959
nor,sex_t,geo_cov_nat,mts_aggregate_2,2010,410.912
nor,sex_t,geo_cov_nat,mts_aggregate_2,2011,420.918
nor,sex_t,geo_cov_nat,mts_aggregate_2,2012,426.121
nor,sex_t,geo_cov_nat,mts_aggregate_2,2013,445.107
nor,sex_t,geo_cov_nat,mts_aggregate_2,2014,436.99
nor,sex_t,geo_cov_nat,mts_aggregate_2,2015,446.22
nor,sex_t,geo_cov_nat,mts_aggregate_2,2016,463.923
nor,sex_t,geo_cov_nat,mts_aggregate_2,2017,480.73
nor,sex_t,geo_cov_nat,mts_aggregate_2,2018,476.437
nor,sex_t,geo_cov_nat,mts_aggregate_2,2019,624.318
nor,sex_t,geo_cov_nat,mts_aggregate_2,2020,737.17
nor,sex_t,geo_cov_nat,mts_aggregate_total,1995,960.557
nor,sex_t,geo_cov_nat,mts_aggregate_total,2005,919.511
nor,sex_t,geo_cov_nat,mts_aggregate_total,2010,1015.59
nor,sex_t,geo_cov_nat,mts_aggregate_total,2011,1053.599
nor,sex_t,geo_cov_nat,mts_aggregate_total,2012,1068.006
nor,sex_t,geo_cov_nat,mts_aggregate_total,2013,1094.157
nor,sex_t,geo_cov_nat,mts_aggregate_total,2014,1117.575
nor,sex_t,geo_cov_nat,mts_aggregate_total,2015,1127.424
nor,sex_t,geo_cov_nat,mts_aggregate_total,2016,1157.122
nor,sex_t,geo_cov_nat,mts_aggregate_total,2017,1197.842
nor,sex_t,geo_cov_nat,mts_aggregate_total,2018,1192.941
nor,sex_t,geo_cov_nat,mts_aggregate_total,2019,1381.46
nor,sex_t,geo_cov_nat,mts_aggregate_total,2020,1603.765
nor,sex_t,geo_cov_nat,mts_aggregate_x,1995,2.351
nor,sex_t,geo_cov_nat,mts_aggregate_x,2014,4.694
nor,sex_t,geo_cov_nat,mts_aggregate_x,2015,2.651
nor,sex_t,geo_cov_nat,mts_aggregate_x,2016,2.702
nor,sex_t,geo_cov_nat,mts_aggregate_x,2018,2.746
nor,sex_t,geo_cov_rur,mts_aggregate_1,1995,524.088
nor,sex_t,geo_cov_rur,mts_aggregate_1,2005,306.177
nor,sex_t,geo_cov_rur,mts_aggregate_1,2010,330.573
nor,sex_t,geo_cov_rur,mts_aggregate_1,2011,347.24
nor,sex_t,geo_cov_rur,mts_aggregate_1,2012,251.73
nor,sex_t,geo_cov_rur,mts_aggregate_1,2013,270.268
nor,sex_t,geo_cov_rur,mts_aggregate_1,2014,268.825
nor,sex_t,geo_cov_rur,mts_aggregate_1,2015,270.509
nor,sex_t,geo_cov_rur,mts_aggregate_1,2016,276.052
nor,sex_t,geo_cov_rur,mts_aggregate_1,2017,288.141
nor,sex_t,geo_cov_rur,mts_aggregate_1,2018,284.385
nor,sex_t,geo_cov_rur,mts_aggregate_1,2019,316.514
nor,sex_t,geo_cov_rur,mts_aggregate_1,2020,413.504
nor,sex_t,geo_cov_rur,mts_aggregate_2,1995,434.119
nor,sex_t,geo_cov_rur,mts_aggregate_2,2005,257.67
nor,sex_t,geo_cov_rur,mts_aggregate_2,2010,242.179
nor,sex_t,geo_cov_rur,mts_aggregate_2,2011,241.222
nor,sex_t,geo_cov_rur,mts_aggregate_2,2012,178.621
nor,sex_t,geo_cov_rur,mts_aggregate_2,2013,189.173
nor,sex_t,geo_cov_rur,mts_aggregate_2,2014,179.196
nor,sex_t,geo_cov_rur,mts_aggregate_2,2015,187.294
nor,sex_t,geo_cov_rur,mts_aggregate_2,2016,189.815
nor,sex_t,geo_cov_rur,mts_aggregate_2,2017,208.95
nor,sex_t,geo_cov_rur,mts_aggregate_2,2018,215.352
nor,sex_t,geo_cov_rur,mts_aggregate_2,2019,274.971
nor,sex_t,geo_cov_rur,mts_aggregate_2,2020,336.265
nor,sex_t,geo_cov_rur,mts_aggregate_total,1995,960.557
nor,sex_t,geo_cov_rur,mts_aggregate_total,2005,563.847
nor,sex_t,geo_cov_rur,mts_aggregate_total,2010,572.752
nor,sex_t,geo_cov_rur,mts_aggregate_total,2011,588.463
nor,sex_t,geo_cov_rur,mts_aggregate_total,2012,430.35
nor,sex_t,geo_cov_rur,mts_aggregate_total,2013,459.441
nor,sex_t,geo_cov_rur,mts_aggregate_total,2014,448.545
nor,sex_t,geo_cov_rur,mts_aggregate_total,2015,458.237
nor,sex_t,geo_cov_rur,mts_aggregate_total,2016,466.326
nor,sex_t,geo_cov_rur,mts_aggregate_total,2017,497.091
nor,sex_t,geo_cov_rur,mts_aggregate_total,2018,500.562
nor,sex_t,geo_cov_rur,mts_aggregate_total,2019,591.485
nor,sex_t,geo_cov_rur,mts_aggregate_total,2020,749.769
nor,sex_t,geo_cov_rur,mts_aggregate_x,1995,2.351
nor,sex_t,geo_cov_urb,mts_aggregate_1,1995,0
nor,sex_t,geo_cov_urb,mts_aggregate_1,2005,203.19
nor,sex_t,geo_cov_urb,mts_aggregate_1,2010,274.105
nor,sex_t,geo_cov_urb,mts_aggregate_1,2011,285.44
nor,sex_t,geo_cov_urb,mts_aggregate_1,2012,390.156
nor,sex_t,geo_cov_urb,mts_aggregate_1,2013,378.782
nor,sex_t,geo_cov_urb,mts_aggregate_1,2014,407.066
nor,sex_t,geo_cov_urb,mts_aggregate_1,2015,408.044
nor,sex_t,geo_cov_urb,mts_aggregate_1,2016,414.445
nor,sex_t,geo_cov_urb,mts_aggregate_1,2017,428.971
nor,sex_t,geo_cov_urb,mts_aggregate_1,2018,429.373
nor,sex_t,geo_cov_urb,mts_aggregate_1,2019,440.629
nor,sex_t,geo_cov_urb,mts_aggregate_1,2020,451.514
nor,sex_t,geo_cov_urb,mts_aggregate_2,1995,0
nor,sex_t,geo_cov_urb,mts_aggregate_2,2005,152.021
nor,sex_t,geo_cov_urb,mts_aggregate_2,2010,168.733
nor,sex_t,geo_cov_urb,mts_aggregate_2,2011,179.696
nor,sex_t,geo_cov_urb,mts_aggregate_2,2012,247.5
nor,sex_t,geo_cov_urb,mts_aggregate_2,2013,255.934
nor,sex_t,geo_cov_urb,mts_aggregate_2,2014,257.794
nor,sex_t,geo_cov_urb,mts_aggregate_2,2015,258.926
nor,sex_t,geo_cov_urb,mts_aggregate_2,2016,274.108
nor,sex_t,geo_cov_urb,mts_aggregate_2,2017,271.781
nor,sex_t,geo_cov_urb,mts_aggregate_2,2018,261.085
nor,sex_t,geo_cov_urb,mts_aggregate_2,2019,349.347
nor,sex_t,geo_cov_urb,mts_aggregate_2,2020,400.905
nor,sex_t,geo_cov_urb,mts_aggregate_total,1995,0
nor,sex_t,geo_cov_urb,mts_aggregate_total,2005,355.211
nor,sex_t,geo_cov_urb,mts_aggregate_total,2010,442.838
nor,sex_t,geo_cov_urb,mts_aggregate_total,2011,465.136
nor,sex_t,geo_cov_urb,mts_aggregate_total,2012,637.656
nor,sex_t,geo_cov_urb,mts_aggregate_total,2013,634.716
nor,sex_t,geo_cov_urb,mts_aggregate_total,2014,669.031
nor,sex_t,geo_cov_urb,mts_aggregate_total,2015,669.187
nor,sex_t,geo_cov_urb,mts_aggregate_total,2016,690.795
nor,sex_t,geo_cov_urb,mts_aggregate_total,2017,700.751
nor,sex_t,geo_cov_urb,mts_aggregate_total,2018,692.379
nor,sex_t,geo_cov_urb,mts_aggregate_total,2019,789.976
nor,sex_t,geo_cov_urb,mts_aggregate_total,2020,853.996
nor,sex_t,geo_cov_urb,mts_aggregate_x,1995,0
nor,sex_t,geo_cov_urb,mts_aggregate_x,2014,4.171
nor,sex_t,geo_cov_urb,mts_aggregate_x,2015,2.217
nor,sex_t,geo_cov_urb,mts_aggregate_x,2016,2.243
nor,sex_t,geo_cov_urb,mts_aggregate_x,2018,1.921
nor,sex_t,geo_cov_x,mts_aggregate_1,2005,0.185
nor,sex_t,geo_cov_x,mts_aggregate_2,2005,0.268
nor,sex_t,geo_cov_x,mts_aggregate_total,2005,0.454
npl,sex_f,geo_cov_nat,mts_aggregate_1,2008,700.057
npl,sex_f,geo_cov_nat,mts_aggregate_1,2017,2396.592
npl,sex_f,geo_cov_nat,mts_aggregate_2,2008,942.982
npl,sex_f,geo_cov_nat,mts_aggregate_2,2017,5919.937
npl,sex_f,geo_cov_nat,mts_aggregate_total,2008,1643.039
npl,sex_f,geo_cov_nat,mts_aggregate_total,2017,8316.529
npl,sex_f,geo_cov_nat,mts_details_mrd,2008,942.982
npl,sex_f,geo_cov_nat,mts_details_mrd,2017,5919.937
npl,sex_f,geo_cov_nat,mts_details_sep,2008,13.395
npl,sex_f,geo_cov_nat,mts_details_sep,2017,94.347
npl,sex_f,geo_cov_nat,mts_details_sgle,2008,380.093
npl,sex_f,geo_cov_nat,mts_details_sgle,2017,1326.855
npl,sex_f,geo_cov_nat,mts_details_total,2008,1643.039
npl,sex_f,geo_cov_nat,mts_details_total,2017,8316.529
npl,sex_f,geo_cov_nat,mts_details_wid,2008,306.569
npl,sex_f,geo_cov_nat,mts_details_wid,2017,975.39
npl,sex_f,geo_cov_rur,mts_aggregate_1,2008,480.446
npl,sex_f,geo_cov_rur,mts_aggregate_1,2017,913.719
npl,sex_f,geo_cov_rur,mts_aggregate_2,2008,609.539
npl,sex_f,geo_cov_rur,mts_aggregate_2,2017,2313.904
npl,sex_f,geo_cov_rur,mts_aggregate_total,2008,1089.985
npl,sex_f,geo_cov_rur,mts_aggregate_total,2017,3227.622
npl,sex_f,geo_cov_rur,mts_details_mrd,2008,609.539
npl,sex_f,geo_cov_rur,mts_details_mrd,2017,2313.904
npl,sex_f,geo_cov_rur,mts_details_sep,2008,10.755
npl,sex_f,geo_cov_rur,mts_details_sep,2017,51.736
npl,sex_f,geo_cov_rur,mts_details_sgle,2008,221.891
npl,sex_f,geo_cov_rur,mts_details_sgle,2017,437.269
npl,sex_f,geo_cov_rur,mts_details_total,2008,1089.985
npl,sex_f,geo_cov_rur,mts_details_total,2017,3227.622
npl,sex_f,geo_cov_rur,mts_details_wid,2008,247.8
npl,sex_f,geo_cov_rur,mts_details_wid,2017,424.714
npl,sex_f,geo_cov_urb,mts_aggregate_1,2008,219.611
npl,sex_f,geo_cov_urb,mts_aggregate_1,2017,1482.874
npl,sex_f,geo_cov_urb,mts_aggregate_2,2008,333.443
npl,sex_f,geo_cov_urb,mts_aggregate_2,2017,3606.033
npl,sex_f,geo_cov_urb,mts_aggregate_total,2008,553.054
npl,sex_f,geo_cov_urb,mts_aggregate_total,2017,5088.907
npl,sex_f,geo_cov_urb,mts_details_mrd,2008,333.443
npl,sex_f,geo_cov_urb,mts_details_mrd,2017,3606.033
npl,sex_f,geo_cov_urb,mts_details_sep,2008,2.64
npl,sex_f,geo_cov_urb,mts_details_sep,2017,42.612
npl,sex_f,geo_cov_urb,mts_details_sgle,2008,158.203
npl,sex_f,geo_cov_urb,mts_details_sgle,2017,889.586
npl,sex_f,geo_cov_urb,mts_details_total,2008,553.054
npl,sex_f,geo_cov_urb,mts_details_total,2017,5088.907
npl,sex_f,geo_cov_urb,mts_details_wid,2008,58.769
npl,sex_f,geo_cov_urb,mts_details_wid,2017,550.676
npl,sex_m,geo_cov_nat,mts_aggregate_1,2008,549.705
npl,sex_m,geo_cov_nat,mts_aggregate_1,2017,1799.702
npl,sex_m,geo_cov_nat,mts_aggregate_2,2008,287.435
npl,sex_m,geo_cov_nat,mts_aggregate_2,2017,2347.979
npl,sex_m,geo_cov_nat,mts_aggregate_total,2008,837.139
npl,sex_m,geo_cov_nat,mts_aggregate_total,2017,4147.68
npl,sex_m,geo_cov_nat,mts_details_mrd,2008,287.435
npl,sex_m,geo_cov_nat,mts_details_mrd,2017,2347.979
npl,sex_m,geo_cov_nat,mts_details_sep,2008,3.81
npl,sex_m,geo_cov_nat,mts_details_sep,2017,18.946
npl,sex_m,geo_cov_nat,mts_details_sgle,2008,469.069
npl,sex_m,geo_cov_nat,mts_details_sgle,2017,1515.156
npl,sex_m,geo_cov_nat,mts_details_total,2008,837.139
npl,sex_m,geo_cov_nat,mts_details_total,2017,4147.68
npl,sex_m,geo_cov_nat,mts_details_wid,2008,76.825
npl,sex_m,geo_cov_nat,mts_details_wid,2017,265.6
npl,sex_m,geo_cov_rur,mts_aggregate_1,2008,345.963
npl,sex_m,geo_cov_rur,mts_aggregate_1,2017,631.584
npl,sex_m,geo_cov_rur,mts_aggregate_2,2008,197.704
npl,sex_m,geo_cov_rur,mts_aggregate_2,2017,1006.827
npl,sex_m,geo_cov_rur,mts_aggregate_total,2008,543.668
npl,sex_m,geo_cov_rur,mts_aggregate_total,2017,1638.411
npl,sex_m,geo_cov_rur,mts_details_mrd,2008,197.704
npl,sex_m,geo_cov_rur,mts_details_mrd,2017,1006.827
npl,sex_m,geo_cov_rur,mts_details_sep,2008,3.22
npl,sex_m,geo_cov_rur,mts_details_sep,2017,10.81
npl,sex_m,geo_cov_rur,mts_details_sgle,2008,277.718
npl,sex_m,geo_cov_rur,mts_details_sgle,2017,495.939
npl,sex_m,geo_cov_rur,mts_details_total,2008,543.668
npl,sex_m,geo_cov_rur,mts_details_total,2017,1638.411
npl,sex_m,geo_cov_rur,mts_details_wid,2008,65.025
npl,sex_m,geo_cov_rur,mts_details_wid,2017,124.835
npl,sex_m,geo_cov_urb,mts_aggregate_1,2008,203.741
npl,sex_m,geo_cov_urb,mts_aggregate_1,2017,1168.118
npl,sex_m,geo_cov_urb,mts_aggregate_2,2008,89.73
npl,sex_m,geo_cov_urb,mts_aggregate_2,2017,1341.151
npl,sex_m,geo_cov_urb,mts_aggregate_total,2008,293.472
npl,sex_m,geo_cov_urb,mts_aggregate_total,2017,2509.269
npl,sex_m,geo_cov_urb,mts_details_mrd,2008,89.73
npl,sex_m,geo_cov_urb,mts_details_mrd,2017,1341.151
npl,sex_m,geo_cov_urb,mts_details_sep,2008,0.59
npl,sex_m,geo_cov_urb,mts_details_sep,2017,8.136
npl,sex_m,geo_cov_urb,mts_details_sgle,2008,191.351
npl,sex_m,geo_cov_urb,mts_details_sgle,2017,1019.217
npl,sex_m,geo_cov_urb,mts_details_total,2008,293.472
npl,sex_m,geo_cov_urb,mts_details_total,2017,2509.269
npl,sex_m,geo_cov_urb,mts_details_wid,2008,11.8
npl,sex_m,geo_cov_urb,mts_details_wid,2017,140.765
npl,sex_t,geo_cov_nat,mts_aggregate_1,2008,1249.762
npl,sex_t,geo_cov_nat,mts_aggregate_1,2017,4196.294
npl,sex_t,geo_cov_nat,mts_aggregate_2,2008,1230.417
npl,sex_t,geo_cov_nat,mts_aggregate_2,2017,8267.915
npl,sex_t,geo_cov_nat,mts_aggregate_total,2008,2480.178
npl,sex_t,geo_cov_nat,mts_aggregate_total,2017,12464.209
npl,sex_t,geo_cov_nat,mts_details_mrd,2008,1230.417
npl,sex_t,geo_cov_nat,mts_details_mrd,2017,8267.915
npl,sex_t,geo_cov_nat,mts_details_sep,2008,17.205
npl,sex_t,geo_cov_nat,mts_details_sep,2017,113.293
npl,sex_t,geo_cov_nat,mts_details_sgle,2008,849.162
npl,sex_t,geo_cov_nat,mts_details_sgle,2017,2842.01
npl,sex_t,geo_cov_nat,mts_details_total,2008,2480.178
npl,sex_t,geo_cov_nat,mts_details_total,2017,12464.209
npl,sex_t,geo_cov_nat,mts_details_wid,2008,383.394
npl,sex_t,geo_cov_nat,mts_details_wid,2017,1240.99
npl,sex_t,geo_cov_rur,mts_aggregate_1,2008,826.409
npl,sex_t,geo_cov_rur,mts_aggregate_1,2017,1545.303
npl,sex_t,geo_cov_rur,mts_aggregate_2,2008,807.243
npl,sex_t,geo_cov_rur,mts_aggregate_2,2017,3320.731
npl,sex_t,geo_cov_rur,mts_aggregate_total,2008,1633.652
npl,sex_t,geo_cov_rur,mts_aggregate_total,2017,4866.033
npl,sex_t,geo_cov_rur,mts_details_mrd,2008,807.243
npl,sex_t,geo_cov_rur,mts_details_mrd,2017,3320.731
npl,sex_t,geo_cov_rur,mts_details_sep,2008,13.975
npl,sex_t,geo_cov_rur,mts_details_sep,2017,62.546
npl,sex_t,geo_cov_rur,mts_details_sgle,2008,499.608
npl,sex_t,geo_cov_rur,mts_details_sgle,2017,933.208
npl,sex_t,geo_cov_rur,mts_details_total,2008,1633.652
npl,sex_t,geo_cov_rur,mts_details_total,2017,4866.033
npl,sex_t,geo_cov_rur,mts_details_wid,2008,312.825
npl,sex_t,geo_cov_rur,mts_details_wid,2017,549.549
npl,sex_t,geo_cov_urb,mts_aggregate_1,2008,423.353
npl,sex_t,geo_cov_urb,mts_aggregate_1,2017,2650.991
npl,sex_t,geo_cov_urb,mts_aggregate_2,2008,423.173
npl,sex_t,geo_cov_urb,mts_aggregate_2,2017,4947.184
npl,sex_t,geo_cov_urb,mts_aggregate_total,2008,846.526
npl,sex_t,geo_cov_urb,mts_aggregate_total,2017,7598.176
npl,sex_t,geo_cov_urb,mts_details_mrd,2008,423.173
npl,sex_t,geo_cov_urb,mts_details_mrd,2017,4947.184
npl,sex_t,geo_cov_urb,mts_details_sep,2008,3.23
npl,sex_t,geo_cov_urb,mts_details_sep,2017,50.748
npl,sex_t,geo_cov_urb,mts_details_sgle,2008,349.554
npl,sex_t,geo_cov_urb,mts_details_sgle,2017,1908.802
npl,sex_t,geo_cov_urb,mts_details_total,2008,846.526
npl,sex_t,geo_cov_urb,mts_details_total,2017,7598.176
npl,sex_t,geo_cov_urb,mts_details_wid,2008,70.569
npl,sex_t,geo_cov_urb,mts_details_wid,2017,691.441
pak,sex_f,geo_cov_nat,mts_aggregate_1,2006,12214.646
pak,sex_f,geo_cov_nat,mts_aggregate_1,2007,12484.563
pak,sex_f,geo_cov_nat,mts_aggregate_1,2008,13058.112
pak,sex_f,geo_cov_nat,mts_aggregate_1,2009,13232.44
pak,sex_f,geo_cov_nat,mts_aggregate_1,2010,13150.431
pak,sex_f,geo_cov_nat,mts_aggregate_1,2011,14057.537
pak,sex_f,geo_cov_nat,mts_aggregate_1,2013,14294.558
pak,sex_f,geo_cov_nat,mts_aggregate_1,2014,14162.905
pak,sex_f,geo_cov_nat,mts_aggregate_1,2015,14005.098
pak,sex_f,geo_cov_nat,mts_aggregate_1,2018,15974.16
pak,sex_f,geo_cov_nat,mts_aggregate_1,2019,15201.191
pak,sex_f,geo_cov_nat,mts_aggregate_1,2021,15152.129
pak,sex_f,geo_cov_nat,mts_aggregate_2,2006,23162.153
pak,sex_f,geo_cov_nat,mts_aggregate_2,2007,23549.821
pak,sex_f,geo_cov_nat,mts_aggregate_2,2008,23665.957
pak,sex_f,geo_cov_nat,mts_aggregate_2,2009,23959.255
pak,sex_f,geo_cov_nat,mts_aggregate_2,2010,24078.116
pak,sex_f,geo_cov_nat,mts_aggregate_2,2011,25149.523
pak,sex_f,geo_cov_nat,mts_aggregate_2,2013,26587.512
pak,sex_f,geo_cov_nat,mts_aggregate_2,2014,27415.88
pak,sex_f,geo_cov_nat,mts_aggregate_2,2015,27665.569
pak,sex_f,geo_cov_nat,mts_aggregate_2,2018,31969.103
pak,sex_f,geo_cov_nat,mts_aggregate_2,2019,30913.763
pak,sex_f,geo_cov_nat,mts_aggregate_2,2021,31730.992
pak,sex_f,geo_cov_nat,mts_aggregate_total,2006,35376.8
pak,sex_f,geo_cov_nat,mts_aggregate_total,2007,36034.384
pak,sex_f,geo_cov_nat,mts_aggregate_total,2008,36724.069
pak,sex_f,geo_cov_nat,mts_aggregate_total,2009,37191.695
pak,sex_f,geo_cov_nat,mts_aggregate_total,2010,37228.547
pak,sex_f,geo_cov_nat,mts_aggregate_total,2011,39207.06
pak,sex_f,geo_cov_nat,mts_aggregate_total,2013,40882.071
pak,sex_f,geo_cov_nat,mts_aggregate_total,2014,41578.785
pak,sex_f,geo_cov_nat,mts_aggregate_total,2015,41670.667
pak,sex_f,geo_cov_nat,mts_aggregate_total,2018,47943.263
pak,sex_f,geo_cov_nat,mts_aggregate_total,2019,46114.954
pak,sex_f,geo_cov_nat,mts_aggregate_total,2021,46883.12
pak,sex_f,geo_cov_nat,mts_details_mrd,2006,23162.153
pak,sex_f,geo_cov_nat,mts_details_mrd,2007,23549.821
pak,sex_f,geo_cov_nat,mts_details_mrd,2008,23665.957
pak,sex_f,geo_cov_nat,mts_details_mrd,2009,23959.255
pak,sex_f,geo_cov_nat,mts_details_mrd,2010,24078.116
pak,sex_f,geo_cov_nat,mts_details_mrd,2011,25149.523
pak,sex_f,geo_cov_nat,mts_details_mrd,2013,26587.512
pak,sex_f,geo_cov_nat,mts_details_mrd,2014,27415.88
pak,sex_f,geo_cov_nat,mts_details_mrd,2015,27665.569
pak,sex_f,geo_cov_nat,mts_details_mrd,2018,31969.103
pak,sex_f,geo_cov_nat,mts_details_mrd,2019,30913.763
pak,sex_f,geo_cov_nat,mts_details_mrd,2021,31730.992
pak,sex_f,geo_cov_nat,mts_details_sep,2006,111.379
pak,sex_f,geo_cov_nat,mts_details_sep,2007,124.274
pak,sex_f,geo_cov_nat,mts_details_sep,2008,111.175
pak,sex_f,geo_cov_nat,mts_details_sep,2009,122.727
pak,sex_f,geo_cov_nat,mts_details_sep,2010,105.243
pak,sex_f,geo_cov_nat,mts_details_sep,2011,111.126
pak,sex_f,geo_cov_nat,mts_details_sep,2013,128.462
pak,sex_f,geo_cov_nat,mts_details_sep,2014,117.662
pak,sex_f,geo_cov_nat,mts_details_sep,2015,124.45
pak,sex_f,geo_cov_nat,mts_details_sep,2018,182.147
pak,sex_f,geo_cov_nat,mts_details_sep,2019,171.872
pak,sex_f,geo_cov_nat,mts_details_sep,2021,131.117
pak,sex_f,geo_cov_nat,mts_details_sgle,2006,9543.795
pak,sex_f,geo_cov_nat,mts_details_sgle,2007,9762.027
pak,sex_f,geo_cov_nat,mts_details_sgle,2008,10309.064
pak,sex_f,geo_cov_nat,mts_details_sgle,2009,10435.596
pak,sex_f,geo_cov_nat,mts_details_sgle,2010,10332.976
pak,sex_f,geo_cov_nat,mts_details_sgle,2011,11030.096
pak,sex_f,geo_cov_nat,mts_details_sgle,2013,11237.527
pak,sex_f,geo_cov_nat,mts_details_sgle,2014,11104.378
pak,sex_f,geo_cov_nat,mts_details_sgle,2015,11166.192
pak,sex_f,geo_cov_nat,mts_details_sgle,2018,12283.831
pak,sex_f,geo_cov_nat,mts_details_sgle,2019,11615.635
pak,sex_f,geo_cov_nat,mts_details_sgle,2021,11413.082
pak,sex_f,geo_cov_nat,mts_details_total,2006,35376.8
pak,sex_f,geo_cov_nat,mts_details_total,2007,36034.384
pak,sex_f,geo_cov_nat,mts_details_total,2008,36724.069
pak,sex_f,geo_cov_nat,mts_details_total,2009,37191.695
pak,sex_f,geo_cov_nat,mts_details_total,2010,37228.547
pak,sex_f,geo_cov_nat,mts_details_total,2011,39207.06
pak,sex_f,geo_cov_nat,mts_details_total,2013,40882.071
pak,sex_f,geo_cov_nat,mts_details_total,2014,41578.785
pak,sex_f,geo_cov_nat,mts_details_total,2015,41670.667
pak,sex_f,geo_cov_nat,mts_details_total,2018,47943.263
pak,sex_f,geo_cov_nat,mts_details_total,2019,46114.954
pak,sex_f,geo_cov_nat,mts_details_total,2021,46883.12
pak,sex_f,geo_cov_nat,mts_details_wid,2006,2559.473
pak,sex_f,geo_cov_nat,mts_details_wid,2007,2598.262
pak,sex_f,geo_cov_nat,mts_details_wid,2008,2637.873
pak,sex_f,geo_cov_nat,mts_details_wid,2009,2674.118
pak,sex_f,geo_cov_nat,mts_details_wid,2010,2712.212
pak,sex_f,geo_cov_nat,mts_details_wid,2011,2916.316
pak,sex_f,geo_cov_nat,mts_details_wid,2013,2928.57
pak,sex_f,geo_cov_nat,mts_details_wid,2014,2940.865
pak,sex_f,geo_cov_nat,mts_details_wid,2015,2714.456
pak,sex_f,geo_cov_nat,mts_details_wid,2018,3508.182
pak,sex_f,geo_cov_nat,mts_details_wid,2019,3413.684
pak,sex_f,geo_cov_nat,mts_details_wid,2021,3607.929
pak,sex_f,geo_cov_rur,mts_aggregate_1,2006,6932.777
pak,sex_f,geo_cov_rur,mts_aggregate_1,2007,7070.795
pak,sex_f,geo_cov_rur,mts_aggregate_1,2008,7478.479
pak,sex_f,geo_cov_rur,mts_aggregate_1,2009,7525.411
pak,sex_f,geo_cov_rur,mts_aggregate_1,2010,7379.349
pak,sex_f,geo_cov_rur,mts_aggregate_1,2011,8000.425
pak,sex_f,geo_cov_rur,mts_aggregate_1,2013,8111.954
pak,sex_f,geo_cov_rur,mts_aggregate_1,2014,7801.203
pak,sex_f,geo_cov_rur,mts_aggregate_1,2015,7864.508
pak,sex_f,geo_cov_rur,mts_aggregate_1,2018,8860.842
pak,sex_f,geo_cov_rur,mts_aggregate_1,2019,8371.281
pak,sex_f,geo_cov_rur,mts_aggregate_1,2021,8443.912
pak,sex_f,geo_cov_rur,mts_aggregate_2,2006,14644.822
pak,sex_f,geo_cov_rur,mts_aggregate_2,2007,14766.561
pak,sex_f,geo_cov_rur,mts_aggregate_2,2008,14445.701
pak,sex_f,geo_cov_rur,mts_aggregate_2,2009,14589.885
pak,sex_f,geo_cov_rur,mts_aggregate_2,2010,14527.766
pak,sex_f,geo_cov_rur,mts_aggregate_2,2011,15177.678
pak,sex_f,geo_cov_rur,mts_aggregate_2,2013,16229.008
pak,sex_f,geo_cov_rur,mts_aggregate_2,2014,16032.735
pak,sex_f,geo_cov_rur,mts_aggregate_2,2015,16072.936
pak,sex_f,geo_cov_rur,mts_aggregate_2,2018,18373.864
pak,sex_f,geo_cov_rur,mts_aggregate_2,2019,17129.729
pak,sex_f,geo_cov_rur,mts_aggregate_2,2021,17962.842
pak,sex_f,geo_cov_rur,mts_aggregate_total,2006,21577.599
pak,sex_f,geo_cov_rur,mts_aggregate_total,2007,21837.356
pak,sex_f,geo_cov_rur,mts_aggregate_total,2008,21924.181
pak,sex_f,geo_cov_rur,mts_aggregate_total,2009,22115.296
pak,sex_f,geo_cov_rur,mts_aggregate_total,2010,21907.114
pak,sex_f,geo_cov_rur,mts_aggregate_total,2011,23178.103
pak,sex_f,geo_cov_rur,mts_aggregate_total,2013,24340.962
pak,sex_f,geo_cov_rur,mts_aggregate_total,2014,23833.939
pak,sex_f,geo_cov_rur,mts_aggregate_total,2015,23937.444
pak,sex_f,geo_cov_rur,mts_aggregate_total,2018,27234.705
pak,sex_f,geo_cov_rur,mts_aggregate_total,2019,25501.01
pak,sex_f,geo_cov_rur,mts_aggregate_total,2021,26406.754
pak,sex_f,geo_cov_rur,mts_details_mrd,2006,14644.822
pak,sex_f,geo_cov_rur,mts_details_mrd,2007,14766.561
pak,sex_f,geo_cov_rur,mts_details_mrd,2008,14445.701
pak,sex_f,geo_cov_rur,mts_details_mrd,2009,14589.885
pak,sex_f,geo_cov_rur,mts_details_mrd,2010,14527.766
pak,sex_f,geo_cov_rur,mts_details_mrd,2011,15177.678
pak,sex_f,geo_cov_rur,mts_details_mrd,2013,16229.008
pak,sex_f,geo_cov_rur,mts_details_mrd,2014,16032.735
pak,sex_f,geo_cov_rur,mts_details_mrd,2015,16072.936
pak,sex_f,geo_cov_rur,mts_details_mrd,2018,18373.864
pak,sex_f,geo_cov_rur,mts_details_mrd,2019,17129.729
pak,sex_f,geo_cov_rur,mts_details_mrd,2021,17962.842
pak,sex_f,geo_cov_rur,mts_details_sep,2006,81.654
pak,sex_f,geo_cov_rur,mts_details_sep,2007,69.113
pak,sex_f,geo_cov_rur,mts_details_sep,2008,78.94
pak,sex_f,geo_cov_rur,mts_details_sep,2009,78.758
pak,sex_f,geo_cov_rur,mts_details_sep,2010,79.385
pak,sex_f,geo_cov_rur,mts_details_sep,2011,84.623
pak,sex_f,geo_cov_rur,mts_details_sep,2013,78.526
pak,sex_f,geo_cov_rur,mts_details_sep,2014,76.865
pak,sex_f,geo_cov_rur,mts_details_sep,2015,82.509
pak,sex_f,geo_cov_rur,mts_details_sep,2018,106.124
pak,sex_f,geo_cov_rur,mts_details_sep,2019,111.226
pak,sex_f,geo_cov_rur,mts_details_sep,2021,73.954
pak,sex_f,geo_cov_rur,mts_details_sgle,2006,5271.481
pak,sex_f,geo_cov_rur,mts_details_sgle,2007,5417.074
pak,sex_f,geo_cov_rur,mts_details_sgle,2008,5739.531
pak,sex_f,geo_cov_rur,mts_details_sgle,2009,5846.795
pak,sex_f,geo_cov_rur,mts_details_sgle,2010,5636.997
pak,sex_f,geo_cov_rur,mts_details_sgle,2011,6133.47
pak,sex_f,geo_cov_rur,mts_details_sgle,2013,6244.996
pak,sex_f,geo_cov_rur,mts_details_sgle,2014,5963.278
pak,sex_f,geo_cov_rur,mts_details_sgle,2015,6213.639
pak,sex_f,geo_cov_rur,mts_details_sgle,2018,6744.444
pak,sex_f,geo_cov_rur,mts_details_sgle,2019,6332.8
pak,sex_f,geo_cov_rur,mts_details_sgle,2021,6295.204
pak,sex_f,geo_cov_rur,mts_details_total,2006,21577.599
pak,sex_f,geo_cov_rur,mts_details_total,2007,21837.356
pak,sex_f,geo_cov_rur,mts_details_total,2008,21924.181
pak,sex_f,geo_cov_rur,mts_details_total,2009,22115.296
pak,sex_f,geo_cov_rur,mts_details_total,2010,21907.114
pak,sex_f,geo_cov_rur,mts_details_total,2011,23178.103
pak,sex_f,geo_cov_rur,mts_details_total,2013,24340.962
pak,sex_f,geo_cov_rur,mts_details_total,2014,23833.939
pak,sex_f,geo_cov_rur,mts_details_total,2015,23937.444
pak,sex_f,geo_cov_rur,mts_details_total,2018,27234.705
pak,sex_f,geo_cov_rur,mts_details_total,2019,25501.01
pak,sex_f,geo_cov_rur,mts_details_total,2021,26406.754
pak,sex_f,geo_cov_rur,mts_details_wid,2006,1579.641
pak,sex_f,geo_cov_rur,mts_details_wid,2007,1584.609
pak,sex_f,geo_cov_rur,mts_details_wid,2008,1660.009
pak,sex_f,geo_cov_rur,mts_details_wid,2009,1599.859
pak,sex_f,geo_cov_rur,mts_details_wid,2010,1662.966
pak,sex_f,geo_cov_rur,mts_details_wid,2011,1782.332
pak,sex_f,geo_cov_rur,mts_details_wid,2013,1788.432
pak,sex_f,geo_cov_rur,mts_details_wid,2014,1761.061
pak,sex_f,geo_cov_rur,mts_details_wid,2015,1568.359
pak,sex_f,geo_cov_rur,mts_details_wid,2018,2010.273
pak,sex_f,geo_cov_rur,mts_details_wid,2019,1927.255
pak,sex_f,geo_cov_rur,mts_details_wid,2021,2074.755
pak,sex_f,geo_cov_urb,mts_aggregate_1,2006,5281.87
pak,sex_f,geo_cov_urb,mts_aggregate_1,2007,5413.768
pak,sex_f,geo_cov_urb,mts_aggregate_1,2008,5579.633
pak,sex_f,geo_cov_urb,mts_aggregate_1,2009,5707.029
pak,sex_f,geo_cov_urb,mts_aggregate_1,2010,5771.082
pak,sex_f,geo_cov_urb,mts_aggregate_1,2011,6057.112
pak,sex_f,geo_cov_urb,mts_aggregate_1,2013,6182.605
pak,sex_f,geo_cov_urb,mts_aggregate_1,2014,6361.702
pak,sex_f,geo_cov_urb,mts_aggregate_1,2015,6140.59
pak,sex_f,geo_cov_urb,mts_aggregate_1,2018,7113.319
pak,sex_f,geo_cov_urb,mts_aggregate_1,2019,6829.91
pak,sex_f,geo_cov_urb,mts_aggregate_1,2021,6708.216
pak,sex_f,geo_cov_urb,mts_aggregate_2,2006,8517.331
pak,sex_f,geo_cov_urb,mts_aggregate_2,2007,8783.26
pak,sex_f,geo_cov_urb,mts_aggregate_2,2008,9220.255
pak,sex_f,geo_cov_urb,mts_aggregate_2,2009,9369.37
pak,sex_f,geo_cov_urb,mts_aggregate_2,2010,9550.351
pak,sex_f,geo_cov_urb,mts_aggregate_2,2011,9971.845
pak,sex_f,geo_cov_urb,mts_aggregate_2,2013,10358.504
pak,sex_f,geo_cov_urb,mts_aggregate_2,2014,11383.145
pak,sex_f,geo_cov_urb,mts_aggregate_2,2015,11592.632
pak,sex_f,geo_cov_urb,mts_aggregate_2,2018,13595.24
pak,sex_f,geo_cov_urb,mts_aggregate_2,2019,13784.034
pak,sex_f,geo_cov_urb,mts_aggregate_2,2021,13768.15
pak,sex_f,geo_cov_urb,mts_aggregate_total,2006,13799.201
pak,sex_f,geo_cov_urb,mts_aggregate_total,2007,14197.028
pak,sex_f,geo_cov_urb,mts_aggregate_total,2008,14799.888
pak,sex_f,geo_cov_urb,mts_aggregate_total,2009,15076.4
pak,sex_f,geo_cov_urb,mts_aggregate_total,2010,15321.433
pak,sex_f,geo_cov_urb,mts_aggregate_total,2011,16028.957
pak,sex_f,geo_cov_urb,mts_aggregate_total,2013,16541.109
pak,sex_f,geo_cov_urb,mts_aggregate_total,2014,17744.846
pak,sex_f,geo_cov_urb,mts_aggregate_total,2015,17733.223
pak,sex_f,geo_cov_urb,mts_aggregate_total,2018,20708.558
pak,sex_f,geo_cov_urb,mts_aggregate_total,2019,20613.944
pak,sex_f,geo_cov_urb,mts_aggregate_total,2021,20476.367
pak,sex_f,geo_cov_urb,mts_details_mrd,2006,8517.331
pak,sex_f,geo_cov_urb,mts_details_mrd,2007,8783.26
pak,sex_f,geo_cov_urb,mts_details_mrd,2008,9220.255
pak,sex_f,geo_cov_urb,mts_details_mrd,2009,9369.37
pak,sex_f,geo_cov_urb,mts_details_mrd,2010,9550.351
pak,sex_f,geo_cov_urb,mts_details_mrd,2011,9971.845
pak,sex_f,geo_cov_urb,mts_details_mrd,2013,10358.504
pak,sex_f,geo_cov_urb,mts_details_mrd,2014,11383.145
pak,sex_f,geo_cov_urb,mts_details_mrd,2015,11592.632
pak,sex_f,geo_cov_urb,mts_details_mrd,2018,13595.24
pak,sex_f,geo_cov_urb,mts_details_mrd,2019,13784.034
pak,sex_f,geo_cov_urb,mts_details_mrd,2021,13768.15
pak,sex_f,geo_cov_urb,mts_details_sep,2006,29.724
pak,sex_f,geo_cov_urb,mts_details_sep,2007,55.161
pak,sex_f,geo_cov_urb,mts_details_sep,2008,32.235
pak,sex_f,geo_cov_urb,mts_details_sep,2009,43.969
pak,sex_f,geo_cov_urb,mts_details_sep,2010,25.858
pak,sex_f,geo_cov_urb,mts_details_sep,2011,26.502
pak,sex_f,geo_cov_urb,mts_details_sep,2013,49.936
pak,sex_f,geo_cov_urb,mts_details_sep,2014,40.798
pak,sex_f,geo_cov_urb,mts_details_sep,2015,41.94
pak,sex_f,geo_cov_urb,mts_details_sep,2018,76.023
pak,sex_f,geo_cov_urb,mts_details_sep,2019,60.646
pak,sex_f,geo_cov_urb,mts_details_sep,2021,57.164
pak,sex_f,geo_cov_urb,mts_details_sgle,2006,4272.314
pak,sex_f,geo_cov_urb,mts_details_sgle,2007,4344.954
pak,sex_f,geo_cov_urb,mts_details_sgle,2008,4569.534
pak,sex_f,geo_cov_urb,mts_details_sgle,2009,4588.801
pak,sex_f,geo_cov_urb,mts_details_sgle,2010,4695.978
pak,sex_f,geo_cov_urb,mts_details_sgle,2011,4896.626
pak,sex_f,geo_cov_urb,mts_details_sgle,2013,4992.531
pak,sex_f,geo_cov_urb,mts_details_sgle,2014,5141.1
pak,sex_f,geo_cov_urb,mts_details_sgle,2015,4952.553
pak,sex_f,geo_cov_urb,mts_details_sgle,2018,5539.386
pak,sex_f,geo_cov_urb,mts_details_sgle,2019,5282.835
pak,sex_f,geo_cov_urb,mts_details_sgle,2021,5117.878
pak,sex_f,geo_cov_urb,mts_details_total,2006,13799.201
pak,sex_f,geo_cov_urb,mts_details_total,2007,14197.028
pak,sex_f,geo_cov_urb,mts_details_total,2008,14799.888
pak,sex_f,geo_cov_urb,mts_details_total,2009,15076.4
pak,sex_f,geo_cov_urb,mts_details_total,2010,15321.433
pak,sex_f,geo_cov_urb,mts_details_total,2011,16028.957
pak,sex_f,geo_cov_urb,mts_details_total,2013,16541.109
pak,sex_f,geo_cov_urb,mts_details_total,2014,17744.846
pak,sex_f,geo_cov_urb,mts_details_total,2015,17733.223
pak,sex_f,geo_cov_urb,mts_details_total,2018,20708.558
pak,sex_f,geo_cov_urb,mts_details_total,2019,20613.944
pak,sex_f,geo_cov_urb,mts_details_total,2021,20476.367
pak,sex_f,geo_cov_urb,mts_details_wid,2006,979.832
pak,sex_f,geo_cov_urb,mts_details_wid,2007,1013.653
pak,sex_f,geo_cov_urb,mts_details_wid,2008,977.864
pak,sex_f,geo_cov_urb,mts_details_wid,2009,1074.259
pak,sex_f,geo_cov_urb,mts_details_wid,2010,1049.246
pak,sex_f,geo_cov_urb,mts_details_wid,2011,1133.984
pak,sex_f,geo_cov_urb,mts_details_wid,2013,1140.138
pak,sex_f,geo_cov_urb,mts_details_wid,2014,1179.804
pak,sex_f,geo_cov_urb,mts_details_wid,2015,1146.097
pak,sex_f,geo_cov_urb,mts_details_wid,2018,1497.909
pak,sex_f,geo_cov_urb,mts_details_wid,2019,1486.429
pak,sex_f,geo_cov_urb,mts_details_wid,2021,1533.174
pak,sex_m,geo_cov_nat,mts_aggregate_1,2006,6201.202
pak,sex_m,geo_cov_nat,mts_aggregate_1,2007,6553.008
pak,sex_m,geo_cov_nat,mts_aggregate_1,2008,7120.134
pak,sex_m,geo_cov_nat,mts_aggregate_1,2009,7539.022
pak,sex_m,geo_cov_nat,mts_aggregate_1,2010,7722.422
pak,sex_m,geo_cov_nat,mts_aggregate_1,2011,8223.716
pak,sex_m,geo_cov_nat,mts_aggregate_1,2013,8426.059
pak,sex_m,geo_cov_nat,mts_aggregate_1,2014,8615.9
pak,sex_m,geo_cov_nat,mts_aggregate_1,2015,8536.236
pak,sex_m,geo_cov_nat,mts_aggregate_1,2018,8909.722
pak,sex_m,geo_cov_nat,mts_aggregate_1,2019,9080.839
pak,sex_m,geo_cov_nat,mts_aggregate_1,2021,8155.517
pak,sex_m,geo_cov_nat,mts_aggregate_2,2006,2762.923
pak,sex_m,geo_cov_nat,mts_aggregate_2,2007,2637.413
pak,sex_m,geo_cov_nat,mts_aggregate_2,2008,2605.051
pak,sex_m,geo_cov_nat,mts_aggregate_2,2009,2713.024
pak,sex_m,geo_cov_nat,mts_aggregate_2,2010,2820.327
pak,sex_m,geo_cov_nat,mts_aggregate_2,2011,2783.236
pak,sex_m,geo_cov_nat,mts_aggregate_2,2013,2879.852
pak,sex_m,geo_cov_nat,mts_aggregate_2,2014,2992.144
pak,sex_m,geo_cov_nat,mts_aggregate_2,2015,2651.371
pak,sex_m,geo_cov_nat,mts_aggregate_2,2018,3057.024
pak,sex_m,geo_cov_nat,mts_aggregate_2,2019,2994.104
pak,sex_m,geo_cov_nat,mts_aggregate_2,2021,3969.598
pak,sex_m,geo_cov_nat,mts_aggregate_total,2006,8964.126
pak,sex_m,geo_cov_nat,mts_aggregate_total,2007,9190.421
pak,sex_m,geo_cov_nat,mts_aggregate_total,2008,9725.184
pak,sex_m,geo_cov_nat,mts_aggregate_total,2009,10252.046
pak,sex_m,geo_cov_nat,mts_aggregate_total,2010,10542.748
pak,sex_m,geo_cov_nat,mts_aggregate_total,2011,11006.953
pak,sex_m,geo_cov_nat,mts_aggregate_total,2013,11305.911
pak,sex_m,geo_cov_nat,mts_aggregate_total,2014,11608.043
pak,sex_m,geo_cov_nat,mts_aggregate_total,2015,11187.607
pak,sex_m,geo_cov_nat,mts_aggregate_total,2018,11966.746
pak,sex_m,geo_cov_nat,mts_aggregate_total,2019,12074.943
pak,sex_m,geo_cov_nat,mts_aggregate_total,2021,12125.115
pak,sex_m,geo_cov_nat,mts_details_mrd,2006,2762.923
pak,sex_m,geo_cov_nat,mts_details_mrd,2007,2637.413
pak,sex_m,geo_cov_nat,mts_details_mrd,2008,2605.051
pak,sex_m,geo_cov_nat,mts_details_mrd,2009,2713.024
pak,sex_m,geo_cov_nat,mts_details_mrd,2010,2820.327
pak,sex_m,geo_cov_nat,mts_details_mrd,2011,2783.236
pak,sex_m,geo_cov_nat,mts_details_mrd,2013,2879.852
pak,sex_m,geo_cov_nat,mts_details_mrd,2014,2992.144
pak,sex_m,geo_cov_nat,mts_details_mrd,2015,2651.371
pak,sex_m,geo_cov_nat,mts_details_mrd,2018,3057.024
pak,sex_m,geo_cov_nat,mts_details_mrd,2019,2994.104
pak,sex_m,geo_cov_nat,mts_details_mrd,2021,3969.598
pak,sex_m,geo_cov_nat,mts_details_sep,2006,12.126
pak,sex_m,geo_cov_nat,mts_details_sep,2007,32.337
pak,sex_m,geo_cov_nat,mts_details_sep,2008,25.819
pak,sex_m,geo_cov_nat,mts_details_sep,2009,18.908
pak,sex_m,geo_cov_nat,mts_details_sep,2010,19.679
pak,sex_m,geo_cov_nat,mts_details_sep,2011,23.231
pak,sex_m,geo_cov_nat,mts_details_sep,2013,18.548
pak,sex_m,geo_cov_nat,mts_details_sep,2014,24.881
pak,sex_m,geo_cov_nat,mts_details_sep,2015,22.597
pak,sex_m,geo_cov_nat,mts_details_sep,2018,26.628
pak,sex_m,geo_cov_nat,mts_details_sep,2019,17.944
pak,sex_m,geo_cov_nat,mts_details_sep,2021,18.187
pak,sex_m,geo_cov_nat,mts_details_sgle,2006,5539.292
pak,sex_m,geo_cov_nat,mts_details_sgle,2007,5893.722
pak,sex_m,geo_cov_nat,mts_details_sgle,2008,6486.428
pak,sex_m,geo_cov_nat,mts_details_sgle,2009,6831.786
pak,sex_m,geo_cov_nat,mts_details_sgle,2010,6998.916
pak,sex_m,geo_cov_nat,mts_details_sgle,2011,7452.972
pak,sex_m,geo_cov_nat,mts_details_sgle,2013,7642.791
pak,sex_m,geo_cov_nat,mts_details_sgle,2014,7853.092
pak,sex_m,geo_cov_nat,mts_details_sgle,2015,7808.98
pak,sex_m,geo_cov_nat,mts_details_sgle,2018,8070.499
pak,sex_m,geo_cov_nat,mts_details_sgle,2019,8308.509
pak,sex_m,geo_cov_nat,mts_details_sgle,2021,7237.288
pak,sex_m,geo_cov_nat,mts_details_total,2006,8964.126
pak,sex_m,geo_cov_nat,mts_details_total,2007,9190.421
pak,sex_m,geo_cov_nat,mts_details_total,2008,9725.184
pak,sex_m,geo_cov_nat,mts_details_total,2009,10252.046
pak,sex_m,geo_cov_nat,mts_details_total,2010,10542.748
pak,sex_m,geo_cov_nat,mts_details_total,2011,11006.953
pak,sex_m,geo_cov_nat,mts_details_total,2013,11305.911
pak,sex_m,geo_cov_nat,mts_details_total,2014,11608.043
pak,sex_m,geo_cov_nat,mts_details_total,2015,11187.607
pak,sex_m,geo_cov_nat,mts_details_total,2018,11966.746
pak,sex_m,geo_cov_nat,mts_details_total,2019,12074.943
pak,sex_m,geo_cov_nat,mts_details_total,2021,12125.115
pak,sex_m,geo_cov_nat,mts_details_wid,2006,649.785
pak,sex_m,geo_cov_nat,mts_details_wid,2007,626.949
pak,sex_m,geo_cov_nat,mts_details_wid,2008,607.887
pak,sex_m,geo_cov_nat,mts_details_wid,2009,688.328
pak,sex_m,geo_cov_nat,mts_details_wid,2010,703.827
pak,sex_m,geo_cov_nat,mts_details_wid,2011,747.515
pak,sex_m,geo_cov_nat,mts_details_wid,2013,764.72
pak,sex_m,geo_cov_nat,mts_details_wid,2014,737.927
pak,sex_m,geo_cov_nat,mts_details_wid,2015,704.658
pak,sex_m,geo_cov_nat,mts_details_wid,2018,812.594
pak,sex_m,geo_cov_nat,mts_details_wid,2019,754.386
pak,sex_m,geo_cov_nat,mts_details_wid,2021,900.042
pak,sex_m,geo_cov_rur,mts_aggregate_1,2006,3237.966
pak,sex_m,geo_cov_rur,mts_aggregate_1,2007,3530.963
pak,sex_m,geo_cov_rur,mts_aggregate_1,2008,3857.409
pak,sex_m,geo_cov_rur,mts_aggregate_1,2009,4038.668
pak,sex_m,geo_cov_rur,mts_aggregate_1,2010,4302.999
pak,sex_m,geo_cov_rur,mts_aggregate_1,2011,4457.872
pak,sex_m,geo_cov_rur,mts_aggregate_1,2013,4622.741
pak,sex_m,geo_cov_rur,mts_aggregate_1,2014,4680.045
pak,sex_m,geo_cov_rur,mts_aggregate_1,2015,4702.561
pak,sex_m,geo_cov_rur,mts_aggregate_1,2018,4709.263
pak,sex_m,geo_cov_rur,mts_aggregate_1,2019,4768.023
pak,sex_m,geo_cov_rur,mts_aggregate_1,2021,4511.946
pak,sex_m,geo_cov_rur,mts_aggregate_2,2006,1698.629
pak,sex_m,geo_cov_rur,mts_aggregate_2,2007,1589.692
pak,sex_m,geo_cov_rur,mts_aggregate_2,2008,1599.983
pak,sex_m,geo_cov_rur,mts_aggregate_2,2009,1601.585
pak,sex_m,geo_cov_rur,mts_aggregate_2,2010,1711.337
pak,sex_m,geo_cov_rur,mts_aggregate_2,2011,1606.526
pak,sex_m,geo_cov_rur,mts_aggregate_2,2013,1777.652
pak,sex_m,geo_cov_rur,mts_aggregate_2,2014,1748.006
pak,sex_m,geo_cov_rur,mts_aggregate_2,2015,1596.993
pak,sex_m,geo_cov_rur,mts_aggregate_2,2018,1727.012
pak,sex_m,geo_cov_rur,mts_aggregate_2,2019,1686.345
pak,sex_m,geo_cov_rur,mts_aggregate_2,2021,2233.754
pak,sex_m,geo_cov_rur,mts_aggregate_total,2006,4936.594
pak,sex_m,geo_cov_rur,mts_aggregate_total,2007,5120.654
pak,sex_m,geo_cov_rur,mts_aggregate_total,2008,5457.393
pak,sex_m,geo_cov_rur,mts_aggregate_total,2009,5640.253
pak,sex_m,geo_cov_rur,mts_aggregate_total,2010,6014.337
pak,sex_m,geo_cov_rur,mts_aggregate_total,2011,6064.398
pak,sex_m,geo_cov_rur,mts_aggregate_total,2013,6400.393
pak,sex_m,geo_cov_rur,mts_aggregate_total,2014,6428.051
pak,sex_m,geo_cov_rur,mts_aggregate_total,2015,6299.554
pak,sex_m,geo_cov_rur,mts_aggregate_total,2018,6436.275
pak,sex_m,geo_cov_rur,mts_aggregate_total,2019,6454.368
pak,sex_m,geo_cov_rur,mts_aggregate_total,2021,6745.7
pak,sex_m,geo_cov_rur,mts_details_mrd,2006,1698.629
pak,sex_m,geo_cov_rur,mts_details_mrd,2007,1589.692
pak,sex_m,geo_cov_rur,mts_details_mrd,2008,1599.983
pak,sex_m,geo_cov_rur,mts_details_mrd,2009,1601.585
pak,sex_m,geo_cov_rur,mts_details_mrd,2010,1711.337
pak,sex_m,geo_cov_rur,mts_details_mrd,2011,1606.526
pak,sex_m,geo_cov_rur,mts_details_mrd,2013,1777.652
pak,sex_m,geo_cov_rur,mts_details_mrd,2014,1748.006
pak,sex_m,geo_cov_rur,mts_details_mrd,2015,1596.993
pak,sex_m,geo_cov_rur,mts_details_mrd,2018,1727.012
pak,sex_m,geo_cov_rur,mts_details_mrd,2019,1686.345
pak,sex_m,geo_cov_rur,mts_details_mrd,2021,2233.754
pak,sex_m,geo_cov_rur,mts_details_sep,2006,8.132
pak,sex_m,geo_cov_rur,mts_details_sep,2007,22.382
pak,sex_m,geo_cov_rur,mts_details_sep,2008,17.482
pak,sex_m,geo_cov_rur,mts_details_sep,2009,15.244
pak,sex_m,geo_cov_rur,mts_details_sep,2010,14.947
pak,sex_m,geo_cov_rur,mts_details_sep,2011,11.587
pak,sex_m,geo_cov_rur,mts_details_sep,2013,13.964
pak,sex_m,geo_cov_rur,mts_details_sep,2014,16.7
pak,sex_m,geo_cov_rur,mts_details_sep,2015,17.211
pak,sex_m,geo_cov_rur,mts_details_sep,2018,16.311
pak,sex_m,geo_cov_rur,mts_details_sep,2019,11.533
pak,sex_m,geo_cov_rur,mts_details_sep,2021,9.798
pak,sex_m,geo_cov_rur,mts_details_sgle,2006,2823.005
pak,sex_m,geo_cov_rur,mts_details_sgle,2007,3121.339
pak,sex_m,geo_cov_rur,mts_details_sgle,2008,3463.098
pak,sex_m,geo_cov_rur,mts_details_sgle,2009,3621.723
pak,sex_m,geo_cov_rur,mts_details_sgle,2010,3840.812
pak,sex_m,geo_cov_rur,mts_details_sgle,2011,3993.901
pak,sex_m,geo_cov_rur,mts_details_sgle,2013,4144.163
pak,sex_m,geo_cov_rur,mts_details_sgle,2014,4190.757
pak,sex_m,geo_cov_rur,mts_details_sgle,2015,4240.082
pak,sex_m,geo_cov_rur,mts_details_sgle,2018,4215.505
pak,sex_m,geo_cov_rur,mts_details_sgle,2019,4309.72
pak,sex_m,geo_cov_rur,mts_details_sgle,2021,3951.935
pak,sex_m,geo_cov_rur,mts_details_total,2006,4936.594
pak,sex_m,geo_cov_rur,mts_details_total,2007,5120.654
pak,sex_m,geo_cov_rur,mts_details_total,2008,5457.393
pak,sex_m,geo_cov_rur,mts_details_total,2009,5640.253
pak,sex_m,geo_cov_rur,mts_details_total,2010,6014.337
pak,sex_m,geo_cov_rur,mts_details_total,2011,6064.398
pak,sex_m,geo_cov_rur,mts_details_total,2013,6400.393
pak,sex_m,geo_cov_rur,mts_details_total,2014,6428.051
pak,sex_m,geo_cov_rur,mts_details_total,2015,6299.554
pak,sex_m,geo_cov_rur,mts_details_total,2018,6436.275
pak,sex_m,geo_cov_rur,mts_details_total,2019,6454.368
pak,sex_m,geo_cov_rur,mts_details_total,2021,6745.7
pak,sex_m,geo_cov_rur,mts_details_wid,2006,406.829
pak,sex_m,geo_cov_rur,mts_details_wid,2007,387.242
pak,sex_m,geo_cov_rur,mts_details_wid,2008,376.829
pak,sex_m,geo_cov_rur,mts_details_wid,2009,401.701
pak,sex_m,geo_cov_rur,mts_details_wid,2010,447.24
pak,sex_m,geo_cov_rur,mts_details_wid,2011,452.384
pak,sex_m,geo_cov_rur,mts_details_wid,2013,464.614
pak,sex_m,geo_cov_rur,mts_details_wid,2014,472.588
pak,sex_m,geo_cov_rur,mts_details_wid,2015,445.268
pak,sex_m,geo_cov_rur,mts_details_wid,2018,477.446
pak,sex_m,geo_cov_rur,mts_details_wid,2019,446.77
pak,sex_m,geo_cov_rur,mts_details_wid,2021,550.213
pak,sex_m,geo_cov_urb,mts_aggregate_1,2006,2963.237
pak,sex_m,geo_cov_urb,mts_aggregate_1,2007,3022.045
pak,sex_m,geo_cov_urb,mts_aggregate_1,2008,3262.724
pak,sex_m,geo_cov_urb,mts_aggregate_1,2009,3500.354
pak,sex_m,geo_cov_urb,mts_aggregate_1,2010,3419.422
pak,sex_m,geo_cov_urb,mts_aggregate_1,2011,3765.845
pak,sex_m,geo_cov_urb,mts_aggregate_1,2013,3803.318
pak,sex_m,geo_cov_urb,mts_aggregate_1,2014,3935.855
pak,sex_m,geo_cov_urb,mts_aggregate_1,2015,3833.675
pak,sex_m,geo_cov_urb,mts_aggregate_1,2018,4200.46
pak,sex_m,geo_cov_urb,mts_aggregate_1,2019,4312.816
pak,sex_m,geo_cov_urb,mts_aggregate_1,2021,3643.571
pak,sex_m,geo_cov_urb,mts_aggregate_2,2006,1064.295
pak,sex_m,geo_cov_urb,mts_aggregate_2,2007,1047.722
pak,sex_m,geo_cov_urb,mts_aggregate_2,2008,1005.067
pak,sex_m,geo_cov_urb,mts_aggregate_2,2009,1111.439
pak,sex_m,geo_cov_urb,mts_aggregate_2,2010,1108.989
pak,sex_m,geo_cov_urb,mts_aggregate_2,2011,1176.71
pak,sex_m,geo_cov_urb,mts_aggregate_2,2013,1102.2
pak,sex_m,geo_cov_urb,mts_aggregate_2,2014,1244.138
pak,sex_m,geo_cov_urb,mts_aggregate_2,2015,1054.378
pak,sex_m,geo_cov_urb,mts_aggregate_2,2018,1330.012
pak,sex_m,geo_cov_urb,mts_aggregate_2,2019,1307.759
pak,sex_m,geo_cov_urb,mts_aggregate_2,2021,1735.844
pak,sex_m,geo_cov_urb,mts_aggregate_total,2006,4027.531
pak,sex_m,geo_cov_urb,mts_aggregate_total,2007,4069.767
pak,sex_m,geo_cov_urb,mts_aggregate_total,2008,4267.792
pak,sex_m,geo_cov_urb,mts_aggregate_total,2009,4611.793
pak,sex_m,geo_cov_urb,mts_aggregate_total,2010,4528.412
pak,sex_m,geo_cov_urb,mts_aggregate_total,2011,4942.555
pak,sex_m,geo_cov_urb,mts_aggregate_total,2013,4905.518
pak,sex_m,geo_cov_urb,mts_aggregate_total,2014,5179.993
pak,sex_m,geo_cov_urb,mts_aggregate_total,2015,4888.053
pak,sex_m,geo_cov_urb,mts_aggregate_total,2018,5530.471
pak,sex_m,geo_cov_urb,mts_aggregate_total,2019,5620.575
pak,sex_m,geo_cov_urb,mts_aggregate_total,2021,5379.415
pak,sex_m,geo_cov_urb,mts_details_mrd,2006,1064.295
pak,sex_m,geo_cov_urb,mts_details_mrd,2007,1047.722
pak,sex_m,geo_cov_urb,mts_details_mrd,2008,1005.067
pak,sex_m,geo_cov_urb,mts_details_mrd,2009,1111.439
pak,sex_m,geo_cov_urb,mts_details_mrd,2010,1108.989
pak,sex_m,geo_cov_urb,mts_details_mrd,2011,1176.71
pak,sex_m,geo_cov_urb,mts_details_mrd,2013,1102.2
pak,sex_m,geo_cov_urb,mts_details_mrd,2014,1244.138
pak,sex_m,geo_cov_urb,mts_details_mrd,2015,1054.378
pak,sex_m,geo_cov_urb,mts_details_mrd,2018,1330.012
pak,sex_m,geo_cov_urb,mts_details_mrd,2019,1307.759
pak,sex_m,geo_cov_urb,mts_details_mrd,2021,1735.844
pak,sex_m,geo_cov_urb,mts_details_sep,2006,3.995
pak,sex_m,geo_cov_urb,mts_details_sep,2007,9.955
pak,sex_m,geo_cov_urb,mts_details_sep,2008,8.337
pak,sex_m,geo_cov_urb,mts_details_sep,2009,3.663
pak,sex_m,geo_cov_urb,mts_details_sep,2010,4.732
pak,sex_m,geo_cov_urb,mts_details_sep,2011,11.644
pak,sex_m,geo_cov_urb,mts_details_sep,2013,4.584
pak,sex_m,geo_cov_urb,mts_details_sep,2014,8.181
pak,sex_m,geo_cov_urb,mts_details_sep,2015,5.386
pak,sex_m,geo_cov_urb,mts_details_sep,2018,10.317
pak,sex_m,geo_cov_urb,mts_details_sep,2019,6.411
pak,sex_m,geo_cov_urb,mts_details_sep,2021,8.389
pak,sex_m,geo_cov_urb,mts_details_sgle,2006,2716.287
pak,sex_m,geo_cov_urb,mts_details_sgle,2007,2772.383
pak,sex_m,geo_cov_urb,mts_details_sgle,2008,3023.33
pak,sex_m,geo_cov_urb,mts_details_sgle,2009,3210.063
pak,sex_m,geo_cov_urb,mts_details_sgle,2010,3158.104
pak,sex_m,geo_cov_urb,mts_details_sgle,2011,3459.071
pak,sex_m,geo_cov_urb,mts_details_sgle,2013,3498.628
pak,sex_m,geo_cov_urb,mts_details_sgle,2014,3662.336
pak,sex_m,geo_cov_urb,mts_details_sgle,2015,3568.898
pak,sex_m,geo_cov_urb,mts_details_sgle,2018,3854.995
pak,sex_m,geo_cov_urb,mts_details_sgle,2019,3998.789
pak,sex_m,geo_cov_urb,mts_details_sgle,2021,3285.353
pak,sex_m,geo_cov_urb,mts_details_total,2006,4027.531
pak,sex_m,geo_cov_urb,mts_details_total,2007,4069.767
pak,sex_m,geo_cov_urb,mts_details_total,2008,4267.792
pak,sex_m,geo_cov_urb,mts_details_total,2009,4611.793
pak,sex_m,geo_cov_urb,mts_details_total,2010,4528.412
pak,sex_m,geo_cov_urb,mts_details_total,2011,4942.555
pak,sex_m,geo_cov_urb,mts_details_total,2013,4905.518
pak,sex_m,geo_cov_urb,mts_details_total,2014,5179.993
pak,sex_m,geo_cov_urb,mts_details_total,2015,4888.053
pak,sex_m,geo_cov_urb,mts_details_total,2018,5530.471
pak,sex_m,geo_cov_urb,mts_details_total,2019,5620.575
pak,sex_m,geo_cov_urb,mts_details_total,2021,5379.415
pak,sex_m,geo_cov_urb,mts_details_wid,2006,242.956
pak,sex_m,geo_cov_urb,mts_details_wid,2007,239.707
pak,sex_m,geo_cov_urb,mts_details_wid,2008,231.057
pak,sex_m,geo_cov_urb,mts_details_wid,2009,286.628
pak,sex_m,geo_cov_urb,mts_details_wid,2010,256.587
pak,sex_m,geo_cov_urb,mts_details_wid,2011,295.13
pak,sex_m,geo_cov_urb,mts_details_wid,2013,300.106
pak,sex_m,geo_cov_urb,mts_details_wid,2014,265.339
pak,sex_m,geo_cov_urb,mts_details_wid,2015,259.391
pak,sex_m,geo_cov_urb,mts_details_wid,2018,335.148
pak,sex_m,geo_cov_urb,mts_details_wid,2019,307.616
pak,sex_m,geo_cov_urb,mts_details_wid,2021,349.829
pak,sex_t,geo_cov_nat,mts_aggregate_1,2006,18415.849
pak,sex_t,geo_cov_nat,mts_aggregate_1,2007,19037.571
pak,sex_t,geo_cov_nat,mts_aggregate_1,2008,20178.246
pak,sex_t,geo_cov_nat,mts_aggregate_1,2009,20771.462
pak,sex_t,geo_cov_nat,mts_aggregate_1,2010,20872.852
pak,sex_t,geo_cov_nat,mts_aggregate_1,2011,22281.253
pak,sex_t,geo_cov_nat,mts_aggregate_1,2013,22720.617
pak,sex_t,geo_cov_nat,mts_aggregate_1,2014,22778.804
pak,sex_t,geo_cov_nat,mts_aggregate_1,2015,22541.333
pak,sex_t,geo_cov_nat,mts_aggregate_1,2018,24883.882
pak,sex_t,geo_cov_nat,mts_aggregate_1,2019,24282.03
pak,sex_t,geo_cov_nat,mts_aggregate_1,2021,23307.646
pak,sex_t,geo_cov_nat,mts_aggregate_2,2006,25925.076
pak,sex_t,geo_cov_nat,mts_aggregate_2,2007,26187.234
pak,sex_t,geo_cov_nat,mts_aggregate_2,2008,26271.007
pak,sex_t,geo_cov_nat,mts_aggregate_2,2009,26672.278
pak,sex_t,geo_cov_nat,mts_aggregate_2,2010,26898.443
pak,sex_t,geo_cov_nat,mts_aggregate_2,2011,27932.759
pak,sex_t,geo_cov_nat,mts_aggregate_2,2013,29467.364
pak,sex_t,geo_cov_nat,mts_aggregate_2,2014,30408.024
pak,sex_t,geo_cov_nat,mts_aggregate_2,2015,30316.94
pak,sex_t,geo_cov_nat,mts_aggregate_2,2018,35026.127
pak,sex_t,geo_cov_nat,mts_aggregate_2,2019,33907.867
pak,sex_t,geo_cov_nat,mts_aggregate_2,2021,35700.59
pak,sex_t,geo_cov_nat,mts_aggregate_total,2006,44340.925
pak,sex_t,geo_cov_nat,mts_aggregate_total,2007,45224.805
pak,sex_t,geo_cov_nat,mts_aggregate_total,2008,46449.253
pak,sex_t,geo_cov_nat,mts_aggregate_total,2009,47443.741
pak,sex_t,geo_cov_nat,mts_aggregate_total,2010,47771.295
pak,sex_t,geo_cov_nat,mts_aggregate_total,2011,50214.012
pak,sex_t,geo_cov_nat,mts_aggregate_total,2013,52187.981
pak,sex_t,geo_cov_nat,mts_aggregate_total,2014,53186.828
pak,sex_t,geo_cov_nat,mts_aggregate_total,2015,52858.273
pak,sex_t,geo_cov_nat,mts_aggregate_total,2018,59910.009
pak,sex_t,geo_cov_nat,mts_aggregate_total,2019,58189.897
pak,sex_t,geo_cov_nat,mts_aggregate_total,2021,59008.236
pak,sex_t,geo_cov_nat,mts_details_mrd,2006,25925.076
pak,sex_t,geo_cov_nat,mts_details_mrd,2007,26187.234
pak,sex_t,geo_cov_nat,mts_details_mrd,2008,26271.007
pak,sex_t,geo_cov_nat,mts_details_mrd,2009,26672.278
pak,sex_t,geo_cov_nat,mts_details_mrd,2010,26898.443
pak,sex_t,geo_cov_nat,mts_details_mrd,2011,27932.759
pak,sex_t,geo_cov_nat,mts_details_mrd,2013,29467.364
pak,sex_t,geo_cov_nat,mts_details_mrd,2014,30408.024
pak,sex_t,geo_cov_nat,mts_details_mrd,2015,30316.94
pak,sex_t,geo_cov_nat,mts_details_mrd,2018,35026.127
pak,sex_t,geo_cov_nat,mts_details_mrd,2019,33907.867
pak,sex_t,geo_cov_nat,mts_details_mrd,2021,35700.59
pak,sex_t,geo_cov_nat,mts_details_sep,2006,123.505
pak,sex_t,geo_cov_nat,mts_details_sep,2007,156.61
pak,sex_t,geo_cov_nat,mts_details_sep,2008,136.994
pak,sex_t,geo_cov_nat,mts_details_sep,2009,141.634
pak,sex_t,geo_cov_nat,mts_details_sep,2010,124.922
pak,sex_t,geo_cov_nat,mts_details_sep,2011,134.356
pak,sex_t,geo_cov_nat,mts_details_sep,2013,147.01
pak,sex_t,geo_cov_nat,mts_details_sep,2014,142.543
pak,sex_t,geo_cov_nat,mts_details_sep,2015,147.047
pak,sex_t,geo_cov_nat,mts_details_sep,2018,208.775
pak,sex_t,geo_cov_nat,mts_details_sep,2019,189.816
pak,sex_t,geo_cov_nat,mts_details_sep,2021,149.304
pak,sex_t,geo_cov_nat,mts_details_sgle,2006,15083.087
pak,sex_t,geo_cov_nat,mts_details_sgle,2007,15655.749
pak,sex_t,geo_cov_nat,mts_details_sgle,2008,16795.492
pak,sex_t,geo_cov_nat,mts_details_sgle,2009,17267.382
pak,sex_t,geo_cov_nat,mts_details_sgle,2010,17331.892
pak,sex_t,geo_cov_nat,mts_details_sgle,2011,18483.067
pak,sex_t,geo_cov_nat,mts_details_sgle,2013,18880.318
pak,sex_t,geo_cov_nat,mts_details_sgle,2014,18957.47
pak,sex_t,geo_cov_nat,mts_details_sgle,2015,18975.172
pak,sex_t,geo_cov_nat,mts_details_sgle,2018,20354.33
pak,sex_t,geo_cov_nat,mts_details_sgle,2019,19924.144
pak,sex_t,geo_cov_nat,mts_details_sgle,2021,18650.37
pak,sex_t,geo_cov_nat,mts_details_total,2006,44340.925
pak,sex_t,geo_cov_nat,mts_details_total,2007,45224.805
pak,sex_t,geo_cov_nat,mts_details_total,2008,46449.253
pak,sex_t,geo_cov_nat,mts_details_total,2009,47443.741
pak,sex_t,geo_cov_nat,mts_details_total,2010,47771.295
pak,sex_t,geo_cov_nat,mts_details_total,2011,50214.012
pak,sex_t,geo_cov_nat,mts_details_total,2013,52187.981
pak,sex_t,geo_cov_nat,mts_details_total,2014,53186.828
pak,sex_t,geo_cov_nat,mts_details_total,2015,52858.273
pak,sex_t,geo_cov_nat,mts_details_total,2018,59910.009
pak,sex_t,geo_cov_nat,mts_details_total,2019,58189.897
pak,sex_t,geo_cov_nat,mts_details_total,2021,59008.236
pak,sex_t,geo_cov_nat,mts_details_wid,2006,3209.258
pak,sex_t,geo_cov_nat,mts_details_wid,2007,3225.211
pak,sex_t,geo_cov_nat,mts_details_wid,2008,3245.76
pak,sex_t,geo_cov_nat,mts_details_wid,2009,3362.447
pak,sex_t,geo_cov_nat,mts_details_wid,2010,3416.038
pak,sex_t,geo_cov_nat,mts_details_wid,2011,3663.83
pak,sex_t,geo_cov_nat,mts_details_wid,2013,3693.29
pak,sex_t,geo_cov_nat,mts_details_wid,2014,3678.791
pak,sex_t,geo_cov_nat,mts_details_wid,2015,3419.114
pak,sex_t,geo_cov_nat,mts_details_wid,2018,4320.777
pak,sex_t,geo_cov_nat,mts_details_wid,2019,4168.07
pak,sex_t,geo_cov_nat,mts_details_wid,2021,4507.972
pak,sex_t,geo_cov_rur,mts_aggregate_1,2006,10170.742
pak,sex_t,geo_cov_rur,mts_aggregate_1,2007,10601.758
pak,sex_t,geo_cov_rur,mts_aggregate_1,2008,11335.889
pak,sex_t,geo_cov_rur,mts_aggregate_1,2009,11564.079
pak,sex_t,geo_cov_rur,mts_aggregate_1,2010,11682.348
pak,sex_t,geo_cov_rur,mts_aggregate_1,2011,12458.296
pak,sex_t,geo_cov_rur,mts_aggregate_1,2013,12734.695
pak,sex_t,geo_cov_rur,mts_aggregate_1,2014,12481.248
pak,sex_t,geo_cov_rur,mts_aggregate_1,2015,12567.068
pak,sex_t,geo_cov_rur,mts_aggregate_1,2018,13570.104
pak,sex_t,geo_cov_rur,mts_aggregate_1,2019,13139.304
pak,sex_t,geo_cov_rur,mts_aggregate_1,2021,12955.859
pak,sex_t,geo_cov_rur,mts_aggregate_2,2006,16343.451
pak,sex_t,geo_cov_rur,mts_aggregate_2,2007,16356.253
pak,sex_t,geo_cov_rur,mts_aggregate_2,2008,16045.685
pak,sex_t,geo_cov_rur,mts_aggregate_2,2009,16191.47
pak,sex_t,geo_cov_rur,mts_aggregate_2,2010,16239.103
pak,sex_t,geo_cov_rur,mts_aggregate_2,2011,16784.204
pak,sex_t,geo_cov_rur,mts_aggregate_2,2013,18006.66
pak,sex_t,geo_cov_rur,mts_aggregate_2,2014,17780.741
pak,sex_t,geo_cov_rur,mts_aggregate_2,2015,17669.929
pak,sex_t,geo_cov_rur,mts_aggregate_2,2018,20100.876
pak,sex_t,geo_cov_rur,mts_aggregate_2,2019,18816.074
pak,sex_t,geo_cov_rur,mts_aggregate_2,2021,20196.596
pak,sex_t,geo_cov_rur,mts_aggregate_total,2006,26514.193
pak,sex_t,geo_cov_rur,mts_aggregate_total,2007,26958.01
pak,sex_t,geo_cov_rur,mts_aggregate_total,2008,27381.574
pak,sex_t,geo_cov_rur,mts_aggregate_total,2009,27755.549
pak,sex_t,geo_cov_rur,mts_aggregate_total,2010,27921.451
pak,sex_t,geo_cov_rur,mts_aggregate_total,2011,29242.5
pak,sex_t,geo_cov_rur,mts_aggregate_total,2013,30741.355
pak,sex_t,geo_cov_rur,mts_aggregate_total,2014,30261.989
pak,sex_t,geo_cov_rur,mts_aggregate_total,2015,30236.997
pak,sex_t,geo_cov_rur,mts_aggregate_total,2018,33670.98
pak,sex_t,geo_cov_rur,mts_aggregate_total,2019,31955.378
pak,sex_t,geo_cov_rur,mts_aggregate_total,2021,33152.454
pak,sex_t,geo_cov_rur,mts_details_mrd,2006,16343.451
pak,sex_t,geo_cov_rur,mts_details_mrd,2007,16356.253
pak,sex_t,geo_cov_rur,mts_details_mrd,2008,16045.685
pak,sex_t,geo_cov_rur,mts_details_mrd,2009,16191.47
pak,sex_t,geo_cov_rur,mts_details_mrd,2010,16239.103
pak,sex_t,geo_cov_rur,mts_details_mrd,2011,16784.204
pak,sex_t,geo_cov_rur,mts_details_mrd,2013,18006.66
pak,sex_t,geo_cov_rur,mts_details_mrd,2014,17780.741
pak,sex_t,geo_cov_rur,mts_details_mrd,2015,17669.929
pak,sex_t,geo_cov_rur,mts_details_mrd,2018,20100.876
pak,sex_t,geo_cov_rur,mts_details_mrd,2019,18816.074
pak,sex_t,geo_cov_rur,mts_details_mrd,2021,20196.596
pak,sex_t,geo_cov_rur,mts_details_sep,2006,89.786
pak,sex_t,geo_cov_rur,mts_details_sep,2007,91.494
pak,sex_t,geo_cov_rur,mts_details_sep,2008,96.422
pak,sex_t,geo_cov_rur,mts_details_sep,2009,94.002
pak,sex_t,geo_cov_rur,mts_details_sep,2010,94.332
pak,sex_t,geo_cov_rur,mts_details_sep,2011,96.21
pak,sex_t,geo_cov_rur,mts_details_sep,2013,92.49
pak,sex_t,geo_cov_rur,mts_details_sep,2014,93.565
pak,sex_t,geo_cov_rur,mts_details_sep,2015,99.721
pak,sex_t,geo_cov_rur,mts_details_sep,2018,122.435
pak,sex_t,geo_cov_rur,mts_details_sep,2019,122.759
pak,sex_t,geo_cov_rur,mts_details_sep,2021,83.752
pak,sex_t,geo_cov_rur,mts_details_sgle,2006,8094.486
pak,sex_t,geo_cov_rur,mts_details_sgle,2007,8538.412
pak,sex_t,geo_cov_rur,mts_details_sgle,2008,9202.628
pak,sex_t,geo_cov_rur,mts_details_sgle,2009,9468.517
pak,sex_t,geo_cov_rur,mts_details_sgle,2010,9477.809
pak,sex_t,geo_cov_rur,mts_details_sgle,2011,10127.371
pak,sex_t,geo_cov_rur,mts_details_sgle,2013,10389.159
pak,sex_t,geo_cov_rur,mts_details_sgle,2014,10154.035
pak,sex_t,geo_cov_rur,mts_details_sgle,2015,10453.721
pak,sex_t,geo_cov_rur,mts_details_sgle,2018,10959.949
pak,sex_t,geo_cov_rur,mts_details_sgle,2019,10642.52
pak,sex_t,geo_cov_rur,mts_details_sgle,2021,10247.139
pak,sex_t,geo_cov_rur,mts_details_total,2006,26514.193
pak,sex_t,geo_cov_rur,mts_details_total,2007,26958.01
pak,sex_t,geo_cov_rur,mts_details_total,2008,27381.574
pak,sex_t,geo_cov_rur,mts_details_total,2009,27755.549
pak,sex_t,geo_cov_rur,mts_details_total,2010,27921.451
pak,sex_t,geo_cov_rur,mts_details_total,2011,29242.5
pak,sex_t,geo_cov_rur,mts_details_total,2013,30741.355
pak,sex_t,geo_cov_rur,mts_details_total,2014,30261.989
pak,sex_t,geo_cov_rur,mts_details_total,2015,30236.997
pak,sex_t,geo_cov_rur,mts_details_total,2018,33670.98
pak,sex_t,geo_cov_rur,mts_details_total,2019,31955.378
pak,sex_t,geo_cov_rur,mts_details_total,2021,33152.454
pak,sex_t,geo_cov_rur,mts_details_wid,2006,1986.47
pak,sex_t,geo_cov_rur,mts_details_wid,2007,1971.851
pak,sex_t,geo_cov_rur,mts_details_wid,2008,2036.838
pak,sex_t,geo_cov_rur,mts_details_wid,2009,2001.56
pak,sex_t,geo_cov_rur,mts_details_wid,2010,2110.206
pak,sex_t,geo_cov_rur,mts_details_wid,2011,2234.716
pak,sex_t,geo_cov_rur,mts_details_wid,2013,2253.046
pak,sex_t,geo_cov_rur,mts_details_wid,2014,2233.648
pak,sex_t,geo_cov_rur,mts_details_wid,2015,2013.627
pak,sex_t,geo_cov_rur,mts_details_wid,2018,2487.72
pak,sex_t,geo_cov_rur,mts_details_wid,2019,2374.025
pak,sex_t,geo_cov_rur,mts_details_wid,2021,2624.968
pak,sex_t,geo_cov_urb,mts_aggregate_1,2006,8245.107
pak,sex_t,geo_cov_urb,mts_aggregate_1,2007,8435.813
pak,sex_t,geo_cov_urb,mts_aggregate_1,2008,8842.357
pak,sex_t,geo_cov_urb,mts_aggregate_1,2009,9207.383
pak,sex_t,geo_cov_urb,mts_aggregate_1,2010,9190.504
pak,sex_t,geo_cov_urb,mts_aggregate_1,2011,9822.957
pak,sex_t,geo_cov_urb,mts_aggregate_1,2013,9985.922
pak,sex_t,geo_cov_urb,mts_aggregate_1,2014,10297.557
pak,sex_t,geo_cov_urb,mts_aggregate_1,2015,9974.265
pak,sex_t,geo_cov_urb,mts_aggregate_1,2018,11313.778
pak,sex_t,geo_cov_urb,mts_aggregate_1,2019,11142.726
pak,sex_t,geo_cov_urb,mts_aggregate_1,2021,10351.787
pak,sex_t,geo_cov_urb,mts_aggregate_2,2006,9581.626
pak,sex_t,geo_cov_urb,mts_aggregate_2,2007,9830.982
pak,sex_t,geo_cov_urb,mts_aggregate_2,2008,10225.322
pak,sex_t,geo_cov_urb,mts_aggregate_2,2009,10480.809
pak,sex_t,geo_cov_urb,mts_aggregate_2,2010,10659.34
pak,sex_t,geo_cov_urb,mts_aggregate_2,2011,11148.555
pak,sex_t,geo_cov_urb,mts_aggregate_2,2013,11460.704
pak,sex_t,geo_cov_urb,mts_aggregate_2,2014,12627.283
pak,sex_t,geo_cov_urb,mts_aggregate_2,2015,12647.011
pak,sex_t,geo_cov_urb,mts_aggregate_2,2018,14925.251
pak,sex_t,geo_cov_urb,mts_aggregate_2,2019,15091.793
pak,sex_t,geo_cov_urb,mts_aggregate_2,2021,15503.994
pak,sex_t,geo_cov_urb,mts_aggregate_total,2006,17826.732
pak,sex_t,geo_cov_urb,mts_aggregate_total,2007,18266.795
pak,sex_t,geo_cov_urb,mts_aggregate_total,2008,19067.679
pak,sex_t,geo_cov_urb,mts_aggregate_total,2009,19688.192
pak,sex_t,geo_cov_urb,mts_aggregate_total,2010,19849.845
pak,sex_t,geo_cov_urb,mts_aggregate_total,2011,20971.512
pak,sex_t,geo_cov_urb,mts_aggregate_total,2013,21446.626
pak,sex_t,geo_cov_urb,mts_aggregate_total,2014,22924.839
pak,sex_t,geo_cov_urb,mts_aggregate_total,2015,22621.276
pak,sex_t,geo_cov_urb,mts_aggregate_total,2018,26239.029
pak,sex_t,geo_cov_urb,mts_aggregate_total,2019,26234.519
pak,sex_t,geo_cov_urb,mts_aggregate_total,2021,25855.781
pak,sex_t,geo_cov_urb,mts_details_mrd,2006,9581.626
pak,sex_t,geo_cov_urb,mts_details_mrd,2007,9830.982
pak,sex_t,geo_cov_urb,mts_details_mrd,2008,10225.322
pak,sex_t,geo_cov_urb,mts_details_mrd,2009,10480.809
pak,sex_t,geo_cov_urb,mts_details_mrd,2010,10659.34
pak,sex_t,geo_cov_urb,mts_details_mrd,2011,11148.555
pak,sex_t,geo_cov_urb,mts_details_mrd,2013,11460.704
pak,sex_t,geo_cov_urb,mts_details_mrd,2014,12627.283
pak,sex_t,geo_cov_urb,mts_details_mrd,2015,12647.011
pak,sex_t,geo_cov_urb,mts_details_mrd,2018,14925.251
pak,sex_t,geo_cov_urb,mts_details_mrd,2019,15091.793
pak,sex_t,geo_cov_urb,mts_details_mrd,2021,15503.994
pak,sex_t,geo_cov_urb,mts_details_sep,2006,33.719
pak,sex_t,geo_cov_urb,mts_details_sep,2007,65.116
pak,sex_t,geo_cov_urb,mts_details_sep,2008,40.572
pak,sex_t,geo_cov_urb,mts_details_sep,2009,47.632
pak,sex_t,geo_cov_urb,mts_details_sep,2010,30.589
pak,sex_t,geo_cov_urb,mts_details_sep,2011,38.146
pak,sex_t,geo_cov_urb,mts_details_sep,2013,54.52
pak,sex_t,geo_cov_urb,mts_details_sep,2014,48.978
pak,sex_t,geo_cov_urb,mts_details_sep,2015,47.326
pak,sex_t,geo_cov_urb,mts_details_sep,2018,86.34
pak,sex_t,geo_cov_urb,mts_details_sep,2019,67.057
pak,sex_t,geo_cov_urb,mts_details_sep,2021,65.553
pak,sex_t,geo_cov_urb,mts_details_sgle,2006,6988.6
pak,sex_t,geo_cov_urb,mts_details_sgle,2007,7117.337
pak,sex_t,geo_cov_urb,mts_details_sgle,2008,7592.864
pak,sex_t,geo_cov_urb,mts_details_sgle,2009,7798.864
pak,sex_t,geo_cov_urb,mts_details_sgle,2010,7854.083
pak,sex_t,geo_cov_urb,mts_details_sgle,2011,8355.697
pak,sex_t,geo_cov_urb,mts_details_sgle,2013,8491.158
pak,sex_t,geo_cov_urb,mts_details_sgle,2014,8803.436
pak,sex_t,geo_cov_urb,mts_details_sgle,2015,8521.451
pak,sex_t,geo_cov_urb,mts_details_sgle,2018,9394.381
pak,sex_t,geo_cov_urb,mts_details_sgle,2019,9281.624
pak,sex_t,geo_cov_urb,mts_details_sgle,2021,8403.231
pak,sex_t,geo_cov_urb,mts_details_total,2006,17826.732
pak,sex_t,geo_cov_urb,mts_details_total,2007,18266.795
pak,sex_t,geo_cov_urb,mts_details_total,2008,19067.679
pak,sex_t,geo_cov_urb,mts_details_total,2009,19688.192
pak,sex_t,geo_cov_urb,mts_details_total,2010,19849.845
pak,sex_t,geo_cov_urb,mts_details_total,2011,20971.512
pak,sex_t,geo_cov_urb,mts_details_total,2013,21446.626
pak,sex_t,geo_cov_urb,mts_details_total,2014,22924.839
pak,sex_t,geo_cov_urb,mts_details_total,2015,22621.276
pak,sex_t,geo_cov_urb,mts_details_total,2018,26239.029
pak,sex_t,geo_cov_urb,mts_details_total,2019,26234.519
pak,sex_t,geo_cov_urb,mts_details_total,2021,25855.781
pak,sex_t,geo_cov_urb,mts_details_wid,2006,1222.787
pak,sex_t,geo_cov_urb,mts_details_wid,2007,1253.361
pak,sex_t,geo_cov_urb,mts_details_wid,2008,1208.921
pak,sex_t,geo_cov_urb,mts_details_wid,2009,1360.887
pak,sex_t,geo_cov_urb,mts_details_wid,2010,1305.832
pak,sex_t,geo_cov_urb,mts_details_wid,2011,1429.114
pak,sex_t,geo_cov_urb,mts_details_wid,2013,1440.244
pak,sex_t,geo_cov_urb,mts_details_wid,2014,1445.143
pak,sex_t,geo_cov_urb,mts_details_wid,2015,1405.488
pak,sex_t,geo_cov_urb,mts_details_wid,2018,1833.057
pak,sex_t,geo_cov_urb,mts_details_wid,2019,1794.045
pak,sex_t,geo_cov_urb,mts_details_wid,2021,1883.003
pan,sex_f,geo_cov_nat,mts_aggregate_1,1997,231.205
pan,sex_f,geo_cov_nat,mts_aggregate_1,2003,263.504
pan,sex_f,geo_cov_nat,mts_aggregate_1,2008,268.297
pan,sex_f,geo_cov_nat,mts_aggregate_1,2010,298.444
pan,sex_f,geo_cov_nat,mts_aggregate_1,2011,317.04
pan,sex_f,geo_cov_nat,mts_aggregate_1,2012,324.632
pan,sex_f,geo_cov_nat,mts_aggregate_1,2013,328.068
pan,sex_f,geo_cov_nat,mts_aggregate_1,2014,339.851
pan,sex_f,geo_cov_nat,mts_aggregate_1,2015,342.414
pan,sex_f,geo_cov_nat,mts_aggregate_1,2016,369.681
pan,sex_f,geo_cov_nat,mts_aggregate_1,2017,374.981
pan,sex_f,geo_cov_nat,mts_aggregate_1,2018,388.96
pan,sex_f,geo_cov_nat,mts_aggregate_1,2019,375.445
pan,sex_f,geo_cov_nat,mts_aggregate_2,1997,305.445
pan,sex_f,geo_cov_nat,mts_aggregate_2,2003,320.295
pan,sex_f,geo_cov_nat,mts_aggregate_2,2008,352.223
pan,sex_f,geo_cov_nat,mts_aggregate_2,2010,364.16
pan,sex_f,geo_cov_nat,mts_aggregate_2,2011,413.986
pan,sex_f,geo_cov_nat,mts_aggregate_2,2012,397.713
pan,sex_f,geo_cov_nat,mts_aggregate_2,2013,383.773
pan,sex_f,geo_cov_nat,mts_aggregate_2,2014,387.969
pan,sex_f,geo_cov_nat,mts_aggregate_2,2015,386.784
pan,sex_f,geo_cov_nat,mts_aggregate_2,2016,371.546
pan,sex_f,geo_cov_nat,mts_aggregate_2,2017,379.096
pan,sex_f,geo_cov_nat,mts_aggregate_2,2018,357.344
pan,sex_f,geo_cov_nat,mts_aggregate_2,2019,350.659
pan,sex_f,geo_cov_nat,mts_aggregate_total,1997,543.858
pan,sex_f,geo_cov_nat,mts_aggregate_total,2003,590.743
pan,sex_f,geo_cov_nat,mts_aggregate_total,2008,622.167
pan,sex_f,geo_cov_nat,mts_aggregate_total,2010,665.276
pan,sex_f,geo_cov_nat,mts_aggregate_total,2011,734.784
pan,sex_f,geo_cov_nat,mts_aggregate_total,2012,722.345
pan,sex_f,geo_cov_nat,mts_aggregate_total,2013,711.841
pan,sex_f,geo_cov_nat,mts_aggregate_total,2014,727.82
pan,sex_f,geo_cov_nat,mts_aggregate_total,2015,729.198
pan,sex_f,geo_cov_nat,mts_aggregate_total,2016,741.227
pan,sex_f,geo_cov_nat,mts_aggregate_total,2017,754.077
pan,sex_f,geo_cov_nat,mts_aggregate_total,2018,746.304
pan,sex_f,geo_cov_nat,mts_aggregate_total,2019,726.104
pan,sex_f,geo_cov_nat,mts_aggregate_x,1997,7.207
pan,sex_f,geo_cov_nat,mts_aggregate_x,2003,6.944
pan,sex_f,geo_cov_nat,mts_aggregate_x,2008,1.647
pan,sex_f,geo_cov_nat,mts_aggregate_x,2010,2.672
pan,sex_f,geo_cov_nat,mts_aggregate_x,2011,3.758
pan,sex_f,geo_cov_nat,mts_details_mrd,1997,150.07
pan,sex_f,geo_cov_nat,mts_details_mrd,2003,133.32
pan,sex_f,geo_cov_nat,mts_details_mrd,2008,156.868
pan,sex_f,geo_cov_nat,mts_details_mrd,2010,164.846
pan,sex_f,geo_cov_nat,mts_details_mrd,2011,170.718
pan,sex_f,geo_cov_nat,mts_details_mrd,2012,179.032
pan,sex_f,geo_cov_nat,mts_details_mrd,2013,168.405
pan,sex_f,geo_cov_nat,mts_details_mrd,2014,169.964
pan,sex_f,geo_cov_nat,mts_details_mrd,2015,175.163
pan,sex_f,geo_cov_nat,mts_details_mrd,2016,168.984
pan,sex_f,geo_cov_nat,mts_details_mrd,2017,168.954
pan,sex_f,geo_cov_nat,mts_details_mrd,2018,159.533
pan,sex_f,geo_cov_nat,mts_details_mrd,2019,161.906
pan,sex_f,geo_cov_nat,mts_details_sep,1997,32.673
pan,sex_f,geo_cov_nat,mts_details_sep,2003,57.019
pan,sex_f,geo_cov_nat,mts_details_sep,2008,56.901
pan,sex_f,geo_cov_nat,mts_details_sep,2010,75.758
pan,sex_f,geo_cov_nat,mts_details_sep,2011,76.262
pan,sex_f,geo_cov_nat,mts_details_sep,2012,80.729
pan,sex_f,geo_cov_nat,mts_details_sep,2013,80.722
pan,sex_f,geo_cov_nat,mts_details_sep,2014,84.833
pan,sex_f,geo_cov_nat,mts_details_sep,2015,85.264
pan,sex_f,geo_cov_nat,mts_details_sep,2016,100.038
pan,sex_f,geo_cov_nat,mts_details_sep,2017,91.602
pan,sex_f,geo_cov_nat,mts_details_sep,2018,105.566
pan,sex_f,geo_cov_nat,mts_details_sep,2019,97.293
pan,sex_f,geo_cov_nat,mts_details_sgle,1997,151.902
pan,sex_f,geo_cov_nat,mts_details_sgle,2003,148.872
pan,sex_f,geo_cov_nat,mts_details_sgle,2008,152.614
pan,sex_f,geo_cov_nat,mts_details_sgle,2010,155.497
pan,sex_f,geo_cov_nat,mts_details_sgle,2011,167.167
pan,sex_f,geo_cov_nat,mts_details_sgle,2012,173.457
pan,sex_f,geo_cov_nat,mts_details_sgle,2013,178.286
pan,sex_f,geo_cov_nat,mts_details_sgle,2014,184.012
pan,sex_f,geo_cov_nat,mts_details_sgle,2015,188.443
pan,sex_f,geo_cov_nat,mts_details_sgle,2016,197.08
pan,sex_f,geo_cov_nat,mts_details_sgle,2017,205.323
pan,sex_f,geo_cov_nat,mts_details_sgle,2018,201.362
pan,sex_f,geo_cov_nat,mts_details_sgle,2019,195.211
pan,sex_f,geo_cov_nat,mts_details_total,1997,543.858
pan,sex_f,geo_cov_nat,mts_details_total,2003,590.743
pan,sex_f,geo_cov_nat,mts_details_total,2008,622.167
pan,sex_f,geo_cov_nat,mts_details_total,2010,665.276
pan,sex_f,geo_cov_nat,mts_details_total,2011,734.784
pan,sex_f,geo_cov_nat,mts_details_total,2012,722.345
pan,sex_f,geo_cov_nat,mts_details_total,2013,711.841
pan,sex_f,geo_cov_nat,mts_details_total,2014,727.82
pan,sex_f,geo_cov_nat,mts_details_total,2015,729.198
pan,sex_f,geo_cov_nat,mts_details_total,2016,741.227
pan,sex_f,geo_cov_nat,mts_details_total,2017,754.077
pan,sex_f,geo_cov_nat,mts_details_total,2018,746.304
pan,sex_f,geo_cov_nat,mts_details_total,2019,726.104
pan,sex_f,geo_cov_nat,mts_details_union,1997,155.376
pan,sex_f,geo_cov_nat,mts_details_union,2003,186.976
pan,sex_f,geo_cov_nat,mts_details_union,2008,195.355
pan,sex_f,geo_cov_nat,mts_details_union,2010,199.314
pan,sex_f,geo_cov_nat,mts_details_union,2011,243.268
pan,sex_f,geo_cov_nat,mts_details_union,2012,218.681
pan,sex_f,geo_cov_nat,mts_details_union,2013,215.368
pan,sex_f,geo_cov_nat,mts_details_union,2014,218.005
pan,sex_f,geo_cov_nat,mts_details_union,2015,211.621
pan,sex_f,geo_cov_nat,mts_details_union,2016,202.562
pan,sex_f,geo_cov_nat,mts_details_union,2017,210.142
pan,sex_f,geo_cov_nat,mts_details_union,2018,197.811
pan,sex_f,geo_cov_nat,mts_details_union,2019,188.753
pan,sex_f,geo_cov_nat,mts_details_wid,1997,46.63
pan,sex_f,geo_cov_nat,mts_details_wid,2003,57.613
pan,sex_f,geo_cov_nat,mts_details_wid,2008,58.782
pan,sex_f,geo_cov_nat,mts_details_wid,2010,67.189
pan,sex_f,geo_cov_nat,mts_details_wid,2011,73.611
pan,sex_f,geo_cov_nat,mts_details_wid,2012,70.446
pan,sex_f,geo_cov_nat,mts_details_wid,2013,69.06
pan,sex_f,geo_cov_nat,mts_details_wid,2014,71.006
pan,sex_f,geo_cov_nat,mts_details_wid,2015,68.707
pan,sex_f,geo_cov_nat,mts_details_wid,2016,72.563
pan,sex_f,geo_cov_nat,mts_details_wid,2017,78.056
pan,sex_f,geo_cov_nat,mts_details_wid,2018,82.032
pan,sex_f,geo_cov_nat,mts_details_wid,2019,82.941
pan,sex_f,geo_cov_nat,mts_details_x,1997,7.207
pan,sex_f,geo_cov_nat,mts_details_x,2003,6.944
pan,sex_f,geo_cov_nat,mts_details_x,2008,1.647
pan,sex_f,geo_cov_nat,mts_details_x,2010,2.672
pan,sex_f,geo_cov_nat,mts_details_x,2011,3.758
pan,sex_f,geo_cov_rur,mts_aggregate_1,1997,89.803
pan,sex_f,geo_cov_rur,mts_aggregate_1,2003,92.273
pan,sex_f,geo_cov_rur,mts_aggregate_1,2008,84.347
pan,sex_f,geo_cov_rur,mts_aggregate_1,2010,90.567
pan,sex_f,geo_cov_rur,mts_aggregate_1,2011,93.624
pan,sex_f,geo_cov_rur,mts_aggregate_1,2012,90.866
pan,sex_f,geo_cov_rur,mts_aggregate_1,2013,89.766
pan,sex_f,geo_cov_rur,mts_aggregate_1,2014,92.322
pan,sex_f,geo_cov_rur,mts_aggregate_1,2015,97.325
pan,sex_f,geo_cov_rur,mts_aggregate_1,2016,103.153
pan,sex_f,geo_cov_rur,mts_aggregate_1,2017,104.111
pan,sex_f,geo_cov_rur,mts_aggregate_1,2018,96.486
pan,sex_f,geo_cov_rur,mts_aggregate_1,2019,93.703
pan,sex_f,geo_cov_rur,mts_aggregate_2,1997,157.645
pan,sex_f,geo_cov_rur,mts_aggregate_2,2003,148.376
pan,sex_f,geo_cov_rur,mts_aggregate_2,2008,146.201
pan,sex_f,geo_cov_rur,mts_aggregate_2,2010,146.091
pan,sex_f,geo_cov_rur,mts_aggregate_2,2011,162.688
pan,sex_f,geo_cov_rur,mts_aggregate_2,2012,150.816
pan,sex_f,geo_cov_rur,mts_aggregate_2,2013,141.852
pan,sex_f,geo_cov_rur,mts_aggregate_2,2014,144.22
pan,sex_f,geo_cov_rur,mts_aggregate_2,2015,137.211
pan,sex_f,geo_cov_rur,mts_aggregate_2,2016,132.329
pan,sex_f,geo_cov_rur,mts_aggregate_2,2017,130.191
pan,sex_f,geo_cov_rur,mts_aggregate_2,2018,120.611
pan,sex_f,geo_cov_rur,mts_aggregate_2,2019,113.856
pan,sex_f,geo_cov_rur,mts_aggregate_total,1997,249.06
pan,sex_f,geo_cov_rur,mts_aggregate_total,2003,242.679
pan,sex_f,geo_cov_rur,mts_aggregate_total,2008,230.926
pan,sex_f,geo_cov_rur,mts_aggregate_total,2010,237.658
pan,sex_f,geo_cov_rur,mts_aggregate_total,2011,257.292
pan,sex_f,geo_cov_rur,mts_aggregate_total,2012,241.682
pan,sex_f,geo_cov_rur,mts_aggregate_total,2013,231.618
pan,sex_f,geo_cov_rur,mts_aggregate_total,2014,236.542
pan,sex_f,geo_cov_rur,mts_aggregate_total,2015,234.536
pan,sex_f,geo_cov_rur,mts_aggregate_total,2016,235.482
pan,sex_f,geo_cov_rur,mts_aggregate_total,2017,234.302
pan,sex_f,geo_cov_rur,mts_aggregate_total,2018,217.097
pan,sex_f,geo_cov_rur,mts_aggregate_total,2019,207.559
pan,sex_f,geo_cov_rur,mts_aggregate_x,1997,1.612
pan,sex_f,geo_cov_rur,mts_aggregate_x,2003,2.029
pan,sex_f,geo_cov_rur,mts_aggregate_x,2008,0.379
pan,sex_f,geo_cov_rur,mts_aggregate_x,2010,1
pan,sex_f,geo_cov_rur,mts_aggregate_x,2011,0.98
pan,sex_f,geo_cov_rur,mts_details_mrd,1997,60.263
pan,sex_f,geo_cov_rur,mts_details_mrd,2003,45.57
pan,sex_f,geo_cov_rur,mts_details_mrd,2008,51.058
pan,sex_f,geo_cov_rur,mts_details_mrd,2010,50.398
pan,sex_f,geo_cov_rur,mts_details_mrd,2011,48.405
pan,sex_f,geo_cov_rur,mts_details_mrd,2012,47.018
pan,sex_f,geo_cov_rur,mts_details_mrd,2013,44.685
pan,sex_f,geo_cov_rur,mts_details_mrd,2014,45.329
pan,sex_f,geo_cov_rur,mts_details_mrd,2015,44.933
pan,sex_f,geo_cov_rur,mts_details_mrd,2016,42.615
pan,sex_f,geo_cov_rur,mts_details_mrd,2017,42.142
pan,sex_f,geo_cov_rur,mts_details_mrd,2018,38.856
pan,sex_f,geo_cov_rur,mts_details_mrd,2019,34.847
pan,sex_f,geo_cov_rur,mts_details_sep,1997,13.981
pan,sex_f,geo_cov_rur,mts_details_sep,2003,18.786
pan,sex_f,geo_cov_rur,mts_details_sep,2008,20.534
pan,sex_f,geo_cov_rur,mts_details_sep,2010,23.447
pan,sex_f,geo_cov_rur,mts_details_sep,2011,21.959
pan,sex_f,geo_cov_rur,mts_details_sep,2012,20.227
pan,sex_f,geo_cov_rur,mts_details_sep,2013,19.53
pan,sex_f,geo_cov_rur,mts_details_sep,2014,22.795
pan,sex_f,geo_cov_rur,mts_details_sep,2015,23.747
pan,sex_f,geo_cov_rur,mts_details_sep,2016,25.53
pan,sex_f,geo_cov_rur,mts_details_sep,2017,23.44
pan,sex_f,geo_cov_rur,mts_details_sep,2018,23.816
pan,sex_f,geo_cov_rur,mts_details_sep,2019,22.128
pan,sex_f,geo_cov_rur,mts_details_sgle,1997,56.876
pan,sex_f,geo_cov_rur,mts_details_sgle,2003,51.314
pan,sex_f,geo_cov_rur,mts_details_sgle,2008,45.561
pan,sex_f,geo_cov_rur,mts_details_sgle,2010,46.075
pan,sex_f,geo_cov_rur,mts_details_sgle,2011,47.391
pan,sex_f,geo_cov_rur,mts_details_sgle,2012,47.866
pan,sex_f,geo_cov_rur,mts_details_sgle,2013,48.289
pan,sex_f,geo_cov_rur,mts_details_sgle,2014,48.728
pan,sex_f,geo_cov_rur,mts_details_sgle,2015,53.718
pan,sex_f,geo_cov_rur,mts_details_sgle,2016,56.673
pan,sex_f,geo_cov_rur,mts_details_sgle,2017,59.18
pan,sex_f,geo_cov_rur,mts_details_sgle,2018,52.703
pan,sex_f,geo_cov_rur,mts_details_sgle,2019,50.408
pan,sex_f,geo_cov_rur,mts_details_total,1997,249.06
pan,sex_f,geo_cov_rur,mts_details_total,2003,242.679
pan,sex_f,geo_cov_rur,mts_details_total,2008,230.926
pan,sex_f,geo_cov_rur,mts_details_total,2010,237.658
pan,sex_f,geo_cov_rur,mts_details_total,2011,257.292
pan,sex_f,geo_cov_rur,mts_details_total,2012,241.682
pan,sex_f,geo_cov_rur,mts_details_total,2013,231.618
pan,sex_f,geo_cov_rur,mts_details_total,2014,236.542
pan,sex_f,geo_cov_rur,mts_details_total,2015,234.536
pan,sex_f,geo_cov_rur,mts_details_total,2016,235.482
pan,sex_f,geo_cov_rur,mts_details_total,2017,234.302
pan,sex_f,geo_cov_rur,mts_details_total,2018,217.097
pan,sex_f,geo_cov_rur,mts_details_total,2019,207.559
pan,sex_f,geo_cov_rur,mts_details_union,1997,97.382
pan,sex_f,geo_cov_rur,mts_details_union,2003,102.806
pan,sex_f,geo_cov_rur,mts_details_union,2008,95.142
pan,sex_f,geo_cov_rur,mts_details_union,2010,95.693
pan,sex_f,geo_cov_rur,mts_details_union,2011,114.283
pan,sex_f,geo_cov_rur,mts_details_union,2012,103.798
pan,sex_f,geo_cov_rur,mts_details_union,2013,97.167
pan,sex_f,geo_cov_rur,mts_details_union,2014,98.891
pan,sex_f,geo_cov_rur,mts_details_union,2015,92.278
pan,sex_f,geo_cov_rur,mts_details_union,2016,89.714
pan,sex_f,geo_cov_rur,mts_details_union,2017,88.049
pan,sex_f,geo_cov_rur,mts_details_union,2018,81.755
pan,sex_f,geo_cov_rur,mts_details_union,2019,79.009
pan,sex_f,geo_cov_rur,mts_details_wid,1997,18.946
pan,sex_f,geo_cov_rur,mts_details_wid,2003,22.173
pan,sex_f,geo_cov_rur,mts_details_wid,2008,18.251
pan,sex_f,geo_cov_rur,mts_details_wid,2010,21.045
pan,sex_f,geo_cov_rur,mts_details_wid,2011,24.274
pan,sex_f,geo_cov_rur,mts_details_wid,2012,22.773
pan,sex_f,geo_cov_rur,mts_details_wid,2013,21.947
pan,sex_f,geo_cov_rur,mts_details_wid,2014,20.799
pan,sex_f,geo_cov_rur,mts_details_wid,2015,19.86
pan,sex_f,geo_cov_rur,mts_details_wid,2016,20.95
pan,sex_f,geo_cov_rur,mts_details_wid,2017,21.491
pan,sex_f,geo_cov_rur,mts_details_wid,2018,19.967
pan,sex_f,geo_cov_rur,mts_details_wid,2019,21.167
pan,sex_f,geo_cov_rur,mts_details_x,1997,1.612
pan,sex_f,geo_cov_rur,mts_details_x,2003,2.029
pan,sex_f,geo_cov_rur,mts_details_x,2008,0.379
pan,sex_f,geo_cov_rur,mts_details_x,2010,1
pan,sex_f,geo_cov_rur,mts_details_x,2011,0.98
pan,sex_f,geo_cov_urb,mts_aggregate_1,1997,141.402
pan,sex_f,geo_cov_urb,mts_aggregate_1,2003,171.231
pan,sex_f,geo_cov_urb,mts_aggregate_1,2008,183.95
pan,sex_f,geo_cov_urb,mts_aggregate_1,2010,207.877
pan,sex_f,geo_cov_urb,mts_aggregate_1,2011,223.416
pan,sex_f,geo_cov_urb,mts_aggregate_1,2012,233.766
pan,sex_f,geo_cov_urb,mts_aggregate_1,2013,238.302
pan,sex_f,geo_cov_urb,mts_aggregate_1,2014,247.529
pan,sex_f,geo_cov_urb,mts_aggregate_1,2015,245.089
pan,sex_f,geo_cov_urb,mts_aggregate_1,2016,266.528
pan,sex_f,geo_cov_urb,mts_aggregate_1,2017,270.87
pan,sex_f,geo_cov_urb,mts_aggregate_1,2018,292.474
pan,sex_f,geo_cov_urb,mts_aggregate_1,2019,281.742
pan,sex_f,geo_cov_urb,mts_aggregate_2,1997,147.8
pan,sex_f,geo_cov_urb,mts_aggregate_2,2003,171.919
pan,sex_f,geo_cov_urb,mts_aggregate_2,2008,206.022
pan,sex_f,geo_cov_urb,mts_aggregate_2,2010,218.069
pan,sex_f,geo_cov_urb,mts_aggregate_2,2011,251.298
pan,sex_f,geo_cov_urb,mts_aggregate_2,2012,246.897
pan,sex_f,geo_cov_urb,mts_aggregate_2,2013,241.921
pan,sex_f,geo_cov_urb,mts_aggregate_2,2014,243.749
pan,sex_f,geo_cov_urb,mts_aggregate_2,2015,249.573
pan,sex_f,geo_cov_urb,mts_aggregate_2,2016,239.217
pan,sex_f,geo_cov_urb,mts_aggregate_2,2017,248.905
pan,sex_f,geo_cov_urb,mts_aggregate_2,2018,236.733
pan,sex_f,geo_cov_urb,mts_aggregate_2,2019,236.803
pan,sex_f,geo_cov_urb,mts_aggregate_total,1997,294.798
pan,sex_f,geo_cov_urb,mts_aggregate_total,2003,348.065
pan,sex_f,geo_cov_urb,mts_aggregate_total,2008,391.241
pan,sex_f,geo_cov_urb,mts_aggregate_total,2010,427.618
pan,sex_f,geo_cov_urb,mts_aggregate_total,2011,477.492
pan,sex_f,geo_cov_urb,mts_aggregate_total,2012,480.663
pan,sex_f,geo_cov_urb,mts_aggregate_total,2013,480.223
pan,sex_f,geo_cov_urb,mts_aggregate_total,2014,491.278
pan,sex_f,geo_cov_urb,mts_aggregate_total,2015,494.662
pan,sex_f,geo_cov_urb,mts_aggregate_total,2016,505.745
pan,sex_f,geo_cov_urb,mts_aggregate_total,2017,519.775
pan,sex_f,geo_cov_urb,mts_aggregate_total,2018,529.207
pan,sex_f,geo_cov_urb,mts_aggregate_total,2019,518.545
pan,sex_f,geo_cov_urb,mts_aggregate_x,1997,5.596
pan,sex_f,geo_cov_urb,mts_aggregate_x,2003,4.915
pan,sex_f,geo_cov_urb,mts_aggregate_x,2008,1.268
pan,sex_f,geo_cov_urb,mts_aggregate_x,2010,1.672
pan,sex_f,geo_cov_urb,mts_aggregate_x,2011,2.778
pan,sex_f,geo_cov_urb,mts_details_mrd,1997,89.807
pan,sex_f,geo_cov_urb,mts_details_mrd,2003,87.75
pan,sex_f,geo_cov_urb,mts_details_mrd,2008,105.809
pan,sex_f,geo_cov_urb,mts_details_mrd,2010,114.448
pan,sex_f,geo_cov_urb,mts_details_mrd,2011,122.313
pan,sex_f,geo_cov_urb,mts_details_mrd,2012,132.014
pan,sex_f,geo_cov_urb,mts_details_mrd,2013,123.72
pan,sex_f,geo_cov_urb,mts_details_mrd,2014,124.635
pan,sex_f,geo_cov_urb,mts_details_mrd,2015,130.23
pan,sex_f,geo_cov_urb,mts_details_mrd,2016,126.369
pan,sex_f,geo_cov_urb,mts_details_mrd,2017,126.812
pan,sex_f,geo_cov_urb,mts_details_mrd,2018,120.677
pan,sex_f,geo_cov_urb,mts_details_mrd,2019,127.059
pan,sex_f,geo_cov_urb,mts_details_sep,1997,18.692
pan,sex_f,geo_cov_urb,mts_details_sep,2003,38.232
pan,sex_f,geo_cov_urb,mts_details_sep,2008,36.367
pan,sex_f,geo_cov_urb,mts_details_sep,2010,52.311
pan,sex_f,geo_cov_urb,mts_details_sep,2011,54.303
pan,sex_f,geo_cov_urb,mts_details_sep,2012,60.502
pan,sex_f,geo_cov_urb,mts_details_sep,2013,61.192
pan,sex_f,geo_cov_urb,mts_details_sep,2014,62.038
pan,sex_f,geo_cov_urb,mts_details_sep,2015,61.517
pan,sex_f,geo_cov_urb,mts_details_sep,2016,74.508
pan,sex_f,geo_cov_urb,mts_details_sep,2017,68.162
pan,sex_f,geo_cov_urb,mts_details_sep,2018,81.75
pan,sex_f,geo_cov_urb,mts_details_sep,2019,75.165
pan,sex_f,geo_cov_urb,mts_details_sgle,1997,95.027
pan,sex_f,geo_cov_urb,mts_details_sgle,2003,97.558
pan,sex_f,geo_cov_urb,mts_details_sgle,2008,107.053
pan,sex_f,geo_cov_urb,mts_details_sgle,2010,109.422
pan,sex_f,geo_cov_urb,mts_details_sgle,2011,119.776
pan,sex_f,geo_cov_urb,mts_details_sgle,2012,125.591
pan,sex_f,geo_cov_urb,mts_details_sgle,2013,129.997
pan,sex_f,geo_cov_urb,mts_details_sgle,2014,135.284
pan,sex_f,geo_cov_urb,mts_details_sgle,2015,134.725
pan,sex_f,geo_cov_urb,mts_details_sgle,2016,140.407
pan,sex_f,geo_cov_urb,mts_details_sgle,2017,146.143
pan,sex_f,geo_cov_urb,mts_details_sgle,2018,148.659
pan,sex_f,geo_cov_urb,mts_details_sgle,2019,144.803
pan,sex_f,geo_cov_urb,mts_details_total,1997,294.798
pan,sex_f,geo_cov_urb,mts_details_total,2003,348.065
pan,sex_f,geo_cov_urb,mts_details_total,2008,391.241
pan,sex_f,geo_cov_urb,mts_details_total,2010,427.618
pan,sex_f,geo_cov_urb,mts_details_total,2011,477.492
pan,sex_f,geo_cov_urb,mts_details_total,2012,480.663
pan,sex_f,geo_cov_urb,mts_details_total,2013,480.223
pan,sex_f,geo_cov_urb,mts_details_total,2014,491.278
pan,sex_f,geo_cov_urb,mts_details_total,2015,494.662
pan,sex_f,geo_cov_urb,mts_details_total,2016,505.745
pan,sex_f,geo_cov_urb,mts_details_total,2017,519.775
pan,sex_f,geo_cov_urb,mts_details_total,2018,529.207
pan,sex_f,geo_cov_urb,mts_details_total,2019,518.545
pan,sex_f,geo_cov_urb,mts_details_union,1997,57.993
pan,sex_f,geo_cov_urb,mts_details_union,2003,84.17
pan,sex_f,geo_cov_urb,mts_details_union,2008,100.213
pan,sex_f,geo_cov_urb,mts_details_union,2010,103.621
pan,sex_f,geo_cov_urb,mts_details_union,2011,128.985
pan,sex_f,geo_cov_urb,mts_details_union,2012,114.883
pan,sex_f,geo_cov_urb,mts_details_union,2013,118.201
pan,sex_f,geo_cov_urb,mts_details_union,2014,119.114
pan,sex_f,geo_cov_urb,mts_details_union,2015,119.343
pan,sex_f,geo_cov_urb,mts_details_union,2016,112.848
pan,sex_f,geo_cov_urb,mts_details_union,2017,122.093
pan,sex_f,geo_cov_urb,mts_details_union,2018,116.056
pan,sex_f,geo_cov_urb,mts_details_union,2019,109.744
pan,sex_f,geo_cov_urb,mts_details_wid,1997,27.684
pan,sex_f,geo_cov_urb,mts_details_wid,2003,35.441
pan,sex_f,geo_cov_urb,mts_details_wid,2008,40.531
pan,sex_f,geo_cov_urb,mts_details_wid,2010,46.144
pan,sex_f,geo_cov_urb,mts_details_wid,2011,49.337
pan,sex_f,geo_cov_urb,mts_details_wid,2012,47.673
pan,sex_f,geo_cov_urb,mts_details_wid,2013,47.113
pan,sex_f,geo_cov_urb,mts_details_wid,2014,50.207
pan,sex_f,geo_cov_urb,mts_details_wid,2015,48.847
pan,sex_f,geo_cov_urb,mts_details_wid,2016,51.613
pan,sex_f,geo_cov_urb,mts_details_wid,2017,56.565
pan,sex_f,geo_cov_urb,mts_details_wid,2018,62.065
pan,sex_f,geo_cov_urb,mts_details_wid,2019,61.774
pan,sex_f,geo_cov_urb,mts_details_x,1997,5.596
pan,sex_f,geo_cov_urb,mts_details_x,2003,4.915
pan,sex_f,geo_cov_urb,mts_details_x,2008,1.268
pan,sex_f,geo_cov_urb,mts_details_x,2010,1.672
pan,sex_f,geo_cov_urb,mts_details_x,2011,2.778
pan,sex_m,geo_cov_nat,mts_aggregate_1,1997,132.524
pan,sex_m,geo_cov_nat,mts_aggregate_1,2003,143.113
pan,sex_m,geo_cov_nat,mts_aggregate_1,2008,162.402
pan,sex_m,geo_cov_nat,mts_aggregate_1,2010,157.827
pan,sex_m,geo_cov_nat,mts_aggregate_1,2011,171.905
pan,sex_m,geo_cov_nat,mts_aggregate_1,2012,172.07
pan,sex_m,geo_cov_nat,mts_aggregate_1,2013,184.04
pan,sex_m,geo_cov_nat,mts_aggregate_1,2014,190.112
pan,sex_m,geo_cov_nat,mts_aggregate_1,2015,207.595
pan,sex_m,geo_cov_nat,mts_aggregate_1,2016,216.363
pan,sex_m,geo_cov_nat,mts_aggregate_1,2017,229.397
pan,sex_m,geo_cov_nat,mts_aggregate_1,2018,223.476
pan,sex_m,geo_cov_nat,mts_aggregate_1,2019,227.41
pan,sex_m,geo_cov_nat,mts_aggregate_2,1997,69.627
pan,sex_m,geo_cov_nat,mts_aggregate_2,2003,66.907
pan,sex_m,geo_cov_nat,mts_aggregate_2,2008,79.622
pan,sex_m,geo_cov_nat,mts_aggregate_2,2010,81.836
pan,sex_m,geo_cov_nat,mts_aggregate_2,2011,95.906
pan,sex_m,geo_cov_nat,mts_aggregate_2,2012,86.136
pan,sex_m,geo_cov_nat,mts_aggregate_2,2013,86.773
pan,sex_m,geo_cov_nat,mts_aggregate_2,2014,90.095
pan,sex_m,geo_cov_nat,mts_aggregate_2,2015,96.461
pan,sex_m,geo_cov_nat,mts_aggregate_2,2016,91.548
pan,sex_m,geo_cov_nat,mts_aggregate_2,2017,100.902
pan,sex_m,geo_cov_nat,mts_aggregate_2,2018,96.365
pan,sex_m,geo_cov_nat,mts_aggregate_2,2019,100.898
pan,sex_m,geo_cov_nat,mts_aggregate_total,1997,212.338
pan,sex_m,geo_cov_nat,mts_aggregate_total,2003,228.097
pan,sex_m,geo_cov_nat,mts_aggregate_total,2008,244.005
pan,sex_m,geo_cov_nat,mts_aggregate_total,2010,239.663
pan,sex_m,geo_cov_nat,mts_aggregate_total,2011,267.811
pan,sex_m,geo_cov_nat,mts_aggregate_total,2012,258.206
pan,sex_m,geo_cov_nat,mts_aggregate_total,2013,270.813
pan,sex_m,geo_cov_nat,mts_aggregate_total,2014,280.207
pan,sex_m,geo_cov_nat,mts_aggregate_total,2015,304.056
pan,sex_m,geo_cov_nat,mts_aggregate_total,2016,307.911
pan,sex_m,geo_cov_nat,mts_aggregate_total,2017,330.299
pan,sex_m,geo_cov_nat,mts_aggregate_total,2018,319.841
pan,sex_m,geo_cov_nat,mts_aggregate_total,2019,328.308
pan,sex_m,geo_cov_nat,mts_aggregate_x,1997,10.187
pan,sex_m,geo_cov_nat,mts_aggregate_x,2003,18.077
pan,sex_m,geo_cov_nat,mts_aggregate_x,2008,1.98
pan,sex_m,geo_cov_nat,mts_details_mrd,1997,47.127
pan,sex_m,geo_cov_nat,mts_details_mrd,2003,44.176
pan,sex_m,geo_cov_nat,mts_details_mrd,2008,53.016
pan,sex_m,geo_cov_nat,mts_details_mrd,2010,61.428
pan,sex_m,geo_cov_nat,mts_details_mrd,2011,63.273
pan,sex_m,geo_cov_nat,mts_details_mrd,2012,62.903
pan,sex_m,geo_cov_nat,mts_details_mrd,2013,62.752
pan,sex_m,geo_cov_nat,mts_details_mrd,2014,65.693
pan,sex_m,geo_cov_nat,mts_details_mrd,2015,69.5
pan,sex_m,geo_cov_nat,mts_details_mrd,2016,67.5
pan,sex_m,geo_cov_nat,mts_details_mrd,2017,70.213
pan,sex_m,geo_cov_nat,mts_details_mrd,2018,68.512
pan,sex_m,geo_cov_nat,mts_details_mrd,2019,68.846
pan,sex_m,geo_cov_nat,mts_details_sep,1997,7.125
pan,sex_m,geo_cov_nat,mts_details_sep,2003,10.691
pan,sex_m,geo_cov_nat,mts_details_sep,2008,14.188
pan,sex_m,geo_cov_nat,mts_details_sep,2010,18.719
pan,sex_m,geo_cov_nat,mts_details_sep,2011,19.644
pan,sex_m,geo_cov_nat,mts_details_sep,2012,17.489
pan,sex_m,geo_cov_nat,mts_details_sep,2013,17.648
pan,sex_m,geo_cov_nat,mts_details_sep,2014,18.835
pan,sex_m,geo_cov_nat,mts_details_sep,2015,23.297
pan,sex_m,geo_cov_nat,mts_details_sep,2016,25.315
pan,sex_m,geo_cov_nat,mts_details_sep,2017,24.463
pan,sex_m,geo_cov_nat,mts_details_sep,2018,26.937
pan,sex_m,geo_cov_nat,mts_details_sep,2019,30.952
pan,sex_m,geo_cov_nat,mts_details_sgle,1997,114.669
pan,sex_m,geo_cov_nat,mts_details_sgle,2003,123.121
pan,sex_m,geo_cov_nat,mts_details_sgle,2008,136.353
pan,sex_m,geo_cov_nat,mts_details_sgle,2010,125.5
pan,sex_m,geo_cov_nat,mts_details_sgle,2011,138.366
pan,sex_m,geo_cov_nat,mts_details_sgle,2012,141.107
pan,sex_m,geo_cov_nat,mts_details_sgle,2013,152.418
pan,sex_m,geo_cov_nat,mts_details_sgle,2014,156.044
pan,sex_m,geo_cov_nat,mts_details_sgle,2015,167.983
pan,sex_m,geo_cov_nat,mts_details_sgle,2016,175.825
pan,sex_m,geo_cov_nat,mts_details_sgle,2017,183.574
pan,sex_m,geo_cov_nat,mts_details_sgle,2018,177.051
pan,sex_m,geo_cov_nat,mts_details_sgle,2019,179.079
pan,sex_m,geo_cov_nat,mts_details_total,1997,212.338
pan,sex_m,geo_cov_nat,mts_details_total,2003,228.097
pan,sex_m,geo_cov_nat,mts_details_total,2008,244.005
pan,sex_m,geo_cov_nat,mts_details_total,2010,239.663
pan,sex_m,geo_cov_nat,mts_details_total,2011,267.811
pan,sex_m,geo_cov_nat,mts_details_total,2012,258.206
pan,sex_m,geo_cov_nat,mts_details_total,2013,270.813
pan,sex_m,geo_cov_nat,mts_details_total,2014,280.207
pan,sex_m,geo_cov_nat,mts_details_total,2015,304.056
pan,sex_m,geo_cov_nat,mts_details_total,2016,307.911
pan,sex_m,geo_cov_nat,mts_details_total,2017,330.299
pan,sex_m,geo_cov_nat,mts_details_total,2018,319.841
pan,sex_m,geo_cov_nat,mts_details_total,2019,328.308
pan,sex_m,geo_cov_nat,mts_details_union,1997,22.501
pan,sex_m,geo_cov_nat,mts_details_union,2003,22.732
pan,sex_m,geo_cov_nat,mts_details_union,2008,26.607
pan,sex_m,geo_cov_nat,mts_details_union,2010,20.408
pan,sex_m,geo_cov_nat,mts_details_union,2011,32.633
pan,sex_m,geo_cov_nat,mts_details_union,2012,23.233
pan,sex_m,geo_cov_nat,mts_details_union,2013,24.021
pan,sex_m,geo_cov_nat,mts_details_union,2014,24.402
pan,sex_m,geo_cov_nat,mts_details_union,2015,26.961
pan,sex_m,geo_cov_nat,mts_details_union,2016,24.048
pan,sex_m,geo_cov_nat,mts_details_union,2017,30.689
pan,sex_m,geo_cov_nat,mts_details_union,2018,27.853
pan,sex_m,geo_cov_nat,mts_details_union,2019,32.052
pan,sex_m,geo_cov_nat,mts_details_wid,1997,10.73
pan,sex_m,geo_cov_nat,mts_details_wid,2003,9.301
pan,sex_m,geo_cov_nat,mts_details_wid,2008,11.861
pan,sex_m,geo_cov_nat,mts_details_wid,2010,13.608
pan,sex_m,geo_cov_nat,mts_details_wid,2011,13.895
pan,sex_m,geo_cov_nat,mts_details_wid,2012,13.474
pan,sex_m,geo_cov_nat,mts_details_wid,2013,13.974
pan,sex_m,geo_cov_nat,mts_details_wid,2014,15.233
pan,sex_m,geo_cov_nat,mts_details_wid,2015,16.315
pan,sex_m,geo_cov_nat,mts_details_wid,2016,15.223
pan,sex_m,geo_cov_nat,mts_details_wid,2017,21.36
pan,sex_m,geo_cov_nat,mts_details_wid,2018,19.488
pan,sex_m,geo_cov_nat,mts_details_wid,2019,17.379
pan,sex_m,geo_cov_nat,mts_details_x,1997,10.187
pan,sex_m,geo_cov_nat,mts_details_x,2003,18.077
pan,sex_m,geo_cov_nat,mts_details_x,2008,1.98
pan,sex_m,geo_cov_rur,mts_aggregate_1,1997,50.939
pan,sex_m,geo_cov_rur,mts_aggregate_1,2003,46.912
pan,sex_m,geo_cov_rur,mts_aggregate_1,2008,48.332
pan,sex_m,geo_cov_rur,mts_aggregate_1,2010,47.005
pan,sex_m,geo_cov_rur,mts_aggregate_1,2011,49.779
pan,sex_m,geo_cov_rur,mts_aggregate_1,2012,45.532
pan,sex_m,geo_cov_rur,mts_aggregate_1,2013,47.955
pan,sex_m,geo_cov_rur,mts_aggregate_1,2014,51.778
pan,sex_m,geo_cov_rur,mts_aggregate_1,2015,55.206
pan,sex_m,geo_cov_rur,mts_aggregate_1,2016,52.994
pan,sex_m,geo_cov_rur,mts_aggregate_1,2017,56.743
pan,sex_m,geo_cov_rur,mts_aggregate_1,2018,56.551
pan,sex_m,geo_cov_rur,mts_aggregate_1,2019,50.098
pan,sex_m,geo_cov_rur,mts_aggregate_2,1997,26.209
pan,sex_m,geo_cov_rur,mts_aggregate_2,2003,18.709
pan,sex_m,geo_cov_rur,mts_aggregate_2,2008,22.23
pan,sex_m,geo_cov_rur,mts_aggregate_2,2010,20.789
pan,sex_m,geo_cov_rur,mts_aggregate_2,2011,26.422
pan,sex_m,geo_cov_rur,mts_aggregate_2,2012,21.291
pan,sex_m,geo_cov_rur,mts_aggregate_2,2013,20.107
pan,sex_m,geo_cov_rur,mts_aggregate_2,2014,21.88
pan,sex_m,geo_cov_rur,mts_aggregate_2,2015,22.157
pan,sex_m,geo_cov_rur,mts_aggregate_2,2016,20.423
pan,sex_m,geo_cov_rur,mts_aggregate_2,2017,24.496
pan,sex_m,geo_cov_rur,mts_aggregate_2,2018,21.355
pan,sex_m,geo_cov_rur,mts_aggregate_2,2019,21.603
pan,sex_m,geo_cov_rur,mts_aggregate_total,1997,79.47
pan,sex_m,geo_cov_rur,mts_aggregate_total,2003,70.582
pan,sex_m,geo_cov_rur,mts_aggregate_total,2008,71.143
pan,sex_m,geo_cov_rur,mts_aggregate_total,2010,67.794
pan,sex_m,geo_cov_rur,mts_aggregate_total,2011,76.201
pan,sex_m,geo_cov_rur,mts_aggregate_total,2012,66.823
pan,sex_m,geo_cov_rur,mts_aggregate_total,2013,68.062
pan,sex_m,geo_cov_rur,mts_aggregate_total,2014,73.658
pan,sex_m,geo_cov_rur,mts_aggregate_total,2015,77.363
pan,sex_m,geo_cov_rur,mts_aggregate_total,2016,73.417
pan,sex_m,geo_cov_rur,mts_aggregate_total,2017,81.239
pan,sex_m,geo_cov_rur,mts_aggregate_total,2018,77.906
pan,sex_m,geo_cov_rur,mts_aggregate_total,2019,71.701
pan,sex_m,geo_cov_rur,mts_aggregate_x,1997,2.321
pan,sex_m,geo_cov_rur,mts_aggregate_x,2003,4.962
pan,sex_m,geo_cov_rur,mts_aggregate_x,2008,0.581
pan,sex_m,geo_cov_rur,mts_details_mrd,1997,13.327
pan,sex_m,geo_cov_rur,mts_details_mrd,2003,9.605
pan,sex_m,geo_cov_rur,mts_details_mrd,2008,12.158
pan,sex_m,geo_cov_rur,mts_details_mrd,2010,11.773
pan,sex_m,geo_cov_rur,mts_details_mrd,2011,14.521
pan,sex_m,geo_cov_rur,mts_details_mrd,2012,11.923
pan,sex_m,geo_cov_rur,mts_details_mrd,2013,11.202
pan,sex_m,geo_cov_rur,mts_details_mrd,2014,13.171
pan,sex_m,geo_cov_rur,mts_details_mrd,2015,13.318
pan,sex_m,geo_cov_rur,mts_details_mrd,2016,11.939
pan,sex_m,geo_cov_rur,mts_details_mrd,2017,14.487
pan,sex_m,geo_cov_rur,mts_details_mrd,2018,11.638
pan,sex_m,geo_cov_rur,mts_details_mrd,2019,11.537
pan,sex_m,geo_cov_rur,mts_details_sep,1997,2.201
pan,sex_m,geo_cov_rur,mts_details_sep,2003,3.229
pan,sex_m,geo_cov_rur,mts_details_sep,2008,4.526
pan,sex_m,geo_cov_rur,mts_details_sep,2010,5.302
pan,sex_m,geo_cov_rur,mts_details_sep,2011,4.879
pan,sex_m,geo_cov_rur,mts_details_sep,2012,5.454
pan,sex_m,geo_cov_rur,mts_details_sep,2013,4.76
pan,sex_m,geo_cov_rur,mts_details_sep,2014,4.873
pan,sex_m,geo_cov_rur,mts_details_sep,2015,6.374
pan,sex_m,geo_cov_rur,mts_details_sep,2016,5.752
pan,sex_m,geo_cov_rur,mts_details_sep,2017,5.377
pan,sex_m,geo_cov_rur,mts_details_sep,2018,7.139
pan,sex_m,geo_cov_rur,mts_details_sep,2019,6.88
pan,sex_m,geo_cov_rur,mts_details_sgle,1997,44.152
pan,sex_m,geo_cov_rur,mts_details_sgle,2003,39.9
pan,sex_m,geo_cov_rur,mts_details_sgle,2008,39.537
pan,sex_m,geo_cov_rur,mts_details_sgle,2010,36.073
pan,sex_m,geo_cov_rur,mts_details_sgle,2011,40.661
pan,sex_m,geo_cov_rur,mts_details_sgle,2012,36.837
pan,sex_m,geo_cov_rur,mts_details_sgle,2013,38.8
pan,sex_m,geo_cov_rur,mts_details_sgle,2014,41.905
pan,sex_m,geo_cov_rur,mts_details_sgle,2015,43.965
pan,sex_m,geo_cov_rur,mts_details_sgle,2016,42.761
pan,sex_m,geo_cov_rur,mts_details_sgle,2017,45.24
pan,sex_m,geo_cov_rur,mts_details_sgle,2018,42.465
pan,sex_m,geo_cov_rur,mts_details_sgle,2019,37.866
pan,sex_m,geo_cov_rur,mts_details_total,1997,79.47
pan,sex_m,geo_cov_rur,mts_details_total,2003,70.582
pan,sex_m,geo_cov_rur,mts_details_total,2008,71.143
pan,sex_m,geo_cov_rur,mts_details_total,2010,67.794
pan,sex_m,geo_cov_rur,mts_details_total,2011,76.201
pan,sex_m,geo_cov_rur,mts_details_total,2012,66.823
pan,sex_m,geo_cov_rur,mts_details_total,2013,68.062
pan,sex_m,geo_cov_rur,mts_details_total,2014,73.658
pan,sex_m,geo_cov_rur,mts_details_total,2015,77.363
pan,sex_m,geo_cov_rur,mts_details_total,2016,73.417
pan,sex_m,geo_cov_rur,mts_details_total,2017,81.239
pan,sex_m,geo_cov_rur,mts_details_total,2018,77.906
pan,sex_m,geo_cov_rur,mts_details_total,2019,71.701
pan,sex_m,geo_cov_rur,mts_details_union,1997,12.882
pan,sex_m,geo_cov_rur,mts_details_union,2003,9.104
pan,sex_m,geo_cov_rur,mts_details_union,2008,10.072
pan,sex_m,geo_cov_rur,mts_details_union,2010,9.016
pan,sex_m,geo_cov_rur,mts_details_union,2011,11.901
pan,sex_m,geo_cov_rur,mts_details_union,2012,9.368
pan,sex_m,geo_cov_rur,mts_details_union,2013,8.905
pan,sex_m,geo_cov_rur,mts_details_union,2014,8.709
pan,sex_m,geo_cov_rur,mts_details_union,2015,8.839
pan,sex_m,geo_cov_rur,mts_details_union,2016,8.484
pan,sex_m,geo_cov_rur,mts_details_union,2017,10.009
pan,sex_m,geo_cov_rur,mts_details_union,2018,9.717
pan,sex_m,geo_cov_rur,mts_details_union,2019,10.066
pan,sex_m,geo_cov_rur,mts_details_wid,1997,4.587
pan,sex_m,geo_cov_rur,mts_details_wid,2003,3.783
pan,sex_m,geo_cov_rur,mts_details_wid,2008,4.269
pan,sex_m,geo_cov_rur,mts_details_wid,2010,5.63
pan,sex_m,geo_cov_rur,mts_details_wid,2011,4.239
pan,sex_m,geo_cov_rur,mts_details_wid,2012,3.241
pan,sex_m,geo_cov_rur,mts_details_wid,2013,4.395
pan,sex_m,geo_cov_rur,mts_details_wid,2014,5
pan,sex_m,geo_cov_rur,mts_details_wid,2015,4.867
pan,sex_m,geo_cov_rur,mts_details_wid,2016,4.481
pan,sex_m,geo_cov_rur,mts_details_wid,2017,6.126
pan,sex_m,geo_cov_rur,mts_details_wid,2018,6.947
pan,sex_m,geo_cov_rur,mts_details_wid,2019,5.352
pan,sex_m,geo_cov_rur,mts_details_x,1997,2.321
pan,sex_m,geo_cov_rur,mts_details_x,2003,4.962
pan,sex_m,geo_cov_rur,mts_details_x,2008,0.581
pan,sex_m,geo_cov_urb,mts_aggregate_1,1997,81.585
pan,sex_m,geo_cov_urb,mts_aggregate_1,2003,96.201
pan,sex_m,geo_cov_urb,mts_aggregate_1,2008,114.07
pan,sex_m,geo_cov_urb,mts_aggregate_1,2010,110.822
pan,sex_m,geo_cov_urb,mts_aggregate_1,2011,122.126
pan,sex_m,geo_cov_urb,mts_aggregate_1,2012,126.538
pan,sex_m,geo_cov_urb,mts_aggregate_1,2013,136.085
pan,sex_m,geo_cov_urb,mts_aggregate_1,2014,138.334
pan,sex_m,geo_cov_urb,mts_aggregate_1,2015,152.389
pan,sex_m,geo_cov_urb,mts_aggregate_1,2016,163.369
pan,sex_m,geo_cov_urb,mts_aggregate_1,2017,172.654
pan,sex_m,geo_cov_urb,mts_aggregate_1,2018,166.925
pan,sex_m,geo_cov_urb,mts_aggregate_1,2019,177.312
pan,sex_m,geo_cov_urb,mts_aggregate_2,1997,43.418
pan,sex_m,geo_cov_urb,mts_aggregate_2,2003,48.199
pan,sex_m,geo_cov_urb,mts_aggregate_2,2008,57.393
pan,sex_m,geo_cov_urb,mts_aggregate_2,2010,61.047
pan,sex_m,geo_cov_urb,mts_aggregate_2,2011,69.484
pan,sex_m,geo_cov_urb,mts_aggregate_2,2012,64.845
pan,sex_m,geo_cov_urb,mts_aggregate_2,2013,66.666
pan,sex_m,geo_cov_urb,mts_aggregate_2,2014,68.215
pan,sex_m,geo_cov_urb,mts_aggregate_2,2015,74.304
pan,sex_m,geo_cov_urb,mts_aggregate_2,2016,71.125
pan,sex_m,geo_cov_urb,mts_aggregate_2,2017,76.406
pan,sex_m,geo_cov_urb,mts_aggregate_2,2018,75.01
pan,sex_m,geo_cov_urb,mts_aggregate_2,2019,79.295
pan,sex_m,geo_cov_urb,mts_aggregate_total,1997,132.868
pan,sex_m,geo_cov_urb,mts_aggregate_total,2003,157.515
pan,sex_m,geo_cov_urb,mts_aggregate_total,2008,172.862
pan,sex_m,geo_cov_urb,mts_aggregate_total,2010,171.869
pan,sex_m,geo_cov_urb,mts_aggregate_total,2011,191.61
pan,sex_m,geo_cov_urb,mts_aggregate_total,2012,191.383
pan,sex_m,geo_cov_urb,mts_aggregate_total,2013,202.751
pan,sex_m,geo_cov_urb,mts_aggregate_total,2014,206.549
pan,sex_m,geo_cov_urb,mts_aggregate_total,2015,226.693
pan,sex_m,geo_cov_urb,mts_aggregate_total,2016,234.494
pan,sex_m,geo_cov_urb,mts_aggregate_total,2017,249.06
pan,sex_m,geo_cov_urb,mts_aggregate_total,2018,241.935
pan,sex_m,geo_cov_urb,mts_aggregate_total,2019,256.607
pan,sex_m,geo_cov_urb,mts_aggregate_x,1997,7.866
pan,sex_m,geo_cov_urb,mts_aggregate_x,2003,13.115
pan,sex_m,geo_cov_urb,mts_aggregate_x,2008,1.399
pan,sex_m,geo_cov_urb,mts_details_mrd,1997,33.799
pan,sex_m,geo_cov_urb,mts_details_mrd,2003,34.57
pan,sex_m,geo_cov_urb,mts_details_mrd,2008,40.858
pan,sex_m,geo_cov_urb,mts_details_mrd,2010,49.655
pan,sex_m,geo_cov_urb,mts_details_mrd,2011,48.752
pan,sex_m,geo_cov_urb,mts_details_mrd,2012,50.98
pan,sex_m,geo_cov_urb,mts_details_mrd,2013,51.55
pan,sex_m,geo_cov_urb,mts_details_mrd,2014,52.522
pan,sex_m,geo_cov_urb,mts_details_mrd,2015,56.182
pan,sex_m,geo_cov_urb,mts_details_mrd,2016,55.561
pan,sex_m,geo_cov_urb,mts_details_mrd,2017,55.726
pan,sex_m,geo_cov_urb,mts_details_mrd,2018,56.874
pan,sex_m,geo_cov_urb,mts_details_mrd,2019,57.309
pan,sex_m,geo_cov_urb,mts_details_sep,1997,4.924
pan,sex_m,geo_cov_urb,mts_details_sep,2003,7.462
pan,sex_m,geo_cov_urb,mts_details_sep,2008,9.662
pan,sex_m,geo_cov_urb,mts_details_sep,2010,13.417
pan,sex_m,geo_cov_urb,mts_details_sep,2011,14.765
pan,sex_m,geo_cov_urb,mts_details_sep,2012,12.035
pan,sex_m,geo_cov_urb,mts_details_sep,2013,12.888
pan,sex_m,geo_cov_urb,mts_details_sep,2014,13.962
pan,sex_m,geo_cov_urb,mts_details_sep,2015,16.923
pan,sex_m,geo_cov_urb,mts_details_sep,2016,19.563
pan,sex_m,geo_cov_urb,mts_details_sep,2017,19.086
pan,sex_m,geo_cov_urb,mts_details_sep,2018,19.798
pan,sex_m,geo_cov_urb,mts_details_sep,2019,24.072
pan,sex_m,geo_cov_urb,mts_details_sgle,1997,70.517
pan,sex_m,geo_cov_urb,mts_details_sgle,2003,83.221
pan,sex_m,geo_cov_urb,mts_details_sgle,2008,96.816
pan,sex_m,geo_cov_urb,mts_details_sgle,2010,89.427
pan,sex_m,geo_cov_urb,mts_details_sgle,2011,97.705
pan,sex_m,geo_cov_urb,mts_details_sgle,2012,104.27
pan,sex_m,geo_cov_urb,mts_details_sgle,2013,113.618
pan,sex_m,geo_cov_urb,mts_details_sgle,2014,114.139
pan,sex_m,geo_cov_urb,mts_details_sgle,2015,124.018
pan,sex_m,geo_cov_urb,mts_details_sgle,2016,133.064
pan,sex_m,geo_cov_urb,mts_details_sgle,2017,138.334
pan,sex_m,geo_cov_urb,mts_details_sgle,2018,134.586
pan,sex_m,geo_cov_urb,mts_details_sgle,2019,141.213
pan,sex_m,geo_cov_urb,mts_details_total,1997,132.868
pan,sex_m,geo_cov_urb,mts_details_total,2003,157.515
pan,sex_m,geo_cov_urb,mts_details_total,2008,172.862
pan,sex_m,geo_cov_urb,mts_details_total,2010,171.869
pan,sex_m,geo_cov_urb,mts_details_total,2011,191.61
pan,sex_m,geo_cov_urb,mts_details_total,2012,191.383
pan,sex_m,geo_cov_urb,mts_details_total,2013,202.751
pan,sex_m,geo_cov_urb,mts_details_total,2014,206.549
pan,sex_m,geo_cov_urb,mts_details_total,2015,226.693
pan,sex_m,geo_cov_urb,mts_details_total,2016,234.494
pan,sex_m,geo_cov_urb,mts_details_total,2017,249.06
pan,sex_m,geo_cov_urb,mts_details_total,2018,241.935
pan,sex_m,geo_cov_urb,mts_details_total,2019,256.607
pan,sex_m,geo_cov_urb,mts_details_union,1997,9.619
pan,sex_m,geo_cov_urb,mts_details_union,2003,13.628
pan,sex_m,geo_cov_urb,mts_details_union,2008,16.535
pan,sex_m,geo_cov_urb,mts_details_union,2010,11.392
pan,sex_m,geo_cov_urb,mts_details_union,2011,20.732
pan,sex_m,geo_cov_urb,mts_details_union,2012,13.865
pan,sex_m,geo_cov_urb,mts_details_union,2013,15.116
pan,sex_m,geo_cov_urb,mts_details_union,2014,15.693
pan,sex_m,geo_cov_urb,mts_details_union,2015,18.122
pan,sex_m,geo_cov_urb,mts_details_union,2016,15.564
pan,sex_m,geo_cov_urb,mts_details_union,2017,20.68
pan,sex_m,geo_cov_urb,mts_details_union,2018,18.136
pan,sex_m,geo_cov_urb,mts_details_union,2019,21.986
pan,sex_m,geo_cov_urb,mts_details_wid,1997,6.144
pan,sex_m,geo_cov_urb,mts_details_wid,2003,5.518
pan,sex_m,geo_cov_urb,mts_details_wid,2008,7.592
pan,sex_m,geo_cov_urb,mts_details_wid,2010,7.978
pan,sex_m,geo_cov_urb,mts_details_wid,2011,9.656
pan,sex_m,geo_cov_urb,mts_details_wid,2012,10.233
pan,sex_m,geo_cov_urb,mts_details_wid,2013,9.579
pan,sex_m,geo_cov_urb,mts_details_wid,2014,10.233
pan,sex_m,geo_cov_urb,mts_details_wid,2015,11.448
pan,sex_m,geo_cov_urb,mts_details_wid,2016,10.742
pan,sex_m,geo_cov_urb,mts_details_wid,2017,15.234
pan,sex_m,geo_cov_urb,mts_details_wid,2018,12.541
pan,sex_m,geo_cov_urb,mts_details_wid,2019,12.027
pan,sex_m,geo_cov_urb,mts_details_x,1997,7.866
pan,sex_m,geo_cov_urb,mts_details_x,2003,13.115
pan,sex_m,geo_cov_urb,mts_details_x,2008,1.399
pan,sex_t,geo_cov_nat,mts_aggregate_1,1997,363.729
pan,sex_t,geo_cov_nat,mts_aggregate_1,2003,406.617
pan,sex_t,geo_cov_nat,mts_aggregate_1,2008,430.699
pan,sex_t,geo_cov_nat,mts_aggregate_1,2010,456.271
pan,sex_t,geo_cov_nat,mts_aggregate_1,2011,488.945
pan,sex_t,geo_cov_nat,mts_aggregate_1,2012,496.702
pan,sex_t,geo_cov_nat,mts_aggregate_1,2013,512.108
pan,sex_t,geo_cov_nat,mts_aggregate_1,2014,529.963
pan,sex_t,geo_cov_nat,mts_aggregate_1,2015,550.009
pan,sex_t,geo_cov_nat,mts_aggregate_1,2016,586.044
pan,sex_t,geo_cov_nat,mts_aggregate_1,2017,604.378
pan,sex_t,geo_cov_nat,mts_aggregate_1,2018,612.436
pan,sex_t,geo_cov_nat,mts_aggregate_1,2019,602.855
pan,sex_t,geo_cov_nat,mts_aggregate_2,1997,375.072
pan,sex_t,geo_cov_nat,mts_aggregate_2,2003,387.203
pan,sex_t,geo_cov_nat,mts_aggregate_2,2008,431.845
pan,sex_t,geo_cov_nat,mts_aggregate_2,2010,445.996
pan,sex_t,geo_cov_nat,mts_aggregate_2,2011,509.892
pan,sex_t,geo_cov_nat,mts_aggregate_2,2012,483.849
pan,sex_t,geo_cov_nat,mts_aggregate_2,2013,470.546
pan,sex_t,geo_cov_nat,mts_aggregate_2,2014,478.064
pan,sex_t,geo_cov_nat,mts_aggregate_2,2015,483.245
pan,sex_t,geo_cov_nat,mts_aggregate_2,2016,463.094
pan,sex_t,geo_cov_nat,mts_aggregate_2,2017,479.998
pan,sex_t,geo_cov_nat,mts_aggregate_2,2018,453.709
pan,sex_t,geo_cov_nat,mts_aggregate_2,2019,451.557
pan,sex_t,geo_cov_nat,mts_aggregate_total,1997,756.196
pan,sex_t,geo_cov_nat,mts_aggregate_total,2003,818.84
pan,sex_t,geo_cov_nat,mts_aggregate_total,2008,866.171
pan,sex_t,geo_cov_nat,mts_aggregate_total,2010,904.939
pan,sex_t,geo_cov_nat,mts_aggregate_total,2011,1002.595
pan,sex_t,geo_cov_nat,mts_aggregate_total,2012,980.551
pan,sex_t,geo_cov_nat,mts_aggregate_total,2013,982.654
pan,sex_t,geo_cov_nat,mts_aggregate_total,2014,1008.027
pan,sex_t,geo_cov_nat,mts_aggregate_total,2015,1033.254
pan,sex_t,geo_cov_nat,mts_aggregate_total,2016,1049.138
pan,sex_t,geo_cov_nat,mts_aggregate_total,2017,1084.376
pan,sex_t,geo_cov_nat,mts_aggregate_total,2018,1066.145
pan,sex_t,geo_cov_nat,mts_aggregate_total,2019,1054.412
pan,sex_t,geo_cov_nat,mts_aggregate_x,1997,17.394
pan,sex_t,geo_cov_nat,mts_aggregate_x,2003,25.021
pan,sex_t,geo_cov_nat,mts_aggregate_x,2008,3.627
pan,sex_t,geo_cov_nat,mts_aggregate_x,2010,2.672
pan,sex_t,geo_cov_nat,mts_aggregate_x,2011,3.758
pan,sex_t,geo_cov_nat,mts_details_mrd,1997,197.196
pan,sex_t,geo_cov_nat,mts_details_mrd,2003,177.495
pan,sex_t,geo_cov_nat,mts_details_mrd,2008,209.883
pan,sex_t,geo_cov_nat,mts_details_mrd,2010,226.274
pan,sex_t,geo_cov_nat,mts_details_mrd,2011,233.991
pan,sex_t,geo_cov_nat,mts_details_mrd,2012,241.935
pan,sex_t,geo_cov_nat,mts_details_mrd,2013,231.157
pan,sex_t,geo_cov_nat,mts_details_mrd,2014,235.657
pan,sex_t,geo_cov_nat,mts_details_mrd,2015,244.663
pan,sex_t,geo_cov_nat,mts_details_mrd,2016,236.484
pan,sex_t,geo_cov_nat,mts_details_mrd,2017,239.167
pan,sex_t,geo_cov_nat,mts_details_mrd,2018,228.045
pan,sex_t,geo_cov_nat,mts_details_mrd,2019,230.752
pan,sex_t,geo_cov_nat,mts_details_sep,1997,39.798
pan,sex_t,geo_cov_nat,mts_details_sep,2003,67.709
pan,sex_t,geo_cov_nat,mts_details_sep,2008,71.089
pan,sex_t,geo_cov_nat,mts_details_sep,2010,94.477
pan,sex_t,geo_cov_nat,mts_details_sep,2011,95.906
pan,sex_t,geo_cov_nat,mts_details_sep,2012,98.218
pan,sex_t,geo_cov_nat,mts_details_sep,2013,98.37
pan,sex_t,geo_cov_nat,mts_details_sep,2014,103.668
pan,sex_t,geo_cov_nat,mts_details_sep,2015,108.561
pan,sex_t,geo_cov_nat,mts_details_sep,2016,125.353
pan,sex_t,geo_cov_nat,mts_details_sep,2017,116.065
pan,sex_t,geo_cov_nat,mts_details_sep,2018,132.503
pan,sex_t,geo_cov_nat,mts_details_sep,2019,128.245
pan,sex_t,geo_cov_nat,mts_details_sgle,1997,266.571
pan,sex_t,geo_cov_nat,mts_details_sgle,2003,271.993
pan,sex_t,geo_cov_nat,mts_details_sgle,2008,288.968
pan,sex_t,geo_cov_nat,mts_details_sgle,2010,280.997
pan,sex_t,geo_cov_nat,mts_details_sgle,2011,305.533
pan,sex_t,geo_cov_nat,mts_details_sgle,2012,314.564
pan,sex_t,geo_cov_nat,mts_details_sgle,2013,330.704
pan,sex_t,geo_cov_nat,mts_details_sgle,2014,340.056
pan,sex_t,geo_cov_nat,mts_details_sgle,2015,356.426
pan,sex_t,geo_cov_nat,mts_details_sgle,2016,372.905
pan,sex_t,geo_cov_nat,mts_details_sgle,2017,388.897
pan,sex_t,geo_cov_nat,mts_details_sgle,2018,378.413
pan,sex_t,geo_cov_nat,mts_details_sgle,2019,374.29
pan,sex_t,geo_cov_nat,mts_details_total,1997,756.196
pan,sex_t,geo_cov_nat,mts_details_total,2003,818.84
pan,sex_t,geo_cov_nat,mts_details_total,2008,866.171
pan,sex_t,geo_cov_nat,mts_details_total,2010,904.939
pan,sex_t,geo_cov_nat,mts_details_total,2011,1002.595
pan,sex_t,geo_cov_nat,mts_details_total,2012,980.551
pan,sex_t,geo_cov_nat,mts_details_total,2013,982.654
pan,sex_t,geo_cov_nat,mts_details_total,2014,1008.027
pan,sex_t,geo_cov_nat,mts_details_total,2015,1033.254
pan,sex_t,geo_cov_nat,mts_details_total,2016,1049.138
pan,sex_t,geo_cov_nat,mts_details_total,2017,1084.376
pan,sex_t,geo_cov_nat,mts_details_total,2018,1066.145
pan,sex_t,geo_cov_nat,mts_details_total,2019,1054.412
pan,sex_t,geo_cov_nat,mts_details_union,1997,177.876
pan,sex_t,geo_cov_nat,mts_details_union,2003,209.708
pan,sex_t,geo_cov_nat,mts_details_union,2008,221.962
pan,sex_t,geo_cov_nat,mts_details_union,2010,219.722
pan,sex_t,geo_cov_nat,mts_details_union,2011,275.901
pan,sex_t,geo_cov_nat,mts_details_union,2012,241.914
pan,sex_t,geo_cov_nat,mts_details_union,2013,239.389
pan,sex_t,geo_cov_nat,mts_details_union,2014,242.407
pan,sex_t,geo_cov_nat,mts_details_union,2015,238.582
pan,sex_t,geo_cov_nat,mts_details_union,2016,226.61
pan,sex_t,geo_cov_nat,mts_details_union,2017,240.831
pan,sex_t,geo_cov_nat,mts_details_union,2018,225.664
pan,sex_t,geo_cov_nat,mts_details_union,2019,220.805
pan,sex_t,geo_cov_nat,mts_details_wid,1997,57.361
pan,sex_t,geo_cov_nat,mts_details_wid,2003,66.915
pan,sex_t,geo_cov_nat,mts_details_wid,2008,70.643
pan,sex_t,geo_cov_nat,mts_details_wid,2010,80.797
pan,sex_t,geo_cov_nat,mts_details_wid,2011,87.506
pan,sex_t,geo_cov_nat,mts_details_wid,2012,83.92
pan,sex_t,geo_cov_nat,mts_details_wid,2013,83.034
pan,sex_t,geo_cov_nat,mts_details_wid,2014,86.239
pan,sex_t,geo_cov_nat,mts_details_wid,2015,85.022
pan,sex_t,geo_cov_nat,mts_details_wid,2016,87.786
pan,sex_t,geo_cov_nat,mts_details_wid,2017,99.416
pan,sex_t,geo_cov_nat,mts_details_wid,2018,101.52
pan,sex_t,geo_cov_nat,mts_details_wid,2019,100.32
pan,sex_t,geo_cov_nat,mts_details_x,1997,17.394
pan,sex_t,geo_cov_nat,mts_details_x,2003,25.021
pan,sex_t,geo_cov_nat,mts_details_x,2008,3.627
pan,sex_t,geo_cov_nat,mts_details_x,2010,2.672
pan,sex_t,geo_cov_nat,mts_details_x,2011,3.758
pan,sex_t,geo_cov_rur,mts_aggregate_1,1997,140.742
pan,sex_t,geo_cov_rur,mts_aggregate_1,2003,139.185
pan,sex_t,geo_cov_rur,mts_aggregate_1,2008,132.679
pan,sex_t,geo_cov_rur,mts_aggregate_1,2010,137.572
pan,sex_t,geo_cov_rur,mts_aggregate_1,2011,143.403
pan,sex_t,geo_cov_rur,mts_aggregate_1,2012,136.398
pan,sex_t,geo_cov_rur,mts_aggregate_1,2013,137.721
pan,sex_t,geo_cov_rur,mts_aggregate_1,2014,144.1
pan,sex_t,geo_cov_rur,mts_aggregate_1,2015,152.531
pan,sex_t,geo_cov_rur,mts_aggregate_1,2016,156.147
pan,sex_t,geo_cov_rur,mts_aggregate_1,2017,160.854
pan,sex_t,geo_cov_rur,mts_aggregate_1,2018,153.037
pan,sex_t,geo_cov_rur,mts_aggregate_1,2019,143.801
pan,sex_t,geo_cov_rur,mts_aggregate_2,1997,183.854
pan,sex_t,geo_cov_rur,mts_aggregate_2,2003,167.085
pan,sex_t,geo_cov_rur,mts_aggregate_2,2008,168.431
pan,sex_t,geo_cov_rur,mts_aggregate_2,2010,166.88
pan,sex_t,geo_cov_rur,mts_aggregate_2,2011,189.11
pan,sex_t,geo_cov_rur,mts_aggregate_2,2012,172.107
pan,sex_t,geo_cov_rur,mts_aggregate_2,2013,161.959
pan,sex_t,geo_cov_rur,mts_aggregate_2,2014,166.1
pan,sex_t,geo_cov_rur,mts_aggregate_2,2015,159.368
pan,sex_t,geo_cov_rur,mts_aggregate_2,2016,152.752
pan,sex_t,geo_cov_rur,mts_aggregate_2,2017,154.687
pan,sex_t,geo_cov_rur,mts_aggregate_2,2018,141.966
pan,sex_t,geo_cov_rur,mts_aggregate_2,2019,135.459
pan,sex_t,geo_cov_rur,mts_aggregate_total,1997,328.529
pan,sex_t,geo_cov_rur,mts_aggregate_total,2003,313.261
pan,sex_t,geo_cov_rur,mts_aggregate_total,2008,302.069
pan,sex_t,geo_cov_rur,mts_aggregate_total,2010,305.452
pan,sex_t,geo_cov_rur,mts_aggregate_total,2011,333.493
pan,sex_t,geo_cov_rur,mts_aggregate_total,2012,308.505
pan,sex_t,geo_cov_rur,mts_aggregate_total,2013,299.68
pan,sex_t,geo_cov_rur,mts_aggregate_total,2014,310.2
pan,sex_t,geo_cov_rur,mts_aggregate_total,2015,311.899
pan,sex_t,geo_cov_rur,mts_aggregate_total,2016,308.899
pan,sex_t,geo_cov_rur,mts_aggregate_total,2017,315.541
pan,sex_t,geo_cov_rur,mts_aggregate_total,2018,295.003
pan,sex_t,geo_cov_rur,mts_aggregate_total,2019,279.26
pan,sex_t,geo_cov_rur,mts_aggregate_x,1997,3.933
pan,sex_t,geo_cov_rur,mts_aggregate_x,2003,6.991
pan,sex_t,geo_cov_rur,mts_aggregate_x,2008,0.959
pan,sex_t,geo_cov_rur,mts_aggregate_x,2010,1
pan,sex_t,geo_cov_rur,mts_aggregate_x,2011,0.98
pan,sex_t,geo_cov_rur,mts_details_mrd,1997,73.59
pan,sex_t,geo_cov_rur,mts_details_mrd,2003,55.175
pan,sex_t,geo_cov_rur,mts_details_mrd,2008,63.216
pan,sex_t,geo_cov_rur,mts_details_mrd,2010,62.171
pan,sex_t,geo_cov_rur,mts_details_mrd,2011,62.926
pan,sex_t,geo_cov_rur,mts_details_mrd,2012,58.941
pan,sex_t,geo_cov_rur,mts_details_mrd,2013,55.887
pan,sex_t,geo_cov_rur,mts_details_mrd,2014,58.5
pan,sex_t,geo_cov_rur,mts_details_mrd,2015,58.251
pan,sex_t,geo_cov_rur,mts_details_mrd,2016,54.554
pan,sex_t,geo_cov_rur,mts_details_mrd,2017,56.629
pan,sex_t,geo_cov_rur,mts_details_mrd,2018,50.494
pan,sex_t,geo_cov_rur,mts_details_mrd,2019,46.384
pan,sex_t,geo_cov_rur,mts_details_sep,1997,16.182
pan,sex_t,geo_cov_rur,mts_details_sep,2003,22.015
pan,sex_t,geo_cov_rur,mts_details_sep,2008,25.06
pan,sex_t,geo_cov_rur,mts_details_sep,2010,28.749
pan,sex_t,geo_cov_rur,mts_details_sep,2011,26.838
pan,sex_t,geo_cov_rur,mts_details_sep,2012,25.681
pan,sex_t,geo_cov_rur,mts_details_sep,2013,24.29
pan,sex_t,geo_cov_rur,mts_details_sep,2014,27.668
pan,sex_t,geo_cov_rur,mts_details_sep,2015,30.121
pan,sex_t,geo_cov_rur,mts_details_sep,2016,31.282
pan,sex_t,geo_cov_rur,mts_details_sep,2017,28.817
pan,sex_t,geo_cov_rur,mts_details_sep,2018,30.955
pan,sex_t,geo_cov_rur,mts_details_sep,2019,29.008
pan,sex_t,geo_cov_rur,mts_details_sgle,1997,101.027
pan,sex_t,geo_cov_rur,mts_details_sgle,2003,91.214
pan,sex_t,geo_cov_rur,mts_details_sgle,2008,85.099
pan,sex_t,geo_cov_rur,mts_details_sgle,2010,82.148
pan,sex_t,geo_cov_rur,mts_details_sgle,2011,88.052
pan,sex_t,geo_cov_rur,mts_details_sgle,2012,84.703
pan,sex_t,geo_cov_rur,mts_details_sgle,2013,87.089
pan,sex_t,geo_cov_rur,mts_details_sgle,2014,90.633
pan,sex_t,geo_cov_rur,mts_details_sgle,2015,97.683
pan,sex_t,geo_cov_rur,mts_details_sgle,2016,99.434
pan,sex_t,geo_cov_rur,mts_details_sgle,2017,104.42
pan,sex_t,geo_cov_rur,mts_details_sgle,2018,95.168
pan,sex_t,geo_cov_rur,mts_details_sgle,2019,88.274
pan,sex_t,geo_cov_rur,mts_details_total,1997,328.529
pan,sex_t,geo_cov_rur,mts_details_total,2003,313.261
pan,sex_t,geo_cov_rur,mts_details_total,2008,302.069
pan,sex_t,geo_cov_rur,mts_details_total,2010,305.452
pan,sex_t,geo_cov_rur,mts_details_total,2011,333.493
pan,sex_t,geo_cov_rur,mts_details_total,2012,308.505
pan,sex_t,geo_cov_rur,mts_details_total,2013,299.68
pan,sex_t,geo_cov_rur,mts_details_total,2014,310.2
pan,sex_t,geo_cov_rur,mts_details_total,2015,311.899
pan,sex_t,geo_cov_rur,mts_details_total,2016,308.899
pan,sex_t,geo_cov_rur,mts_details_total,2017,315.541
pan,sex_t,geo_cov_rur,mts_details_total,2018,295.003
pan,sex_t,geo_cov_rur,mts_details_total,2019,279.26
pan,sex_t,geo_cov_rur,mts_details_union,1997,110.264
pan,sex_t,geo_cov_rur,mts_details_union,2003,111.91
pan,sex_t,geo_cov_rur,mts_details_union,2008,105.214
pan,sex_t,geo_cov_rur,mts_details_union,2010,104.709
pan,sex_t,geo_cov_rur,mts_details_union,2011,126.184
pan,sex_t,geo_cov_rur,mts_details_union,2012,113.166
pan,sex_t,geo_cov_rur,mts_details_union,2013,106.072
pan,sex_t,geo_cov_rur,mts_details_union,2014,107.6
pan,sex_t,geo_cov_rur,mts_details_union,2015,101.117
pan,sex_t,geo_cov_rur,mts_details_union,2016,98.198
pan,sex_t,geo_cov_rur,mts_details_union,2017,98.058
pan,sex_t,geo_cov_rur,mts_details_union,2018,91.472
pan,sex_t,geo_cov_rur,mts_details_union,2019,89.075
pan,sex_t,geo_cov_rur,mts_details_wid,1997,23.533
pan,sex_t,geo_cov_rur,mts_details_wid,2003,25.956
pan,sex_t,geo_cov_rur,mts_details_wid,2008,22.521
pan,sex_t,geo_cov_rur,mts_details_wid,2010,26.675
pan,sex_t,geo_cov_rur,mts_details_wid,2011,28.513
pan,sex_t,geo_cov_rur,mts_details_wid,2012,26.014
pan,sex_t,geo_cov_rur,mts_details_wid,2013,26.342
pan,sex_t,geo_cov_rur,mts_details_wid,2014,25.799
pan,sex_t,geo_cov_rur,mts_details_wid,2015,24.727
pan,sex_t,geo_cov_rur,mts_details_wid,2016,25.431
pan,sex_t,geo_cov_rur,mts_details_wid,2017,27.617
pan,sex_t,geo_cov_rur,mts_details_wid,2018,26.914
pan,sex_t,geo_cov_rur,mts_details_wid,2019,26.519
pan,sex_t,geo_cov_rur,mts_details_x,1997,3.933
pan,sex_t,geo_cov_rur,mts_details_x,2003,6.991
pan,sex_t,geo_cov_rur,mts_details_x,2008,0.959
pan,sex_t,geo_cov_rur,mts_details_x,2010,1
pan,sex_t,geo_cov_rur,mts_details_x,2011,0.98
pan,sex_t,geo_cov_urb,mts_aggregate_1,1997,222.987
pan,sex_t,geo_cov_urb,mts_aggregate_1,2003,267.431
pan,sex_t,geo_cov_urb,mts_aggregate_1,2008,298.02
pan,sex_t,geo_cov_urb,mts_aggregate_1,2010,318.699
pan,sex_t,geo_cov_urb,mts_aggregate_1,2011,345.542
pan,sex_t,geo_cov_urb,mts_aggregate_1,2012,360.304
pan,sex_t,geo_cov_urb,mts_aggregate_1,2013,374.387
pan,sex_t,geo_cov_urb,mts_aggregate_1,2014,385.863
pan,sex_t,geo_cov_urb,mts_aggregate_1,2015,397.478
pan,sex_t,geo_cov_urb,mts_aggregate_1,2016,429.897
pan,sex_t,geo_cov_urb,mts_aggregate_1,2017,443.524
pan,sex_t,geo_cov_urb,mts_aggregate_1,2018,459.399
pan,sex_t,geo_cov_urb,mts_aggregate_1,2019,459.054
pan,sex_t,geo_cov_urb,mts_aggregate_2,1997,191.218
pan,sex_t,geo_cov_urb,mts_aggregate_2,2003,220.118
pan,sex_t,geo_cov_urb,mts_aggregate_2,2008,263.415
pan,sex_t,geo_cov_urb,mts_aggregate_2,2010,279.116
pan,sex_t,geo_cov_urb,mts_aggregate_2,2011,320.782
pan,sex_t,geo_cov_urb,mts_aggregate_2,2012,311.742
pan,sex_t,geo_cov_urb,mts_aggregate_2,2013,308.587
pan,sex_t,geo_cov_urb,mts_aggregate_2,2014,311.964
pan,sex_t,geo_cov_urb,mts_aggregate_2,2015,323.877
pan,sex_t,geo_cov_urb,mts_aggregate_2,2016,310.342
pan,sex_t,geo_cov_urb,mts_aggregate_2,2017,325.311
pan,sex_t,geo_cov_urb,mts_aggregate_2,2018,311.743
pan,sex_t,geo_cov_urb,mts_aggregate_2,2019,316.098
pan,sex_t,geo_cov_urb,mts_aggregate_total,1997,427.666
pan,sex_t,geo_cov_urb,mts_aggregate_total,2003,505.579
pan,sex_t,geo_cov_urb,mts_aggregate_total,2008,564.102
pan,sex_t,geo_cov_urb,mts_aggregate_total,2010,599.487
pan,sex_t,geo_cov_urb,mts_aggregate_total,2011,669.102
pan,sex_t,geo_cov_urb,mts_aggregate_total,2012,672.046
pan,sex_t,geo_cov_urb,mts_aggregate_total,2013,682.974
pan,sex_t,geo_cov_urb,mts_aggregate_total,2014,697.827
pan,sex_t,geo_cov_urb,mts_aggregate_total,2015,721.355
pan,sex_t,geo_cov_urb,mts_aggregate_total,2016,740.239
pan,sex_t,geo_cov_urb,mts_aggregate_total,2017,768.835
pan,sex_t,geo_cov_urb,mts_aggregate_total,2018,771.142
pan,sex_t,geo_cov_urb,mts_aggregate_total,2019,775.152
pan,sex_t,geo_cov_urb,mts_aggregate_x,1997,13.461
pan,sex_t,geo_cov_urb,mts_aggregate_x,2003,18.03
pan,sex_t,geo_cov_urb,mts_aggregate_x,2008,2.667
pan,sex_t,geo_cov_urb,mts_aggregate_x,2010,1.672
pan,sex_t,geo_cov_urb,mts_aggregate_x,2011,2.778
pan,sex_t,geo_cov_urb,mts_details_mrd,1997,123.606
pan,sex_t,geo_cov_urb,mts_details_mrd,2003,122.32
pan,sex_t,geo_cov_urb,mts_details_mrd,2008,146.667
pan,sex_t,geo_cov_urb,mts_details_mrd,2010,164.103
pan,sex_t,geo_cov_urb,mts_details_mrd,2011,171.065
pan,sex_t,geo_cov_urb,mts_details_mrd,2012,182.994
pan,sex_t,geo_cov_urb,mts_details_mrd,2013,175.27
pan,sex_t,geo_cov_urb,mts_details_mrd,2014,177.157
pan,sex_t,geo_cov_urb,mts_details_mrd,2015,186.412
pan,sex_t,geo_cov_urb,mts_details_mrd,2016,181.93
pan,sex_t,geo_cov_urb,mts_details_mrd,2017,182.538
pan,sex_t,geo_cov_urb,mts_details_mrd,2018,177.551
pan,sex_t,geo_cov_urb,mts_details_mrd,2019,184.368
pan,sex_t,geo_cov_urb,mts_details_sep,1997,23.615
pan,sex_t,geo_cov_urb,mts_details_sep,2003,45.694
pan,sex_t,geo_cov_urb,mts_details_sep,2008,46.029
pan,sex_t,geo_cov_urb,mts_details_sep,2010,65.728
pan,sex_t,geo_cov_urb,mts_details_sep,2011,69.068
pan,sex_t,geo_cov_urb,mts_details_sep,2012,72.537
pan,sex_t,geo_cov_urb,mts_details_sep,2013,74.08
pan,sex_t,geo_cov_urb,mts_details_sep,2014,76
pan,sex_t,geo_cov_urb,mts_details_sep,2015,78.44
pan,sex_t,geo_cov_urb,mts_details_sep,2016,94.071
pan,sex_t,geo_cov_urb,mts_details_sep,2017,87.248
pan,sex_t,geo_cov_urb,mts_details_sep,2018,101.548
pan,sex_t,geo_cov_urb,mts_details_sep,2019,99.237
pan,sex_t,geo_cov_urb,mts_details_sgle,1997,165.544
pan,sex_t,geo_cov_urb,mts_details_sgle,2003,180.778
pan,sex_t,geo_cov_urb,mts_details_sgle,2008,203.869
pan,sex_t,geo_cov_urb,mts_details_sgle,2010,198.849
pan,sex_t,geo_cov_urb,mts_details_sgle,2011,217.481
pan,sex_t,geo_cov_urb,mts_details_sgle,2012,229.861
pan,sex_t,geo_cov_urb,mts_details_sgle,2013,243.615
pan,sex_t,geo_cov_urb,mts_details_sgle,2014,249.423
pan,sex_t,geo_cov_urb,mts_details_sgle,2015,258.743
pan,sex_t,geo_cov_urb,mts_details_sgle,2016,273.471
pan,sex_t,geo_cov_urb,mts_details_sgle,2017,284.477
pan,sex_t,geo_cov_urb,mts_details_sgle,2018,283.245
pan,sex_t,geo_cov_urb,mts_details_sgle,2019,286.016
pan,sex_t,geo_cov_urb,mts_details_total,1997,427.666
pan,sex_t,geo_cov_urb,mts_details_total,2003,505.579
pan,sex_t,geo_cov_urb,mts_details_total,2008,564.102
pan,sex_t,geo_cov_urb,mts_details_total,2010,599.487
pan,sex_t,geo_cov_urb,mts_details_total,2011,669.102
pan,sex_t,geo_cov_urb,mts_details_total,2012,672.046
pan,sex_t,geo_cov_urb,mts_details_total,2013,682.974
pan,sex_t,geo_cov_urb,mts_details_total,2014,697.827
pan,sex_t,geo_cov_urb,mts_details_total,2015,721.355
pan,sex_t,geo_cov_urb,mts_details_total,2016,740.239
pan,sex_t,geo_cov_urb,mts_details_total,2017,768.835
pan,sex_t,geo_cov_urb,mts_details_total,2018,771.142
pan,sex_t,geo_cov_urb,mts_details_total,2019,775.152
pan,sex_t,geo_cov_urb,mts_details_union,1997,67.612
pan,sex_t,geo_cov_urb,mts_details_union,2003,97.798
pan,sex_t,geo_cov_urb,mts_details_union,2008,116.748
pan,sex_t,geo_cov_urb,mts_details_union,2010,115.013
pan,sex_t,geo_cov_urb,mts_details_union,2011,149.717
pan,sex_t,geo_cov_urb,mts_details_union,2012,128.748
pan,sex_t,geo_cov_urb,mts_details_union,2013,133.317
pan,sex_t,geo_cov_urb,mts_details_union,2014,134.807
pan,sex_t,geo_cov_urb,mts_details_union,2015,137.465
pan,sex_t,geo_cov_urb,mts_details_union,2016,128.412
pan,sex_t,geo_cov_urb,mts_details_union,2017,142.773
pan,sex_t,geo_cov_urb,mts_details_union,2018,134.192
pan,sex_t,geo_cov_urb,mts_details_union,2019,131.73
pan,sex_t,geo_cov_urb,mts_details_wid,1997,33.828
pan,sex_t,geo_cov_urb,mts_details_wid,2003,40.959
pan,sex_t,geo_cov_urb,mts_details_wid,2008,48.123
pan,sex_t,geo_cov_urb,mts_details_wid,2010,54.122
pan,sex_t,geo_cov_urb,mts_details_wid,2011,58.993
pan,sex_t,geo_cov_urb,mts_details_wid,2012,57.906
pan,sex_t,geo_cov_urb,mts_details_wid,2013,56.692
pan,sex_t,geo_cov_urb,mts_details_wid,2014,60.44
pan,sex_t,geo_cov_urb,mts_details_wid,2015,60.295
pan,sex_t,geo_cov_urb,mts_details_wid,2016,62.355
pan,sex_t,geo_cov_urb,mts_details_wid,2017,71.799
pan,sex_t,geo_cov_urb,mts_details_wid,2018,74.606
pan,sex_t,geo_cov_urb,mts_details_wid,2019,73.801
pan,sex_t,geo_cov_urb,mts_details_x,1997,13.461
pan,sex_t,geo_cov_urb,mts_details_x,2003,18.03
pan,sex_t,geo_cov_urb,mts_details_x,2008,2.667
pan,sex_t,geo_cov_urb,mts_details_x,2010,1.672
pan,sex_t,geo_cov_urb,mts_details_x,2011,2.778
per,sex_f,geo_cov_nat,mts_aggregate_1,2002,1196.039
per,sex_f,geo_cov_nat,mts_aggregate_1,2003,1981.81
per,sex_f,geo_cov_nat,mts_aggregate_1,2004,1558.37
per,sex_f,geo_cov_nat,mts_aggregate_1,2005,1765.807
per,sex_f,geo_cov_nat,mts_aggregate_1,2006,1617.49
per,sex_f,geo_cov_nat,mts_aggregate_1,2007,1506.485
per,sex_f,geo_cov_nat,mts_aggregate_1,2008,1543.957
per,sex_f,geo_cov_nat,mts_aggregate_1,2009,1530.327
per,sex_f,geo_cov_nat,mts_aggregate_1,2010,1527.844
per,sex_f,geo_cov_nat,mts_aggregate_1,2011,1629.208
per,sex_f,geo_cov_nat,mts_aggregate_1,2012,1692.91
per,sex_f,geo_cov_nat,mts_aggregate_1,2013,1764.67
per,sex_f,geo_cov_nat,mts_aggregate_1,2014,1827.492
per,sex_f,geo_cov_nat,mts_aggregate_1,2015,1941.763
per,sex_f,geo_cov_nat,mts_aggregate_1,2016,2041.392
per,sex_f,geo_cov_nat,mts_aggregate_1,2017,1924.171
per,sex_f,geo_cov_nat,mts_aggregate_1,2018,1965.95
per,sex_f,geo_cov_nat,mts_aggregate_1,2019,1958.901
per,sex_f,geo_cov_nat,mts_aggregate_1,2020,2512.282
per,sex_f,geo_cov_nat,mts_aggregate_1,2021,2480.123
per,sex_f,geo_cov_nat,mts_aggregate_2,2002,1760.194
per,sex_f,geo_cov_nat,mts_aggregate_2,2003,2016.804
per,sex_f,geo_cov_nat,mts_aggregate_2,2004,1599.167
per,sex_f,geo_cov_nat,mts_aggregate_2,2005,1758.653
per,sex_f,geo_cov_nat,mts_aggregate_2,2006,1570.253
per,sex_f,geo_cov_nat,mts_aggregate_2,2007,1472.414
per,sex_f,geo_cov_nat,mts_aggregate_2,2008,1491.595
per,sex_f,geo_cov_nat,mts_aggregate_2,2009,1515.293
per,sex_f,geo_cov_nat,mts_aggregate_2,2010,1419.96
per,sex_f,geo_cov_nat,mts_aggregate_2,2011,1457.051
per,sex_f,geo_cov_nat,mts_aggregate_2,2012,1500.413
per,sex_f,geo_cov_nat,mts_aggregate_2,2013,1569.619
per,sex_f,geo_cov_nat,mts_aggregate_2,2014,1651.076
per,sex_f,geo_cov_nat,mts_aggregate_2,2015,1793.516
per,sex_f,geo_cov_nat,mts_aggregate_2,2016,1818.359
per,sex_f,geo_cov_nat,mts_aggregate_2,2017,1701.057
per,sex_f,geo_cov_nat,mts_aggregate_2,2018,1651.502
per,sex_f,geo_cov_nat,mts_aggregate_2,2019,1672.963
per,sex_f,geo_cov_nat,mts_aggregate_2,2020,2451.438
per,sex_f,geo_cov_nat,mts_aggregate_2,2021,2107.122
per,sex_f,geo_cov_nat,mts_aggregate_total,2002,2964.519
per,sex_f,geo_cov_nat,mts_aggregate_total,2003,4000.526
per,sex_f,geo_cov_nat,mts_aggregate_total,2004,3157.536
per,sex_f,geo_cov_nat,mts_aggregate_total,2005,3524.46
per,sex_f,geo_cov_nat,mts_aggregate_total,2006,3187.743
per,sex_f,geo_cov_nat,mts_aggregate_total,2007,2978.899
per,sex_f,geo_cov_nat,mts_aggregate_total,2008,3035.552
per,sex_f,geo_cov_nat,mts_aggregate_total,2009,3045.62
per,sex_f,geo_cov_nat,mts_aggregate_total,2010,2947.804
per,sex_f,geo_cov_nat,mts_aggregate_total,2011,3086.258
per,sex_f,geo_cov_nat,mts_aggregate_total,2012,3193.323
per,sex_f,geo_cov_nat,mts_aggregate_total,2013,3334.289
per,sex_f,geo_cov_nat,mts_aggregate_total,2014,3478.569
per,sex_f,geo_cov_nat,mts_aggregate_total,2015,3735.279
per,sex_f,geo_cov_nat,mts_aggregate_total,2016,3859.751
per,sex_f,geo_cov_nat,mts_aggregate_total,2017,3625.228
per,sex_f,geo_cov_nat,mts_aggregate_total,2018,3617.452
per,sex_f,geo_cov_nat,mts_aggregate_total,2019,3631.864
per,sex_f,geo_cov_nat,mts_aggregate_total,2020,4963.719
per,sex_f,geo_cov_nat,mts_aggregate_total,2021,4587.245
per,sex_f,geo_cov_nat,mts_aggregate_x,2002,8.286
per,sex_f,geo_cov_nat,mts_details_mrd,2002,1169.917
per,sex_f,geo_cov_nat,mts_details_mrd,2003,1410.151
per,sex_f,geo_cov_nat,mts_details_mrd,2004,992.659
per,sex_f,geo_cov_nat,mts_details_mrd,2005,1083.828
per,sex_f,geo_cov_nat,mts_details_mrd,2006,931.374
per,sex_f,geo_cov_nat,mts_details_mrd,2007,845.06
per,sex_f,geo_cov_nat,mts_details_mrd,2008,869.032
per,sex_f,geo_cov_nat,mts_details_mrd,2009,890.589
per,sex_f,geo_cov_nat,mts_details_mrd,2010,858.297
per,sex_f,geo_cov_nat,mts_details_mrd,2011,816.717
per,sex_f,geo_cov_nat,mts_details_mrd,2012,867.994
per,sex_f,geo_cov_nat,mts_details_mrd,2013,918.677
per,sex_f,geo_cov_nat,mts_details_mrd,2014,901.495
per,sex_f,geo_cov_nat,mts_details_mrd,2015,957.21
per,sex_f,geo_cov_nat,mts_details_mrd,2016,950.751
per,sex_f,geo_cov_nat,mts_details_mrd,2017,882.028
per,sex_f,geo_cov_nat,mts_details_mrd,2018,879.18
per,sex_f,geo_cov_nat,mts_details_mrd,2019,856.032
per,sex_f,geo_cov_nat,mts_details_mrd,2020,1203.219
per,sex_f,geo_cov_nat,mts_details_mrd,2021,1044.041
per,sex_f,geo_cov_nat,mts_details_sep,2002,203.785
per,sex_f,geo_cov_nat,mts_details_sep,2003,292.692
per,sex_f,geo_cov_nat,mts_details_sep,2004,203.641
per,sex_f,geo_cov_nat,mts_details_sep,2005,244.725
per,sex_f,geo_cov_nat,mts_details_sep,2006,213.975
per,sex_f,geo_cov_nat,mts_details_sep,2007,193.51
per,sex_f,geo_cov_nat,mts_details_sep,2008,220.434
per,sex_f,geo_cov_nat,mts_details_sep,2009,218.406
per,sex_f,geo_cov_nat,mts_details_sep,2010,219.378
per,sex_f,geo_cov_nat,mts_details_sep,2011,247.961
per,sex_f,geo_cov_nat,mts_details_sep,2012,243.829
per,sex_f,geo_cov_nat,mts_details_sep,2013,266.724
per,sex_f,geo_cov_nat,mts_details_sep,2014,281.697
per,sex_f,geo_cov_nat,mts_details_sep,2015,291.27
per,sex_f,geo_cov_nat,mts_details_sep,2016,356.071
per,sex_f,geo_cov_nat,mts_details_sep,2017,297.818
per,sex_f,geo_cov_nat,mts_details_sep,2018,314.619
per,sex_f,geo_cov_nat,mts_details_sep,2019,330.064
per,sex_f,geo_cov_nat,mts_details_sep,2020,517.963
per,sex_f,geo_cov_nat,mts_details_sep,2021,425.902
per,sex_f,geo_cov_nat,mts_details_sgle,2002,644.678
per,sex_f,geo_cov_nat,mts_details_sgle,2003,1304.717
per,sex_f,geo_cov_nat,mts_details_sgle,2004,1042.264
per,sex_f,geo_cov_nat,mts_details_sgle,2005,1181.169
per,sex_f,geo_cov_nat,mts_details_sgle,2006,1090.495
per,sex_f,geo_cov_nat,mts_details_sgle,2007,1004.834
per,sex_f,geo_cov_nat,mts_details_sgle,2008,1004.998
per,sex_f,geo_cov_nat,mts_details_sgle,2009,1000.586
per,sex_f,geo_cov_nat,mts_details_sgle,2010,1004.857
per,sex_f,geo_cov_nat,mts_details_sgle,2011,1056.152
per,sex_f,geo_cov_nat,mts_details_sgle,2012,1134.405
per,sex_f,geo_cov_nat,mts_details_sgle,2013,1154.487
per,sex_f,geo_cov_nat,mts_details_sgle,2014,1206.331
per,sex_f,geo_cov_nat,mts_details_sgle,2015,1296.627
per,sex_f,geo_cov_nat,mts_details_sgle,2016,1301.754
per,sex_f,geo_cov_nat,mts_details_sgle,2017,1250.61
per,sex_f,geo_cov_nat,mts_details_sgle,2018,1274.187
per,sex_f,geo_cov_nat,mts_details_sgle,2019,1253.582
per,sex_f,geo_cov_nat,mts_details_sgle,2020,1593.482
per,sex_f,geo_cov_nat,mts_details_sgle,2021,1597.28
per,sex_f,geo_cov_nat,mts_details_total,2002,2964.519
per,sex_f,geo_cov_nat,mts_details_total,2003,4000.526
per,sex_f,geo_cov_nat,mts_details_total,2004,3157.536
per,sex_f,geo_cov_nat,mts_details_total,2005,3524.46
per,sex_f,geo_cov_nat,mts_details_total,2006,3187.743
per,sex_f,geo_cov_nat,mts_details_total,2007,2978.899
per,sex_f,geo_cov_nat,mts_details_total,2008,3035.552
per,sex_f,geo_cov_nat,mts_details_total,2009,3045.62
per,sex_f,geo_cov_nat,mts_details_total,2010,2947.804
per,sex_f,geo_cov_nat,mts_details_total,2011,3086.258
per,sex_f,geo_cov_nat,mts_details_total,2012,3193.323
per,sex_f,geo_cov_nat,mts_details_total,2013,3334.289
per,sex_f,geo_cov_nat,mts_details_total,2014,3478.569
per,sex_f,geo_cov_nat,mts_details_total,2015,3735.279
per,sex_f,geo_cov_nat,mts_details_total,2016,3859.751
per,sex_f,geo_cov_nat,mts_details_total,2017,3625.228
per,sex_f,geo_cov_nat,mts_details_total,2018,3617.452
per,sex_f,geo_cov_nat,mts_details_total,2019,3631.864
per,sex_f,geo_cov_nat,mts_details_total,2020,4963.719
per,sex_f,geo_cov_nat,mts_details_total,2021,4587.245
per,sex_f,geo_cov_nat,mts_details_union,2002,590.277
per,sex_f,geo_cov_nat,mts_details_union,2003,606.653
per,sex_f,geo_cov_nat,mts_details_union,2004,606.508
per,sex_f,geo_cov_nat,mts_details_union,2005,674.825
per,sex_f,geo_cov_nat,mts_details_union,2006,638.879
per,sex_f,geo_cov_nat,mts_details_union,2007,627.354
per,sex_f,geo_cov_nat,mts_details_union,2008,622.563
per,sex_f,geo_cov_nat,mts_details_union,2009,624.704
per,sex_f,geo_cov_nat,mts_details_union,2010,561.663
per,sex_f,geo_cov_nat,mts_details_union,2011,640.334
per,sex_f,geo_cov_nat,mts_details_union,2012,632.419
per,sex_f,geo_cov_nat,mts_details_union,2013,650.942
per,sex_f,geo_cov_nat,mts_details_union,2014,749.581
per,sex_f,geo_cov_nat,mts_details_union,2015,836.306
per,sex_f,geo_cov_nat,mts_details_union,2016,867.609
per,sex_f,geo_cov_nat,mts_details_union,2017,819.029
per,sex_f,geo_cov_nat,mts_details_union,2018,772.322
per,sex_f,geo_cov_nat,mts_details_union,2019,816.931
per,sex_f,geo_cov_nat,mts_details_union,2020,1248.219
per,sex_f,geo_cov_nat,mts_details_union,2021,1063.081
per,sex_f,geo_cov_nat,mts_details_wid,2002,347.576
per,sex_f,geo_cov_nat,mts_details_wid,2003,384.401
per,sex_f,geo_cov_nat,mts_details_wid,2004,312.464
per,sex_f,geo_cov_nat,mts_details_wid,2005,339.913
per,sex_f,geo_cov_nat,mts_details_wid,2006,313.02
per,sex_f,geo_cov_nat,mts_details_wid,2007,308.141
per,sex_f,geo_cov_nat,mts_details_wid,2008,318.526
per,sex_f,geo_cov_nat,mts_details_wid,2009,311.335
per,sex_f,geo_cov_nat,mts_details_wid,2010,303.609
per,sex_f,geo_cov_nat,mts_details_wid,2011,325.094
per,sex_f,geo_cov_nat,mts_details_wid,2012,314.676
per,sex_f,geo_cov_nat,mts_details_wid,2013,343.459
per,sex_f,geo_cov_nat,mts_details_wid,2014,339.465
per,sex_f,geo_cov_nat,mts_details_wid,2015,353.867
per,sex_f,geo_cov_nat,mts_details_wid,2016,383.566
per,sex_f,geo_cov_nat,mts_details_wid,2017,375.743
per,sex_f,geo_cov_nat,mts_details_wid,2018,377.144
per,sex_f,geo_cov_nat,mts_details_wid,2019,375.256
per,sex_f,geo_cov_nat,mts_details_wid,2020,400.837
per,sex_f,geo_cov_nat,mts_details_wid,2021,456.941
per,sex_f,geo_cov_nat,mts_details_x,2002,8.286
per,sex_f,geo_cov_rur,mts_aggregate_1,2002,195.702
per,sex_f,geo_cov_rur,mts_aggregate_1,2003,227.011
per,sex_f,geo_cov_rur,mts_aggregate_1,2004,188.117
per,sex_f,geo_cov_rur,mts_aggregate_1,2005,199.257
per,sex_f,geo_cov_rur,mts_aggregate_1,2006,175.513
per,sex_f,geo_cov_rur,mts_aggregate_1,2007,187.515
per,sex_f,geo_cov_rur,mts_aggregate_1,2008,179.248
per,sex_f,geo_cov_rur,mts_aggregate_1,2009,164.834
per,sex_f,geo_cov_rur,mts_aggregate_1,2010,149.014
per,sex_f,geo_cov_rur,mts_aggregate_1,2011,168.696
per,sex_f,geo_cov_rur,mts_aggregate_1,2012,167.622
per,sex_f,geo_cov_rur,mts_aggregate_1,2013,189.543
per,sex_f,geo_cov_rur,mts_aggregate_1,2014,184.81
per,sex_f,geo_cov_rur,mts_aggregate_1,2015,196.933
per,sex_f,geo_cov_rur,mts_aggregate_1,2016,209.13
per,sex_f,geo_cov_rur,mts_aggregate_1,2017,180.91
per,sex_f,geo_cov_rur,mts_aggregate_1,2018,175.594
per,sex_f,geo_cov_rur,mts_aggregate_1,2019,173.472
per,sex_f,geo_cov_rur,mts_aggregate_1,2020,172.835
per,sex_f,geo_cov_rur,mts_aggregate_1,2021,196.593
per,sex_f,geo_cov_rur,mts_aggregate_2,2002,377.001
per,sex_f,geo_cov_rur,mts_aggregate_2,2003,307.58
per,sex_f,geo_cov_rur,mts_aggregate_2,2004,211.564
per,sex_f,geo_cov_rur,mts_aggregate_2,2005,217.701
per,sex_f,geo_cov_rur,mts_aggregate_2,2006,189.178
per,sex_f,geo_cov_rur,mts_aggregate_2,2007,167.991
per,sex_f,geo_cov_rur,mts_aggregate_2,2008,162.643
per,sex_f,geo_cov_rur,mts_aggregate_2,2009,143.553
per,sex_f,geo_cov_rur,mts_aggregate_2,2010,134.26
per,sex_f,geo_cov_rur,mts_aggregate_2,2011,123.077
per,sex_f,geo_cov_rur,mts_aggregate_2,2012,135.818
per,sex_f,geo_cov_rur,mts_aggregate_2,2013,135.831
per,sex_f,geo_cov_rur,mts_aggregate_2,2014,136.41
per,sex_f,geo_cov_rur,mts_aggregate_2,2015,158.235
per,sex_f,geo_cov_rur,mts_aggregate_2,2016,181.678
per,sex_f,geo_cov_rur,mts_aggregate_2,2017,139.36
per,sex_f,geo_cov_rur,mts_aggregate_2,2018,129.557
per,sex_f,geo_cov_rur,mts_aggregate_2,2019,123.267
per,sex_f,geo_cov_rur,mts_aggregate_2,2020,150.607
per,sex_f,geo_cov_rur,mts_aggregate_2,2021,169.681
per,sex_f,geo_cov_rur,mts_aggregate_total,2002,574.514
per,sex_f,geo_cov_rur,mts_aggregate_total,2003,534.591
per,sex_f,geo_cov_rur,mts_aggregate_total,2004,399.681
per,sex_f,geo_cov_rur,mts_aggregate_total,2005,416.957
per,sex_f,geo_cov_rur,mts_aggregate_total,2006,364.691
per,sex_f,geo_cov_rur,mts_aggregate_total,2007,355.506
per,sex_f,geo_cov_rur,mts_aggregate_total,2008,341.891
per,sex_f,geo_cov_rur,mts_aggregate_total,2009,308.387
per,sex_f,geo_cov_rur,mts_aggregate_total,2010,283.274
per,sex_f,geo_cov_rur,mts_aggregate_total,2011,291.774
per,sex_f,geo_cov_rur,mts_aggregate_total,2012,303.44
per,sex_f,geo_cov_rur,mts_aggregate_total,2013,325.374
per,sex_f,geo_cov_rur,mts_aggregate_total,2014,321.22
per,sex_f,geo_cov_rur,mts_aggregate_total,2015,355.167
per,sex_f,geo_cov_rur,mts_aggregate_total,2016,390.808
per,sex_f,geo_cov_rur,mts_aggregate_total,2017,320.27
per,sex_f,geo_cov_rur,mts_aggregate_total,2018,305.15
per,sex_f,geo_cov_rur,mts_aggregate_total,2019,296.738
per,sex_f,geo_cov_rur,mts_aggregate_total,2020,323.441
per,sex_f,geo_cov_rur,mts_aggregate_total,2021,366.274
per,sex_f,geo_cov_rur,mts_aggregate_x,2002,1.812
per,sex_f,geo_cov_rur,mts_details_mrd,2002,213.472
per,sex_f,geo_cov_rur,mts_details_mrd,2003,167.486
per,sex_f,geo_cov_rur,mts_details_mrd,2004,101.401
per,sex_f,geo_cov_rur,mts_details_mrd,2005,107.002
per,sex_f,geo_cov_rur,mts_details_mrd,2006,89.597
per,sex_f,geo_cov_rur,mts_details_mrd,2007,75.075
per,sex_f,geo_cov_rur,mts_details_mrd,2008,79.021
per,sex_f,geo_cov_rur,mts_details_mrd,2009,65.061
per,sex_f,geo_cov_rur,mts_details_mrd,2010,56.474
per,sex_f,geo_cov_rur,mts_details_mrd,2011,58.525
per,sex_f,geo_cov_rur,mts_details_mrd,2012,55.133
per,sex_f,geo_cov_rur,mts_details_mrd,2013,60.885
per,sex_f,geo_cov_rur,mts_details_mrd,2014,60.382
per,sex_f,geo_cov_rur,mts_details_mrd,2015,63.388
per,sex_f,geo_cov_rur,mts_details_mrd,2016,68.017
per,sex_f,geo_cov_rur,mts_details_mrd,2017,57.538
per,sex_f,geo_cov_rur,mts_details_mrd,2018,48.211
per,sex_f,geo_cov_rur,mts_details_mrd,2019,47.051
per,sex_f,geo_cov_rur,mts_details_mrd,2020,56.805
per,sex_f,geo_cov_rur,mts_details_mrd,2021,60.925
per,sex_f,geo_cov_rur,mts_details_sep,2002,24.087
per,sex_f,geo_cov_rur,mts_details_sep,2003,23.143
per,sex_f,geo_cov_rur,mts_details_sep,2004,15.957
per,sex_f,geo_cov_rur,mts_details_sep,2005,13.912
per,sex_f,geo_cov_rur,mts_details_sep,2006,13.564
per,sex_f,geo_cov_rur,mts_details_sep,2007,10.797
per,sex_f,geo_cov_rur,mts_details_sep,2008,14.56
per,sex_f,geo_cov_rur,mts_details_sep,2009,12.035
per,sex_f,geo_cov_rur,mts_details_sep,2010,13.535
per,sex_f,geo_cov_rur,mts_details_sep,2011,12.675
per,sex_f,geo_cov_rur,mts_details_sep,2012,13.157
per,sex_f,geo_cov_rur,mts_details_sep,2013,17.204
per,sex_f,geo_cov_rur,mts_details_sep,2014,15.665
per,sex_f,geo_cov_rur,mts_details_sep,2015,14.238
per,sex_f,geo_cov_rur,mts_details_sep,2016,21.229
per,sex_f,geo_cov_rur,mts_details_sep,2017,17.132
per,sex_f,geo_cov_rur,mts_details_sep,2018,15.384
per,sex_f,geo_cov_rur,mts_details_sep,2019,12.544
per,sex_f,geo_cov_rur,mts_details_sep,2020,20.446
per,sex_f,geo_cov_rur,mts_details_sep,2021,26.272
per,sex_f,geo_cov_rur,mts_details_sgle,2002,103.386
per,sex_f,geo_cov_rur,mts_details_sgle,2003,133.305
per,sex_f,geo_cov_rur,mts_details_sgle,2004,125.567
per,sex_f,geo_cov_rur,mts_details_sgle,2005,139.052
per,sex_f,geo_cov_rur,mts_details_sgle,2006,124.205
per,sex_f,geo_cov_rur,mts_details_sgle,2007,137.173
per,sex_f,geo_cov_rur,mts_details_sgle,2008,126.257
per,sex_f,geo_cov_rur,mts_details_sgle,2009,119.421
per,sex_f,geo_cov_rur,mts_details_sgle,2010,105.728
per,sex_f,geo_cov_rur,mts_details_sgle,2011,121.703
per,sex_f,geo_cov_rur,mts_details_sgle,2012,119.964
per,sex_f,geo_cov_rur,mts_details_sgle,2013,136.982
per,sex_f,geo_cov_rur,mts_details_sgle,2014,134.365
per,sex_f,geo_cov_rur,mts_details_sgle,2015,148.274
per,sex_f,geo_cov_rur,mts_details_sgle,2016,151.229
per,sex_f,geo_cov_rur,mts_details_sgle,2017,133.895
per,sex_f,geo_cov_rur,mts_details_sgle,2018,128.244
per,sex_f,geo_cov_rur,mts_details_sgle,2019,130.498
per,sex_f,geo_cov_rur,mts_details_sgle,2020,126.13
per,sex_f,geo_cov_rur,mts_details_sgle,2021,121.859
per,sex_f,geo_cov_rur,mts_details_total,2002,574.514
per,sex_f,geo_cov_rur,mts_details_total,2003,534.591
per,sex_f,geo_cov_rur,mts_details_total,2004,399.681
per,sex_f,geo_cov_rur,mts_details_total,2005,416.957
per,sex_f,geo_cov_rur,mts_details_total,2006,364.691
per,sex_f,geo_cov_rur,mts_details_total,2007,355.506
per,sex_f,geo_cov_rur,mts_details_total,2008,341.891
per,sex_f,geo_cov_rur,mts_details_total,2009,308.387
per,sex_f,geo_cov_rur,mts_details_total,2010,283.274
per,sex_f,geo_cov_rur,mts_details_total,2011,291.774
per,sex_f,geo_cov_rur,mts_details_total,2012,303.44
per,sex_f,geo_cov_rur,mts_details_total,2013,325.374
per,sex_f,geo_cov_rur,mts_details_total,2014,321.22
per,sex_f,geo_cov_rur,mts_details_total,2015,355.167
per,sex_f,geo_cov_rur,mts_details_total,2016,390.808
per,sex_f,geo_cov_rur,mts_details_total,2017,320.27
per,sex_f,geo_cov_rur,mts_details_total,2018,305.15
per,sex_f,geo_cov_rur,mts_details_total,2019,296.738
per,sex_f,geo_cov_rur,mts_details_total,2020,323.441
per,sex_f,geo_cov_rur,mts_details_total,2021,366.274
per,sex_f,geo_cov_rur,mts_details_union,2002,163.53
per,sex_f,geo_cov_rur,mts_details_union,2003,140.094
per,sex_f,geo_cov_rur,mts_details_union,2004,110.163
per,sex_f,geo_cov_rur,mts_details_union,2005,110.699
per,sex_f,geo_cov_rur,mts_details_union,2006,99.581
per,sex_f,geo_cov_rur,mts_details_union,2007,92.916
per,sex_f,geo_cov_rur,mts_details_union,2008,83.622
per,sex_f,geo_cov_rur,mts_details_union,2009,78.492
per,sex_f,geo_cov_rur,mts_details_union,2010,77.786
per,sex_f,geo_cov_rur,mts_details_union,2011,64.552
per,sex_f,geo_cov_rur,mts_details_union,2012,80.685
per,sex_f,geo_cov_rur,mts_details_union,2013,74.946
per,sex_f,geo_cov_rur,mts_details_union,2014,76.028
per,sex_f,geo_cov_rur,mts_details_union,2015,94.847
per,sex_f,geo_cov_rur,mts_details_union,2016,113.662
per,sex_f,geo_cov_rur,mts_details_union,2017,81.822
per,sex_f,geo_cov_rur,mts_details_union,2018,81.345
per,sex_f,geo_cov_rur,mts_details_union,2019,76.215
per,sex_f,geo_cov_rur,mts_details_union,2020,93.802
per,sex_f,geo_cov_rur,mts_details_union,2021,108.756
per,sex_f,geo_cov_rur,mts_details_wid,2002,68.228
per,sex_f,geo_cov_rur,mts_details_wid,2003,70.564
per,sex_f,geo_cov_rur,mts_details_wid,2004,46.594
per,sex_f,geo_cov_rur,mts_details_wid,2005,46.292
per,sex_f,geo_cov_rur,mts_details_wid,2006,37.744
per,sex_f,geo_cov_rur,mts_details_wid,2007,39.546
per,sex_f,geo_cov_rur,mts_details_wid,2008,38.432
per,sex_f,geo_cov_rur,mts_details_wid,2009,33.379
per,sex_f,geo_cov_rur,mts_details_wid,2010,29.751
per,sex_f,geo_cov_rur,mts_details_wid,2011,34.319
per,sex_f,geo_cov_rur,mts_details_wid,2012,34.501
per,sex_f,geo_cov_rur,mts_details_wid,2013,35.358
per,sex_f,geo_cov_rur,mts_details_wid,2014,34.779
per,sex_f,geo_cov_rur,mts_details_wid,2015,34.42
per,sex_f,geo_cov_rur,mts_details_wid,2016,36.673
per,sex_f,geo_cov_rur,mts_details_wid,2017,29.883
per,sex_f,geo_cov_rur,mts_details_wid,2018,31.966
per,sex_f,geo_cov_rur,mts_details_wid,2019,30.43
per,sex_f,geo_cov_rur,mts_details_wid,2020,26.259
per,sex_f,geo_cov_rur,mts_details_wid,2021,48.463
per,sex_f,geo_cov_rur,mts_details_x,2002,1.812
per,sex_f,geo_cov_urb,mts_aggregate_1,2002,1000.337
per,sex_f,geo_cov_urb,mts_aggregate_1,2003,1754.8
per,sex_f,geo_cov_urb,mts_aggregate_1,2004,1370.253
per,sex_f,geo_cov_urb,mts_aggregate_1,2005,1566.55
per,sex_f,geo_cov_urb,mts_aggregate_1,2006,1441.977
per,sex_f,geo_cov_urb,mts_aggregate_1,2007,1318.969
per,sex_f,geo_cov_urb,mts_aggregate_1,2008,1364.709
per,sex_f,geo_cov_urb,mts_aggregate_1,2009,1365.493
per,sex_f,geo_cov_urb,mts_aggregate_1,2010,1378.83
per,sex_f,geo_cov_urb,mts_aggregate_1,2011,1460.511
per,sex_f,geo_cov_urb,mts_aggregate_1,2012,1525.288
per,sex_f,geo_cov_urb,mts_aggregate_1,2013,1575.126
per,sex_f,geo_cov_urb,mts_aggregate_1,2014,1642.683
per,sex_f,geo_cov_urb,mts_aggregate_1,2015,1744.831
per,sex_f,geo_cov_urb,mts_aggregate_1,2016,1832.262
per,sex_f,geo_cov_urb,mts_aggregate_1,2017,1743.261
per,sex_f,geo_cov_urb,mts_aggregate_1,2018,1790.357
per,sex_f,geo_cov_urb,mts_aggregate_1,2019,1785.429
per,sex_f,geo_cov_urb,mts_aggregate_1,2020,2339.447
per,sex_f,geo_cov_urb,mts_aggregate_1,2021,2283.53
per,sex_f,geo_cov_urb,mts_aggregate_2,2002,1383.193
per,sex_f,geo_cov_urb,mts_aggregate_2,2003,1709.224
per,sex_f,geo_cov_urb,mts_aggregate_2,2004,1387.603
per,sex_f,geo_cov_urb,mts_aggregate_2,2005,1540.952
per,sex_f,geo_cov_urb,mts_aggregate_2,2006,1381.075
per,sex_f,geo_cov_urb,mts_aggregate_2,2007,1304.423
per,sex_f,geo_cov_urb,mts_aggregate_2,2008,1328.951
per,sex_f,geo_cov_urb,mts_aggregate_2,2009,1371.74
per,sex_f,geo_cov_urb,mts_aggregate_2,2010,1285.7
per,sex_f,geo_cov_urb,mts_aggregate_2,2011,1333.973
per,sex_f,geo_cov_urb,mts_aggregate_2,2012,1364.595
per,sex_f,geo_cov_urb,mts_aggregate_2,2013,1433.789
per,sex_f,geo_cov_urb,mts_aggregate_2,2014,1514.666
per,sex_f,geo_cov_urb,mts_aggregate_2,2015,1635.281
per,sex_f,geo_cov_urb,mts_aggregate_2,2016,1636.681
per,sex_f,geo_cov_urb,mts_aggregate_2,2017,1561.697
per,sex_f,geo_cov_urb,mts_aggregate_2,2018,1521.945
per,sex_f,geo_cov_urb,mts_aggregate_2,2019,1549.696
per,sex_f,geo_cov_urb,mts_aggregate_2,2020,2300.831
per,sex_f,geo_cov_urb,mts_aggregate_2,2021,1937.441
per,sex_f,geo_cov_urb,mts_aggregate_total,2002,2390.005
per,sex_f,geo_cov_urb,mts_aggregate_total,2003,3465.935
per,sex_f,geo_cov_urb,mts_aggregate_total,2004,2757.856
per,sex_f,geo_cov_urb,mts_aggregate_total,2005,3107.502
per,sex_f,geo_cov_urb,mts_aggregate_total,2006,2823.052
per,sex_f,geo_cov_urb,mts_aggregate_total,2007,2623.393
per,sex_f,geo_cov_urb,mts_aggregate_total,2008,2693.661
per,sex_f,geo_cov_urb,mts_aggregate_total,2009,2737.233
per,sex_f,geo_cov_urb,mts_aggregate_total,2010,2664.53
per,sex_f,geo_cov_urb,mts_aggregate_total,2011,2794.485
per,sex_f,geo_cov_urb,mts_aggregate_total,2012,2889.883
per,sex_f,geo_cov_urb,mts_aggregate_total,2013,3008.915
per,sex_f,geo_cov_urb,mts_aggregate_total,2014,3157.349
per,sex_f,geo_cov_urb,mts_aggregate_total,2015,3380.112
per,sex_f,geo_cov_urb,mts_aggregate_total,2016,3468.943
per,sex_f,geo_cov_urb,mts_aggregate_total,2017,3304.957
per,sex_f,geo_cov_urb,mts_aggregate_total,2018,3312.302
per,sex_f,geo_cov_urb,mts_aggregate_total,2019,3335.126
per,sex_f,geo_cov_urb,mts_aggregate_total,2020,4640.278
per,sex_f,geo_cov_urb,mts_aggregate_total,2021,4220.971
per,sex_f,geo_cov_urb,mts_aggregate_x,2002,6.475
per,sex_f,geo_cov_urb,mts_details_mrd,2002,956.445
per,sex_f,geo_cov_urb,mts_details_mrd,2003,1242.665
per,sex_f,geo_cov_urb,mts_details_mrd,2004,891.258
per,sex_f,geo_cov_urb,mts_details_mrd,2005,976.826
per,sex_f,geo_cov_urb,mts_details_mrd,2006,841.777
per,sex_f,geo_cov_urb,mts_details_mrd,2007,769.985
per,sex_f,geo_cov_urb,mts_details_mrd,2008,790.011
per,sex_f,geo_cov_urb,mts_details_mrd,2009,825.528
per,sex_f,geo_cov_urb,mts_details_mrd,2010,801.824
per,sex_f,geo_cov_urb,mts_details_mrd,2011,758.192
per,sex_f,geo_cov_urb,mts_details_mrd,2012,812.861
per,sex_f,geo_cov_urb,mts_details_mrd,2013,857.792
per,sex_f,geo_cov_urb,mts_details_mrd,2014,841.113
per,sex_f,geo_cov_urb,mts_details_mrd,2015,893.822
per,sex_f,geo_cov_urb,mts_details_mrd,2016,882.734
per,sex_f,geo_cov_urb,mts_details_mrd,2017,824.49
per,sex_f,geo_cov_urb,mts_details_mrd,2018,830.968
per,sex_f,geo_cov_urb,mts_details_mrd,2019,808.981
per,sex_f,geo_cov_urb,mts_details_mrd,2020,1146.414
per,sex_f,geo_cov_urb,mts_details_mrd,2021,983.116
per,sex_f,geo_cov_urb,mts_details_sep,2002,179.698
per,sex_f,geo_cov_urb,mts_details_sep,2003,269.549
per,sex_f,geo_cov_urb,mts_details_sep,2004,187.685
per,sex_f,geo_cov_urb,mts_details_sep,2005,230.813
per,sex_f,geo_cov_urb,mts_details_sep,2006,200.411
per,sex_f,geo_cov_urb,mts_details_sep,2007,182.713
per,sex_f,geo_cov_urb,mts_details_sep,2008,205.874
per,sex_f,geo_cov_urb,mts_details_sep,2009,206.372
per,sex_f,geo_cov_urb,mts_details_sep,2010,205.843
per,sex_f,geo_cov_urb,mts_details_sep,2011,235.287
per,sex_f,geo_cov_urb,mts_details_sep,2012,230.672
per,sex_f,geo_cov_urb,mts_details_sep,2013,249.52
per,sex_f,geo_cov_urb,mts_details_sep,2014,266.032
per,sex_f,geo_cov_urb,mts_details_sep,2015,277.032
per,sex_f,geo_cov_urb,mts_details_sep,2016,334.843
per,sex_f,geo_cov_urb,mts_details_sep,2017,280.687
per,sex_f,geo_cov_urb,mts_details_sep,2018,299.235
per,sex_f,geo_cov_urb,mts_details_sep,2019,317.52
per,sex_f,geo_cov_urb,mts_details_sep,2020,497.517
per,sex_f,geo_cov_urb,mts_details_sep,2021,399.63
per,sex_f,geo_cov_urb,mts_details_sgle,2002,541.291
per,sex_f,geo_cov_urb,mts_details_sgle,2003,1171.413
per,sex_f,geo_cov_urb,mts_details_sgle,2004,916.698
per,sex_f,geo_cov_urb,mts_details_sgle,2005,1042.117
per,sex_f,geo_cov_urb,mts_details_sgle,2006,966.29
per,sex_f,geo_cov_urb,mts_details_sgle,2007,867.661
per,sex_f,geo_cov_urb,mts_details_sgle,2008,878.741
per,sex_f,geo_cov_urb,mts_details_sgle,2009,881.165
per,sex_f,geo_cov_urb,mts_details_sgle,2010,899.129
per,sex_f,geo_cov_urb,mts_details_sgle,2011,934.45
per,sex_f,geo_cov_urb,mts_details_sgle,2012,1014.441
per,sex_f,geo_cov_urb,mts_details_sgle,2013,1017.505
per,sex_f,geo_cov_urb,mts_details_sgle,2014,1071.966
per,sex_f,geo_cov_urb,mts_details_sgle,2015,1148.352
per,sex_f,geo_cov_urb,mts_details_sgle,2016,1150.526
per,sex_f,geo_cov_urb,mts_details_sgle,2017,1116.715
per,sex_f,geo_cov_urb,mts_details_sgle,2018,1145.943
per,sex_f,geo_cov_urb,mts_details_sgle,2019,1123.084
per,sex_f,geo_cov_urb,mts_details_sgle,2020,1467.352
per,sex_f,geo_cov_urb,mts_details_sgle,2021,1475.421
per,sex_f,geo_cov_urb,mts_details_total,2002,2390.005
per,sex_f,geo_cov_urb,mts_details_total,2003,3465.935
per,sex_f,geo_cov_urb,mts_details_total,2004,2757.856
per,sex_f,geo_cov_urb,mts_details_total,2005,3107.502
per,sex_f,geo_cov_urb,mts_details_total,2006,2823.052
per,sex_f,geo_cov_urb,mts_details_total,2007,2623.393
per,sex_f,geo_cov_urb,mts_details_total,2008,2693.661
per,sex_f,geo_cov_urb,mts_details_total,2009,2737.233
per,sex_f,geo_cov_urb,mts_details_total,2010,2664.53
per,sex_f,geo_cov_urb,mts_details_total,2011,2794.485
per,sex_f,geo_cov_urb,mts_details_total,2012,2889.883
per,sex_f,geo_cov_urb,mts_details_total,2013,3008.915
per,sex_f,geo_cov_urb,mts_details_total,2014,3157.349
per,sex_f,geo_cov_urb,mts_details_total,2015,3380.112
per,sex_f,geo_cov_urb,mts_details_total,2016,3468.943
per,sex_f,geo_cov_urb,mts_details_total,2017,3304.957
per,sex_f,geo_cov_urb,mts_details_total,2018,3312.302
per,sex_f,geo_cov_urb,mts_details_total,2019,3335.126
per,sex_f,geo_cov_urb,mts_details_total,2020,4640.278
per,sex_f,geo_cov_urb,mts_details_total,2021,4220.971
per,sex_f,geo_cov_urb,mts_details_union,2002,426.748
per,sex_f,geo_cov_urb,mts_details_union,2003,466.559
per,sex_f,geo_cov_urb,mts_details_union,2004,496.345
per,sex_f,geo_cov_urb,mts_details_union,2005,564.126
per,sex_f,geo_cov_urb,mts_details_union,2006,539.298
per,sex_f,geo_cov_urb,mts_details_union,2007,534.439
per,sex_f,geo_cov_urb,mts_details_union,2008,538.941
per,sex_f,geo_cov_urb,mts_details_union,2009,546.212
per,sex_f,geo_cov_urb,mts_details_union,2010,483.877
per,sex_f,geo_cov_urb,mts_details_union,2011,575.782
per,sex_f,geo_cov_urb,mts_details_union,2012,551.734
per,sex_f,geo_cov_urb,mts_details_union,2013,575.997
per,sex_f,geo_cov_urb,mts_details_union,2014,673.553
per,sex_f,geo_cov_urb,mts_details_union,2015,741.459
per,sex_f,geo_cov_urb,mts_details_union,2016,753.947
per,sex_f,geo_cov_urb,mts_details_union,2017,737.207
per,sex_f,geo_cov_urb,mts_details_union,2018,690.977
per,sex_f,geo_cov_urb,mts_details_union,2019,740.715
per,sex_f,geo_cov_urb,mts_details_union,2020,1154.417
per,sex_f,geo_cov_urb,mts_details_union,2021,954.325
per,sex_f,geo_cov_urb,mts_details_wid,2002,279.348
per,sex_f,geo_cov_urb,mts_details_wid,2003,313.838
per,sex_f,geo_cov_urb,mts_details_wid,2004,265.87
per,sex_f,geo_cov_urb,mts_details_wid,2005,293.621
per,sex_f,geo_cov_urb,mts_details_wid,2006,275.276
per,sex_f,geo_cov_urb,mts_details_wid,2007,268.595
per,sex_f,geo_cov_urb,mts_details_wid,2008,280.094
per,sex_f,geo_cov_urb,mts_details_wid,2009,277.956
per,sex_f,geo_cov_urb,mts_details_wid,2010,273.858
per,sex_f,geo_cov_urb,mts_details_wid,2011,290.775
per,sex_f,geo_cov_urb,mts_details_wid,2012,280.175
per,sex_f,geo_cov_urb,mts_details_wid,2013,308.102
per,sex_f,geo_cov_urb,mts_details_wid,2014,304.685
per,sex_f,geo_cov_urb,mts_details_wid,2015,319.447
per,sex_f,geo_cov_urb,mts_details_wid,2016,346.893
per,sex_f,geo_cov_urb,mts_details_wid,2017,345.859
per,sex_f,geo_cov_urb,mts_details_wid,2018,345.179
per,sex_f,geo_cov_urb,mts_details_wid,2019,344.826
per,sex_f,geo_cov_urb,mts_details_wid,2020,374.579
per,sex_f,geo_cov_urb,mts_details_wid,2021,408.478
per,sex_f,geo_cov_urb,mts_details_x,2002,6.475
per,sex_m,geo_cov_nat,mts_aggregate_1,2002,661.985
per,sex_m,geo_cov_nat,mts_aggregate_1,2003,1324.522
per,sex_m,geo_cov_nat,mts_aggregate_1,2004,1062.714
per,sex_m,geo_cov_nat,mts_aggregate_1,2005,1292.26
per,sex_m,geo_cov_nat,mts_aggregate_1,2006,1078.987
per,sex_m,geo_cov_nat,mts_aggregate_1,2007,963.835
per,sex_m,geo_cov_nat,mts_aggregate_1,2008,1037.468
per,sex_m,geo_cov_nat,mts_aggregate_1,2009,1011.642
per,sex_m,geo_cov_nat,mts_aggregate_1,2010,1032.877
per,sex_m,geo_cov_nat,mts_aggregate_1,2011,1091.299
per,sex_m,geo_cov_nat,mts_aggregate_1,2012,1139.99
per,sex_m,geo_cov_nat,mts_aggregate_1,2013,1222.75
per,sex_m,geo_cov_nat,mts_aggregate_1,2014,1289.753
per,sex_m,geo_cov_nat,mts_aggregate_1,2015,1405.818
per,sex_m,geo_cov_nat,mts_aggregate_1,2016,1490.182
per,sex_m,geo_cov_nat,mts_aggregate_1,2017,1377.276
per,sex_m,geo_cov_nat,mts_aggregate_1,2018,1384.416
per,sex_m,geo_cov_nat,mts_aggregate_1,2019,1389.402
per,sex_m,geo_cov_nat,mts_aggregate_1,2020,1792.008
per,sex_m,geo_cov_nat,mts_aggregate_1,2021,1880.134
per,sex_m,geo_cov_nat,mts_aggregate_2,2002,390.007
per,sex_m,geo_cov_nat,mts_aggregate_2,2003,722.758
per,sex_m,geo_cov_nat,mts_aggregate_2,2004,405.219
per,sex_m,geo_cov_nat,mts_aggregate_2,2005,495.687
per,sex_m,geo_cov_nat,mts_aggregate_2,2006,413.187
per,sex_m,geo_cov_nat,mts_aggregate_2,2007,379.745
per,sex_m,geo_cov_nat,mts_aggregate_2,2008,369.084
per,sex_m,geo_cov_nat,mts_aggregate_2,2009,375.643
per,sex_m,geo_cov_nat,mts_aggregate_2,2010,383.763
per,sex_m,geo_cov_nat,mts_aggregate_2,2011,387.711
per,sex_m,geo_cov_nat,mts_aggregate_2,2012,393.024
per,sex_m,geo_cov_nat,mts_aggregate_2,2013,391.066
per,sex_m,geo_cov_nat,mts_aggregate_2,2014,424.905
per,sex_m,geo_cov_nat,mts_aggregate_2,2015,414.735
per,sex_m,geo_cov_nat,mts_aggregate_2,2016,522.591
per,sex_m,geo_cov_nat,mts_aggregate_2,2017,420.136
per,sex_m,geo_cov_nat,mts_aggregate_2,2018,449.32
per,sex_m,geo_cov_nat,mts_aggregate_2,2019,445.071
per,sex_m,geo_cov_nat,mts_aggregate_2,2020,888.49
per,sex_m,geo_cov_nat,mts_aggregate_2,2021,834.882
per,sex_m,geo_cov_nat,mts_aggregate_total,2002,1052.768
per,sex_m,geo_cov_nat,mts_aggregate_total,2003,2048.349
per,sex_m,geo_cov_nat,mts_aggregate_total,2004,1468.522
per,sex_m,geo_cov_nat,mts_aggregate_total,2005,1787.948
per,sex_m,geo_cov_nat,mts_aggregate_total,2006,1492.174
per,sex_m,geo_cov_nat,mts_aggregate_total,2007,1343.579
per,sex_m,geo_cov_nat,mts_aggregate_total,2008,1406.551
per,sex_m,geo_cov_nat,mts_aggregate_total,2009,1387.285
per,sex_m,geo_cov_nat,mts_aggregate_total,2010,1416.64
per,sex_m,geo_cov_nat,mts_aggregate_total,2011,1479.01
per,sex_m,geo_cov_nat,mts_aggregate_total,2012,1533.014
per,sex_m,geo_cov_nat,mts_aggregate_total,2013,1613.816
per,sex_m,geo_cov_nat,mts_aggregate_total,2014,1714.658
per,sex_m,geo_cov_nat,mts_aggregate_total,2015,1820.553
per,sex_m,geo_cov_nat,mts_aggregate_total,2016,2012.773
per,sex_m,geo_cov_nat,mts_aggregate_total,2017,1797.412
per,sex_m,geo_cov_nat,mts_aggregate_total,2018,1833.736
per,sex_m,geo_cov_nat,mts_aggregate_total,2019,1834.473
per,sex_m,geo_cov_nat,mts_aggregate_total,2020,2680.498
per,sex_m,geo_cov_nat,mts_aggregate_total,2021,2715.016
per,sex_m,geo_cov_nat,mts_aggregate_x,2002,0.775
per,sex_m,geo_cov_nat,mts_details_mrd,2002,337.15
per,sex_m,geo_cov_nat,mts_details_mrd,2003,610.352
per,sex_m,geo_cov_nat,mts_details_mrd,2004,321.335
per,sex_m,geo_cov_nat,mts_details_mrd,2005,390.716
per,sex_m,geo_cov_nat,mts_details_mrd,2006,328.263
per,sex_m,geo_cov_nat,mts_details_mrd,2007,299.319
per,sex_m,geo_cov_nat,mts_details_mrd,2008,290.662
per,sex_m,geo_cov_nat,mts_details_mrd,2009,304.791
per,sex_m,geo_cov_nat,mts_details_mrd,2010,297.713
per,sex_m,geo_cov_nat,mts_details_mrd,2011,311.207
per,sex_m,geo_cov_nat,mts_details_mrd,2012,311.073
per,sex_m,geo_cov_nat,mts_details_mrd,2013,323.497
per,sex_m,geo_cov_nat,mts_details_mrd,2014,333.469
per,sex_m,geo_cov_nat,mts_details_mrd,2015,320.764
per,sex_m,geo_cov_nat,mts_details_mrd,2016,366.887
per,sex_m,geo_cov_nat,mts_details_mrd,2017,320.091
per,sex_m,geo_cov_nat,mts_details_mrd,2018,340.741
per,sex_m,geo_cov_nat,mts_details_mrd,2019,339.009
per,sex_m,geo_cov_nat,mts_details_mrd,2020,545.138
per,sex_m,geo_cov_nat,mts_details_mrd,2021,530.426
per,sex_m,geo_cov_nat,mts_details_sep,2002,35.089
per,sex_m,geo_cov_nat,mts_details_sep,2003,58.442
per,sex_m,geo_cov_nat,mts_details_sep,2004,36.402
per,sex_m,geo_cov_nat,mts_details_sep,2005,59.76
per,sex_m,geo_cov_nat,mts_details_sep,2006,36.212
per,sex_m,geo_cov_nat,mts_details_sep,2007,37.28
per,sex_m,geo_cov_nat,mts_details_sep,2008,47.208
per,sex_m,geo_cov_nat,mts_details_sep,2009,46.72
per,sex_m,geo_cov_nat,mts_details_sep,2010,49.6
per,sex_m,geo_cov_nat,mts_details_sep,2011,48.253
per,sex_m,geo_cov_nat,mts_details_sep,2012,58.344
per,sex_m,geo_cov_nat,mts_details_sep,2013,51.988
per,sex_m,geo_cov_nat,mts_details_sep,2014,58.905
per,sex_m,geo_cov_nat,mts_details_sep,2015,61.765
per,sex_m,geo_cov_nat,mts_details_sep,2016,80.318
per,sex_m,geo_cov_nat,mts_details_sep,2017,66.514
per,sex_m,geo_cov_nat,mts_details_sep,2018,66.276
per,sex_m,geo_cov_nat,mts_details_sep,2019,64.202
per,sex_m,geo_cov_nat,mts_details_sep,2020,169.402
per,sex_m,geo_cov_nat,mts_details_sep,2021,139.595
per,sex_m,geo_cov_nat,mts_details_sgle,2002,529.338
per,sex_m,geo_cov_nat,mts_details_sgle,2003,1154.984
per,sex_m,geo_cov_nat,mts_details_sgle,2004,950.664
per,sex_m,geo_cov_nat,mts_details_sgle,2005,1150.064
per,sex_m,geo_cov_nat,mts_details_sgle,2006,964.865
per,sex_m,geo_cov_nat,mts_details_sgle,2007,855.383
per,sex_m,geo_cov_nat,mts_details_sgle,2008,916.087
per,sex_m,geo_cov_nat,mts_details_sgle,2009,902.038
per,sex_m,geo_cov_nat,mts_details_sgle,2010,912.199
per,sex_m,geo_cov_nat,mts_details_sgle,2011,964.989
per,sex_m,geo_cov_nat,mts_details_sgle,2012,995.71
per,sex_m,geo_cov_nat,mts_details_sgle,2013,1074.968
per,sex_m,geo_cov_nat,mts_details_sgle,2014,1141.376
per,sex_m,geo_cov_nat,mts_details_sgle,2015,1255.633
per,sex_m,geo_cov_nat,mts_details_sgle,2016,1311.596
per,sex_m,geo_cov_nat,mts_details_sgle,2017,1201.869
per,sex_m,geo_cov_nat,mts_details_sgle,2018,1222.631
per,sex_m,geo_cov_nat,mts_details_sgle,2019,1221.459
per,sex_m,geo_cov_nat,mts_details_sgle,2020,1506.581
per,sex_m,geo_cov_nat,mts_details_sgle,2021,1613.438
per,sex_m,geo_cov_nat,mts_details_total,2002,1052.768
per,sex_m,geo_cov_nat,mts_details_total,2003,2048.349
per,sex_m,geo_cov_nat,mts_details_total,2004,1468.522
per,sex_m,geo_cov_nat,mts_details_total,2005,1787.948
per,sex_m,geo_cov_nat,mts_details_total,2006,1492.174
per,sex_m,geo_cov_nat,mts_details_total,2007,1343.579
per,sex_m,geo_cov_nat,mts_details_total,2008,1406.551
per,sex_m,geo_cov_nat,mts_details_total,2009,1387.285
per,sex_m,geo_cov_nat,mts_details_total,2010,1416.64
per,sex_m,geo_cov_nat,mts_details_total,2011,1479.01
per,sex_m,geo_cov_nat,mts_details_total,2012,1533.014
per,sex_m,geo_cov_nat,mts_details_total,2013,1613.816
per,sex_m,geo_cov_nat,mts_details_total,2014,1714.658
per,sex_m,geo_cov_nat,mts_details_total,2015,1820.553
per,sex_m,geo_cov_nat,mts_details_total,2016,2012.773
per,sex_m,geo_cov_nat,mts_details_total,2017,1797.412
per,sex_m,geo_cov_nat,mts_details_total,2018,1833.736
per,sex_m,geo_cov_nat,mts_details_total,2019,1834.473
per,sex_m,geo_cov_nat,mts_details_total,2020,2680.498
per,sex_m,geo_cov_nat,mts_details_total,2021,2715.016
per,sex_m,geo_cov_nat,mts_details_union,2002,52.857
per,sex_m,geo_cov_nat,mts_details_union,2003,112.406
per,sex_m,geo_cov_nat,mts_details_union,2004,83.884
per,sex_m,geo_cov_nat,mts_details_union,2005,104.972
per,sex_m,geo_cov_nat,mts_details_union,2006,84.924
per,sex_m,geo_cov_nat,mts_details_union,2007,80.425
per,sex_m,geo_cov_nat,mts_details_union,2008,78.422
per,sex_m,geo_cov_nat,mts_details_union,2009,70.853
per,sex_m,geo_cov_nat,mts_details_union,2010,86.05
per,sex_m,geo_cov_nat,mts_details_union,2011,76.504
per,sex_m,geo_cov_nat,mts_details_union,2012,81.951
per,sex_m,geo_cov_nat,mts_details_union,2013,67.57
per,sex_m,geo_cov_nat,mts_details_union,2014,91.437
per,sex_m,geo_cov_nat,mts_details_union,2015,93.972
per,sex_m,geo_cov_nat,mts_details_union,2016,155.704
per,sex_m,geo_cov_nat,mts_details_union,2017,100.045
per,sex_m,geo_cov_nat,mts_details_union,2018,108.579
per,sex_m,geo_cov_nat,mts_details_union,2019,106.062
per,sex_m,geo_cov_nat,mts_details_union,2020,343.352
per,sex_m,geo_cov_nat,mts_details_union,2021,304.456
per,sex_m,geo_cov_nat,mts_details_wid,2002,97.558
per,sex_m,geo_cov_nat,mts_details_wid,2003,111.096
per,sex_m,geo_cov_nat,mts_details_wid,2004,75.648
per,sex_m,geo_cov_nat,mts_details_wid,2005,82.436
per,sex_m,geo_cov_nat,mts_details_wid,2006,77.91
per,sex_m,geo_cov_nat,mts_details_wid,2007,71.172
per,sex_m,geo_cov_nat,mts_details_wid,2008,74.173
per,sex_m,geo_cov_nat,mts_details_wid,2009,62.884
per,sex_m,geo_cov_nat,mts_details_wid,2010,71.078
per,sex_m,geo_cov_nat,mts_details_wid,2011,78.057
per,sex_m,geo_cov_nat,mts_details_wid,2012,85.936
per,sex_m,geo_cov_nat,mts_details_wid,2013,95.793
per,sex_m,geo_cov_nat,mts_details_wid,2014,89.471
per,sex_m,geo_cov_nat,mts_details_wid,2015,88.42
per,sex_m,geo_cov_nat,mts_details_wid,2016,98.268
per,sex_m,geo_cov_nat,mts_details_wid,2017,108.893
per,sex_m,geo_cov_nat,mts_details_wid,2018,95.509
per,sex_m,geo_cov_nat,mts_details_wid,2019,103.741
per,sex_m,geo_cov_nat,mts_details_wid,2020,116.026
per,sex_m,geo_cov_nat,mts_details_wid,2021,127.101
per,sex_m,geo_cov_nat,mts_details_x,2002,0.775
per,sex_m,geo_cov_rur,mts_aggregate_1,2002,97.611
per,sex_m,geo_cov_rur,mts_aggregate_1,2003,139.047
per,sex_m,geo_cov_rur,mts_aggregate_1,2004,132.441
per,sex_m,geo_cov_rur,mts_aggregate_1,2005,151.626
per,sex_m,geo_cov_rur,mts_aggregate_1,2006,133.388
per,sex_m,geo_cov_rur,mts_aggregate_1,2007,124.078
per,sex_m,geo_cov_rur,mts_aggregate_1,2008,132.507
per,sex_m,geo_cov_rur,mts_aggregate_1,2009,123.381
per,sex_m,geo_cov_rur,mts_aggregate_1,2010,128.456
per,sex_m,geo_cov_rur,mts_aggregate_1,2011,131.651
per,sex_m,geo_cov_rur,mts_aggregate_1,2012,138.775
per,sex_m,geo_cov_rur,mts_aggregate_1,2013,147.778
per,sex_m,geo_cov_rur,mts_aggregate_1,2014,138.747
per,sex_m,geo_cov_rur,mts_aggregate_1,2015,169.379
per,sex_m,geo_cov_rur,mts_aggregate_1,2016,193.637
per,sex_m,geo_cov_rur,mts_aggregate_1,2017,159.456
per,sex_m,geo_cov_rur,mts_aggregate_1,2018,155.635
per,sex_m,geo_cov_rur,mts_aggregate_1,2019,143.747
per,sex_m,geo_cov_rur,mts_aggregate_1,2020,144.321
per,sex_m,geo_cov_rur,mts_aggregate_1,2021,148.883
per,sex_m,geo_cov_rur,mts_aggregate_2,2002,40.848
per,sex_m,geo_cov_rur,mts_aggregate_2,2003,52.401
per,sex_m,geo_cov_rur,mts_aggregate_2,2004,33.523
per,sex_m,geo_cov_rur,mts_aggregate_2,2005,33.334
per,sex_m,geo_cov_rur,mts_aggregate_2,2006,30.429
per,sex_m,geo_cov_rur,mts_aggregate_2,2007,28.991
per,sex_m,geo_cov_rur,mts_aggregate_2,2008,30.737
per,sex_m,geo_cov_rur,mts_aggregate_2,2009,25.004
per,sex_m,geo_cov_rur,mts_aggregate_2,2010,25.995
per,sex_m,geo_cov_rur,mts_aggregate_2,2011,26.36
per,sex_m,geo_cov_rur,mts_aggregate_2,2012,31.882
per,sex_m,geo_cov_rur,mts_aggregate_2,2013,28.535
per,sex_m,geo_cov_rur,mts_aggregate_2,2014,27.753
per,sex_m,geo_cov_rur,mts_aggregate_2,2015,29.517
per,sex_m,geo_cov_rur,mts_aggregate_2,2016,62.781
per,sex_m,geo_cov_rur,mts_aggregate_2,2017,33.994
per,sex_m,geo_cov_rur,mts_aggregate_2,2018,35.063
per,sex_m,geo_cov_rur,mts_aggregate_2,2019,29.473
per,sex_m,geo_cov_rur,mts_aggregate_2,2020,51.029
per,sex_m,geo_cov_rur,mts_aggregate_2,2021,80.927
per,sex_m,geo_cov_rur,mts_aggregate_total,2002,139.169
per,sex_m,geo_cov_rur,mts_aggregate_total,2003,191.448
per,sex_m,geo_cov_rur,mts_aggregate_total,2004,165.963
per,sex_m,geo_cov_rur,mts_aggregate_total,2005,184.96
per,sex_m,geo_cov_rur,mts_aggregate_total,2006,163.817
per,sex_m,geo_cov_rur,mts_aggregate_total,2007,153.069
per,sex_m,geo_cov_rur,mts_aggregate_total,2008,163.245
per,sex_m,geo_cov_rur,mts_aggregate_total,2009,148.385
per,sex_m,geo_cov_rur,mts_aggregate_total,2010,154.451
per,sex_m,geo_cov_rur,mts_aggregate_total,2011,158.011
per,sex_m,geo_cov_rur,mts_aggregate_total,2012,170.657
per,sex_m,geo_cov_rur,mts_aggregate_total,2013,176.312
per,sex_m,geo_cov_rur,mts_aggregate_total,2014,166.5
per,sex_m,geo_cov_rur,mts_aggregate_total,2015,198.896
per,sex_m,geo_cov_rur,mts_aggregate_total,2016,256.418
per,sex_m,geo_cov_rur,mts_aggregate_total,2017,193.45
per,sex_m,geo_cov_rur,mts_aggregate_total,2018,190.698
per,sex_m,geo_cov_rur,mts_aggregate_total,2019,173.22
per,sex_m,geo_cov_rur,mts_aggregate_total,2020,195.35
per,sex_m,geo_cov_rur,mts_aggregate_total,2021,229.809
per,sex_m,geo_cov_rur,mts_aggregate_x,2002,0.71
per,sex_m,geo_cov_rur,mts_details_mrd,2002,31.363
per,sex_m,geo_cov_rur,mts_details_mrd,2003,41.476
per,sex_m,geo_cov_rur,mts_details_mrd,2004,21.889
per,sex_m,geo_cov_rur,mts_details_mrd,2005,22.092
per,sex_m,geo_cov_rur,mts_details_mrd,2006,18.684
per,sex_m,geo_cov_rur,mts_details_mrd,2007,20.04
per,sex_m,geo_cov_rur,mts_details_mrd,2008,19.15
per,sex_m,geo_cov_rur,mts_details_mrd,2009,16.403
per,sex_m,geo_cov_rur,mts_details_mrd,2010,15.082
per,sex_m,geo_cov_rur,mts_details_mrd,2011,17.363
per,sex_m,geo_cov_rur,mts_details_mrd,2012,19.41
per,sex_m,geo_cov_rur,mts_details_mrd,2013,17.961
per,sex_m,geo_cov_rur,mts_details_mrd,2014,18.054
per,sex_m,geo_cov_rur,mts_details_mrd,2015,18.545
per,sex_m,geo_cov_rur,mts_details_mrd,2016,26.701
per,sex_m,geo_cov_rur,mts_details_mrd,2017,20.707
per,sex_m,geo_cov_rur,mts_details_mrd,2018,20.959
per,sex_m,geo_cov_rur,mts_details_mrd,2019,17.785
per,sex_m,geo_cov_rur,mts_details_mrd,2020,25.36
per,sex_m,geo_cov_rur,mts_details_mrd,2021,32.498
per,sex_m,geo_cov_rur,mts_details_sep,2002,5.177
per,sex_m,geo_cov_rur,mts_details_sep,2003,4.133
per,sex_m,geo_cov_rur,mts_details_sep,2004,2.971
per,sex_m,geo_cov_rur,mts_details_sep,2005,2.995
per,sex_m,geo_cov_rur,mts_details_sep,2006,3.082
per,sex_m,geo_cov_rur,mts_details_sep,2007,2.442
per,sex_m,geo_cov_rur,mts_details_sep,2008,4.143
per,sex_m,geo_cov_rur,mts_details_sep,2009,3.54
per,sex_m,geo_cov_rur,mts_details_sep,2010,1.404
per,sex_m,geo_cov_rur,mts_details_sep,2011,2.977
per,sex_m,geo_cov_rur,mts_details_sep,2012,5.044
per,sex_m,geo_cov_rur,mts_details_sep,2013,3.139
per,sex_m,geo_cov_rur,mts_details_sep,2014,4.626
per,sex_m,geo_cov_rur,mts_details_sep,2015,4.639
per,sex_m,geo_cov_rur,mts_details_sep,2016,6.771
per,sex_m,geo_cov_rur,mts_details_sep,2017,3.667
per,sex_m,geo_cov_rur,mts_details_sep,2018,4.319
per,sex_m,geo_cov_rur,mts_details_sep,2019,5.611
per,sex_m,geo_cov_rur,mts_details_sep,2020,7.133
per,sex_m,geo_cov_rur,mts_details_sep,2021,10.447
per,sex_m,geo_cov_rur,mts_details_sgle,2002,73.483
per,sex_m,geo_cov_rur,mts_details_sgle,2003,111.148
per,sex_m,geo_cov_rur,mts_details_sgle,2004,117.314
per,sex_m,geo_cov_rur,mts_details_sgle,2005,135.772
per,sex_m,geo_cov_rur,mts_details_sgle,2006,117.477
per,sex_m,geo_cov_rur,mts_details_sgle,2007,111.852
per,sex_m,geo_cov_rur,mts_details_sgle,2008,120.102
per,sex_m,geo_cov_rur,mts_details_sgle,2009,112.064
per,sex_m,geo_cov_rur,mts_details_sgle,2010,118.692
per,sex_m,geo_cov_rur,mts_details_sgle,2011,118.757
per,sex_m,geo_cov_rur,mts_details_sgle,2012,123.703
per,sex_m,geo_cov_rur,mts_details_sgle,2013,133.482
per,sex_m,geo_cov_rur,mts_details_sgle,2014,124.075
per,sex_m,geo_cov_rur,mts_details_sgle,2015,154.119
per,sex_m,geo_cov_rur,mts_details_sgle,2016,172.255
per,sex_m,geo_cov_rur,mts_details_sgle,2017,143.521
per,sex_m,geo_cov_rur,mts_details_sgle,2018,138.166
per,sex_m,geo_cov_rur,mts_details_sgle,2019,126.901
per,sex_m,geo_cov_rur,mts_details_sgle,2020,127.781
per,sex_m,geo_cov_rur,mts_details_sgle,2021,122.124
per,sex_m,geo_cov_rur,mts_details_total,2002,139.169
per,sex_m,geo_cov_rur,mts_details_total,2003,191.448
per,sex_m,geo_cov_rur,mts_details_total,2004,165.963
per,sex_m,geo_cov_rur,mts_details_total,2005,184.96
per,sex_m,geo_cov_rur,mts_details_total,2006,163.817
per,sex_m,geo_cov_rur,mts_details_total,2007,153.069
per,sex_m,geo_cov_rur,mts_details_total,2008,163.245
per,sex_m,geo_cov_rur,mts_details_total,2009,148.385
per,sex_m,geo_cov_rur,mts_details_total,2010,154.451
per,sex_m,geo_cov_rur,mts_details_total,2011,158.011
per,sex_m,geo_cov_rur,mts_details_total,2012,170.657
per,sex_m,geo_cov_rur,mts_details_total,2013,176.312
per,sex_m,geo_cov_rur,mts_details_total,2014,166.5
per,sex_m,geo_cov_rur,mts_details_total,2015,198.896
per,sex_m,geo_cov_rur,mts_details_total,2016,256.418
per,sex_m,geo_cov_rur,mts_details_total,2017,193.45
per,sex_m,geo_cov_rur,mts_details_total,2018,190.698
per,sex_m,geo_cov_rur,mts_details_total,2019,173.22
per,sex_m,geo_cov_rur,mts_details_total,2020,195.35
per,sex_m,geo_cov_rur,mts_details_total,2021,229.809
per,sex_m,geo_cov_rur,mts_details_union,2002,9.485
per,sex_m,geo_cov_rur,mts_details_union,2003,10.925
per,sex_m,geo_cov_rur,mts_details_union,2004,11.634
per,sex_m,geo_cov_rur,mts_details_union,2005,11.241
per,sex_m,geo_cov_rur,mts_details_union,2006,11.745
per,sex_m,geo_cov_rur,mts_details_union,2007,8.951
per,sex_m,geo_cov_rur,mts_details_union,2008,11.588
per,sex_m,geo_cov_rur,mts_details_union,2009,8.6
per,sex_m,geo_cov_rur,mts_details_union,2010,10.913
per,sex_m,geo_cov_rur,mts_details_union,2011,8.997
per,sex_m,geo_cov_rur,mts_details_union,2012,12.473
per,sex_m,geo_cov_rur,mts_details_union,2013,10.574
per,sex_m,geo_cov_rur,mts_details_union,2014,9.698
per,sex_m,geo_cov_rur,mts_details_union,2015,10.972
per,sex_m,geo_cov_rur,mts_details_union,2016,36.08
per,sex_m,geo_cov_rur,mts_details_union,2017,13.287
per,sex_m,geo_cov_rur,mts_details_union,2018,14.104
per,sex_m,geo_cov_rur,mts_details_union,2019,11.688
per,sex_m,geo_cov_rur,mts_details_union,2020,25.669
per,sex_m,geo_cov_rur,mts_details_union,2021,48.429
per,sex_m,geo_cov_rur,mts_details_wid,2002,18.952
per,sex_m,geo_cov_rur,mts_details_wid,2003,23.766
per,sex_m,geo_cov_rur,mts_details_wid,2004,12.156
per,sex_m,geo_cov_rur,mts_details_wid,2005,12.859
per,sex_m,geo_cov_rur,mts_details_wid,2006,12.83
per,sex_m,geo_cov_rur,mts_details_wid,2007,9.785
per,sex_m,geo_cov_rur,mts_details_wid,2008,8.262
per,sex_m,geo_cov_rur,mts_details_wid,2009,7.777
per,sex_m,geo_cov_rur,mts_details_wid,2010,8.36
per,sex_m,geo_cov_rur,mts_details_wid,2011,9.917
per,sex_m,geo_cov_rur,mts_details_wid,2012,10.028
per,sex_m,geo_cov_rur,mts_details_wid,2013,11.157
per,sex_m,geo_cov_rur,mts_details_wid,2014,10.046
per,sex_m,geo_cov_rur,mts_details_wid,2015,10.621
per,sex_m,geo_cov_rur,mts_details_wid,2016,14.612
per,sex_m,geo_cov_rur,mts_details_wid,2017,12.268
per,sex_m,geo_cov_rur,mts_details_wid,2018,13.15
per,sex_m,geo_cov_rur,mts_details_wid,2019,11.235
per,sex_m,geo_cov_rur,mts_details_wid,2020,9.407
per,sex_m,geo_cov_rur,mts_details_wid,2021,16.312
per,sex_m,geo_cov_rur,mts_details_x,2002,0.71
per,sex_m,geo_cov_urb,mts_aggregate_1,2002,564.374
per,sex_m,geo_cov_urb,mts_aggregate_1,2003,1185.475
per,sex_m,geo_cov_urb,mts_aggregate_1,2004,930.274
per,sex_m,geo_cov_urb,mts_aggregate_1,2005,1140.634
per,sex_m,geo_cov_urb,mts_aggregate_1,2006,945.599
per,sex_m,geo_cov_urb,mts_aggregate_1,2007,839.756
per,sex_m,geo_cov_urb,mts_aggregate_1,2008,904.96
per,sex_m,geo_cov_urb,mts_aggregate_1,2009,888.261
per,sex_m,geo_cov_urb,mts_aggregate_1,2010,904.421
per,sex_m,geo_cov_urb,mts_aggregate_1,2011,959.648
per,sex_m,geo_cov_urb,mts_aggregate_1,2012,1001.215
per,sex_m,geo_cov_urb,mts_aggregate_1,2013,1074.972
per,sex_m,geo_cov_urb,mts_aggregate_1,2014,1151.006
per,sex_m,geo_cov_urb,mts_aggregate_1,2015,1236.439
per,sex_m,geo_cov_urb,mts_aggregate_1,2016,1296.545
per,sex_m,geo_cov_urb,mts_aggregate_1,2017,1217.82
per,sex_m,geo_cov_urb,mts_aggregate_1,2018,1228.781
per,sex_m,geo_cov_urb,mts_aggregate_1,2019,1245.655
per,sex_m,geo_cov_urb,mts_aggregate_1,2020,1647.687
per,sex_m,geo_cov_urb,mts_aggregate_1,2021,1731.251
per,sex_m,geo_cov_urb,mts_aggregate_2,2002,349.159
per,sex_m,geo_cov_urb,mts_aggregate_2,2003,670.356
per,sex_m,geo_cov_urb,mts_aggregate_2,2004,371.696
per,sex_m,geo_cov_urb,mts_aggregate_2,2005,462.354
per,sex_m,geo_cov_urb,mts_aggregate_2,2006,382.758
per,sex_m,geo_cov_urb,mts_aggregate_2,2007,350.754
per,sex_m,geo_cov_urb,mts_aggregate_2,2008,338.346
per,sex_m,geo_cov_urb,mts_aggregate_2,2009,350.64
per,sex_m,geo_cov_urb,mts_aggregate_2,2010,357.768
per,sex_m,geo_cov_urb,mts_aggregate_2,2011,361.351
per,sex_m,geo_cov_urb,mts_aggregate_2,2012,361.142
per,sex_m,geo_cov_urb,mts_aggregate_2,2013,362.532
per,sex_m,geo_cov_urb,mts_aggregate_2,2014,397.153
per,sex_m,geo_cov_urb,mts_aggregate_2,2015,385.218
per,sex_m,geo_cov_urb,mts_aggregate_2,2016,459.81
per,sex_m,geo_cov_urb,mts_aggregate_2,2017,386.142
per,sex_m,geo_cov_urb,mts_aggregate_2,2018,414.257
per,sex_m,geo_cov_urb,mts_aggregate_2,2019,415.599
per,sex_m,geo_cov_urb,mts_aggregate_2,2020,837.462
per,sex_m,geo_cov_urb,mts_aggregate_2,2021,753.955
per,sex_m,geo_cov_urb,mts_aggregate_total,2002,913.599
per,sex_m,geo_cov_urb,mts_aggregate_total,2003,1856.901
per,sex_m,geo_cov_urb,mts_aggregate_total,2004,1302.559
per,sex_m,geo_cov_urb,mts_aggregate_total,2005,1602.988
per,sex_m,geo_cov_urb,mts_aggregate_total,2006,1328.357
per,sex_m,geo_cov_urb,mts_aggregate_total,2007,1190.51
per,sex_m,geo_cov_urb,mts_aggregate_total,2008,1243.306
per,sex_m,geo_cov_urb,mts_aggregate_total,2009,1238.901
per,sex_m,geo_cov_urb,mts_aggregate_total,2010,1262.189
per,sex_m,geo_cov_urb,mts_aggregate_total,2011,1320.999
per,sex_m,geo_cov_urb,mts_aggregate_total,2012,1362.357
per,sex_m,geo_cov_urb,mts_aggregate_total,2013,1437.504
per,sex_m,geo_cov_urb,mts_aggregate_total,2014,1548.158
per,sex_m,geo_cov_urb,mts_aggregate_total,2015,1621.657
per,sex_m,geo_cov_urb,mts_aggregate_total,2016,1756.356
per,sex_m,geo_cov_urb,mts_aggregate_total,2017,1603.962
per,sex_m,geo_cov_urb,mts_aggregate_total,2018,1643.038
per,sex_m,geo_cov_urb,mts_aggregate_total,2019,1661.254
per,sex_m,geo_cov_urb,mts_aggregate_total,2020,2485.148
per,sex_m,geo_cov_urb,mts_aggregate_total,2021,2485.206
per,sex_m,geo_cov_urb,mts_aggregate_x,2002,0.066
per,sex_m,geo_cov_urb,mts_details_mrd,2002,305.788
per,sex_m,geo_cov_urb,mts_details_mrd,2003,568.876
per,sex_m,geo_cov_urb,mts_details_mrd,2004,299.446
per,sex_m,geo_cov_urb,mts_details_mrd,2005,368.624
per,sex_m,geo_cov_urb,mts_details_mrd,2006,309.578
per,sex_m,geo_cov_urb,mts_details_mrd,2007,279.279
per,sex_m,geo_cov_urb,mts_details_mrd,2008,271.512
per,sex_m,geo_cov_urb,mts_details_mrd,2009,288.387
per,sex_m,geo_cov_urb,mts_details_mrd,2010,282.631
per,sex_m,geo_cov_urb,mts_details_mrd,2011,293.844
per,sex_m,geo_cov_urb,mts_details_mrd,2012,291.664
per,sex_m,geo_cov_urb,mts_details_mrd,2013,305.536
per,sex_m,geo_cov_urb,mts_details_mrd,2014,315.414
per,sex_m,geo_cov_urb,mts_details_mrd,2015,302.219
per,sex_m,geo_cov_urb,mts_details_mrd,2016,340.187
per,sex_m,geo_cov_urb,mts_details_mrd,2017,299.384
per,sex_m,geo_cov_urb,mts_details_mrd,2018,319.782
per,sex_m,geo_cov_urb,mts_details_mrd,2019,321.224
per,sex_m,geo_cov_urb,mts_details_mrd,2020,519.778
per,sex_m,geo_cov_urb,mts_details_mrd,2021,497.928
per,sex_m,geo_cov_urb,mts_details_sep,2002,29.912
per,sex_m,geo_cov_urb,mts_details_sep,2003,54.309
per,sex_m,geo_cov_urb,mts_details_sep,2004,33.431
per,sex_m,geo_cov_urb,mts_details_sep,2005,56.765
per,sex_m,geo_cov_urb,mts_details_sep,2006,33.131
per,sex_m,geo_cov_urb,mts_details_sep,2007,34.838
per,sex_m,geo_cov_urb,mts_details_sep,2008,43.065
per,sex_m,geo_cov_urb,mts_details_sep,2009,43.18
per,sex_m,geo_cov_urb,mts_details_sep,2010,48.196
per,sex_m,geo_cov_urb,mts_details_sep,2011,45.276
per,sex_m,geo_cov_urb,mts_details_sep,2012,53.3
per,sex_m,geo_cov_urb,mts_details_sep,2013,48.85
per,sex_m,geo_cov_urb,mts_details_sep,2014,54.279
per,sex_m,geo_cov_urb,mts_details_sep,2015,57.126
per,sex_m,geo_cov_urb,mts_details_sep,2016,73.547
per,sex_m,geo_cov_urb,mts_details_sep,2017,62.847
per,sex_m,geo_cov_urb,mts_details_sep,2018,61.957
per,sex_m,geo_cov_urb,mts_details_sep,2019,58.591
per,sex_m,geo_cov_urb,mts_details_sep,2020,162.269
per,sex_m,geo_cov_urb,mts_details_sep,2021,129.148
per,sex_m,geo_cov_urb,mts_details_sgle,2002,455.855
per,sex_m,geo_cov_urb,mts_details_sgle,2003,1043.837
per,sex_m,geo_cov_urb,mts_details_sgle,2004,833.35
per,sex_m,geo_cov_urb,mts_details_sgle,2005,1014.292
per,sex_m,geo_cov_urb,mts_details_sgle,2006,847.388
per,sex_m,geo_cov_urb,mts_details_sgle,2007,743.531
per,sex_m,geo_cov_urb,mts_details_sgle,2008,795.984
per,sex_m,geo_cov_urb,mts_details_sgle,2009,789.974
per,sex_m,geo_cov_urb,mts_details_sgle,2010,793.507
per,sex_m,geo_cov_urb,mts_details_sgle,2011,846.232
per,sex_m,geo_cov_urb,mts_details_sgle,2012,872.007
per,sex_m,geo_cov_urb,mts_details_sgle,2013,941.486
per,sex_m,geo_cov_urb,mts_details_sgle,2014,1017.302
per,sex_m,geo_cov_urb,mts_details_sgle,2015,1101.513
per,sex_m,geo_cov_urb,mts_details_sgle,2016,1139.341
per,sex_m,geo_cov_urb,mts_details_sgle,2017,1058.349
per,sex_m,geo_cov_urb,mts_details_sgle,2018,1084.465
per,sex_m,geo_cov_urb,mts_details_sgle,2019,1094.558
per,sex_m,geo_cov_urb,mts_details_sgle,2020,1378.799
per,sex_m,geo_cov_urb,mts_details_sgle,2021,1491.314
per,sex_m,geo_cov_urb,mts_details_total,2002,913.599
per,sex_m,geo_cov_urb,mts_details_total,2003,1856.901
per,sex_m,geo_cov_urb,mts_details_total,2004,1302.559
per,sex_m,geo_cov_urb,mts_details_total,2005,1602.988
per,sex_m,geo_cov_urb,mts_details_total,2006,1328.357
per,sex_m,geo_cov_urb,mts_details_total,2007,1190.51
per,sex_m,geo_cov_urb,mts_details_total,2008,1243.306
per,sex_m,geo_cov_urb,mts_details_total,2009,1238.901
per,sex_m,geo_cov_urb,mts_details_total,2010,1262.189
per,sex_m,geo_cov_urb,mts_details_total,2011,1320.999
per,sex_m,geo_cov_urb,mts_details_total,2012,1362.357
per,sex_m,geo_cov_urb,mts_details_total,2013,1437.504
per,sex_m,geo_cov_urb,mts_details_total,2014,1548.158
per,sex_m,geo_cov_urb,mts_details_total,2015,1621.657
per,sex_m,geo_cov_urb,mts_details_total,2016,1756.356
per,sex_m,geo_cov_urb,mts_details_total,2017,1603.962
per,sex_m,geo_cov_urb,mts_details_total,2018,1643.038
per,sex_m,geo_cov_urb,mts_details_total,2019,1661.254
per,sex_m,geo_cov_urb,mts_details_total,2020,2485.148
per,sex_m,geo_cov_urb,mts_details_total,2021,2485.206
per,sex_m,geo_cov_urb,mts_details_union,2002,43.372
per,sex_m,geo_cov_urb,mts_details_union,2003,101.48
per,sex_m,geo_cov_urb,mts_details_union,2004,72.25
per,sex_m,geo_cov_urb,mts_details_union,2005,93.73
per,sex_m,geo_cov_urb,mts_details_union,2006,73.18
per,sex_m,geo_cov_urb,mts_details_union,2007,71.474
per,sex_m,geo_cov_urb,mts_details_union,2008,66.834
per,sex_m,geo_cov_urb,mts_details_union,2009,62.253
per,sex_m,geo_cov_urb,mts_details_union,2010,75.136
per,sex_m,geo_cov_urb,mts_details_union,2011,67.508
per,sex_m,geo_cov_urb,mts_details_union,2012,69.478
per,sex_m,geo_cov_urb,mts_details_union,2013,56.996
per,sex_m,geo_cov_urb,mts_details_union,2014,81.739
per,sex_m,geo_cov_urb,mts_details_union,2015,83
per,sex_m,geo_cov_urb,mts_details_union,2016,119.624
per,sex_m,geo_cov_urb,mts_details_union,2017,86.759
per,sex_m,geo_cov_urb,mts_details_union,2018,94.475
per,sex_m,geo_cov_urb,mts_details_union,2019,94.375
per,sex_m,geo_cov_urb,mts_details_union,2020,317.683
per,sex_m,geo_cov_urb,mts_details_union,2021,256.027
per,sex_m,geo_cov_urb,mts_details_wid,2002,78.607
per,sex_m,geo_cov_urb,mts_details_wid,2003,87.33
per,sex_m,geo_cov_urb,mts_details_wid,2004,63.493
per,sex_m,geo_cov_urb,mts_details_wid,2005,69.577
per,sex_m,geo_cov_urb,mts_details_wid,2006,65.08
per,sex_m,geo_cov_urb,mts_details_wid,2007,61.388
per,sex_m,geo_cov_urb,mts_details_wid,2008,65.91
per,sex_m,geo_cov_urb,mts_details_wid,2009,55.107
per,sex_m,geo_cov_urb,mts_details_wid,2010,62.718
per,sex_m,geo_cov_urb,mts_details_wid,2011,68.14
per,sex_m,geo_cov_urb,mts_details_wid,2012,75.908
per,sex_m,geo_cov_urb,mts_details_wid,2013,84.636
per,sex_m,geo_cov_urb,mts_details_wid,2014,79.425
per,sex_m,geo_cov_urb,mts_details_wid,2015,77.8
per,sex_m,geo_cov_urb,mts_details_wid,2016,83.657
per,sex_m,geo_cov_urb,mts_details_wid,2017,96.624
per,sex_m,geo_cov_urb,mts_details_wid,2018,82.358
per,sex_m,geo_cov_urb,mts_details_wid,2019,92.506
per,sex_m,geo_cov_urb,mts_details_wid,2020,106.619
per,sex_m,geo_cov_urb,mts_details_wid,2021,110.789
per,sex_m,geo_cov_urb,mts_details_x,2002,0.066
per,sex_t,geo_cov_nat,mts_aggregate_1,2002,1858.024
per,sex_t,geo_cov_nat,mts_aggregate_1,2003,3306.332
per,sex_t,geo_cov_nat,mts_aggregate_1,2004,2621.084
per,sex_t,geo_cov_nat,mts_aggregate_1,2005,3058.067
per,sex_t,geo_cov_nat,mts_aggregate_1,2006,2696.477
per,sex_t,geo_cov_nat,mts_aggregate_1,2007,2470.319
per,sex_t,geo_cov_nat,mts_aggregate_1,2008,2581.425
per,sex_t,geo_cov_nat,mts_aggregate_1,2009,2541.969
per,sex_t,geo_cov_nat,mts_aggregate_1,2010,2560.72
per,sex_t,geo_cov_nat,mts_aggregate_1,2011,2720.506
per,sex_t,geo_cov_nat,mts_aggregate_1,2012,2832.9
per,sex_t,geo_cov_nat,mts_aggregate_1,2013,2987.42
per,sex_t,geo_cov_nat,mts_aggregate_1,2014,3117.245
per,sex_t,geo_cov_nat,mts_aggregate_1,2015,3347.581
per,sex_t,geo_cov_nat,mts_aggregate_1,2016,3531.574
per,sex_t,geo_cov_nat,mts_aggregate_1,2017,3301.446
per,sex_t,geo_cov_nat,mts_aggregate_1,2018,3350.366
per,sex_t,geo_cov_nat,mts_aggregate_1,2019,3348.304
per,sex_t,geo_cov_nat,mts_aggregate_1,2020,4304.289
per,sex_t,geo_cov_nat,mts_aggregate_1,2021,4360.256
per,sex_t,geo_cov_nat,mts_aggregate_2,2002,2150.201
per,sex_t,geo_cov_nat,mts_aggregate_2,2003,2739.562
per,sex_t,geo_cov_nat,mts_aggregate_2,2004,2004.386
per,sex_t,geo_cov_nat,mts_aggregate_2,2005,2254.34
per,sex_t,geo_cov_nat,mts_aggregate_2,2006,1983.439
per,sex_t,geo_cov_nat,mts_aggregate_2,2007,1852.158
per,sex_t,geo_cov_nat,mts_aggregate_2,2008,1860.678
per,sex_t,geo_cov_nat,mts_aggregate_2,2009,1890.936
per,sex_t,geo_cov_nat,mts_aggregate_2,2010,1803.723
per,sex_t,geo_cov_nat,mts_aggregate_2,2011,1844.762
per,sex_t,geo_cov_nat,mts_aggregate_2,2012,1893.437
per,sex_t,geo_cov_nat,mts_aggregate_2,2013,1960.686
per,sex_t,geo_cov_nat,mts_aggregate_2,2014,2075.981
per,sex_t,geo_cov_nat,mts_aggregate_2,2015,2208.251
per,sex_t,geo_cov_nat,mts_aggregate_2,2016,2340.951
per,sex_t,geo_cov_nat,mts_aggregate_2,2017,2121.193
per,sex_t,geo_cov_nat,mts_aggregate_2,2018,2100.822
per,sex_t,geo_cov_nat,mts_aggregate_2,2019,2118.034
per,sex_t,geo_cov_nat,mts_aggregate_2,2020,3339.928
per,sex_t,geo_cov_nat,mts_aggregate_2,2021,2942.004
per,sex_t,geo_cov_nat,mts_aggregate_total,2002,4017.287
per,sex_t,geo_cov_nat,mts_aggregate_total,2003,6048.875
per,sex_t,geo_cov_nat,mts_aggregate_total,2004,4626.058
per,sex_t,geo_cov_nat,mts_aggregate_total,2005,5312.407
per,sex_t,geo_cov_nat,mts_aggregate_total,2006,4679.917
per,sex_t,geo_cov_nat,mts_aggregate_total,2007,4322.478
per,sex_t,geo_cov_nat,mts_aggregate_total,2008,4442.103
per,sex_t,geo_cov_nat,mts_aggregate_total,2009,4432.905
per,sex_t,geo_cov_nat,mts_aggregate_total,2010,4364.443
per,sex_t,geo_cov_nat,mts_aggregate_total,2011,4565.268
per,sex_t,geo_cov_nat,mts_aggregate_total,2012,4726.337
per,sex_t,geo_cov_nat,mts_aggregate_total,2013,4948.105
per,sex_t,geo_cov_nat,mts_aggregate_total,2014,5193.227
per,sex_t,geo_cov_nat,mts_aggregate_total,2015,5555.832
per,sex_t,geo_cov_nat,mts_aggregate_total,2016,5872.525
per,sex_t,geo_cov_nat,mts_aggregate_total,2017,5422.639
per,sex_t,geo_cov_nat,mts_aggregate_total,2018,5451.187
per,sex_t,geo_cov_nat,mts_aggregate_total,2019,5466.337
per,sex_t,geo_cov_nat,mts_aggregate_total,2020,7644.217
per,sex_t,geo_cov_nat,mts_aggregate_total,2021,7302.26
per,sex_t,geo_cov_nat,mts_aggregate_x,2002,9.062
per,sex_t,geo_cov_nat,mts_details_mrd,2002,1507.067
per,sex_t,geo_cov_nat,mts_details_mrd,2003,2020.503
per,sex_t,geo_cov_nat,mts_details_mrd,2004,1313.994
per,sex_t,geo_cov_nat,mts_details_mrd,2005,1474.544
per,sex_t,geo_cov_nat,mts_details_mrd,2006,1259.637
per,sex_t,geo_cov_nat,mts_details_mrd,2007,1144.379
per,sex_t,geo_cov_nat,mts_details_mrd,2008,1159.694
per,sex_t,geo_cov_nat,mts_details_mrd,2009,1195.38
per,sex_t,geo_cov_nat,mts_details_mrd,2010,1156.011
per,sex_t,geo_cov_nat,mts_details_mrd,2011,1127.924
per,sex_t,geo_cov_nat,mts_details_mrd,2012,1179.068
per,sex_t,geo_cov_nat,mts_details_mrd,2013,1242.174
per,sex_t,geo_cov_nat,mts_details_mrd,2014,1234.964
per,sex_t,geo_cov_nat,mts_details_mrd,2015,1277.973
per,sex_t,geo_cov_nat,mts_details_mrd,2016,1317.638
per,sex_t,geo_cov_nat,mts_details_mrd,2017,1202.119
per,sex_t,geo_cov_nat,mts_details_mrd,2018,1219.921
per,sex_t,geo_cov_nat,mts_details_mrd,2019,1195.041
per,sex_t,geo_cov_nat,mts_details_mrd,2020,1748.357
per,sex_t,geo_cov_nat,mts_details_mrd,2021,1574.468
per,sex_t,geo_cov_nat,mts_details_sep,2002,238.874
per,sex_t,geo_cov_nat,mts_details_sep,2003,351.134
per,sex_t,geo_cov_nat,mts_details_sep,2004,240.043
per,sex_t,geo_cov_nat,mts_details_sep,2005,304.485
per,sex_t,geo_cov_nat,mts_details_sep,2006,250.187
per,sex_t,geo_cov_nat,mts_details_sep,2007,230.789
per,sex_t,geo_cov_nat,mts_details_sep,2008,267.642
per,sex_t,geo_cov_nat,mts_details_sep,2009,265.127
per,sex_t,geo_cov_nat,mts_details_sep,2010,268.978
per,sex_t,geo_cov_nat,mts_details_sep,2011,296.214
per,sex_t,geo_cov_nat,mts_details_sep,2012,302.173
per,sex_t,geo_cov_nat,mts_details_sep,2013,318.712
per,sex_t,geo_cov_nat,mts_details_sep,2014,340.602
per,sex_t,geo_cov_nat,mts_details_sep,2015,353.035
per,sex_t,geo_cov_nat,mts_details_sep,2016,436.389
per,sex_t,geo_cov_nat,mts_details_sep,2017,364.332
per,sex_t,geo_cov_nat,mts_details_sep,2018,380.896
per,sex_t,geo_cov_nat,mts_details_sep,2019,394.266
per,sex_t,geo_cov_nat,mts_details_sep,2020,687.364
per,sex_t,geo_cov_nat,mts_details_sep,2021,565.497
per,sex_t,geo_cov_nat,mts_details_sgle,2002,1174.016
per,sex_t,geo_cov_nat,mts_details_sgle,2003,2459.702
per,sex_t,geo_cov_nat,mts_details_sgle,2004,1992.928
per,sex_t,geo_cov_nat,mts_details_sgle,2005,2331.233
per,sex_t,geo_cov_nat,mts_details_sgle,2006,2055.36
per,sex_t,geo_cov_nat,mts_details_sgle,2007,1860.217
per,sex_t,geo_cov_nat,mts_details_sgle,2008,1921.085
per,sex_t,geo_cov_nat,mts_details_sgle,2009,1902.624
per,sex_t,geo_cov_nat,mts_details_sgle,2010,1917.055
per,sex_t,geo_cov_nat,mts_details_sgle,2011,2021.141
per,sex_t,geo_cov_nat,mts_details_sgle,2012,2130.115
per,sex_t,geo_cov_nat,mts_details_sgle,2013,2229.455
per,sex_t,geo_cov_nat,mts_details_sgle,2014,2347.707
per,sex_t,geo_cov_nat,mts_details_sgle,2015,2552.259
per,sex_t,geo_cov_nat,mts_details_sgle,2016,2613.351
per,sex_t,geo_cov_nat,mts_details_sgle,2017,2452.479
per,sex_t,geo_cov_nat,mts_details_sgle,2018,2496.818
per,sex_t,geo_cov_nat,mts_details_sgle,2019,2475.041
per,sex_t,geo_cov_nat,mts_details_sgle,2020,3100.062
per,sex_t,geo_cov_nat,mts_details_sgle,2021,3210.718
per,sex_t,geo_cov_nat,mts_details_total,2002,4017.287
per,sex_t,geo_cov_nat,mts_details_total,2003,6048.875
per,sex_t,geo_cov_nat,mts_details_total,2004,4626.058
per,sex_t,geo_cov_nat,mts_details_total,2005,5312.407
per,sex_t,geo_cov_nat,mts_details_total,2006,4679.917
per,sex_t,geo_cov_nat,mts_details_total,2007,4322.478
per,sex_t,geo_cov_nat,mts_details_total,2008,4442.103
per,sex_t,geo_cov_nat,mts_details_total,2009,4432.905
per,sex_t,geo_cov_nat,mts_details_total,2010,4364.443
per,sex_t,geo_cov_nat,mts_details_total,2011,4565.268
per,sex_t,geo_cov_nat,mts_details_total,2012,4726.337
per,sex_t,geo_cov_nat,mts_details_total,2013,4948.105
per,sex_t,geo_cov_nat,mts_details_total,2014,5193.227
per,sex_t,geo_cov_nat,mts_details_total,2015,5555.832
per,sex_t,geo_cov_nat,mts_details_total,2016,5872.525
per,sex_t,geo_cov_nat,mts_details_total,2017,5422.639
per,sex_t,geo_cov_nat,mts_details_total,2018,5451.187
per,sex_t,geo_cov_nat,mts_details_total,2019,5466.337
per,sex_t,geo_cov_nat,mts_details_total,2020,7644.217
per,sex_t,geo_cov_nat,mts_details_total,2021,7302.26
per,sex_t,geo_cov_nat,mts_details_union,2002,643.134
per,sex_t,geo_cov_nat,mts_details_union,2003,719.059
per,sex_t,geo_cov_nat,mts_details_union,2004,690.392
per,sex_t,geo_cov_nat,mts_details_union,2005,779.797
per,sex_t,geo_cov_nat,mts_details_union,2006,723.803
per,sex_t,geo_cov_nat,mts_details_union,2007,707.779
per,sex_t,geo_cov_nat,mts_details_union,2008,700.984
per,sex_t,geo_cov_nat,mts_details_union,2009,695.557
per,sex_t,geo_cov_nat,mts_details_union,2010,647.713
per,sex_t,geo_cov_nat,mts_details_union,2011,716.838
per,sex_t,geo_cov_nat,mts_details_union,2012,714.369
per,sex_t,geo_cov_nat,mts_details_union,2013,718.512
per,sex_t,geo_cov_nat,mts_details_union,2014,841.018
per,sex_t,geo_cov_nat,mts_details_union,2015,930.278
per,sex_t,geo_cov_nat,mts_details_union,2016,1023.312
per,sex_t,geo_cov_nat,mts_details_union,2017,919.074
per,sex_t,geo_cov_nat,mts_details_union,2018,880.901
per,sex_t,geo_cov_nat,mts_details_union,2019,922.993
per,sex_t,geo_cov_nat,mts_details_union,2020,1591.571
per,sex_t,geo_cov_nat,mts_details_union,2021,1367.536
per,sex_t,geo_cov_nat,mts_details_wid,2002,445.134
per,sex_t,geo_cov_nat,mts_details_wid,2003,495.497
per,sex_t,geo_cov_nat,mts_details_wid,2004,388.112
per,sex_t,geo_cov_nat,mts_details_wid,2005,422.349
per,sex_t,geo_cov_nat,mts_details_wid,2006,390.93
per,sex_t,geo_cov_nat,mts_details_wid,2007,379.313
per,sex_t,geo_cov_nat,mts_details_wid,2008,392.699
per,sex_t,geo_cov_nat,mts_details_wid,2009,374.219
per,sex_t,geo_cov_nat,mts_details_wid,2010,374.687
per,sex_t,geo_cov_nat,mts_details_wid,2011,403.152
per,sex_t,geo_cov_nat,mts_details_wid,2012,400.612
per,sex_t,geo_cov_nat,mts_details_wid,2013,439.252
per,sex_t,geo_cov_nat,mts_details_wid,2014,428.936
per,sex_t,geo_cov_nat,mts_details_wid,2015,442.287
per,sex_t,geo_cov_nat,mts_details_wid,2016,481.834
per,sex_t,geo_cov_nat,mts_details_wid,2017,484.635
per,sex_t,geo_cov_nat,mts_details_wid,2018,472.653
per,sex_t,geo_cov_nat,mts_details_wid,2019,478.996
per,sex_t,geo_cov_nat,mts_details_wid,2020,516.863
per,sex_t,geo_cov_nat,mts_details_wid,2021,584.041
per,sex_t,geo_cov_nat,mts_details_x,2002,9.062
per,sex_t,geo_cov_rur,mts_aggregate_1,2002,293.313
per,sex_t,geo_cov_rur,mts_aggregate_1,2003,366.057
per,sex_t,geo_cov_rur,mts_aggregate_1,2004,320.558
per,sex_t,geo_cov_rur,mts_aggregate_1,2005,350.883
per,sex_t,geo_cov_rur,mts_aggregate_1,2006,308.901
per,sex_t,geo_cov_rur,mts_aggregate_1,2007,311.594
per,sex_t,geo_cov_rur,mts_aggregate_1,2008,311.756
per,sex_t,geo_cov_rur,mts_aggregate_1,2009,288.215
per,sex_t,geo_cov_rur,mts_aggregate_1,2010,277.47
per,sex_t,geo_cov_rur,mts_aggregate_1,2011,300.347
per,sex_t,geo_cov_rur,mts_aggregate_1,2012,306.397
per,sex_t,geo_cov_rur,mts_aggregate_1,2013,337.321
per,sex_t,geo_cov_rur,mts_aggregate_1,2014,323.557
per,sex_t,geo_cov_rur,mts_aggregate_1,2015,366.312
per,sex_t,geo_cov_rur,mts_aggregate_1,2016,402.767
per,sex_t,geo_cov_rur,mts_aggregate_1,2017,340.366
per,sex_t,geo_cov_rur,mts_aggregate_1,2018,331.228
per,sex_t,geo_cov_rur,mts_aggregate_1,2019,317.219
per,sex_t,geo_cov_rur,mts_aggregate_1,2020,317.156
per,sex_t,geo_cov_rur,mts_aggregate_1,2021,345.476
per,sex_t,geo_cov_rur,mts_aggregate_2,2002,417.849
per,sex_t,geo_cov_rur,mts_aggregate_2,2003,359.981
per,sex_t,geo_cov_rur,mts_aggregate_2,2004,245.086
per,sex_t,geo_cov_rur,mts_aggregate_2,2005,251.034
per,sex_t,geo_cov_rur,mts_aggregate_2,2006,219.607
per,sex_t,geo_cov_rur,mts_aggregate_2,2007,196.982
per,sex_t,geo_cov_rur,mts_aggregate_2,2008,193.381
per,sex_t,geo_cov_rur,mts_aggregate_2,2009,168.557
per,sex_t,geo_cov_rur,mts_aggregate_2,2010,160.256
per,sex_t,geo_cov_rur,mts_aggregate_2,2011,149.437
per,sex_t,geo_cov_rur,mts_aggregate_2,2012,167.701
per,sex_t,geo_cov_rur,mts_aggregate_2,2013,164.365
per,sex_t,geo_cov_rur,mts_aggregate_2,2014,164.163
per,sex_t,geo_cov_rur,mts_aggregate_2,2015,187.752
per,sex_t,geo_cov_rur,mts_aggregate_2,2016,244.459
per,sex_t,geo_cov_rur,mts_aggregate_2,2017,173.354
per,sex_t,geo_cov_rur,mts_aggregate_2,2018,164.619
per,sex_t,geo_cov_rur,mts_aggregate_2,2019,152.739
per,sex_t,geo_cov_rur,mts_aggregate_2,2020,201.636
per,sex_t,geo_cov_rur,mts_aggregate_2,2021,250.607
per,sex_t,geo_cov_rur,mts_aggregate_total,2002,713.683
per,sex_t,geo_cov_rur,mts_aggregate_total,2003,726.039
per,sex_t,geo_cov_rur,mts_aggregate_total,2004,565.644
per,sex_t,geo_cov_rur,mts_aggregate_total,2005,601.917
per,sex_t,geo_cov_rur,mts_aggregate_total,2006,528.508
per,sex_t,geo_cov_rur,mts_aggregate_total,2007,508.575
per,sex_t,geo_cov_rur,mts_aggregate_total,2008,505.136
per,sex_t,geo_cov_rur,mts_aggregate_total,2009,456.772
per,sex_t,geo_cov_rur,mts_aggregate_total,2010,437.725
per,sex_t,geo_cov_rur,mts_aggregate_total,2011,449.784
per,sex_t,geo_cov_rur,mts_aggregate_total,2012,474.097
per,sex_t,geo_cov_rur,mts_aggregate_total,2013,501.686
per,sex_t,geo_cov_rur,mts_aggregate_total,2014,487.719
per,sex_t,geo_cov_rur,mts_aggregate_total,2015,554.063
per,sex_t,geo_cov_rur,mts_aggregate_total,2016,647.226
per,sex_t,geo_cov_rur,mts_aggregate_total,2017,513.72
per,sex_t,geo_cov_rur,mts_aggregate_total,2018,495.848
per,sex_t,geo_cov_rur,mts_aggregate_total,2019,469.958
per,sex_t,geo_cov_rur,mts_aggregate_total,2020,518.791
per,sex_t,geo_cov_rur,mts_aggregate_total,2021,596.083
per,sex_t,geo_cov_rur,mts_aggregate_x,2002,2.522
per,sex_t,geo_cov_rur,mts_details_mrd,2002,244.834
per,sex_t,geo_cov_rur,mts_details_mrd,2003,208.962
per,sex_t,geo_cov_rur,mts_details_mrd,2004,123.29
per,sex_t,geo_cov_rur,mts_details_mrd,2005,129.094
per,sex_t,geo_cov_rur,mts_details_mrd,2006,108.282
per,sex_t,geo_cov_rur,mts_details_mrd,2007,95.115
per,sex_t,geo_cov_rur,mts_details_mrd,2008,98.171
per,sex_t,geo_cov_rur,mts_details_mrd,2009,81.464
per,sex_t,geo_cov_rur,mts_details_mrd,2010,71.556
per,sex_t,geo_cov_rur,mts_details_mrd,2011,75.888
per,sex_t,geo_cov_rur,mts_details_mrd,2012,74.543
per,sex_t,geo_cov_rur,mts_details_mrd,2013,78.846
per,sex_t,geo_cov_rur,mts_details_mrd,2014,78.437
per,sex_t,geo_cov_rur,mts_details_mrd,2015,81.932
per,sex_t,geo_cov_rur,mts_details_mrd,2016,94.718
per,sex_t,geo_cov_rur,mts_details_mrd,2017,78.245
per,sex_t,geo_cov_rur,mts_details_mrd,2018,69.171
per,sex_t,geo_cov_rur,mts_details_mrd,2019,64.836
per,sex_t,geo_cov_rur,mts_details_mrd,2020,82.165
per,sex_t,geo_cov_rur,mts_details_mrd,2021,93.423
per,sex_t,geo_cov_rur,mts_details_sep,2002,29.264
per,sex_t,geo_cov_rur,mts_details_sep,2003,27.276
per,sex_t,geo_cov_rur,mts_details_sep,2004,18.928
per,sex_t,geo_cov_rur,mts_details_sep,2005,16.907
per,sex_t,geo_cov_rur,mts_details_sep,2006,16.646
per,sex_t,geo_cov_rur,mts_details_sep,2007,13.238
per,sex_t,geo_cov_rur,mts_details_sep,2008,18.703
per,sex_t,geo_cov_rur,mts_details_sep,2009,15.574
per,sex_t,geo_cov_rur,mts_details_sep,2010,14.938
per,sex_t,geo_cov_rur,mts_details_sep,2011,15.652
per,sex_t,geo_cov_rur,mts_details_sep,2012,18.201
per,sex_t,geo_cov_rur,mts_details_sep,2013,20.343
per,sex_t,geo_cov_rur,mts_details_sep,2014,20.291
per,sex_t,geo_cov_rur,mts_details_sep,2015,18.877
per,sex_t,geo_cov_rur,mts_details_sep,2016,27.999
per,sex_t,geo_cov_rur,mts_details_sep,2017,20.798
per,sex_t,geo_cov_rur,mts_details_sep,2018,19.703
per,sex_t,geo_cov_rur,mts_details_sep,2019,18.155
per,sex_t,geo_cov_rur,mts_details_sep,2020,27.579
per,sex_t,geo_cov_rur,mts_details_sep,2021,36.719
per,sex_t,geo_cov_rur,mts_details_sgle,2002,176.869
per,sex_t,geo_cov_rur,mts_details_sgle,2003,244.452
per,sex_t,geo_cov_rur,mts_details_sgle,2004,242.88
per,sex_t,geo_cov_rur,mts_details_sgle,2005,274.824
per,sex_t,geo_cov_rur,mts_details_sgle,2006,241.682
per,sex_t,geo_cov_rur,mts_details_sgle,2007,249.024
per,sex_t,geo_cov_rur,mts_details_sgle,2008,246.359
per,sex_t,geo_cov_rur,mts_details_sgle,2009,231.485
per,sex_t,geo_cov_rur,mts_details_sgle,2010,224.42
per,sex_t,geo_cov_rur,mts_details_sgle,2011,240.46
per,sex_t,geo_cov_rur,mts_details_sgle,2012,243.667
per,sex_t,geo_cov_rur,mts_details_sgle,2013,270.464
per,sex_t,geo_cov_rur,mts_details_sgle,2014,258.44
per,sex_t,geo_cov_rur,mts_details_sgle,2015,302.394
per,sex_t,geo_cov_rur,mts_details_sgle,2016,323.484
per,sex_t,geo_cov_rur,mts_details_sgle,2017,277.416
per,sex_t,geo_cov_rur,mts_details_sgle,2018,266.41
per,sex_t,geo_cov_rur,mts_details_sgle,2019,257.399
per,sex_t,geo_cov_rur,mts_details_sgle,2020,253.911
per,sex_t,geo_cov_rur,mts_details_sgle,2021,243.983
per,sex_t,geo_cov_rur,mts_details_total,2002,713.683
per,sex_t,geo_cov_rur,mts_details_total,2003,726.039
per,sex_t,geo_cov_rur,mts_details_total,2004,565.644
per,sex_t,geo_cov_rur,mts_details_total,2005,601.917
per,sex_t,geo_cov_rur,mts_details_total,2006,528.508
per,sex_t,geo_cov_rur,mts_details_total,2007,508.575
per,sex_t,geo_cov_rur,mts_details_total,2008,505.136
per,sex_t,geo_cov_rur,mts_details_total,2009,456.772
per,sex_t,geo_cov_rur,mts_details_total,2010,437.725
per,sex_t,geo_cov_rur,mts_details_total,2011,449.784
per,sex_t,geo_cov_rur,mts_details_total,2012,474.097
per,sex_t,geo_cov_rur,mts_details_total,2013,501.686
per,sex_t,geo_cov_rur,mts_details_total,2014,487.719
per,sex_t,geo_cov_rur,mts_details_total,2015,554.063
per,sex_t,geo_cov_rur,mts_details_total,2016,647.226
per,sex_t,geo_cov_rur,mts_details_total,2017,513.72
per,sex_t,geo_cov_rur,mts_details_total,2018,495.848
per,sex_t,geo_cov_rur,mts_details_total,2019,469.958
per,sex_t,geo_cov_rur,mts_details_total,2020,518.791
per,sex_t,geo_cov_rur,mts_details_total,2021,596.083
per,sex_t,geo_cov_rur,mts_details_union,2002,173.015
per,sex_t,geo_cov_rur,mts_details_union,2003,151.019
per,sex_t,geo_cov_rur,mts_details_union,2004,121.797
per,sex_t,geo_cov_rur,mts_details_union,2005,121.94
per,sex_t,geo_cov_rur,mts_details_union,2006,111.325
per,sex_t,geo_cov_rur,mts_details_union,2007,101.867
per,sex_t,geo_cov_rur,mts_details_union,2008,95.21
per,sex_t,geo_cov_rur,mts_details_union,2009,87.092
per,sex_t,geo_cov_rur,mts_details_union,2010,88.7
per,sex_t,geo_cov_rur,mts_details_union,2011,73.549
per,sex_t,geo_cov_rur,mts_details_union,2012,93.158
per,sex_t,geo_cov_rur,mts_details_union,2013,85.52
per,sex_t,geo_cov_rur,mts_details_union,2014,85.726
per,sex_t,geo_cov_rur,mts_details_union,2015,105.819
per,sex_t,geo_cov_rur,mts_details_union,2016,149.742
per,sex_t,geo_cov_rur,mts_details_union,2017,95.109
per,sex_t,geo_cov_rur,mts_details_union,2018,95.449
per,sex_t,geo_cov_rur,mts_details_union,2019,87.903
per,sex_t,geo_cov_rur,mts_details_union,2020,119.471
per,sex_t,geo_cov_rur,mts_details_union,2021,157.184
per,sex_t,geo_cov_rur,mts_details_wid,2002,87.18
per,sex_t,geo_cov_rur,mts_details_wid,2003,94.329
per,sex_t,geo_cov_rur,mts_details_wid,2004,58.749
per,sex_t,geo_cov_rur,mts_details_wid,2005,59.151
per,sex_t,geo_cov_rur,mts_details_wid,2006,50.574
per,sex_t,geo_cov_rur,mts_details_wid,2007,49.331
per,sex_t,geo_cov_rur,mts_details_wid,2008,46.694
per,sex_t,geo_cov_rur,mts_details_wid,2009,41.156
per,sex_t,geo_cov_rur,mts_details_wid,2010,38.111
per,sex_t,geo_cov_rur,mts_details_wid,2011,44.236
per,sex_t,geo_cov_rur,mts_details_wid,2012,44.529
per,sex_t,geo_cov_rur,mts_details_wid,2013,46.515
per,sex_t,geo_cov_rur,mts_details_wid,2014,44.825
per,sex_t,geo_cov_rur,mts_details_wid,2015,45.041
per,sex_t,geo_cov_rur,mts_details_wid,2016,51.284
per,sex_t,geo_cov_rur,mts_details_wid,2017,42.152
per,sex_t,geo_cov_rur,mts_details_wid,2018,45.116
per,sex_t,geo_cov_rur,mts_details_wid,2019,41.665
per,sex_t,geo_cov_rur,mts_details_wid,2020,35.665
per,sex_t,geo_cov_rur,mts_details_wid,2021,64.774
per,sex_t,geo_cov_rur,mts_details_x,2002,2.522
per,sex_t,geo_cov_urb,mts_aggregate_1,2002,1564.711
per,sex_t,geo_cov_urb,mts_aggregate_1,2003,2940.275
per,sex_t,geo_cov_urb,mts_aggregate_1,2004,2300.526
per,sex_t,geo_cov_urb,mts_aggregate_1,2005,2707.184
per,sex_t,geo_cov_urb,mts_aggregate_1,2006,2387.576
per,sex_t,geo_cov_urb,mts_aggregate_1,2007,2158.726
per,sex_t,geo_cov_urb,mts_aggregate_1,2008,2269.669
per,sex_t,geo_cov_urb,mts_aggregate_1,2009,2253.754
per,sex_t,geo_cov_urb,mts_aggregate_1,2010,2283.251
per,sex_t,geo_cov_urb,mts_aggregate_1,2011,2420.159
per,sex_t,geo_cov_urb,mts_aggregate_1,2012,2526.503
per,sex_t,geo_cov_urb,mts_aggregate_1,2013,2650.099
per,sex_t,geo_cov_urb,mts_aggregate_1,2014,2793.689
per,sex_t,geo_cov_urb,mts_aggregate_1,2015,2981.269
per,sex_t,geo_cov_urb,mts_aggregate_1,2016,3128.807
per,sex_t,geo_cov_urb,mts_aggregate_1,2017,2961.081
per,sex_t,geo_cov_urb,mts_aggregate_1,2018,3019.138
per,sex_t,geo_cov_urb,mts_aggregate_1,2019,3031.085
per,sex_t,geo_cov_urb,mts_aggregate_1,2020,3987.134
per,sex_t,geo_cov_urb,mts_aggregate_1,2021,4014.781
per,sex_t,geo_cov_urb,mts_aggregate_2,2002,1732.352
per,sex_t,geo_cov_urb,mts_aggregate_2,2003,2379.58
per,sex_t,geo_cov_urb,mts_aggregate_2,2004,1759.299
per,sex_t,geo_cov_urb,mts_aggregate_2,2005,2003.306
per,sex_t,geo_cov_urb,mts_aggregate_2,2006,1763.833
per,sex_t,geo_cov_urb,mts_aggregate_2,2007,1655.177
per,sex_t,geo_cov_urb,mts_aggregate_2,2008,1667.298
per,sex_t,geo_cov_urb,mts_aggregate_2,2009,1722.379
per,sex_t,geo_cov_urb,mts_aggregate_2,2010,1643.468
per,sex_t,geo_cov_urb,mts_aggregate_2,2011,1695.325
per,sex_t,geo_cov_urb,mts_aggregate_2,2012,1725.737
per,sex_t,geo_cov_urb,mts_aggregate_2,2013,1796.32
per,sex_t,geo_cov_urb,mts_aggregate_2,2014,1911.819
per,sex_t,geo_cov_urb,mts_aggregate_2,2015,2020.5
per,sex_t,geo_cov_urb,mts_aggregate_2,2016,2096.491
per,sex_t,geo_cov_urb,mts_aggregate_2,2017,1947.839
per,sex_t,geo_cov_urb,mts_aggregate_2,2018,1936.202
per,sex_t,geo_cov_urb,mts_aggregate_2,2019,1965.295
per,sex_t,geo_cov_urb,mts_aggregate_2,2020,3138.292
per,sex_t,geo_cov_urb,mts_aggregate_2,2021,2691.397
per,sex_t,geo_cov_urb,mts_aggregate_total,2002,3303.603
per,sex_t,geo_cov_urb,mts_aggregate_total,2003,5322.836
per,sex_t,geo_cov_urb,mts_aggregate_total,2004,4060.415
per,sex_t,geo_cov_urb,mts_aggregate_total,2005,4710.49
per,sex_t,geo_cov_urb,mts_aggregate_total,2006,4151.409
per,sex_t,geo_cov_urb,mts_aggregate_total,2007,3813.902
per,sex_t,geo_cov_urb,mts_aggregate_total,2008,3936.967
per,sex_t,geo_cov_urb,mts_aggregate_total,2009,3976.134
per,sex_t,geo_cov_urb,mts_aggregate_total,2010,3926.718
per,sex_t,geo_cov_urb,mts_aggregate_total,2011,4115.484
per,sex_t,geo_cov_urb,mts_aggregate_total,2012,4252.24
per,sex_t,geo_cov_urb,mts_aggregate_total,2013,4446.419
per,sex_t,geo_cov_urb,mts_aggregate_total,2014,4705.507
per,sex_t,geo_cov_urb,mts_aggregate_total,2015,5001.769
per,sex_t,geo_cov_urb,mts_aggregate_total,2016,5225.298
per,sex_t,geo_cov_urb,mts_aggregate_total,2017,4908.919
per,sex_t,geo_cov_urb,mts_aggregate_total,2018,4955.34
per,sex_t,geo_cov_urb,mts_aggregate_total,2019,4996.379
per,sex_t,geo_cov_urb,mts_aggregate_total,2020,7125.426
per,sex_t,geo_cov_urb,mts_aggregate_total,2021,6706.177
per,sex_t,geo_cov_urb,mts_aggregate_x,2002,6.54
per,sex_t,geo_cov_urb,mts_details_mrd,2002,1262.233
per,sex_t,geo_cov_urb,mts_details_mrd,2003,1811.541
per,sex_t,geo_cov_urb,mts_details_mrd,2004,1190.704
per,sex_t,geo_cov_urb,mts_details_mrd,2005,1345.45
per,sex_t,geo_cov_urb,mts_details_mrd,2006,1151.355
per,sex_t,geo_cov_urb,mts_details_mrd,2007,1049.264
per,sex_t,geo_cov_urb,mts_details_mrd,2008,1061.523
per,sex_t,geo_cov_urb,mts_details_mrd,2009,1113.915
per,sex_t,geo_cov_urb,mts_details_mrd,2010,1084.455
per,sex_t,geo_cov_urb,mts_details_mrd,2011,1052.036
per,sex_t,geo_cov_urb,mts_details_mrd,2012,1104.525
per,sex_t,geo_cov_urb,mts_details_mrd,2013,1163.328
per,sex_t,geo_cov_urb,mts_details_mrd,2014,1156.527
per,sex_t,geo_cov_urb,mts_details_mrd,2015,1196.041
per,sex_t,geo_cov_urb,mts_details_mrd,2016,1222.921
per,sex_t,geo_cov_urb,mts_details_mrd,2017,1123.874
per,sex_t,geo_cov_urb,mts_details_mrd,2018,1150.75
per,sex_t,geo_cov_urb,mts_details_mrd,2019,1130.205
per,sex_t,geo_cov_urb,mts_details_mrd,2020,1666.192
per,sex_t,geo_cov_urb,mts_details_mrd,2021,1481.045
per,sex_t,geo_cov_urb,mts_details_sep,2002,209.61
per,sex_t,geo_cov_urb,mts_details_sep,2003,323.858
per,sex_t,geo_cov_urb,mts_details_sep,2004,221.116
per,sex_t,geo_cov_urb,mts_details_sep,2005,287.578
per,sex_t,geo_cov_urb,mts_details_sep,2006,233.542
per,sex_t,geo_cov_urb,mts_details_sep,2007,217.551
per,sex_t,geo_cov_urb,mts_details_sep,2008,248.939
per,sex_t,geo_cov_urb,mts_details_sep,2009,249.552
per,sex_t,geo_cov_urb,mts_details_sep,2010,254.039
per,sex_t,geo_cov_urb,mts_details_sep,2011,280.562
per,sex_t,geo_cov_urb,mts_details_sep,2012,283.972
per,sex_t,geo_cov_urb,mts_details_sep,2013,298.37
per,sex_t,geo_cov_urb,mts_details_sep,2014,320.311
per,sex_t,geo_cov_urb,mts_details_sep,2015,334.158
per,sex_t,geo_cov_urb,mts_details_sep,2016,408.39
per,sex_t,geo_cov_urb,mts_details_sep,2017,343.533
per,sex_t,geo_cov_urb,mts_details_sep,2018,361.193
per,sex_t,geo_cov_urb,mts_details_sep,2019,376.111
per,sex_t,geo_cov_urb,mts_details_sep,2020,659.785
per,sex_t,geo_cov_urb,mts_details_sep,2021,528.778
per,sex_t,geo_cov_urb,mts_details_sgle,2002,997.147
per,sex_t,geo_cov_urb,mts_details_sgle,2003,2215.25
per,sex_t,geo_cov_urb,mts_details_sgle,2004,1750.048
per,sex_t,geo_cov_urb,mts_details_sgle,2005,2056.408
per,sex_t,geo_cov_urb,mts_details_sgle,2006,1813.678
per,sex_t,geo_cov_urb,mts_details_sgle,2007,1611.192
per,sex_t,geo_cov_urb,mts_details_sgle,2008,1674.726
per,sex_t,geo_cov_urb,mts_details_sgle,2009,1671.139
per,sex_t,geo_cov_urb,mts_details_sgle,2010,1692.635
per,sex_t,geo_cov_urb,mts_details_sgle,2011,1780.681
per,sex_t,geo_cov_urb,mts_details_sgle,2012,1886.448
per,sex_t,geo_cov_urb,mts_details_sgle,2013,1958.991
per,sex_t,geo_cov_urb,mts_details_sgle,2014,2089.268
per,sex_t,geo_cov_urb,mts_details_sgle,2015,2249.866
per,sex_t,geo_cov_urb,mts_details_sgle,2016,2289.867
per,sex_t,geo_cov_urb,mts_details_sgle,2017,2175.064
per,sex_t,geo_cov_urb,mts_details_sgle,2018,2230.408
per,sex_t,geo_cov_urb,mts_details_sgle,2019,2217.642
per,sex_t,geo_cov_urb,mts_details_sgle,2020,2846.151
per,sex_t,geo_cov_urb,mts_details_sgle,2021,2966.735
per,sex_t,geo_cov_urb,mts_details_total,2002,3303.603
per,sex_t,geo_cov_urb,mts_details_total,2003,5322.836
per,sex_t,geo_cov_urb,mts_details_total,2004,4060.415
per,sex_t,geo_cov_urb,mts_details_total,2005,4710.49
per,sex_t,geo_cov_urb,mts_details_total,2006,4151.409
per,sex_t,geo_cov_urb,mts_details_total,2007,3813.902
per,sex_t,geo_cov_urb,mts_details_total,2008,3936.967
per,sex_t,geo_cov_urb,mts_details_total,2009,3976.134
per,sex_t,geo_cov_urb,mts_details_total,2010,3926.718
per,sex_t,geo_cov_urb,mts_details_total,2011,4115.484
per,sex_t,geo_cov_urb,mts_details_total,2012,4252.24
per,sex_t,geo_cov_urb,mts_details_total,2013,4446.419
per,sex_t,geo_cov_urb,mts_details_total,2014,4705.507
per,sex_t,geo_cov_urb,mts_details_total,2015,5001.769
per,sex_t,geo_cov_urb,mts_details_total,2016,5225.298
per,sex_t,geo_cov_urb,mts_details_total,2017,4908.919
per,sex_t,geo_cov_urb,mts_details_total,2018,4955.34
per,sex_t,geo_cov_urb,mts_details_total,2019,4996.379
per,sex_t,geo_cov_urb,mts_details_total,2020,7125.426
per,sex_t,geo_cov_urb,mts_details_total,2021,6706.177
per,sex_t,geo_cov_urb,mts_details_union,2002,470.119
per,sex_t,geo_cov_urb,mts_details_union,2003,568.04
per,sex_t,geo_cov_urb,mts_details_union,2004,568.595
per,sex_t,geo_cov_urb,mts_details_union,2005,657.856
per,sex_t,geo_cov_urb,mts_details_union,2006,612.478
per,sex_t,geo_cov_urb,mts_details_union,2007,605.913
per,sex_t,geo_cov_urb,mts_details_union,2008,605.775
per,sex_t,geo_cov_urb,mts_details_union,2009,608.464
per,sex_t,geo_cov_urb,mts_details_union,2010,559.013
per,sex_t,geo_cov_urb,mts_details_union,2011,643.289
per,sex_t,geo_cov_urb,mts_details_union,2012,621.212
per,sex_t,geo_cov_urb,mts_details_union,2013,632.993
per,sex_t,geo_cov_urb,mts_details_union,2014,755.292
per,sex_t,geo_cov_urb,mts_details_union,2015,824.459
per,sex_t,geo_cov_urb,mts_details_union,2016,873.571
per,sex_t,geo_cov_urb,mts_details_union,2017,823.965
per,sex_t,geo_cov_urb,mts_details_union,2018,785.452
per,sex_t,geo_cov_urb,mts_details_union,2019,835.09
per,sex_t,geo_cov_urb,mts_details_union,2020,1472.1
per,sex_t,geo_cov_urb,mts_details_union,2021,1210.352
per,sex_t,geo_cov_urb,mts_details_wid,2002,357.954
per,sex_t,geo_cov_urb,mts_details_wid,2003,401.167
per,sex_t,geo_cov_urb,mts_details_wid,2004,329.363
per,sex_t,geo_cov_urb,mts_details_wid,2005,363.198
per,sex_t,geo_cov_urb,mts_details_wid,2006,340.357
per,sex_t,geo_cov_urb,mts_details_wid,2007,329.983
per,sex_t,geo_cov_urb,mts_details_wid,2008,346.005
per,sex_t,geo_cov_urb,mts_details_wid,2009,333.063
per,sex_t,geo_cov_urb,mts_details_wid,2010,336.576
per,sex_t,geo_cov_urb,mts_details_wid,2011,358.916
per,sex_t,geo_cov_urb,mts_details_wid,2012,356.083
per,sex_t,geo_cov_urb,mts_details_wid,2013,392.738
per,sex_t,geo_cov_urb,mts_details_wid,2014,384.11
per,sex_t,geo_cov_urb,mts_details_wid,2015,397.246
per,sex_t,geo_cov_urb,mts_details_wid,2016,430.55
per,sex_t,geo_cov_urb,mts_details_wid,2017,442.484
per,sex_t,geo_cov_urb,mts_details_wid,2018,427.537
per,sex_t,geo_cov_urb,mts_details_wid,2019,437.332
per,sex_t,geo_cov_urb,mts_details_wid,2020,481.198
per,sex_t,geo_cov_urb,mts_details_wid,2021,519.267
per,sex_t,geo_cov_urb,mts_details_x,2002,6.54
phl,sex_f,geo_cov_nat,mts_aggregate_1,2007,6816.505
phl,sex_f,geo_cov_nat,mts_aggregate_1,2008,7067.995
phl,sex_f,geo_cov_nat,mts_aggregate_1,2009,7187.845
phl,sex_f,geo_cov_nat,mts_aggregate_1,2010,7326.544
phl,sex_f,geo_cov_nat,mts_aggregate_1,2011,7335.526
phl,sex_f,geo_cov_nat,mts_aggregate_1,2012,7519.254
phl,sex_f,geo_cov_nat,mts_aggregate_1,2013,7754.123
phl,sex_f,geo_cov_nat,mts_aggregate_1,2014,7560.803
phl,sex_f,geo_cov_nat,mts_aggregate_1,2015,8042.467
phl,sex_f,geo_cov_nat,mts_aggregate_1,2016,7988.288
phl,sex_f,geo_cov_nat,mts_aggregate_1,2017,8581.317
phl,sex_f,geo_cov_nat,mts_aggregate_1,2018,8894.745
phl,sex_f,geo_cov_nat,mts_aggregate_1,2019,9129.274
phl,sex_f,geo_cov_nat,mts_aggregate_1,2020,10176.993
phl,sex_f,geo_cov_nat,mts_aggregate_2,2007,8130.002
phl,sex_f,geo_cov_nat,mts_aggregate_2,2008,8381.83
phl,sex_f,geo_cov_nat,mts_aggregate_2,2009,8395.429
phl,sex_f,geo_cov_nat,mts_aggregate_2,2010,8552.702
phl,sex_f,geo_cov_nat,mts_aggregate_2,2011,8585.654
phl,sex_f,geo_cov_nat,mts_aggregate_2,2012,8831.473
phl,sex_f,geo_cov_nat,mts_aggregate_2,2013,8931.309
phl,sex_f,geo_cov_nat,mts_aggregate_2,2014,8689.478
phl,sex_f,geo_cov_nat,mts_aggregate_2,2015,8889.182
phl,sex_f,geo_cov_nat,mts_aggregate_2,2016,9753.31
phl,sex_f,geo_cov_nat,mts_aggregate_2,2017,10649.107
phl,sex_f,geo_cov_nat,mts_aggregate_2,2018,10539.418
phl,sex_f,geo_cov_nat,mts_aggregate_2,2019,10343.032
phl,sex_f,geo_cov_nat,mts_aggregate_2,2020,10926.151
phl,sex_f,geo_cov_nat,mts_aggregate_total,2007,14953.286
phl,sex_f,geo_cov_nat,mts_aggregate_total,2008,15456.86
phl,sex_f,geo_cov_nat,mts_aggregate_total,2009,15589.928
phl,sex_f,geo_cov_nat,mts_aggregate_total,2010,15889.212
phl,sex_f,geo_cov_nat,mts_aggregate_total,2011,15930.439
phl,sex_f,geo_cov_nat,mts_aggregate_total,2012,16362.543
phl,sex_f,geo_cov_nat,mts_aggregate_total,2013,16693.807
phl,sex_f,geo_cov_nat,mts_aggregate_total,2014,16256.6
phl,sex_f,geo_cov_nat,mts_aggregate_total,2015,16940.764
phl,sex_f,geo_cov_nat,mts_aggregate_total,2016,17749.714
phl,sex_f,geo_cov_nat,mts_aggregate_total,2017,19242.35
phl,sex_f,geo_cov_nat,mts_aggregate_total,2018,19446.088
phl,sex_f,geo_cov_nat,mts_aggregate_total,2019,19476.545
phl,sex_f,geo_cov_nat,mts_aggregate_total,2020,21108.177
phl,sex_f,geo_cov_nat,mts_aggregate_x,2007,6.779
phl,sex_f,geo_cov_nat,mts_aggregate_x,2008,7.035
phl,sex_f,geo_cov_nat,mts_aggregate_x,2009,6.654
phl,sex_f,geo_cov_nat,mts_aggregate_x,2010,9.965
phl,sex_f,geo_cov_nat,mts_aggregate_x,2011,9.258
phl,sex_f,geo_cov_nat,mts_aggregate_x,2012,11.816
phl,sex_f,geo_cov_nat,mts_aggregate_x,2013,8.375
phl,sex_f,geo_cov_nat,mts_aggregate_x,2014,6.319
phl,sex_f,geo_cov_nat,mts_aggregate_x,2015,9.115
phl,sex_f,geo_cov_nat,mts_aggregate_x,2016,8.116
phl,sex_f,geo_cov_nat,mts_aggregate_x,2017,11.926
phl,sex_f,geo_cov_nat,mts_aggregate_x,2018,11.924
phl,sex_f,geo_cov_nat,mts_aggregate_x,2019,4.239
phl,sex_f,geo_cov_nat,mts_aggregate_x,2020,5.032
phl,sex_f,geo_cov_nat,mts_details_mrd,2007,8130.002
phl,sex_f,geo_cov_nat,mts_details_mrd,2008,8381.83
phl,sex_f,geo_cov_nat,mts_details_mrd,2009,8395.429
phl,sex_f,geo_cov_nat,mts_details_mrd,2010,8552.702
phl,sex_f,geo_cov_nat,mts_details_mrd,2011,8585.654
phl,sex_f,geo_cov_nat,mts_details_mrd,2012,8831.473
phl,sex_f,geo_cov_nat,mts_details_mrd,2013,8931.309
phl,sex_f,geo_cov_nat,mts_details_mrd,2014,8689.478
phl,sex_f,geo_cov_nat,mts_details_mrd,2015,8889.182
phl,sex_f,geo_cov_nat,mts_details_mrd,2016,9753.31
phl,sex_f,geo_cov_nat,mts_details_mrd,2017,10649.107
phl,sex_f,geo_cov_nat,mts_details_mrd,2018,10539.418
phl,sex_f,geo_cov_nat,mts_details_mrd,2019,10343.032
phl,sex_f,geo_cov_nat,mts_details_mrd,2020,10926.151
phl,sex_f,geo_cov_nat,mts_details_sep,2007,162.711
phl,sex_f,geo_cov_nat,mts_details_sep,2008,168.33
phl,sex_f,geo_cov_nat,mts_details_sep,2009,180.09
phl,sex_f,geo_cov_nat,mts_details_sep,2010,178.247
phl,sex_f,geo_cov_nat,mts_details_sep,2011,208.053
phl,sex_f,geo_cov_nat,mts_details_sep,2012,225.776
phl,sex_f,geo_cov_nat,mts_details_sep,2013,227.8
phl,sex_f,geo_cov_nat,mts_details_sep,2014,222.522
phl,sex_f,geo_cov_nat,mts_details_sep,2015,234.371
phl,sex_f,geo_cov_nat,mts_details_sep,2016,252.932
phl,sex_f,geo_cov_nat,mts_details_sep,2017,279.38
phl,sex_f,geo_cov_nat,mts_details_sep,2018,278.269
phl,sex_f,geo_cov_nat,mts_details_sep,2019,294.063
phl,sex_f,geo_cov_nat,mts_details_sep,2020,399.509
phl,sex_f,geo_cov_nat,mts_details_sgle,2007,5425.084
phl,sex_f,geo_cov_nat,mts_details_sgle,2008,5591.847
phl,sex_f,geo_cov_nat,mts_details_sgle,2009,5639.236
phl,sex_f,geo_cov_nat,mts_details_sgle,2010,5761.701
phl,sex_f,geo_cov_nat,mts_details_sgle,2011,5701.952
phl,sex_f,geo_cov_nat,mts_details_sgle,2012,5854.045
phl,sex_f,geo_cov_nat,mts_details_sgle,2013,6057.99
phl,sex_f,geo_cov_nat,mts_details_sgle,2014,5908.025
phl,sex_f,geo_cov_nat,mts_details_sgle,2015,6345.95
phl,sex_f,geo_cov_nat,mts_details_sgle,2016,6025.857
phl,sex_f,geo_cov_nat,mts_details_sgle,2017,6398.304
phl,sex_f,geo_cov_nat,mts_details_sgle,2018,6680.778
phl,sex_f,geo_cov_nat,mts_details_sgle,2019,6881.982
phl,sex_f,geo_cov_nat,mts_details_sgle,2020,7619.64
phl,sex_f,geo_cov_nat,mts_details_total,2007,14953.286
phl,sex_f,geo_cov_nat,mts_details_total,2008,15456.86
phl,sex_f,geo_cov_nat,mts_details_total,2009,15589.928
phl,sex_f,geo_cov_nat,mts_details_total,2010,15889.212
phl,sex_f,geo_cov_nat,mts_details_total,2011,15930.439
phl,sex_f,geo_cov_nat,mts_details_total,2012,16362.543
phl,sex_f,geo_cov_nat,mts_details_total,2013,16693.807
phl,sex_f,geo_cov_nat,mts_details_total,2014,16256.6
phl,sex_f,geo_cov_nat,mts_details_total,2015,16940.764
phl,sex_f,geo_cov_nat,mts_details_total,2016,17749.714
phl,sex_f,geo_cov_nat,mts_details_total,2017,19242.35
phl,sex_f,geo_cov_nat,mts_details_total,2018,19446.088
phl,sex_f,geo_cov_nat,mts_details_total,2019,19476.545
phl,sex_f,geo_cov_nat,mts_details_total,2020,21108.177
phl,sex_f,geo_cov_nat,mts_details_wid,2007,1228.71
phl,sex_f,geo_cov_nat,mts_details_wid,2008,1307.817
phl,sex_f,geo_cov_nat,mts_details_wid,2009,1368.519
phl,sex_f,geo_cov_nat,mts_details_wid,2010,1386.596
phl,sex_f,geo_cov_nat,mts_details_wid,2011,1425.522
phl,sex_f,geo_cov_nat,mts_details_wid,2012,1439.433
phl,sex_f,geo_cov_nat,mts_details_wid,2013,1468.333
phl,sex_f,geo_cov_nat,mts_details_wid,2014,1430.256
phl,sex_f,geo_cov_nat,mts_details_wid,2015,1462.147
phl,sex_f,geo_cov_nat,mts_details_wid,2016,1709.499
phl,sex_f,geo_cov_nat,mts_details_wid,2017,1903.634
phl,sex_f,geo_cov_nat,mts_details_wid,2018,1935.699
phl,sex_f,geo_cov_nat,mts_details_wid,2019,1953.229
phl,sex_f,geo_cov_nat,mts_details_wid,2020,2157.845
phl,sex_f,geo_cov_nat,mts_details_x,2007,6.779
phl,sex_f,geo_cov_nat,mts_details_x,2008,7.035
phl,sex_f,geo_cov_nat,mts_details_x,2009,6.654
phl,sex_f,geo_cov_nat,mts_details_x,2010,9.965
phl,sex_f,geo_cov_nat,mts_details_x,2011,9.258
phl,sex_f,geo_cov_nat,mts_details_x,2012,11.816
phl,sex_f,geo_cov_nat,mts_details_x,2013,8.375
phl,sex_f,geo_cov_nat,mts_details_x,2014,6.319
phl,sex_f,geo_cov_nat,mts_details_x,2015,9.115
phl,sex_f,geo_cov_nat,mts_details_x,2016,8.116
phl,sex_f,geo_cov_nat,mts_details_x,2017,11.926
phl,sex_f,geo_cov_nat,mts_details_x,2018,11.924
phl,sex_f,geo_cov_nat,mts_details_x,2019,4.239
phl,sex_f,geo_cov_nat,mts_details_x,2020,5.032
phl,sex_f,geo_cov_rur,mts_aggregate_1,2007,3154.793
phl,sex_f,geo_cov_rur,mts_aggregate_1,2008,3296.414
phl,sex_f,geo_cov_rur,mts_aggregate_1,2009,3303.734
phl,sex_f,geo_cov_rur,mts_aggregate_1,2010,3412.125
phl,sex_f,geo_cov_rur,mts_aggregate_1,2011,3453.413
phl,sex_f,geo_cov_rur,mts_aggregate_1,2012,3617.9
phl,sex_f,geo_cov_rur,mts_aggregate_1,2013,3809.678
phl,sex_f,geo_cov_rur,mts_aggregate_1,2014,3693.681
phl,sex_f,geo_cov_rur,mts_aggregate_1,2015,3967.167
phl,sex_f,geo_cov_rur,mts_aggregate_1,2016,4415.227
phl,sex_f,geo_cov_rur,mts_aggregate_1,2017,4667.349
phl,sex_f,geo_cov_rur,mts_aggregate_1,2018,4941.768
phl,sex_f,geo_cov_rur,mts_aggregate_1,2019,4977.276
phl,sex_f,geo_cov_rur,mts_aggregate_1,2020,4758.712
phl,sex_f,geo_cov_rur,mts_aggregate_2,2007,3951.514
phl,sex_f,geo_cov_rur,mts_aggregate_2,2008,4095.685
phl,sex_f,geo_cov_rur,mts_aggregate_2,2009,4068.103
phl,sex_f,geo_cov_rur,mts_aggregate_2,2010,4162.697
phl,sex_f,geo_cov_rur,mts_aggregate_2,2011,4230.318
phl,sex_f,geo_cov_rur,mts_aggregate_2,2012,4350.573
phl,sex_f,geo_cov_rur,mts_aggregate_2,2013,4440.531
phl,sex_f,geo_cov_rur,mts_aggregate_2,2014,4263.239
phl,sex_f,geo_cov_rur,mts_aggregate_2,2015,4473.276
phl,sex_f,geo_cov_rur,mts_aggregate_2,2016,5418.702
phl,sex_f,geo_cov_rur,mts_aggregate_2,2017,5851.325
phl,sex_f,geo_cov_rur,mts_aggregate_2,2018,5939.714
phl,sex_f,geo_cov_rur,mts_aggregate_2,2019,5755.15
phl,sex_f,geo_cov_rur,mts_aggregate_2,2020,5230.192
phl,sex_f,geo_cov_rur,mts_aggregate_total,2007,7109.406
phl,sex_f,geo_cov_rur,mts_aggregate_total,2008,7396.059
phl,sex_f,geo_cov_rur,mts_aggregate_total,2009,7374.817
phl,sex_f,geo_cov_rur,mts_aggregate_total,2010,7579.831
phl,sex_f,geo_cov_rur,mts_aggregate_total,2011,7687.78
phl,sex_f,geo_cov_rur,mts_aggregate_total,2012,7973.903
phl,sex_f,geo_cov_rur,mts_aggregate_total,2013,8254.34
phl,sex_f,geo_cov_rur,mts_aggregate_total,2014,7959.785
phl,sex_f,geo_cov_rur,mts_aggregate_total,2015,8444.346
phl,sex_f,geo_cov_rur,mts_aggregate_total,2016,9838.096
phl,sex_f,geo_cov_rur,mts_aggregate_total,2017,10525.122
phl,sex_f,geo_cov_rur,mts_aggregate_total,2018,10888.071
phl,sex_f,geo_cov_rur,mts_aggregate_total,2019,10735.449
phl,sex_f,geo_cov_rur,mts_aggregate_total,2020,9989.828
phl,sex_f,geo_cov_rur,mts_aggregate_x,2007,3.1
phl,sex_f,geo_cov_rur,mts_aggregate_x,2008,3.96
phl,sex_f,geo_cov_rur,mts_aggregate_x,2009,2.98
phl,sex_f,geo_cov_rur,mts_aggregate_x,2010,5.01
phl,sex_f,geo_cov_rur,mts_aggregate_x,2011,4.049
phl,sex_f,geo_cov_rur,mts_aggregate_x,2012,5.431
phl,sex_f,geo_cov_rur,mts_aggregate_x,2013,4.131
phl,sex_f,geo_cov_rur,mts_aggregate_x,2014,2.864
phl,sex_f,geo_cov_rur,mts_aggregate_x,2015,3.903
phl,sex_f,geo_cov_rur,mts_aggregate_x,2016,4.167
phl,sex_f,geo_cov_rur,mts_aggregate_x,2017,6.448
phl,sex_f,geo_cov_rur,mts_aggregate_x,2018,6.589
phl,sex_f,geo_cov_rur,mts_aggregate_x,2019,3.022
phl,sex_f,geo_cov_rur,mts_aggregate_x,2020,0.923
phl,sex_f,geo_cov_rur,mts_details_mrd,2007,3951.514
phl,sex_f,geo_cov_rur,mts_details_mrd,2008,4095.685
phl,sex_f,geo_cov_rur,mts_details_mrd,2009,4068.103
phl,sex_f,geo_cov_rur,mts_details_mrd,2010,4162.697
phl,sex_f,geo_cov_rur,mts_details_mrd,2011,4230.318
phl,sex_f,geo_cov_rur,mts_details_mrd,2012,4350.573
phl,sex_f,geo_cov_rur,mts_details_mrd,2013,4440.531
phl,sex_f,geo_cov_rur,mts_details_mrd,2014,4263.239
phl,sex_f,geo_cov_rur,mts_details_mrd,2015,4473.276
phl,sex_f,geo_cov_rur,mts_details_mrd,2016,5418.702
phl,sex_f,geo_cov_rur,mts_details_mrd,2017,5851.325
phl,sex_f,geo_cov_rur,mts_details_mrd,2018,5939.714
phl,sex_f,geo_cov_rur,mts_details_mrd,2019,5755.15
phl,sex_f,geo_cov_rur,mts_details_mrd,2020,5230.192
phl,sex_f,geo_cov_rur,mts_details_sep,2007,52.658
phl,sex_f,geo_cov_rur,mts_details_sep,2008,48.994
phl,sex_f,geo_cov_rur,mts_details_sep,2009,55.68
phl,sex_f,geo_cov_rur,mts_details_sep,2010,58.017
phl,sex_f,geo_cov_rur,mts_details_sep,2011,62.925
phl,sex_f,geo_cov_rur,mts_details_sep,2012,68.721
phl,sex_f,geo_cov_rur,mts_details_sep,2013,76.851
phl,sex_f,geo_cov_rur,mts_details_sep,2014,76.71
phl,sex_f,geo_cov_rur,mts_details_sep,2015,76.468
phl,sex_f,geo_cov_rur,mts_details_sep,2016,99.926
phl,sex_f,geo_cov_rur,mts_details_sep,2017,121.458
phl,sex_f,geo_cov_rur,mts_details_sep,2018,123.211
phl,sex_f,geo_cov_rur,mts_details_sep,2019,122.367
phl,sex_f,geo_cov_rur,mts_details_sep,2020,141.957
phl,sex_f,geo_cov_rur,mts_details_sgle,2007,2527.857
phl,sex_f,geo_cov_rur,mts_details_sgle,2008,2640.611
phl,sex_f,geo_cov_rur,mts_details_sgle,2009,2615.509
phl,sex_f,geo_cov_rur,mts_details_sgle,2010,2714.676
phl,sex_f,geo_cov_rur,mts_details_sgle,2011,2728.327
phl,sex_f,geo_cov_rur,mts_details_sgle,2012,2896.357
phl,sex_f,geo_cov_rur,mts_details_sgle,2013,3054.225
phl,sex_f,geo_cov_rur,mts_details_sgle,2014,2965.054
phl,sex_f,geo_cov_rur,mts_details_sgle,2015,3204.279
phl,sex_f,geo_cov_rur,mts_details_sgle,2016,3388.184
phl,sex_f,geo_cov_rur,mts_details_sgle,2017,3513.33
phl,sex_f,geo_cov_rur,mts_details_sgle,2018,3758.406
phl,sex_f,geo_cov_rur,mts_details_sgle,2019,3813.011
phl,sex_f,geo_cov_rur,mts_details_sgle,2020,3626.516
phl,sex_f,geo_cov_rur,mts_details_total,2007,7109.406
phl,sex_f,geo_cov_rur,mts_details_total,2008,7396.059
phl,sex_f,geo_cov_rur,mts_details_total,2009,7374.817
phl,sex_f,geo_cov_rur,mts_details_total,2010,7579.831
phl,sex_f,geo_cov_rur,mts_details_total,2011,7687.78
phl,sex_f,geo_cov_rur,mts_details_total,2012,7973.903
phl,sex_f,geo_cov_rur,mts_details_total,2013,8254.34
phl,sex_f,geo_cov_rur,mts_details_total,2014,7959.785
phl,sex_f,geo_cov_rur,mts_details_total,2015,8444.346
phl,sex_f,geo_cov_rur,mts_details_total,2016,9838.096
phl,sex_f,geo_cov_rur,mts_details_total,2017,10525.122
phl,sex_f,geo_cov_rur,mts_details_total,2018,10888.071
phl,sex_f,geo_cov_rur,mts_details_total,2019,10735.449
phl,sex_f,geo_cov_rur,mts_details_total,2020,9989.828
phl,sex_f,geo_cov_rur,mts_details_wid,2007,574.279
phl,sex_f,geo_cov_rur,mts_details_wid,2008,606.81
phl,sex_f,geo_cov_rur,mts_details_wid,2009,632.545
phl,sex_f,geo_cov_rur,mts_details_wid,2010,639.431
phl,sex_f,geo_cov_rur,mts_details_wid,2011,662.161
phl,sex_f,geo_cov_rur,mts_details_wid,2012,652.821
phl,sex_f,geo_cov_rur,mts_details_wid,2013,678.602
phl,sex_f,geo_cov_rur,mts_details_wid,2014,651.917
phl,sex_f,geo_cov_rur,mts_details_wid,2015,686.42
phl,sex_f,geo_cov_rur,mts_details_wid,2016,927.117
phl,sex_f,geo_cov_rur,mts_details_wid,2017,1032.56
phl,sex_f,geo_cov_rur,mts_details_wid,2018,1060.151
phl,sex_f,geo_cov_rur,mts_details_wid,2019,1041.898
phl,sex_f,geo_cov_rur,mts_details_wid,2020,990.239
phl,sex_f,geo_cov_rur,mts_details_x,2007,3.1
phl,sex_f,geo_cov_rur,mts_details_x,2008,3.96
phl,sex_f,geo_cov_rur,mts_details_x,2009,2.98
phl,sex_f,geo_cov_rur,mts_details_x,2010,5.01
phl,sex_f,geo_cov_rur,mts_details_x,2011,4.049
phl,sex_f,geo_cov_rur,mts_details_x,2012,5.431
phl,sex_f,geo_cov_rur,mts_details_x,2013,4.131
phl,sex_f,geo_cov_rur,mts_details_x,2014,2.864
phl,sex_f,geo_cov_rur,mts_details_x,2015,3.903
phl,sex_f,geo_cov_rur,mts_details_x,2016,4.167
phl,sex_f,geo_cov_rur,mts_details_x,2017,6.448
phl,sex_f,geo_cov_rur,mts_details_x,2018,6.589
phl,sex_f,geo_cov_rur,mts_details_x,2019,3.022
phl,sex_f,geo_cov_rur,mts_details_x,2020,0.923
phl,sex_f,geo_cov_urb,mts_aggregate_1,2007,3661.712
phl,sex_f,geo_cov_urb,mts_aggregate_1,2008,3771.581
phl,sex_f,geo_cov_urb,mts_aggregate_1,2009,3884.111
phl,sex_f,geo_cov_urb,mts_aggregate_1,2010,3914.42
phl,sex_f,geo_cov_urb,mts_aggregate_1,2011,3882.113
phl,sex_f,geo_cov_urb,mts_aggregate_1,2012,3901.355
phl,sex_f,geo_cov_urb,mts_aggregate_1,2013,3944.445
phl,sex_f,geo_cov_urb,mts_aggregate_1,2014,3867.121
phl,sex_f,geo_cov_urb,mts_aggregate_1,2015,4075.301
phl,sex_f,geo_cov_urb,mts_aggregate_1,2016,3573.061
phl,sex_f,geo_cov_urb,mts_aggregate_1,2017,3913.968
phl,sex_f,geo_cov_urb,mts_aggregate_1,2018,3952.977
phl,sex_f,geo_cov_urb,mts_aggregate_1,2019,4151.998
phl,sex_f,geo_cov_urb,mts_aggregate_1,2020,5418.282
phl,sex_f,geo_cov_urb,mts_aggregate_2,2007,4178.488
phl,sex_f,geo_cov_urb,mts_aggregate_2,2008,4286.145
phl,sex_f,geo_cov_urb,mts_aggregate_2,2009,4327.326
phl,sex_f,geo_cov_urb,mts_aggregate_2,2010,4390.006
phl,sex_f,geo_cov_urb,mts_aggregate_2,2011,4355.337
phl,sex_f,geo_cov_urb,mts_aggregate_2,2012,4480.901
phl,sex_f,geo_cov_urb,mts_aggregate_2,2013,4490.779
phl,sex_f,geo_cov_urb,mts_aggregate_2,2014,4426.239
phl,sex_f,geo_cov_urb,mts_aggregate_2,2015,4415.906
phl,sex_f,geo_cov_urb,mts_aggregate_2,2016,4334.608
phl,sex_f,geo_cov_urb,mts_aggregate_2,2017,4797.782
phl,sex_f,geo_cov_urb,mts_aggregate_2,2018,4599.705
phl,sex_f,geo_cov_urb,mts_aggregate_2,2019,4587.882
phl,sex_f,geo_cov_urb,mts_aggregate_2,2020,5695.959
phl,sex_f,geo_cov_urb,mts_aggregate_total,2007,7843.88
phl,sex_f,geo_cov_urb,mts_aggregate_total,2008,8060.8
phl,sex_f,geo_cov_urb,mts_aggregate_total,2009,8215.111
phl,sex_f,geo_cov_urb,mts_aggregate_total,2010,8309.381
phl,sex_f,geo_cov_urb,mts_aggregate_total,2011,8242.659
phl,sex_f,geo_cov_urb,mts_aggregate_total,2012,8388.64
phl,sex_f,geo_cov_urb,mts_aggregate_total,2013,8439.467
phl,sex_f,geo_cov_urb,mts_aggregate_total,2014,8296.815
phl,sex_f,geo_cov_urb,mts_aggregate_total,2015,8496.418
phl,sex_f,geo_cov_urb,mts_aggregate_total,2016,7911.618
phl,sex_f,geo_cov_urb,mts_aggregate_total,2017,8717.227
phl,sex_f,geo_cov_urb,mts_aggregate_total,2018,8558.017
phl,sex_f,geo_cov_urb,mts_aggregate_total,2019,8741.096
phl,sex_f,geo_cov_urb,mts_aggregate_total,2020,11118.349
phl,sex_f,geo_cov_urb,mts_aggregate_x,2007,3.68
phl,sex_f,geo_cov_urb,mts_aggregate_x,2008,3.075
phl,sex_f,geo_cov_urb,mts_aggregate_x,2009,3.674
phl,sex_f,geo_cov_urb,mts_aggregate_x,2010,4.955
phl,sex_f,geo_cov_urb,mts_aggregate_x,2011,5.209
phl,sex_f,geo_cov_urb,mts_aggregate_x,2012,6.385
phl,sex_f,geo_cov_urb,mts_aggregate_x,2013,4.243
phl,sex_f,geo_cov_urb,mts_aggregate_x,2014,3.455
phl,sex_f,geo_cov_urb,mts_aggregate_x,2015,5.212
phl,sex_f,geo_cov_urb,mts_aggregate_x,2016,3.949
phl,sex_f,geo_cov_urb,mts_aggregate_x,2017,5.478
phl,sex_f,geo_cov_urb,mts_aggregate_x,2018,5.335
phl,sex_f,geo_cov_urb,mts_aggregate_x,2019,1.217
phl,sex_f,geo_cov_urb,mts_aggregate_x,2020,4.109
phl,sex_f,geo_cov_urb,mts_details_mrd,2007,4178.488
phl,sex_f,geo_cov_urb,mts_details_mrd,2008,4286.145
phl,sex_f,geo_cov_urb,mts_details_mrd,2009,4327.326
phl,sex_f,geo_cov_urb,mts_details_mrd,2010,4390.006
phl,sex_f,geo_cov_urb,mts_details_mrd,2011,4355.337
phl,sex_f,geo_cov_urb,mts_details_mrd,2012,4480.901
phl,sex_f,geo_cov_urb,mts_details_mrd,2013,4490.779
phl,sex_f,geo_cov_urb,mts_details_mrd,2014,4426.239
phl,sex_f,geo_cov_urb,mts_details_mrd,2015,4415.906
phl,sex_f,geo_cov_urb,mts_details_mrd,2016,4334.608
phl,sex_f,geo_cov_urb,mts_details_mrd,2017,4797.782
phl,sex_f,geo_cov_urb,mts_details_mrd,2018,4599.705
phl,sex_f,geo_cov_urb,mts_details_mrd,2019,4587.882
phl,sex_f,geo_cov_urb,mts_details_mrd,2020,5695.959
phl,sex_f,geo_cov_urb,mts_details_sep,2007,110.053
phl,sex_f,geo_cov_urb,mts_details_sep,2008,119.337
phl,sex_f,geo_cov_urb,mts_details_sep,2009,124.41
phl,sex_f,geo_cov_urb,mts_details_sep,2010,120.23
phl,sex_f,geo_cov_urb,mts_details_sep,2011,145.127
phl,sex_f,geo_cov_urb,mts_details_sep,2012,157.055
phl,sex_f,geo_cov_urb,mts_details_sep,2013,150.948
phl,sex_f,geo_cov_urb,mts_details_sep,2014,145.812
phl,sex_f,geo_cov_urb,mts_details_sep,2015,157.903
phl,sex_f,geo_cov_urb,mts_details_sep,2016,153.006
phl,sex_f,geo_cov_urb,mts_details_sep,2017,157.921
phl,sex_f,geo_cov_urb,mts_details_sep,2018,155.057
phl,sex_f,geo_cov_urb,mts_details_sep,2019,171.696
phl,sex_f,geo_cov_urb,mts_details_sep,2020,257.552
phl,sex_f,geo_cov_urb,mts_details_sgle,2007,2897.228
phl,sex_f,geo_cov_urb,mts_details_sgle,2008,2951.236
phl,sex_f,geo_cov_urb,mts_details_sgle,2009,3023.727
phl,sex_f,geo_cov_urb,mts_details_sgle,2010,3047.025
phl,sex_f,geo_cov_urb,mts_details_sgle,2011,2973.625
phl,sex_f,geo_cov_urb,mts_details_sgle,2012,2957.688
phl,sex_f,geo_cov_urb,mts_details_sgle,2013,3003.766
phl,sex_f,geo_cov_urb,mts_details_sgle,2014,2942.971
phl,sex_f,geo_cov_urb,mts_details_sgle,2015,3141.671
phl,sex_f,geo_cov_urb,mts_details_sgle,2016,2637.673
phl,sex_f,geo_cov_urb,mts_details_sgle,2017,2884.973
phl,sex_f,geo_cov_urb,mts_details_sgle,2018,2922.372
phl,sex_f,geo_cov_urb,mts_details_sgle,2019,3068.972
phl,sex_f,geo_cov_urb,mts_details_sgle,2020,3993.124
phl,sex_f,geo_cov_urb,mts_details_total,2007,7843.88
phl,sex_f,geo_cov_urb,mts_details_total,2008,8060.8
phl,sex_f,geo_cov_urb,mts_details_total,2009,8215.111
phl,sex_f,geo_cov_urb,mts_details_total,2010,8309.381
phl,sex_f,geo_cov_urb,mts_details_total,2011,8242.659
phl,sex_f,geo_cov_urb,mts_details_total,2012,8388.64
phl,sex_f,geo_cov_urb,mts_details_total,2013,8439.467
phl,sex_f,geo_cov_urb,mts_details_total,2014,8296.815
phl,sex_f,geo_cov_urb,mts_details_total,2015,8496.418
phl,sex_f,geo_cov_urb,mts_details_total,2016,7911.618
phl,sex_f,geo_cov_urb,mts_details_total,2017,8717.227
phl,sex_f,geo_cov_urb,mts_details_total,2018,8558.017
phl,sex_f,geo_cov_urb,mts_details_total,2019,8741.096
phl,sex_f,geo_cov_urb,mts_details_total,2020,11118.349
phl,sex_f,geo_cov_urb,mts_details_wid,2007,654.431
phl,sex_f,geo_cov_urb,mts_details_wid,2008,701.008
phl,sex_f,geo_cov_urb,mts_details_wid,2009,735.975
phl,sex_f,geo_cov_urb,mts_details_wid,2010,747.165
phl,sex_f,geo_cov_urb,mts_details_wid,2011,763.361
phl,sex_f,geo_cov_urb,mts_details_wid,2012,786.612
phl,sex_f,geo_cov_urb,mts_details_wid,2013,789.731
phl,sex_f,geo_cov_urb,mts_details_wid,2014,778.339
phl,sex_f,geo_cov_urb,mts_details_wid,2015,775.726
phl,sex_f,geo_cov_urb,mts_details_wid,2016,782.382
phl,sex_f,geo_cov_urb,mts_details_wid,2017,871.073
phl,sex_f,geo_cov_urb,mts_details_wid,2018,875.548
phl,sex_f,geo_cov_urb,mts_details_wid,2019,911.331
phl,sex_f,geo_cov_urb,mts_details_wid,2020,1167.606
phl,sex_f,geo_cov_urb,mts_details_x,2007,3.68
phl,sex_f,geo_cov_urb,mts_details_x,2008,3.075
phl,sex_f,geo_cov_urb,mts_details_x,2009,3.674
phl,sex_f,geo_cov_urb,mts_details_x,2010,4.955
phl,sex_f,geo_cov_urb,mts_details_x,2011,5.209
phl,sex_f,geo_cov_urb,mts_details_x,2012,6.385
phl,sex_f,geo_cov_urb,mts_details_x,2013,4.243
phl,sex_f,geo_cov_urb,mts_details_x,2014,3.455
phl,sex_f,geo_cov_urb,mts_details_x,2015,5.212
phl,sex_f,geo_cov_urb,mts_details_x,2016,3.949
phl,sex_f,geo_cov_urb,mts_details_x,2017,5.478
phl,sex_f,geo_cov_urb,mts_details_x,2018,5.335
phl,sex_f,geo_cov_urb,mts_details_x,2019,1.217
phl,sex_f,geo_cov_urb,mts_details_x,2020,4.109
phl,sex_m,geo_cov_nat,mts_aggregate_1,2007,5268.77
phl,sex_m,geo_cov_nat,mts_aggregate_1,2008,5345.456
phl,sex_m,geo_cov_nat,mts_aggregate_1,2009,5472.934
phl,sex_m,geo_cov_nat,mts_aggregate_1,2010,5684.56
phl,sex_m,geo_cov_nat,mts_aggregate_1,2011,5584.658
phl,sex_m,geo_cov_nat,mts_aggregate_1,2012,5783.075
phl,sex_m,geo_cov_nat,mts_aggregate_1,2013,6017.406
phl,sex_m,geo_cov_nat,mts_aggregate_1,2014,5800.631
phl,sex_m,geo_cov_nat,mts_aggregate_1,2015,6371.478
phl,sex_m,geo_cov_nat,mts_aggregate_1,2016,6344.908
phl,sex_m,geo_cov_nat,mts_aggregate_1,2017,6806.279
phl,sex_m,geo_cov_nat,mts_aggregate_1,2018,7246.205
phl,sex_m,geo_cov_nat,mts_aggregate_1,2019,7503.836
phl,sex_m,geo_cov_nat,mts_aggregate_1,2020,8541.122
phl,sex_m,geo_cov_nat,mts_aggregate_2,2007,1754.568
phl,sex_m,geo_cov_nat,mts_aggregate_2,2008,1770.123
phl,sex_m,geo_cov_nat,mts_aggregate_2,2009,1828.472
phl,sex_m,geo_cov_nat,mts_aggregate_2,2010,1890.039
phl,sex_m,geo_cov_nat,mts_aggregate_2,2011,1897.612
phl,sex_m,geo_cov_nat,mts_aggregate_2,2012,2004.482
phl,sex_m,geo_cov_nat,mts_aggregate_2,2013,2068.338
phl,sex_m,geo_cov_nat,mts_aggregate_2,2014,1983.951
phl,sex_m,geo_cov_nat,mts_aggregate_2,2015,2065.637
phl,sex_m,geo_cov_nat,mts_aggregate_2,2016,2177.061
phl,sex_m,geo_cov_nat,mts_aggregate_2,2017,2542.462
phl,sex_m,geo_cov_nat,mts_aggregate_2,2018,2611.193
phl,sex_m,geo_cov_nat,mts_aggregate_2,2019,2626.343
phl,sex_m,geo_cov_nat,mts_aggregate_2,2020,3740.348
phl,sex_m,geo_cov_nat,mts_aggregate_total,2007,7025.296
phl,sex_m,geo_cov_nat,mts_aggregate_total,2008,7117.292
phl,sex_m,geo_cov_nat,mts_aggregate_total,2009,7303.073
phl,sex_m,geo_cov_nat,mts_aggregate_total,2010,7577.731
phl,sex_m,geo_cov_nat,mts_aggregate_total,2011,7483.94
phl,sex_m,geo_cov_nat,mts_aggregate_total,2012,7791.239
phl,sex_m,geo_cov_nat,mts_aggregate_total,2013,8089.973
phl,sex_m,geo_cov_nat,mts_aggregate_total,2014,7787.102
phl,sex_m,geo_cov_nat,mts_aggregate_total,2015,8440.382
phl,sex_m,geo_cov_nat,mts_aggregate_total,2016,8526.987
phl,sex_m,geo_cov_nat,mts_aggregate_total,2017,9353.287
phl,sex_m,geo_cov_nat,mts_aggregate_total,2018,9861.566
phl,sex_m,geo_cov_nat,mts_aggregate_total,2019,10132.48
phl,sex_m,geo_cov_nat,mts_aggregate_total,2020,12284.958
phl,sex_m,geo_cov_nat,mts_aggregate_x,2007,1.959
phl,sex_m,geo_cov_nat,mts_aggregate_x,2008,1.713
phl,sex_m,geo_cov_nat,mts_aggregate_x,2009,1.667
phl,sex_m,geo_cov_nat,mts_aggregate_x,2010,3.131
phl,sex_m,geo_cov_nat,mts_aggregate_x,2011,1.67
phl,sex_m,geo_cov_nat,mts_aggregate_x,2012,3.683
phl,sex_m,geo_cov_nat,mts_aggregate_x,2013,4.229
phl,sex_m,geo_cov_nat,mts_aggregate_x,2014,2.52
phl,sex_m,geo_cov_nat,mts_aggregate_x,2015,3.267
phl,sex_m,geo_cov_nat,mts_aggregate_x,2016,5.018
phl,sex_m,geo_cov_nat,mts_aggregate_x,2017,4.546
phl,sex_m,geo_cov_nat,mts_aggregate_x,2018,4.168
phl,sex_m,geo_cov_nat,mts_aggregate_x,2019,2.301
phl,sex_m,geo_cov_nat,mts_aggregate_x,2020,3.488
phl,sex_m,geo_cov_nat,mts_details_mrd,2007,1754.568
phl,sex_m,geo_cov_nat,mts_details_mrd,2008,1770.123
phl,sex_m,geo_cov_nat,mts_details_mrd,2009,1828.472
phl,sex_m,geo_cov_nat,mts_details_mrd,2010,1890.039
phl,sex_m,geo_cov_nat,mts_details_mrd,2011,1897.612
phl,sex_m,geo_cov_nat,mts_details_mrd,2012,2004.482
phl,sex_m,geo_cov_nat,mts_details_mrd,2013,2068.338
phl,sex_m,geo_cov_nat,mts_details_mrd,2014,1983.951
phl,sex_m,geo_cov_nat,mts_details_mrd,2015,2065.637
phl,sex_m,geo_cov_nat,mts_details_mrd,2016,2177.061
phl,sex_m,geo_cov_nat,mts_details_mrd,2017,2542.462
phl,sex_m,geo_cov_nat,mts_details_mrd,2018,2611.193
phl,sex_m,geo_cov_nat,mts_details_mrd,2019,2626.343
phl,sex_m,geo_cov_nat,mts_details_mrd,2020,3740.348
phl,sex_m,geo_cov_nat,mts_details_sep,2007,65.278
phl,sex_m,geo_cov_nat,mts_details_sep,2008,63.281
phl,sex_m,geo_cov_nat,mts_details_sep,2009,69.704
phl,sex_m,geo_cov_nat,mts_details_sep,2010,73.476
phl,sex_m,geo_cov_nat,mts_details_sep,2011,79.487
phl,sex_m,geo_cov_nat,mts_details_sep,2012,87.029
phl,sex_m,geo_cov_nat,mts_details_sep,2013,85.249
phl,sex_m,geo_cov_nat,mts_details_sep,2014,88.423
phl,sex_m,geo_cov_nat,mts_details_sep,2015,97.586
phl,sex_m,geo_cov_nat,mts_details_sep,2016,98.657
phl,sex_m,geo_cov_nat,mts_details_sep,2017,112.479
phl,sex_m,geo_cov_nat,mts_details_sep,2018,119.177
phl,sex_m,geo_cov_nat,mts_details_sep,2019,124.14
phl,sex_m,geo_cov_nat,mts_details_sep,2020,181.879
phl,sex_m,geo_cov_nat,mts_details_sgle,2007,4909.389
phl,sex_m,geo_cov_nat,mts_details_sgle,2008,4972.352
phl,sex_m,geo_cov_nat,mts_details_sgle,2009,5084.511
phl,sex_m,geo_cov_nat,mts_details_sgle,2010,5284.03
phl,sex_m,geo_cov_nat,mts_details_sgle,2011,5162.838
phl,sex_m,geo_cov_nat,mts_details_sgle,2012,5344.781
phl,sex_m,geo_cov_nat,mts_details_sgle,2013,5564.116
phl,sex_m,geo_cov_nat,mts_details_sgle,2014,5367.02
phl,sex_m,geo_cov_nat,mts_details_sgle,2015,5918.627
phl,sex_m,geo_cov_nat,mts_details_sgle,2016,5859.678
phl,sex_m,geo_cov_nat,mts_details_sgle,2017,6271.314
phl,sex_m,geo_cov_nat,mts_details_sgle,2018,6671.07
phl,sex_m,geo_cov_nat,mts_details_sgle,2019,6923.273
phl,sex_m,geo_cov_nat,mts_details_sgle,2020,7842.764
phl,sex_m,geo_cov_nat,mts_details_total,2007,7025.296
phl,sex_m,geo_cov_nat,mts_details_total,2008,7117.292
phl,sex_m,geo_cov_nat,mts_details_total,2009,7303.073
phl,sex_m,geo_cov_nat,mts_details_total,2010,7577.731
phl,sex_m,geo_cov_nat,mts_details_total,2011,7483.94
phl,sex_m,geo_cov_nat,mts_details_total,2012,7791.239
phl,sex_m,geo_cov_nat,mts_details_total,2013,8089.973
phl,sex_m,geo_cov_nat,mts_details_total,2014,7787.102
phl,sex_m,geo_cov_nat,mts_details_total,2015,8440.382
phl,sex_m,geo_cov_nat,mts_details_total,2016,8526.987
phl,sex_m,geo_cov_nat,mts_details_total,2017,9353.287
phl,sex_m,geo_cov_nat,mts_details_total,2018,9861.566
phl,sex_m,geo_cov_nat,mts_details_total,2019,10132.48
phl,sex_m,geo_cov_nat,mts_details_total,2020,12284.958
phl,sex_m,geo_cov_nat,mts_details_wid,2007,294.102
phl,sex_m,geo_cov_nat,mts_details_wid,2008,309.823
phl,sex_m,geo_cov_nat,mts_details_wid,2009,318.719
phl,sex_m,geo_cov_nat,mts_details_wid,2010,327.054
phl,sex_m,geo_cov_nat,mts_details_wid,2011,342.334
phl,sex_m,geo_cov_nat,mts_details_wid,2012,351.264
phl,sex_m,geo_cov_nat,mts_details_wid,2013,368.04
phl,sex_m,geo_cov_nat,mts_details_wid,2014,345.188
phl,sex_m,geo_cov_nat,mts_details_wid,2015,355.265
phl,sex_m,geo_cov_nat,mts_details_wid,2016,386.574
phl,sex_m,geo_cov_nat,mts_details_wid,2017,422.486
phl,sex_m,geo_cov_nat,mts_details_wid,2018,455.958
phl,sex_m,geo_cov_nat,mts_details_wid,2019,456.424
phl,sex_m,geo_cov_nat,mts_details_wid,2020,516.478
phl,sex_m,geo_cov_nat,mts_details_x,2007,1.959
phl,sex_m,geo_cov_nat,mts_details_x,2008,1.713
phl,sex_m,geo_cov_nat,mts_details_x,2009,1.667
phl,sex_m,geo_cov_nat,mts_details_x,2010,3.131
phl,sex_m,geo_cov_nat,mts_details_x,2011,1.67
phl,sex_m,geo_cov_nat,mts_details_x,2012,3.683
phl,sex_m,geo_cov_nat,mts_details_x,2013,4.229
phl,sex_m,geo_cov_nat,mts_details_x,2014,2.52
phl,sex_m,geo_cov_nat,mts_details_x,2015,3.267
phl,sex_m,geo_cov_nat,mts_details_x,2016,5.018
phl,sex_m,geo_cov_nat,mts_details_x,2017,4.546
phl,sex_m,geo_cov_nat,mts_details_x,2018,4.168
phl,sex_m,geo_cov_nat,mts_details_x,2019,2.301
phl,sex_m,geo_cov_nat,mts_details_x,2020,3.488
phl,sex_m,geo_cov_rur,mts_aggregate_1,2007,2224.545
phl,sex_m,geo_cov_rur,mts_aggregate_1,2008,2261.852
phl,sex_m,geo_cov_rur,mts_aggregate_1,2009,2330.238
phl,sex_m,geo_cov_rur,mts_aggregate_1,2010,2473.553
phl,sex_m,geo_cov_rur,mts_aggregate_1,2011,2410.871
phl,sex_m,geo_cov_rur,mts_aggregate_1,2012,2579.064
phl,sex_m,geo_cov_rur,mts_aggregate_1,2013,2693.2
phl,sex_m,geo_cov_rur,mts_aggregate_1,2014,2603.454
phl,sex_m,geo_cov_rur,mts_aggregate_1,2015,2968.322
phl,sex_m,geo_cov_rur,mts_aggregate_1,2016,3372.798
phl,sex_m,geo_cov_rur,mts_aggregate_1,2017,3674.995
phl,sex_m,geo_cov_rur,mts_aggregate_1,2018,3960.884
phl,sex_m,geo_cov_rur,mts_aggregate_1,2019,4070.802
phl,sex_m,geo_cov_rur,mts_aggregate_1,2020,3908.332
phl,sex_m,geo_cov_rur,mts_aggregate_2,2007,629.254
phl,sex_m,geo_cov_rur,mts_aggregate_2,2008,630.624
phl,sex_m,geo_cov_rur,mts_aggregate_2,2009,667.842
phl,sex_m,geo_cov_rur,mts_aggregate_2,2010,699.65
phl,sex_m,geo_cov_rur,mts_aggregate_2,2011,717.199
phl,sex_m,geo_cov_rur,mts_aggregate_2,2012,744.933
phl,sex_m,geo_cov_rur,mts_aggregate_2,2013,783.381
phl,sex_m,geo_cov_rur,mts_aggregate_2,2014,760.316
phl,sex_m,geo_cov_rur,mts_aggregate_2,2015,799.03
phl,sex_m,geo_cov_rur,mts_aggregate_2,2016,1015.297
phl,sex_m,geo_cov_rur,mts_aggregate_2,2017,1226.16
phl,sex_m,geo_cov_rur,mts_aggregate_2,2018,1309.038
phl,sex_m,geo_cov_rur,mts_aggregate_2,2019,1307.502
phl,sex_m,geo_cov_rur,mts_aggregate_2,2020,1546.664
phl,sex_m,geo_cov_rur,mts_aggregate_total,2007,2854.145
phl,sex_m,geo_cov_rur,mts_aggregate_total,2008,2892.756
phl,sex_m,geo_cov_rur,mts_aggregate_total,2009,2998.851
phl,sex_m,geo_cov_rur,mts_aggregate_total,2010,3174.452
phl,sex_m,geo_cov_rur,mts_aggregate_total,2011,3128.585
phl,sex_m,geo_cov_rur,mts_aggregate_total,2012,3325.387
phl,sex_m,geo_cov_rur,mts_aggregate_total,2013,3478.197
phl,sex_m,geo_cov_rur,mts_aggregate_total,2014,3364.059
phl,sex_m,geo_cov_rur,mts_aggregate_total,2015,3768.236
phl,sex_m,geo_cov_rur,mts_aggregate_total,2016,4389.649
phl,sex_m,geo_cov_rur,mts_aggregate_total,2017,4903.605
phl,sex_m,geo_cov_rur,mts_aggregate_total,2018,5272.449
phl,sex_m,geo_cov_rur,mts_aggregate_total,2019,5379
phl,sex_m,geo_cov_rur,mts_aggregate_total,2020,5456.056
phl,sex_m,geo_cov_rur,mts_aggregate_x,2007,0.347
phl,sex_m,geo_cov_rur,mts_aggregate_x,2009,0.771
phl,sex_m,geo_cov_rur,mts_aggregate_x,2010,1.248
phl,sex_m,geo_cov_rur,mts_aggregate_x,2011,0.515
phl,sex_m,geo_cov_rur,mts_aggregate_x,2012,1.39
phl,sex_m,geo_cov_rur,mts_aggregate_x,2013,1.615
phl,sex_m,geo_cov_rur,mts_aggregate_x,2015,0.884
phl,sex_m,geo_cov_rur,mts_aggregate_x,2016,1.554
phl,sex_m,geo_cov_rur,mts_aggregate_x,2017,2.45
phl,sex_m,geo_cov_rur,mts_aggregate_x,2018,2.527
phl,sex_m,geo_cov_rur,mts_aggregate_x,2020,1.061
phl,sex_m,geo_cov_rur,mts_details_mrd,2007,629.254
phl,sex_m,geo_cov_rur,mts_details_mrd,2008,630.624
phl,sex_m,geo_cov_rur,mts_details_mrd,2009,667.842
phl,sex_m,geo_cov_rur,mts_details_mrd,2010,699.65
phl,sex_m,geo_cov_rur,mts_details_mrd,2011,717.199
phl,sex_m,geo_cov_rur,mts_details_mrd,2012,744.933
phl,sex_m,geo_cov_rur,mts_details_mrd,2013,783.381
phl,sex_m,geo_cov_rur,mts_details_mrd,2014,760.316
phl,sex_m,geo_cov_rur,mts_details_mrd,2015,799.03
phl,sex_m,geo_cov_rur,mts_details_mrd,2016,1015.297
phl,sex_m,geo_cov_rur,mts_details_mrd,2017,1226.16
phl,sex_m,geo_cov_rur,mts_details_mrd,2018,1309.038
phl,sex_m,geo_cov_rur,mts_details_mrd,2019,1307.502
phl,sex_m,geo_cov_rur,mts_details_mrd,2020,1546.664
phl,sex_m,geo_cov_rur,mts_details_sep,2007,15.992
phl,sex_m,geo_cov_rur,mts_details_sep,2008,19.707
phl,sex_m,geo_cov_rur,mts_details_sep,2009,20.204
phl,sex_m,geo_cov_rur,mts_details_sep,2010,23.257
phl,sex_m,geo_cov_rur,mts_details_sep,2011,25.708
phl,sex_m,geo_cov_rur,mts_details_sep,2012,27.989
phl,sex_m,geo_cov_rur,mts_details_sep,2013,27.286
phl,sex_m,geo_cov_rur,mts_details_sep,2014,26.997
phl,sex_m,geo_cov_rur,mts_details_sep,2015,31.571
phl,sex_m,geo_cov_rur,mts_details_sep,2016,39.078
phl,sex_m,geo_cov_rur,mts_details_sep,2017,53.137
phl,sex_m,geo_cov_rur,mts_details_sep,2018,54.911
phl,sex_m,geo_cov_rur,mts_details_sep,2019,59.7
phl,sex_m,geo_cov_rur,mts_details_sep,2020,65.484
phl,sex_m,geo_cov_rur,mts_details_sgle,2007,2061.319
phl,sex_m,geo_cov_rur,mts_details_sgle,2008,2098.406
phl,sex_m,geo_cov_rur,mts_details_sgle,2009,2158.94
phl,sex_m,geo_cov_rur,mts_details_sgle,2010,2292.603
phl,sex_m,geo_cov_rur,mts_details_sgle,2011,2216.737
phl,sex_m,geo_cov_rur,mts_details_sgle,2012,2379.267
phl,sex_m,geo_cov_rur,mts_details_sgle,2013,2491.614
phl,sex_m,geo_cov_rur,mts_details_sgle,2014,2412.348
phl,sex_m,geo_cov_rur,mts_details_sgle,2015,2766.594
phl,sex_m,geo_cov_rur,mts_details_sgle,2016,3119.508
phl,sex_m,geo_cov_rur,mts_details_sgle,2017,3385.208
phl,sex_m,geo_cov_rur,mts_details_sgle,2018,3649.914
phl,sex_m,geo_cov_rur,mts_details_sgle,2019,3761.043
phl,sex_m,geo_cov_rur,mts_details_sgle,2020,3596.397
phl,sex_m,geo_cov_rur,mts_details_total,2007,2854.145
phl,sex_m,geo_cov_rur,mts_details_total,2008,2892.756
phl,sex_m,geo_cov_rur,mts_details_total,2009,2998.851
phl,sex_m,geo_cov_rur,mts_details_total,2010,3174.452
phl,sex_m,geo_cov_rur,mts_details_total,2011,3128.585
phl,sex_m,geo_cov_rur,mts_details_total,2012,3325.387
phl,sex_m,geo_cov_rur,mts_details_total,2013,3478.197
phl,sex_m,geo_cov_rur,mts_details_total,2014,3364.059
phl,sex_m,geo_cov_rur,mts_details_total,2015,3768.236
phl,sex_m,geo_cov_rur,mts_details_total,2016,4389.649
phl,sex_m,geo_cov_rur,mts_details_total,2017,4903.605
phl,sex_m,geo_cov_rur,mts_details_total,2018,5272.449
phl,sex_m,geo_cov_rur,mts_details_total,2019,5379
phl,sex_m,geo_cov_rur,mts_details_total,2020,5456.056
phl,sex_m,geo_cov_rur,mts_details_wid,2007,147.234
phl,sex_m,geo_cov_rur,mts_details_wid,2008,143.74
phl,sex_m,geo_cov_rur,mts_details_wid,2009,151.095
phl,sex_m,geo_cov_rur,mts_details_wid,2010,157.693
phl,sex_m,geo_cov_rur,mts_details_wid,2011,168.426
phl,sex_m,geo_cov_rur,mts_details_wid,2012,171.809
phl,sex_m,geo_cov_rur,mts_details_wid,2013,174.3
phl,sex_m,geo_cov_rur,mts_details_wid,2014,164.109
phl,sex_m,geo_cov_rur,mts_details_wid,2015,170.158
phl,sex_m,geo_cov_rur,mts_details_wid,2016,214.211
phl,sex_m,geo_cov_rur,mts_details_wid,2017,236.65
phl,sex_m,geo_cov_rur,mts_details_wid,2018,256.059
phl,sex_m,geo_cov_rur,mts_details_wid,2019,250.059
phl,sex_m,geo_cov_rur,mts_details_wid,2020,246.451
phl,sex_m,geo_cov_rur,mts_details_x,2007,0.347
phl,sex_m,geo_cov_rur,mts_details_x,2009,0.771
phl,sex_m,geo_cov_rur,mts_details_x,2010,1.248
phl,sex_m,geo_cov_rur,mts_details_x,2011,0.515
phl,sex_m,geo_cov_rur,mts_details_x,2012,1.39
phl,sex_m,geo_cov_rur,mts_details_x,2013,1.615
phl,sex_m,geo_cov_rur,mts_details_x,2015,0.884
phl,sex_m,geo_cov_rur,mts_details_x,2016,1.554
phl,sex_m,geo_cov_rur,mts_details_x,2017,2.45
phl,sex_m,geo_cov_rur,mts_details_x,2018,2.527
phl,sex_m,geo_cov_rur,mts_details_x,2020,1.061
phl,sex_m,geo_cov_urb,mts_aggregate_1,2007,3044.225
phl,sex_m,geo_cov_urb,mts_aggregate_1,2008,3083.604
phl,sex_m,geo_cov_urb,mts_aggregate_1,2009,3142.695
phl,sex_m,geo_cov_urb,mts_aggregate_1,2010,3211.007
phl,sex_m,geo_cov_urb,mts_aggregate_1,2011,3173.788
phl,sex_m,geo_cov_urb,mts_aggregate_1,2012,3204.01
phl,sex_m,geo_cov_urb,mts_aggregate_1,2013,3324.205
phl,sex_m,geo_cov_urb,mts_aggregate_1,2014,3197.176
phl,sex_m,geo_cov_urb,mts_aggregate_1,2015,3403.156
phl,sex_m,geo_cov_urb,mts_aggregate_1,2016,2972.111
phl,sex_m,geo_cov_urb,mts_aggregate_1,2017,3131.285
phl,sex_m,geo_cov_urb,mts_aggregate_1,2018,3285.322
phl,sex_m,geo_cov_urb,mts_aggregate_1,2019,3433.034
phl,sex_m,geo_cov_urb,mts_aggregate_1,2020,4632.79
phl,sex_m,geo_cov_urb,mts_aggregate_2,2007,1125.314
phl,sex_m,geo_cov_urb,mts_aggregate_2,2008,1139.499
phl,sex_m,geo_cov_urb,mts_aggregate_2,2009,1160.63
phl,sex_m,geo_cov_urb,mts_aggregate_2,2010,1190.389
phl,sex_m,geo_cov_urb,mts_aggregate_2,2011,1180.413
phl,sex_m,geo_cov_urb,mts_aggregate_2,2012,1259.549
phl,sex_m,geo_cov_urb,mts_aggregate_2,2013,1284.957
phl,sex_m,geo_cov_urb,mts_aggregate_2,2014,1223.635
phl,sex_m,geo_cov_urb,mts_aggregate_2,2015,1266.607
phl,sex_m,geo_cov_urb,mts_aggregate_2,2016,1161.763
phl,sex_m,geo_cov_urb,mts_aggregate_2,2017,1316.302
phl,sex_m,geo_cov_urb,mts_aggregate_2,2018,1302.155
phl,sex_m,geo_cov_urb,mts_aggregate_2,2019,1318.841
phl,sex_m,geo_cov_urb,mts_aggregate_2,2020,2193.684
phl,sex_m,geo_cov_urb,mts_aggregate_total,2007,4171.151
phl,sex_m,geo_cov_urb,mts_aggregate_total,2008,4224.536
phl,sex_m,geo_cov_urb,mts_aggregate_total,2009,4304.221
phl,sex_m,geo_cov_urb,mts_aggregate_total,2010,4403.279
phl,sex_m,geo_cov_urb,mts_aggregate_total,2011,4355.356
phl,sex_m,geo_cov_urb,mts_aggregate_total,2012,4465.853
phl,sex_m,geo_cov_urb,mts_aggregate_total,2013,4611.777
phl,sex_m,geo_cov_urb,mts_aggregate_total,2014,4423.043
phl,sex_m,geo_cov_urb,mts_aggregate_total,2015,4672.145
phl,sex_m,geo_cov_urb,mts_aggregate_total,2016,4137.338
phl,sex_m,geo_cov_urb,mts_aggregate_total,2017,4449.682
phl,sex_m,geo_cov_urb,mts_aggregate_total,2018,4589.118
phl,sex_m,geo_cov_urb,mts_aggregate_total,2019,4753.48
phl,sex_m,geo_cov_urb,mts_aggregate_total,2020,6828.902
phl,sex_m,geo_cov_urb,mts_aggregate_x,2007,1.612
phl,sex_m,geo_cov_urb,mts_aggregate_x,2008,1.433
phl,sex_m,geo_cov_urb,mts_aggregate_x,2009,0.896
phl,sex_m,geo_cov_urb,mts_aggregate_x,2010,1.883
phl,sex_m,geo_cov_urb,mts_aggregate_x,2011,1.155
phl,sex_m,geo_cov_urb,mts_aggregate_x,2012,2.293
phl,sex_m,geo_cov_urb,mts_aggregate_x,2013,2.614
phl,sex_m,geo_cov_urb,mts_aggregate_x,2014,2.231
phl,sex_m,geo_cov_urb,mts_aggregate_x,2015,2.382
phl,sex_m,geo_cov_urb,mts_aggregate_x,2016,3.465
phl,sex_m,geo_cov_urb,mts_aggregate_x,2017,2.096
phl,sex_m,geo_cov_urb,mts_aggregate_x,2018,1.641
phl,sex_m,geo_cov_urb,mts_aggregate_x,2019,1.605
phl,sex_m,geo_cov_urb,mts_aggregate_x,2020,2.428
phl,sex_m,geo_cov_urb,mts_details_mrd,2007,1125.314
phl,sex_m,geo_cov_urb,mts_details_mrd,2008,1139.499
phl,sex_m,geo_cov_urb,mts_details_mrd,2009,1160.63
phl,sex_m,geo_cov_urb,mts_details_mrd,2010,1190.389
phl,sex_m,geo_cov_urb,mts_details_mrd,2011,1180.413
phl,sex_m,geo_cov_urb,mts_details_mrd,2012,1259.549
phl,sex_m,geo_cov_urb,mts_details_mrd,2013,1284.957
phl,sex_m,geo_cov_urb,mts_details_mrd,2014,1223.635
phl,sex_m,geo_cov_urb,mts_details_mrd,2015,1266.607
phl,sex_m,geo_cov_urb,mts_details_mrd,2016,1161.763
phl,sex_m,geo_cov_urb,mts_details_mrd,2017,1316.302
phl,sex_m,geo_cov_urb,mts_details_mrd,2018,1302.155
phl,sex_m,geo_cov_urb,mts_details_mrd,2019,1318.841
phl,sex_m,geo_cov_urb,mts_details_mrd,2020,2193.684
phl,sex_m,geo_cov_urb,mts_details_sep,2007,49.287
phl,sex_m,geo_cov_urb,mts_details_sep,2008,43.574
phl,sex_m,geo_cov_urb,mts_details_sep,2009,49.5
phl,sex_m,geo_cov_urb,mts_details_sep,2010,50.219
phl,sex_m,geo_cov_urb,mts_details_sep,2011,53.779
phl,sex_m,geo_cov_urb,mts_details_sep,2012,59.041
phl,sex_m,geo_cov_urb,mts_details_sep,2013,57.963
phl,sex_m,geo_cov_urb,mts_details_sep,2014,61.426
phl,sex_m,geo_cov_urb,mts_details_sep,2015,66.016
phl,sex_m,geo_cov_urb,mts_details_sep,2016,59.579
phl,sex_m,geo_cov_urb,mts_details_sep,2017,59.343
phl,sex_m,geo_cov_urb,mts_details_sep,2018,64.267
phl,sex_m,geo_cov_urb,mts_details_sep,2019,64.44
phl,sex_m,geo_cov_urb,mts_details_sep,2020,116.395
phl,sex_m,geo_cov_urb,mts_details_sgle,2007,2848.07
phl,sex_m,geo_cov_urb,mts_details_sgle,2008,2873.946
phl,sex_m,geo_cov_urb,mts_details_sgle,2009,2925.571
phl,sex_m,geo_cov_urb,mts_details_sgle,2010,2991.427
phl,sex_m,geo_cov_urb,mts_details_sgle,2011,2946.101
phl,sex_m,geo_cov_urb,mts_details_sgle,2012,2965.514
phl,sex_m,geo_cov_urb,mts_details_sgle,2013,3072.502
phl,sex_m,geo_cov_urb,mts_details_sgle,2014,2954.671
phl,sex_m,geo_cov_urb,mts_details_sgle,2015,3152.033
phl,sex_m,geo_cov_urb,mts_details_sgle,2016,2740.17
phl,sex_m,geo_cov_urb,mts_details_sgle,2017,2886.106
phl,sex_m,geo_cov_urb,mts_details_sgle,2018,3021.156
phl,sex_m,geo_cov_urb,mts_details_sgle,2019,3162.23
phl,sex_m,geo_cov_urb,mts_details_sgle,2020,4246.367
phl,sex_m,geo_cov_urb,mts_details_total,2007,4171.151
phl,sex_m,geo_cov_urb,mts_details_total,2008,4224.536
phl,sex_m,geo_cov_urb,mts_details_total,2009,4304.221
phl,sex_m,geo_cov_urb,mts_details_total,2010,4403.279
phl,sex_m,geo_cov_urb,mts_details_total,2011,4355.356
phl,sex_m,geo_cov_urb,mts_details_total,2012,4465.853
phl,sex_m,geo_cov_urb,mts_details_total,2013,4611.777
phl,sex_m,geo_cov_urb,mts_details_total,2014,4423.043
phl,sex_m,geo_cov_urb,mts_details_total,2015,4672.145
phl,sex_m,geo_cov_urb,mts_details_total,2016,4137.338
phl,sex_m,geo_cov_urb,mts_details_total,2017,4449.682
phl,sex_m,geo_cov_urb,mts_details_total,2018,4589.118
phl,sex_m,geo_cov_urb,mts_details_total,2019,4753.48
phl,sex_m,geo_cov_urb,mts_details_total,2020,6828.902
phl,sex_m,geo_cov_urb,mts_details_wid,2007,146.868
phl,sex_m,geo_cov_urb,mts_details_wid,2008,166.084
phl,sex_m,geo_cov_urb,mts_details_wid,2009,167.624
phl,sex_m,geo_cov_urb,mts_details_wid,2010,169.361
phl,sex_m,geo_cov_urb,mts_details_wid,2011,173.908
phl,sex_m,geo_cov_urb,mts_details_wid,2012,179.455
phl,sex_m,geo_cov_urb,mts_details_wid,2013,193.741
phl,sex_m,geo_cov_urb,mts_details_wid,2014,181.079
phl,sex_m,geo_cov_urb,mts_details_wid,2015,185.107
phl,sex_m,geo_cov_urb,mts_details_wid,2016,172.362
phl,sex_m,geo_cov_urb,mts_details_wid,2017,185.836
phl,sex_m,geo_cov_urb,mts_details_wid,2018,199.899
phl,sex_m,geo_cov_urb,mts_details_wid,2019,206.365
phl,sex_m,geo_cov_urb,mts_details_wid,2020,270.028
phl,sex_m,geo_cov_urb,mts_details_x,2007,1.612
phl,sex_m,geo_cov_urb,mts_details_x,2008,1.433
phl,sex_m,geo_cov_urb,mts_details_x,2009,0.896
phl,sex_m,geo_cov_urb,mts_details_x,2010,1.883
phl,sex_m,geo_cov_urb,mts_details_x,2011,1.155
phl,sex_m,geo_cov_urb,mts_details_x,2012,2.293
phl,sex_m,geo_cov_urb,mts_details_x,2013,2.614
phl,sex_m,geo_cov_urb,mts_details_x,2014,2.231
phl,sex_m,geo_cov_urb,mts_details_x,2015,2.382
phl,sex_m,geo_cov_urb,mts_details_x,2016,3.465
phl,sex_m,geo_cov_urb,mts_details_x,2017,2.096
phl,sex_m,geo_cov_urb,mts_details_x,2018,1.641
phl,sex_m,geo_cov_urb,mts_details_x,2019,1.605
phl,sex_m,geo_cov_urb,mts_details_x,2020,2.428
phl,sex_t,geo_cov_nat,mts_aggregate_1,2007,12085.275
phl,sex_t,geo_cov_nat,mts_aggregate_1,2008,12413.451
phl,sex_t,geo_cov_nat,mts_aggregate_1,2009,12660.779
phl,sex_t,geo_cov_nat,mts_aggregate_1,2010,13011.104
phl,sex_t,geo_cov_nat,mts_aggregate_1,2011,12920.185
phl,sex_t,geo_cov_nat,mts_aggregate_1,2012,13302.329
phl,sex_t,geo_cov_nat,mts_aggregate_1,2013,13771.528
phl,sex_t,geo_cov_nat,mts_aggregate_1,2014,13361.434
phl,sex_t,geo_cov_nat,mts_aggregate_1,2015,14413.945
phl,sex_t,geo_cov_nat,mts_aggregate_1,2016,14333.196
phl,sex_t,geo_cov_nat,mts_aggregate_1,2017,15387.596
phl,sex_t,geo_cov_nat,mts_aggregate_1,2018,16140.951
phl,sex_t,geo_cov_nat,mts_aggregate_1,2019,16633.11
phl,sex_t,geo_cov_nat,mts_aggregate_1,2020,18718.115
phl,sex_t,geo_cov_nat,mts_aggregate_2,2007,9884.569
phl,sex_t,geo_cov_nat,mts_aggregate_2,2008,10151.952
phl,sex_t,geo_cov_nat,mts_aggregate_2,2009,10223.901
phl,sex_t,geo_cov_nat,mts_aggregate_2,2010,10442.742
phl,sex_t,geo_cov_nat,mts_aggregate_2,2011,10483.267
phl,sex_t,geo_cov_nat,mts_aggregate_2,2012,10835.955
phl,sex_t,geo_cov_nat,mts_aggregate_2,2013,10999.647
phl,sex_t,geo_cov_nat,mts_aggregate_2,2014,10673.43
phl,sex_t,geo_cov_nat,mts_aggregate_2,2015,10954.819
phl,sex_t,geo_cov_nat,mts_aggregate_2,2016,11930.371
phl,sex_t,geo_cov_nat,mts_aggregate_2,2017,13191.569
phl,sex_t,geo_cov_nat,mts_aggregate_2,2018,13150.611
phl,sex_t,geo_cov_nat,mts_aggregate_2,2019,12969.375
phl,sex_t,geo_cov_nat,mts_aggregate_2,2020,14666.499
phl,sex_t,geo_cov_nat,mts_aggregate_total,2007,21978.582
phl,sex_t,geo_cov_nat,mts_aggregate_total,2008,22574.151
phl,sex_t,geo_cov_nat,mts_aggregate_total,2009,22893.001
phl,sex_t,geo_cov_nat,mts_aggregate_total,2010,23466.943
phl,sex_t,geo_cov_nat,mts_aggregate_total,2011,23414.379
phl,sex_t,geo_cov_nat,mts_aggregate_total,2012,24153.782
phl,sex_t,geo_cov_nat,mts_aggregate_total,2013,24783.78
phl,sex_t,geo_cov_nat,mts_aggregate_total,2014,24043.702
phl,sex_t,geo_cov_nat,mts_aggregate_total,2015,25381.146
phl,sex_t,geo_cov_nat,mts_aggregate_total,2016,26276.701
phl,sex_t,geo_cov_nat,mts_aggregate_total,2017,28595.637
phl,sex_t,geo_cov_nat,mts_aggregate_total,2018,29307.654
phl,sex_t,geo_cov_nat,mts_aggregate_total,2019,29609.025
phl,sex_t,geo_cov_nat,mts_aggregate_total,2020,33393.134
phl,sex_t,geo_cov_nat,mts_aggregate_x,2007,8.738
phl,sex_t,geo_cov_nat,mts_aggregate_x,2008,8.748
phl,sex_t,geo_cov_nat,mts_aggregate_x,2009,8.321
phl,sex_t,geo_cov_nat,mts_aggregate_x,2010,13.096
phl,sex_t,geo_cov_nat,mts_aggregate_x,2011,10.928
phl,sex_t,geo_cov_nat,mts_aggregate_x,2012,15.498
phl,sex_t,geo_cov_nat,mts_aggregate_x,2013,12.604
phl,sex_t,geo_cov_nat,mts_aggregate_x,2014,8.838
phl,sex_t,geo_cov_nat,mts_aggregate_x,2015,12.382
phl,sex_t,geo_cov_nat,mts_aggregate_x,2016,13.134
phl,sex_t,geo_cov_nat,mts_aggregate_x,2017,16.472
phl,sex_t,geo_cov_nat,mts_aggregate_x,2018,16.092
phl,sex_t,geo_cov_nat,mts_aggregate_x,2019,6.54
phl,sex_t,geo_cov_nat,mts_aggregate_x,2020,8.52
phl,sex_t,geo_cov_nat,mts_details_mrd,2007,9884.569
phl,sex_t,geo_cov_nat,mts_details_mrd,2008,10151.952
phl,sex_t,geo_cov_nat,mts_details_mrd,2009,10223.901
phl,sex_t,geo_cov_nat,mts_details_mrd,2010,10442.742
phl,sex_t,geo_cov_nat,mts_details_mrd,2011,10483.267
phl,sex_t,geo_cov_nat,mts_details_mrd,2012,10835.955
phl,sex_t,geo_cov_nat,mts_details_mrd,2013,10999.647
phl,sex_t,geo_cov_nat,mts_details_mrd,2014,10673.43
phl,sex_t,geo_cov_nat,mts_details_mrd,2015,10954.819
phl,sex_t,geo_cov_nat,mts_details_mrd,2016,11930.371
phl,sex_t,geo_cov_nat,mts_details_mrd,2017,13191.569
phl,sex_t,geo_cov_nat,mts_details_mrd,2018,13150.611
phl,sex_t,geo_cov_nat,mts_details_mrd,2019,12969.375
phl,sex_t,geo_cov_nat,mts_details_mrd,2020,14666.499
phl,sex_t,geo_cov_nat,mts_details_sep,2007,227.989
phl,sex_t,geo_cov_nat,mts_details_sep,2008,231.612
phl,sex_t,geo_cov_nat,mts_details_sep,2009,249.794
phl,sex_t,geo_cov_nat,mts_details_sep,2010,251.723
phl,sex_t,geo_cov_nat,mts_details_sep,2011,287.539
phl,sex_t,geo_cov_nat,mts_details_sep,2012,312.805
phl,sex_t,geo_cov_nat,mts_details_sep,2013,313.049
phl,sex_t,geo_cov_nat,mts_details_sep,2014,310.945
phl,sex_t,geo_cov_nat,mts_details_sep,2015,331.957
phl,sex_t,geo_cov_nat,mts_details_sep,2016,351.589
phl,sex_t,geo_cov_nat,mts_details_sep,2017,391.859
phl,sex_t,geo_cov_nat,mts_details_sep,2018,397.446
phl,sex_t,geo_cov_nat,mts_details_sep,2019,418.202
phl,sex_t,geo_cov_nat,mts_details_sep,2020,581.388
phl,sex_t,geo_cov_nat,mts_details_sgle,2007,10334.473
phl,sex_t,geo_cov_nat,mts_details_sgle,2008,10564.199
phl,sex_t,geo_cov_nat,mts_details_sgle,2009,10723.747
phl,sex_t,geo_cov_nat,mts_details_sgle,2010,11045.731
phl,sex_t,geo_cov_nat,mts_details_sgle,2011,10864.79
phl,sex_t,geo_cov_nat,mts_details_sgle,2012,11198.826
phl,sex_t,geo_cov_nat,mts_details_sgle,2013,11622.107
phl,sex_t,geo_cov_nat,mts_details_sgle,2014,11275.044
phl,sex_t,geo_cov_nat,mts_details_sgle,2015,12264.577
phl,sex_t,geo_cov_nat,mts_details_sgle,2016,11885.535
phl,sex_t,geo_cov_nat,mts_details_sgle,2017,12669.617
phl,sex_t,geo_cov_nat,mts_details_sgle,2018,13351.847
phl,sex_t,geo_cov_nat,mts_details_sgle,2019,13805.255
phl,sex_t,geo_cov_nat,mts_details_sgle,2020,15462.404
phl,sex_t,geo_cov_nat,mts_details_total,2007,21978.582
phl,sex_t,geo_cov_nat,mts_details_total,2008,22574.151
phl,sex_t,geo_cov_nat,mts_details_total,2009,22893.001
phl,sex_t,geo_cov_nat,mts_details_total,2010,23466.943
phl,sex_t,geo_cov_nat,mts_details_total,2011,23414.379
phl,sex_t,geo_cov_nat,mts_details_total,2012,24153.782
phl,sex_t,geo_cov_nat,mts_details_total,2013,24783.78
phl,sex_t,geo_cov_nat,mts_details_total,2014,24043.702
phl,sex_t,geo_cov_nat,mts_details_total,2015,25381.146
phl,sex_t,geo_cov_nat,mts_details_total,2016,26276.701
phl,sex_t,geo_cov_nat,mts_details_total,2017,28595.637
phl,sex_t,geo_cov_nat,mts_details_total,2018,29307.654
phl,sex_t,geo_cov_nat,mts_details_total,2019,29609.025
phl,sex_t,geo_cov_nat,mts_details_total,2020,33393.134
phl,sex_t,geo_cov_nat,mts_details_wid,2007,1522.812
phl,sex_t,geo_cov_nat,mts_details_wid,2008,1617.64
phl,sex_t,geo_cov_nat,mts_details_wid,2009,1687.238
phl,sex_t,geo_cov_nat,mts_details_wid,2010,1713.65
phl,sex_t,geo_cov_nat,mts_details_wid,2011,1767.856
phl,sex_t,geo_cov_nat,mts_details_wid,2012,1790.697
phl,sex_t,geo_cov_nat,mts_details_wid,2013,1836.373
phl,sex_t,geo_cov_nat,mts_details_wid,2014,1775.444
phl,sex_t,geo_cov_nat,mts_details_wid,2015,1817.411
phl,sex_t,geo_cov_nat,mts_details_wid,2016,2096.073
phl,sex_t,geo_cov_nat,mts_details_wid,2017,2326.12
phl,sex_t,geo_cov_nat,mts_details_wid,2018,2391.658
phl,sex_t,geo_cov_nat,mts_details_wid,2019,2409.653
phl,sex_t,geo_cov_nat,mts_details_wid,2020,2674.323
phl,sex_t,geo_cov_nat,mts_details_x,2007,8.738
phl,sex_t,geo_cov_nat,mts_details_x,2008,8.748
phl,sex_t,geo_cov_nat,mts_details_x,2009,8.321
phl,sex_t,geo_cov_nat,mts_details_x,2010,13.096
phl,sex_t,geo_cov_nat,mts_details_x,2011,10.928
phl,sex_t,geo_cov_nat,mts_details_x,2012,15.498
phl,sex_t,geo_cov_nat,mts_details_x,2013,12.604
phl,sex_t,geo_cov_nat,mts_details_x,2014,8.838
phl,sex_t,geo_cov_nat,mts_details_x,2015,12.382
phl,sex_t,geo_cov_nat,mts_details_x,2016,13.134
phl,sex_t,geo_cov_nat,mts_details_x,2017,16.472
phl,sex_t,geo_cov_nat,mts_details_x,2018,16.092
phl,sex_t,geo_cov_nat,mts_details_x,2019,6.54
phl,sex_t,geo_cov_nat,mts_details_x,2020,8.52
phl,sex_t,geo_cov_rur,mts_aggregate_1,2007,5379.338
phl,sex_t,geo_cov_rur,mts_aggregate_1,2008,5558.266
phl,sex_t,geo_cov_rur,mts_aggregate_1,2009,5633.972
phl,sex_t,geo_cov_rur,mts_aggregate_1,2010,5885.678
phl,sex_t,geo_cov_rur,mts_aggregate_1,2011,5864.284
phl,sex_t,geo_cov_rur,mts_aggregate_1,2012,6196.964
phl,sex_t,geo_cov_rur,mts_aggregate_1,2013,6502.878
phl,sex_t,geo_cov_rur,mts_aggregate_1,2014,6297.136
phl,sex_t,geo_cov_rur,mts_aggregate_1,2015,6935.489
phl,sex_t,geo_cov_rur,mts_aggregate_1,2016,7788.024
phl,sex_t,geo_cov_rur,mts_aggregate_1,2017,8342.344
phl,sex_t,geo_cov_rur,mts_aggregate_1,2018,8902.652
phl,sex_t,geo_cov_rur,mts_aggregate_1,2019,9048.078
phl,sex_t,geo_cov_rur,mts_aggregate_1,2020,8667.044
phl,sex_t,geo_cov_rur,mts_aggregate_2,2007,4580.767
phl,sex_t,geo_cov_rur,mts_aggregate_2,2008,4726.309
phl,sex_t,geo_cov_rur,mts_aggregate_2,2009,4735.945
phl,sex_t,geo_cov_rur,mts_aggregate_2,2010,4862.347
phl,sex_t,geo_cov_rur,mts_aggregate_2,2011,4947.517
phl,sex_t,geo_cov_rur,mts_aggregate_2,2012,5095.505
phl,sex_t,geo_cov_rur,mts_aggregate_2,2013,5223.912
phl,sex_t,geo_cov_rur,mts_aggregate_2,2014,5023.555
phl,sex_t,geo_cov_rur,mts_aggregate_2,2015,5272.306
phl,sex_t,geo_cov_rur,mts_aggregate_2,2016,6434
phl,sex_t,geo_cov_rur,mts_aggregate_2,2017,7077.486
phl,sex_t,geo_cov_rur,mts_aggregate_2,2018,7248.752
phl,sex_t,geo_cov_rur,mts_aggregate_2,2019,7062.653
phl,sex_t,geo_cov_rur,mts_aggregate_2,2020,6776.856
phl,sex_t,geo_cov_rur,mts_aggregate_total,2007,9963.551
phl,sex_t,geo_cov_rur,mts_aggregate_total,2008,10288.815
phl,sex_t,geo_cov_rur,mts_aggregate_total,2009,10373.669
phl,sex_t,geo_cov_rur,mts_aggregate_total,2010,10754.283
phl,sex_t,geo_cov_rur,mts_aggregate_total,2011,10816.365
phl,sex_t,geo_cov_rur,mts_aggregate_total,2012,11299.29
phl,sex_t,geo_cov_rur,mts_aggregate_total,2013,11732.536
phl,sex_t,geo_cov_rur,mts_aggregate_total,2014,11323.843
phl,sex_t,geo_cov_rur,mts_aggregate_total,2015,12212.582
phl,sex_t,geo_cov_rur,mts_aggregate_total,2016,14227.744
phl,sex_t,geo_cov_rur,mts_aggregate_total,2017,15428.727
phl,sex_t,geo_cov_rur,mts_aggregate_total,2018,16160.519
phl,sex_t,geo_cov_rur,mts_aggregate_total,2019,16114.449
phl,sex_t,geo_cov_rur,mts_aggregate_total,2020,15445.884
phl,sex_t,geo_cov_rur,mts_aggregate_x,2007,3.446
phl,sex_t,geo_cov_rur,mts_aggregate_x,2008,4.24
phl,sex_t,geo_cov_rur,mts_aggregate_x,2009,3.751
phl,sex_t,geo_cov_rur,mts_aggregate_x,2010,6.258
phl,sex_t,geo_cov_rur,mts_aggregate_x,2011,4.564
phl,sex_t,geo_cov_rur,mts_aggregate_x,2012,6.821
phl,sex_t,geo_cov_rur,mts_aggregate_x,2013,5.747
phl,sex_t,geo_cov_rur,mts_aggregate_x,2014,3.152
phl,sex_t,geo_cov_rur,mts_aggregate_x,2015,4.788
phl,sex_t,geo_cov_rur,mts_aggregate_x,2016,5.72
phl,sex_t,geo_cov_rur,mts_aggregate_x,2017,8.898
phl,sex_t,geo_cov_rur,mts_aggregate_x,2018,9.116
phl,sex_t,geo_cov_rur,mts_aggregate_x,2019,3.718
phl,sex_t,geo_cov_rur,mts_aggregate_x,2020,1.984
phl,sex_t,geo_cov_rur,mts_details_mrd,2007,4580.767
phl,sex_t,geo_cov_rur,mts_details_mrd,2008,4726.309
phl,sex_t,geo_cov_rur,mts_details_mrd,2009,4735.945
phl,sex_t,geo_cov_rur,mts_details_mrd,2010,4862.347
phl,sex_t,geo_cov_rur,mts_details_mrd,2011,4947.517
phl,sex_t,geo_cov_rur,mts_details_mrd,2012,5095.505
phl,sex_t,geo_cov_rur,mts_details_mrd,2013,5223.912
phl,sex_t,geo_cov_rur,mts_details_mrd,2014,5023.555
phl,sex_t,geo_cov_rur,mts_details_mrd,2015,5272.306
phl,sex_t,geo_cov_rur,mts_details_mrd,2016,6434
phl,sex_t,geo_cov_rur,mts_details_mrd,2017,7077.486
phl,sex_t,geo_cov_rur,mts_details_mrd,2018,7248.752
phl,sex_t,geo_cov_rur,mts_details_mrd,2019,7062.653
phl,sex_t,geo_cov_rur,mts_details_mrd,2020,6776.856
phl,sex_t,geo_cov_rur,mts_details_sep,2007,68.65
phl,sex_t,geo_cov_rur,mts_details_sep,2008,68.701
phl,sex_t,geo_cov_rur,mts_details_sep,2009,75.884
phl,sex_t,geo_cov_rur,mts_details_sep,2010,81.275
phl,sex_t,geo_cov_rur,mts_details_sep,2011,88.633
phl,sex_t,geo_cov_rur,mts_details_sep,2012,96.71
phl,sex_t,geo_cov_rur,mts_details_sep,2013,104.137
phl,sex_t,geo_cov_rur,mts_details_sep,2014,103.707
phl,sex_t,geo_cov_rur,mts_details_sep,2015,108.038
phl,sex_t,geo_cov_rur,mts_details_sep,2016,139.004
phl,sex_t,geo_cov_rur,mts_details_sep,2017,174.595
phl,sex_t,geo_cov_rur,mts_details_sep,2018,178.122
phl,sex_t,geo_cov_rur,mts_details_sep,2019,182.067
phl,sex_t,geo_cov_rur,mts_details_sep,2020,207.441
phl,sex_t,geo_cov_rur,mts_details_sgle,2007,4589.176
phl,sex_t,geo_cov_rur,mts_details_sgle,2008,4739.016
phl,sex_t,geo_cov_rur,mts_details_sgle,2009,4774.449
phl,sex_t,geo_cov_rur,mts_details_sgle,2010,5007.279
phl,sex_t,geo_cov_rur,mts_details_sgle,2011,4945.064
phl,sex_t,geo_cov_rur,mts_details_sgle,2012,5275.624
phl,sex_t,geo_cov_rur,mts_details_sgle,2013,5545.839
phl,sex_t,geo_cov_rur,mts_details_sgle,2014,5377.403
phl,sex_t,geo_cov_rur,mts_details_sgle,2015,5970.873
phl,sex_t,geo_cov_rur,mts_details_sgle,2016,6507.692
phl,sex_t,geo_cov_rur,mts_details_sgle,2017,6898.538
phl,sex_t,geo_cov_rur,mts_details_sgle,2018,7408.32
phl,sex_t,geo_cov_rur,mts_details_sgle,2019,7574.054
phl,sex_t,geo_cov_rur,mts_details_sgle,2020,7222.914
phl,sex_t,geo_cov_rur,mts_details_total,2007,9963.551
phl,sex_t,geo_cov_rur,mts_details_total,2008,10288.815
phl,sex_t,geo_cov_rur,mts_details_total,2009,10373.669
phl,sex_t,geo_cov_rur,mts_details_total,2010,10754.283
phl,sex_t,geo_cov_rur,mts_details_total,2011,10816.365
phl,sex_t,geo_cov_rur,mts_details_total,2012,11299.29
phl,sex_t,geo_cov_rur,mts_details_total,2013,11732.536
phl,sex_t,geo_cov_rur,mts_details_total,2014,11323.843
phl,sex_t,geo_cov_rur,mts_details_total,2015,12212.582
phl,sex_t,geo_cov_rur,mts_details_total,2016,14227.744
phl,sex_t,geo_cov_rur,mts_details_total,2017,15428.727
phl,sex_t,geo_cov_rur,mts_details_total,2018,16160.519
phl,sex_t,geo_cov_rur,mts_details_total,2019,16114.449
phl,sex_t,geo_cov_rur,mts_details_total,2020,15445.884
phl,sex_t,geo_cov_rur,mts_details_wid,2007,721.513
phl,sex_t,geo_cov_rur,mts_details_wid,2008,750.549
phl,sex_t,geo_cov_rur,mts_details_wid,2009,783.639
phl,sex_t,geo_cov_rur,mts_details_wid,2010,797.124
phl,sex_t,geo_cov_rur,mts_details_wid,2011,830.587
phl,sex_t,geo_cov_rur,mts_details_wid,2012,824.63
phl,sex_t,geo_cov_rur,mts_details_wid,2013,852.902
phl,sex_t,geo_cov_rur,mts_details_wid,2014,816.027
phl,sex_t,geo_cov_rur,mts_details_wid,2015,856.578
phl,sex_t,geo_cov_rur,mts_details_wid,2016,1141.329
phl,sex_t,geo_cov_rur,mts_details_wid,2017,1269.211
phl,sex_t,geo_cov_rur,mts_details_wid,2018,1316.21
phl,sex_t,geo_cov_rur,mts_details_wid,2019,1291.957
phl,sex_t,geo_cov_rur,mts_details_wid,2020,1236.689
phl,sex_t,geo_cov_rur,mts_details_x,2007,3.446
phl,sex_t,geo_cov_rur,mts_details_x,2008,4.24
phl,sex_t,geo_cov_rur,mts_details_x,2009,3.751
phl,sex_t,geo_cov_rur,mts_details_x,2010,6.258
phl,sex_t,geo_cov_rur,mts_details_x,2011,4.564
phl,sex_t,geo_cov_rur,mts_details_x,2012,6.821
phl,sex_t,geo_cov_rur,mts_details_x,2013,5.747
phl,sex_t,geo_cov_rur,mts_details_x,2014,3.152
phl,sex_t,geo_cov_rur,mts_details_x,2015,4.788
phl,sex_t,geo_cov_rur,mts_details_x,2016,5.72
phl,sex_t,geo_cov_rur,mts_details_x,2017,8.898
phl,sex_t,geo_cov_rur,mts_details_x,2018,9.116
phl,sex_t,geo_cov_rur,mts_details_x,2019,3.718
phl,sex_t,geo_cov_rur,mts_details_x,2020,1.984
phl,sex_t,geo_cov_urb,mts_aggregate_1,2007,6705.937
phl,sex_t,geo_cov_urb,mts_aggregate_1,2008,6855.185
phl,sex_t,geo_cov_urb,mts_aggregate_1,2009,7026.807
phl,sex_t,geo_cov_urb,mts_aggregate_1,2010,7125.426
phl,sex_t,geo_cov_urb,mts_aggregate_1,2011,7055.901
phl,sex_t,geo_cov_urb,mts_aggregate_1,2012,7105.365
phl,sex_t,geo_cov_urb,mts_aggregate_1,2013,7268.65
phl,sex_t,geo_cov_urb,mts_aggregate_1,2014,7064.298
phl,sex_t,geo_cov_urb,mts_aggregate_1,2015,7478.457
phl,sex_t,geo_cov_urb,mts_aggregate_1,2016,6545.172
phl,sex_t,geo_cov_urb,mts_aggregate_1,2017,7045.252
phl,sex_t,geo_cov_urb,mts_aggregate_1,2018,7238.299
phl,sex_t,geo_cov_urb,mts_aggregate_1,2019,7585.032
phl,sex_t,geo_cov_urb,mts_aggregate_1,2020,10051.071
phl,sex_t,geo_cov_urb,mts_aggregate_2,2007,5303.802
phl,sex_t,geo_cov_urb,mts_aggregate_2,2008,5425.644
phl,sex_t,geo_cov_urb,mts_aggregate_2,2009,5487.956
phl,sex_t,geo_cov_urb,mts_aggregate_2,2010,5580.395
phl,sex_t,geo_cov_urb,mts_aggregate_2,2011,5535.75
phl,sex_t,geo_cov_urb,mts_aggregate_2,2012,5740.45
phl,sex_t,geo_cov_urb,mts_aggregate_2,2013,5775.736
phl,sex_t,geo_cov_urb,mts_aggregate_2,2014,5649.874
phl,sex_t,geo_cov_urb,mts_aggregate_2,2015,5682.513
phl,sex_t,geo_cov_urb,mts_aggregate_2,2016,5496.371
phl,sex_t,geo_cov_urb,mts_aggregate_2,2017,6114.084
phl,sex_t,geo_cov_urb,mts_aggregate_2,2018,5901.859
phl,sex_t,geo_cov_urb,mts_aggregate_2,2019,5906.723
phl,sex_t,geo_cov_urb,mts_aggregate_2,2020,7889.643
phl,sex_t,geo_cov_urb,mts_aggregate_total,2007,12015.031
phl,sex_t,geo_cov_urb,mts_aggregate_total,2008,12285.336
phl,sex_t,geo_cov_urb,mts_aggregate_total,2009,12519.332
phl,sex_t,geo_cov_urb,mts_aggregate_total,2010,12712.659
phl,sex_t,geo_cov_urb,mts_aggregate_total,2011,12598.015
phl,sex_t,geo_cov_urb,mts_aggregate_total,2012,12854.492
phl,sex_t,geo_cov_urb,mts_aggregate_total,2013,13051.243
phl,sex_t,geo_cov_urb,mts_aggregate_total,2014,12719.858
phl,sex_t,geo_cov_urb,mts_aggregate_total,2015,13168.564
phl,sex_t,geo_cov_urb,mts_aggregate_total,2016,12048.957
phl,sex_t,geo_cov_urb,mts_aggregate_total,2017,13166.91
phl,sex_t,geo_cov_urb,mts_aggregate_total,2018,13147.135
phl,sex_t,geo_cov_urb,mts_aggregate_total,2019,13494.577
phl,sex_t,geo_cov_urb,mts_aggregate_total,2020,17947.251
phl,sex_t,geo_cov_urb,mts_aggregate_x,2007,5.291
phl,sex_t,geo_cov_urb,mts_aggregate_x,2008,4.508
phl,sex_t,geo_cov_urb,mts_aggregate_x,2009,4.57
phl,sex_t,geo_cov_urb,mts_aggregate_x,2010,6.838
phl,sex_t,geo_cov_urb,mts_aggregate_x,2011,6.364
phl,sex_t,geo_cov_urb,mts_aggregate_x,2012,8.678
phl,sex_t,geo_cov_urb,mts_aggregate_x,2013,6.857
phl,sex_t,geo_cov_urb,mts_aggregate_x,2014,5.686
phl,sex_t,geo_cov_urb,mts_aggregate_x,2015,7.594
phl,sex_t,geo_cov_urb,mts_aggregate_x,2016,7.414
phl,sex_t,geo_cov_urb,mts_aggregate_x,2017,7.574
phl,sex_t,geo_cov_urb,mts_aggregate_x,2018,6.977
phl,sex_t,geo_cov_urb,mts_aggregate_x,2019,2.822
phl,sex_t,geo_cov_urb,mts_aggregate_x,2020,6.537
phl,sex_t,geo_cov_urb,mts_details_mrd,2007,5303.802
phl,sex_t,geo_cov_urb,mts_details_mrd,2008,5425.644
phl,sex_t,geo_cov_urb,mts_details_mrd,2009,5487.956
phl,sex_t,geo_cov_urb,mts_details_mrd,2010,5580.395
phl,sex_t,geo_cov_urb,mts_details_mrd,2011,5535.75
phl,sex_t,geo_cov_urb,mts_details_mrd,2012,5740.45
phl,sex_t,geo_cov_urb,mts_details_mrd,2013,5775.736
phl,sex_t,geo_cov_urb,mts_details_mrd,2014,5649.874
phl,sex_t,geo_cov_urb,mts_details_mrd,2015,5682.513
phl,sex_t,geo_cov_urb,mts_details_mrd,2016,5496.371
phl,sex_t,geo_cov_urb,mts_details_mrd,2017,6114.084
phl,sex_t,geo_cov_urb,mts_details_mrd,2018,5901.859
phl,sex_t,geo_cov_urb,mts_details_mrd,2019,5906.723
phl,sex_t,geo_cov_urb,mts_details_mrd,2020,7889.643
phl,sex_t,geo_cov_urb,mts_details_sep,2007,159.339
phl,sex_t,geo_cov_urb,mts_details_sep,2008,162.911
phl,sex_t,geo_cov_urb,mts_details_sep,2009,173.91
phl,sex_t,geo_cov_urb,mts_details_sep,2010,170.449
phl,sex_t,geo_cov_urb,mts_details_sep,2011,198.906
phl,sex_t,geo_cov_urb,mts_details_sep,2012,216.096
phl,sex_t,geo_cov_urb,mts_details_sep,2013,208.912
phl,sex_t,geo_cov_urb,mts_details_sep,2014,207.239
phl,sex_t,geo_cov_urb,mts_details_sep,2015,223.919
phl,sex_t,geo_cov_urb,mts_details_sep,2016,212.585
phl,sex_t,geo_cov_urb,mts_details_sep,2017,217.264
phl,sex_t,geo_cov_urb,mts_details_sep,2018,219.324
phl,sex_t,geo_cov_urb,mts_details_sep,2019,236.135
phl,sex_t,geo_cov_urb,mts_details_sep,2020,373.947
phl,sex_t,geo_cov_urb,mts_details_sgle,2007,5745.298
phl,sex_t,geo_cov_urb,mts_details_sgle,2008,5825.182
phl,sex_t,geo_cov_urb,mts_details_sgle,2009,5949.298
phl,sex_t,geo_cov_urb,mts_details_sgle,2010,6038.452
phl,sex_t,geo_cov_urb,mts_details_sgle,2011,5919.726
phl,sex_t,geo_cov_urb,mts_details_sgle,2012,5923.202
phl,sex_t,geo_cov_urb,mts_details_sgle,2013,6076.267
phl,sex_t,geo_cov_urb,mts_details_sgle,2014,5897.642
phl,sex_t,geo_cov_urb,mts_details_sgle,2015,6293.704
phl,sex_t,geo_cov_urb,mts_details_sgle,2016,5377.843
phl,sex_t,geo_cov_urb,mts_details_sgle,2017,5771.079
phl,sex_t,geo_cov_urb,mts_details_sgle,2018,5943.527
phl,sex_t,geo_cov_urb,mts_details_sgle,2019,6231.201
phl,sex_t,geo_cov_urb,mts_details_sgle,2020,8239.491
phl,sex_t,geo_cov_urb,mts_details_total,2007,12015.031
phl,sex_t,geo_cov_urb,mts_details_total,2008,12285.336
phl,sex_t,geo_cov_urb,mts_details_total,2009,12519.332
phl,sex_t,geo_cov_urb,mts_details_total,2010,12712.659
phl,sex_t,geo_cov_urb,mts_details_total,2011,12598.015
phl,sex_t,geo_cov_urb,mts_details_total,2012,12854.492
phl,sex_t,geo_cov_urb,mts_details_total,2013,13051.243
phl,sex_t,geo_cov_urb,mts_details_total,2014,12719.858
phl,sex_t,geo_cov_urb,mts_details_total,2015,13168.564
phl,sex_t,geo_cov_urb,mts_details_total,2016,12048.957
phl,sex_t,geo_cov_urb,mts_details_total,2017,13166.91
phl,sex_t,geo_cov_urb,mts_details_total,2018,13147.135
phl,sex_t,geo_cov_urb,mts_details_total,2019,13494.577
phl,sex_t,geo_cov_urb,mts_details_total,2020,17947.251
phl,sex_t,geo_cov_urb,mts_details_wid,2007,801.3
phl,sex_t,geo_cov_urb,mts_details_wid,2008,867.091
phl,sex_t,geo_cov_urb,mts_details_wid,2009,903.599
phl,sex_t,geo_cov_urb,mts_details_wid,2010,916.526
phl,sex_t,geo_cov_urb,mts_details_wid,2011,937.269
phl,sex_t,geo_cov_urb,mts_details_wid,2012,966.067
phl,sex_t,geo_cov_urb,mts_details_wid,2013,983.471
phl,sex_t,geo_cov_urb,mts_details_wid,2014,959.417
phl,sex_t,geo_cov_urb,mts_details_wid,2015,960.834
phl,sex_t,geo_cov_urb,mts_details_wid,2016,954.744
phl,sex_t,geo_cov_urb,mts_details_wid,2017,1056.909
phl,sex_t,geo_cov_urb,mts_details_wid,2018,1075.447
phl,sex_t,geo_cov_urb,mts_details_wid,2019,1117.696
phl,sex_t,geo_cov_urb,mts_details_wid,2020,1437.634
phl,sex_t,geo_cov_urb,mts_details_x,2007,5.291
phl,sex_t,geo_cov_urb,mts_details_x,2008,4.508
phl,sex_t,geo_cov_urb,mts_details_x,2009,4.57
phl,sex_t,geo_cov_urb,mts_details_x,2010,6.838
phl,sex_t,geo_cov_urb,mts_details_x,2011,6.364
phl,sex_t,geo_cov_urb,mts_details_x,2012,8.678
phl,sex_t,geo_cov_urb,mts_details_x,2013,6.857
phl,sex_t,geo_cov_urb,mts_details_x,2014,5.686
phl,sex_t,geo_cov_urb,mts_details_x,2015,7.594
phl,sex_t,geo_cov_urb,mts_details_x,2016,7.414
phl,sex_t,geo_cov_urb,mts_details_x,2017,7.574
phl,sex_t,geo_cov_urb,mts_details_x,2018,6.977
phl,sex_t,geo_cov_urb,mts_details_x,2019,2.822
phl,sex_t,geo_cov_urb,mts_details_x,2020,6.537
png,sex_f,geo_cov_nat,mts_aggregate_1,2010,432.889
png,sex_f,geo_cov_nat,mts_aggregate_2,2010,620.098
png,sex_f,geo_cov_nat,mts_aggregate_total,2010,1052.987
png,sex_f,geo_cov_nat,mts_details_mrd,2010,620.098
png,sex_f,geo_cov_nat,mts_details_sep,2010,42.807
png,sex_f,geo_cov_nat,mts_details_sgle,2010,294.029
png,sex_f,geo_cov_nat,mts_details_total,2010,1052.987
png,sex_f,geo_cov_nat,mts_details_wid,2010,96.053
png,sex_f,geo_cov_rur,mts_aggregate_1,2010,363.087
png,sex_f,geo_cov_rur,mts_aggregate_2,2010,549.259
png,sex_f,geo_cov_rur,mts_aggregate_total,2010,912.345
png,sex_f,geo_cov_rur,mts_details_mrd,2010,549.259
png,sex_f,geo_cov_rur,mts_details_sep,2010,36.678
png,sex_f,geo_cov_rur,mts_details_sgle,2010,237.596
png,sex_f,geo_cov_rur,mts_details_total,2010,912.345
png,sex_f,geo_cov_rur,mts_details_wid,2010,88.813
png,sex_f,geo_cov_urb,mts_aggregate_1,2010,69.803
png,sex_f,geo_cov_urb,mts_aggregate_2,2010,70.839
png,sex_f,geo_cov_urb,mts_aggregate_total,2010,140.642
png,sex_f,geo_cov_urb,mts_details_mrd,2010,70.839
png,sex_f,geo_cov_urb,mts_details_sep,2010,6.13
png,sex_f,geo_cov_urb,mts_details_sgle,2010,56.433
png,sex_f,geo_cov_urb,mts_details_total,2010,140.642
png,sex_f,geo_cov_urb,mts_details_wid,2010,7.24
png,sex_m,geo_cov_nat,mts_aggregate_1,2010,539.381
png,sex_m,geo_cov_nat,mts_aggregate_2,2010,525.583
png,sex_m,geo_cov_nat,mts_aggregate_total,2010,1064.964
png,sex_m,geo_cov_nat,mts_details_mrd,2010,525.583
png,sex_m,geo_cov_nat,mts_details_sep,2010,25.544
png,sex_m,geo_cov_nat,mts_details_sgle,2010,477.831
png,sex_m,geo_cov_nat,mts_details_total,2010,1064.964
png,sex_m,geo_cov_nat,mts_details_wid,2010,36.006
png,sex_m,geo_cov_rur,mts_aggregate_1,2010,449.54
png,sex_m,geo_cov_rur,mts_aggregate_2,2010,480.523
png,sex_m,geo_cov_rur,mts_aggregate_total,2010,930.063
png,sex_m,geo_cov_rur,mts_details_mrd,2010,480.523
png,sex_m,geo_cov_rur,mts_details_sep,2010,22.331
png,sex_m,geo_cov_rur,mts_details_sgle,2010,394.949
png,sex_m,geo_cov_rur,mts_details_total,2010,930.063
png,sex_m,geo_cov_rur,mts_details_wid,2010,32.26
png,sex_m,geo_cov_urb,mts_aggregate_1,2010,89.841
png,sex_m,geo_cov_urb,mts_aggregate_2,2010,45.06
png,sex_m,geo_cov_urb,mts_aggregate_total,2010,134.901
png,sex_m,geo_cov_urb,mts_details_mrd,2010,45.06
png,sex_m,geo_cov_urb,mts_details_sep,2010,3.213
png,sex_m,geo_cov_urb,mts_details_sgle,2010,82.882
png,sex_m,geo_cov_urb,mts_details_total,2010,134.901
png,sex_m,geo_cov_urb,mts_details_wid,2010,3.746
png,sex_t,geo_cov_nat,mts_aggregate_1,2010,972.27
png,sex_t,geo_cov_nat,mts_aggregate_2,2010,1145.681
png,sex_t,geo_cov_nat,mts_aggregate_total,2010,2117.951
png,sex_t,geo_cov_nat,mts_details_mrd,2010,1145.681
png,sex_t,geo_cov_nat,mts_details_sep,2010,68.352
png,sex_t,geo_cov_nat,mts_details_sgle,2010,771.859
png,sex_t,geo_cov_nat,mts_details_total,2010,2117.951
png,sex_t,geo_cov_nat,mts_details_wid,2010,132.059
png,sex_t,geo_cov_rur,mts_aggregate_1,2010,812.626
png,sex_t,geo_cov_rur,mts_aggregate_2,2010,1029.781
png,sex_t,geo_cov_rur,mts_aggregate_total,2010,1842.408
png,sex_t,geo_cov_rur,mts_details_mrd,2010,1029.781
png,sex_t,geo_cov_rur,mts_details_sep,2010,59.009
png,sex_t,geo_cov_rur,mts_details_sgle,2010,632.545
png,sex_t,geo_cov_rur,mts_details_total,2010,1842.408
png,sex_t,geo_cov_rur,mts_details_wid,2010,121.073
png,sex_t,geo_cov_urb,mts_aggregate_1,2010,159.644
png,sex_t,geo_cov_urb,mts_aggregate_2,2010,115.899
png,sex_t,geo_cov_urb,mts_aggregate_total,2010,275.543
png,sex_t,geo_cov_urb,mts_details_mrd,2010,115.899
png,sex_t,geo_cov_urb,mts_details_sep,2010,9.343
png,sex_t,geo_cov_urb,mts_details_sgle,2010,139.315
png,sex_t,geo_cov_urb,mts_details_total,2010,275.543
png,sex_t,geo_cov_urb,mts_details_wid,2010,10.986
pol,sex_f,geo_cov_nat,mts_aggregate_1,2006,4676.197
pol,sex_f,geo_cov_nat,mts_aggregate_1,2007,4714.046
pol,sex_f,geo_cov_nat,mts_aggregate_1,2008,4697.209
pol,sex_f,geo_cov_nat,mts_aggregate_1,2009,4671.407
pol,sex_f,geo_cov_nat,mts_aggregate_1,2010,4547.795
pol,sex_f,geo_cov_nat,mts_aggregate_1,2011,4568.102
pol,sex_f,geo_cov_nat,mts_aggregate_1,2012,4517.237
pol,sex_f,geo_cov_nat,mts_aggregate_1,2013,4484.99
pol,sex_f,geo_cov_nat,mts_aggregate_1,2014,4420.5
pol,sex_f,geo_cov_nat,mts_aggregate_1,2015,4415.712
pol,sex_f,geo_cov_nat,mts_aggregate_1,2016,4317.273
pol,sex_f,geo_cov_nat,mts_aggregate_1,2017,4250.454
pol,sex_f,geo_cov_nat,mts_aggregate_1,2018,4199.751
pol,sex_f,geo_cov_nat,mts_aggregate_1,2019,4159.796
pol,sex_f,geo_cov_nat,mts_aggregate_1,2020,4152.769
pol,sex_f,geo_cov_nat,mts_aggregate_2,2006,4096.406
pol,sex_f,geo_cov_nat,mts_aggregate_2,2007,4143.395
pol,sex_f,geo_cov_nat,mts_aggregate_2,2008,4115.794
pol,sex_f,geo_cov_nat,mts_aggregate_2,2009,4056.187
pol,sex_f,geo_cov_nat,mts_aggregate_2,2010,3907.595
pol,sex_f,geo_cov_nat,mts_aggregate_2,2011,3874.8
pol,sex_f,geo_cov_nat,mts_aggregate_2,2012,3873.543
pol,sex_f,geo_cov_nat,mts_aggregate_2,2013,3903.562
pol,sex_f,geo_cov_nat,mts_aggregate_2,2014,3900.211
pol,sex_f,geo_cov_nat,mts_aggregate_2,2015,3910.333
pol,sex_f,geo_cov_nat,mts_aggregate_2,2016,3961.342
pol,sex_f,geo_cov_nat,mts_aggregate_2,2017,3987.364
pol,sex_f,geo_cov_nat,mts_aggregate_2,2018,3991.626
pol,sex_f,geo_cov_nat,mts_aggregate_2,2019,4044.029
pol,sex_f,geo_cov_nat,mts_aggregate_2,2020,4090.735
pol,sex_f,geo_cov_nat,mts_aggregate_total,2006,8772.603
pol,sex_f,geo_cov_nat,mts_aggregate_total,2007,8857.441
pol,sex_f,geo_cov_nat,mts_aggregate_total,2008,8813.003
pol,sex_f,geo_cov_nat,mts_aggregate_total,2009,8727.594
pol,sex_f,geo_cov_nat,mts_aggregate_total,2010,8455.39
pol,sex_f,geo_cov_nat,mts_aggregate_total,2011,8442.902
pol,sex_f,geo_cov_nat,mts_aggregate_total,2012,8390.78
pol,sex_f,geo_cov_nat,mts_aggregate_total,2013,8388.552
pol,sex_f,geo_cov_nat,mts_aggregate_total,2014,8320.711
pol,sex_f,geo_cov_nat,mts_aggregate_total,2015,8326.044
pol,sex_f,geo_cov_nat,mts_aggregate_total,2016,8278.615
pol,sex_f,geo_cov_nat,mts_aggregate_total,2017,8237.818
pol,sex_f,geo_cov_nat,mts_aggregate_total,2018,8191.377
pol,sex_f,geo_cov_nat,mts_aggregate_total,2019,8203.825
pol,sex_f,geo_cov_nat,mts_aggregate_total,2020,8243.503
pol,sex_f,geo_cov_rur,mts_aggregate_1,2006,2090.56
pol,sex_f,geo_cov_rur,mts_aggregate_1,2007,2097.436
pol,sex_f,geo_cov_rur,mts_aggregate_1,2008,2113.962
pol,sex_f,geo_cov_rur,mts_aggregate_1,2009,2077.272
pol,sex_f,geo_cov_rur,mts_aggregate_1,2010,2040.349
pol,sex_f,geo_cov_rur,mts_aggregate_1,2011,2021.484
pol,sex_f,geo_cov_rur,mts_aggregate_1,2012,1800.06
pol,sex_f,geo_cov_rur,mts_aggregate_1,2013,1785.59
pol,sex_f,geo_cov_rur,mts_aggregate_1,2014,1754.829
pol,sex_f,geo_cov_rur,mts_aggregate_1,2015,1755.581
pol,sex_f,geo_cov_rur,mts_aggregate_1,2016,1723.851
pol,sex_f,geo_cov_rur,mts_aggregate_1,2017,1695.33
pol,sex_f,geo_cov_rur,mts_aggregate_1,2018,1680.916
pol,sex_f,geo_cov_rur,mts_aggregate_1,2019,1457.237
pol,sex_f,geo_cov_rur,mts_aggregate_1,2020,1496.305
pol,sex_f,geo_cov_rur,mts_aggregate_2,2006,1860.467
pol,sex_f,geo_cov_rur,mts_aggregate_2,2007,1875.048
pol,sex_f,geo_cov_rur,mts_aggregate_2,2008,1885.274
pol,sex_f,geo_cov_rur,mts_aggregate_2,2009,1851.265
pol,sex_f,geo_cov_rur,mts_aggregate_2,2010,1792.054
pol,sex_f,geo_cov_rur,mts_aggregate_2,2011,1750.035
pol,sex_f,geo_cov_rur,mts_aggregate_2,2012,1581.013
pol,sex_f,geo_cov_rur,mts_aggregate_2,2013,1609.494
pol,sex_f,geo_cov_rur,mts_aggregate_2,2014,1620.517
pol,sex_f,geo_cov_rur,mts_aggregate_2,2015,1635.583
pol,sex_f,geo_cov_rur,mts_aggregate_2,2016,1662.807
pol,sex_f,geo_cov_rur,mts_aggregate_2,2017,1695.393
pol,sex_f,geo_cov_rur,mts_aggregate_2,2018,1697.357
pol,sex_f,geo_cov_rur,mts_aggregate_2,2019,1534.373
pol,sex_f,geo_cov_rur,mts_aggregate_2,2020,1521.612
pol,sex_f,geo_cov_rur,mts_aggregate_total,2006,3951.026
pol,sex_f,geo_cov_rur,mts_aggregate_total,2007,3972.484
pol,sex_f,geo_cov_rur,mts_aggregate_total,2008,3999.235
pol,sex_f,geo_cov_rur,mts_aggregate_total,2009,3928.537
pol,sex_f,geo_cov_rur,mts_aggregate_total,2010,3832.403
pol,sex_f,geo_cov_rur,mts_aggregate_total,2011,3771.518
pol,sex_f,geo_cov_rur,mts_aggregate_total,2012,3381.073
pol,sex_f,geo_cov_rur,mts_aggregate_total,2013,3395.085
pol,sex_f,geo_cov_rur,mts_aggregate_total,2014,3375.347
pol,sex_f,geo_cov_rur,mts_aggregate_total,2015,3391.164
pol,sex_f,geo_cov_rur,mts_aggregate_total,2016,3386.658
pol,sex_f,geo_cov_rur,mts_aggregate_total,2017,3390.723
pol,sex_f,geo_cov_rur,mts_aggregate_total,2018,3378.273
pol,sex_f,geo_cov_rur,mts_aggregate_total,2019,2991.61
pol,sex_f,geo_cov_rur,mts_aggregate_total,2020,3017.916
pol,sex_f,geo_cov_urb,mts_aggregate_1,2006,2585.637
pol,sex_f,geo_cov_urb,mts_aggregate_1,2007,2616.609
pol,sex_f,geo_cov_urb,mts_aggregate_1,2008,2583.248
pol,sex_f,geo_cov_urb,mts_aggregate_1,2009,2594.135
pol,sex_f,geo_cov_urb,mts_aggregate_1,2010,2507.446
pol,sex_f,geo_cov_urb,mts_aggregate_1,2011,2546.619
pol,sex_f,geo_cov_urb,mts_aggregate_1,2012,2717.178
pol,sex_f,geo_cov_urb,mts_aggregate_1,2013,2699.399
pol,sex_f,geo_cov_urb,mts_aggregate_1,2014,2665.671
pol,sex_f,geo_cov_urb,mts_aggregate_1,2015,2660.131
pol,sex_f,geo_cov_urb,mts_aggregate_1,2016,2593.422
pol,sex_f,geo_cov_urb,mts_aggregate_1,2017,2555.123
pol,sex_f,geo_cov_urb,mts_aggregate_1,2018,2518.835
pol,sex_f,geo_cov_urb,mts_aggregate_1,2019,2702.559
pol,sex_f,geo_cov_urb,mts_aggregate_1,2020,2656.464
pol,sex_f,geo_cov_urb,mts_aggregate_2,2006,2235.94
pol,sex_f,geo_cov_urb,mts_aggregate_2,2007,2268.348
pol,sex_f,geo_cov_urb,mts_aggregate_2,2008,2230.52
pol,sex_f,geo_cov_urb,mts_aggregate_2,2009,2204.922
pol,sex_f,geo_cov_urb,mts_aggregate_2,2010,2115.541
pol,sex_f,geo_cov_urb,mts_aggregate_2,2011,2124.765
pol,sex_f,geo_cov_urb,mts_aggregate_2,2012,2292.53
pol,sex_f,geo_cov_urb,mts_aggregate_2,2013,2294.068
pol,sex_f,geo_cov_urb,mts_aggregate_2,2014,2279.694
pol,sex_f,geo_cov_urb,mts_aggregate_2,2015,2274.75
pol,sex_f,geo_cov_urb,mts_aggregate_2,2016,2298.535
pol,sex_f,geo_cov_urb,mts_aggregate_2,2017,2291.971
pol,sex_f,geo_cov_urb,mts_aggregate_2,2018,2294.269
pol,sex_f,geo_cov_urb,mts_aggregate_2,2019,2509.657
pol,sex_f,geo_cov_urb,mts_aggregate_2,2020,2569.123
pol,sex_f,geo_cov_urb,mts_aggregate_total,2006,4821.577
pol,sex_f,geo_cov_urb,mts_aggregate_total,2007,4884.957
pol,sex_f,geo_cov_urb,mts_aggregate_total,2008,4813.768
pol,sex_f,geo_cov_urb,mts_aggregate_total,2009,4799.057
pol,sex_f,geo_cov_urb,mts_aggregate_total,2010,4622.987
pol,sex_f,geo_cov_urb,mts_aggregate_total,2011,4671.384
pol,sex_f,geo_cov_urb,mts_aggregate_total,2012,5009.707
pol,sex_f,geo_cov_urb,mts_aggregate_total,2013,4993.467
pol,sex_f,geo_cov_urb,mts_aggregate_total,2014,4945.364
pol,sex_f,geo_cov_urb,mts_aggregate_total,2015,4934.88
pol,sex_f,geo_cov_urb,mts_aggregate_total,2016,4891.957
pol,sex_f,geo_cov_urb,mts_aggregate_total,2017,4847.094
pol,sex_f,geo_cov_urb,mts_aggregate_total,2018,4813.105
pol,sex_f,geo_cov_urb,mts_aggregate_total,2019,5212.216
pol,sex_f,geo_cov_urb,mts_aggregate_total,2020,5225.587
pol,sex_m,geo_cov_nat,mts_aggregate_1,2006,2731.824
pol,sex_m,geo_cov_nat,mts_aggregate_1,2007,2765.783
pol,sex_m,geo_cov_nat,mts_aggregate_1,2008,2720.059
pol,sex_m,geo_cov_nat,mts_aggregate_1,2009,2606.412
pol,sex_m,geo_cov_nat,mts_aggregate_1,2010,2546.95
pol,sex_m,geo_cov_nat,mts_aggregate_1,2011,2536.043
pol,sex_m,geo_cov_nat,mts_aggregate_1,2012,2514.179
pol,sex_m,geo_cov_nat,mts_aggregate_1,2013,2462.796
pol,sex_m,geo_cov_nat,mts_aggregate_1,2014,2419.666
pol,sex_m,geo_cov_nat,mts_aggregate_1,2015,2413.119
pol,sex_m,geo_cov_nat,mts_aggregate_1,2016,2317.708
pol,sex_m,geo_cov_nat,mts_aggregate_1,2017,2272.674
pol,sex_m,geo_cov_nat,mts_aggregate_1,2018,2251.371
pol,sex_m,geo_cov_nat,mts_aggregate_1,2019,2180.789
pol,sex_m,geo_cov_nat,mts_aggregate_1,2020,2154.534
pol,sex_m,geo_cov_nat,mts_aggregate_2,2006,2922.833
pol,sex_m,geo_cov_nat,mts_aggregate_2,2007,2909.587
pol,sex_m,geo_cov_nat,mts_aggregate_2,2008,2828.838
pol,sex_m,geo_cov_nat,mts_aggregate_2,2009,2847.211
pol,sex_m,geo_cov_nat,mts_aggregate_2,2010,2829.381
pol,sex_m,geo_cov_nat,mts_aggregate_2,2011,2802.776
pol,sex_m,geo_cov_nat,mts_aggregate_2,2012,2792.828
pol,sex_m,geo_cov_nat,mts_aggregate_2,2013,2824.299
pol,sex_m,geo_cov_nat,mts_aggregate_2,2014,2815.684
pol,sex_m,geo_cov_nat,mts_aggregate_2,2015,2834.791
pol,sex_m,geo_cov_nat,mts_aggregate_2,2016,2846.179
pol,sex_m,geo_cov_nat,mts_aggregate_2,2017,2817.363
pol,sex_m,geo_cov_nat,mts_aggregate_2,2018,2843.249
pol,sex_m,geo_cov_nat,mts_aggregate_2,2019,2879.296
pol,sex_m,geo_cov_nat,mts_aggregate_2,2020,2893.76
pol,sex_m,geo_cov_nat,mts_aggregate_total,2006,5654.657
pol,sex_m,geo_cov_nat,mts_aggregate_total,2007,5675.37
pol,sex_m,geo_cov_nat,mts_aggregate_total,2008,5548.896
pol,sex_m,geo_cov_nat,mts_aggregate_total,2009,5453.623
pol,sex_m,geo_cov_nat,mts_aggregate_total,2010,5376.33
pol,sex_m,geo_cov_nat,mts_aggregate_total,2011,5338.819
pol,sex_m,geo_cov_nat,mts_aggregate_total,2012,5307.008
pol,sex_m,geo_cov_nat,mts_aggregate_total,2013,5287.095
pol,sex_m,geo_cov_nat,mts_aggregate_total,2014,5235.35
pol,sex_m,geo_cov_nat,mts_aggregate_total,2015,5247.911
pol,sex_m,geo_cov_nat,mts_aggregate_total,2016,5163.887
pol,sex_m,geo_cov_nat,mts_aggregate_total,2017,5090.038
pol,sex_m,geo_cov_nat,mts_aggregate_total,2018,5094.62
pol,sex_m,geo_cov_nat,mts_aggregate_total,2019,5060.085
pol,sex_m,geo_cov_nat,mts_aggregate_total,2020,5048.294
pol,sex_m,geo_cov_rur,mts_aggregate_1,2006,1267.519
pol,sex_m,geo_cov_rur,mts_aggregate_1,2007,1269.885
pol,sex_m,geo_cov_rur,mts_aggregate_1,2008,1252.219
pol,sex_m,geo_cov_rur,mts_aggregate_1,2009,1212.44
pol,sex_m,geo_cov_rur,mts_aggregate_1,2010,1201.473
pol,sex_m,geo_cov_rur,mts_aggregate_1,2011,1174.939
pol,sex_m,geo_cov_rur,mts_aggregate_1,2012,1075.322
pol,sex_m,geo_cov_rur,mts_aggregate_1,2013,1055.767
pol,sex_m,geo_cov_rur,mts_aggregate_1,2014,1045.737
pol,sex_m,geo_cov_rur,mts_aggregate_1,2015,1035.475
pol,sex_m,geo_cov_rur,mts_aggregate_1,2016,1002.309
pol,sex_m,geo_cov_rur,mts_aggregate_1,2017,991.38
pol,sex_m,geo_cov_rur,mts_aggregate_1,2018,996.111
pol,sex_m,geo_cov_rur,mts_aggregate_1,2019,859.47
pol,sex_m,geo_cov_rur,mts_aggregate_1,2020,833.103
pol,sex_m,geo_cov_rur,mts_aggregate_2,2006,1336.799
pol,sex_m,geo_cov_rur,mts_aggregate_2,2007,1313.473
pol,sex_m,geo_cov_rur,mts_aggregate_2,2008,1273.63
pol,sex_m,geo_cov_rur,mts_aggregate_2,2009,1270.853
pol,sex_m,geo_cov_rur,mts_aggregate_2,2010,1279.137
pol,sex_m,geo_cov_rur,mts_aggregate_2,2011,1229.943
pol,sex_m,geo_cov_rur,mts_aggregate_2,2012,1095.277
pol,sex_m,geo_cov_rur,mts_aggregate_2,2013,1101.025
pol,sex_m,geo_cov_rur,mts_aggregate_2,2014,1119.693
pol,sex_m,geo_cov_rur,mts_aggregate_2,2015,1131.416
pol,sex_m,geo_cov_rur,mts_aggregate_2,2016,1120.858
pol,sex_m,geo_cov_rur,mts_aggregate_2,2017,1126.826
pol,sex_m,geo_cov_rur,mts_aggregate_2,2018,1148.737
pol,sex_m,geo_cov_rur,mts_aggregate_2,2019,1026.906
pol,sex_m,geo_cov_rur,mts_aggregate_2,2020,1009.011
pol,sex_m,geo_cov_rur,mts_aggregate_total,2006,2604.318
pol,sex_m,geo_cov_rur,mts_aggregate_total,2007,2583.358
pol,sex_m,geo_cov_rur,mts_aggregate_total,2008,2525.849
pol,sex_m,geo_cov_rur,mts_aggregate_total,2009,2483.293
pol,sex_m,geo_cov_rur,mts_aggregate_total,2010,2480.61
pol,sex_m,geo_cov_rur,mts_aggregate_total,2011,2404.881
pol,sex_m,geo_cov_rur,mts_aggregate_total,2012,2170.599
pol,sex_m,geo_cov_rur,mts_aggregate_total,2013,2156.791
pol,sex_m,geo_cov_rur,mts_aggregate_total,2014,2165.43
pol,sex_m,geo_cov_rur,mts_aggregate_total,2015,2166.892
pol,sex_m,geo_cov_rur,mts_aggregate_total,2016,2123.167
pol,sex_m,geo_cov_rur,mts_aggregate_total,2017,2118.206
pol,sex_m,geo_cov_rur,mts_aggregate_total,2018,2144.848
pol,sex_m,geo_cov_rur,mts_aggregate_total,2019,1886.376
pol,sex_m,geo_cov_rur,mts_aggregate_total,2020,1842.115
pol,sex_m,geo_cov_urb,mts_aggregate_1,2006,1464.305
pol,sex_m,geo_cov_urb,mts_aggregate_1,2007,1495.898
pol,sex_m,geo_cov_urb,mts_aggregate_1,2008,1467.839
pol,sex_m,geo_cov_urb,mts_aggregate_1,2009,1393.972
pol,sex_m,geo_cov_urb,mts_aggregate_1,2010,1345.477
pol,sex_m,geo_cov_urb,mts_aggregate_1,2011,1361.104
pol,sex_m,geo_cov_urb,mts_aggregate_1,2012,1438.858
pol,sex_m,geo_cov_urb,mts_aggregate_1,2013,1407.029
pol,sex_m,geo_cov_urb,mts_aggregate_1,2014,1373.929
pol,sex_m,geo_cov_urb,mts_aggregate_1,2015,1377.644
pol,sex_m,geo_cov_urb,mts_aggregate_1,2016,1315.399
pol,sex_m,geo_cov_urb,mts_aggregate_1,2017,1281.295
pol,sex_m,geo_cov_urb,mts_aggregate_1,2018,1255.261
pol,sex_m,geo_cov_urb,mts_aggregate_1,2019,1321.319
pol,sex_m,geo_cov_urb,mts_aggregate_1,2020,1321.43
pol,sex_m,geo_cov_urb,mts_aggregate_2,2006,1586.035
pol,sex_m,geo_cov_urb,mts_aggregate_2,2007,1596.114
pol,sex_m,geo_cov_urb,mts_aggregate_2,2008,1555.208
pol,sex_m,geo_cov_urb,mts_aggregate_2,2009,1576.358
pol,sex_m,geo_cov_urb,mts_aggregate_2,2010,1550.244
pol,sex_m,geo_cov_urb,mts_aggregate_2,2011,1572.834
pol,sex_m,geo_cov_urb,mts_aggregate_2,2012,1697.551
pol,sex_m,geo_cov_urb,mts_aggregate_2,2013,1723.274
pol,sex_m,geo_cov_urb,mts_aggregate_2,2014,1695.991
pol,sex_m,geo_cov_urb,mts_aggregate_2,2015,1703.375
pol,sex_m,geo_cov_urb,mts_aggregate_2,2016,1725.321
pol,sex_m,geo_cov_urb,mts_aggregate_2,2017,1690.537
pol,sex_m,geo_cov_urb,mts_aggregate_2,2018,1694.512
pol,sex_m,geo_cov_urb,mts_aggregate_2,2019,1852.391
pol,sex_m,geo_cov_urb,mts_aggregate_2,2020,1884.749
pol,sex_m,geo_cov_urb,mts_aggregate_total,2006,3050.34
pol,sex_m,geo_cov_urb,mts_aggregate_total,2007,3092.012
pol,sex_m,geo_cov_urb,mts_aggregate_total,2008,3023.047
pol,sex_m,geo_cov_urb,mts_aggregate_total,2009,2970.33
pol,sex_m,geo_cov_urb,mts_aggregate_total,2010,2895.721
pol,sex_m,geo_cov_urb,mts_aggregate_total,2011,2933.938
pol,sex_m,geo_cov_urb,mts_aggregate_total,2012,3136.409
pol,sex_m,geo_cov_urb,mts_aggregate_total,2013,3130.303
pol,sex_m,geo_cov_urb,mts_aggregate_total,2014,3069.919
pol,sex_m,geo_cov_urb,mts_aggregate_total,2015,3081.019
pol,sex_m,geo_cov_urb,mts_aggregate_total,2016,3040.72
pol,sex_m,geo_cov_urb,mts_aggregate_total,2017,2971.832
pol,sex_m,geo_cov_urb,mts_aggregate_total,2018,2949.773
pol,sex_m,geo_cov_urb,mts_aggregate_total,2019,3173.709
pol,sex_m,geo_cov_urb,mts_aggregate_total,2020,3206.179
pol,sex_t,geo_cov_nat,mts_aggregate_1,2006,7408.021
pol,sex_t,geo_cov_nat,mts_aggregate_1,2007,7479.829
pol,sex_t,geo_cov_nat,mts_aggregate_1,2008,7417.268
pol,sex_t,geo_cov_nat,mts_aggregate_1,2009,7277.819
pol,sex_t,geo_cov_nat,mts_aggregate_1,2010,7094.745
pol,sex_t,geo_cov_nat,mts_aggregate_1,2011,7104.145
pol,sex_t,geo_cov_nat,mts_aggregate_1,2012,7031.417
pol,sex_t,geo_cov_nat,mts_aggregate_1,2013,6947.786
pol,sex_t,geo_cov_nat,mts_aggregate_1,2014,6840.166
pol,sex_t,geo_cov_nat,mts_aggregate_1,2015,6828.831
pol,sex_t,geo_cov_nat,mts_aggregate_1,2016,6634.981
pol,sex_t,geo_cov_nat,mts_aggregate_1,2017,6523.128
pol,sex_t,geo_cov_nat,mts_aggregate_1,2018,6451.123
pol,sex_t,geo_cov_nat,mts_aggregate_1,2019,6340.585
pol,sex_t,geo_cov_nat,mts_aggregate_1,2020,6307.302
pol,sex_t,geo_cov_nat,mts_aggregate_2,2006,7019.24
pol,sex_t,geo_cov_nat,mts_aggregate_2,2007,7052.982
pol,sex_t,geo_cov_nat,mts_aggregate_2,2008,6944.631
pol,sex_t,geo_cov_nat,mts_aggregate_2,2009,6903.398
pol,sex_t,geo_cov_nat,mts_aggregate_2,2010,6736.976
pol,sex_t,geo_cov_nat,mts_aggregate_2,2011,6677.576
pol,sex_t,geo_cov_nat,mts_aggregate_2,2012,6666.371
pol,sex_t,geo_cov_nat,mts_aggregate_2,2013,6727.86
pol,sex_t,geo_cov_nat,mts_aggregate_2,2014,6715.895
pol,sex_t,geo_cov_nat,mts_aggregate_2,2015,6745.124
pol,sex_t,geo_cov_nat,mts_aggregate_2,2016,6807.521
pol,sex_t,geo_cov_nat,mts_aggregate_2,2017,6804.727
pol,sex_t,geo_cov_nat,mts_aggregate_2,2018,6834.875
pol,sex_t,geo_cov_nat,mts_aggregate_2,2019,6923.325
pol,sex_t,geo_cov_nat,mts_aggregate_2,2020,6984.495
pol,sex_t,geo_cov_nat,mts_aggregate_total,2006,14427.26
pol,sex_t,geo_cov_nat,mts_aggregate_total,2007,14532.811
pol,sex_t,geo_cov_nat,mts_aggregate_total,2008,14361.899
pol,sex_t,geo_cov_nat,mts_aggregate_total,2009,14181.217
pol,sex_t,geo_cov_nat,mts_aggregate_total,2010,13831.721
pol,sex_t,geo_cov_nat,mts_aggregate_total,2011,13781.721
pol,sex_t,geo_cov_nat,mts_aggregate_total,2012,13697.788
pol,sex_t,geo_cov_nat,mts_aggregate_total,2013,13675.646
pol,sex_t,geo_cov_nat,mts_aggregate_total,2014,13556.06
pol,sex_t,geo_cov_nat,mts_aggregate_total,2015,13573.955
pol,sex_t,geo_cov_nat,mts_aggregate_total,2016,13442.502
pol,sex_t,geo_cov_nat,mts_aggregate_total,2017,13327.855
pol,sex_t,geo_cov_nat,mts_aggregate_total,2018,13285.998
pol,sex_t,geo_cov_nat,mts_aggregate_total,2019,13263.91
pol,sex_t,geo_cov_nat,mts_aggregate_total,2020,13291.797
pol,sex_t,geo_cov_rur,mts_aggregate_1,2006,3358.079
pol,sex_t,geo_cov_rur,mts_aggregate_1,2007,3367.321
pol,sex_t,geo_cov_rur,mts_aggregate_1,2008,3366.181
pol,sex_t,geo_cov_rur,mts_aggregate_1,2009,3289.713
pol,sex_t,geo_cov_rur,mts_aggregate_1,2010,3241.821
pol,sex_t,geo_cov_rur,mts_aggregate_1,2011,3196.422
pol,sex_t,geo_cov_rur,mts_aggregate_1,2012,2875.382
pol,sex_t,geo_cov_rur,mts_aggregate_1,2013,2841.357
pol,sex_t,geo_cov_rur,mts_aggregate_1,2014,2800.566
pol,sex_t,geo_cov_rur,mts_aggregate_1,2015,2791.056
pol,sex_t,geo_cov_rur,mts_aggregate_1,2016,2726.16
pol,sex_t,geo_cov_rur,mts_aggregate_1,2017,2686.71
pol,sex_t,geo_cov_rur,mts_aggregate_1,2018,2677.027
pol,sex_t,geo_cov_rur,mts_aggregate_1,2019,2316.707
pol,sex_t,geo_cov_rur,mts_aggregate_1,2020,2329.408
pol,sex_t,geo_cov_rur,mts_aggregate_2,2006,3197.265
pol,sex_t,geo_cov_rur,mts_aggregate_2,2007,3188.521
pol,sex_t,geo_cov_rur,mts_aggregate_2,2008,3158.903
pol,sex_t,geo_cov_rur,mts_aggregate_2,2009,3122.118
pol,sex_t,geo_cov_rur,mts_aggregate_2,2010,3071.191
pol,sex_t,geo_cov_rur,mts_aggregate_2,2011,2979.977
pol,sex_t,geo_cov_rur,mts_aggregate_2,2012,2676.29
pol,sex_t,geo_cov_rur,mts_aggregate_2,2013,2710.519
pol,sex_t,geo_cov_rur,mts_aggregate_2,2014,2740.211
pol,sex_t,geo_cov_rur,mts_aggregate_2,2015,2766.999
pol,sex_t,geo_cov_rur,mts_aggregate_2,2016,2783.665
pol,sex_t,geo_cov_rur,mts_aggregate_2,2017,2822.219
pol,sex_t,geo_cov_rur,mts_aggregate_2,2018,2846.094
pol,sex_t,geo_cov_rur,mts_aggregate_2,2019,2561.278
pol,sex_t,geo_cov_rur,mts_aggregate_2,2020,2530.623
pol,sex_t,geo_cov_rur,mts_aggregate_total,2006,6555.344
pol,sex_t,geo_cov_rur,mts_aggregate_total,2007,6555.843
pol,sex_t,geo_cov_rur,mts_aggregate_total,2008,6525.084
pol,sex_t,geo_cov_rur,mts_aggregate_total,2009,6411.83
pol,sex_t,geo_cov_rur,mts_aggregate_total,2010,6313.013
pol,sex_t,geo_cov_rur,mts_aggregate_total,2011,6176.399
pol,sex_t,geo_cov_rur,mts_aggregate_total,2012,5551.672
pol,sex_t,geo_cov_rur,mts_aggregate_total,2013,5551.876
pol,sex_t,geo_cov_rur,mts_aggregate_total,2014,5540.777
pol,sex_t,geo_cov_rur,mts_aggregate_total,2015,5558.056
pol,sex_t,geo_cov_rur,mts_aggregate_total,2016,5509.825
pol,sex_t,geo_cov_rur,mts_aggregate_total,2017,5508.929
pol,sex_t,geo_cov_rur,mts_aggregate_total,2018,5523.121
pol,sex_t,geo_cov_rur,mts_aggregate_total,2019,4877.985
pol,sex_t,geo_cov_rur,mts_aggregate_total,2020,4860.031
pol,sex_t,geo_cov_urb,mts_aggregate_1,2006,4049.942
pol,sex_t,geo_cov_urb,mts_aggregate_1,2007,4112.508
pol,sex_t,geo_cov_urb,mts_aggregate_1,2008,4051.087
pol,sex_t,geo_cov_urb,mts_aggregate_1,2009,3988.106
pol,sex_t,geo_cov_urb,mts_aggregate_1,2010,3852.924
pol,sex_t,geo_cov_urb,mts_aggregate_1,2011,3907.723
pol,sex_t,geo_cov_urb,mts_aggregate_1,2012,4156.035
pol,sex_t,geo_cov_urb,mts_aggregate_1,2013,4106.429
pol,sex_t,geo_cov_urb,mts_aggregate_1,2014,4039.599
pol,sex_t,geo_cov_urb,mts_aggregate_1,2015,4037.775
pol,sex_t,geo_cov_urb,mts_aggregate_1,2016,3908.821
pol,sex_t,geo_cov_urb,mts_aggregate_1,2017,3836.418
pol,sex_t,geo_cov_urb,mts_aggregate_1,2018,3774.096
pol,sex_t,geo_cov_urb,mts_aggregate_1,2019,4023.878
pol,sex_t,geo_cov_urb,mts_aggregate_1,2020,3977.894
pol,sex_t,geo_cov_urb,mts_aggregate_2,2006,3821.974
pol,sex_t,geo_cov_urb,mts_aggregate_2,2007,3864.461
pol,sex_t,geo_cov_urb,mts_aggregate_2,2008,3785.728
pol,sex_t,geo_cov_urb,mts_aggregate_2,2009,3781.28
pol,sex_t,geo_cov_urb,mts_aggregate_2,2010,3665.785
pol,sex_t,geo_cov_urb,mts_aggregate_2,2011,3697.599
pol,sex_t,geo_cov_urb,mts_aggregate_2,2012,3990.081
pol,sex_t,geo_cov_urb,mts_aggregate_2,2013,4017.341
pol,sex_t,geo_cov_urb,mts_aggregate_2,2014,3975.684
pol,sex_t,geo_cov_urb,mts_aggregate_2,2015,3978.125
pol,sex_t,geo_cov_urb,mts_aggregate_2,2016,4023.856
pol,sex_t,geo_cov_urb,mts_aggregate_2,2017,3982.508
pol,sex_t,geo_cov_urb,mts_aggregate_2,2018,3988.781
pol,sex_t,geo_cov_urb,mts_aggregate_2,2019,4362.047
pol,sex_t,geo_cov_urb,mts_aggregate_2,2020,4453.873
pol,sex_t,geo_cov_urb,mts_aggregate_total,2006,7871.916
pol,sex_t,geo_cov_urb,mts_aggregate_total,2007,7976.969
pol,sex_t,geo_cov_urb,mts_aggregate_total,2008,7836.815
pol,sex_t,geo_cov_urb,mts_aggregate_total,2009,7769.387
pol,sex_t,geo_cov_urb,mts_aggregate_total,2010,7518.708
pol,sex_t,geo_cov_urb,mts_aggregate_total,2011,7605.322
pol,sex_t,geo_cov_urb,mts_aggregate_total,2012,8146.116
pol,sex_t,geo_cov_urb,mts_aggregate_total,2013,8123.77
pol,sex_t,geo_cov_urb,mts_aggregate_total,2014,8015.283
pol,sex_t,geo_cov_urb,mts_aggregate_total,2015,8015.899
pol,sex_t,geo_cov_urb,mts_aggregate_total,2016,7932.678
pol,sex_t,geo_cov_urb,mts_aggregate_total,2017,7818.926
pol,sex_t,geo_cov_urb,mts_aggregate_total,2018,7762.877
pol,sex_t,geo_cov_urb,mts_aggregate_total,2019,8385.925
pol,sex_t,geo_cov_urb,mts_aggregate_total,2020,8431.767
prt,sex_f,geo_cov_nat,mts_aggregate_1,1992,963.468
prt,sex_f,geo_cov_nat,mts_aggregate_1,1993,996.203
prt,sex_f,geo_cov_nat,mts_aggregate_1,1994,1047.383
prt,sex_f,geo_cov_nat,mts_aggregate_1,1995,1062.463
prt,sex_f,geo_cov_nat,mts_aggregate_1,1996,1088.238
prt,sex_f,geo_cov_nat,mts_aggregate_1,1997,1120.504
prt,sex_f,geo_cov_nat,mts_aggregate_1,1998,1028.889
prt,sex_f,geo_cov_nat,mts_aggregate_1,1999,1026.247
prt,sex_f,geo_cov_nat,mts_aggregate_1,2000,1050.441
prt,sex_f,geo_cov_nat,mts_aggregate_1,2001,1040.166
prt,sex_f,geo_cov_nat,mts_aggregate_1,2002,1020.002
prt,sex_f,geo_cov_nat,mts_aggregate_1,2003,1023.707
prt,sex_f,geo_cov_nat,mts_aggregate_1,2004,1022.487
prt,sex_f,geo_cov_nat,mts_aggregate_1,2005,1028.895
prt,sex_f,geo_cov_nat,mts_aggregate_1,2006,1048.187
prt,sex_f,geo_cov_nat,mts_aggregate_1,2007,1028.462
prt,sex_f,geo_cov_nat,mts_aggregate_1,2008,1031.409
prt,sex_f,geo_cov_nat,mts_aggregate_1,2009,1039.128
prt,sex_f,geo_cov_nat,mts_aggregate_1,2010,1045.29
prt,sex_f,geo_cov_nat,mts_aggregate_1,2011,1132.865
prt,sex_f,geo_cov_nat,mts_aggregate_1,2012,1152.314
prt,sex_f,geo_cov_nat,mts_aggregate_1,2013,1143.453
prt,sex_f,geo_cov_nat,mts_aggregate_1,2014,1142.932
prt,sex_f,geo_cov_nat,mts_aggregate_1,2015,1151.79
prt,sex_f,geo_cov_nat,mts_aggregate_1,2016,1182.847
prt,sex_f,geo_cov_nat,mts_aggregate_1,2017,1182.521
prt,sex_f,geo_cov_nat,mts_aggregate_1,2018,1181.98
prt,sex_f,geo_cov_nat,mts_aggregate_1,2019,1183.313
prt,sex_f,geo_cov_nat,mts_aggregate_1,2020,1217.269
prt,sex_f,geo_cov_nat,mts_aggregate_2,1992,1179.946
prt,sex_f,geo_cov_nat,mts_aggregate_2,1993,1156.621
prt,sex_f,geo_cov_nat,mts_aggregate_2,1994,1133.763
prt,sex_f,geo_cov_nat,mts_aggregate_2,1995,1122.237
prt,sex_f,geo_cov_nat,mts_aggregate_2,1996,1129.81
prt,sex_f,geo_cov_nat,mts_aggregate_2,1997,1130.046
prt,sex_f,geo_cov_nat,mts_aggregate_2,1998,1100.468
prt,sex_f,geo_cov_nat,mts_aggregate_2,1999,1101.013
prt,sex_f,geo_cov_nat,mts_aggregate_2,2000,1077.289
prt,sex_f,geo_cov_nat,mts_aggregate_2,2001,1074.257
prt,sex_f,geo_cov_nat,mts_aggregate_2,2002,1079.83
prt,sex_f,geo_cov_nat,mts_aggregate_2,2003,1056.199
prt,sex_f,geo_cov_nat,mts_aggregate_2,2004,1085.896
prt,sex_f,geo_cov_nat,mts_aggregate_2,2005,1042.219
prt,sex_f,geo_cov_nat,mts_aggregate_2,2006,1020.119
prt,sex_f,geo_cov_nat,mts_aggregate_2,2007,1029.476
prt,sex_f,geo_cov_nat,mts_aggregate_2,2008,1041.771
prt,sex_f,geo_cov_nat,mts_aggregate_2,2009,1049.899
prt,sex_f,geo_cov_nat,mts_aggregate_2,2010,1042.18
prt,sex_f,geo_cov_nat,mts_aggregate_2,2011,1017.885
prt,sex_f,geo_cov_nat,mts_aggregate_2,2012,993.637
prt,sex_f,geo_cov_nat,mts_aggregate_2,2013,1024.466
prt,sex_f,geo_cov_nat,mts_aggregate_2,2014,1040.399
prt,sex_f,geo_cov_nat,mts_aggregate_2,2015,1031.883
prt,sex_f,geo_cov_nat,mts_aggregate_2,2016,1011.939
prt,sex_f,geo_cov_nat,mts_aggregate_2,2017,986.114
prt,sex_f,geo_cov_nat,mts_aggregate_2,2018,966.802
prt,sex_f,geo_cov_nat,mts_aggregate_2,2019,957.841
prt,sex_f,geo_cov_nat,mts_aggregate_2,2020,992.296
prt,sex_f,geo_cov_nat,mts_aggregate_total,1992,2143.415
prt,sex_f,geo_cov_nat,mts_aggregate_total,1993,2152.824
prt,sex_f,geo_cov_nat,mts_aggregate_total,1994,2181.146
prt,sex_f,geo_cov_nat,mts_aggregate_total,1995,2184.7
prt,sex_f,geo_cov_nat,mts_aggregate_total,1996,2218.047
prt,sex_f,geo_cov_nat,mts_aggregate_total,1997,2250.55
prt,sex_f,geo_cov_nat,mts_aggregate_total,1998,2129.357
prt,sex_f,geo_cov_nat,mts_aggregate_total,1999,2127.26
prt,sex_f,geo_cov_nat,mts_aggregate_total,2000,2127.73
prt,sex_f,geo_cov_nat,mts_aggregate_total,2001,2114.422
prt,sex_f,geo_cov_nat,mts_aggregate_total,2002,2099.831
prt,sex_f,geo_cov_nat,mts_aggregate_total,2003,2079.906
prt,sex_f,geo_cov_nat,mts_aggregate_total,2004,2108.383
prt,sex_f,geo_cov_nat,mts_aggregate_total,2005,2071.113
prt,sex_f,geo_cov_nat,mts_aggregate_total,2006,2068.306
prt,sex_f,geo_cov_nat,mts_aggregate_total,2007,2057.938
prt,sex_f,geo_cov_nat,mts_aggregate_total,2008,2073.18
prt,sex_f,geo_cov_nat,mts_aggregate_total,2009,2089.027
prt,sex_f,geo_cov_nat,mts_aggregate_total,2010,2087.47
prt,sex_f,geo_cov_nat,mts_aggregate_total,2011,2150.75
prt,sex_f,geo_cov_nat,mts_aggregate_total,2012,2145.951
prt,sex_f,geo_cov_nat,mts_aggregate_total,2013,2167.919
prt,sex_f,geo_cov_nat,mts_aggregate_total,2014,2183.331
prt,sex_f,geo_cov_nat,mts_aggregate_total,2015,2183.673
prt,sex_f,geo_cov_nat,mts_aggregate_total,2016,2194.786
prt,sex_f,geo_cov_nat,mts_aggregate_total,2017,2168.635
prt,sex_f,geo_cov_nat,mts_aggregate_total,2018,2148.782
prt,sex_f,geo_cov_nat,mts_aggregate_total,2019,2141.154
prt,sex_f,geo_cov_nat,mts_aggregate_total,2020,2209.565
prt,sex_f,geo_cov_rur,mts_aggregate_1,1992,200.792
prt,sex_f,geo_cov_rur,mts_aggregate_1,1993,213.238
prt,sex_f,geo_cov_rur,mts_aggregate_1,1994,217.237
prt,sex_f,geo_cov_rur,mts_aggregate_1,1995,223.27
prt,sex_f,geo_cov_rur,mts_aggregate_1,1996,219.994
prt,sex_f,geo_cov_rur,mts_aggregate_1,1997,237.811
prt,sex_f,geo_cov_rur,mts_aggregate_1,1998,285.619
prt,sex_f,geo_cov_rur,mts_aggregate_1,1999,275.146
prt,sex_f,geo_cov_rur,mts_aggregate_1,2000,282.054
prt,sex_f,geo_cov_rur,mts_aggregate_1,2001,267.484
prt,sex_f,geo_cov_rur,mts_aggregate_1,2002,262.171
prt,sex_f,geo_cov_rur,mts_aggregate_1,2003,257.344
prt,sex_f,geo_cov_rur,mts_aggregate_1,2004,273.172
prt,sex_f,geo_cov_rur,mts_aggregate_1,2005,267.876
prt,sex_f,geo_cov_rur,mts_aggregate_1,2006,267.746
prt,sex_f,geo_cov_rur,mts_aggregate_1,2007,260.586
prt,sex_f,geo_cov_rur,mts_aggregate_1,2008,257.493
prt,sex_f,geo_cov_rur,mts_aggregate_1,2009,250.487
prt,sex_f,geo_cov_rur,mts_aggregate_1,2010,257.85
prt,sex_f,geo_cov_rur,mts_aggregate_1,2011,318.848
prt,sex_f,geo_cov_rur,mts_aggregate_1,2012,317.2
prt,sex_f,geo_cov_rur,mts_aggregate_1,2013,310.292
prt,sex_f,geo_cov_rur,mts_aggregate_1,2014,314.736
prt,sex_f,geo_cov_rur,mts_aggregate_1,2015,307.509
prt,sex_f,geo_cov_rur,mts_aggregate_1,2016,316.506
prt,sex_f,geo_cov_rur,mts_aggregate_1,2017,313.856
prt,sex_f,geo_cov_rur,mts_aggregate_1,2018,298.481
prt,sex_f,geo_cov_rur,mts_aggregate_1,2019,302.438
prt,sex_f,geo_cov_rur,mts_aggregate_1,2020,297.268
prt,sex_f,geo_cov_rur,mts_aggregate_2,1992,271.424
prt,sex_f,geo_cov_rur,mts_aggregate_2,1993,276.226
prt,sex_f,geo_cov_rur,mts_aggregate_2,1994,273.594
prt,sex_f,geo_cov_rur,mts_aggregate_2,1995,253.255
prt,sex_f,geo_cov_rur,mts_aggregate_2,1996,246.76
prt,sex_f,geo_cov_rur,mts_aggregate_2,1997,243.115
prt,sex_f,geo_cov_rur,mts_aggregate_2,1998,306.823
prt,sex_f,geo_cov_rur,mts_aggregate_2,1999,300.254
prt,sex_f,geo_cov_rur,mts_aggregate_2,2000,297.483
prt,sex_f,geo_cov_rur,mts_aggregate_2,2001,298.566
prt,sex_f,geo_cov_rur,mts_aggregate_2,2002,285.681
prt,sex_f,geo_cov_rur,mts_aggregate_2,2003,270.706
prt,sex_f,geo_cov_rur,mts_aggregate_2,2004,263.644
prt,sex_f,geo_cov_rur,mts_aggregate_2,2005,249.842
prt,sex_f,geo_cov_rur,mts_aggregate_2,2006,239.8
prt,sex_f,geo_cov_rur,mts_aggregate_2,2007,243.077
prt,sex_f,geo_cov_rur,mts_aggregate_2,2008,253.444
prt,sex_f,geo_cov_rur,mts_aggregate_2,2009,252.455
prt,sex_f,geo_cov_rur,mts_aggregate_2,2010,252.536
prt,sex_f,geo_cov_rur,mts_aggregate_2,2011,303.893
prt,sex_f,geo_cov_rur,mts_aggregate_2,2012,297.112
prt,sex_f,geo_cov_rur,mts_aggregate_2,2013,308.511
prt,sex_f,geo_cov_rur,mts_aggregate_2,2014,315.918
prt,sex_f,geo_cov_rur,mts_aggregate_2,2015,308.79
prt,sex_f,geo_cov_rur,mts_aggregate_2,2016,287.215
prt,sex_f,geo_cov_rur,mts_aggregate_2,2017,279.939
prt,sex_f,geo_cov_rur,mts_aggregate_2,2018,272.26
prt,sex_f,geo_cov_rur,mts_aggregate_2,2019,264.61
prt,sex_f,geo_cov_rur,mts_aggregate_2,2020,274.774
prt,sex_f,geo_cov_rur,mts_aggregate_total,1992,472.216
prt,sex_f,geo_cov_rur,mts_aggregate_total,1993,489.464
prt,sex_f,geo_cov_rur,mts_aggregate_total,1994,490.831
prt,sex_f,geo_cov_rur,mts_aggregate_total,1995,476.525
prt,sex_f,geo_cov_rur,mts_aggregate_total,1996,466.755
prt,sex_f,geo_cov_rur,mts_aggregate_total,1997,480.926
prt,sex_f,geo_cov_rur,mts_aggregate_total,1998,592.442
prt,sex_f,geo_cov_rur,mts_aggregate_total,1999,575.4
prt,sex_f,geo_cov_rur,mts_aggregate_total,2000,579.537
prt,sex_f,geo_cov_rur,mts_aggregate_total,2001,566.049
prt,sex_f,geo_cov_rur,mts_aggregate_total,2002,547.851
prt,sex_f,geo_cov_rur,mts_aggregate_total,2003,528.05
prt,sex_f,geo_cov_rur,mts_aggregate_total,2004,536.816
prt,sex_f,geo_cov_rur,mts_aggregate_total,2005,517.718
prt,sex_f,geo_cov_rur,mts_aggregate_total,2006,507.546
prt,sex_f,geo_cov_rur,mts_aggregate_total,2007,503.663
prt,sex_f,geo_cov_rur,mts_aggregate_total,2008,510.937
prt,sex_f,geo_cov_rur,mts_aggregate_total,2009,502.942
prt,sex_f,geo_cov_rur,mts_aggregate_total,2010,510.386
prt,sex_f,geo_cov_rur,mts_aggregate_total,2011,622.741
prt,sex_f,geo_cov_rur,mts_aggregate_total,2012,614.312
prt,sex_f,geo_cov_rur,mts_aggregate_total,2013,618.802
prt,sex_f,geo_cov_rur,mts_aggregate_total,2014,630.654
prt,sex_f,geo_cov_rur,mts_aggregate_total,2015,616.299
prt,sex_f,geo_cov_rur,mts_aggregate_total,2016,603.72
prt,sex_f,geo_cov_rur,mts_aggregate_total,2017,593.795
prt,sex_f,geo_cov_rur,mts_aggregate_total,2018,570.741
prt,sex_f,geo_cov_rur,mts_aggregate_total,2019,567.047
prt,sex_f,geo_cov_rur,mts_aggregate_total,2020,572.042
prt,sex_f,geo_cov_urb,mts_aggregate_1,1992,762.676
prt,sex_f,geo_cov_urb,mts_aggregate_1,1993,782.966
prt,sex_f,geo_cov_urb,mts_aggregate_1,1994,830.146
prt,sex_f,geo_cov_urb,mts_aggregate_1,1995,839.194
prt,sex_f,geo_cov_urb,mts_aggregate_1,1996,868.243
prt,sex_f,geo_cov_urb,mts_aggregate_1,1997,882.693
prt,sex_f,geo_cov_urb,mts_aggregate_1,1998,743.27
prt,sex_f,geo_cov_urb,mts_aggregate_1,1999,751.101
prt,sex_f,geo_cov_urb,mts_aggregate_1,2000,768.387
prt,sex_f,geo_cov_urb,mts_aggregate_1,2001,772.682
prt,sex_f,geo_cov_urb,mts_aggregate_1,2002,757.831
prt,sex_f,geo_cov_urb,mts_aggregate_1,2003,766.363
prt,sex_f,geo_cov_urb,mts_aggregate_1,2004,749.315
prt,sex_f,geo_cov_urb,mts_aggregate_1,2005,761.019
prt,sex_f,geo_cov_urb,mts_aggregate_1,2006,780.441
prt,sex_f,geo_cov_urb,mts_aggregate_1,2007,767.876
prt,sex_f,geo_cov_urb,mts_aggregate_1,2008,773.915
prt,sex_f,geo_cov_urb,mts_aggregate_1,2009,788.641
prt,sex_f,geo_cov_urb,mts_aggregate_1,2010,787.44
prt,sex_f,geo_cov_urb,mts_aggregate_1,2011,814.017
prt,sex_f,geo_cov_urb,mts_aggregate_1,2012,835.115
prt,sex_f,geo_cov_urb,mts_aggregate_1,2013,833.162
prt,sex_f,geo_cov_urb,mts_aggregate_1,2014,828.196
prt,sex_f,geo_cov_urb,mts_aggregate_1,2015,844.282
prt,sex_f,geo_cov_urb,mts_aggregate_1,2016,866.341
prt,sex_f,geo_cov_urb,mts_aggregate_1,2017,868.665
prt,sex_f,geo_cov_urb,mts_aggregate_1,2018,883.498
prt,sex_f,geo_cov_urb,mts_aggregate_1,2019,880.875
prt,sex_f,geo_cov_urb,mts_aggregate_1,2020,920.001
prt,sex_f,geo_cov_urb,mts_aggregate_2,1992,908.522
prt,sex_f,geo_cov_urb,mts_aggregate_2,1993,880.395
prt,sex_f,geo_cov_urb,mts_aggregate_2,1994,860.169
prt,sex_f,geo_cov_urb,mts_aggregate_2,1995,868.982
prt,sex_f,geo_cov_urb,mts_aggregate_2,1996,883.049
prt,sex_f,geo_cov_urb,mts_aggregate_2,1997,886.932
prt,sex_f,geo_cov_urb,mts_aggregate_2,1998,793.645
prt,sex_f,geo_cov_urb,mts_aggregate_2,1999,800.759
prt,sex_f,geo_cov_urb,mts_aggregate_2,2000,779.806
prt,sex_f,geo_cov_urb,mts_aggregate_2,2001,775.691
prt,sex_f,geo_cov_urb,mts_aggregate_2,2002,794.149
prt,sex_f,geo_cov_urb,mts_aggregate_2,2003,785.493
prt,sex_f,geo_cov_urb,mts_aggregate_2,2004,822.252
prt,sex_f,geo_cov_urb,mts_aggregate_2,2005,792.377
prt,sex_f,geo_cov_urb,mts_aggregate_2,2006,780.32
prt,sex_f,geo_cov_urb,mts_aggregate_2,2007,786.399
prt,sex_f,geo_cov_urb,mts_aggregate_2,2008,788.328
prt,sex_f,geo_cov_urb,mts_aggregate_2,2009,797.444
prt,sex_f,geo_cov_urb,mts_aggregate_2,2010,789.644
prt,sex_f,geo_cov_urb,mts_aggregate_2,2011,713.992
prt,sex_f,geo_cov_urb,mts_aggregate_2,2012,696.525
prt,sex_f,geo_cov_urb,mts_aggregate_2,2013,715.955
prt,sex_f,geo_cov_urb,mts_aggregate_2,2014,724.481
prt,sex_f,geo_cov_urb,mts_aggregate_2,2015,723.092
prt,sex_f,geo_cov_urb,mts_aggregate_2,2016,724.725
prt,sex_f,geo_cov_urb,mts_aggregate_2,2017,706.176
prt,sex_f,geo_cov_urb,mts_aggregate_2,2018,694.542
prt,sex_f,geo_cov_urb,mts_aggregate_2,2019,693.232
prt,sex_f,geo_cov_urb,mts_aggregate_2,2020,717.523
prt,sex_f,geo_cov_urb,mts_aggregate_total,1992,1671.199
prt,sex_f,geo_cov_urb,mts_aggregate_total,1993,1663.361
prt,sex_f,geo_cov_urb,mts_aggregate_total,1994,1690.315
prt,sex_f,geo_cov_urb,mts_aggregate_total,1995,1708.176
prt,sex_f,geo_cov_urb,mts_aggregate_total,1996,1751.293
prt,sex_f,geo_cov_urb,mts_aggregate_total,1997,1769.624
prt,sex_f,geo_cov_urb,mts_aggregate_total,1998,1536.915
prt,sex_f,geo_cov_urb,mts_aggregate_total,1999,1551.86
prt,sex_f,geo_cov_urb,mts_aggregate_total,2000,1548.193
prt,sex_f,geo_cov_urb,mts_aggregate_total,2001,1548.373
prt,sex_f,geo_cov_urb,mts_aggregate_total,2002,1551.98
prt,sex_f,geo_cov_urb,mts_aggregate_total,2003,1551.855
prt,sex_f,geo_cov_urb,mts_aggregate_total,2004,1571.567
prt,sex_f,geo_cov_urb,mts_aggregate_total,2005,1553.395
prt,sex_f,geo_cov_urb,mts_aggregate_total,2006,1560.76
prt,sex_f,geo_cov_urb,mts_aggregate_total,2007,1554.275
prt,sex_f,geo_cov_urb,mts_aggregate_total,2008,1562.243
prt,sex_f,geo_cov_urb,mts_aggregate_total,2009,1586.085
prt,sex_f,geo_cov_urb,mts_aggregate_total,2010,1577.084
prt,sex_f,geo_cov_urb,mts_aggregate_total,2011,1528.009
prt,sex_f,geo_cov_urb,mts_aggregate_total,2012,1531.639
prt,sex_f,geo_cov_urb,mts_aggregate_total,2013,1549.117
prt,sex_f,geo_cov_urb,mts_aggregate_total,2014,1552.677
prt,sex_f,geo_cov_urb,mts_aggregate_total,2015,1567.374
prt,sex_f,geo_cov_urb,mts_aggregate_total,2016,1591.066
prt,sex_f,geo_cov_urb,mts_aggregate_total,2017,1574.84
prt,sex_f,geo_cov_urb,mts_aggregate_total,2018,1578.04
prt,sex_f,geo_cov_urb,mts_aggregate_total,2019,1574.107
prt,sex_f,geo_cov_urb,mts_aggregate_total,2020,1637.524
prt,sex_m,geo_cov_nat,mts_aggregate_1,1992,490.353
prt,sex_m,geo_cov_nat,mts_aggregate_1,1993,535.495
prt,sex_m,geo_cov_nat,mts_aggregate_1,1994,583.486
prt,sex_m,geo_cov_nat,mts_aggregate_1,1995,618.515
prt,sex_m,geo_cov_nat,mts_aggregate_1,1996,629.259
prt,sex_m,geo_cov_nat,mts_aggregate_1,1997,611.237
prt,sex_m,geo_cov_nat,mts_aggregate_1,1998,574.569
prt,sex_m,geo_cov_nat,mts_aggregate_1,1999,569.115
prt,sex_m,geo_cov_nat,mts_aggregate_1,2000,583.126
prt,sex_m,geo_cov_nat,mts_aggregate_1,2001,572.782
prt,sex_m,geo_cov_nat,mts_aggregate_1,2002,558.038
prt,sex_m,geo_cov_nat,mts_aggregate_1,2003,577.959
prt,sex_m,geo_cov_nat,mts_aggregate_1,2004,565.923
prt,sex_m,geo_cov_nat,mts_aggregate_1,2005,580.102
prt,sex_m,geo_cov_nat,mts_aggregate_1,2006,569.68
prt,sex_m,geo_cov_nat,mts_aggregate_1,2007,568.513
prt,sex_m,geo_cov_nat,mts_aggregate_1,2008,573.517
prt,sex_m,geo_cov_nat,mts_aggregate_1,2009,603.061
prt,sex_m,geo_cov_nat,mts_aggregate_1,2010,603.096
prt,sex_m,geo_cov_nat,mts_aggregate_1,2011,625.734
prt,sex_m,geo_cov_nat,mts_aggregate_1,2012,645.609
prt,sex_m,geo_cov_nat,mts_aggregate_1,2013,666.751
prt,sex_m,geo_cov_nat,mts_aggregate_1,2014,654.828
prt,sex_m,geo_cov_nat,mts_aggregate_1,2015,671.221
prt,sex_m,geo_cov_nat,mts_aggregate_1,2016,674.765
prt,sex_m,geo_cov_nat,mts_aggregate_1,2017,664.469
prt,sex_m,geo_cov_nat,mts_aggregate_1,2018,664.573
prt,sex_m,geo_cov_nat,mts_aggregate_1,2019,667.359
prt,sex_m,geo_cov_nat,mts_aggregate_1,2020,695.376
prt,sex_m,geo_cov_nat,mts_aggregate_2,1992,591.492
prt,sex_m,geo_cov_nat,mts_aggregate_2,1993,620.613
prt,sex_m,geo_cov_nat,mts_aggregate_2,1994,623.522
prt,sex_m,geo_cov_nat,mts_aggregate_2,1995,624.098
prt,sex_m,geo_cov_nat,mts_aggregate_2,1996,657.48
prt,sex_m,geo_cov_nat,mts_aggregate_2,1997,686.476
prt,sex_m,geo_cov_nat,mts_aggregate_2,1998,617.824
prt,sex_m,geo_cov_nat,mts_aggregate_2,1999,648.287
prt,sex_m,geo_cov_nat,mts_aggregate_2,2000,653.622
prt,sex_m,geo_cov_nat,mts_aggregate_2,2001,655.07
prt,sex_m,geo_cov_nat,mts_aggregate_2,2002,655.721
prt,sex_m,geo_cov_nat,mts_aggregate_2,2003,673.081
prt,sex_m,geo_cov_nat,mts_aggregate_2,2004,708.437
prt,sex_m,geo_cov_nat,mts_aggregate_2,2005,715.373
prt,sex_m,geo_cov_nat,mts_aggregate_2,2006,722.201
prt,sex_m,geo_cov_nat,mts_aggregate_2,2007,733.411
prt,sex_m,geo_cov_nat,mts_aggregate_2,2008,740.221
prt,sex_m,geo_cov_nat,mts_aggregate_2,2009,762.977
prt,sex_m,geo_cov_nat,mts_aggregate_2,2010,785.202
prt,sex_m,geo_cov_nat,mts_aggregate_2,2011,765.728
prt,sex_m,geo_cov_nat,mts_aggregate_2,2012,773.359
prt,sex_m,geo_cov_nat,mts_aggregate_2,2013,792.601
prt,sex_m,geo_cov_nat,mts_aggregate_2,2014,819.71
prt,sex_m,geo_cov_nat,mts_aggregate_2,2015,816.129
prt,sex_m,geo_cov_nat,mts_aggregate_2,2016,810.837
prt,sex_m,geo_cov_nat,mts_aggregate_2,2017,800.63
prt,sex_m,geo_cov_nat,mts_aggregate_2,2018,805.869
prt,sex_m,geo_cov_nat,mts_aggregate_2,2019,802.512
prt,sex_m,geo_cov_nat,mts_aggregate_2,2020,832.873
prt,sex_m,geo_cov_nat,mts_aggregate_total,1992,1081.845
prt,sex_m,geo_cov_nat,mts_aggregate_total,1993,1156.108
prt,sex_m,geo_cov_nat,mts_aggregate_total,1994,1207.008
prt,sex_m,geo_cov_nat,mts_aggregate_total,1995,1242.613
prt,sex_m,geo_cov_nat,mts_aggregate_total,1996,1286.739
prt,sex_m,geo_cov_nat,mts_aggregate_total,1997,1297.713
prt,sex_m,geo_cov_nat,mts_aggregate_total,1998,1192.394
prt,sex_m,geo_cov_nat,mts_aggregate_total,1999,1217.402
prt,sex_m,geo_cov_nat,mts_aggregate_total,2000,1236.749
prt,sex_m,geo_cov_nat,mts_aggregate_total,2001,1227.851
prt,sex_m,geo_cov_nat,mts_aggregate_total,2002,1213.759
prt,sex_m,geo_cov_nat,mts_aggregate_total,2003,1251.039
prt,sex_m,geo_cov_nat,mts_aggregate_total,2004,1274.359
prt,sex_m,geo_cov_nat,mts_aggregate_total,2005,1295.475
prt,sex_m,geo_cov_nat,mts_aggregate_total,2006,1291.881
prt,sex_m,geo_cov_nat,mts_aggregate_total,2007,1301.924
prt,sex_m,geo_cov_nat,mts_aggregate_total,2008,1313.739
prt,sex_m,geo_cov_nat,mts_aggregate_total,2009,1366.038
prt,sex_m,geo_cov_nat,mts_aggregate_total,2010,1388.299
prt,sex_m,geo_cov_nat,mts_aggregate_total,2011,1391.463
prt,sex_m,geo_cov_nat,mts_aggregate_total,2012,1418.968
prt,sex_m,geo_cov_nat,mts_aggregate_total,2013,1459.352
prt,sex_m,geo_cov_nat,mts_aggregate_total,2014,1474.538
prt,sex_m,geo_cov_nat,mts_aggregate_total,2015,1487.35
prt,sex_m,geo_cov_nat,mts_aggregate_total,2016,1485.602
prt,sex_m,geo_cov_nat,mts_aggregate_total,2017,1465.098
prt,sex_m,geo_cov_nat,mts_aggregate_total,2018,1470.442
prt,sex_m,geo_cov_nat,mts_aggregate_total,2019,1469.871
prt,sex_m,geo_cov_nat,mts_aggregate_total,2020,1528.248
prt,sex_m,geo_cov_rur,mts_aggregate_1,1992,102.939
prt,sex_m,geo_cov_rur,mts_aggregate_1,1993,110.809
prt,sex_m,geo_cov_rur,mts_aggregate_1,1994,128.505
prt,sex_m,geo_cov_rur,mts_aggregate_1,1995,126.61
prt,sex_m,geo_cov_rur,mts_aggregate_1,1996,117.707
prt,sex_m,geo_cov_rur,mts_aggregate_1,1997,130.654
prt,sex_m,geo_cov_rur,mts_aggregate_1,1998,156.496
prt,sex_m,geo_cov_rur,mts_aggregate_1,1999,152.487
prt,sex_m,geo_cov_rur,mts_aggregate_1,2000,150.7
prt,sex_m,geo_cov_rur,mts_aggregate_1,2001,144.457
prt,sex_m,geo_cov_rur,mts_aggregate_1,2002,141.103
prt,sex_m,geo_cov_rur,mts_aggregate_1,2003,143.871
prt,sex_m,geo_cov_rur,mts_aggregate_1,2004,143.326
prt,sex_m,geo_cov_rur,mts_aggregate_1,2005,138.388
prt,sex_m,geo_cov_rur,mts_aggregate_1,2006,134.185
prt,sex_m,geo_cov_rur,mts_aggregate_1,2007,143.696
prt,sex_m,geo_cov_rur,mts_aggregate_1,2008,127.826
prt,sex_m,geo_cov_rur,mts_aggregate_1,2009,133.425
prt,sex_m,geo_cov_rur,mts_aggregate_1,2010,144.058
prt,sex_m,geo_cov_rur,mts_aggregate_1,2011,172.738
prt,sex_m,geo_cov_rur,mts_aggregate_1,2012,168.774
prt,sex_m,geo_cov_rur,mts_aggregate_1,2013,171.408
prt,sex_m,geo_cov_rur,mts_aggregate_1,2014,165.42
prt,sex_m,geo_cov_rur,mts_aggregate_1,2015,168.411
prt,sex_m,geo_cov_rur,mts_aggregate_1,2016,176.078
prt,sex_m,geo_cov_rur,mts_aggregate_1,2017,168.656
prt,sex_m,geo_cov_rur,mts_aggregate_1,2018,165.014
prt,sex_m,geo_cov_rur,mts_aggregate_1,2019,168.775
prt,sex_m,geo_cov_rur,mts_aggregate_1,2020,170.307
prt,sex_m,geo_cov_rur,mts_aggregate_2,1992,142.355
prt,sex_m,geo_cov_rur,mts_aggregate_2,1993,158.661
prt,sex_m,geo_cov_rur,mts_aggregate_2,1994,158.958
prt,sex_m,geo_cov_rur,mts_aggregate_2,1995,145.364
prt,sex_m,geo_cov_rur,mts_aggregate_2,1996,147.988
prt,sex_m,geo_cov_rur,mts_aggregate_2,1997,150.025
prt,sex_m,geo_cov_rur,mts_aggregate_2,1998,173.385
prt,sex_m,geo_cov_rur,mts_aggregate_2,1999,180.023
prt,sex_m,geo_cov_rur,mts_aggregate_2,2000,183.394
prt,sex_m,geo_cov_rur,mts_aggregate_2,2001,175.877
prt,sex_m,geo_cov_rur,mts_aggregate_2,2002,177.782
prt,sex_m,geo_cov_rur,mts_aggregate_2,2003,165.881
prt,sex_m,geo_cov_rur,mts_aggregate_2,2004,168.355
prt,sex_m,geo_cov_rur,mts_aggregate_2,2005,166.534
prt,sex_m,geo_cov_rur,mts_aggregate_2,2006,165.215
prt,sex_m,geo_cov_rur,mts_aggregate_2,2007,166.428
prt,sex_m,geo_cov_rur,mts_aggregate_2,2008,166.985
prt,sex_m,geo_cov_rur,mts_aggregate_2,2009,178.137
prt,sex_m,geo_cov_rur,mts_aggregate_2,2010,184.203
prt,sex_m,geo_cov_rur,mts_aggregate_2,2011,207.495
prt,sex_m,geo_cov_rur,mts_aggregate_2,2012,206.779
prt,sex_m,geo_cov_rur,mts_aggregate_2,2013,215.543
prt,sex_m,geo_cov_rur,mts_aggregate_2,2014,216.057
prt,sex_m,geo_cov_rur,mts_aggregate_2,2015,216.826
prt,sex_m,geo_cov_rur,mts_aggregate_2,2016,207.712
prt,sex_m,geo_cov_rur,mts_aggregate_2,2017,207.907
prt,sex_m,geo_cov_rur,mts_aggregate_2,2018,213.303
prt,sex_m,geo_cov_rur,mts_aggregate_2,2019,210.366
prt,sex_m,geo_cov_rur,mts_aggregate_2,2020,214.844
prt,sex_m,geo_cov_rur,mts_aggregate_total,1992,245.294
prt,sex_m,geo_cov_rur,mts_aggregate_total,1993,269.47
prt,sex_m,geo_cov_rur,mts_aggregate_total,1994,287.463
prt,sex_m,geo_cov_rur,mts_aggregate_total,1995,271.974
prt,sex_m,geo_cov_rur,mts_aggregate_total,1996,265.695
prt,sex_m,geo_cov_rur,mts_aggregate_total,1997,280.678
prt,sex_m,geo_cov_rur,mts_aggregate_total,1998,329.881
prt,sex_m,geo_cov_rur,mts_aggregate_total,1999,332.509
prt,sex_m,geo_cov_rur,mts_aggregate_total,2000,334.094
prt,sex_m,geo_cov_rur,mts_aggregate_total,2001,320.335
prt,sex_m,geo_cov_rur,mts_aggregate_total,2002,318.885
prt,sex_m,geo_cov_rur,mts_aggregate_total,2003,309.752
prt,sex_m,geo_cov_rur,mts_aggregate_total,2004,311.681
prt,sex_m,geo_cov_rur,mts_aggregate_total,2005,304.922
prt,sex_m,geo_cov_rur,mts_aggregate_total,2006,299.4
prt,sex_m,geo_cov_rur,mts_aggregate_total,2007,310.124
prt,sex_m,geo_cov_rur,mts_aggregate_total,2008,294.811
prt,sex_m,geo_cov_rur,mts_aggregate_total,2009,311.562
prt,sex_m,geo_cov_rur,mts_aggregate_total,2010,328.26
prt,sex_m,geo_cov_rur,mts_aggregate_total,2011,380.233
prt,sex_m,geo_cov_rur,mts_aggregate_total,2012,375.553
prt,sex_m,geo_cov_rur,mts_aggregate_total,2013,386.951
prt,sex_m,geo_cov_rur,mts_aggregate_total,2014,381.477
prt,sex_m,geo_cov_rur,mts_aggregate_total,2015,385.237
prt,sex_m,geo_cov_rur,mts_aggregate_total,2016,383.789
prt,sex_m,geo_cov_rur,mts_aggregate_total,2017,376.563
prt,sex_m,geo_cov_rur,mts_aggregate_total,2018,378.316
prt,sex_m,geo_cov_rur,mts_aggregate_total,2019,379.141
prt,sex_m,geo_cov_rur,mts_aggregate_total,2020,385.151
prt,sex_m,geo_cov_urb,mts_aggregate_1,1992,387.414
prt,sex_m,geo_cov_urb,mts_aggregate_1,1993,424.686
prt,sex_m,geo_cov_urb,mts_aggregate_1,1994,454.981
prt,sex_m,geo_cov_urb,mts_aggregate_1,1995,491.905
prt,sex_m,geo_cov_urb,mts_aggregate_1,1996,511.552
prt,sex_m,geo_cov_urb,mts_aggregate_1,1997,480.583
prt,sex_m,geo_cov_urb,mts_aggregate_1,1998,418.074
prt,sex_m,geo_cov_urb,mts_aggregate_1,1999,416.629
prt,sex_m,geo_cov_urb,mts_aggregate_1,2000,432.426
prt,sex_m,geo_cov_urb,mts_aggregate_1,2001,428.325
prt,sex_m,geo_cov_urb,mts_aggregate_1,2002,416.935
prt,sex_m,geo_cov_urb,mts_aggregate_1,2003,434.087
prt,sex_m,geo_cov_urb,mts_aggregate_1,2004,422.597
prt,sex_m,geo_cov_urb,mts_aggregate_1,2005,441.714
prt,sex_m,geo_cov_urb,mts_aggregate_1,2006,435.495
prt,sex_m,geo_cov_urb,mts_aggregate_1,2007,424.818
prt,sex_m,geo_cov_urb,mts_aggregate_1,2008,445.692
prt,sex_m,geo_cov_urb,mts_aggregate_1,2009,469.636
prt,sex_m,geo_cov_urb,mts_aggregate_1,2010,459.039
prt,sex_m,geo_cov_urb,mts_aggregate_1,2011,452.996
prt,sex_m,geo_cov_urb,mts_aggregate_1,2012,476.835
prt,sex_m,geo_cov_urb,mts_aggregate_1,2013,495.344
prt,sex_m,geo_cov_urb,mts_aggregate_1,2014,489.408
prt,sex_m,geo_cov_urb,mts_aggregate_1,2015,502.81
prt,sex_m,geo_cov_urb,mts_aggregate_1,2016,498.688
prt,sex_m,geo_cov_urb,mts_aggregate_1,2017,495.813
prt,sex_m,geo_cov_urb,mts_aggregate_1,2018,499.56
prt,sex_m,geo_cov_urb,mts_aggregate_1,2019,498.585
prt,sex_m,geo_cov_urb,mts_aggregate_1,2020,525.068
prt,sex_m,geo_cov_urb,mts_aggregate_2,1992,449.137
prt,sex_m,geo_cov_urb,mts_aggregate_2,1993,461.952
prt,sex_m,geo_cov_urb,mts_aggregate_2,1994,464.564
prt,sex_m,geo_cov_urb,mts_aggregate_2,1995,478.734
prt,sex_m,geo_cov_urb,mts_aggregate_2,1996,509.493
prt,sex_m,geo_cov_urb,mts_aggregate_2,1997,536.452
prt,sex_m,geo_cov_urb,mts_aggregate_2,1998,444.439
prt,sex_m,geo_cov_urb,mts_aggregate_2,1999,468.264
prt,sex_m,geo_cov_urb,mts_aggregate_2,2000,470.229
prt,sex_m,geo_cov_urb,mts_aggregate_2,2001,479.192
prt,sex_m,geo_cov_urb,mts_aggregate_2,2002,477.939
prt,sex_m,geo_cov_urb,mts_aggregate_2,2003,507.2
prt,sex_m,geo_cov_urb,mts_aggregate_2,2004,540.081
prt,sex_m,geo_cov_urb,mts_aggregate_2,2005,548.839
prt,sex_m,geo_cov_urb,mts_aggregate_2,2006,556.986
prt,sex_m,geo_cov_urb,mts_aggregate_2,2007,566.983
prt,sex_m,geo_cov_urb,mts_aggregate_2,2008,573.237
prt,sex_m,geo_cov_urb,mts_aggregate_2,2009,584.84
prt,sex_m,geo_cov_urb,mts_aggregate_2,2010,601
prt,sex_m,geo_cov_urb,mts_aggregate_2,2011,558.234
prt,sex_m,geo_cov_urb,mts_aggregate_2,2012,566.58
prt,sex_m,geo_cov_urb,mts_aggregate_2,2013,577.058
prt,sex_m,geo_cov_urb,mts_aggregate_2,2014,603.653
prt,sex_m,geo_cov_urb,mts_aggregate_2,2015,599.303
prt,sex_m,geo_cov_urb,mts_aggregate_2,2016,603.125
prt,sex_m,geo_cov_urb,mts_aggregate_2,2017,592.723
prt,sex_m,geo_cov_urb,mts_aggregate_2,2018,592.567
prt,sex_m,geo_cov_urb,mts_aggregate_2,2019,592.145
prt,sex_m,geo_cov_urb,mts_aggregate_2,2020,618.029
prt,sex_m,geo_cov_urb,mts_aggregate_total,1992,836.551
prt,sex_m,geo_cov_urb,mts_aggregate_total,1993,886.638
prt,sex_m,geo_cov_urb,mts_aggregate_total,1994,919.545
prt,sex_m,geo_cov_urb,mts_aggregate_total,1995,970.639
prt,sex_m,geo_cov_urb,mts_aggregate_total,1996,1021.044
prt,sex_m,geo_cov_urb,mts_aggregate_total,1997,1017.035
prt,sex_m,geo_cov_urb,mts_aggregate_total,1998,862.513
prt,sex_m,geo_cov_urb,mts_aggregate_total,1999,884.893
prt,sex_m,geo_cov_urb,mts_aggregate_total,2000,902.655
prt,sex_m,geo_cov_urb,mts_aggregate_total,2001,907.517
prt,sex_m,geo_cov_urb,mts_aggregate_total,2002,894.874
prt,sex_m,geo_cov_urb,mts_aggregate_total,2003,941.288
prt,sex_m,geo_cov_urb,mts_aggregate_total,2004,962.678
prt,sex_m,geo_cov_urb,mts_aggregate_total,2005,990.553
prt,sex_m,geo_cov_urb,mts_aggregate_total,2006,992.481
prt,sex_m,geo_cov_urb,mts_aggregate_total,2007,991.801
prt,sex_m,geo_cov_urb,mts_aggregate_total,2008,1018.928
prt,sex_m,geo_cov_urb,mts_aggregate_total,2009,1054.476
prt,sex_m,geo_cov_urb,mts_aggregate_total,2010,1060.038
prt,sex_m,geo_cov_urb,mts_aggregate_total,2011,1011.23
prt,sex_m,geo_cov_urb,mts_aggregate_total,2012,1043.415
prt,sex_m,geo_cov_urb,mts_aggregate_total,2013,1072.401
prt,sex_m,geo_cov_urb,mts_aggregate_total,2014,1093.061
prt,sex_m,geo_cov_urb,mts_aggregate_total,2015,1102.113
prt,sex_m,geo_cov_urb,mts_aggregate_total,2016,1101.813
prt,sex_m,geo_cov_urb,mts_aggregate_total,2017,1088.535
prt,sex_m,geo_cov_urb,mts_aggregate_total,2018,1092.126
prt,sex_m,geo_cov_urb,mts_aggregate_total,2019,1090.73
prt,sex_m,geo_cov_urb,mts_aggregate_total,2020,1143.097
prt,sex_t,geo_cov_nat,mts_aggregate_1,1992,1453.821
prt,sex_t,geo_cov_nat,mts_aggregate_1,1993,1531.698
prt,sex_t,geo_cov_nat,mts_aggregate_1,1994,1630.87
prt,sex_t,geo_cov_nat,mts_aggregate_1,1995,1680.978
prt,sex_t,geo_cov_nat,mts_aggregate_1,1996,1717.497
prt,sex_t,geo_cov_nat,mts_aggregate_1,1997,1731.741
prt,sex_t,geo_cov_nat,mts_aggregate_1,1998,1603.458
prt,sex_t,geo_cov_nat,mts_aggregate_1,1999,1595.362
prt,sex_t,geo_cov_nat,mts_aggregate_1,2000,1633.567
prt,sex_t,geo_cov_nat,mts_aggregate_1,2001,1612.948
prt,sex_t,geo_cov_nat,mts_aggregate_1,2002,1578.04
prt,sex_t,geo_cov_nat,mts_aggregate_1,2003,1601.665
prt,sex_t,geo_cov_nat,mts_aggregate_1,2004,1588.41
prt,sex_t,geo_cov_nat,mts_aggregate_1,2005,1608.997
prt,sex_t,geo_cov_nat,mts_aggregate_1,2006,1617.866
prt,sex_t,geo_cov_nat,mts_aggregate_1,2007,1596.976
prt,sex_t,geo_cov_nat,mts_aggregate_1,2008,1604.926
prt,sex_t,geo_cov_nat,mts_aggregate_1,2009,1642.189
prt,sex_t,geo_cov_nat,mts_aggregate_1,2010,1648.386
prt,sex_t,geo_cov_nat,mts_aggregate_1,2011,1758.6
prt,sex_t,geo_cov_nat,mts_aggregate_1,2012,1797.923
prt,sex_t,geo_cov_nat,mts_aggregate_1,2013,1810.205
prt,sex_t,geo_cov_nat,mts_aggregate_1,2014,1797.76
prt,sex_t,geo_cov_nat,mts_aggregate_1,2015,1823.012
prt,sex_t,geo_cov_nat,mts_aggregate_1,2016,1857.612
prt,sex_t,geo_cov_nat,mts_aggregate_1,2017,1846.989
prt,sex_t,geo_cov_nat,mts_aggregate_1,2018,1846.553
prt,sex_t,geo_cov_nat,mts_aggregate_1,2019,1850.672
prt,sex_t,geo_cov_nat,mts_aggregate_1,2020,1912.645
prt,sex_t,geo_cov_nat,mts_aggregate_2,1992,1771.438
prt,sex_t,geo_cov_nat,mts_aggregate_2,1993,1777.234
prt,sex_t,geo_cov_nat,mts_aggregate_2,1994,1757.284
prt,sex_t,geo_cov_nat,mts_aggregate_2,1995,1746.335
prt,sex_t,geo_cov_nat,mts_aggregate_2,1996,1787.29
prt,sex_t,geo_cov_nat,mts_aggregate_2,1997,1816.522
prt,sex_t,geo_cov_nat,mts_aggregate_2,1998,1718.292
prt,sex_t,geo_cov_nat,mts_aggregate_2,1999,1749.299
prt,sex_t,geo_cov_nat,mts_aggregate_2,2000,1730.911
prt,sex_t,geo_cov_nat,mts_aggregate_2,2001,1729.326
prt,sex_t,geo_cov_nat,mts_aggregate_2,2002,1735.551
prt,sex_t,geo_cov_nat,mts_aggregate_2,2003,1729.28
prt,sex_t,geo_cov_nat,mts_aggregate_2,2004,1794.332
prt,sex_t,geo_cov_nat,mts_aggregate_2,2005,1757.592
prt,sex_t,geo_cov_nat,mts_aggregate_2,2006,1742.32
prt,sex_t,geo_cov_nat,mts_aggregate_2,2007,1762.887
prt,sex_t,geo_cov_nat,mts_aggregate_2,2008,1781.993
prt,sex_t,geo_cov_nat,mts_aggregate_2,2009,1812.876
prt,sex_t,geo_cov_nat,mts_aggregate_2,2010,1827.382
prt,sex_t,geo_cov_nat,mts_aggregate_2,2011,1783.613
prt,sex_t,geo_cov_nat,mts_aggregate_2,2012,1766.996
prt,sex_t,geo_cov_nat,mts_aggregate_2,2013,1817.067
prt,sex_t,geo_cov_nat,mts_aggregate_2,2014,1860.109
prt,sex_t,geo_cov_nat,mts_aggregate_2,2015,1848.011
prt,sex_t,geo_cov_nat,mts_aggregate_2,2016,1822.776
prt,sex_t,geo_cov_nat,mts_aggregate_2,2017,1786.744
prt,sex_t,geo_cov_nat,mts_aggregate_2,2018,1772.671
prt,sex_t,geo_cov_nat,mts_aggregate_2,2019,1760.353
prt,sex_t,geo_cov_nat,mts_aggregate_2,2020,1825.169
prt,sex_t,geo_cov_nat,mts_aggregate_total,1992,3225.259
prt,sex_t,geo_cov_nat,mts_aggregate_total,1993,3308.932
prt,sex_t,geo_cov_nat,mts_aggregate_total,1994,3388.154
prt,sex_t,geo_cov_nat,mts_aggregate_total,1995,3427.313
prt,sex_t,geo_cov_nat,mts_aggregate_total,1996,3504.786
prt,sex_t,geo_cov_nat,mts_aggregate_total,1997,3548.263
prt,sex_t,geo_cov_nat,mts_aggregate_total,1998,3321.75
prt,sex_t,geo_cov_nat,mts_aggregate_total,1999,3344.662
prt,sex_t,geo_cov_nat,mts_aggregate_total,2000,3364.479
prt,sex_t,geo_cov_nat,mts_aggregate_total,2001,3342.274
prt,sex_t,geo_cov_nat,mts_aggregate_total,2002,3313.59
prt,sex_t,geo_cov_nat,mts_aggregate_total,2003,3330.945
prt,sex_t,geo_cov_nat,mts_aggregate_total,2004,3382.742
prt,sex_t,geo_cov_nat,mts_aggregate_total,2005,3366.588
prt,sex_t,geo_cov_nat,mts_aggregate_total,2006,3360.187
prt,sex_t,geo_cov_nat,mts_aggregate_total,2007,3359.862
prt,sex_t,geo_cov_nat,mts_aggregate_total,2008,3386.919
prt,sex_t,geo_cov_nat,mts_aggregate_total,2009,3455.065
prt,sex_t,geo_cov_nat,mts_aggregate_total,2010,3475.769
prt,sex_t,geo_cov_nat,mts_aggregate_total,2011,3542.212
prt,sex_t,geo_cov_nat,mts_aggregate_total,2012,3564.919
prt,sex_t,geo_cov_nat,mts_aggregate_total,2013,3627.271
prt,sex_t,geo_cov_nat,mts_aggregate_total,2014,3657.869
prt,sex_t,geo_cov_nat,mts_aggregate_total,2015,3671.023
prt,sex_t,geo_cov_nat,mts_aggregate_total,2016,3680.388
prt,sex_t,geo_cov_nat,mts_aggregate_total,2017,3633.733
prt,sex_t,geo_cov_nat,mts_aggregate_total,2018,3619.224
prt,sex_t,geo_cov_nat,mts_aggregate_total,2019,3611.025
prt,sex_t,geo_cov_nat,mts_aggregate_total,2020,3737.814
prt,sex_t,geo_cov_rur,mts_aggregate_1,1992,303.731
prt,sex_t,geo_cov_rur,mts_aggregate_1,1993,324.046
prt,sex_t,geo_cov_rur,mts_aggregate_1,1994,345.742
prt,sex_t,geo_cov_rur,mts_aggregate_1,1995,349.88
prt,sex_t,geo_cov_rur,mts_aggregate_1,1996,337.701
prt,sex_t,geo_cov_rur,mts_aggregate_1,1997,368.465
prt,sex_t,geo_cov_rur,mts_aggregate_1,1998,442.114
prt,sex_t,geo_cov_rur,mts_aggregate_1,1999,427.632
prt,sex_t,geo_cov_rur,mts_aggregate_1,2000,432.754
prt,sex_t,geo_cov_rur,mts_aggregate_1,2001,411.941
prt,sex_t,geo_cov_rur,mts_aggregate_1,2002,403.273
prt,sex_t,geo_cov_rur,mts_aggregate_1,2003,401.215
prt,sex_t,geo_cov_rur,mts_aggregate_1,2004,416.498
prt,sex_t,geo_cov_rur,mts_aggregate_1,2005,406.264
prt,sex_t,geo_cov_rur,mts_aggregate_1,2006,401.931
prt,sex_t,geo_cov_rur,mts_aggregate_1,2007,404.282
prt,sex_t,geo_cov_rur,mts_aggregate_1,2008,385.319
prt,sex_t,geo_cov_rur,mts_aggregate_1,2009,383.912
prt,sex_t,geo_cov_rur,mts_aggregate_1,2010,401.908
prt,sex_t,geo_cov_rur,mts_aggregate_1,2011,491.586
prt,sex_t,geo_cov_rur,mts_aggregate_1,2012,485.974
prt,sex_t,geo_cov_rur,mts_aggregate_1,2013,481.699
prt,sex_t,geo_cov_rur,mts_aggregate_1,2014,480.156
prt,sex_t,geo_cov_rur,mts_aggregate_1,2015,475.92
prt,sex_t,geo_cov_rur,mts_aggregate_1,2016,492.584
prt,sex_t,geo_cov_rur,mts_aggregate_1,2017,482.512
prt,sex_t,geo_cov_rur,mts_aggregate_1,2018,463.495
prt,sex_t,geo_cov_rur,mts_aggregate_1,2019,471.212
prt,sex_t,geo_cov_rur,mts_aggregate_1,2020,467.575
prt,sex_t,geo_cov_rur,mts_aggregate_2,1992,413.779
prt,sex_t,geo_cov_rur,mts_aggregate_2,1993,434.887
prt,sex_t,geo_cov_rur,mts_aggregate_2,1994,432.552
prt,sex_t,geo_cov_rur,mts_aggregate_2,1995,398.619
prt,sex_t,geo_cov_rur,mts_aggregate_2,1996,394.748
prt,sex_t,geo_cov_rur,mts_aggregate_2,1997,393.139
prt,sex_t,geo_cov_rur,mts_aggregate_2,1998,480.208
prt,sex_t,geo_cov_rur,mts_aggregate_2,1999,480.277
prt,sex_t,geo_cov_rur,mts_aggregate_2,2000,480.877
prt,sex_t,geo_cov_rur,mts_aggregate_2,2001,474.443
prt,sex_t,geo_cov_rur,mts_aggregate_2,2002,463.463
prt,sex_t,geo_cov_rur,mts_aggregate_2,2003,436.587
prt,sex_t,geo_cov_rur,mts_aggregate_2,2004,432
prt,sex_t,geo_cov_rur,mts_aggregate_2,2005,416.376
prt,sex_t,geo_cov_rur,mts_aggregate_2,2006,405.014
prt,sex_t,geo_cov_rur,mts_aggregate_2,2007,409.505
prt,sex_t,geo_cov_rur,mts_aggregate_2,2008,420.429
prt,sex_t,geo_cov_rur,mts_aggregate_2,2009,430.592
prt,sex_t,geo_cov_rur,mts_aggregate_2,2010,436.739
prt,sex_t,geo_cov_rur,mts_aggregate_2,2011,511.388
prt,sex_t,geo_cov_rur,mts_aggregate_2,2012,503.891
prt,sex_t,geo_cov_rur,mts_aggregate_2,2013,524.054
prt,sex_t,geo_cov_rur,mts_aggregate_2,2014,531.975
prt,sex_t,geo_cov_rur,mts_aggregate_2,2015,525.616
prt,sex_t,geo_cov_rur,mts_aggregate_2,2016,494.926
prt,sex_t,geo_cov_rur,mts_aggregate_2,2017,487.846
prt,sex_t,geo_cov_rur,mts_aggregate_2,2018,485.563
prt,sex_t,geo_cov_rur,mts_aggregate_2,2019,474.976
prt,sex_t,geo_cov_rur,mts_aggregate_2,2020,489.618
prt,sex_t,geo_cov_rur,mts_aggregate_total,1992,717.51
prt,sex_t,geo_cov_rur,mts_aggregate_total,1993,758.934
prt,sex_t,geo_cov_rur,mts_aggregate_total,1994,778.294
prt,sex_t,geo_cov_rur,mts_aggregate_total,1995,748.498
prt,sex_t,geo_cov_rur,mts_aggregate_total,1996,732.449
prt,sex_t,geo_cov_rur,mts_aggregate_total,1997,761.605
prt,sex_t,geo_cov_rur,mts_aggregate_total,1998,922.323
prt,sex_t,geo_cov_rur,mts_aggregate_total,1999,907.909
prt,sex_t,geo_cov_rur,mts_aggregate_total,2000,913.63
prt,sex_t,geo_cov_rur,mts_aggregate_total,2001,886.384
prt,sex_t,geo_cov_rur,mts_aggregate_total,2002,866.736
prt,sex_t,geo_cov_rur,mts_aggregate_total,2003,837.802
prt,sex_t,geo_cov_rur,mts_aggregate_total,2004,848.498
prt,sex_t,geo_cov_rur,mts_aggregate_total,2005,822.64
prt,sex_t,geo_cov_rur,mts_aggregate_total,2006,806.945
prt,sex_t,geo_cov_rur,mts_aggregate_total,2007,813.786
prt,sex_t,geo_cov_rur,mts_aggregate_total,2008,805.748
prt,sex_t,geo_cov_rur,mts_aggregate_total,2009,814.503
prt,sex_t,geo_cov_rur,mts_aggregate_total,2010,838.647
prt,sex_t,geo_cov_rur,mts_aggregate_total,2011,1002.974
prt,sex_t,geo_cov_rur,mts_aggregate_total,2012,989.865
prt,sex_t,geo_cov_rur,mts_aggregate_total,2013,1005.753
prt,sex_t,geo_cov_rur,mts_aggregate_total,2014,1012.132
prt,sex_t,geo_cov_rur,mts_aggregate_total,2015,1001.536
prt,sex_t,geo_cov_rur,mts_aggregate_total,2016,987.51
prt,sex_t,geo_cov_rur,mts_aggregate_total,2017,970.358
prt,sex_t,geo_cov_rur,mts_aggregate_total,2018,949.058
prt,sex_t,geo_cov_rur,mts_aggregate_total,2019,946.188
prt,sex_t,geo_cov_rur,mts_aggregate_total,2020,957.193
prt,sex_t,geo_cov_urb,mts_aggregate_1,1992,1150.09
prt,sex_t,geo_cov_urb,mts_aggregate_1,1993,1207.652
prt,sex_t,geo_cov_urb,mts_aggregate_1,1994,1285.127
prt,sex_t,geo_cov_urb,mts_aggregate_1,1995,1331.099
prt,sex_t,geo_cov_urb,mts_aggregate_1,1996,1379.795
prt,sex_t,geo_cov_urb,mts_aggregate_1,1997,1363.276
prt,sex_t,geo_cov_urb,mts_aggregate_1,1998,1161.344
prt,sex_t,geo_cov_urb,mts_aggregate_1,1999,1167.73
prt,sex_t,geo_cov_urb,mts_aggregate_1,2000,1200.813
prt,sex_t,geo_cov_urb,mts_aggregate_1,2001,1201.007
prt,sex_t,geo_cov_urb,mts_aggregate_1,2002,1174.767
prt,sex_t,geo_cov_urb,mts_aggregate_1,2003,1200.45
prt,sex_t,geo_cov_urb,mts_aggregate_1,2004,1171.911
prt,sex_t,geo_cov_urb,mts_aggregate_1,2005,1202.733
prt,sex_t,geo_cov_urb,mts_aggregate_1,2006,1215.936
prt,sex_t,geo_cov_urb,mts_aggregate_1,2007,1192.694
prt,sex_t,geo_cov_urb,mts_aggregate_1,2008,1219.607
prt,sex_t,geo_cov_urb,mts_aggregate_1,2009,1258.277
prt,sex_t,geo_cov_urb,mts_aggregate_1,2010,1246.478
prt,sex_t,geo_cov_urb,mts_aggregate_1,2011,1267.014
prt,sex_t,geo_cov_urb,mts_aggregate_1,2012,1311.949
prt,sex_t,geo_cov_urb,mts_aggregate_1,2013,1328.506
prt,sex_t,geo_cov_urb,mts_aggregate_1,2014,1317.604
prt,sex_t,geo_cov_urb,mts_aggregate_1,2015,1347.092
prt,sex_t,geo_cov_urb,mts_aggregate_1,2016,1365.029
prt,sex_t,geo_cov_urb,mts_aggregate_1,2017,1364.477
prt,sex_t,geo_cov_urb,mts_aggregate_1,2018,1383.058
prt,sex_t,geo_cov_urb,mts_aggregate_1,2019,1379.46
prt,sex_t,geo_cov_urb,mts_aggregate_1,2020,1445.069
prt,sex_t,geo_cov_urb,mts_aggregate_2,1992,1357.659
prt,sex_t,geo_cov_urb,mts_aggregate_2,1993,1342.347
prt,sex_t,geo_cov_urb,mts_aggregate_2,1994,1324.732
prt,sex_t,geo_cov_urb,mts_aggregate_2,1995,1347.716
prt,sex_t,geo_cov_urb,mts_aggregate_2,1996,1392.542
prt,sex_t,geo_cov_urb,mts_aggregate_2,1997,1423.383
prt,sex_t,geo_cov_urb,mts_aggregate_2,1998,1238.084
prt,sex_t,geo_cov_urb,mts_aggregate_2,1999,1269.023
prt,sex_t,geo_cov_urb,mts_aggregate_2,2000,1250.035
prt,sex_t,geo_cov_urb,mts_aggregate_2,2001,1254.883
prt,sex_t,geo_cov_urb,mts_aggregate_2,2002,1272.088
prt,sex_t,geo_cov_urb,mts_aggregate_2,2003,1292.693
prt,sex_t,geo_cov_urb,mts_aggregate_2,2004,1362.333
prt,sex_t,geo_cov_urb,mts_aggregate_2,2005,1341.216
prt,sex_t,geo_cov_urb,mts_aggregate_2,2006,1337.306
prt,sex_t,geo_cov_urb,mts_aggregate_2,2007,1353.382
prt,sex_t,geo_cov_urb,mts_aggregate_2,2008,1361.564
prt,sex_t,geo_cov_urb,mts_aggregate_2,2009,1382.284
prt,sex_t,geo_cov_urb,mts_aggregate_2,2010,1390.644
prt,sex_t,geo_cov_urb,mts_aggregate_2,2011,1272.225
prt,sex_t,geo_cov_urb,mts_aggregate_2,2012,1263.105
prt,sex_t,geo_cov_urb,mts_aggregate_2,2013,1293.013
prt,sex_t,geo_cov_urb,mts_aggregate_2,2014,1328.134
prt,sex_t,geo_cov_urb,mts_aggregate_2,2015,1322.395
prt,sex_t,geo_cov_urb,mts_aggregate_2,2016,1327.85
prt,sex_t,geo_cov_urb,mts_aggregate_2,2017,1298.898
prt,sex_t,geo_cov_urb,mts_aggregate_2,2018,1287.108
prt,sex_t,geo_cov_urb,mts_aggregate_2,2019,1285.377
prt,sex_t,geo_cov_urb,mts_aggregate_2,2020,1335.551
prt,sex_t,geo_cov_urb,mts_aggregate_total,1992,2507.75
prt,sex_t,geo_cov_urb,mts_aggregate_total,1993,2549.999
prt,sex_t,geo_cov_urb,mts_aggregate_total,1994,2609.86
prt,sex_t,geo_cov_urb,mts_aggregate_total,1995,2678.815
prt,sex_t,geo_cov_urb,mts_aggregate_total,1996,2772.337
prt,sex_t,geo_cov_urb,mts_aggregate_total,1997,2786.659
prt,sex_t,geo_cov_urb,mts_aggregate_total,1998,2399.428
prt,sex_t,geo_cov_urb,mts_aggregate_total,1999,2436.753
prt,sex_t,geo_cov_urb,mts_aggregate_total,2000,2450.848
prt,sex_t,geo_cov_urb,mts_aggregate_total,2001,2455.89
prt,sex_t,geo_cov_urb,mts_aggregate_total,2002,2446.854
prt,sex_t,geo_cov_urb,mts_aggregate_total,2003,2493.143
prt,sex_t,geo_cov_urb,mts_aggregate_total,2004,2534.244
prt,sex_t,geo_cov_urb,mts_aggregate_total,2005,2543.948
prt,sex_t,geo_cov_urb,mts_aggregate_total,2006,2553.242
prt,sex_t,geo_cov_urb,mts_aggregate_total,2007,2546.076
prt,sex_t,geo_cov_urb,mts_aggregate_total,2008,2581.171
prt,sex_t,geo_cov_urb,mts_aggregate_total,2009,2640.561
prt,sex_t,geo_cov_urb,mts_aggregate_total,2010,2637.122
prt,sex_t,geo_cov_urb,mts_aggregate_total,2011,2539.239
prt,sex_t,geo_cov_urb,mts_aggregate_total,2012,2575.054
prt,sex_t,geo_cov_urb,mts_aggregate_total,2013,2621.518
prt,sex_t,geo_cov_urb,mts_aggregate_total,2014,2645.737
prt,sex_t,geo_cov_urb,mts_aggregate_total,2015,2669.487
prt,sex_t,geo_cov_urb,mts_aggregate_total,2016,2692.879
prt,sex_t,geo_cov_urb,mts_aggregate_total,2017,2663.375
prt,sex_t,geo_cov_urb,mts_aggregate_total,2018,2670.166
prt,sex_t,geo_cov_urb,mts_aggregate_total,2019,2664.837
prt,sex_t,geo_cov_urb,mts_aggregate_total,2020,2780.621
pry,sex_f,geo_cov_nat,mts_aggregate_1,1998,319.891
pry,sex_f,geo_cov_nat,mts_aggregate_1,1999,360.909
pry,sex_f,geo_cov_nat,mts_aggregate_1,2001,367.58
pry,sex_f,geo_cov_nat,mts_aggregate_1,2002,342.6
pry,sex_f,geo_cov_nat,mts_aggregate_1,2003,391.975
pry,sex_f,geo_cov_nat,mts_aggregate_1,2004,371.875
pry,sex_f,geo_cov_nat,mts_aggregate_1,2005,386.313
pry,sex_f,geo_cov_nat,mts_aggregate_1,2006,434.646
pry,sex_f,geo_cov_nat,mts_aggregate_1,2007,430.773
pry,sex_f,geo_cov_nat,mts_aggregate_1,2008,408.797
pry,sex_f,geo_cov_nat,mts_aggregate_1,2009,451.936
pry,sex_f,geo_cov_nat,mts_aggregate_1,2010,459.616
pry,sex_f,geo_cov_nat,mts_aggregate_1,2011,493.585
pry,sex_f,geo_cov_nat,mts_aggregate_1,2012,449.334
pry,sex_f,geo_cov_nat,mts_aggregate_1,2013,502.122
pry,sex_f,geo_cov_nat,mts_aggregate_1,2014,567.215
pry,sex_f,geo_cov_nat,mts_aggregate_1,2015,579.122
pry,sex_f,geo_cov_nat,mts_aggregate_1,2016,458.191
pry,sex_f,geo_cov_nat,mts_aggregate_1,2017,486.636
pry,sex_f,geo_cov_nat,mts_aggregate_1,2018,461.826
pry,sex_f,geo_cov_nat,mts_aggregate_1,2019,471.243
pry,sex_f,geo_cov_nat,mts_aggregate_1,2020,125.533
pry,sex_f,geo_cov_nat,mts_aggregate_1,2021,370.771
pry,sex_f,geo_cov_nat,mts_aggregate_2,1998,456.817
pry,sex_f,geo_cov_nat,mts_aggregate_2,1999,460.83
pry,sex_f,geo_cov_nat,mts_aggregate_2,2001,422.354
pry,sex_f,geo_cov_nat,mts_aggregate_2,2002,475.589
pry,sex_f,geo_cov_nat,mts_aggregate_2,2003,465.058
pry,sex_f,geo_cov_nat,mts_aggregate_2,2004,404.732
pry,sex_f,geo_cov_nat,mts_aggregate_2,2005,433.962
pry,sex_f,geo_cov_nat,mts_aggregate_2,2006,507.975
pry,sex_f,geo_cov_nat,mts_aggregate_2,2007,479.042
pry,sex_f,geo_cov_nat,mts_aggregate_2,2008,502.036
pry,sex_f,geo_cov_nat,mts_aggregate_2,2009,513.865
pry,sex_f,geo_cov_nat,mts_aggregate_2,2010,558.927
pry,sex_f,geo_cov_nat,mts_aggregate_2,2011,560.125
pry,sex_f,geo_cov_nat,mts_aggregate_2,2012,478.786
pry,sex_f,geo_cov_nat,mts_aggregate_2,2013,525.702
pry,sex_f,geo_cov_nat,mts_aggregate_2,2014,578.244
pry,sex_f,geo_cov_nat,mts_aggregate_2,2015,578.872
pry,sex_f,geo_cov_nat,mts_aggregate_2,2016,572.234
pry,sex_f,geo_cov_nat,mts_aggregate_2,2017,557.549
pry,sex_f,geo_cov_nat,mts_aggregate_2,2018,540.38
pry,sex_f,geo_cov_nat,mts_aggregate_2,2019,532.965
pry,sex_f,geo_cov_nat,mts_aggregate_2,2020,131.845
pry,sex_f,geo_cov_nat,mts_aggregate_2,2021,415.599
pry,sex_f,geo_cov_nat,mts_aggregate_total,1998,776.708
pry,sex_f,geo_cov_nat,mts_aggregate_total,1999,821.739
pry,sex_f,geo_cov_nat,mts_aggregate_total,2001,789.934
pry,sex_f,geo_cov_nat,mts_aggregate_total,2002,818.445
pry,sex_f,geo_cov_nat,mts_aggregate_total,2003,857.033
pry,sex_f,geo_cov_nat,mts_aggregate_total,2004,776.607
pry,sex_f,geo_cov_nat,mts_aggregate_total,2005,820.275
pry,sex_f,geo_cov_nat,mts_aggregate_total,2006,942.621
pry,sex_f,geo_cov_nat,mts_aggregate_total,2007,909.815
pry,sex_f,geo_cov_nat,mts_aggregate_total,2008,910.833
pry,sex_f,geo_cov_nat,mts_aggregate_total,2009,965.801
pry,sex_f,geo_cov_nat,mts_aggregate_total,2010,1018.543
pry,sex_f,geo_cov_nat,mts_aggregate_total,2011,1053.71
pry,sex_f,geo_cov_nat,mts_aggregate_total,2012,928.12
pry,sex_f,geo_cov_nat,mts_aggregate_total,2013,1028.091
pry,sex_f,geo_cov_nat,mts_aggregate_total,2014,1145.459
pry,sex_f,geo_cov_nat,mts_aggregate_total,2015,1157.994
pry,sex_f,geo_cov_nat,mts_aggregate_total,2016,1030.425
pry,sex_f,geo_cov_nat,mts_aggregate_total,2017,1044.185
pry,sex_f,geo_cov_nat,mts_aggregate_total,2018,1002.206
pry,sex_f,geo_cov_nat,mts_aggregate_total,2019,1004.207
pry,sex_f,geo_cov_nat,mts_aggregate_total,2020,1109.011
pry,sex_f,geo_cov_nat,mts_aggregate_total,2021,1054.499
pry,sex_f,geo_cov_nat,mts_aggregate_x,2002,0.256
pry,sex_f,geo_cov_nat,mts_aggregate_x,2020,851.633
pry,sex_f,geo_cov_nat,mts_aggregate_x,2021,268.129
pry,sex_f,geo_cov_nat,mts_details_mrd,1998,324.058
pry,sex_f,geo_cov_nat,mts_details_mrd,1999,329.928
pry,sex_f,geo_cov_nat,mts_details_mrd,2001,306.801
pry,sex_f,geo_cov_nat,mts_details_mrd,2002,325.809
pry,sex_f,geo_cov_nat,mts_details_mrd,2003,325.965
pry,sex_f,geo_cov_nat,mts_details_mrd,2004,257.13
pry,sex_f,geo_cov_nat,mts_details_mrd,2005,293.186
pry,sex_f,geo_cov_nat,mts_details_mrd,2006,329.193
pry,sex_f,geo_cov_nat,mts_details_mrd,2007,325.915
pry,sex_f,geo_cov_nat,mts_details_mrd,2008,317.448
pry,sex_f,geo_cov_nat,mts_details_mrd,2009,344.545
pry,sex_f,geo_cov_nat,mts_details_mrd,2010,347.028
pry,sex_f,geo_cov_nat,mts_details_mrd,2011,365.531
pry,sex_f,geo_cov_nat,mts_details_mrd,2012,273.588
pry,sex_f,geo_cov_nat,mts_details_mrd,2013,335.569
pry,sex_f,geo_cov_nat,mts_details_mrd,2014,363.828
pry,sex_f,geo_cov_nat,mts_details_mrd,2015,338.138
pry,sex_f,geo_cov_nat,mts_details_mrd,2016,320.042
pry,sex_f,geo_cov_nat,mts_details_mrd,2017,303.868
pry,sex_f,geo_cov_nat,mts_details_mrd,2018,288.047
pry,sex_f,geo_cov_nat,mts_details_mrd,2019,289.545
pry,sex_f,geo_cov_nat,mts_details_mrd,2020,69.931
pry,sex_f,geo_cov_nat,mts_details_mrd,2021,218.915
pry,sex_f,geo_cov_nat,mts_details_sep,1998,12.799
pry,sex_f,geo_cov_nat,mts_details_sep,1999,13.584
pry,sex_f,geo_cov_nat,mts_details_sep,2001,15.086
pry,sex_f,geo_cov_nat,mts_details_sep,2002,15.951
pry,sex_f,geo_cov_nat,mts_details_sep,2003,20.461
pry,sex_f,geo_cov_nat,mts_details_sep,2004,17.165
pry,sex_f,geo_cov_nat,mts_details_sep,2005,14.911
pry,sex_f,geo_cov_nat,mts_details_sep,2006,18.559
pry,sex_f,geo_cov_nat,mts_details_sep,2007,17.755
pry,sex_f,geo_cov_nat,mts_details_sep,2008,21.064
pry,sex_f,geo_cov_nat,mts_details_sep,2009,27.087
pry,sex_f,geo_cov_nat,mts_details_sep,2010,23.173
pry,sex_f,geo_cov_nat,mts_details_sep,2011,26.237
pry,sex_f,geo_cov_nat,mts_details_sep,2012,26.678
pry,sex_f,geo_cov_nat,mts_details_sep,2013,35.32
pry,sex_f,geo_cov_nat,mts_details_sep,2014,29.746
pry,sex_f,geo_cov_nat,mts_details_sep,2015,40.182
pry,sex_f,geo_cov_nat,mts_details_sep,2016,21.677
pry,sex_f,geo_cov_nat,mts_details_sep,2017,36.908
pry,sex_f,geo_cov_nat,mts_details_sep,2018,29.272
pry,sex_f,geo_cov_nat,mts_details_sep,2019,22.933
pry,sex_f,geo_cov_nat,mts_details_sep,2020,7.639
pry,sex_f,geo_cov_nat,mts_details_sep,2021,19.715
pry,sex_f,geo_cov_nat,mts_details_sgle,1998,247.159
pry,sex_f,geo_cov_nat,mts_details_sgle,1999,287.719
pry,sex_f,geo_cov_nat,mts_details_sgle,2001,284.482
pry,sex_f,geo_cov_nat,mts_details_sgle,2002,268.092
pry,sex_f,geo_cov_nat,mts_details_sgle,2003,304.001
pry,sex_f,geo_cov_nat,mts_details_sgle,2004,291.02
pry,sex_f,geo_cov_nat,mts_details_sgle,2005,294.126
pry,sex_f,geo_cov_nat,mts_details_sgle,2006,331.734
pry,sex_f,geo_cov_nat,mts_details_sgle,2007,344.652
pry,sex_f,geo_cov_nat,mts_details_sgle,2008,312.039
pry,sex_f,geo_cov_nat,mts_details_sgle,2009,327.723
pry,sex_f,geo_cov_nat,mts_details_sgle,2010,343.449
pry,sex_f,geo_cov_nat,mts_details_sgle,2011,379.519
pry,sex_f,geo_cov_nat,mts_details_sgle,2012,340.764
pry,sex_f,geo_cov_nat,mts_details_sgle,2013,373.31
pry,sex_f,geo_cov_nat,mts_details_sgle,2014,423.193
pry,sex_f,geo_cov_nat,mts_details_sgle,2015,424.619
pry,sex_f,geo_cov_nat,mts_details_sgle,2016,351.276
pry,sex_f,geo_cov_nat,mts_details_sgle,2017,363.126
pry,sex_f,geo_cov_nat,mts_details_sgle,2018,344.748
pry,sex_f,geo_cov_nat,mts_details_sgle,2019,355.329
pry,sex_f,geo_cov_nat,mts_details_sgle,2020,92.832
pry,sex_f,geo_cov_nat,mts_details_sgle,2021,279.262
pry,sex_f,geo_cov_nat,mts_details_total,1998,776.708
pry,sex_f,geo_cov_nat,mts_details_total,1999,821.739
pry,sex_f,geo_cov_nat,mts_details_total,2001,789.934
pry,sex_f,geo_cov_nat,mts_details_total,2002,818.445
pry,sex_f,geo_cov_nat,mts_details_total,2003,857.033
pry,sex_f,geo_cov_nat,mts_details_total,2004,776.607
pry,sex_f,geo_cov_nat,mts_details_total,2005,820.275
pry,sex_f,geo_cov_nat,mts_details_total,2006,942.621
pry,sex_f,geo_cov_nat,mts_details_total,2007,909.815
pry,sex_f,geo_cov_nat,mts_details_total,2008,910.833
pry,sex_f,geo_cov_nat,mts_details_total,2009,965.801
pry,sex_f,geo_cov_nat,mts_details_total,2010,1018.543
pry,sex_f,geo_cov_nat,mts_details_total,2011,1053.71
pry,sex_f,geo_cov_nat,mts_details_total,2012,928.12
pry,sex_f,geo_cov_nat,mts_details_total,2013,1028.091
pry,sex_f,geo_cov_nat,mts_details_total,2014,1145.459
pry,sex_f,geo_cov_nat,mts_details_total,2015,1157.994
pry,sex_f,geo_cov_nat,mts_details_total,2016,1030.425
pry,sex_f,geo_cov_nat,mts_details_total,2017,1044.185
pry,sex_f,geo_cov_nat,mts_details_total,2018,1002.206
pry,sex_f,geo_cov_nat,mts_details_total,2019,1004.207
pry,sex_f,geo_cov_nat,mts_details_total,2020,1109.011
pry,sex_f,geo_cov_nat,mts_details_total,2021,1054.499
pry,sex_f,geo_cov_nat,mts_details_union,1998,132.759
pry,sex_f,geo_cov_nat,mts_details_union,1999,130.902
pry,sex_f,geo_cov_nat,mts_details_union,2001,115.553
pry,sex_f,geo_cov_nat,mts_details_union,2002,149.78
pry,sex_f,geo_cov_nat,mts_details_union,2003,139.093
pry,sex_f,geo_cov_nat,mts_details_union,2004,147.602
pry,sex_f,geo_cov_nat,mts_details_union,2005,140.776
pry,sex_f,geo_cov_nat,mts_details_union,2006,178.782
pry,sex_f,geo_cov_nat,mts_details_union,2007,153.127
pry,sex_f,geo_cov_nat,mts_details_union,2008,184.588
pry,sex_f,geo_cov_nat,mts_details_union,2009,169.32
pry,sex_f,geo_cov_nat,mts_details_union,2010,211.899
pry,sex_f,geo_cov_nat,mts_details_union,2011,194.594
pry,sex_f,geo_cov_nat,mts_details_union,2012,205.198
pry,sex_f,geo_cov_nat,mts_details_union,2013,190.133
pry,sex_f,geo_cov_nat,mts_details_union,2014,214.416
pry,sex_f,geo_cov_nat,mts_details_union,2015,240.734
pry,sex_f,geo_cov_nat,mts_details_union,2016,252.192
pry,sex_f,geo_cov_nat,mts_details_union,2017,253.681
pry,sex_f,geo_cov_nat,mts_details_union,2018,252.334
pry,sex_f,geo_cov_nat,mts_details_union,2019,243.419
pry,sex_f,geo_cov_nat,mts_details_union,2020,61.914
pry,sex_f,geo_cov_nat,mts_details_union,2021,196.684
pry,sex_f,geo_cov_nat,mts_details_wid,1998,59.933
pry,sex_f,geo_cov_nat,mts_details_wid,1999,59.606
pry,sex_f,geo_cov_nat,mts_details_wid,2001,68.012
pry,sex_f,geo_cov_nat,mts_details_wid,2002,58.557
pry,sex_f,geo_cov_nat,mts_details_wid,2003,67.513
pry,sex_f,geo_cov_nat,mts_details_wid,2004,63.69
pry,sex_f,geo_cov_nat,mts_details_wid,2005,77.276
pry,sex_f,geo_cov_nat,mts_details_wid,2006,84.353
pry,sex_f,geo_cov_nat,mts_details_wid,2007,68.366
pry,sex_f,geo_cov_nat,mts_details_wid,2008,75.694
pry,sex_f,geo_cov_nat,mts_details_wid,2009,97.126
pry,sex_f,geo_cov_nat,mts_details_wid,2010,92.994
pry,sex_f,geo_cov_nat,mts_details_wid,2011,87.829
pry,sex_f,geo_cov_nat,mts_details_wid,2012,81.892
pry,sex_f,geo_cov_nat,mts_details_wid,2013,93.492
pry,sex_f,geo_cov_nat,mts_details_wid,2014,114.276
pry,sex_f,geo_cov_nat,mts_details_wid,2015,114.321
pry,sex_f,geo_cov_nat,mts_details_wid,2016,85.238
pry,sex_f,geo_cov_nat,mts_details_wid,2017,86.602
pry,sex_f,geo_cov_nat,mts_details_wid,2018,87.806
pry,sex_f,geo_cov_nat,mts_details_wid,2019,92.981
pry,sex_f,geo_cov_nat,mts_details_wid,2020,25.063
pry,sex_f,geo_cov_nat,mts_details_wid,2021,71.795
pry,sex_f,geo_cov_nat,mts_details_x,2002,0.256
pry,sex_f,geo_cov_nat,mts_details_x,2020,851.633
pry,sex_f,geo_cov_nat,mts_details_x,2021,268.129
pry,sex_f,geo_cov_rur,mts_aggregate_1,1998,143.021
pry,sex_f,geo_cov_rur,mts_aggregate_1,1999,157.54
pry,sex_f,geo_cov_rur,mts_aggregate_1,2001,137.957
pry,sex_f,geo_cov_rur,mts_aggregate_1,2002,135.475
pry,sex_f,geo_cov_rur,mts_aggregate_1,2003,156.185
pry,sex_f,geo_cov_rur,mts_aggregate_1,2004,142.199
pry,sex_f,geo_cov_rur,mts_aggregate_1,2005,145.606
pry,sex_f,geo_cov_rur,mts_aggregate_1,2006,158.11
pry,sex_f,geo_cov_rur,mts_aggregate_1,2007,164.096
pry,sex_f,geo_cov_rur,mts_aggregate_1,2008,158.898
pry,sex_f,geo_cov_rur,mts_aggregate_1,2009,165.086
pry,sex_f,geo_cov_rur,mts_aggregate_1,2010,170.757
pry,sex_f,geo_cov_rur,mts_aggregate_1,2011,192.058
pry,sex_f,geo_cov_rur,mts_aggregate_1,2012,159.463
pry,sex_f,geo_cov_rur,mts_aggregate_1,2013,176.665
pry,sex_f,geo_cov_rur,mts_aggregate_1,2014,195.036
pry,sex_f,geo_cov_rur,mts_aggregate_1,2015,194.426
pry,sex_f,geo_cov_rur,mts_aggregate_1,2016,156.431
pry,sex_f,geo_cov_rur,mts_aggregate_1,2017,165.442
pry,sex_f,geo_cov_rur,mts_aggregate_1,2018,148.05
pry,sex_f,geo_cov_rur,mts_aggregate_1,2019,154.589
pry,sex_f,geo_cov_rur,mts_aggregate_1,2020,42.378
pry,sex_f,geo_cov_rur,mts_aggregate_1,2021,121.733
pry,sex_f,geo_cov_rur,mts_aggregate_2,1998,247.762
pry,sex_f,geo_cov_rur,mts_aggregate_2,1999,228.783
pry,sex_f,geo_cov_rur,mts_aggregate_2,2001,197.65
pry,sex_f,geo_cov_rur,mts_aggregate_2,2002,219.448
pry,sex_f,geo_cov_rur,mts_aggregate_2,2003,206.316
pry,sex_f,geo_cov_rur,mts_aggregate_2,2004,179.281
pry,sex_f,geo_cov_rur,mts_aggregate_2,2005,194.705
pry,sex_f,geo_cov_rur,mts_aggregate_2,2006,214.974
pry,sex_f,geo_cov_rur,mts_aggregate_2,2007,196.588
pry,sex_f,geo_cov_rur,mts_aggregate_2,2008,223.824
pry,sex_f,geo_cov_rur,mts_aggregate_2,2009,216.928
pry,sex_f,geo_cov_rur,mts_aggregate_2,2010,241.191
pry,sex_f,geo_cov_rur,mts_aggregate_2,2011,224.325
pry,sex_f,geo_cov_rur,mts_aggregate_2,2012,188.196
pry,sex_f,geo_cov_rur,mts_aggregate_2,2013,236.51
pry,sex_f,geo_cov_rur,mts_aggregate_2,2014,255.863
pry,sex_f,geo_cov_rur,mts_aggregate_2,2015,245.181
pry,sex_f,geo_cov_rur,mts_aggregate_2,2016,248.789
pry,sex_f,geo_cov_rur,mts_aggregate_2,2017,250.326
pry,sex_f,geo_cov_rur,mts_aggregate_2,2018,234.554
pry,sex_f,geo_cov_rur,mts_aggregate_2,2019,225.77
pry,sex_f,geo_cov_rur,mts_aggregate_2,2020,51.564
pry,sex_f,geo_cov_rur,mts_aggregate_2,2021,174.237
pry,sex_f,geo_cov_rur,mts_aggregate_total,1998,390.783
pry,sex_f,geo_cov_rur,mts_aggregate_total,1999,386.323
pry,sex_f,geo_cov_rur,mts_aggregate_total,2001,335.607
pry,sex_f,geo_cov_rur,mts_aggregate_total,2002,354.923
pry,sex_f,geo_cov_rur,mts_aggregate_total,2003,362.501
pry,sex_f,geo_cov_rur,mts_aggregate_total,2004,321.48
pry,sex_f,geo_cov_rur,mts_aggregate_total,2005,340.311
pry,sex_f,geo_cov_rur,mts_aggregate_total,2006,373.084
pry,sex_f,geo_cov_rur,mts_aggregate_total,2007,360.684
pry,sex_f,geo_cov_rur,mts_aggregate_total,2008,382.722
pry,sex_f,geo_cov_rur,mts_aggregate_total,2009,382.014
pry,sex_f,geo_cov_rur,mts_aggregate_total,2010,411.948
pry,sex_f,geo_cov_rur,mts_aggregate_total,2011,416.383
pry,sex_f,geo_cov_rur,mts_aggregate_total,2012,347.659
pry,sex_f,geo_cov_rur,mts_aggregate_total,2013,413.175
pry,sex_f,geo_cov_rur,mts_aggregate_total,2014,450.899
pry,sex_f,geo_cov_rur,mts_aggregate_total,2015,439.607
pry,sex_f,geo_cov_rur,mts_aggregate_total,2016,405.22
pry,sex_f,geo_cov_rur,mts_aggregate_total,2017,415.768
pry,sex_f,geo_cov_rur,mts_aggregate_total,2018,382.604
pry,sex_f,geo_cov_rur,mts_aggregate_total,2019,380.358
pry,sex_f,geo_cov_rur,mts_aggregate_total,2020,416.179
pry,sex_f,geo_cov_rur,mts_aggregate_total,2021,394.795
pry,sex_f,geo_cov_rur,mts_aggregate_x,2020,322.237
pry,sex_f,geo_cov_rur,mts_aggregate_x,2021,98.825
pry,sex_f,geo_cov_rur,mts_details_mrd,1998,180.516
pry,sex_f,geo_cov_rur,mts_details_mrd,1999,168.677
pry,sex_f,geo_cov_rur,mts_details_mrd,2001,141.713
pry,sex_f,geo_cov_rur,mts_details_mrd,2002,152.71
pry,sex_f,geo_cov_rur,mts_details_mrd,2003,139.954
pry,sex_f,geo_cov_rur,mts_details_mrd,2004,113.732
pry,sex_f,geo_cov_rur,mts_details_mrd,2005,129.194
pry,sex_f,geo_cov_rur,mts_details_mrd,2006,138.133
pry,sex_f,geo_cov_rur,mts_details_mrd,2007,132.544
pry,sex_f,geo_cov_rur,mts_details_mrd,2008,133.097
pry,sex_f,geo_cov_rur,mts_details_mrd,2009,148.523
pry,sex_f,geo_cov_rur,mts_details_mrd,2010,136.341
pry,sex_f,geo_cov_rur,mts_details_mrd,2011,137.01
pry,sex_f,geo_cov_rur,mts_details_mrd,2012,97.055
pry,sex_f,geo_cov_rur,mts_details_mrd,2013,147.961
pry,sex_f,geo_cov_rur,mts_details_mrd,2014,158.879
pry,sex_f,geo_cov_rur,mts_details_mrd,2015,133.225
pry,sex_f,geo_cov_rur,mts_details_mrd,2016,132.259
pry,sex_f,geo_cov_rur,mts_details_mrd,2017,126.51
pry,sex_f,geo_cov_rur,mts_details_mrd,2018,118.133
pry,sex_f,geo_cov_rur,mts_details_mrd,2019,116.135
pry,sex_f,geo_cov_rur,mts_details_mrd,2020,23.968
pry,sex_f,geo_cov_rur,mts_details_mrd,2021,87.58
pry,sex_f,geo_cov_rur,mts_details_sep,1998,3.128
pry,sex_f,geo_cov_rur,mts_details_sep,1999,4.082
pry,sex_f,geo_cov_rur,mts_details_sep,2001,5.008
pry,sex_f,geo_cov_rur,mts_details_sep,2002,4.029
pry,sex_f,geo_cov_rur,mts_details_sep,2003,4.985
pry,sex_f,geo_cov_rur,mts_details_sep,2004,3.194
pry,sex_f,geo_cov_rur,mts_details_sep,2005,4.669
pry,sex_f,geo_cov_rur,mts_details_sep,2006,6.477
pry,sex_f,geo_cov_rur,mts_details_sep,2007,5.044
pry,sex_f,geo_cov_rur,mts_details_sep,2008,7.051
pry,sex_f,geo_cov_rur,mts_details_sep,2009,7.984
pry,sex_f,geo_cov_rur,mts_details_sep,2010,5.805
pry,sex_f,geo_cov_rur,mts_details_sep,2011,5.748
pry,sex_f,geo_cov_rur,mts_details_sep,2012,8.373
pry,sex_f,geo_cov_rur,mts_details_sep,2013,7.478
pry,sex_f,geo_cov_rur,mts_details_sep,2014,5.76
pry,sex_f,geo_cov_rur,mts_details_sep,2015,11.054
pry,sex_f,geo_cov_rur,mts_details_sep,2016,5.381
pry,sex_f,geo_cov_rur,mts_details_sep,2017,8.248
pry,sex_f,geo_cov_rur,mts_details_sep,2018,7.214
pry,sex_f,geo_cov_rur,mts_details_sep,2019,6.67
pry,sex_f,geo_cov_rur,mts_details_sep,2020,1.821
pry,sex_f,geo_cov_rur,mts_details_sep,2021,4.033
pry,sex_f,geo_cov_rur,mts_details_sgle,1998,117.879
pry,sex_f,geo_cov_rur,mts_details_sgle,1999,132.153
pry,sex_f,geo_cov_rur,mts_details_sgle,2001,110.012
pry,sex_f,geo_cov_rur,mts_details_sgle,2002,110.032
pry,sex_f,geo_cov_rur,mts_details_sgle,2003,125.883
pry,sex_f,geo_cov_rur,mts_details_sgle,2004,117.613
pry,sex_f,geo_cov_rur,mts_details_sgle,2005,115.484
pry,sex_f,geo_cov_rur,mts_details_sgle,2006,123.399
pry,sex_f,geo_cov_rur,mts_details_sgle,2007,136.399
pry,sex_f,geo_cov_rur,mts_details_sgle,2008,124.776
pry,sex_f,geo_cov_rur,mts_details_sgle,2009,129.403
pry,sex_f,geo_cov_rur,mts_details_sgle,2010,134.424
pry,sex_f,geo_cov_rur,mts_details_sgle,2011,155.611
pry,sex_f,geo_cov_rur,mts_details_sgle,2012,124.659
pry,sex_f,geo_cov_rur,mts_details_sgle,2013,144.325
pry,sex_f,geo_cov_rur,mts_details_sgle,2014,153.376
pry,sex_f,geo_cov_rur,mts_details_sgle,2015,146.572
pry,sex_f,geo_cov_rur,mts_details_sgle,2016,122.182
pry,sex_f,geo_cov_rur,mts_details_sgle,2017,129.395
pry,sex_f,geo_cov_rur,mts_details_sgle,2018,114.779
pry,sex_f,geo_cov_rur,mts_details_sgle,2019,122.397
pry,sex_f,geo_cov_rur,mts_details_sgle,2020,33.044
pry,sex_f,geo_cov_rur,mts_details_sgle,2021,97.315
pry,sex_f,geo_cov_rur,mts_details_total,1998,390.783
pry,sex_f,geo_cov_rur,mts_details_total,1999,386.323
pry,sex_f,geo_cov_rur,mts_details_total,2001,335.607
pry,sex_f,geo_cov_rur,mts_details_total,2002,354.923
pry,sex_f,geo_cov_rur,mts_details_total,2003,362.501
pry,sex_f,geo_cov_rur,mts_details_total,2004,321.48
pry,sex_f,geo_cov_rur,mts_details_total,2005,340.311
pry,sex_f,geo_cov_rur,mts_details_total,2006,373.084
pry,sex_f,geo_cov_rur,mts_details_total,2007,360.684
pry,sex_f,geo_cov_rur,mts_details_total,2008,382.722
pry,sex_f,geo_cov_rur,mts_details_total,2009,382.014
pry,sex_f,geo_cov_rur,mts_details_total,2010,411.948
pry,sex_f,geo_cov_rur,mts_details_total,2011,416.383
pry,sex_f,geo_cov_rur,mts_details_total,2012,347.659
pry,sex_f,geo_cov_rur,mts_details_total,2013,413.175
pry,sex_f,geo_cov_rur,mts_details_total,2014,450.899
pry,sex_f,geo_cov_rur,mts_details_total,2015,439.607
pry,sex_f,geo_cov_rur,mts_details_total,2016,405.22
pry,sex_f,geo_cov_rur,mts_details_total,2017,415.768
pry,sex_f,geo_cov_rur,mts_details_total,2018,382.604
pry,sex_f,geo_cov_rur,mts_details_total,2019,380.358
pry,sex_f,geo_cov_rur,mts_details_total,2020,416.179
pry,sex_f,geo_cov_rur,mts_details_total,2021,394.795
pry,sex_f,geo_cov_rur,mts_details_union,1998,67.246
pry,sex_f,geo_cov_rur,mts_details_union,1999,60.106
pry,sex_f,geo_cov_rur,mts_details_union,2001,55.937
pry,sex_f,geo_cov_rur,mts_details_union,2002,66.738
pry,sex_f,geo_cov_rur,mts_details_union,2003,66.362
pry,sex_f,geo_cov_rur,mts_details_union,2004,65.549
pry,sex_f,geo_cov_rur,mts_details_union,2005,65.511
pry,sex_f,geo_cov_rur,mts_details_union,2006,76.841
pry,sex_f,geo_cov_rur,mts_details_union,2007,64.044
pry,sex_f,geo_cov_rur,mts_details_union,2008,90.727
pry,sex_f,geo_cov_rur,mts_details_union,2009,68.405
pry,sex_f,geo_cov_rur,mts_details_union,2010,104.85
pry,sex_f,geo_cov_rur,mts_details_union,2011,87.315
pry,sex_f,geo_cov_rur,mts_details_union,2012,91.141
pry,sex_f,geo_cov_rur,mts_details_union,2013,88.549
pry,sex_f,geo_cov_rur,mts_details_union,2014,96.984
pry,sex_f,geo_cov_rur,mts_details_union,2015,111.956
pry,sex_f,geo_cov_rur,mts_details_union,2016,116.53
pry,sex_f,geo_cov_rur,mts_details_union,2017,123.816
pry,sex_f,geo_cov_rur,mts_details_union,2018,116.421
pry,sex_f,geo_cov_rur,mts_details_union,2019,109.635
pry,sex_f,geo_cov_rur,mts_details_union,2020,27.596
pry,sex_f,geo_cov_rur,mts_details_union,2021,86.657
pry,sex_f,geo_cov_rur,mts_details_wid,1998,22.014
pry,sex_f,geo_cov_rur,mts_details_wid,1999,21.305
pry,sex_f,geo_cov_rur,mts_details_wid,2001,22.937
pry,sex_f,geo_cov_rur,mts_details_wid,2002,21.414
pry,sex_f,geo_cov_rur,mts_details_wid,2003,25.317
pry,sex_f,geo_cov_rur,mts_details_wid,2004,21.392
pry,sex_f,geo_cov_rur,mts_details_wid,2005,25.453
pry,sex_f,geo_cov_rur,mts_details_wid,2006,28.234
pry,sex_f,geo_cov_rur,mts_details_wid,2007,22.653
pry,sex_f,geo_cov_rur,mts_details_wid,2008,27.071
pry,sex_f,geo_cov_rur,mts_details_wid,2009,27.699
pry,sex_f,geo_cov_rur,mts_details_wid,2010,30.528
pry,sex_f,geo_cov_rur,mts_details_wid,2011,30.699
pry,sex_f,geo_cov_rur,mts_details_wid,2012,26.431
pry,sex_f,geo_cov_rur,mts_details_wid,2013,24.862
pry,sex_f,geo_cov_rur,mts_details_wid,2014,35.9
pry,sex_f,geo_cov_rur,mts_details_wid,2015,36.8
pry,sex_f,geo_cov_rur,mts_details_wid,2016,28.868
pry,sex_f,geo_cov_rur,mts_details_wid,2017,27.799
pry,sex_f,geo_cov_rur,mts_details_wid,2018,26.057
pry,sex_f,geo_cov_rur,mts_details_wid,2019,25.523
pry,sex_f,geo_cov_rur,mts_details_wid,2020,7.513
pry,sex_f,geo_cov_rur,mts_details_wid,2021,20.386
pry,sex_f,geo_cov_rur,mts_details_x,2020,322.237
pry,sex_f,geo_cov_rur,mts_details_x,2021,98.825
pry,sex_f,geo_cov_urb,mts_aggregate_1,1998,176.87
pry,sex_f,geo_cov_urb,mts_aggregate_1,1999,203.369
pry,sex_f,geo_cov_urb,mts_aggregate_1,2001,229.623
pry,sex_f,geo_cov_urb,mts_aggregate_1,2002,207.125
pry,sex_f,geo_cov_urb,mts_aggregate_1,2003,235.79
pry,sex_f,geo_cov_urb,mts_aggregate_1,2004,229.676
pry,sex_f,geo_cov_urb,mts_aggregate_1,2005,240.707
pry,sex_f,geo_cov_urb,mts_aggregate_1,2006,276.536
pry,sex_f,geo_cov_urb,mts_aggregate_1,2007,266.677
pry,sex_f,geo_cov_urb,mts_aggregate_1,2008,249.899
pry,sex_f,geo_cov_urb,mts_aggregate_1,2009,286.85
pry,sex_f,geo_cov_urb,mts_aggregate_1,2010,288.859
pry,sex_f,geo_cov_urb,mts_aggregate_1,2011,301.527
pry,sex_f,geo_cov_urb,mts_aggregate_1,2012,289.871
pry,sex_f,geo_cov_urb,mts_aggregate_1,2013,325.457
pry,sex_f,geo_cov_urb,mts_aggregate_1,2014,372.179
pry,sex_f,geo_cov_urb,mts_aggregate_1,2015,384.696
pry,sex_f,geo_cov_urb,mts_aggregate_1,2016,301.76
pry,sex_f,geo_cov_urb,mts_aggregate_1,2017,321.194
pry,sex_f,geo_cov_urb,mts_aggregate_1,2018,313.776
pry,sex_f,geo_cov_urb,mts_aggregate_1,2019,316.654
pry,sex_f,geo_cov_urb,mts_aggregate_1,2020,83.155
pry,sex_f,geo_cov_urb,mts_aggregate_1,2021,249.038
pry,sex_f,geo_cov_urb,mts_aggregate_2,1998,209.055
pry,sex_f,geo_cov_urb,mts_aggregate_2,1999,232.047
pry,sex_f,geo_cov_urb,mts_aggregate_2,2001,224.704
pry,sex_f,geo_cov_urb,mts_aggregate_2,2002,256.141
pry,sex_f,geo_cov_urb,mts_aggregate_2,2003,258.742
pry,sex_f,geo_cov_urb,mts_aggregate_2,2004,225.451
pry,sex_f,geo_cov_urb,mts_aggregate_2,2005,239.257
pry,sex_f,geo_cov_urb,mts_aggregate_2,2006,293.001
pry,sex_f,geo_cov_urb,mts_aggregate_2,2007,282.454
pry,sex_f,geo_cov_urb,mts_aggregate_2,2008,278.212
pry,sex_f,geo_cov_urb,mts_aggregate_2,2009,296.937
pry,sex_f,geo_cov_urb,mts_aggregate_2,2010,317.736
pry,sex_f,geo_cov_urb,mts_aggregate_2,2011,335.8
pry,sex_f,geo_cov_urb,mts_aggregate_2,2012,290.59
pry,sex_f,geo_cov_urb,mts_aggregate_2,2013,289.192
pry,sex_f,geo_cov_urb,mts_aggregate_2,2014,322.381
pry,sex_f,geo_cov_urb,mts_aggregate_2,2015,333.691
pry,sex_f,geo_cov_urb,mts_aggregate_2,2016,323.445
pry,sex_f,geo_cov_urb,mts_aggregate_2,2017,307.223
pry,sex_f,geo_cov_urb,mts_aggregate_2,2018,305.827
pry,sex_f,geo_cov_urb,mts_aggregate_2,2019,307.195
pry,sex_f,geo_cov_urb,mts_aggregate_2,2020,80.281
pry,sex_f,geo_cov_urb,mts_aggregate_2,2021,241.362
pry,sex_f,geo_cov_urb,mts_aggregate_total,1998,385.925
pry,sex_f,geo_cov_urb,mts_aggregate_total,1999,435.416
pry,sex_f,geo_cov_urb,mts_aggregate_total,2001,454.327
pry,sex_f,geo_cov_urb,mts_aggregate_total,2002,463.522
pry,sex_f,geo_cov_urb,mts_aggregate_total,2003,494.532
pry,sex_f,geo_cov_urb,mts_aggregate_total,2004,455.127
pry,sex_f,geo_cov_urb,mts_aggregate_total,2005,479.964
pry,sex_f,geo_cov_urb,mts_aggregate_total,2006,569.537
pry,sex_f,geo_cov_urb,mts_aggregate_total,2007,549.131
pry,sex_f,geo_cov_urb,mts_aggregate_total,2008,528.111
pry,sex_f,geo_cov_urb,mts_aggregate_total,2009,583.787
pry,sex_f,geo_cov_urb,mts_aggregate_total,2010,606.595
pry,sex_f,geo_cov_urb,mts_aggregate_total,2011,637.327
pry,sex_f,geo_cov_urb,mts_aggregate_total,2012,580.461
pry,sex_f,geo_cov_urb,mts_aggregate_total,2013,614.916
pry,sex_f,geo_cov_urb,mts_aggregate_total,2014,694.56
pry,sex_f,geo_cov_urb,mts_aggregate_total,2015,718.387
pry,sex_f,geo_cov_urb,mts_aggregate_total,2016,625.205
pry,sex_f,geo_cov_urb,mts_aggregate_total,2017,628.417
pry,sex_f,geo_cov_urb,mts_aggregate_total,2018,619.603
pry,sex_f,geo_cov_urb,mts_aggregate_total,2019,623.849
pry,sex_f,geo_cov_urb,mts_aggregate_total,2020,692.832
pry,sex_f,geo_cov_urb,mts_aggregate_total,2021,659.704
pry,sex_f,geo_cov_urb,mts_aggregate_x,2002,0.256
pry,sex_f,geo_cov_urb,mts_aggregate_x,2020,529.396
pry,sex_f,geo_cov_urb,mts_aggregate_x,2021,169.304
pry,sex_f,geo_cov_urb,mts_details_mrd,1998,143.542
pry,sex_f,geo_cov_urb,mts_details_mrd,1999,161.251
pry,sex_f,geo_cov_urb,mts_details_mrd,2001,165.088
pry,sex_f,geo_cov_urb,mts_details_mrd,2002,173.099
pry,sex_f,geo_cov_urb,mts_details_mrd,2003,186.011
pry,sex_f,geo_cov_urb,mts_details_mrd,2004,143.398
pry,sex_f,geo_cov_urb,mts_details_mrd,2005,163.992
pry,sex_f,geo_cov_urb,mts_details_mrd,2006,191.06
pry,sex_f,geo_cov_urb,mts_details_mrd,2007,193.371
pry,sex_f,geo_cov_urb,mts_details_mrd,2008,184.351
pry,sex_f,geo_cov_urb,mts_details_mrd,2009,196.022
pry,sex_f,geo_cov_urb,mts_details_mrd,2010,210.687
pry,sex_f,geo_cov_urb,mts_details_mrd,2011,228.521
pry,sex_f,geo_cov_urb,mts_details_mrd,2012,176.533
pry,sex_f,geo_cov_urb,mts_details_mrd,2013,187.608
pry,sex_f,geo_cov_urb,mts_details_mrd,2014,204.949
pry,sex_f,geo_cov_urb,mts_details_mrd,2015,204.913
pry,sex_f,geo_cov_urb,mts_details_mrd,2016,187.783
pry,sex_f,geo_cov_urb,mts_details_mrd,2017,177.358
pry,sex_f,geo_cov_urb,mts_details_mrd,2018,169.914
pry,sex_f,geo_cov_urb,mts_details_mrd,2019,173.41
pry,sex_f,geo_cov_urb,mts_details_mrd,2020,45.963
pry,sex_f,geo_cov_urb,mts_details_mrd,2021,131.335
pry,sex_f,geo_cov_urb,mts_details_sep,1998,9.671
pry,sex_f,geo_cov_urb,mts_details_sep,1999,9.502
pry,sex_f,geo_cov_urb,mts_details_sep,2001,10.078
pry,sex_f,geo_cov_urb,mts_details_sep,2002,11.922
pry,sex_f,geo_cov_urb,mts_details_sep,2003,15.476
pry,sex_f,geo_cov_urb,mts_details_sep,2004,13.971
pry,sex_f,geo_cov_urb,mts_details_sep,2005,10.242
pry,sex_f,geo_cov_urb,mts_details_sep,2006,12.082
pry,sex_f,geo_cov_urb,mts_details_sep,2007,12.711
pry,sex_f,geo_cov_urb,mts_details_sep,2008,14.013
pry,sex_f,geo_cov_urb,mts_details_sep,2009,19.103
pry,sex_f,geo_cov_urb,mts_details_sep,2010,17.368
pry,sex_f,geo_cov_urb,mts_details_sep,2011,20.489
pry,sex_f,geo_cov_urb,mts_details_sep,2012,18.305
pry,sex_f,geo_cov_urb,mts_details_sep,2013,27.842
pry,sex_f,geo_cov_urb,mts_details_sep,2014,23.986
pry,sex_f,geo_cov_urb,mts_details_sep,2015,29.128
pry,sex_f,geo_cov_urb,mts_details_sep,2016,16.296
pry,sex_f,geo_cov_urb,mts_details_sep,2017,28.66
pry,sex_f,geo_cov_urb,mts_details_sep,2018,22.059
pry,sex_f,geo_cov_urb,mts_details_sep,2019,16.264
pry,sex_f,geo_cov_urb,mts_details_sep,2020,5.817
pry,sex_f,geo_cov_urb,mts_details_sep,2021,15.681
pry,sex_f,geo_cov_urb,mts_details_sgle,1998,129.28
pry,sex_f,geo_cov_urb,mts_details_sgle,1999,155.566
pry,sex_f,geo_cov_urb,mts_details_sgle,2001,174.47
pry,sex_f,geo_cov_urb,mts_details_sgle,2002,158.06
pry,sex_f,geo_cov_urb,mts_details_sgle,2003,178.118
pry,sex_f,geo_cov_urb,mts_details_sgle,2004,173.407
pry,sex_f,geo_cov_urb,mts_details_sgle,2005,178.642
pry,sex_f,geo_cov_urb,mts_details_sgle,2006,208.335
pry,sex_f,geo_cov_urb,mts_details_sgle,2007,208.253
pry,sex_f,geo_cov_urb,mts_details_sgle,2008,187.263
pry,sex_f,geo_cov_urb,mts_details_sgle,2009,198.32
pry,sex_f,geo_cov_urb,mts_details_sgle,2010,209.025
pry,sex_f,geo_cov_urb,mts_details_sgle,2011,223.908
pry,sex_f,geo_cov_urb,mts_details_sgle,2012,216.105
pry,sex_f,geo_cov_urb,mts_details_sgle,2013,228.985
pry,sex_f,geo_cov_urb,mts_details_sgle,2014,269.817
pry,sex_f,geo_cov_urb,mts_details_sgle,2015,278.047
pry,sex_f,geo_cov_urb,mts_details_sgle,2016,229.094
pry,sex_f,geo_cov_urb,mts_details_sgle,2017,233.731
pry,sex_f,geo_cov_urb,mts_details_sgle,2018,229.969
pry,sex_f,geo_cov_urb,mts_details_sgle,2019,232.933
pry,sex_f,geo_cov_urb,mts_details_sgle,2020,59.788
pry,sex_f,geo_cov_urb,mts_details_sgle,2021,181.948
pry,sex_f,geo_cov_urb,mts_details_total,1998,385.925
pry,sex_f,geo_cov_urb,mts_details_total,1999,435.416
pry,sex_f,geo_cov_urb,mts_details_total,2001,454.327
pry,sex_f,geo_cov_urb,mts_details_total,2002,463.522
pry,sex_f,geo_cov_urb,mts_details_total,2003,494.532
pry,sex_f,geo_cov_urb,mts_details_total,2004,455.127
pry,sex_f,geo_cov_urb,mts_details_total,2005,479.964
pry,sex_f,geo_cov_urb,mts_details_total,2006,569.537
pry,sex_f,geo_cov_urb,mts_details_total,2007,549.131
pry,sex_f,geo_cov_urb,mts_details_total,2008,528.111
pry,sex_f,geo_cov_urb,mts_details_total,2009,583.787
pry,sex_f,geo_cov_urb,mts_details_total,2010,606.595
pry,sex_f,geo_cov_urb,mts_details_total,2011,637.327
pry,sex_f,geo_cov_urb,mts_details_total,2012,580.461
pry,sex_f,geo_cov_urb,mts_details_total,2013,614.916
pry,sex_f,geo_cov_urb,mts_details_total,2014,694.56
pry,sex_f,geo_cov_urb,mts_details_total,2015,718.387
pry,sex_f,geo_cov_urb,mts_details_total,2016,625.205
pry,sex_f,geo_cov_urb,mts_details_total,2017,628.417
pry,sex_f,geo_cov_urb,mts_details_total,2018,619.603
pry,sex_f,geo_cov_urb,mts_details_total,2019,623.849
pry,sex_f,geo_cov_urb,mts_details_total,2020,692.832
pry,sex_f,geo_cov_urb,mts_details_total,2021,659.704
pry,sex_f,geo_cov_urb,mts_details_union,1998,65.513
pry,sex_f,geo_cov_urb,mts_details_union,1999,70.796
pry,sex_f,geo_cov_urb,mts_details_union,2001,59.616
pry,sex_f,geo_cov_urb,mts_details_union,2002,83.042
pry,sex_f,geo_cov_urb,mts_details_union,2003,72.731
pry,sex_f,geo_cov_urb,mts_details_union,2004,82.053
pry,sex_f,geo_cov_urb,mts_details_union,2005,75.265
pry,sex_f,geo_cov_urb,mts_details_union,2006,101.941
pry,sex_f,geo_cov_urb,mts_details_union,2007,89.083
pry,sex_f,geo_cov_urb,mts_details_union,2008,93.861
pry,sex_f,geo_cov_urb,mts_details_union,2009,100.915
pry,sex_f,geo_cov_urb,mts_details_union,2010,107.049
pry,sex_f,geo_cov_urb,mts_details_union,2011,107.279
pry,sex_f,geo_cov_urb,mts_details_union,2012,114.057
pry,sex_f,geo_cov_urb,mts_details_union,2013,101.584
pry,sex_f,geo_cov_urb,mts_details_union,2014,117.432
pry,sex_f,geo_cov_urb,mts_details_union,2015,128.778
pry,sex_f,geo_cov_urb,mts_details_union,2016,135.662
pry,sex_f,geo_cov_urb,mts_details_union,2017,129.865
pry,sex_f,geo_cov_urb,mts_details_union,2018,135.913
pry,sex_f,geo_cov_urb,mts_details_union,2019,133.785
pry,sex_f,geo_cov_urb,mts_details_union,2020,34.318
pry,sex_f,geo_cov_urb,mts_details_union,2021,110.028
pry,sex_f,geo_cov_urb,mts_details_wid,1998,37.919
pry,sex_f,geo_cov_urb,mts_details_wid,1999,38.301
pry,sex_f,geo_cov_urb,mts_details_wid,2001,45.075
pry,sex_f,geo_cov_urb,mts_details_wid,2002,37.143
pry,sex_f,geo_cov_urb,mts_details_wid,2003,42.196
pry,sex_f,geo_cov_urb,mts_details_wid,2004,42.298
pry,sex_f,geo_cov_urb,mts_details_wid,2005,51.823
pry,sex_f,geo_cov_urb,mts_details_wid,2006,56.119
pry,sex_f,geo_cov_urb,mts_details_wid,2007,45.713
pry,sex_f,geo_cov_urb,mts_details_wid,2008,48.623
pry,sex_f,geo_cov_urb,mts_details_wid,2009,69.427
pry,sex_f,geo_cov_urb,mts_details_wid,2010,62.466
pry,sex_f,geo_cov_urb,mts_details_wid,2011,57.13
pry,sex_f,geo_cov_urb,mts_details_wid,2012,55.461
pry,sex_f,geo_cov_urb,mts_details_wid,2013,68.63
pry,sex_f,geo_cov_urb,mts_details_wid,2014,78.376
pry,sex_f,geo_cov_urb,mts_details_wid,2015,77.521
pry,sex_f,geo_cov_urb,mts_details_wid,2016,56.37
pry,sex_f,geo_cov_urb,mts_details_wid,2017,58.803
pry,sex_f,geo_cov_urb,mts_details_wid,2018,61.749
pry,sex_f,geo_cov_urb,mts_details_wid,2019,67.458
pry,sex_f,geo_cov_urb,mts_details_wid,2020,17.55
pry,sex_f,geo_cov_urb,mts_details_wid,2021,51.409
pry,sex_f,geo_cov_urb,mts_details_x,2002,0.256
pry,sex_f,geo_cov_urb,mts_details_x,2020,529.396
pry,sex_f,geo_cov_urb,mts_details_x,2021,169.304
pry,sex_m,geo_cov_nat,mts_aggregate_1,1998,133.331
pry,sex_m,geo_cov_nat,mts_aggregate_1,1999,168.527
pry,sex_m,geo_cov_nat,mts_aggregate_1,2001,179.149
pry,sex_m,geo_cov_nat,mts_aggregate_1,2002,158.244
pry,sex_m,geo_cov_nat,mts_aggregate_1,2003,195.437
pry,sex_m,geo_cov_nat,mts_aggregate_1,2004,182.792
pry,sex_m,geo_cov_nat,mts_aggregate_1,2005,201.995
pry,sex_m,geo_cov_nat,mts_aggregate_1,2006,212.787
pry,sex_m,geo_cov_nat,mts_aggregate_1,2007,218.026
pry,sex_m,geo_cov_nat,mts_aggregate_1,2008,209.084
pry,sex_m,geo_cov_nat,mts_aggregate_1,2009,228.268
pry,sex_m,geo_cov_nat,mts_aggregate_1,2010,267.412
pry,sex_m,geo_cov_nat,mts_aggregate_1,2011,290.513
pry,sex_m,geo_cov_nat,mts_aggregate_1,2012,292.011
pry,sex_m,geo_cov_nat,mts_aggregate_1,2013,285.12
pry,sex_m,geo_cov_nat,mts_aggregate_1,2014,298.149
pry,sex_m,geo_cov_nat,mts_aggregate_1,2015,316.357
pry,sex_m,geo_cov_nat,mts_aggregate_1,2016,274.651
pry,sex_m,geo_cov_nat,mts_aggregate_1,2017,290.043
pry,sex_m,geo_cov_nat,mts_aggregate_1,2018,276.135
pry,sex_m,geo_cov_nat,mts_aggregate_1,2019,273.705
pry,sex_m,geo_cov_nat,mts_aggregate_1,2020,69.145
pry,sex_m,geo_cov_nat,mts_aggregate_1,2021,215.271
pry,sex_m,geo_cov_nat,mts_aggregate_2,1998,66.233
pry,sex_m,geo_cov_nat,mts_aggregate_2,1999,65.524
pry,sex_m,geo_cov_nat,mts_aggregate_2,2001,74.105
pry,sex_m,geo_cov_nat,mts_aggregate_2,2002,75.579
pry,sex_m,geo_cov_nat,mts_aggregate_2,2003,80.541
pry,sex_m,geo_cov_nat,mts_aggregate_2,2004,64.802
pry,sex_m,geo_cov_nat,mts_aggregate_2,2005,72.383
pry,sex_m,geo_cov_nat,mts_aggregate_2,2006,95.436
pry,sex_m,geo_cov_nat,mts_aggregate_2,2007,87.904
pry,sex_m,geo_cov_nat,mts_aggregate_2,2008,82.901
pry,sex_m,geo_cov_nat,mts_aggregate_2,2009,109.886
pry,sex_m,geo_cov_nat,mts_aggregate_2,2010,115.517
pry,sex_m,geo_cov_nat,mts_aggregate_2,2011,118.324
pry,sex_m,geo_cov_nat,mts_aggregate_2,2012,104.119
pry,sex_m,geo_cov_nat,mts_aggregate_2,2013,127.7
pry,sex_m,geo_cov_nat,mts_aggregate_2,2014,134.905
pry,sex_m,geo_cov_nat,mts_aggregate_2,2015,135.085
pry,sex_m,geo_cov_nat,mts_aggregate_2,2016,109.756
pry,sex_m,geo_cov_nat,mts_aggregate_2,2017,102.509
pry,sex_m,geo_cov_nat,mts_aggregate_2,2018,103.966
pry,sex_m,geo_cov_nat,mts_aggregate_2,2019,104.508
pry,sex_m,geo_cov_nat,mts_aggregate_2,2020,27.078
pry,sex_m,geo_cov_nat,mts_aggregate_2,2021,86.632
pry,sex_m,geo_cov_nat,mts_aggregate_total,1998,199.739
pry,sex_m,geo_cov_nat,mts_aggregate_total,1999,234.051
pry,sex_m,geo_cov_nat,mts_aggregate_total,2001,253.254
pry,sex_m,geo_cov_nat,mts_aggregate_total,2002,233.823
pry,sex_m,geo_cov_nat,mts_aggregate_total,2003,275.978
pry,sex_m,geo_cov_nat,mts_aggregate_total,2004,247.817
pry,sex_m,geo_cov_nat,mts_aggregate_total,2005,274.378
pry,sex_m,geo_cov_nat,mts_aggregate_total,2006,308.223
pry,sex_m,geo_cov_nat,mts_aggregate_total,2007,305.93
pry,sex_m,geo_cov_nat,mts_aggregate_total,2008,291.985
pry,sex_m,geo_cov_nat,mts_aggregate_total,2009,338.154
pry,sex_m,geo_cov_nat,mts_aggregate_total,2010,382.929
pry,sex_m,geo_cov_nat,mts_aggregate_total,2011,408.837
pry,sex_m,geo_cov_nat,mts_aggregate_total,2012,396.29
pry,sex_m,geo_cov_nat,mts_aggregate_total,2013,412.82
pry,sex_m,geo_cov_nat,mts_aggregate_total,2014,433.054
pry,sex_m,geo_cov_nat,mts_aggregate_total,2015,451.442
pry,sex_m,geo_cov_nat,mts_aggregate_total,2016,384.407
pry,sex_m,geo_cov_nat,mts_aggregate_total,2017,392.552
pry,sex_m,geo_cov_nat,mts_aggregate_total,2018,380.101
pry,sex_m,geo_cov_nat,mts_aggregate_total,2019,378.213
pry,sex_m,geo_cov_nat,mts_aggregate_total,2020,415.435
pry,sex_m,geo_cov_nat,mts_aggregate_total,2021,404.557
pry,sex_m,geo_cov_nat,mts_aggregate_x,1998,0.175
pry,sex_m,geo_cov_nat,mts_aggregate_x,2020,319.212
pry,sex_m,geo_cov_nat,mts_aggregate_x,2021,102.654
pry,sex_m,geo_cov_nat,mts_details_mrd,1998,54.286
pry,sex_m,geo_cov_nat,mts_details_mrd,1999,54.287
pry,sex_m,geo_cov_nat,mts_details_mrd,2001,61.023
pry,sex_m,geo_cov_nat,mts_details_mrd,2002,61.945
pry,sex_m,geo_cov_nat,mts_details_mrd,2003,68.231
pry,sex_m,geo_cov_nat,mts_details_mrd,2004,48.344
pry,sex_m,geo_cov_nat,mts_details_mrd,2005,59.652
pry,sex_m,geo_cov_nat,mts_details_mrd,2006,78.493
pry,sex_m,geo_cov_nat,mts_details_mrd,2007,74.984
pry,sex_m,geo_cov_nat,mts_details_mrd,2008,68.607
pry,sex_m,geo_cov_nat,mts_details_mrd,2009,91.392
pry,sex_m,geo_cov_nat,mts_details_mrd,2010,93.685
pry,sex_m,geo_cov_nat,mts_details_mrd,2011,100.787
pry,sex_m,geo_cov_nat,mts_details_mrd,2012,83.121
pry,sex_m,geo_cov_nat,mts_details_mrd,2013,107.263
pry,sex_m,geo_cov_nat,mts_details_mrd,2014,109.844
pry,sex_m,geo_cov_nat,mts_details_mrd,2015,110.963
pry,sex_m,geo_cov_nat,mts_details_mrd,2016,84.033
pry,sex_m,geo_cov_nat,mts_details_mrd,2017,81.788
pry,sex_m,geo_cov_nat,mts_details_mrd,2018,83.843
pry,sex_m,geo_cov_nat,mts_details_mrd,2019,83.3
pry,sex_m,geo_cov_nat,mts_details_mrd,2020,21.557
pry,sex_m,geo_cov_nat,mts_details_mrd,2021,67.704
pry,sex_m,geo_cov_nat,mts_details_sep,1998,4.279
pry,sex_m,geo_cov_nat,mts_details_sep,1999,6.507
pry,sex_m,geo_cov_nat,mts_details_sep,2001,4.485
pry,sex_m,geo_cov_nat,mts_details_sep,2002,5.483
pry,sex_m,geo_cov_nat,mts_details_sep,2003,7.109
pry,sex_m,geo_cov_nat,mts_details_sep,2004,4.723
pry,sex_m,geo_cov_nat,mts_details_sep,2005,4.189
pry,sex_m,geo_cov_nat,mts_details_sep,2006,4.466
pry,sex_m,geo_cov_nat,mts_details_sep,2007,3.941
pry,sex_m,geo_cov_nat,mts_details_sep,2008,5.199
pry,sex_m,geo_cov_nat,mts_details_sep,2009,8.079
pry,sex_m,geo_cov_nat,mts_details_sep,2010,9.651
pry,sex_m,geo_cov_nat,mts_details_sep,2011,9.136
pry,sex_m,geo_cov_nat,mts_details_sep,2012,9.605
pry,sex_m,geo_cov_nat,mts_details_sep,2013,10.84
pry,sex_m,geo_cov_nat,mts_details_sep,2014,9.297
pry,sex_m,geo_cov_nat,mts_details_sep,2015,12.428
pry,sex_m,geo_cov_nat,mts_details_sep,2016,8.36
pry,sex_m,geo_cov_nat,mts_details_sep,2017,10.287
pry,sex_m,geo_cov_nat,mts_details_sep,2018,11.142
pry,sex_m,geo_cov_nat,mts_details_sep,2019,12.354
pry,sex_m,geo_cov_nat,mts_details_sep,2020,2.84
pry,sex_m,geo_cov_nat,mts_details_sep,2021,6.582
pry,sex_m,geo_cov_nat,mts_details_sgle,1998,116.314
pry,sex_m,geo_cov_nat,mts_details_sgle,1999,153.29
pry,sex_m,geo_cov_nat,mts_details_sgle,2001,160.336
pry,sex_m,geo_cov_nat,mts_details_sgle,2002,138.83
pry,sex_m,geo_cov_nat,mts_details_sgle,2003,172.425
pry,sex_m,geo_cov_nat,mts_details_sgle,2004,163.553
pry,sex_m,geo_cov_nat,mts_details_sgle,2005,182.027
pry,sex_m,geo_cov_nat,mts_details_sgle,2006,188.931
pry,sex_m,geo_cov_nat,mts_details_sgle,2007,197.872
pry,sex_m,geo_cov_nat,mts_details_sgle,2008,188.313
pry,sex_m,geo_cov_nat,mts_details_sgle,2009,202.406
pry,sex_m,geo_cov_nat,mts_details_sgle,2010,234.197
pry,sex_m,geo_cov_nat,mts_details_sgle,2011,253.939
pry,sex_m,geo_cov_nat,mts_details_sgle,2012,256.599
pry,sex_m,geo_cov_nat,mts_details_sgle,2013,244.608
pry,sex_m,geo_cov_nat,mts_details_sgle,2014,260.156
pry,sex_m,geo_cov_nat,mts_details_sgle,2015,274.328
pry,sex_m,geo_cov_nat,mts_details_sgle,2016,244.104
pry,sex_m,geo_cov_nat,mts_details_sgle,2017,262.91
pry,sex_m,geo_cov_nat,mts_details_sgle,2018,245.034
pry,sex_m,geo_cov_nat,mts_details_sgle,2019,241.275
pry,sex_m,geo_cov_nat,mts_details_sgle,2020,61.4
pry,sex_m,geo_cov_nat,mts_details_sgle,2021,190.155
pry,sex_m,geo_cov_nat,mts_details_total,1998,199.739
pry,sex_m,geo_cov_nat,mts_details_total,1999,234.051
pry,sex_m,geo_cov_nat,mts_details_total,2001,253.254
pry,sex_m,geo_cov_nat,mts_details_total,2002,233.823
pry,sex_m,geo_cov_nat,mts_details_total,2003,275.978
pry,sex_m,geo_cov_nat,mts_details_total,2004,247.817
pry,sex_m,geo_cov_nat,mts_details_total,2005,274.378
pry,sex_m,geo_cov_nat,mts_details_total,2006,308.223
pry,sex_m,geo_cov_nat,mts_details_total,2007,305.93
pry,sex_m,geo_cov_nat,mts_details_total,2008,291.985
pry,sex_m,geo_cov_nat,mts_details_total,2009,338.154
pry,sex_m,geo_cov_nat,mts_details_total,2010,382.929
pry,sex_m,geo_cov_nat,mts_details_total,2011,408.837
pry,sex_m,geo_cov_nat,mts_details_total,2012,396.29
pry,sex_m,geo_cov_nat,mts_details_total,2013,412.82
pry,sex_m,geo_cov_nat,mts_details_total,2014,433.054
pry,sex_m,geo_cov_nat,mts_details_total,2015,451.442
pry,sex_m,geo_cov_nat,mts_details_total,2016,384.407
pry,sex_m,geo_cov_nat,mts_details_total,2017,392.552
pry,sex_m,geo_cov_nat,mts_details_total,2018,380.101
pry,sex_m,geo_cov_nat,mts_details_total,2019,378.213
pry,sex_m,geo_cov_nat,mts_details_total,2020,415.435
pry,sex_m,geo_cov_nat,mts_details_total,2021,404.557
pry,sex_m,geo_cov_nat,mts_details_union,1998,11.947
pry,sex_m,geo_cov_nat,mts_details_union,1999,11.237
pry,sex_m,geo_cov_nat,mts_details_union,2001,13.082
pry,sex_m,geo_cov_nat,mts_details_union,2002,13.634
pry,sex_m,geo_cov_nat,mts_details_union,2003,12.31
pry,sex_m,geo_cov_nat,mts_details_union,2004,16.458
pry,sex_m,geo_cov_nat,mts_details_union,2005,12.731
pry,sex_m,geo_cov_nat,mts_details_union,2006,16.943
pry,sex_m,geo_cov_nat,mts_details_union,2007,12.92
pry,sex_m,geo_cov_nat,mts_details_union,2008,14.294
pry,sex_m,geo_cov_nat,mts_details_union,2009,18.494
pry,sex_m,geo_cov_nat,mts_details_union,2010,21.832
pry,sex_m,geo_cov_nat,mts_details_union,2011,17.537
pry,sex_m,geo_cov_nat,mts_details_union,2012,20.998
pry,sex_m,geo_cov_nat,mts_details_union,2013,20.437
pry,sex_m,geo_cov_nat,mts_details_union,2014,25.061
pry,sex_m,geo_cov_nat,mts_details_union,2015,24.122
pry,sex_m,geo_cov_nat,mts_details_union,2016,25.723
pry,sex_m,geo_cov_nat,mts_details_union,2017,20.721
pry,sex_m,geo_cov_nat,mts_details_union,2018,20.123
pry,sex_m,geo_cov_nat,mts_details_union,2019,21.208
pry,sex_m,geo_cov_nat,mts_details_union,2020,5.521
pry,sex_m,geo_cov_nat,mts_details_union,2021,18.928
pry,sex_m,geo_cov_nat,mts_details_wid,1998,12.738
pry,sex_m,geo_cov_nat,mts_details_wid,1999,8.73
pry,sex_m,geo_cov_nat,mts_details_wid,2001,14.328
pry,sex_m,geo_cov_nat,mts_details_wid,2002,13.931
pry,sex_m,geo_cov_nat,mts_details_wid,2003,15.903
pry,sex_m,geo_cov_nat,mts_details_wid,2004,14.516
pry,sex_m,geo_cov_nat,mts_details_wid,2005,15.779
pry,sex_m,geo_cov_nat,mts_details_wid,2006,19.39
pry,sex_m,geo_cov_nat,mts_details_wid,2007,16.213
pry,sex_m,geo_cov_nat,mts_details_wid,2008,15.572
pry,sex_m,geo_cov_nat,mts_details_wid,2009,17.783
pry,sex_m,geo_cov_nat,mts_details_wid,2010,23.564
pry,sex_m,geo_cov_nat,mts_details_wid,2011,27.438
pry,sex_m,geo_cov_nat,mts_details_wid,2012,25.807
pry,sex_m,geo_cov_nat,mts_details_wid,2013,29.672
pry,sex_m,geo_cov_nat,mts_details_wid,2014,28.696
pry,sex_m,geo_cov_nat,mts_details_wid,2015,29.601
pry,sex_m,geo_cov_nat,mts_details_wid,2016,22.187
pry,sex_m,geo_cov_nat,mts_details_wid,2017,16.846
pry,sex_m,geo_cov_nat,mts_details_wid,2018,19.959
pry,sex_m,geo_cov_nat,mts_details_wid,2019,20.076
pry,sex_m,geo_cov_nat,mts_details_wid,2020,4.905
pry,sex_m,geo_cov_nat,mts_details_wid,2021,18.535
pry,sex_m,geo_cov_nat,mts_details_x,1998,0.175
pry,sex_m,geo_cov_nat,mts_details_x,2020,319.212
pry,sex_m,geo_cov_nat,mts_details_x,2021,102.654
pry,sex_m,geo_cov_rur,mts_aggregate_1,1998,46.29
pry,sex_m,geo_cov_rur,mts_aggregate_1,1999,63.371
pry,sex_m,geo_cov_rur,mts_aggregate_1,2001,53.952
pry,sex_m,geo_cov_rur,mts_aggregate_1,2002,46.9
pry,sex_m,geo_cov_rur,mts_aggregate_1,2003,66.677
pry,sex_m,geo_cov_rur,mts_aggregate_1,2004,53.678
pry,sex_m,geo_cov_rur,mts_aggregate_1,2005,64.948
pry,sex_m,geo_cov_rur,mts_aggregate_1,2006,59.813
pry,sex_m,geo_cov_rur,mts_aggregate_1,2007,67.642
pry,sex_m,geo_cov_rur,mts_aggregate_1,2008,63.863
pry,sex_m,geo_cov_rur,mts_aggregate_1,2009,69.921
pry,sex_m,geo_cov_rur,mts_aggregate_1,2010,82.812
pry,sex_m,geo_cov_rur,mts_aggregate_1,2011,86.613
pry,sex_m,geo_cov_rur,mts_aggregate_1,2012,96.975
pry,sex_m,geo_cov_rur,mts_aggregate_1,2013,86.681
pry,sex_m,geo_cov_rur,mts_aggregate_1,2014,89.375
pry,sex_m,geo_cov_rur,mts_aggregate_1,2015,104.757
pry,sex_m,geo_cov_rur,mts_aggregate_1,2016,91.807
pry,sex_m,geo_cov_rur,mts_aggregate_1,2017,89.836
pry,sex_m,geo_cov_rur,mts_aggregate_1,2018,87.883
pry,sex_m,geo_cov_rur,mts_aggregate_1,2019,90.457
pry,sex_m,geo_cov_rur,mts_aggregate_1,2020,21.811
pry,sex_m,geo_cov_rur,mts_aggregate_1,2021,64.583
pry,sex_m,geo_cov_rur,mts_aggregate_2,1998,24.068
pry,sex_m,geo_cov_rur,mts_aggregate_2,1999,21.116
pry,sex_m,geo_cov_rur,mts_aggregate_2,2001,24.413
pry,sex_m,geo_cov_rur,mts_aggregate_2,2002,20.293
pry,sex_m,geo_cov_rur,mts_aggregate_2,2003,22.605
pry,sex_m,geo_cov_rur,mts_aggregate_2,2004,22.297
pry,sex_m,geo_cov_rur,mts_aggregate_2,2005,18.602
pry,sex_m,geo_cov_rur,mts_aggregate_2,2006,30.238
pry,sex_m,geo_cov_rur,mts_aggregate_2,2007,20.922
pry,sex_m,geo_cov_rur,mts_aggregate_2,2008,26.746
pry,sex_m,geo_cov_rur,mts_aggregate_2,2009,34.01
pry,sex_m,geo_cov_rur,mts_aggregate_2,2010,36.743
pry,sex_m,geo_cov_rur,mts_aggregate_2,2011,36.712
pry,sex_m,geo_cov_rur,mts_aggregate_2,2012,31.089
pry,sex_m,geo_cov_rur,mts_aggregate_2,2013,37.553
pry,sex_m,geo_cov_rur,mts_aggregate_2,2014,47.248
pry,sex_m,geo_cov_rur,mts_aggregate_2,2015,45.894
pry,sex_m,geo_cov_rur,mts_aggregate_2,2016,34.716
pry,sex_m,geo_cov_rur,mts_aggregate_2,2017,32.861
pry,sex_m,geo_cov_rur,mts_aggregate_2,2018,30.945
pry,sex_m,geo_cov_rur,mts_aggregate_2,2019,32.834
pry,sex_m,geo_cov_rur,mts_aggregate_2,2020,6.823
pry,sex_m,geo_cov_rur,mts_aggregate_2,2021,22.8
pry,sex_m,geo_cov_rur,mts_aggregate_total,1998,70.358
pry,sex_m,geo_cov_rur,mts_aggregate_total,1999,84.487
pry,sex_m,geo_cov_rur,mts_aggregate_total,2001,78.365
pry,sex_m,geo_cov_rur,mts_aggregate_total,2002,67.193
pry,sex_m,geo_cov_rur,mts_aggregate_total,2003,89.282
pry,sex_m,geo_cov_rur,mts_aggregate_total,2004,76.198
pry,sex_m,geo_cov_rur,mts_aggregate_total,2005,83.55
pry,sex_m,geo_cov_rur,mts_aggregate_total,2006,90.051
pry,sex_m,geo_cov_rur,mts_aggregate_total,2007,88.564
pry,sex_m,geo_cov_rur,mts_aggregate_total,2008,90.609
pry,sex_m,geo_cov_rur,mts_aggregate_total,2009,103.931
pry,sex_m,geo_cov_rur,mts_aggregate_total,2010,119.555
pry,sex_m,geo_cov_rur,mts_aggregate_total,2011,123.325
pry,sex_m,geo_cov_rur,mts_aggregate_total,2012,128.064
pry,sex_m,geo_cov_rur,mts_aggregate_total,2013,124.234
pry,sex_m,geo_cov_rur,mts_aggregate_total,2014,136.623
pry,sex_m,geo_cov_rur,mts_aggregate_total,2015,150.651
pry,sex_m,geo_cov_rur,mts_aggregate_total,2016,126.523
pry,sex_m,geo_cov_rur,mts_aggregate_total,2017,122.697
pry,sex_m,geo_cov_rur,mts_aggregate_total,2018,118.828
pry,sex_m,geo_cov_rur,mts_aggregate_total,2019,123.291
pry,sex_m,geo_cov_rur,mts_aggregate_total,2020,120.891
pry,sex_m,geo_cov_rur,mts_aggregate_total,2021,117.246
pry,sex_m,geo_cov_rur,mts_aggregate_x,2020,92.258
pry,sex_m,geo_cov_rur,mts_aggregate_x,2021,29.862
pry,sex_m,geo_cov_rur,mts_details_mrd,1998,21.059
pry,sex_m,geo_cov_rur,mts_details_mrd,1999,15.938
pry,sex_m,geo_cov_rur,mts_details_mrd,2001,20.764
pry,sex_m,geo_cov_rur,mts_details_mrd,2002,17.69
pry,sex_m,geo_cov_rur,mts_details_mrd,2003,19.679
pry,sex_m,geo_cov_rur,mts_details_mrd,2004,15.74
pry,sex_m,geo_cov_rur,mts_details_mrd,2005,14.701
pry,sex_m,geo_cov_rur,mts_details_mrd,2006,23.872
pry,sex_m,geo_cov_rur,mts_details_mrd,2007,16.866
pry,sex_m,geo_cov_rur,mts_details_mrd,2008,21.573
pry,sex_m,geo_cov_rur,mts_details_mrd,2009,27.127
pry,sex_m,geo_cov_rur,mts_details_mrd,2010,25.842
pry,sex_m,geo_cov_rur,mts_details_mrd,2011,31.517
pry,sex_m,geo_cov_rur,mts_details_mrd,2012,25.848
pry,sex_m,geo_cov_rur,mts_details_mrd,2013,31.385
pry,sex_m,geo_cov_rur,mts_details_mrd,2014,40.855
pry,sex_m,geo_cov_rur,mts_details_mrd,2015,35.555
pry,sex_m,geo_cov_rur,mts_details_mrd,2016,27.999
pry,sex_m,geo_cov_rur,mts_details_mrd,2017,26.943
pry,sex_m,geo_cov_rur,mts_details_mrd,2018,23.931
pry,sex_m,geo_cov_rur,mts_details_mrd,2019,24.15
pry,sex_m,geo_cov_rur,mts_details_mrd,2020,5.5
pry,sex_m,geo_cov_rur,mts_details_mrd,2021,18.654
pry,sex_m,geo_cov_rur,mts_details_sep,1998,2.547
pry,sex_m,geo_cov_rur,mts_details_sep,1999,0.904
pry,sex_m,geo_cov_rur,mts_details_sep,2001,1.227
pry,sex_m,geo_cov_rur,mts_details_sep,2002,1.182
pry,sex_m,geo_cov_rur,mts_details_sep,2003,1.13
pry,sex_m,geo_cov_rur,mts_details_sep,2004,1.185
pry,sex_m,geo_cov_rur,mts_details_sep,2008,1.566
pry,sex_m,geo_cov_rur,mts_details_sep,2009,3.559
pry,sex_m,geo_cov_rur,mts_details_sep,2013,5.138
pry,sex_m,geo_cov_rur,mts_details_sep,2015,4.023
pry,sex_m,geo_cov_rur,mts_details_sep,2016,2.315
pry,sex_m,geo_cov_rur,mts_details_sep,2017,2.334
pry,sex_m,geo_cov_rur,mts_details_sep,2018,3.451
pry,sex_m,geo_cov_rur,mts_details_sep,2019,5.444
pry,sex_m,geo_cov_rur,mts_details_sep,2020,0.499
pry,sex_m,geo_cov_rur,mts_details_sep,2021,1.423
pry,sex_m,geo_cov_rur,mts_details_sgle,1998,38.178
pry,sex_m,geo_cov_rur,mts_details_sgle,1999,59.433
pry,sex_m,geo_cov_rur,mts_details_sgle,2001,48.25
pry,sex_m,geo_cov_rur,mts_details_sgle,2002,39.559
pry,sex_m,geo_cov_rur,mts_details_sgle,2003,59.324
pry,sex_m,geo_cov_rur,mts_details_sgle,2004,46.888
pry,sex_m,geo_cov_rur,mts_details_sgle,2005,58.132
pry,sex_m,geo_cov_rur,mts_details_sgle,2006,50.305
pry,sex_m,geo_cov_rur,mts_details_sgle,2007,59.079
pry,sex_m,geo_cov_rur,mts_details_sgle,2008,57.548
pry,sex_m,geo_cov_rur,mts_details_sgle,2009,57.801
pry,sex_m,geo_cov_rur,mts_details_sgle,2010,69.471
pry,sex_m,geo_cov_rur,mts_details_sgle,2011,75.822
pry,sex_m,geo_cov_rur,mts_details_sgle,2012,85.25
pry,sex_m,geo_cov_rur,mts_details_sgle,2013,71.266
pry,sex_m,geo_cov_rur,mts_details_sgle,2014,77.011
pry,sex_m,geo_cov_rur,mts_details_sgle,2015,87.929
pry,sex_m,geo_cov_rur,mts_details_sgle,2016,80.615
pry,sex_m,geo_cov_rur,mts_details_sgle,2017,79.733
pry,sex_m,geo_cov_rur,mts_details_sgle,2018,75.468
pry,sex_m,geo_cov_rur,mts_details_sgle,2019,77.604
pry,sex_m,geo_cov_rur,mts_details_sgle,2020,18.821
pry,sex_m,geo_cov_rur,mts_details_sgle,2021,56.434
pry,sex_m,geo_cov_rur,mts_details_total,1998,70.358
pry,sex_m,geo_cov_rur,mts_details_total,1999,84.487
pry,sex_m,geo_cov_rur,mts_details_total,2001,78.365
pry,sex_m,geo_cov_rur,mts_details_total,2002,67.193
pry,sex_m,geo_cov_rur,mts_details_total,2003,89.282
pry,sex_m,geo_cov_rur,mts_details_total,2004,76.198
pry,sex_m,geo_cov_rur,mts_details_total,2005,83.55
pry,sex_m,geo_cov_rur,mts_details_total,2006,90.051
pry,sex_m,geo_cov_rur,mts_details_total,2007,88.564
pry,sex_m,geo_cov_rur,mts_details_total,2008,90.609
pry,sex_m,geo_cov_rur,mts_details_total,2009,103.931
pry,sex_m,geo_cov_rur,mts_details_total,2010,119.555
pry,sex_m,geo_cov_rur,mts_details_total,2011,123.325
pry,sex_m,geo_cov_rur,mts_details_total,2012,128.064
pry,sex_m,geo_cov_rur,mts_details_total,2013,124.234
pry,sex_m,geo_cov_rur,mts_details_total,2014,136.623
pry,sex_m,geo_cov_rur,mts_details_total,2015,150.651
pry,sex_m,geo_cov_rur,mts_details_total,2016,126.523
pry,sex_m,geo_cov_rur,mts_details_total,2017,122.697
pry,sex_m,geo_cov_rur,mts_details_total,2018,118.828
pry,sex_m,geo_cov_rur,mts_details_total,2019,123.291
pry,sex_m,geo_cov_rur,mts_details_total,2020,120.891
pry,sex_m,geo_cov_rur,mts_details_total,2021,117.246
pry,sex_m,geo_cov_rur,mts_details_union,1998,3.009
pry,sex_m,geo_cov_rur,mts_details_union,1999,5.178
pry,sex_m,geo_cov_rur,mts_details_union,2001,3.649
pry,sex_m,geo_cov_rur,mts_details_union,2002,2.603
pry,sex_m,geo_cov_rur,mts_details_union,2003,2.926
pry,sex_m,geo_cov_rur,mts_details_union,2004,6.557
pry,sex_m,geo_cov_rur,mts_details_union,2005,3.901
pry,sex_m,geo_cov_rur,mts_details_union,2006,6.366
pry,sex_m,geo_cov_rur,mts_details_union,2007,4.056
pry,sex_m,geo_cov_rur,mts_details_union,2008,5.173
pry,sex_m,geo_cov_rur,mts_details_union,2009,6.883
pry,sex_m,geo_cov_rur,mts_details_union,2010,10.901
pry,sex_m,geo_cov_rur,mts_details_union,2011,5.195
pry,sex_m,geo_cov_rur,mts_details_union,2012,5.241
pry,sex_m,geo_cov_rur,mts_details_union,2013,6.168
pry,sex_m,geo_cov_rur,mts_details_union,2014,6.393
pry,sex_m,geo_cov_rur,mts_details_union,2015,10.339
pry,sex_m,geo_cov_rur,mts_details_union,2016,6.717
pry,sex_m,geo_cov_rur,mts_details_union,2017,5.918
pry,sex_m,geo_cov_rur,mts_details_union,2018,7.014
pry,sex_m,geo_cov_rur,mts_details_union,2019,8.684
pry,sex_m,geo_cov_rur,mts_details_union,2020,1.323
pry,sex_m,geo_cov_rur,mts_details_union,2021,4.147
pry,sex_m,geo_cov_rur,mts_details_wid,1998,5.565
pry,sex_m,geo_cov_rur,mts_details_wid,1999,3.034
pry,sex_m,geo_cov_rur,mts_details_wid,2001,4.475
pry,sex_m,geo_cov_rur,mts_details_wid,2002,6.159
pry,sex_m,geo_cov_rur,mts_details_wid,2003,6.223
pry,sex_m,geo_cov_rur,mts_details_wid,2004,5.605
pry,sex_m,geo_cov_rur,mts_details_wid,2005,6.238
pry,sex_m,geo_cov_rur,mts_details_wid,2006,9.128
pry,sex_m,geo_cov_rur,mts_details_wid,2007,7.831
pry,sex_m,geo_cov_rur,mts_details_wid,2008,4.749
pry,sex_m,geo_cov_rur,mts_details_wid,2009,8.561
pry,sex_m,geo_cov_rur,mts_details_wid,2010,11.934
pry,sex_m,geo_cov_rur,mts_details_wid,2011,10.634
pry,sex_m,geo_cov_rur,mts_details_wid,2012,10.688
pry,sex_m,geo_cov_rur,mts_details_wid,2013,10.277
pry,sex_m,geo_cov_rur,mts_details_wid,2014,11.146
pry,sex_m,geo_cov_rur,mts_details_wid,2015,12.805
pry,sex_m,geo_cov_rur,mts_details_wid,2016,8.877
pry,sex_m,geo_cov_rur,mts_details_wid,2017,7.769
pry,sex_m,geo_cov_rur,mts_details_wid,2018,8.964
pry,sex_m,geo_cov_rur,mts_details_wid,2019,7.41
pry,sex_m,geo_cov_rur,mts_details_wid,2020,2.491
pry,sex_m,geo_cov_rur,mts_details_wid,2021,6.726
pry,sex_m,geo_cov_rur,mts_details_x,2020,92.258
pry,sex_m,geo_cov_rur,mts_details_x,2021,29.862
pry,sex_m,geo_cov_urb,mts_aggregate_1,1998,87.041
pry,sex_m,geo_cov_urb,mts_aggregate_1,1999,105.156
pry,sex_m,geo_cov_urb,mts_aggregate_1,2001,125.197
pry,sex_m,geo_cov_urb,mts_aggregate_1,2002,111.344
pry,sex_m,geo_cov_urb,mts_aggregate_1,2003,128.76
pry,sex_m,geo_cov_urb,mts_aggregate_1,2004,129.114
pry,sex_m,geo_cov_urb,mts_aggregate_1,2005,137.047
pry,sex_m,geo_cov_urb,mts_aggregate_1,2006,152.974
pry,sex_m,geo_cov_urb,mts_aggregate_1,2007,150.384
pry,sex_m,geo_cov_urb,mts_aggregate_1,2008,145.221
pry,sex_m,geo_cov_urb,mts_aggregate_1,2009,158.347
pry,sex_m,geo_cov_urb,mts_aggregate_1,2010,184.6
pry,sex_m,geo_cov_urb,mts_aggregate_1,2011,203.9
pry,sex_m,geo_cov_urb,mts_aggregate_1,2012,195.036
pry,sex_m,geo_cov_urb,mts_aggregate_1,2013,198.439
pry,sex_m,geo_cov_urb,mts_aggregate_1,2014,208.774
pry,sex_m,geo_cov_urb,mts_aggregate_1,2015,211.6
pry,sex_m,geo_cov_urb,mts_aggregate_1,2016,182.844
pry,sex_m,geo_cov_urb,mts_aggregate_1,2017,200.207
pry,sex_m,geo_cov_urb,mts_aggregate_1,2018,188.252
pry,sex_m,geo_cov_urb,mts_aggregate_1,2019,183.247
pry,sex_m,geo_cov_urb,mts_aggregate_1,2020,47.334
pry,sex_m,geo_cov_urb,mts_aggregate_1,2021,150.688
pry,sex_m,geo_cov_urb,mts_aggregate_2,1998,42.165
pry,sex_m,geo_cov_urb,mts_aggregate_2,1999,44.408
pry,sex_m,geo_cov_urb,mts_aggregate_2,2001,49.692
pry,sex_m,geo_cov_urb,mts_aggregate_2,2002,55.286
pry,sex_m,geo_cov_urb,mts_aggregate_2,2003,57.936
pry,sex_m,geo_cov_urb,mts_aggregate_2,2004,42.505
pry,sex_m,geo_cov_urb,mts_aggregate_2,2005,53.781
pry,sex_m,geo_cov_urb,mts_aggregate_2,2006,65.198
pry,sex_m,geo_cov_urb,mts_aggregate_2,2007,66.982
pry,sex_m,geo_cov_urb,mts_aggregate_2,2008,56.155
pry,sex_m,geo_cov_urb,mts_aggregate_2,2009,75.876
pry,sex_m,geo_cov_urb,mts_aggregate_2,2010,78.774
pry,sex_m,geo_cov_urb,mts_aggregate_2,2011,81.612
pry,sex_m,geo_cov_urb,mts_aggregate_2,2012,73.03
pry,sex_m,geo_cov_urb,mts_aggregate_2,2013,90.147
pry,sex_m,geo_cov_urb,mts_aggregate_2,2014,87.657
pry,sex_m,geo_cov_urb,mts_aggregate_2,2015,89.191
pry,sex_m,geo_cov_urb,mts_aggregate_2,2016,75.04
pry,sex_m,geo_cov_urb,mts_aggregate_2,2017,69.648
pry,sex_m,geo_cov_urb,mts_aggregate_2,2018,73.021
pry,sex_m,geo_cov_urb,mts_aggregate_2,2019,71.675
pry,sex_m,geo_cov_urb,mts_aggregate_2,2020,20.255
pry,sex_m,geo_cov_urb,mts_aggregate_2,2021,63.832
pry,sex_m,geo_cov_urb,mts_aggregate_total,1998,129.381
pry,sex_m,geo_cov_urb,mts_aggregate_total,1999,149.564
pry,sex_m,geo_cov_urb,mts_aggregate_total,2001,174.889
pry,sex_m,geo_cov_urb,mts_aggregate_total,2002,166.63
pry,sex_m,geo_cov_urb,mts_aggregate_total,2003,186.696
pry,sex_m,geo_cov_urb,mts_aggregate_total,2004,171.619
pry,sex_m,geo_cov_urb,mts_aggregate_total,2005,190.828
pry,sex_m,geo_cov_urb,mts_aggregate_total,2006,218.172
pry,sex_m,geo_cov_urb,mts_aggregate_total,2007,217.366
pry,sex_m,geo_cov_urb,mts_aggregate_total,2008,201.376
pry,sex_m,geo_cov_urb,mts_aggregate_total,2009,234.223
pry,sex_m,geo_cov_urb,mts_aggregate_total,2010,263.374
pry,sex_m,geo_cov_urb,mts_aggregate_total,2011,285.512
pry,sex_m,geo_cov_urb,mts_aggregate_total,2012,268.226
pry,sex_m,geo_cov_urb,mts_aggregate_total,2013,288.586
pry,sex_m,geo_cov_urb,mts_aggregate_total,2014,296.431
pry,sex_m,geo_cov_urb,mts_aggregate_total,2015,300.791
pry,sex_m,geo_cov_urb,mts_aggregate_total,2016,257.884
pry,sex_m,geo_cov_urb,mts_aggregate_total,2017,269.855
pry,sex_m,geo_cov_urb,mts_aggregate_total,2018,261.273
pry,sex_m,geo_cov_urb,mts_aggregate_total,2019,254.922
pry,sex_m,geo_cov_urb,mts_aggregate_total,2020,294.544
pry,sex_m,geo_cov_urb,mts_aggregate_total,2021,287.311
pry,sex_m,geo_cov_urb,mts_aggregate_x,1998,0.175
pry,sex_m,geo_cov_urb,mts_aggregate_x,2020,226.955
pry,sex_m,geo_cov_urb,mts_aggregate_x,2021,72.792
pry,sex_m,geo_cov_urb,mts_details_mrd,1998,33.227
pry,sex_m,geo_cov_urb,mts_details_mrd,1999,38.349
pry,sex_m,geo_cov_urb,mts_details_mrd,2001,40.259
pry,sex_m,geo_cov_urb,mts_details_mrd,2002,44.255
pry,sex_m,geo_cov_urb,mts_details_mrd,2003,48.552
pry,sex_m,geo_cov_urb,mts_details_mrd,2004,32.604
pry,sex_m,geo_cov_urb,mts_details_mrd,2005,44.951
pry,sex_m,geo_cov_urb,mts_details_mrd,2006,54.621
pry,sex_m,geo_cov_urb,mts_details_mrd,2007,58.118
pry,sex_m,geo_cov_urb,mts_details_mrd,2008,47.034
pry,sex_m,geo_cov_urb,mts_details_mrd,2009,64.265
pry,sex_m,geo_cov_urb,mts_details_mrd,2010,67.843
pry,sex_m,geo_cov_urb,mts_details_mrd,2011,69.27
pry,sex_m,geo_cov_urb,mts_details_mrd,2012,57.273
pry,sex_m,geo_cov_urb,mts_details_mrd,2013,75.878
pry,sex_m,geo_cov_urb,mts_details_mrd,2014,68.989
pry,sex_m,geo_cov_urb,mts_details_mrd,2015,75.408
pry,sex_m,geo_cov_urb,mts_details_mrd,2016,56.034
pry,sex_m,geo_cov_urb,mts_details_mrd,2017,54.845
pry,sex_m,geo_cov_urb,mts_details_mrd,2018,59.913
pry,sex_m,geo_cov_urb,mts_details_mrd,2019,59.15
pry,sex_m,geo_cov_urb,mts_details_mrd,2020,16.057
pry,sex_m,geo_cov_urb,mts_details_mrd,2021,49.051
pry,sex_m,geo_cov_urb,mts_details_sep,1998,1.732
pry,sex_m,geo_cov_urb,mts_details_sep,1999,5.603
pry,sex_m,geo_cov_urb,mts_details_sep,2001,3.258
pry,sex_m,geo_cov_urb,mts_details_sep,2002,4.301
pry,sex_m,geo_cov_urb,mts_details_sep,2003,5.979
pry,sex_m,geo_cov_urb,mts_details_sep,2004,3.538
pry,sex_m,geo_cov_urb,mts_details_sep,2005,3.611
pry,sex_m,geo_cov_urb,mts_details_sep,2006,4.086
pry,sex_m,geo_cov_urb,mts_details_sep,2007,3.209
pry,sex_m,geo_cov_urb,mts_details_sep,2008,3.633
pry,sex_m,geo_cov_urb,mts_details_sep,2009,4.52
pry,sex_m,geo_cov_urb,mts_details_sep,2010,8.244
pry,sex_m,geo_cov_urb,mts_details_sep,2011,8.979
pry,sex_m,geo_cov_urb,mts_details_sep,2012,8.568
pry,sex_m,geo_cov_urb,mts_details_sep,2013,5.702
pry,sex_m,geo_cov_urb,mts_details_sep,2014,8.079
pry,sex_m,geo_cov_urb,mts_details_sep,2015,8.405
pry,sex_m,geo_cov_urb,mts_details_sep,2016,6.045
pry,sex_m,geo_cov_urb,mts_details_sep,2017,7.953
pry,sex_m,geo_cov_urb,mts_details_sep,2018,7.692
pry,sex_m,geo_cov_urb,mts_details_sep,2019,6.91
pry,sex_m,geo_cov_urb,mts_details_sep,2020,2.341
pry,sex_m,geo_cov_urb,mts_details_sep,2021,5.159
pry,sex_m,geo_cov_urb,mts_details_sgle,1998,78.136
pry,sex_m,geo_cov_urb,mts_details_sgle,1999,93.857
pry,sex_m,geo_cov_urb,mts_details_sgle,2001,112.086
pry,sex_m,geo_cov_urb,mts_details_sgle,2002,99.271
pry,sex_m,geo_cov_urb,mts_details_sgle,2003,113.101
pry,sex_m,geo_cov_urb,mts_details_sgle,2004,116.665
pry,sex_m,geo_cov_urb,mts_details_sgle,2005,123.895
pry,sex_m,geo_cov_urb,mts_details_sgle,2006,138.626
pry,sex_m,geo_cov_urb,mts_details_sgle,2007,138.793
pry,sex_m,geo_cov_urb,mts_details_sgle,2008,130.765
pry,sex_m,geo_cov_urb,mts_details_sgle,2009,144.605
pry,sex_m,geo_cov_urb,mts_details_sgle,2010,164.726
pry,sex_m,geo_cov_urb,mts_details_sgle,2011,178.117
pry,sex_m,geo_cov_urb,mts_details_sgle,2012,171.349
pry,sex_m,geo_cov_urb,mts_details_sgle,2013,173.342
pry,sex_m,geo_cov_urb,mts_details_sgle,2014,183.145
pry,sex_m,geo_cov_urb,mts_details_sgle,2015,186.399
pry,sex_m,geo_cov_urb,mts_details_sgle,2016,163.489
pry,sex_m,geo_cov_urb,mts_details_sgle,2017,183.177
pry,sex_m,geo_cov_urb,mts_details_sgle,2018,169.566
pry,sex_m,geo_cov_urb,mts_details_sgle,2019,163.671
pry,sex_m,geo_cov_urb,mts_details_sgle,2020,42.579
pry,sex_m,geo_cov_urb,mts_details_sgle,2021,133.721
pry,sex_m,geo_cov_urb,mts_details_total,1998,129.381
pry,sex_m,geo_cov_urb,mts_details_total,1999,149.564
pry,sex_m,geo_cov_urb,mts_details_total,2001,174.889
pry,sex_m,geo_cov_urb,mts_details_total,2002,166.63
pry,sex_m,geo_cov_urb,mts_details_total,2003,186.696
pry,sex_m,geo_cov_urb,mts_details_total,2004,171.619
pry,sex_m,geo_cov_urb,mts_details_total,2005,190.828
pry,sex_m,geo_cov_urb,mts_details_total,2006,218.172
pry,sex_m,geo_cov_urb,mts_details_total,2007,217.366
pry,sex_m,geo_cov_urb,mts_details_total,2008,201.376
pry,sex_m,geo_cov_urb,mts_details_total,2009,234.223
pry,sex_m,geo_cov_urb,mts_details_total,2010,263.374
pry,sex_m,geo_cov_urb,mts_details_total,2011,285.512
pry,sex_m,geo_cov_urb,mts_details_total,2012,268.226
pry,sex_m,geo_cov_urb,mts_details_total,2013,288.586
pry,sex_m,geo_cov_urb,mts_details_total,2014,296.431
pry,sex_m,geo_cov_urb,mts_details_total,2015,300.791
pry,sex_m,geo_cov_urb,mts_details_total,2016,257.884
pry,sex_m,geo_cov_urb,mts_details_total,2017,269.855
pry,sex_m,geo_cov_urb,mts_details_total,2018,261.273
pry,sex_m,geo_cov_urb,mts_details_total,2019,254.922
pry,sex_m,geo_cov_urb,mts_details_total,2020,294.544
pry,sex_m,geo_cov_urb,mts_details_total,2021,287.311
pry,sex_m,geo_cov_urb,mts_details_union,1998,8.938
pry,sex_m,geo_cov_urb,mts_details_union,1999,6.059
pry,sex_m,geo_cov_urb,mts_details_union,2001,9.433
pry,sex_m,geo_cov_urb,mts_details_union,2002,11.031
pry,sex_m,geo_cov_urb,mts_details_union,2003,9.384
pry,sex_m,geo_cov_urb,mts_details_union,2004,9.901
pry,sex_m,geo_cov_urb,mts_details_union,2005,8.83
pry,sex_m,geo_cov_urb,mts_details_union,2006,10.577
pry,sex_m,geo_cov_urb,mts_details_union,2007,8.864
pry,sex_m,geo_cov_urb,mts_details_union,2008,9.121
pry,sex_m,geo_cov_urb,mts_details_union,2009,11.611
pry,sex_m,geo_cov_urb,mts_details_union,2010,10.931
pry,sex_m,geo_cov_urb,mts_details_union,2011,12.342
pry,sex_m,geo_cov_urb,mts_details_union,2012,15.757
pry,sex_m,geo_cov_urb,mts_details_union,2013,14.269
pry,sex_m,geo_cov_urb,mts_details_union,2014,18.668
pry,sex_m,geo_cov_urb,mts_details_union,2015,13.783
pry,sex_m,geo_cov_urb,mts_details_union,2016,19.006
pry,sex_m,geo_cov_urb,mts_details_union,2017,14.803
pry,sex_m,geo_cov_urb,mts_details_union,2018,13.109
pry,sex_m,geo_cov_urb,mts_details_union,2019,12.524
pry,sex_m,geo_cov_urb,mts_details_union,2020,4.198
pry,sex_m,geo_cov_urb,mts_details_union,2021,14.781
pry,sex_m,geo_cov_urb,mts_details_wid,1998,7.173
pry,sex_m,geo_cov_urb,mts_details_wid,1999,5.696
pry,sex_m,geo_cov_urb,mts_details_wid,2001,9.853
pry,sex_m,geo_cov_urb,mts_details_wid,2002,7.772
pry,sex_m,geo_cov_urb,mts_details_wid,2003,9.68
pry,sex_m,geo_cov_urb,mts_details_wid,2004,8.911
pry,sex_m,geo_cov_urb,mts_details_wid,2005,9.541
pry,sex_m,geo_cov_urb,mts_details_wid,2006,10.262
pry,sex_m,geo_cov_urb,mts_details_wid,2007,8.382
pry,sex_m,geo_cov_urb,mts_details_wid,2008,10.823
pry,sex_m,geo_cov_urb,mts_details_wid,2009,9.222
pry,sex_m,geo_cov_urb,mts_details_wid,2010,11.63
pry,sex_m,geo_cov_urb,mts_details_wid,2011,16.804
pry,sex_m,geo_cov_urb,mts_details_wid,2012,15.119
pry,sex_m,geo_cov_urb,mts_details_wid,2013,19.395
pry,sex_m,geo_cov_urb,mts_details_wid,2014,17.55
pry,sex_m,geo_cov_urb,mts_details_wid,2015,16.796
pry,sex_m,geo_cov_urb,mts_details_wid,2016,13.31
pry,sex_m,geo_cov_urb,mts_details_wid,2017,9.077
pry,sex_m,geo_cov_urb,mts_details_wid,2018,10.995
pry,sex_m,geo_cov_urb,mts_details_wid,2019,12.666
pry,sex_m,geo_cov_urb,mts_details_wid,2020,2.415
pry,sex_m,geo_cov_urb,mts_details_wid,2021,11.808
pry,sex_m,geo_cov_urb,mts_details_x,1998,0.175
pry,sex_m,geo_cov_urb,mts_details_x,2020,226.955
pry,sex_m,geo_cov_urb,mts_details_x,2021,72.792
pry,sex_t,geo_cov_nat,mts_aggregate_1,1998,453.222
pry,sex_t,geo_cov_nat,mts_aggregate_1,1999,529.436
pry,sex_t,geo_cov_nat,mts_aggregate_1,2001,546.729
pry,sex_t,geo_cov_nat,mts_aggregate_1,2002,500.844
pry,sex_t,geo_cov_nat,mts_aggregate_1,2003,587.412
pry,sex_t,geo_cov_nat,mts_aggregate_1,2004,554.667
pry,sex_t,geo_cov_nat,mts_aggregate_1,2005,588.308
pry,sex_t,geo_cov_nat,mts_aggregate_1,2006,647.433
pry,sex_t,geo_cov_nat,mts_aggregate_1,2007,648.799
pry,sex_t,geo_cov_nat,mts_aggregate_1,2008,617.881
pry,sex_t,geo_cov_nat,mts_aggregate_1,2009,680.204
pry,sex_t,geo_cov_nat,mts_aggregate_1,2010,727.028
pry,sex_t,geo_cov_nat,mts_aggregate_1,2011,784.098
pry,sex_t,geo_cov_nat,mts_aggregate_1,2012,741.345
pry,sex_t,geo_cov_nat,mts_aggregate_1,2013,787.242
pry,sex_t,geo_cov_nat,mts_aggregate_1,2014,865.364
pry,sex_t,geo_cov_nat,mts_aggregate_1,2015,895.479
pry,sex_t,geo_cov_nat,mts_aggregate_1,2016,732.842
pry,sex_t,geo_cov_nat,mts_aggregate_1,2017,776.679
pry,sex_t,geo_cov_nat,mts_aggregate_1,2018,737.961
pry,sex_t,geo_cov_nat,mts_aggregate_1,2019,744.947
pry,sex_t,geo_cov_nat,mts_aggregate_1,2020,194.677
pry,sex_t,geo_cov_nat,mts_aggregate_1,2021,586.043
pry,sex_t,geo_cov_nat,mts_aggregate_2,1998,523.05
pry,sex_t,geo_cov_nat,mts_aggregate_2,1999,526.354
pry,sex_t,geo_cov_nat,mts_aggregate_2,2001,496.459
pry,sex_t,geo_cov_nat,mts_aggregate_2,2002,551.168
pry,sex_t,geo_cov_nat,mts_aggregate_2,2003,545.599
pry,sex_t,geo_cov_nat,mts_aggregate_2,2004,469.534
pry,sex_t,geo_cov_nat,mts_aggregate_2,2005,506.345
pry,sex_t,geo_cov_nat,mts_aggregate_2,2006,603.411
pry,sex_t,geo_cov_nat,mts_aggregate_2,2007,566.946
pry,sex_t,geo_cov_nat,mts_aggregate_2,2008,584.937
pry,sex_t,geo_cov_nat,mts_aggregate_2,2009,623.751
pry,sex_t,geo_cov_nat,mts_aggregate_2,2010,674.444
pry,sex_t,geo_cov_nat,mts_aggregate_2,2011,678.449
pry,sex_t,geo_cov_nat,mts_aggregate_2,2012,582.905
pry,sex_t,geo_cov_nat,mts_aggregate_2,2013,653.402
pry,sex_t,geo_cov_nat,mts_aggregate_2,2014,713.149
pry,sex_t,geo_cov_nat,mts_aggregate_2,2015,713.957
pry,sex_t,geo_cov_nat,mts_aggregate_2,2016,681.99
pry,sex_t,geo_cov_nat,mts_aggregate_2,2017,660.058
pry,sex_t,geo_cov_nat,mts_aggregate_2,2018,644.346
pry,sex_t,geo_cov_nat,mts_aggregate_2,2019,637.473
pry,sex_t,geo_cov_nat,mts_aggregate_2,2020,158.923
pry,sex_t,geo_cov_nat,mts_aggregate_2,2021,502.231
pry,sex_t,geo_cov_nat,mts_aggregate_total,1998,976.447
pry,sex_t,geo_cov_nat,mts_aggregate_total,1999,1055.79
pry,sex_t,geo_cov_nat,mts_aggregate_total,2001,1043.188
pry,sex_t,geo_cov_nat,mts_aggregate_total,2002,1052.268
pry,sex_t,geo_cov_nat,mts_aggregate_total,2003,1133.011
pry,sex_t,geo_cov_nat,mts_aggregate_total,2004,1024.424
pry,sex_t,geo_cov_nat,mts_aggregate_total,2005,1094.653
pry,sex_t,geo_cov_nat,mts_aggregate_total,2006,1250.844
pry,sex_t,geo_cov_nat,mts_aggregate_total,2007,1215.745
pry,sex_t,geo_cov_nat,mts_aggregate_total,2008,1202.818
pry,sex_t,geo_cov_nat,mts_aggregate_total,2009,1303.955
pry,sex_t,geo_cov_nat,mts_aggregate_total,2010,1401.472
pry,sex_t,geo_cov_nat,mts_aggregate_total,2011,1462.547
pry,sex_t,geo_cov_nat,mts_aggregate_total,2012,1324.41
pry,sex_t,geo_cov_nat,mts_aggregate_total,2013,1440.911
pry,sex_t,geo_cov_nat,mts_aggregate_total,2014,1578.513
pry,sex_t,geo_cov_nat,mts_aggregate_total,2015,1609.436
pry,sex_t,geo_cov_nat,mts_aggregate_total,2016,1414.832
pry,sex_t,geo_cov_nat,mts_aggregate_total,2017,1436.737
pry,sex_t,geo_cov_nat,mts_aggregate_total,2018,1382.307
pry,sex_t,geo_cov_nat,mts_aggregate_total,2019,1382.42
pry,sex_t,geo_cov_nat,mts_aggregate_total,2020,1524.445
pry,sex_t,geo_cov_nat,mts_aggregate_total,2021,1459.055
pry,sex_t,geo_cov_nat,mts_aggregate_x,1998,0.175
pry,sex_t,geo_cov_nat,mts_aggregate_x,2002,0.256
pry,sex_t,geo_cov_nat,mts_aggregate_x,2020,1170.845
pry,sex_t,geo_cov_nat,mts_aggregate_x,2021,370.782
pry,sex_t,geo_cov_nat,mts_details_mrd,1998,378.344
pry,sex_t,geo_cov_nat,mts_details_mrd,1999,384.215
pry,sex_t,geo_cov_nat,mts_details_mrd,2001,367.824
pry,sex_t,geo_cov_nat,mts_details_mrd,2002,387.754
pry,sex_t,geo_cov_nat,mts_details_mrd,2003,394.196
pry,sex_t,geo_cov_nat,mts_details_mrd,2004,305.474
pry,sex_t,geo_cov_nat,mts_details_mrd,2005,352.838
pry,sex_t,geo_cov_nat,mts_details_mrd,2006,407.686
pry,sex_t,geo_cov_nat,mts_details_mrd,2007,400.899
pry,sex_t,geo_cov_nat,mts_details_mrd,2008,386.055
pry,sex_t,geo_cov_nat,mts_details_mrd,2009,435.937
pry,sex_t,geo_cov_nat,mts_details_mrd,2010,440.713
pry,sex_t,geo_cov_nat,mts_details_mrd,2011,466.318
pry,sex_t,geo_cov_nat,mts_details_mrd,2012,356.709
pry,sex_t,geo_cov_nat,mts_details_mrd,2013,442.832
pry,sex_t,geo_cov_nat,mts_details_mrd,2014,473.672
pry,sex_t,geo_cov_nat,mts_details_mrd,2015,449.101
pry,sex_t,geo_cov_nat,mts_details_mrd,2016,404.075
pry,sex_t,geo_cov_nat,mts_details_mrd,2017,385.656
pry,sex_t,geo_cov_nat,mts_details_mrd,2018,371.89
pry,sex_t,geo_cov_nat,mts_details_mrd,2019,372.846
pry,sex_t,geo_cov_nat,mts_details_mrd,2020,91.488
pry,sex_t,geo_cov_nat,mts_details_mrd,2021,286.619
pry,sex_t,geo_cov_nat,mts_details_sep,1998,17.078
pry,sex_t,geo_cov_nat,mts_details_sep,1999,20.091
pry,sex_t,geo_cov_nat,mts_details_sep,2001,19.571
pry,sex_t,geo_cov_nat,mts_details_sep,2002,21.434
pry,sex_t,geo_cov_nat,mts_details_sep,2003,27.57
pry,sex_t,geo_cov_nat,mts_details_sep,2004,21.888
pry,sex_t,geo_cov_nat,mts_details_sep,2005,19.1
pry,sex_t,geo_cov_nat,mts_details_sep,2006,23.025
pry,sex_t,geo_cov_nat,mts_details_sep,2007,21.696
pry,sex_t,geo_cov_nat,mts_details_sep,2008,26.263
pry,sex_t,geo_cov_nat,mts_details_sep,2009,35.166
pry,sex_t,geo_cov_nat,mts_details_sep,2010,32.824
pry,sex_t,geo_cov_nat,mts_details_sep,2011,35.373
pry,sex_t,geo_cov_nat,mts_details_sep,2012,36.283
pry,sex_t,geo_cov_nat,mts_details_sep,2013,46.16
pry,sex_t,geo_cov_nat,mts_details_sep,2014,39.043
pry,sex_t,geo_cov_nat,mts_details_sep,2015,52.61
pry,sex_t,geo_cov_nat,mts_details_sep,2016,30.037
pry,sex_t,geo_cov_nat,mts_details_sep,2017,47.195
pry,sex_t,geo_cov_nat,mts_details_sep,2018,40.414
pry,sex_t,geo_cov_nat,mts_details_sep,2019,35.287
pry,sex_t,geo_cov_nat,mts_details_sep,2020,10.478
pry,sex_t,geo_cov_nat,mts_details_sep,2021,26.297
pry,sex_t,geo_cov_nat,mts_details_sgle,1998,363.473
pry,sex_t,geo_cov_nat,mts_details_sgle,1999,441.009
pry,sex_t,geo_cov_nat,mts_details_sgle,2001,444.818
pry,sex_t,geo_cov_nat,mts_details_sgle,2002,406.922
pry,sex_t,geo_cov_nat,mts_details_sgle,2003,476.426
pry,sex_t,geo_cov_nat,mts_details_sgle,2004,454.573
pry,sex_t,geo_cov_nat,mts_details_sgle,2005,476.153
pry,sex_t,geo_cov_nat,mts_details_sgle,2006,520.665
pry,sex_t,geo_cov_nat,mts_details_sgle,2007,542.524
pry,sex_t,geo_cov_nat,mts_details_sgle,2008,500.352
pry,sex_t,geo_cov_nat,mts_details_sgle,2009,530.129
pry,sex_t,geo_cov_nat,mts_details_sgle,2010,577.646
pry,sex_t,geo_cov_nat,mts_details_sgle,2011,633.458
pry,sex_t,geo_cov_nat,mts_details_sgle,2012,597.363
pry,sex_t,geo_cov_nat,mts_details_sgle,2013,617.918
pry,sex_t,geo_cov_nat,mts_details_sgle,2014,683.349
pry,sex_t,geo_cov_nat,mts_details_sgle,2015,698.947
pry,sex_t,geo_cov_nat,mts_details_sgle,2016,595.38
pry,sex_t,geo_cov_nat,mts_details_sgle,2017,626.036
pry,sex_t,geo_cov_nat,mts_details_sgle,2018,589.782
pry,sex_t,geo_cov_nat,mts_details_sgle,2019,596.604
pry,sex_t,geo_cov_nat,mts_details_sgle,2020,154.232
pry,sex_t,geo_cov_nat,mts_details_sgle,2021,469.417
pry,sex_t,geo_cov_nat,mts_details_total,1998,976.447
pry,sex_t,geo_cov_nat,mts_details_total,1999,1055.79
pry,sex_t,geo_cov_nat,mts_details_total,2001,1043.188
pry,sex_t,geo_cov_nat,mts_details_total,2002,1052.268
pry,sex_t,geo_cov_nat,mts_details_total,2003,1133.011
pry,sex_t,geo_cov_nat,mts_details_total,2004,1024.424
pry,sex_t,geo_cov_nat,mts_details_total,2005,1094.653
pry,sex_t,geo_cov_nat,mts_details_total,2006,1250.844
pry,sex_t,geo_cov_nat,mts_details_total,2007,1215.745
pry,sex_t,geo_cov_nat,mts_details_total,2008,1202.818
pry,sex_t,geo_cov_nat,mts_details_total,2009,1303.955
pry,sex_t,geo_cov_nat,mts_details_total,2010,1401.472
pry,sex_t,geo_cov_nat,mts_details_total,2011,1462.547
pry,sex_t,geo_cov_nat,mts_details_total,2012,1324.41
pry,sex_t,geo_cov_nat,mts_details_total,2013,1440.911
pry,sex_t,geo_cov_nat,mts_details_total,2014,1578.513
pry,sex_t,geo_cov_nat,mts_details_total,2015,1609.436
pry,sex_t,geo_cov_nat,mts_details_total,2016,1414.832
pry,sex_t,geo_cov_nat,mts_details_total,2017,1436.737
pry,sex_t,geo_cov_nat,mts_details_total,2018,1382.307
pry,sex_t,geo_cov_nat,mts_details_total,2019,1382.42
pry,sex_t,geo_cov_nat,mts_details_total,2020,1524.445
pry,sex_t,geo_cov_nat,mts_details_total,2021,1459.055
pry,sex_t,geo_cov_nat,mts_details_union,1998,144.706
pry,sex_t,geo_cov_nat,mts_details_union,1999,142.139
pry,sex_t,geo_cov_nat,mts_details_union,2001,128.635
pry,sex_t,geo_cov_nat,mts_details_union,2002,163.414
pry,sex_t,geo_cov_nat,mts_details_union,2003,151.403
pry,sex_t,geo_cov_nat,mts_details_union,2004,164.06
pry,sex_t,geo_cov_nat,mts_details_union,2005,153.507
pry,sex_t,geo_cov_nat,mts_details_union,2006,195.725
pry,sex_t,geo_cov_nat,mts_details_union,2007,166.047
pry,sex_t,geo_cov_nat,mts_details_union,2008,198.882
pry,sex_t,geo_cov_nat,mts_details_union,2009,187.814
pry,sex_t,geo_cov_nat,mts_details_union,2010,233.731
pry,sex_t,geo_cov_nat,mts_details_union,2011,212.131
pry,sex_t,geo_cov_nat,mts_details_union,2012,226.196
pry,sex_t,geo_cov_nat,mts_details_union,2013,210.57
pry,sex_t,geo_cov_nat,mts_details_union,2014,239.477
pry,sex_t,geo_cov_nat,mts_details_union,2015,264.856
pry,sex_t,geo_cov_nat,mts_details_union,2016,277.915
pry,sex_t,geo_cov_nat,mts_details_union,2017,274.402
pry,sex_t,geo_cov_nat,mts_details_union,2018,272.457
pry,sex_t,geo_cov_nat,mts_details_union,2019,264.627
pry,sex_t,geo_cov_nat,mts_details_union,2020,67.435
pry,sex_t,geo_cov_nat,mts_details_union,2021,215.612
pry,sex_t,geo_cov_nat,mts_details_wid,1998,72.671
pry,sex_t,geo_cov_nat,mts_details_wid,1999,68.336
pry,sex_t,geo_cov_nat,mts_details_wid,2001,82.34
pry,sex_t,geo_cov_nat,mts_details_wid,2002,72.488
pry,sex_t,geo_cov_nat,mts_details_wid,2003,83.416
pry,sex_t,geo_cov_nat,mts_details_wid,2004,78.206
pry,sex_t,geo_cov_nat,mts_details_wid,2005,93.055
pry,sex_t,geo_cov_nat,mts_details_wid,2006,103.743
pry,sex_t,geo_cov_nat,mts_details_wid,2007,84.579
pry,sex_t,geo_cov_nat,mts_details_wid,2008,91.266
pry,sex_t,geo_cov_nat,mts_details_wid,2009,114.909
pry,sex_t,geo_cov_nat,mts_details_wid,2010,116.558
pry,sex_t,geo_cov_nat,mts_details_wid,2011,115.267
pry,sex_t,geo_cov_nat,mts_details_wid,2012,107.699
pry,sex_t,geo_cov_nat,mts_details_wid,2013,123.164
pry,sex_t,geo_cov_nat,mts_details_wid,2014,142.972
pry,sex_t,geo_cov_nat,mts_details_wid,2015,143.922
pry,sex_t,geo_cov_nat,mts_details_wid,2016,107.425
pry,sex_t,geo_cov_nat,mts_details_wid,2017,103.448
pry,sex_t,geo_cov_nat,mts_details_wid,2018,107.765
pry,sex_t,geo_cov_nat,mts_details_wid,2019,113.057
pry,sex_t,geo_cov_nat,mts_details_wid,2020,29.968
pry,sex_t,geo_cov_nat,mts_details_wid,2021,90.329
pry,sex_t,geo_cov_nat,mts_details_x,1998,0.175
pry,sex_t,geo_cov_nat,mts_details_x,2002,0.256
pry,sex_t,geo_cov_nat,mts_details_x,2020,1170.845
pry,sex_t,geo_cov_nat,mts_details_x,2021,370.782
pry,sex_t,geo_cov_rur,mts_aggregate_1,1998,189.311
pry,sex_t,geo_cov_rur,mts_aggregate_1,1999,220.911
pry,sex_t,geo_cov_rur,mts_aggregate_1,2001,191.909
pry,sex_t,geo_cov_rur,mts_aggregate_1,2002,182.375
pry,sex_t,geo_cov_rur,mts_aggregate_1,2003,222.862
pry,sex_t,geo_cov_rur,mts_aggregate_1,2004,195.877
pry,sex_t,geo_cov_rur,mts_aggregate_1,2005,210.554
pry,sex_t,geo_cov_rur,mts_aggregate_1,2006,217.923
pry,sex_t,geo_cov_rur,mts_aggregate_1,2007,231.738
pry,sex_t,geo_cov_rur,mts_aggregate_1,2008,222.761
pry,sex_t,geo_cov_rur,mts_aggregate_1,2009,235.007
pry,sex_t,geo_cov_rur,mts_aggregate_1,2010,253.569
pry,sex_t,geo_cov_rur,mts_aggregate_1,2011,278.671
pry,sex_t,geo_cov_rur,mts_aggregate_1,2012,256.438
pry,sex_t,geo_cov_rur,mts_aggregate_1,2013,263.346
pry,sex_t,geo_cov_rur,mts_aggregate_1,2014,284.411
pry,sex_t,geo_cov_rur,mts_aggregate_1,2015,299.183
pry,sex_t,geo_cov_rur,mts_aggregate_1,2016,248.238
pry,sex_t,geo_cov_rur,mts_aggregate_1,2017,255.278
pry,sex_t,geo_cov_rur,mts_aggregate_1,2018,235.933
pry,sex_t,geo_cov_rur,mts_aggregate_1,2019,245.046
pry,sex_t,geo_cov_rur,mts_aggregate_1,2020,64.189
pry,sex_t,geo_cov_rur,mts_aggregate_1,2021,186.317
pry,sex_t,geo_cov_rur,mts_aggregate_2,1998,271.83
pry,sex_t,geo_cov_rur,mts_aggregate_2,1999,249.899
pry,sex_t,geo_cov_rur,mts_aggregate_2,2001,222.063
pry,sex_t,geo_cov_rur,mts_aggregate_2,2002,239.741
pry,sex_t,geo_cov_rur,mts_aggregate_2,2003,228.921
pry,sex_t,geo_cov_rur,mts_aggregate_2,2004,201.578
pry,sex_t,geo_cov_rur,mts_aggregate_2,2005,213.307
pry,sex_t,geo_cov_rur,mts_aggregate_2,2006,245.212
pry,sex_t,geo_cov_rur,mts_aggregate_2,2007,217.51
pry,sex_t,geo_cov_rur,mts_aggregate_2,2008,250.57
pry,sex_t,geo_cov_rur,mts_aggregate_2,2009,250.938
pry,sex_t,geo_cov_rur,mts_aggregate_2,2010,277.934
pry,sex_t,geo_cov_rur,mts_aggregate_2,2011,261.037
pry,sex_t,geo_cov_rur,mts_aggregate_2,2012,219.285
pry,sex_t,geo_cov_rur,mts_aggregate_2,2013,274.063
pry,sex_t,geo_cov_rur,mts_aggregate_2,2014,303.111
pry,sex_t,geo_cov_rur,mts_aggregate_2,2015,291.075
pry,sex_t,geo_cov_rur,mts_aggregate_2,2016,283.505
pry,sex_t,geo_cov_rur,mts_aggregate_2,2017,283.187
pry,sex_t,geo_cov_rur,mts_aggregate_2,2018,265.499
pry,sex_t,geo_cov_rur,mts_aggregate_2,2019,258.603
pry,sex_t,geo_cov_rur,mts_aggregate_2,2020,58.387
pry,sex_t,geo_cov_rur,mts_aggregate_2,2021,197.037
pry,sex_t,geo_cov_rur,mts_aggregate_total,1998,461.141
pry,sex_t,geo_cov_rur,mts_aggregate_total,1999,470.81
pry,sex_t,geo_cov_rur,mts_aggregate_total,2001,413.972
pry,sex_t,geo_cov_rur,mts_aggregate_total,2002,422.116
pry,sex_t,geo_cov_rur,mts_aggregate_total,2003,451.783
pry,sex_t,geo_cov_rur,mts_aggregate_total,2004,397.678
pry,sex_t,geo_cov_rur,mts_aggregate_total,2005,423.861
pry,sex_t,geo_cov_rur,mts_aggregate_total,2006,463.135
pry,sex_t,geo_cov_rur,mts_aggregate_total,2007,449.248
pry,sex_t,geo_cov_rur,mts_aggregate_total,2008,473.331
pry,sex_t,geo_cov_rur,mts_aggregate_total,2009,485.945
pry,sex_t,geo_cov_rur,mts_aggregate_total,2010,531.503
pry,sex_t,geo_cov_rur,mts_aggregate_total,2011,539.708
pry,sex_t,geo_cov_rur,mts_aggregate_total,2012,475.723
pry,sex_t,geo_cov_rur,mts_aggregate_total,2013,537.409
pry,sex_t,geo_cov_rur,mts_aggregate_total,2014,587.522
pry,sex_t,geo_cov_rur,mts_aggregate_total,2015,590.258
pry,sex_t,geo_cov_rur,mts_aggregate_total,2016,531.743
pry,sex_t,geo_cov_rur,mts_aggregate_total,2017,538.465
pry,sex_t,geo_cov_rur,mts_aggregate_total,2018,501.431
pry,sex_t,geo_cov_rur,mts_aggregate_total,2019,503.649
pry,sex_t,geo_cov_rur,mts_aggregate_total,2020,537.07
pry,sex_t,geo_cov_rur,mts_aggregate_total,2021,512.04
pry,sex_t,geo_cov_rur,mts_aggregate_x,2020,414.495
pry,sex_t,geo_cov_rur,mts_aggregate_x,2021,128.687
pry,sex_t,geo_cov_rur,mts_details_mrd,1998,201.575
pry,sex_t,geo_cov_rur,mts_details_mrd,1999,184.615
pry,sex_t,geo_cov_rur,mts_details_mrd,2001,162.477
pry,sex_t,geo_cov_rur,mts_details_mrd,2002,170.4
pry,sex_t,geo_cov_rur,mts_details_mrd,2003,159.633
pry,sex_t,geo_cov_rur,mts_details_mrd,2004,129.472
pry,sex_t,geo_cov_rur,mts_details_mrd,2005,143.895
pry,sex_t,geo_cov_rur,mts_details_mrd,2006,162.005
pry,sex_t,geo_cov_rur,mts_details_mrd,2007,149.41
pry,sex_t,geo_cov_rur,mts_details_mrd,2008,154.67
pry,sex_t,geo_cov_rur,mts_details_mrd,2009,175.65
pry,sex_t,geo_cov_rur,mts_details_mrd,2010,162.183
pry,sex_t,geo_cov_rur,mts_details_mrd,2011,168.527
pry,sex_t,geo_cov_rur,mts_details_mrd,2012,122.903
pry,sex_t,geo_cov_rur,mts_details_mrd,2013,179.346
pry,sex_t,geo_cov_rur,mts_details_mrd,2014,199.734
pry,sex_t,geo_cov_rur,mts_details_mrd,2015,168.78
pry,sex_t,geo_cov_rur,mts_details_mrd,2016,160.258
pry,sex_t,geo_cov_rur,mts_details_mrd,2017,153.453
pry,sex_t,geo_cov_rur,mts_details_mrd,2018,142.064
pry,sex_t,geo_cov_rur,mts_details_mrd,2019,140.285
pry,sex_t,geo_cov_rur,mts_details_mrd,2020,29.468
pry,sex_t,geo_cov_rur,mts_details_mrd,2021,106.234
pry,sex_t,geo_cov_rur,mts_details_sep,1998,5.675
pry,sex_t,geo_cov_rur,mts_details_sep,1999,4.986
pry,sex_t,geo_cov_rur,mts_details_sep,2001,6.235
pry,sex_t,geo_cov_rur,mts_details_sep,2002,5.211
pry,sex_t,geo_cov_rur,mts_details_sep,2003,6.115
pry,sex_t,geo_cov_rur,mts_details_sep,2004,4.379
pry,sex_t,geo_cov_rur,mts_details_sep,2005,5.247
pry,sex_t,geo_cov_rur,mts_details_sep,2006,6.857
pry,sex_t,geo_cov_rur,mts_details_sep,2007,5.776
pry,sex_t,geo_cov_rur,mts_details_sep,2008,8.617
pry,sex_t,geo_cov_rur,mts_details_sep,2009,11.543
pry,sex_t,geo_cov_rur,mts_details_sep,2010,7.212
pry,sex_t,geo_cov_rur,mts_details_sep,2011,5.905
pry,sex_t,geo_cov_rur,mts_details_sep,2012,9.41
pry,sex_t,geo_cov_rur,mts_details_sep,2013,12.616
pry,sex_t,geo_cov_rur,mts_details_sep,2014,6.978
pry,sex_t,geo_cov_rur,mts_details_sep,2015,15.077
pry,sex_t,geo_cov_rur,mts_details_sep,2016,7.696
pry,sex_t,geo_cov_rur,mts_details_sep,2017,10.582
pry,sex_t,geo_cov_rur,mts_details_sep,2018,10.664
pry,sex_t,geo_cov_rur,mts_details_sep,2019,12.113
pry,sex_t,geo_cov_rur,mts_details_sep,2020,2.32
pry,sex_t,geo_cov_rur,mts_details_sep,2021,5.457
pry,sex_t,geo_cov_rur,mts_details_sgle,1998,156.057
pry,sex_t,geo_cov_rur,mts_details_sgle,1999,191.586
pry,sex_t,geo_cov_rur,mts_details_sgle,2001,158.262
pry,sex_t,geo_cov_rur,mts_details_sgle,2002,149.591
pry,sex_t,geo_cov_rur,mts_details_sgle,2003,185.207
pry,sex_t,geo_cov_rur,mts_details_sgle,2004,164.501
pry,sex_t,geo_cov_rur,mts_details_sgle,2005,173.616
pry,sex_t,geo_cov_rur,mts_details_sgle,2006,173.704
pry,sex_t,geo_cov_rur,mts_details_sgle,2007,195.478
pry,sex_t,geo_cov_rur,mts_details_sgle,2008,182.324
pry,sex_t,geo_cov_rur,mts_details_sgle,2009,187.204
pry,sex_t,geo_cov_rur,mts_details_sgle,2010,203.895
pry,sex_t,geo_cov_rur,mts_details_sgle,2011,231.433
pry,sex_t,geo_cov_rur,mts_details_sgle,2012,209.909
pry,sex_t,geo_cov_rur,mts_details_sgle,2013,215.591
pry,sex_t,geo_cov_rur,mts_details_sgle,2014,230.387
pry,sex_t,geo_cov_rur,mts_details_sgle,2015,234.501
pry,sex_t,geo_cov_rur,mts_details_sgle,2016,202.797
pry,sex_t,geo_cov_rur,mts_details_sgle,2017,209.128
pry,sex_t,geo_cov_rur,mts_details_sgle,2018,190.247
pry,sex_t,geo_cov_rur,mts_details_sgle,2019,200
pry,sex_t,geo_cov_rur,mts_details_sgle,2020,51.865
pry,sex_t,geo_cov_rur,mts_details_sgle,2021,153.748
pry,sex_t,geo_cov_rur,mts_details_total,1998,461.141
pry,sex_t,geo_cov_rur,mts_details_total,1999,470.81
pry,sex_t,geo_cov_rur,mts_details_total,2001,413.972
pry,sex_t,geo_cov_rur,mts_details_total,2002,422.116
pry,sex_t,geo_cov_rur,mts_details_total,2003,451.783
pry,sex_t,geo_cov_rur,mts_details_total,2004,397.678
pry,sex_t,geo_cov_rur,mts_details_total,2005,423.861
pry,sex_t,geo_cov_rur,mts_details_total,2006,463.135
pry,sex_t,geo_cov_rur,mts_details_total,2007,449.248
pry,sex_t,geo_cov_rur,mts_details_total,2008,473.331
pry,sex_t,geo_cov_rur,mts_details_total,2009,485.945
pry,sex_t,geo_cov_rur,mts_details_total,2010,531.503
pry,sex_t,geo_cov_rur,mts_details_total,2011,539.708
pry,sex_t,geo_cov_rur,mts_details_total,2012,475.723
pry,sex_t,geo_cov_rur,mts_details_total,2013,537.409
pry,sex_t,geo_cov_rur,mts_details_total,2014,587.522
pry,sex_t,geo_cov_rur,mts_details_total,2015,590.258
pry,sex_t,geo_cov_rur,mts_details_total,2016,531.743
pry,sex_t,geo_cov_rur,mts_details_total,2017,538.465
pry,sex_t,geo_cov_rur,mts_details_total,2018,501.431
pry,sex_t,geo_cov_rur,mts_details_total,2019,503.649
pry,sex_t,geo_cov_rur,mts_details_total,2020,537.07
pry,sex_t,geo_cov_rur,mts_details_total,2021,512.04
pry,sex_t,geo_cov_rur,mts_details_union,1998,70.255
pry,sex_t,geo_cov_rur,mts_details_union,1999,65.284
pry,sex_t,geo_cov_rur,mts_details_union,2001,59.586
pry,sex_t,geo_cov_rur,mts_details_union,2002,69.341
pry,sex_t,geo_cov_rur,mts_details_union,2003,69.288
pry,sex_t,geo_cov_rur,mts_details_union,2004,72.106
pry,sex_t,geo_cov_rur,mts_details_union,2005,69.412
pry,sex_t,geo_cov_rur,mts_details_union,2006,83.207
pry,sex_t,geo_cov_rur,mts_details_union,2007,68.1
pry,sex_t,geo_cov_rur,mts_details_union,2008,95.9
pry,sex_t,geo_cov_rur,mts_details_union,2009,75.288
pry,sex_t,geo_cov_rur,mts_details_union,2010,115.751
pry,sex_t,geo_cov_rur,mts_details_union,2011,92.51
pry,sex_t,geo_cov_rur,mts_details_union,2012,96.382
pry,sex_t,geo_cov_rur,mts_details_union,2013,94.717
pry,sex_t,geo_cov_rur,mts_details_union,2014,103.377
pry,sex_t,geo_cov_rur,mts_details_union,2015,122.295
pry,sex_t,geo_cov_rur,mts_details_union,2016,123.247
pry,sex_t,geo_cov_rur,mts_details_union,2017,129.734
pry,sex_t,geo_cov_rur,mts_details_union,2018,123.435
pry,sex_t,geo_cov_rur,mts_details_union,2019,118.318
pry,sex_t,geo_cov_rur,mts_details_union,2020,28.919
pry,sex_t,geo_cov_rur,mts_details_union,2021,90.803
pry,sex_t,geo_cov_rur,mts_details_wid,1998,27.579
pry,sex_t,geo_cov_rur,mts_details_wid,1999,24.339
pry,sex_t,geo_cov_rur,mts_details_wid,2001,27.412
pry,sex_t,geo_cov_rur,mts_details_wid,2002,27.573
pry,sex_t,geo_cov_rur,mts_details_wid,2003,31.54
pry,sex_t,geo_cov_rur,mts_details_wid,2004,26.997
pry,sex_t,geo_cov_rur,mts_details_wid,2005,31.691
pry,sex_t,geo_cov_rur,mts_details_wid,2006,37.362
pry,sex_t,geo_cov_rur,mts_details_wid,2007,30.484
pry,sex_t,geo_cov_rur,mts_details_wid,2008,31.82
pry,sex_t,geo_cov_rur,mts_details_wid,2009,36.26
pry,sex_t,geo_cov_rur,mts_details_wid,2010,42.462
pry,sex_t,geo_cov_rur,mts_details_wid,2011,41.333
pry,sex_t,geo_cov_rur,mts_details_wid,2012,37.119
pry,sex_t,geo_cov_rur,mts_details_wid,2013,35.139
pry,sex_t,geo_cov_rur,mts_details_wid,2014,47.046
pry,sex_t,geo_cov_rur,mts_details_wid,2015,49.605
pry,sex_t,geo_cov_rur,mts_details_wid,2016,37.745
pry,sex_t,geo_cov_rur,mts_details_wid,2017,35.568
pry,sex_t,geo_cov_rur,mts_details_wid,2018,35.021
pry,sex_t,geo_cov_rur,mts_details_wid,2019,32.933
pry,sex_t,geo_cov_rur,mts_details_wid,2020,10.004
pry,sex_t,geo_cov_rur,mts_details_wid,2021,27.112
pry,sex_t,geo_cov_rur,mts_details_x,2020,414.495
pry,sex_t,geo_cov_rur,mts_details_x,2021,128.687
pry,sex_t,geo_cov_urb,mts_aggregate_1,1998,263.911
pry,sex_t,geo_cov_urb,mts_aggregate_1,1999,308.525
pry,sex_t,geo_cov_urb,mts_aggregate_1,2001,354.82
pry,sex_t,geo_cov_urb,mts_aggregate_1,2002,318.469
pry,sex_t,geo_cov_urb,mts_aggregate_1,2003,364.55
pry,sex_t,geo_cov_urb,mts_aggregate_1,2004,358.79
pry,sex_t,geo_cov_urb,mts_aggregate_1,2005,377.754
pry,sex_t,geo_cov_urb,mts_aggregate_1,2006,429.51
pry,sex_t,geo_cov_urb,mts_aggregate_1,2007,417.061
pry,sex_t,geo_cov_urb,mts_aggregate_1,2008,395.12
pry,sex_t,geo_cov_urb,mts_aggregate_1,2009,445.197
pry,sex_t,geo_cov_urb,mts_aggregate_1,2010,473.459
pry,sex_t,geo_cov_urb,mts_aggregate_1,2011,505.427
pry,sex_t,geo_cov_urb,mts_aggregate_1,2012,484.907
pry,sex_t,geo_cov_urb,mts_aggregate_1,2013,523.896
pry,sex_t,geo_cov_urb,mts_aggregate_1,2014,580.953
pry,sex_t,geo_cov_urb,mts_aggregate_1,2015,596.296
pry,sex_t,geo_cov_urb,mts_aggregate_1,2016,484.604
pry,sex_t,geo_cov_urb,mts_aggregate_1,2017,521.401
pry,sex_t,geo_cov_urb,mts_aggregate_1,2018,502.028
pry,sex_t,geo_cov_urb,mts_aggregate_1,2019,499.901
pry,sex_t,geo_cov_urb,mts_aggregate_1,2020,130.489
pry,sex_t,geo_cov_urb,mts_aggregate_1,2021,399.726
pry,sex_t,geo_cov_urb,mts_aggregate_2,1998,251.22
pry,sex_t,geo_cov_urb,mts_aggregate_2,1999,276.455
pry,sex_t,geo_cov_urb,mts_aggregate_2,2001,274.396
pry,sex_t,geo_cov_urb,mts_aggregate_2,2002,311.427
pry,sex_t,geo_cov_urb,mts_aggregate_2,2003,316.678
pry,sex_t,geo_cov_urb,mts_aggregate_2,2004,267.956
pry,sex_t,geo_cov_urb,mts_aggregate_2,2005,293.038
pry,sex_t,geo_cov_urb,mts_aggregate_2,2006,358.199
pry,sex_t,geo_cov_urb,mts_aggregate_2,2007,349.436
pry,sex_t,geo_cov_urb,mts_aggregate_2,2008,334.367
pry,sex_t,geo_cov_urb,mts_aggregate_2,2009,372.813
pry,sex_t,geo_cov_urb,mts_aggregate_2,2010,396.51
pry,sex_t,geo_cov_urb,mts_aggregate_2,2011,417.412
pry,sex_t,geo_cov_urb,mts_aggregate_2,2012,363.62
pry,sex_t,geo_cov_urb,mts_aggregate_2,2013,379.339
pry,sex_t,geo_cov_urb,mts_aggregate_2,2014,410.038
pry,sex_t,geo_cov_urb,mts_aggregate_2,2015,422.882
pry,sex_t,geo_cov_urb,mts_aggregate_2,2016,398.485
pry,sex_t,geo_cov_urb,mts_aggregate_2,2017,376.871
pry,sex_t,geo_cov_urb,mts_aggregate_2,2018,378.848
pry,sex_t,geo_cov_urb,mts_aggregate_2,2019,378.87
pry,sex_t,geo_cov_urb,mts_aggregate_2,2020,100.536
pry,sex_t,geo_cov_urb,mts_aggregate_2,2021,305.194
pry,sex_t,geo_cov_urb,mts_aggregate_total,1998,515.306
pry,sex_t,geo_cov_urb,mts_aggregate_total,1999,584.98
pry,sex_t,geo_cov_urb,mts_aggregate_total,2001,629.216
pry,sex_t,geo_cov_urb,mts_aggregate_total,2002,630.152
pry,sex_t,geo_cov_urb,mts_aggregate_total,2003,681.228
pry,sex_t,geo_cov_urb,mts_aggregate_total,2004,626.746
pry,sex_t,geo_cov_urb,mts_aggregate_total,2005,670.792
pry,sex_t,geo_cov_urb,mts_aggregate_total,2006,787.709
pry,sex_t,geo_cov_urb,mts_aggregate_total,2007,766.497
pry,sex_t,geo_cov_urb,mts_aggregate_total,2008,729.487
pry,sex_t,geo_cov_urb,mts_aggregate_total,2009,818.01
pry,sex_t,geo_cov_urb,mts_aggregate_total,2010,869.969
pry,sex_t,geo_cov_urb,mts_aggregate_total,2011,922.839
pry,sex_t,geo_cov_urb,mts_aggregate_total,2012,848.687
pry,sex_t,geo_cov_urb,mts_aggregate_total,2013,903.502
pry,sex_t,geo_cov_urb,mts_aggregate_total,2014,990.991
pry,sex_t,geo_cov_urb,mts_aggregate_total,2015,1019.178
pry,sex_t,geo_cov_urb,mts_aggregate_total,2016,883.089
pry,sex_t,geo_cov_urb,mts_aggregate_total,2017,898.272
pry,sex_t,geo_cov_urb,mts_aggregate_total,2018,880.876
pry,sex_t,geo_cov_urb,mts_aggregate_total,2019,878.771
pry,sex_t,geo_cov_urb,mts_aggregate_total,2020,987.376
pry,sex_t,geo_cov_urb,mts_aggregate_total,2021,947.015
pry,sex_t,geo_cov_urb,mts_aggregate_x,1998,0.175
pry,sex_t,geo_cov_urb,mts_aggregate_x,2002,0.256
pry,sex_t,geo_cov_urb,mts_aggregate_x,2020,756.351
pry,sex_t,geo_cov_urb,mts_aggregate_x,2021,242.096
pry,sex_t,geo_cov_urb,mts_details_mrd,1998,176.769
pry,sex_t,geo_cov_urb,mts_details_mrd,1999,199.6
pry,sex_t,geo_cov_urb,mts_details_mrd,2001,205.347
pry,sex_t,geo_cov_urb,mts_details_mrd,2002,217.354
pry,sex_t,geo_cov_urb,mts_details_mrd,2003,234.563
pry,sex_t,geo_cov_urb,mts_details_mrd,2004,176.002
pry,sex_t,geo_cov_urb,mts_details_mrd,2005,208.943
pry,sex_t,geo_cov_urb,mts_details_mrd,2006,245.681
pry,sex_t,geo_cov_urb,mts_details_mrd,2007,251.489
pry,sex_t,geo_cov_urb,mts_details_mrd,2008,231.385
pry,sex_t,geo_cov_urb,mts_details_mrd,2009,260.287
pry,sex_t,geo_cov_urb,mts_details_mrd,2010,278.53
pry,sex_t,geo_cov_urb,mts_details_mrd,2011,297.791
pry,sex_t,geo_cov_urb,mts_details_mrd,2012,233.806
pry,sex_t,geo_cov_urb,mts_details_mrd,2013,263.486
pry,sex_t,geo_cov_urb,mts_details_mrd,2014,273.938
pry,sex_t,geo_cov_urb,mts_details_mrd,2015,280.321
pry,sex_t,geo_cov_urb,mts_details_mrd,2016,243.817
pry,sex_t,geo_cov_urb,mts_details_mrd,2017,232.203
pry,sex_t,geo_cov_urb,mts_details_mrd,2018,229.826
pry,sex_t,geo_cov_urb,mts_details_mrd,2019,232.561
pry,sex_t,geo_cov_urb,mts_details_mrd,2020,62.02
pry,sex_t,geo_cov_urb,mts_details_mrd,2021,180.385
pry,sex_t,geo_cov_urb,mts_details_sep,1998,11.403
pry,sex_t,geo_cov_urb,mts_details_sep,1999,15.105
pry,sex_t,geo_cov_urb,mts_details_sep,2001,13.336
pry,sex_t,geo_cov_urb,mts_details_sep,2002,16.223
pry,sex_t,geo_cov_urb,mts_details_sep,2003,21.455
pry,sex_t,geo_cov_urb,mts_details_sep,2004,17.509
pry,sex_t,geo_cov_urb,mts_details_sep,2005,13.853
pry,sex_t,geo_cov_urb,mts_details_sep,2006,16.168
pry,sex_t,geo_cov_urb,mts_details_sep,2007,15.92
pry,sex_t,geo_cov_urb,mts_details_sep,2008,17.646
pry,sex_t,geo_cov_urb,mts_details_sep,2009,23.623
pry,sex_t,geo_cov_urb,mts_details_sep,2010,25.612
pry,sex_t,geo_cov_urb,mts_details_sep,2011,29.468
pry,sex_t,geo_cov_urb,mts_details_sep,2012,26.873
pry,sex_t,geo_cov_urb,mts_details_sep,2013,33.544
pry,sex_t,geo_cov_urb,mts_details_sep,2014,32.065
pry,sex_t,geo_cov_urb,mts_details_sep,2015,37.533
pry,sex_t,geo_cov_urb,mts_details_sep,2016,22.341
pry,sex_t,geo_cov_urb,mts_details_sep,2017,36.613
pry,sex_t,geo_cov_urb,mts_details_sep,2018,29.75
pry,sex_t,geo_cov_urb,mts_details_sep,2019,23.174
pry,sex_t,geo_cov_urb,mts_details_sep,2020,8.158
pry,sex_t,geo_cov_urb,mts_details_sep,2021,20.84
pry,sex_t,geo_cov_urb,mts_details_sgle,1998,207.416
pry,sex_t,geo_cov_urb,mts_details_sgle,1999,249.423
pry,sex_t,geo_cov_urb,mts_details_sgle,2001,286.556
pry,sex_t,geo_cov_urb,mts_details_sgle,2002,257.331
pry,sex_t,geo_cov_urb,mts_details_sgle,2003,291.219
pry,sex_t,geo_cov_urb,mts_details_sgle,2004,290.072
pry,sex_t,geo_cov_urb,mts_details_sgle,2005,302.537
pry,sex_t,geo_cov_urb,mts_details_sgle,2006,346.961
pry,sex_t,geo_cov_urb,mts_details_sgle,2007,347.046
pry,sex_t,geo_cov_urb,mts_details_sgle,2008,318.028
pry,sex_t,geo_cov_urb,mts_details_sgle,2009,342.925
pry,sex_t,geo_cov_urb,mts_details_sgle,2010,373.751
pry,sex_t,geo_cov_urb,mts_details_sgle,2011,402.025
pry,sex_t,geo_cov_urb,mts_details_sgle,2012,387.454
pry,sex_t,geo_cov_urb,mts_details_sgle,2013,402.327
pry,sex_t,geo_cov_urb,mts_details_sgle,2014,452.962
pry,sex_t,geo_cov_urb,mts_details_sgle,2015,464.446
pry,sex_t,geo_cov_urb,mts_details_sgle,2016,392.583
pry,sex_t,geo_cov_urb,mts_details_sgle,2017,416.908
pry,sex_t,geo_cov_urb,mts_details_sgle,2018,399.534
pry,sex_t,geo_cov_urb,mts_details_sgle,2019,396.603
pry,sex_t,geo_cov_urb,mts_details_sgle,2020,102.367
pry,sex_t,geo_cov_urb,mts_details_sgle,2021,315.669
pry,sex_t,geo_cov_urb,mts_details_total,1998,515.306
pry,sex_t,geo_cov_urb,mts_details_total,1999,584.98
pry,sex_t,geo_cov_urb,mts_details_total,2001,629.216
pry,sex_t,geo_cov_urb,mts_details_total,2002,630.152
pry,sex_t,geo_cov_urb,mts_details_total,2003,681.228
pry,sex_t,geo_cov_urb,mts_details_total,2004,626.746
pry,sex_t,geo_cov_urb,mts_details_total,2005,670.792
pry,sex_t,geo_cov_urb,mts_details_total,2006,787.709
pry,sex_t,geo_cov_urb,mts_details_total,2007,766.497
pry,sex_t,geo_cov_urb,mts_details_total,2008,729.487
pry,sex_t,geo_cov_urb,mts_details_total,2009,818.01
pry,sex_t,geo_cov_urb,mts_details_total,2010,869.969
pry,sex_t,geo_cov_urb,mts_details_total,2011,922.839
pry,sex_t,geo_cov_urb,mts_details_total,2012,848.687
pry,sex_t,geo_cov_urb,mts_details_total,2013,903.502
pry,sex_t,geo_cov_urb,mts_details_total,2014,990.991
pry,sex_t,geo_cov_urb,mts_details_total,2015,1019.178
pry,sex_t,geo_cov_urb,mts_details_total,2016,883.089
pry,sex_t,geo_cov_urb,mts_details_total,2017,898.272
pry,sex_t,geo_cov_urb,mts_details_total,2018,880.876
pry,sex_t,geo_cov_urb,mts_details_total,2019,878.771
pry,sex_t,geo_cov_urb,mts_details_total,2020,987.376
pry,sex_t,geo_cov_urb,mts_details_total,2021,947.015
pry,sex_t,geo_cov_urb,mts_details_union,1998,74.451
pry,sex_t,geo_cov_urb,mts_details_union,1999,76.855
pry,sex_t,geo_cov_urb,mts_details_union,2001,69.049
pry,sex_t,geo_cov_urb,mts_details_union,2002,94.073
pry,sex_t,geo_cov_urb,mts_details_union,2003,82.115
pry,sex_t,geo_cov_urb,mts_details_union,2004,91.954
pry,sex_t,geo_cov_urb,mts_details_union,2005,84.095
pry,sex_t,geo_cov_urb,mts_details_union,2006,112.518
pry,sex_t,geo_cov_urb,mts_details_union,2007,97.947
pry,sex_t,geo_cov_urb,mts_details_union,2008,102.982
pry,sex_t,geo_cov_urb,mts_details_union,2009,112.526
pry,sex_t,geo_cov_urb,mts_details_union,2010,117.98
pry,sex_t,geo_cov_urb,mts_details_union,2011,119.621
pry,sex_t,geo_cov_urb,mts_details_union,2012,129.814
pry,sex_t,geo_cov_urb,mts_details_union,2013,115.853
pry,sex_t,geo_cov_urb,mts_details_union,2014,136.1
pry,sex_t,geo_cov_urb,mts_details_union,2015,142.561
pry,sex_t,geo_cov_urb,mts_details_union,2016,154.668
pry,sex_t,geo_cov_urb,mts_details_union,2017,144.668
pry,sex_t,geo_cov_urb,mts_details_union,2018,149.022
pry,sex_t,geo_cov_urb,mts_details_union,2019,146.309
pry,sex_t,geo_cov_urb,mts_details_union,2020,38.516
pry,sex_t,geo_cov_urb,mts_details_union,2021,124.809
pry,sex_t,geo_cov_urb,mts_details_wid,1998,45.092
pry,sex_t,geo_cov_urb,mts_details_wid,1999,43.997
pry,sex_t,geo_cov_urb,mts_details_wid,2001,54.928
pry,sex_t,geo_cov_urb,mts_details_wid,2002,44.915
pry,sex_t,geo_cov_urb,mts_details_wid,2003,51.876
pry,sex_t,geo_cov_urb,mts_details_wid,2004,51.209
pry,sex_t,geo_cov_urb,mts_details_wid,2005,61.364
pry,sex_t,geo_cov_urb,mts_details_wid,2006,66.381
pry,sex_t,geo_cov_urb,mts_details_wid,2007,54.095
pry,sex_t,geo_cov_urb,mts_details_wid,2008,59.446
pry,sex_t,geo_cov_urb,mts_details_wid,2009,78.649
pry,sex_t,geo_cov_urb,mts_details_wid,2010,74.096
pry,sex_t,geo_cov_urb,mts_details_wid,2011,73.934
pry,sex_t,geo_cov_urb,mts_details_wid,2012,70.58
pry,sex_t,geo_cov_urb,mts_details_wid,2013,88.025
pry,sex_t,geo_cov_urb,mts_details_wid,2014,95.926
pry,sex_t,geo_cov_urb,mts_details_wid,2015,94.317
pry,sex_t,geo_cov_urb,mts_details_wid,2016,69.68
pry,sex_t,geo_cov_urb,mts_details_wid,2017,67.88
pry,sex_t,geo_cov_urb,mts_details_wid,2018,72.744
pry,sex_t,geo_cov_urb,mts_details_wid,2019,80.124
pry,sex_t,geo_cov_urb,mts_details_wid,2020,19.964
pry,sex_t,geo_cov_urb,mts_details_wid,2021,63.218
pry,sex_t,geo_cov_urb,mts_details_x,1998,0.175
pry,sex_t,geo_cov_urb,mts_details_x,2002,0.256
pry,sex_t,geo_cov_urb,mts_details_x,2020,756.351
pry,sex_t,geo_cov_urb,mts_details_x,2021,242.096
pse,sex_f,geo_cov_nat,mts_aggregate_1,2000,271.097
pse,sex_f,geo_cov_nat,mts_aggregate_1,2001,295.332
pse,sex_f,geo_cov_nat,mts_aggregate_1,2002,324.947
pse,sex_f,geo_cov_nat,mts_aggregate_1,2003,338.72
pse,sex_f,geo_cov_nat,mts_aggregate_1,2004,352.869
pse,sex_f,geo_cov_nat,mts_aggregate_1,2005,353.859
pse,sex_f,geo_cov_nat,mts_aggregate_1,2006,366.413
pse,sex_f,geo_cov_nat,mts_aggregate_1,2007,382.255
pse,sex_f,geo_cov_nat,mts_aggregate_1,2008,393.245
pse,sex_f,geo_cov_nat,mts_aggregate_1,2009,398.081
pse,sex_f,geo_cov_nat,mts_aggregate_1,2010,408.716
pse,sex_f,geo_cov_nat,mts_aggregate_1,2011,439.32
pse,sex_f,geo_cov_nat,mts_aggregate_1,2012,450.177
pse,sex_f,geo_cov_nat,mts_aggregate_1,2013,440.643
pse,sex_f,geo_cov_nat,mts_aggregate_1,2014,462.48
pse,sex_f,geo_cov_nat,mts_aggregate_1,2015,486.773
pse,sex_f,geo_cov_nat,mts_aggregate_1,2016,502.457
pse,sex_f,geo_cov_nat,mts_aggregate_1,2017,516.445
pse,sex_f,geo_cov_nat,mts_aggregate_1,2018,506.142
pse,sex_f,geo_cov_nat,mts_aggregate_1,2019,497.481
pse,sex_f,geo_cov_nat,mts_aggregate_1,2020,536.745
pse,sex_f,geo_cov_nat,mts_aggregate_1,2021,541.497
pse,sex_f,geo_cov_nat,mts_aggregate_2,2000,421.349
pse,sex_f,geo_cov_nat,mts_aggregate_2,2001,444.373
pse,sex_f,geo_cov_nat,mts_aggregate_2,2002,444.132
pse,sex_f,geo_cov_nat,mts_aggregate_2,2003,439.591
pse,sex_f,geo_cov_nat,mts_aggregate_2,2004,453.474
pse,sex_f,geo_cov_nat,mts_aggregate_2,2005,486.21
pse,sex_f,geo_cov_nat,mts_aggregate_2,2006,502.226
pse,sex_f,geo_cov_nat,mts_aggregate_2,2007,509.381
pse,sex_f,geo_cov_nat,mts_aggregate_2,2008,535.103
pse,sex_f,geo_cov_nat,mts_aggregate_2,2009,564.679
pse,sex_f,geo_cov_nat,mts_aggregate_2,2010,593.425
pse,sex_f,geo_cov_nat,mts_aggregate_2,2011,577.094
pse,sex_f,geo_cov_nat,mts_aggregate_2,2012,592.247
pse,sex_f,geo_cov_nat,mts_aggregate_2,2013,638.541
pse,sex_f,geo_cov_nat,mts_aggregate_2,2014,639.735
pse,sex_f,geo_cov_nat,mts_aggregate_2,2015,628.545
pse,sex_f,geo_cov_nat,mts_aggregate_2,2016,652.504
pse,sex_f,geo_cov_nat,mts_aggregate_2,2017,667.208
pse,sex_f,geo_cov_nat,mts_aggregate_2,2018,710.837
pse,sex_f,geo_cov_nat,mts_aggregate_2,2019,741.925
pse,sex_f,geo_cov_nat,mts_aggregate_2,2020,769.017
pse,sex_f,geo_cov_nat,mts_aggregate_2,2021,784.951
pse,sex_f,geo_cov_nat,mts_aggregate_total,2000,692.446
pse,sex_f,geo_cov_nat,mts_aggregate_total,2001,739.721
pse,sex_f,geo_cov_nat,mts_aggregate_total,2002,769.092
pse,sex_f,geo_cov_nat,mts_aggregate_total,2003,778.311
pse,sex_f,geo_cov_nat,mts_aggregate_total,2004,806.343
pse,sex_f,geo_cov_nat,mts_aggregate_total,2005,840.068
pse,sex_f,geo_cov_nat,mts_aggregate_total,2006,868.639
pse,sex_f,geo_cov_nat,mts_aggregate_total,2007,891.635
pse,sex_f,geo_cov_nat,mts_aggregate_total,2008,928.45
pse,sex_f,geo_cov_nat,mts_aggregate_total,2009,962.787
pse,sex_f,geo_cov_nat,mts_aggregate_total,2010,1002.142
pse,sex_f,geo_cov_nat,mts_aggregate_total,2011,1016.414
pse,sex_f,geo_cov_nat,mts_aggregate_total,2012,1042.424
pse,sex_f,geo_cov_nat,mts_aggregate_total,2013,1079.184
pse,sex_f,geo_cov_nat,mts_aggregate_total,2014,1102.215
pse,sex_f,geo_cov_nat,mts_aggregate_total,2015,1115.319
pse,sex_f,geo_cov_nat,mts_aggregate_total,2016,1154.961
pse,sex_f,geo_cov_nat,mts_aggregate_total,2017,1183.653
pse,sex_f,geo_cov_nat,mts_aggregate_total,2018,1216.979
pse,sex_f,geo_cov_nat,mts_aggregate_total,2019,1240.356
pse,sex_f,geo_cov_nat,mts_aggregate_total,2020,1305.762
pse,sex_f,geo_cov_nat,mts_aggregate_total,2021,1326.448
pse,sex_f,geo_cov_nat,mts_aggregate_x,2019,0.95
pse,sex_f,geo_cov_rur,mts_aggregate_1,2000,75.807
pse,sex_f,geo_cov_rur,mts_aggregate_1,2001,85.304
pse,sex_f,geo_cov_rur,mts_aggregate_1,2002,91.349
pse,sex_f,geo_cov_rur,mts_aggregate_1,2003,99.849
pse,sex_f,geo_cov_rur,mts_aggregate_1,2004,101.946
pse,sex_f,geo_cov_rur,mts_aggregate_1,2005,102.835
pse,sex_f,geo_cov_rur,mts_aggregate_1,2006,108.296
pse,sex_f,geo_cov_rur,mts_aggregate_1,2007,105.616
pse,sex_f,geo_cov_rur,mts_aggregate_1,2008,112.011
pse,sex_f,geo_cov_rur,mts_aggregate_1,2009,80.712
pse,sex_f,geo_cov_rur,mts_aggregate_1,2010,73.955
pse,sex_f,geo_cov_rur,mts_aggregate_1,2011,76.512
pse,sex_f,geo_cov_rur,mts_aggregate_1,2012,82.364
pse,sex_f,geo_cov_rur,mts_aggregate_1,2013,81.159
pse,sex_f,geo_cov_rur,mts_aggregate_1,2014,85.706
pse,sex_f,geo_cov_rur,mts_aggregate_1,2015,93.384
pse,sex_f,geo_cov_rur,mts_aggregate_1,2016,95.934
pse,sex_f,geo_cov_rur,mts_aggregate_1,2017,102.547
pse,sex_f,geo_cov_rur,mts_aggregate_1,2018,91.244
pse,sex_f,geo_cov_rur,mts_aggregate_1,2019,76.653
pse,sex_f,geo_cov_rur,mts_aggregate_1,2020,80.718
pse,sex_f,geo_cov_rur,mts_aggregate_1,2021,79.494
pse,sex_f,geo_cov_rur,mts_aggregate_2,2000,123.892
pse,sex_f,geo_cov_rur,mts_aggregate_2,2001,127.662
pse,sex_f,geo_cov_rur,mts_aggregate_2,2002,127.848
pse,sex_f,geo_cov_rur,mts_aggregate_2,2003,126.492
pse,sex_f,geo_cov_rur,mts_aggregate_2,2004,126.325
pse,sex_f,geo_cov_rur,mts_aggregate_2,2005,135.655
pse,sex_f,geo_cov_rur,mts_aggregate_2,2006,137.678
pse,sex_f,geo_cov_rur,mts_aggregate_2,2007,137.323
pse,sex_f,geo_cov_rur,mts_aggregate_2,2008,141.831
pse,sex_f,geo_cov_rur,mts_aggregate_2,2009,105.896
pse,sex_f,geo_cov_rur,mts_aggregate_2,2010,103.238
pse,sex_f,geo_cov_rur,mts_aggregate_2,2011,91.99
pse,sex_f,geo_cov_rur,mts_aggregate_2,2012,92.943
pse,sex_f,geo_cov_rur,mts_aggregate_2,2013,102.885
pse,sex_f,geo_cov_rur,mts_aggregate_2,2014,107.332
pse,sex_f,geo_cov_rur,mts_aggregate_2,2015,105.748
pse,sex_f,geo_cov_rur,mts_aggregate_2,2016,111.224
pse,sex_f,geo_cov_rur,mts_aggregate_2,2017,112.743
pse,sex_f,geo_cov_rur,mts_aggregate_2,2018,111.902
pse,sex_f,geo_cov_rur,mts_aggregate_2,2019,112.16
pse,sex_f,geo_cov_rur,mts_aggregate_2,2020,111.055
pse,sex_f,geo_cov_rur,mts_aggregate_2,2021,116.822
pse,sex_f,geo_cov_rur,mts_aggregate_total,2000,199.698
pse,sex_f,geo_cov_rur,mts_aggregate_total,2001,212.982
pse,sex_f,geo_cov_rur,mts_aggregate_total,2002,219.21
pse,sex_f,geo_cov_rur,mts_aggregate_total,2003,226.341
pse,sex_f,geo_cov_rur,mts_aggregate_total,2004,228.271
pse,sex_f,geo_cov_rur,mts_aggregate_total,2005,238.489
pse,sex_f,geo_cov_rur,mts_aggregate_total,2006,245.974
pse,sex_f,geo_cov_rur,mts_aggregate_total,2007,242.939
pse,sex_f,geo_cov_rur,mts_aggregate_total,2008,253.893
pse,sex_f,geo_cov_rur,mts_aggregate_total,2009,186.608
pse,sex_f,geo_cov_rur,mts_aggregate_total,2010,177.193
pse,sex_f,geo_cov_rur,mts_aggregate_total,2011,168.501
pse,sex_f,geo_cov_rur,mts_aggregate_total,2012,175.307
pse,sex_f,geo_cov_rur,mts_aggregate_total,2013,184.045
pse,sex_f,geo_cov_rur,mts_aggregate_total,2014,193.038
pse,sex_f,geo_cov_rur,mts_aggregate_total,2015,199.133
pse,sex_f,geo_cov_rur,mts_aggregate_total,2016,207.157
pse,sex_f,geo_cov_rur,mts_aggregate_total,2017,215.29
pse,sex_f,geo_cov_rur,mts_aggregate_total,2018,203.146
pse,sex_f,geo_cov_rur,mts_aggregate_total,2019,189.071
pse,sex_f,geo_cov_rur,mts_aggregate_total,2020,191.774
pse,sex_f,geo_cov_rur,mts_aggregate_total,2021,196.316
pse,sex_f,geo_cov_rur,mts_aggregate_x,2019,0.258
pse,sex_f,geo_cov_urb,mts_aggregate_1,2000,149.228
pse,sex_f,geo_cov_urb,mts_aggregate_1,2001,161.05
pse,sex_f,geo_cov_urb,mts_aggregate_1,2002,173.727
pse,sex_f,geo_cov_urb,mts_aggregate_1,2003,183.551
pse,sex_f,geo_cov_urb,mts_aggregate_1,2004,192.811
pse,sex_f,geo_cov_urb,mts_aggregate_1,2005,193.773
pse,sex_f,geo_cov_urb,mts_aggregate_1,2006,194.522
pse,sex_f,geo_cov_urb,mts_aggregate_1,2007,208.412
pse,sex_f,geo_cov_urb,mts_aggregate_1,2008,213.615
pse,sex_f,geo_cov_urb,mts_aggregate_1,2009,273.981
pse,sex_f,geo_cov_urb,mts_aggregate_1,2010,289.879
pse,sex_f,geo_cov_urb,mts_aggregate_1,2011,313.32
pse,sex_f,geo_cov_urb,mts_aggregate_1,2012,318.229
pse,sex_f,geo_cov_urb,mts_aggregate_1,2013,314.807
pse,sex_f,geo_cov_urb,mts_aggregate_1,2014,331.779
pse,sex_f,geo_cov_urb,mts_aggregate_1,2015,344.402
pse,sex_f,geo_cov_urb,mts_aggregate_1,2016,354.808
pse,sex_f,geo_cov_urb,mts_aggregate_1,2017,359.303
pse,sex_f,geo_cov_urb,mts_aggregate_1,2018,367.606
pse,sex_f,geo_cov_urb,mts_aggregate_1,2019,375.998
pse,sex_f,geo_cov_urb,mts_aggregate_1,2020,404.764
pse,sex_f,geo_cov_urb,mts_aggregate_1,2021,412.137
pse,sex_f,geo_cov_urb,mts_aggregate_2,2000,232.87
pse,sex_f,geo_cov_urb,mts_aggregate_2,2001,248.895
pse,sex_f,geo_cov_urb,mts_aggregate_2,2002,238.197
pse,sex_f,geo_cov_urb,mts_aggregate_2,2003,243.987
pse,sex_f,geo_cov_urb,mts_aggregate_2,2004,257.036
pse,sex_f,geo_cov_urb,mts_aggregate_2,2005,274.701
pse,sex_f,geo_cov_urb,mts_aggregate_2,2006,284.644
pse,sex_f,geo_cov_urb,mts_aggregate_2,2007,291.172
pse,sex_f,geo_cov_urb,mts_aggregate_2,2008,310.722
pse,sex_f,geo_cov_urb,mts_aggregate_2,2009,403.116
pse,sex_f,geo_cov_urb,mts_aggregate_2,2010,435.116
pse,sex_f,geo_cov_urb,mts_aggregate_2,2011,430.58
pse,sex_f,geo_cov_urb,mts_aggregate_2,2012,442.285
pse,sex_f,geo_cov_urb,mts_aggregate_2,2013,475.713
pse,sex_f,geo_cov_urb,mts_aggregate_2,2014,470.914
pse,sex_f,geo_cov_urb,mts_aggregate_2,2015,463.453
pse,sex_f,geo_cov_urb,mts_aggregate_2,2016,481.165
pse,sex_f,geo_cov_urb,mts_aggregate_2,2017,491.334
pse,sex_f,geo_cov_urb,mts_aggregate_2,2018,542.624
pse,sex_f,geo_cov_urb,mts_aggregate_2,2019,573.54
pse,sex_f,geo_cov_urb,mts_aggregate_2,2020,598.19
pse,sex_f,geo_cov_urb,mts_aggregate_2,2021,608.301
pse,sex_f,geo_cov_urb,mts_aggregate_total,2000,382.098
pse,sex_f,geo_cov_urb,mts_aggregate_total,2001,409.945
pse,sex_f,geo_cov_urb,mts_aggregate_total,2002,411.924
pse,sex_f,geo_cov_urb,mts_aggregate_total,2003,427.539
pse,sex_f,geo_cov_urb,mts_aggregate_total,2004,449.847
pse,sex_f,geo_cov_urb,mts_aggregate_total,2005,468.473
pse,sex_f,geo_cov_urb,mts_aggregate_total,2006,479.165
pse,sex_f,geo_cov_urb,mts_aggregate_total,2007,499.584
pse,sex_f,geo_cov_urb,mts_aggregate_total,2008,524.35
pse,sex_f,geo_cov_urb,mts_aggregate_total,2009,677.125
pse,sex_f,geo_cov_urb,mts_aggregate_total,2010,724.995
pse,sex_f,geo_cov_urb,mts_aggregate_total,2011,743.9
pse,sex_f,geo_cov_urb,mts_aggregate_total,2012,760.514
pse,sex_f,geo_cov_urb,mts_aggregate_total,2013,790.52
pse,sex_f,geo_cov_urb,mts_aggregate_total,2014,802.693
pse,sex_f,geo_cov_urb,mts_aggregate_total,2015,807.854
pse,sex_f,geo_cov_urb,mts_aggregate_total,2016,835.973
pse,sex_f,geo_cov_urb,mts_aggregate_total,2017,850.637
pse,sex_f,geo_cov_urb,mts_aggregate_total,2018,910.23
pse,sex_f,geo_cov_urb,mts_aggregate_total,2019,950.223
pse,sex_f,geo_cov_urb,mts_aggregate_total,2020,1002.955
pse,sex_f,geo_cov_urb,mts_aggregate_total,2021,1020.438
pse,sex_f,geo_cov_urb,mts_aggregate_x,2019,0.685
pse,sex_f,geo_cov_x,mts_aggregate_1,2000,46.062
pse,sex_f,geo_cov_x,mts_aggregate_1,2001,48.978
pse,sex_f,geo_cov_x,mts_aggregate_1,2002,59.871
pse,sex_f,geo_cov_x,mts_aggregate_1,2003,55.32
pse,sex_f,geo_cov_x,mts_aggregate_1,2004,58.112
pse,sex_f,geo_cov_x,mts_aggregate_1,2005,57.251
pse,sex_f,geo_cov_x,mts_aggregate_1,2006,63.595
pse,sex_f,geo_cov_x,mts_aggregate_1,2007,68.227
pse,sex_f,geo_cov_x,mts_aggregate_1,2008,67.619
pse,sex_f,geo_cov_x,mts_aggregate_1,2009,43.388
pse,sex_f,geo_cov_x,mts_aggregate_1,2010,44.883
pse,sex_f,geo_cov_x,mts_aggregate_1,2011,49.489
pse,sex_f,geo_cov_x,mts_aggregate_1,2012,49.585
pse,sex_f,geo_cov_x,mts_aggregate_1,2013,44.677
pse,sex_f,geo_cov_x,mts_aggregate_1,2014,44.996
pse,sex_f,geo_cov_x,mts_aggregate_1,2015,48.987
pse,sex_f,geo_cov_x,mts_aggregate_1,2016,51.715
pse,sex_f,geo_cov_x,mts_aggregate_1,2017,54.595
pse,sex_f,geo_cov_x,mts_aggregate_1,2018,47.292
pse,sex_f,geo_cov_x,mts_aggregate_1,2019,44.83
pse,sex_f,geo_cov_x,mts_aggregate_1,2020,51.263
pse,sex_f,geo_cov_x,mts_aggregate_1,2021,49.866
pse,sex_f,geo_cov_x,mts_aggregate_2,2000,64.588
pse,sex_f,geo_cov_x,mts_aggregate_2,2001,67.817
pse,sex_f,geo_cov_x,mts_aggregate_2,2002,78.087
pse,sex_f,geo_cov_x,mts_aggregate_2,2003,69.112
pse,sex_f,geo_cov_x,mts_aggregate_2,2004,70.114
pse,sex_f,geo_cov_x,mts_aggregate_2,2005,75.854
pse,sex_f,geo_cov_x,mts_aggregate_2,2006,79.905
pse,sex_f,geo_cov_x,mts_aggregate_2,2007,80.886
pse,sex_f,geo_cov_x,mts_aggregate_2,2008,82.549
pse,sex_f,geo_cov_x,mts_aggregate_2,2009,55.667
pse,sex_f,geo_cov_x,mts_aggregate_2,2010,55.071
pse,sex_f,geo_cov_x,mts_aggregate_2,2011,54.524
pse,sex_f,geo_cov_x,mts_aggregate_2,2012,57.019
pse,sex_f,geo_cov_x,mts_aggregate_2,2013,59.942
pse,sex_f,geo_cov_x,mts_aggregate_2,2014,61.489
pse,sex_f,geo_cov_x,mts_aggregate_2,2015,59.345
pse,sex_f,geo_cov_x,mts_aggregate_2,2016,60.116
pse,sex_f,geo_cov_x,mts_aggregate_2,2017,63.131
pse,sex_f,geo_cov_x,mts_aggregate_2,2018,56.311
pse,sex_f,geo_cov_x,mts_aggregate_2,2019,56.225
pse,sex_f,geo_cov_x,mts_aggregate_2,2020,59.771
pse,sex_f,geo_cov_x,mts_aggregate_2,2021,59.829
pse,sex_f,geo_cov_x,mts_aggregate_total,2000,110.65
pse,sex_f,geo_cov_x,mts_aggregate_total,2001,116.795
pse,sex_f,geo_cov_x,mts_aggregate_total,2002,137.958
pse,sex_f,geo_cov_x,mts_aggregate_total,2003,124.432
pse,sex_f,geo_cov_x,mts_aggregate_total,2004,128.226
pse,sex_f,geo_cov_x,mts_aggregate_total,2005,133.105
pse,sex_f,geo_cov_x,mts_aggregate_total,2006,143.5
pse,sex_f,geo_cov_x,mts_aggregate_total,2007,149.112
pse,sex_f,geo_cov_x,mts_aggregate_total,2008,150.207
pse,sex_f,geo_cov_x,mts_aggregate_total,2009,99.054
pse,sex_f,geo_cov_x,mts_aggregate_total,2010,99.954
pse,sex_f,geo_cov_x,mts_aggregate_total,2011,104.013
pse,sex_f,geo_cov_x,mts_aggregate_total,2012,106.604
pse,sex_f,geo_cov_x,mts_aggregate_total,2013,104.619
pse,sex_f,geo_cov_x,mts_aggregate_total,2014,106.485
pse,sex_f,geo_cov_x,mts_aggregate_total,2015,108.332
pse,sex_f,geo_cov_x,mts_aggregate_total,2016,111.831
pse,sex_f,geo_cov_x,mts_aggregate_total,2017,117.726
pse,sex_f,geo_cov_x,mts_aggregate_total,2018,103.603
pse,sex_f,geo_cov_x,mts_aggregate_total,2019,101.062
pse,sex_f,geo_cov_x,mts_aggregate_total,2020,111.034
pse,sex_f,geo_cov_x,mts_aggregate_total,2021,109.695
pse,sex_m,geo_cov_nat,mts_aggregate_1,2000,169.127
pse,sex_m,geo_cov_nat,mts_aggregate_1,2001,195.791
pse,sex_m,geo_cov_nat,mts_aggregate_1,2002,223.771
pse,sex_m,geo_cov_nat,mts_aggregate_1,2003,221.298
pse,sex_m,geo_cov_nat,mts_aggregate_1,2004,238.963
pse,sex_m,geo_cov_nat,mts_aggregate_1,2005,245.097
pse,sex_m,geo_cov_nat,mts_aggregate_1,2006,253.818
pse,sex_m,geo_cov_nat,mts_aggregate_1,2007,260.153
pse,sex_m,geo_cov_nat,mts_aggregate_1,2008,271.707
pse,sex_m,geo_cov_nat,mts_aggregate_1,2009,281.514
pse,sex_m,geo_cov_nat,mts_aggregate_1,2010,283.456
pse,sex_m,geo_cov_nat,mts_aggregate_1,2011,280.084
pse,sex_m,geo_cov_nat,mts_aggregate_1,2012,275.648
pse,sex_m,geo_cov_nat,mts_aggregate_1,2013,275.355
pse,sex_m,geo_cov_nat,mts_aggregate_1,2014,282.338
pse,sex_m,geo_cov_nat,mts_aggregate_1,2015,276.874
pse,sex_m,geo_cov_nat,mts_aggregate_1,2016,283.004
pse,sex_m,geo_cov_nat,mts_aggregate_1,2017,285.978
pse,sex_m,geo_cov_nat,mts_aggregate_1,2018,295.644
pse,sex_m,geo_cov_nat,mts_aggregate_1,2019,295.523
pse,sex_m,geo_cov_nat,mts_aggregate_1,2020,343.79
pse,sex_m,geo_cov_nat,mts_aggregate_1,2021,320.255
pse,sex_m,geo_cov_nat,mts_aggregate_2,2000,96.298
pse,sex_m,geo_cov_nat,mts_aggregate_2,2001,121.505
pse,sex_m,geo_cov_nat,mts_aggregate_2,2002,118.729
pse,sex_m,geo_cov_nat,mts_aggregate_2,2003,104.72
pse,sex_m,geo_cov_nat,mts_aggregate_2,2004,113.324
pse,sex_m,geo_cov_nat,mts_aggregate_2,2005,112.358
pse,sex_m,geo_cov_nat,mts_aggregate_2,2006,125.227
pse,sex_m,geo_cov_nat,mts_aggregate_2,2007,119.775
pse,sex_m,geo_cov_nat,mts_aggregate_2,2008,130.434
pse,sex_m,geo_cov_nat,mts_aggregate_2,2009,130.36
pse,sex_m,geo_cov_nat,mts_aggregate_2,2010,125.481
pse,sex_m,geo_cov_nat,mts_aggregate_2,2011,128.48
pse,sex_m,geo_cov_nat,mts_aggregate_2,2012,145.02
pse,sex_m,geo_cov_nat,mts_aggregate_2,2013,151.127
pse,sex_m,geo_cov_nat,mts_aggregate_2,2014,158.279
pse,sex_m,geo_cov_nat,mts_aggregate_2,2015,145.274
pse,sex_m,geo_cov_nat,mts_aggregate_2,2016,149.095
pse,sex_m,geo_cov_nat,mts_aggregate_2,2017,154.723
pse,sex_m,geo_cov_nat,mts_aggregate_2,2018,174.062
pse,sex_m,geo_cov_nat,mts_aggregate_2,2019,172.852
pse,sex_m,geo_cov_nat,mts_aggregate_2,2020,213.302
pse,sex_m,geo_cov_nat,mts_aggregate_2,2021,191.631
pse,sex_m,geo_cov_nat,mts_aggregate_total,2000,265.425
pse,sex_m,geo_cov_nat,mts_aggregate_total,2001,317.295
pse,sex_m,geo_cov_nat,mts_aggregate_total,2002,342.5
pse,sex_m,geo_cov_nat,mts_aggregate_total,2003,326.018
pse,sex_m,geo_cov_nat,mts_aggregate_total,2004,352.287
pse,sex_m,geo_cov_nat,mts_aggregate_total,2005,357.454
pse,sex_m,geo_cov_nat,mts_aggregate_total,2006,379.044
pse,sex_m,geo_cov_nat,mts_aggregate_total,2007,379.928
pse,sex_m,geo_cov_nat,mts_aggregate_total,2008,402.173
pse,sex_m,geo_cov_nat,mts_aggregate_total,2009,411.874
pse,sex_m,geo_cov_nat,mts_aggregate_total,2010,408.937
pse,sex_m,geo_cov_nat,mts_aggregate_total,2011,408.563
pse,sex_m,geo_cov_nat,mts_aggregate_total,2012,420.668
pse,sex_m,geo_cov_nat,mts_aggregate_total,2013,426.482
pse,sex_m,geo_cov_nat,mts_aggregate_total,2014,440.616
pse,sex_m,geo_cov_nat,mts_aggregate_total,2015,422.147
pse,sex_m,geo_cov_nat,mts_aggregate_total,2016,432.148
pse,sex_m,geo_cov_nat,mts_aggregate_total,2017,440.701
pse,sex_m,geo_cov_nat,mts_aggregate_total,2018,469.707
pse,sex_m,geo_cov_nat,mts_aggregate_total,2019,468.514
pse,sex_m,geo_cov_nat,mts_aggregate_total,2020,557.092
pse,sex_m,geo_cov_nat,mts_aggregate_total,2021,511.886
pse,sex_m,geo_cov_nat,mts_aggregate_x,2019,0.139
pse,sex_m,geo_cov_rur,mts_aggregate_1,2000,44.55
pse,sex_m,geo_cov_rur,mts_aggregate_1,2001,53.59
pse,sex_m,geo_cov_rur,mts_aggregate_1,2002,63.582
pse,sex_m,geo_cov_rur,mts_aggregate_1,2003,64.727
pse,sex_m,geo_cov_rur,mts_aggregate_1,2004,67.198
pse,sex_m,geo_cov_rur,mts_aggregate_1,2005,70.171
pse,sex_m,geo_cov_rur,mts_aggregate_1,2006,71.46
pse,sex_m,geo_cov_rur,mts_aggregate_1,2007,74.006
pse,sex_m,geo_cov_rur,mts_aggregate_1,2008,75.215
pse,sex_m,geo_cov_rur,mts_aggregate_1,2009,52.37
pse,sex_m,geo_cov_rur,mts_aggregate_1,2010,48.22
pse,sex_m,geo_cov_rur,mts_aggregate_1,2011,43.282
pse,sex_m,geo_cov_rur,mts_aggregate_1,2012,44.277
pse,sex_m,geo_cov_rur,mts_aggregate_1,2013,48.203
pse,sex_m,geo_cov_rur,mts_aggregate_1,2014,49.08
pse,sex_m,geo_cov_rur,mts_aggregate_1,2015,47.852
pse,sex_m,geo_cov_rur,mts_aggregate_1,2016,48.234
pse,sex_m,geo_cov_rur,mts_aggregate_1,2017,51.473
pse,sex_m,geo_cov_rur,mts_aggregate_1,2018,45.48
pse,sex_m,geo_cov_rur,mts_aggregate_1,2019,38.551
pse,sex_m,geo_cov_rur,mts_aggregate_1,2020,44.548
pse,sex_m,geo_cov_rur,mts_aggregate_1,2021,42.85
pse,sex_m,geo_cov_rur,mts_aggregate_2,2000,26.701
pse,sex_m,geo_cov_rur,mts_aggregate_2,2001,35.129
pse,sex_m,geo_cov_rur,mts_aggregate_2,2002,39.228
pse,sex_m,geo_cov_rur,mts_aggregate_2,2003,33.957
pse,sex_m,geo_cov_rur,mts_aggregate_2,2004,35.104
pse,sex_m,geo_cov_rur,mts_aggregate_2,2005,33.935
pse,sex_m,geo_cov_rur,mts_aggregate_2,2006,35.656
pse,sex_m,geo_cov_rur,mts_aggregate_2,2007,34.171
pse,sex_m,geo_cov_rur,mts_aggregate_2,2008,33.578
pse,sex_m,geo_cov_rur,mts_aggregate_2,2009,24.204
pse,sex_m,geo_cov_rur,mts_aggregate_2,2010,23.522
pse,sex_m,geo_cov_rur,mts_aggregate_2,2011,19.539
pse,sex_m,geo_cov_rur,mts_aggregate_2,2012,20.593
pse,sex_m,geo_cov_rur,mts_aggregate_2,2013,20.408
pse,sex_m,geo_cov_rur,mts_aggregate_2,2014,21.244
pse,sex_m,geo_cov_rur,mts_aggregate_2,2015,19.869
pse,sex_m,geo_cov_rur,mts_aggregate_2,2016,20.078
pse,sex_m,geo_cov_rur,mts_aggregate_2,2017,19.852
pse,sex_m,geo_cov_rur,mts_aggregate_2,2018,19.491
pse,sex_m,geo_cov_rur,mts_aggregate_2,2019,19.493
pse,sex_m,geo_cov_rur,mts_aggregate_2,2020,23.009
pse,sex_m,geo_cov_rur,mts_aggregate_2,2021,20.881
pse,sex_m,geo_cov_rur,mts_aggregate_total,2000,71.25
pse,sex_m,geo_cov_rur,mts_aggregate_total,2001,88.719
pse,sex_m,geo_cov_rur,mts_aggregate_total,2002,102.81
pse,sex_m,geo_cov_rur,mts_aggregate_total,2003,98.684
pse,sex_m,geo_cov_rur,mts_aggregate_total,2004,102.302
pse,sex_m,geo_cov_rur,mts_aggregate_total,2005,104.106
pse,sex_m,geo_cov_rur,mts_aggregate_total,2006,107.115
pse,sex_m,geo_cov_rur,mts_aggregate_total,2007,108.177
pse,sex_m,geo_cov_rur,mts_aggregate_total,2008,108.793
pse,sex_m,geo_cov_rur,mts_aggregate_total,2009,76.574
pse,sex_m,geo_cov_rur,mts_aggregate_total,2010,71.742
pse,sex_m,geo_cov_rur,mts_aggregate_total,2011,62.82
pse,sex_m,geo_cov_rur,mts_aggregate_total,2012,64.87
pse,sex_m,geo_cov_rur,mts_aggregate_total,2013,68.612
pse,sex_m,geo_cov_rur,mts_aggregate_total,2014,70.324
pse,sex_m,geo_cov_rur,mts_aggregate_total,2015,67.721
pse,sex_m,geo_cov_rur,mts_aggregate_total,2016,68.311
pse,sex_m,geo_cov_rur,mts_aggregate_total,2017,71.325
pse,sex_m,geo_cov_rur,mts_aggregate_total,2018,64.971
pse,sex_m,geo_cov_rur,mts_aggregate_total,2019,58.077
pse,sex_m,geo_cov_rur,mts_aggregate_total,2020,67.557
pse,sex_m,geo_cov_rur,mts_aggregate_total,2021,63.731
pse,sex_m,geo_cov_urb,mts_aggregate_1,2000,95.16
pse,sex_m,geo_cov_urb,mts_aggregate_1,2001,109.42
pse,sex_m,geo_cov_urb,mts_aggregate_1,2002,120.898
pse,sex_m,geo_cov_urb,mts_aggregate_1,2003,122.203
pse,sex_m,geo_cov_urb,mts_aggregate_1,2004,132.177
pse,sex_m,geo_cov_urb,mts_aggregate_1,2005,134.691
pse,sex_m,geo_cov_urb,mts_aggregate_1,2006,140.331
pse,sex_m,geo_cov_urb,mts_aggregate_1,2007,141.582
pse,sex_m,geo_cov_urb,mts_aggregate_1,2008,148.635
pse,sex_m,geo_cov_urb,mts_aggregate_1,2009,196.66
pse,sex_m,geo_cov_urb,mts_aggregate_1,2010,203.675
pse,sex_m,geo_cov_urb,mts_aggregate_1,2011,205.576
pse,sex_m,geo_cov_urb,mts_aggregate_1,2012,200.281
pse,sex_m,geo_cov_urb,mts_aggregate_1,2013,198.331
pse,sex_m,geo_cov_urb,mts_aggregate_1,2014,202.806
pse,sex_m,geo_cov_urb,mts_aggregate_1,2015,196.198
pse,sex_m,geo_cov_urb,mts_aggregate_1,2016,201.4
pse,sex_m,geo_cov_urb,mts_aggregate_1,2017,201.093
pse,sex_m,geo_cov_urb,mts_aggregate_1,2018,221.575
pse,sex_m,geo_cov_urb,mts_aggregate_1,2019,227.813
pse,sex_m,geo_cov_urb,mts_aggregate_1,2020,264.598
pse,sex_m,geo_cov_urb,mts_aggregate_1,2021,248.778
pse,sex_m,geo_cov_urb,mts_aggregate_2,2000,52.49
pse,sex_m,geo_cov_urb,mts_aggregate_2,2001,64.285
pse,sex_m,geo_cov_urb,mts_aggregate_2,2002,57.965
pse,sex_m,geo_cov_urb,mts_aggregate_2,2003,54.075
pse,sex_m,geo_cov_urb,mts_aggregate_2,2004,60.817
pse,sex_m,geo_cov_urb,mts_aggregate_2,2005,61.007
pse,sex_m,geo_cov_urb,mts_aggregate_2,2006,68.951
pse,sex_m,geo_cov_urb,mts_aggregate_2,2007,64.022
pse,sex_m,geo_cov_urb,mts_aggregate_2,2008,73.754
pse,sex_m,geo_cov_urb,mts_aggregate_2,2009,91.809
pse,sex_m,geo_cov_urb,mts_aggregate_2,2010,89.879
pse,sex_m,geo_cov_urb,mts_aggregate_2,2011,95.904
pse,sex_m,geo_cov_urb,mts_aggregate_2,2012,110.099
pse,sex_m,geo_cov_urb,mts_aggregate_2,2013,115.218
pse,sex_m,geo_cov_urb,mts_aggregate_2,2014,120.258
pse,sex_m,geo_cov_urb,mts_aggregate_2,2015,109.177
pse,sex_m,geo_cov_urb,mts_aggregate_2,2016,113.469
pse,sex_m,geo_cov_urb,mts_aggregate_2,2017,117.171
pse,sex_m,geo_cov_urb,mts_aggregate_2,2018,135.407
pse,sex_m,geo_cov_urb,mts_aggregate_2,2019,134.703
pse,sex_m,geo_cov_urb,mts_aggregate_2,2020,168.186
pse,sex_m,geo_cov_urb,mts_aggregate_2,2021,151.317
pse,sex_m,geo_cov_urb,mts_aggregate_total,2000,147.65
pse,sex_m,geo_cov_urb,mts_aggregate_total,2001,173.705
pse,sex_m,geo_cov_urb,mts_aggregate_total,2002,178.863
pse,sex_m,geo_cov_urb,mts_aggregate_total,2003,176.279
pse,sex_m,geo_cov_urb,mts_aggregate_total,2004,192.994
pse,sex_m,geo_cov_urb,mts_aggregate_total,2005,195.698
pse,sex_m,geo_cov_urb,mts_aggregate_total,2006,209.283
pse,sex_m,geo_cov_urb,mts_aggregate_total,2007,205.604
pse,sex_m,geo_cov_urb,mts_aggregate_total,2008,222.421
pse,sex_m,geo_cov_urb,mts_aggregate_total,2009,288.469
pse,sex_m,geo_cov_urb,mts_aggregate_total,2010,293.554
pse,sex_m,geo_cov_urb,mts_aggregate_total,2011,301.48
pse,sex_m,geo_cov_urb,mts_aggregate_total,2012,310.38
pse,sex_m,geo_cov_urb,mts_aggregate_total,2013,313.549
pse,sex_m,geo_cov_urb,mts_aggregate_total,2014,323.064
pse,sex_m,geo_cov_urb,mts_aggregate_total,2015,305.375
pse,sex_m,geo_cov_urb,mts_aggregate_total,2016,314.919
pse,sex_m,geo_cov_urb,mts_aggregate_total,2017,318.264
pse,sex_m,geo_cov_urb,mts_aggregate_total,2018,356.982
pse,sex_m,geo_cov_urb,mts_aggregate_total,2019,362.621
pse,sex_m,geo_cov_urb,mts_aggregate_total,2020,432.784
pse,sex_m,geo_cov_urb,mts_aggregate_total,2021,400.095
pse,sex_m,geo_cov_x,mts_aggregate_1,2000,29.417
pse,sex_m,geo_cov_x,mts_aggregate_1,2001,32.781
pse,sex_m,geo_cov_x,mts_aggregate_1,2002,39.291
pse,sex_m,geo_cov_x,mts_aggregate_1,2003,34.368
pse,sex_m,geo_cov_x,mts_aggregate_1,2004,39.588
pse,sex_m,geo_cov_x,mts_aggregate_1,2005,40.235
pse,sex_m,geo_cov_x,mts_aggregate_1,2006,42.027
pse,sex_m,geo_cov_x,mts_aggregate_1,2007,44.565
pse,sex_m,geo_cov_x,mts_aggregate_1,2008,47.857
pse,sex_m,geo_cov_x,mts_aggregate_1,2009,32.485
pse,sex_m,geo_cov_x,mts_aggregate_1,2010,31.562
pse,sex_m,geo_cov_x,mts_aggregate_1,2011,31.226
pse,sex_m,geo_cov_x,mts_aggregate_1,2012,31.09
pse,sex_m,geo_cov_x,mts_aggregate_1,2013,28.821
pse,sex_m,geo_cov_x,mts_aggregate_1,2014,30.452
pse,sex_m,geo_cov_x,mts_aggregate_1,2015,32.824
pse,sex_m,geo_cov_x,mts_aggregate_1,2016,33.37
pse,sex_m,geo_cov_x,mts_aggregate_1,2017,33.412
pse,sex_m,geo_cov_x,mts_aggregate_1,2018,28.59
pse,sex_m,geo_cov_x,mts_aggregate_1,2019,29.159
pse,sex_m,geo_cov_x,mts_aggregate_1,2020,34.644
pse,sex_m,geo_cov_x,mts_aggregate_1,2021,28.627
pse,sex_m,geo_cov_x,mts_aggregate_2,2000,17.108
pse,sex_m,geo_cov_x,mts_aggregate_2,2001,22.091
pse,sex_m,geo_cov_x,mts_aggregate_2,2002,21.537
pse,sex_m,geo_cov_x,mts_aggregate_2,2003,16.688
pse,sex_m,geo_cov_x,mts_aggregate_2,2004,17.403
pse,sex_m,geo_cov_x,mts_aggregate_2,2005,17.416
pse,sex_m,geo_cov_x,mts_aggregate_2,2006,20.619
pse,sex_m,geo_cov_x,mts_aggregate_2,2007,21.582
pse,sex_m,geo_cov_x,mts_aggregate_2,2008,23.102
pse,sex_m,geo_cov_x,mts_aggregate_2,2009,14.346
pse,sex_m,geo_cov_x,mts_aggregate_2,2010,12.08
pse,sex_m,geo_cov_x,mts_aggregate_2,2011,13.037
pse,sex_m,geo_cov_x,mts_aggregate_2,2012,14.328
pse,sex_m,geo_cov_x,mts_aggregate_2,2013,15.5
pse,sex_m,geo_cov_x,mts_aggregate_2,2014,16.777
pse,sex_m,geo_cov_x,mts_aggregate_2,2015,16.228
pse,sex_m,geo_cov_x,mts_aggregate_2,2016,15.548
pse,sex_m,geo_cov_x,mts_aggregate_2,2017,17.7
pse,sex_m,geo_cov_x,mts_aggregate_2,2018,19.164
pse,sex_m,geo_cov_x,mts_aggregate_2,2019,18.657
pse,sex_m,geo_cov_x,mts_aggregate_2,2020,22.107
pse,sex_m,geo_cov_x,mts_aggregate_2,2021,19.433
pse,sex_m,geo_cov_x,mts_aggregate_total,2000,46.525
pse,sex_m,geo_cov_x,mts_aggregate_total,2001,54.871
pse,sex_m,geo_cov_x,mts_aggregate_total,2002,60.828
pse,sex_m,geo_cov_x,mts_aggregate_total,2003,51.056
pse,sex_m,geo_cov_x,mts_aggregate_total,2004,56.99
pse,sex_m,geo_cov_x,mts_aggregate_total,2005,57.651
pse,sex_m,geo_cov_x,mts_aggregate_total,2006,62.646
pse,sex_m,geo_cov_x,mts_aggregate_total,2007,66.147
pse,sex_m,geo_cov_x,mts_aggregate_total,2008,70.959
pse,sex_m,geo_cov_x,mts_aggregate_total,2009,46.831
pse,sex_m,geo_cov_x,mts_aggregate_total,2010,43.642
pse,sex_m,geo_cov_x,mts_aggregate_total,2011,44.263
pse,sex_m,geo_cov_x,mts_aggregate_total,2012,45.418
pse,sex_m,geo_cov_x,mts_aggregate_total,2013,44.321
pse,sex_m,geo_cov_x,mts_aggregate_total,2014,47.229
pse,sex_m,geo_cov_x,mts_aggregate_total,2015,49.052
pse,sex_m,geo_cov_x,mts_aggregate_total,2016,48.918
pse,sex_m,geo_cov_x,mts_aggregate_total,2017,51.112
pse,sex_m,geo_cov_x,mts_aggregate_total,2018,47.754
pse,sex_m,geo_cov_x,mts_aggregate_total,2019,47.816
pse,sex_m,geo_cov_x,mts_aggregate_total,2020,56.751
pse,sex_m,geo_cov_x,mts_aggregate_total,2021,48.06
pse,sex_t,geo_cov_nat,mts_aggregate_1,2000,440.223
pse,sex_t,geo_cov_nat,mts_aggregate_1,2001,491.123
pse,sex_t,geo_cov_nat,mts_aggregate_1,2002,548.719
pse,sex_t,geo_cov_nat,mts_aggregate_1,2003,560.018
pse,sex_t,geo_cov_nat,mts_aggregate_1,2004,591.832
pse,sex_t,geo_cov_nat,mts_aggregate_1,2005,598.955
pse,sex_t,geo_cov_nat,mts_aggregate_1,2006,620.23
pse,sex_t,geo_cov_nat,mts_aggregate_1,2007,642.408
pse,sex_t,geo_cov_nat,mts_aggregate_1,2008,664.951
pse,sex_t,geo_cov_nat,mts_aggregate_1,2009,679.595
pse,sex_t,geo_cov_nat,mts_aggregate_1,2010,692.173
pse,sex_t,geo_cov_nat,mts_aggregate_1,2011,719.404
pse,sex_t,geo_cov_nat,mts_aggregate_1,2012,725.825
pse,sex_t,geo_cov_nat,mts_aggregate_1,2013,715.998
pse,sex_t,geo_cov_nat,mts_aggregate_1,2014,744.818
pse,sex_t,geo_cov_nat,mts_aggregate_1,2015,763.647
pse,sex_t,geo_cov_nat,mts_aggregate_1,2016,785.462
pse,sex_t,geo_cov_nat,mts_aggregate_1,2017,802.423
pse,sex_t,geo_cov_nat,mts_aggregate_1,2018,801.787
pse,sex_t,geo_cov_nat,mts_aggregate_1,2019,793.004
pse,sex_t,geo_cov_nat,mts_aggregate_1,2020,880.535
pse,sex_t,geo_cov_nat,mts_aggregate_1,2021,861.752
pse,sex_t,geo_cov_nat,mts_aggregate_2,2000,517.647
pse,sex_t,geo_cov_nat,mts_aggregate_2,2001,565.878
pse,sex_t,geo_cov_nat,mts_aggregate_2,2002,562.86
pse,sex_t,geo_cov_nat,mts_aggregate_2,2003,544.311
pse,sex_t,geo_cov_nat,mts_aggregate_2,2004,566.798
pse,sex_t,geo_cov_nat,mts_aggregate_2,2005,598.567
pse,sex_t,geo_cov_nat,mts_aggregate_2,2006,627.453
pse,sex_t,geo_cov_nat,mts_aggregate_2,2007,629.156
pse,sex_t,geo_cov_nat,mts_aggregate_2,2008,665.537
pse,sex_t,geo_cov_nat,mts_aggregate_2,2009,695.039
pse,sex_t,geo_cov_nat,mts_aggregate_2,2010,718.906
pse,sex_t,geo_cov_nat,mts_aggregate_2,2011,705.573
pse,sex_t,geo_cov_nat,mts_aggregate_2,2012,737.267
pse,sex_t,geo_cov_nat,mts_aggregate_2,2013,789.667
pse,sex_t,geo_cov_nat,mts_aggregate_2,2014,798.013
pse,sex_t,geo_cov_nat,mts_aggregate_2,2015,773.819
pse,sex_t,geo_cov_nat,mts_aggregate_2,2016,801.599
pse,sex_t,geo_cov_nat,mts_aggregate_2,2017,821.931
pse,sex_t,geo_cov_nat,mts_aggregate_2,2018,884.899
pse,sex_t,geo_cov_nat,mts_aggregate_2,2019,914.777
pse,sex_t,geo_cov_nat,mts_aggregate_2,2020,982.319
pse,sex_t,geo_cov_nat,mts_aggregate_2,2021,976.582
pse,sex_t,geo_cov_nat,mts_aggregate_total,2000,957.871
pse,sex_t,geo_cov_nat,mts_aggregate_total,2001,1057.016
pse,sex_t,geo_cov_nat,mts_aggregate_total,2002,1111.592
pse,sex_t,geo_cov_nat,mts_aggregate_total,2003,1104.329
pse,sex_t,geo_cov_nat,mts_aggregate_total,2004,1158.63
pse,sex_t,geo_cov_nat,mts_aggregate_total,2005,1197.522
pse,sex_t,geo_cov_nat,mts_aggregate_total,2006,1247.683
pse,sex_t,geo_cov_nat,mts_aggregate_total,2007,1271.563
pse,sex_t,geo_cov_nat,mts_aggregate_total,2008,1330.623
pse,sex_t,geo_cov_nat,mts_aggregate_total,2009,1374.661
pse,sex_t,geo_cov_nat,mts_aggregate_total,2010,1411.079
pse,sex_t,geo_cov_nat,mts_aggregate_total,2011,1424.977
pse,sex_t,geo_cov_nat,mts_aggregate_total,2012,1463.092
pse,sex_t,geo_cov_nat,mts_aggregate_total,2013,1505.666
pse,sex_t,geo_cov_nat,mts_aggregate_total,2014,1542.831
pse,sex_t,geo_cov_nat,mts_aggregate_total,2015,1537.466
pse,sex_t,geo_cov_nat,mts_aggregate_total,2016,1587.11
pse,sex_t,geo_cov_nat,mts_aggregate_total,2017,1624.354
pse,sex_t,geo_cov_nat,mts_aggregate_total,2018,1686.686
pse,sex_t,geo_cov_nat,mts_aggregate_total,2019,1708.87
pse,sex_t,geo_cov_nat,mts_aggregate_total,2020,1862.854
pse,sex_t,geo_cov_nat,mts_aggregate_total,2021,1838.335
pse,sex_t,geo_cov_nat,mts_aggregate_x,2008,0.134
pse,sex_t,geo_cov_nat,mts_aggregate_x,2019,1.089
pse,sex_t,geo_cov_rur,mts_aggregate_1,2000,120.356
pse,sex_t,geo_cov_rur,mts_aggregate_1,2001,138.894
pse,sex_t,geo_cov_rur,mts_aggregate_1,2002,154.931
pse,sex_t,geo_cov_rur,mts_aggregate_1,2003,164.576
pse,sex_t,geo_cov_rur,mts_aggregate_1,2004,169.145
pse,sex_t,geo_cov_rur,mts_aggregate_1,2005,173.006
pse,sex_t,geo_cov_rur,mts_aggregate_1,2006,179.756
pse,sex_t,geo_cov_rur,mts_aggregate_1,2007,179.622
pse,sex_t,geo_cov_rur,mts_aggregate_1,2008,187.226
pse,sex_t,geo_cov_rur,mts_aggregate_1,2009,133.082
pse,sex_t,geo_cov_rur,mts_aggregate_1,2010,122.175
pse,sex_t,geo_cov_rur,mts_aggregate_1,2011,119.793
pse,sex_t,geo_cov_rur,mts_aggregate_1,2012,126.641
pse,sex_t,geo_cov_rur,mts_aggregate_1,2013,129.363
pse,sex_t,geo_cov_rur,mts_aggregate_1,2014,134.785
pse,sex_t,geo_cov_rur,mts_aggregate_1,2015,141.237
pse,sex_t,geo_cov_rur,mts_aggregate_1,2016,144.167
pse,sex_t,geo_cov_rur,mts_aggregate_1,2017,154.02
pse,sex_t,geo_cov_rur,mts_aggregate_1,2018,136.724
pse,sex_t,geo_cov_rur,mts_aggregate_1,2019,115.204
pse,sex_t,geo_cov_rur,mts_aggregate_1,2020,125.266
pse,sex_t,geo_cov_rur,mts_aggregate_1,2021,122.344
pse,sex_t,geo_cov_rur,mts_aggregate_2,2000,150.592
pse,sex_t,geo_cov_rur,mts_aggregate_2,2001,162.791
pse,sex_t,geo_cov_rur,mts_aggregate_2,2002,167.076
pse,sex_t,geo_cov_rur,mts_aggregate_2,2003,160.449
pse,sex_t,geo_cov_rur,mts_aggregate_2,2004,161.429
pse,sex_t,geo_cov_rur,mts_aggregate_2,2005,169.589
pse,sex_t,geo_cov_rur,mts_aggregate_2,2006,173.334
pse,sex_t,geo_cov_rur,mts_aggregate_2,2007,171.494
pse,sex_t,geo_cov_rur,mts_aggregate_2,2008,175.409
pse,sex_t,geo_cov_rur,mts_aggregate_2,2009,130.101
pse,sex_t,geo_cov_rur,mts_aggregate_2,2010,126.76
pse,sex_t,geo_cov_rur,mts_aggregate_2,2011,111.529
pse,sex_t,geo_cov_rur,mts_aggregate_2,2012,113.537
pse,sex_t,geo_cov_rur,mts_aggregate_2,2013,123.294
pse,sex_t,geo_cov_rur,mts_aggregate_2,2014,128.576
pse,sex_t,geo_cov_rur,mts_aggregate_2,2015,125.617
pse,sex_t,geo_cov_rur,mts_aggregate_2,2016,131.301
pse,sex_t,geo_cov_rur,mts_aggregate_2,2017,132.595
pse,sex_t,geo_cov_rur,mts_aggregate_2,2018,131.393
pse,sex_t,geo_cov_rur,mts_aggregate_2,2019,131.652
pse,sex_t,geo_cov_rur,mts_aggregate_2,2020,134.065
pse,sex_t,geo_cov_rur,mts_aggregate_2,2021,137.703
pse,sex_t,geo_cov_rur,mts_aggregate_total,2000,270.948
pse,sex_t,geo_cov_rur,mts_aggregate_total,2001,301.701
pse,sex_t,geo_cov_rur,mts_aggregate_total,2002,322.02
pse,sex_t,geo_cov_rur,mts_aggregate_total,2003,325.024
pse,sex_t,geo_cov_rur,mts_aggregate_total,2004,330.573
pse,sex_t,geo_cov_rur,mts_aggregate_total,2005,342.595
pse,sex_t,geo_cov_rur,mts_aggregate_total,2006,353.09
pse,sex_t,geo_cov_rur,mts_aggregate_total,2007,351.116
pse,sex_t,geo_cov_rur,mts_aggregate_total,2008,362.685
pse,sex_t,geo_cov_rur,mts_aggregate_total,2009,263.182
pse,sex_t,geo_cov_rur,mts_aggregate_total,2010,248.935
pse,sex_t,geo_cov_rur,mts_aggregate_total,2011,231.322
pse,sex_t,geo_cov_rur,mts_aggregate_total,2012,240.177
pse,sex_t,geo_cov_rur,mts_aggregate_total,2013,252.656
pse,sex_t,geo_cov_rur,mts_aggregate_total,2014,263.361
pse,sex_t,geo_cov_rur,mts_aggregate_total,2015,266.853
pse,sex_t,geo_cov_rur,mts_aggregate_total,2016,275.469
pse,sex_t,geo_cov_rur,mts_aggregate_total,2017,286.616
pse,sex_t,geo_cov_rur,mts_aggregate_total,2018,268.117
pse,sex_t,geo_cov_rur,mts_aggregate_total,2019,247.148
pse,sex_t,geo_cov_rur,mts_aggregate_total,2020,259.331
pse,sex_t,geo_cov_rur,mts_aggregate_total,2021,260.047
pse,sex_t,geo_cov_rur,mts_aggregate_x,2019,0.291
pse,sex_t,geo_cov_urb,mts_aggregate_1,2000,244.388
pse,sex_t,geo_cov_urb,mts_aggregate_1,2001,270.47
pse,sex_t,geo_cov_urb,mts_aggregate_1,2002,294.625
pse,sex_t,geo_cov_urb,mts_aggregate_1,2003,305.755
pse,sex_t,geo_cov_urb,mts_aggregate_1,2004,324.988
pse,sex_t,geo_cov_urb,mts_aggregate_1,2005,328.463
pse,sex_t,geo_cov_urb,mts_aggregate_1,2006,334.853
pse,sex_t,geo_cov_urb,mts_aggregate_1,2007,349.994
pse,sex_t,geo_cov_urb,mts_aggregate_1,2008,362.25
pse,sex_t,geo_cov_urb,mts_aggregate_1,2009,470.641
pse,sex_t,geo_cov_urb,mts_aggregate_1,2010,493.553
pse,sex_t,geo_cov_urb,mts_aggregate_1,2011,518.896
pse,sex_t,geo_cov_urb,mts_aggregate_1,2012,518.51
pse,sex_t,geo_cov_urb,mts_aggregate_1,2013,513.138
pse,sex_t,geo_cov_urb,mts_aggregate_1,2014,534.585
pse,sex_t,geo_cov_urb,mts_aggregate_1,2015,540.6
pse,sex_t,geo_cov_urb,mts_aggregate_1,2016,556.209
pse,sex_t,geo_cov_urb,mts_aggregate_1,2017,560.396
pse,sex_t,geo_cov_urb,mts_aggregate_1,2018,589.181
pse,sex_t,geo_cov_urb,mts_aggregate_1,2019,603.811
pse,sex_t,geo_cov_urb,mts_aggregate_1,2020,669.362
pse,sex_t,geo_cov_urb,mts_aggregate_1,2021,660.915
pse,sex_t,geo_cov_urb,mts_aggregate_2,2000,285.359
pse,sex_t,geo_cov_urb,mts_aggregate_2,2001,313.18
pse,sex_t,geo_cov_urb,mts_aggregate_2,2002,296.162
pse,sex_t,geo_cov_urb,mts_aggregate_2,2003,298.063
pse,sex_t,geo_cov_urb,mts_aggregate_2,2004,317.853
pse,sex_t,geo_cov_urb,mts_aggregate_2,2005,335.708
pse,sex_t,geo_cov_urb,mts_aggregate_2,2006,353.595
pse,sex_t,geo_cov_urb,mts_aggregate_2,2007,355.194
pse,sex_t,geo_cov_urb,mts_aggregate_2,2008,384.476
pse,sex_t,geo_cov_urb,mts_aggregate_2,2009,494.926
pse,sex_t,geo_cov_urb,mts_aggregate_2,2010,524.995
pse,sex_t,geo_cov_urb,mts_aggregate_2,2011,526.484
pse,sex_t,geo_cov_urb,mts_aggregate_2,2012,552.384
pse,sex_t,geo_cov_urb,mts_aggregate_2,2013,590.931
pse,sex_t,geo_cov_urb,mts_aggregate_2,2014,591.172
pse,sex_t,geo_cov_urb,mts_aggregate_2,2015,572.629
pse,sex_t,geo_cov_urb,mts_aggregate_2,2016,594.634
pse,sex_t,geo_cov_urb,mts_aggregate_2,2017,608.505
pse,sex_t,geo_cov_urb,mts_aggregate_2,2018,678.031
pse,sex_t,geo_cov_urb,mts_aggregate_2,2019,708.243
pse,sex_t,geo_cov_urb,mts_aggregate_2,2020,766.376
pse,sex_t,geo_cov_urb,mts_aggregate_2,2021,759.618
pse,sex_t,geo_cov_urb,mts_aggregate_total,2000,529.747
pse,sex_t,geo_cov_urb,mts_aggregate_total,2001,583.65
pse,sex_t,geo_cov_urb,mts_aggregate_total,2002,590.786
pse,sex_t,geo_cov_urb,mts_aggregate_total,2003,603.817
pse,sex_t,geo_cov_urb,mts_aggregate_total,2004,642.841
pse,sex_t,geo_cov_urb,mts_aggregate_total,2005,664.171
pse,sex_t,geo_cov_urb,mts_aggregate_total,2006,688.448
pse,sex_t,geo_cov_urb,mts_aggregate_total,2007,705.188
pse,sex_t,geo_cov_urb,mts_aggregate_total,2008,746.771
pse,sex_t,geo_cov_urb,mts_aggregate_total,2009,965.594
pse,sex_t,geo_cov_urb,mts_aggregate_total,2010,1018.549
pse,sex_t,geo_cov_urb,mts_aggregate_total,2011,1045.38
pse,sex_t,geo_cov_urb,mts_aggregate_total,2012,1070.894
pse,sex_t,geo_cov_urb,mts_aggregate_total,2013,1104.069
pse,sex_t,geo_cov_urb,mts_aggregate_total,2014,1125.757
pse,sex_t,geo_cov_urb,mts_aggregate_total,2015,1113.229
pse,sex_t,geo_cov_urb,mts_aggregate_total,2016,1150.892
pse,sex_t,geo_cov_urb,mts_aggregate_total,2017,1168.901
pse,sex_t,geo_cov_urb,mts_aggregate_total,2018,1267.212
pse,sex_t,geo_cov_urb,mts_aggregate_total,2019,1312.845
pse,sex_t,geo_cov_urb,mts_aggregate_total,2020,1435.739
pse,sex_t,geo_cov_urb,mts_aggregate_total,2021,1420.533
pse,sex_t,geo_cov_urb,mts_aggregate_x,2019,0.791
pse,sex_t,geo_cov_x,mts_aggregate_1,2000,75.479
pse,sex_t,geo_cov_x,mts_aggregate_1,2001,81.759
pse,sex_t,geo_cov_x,mts_aggregate_1,2002,99.162
pse,sex_t,geo_cov_x,mts_aggregate_1,2003,89.688
pse,sex_t,geo_cov_x,mts_aggregate_1,2004,97.699
pse,sex_t,geo_cov_x,mts_aggregate_1,2005,97.486
pse,sex_t,geo_cov_x,mts_aggregate_1,2006,105.622
pse,sex_t,geo_cov_x,mts_aggregate_1,2007,112.792
pse,sex_t,geo_cov_x,mts_aggregate_1,2008,115.476
pse,sex_t,geo_cov_x,mts_aggregate_1,2009,75.873
pse,sex_t,geo_cov_x,mts_aggregate_1,2010,76.444
pse,sex_t,geo_cov_x,mts_aggregate_1,2011,80.715
pse,sex_t,geo_cov_x,mts_aggregate_1,2012,80.674
pse,sex_t,geo_cov_x,mts_aggregate_1,2013,73.498
pse,sex_t,geo_cov_x,mts_aggregate_1,2014,75.448
pse,sex_t,geo_cov_x,mts_aggregate_1,2015,81.811
pse,sex_t,geo_cov_x,mts_aggregate_1,2016,85.085
pse,sex_t,geo_cov_x,mts_aggregate_1,2017,88.007
pse,sex_t,geo_cov_x,mts_aggregate_1,2018,75.882
pse,sex_t,geo_cov_x,mts_aggregate_1,2019,73.989
pse,sex_t,geo_cov_x,mts_aggregate_1,2020,85.907
pse,sex_t,geo_cov_x,mts_aggregate_1,2021,78.493
pse,sex_t,geo_cov_x,mts_aggregate_2,2000,81.696
pse,sex_t,geo_cov_x,mts_aggregate_2,2001,89.907
pse,sex_t,geo_cov_x,mts_aggregate_2,2002,99.623
pse,sex_t,geo_cov_x,mts_aggregate_2,2003,85.8
pse,sex_t,geo_cov_x,mts_aggregate_2,2004,87.516
pse,sex_t,geo_cov_x,mts_aggregate_2,2005,93.27
pse,sex_t,geo_cov_x,mts_aggregate_2,2006,100.524
pse,sex_t,geo_cov_x,mts_aggregate_2,2007,102.468
pse,sex_t,geo_cov_x,mts_aggregate_2,2008,105.651
pse,sex_t,geo_cov_x,mts_aggregate_2,2009,70.013
pse,sex_t,geo_cov_x,mts_aggregate_2,2010,67.151
pse,sex_t,geo_cov_x,mts_aggregate_2,2011,67.561
pse,sex_t,geo_cov_x,mts_aggregate_2,2012,71.347
pse,sex_t,geo_cov_x,mts_aggregate_2,2013,75.443
pse,sex_t,geo_cov_x,mts_aggregate_2,2014,78.266
pse,sex_t,geo_cov_x,mts_aggregate_2,2015,75.573
pse,sex_t,geo_cov_x,mts_aggregate_2,2016,75.664
pse,sex_t,geo_cov_x,mts_aggregate_2,2017,80.831
pse,sex_t,geo_cov_x,mts_aggregate_2,2018,75.475
pse,sex_t,geo_cov_x,mts_aggregate_2,2019,74.882
pse,sex_t,geo_cov_x,mts_aggregate_2,2020,81.878
pse,sex_t,geo_cov_x,mts_aggregate_2,2021,79.262
pse,sex_t,geo_cov_x,mts_aggregate_total,2000,157.175
pse,sex_t,geo_cov_x,mts_aggregate_total,2001,171.666
pse,sex_t,geo_cov_x,mts_aggregate_total,2002,198.785
pse,sex_t,geo_cov_x,mts_aggregate_total,2003,175.488
pse,sex_t,geo_cov_x,mts_aggregate_total,2004,185.216
pse,sex_t,geo_cov_x,mts_aggregate_total,2005,190.756
pse,sex_t,geo_cov_x,mts_aggregate_total,2006,206.146
pse,sex_t,geo_cov_x,mts_aggregate_total,2007,215.26
pse,sex_t,geo_cov_x,mts_aggregate_total,2008,221.166
pse,sex_t,geo_cov_x,mts_aggregate_total,2009,145.886
pse,sex_t,geo_cov_x,mts_aggregate_total,2010,143.595
pse,sex_t,geo_cov_x,mts_aggregate_total,2011,148.276
pse,sex_t,geo_cov_x,mts_aggregate_total,2012,152.021
pse,sex_t,geo_cov_x,mts_aggregate_total,2013,148.94
pse,sex_t,geo_cov_x,mts_aggregate_total,2014,153.714
pse,sex_t,geo_cov_x,mts_aggregate_total,2015,157.384
pse,sex_t,geo_cov_x,mts_aggregate_total,2016,160.749
pse,sex_t,geo_cov_x,mts_aggregate_total,2017,168.837
pse,sex_t,geo_cov_x,mts_aggregate_total,2018,151.357
pse,sex_t,geo_cov_x,mts_aggregate_total,2019,148.877
pse,sex_t,geo_cov_x,mts_aggregate_total,2020,167.785
pse,sex_t,geo_cov_x,mts_aggregate_total,2021,157.755
rou,sex_f,geo_cov_nat,mts_aggregate_1,2009,2616.748
rou,sex_f,geo_cov_nat,mts_aggregate_1,2010,2557.002
rou,sex_f,geo_cov_nat,mts_aggregate_1,2011,2608.409
rou,sex_f,geo_cov_nat,mts_aggregate_1,2012,2595.126
rou,sex_f,geo_cov_nat,mts_aggregate_1,2013,2599.712
rou,sex_f,geo_cov_nat,mts_aggregate_1,2014,2614.323
rou,sex_f,geo_cov_nat,mts_aggregate_1,2015,2571.097
rou,sex_f,geo_cov_nat,mts_aggregate_1,2016,2633.006
rou,sex_f,geo_cov_nat,mts_aggregate_1,2017,2583.102
rou,sex_f,geo_cov_nat,mts_aggregate_1,2018,2607.589
rou,sex_f,geo_cov_nat,mts_aggregate_1,2019,2604.743
rou,sex_f,geo_cov_nat,mts_aggregate_1,2020,2575.103
rou,sex_f,geo_cov_nat,mts_aggregate_2,2009,2287.226
rou,sex_f,geo_cov_nat,mts_aggregate_2,2010,2202.442
rou,sex_f,geo_cov_nat,mts_aggregate_2,2011,2136.57
rou,sex_f,geo_cov_nat,mts_aggregate_2,2012,2114.836
rou,sex_f,geo_cov_nat,mts_aggregate_2,2013,2113.43
rou,sex_f,geo_cov_nat,mts_aggregate_2,2014,2068.887
rou,sex_f,geo_cov_nat,mts_aggregate_2,2015,2172.364
rou,sex_f,geo_cov_nat,mts_aggregate_2,2016,2161.067
rou,sex_f,geo_cov_nat,mts_aggregate_2,2017,2058.711
rou,sex_f,geo_cov_nat,mts_aggregate_2,2018,2019.172
rou,sex_f,geo_cov_nat,mts_aggregate_2,2019,1998.565
rou,sex_f,geo_cov_nat,mts_aggregate_2,2020,2017.349
rou,sex_f,geo_cov_nat,mts_aggregate_total,2009,5035.335
rou,sex_f,geo_cov_nat,mts_aggregate_total,2010,4759.444
rou,sex_f,geo_cov_nat,mts_aggregate_total,2011,4744.979
rou,sex_f,geo_cov_nat,mts_aggregate_total,2012,4709.962
rou,sex_f,geo_cov_nat,mts_aggregate_total,2013,4713.142
rou,sex_f,geo_cov_nat,mts_aggregate_total,2014,4683.209
rou,sex_f,geo_cov_nat,mts_aggregate_total,2015,4743.462
rou,sex_f,geo_cov_nat,mts_aggregate_total,2016,4794.073
rou,sex_f,geo_cov_nat,mts_aggregate_total,2017,4641.813
rou,sex_f,geo_cov_nat,mts_aggregate_total,2018,4626.761
rou,sex_f,geo_cov_nat,mts_aggregate_total,2019,4603.307
rou,sex_f,geo_cov_nat,mts_aggregate_total,2020,4592.452
rou,sex_f,geo_cov_nat,mts_aggregate_x,2009,131.361
rou,sex_f,geo_cov_rur,mts_aggregate_1,2009,1547.55
rou,sex_f,geo_cov_rur,mts_aggregate_1,2010,1543.09
rou,sex_f,geo_cov_rur,mts_aggregate_1,2011,1603.312
rou,sex_f,geo_cov_rur,mts_aggregate_1,2012,1099.617
rou,sex_f,geo_cov_rur,mts_aggregate_1,2013,1106.745
rou,sex_f,geo_cov_rur,mts_aggregate_1,2014,1120.287
rou,sex_f,geo_cov_rur,mts_aggregate_1,2015,1135.578
rou,sex_f,geo_cov_rur,mts_aggregate_1,2016,1192.151
rou,sex_f,geo_cov_rur,mts_aggregate_1,2017,1087.44
rou,sex_f,geo_cov_rur,mts_aggregate_1,2018,1074.819
rou,sex_f,geo_cov_rur,mts_aggregate_1,2019,1065.476
rou,sex_f,geo_cov_rur,mts_aggregate_1,2020,1078.781
rou,sex_f,geo_cov_rur,mts_aggregate_2,2009,1446.098
rou,sex_f,geo_cov_rur,mts_aggregate_2,2010,1392.621
rou,sex_f,geo_cov_rur,mts_aggregate_2,2011,1356.792
rou,sex_f,geo_cov_rur,mts_aggregate_2,2012,895.899
rou,sex_f,geo_cov_rur,mts_aggregate_2,2013,891.575
rou,sex_f,geo_cov_rur,mts_aggregate_2,2014,889.907
rou,sex_f,geo_cov_rur,mts_aggregate_2,2015,967.999
rou,sex_f,geo_cov_rur,mts_aggregate_2,2016,995.945
rou,sex_f,geo_cov_rur,mts_aggregate_2,2017,859.223
rou,sex_f,geo_cov_rur,mts_aggregate_2,2018,803.271
rou,sex_f,geo_cov_rur,mts_aggregate_2,2019,807.726
rou,sex_f,geo_cov_rur,mts_aggregate_2,2020,824.262
rou,sex_f,geo_cov_rur,mts_aggregate_total,2009,3086.357
rou,sex_f,geo_cov_rur,mts_aggregate_total,2010,2935.711
rou,sex_f,geo_cov_rur,mts_aggregate_total,2011,2960.104
rou,sex_f,geo_cov_rur,mts_aggregate_total,2012,1995.516
rou,sex_f,geo_cov_rur,mts_aggregate_total,2013,1998.32
rou,sex_f,geo_cov_rur,mts_aggregate_total,2014,2010.194
rou,sex_f,geo_cov_rur,mts_aggregate_total,2015,2103.577
rou,sex_f,geo_cov_rur,mts_aggregate_total,2016,2188.096
rou,sex_f,geo_cov_rur,mts_aggregate_total,2017,1946.662
rou,sex_f,geo_cov_rur,mts_aggregate_total,2018,1878.09
rou,sex_f,geo_cov_rur,mts_aggregate_total,2019,1873.202
rou,sex_f,geo_cov_rur,mts_aggregate_total,2020,1903.044
rou,sex_f,geo_cov_rur,mts_aggregate_x,2009,92.708
rou,sex_f,geo_cov_urb,mts_aggregate_1,2009,1069.198
rou,sex_f,geo_cov_urb,mts_aggregate_1,2010,1013.913
rou,sex_f,geo_cov_urb,mts_aggregate_1,2011,1005.097
rou,sex_f,geo_cov_urb,mts_aggregate_1,2012,1495.509
rou,sex_f,geo_cov_urb,mts_aggregate_1,2013,1492.967
rou,sex_f,geo_cov_urb,mts_aggregate_1,2014,1494.036
rou,sex_f,geo_cov_urb,mts_aggregate_1,2015,1435.519
rou,sex_f,geo_cov_urb,mts_aggregate_1,2016,1440.855
rou,sex_f,geo_cov_urb,mts_aggregate_1,2017,1495.662
rou,sex_f,geo_cov_urb,mts_aggregate_1,2018,1532.77
rou,sex_f,geo_cov_urb,mts_aggregate_1,2019,1539.267
rou,sex_f,geo_cov_urb,mts_aggregate_1,2020,1496.321
rou,sex_f,geo_cov_urb,mts_aggregate_2,2009,841.127
rou,sex_f,geo_cov_urb,mts_aggregate_2,2010,809.821
rou,sex_f,geo_cov_urb,mts_aggregate_2,2011,779.778
rou,sex_f,geo_cov_urb,mts_aggregate_2,2012,1218.937
rou,sex_f,geo_cov_urb,mts_aggregate_2,2013,1221.855
rou,sex_f,geo_cov_urb,mts_aggregate_2,2014,1178.98
rou,sex_f,geo_cov_urb,mts_aggregate_2,2015,1204.365
rou,sex_f,geo_cov_urb,mts_aggregate_2,2016,1165.122
rou,sex_f,geo_cov_urb,mts_aggregate_2,2017,1199.488
rou,sex_f,geo_cov_urb,mts_aggregate_2,2018,1215.901
rou,sex_f,geo_cov_urb,mts_aggregate_2,2019,1190.839
rou,sex_f,geo_cov_urb,mts_aggregate_2,2020,1193.087
rou,sex_f,geo_cov_urb,mts_aggregate_total,2009,1948.978
rou,sex_f,geo_cov_urb,mts_aggregate_total,2010,1823.734
rou,sex_f,geo_cov_urb,mts_aggregate_total,2011,1784.875
rou,sex_f,geo_cov_urb,mts_aggregate_total,2012,2714.446
rou,sex_f,geo_cov_urb,mts_aggregate_total,2013,2714.822
rou,sex_f,geo_cov_urb,mts_aggregate_total,2014,2673.016
rou,sex_f,geo_cov_urb,mts_aggregate_total,2015,2639.885
rou,sex_f,geo_cov_urb,mts_aggregate_total,2016,2605.977
rou,sex_f,geo_cov_urb,mts_aggregate_total,2017,2695.151
rou,sex_f,geo_cov_urb,mts_aggregate_total,2018,2748.671
rou,sex_f,geo_cov_urb,mts_aggregate_total,2019,2730.106
rou,sex_f,geo_cov_urb,mts_aggregate_total,2020,2689.408
rou,sex_f,geo_cov_urb,mts_aggregate_x,2009,38.653
rou,sex_m,geo_cov_nat,mts_aggregate_1,2009,1615.38
rou,sex_m,geo_cov_nat,mts_aggregate_1,2010,1423.283
rou,sex_m,geo_cov_nat,mts_aggregate_1,2011,1496.241
rou,sex_m,geo_cov_nat,mts_aggregate_1,2012,1476.28
rou,sex_m,geo_cov_nat,mts_aggregate_1,2013,1492.539
rou,sex_m,geo_cov_nat,mts_aggregate_1,2014,1484.155
rou,sex_m,geo_cov_nat,mts_aggregate_1,2015,1396.047
rou,sex_m,geo_cov_nat,mts_aggregate_1,2016,1458.509
rou,sex_m,geo_cov_nat,mts_aggregate_1,2017,1418.519
rou,sex_m,geo_cov_nat,mts_aggregate_1,2018,1423.461
rou,sex_m,geo_cov_nat,mts_aggregate_1,2019,1394.612
rou,sex_m,geo_cov_nat,mts_aggregate_1,2020,1380.083
rou,sex_m,geo_cov_nat,mts_aggregate_2,2009,1603.46
rou,sex_m,geo_cov_nat,mts_aggregate_2,2010,1519.566
rou,sex_m,geo_cov_nat,mts_aggregate_2,2011,1550.363
rou,sex_m,geo_cov_nat,mts_aggregate_2,2012,1486.338
rou,sex_m,geo_cov_nat,mts_aggregate_2,2013,1466.614
rou,sex_m,geo_cov_nat,mts_aggregate_2,2014,1434.394
rou,sex_m,geo_cov_nat,mts_aggregate_2,2015,1493.762
rou,sex_m,geo_cov_nat,mts_aggregate_2,2016,1481.772
rou,sex_m,geo_cov_nat,mts_aggregate_2,2017,1419.805
rou,sex_m,geo_cov_nat,mts_aggregate_2,2018,1376.147
rou,sex_m,geo_cov_nat,mts_aggregate_2,2019,1351.743
rou,sex_m,geo_cov_nat,mts_aggregate_2,2020,1350.423
rou,sex_m,geo_cov_nat,mts_aggregate_total,2009,3269.987
rou,sex_m,geo_cov_nat,mts_aggregate_total,2010,2942.849
rou,sex_m,geo_cov_nat,mts_aggregate_total,2011,3046.604
rou,sex_m,geo_cov_nat,mts_aggregate_total,2012,2962.618
rou,sex_m,geo_cov_nat,mts_aggregate_total,2013,2959.153
rou,sex_m,geo_cov_nat,mts_aggregate_total,2014,2918.549
rou,sex_m,geo_cov_nat,mts_aggregate_total,2015,2889.808
rou,sex_m,geo_cov_nat,mts_aggregate_total,2016,2940.281
rou,sex_m,geo_cov_nat,mts_aggregate_total,2017,2838.324
rou,sex_m,geo_cov_nat,mts_aggregate_total,2018,2799.608
rou,sex_m,geo_cov_nat,mts_aggregate_total,2019,2746.354
rou,sex_m,geo_cov_nat,mts_aggregate_total,2020,2730.506
rou,sex_m,geo_cov_nat,mts_aggregate_x,2009,51.147
rou,sex_m,geo_cov_rur,mts_aggregate_1,2009,981.599
rou,sex_m,geo_cov_rur,mts_aggregate_1,2010,861.679
rou,sex_m,geo_cov_rur,mts_aggregate_1,2011,947.729
rou,sex_m,geo_cov_rur,mts_aggregate_1,2012,655.986
rou,sex_m,geo_cov_rur,mts_aggregate_1,2013,677.37
rou,sex_m,geo_cov_rur,mts_aggregate_1,2014,693.105
rou,sex_m,geo_cov_rur,mts_aggregate_1,2015,650.772
rou,sex_m,geo_cov_rur,mts_aggregate_1,2016,712.339
rou,sex_m,geo_cov_rur,mts_aggregate_1,2017,638.104
rou,sex_m,geo_cov_rur,mts_aggregate_1,2018,627.706
rou,sex_m,geo_cov_rur,mts_aggregate_1,2019,616.549
rou,sex_m,geo_cov_rur,mts_aggregate_1,2020,615.29
rou,sex_m,geo_cov_rur,mts_aggregate_2,2009,976.06
rou,sex_m,geo_cov_rur,mts_aggregate_2,2010,909.266
rou,sex_m,geo_cov_rur,mts_aggregate_2,2011,964.085
rou,sex_m,geo_cov_rur,mts_aggregate_2,2012,609.593
rou,sex_m,geo_cov_rur,mts_aggregate_2,2013,586.517
rou,sex_m,geo_cov_rur,mts_aggregate_2,2014,586.695
rou,sex_m,geo_cov_rur,mts_aggregate_2,2015,629.913
rou,sex_m,geo_cov_rur,mts_aggregate_2,2016,632.828
rou,sex_m,geo_cov_rur,mts_aggregate_2,2017,551.673
rou,sex_m,geo_cov_rur,mts_aggregate_2,2018,512.651
rou,sex_m,geo_cov_rur,mts_aggregate_2,2019,498.717
rou,sex_m,geo_cov_rur,mts_aggregate_2,2020,490.323
rou,sex_m,geo_cov_rur,mts_aggregate_total,2009,1991.536
rou,sex_m,geo_cov_rur,mts_aggregate_total,2010,1770.946
rou,sex_m,geo_cov_rur,mts_aggregate_total,2011,1911.814
rou,sex_m,geo_cov_rur,mts_aggregate_total,2012,1265.579
rou,sex_m,geo_cov_rur,mts_aggregate_total,2013,1263.886
rou,sex_m,geo_cov_rur,mts_aggregate_total,2014,1279.8
rou,sex_m,geo_cov_rur,mts_aggregate_total,2015,1280.685
rou,sex_m,geo_cov_rur,mts_aggregate_total,2016,1345.168
rou,sex_m,geo_cov_rur,mts_aggregate_total,2017,1189.777
rou,sex_m,geo_cov_rur,mts_aggregate_total,2018,1140.356
rou,sex_m,geo_cov_rur,mts_aggregate_total,2019,1115.266
rou,sex_m,geo_cov_rur,mts_aggregate_total,2020,1105.613
rou,sex_m,geo_cov_rur,mts_aggregate_x,2009,33.877
rou,sex_m,geo_cov_urb,mts_aggregate_1,2009,633.781
rou,sex_m,geo_cov_urb,mts_aggregate_1,2010,561.604
rou,sex_m,geo_cov_urb,mts_aggregate_1,2011,548.512
rou,sex_m,geo_cov_urb,mts_aggregate_1,2012,820.294
rou,sex_m,geo_cov_urb,mts_aggregate_1,2013,815.169
rou,sex_m,geo_cov_urb,mts_aggregate_1,2014,791.05
rou,sex_m,geo_cov_urb,mts_aggregate_1,2015,745.274
rou,sex_m,geo_cov_urb,mts_aggregate_1,2016,746.17
rou,sex_m,geo_cov_urb,mts_aggregate_1,2017,780.414
rou,sex_m,geo_cov_urb,mts_aggregate_1,2018,795.756
rou,sex_m,geo_cov_urb,mts_aggregate_1,2019,778.062
rou,sex_m,geo_cov_urb,mts_aggregate_1,2020,764.794
rou,sex_m,geo_cov_urb,mts_aggregate_2,2009,627.401
rou,sex_m,geo_cov_urb,mts_aggregate_2,2010,610.299
rou,sex_m,geo_cov_urb,mts_aggregate_2,2011,586.277
rou,sex_m,geo_cov_urb,mts_aggregate_2,2012,876.745
rou,sex_m,geo_cov_urb,mts_aggregate_2,2013,880.097
rou,sex_m,geo_cov_urb,mts_aggregate_2,2014,847.699
rou,sex_m,geo_cov_urb,mts_aggregate_2,2015,863.849
rou,sex_m,geo_cov_urb,mts_aggregate_2,2016,848.944
rou,sex_m,geo_cov_urb,mts_aggregate_2,2017,868.132
rou,sex_m,geo_cov_urb,mts_aggregate_2,2018,863.497
rou,sex_m,geo_cov_urb,mts_aggregate_2,2019,853.026
rou,sex_m,geo_cov_urb,mts_aggregate_2,2020,860.099
rou,sex_m,geo_cov_urb,mts_aggregate_total,2009,1278.452
rou,sex_m,geo_cov_urb,mts_aggregate_total,2010,1171.903
rou,sex_m,geo_cov_urb,mts_aggregate_total,2011,1134.789
rou,sex_m,geo_cov_urb,mts_aggregate_total,2012,1697.039
rou,sex_m,geo_cov_urb,mts_aggregate_total,2013,1695.266
rou,sex_m,geo_cov_urb,mts_aggregate_total,2014,1638.749
rou,sex_m,geo_cov_urb,mts_aggregate_total,2015,1609.123
rou,sex_m,geo_cov_urb,mts_aggregate_total,2016,1595.114
rou,sex_m,geo_cov_urb,mts_aggregate_total,2017,1648.546
rou,sex_m,geo_cov_urb,mts_aggregate_total,2018,1659.252
rou,sex_m,geo_cov_urb,mts_aggregate_total,2019,1631.088
rou,sex_m,geo_cov_urb,mts_aggregate_total,2020,1624.893
rou,sex_m,geo_cov_urb,mts_aggregate_x,2009,17.27
rou,sex_t,geo_cov_nat,mts_aggregate_1,2009,4232.128
rou,sex_t,geo_cov_nat,mts_aggregate_1,2010,3980.285
rou,sex_t,geo_cov_nat,mts_aggregate_1,2011,4104.65
rou,sex_t,geo_cov_nat,mts_aggregate_1,2012,4071.406
rou,sex_t,geo_cov_nat,mts_aggregate_1,2013,4092.25
rou,sex_t,geo_cov_nat,mts_aggregate_1,2014,4098.478
rou,sex_t,geo_cov_nat,mts_aggregate_1,2015,3967.144
rou,sex_t,geo_cov_nat,mts_aggregate_1,2016,4091.515
rou,sex_t,geo_cov_nat,mts_aggregate_1,2017,4001.621
rou,sex_t,geo_cov_nat,mts_aggregate_1,2018,4031.05
rou,sex_t,geo_cov_nat,mts_aggregate_1,2019,3999.355
rou,sex_t,geo_cov_nat,mts_aggregate_1,2020,3955.186
rou,sex_t,geo_cov_nat,mts_aggregate_2,2009,3890.686
rou,sex_t,geo_cov_nat,mts_aggregate_2,2010,3722.008
rou,sex_t,geo_cov_nat,mts_aggregate_2,2011,3686.933
rou,sex_t,geo_cov_nat,mts_aggregate_2,2012,3601.174
rou,sex_t,geo_cov_nat,mts_aggregate_2,2013,3580.044
rou,sex_t,geo_cov_nat,mts_aggregate_2,2014,3503.28
rou,sex_t,geo_cov_nat,mts_aggregate_2,2015,3666.126
rou,sex_t,geo_cov_nat,mts_aggregate_2,2016,3642.839
rou,sex_t,geo_cov_nat,mts_aggregate_2,2017,3478.516
rou,sex_t,geo_cov_nat,mts_aggregate_2,2018,3395.32
rou,sex_t,geo_cov_nat,mts_aggregate_2,2019,3350.307
rou,sex_t,geo_cov_nat,mts_aggregate_2,2020,3367.772
rou,sex_t,geo_cov_nat,mts_aggregate_total,2009,8305.322
rou,sex_t,geo_cov_nat,mts_aggregate_total,2010,7702.293
rou,sex_t,geo_cov_nat,mts_aggregate_total,2011,7791.582
rou,sex_t,geo_cov_nat,mts_aggregate_total,2012,7672.58
rou,sex_t,geo_cov_nat,mts_aggregate_total,2013,7672.294
rou,sex_t,geo_cov_nat,mts_aggregate_total,2014,7601.759
rou,sex_t,geo_cov_nat,mts_aggregate_total,2015,7633.27
rou,sex_t,geo_cov_nat,mts_aggregate_total,2016,7734.354
rou,sex_t,geo_cov_nat,mts_aggregate_total,2017,7480.137
rou,sex_t,geo_cov_nat,mts_aggregate_total,2018,7426.37
rou,sex_t,geo_cov_nat,mts_aggregate_total,2019,7349.662
rou,sex_t,geo_cov_nat,mts_aggregate_total,2020,7322.958
rou,sex_t,geo_cov_nat,mts_aggregate_x,2009,182.508
rou,sex_t,geo_cov_rur,mts_aggregate_1,2009,2529.149
rou,sex_t,geo_cov_rur,mts_aggregate_1,2010,2404.769
rou,sex_t,geo_cov_rur,mts_aggregate_1,2011,2551.041
rou,sex_t,geo_cov_rur,mts_aggregate_1,2012,1755.603
rou,sex_t,geo_cov_rur,mts_aggregate_1,2013,1784.115
rou,sex_t,geo_cov_rur,mts_aggregate_1,2014,1813.392
rou,sex_t,geo_cov_rur,mts_aggregate_1,2015,1786.351
rou,sex_t,geo_cov_rur,mts_aggregate_1,2016,1904.49
rou,sex_t,geo_cov_rur,mts_aggregate_1,2017,1725.544
rou,sex_t,geo_cov_rur,mts_aggregate_1,2018,1702.525
rou,sex_t,geo_cov_rur,mts_aggregate_1,2019,1682.025
rou,sex_t,geo_cov_rur,mts_aggregate_1,2020,1694.071
rou,sex_t,geo_cov_rur,mts_aggregate_2,2009,2422.158
rou,sex_t,geo_cov_rur,mts_aggregate_2,2010,2301.887
rou,sex_t,geo_cov_rur,mts_aggregate_2,2011,2320.877
rou,sex_t,geo_cov_rur,mts_aggregate_2,2012,1505.492
rou,sex_t,geo_cov_rur,mts_aggregate_2,2013,1478.092
rou,sex_t,geo_cov_rur,mts_aggregate_2,2014,1476.602
rou,sex_t,geo_cov_rur,mts_aggregate_2,2015,1597.912
rou,sex_t,geo_cov_rur,mts_aggregate_2,2016,1628.773
rou,sex_t,geo_cov_rur,mts_aggregate_2,2017,1410.896
rou,sex_t,geo_cov_rur,mts_aggregate_2,2018,1315.922
rou,sex_t,geo_cov_rur,mts_aggregate_2,2019,1306.443
rou,sex_t,geo_cov_rur,mts_aggregate_2,2020,1314.585
rou,sex_t,geo_cov_rur,mts_aggregate_total,2009,5077.892
rou,sex_t,geo_cov_rur,mts_aggregate_total,2010,4706.656
rou,sex_t,geo_cov_rur,mts_aggregate_total,2011,4871.918
rou,sex_t,geo_cov_rur,mts_aggregate_total,2012,3261.095
rou,sex_t,geo_cov_rur,mts_aggregate_total,2013,3262.206
rou,sex_t,geo_cov_rur,mts_aggregate_total,2014,3289.994
rou,sex_t,geo_cov_rur,mts_aggregate_total,2015,3384.262
rou,sex_t,geo_cov_rur,mts_aggregate_total,2016,3533.263
rou,sex_t,geo_cov_rur,mts_aggregate_total,2017,3136.44
rou,sex_t,geo_cov_rur,mts_aggregate_total,2018,3018.447
rou,sex_t,geo_cov_rur,mts_aggregate_total,2019,2988.468
rou,sex_t,geo_cov_rur,mts_aggregate_total,2020,3008.656
rou,sex_t,geo_cov_rur,mts_aggregate_x,2009,126.585
rou,sex_t,geo_cov_urb,mts_aggregate_1,2009,1702.979
rou,sex_t,geo_cov_urb,mts_aggregate_1,2010,1575.517
rou,sex_t,geo_cov_urb,mts_aggregate_1,2011,1553.609
rou,sex_t,geo_cov_urb,mts_aggregate_1,2012,2315.803
rou,sex_t,geo_cov_urb,mts_aggregate_1,2013,2308.136
rou,sex_t,geo_cov_urb,mts_aggregate_1,2014,2285.087
rou,sex_t,geo_cov_urb,mts_aggregate_1,2015,2180.793
rou,sex_t,geo_cov_urb,mts_aggregate_1,2016,2187.025
rou,sex_t,geo_cov_urb,mts_aggregate_1,2017,2276.077
rou,sex_t,geo_cov_urb,mts_aggregate_1,2018,2328.525
rou,sex_t,geo_cov_urb,mts_aggregate_1,2019,2317.33
rou,sex_t,geo_cov_urb,mts_aggregate_1,2020,2261.115
rou,sex_t,geo_cov_urb,mts_aggregate_2,2009,1468.528
rou,sex_t,geo_cov_urb,mts_aggregate_2,2010,1420.12
rou,sex_t,geo_cov_urb,mts_aggregate_2,2011,1366.055
rou,sex_t,geo_cov_urb,mts_aggregate_2,2012,2095.682
rou,sex_t,geo_cov_urb,mts_aggregate_2,2013,2101.952
rou,sex_t,geo_cov_urb,mts_aggregate_2,2014,2026.678
rou,sex_t,geo_cov_urb,mts_aggregate_2,2015,2068.214
rou,sex_t,geo_cov_urb,mts_aggregate_2,2016,2014.066
rou,sex_t,geo_cov_urb,mts_aggregate_2,2017,2067.62
rou,sex_t,geo_cov_urb,mts_aggregate_2,2018,2079.398
rou,sex_t,geo_cov_urb,mts_aggregate_2,2019,2043.865
rou,sex_t,geo_cov_urb,mts_aggregate_2,2020,2053.186
rou,sex_t,geo_cov_urb,mts_aggregate_total,2009,3227.43
rou,sex_t,geo_cov_urb,mts_aggregate_total,2010,2995.637
rou,sex_t,geo_cov_urb,mts_aggregate_total,2011,2919.664
rou,sex_t,geo_cov_urb,mts_aggregate_total,2012,4411.485
rou,sex_t,geo_cov_urb,mts_aggregate_total,2013,4410.088
rou,sex_t,geo_cov_urb,mts_aggregate_total,2014,4311.765
rou,sex_t,geo_cov_urb,mts_aggregate_total,2015,4249.007
rou,sex_t,geo_cov_urb,mts_aggregate_total,2016,4201.091
rou,sex_t,geo_cov_urb,mts_aggregate_total,2017,4343.697
rou,sex_t,geo_cov_urb,mts_aggregate_total,2018,4407.923
rou,sex_t,geo_cov_urb,mts_aggregate_total,2019,4361.194
rou,sex_t,geo_cov_urb,mts_aggregate_total,2020,4314.301
rou,sex_t,geo_cov_urb,mts_aggregate_x,2009,55.923
rus,sex_f,geo_cov_nat,mts_aggregate_1,2010,12368.434
rus,sex_f,geo_cov_nat,mts_aggregate_1,2011,11808.571
rus,sex_f,geo_cov_nat,mts_aggregate_1,2012,11441.791
rus,sex_f,geo_cov_nat,mts_aggregate_1,2013,11379.298
rus,sex_f,geo_cov_nat,mts_aggregate_1,2014,10898.124
rus,sex_f,geo_cov_nat,mts_aggregate_1,2015,10854.292
rus,sex_f,geo_cov_nat,mts_aggregate_1,2016,10495.012
rus,sex_f,geo_cov_nat,mts_aggregate_1,2017,16723.888
rus,sex_f,geo_cov_nat,mts_aggregate_1,2018,16433.837
rus,sex_f,geo_cov_nat,mts_aggregate_1,2019,16334.122
rus,sex_f,geo_cov_nat,mts_aggregate_1,2020,16372.634
rus,sex_f,geo_cov_nat,mts_aggregate_1,2021,16383.62
rus,sex_f,geo_cov_nat,mts_aggregate_2,2010,9987.652
rus,sex_f,geo_cov_nat,mts_aggregate_2,2011,9962.979
rus,sex_f,geo_cov_nat,mts_aggregate_2,2012,10009.07
rus,sex_f,geo_cov_nat,mts_aggregate_2,2013,10216.109
rus,sex_f,geo_cov_nat,mts_aggregate_2,2014,10342.142
rus,sex_f,geo_cov_nat,mts_aggregate_2,2015,10552.859
rus,sex_f,geo_cov_nat,mts_aggregate_2,2016,10572.439
rus,sex_f,geo_cov_nat,mts_aggregate_2,2017,12756.296
rus,sex_f,geo_cov_nat,mts_aggregate_2,2018,12839.964
rus,sex_f,geo_cov_nat,mts_aggregate_2,2019,13248.41
rus,sex_f,geo_cov_nat,mts_aggregate_2,2020,13275.491
rus,sex_f,geo_cov_nat,mts_aggregate_2,2021,13038.72
rus,sex_f,geo_cov_nat,mts_aggregate_total,2010,22356.086
rus,sex_f,geo_cov_nat,mts_aggregate_total,2011,21771.55
rus,sex_f,geo_cov_nat,mts_aggregate_total,2012,21450.861
rus,sex_f,geo_cov_nat,mts_aggregate_total,2013,21595.407
rus,sex_f,geo_cov_nat,mts_aggregate_total,2014,21240.267
rus,sex_f,geo_cov_nat,mts_aggregate_total,2015,21407.151
rus,sex_f,geo_cov_nat,mts_aggregate_total,2016,21067.451
rus,sex_f,geo_cov_nat,mts_aggregate_total,2017,29480.185
rus,sex_f,geo_cov_nat,mts_aggregate_total,2018,29273.801
rus,sex_f,geo_cov_nat,mts_aggregate_total,2019,29582.532
rus,sex_f,geo_cov_nat,mts_aggregate_total,2020,29648.124
rus,sex_f,geo_cov_nat,mts_aggregate_total,2021,29422.339
rus,sex_f,geo_cov_nat,mts_details_mrd,2010,9180.793
rus,sex_f,geo_cov_nat,mts_details_mrd,2011,9153.761
rus,sex_f,geo_cov_nat,mts_details_mrd,2012,9192.123
rus,sex_f,geo_cov_nat,mts_details_mrd,2013,9342.275
rus,sex_f,geo_cov_nat,mts_details_mrd,2014,9438.046
rus,sex_f,geo_cov_nat,mts_details_mrd,2015,9646.66
rus,sex_f,geo_cov_nat,mts_details_mrd,2016,9669.469
rus,sex_f,geo_cov_nat,mts_details_mrd,2017,11756.983
rus,sex_f,geo_cov_nat,mts_details_mrd,2018,11845.767
rus,sex_f,geo_cov_nat,mts_details_mrd,2019,12303.863
rus,sex_f,geo_cov_nat,mts_details_mrd,2020,12358.199
rus,sex_f,geo_cov_nat,mts_details_mrd,2021,12130.757
rus,sex_f,geo_cov_nat,mts_details_sep,2010,1691.703
rus,sex_f,geo_cov_nat,mts_details_sep,2011,1677.519
rus,sex_f,geo_cov_nat,mts_details_sep,2012,1661.189
rus,sex_f,geo_cov_nat,mts_details_sep,2013,1705.902
rus,sex_f,geo_cov_nat,mts_details_sep,2014,1655.827
rus,sex_f,geo_cov_nat,mts_details_sep,2015,1764.175
rus,sex_f,geo_cov_nat,mts_details_sep,2016,1750.824
rus,sex_f,geo_cov_nat,mts_details_sep,2017,2127.197
rus,sex_f,geo_cov_nat,mts_details_sep,2018,2125.982
rus,sex_f,geo_cov_nat,mts_details_sep,2019,2133.03
rus,sex_f,geo_cov_nat,mts_details_sep,2020,2121.643
rus,sex_f,geo_cov_nat,mts_details_sep,2021,2125.076
rus,sex_f,geo_cov_nat,mts_details_sgle,2010,6306.664
rus,sex_f,geo_cov_nat,mts_details_sgle,2011,6009.29
rus,sex_f,geo_cov_nat,mts_details_sgle,2012,5931.904
rus,sex_f,geo_cov_nat,mts_details_sgle,2013,5839.02
rus,sex_f,geo_cov_nat,mts_details_sgle,2014,5513.916
rus,sex_f,geo_cov_nat,mts_details_sgle,2015,5416.362
rus,sex_f,geo_cov_nat,mts_details_sgle,2016,5200.254
rus,sex_f,geo_cov_nat,mts_details_sgle,2017,5235.564
rus,sex_f,geo_cov_nat,mts_details_sgle,2018,5139.847
rus,sex_f,geo_cov_nat,mts_details_sgle,2019,5091.775
rus,sex_f,geo_cov_nat,mts_details_sgle,2020,5203.4
rus,sex_f,geo_cov_nat,mts_details_sgle,2021,5236.257
rus,sex_f,geo_cov_nat,mts_details_total,2010,22356.086
rus,sex_f,geo_cov_nat,mts_details_total,2011,21771.55
rus,sex_f,geo_cov_nat,mts_details_total,2012,21450.861
rus,sex_f,geo_cov_nat,mts_details_total,2013,21595.407
rus,sex_f,geo_cov_nat,mts_details_total,2014,21240.267
rus,sex_f,geo_cov_nat,mts_details_total,2015,21407.151
rus,sex_f,geo_cov_nat,mts_details_total,2016,21067.451
rus,sex_f,geo_cov_nat,mts_details_total,2017,29480.185
rus,sex_f,geo_cov_nat,mts_details_total,2018,29273.801
rus,sex_f,geo_cov_nat,mts_details_total,2019,29582.532
rus,sex_f,geo_cov_nat,mts_details_total,2020,29648.124
rus,sex_f,geo_cov_nat,mts_details_total,2021,29422.339
rus,sex_f,geo_cov_nat,mts_details_union,2010,806.858
rus,sex_f,geo_cov_nat,mts_details_union,2011,809.218
rus,sex_f,geo_cov_nat,mts_details_union,2012,816.947
rus,sex_f,geo_cov_nat,mts_details_union,2013,873.834
rus,sex_f,geo_cov_nat,mts_details_union,2014,904.097
rus,sex_f,geo_cov_nat,mts_details_union,2015,906.199
rus,sex_f,geo_cov_nat,mts_details_union,2016,902.97
rus,sex_f,geo_cov_nat,mts_details_union,2017,999.313
rus,sex_f,geo_cov_nat,mts_details_union,2018,994.197
rus,sex_f,geo_cov_nat,mts_details_union,2019,944.547
rus,sex_f,geo_cov_nat,mts_details_union,2020,917.292
rus,sex_f,geo_cov_nat,mts_details_union,2021,907.963
rus,sex_f,geo_cov_nat,mts_details_wid,2010,4370.067
rus,sex_f,geo_cov_nat,mts_details_wid,2011,4121.762
rus,sex_f,geo_cov_nat,mts_details_wid,2012,3848.698
rus,sex_f,geo_cov_nat,mts_details_wid,2013,3834.376
rus,sex_f,geo_cov_nat,mts_details_wid,2014,3728.381
rus,sex_f,geo_cov_nat,mts_details_wid,2015,3673.755
rus,sex_f,geo_cov_nat,mts_details_wid,2016,3543.934
rus,sex_f,geo_cov_nat,mts_details_wid,2017,9361.128
rus,sex_f,geo_cov_nat,mts_details_wid,2018,9168.009
rus,sex_f,geo_cov_nat,mts_details_wid,2019,9109.318
rus,sex_f,geo_cov_nat,mts_details_wid,2020,9047.591
rus,sex_f,geo_cov_nat,mts_details_wid,2021,9022.287
rus,sex_f,geo_cov_rur,mts_aggregate_1,2010,3239.963
rus,sex_f,geo_cov_rur,mts_aggregate_1,2011,3031.713
rus,sex_f,geo_cov_rur,mts_aggregate_1,2012,2923.395
rus,sex_f,geo_cov_rur,mts_aggregate_1,2013,2916.328
rus,sex_f,geo_cov_rur,mts_aggregate_1,2014,2821.981
rus,sex_f,geo_cov_rur,mts_aggregate_1,2015,2778.479
rus,sex_f,geo_cov_rur,mts_aggregate_1,2016,2739.228
rus,sex_f,geo_cov_rur,mts_aggregate_1,2017,4483.324
rus,sex_f,geo_cov_rur,mts_aggregate_1,2018,4435.926
rus,sex_f,geo_cov_rur,mts_aggregate_1,2019,4410.012
rus,sex_f,geo_cov_rur,mts_aggregate_1,2020,4448.868
rus,sex_f,geo_cov_rur,mts_aggregate_1,2021,4447.174
rus,sex_f,geo_cov_rur,mts_aggregate_2,2010,2824.083
rus,sex_f,geo_cov_rur,mts_aggregate_2,2011,2751.203
rus,sex_f,geo_cov_rur,mts_aggregate_2,2012,2753.246
rus,sex_f,geo_cov_rur,mts_aggregate_2,2013,2798.538
rus,sex_f,geo_cov_rur,mts_aggregate_2,2014,2791.042
rus,sex_f,geo_cov_rur,mts_aggregate_2,2015,2892.616
rus,sex_f,geo_cov_rur,mts_aggregate_2,2016,2938.091
rus,sex_f,geo_cov_rur,mts_aggregate_2,2017,3552.052
rus,sex_f,geo_cov_rur,mts_aggregate_2,2018,3571.694
rus,sex_f,geo_cov_rur,mts_aggregate_2,2019,3685.14
rus,sex_f,geo_cov_rur,mts_aggregate_2,2020,3646.474
rus,sex_f,geo_cov_rur,mts_aggregate_2,2021,3593.688
rus,sex_f,geo_cov_rur,mts_aggregate_total,2010,6064.046
rus,sex_f,geo_cov_rur,mts_aggregate_total,2011,5782.917
rus,sex_f,geo_cov_rur,mts_aggregate_total,2012,5676.641
rus,sex_f,geo_cov_rur,mts_aggregate_total,2013,5714.866
rus,sex_f,geo_cov_rur,mts_aggregate_total,2014,5613.023
rus,sex_f,geo_cov_rur,mts_aggregate_total,2015,5671.095
rus,sex_f,geo_cov_rur,mts_aggregate_total,2016,5677.319
rus,sex_f,geo_cov_rur,mts_aggregate_total,2017,8035.376
rus,sex_f,geo_cov_rur,mts_aggregate_total,2018,8007.62
rus,sex_f,geo_cov_rur,mts_aggregate_total,2019,8095.152
rus,sex_f,geo_cov_rur,mts_aggregate_total,2020,8095.342
rus,sex_f,geo_cov_rur,mts_aggregate_total,2021,8040.862
rus,sex_f,geo_cov_rur,mts_details_mrd,2010,2538.293
rus,sex_f,geo_cov_rur,mts_details_mrd,2011,2480.276
rus,sex_f,geo_cov_rur,mts_details_mrd,2012,2484.983
rus,sex_f,geo_cov_rur,mts_details_mrd,2013,2529.541
rus,sex_f,geo_cov_rur,mts_details_mrd,2014,2530.636
rus,sex_f,geo_cov_rur,mts_details_mrd,2015,2617.488
rus,sex_f,geo_cov_rur,mts_details_mrd,2016,2671.96
rus,sex_f,geo_cov_rur,mts_details_mrd,2017,3237.45
rus,sex_f,geo_cov_rur,mts_details_mrd,2018,3269.157
rus,sex_f,geo_cov_rur,mts_details_mrd,2019,3376.342
rus,sex_f,geo_cov_rur,mts_details_mrd,2020,3348.969
rus,sex_f,geo_cov_rur,mts_details_mrd,2021,3289.756
rus,sex_f,geo_cov_rur,mts_details_sep,2010,402.329
rus,sex_f,geo_cov_rur,mts_details_sep,2011,374.39
rus,sex_f,geo_cov_rur,mts_details_sep,2012,385.444
rus,sex_f,geo_cov_rur,mts_details_sep,2013,402.545
rus,sex_f,geo_cov_rur,mts_details_sep,2014,401.9
rus,sex_f,geo_cov_rur,mts_details_sep,2015,422.479
rus,sex_f,geo_cov_rur,mts_details_sep,2016,411.109
rus,sex_f,geo_cov_rur,mts_details_sep,2017,466.538
rus,sex_f,geo_cov_rur,mts_details_sep,2018,457.711
rus,sex_f,geo_cov_rur,mts_details_sep,2019,474.135
rus,sex_f,geo_cov_rur,mts_details_sep,2020,469.761
rus,sex_f,geo_cov_rur,mts_details_sep,2021,481.092
rus,sex_f,geo_cov_rur,mts_details_sgle,2010,1562.435
rus,sex_f,geo_cov_rur,mts_details_sgle,2011,1465.641
rus,sex_f,geo_cov_rur,mts_details_sgle,2012,1434.619
rus,sex_f,geo_cov_rur,mts_details_sgle,2013,1425.988
rus,sex_f,geo_cov_rur,mts_details_sgle,2014,1396.205
rus,sex_f,geo_cov_rur,mts_details_sgle,2015,1343.076
rus,sex_f,geo_cov_rur,mts_details_sgle,2016,1328.89
rus,sex_f,geo_cov_rur,mts_details_sgle,2017,1342.974
rus,sex_f,geo_cov_rur,mts_details_sgle,2018,1342.497
rus,sex_f,geo_cov_rur,mts_details_sgle,2019,1353.743
rus,sex_f,geo_cov_rur,mts_details_sgle,2020,1427.806
rus,sex_f,geo_cov_rur,mts_details_sgle,2021,1432.031
rus,sex_f,geo_cov_rur,mts_details_total,2010,6064.046
rus,sex_f,geo_cov_rur,mts_details_total,2011,5782.917
rus,sex_f,geo_cov_rur,mts_details_total,2012,5676.641
rus,sex_f,geo_cov_rur,mts_details_total,2013,5714.866
rus,sex_f,geo_cov_rur,mts_details_total,2014,5613.023
rus,sex_f,geo_cov_rur,mts_details_total,2015,5671.095
rus,sex_f,geo_cov_rur,mts_details_total,2016,5677.319
rus,sex_f,geo_cov_rur,mts_details_total,2017,8035.376
rus,sex_f,geo_cov_rur,mts_details_total,2018,8007.62
rus,sex_f,geo_cov_rur,mts_details_total,2019,8095.152
rus,sex_f,geo_cov_rur,mts_details_total,2020,8095.342
rus,sex_f,geo_cov_rur,mts_details_total,2021,8040.862
rus,sex_f,geo_cov_rur,mts_details_union,2010,285.79
rus,sex_f,geo_cov_rur,mts_details_union,2011,270.928
rus,sex_f,geo_cov_rur,mts_details_union,2012,268.263
rus,sex_f,geo_cov_rur,mts_details_union,2013,268.997
rus,sex_f,geo_cov_rur,mts_details_union,2014,260.406
rus,sex_f,geo_cov_rur,mts_details_union,2015,275.129
rus,sex_f,geo_cov_rur,mts_details_union,2016,266.131
rus,sex_f,geo_cov_rur,mts_details_union,2017,314.602
rus,sex_f,geo_cov_rur,mts_details_union,2018,302.538
rus,sex_f,geo_cov_rur,mts_details_union,2019,308.798
rus,sex_f,geo_cov_rur,mts_details_union,2020,297.505
rus,sex_f,geo_cov_rur,mts_details_union,2021,303.932
rus,sex_f,geo_cov_rur,mts_details_wid,2010,1275.2
rus,sex_f,geo_cov_rur,mts_details_wid,2011,1191.682
rus,sex_f,geo_cov_rur,mts_details_wid,2012,1103.332
rus,sex_f,geo_cov_rur,mts_details_wid,2013,1087.794
rus,sex_f,geo_cov_rur,mts_details_wid,2014,1023.876
rus,sex_f,geo_cov_rur,mts_details_wid,2015,1012.924
rus,sex_f,geo_cov_rur,mts_details_wid,2016,999.229
rus,sex_f,geo_cov_rur,mts_details_wid,2017,2673.811
rus,sex_f,geo_cov_rur,mts_details_wid,2018,2635.718
rus,sex_f,geo_cov_rur,mts_details_wid,2019,2582.133
rus,sex_f,geo_cov_rur,mts_details_wid,2020,2551.301
rus,sex_f,geo_cov_rur,mts_details_wid,2021,2534.051
rus,sex_f,geo_cov_urb,mts_aggregate_1,2010,9128.471
rus,sex_f,geo_cov_urb,mts_aggregate_1,2011,8776.858
rus,sex_f,geo_cov_urb,mts_aggregate_1,2012,8518.396
rus,sex_f,geo_cov_urb,mts_aggregate_1,2013,8462.97
rus,sex_f,geo_cov_urb,mts_aggregate_1,2014,8076.143
rus,sex_f,geo_cov_urb,mts_aggregate_1,2015,8075.812
rus,sex_f,geo_cov_urb,mts_aggregate_1,2016,7755.784
rus,sex_f,geo_cov_urb,mts_aggregate_1,2017,12240.565
rus,sex_f,geo_cov_urb,mts_aggregate_1,2018,11997.911
rus,sex_f,geo_cov_urb,mts_aggregate_1,2019,11924.11
rus,sex_f,geo_cov_urb,mts_aggregate_1,2020,11923.766
rus,sex_f,geo_cov_urb,mts_aggregate_1,2021,11936.445
rus,sex_f,geo_cov_urb,mts_aggregate_2,2010,7163.569
rus,sex_f,geo_cov_urb,mts_aggregate_2,2011,7211.775
rus,sex_f,geo_cov_urb,mts_aggregate_2,2012,7255.824
rus,sex_f,geo_cov_urb,mts_aggregate_2,2013,7417.571
rus,sex_f,geo_cov_urb,mts_aggregate_2,2014,7551.101
rus,sex_f,geo_cov_urb,mts_aggregate_2,2015,7660.243
rus,sex_f,geo_cov_urb,mts_aggregate_2,2016,7634.348
rus,sex_f,geo_cov_urb,mts_aggregate_2,2017,9204.244
rus,sex_f,geo_cov_urb,mts_aggregate_2,2018,9268.27
rus,sex_f,geo_cov_urb,mts_aggregate_2,2019,9563.27
rus,sex_f,geo_cov_urb,mts_aggregate_2,2020,9629.017
rus,sex_f,geo_cov_urb,mts_aggregate_2,2021,9445.032
rus,sex_f,geo_cov_urb,mts_aggregate_total,2010,16292.04
rus,sex_f,geo_cov_urb,mts_aggregate_total,2011,15988.633
rus,sex_f,geo_cov_urb,mts_aggregate_total,2012,15774.22
rus,sex_f,geo_cov_urb,mts_aggregate_total,2013,15880.541
rus,sex_f,geo_cov_urb,mts_aggregate_total,2014,15627.244
rus,sex_f,geo_cov_urb,mts_aggregate_total,2015,15736.055
rus,sex_f,geo_cov_urb,mts_aggregate_total,2016,15390.132
rus,sex_f,geo_cov_urb,mts_aggregate_total,2017,21444.809
rus,sex_f,geo_cov_urb,mts_aggregate_total,2018,21266.181
rus,sex_f,geo_cov_urb,mts_aggregate_total,2019,21487.38
rus,sex_f,geo_cov_urb,mts_aggregate_total,2020,21552.783
rus,sex_f,geo_cov_urb,mts_aggregate_total,2021,21381.477
rus,sex_f,geo_cov_urb,mts_details_mrd,2010,6642.5
rus,sex_f,geo_cov_urb,mts_details_mrd,2011,6673.485
rus,sex_f,geo_cov_urb,mts_details_mrd,2012,6707.14
rus,sex_f,geo_cov_urb,mts_details_mrd,2013,6812.734
rus,sex_f,geo_cov_urb,mts_details_mrd,2014,6907.409
rus,sex_f,geo_cov_urb,mts_details_mrd,2015,7029.172
rus,sex_f,geo_cov_urb,mts_details_mrd,2016,6997.509
rus,sex_f,geo_cov_urb,mts_details_mrd,2017,8519.533
rus,sex_f,geo_cov_urb,mts_details_mrd,2018,8576.61
rus,sex_f,geo_cov_urb,mts_details_mrd,2019,8927.521
rus,sex_f,geo_cov_urb,mts_details_mrd,2020,9009.23
rus,sex_f,geo_cov_urb,mts_details_mrd,2021,8841.001
rus,sex_f,geo_cov_urb,mts_details_sep,2010,1289.375
rus,sex_f,geo_cov_urb,mts_details_sep,2011,1303.129
rus,sex_f,geo_cov_urb,mts_details_sep,2012,1275.745
rus,sex_f,geo_cov_urb,mts_details_sep,2013,1303.357
rus,sex_f,geo_cov_urb,mts_details_sep,2014,1253.927
rus,sex_f,geo_cov_urb,mts_details_sep,2015,1341.696
rus,sex_f,geo_cov_urb,mts_details_sep,2016,1339.715
rus,sex_f,geo_cov_urb,mts_details_sep,2017,1660.659
rus,sex_f,geo_cov_urb,mts_details_sep,2018,1668.271
rus,sex_f,geo_cov_urb,mts_details_sep,2019,1658.894
rus,sex_f,geo_cov_urb,mts_details_sep,2020,1651.882
rus,sex_f,geo_cov_urb,mts_details_sep,2021,1643.984
rus,sex_f,geo_cov_urb,mts_details_sgle,2010,4744.229
rus,sex_f,geo_cov_urb,mts_details_sgle,2011,4543.649
rus,sex_f,geo_cov_urb,mts_details_sgle,2012,4497.286
rus,sex_f,geo_cov_urb,mts_details_sgle,2013,4413.032
rus,sex_f,geo_cov_urb,mts_details_sgle,2014,4117.711
rus,sex_f,geo_cov_urb,mts_details_sgle,2015,4073.285
rus,sex_f,geo_cov_urb,mts_details_sgle,2016,3871.364
rus,sex_f,geo_cov_urb,mts_details_sgle,2017,3892.59
rus,sex_f,geo_cov_urb,mts_details_sgle,2018,3797.35
rus,sex_f,geo_cov_urb,mts_details_sgle,2019,3738.031
rus,sex_f,geo_cov_urb,mts_details_sgle,2020,3775.594
rus,sex_f,geo_cov_urb,mts_details_sgle,2021,3804.226
rus,sex_f,geo_cov_urb,mts_details_total,2010,16292.04
rus,sex_f,geo_cov_urb,mts_details_total,2011,15988.633
rus,sex_f,geo_cov_urb,mts_details_total,2012,15774.22
rus,sex_f,geo_cov_urb,mts_details_total,2013,15880.541
rus,sex_f,geo_cov_urb,mts_details_total,2014,15627.244
rus,sex_f,geo_cov_urb,mts_details_total,2015,15736.055
rus,sex_f,geo_cov_urb,mts_details_total,2016,15390.132
rus,sex_f,geo_cov_urb,mts_details_total,2017,21444.809
rus,sex_f,geo_cov_urb,mts_details_total,2018,21266.181
rus,sex_f,geo_cov_urb,mts_details_total,2019,21487.38
rus,sex_f,geo_cov_urb,mts_details_total,2020,21552.783
rus,sex_f,geo_cov_urb,mts_details_total,2021,21381.477
rus,sex_f,geo_cov_urb,mts_details_union,2010,521.069
rus,sex_f,geo_cov_urb,mts_details_union,2011,538.29
rus,sex_f,geo_cov_urb,mts_details_union,2012,548.684
rus,sex_f,geo_cov_urb,mts_details_union,2013,604.837
rus,sex_f,geo_cov_urb,mts_details_union,2014,643.691
rus,sex_f,geo_cov_urb,mts_details_union,2015,631.07
rus,sex_f,geo_cov_urb,mts_details_union,2016,636.839
rus,sex_f,geo_cov_urb,mts_details_union,2017,684.711
rus,sex_f,geo_cov_urb,mts_details_union,2018,691.66
rus,sex_f,geo_cov_urb,mts_details_union,2019,635.749
rus,sex_f,geo_cov_urb,mts_details_union,2020,619.787
rus,sex_f,geo_cov_urb,mts_details_union,2021,604.031
rus,sex_f,geo_cov_urb,mts_details_wid,2010,3094.867
rus,sex_f,geo_cov_urb,mts_details_wid,2011,2930.08
rus,sex_f,geo_cov_urb,mts_details_wid,2012,2745.366
rus,sex_f,geo_cov_urb,mts_details_wid,2013,2746.582
rus,sex_f,geo_cov_urb,mts_details_wid,2014,2704.505
rus,sex_f,geo_cov_urb,mts_details_wid,2015,2660.831
rus,sex_f,geo_cov_urb,mts_details_wid,2016,2544.705
rus,sex_f,geo_cov_urb,mts_details_wid,2017,6687.317
rus,sex_f,geo_cov_urb,mts_details_wid,2018,6532.291
rus,sex_f,geo_cov_urb,mts_details_wid,2019,6527.185
rus,sex_f,geo_cov_urb,mts_details_wid,2020,6496.29
rus,sex_f,geo_cov_urb,mts_details_wid,2021,6488.236
rus,sex_m,geo_cov_nat,mts_aggregate_1,2010,7811.951
rus,sex_m,geo_cov_nat,mts_aggregate_1,2011,7510.055
rus,sex_m,geo_cov_nat,mts_aggregate_1,2012,7298.281
rus,sex_m,geo_cov_nat,mts_aggregate_1,2013,7325.209
rus,sex_m,geo_cov_nat,mts_aggregate_1,2014,7030.835
rus,sex_m,geo_cov_nat,mts_aggregate_1,2015,6908.541
rus,sex_m,geo_cov_nat,mts_aggregate_1,2016,6480.51
rus,sex_m,geo_cov_nat,mts_aggregate_1,2017,7292.373
rus,sex_m,geo_cov_nat,mts_aggregate_1,2018,7156.893
rus,sex_m,geo_cov_nat,mts_aggregate_1,2019,7272.393
rus,sex_m,geo_cov_nat,mts_aggregate_1,2020,7335.837
rus,sex_m,geo_cov_nat,mts_aggregate_1,2021,7253.827
rus,sex_m,geo_cov_nat,mts_aggregate_2,2010,5868.407
rus,sex_m,geo_cov_nat,mts_aggregate_2,2011,5823.168
rus,sex_m,geo_cov_nat,mts_aggregate_2,2012,5814.126
rus,sex_m,geo_cov_nat,mts_aggregate_2,2013,5788.331
rus,sex_m,geo_cov_nat,mts_aggregate_2,2014,5802.314
rus,sex_m,geo_cov_nat,mts_aggregate_2,2015,5868.435
rus,sex_m,geo_cov_nat,mts_aggregate_2,2016,6024.685
rus,sex_m,geo_cov_nat,mts_aggregate_2,2017,8495.833
rus,sex_m,geo_cov_nat,mts_aggregate_2,2018,8599.557
rus,sex_m,geo_cov_nat,mts_aggregate_2,2019,8888.721
rus,sex_m,geo_cov_nat,mts_aggregate_2,2020,9073.51
rus,sex_m,geo_cov_nat,mts_aggregate_2,2021,8867.057
rus,sex_m,geo_cov_nat,mts_aggregate_total,2010,13680.358
rus,sex_m,geo_cov_nat,mts_aggregate_total,2011,13333.223
rus,sex_m,geo_cov_nat,mts_aggregate_total,2012,13112.407
rus,sex_m,geo_cov_nat,mts_aggregate_total,2013,13113.54
rus,sex_m,geo_cov_nat,mts_aggregate_total,2014,12833.149
rus,sex_m,geo_cov_nat,mts_aggregate_total,2015,12776.976
rus,sex_m,geo_cov_nat,mts_aggregate_total,2016,12505.194
rus,sex_m,geo_cov_nat,mts_aggregate_total,2017,15788.206
rus,sex_m,geo_cov_nat,mts_aggregate_total,2018,15756.45
rus,sex_m,geo_cov_nat,mts_aggregate_total,2019,16161.113
rus,sex_m,geo_cov_nat,mts_aggregate_total,2020,16409.347
rus,sex_m,geo_cov_nat,mts_aggregate_total,2021,16120.883
rus,sex_m,geo_cov_nat,mts_details_mrd,2010,5411.45
rus,sex_m,geo_cov_nat,mts_details_mrd,2011,5371.617
rus,sex_m,geo_cov_nat,mts_details_mrd,2012,5353.164
rus,sex_m,geo_cov_nat,mts_details_mrd,2013,5305.294
rus,sex_m,geo_cov_nat,mts_details_mrd,2014,5306.688
rus,sex_m,geo_cov_nat,mts_details_mrd,2015,5374.889
rus,sex_m,geo_cov_nat,mts_details_mrd,2016,5518.835
rus,sex_m,geo_cov_nat,mts_details_mrd,2017,7897.25
rus,sex_m,geo_cov_nat,mts_details_mrd,2018,7991.963
rus,sex_m,geo_cov_nat,mts_details_mrd,2019,8290.395
rus,sex_m,geo_cov_nat,mts_details_mrd,2020,8495.418
rus,sex_m,geo_cov_nat,mts_details_mrd,2021,8322.317
rus,sex_m,geo_cov_nat,mts_details_sep,2010,613.956
rus,sex_m,geo_cov_nat,mts_details_sep,2011,632.003
rus,sex_m,geo_cov_nat,mts_details_sep,2012,600.571
rus,sex_m,geo_cov_nat,mts_details_sep,2013,634.022
rus,sex_m,geo_cov_nat,mts_details_sep,2014,584.325
rus,sex_m,geo_cov_nat,mts_details_sep,2015,628.366
rus,sex_m,geo_cov_nat,mts_details_sep,2016,571.04
rus,sex_m,geo_cov_nat,mts_details_sep,2017,644.194
rus,sex_m,geo_cov_nat,mts_details_sep,2018,618.024
rus,sex_m,geo_cov_nat,mts_details_sep,2019,675.29
rus,sex_m,geo_cov_nat,mts_details_sep,2020,647.02
rus,sex_m,geo_cov_nat,mts_details_sep,2021,614.5
rus,sex_m,geo_cov_nat,mts_details_sgle,2010,6527.719
rus,sex_m,geo_cov_nat,mts_details_sgle,2011,6273.458
rus,sex_m,geo_cov_nat,mts_details_sgle,2012,6182.437
rus,sex_m,geo_cov_nat,mts_details_sgle,2013,6122.744
rus,sex_m,geo_cov_nat,mts_details_sgle,2014,5881.794
rus,sex_m,geo_cov_nat,mts_details_sgle,2015,5741.194
rus,sex_m,geo_cov_nat,mts_details_sgle,2016,5408.833
rus,sex_m,geo_cov_nat,mts_details_sgle,2017,5353.811
rus,sex_m,geo_cov_nat,mts_details_sgle,2018,5269.897
rus,sex_m,geo_cov_nat,mts_details_sgle,2019,5298.304
rus,sex_m,geo_cov_nat,mts_details_sgle,2020,5374.286
rus,sex_m,geo_cov_nat,mts_details_sgle,2021,5378.75
rus,sex_m,geo_cov_nat,mts_details_total,2010,13680.358
rus,sex_m,geo_cov_nat,mts_details_total,2011,13333.223
rus,sex_m,geo_cov_nat,mts_details_total,2012,13112.407
rus,sex_m,geo_cov_nat,mts_details_total,2013,13113.54
rus,sex_m,geo_cov_nat,mts_details_total,2014,12833.149
rus,sex_m,geo_cov_nat,mts_details_total,2015,12776.976
rus,sex_m,geo_cov_nat,mts_details_total,2016,12505.194
rus,sex_m,geo_cov_nat,mts_details_total,2017,15788.206
rus,sex_m,geo_cov_nat,mts_details_total,2018,15756.45
rus,sex_m,geo_cov_nat,mts_details_total,2019,16161.113
rus,sex_m,geo_cov_nat,mts_details_total,2020,16409.347
rus,sex_m,geo_cov_nat,mts_details_total,2021,16120.883
rus,sex_m,geo_cov_nat,mts_details_union,2010,456.958
rus,sex_m,geo_cov_nat,mts_details_union,2011,451.551
rus,sex_m,geo_cov_nat,mts_details_union,2012,460.962
rus,sex_m,geo_cov_nat,mts_details_union,2013,483.037
rus,sex_m,geo_cov_nat,mts_details_union,2014,495.626
rus,sex_m,geo_cov_nat,mts_details_union,2015,493.547
rus,sex_m,geo_cov_nat,mts_details_union,2016,505.85
rus,sex_m,geo_cov_nat,mts_details_union,2017,598.583
rus,sex_m,geo_cov_nat,mts_details_union,2018,607.594
rus,sex_m,geo_cov_nat,mts_details_union,2019,598.325
rus,sex_m,geo_cov_nat,mts_details_union,2020,578.092
rus,sex_m,geo_cov_nat,mts_details_union,2021,544.74
rus,sex_m,geo_cov_nat,mts_details_wid,2010,670.277
rus,sex_m,geo_cov_nat,mts_details_wid,2011,604.594
rus,sex_m,geo_cov_nat,mts_details_wid,2012,515.273
rus,sex_m,geo_cov_nat,mts_details_wid,2013,568.443
rus,sex_m,geo_cov_nat,mts_details_wid,2014,564.716
rus,sex_m,geo_cov_nat,mts_details_wid,2015,538.982
rus,sex_m,geo_cov_nat,mts_details_wid,2016,500.637
rus,sex_m,geo_cov_nat,mts_details_wid,2017,1294.369
rus,sex_m,geo_cov_nat,mts_details_wid,2018,1268.972
rus,sex_m,geo_cov_nat,mts_details_wid,2019,1298.799
rus,sex_m,geo_cov_nat,mts_details_wid,2020,1314.531
rus,sex_m,geo_cov_nat,mts_details_wid,2021,1260.577
rus,sex_m,geo_cov_rur,mts_aggregate_1,2010,2138.55
rus,sex_m,geo_cov_rur,mts_aggregate_1,2011,2023.593
rus,sex_m,geo_cov_rur,mts_aggregate_1,2012,1975.477
rus,sex_m,geo_cov_rur,mts_aggregate_1,2013,1989.824
rus,sex_m,geo_cov_rur,mts_aggregate_1,2014,1949.13
rus,sex_m,geo_cov_rur,mts_aggregate_1,2015,1911.63
rus,sex_m,geo_cov_rur,mts_aggregate_1,2016,1787.18
rus,sex_m,geo_cov_rur,mts_aggregate_1,2017,2093.139
rus,sex_m,geo_cov_rur,mts_aggregate_1,2018,2067.172
rus,sex_m,geo_cov_rur,mts_aggregate_1,2019,2198.206
rus,sex_m,geo_cov_rur,mts_aggregate_1,2020,2205.195
rus,sex_m,geo_cov_rur,mts_aggregate_1,2021,2170.076
rus,sex_m,geo_cov_rur,mts_aggregate_2,2010,1827.229
rus,sex_m,geo_cov_rur,mts_aggregate_2,2011,1790.234
rus,sex_m,geo_cov_rur,mts_aggregate_2,2012,1791.507
rus,sex_m,geo_cov_rur,mts_aggregate_2,2013,1760.047
rus,sex_m,geo_cov_rur,mts_aggregate_2,2014,1778.336
rus,sex_m,geo_cov_rur,mts_aggregate_2,2015,1812.483
rus,sex_m,geo_cov_rur,mts_aggregate_2,2016,1872.899
rus,sex_m,geo_cov_rur,mts_aggregate_2,2017,2591.805
rus,sex_m,geo_cov_rur,mts_aggregate_2,2018,2640.04
rus,sex_m,geo_cov_rur,mts_aggregate_2,2019,2763.122
rus,sex_m,geo_cov_rur,mts_aggregate_2,2020,2813.656
rus,sex_m,geo_cov_rur,mts_aggregate_2,2021,2740.314
rus,sex_m,geo_cov_rur,mts_aggregate_total,2010,3965.779
rus,sex_m,geo_cov_rur,mts_aggregate_total,2011,3813.827
rus,sex_m,geo_cov_rur,mts_aggregate_total,2012,3766.984
rus,sex_m,geo_cov_rur,mts_aggregate_total,2013,3749.87
rus,sex_m,geo_cov_rur,mts_aggregate_total,2014,3727.466
rus,sex_m,geo_cov_rur,mts_aggregate_total,2015,3724.113
rus,sex_m,geo_cov_rur,mts_aggregate_total,2016,3660.079
rus,sex_m,geo_cov_rur,mts_aggregate_total,2017,4684.943
rus,sex_m,geo_cov_rur,mts_aggregate_total,2018,4707.212
rus,sex_m,geo_cov_rur,mts_aggregate_total,2019,4961.329
rus,sex_m,geo_cov_rur,mts_aggregate_total,2020,5018.851
rus,sex_m,geo_cov_rur,mts_aggregate_total,2021,4910.39
rus,sex_m,geo_cov_rur,mts_details_mrd,2010,1641.053
rus,sex_m,geo_cov_rur,mts_details_mrd,2011,1621.47
rus,sex_m,geo_cov_rur,mts_details_mrd,2012,1619.925
rus,sex_m,geo_cov_rur,mts_details_mrd,2013,1588.752
rus,sex_m,geo_cov_rur,mts_details_mrd,2014,1610.217
rus,sex_m,geo_cov_rur,mts_details_mrd,2015,1641.837
rus,sex_m,geo_cov_rur,mts_details_mrd,2016,1704.243
rus,sex_m,geo_cov_rur,mts_details_mrd,2017,2378.185
rus,sex_m,geo_cov_rur,mts_details_mrd,2018,2427.785
rus,sex_m,geo_cov_rur,mts_details_mrd,2019,2532.538
rus,sex_m,geo_cov_rur,mts_details_mrd,2020,2601.729
rus,sex_m,geo_cov_rur,mts_details_mrd,2021,2534.261
rus,sex_m,geo_cov_rur,mts_details_sep,2010,219.52
rus,sex_m,geo_cov_rur,mts_details_sep,2011,207.901
rus,sex_m,geo_cov_rur,mts_details_sep,2012,203.504
rus,sex_m,geo_cov_rur,mts_details_sep,2013,219.366
rus,sex_m,geo_cov_rur,mts_details_sep,2014,203.657
rus,sex_m,geo_cov_rur,mts_details_sep,2015,215.315
rus,sex_m,geo_cov_rur,mts_details_sep,2016,197.782
rus,sex_m,geo_cov_rur,mts_details_sep,2017,214.219
rus,sex_m,geo_cov_rur,mts_details_sep,2018,201.07
rus,sex_m,geo_cov_rur,mts_details_sep,2019,241.472
rus,sex_m,geo_cov_rur,mts_details_sep,2020,233.608
rus,sex_m,geo_cov_rur,mts_details_sep,2021,223.018
rus,sex_m,geo_cov_rur,mts_details_sgle,2010,1712.135
rus,sex_m,geo_cov_rur,mts_details_sgle,2011,1626.042
rus,sex_m,geo_cov_rur,mts_details_sgle,2012,1611.706
rus,sex_m,geo_cov_rur,mts_details_sgle,2013,1589.098
rus,sex_m,geo_cov_rur,mts_details_sgle,2014,1576.978
rus,sex_m,geo_cov_rur,mts_details_sgle,2015,1531.902
rus,sex_m,geo_cov_rur,mts_details_sgle,2016,1432.96
rus,sex_m,geo_cov_rur,mts_details_sgle,2017,1475.201
rus,sex_m,geo_cov_rur,mts_details_sgle,2018,1470.075
rus,sex_m,geo_cov_rur,mts_details_sgle,2019,1554.797
rus,sex_m,geo_cov_rur,mts_details_sgle,2020,1573.158
rus,sex_m,geo_cov_rur,mts_details_sgle,2021,1560.76
rus,sex_m,geo_cov_rur,mts_details_total,2010,3965.779
rus,sex_m,geo_cov_rur,mts_details_total,2011,3813.827
rus,sex_m,geo_cov_rur,mts_details_total,2012,3766.984
rus,sex_m,geo_cov_rur,mts_details_total,2013,3749.87
rus,sex_m,geo_cov_rur,mts_details_total,2014,3727.466
rus,sex_m,geo_cov_rur,mts_details_total,2015,3724.113
rus,sex_m,geo_cov_rur,mts_details_total,2016,3660.079
rus,sex_m,geo_cov_rur,mts_details_total,2017,4684.943
rus,sex_m,geo_cov_rur,mts_details_total,2018,4707.212
rus,sex_m,geo_cov_rur,mts_details_total,2019,4961.329
rus,sex_m,geo_cov_rur,mts_details_total,2020,5018.851
rus,sex_m,geo_cov_rur,mts_details_total,2021,4910.39
rus,sex_m,geo_cov_rur,mts_details_union,2010,186.177
rus,sex_m,geo_cov_rur,mts_details_union,2011,168.764
rus,sex_m,geo_cov_rur,mts_details_union,2012,171.582
rus,sex_m,geo_cov_rur,mts_details_union,2013,171.294
rus,sex_m,geo_cov_rur,mts_details_union,2014,168.119
rus,sex_m,geo_cov_rur,mts_details_union,2015,170.646
rus,sex_m,geo_cov_rur,mts_details_union,2016,168.656
rus,sex_m,geo_cov_rur,mts_details_union,2017,213.62
rus,sex_m,geo_cov_rur,mts_details_union,2018,212.255
rus,sex_m,geo_cov_rur,mts_details_union,2019,230.585
rus,sex_m,geo_cov_rur,mts_details_union,2020,211.927
rus,sex_m,geo_cov_rur,mts_details_union,2021,206.053
rus,sex_m,geo_cov_rur,mts_details_wid,2010,206.895
rus,sex_m,geo_cov_rur,mts_details_wid,2011,189.65
rus,sex_m,geo_cov_rur,mts_details_wid,2012,160.266
rus,sex_m,geo_cov_rur,mts_details_wid,2013,181.359
rus,sex_m,geo_cov_rur,mts_details_wid,2014,168.495
rus,sex_m,geo_cov_rur,mts_details_wid,2015,164.413
rus,sex_m,geo_cov_rur,mts_details_wid,2016,156.438
rus,sex_m,geo_cov_rur,mts_details_wid,2017,403.719
rus,sex_m,geo_cov_rur,mts_details_wid,2018,396.028
rus,sex_m,geo_cov_rur,mts_details_wid,2019,401.937
rus,sex_m,geo_cov_rur,mts_details_wid,2020,398.429
rus,sex_m,geo_cov_rur,mts_details_wid,2021,386.298
rus,sex_m,geo_cov_urb,mts_aggregate_1,2010,5673.402
rus,sex_m,geo_cov_urb,mts_aggregate_1,2011,5486.462
rus,sex_m,geo_cov_urb,mts_aggregate_1,2012,5322.804
rus,sex_m,geo_cov_urb,mts_aggregate_1,2013,5335.385
rus,sex_m,geo_cov_urb,mts_aggregate_1,2014,5081.705
rus,sex_m,geo_cov_urb,mts_aggregate_1,2015,4996.911
rus,sex_m,geo_cov_urb,mts_aggregate_1,2016,4693.33
rus,sex_m,geo_cov_urb,mts_aggregate_1,2017,5199.235
rus,sex_m,geo_cov_urb,mts_aggregate_1,2018,5089.72
rus,sex_m,geo_cov_urb,mts_aggregate_1,2019,5074.186
rus,sex_m,geo_cov_urb,mts_aggregate_1,2020,5130.642
rus,sex_m,geo_cov_urb,mts_aggregate_1,2021,5083.751
rus,sex_m,geo_cov_urb,mts_aggregate_2,2010,4041.178
rus,sex_m,geo_cov_urb,mts_aggregate_2,2011,4032.934
rus,sex_m,geo_cov_urb,mts_aggregate_2,2012,4022.619
rus,sex_m,geo_cov_urb,mts_aggregate_2,2013,4028.285
rus,sex_m,geo_cov_urb,mts_aggregate_2,2014,4023.979
rus,sex_m,geo_cov_urb,mts_aggregate_2,2015,4055.952
rus,sex_m,geo_cov_urb,mts_aggregate_2,2016,4151.786
rus,sex_m,geo_cov_urb,mts_aggregate_2,2017,5904.028
rus,sex_m,geo_cov_urb,mts_aggregate_2,2018,5959.517
rus,sex_m,geo_cov_urb,mts_aggregate_2,2019,6125.598
rus,sex_m,geo_cov_urb,mts_aggregate_2,2020,6259.854
rus,sex_m,geo_cov_urb,mts_aggregate_2,2021,6126.743
rus,sex_m,geo_cov_urb,mts_aggregate_total,2010,9714.579
rus,sex_m,geo_cov_urb,mts_aggregate_total,2011,9519.396
rus,sex_m,geo_cov_urb,mts_aggregate_total,2012,9345.424
rus,sex_m,geo_cov_urb,mts_aggregate_total,2013,9363.669
rus,sex_m,geo_cov_urb,mts_aggregate_total,2014,9105.684
rus,sex_m,geo_cov_urb,mts_aggregate_total,2015,9052.863
rus,sex_m,geo_cov_urb,mts_aggregate_total,2016,8845.115
rus,sex_m,geo_cov_urb,mts_aggregate_total,2017,11103.263
rus,sex_m,geo_cov_urb,mts_aggregate_total,2018,11049.238
rus,sex_m,geo_cov_urb,mts_aggregate_total,2019,11199.785
rus,sex_m,geo_cov_urb,mts_aggregate_total,2020,11390.496
rus,sex_m,geo_cov_urb,mts_aggregate_total,2021,11210.494
rus,sex_m,geo_cov_urb,mts_details_mrd,2010,3770.397
rus,sex_m,geo_cov_urb,mts_details_mrd,2011,3750.147
rus,sex_m,geo_cov_urb,mts_details_mrd,2012,3733.239
rus,sex_m,geo_cov_urb,mts_details_mrd,2013,3716.542
rus,sex_m,geo_cov_urb,mts_details_mrd,2014,3696.472
rus,sex_m,geo_cov_urb,mts_details_mrd,2015,3733.052
rus,sex_m,geo_cov_urb,mts_details_mrd,2016,3814.592
rus,sex_m,geo_cov_urb,mts_details_mrd,2017,5519.065
rus,sex_m,geo_cov_urb,mts_details_mrd,2018,5564.178
rus,sex_m,geo_cov_urb,mts_details_mrd,2019,5757.858
rus,sex_m,geo_cov_urb,mts_details_mrd,2020,5893.69
rus,sex_m,geo_cov_urb,mts_details_mrd,2021,5788.056
rus,sex_m,geo_cov_urb,mts_details_sep,2010,394.436
rus,sex_m,geo_cov_urb,mts_details_sep,2011,424.102
rus,sex_m,geo_cov_urb,mts_details_sep,2012,397.067
rus,sex_m,geo_cov_urb,mts_details_sep,2013,414.655
rus,sex_m,geo_cov_urb,mts_details_sep,2014,380.668
rus,sex_m,geo_cov_urb,mts_details_sep,2015,413.051
rus,sex_m,geo_cov_urb,mts_details_sep,2016,373.258
rus,sex_m,geo_cov_urb,mts_details_sep,2017,429.975
rus,sex_m,geo_cov_urb,mts_details_sep,2018,416.954
rus,sex_m,geo_cov_urb,mts_details_sep,2019,433.818
rus,sex_m,geo_cov_urb,mts_details_sep,2020,413.412
rus,sex_m,geo_cov_urb,mts_details_sep,2021,391.482
rus,sex_m,geo_cov_urb,mts_details_sgle,2010,4815.584
rus,sex_m,geo_cov_urb,mts_details_sgle,2011,4647.416
rus,sex_m,geo_cov_urb,mts_details_sgle,2012,4570.73
rus,sex_m,geo_cov_urb,mts_details_sgle,2013,4533.646
rus,sex_m,geo_cov_urb,mts_details_sgle,2014,4304.816
rus,sex_m,geo_cov_urb,mts_details_sgle,2015,4209.292
rus,sex_m,geo_cov_urb,mts_details_sgle,2016,3975.872
rus,sex_m,geo_cov_urb,mts_details_sgle,2017,3878.61
rus,sex_m,geo_cov_urb,mts_details_sgle,2018,3799.822
rus,sex_m,geo_cov_urb,mts_details_sgle,2019,3743.507
rus,sex_m,geo_cov_urb,mts_details_sgle,2020,3801.129
rus,sex_m,geo_cov_urb,mts_details_sgle,2021,3817.991
rus,sex_m,geo_cov_urb,mts_details_total,2010,9714.579
rus,sex_m,geo_cov_urb,mts_details_total,2011,9519.396
rus,sex_m,geo_cov_urb,mts_details_total,2012,9345.424
rus,sex_m,geo_cov_urb,mts_details_total,2013,9363.669
rus,sex_m,geo_cov_urb,mts_details_total,2014,9105.684
rus,sex_m,geo_cov_urb,mts_details_total,2015,9052.863
rus,sex_m,geo_cov_urb,mts_details_total,2016,8845.115
rus,sex_m,geo_cov_urb,mts_details_total,2017,11103.263
rus,sex_m,geo_cov_urb,mts_details_total,2018,11049.238
rus,sex_m,geo_cov_urb,mts_details_total,2019,11199.785
rus,sex_m,geo_cov_urb,mts_details_total,2020,11390.496
rus,sex_m,geo_cov_urb,mts_details_total,2021,11210.494
rus,sex_m,geo_cov_urb,mts_details_union,2010,270.781
rus,sex_m,geo_cov_urb,mts_details_union,2011,282.787
rus,sex_m,geo_cov_urb,mts_details_union,2012,289.38
rus,sex_m,geo_cov_urb,mts_details_union,2013,311.743
rus,sex_m,geo_cov_urb,mts_details_union,2014,327.507
rus,sex_m,geo_cov_urb,mts_details_union,2015,322.9
rus,sex_m,geo_cov_urb,mts_details_union,2016,337.194
rus,sex_m,geo_cov_urb,mts_details_union,2017,384.963
rus,sex_m,geo_cov_urb,mts_details_union,2018,395.339
rus,sex_m,geo_cov_urb,mts_details_union,2019,367.741
rus,sex_m,geo_cov_urb,mts_details_union,2020,366.164
rus,sex_m,geo_cov_urb,mts_details_union,2021,338.687
rus,sex_m,geo_cov_urb,mts_details_wid,2010,463.382
rus,sex_m,geo_cov_urb,mts_details_wid,2011,414.944
rus,sex_m,geo_cov_urb,mts_details_wid,2012,355.008
rus,sex_m,geo_cov_urb,mts_details_wid,2013,387.083
rus,sex_m,geo_cov_urb,mts_details_wid,2014,396.221
rus,sex_m,geo_cov_urb,mts_details_wid,2015,374.569
rus,sex_m,geo_cov_urb,mts_details_wid,2016,344.199
rus,sex_m,geo_cov_urb,mts_details_wid,2017,890.65
rus,sex_m,geo_cov_urb,mts_details_wid,2018,872.944
rus,sex_m,geo_cov_urb,mts_details_wid,2019,896.861
rus,sex_m,geo_cov_urb,mts_details_wid,2020,916.101
rus,sex_m,geo_cov_urb,mts_details_wid,2021,874.279
rus,sex_t,geo_cov_nat,mts_aggregate_1,2010,20180.386
rus,sex_t,geo_cov_nat,mts_aggregate_1,2011,19318.626
rus,sex_t,geo_cov_nat,mts_aggregate_1,2012,18740.072
rus,sex_t,geo_cov_nat,mts_aggregate_1,2013,18704.507
rus,sex_t,geo_cov_nat,mts_aggregate_1,2014,17928.959
rus,sex_t,geo_cov_nat,mts_aggregate_1,2015,17762.833
rus,sex_t,geo_cov_nat,mts_aggregate_1,2016,16975.522
rus,sex_t,geo_cov_nat,mts_aggregate_1,2017,24016.261
rus,sex_t,geo_cov_nat,mts_aggregate_1,2018,23590.73
rus,sex_t,geo_cov_nat,mts_aggregate_1,2019,23606.515
rus,sex_t,geo_cov_nat,mts_aggregate_1,2020,23708.471
rus,sex_t,geo_cov_nat,mts_aggregate_1,2021,23637.446
rus,sex_t,geo_cov_nat,mts_aggregate_2,2010,15856.059
rus,sex_t,geo_cov_nat,mts_aggregate_2,2011,15786.147
rus,sex_t,geo_cov_nat,mts_aggregate_2,2012,15823.196
rus,sex_t,geo_cov_nat,mts_aggregate_2,2013,16004.44
rus,sex_t,geo_cov_nat,mts_aggregate_2,2014,16144.457
rus,sex_t,geo_cov_nat,mts_aggregate_2,2015,16421.294
rus,sex_t,geo_cov_nat,mts_aggregate_2,2016,16597.123
rus,sex_t,geo_cov_nat,mts_aggregate_2,2017,21252.13
rus,sex_t,geo_cov_nat,mts_aggregate_2,2018,21439.521
rus,sex_t,geo_cov_nat,mts_aggregate_2,2019,22137.13
rus,sex_t,geo_cov_nat,mts_aggregate_2,2020,22349.001
rus,sex_t,geo_cov_nat,mts_aggregate_2,2021,21905.776
rus,sex_t,geo_cov_nat,mts_aggregate_total,2010,36036.444
rus,sex_t,geo_cov_nat,mts_aggregate_total,2011,35104.772
rus,sex_t,geo_cov_nat,mts_aggregate_total,2012,34563.268
rus,sex_t,geo_cov_nat,mts_aggregate_total,2013,34708.947
rus,sex_t,geo_cov_nat,mts_aggregate_total,2014,34073.416
rus,sex_t,geo_cov_nat,mts_aggregate_total,2015,34184.127
rus,sex_t,geo_cov_nat,mts_aggregate_total,2016,33572.645
rus,sex_t,geo_cov_nat,mts_aggregate_total,2017,45268.391
rus,sex_t,geo_cov_nat,mts_aggregate_total,2018,45030.251
rus,sex_t,geo_cov_nat,mts_aggregate_total,2019,45743.645
rus,sex_t,geo_cov_nat,mts_aggregate_total,2020,46057.471
rus,sex_t,geo_cov_nat,mts_aggregate_total,2021,45543.223
rus,sex_t,geo_cov_nat,mts_details_mrd,2010,14592.243
rus,sex_t,geo_cov_nat,mts_details_mrd,2011,14525.378
rus,sex_t,geo_cov_nat,mts_details_mrd,2012,14545.287
rus,sex_t,geo_cov_nat,mts_details_mrd,2013,14647.569
rus,sex_t,geo_cov_nat,mts_details_mrd,2014,14744.734
rus,sex_t,geo_cov_nat,mts_details_mrd,2015,15021.549
rus,sex_t,geo_cov_nat,mts_details_mrd,2016,15188.303
rus,sex_t,geo_cov_nat,mts_details_mrd,2017,19654.233
rus,sex_t,geo_cov_nat,mts_details_mrd,2018,19837.729
rus,sex_t,geo_cov_nat,mts_details_mrd,2019,20594.258
rus,sex_t,geo_cov_nat,mts_details_mrd,2020,20853.617
rus,sex_t,geo_cov_nat,mts_details_mrd,2021,20453.074
rus,sex_t,geo_cov_nat,mts_details_sep,2010,2305.659
rus,sex_t,geo_cov_nat,mts_details_sep,2011,2309.522
rus,sex_t,geo_cov_nat,mts_details_sep,2012,2261.76
rus,sex_t,geo_cov_nat,mts_details_sep,2013,2339.924
rus,sex_t,geo_cov_nat,mts_details_sep,2014,2240.152
rus,sex_t,geo_cov_nat,mts_details_sep,2015,2392.541
rus,sex_t,geo_cov_nat,mts_details_sep,2016,2321.864
rus,sex_t,geo_cov_nat,mts_details_sep,2017,2771.39
rus,sex_t,geo_cov_nat,mts_details_sep,2018,2744.006
rus,sex_t,geo_cov_nat,mts_details_sep,2019,2808.319
rus,sex_t,geo_cov_nat,mts_details_sep,2020,2768.663
rus,sex_t,geo_cov_nat,mts_details_sep,2021,2739.576
rus,sex_t,geo_cov_nat,mts_details_sgle,2010,12834.383
rus,sex_t,geo_cov_nat,mts_details_sgle,2011,12282.748
rus,sex_t,geo_cov_nat,mts_details_sgle,2012,12114.341
rus,sex_t,geo_cov_nat,mts_details_sgle,2013,11961.765
rus,sex_t,geo_cov_nat,mts_details_sgle,2014,11395.71
rus,sex_t,geo_cov_nat,mts_details_sgle,2015,11157.555
rus,sex_t,geo_cov_nat,mts_details_sgle,2016,10609.087
rus,sex_t,geo_cov_nat,mts_details_sgle,2017,10589.375
rus,sex_t,geo_cov_nat,mts_details_sgle,2018,10409.744
rus,sex_t,geo_cov_nat,mts_details_sgle,2019,10390.079
rus,sex_t,geo_cov_nat,mts_details_sgle,2020,10577.686
rus,sex_t,geo_cov_nat,mts_details_sgle,2021,10615.007
rus,sex_t,geo_cov_nat,mts_details_total,2010,36036.444
rus,sex_t,geo_cov_nat,mts_details_total,2011,35104.772
rus,sex_t,geo_cov_nat,mts_details_total,2012,34563.268
rus,sex_t,geo_cov_nat,mts_details_total,2013,34708.947
rus,sex_t,geo_cov_nat,mts_details_total,2014,34073.416
rus,sex_t,geo_cov_nat,mts_details_total,2015,34184.127
rus,sex_t,geo_cov_nat,mts_details_total,2016,33572.645
rus,sex_t,geo_cov_nat,mts_details_total,2017,45268.391
rus,sex_t,geo_cov_nat,mts_details_total,2018,45030.251
rus,sex_t,geo_cov_nat,mts_details_total,2019,45743.645
rus,sex_t,geo_cov_nat,mts_details_total,2020,46057.471
rus,sex_t,geo_cov_nat,mts_details_total,2021,45543.223
rus,sex_t,geo_cov_nat,mts_details_union,2010,1263.816
rus,sex_t,geo_cov_nat,mts_details_union,2011,1260.769
rus,sex_t,geo_cov_nat,mts_details_union,2012,1277.909
rus,sex_t,geo_cov_nat,mts_details_union,2013,1356.871
rus,sex_t,geo_cov_nat,mts_details_union,2014,1399.723
rus,sex_t,geo_cov_nat,mts_details_union,2015,1399.746
rus,sex_t,geo_cov_nat,mts_details_union,2016,1408.82
rus,sex_t,geo_cov_nat,mts_details_union,2017,1597.897
rus,sex_t,geo_cov_nat,mts_details_union,2018,1601.791
rus,sex_t,geo_cov_nat,mts_details_union,2019,1542.872
rus,sex_t,geo_cov_nat,mts_details_union,2020,1495.383
rus,sex_t,geo_cov_nat,mts_details_union,2021,1452.703
rus,sex_t,geo_cov_nat,mts_details_wid,2010,5040.344
rus,sex_t,geo_cov_nat,mts_details_wid,2011,4726.356
rus,sex_t,geo_cov_nat,mts_details_wid,2012,4363.971
rus,sex_t,geo_cov_nat,mts_details_wid,2013,4402.819
rus,sex_t,geo_cov_nat,mts_details_wid,2014,4293.097
rus,sex_t,geo_cov_nat,mts_details_wid,2015,4212.737
rus,sex_t,geo_cov_nat,mts_details_wid,2016,4044.571
rus,sex_t,geo_cov_nat,mts_details_wid,2017,10655.496
rus,sex_t,geo_cov_nat,mts_details_wid,2018,10436.98
rus,sex_t,geo_cov_nat,mts_details_wid,2019,10408.117
rus,sex_t,geo_cov_nat,mts_details_wid,2020,10362.121
rus,sex_t,geo_cov_nat,mts_details_wid,2021,10282.864
rus,sex_t,geo_cov_rur,mts_aggregate_1,2010,5378.513
rus,sex_t,geo_cov_rur,mts_aggregate_1,2011,5055.306
rus,sex_t,geo_cov_rur,mts_aggregate_1,2012,4898.872
rus,sex_t,geo_cov_rur,mts_aggregate_1,2013,4906.152
rus,sex_t,geo_cov_rur,mts_aggregate_1,2014,4771.111
rus,sex_t,geo_cov_rur,mts_aggregate_1,2015,4690.109
rus,sex_t,geo_cov_rur,mts_aggregate_1,2016,4526.408
rus,sex_t,geo_cov_rur,mts_aggregate_1,2017,6576.462
rus,sex_t,geo_cov_rur,mts_aggregate_1,2018,6503.099
rus,sex_t,geo_cov_rur,mts_aggregate_1,2019,6608.218
rus,sex_t,geo_cov_rur,mts_aggregate_1,2020,6654.062
rus,sex_t,geo_cov_rur,mts_aggregate_1,2021,6617.25
rus,sex_t,geo_cov_rur,mts_aggregate_2,2010,4651.312
rus,sex_t,geo_cov_rur,mts_aggregate_2,2011,4541.437
rus,sex_t,geo_cov_rur,mts_aggregate_2,2012,4544.753
rus,sex_t,geo_cov_rur,mts_aggregate_2,2013,4558.584
rus,sex_t,geo_cov_rur,mts_aggregate_2,2014,4569.378
rus,sex_t,geo_cov_rur,mts_aggregate_2,2015,4705.099
rus,sex_t,geo_cov_rur,mts_aggregate_2,2016,4810.99
rus,sex_t,geo_cov_rur,mts_aggregate_2,2017,6143.857
rus,sex_t,geo_cov_rur,mts_aggregate_2,2018,6211.734
rus,sex_t,geo_cov_rur,mts_aggregate_2,2019,6448.262
rus,sex_t,geo_cov_rur,mts_aggregate_2,2020,6460.13
rus,sex_t,geo_cov_rur,mts_aggregate_2,2021,6334.002
rus,sex_t,geo_cov_rur,mts_aggregate_total,2010,10029.825
rus,sex_t,geo_cov_rur,mts_aggregate_total,2011,9596.743
rus,sex_t,geo_cov_rur,mts_aggregate_total,2012,9443.625
rus,sex_t,geo_cov_rur,mts_aggregate_total,2013,9464.736
rus,sex_t,geo_cov_rur,mts_aggregate_total,2014,9340.489
rus,sex_t,geo_cov_rur,mts_aggregate_total,2015,9395.208
rus,sex_t,geo_cov_rur,mts_aggregate_total,2016,9337.398
rus,sex_t,geo_cov_rur,mts_aggregate_total,2017,12720.319
rus,sex_t,geo_cov_rur,mts_aggregate_total,2018,12714.832
rus,sex_t,geo_cov_rur,mts_aggregate_total,2019,13056.481
rus,sex_t,geo_cov_rur,mts_aggregate_total,2020,13114.193
rus,sex_t,geo_cov_rur,mts_aggregate_total,2021,12951.252
rus,sex_t,geo_cov_rur,mts_details_mrd,2010,4179.346
rus,sex_t,geo_cov_rur,mts_details_mrd,2011,4101.745
rus,sex_t,geo_cov_rur,mts_details_mrd,2012,4104.908
rus,sex_t,geo_cov_rur,mts_details_mrd,2013,4118.293
rus,sex_t,geo_cov_rur,mts_details_mrd,2014,4140.853
rus,sex_t,geo_cov_rur,mts_details_mrd,2015,4259.324
rus,sex_t,geo_cov_rur,mts_details_mrd,2016,4376.203
rus,sex_t,geo_cov_rur,mts_details_mrd,2017,5615.634
rus,sex_t,geo_cov_rur,mts_details_mrd,2018,5696.941
rus,sex_t,geo_cov_rur,mts_details_mrd,2019,5908.88
rus,sex_t,geo_cov_rur,mts_details_mrd,2020,5950.698
rus,sex_t,geo_cov_rur,mts_details_mrd,2021,5824.017
rus,sex_t,geo_cov_rur,mts_details_sep,2010,621.849
rus,sex_t,geo_cov_rur,mts_details_sep,2011,582.29
rus,sex_t,geo_cov_rur,mts_details_sep,2012,588.949
rus,sex_t,geo_cov_rur,mts_details_sep,2013,621.912
rus,sex_t,geo_cov_rur,mts_details_sep,2014,605.557
rus,sex_t,geo_cov_rur,mts_details_sep,2015,637.794
rus,sex_t,geo_cov_rur,mts_details_sep,2016,608.891
rus,sex_t,geo_cov_rur,mts_details_sep,2017,680.757
rus,sex_t,geo_cov_rur,mts_details_sep,2018,658.781
rus,sex_t,geo_cov_rur,mts_details_sep,2019,715.607
rus,sex_t,geo_cov_rur,mts_details_sep,2020,703.369
rus,sex_t,geo_cov_rur,mts_details_sep,2021,704.11
rus,sex_t,geo_cov_rur,mts_details_sgle,2010,3274.57
rus,sex_t,geo_cov_rur,mts_details_sgle,2011,3091.683
rus,sex_t,geo_cov_rur,mts_details_sgle,2012,3046.325
rus,sex_t,geo_cov_rur,mts_details_sgle,2013,3015.087
rus,sex_t,geo_cov_rur,mts_details_sgle,2014,2973.183
rus,sex_t,geo_cov_rur,mts_details_sgle,2015,2874.978
rus,sex_t,geo_cov_rur,mts_details_sgle,2016,2761.851
rus,sex_t,geo_cov_rur,mts_details_sgle,2017,2818.175
rus,sex_t,geo_cov_rur,mts_details_sgle,2018,2812.572
rus,sex_t,geo_cov_rur,mts_details_sgle,2019,2908.541
rus,sex_t,geo_cov_rur,mts_details_sgle,2020,3000.963
rus,sex_t,geo_cov_rur,mts_details_sgle,2021,2992.791
rus,sex_t,geo_cov_rur,mts_details_total,2010,10029.825
rus,sex_t,geo_cov_rur,mts_details_total,2011,9596.743
rus,sex_t,geo_cov_rur,mts_details_total,2012,9443.625
rus,sex_t,geo_cov_rur,mts_details_total,2013,9464.736
rus,sex_t,geo_cov_rur,mts_details_total,2014,9340.489
rus,sex_t,geo_cov_rur,mts_details_total,2015,9395.208
rus,sex_t,geo_cov_rur,mts_details_total,2016,9337.398
rus,sex_t,geo_cov_rur,mts_details_total,2017,12720.319
rus,sex_t,geo_cov_rur,mts_details_total,2018,12714.832
rus,sex_t,geo_cov_rur,mts_details_total,2019,13056.481
rus,sex_t,geo_cov_rur,mts_details_total,2020,13114.193
rus,sex_t,geo_cov_rur,mts_details_total,2021,12951.252
rus,sex_t,geo_cov_rur,mts_details_union,2010,471.966
rus,sex_t,geo_cov_rur,mts_details_union,2011,439.692
rus,sex_t,geo_cov_rur,mts_details_union,2012,439.845
rus,sex_t,geo_cov_rur,mts_details_union,2013,440.291
rus,sex_t,geo_cov_rur,mts_details_union,2014,428.525
rus,sex_t,geo_cov_rur,mts_details_union,2015,445.775
rus,sex_t,geo_cov_rur,mts_details_union,2016,434.787
rus,sex_t,geo_cov_rur,mts_details_union,2017,528.222
rus,sex_t,geo_cov_rur,mts_details_union,2018,514.793
rus,sex_t,geo_cov_rur,mts_details_union,2019,539.383
rus,sex_t,geo_cov_rur,mts_details_union,2020,509.432
rus,sex_t,geo_cov_rur,mts_details_union,2021,509.985
rus,sex_t,geo_cov_rur,mts_details_wid,2010,1482.094
rus,sex_t,geo_cov_rur,mts_details_wid,2011,1381.333
rus,sex_t,geo_cov_rur,mts_details_wid,2012,1263.598
rus,sex_t,geo_cov_rur,mts_details_wid,2013,1269.154
rus,sex_t,geo_cov_rur,mts_details_wid,2014,1192.371
rus,sex_t,geo_cov_rur,mts_details_wid,2015,1177.337
rus,sex_t,geo_cov_rur,mts_details_wid,2016,1155.667
rus,sex_t,geo_cov_rur,mts_details_wid,2017,3077.53
rus,sex_t,geo_cov_rur,mts_details_wid,2018,3031.745
rus,sex_t,geo_cov_rur,mts_details_wid,2019,2984.07
rus,sex_t,geo_cov_rur,mts_details_wid,2020,2949.73
rus,sex_t,geo_cov_rur,mts_details_wid,2021,2920.349
rus,sex_t,geo_cov_urb,mts_aggregate_1,2010,14801.873
rus,sex_t,geo_cov_urb,mts_aggregate_1,2011,14263.32
rus,sex_t,geo_cov_urb,mts_aggregate_1,2012,13841.2
rus,sex_t,geo_cov_urb,mts_aggregate_1,2013,13798.355
rus,sex_t,geo_cov_urb,mts_aggregate_1,2014,13157.848
rus,sex_t,geo_cov_urb,mts_aggregate_1,2015,13072.723
rus,sex_t,geo_cov_urb,mts_aggregate_1,2016,12449.114
rus,sex_t,geo_cov_urb,mts_aggregate_1,2017,17439.799
rus,sex_t,geo_cov_urb,mts_aggregate_1,2018,17087.632
rus,sex_t,geo_cov_urb,mts_aggregate_1,2019,16998.296
rus,sex_t,geo_cov_urb,mts_aggregate_1,2020,17054.408
rus,sex_t,geo_cov_urb,mts_aggregate_1,2021,17020.196
rus,sex_t,geo_cov_urb,mts_aggregate_2,2010,11204.746
rus,sex_t,geo_cov_urb,mts_aggregate_2,2011,11244.71
rus,sex_t,geo_cov_urb,mts_aggregate_2,2012,11278.443
rus,sex_t,geo_cov_urb,mts_aggregate_2,2013,11445.856
rus,sex_t,geo_cov_urb,mts_aggregate_2,2014,11575.079
rus,sex_t,geo_cov_urb,mts_aggregate_2,2015,11716.195
rus,sex_t,geo_cov_urb,mts_aggregate_2,2016,11786.133
rus,sex_t,geo_cov_urb,mts_aggregate_2,2017,15108.273
rus,sex_t,geo_cov_urb,mts_aggregate_2,2018,15227.787
rus,sex_t,geo_cov_urb,mts_aggregate_2,2019,15688.868
rus,sex_t,geo_cov_urb,mts_aggregate_2,2020,15888.87
rus,sex_t,geo_cov_urb,mts_aggregate_2,2021,15571.774
rus,sex_t,geo_cov_urb,mts_aggregate_total,2010,26006.619
rus,sex_t,geo_cov_urb,mts_aggregate_total,2011,25508.029
rus,sex_t,geo_cov_urb,mts_aggregate_total,2012,25119.643
rus,sex_t,geo_cov_urb,mts_aggregate_total,2013,25244.211
rus,sex_t,geo_cov_urb,mts_aggregate_total,2014,24732.927
rus,sex_t,geo_cov_urb,mts_aggregate_total,2015,24788.918
rus,sex_t,geo_cov_urb,mts_aggregate_total,2016,24235.247
rus,sex_t,geo_cov_urb,mts_aggregate_total,2017,32548.072
rus,sex_t,geo_cov_urb,mts_aggregate_total,2018,32315.418
rus,sex_t,geo_cov_urb,mts_aggregate_total,2019,32687.164
rus,sex_t,geo_cov_urb,mts_aggregate_total,2020,32943.279
rus,sex_t,geo_cov_urb,mts_aggregate_total,2021,32591.971
rus,sex_t,geo_cov_urb,mts_details_mrd,2010,10412.897
rus,sex_t,geo_cov_urb,mts_details_mrd,2011,10423.633
rus,sex_t,geo_cov_urb,mts_details_mrd,2012,10440.379
rus,sex_t,geo_cov_urb,mts_details_mrd,2013,10529.276
rus,sex_t,geo_cov_urb,mts_details_mrd,2014,10603.881
rus,sex_t,geo_cov_urb,mts_details_mrd,2015,10762.224
rus,sex_t,geo_cov_urb,mts_details_mrd,2016,10812.1
rus,sex_t,geo_cov_urb,mts_details_mrd,2017,14038.599
rus,sex_t,geo_cov_urb,mts_details_mrd,2018,14140.788
rus,sex_t,geo_cov_urb,mts_details_mrd,2019,14685.379
rus,sex_t,geo_cov_urb,mts_details_mrd,2020,14902.919
rus,sex_t,geo_cov_urb,mts_details_mrd,2021,14629.056
rus,sex_t,geo_cov_urb,mts_details_sep,2010,1683.811
rus,sex_t,geo_cov_urb,mts_details_sep,2011,1727.232
rus,sex_t,geo_cov_urb,mts_details_sep,2012,1672.811
rus,sex_t,geo_cov_urb,mts_details_sep,2013,1718.012
rus,sex_t,geo_cov_urb,mts_details_sep,2014,1634.595
rus,sex_t,geo_cov_urb,mts_details_sep,2015,1754.746
rus,sex_t,geo_cov_urb,mts_details_sep,2016,1712.973
rus,sex_t,geo_cov_urb,mts_details_sep,2017,2090.633
rus,sex_t,geo_cov_urb,mts_details_sep,2018,2085.225
rus,sex_t,geo_cov_urb,mts_details_sep,2019,2092.712
rus,sex_t,geo_cov_urb,mts_details_sep,2020,2065.294
rus,sex_t,geo_cov_urb,mts_details_sep,2021,2035.465
rus,sex_t,geo_cov_urb,mts_details_sgle,2010,9559.813
rus,sex_t,geo_cov_urb,mts_details_sgle,2011,9191.065
rus,sex_t,geo_cov_urb,mts_details_sgle,2012,9068.016
rus,sex_t,geo_cov_urb,mts_details_sgle,2013,8946.678
rus,sex_t,geo_cov_urb,mts_details_sgle,2014,8422.527
rus,sex_t,geo_cov_urb,mts_details_sgle,2015,8282.577
rus,sex_t,geo_cov_urb,mts_details_sgle,2016,7847.236
rus,sex_t,geo_cov_urb,mts_details_sgle,2017,7771.2
rus,sex_t,geo_cov_urb,mts_details_sgle,2018,7597.172
rus,sex_t,geo_cov_urb,mts_details_sgle,2019,7481.538
rus,sex_t,geo_cov_urb,mts_details_sgle,2020,7576.723
rus,sex_t,geo_cov_urb,mts_details_sgle,2021,7622.216
rus,sex_t,geo_cov_urb,mts_details_total,2010,26006.619
rus,sex_t,geo_cov_urb,mts_details_total,2011,25508.029
rus,sex_t,geo_cov_urb,mts_details_total,2012,25119.643
rus,sex_t,geo_cov_urb,mts_details_total,2013,25244.211
rus,sex_t,geo_cov_urb,mts_details_total,2014,24732.927
rus,sex_t,geo_cov_urb,mts_details_total,2015,24788.918
rus,sex_t,geo_cov_urb,mts_details_total,2016,24235.247
rus,sex_t,geo_cov_urb,mts_details_total,2017,32548.072
rus,sex_t,geo_cov_urb,mts_details_total,2018,32315.418
rus,sex_t,geo_cov_urb,mts_details_total,2019,32687.164
rus,sex_t,geo_cov_urb,mts_details_total,2020,32943.279
rus,sex_t,geo_cov_urb,mts_details_total,2021,32591.971
rus,sex_t,geo_cov_urb,mts_details_union,2010,791.85
rus,sex_t,geo_cov_urb,mts_details_union,2011,821.077
rus,sex_t,geo_cov_urb,mts_details_union,2012,838.064
rus,sex_t,geo_cov_urb,mts_details_union,2013,916.58
rus,sex_t,geo_cov_urb,mts_details_union,2014,971.198
rus,sex_t,geo_cov_urb,mts_details_union,2015,953.971
rus,sex_t,geo_cov_urb,mts_details_union,2016,974.033
rus,sex_t,geo_cov_urb,mts_details_union,2017,1069.674
rus,sex_t,geo_cov_urb,mts_details_union,2018,1086.999
rus,sex_t,geo_cov_urb,mts_details_union,2019,1003.489
rus,sex_t,geo_cov_urb,mts_details_union,2020,985.951
rus,sex_t,geo_cov_urb,mts_details_union,2021,942.718
rus,sex_t,geo_cov_urb,mts_details_wid,2010,3558.249
rus,sex_t,geo_cov_urb,mts_details_wid,2011,3345.023
rus,sex_t,geo_cov_urb,mts_details_wid,2012,3100.373
rus,sex_t,geo_cov_urb,mts_details_wid,2013,3133.665
rus,sex_t,geo_cov_urb,mts_details_wid,2014,3100.726
rus,sex_t,geo_cov_urb,mts_details_wid,2015,3035.4
rus,sex_t,geo_cov_urb,mts_details_wid,2016,2888.905
rus,sex_t,geo_cov_urb,mts_details_wid,2017,7577.966
rus,sex_t,geo_cov_urb,mts_details_wid,2018,7405.235
rus,sex_t,geo_cov_urb,mts_details_wid,2019,7424.046
rus,sex_t,geo_cov_urb,mts_details_wid,2020,7412.391
rus,sex_t,geo_cov_urb,mts_details_wid,2021,7362.515
rwa,sex_f,geo_cov_nat,mts_aggregate_1,2014,484.39
rwa,sex_f,geo_cov_nat,mts_aggregate_1,2017,1027.78
rwa,sex_f,geo_cov_nat,mts_aggregate_1,2018,1170.452
rwa,sex_f,geo_cov_nat,mts_aggregate_1,2019,1214.052
rwa,sex_f,geo_cov_nat,mts_aggregate_1,2020,1161.354
rwa,sex_f,geo_cov_nat,mts_aggregate_2,2014,92.948
rwa,sex_f,geo_cov_nat,mts_aggregate_2,2017,659.64
rwa,sex_f,geo_cov_nat,mts_aggregate_2,2018,850.34
rwa,sex_f,geo_cov_nat,mts_aggregate_2,2019,924.737
rwa,sex_f,geo_cov_nat,mts_aggregate_2,2020,871.486
rwa,sex_f,geo_cov_nat,mts_aggregate_total,2014,577.338
rwa,sex_f,geo_cov_nat,mts_aggregate_total,2017,1687.419
rwa,sex_f,geo_cov_nat,mts_aggregate_total,2018,2020.791
rwa,sex_f,geo_cov_nat,mts_aggregate_total,2019,2138.789
rwa,sex_f,geo_cov_nat,mts_aggregate_total,2020,2032.841
rwa,sex_f,geo_cov_nat,mts_details_mrd,2014,84.175
rwa,sex_f,geo_cov_nat,mts_details_mrd,2017,507.484
rwa,sex_f,geo_cov_nat,mts_details_mrd,2018,629.816
rwa,sex_f,geo_cov_nat,mts_details_mrd,2019,685.529
rwa,sex_f,geo_cov_nat,mts_details_mrd,2020,631.499
rwa,sex_f,geo_cov_nat,mts_details_sep,2014,6.755
rwa,sex_f,geo_cov_nat,mts_details_sep,2017,43.495
rwa,sex_f,geo_cov_nat,mts_details_sep,2018,62.061
rwa,sex_f,geo_cov_nat,mts_details_sep,2019,64.321
rwa,sex_f,geo_cov_nat,mts_details_sep,2020,66.806
rwa,sex_f,geo_cov_nat,mts_details_sgle,2014,414.114
rwa,sex_f,geo_cov_nat,mts_details_sgle,2017,728.418
rwa,sex_f,geo_cov_nat,mts_details_sgle,2018,829.692
rwa,sex_f,geo_cov_nat,mts_details_sgle,2019,856.206
rwa,sex_f,geo_cov_nat,mts_details_sgle,2020,813.931
rwa,sex_f,geo_cov_nat,mts_details_total,2014,577.338
rwa,sex_f,geo_cov_nat,mts_details_total,2017,1687.419
rwa,sex_f,geo_cov_nat,mts_details_total,2018,2020.791
rwa,sex_f,geo_cov_nat,mts_details_total,2019,2138.789
rwa,sex_f,geo_cov_nat,mts_details_total,2020,2032.841
rwa,sex_f,geo_cov_nat,mts_details_union,2014,8.773
rwa,sex_f,geo_cov_nat,mts_details_union,2017,152.155
rwa,sex_f,geo_cov_nat,mts_details_union,2018,220.524
rwa,sex_f,geo_cov_nat,mts_details_union,2019,239.209
rwa,sex_f,geo_cov_nat,mts_details_union,2020,239.987
rwa,sex_f,geo_cov_nat,mts_details_wid,2014,63.521
rwa,sex_f,geo_cov_nat,mts_details_wid,2017,255.866
rwa,sex_f,geo_cov_nat,mts_details_wid,2018,278.698
rwa,sex_f,geo_cov_nat,mts_details_wid,2019,293.525
rwa,sex_f,geo_cov_nat,mts_details_wid,2020,280.617
rwa,sex_f,geo_cov_rur,mts_aggregate_1,2014,339.263
rwa,sex_f,geo_cov_rur,mts_aggregate_1,2017,803.235
rwa,sex_f,geo_cov_rur,mts_aggregate_1,2018,928.506
rwa,sex_f,geo_cov_rur,mts_aggregate_1,2019,987.081
rwa,sex_f,geo_cov_rur,mts_aggregate_1,2020,914.554
rwa,sex_f,geo_cov_rur,mts_aggregate_2,2014,37.003
rwa,sex_f,geo_cov_rur,mts_aggregate_2,2017,557.447
rwa,sex_f,geo_cov_rur,mts_aggregate_2,2018,685.48
rwa,sex_f,geo_cov_rur,mts_aggregate_2,2019,770.012
rwa,sex_f,geo_cov_rur,mts_aggregate_2,2020,713.464
rwa,sex_f,geo_cov_rur,mts_aggregate_total,2014,376.266
rwa,sex_f,geo_cov_rur,mts_aggregate_total,2017,1360.682
rwa,sex_f,geo_cov_rur,mts_aggregate_total,2018,1613.986
rwa,sex_f,geo_cov_rur,mts_aggregate_total,2019,1757.093
rwa,sex_f,geo_cov_rur,mts_aggregate_total,2020,1628.018
rwa,sex_f,geo_cov_rur,mts_details_mrd,2014,32.809
rwa,sex_f,geo_cov_rur,mts_details_mrd,2017,437.292
rwa,sex_f,geo_cov_rur,mts_details_mrd,2018,518.576
rwa,sex_f,geo_cov_rur,mts_details_mrd,2019,576.595
rwa,sex_f,geo_cov_rur,mts_details_mrd,2020,524.889
rwa,sex_f,geo_cov_rur,mts_details_sep,2014,4.595
rwa,sex_f,geo_cov_rur,mts_details_sep,2017,38.06
rwa,sex_f,geo_cov_rur,mts_details_sep,2018,51.87
rwa,sex_f,geo_cov_rur,mts_details_sep,2019,52.137
rwa,sex_f,geo_cov_rur,mts_details_sep,2020,52.363
rwa,sex_f,geo_cov_rur,mts_details_sgle,2014,291.87
rwa,sex_f,geo_cov_rur,mts_details_sgle,2017,551.966
rwa,sex_f,geo_cov_rur,mts_details_sgle,2018,644.06
rwa,sex_f,geo_cov_rur,mts_details_sgle,2019,677.397
rwa,sex_f,geo_cov_rur,mts_details_sgle,2020,626.895
rwa,sex_f,geo_cov_rur,mts_details_total,2014,376.266
rwa,sex_f,geo_cov_rur,mts_details_total,2017,1360.682
rwa,sex_f,geo_cov_rur,mts_details_total,2018,1613.986
rwa,sex_f,geo_cov_rur,mts_details_total,2019,1757.093
rwa,sex_f,geo_cov_rur,mts_details_total,2020,1628.018
rwa,sex_f,geo_cov_rur,mts_details_union,2014,4.195
rwa,sex_f,geo_cov_rur,mts_details_union,2017,120.155
rwa,sex_f,geo_cov_rur,mts_details_union,2018,166.905
rwa,sex_f,geo_cov_rur,mts_details_union,2019,193.417
rwa,sex_f,geo_cov_rur,mts_details_union,2020,188.575
rwa,sex_f,geo_cov_rur,mts_details_wid,2014,42.798
rwa,sex_f,geo_cov_rur,mts_details_wid,2017,213.209
rwa,sex_f,geo_cov_rur,mts_details_wid,2018,232.576
rwa,sex_f,geo_cov_rur,mts_details_wid,2019,257.547
rwa,sex_f,geo_cov_rur,mts_details_wid,2020,235.296
rwa,sex_f,geo_cov_urb,mts_aggregate_1,2014,145.127
rwa,sex_f,geo_cov_urb,mts_aggregate_1,2017,224.545
rwa,sex_f,geo_cov_urb,mts_aggregate_1,2018,241.946
rwa,sex_f,geo_cov_urb,mts_aggregate_1,2019,226.971
rwa,sex_f,geo_cov_urb,mts_aggregate_1,2020,246.801
rwa,sex_f,geo_cov_urb,mts_aggregate_2,2014,55.945
rwa,sex_f,geo_cov_urb,mts_aggregate_2,2017,102.193
rwa,sex_f,geo_cov_urb,mts_aggregate_2,2018,164.86
rwa,sex_f,geo_cov_urb,mts_aggregate_2,2019,154.725
rwa,sex_f,geo_cov_urb,mts_aggregate_2,2020,158.022
rwa,sex_f,geo_cov_urb,mts_aggregate_total,2014,201.072
rwa,sex_f,geo_cov_urb,mts_aggregate_total,2017,326.738
rwa,sex_f,geo_cov_urb,mts_aggregate_total,2018,406.805
rwa,sex_f,geo_cov_urb,mts_aggregate_total,2019,381.696
rwa,sex_f,geo_cov_urb,mts_aggregate_total,2020,404.823
rwa,sex_f,geo_cov_urb,mts_details_mrd,2014,51.367
rwa,sex_f,geo_cov_urb,mts_details_mrd,2017,70.193
rwa,sex_f,geo_cov_urb,mts_details_mrd,2018,111.24
rwa,sex_f,geo_cov_urb,mts_details_mrd,2019,108.934
rwa,sex_f,geo_cov_urb,mts_details_mrd,2020,106.61
rwa,sex_f,geo_cov_urb,mts_details_sep,2014,2.16
rwa,sex_f,geo_cov_urb,mts_details_sep,2017,5.435
rwa,sex_f,geo_cov_urb,mts_details_sep,2018,10.192
rwa,sex_f,geo_cov_urb,mts_details_sep,2019,12.184
rwa,sex_f,geo_cov_urb,mts_details_sep,2020,14.443
rwa,sex_f,geo_cov_urb,mts_details_sgle,2014,122.244
rwa,sex_f,geo_cov_urb,mts_details_sgle,2017,176.453
rwa,sex_f,geo_cov_urb,mts_details_sgle,2018,185.632
rwa,sex_f,geo_cov_urb,mts_details_sgle,2019,178.809
rwa,sex_f,geo_cov_urb,mts_details_sgle,2020,187.036
rwa,sex_f,geo_cov_urb,mts_details_total,2014,201.072
rwa,sex_f,geo_cov_urb,mts_details_total,2017,326.738
rwa,sex_f,geo_cov_urb,mts_details_total,2018,406.805
rwa,sex_f,geo_cov_urb,mts_details_total,2019,381.696
rwa,sex_f,geo_cov_urb,mts_details_total,2020,404.823
rwa,sex_f,geo_cov_urb,mts_details_union,2014,4.578
rwa,sex_f,geo_cov_urb,mts_details_union,2017,32
rwa,sex_f,geo_cov_urb,mts_details_union,2018,53.62
rwa,sex_f,geo_cov_urb,mts_details_union,2019,45.792
rwa,sex_f,geo_cov_urb,mts_details_union,2020,51.412
rwa,sex_f,geo_cov_urb,mts_details_wid,2014,20.723
rwa,sex_f,geo_cov_urb,mts_details_wid,2017,42.657
rwa,sex_f,geo_cov_urb,mts_details_wid,2018,46.122
rwa,sex_f,geo_cov_urb,mts_details_wid,2019,35.978
rwa,sex_f,geo_cov_urb,mts_details_wid,2020,45.321
rwa,sex_m,geo_cov_nat,mts_aggregate_1,2014,423.008
rwa,sex_m,geo_cov_nat,mts_aggregate_1,2017,715.092
rwa,sex_m,geo_cov_nat,mts_aggregate_1,2018,816.587
rwa,sex_m,geo_cov_nat,mts_aggregate_1,2019,861.756
rwa,sex_m,geo_cov_nat,mts_aggregate_1,2020,817.521
rwa,sex_m,geo_cov_nat,mts_aggregate_2,2014,89.591
rwa,sex_m,geo_cov_nat,mts_aggregate_2,2017,371.661
rwa,sex_m,geo_cov_nat,mts_aggregate_2,2018,525.286
rwa,sex_m,geo_cov_nat,mts_aggregate_2,2019,551.955
rwa,sex_m,geo_cov_nat,mts_aggregate_2,2020,508.803
rwa,sex_m,geo_cov_nat,mts_aggregate_total,2014,512.598
rwa,sex_m,geo_cov_nat,mts_aggregate_total,2017,1086.753
rwa,sex_m,geo_cov_nat,mts_aggregate_total,2018,1341.873
rwa,sex_m,geo_cov_nat,mts_aggregate_total,2019,1413.71
rwa,sex_m,geo_cov_nat,mts_aggregate_total,2020,1326.324
rwa,sex_m,geo_cov_nat,mts_details_mrd,2014,84.184
rwa,sex_m,geo_cov_nat,mts_details_mrd,2017,301.353
rwa,sex_m,geo_cov_nat,mts_details_mrd,2018,400.822
rwa,sex_m,geo_cov_nat,mts_details_mrd,2019,432.403
rwa,sex_m,geo_cov_nat,mts_details_mrd,2020,386.222
rwa,sex_m,geo_cov_nat,mts_details_sep,2014,1.947
rwa,sex_m,geo_cov_nat,mts_details_sep,2017,10.944
rwa,sex_m,geo_cov_nat,mts_details_sep,2018,14.756
rwa,sex_m,geo_cov_nat,mts_details_sep,2019,19.597
rwa,sex_m,geo_cov_nat,mts_details_sep,2020,20.329
rwa,sex_m,geo_cov_nat,mts_details_sgle,2014,411.148
rwa,sex_m,geo_cov_nat,mts_details_sgle,2017,684.328
rwa,sex_m,geo_cov_nat,mts_details_sgle,2018,777.261
rwa,sex_m,geo_cov_nat,mts_details_sgle,2019,813.719
rwa,sex_m,geo_cov_nat,mts_details_sgle,2020,772.956
rwa,sex_m,geo_cov_nat,mts_details_total,2014,512.598
rwa,sex_m,geo_cov_nat,mts_details_total,2017,1086.753
rwa,sex_m,geo_cov_nat,mts_details_total,2018,1341.873
rwa,sex_m,geo_cov_nat,mts_details_total,2019,1413.71
rwa,sex_m,geo_cov_nat,mts_details_total,2020,1326.324
rwa,sex_m,geo_cov_nat,mts_details_union,2014,5.406
rwa,sex_m,geo_cov_nat,mts_details_union,2017,70.309
rwa,sex_m,geo_cov_nat,mts_details_union,2018,124.465
rwa,sex_m,geo_cov_nat,mts_details_union,2019,119.552
rwa,sex_m,geo_cov_nat,mts_details_union,2020,122.581
rwa,sex_m,geo_cov_nat,mts_details_wid,2014,9.913
rwa,sex_m,geo_cov_nat,mts_details_wid,2017,19.82
rwa,sex_m,geo_cov_nat,mts_details_wid,2018,24.57
rwa,sex_m,geo_cov_nat,mts_details_wid,2019,28.44
rwa,sex_m,geo_cov_nat,mts_details_wid,2020,24.236
rwa,sex_m,geo_cov_rur,mts_aggregate_1,2014,304.551
rwa,sex_m,geo_cov_rur,mts_aggregate_1,2017,528.912
rwa,sex_m,geo_cov_rur,mts_aggregate_1,2018,609.791
rwa,sex_m,geo_cov_rur,mts_aggregate_1,2019,667.042
rwa,sex_m,geo_cov_rur,mts_aggregate_1,2020,621.726
rwa,sex_m,geo_cov_rur,mts_aggregate_2,2014,70.812
rwa,sex_m,geo_cov_rur,mts_aggregate_2,2017,333.482
rwa,sex_m,geo_cov_rur,mts_aggregate_2,2018,434.084
rwa,sex_m,geo_cov_rur,mts_aggregate_2,2019,476.351
rwa,sex_m,geo_cov_rur,mts_aggregate_2,2020,425.107
rwa,sex_m,geo_cov_rur,mts_aggregate_total,2014,375.363
rwa,sex_m,geo_cov_rur,mts_aggregate_total,2017,862.394
rwa,sex_m,geo_cov_rur,mts_aggregate_total,2018,1043.875
rwa,sex_m,geo_cov_rur,mts_aggregate_total,2019,1143.392
rwa,sex_m,geo_cov_rur,mts_aggregate_total,2020,1046.832
rwa,sex_m,geo_cov_rur,mts_details_mrd,2014,66.456
rwa,sex_m,geo_cov_rur,mts_details_mrd,2017,271.41
rwa,sex_m,geo_cov_rur,mts_details_mrd,2018,335.889
rwa,sex_m,geo_cov_rur,mts_details_mrd,2019,373.844
rwa,sex_m,geo_cov_rur,mts_details_mrd,2020,326.749
rwa,sex_m,geo_cov_rur,mts_details_sep,2014,1.61
rwa,sex_m,geo_cov_rur,mts_details_sep,2017,10.21
rwa,sex_m,geo_cov_rur,mts_details_sep,2018,12.629
rwa,sex_m,geo_cov_rur,mts_details_sep,2019,16.329
rwa,sex_m,geo_cov_rur,mts_details_sep,2020,17.171
rwa,sex_m,geo_cov_rur,mts_details_sgle,2014,294.99
rwa,sex_m,geo_cov_rur,mts_details_sgle,2017,501.556
rwa,sex_m,geo_cov_rur,mts_details_sgle,2018,576.077
rwa,sex_m,geo_cov_rur,mts_details_sgle,2019,626.279
rwa,sex_m,geo_cov_rur,mts_details_sgle,2020,584.099
rwa,sex_m,geo_cov_rur,mts_details_total,2014,375.363
rwa,sex_m,geo_cov_rur,mts_details_total,2017,862.394
rwa,sex_m,geo_cov_rur,mts_details_total,2018,1043.875
rwa,sex_m,geo_cov_rur,mts_details_total,2019,1143.392
rwa,sex_m,geo_cov_rur,mts_details_total,2020,1046.832
rwa,sex_m,geo_cov_rur,mts_details_union,2014,4.356
rwa,sex_m,geo_cov_rur,mts_details_union,2017,62.071
rwa,sex_m,geo_cov_rur,mts_details_union,2018,98.194
rwa,sex_m,geo_cov_rur,mts_details_union,2019,102.507
rwa,sex_m,geo_cov_rur,mts_details_union,2020,98.358
rwa,sex_m,geo_cov_rur,mts_details_wid,2014,7.952
rwa,sex_m,geo_cov_rur,mts_details_wid,2017,17.147
rwa,sex_m,geo_cov_rur,mts_details_wid,2018,21.085
rwa,sex_m,geo_cov_rur,mts_details_wid,2019,24.434
rwa,sex_m,geo_cov_rur,mts_details_wid,2020,20.455
rwa,sex_m,geo_cov_urb,mts_aggregate_1,2014,118.456
rwa,sex_m,geo_cov_urb,mts_aggregate_1,2017,186.18
rwa,sex_m,geo_cov_urb,mts_aggregate_1,2018,206.796
rwa,sex_m,geo_cov_urb,mts_aggregate_1,2019,194.714
rwa,sex_m,geo_cov_urb,mts_aggregate_1,2020,195.795
rwa,sex_m,geo_cov_urb,mts_aggregate_2,2014,18.779
rwa,sex_m,geo_cov_urb,mts_aggregate_2,2017,38.18
rwa,sex_m,geo_cov_urb,mts_aggregate_2,2018,91.203
rwa,sex_m,geo_cov_urb,mts_aggregate_2,2019,75.604
rwa,sex_m,geo_cov_urb,mts_aggregate_2,2020,83.697
rwa,sex_m,geo_cov_urb,mts_aggregate_total,2014,137.235
rwa,sex_m,geo_cov_urb,mts_aggregate_total,2017,224.359
rwa,sex_m,geo_cov_urb,mts_aggregate_total,2018,297.998
rwa,sex_m,geo_cov_urb,mts_aggregate_total,2019,270.318
rwa,sex_m,geo_cov_urb,mts_aggregate_total,2020,279.492
rwa,sex_m,geo_cov_urb,mts_details_mrd,2014,17.729
rwa,sex_m,geo_cov_urb,mts_details_mrd,2017,29.942
rwa,sex_m,geo_cov_urb,mts_details_mrd,2018,64.932
rwa,sex_m,geo_cov_urb,mts_details_mrd,2019,58.559
rwa,sex_m,geo_cov_urb,mts_details_mrd,2020,59.473
rwa,sex_m,geo_cov_urb,mts_details_sep,2014,0.336
rwa,sex_m,geo_cov_urb,mts_details_sep,2017,0.734
rwa,sex_m,geo_cov_urb,mts_details_sep,2018,2.127
rwa,sex_m,geo_cov_urb,mts_details_sep,2019,3.267
rwa,sex_m,geo_cov_urb,mts_details_sep,2020,3.158
rwa,sex_m,geo_cov_urb,mts_details_sgle,2014,116.159
rwa,sex_m,geo_cov_urb,mts_details_sgle,2017,182.772
rwa,sex_m,geo_cov_urb,mts_details_sgle,2018,201.183
rwa,sex_m,geo_cov_urb,mts_details_sgle,2019,187.441
rwa,sex_m,geo_cov_urb,mts_details_sgle,2020,188.857
rwa,sex_m,geo_cov_urb,mts_details_total,2014,137.235
rwa,sex_m,geo_cov_urb,mts_details_total,2017,224.359
rwa,sex_m,geo_cov_urb,mts_details_total,2018,297.998
rwa,sex_m,geo_cov_urb,mts_details_total,2019,270.318
rwa,sex_m,geo_cov_urb,mts_details_total,2020,279.492
rwa,sex_m,geo_cov_urb,mts_details_union,2014,1.05
rwa,sex_m,geo_cov_urb,mts_details_union,2017,8.237
rwa,sex_m,geo_cov_urb,mts_details_union,2018,26.27
rwa,sex_m,geo_cov_urb,mts_details_union,2019,17.045
rwa,sex_m,geo_cov_urb,mts_details_union,2020,24.224
rwa,sex_m,geo_cov_urb,mts_details_wid,2014,1.961
rwa,sex_m,geo_cov_urb,mts_details_wid,2017,2.673
rwa,sex_m,geo_cov_urb,mts_details_wid,2018,3.486
rwa,sex_m,geo_cov_urb,mts_details_wid,2019,4.006
rwa,sex_m,geo_cov_urb,mts_details_wid,2020,3.781
rwa,sex_t,geo_cov_nat,mts_aggregate_1,2014,907.398
rwa,sex_t,geo_cov_nat,mts_aggregate_1,2017,1742.872
rwa,sex_t,geo_cov_nat,mts_aggregate_1,2018,1987.039
rwa,sex_t,geo_cov_nat,mts_aggregate_1,2019,2075.807
rwa,sex_t,geo_cov_nat,mts_aggregate_1,2020,1978.875
rwa,sex_t,geo_cov_nat,mts_aggregate_2,2014,182.539
rwa,sex_t,geo_cov_nat,mts_aggregate_2,2017,1031.301
rwa,sex_t,geo_cov_nat,mts_aggregate_2,2018,1375.626
rwa,sex_t,geo_cov_nat,mts_aggregate_2,2019,1476.692
rwa,sex_t,geo_cov_nat,mts_aggregate_2,2020,1380.29
rwa,sex_t,geo_cov_nat,mts_aggregate_total,2014,1089.937
rwa,sex_t,geo_cov_nat,mts_aggregate_total,2017,2774.172
rwa,sex_t,geo_cov_nat,mts_aggregate_total,2018,3362.664
rwa,sex_t,geo_cov_nat,mts_aggregate_total,2019,3552.499
rwa,sex_t,geo_cov_nat,mts_aggregate_total,2020,3359.165
rwa,sex_t,geo_cov_nat,mts_details_mrd,2014,168.36
rwa,sex_t,geo_cov_nat,mts_details_mrd,2017,808.837
rwa,sex_t,geo_cov_nat,mts_details_mrd,2018,1030.637
rwa,sex_t,geo_cov_nat,mts_details_mrd,2019,1117.931
rwa,sex_t,geo_cov_nat,mts_details_mrd,2020,1017.722
rwa,sex_t,geo_cov_nat,mts_details_sep,2014,8.702
rwa,sex_t,geo_cov_nat,mts_details_sep,2017,54.439
rwa,sex_t,geo_cov_nat,mts_details_sep,2018,76.818
rwa,sex_t,geo_cov_nat,mts_details_sep,2019,83.917
rwa,sex_t,geo_cov_nat,mts_details_sep,2020,87.135
rwa,sex_t,geo_cov_nat,mts_details_sgle,2014,825.262
rwa,sex_t,geo_cov_nat,mts_details_sgle,2017,1412.747
rwa,sex_t,geo_cov_nat,mts_details_sgle,2018,1606.952
rwa,sex_t,geo_cov_nat,mts_details_sgle,2019,1669.926
rwa,sex_t,geo_cov_nat,mts_details_sgle,2020,1586.887
rwa,sex_t,geo_cov_nat,mts_details_total,2014,1089.937
rwa,sex_t,geo_cov_nat,mts_details_total,2017,2774.172
rwa,sex_t,geo_cov_nat,mts_details_total,2018,3362.664
rwa,sex_t,geo_cov_nat,mts_details_total,2019,3552.499
rwa,sex_t,geo_cov_nat,mts_details_total,2020,3359.165
rwa,sex_t,geo_cov_nat,mts_details_union,2014,14.18
rwa,sex_t,geo_cov_nat,mts_details_union,2017,222.464
rwa,sex_t,geo_cov_nat,mts_details_union,2018,344.989
rwa,sex_t,geo_cov_nat,mts_details_union,2019,358.76
rwa,sex_t,geo_cov_nat,mts_details_union,2020,362.568
rwa,sex_t,geo_cov_nat,mts_details_wid,2014,73.434
rwa,sex_t,geo_cov_nat,mts_details_wid,2017,275.686
rwa,sex_t,geo_cov_nat,mts_details_wid,2018,303.269
rwa,sex_t,geo_cov_nat,mts_details_wid,2019,321.965
rwa,sex_t,geo_cov_nat,mts_details_wid,2020,304.853
rwa,sex_t,geo_cov_rur,mts_aggregate_1,2014,643.814
rwa,sex_t,geo_cov_rur,mts_aggregate_1,2017,1332.148
rwa,sex_t,geo_cov_rur,mts_aggregate_1,2018,1538.297
rwa,sex_t,geo_cov_rur,mts_aggregate_1,2019,1654.123
rwa,sex_t,geo_cov_rur,mts_aggregate_1,2020,1536.279
rwa,sex_t,geo_cov_rur,mts_aggregate_2,2014,107.815
rwa,sex_t,geo_cov_rur,mts_aggregate_2,2017,890.928
rwa,sex_t,geo_cov_rur,mts_aggregate_2,2018,1119.564
rwa,sex_t,geo_cov_rur,mts_aggregate_2,2019,1246.362
rwa,sex_t,geo_cov_rur,mts_aggregate_2,2020,1138.571
rwa,sex_t,geo_cov_rur,mts_aggregate_total,2014,751.629
rwa,sex_t,geo_cov_rur,mts_aggregate_total,2017,2223.076
rwa,sex_t,geo_cov_rur,mts_aggregate_total,2018,2657.861
rwa,sex_t,geo_cov_rur,mts_aggregate_total,2019,2900.485
rwa,sex_t,geo_cov_rur,mts_aggregate_total,2020,2674.85
rwa,sex_t,geo_cov_rur,mts_details_mrd,2014,99.264
rwa,sex_t,geo_cov_rur,mts_details_mrd,2017,708.702
rwa,sex_t,geo_cov_rur,mts_details_mrd,2018,854.465
rwa,sex_t,geo_cov_rur,mts_details_mrd,2019,950.439
rwa,sex_t,geo_cov_rur,mts_details_mrd,2020,851.639
rwa,sex_t,geo_cov_rur,mts_details_sep,2014,6.205
rwa,sex_t,geo_cov_rur,mts_details_sep,2017,48.27
rwa,sex_t,geo_cov_rur,mts_details_sep,2018,64.499
rwa,sex_t,geo_cov_rur,mts_details_sep,2019,68.466
rwa,sex_t,geo_cov_rur,mts_details_sep,2020,69.534
rwa,sex_t,geo_cov_rur,mts_details_sgle,2014,586.859
rwa,sex_t,geo_cov_rur,mts_details_sgle,2017,1053.522
rwa,sex_t,geo_cov_rur,mts_details_sgle,2018,1220.137
rwa,sex_t,geo_cov_rur,mts_details_sgle,2019,1303.676
rwa,sex_t,geo_cov_rur,mts_details_sgle,2020,1210.995
rwa,sex_t,geo_cov_rur,mts_details_total,2014,751.629
rwa,sex_t,geo_cov_rur,mts_details_total,2017,2223.076
rwa,sex_t,geo_cov_rur,mts_details_total,2018,2657.861
rwa,sex_t,geo_cov_rur,mts_details_total,2019,2900.485
rwa,sex_t,geo_cov_rur,mts_details_total,2020,2674.85
rwa,sex_t,geo_cov_rur,mts_details_union,2014,8.551
rwa,sex_t,geo_cov_rur,mts_details_union,2017,182.226
rwa,sex_t,geo_cov_rur,mts_details_union,2018,265.099
rwa,sex_t,geo_cov_rur,mts_details_union,2019,295.923
rwa,sex_t,geo_cov_rur,mts_details_union,2020,286.932
rwa,sex_t,geo_cov_rur,mts_details_wid,2014,50.75
rwa,sex_t,geo_cov_rur,mts_details_wid,2017,230.356
rwa,sex_t,geo_cov_rur,mts_details_wid,2018,253.661
rwa,sex_t,geo_cov_rur,mts_details_wid,2019,281.981
rwa,sex_t,geo_cov_rur,mts_details_wid,2020,255.751
rwa,sex_t,geo_cov_urb,mts_aggregate_1,2014,263.584
rwa,sex_t,geo_cov_urb,mts_aggregate_1,2017,410.724
rwa,sex_t,geo_cov_urb,mts_aggregate_1,2018,448.741
rwa,sex_t,geo_cov_urb,mts_aggregate_1,2019,421.685
rwa,sex_t,geo_cov_urb,mts_aggregate_1,2020,442.596
rwa,sex_t,geo_cov_urb,mts_aggregate_2,2014,74.724
rwa,sex_t,geo_cov_urb,mts_aggregate_2,2017,140.373
rwa,sex_t,geo_cov_urb,mts_aggregate_2,2018,256.062
rwa,sex_t,geo_cov_urb,mts_aggregate_2,2019,230.329
rwa,sex_t,geo_cov_urb,mts_aggregate_2,2020,241.719
rwa,sex_t,geo_cov_urb,mts_aggregate_total,2014,338.308
rwa,sex_t,geo_cov_urb,mts_aggregate_total,2017,551.097
rwa,sex_t,geo_cov_urb,mts_aggregate_total,2018,704.803
rwa,sex_t,geo_cov_urb,mts_aggregate_total,2019,652.014
rwa,sex_t,geo_cov_urb,mts_aggregate_total,2020,684.315
rwa,sex_t,geo_cov_urb,mts_details_mrd,2014,69.095
rwa,sex_t,geo_cov_urb,mts_details_mrd,2017,100.135
rwa,sex_t,geo_cov_urb,mts_details_mrd,2018,176.172
rwa,sex_t,geo_cov_urb,mts_details_mrd,2019,167.492
rwa,sex_t,geo_cov_urb,mts_details_mrd,2020,166.083
rwa,sex_t,geo_cov_urb,mts_details_sep,2014,2.497
rwa,sex_t,geo_cov_urb,mts_details_sep,2017,6.169
rwa,sex_t,geo_cov_urb,mts_details_sep,2018,12.318
rwa,sex_t,geo_cov_urb,mts_details_sep,2019,15.451
rwa,sex_t,geo_cov_urb,mts_details_sep,2020,17.601
rwa,sex_t,geo_cov_urb,mts_details_sgle,2014,238.403
rwa,sex_t,geo_cov_urb,mts_details_sgle,2017,359.225
rwa,sex_t,geo_cov_urb,mts_details_sgle,2018,386.815
rwa,sex_t,geo_cov_urb,mts_details_sgle,2019,366.25
rwa,sex_t,geo_cov_urb,mts_details_sgle,2020,375.893
rwa,sex_t,geo_cov_urb,mts_details_total,2014,338.308
rwa,sex_t,geo_cov_urb,mts_details_total,2017,551.097
rwa,sex_t,geo_cov_urb,mts_details_total,2018,704.803
rwa,sex_t,geo_cov_urb,mts_details_total,2019,652.014
rwa,sex_t,geo_cov_urb,mts_details_total,2020,684.315
rwa,sex_t,geo_cov_urb,mts_details_union,2014,5.629
rwa,sex_t,geo_cov_urb,mts_details_union,2017,40.237
rwa,sex_t,geo_cov_urb,mts_details_union,2018,79.89
rwa,sex_t,geo_cov_urb,mts_details_union,2019,62.837
rwa,sex_t,geo_cov_urb,mts_details_union,2020,75.636
rwa,sex_t,geo_cov_urb,mts_details_wid,2014,22.684
rwa,sex_t,geo_cov_urb,mts_details_wid,2017,45.33
rwa,sex_t,geo_cov_urb,mts_details_wid,2018,49.608
rwa,sex_t,geo_cov_urb,mts_details_wid,2019,39.983
rwa,sex_t,geo_cov_urb,mts_details_wid,2020,49.102
sdn,sex_f,geo_cov_nat,mts_aggregate_1,2011,2639.519
sdn,sex_f,geo_cov_nat,mts_aggregate_2,2011,3486.723
sdn,sex_f,geo_cov_nat,mts_aggregate_total,2011,6182.393
sdn,sex_f,geo_cov_nat,mts_aggregate_x,2011,56.151
sdn,sex_f,geo_cov_nat,mts_details_mrd,2011,3486.723
sdn,sex_f,geo_cov_nat,mts_details_sep,2011,459.269
sdn,sex_f,geo_cov_nat,mts_details_sgle,2011,2056.827
sdn,sex_f,geo_cov_nat,mts_details_total,2011,6182.393
sdn,sex_f,geo_cov_nat,mts_details_wid,2011,123.423
sdn,sex_f,geo_cov_nat,mts_details_x,2011,56.151
sdn,sex_f,geo_cov_rur,mts_aggregate_1,2011,1455.147
sdn,sex_f,geo_cov_rur,mts_aggregate_2,2011,2167.456
sdn,sex_f,geo_cov_rur,mts_aggregate_total,2011,3653.571
sdn,sex_f,geo_cov_rur,mts_aggregate_x,2011,30.968
sdn,sex_f,geo_cov_rur,mts_details_mrd,2011,2167.456
sdn,sex_f,geo_cov_rur,mts_details_sep,2011,248.991
sdn,sex_f,geo_cov_rur,mts_details_sgle,2011,1141.009
sdn,sex_f,geo_cov_rur,mts_details_total,2011,3653.571
sdn,sex_f,geo_cov_rur,mts_details_wid,2011,65.147
sdn,sex_f,geo_cov_rur,mts_details_x,2011,30.968
sdn,sex_f,geo_cov_urb,mts_aggregate_1,2011,1184.372
sdn,sex_f,geo_cov_urb,mts_aggregate_2,2011,1319.267
sdn,sex_f,geo_cov_urb,mts_aggregate_total,2011,2528.822
sdn,sex_f,geo_cov_urb,mts_aggregate_x,2011,25.182
sdn,sex_f,geo_cov_urb,mts_details_mrd,2011,1319.267
sdn,sex_f,geo_cov_urb,mts_details_sep,2011,210.278
sdn,sex_f,geo_cov_urb,mts_details_sgle,2011,915.818
sdn,sex_f,geo_cov_urb,mts_details_total,2011,2528.822
sdn,sex_f,geo_cov_urb,mts_details_wid,2011,58.276
sdn,sex_f,geo_cov_urb,mts_details_x,2011,25.182
sdn,sex_m,geo_cov_nat,mts_aggregate_1,2011,2163.893
sdn,sex_m,geo_cov_nat,mts_aggregate_2,2011,521.268
sdn,sex_m,geo_cov_nat,mts_aggregate_total,2011,2739.871
sdn,sex_m,geo_cov_nat,mts_aggregate_x,2011,54.711
sdn,sex_m,geo_cov_nat,mts_details_mrd,2011,521.268
sdn,sex_m,geo_cov_nat,mts_details_sep,2011,52.807
sdn,sex_m,geo_cov_nat,mts_details_sgle,2011,2090.4
sdn,sex_m,geo_cov_nat,mts_details_total,2011,2739.871
sdn,sex_m,geo_cov_nat,mts_details_wid,2011,20.686
sdn,sex_m,geo_cov_nat,mts_details_x,2011,54.711
sdn,sex_m,geo_cov_rur,mts_aggregate_1,2011,1223.884
sdn,sex_m,geo_cov_rur,mts_aggregate_2,2011,295.573
sdn,sex_m,geo_cov_rur,mts_aggregate_total,2011,1543.509
sdn,sex_m,geo_cov_rur,mts_aggregate_x,2011,24.051
sdn,sex_m,geo_cov_rur,mts_details_mrd,2011,295.573
sdn,sex_m,geo_cov_rur,mts_details_sep,2011,29.13
sdn,sex_m,geo_cov_rur,mts_details_sgle,2011,1183.111
sdn,sex_m,geo_cov_rur,mts_details_total,2011,1543.509
sdn,sex_m,geo_cov_rur,mts_details_wid,2011,11.644
sdn,sex_m,geo_cov_rur,mts_details_x,2011,24.051
sdn,sex_m,geo_cov_urb,mts_aggregate_1,2011,940.009
sdn,sex_m,geo_cov_urb,mts_aggregate_2,2011,225.695
sdn,sex_m,geo_cov_urb,mts_aggregate_total,2011,1196.363
sdn,sex_m,geo_cov_urb,mts_aggregate_x,2011,30.659
sdn,sex_m,geo_cov_urb,mts_details_mrd,2011,225.695
sdn,sex_m,geo_cov_urb,mts_details_sep,2011,23.677
sdn,sex_m,geo_cov_urb,mts_details_sgle,2011,907.289
sdn,sex_m,geo_cov_urb,mts_details_total,2011,1196.363
sdn,sex_m,geo_cov_urb,mts_details_wid,2011,9.042
sdn,sex_m,geo_cov_urb,mts_details_x,2011,30.659
sdn,sex_t,geo_cov_nat,mts_aggregate_1,2011,4803.412
sdn,sex_t,geo_cov_nat,mts_aggregate_2,2011,4007.991
sdn,sex_t,geo_cov_nat,mts_aggregate_total,2011,8922.264
sdn,sex_t,geo_cov_nat,mts_aggregate_x,2011,110.861
sdn,sex_t,geo_cov_nat,mts_details_mrd,2011,4007.991
sdn,sex_t,geo_cov_nat,mts_details_sep,2011,512.076
sdn,sex_t,geo_cov_nat,mts_details_sgle,2011,4147.227
sdn,sex_t,geo_cov_nat,mts_details_total,2011,8922.264
sdn,sex_t,geo_cov_nat,mts_details_wid,2011,144.109
sdn,sex_t,geo_cov_nat,mts_details_x,2011,110.861
sdn,sex_t,geo_cov_rur,mts_aggregate_1,2011,2679.031
sdn,sex_t,geo_cov_rur,mts_aggregate_2,2011,2463.029
sdn,sex_t,geo_cov_rur,mts_aggregate_total,2011,5197.08
sdn,sex_t,geo_cov_rur,mts_aggregate_x,2011,55.02
sdn,sex_t,geo_cov_rur,mts_details_mrd,2011,2463.029
sdn,sex_t,geo_cov_rur,mts_details_sep,2011,278.12
sdn,sex_t,geo_cov_rur,mts_details_sgle,2011,2324.12
sdn,sex_t,geo_cov_rur,mts_details_total,2011,5197.08
sdn,sex_t,geo_cov_rur,mts_details_wid,2011,76.791
sdn,sex_t,geo_cov_rur,mts_details_x,2011,55.02
sdn,sex_t,geo_cov_urb,mts_aggregate_1,2011,2124.381
sdn,sex_t,geo_cov_urb,mts_aggregate_2,2011,1544.962
sdn,sex_t,geo_cov_urb,mts_aggregate_total,2011,3725.184
sdn,sex_t,geo_cov_urb,mts_aggregate_x,2011,55.842
sdn,sex_t,geo_cov_urb,mts_details_mrd,2011,1544.962
sdn,sex_t,geo_cov_urb,mts_details_sep,2011,233.955
sdn,sex_t,geo_cov_urb,mts_details_sgle,2011,1823.107
sdn,sex_t,geo_cov_urb,mts_details_total,2011,3725.184
sdn,sex_t,geo_cov_urb,mts_details_wid,2011,67.318
sdn,sex_t,geo_cov_urb,mts_details_x,2011,55.842
sen,sex_f,geo_cov_nat,mts_aggregate_1,2015,1165.266
sen,sex_f,geo_cov_nat,mts_aggregate_1,2016,1100.917
sen,sex_f,geo_cov_nat,mts_aggregate_1,2017,1234.924
sen,sex_f,geo_cov_nat,mts_aggregate_1,2018,1367.032
sen,sex_f,geo_cov_nat,mts_aggregate_1,2019,1249.391
sen,sex_f,geo_cov_nat,mts_aggregate_2,2015,1646.643
sen,sex_f,geo_cov_nat,mts_aggregate_2,2016,1446.566
sen,sex_f,geo_cov_nat,mts_aggregate_2,2017,1687.148
sen,sex_f,geo_cov_nat,mts_aggregate_2,2018,1756.97
sen,sex_f,geo_cov_nat,mts_aggregate_2,2019,1688.025
sen,sex_f,geo_cov_nat,mts_aggregate_total,2015,2812.177
sen,sex_f,geo_cov_nat,mts_aggregate_total,2016,2547.483
sen,sex_f,geo_cov_nat,mts_aggregate_total,2017,2922.386
sen,sex_f,geo_cov_nat,mts_aggregate_total,2018,3124.353
sen,sex_f,geo_cov_nat,mts_aggregate_total,2019,2995.985
sen,sex_f,geo_cov_nat,mts_aggregate_x,2019,58.569
sen,sex_f,geo_cov_nat,mts_details_mrd,2015,1642.083
sen,sex_f,geo_cov_nat,mts_details_mrd,2016,1444.187
sen,sex_f,geo_cov_nat,mts_details_mrd,2017,1684.443
sen,sex_f,geo_cov_nat,mts_details_mrd,2018,1755.701
sen,sex_f,geo_cov_nat,mts_details_mrd,2019,1687.474
sen,sex_f,geo_cov_nat,mts_details_sep,2015,56.381
sen,sex_f,geo_cov_nat,mts_details_sep,2016,57.252
sen,sex_f,geo_cov_nat,mts_details_sep,2017,67.557
sen,sex_f,geo_cov_nat,mts_details_sep,2018,64.113
sen,sex_f,geo_cov_nat,mts_details_sep,2019,55.605
sen,sex_f,geo_cov_nat,mts_details_sgle,2015,847.139
sen,sex_f,geo_cov_nat,mts_details_sgle,2016,753.581
sen,sex_f,geo_cov_nat,mts_details_sgle,2017,881.396
sen,sex_f,geo_cov_nat,mts_details_sgle,2018,964.312
sen,sex_f,geo_cov_nat,mts_details_sgle,2019,915.423
sen,sex_f,geo_cov_nat,mts_details_total,2015,2812.177
sen,sex_f,geo_cov_nat,mts_details_total,2016,2547.483
sen,sex_f,geo_cov_nat,mts_details_total,2017,2922.386
sen,sex_f,geo_cov_nat,mts_details_total,2018,3124.353
sen,sex_f,geo_cov_nat,mts_details_total,2019,2995.985
sen,sex_f,geo_cov_nat,mts_details_union,2015,4.559
sen,sex_f,geo_cov_nat,mts_details_union,2016,2.379
sen,sex_f,geo_cov_nat,mts_details_union,2017,2.705
sen,sex_f,geo_cov_nat,mts_details_union,2018,1.269
sen,sex_f,geo_cov_nat,mts_details_union,2019,0.551
sen,sex_f,geo_cov_nat,mts_details_wid,2015,261.747
sen,sex_f,geo_cov_nat,mts_details_wid,2016,290.084
sen,sex_f,geo_cov_nat,mts_details_wid,2017,285.971
sen,sex_f,geo_cov_nat,mts_details_wid,2018,338.608
sen,sex_f,geo_cov_nat,mts_details_wid,2019,278.363
sen,sex_f,geo_cov_nat,mts_details_x,2019,58.569
sen,sex_f,geo_cov_rur,mts_aggregate_1,2015,445.112
sen,sex_f,geo_cov_rur,mts_aggregate_1,2016,411.22
sen,sex_f,geo_cov_rur,mts_aggregate_1,2017,493.639
sen,sex_f,geo_cov_rur,mts_aggregate_1,2018,561.417
sen,sex_f,geo_cov_rur,mts_aggregate_1,2019,528.732
sen,sex_f,geo_cov_rur,mts_aggregate_2,2015,952.633
sen,sex_f,geo_cov_rur,mts_aggregate_2,2016,722.572
sen,sex_f,geo_cov_rur,mts_aggregate_2,2017,945.463
sen,sex_f,geo_cov_rur,mts_aggregate_2,2018,1085.306
sen,sex_f,geo_cov_rur,mts_aggregate_2,2019,1022.91
sen,sex_f,geo_cov_rur,mts_aggregate_total,2015,1397.745
sen,sex_f,geo_cov_rur,mts_aggregate_total,2016,1133.792
sen,sex_f,geo_cov_rur,mts_aggregate_total,2017,1439.415
sen,sex_f,geo_cov_rur,mts_aggregate_total,2018,1646.722
sen,sex_f,geo_cov_rur,mts_aggregate_total,2019,1578.596
sen,sex_f,geo_cov_rur,mts_aggregate_x,2019,26.954
sen,sex_f,geo_cov_rur,mts_details_mrd,2015,950.986
sen,sex_f,geo_cov_rur,mts_details_mrd,2016,721.344
sen,sex_f,geo_cov_rur,mts_details_mrd,2017,944.283
sen,sex_f,geo_cov_rur,mts_details_mrd,2018,1084.037
sen,sex_f,geo_cov_rur,mts_details_mrd,2019,1022.614
sen,sex_f,geo_cov_rur,mts_details_sep,2015,18.187
sen,sex_f,geo_cov_rur,mts_details_sep,2016,17.964
sen,sex_f,geo_cov_rur,mts_details_sep,2017,25.895
sen,sex_f,geo_cov_rur,mts_details_sep,2018,28.181
sen,sex_f,geo_cov_rur,mts_details_sep,2019,21.826
sen,sex_f,geo_cov_rur,mts_details_sgle,2015,292.034
sen,sex_f,geo_cov_rur,mts_details_sgle,2016,259.692
sen,sex_f,geo_cov_rur,mts_details_sgle,2017,321.872
sen,sex_f,geo_cov_rur,mts_details_sgle,2018,356.304
sen,sex_f,geo_cov_rur,mts_details_sgle,2019,362.389
sen,sex_f,geo_cov_rur,mts_details_total,2015,1397.745
sen,sex_f,geo_cov_rur,mts_details_total,2016,1133.792
sen,sex_f,geo_cov_rur,mts_details_total,2017,1439.415
sen,sex_f,geo_cov_rur,mts_details_total,2018,1646.722
sen,sex_f,geo_cov_rur,mts_details_total,2019,1578.596
sen,sex_f,geo_cov_rur,mts_details_union,2015,1.647
sen,sex_f,geo_cov_rur,mts_details_union,2016,1.229
sen,sex_f,geo_cov_rur,mts_details_union,2017,1.18
sen,sex_f,geo_cov_rur,mts_details_union,2018,1.269
sen,sex_f,geo_cov_rur,mts_details_wid,2015,134.891
sen,sex_f,geo_cov_rur,mts_details_wid,2016,133.564
sen,sex_f,geo_cov_rur,mts_details_wid,2017,145.872
sen,sex_f,geo_cov_rur,mts_details_wid,2018,176.932
sen,sex_f,geo_cov_rur,mts_details_wid,2019,144.517
sen,sex_f,geo_cov_rur,mts_details_x,2019,26.954
sen,sex_f,geo_cov_urb,mts_aggregate_1,2015,720.154
sen,sex_f,geo_cov_urb,mts_aggregate_1,2016,689.697
sen,sex_f,geo_cov_urb,mts_aggregate_1,2017,741.285
sen,sex_f,geo_cov_urb,mts_aggregate_1,2018,805.616
sen,sex_f,geo_cov_urb,mts_aggregate_1,2019,720.659
sen,sex_f,geo_cov_urb,mts_aggregate_2,2015,694.009
sen,sex_f,geo_cov_urb,mts_aggregate_2,2016,723.994
sen,sex_f,geo_cov_urb,mts_aggregate_2,2017,741.685
sen,sex_f,geo_cov_urb,mts_aggregate_2,2018,671.664
sen,sex_f,geo_cov_urb,mts_aggregate_2,2019,665.115
sen,sex_f,geo_cov_urb,mts_aggregate_total,2015,1414.432
sen,sex_f,geo_cov_urb,mts_aggregate_total,2016,1413.691
sen,sex_f,geo_cov_urb,mts_aggregate_total,2017,1482.971
sen,sex_f,geo_cov_urb,mts_aggregate_total,2018,1477.631
sen,sex_f,geo_cov_urb,mts_aggregate_total,2019,1417.389
sen,sex_f,geo_cov_urb,mts_aggregate_x,2019,31.615
sen,sex_f,geo_cov_urb,mts_details_mrd,2015,691.097
sen,sex_f,geo_cov_urb,mts_details_mrd,2016,722.843
sen,sex_f,geo_cov_urb,mts_details_mrd,2017,740.161
sen,sex_f,geo_cov_urb,mts_details_mrd,2018,671.664
sen,sex_f,geo_cov_urb,mts_details_mrd,2019,664.86
sen,sex_f,geo_cov_urb,mts_details_sep,2015,38.194
sen,sex_f,geo_cov_urb,mts_details_sep,2016,39.288
sen,sex_f,geo_cov_urb,mts_details_sep,2017,41.662
sen,sex_f,geo_cov_urb,mts_details_sep,2018,35.932
sen,sex_f,geo_cov_urb,mts_details_sep,2019,33.78
sen,sex_f,geo_cov_urb,mts_details_sgle,2015,555.105
sen,sex_f,geo_cov_urb,mts_details_sgle,2016,493.889
sen,sex_f,geo_cov_urb,mts_details_sgle,2017,559.524
sen,sex_f,geo_cov_urb,mts_details_sgle,2018,608.007
sen,sex_f,geo_cov_urb,mts_details_sgle,2019,553.034
sen,sex_f,geo_cov_urb,mts_details_total,2015,1414.432
sen,sex_f,geo_cov_urb,mts_details_total,2016,1413.691
sen,sex_f,geo_cov_urb,mts_details_total,2017,1482.971
sen,sex_f,geo_cov_urb,mts_details_total,2018,1477.631
sen,sex_f,geo_cov_urb,mts_details_total,2019,1417.389
sen,sex_f,geo_cov_urb,mts_details_union,2015,2.913
sen,sex_f,geo_cov_urb,mts_details_union,2016,1.151
sen,sex_f,geo_cov_urb,mts_details_union,2017,1.524
sen,sex_f,geo_cov_urb,mts_details_wid,2015,126.856
sen,sex_f,geo_cov_urb,mts_details_wid,2016,156.52
sen,sex_f,geo_cov_urb,mts_details_wid,2017,140.099
sen,sex_f,geo_cov_urb,mts_details_wid,2018,161.677
sen,sex_f,geo_cov_urb,mts_details_wid,2019,133.846
sen,sex_f,geo_cov_urb,mts_details_x,2019,31.615
sen,sex_m,geo_cov_nat,mts_aggregate_1,2015,1058.223
sen,sex_m,geo_cov_nat,mts_aggregate_1,2016,899.817
sen,sex_m,geo_cov_nat,mts_aggregate_1,2017,1080.375
sen,sex_m,geo_cov_nat,mts_aggregate_1,2018,1044.521
sen,sex_m,geo_cov_nat,mts_aggregate_1,2019,1151.473
sen,sex_m,geo_cov_nat,mts_aggregate_2,2015,522.143
sen,sex_m,geo_cov_nat,mts_aggregate_2,2016,430.932
sen,sex_m,geo_cov_nat,mts_aggregate_2,2017,483.112
sen,sex_m,geo_cov_nat,mts_aggregate_2,2018,378.483
sen,sex_m,geo_cov_nat,mts_aggregate_2,2019,452.768
sen,sex_m,geo_cov_nat,mts_aggregate_total,2015,1580.994
sen,sex_m,geo_cov_nat,mts_aggregate_total,2016,1330.749
sen,sex_m,geo_cov_nat,mts_aggregate_total,2017,1563.486
sen,sex_m,geo_cov_nat,mts_aggregate_total,2018,1424.38
sen,sex_m,geo_cov_nat,mts_aggregate_total,2019,1627.205
sen,sex_m,geo_cov_nat,mts_aggregate_x,2019,22.965
sen,sex_m,geo_cov_nat,mts_details_mrd,2015,518.332
sen,sex_m,geo_cov_nat,mts_details_mrd,2016,428.729
sen,sex_m,geo_cov_nat,mts_details_mrd,2017,482.506
sen,sex_m,geo_cov_nat,mts_details_mrd,2018,378.207
sen,sex_m,geo_cov_nat,mts_details_mrd,2019,451.792
sen,sex_m,geo_cov_nat,mts_details_sep,2015,17.45
sen,sex_m,geo_cov_nat,mts_details_sep,2016,12.315
sen,sex_m,geo_cov_nat,mts_details_sep,2017,13.196
sen,sex_m,geo_cov_nat,mts_details_sep,2018,11.111
sen,sex_m,geo_cov_nat,mts_details_sep,2019,12.741
sen,sex_m,geo_cov_nat,mts_details_sgle,2015,1020.61
sen,sex_m,geo_cov_nat,mts_details_sgle,2016,862.196
sen,sex_m,geo_cov_nat,mts_details_sgle,2017,1044.761
sen,sex_m,geo_cov_nat,mts_details_sgle,2018,1011.401
sen,sex_m,geo_cov_nat,mts_details_sgle,2019,1122.898
sen,sex_m,geo_cov_nat,mts_details_total,2015,1580.994
sen,sex_m,geo_cov_nat,mts_details_total,2016,1330.749
sen,sex_m,geo_cov_nat,mts_details_total,2017,1563.486
sen,sex_m,geo_cov_nat,mts_details_total,2018,1424.38
sen,sex_m,geo_cov_nat,mts_details_total,2019,1627.205
sen,sex_m,geo_cov_nat,mts_details_union,2015,3.811
sen,sex_m,geo_cov_nat,mts_details_union,2016,2.203
sen,sex_m,geo_cov_nat,mts_details_union,2019,0.976
sen,sex_m,geo_cov_nat,mts_details_wid,2015,20.163
sen,sex_m,geo_cov_nat,mts_details_wid,2016,25.306
sen,sex_m,geo_cov_nat,mts_details_wid,2017,22.418
sen,sex_m,geo_cov_nat,mts_details_wid,2018,22.008
sen,sex_m,geo_cov_nat,mts_details_wid,2019,15.834
sen,sex_m,geo_cov_nat,mts_details_x,2019,22.965
sen,sex_m,geo_cov_rur,mts_aggregate_1,2015,400.015
sen,sex_m,geo_cov_rur,mts_aggregate_1,2016,326.283
sen,sex_m,geo_cov_rur,mts_aggregate_1,2017,420.476
sen,sex_m,geo_cov_rur,mts_aggregate_1,2018,480.061
sen,sex_m,geo_cov_rur,mts_aggregate_1,2019,490.94
sen,sex_m,geo_cov_rur,mts_aggregate_2,2015,277.715
sen,sex_m,geo_cov_rur,mts_aggregate_2,2016,218.015
sen,sex_m,geo_cov_rur,mts_aggregate_2,2017,285.59
sen,sex_m,geo_cov_rur,mts_aggregate_2,2018,222.687
sen,sex_m,geo_cov_rur,mts_aggregate_2,2019,286.178
sen,sex_m,geo_cov_rur,mts_aggregate_total,2015,677.957
sen,sex_m,geo_cov_rur,mts_aggregate_total,2016,544.297
sen,sex_m,geo_cov_rur,mts_aggregate_total,2017,706.066
sen,sex_m,geo_cov_rur,mts_aggregate_total,2018,702.748
sen,sex_m,geo_cov_rur,mts_aggregate_total,2019,789.41
sen,sex_m,geo_cov_rur,mts_aggregate_x,2019,12.293
sen,sex_m,geo_cov_rur,mts_details_mrd,2015,276.16
sen,sex_m,geo_cov_rur,mts_details_mrd,2016,216.785
sen,sex_m,geo_cov_rur,mts_details_mrd,2017,285.59
sen,sex_m,geo_cov_rur,mts_details_mrd,2018,222.687
sen,sex_m,geo_cov_rur,mts_details_mrd,2019,285.724
sen,sex_m,geo_cov_rur,mts_details_sep,2015,5.609
sen,sex_m,geo_cov_rur,mts_details_sep,2016,5.214
sen,sex_m,geo_cov_rur,mts_details_sep,2017,5.125
sen,sex_m,geo_cov_rur,mts_details_sep,2018,3.15
sen,sex_m,geo_cov_rur,mts_details_sep,2019,4.826
sen,sex_m,geo_cov_rur,mts_details_sgle,2015,382.94
sen,sex_m,geo_cov_rur,mts_details_sgle,2016,308.956
sen,sex_m,geo_cov_rur,mts_details_sgle,2017,403.619
sen,sex_m,geo_cov_rur,mts_details_sgle,2018,464.832
sen,sex_m,geo_cov_rur,mts_details_sgle,2019,476.697
sen,sex_m,geo_cov_rur,mts_details_total,2015,677.957
sen,sex_m,geo_cov_rur,mts_details_total,2016,544.297
sen,sex_m,geo_cov_rur,mts_details_total,2017,706.066
sen,sex_m,geo_cov_rur,mts_details_total,2018,702.748
sen,sex_m,geo_cov_rur,mts_details_total,2019,789.41
sen,sex_m,geo_cov_rur,mts_details_union,2015,1.555
sen,sex_m,geo_cov_rur,mts_details_union,2016,1.229
sen,sex_m,geo_cov_rur,mts_details_wid,2015,11.466
sen,sex_m,geo_cov_rur,mts_details_wid,2016,12.113
sen,sex_m,geo_cov_rur,mts_details_wid,2017,11.732
sen,sex_m,geo_cov_rur,mts_details_wid,2018,12.079
sen,sex_m,geo_cov_rur,mts_details_wid,2019,9.418
sen,sex_m,geo_cov_rur,mts_details_x,2019,12.293
sen,sex_m,geo_cov_urb,mts_aggregate_1,2015,658.207
sen,sex_m,geo_cov_urb,mts_aggregate_1,2016,573.534
sen,sex_m,geo_cov_urb,mts_aggregate_1,2017,659.899
sen,sex_m,geo_cov_urb,mts_aggregate_1,2018,564.46
sen,sex_m,geo_cov_urb,mts_aggregate_1,2019,660.533
sen,sex_m,geo_cov_urb,mts_aggregate_2,2015,244.428
sen,sex_m,geo_cov_urb,mts_aggregate_2,2016,212.917
sen,sex_m,geo_cov_urb,mts_aggregate_2,2017,197.521
sen,sex_m,geo_cov_urb,mts_aggregate_2,2018,155.797
sen,sex_m,geo_cov_urb,mts_aggregate_2,2019,166.59
sen,sex_m,geo_cov_urb,mts_aggregate_total,2015,903.037
sen,sex_m,geo_cov_urb,mts_aggregate_total,2016,786.452
sen,sex_m,geo_cov_urb,mts_aggregate_total,2017,857.42
sen,sex_m,geo_cov_urb,mts_aggregate_total,2018,721.632
sen,sex_m,geo_cov_urb,mts_aggregate_total,2019,837.795
sen,sex_m,geo_cov_urb,mts_aggregate_x,2019,10.672
sen,sex_m,geo_cov_urb,mts_details_mrd,2015,242.171
sen,sex_m,geo_cov_urb,mts_details_mrd,2016,211.944
sen,sex_m,geo_cov_urb,mts_details_mrd,2017,196.915
sen,sex_m,geo_cov_urb,mts_details_mrd,2018,155.52
sen,sex_m,geo_cov_urb,mts_details_mrd,2019,166.067
sen,sex_m,geo_cov_urb,mts_details_sep,2015,11.842
sen,sex_m,geo_cov_urb,mts_details_sep,2016,7.101
sen,sex_m,geo_cov_urb,mts_details_sep,2017,8.071
sen,sex_m,geo_cov_urb,mts_details_sep,2018,7.961
sen,sex_m,geo_cov_urb,mts_details_sep,2019,7.915
sen,sex_m,geo_cov_urb,mts_details_sgle,2015,637.67
sen,sex_m,geo_cov_urb,mts_details_sgle,2016,553.24
sen,sex_m,geo_cov_urb,mts_details_sgle,2017,641.142
sen,sex_m,geo_cov_urb,mts_details_sgle,2018,546.569
sen,sex_m,geo_cov_urb,mts_details_sgle,2019,646.201
sen,sex_m,geo_cov_urb,mts_details_total,2015,903.037
sen,sex_m,geo_cov_urb,mts_details_total,2016,786.452
sen,sex_m,geo_cov_urb,mts_details_total,2017,857.42
sen,sex_m,geo_cov_urb,mts_details_total,2018,721.632
sen,sex_m,geo_cov_urb,mts_details_total,2019,837.795
sen,sex_m,geo_cov_urb,mts_details_union,2016,0.974
sen,sex_m,geo_cov_urb,mts_details_wid,2015,8.696
sen,sex_m,geo_cov_urb,mts_details_wid,2016,13.193
sen,sex_m,geo_cov_urb,mts_details_wid,2017,10.686
sen,sex_m,geo_cov_urb,mts_details_wid,2018,9.929
sen,sex_m,geo_cov_urb,mts_details_wid,2019,6.417
sen,sex_m,geo_cov_urb,mts_details_x,2019,10.672
sen,sex_t,geo_cov_nat,mts_aggregate_1,2015,2223.488
sen,sex_t,geo_cov_nat,mts_aggregate_1,2016,2000.734
sen,sex_t,geo_cov_nat,mts_aggregate_1,2017,2315.299
sen,sex_t,geo_cov_nat,mts_aggregate_1,2018,2411.553
sen,sex_t,geo_cov_nat,mts_aggregate_1,2019,2400.864
sen,sex_t,geo_cov_nat,mts_aggregate_2,2015,2168.785
sen,sex_t,geo_cov_nat,mts_aggregate_2,2016,1877.498
sen,sex_t,geo_cov_nat,mts_aggregate_2,2017,2170.26
sen,sex_t,geo_cov_nat,mts_aggregate_2,2018,2135.453
sen,sex_t,geo_cov_nat,mts_aggregate_2,2019,2140.793
sen,sex_t,geo_cov_nat,mts_aggregate_total,2015,4393.171
sen,sex_t,geo_cov_nat,mts_aggregate_total,2016,3878.232
sen,sex_t,geo_cov_nat,mts_aggregate_total,2017,4485.872
sen,sex_t,geo_cov_nat,mts_aggregate_total,2018,4548.733
sen,sex_t,geo_cov_nat,mts_aggregate_total,2019,4623.19
sen,sex_t,geo_cov_nat,mts_aggregate_x,2015,0.897
sen,sex_t,geo_cov_nat,mts_aggregate_x,2018,1.727
sen,sex_t,geo_cov_nat,mts_aggregate_x,2019,81.533
sen,sex_t,geo_cov_nat,mts_details_mrd,2015,2160.415
sen,sex_t,geo_cov_nat,mts_details_mrd,2016,1872.915
sen,sex_t,geo_cov_nat,mts_details_mrd,2017,2166.949
sen,sex_t,geo_cov_nat,mts_details_mrd,2018,2133.908
sen,sex_t,geo_cov_nat,mts_details_mrd,2019,2139.266
sen,sex_t,geo_cov_nat,mts_details_sep,2015,73.831
sen,sex_t,geo_cov_nat,mts_details_sep,2016,69.568
sen,sex_t,geo_cov_nat,mts_details_sep,2017,80.753
sen,sex_t,geo_cov_nat,mts_details_sep,2018,75.224
sen,sex_t,geo_cov_nat,mts_details_sep,2019,68.346
sen,sex_t,geo_cov_nat,mts_details_sgle,2015,1867.748
sen,sex_t,geo_cov_nat,mts_details_sgle,2016,1615.776
sen,sex_t,geo_cov_nat,mts_details_sgle,2017,1926.157
sen,sex_t,geo_cov_nat,mts_details_sgle,2018,1975.713
sen,sex_t,geo_cov_nat,mts_details_sgle,2019,2038.321
sen,sex_t,geo_cov_nat,mts_details_total,2015,4393.171
sen,sex_t,geo_cov_nat,mts_details_total,2016,3878.232
sen,sex_t,geo_cov_nat,mts_details_total,2017,4485.872
sen,sex_t,geo_cov_nat,mts_details_total,2018,4548.733
sen,sex_t,geo_cov_nat,mts_details_total,2019,4623.19
sen,sex_t,geo_cov_nat,mts_details_union,2015,8.37
sen,sex_t,geo_cov_nat,mts_details_union,2016,4.583
sen,sex_t,geo_cov_nat,mts_details_union,2017,3.311
sen,sex_t,geo_cov_nat,mts_details_union,2018,1.545
sen,sex_t,geo_cov_nat,mts_details_union,2019,1.527
sen,sex_t,geo_cov_nat,mts_details_wid,2015,281.909
sen,sex_t,geo_cov_nat,mts_details_wid,2016,315.39
sen,sex_t,geo_cov_nat,mts_details_wid,2017,308.389
sen,sex_t,geo_cov_nat,mts_details_wid,2018,360.617
sen,sex_t,geo_cov_nat,mts_details_wid,2019,294.197
sen,sex_t,geo_cov_nat,mts_details_x,2015,0.897
sen,sex_t,geo_cov_nat,mts_details_x,2018,1.727
sen,sex_t,geo_cov_nat,mts_details_x,2019,81.533
sen,sex_t,geo_cov_rur,mts_aggregate_1,2015,845.127
sen,sex_t,geo_cov_rur,mts_aggregate_1,2016,737.503
sen,sex_t,geo_cov_rur,mts_aggregate_1,2017,914.115
sen,sex_t,geo_cov_rur,mts_aggregate_1,2018,1041.478
sen,sex_t,geo_cov_rur,mts_aggregate_1,2019,1019.672
sen,sex_t,geo_cov_rur,mts_aggregate_2,2015,1230.348
sen,sex_t,geo_cov_rur,mts_aggregate_2,2016,940.587
sen,sex_t,geo_cov_rur,mts_aggregate_2,2017,1231.053
sen,sex_t,geo_cov_rur,mts_aggregate_2,2018,1307.992
sen,sex_t,geo_cov_rur,mts_aggregate_2,2019,1309.088
sen,sex_t,geo_cov_rur,mts_aggregate_total,2015,2075.702
sen,sex_t,geo_cov_rur,mts_aggregate_total,2016,1678.089
sen,sex_t,geo_cov_rur,mts_aggregate_total,2017,2145.481
sen,sex_t,geo_cov_rur,mts_aggregate_total,2018,2349.47
sen,sex_t,geo_cov_rur,mts_aggregate_total,2019,2368.006
sen,sex_t,geo_cov_rur,mts_aggregate_x,2019,39.247
sen,sex_t,geo_cov_rur,mts_details_mrd,2015,1227.146
sen,sex_t,geo_cov_rur,mts_details_mrd,2016,938.129
sen,sex_t,geo_cov_rur,mts_details_mrd,2017,1229.873
sen,sex_t,geo_cov_rur,mts_details_mrd,2018,1306.724
sen,sex_t,geo_cov_rur,mts_details_mrd,2019,1308.339
sen,sex_t,geo_cov_rur,mts_details_sep,2015,23.796
sen,sex_t,geo_cov_rur,mts_details_sep,2016,23.178
sen,sex_t,geo_cov_rur,mts_details_sep,2017,31.02
sen,sex_t,geo_cov_rur,mts_details_sep,2018,31.33
sen,sex_t,geo_cov_rur,mts_details_sep,2019,26.651
sen,sex_t,geo_cov_rur,mts_details_sgle,2015,674.974
sen,sex_t,geo_cov_rur,mts_details_sgle,2016,568.648
sen,sex_t,geo_cov_rur,mts_details_sgle,2017,725.491
sen,sex_t,geo_cov_rur,mts_details_sgle,2018,821.137
sen,sex_t,geo_cov_rur,mts_details_sgle,2019,839.086
sen,sex_t,geo_cov_rur,mts_details_total,2015,2075.702
sen,sex_t,geo_cov_rur,mts_details_total,2016,1678.089
sen,sex_t,geo_cov_rur,mts_details_total,2017,2145.481
sen,sex_t,geo_cov_rur,mts_details_total,2018,2349.47
sen,sex_t,geo_cov_rur,mts_details_total,2019,2368.006
sen,sex_t,geo_cov_rur,mts_details_union,2015,3.201
sen,sex_t,geo_cov_rur,mts_details_union,2016,2.458
sen,sex_t,geo_cov_rur,mts_details_union,2017,1.18
sen,sex_t,geo_cov_rur,mts_details_union,2018,1.269
sen,sex_t,geo_cov_rur,mts_details_union,2019,0.749
sen,sex_t,geo_cov_rur,mts_details_wid,2015,146.357
sen,sex_t,geo_cov_rur,mts_details_wid,2016,145.677
sen,sex_t,geo_cov_rur,mts_details_wid,2017,157.604
sen,sex_t,geo_cov_rur,mts_details_wid,2018,189.011
sen,sex_t,geo_cov_rur,mts_details_wid,2019,153.935
sen,sex_t,geo_cov_rur,mts_details_x,2019,39.247
sen,sex_t,geo_cov_urb,mts_aggregate_1,2015,1378.361
sen,sex_t,geo_cov_urb,mts_aggregate_1,2016,1263.231
sen,sex_t,geo_cov_urb,mts_aggregate_1,2017,1401.184
sen,sex_t,geo_cov_urb,mts_aggregate_1,2018,1370.076
sen,sex_t,geo_cov_urb,mts_aggregate_1,2019,1381.192
sen,sex_t,geo_cov_urb,mts_aggregate_2,2015,938.437
sen,sex_t,geo_cov_urb,mts_aggregate_2,2016,936.911
sen,sex_t,geo_cov_urb,mts_aggregate_2,2017,939.207
sen,sex_t,geo_cov_urb,mts_aggregate_2,2018,827.461
sen,sex_t,geo_cov_urb,mts_aggregate_2,2019,831.705
sen,sex_t,geo_cov_urb,mts_aggregate_total,2015,2317.469
sen,sex_t,geo_cov_urb,mts_aggregate_total,2016,2200.143
sen,sex_t,geo_cov_urb,mts_aggregate_total,2017,2340.391
sen,sex_t,geo_cov_urb,mts_aggregate_total,2018,2199.263
sen,sex_t,geo_cov_urb,mts_aggregate_total,2019,2255.183
sen,sex_t,geo_cov_urb,mts_aggregate_x,2015,0.67
sen,sex_t,geo_cov_urb,mts_aggregate_x,2018,1.727
sen,sex_t,geo_cov_urb,mts_aggregate_x,2019,42.287
sen,sex_t,geo_cov_urb,mts_details_mrd,2015,933.268
sen,sex_t,geo_cov_urb,mts_details_mrd,2016,934.787
sen,sex_t,geo_cov_urb,mts_details_mrd,2017,937.076
sen,sex_t,geo_cov_urb,mts_details_mrd,2018,827.184
sen,sex_t,geo_cov_urb,mts_details_mrd,2019,830.927
sen,sex_t,geo_cov_urb,mts_details_sep,2015,50.035
sen,sex_t,geo_cov_urb,mts_details_sep,2016,46.39
sen,sex_t,geo_cov_urb,mts_details_sep,2017,49.733
sen,sex_t,geo_cov_urb,mts_details_sep,2018,43.894
sen,sex_t,geo_cov_urb,mts_details_sep,2019,41.695
sen,sex_t,geo_cov_urb,mts_details_sgle,2015,1192.774
sen,sex_t,geo_cov_urb,mts_details_sgle,2016,1047.129
sen,sex_t,geo_cov_urb,mts_details_sgle,2017,1200.667
sen,sex_t,geo_cov_urb,mts_details_sgle,2018,1154.576
sen,sex_t,geo_cov_urb,mts_details_sgle,2019,1199.235
sen,sex_t,geo_cov_urb,mts_details_total,2015,2317.469
sen,sex_t,geo_cov_urb,mts_details_total,2016,2200.143
sen,sex_t,geo_cov_urb,mts_details_total,2017,2340.391
sen,sex_t,geo_cov_urb,mts_details_total,2018,2199.263
sen,sex_t,geo_cov_urb,mts_details_total,2019,2255.183
sen,sex_t,geo_cov_urb,mts_details_union,2015,5.169
sen,sex_t,geo_cov_urb,mts_details_union,2016,2.125
sen,sex_t,geo_cov_urb,mts_details_union,2017,2.13
sen,sex_t,geo_cov_urb,mts_details_union,2019,0.778
sen,sex_t,geo_cov_urb,mts_details_wid,2015,135.552
sen,sex_t,geo_cov_urb,mts_details_wid,2016,169.713
sen,sex_t,geo_cov_urb,mts_details_wid,2017,150.785
sen,sex_t,geo_cov_urb,mts_details_wid,2018,171.606
sen,sex_t,geo_cov_urb,mts_details_wid,2019,140.262
sen,sex_t,geo_cov_urb,mts_details_x,2015,0.67
sen,sex_t,geo_cov_urb,mts_details_x,2018,1.727
sen,sex_t,geo_cov_urb,mts_details_x,2019,42.287
sle,sex_f,geo_cov_nat,mts_aggregate_1,2014,426.211
sle,sex_f,geo_cov_nat,mts_aggregate_1,2018,724.526
sle,sex_f,geo_cov_nat,mts_aggregate_2,2014,273.295
sle,sex_f,geo_cov_nat,mts_aggregate_2,2018,561.675
sle,sex_f,geo_cov_nat,mts_aggregate_total,2014,702.849
sle,sex_f,geo_cov_nat,mts_aggregate_total,2018,1286.2
sle,sex_f,geo_cov_nat,mts_aggregate_x,2014,3.343
sle,sex_f,geo_cov_nat,mts_details_mrd,2014,267.94
sle,sex_f,geo_cov_nat,mts_details_mrd,2018,544.687
sle,sex_f,geo_cov_nat,mts_details_sep,2014,17.121
sle,sex_f,geo_cov_nat,mts_details_sep,2018,43.776
sle,sex_f,geo_cov_nat,mts_details_sgle,2014,320.461
sle,sex_f,geo_cov_nat,mts_details_sgle,2018,503.154
sle,sex_f,geo_cov_nat,mts_details_total,2014,702.849
sle,sex_f,geo_cov_nat,mts_details_total,2018,1286.2
sle,sex_f,geo_cov_nat,mts_details_union,2014,5.356
sle,sex_f,geo_cov_nat,mts_details_union,2018,16.988
sle,sex_f,geo_cov_nat,mts_details_wid,2014,88.629
sle,sex_f,geo_cov_nat,mts_details_wid,2018,177.595
sle,sex_f,geo_cov_nat,mts_details_x,2014,3.343
sle,sex_f,geo_cov_rur,mts_aggregate_1,2014,210.978
sle,sex_f,geo_cov_rur,mts_aggregate_1,2018,306.412
sle,sex_f,geo_cov_rur,mts_aggregate_2,2014,89.575
sle,sex_f,geo_cov_rur,mts_aggregate_2,2018,358.234
sle,sex_f,geo_cov_rur,mts_aggregate_total,2014,301.62
sle,sex_f,geo_cov_rur,mts_aggregate_total,2018,664.646
sle,sex_f,geo_cov_rur,mts_aggregate_x,2014,1.067
sle,sex_f,geo_cov_rur,mts_details_mrd,2014,86.326
sle,sex_f,geo_cov_rur,mts_details_mrd,2018,352.154
sle,sex_f,geo_cov_rur,mts_details_sep,2014,6.592
sle,sex_f,geo_cov_rur,mts_details_sep,2018,26.675
sle,sex_f,geo_cov_rur,mts_details_sgle,2014,175.378
sle,sex_f,geo_cov_rur,mts_details_sgle,2018,161.502
sle,sex_f,geo_cov_rur,mts_details_total,2014,301.62
sle,sex_f,geo_cov_rur,mts_details_total,2018,664.646
sle,sex_f,geo_cov_rur,mts_details_union,2014,3.249
sle,sex_f,geo_cov_rur,mts_details_union,2018,6.08
sle,sex_f,geo_cov_rur,mts_details_wid,2014,29.008
sle,sex_f,geo_cov_rur,mts_details_wid,2018,118.236
sle,sex_f,geo_cov_rur,mts_details_x,2014,1.067
sle,sex_f,geo_cov_urb,mts_aggregate_1,2014,215.233
sle,sex_f,geo_cov_urb,mts_aggregate_1,2018,418.113
sle,sex_f,geo_cov_urb,mts_aggregate_2,2014,183.72
sle,sex_f,geo_cov_urb,mts_aggregate_2,2018,203.441
sle,sex_f,geo_cov_urb,mts_aggregate_total,2014,401.229
sle,sex_f,geo_cov_urb,mts_aggregate_total,2018,621.554
sle,sex_f,geo_cov_urb,mts_aggregate_x,2014,2.276
sle,sex_f,geo_cov_urb,mts_details_mrd,2014,181.614
sle,sex_f,geo_cov_urb,mts_details_mrd,2018,192.533
sle,sex_f,geo_cov_urb,mts_details_sep,2014,10.529
sle,sex_f,geo_cov_urb,mts_details_sep,2018,17.102
sle,sex_f,geo_cov_urb,mts_details_sgle,2014,145.083
sle,sex_f,geo_cov_urb,mts_details_sgle,2018,341.652
sle,sex_f,geo_cov_urb,mts_details_total,2014,401.229
sle,sex_f,geo_cov_urb,mts_details_total,2018,621.554
sle,sex_f,geo_cov_urb,mts_details_union,2014,2.107
sle,sex_f,geo_cov_urb,mts_details_union,2018,10.908
sle,sex_f,geo_cov_urb,mts_details_wid,2014,59.621
sle,sex_f,geo_cov_urb,mts_details_wid,2018,59.359
sle,sex_f,geo_cov_urb,mts_details_x,2014,2.276
sle,sex_m,geo_cov_nat,mts_aggregate_1,2014,437.632
sle,sex_m,geo_cov_nat,mts_aggregate_1,2018,647.908
sle,sex_m,geo_cov_nat,mts_aggregate_2,2014,152.401
sle,sex_m,geo_cov_nat,mts_aggregate_2,2018,335.31
sle,sex_m,geo_cov_nat,mts_aggregate_total,2014,592.973
sle,sex_m,geo_cov_nat,mts_aggregate_total,2018,983.217
sle,sex_m,geo_cov_nat,mts_aggregate_x,2014,2.94
sle,sex_m,geo_cov_nat,mts_details_mrd,2014,150.591
sle,sex_m,geo_cov_nat,mts_details_mrd,2018,330.08
sle,sex_m,geo_cov_nat,mts_details_sep,2014,8.555
sle,sex_m,geo_cov_nat,mts_details_sep,2018,19.396
sle,sex_m,geo_cov_nat,mts_details_sgle,2014,422.026
sle,sex_m,geo_cov_nat,mts_details_sgle,2018,606.843
sle,sex_m,geo_cov_nat,mts_details_total,2014,592.973
sle,sex_m,geo_cov_nat,mts_details_total,2018,983.217
sle,sex_m,geo_cov_nat,mts_details_union,2014,1.81
sle,sex_m,geo_cov_nat,mts_details_union,2018,5.23
sle,sex_m,geo_cov_nat,mts_details_wid,2014,7.05
sle,sex_m,geo_cov_nat,mts_details_wid,2018,21.669
sle,sex_m,geo_cov_nat,mts_details_x,2014,2.94
sle,sex_m,geo_cov_rur,mts_aggregate_1,2014,205.94
sle,sex_m,geo_cov_rur,mts_aggregate_1,2018,242.695
sle,sex_m,geo_cov_rur,mts_aggregate_2,2014,51.154
sle,sex_m,geo_cov_rur,mts_aggregate_2,2018,245.501
sle,sex_m,geo_cov_rur,mts_aggregate_total,2014,258.163
sle,sex_m,geo_cov_rur,mts_aggregate_total,2018,488.197
sle,sex_m,geo_cov_rur,mts_aggregate_x,2014,1.07
sle,sex_m,geo_cov_rur,mts_details_mrd,2014,50.328
sle,sex_m,geo_cov_rur,mts_details_mrd,2018,243.644
sle,sex_m,geo_cov_rur,mts_details_sep,2014,2.57
sle,sex_m,geo_cov_rur,mts_details_sep,2018,11.197
sle,sex_m,geo_cov_rur,mts_details_sgle,2014,201.153
sle,sex_m,geo_cov_rur,mts_details_sgle,2018,217.793
sle,sex_m,geo_cov_rur,mts_details_total,2014,258.163
sle,sex_m,geo_cov_rur,mts_details_total,2018,488.197
sle,sex_m,geo_cov_rur,mts_details_union,2014,0.825
sle,sex_m,geo_cov_rur,mts_details_union,2018,1.857
sle,sex_m,geo_cov_rur,mts_details_wid,2014,2.217
sle,sex_m,geo_cov_rur,mts_details_wid,2018,13.706
sle,sex_m,geo_cov_rur,mts_details_x,2014,1.07
sle,sex_m,geo_cov_urb,mts_aggregate_1,2014,231.692
sle,sex_m,geo_cov_urb,mts_aggregate_1,2018,405.212
sle,sex_m,geo_cov_urb,mts_aggregate_2,2014,101.248
sle,sex_m,geo_cov_urb,mts_aggregate_2,2018,89.809
sle,sex_m,geo_cov_urb,mts_aggregate_total,2014,334.81
sle,sex_m,geo_cov_urb,mts_aggregate_total,2018,495.021
sle,sex_m,geo_cov_urb,mts_aggregate_x,2014,1.871
sle,sex_m,geo_cov_urb,mts_details_mrd,2014,100.263
sle,sex_m,geo_cov_urb,mts_details_mrd,2018,86.436
sle,sex_m,geo_cov_urb,mts_details_sep,2014,5.985
sle,sex_m,geo_cov_urb,mts_details_sep,2018,8.199
sle,sex_m,geo_cov_urb,mts_details_sgle,2014,220.873
sle,sex_m,geo_cov_urb,mts_details_sgle,2018,389.05
sle,sex_m,geo_cov_urb,mts_details_total,2014,334.81
sle,sex_m,geo_cov_urb,mts_details_total,2018,495.021
sle,sex_m,geo_cov_urb,mts_details_union,2014,0.985
sle,sex_m,geo_cov_urb,mts_details_union,2018,3.373
sle,sex_m,geo_cov_urb,mts_details_wid,2014,4.834
sle,sex_m,geo_cov_urb,mts_details_wid,2018,7.963
sle,sex_m,geo_cov_urb,mts_details_x,2014,1.871
sle,sex_t,geo_cov_nat,mts_aggregate_1,2014,863.843
sle,sex_t,geo_cov_nat,mts_aggregate_1,2018,1372.433
sle,sex_t,geo_cov_nat,mts_aggregate_2,2014,425.696
sle,sex_t,geo_cov_nat,mts_aggregate_2,2018,896.984
sle,sex_t,geo_cov_nat,mts_aggregate_total,2014,1295.822
sle,sex_t,geo_cov_nat,mts_aggregate_total,2018,2269.417
sle,sex_t,geo_cov_nat,mts_aggregate_x,2014,6.284
sle,sex_t,geo_cov_nat,mts_details_mrd,2014,418.531
sle,sex_t,geo_cov_nat,mts_details_mrd,2018,874.766
sle,sex_t,geo_cov_nat,mts_details_sep,2014,25.676
sle,sex_t,geo_cov_nat,mts_details_sep,2018,63.172
sle,sex_t,geo_cov_nat,mts_details_sgle,2014,742.487
sle,sex_t,geo_cov_nat,mts_details_sgle,2018,1109.997
sle,sex_t,geo_cov_nat,mts_details_total,2014,1295.822
sle,sex_t,geo_cov_nat,mts_details_total,2018,2269.417
sle,sex_t,geo_cov_nat,mts_details_union,2014,7.165
sle,sex_t,geo_cov_nat,mts_details_union,2018,22.218
sle,sex_t,geo_cov_nat,mts_details_wid,2014,95.679
sle,sex_t,geo_cov_nat,mts_details_wid,2018,199.264
sle,sex_t,geo_cov_nat,mts_details_x,2014,6.284
sle,sex_t,geo_cov_rur,mts_aggregate_1,2014,416.918
sle,sex_t,geo_cov_rur,mts_aggregate_1,2018,549.108
sle,sex_t,geo_cov_rur,mts_aggregate_2,2014,140.728
sle,sex_t,geo_cov_rur,mts_aggregate_2,2018,603.735
sle,sex_t,geo_cov_rur,mts_aggregate_total,2014,559.783
sle,sex_t,geo_cov_rur,mts_aggregate_total,2018,1152.843
sle,sex_t,geo_cov_rur,mts_aggregate_x,2014,2.137
sle,sex_t,geo_cov_rur,mts_details_mrd,2014,136.654
sle,sex_t,geo_cov_rur,mts_details_mrd,2018,595.798
sle,sex_t,geo_cov_rur,mts_details_sep,2014,9.162
sle,sex_t,geo_cov_rur,mts_details_sep,2018,37.872
sle,sex_t,geo_cov_rur,mts_details_sgle,2014,376.531
sle,sex_t,geo_cov_rur,mts_details_sgle,2018,379.295
sle,sex_t,geo_cov_rur,mts_details_total,2014,559.783
sle,sex_t,geo_cov_rur,mts_details_total,2018,1152.843
sle,sex_t,geo_cov_rur,mts_details_union,2014,4.074
sle,sex_t,geo_cov_rur,mts_details_union,2018,7.937
sle,sex_t,geo_cov_rur,mts_details_wid,2014,31.225
sle,sex_t,geo_cov_rur,mts_details_wid,2018,131.942
sle,sex_t,geo_cov_rur,mts_details_x,2014,2.137
sle,sex_t,geo_cov_urb,mts_aggregate_1,2014,446.925
sle,sex_t,geo_cov_urb,mts_aggregate_1,2018,823.325
sle,sex_t,geo_cov_urb,mts_aggregate_2,2014,284.968
sle,sex_t,geo_cov_urb,mts_aggregate_2,2018,293.249
sle,sex_t,geo_cov_urb,mts_aggregate_total,2014,736.039
sle,sex_t,geo_cov_urb,mts_aggregate_total,2018,1116.574
sle,sex_t,geo_cov_urb,mts_aggregate_x,2014,4.147
sle,sex_t,geo_cov_urb,mts_details_mrd,2014,281.877
sle,sex_t,geo_cov_urb,mts_details_mrd,2018,278.968
sle,sex_t,geo_cov_urb,mts_details_sep,2014,16.515
sle,sex_t,geo_cov_urb,mts_details_sep,2018,25.301
sle,sex_t,geo_cov_urb,mts_details_sgle,2014,365.956
sle,sex_t,geo_cov_urb,mts_details_sgle,2018,730.702
sle,sex_t,geo_cov_urb,mts_details_total,2014,736.039
sle,sex_t,geo_cov_urb,mts_details_total,2018,1116.574
sle,sex_t,geo_cov_urb,mts_details_union,2014,3.091
sle,sex_t,geo_cov_urb,mts_details_union,2018,14.281
sle,sex_t,geo_cov_urb,mts_details_wid,2014,64.454
sle,sex_t,geo_cov_urb,mts_details_wid,2018,67.322
sle,sex_t,geo_cov_urb,mts_details_x,2014,4.147
slv,sex_f,geo_cov_nat,mts_aggregate_1,2010,627.967
slv,sex_f,geo_cov_nat,mts_aggregate_1,2011,633.728
slv,sex_f,geo_cov_nat,mts_aggregate_1,2012,640.079
slv,sex_f,geo_cov_nat,mts_aggregate_1,2013,633.478
slv,sex_f,geo_cov_nat,mts_aggregate_1,2014,676.503
slv,sex_f,geo_cov_nat,mts_aggregate_1,2015,691.899
slv,sex_f,geo_cov_nat,mts_aggregate_1,2016,719.959
slv,sex_f,geo_cov_nat,mts_aggregate_1,2017,740.849
slv,sex_f,geo_cov_nat,mts_aggregate_1,2018,758.736
slv,sex_f,geo_cov_nat,mts_aggregate_1,2019,758.997
slv,sex_f,geo_cov_nat,mts_aggregate_1,2020,727.119
slv,sex_f,geo_cov_nat,mts_aggregate_1,2021,729.742
slv,sex_f,geo_cov_nat,mts_aggregate_2,2010,572.339
slv,sex_f,geo_cov_nat,mts_aggregate_2,2011,584.662
slv,sex_f,geo_cov_nat,mts_aggregate_2,2012,587.253
slv,sex_f,geo_cov_nat,mts_aggregate_2,2013,589.73
slv,sex_f,geo_cov_nat,mts_aggregate_2,2014,629.226
slv,sex_f,geo_cov_nat,mts_aggregate_2,2015,655.035
slv,sex_f,geo_cov_nat,mts_aggregate_2,2016,651.622
slv,sex_f,geo_cov_nat,mts_aggregate_2,2017,670.211
slv,sex_f,geo_cov_nat,mts_aggregate_2,2018,691.354
slv,sex_f,geo_cov_nat,mts_aggregate_2,2019,702.119
slv,sex_f,geo_cov_nat,mts_aggregate_2,2020,666.31
slv,sex_f,geo_cov_nat,mts_aggregate_2,2021,678.553
slv,sex_f,geo_cov_nat,mts_aggregate_total,2010,1200.306
slv,sex_f,geo_cov_nat,mts_aggregate_total,2011,1218.39
slv,sex_f,geo_cov_nat,mts_aggregate_total,2012,1227.332
slv,sex_f,geo_cov_nat,mts_aggregate_total,2013,1223.208
slv,sex_f,geo_cov_nat,mts_aggregate_total,2014,1305.729
slv,sex_f,geo_cov_nat,mts_aggregate_total,2015,1346.934
slv,sex_f,geo_cov_nat,mts_aggregate_total,2016,1371.581
slv,sex_f,geo_cov_nat,mts_aggregate_total,2017,1411.06
slv,sex_f,geo_cov_nat,mts_aggregate_total,2018,1450.09
slv,sex_f,geo_cov_nat,mts_aggregate_total,2019,1461.115
slv,sex_f,geo_cov_nat,mts_aggregate_total,2020,1393.429
slv,sex_f,geo_cov_nat,mts_aggregate_total,2021,1408.295
slv,sex_f,geo_cov_nat,mts_details_mrd,2010,308.193
slv,sex_f,geo_cov_nat,mts_details_mrd,2011,321.59
slv,sex_f,geo_cov_nat,mts_details_mrd,2012,326.026
slv,sex_f,geo_cov_nat,mts_details_mrd,2013,321.308
slv,sex_f,geo_cov_nat,mts_details_mrd,2014,338.064
slv,sex_f,geo_cov_nat,mts_details_mrd,2015,363.423
slv,sex_f,geo_cov_nat,mts_details_mrd,2016,365.683
slv,sex_f,geo_cov_nat,mts_details_mrd,2017,373.125
slv,sex_f,geo_cov_nat,mts_details_mrd,2018,388.162
slv,sex_f,geo_cov_nat,mts_details_mrd,2019,399.044
slv,sex_f,geo_cov_nat,mts_details_mrd,2020,369.188
slv,sex_f,geo_cov_nat,mts_details_mrd,2021,365.961
slv,sex_f,geo_cov_nat,mts_details_sep,2010,152.889
slv,sex_f,geo_cov_nat,mts_details_sep,2011,158.929
slv,sex_f,geo_cov_nat,mts_details_sep,2012,154.662
slv,sex_f,geo_cov_nat,mts_details_sep,2013,152.097
slv,sex_f,geo_cov_nat,mts_details_sep,2014,163.768
slv,sex_f,geo_cov_nat,mts_details_sep,2015,166.542
slv,sex_f,geo_cov_nat,mts_details_sep,2016,184.767
slv,sex_f,geo_cov_nat,mts_details_sep,2017,197.487
slv,sex_f,geo_cov_nat,mts_details_sep,2018,197.567
slv,sex_f,geo_cov_nat,mts_details_sep,2019,197.834
slv,sex_f,geo_cov_nat,mts_details_sep,2020,187.916
slv,sex_f,geo_cov_nat,mts_details_sep,2021,180.209
slv,sex_f,geo_cov_nat,mts_details_sgle,2010,334.697
slv,sex_f,geo_cov_nat,mts_details_sgle,2011,330.535
slv,sex_f,geo_cov_nat,mts_details_sgle,2012,334.19
slv,sex_f,geo_cov_nat,mts_details_sgle,2013,331.675
slv,sex_f,geo_cov_nat,mts_details_sgle,2014,362.86
slv,sex_f,geo_cov_nat,mts_details_sgle,2015,367.699
slv,sex_f,geo_cov_nat,mts_details_sgle,2016,363.094
slv,sex_f,geo_cov_nat,mts_details_sgle,2017,369.481
slv,sex_f,geo_cov_nat,mts_details_sgle,2018,377.935
slv,sex_f,geo_cov_nat,mts_details_sgle,2019,376.495
slv,sex_f,geo_cov_nat,mts_details_sgle,2020,355.558
slv,sex_f,geo_cov_nat,mts_details_sgle,2021,359.631
slv,sex_f,geo_cov_nat,mts_details_total,2010,1200.306
slv,sex_f,geo_cov_nat,mts_details_total,2011,1218.39
slv,sex_f,geo_cov_nat,mts_details_total,2012,1227.332
slv,sex_f,geo_cov_nat,mts_details_total,2013,1223.208
slv,sex_f,geo_cov_nat,mts_details_total,2014,1305.729
slv,sex_f,geo_cov_nat,mts_details_total,2015,1346.934
slv,sex_f,geo_cov_nat,mts_details_total,2016,1371.581
slv,sex_f,geo_cov_nat,mts_details_total,2017,1411.06
slv,sex_f,geo_cov_nat,mts_details_total,2018,1450.09
slv,sex_f,geo_cov_nat,mts_details_total,2019,1461.115
slv,sex_f,geo_cov_nat,mts_details_total,2020,1393.429
slv,sex_f,geo_cov_nat,mts_details_total,2021,1408.295
slv,sex_f,geo_cov_nat,mts_details_union,2010,264.146
slv,sex_f,geo_cov_nat,mts_details_union,2011,263.072
slv,sex_f,geo_cov_nat,mts_details_union,2012,261.227
slv,sex_f,geo_cov_nat,mts_details_union,2013,268.422
slv,sex_f,geo_cov_nat,mts_details_union,2014,291.162
slv,sex_f,geo_cov_nat,mts_details_union,2015,291.612
slv,sex_f,geo_cov_nat,mts_details_union,2016,285.939
slv,sex_f,geo_cov_nat,mts_details_union,2017,297.086
slv,sex_f,geo_cov_nat,mts_details_union,2018,303.192
slv,sex_f,geo_cov_nat,mts_details_union,2019,303.075
slv,sex_f,geo_cov_nat,mts_details_union,2020,297.122
slv,sex_f,geo_cov_nat,mts_details_union,2021,312.591
slv,sex_f,geo_cov_nat,mts_details_wid,2010,140.381
slv,sex_f,geo_cov_nat,mts_details_wid,2011,144.264
slv,sex_f,geo_cov_nat,mts_details_wid,2012,151.227
slv,sex_f,geo_cov_nat,mts_details_wid,2013,149.706
slv,sex_f,geo_cov_nat,mts_details_wid,2014,149.875
slv,sex_f,geo_cov_nat,mts_details_wid,2015,157.658
slv,sex_f,geo_cov_nat,mts_details_wid,2016,172.098
slv,sex_f,geo_cov_nat,mts_details_wid,2017,173.881
slv,sex_f,geo_cov_nat,mts_details_wid,2018,183.234
slv,sex_f,geo_cov_nat,mts_details_wid,2019,184.667
slv,sex_f,geo_cov_nat,mts_details_wid,2020,183.645
slv,sex_f,geo_cov_nat,mts_details_wid,2021,189.902
slv,sex_f,geo_cov_rur,mts_aggregate_1,2010,231.403
slv,sex_f,geo_cov_rur,mts_aggregate_1,2011,229.085
slv,sex_f,geo_cov_rur,mts_aggregate_1,2012,232.113
slv,sex_f,geo_cov_rur,mts_aggregate_1,2013,235.151
slv,sex_f,geo_cov_rur,mts_aggregate_1,2014,249.997
slv,sex_f,geo_cov_rur,mts_aggregate_1,2015,257.749
slv,sex_f,geo_cov_rur,mts_aggregate_1,2016,273.989
slv,sex_f,geo_cov_rur,mts_aggregate_1,2017,288.001
slv,sex_f,geo_cov_rur,mts_aggregate_1,2018,282.879
slv,sex_f,geo_cov_rur,mts_aggregate_1,2019,290.331
slv,sex_f,geo_cov_rur,mts_aggregate_1,2020,276.349
slv,sex_f,geo_cov_rur,mts_aggregate_1,2021,272.087
slv,sex_f,geo_cov_rur,mts_aggregate_2,2010,267.155
slv,sex_f,geo_cov_rur,mts_aggregate_2,2011,263.93
slv,sex_f,geo_cov_rur,mts_aggregate_2,2012,272.69
slv,sex_f,geo_cov_rur,mts_aggregate_2,2013,278.174
slv,sex_f,geo_cov_rur,mts_aggregate_2,2014,301.203
slv,sex_f,geo_cov_rur,mts_aggregate_2,2015,304.015
slv,sex_f,geo_cov_rur,mts_aggregate_2,2016,303.91
slv,sex_f,geo_cov_rur,mts_aggregate_2,2017,331.078
slv,sex_f,geo_cov_rur,mts_aggregate_2,2018,337.136
slv,sex_f,geo_cov_rur,mts_aggregate_2,2019,330.401
slv,sex_f,geo_cov_rur,mts_aggregate_2,2020,314.33
slv,sex_f,geo_cov_rur,mts_aggregate_2,2021,324.842
slv,sex_f,geo_cov_rur,mts_aggregate_total,2010,498.558
slv,sex_f,geo_cov_rur,mts_aggregate_total,2011,493.015
slv,sex_f,geo_cov_rur,mts_aggregate_total,2012,504.803
slv,sex_f,geo_cov_rur,mts_aggregate_total,2013,513.325
slv,sex_f,geo_cov_rur,mts_aggregate_total,2014,551.2
slv,sex_f,geo_cov_rur,mts_aggregate_total,2015,561.764
slv,sex_f,geo_cov_rur,mts_aggregate_total,2016,577.899
slv,sex_f,geo_cov_rur,mts_aggregate_total,2017,619.079
slv,sex_f,geo_cov_rur,mts_aggregate_total,2018,620.015
slv,sex_f,geo_cov_rur,mts_aggregate_total,2019,620.732
slv,sex_f,geo_cov_rur,mts_aggregate_total,2020,590.679
slv,sex_f,geo_cov_rur,mts_aggregate_total,2021,596.928
slv,sex_f,geo_cov_rur,mts_details_mrd,2010,128.496
slv,sex_f,geo_cov_rur,mts_details_mrd,2011,131.198
slv,sex_f,geo_cov_rur,mts_details_mrd,2012,135.874
slv,sex_f,geo_cov_rur,mts_details_mrd,2013,140.737
slv,sex_f,geo_cov_rur,mts_details_mrd,2014,146.728
slv,sex_f,geo_cov_rur,mts_details_mrd,2015,153.565
slv,sex_f,geo_cov_rur,mts_details_mrd,2016,153.43
slv,sex_f,geo_cov_rur,mts_details_mrd,2017,167.287
slv,sex_f,geo_cov_rur,mts_details_mrd,2018,171.043
slv,sex_f,geo_cov_rur,mts_details_mrd,2019,172.565
slv,sex_f,geo_cov_rur,mts_details_mrd,2020,155.113
slv,sex_f,geo_cov_rur,mts_details_mrd,2021,158.952
slv,sex_f,geo_cov_rur,mts_details_sep,2010,59.339
slv,sex_f,geo_cov_rur,mts_details_sep,2011,58.913
slv,sex_f,geo_cov_rur,mts_details_sep,2012,58.867
slv,sex_f,geo_cov_rur,mts_details_sep,2013,63.982
slv,sex_f,geo_cov_rur,mts_details_sep,2014,66.055
slv,sex_f,geo_cov_rur,mts_details_sep,2015,65.131
slv,sex_f,geo_cov_rur,mts_details_sep,2016,74.664
slv,sex_f,geo_cov_rur,mts_details_sep,2017,83.739
slv,sex_f,geo_cov_rur,mts_details_sep,2018,79.342
slv,sex_f,geo_cov_rur,mts_details_sep,2019,85.49
slv,sex_f,geo_cov_rur,mts_details_sep,2020,75.989
slv,sex_f,geo_cov_rur,mts_details_sep,2021,71.135
slv,sex_f,geo_cov_rur,mts_details_sgle,2010,122.585
slv,sex_f,geo_cov_rur,mts_details_sgle,2011,121.481
slv,sex_f,geo_cov_rur,mts_details_sgle,2012,119.42
slv,sex_f,geo_cov_rur,mts_details_sgle,2013,116.499
slv,sex_f,geo_cov_rur,mts_details_sgle,2014,129.619
slv,sex_f,geo_cov_rur,mts_details_sgle,2015,135.653
slv,sex_f,geo_cov_rur,mts_details_sgle,2016,131.944
slv,sex_f,geo_cov_rur,mts_details_sgle,2017,137.839
slv,sex_f,geo_cov_rur,mts_details_sgle,2018,138.712
slv,sex_f,geo_cov_rur,mts_details_sgle,2019,137.238
slv,sex_f,geo_cov_rur,mts_details_sgle,2020,129.232
slv,sex_f,geo_cov_rur,mts_details_sgle,2021,127.791
slv,sex_f,geo_cov_rur,mts_details_total,2010,498.558
slv,sex_f,geo_cov_rur,mts_details_total,2011,493.015
slv,sex_f,geo_cov_rur,mts_details_total,2012,504.803
slv,sex_f,geo_cov_rur,mts_details_total,2013,513.325
slv,sex_f,geo_cov_rur,mts_details_total,2014,551.2
slv,sex_f,geo_cov_rur,mts_details_total,2015,561.764
slv,sex_f,geo_cov_rur,mts_details_total,2016,577.899
slv,sex_f,geo_cov_rur,mts_details_total,2017,619.079
slv,sex_f,geo_cov_rur,mts_details_total,2018,620.015
slv,sex_f,geo_cov_rur,mts_details_total,2019,620.732
slv,sex_f,geo_cov_rur,mts_details_total,2020,590.679
slv,sex_f,geo_cov_rur,mts_details_total,2021,596.928
slv,sex_f,geo_cov_rur,mts_details_union,2010,138.659
slv,sex_f,geo_cov_rur,mts_details_union,2011,132.732
slv,sex_f,geo_cov_rur,mts_details_union,2012,136.816
slv,sex_f,geo_cov_rur,mts_details_union,2013,137.437
slv,sex_f,geo_cov_rur,mts_details_union,2014,154.475
slv,sex_f,geo_cov_rur,mts_details_union,2015,150.45
slv,sex_f,geo_cov_rur,mts_details_union,2016,150.48
slv,sex_f,geo_cov_rur,mts_details_union,2017,163.791
slv,sex_f,geo_cov_rur,mts_details_union,2018,166.093
slv,sex_f,geo_cov_rur,mts_details_union,2019,157.836
slv,sex_f,geo_cov_rur,mts_details_union,2020,159.217
slv,sex_f,geo_cov_rur,mts_details_union,2021,165.89
slv,sex_f,geo_cov_rur,mts_details_wid,2010,49.479
slv,sex_f,geo_cov_rur,mts_details_wid,2011,48.691
slv,sex_f,geo_cov_rur,mts_details_wid,2012,53.826
slv,sex_f,geo_cov_rur,mts_details_wid,2013,54.67
slv,sex_f,geo_cov_rur,mts_details_wid,2014,54.323
slv,sex_f,geo_cov_rur,mts_details_wid,2015,56.965
slv,sex_f,geo_cov_rur,mts_details_wid,2016,67.381
slv,sex_f,geo_cov_rur,mts_details_wid,2017,66.423
slv,sex_f,geo_cov_rur,mts_details_wid,2018,64.825
slv,sex_f,geo_cov_rur,mts_details_wid,2019,67.603
slv,sex_f,geo_cov_rur,mts_details_wid,2020,71.129
slv,sex_f,geo_cov_rur,mts_details_wid,2021,73.161
slv,sex_f,geo_cov_urb,mts_aggregate_1,2010,396.564
slv,sex_f,geo_cov_urb,mts_aggregate_1,2011,404.643
slv,sex_f,geo_cov_urb,mts_aggregate_1,2012,407.966
slv,sex_f,geo_cov_urb,mts_aggregate_1,2013,398.327
slv,sex_f,geo_cov_urb,mts_aggregate_1,2014,426.506
slv,sex_f,geo_cov_urb,mts_aggregate_1,2015,434.15
slv,sex_f,geo_cov_urb,mts_aggregate_1,2016,445.97
slv,sex_f,geo_cov_urb,mts_aggregate_1,2017,452.848
slv,sex_f,geo_cov_urb,mts_aggregate_1,2018,475.857
slv,sex_f,geo_cov_urb,mts_aggregate_1,2019,468.666
slv,sex_f,geo_cov_urb,mts_aggregate_1,2020,450.77
slv,sex_f,geo_cov_urb,mts_aggregate_1,2021,457.655
slv,sex_f,geo_cov_urb,mts_aggregate_2,2010,305.184
slv,sex_f,geo_cov_urb,mts_aggregate_2,2011,320.732
slv,sex_f,geo_cov_urb,mts_aggregate_2,2012,314.563
slv,sex_f,geo_cov_urb,mts_aggregate_2,2013,311.556
slv,sex_f,geo_cov_urb,mts_aggregate_2,2014,328.023
slv,sex_f,geo_cov_urb,mts_aggregate_2,2015,351.02
slv,sex_f,geo_cov_urb,mts_aggregate_2,2016,347.712
slv,sex_f,geo_cov_urb,mts_aggregate_2,2017,339.133
slv,sex_f,geo_cov_urb,mts_aggregate_2,2018,354.218
slv,sex_f,geo_cov_urb,mts_aggregate_2,2019,371.718
slv,sex_f,geo_cov_urb,mts_aggregate_2,2020,351.98
slv,sex_f,geo_cov_urb,mts_aggregate_2,2021,353.711
slv,sex_f,geo_cov_urb,mts_aggregate_total,2010,701.748
slv,sex_f,geo_cov_urb,mts_aggregate_total,2011,725.375
slv,sex_f,geo_cov_urb,mts_aggregate_total,2012,722.529
slv,sex_f,geo_cov_urb,mts_aggregate_total,2013,709.883
slv,sex_f,geo_cov_urb,mts_aggregate_total,2014,754.529
slv,sex_f,geo_cov_urb,mts_aggregate_total,2015,785.17
slv,sex_f,geo_cov_urb,mts_aggregate_total,2016,793.682
slv,sex_f,geo_cov_urb,mts_aggregate_total,2017,791.981
slv,sex_f,geo_cov_urb,mts_aggregate_total,2018,830.075
slv,sex_f,geo_cov_urb,mts_aggregate_total,2019,840.383
slv,sex_f,geo_cov_urb,mts_aggregate_total,2020,802.75
slv,sex_f,geo_cov_urb,mts_aggregate_total,2021,811.366
slv,sex_f,geo_cov_urb,mts_details_mrd,2010,179.697
slv,sex_f,geo_cov_urb,mts_details_mrd,2011,190.392
slv,sex_f,geo_cov_urb,mts_details_mrd,2012,190.152
slv,sex_f,geo_cov_urb,mts_details_mrd,2013,180.571
slv,sex_f,geo_cov_urb,mts_details_mrd,2014,191.336
slv,sex_f,geo_cov_urb,mts_details_mrd,2015,209.858
slv,sex_f,geo_cov_urb,mts_details_mrd,2016,212.253
slv,sex_f,geo_cov_urb,mts_details_mrd,2017,205.838
slv,sex_f,geo_cov_urb,mts_details_mrd,2018,217.119
slv,sex_f,geo_cov_urb,mts_details_mrd,2019,226.479
slv,sex_f,geo_cov_urb,mts_details_mrd,2020,214.074
slv,sex_f,geo_cov_urb,mts_details_mrd,2021,207.009
slv,sex_f,geo_cov_urb,mts_details_sep,2010,93.55
slv,sex_f,geo_cov_urb,mts_details_sep,2011,100.016
slv,sex_f,geo_cov_urb,mts_details_sep,2012,95.795
slv,sex_f,geo_cov_urb,mts_details_sep,2013,88.115
slv,sex_f,geo_cov_urb,mts_details_sep,2014,97.713
slv,sex_f,geo_cov_urb,mts_details_sep,2015,101.411
slv,sex_f,geo_cov_urb,mts_details_sep,2016,110.103
slv,sex_f,geo_cov_urb,mts_details_sep,2017,113.748
slv,sex_f,geo_cov_urb,mts_details_sep,2018,118.225
slv,sex_f,geo_cov_urb,mts_details_sep,2019,112.344
slv,sex_f,geo_cov_urb,mts_details_sep,2020,111.928
slv,sex_f,geo_cov_urb,mts_details_sep,2021,109.074
slv,sex_f,geo_cov_urb,mts_details_sgle,2010,212.112
slv,sex_f,geo_cov_urb,mts_details_sgle,2011,209.054
slv,sex_f,geo_cov_urb,mts_details_sgle,2012,214.77
slv,sex_f,geo_cov_urb,mts_details_sgle,2013,215.176
slv,sex_f,geo_cov_urb,mts_details_sgle,2014,233.241
slv,sex_f,geo_cov_urb,mts_details_sgle,2015,232.046
slv,sex_f,geo_cov_urb,mts_details_sgle,2016,231.15
slv,sex_f,geo_cov_urb,mts_details_sgle,2017,231.642
slv,sex_f,geo_cov_urb,mts_details_sgle,2018,239.223
slv,sex_f,geo_cov_urb,mts_details_sgle,2019,239.258
slv,sex_f,geo_cov_urb,mts_details_sgle,2020,226.326
slv,sex_f,geo_cov_urb,mts_details_sgle,2021,231.84
slv,sex_f,geo_cov_urb,mts_details_total,2010,701.748
slv,sex_f,geo_cov_urb,mts_details_total,2011,725.375
slv,sex_f,geo_cov_urb,mts_details_total,2012,722.529
slv,sex_f,geo_cov_urb,mts_details_total,2013,709.883
slv,sex_f,geo_cov_urb,mts_details_total,2014,754.529
slv,sex_f,geo_cov_urb,mts_details_total,2015,785.17
slv,sex_f,geo_cov_urb,mts_details_total,2016,793.682
slv,sex_f,geo_cov_urb,mts_details_total,2017,791.981
slv,sex_f,geo_cov_urb,mts_details_total,2018,830.075
slv,sex_f,geo_cov_urb,mts_details_total,2019,840.383
slv,sex_f,geo_cov_urb,mts_details_total,2020,802.75
slv,sex_f,geo_cov_urb,mts_details_total,2021,811.366
slv,sex_f,geo_cov_urb,mts_details_union,2010,125.487
slv,sex_f,geo_cov_urb,mts_details_union,2011,130.34
slv,sex_f,geo_cov_urb,mts_details_union,2012,124.411
slv,sex_f,geo_cov_urb,mts_details_union,2013,130.985
slv,sex_f,geo_cov_urb,mts_details_union,2014,136.687
slv,sex_f,geo_cov_urb,mts_details_union,2015,141.162
slv,sex_f,geo_cov_urb,mts_details_union,2016,135.459
slv,sex_f,geo_cov_urb,mts_details_union,2017,133.295
slv,sex_f,geo_cov_urb,mts_details_union,2018,137.099
slv,sex_f,geo_cov_urb,mts_details_union,2019,145.239
slv,sex_f,geo_cov_urb,mts_details_union,2020,137.906
slv,sex_f,geo_cov_urb,mts_details_union,2021,146.702
slv,sex_f,geo_cov_urb,mts_details_wid,2010,90.902
slv,sex_f,geo_cov_urb,mts_details_wid,2011,95.573
slv,sex_f,geo_cov_urb,mts_details_wid,2012,97.401
slv,sex_f,geo_cov_urb,mts_details_wid,2013,95.036
slv,sex_f,geo_cov_urb,mts_details_wid,2014,95.552
slv,sex_f,geo_cov_urb,mts_details_wid,2015,100.693
slv,sex_f,geo_cov_urb,mts_details_wid,2016,104.717
slv,sex_f,geo_cov_urb,mts_details_wid,2017,107.458
slv,sex_f,geo_cov_urb,mts_details_wid,2018,118.409
slv,sex_f,geo_cov_urb,mts_details_wid,2019,117.064
slv,sex_f,geo_cov_urb,mts_details_wid,2020,112.516
slv,sex_f,geo_cov_urb,mts_details_wid,2021,116.742
slv,sex_m,geo_cov_nat,mts_aggregate_1,2010,287.772
slv,sex_m,geo_cov_nat,mts_aggregate_1,2011,299.132
slv,sex_m,geo_cov_nat,mts_aggregate_1,2012,301.152
slv,sex_m,geo_cov_nat,mts_aggregate_1,2013,314.468
slv,sex_m,geo_cov_nat,mts_aggregate_1,2014,328.664
slv,sex_m,geo_cov_nat,mts_aggregate_1,2015,346.884
slv,sex_m,geo_cov_nat,mts_aggregate_1,2016,342.803
slv,sex_m,geo_cov_nat,mts_aggregate_1,2017,335.18
slv,sex_m,geo_cov_nat,mts_aggregate_1,2018,360.604
slv,sex_m,geo_cov_nat,mts_aggregate_1,2019,336.513
slv,sex_m,geo_cov_nat,mts_aggregate_1,2020,339.894
slv,sex_m,geo_cov_nat,mts_aggregate_1,2021,311.891
slv,sex_m,geo_cov_nat,mts_aggregate_2,2010,117.854
slv,sex_m,geo_cov_nat,mts_aggregate_2,2011,117.678
slv,sex_m,geo_cov_nat,mts_aggregate_2,2012,118.551
slv,sex_m,geo_cov_nat,mts_aggregate_2,2013,123.451
slv,sex_m,geo_cov_nat,mts_aggregate_2,2014,134.665
slv,sex_m,geo_cov_nat,mts_aggregate_2,2015,144.727
slv,sex_m,geo_cov_nat,mts_aggregate_2,2016,143.092
slv,sex_m,geo_cov_nat,mts_aggregate_2,2017,155.982
slv,sex_m,geo_cov_nat,mts_aggregate_2,2018,158.147
slv,sex_m,geo_cov_nat,mts_aggregate_2,2019,163.454
slv,sex_m,geo_cov_nat,mts_aggregate_2,2020,158.969
slv,sex_m,geo_cov_nat,mts_aggregate_2,2021,165.27
slv,sex_m,geo_cov_nat,mts_aggregate_total,2010,405.626
slv,sex_m,geo_cov_nat,mts_aggregate_total,2011,416.81
slv,sex_m,geo_cov_nat,mts_aggregate_total,2012,419.703
slv,sex_m,geo_cov_nat,mts_aggregate_total,2013,437.919
slv,sex_m,geo_cov_nat,mts_aggregate_total,2014,463.329
slv,sex_m,geo_cov_nat,mts_aggregate_total,2015,491.611
slv,sex_m,geo_cov_nat,mts_aggregate_total,2016,485.895
slv,sex_m,geo_cov_nat,mts_aggregate_total,2017,491.162
slv,sex_m,geo_cov_nat,mts_aggregate_total,2018,518.751
slv,sex_m,geo_cov_nat,mts_aggregate_total,2019,499.967
slv,sex_m,geo_cov_nat,mts_aggregate_total,2020,498.863
slv,sex_m,geo_cov_nat,mts_aggregate_total,2021,477.161
slv,sex_m,geo_cov_nat,mts_details_mrd,2010,85.104
slv,sex_m,geo_cov_nat,mts_details_mrd,2011,79.547
slv,sex_m,geo_cov_nat,mts_details_mrd,2012,80.834
slv,sex_m,geo_cov_nat,mts_details_mrd,2013,85.66
slv,sex_m,geo_cov_nat,mts_details_mrd,2014,93.346
slv,sex_m,geo_cov_nat,mts_details_mrd,2015,97.672
slv,sex_m,geo_cov_nat,mts_details_mrd,2016,100.303
slv,sex_m,geo_cov_nat,mts_details_mrd,2017,111.109
slv,sex_m,geo_cov_nat,mts_details_mrd,2018,114.036
slv,sex_m,geo_cov_nat,mts_details_mrd,2019,115.987
slv,sex_m,geo_cov_nat,mts_details_mrd,2020,114.827
slv,sex_m,geo_cov_nat,mts_details_mrd,2021,116.656
slv,sex_m,geo_cov_nat,mts_details_sep,2010,26.782
slv,sex_m,geo_cov_nat,mts_details_sep,2011,29.521
slv,sex_m,geo_cov_nat,mts_details_sep,2012,25.491
slv,sex_m,geo_cov_nat,mts_details_sep,2013,27.241
slv,sex_m,geo_cov_nat,mts_details_sep,2014,27.957
slv,sex_m,geo_cov_nat,mts_details_sep,2015,38.356
slv,sex_m,geo_cov_nat,mts_details_sep,2016,28.102
slv,sex_m,geo_cov_nat,mts_details_sep,2017,30.979
slv,sex_m,geo_cov_nat,mts_details_sep,2018,36.828
slv,sex_m,geo_cov_nat,mts_details_sep,2019,33.911
slv,sex_m,geo_cov_nat,mts_details_sep,2020,42.922
slv,sex_m,geo_cov_nat,mts_details_sep,2021,38.078
slv,sex_m,geo_cov_nat,mts_details_sgle,2010,235.865
slv,sex_m,geo_cov_nat,mts_details_sgle,2011,245.429
slv,sex_m,geo_cov_nat,mts_details_sgle,2012,249.362
slv,sex_m,geo_cov_nat,mts_details_sgle,2013,261.322
slv,sex_m,geo_cov_nat,mts_details_sgle,2014,270.446
slv,sex_m,geo_cov_nat,mts_details_sgle,2015,277.683
slv,sex_m,geo_cov_nat,mts_details_sgle,2016,280.595
slv,sex_m,geo_cov_nat,mts_details_sgle,2017,272.524
slv,sex_m,geo_cov_nat,mts_details_sgle,2018,290.383
slv,sex_m,geo_cov_nat,mts_details_sgle,2019,268.087
slv,sex_m,geo_cov_nat,mts_details_sgle,2020,257.062
slv,sex_m,geo_cov_nat,mts_details_sgle,2021,236.788
slv,sex_m,geo_cov_nat,mts_details_total,2010,405.626
slv,sex_m,geo_cov_nat,mts_details_total,2011,416.81
slv,sex_m,geo_cov_nat,mts_details_total,2012,419.703
slv,sex_m,geo_cov_nat,mts_details_total,2013,437.919
slv,sex_m,geo_cov_nat,mts_details_total,2014,463.329
slv,sex_m,geo_cov_nat,mts_details_total,2015,491.611
slv,sex_m,geo_cov_nat,mts_details_total,2016,485.895
slv,sex_m,geo_cov_nat,mts_details_total,2017,491.162
slv,sex_m,geo_cov_nat,mts_details_total,2018,518.751
slv,sex_m,geo_cov_nat,mts_details_total,2019,499.967
slv,sex_m,geo_cov_nat,mts_details_total,2020,498.863
slv,sex_m,geo_cov_nat,mts_details_total,2021,477.161
slv,sex_m,geo_cov_nat,mts_details_union,2010,32.75
slv,sex_m,geo_cov_nat,mts_details_union,2011,38.131
slv,sex_m,geo_cov_nat,mts_details_union,2012,37.717
slv,sex_m,geo_cov_nat,mts_details_union,2013,37.791
slv,sex_m,geo_cov_nat,mts_details_union,2014,41.319
slv,sex_m,geo_cov_nat,mts_details_union,2015,47.055
slv,sex_m,geo_cov_nat,mts_details_union,2016,42.789
slv,sex_m,geo_cov_nat,mts_details_union,2017,44.873
slv,sex_m,geo_cov_nat,mts_details_union,2018,44.111
slv,sex_m,geo_cov_nat,mts_details_union,2019,47.466
slv,sex_m,geo_cov_nat,mts_details_union,2020,44.142
slv,sex_m,geo_cov_nat,mts_details_union,2021,48.614
slv,sex_m,geo_cov_nat,mts_details_wid,2010,25.125
slv,sex_m,geo_cov_nat,mts_details_wid,2011,24.182
slv,sex_m,geo_cov_nat,mts_details_wid,2012,26.299
slv,sex_m,geo_cov_nat,mts_details_wid,2013,25.905
slv,sex_m,geo_cov_nat,mts_details_wid,2014,30.261
slv,sex_m,geo_cov_nat,mts_details_wid,2015,30.845
slv,sex_m,geo_cov_nat,mts_details_wid,2016,34.106
slv,sex_m,geo_cov_nat,mts_details_wid,2017,31.677
slv,sex_m,geo_cov_nat,mts_details_wid,2018,33.393
slv,sex_m,geo_cov_nat,mts_details_wid,2019,34.515
slv,sex_m,geo_cov_nat,mts_details_wid,2020,39.911
slv,sex_m,geo_cov_nat,mts_details_wid,2021,37.025
slv,sex_m,geo_cov_rur,mts_aggregate_1,2010,83.405
slv,sex_m,geo_cov_rur,mts_aggregate_1,2011,80.123
slv,sex_m,geo_cov_rur,mts_aggregate_1,2012,81.01
slv,sex_m,geo_cov_rur,mts_aggregate_1,2013,91.758
slv,sex_m,geo_cov_rur,mts_aggregate_1,2014,97.555
slv,sex_m,geo_cov_rur,mts_aggregate_1,2015,98.304
slv,sex_m,geo_cov_rur,mts_aggregate_1,2016,102.849
slv,sex_m,geo_cov_rur,mts_aggregate_1,2017,101.907
slv,sex_m,geo_cov_rur,mts_aggregate_1,2018,105.127
slv,sex_m,geo_cov_rur,mts_aggregate_1,2019,103.588
slv,sex_m,geo_cov_rur,mts_aggregate_1,2020,101.27
slv,sex_m,geo_cov_rur,mts_aggregate_1,2021,103.203
slv,sex_m,geo_cov_rur,mts_aggregate_2,2010,43.71
slv,sex_m,geo_cov_rur,mts_aggregate_2,2011,41.319
slv,sex_m,geo_cov_rur,mts_aggregate_2,2012,40.169
slv,sex_m,geo_cov_rur,mts_aggregate_2,2013,41.048
slv,sex_m,geo_cov_rur,mts_aggregate_2,2014,48.94
slv,sex_m,geo_cov_rur,mts_aggregate_2,2015,52.369
slv,sex_m,geo_cov_rur,mts_aggregate_2,2016,52.681
slv,sex_m,geo_cov_rur,mts_aggregate_2,2017,54.641
slv,sex_m,geo_cov_rur,mts_aggregate_2,2018,56.787
slv,sex_m,geo_cov_rur,mts_aggregate_2,2019,60.988
slv,sex_m,geo_cov_rur,mts_aggregate_2,2020,55.232
slv,sex_m,geo_cov_rur,mts_aggregate_2,2021,61.143
slv,sex_m,geo_cov_rur,mts_aggregate_total,2010,127.115
slv,sex_m,geo_cov_rur,mts_aggregate_total,2011,121.442
slv,sex_m,geo_cov_rur,mts_aggregate_total,2012,121.179
slv,sex_m,geo_cov_rur,mts_aggregate_total,2013,132.806
slv,sex_m,geo_cov_rur,mts_aggregate_total,2014,146.495
slv,sex_m,geo_cov_rur,mts_aggregate_total,2015,150.673
slv,sex_m,geo_cov_rur,mts_aggregate_total,2016,155.53
slv,sex_m,geo_cov_rur,mts_aggregate_total,2017,156.548
slv,sex_m,geo_cov_rur,mts_aggregate_total,2018,161.914
slv,sex_m,geo_cov_rur,mts_aggregate_total,2019,164.576
slv,sex_m,geo_cov_rur,mts_aggregate_total,2020,156.502
slv,sex_m,geo_cov_rur,mts_aggregate_total,2021,164.346
slv,sex_m,geo_cov_rur,mts_details_mrd,2010,28
slv,sex_m,geo_cov_rur,mts_details_mrd,2011,25.987
slv,sex_m,geo_cov_rur,mts_details_mrd,2012,25.334
slv,sex_m,geo_cov_rur,mts_details_mrd,2013,25.408
slv,sex_m,geo_cov_rur,mts_details_mrd,2014,30.721
slv,sex_m,geo_cov_rur,mts_details_mrd,2015,33.038
slv,sex_m,geo_cov_rur,mts_details_mrd,2016,32.715
slv,sex_m,geo_cov_rur,mts_details_mrd,2017,34.891
slv,sex_m,geo_cov_rur,mts_details_mrd,2018,37.286
slv,sex_m,geo_cov_rur,mts_details_mrd,2019,40.452
slv,sex_m,geo_cov_rur,mts_details_mrd,2020,34.923
slv,sex_m,geo_cov_rur,mts_details_mrd,2021,39.461
slv,sex_m,geo_cov_rur,mts_details_sep,2010,8.009
slv,sex_m,geo_cov_rur,mts_details_sep,2011,8.551
slv,sex_m,geo_cov_rur,mts_details_sep,2012,7.829
slv,sex_m,geo_cov_rur,mts_details_sep,2013,8.608
slv,sex_m,geo_cov_rur,mts_details_sep,2014,8.73
slv,sex_m,geo_cov_rur,mts_details_sep,2015,10.458
slv,sex_m,geo_cov_rur,mts_details_sep,2016,8.085
slv,sex_m,geo_cov_rur,mts_details_sep,2017,10.607
slv,sex_m,geo_cov_rur,mts_details_sep,2018,10.243
slv,sex_m,geo_cov_rur,mts_details_sep,2019,11.552
slv,sex_m,geo_cov_rur,mts_details_sep,2020,17.091
slv,sex_m,geo_cov_rur,mts_details_sep,2021,13.849
slv,sex_m,geo_cov_rur,mts_details_sgle,2010,66.515
slv,sex_m,geo_cov_rur,mts_details_sgle,2011,63.291
slv,sex_m,geo_cov_rur,mts_details_sgle,2012,62.901
slv,sex_m,geo_cov_rur,mts_details_sgle,2013,72.026
slv,sex_m,geo_cov_rur,mts_details_sgle,2014,77.336
slv,sex_m,geo_cov_rur,mts_details_sgle,2015,76.079
slv,sex_m,geo_cov_rur,mts_details_sgle,2016,82.3
slv,sex_m,geo_cov_rur,mts_details_sgle,2017,80.277
slv,sex_m,geo_cov_rur,mts_details_sgle,2018,81.983
slv,sex_m,geo_cov_rur,mts_details_sgle,2019,78.838
slv,sex_m,geo_cov_rur,mts_details_sgle,2020,70.367
slv,sex_m,geo_cov_rur,mts_details_sgle,2021,75.898
slv,sex_m,geo_cov_rur,mts_details_total,2010,127.115
slv,sex_m,geo_cov_rur,mts_details_total,2011,121.442
slv,sex_m,geo_cov_rur,mts_details_total,2012,121.179
slv,sex_m,geo_cov_rur,mts_details_total,2013,132.806
slv,sex_m,geo_cov_rur,mts_details_total,2014,146.495
slv,sex_m,geo_cov_rur,mts_details_total,2015,150.673
slv,sex_m,geo_cov_rur,mts_details_total,2016,155.53
slv,sex_m,geo_cov_rur,mts_details_total,2017,156.548
slv,sex_m,geo_cov_rur,mts_details_total,2018,161.914
slv,sex_m,geo_cov_rur,mts_details_total,2019,164.576
slv,sex_m,geo_cov_rur,mts_details_total,2020,156.502
slv,sex_m,geo_cov_rur,mts_details_total,2021,164.346
slv,sex_m,geo_cov_rur,mts_details_union,2010,15.71
slv,sex_m,geo_cov_rur,mts_details_union,2011,15.332
slv,sex_m,geo_cov_rur,mts_details_union,2012,14.835
slv,sex_m,geo_cov_rur,mts_details_union,2013,15.64
slv,sex_m,geo_cov_rur,mts_details_union,2014,18.219
slv,sex_m,geo_cov_rur,mts_details_union,2015,19.331
slv,sex_m,geo_cov_rur,mts_details_union,2016,19.966
slv,sex_m,geo_cov_rur,mts_details_union,2017,19.75
slv,sex_m,geo_cov_rur,mts_details_union,2018,19.501
slv,sex_m,geo_cov_rur,mts_details_union,2019,20.535
slv,sex_m,geo_cov_rur,mts_details_union,2020,20.31
slv,sex_m,geo_cov_rur,mts_details_union,2021,21.682
slv,sex_m,geo_cov_rur,mts_details_wid,2010,8.881
slv,sex_m,geo_cov_rur,mts_details_wid,2011,8.281
slv,sex_m,geo_cov_rur,mts_details_wid,2012,10.28
slv,sex_m,geo_cov_rur,mts_details_wid,2013,11.124
slv,sex_m,geo_cov_rur,mts_details_wid,2014,11.489
slv,sex_m,geo_cov_rur,mts_details_wid,2015,11.767
slv,sex_m,geo_cov_rur,mts_details_wid,2016,12.464
slv,sex_m,geo_cov_rur,mts_details_wid,2017,11.023
slv,sex_m,geo_cov_rur,mts_details_wid,2018,12.901
slv,sex_m,geo_cov_rur,mts_details_wid,2019,13.198
slv,sex_m,geo_cov_rur,mts_details_wid,2020,13.812
slv,sex_m,geo_cov_rur,mts_details_wid,2021,13.457
slv,sex_m,geo_cov_urb,mts_aggregate_1,2010,204.367
slv,sex_m,geo_cov_urb,mts_aggregate_1,2011,219.009
slv,sex_m,geo_cov_urb,mts_aggregate_1,2012,220.142
slv,sex_m,geo_cov_urb,mts_aggregate_1,2013,222.71
slv,sex_m,geo_cov_urb,mts_aggregate_1,2014,231.109
slv,sex_m,geo_cov_urb,mts_aggregate_1,2015,248.58
slv,sex_m,geo_cov_urb,mts_aggregate_1,2016,239.954
slv,sex_m,geo_cov_urb,mts_aggregate_1,2017,233.273
slv,sex_m,geo_cov_urb,mts_aggregate_1,2018,255.477
slv,sex_m,geo_cov_urb,mts_aggregate_1,2019,232.925
slv,sex_m,geo_cov_urb,mts_aggregate_1,2020,238.625
slv,sex_m,geo_cov_urb,mts_aggregate_1,2021,208.687
slv,sex_m,geo_cov_urb,mts_aggregate_2,2010,74.144
slv,sex_m,geo_cov_urb,mts_aggregate_2,2011,76.359
slv,sex_m,geo_cov_urb,mts_aggregate_2,2012,78.382
slv,sex_m,geo_cov_urb,mts_aggregate_2,2013,82.403
slv,sex_m,geo_cov_urb,mts_aggregate_2,2014,85.725
slv,sex_m,geo_cov_urb,mts_aggregate_2,2015,92.358
slv,sex_m,geo_cov_urb,mts_aggregate_2,2016,90.411
slv,sex_m,geo_cov_urb,mts_aggregate_2,2017,101.341
slv,sex_m,geo_cov_urb,mts_aggregate_2,2018,101.36
slv,sex_m,geo_cov_urb,mts_aggregate_2,2019,102.466
slv,sex_m,geo_cov_urb,mts_aggregate_2,2020,103.737
slv,sex_m,geo_cov_urb,mts_aggregate_2,2021,104.128
slv,sex_m,geo_cov_urb,mts_aggregate_total,2010,278.511
slv,sex_m,geo_cov_urb,mts_aggregate_total,2011,295.368
slv,sex_m,geo_cov_urb,mts_aggregate_total,2012,298.524
slv,sex_m,geo_cov_urb,mts_aggregate_total,2013,305.113
slv,sex_m,geo_cov_urb,mts_aggregate_total,2014,316.834
slv,sex_m,geo_cov_urb,mts_aggregate_total,2015,340.938
slv,sex_m,geo_cov_urb,mts_aggregate_total,2016,330.365
slv,sex_m,geo_cov_urb,mts_aggregate_total,2017,334.614
slv,sex_m,geo_cov_urb,mts_aggregate_total,2018,356.837
slv,sex_m,geo_cov_urb,mts_aggregate_total,2019,335.391
slv,sex_m,geo_cov_urb,mts_aggregate_total,2020,342.361
slv,sex_m,geo_cov_urb,mts_aggregate_total,2021,312.815
slv,sex_m,geo_cov_urb,mts_details_mrd,2010,57.104
slv,sex_m,geo_cov_urb,mts_details_mrd,2011,53.56
slv,sex_m,geo_cov_urb,mts_details_mrd,2012,55.5
slv,sex_m,geo_cov_urb,mts_details_mrd,2013,60.252
slv,sex_m,geo_cov_urb,mts_details_mrd,2014,62.625
slv,sex_m,geo_cov_urb,mts_details_mrd,2015,64.634
slv,sex_m,geo_cov_urb,mts_details_mrd,2016,67.588
slv,sex_m,geo_cov_urb,mts_details_mrd,2017,76.218
slv,sex_m,geo_cov_urb,mts_details_mrd,2018,76.75
slv,sex_m,geo_cov_urb,mts_details_mrd,2019,75.535
slv,sex_m,geo_cov_urb,mts_details_mrd,2020,79.904
slv,sex_m,geo_cov_urb,mts_details_mrd,2021,77.195
slv,sex_m,geo_cov_urb,mts_details_sep,2010,18.773
slv,sex_m,geo_cov_urb,mts_details_sep,2011,20.97
slv,sex_m,geo_cov_urb,mts_details_sep,2012,17.662
slv,sex_m,geo_cov_urb,mts_details_sep,2013,18.633
slv,sex_m,geo_cov_urb,mts_details_sep,2014,19.227
slv,sex_m,geo_cov_urb,mts_details_sep,2015,27.898
slv,sex_m,geo_cov_urb,mts_details_sep,2016,20.017
slv,sex_m,geo_cov_urb,mts_details_sep,2017,20.372
slv,sex_m,geo_cov_urb,mts_details_sep,2018,26.585
slv,sex_m,geo_cov_urb,mts_details_sep,2019,22.358
slv,sex_m,geo_cov_urb,mts_details_sep,2020,25.831
slv,sex_m,geo_cov_urb,mts_details_sep,2021,24.229
slv,sex_m,geo_cov_urb,mts_details_sgle,2010,169.35
slv,sex_m,geo_cov_urb,mts_details_sgle,2011,182.138
slv,sex_m,geo_cov_urb,mts_details_sgle,2012,186.461
slv,sex_m,geo_cov_urb,mts_details_sgle,2013,189.296
slv,sex_m,geo_cov_urb,mts_details_sgle,2014,193.11
slv,sex_m,geo_cov_urb,mts_details_sgle,2015,201.604
slv,sex_m,geo_cov_urb,mts_details_sgle,2016,198.295
slv,sex_m,geo_cov_urb,mts_details_sgle,2017,192.247
slv,sex_m,geo_cov_urb,mts_details_sgle,2018,208.4
slv,sex_m,geo_cov_urb,mts_details_sgle,2019,189.249
slv,sex_m,geo_cov_urb,mts_details_sgle,2020,186.695
slv,sex_m,geo_cov_urb,mts_details_sgle,2021,160.89
slv,sex_m,geo_cov_urb,mts_details_total,2010,278.511
slv,sex_m,geo_cov_urb,mts_details_total,2011,295.368
slv,sex_m,geo_cov_urb,mts_details_total,2012,298.524
slv,sex_m,geo_cov_urb,mts_details_total,2013,305.113
slv,sex_m,geo_cov_urb,mts_details_total,2014,316.834
slv,sex_m,geo_cov_urb,mts_details_total,2015,340.938
slv,sex_m,geo_cov_urb,mts_details_total,2016,330.365
slv,sex_m,geo_cov_urb,mts_details_total,2017,334.614
slv,sex_m,geo_cov_urb,mts_details_total,2018,356.837
slv,sex_m,geo_cov_urb,mts_details_total,2019,335.391
slv,sex_m,geo_cov_urb,mts_details_total,2020,342.361
slv,sex_m,geo_cov_urb,mts_details_total,2021,312.815
slv,sex_m,geo_cov_urb,mts_details_union,2010,17.04
slv,sex_m,geo_cov_urb,mts_details_union,2011,22.799
slv,sex_m,geo_cov_urb,mts_details_union,2012,22.882
slv,sex_m,geo_cov_urb,mts_details_union,2013,22.151
slv,sex_m,geo_cov_urb,mts_details_union,2014,23.1
slv,sex_m,geo_cov_urb,mts_details_union,2015,27.724
slv,sex_m,geo_cov_urb,mts_details_union,2016,22.823
slv,sex_m,geo_cov_urb,mts_details_union,2017,25.123
slv,sex_m,geo_cov_urb,mts_details_union,2018,24.61
slv,sex_m,geo_cov_urb,mts_details_union,2019,26.931
slv,sex_m,geo_cov_urb,mts_details_union,2020,23.833
slv,sex_m,geo_cov_urb,mts_details_union,2021,26.932
slv,sex_m,geo_cov_urb,mts_details_wid,2010,16.244
slv,sex_m,geo_cov_urb,mts_details_wid,2011,15.901
slv,sex_m,geo_cov_urb,mts_details_wid,2012,16.019
slv,sex_m,geo_cov_urb,mts_details_wid,2013,14.781
slv,sex_m,geo_cov_urb,mts_details_wid,2014,18.772
slv,sex_m,geo_cov_urb,mts_details_wid,2015,19.078
slv,sex_m,geo_cov_urb,mts_details_wid,2016,21.642
slv,sex_m,geo_cov_urb,mts_details_wid,2017,20.654
slv,sex_m,geo_cov_urb,mts_details_wid,2018,20.492
slv,sex_m,geo_cov_urb,mts_details_wid,2019,21.317
slv,sex_m,geo_cov_urb,mts_details_wid,2020,26.099
slv,sex_m,geo_cov_urb,mts_details_wid,2021,23.568
slv,sex_t,geo_cov_nat,mts_aggregate_1,2010,915.739
slv,sex_t,geo_cov_nat,mts_aggregate_1,2011,932.86
slv,sex_t,geo_cov_nat,mts_aggregate_1,2012,941.231
slv,sex_t,geo_cov_nat,mts_aggregate_1,2013,947.946
slv,sex_t,geo_cov_nat,mts_aggregate_1,2014,1005.167
slv,sex_t,geo_cov_nat,mts_aggregate_1,2015,1038.783
slv,sex_t,geo_cov_nat,mts_aggregate_1,2016,1062.762
slv,sex_t,geo_cov_nat,mts_aggregate_1,2017,1076.029
slv,sex_t,geo_cov_nat,mts_aggregate_1,2018,1119.34
slv,sex_t,geo_cov_nat,mts_aggregate_1,2019,1095.51
slv,sex_t,geo_cov_nat,mts_aggregate_1,2020,1067.013
slv,sex_t,geo_cov_nat,mts_aggregate_1,2021,1041.633
slv,sex_t,geo_cov_nat,mts_aggregate_2,2010,690.193
slv,sex_t,geo_cov_nat,mts_aggregate_2,2011,702.34
slv,sex_t,geo_cov_nat,mts_aggregate_2,2012,705.804
slv,sex_t,geo_cov_nat,mts_aggregate_2,2013,713.181
slv,sex_t,geo_cov_nat,mts_aggregate_2,2014,763.891
slv,sex_t,geo_cov_nat,mts_aggregate_2,2015,799.762
slv,sex_t,geo_cov_nat,mts_aggregate_2,2016,794.714
slv,sex_t,geo_cov_nat,mts_aggregate_2,2017,826.193
slv,sex_t,geo_cov_nat,mts_aggregate_2,2018,849.501
slv,sex_t,geo_cov_nat,mts_aggregate_2,2019,865.572
slv,sex_t,geo_cov_nat,mts_aggregate_2,2020,825.278
slv,sex_t,geo_cov_nat,mts_aggregate_2,2021,843.823
slv,sex_t,geo_cov_nat,mts_aggregate_total,2010,1605.932
slv,sex_t,geo_cov_nat,mts_aggregate_total,2011,1635.2
slv,sex_t,geo_cov_nat,mts_aggregate_total,2012,1647.035
slv,sex_t,geo_cov_nat,mts_aggregate_total,2013,1661.127
slv,sex_t,geo_cov_nat,mts_aggregate_total,2014,1769.058
slv,sex_t,geo_cov_nat,mts_aggregate_total,2015,1838.545
slv,sex_t,geo_cov_nat,mts_aggregate_total,2016,1857.476
slv,sex_t,geo_cov_nat,mts_aggregate_total,2017,1902.222
slv,sex_t,geo_cov_nat,mts_aggregate_total,2018,1968.841
slv,sex_t,geo_cov_nat,mts_aggregate_total,2019,1961.082
slv,sex_t,geo_cov_nat,mts_aggregate_total,2020,1892.292
slv,sex_t,geo_cov_nat,mts_aggregate_total,2021,1885.455
slv,sex_t,geo_cov_nat,mts_details_mrd,2010,393.297
slv,sex_t,geo_cov_nat,mts_details_mrd,2011,401.137
slv,sex_t,geo_cov_nat,mts_details_mrd,2012,406.86
slv,sex_t,geo_cov_nat,mts_details_mrd,2013,406.968
slv,sex_t,geo_cov_nat,mts_details_mrd,2014,431.41
slv,sex_t,geo_cov_nat,mts_details_mrd,2015,461.095
slv,sex_t,geo_cov_nat,mts_details_mrd,2016,465.986
slv,sex_t,geo_cov_nat,mts_details_mrd,2017,484.234
slv,sex_t,geo_cov_nat,mts_details_mrd,2018,502.198
slv,sex_t,geo_cov_nat,mts_details_mrd,2019,515.031
slv,sex_t,geo_cov_nat,mts_details_mrd,2020,484.014
slv,sex_t,geo_cov_nat,mts_details_mrd,2021,482.617
slv,sex_t,geo_cov_nat,mts_details_sep,2010,179.671
slv,sex_t,geo_cov_nat,mts_details_sep,2011,188.45
slv,sex_t,geo_cov_nat,mts_details_sep,2012,180.153
slv,sex_t,geo_cov_nat,mts_details_sep,2013,179.338
slv,sex_t,geo_cov_nat,mts_details_sep,2014,191.725
slv,sex_t,geo_cov_nat,mts_details_sep,2015,204.898
slv,sex_t,geo_cov_nat,mts_details_sep,2016,212.869
slv,sex_t,geo_cov_nat,mts_details_sep,2017,228.466
slv,sex_t,geo_cov_nat,mts_details_sep,2018,234.395
slv,sex_t,geo_cov_nat,mts_details_sep,2019,231.745
slv,sex_t,geo_cov_nat,mts_details_sep,2020,230.838
slv,sex_t,geo_cov_nat,mts_details_sep,2021,218.286
slv,sex_t,geo_cov_nat,mts_details_sgle,2010,570.562
slv,sex_t,geo_cov_nat,mts_details_sgle,2011,575.964
slv,sex_t,geo_cov_nat,mts_details_sgle,2012,583.552
slv,sex_t,geo_cov_nat,mts_details_sgle,2013,592.997
slv,sex_t,geo_cov_nat,mts_details_sgle,2014,633.306
slv,sex_t,geo_cov_nat,mts_details_sgle,2015,645.382
slv,sex_t,geo_cov_nat,mts_details_sgle,2016,643.689
slv,sex_t,geo_cov_nat,mts_details_sgle,2017,642.005
slv,sex_t,geo_cov_nat,mts_details_sgle,2018,668.318
slv,sex_t,geo_cov_nat,mts_details_sgle,2019,644.583
slv,sex_t,geo_cov_nat,mts_details_sgle,2020,612.62
slv,sex_t,geo_cov_nat,mts_details_sgle,2021,596.419
slv,sex_t,geo_cov_nat,mts_details_total,2010,1605.932
slv,sex_t,geo_cov_nat,mts_details_total,2011,1635.2
slv,sex_t,geo_cov_nat,mts_details_total,2012,1647.035
slv,sex_t,geo_cov_nat,mts_details_total,2013,1661.127
slv,sex_t,geo_cov_nat,mts_details_total,2014,1769.058
slv,sex_t,geo_cov_nat,mts_details_total,2015,1838.545
slv,sex_t,geo_cov_nat,mts_details_total,2016,1857.476
slv,sex_t,geo_cov_nat,mts_details_total,2017,1902.222
slv,sex_t,geo_cov_nat,mts_details_total,2018,1968.841
slv,sex_t,geo_cov_nat,mts_details_total,2019,1961.082
slv,sex_t,geo_cov_nat,mts_details_total,2020,1892.292
slv,sex_t,geo_cov_nat,mts_details_total,2021,1885.455
slv,sex_t,geo_cov_nat,mts_details_union,2010,296.896
slv,sex_t,geo_cov_nat,mts_details_union,2011,301.203
slv,sex_t,geo_cov_nat,mts_details_union,2012,298.944
slv,sex_t,geo_cov_nat,mts_details_union,2013,306.213
slv,sex_t,geo_cov_nat,mts_details_union,2014,332.481
slv,sex_t,geo_cov_nat,mts_details_union,2015,338.667
slv,sex_t,geo_cov_nat,mts_details_union,2016,328.728
slv,sex_t,geo_cov_nat,mts_details_union,2017,341.959
slv,sex_t,geo_cov_nat,mts_details_union,2018,347.303
slv,sex_t,geo_cov_nat,mts_details_union,2019,350.542
slv,sex_t,geo_cov_nat,mts_details_union,2020,341.264
slv,sex_t,geo_cov_nat,mts_details_union,2021,361.206
slv,sex_t,geo_cov_nat,mts_details_wid,2010,165.506
slv,sex_t,geo_cov_nat,mts_details_wid,2011,168.446
slv,sex_t,geo_cov_nat,mts_details_wid,2012,177.526
slv,sex_t,geo_cov_nat,mts_details_wid,2013,175.611
slv,sex_t,geo_cov_nat,mts_details_wid,2014,180.136
slv,sex_t,geo_cov_nat,mts_details_wid,2015,188.503
slv,sex_t,geo_cov_nat,mts_details_wid,2016,206.204
slv,sex_t,geo_cov_nat,mts_details_wid,2017,205.558
slv,sex_t,geo_cov_nat,mts_details_wid,2018,216.627
slv,sex_t,geo_cov_nat,mts_details_wid,2019,219.182
slv,sex_t,geo_cov_nat,mts_details_wid,2020,223.555
slv,sex_t,geo_cov_nat,mts_details_wid,2021,226.927
slv,sex_t,geo_cov_rur,mts_aggregate_1,2010,314.808
slv,sex_t,geo_cov_rur,mts_aggregate_1,2011,309.208
slv,sex_t,geo_cov_rur,mts_aggregate_1,2012,313.123
slv,sex_t,geo_cov_rur,mts_aggregate_1,2013,326.909
slv,sex_t,geo_cov_rur,mts_aggregate_1,2014,347.552
slv,sex_t,geo_cov_rur,mts_aggregate_1,2015,356.053
slv,sex_t,geo_cov_rur,mts_aggregate_1,2016,376.838
slv,sex_t,geo_cov_rur,mts_aggregate_1,2017,389.908
slv,sex_t,geo_cov_rur,mts_aggregate_1,2018,388.006
slv,sex_t,geo_cov_rur,mts_aggregate_1,2019,393.919
slv,sex_t,geo_cov_rur,mts_aggregate_1,2020,377.619
slv,sex_t,geo_cov_rur,mts_aggregate_1,2021,375.29
slv,sex_t,geo_cov_rur,mts_aggregate_2,2010,310.865
slv,sex_t,geo_cov_rur,mts_aggregate_2,2011,305.249
slv,sex_t,geo_cov_rur,mts_aggregate_2,2012,312.859
slv,sex_t,geo_cov_rur,mts_aggregate_2,2013,319.222
slv,sex_t,geo_cov_rur,mts_aggregate_2,2014,350.143
slv,sex_t,geo_cov_rur,mts_aggregate_2,2015,356.384
slv,sex_t,geo_cov_rur,mts_aggregate_2,2016,356.591
slv,sex_t,geo_cov_rur,mts_aggregate_2,2017,385.719
slv,sex_t,geo_cov_rur,mts_aggregate_2,2018,393.923
slv,sex_t,geo_cov_rur,mts_aggregate_2,2019,391.388
slv,sex_t,geo_cov_rur,mts_aggregate_2,2020,369.562
slv,sex_t,geo_cov_rur,mts_aggregate_2,2021,385.984
slv,sex_t,geo_cov_rur,mts_aggregate_total,2010,625.673
slv,sex_t,geo_cov_rur,mts_aggregate_total,2011,614.457
slv,sex_t,geo_cov_rur,mts_aggregate_total,2012,625.982
slv,sex_t,geo_cov_rur,mts_aggregate_total,2013,646.131
slv,sex_t,geo_cov_rur,mts_aggregate_total,2014,697.695
slv,sex_t,geo_cov_rur,mts_aggregate_total,2015,712.437
slv,sex_t,geo_cov_rur,mts_aggregate_total,2016,733.429
slv,sex_t,geo_cov_rur,mts_aggregate_total,2017,775.627
slv,sex_t,geo_cov_rur,mts_aggregate_total,2018,781.929
slv,sex_t,geo_cov_rur,mts_aggregate_total,2019,785.308
slv,sex_t,geo_cov_rur,mts_aggregate_total,2020,747.181
slv,sex_t,geo_cov_rur,mts_aggregate_total,2021,761.274
slv,sex_t,geo_cov_rur,mts_details_mrd,2010,156.496
slv,sex_t,geo_cov_rur,mts_details_mrd,2011,157.185
slv,sex_t,geo_cov_rur,mts_details_mrd,2012,161.208
slv,sex_t,geo_cov_rur,mts_details_mrd,2013,166.145
slv,sex_t,geo_cov_rur,mts_details_mrd,2014,177.449
slv,sex_t,geo_cov_rur,mts_details_mrd,2015,186.603
slv,sex_t,geo_cov_rur,mts_details_mrd,2016,186.145
slv,sex_t,geo_cov_rur,mts_details_mrd,2017,202.178
slv,sex_t,geo_cov_rur,mts_details_mrd,2018,208.329
slv,sex_t,geo_cov_rur,mts_details_mrd,2019,213.017
slv,sex_t,geo_cov_rur,mts_details_mrd,2020,190.036
slv,sex_t,geo_cov_rur,mts_details_mrd,2021,198.412
slv,sex_t,geo_cov_rur,mts_details_sep,2010,67.348
slv,sex_t,geo_cov_rur,mts_details_sep,2011,67.464
slv,sex_t,geo_cov_rur,mts_details_sep,2012,66.696
slv,sex_t,geo_cov_rur,mts_details_sep,2013,72.59
slv,sex_t,geo_cov_rur,mts_details_sep,2014,74.785
slv,sex_t,geo_cov_rur,mts_details_sep,2015,75.589
slv,sex_t,geo_cov_rur,mts_details_sep,2016,82.749
slv,sex_t,geo_cov_rur,mts_details_sep,2017,94.346
slv,sex_t,geo_cov_rur,mts_details_sep,2018,89.585
slv,sex_t,geo_cov_rur,mts_details_sep,2019,97.042
slv,sex_t,geo_cov_rur,mts_details_sep,2020,93.079
slv,sex_t,geo_cov_rur,mts_details_sep,2021,84.984
slv,sex_t,geo_cov_rur,mts_details_sgle,2010,189.1
slv,sex_t,geo_cov_rur,mts_details_sgle,2011,184.772
slv,sex_t,geo_cov_rur,mts_details_sgle,2012,182.321
slv,sex_t,geo_cov_rur,mts_details_sgle,2013,188.525
slv,sex_t,geo_cov_rur,mts_details_sgle,2014,206.955
slv,sex_t,geo_cov_rur,mts_details_sgle,2015,211.732
slv,sex_t,geo_cov_rur,mts_details_sgle,2016,214.244
slv,sex_t,geo_cov_rur,mts_details_sgle,2017,218.116
slv,sex_t,geo_cov_rur,mts_details_sgle,2018,220.695
slv,sex_t,geo_cov_rur,mts_details_sgle,2019,216.076
slv,sex_t,geo_cov_rur,mts_details_sgle,2020,199.599
slv,sex_t,geo_cov_rur,mts_details_sgle,2021,203.689
slv,sex_t,geo_cov_rur,mts_details_total,2010,625.673
slv,sex_t,geo_cov_rur,mts_details_total,2011,614.457
slv,sex_t,geo_cov_rur,mts_details_total,2012,625.982
slv,sex_t,geo_cov_rur,mts_details_total,2013,646.131
slv,sex_t,geo_cov_rur,mts_details_total,2014,697.695
slv,sex_t,geo_cov_rur,mts_details_total,2015,712.437
slv,sex_t,geo_cov_rur,mts_details_total,2016,733.429
slv,sex_t,geo_cov_rur,mts_details_total,2017,775.627
slv,sex_t,geo_cov_rur,mts_details_total,2018,781.929
slv,sex_t,geo_cov_rur,mts_details_total,2019,785.308
slv,sex_t,geo_cov_rur,mts_details_total,2020,747.181
slv,sex_t,geo_cov_rur,mts_details_total,2021,761.274
slv,sex_t,geo_cov_rur,mts_details_union,2010,154.369
slv,sex_t,geo_cov_rur,mts_details_union,2011,148.064
slv,sex_t,geo_cov_rur,mts_details_union,2012,151.651
slv,sex_t,geo_cov_rur,mts_details_union,2013,153.077
slv,sex_t,geo_cov_rur,mts_details_union,2014,172.694
slv,sex_t,geo_cov_rur,mts_details_union,2015,169.781
slv,sex_t,geo_cov_rur,mts_details_union,2016,170.446
slv,sex_t,geo_cov_rur,mts_details_union,2017,183.541
slv,sex_t,geo_cov_rur,mts_details_union,2018,185.594
slv,sex_t,geo_cov_rur,mts_details_union,2019,178.371
slv,sex_t,geo_cov_rur,mts_details_union,2020,179.526
slv,sex_t,geo_cov_rur,mts_details_union,2021,187.572
slv,sex_t,geo_cov_rur,mts_details_wid,2010,58.36
slv,sex_t,geo_cov_rur,mts_details_wid,2011,56.972
slv,sex_t,geo_cov_rur,mts_details_wid,2012,64.106
slv,sex_t,geo_cov_rur,mts_details_wid,2013,65.794
slv,sex_t,geo_cov_rur,mts_details_wid,2014,65.812
slv,sex_t,geo_cov_rur,mts_details_wid,2015,68.732
slv,sex_t,geo_cov_rur,mts_details_wid,2016,79.845
slv,sex_t,geo_cov_rur,mts_details_wid,2017,77.446
slv,sex_t,geo_cov_rur,mts_details_wid,2018,77.726
slv,sex_t,geo_cov_rur,mts_details_wid,2019,80.802
slv,sex_t,geo_cov_rur,mts_details_wid,2020,84.941
slv,sex_t,geo_cov_rur,mts_details_wid,2021,86.617
slv,sex_t,geo_cov_urb,mts_aggregate_1,2010,600.931
slv,sex_t,geo_cov_urb,mts_aggregate_1,2011,623.652
slv,sex_t,geo_cov_urb,mts_aggregate_1,2012,628.108
slv,sex_t,geo_cov_urb,mts_aggregate_1,2013,621.037
slv,sex_t,geo_cov_urb,mts_aggregate_1,2014,657.615
slv,sex_t,geo_cov_urb,mts_aggregate_1,2015,682.73
slv,sex_t,geo_cov_urb,mts_aggregate_1,2016,685.924
slv,sex_t,geo_cov_urb,mts_aggregate_1,2017,686.121
slv,sex_t,geo_cov_urb,mts_aggregate_1,2018,731.334
slv,sex_t,geo_cov_urb,mts_aggregate_1,2019,701.59
slv,sex_t,geo_cov_urb,mts_aggregate_1,2020,689.394
slv,sex_t,geo_cov_urb,mts_aggregate_1,2021,666.343
slv,sex_t,geo_cov_urb,mts_aggregate_2,2010,379.328
slv,sex_t,geo_cov_urb,mts_aggregate_2,2011,397.091
slv,sex_t,geo_cov_urb,mts_aggregate_2,2012,392.945
slv,sex_t,geo_cov_urb,mts_aggregate_2,2013,393.959
slv,sex_t,geo_cov_urb,mts_aggregate_2,2014,413.748
slv,sex_t,geo_cov_urb,mts_aggregate_2,2015,443.378
slv,sex_t,geo_cov_urb,mts_aggregate_2,2016,438.123
slv,sex_t,geo_cov_urb,mts_aggregate_2,2017,440.474
slv,sex_t,geo_cov_urb,mts_aggregate_2,2018,455.578
slv,sex_t,geo_cov_urb,mts_aggregate_2,2019,474.184
slv,sex_t,geo_cov_urb,mts_aggregate_2,2020,455.717
slv,sex_t,geo_cov_urb,mts_aggregate_2,2021,457.838
slv,sex_t,geo_cov_urb,mts_aggregate_total,2010,980.259
slv,sex_t,geo_cov_urb,mts_aggregate_total,2011,1020.743
slv,sex_t,geo_cov_urb,mts_aggregate_total,2012,1021.053
slv,sex_t,geo_cov_urb,mts_aggregate_total,2013,1014.996
slv,sex_t,geo_cov_urb,mts_aggregate_total,2014,1071.363
slv,sex_t,geo_cov_urb,mts_aggregate_total,2015,1126.108
slv,sex_t,geo_cov_urb,mts_aggregate_total,2016,1124.047
slv,sex_t,geo_cov_urb,mts_aggregate_total,2017,1126.595
slv,sex_t,geo_cov_urb,mts_aggregate_total,2018,1186.912
slv,sex_t,geo_cov_urb,mts_aggregate_total,2019,1175.775
slv,sex_t,geo_cov_urb,mts_aggregate_total,2020,1145.111
slv,sex_t,geo_cov_urb,mts_aggregate_total,2021,1124.181
slv,sex_t,geo_cov_urb,mts_details_mrd,2010,236.801
slv,sex_t,geo_cov_urb,mts_details_mrd,2011,243.952
slv,sex_t,geo_cov_urb,mts_details_mrd,2012,245.652
slv,sex_t,geo_cov_urb,mts_details_mrd,2013,240.823
slv,sex_t,geo_cov_urb,mts_details_mrd,2014,253.961
slv,sex_t,geo_cov_urb,mts_details_mrd,2015,274.492
slv,sex_t,geo_cov_urb,mts_details_mrd,2016,279.841
slv,sex_t,geo_cov_urb,mts_details_mrd,2017,282.056
slv,sex_t,geo_cov_urb,mts_details_mrd,2018,293.869
slv,sex_t,geo_cov_urb,mts_details_mrd,2019,302.014
slv,sex_t,geo_cov_urb,mts_details_mrd,2020,293.979
slv,sex_t,geo_cov_urb,mts_details_mrd,2021,284.205
slv,sex_t,geo_cov_urb,mts_details_sep,2010,112.323
slv,sex_t,geo_cov_urb,mts_details_sep,2011,120.986
slv,sex_t,geo_cov_urb,mts_details_sep,2012,113.457
slv,sex_t,geo_cov_urb,mts_details_sep,2013,106.748
slv,sex_t,geo_cov_urb,mts_details_sep,2014,116.94
slv,sex_t,geo_cov_urb,mts_details_sep,2015,129.309
slv,sex_t,geo_cov_urb,mts_details_sep,2016,130.12
slv,sex_t,geo_cov_urb,mts_details_sep,2017,134.12
slv,sex_t,geo_cov_urb,mts_details_sep,2018,144.81
slv,sex_t,geo_cov_urb,mts_details_sep,2019,134.702
slv,sex_t,geo_cov_urb,mts_details_sep,2020,137.759
slv,sex_t,geo_cov_urb,mts_details_sep,2021,133.302
slv,sex_t,geo_cov_urb,mts_details_sgle,2010,381.462
slv,sex_t,geo_cov_urb,mts_details_sgle,2011,391.192
slv,sex_t,geo_cov_urb,mts_details_sgle,2012,401.231
slv,sex_t,geo_cov_urb,mts_details_sgle,2013,404.472
slv,sex_t,geo_cov_urb,mts_details_sgle,2014,426.351
slv,sex_t,geo_cov_urb,mts_details_sgle,2015,433.65
slv,sex_t,geo_cov_urb,mts_details_sgle,2016,429.445
slv,sex_t,geo_cov_urb,mts_details_sgle,2017,423.889
slv,sex_t,geo_cov_urb,mts_details_sgle,2018,447.623
slv,sex_t,geo_cov_urb,mts_details_sgle,2019,428.507
slv,sex_t,geo_cov_urb,mts_details_sgle,2020,413.021
slv,sex_t,geo_cov_urb,mts_details_sgle,2021,392.731
slv,sex_t,geo_cov_urb,mts_details_total,2010,980.259
slv,sex_t,geo_cov_urb,mts_details_total,2011,1020.743
slv,sex_t,geo_cov_urb,mts_details_total,2012,1021.053
slv,sex_t,geo_cov_urb,mts_details_total,2013,1014.996
slv,sex_t,geo_cov_urb,mts_details_total,2014,1071.363
slv,sex_t,geo_cov_urb,mts_details_total,2015,1126.108
slv,sex_t,geo_cov_urb,mts_details_total,2016,1124.047
slv,sex_t,geo_cov_urb,mts_details_total,2017,1126.595
slv,sex_t,geo_cov_urb,mts_details_total,2018,1186.912
slv,sex_t,geo_cov_urb,mts_details_total,2019,1175.775
slv,sex_t,geo_cov_urb,mts_details_total,2020,1145.111
slv,sex_t,geo_cov_urb,mts_details_total,2021,1124.181
slv,sex_t,geo_cov_urb,mts_details_union,2010,142.527
slv,sex_t,geo_cov_urb,mts_details_union,2011,153.139
slv,sex_t,geo_cov_urb,mts_details_union,2012,147.293
slv,sex_t,geo_cov_urb,mts_details_union,2013,153.136
slv,sex_t,geo_cov_urb,mts_details_union,2014,159.787
slv,sex_t,geo_cov_urb,mts_details_union,2015,168.886
slv,sex_t,geo_cov_urb,mts_details_union,2016,158.282
slv,sex_t,geo_cov_urb,mts_details_union,2017,158.418
slv,sex_t,geo_cov_urb,mts_details_union,2018,161.709
slv,sex_t,geo_cov_urb,mts_details_union,2019,172.17
slv,sex_t,geo_cov_urb,mts_details_union,2020,161.738
slv,sex_t,geo_cov_urb,mts_details_union,2021,173.634
slv,sex_t,geo_cov_urb,mts_details_wid,2010,107.146
slv,sex_t,geo_cov_urb,mts_details_wid,2011,111.474
slv,sex_t,geo_cov_urb,mts_details_wid,2012,113.42
slv,sex_t,geo_cov_urb,mts_details_wid,2013,109.817
slv,sex_t,geo_cov_urb,mts_details_wid,2014,114.324
slv,sex_t,geo_cov_urb,mts_details_wid,2015,119.771
slv,sex_t,geo_cov_urb,mts_details_wid,2016,126.359
slv,sex_t,geo_cov_urb,mts_details_wid,2017,128.112
slv,sex_t,geo_cov_urb,mts_details_wid,2018,138.901
slv,sex_t,geo_cov_urb,mts_details_wid,2019,138.381
slv,sex_t,geo_cov_urb,mts_details_wid,2020,138.615
slv,sex_t,geo_cov_urb,mts_details_wid,2021,140.31
som,sex_f,geo_cov_nat,mts_aggregate_1,2019,703.821
som,sex_f,geo_cov_nat,mts_aggregate_2,2019,848.817
som,sex_f,geo_cov_nat,mts_aggregate_total,2019,1552.638
som,sex_f,geo_cov_nat,mts_details_mrd,2019,848.817
som,sex_f,geo_cov_nat,mts_details_sep,2019,57.287
som,sex_f,geo_cov_nat,mts_details_sgle,2019,555.884
som,sex_f,geo_cov_nat,mts_details_total,2019,1552.638
som,sex_f,geo_cov_nat,mts_details_wid,2019,90.651
som,sex_f,geo_cov_rur,mts_aggregate_1,2019,81.933
som,sex_f,geo_cov_rur,mts_aggregate_2,2019,135.654
som,sex_f,geo_cov_rur,mts_aggregate_total,2019,217.587
som,sex_f,geo_cov_rur,mts_details_mrd,2019,135.654
som,sex_f,geo_cov_rur,mts_details_sep,2019,8.251
som,sex_f,geo_cov_rur,mts_details_sgle,2019,57.056
som,sex_f,geo_cov_rur,mts_details_total,2019,217.587
som,sex_f,geo_cov_rur,mts_details_wid,2019,16.627
som,sex_f,geo_cov_urb,mts_aggregate_1,2019,621.888
som,sex_f,geo_cov_urb,mts_aggregate_2,2019,713.162
som,sex_f,geo_cov_urb,mts_aggregate_total,2019,1335.051
som,sex_f,geo_cov_urb,mts_details_mrd,2019,713.162
som,sex_f,geo_cov_urb,mts_details_sep,2019,49.036
som,sex_f,geo_cov_urb,mts_details_sgle,2019,498.828
som,sex_f,geo_cov_urb,mts_details_total,2019,1335.051
som,sex_f,geo_cov_urb,mts_details_wid,2019,74.024
som,sex_m,geo_cov_nat,mts_aggregate_1,2019,618.779
som,sex_m,geo_cov_nat,mts_aggregate_2,2019,303.291
som,sex_m,geo_cov_nat,mts_aggregate_total,2019,922.07
som,sex_m,geo_cov_nat,mts_details_mrd,2019,303.291
som,sex_m,geo_cov_nat,mts_details_sep,2019,6.247
som,sex_m,geo_cov_nat,mts_details_sgle,2019,596.781
som,sex_m,geo_cov_nat,mts_details_total,2019,922.07
som,sex_m,geo_cov_nat,mts_details_wid,2019,15.751
som,sex_m,geo_cov_rur,mts_aggregate_1,2019,69.333
som,sex_m,geo_cov_rur,mts_aggregate_2,2019,50.365
som,sex_m,geo_cov_rur,mts_aggregate_total,2019,119.698
som,sex_m,geo_cov_rur,mts_details_mrd,2019,50.365
som,sex_m,geo_cov_rur,mts_details_sep,2019,1.525
som,sex_m,geo_cov_rur,mts_details_sgle,2019,66.401
som,sex_m,geo_cov_rur,mts_details_total,2019,119.698
som,sex_m,geo_cov_rur,mts_details_wid,2019,1.407
som,sex_m,geo_cov_urb,mts_aggregate_1,2019,549.446
som,sex_m,geo_cov_urb,mts_aggregate_2,2019,252.926
som,sex_m,geo_cov_urb,mts_aggregate_total,2019,802.371
som,sex_m,geo_cov_urb,mts_details_mrd,2019,252.926
som,sex_m,geo_cov_urb,mts_details_sep,2019,4.722
som,sex_m,geo_cov_urb,mts_details_sgle,2019,530.38
som,sex_m,geo_cov_urb,mts_details_total,2019,802.371
som,sex_m,geo_cov_urb,mts_details_wid,2019,14.343
som,sex_t,geo_cov_nat,mts_aggregate_1,2019,1322.6
som,sex_t,geo_cov_nat,mts_aggregate_2,2019,1152.107
som,sex_t,geo_cov_nat,mts_aggregate_total,2019,2474.707
som,sex_t,geo_cov_nat,mts_details_mrd,2019,1152.107
som,sex_t,geo_cov_nat,mts_details_sep,2019,63.534
som,sex_t,geo_cov_nat,mts_details_sgle,2019,1152.665
som,sex_t,geo_cov_nat,mts_details_total,2019,2474.707
som,sex_t,geo_cov_nat,mts_details_wid,2019,106.401
som,sex_t,geo_cov_rur,mts_aggregate_1,2019,151.266
som,sex_t,geo_cov_rur,mts_aggregate_2,2019,186.019
som,sex_t,geo_cov_rur,mts_aggregate_total,2019,337.285
som,sex_t,geo_cov_rur,mts_details_mrd,2019,186.019
som,sex_t,geo_cov_rur,mts_details_sep,2019,9.775
som,sex_t,geo_cov_rur,mts_details_sgle,2019,123.457
som,sex_t,geo_cov_rur,mts_details_total,2019,337.285
som,sex_t,geo_cov_rur,mts_details_wid,2019,18.034
som,sex_t,geo_cov_urb,mts_aggregate_1,2019,1171.334
som,sex_t,geo_cov_urb,mts_aggregate_2,2019,966.088
som,sex_t,geo_cov_urb,mts_aggregate_total,2019,2137.422
som,sex_t,geo_cov_urb,mts_details_mrd,2019,966.088
som,sex_t,geo_cov_urb,mts_details_sep,2019,53.758
som,sex_t,geo_cov_urb,mts_details_sgle,2019,1029.208
som,sex_t,geo_cov_urb,mts_details_total,2019,2137.422
som,sex_t,geo_cov_urb,mts_details_wid,2019,88.367
srb,sex_f,geo_cov_nat,mts_aggregate_1,2008,1010.493
srb,sex_f,geo_cov_nat,mts_aggregate_1,2009,1029.889
srb,sex_f,geo_cov_nat,mts_aggregate_1,2010,1041.97
srb,sex_f,geo_cov_nat,mts_aggregate_1,2011,1081.192
srb,sex_f,geo_cov_nat,mts_aggregate_1,2012,1055.703
srb,sex_f,geo_cov_nat,mts_aggregate_1,2013,995.727
srb,sex_f,geo_cov_nat,mts_aggregate_1,2014,983.529
srb,sex_f,geo_cov_nat,mts_aggregate_1,2015,980.026
srb,sex_f,geo_cov_nat,mts_aggregate_1,2016,959.594
srb,sex_f,geo_cov_nat,mts_aggregate_1,2017,944.457
srb,sex_f,geo_cov_nat,mts_aggregate_1,2018,934.714
srb,sex_f,geo_cov_nat,mts_aggregate_1,2019,931.34
srb,sex_f,geo_cov_nat,mts_aggregate_1,2020,948.739
srb,sex_f,geo_cov_nat,mts_aggregate_2,2008,868.8
srb,sex_f,geo_cov_nat,mts_aggregate_2,2009,920.454
srb,sex_f,geo_cov_nat,mts_aggregate_2,2010,962.816
srb,sex_f,geo_cov_nat,mts_aggregate_2,2011,947.201
srb,sex_f,geo_cov_nat,mts_aggregate_2,2012,953.055
srb,sex_f,geo_cov_nat,mts_aggregate_2,2013,895.31
srb,sex_f,geo_cov_nat,mts_aggregate_2,2014,790.53
srb,sex_f,geo_cov_nat,mts_aggregate_2,2015,793.833
srb,sex_f,geo_cov_nat,mts_aggregate_2,2016,740.047
srb,sex_f,geo_cov_nat,mts_aggregate_2,2017,719.566
srb,sex_f,geo_cov_nat,mts_aggregate_2,2018,708.614
srb,sex_f,geo_cov_nat,mts_aggregate_2,2019,690.63
srb,sex_f,geo_cov_nat,mts_aggregate_2,2020,682.846
srb,sex_f,geo_cov_nat,mts_aggregate_total,2008,1879.562
srb,sex_f,geo_cov_nat,mts_aggregate_total,2009,1950.343
srb,sex_f,geo_cov_nat,mts_aggregate_total,2010,2004.786
srb,sex_f,geo_cov_nat,mts_aggregate_total,2011,2028.393
srb,sex_f,geo_cov_nat,mts_aggregate_total,2012,2008.758
srb,sex_f,geo_cov_nat,mts_aggregate_total,2013,1891.037
srb,sex_f,geo_cov_nat,mts_aggregate_total,2014,1774.059
srb,sex_f,geo_cov_nat,mts_aggregate_total,2015,1773.859
srb,sex_f,geo_cov_nat,mts_aggregate_total,2016,1699.64
srb,sex_f,geo_cov_nat,mts_aggregate_total,2017,1664.023
srb,sex_f,geo_cov_nat,mts_aggregate_total,2018,1643.328
srb,sex_f,geo_cov_nat,mts_aggregate_total,2019,1621.97
srb,sex_f,geo_cov_nat,mts_aggregate_total,2020,1631.585
srb,sex_f,geo_cov_nat,mts_details_mrd,2008,868.8
srb,sex_f,geo_cov_nat,mts_details_mrd,2009,920.454
srb,sex_f,geo_cov_nat,mts_details_mrd,2010,962.816
srb,sex_f,geo_cov_nat,mts_details_mrd,2011,947.201
srb,sex_f,geo_cov_nat,mts_details_mrd,2012,953.055
srb,sex_f,geo_cov_nat,mts_details_mrd,2013,895.31
srb,sex_f,geo_cov_nat,mts_details_mrd,2014,790.53
srb,sex_f,geo_cov_nat,mts_details_mrd,2015,793.833
srb,sex_f,geo_cov_nat,mts_details_mrd,2016,740.047
srb,sex_f,geo_cov_nat,mts_details_mrd,2017,719.566
srb,sex_f,geo_cov_nat,mts_details_mrd,2018,708.614
srb,sex_f,geo_cov_nat,mts_details_mrd,2019,690.63
srb,sex_f,geo_cov_nat,mts_details_mrd,2020,682.846
srb,sex_f,geo_cov_nat,mts_details_sep,2008,68.617
srb,sex_f,geo_cov_nat,mts_details_sep,2009,73.185
srb,sex_f,geo_cov_nat,mts_details_sep,2010,71.218
srb,sex_f,geo_cov_nat,mts_details_sep,2011,80.053
srb,sex_f,geo_cov_nat,mts_details_sep,2012,78.893
srb,sex_f,geo_cov_nat,mts_details_sep,2013,73.93
srb,sex_f,geo_cov_nat,mts_details_sep,2014,77.21
srb,sex_f,geo_cov_nat,mts_details_sep,2015,77.15
srb,sex_f,geo_cov_nat,mts_details_sep,2016,76.399
srb,sex_f,geo_cov_nat,mts_details_sep,2017,73.672
srb,sex_f,geo_cov_nat,mts_details_sep,2018,76.403
srb,sex_f,geo_cov_nat,mts_details_sep,2019,76.057
srb,sex_f,geo_cov_nat,mts_details_sep,2020,71.799
srb,sex_f,geo_cov_nat,mts_details_sgle,2008,392.706
srb,sex_f,geo_cov_nat,mts_details_sgle,2009,388.907
srb,sex_f,geo_cov_nat,mts_details_sgle,2010,396.468
srb,sex_f,geo_cov_nat,mts_details_sgle,2011,400.566
srb,sex_f,geo_cov_nat,mts_details_sgle,2012,388.778
srb,sex_f,geo_cov_nat,mts_details_sgle,2013,374.755
srb,sex_f,geo_cov_nat,mts_details_sgle,2014,397.06
srb,sex_f,geo_cov_nat,mts_details_sgle,2015,390.994
srb,sex_f,geo_cov_nat,mts_details_sgle,2016,378.662
srb,sex_f,geo_cov_nat,mts_details_sgle,2017,372.816
srb,sex_f,geo_cov_nat,mts_details_sgle,2018,361.619
srb,sex_f,geo_cov_nat,mts_details_sgle,2019,366.98
srb,sex_f,geo_cov_nat,mts_details_sgle,2020,387.5
srb,sex_f,geo_cov_nat,mts_details_total,2008,1879.562
srb,sex_f,geo_cov_nat,mts_details_total,2009,1950.343
srb,sex_f,geo_cov_nat,mts_details_total,2010,2004.786
srb,sex_f,geo_cov_nat,mts_details_total,2011,2028.393
srb,sex_f,geo_cov_nat,mts_details_total,2012,2008.758
srb,sex_f,geo_cov_nat,mts_details_total,2013,1891.037
srb,sex_f,geo_cov_nat,mts_details_total,2014,1774.059
srb,sex_f,geo_cov_nat,mts_details_total,2015,1773.859
srb,sex_f,geo_cov_nat,mts_details_total,2016,1699.64
srb,sex_f,geo_cov_nat,mts_details_total,2017,1664.023
srb,sex_f,geo_cov_nat,mts_details_total,2018,1643.328
srb,sex_f,geo_cov_nat,mts_details_total,2019,1621.97
srb,sex_f,geo_cov_nat,mts_details_total,2020,1631.585
srb,sex_f,geo_cov_nat,mts_details_wid,2008,549.17
srb,sex_f,geo_cov_nat,mts_details_wid,2009,567.797
srb,sex_f,geo_cov_nat,mts_details_wid,2010,574.284
srb,sex_f,geo_cov_nat,mts_details_wid,2011,600.573
srb,sex_f,geo_cov_nat,mts_details_wid,2012,588.032
srb,sex_f,geo_cov_nat,mts_details_wid,2013,547.041
srb,sex_f,geo_cov_nat,mts_details_wid,2014,509.259
srb,sex_f,geo_cov_nat,mts_details_wid,2015,511.882
srb,sex_f,geo_cov_nat,mts_details_wid,2016,504.533
srb,sex_f,geo_cov_nat,mts_details_wid,2017,497.97
srb,sex_f,geo_cov_nat,mts_details_wid,2018,496.692
srb,sex_f,geo_cov_nat,mts_details_wid,2019,488.302
srb,sex_f,geo_cov_nat,mts_details_wid,2020,489.44
srb,sex_f,geo_cov_rur,mts_aggregate_1,2008,381.38
srb,sex_f,geo_cov_rur,mts_aggregate_1,2009,403.551
srb,sex_f,geo_cov_rur,mts_aggregate_1,2010,401.191
srb,sex_f,geo_cov_rur,mts_aggregate_1,2011,429.823
srb,sex_f,geo_cov_rur,mts_aggregate_1,2012,406.504
srb,sex_f,geo_cov_rur,mts_aggregate_1,2013,369.501
srb,sex_f,geo_cov_rur,mts_aggregate_1,2014,369.181
srb,sex_f,geo_cov_rur,mts_aggregate_1,2015,370.816
srb,sex_f,geo_cov_rur,mts_aggregate_1,2016,356.429
srb,sex_f,geo_cov_rur,mts_aggregate_1,2017,360.982
srb,sex_f,geo_cov_rur,mts_aggregate_1,2018,352.377
srb,sex_f,geo_cov_rur,mts_aggregate_1,2019,339.498
srb,sex_f,geo_cov_rur,mts_aggregate_1,2020,346.613
srb,sex_f,geo_cov_rur,mts_aggregate_2,2008,367.218
srb,sex_f,geo_cov_rur,mts_aggregate_2,2009,401.205
srb,sex_f,geo_cov_rur,mts_aggregate_2,2010,429.26
srb,sex_f,geo_cov_rur,mts_aggregate_2,2011,423.533
srb,sex_f,geo_cov_rur,mts_aggregate_2,2012,430.56
srb,sex_f,geo_cov_rur,mts_aggregate_2,2013,378.371
srb,sex_f,geo_cov_rur,mts_aggregate_2,2014,330.736
srb,sex_f,geo_cov_rur,mts_aggregate_2,2015,344.164
srb,sex_f,geo_cov_rur,mts_aggregate_2,2016,304.885
srb,sex_f,geo_cov_rur,mts_aggregate_2,2017,299.136
srb,sex_f,geo_cov_rur,mts_aggregate_2,2018,299.26
srb,sex_f,geo_cov_rur,mts_aggregate_2,2019,289.608
srb,sex_f,geo_cov_rur,mts_aggregate_2,2020,292.503
srb,sex_f,geo_cov_rur,mts_aggregate_total,2008,748.741
srb,sex_f,geo_cov_rur,mts_aggregate_total,2009,804.755
srb,sex_f,geo_cov_rur,mts_aggregate_total,2010,830.45
srb,sex_f,geo_cov_rur,mts_aggregate_total,2011,853.356
srb,sex_f,geo_cov_rur,mts_aggregate_total,2012,837.064
srb,sex_f,geo_cov_rur,mts_aggregate_total,2013,747.872
srb,sex_f,geo_cov_rur,mts_aggregate_total,2014,699.916
srb,sex_f,geo_cov_rur,mts_aggregate_total,2015,714.98
srb,sex_f,geo_cov_rur,mts_aggregate_total,2016,661.313
srb,sex_f,geo_cov_rur,mts_aggregate_total,2017,660.118
srb,sex_f,geo_cov_rur,mts_aggregate_total,2018,651.637
srb,sex_f,geo_cov_rur,mts_aggregate_total,2019,629.107
srb,sex_f,geo_cov_rur,mts_aggregate_total,2020,639.116
srb,sex_f,geo_cov_rur,mts_details_mrd,2008,367.218
srb,sex_f,geo_cov_rur,mts_details_mrd,2009,401.205
srb,sex_f,geo_cov_rur,mts_details_mrd,2010,429.26
srb,sex_f,geo_cov_rur,mts_details_mrd,2011,423.533
srb,sex_f,geo_cov_rur,mts_details_mrd,2012,430.56
srb,sex_f,geo_cov_rur,mts_details_mrd,2013,378.371
srb,sex_f,geo_cov_rur,mts_details_mrd,2014,330.736
srb,sex_f,geo_cov_rur,mts_details_mrd,2015,344.164
srb,sex_f,geo_cov_rur,mts_details_mrd,2016,304.885
srb,sex_f,geo_cov_rur,mts_details_mrd,2017,299.136
srb,sex_f,geo_cov_rur,mts_details_mrd,2018,299.26
srb,sex_f,geo_cov_rur,mts_details_mrd,2019,289.608
srb,sex_f,geo_cov_rur,mts_details_mrd,2020,292.503
srb,sex_f,geo_cov_rur,mts_details_sep,2008,15.456
srb,sex_f,geo_cov_rur,mts_details_sep,2009,20.931
srb,sex_f,geo_cov_rur,mts_details_sep,2010,17.72
srb,sex_f,geo_cov_rur,mts_details_sep,2011,18.757
srb,sex_f,geo_cov_rur,mts_details_sep,2012,16.675
srb,sex_f,geo_cov_rur,mts_details_sep,2013,16.268
srb,sex_f,geo_cov_rur,mts_details_sep,2014,19.289
srb,sex_f,geo_cov_rur,mts_details_sep,2015,17.08
srb,sex_f,geo_cov_rur,mts_details_sep,2016,16.57
srb,sex_f,geo_cov_rur,mts_details_sep,2017,16.99
srb,sex_f,geo_cov_rur,mts_details_sep,2018,17.136
srb,sex_f,geo_cov_rur,mts_details_sep,2019,15.928
srb,sex_f,geo_cov_rur,mts_details_sep,2020,16.451
srb,sex_f,geo_cov_rur,mts_details_sgle,2008,125.826
srb,sex_f,geo_cov_rur,mts_details_sgle,2009,137.436
srb,sex_f,geo_cov_rur,mts_details_sgle,2010,136.66
srb,sex_f,geo_cov_rur,mts_details_sgle,2011,147.577
srb,sex_f,geo_cov_rur,mts_details_sgle,2012,141.861
srb,sex_f,geo_cov_rur,mts_details_sgle,2013,128.612
srb,sex_f,geo_cov_rur,mts_details_sgle,2014,137.388
srb,sex_f,geo_cov_rur,mts_details_sgle,2015,142.206
srb,sex_f,geo_cov_rur,mts_details_sgle,2016,138.088
srb,sex_f,geo_cov_rur,mts_details_sgle,2017,136.902
srb,sex_f,geo_cov_rur,mts_details_sgle,2018,129.112
srb,sex_f,geo_cov_rur,mts_details_sgle,2019,128.344
srb,sex_f,geo_cov_rur,mts_details_sgle,2020,136.962
srb,sex_f,geo_cov_rur,mts_details_total,2008,748.741
srb,sex_f,geo_cov_rur,mts_details_total,2009,804.755
srb,sex_f,geo_cov_rur,mts_details_total,2010,830.45
srb,sex_f,geo_cov_rur,mts_details_total,2011,853.356
srb,sex_f,geo_cov_rur,mts_details_total,2012,837.064
srb,sex_f,geo_cov_rur,mts_details_total,2013,747.872
srb,sex_f,geo_cov_rur,mts_details_total,2014,699.916
srb,sex_f,geo_cov_rur,mts_details_total,2015,714.98
srb,sex_f,geo_cov_rur,mts_details_total,2016,661.313
srb,sex_f,geo_cov_rur,mts_details_total,2017,660.118
srb,sex_f,geo_cov_rur,mts_details_total,2018,651.637
srb,sex_f,geo_cov_rur,mts_details_total,2019,629.107
srb,sex_f,geo_cov_rur,mts_details_total,2020,639.116
srb,sex_f,geo_cov_rur,mts_details_wid,2008,240.097
srb,sex_f,geo_cov_rur,mts_details_wid,2009,245.183
srb,sex_f,geo_cov_rur,mts_details_wid,2010,246.81
srb,sex_f,geo_cov_rur,mts_details_wid,2011,263.489
srb,sex_f,geo_cov_rur,mts_details_wid,2012,247.968
srb,sex_f,geo_cov_rur,mts_details_wid,2013,224.621
srb,sex_f,geo_cov_rur,mts_details_wid,2014,212.504
srb,sex_f,geo_cov_rur,mts_details_wid,2015,211.531
srb,sex_f,geo_cov_rur,mts_details_wid,2016,201.771
srb,sex_f,geo_cov_rur,mts_details_wid,2017,207.091
srb,sex_f,geo_cov_rur,mts_details_wid,2018,206.129
srb,sex_f,geo_cov_rur,mts_details_wid,2019,195.227
srb,sex_f,geo_cov_rur,mts_details_wid,2020,193.2
srb,sex_f,geo_cov_urb,mts_aggregate_1,2008,629.113
srb,sex_f,geo_cov_urb,mts_aggregate_1,2009,626.338
srb,sex_f,geo_cov_urb,mts_aggregate_1,2010,640.779
srb,sex_f,geo_cov_urb,mts_aggregate_1,2011,651.369
srb,sex_f,geo_cov_urb,mts_aggregate_1,2012,649.199
srb,sex_f,geo_cov_urb,mts_aggregate_1,2013,626.226
srb,sex_f,geo_cov_urb,mts_aggregate_1,2014,614.348
srb,sex_f,geo_cov_urb,mts_aggregate_1,2015,609.21
srb,sex_f,geo_cov_urb,mts_aggregate_1,2016,603.165
srb,sex_f,geo_cov_urb,mts_aggregate_1,2017,583.475
srb,sex_f,geo_cov_urb,mts_aggregate_1,2018,582.336
srb,sex_f,geo_cov_urb,mts_aggregate_1,2019,591.841
srb,sex_f,geo_cov_urb,mts_aggregate_1,2020,602.126
srb,sex_f,geo_cov_urb,mts_aggregate_2,2008,501.582
srb,sex_f,geo_cov_urb,mts_aggregate_2,2009,519.249
srb,sex_f,geo_cov_urb,mts_aggregate_2,2010,533.556
srb,sex_f,geo_cov_urb,mts_aggregate_2,2011,523.668
srb,sex_f,geo_cov_urb,mts_aggregate_2,2012,522.494
srb,sex_f,geo_cov_urb,mts_aggregate_2,2013,516.939
srb,sex_f,geo_cov_urb,mts_aggregate_2,2014,459.794
srb,sex_f,geo_cov_urb,mts_aggregate_2,2015,449.669
srb,sex_f,geo_cov_urb,mts_aggregate_2,2016,435.162
srb,sex_f,geo_cov_urb,mts_aggregate_2,2017,420.43
srb,sex_f,geo_cov_urb,mts_aggregate_2,2018,409.355
srb,sex_f,geo_cov_urb,mts_aggregate_2,2019,401.022
srb,sex_f,geo_cov_urb,mts_aggregate_2,2020,390.343
srb,sex_f,geo_cov_urb,mts_aggregate_total,2008,1130.821
srb,sex_f,geo_cov_urb,mts_aggregate_total,2009,1145.587
srb,sex_f,geo_cov_urb,mts_aggregate_total,2010,1174.335
srb,sex_f,geo_cov_urb,mts_aggregate_total,2011,1175.037
srb,sex_f,geo_cov_urb,mts_aggregate_total,2012,1171.694
srb,sex_f,geo_cov_urb,mts_aggregate_total,2013,1143.165
srb,sex_f,geo_cov_urb,mts_aggregate_total,2014,1074.142
srb,sex_f,geo_cov_urb,mts_aggregate_total,2015,1058.879
srb,sex_f,geo_cov_urb,mts_aggregate_total,2016,1038.327
srb,sex_f,geo_cov_urb,mts_aggregate_total,2017,1003.905
srb,sex_f,geo_cov_urb,mts_aggregate_total,2018,991.691
srb,sex_f,geo_cov_urb,mts_aggregate_total,2019,992.863
srb,sex_f,geo_cov_urb,mts_aggregate_total,2020,992.469
srb,sex_f,geo_cov_urb,mts_details_mrd,2008,501.582
srb,sex_f,geo_cov_urb,mts_details_mrd,2009,519.249
srb,sex_f,geo_cov_urb,mts_details_mrd,2010,533.556
srb,sex_f,geo_cov_urb,mts_details_mrd,2011,523.668
srb,sex_f,geo_cov_urb,mts_details_mrd,2012,522.494
srb,sex_f,geo_cov_urb,mts_details_mrd,2013,516.939
srb,sex_f,geo_cov_urb,mts_details_mrd,2014,459.794
srb,sex_f,geo_cov_urb,mts_details_mrd,2015,449.669
srb,sex_f,geo_cov_urb,mts_details_mrd,2016,435.162
srb,sex_f,geo_cov_urb,mts_details_mrd,2017,420.43
srb,sex_f,geo_cov_urb,mts_details_mrd,2018,409.355
srb,sex_f,geo_cov_urb,mts_details_mrd,2019,401.022
srb,sex_f,geo_cov_urb,mts_details_mrd,2020,390.343
srb,sex_f,geo_cov_urb,mts_details_sep,2008,53.161
srb,sex_f,geo_cov_urb,mts_details_sep,2009,52.253
srb,sex_f,geo_cov_urb,mts_details_sep,2010,53.498
srb,sex_f,geo_cov_urb,mts_details_sep,2011,61.296
srb,sex_f,geo_cov_urb,mts_details_sep,2012,62.218
srb,sex_f,geo_cov_urb,mts_details_sep,2013,57.662
srb,sex_f,geo_cov_urb,mts_details_sep,2014,57.922
srb,sex_f,geo_cov_urb,mts_details_sep,2015,60.071
srb,sex_f,geo_cov_urb,mts_details_sep,2016,59.829
srb,sex_f,geo_cov_urb,mts_details_sep,2017,56.682
srb,sex_f,geo_cov_urb,mts_details_sep,2018,59.267
srb,sex_f,geo_cov_urb,mts_details_sep,2019,60.13
srb,sex_f,geo_cov_urb,mts_details_sep,2020,55.348
srb,sex_f,geo_cov_urb,mts_details_sgle,2008,266.88
srb,sex_f,geo_cov_urb,mts_details_sgle,2009,251.471
srb,sex_f,geo_cov_urb,mts_details_sgle,2010,259.807
srb,sex_f,geo_cov_urb,mts_details_sgle,2011,252.989
srb,sex_f,geo_cov_urb,mts_details_sgle,2012,246.917
srb,sex_f,geo_cov_urb,mts_details_sgle,2013,246.143
srb,sex_f,geo_cov_urb,mts_details_sgle,2014,259.672
srb,sex_f,geo_cov_urb,mts_details_sgle,2015,248.788
srb,sex_f,geo_cov_urb,mts_details_sgle,2016,240.574
srb,sex_f,geo_cov_urb,mts_details_sgle,2017,235.914
srb,sex_f,geo_cov_urb,mts_details_sgle,2018,232.507
srb,sex_f,geo_cov_urb,mts_details_sgle,2019,238.636
srb,sex_f,geo_cov_urb,mts_details_sgle,2020,250.538
srb,sex_f,geo_cov_urb,mts_details_total,2008,1130.821
srb,sex_f,geo_cov_urb,mts_details_total,2009,1145.587
srb,sex_f,geo_cov_urb,mts_details_total,2010,1174.335
srb,sex_f,geo_cov_urb,mts_details_total,2011,1175.037
srb,sex_f,geo_cov_urb,mts_details_total,2012,1171.694
srb,sex_f,geo_cov_urb,mts_details_total,2013,1143.165
srb,sex_f,geo_cov_urb,mts_details_total,2014,1074.142
srb,sex_f,geo_cov_urb,mts_details_total,2015,1058.879
srb,sex_f,geo_cov_urb,mts_details_total,2016,1038.327
srb,sex_f,geo_cov_urb,mts_details_total,2017,1003.905
srb,sex_f,geo_cov_urb,mts_details_total,2018,991.691
srb,sex_f,geo_cov_urb,mts_details_total,2019,992.863
srb,sex_f,geo_cov_urb,mts_details_total,2020,992.469
srb,sex_f,geo_cov_urb,mts_details_wid,2008,309.073
srb,sex_f,geo_cov_urb,mts_details_wid,2009,322.613
srb,sex_f,geo_cov_urb,mts_details_wid,2010,327.474
srb,sex_f,geo_cov_urb,mts_details_wid,2011,337.084
srb,sex_f,geo_cov_urb,mts_details_wid,2012,340.064
srb,sex_f,geo_cov_urb,mts_details_wid,2013,322.42
srb,sex_f,geo_cov_urb,mts_details_wid,2014,296.755
srb,sex_f,geo_cov_urb,mts_details_wid,2015,300.352
srb,sex_f,geo_cov_urb,mts_details_wid,2016,302.761
srb,sex_f,geo_cov_urb,mts_details_wid,2017,290.879
srb,sex_f,geo_cov_urb,mts_details_wid,2018,290.563
srb,sex_f,geo_cov_urb,mts_details_wid,2019,293.076
srb,sex_f,geo_cov_urb,mts_details_wid,2020,296.24
srb,sex_m,geo_cov_nat,mts_aggregate_1,2008,557.426
srb,sex_m,geo_cov_nat,mts_aggregate_1,2009,583.06
srb,sex_m,geo_cov_nat,mts_aggregate_1,2010,611.937
srb,sex_m,geo_cov_nat,mts_aggregate_1,2011,606.439
srb,sex_m,geo_cov_nat,mts_aggregate_1,2012,595.566
srb,sex_m,geo_cov_nat,mts_aggregate_1,2013,564.199
srb,sex_m,geo_cov_nat,mts_aggregate_1,2014,560.676
srb,sex_m,geo_cov_nat,mts_aggregate_1,2015,554.89
srb,sex_m,geo_cov_nat,mts_aggregate_1,2016,543.273
srb,sex_m,geo_cov_nat,mts_aggregate_1,2017,531.909
srb,sex_m,geo_cov_nat,mts_aggregate_1,2018,517.489
srb,sex_m,geo_cov_nat,mts_aggregate_1,2019,517.185
srb,sex_m,geo_cov_nat,mts_aggregate_1,2020,529.398
srb,sex_m,geo_cov_nat,mts_aggregate_2,2008,643.489
srb,sex_m,geo_cov_nat,mts_aggregate_2,2009,697.125
srb,sex_m,geo_cov_nat,mts_aggregate_2,2010,737.99
srb,sex_m,geo_cov_nat,mts_aggregate_2,2011,737.767
srb,sex_m,geo_cov_nat,mts_aggregate_2,2012,741.768
srb,sex_m,geo_cov_nat,mts_aggregate_2,2013,700.425
srb,sex_m,geo_cov_nat,mts_aggregate_2,2014,596.437
srb,sex_m,geo_cov_nat,mts_aggregate_2,2015,604.928
srb,sex_m,geo_cov_nat,mts_aggregate_2,2016,565.719
srb,sex_m,geo_cov_nat,mts_aggregate_2,2017,558.811
srb,sex_m,geo_cov_nat,mts_aggregate_2,2018,549.275
srb,sex_m,geo_cov_nat,mts_aggregate_2,2019,548.391
srb,sex_m,geo_cov_nat,mts_aggregate_2,2020,552.933
srb,sex_m,geo_cov_nat,mts_aggregate_total,2008,1200.915
srb,sex_m,geo_cov_nat,mts_aggregate_total,2009,1280.185
srb,sex_m,geo_cov_nat,mts_aggregate_total,2010,1349.927
srb,sex_m,geo_cov_nat,mts_aggregate_total,2011,1344.206
srb,sex_m,geo_cov_nat,mts_aggregate_total,2012,1337.334
srb,sex_m,geo_cov_nat,mts_aggregate_total,2013,1264.623
srb,sex_m,geo_cov_nat,mts_aggregate_total,2014,1157.113
srb,sex_m,geo_cov_nat,mts_aggregate_total,2015,1159.818
srb,sex_m,geo_cov_nat,mts_aggregate_total,2016,1108.992
srb,sex_m,geo_cov_nat,mts_aggregate_total,2017,1090.72
srb,sex_m,geo_cov_nat,mts_aggregate_total,2018,1066.764
srb,sex_m,geo_cov_nat,mts_aggregate_total,2019,1065.575
srb,sex_m,geo_cov_nat,mts_aggregate_total,2020,1082.331
srb,sex_m,geo_cov_nat,mts_details_mrd,2008,643.489
srb,sex_m,geo_cov_nat,mts_details_mrd,2009,697.125
srb,sex_m,geo_cov_nat,mts_details_mrd,2010,737.99
srb,sex_m,geo_cov_nat,mts_details_mrd,2011,737.767
srb,sex_m,geo_cov_nat,mts_details_mrd,2012,741.768
srb,sex_m,geo_cov_nat,mts_details_mrd,2013,700.425
srb,sex_m,geo_cov_nat,mts_details_mrd,2014,596.437
srb,sex_m,geo_cov_nat,mts_details_mrd,2015,604.928
srb,sex_m,geo_cov_nat,mts_details_mrd,2016,565.719
srb,sex_m,geo_cov_nat,mts_details_mrd,2017,558.811
srb,sex_m,geo_cov_nat,mts_details_mrd,2018,549.275
srb,sex_m,geo_cov_nat,mts_details_mrd,2019,548.391
srb,sex_m,geo_cov_nat,mts_details_mrd,2020,552.933
srb,sex_m,geo_cov_nat,mts_details_sep,2008,29.86
srb,sex_m,geo_cov_nat,mts_details_sep,2009,32.167
srb,sex_m,geo_cov_nat,mts_details_sep,2010,37.324
srb,sex_m,geo_cov_nat,mts_details_sep,2011,41.297
srb,sex_m,geo_cov_nat,mts_details_sep,2012,40.804
srb,sex_m,geo_cov_nat,mts_details_sep,2013,40.355
srb,sex_m,geo_cov_nat,mts_details_sep,2014,45.724
srb,sex_m,geo_cov_nat,mts_details_sep,2015,45.039
srb,sex_m,geo_cov_nat,mts_details_sep,2016,42.223
srb,sex_m,geo_cov_nat,mts_details_sep,2017,41.533
srb,sex_m,geo_cov_nat,mts_details_sep,2018,41.424
srb,sex_m,geo_cov_nat,mts_details_sep,2019,42.265
srb,sex_m,geo_cov_nat,mts_details_sep,2020,43.152
srb,sex_m,geo_cov_nat,mts_details_sgle,2008,389.131
srb,sex_m,geo_cov_nat,mts_details_sgle,2009,410.409
srb,sex_m,geo_cov_nat,mts_details_sgle,2010,421.502
srb,sex_m,geo_cov_nat,mts_details_sgle,2011,407.392
srb,sex_m,geo_cov_nat,mts_details_sgle,2012,392.749
srb,sex_m,geo_cov_nat,mts_details_sgle,2013,374.008
srb,sex_m,geo_cov_nat,mts_details_sgle,2014,392.13
srb,sex_m,geo_cov_nat,mts_details_sgle,2015,382.694
srb,sex_m,geo_cov_nat,mts_details_sgle,2016,373.819
srb,sex_m,geo_cov_nat,mts_details_sgle,2017,366.226
srb,sex_m,geo_cov_nat,mts_details_sgle,2018,350.721
srb,sex_m,geo_cov_nat,mts_details_sgle,2019,356.454
srb,sex_m,geo_cov_nat,mts_details_sgle,2020,361.948
srb,sex_m,geo_cov_nat,mts_details_total,2008,1200.915
srb,sex_m,geo_cov_nat,mts_details_total,2009,1280.185
srb,sex_m,geo_cov_nat,mts_details_total,2010,1349.927
srb,sex_m,geo_cov_nat,mts_details_total,2011,1344.206
srb,sex_m,geo_cov_nat,mts_details_total,2012,1337.334
srb,sex_m,geo_cov_nat,mts_details_total,2013,1264.623
srb,sex_m,geo_cov_nat,mts_details_total,2014,1157.113
srb,sex_m,geo_cov_nat,mts_details_total,2015,1159.818
srb,sex_m,geo_cov_nat,mts_details_total,2016,1108.992
srb,sex_m,geo_cov_nat,mts_details_total,2017,1090.72
srb,sex_m,geo_cov_nat,mts_details_total,2018,1066.764
srb,sex_m,geo_cov_nat,mts_details_total,2019,1065.575
srb,sex_m,geo_cov_nat,mts_details_total,2020,1082.331
srb,sex_m,geo_cov_nat,mts_details_wid,2008,138.435
srb,sex_m,geo_cov_nat,mts_details_wid,2009,140.484
srb,sex_m,geo_cov_nat,mts_details_wid,2010,153.11
srb,sex_m,geo_cov_nat,mts_details_wid,2011,157.749
srb,sex_m,geo_cov_nat,mts_details_wid,2012,162.014
srb,sex_m,geo_cov_nat,mts_details_wid,2013,149.836
srb,sex_m,geo_cov_nat,mts_details_wid,2014,122.822
srb,sex_m,geo_cov_nat,mts_details_wid,2015,127.156
srb,sex_m,geo_cov_nat,mts_details_wid,2016,127.231
srb,sex_m,geo_cov_nat,mts_details_wid,2017,124.151
srb,sex_m,geo_cov_nat,mts_details_wid,2018,125.345
srb,sex_m,geo_cov_nat,mts_details_wid,2019,118.465
srb,sex_m,geo_cov_nat,mts_details_wid,2020,124.299
srb,sex_m,geo_cov_rur,mts_aggregate_1,2008,213.651
srb,sex_m,geo_cov_rur,mts_aggregate_1,2009,221.177
srb,sex_m,geo_cov_rur,mts_aggregate_1,2010,244.118
srb,sex_m,geo_cov_rur,mts_aggregate_1,2011,246.013
srb,sex_m,geo_cov_rur,mts_aggregate_1,2012,241.622
srb,sex_m,geo_cov_rur,mts_aggregate_1,2013,222.502
srb,sex_m,geo_cov_rur,mts_aggregate_1,2014,219.935
srb,sex_m,geo_cov_rur,mts_aggregate_1,2015,224.406
srb,sex_m,geo_cov_rur,mts_aggregate_1,2016,204.739
srb,sex_m,geo_cov_rur,mts_aggregate_1,2017,205.843
srb,sex_m,geo_cov_rur,mts_aggregate_1,2018,200.682
srb,sex_m,geo_cov_rur,mts_aggregate_1,2019,199.63
srb,sex_m,geo_cov_rur,mts_aggregate_1,2020,207.045
srb,sex_m,geo_cov_rur,mts_aggregate_2,2008,240.822
srb,sex_m,geo_cov_rur,mts_aggregate_2,2009,267.679
srb,sex_m,geo_cov_rur,mts_aggregate_2,2010,295.425
srb,sex_m,geo_cov_rur,mts_aggregate_2,2011,291.704
srb,sex_m,geo_cov_rur,mts_aggregate_2,2012,301.414
srb,sex_m,geo_cov_rur,mts_aggregate_2,2013,274.423
srb,sex_m,geo_cov_rur,mts_aggregate_2,2014,224.084
srb,sex_m,geo_cov_rur,mts_aggregate_2,2015,236.215
srb,sex_m,geo_cov_rur,mts_aggregate_2,2016,210.488
srb,sex_m,geo_cov_rur,mts_aggregate_2,2017,208.524
srb,sex_m,geo_cov_rur,mts_aggregate_2,2018,214.4
srb,sex_m,geo_cov_rur,mts_aggregate_2,2019,203.268
srb,sex_m,geo_cov_rur,mts_aggregate_2,2020,211.471
srb,sex_m,geo_cov_rur,mts_aggregate_total,2008,454.473
srb,sex_m,geo_cov_rur,mts_aggregate_total,2009,488.857
srb,sex_m,geo_cov_rur,mts_aggregate_total,2010,539.542
srb,sex_m,geo_cov_rur,mts_aggregate_total,2011,537.717
srb,sex_m,geo_cov_rur,mts_aggregate_total,2012,543.036
srb,sex_m,geo_cov_rur,mts_aggregate_total,2013,496.925
srb,sex_m,geo_cov_rur,mts_aggregate_total,2014,444.019
srb,sex_m,geo_cov_rur,mts_aggregate_total,2015,460.622
srb,sex_m,geo_cov_rur,mts_aggregate_total,2016,415.227
srb,sex_m,geo_cov_rur,mts_aggregate_total,2017,414.366
srb,sex_m,geo_cov_rur,mts_aggregate_total,2018,415.082
srb,sex_m,geo_cov_rur,mts_aggregate_total,2019,402.898
srb,sex_m,geo_cov_rur,mts_aggregate_total,2020,418.517
srb,sex_m,geo_cov_rur,mts_details_mrd,2008,240.822
srb,sex_m,geo_cov_rur,mts_details_mrd,2009,267.679
srb,sex_m,geo_cov_rur,mts_details_mrd,2010,295.425
srb,sex_m,geo_cov_rur,mts_details_mrd,2011,291.704
srb,sex_m,geo_cov_rur,mts_details_mrd,2012,301.414
srb,sex_m,geo_cov_rur,mts_details_mrd,2013,274.423
srb,sex_m,geo_cov_rur,mts_details_mrd,2014,224.084
srb,sex_m,geo_cov_rur,mts_details_mrd,2015,236.215
srb,sex_m,geo_cov_rur,mts_details_mrd,2016,210.488
srb,sex_m,geo_cov_rur,mts_details_mrd,2017,208.524
srb,sex_m,geo_cov_rur,mts_details_mrd,2018,214.4
srb,sex_m,geo_cov_rur,mts_details_mrd,2019,203.268
srb,sex_m,geo_cov_rur,mts_details_mrd,2020,211.471
srb,sex_m,geo_cov_rur,mts_details_sep,2008,9.324
srb,sex_m,geo_cov_rur,mts_details_sep,2009,10.584
srb,sex_m,geo_cov_rur,mts_details_sep,2010,15.196
srb,sex_m,geo_cov_rur,mts_details_sep,2011,14.213
srb,sex_m,geo_cov_rur,mts_details_sep,2012,15.285
srb,sex_m,geo_cov_rur,mts_details_sep,2013,13.949
srb,sex_m,geo_cov_rur,mts_details_sep,2014,15.435
srb,sex_m,geo_cov_rur,mts_details_sep,2015,16.846
srb,sex_m,geo_cov_rur,mts_details_sep,2016,15.588
srb,sex_m,geo_cov_rur,mts_details_sep,2017,15.128
srb,sex_m,geo_cov_rur,mts_details_sep,2018,16.901
srb,sex_m,geo_cov_rur,mts_details_sep,2019,16.739
srb,sex_m,geo_cov_rur,mts_details_sep,2020,16.005
srb,sex_m,geo_cov_rur,mts_details_sgle,2008,135.594
srb,sex_m,geo_cov_rur,mts_details_sgle,2009,143.73
srb,sex_m,geo_cov_rur,mts_details_sgle,2010,150.891
srb,sex_m,geo_cov_rur,mts_details_sgle,2011,156.119
srb,sex_m,geo_cov_rur,mts_details_sgle,2012,150.627
srb,sex_m,geo_cov_rur,mts_details_sgle,2013,136.151
srb,sex_m,geo_cov_rur,mts_details_sgle,2014,146.984
srb,sex_m,geo_cov_rur,mts_details_sgle,2015,146.573
srb,sex_m,geo_cov_rur,mts_details_sgle,2016,132.504
srb,sex_m,geo_cov_rur,mts_details_sgle,2017,133.254
srb,sex_m,geo_cov_rur,mts_details_sgle,2018,125.808
srb,sex_m,geo_cov_rur,mts_details_sgle,2019,129.788
srb,sex_m,geo_cov_rur,mts_details_sgle,2020,136.444
srb,sex_m,geo_cov_rur,mts_details_total,2008,454.473
srb,sex_m,geo_cov_rur,mts_details_total,2009,488.857
srb,sex_m,geo_cov_rur,mts_details_total,2010,539.542
srb,sex_m,geo_cov_rur,mts_details_total,2011,537.717
srb,sex_m,geo_cov_rur,mts_details_total,2012,543.036
srb,sex_m,geo_cov_rur,mts_details_total,2013,496.925
srb,sex_m,geo_cov_rur,mts_details_total,2014,444.019
srb,sex_m,geo_cov_rur,mts_details_total,2015,460.622
srb,sex_m,geo_cov_rur,mts_details_total,2016,415.227
srb,sex_m,geo_cov_rur,mts_details_total,2017,414.366
srb,sex_m,geo_cov_rur,mts_details_total,2018,415.082
srb,sex_m,geo_cov_rur,mts_details_total,2019,402.898
srb,sex_m,geo_cov_rur,mts_details_total,2020,418.517
srb,sex_m,geo_cov_rur,mts_details_wid,2008,68.733
srb,sex_m,geo_cov_rur,mts_details_wid,2009,66.863
srb,sex_m,geo_cov_rur,mts_details_wid,2010,78.031
srb,sex_m,geo_cov_rur,mts_details_wid,2011,75.681
srb,sex_m,geo_cov_rur,mts_details_wid,2012,75.71
srb,sex_m,geo_cov_rur,mts_details_wid,2013,72.402
srb,sex_m,geo_cov_rur,mts_details_wid,2014,57.517
srb,sex_m,geo_cov_rur,mts_details_wid,2015,60.987
srb,sex_m,geo_cov_rur,mts_details_wid,2016,56.647
srb,sex_m,geo_cov_rur,mts_details_wid,2017,57.461
srb,sex_m,geo_cov_rur,mts_details_wid,2018,57.973
srb,sex_m,geo_cov_rur,mts_details_wid,2019,53.103
srb,sex_m,geo_cov_rur,mts_details_wid,2020,54.597
srb,sex_m,geo_cov_urb,mts_aggregate_1,2008,343.775
srb,sex_m,geo_cov_urb,mts_aggregate_1,2009,361.883
srb,sex_m,geo_cov_urb,mts_aggregate_1,2010,367.819
srb,sex_m,geo_cov_urb,mts_aggregate_1,2011,360.426
srb,sex_m,geo_cov_urb,mts_aggregate_1,2012,353.944
srb,sex_m,geo_cov_urb,mts_aggregate_1,2013,341.697
srb,sex_m,geo_cov_urb,mts_aggregate_1,2014,340.74
srb,sex_m,geo_cov_urb,mts_aggregate_1,2015,330.483
srb,sex_m,geo_cov_urb,mts_aggregate_1,2016,338.534
srb,sex_m,geo_cov_urb,mts_aggregate_1,2017,326.067
srb,sex_m,geo_cov_urb,mts_aggregate_1,2018,316.807
srb,sex_m,geo_cov_urb,mts_aggregate_1,2019,317.555
srb,sex_m,geo_cov_urb,mts_aggregate_1,2020,322.353
srb,sex_m,geo_cov_urb,mts_aggregate_2,2008,402.666
srb,sex_m,geo_cov_urb,mts_aggregate_2,2009,429.446
srb,sex_m,geo_cov_urb,mts_aggregate_2,2010,442.565
srb,sex_m,geo_cov_urb,mts_aggregate_2,2011,446.063
srb,sex_m,geo_cov_urb,mts_aggregate_2,2012,440.354
srb,sex_m,geo_cov_urb,mts_aggregate_2,2013,426.001
srb,sex_m,geo_cov_urb,mts_aggregate_2,2014,372.353
srb,sex_m,geo_cov_urb,mts_aggregate_2,2015,368.713
srb,sex_m,geo_cov_urb,mts_aggregate_2,2016,355.231
srb,sex_m,geo_cov_urb,mts_aggregate_2,2017,350.287
srb,sex_m,geo_cov_urb,mts_aggregate_2,2018,334.875
srb,sex_m,geo_cov_urb,mts_aggregate_2,2019,345.123
srb,sex_m,geo_cov_urb,mts_aggregate_2,2020,341.462
srb,sex_m,geo_cov_urb,mts_aggregate_total,2008,746.442
srb,sex_m,geo_cov_urb,mts_aggregate_total,2009,791.328
srb,sex_m,geo_cov_urb,mts_aggregate_total,2010,810.384
srb,sex_m,geo_cov_urb,mts_aggregate_total,2011,806.489
srb,sex_m,geo_cov_urb,mts_aggregate_total,2012,794.298
srb,sex_m,geo_cov_urb,mts_aggregate_total,2013,767.698
srb,sex_m,geo_cov_urb,mts_aggregate_total,2014,713.094
srb,sex_m,geo_cov_urb,mts_aggregate_total,2015,699.196
srb,sex_m,geo_cov_urb,mts_aggregate_total,2016,693.765
srb,sex_m,geo_cov_urb,mts_aggregate_total,2017,676.354
srb,sex_m,geo_cov_urb,mts_aggregate_total,2018,651.682
srb,sex_m,geo_cov_urb,mts_aggregate_total,2019,662.677
srb,sex_m,geo_cov_urb,mts_aggregate_total,2020,663.814
srb,sex_m,geo_cov_urb,mts_details_mrd,2008,402.666
srb,sex_m,geo_cov_urb,mts_details_mrd,2009,429.446
srb,sex_m,geo_cov_urb,mts_details_mrd,2010,442.565
srb,sex_m,geo_cov_urb,mts_details_mrd,2011,446.063
srb,sex_m,geo_cov_urb,mts_details_mrd,2012,440.354
srb,sex_m,geo_cov_urb,mts_details_mrd,2013,426.001
srb,sex_m,geo_cov_urb,mts_details_mrd,2014,372.353
srb,sex_m,geo_cov_urb,mts_details_mrd,2015,368.713
srb,sex_m,geo_cov_urb,mts_details_mrd,2016,355.231
srb,sex_m,geo_cov_urb,mts_details_mrd,2017,350.287
srb,sex_m,geo_cov_urb,mts_details_mrd,2018,334.875
srb,sex_m,geo_cov_urb,mts_details_mrd,2019,345.123
srb,sex_m,geo_cov_urb,mts_details_mrd,2020,341.462
srb,sex_m,geo_cov_urb,mts_details_sep,2008,20.537
srb,sex_m,geo_cov_urb,mts_details_sep,2009,21.583
srb,sex_m,geo_cov_urb,mts_details_sep,2010,22.129
srb,sex_m,geo_cov_urb,mts_details_sep,2011,27.084
srb,sex_m,geo_cov_urb,mts_details_sep,2012,25.519
srb,sex_m,geo_cov_urb,mts_details_sep,2013,26.406
srb,sex_m,geo_cov_urb,mts_details_sep,2014,30.289
srb,sex_m,geo_cov_urb,mts_details_sep,2015,28.193
srb,sex_m,geo_cov_urb,mts_details_sep,2016,26.636
srb,sex_m,geo_cov_urb,mts_details_sep,2017,26.405
srb,sex_m,geo_cov_urb,mts_details_sep,2018,24.523
srb,sex_m,geo_cov_urb,mts_details_sep,2019,25.526
srb,sex_m,geo_cov_urb,mts_details_sep,2020,27.147
srb,sex_m,geo_cov_urb,mts_details_sgle,2008,253.537
srb,sex_m,geo_cov_urb,mts_details_sgle,2009,266.678
srb,sex_m,geo_cov_urb,mts_details_sgle,2010,270.611
srb,sex_m,geo_cov_urb,mts_details_sgle,2011,251.273
srb,sex_m,geo_cov_urb,mts_details_sgle,2012,242.122
srb,sex_m,geo_cov_urb,mts_details_sgle,2013,237.857
srb,sex_m,geo_cov_urb,mts_details_sgle,2014,245.146
srb,sex_m,geo_cov_urb,mts_details_sgle,2015,236.121
srb,sex_m,geo_cov_urb,mts_details_sgle,2016,241.315
srb,sex_m,geo_cov_urb,mts_details_sgle,2017,232.972
srb,sex_m,geo_cov_urb,mts_details_sgle,2018,224.913
srb,sex_m,geo_cov_urb,mts_details_sgle,2019,226.666
srb,sex_m,geo_cov_urb,mts_details_sgle,2020,225.504
srb,sex_m,geo_cov_urb,mts_details_total,2008,746.442
srb,sex_m,geo_cov_urb,mts_details_total,2009,791.328
srb,sex_m,geo_cov_urb,mts_details_total,2010,810.384
srb,sex_m,geo_cov_urb,mts_details_total,2011,806.489
srb,sex_m,geo_cov_urb,mts_details_total,2012,794.298
srb,sex_m,geo_cov_urb,mts_details_total,2013,767.698
srb,sex_m,geo_cov_urb,mts_details_total,2014,713.094
srb,sex_m,geo_cov_urb,mts_details_total,2015,699.196
srb,sex_m,geo_cov_urb,mts_details_total,2016,693.765
srb,sex_m,geo_cov_urb,mts_details_total,2017,676.354
srb,sex_m,geo_cov_urb,mts_details_total,2018,651.682
srb,sex_m,geo_cov_urb,mts_details_total,2019,662.677
srb,sex_m,geo_cov_urb,mts_details_total,2020,663.814
srb,sex_m,geo_cov_urb,mts_details_wid,2008,69.701
srb,sex_m,geo_cov_urb,mts_details_wid,2009,73.621
srb,sex_m,geo_cov_urb,mts_details_wid,2010,75.079
srb,sex_m,geo_cov_urb,mts_details_wid,2011,82.068
srb,sex_m,geo_cov_urb,mts_details_wid,2012,86.304
srb,sex_m,geo_cov_urb,mts_details_wid,2013,77.435
srb,sex_m,geo_cov_urb,mts_details_wid,2014,65.305
srb,sex_m,geo_cov_urb,mts_details_wid,2015,66.169
srb,sex_m,geo_cov_urb,mts_details_wid,2016,70.584
srb,sex_m,geo_cov_urb,mts_details_wid,2017,66.689
srb,sex_m,geo_cov_urb,mts_details_wid,2018,67.371
srb,sex_m,geo_cov_urb,mts_details_wid,2019,65.362
srb,sex_m,geo_cov_urb,mts_details_wid,2020,69.702
srb,sex_t,geo_cov_nat,mts_aggregate_1,2008,1567.919
srb,sex_t,geo_cov_nat,mts_aggregate_1,2009,1612.949
srb,sex_t,geo_cov_nat,mts_aggregate_1,2010,1653.906
srb,sex_t,geo_cov_nat,mts_aggregate_1,2011,1687.631
srb,sex_t,geo_cov_nat,mts_aggregate_1,2012,1651.269
srb,sex_t,geo_cov_nat,mts_aggregate_1,2013,1559.925
srb,sex_t,geo_cov_nat,mts_aggregate_1,2014,1544.205
srb,sex_t,geo_cov_nat,mts_aggregate_1,2015,1534.916
srb,sex_t,geo_cov_nat,mts_aggregate_1,2016,1502.867
srb,sex_t,geo_cov_nat,mts_aggregate_1,2017,1476.367
srb,sex_t,geo_cov_nat,mts_aggregate_1,2018,1452.203
srb,sex_t,geo_cov_nat,mts_aggregate_1,2019,1448.524
srb,sex_t,geo_cov_nat,mts_aggregate_1,2020,1478.137
srb,sex_t,geo_cov_nat,mts_aggregate_2,2008,1512.289
srb,sex_t,geo_cov_nat,mts_aggregate_2,2009,1617.579
srb,sex_t,geo_cov_nat,mts_aggregate_2,2010,1700.806
srb,sex_t,geo_cov_nat,mts_aggregate_2,2011,1684.969
srb,sex_t,geo_cov_nat,mts_aggregate_2,2012,1694.822
srb,sex_t,geo_cov_nat,mts_aggregate_2,2013,1595.735
srb,sex_t,geo_cov_nat,mts_aggregate_2,2014,1386.967
srb,sex_t,geo_cov_nat,mts_aggregate_2,2015,1398.761
srb,sex_t,geo_cov_nat,mts_aggregate_2,2016,1305.765
srb,sex_t,geo_cov_nat,mts_aggregate_2,2017,1278.376
srb,sex_t,geo_cov_nat,mts_aggregate_2,2018,1257.889
srb,sex_t,geo_cov_nat,mts_aggregate_2,2019,1239.02
srb,sex_t,geo_cov_nat,mts_aggregate_2,2020,1235.779
srb,sex_t,geo_cov_nat,mts_aggregate_total,2008,3080.477
srb,sex_t,geo_cov_nat,mts_aggregate_total,2009,3230.528
srb,sex_t,geo_cov_nat,mts_aggregate_total,2010,3354.712
srb,sex_t,geo_cov_nat,mts_aggregate_total,2011,3372.6
srb,sex_t,geo_cov_nat,mts_aggregate_total,2012,3346.092
srb,sex_t,geo_cov_nat,mts_aggregate_total,2013,3155.66
srb,sex_t,geo_cov_nat,mts_aggregate_total,2014,2931.172
srb,sex_t,geo_cov_nat,mts_aggregate_total,2015,2933.677
srb,sex_t,geo_cov_nat,mts_aggregate_total,2016,2808.632
srb,sex_t,geo_cov_nat,mts_aggregate_total,2017,2754.743
srb,sex_t,geo_cov_nat,mts_aggregate_total,2018,2710.092
srb,sex_t,geo_cov_nat,mts_aggregate_total,2019,2687.545
srb,sex_t,geo_cov_nat,mts_aggregate_total,2020,2713.916
srb,sex_t,geo_cov_nat,mts_details_mrd,2008,1512.289
srb,sex_t,geo_cov_nat,mts_details_mrd,2009,1617.579
srb,sex_t,geo_cov_nat,mts_details_mrd,2010,1700.806
srb,sex_t,geo_cov_nat,mts_details_mrd,2011,1684.969
srb,sex_t,geo_cov_nat,mts_details_mrd,2012,1694.822
srb,sex_t,geo_cov_nat,mts_details_mrd,2013,1595.735
srb,sex_t,geo_cov_nat,mts_details_mrd,2014,1386.967
srb,sex_t,geo_cov_nat,mts_details_mrd,2015,1398.761
srb,sex_t,geo_cov_nat,mts_details_mrd,2016,1305.765
srb,sex_t,geo_cov_nat,mts_details_mrd,2017,1278.376
srb,sex_t,geo_cov_nat,mts_details_mrd,2018,1257.889
srb,sex_t,geo_cov_nat,mts_details_mrd,2019,1239.02
srb,sex_t,geo_cov_nat,mts_details_mrd,2020,1235.779
srb,sex_t,geo_cov_nat,mts_details_sep,2008,98.477
srb,sex_t,geo_cov_nat,mts_details_sep,2009,105.352
srb,sex_t,geo_cov_nat,mts_details_sep,2010,108.542
srb,sex_t,geo_cov_nat,mts_details_sep,2011,121.351
srb,sex_t,geo_cov_nat,mts_details_sep,2012,119.696
srb,sex_t,geo_cov_nat,mts_details_sep,2013,114.285
srb,sex_t,geo_cov_nat,mts_details_sep,2014,122.935
srb,sex_t,geo_cov_nat,mts_details_sep,2015,122.189
srb,sex_t,geo_cov_nat,mts_details_sep,2016,118.622
srb,sex_t,geo_cov_nat,mts_details_sep,2017,115.204
srb,sex_t,geo_cov_nat,mts_details_sep,2018,117.827
srb,sex_t,geo_cov_nat,mts_details_sep,2019,118.323
srb,sex_t,geo_cov_nat,mts_details_sep,2020,114.951
srb,sex_t,geo_cov_nat,mts_details_sgle,2008,781.837
srb,sex_t,geo_cov_nat,mts_details_sgle,2009,799.316
srb,sex_t,geo_cov_nat,mts_details_sgle,2010,817.97
srb,sex_t,geo_cov_nat,mts_details_sgle,2011,807.958
srb,sex_t,geo_cov_nat,mts_details_sgle,2012,781.527
srb,sex_t,geo_cov_nat,mts_details_sgle,2013,748.763
srb,sex_t,geo_cov_nat,mts_details_sgle,2014,789.19
srb,sex_t,geo_cov_nat,mts_details_sgle,2015,773.688
srb,sex_t,geo_cov_nat,mts_details_sgle,2016,752.481
srb,sex_t,geo_cov_nat,mts_details_sgle,2017,739.042
srb,sex_t,geo_cov_nat,mts_details_sgle,2018,712.34
srb,sex_t,geo_cov_nat,mts_details_sgle,2019,723.434
srb,sex_t,geo_cov_nat,mts_details_sgle,2020,749.448
srb,sex_t,geo_cov_nat,mts_details_total,2008,3080.477
srb,sex_t,geo_cov_nat,mts_details_total,2009,3230.528
srb,sex_t,geo_cov_nat,mts_details_total,2010,3354.712
srb,sex_t,geo_cov_nat,mts_details_total,2011,3372.6
srb,sex_t,geo_cov_nat,mts_details_total,2012,3346.092
srb,sex_t,geo_cov_nat,mts_details_total,2013,3155.66
srb,sex_t,geo_cov_nat,mts_details_total,2014,2931.172
srb,sex_t,geo_cov_nat,mts_details_total,2015,2933.677
srb,sex_t,geo_cov_nat,mts_details_total,2016,2808.632
srb,sex_t,geo_cov_nat,mts_details_total,2017,2754.743
srb,sex_t,geo_cov_nat,mts_details_total,2018,2710.092
srb,sex_t,geo_cov_nat,mts_details_total,2019,2687.545
srb,sex_t,geo_cov_nat,mts_details_total,2020,2713.916
srb,sex_t,geo_cov_nat,mts_details_wid,2008,687.604
srb,sex_t,geo_cov_nat,mts_details_wid,2009,708.281
srb,sex_t,geo_cov_nat,mts_details_wid,2010,727.395
srb,sex_t,geo_cov_nat,mts_details_wid,2011,758.323
srb,sex_t,geo_cov_nat,mts_details_wid,2012,750.046
srb,sex_t,geo_cov_nat,mts_details_wid,2013,696.877
srb,sex_t,geo_cov_nat,mts_details_wid,2014,632.08
srb,sex_t,geo_cov_nat,mts_details_wid,2015,639.038
srb,sex_t,geo_cov_nat,mts_details_wid,2016,631.764
srb,sex_t,geo_cov_nat,mts_details_wid,2017,622.12
srb,sex_t,geo_cov_nat,mts_details_wid,2018,622.036
srb,sex_t,geo_cov_nat,mts_details_wid,2019,606.767
srb,sex_t,geo_cov_nat,mts_details_wid,2020,613.738
srb,sex_t,geo_cov_rur,mts_aggregate_1,2008,595.031
srb,sex_t,geo_cov_rur,mts_aggregate_1,2009,624.728
srb,sex_t,geo_cov_rur,mts_aggregate_1,2010,645.309
srb,sex_t,geo_cov_rur,mts_aggregate_1,2011,675.836
srb,sex_t,geo_cov_rur,mts_aggregate_1,2012,648.126
srb,sex_t,geo_cov_rur,mts_aggregate_1,2013,592.003
srb,sex_t,geo_cov_rur,mts_aggregate_1,2014,589.116
srb,sex_t,geo_cov_rur,mts_aggregate_1,2015,595.222
srb,sex_t,geo_cov_rur,mts_aggregate_1,2016,561.168
srb,sex_t,geo_cov_rur,mts_aggregate_1,2017,566.825
srb,sex_t,geo_cov_rur,mts_aggregate_1,2018,553.059
srb,sex_t,geo_cov_rur,mts_aggregate_1,2019,539.128
srb,sex_t,geo_cov_rur,mts_aggregate_1,2020,553.658
srb,sex_t,geo_cov_rur,mts_aggregate_2,2008,608.04
srb,sex_t,geo_cov_rur,mts_aggregate_2,2009,668.884
srb,sex_t,geo_cov_rur,mts_aggregate_2,2010,724.684
srb,sex_t,geo_cov_rur,mts_aggregate_2,2011,715.237
srb,sex_t,geo_cov_rur,mts_aggregate_2,2012,731.974
srb,sex_t,geo_cov_rur,mts_aggregate_2,2013,652.794
srb,sex_t,geo_cov_rur,mts_aggregate_2,2014,554.82
srb,sex_t,geo_cov_rur,mts_aggregate_2,2015,580.379
srb,sex_t,geo_cov_rur,mts_aggregate_2,2016,515.372
srb,sex_t,geo_cov_rur,mts_aggregate_2,2017,507.659
srb,sex_t,geo_cov_rur,mts_aggregate_2,2018,513.659
srb,sex_t,geo_cov_rur,mts_aggregate_2,2019,492.876
srb,sex_t,geo_cov_rur,mts_aggregate_2,2020,503.974
srb,sex_t,geo_cov_rur,mts_aggregate_total,2008,1203.214
srb,sex_t,geo_cov_rur,mts_aggregate_total,2009,1293.612
srb,sex_t,geo_cov_rur,mts_aggregate_total,2010,1369.993
srb,sex_t,geo_cov_rur,mts_aggregate_total,2011,1391.074
srb,sex_t,geo_cov_rur,mts_aggregate_total,2012,1380.1
srb,sex_t,geo_cov_rur,mts_aggregate_total,2013,1244.797
srb,sex_t,geo_cov_rur,mts_aggregate_total,2014,1143.936
srb,sex_t,geo_cov_rur,mts_aggregate_total,2015,1175.602
srb,sex_t,geo_cov_rur,mts_aggregate_total,2016,1076.54
srb,sex_t,geo_cov_rur,mts_aggregate_total,2017,1074.484
srb,sex_t,geo_cov_rur,mts_aggregate_total,2018,1066.719
srb,sex_t,geo_cov_rur,mts_aggregate_total,2019,1032.005
srb,sex_t,geo_cov_rur,mts_aggregate_total,2020,1057.632
srb,sex_t,geo_cov_rur,mts_details_mrd,2008,608.04
srb,sex_t,geo_cov_rur,mts_details_mrd,2009,668.884
srb,sex_t,geo_cov_rur,mts_details_mrd,2010,724.684
srb,sex_t,geo_cov_rur,mts_details_mrd,2011,715.237
srb,sex_t,geo_cov_rur,mts_details_mrd,2012,731.974
srb,sex_t,geo_cov_rur,mts_details_mrd,2013,652.794
srb,sex_t,geo_cov_rur,mts_details_mrd,2014,554.82
srb,sex_t,geo_cov_rur,mts_details_mrd,2015,580.379
srb,sex_t,geo_cov_rur,mts_details_mrd,2016,515.372
srb,sex_t,geo_cov_rur,mts_details_mrd,2017,507.659
srb,sex_t,geo_cov_rur,mts_details_mrd,2018,513.659
srb,sex_t,geo_cov_rur,mts_details_mrd,2019,492.876
srb,sex_t,geo_cov_rur,mts_details_mrd,2020,503.974
srb,sex_t,geo_cov_rur,mts_details_sep,2008,24.78
srb,sex_t,geo_cov_rur,mts_details_sep,2009,31.516
srb,sex_t,geo_cov_rur,mts_details_sep,2010,32.916
srb,sex_t,geo_cov_rur,mts_details_sep,2011,32.97
srb,sex_t,geo_cov_rur,mts_details_sep,2012,31.96
srb,sex_t,geo_cov_rur,mts_details_sep,2013,30.217
srb,sex_t,geo_cov_rur,mts_details_sep,2014,34.724
srb,sex_t,geo_cov_rur,mts_details_sep,2015,33.925
srb,sex_t,geo_cov_rur,mts_details_sep,2016,32.157
srb,sex_t,geo_cov_rur,mts_details_sep,2017,32.117
srb,sex_t,geo_cov_rur,mts_details_sep,2018,34.037
srb,sex_t,geo_cov_rur,mts_details_sep,2019,32.667
srb,sex_t,geo_cov_rur,mts_details_sep,2020,32.456
srb,sex_t,geo_cov_rur,mts_details_sgle,2008,261.42
srb,sex_t,geo_cov_rur,mts_details_sgle,2009,281.167
srb,sex_t,geo_cov_rur,mts_details_sgle,2010,287.551
srb,sex_t,geo_cov_rur,mts_details_sgle,2011,303.696
srb,sex_t,geo_cov_rur,mts_details_sgle,2012,292.488
srb,sex_t,geo_cov_rur,mts_details_sgle,2013,264.763
srb,sex_t,geo_cov_rur,mts_details_sgle,2014,284.372
srb,sex_t,geo_cov_rur,mts_details_sgle,2015,288.779
srb,sex_t,geo_cov_rur,mts_details_sgle,2016,270.592
srb,sex_t,geo_cov_rur,mts_details_sgle,2017,270.156
srb,sex_t,geo_cov_rur,mts_details_sgle,2018,254.92
srb,sex_t,geo_cov_rur,mts_details_sgle,2019,258.132
srb,sex_t,geo_cov_rur,mts_details_sgle,2020,273.406
srb,sex_t,geo_cov_rur,mts_details_total,2008,1203.214
srb,sex_t,geo_cov_rur,mts_details_total,2009,1293.612
srb,sex_t,geo_cov_rur,mts_details_total,2010,1369.993
srb,sex_t,geo_cov_rur,mts_details_total,2011,1391.074
srb,sex_t,geo_cov_rur,mts_details_total,2012,1380.1
srb,sex_t,geo_cov_rur,mts_details_total,2013,1244.797
srb,sex_t,geo_cov_rur,mts_details_total,2014,1143.936
srb,sex_t,geo_cov_rur,mts_details_total,2015,1175.602
srb,sex_t,geo_cov_rur,mts_details_total,2016,1076.54
srb,sex_t,geo_cov_rur,mts_details_total,2017,1074.484
srb,sex_t,geo_cov_rur,mts_details_total,2018,1066.719
srb,sex_t,geo_cov_rur,mts_details_total,2019,1032.005
srb,sex_t,geo_cov_rur,mts_details_total,2020,1057.632
srb,sex_t,geo_cov_rur,mts_details_wid,2008,308.831
srb,sex_t,geo_cov_rur,mts_details_wid,2009,312.046
srb,sex_t,geo_cov_rur,mts_details_wid,2010,324.841
srb,sex_t,geo_cov_rur,mts_details_wid,2011,339.17
srb,sex_t,geo_cov_rur,mts_details_wid,2012,323.678
srb,sex_t,geo_cov_rur,mts_details_wid,2013,297.022
srb,sex_t,geo_cov_rur,mts_details_wid,2014,270.02
srb,sex_t,geo_cov_rur,mts_details_wid,2015,272.518
srb,sex_t,geo_cov_rur,mts_details_wid,2016,258.419
srb,sex_t,geo_cov_rur,mts_details_wid,2017,264.552
srb,sex_t,geo_cov_rur,mts_details_wid,2018,264.102
srb,sex_t,geo_cov_rur,mts_details_wid,2019,248.329
srb,sex_t,geo_cov_rur,mts_details_wid,2020,247.797
srb,sex_t,geo_cov_urb,mts_aggregate_1,2008,972.888
srb,sex_t,geo_cov_urb,mts_aggregate_1,2009,988.221
srb,sex_t,geo_cov_urb,mts_aggregate_1,2010,1008.598
srb,sex_t,geo_cov_urb,mts_aggregate_1,2011,1011.795
srb,sex_t,geo_cov_urb,mts_aggregate_1,2012,1003.144
srb,sex_t,geo_cov_urb,mts_aggregate_1,2013,967.923
srb,sex_t,geo_cov_urb,mts_aggregate_1,2014,955.089
srb,sex_t,geo_cov_urb,mts_aggregate_1,2015,939.694
srb,sex_t,geo_cov_urb,mts_aggregate_1,2016,941.699
srb,sex_t,geo_cov_urb,mts_aggregate_1,2017,909.542
srb,sex_t,geo_cov_urb,mts_aggregate_1,2018,899.144
srb,sex_t,geo_cov_urb,mts_aggregate_1,2019,909.396
srb,sex_t,geo_cov_urb,mts_aggregate_1,2020,924.479
srb,sex_t,geo_cov_urb,mts_aggregate_2,2008,904.248
srb,sex_t,geo_cov_urb,mts_aggregate_2,2009,948.695
srb,sex_t,geo_cov_urb,mts_aggregate_2,2010,976.122
srb,sex_t,geo_cov_urb,mts_aggregate_2,2011,969.731
srb,sex_t,geo_cov_urb,mts_aggregate_2,2012,962.848
srb,sex_t,geo_cov_urb,mts_aggregate_2,2013,942.941
srb,sex_t,geo_cov_urb,mts_aggregate_2,2014,832.147
srb,sex_t,geo_cov_urb,mts_aggregate_2,2015,818.382
srb,sex_t,geo_cov_urb,mts_aggregate_2,2016,790.393
srb,sex_t,geo_cov_urb,mts_aggregate_2,2017,770.717
srb,sex_t,geo_cov_urb,mts_aggregate_2,2018,744.23
srb,sex_t,geo_cov_urb,mts_aggregate_2,2019,746.144
srb,sex_t,geo_cov_urb,mts_aggregate_2,2020,731.805
srb,sex_t,geo_cov_urb,mts_aggregate_total,2008,1877.263
srb,sex_t,geo_cov_urb,mts_aggregate_total,2009,1936.916
srb,sex_t,geo_cov_urb,mts_aggregate_total,2010,1984.719
srb,sex_t,geo_cov_urb,mts_aggregate_total,2011,1981.526
srb,sex_t,geo_cov_urb,mts_aggregate_total,2012,1965.992
srb,sex_t,geo_cov_urb,mts_aggregate_total,2013,1910.863
srb,sex_t,geo_cov_urb,mts_aggregate_total,2014,1787.236
srb,sex_t,geo_cov_urb,mts_aggregate_total,2015,1758.076
srb,sex_t,geo_cov_urb,mts_aggregate_total,2016,1732.092
srb,sex_t,geo_cov_urb,mts_aggregate_total,2017,1680.259
srb,sex_t,geo_cov_urb,mts_aggregate_total,2018,1643.373
srb,sex_t,geo_cov_urb,mts_aggregate_total,2019,1655.54
srb,sex_t,geo_cov_urb,mts_aggregate_total,2020,1656.284
srb,sex_t,geo_cov_urb,mts_details_mrd,2008,904.248
srb,sex_t,geo_cov_urb,mts_details_mrd,2009,948.695
srb,sex_t,geo_cov_urb,mts_details_mrd,2010,976.122
srb,sex_t,geo_cov_urb,mts_details_mrd,2011,969.731
srb,sex_t,geo_cov_urb,mts_details_mrd,2012,962.848
srb,sex_t,geo_cov_urb,mts_details_mrd,2013,942.941
srb,sex_t,geo_cov_urb,mts_details_mrd,2014,832.147
srb,sex_t,geo_cov_urb,mts_details_mrd,2015,818.382
srb,sex_t,geo_cov_urb,mts_details_mrd,2016,790.393
srb,sex_t,geo_cov_urb,mts_details_mrd,2017,770.717
srb,sex_t,geo_cov_urb,mts_details_mrd,2018,744.23
srb,sex_t,geo_cov_urb,mts_details_mrd,2019,746.144
srb,sex_t,geo_cov_urb,mts_details_mrd,2020,731.805
srb,sex_t,geo_cov_urb,mts_details_sep,2008,73.697
srb,sex_t,geo_cov_urb,mts_details_sep,2009,73.837
srb,sex_t,geo_cov_urb,mts_details_sep,2010,75.626
srb,sex_t,geo_cov_urb,mts_details_sep,2011,88.38
srb,sex_t,geo_cov_urb,mts_details_sep,2012,87.736
srb,sex_t,geo_cov_urb,mts_details_sep,2013,84.068
srb,sex_t,geo_cov_urb,mts_details_sep,2014,88.211
srb,sex_t,geo_cov_urb,mts_details_sep,2015,88.264
srb,sex_t,geo_cov_urb,mts_details_sep,2016,86.465
srb,sex_t,geo_cov_urb,mts_details_sep,2017,83.087
srb,sex_t,geo_cov_urb,mts_details_sep,2018,83.79
srb,sex_t,geo_cov_urb,mts_details_sep,2019,85.656
srb,sex_t,geo_cov_urb,mts_details_sep,2020,82.495
srb,sex_t,geo_cov_urb,mts_details_sgle,2008,520.417
srb,sex_t,geo_cov_urb,mts_details_sgle,2009,518.15
srb,sex_t,geo_cov_urb,mts_details_sgle,2010,530.418
srb,sex_t,geo_cov_urb,mts_details_sgle,2011,504.262
srb,sex_t,geo_cov_urb,mts_details_sgle,2012,489.039
srb,sex_t,geo_cov_urb,mts_details_sgle,2013,484
srb,sex_t,geo_cov_urb,mts_details_sgle,2014,504.818
srb,sex_t,geo_cov_urb,mts_details_sgle,2015,484.909
srb,sex_t,geo_cov_urb,mts_details_sgle,2016,481.889
srb,sex_t,geo_cov_urb,mts_details_sgle,2017,468.886
srb,sex_t,geo_cov_urb,mts_details_sgle,2018,457.42
srb,sex_t,geo_cov_urb,mts_details_sgle,2019,465.302
srb,sex_t,geo_cov_urb,mts_details_sgle,2020,476.043
srb,sex_t,geo_cov_urb,mts_details_total,2008,1877.263
srb,sex_t,geo_cov_urb,mts_details_total,2009,1936.916
srb,sex_t,geo_cov_urb,mts_details_total,2010,1984.719
srb,sex_t,geo_cov_urb,mts_details_total,2011,1981.526
srb,sex_t,geo_cov_urb,mts_details_total,2012,1965.992
srb,sex_t,geo_cov_urb,mts_details_total,2013,1910.863
srb,sex_t,geo_cov_urb,mts_details_total,2014,1787.236
srb,sex_t,geo_cov_urb,mts_details_total,2015,1758.076
srb,sex_t,geo_cov_urb,mts_details_total,2016,1732.092
srb,sex_t,geo_cov_urb,mts_details_total,2017,1680.259
srb,sex_t,geo_cov_urb,mts_details_total,2018,1643.373
srb,sex_t,geo_cov_urb,mts_details_total,2019,1655.54
srb,sex_t,geo_cov_urb,mts_details_total,2020,1656.284
srb,sex_t,geo_cov_urb,mts_details_wid,2008,378.774
srb,sex_t,geo_cov_urb,mts_details_wid,2009,396.234
srb,sex_t,geo_cov_urb,mts_details_wid,2010,402.553
srb,sex_t,geo_cov_urb,mts_details_wid,2011,419.152
srb,sex_t,geo_cov_urb,mts_details_wid,2012,426.368
srb,sex_t,geo_cov_urb,mts_details_wid,2013,399.855
srb,sex_t,geo_cov_urb,mts_details_wid,2014,362.06
srb,sex_t,geo_cov_urb,mts_details_wid,2015,366.52
srb,sex_t,geo_cov_urb,mts_details_wid,2016,373.345
srb,sex_t,geo_cov_urb,mts_details_wid,2017,357.568
srb,sex_t,geo_cov_urb,mts_details_wid,2018,357.934
srb,sex_t,geo_cov_urb,mts_details_wid,2019,358.438
srb,sex_t,geo_cov_urb,mts_details_wid,2020,365.942
svk,sex_f,geo_cov_nat,mts_aggregate_1,2007,652.424
svk,sex_f,geo_cov_nat,mts_aggregate_1,2008,662.573
svk,sex_f,geo_cov_nat,mts_aggregate_1,2009,675.12
svk,sex_f,geo_cov_nat,mts_aggregate_1,2010,675.315
svk,sex_f,geo_cov_nat,mts_aggregate_1,2011,677.84
svk,sex_f,geo_cov_nat,mts_aggregate_1,2012,671.091
svk,sex_f,geo_cov_nat,mts_aggregate_1,2013,668.124
svk,sex_f,geo_cov_nat,mts_aggregate_1,2014,665.709
svk,sex_f,geo_cov_nat,mts_aggregate_1,2015,650.677
svk,sex_f,geo_cov_nat,mts_aggregate_1,2016,645.13
svk,sex_f,geo_cov_nat,mts_aggregate_1,2017,638.963
svk,sex_f,geo_cov_nat,mts_aggregate_1,2018,638.177
svk,sex_f,geo_cov_nat,mts_aggregate_1,2019,643.55
svk,sex_f,geo_cov_nat,mts_aggregate_1,2020,642.898
svk,sex_f,geo_cov_nat,mts_aggregate_2,2007,505.335
svk,sex_f,geo_cov_nat,mts_aggregate_2,2008,491.58
svk,sex_f,geo_cov_nat,mts_aggregate_2,2009,503.484
svk,sex_f,geo_cov_nat,mts_aggregate_2,2010,495.795
svk,sex_f,geo_cov_nat,mts_aggregate_2,2011,500.294
svk,sex_f,geo_cov_nat,mts_aggregate_2,2012,496.327
svk,sex_f,geo_cov_nat,mts_aggregate_2,2013,492.712
svk,sex_f,geo_cov_nat,mts_aggregate_2,2014,495.104
svk,sex_f,geo_cov_nat,mts_aggregate_2,2015,490.332
svk,sex_f,geo_cov_nat,mts_aggregate_2,2016,481.79
svk,sex_f,geo_cov_nat,mts_aggregate_2,2017,484.694
svk,sex_f,geo_cov_nat,mts_aggregate_2,2018,494.151
svk,sex_f,geo_cov_nat,mts_aggregate_2,2019,487.648
svk,sex_f,geo_cov_nat,mts_aggregate_2,2020,497.448
svk,sex_f,geo_cov_nat,mts_aggregate_total,2007,1157.758
svk,sex_f,geo_cov_nat,mts_aggregate_total,2008,1154.153
svk,sex_f,geo_cov_nat,mts_aggregate_total,2009,1178.604
svk,sex_f,geo_cov_nat,mts_aggregate_total,2010,1171.11
svk,sex_f,geo_cov_nat,mts_aggregate_total,2011,1178.133
svk,sex_f,geo_cov_nat,mts_aggregate_total,2012,1167.418
svk,sex_f,geo_cov_nat,mts_aggregate_total,2013,1160.836
svk,sex_f,geo_cov_nat,mts_aggregate_total,2014,1160.813
svk,sex_f,geo_cov_nat,mts_aggregate_total,2015,1141.009
svk,sex_f,geo_cov_nat,mts_aggregate_total,2016,1126.92
svk,sex_f,geo_cov_nat,mts_aggregate_total,2017,1123.656
svk,sex_f,geo_cov_nat,mts_aggregate_total,2018,1132.328
svk,sex_f,geo_cov_nat,mts_aggregate_total,2019,1131.199
svk,sex_f,geo_cov_nat,mts_aggregate_total,2020,1140.346
svk,sex_f,geo_cov_rur,mts_aggregate_1,2007,352.587
svk,sex_f,geo_cov_rur,mts_aggregate_1,2008,357.637
svk,sex_f,geo_cov_rur,mts_aggregate_1,2009,366.781
svk,sex_f,geo_cov_rur,mts_aggregate_1,2010,361.777
svk,sex_f,geo_cov_rur,mts_aggregate_1,2011,349.195
svk,sex_f,geo_cov_rur,mts_aggregate_1,2012,315.621
svk,sex_f,geo_cov_rur,mts_aggregate_1,2013,309.483
svk,sex_f,geo_cov_rur,mts_aggregate_1,2014,302.302
svk,sex_f,geo_cov_rur,mts_aggregate_1,2015,303.885
svk,sex_f,geo_cov_rur,mts_aggregate_1,2016,299.029
svk,sex_f,geo_cov_rur,mts_aggregate_1,2017,271.419
svk,sex_f,geo_cov_rur,mts_aggregate_1,2018,280.621
svk,sex_f,geo_cov_rur,mts_aggregate_1,2019,281.048
svk,sex_f,geo_cov_rur,mts_aggregate_1,2020,272.416
svk,sex_f,geo_cov_rur,mts_aggregate_2,2007,273.201
svk,sex_f,geo_cov_rur,mts_aggregate_2,2008,261.934
svk,sex_f,geo_cov_rur,mts_aggregate_2,2009,269.865
svk,sex_f,geo_cov_rur,mts_aggregate_2,2010,255.131
svk,sex_f,geo_cov_rur,mts_aggregate_2,2011,252.022
svk,sex_f,geo_cov_rur,mts_aggregate_2,2012,235.538
svk,sex_f,geo_cov_rur,mts_aggregate_2,2013,229.745
svk,sex_f,geo_cov_rur,mts_aggregate_2,2014,227.051
svk,sex_f,geo_cov_rur,mts_aggregate_2,2015,214.103
svk,sex_f,geo_cov_rur,mts_aggregate_2,2016,201.33
svk,sex_f,geo_cov_rur,mts_aggregate_2,2017,207.584
svk,sex_f,geo_cov_rur,mts_aggregate_2,2018,214.352
svk,sex_f,geo_cov_rur,mts_aggregate_2,2019,201.043
svk,sex_f,geo_cov_rur,mts_aggregate_2,2020,205.152
svk,sex_f,geo_cov_rur,mts_aggregate_total,2007,625.788
svk,sex_f,geo_cov_rur,mts_aggregate_total,2008,619.571
svk,sex_f,geo_cov_rur,mts_aggregate_total,2009,636.646
svk,sex_f,geo_cov_rur,mts_aggregate_total,2010,616.908
svk,sex_f,geo_cov_rur,mts_aggregate_total,2011,601.216
svk,sex_f,geo_cov_rur,mts_aggregate_total,2012,551.159
svk,sex_f,geo_cov_rur,mts_aggregate_total,2013,539.228
svk,sex_f,geo_cov_rur,mts_aggregate_total,2014,529.353
svk,sex_f,geo_cov_rur,mts_aggregate_total,2015,517.988
svk,sex_f,geo_cov_rur,mts_aggregate_total,2016,500.359
svk,sex_f,geo_cov_rur,mts_aggregate_total,2017,479.003
svk,sex_f,geo_cov_rur,mts_aggregate_total,2018,494.973
svk,sex_f,geo_cov_rur,mts_aggregate_total,2019,482.091
svk,sex_f,geo_cov_rur,mts_aggregate_total,2020,477.568
svk,sex_f,geo_cov_urb,mts_aggregate_1,2007,299.837
svk,sex_f,geo_cov_urb,mts_aggregate_1,2008,304.936
svk,sex_f,geo_cov_urb,mts_aggregate_1,2009,308.339
svk,sex_f,geo_cov_urb,mts_aggregate_1,2010,313.538
svk,sex_f,geo_cov_urb,mts_aggregate_1,2011,328.645
svk,sex_f,geo_cov_urb,mts_aggregate_1,2012,355.47
svk,sex_f,geo_cov_urb,mts_aggregate_1,2013,358.641
svk,sex_f,geo_cov_urb,mts_aggregate_1,2014,363.408
svk,sex_f,geo_cov_urb,mts_aggregate_1,2015,346.792
svk,sex_f,geo_cov_urb,mts_aggregate_1,2016,346.101
svk,sex_f,geo_cov_urb,mts_aggregate_1,2017,367.544
svk,sex_f,geo_cov_urb,mts_aggregate_1,2018,357.556
svk,sex_f,geo_cov_urb,mts_aggregate_1,2019,362.502
svk,sex_f,geo_cov_urb,mts_aggregate_1,2020,370.483
svk,sex_f,geo_cov_urb,mts_aggregate_2,2007,232.134
svk,sex_f,geo_cov_urb,mts_aggregate_2,2008,229.646
svk,sex_f,geo_cov_urb,mts_aggregate_2,2009,233.618
svk,sex_f,geo_cov_urb,mts_aggregate_2,2010,240.664
svk,sex_f,geo_cov_urb,mts_aggregate_2,2011,248.272
svk,sex_f,geo_cov_urb,mts_aggregate_2,2012,260.789
svk,sex_f,geo_cov_urb,mts_aggregate_2,2013,262.967
svk,sex_f,geo_cov_urb,mts_aggregate_2,2014,268.053
svk,sex_f,geo_cov_urb,mts_aggregate_2,2015,276.229
svk,sex_f,geo_cov_urb,mts_aggregate_2,2016,280.461
svk,sex_f,geo_cov_urb,mts_aggregate_2,2017,277.11
svk,sex_f,geo_cov_urb,mts_aggregate_2,2018,279.8
svk,sex_f,geo_cov_urb,mts_aggregate_2,2019,286.605
svk,sex_f,geo_cov_urb,mts_aggregate_2,2020,292.295
svk,sex_f,geo_cov_urb,mts_aggregate_total,2007,531.971
svk,sex_f,geo_cov_urb,mts_aggregate_total,2008,534.582
svk,sex_f,geo_cov_urb,mts_aggregate_total,2009,541.958
svk,sex_f,geo_cov_urb,mts_aggregate_total,2010,554.202
svk,sex_f,geo_cov_urb,mts_aggregate_total,2011,576.917
svk,sex_f,geo_cov_urb,mts_aggregate_total,2012,616.259
svk,sex_f,geo_cov_urb,mts_aggregate_total,2013,621.608
svk,sex_f,geo_cov_urb,mts_aggregate_total,2014,631.461
svk,sex_f,geo_cov_urb,mts_aggregate_total,2015,623.021
svk,sex_f,geo_cov_urb,mts_aggregate_total,2016,626.562
svk,sex_f,geo_cov_urb,mts_aggregate_total,2017,644.653
svk,sex_f,geo_cov_urb,mts_aggregate_total,2018,637.355
svk,sex_f,geo_cov_urb,mts_aggregate_total,2019,649.107
svk,sex_f,geo_cov_urb,mts_aggregate_total,2020,662.778
svk,sex_m,geo_cov_nat,mts_aggregate_1,2007,384.017
svk,sex_m,geo_cov_nat,mts_aggregate_1,2008,382.844
svk,sex_m,geo_cov_nat,mts_aggregate_1,2009,389.989
svk,sex_m,geo_cov_nat,mts_aggregate_1,2010,391.21
svk,sex_m,geo_cov_nat,mts_aggregate_1,2011,369.301
svk,sex_m,geo_cov_nat,mts_aggregate_1,2012,363.759
svk,sex_m,geo_cov_nat,mts_aggregate_1,2013,358.062
svk,sex_m,geo_cov_nat,mts_aggregate_1,2014,347.553
svk,sex_m,geo_cov_nat,mts_aggregate_1,2015,350.08
svk,sex_m,geo_cov_nat,mts_aggregate_1,2016,330.993
svk,sex_m,geo_cov_nat,mts_aggregate_1,2017,332.1
svk,sex_m,geo_cov_nat,mts_aggregate_1,2018,329.597
svk,sex_m,geo_cov_nat,mts_aggregate_1,2019,334.941
svk,sex_m,geo_cov_nat,mts_aggregate_1,2020,337.927
svk,sex_m,geo_cov_nat,mts_aggregate_2,2007,313.639
svk,sex_m,geo_cov_nat,mts_aggregate_2,2008,308.547
svk,sex_m,geo_cov_nat,mts_aggregate_2,2009,310.481
svk,sex_m,geo_cov_nat,mts_aggregate_2,2010,318.997
svk,sex_m,geo_cov_nat,mts_aggregate_2,2011,333.152
svk,sex_m,geo_cov_nat,mts_aggregate_2,2012,333.635
svk,sex_m,geo_cov_nat,mts_aggregate_2,2013,345.975
svk,sex_m,geo_cov_nat,mts_aggregate_2,2014,355.748
svk,sex_m,geo_cov_nat,mts_aggregate_2,2015,361.691
svk,sex_m,geo_cov_nat,mts_aggregate_2,2016,377.385
svk,sex_m,geo_cov_nat,mts_aggregate_2,2017,384.704
svk,sex_m,geo_cov_nat,mts_aggregate_2,2018,385.259
svk,sex_m,geo_cov_nat,mts_aggregate_2,2019,384.86
svk,sex_m,geo_cov_nat,mts_aggregate_2,2020,403.167
svk,sex_m,geo_cov_nat,mts_aggregate_total,2007,697.656
svk,sex_m,geo_cov_nat,mts_aggregate_total,2008,691.392
svk,sex_m,geo_cov_nat,mts_aggregate_total,2009,700.47
svk,sex_m,geo_cov_nat,mts_aggregate_total,2010,710.207
svk,sex_m,geo_cov_nat,mts_aggregate_total,2011,702.452
svk,sex_m,geo_cov_nat,mts_aggregate_total,2012,697.394
svk,sex_m,geo_cov_nat,mts_aggregate_total,2013,704.037
svk,sex_m,geo_cov_nat,mts_aggregate_total,2014,703.3
svk,sex_m,geo_cov_nat,mts_aggregate_total,2015,711.771
svk,sex_m,geo_cov_nat,mts_aggregate_total,2016,708.378
svk,sex_m,geo_cov_nat,mts_aggregate_total,2017,716.804
svk,sex_m,geo_cov_nat,mts_aggregate_total,2018,714.856
svk,sex_m,geo_cov_nat,mts_aggregate_total,2019,719.801
svk,sex_m,geo_cov_nat,mts_aggregate_total,2020,741.094
svk,sex_m,geo_cov_rur,mts_aggregate_1,2007,198.123
svk,sex_m,geo_cov_rur,mts_aggregate_1,2008,199.77
svk,sex_m,geo_cov_rur,mts_aggregate_1,2009,204.676
svk,sex_m,geo_cov_rur,mts_aggregate_1,2010,206.211
svk,sex_m,geo_cov_rur,mts_aggregate_1,2011,195.724
svk,sex_m,geo_cov_rur,mts_aggregate_1,2012,182.313
svk,sex_m,geo_cov_rur,mts_aggregate_1,2013,168.1
svk,sex_m,geo_cov_rur,mts_aggregate_1,2014,167.289
svk,sex_m,geo_cov_rur,mts_aggregate_1,2015,174.728
svk,sex_m,geo_cov_rur,mts_aggregate_1,2016,156.459
svk,sex_m,geo_cov_rur,mts_aggregate_1,2017,160.717
svk,sex_m,geo_cov_rur,mts_aggregate_1,2018,153.462
svk,sex_m,geo_cov_rur,mts_aggregate_1,2019,146.504
svk,sex_m,geo_cov_rur,mts_aggregate_1,2020,147.737
svk,sex_m,geo_cov_rur,mts_aggregate_2,2007,173.815
svk,sex_m,geo_cov_rur,mts_aggregate_2,2008,169.927
svk,sex_m,geo_cov_rur,mts_aggregate_2,2009,171.963
svk,sex_m,geo_cov_rur,mts_aggregate_2,2010,171.282
svk,sex_m,geo_cov_rur,mts_aggregate_2,2011,174.069
svk,sex_m,geo_cov_rur,mts_aggregate_2,2012,161.376
svk,sex_m,geo_cov_rur,mts_aggregate_2,2013,165.557
svk,sex_m,geo_cov_rur,mts_aggregate_2,2014,163.016
svk,sex_m,geo_cov_rur,mts_aggregate_2,2015,163.052
svk,sex_m,geo_cov_rur,mts_aggregate_2,2016,163.896
svk,sex_m,geo_cov_rur,mts_aggregate_2,2017,162.839
svk,sex_m,geo_cov_rur,mts_aggregate_2,2018,161.729
svk,sex_m,geo_cov_rur,mts_aggregate_2,2019,162.559
svk,sex_m,geo_cov_rur,mts_aggregate_2,2020,171.3
svk,sex_m,geo_cov_rur,mts_aggregate_total,2007,371.937
svk,sex_m,geo_cov_rur,mts_aggregate_total,2008,369.697
svk,sex_m,geo_cov_rur,mts_aggregate_total,2009,376.639
svk,sex_m,geo_cov_rur,mts_aggregate_total,2010,377.493
svk,sex_m,geo_cov_rur,mts_aggregate_total,2011,369.792
svk,sex_m,geo_cov_rur,mts_aggregate_total,2012,343.689
svk,sex_m,geo_cov_rur,mts_aggregate_total,2013,333.656
svk,sex_m,geo_cov_rur,mts_aggregate_total,2014,330.305
svk,sex_m,geo_cov_rur,mts_aggregate_total,2015,337.78
svk,sex_m,geo_cov_rur,mts_aggregate_total,2016,320.355
svk,sex_m,geo_cov_rur,mts_aggregate_total,2017,323.556
svk,sex_m,geo_cov_rur,mts_aggregate_total,2018,315.191
svk,sex_m,geo_cov_rur,mts_aggregate_total,2019,309.063
svk,sex_m,geo_cov_rur,mts_aggregate_total,2020,319.037
svk,sex_m,geo_cov_urb,mts_aggregate_1,2007,185.895
svk,sex_m,geo_cov_urb,mts_aggregate_1,2008,183.075
svk,sex_m,geo_cov_urb,mts_aggregate_1,2009,185.313
svk,sex_m,geo_cov_urb,mts_aggregate_1,2010,184.999
svk,sex_m,geo_cov_urb,mts_aggregate_1,2011,173.577
svk,sex_m,geo_cov_urb,mts_aggregate_1,2012,181.447
svk,sex_m,geo_cov_urb,mts_aggregate_1,2013,189.963
svk,sex_m,geo_cov_urb,mts_aggregate_1,2014,180.263
svk,sex_m,geo_cov_urb,mts_aggregate_1,2015,175.352
svk,sex_m,geo_cov_urb,mts_aggregate_1,2016,174.535
svk,sex_m,geo_cov_urb,mts_aggregate_1,2017,171.384
svk,sex_m,geo_cov_urb,mts_aggregate_1,2018,176.135
svk,sex_m,geo_cov_urb,mts_aggregate_1,2019,188.436
svk,sex_m,geo_cov_urb,mts_aggregate_1,2020,190.19
svk,sex_m,geo_cov_urb,mts_aggregate_2,2007,139.824
svk,sex_m,geo_cov_urb,mts_aggregate_2,2008,138.62
svk,sex_m,geo_cov_urb,mts_aggregate_2,2009,138.519
svk,sex_m,geo_cov_urb,mts_aggregate_2,2010,147.715
svk,sex_m,geo_cov_urb,mts_aggregate_2,2011,159.083
svk,sex_m,geo_cov_urb,mts_aggregate_2,2012,172.259
svk,sex_m,geo_cov_urb,mts_aggregate_2,2013,180.419
svk,sex_m,geo_cov_urb,mts_aggregate_2,2014,192.732
svk,sex_m,geo_cov_urb,mts_aggregate_2,2015,198.639
svk,sex_m,geo_cov_urb,mts_aggregate_2,2016,213.489
svk,sex_m,geo_cov_urb,mts_aggregate_2,2017,221.864
svk,sex_m,geo_cov_urb,mts_aggregate_2,2018,223.53
svk,sex_m,geo_cov_urb,mts_aggregate_2,2019,222.301
svk,sex_m,geo_cov_urb,mts_aggregate_2,2020,231.868
svk,sex_m,geo_cov_urb,mts_aggregate_total,2007,325.719
svk,sex_m,geo_cov_urb,mts_aggregate_total,2008,321.695
svk,sex_m,geo_cov_urb,mts_aggregate_total,2009,323.832
svk,sex_m,geo_cov_urb,mts_aggregate_total,2010,332.714
svk,sex_m,geo_cov_urb,mts_aggregate_total,2011,332.66
svk,sex_m,geo_cov_urb,mts_aggregate_total,2012,353.706
svk,sex_m,geo_cov_urb,mts_aggregate_total,2013,370.381
svk,sex_m,geo_cov_urb,mts_aggregate_total,2014,372.995
svk,sex_m,geo_cov_urb,mts_aggregate_total,2015,373.991
svk,sex_m,geo_cov_urb,mts_aggregate_total,2016,388.023
svk,sex_m,geo_cov_urb,mts_aggregate_total,2017,393.248
svk,sex_m,geo_cov_urb,mts_aggregate_total,2018,399.665
svk,sex_m,geo_cov_urb,mts_aggregate_total,2019,410.738
svk,sex_m,geo_cov_urb,mts_aggregate_total,2020,422.058
svk,sex_t,geo_cov_nat,mts_aggregate_1,2007,1036.441
svk,sex_t,geo_cov_nat,mts_aggregate_1,2008,1045.417
svk,sex_t,geo_cov_nat,mts_aggregate_1,2009,1065.109
svk,sex_t,geo_cov_nat,mts_aggregate_1,2010,1066.526
svk,sex_t,geo_cov_nat,mts_aggregate_1,2011,1047.14
svk,sex_t,geo_cov_nat,mts_aggregate_1,2012,1034.85
svk,sex_t,geo_cov_nat,mts_aggregate_1,2013,1026.187
svk,sex_t,geo_cov_nat,mts_aggregate_1,2014,1013.262
svk,sex_t,geo_cov_nat,mts_aggregate_1,2015,1000.757
svk,sex_t,geo_cov_nat,mts_aggregate_1,2016,976.123
svk,sex_t,geo_cov_nat,mts_aggregate_1,2017,971.063
svk,sex_t,geo_cov_nat,mts_aggregate_1,2018,967.773
svk,sex_t,geo_cov_nat,mts_aggregate_1,2019,978.491
svk,sex_t,geo_cov_nat,mts_aggregate_1,2020,980.826
svk,sex_t,geo_cov_nat,mts_aggregate_2,2007,818.974
svk,sex_t,geo_cov_nat,mts_aggregate_2,2008,800.127
svk,sex_t,geo_cov_nat,mts_aggregate_2,2009,813.965
svk,sex_t,geo_cov_nat,mts_aggregate_2,2010,814.791
svk,sex_t,geo_cov_nat,mts_aggregate_2,2011,833.445
svk,sex_t,geo_cov_nat,mts_aggregate_2,2012,829.962
svk,sex_t,geo_cov_nat,mts_aggregate_2,2013,838.687
svk,sex_t,geo_cov_nat,mts_aggregate_2,2014,850.851
svk,sex_t,geo_cov_nat,mts_aggregate_2,2015,852.023
svk,sex_t,geo_cov_nat,mts_aggregate_2,2016,859.175
svk,sex_t,geo_cov_nat,mts_aggregate_2,2017,869.397
svk,sex_t,geo_cov_nat,mts_aggregate_2,2018,879.411
svk,sex_t,geo_cov_nat,mts_aggregate_2,2019,872.508
svk,sex_t,geo_cov_nat,mts_aggregate_2,2020,900.615
svk,sex_t,geo_cov_nat,mts_aggregate_total,2007,1855.415
svk,sex_t,geo_cov_nat,mts_aggregate_total,2008,1845.545
svk,sex_t,geo_cov_nat,mts_aggregate_total,2009,1879.074
svk,sex_t,geo_cov_nat,mts_aggregate_total,2010,1881.317
svk,sex_t,geo_cov_nat,mts_aggregate_total,2011,1880.586
svk,sex_t,geo_cov_nat,mts_aggregate_total,2012,1864.812
svk,sex_t,geo_cov_nat,mts_aggregate_total,2013,1864.874
svk,sex_t,geo_cov_nat,mts_aggregate_total,2014,1864.113
svk,sex_t,geo_cov_nat,mts_aggregate_total,2015,1852.78
svk,sex_t,geo_cov_nat,mts_aggregate_total,2016,1835.298
svk,sex_t,geo_cov_nat,mts_aggregate_total,2017,1840.46
svk,sex_t,geo_cov_nat,mts_aggregate_total,2018,1847.184
svk,sex_t,geo_cov_nat,mts_aggregate_total,2019,1850.999
svk,sex_t,geo_cov_nat,mts_aggregate_total,2020,1881.44
svk,sex_t,geo_cov_rur,mts_aggregate_1,2007,550.71
svk,sex_t,geo_cov_rur,mts_aggregate_1,2008,557.406
svk,sex_t,geo_cov_rur,mts_aggregate_1,2009,571.457
svk,sex_t,geo_cov_rur,mts_aggregate_1,2010,567.988
svk,sex_t,geo_cov_rur,mts_aggregate_1,2011,544.918
svk,sex_t,geo_cov_rur,mts_aggregate_1,2012,497.933
svk,sex_t,geo_cov_rur,mts_aggregate_1,2013,477.583
svk,sex_t,geo_cov_rur,mts_aggregate_1,2014,469.591
svk,sex_t,geo_cov_rur,mts_aggregate_1,2015,478.614
svk,sex_t,geo_cov_rur,mts_aggregate_1,2016,455.488
svk,sex_t,geo_cov_rur,mts_aggregate_1,2017,432.135
svk,sex_t,geo_cov_rur,mts_aggregate_1,2018,434.083
svk,sex_t,geo_cov_rur,mts_aggregate_1,2019,427.553
svk,sex_t,geo_cov_rur,mts_aggregate_1,2020,420.153
svk,sex_t,geo_cov_rur,mts_aggregate_2,2007,447.015
svk,sex_t,geo_cov_rur,mts_aggregate_2,2008,431.862
svk,sex_t,geo_cov_rur,mts_aggregate_2,2009,441.828
svk,sex_t,geo_cov_rur,mts_aggregate_2,2010,426.413
svk,sex_t,geo_cov_rur,mts_aggregate_2,2011,426.09
svk,sex_t,geo_cov_rur,mts_aggregate_2,2012,396.914
svk,sex_t,geo_cov_rur,mts_aggregate_2,2013,395.301
svk,sex_t,geo_cov_rur,mts_aggregate_2,2014,390.067
svk,sex_t,geo_cov_rur,mts_aggregate_2,2015,377.155
svk,sex_t,geo_cov_rur,mts_aggregate_2,2016,365.226
svk,sex_t,geo_cov_rur,mts_aggregate_2,2017,370.423
svk,sex_t,geo_cov_rur,mts_aggregate_2,2018,376.081
svk,sex_t,geo_cov_rur,mts_aggregate_2,2019,363.602
svk,sex_t,geo_cov_rur,mts_aggregate_2,2020,376.452
svk,sex_t,geo_cov_rur,mts_aggregate_total,2007,997.725
svk,sex_t,geo_cov_rur,mts_aggregate_total,2008,989.268
svk,sex_t,geo_cov_rur,mts_aggregate_total,2009,1013.285
svk,sex_t,geo_cov_rur,mts_aggregate_total,2010,994.401
svk,sex_t,geo_cov_rur,mts_aggregate_total,2011,971.009
svk,sex_t,geo_cov_rur,mts_aggregate_total,2012,894.847
svk,sex_t,geo_cov_rur,mts_aggregate_total,2013,872.884
svk,sex_t,geo_cov_rur,mts_aggregate_total,2014,859.658
svk,sex_t,geo_cov_rur,mts_aggregate_total,2015,855.768
svk,sex_t,geo_cov_rur,mts_aggregate_total,2016,820.713
svk,sex_t,geo_cov_rur,mts_aggregate_total,2017,802.559
svk,sex_t,geo_cov_rur,mts_aggregate_total,2018,810.164
svk,sex_t,geo_cov_rur,mts_aggregate_total,2019,791.155
svk,sex_t,geo_cov_rur,mts_aggregate_total,2020,796.605
svk,sex_t,geo_cov_urb,mts_aggregate_1,2007,485.731
svk,sex_t,geo_cov_urb,mts_aggregate_1,2008,488.011
svk,sex_t,geo_cov_urb,mts_aggregate_1,2009,493.652
svk,sex_t,geo_cov_urb,mts_aggregate_1,2010,498.537
svk,sex_t,geo_cov_urb,mts_aggregate_1,2011,502.222
svk,sex_t,geo_cov_urb,mts_aggregate_1,2012,536.917
svk,sex_t,geo_cov_urb,mts_aggregate_1,2013,548.603
svk,sex_t,geo_cov_urb,mts_aggregate_1,2014,543.671
svk,sex_t,geo_cov_urb,mts_aggregate_1,2015,522.143
svk,sex_t,geo_cov_urb,mts_aggregate_1,2016,520.636
svk,sex_t,geo_cov_urb,mts_aggregate_1,2017,538.927
svk,sex_t,geo_cov_urb,mts_aggregate_1,2018,533.69
svk,sex_t,geo_cov_urb,mts_aggregate_1,2019,550.939
svk,sex_t,geo_cov_urb,mts_aggregate_1,2020,560.673
svk,sex_t,geo_cov_urb,mts_aggregate_2,2007,371.959
svk,sex_t,geo_cov_urb,mts_aggregate_2,2008,368.266
svk,sex_t,geo_cov_urb,mts_aggregate_2,2009,372.137
svk,sex_t,geo_cov_urb,mts_aggregate_2,2010,388.378
svk,sex_t,geo_cov_urb,mts_aggregate_2,2011,407.355
svk,sex_t,geo_cov_urb,mts_aggregate_2,2012,433.048
svk,sex_t,geo_cov_urb,mts_aggregate_2,2013,443.386
svk,sex_t,geo_cov_urb,mts_aggregate_2,2014,460.785
svk,sex_t,geo_cov_urb,mts_aggregate_2,2015,474.869
svk,sex_t,geo_cov_urb,mts_aggregate_2,2016,493.949
svk,sex_t,geo_cov_urb,mts_aggregate_2,2017,498.974
svk,sex_t,geo_cov_urb,mts_aggregate_2,2018,503.33
svk,sex_t,geo_cov_urb,mts_aggregate_2,2019,508.906
svk,sex_t,geo_cov_urb,mts_aggregate_2,2020,524.163
svk,sex_t,geo_cov_urb,mts_aggregate_total,2007,857.69
svk,sex_t,geo_cov_urb,mts_aggregate_total,2008,856.277
svk,sex_t,geo_cov_urb,mts_aggregate_total,2009,865.789
svk,sex_t,geo_cov_urb,mts_aggregate_total,2010,886.916
svk,sex_t,geo_cov_urb,mts_aggregate_total,2011,909.577
svk,sex_t,geo_cov_urb,mts_aggregate_total,2012,969.964
svk,sex_t,geo_cov_urb,mts_aggregate_total,2013,991.989
svk,sex_t,geo_cov_urb,mts_aggregate_total,2014,1004.455
svk,sex_t,geo_cov_urb,mts_aggregate_total,2015,997.012
svk,sex_t,geo_cov_urb,mts_aggregate_total,2016,1014.585
svk,sex_t,geo_cov_urb,mts_aggregate_total,2017,1037.901
svk,sex_t,geo_cov_urb,mts_aggregate_total,2018,1037.02
svk,sex_t,geo_cov_urb,mts_aggregate_total,2019,1059.845
svk,sex_t,geo_cov_urb,mts_aggregate_total,2020,1084.835
svn,sex_f,geo_cov_nat,mts_aggregate_1,1996,238.849
svn,sex_f,geo_cov_nat,mts_aggregate_1,2005,249.016
svn,sex_f,geo_cov_nat,mts_aggregate_1,2006,248.673
svn,sex_f,geo_cov_nat,mts_aggregate_1,2007,242.028
svn,sex_f,geo_cov_nat,mts_aggregate_1,2008,240.933
svn,sex_f,geo_cov_nat,mts_aggregate_1,2009,244.291
svn,sex_f,geo_cov_nat,mts_aggregate_1,2010,244.244
svn,sex_f,geo_cov_nat,mts_aggregate_1,2011,248.582
svn,sex_f,geo_cov_nat,mts_aggregate_1,2012,248.919
svn,sex_f,geo_cov_nat,mts_aggregate_1,2013,253.227
svn,sex_f,geo_cov_nat,mts_aggregate_1,2014,238.826
svn,sex_f,geo_cov_nat,mts_aggregate_1,2015,247.296
svn,sex_f,geo_cov_nat,mts_aggregate_1,2016,253.299
svn,sex_f,geo_cov_nat,mts_aggregate_1,2017,238.347
svn,sex_f,geo_cov_nat,mts_aggregate_1,2018,238.63
svn,sex_f,geo_cov_nat,mts_aggregate_1,2019,244.468
svn,sex_f,geo_cov_nat,mts_aggregate_1,2020,239.516
svn,sex_f,geo_cov_nat,mts_aggregate_2,1996,175.716
svn,sex_f,geo_cov_nat,mts_aggregate_2,2005,166.392
svn,sex_f,geo_cov_nat,mts_aggregate_2,2006,164.996
svn,sex_f,geo_cov_nat,mts_aggregate_2,2007,172.139
svn,sex_f,geo_cov_nat,mts_aggregate_2,2008,172.259
svn,sex_f,geo_cov_nat,mts_aggregate_2,2009,169.039
svn,sex_f,geo_cov_nat,mts_aggregate_2,2010,173.571
svn,sex_f,geo_cov_nat,mts_aggregate_2,2011,177.982
svn,sex_f,geo_cov_nat,mts_aggregate_2,2012,178.919
svn,sex_f,geo_cov_nat,mts_aggregate_2,2013,179.773
svn,sex_f,geo_cov_nat,mts_aggregate_2,2014,188.145
svn,sex_f,geo_cov_nat,mts_aggregate_2,2015,182.13
svn,sex_f,geo_cov_nat,mts_aggregate_2,2016,174.621
svn,sex_f,geo_cov_nat,mts_aggregate_2,2017,172.915
svn,sex_f,geo_cov_nat,mts_aggregate_2,2018,172.318
svn,sex_f,geo_cov_nat,mts_aggregate_2,2019,171.902
svn,sex_f,geo_cov_nat,mts_aggregate_2,2020,178.08
svn,sex_f,geo_cov_nat,mts_aggregate_total,1996,414.611
svn,sex_f,geo_cov_nat,mts_aggregate_total,2005,415.424
svn,sex_f,geo_cov_nat,mts_aggregate_total,2006,413.669
svn,sex_f,geo_cov_nat,mts_aggregate_total,2007,414.166
svn,sex_f,geo_cov_nat,mts_aggregate_total,2008,413.192
svn,sex_f,geo_cov_nat,mts_aggregate_total,2009,413.33
svn,sex_f,geo_cov_nat,mts_aggregate_total,2010,417.815
svn,sex_f,geo_cov_nat,mts_aggregate_total,2011,426.564
svn,sex_f,geo_cov_nat,mts_aggregate_total,2012,427.838
svn,sex_f,geo_cov_nat,mts_aggregate_total,2013,433
svn,sex_f,geo_cov_nat,mts_aggregate_total,2014,426.971
svn,sex_f,geo_cov_nat,mts_aggregate_total,2015,429.426
svn,sex_f,geo_cov_nat,mts_aggregate_total,2016,427.921
svn,sex_f,geo_cov_nat,mts_aggregate_total,2017,411.262
svn,sex_f,geo_cov_nat,mts_aggregate_total,2018,410.949
svn,sex_f,geo_cov_nat,mts_aggregate_total,2019,416.37
svn,sex_f,geo_cov_nat,mts_aggregate_total,2020,417.595
svn,sex_f,geo_cov_rur,mts_aggregate_1,1996,47.779
svn,sex_f,geo_cov_rur,mts_aggregate_1,2005,120.658
svn,sex_f,geo_cov_rur,mts_aggregate_1,2006,114.792
svn,sex_f,geo_cov_rur,mts_aggregate_1,2007,107.694
svn,sex_f,geo_cov_rur,mts_aggregate_1,2008,107.283
svn,sex_f,geo_cov_rur,mts_aggregate_1,2009,108.758
svn,sex_f,geo_cov_rur,mts_aggregate_1,2010,108.021
svn,sex_f,geo_cov_rur,mts_aggregate_1,2011,107.181
svn,sex_f,geo_cov_rur,mts_aggregate_1,2012,116.979
svn,sex_f,geo_cov_rur,mts_aggregate_1,2013,121.614
svn,sex_f,geo_cov_rur,mts_aggregate_1,2014,113.263
svn,sex_f,geo_cov_rur,mts_aggregate_1,2015,119.021
svn,sex_f,geo_cov_rur,mts_aggregate_1,2016,114.471
svn,sex_f,geo_cov_rur,mts_aggregate_1,2017,103.342
svn,sex_f,geo_cov_rur,mts_aggregate_1,2018,104.139
svn,sex_f,geo_cov_rur,mts_aggregate_1,2019,105.539
svn,sex_f,geo_cov_rur,mts_aggregate_1,2020,109.73
svn,sex_f,geo_cov_rur,mts_aggregate_2,1996,34.152
svn,sex_f,geo_cov_rur,mts_aggregate_2,2005,80.202
svn,sex_f,geo_cov_rur,mts_aggregate_2,2006,74.906
svn,sex_f,geo_cov_rur,mts_aggregate_2,2007,77.078
svn,sex_f,geo_cov_rur,mts_aggregate_2,2008,75.905
svn,sex_f,geo_cov_rur,mts_aggregate_2,2009,70.863
svn,sex_f,geo_cov_rur,mts_aggregate_2,2010,74.048
svn,sex_f,geo_cov_rur,mts_aggregate_2,2011,78.8
svn,sex_f,geo_cov_rur,mts_aggregate_2,2012,90.444
svn,sex_f,geo_cov_rur,mts_aggregate_2,2013,88.571
svn,sex_f,geo_cov_rur,mts_aggregate_2,2014,92.537
svn,sex_f,geo_cov_rur,mts_aggregate_2,2015,91.769
svn,sex_f,geo_cov_rur,mts_aggregate_2,2016,83.324
svn,sex_f,geo_cov_rur,mts_aggregate_2,2017,77.527
svn,sex_f,geo_cov_rur,mts_aggregate_2,2018,78.737
svn,sex_f,geo_cov_rur,mts_aggregate_2,2019,78.081
svn,sex_f,geo_cov_rur,mts_aggregate_2,2020,80.827
svn,sex_f,geo_cov_rur,mts_aggregate_total,1996,81.931
svn,sex_f,geo_cov_rur,mts_aggregate_total,2005,200.86
svn,sex_f,geo_cov_rur,mts_aggregate_total,2006,189.698
svn,sex_f,geo_cov_rur,mts_aggregate_total,2007,184.772
svn,sex_f,geo_cov_rur,mts_aggregate_total,2008,183.188
svn,sex_f,geo_cov_rur,mts_aggregate_total,2009,179.622
svn,sex_f,geo_cov_rur,mts_aggregate_total,2010,182.069
svn,sex_f,geo_cov_rur,mts_aggregate_total,2011,185.98
svn,sex_f,geo_cov_rur,mts_aggregate_total,2012,207.423
svn,sex_f,geo_cov_rur,mts_aggregate_total,2013,210.185
svn,sex_f,geo_cov_rur,mts_aggregate_total,2014,205.8
svn,sex_f,geo_cov_rur,mts_aggregate_total,2015,210.789
svn,sex_f,geo_cov_rur,mts_aggregate_total,2016,197.796
svn,sex_f,geo_cov_rur,mts_aggregate_total,2017,180.869
svn,sex_f,geo_cov_rur,mts_aggregate_total,2018,182.876
svn,sex_f,geo_cov_rur,mts_aggregate_total,2019,183.62
svn,sex_f,geo_cov_rur,mts_aggregate_total,2020,190.557
svn,sex_f,geo_cov_urb,mts_aggregate_1,1996,190.7
svn,sex_f,geo_cov_urb,mts_aggregate_1,2005,128.358
svn,sex_f,geo_cov_urb,mts_aggregate_1,2006,133.881
svn,sex_f,geo_cov_urb,mts_aggregate_1,2007,134.334
svn,sex_f,geo_cov_urb,mts_aggregate_1,2008,133.65
svn,sex_f,geo_cov_urb,mts_aggregate_1,2009,135.533
svn,sex_f,geo_cov_urb,mts_aggregate_1,2010,136.224
svn,sex_f,geo_cov_urb,mts_aggregate_1,2011,141.401
svn,sex_f,geo_cov_urb,mts_aggregate_1,2012,131.94
svn,sex_f,geo_cov_urb,mts_aggregate_1,2013,131.612
svn,sex_f,geo_cov_urb,mts_aggregate_1,2014,125.563
svn,sex_f,geo_cov_urb,mts_aggregate_1,2015,128.275
svn,sex_f,geo_cov_urb,mts_aggregate_1,2016,138.828
svn,sex_f,geo_cov_urb,mts_aggregate_1,2017,135.005
svn,sex_f,geo_cov_urb,mts_aggregate_1,2018,134.491
svn,sex_f,geo_cov_urb,mts_aggregate_1,2019,138.929
svn,sex_f,geo_cov_urb,mts_aggregate_1,2020,129.786
svn,sex_f,geo_cov_urb,mts_aggregate_2,1996,141.431
svn,sex_f,geo_cov_urb,mts_aggregate_2,2005,86.19
svn,sex_f,geo_cov_urb,mts_aggregate_2,2006,90.09
svn,sex_f,geo_cov_urb,mts_aggregate_2,2007,95.061
svn,sex_f,geo_cov_urb,mts_aggregate_2,2008,96.354
svn,sex_f,geo_cov_urb,mts_aggregate_2,2009,98.176
svn,sex_f,geo_cov_urb,mts_aggregate_2,2010,99.523
svn,sex_f,geo_cov_urb,mts_aggregate_2,2011,99.182
svn,sex_f,geo_cov_urb,mts_aggregate_2,2012,88.475
svn,sex_f,geo_cov_urb,mts_aggregate_2,2013,91.202
svn,sex_f,geo_cov_urb,mts_aggregate_2,2014,95.608
svn,sex_f,geo_cov_urb,mts_aggregate_2,2015,90.362
svn,sex_f,geo_cov_urb,mts_aggregate_2,2016,91.297
svn,sex_f,geo_cov_urb,mts_aggregate_2,2017,95.388
svn,sex_f,geo_cov_urb,mts_aggregate_2,2018,93.582
svn,sex_f,geo_cov_urb,mts_aggregate_2,2019,93.821
svn,sex_f,geo_cov_urb,mts_aggregate_2,2020,97.253
svn,sex_f,geo_cov_urb,mts_aggregate_total,1996,332.177
svn,sex_f,geo_cov_urb,mts_aggregate_total,2005,214.564
svn,sex_f,geo_cov_urb,mts_aggregate_total,2006,223.971
svn,sex_f,geo_cov_urb,mts_aggregate_total,2007,229.395
svn,sex_f,geo_cov_urb,mts_aggregate_total,2008,230.004
svn,sex_f,geo_cov_urb,mts_aggregate_total,2009,233.709
svn,sex_f,geo_cov_urb,mts_aggregate_total,2010,235.746
svn,sex_f,geo_cov_urb,mts_aggregate_total,2011,240.583
svn,sex_f,geo_cov_urb,mts_aggregate_total,2012,220.415
svn,sex_f,geo_cov_urb,mts_aggregate_total,2013,222.815
svn,sex_f,geo_cov_urb,mts_aggregate_total,2014,221.171
svn,sex_f,geo_cov_urb,mts_aggregate_total,2015,218.637
svn,sex_f,geo_cov_urb,mts_aggregate_total,2016,230.125
svn,sex_f,geo_cov_urb,mts_aggregate_total,2017,230.393
svn,sex_f,geo_cov_urb,mts_aggregate_total,2018,228.073
svn,sex_f,geo_cov_urb,mts_aggregate_total,2019,232.749
svn,sex_f,geo_cov_urb,mts_aggregate_total,2020,227.038
svn,sex_f,geo_cov_x,mts_aggregate_1,1996,0.369
svn,sex_f,geo_cov_x,mts_aggregate_total,1996,0.503
svn,sex_m,geo_cov_nat,mts_aggregate_1,1996,130.011
svn,sex_m,geo_cov_nat,mts_aggregate_1,2005,137.352
svn,sex_m,geo_cov_nat,mts_aggregate_1,2006,140.7
svn,sex_m,geo_cov_nat,mts_aggregate_1,2007,130.657
svn,sex_m,geo_cov_nat,mts_aggregate_1,2008,134.074
svn,sex_m,geo_cov_nat,mts_aggregate_1,2009,139.486
svn,sex_m,geo_cov_nat,mts_aggregate_1,2010,140.352
svn,sex_m,geo_cov_nat,mts_aggregate_1,2011,147.936
svn,sex_m,geo_cov_nat,mts_aggregate_1,2012,151.304
svn,sex_m,geo_cov_nat,mts_aggregate_1,2013,147.337
svn,sex_m,geo_cov_nat,mts_aggregate_1,2014,141.447
svn,sex_m,geo_cov_nat,mts_aggregate_1,2015,145.96
svn,sex_m,geo_cov_nat,mts_aggregate_1,2016,155.565
svn,sex_m,geo_cov_nat,mts_aggregate_1,2017,141.825
svn,sex_m,geo_cov_nat,mts_aggregate_1,2018,142.479
svn,sex_m,geo_cov_nat,mts_aggregate_1,2019,153.037
svn,sex_m,geo_cov_nat,mts_aggregate_1,2020,155.415
svn,sex_m,geo_cov_nat,mts_aggregate_2,1996,146.591
svn,sex_m,geo_cov_nat,mts_aggregate_2,2005,145.542
svn,sex_m,geo_cov_nat,mts_aggregate_2,2006,147.219
svn,sex_m,geo_cov_nat,mts_aggregate_2,2007,153.971
svn,sex_m,geo_cov_nat,mts_aggregate_2,2008,162.078
svn,sex_m,geo_cov_nat,mts_aggregate_2,2009,158.068
svn,sex_m,geo_cov_nat,mts_aggregate_2,2010,160.393
svn,sex_m,geo_cov_nat,mts_aggregate_2,2011,165.969
svn,sex_m,geo_cov_nat,mts_aggregate_2,2012,168.542
svn,sex_m,geo_cov_nat,mts_aggregate_2,2013,172.244
svn,sex_m,geo_cov_nat,mts_aggregate_2,2014,176.341
svn,sex_m,geo_cov_nat,mts_aggregate_2,2015,175.061
svn,sex_m,geo_cov_nat,mts_aggregate_2,2016,179.269
svn,sex_m,geo_cov_nat,mts_aggregate_2,2017,177.32
svn,sex_m,geo_cov_nat,mts_aggregate_2,2018,170.355
svn,sex_m,geo_cov_nat,mts_aggregate_2,2019,173.072
svn,sex_m,geo_cov_nat,mts_aggregate_2,2020,179.482
svn,sex_m,geo_cov_nat,mts_aggregate_total,1996,276.602
svn,sex_m,geo_cov_nat,mts_aggregate_total,2005,282.894
svn,sex_m,geo_cov_nat,mts_aggregate_total,2006,287.918
svn,sex_m,geo_cov_nat,mts_aggregate_total,2007,284.627
svn,sex_m,geo_cov_nat,mts_aggregate_total,2008,296.151
svn,sex_m,geo_cov_nat,mts_aggregate_total,2009,297.554
svn,sex_m,geo_cov_nat,mts_aggregate_total,2010,300.746
svn,sex_m,geo_cov_nat,mts_aggregate_total,2011,313.905
svn,sex_m,geo_cov_nat,mts_aggregate_total,2012,319.846
svn,sex_m,geo_cov_nat,mts_aggregate_total,2013,319.58
svn,sex_m,geo_cov_nat,mts_aggregate_total,2014,317.788
svn,sex_m,geo_cov_nat,mts_aggregate_total,2015,321.021
svn,sex_m,geo_cov_nat,mts_aggregate_total,2016,334.834
svn,sex_m,geo_cov_nat,mts_aggregate_total,2017,319.145
svn,sex_m,geo_cov_nat,mts_aggregate_total,2018,312.833
svn,sex_m,geo_cov_nat,mts_aggregate_total,2019,326.109
svn,sex_m,geo_cov_nat,mts_aggregate_total,2020,334.898
svn,sex_m,geo_cov_rur,mts_aggregate_1,1996,23.781
svn,sex_m,geo_cov_rur,mts_aggregate_1,2005,64.623
svn,sex_m,geo_cov_rur,mts_aggregate_1,2006,64.738
svn,sex_m,geo_cov_rur,mts_aggregate_1,2007,55.931
svn,sex_m,geo_cov_rur,mts_aggregate_1,2008,60.832
svn,sex_m,geo_cov_rur,mts_aggregate_1,2009,61.753
svn,sex_m,geo_cov_rur,mts_aggregate_1,2010,61.727
svn,sex_m,geo_cov_rur,mts_aggregate_1,2011,65.131
svn,sex_m,geo_cov_rur,mts_aggregate_1,2012,73.667
svn,sex_m,geo_cov_rur,mts_aggregate_1,2013,71.428
svn,sex_m,geo_cov_rur,mts_aggregate_1,2014,68.511
svn,sex_m,geo_cov_rur,mts_aggregate_1,2015,69.586
svn,sex_m,geo_cov_rur,mts_aggregate_1,2016,72.694
svn,sex_m,geo_cov_rur,mts_aggregate_1,2017,60.557
svn,sex_m,geo_cov_rur,mts_aggregate_1,2018,60.991
svn,sex_m,geo_cov_rur,mts_aggregate_1,2019,65.971
svn,sex_m,geo_cov_rur,mts_aggregate_1,2020,71.648
svn,sex_m,geo_cov_rur,mts_aggregate_2,1996,25.491
svn,sex_m,geo_cov_rur,mts_aggregate_2,2005,69.913
svn,sex_m,geo_cov_rur,mts_aggregate_2,2006,67.43
svn,sex_m,geo_cov_rur,mts_aggregate_2,2007,69.087
svn,sex_m,geo_cov_rur,mts_aggregate_2,2008,70.368
svn,sex_m,geo_cov_rur,mts_aggregate_2,2009,68.551
svn,sex_m,geo_cov_rur,mts_aggregate_2,2010,69.668
svn,sex_m,geo_cov_rur,mts_aggregate_2,2011,73.961
svn,sex_m,geo_cov_rur,mts_aggregate_2,2012,86.413
svn,sex_m,geo_cov_rur,mts_aggregate_2,2013,85.151
svn,sex_m,geo_cov_rur,mts_aggregate_2,2014,85.86
svn,sex_m,geo_cov_rur,mts_aggregate_2,2015,85.981
svn,sex_m,geo_cov_rur,mts_aggregate_2,2016,84.156
svn,sex_m,geo_cov_rur,mts_aggregate_2,2017,80.611
svn,sex_m,geo_cov_rur,mts_aggregate_2,2018,80.385
svn,sex_m,geo_cov_rur,mts_aggregate_2,2019,80.433
svn,sex_m,geo_cov_rur,mts_aggregate_2,2020,86.12
svn,sex_m,geo_cov_rur,mts_aggregate_total,1996,49.272
svn,sex_m,geo_cov_rur,mts_aggregate_total,2005,134.536
svn,sex_m,geo_cov_rur,mts_aggregate_total,2006,132.168
svn,sex_m,geo_cov_rur,mts_aggregate_total,2007,125.019
svn,sex_m,geo_cov_rur,mts_aggregate_total,2008,131.201
svn,sex_m,geo_cov_rur,mts_aggregate_total,2009,130.304
svn,sex_m,geo_cov_rur,mts_aggregate_total,2010,131.395
svn,sex_m,geo_cov_rur,mts_aggregate_total,2011,139.091
svn,sex_m,geo_cov_rur,mts_aggregate_total,2012,160.08
svn,sex_m,geo_cov_rur,mts_aggregate_total,2013,156.579
svn,sex_m,geo_cov_rur,mts_aggregate_total,2014,154.371
svn,sex_m,geo_cov_rur,mts_aggregate_total,2015,155.567
svn,sex_m,geo_cov_rur,mts_aggregate_total,2016,156.85
svn,sex_m,geo_cov_rur,mts_aggregate_total,2017,141.167
svn,sex_m,geo_cov_rur,mts_aggregate_total,2018,141.376
svn,sex_m,geo_cov_rur,mts_aggregate_total,2019,146.404
svn,sex_m,geo_cov_rur,mts_aggregate_total,2020,157.767
svn,sex_m,geo_cov_urb,mts_aggregate_1,1996,106.115
svn,sex_m,geo_cov_urb,mts_aggregate_1,2005,72.729
svn,sex_m,geo_cov_urb,mts_aggregate_1,2006,75.961
svn,sex_m,geo_cov_urb,mts_aggregate_1,2007,74.725
svn,sex_m,geo_cov_urb,mts_aggregate_1,2008,73.241
svn,sex_m,geo_cov_urb,mts_aggregate_1,2009,77.733
svn,sex_m,geo_cov_urb,mts_aggregate_1,2010,78.625
svn,sex_m,geo_cov_urb,mts_aggregate_1,2011,82.805
svn,sex_m,geo_cov_urb,mts_aggregate_1,2012,77.637
svn,sex_m,geo_cov_urb,mts_aggregate_1,2013,75.909
svn,sex_m,geo_cov_urb,mts_aggregate_1,2014,72.936
svn,sex_m,geo_cov_urb,mts_aggregate_1,2015,76.374
svn,sex_m,geo_cov_urb,mts_aggregate_1,2016,82.871
svn,sex_m,geo_cov_urb,mts_aggregate_1,2017,81.269
svn,sex_m,geo_cov_urb,mts_aggregate_1,2018,81.488
svn,sex_m,geo_cov_urb,mts_aggregate_1,2019,87.066
svn,sex_m,geo_cov_urb,mts_aggregate_1,2020,83.768
svn,sex_m,geo_cov_urb,mts_aggregate_2,1996,121.016
svn,sex_m,geo_cov_urb,mts_aggregate_2,2005,75.629
svn,sex_m,geo_cov_urb,mts_aggregate_2,2006,79.789
svn,sex_m,geo_cov_urb,mts_aggregate_2,2007,84.883
svn,sex_m,geo_cov_urb,mts_aggregate_2,2008,91.709
svn,sex_m,geo_cov_urb,mts_aggregate_2,2009,89.517
svn,sex_m,geo_cov_urb,mts_aggregate_2,2010,90.725
svn,sex_m,geo_cov_urb,mts_aggregate_2,2011,92.009
svn,sex_m,geo_cov_urb,mts_aggregate_2,2012,82.13
svn,sex_m,geo_cov_urb,mts_aggregate_2,2013,87.093
svn,sex_m,geo_cov_urb,mts_aggregate_2,2014,90.481
svn,sex_m,geo_cov_urb,mts_aggregate_2,2015,89.08
svn,sex_m,geo_cov_urb,mts_aggregate_2,2016,95.113
svn,sex_m,geo_cov_urb,mts_aggregate_2,2017,96.71
svn,sex_m,geo_cov_urb,mts_aggregate_2,2018,89.969
svn,sex_m,geo_cov_urb,mts_aggregate_2,2019,92.638
svn,sex_m,geo_cov_urb,mts_aggregate_2,2020,93.363
svn,sex_m,geo_cov_urb,mts_aggregate_total,1996,227.132
svn,sex_m,geo_cov_urb,mts_aggregate_total,2005,148.358
svn,sex_m,geo_cov_urb,mts_aggregate_total,2006,155.75
svn,sex_m,geo_cov_urb,mts_aggregate_total,2007,159.609
svn,sex_m,geo_cov_urb,mts_aggregate_total,2008,164.951
svn,sex_m,geo_cov_urb,mts_aggregate_total,2009,167.251
svn,sex_m,geo_cov_urb,mts_aggregate_total,2010,169.35
svn,sex_m,geo_cov_urb,mts_aggregate_total,2011,174.814
svn,sex_m,geo_cov_urb,mts_aggregate_total,2012,159.766
svn,sex_m,geo_cov_urb,mts_aggregate_total,2013,163.001
svn,sex_m,geo_cov_urb,mts_aggregate_total,2014,163.417
svn,sex_m,geo_cov_urb,mts_aggregate_total,2015,165.455
svn,sex_m,geo_cov_urb,mts_aggregate_total,2016,177.984
svn,sex_m,geo_cov_urb,mts_aggregate_total,2017,177.978
svn,sex_m,geo_cov_urb,mts_aggregate_total,2018,171.457
svn,sex_m,geo_cov_urb,mts_aggregate_total,2019,179.705
svn,sex_m,geo_cov_urb,mts_aggregate_total,2020,177.13
svn,sex_t,geo_cov_nat,mts_aggregate_1,1996,368.859
svn,sex_t,geo_cov_nat,mts_aggregate_1,2005,386.368
svn,sex_t,geo_cov_nat,mts_aggregate_1,2006,389.373
svn,sex_t,geo_cov_nat,mts_aggregate_1,2007,372.684
svn,sex_t,geo_cov_nat,mts_aggregate_1,2008,375.007
svn,sex_t,geo_cov_nat,mts_aggregate_1,2009,383.777
svn,sex_t,geo_cov_nat,mts_aggregate_1,2010,384.597
svn,sex_t,geo_cov_nat,mts_aggregate_1,2011,396.518
svn,sex_t,geo_cov_nat,mts_aggregate_1,2012,400.223
svn,sex_t,geo_cov_nat,mts_aggregate_1,2013,400.563
svn,sex_t,geo_cov_nat,mts_aggregate_1,2014,380.273
svn,sex_t,geo_cov_nat,mts_aggregate_1,2015,393.256
svn,sex_t,geo_cov_nat,mts_aggregate_1,2016,408.865
svn,sex_t,geo_cov_nat,mts_aggregate_1,2017,380.172
svn,sex_t,geo_cov_nat,mts_aggregate_1,2018,381.109
svn,sex_t,geo_cov_nat,mts_aggregate_1,2019,397.505
svn,sex_t,geo_cov_nat,mts_aggregate_1,2020,394.931
svn,sex_t,geo_cov_nat,mts_aggregate_2,1996,322.307
svn,sex_t,geo_cov_nat,mts_aggregate_2,2005,311.934
svn,sex_t,geo_cov_nat,mts_aggregate_2,2006,312.214
svn,sex_t,geo_cov_nat,mts_aggregate_2,2007,326.109
svn,sex_t,geo_cov_nat,mts_aggregate_2,2008,334.336
svn,sex_t,geo_cov_nat,mts_aggregate_2,2009,327.107
svn,sex_t,geo_cov_nat,mts_aggregate_2,2010,333.964
svn,sex_t,geo_cov_nat,mts_aggregate_2,2011,343.951
svn,sex_t,geo_cov_nat,mts_aggregate_2,2012,347.461
svn,sex_t,geo_cov_nat,mts_aggregate_2,2013,352.017
svn,sex_t,geo_cov_nat,mts_aggregate_2,2014,364.485
svn,sex_t,geo_cov_nat,mts_aggregate_2,2015,357.192
svn,sex_t,geo_cov_nat,mts_aggregate_2,2016,353.89
svn,sex_t,geo_cov_nat,mts_aggregate_2,2017,350.235
svn,sex_t,geo_cov_nat,mts_aggregate_2,2018,342.673
svn,sex_t,geo_cov_nat,mts_aggregate_2,2019,344.974
svn,sex_t,geo_cov_nat,mts_aggregate_2,2020,357.562
svn,sex_t,geo_cov_nat,mts_aggregate_total,1996,691.213
svn,sex_t,geo_cov_nat,mts_aggregate_total,2005,698.318
svn,sex_t,geo_cov_nat,mts_aggregate_total,2006,701.587
svn,sex_t,geo_cov_nat,mts_aggregate_total,2007,698.794
svn,sex_t,geo_cov_nat,mts_aggregate_total,2008,709.343
svn,sex_t,geo_cov_nat,mts_aggregate_total,2009,710.884
svn,sex_t,geo_cov_nat,mts_aggregate_total,2010,718.561
svn,sex_t,geo_cov_nat,mts_aggregate_total,2011,740.469
svn,sex_t,geo_cov_nat,mts_aggregate_total,2012,747.684
svn,sex_t,geo_cov_nat,mts_aggregate_total,2013,752.58
svn,sex_t,geo_cov_nat,mts_aggregate_total,2014,744.759
svn,sex_t,geo_cov_nat,mts_aggregate_total,2015,750.447
svn,sex_t,geo_cov_nat,mts_aggregate_total,2016,762.755
svn,sex_t,geo_cov_nat,mts_aggregate_total,2017,730.407
svn,sex_t,geo_cov_nat,mts_aggregate_total,2018,723.782
svn,sex_t,geo_cov_nat,mts_aggregate_total,2019,742.478
svn,sex_t,geo_cov_nat,mts_aggregate_total,2020,752.493
svn,sex_t,geo_cov_rur,mts_aggregate_1,1996,71.56
svn,sex_t,geo_cov_rur,mts_aggregate_1,2005,185.282
svn,sex_t,geo_cov_rur,mts_aggregate_1,2006,179.531
svn,sex_t,geo_cov_rur,mts_aggregate_1,2007,163.626
svn,sex_t,geo_cov_rur,mts_aggregate_1,2008,168.116
svn,sex_t,geo_cov_rur,mts_aggregate_1,2009,170.511
svn,sex_t,geo_cov_rur,mts_aggregate_1,2010,169.748
svn,sex_t,geo_cov_rur,mts_aggregate_1,2011,172.312
svn,sex_t,geo_cov_rur,mts_aggregate_1,2012,190.647
svn,sex_t,geo_cov_rur,mts_aggregate_1,2013,193.042
svn,sex_t,geo_cov_rur,mts_aggregate_1,2014,181.774
svn,sex_t,geo_cov_rur,mts_aggregate_1,2015,188.606
svn,sex_t,geo_cov_rur,mts_aggregate_1,2016,187.165
svn,sex_t,geo_cov_rur,mts_aggregate_1,2017,163.898
svn,sex_t,geo_cov_rur,mts_aggregate_1,2018,165.13
svn,sex_t,geo_cov_rur,mts_aggregate_1,2019,171.51
svn,sex_t,geo_cov_rur,mts_aggregate_1,2020,181.378
svn,sex_t,geo_cov_rur,mts_aggregate_2,1996,59.643
svn,sex_t,geo_cov_rur,mts_aggregate_2,2005,150.115
svn,sex_t,geo_cov_rur,mts_aggregate_2,2006,142.335
svn,sex_t,geo_cov_rur,mts_aggregate_2,2007,146.165
svn,sex_t,geo_cov_rur,mts_aggregate_2,2008,146.273
svn,sex_t,geo_cov_rur,mts_aggregate_2,2009,139.414
svn,sex_t,geo_cov_rur,mts_aggregate_2,2010,143.716
svn,sex_t,geo_cov_rur,mts_aggregate_2,2011,152.76
svn,sex_t,geo_cov_rur,mts_aggregate_2,2012,176.857
svn,sex_t,geo_cov_rur,mts_aggregate_2,2013,173.722
svn,sex_t,geo_cov_rur,mts_aggregate_2,2014,178.397
svn,sex_t,geo_cov_rur,mts_aggregate_2,2015,177.749
svn,sex_t,geo_cov_rur,mts_aggregate_2,2016,167.48
svn,sex_t,geo_cov_rur,mts_aggregate_2,2017,158.138
svn,sex_t,geo_cov_rur,mts_aggregate_2,2018,159.122
svn,sex_t,geo_cov_rur,mts_aggregate_2,2019,158.515
svn,sex_t,geo_cov_rur,mts_aggregate_2,2020,166.947
svn,sex_t,geo_cov_rur,mts_aggregate_total,1996,131.202
svn,sex_t,geo_cov_rur,mts_aggregate_total,2005,335.397
svn,sex_t,geo_cov_rur,mts_aggregate_total,2006,321.866
svn,sex_t,geo_cov_rur,mts_aggregate_total,2007,309.79
svn,sex_t,geo_cov_rur,mts_aggregate_total,2008,314.389
svn,sex_t,geo_cov_rur,mts_aggregate_total,2009,309.925
svn,sex_t,geo_cov_rur,mts_aggregate_total,2010,313.464
svn,sex_t,geo_cov_rur,mts_aggregate_total,2011,325.072
svn,sex_t,geo_cov_rur,mts_aggregate_total,2012,367.503
svn,sex_t,geo_cov_rur,mts_aggregate_total,2013,366.764
svn,sex_t,geo_cov_rur,mts_aggregate_total,2014,360.171
svn,sex_t,geo_cov_rur,mts_aggregate_total,2015,366.356
svn,sex_t,geo_cov_rur,mts_aggregate_total,2016,354.646
svn,sex_t,geo_cov_rur,mts_aggregate_total,2017,322.036
svn,sex_t,geo_cov_rur,mts_aggregate_total,2018,324.252
svn,sex_t,geo_cov_rur,mts_aggregate_total,2019,330.025
svn,sex_t,geo_cov_rur,mts_aggregate_total,2020,348.325
svn,sex_t,geo_cov_urb,mts_aggregate_1,1996,296.815
svn,sex_t,geo_cov_urb,mts_aggregate_1,2005,201.086
svn,sex_t,geo_cov_urb,mts_aggregate_1,2006,209.842
svn,sex_t,geo_cov_urb,mts_aggregate_1,2007,209.059
svn,sex_t,geo_cov_urb,mts_aggregate_1,2008,206.891
svn,sex_t,geo_cov_urb,mts_aggregate_1,2009,213.266
svn,sex_t,geo_cov_urb,mts_aggregate_1,2010,214.849
svn,sex_t,geo_cov_urb,mts_aggregate_1,2011,224.207
svn,sex_t,geo_cov_urb,mts_aggregate_1,2012,209.576
svn,sex_t,geo_cov_urb,mts_aggregate_1,2013,207.521
svn,sex_t,geo_cov_urb,mts_aggregate_1,2014,198.499
svn,sex_t,geo_cov_urb,mts_aggregate_1,2015,204.65
svn,sex_t,geo_cov_urb,mts_aggregate_1,2016,221.699
svn,sex_t,geo_cov_urb,mts_aggregate_1,2017,216.274
svn,sex_t,geo_cov_urb,mts_aggregate_1,2018,215.978
svn,sex_t,geo_cov_urb,mts_aggregate_1,2019,225.995
svn,sex_t,geo_cov_urb,mts_aggregate_1,2020,213.553
svn,sex_t,geo_cov_urb,mts_aggregate_2,1996,262.447
svn,sex_t,geo_cov_urb,mts_aggregate_2,2005,161.819
svn,sex_t,geo_cov_urb,mts_aggregate_2,2006,169.879
svn,sex_t,geo_cov_urb,mts_aggregate_2,2007,179.944
svn,sex_t,geo_cov_urb,mts_aggregate_2,2008,188.063
svn,sex_t,geo_cov_urb,mts_aggregate_2,2009,187.693
svn,sex_t,geo_cov_urb,mts_aggregate_2,2010,190.248
svn,sex_t,geo_cov_urb,mts_aggregate_2,2011,191.191
svn,sex_t,geo_cov_urb,mts_aggregate_2,2012,170.605
svn,sex_t,geo_cov_urb,mts_aggregate_2,2013,178.295
svn,sex_t,geo_cov_urb,mts_aggregate_2,2014,186.089
svn,sex_t,geo_cov_urb,mts_aggregate_2,2015,179.442
svn,sex_t,geo_cov_urb,mts_aggregate_2,2016,186.41
svn,sex_t,geo_cov_urb,mts_aggregate_2,2017,192.097
svn,sex_t,geo_cov_urb,mts_aggregate_2,2018,183.551
svn,sex_t,geo_cov_urb,mts_aggregate_2,2019,186.459
svn,sex_t,geo_cov_urb,mts_aggregate_2,2020,190.615
svn,sex_t,geo_cov_urb,mts_aggregate_total,1996,559.308
svn,sex_t,geo_cov_urb,mts_aggregate_total,2005,362.922
svn,sex_t,geo_cov_urb,mts_aggregate_total,2006,379.721
svn,sex_t,geo_cov_urb,mts_aggregate_total,2007,389.003
svn,sex_t,geo_cov_urb,mts_aggregate_total,2008,394.954
svn,sex_t,geo_cov_urb,mts_aggregate_total,2009,400.959
svn,sex_t,geo_cov_urb,mts_aggregate_total,2010,405.097
svn,sex_t,geo_cov_urb,mts_aggregate_total,2011,415.397
svn,sex_t,geo_cov_urb,mts_aggregate_total,2012,380.181
svn,sex_t,geo_cov_urb,mts_aggregate_total,2013,385.816
svn,sex_t,geo_cov_urb,mts_aggregate_total,2014,384.588
svn,sex_t,geo_cov_urb,mts_aggregate_total,2015,384.092
svn,sex_t,geo_cov_urb,mts_aggregate_total,2016,408.109
svn,sex_t,geo_cov_urb,mts_aggregate_total,2017,408.371
svn,sex_t,geo_cov_urb,mts_aggregate_total,2018,399.529
svn,sex_t,geo_cov_urb,mts_aggregate_total,2019,412.454
svn,sex_t,geo_cov_urb,mts_aggregate_total,2020,404.169
svn,sex_t,geo_cov_x,mts_aggregate_1,1996,0.484
svn,sex_t,geo_cov_x,mts_aggregate_2,1996,0.218
svn,sex_t,geo_cov_x,mts_aggregate_total,1996,0.702
swe,sex_f,geo_cov_nat,mts_aggregate_1,1995,626.616
swe,sex_f,geo_cov_nat,mts_aggregate_1,1996,978.327
swe,sex_f,geo_cov_nat,mts_aggregate_1,1997,1006.857
swe,sex_f,geo_cov_nat,mts_aggregate_1,1998,1058.524
swe,sex_f,geo_cov_nat,mts_aggregate_1,1999,1033.07
swe,sex_f,geo_cov_nat,mts_aggregate_1,2000,1043.623
swe,sex_f,geo_cov_nat,mts_aggregate_1,2001,968.399
swe,sex_f,geo_cov_nat,mts_aggregate_1,2002,973.905
swe,sex_f,geo_cov_nat,mts_aggregate_1,2003,986.276
swe,sex_f,geo_cov_nat,mts_aggregate_1,2004,992.402
swe,sex_f,geo_cov_nat,mts_aggregate_1,2005,977.252
swe,sex_f,geo_cov_nat,mts_aggregate_1,2006,979.014
swe,sex_f,geo_cov_nat,mts_aggregate_1,2007,971.653
swe,sex_f,geo_cov_nat,mts_aggregate_1,2008,978.217
swe,sex_f,geo_cov_nat,mts_aggregate_1,2009,997.305
swe,sex_f,geo_cov_nat,mts_aggregate_1,2010,659.149
swe,sex_f,geo_cov_nat,mts_aggregate_1,2011,646.602
swe,sex_f,geo_cov_nat,mts_aggregate_1,2012,654.163
swe,sex_f,geo_cov_nat,mts_aggregate_1,2013,645.203
swe,sex_f,geo_cov_nat,mts_aggregate_1,2014,631.831
swe,sex_f,geo_cov_nat,mts_aggregate_1,2015,615.902
swe,sex_f,geo_cov_nat,mts_aggregate_1,2016,620.469
swe,sex_f,geo_cov_nat,mts_aggregate_1,2017,609.505
swe,sex_f,geo_cov_nat,mts_aggregate_1,2018,610.147
swe,sex_f,geo_cov_nat,mts_aggregate_1,2019,612.847
swe,sex_f,geo_cov_nat,mts_aggregate_1,2020,622.695
swe,sex_f,geo_cov_nat,mts_aggregate_2,1995,454.944
swe,sex_f,geo_cov_nat,mts_aggregate_2,1996,586.221
swe,sex_f,geo_cov_nat,mts_aggregate_2,1997,589.238
swe,sex_f,geo_cov_nat,mts_aggregate_2,1998,594.308
swe,sex_f,geo_cov_nat,mts_aggregate_2,1999,568.418
swe,sex_f,geo_cov_nat,mts_aggregate_2,2000,558.9
swe,sex_f,geo_cov_nat,mts_aggregate_2,2001,562.122
swe,sex_f,geo_cov_nat,mts_aggregate_2,2002,560.026
swe,sex_f,geo_cov_nat,mts_aggregate_2,2003,548.606
swe,sex_f,geo_cov_nat,mts_aggregate_2,2004,563.522
swe,sex_f,geo_cov_nat,mts_aggregate_2,2005,570.982
swe,sex_f,geo_cov_nat,mts_aggregate_2,2006,578.093
swe,sex_f,geo_cov_nat,mts_aggregate_2,2007,581.288
swe,sex_f,geo_cov_nat,mts_aggregate_2,2008,583.693
swe,sex_f,geo_cov_nat,mts_aggregate_2,2009,593.12
swe,sex_f,geo_cov_nat,mts_aggregate_2,2010,481.295
swe,sex_f,geo_cov_nat,mts_aggregate_2,2011,474.639
swe,sex_f,geo_cov_nat,mts_aggregate_2,2012,459.602
swe,sex_f,geo_cov_nat,mts_aggregate_2,2013,460.518
swe,sex_f,geo_cov_nat,mts_aggregate_2,2014,465.325
swe,sex_f,geo_cov_nat,mts_aggregate_2,2015,474.044
swe,sex_f,geo_cov_nat,mts_aggregate_2,2016,471.702
swe,sex_f,geo_cov_nat,mts_aggregate_2,2017,473.715
swe,sex_f,geo_cov_nat,mts_aggregate_2,2018,462.557
swe,sex_f,geo_cov_nat,mts_aggregate_2,2019,452.607
swe,sex_f,geo_cov_nat,mts_aggregate_2,2020,470.427
swe,sex_f,geo_cov_nat,mts_aggregate_total,1995,1083.471
swe,sex_f,geo_cov_nat,mts_aggregate_total,1996,1564.548
swe,sex_f,geo_cov_nat,mts_aggregate_total,1997,1596.095
swe,sex_f,geo_cov_nat,mts_aggregate_total,1998,1652.832
swe,sex_f,geo_cov_nat,mts_aggregate_total,1999,1601.488
swe,sex_f,geo_cov_nat,mts_aggregate_total,2000,1603.8
swe,sex_f,geo_cov_nat,mts_aggregate_total,2001,1530.521
swe,sex_f,geo_cov_nat,mts_aggregate_total,2002,1533.93
swe,sex_f,geo_cov_nat,mts_aggregate_total,2003,1534.882
swe,sex_f,geo_cov_nat,mts_aggregate_total,2004,1555.924
swe,sex_f,geo_cov_nat,mts_aggregate_total,2005,1548.34
swe,sex_f,geo_cov_nat,mts_aggregate_total,2006,1557.107
swe,sex_f,geo_cov_nat,mts_aggregate_total,2007,1552.941
swe,sex_f,geo_cov_nat,mts_aggregate_total,2008,1561.909
swe,sex_f,geo_cov_nat,mts_aggregate_total,2009,1591.054
swe,sex_f,geo_cov_nat,mts_aggregate_total,2010,1141.357
swe,sex_f,geo_cov_nat,mts_aggregate_total,2011,1123.119
swe,sex_f,geo_cov_nat,mts_aggregate_total,2012,1115.685
swe,sex_f,geo_cov_nat,mts_aggregate_total,2013,1107.267
swe,sex_f,geo_cov_nat,mts_aggregate_total,2014,1098.903
swe,sex_f,geo_cov_nat,mts_aggregate_total,2015,1091.82
swe,sex_f,geo_cov_nat,mts_aggregate_total,2016,1094.16
swe,sex_f,geo_cov_nat,mts_aggregate_total,2017,1084.575
swe,sex_f,geo_cov_nat,mts_aggregate_total,2018,1077.115
swe,sex_f,geo_cov_nat,mts_aggregate_total,2019,1068.377
swe,sex_f,geo_cov_nat,mts_aggregate_total,2020,1095.777
swe,sex_f,geo_cov_nat,mts_aggregate_x,2009,0.629
swe,sex_f,geo_cov_nat,mts_aggregate_x,2010,0.913
swe,sex_f,geo_cov_nat,mts_aggregate_x,2011,1.879
swe,sex_f,geo_cov_nat,mts_aggregate_x,2012,1.92
swe,sex_f,geo_cov_nat,mts_aggregate_x,2013,1.546
swe,sex_f,geo_cov_nat,mts_aggregate_x,2014,1.747
swe,sex_f,geo_cov_nat,mts_aggregate_x,2015,1.874
swe,sex_f,geo_cov_nat,mts_aggregate_x,2016,1.989
swe,sex_f,geo_cov_nat,mts_aggregate_x,2017,1.355
swe,sex_f,geo_cov_nat,mts_aggregate_x,2018,4.411
swe,sex_f,geo_cov_nat,mts_aggregate_x,2019,2.923
swe,sex_f,geo_cov_nat,mts_aggregate_x,2020,2.656
swe,sex_f,geo_cov_rur,mts_aggregate_1,1995,378.561
swe,sex_f,geo_cov_rur,mts_aggregate_1,1996,372.841
swe,sex_f,geo_cov_rur,mts_aggregate_1,1997,394.093
swe,sex_f,geo_cov_rur,mts_aggregate_1,1998,454.292
swe,sex_f,geo_cov_rur,mts_aggregate_1,1999,425.828
swe,sex_f,geo_cov_rur,mts_aggregate_1,2000,408.65
swe,sex_f,geo_cov_rur,mts_aggregate_1,2001,391.717
swe,sex_f,geo_cov_rur,mts_aggregate_1,2002,405.538
swe,sex_f,geo_cov_rur,mts_aggregate_1,2003,426.616
swe,sex_f,geo_cov_rur,mts_aggregate_1,2004,418.752
swe,sex_f,geo_cov_rur,mts_aggregate_1,2005,380.876
swe,sex_f,geo_cov_rur,mts_aggregate_1,2006,382.827
swe,sex_f,geo_cov_rur,mts_aggregate_1,2007,381.457
swe,sex_f,geo_cov_rur,mts_aggregate_1,2008,395.082
swe,sex_f,geo_cov_rur,mts_aggregate_1,2009,411.993
swe,sex_f,geo_cov_rur,mts_aggregate_1,2010,419.13
swe,sex_f,geo_cov_rur,mts_aggregate_1,2011,398.583
swe,sex_f,geo_cov_rur,mts_aggregate_1,2012,190.133
swe,sex_f,geo_cov_rur,mts_aggregate_1,2013,183.456
swe,sex_f,geo_cov_rur,mts_aggregate_1,2014,175.839
swe,sex_f,geo_cov_rur,mts_aggregate_1,2015,167.676
swe,sex_f,geo_cov_rur,mts_aggregate_1,2016,178.204
swe,sex_f,geo_cov_rur,mts_aggregate_1,2017,167.011
swe,sex_f,geo_cov_rur,mts_aggregate_1,2018,160.691
swe,sex_f,geo_cov_rur,mts_aggregate_1,2019,152.524
swe,sex_f,geo_cov_rur,mts_aggregate_1,2020,161.842
swe,sex_f,geo_cov_rur,mts_aggregate_2,1995,307.892
swe,sex_f,geo_cov_rur,mts_aggregate_2,1996,317.421
swe,sex_f,geo_cov_rur,mts_aggregate_2,1997,323.556
swe,sex_f,geo_cov_rur,mts_aggregate_2,1998,338.826
swe,sex_f,geo_cov_rur,mts_aggregate_2,1999,312.242
swe,sex_f,geo_cov_rur,mts_aggregate_2,2000,298.856
swe,sex_f,geo_cov_rur,mts_aggregate_2,2001,304.512
swe,sex_f,geo_cov_rur,mts_aggregate_2,2002,289.618
swe,sex_f,geo_cov_rur,mts_aggregate_2,2003,296.417
swe,sex_f,geo_cov_rur,mts_aggregate_2,2004,298.082
swe,sex_f,geo_cov_rur,mts_aggregate_2,2005,298.061
swe,sex_f,geo_cov_rur,mts_aggregate_2,2006,293.765
swe,sex_f,geo_cov_rur,mts_aggregate_2,2007,293.821
swe,sex_f,geo_cov_rur,mts_aggregate_2,2008,295.826
swe,sex_f,geo_cov_rur,mts_aggregate_2,2009,296.321
swe,sex_f,geo_cov_rur,mts_aggregate_2,2010,311.936
swe,sex_f,geo_cov_rur,mts_aggregate_2,2011,309.704
swe,sex_f,geo_cov_rur,mts_aggregate_2,2012,158.346
swe,sex_f,geo_cov_rur,mts_aggregate_2,2013,154.43
swe,sex_f,geo_cov_rur,mts_aggregate_2,2014,153.771
swe,sex_f,geo_cov_rur,mts_aggregate_2,2015,163.328
swe,sex_f,geo_cov_rur,mts_aggregate_2,2016,160.405
swe,sex_f,geo_cov_rur,mts_aggregate_2,2017,149.027
swe,sex_f,geo_cov_rur,mts_aggregate_2,2018,147.057
swe,sex_f,geo_cov_rur,mts_aggregate_2,2019,156.387
swe,sex_f,geo_cov_rur,mts_aggregate_2,2020,164.338
swe,sex_f,geo_cov_rur,mts_aggregate_total,1995,688.364
swe,sex_f,geo_cov_rur,mts_aggregate_total,1996,690.262
swe,sex_f,geo_cov_rur,mts_aggregate_total,1997,717.648
swe,sex_f,geo_cov_rur,mts_aggregate_total,1998,793.118
swe,sex_f,geo_cov_rur,mts_aggregate_total,1999,738.069
swe,sex_f,geo_cov_rur,mts_aggregate_total,2000,708.426
swe,sex_f,geo_cov_rur,mts_aggregate_total,2001,696.229
swe,sex_f,geo_cov_rur,mts_aggregate_total,2002,695.156
swe,sex_f,geo_cov_rur,mts_aggregate_total,2003,723.033
swe,sex_f,geo_cov_rur,mts_aggregate_total,2004,716.834
swe,sex_f,geo_cov_rur,mts_aggregate_total,2005,679.042
swe,sex_f,geo_cov_rur,mts_aggregate_total,2006,676.592
swe,sex_f,geo_cov_rur,mts_aggregate_total,2007,675.278
swe,sex_f,geo_cov_rur,mts_aggregate_total,2008,690.908
swe,sex_f,geo_cov_rur,mts_aggregate_total,2009,708.314
swe,sex_f,geo_cov_rur,mts_aggregate_total,2010,731.387
swe,sex_f,geo_cov_rur,mts_aggregate_total,2011,709.193
swe,sex_f,geo_cov_rur,mts_aggregate_total,2012,348.978
swe,sex_f,geo_cov_rur,mts_aggregate_total,2013,338.065
swe,sex_f,geo_cov_rur,mts_aggregate_total,2014,329.984
swe,sex_f,geo_cov_rur,mts_aggregate_total,2015,331.556
swe,sex_f,geo_cov_rur,mts_aggregate_total,2016,339.158
swe,sex_f,geo_cov_rur,mts_aggregate_total,2017,316.559
swe,sex_f,geo_cov_rur,mts_aggregate_total,2018,309.16
swe,sex_f,geo_cov_rur,mts_aggregate_total,2019,309.536
swe,sex_f,geo_cov_rur,mts_aggregate_total,2020,326.414
swe,sex_f,geo_cov_rur,mts_aggregate_x,2009,0
swe,sex_f,geo_cov_rur,mts_aggregate_x,2010,0.321
swe,sex_f,geo_cov_rur,mts_aggregate_x,2011,0.906
swe,sex_f,geo_cov_rur,mts_aggregate_x,2012,0.499
swe,sex_f,geo_cov_rur,mts_aggregate_x,2013,0.179
swe,sex_f,geo_cov_rur,mts_aggregate_x,2014,0.374
swe,sex_f,geo_cov_rur,mts_aggregate_x,2015,0.551
swe,sex_f,geo_cov_rur,mts_aggregate_x,2016,0.55
swe,sex_f,geo_cov_rur,mts_aggregate_x,2017,0.522
swe,sex_f,geo_cov_rur,mts_aggregate_x,2018,1.412
swe,sex_f,geo_cov_rur,mts_aggregate_x,2019,0.624
swe,sex_f,geo_cov_urb,mts_aggregate_1,1995,198.055
swe,sex_f,geo_cov_urb,mts_aggregate_1,1996,206.285
swe,sex_f,geo_cov_urb,mts_aggregate_1,1997,213.564
swe,sex_f,geo_cov_urb,mts_aggregate_1,1998,201.176
swe,sex_f,geo_cov_urb,mts_aggregate_1,1999,203.958
swe,sex_f,geo_cov_urb,mts_aggregate_1,2000,227.904
swe,sex_f,geo_cov_urb,mts_aggregate_1,2001,218.695
swe,sex_f,geo_cov_urb,mts_aggregate_1,2002,211.527
swe,sex_f,geo_cov_urb,mts_aggregate_1,2003,202.82
swe,sex_f,geo_cov_urb,mts_aggregate_1,2004,219.101
swe,sex_f,geo_cov_urb,mts_aggregate_1,2005,242.633
swe,sex_f,geo_cov_urb,mts_aggregate_1,2006,242.837
swe,sex_f,geo_cov_urb,mts_aggregate_1,2007,238.177
swe,sex_f,geo_cov_urb,mts_aggregate_1,2008,233.993
swe,sex_f,geo_cov_urb,mts_aggregate_1,2009,241.821
swe,sex_f,geo_cov_urb,mts_aggregate_1,2010,240.02
swe,sex_f,geo_cov_urb,mts_aggregate_1,2011,248.018
swe,sex_f,geo_cov_urb,mts_aggregate_1,2012,464.03
swe,sex_f,geo_cov_urb,mts_aggregate_1,2013,461.747
swe,sex_f,geo_cov_urb,mts_aggregate_1,2014,455.992
swe,sex_f,geo_cov_urb,mts_aggregate_1,2015,448.226
swe,sex_f,geo_cov_urb,mts_aggregate_1,2016,442.266
swe,sex_f,geo_cov_urb,mts_aggregate_1,2017,442.494
swe,sex_f,geo_cov_urb,mts_aggregate_1,2018,449.457
swe,sex_f,geo_cov_urb,mts_aggregate_1,2019,460.323
swe,sex_f,geo_cov_urb,mts_aggregate_1,2020,460.853
swe,sex_f,geo_cov_urb,mts_aggregate_2,1995,147.052
swe,sex_f,geo_cov_urb,mts_aggregate_2,1996,150.562
swe,sex_f,geo_cov_urb,mts_aggregate_2,1997,147.445
swe,sex_f,geo_cov_urb,mts_aggregate_2,1998,134.461
swe,sex_f,geo_cov_urb,mts_aggregate_2,1999,133.225
swe,sex_f,geo_cov_urb,mts_aggregate_2,2000,134.476
swe,sex_f,geo_cov_urb,mts_aggregate_2,2001,132.042
swe,sex_f,geo_cov_urb,mts_aggregate_2,2002,141.285
swe,sex_f,geo_cov_urb,mts_aggregate_2,2003,123.066
swe,sex_f,geo_cov_urb,mts_aggregate_2,2004,135.307
swe,sex_f,geo_cov_urb,mts_aggregate_2,2005,140.1
swe,sex_f,geo_cov_urb,mts_aggregate_2,2006,150.373
swe,sex_f,geo_cov_urb,mts_aggregate_2,2007,152.735
swe,sex_f,geo_cov_urb,mts_aggregate_2,2008,152.073
swe,sex_f,geo_cov_urb,mts_aggregate_2,2009,161.101
swe,sex_f,geo_cov_urb,mts_aggregate_2,2010,169.359
swe,sex_f,geo_cov_urb,mts_aggregate_2,2011,164.935
swe,sex_f,geo_cov_urb,mts_aggregate_2,2012,301.257
swe,sex_f,geo_cov_urb,mts_aggregate_2,2013,306.088
swe,sex_f,geo_cov_urb,mts_aggregate_2,2014,311.554
swe,sex_f,geo_cov_urb,mts_aggregate_2,2015,310.716
swe,sex_f,geo_cov_urb,mts_aggregate_2,2016,311.297
swe,sex_f,geo_cov_urb,mts_aggregate_2,2017,324.688
swe,sex_f,geo_cov_urb,mts_aggregate_2,2018,315.5
swe,sex_f,geo_cov_urb,mts_aggregate_2,2019,296.219
swe,sex_f,geo_cov_urb,mts_aggregate_2,2020,306.089
swe,sex_f,geo_cov_urb,mts_aggregate_total,1995,345.108
swe,sex_f,geo_cov_urb,mts_aggregate_total,1996,356.847
swe,sex_f,geo_cov_urb,mts_aggregate_total,1997,361.008
swe,sex_f,geo_cov_urb,mts_aggregate_total,1998,335.637
swe,sex_f,geo_cov_urb,mts_aggregate_total,1999,337.183
swe,sex_f,geo_cov_urb,mts_aggregate_total,2000,362.738
swe,sex_f,geo_cov_urb,mts_aggregate_total,2001,350.737
swe,sex_f,geo_cov_urb,mts_aggregate_total,2002,352.812
swe,sex_f,geo_cov_urb,mts_aggregate_total,2003,325.887
swe,sex_f,geo_cov_urb,mts_aggregate_total,2004,354.409
swe,sex_f,geo_cov_urb,mts_aggregate_total,2005,382.733
swe,sex_f,geo_cov_urb,mts_aggregate_total,2006,393.21
swe,sex_f,geo_cov_urb,mts_aggregate_total,2007,390.912
swe,sex_f,geo_cov_urb,mts_aggregate_total,2008,386.065
swe,sex_f,geo_cov_urb,mts_aggregate_total,2009,403.551
swe,sex_f,geo_cov_urb,mts_aggregate_total,2010,409.971
swe,sex_f,geo_cov_urb,mts_aggregate_total,2011,413.926
swe,sex_f,geo_cov_urb,mts_aggregate_total,2012,766.708
swe,sex_f,geo_cov_urb,mts_aggregate_total,2013,769.202
swe,sex_f,geo_cov_urb,mts_aggregate_total,2014,768.919
swe,sex_f,geo_cov_urb,mts_aggregate_total,2015,760.265
swe,sex_f,geo_cov_urb,mts_aggregate_total,2016,755.002
swe,sex_f,geo_cov_urb,mts_aggregate_total,2017,768.015
swe,sex_f,geo_cov_urb,mts_aggregate_total,2018,767.955
swe,sex_f,geo_cov_urb,mts_aggregate_total,2019,758.842
swe,sex_f,geo_cov_urb,mts_aggregate_total,2020,769.363
swe,sex_f,geo_cov_urb,mts_aggregate_x,2009,0.629
swe,sex_f,geo_cov_urb,mts_aggregate_x,2010,0.592
swe,sex_f,geo_cov_urb,mts_aggregate_x,2011,0.973
swe,sex_f,geo_cov_urb,mts_aggregate_x,2012,1.421
swe,sex_f,geo_cov_urb,mts_aggregate_x,2013,1.367
swe,sex_f,geo_cov_urb,mts_aggregate_x,2014,1.373
swe,sex_f,geo_cov_urb,mts_aggregate_x,2015,1.323
swe,sex_f,geo_cov_urb,mts_aggregate_x,2016,1.439
swe,sex_f,geo_cov_urb,mts_aggregate_x,2017,0.833
swe,sex_f,geo_cov_urb,mts_aggregate_x,2018,2.999
swe,sex_f,geo_cov_urb,mts_aggregate_x,2019,2.3
swe,sex_f,geo_cov_urb,mts_aggregate_x,2020,2.421
swe,sex_f,geo_cov_x,mts_aggregate_1,1995,50
swe,sex_f,geo_cov_x,mts_aggregate_1,1996,399.201
swe,sex_f,geo_cov_x,mts_aggregate_1,1997,399.201
swe,sex_f,geo_cov_x,mts_aggregate_1,1998,403.056
swe,sex_f,geo_cov_x,mts_aggregate_1,1999,403.285
swe,sex_f,geo_cov_x,mts_aggregate_1,2000,407.069
swe,sex_f,geo_cov_x,mts_aggregate_1,2001,357.987
swe,sex_f,geo_cov_x,mts_aggregate_1,2002,356.84
swe,sex_f,geo_cov_x,mts_aggregate_1,2003,356.84
swe,sex_f,geo_cov_x,mts_aggregate_1,2004,354.549
swe,sex_f,geo_cov_x,mts_aggregate_1,2005,353.744
swe,sex_f,geo_cov_x,mts_aggregate_1,2006,353.35
swe,sex_f,geo_cov_x,mts_aggregate_1,2007,352.02
swe,sex_f,geo_cov_x,mts_aggregate_1,2008,349.142
swe,sex_f,geo_cov_x,mts_aggregate_1,2009,343.491
swe,sex_f,geo_cov_x,mts_aggregate_2,1996,118.238
swe,sex_f,geo_cov_x,mts_aggregate_2,1997,118.238
swe,sex_f,geo_cov_x,mts_aggregate_2,1998,121.021
swe,sex_f,geo_cov_x,mts_aggregate_2,1999,122.952
swe,sex_f,geo_cov_x,mts_aggregate_2,2000,125.568
swe,sex_f,geo_cov_x,mts_aggregate_2,2001,125.568
swe,sex_f,geo_cov_x,mts_aggregate_2,2002,129.123
swe,sex_f,geo_cov_x,mts_aggregate_2,2003,129.123
swe,sex_f,geo_cov_x,mts_aggregate_2,2004,130.132
swe,sex_f,geo_cov_x,mts_aggregate_2,2005,132.821
swe,sex_f,geo_cov_x,mts_aggregate_2,2006,133.955
swe,sex_f,geo_cov_x,mts_aggregate_2,2007,134.732
swe,sex_f,geo_cov_x,mts_aggregate_2,2008,135.794
swe,sex_f,geo_cov_x,mts_aggregate_2,2009,135.698
swe,sex_f,geo_cov_x,mts_aggregate_total,1995,50
swe,sex_f,geo_cov_x,mts_aggregate_total,1996,517.439
swe,sex_f,geo_cov_x,mts_aggregate_total,1997,517.439
swe,sex_f,geo_cov_x,mts_aggregate_total,1998,524.077
swe,sex_f,geo_cov_x,mts_aggregate_total,1999,526.236
swe,sex_f,geo_cov_x,mts_aggregate_total,2000,532.636
swe,sex_f,geo_cov_x,mts_aggregate_total,2001,483.554
swe,sex_f,geo_cov_x,mts_aggregate_total,2002,485.963
swe,sex_f,geo_cov_x,mts_aggregate_total,2003,485.963
swe,sex_f,geo_cov_x,mts_aggregate_total,2004,484.681
swe,sex_f,geo_cov_x,mts_aggregate_total,2005,486.565
swe,sex_f,geo_cov_x,mts_aggregate_total,2006,487.305
swe,sex_f,geo_cov_x,mts_aggregate_total,2007,486.752
swe,sex_f,geo_cov_x,mts_aggregate_total,2008,484.936
swe,sex_f,geo_cov_x,mts_aggregate_total,2009,479.189
swe,sex_m,geo_cov_nat,mts_aggregate_1,1995,551.941
swe,sex_m,geo_cov_nat,mts_aggregate_1,1996,675.875
swe,sex_m,geo_cov_nat,mts_aggregate_1,1997,679.538
swe,sex_m,geo_cov_nat,mts_aggregate_1,1998,681.389
swe,sex_m,geo_cov_nat,mts_aggregate_1,1999,669.815
swe,sex_m,geo_cov_nat,mts_aggregate_1,2000,709.133
swe,sex_m,geo_cov_nat,mts_aggregate_1,2001,637.534
swe,sex_m,geo_cov_nat,mts_aggregate_1,2002,668.064
swe,sex_m,geo_cov_nat,mts_aggregate_1,2003,666.994
swe,sex_m,geo_cov_nat,mts_aggregate_1,2004,678.587
swe,sex_m,geo_cov_nat,mts_aggregate_1,2005,657.932
swe,sex_m,geo_cov_nat,mts_aggregate_1,2006,664.508
swe,sex_m,geo_cov_nat,mts_aggregate_1,2007,678.825
swe,sex_m,geo_cov_nat,mts_aggregate_1,2008,667.951
swe,sex_m,geo_cov_nat,mts_aggregate_1,2009,710.611
swe,sex_m,geo_cov_nat,mts_aggregate_1,2010,575.904
swe,sex_m,geo_cov_nat,mts_aggregate_1,2011,577.891
swe,sex_m,geo_cov_nat,mts_aggregate_1,2012,583.552
swe,sex_m,geo_cov_nat,mts_aggregate_1,2013,571.948
swe,sex_m,geo_cov_nat,mts_aggregate_1,2014,566.327
swe,sex_m,geo_cov_nat,mts_aggregate_1,2015,577.685
swe,sex_m,geo_cov_nat,mts_aggregate_1,2016,582.287
swe,sex_m,geo_cov_nat,mts_aggregate_1,2017,571.922
swe,sex_m,geo_cov_nat,mts_aggregate_1,2018,585.037
swe,sex_m,geo_cov_nat,mts_aggregate_1,2019,599.047
swe,sex_m,geo_cov_nat,mts_aggregate_1,2020,592.618
swe,sex_m,geo_cov_nat,mts_aggregate_2,1995,353.621
swe,sex_m,geo_cov_nat,mts_aggregate_2,1996,542.029
swe,sex_m,geo_cov_nat,mts_aggregate_2,1997,542.656
swe,sex_m,geo_cov_nat,mts_aggregate_2,1998,532.491
swe,sex_m,geo_cov_nat,mts_aggregate_2,1999,548.307
swe,sex_m,geo_cov_nat,mts_aggregate_2,2000,545.225
swe,sex_m,geo_cov_nat,mts_aggregate_2,2001,537.146
swe,sex_m,geo_cov_nat,mts_aggregate_2,2002,523.827
swe,sex_m,geo_cov_nat,mts_aggregate_2,2003,532.707
swe,sex_m,geo_cov_nat,mts_aggregate_2,2004,532.747
swe,sex_m,geo_cov_nat,mts_aggregate_2,2005,533.074
swe,sex_m,geo_cov_nat,mts_aggregate_2,2006,535.569
swe,sex_m,geo_cov_nat,mts_aggregate_2,2007,527.252
swe,sex_m,geo_cov_nat,mts_aggregate_2,2008,533.269
swe,sex_m,geo_cov_nat,mts_aggregate_2,2009,542.993
swe,sex_m,geo_cov_nat,mts_aggregate_2,2010,349.885
swe,sex_m,geo_cov_nat,mts_aggregate_2,2011,353.006
swe,sex_m,geo_cov_nat,mts_aggregate_2,2012,353.082
swe,sex_m,geo_cov_nat,mts_aggregate_2,2013,358.837
swe,sex_m,geo_cov_nat,mts_aggregate_2,2014,353.752
swe,sex_m,geo_cov_nat,mts_aggregate_2,2015,360.114
swe,sex_m,geo_cov_nat,mts_aggregate_2,2016,365.157
swe,sex_m,geo_cov_nat,mts_aggregate_2,2017,360.975
swe,sex_m,geo_cov_nat,mts_aggregate_2,2018,348.231
swe,sex_m,geo_cov_nat,mts_aggregate_2,2019,329.617
swe,sex_m,geo_cov_nat,mts_aggregate_2,2020,322.599
swe,sex_m,geo_cov_nat,mts_aggregate_total,1995,905.91
swe,sex_m,geo_cov_nat,mts_aggregate_total,1996,1217.905
swe,sex_m,geo_cov_nat,mts_aggregate_total,1997,1222.194
swe,sex_m,geo_cov_nat,mts_aggregate_total,1998,1213.879
swe,sex_m,geo_cov_nat,mts_aggregate_total,1999,1218.121
swe,sex_m,geo_cov_nat,mts_aggregate_total,2000,1256.659
swe,sex_m,geo_cov_nat,mts_aggregate_total,2001,1174.679
swe,sex_m,geo_cov_nat,mts_aggregate_total,2002,1191.891
swe,sex_m,geo_cov_nat,mts_aggregate_total,2003,1199.94
swe,sex_m,geo_cov_nat,mts_aggregate_total,2004,1211.753
swe,sex_m,geo_cov_nat,mts_aggregate_total,2005,1191.322
swe,sex_m,geo_cov_nat,mts_aggregate_total,2006,1200.077
swe,sex_m,geo_cov_nat,mts_aggregate_total,2007,1206.077
swe,sex_m,geo_cov_nat,mts_aggregate_total,2008,1201.221
swe,sex_m,geo_cov_nat,mts_aggregate_total,2009,1253.97
swe,sex_m,geo_cov_nat,mts_aggregate_total,2010,926.548
swe,sex_m,geo_cov_nat,mts_aggregate_total,2011,932.675
swe,sex_m,geo_cov_nat,mts_aggregate_total,2012,938.03
swe,sex_m,geo_cov_nat,mts_aggregate_total,2013,931.977
swe,sex_m,geo_cov_nat,mts_aggregate_total,2014,921.791
swe,sex_m,geo_cov_nat,mts_aggregate_total,2015,940.058
swe,sex_m,geo_cov_nat,mts_aggregate_total,2016,949.314
swe,sex_m,geo_cov_nat,mts_aggregate_total,2017,934.524
swe,sex_m,geo_cov_nat,mts_aggregate_total,2018,938.929
swe,sex_m,geo_cov_nat,mts_aggregate_total,2019,932.139
swe,sex_m,geo_cov_nat,mts_aggregate_total,2020,916.911
swe,sex_m,geo_cov_nat,mts_aggregate_x,2000,2.301
swe,sex_m,geo_cov_nat,mts_aggregate_x,2009,0.366
swe,sex_m,geo_cov_nat,mts_aggregate_x,2010,0.759
swe,sex_m,geo_cov_nat,mts_aggregate_x,2011,1.778
swe,sex_m,geo_cov_nat,mts_aggregate_x,2012,1.397
swe,sex_m,geo_cov_nat,mts_aggregate_x,2013,1.191
swe,sex_m,geo_cov_nat,mts_aggregate_x,2014,1.711
swe,sex_m,geo_cov_nat,mts_aggregate_x,2015,2.259
swe,sex_m,geo_cov_nat,mts_aggregate_x,2016,1.871
swe,sex_m,geo_cov_nat,mts_aggregate_x,2017,1.628
swe,sex_m,geo_cov_nat,mts_aggregate_x,2018,5.661
swe,sex_m,geo_cov_nat,mts_aggregate_x,2019,3.475
swe,sex_m,geo_cov_nat,mts_aggregate_x,2020,1.695
swe,sex_m,geo_cov_rur,mts_aggregate_1,1995,336.65
swe,sex_m,geo_cov_rur,mts_aggregate_1,1996,339.024
swe,sex_m,geo_cov_rur,mts_aggregate_1,1997,327.003
swe,sex_m,geo_cov_rur,mts_aggregate_1,1998,355.096
swe,sex_m,geo_cov_rur,mts_aggregate_1,1999,350.528
swe,sex_m,geo_cov_rur,mts_aggregate_1,2000,347.021
swe,sex_m,geo_cov_rur,mts_aggregate_1,2001,332.705
swe,sex_m,geo_cov_rur,mts_aggregate_1,2002,363.001
swe,sex_m,geo_cov_rur,mts_aggregate_1,2003,364.788
swe,sex_m,geo_cov_rur,mts_aggregate_1,2004,375.41
swe,sex_m,geo_cov_rur,mts_aggregate_1,2005,340.465
swe,sex_m,geo_cov_rur,mts_aggregate_1,2006,349.095
swe,sex_m,geo_cov_rur,mts_aggregate_1,2007,355.153
swe,sex_m,geo_cov_rur,mts_aggregate_1,2008,356.209
swe,sex_m,geo_cov_rur,mts_aggregate_1,2009,368.196
swe,sex_m,geo_cov_rur,mts_aggregate_1,2010,361.604
swe,sex_m,geo_cov_rur,mts_aggregate_1,2011,365.608
swe,sex_m,geo_cov_rur,mts_aggregate_1,2012,173.476
swe,sex_m,geo_cov_rur,mts_aggregate_1,2013,174.109
swe,sex_m,geo_cov_rur,mts_aggregate_1,2014,172.739
swe,sex_m,geo_cov_rur,mts_aggregate_1,2015,167.189
swe,sex_m,geo_cov_rur,mts_aggregate_1,2016,167.912
swe,sex_m,geo_cov_rur,mts_aggregate_1,2017,160.575
swe,sex_m,geo_cov_rur,mts_aggregate_1,2018,165.8
swe,sex_m,geo_cov_rur,mts_aggregate_1,2019,170.937
swe,sex_m,geo_cov_rur,mts_aggregate_1,2020,164.257
swe,sex_m,geo_cov_rur,mts_aggregate_2,1995,234.354
swe,sex_m,geo_cov_rur,mts_aggregate_2,1996,251.419
swe,sex_m,geo_cov_rur,mts_aggregate_2,1997,259.685
swe,sex_m,geo_cov_rur,mts_aggregate_2,1998,238.667
swe,sex_m,geo_cov_rur,mts_aggregate_2,1999,244.15
swe,sex_m,geo_cov_rur,mts_aggregate_2,2000,237.862
swe,sex_m,geo_cov_rur,mts_aggregate_2,2001,238.994
swe,sex_m,geo_cov_rur,mts_aggregate_2,2002,234.095
swe,sex_m,geo_cov_rur,mts_aggregate_2,2003,241.586
swe,sex_m,geo_cov_rur,mts_aggregate_2,2004,241.947
swe,sex_m,geo_cov_rur,mts_aggregate_2,2005,235.631
swe,sex_m,geo_cov_rur,mts_aggregate_2,2006,233.719
swe,sex_m,geo_cov_rur,mts_aggregate_2,2007,226.167
swe,sex_m,geo_cov_rur,mts_aggregate_2,2008,229.358
swe,sex_m,geo_cov_rur,mts_aggregate_2,2009,237.921
swe,sex_m,geo_cov_rur,mts_aggregate_2,2010,235.104
swe,sex_m,geo_cov_rur,mts_aggregate_2,2011,235.408
swe,sex_m,geo_cov_rur,mts_aggregate_2,2012,122.769
swe,sex_m,geo_cov_rur,mts_aggregate_2,2013,118.042
swe,sex_m,geo_cov_rur,mts_aggregate_2,2014,120.012
swe,sex_m,geo_cov_rur,mts_aggregate_2,2015,120.141
swe,sex_m,geo_cov_rur,mts_aggregate_2,2016,124.155
swe,sex_m,geo_cov_rur,mts_aggregate_2,2017,125.767
swe,sex_m,geo_cov_rur,mts_aggregate_2,2018,122.337
swe,sex_m,geo_cov_rur,mts_aggregate_2,2019,117.689
swe,sex_m,geo_cov_rur,mts_aggregate_2,2020,112.018
swe,sex_m,geo_cov_rur,mts_aggregate_total,1995,571.004
swe,sex_m,geo_cov_rur,mts_aggregate_total,1996,590.444
swe,sex_m,geo_cov_rur,mts_aggregate_total,1997,586.688
swe,sex_m,geo_cov_rur,mts_aggregate_total,1998,593.763
swe,sex_m,geo_cov_rur,mts_aggregate_total,1999,594.678
swe,sex_m,geo_cov_rur,mts_aggregate_total,2000,586.471
swe,sex_m,geo_cov_rur,mts_aggregate_total,2001,571.699
swe,sex_m,geo_cov_rur,mts_aggregate_total,2002,597.096
swe,sex_m,geo_cov_rur,mts_aggregate_total,2003,606.374
swe,sex_m,geo_cov_rur,mts_aggregate_total,2004,617.357
swe,sex_m,geo_cov_rur,mts_aggregate_total,2005,576.332
swe,sex_m,geo_cov_rur,mts_aggregate_total,2006,582.815
swe,sex_m,geo_cov_rur,mts_aggregate_total,2007,581.321
swe,sex_m,geo_cov_rur,mts_aggregate_total,2008,585.567
swe,sex_m,geo_cov_rur,mts_aggregate_total,2009,606.118
swe,sex_m,geo_cov_rur,mts_aggregate_total,2010,597.15
swe,sex_m,geo_cov_rur,mts_aggregate_total,2011,602.255
swe,sex_m,geo_cov_rur,mts_aggregate_total,2012,296.863
swe,sex_m,geo_cov_rur,mts_aggregate_total,2013,292.422
swe,sex_m,geo_cov_rur,mts_aggregate_total,2014,293.232
swe,sex_m,geo_cov_rur,mts_aggregate_total,2015,287.788
swe,sex_m,geo_cov_rur,mts_aggregate_total,2016,292.368
swe,sex_m,geo_cov_rur,mts_aggregate_total,2017,286.681
swe,sex_m,geo_cov_rur,mts_aggregate_total,2018,290.062
swe,sex_m,geo_cov_rur,mts_aggregate_total,2019,289.833
swe,sex_m,geo_cov_rur,mts_aggregate_total,2020,276.829
swe,sex_m,geo_cov_rur,mts_aggregate_x,2010,0.442
swe,sex_m,geo_cov_rur,mts_aggregate_x,2011,1.239
swe,sex_m,geo_cov_rur,mts_aggregate_x,2012,0.617
swe,sex_m,geo_cov_rur,mts_aggregate_x,2013,0.271
swe,sex_m,geo_cov_rur,mts_aggregate_x,2014,0.48
swe,sex_m,geo_cov_rur,mts_aggregate_x,2015,0.458
swe,sex_m,geo_cov_rur,mts_aggregate_x,2016,0.301
swe,sex_m,geo_cov_rur,mts_aggregate_x,2017,0.339
swe,sex_m,geo_cov_rur,mts_aggregate_x,2018,1.925
swe,sex_m,geo_cov_rur,mts_aggregate_x,2019,1.207
swe,sex_m,geo_cov_rur,mts_aggregate_x,2020,0.553
swe,sex_m,geo_cov_urb,mts_aggregate_1,1995,162.291
swe,sex_m,geo_cov_urb,mts_aggregate_1,1996,170.668
swe,sex_m,geo_cov_urb,mts_aggregate_1,1997,186.352
swe,sex_m,geo_cov_urb,mts_aggregate_1,1998,159.64
swe,sex_m,geo_cov_urb,mts_aggregate_1,1999,151.858
swe,sex_m,geo_cov_urb,mts_aggregate_1,2000,192.489
swe,sex_m,geo_cov_urb,mts_aggregate_1,2001,187.342
swe,sex_m,geo_cov_urb,mts_aggregate_1,2002,185.868
swe,sex_m,geo_cov_urb,mts_aggregate_1,2003,183.01
swe,sex_m,geo_cov_urb,mts_aggregate_1,2004,183.803
swe,sex_m,geo_cov_urb,mts_aggregate_1,2005,196.119
swe,sex_m,geo_cov_urb,mts_aggregate_1,2006,193.233
swe,sex_m,geo_cov_urb,mts_aggregate_1,2007,200.845
swe,sex_m,geo_cov_urb,mts_aggregate_1,2008,200.386
swe,sex_m,geo_cov_urb,mts_aggregate_1,2009,210.029
swe,sex_m,geo_cov_urb,mts_aggregate_1,2010,214.3
swe,sex_m,geo_cov_urb,mts_aggregate_1,2011,212.283
swe,sex_m,geo_cov_urb,mts_aggregate_1,2012,410.075
swe,sex_m,geo_cov_urb,mts_aggregate_1,2013,397.839
swe,sex_m,geo_cov_urb,mts_aggregate_1,2014,393.588
swe,sex_m,geo_cov_urb,mts_aggregate_1,2015,410.496
swe,sex_m,geo_cov_urb,mts_aggregate_1,2016,414.374
swe,sex_m,geo_cov_urb,mts_aggregate_1,2017,411.347
swe,sex_m,geo_cov_urb,mts_aggregate_1,2018,419.237
swe,sex_m,geo_cov_urb,mts_aggregate_1,2019,428.11
swe,sex_m,geo_cov_urb,mts_aggregate_1,2020,428.361
swe,sex_m,geo_cov_urb,mts_aggregate_2,1995,119.267
swe,sex_m,geo_cov_urb,mts_aggregate_2,1996,113.376
swe,sex_m,geo_cov_urb,mts_aggregate_2,1997,105.737
swe,sex_m,geo_cov_urb,mts_aggregate_2,1998,114.01
swe,sex_m,geo_cov_urb,mts_aggregate_2,1999,121.599
swe,sex_m,geo_cov_urb,mts_aggregate_2,2000,123.023
swe,sex_m,geo_cov_urb,mts_aggregate_2,2001,113.812
swe,sex_m,geo_cov_urb,mts_aggregate_2,2002,102.576
swe,sex_m,geo_cov_urb,mts_aggregate_2,2003,103.965
swe,sex_m,geo_cov_urb,mts_aggregate_2,2004,103.343
swe,sex_m,geo_cov_urb,mts_aggregate_2,2005,108.463
swe,sex_m,geo_cov_urb,mts_aggregate_2,2006,112.234
swe,sex_m,geo_cov_urb,mts_aggregate_2,2007,110.575
swe,sex_m,geo_cov_urb,mts_aggregate_2,2008,112.318
swe,sex_m,geo_cov_urb,mts_aggregate_2,2009,113.179
swe,sex_m,geo_cov_urb,mts_aggregate_2,2010,114.781
swe,sex_m,geo_cov_urb,mts_aggregate_2,2011,117.598
swe,sex_m,geo_cov_urb,mts_aggregate_2,2012,230.313
swe,sex_m,geo_cov_urb,mts_aggregate_2,2013,240.796
swe,sex_m,geo_cov_urb,mts_aggregate_2,2014,233.74
swe,sex_m,geo_cov_urb,mts_aggregate_2,2015,239.973
swe,sex_m,geo_cov_urb,mts_aggregate_2,2016,241.002
swe,sex_m,geo_cov_urb,mts_aggregate_2,2017,235.208
swe,sex_m,geo_cov_urb,mts_aggregate_2,2018,225.894
swe,sex_m,geo_cov_urb,mts_aggregate_2,2019,211.929
swe,sex_m,geo_cov_urb,mts_aggregate_2,2020,210.581
swe,sex_m,geo_cov_urb,mts_aggregate_total,1995,281.906
swe,sex_m,geo_cov_urb,mts_aggregate_total,1996,284.044
swe,sex_m,geo_cov_urb,mts_aggregate_total,1997,292.09
swe,sex_m,geo_cov_urb,mts_aggregate_total,1998,273.65
swe,sex_m,geo_cov_urb,mts_aggregate_total,1999,273.457
swe,sex_m,geo_cov_urb,mts_aggregate_total,2000,316.224
swe,sex_m,geo_cov_urb,mts_aggregate_total,2001,301.154
swe,sex_m,geo_cov_urb,mts_aggregate_total,2002,288.443
swe,sex_m,geo_cov_urb,mts_aggregate_total,2003,287.214
swe,sex_m,geo_cov_urb,mts_aggregate_total,2004,287.566
swe,sex_m,geo_cov_urb,mts_aggregate_total,2005,304.661
swe,sex_m,geo_cov_urb,mts_aggregate_total,2006,305.467
swe,sex_m,geo_cov_urb,mts_aggregate_total,2007,311.42
swe,sex_m,geo_cov_urb,mts_aggregate_total,2008,312.704
swe,sex_m,geo_cov_urb,mts_aggregate_total,2009,323.575
swe,sex_m,geo_cov_urb,mts_aggregate_total,2010,329.397
swe,sex_m,geo_cov_urb,mts_aggregate_total,2011,330.419
swe,sex_m,geo_cov_urb,mts_aggregate_total,2012,641.168
swe,sex_m,geo_cov_urb,mts_aggregate_total,2013,639.555
swe,sex_m,geo_cov_urb,mts_aggregate_total,2014,628.559
swe,sex_m,geo_cov_urb,mts_aggregate_total,2015,652.27
swe,sex_m,geo_cov_urb,mts_aggregate_total,2016,656.946
swe,sex_m,geo_cov_urb,mts_aggregate_total,2017,647.844
swe,sex_m,geo_cov_urb,mts_aggregate_total,2018,648.867
swe,sex_m,geo_cov_urb,mts_aggregate_total,2019,642.306
swe,sex_m,geo_cov_urb,mts_aggregate_total,2020,640.082
swe,sex_m,geo_cov_urb,mts_aggregate_x,2009,0.366
swe,sex_m,geo_cov_urb,mts_aggregate_x,2010,0.316
swe,sex_m,geo_cov_urb,mts_aggregate_x,2011,0.539
swe,sex_m,geo_cov_urb,mts_aggregate_x,2012,0.78
swe,sex_m,geo_cov_urb,mts_aggregate_x,2013,0.92
swe,sex_m,geo_cov_urb,mts_aggregate_x,2014,1.231
swe,sex_m,geo_cov_urb,mts_aggregate_x,2015,1.801
swe,sex_m,geo_cov_urb,mts_aggregate_x,2016,1.57
swe,sex_m,geo_cov_urb,mts_aggregate_x,2017,1.289
swe,sex_m,geo_cov_urb,mts_aggregate_x,2018,3.736
swe,sex_m,geo_cov_urb,mts_aggregate_x,2019,2.267
swe,sex_m,geo_cov_urb,mts_aggregate_x,2020,1.141
swe,sex_m,geo_cov_x,mts_aggregate_1,1995,53
swe,sex_m,geo_cov_x,mts_aggregate_1,1996,166.183
swe,sex_m,geo_cov_x,mts_aggregate_1,1997,166.183
swe,sex_m,geo_cov_x,mts_aggregate_1,1998,166.653
swe,sex_m,geo_cov_x,mts_aggregate_1,1999,167.429
swe,sex_m,geo_cov_x,mts_aggregate_1,2000,169.624
swe,sex_m,geo_cov_x,mts_aggregate_1,2001,117.487
swe,sex_m,geo_cov_x,mts_aggregate_1,2002,119.196
swe,sex_m,geo_cov_x,mts_aggregate_1,2003,119.196
swe,sex_m,geo_cov_x,mts_aggregate_1,2004,119.373
swe,sex_m,geo_cov_x,mts_aggregate_1,2005,121.349
swe,sex_m,geo_cov_x,mts_aggregate_1,2006,122.18
swe,sex_m,geo_cov_x,mts_aggregate_1,2007,122.827
swe,sex_m,geo_cov_x,mts_aggregate_1,2008,111.356
swe,sex_m,geo_cov_x,mts_aggregate_1,2009,132.385
swe,sex_m,geo_cov_x,mts_aggregate_2,1996,177.234
swe,sex_m,geo_cov_x,mts_aggregate_2,1997,177.234
swe,sex_m,geo_cov_x,mts_aggregate_2,1998,179.813
swe,sex_m,geo_cov_x,mts_aggregate_2,1999,182.558
swe,sex_m,geo_cov_x,mts_aggregate_2,2000,184.34
swe,sex_m,geo_cov_x,mts_aggregate_2,2001,184.34
swe,sex_m,geo_cov_x,mts_aggregate_2,2002,187.156
swe,sex_m,geo_cov_x,mts_aggregate_2,2003,187.156
swe,sex_m,geo_cov_x,mts_aggregate_2,2004,187.457
swe,sex_m,geo_cov_x,mts_aggregate_2,2005,188.98
swe,sex_m,geo_cov_x,mts_aggregate_2,2006,189.616
swe,sex_m,geo_cov_x,mts_aggregate_2,2007,190.51
swe,sex_m,geo_cov_x,mts_aggregate_2,2008,191.594
swe,sex_m,geo_cov_x,mts_aggregate_2,2009,191.893
swe,sex_m,geo_cov_x,mts_aggregate_total,1995,53
swe,sex_m,geo_cov_x,mts_aggregate_total,1996,343.417
swe,sex_m,geo_cov_x,mts_aggregate_total,1997,343.417
swe,sex_m,geo_cov_x,mts_aggregate_total,1998,346.466
swe,sex_m,geo_cov_x,mts_aggregate_total,1999,349.987
swe,sex_m,geo_cov_x,mts_aggregate_total,2000,353.964
swe,sex_m,geo_cov_x,mts_aggregate_total,2001,301.827
swe,sex_m,geo_cov_x,mts_aggregate_total,2002,306.352
swe,sex_m,geo_cov_x,mts_aggregate_total,2003,306.352
swe,sex_m,geo_cov_x,mts_aggregate_total,2004,306.83
swe,sex_m,geo_cov_x,mts_aggregate_total,2005,310.329
swe,sex_m,geo_cov_x,mts_aggregate_total,2006,311.796
swe,sex_m,geo_cov_x,mts_aggregate_total,2007,313.337
swe,sex_m,geo_cov_x,mts_aggregate_total,2008,302.95
swe,sex_m,geo_cov_x,mts_aggregate_total,2009,324.278
swe,sex_t,geo_cov_nat,mts_aggregate_1,1995,1178.557
swe,sex_t,geo_cov_nat,mts_aggregate_1,1996,1654.202
swe,sex_t,geo_cov_nat,mts_aggregate_1,1997,1686.395
swe,sex_t,geo_cov_nat,mts_aggregate_1,1998,1739.913
swe,sex_t,geo_cov_nat,mts_aggregate_1,1999,1702.885
swe,sex_t,geo_cov_nat,mts_aggregate_1,2000,1752.756
swe,sex_t,geo_cov_nat,mts_aggregate_1,2001,1605.932
swe,sex_t,geo_cov_nat,mts_aggregate_1,2002,1641.969
swe,sex_t,geo_cov_nat,mts_aggregate_1,2003,1653.27
swe,sex_t,geo_cov_nat,mts_aggregate_1,2004,1670.989
swe,sex_t,geo_cov_nat,mts_aggregate_1,2005,1635.185
swe,sex_t,geo_cov_nat,mts_aggregate_1,2006,1643.522
swe,sex_t,geo_cov_nat,mts_aggregate_1,2007,1650.478
swe,sex_t,geo_cov_nat,mts_aggregate_1,2008,1646.168
swe,sex_t,geo_cov_nat,mts_aggregate_1,2009,1707.915
swe,sex_t,geo_cov_nat,mts_aggregate_1,2010,1235.053
swe,sex_t,geo_cov_nat,mts_aggregate_1,2011,1224.492
swe,sex_t,geo_cov_nat,mts_aggregate_1,2012,1237.714
swe,sex_t,geo_cov_nat,mts_aggregate_1,2013,1217.151
swe,sex_t,geo_cov_nat,mts_aggregate_1,2014,1198.158
swe,sex_t,geo_cov_nat,mts_aggregate_1,2015,1193.587
swe,sex_t,geo_cov_nat,mts_aggregate_1,2016,1202.756
swe,sex_t,geo_cov_nat,mts_aggregate_1,2017,1181.426
swe,sex_t,geo_cov_nat,mts_aggregate_1,2018,1195.185
swe,sex_t,geo_cov_nat,mts_aggregate_1,2019,1211.895
swe,sex_t,geo_cov_nat,mts_aggregate_1,2020,1215.313
swe,sex_t,geo_cov_nat,mts_aggregate_2,1995,808.565
swe,sex_t,geo_cov_nat,mts_aggregate_2,1996,1128.25
swe,sex_t,geo_cov_nat,mts_aggregate_2,1997,1131.894
swe,sex_t,geo_cov_nat,mts_aggregate_2,1998,1126.798
swe,sex_t,geo_cov_nat,mts_aggregate_2,1999,1116.725
swe,sex_t,geo_cov_nat,mts_aggregate_2,2000,1104.125
swe,sex_t,geo_cov_nat,mts_aggregate_2,2001,1099.267
swe,sex_t,geo_cov_nat,mts_aggregate_2,2002,1083.852
swe,sex_t,geo_cov_nat,mts_aggregate_2,2003,1081.314
swe,sex_t,geo_cov_nat,mts_aggregate_2,2004,1096.268
swe,sex_t,geo_cov_nat,mts_aggregate_2,2005,1104.056
swe,sex_t,geo_cov_nat,mts_aggregate_2,2006,1113.661
swe,sex_t,geo_cov_nat,mts_aggregate_2,2007,1108.54
swe,sex_t,geo_cov_nat,mts_aggregate_2,2008,1116.962
swe,sex_t,geo_cov_nat,mts_aggregate_2,2009,1136.113
swe,sex_t,geo_cov_nat,mts_aggregate_2,2010,831.18
swe,sex_t,geo_cov_nat,mts_aggregate_2,2011,827.645
swe,sex_t,geo_cov_nat,mts_aggregate_2,2012,812.684
swe,sex_t,geo_cov_nat,mts_aggregate_2,2013,819.356
swe,sex_t,geo_cov_nat,mts_aggregate_2,2014,819.077
swe,sex_t,geo_cov_nat,mts_aggregate_2,2015,834.158
swe,sex_t,geo_cov_nat,mts_aggregate_2,2016,836.858
swe,sex_t,geo_cov_nat,mts_aggregate_2,2017,834.69
swe,sex_t,geo_cov_nat,mts_aggregate_2,2018,810.788
swe,sex_t,geo_cov_nat,mts_aggregate_2,2019,782.224
swe,sex_t,geo_cov_nat,mts_aggregate_2,2020,793.025
swe,sex_t,geo_cov_nat,mts_aggregate_total,1995,1989.381
swe,sex_t,geo_cov_nat,mts_aggregate_total,1996,2782.453
swe,sex_t,geo_cov_nat,mts_aggregate_total,1997,2818.29
swe,sex_t,geo_cov_nat,mts_aggregate_total,1998,2866.711
swe,sex_t,geo_cov_nat,mts_aggregate_total,1999,2819.61
swe,sex_t,geo_cov_nat,mts_aggregate_total,2000,2860.459
swe,sex_t,geo_cov_nat,mts_aggregate_total,2001,2705.2
swe,sex_t,geo_cov_nat,mts_aggregate_total,2002,2725.821
swe,sex_t,geo_cov_nat,mts_aggregate_total,2003,2734.822
swe,sex_t,geo_cov_nat,mts_aggregate_total,2004,2767.677
swe,sex_t,geo_cov_nat,mts_aggregate_total,2005,2739.661
swe,sex_t,geo_cov_nat,mts_aggregate_total,2006,2757.184
swe,sex_t,geo_cov_nat,mts_aggregate_total,2007,2759.018
swe,sex_t,geo_cov_nat,mts_aggregate_total,2008,2763.13
swe,sex_t,geo_cov_nat,mts_aggregate_total,2009,2845.024
swe,sex_t,geo_cov_nat,mts_aggregate_total,2010,2067.905
swe,sex_t,geo_cov_nat,mts_aggregate_total,2011,2055.794
swe,sex_t,geo_cov_nat,mts_aggregate_total,2012,2053.716
swe,sex_t,geo_cov_nat,mts_aggregate_total,2013,2039.244
swe,sex_t,geo_cov_nat,mts_aggregate_total,2014,2020.693
swe,sex_t,geo_cov_nat,mts_aggregate_total,2015,2031.878
swe,sex_t,geo_cov_nat,mts_aggregate_total,2016,2043.474
swe,sex_t,geo_cov_nat,mts_aggregate_total,2017,2019.099
swe,sex_t,geo_cov_nat,mts_aggregate_total,2018,2016.044
swe,sex_t,geo_cov_nat,mts_aggregate_total,2019,2000.516
swe,sex_t,geo_cov_nat,mts_aggregate_total,2020,2012.688
swe,sex_t,geo_cov_nat,mts_aggregate_x,2000,3.578
swe,sex_t,geo_cov_nat,mts_aggregate_x,2009,0.996
swe,sex_t,geo_cov_nat,mts_aggregate_x,2010,1.671
swe,sex_t,geo_cov_nat,mts_aggregate_x,2011,3.656
swe,sex_t,geo_cov_nat,mts_aggregate_x,2012,3.317
swe,sex_t,geo_cov_nat,mts_aggregate_x,2013,2.737
swe,sex_t,geo_cov_nat,mts_aggregate_x,2014,3.458
swe,sex_t,geo_cov_nat,mts_aggregate_x,2015,4.133
swe,sex_t,geo_cov_nat,mts_aggregate_x,2016,3.86
swe,sex_t,geo_cov_nat,mts_aggregate_x,2017,2.983
swe,sex_t,geo_cov_nat,mts_aggregate_x,2018,10.072
swe,sex_t,geo_cov_nat,mts_aggregate_x,2019,6.398
swe,sex_t,geo_cov_nat,mts_aggregate_x,2020,4.35
swe,sex_t,geo_cov_rur,mts_aggregate_1,1995,715.211
swe,sex_t,geo_cov_rur,mts_aggregate_1,1996,711.866
swe,sex_t,geo_cov_rur,mts_aggregate_1,1997,721.096
swe,sex_t,geo_cov_rur,mts_aggregate_1,1998,809.388
swe,sex_t,geo_cov_rur,mts_aggregate_1,1999,776.356
swe,sex_t,geo_cov_rur,mts_aggregate_1,2000,755.671
swe,sex_t,geo_cov_rur,mts_aggregate_1,2001,724.422
swe,sex_t,geo_cov_rur,mts_aggregate_1,2002,768.539
swe,sex_t,geo_cov_rur,mts_aggregate_1,2003,791.404
swe,sex_t,geo_cov_rur,mts_aggregate_1,2004,794.162
swe,sex_t,geo_cov_rur,mts_aggregate_1,2005,721.341
swe,sex_t,geo_cov_rur,mts_aggregate_1,2006,731.922
swe,sex_t,geo_cov_rur,mts_aggregate_1,2007,736.61
swe,sex_t,geo_cov_rur,mts_aggregate_1,2008,751.291
swe,sex_t,geo_cov_rur,mts_aggregate_1,2009,780.189
swe,sex_t,geo_cov_rur,mts_aggregate_1,2010,780.734
swe,sex_t,geo_cov_rur,mts_aggregate_1,2011,764.192
swe,sex_t,geo_cov_rur,mts_aggregate_1,2012,363.609
swe,sex_t,geo_cov_rur,mts_aggregate_1,2013,357.565
swe,sex_t,geo_cov_rur,mts_aggregate_1,2014,348.578
swe,sex_t,geo_cov_rur,mts_aggregate_1,2015,334.865
swe,sex_t,geo_cov_rur,mts_aggregate_1,2016,346.116
swe,sex_t,geo_cov_rur,mts_aggregate_1,2017,327.586
swe,sex_t,geo_cov_rur,mts_aggregate_1,2018,326.491
swe,sex_t,geo_cov_rur,mts_aggregate_1,2019,323.462
swe,sex_t,geo_cov_rur,mts_aggregate_1,2020,326.099
swe,sex_t,geo_cov_rur,mts_aggregate_2,1995,542.246
swe,sex_t,geo_cov_rur,mts_aggregate_2,1996,568.84
swe,sex_t,geo_cov_rur,mts_aggregate_2,1997,583.24
swe,sex_t,geo_cov_rur,mts_aggregate_2,1998,577.493
swe,sex_t,geo_cov_rur,mts_aggregate_2,1999,556.391
swe,sex_t,geo_cov_rur,mts_aggregate_2,2000,536.718
swe,sex_t,geo_cov_rur,mts_aggregate_2,2001,543.506
swe,sex_t,geo_cov_rur,mts_aggregate_2,2002,523.713
swe,sex_t,geo_cov_rur,mts_aggregate_2,2003,538.003
swe,sex_t,geo_cov_rur,mts_aggregate_2,2004,540.029
swe,sex_t,geo_cov_rur,mts_aggregate_2,2005,533.691
swe,sex_t,geo_cov_rur,mts_aggregate_2,2006,527.484
swe,sex_t,geo_cov_rur,mts_aggregate_2,2007,519.988
swe,sex_t,geo_cov_rur,mts_aggregate_2,2008,525.184
swe,sex_t,geo_cov_rur,mts_aggregate_2,2009,534.243
swe,sex_t,geo_cov_rur,mts_aggregate_2,2010,547.04
swe,sex_t,geo_cov_rur,mts_aggregate_2,2011,545.112
swe,sex_t,geo_cov_rur,mts_aggregate_2,2012,281.115
swe,sex_t,geo_cov_rur,mts_aggregate_2,2013,272.472
swe,sex_t,geo_cov_rur,mts_aggregate_2,2014,273.783
swe,sex_t,geo_cov_rur,mts_aggregate_2,2015,283.469
swe,sex_t,geo_cov_rur,mts_aggregate_2,2016,284.559
swe,sex_t,geo_cov_rur,mts_aggregate_2,2017,274.794
swe,sex_t,geo_cov_rur,mts_aggregate_2,2018,269.394
swe,sex_t,geo_cov_rur,mts_aggregate_2,2019,274.076
swe,sex_t,geo_cov_rur,mts_aggregate_2,2020,276.356
swe,sex_t,geo_cov_rur,mts_aggregate_total,1995,1259.368
swe,sex_t,geo_cov_rur,mts_aggregate_total,1996,1280.706
swe,sex_t,geo_cov_rur,mts_aggregate_total,1997,1304.336
swe,sex_t,geo_cov_rur,mts_aggregate_total,1998,1386.881
swe,sex_t,geo_cov_rur,mts_aggregate_total,1999,1332.747
swe,sex_t,geo_cov_rur,mts_aggregate_total,2000,1294.897
swe,sex_t,geo_cov_rur,mts_aggregate_total,2001,1267.928
swe,sex_t,geo_cov_rur,mts_aggregate_total,2002,1292.251
swe,sex_t,geo_cov_rur,mts_aggregate_total,2003,1329.407
swe,sex_t,geo_cov_rur,mts_aggregate_total,2004,1334.191
swe,sex_t,geo_cov_rur,mts_aggregate_total,2005,1255.374
swe,sex_t,geo_cov_rur,mts_aggregate_total,2006,1259.406
swe,sex_t,geo_cov_rur,mts_aggregate_total,2007,1256.598
swe,sex_t,geo_cov_rur,mts_aggregate_total,2008,1276.474
swe,sex_t,geo_cov_rur,mts_aggregate_total,2009,1314.432
swe,sex_t,geo_cov_rur,mts_aggregate_total,2010,1328.537
swe,sex_t,geo_cov_rur,mts_aggregate_total,2011,1311.449
swe,sex_t,geo_cov_rur,mts_aggregate_total,2012,645.84
swe,sex_t,geo_cov_rur,mts_aggregate_total,2013,630.487
swe,sex_t,geo_cov_rur,mts_aggregate_total,2014,623.215
swe,sex_t,geo_cov_rur,mts_aggregate_total,2015,619.343
swe,sex_t,geo_cov_rur,mts_aggregate_total,2016,631.526
swe,sex_t,geo_cov_rur,mts_aggregate_total,2017,603.24
swe,sex_t,geo_cov_rur,mts_aggregate_total,2018,599.222
swe,sex_t,geo_cov_rur,mts_aggregate_total,2019,599.369
swe,sex_t,geo_cov_rur,mts_aggregate_total,2020,603.243
swe,sex_t,geo_cov_rur,mts_aggregate_x,2000,2.508
swe,sex_t,geo_cov_rur,mts_aggregate_x,2009,0
swe,sex_t,geo_cov_rur,mts_aggregate_x,2010,0.763
swe,sex_t,geo_cov_rur,mts_aggregate_x,2011,2.145
swe,sex_t,geo_cov_rur,mts_aggregate_x,2012,1.116
swe,sex_t,geo_cov_rur,mts_aggregate_x,2013,0.45
swe,sex_t,geo_cov_rur,mts_aggregate_x,2014,0.854
swe,sex_t,geo_cov_rur,mts_aggregate_x,2015,1.009
swe,sex_t,geo_cov_rur,mts_aggregate_x,2016,0.851
swe,sex_t,geo_cov_rur,mts_aggregate_x,2017,0.861
swe,sex_t,geo_cov_rur,mts_aggregate_x,2018,3.337
swe,sex_t,geo_cov_rur,mts_aggregate_x,2019,1.831
swe,sex_t,geo_cov_rur,mts_aggregate_x,2020,0.788
swe,sex_t,geo_cov_urb,mts_aggregate_1,1995,360.346
swe,sex_t,geo_cov_urb,mts_aggregate_1,1996,376.953
swe,sex_t,geo_cov_urb,mts_aggregate_1,1997,399.916
swe,sex_t,geo_cov_urb,mts_aggregate_1,1998,360.816
swe,sex_t,geo_cov_urb,mts_aggregate_1,1999,355.816
swe,sex_t,geo_cov_urb,mts_aggregate_1,2000,420.393
swe,sex_t,geo_cov_urb,mts_aggregate_1,2001,406.037
swe,sex_t,geo_cov_urb,mts_aggregate_1,2002,397.394
swe,sex_t,geo_cov_urb,mts_aggregate_1,2003,385.831
swe,sex_t,geo_cov_urb,mts_aggregate_1,2004,402.905
swe,sex_t,geo_cov_urb,mts_aggregate_1,2005,438.751
swe,sex_t,geo_cov_urb,mts_aggregate_1,2006,436.07
swe,sex_t,geo_cov_urb,mts_aggregate_1,2007,439.021
swe,sex_t,geo_cov_urb,mts_aggregate_1,2008,434.379
swe,sex_t,geo_cov_urb,mts_aggregate_1,2009,451.851
swe,sex_t,geo_cov_urb,mts_aggregate_1,2010,454.32
swe,sex_t,geo_cov_urb,mts_aggregate_1,2011,460.301
swe,sex_t,geo_cov_urb,mts_aggregate_1,2012,874.105
swe,sex_t,geo_cov_urb,mts_aggregate_1,2013,859.586
swe,sex_t,geo_cov_urb,mts_aggregate_1,2014,849.58
swe,sex_t,geo_cov_urb,mts_aggregate_1,2015,858.722
swe,sex_t,geo_cov_urb,mts_aggregate_1,2016,856.64
swe,sex_t,geo_cov_urb,mts_aggregate_1,2017,853.84
swe,sex_t,geo_cov_urb,mts_aggregate_1,2018,868.694
swe,sex_t,geo_cov_urb,mts_aggregate_1,2019,888.433
swe,sex_t,geo_cov_urb,mts_aggregate_1,2020,889.214
swe,sex_t,geo_cov_urb,mts_aggregate_2,1995,266.319
swe,sex_t,geo_cov_urb,mts_aggregate_2,1996,263.938
swe,sex_t,geo_cov_urb,mts_aggregate_2,1997,253.182
swe,sex_t,geo_cov_urb,mts_aggregate_2,1998,248.471
swe,sex_t,geo_cov_urb,mts_aggregate_2,1999,254.824
swe,sex_t,geo_cov_urb,mts_aggregate_2,2000,257.499
swe,sex_t,geo_cov_urb,mts_aggregate_2,2001,245.854
swe,sex_t,geo_cov_urb,mts_aggregate_2,2002,243.861
swe,sex_t,geo_cov_urb,mts_aggregate_2,2003,227.031
swe,sex_t,geo_cov_urb,mts_aggregate_2,2004,238.65
swe,sex_t,geo_cov_urb,mts_aggregate_2,2005,248.563
swe,sex_t,geo_cov_urb,mts_aggregate_2,2006,262.606
swe,sex_t,geo_cov_urb,mts_aggregate_2,2007,263.31
swe,sex_t,geo_cov_urb,mts_aggregate_2,2008,264.39
swe,sex_t,geo_cov_urb,mts_aggregate_2,2009,274.28
swe,sex_t,geo_cov_urb,mts_aggregate_2,2010,284.141
swe,sex_t,geo_cov_urb,mts_aggregate_2,2011,282.533
swe,sex_t,geo_cov_urb,mts_aggregate_2,2012,531.569
swe,sex_t,geo_cov_urb,mts_aggregate_2,2013,546.884
swe,sex_t,geo_cov_urb,mts_aggregate_2,2014,545.294
swe,sex_t,geo_cov_urb,mts_aggregate_2,2015,550.689
swe,sex_t,geo_cov_urb,mts_aggregate_2,2016,552.299
swe,sex_t,geo_cov_urb,mts_aggregate_2,2017,559.896
swe,sex_t,geo_cov_urb,mts_aggregate_2,2018,541.394
swe,sex_t,geo_cov_urb,mts_aggregate_2,2019,508.148
swe,sex_t,geo_cov_urb,mts_aggregate_2,2020,516.669
swe,sex_t,geo_cov_urb,mts_aggregate_total,1995,627.013
swe,sex_t,geo_cov_urb,mts_aggregate_total,1996,640.891
swe,sex_t,geo_cov_urb,mts_aggregate_total,1997,653.098
swe,sex_t,geo_cov_urb,mts_aggregate_total,1998,609.287
swe,sex_t,geo_cov_urb,mts_aggregate_total,1999,610.64
swe,sex_t,geo_cov_urb,mts_aggregate_total,2000,678.962
swe,sex_t,geo_cov_urb,mts_aggregate_total,2001,651.891
swe,sex_t,geo_cov_urb,mts_aggregate_total,2002,641.255
swe,sex_t,geo_cov_urb,mts_aggregate_total,2003,613.1
swe,sex_t,geo_cov_urb,mts_aggregate_total,2004,641.974
swe,sex_t,geo_cov_urb,mts_aggregate_total,2005,687.394
swe,sex_t,geo_cov_urb,mts_aggregate_total,2006,698.677
swe,sex_t,geo_cov_urb,mts_aggregate_total,2007,702.331
swe,sex_t,geo_cov_urb,mts_aggregate_total,2008,698.77
swe,sex_t,geo_cov_urb,mts_aggregate_total,2009,727.126
swe,sex_t,geo_cov_urb,mts_aggregate_total,2010,739.368
swe,sex_t,geo_cov_urb,mts_aggregate_total,2011,744.345
swe,sex_t,geo_cov_urb,mts_aggregate_total,2012,1407.875
swe,sex_t,geo_cov_urb,mts_aggregate_total,2013,1408.757
swe,sex_t,geo_cov_urb,mts_aggregate_total,2014,1397.478
swe,sex_t,geo_cov_urb,mts_aggregate_total,2015,1412.535
swe,sex_t,geo_cov_urb,mts_aggregate_total,2016,1411.949
swe,sex_t,geo_cov_urb,mts_aggregate_total,2017,1415.859
swe,sex_t,geo_cov_urb,mts_aggregate_total,2018,1416.823
swe,sex_t,geo_cov_urb,mts_aggregate_total,2019,1401.148
swe,sex_t,geo_cov_urb,mts_aggregate_total,2020,1409.445
swe,sex_t,geo_cov_urb,mts_aggregate_x,2009,0.996
swe,sex_t,geo_cov_urb,mts_aggregate_x,2010,0.908
swe,sex_t,geo_cov_urb,mts_aggregate_x,2011,1.511
swe,sex_t,geo_cov_urb,mts_aggregate_x,2012,2.201
swe,sex_t,geo_cov_urb,mts_aggregate_x,2013,2.287
swe,sex_t,geo_cov_urb,mts_aggregate_x,2014,2.604
swe,sex_t,geo_cov_urb,mts_aggregate_x,2015,3.125
swe,sex_t,geo_cov_urb,mts_aggregate_x,2016,3.009
swe,sex_t,geo_cov_urb,mts_aggregate_x,2017,2.122
swe,sex_t,geo_cov_urb,mts_aggregate_x,2018,6.735
swe,sex_t,geo_cov_urb,mts_aggregate_x,2019,4.567
swe,sex_t,geo_cov_urb,mts_aggregate_x,2020,3.563
swe,sex_t,geo_cov_x,mts_aggregate_1,1995,103
swe,sex_t,geo_cov_x,mts_aggregate_1,1996,565.384
swe,sex_t,geo_cov_x,mts_aggregate_1,1997,565.384
swe,sex_t,geo_cov_x,mts_aggregate_1,1998,569.709
swe,sex_t,geo_cov_x,mts_aggregate_1,1999,570.713
swe,sex_t,geo_cov_x,mts_aggregate_1,2000,576.692
swe,sex_t,geo_cov_x,mts_aggregate_1,2001,475.473
swe,sex_t,geo_cov_x,mts_aggregate_1,2002,476.036
swe,sex_t,geo_cov_x,mts_aggregate_1,2003,476.036
swe,sex_t,geo_cov_x,mts_aggregate_1,2004,473.922
swe,sex_t,geo_cov_x,mts_aggregate_1,2005,475.093
swe,sex_t,geo_cov_x,mts_aggregate_1,2006,475.53
swe,sex_t,geo_cov_x,mts_aggregate_1,2007,474.847
swe,sex_t,geo_cov_x,mts_aggregate_1,2008,460.498
swe,sex_t,geo_cov_x,mts_aggregate_1,2009,475.876
swe,sex_t,geo_cov_x,mts_aggregate_2,1996,295.472
swe,sex_t,geo_cov_x,mts_aggregate_2,1997,295.472
swe,sex_t,geo_cov_x,mts_aggregate_2,1998,300.834
swe,sex_t,geo_cov_x,mts_aggregate_2,1999,305.51
swe,sex_t,geo_cov_x,mts_aggregate_2,2000,309.908
swe,sex_t,geo_cov_x,mts_aggregate_2,2001,309.908
swe,sex_t,geo_cov_x,mts_aggregate_2,2002,316.279
swe,sex_t,geo_cov_x,mts_aggregate_2,2003,316.279
swe,sex_t,geo_cov_x,mts_aggregate_2,2004,317.589
swe,sex_t,geo_cov_x,mts_aggregate_2,2005,321.801
swe,sex_t,geo_cov_x,mts_aggregate_2,2006,323.571
swe,sex_t,geo_cov_x,mts_aggregate_2,2007,325.242
swe,sex_t,geo_cov_x,mts_aggregate_2,2008,327.388
swe,sex_t,geo_cov_x,mts_aggregate_2,2009,327.591
swe,sex_t,geo_cov_x,mts_aggregate_total,1995,103
swe,sex_t,geo_cov_x,mts_aggregate_total,1996,860.856
swe,sex_t,geo_cov_x,mts_aggregate_total,1997,860.856
swe,sex_t,geo_cov_x,mts_aggregate_total,1998,870.543
swe,sex_t,geo_cov_x,mts_aggregate_total,1999,876.222
swe,sex_t,geo_cov_x,mts_aggregate_total,2000,886.6
swe,sex_t,geo_cov_x,mts_aggregate_total,2001,785.381
swe,sex_t,geo_cov_x,mts_aggregate_total,2002,792.315
swe,sex_t,geo_cov_x,mts_aggregate_total,2003,792.315
swe,sex_t,geo_cov_x,mts_aggregate_total,2004,791.511
swe,sex_t,geo_cov_x,mts_aggregate_total,2005,796.894
swe,sex_t,geo_cov_x,mts_aggregate_total,2006,799.101
swe,sex_t,geo_cov_x,mts_aggregate_total,2007,800.089
swe,sex_t,geo_cov_x,mts_aggregate_total,2008,787.886
swe,sex_t,geo_cov_x,mts_aggregate_total,2009,803.467
swz,sex_f,geo_cov_nat,mts_aggregate_1,2016,135.771
swz,sex_f,geo_cov_nat,mts_aggregate_2,2016,75.401
swz,sex_f,geo_cov_nat,mts_aggregate_total,2016,211.172
swz,sex_f,geo_cov_nat,mts_details_mrd,2016,70.505
swz,sex_f,geo_cov_nat,mts_details_sep,2016,2.557
swz,sex_f,geo_cov_nat,mts_details_sgle,2016,111.458
swz,sex_f,geo_cov_nat,mts_details_total,2016,211.172
swz,sex_f,geo_cov_nat,mts_details_union,2016,4.897
swz,sex_f,geo_cov_nat,mts_details_wid,2016,21.756
swz,sex_f,geo_cov_rur,mts_aggregate_1,2016,109.241
swz,sex_f,geo_cov_rur,mts_aggregate_2,2016,65.113
swz,sex_f,geo_cov_rur,mts_aggregate_total,2016,174.353
swz,sex_f,geo_cov_rur,mts_details_mrd,2016,61.067
swz,sex_f,geo_cov_rur,mts_details_sep,2016,2.076
swz,sex_f,geo_cov_rur,mts_details_sgle,2016,87.369
swz,sex_f,geo_cov_rur,mts_details_total,2016,174.353
swz,sex_f,geo_cov_rur,mts_details_union,2016,4.046
swz,sex_f,geo_cov_rur,mts_details_wid,2016,19.796
swz,sex_f,geo_cov_urb,mts_aggregate_1,2016,26.53
swz,sex_f,geo_cov_urb,mts_aggregate_2,2016,10.289
swz,sex_f,geo_cov_urb,mts_aggregate_total,2016,36.819
swz,sex_f,geo_cov_urb,mts_details_mrd,2016,9.438
swz,sex_f,geo_cov_urb,mts_details_sgle,2016,24.09
swz,sex_f,geo_cov_urb,mts_details_total,2016,36.819
swz,sex_f,geo_cov_urb,mts_details_union,2016,0.851
swz,sex_f,geo_cov_urb,mts_details_wid,2016,1.961
swz,sex_m,geo_cov_nat,mts_aggregate_1,2016,117.746
swz,sex_m,geo_cov_nat,mts_aggregate_2,2016,32.007
swz,sex_m,geo_cov_nat,mts_aggregate_total,2016,149.84
swz,sex_m,geo_cov_nat,mts_details_mrd,2016,29.702
swz,sex_m,geo_cov_nat,mts_details_sep,2016,1.453
swz,sex_m,geo_cov_nat,mts_details_sgle,2016,113.952
swz,sex_m,geo_cov_nat,mts_details_total,2016,149.84
swz,sex_m,geo_cov_nat,mts_details_union,2016,2.305
swz,sex_m,geo_cov_nat,mts_details_wid,2016,2.34
swz,sex_m,geo_cov_rur,mts_aggregate_1,2016,99.229
swz,sex_m,geo_cov_rur,mts_aggregate_2,2016,27.153
swz,sex_m,geo_cov_rur,mts_aggregate_total,2016,126.382
swz,sex_m,geo_cov_rur,mts_details_mrd,2016,25.803
swz,sex_m,geo_cov_rur,mts_details_sep,2016,1.366
swz,sex_m,geo_cov_rur,mts_details_sgle,2016,95.524
swz,sex_m,geo_cov_rur,mts_details_total,2016,126.382
swz,sex_m,geo_cov_rur,mts_details_union,2016,1.35
swz,sex_m,geo_cov_rur,mts_details_wid,2016,2.34
swz,sex_m,geo_cov_urb,mts_aggregate_1,2016,18.516
swz,sex_m,geo_cov_urb,mts_aggregate_2,2016,4.854
swz,sex_m,geo_cov_urb,mts_aggregate_total,2016,23.458
swz,sex_m,geo_cov_urb,mts_details_mrd,2016,3.899
swz,sex_m,geo_cov_urb,mts_details_sgle,2016,18.428
swz,sex_m,geo_cov_urb,mts_details_total,2016,23.458
swz,sex_m,geo_cov_urb,mts_details_union,2016,0.955
swz,sex_t,geo_cov_nat,mts_aggregate_1,2016,253.516
swz,sex_t,geo_cov_nat,mts_aggregate_2,2016,107.408
swz,sex_t,geo_cov_nat,mts_aggregate_total,2016,361.012
swz,sex_t,geo_cov_nat,mts_details_mrd,2016,100.206
swz,sex_t,geo_cov_nat,mts_details_sep,2016,4.01
swz,sex_t,geo_cov_nat,mts_details_sgle,2016,225.41
swz,sex_t,geo_cov_nat,mts_details_total,2016,361.012
swz,sex_t,geo_cov_nat,mts_details_union,2016,7.202
swz,sex_t,geo_cov_nat,mts_details_wid,2016,24.096
swz,sex_t,geo_cov_rur,mts_aggregate_1,2016,208.47
swz,sex_t,geo_cov_rur,mts_aggregate_2,2016,92.265
swz,sex_t,geo_cov_rur,mts_aggregate_total,2016,300.735
swz,sex_t,geo_cov_rur,mts_details_mrd,2016,86.869
swz,sex_t,geo_cov_rur,mts_details_sep,2016,3.442
swz,sex_t,geo_cov_rur,mts_details_sgle,2016,182.892
swz,sex_t,geo_cov_rur,mts_details_total,2016,300.735
swz,sex_t,geo_cov_rur,mts_details_union,2016,5.396
swz,sex_t,geo_cov_rur,mts_details_wid,2016,22.136
swz,sex_t,geo_cov_urb,mts_aggregate_1,2016,45.047
swz,sex_t,geo_cov_urb,mts_aggregate_2,2016,15.142
swz,sex_t,geo_cov_urb,mts_aggregate_total,2016,60.277
swz,sex_t,geo_cov_urb,mts_details_mrd,2016,13.337
swz,sex_t,geo_cov_urb,mts_details_sep,2016,0.568
swz,sex_t,geo_cov_urb,mts_details_sgle,2016,42.518
swz,sex_t,geo_cov_urb,mts_details_total,2016,60.277
swz,sex_t,geo_cov_urb,mts_details_union,2016,1.805
swz,sex_t,geo_cov_urb,mts_details_wid,2016,1.961
tgo,sex_f,geo_cov_nat,mts_aggregate_1,2006,202.997
tgo,sex_f,geo_cov_nat,mts_aggregate_1,2011,270.279
tgo,sex_f,geo_cov_nat,mts_aggregate_1,2015,316.311
tgo,sex_f,geo_cov_nat,mts_aggregate_1,2017,478.164
tgo,sex_f,geo_cov_nat,mts_aggregate_2,2006,99.943
tgo,sex_f,geo_cov_nat,mts_aggregate_2,2011,160.764
tgo,sex_f,geo_cov_nat,mts_aggregate_2,2015,233.977
tgo,sex_f,geo_cov_nat,mts_aggregate_2,2017,420.319
tgo,sex_f,geo_cov_nat,mts_aggregate_total,2006,303.731
tgo,sex_f,geo_cov_nat,mts_aggregate_total,2011,432.814
tgo,sex_f,geo_cov_nat,mts_aggregate_total,2015,920.263
tgo,sex_f,geo_cov_nat,mts_aggregate_total,2017,898.483
tgo,sex_f,geo_cov_nat,mts_aggregate_x,2006,0.792
tgo,sex_f,geo_cov_nat,mts_aggregate_x,2011,1.771
tgo,sex_f,geo_cov_nat,mts_aggregate_x,2015,369.974
tgo,sex_f,geo_cov_nat,mts_details_mrd,2006,99.943
tgo,sex_f,geo_cov_nat,mts_details_mrd,2011,138.112
tgo,sex_f,geo_cov_nat,mts_details_mrd,2015,189.164
tgo,sex_f,geo_cov_nat,mts_details_mrd,2017,420.319
tgo,sex_f,geo_cov_nat,mts_details_sep,2006,7.138
tgo,sex_f,geo_cov_nat,mts_details_sep,2011,14.45
tgo,sex_f,geo_cov_nat,mts_details_sep,2015,11.036
tgo,sex_f,geo_cov_nat,mts_details_sep,2017,15.443
tgo,sex_f,geo_cov_nat,mts_details_sgle,2006,144.364
tgo,sex_f,geo_cov_nat,mts_details_sgle,2011,188.626
tgo,sex_f,geo_cov_nat,mts_details_sgle,2015,221.183
tgo,sex_f,geo_cov_nat,mts_details_sgle,2017,346.052
tgo,sex_f,geo_cov_nat,mts_details_total,2006,303.731
tgo,sex_f,geo_cov_nat,mts_details_total,2011,432.814
tgo,sex_f,geo_cov_nat,mts_details_total,2015,920.263
tgo,sex_f,geo_cov_nat,mts_details_total,2017,898.483
tgo,sex_f,geo_cov_nat,mts_details_union,2011,22.652
tgo,sex_f,geo_cov_nat,mts_details_union,2015,44.813
tgo,sex_f,geo_cov_nat,mts_details_wid,2006,51.495
tgo,sex_f,geo_cov_nat,mts_details_wid,2011,67.204
tgo,sex_f,geo_cov_nat,mts_details_wid,2015,84.092
tgo,sex_f,geo_cov_nat,mts_details_wid,2017,116.669
tgo,sex_f,geo_cov_nat,mts_details_x,2006,0.792
tgo,sex_f,geo_cov_nat,mts_details_x,2011,1.771
tgo,sex_f,geo_cov_nat,mts_details_x,2015,369.974
tgo,sex_f,geo_cov_rur,mts_aggregate_1,2006,89.837
tgo,sex_f,geo_cov_rur,mts_aggregate_1,2011,117.013
tgo,sex_f,geo_cov_rur,mts_aggregate_1,2015,114.749
tgo,sex_f,geo_cov_rur,mts_aggregate_1,2017,234.446
tgo,sex_f,geo_cov_rur,mts_aggregate_2,2006,51.808
tgo,sex_f,geo_cov_rur,mts_aggregate_2,2011,63.258
tgo,sex_f,geo_cov_rur,mts_aggregate_2,2015,98.933
tgo,sex_f,geo_cov_rur,mts_aggregate_2,2017,256.414
tgo,sex_f,geo_cov_rur,mts_aggregate_total,2006,141.869
tgo,sex_f,geo_cov_rur,mts_aggregate_total,2011,181.899
tgo,sex_f,geo_cov_rur,mts_aggregate_total,2015,395.899
tgo,sex_f,geo_cov_rur,mts_aggregate_total,2017,490.86
tgo,sex_f,geo_cov_rur,mts_aggregate_x,2006,0.223
tgo,sex_f,geo_cov_rur,mts_aggregate_x,2011,1.628
tgo,sex_f,geo_cov_rur,mts_aggregate_x,2015,182.217
tgo,sex_f,geo_cov_rur,mts_details_mrd,2006,51.808
tgo,sex_f,geo_cov_rur,mts_details_mrd,2011,52.244
tgo,sex_f,geo_cov_rur,mts_details_mrd,2015,84.762
tgo,sex_f,geo_cov_rur,mts_details_mrd,2017,256.414
tgo,sex_f,geo_cov_rur,mts_details_sep,2006,2.902
tgo,sex_f,geo_cov_rur,mts_details_sep,2011,9.154
tgo,sex_f,geo_cov_rur,mts_details_sep,2017,5.281
tgo,sex_f,geo_cov_rur,mts_details_sgle,2006,51.113
tgo,sex_f,geo_cov_rur,mts_details_sgle,2011,63.365
tgo,sex_f,geo_cov_rur,mts_details_sgle,2015,59.691
tgo,sex_f,geo_cov_rur,mts_details_sgle,2017,152.513
tgo,sex_f,geo_cov_rur,mts_details_total,2006,141.869
tgo,sex_f,geo_cov_rur,mts_details_total,2011,181.899
tgo,sex_f,geo_cov_rur,mts_details_total,2015,395.899
tgo,sex_f,geo_cov_rur,mts_details_total,2017,490.86
tgo,sex_f,geo_cov_rur,mts_details_union,2011,11.014
tgo,sex_f,geo_cov_rur,mts_details_union,2015,14.172
tgo,sex_f,geo_cov_rur,mts_details_wid,2006,35.823
tgo,sex_f,geo_cov_rur,mts_details_wid,2011,44.494
tgo,sex_f,geo_cov_rur,mts_details_wid,2015,53.341
tgo,sex_f,geo_cov_rur,mts_details_wid,2017,76.653
tgo,sex_f,geo_cov_rur,mts_details_x,2006,0.223
tgo,sex_f,geo_cov_rur,mts_details_x,2011,1.628
tgo,sex_f,geo_cov_rur,mts_details_x,2015,182.217
tgo,sex_f,geo_cov_urb,mts_aggregate_1,2006,113.159
tgo,sex_f,geo_cov_urb,mts_aggregate_1,2011,153.267
tgo,sex_f,geo_cov_urb,mts_aggregate_1,2015,201.562
tgo,sex_f,geo_cov_urb,mts_aggregate_1,2017,243.718
tgo,sex_f,geo_cov_urb,mts_aggregate_2,2006,48.134
tgo,sex_f,geo_cov_urb,mts_aggregate_2,2011,97.506
tgo,sex_f,geo_cov_urb,mts_aggregate_2,2015,135.044
tgo,sex_f,geo_cov_urb,mts_aggregate_2,2017,163.905
tgo,sex_f,geo_cov_urb,mts_aggregate_total,2006,161.862
tgo,sex_f,geo_cov_urb,mts_aggregate_total,2011,250.915
tgo,sex_f,geo_cov_urb,mts_aggregate_total,2015,524.364
tgo,sex_f,geo_cov_urb,mts_aggregate_total,2017,407.623
tgo,sex_f,geo_cov_urb,mts_aggregate_x,2006,0.569
tgo,sex_f,geo_cov_urb,mts_aggregate_x,2011,0.142
tgo,sex_f,geo_cov_urb,mts_aggregate_x,2015,187.757
tgo,sex_f,geo_cov_urb,mts_details_mrd,2006,48.134
tgo,sex_f,geo_cov_urb,mts_details_mrd,2011,85.869
tgo,sex_f,geo_cov_urb,mts_details_mrd,2015,104.402
tgo,sex_f,geo_cov_urb,mts_details_mrd,2017,163.905
tgo,sex_f,geo_cov_urb,mts_details_sep,2006,4.236
tgo,sex_f,geo_cov_urb,mts_details_sep,2011,5.296
tgo,sex_f,geo_cov_urb,mts_details_sep,2015,9.319
tgo,sex_f,geo_cov_urb,mts_details_sep,2017,10.162
tgo,sex_f,geo_cov_urb,mts_details_sgle,2006,93.251
tgo,sex_f,geo_cov_urb,mts_details_sgle,2011,125.26
tgo,sex_f,geo_cov_urb,mts_details_sgle,2015,161.492
tgo,sex_f,geo_cov_urb,mts_details_sgle,2017,193.539
tgo,sex_f,geo_cov_urb,mts_details_total,2006,161.862
tgo,sex_f,geo_cov_urb,mts_details_total,2011,250.915
tgo,sex_f,geo_cov_urb,mts_details_total,2015,524.364
tgo,sex_f,geo_cov_urb,mts_details_total,2017,407.623
tgo,sex_f,geo_cov_urb,mts_details_union,2011,11.637
tgo,sex_f,geo_cov_urb,mts_details_union,2015,30.642
tgo,sex_f,geo_cov_urb,mts_details_wid,2006,15.673
tgo,sex_f,geo_cov_urb,mts_details_wid,2011,22.71
tgo,sex_f,geo_cov_urb,mts_details_wid,2015,30.752
tgo,sex_f,geo_cov_urb,mts_details_wid,2017,40.017
tgo,sex_f,geo_cov_urb,mts_details_x,2006,0.569
tgo,sex_f,geo_cov_urb,mts_details_x,2011,0.142
tgo,sex_f,geo_cov_urb,mts_details_x,2015,187.757
tgo,sex_m,geo_cov_nat,mts_aggregate_1,2006,222.661
tgo,sex_m,geo_cov_nat,mts_aggregate_1,2011,261.745
tgo,sex_m,geo_cov_nat,mts_aggregate_1,2015,307.362
tgo,sex_m,geo_cov_nat,mts_aggregate_1,2017,507.297
tgo,sex_m,geo_cov_nat,mts_aggregate_2,2006,66.874
tgo,sex_m,geo_cov_nat,mts_aggregate_2,2011,65.025
tgo,sex_m,geo_cov_nat,mts_aggregate_2,2015,107.901
tgo,sex_m,geo_cov_nat,mts_aggregate_2,2017,179.951
tgo,sex_m,geo_cov_nat,mts_aggregate_total,2006,289.872
tgo,sex_m,geo_cov_nat,mts_aggregate_total,2011,326.985
tgo,sex_m,geo_cov_nat,mts_aggregate_total,2015,1484.068
tgo,sex_m,geo_cov_nat,mts_aggregate_total,2017,687.545
tgo,sex_m,geo_cov_nat,mts_aggregate_x,2006,0.336
tgo,sex_m,geo_cov_nat,mts_aggregate_x,2011,0.215
tgo,sex_m,geo_cov_nat,mts_aggregate_x,2015,1068.805
tgo,sex_m,geo_cov_nat,mts_aggregate_x,2017,0.297
tgo,sex_m,geo_cov_nat,mts_details_mrd,2006,66.874
tgo,sex_m,geo_cov_nat,mts_details_mrd,2011,60.869
tgo,sex_m,geo_cov_nat,mts_details_mrd,2015,91.113
tgo,sex_m,geo_cov_nat,mts_details_mrd,2017,179.951
tgo,sex_m,geo_cov_nat,mts_details_sep,2006,4.716
tgo,sex_m,geo_cov_nat,mts_details_sep,2011,7.019
tgo,sex_m,geo_cov_nat,mts_details_sep,2015,7.789
tgo,sex_m,geo_cov_nat,mts_details_sep,2017,11.637
tgo,sex_m,geo_cov_nat,mts_details_sgle,2006,211.912
tgo,sex_m,geo_cov_nat,mts_details_sgle,2011,247.925
tgo,sex_m,geo_cov_nat,mts_details_sgle,2015,292.55
tgo,sex_m,geo_cov_nat,mts_details_sgle,2017,477.581
tgo,sex_m,geo_cov_nat,mts_details_total,2006,289.872
tgo,sex_m,geo_cov_nat,mts_details_total,2011,326.985
tgo,sex_m,geo_cov_nat,mts_details_total,2015,1484.068
tgo,sex_m,geo_cov_nat,mts_details_total,2017,687.545
tgo,sex_m,geo_cov_nat,mts_details_union,2011,4.157
tgo,sex_m,geo_cov_nat,mts_details_union,2015,16.788
tgo,sex_m,geo_cov_nat,mts_details_wid,2006,6.033
tgo,sex_m,geo_cov_nat,mts_details_wid,2011,6.801
tgo,sex_m,geo_cov_nat,mts_details_wid,2015,7.023
tgo,sex_m,geo_cov_nat,mts_details_wid,2017,18.08
tgo,sex_m,geo_cov_nat,mts_details_x,2006,0.336
tgo,sex_m,geo_cov_nat,mts_details_x,2011,0.215
tgo,sex_m,geo_cov_nat,mts_details_x,2015,1068.805
tgo,sex_m,geo_cov_nat,mts_details_x,2017,0.297
tgo,sex_m,geo_cov_rur,mts_aggregate_1,2006,90.54
tgo,sex_m,geo_cov_rur,mts_aggregate_1,2011,95.28
tgo,sex_m,geo_cov_rur,mts_aggregate_1,2015,126.318
tgo,sex_m,geo_cov_rur,mts_aggregate_1,2017,274.141
tgo,sex_m,geo_cov_rur,mts_aggregate_2,2006,38.526
tgo,sex_m,geo_cov_rur,mts_aggregate_2,2011,27.981
tgo,sex_m,geo_cov_rur,mts_aggregate_2,2015,47.779
tgo,sex_m,geo_cov_rur,mts_aggregate_2,2017,115.343
tgo,sex_m,geo_cov_rur,mts_aggregate_total,2006,129.066
tgo,sex_m,geo_cov_rur,mts_aggregate_total,2011,123.406
tgo,sex_m,geo_cov_rur,mts_aggregate_total,2015,738.769
tgo,sex_m,geo_cov_rur,mts_aggregate_total,2017,389.782
tgo,sex_m,geo_cov_rur,mts_aggregate_x,2011,0.146
tgo,sex_m,geo_cov_rur,mts_aggregate_x,2015,564.672
tgo,sex_m,geo_cov_rur,mts_aggregate_x,2017,0.297
tgo,sex_m,geo_cov_rur,mts_details_mrd,2006,38.526
tgo,sex_m,geo_cov_rur,mts_details_mrd,2011,26.142
tgo,sex_m,geo_cov_rur,mts_details_mrd,2015,40.425
tgo,sex_m,geo_cov_rur,mts_details_mrd,2017,115.343
tgo,sex_m,geo_cov_rur,mts_details_sep,2006,2.128
tgo,sex_m,geo_cov_rur,mts_details_sep,2011,2.911
tgo,sex_m,geo_cov_rur,mts_details_sep,2017,7.334
tgo,sex_m,geo_cov_rur,mts_details_sgle,2006,84.728
tgo,sex_m,geo_cov_rur,mts_details_sgle,2011,88.606
tgo,sex_m,geo_cov_rur,mts_details_sgle,2015,118.974
tgo,sex_m,geo_cov_rur,mts_details_sgle,2017,256.525
tgo,sex_m,geo_cov_rur,mts_details_total,2006,129.066
tgo,sex_m,geo_cov_rur,mts_details_total,2011,123.406
tgo,sex_m,geo_cov_rur,mts_details_total,2015,738.769
tgo,sex_m,geo_cov_rur,mts_details_total,2017,389.782
tgo,sex_m,geo_cov_rur,mts_details_union,2011,1.839
tgo,sex_m,geo_cov_rur,mts_details_union,2015,7.354
tgo,sex_m,geo_cov_rur,mts_details_wid,2006,3.684
tgo,sex_m,geo_cov_rur,mts_details_wid,2011,3.763
tgo,sex_m,geo_cov_rur,mts_details_wid,2015,4.8
tgo,sex_m,geo_cov_rur,mts_details_wid,2017,10.282
tgo,sex_m,geo_cov_rur,mts_details_x,2011,0.146
tgo,sex_m,geo_cov_rur,mts_details_x,2015,564.672
tgo,sex_m,geo_cov_rur,mts_details_x,2017,0.297
tgo,sex_m,geo_cov_urb,mts_aggregate_1,2006,132.121
tgo,sex_m,geo_cov_urb,mts_aggregate_1,2011,166.465
tgo,sex_m,geo_cov_urb,mts_aggregate_1,2015,181.043
tgo,sex_m,geo_cov_urb,mts_aggregate_1,2017,233.156
tgo,sex_m,geo_cov_urb,mts_aggregate_2,2006,28.348
tgo,sex_m,geo_cov_urb,mts_aggregate_2,2011,37.044
tgo,sex_m,geo_cov_urb,mts_aggregate_2,2015,60.122
tgo,sex_m,geo_cov_urb,mts_aggregate_2,2017,64.608
tgo,sex_m,geo_cov_urb,mts_aggregate_total,2006,160.805
tgo,sex_m,geo_cov_urb,mts_aggregate_total,2011,203.578
tgo,sex_m,geo_cov_urb,mts_aggregate_total,2015,745.299
tgo,sex_m,geo_cov_urb,mts_aggregate_total,2017,297.763
tgo,sex_m,geo_cov_urb,mts_aggregate_x,2006,0.336
tgo,sex_m,geo_cov_urb,mts_aggregate_x,2011,0.069
tgo,sex_m,geo_cov_urb,mts_aggregate_x,2015,504.133
tgo,sex_m,geo_cov_urb,mts_details_mrd,2006,28.348
tgo,sex_m,geo_cov_urb,mts_details_mrd,2011,34.727
tgo,sex_m,geo_cov_urb,mts_details_mrd,2015,50.688
tgo,sex_m,geo_cov_urb,mts_details_mrd,2017,64.608
tgo,sex_m,geo_cov_urb,mts_details_sep,2006,2.588
tgo,sex_m,geo_cov_urb,mts_details_sep,2011,4.108
tgo,sex_m,geo_cov_urb,mts_details_sep,2015,5.245
tgo,sex_m,geo_cov_urb,mts_details_sep,2017,4.303
tgo,sex_m,geo_cov_urb,mts_details_sgle,2006,127.184
tgo,sex_m,geo_cov_urb,mts_details_sgle,2011,159.32
tgo,sex_m,geo_cov_urb,mts_details_sgle,2015,173.575
tgo,sex_m,geo_cov_urb,mts_details_sgle,2017,221.056
tgo,sex_m,geo_cov_urb,mts_details_total,2006,160.805
tgo,sex_m,geo_cov_urb,mts_details_total,2011,203.578
tgo,sex_m,geo_cov_urb,mts_details_total,2015,745.299
tgo,sex_m,geo_cov_urb,mts_details_total,2017,297.763
tgo,sex_m,geo_cov_urb,mts_details_union,2011,2.318
tgo,sex_m,geo_cov_urb,mts_details_union,2015,9.434
tgo,sex_m,geo_cov_urb,mts_details_wid,2006,2.349
tgo,sex_m,geo_cov_urb,mts_details_wid,2011,3.037
tgo,sex_m,geo_cov_urb,mts_details_wid,2017,7.798
tgo,sex_m,geo_cov_urb,mts_details_x,2006,0.336
tgo,sex_m,geo_cov_urb,mts_details_x,2011,0.069
tgo,sex_m,geo_cov_urb,mts_details_x,2015,504.133
tgo,sex_t,geo_cov_nat,mts_aggregate_1,2006,425.658
tgo,sex_t,geo_cov_nat,mts_aggregate_1,2011,532.024
tgo,sex_t,geo_cov_nat,mts_aggregate_1,2015,623.673
tgo,sex_t,geo_cov_nat,mts_aggregate_1,2017,985.461
tgo,sex_t,geo_cov_nat,mts_aggregate_2,2006,166.817
tgo,sex_t,geo_cov_nat,mts_aggregate_2,2011,225.789
tgo,sex_t,geo_cov_nat,mts_aggregate_2,2015,341.878
tgo,sex_t,geo_cov_nat,mts_aggregate_2,2017,600.269
tgo,sex_t,geo_cov_nat,mts_aggregate_total,2006,593.603
tgo,sex_t,geo_cov_nat,mts_aggregate_total,2011,759.799
tgo,sex_t,geo_cov_nat,mts_aggregate_total,2015,2404.33
tgo,sex_t,geo_cov_nat,mts_aggregate_total,2017,1586.028
tgo,sex_t,geo_cov_nat,mts_aggregate_x,2006,1.128
tgo,sex_t,geo_cov_nat,mts_aggregate_x,2011,1.985
tgo,sex_t,geo_cov_nat,mts_aggregate_x,2015,1438.779
tgo,sex_t,geo_cov_nat,mts_aggregate_x,2017,0.297
tgo,sex_t,geo_cov_nat,mts_details_mrd,2006,166.817
tgo,sex_t,geo_cov_nat,mts_details_mrd,2011,198.981
tgo,sex_t,geo_cov_nat,mts_details_mrd,2015,280.277
tgo,sex_t,geo_cov_nat,mts_details_mrd,2017,600.269
tgo,sex_t,geo_cov_nat,mts_details_sep,2006,11.854
tgo,sex_t,geo_cov_nat,mts_details_sep,2011,21.469
tgo,sex_t,geo_cov_nat,mts_details_sep,2015,18.825
tgo,sex_t,geo_cov_nat,mts_details_sep,2017,27.08
tgo,sex_t,geo_cov_nat,mts_details_sgle,2006,356.276
tgo,sex_t,geo_cov_nat,mts_details_sgle,2011,436.551
tgo,sex_t,geo_cov_nat,mts_details_sgle,2015,513.733
tgo,sex_t,geo_cov_nat,mts_details_sgle,2017,823.633
tgo,sex_t,geo_cov_nat,mts_details_total,2006,593.603
tgo,sex_t,geo_cov_nat,mts_details_total,2011,759.799
tgo,sex_t,geo_cov_nat,mts_details_total,2015,2404.33
tgo,sex_t,geo_cov_nat,mts_details_total,2017,1586.028
tgo,sex_t,geo_cov_nat,mts_details_union,2011,26.808
tgo,sex_t,geo_cov_nat,mts_details_union,2015,61.602
tgo,sex_t,geo_cov_nat,mts_details_wid,2006,57.528
tgo,sex_t,geo_cov_nat,mts_details_wid,2011,74.005
tgo,sex_t,geo_cov_nat,mts_details_wid,2015,91.115
tgo,sex_t,geo_cov_nat,mts_details_wid,2017,134.749
tgo,sex_t,geo_cov_nat,mts_details_x,2006,1.128
tgo,sex_t,geo_cov_nat,mts_details_x,2011,1.985
tgo,sex_t,geo_cov_nat,mts_details_x,2015,1438.779
tgo,sex_t,geo_cov_nat,mts_details_x,2017,0.297
tgo,sex_t,geo_cov_rur,mts_aggregate_1,2006,180.377
tgo,sex_t,geo_cov_rur,mts_aggregate_1,2011,212.293
tgo,sex_t,geo_cov_rur,mts_aggregate_1,2015,241.067
tgo,sex_t,geo_cov_rur,mts_aggregate_1,2017,508.588
tgo,sex_t,geo_cov_rur,mts_aggregate_2,2006,90.335
tgo,sex_t,geo_cov_rur,mts_aggregate_2,2011,91.239
tgo,sex_t,geo_cov_rur,mts_aggregate_2,2015,146.712
tgo,sex_t,geo_cov_rur,mts_aggregate_2,2017,371.757
tgo,sex_t,geo_cov_rur,mts_aggregate_total,2006,270.935
tgo,sex_t,geo_cov_rur,mts_aggregate_total,2011,305.306
tgo,sex_t,geo_cov_rur,mts_aggregate_total,2015,1134.668
tgo,sex_t,geo_cov_rur,mts_aggregate_total,2017,880.642
tgo,sex_t,geo_cov_rur,mts_aggregate_x,2006,0.223
tgo,sex_t,geo_cov_rur,mts_aggregate_x,2011,1.774
tgo,sex_t,geo_cov_rur,mts_aggregate_x,2015,746.889
tgo,sex_t,geo_cov_rur,mts_aggregate_x,2017,0.297
tgo,sex_t,geo_cov_rur,mts_details_mrd,2006,90.335
tgo,sex_t,geo_cov_rur,mts_details_mrd,2011,78.386
tgo,sex_t,geo_cov_rur,mts_details_mrd,2015,125.187
tgo,sex_t,geo_cov_rur,mts_details_mrd,2017,371.757
tgo,sex_t,geo_cov_rur,mts_details_sep,2006,5.03
tgo,sex_t,geo_cov_rur,mts_details_sep,2011,12.064
tgo,sex_t,geo_cov_rur,mts_details_sep,2015,4.261
tgo,sex_t,geo_cov_rur,mts_details_sep,2017,12.615
tgo,sex_t,geo_cov_rur,mts_details_sgle,2006,135.841
tgo,sex_t,geo_cov_rur,mts_details_sgle,2011,151.971
tgo,sex_t,geo_cov_rur,mts_details_sgle,2015,178.665
tgo,sex_t,geo_cov_rur,mts_details_sgle,2017,409.038
tgo,sex_t,geo_cov_rur,mts_details_total,2006,270.935
tgo,sex_t,geo_cov_rur,mts_details_total,2011,305.306
tgo,sex_t,geo_cov_rur,mts_details_total,2015,1134.668
tgo,sex_t,geo_cov_rur,mts_details_total,2017,880.642
tgo,sex_t,geo_cov_rur,mts_details_union,2011,12.853
tgo,sex_t,geo_cov_rur,mts_details_union,2015,21.525
tgo,sex_t,geo_cov_rur,mts_details_wid,2006,39.506
tgo,sex_t,geo_cov_rur,mts_details_wid,2011,48.257
tgo,sex_t,geo_cov_rur,mts_details_wid,2015,58.141
tgo,sex_t,geo_cov_rur,mts_details_wid,2017,86.935
tgo,sex_t,geo_cov_rur,mts_details_x,2006,0.223
tgo,sex_t,geo_cov_rur,mts_details_x,2011,1.774
tgo,sex_t,geo_cov_rur,mts_details_x,2015,746.889
tgo,sex_t,geo_cov_rur,mts_details_x,2017,0.297
tgo,sex_t,geo_cov_urb,mts_aggregate_1,2006,245.281
tgo,sex_t,geo_cov_urb,mts_aggregate_1,2011,319.731
tgo,sex_t,geo_cov_urb,mts_aggregate_1,2015,382.606
tgo,sex_t,geo_cov_urb,mts_aggregate_1,2017,476.874
tgo,sex_t,geo_cov_urb,mts_aggregate_2,2006,76.482
tgo,sex_t,geo_cov_urb,mts_aggregate_2,2011,134.55
tgo,sex_t,geo_cov_urb,mts_aggregate_2,2015,195.166
tgo,sex_t,geo_cov_urb,mts_aggregate_2,2017,228.512
tgo,sex_t,geo_cov_urb,mts_aggregate_total,2006,322.668
tgo,sex_t,geo_cov_urb,mts_aggregate_total,2011,454.493
tgo,sex_t,geo_cov_urb,mts_aggregate_total,2015,1269.662
tgo,sex_t,geo_cov_urb,mts_aggregate_total,2017,705.386
tgo,sex_t,geo_cov_urb,mts_aggregate_x,2006,0.905
tgo,sex_t,geo_cov_urb,mts_aggregate_x,2011,0.211
tgo,sex_t,geo_cov_urb,mts_aggregate_x,2015,691.89
tgo,sex_t,geo_cov_urb,mts_details_mrd,2006,76.482
tgo,sex_t,geo_cov_urb,mts_details_mrd,2011,120.595
tgo,sex_t,geo_cov_urb,mts_details_mrd,2015,155.09
tgo,sex_t,geo_cov_urb,mts_details_mrd,2017,228.512
tgo,sex_t,geo_cov_urb,mts_details_sep,2006,6.824
tgo,sex_t,geo_cov_urb,mts_details_sep,2011,9.404
tgo,sex_t,geo_cov_urb,mts_details_sep,2015,14.564
tgo,sex_t,geo_cov_urb,mts_details_sep,2017,14.465
tgo,sex_t,geo_cov_urb,mts_details_sgle,2006,220.435
tgo,sex_t,geo_cov_urb,mts_details_sgle,2011,284.58
tgo,sex_t,geo_cov_urb,mts_details_sgle,2015,335.067
tgo,sex_t,geo_cov_urb,mts_details_sgle,2017,414.594
tgo,sex_t,geo_cov_urb,mts_details_total,2006,322.668
tgo,sex_t,geo_cov_urb,mts_details_total,2011,454.493
tgo,sex_t,geo_cov_urb,mts_details_total,2015,1269.662
tgo,sex_t,geo_cov_urb,mts_details_total,2017,705.386
tgo,sex_t,geo_cov_urb,mts_details_union,2011,13.955
tgo,sex_t,geo_cov_urb,mts_details_union,2015,40.076
tgo,sex_t,geo_cov_urb,mts_details_wid,2006,18.022
tgo,sex_t,geo_cov_urb,mts_details_wid,2011,25.747
tgo,sex_t,geo_cov_urb,mts_details_wid,2015,32.975
tgo,sex_t,geo_cov_urb,mts_details_wid,2017,47.814
tgo,sex_t,geo_cov_urb,mts_details_x,2006,0.905
tgo,sex_t,geo_cov_urb,mts_details_x,2011,0.211
tgo,sex_t,geo_cov_urb,mts_details_x,2015,691.89
tha,sex_f,geo_cov_nat,mts_aggregate_1,2010,5067.834
tha,sex_f,geo_cov_nat,mts_aggregate_1,2013,5474.749
tha,sex_f,geo_cov_nat,mts_aggregate_1,2014,5586.362
tha,sex_f,geo_cov_nat,mts_aggregate_1,2015,5711.145
tha,sex_f,geo_cov_nat,mts_aggregate_1,2016,5824.723
tha,sex_f,geo_cov_nat,mts_aggregate_1,2017,5967.693
tha,sex_f,geo_cov_nat,mts_aggregate_1,2018,6034.443
tha,sex_f,geo_cov_nat,mts_aggregate_1,2019,6135.784
tha,sex_f,geo_cov_nat,mts_aggregate_1,2020,6631.175
tha,sex_f,geo_cov_nat,mts_aggregate_2,2010,4911.405
tha,sex_f,geo_cov_nat,mts_aggregate_2,2013,5259.86
tha,sex_f,geo_cov_nat,mts_aggregate_2,2014,5304.229
tha,sex_f,geo_cov_nat,mts_aggregate_2,2015,5387.053
tha,sex_f,geo_cov_nat,mts_aggregate_2,2016,5617.088
tha,sex_f,geo_cov_nat,mts_aggregate_2,2017,5780.143
tha,sex_f,geo_cov_nat,mts_aggregate_2,2018,5709.047
tha,sex_f,geo_cov_nat,mts_aggregate_2,2019,5863.137
tha,sex_f,geo_cov_nat,mts_aggregate_2,2020,5324.344
tha,sex_f,geo_cov_nat,mts_aggregate_total,2010,9981.046
tha,sex_f,geo_cov_nat,mts_aggregate_total,2013,10736.464
tha,sex_f,geo_cov_nat,mts_aggregate_total,2014,10891.681
tha,sex_f,geo_cov_nat,mts_aggregate_total,2015,11099.468
tha,sex_f,geo_cov_nat,mts_aggregate_total,2016,11442.766
tha,sex_f,geo_cov_nat,mts_aggregate_total,2017,11748.645
tha,sex_f,geo_cov_nat,mts_aggregate_total,2018,11744.185
tha,sex_f,geo_cov_nat,mts_aggregate_total,2019,12000.579
tha,sex_f,geo_cov_nat,mts_aggregate_total,2020,12009.828
tha,sex_f,geo_cov_nat,mts_aggregate_x,2010,1.807
tha,sex_f,geo_cov_nat,mts_aggregate_x,2013,1.856
tha,sex_f,geo_cov_nat,mts_aggregate_x,2014,1.09
tha,sex_f,geo_cov_nat,mts_aggregate_x,2015,1.27
tha,sex_f,geo_cov_nat,mts_aggregate_x,2016,0.955
tha,sex_f,geo_cov_nat,mts_aggregate_x,2017,0.81
tha,sex_f,geo_cov_nat,mts_aggregate_x,2018,0.695
tha,sex_f,geo_cov_nat,mts_aggregate_x,2019,1.658
tha,sex_f,geo_cov_nat,mts_aggregate_x,2020,54.309
tha,sex_f,geo_cov_nat,mts_details_mrd,2010,4911.405
tha,sex_f,geo_cov_nat,mts_details_mrd,2013,5259.86
tha,sex_f,geo_cov_nat,mts_details_mrd,2014,5304.229
tha,sex_f,geo_cov_nat,mts_details_mrd,2015,5387.053
tha,sex_f,geo_cov_nat,mts_details_mrd,2016,5617.088
tha,sex_f,geo_cov_nat,mts_details_mrd,2017,5780.143
tha,sex_f,geo_cov_nat,mts_details_mrd,2018,5709.047
tha,sex_f,geo_cov_nat,mts_details_mrd,2019,5863.137
tha,sex_f,geo_cov_nat,mts_details_mrd,2020,5324.344
tha,sex_f,geo_cov_nat,mts_details_sep,2010,292.925
tha,sex_f,geo_cov_nat,mts_details_sep,2013,336.149
tha,sex_f,geo_cov_nat,mts_details_sep,2014,323.643
tha,sex_f,geo_cov_nat,mts_details_sep,2015,331.915
tha,sex_f,geo_cov_nat,mts_details_sep,2016,368.24
tha,sex_f,geo_cov_nat,mts_details_sep,2017,394.1
tha,sex_f,geo_cov_nat,mts_details_sep,2018,415.28
tha,sex_f,geo_cov_nat,mts_details_sep,2019,412.657
tha,sex_f,geo_cov_nat,mts_details_sep,2020,1014.468
tha,sex_f,geo_cov_nat,mts_details_sgle,2010,2830.048
tha,sex_f,geo_cov_nat,mts_details_sgle,2013,2996.089
tha,sex_f,geo_cov_nat,mts_details_sgle,2014,2991.26
tha,sex_f,geo_cov_nat,mts_details_sgle,2015,3025.671
tha,sex_f,geo_cov_nat,mts_details_sgle,2016,3074.942
tha,sex_f,geo_cov_nat,mts_details_sgle,2017,3142.292
tha,sex_f,geo_cov_nat,mts_details_sgle,2018,3124.327
tha,sex_f,geo_cov_nat,mts_details_sgle,2019,3152.084
tha,sex_f,geo_cov_nat,mts_details_sgle,2020,3259.26
tha,sex_f,geo_cov_nat,mts_details_total,2010,9981.046
tha,sex_f,geo_cov_nat,mts_details_total,2013,10736.464
tha,sex_f,geo_cov_nat,mts_details_total,2014,10891.681
tha,sex_f,geo_cov_nat,mts_details_total,2015,11099.468
tha,sex_f,geo_cov_nat,mts_details_total,2016,11442.766
tha,sex_f,geo_cov_nat,mts_details_total,2017,11748.645
tha,sex_f,geo_cov_nat,mts_details_total,2018,11744.185
tha,sex_f,geo_cov_nat,mts_details_total,2019,12000.579
tha,sex_f,geo_cov_nat,mts_details_total,2020,12009.828
tha,sex_f,geo_cov_nat,mts_details_wid,2010,1944.862
tha,sex_f,geo_cov_nat,mts_details_wid,2013,2142.51
tha,sex_f,geo_cov_nat,mts_details_wid,2014,2271.459
tha,sex_f,geo_cov_nat,mts_details_wid,2015,2353.559
tha,sex_f,geo_cov_nat,mts_details_wid,2016,2381.54
tha,sex_f,geo_cov_nat,mts_details_wid,2017,2431.301
tha,sex_f,geo_cov_nat,mts_details_wid,2018,2494.836
tha,sex_f,geo_cov_nat,mts_details_wid,2019,2571.043
tha,sex_f,geo_cov_nat,mts_details_wid,2020,2357.446
tha,sex_f,geo_cov_nat,mts_details_x,2010,1.807
tha,sex_f,geo_cov_nat,mts_details_x,2013,1.856
tha,sex_f,geo_cov_nat,mts_details_x,2014,1.09
tha,sex_f,geo_cov_nat,mts_details_x,2015,1.27
tha,sex_f,geo_cov_nat,mts_details_x,2016,0.955
tha,sex_f,geo_cov_nat,mts_details_x,2017,0.81
tha,sex_f,geo_cov_nat,mts_details_x,2018,0.695
tha,sex_f,geo_cov_nat,mts_details_x,2019,1.658
tha,sex_f,geo_cov_nat,mts_details_x,2020,54.309
tha,sex_f,geo_cov_rur,mts_aggregate_1,2010,3237.417
tha,sex_f,geo_cov_rur,mts_aggregate_1,2013,2622.93
tha,sex_f,geo_cov_rur,mts_aggregate_1,2014,2994.48
tha,sex_f,geo_cov_rur,mts_aggregate_1,2015,3063.315
tha,sex_f,geo_cov_rur,mts_aggregate_1,2016,3125.922
tha,sex_f,geo_cov_rur,mts_aggregate_1,2017,3211.097
tha,sex_f,geo_cov_rur,mts_aggregate_1,2018,3244.307
tha,sex_f,geo_cov_rur,mts_aggregate_1,2019,3308.715
tha,sex_f,geo_cov_rur,mts_aggregate_1,2020,3616.759
tha,sex_f,geo_cov_rur,mts_aggregate_2,2010,3332.901
tha,sex_f,geo_cov_rur,mts_aggregate_2,2013,2620.402
tha,sex_f,geo_cov_rur,mts_aggregate_2,2014,3002.041
tha,sex_f,geo_cov_rur,mts_aggregate_2,2015,3074.371
tha,sex_f,geo_cov_rur,mts_aggregate_2,2016,3203.889
tha,sex_f,geo_cov_rur,mts_aggregate_2,2017,3298.871
tha,sex_f,geo_cov_rur,mts_aggregate_2,2018,3234.122
tha,sex_f,geo_cov_rur,mts_aggregate_2,2019,3337.026
tha,sex_f,geo_cov_rur,mts_aggregate_2,2020,3007.225
tha,sex_f,geo_cov_rur,mts_aggregate_total,2010,6570.956
tha,sex_f,geo_cov_rur,mts_aggregate_total,2013,5244.262
tha,sex_f,geo_cov_rur,mts_aggregate_total,2014,5997.322
tha,sex_f,geo_cov_rur,mts_aggregate_total,2015,6138.698
tha,sex_f,geo_cov_rur,mts_aggregate_total,2016,6330.485
tha,sex_f,geo_cov_rur,mts_aggregate_total,2017,6510.254
tha,sex_f,geo_cov_rur,mts_aggregate_total,2018,6478.627
tha,sex_f,geo_cov_rur,mts_aggregate_total,2019,6646.963
tha,sex_f,geo_cov_rur,mts_aggregate_total,2020,6653.939
tha,sex_f,geo_cov_rur,mts_aggregate_x,2010,0.638
tha,sex_f,geo_cov_rur,mts_aggregate_x,2013,0.93
tha,sex_f,geo_cov_rur,mts_aggregate_x,2014,0.802
tha,sex_f,geo_cov_rur,mts_aggregate_x,2015,1.012
tha,sex_f,geo_cov_rur,mts_aggregate_x,2016,0.673
tha,sex_f,geo_cov_rur,mts_aggregate_x,2019,1.222
tha,sex_f,geo_cov_rur,mts_aggregate_x,2020,29.954
tha,sex_f,geo_cov_rur,mts_details_mrd,2010,3332.901
tha,sex_f,geo_cov_rur,mts_details_mrd,2013,2620.402
tha,sex_f,geo_cov_rur,mts_details_mrd,2014,3002.041
tha,sex_f,geo_cov_rur,mts_details_mrd,2015,3074.371
tha,sex_f,geo_cov_rur,mts_details_mrd,2016,3203.889
tha,sex_f,geo_cov_rur,mts_details_mrd,2017,3298.871
tha,sex_f,geo_cov_rur,mts_details_mrd,2018,3234.122
tha,sex_f,geo_cov_rur,mts_details_mrd,2019,3337.026
tha,sex_f,geo_cov_rur,mts_details_mrd,2020,3007.225
tha,sex_f,geo_cov_rur,mts_details_sep,2010,168.213
tha,sex_f,geo_cov_rur,mts_details_sep,2013,147.406
tha,sex_f,geo_cov_rur,mts_details_sep,2014,159.008
tha,sex_f,geo_cov_rur,mts_details_sep,2015,165.768
tha,sex_f,geo_cov_rur,mts_details_sep,2016,191.224
tha,sex_f,geo_cov_rur,mts_details_sep,2017,200.633
tha,sex_f,geo_cov_rur,mts_details_sep,2018,208.218
tha,sex_f,geo_cov_rur,mts_details_sep,2019,215.432
tha,sex_f,geo_cov_rur,mts_details_sep,2020,572.118
tha,sex_f,geo_cov_rur,mts_details_sgle,2010,1777.452
tha,sex_f,geo_cov_rur,mts_details_sgle,2013,1400.802
tha,sex_f,geo_cov_rur,mts_details_sgle,2014,1516.111
tha,sex_f,geo_cov_rur,mts_details_sgle,2015,1537.974
tha,sex_f,geo_cov_rur,mts_details_sgle,2016,1538.045
tha,sex_f,geo_cov_rur,mts_details_sgle,2017,1579.272
tha,sex_f,geo_cov_rur,mts_details_sgle,2018,1574.238
tha,sex_f,geo_cov_rur,mts_details_sgle,2019,1603.81
tha,sex_f,geo_cov_rur,mts_details_sgle,2020,1683.611
tha,sex_f,geo_cov_rur,mts_details_total,2010,6570.956
tha,sex_f,geo_cov_rur,mts_details_total,2013,5244.262
tha,sex_f,geo_cov_rur,mts_details_total,2014,5997.322
tha,sex_f,geo_cov_rur,mts_details_total,2015,6138.698
tha,sex_f,geo_cov_rur,mts_details_total,2016,6330.485
tha,sex_f,geo_cov_rur,mts_details_total,2017,6510.254
tha,sex_f,geo_cov_rur,mts_details_total,2018,6478.627
tha,sex_f,geo_cov_rur,mts_details_total,2019,6646.963
tha,sex_f,geo_cov_rur,mts_details_total,2020,6653.939
tha,sex_f,geo_cov_rur,mts_details_wid,2010,1291.753
tha,sex_f,geo_cov_rur,mts_details_wid,2013,1074.723
tha,sex_f,geo_cov_rur,mts_details_wid,2014,1319.36
tha,sex_f,geo_cov_rur,mts_details_wid,2015,1359.573
tha,sex_f,geo_cov_rur,mts_details_wid,2016,1396.653
tha,sex_f,geo_cov_rur,mts_details_wid,2017,1431.192
tha,sex_f,geo_cov_rur,mts_details_wid,2018,1461.852
tha,sex_f,geo_cov_rur,mts_details_wid,2019,1489.473
tha,sex_f,geo_cov_rur,mts_details_wid,2020,1361.03
tha,sex_f,geo_cov_rur,mts_details_x,2010,0.638
tha,sex_f,geo_cov_rur,mts_details_x,2013,0.93
tha,sex_f,geo_cov_rur,mts_details_x,2014,0.802
tha,sex_f,geo_cov_rur,mts_details_x,2015,1.012
tha,sex_f,geo_cov_rur,mts_details_x,2016,0.673
tha,sex_f,geo_cov_rur,mts_details_x,2019,1.222
tha,sex_f,geo_cov_rur,mts_details_x,2020,29.954
tha,sex_f,geo_cov_urb,mts_aggregate_1,2010,1830.417
tha,sex_f,geo_cov_urb,mts_aggregate_1,2013,1495.572
tha,sex_f,geo_cov_urb,mts_aggregate_1,2014,2591.883
tha,sex_f,geo_cov_urb,mts_aggregate_1,2015,2647.83
tha,sex_f,geo_cov_urb,mts_aggregate_1,2016,2698.801
tha,sex_f,geo_cov_urb,mts_aggregate_1,2017,2756.596
tha,sex_f,geo_cov_urb,mts_aggregate_1,2018,2790.136
tha,sex_f,geo_cov_urb,mts_aggregate_1,2019,2827.069
tha,sex_f,geo_cov_urb,mts_aggregate_1,2020,3014.416
tha,sex_f,geo_cov_urb,mts_aggregate_2,2010,1578.504
tha,sex_f,geo_cov_urb,mts_aggregate_2,2013,1353.746
tha,sex_f,geo_cov_urb,mts_aggregate_2,2014,2302.189
tha,sex_f,geo_cov_urb,mts_aggregate_2,2015,2312.682
tha,sex_f,geo_cov_urb,mts_aggregate_2,2016,2413.199
tha,sex_f,geo_cov_urb,mts_aggregate_2,2017,2481.272
tha,sex_f,geo_cov_urb,mts_aggregate_2,2018,2474.925
tha,sex_f,geo_cov_urb,mts_aggregate_2,2019,2526.111
tha,sex_f,geo_cov_urb,mts_aggregate_2,2020,2317.119
tha,sex_f,geo_cov_urb,mts_aggregate_total,2010,3410.09
tha,sex_f,geo_cov_urb,mts_aggregate_total,2013,2849.908
tha,sex_f,geo_cov_urb,mts_aggregate_total,2014,4894.359
tha,sex_f,geo_cov_urb,mts_aggregate_total,2015,4960.77
tha,sex_f,geo_cov_urb,mts_aggregate_total,2016,5112.281
tha,sex_f,geo_cov_urb,mts_aggregate_total,2017,5238.391
tha,sex_f,geo_cov_urb,mts_aggregate_total,2018,5265.558
tha,sex_f,geo_cov_urb,mts_aggregate_total,2019,5353.616
tha,sex_f,geo_cov_urb,mts_aggregate_total,2020,5355.889
tha,sex_f,geo_cov_urb,mts_aggregate_x,2010,1.169
tha,sex_f,geo_cov_urb,mts_aggregate_x,2013,0.59
tha,sex_f,geo_cov_urb,mts_aggregate_x,2014,0.288
tha,sex_f,geo_cov_urb,mts_aggregate_x,2016,0.281
tha,sex_f,geo_cov_urb,mts_aggregate_x,2017,0.523
tha,sex_f,geo_cov_urb,mts_aggregate_x,2018,0.497
tha,sex_f,geo_cov_urb,mts_aggregate_x,2019,0.436
tha,sex_f,geo_cov_urb,mts_aggregate_x,2020,24.354
tha,sex_f,geo_cov_urb,mts_details_mrd,2010,1578.504
tha,sex_f,geo_cov_urb,mts_details_mrd,2013,1353.746
tha,sex_f,geo_cov_urb,mts_details_mrd,2014,2302.189
tha,sex_f,geo_cov_urb,mts_details_mrd,2015,2312.682
tha,sex_f,geo_cov_urb,mts_details_mrd,2016,2413.199
tha,sex_f,geo_cov_urb,mts_details_mrd,2017,2481.272
tha,sex_f,geo_cov_urb,mts_details_mrd,2018,2474.925
tha,sex_f,geo_cov_urb,mts_details_mrd,2019,2526.111
tha,sex_f,geo_cov_urb,mts_details_mrd,2020,2317.119
tha,sex_f,geo_cov_urb,mts_details_sep,2010,124.712
tha,sex_f,geo_cov_urb,mts_details_sep,2013,110.146
tha,sex_f,geo_cov_urb,mts_details_sep,2014,164.634
tha,sex_f,geo_cov_urb,mts_details_sep,2015,166.148
tha,sex_f,geo_cov_urb,mts_details_sep,2016,177.016
tha,sex_f,geo_cov_urb,mts_details_sep,2017,193.467
tha,sex_f,geo_cov_urb,mts_details_sep,2018,207.062
tha,sex_f,geo_cov_urb,mts_details_sep,2019,197.225
tha,sex_f,geo_cov_urb,mts_details_sep,2020,442.351
tha,sex_f,geo_cov_urb,mts_details_sgle,2010,1052.596
tha,sex_f,geo_cov_urb,mts_details_sgle,2013,836.575
tha,sex_f,geo_cov_urb,mts_details_sgle,2014,1475.149
tha,sex_f,geo_cov_urb,mts_details_sgle,2015,1487.697
tha,sex_f,geo_cov_urb,mts_details_sgle,2016,1536.897
tha,sex_f,geo_cov_urb,mts_details_sgle,2017,1563.02
tha,sex_f,geo_cov_urb,mts_details_sgle,2018,1550.089
tha,sex_f,geo_cov_urb,mts_details_sgle,2019,1548.274
tha,sex_f,geo_cov_urb,mts_details_sgle,2020,1575.65
tha,sex_f,geo_cov_urb,mts_details_total,2010,3410.09
tha,sex_f,geo_cov_urb,mts_details_total,2013,2849.908
tha,sex_f,geo_cov_urb,mts_details_total,2014,4894.359
tha,sex_f,geo_cov_urb,mts_details_total,2015,4960.77
tha,sex_f,geo_cov_urb,mts_details_total,2016,5112.281
tha,sex_f,geo_cov_urb,mts_details_total,2017,5238.391
tha,sex_f,geo_cov_urb,mts_details_total,2018,5265.558
tha,sex_f,geo_cov_urb,mts_details_total,2019,5353.616
tha,sex_f,geo_cov_urb,mts_details_total,2020,5355.889
tha,sex_f,geo_cov_urb,mts_details_wid,2010,653.109
tha,sex_f,geo_cov_urb,mts_details_wid,2013,548.851
tha,sex_f,geo_cov_urb,mts_details_wid,2014,952.099
tha,sex_f,geo_cov_urb,mts_details_wid,2015,993.986
tha,sex_f,geo_cov_urb,mts_details_wid,2016,984.887
tha,sex_f,geo_cov_urb,mts_details_wid,2017,1000.109
tha,sex_f,geo_cov_urb,mts_details_wid,2018,1032.984
tha,sex_f,geo_cov_urb,mts_details_wid,2019,1081.57
tha,sex_f,geo_cov_urb,mts_details_wid,2020,996.416
tha,sex_f,geo_cov_urb,mts_details_x,2010,1.169
tha,sex_f,geo_cov_urb,mts_details_x,2013,0.59
tha,sex_f,geo_cov_urb,mts_details_x,2014,0.288
tha,sex_f,geo_cov_urb,mts_details_x,2016,0.281
tha,sex_f,geo_cov_urb,mts_details_x,2017,0.523
tha,sex_f,geo_cov_urb,mts_details_x,2018,0.497
tha,sex_f,geo_cov_urb,mts_details_x,2019,0.436
tha,sex_f,geo_cov_urb,mts_details_x,2020,24.354
tha,sex_f,geo_cov_x,mts_aggregate_1,2013,1356.247
tha,sex_f,geo_cov_x,mts_aggregate_2,2013,1285.712
tha,sex_f,geo_cov_x,mts_aggregate_total,2013,2642.295
tha,sex_f,geo_cov_x,mts_aggregate_x,2013,0.336
tha,sex_f,geo_cov_x,mts_details_mrd,2013,1285.712
tha,sex_f,geo_cov_x,mts_details_sep,2013,78.598
tha,sex_f,geo_cov_x,mts_details_sgle,2013,758.713
tha,sex_f,geo_cov_x,mts_details_total,2013,2642.295
tha,sex_f,geo_cov_x,mts_details_wid,2013,518.936
tha,sex_f,geo_cov_x,mts_details_x,2013,0.336
tha,sex_m,geo_cov_nat,mts_aggregate_1,2010,3375.321
tha,sex_m,geo_cov_nat,mts_aggregate_1,2013,3543.144
tha,sex_m,geo_cov_nat,mts_aggregate_1,2014,3481.297
tha,sex_m,geo_cov_nat,mts_aggregate_1,2015,3594.574
tha,sex_m,geo_cov_nat,mts_aggregate_1,2016,3730.006
tha,sex_m,geo_cov_nat,mts_aggregate_1,2017,3834.998
tha,sex_m,geo_cov_nat,mts_aggregate_1,2018,3795.742
tha,sex_m,geo_cov_nat,mts_aggregate_1,2019,3893.148
tha,sex_m,geo_cov_nat,mts_aggregate_1,2020,4020.109
tha,sex_m,geo_cov_nat,mts_aggregate_2,2010,1828.925
tha,sex_m,geo_cov_nat,mts_aggregate_2,2013,2077.42
tha,sex_m,geo_cov_nat,mts_aggregate_2,2014,2171.436
tha,sex_m,geo_cov_nat,mts_aggregate_2,2015,2299.539
tha,sex_m,geo_cov_nat,mts_aggregate_2,2016,2482.919
tha,sex_m,geo_cov_nat,mts_aggregate_2,2017,2600.822
tha,sex_m,geo_cov_nat,mts_aggregate_2,2018,2581.34
tha,sex_m,geo_cov_nat,mts_aggregate_2,2019,2795.474
tha,sex_m,geo_cov_nat,mts_aggregate_2,2020,2685.156
tha,sex_m,geo_cov_nat,mts_aggregate_total,2010,5205.749
tha,sex_m,geo_cov_nat,mts_aggregate_total,2013,5621.094
tha,sex_m,geo_cov_nat,mts_aggregate_total,2014,5653.537
tha,sex_m,geo_cov_nat,mts_aggregate_total,2015,5894.627
tha,sex_m,geo_cov_nat,mts_aggregate_total,2016,6213.597
tha,sex_m,geo_cov_nat,mts_aggregate_total,2017,6436.885
tha,sex_m,geo_cov_nat,mts_aggregate_total,2018,6378.181
tha,sex_m,geo_cov_nat,mts_aggregate_total,2019,6689.852
tha,sex_m,geo_cov_nat,mts_aggregate_total,2020,6737.848
tha,sex_m,geo_cov_nat,mts_aggregate_x,2010,1.503
tha,sex_m,geo_cov_nat,mts_aggregate_x,2013,0.531
tha,sex_m,geo_cov_nat,mts_aggregate_x,2014,0.804
tha,sex_m,geo_cov_nat,mts_aggregate_x,2015,0.514
tha,sex_m,geo_cov_nat,mts_aggregate_x,2016,0.673
tha,sex_m,geo_cov_nat,mts_aggregate_x,2017,1.064
tha,sex_m,geo_cov_nat,mts_aggregate_x,2018,1.099
tha,sex_m,geo_cov_nat,mts_aggregate_x,2019,1.231
tha,sex_m,geo_cov_nat,mts_aggregate_x,2020,32.583
tha,sex_m,geo_cov_nat,mts_details_mrd,2010,1828.925
tha,sex_m,geo_cov_nat,mts_details_mrd,2013,2077.42
tha,sex_m,geo_cov_nat,mts_details_mrd,2014,2171.436
tha,sex_m,geo_cov_nat,mts_details_mrd,2015,2299.539
tha,sex_m,geo_cov_nat,mts_details_mrd,2016,2482.919
tha,sex_m,geo_cov_nat,mts_details_mrd,2017,2600.822
tha,sex_m,geo_cov_nat,mts_details_mrd,2018,2581.34
tha,sex_m,geo_cov_nat,mts_details_mrd,2019,2795.474
tha,sex_m,geo_cov_nat,mts_details_mrd,2020,2685.156
tha,sex_m,geo_cov_nat,mts_details_sep,2010,110.281
tha,sex_m,geo_cov_nat,mts_details_sep,2013,135.134
tha,sex_m,geo_cov_nat,mts_details_sep,2014,126.352
tha,sex_m,geo_cov_nat,mts_details_sep,2015,138.577
tha,sex_m,geo_cov_nat,mts_details_sep,2016,159.428
tha,sex_m,geo_cov_nat,mts_details_sep,2017,181.92
tha,sex_m,geo_cov_nat,mts_details_sep,2018,181.927
tha,sex_m,geo_cov_nat,mts_details_sep,2019,181.514
tha,sex_m,geo_cov_nat,mts_details_sep,2020,336.581
tha,sex_m,geo_cov_nat,mts_details_sgle,2010,2839.097
tha,sex_m,geo_cov_nat,mts_details_sgle,2013,2918.426
tha,sex_m,geo_cov_nat,mts_details_sgle,2014,2810.665
tha,sex_m,geo_cov_nat,mts_details_sgle,2015,2883.811
tha,sex_m,geo_cov_nat,mts_details_sgle,2016,2992.856
tha,sex_m,geo_cov_nat,mts_details_sgle,2017,3064.343
tha,sex_m,geo_cov_nat,mts_details_sgle,2018,2990.708
tha,sex_m,geo_cov_nat,mts_details_sgle,2019,3088.584
tha,sex_m,geo_cov_nat,mts_details_sgle,2020,3072.577
tha,sex_m,geo_cov_nat,mts_details_total,2010,5205.749
tha,sex_m,geo_cov_nat,mts_details_total,2013,5621.094
tha,sex_m,geo_cov_nat,mts_details_total,2014,5653.537
tha,sex_m,geo_cov_nat,mts_details_total,2015,5894.627
tha,sex_m,geo_cov_nat,mts_details_total,2016,6213.597
tha,sex_m,geo_cov_nat,mts_details_total,2017,6436.885
tha,sex_m,geo_cov_nat,mts_details_total,2018,6378.181
tha,sex_m,geo_cov_nat,mts_details_total,2019,6689.852
tha,sex_m,geo_cov_nat,mts_details_total,2020,6737.848
tha,sex_m,geo_cov_nat,mts_details_wid,2010,425.944
tha,sex_m,geo_cov_nat,mts_details_wid,2013,489.584
tha,sex_m,geo_cov_nat,mts_details_wid,2014,544.28
tha,sex_m,geo_cov_nat,mts_details_wid,2015,572.186
tha,sex_m,geo_cov_nat,mts_details_wid,2016,577.722
tha,sex_m,geo_cov_nat,mts_details_wid,2017,588.735
tha,sex_m,geo_cov_nat,mts_details_wid,2018,623.107
tha,sex_m,geo_cov_nat,mts_details_wid,2019,623.05
tha,sex_m,geo_cov_nat,mts_details_wid,2020,610.952
tha,sex_m,geo_cov_nat,mts_details_x,2010,1.503
tha,sex_m,geo_cov_nat,mts_details_x,2013,0.531
tha,sex_m,geo_cov_nat,mts_details_x,2014,0.804
tha,sex_m,geo_cov_nat,mts_details_x,2015,0.514
tha,sex_m,geo_cov_nat,mts_details_x,2016,0.673
tha,sex_m,geo_cov_nat,mts_details_x,2017,1.064
tha,sex_m,geo_cov_nat,mts_details_x,2018,1.099
tha,sex_m,geo_cov_nat,mts_details_x,2019,1.231
tha,sex_m,geo_cov_nat,mts_details_x,2020,32.583
tha,sex_m,geo_cov_rur,mts_aggregate_1,2010,2208.823
tha,sex_m,geo_cov_rur,mts_aggregate_1,2013,1733.2
tha,sex_m,geo_cov_rur,mts_aggregate_1,2014,1826.994
tha,sex_m,geo_cov_rur,mts_aggregate_1,2015,1927.748
tha,sex_m,geo_cov_rur,mts_aggregate_1,2016,1982.312
tha,sex_m,geo_cov_rur,mts_aggregate_1,2017,2065.289
tha,sex_m,geo_cov_rur,mts_aggregate_1,2018,2029.283
tha,sex_m,geo_cov_rur,mts_aggregate_1,2019,2105.253
tha,sex_m,geo_cov_rur,mts_aggregate_1,2020,2181.113
tha,sex_m,geo_cov_rur,mts_aggregate_2,2010,1119.106
tha,sex_m,geo_cov_rur,mts_aggregate_2,2013,988.995
tha,sex_m,geo_cov_rur,mts_aggregate_2,2014,1136.42
tha,sex_m,geo_cov_rur,mts_aggregate_2,2015,1211.313
tha,sex_m,geo_cov_rur,mts_aggregate_2,2016,1314.305
tha,sex_m,geo_cov_rur,mts_aggregate_2,2017,1381.612
tha,sex_m,geo_cov_rur,mts_aggregate_2,2018,1359.333
tha,sex_m,geo_cov_rur,mts_aggregate_2,2019,1475.826
tha,sex_m,geo_cov_rur,mts_aggregate_2,2020,1398.537
tha,sex_m,geo_cov_rur,mts_aggregate_total,2010,3327.929
tha,sex_m,geo_cov_rur,mts_aggregate_total,2013,2722.36
tha,sex_m,geo_cov_rur,mts_aggregate_total,2014,2963.496
tha,sex_m,geo_cov_rur,mts_aggregate_total,2015,3139.447
tha,sex_m,geo_cov_rur,mts_aggregate_total,2016,3296.752
tha,sex_m,geo_cov_rur,mts_aggregate_total,2017,3447.403
tha,sex_m,geo_cov_rur,mts_aggregate_total,2018,3389.113
tha,sex_m,geo_cov_rur,mts_aggregate_total,2019,3581.767
tha,sex_m,geo_cov_rur,mts_aggregate_total,2020,3597.556
tha,sex_m,geo_cov_rur,mts_aggregate_x,2017,0.502
tha,sex_m,geo_cov_rur,mts_aggregate_x,2018,0.497
tha,sex_m,geo_cov_rur,mts_aggregate_x,2019,0.689
tha,sex_m,geo_cov_rur,mts_aggregate_x,2020,17.906
tha,sex_m,geo_cov_rur,mts_details_mrd,2010,1119.106
tha,sex_m,geo_cov_rur,mts_details_mrd,2013,988.995
tha,sex_m,geo_cov_rur,mts_details_mrd,2014,1136.42
tha,sex_m,geo_cov_rur,mts_details_mrd,2015,1211.313
tha,sex_m,geo_cov_rur,mts_details_mrd,2016,1314.305
tha,sex_m,geo_cov_rur,mts_details_mrd,2017,1381.612
tha,sex_m,geo_cov_rur,mts_details_mrd,2018,1359.333
tha,sex_m,geo_cov_rur,mts_details_mrd,2019,1475.826
tha,sex_m,geo_cov_rur,mts_details_mrd,2020,1398.537
tha,sex_m,geo_cov_rur,mts_details_sep,2010,66.021
tha,sex_m,geo_cov_rur,mts_details_sep,2013,66.28
tha,sex_m,geo_cov_rur,mts_details_sep,2014,67.37
tha,sex_m,geo_cov_rur,mts_details_sep,2015,72.935
tha,sex_m,geo_cov_rur,mts_details_sep,2016,87.977
tha,sex_m,geo_cov_rur,mts_details_sep,2017,99.184
tha,sex_m,geo_cov_rur,mts_details_sep,2018,95.76
tha,sex_m,geo_cov_rur,mts_details_sep,2019,94.979
tha,sex_m,geo_cov_rur,mts_details_sep,2020,190.708
tha,sex_m,geo_cov_rur,mts_details_sgle,2010,1856.729
tha,sex_m,geo_cov_rur,mts_details_sgle,2013,1414.052
tha,sex_m,geo_cov_rur,mts_details_sgle,2014,1439.033
tha,sex_m,geo_cov_rur,mts_details_sgle,2015,1507.913
tha,sex_m,geo_cov_rur,mts_details_sgle,2016,1551.657
tha,sex_m,geo_cov_rur,mts_details_sgle,2017,1619.235
tha,sex_m,geo_cov_rur,mts_details_sgle,2018,1564.913
tha,sex_m,geo_cov_rur,mts_details_sgle,2019,1638.119
tha,sex_m,geo_cov_rur,mts_details_sgle,2020,1634.104
tha,sex_m,geo_cov_rur,mts_details_total,2010,3327.929
tha,sex_m,geo_cov_rur,mts_details_total,2013,2722.36
tha,sex_m,geo_cov_rur,mts_details_total,2014,2963.496
tha,sex_m,geo_cov_rur,mts_details_total,2015,3139.447
tha,sex_m,geo_cov_rur,mts_details_total,2016,3296.752
tha,sex_m,geo_cov_rur,mts_details_total,2017,3447.403
tha,sex_m,geo_cov_rur,mts_details_total,2018,3389.113
tha,sex_m,geo_cov_rur,mts_details_total,2019,3581.767
tha,sex_m,geo_cov_rur,mts_details_total,2020,3597.556
tha,sex_m,geo_cov_rur,mts_details_wid,2010,286.073
tha,sex_m,geo_cov_rur,mts_details_wid,2013,252.869
tha,sex_m,geo_cov_rur,mts_details_wid,2014,320.591
tha,sex_m,geo_cov_rur,mts_details_wid,2015,346.9
tha,sex_m,geo_cov_rur,mts_details_wid,2016,342.678
tha,sex_m,geo_cov_rur,mts_details_wid,2017,346.869
tha,sex_m,geo_cov_rur,mts_details_wid,2018,368.61
tha,sex_m,geo_cov_rur,mts_details_wid,2019,372.154
tha,sex_m,geo_cov_rur,mts_details_wid,2020,356.302
tha,sex_m,geo_cov_rur,mts_details_x,2017,0.502
tha,sex_m,geo_cov_rur,mts_details_x,2018,0.497
tha,sex_m,geo_cov_rur,mts_details_x,2019,0.689
tha,sex_m,geo_cov_rur,mts_details_x,2020,17.906
tha,sex_m,geo_cov_urb,mts_aggregate_1,2010,1166.498
tha,sex_m,geo_cov_urb,mts_aggregate_1,2013,947.268
tha,sex_m,geo_cov_urb,mts_aggregate_1,2014,1654.304
tha,sex_m,geo_cov_urb,mts_aggregate_1,2015,1666.827
tha,sex_m,geo_cov_urb,mts_aggregate_1,2016,1747.694
tha,sex_m,geo_cov_urb,mts_aggregate_1,2017,1769.71
tha,sex_m,geo_cov_urb,mts_aggregate_1,2018,1766.459
tha,sex_m,geo_cov_urb,mts_aggregate_1,2019,1787.895
tha,sex_m,geo_cov_urb,mts_aggregate_1,2020,1838.996
tha,sex_m,geo_cov_urb,mts_aggregate_2,2010,709.819
tha,sex_m,geo_cov_urb,mts_aggregate_2,2013,603.625
tha,sex_m,geo_cov_urb,mts_aggregate_2,2014,1035.016
tha,sex_m,geo_cov_urb,mts_aggregate_2,2015,1088.226
tha,sex_m,geo_cov_urb,mts_aggregate_2,2016,1168.613
tha,sex_m,geo_cov_urb,mts_aggregate_2,2017,1219.21
tha,sex_m,geo_cov_urb,mts_aggregate_2,2018,1222.007
tha,sex_m,geo_cov_urb,mts_aggregate_2,2019,1319.648
tha,sex_m,geo_cov_urb,mts_aggregate_2,2020,1286.619
tha,sex_m,geo_cov_urb,mts_aggregate_total,2010,1877.82
tha,sex_m,geo_cov_urb,mts_aggregate_total,2013,1551.093
tha,sex_m,geo_cov_urb,mts_aggregate_total,2014,2690.04
tha,sex_m,geo_cov_urb,mts_aggregate_total,2015,2755.181
tha,sex_m,geo_cov_urb,mts_aggregate_total,2016,2916.845
tha,sex_m,geo_cov_urb,mts_aggregate_total,2017,2989.482
tha,sex_m,geo_cov_urb,mts_aggregate_total,2018,2989.068
tha,sex_m,geo_cov_urb,mts_aggregate_total,2019,3108.084
tha,sex_m,geo_cov_urb,mts_aggregate_total,2020,3140.292
tha,sex_m,geo_cov_urb,mts_aggregate_x,2010,1.503
tha,sex_m,geo_cov_urb,mts_aggregate_x,2013,0.2
tha,sex_m,geo_cov_urb,mts_aggregate_x,2014,0.721
tha,sex_m,geo_cov_urb,mts_aggregate_x,2016,0.538
tha,sex_m,geo_cov_urb,mts_aggregate_x,2017,0.562
tha,sex_m,geo_cov_urb,mts_aggregate_x,2018,0.602
tha,sex_m,geo_cov_urb,mts_aggregate_x,2020,14.677
tha,sex_m,geo_cov_urb,mts_details_mrd,2010,709.819
tha,sex_m,geo_cov_urb,mts_details_mrd,2013,603.625
tha,sex_m,geo_cov_urb,mts_details_mrd,2014,1035.016
tha,sex_m,geo_cov_urb,mts_details_mrd,2015,1088.226
tha,sex_m,geo_cov_urb,mts_details_mrd,2016,1168.613
tha,sex_m,geo_cov_urb,mts_details_mrd,2017,1219.21
tha,sex_m,geo_cov_urb,mts_details_mrd,2018,1222.007
tha,sex_m,geo_cov_urb,mts_details_mrd,2019,1319.648
tha,sex_m,geo_cov_urb,mts_details_mrd,2020,1286.619
tha,sex_m,geo_cov_urb,mts_details_sep,2010,44.259
tha,sex_m,geo_cov_urb,mts_details_sep,2013,38.422
tha,sex_m,geo_cov_urb,mts_details_sep,2014,58.982
tha,sex_m,geo_cov_urb,mts_details_sep,2015,65.642
tha,sex_m,geo_cov_urb,mts_details_sep,2016,71.451
tha,sex_m,geo_cov_urb,mts_details_sep,2017,82.736
tha,sex_m,geo_cov_urb,mts_details_sep,2018,86.167
tha,sex_m,geo_cov_urb,mts_details_sep,2019,86.535
tha,sex_m,geo_cov_urb,mts_details_sep,2020,145.873
tha,sex_m,geo_cov_urb,mts_details_sgle,2010,982.367
tha,sex_m,geo_cov_urb,mts_details_sgle,2013,783.128
tha,sex_m,geo_cov_urb,mts_details_sgle,2014,1371.632
tha,sex_m,geo_cov_urb,mts_details_sgle,2015,1375.899
tha,sex_m,geo_cov_urb,mts_details_sgle,2016,1441.199
tha,sex_m,geo_cov_urb,mts_details_sgle,2017,1445.108
tha,sex_m,geo_cov_urb,mts_details_sgle,2018,1425.796
tha,sex_m,geo_cov_urb,mts_details_sgle,2019,1450.465
tha,sex_m,geo_cov_urb,mts_details_sgle,2020,1438.473
tha,sex_m,geo_cov_urb,mts_details_total,2010,1877.82
tha,sex_m,geo_cov_urb,mts_details_total,2013,1551.093
tha,sex_m,geo_cov_urb,mts_details_total,2014,2690.04
tha,sex_m,geo_cov_urb,mts_details_total,2015,2755.181
tha,sex_m,geo_cov_urb,mts_details_total,2016,2916.845
tha,sex_m,geo_cov_urb,mts_details_total,2017,2989.482
tha,sex_m,geo_cov_urb,mts_details_total,2018,2989.068
tha,sex_m,geo_cov_urb,mts_details_total,2019,3108.084
tha,sex_m,geo_cov_urb,mts_details_total,2020,3140.292
tha,sex_m,geo_cov_urb,mts_details_wid,2010,139.871
tha,sex_m,geo_cov_urb,mts_details_wid,2013,125.717
tha,sex_m,geo_cov_urb,mts_details_wid,2014,223.689
tha,sex_m,geo_cov_urb,mts_details_wid,2015,225.286
tha,sex_m,geo_cov_urb,mts_details_wid,2016,235.044
tha,sex_m,geo_cov_urb,mts_details_wid,2017,241.866
tha,sex_m,geo_cov_urb,mts_details_wid,2018,254.497
tha,sex_m,geo_cov_urb,mts_details_wid,2019,250.895
tha,sex_m,geo_cov_urb,mts_details_wid,2020,254.65
tha,sex_m,geo_cov_urb,mts_details_x,2010,1.503
tha,sex_m,geo_cov_urb,mts_details_x,2013,0.2
tha,sex_m,geo_cov_urb,mts_details_x,2014,0.721
tha,sex_m,geo_cov_urb,mts_details_x,2016,0.538
tha,sex_m,geo_cov_urb,mts_details_x,2017,0.562
tha,sex_m,geo_cov_urb,mts_details_x,2018,0.602
tha,sex_m,geo_cov_urb,mts_details_x,2020,14.677
tha,sex_m,geo_cov_x,mts_aggregate_1,2013,862.676
tha,sex_m,geo_cov_x,mts_aggregate_2,2013,484.8
tha,sex_m,geo_cov_x,mts_aggregate_total,2013,1347.641
tha,sex_m,geo_cov_x,mts_details_mrd,2013,484.8
tha,sex_m,geo_cov_x,mts_details_sep,2013,30.432
tha,sex_m,geo_cov_x,mts_details_sgle,2013,721.246
tha,sex_m,geo_cov_x,mts_details_total,2013,1347.641
tha,sex_m,geo_cov_x,mts_details_wid,2013,110.998
tha,sex_t,geo_cov_nat,mts_aggregate_1,2010,8443.155
tha,sex_t,geo_cov_nat,mts_aggregate_1,2013,9017.892
tha,sex_t,geo_cov_nat,mts_aggregate_1,2014,9067.659
tha,sex_t,geo_cov_nat,mts_aggregate_1,2015,9305.719
tha,sex_t,geo_cov_nat,mts_aggregate_1,2016,9554.729
tha,sex_t,geo_cov_nat,mts_aggregate_1,2017,9802.691
tha,sex_t,geo_cov_nat,mts_aggregate_1,2018,9830.184
tha,sex_t,geo_cov_nat,mts_aggregate_1,2019,10028.931
tha,sex_t,geo_cov_nat,mts_aggregate_1,2020,10651.284
tha,sex_t,geo_cov_nat,mts_aggregate_2,2010,6740.33
tha,sex_t,geo_cov_nat,mts_aggregate_2,2013,7337.28
tha,sex_t,geo_cov_nat,mts_aggregate_2,2014,7475.665
tha,sex_t,geo_cov_nat,mts_aggregate_2,2015,7686.592
tha,sex_t,geo_cov_nat,mts_aggregate_2,2016,8100.007
tha,sex_t,geo_cov_nat,mts_aggregate_2,2017,8380.965
tha,sex_t,geo_cov_nat,mts_aggregate_2,2018,8290.387
tha,sex_t,geo_cov_nat,mts_aggregate_2,2019,8658.611
tha,sex_t,geo_cov_nat,mts_aggregate_2,2020,8009.501
tha,sex_t,geo_cov_nat,mts_aggregate_total,2010,15186.795
tha,sex_t,geo_cov_nat,mts_aggregate_total,2013,16357.559
tha,sex_t,geo_cov_nat,mts_aggregate_total,2014,16545.218
tha,sex_t,geo_cov_nat,mts_aggregate_total,2015,16994.095
tha,sex_t,geo_cov_nat,mts_aggregate_total,2016,17656.363
tha,sex_t,geo_cov_nat,mts_aggregate_total,2017,18185.53
tha,sex_t,geo_cov_nat,mts_aggregate_total,2018,18122.365
tha,sex_t,geo_cov_nat,mts_aggregate_total,2019,18690.43
tha,sex_t,geo_cov_nat,mts_aggregate_total,2020,18747.676
tha,sex_t,geo_cov_nat,mts_aggregate_x,2010,3.31
tha,sex_t,geo_cov_nat,mts_aggregate_x,2013,2.387
tha,sex_t,geo_cov_nat,mts_aggregate_x,2014,1.894
tha,sex_t,geo_cov_nat,mts_aggregate_x,2015,1.784
tha,sex_t,geo_cov_nat,mts_aggregate_x,2016,1.628
tha,sex_t,geo_cov_nat,mts_aggregate_x,2017,1.874
tha,sex_t,geo_cov_nat,mts_aggregate_x,2018,1.794
tha,sex_t,geo_cov_nat,mts_aggregate_x,2019,2.889
tha,sex_t,geo_cov_nat,mts_aggregate_x,2020,86.892
tha,sex_t,geo_cov_nat,mts_details_mrd,2010,6740.33
tha,sex_t,geo_cov_nat,mts_details_mrd,2013,7337.28
tha,sex_t,geo_cov_nat,mts_details_mrd,2014,7475.665
tha,sex_t,geo_cov_nat,mts_details_mrd,2015,7686.592
tha,sex_t,geo_cov_nat,mts_details_mrd,2016,8100.007
tha,sex_t,geo_cov_nat,mts_details_mrd,2017,8380.965
tha,sex_t,geo_cov_nat,mts_details_mrd,2018,8290.387
tha,sex_t,geo_cov_nat,mts_details_mrd,2019,8658.611
tha,sex_t,geo_cov_nat,mts_details_mrd,2020,8009.501
tha,sex_t,geo_cov_nat,mts_details_sep,2010,403.205
tha,sex_t,geo_cov_nat,mts_details_sep,2013,471.283
tha,sex_t,geo_cov_nat,mts_details_sep,2014,449.994
tha,sex_t,geo_cov_nat,mts_details_sep,2015,470.492
tha,sex_t,geo_cov_nat,mts_details_sep,2016,527.668
tha,sex_t,geo_cov_nat,mts_details_sep,2017,576.02
tha,sex_t,geo_cov_nat,mts_details_sep,2018,597.207
tha,sex_t,geo_cov_nat,mts_details_sep,2019,594.171
tha,sex_t,geo_cov_nat,mts_details_sep,2020,1351.049
tha,sex_t,geo_cov_nat,mts_details_sgle,2010,5669.144
tha,sex_t,geo_cov_nat,mts_details_sgle,2013,5914.515
tha,sex_t,geo_cov_nat,mts_details_sgle,2014,5801.925
tha,sex_t,geo_cov_nat,mts_details_sgle,2015,5909.482
tha,sex_t,geo_cov_nat,mts_details_sgle,2016,6067.798
tha,sex_t,geo_cov_nat,mts_details_sgle,2017,6206.635
tha,sex_t,geo_cov_nat,mts_details_sgle,2018,6115.035
tha,sex_t,geo_cov_nat,mts_details_sgle,2019,6240.668
tha,sex_t,geo_cov_nat,mts_details_sgle,2020,6331.837
tha,sex_t,geo_cov_nat,mts_details_total,2010,15186.795
tha,sex_t,geo_cov_nat,mts_details_total,2013,16357.559
tha,sex_t,geo_cov_nat,mts_details_total,2014,16545.218
tha,sex_t,geo_cov_nat,mts_details_total,2015,16994.095
tha,sex_t,geo_cov_nat,mts_details_total,2016,17656.363
tha,sex_t,geo_cov_nat,mts_details_total,2017,18185.53
tha,sex_t,geo_cov_nat,mts_details_total,2018,18122.365
tha,sex_t,geo_cov_nat,mts_details_total,2019,18690.43
tha,sex_t,geo_cov_nat,mts_details_total,2020,18747.676
tha,sex_t,geo_cov_nat,mts_details_wid,2010,2370.806
tha,sex_t,geo_cov_nat,mts_details_wid,2013,2632.095
tha,sex_t,geo_cov_nat,mts_details_wid,2014,2815.739
tha,sex_t,geo_cov_nat,mts_details_wid,2015,2925.745
tha,sex_t,geo_cov_nat,mts_details_wid,2016,2959.263
tha,sex_t,geo_cov_nat,mts_details_wid,2017,3020.036
tha,sex_t,geo_cov_nat,mts_details_wid,2018,3117.943
tha,sex_t,geo_cov_nat,mts_details_wid,2019,3194.092
tha,sex_t,geo_cov_nat,mts_details_wid,2020,2968.398
tha,sex_t,geo_cov_nat,mts_details_x,2010,3.31
tha,sex_t,geo_cov_nat,mts_details_x,2013,2.387
tha,sex_t,geo_cov_nat,mts_details_x,2014,1.894
tha,sex_t,geo_cov_nat,mts_details_x,2015,1.784
tha,sex_t,geo_cov_nat,mts_details_x,2016,1.628
tha,sex_t,geo_cov_nat,mts_details_x,2017,1.874
tha,sex_t,geo_cov_nat,mts_details_x,2018,1.794
tha,sex_t,geo_cov_nat,mts_details_x,2019,2.889
tha,sex_t,geo_cov_nat,mts_details_x,2020,86.892
tha,sex_t,geo_cov_rur,mts_aggregate_1,2010,5446.24
tha,sex_t,geo_cov_rur,mts_aggregate_1,2013,4356.13
tha,sex_t,geo_cov_rur,mts_aggregate_1,2014,4821.473
tha,sex_t,geo_cov_rur,mts_aggregate_1,2015,4991.063
tha,sex_t,geo_cov_rur,mts_aggregate_1,2016,5108.235
tha,sex_t,geo_cov_rur,mts_aggregate_1,2017,5276.385
tha,sex_t,geo_cov_rur,mts_aggregate_1,2018,5273.59
tha,sex_t,geo_cov_rur,mts_aggregate_1,2019,5413.967
tha,sex_t,geo_cov_rur,mts_aggregate_1,2020,5797.872
tha,sex_t,geo_cov_rur,mts_aggregate_2,2010,4452.007
tha,sex_t,geo_cov_rur,mts_aggregate_2,2013,3609.397
tha,sex_t,geo_cov_rur,mts_aggregate_2,2014,4138.46
tha,sex_t,geo_cov_rur,mts_aggregate_2,2015,4285.684
tha,sex_t,geo_cov_rur,mts_aggregate_2,2016,4518.194
tha,sex_t,geo_cov_rur,mts_aggregate_2,2017,4680.483
tha,sex_t,geo_cov_rur,mts_aggregate_2,2018,4593.454
tha,sex_t,geo_cov_rur,mts_aggregate_2,2019,4812.852
tha,sex_t,geo_cov_rur,mts_aggregate_2,2020,4405.763
tha,sex_t,geo_cov_rur,mts_aggregate_total,2010,9898.885
tha,sex_t,geo_cov_rur,mts_aggregate_total,2013,7966.622
tha,sex_t,geo_cov_rur,mts_aggregate_total,2014,8960.818
tha,sex_t,geo_cov_rur,mts_aggregate_total,2015,9278.145
tha,sex_t,geo_cov_rur,mts_aggregate_total,2016,9627.237
tha,sex_t,geo_cov_rur,mts_aggregate_total,2017,9957.657
tha,sex_t,geo_cov_rur,mts_aggregate_total,2018,9867.74
tha,sex_t,geo_cov_rur,mts_aggregate_total,2019,10228.73
tha,sex_t,geo_cov_rur,mts_aggregate_total,2020,10251.495
tha,sex_t,geo_cov_rur,mts_aggregate_x,2010,0.638
tha,sex_t,geo_cov_rur,mts_aggregate_x,2013,1.095
tha,sex_t,geo_cov_rur,mts_aggregate_x,2014,0.885
tha,sex_t,geo_cov_rur,mts_aggregate_x,2015,1.398
tha,sex_t,geo_cov_rur,mts_aggregate_x,2016,0.808
tha,sex_t,geo_cov_rur,mts_aggregate_x,2017,0.789
tha,sex_t,geo_cov_rur,mts_aggregate_x,2018,0.696
tha,sex_t,geo_cov_rur,mts_aggregate_x,2019,1.911
tha,sex_t,geo_cov_rur,mts_aggregate_x,2020,47.86
tha,sex_t,geo_cov_rur,mts_details_mrd,2010,4452.007
tha,sex_t,geo_cov_rur,mts_details_mrd,2013,3609.397
tha,sex_t,geo_cov_rur,mts_details_mrd,2014,4138.46
tha,sex_t,geo_cov_rur,mts_details_mrd,2015,4285.684
tha,sex_t,geo_cov_rur,mts_details_mrd,2016,4518.194
tha,sex_t,geo_cov_rur,mts_details_mrd,2017,4680.483
tha,sex_t,geo_cov_rur,mts_details_mrd,2018,4593.454
tha,sex_t,geo_cov_rur,mts_details_mrd,2019,4812.852
tha,sex_t,geo_cov_rur,mts_details_mrd,2020,4405.763
tha,sex_t,geo_cov_rur,mts_details_sep,2010,234.234
tha,sex_t,geo_cov_rur,mts_details_sep,2013,213.686
tha,sex_t,geo_cov_rur,mts_details_sep,2014,226.378
tha,sex_t,geo_cov_rur,mts_details_sep,2015,238.703
tha,sex_t,geo_cov_rur,mts_details_sep,2016,279.201
tha,sex_t,geo_cov_rur,mts_details_sep,2017,299.817
tha,sex_t,geo_cov_rur,mts_details_sep,2018,303.978
tha,sex_t,geo_cov_rur,mts_details_sep,2019,310.412
tha,sex_t,geo_cov_rur,mts_details_sep,2020,762.825
tha,sex_t,geo_cov_rur,mts_details_sgle,2010,3634.181
tha,sex_t,geo_cov_rur,mts_details_sgle,2013,2814.853
tha,sex_t,geo_cov_rur,mts_details_sgle,2014,2955.144
tha,sex_t,geo_cov_rur,mts_details_sgle,2015,3045.887
tha,sex_t,geo_cov_rur,mts_details_sgle,2016,3089.702
tha,sex_t,geo_cov_rur,mts_details_sgle,2017,3198.507
tha,sex_t,geo_cov_rur,mts_details_sgle,2018,3139.15
tha,sex_t,geo_cov_rur,mts_details_sgle,2019,3241.929
tha,sex_t,geo_cov_rur,mts_details_sgle,2020,3317.715
tha,sex_t,geo_cov_rur,mts_details_total,2010,9898.885
tha,sex_t,geo_cov_rur,mts_details_total,2013,7966.622
tha,sex_t,geo_cov_rur,mts_details_total,2014,8960.818
tha,sex_t,geo_cov_rur,mts_details_total,2015,9278.145
tha,sex_t,geo_cov_rur,mts_details_total,2016,9627.237
tha,sex_t,geo_cov_rur,mts_details_total,2017,9957.657
tha,sex_t,geo_cov_rur,mts_details_total,2018,9867.74
tha,sex_t,geo_cov_rur,mts_details_total,2019,10228.73
tha,sex_t,geo_cov_rur,mts_details_total,2020,10251.495
tha,sex_t,geo_cov_rur,mts_details_wid,2010,1577.826
tha,sex_t,geo_cov_rur,mts_details_wid,2013,1327.592
tha,sex_t,geo_cov_rur,mts_details_wid,2014,1639.951
tha,sex_t,geo_cov_rur,mts_details_wid,2015,1706.473
tha,sex_t,geo_cov_rur,mts_details_wid,2016,1739.332
tha,sex_t,geo_cov_rur,mts_details_wid,2017,1778.061
tha,sex_t,geo_cov_rur,mts_details_wid,2018,1830.462
tha,sex_t,geo_cov_rur,mts_details_wid,2019,1861.627
tha,sex_t,geo_cov_rur,mts_details_wid,2020,1717.332
tha,sex_t,geo_cov_rur,mts_details_x,2010,0.638
tha,sex_t,geo_cov_rur,mts_details_x,2013,1.095
tha,sex_t,geo_cov_rur,mts_details_x,2014,0.885
tha,sex_t,geo_cov_rur,mts_details_x,2015,1.398
tha,sex_t,geo_cov_rur,mts_details_x,2016,0.808
tha,sex_t,geo_cov_rur,mts_details_x,2017,0.789
tha,sex_t,geo_cov_rur,mts_details_x,2018,0.696
tha,sex_t,geo_cov_rur,mts_details_x,2019,1.911
tha,sex_t,geo_cov_rur,mts_details_x,2020,47.86
tha,sex_t,geo_cov_urb,mts_aggregate_1,2010,2996.915
tha,sex_t,geo_cov_urb,mts_aggregate_1,2013,2442.839
tha,sex_t,geo_cov_urb,mts_aggregate_1,2014,4246.186
tha,sex_t,geo_cov_urb,mts_aggregate_1,2015,4314.656
tha,sex_t,geo_cov_urb,mts_aggregate_1,2016,4446.494
tha,sex_t,geo_cov_urb,mts_aggregate_1,2017,4526.306
tha,sex_t,geo_cov_urb,mts_aggregate_1,2018,4556.595
tha,sex_t,geo_cov_urb,mts_aggregate_1,2019,4614.964
tha,sex_t,geo_cov_urb,mts_aggregate_1,2020,4853.412
tha,sex_t,geo_cov_urb,mts_aggregate_2,2010,2288.323
tha,sex_t,geo_cov_urb,mts_aggregate_2,2013,1957.371
tha,sex_t,geo_cov_urb,mts_aggregate_2,2014,3337.205
tha,sex_t,geo_cov_urb,mts_aggregate_2,2015,3400.908
tha,sex_t,geo_cov_urb,mts_aggregate_2,2016,3581.812
tha,sex_t,geo_cov_urb,mts_aggregate_2,2017,3700.482
tha,sex_t,geo_cov_urb,mts_aggregate_2,2018,3696.933
tha,sex_t,geo_cov_urb,mts_aggregate_2,2019,3845.759
tha,sex_t,geo_cov_urb,mts_aggregate_2,2020,3603.738
tha,sex_t,geo_cov_urb,mts_aggregate_total,2010,5287.91
tha,sex_t,geo_cov_urb,mts_aggregate_total,2013,4401.001
tha,sex_t,geo_cov_urb,mts_aggregate_total,2014,7584.4
tha,sex_t,geo_cov_urb,mts_aggregate_total,2015,7715.95
tha,sex_t,geo_cov_urb,mts_aggregate_total,2016,8029.126
tha,sex_t,geo_cov_urb,mts_aggregate_total,2017,8227.873
tha,sex_t,geo_cov_urb,mts_aggregate_total,2018,8254.625
tha,sex_t,geo_cov_urb,mts_aggregate_total,2019,8461.7
tha,sex_t,geo_cov_urb,mts_aggregate_total,2020,8496.181
tha,sex_t,geo_cov_urb,mts_aggregate_x,2010,2.672
tha,sex_t,geo_cov_urb,mts_aggregate_x,2013,0.791
tha,sex_t,geo_cov_urb,mts_aggregate_x,2014,1.009
tha,sex_t,geo_cov_urb,mts_aggregate_x,2015,0.386
tha,sex_t,geo_cov_urb,mts_aggregate_x,2016,0.82
tha,sex_t,geo_cov_urb,mts_aggregate_x,2017,1.086
tha,sex_t,geo_cov_urb,mts_aggregate_x,2018,1.098
tha,sex_t,geo_cov_urb,mts_aggregate_x,2019,0.978
tha,sex_t,geo_cov_urb,mts_aggregate_x,2020,39.032
tha,sex_t,geo_cov_urb,mts_details_mrd,2010,2288.323
tha,sex_t,geo_cov_urb,mts_details_mrd,2013,1957.371
tha,sex_t,geo_cov_urb,mts_details_mrd,2014,3337.205
tha,sex_t,geo_cov_urb,mts_details_mrd,2015,3400.908
tha,sex_t,geo_cov_urb,mts_details_mrd,2016,3581.812
tha,sex_t,geo_cov_urb,mts_details_mrd,2017,3700.482
tha,sex_t,geo_cov_urb,mts_details_mrd,2018,3696.933
tha,sex_t,geo_cov_urb,mts_details_mrd,2019,3845.759
tha,sex_t,geo_cov_urb,mts_details_mrd,2020,3603.738
tha,sex_t,geo_cov_urb,mts_details_sep,2010,168.972
tha,sex_t,geo_cov_urb,mts_details_sep,2013,148.568
tha,sex_t,geo_cov_urb,mts_details_sep,2014,223.616
tha,sex_t,geo_cov_urb,mts_details_sep,2015,231.789
tha,sex_t,geo_cov_urb,mts_details_sep,2016,248.467
tha,sex_t,geo_cov_urb,mts_details_sep,2017,276.203
tha,sex_t,geo_cov_urb,mts_details_sep,2018,293.229
tha,sex_t,geo_cov_urb,mts_details_sep,2019,283.76
tha,sex_t,geo_cov_urb,mts_details_sep,2020,588.224
tha,sex_t,geo_cov_urb,mts_details_sgle,2010,2034.963
tha,sex_t,geo_cov_urb,mts_details_sgle,2013,1619.703
tha,sex_t,geo_cov_urb,mts_details_sgle,2014,2846.781
tha,sex_t,geo_cov_urb,mts_details_sgle,2015,2863.595
tha,sex_t,geo_cov_urb,mts_details_sgle,2016,2978.096
tha,sex_t,geo_cov_urb,mts_details_sgle,2017,3008.128
tha,sex_t,geo_cov_urb,mts_details_sgle,2018,2975.885
tha,sex_t,geo_cov_urb,mts_details_sgle,2019,2998.739
tha,sex_t,geo_cov_urb,mts_details_sgle,2020,3014.122
tha,sex_t,geo_cov_urb,mts_details_total,2010,5287.91
tha,sex_t,geo_cov_urb,mts_details_total,2013,4401.001
tha,sex_t,geo_cov_urb,mts_details_total,2014,7584.4
tha,sex_t,geo_cov_urb,mts_details_total,2015,7715.95
tha,sex_t,geo_cov_urb,mts_details_total,2016,8029.126
tha,sex_t,geo_cov_urb,mts_details_total,2017,8227.873
tha,sex_t,geo_cov_urb,mts_details_total,2018,8254.625
tha,sex_t,geo_cov_urb,mts_details_total,2019,8461.7
tha,sex_t,geo_cov_urb,mts_details_total,2020,8496.181
tha,sex_t,geo_cov_urb,mts_details_wid,2010,792.98
tha,sex_t,geo_cov_urb,mts_details_wid,2013,674.569
tha,sex_t,geo_cov_urb,mts_details_wid,2014,1175.789
tha,sex_t,geo_cov_urb,mts_details_wid,2015,1219.272
tha,sex_t,geo_cov_urb,mts_details_wid,2016,1219.931
tha,sex_t,geo_cov_urb,mts_details_wid,2017,1241.975
tha,sex_t,geo_cov_urb,mts_details_wid,2018,1287.481
tha,sex_t,geo_cov_urb,mts_details_wid,2019,1332.465
tha,sex_t,geo_cov_urb,mts_details_wid,2020,1251.066
tha,sex_t,geo_cov_urb,mts_details_x,2010,2.672
tha,sex_t,geo_cov_urb,mts_details_x,2013,0.791
tha,sex_t,geo_cov_urb,mts_details_x,2014,1.009
tha,sex_t,geo_cov_urb,mts_details_x,2015,0.386
tha,sex_t,geo_cov_urb,mts_details_x,2016,0.82
tha,sex_t,geo_cov_urb,mts_details_x,2017,1.086
tha,sex_t,geo_cov_urb,mts_details_x,2018,1.098
tha,sex_t,geo_cov_urb,mts_details_x,2019,0.978
tha,sex_t,geo_cov_urb,mts_details_x,2020,39.032
tha,sex_t,geo_cov_x,mts_aggregate_1,2013,2218.923
tha,sex_t,geo_cov_x,mts_aggregate_2,2013,1770.512
tha,sex_t,geo_cov_x,mts_aggregate_total,2013,3989.936
tha,sex_t,geo_cov_x,mts_aggregate_x,2013,0.502
tha,sex_t,geo_cov_x,mts_details_mrd,2013,1770.512
tha,sex_t,geo_cov_x,mts_details_sep,2013,109.03
tha,sex_t,geo_cov_x,mts_details_sgle,2013,1479.959
tha,sex_t,geo_cov_x,mts_details_total,2013,3989.936
tha,sex_t,geo_cov_x,mts_details_wid,2013,629.935
tha,sex_t,geo_cov_x,mts_details_x,2013,0.502
tjk,sex_f,geo_cov_nat,mts_aggregate_1,2003,500.139
tjk,sex_f,geo_cov_nat,mts_aggregate_1,2007,636.756
tjk,sex_f,geo_cov_nat,mts_aggregate_1,2009,730.817
tjk,sex_f,geo_cov_nat,mts_aggregate_2,2003,648.28
tjk,sex_f,geo_cov_nat,mts_aggregate_2,2007,896.141
tjk,sex_f,geo_cov_nat,mts_aggregate_2,2009,1096.696
tjk,sex_f,geo_cov_nat,mts_aggregate_total,2003,1148.627
tjk,sex_f,geo_cov_nat,mts_aggregate_total,2007,1538.93
tjk,sex_f,geo_cov_nat,mts_aggregate_total,2009,1827.787
tjk,sex_f,geo_cov_nat,mts_aggregate_x,2007,6.034
tjk,sex_f,geo_cov_nat,mts_details_mrd,2003,646.327
tjk,sex_f,geo_cov_nat,mts_details_mrd,2007,892.618
tjk,sex_f,geo_cov_nat,mts_details_mrd,2009,1093.97
tjk,sex_f,geo_cov_nat,mts_details_sep,2003,15.352
tjk,sex_f,geo_cov_nat,mts_details_sep,2007,26.45
tjk,sex_f,geo_cov_nat,mts_details_sep,2009,33.827
tjk,sex_f,geo_cov_nat,mts_details_sgle,2003,343.543
tjk,sex_f,geo_cov_nat,mts_details_sgle,2007,466.327
tjk,sex_f,geo_cov_nat,mts_details_sgle,2009,534.231
tjk,sex_f,geo_cov_nat,mts_details_total,2003,1148.627
tjk,sex_f,geo_cov_nat,mts_details_total,2007,1538.93
tjk,sex_f,geo_cov_nat,mts_details_total,2009,1827.787
tjk,sex_f,geo_cov_nat,mts_details_union,2003,1.953
tjk,sex_f,geo_cov_nat,mts_details_union,2007,3.523
tjk,sex_f,geo_cov_nat,mts_details_wid,2003,141.244
tjk,sex_f,geo_cov_nat,mts_details_wid,2007,143.979
tjk,sex_f,geo_cov_nat,mts_details_wid,2009,162.759
tjk,sex_f,geo_cov_nat,mts_details_x,2007,6.034
tjk,sex_f,geo_cov_rur,mts_aggregate_1,2003,313.67
tjk,sex_f,geo_cov_rur,mts_aggregate_1,2007,439.104
tjk,sex_f,geo_cov_rur,mts_aggregate_1,2009,493.267
tjk,sex_f,geo_cov_rur,mts_aggregate_2,2003,425.207
tjk,sex_f,geo_cov_rur,mts_aggregate_2,2007,647.883
tjk,sex_f,geo_cov_rur,mts_aggregate_2,2009,823.56
tjk,sex_f,geo_cov_rur,mts_aggregate_total,2003,738.876
tjk,sex_f,geo_cov_rur,mts_aggregate_total,2007,1088.852
tjk,sex_f,geo_cov_rur,mts_aggregate_total,2009,1317.101
tjk,sex_f,geo_cov_rur,mts_aggregate_x,2007,1.865
tjk,sex_f,geo_cov_rur,mts_details_mrd,2003,424.043
tjk,sex_f,geo_cov_rur,mts_details_mrd,2007,645.507
tjk,sex_f,geo_cov_rur,mts_details_mrd,2009,820.834
tjk,sex_f,geo_cov_rur,mts_details_sep,2003,7.126
tjk,sex_f,geo_cov_rur,mts_details_sep,2007,11.846
tjk,sex_f,geo_cov_rur,mts_details_sep,2009,19.546
tjk,sex_f,geo_cov_rur,mts_details_sgle,2003,216.82
tjk,sex_f,geo_cov_rur,mts_details_sgle,2007,328.231
tjk,sex_f,geo_cov_rur,mts_details_sgle,2009,364.065
tjk,sex_f,geo_cov_rur,mts_details_total,2003,738.876
tjk,sex_f,geo_cov_rur,mts_details_total,2007,1088.852
tjk,sex_f,geo_cov_rur,mts_details_total,2009,1317.101
tjk,sex_f,geo_cov_rur,mts_details_union,2007,2.375
tjk,sex_f,geo_cov_rur,mts_details_wid,2003,89.724
tjk,sex_f,geo_cov_rur,mts_details_wid,2007,99.028
tjk,sex_f,geo_cov_rur,mts_details_wid,2009,109.656
tjk,sex_f,geo_cov_rur,mts_details_x,2007,1.865
tjk,sex_f,geo_cov_urb,mts_aggregate_1,2003,186.469
tjk,sex_f,geo_cov_urb,mts_aggregate_1,2007,197.652
tjk,sex_f,geo_cov_urb,mts_aggregate_1,2009,237.55
tjk,sex_f,geo_cov_urb,mts_aggregate_2,2003,223.073
tjk,sex_f,geo_cov_urb,mts_aggregate_2,2007,248.258
tjk,sex_f,geo_cov_urb,mts_aggregate_2,2009,273.136
tjk,sex_f,geo_cov_urb,mts_aggregate_total,2003,409.751
tjk,sex_f,geo_cov_urb,mts_aggregate_total,2007,450.078
tjk,sex_f,geo_cov_urb,mts_aggregate_total,2009,510.686
tjk,sex_f,geo_cov_urb,mts_aggregate_x,2007,4.169
tjk,sex_f,geo_cov_urb,mts_details_mrd,2003,222.284
tjk,sex_f,geo_cov_urb,mts_details_mrd,2007,247.11
tjk,sex_f,geo_cov_urb,mts_details_mrd,2009,273.136
tjk,sex_f,geo_cov_urb,mts_details_sep,2003,8.227
tjk,sex_f,geo_cov_urb,mts_details_sep,2007,14.604
tjk,sex_f,geo_cov_urb,mts_details_sep,2009,14.282
tjk,sex_f,geo_cov_urb,mts_details_sgle,2003,126.723
tjk,sex_f,geo_cov_urb,mts_details_sgle,2007,138.096
tjk,sex_f,geo_cov_urb,mts_details_sgle,2009,170.166
tjk,sex_f,geo_cov_urb,mts_details_total,2003,409.751
tjk,sex_f,geo_cov_urb,mts_details_total,2007,450.078
tjk,sex_f,geo_cov_urb,mts_details_total,2009,510.686
tjk,sex_f,geo_cov_urb,mts_details_wid,2003,51.52
tjk,sex_f,geo_cov_urb,mts_details_wid,2007,44.952
tjk,sex_f,geo_cov_urb,mts_details_wid,2009,53.103
tjk,sex_f,geo_cov_urb,mts_details_x,2007,4.169
tjk,sex_m,geo_cov_nat,mts_aggregate_1,2003,386.255
tjk,sex_m,geo_cov_nat,mts_aggregate_1,2007,504.519
tjk,sex_m,geo_cov_nat,mts_aggregate_1,2009,579.959
tjk,sex_m,geo_cov_nat,mts_aggregate_2,2003,234.458
tjk,sex_m,geo_cov_nat,mts_aggregate_2,2007,317.94
tjk,sex_m,geo_cov_nat,mts_aggregate_2,2009,435.799
tjk,sex_m,geo_cov_nat,mts_aggregate_total,2003,620.713
tjk,sex_m,geo_cov_nat,mts_aggregate_total,2007,826.674
tjk,sex_m,geo_cov_nat,mts_aggregate_total,2009,1015.758
tjk,sex_m,geo_cov_nat,mts_aggregate_x,2007,4.216
tjk,sex_m,geo_cov_nat,mts_details_mrd,2003,234.167
tjk,sex_m,geo_cov_nat,mts_details_mrd,2007,317.164
tjk,sex_m,geo_cov_nat,mts_details_mrd,2009,435.799
tjk,sex_m,geo_cov_nat,mts_details_sep,2003,4.612
tjk,sex_m,geo_cov_nat,mts_details_sep,2007,4.452
tjk,sex_m,geo_cov_nat,mts_details_sgle,2003,347.532
tjk,sex_m,geo_cov_nat,mts_details_sgle,2007,470.713
tjk,sex_m,geo_cov_nat,mts_details_sgle,2009,545.813
tjk,sex_m,geo_cov_nat,mts_details_total,2003,620.713
tjk,sex_m,geo_cov_nat,mts_details_total,2007,826.674
tjk,sex_m,geo_cov_nat,mts_details_total,2009,1015.758
tjk,sex_m,geo_cov_nat,mts_details_wid,2003,34.111
tjk,sex_m,geo_cov_nat,mts_details_wid,2007,29.354
tjk,sex_m,geo_cov_nat,mts_details_wid,2009,32.781
tjk,sex_m,geo_cov_nat,mts_details_x,2007,4.216
tjk,sex_m,geo_cov_rur,mts_aggregate_1,2003,256.375
tjk,sex_m,geo_cov_rur,mts_aggregate_1,2007,359.577
tjk,sex_m,geo_cov_rur,mts_aggregate_1,2009,408.96
tjk,sex_m,geo_cov_rur,mts_aggregate_2,2003,158.798
tjk,sex_m,geo_cov_rur,mts_aggregate_2,2007,240.827
tjk,sex_m,geo_cov_rur,mts_aggregate_2,2009,334.324
tjk,sex_m,geo_cov_rur,mts_aggregate_total,2003,415.173
tjk,sex_m,geo_cov_rur,mts_aggregate_total,2007,601.466
tjk,sex_m,geo_cov_rur,mts_aggregate_total,2009,743.284
tjk,sex_m,geo_cov_rur,mts_details_mrd,2003,158.507
tjk,sex_m,geo_cov_rur,mts_details_mrd,2007,240.22
tjk,sex_m,geo_cov_rur,mts_details_mrd,2009,334.324
tjk,sex_m,geo_cov_rur,mts_details_sep,2003,3.199
tjk,sex_m,geo_cov_rur,mts_details_sep,2007,1.899
tjk,sex_m,geo_cov_rur,mts_details_sgle,2003,231.653
tjk,sex_m,geo_cov_rur,mts_details_sgle,2007,335.227
tjk,sex_m,geo_cov_rur,mts_details_sgle,2009,383.612
tjk,sex_m,geo_cov_rur,mts_details_total,2003,415.173
tjk,sex_m,geo_cov_rur,mts_details_total,2007,601.466
tjk,sex_m,geo_cov_rur,mts_details_total,2009,743.284
tjk,sex_m,geo_cov_rur,mts_details_wid,2003,21.522
tjk,sex_m,geo_cov_rur,mts_details_wid,2007,22.451
tjk,sex_m,geo_cov_rur,mts_details_wid,2009,24.562
tjk,sex_m,geo_cov_urb,mts_aggregate_1,2003,129.88
tjk,sex_m,geo_cov_urb,mts_aggregate_1,2007,144.941
tjk,sex_m,geo_cov_urb,mts_aggregate_1,2009,170.999
tjk,sex_m,geo_cov_urb,mts_aggregate_2,2003,75.66
tjk,sex_m,geo_cov_urb,mts_aggregate_2,2007,77.113
tjk,sex_m,geo_cov_urb,mts_aggregate_2,2009,101.475
tjk,sex_m,geo_cov_urb,mts_aggregate_total,2003,205.54
tjk,sex_m,geo_cov_urb,mts_aggregate_total,2007,225.208
tjk,sex_m,geo_cov_urb,mts_aggregate_total,2009,272.475
tjk,sex_m,geo_cov_urb,mts_aggregate_x,2007,3.154
tjk,sex_m,geo_cov_urb,mts_details_mrd,2003,75.66
tjk,sex_m,geo_cov_urb,mts_details_mrd,2007,76.945
tjk,sex_m,geo_cov_urb,mts_details_mrd,2009,101.475
tjk,sex_m,geo_cov_urb,mts_details_sep,2003,1.413
tjk,sex_m,geo_cov_urb,mts_details_sep,2007,2.553
tjk,sex_m,geo_cov_urb,mts_details_sgle,2003,115.879
tjk,sex_m,geo_cov_urb,mts_details_sgle,2007,135.486
tjk,sex_m,geo_cov_urb,mts_details_sgle,2009,162.201
tjk,sex_m,geo_cov_urb,mts_details_total,2003,205.54
tjk,sex_m,geo_cov_urb,mts_details_total,2007,225.208
tjk,sex_m,geo_cov_urb,mts_details_total,2009,272.475
tjk,sex_m,geo_cov_urb,mts_details_wid,2003,12.589
tjk,sex_m,geo_cov_urb,mts_details_wid,2007,6.902
tjk,sex_m,geo_cov_urb,mts_details_wid,2009,8.219
tjk,sex_m,geo_cov_urb,mts_details_x,2007,3.154
tjk,sex_t,geo_cov_nat,mts_aggregate_1,2003,886.394
tjk,sex_t,geo_cov_nat,mts_aggregate_1,2007,1141.275
tjk,sex_t,geo_cov_nat,mts_aggregate_1,2009,1310.776
tjk,sex_t,geo_cov_nat,mts_aggregate_2,2003,882.738
tjk,sex_t,geo_cov_nat,mts_aggregate_2,2007,1214.08
tjk,sex_t,geo_cov_nat,mts_aggregate_2,2009,1532.495
tjk,sex_t,geo_cov_nat,mts_aggregate_total,2003,1769.339
tjk,sex_t,geo_cov_nat,mts_aggregate_total,2007,2365.604
tjk,sex_t,geo_cov_nat,mts_aggregate_total,2009,2843.545
tjk,sex_t,geo_cov_nat,mts_aggregate_x,2007,10.249
tjk,sex_t,geo_cov_nat,mts_details_mrd,2003,880.494
tjk,sex_t,geo_cov_nat,mts_details_mrd,2007,1209.782
tjk,sex_t,geo_cov_nat,mts_details_mrd,2009,1529.769
tjk,sex_t,geo_cov_nat,mts_details_sep,2003,19.964
tjk,sex_t,geo_cov_nat,mts_details_sep,2007,30.902
tjk,sex_t,geo_cov_nat,mts_details_sep,2009,35.193
tjk,sex_t,geo_cov_nat,mts_details_sgle,2003,691.075
tjk,sex_t,geo_cov_nat,mts_details_sgle,2007,937.04
tjk,sex_t,geo_cov_nat,mts_details_sgle,2009,1080.044
tjk,sex_t,geo_cov_nat,mts_details_total,2003,1769.339
tjk,sex_t,geo_cov_nat,mts_details_total,2007,2365.604
tjk,sex_t,geo_cov_nat,mts_details_total,2009,2843.545
tjk,sex_t,geo_cov_nat,mts_details_union,2003,2.244
tjk,sex_t,geo_cov_nat,mts_details_union,2007,4.298
tjk,sex_t,geo_cov_nat,mts_details_wid,2003,175.355
tjk,sex_t,geo_cov_nat,mts_details_wid,2007,173.333
tjk,sex_t,geo_cov_nat,mts_details_wid,2009,195.54
tjk,sex_t,geo_cov_nat,mts_details_x,2007,10.249
tjk,sex_t,geo_cov_rur,mts_aggregate_1,2003,570.044
tjk,sex_t,geo_cov_rur,mts_aggregate_1,2007,798.682
tjk,sex_t,geo_cov_rur,mts_aggregate_1,2009,902.227
tjk,sex_t,geo_cov_rur,mts_aggregate_2,2003,584.005
tjk,sex_t,geo_cov_rur,mts_aggregate_2,2007,888.71
tjk,sex_t,geo_cov_rur,mts_aggregate_2,2009,1157.884
tjk,sex_t,geo_cov_rur,mts_aggregate_total,2003,1154.049
tjk,sex_t,geo_cov_rur,mts_aggregate_total,2007,1690.318
tjk,sex_t,geo_cov_rur,mts_aggregate_total,2009,2060.385
tjk,sex_t,geo_cov_rur,mts_aggregate_x,2007,2.927
tjk,sex_t,geo_cov_rur,mts_details_mrd,2003,582.55
tjk,sex_t,geo_cov_rur,mts_details_mrd,2007,885.727
tjk,sex_t,geo_cov_rur,mts_details_mrd,2009,1155.158
tjk,sex_t,geo_cov_rur,mts_details_sep,2003,10.325
tjk,sex_t,geo_cov_rur,mts_details_sep,2007,13.745
tjk,sex_t,geo_cov_rur,mts_details_sep,2009,20.331
tjk,sex_t,geo_cov_rur,mts_details_sgle,2003,448.474
tjk,sex_t,geo_cov_rur,mts_details_sgle,2007,663.458
tjk,sex_t,geo_cov_rur,mts_details_sgle,2009,747.677
tjk,sex_t,geo_cov_rur,mts_details_total,2003,1154.049
tjk,sex_t,geo_cov_rur,mts_details_total,2007,1690.318
tjk,sex_t,geo_cov_rur,mts_details_total,2009,2060.385
tjk,sex_t,geo_cov_rur,mts_details_union,2003,1.454
tjk,sex_t,geo_cov_rur,mts_details_union,2007,2.983
tjk,sex_t,geo_cov_rur,mts_details_wid,2003,111.246
tjk,sex_t,geo_cov_rur,mts_details_wid,2007,121.479
tjk,sex_t,geo_cov_rur,mts_details_wid,2009,134.218
tjk,sex_t,geo_cov_rur,mts_details_x,2007,2.927
tjk,sex_t,geo_cov_urb,mts_aggregate_1,2003,316.35
tjk,sex_t,geo_cov_urb,mts_aggregate_1,2007,342.593
tjk,sex_t,geo_cov_urb,mts_aggregate_1,2009,408.55
tjk,sex_t,geo_cov_urb,mts_aggregate_2,2003,298.733
tjk,sex_t,geo_cov_urb,mts_aggregate_2,2007,325.371
tjk,sex_t,geo_cov_urb,mts_aggregate_2,2009,374.611
tjk,sex_t,geo_cov_urb,mts_aggregate_total,2003,615.291
tjk,sex_t,geo_cov_urb,mts_aggregate_total,2007,675.287
tjk,sex_t,geo_cov_urb,mts_aggregate_total,2009,783.161
tjk,sex_t,geo_cov_urb,mts_aggregate_x,2007,7.323
tjk,sex_t,geo_cov_urb,mts_details_mrd,2003,297.944
tjk,sex_t,geo_cov_urb,mts_details_mrd,2007,324.055
tjk,sex_t,geo_cov_urb,mts_details_mrd,2009,374.611
tjk,sex_t,geo_cov_urb,mts_details_sep,2003,9.639
tjk,sex_t,geo_cov_urb,mts_details_sep,2007,17.157
tjk,sex_t,geo_cov_urb,mts_details_sep,2009,14.861
tjk,sex_t,geo_cov_urb,mts_details_sgle,2003,242.601
tjk,sex_t,geo_cov_urb,mts_details_sgle,2007,273.582
tjk,sex_t,geo_cov_urb,mts_details_sgle,2009,332.367
tjk,sex_t,geo_cov_urb,mts_details_total,2003,615.291
tjk,sex_t,geo_cov_urb,mts_details_total,2007,675.287
tjk,sex_t,geo_cov_urb,mts_details_total,2009,783.161
tjk,sex_t,geo_cov_urb,mts_details_union,2007,1.316
tjk,sex_t,geo_cov_urb,mts_details_wid,2003,64.109
tjk,sex_t,geo_cov_urb,mts_details_wid,2007,51.854
tjk,sex_t,geo_cov_urb,mts_details_wid,2009,61.322
tjk,sex_t,geo_cov_urb,mts_details_x,2007,7.323
tls,sex_f,geo_cov_nat,mts_aggregate_1,2010,107.05
tls,sex_f,geo_cov_nat,mts_aggregate_1,2013,89.937
tls,sex_f,geo_cov_nat,mts_aggregate_1,2016,55.462
tls,sex_f,geo_cov_nat,mts_aggregate_2,2010,120.168
tls,sex_f,geo_cov_nat,mts_aggregate_2,2013,102.069
tls,sex_f,geo_cov_nat,mts_aggregate_2,2016,82.07
tls,sex_f,geo_cov_nat,mts_aggregate_total,2010,227.472
tls,sex_f,geo_cov_nat,mts_aggregate_total,2013,192.58
tls,sex_f,geo_cov_nat,mts_aggregate_total,2016,138.006
tls,sex_f,geo_cov_nat,mts_aggregate_x,2010,0.254
tls,sex_f,geo_cov_nat,mts_aggregate_x,2013,0.574
tls,sex_f,geo_cov_nat,mts_details_mrd,2010,111.556
tls,sex_f,geo_cov_nat,mts_details_mrd,2013,91.442
tls,sex_f,geo_cov_nat,mts_details_mrd,2016,35.404
tls,sex_f,geo_cov_nat,mts_details_sep,2010,0.741
tls,sex_f,geo_cov_nat,mts_details_sep,2013,1.101
tls,sex_f,geo_cov_nat,mts_details_sep,2016,8.236
tls,sex_f,geo_cov_nat,mts_details_sgle,2010,86.038
tls,sex_f,geo_cov_nat,mts_details_sgle,2013,70.742
tls,sex_f,geo_cov_nat,mts_details_sgle,2016,43.533
tls,sex_f,geo_cov_nat,mts_details_total,2010,227.472
tls,sex_f,geo_cov_nat,mts_details_total,2013,192.58
tls,sex_f,geo_cov_nat,mts_details_total,2016,138.006
tls,sex_f,geo_cov_nat,mts_details_union,2010,8.612
tls,sex_f,geo_cov_nat,mts_details_union,2013,10.627
tls,sex_f,geo_cov_nat,mts_details_union,2016,46.666
tls,sex_f,geo_cov_nat,mts_details_wid,2010,20.271
tls,sex_f,geo_cov_nat,mts_details_wid,2013,18.093
tls,sex_f,geo_cov_nat,mts_details_wid,2016,3.693
tls,sex_f,geo_cov_nat,mts_details_x,2010,0.254
tls,sex_f,geo_cov_nat,mts_details_x,2013,0.574
tls,sex_f,geo_cov_rur,mts_aggregate_1,2010,74.108
tls,sex_f,geo_cov_rur,mts_aggregate_1,2013,52.4
tls,sex_f,geo_cov_rur,mts_aggregate_1,2016,40.629
tls,sex_f,geo_cov_rur,mts_aggregate_2,2010,88.801
tls,sex_f,geo_cov_rur,mts_aggregate_2,2013,70.125
tls,sex_f,geo_cov_rur,mts_aggregate_2,2016,56.894
tls,sex_f,geo_cov_rur,mts_aggregate_total,2010,163.163
tls,sex_f,geo_cov_rur,mts_aggregate_total,2013,123.01
tls,sex_f,geo_cov_rur,mts_aggregate_total,2016,97.735
tls,sex_f,geo_cov_rur,mts_aggregate_x,2010,0.254
tls,sex_f,geo_cov_rur,mts_aggregate_x,2013,0.486
tls,sex_f,geo_cov_rur,mts_details_mrd,2010,85.446
tls,sex_f,geo_cov_rur,mts_details_mrd,2013,64.145
tls,sex_f,geo_cov_rur,mts_details_mrd,2016,23.533
tls,sex_f,geo_cov_rur,mts_details_sep,2010,0.522
tls,sex_f,geo_cov_rur,mts_details_sep,2013,0.605
tls,sex_f,geo_cov_rur,mts_details_sep,2016,6.998
tls,sex_f,geo_cov_rur,mts_details_sgle,2010,57.37
tls,sex_f,geo_cov_rur,mts_details_sgle,2013,38.586
tls,sex_f,geo_cov_rur,mts_details_sgle,2016,30.943
tls,sex_f,geo_cov_rur,mts_details_total,2010,163.163
tls,sex_f,geo_cov_rur,mts_details_total,2013,123.01
tls,sex_f,geo_cov_rur,mts_details_total,2016,97.735
tls,sex_f,geo_cov_rur,mts_details_union,2010,3.355
tls,sex_f,geo_cov_rur,mts_details_union,2013,5.98
tls,sex_f,geo_cov_rur,mts_details_union,2016,33.361
tls,sex_f,geo_cov_rur,mts_details_wid,2010,16.216
tls,sex_f,geo_cov_rur,mts_details_wid,2013,13.21
tls,sex_f,geo_cov_rur,mts_details_wid,2016,2.688
tls,sex_f,geo_cov_rur,mts_details_x,2010,0.254
tls,sex_f,geo_cov_rur,mts_details_x,2013,0.486
tls,sex_f,geo_cov_urb,mts_aggregate_1,2010,32.942
tls,sex_f,geo_cov_urb,mts_aggregate_1,2013,37.536
tls,sex_f,geo_cov_urb,mts_aggregate_1,2016,14.833
tls,sex_f,geo_cov_urb,mts_aggregate_2,2010,31.367
tls,sex_f,geo_cov_urb,mts_aggregate_2,2013,31.944
tls,sex_f,geo_cov_urb,mts_aggregate_2,2016,25.176
tls,sex_f,geo_cov_urb,mts_aggregate_total,2010,64.309
tls,sex_f,geo_cov_urb,mts_aggregate_total,2013,69.569
tls,sex_f,geo_cov_urb,mts_aggregate_total,2016,40.271
tls,sex_f,geo_cov_urb,mts_aggregate_x,2013,0.089
tls,sex_f,geo_cov_urb,mts_details_mrd,2010,26.11
tls,sex_f,geo_cov_urb,mts_details_mrd,2013,27.297
tls,sex_f,geo_cov_urb,mts_details_mrd,2016,11.871
tls,sex_f,geo_cov_urb,mts_details_sep,2010,0.219
tls,sex_f,geo_cov_urb,mts_details_sep,2013,0.497
tls,sex_f,geo_cov_urb,mts_details_sep,2016,1.238
tls,sex_f,geo_cov_urb,mts_details_sgle,2010,28.668
tls,sex_f,geo_cov_urb,mts_details_sgle,2013,32.157
tls,sex_f,geo_cov_urb,mts_details_sgle,2016,12.59
tls,sex_f,geo_cov_urb,mts_details_total,2010,64.309
tls,sex_f,geo_cov_urb,mts_details_total,2013,69.569
tls,sex_f,geo_cov_urb,mts_details_total,2016,40.271
tls,sex_f,geo_cov_urb,mts_details_union,2010,5.257
tls,sex_f,geo_cov_urb,mts_details_union,2013,4.647
tls,sex_f,geo_cov_urb,mts_details_union,2016,13.305
tls,sex_f,geo_cov_urb,mts_details_wid,2010,4.055
tls,sex_f,geo_cov_urb,mts_details_wid,2013,4.883
tls,sex_f,geo_cov_urb,mts_details_wid,2016,1.005
tls,sex_f,geo_cov_urb,mts_details_x,2013,0.089
tls,sex_m,geo_cov_nat,mts_aggregate_1,2010,104.675
tls,sex_m,geo_cov_nat,mts_aggregate_1,2013,88.729
tls,sex_m,geo_cov_nat,mts_aggregate_1,2016,50.327
tls,sex_m,geo_cov_nat,mts_aggregate_2,2010,35.205
tls,sex_m,geo_cov_nat,mts_aggregate_2,2013,34.514
tls,sex_m,geo_cov_nat,mts_aggregate_2,2016,50.03
tls,sex_m,geo_cov_nat,mts_aggregate_total,2010,139.88
tls,sex_m,geo_cov_nat,mts_aggregate_total,2013,123.512
tls,sex_m,geo_cov_nat,mts_aggregate_total,2016,100.572
tls,sex_m,geo_cov_nat,mts_aggregate_x,2013,0.269
tls,sex_m,geo_cov_nat,mts_details_mrd,2010,33.699
tls,sex_m,geo_cov_nat,mts_details_mrd,2013,32.528
tls,sex_m,geo_cov_nat,mts_details_mrd,2016,35.664
tls,sex_m,geo_cov_nat,mts_details_sep,2010,0.529
tls,sex_m,geo_cov_nat,mts_details_sep,2013,0.375
tls,sex_m,geo_cov_nat,mts_details_sep,2016,2.03
tls,sex_m,geo_cov_nat,mts_details_sgle,2010,95.747
tls,sex_m,geo_cov_nat,mts_details_sgle,2013,80.684
tls,sex_m,geo_cov_nat,mts_details_sgle,2016,46.95
tls,sex_m,geo_cov_nat,mts_details_total,2010,139.88
tls,sex_m,geo_cov_nat,mts_details_total,2013,123.512
tls,sex_m,geo_cov_nat,mts_details_total,2016,100.572
tls,sex_m,geo_cov_nat,mts_details_union,2010,1.506
tls,sex_m,geo_cov_nat,mts_details_union,2013,1.986
tls,sex_m,geo_cov_nat,mts_details_union,2016,14.366
tls,sex_m,geo_cov_nat,mts_details_wid,2010,8.399
tls,sex_m,geo_cov_nat,mts_details_wid,2013,7.67
tls,sex_m,geo_cov_nat,mts_details_wid,2016,1.347
tls,sex_m,geo_cov_nat,mts_details_x,2013,0.269
tls,sex_m,geo_cov_rur,mts_aggregate_1,2010,72.037
tls,sex_m,geo_cov_rur,mts_aggregate_1,2013,51.813
tls,sex_m,geo_cov_rur,mts_aggregate_1,2016,35.857
tls,sex_m,geo_cov_rur,mts_aggregate_2,2010,28.116
tls,sex_m,geo_cov_rur,mts_aggregate_2,2013,25.316
tls,sex_m,geo_cov_rur,mts_aggregate_2,2016,35.435
tls,sex_m,geo_cov_rur,mts_aggregate_total,2010,100.153
tls,sex_m,geo_cov_rur,mts_aggregate_total,2013,77.362
tls,sex_m,geo_cov_rur,mts_aggregate_total,2016,71.507
tls,sex_m,geo_cov_rur,mts_aggregate_x,2013,0.233
tls,sex_m,geo_cov_rur,mts_details_mrd,2010,27.687
tls,sex_m,geo_cov_rur,mts_details_mrd,2013,23.979
tls,sex_m,geo_cov_rur,mts_details_mrd,2016,24.545
tls,sex_m,geo_cov_rur,mts_details_sep,2010,0.372
tls,sex_m,geo_cov_rur,mts_details_sep,2013,0.297
tls,sex_m,geo_cov_rur,mts_details_sep,2016,2.03
tls,sex_m,geo_cov_rur,mts_details_sgle,2010,64.68
tls,sex_m,geo_cov_rur,mts_details_sgle,2013,45.507
tls,sex_m,geo_cov_rur,mts_details_sgle,2016,32.871
tls,sex_m,geo_cov_rur,mts_details_total,2010,100.153
tls,sex_m,geo_cov_rur,mts_details_total,2013,77.362
tls,sex_m,geo_cov_rur,mts_details_total,2016,71.507
tls,sex_m,geo_cov_rur,mts_details_union,2010,0.429
tls,sex_m,geo_cov_rur,mts_details_union,2013,1.337
tls,sex_m,geo_cov_rur,mts_details_union,2016,10.89
tls,sex_m,geo_cov_rur,mts_details_wid,2010,6.985
tls,sex_m,geo_cov_rur,mts_details_wid,2013,6.008
tls,sex_m,geo_cov_rur,mts_details_wid,2016,0.956
tls,sex_m,geo_cov_rur,mts_details_x,2013,0.233
tls,sex_m,geo_cov_urb,mts_aggregate_1,2010,32.638
tls,sex_m,geo_cov_urb,mts_aggregate_1,2013,36.916
tls,sex_m,geo_cov_urb,mts_aggregate_1,2016,14.47
tls,sex_m,geo_cov_urb,mts_aggregate_2,2010,7.089
tls,sex_m,geo_cov_urb,mts_aggregate_2,2013,9.198
tls,sex_m,geo_cov_urb,mts_aggregate_2,2016,14.595
tls,sex_m,geo_cov_urb,mts_aggregate_total,2010,39.727
tls,sex_m,geo_cov_urb,mts_aggregate_total,2013,46.15
tls,sex_m,geo_cov_urb,mts_aggregate_total,2016,29.065
tls,sex_m,geo_cov_urb,mts_aggregate_x,2013,0.036
tls,sex_m,geo_cov_urb,mts_details_mrd,2010,6.012
tls,sex_m,geo_cov_urb,mts_details_mrd,2013,8.549
tls,sex_m,geo_cov_urb,mts_details_mrd,2016,11.119
tls,sex_m,geo_cov_urb,mts_details_sep,2010,0.157
tls,sex_m,geo_cov_urb,mts_details_sep,2013,0.077
tls,sex_m,geo_cov_urb,mts_details_sgle,2010,31.067
tls,sex_m,geo_cov_urb,mts_details_sgle,2013,35.177
tls,sex_m,geo_cov_urb,mts_details_sgle,2016,14.079
tls,sex_m,geo_cov_urb,mts_details_total,2010,39.727
tls,sex_m,geo_cov_urb,mts_details_total,2013,46.15
tls,sex_m,geo_cov_urb,mts_details_total,2016,29.065
tls,sex_m,geo_cov_urb,mts_details_union,2010,1.077
tls,sex_m,geo_cov_urb,mts_details_union,2013,0.648
tls,sex_m,geo_cov_urb,mts_details_union,2016,3.476
tls,sex_m,geo_cov_urb,mts_details_wid,2010,1.414
tls,sex_m,geo_cov_urb,mts_details_wid,2013,1.662
tls,sex_m,geo_cov_urb,mts_details_x,2013,0.036
tls,sex_t,geo_cov_nat,mts_aggregate_1,2010,211.725
tls,sex_t,geo_cov_nat,mts_aggregate_1,2013,178.666
tls,sex_t,geo_cov_nat,mts_aggregate_1,2016,105.789
tls,sex_t,geo_cov_nat,mts_aggregate_2,2010,155.373
tls,sex_t,geo_cov_nat,mts_aggregate_2,2013,136.583
tls,sex_t,geo_cov_nat,mts_aggregate_2,2016,132.1
tls,sex_t,geo_cov_nat,mts_aggregate_total,2010,367.352
tls,sex_t,geo_cov_nat,mts_aggregate_total,2013,316.092
tls,sex_t,geo_cov_nat,mts_aggregate_total,2016,238.578
tls,sex_t,geo_cov_nat,mts_aggregate_x,2010,0.254
tls,sex_t,geo_cov_nat,mts_aggregate_x,2013,0.844
tls,sex_t,geo_cov_nat,mts_aggregate_x,2016,0.689
tls,sex_t,geo_cov_nat,mts_details_mrd,2010,145.255
tls,sex_t,geo_cov_nat,mts_details_mrd,2013,123.97
tls,sex_t,geo_cov_nat,mts_details_mrd,2016,71.068
tls,sex_t,geo_cov_nat,mts_details_sep,2010,1.27
tls,sex_t,geo_cov_nat,mts_details_sep,2013,1.476
tls,sex_t,geo_cov_nat,mts_details_sep,2016,10.266
tls,sex_t,geo_cov_nat,mts_details_sgle,2010,181.785
tls,sex_t,geo_cov_nat,mts_details_sgle,2013,151.427
tls,sex_t,geo_cov_nat,mts_details_sgle,2016,90.483
tls,sex_t,geo_cov_nat,mts_details_total,2010,367.352
tls,sex_t,geo_cov_nat,mts_details_total,2013,316.092
tls,sex_t,geo_cov_nat,mts_details_total,2016,238.578
tls,sex_t,geo_cov_nat,mts_details_union,2010,10.118
tls,sex_t,geo_cov_nat,mts_details_union,2013,12.613
tls,sex_t,geo_cov_nat,mts_details_union,2016,61.032
tls,sex_t,geo_cov_nat,mts_details_wid,2010,28.67
tls,sex_t,geo_cov_nat,mts_details_wid,2013,25.763
tls,sex_t,geo_cov_nat,mts_details_wid,2016,5.04
tls,sex_t,geo_cov_nat,mts_details_x,2010,0.254
tls,sex_t,geo_cov_nat,mts_details_x,2013,0.844
tls,sex_t,geo_cov_nat,mts_details_x,2016,0.689
tls,sex_t,geo_cov_rur,mts_aggregate_1,2010,146.145
tls,sex_t,geo_cov_rur,mts_aggregate_1,2013,104.213
tls,sex_t,geo_cov_rur,mts_aggregate_1,2016,76.486
tls,sex_t,geo_cov_rur,mts_aggregate_2,2010,116.917
tls,sex_t,geo_cov_rur,mts_aggregate_2,2013,95.441
tls,sex_t,geo_cov_rur,mts_aggregate_2,2016,92.329
tls,sex_t,geo_cov_rur,mts_aggregate_total,2010,263.316
tls,sex_t,geo_cov_rur,mts_aggregate_total,2013,200.372
tls,sex_t,geo_cov_rur,mts_aggregate_total,2016,169.242
tls,sex_t,geo_cov_rur,mts_aggregate_x,2010,0.254
tls,sex_t,geo_cov_rur,mts_aggregate_x,2013,0.719
tls,sex_t,geo_cov_rur,mts_details_mrd,2010,113.133
tls,sex_t,geo_cov_rur,mts_details_mrd,2013,88.124
tls,sex_t,geo_cov_rur,mts_details_mrd,2016,48.078
tls,sex_t,geo_cov_rur,mts_details_sep,2010,0.894
tls,sex_t,geo_cov_rur,mts_details_sep,2013,0.902
tls,sex_t,geo_cov_rur,mts_details_sep,2016,9.028
tls,sex_t,geo_cov_rur,mts_details_sgle,2010,122.05
tls,sex_t,geo_cov_rur,mts_details_sgle,2013,84.093
tls,sex_t,geo_cov_rur,mts_details_sgle,2016,63.814
tls,sex_t,geo_cov_rur,mts_details_total,2010,263.316
tls,sex_t,geo_cov_rur,mts_details_total,2013,200.372
tls,sex_t,geo_cov_rur,mts_details_total,2016,169.242
tls,sex_t,geo_cov_rur,mts_details_union,2010,3.784
tls,sex_t,geo_cov_rur,mts_details_union,2013,7.317
tls,sex_t,geo_cov_rur,mts_details_union,2016,44.251
tls,sex_t,geo_cov_rur,mts_details_wid,2010,23.201
tls,sex_t,geo_cov_rur,mts_details_wid,2013,19.218
tls,sex_t,geo_cov_rur,mts_details_wid,2016,3.644
tls,sex_t,geo_cov_rur,mts_details_x,2010,0.254
tls,sex_t,geo_cov_rur,mts_details_x,2013,0.719
tls,sex_t,geo_cov_urb,mts_aggregate_1,2010,65.58
tls,sex_t,geo_cov_urb,mts_aggregate_1,2013,74.453
tls,sex_t,geo_cov_urb,mts_aggregate_1,2016,29.303
tls,sex_t,geo_cov_urb,mts_aggregate_2,2010,38.456
tls,sex_t,geo_cov_urb,mts_aggregate_2,2013,41.142
tls,sex_t,geo_cov_urb,mts_aggregate_2,2016,39.771
tls,sex_t,geo_cov_urb,mts_aggregate_total,2010,104.036
tls,sex_t,geo_cov_urb,mts_aggregate_total,2013,115.72
tls,sex_t,geo_cov_urb,mts_aggregate_total,2016,69.336
tls,sex_t,geo_cov_urb,mts_aggregate_x,2013,0.125
tls,sex_t,geo_cov_urb,mts_details_mrd,2010,32.122
tls,sex_t,geo_cov_urb,mts_details_mrd,2013,35.847
tls,sex_t,geo_cov_urb,mts_details_mrd,2016,22.99
tls,sex_t,geo_cov_urb,mts_details_sep,2010,0.376
tls,sex_t,geo_cov_urb,mts_details_sep,2013,0.574
tls,sex_t,geo_cov_urb,mts_details_sep,2016,1.238
tls,sex_t,geo_cov_urb,mts_details_sgle,2010,59.735
tls,sex_t,geo_cov_urb,mts_details_sgle,2013,67.334
tls,sex_t,geo_cov_urb,mts_details_sgle,2016,26.669
tls,sex_t,geo_cov_urb,mts_details_total,2010,104.036
tls,sex_t,geo_cov_urb,mts_details_total,2013,115.72
tls,sex_t,geo_cov_urb,mts_details_total,2016,69.336
tls,sex_t,geo_cov_urb,mts_details_union,2010,6.334
tls,sex_t,geo_cov_urb,mts_details_union,2013,5.295
tls,sex_t,geo_cov_urb,mts_details_union,2016,16.781
tls,sex_t,geo_cov_urb,mts_details_wid,2010,5.469
tls,sex_t,geo_cov_urb,mts_details_wid,2013,6.545
tls,sex_t,geo_cov_urb,mts_details_wid,2016,1.396
tls,sex_t,geo_cov_urb,mts_details_x,2013,0.125
ton,sex_f,geo_cov_nat,mts_aggregate_1,2018,10.677
ton,sex_f,geo_cov_nat,mts_aggregate_2,2018,8.568
ton,sex_f,geo_cov_nat,mts_aggregate_total,2018,19.245
ton,sex_f,geo_cov_nat,mts_details_mrd,2018,8.476
ton,sex_f,geo_cov_nat,mts_details_sep,2018,0.284
ton,sex_f,geo_cov_nat,mts_details_sgle,2018,7.886
ton,sex_f,geo_cov_nat,mts_details_total,2018,19.245
ton,sex_f,geo_cov_nat,mts_details_union,2018,0.092
ton,sex_f,geo_cov_nat,mts_details_wid,2018,2.507
ton,sex_f,geo_cov_rur,mts_aggregate_1,2018,7.381
ton,sex_f,geo_cov_rur,mts_aggregate_2,2018,6.304
ton,sex_f,geo_cov_rur,mts_aggregate_total,2018,13.685
ton,sex_f,geo_cov_rur,mts_details_mrd,2018,6.239
ton,sex_f,geo_cov_rur,mts_details_sep,2018,0.144
ton,sex_f,geo_cov_rur,mts_details_sgle,2018,5.563
ton,sex_f,geo_cov_rur,mts_details_total,2018,13.685
ton,sex_f,geo_cov_rur,mts_details_union,2018,0.065
ton,sex_f,geo_cov_rur,mts_details_wid,2018,1.674
ton,sex_f,geo_cov_urb,mts_aggregate_1,2018,3.296
ton,sex_f,geo_cov_urb,mts_aggregate_2,2018,2.264
ton,sex_f,geo_cov_urb,mts_aggregate_total,2018,5.56
ton,sex_f,geo_cov_urb,mts_details_mrd,2018,2.237
ton,sex_f,geo_cov_urb,mts_details_sep,2018,0.14
ton,sex_f,geo_cov_urb,mts_details_sgle,2018,2.323
ton,sex_f,geo_cov_urb,mts_details_total,2018,5.56
ton,sex_f,geo_cov_urb,mts_details_union,2018,0.027
ton,sex_f,geo_cov_urb,mts_details_wid,2018,0.833
ton,sex_m,geo_cov_nat,mts_aggregate_1,2018,7.296
ton,sex_m,geo_cov_nat,mts_aggregate_2,2018,2.673
ton,sex_m,geo_cov_nat,mts_aggregate_total,2018,9.968
ton,sex_m,geo_cov_nat,mts_details_mrd,2018,2.627
ton,sex_m,geo_cov_nat,mts_details_sep,2018,0.098
ton,sex_m,geo_cov_nat,mts_details_sgle,2018,6.571
ton,sex_m,geo_cov_nat,mts_details_total,2018,9.968
ton,sex_m,geo_cov_nat,mts_details_union,2018,0.046
ton,sex_m,geo_cov_nat,mts_details_wid,2018,0.627
ton,sex_m,geo_cov_rur,mts_aggregate_1,2018,5.245
ton,sex_m,geo_cov_rur,mts_aggregate_2,2018,1.759
ton,sex_m,geo_cov_rur,mts_aggregate_total,2018,7.003
ton,sex_m,geo_cov_rur,mts_details_mrd,2018,1.713
ton,sex_m,geo_cov_rur,mts_details_sep,2018,0.075
ton,sex_m,geo_cov_rur,mts_details_sgle,2018,4.682
ton,sex_m,geo_cov_rur,mts_details_total,2018,7.003
ton,sex_m,geo_cov_rur,mts_details_union,2018,0.046
ton,sex_m,geo_cov_rur,mts_details_wid,2018,0.488
ton,sex_m,geo_cov_urb,mts_aggregate_1,2018,2.051
ton,sex_m,geo_cov_urb,mts_aggregate_2,2018,0.914
ton,sex_m,geo_cov_urb,mts_aggregate_total,2018,2.965
ton,sex_m,geo_cov_urb,mts_details_mrd,2018,0.914
ton,sex_m,geo_cov_urb,mts_details_sep,2018,0.023
ton,sex_m,geo_cov_urb,mts_details_sgle,2018,1.889
ton,sex_m,geo_cov_urb,mts_details_total,2018,2.965
ton,sex_m,geo_cov_urb,mts_details_wid,2018,0.139
ton,sex_t,geo_cov_nat,mts_aggregate_1,2018,17.972
ton,sex_t,geo_cov_nat,mts_aggregate_2,2018,11.241
ton,sex_t,geo_cov_nat,mts_aggregate_total,2018,29.213
ton,sex_t,geo_cov_nat,mts_details_mrd,2018,11.103
ton,sex_t,geo_cov_nat,mts_details_sep,2018,0.382
ton,sex_t,geo_cov_nat,mts_details_sgle,2018,14.456
ton,sex_t,geo_cov_nat,mts_details_total,2018,29.213
ton,sex_t,geo_cov_nat,mts_details_union,2018,0.138
ton,sex_t,geo_cov_nat,mts_details_wid,2018,3.134
ton,sex_t,geo_cov_rur,mts_aggregate_1,2018,12.626
ton,sex_t,geo_cov_rur,mts_aggregate_2,2018,8.062
ton,sex_t,geo_cov_rur,mts_aggregate_total,2018,20.688
ton,sex_t,geo_cov_rur,mts_details_mrd,2018,7.952
ton,sex_t,geo_cov_rur,mts_details_sep,2018,0.219
ton,sex_t,geo_cov_rur,mts_details_sgle,2018,10.245
ton,sex_t,geo_cov_rur,mts_details_total,2018,20.688
ton,sex_t,geo_cov_rur,mts_details_union,2018,0.11
ton,sex_t,geo_cov_rur,mts_details_wid,2018,2.162
ton,sex_t,geo_cov_urb,mts_aggregate_1,2018,5.346
ton,sex_t,geo_cov_urb,mts_aggregate_2,2018,3.179
ton,sex_t,geo_cov_urb,mts_aggregate_total,2018,8.525
ton,sex_t,geo_cov_urb,mts_details_mrd,2018,3.151
ton,sex_t,geo_cov_urb,mts_details_sep,2018,0.163
ton,sex_t,geo_cov_urb,mts_details_sgle,2018,4.212
ton,sex_t,geo_cov_urb,mts_details_total,2018,8.525
ton,sex_t,geo_cov_urb,mts_details_union,2018,0.027
ton,sex_t,geo_cov_urb,mts_details_wid,2018,0.972
tun,sex_f,geo_cov_nat,mts_aggregate_1,2006,1334.555
tun,sex_f,geo_cov_nat,mts_aggregate_1,2007,1327.153
tun,sex_f,geo_cov_nat,mts_aggregate_1,2008,1337.396
tun,sex_f,geo_cov_nat,mts_aggregate_1,2009,1337.134
tun,sex_f,geo_cov_nat,mts_aggregate_1,2010,1317.349
tun,sex_f,geo_cov_nat,mts_aggregate_1,2011,1308.013
tun,sex_f,geo_cov_nat,mts_aggregate_1,2012,1313.86
tun,sex_f,geo_cov_nat,mts_aggregate_1,2013,1312.304
tun,sex_f,geo_cov_nat,mts_aggregate_1,2015,1308.547
tun,sex_f,geo_cov_nat,mts_aggregate_1,2016,1293.708
tun,sex_f,geo_cov_nat,mts_aggregate_1,2017,1354.17
tun,sex_f,geo_cov_nat,mts_aggregate_2,2006,1537.162
tun,sex_f,geo_cov_nat,mts_aggregate_2,2007,1600.926
tun,sex_f,geo_cov_nat,mts_aggregate_2,2008,1625.567
tun,sex_f,geo_cov_nat,mts_aggregate_2,2009,1677.08
tun,sex_f,geo_cov_nat,mts_aggregate_2,2010,1739.856
tun,sex_f,geo_cov_nat,mts_aggregate_2,2011,1791.85
tun,sex_f,geo_cov_nat,mts_aggregate_2,2012,1770.477
tun,sex_f,geo_cov_nat,mts_aggregate_2,2013,1835.302
tun,sex_f,geo_cov_nat,mts_aggregate_2,2015,1878.243
tun,sex_f,geo_cov_nat,mts_aggregate_2,2016,1913.316
tun,sex_f,geo_cov_nat,mts_aggregate_2,2017,1903.017
tun,sex_f,geo_cov_nat,mts_aggregate_total,2006,2872.089
tun,sex_f,geo_cov_nat,mts_aggregate_total,2007,2928.71
tun,sex_f,geo_cov_nat,mts_aggregate_total,2008,2963.564
tun,sex_f,geo_cov_nat,mts_aggregate_total,2009,3014.723
tun,sex_f,geo_cov_nat,mts_aggregate_total,2010,3058.011
tun,sex_f,geo_cov_nat,mts_aggregate_total,2011,3100.79
tun,sex_f,geo_cov_nat,mts_aggregate_total,2012,3084.385
tun,sex_f,geo_cov_nat,mts_aggregate_total,2013,3147.606
tun,sex_f,geo_cov_nat,mts_aggregate_total,2015,3186.79
tun,sex_f,geo_cov_nat,mts_aggregate_total,2016,3207.024
tun,sex_f,geo_cov_nat,mts_aggregate_total,2017,3257.187
tun,sex_f,geo_cov_nat,mts_aggregate_x,2006,0.372
tun,sex_f,geo_cov_nat,mts_aggregate_x,2007,0.631
tun,sex_f,geo_cov_nat,mts_aggregate_x,2008,0.601
tun,sex_f,geo_cov_nat,mts_aggregate_x,2009,0.509
tun,sex_f,geo_cov_nat,mts_aggregate_x,2010,0.805
tun,sex_f,geo_cov_nat,mts_aggregate_x,2011,0.927
tun,sex_f,geo_cov_nat,mts_details_mrd,2006,1537.162
tun,sex_f,geo_cov_nat,mts_details_mrd,2007,1600.926
tun,sex_f,geo_cov_nat,mts_details_mrd,2008,1625.567
tun,sex_f,geo_cov_nat,mts_details_mrd,2009,1677.08
tun,sex_f,geo_cov_nat,mts_details_mrd,2010,1739.856
tun,sex_f,geo_cov_nat,mts_details_mrd,2011,1791.85
tun,sex_f,geo_cov_nat,mts_details_mrd,2012,1770.477
tun,sex_f,geo_cov_nat,mts_details_mrd,2013,1835.302
tun,sex_f,geo_cov_nat,mts_details_mrd,2015,1878.243
tun,sex_f,geo_cov_nat,mts_details_mrd,2016,1913.316
tun,sex_f,geo_cov_nat,mts_details_mrd,2017,1903.017
tun,sex_f,geo_cov_nat,mts_details_sep,2006,28.266
tun,sex_f,geo_cov_nat,mts_details_sep,2007,28.454
tun,sex_f,geo_cov_nat,mts_details_sep,2008,26.274
tun,sex_f,geo_cov_nat,mts_details_sep,2009,27.682
tun,sex_f,geo_cov_nat,mts_details_sep,2010,30.499
tun,sex_f,geo_cov_nat,mts_details_sep,2011,36.696
tun,sex_f,geo_cov_nat,mts_details_sep,2012,307.745
tun,sex_f,geo_cov_nat,mts_details_sep,2013,335.565
tun,sex_f,geo_cov_nat,mts_details_sep,2015,338.945
tun,sex_f,geo_cov_nat,mts_details_sep,2016,345.817
tun,sex_f,geo_cov_nat,mts_details_sep,2017,363.424
tun,sex_f,geo_cov_nat,mts_details_sgle,2006,1024.51
tun,sex_f,geo_cov_nat,mts_details_sgle,2007,1005.19
tun,sex_f,geo_cov_nat,mts_details_sgle,2008,1016.836
tun,sex_f,geo_cov_nat,mts_details_sgle,2009,1028.396
tun,sex_f,geo_cov_nat,mts_details_sgle,2010,980.6
tun,sex_f,geo_cov_nat,mts_details_sgle,2011,964.922
tun,sex_f,geo_cov_nat,mts_details_sgle,2012,969.324
tun,sex_f,geo_cov_nat,mts_details_sgle,2013,937.663
tun,sex_f,geo_cov_nat,mts_details_sgle,2015,932.282
tun,sex_f,geo_cov_nat,mts_details_sgle,2016,913.193
tun,sex_f,geo_cov_nat,mts_details_sgle,2017,952.747
tun,sex_f,geo_cov_nat,mts_details_total,2006,2872.089
tun,sex_f,geo_cov_nat,mts_details_total,2007,2928.71
tun,sex_f,geo_cov_nat,mts_details_total,2008,2963.564
tun,sex_f,geo_cov_nat,mts_details_total,2009,3014.723
tun,sex_f,geo_cov_nat,mts_details_total,2010,3058.011
tun,sex_f,geo_cov_nat,mts_details_total,2011,3100.79
tun,sex_f,geo_cov_nat,mts_details_total,2012,3084.385
tun,sex_f,geo_cov_nat,mts_details_total,2013,3147.606
tun,sex_f,geo_cov_nat,mts_details_total,2015,3186.79
tun,sex_f,geo_cov_nat,mts_details_total,2016,3207.024
tun,sex_f,geo_cov_nat,mts_details_total,2017,3257.187
tun,sex_f,geo_cov_nat,mts_details_wid,2006,281.779
tun,sex_f,geo_cov_nat,mts_details_wid,2007,293.509
tun,sex_f,geo_cov_nat,mts_details_wid,2008,294.286
tun,sex_f,geo_cov_nat,mts_details_wid,2009,281.056
tun,sex_f,geo_cov_nat,mts_details_wid,2010,306.251
tun,sex_f,geo_cov_nat,mts_details_wid,2011,306.395
tun,sex_f,geo_cov_nat,mts_details_wid,2012,36.79
tun,sex_f,geo_cov_nat,mts_details_wid,2013,39.076
tun,sex_f,geo_cov_nat,mts_details_wid,2015,37.32
tun,sex_f,geo_cov_nat,mts_details_wid,2016,34.699
tun,sex_f,geo_cov_nat,mts_details_wid,2017,37.999
tun,sex_f,geo_cov_nat,mts_details_x,2006,0.372
tun,sex_f,geo_cov_nat,mts_details_x,2007,0.631
tun,sex_f,geo_cov_nat,mts_details_x,2008,0.601
tun,sex_f,geo_cov_nat,mts_details_x,2009,0.509
tun,sex_f,geo_cov_nat,mts_details_x,2010,0.805
tun,sex_f,geo_cov_nat,mts_details_x,2011,0.927
tun,sex_f,geo_cov_rur,mts_aggregate_1,2006,484.077
tun,sex_f,geo_cov_rur,mts_aggregate_1,2007,478.544
tun,sex_f,geo_cov_rur,mts_aggregate_1,2008,486.992
tun,sex_f,geo_cov_rur,mts_aggregate_1,2009,468.572
tun,sex_f,geo_cov_rur,mts_aggregate_1,2010,466.221
tun,sex_f,geo_cov_rur,mts_aggregate_1,2011,466.711
tun,sex_f,geo_cov_rur,mts_aggregate_1,2012,484.031
tun,sex_f,geo_cov_rur,mts_aggregate_1,2013,475.176
tun,sex_f,geo_cov_rur,mts_aggregate_1,2015,456.46
tun,sex_f,geo_cov_rur,mts_aggregate_1,2016,441.291
tun,sex_f,geo_cov_rur,mts_aggregate_1,2017,449.464
tun,sex_f,geo_cov_rur,mts_aggregate_2,2006,534.561
tun,sex_f,geo_cov_rur,mts_aggregate_2,2007,577.945
tun,sex_f,geo_cov_rur,mts_aggregate_2,2008,597.882
tun,sex_f,geo_cov_rur,mts_aggregate_2,2009,591.562
tun,sex_f,geo_cov_rur,mts_aggregate_2,2010,608.985
tun,sex_f,geo_cov_rur,mts_aggregate_2,2011,642.071
tun,sex_f,geo_cov_rur,mts_aggregate_2,2012,651.066
tun,sex_f,geo_cov_rur,mts_aggregate_2,2013,676.556
tun,sex_f,geo_cov_rur,mts_aggregate_2,2015,707.136
tun,sex_f,geo_cov_rur,mts_aggregate_2,2016,710.469
tun,sex_f,geo_cov_rur,mts_aggregate_2,2017,698.761
tun,sex_f,geo_cov_rur,mts_aggregate_total,2006,1018.831
tun,sex_f,geo_cov_rur,mts_aggregate_total,2007,1056.715
tun,sex_f,geo_cov_rur,mts_aggregate_total,2008,1085.142
tun,sex_f,geo_cov_rur,mts_aggregate_total,2009,1060.242
tun,sex_f,geo_cov_rur,mts_aggregate_total,2010,1075.593
tun,sex_f,geo_cov_rur,mts_aggregate_total,2011,1109.059
tun,sex_f,geo_cov_rur,mts_aggregate_total,2012,1135.127
tun,sex_f,geo_cov_rur,mts_aggregate_total,2013,1151.732
tun,sex_f,geo_cov_rur,mts_aggregate_total,2015,1163.596
tun,sex_f,geo_cov_rur,mts_aggregate_total,2016,1151.76
tun,sex_f,geo_cov_rur,mts_aggregate_total,2017,1148.225
tun,sex_f,geo_cov_rur,mts_aggregate_x,2006,0.193
tun,sex_f,geo_cov_rur,mts_aggregate_x,2007,0.227
tun,sex_f,geo_cov_rur,mts_aggregate_x,2008,0.269
tun,sex_f,geo_cov_rur,mts_aggregate_x,2009,0.108
tun,sex_f,geo_cov_rur,mts_aggregate_x,2010,0.387
tun,sex_f,geo_cov_rur,mts_details_mrd,2006,534.561
tun,sex_f,geo_cov_rur,mts_details_mrd,2007,577.945
tun,sex_f,geo_cov_rur,mts_details_mrd,2008,597.882
tun,sex_f,geo_cov_rur,mts_details_mrd,2009,591.562
tun,sex_f,geo_cov_rur,mts_details_mrd,2010,608.985
tun,sex_f,geo_cov_rur,mts_details_mrd,2011,642.071
tun,sex_f,geo_cov_rur,mts_details_mrd,2012,651.066
tun,sex_f,geo_cov_rur,mts_details_mrd,2013,676.556
tun,sex_f,geo_cov_rur,mts_details_mrd,2015,707.136
tun,sex_f,geo_cov_rur,mts_details_mrd,2016,710.469
tun,sex_f,geo_cov_rur,mts_details_mrd,2017,698.761
tun,sex_f,geo_cov_rur,mts_details_sep,2006,6.902
tun,sex_f,geo_cov_rur,mts_details_sep,2007,6.325
tun,sex_f,geo_cov_rur,mts_details_sep,2008,6.617
tun,sex_f,geo_cov_rur,mts_details_sep,2009,6.819
tun,sex_f,geo_cov_rur,mts_details_sep,2010,6.97
tun,sex_f,geo_cov_rur,mts_details_sep,2011,7.774
tun,sex_f,geo_cov_rur,mts_details_sep,2012,91.453
tun,sex_f,geo_cov_rur,mts_details_sep,2013,100.879
tun,sex_f,geo_cov_rur,mts_details_sep,2015,100.686
tun,sex_f,geo_cov_rur,mts_details_sep,2016,101.287
tun,sex_f,geo_cov_rur,mts_details_sep,2017,104.048
tun,sex_f,geo_cov_rur,mts_details_sgle,2006,391.503
tun,sex_f,geo_cov_rur,mts_details_sgle,2007,382.959
tun,sex_f,geo_cov_rur,mts_details_sgle,2008,388.998
tun,sex_f,geo_cov_rur,mts_details_sgle,2009,376.061
tun,sex_f,geo_cov_rur,mts_details_sgle,2010,366.877
tun,sex_f,geo_cov_rur,mts_details_sgle,2011,363.522
tun,sex_f,geo_cov_rur,mts_details_sgle,2012,384.44
tun,sex_f,geo_cov_rur,mts_details_sgle,2013,365.423
tun,sex_f,geo_cov_rur,mts_details_sgle,2015,347.171
tun,sex_f,geo_cov_rur,mts_details_sgle,2016,331.218
tun,sex_f,geo_cov_rur,mts_details_sgle,2017,336.72
tun,sex_f,geo_cov_rur,mts_details_total,2006,1018.831
tun,sex_f,geo_cov_rur,mts_details_total,2007,1056.715
tun,sex_f,geo_cov_rur,mts_details_total,2008,1085.142
tun,sex_f,geo_cov_rur,mts_details_total,2009,1060.242
tun,sex_f,geo_cov_rur,mts_details_total,2010,1075.593
tun,sex_f,geo_cov_rur,mts_details_total,2011,1109.059
tun,sex_f,geo_cov_rur,mts_details_total,2012,1135.127
tun,sex_f,geo_cov_rur,mts_details_total,2013,1151.732
tun,sex_f,geo_cov_rur,mts_details_total,2015,1163.596
tun,sex_f,geo_cov_rur,mts_details_total,2016,1151.76
tun,sex_f,geo_cov_rur,mts_details_total,2017,1148.225
tun,sex_f,geo_cov_rur,mts_details_wid,2006,85.672
tun,sex_f,geo_cov_rur,mts_details_wid,2007,89.26
tun,sex_f,geo_cov_rur,mts_details_wid,2008,91.377
tun,sex_f,geo_cov_rur,mts_details_wid,2009,85.693
tun,sex_f,geo_cov_rur,mts_details_wid,2010,92.374
tun,sex_f,geo_cov_rur,mts_details_wid,2011,95.415
tun,sex_f,geo_cov_rur,mts_details_wid,2012,8.138
tun,sex_f,geo_cov_rur,mts_details_wid,2013,8.874
tun,sex_f,geo_cov_rur,mts_details_wid,2015,8.604
tun,sex_f,geo_cov_rur,mts_details_wid,2016,8.786
tun,sex_f,geo_cov_rur,mts_details_wid,2017,8.696
tun,sex_f,geo_cov_rur,mts_details_x,2006,0.193
tun,sex_f,geo_cov_rur,mts_details_x,2007,0.227
tun,sex_f,geo_cov_rur,mts_details_x,2008,0.269
tun,sex_f,geo_cov_rur,mts_details_x,2009,0.108
tun,sex_f,geo_cov_rur,mts_details_x,2010,0.387
tun,sex_f,geo_cov_urb,mts_aggregate_1,2006,850.479
tun,sex_f,geo_cov_urb,mts_aggregate_1,2007,848.609
tun,sex_f,geo_cov_urb,mts_aggregate_1,2008,850.405
tun,sex_f,geo_cov_urb,mts_aggregate_1,2009,868.562
tun,sex_f,geo_cov_urb,mts_aggregate_1,2010,851.128
tun,sex_f,geo_cov_urb,mts_aggregate_1,2011,841.302
tun,sex_f,geo_cov_urb,mts_aggregate_1,2012,829.829
tun,sex_f,geo_cov_urb,mts_aggregate_1,2013,837.129
tun,sex_f,geo_cov_urb,mts_aggregate_1,2015,852.086
tun,sex_f,geo_cov_urb,mts_aggregate_1,2016,852.417
tun,sex_f,geo_cov_urb,mts_aggregate_1,2017,904.706
tun,sex_f,geo_cov_urb,mts_aggregate_2,2006,1002.601
tun,sex_f,geo_cov_urb,mts_aggregate_2,2007,1022.982
tun,sex_f,geo_cov_urb,mts_aggregate_2,2008,1027.686
tun,sex_f,geo_cov_urb,mts_aggregate_2,2009,1085.519
tun,sex_f,geo_cov_urb,mts_aggregate_2,2010,1130.872
tun,sex_f,geo_cov_urb,mts_aggregate_2,2011,1149.779
tun,sex_f,geo_cov_urb,mts_aggregate_2,2012,1119.412
tun,sex_f,geo_cov_urb,mts_aggregate_2,2013,1158.746
tun,sex_f,geo_cov_urb,mts_aggregate_2,2015,1171.108
tun,sex_f,geo_cov_urb,mts_aggregate_2,2016,1202.847
tun,sex_f,geo_cov_urb,mts_aggregate_2,2017,1204.256
tun,sex_f,geo_cov_urb,mts_aggregate_total,2006,1853.258
tun,sex_f,geo_cov_urb,mts_aggregate_total,2007,1871.995
tun,sex_f,geo_cov_urb,mts_aggregate_total,2008,1878.422
tun,sex_f,geo_cov_urb,mts_aggregate_total,2009,1954.481
tun,sex_f,geo_cov_urb,mts_aggregate_total,2010,1982.418
tun,sex_f,geo_cov_urb,mts_aggregate_total,2011,1991.731
tun,sex_f,geo_cov_urb,mts_aggregate_total,2012,1949.258
tun,sex_f,geo_cov_urb,mts_aggregate_total,2013,1995.874
tun,sex_f,geo_cov_urb,mts_aggregate_total,2015,2023.194
tun,sex_f,geo_cov_urb,mts_aggregate_total,2016,2055.264
tun,sex_f,geo_cov_urb,mts_aggregate_total,2017,2108.962
tun,sex_f,geo_cov_urb,mts_aggregate_x,2006,0.179
tun,sex_f,geo_cov_urb,mts_aggregate_x,2007,0.405
tun,sex_f,geo_cov_urb,mts_aggregate_x,2008,0.332
tun,sex_f,geo_cov_urb,mts_aggregate_x,2009,0.401
tun,sex_f,geo_cov_urb,mts_aggregate_x,2010,0.418
tun,sex_f,geo_cov_urb,mts_aggregate_x,2011,0.65
tun,sex_f,geo_cov_urb,mts_details_mrd,2006,1002.601
tun,sex_f,geo_cov_urb,mts_details_mrd,2007,1022.982
tun,sex_f,geo_cov_urb,mts_details_mrd,2008,1027.686
tun,sex_f,geo_cov_urb,mts_details_mrd,2009,1085.519
tun,sex_f,geo_cov_urb,mts_details_mrd,2010,1130.872
tun,sex_f,geo_cov_urb,mts_details_mrd,2011,1149.779
tun,sex_f,geo_cov_urb,mts_details_mrd,2012,1119.412
tun,sex_f,geo_cov_urb,mts_details_mrd,2013,1158.746
tun,sex_f,geo_cov_urb,mts_details_mrd,2015,1171.108
tun,sex_f,geo_cov_urb,mts_details_mrd,2016,1202.847
tun,sex_f,geo_cov_urb,mts_details_mrd,2017,1204.256
tun,sex_f,geo_cov_urb,mts_details_sep,2006,21.364
tun,sex_f,geo_cov_urb,mts_details_sep,2007,22.129
tun,sex_f,geo_cov_urb,mts_details_sep,2008,19.657
tun,sex_f,geo_cov_urb,mts_details_sep,2009,20.863
tun,sex_f,geo_cov_urb,mts_details_sep,2010,23.529
tun,sex_f,geo_cov_urb,mts_details_sep,2011,28.922
tun,sex_f,geo_cov_urb,mts_details_sep,2012,216.292
tun,sex_f,geo_cov_urb,mts_details_sep,2013,234.686
tun,sex_f,geo_cov_urb,mts_details_sep,2015,238.259
tun,sex_f,geo_cov_urb,mts_details_sep,2016,244.529
tun,sex_f,geo_cov_urb,mts_details_sep,2017,259.377
tun,sex_f,geo_cov_urb,mts_details_sgle,2006,633.008
tun,sex_f,geo_cov_urb,mts_details_sgle,2007,622.231
tun,sex_f,geo_cov_urb,mts_details_sgle,2008,627.838
tun,sex_f,geo_cov_urb,mts_details_sgle,2009,652.335
tun,sex_f,geo_cov_urb,mts_details_sgle,2010,613.723
tun,sex_f,geo_cov_urb,mts_details_sgle,2011,601.4
tun,sex_f,geo_cov_urb,mts_details_sgle,2012,584.885
tun,sex_f,geo_cov_urb,mts_details_sgle,2013,572.24
tun,sex_f,geo_cov_urb,mts_details_sgle,2015,585.111
tun,sex_f,geo_cov_urb,mts_details_sgle,2016,581.975
tun,sex_f,geo_cov_urb,mts_details_sgle,2017,616.027
tun,sex_f,geo_cov_urb,mts_details_total,2006,1853.258
tun,sex_f,geo_cov_urb,mts_details_total,2007,1871.995
tun,sex_f,geo_cov_urb,mts_details_total,2008,1878.422
tun,sex_f,geo_cov_urb,mts_details_total,2009,1954.481
tun,sex_f,geo_cov_urb,mts_details_total,2010,1982.418
tun,sex_f,geo_cov_urb,mts_details_total,2011,1991.731
tun,sex_f,geo_cov_urb,mts_details_total,2012,1949.258
tun,sex_f,geo_cov_urb,mts_details_total,2013,1995.874
tun,sex_f,geo_cov_urb,mts_details_total,2015,2023.194
tun,sex_f,geo_cov_urb,mts_details_total,2016,2055.264
tun,sex_f,geo_cov_urb,mts_details_total,2017,2108.962
tun,sex_f,geo_cov_urb,mts_details_wid,2006,196.107
tun,sex_f,geo_cov_urb,mts_details_wid,2007,204.249
tun,sex_f,geo_cov_urb,mts_details_wid,2008,202.91
tun,sex_f,geo_cov_urb,mts_details_wid,2009,195.363
tun,sex_f,geo_cov_urb,mts_details_wid,2010,213.877
tun,sex_f,geo_cov_urb,mts_details_wid,2011,210.98
tun,sex_f,geo_cov_urb,mts_details_wid,2012,28.653
tun,sex_f,geo_cov_urb,mts_details_wid,2013,30.202
tun,sex_f,geo_cov_urb,mts_details_wid,2015,28.717
tun,sex_f,geo_cov_urb,mts_details_wid,2016,25.913
tun,sex_f,geo_cov_urb,mts_details_wid,2017,29.302
tun,sex_f,geo_cov_urb,mts_details_x,2006,0.179
tun,sex_f,geo_cov_urb,mts_details_x,2007,0.405
tun,sex_f,geo_cov_urb,mts_details_x,2008,0.332
tun,sex_f,geo_cov_urb,mts_details_x,2009,0.401
tun,sex_f,geo_cov_urb,mts_details_x,2010,0.418
tun,sex_f,geo_cov_urb,mts_details_x,2011,0.65
tun,sex_m,geo_cov_nat,mts_aggregate_1,2006,788.622
tun,sex_m,geo_cov_nat,mts_aggregate_1,2007,781.872
tun,sex_m,geo_cov_nat,mts_aggregate_1,2008,782.296
tun,sex_m,geo_cov_nat,mts_aggregate_1,2009,776.693
tun,sex_m,geo_cov_nat,mts_aggregate_1,2010,744.179
tun,sex_m,geo_cov_nat,mts_aggregate_1,2011,711.558
tun,sex_m,geo_cov_nat,mts_aggregate_1,2012,705.609
tun,sex_m,geo_cov_nat,mts_aggregate_1,2013,696.587
tun,sex_m,geo_cov_nat,mts_aggregate_1,2015,740.242
tun,sex_m,geo_cov_nat,mts_aggregate_1,2016,741.209
tun,sex_m,geo_cov_nat,mts_aggregate_1,2017,760.36
tun,sex_m,geo_cov_nat,mts_aggregate_2,2006,430.399
tun,sex_m,geo_cov_nat,mts_aggregate_2,2007,445.341
tun,sex_m,geo_cov_nat,mts_aggregate_2,2008,455.952
tun,sex_m,geo_cov_nat,mts_aggregate_2,2009,450.957
tun,sex_m,geo_cov_nat,mts_aggregate_2,2010,466.128
tun,sex_m,geo_cov_nat,mts_aggregate_2,2011,488.61
tun,sex_m,geo_cov_nat,mts_aggregate_2,2012,498.456
tun,sex_m,geo_cov_nat,mts_aggregate_2,2013,527.757
tun,sex_m,geo_cov_nat,mts_aggregate_2,2015,562.155
tun,sex_m,geo_cov_nat,mts_aggregate_2,2016,585.509
tun,sex_m,geo_cov_nat,mts_aggregate_2,2017,592.582
tun,sex_m,geo_cov_nat,mts_aggregate_total,2006,1219.233
tun,sex_m,geo_cov_nat,mts_aggregate_total,2007,1227.549
tun,sex_m,geo_cov_nat,mts_aggregate_total,2008,1238.763
tun,sex_m,geo_cov_nat,mts_aggregate_total,2009,1227.969
tun,sex_m,geo_cov_nat,mts_aggregate_total,2010,1210.955
tun,sex_m,geo_cov_nat,mts_aggregate_total,2011,1201.215
tun,sex_m,geo_cov_nat,mts_aggregate_total,2012,1204.088
tun,sex_m,geo_cov_nat,mts_aggregate_total,2013,1224.401
tun,sex_m,geo_cov_nat,mts_aggregate_total,2015,1302.397
tun,sex_m,geo_cov_nat,mts_aggregate_total,2016,1326.718
tun,sex_m,geo_cov_nat,mts_aggregate_total,2017,1352.942
tun,sex_m,geo_cov_nat,mts_aggregate_x,2006,0.212
tun,sex_m,geo_cov_nat,mts_aggregate_x,2007,0.336
tun,sex_m,geo_cov_nat,mts_aggregate_x,2008,0.515
tun,sex_m,geo_cov_nat,mts_aggregate_x,2009,0.319
tun,sex_m,geo_cov_nat,mts_aggregate_x,2010,0.648
tun,sex_m,geo_cov_nat,mts_aggregate_x,2011,1.047
tun,sex_m,geo_cov_nat,mts_details_mrd,2006,430.399
tun,sex_m,geo_cov_nat,mts_details_mrd,2007,445.341
tun,sex_m,geo_cov_nat,mts_details_mrd,2008,455.952
tun,sex_m,geo_cov_nat,mts_details_mrd,2009,450.957
tun,sex_m,geo_cov_nat,mts_details_mrd,2010,466.128
tun,sex_m,geo_cov_nat,mts_details_mrd,2011,488.61
tun,sex_m,geo_cov_nat,mts_details_mrd,2012,498.456
tun,sex_m,geo_cov_nat,mts_details_mrd,2013,527.757
tun,sex_m,geo_cov_nat,mts_details_mrd,2015,562.155
tun,sex_m,geo_cov_nat,mts_details_mrd,2016,585.509
tun,sex_m,geo_cov_nat,mts_details_mrd,2017,592.582
tun,sex_m,geo_cov_nat,mts_details_sep,2006,4.075
tun,sex_m,geo_cov_nat,mts_details_sep,2007,4.902
tun,sex_m,geo_cov_nat,mts_details_sep,2008,4.297
tun,sex_m,geo_cov_nat,mts_details_sep,2009,4.326
tun,sex_m,geo_cov_nat,mts_details_sep,2010,5.188
tun,sex_m,geo_cov_nat,mts_details_sep,2011,4.19
tun,sex_m,geo_cov_nat,mts_details_sep,2012,41.05
tun,sex_m,geo_cov_nat,mts_details_sep,2013,43.547
tun,sex_m,geo_cov_nat,mts_details_sep,2015,60.239
tun,sex_m,geo_cov_nat,mts_details_sep,2016,56.256
tun,sex_m,geo_cov_nat,mts_details_sep,2017,55.144
tun,sex_m,geo_cov_nat,mts_details_sgle,2006,746.572
tun,sex_m,geo_cov_nat,mts_details_sgle,2007,737.987
tun,sex_m,geo_cov_nat,mts_details_sgle,2008,736.14
tun,sex_m,geo_cov_nat,mts_details_sgle,2009,731.391
tun,sex_m,geo_cov_nat,mts_details_sgle,2010,698.431
tun,sex_m,geo_cov_nat,mts_details_sgle,2011,671.064
tun,sex_m,geo_cov_nat,mts_details_sgle,2012,658.434
tun,sex_m,geo_cov_nat,mts_details_sgle,2013,646.044
tun,sex_m,geo_cov_nat,mts_details_sgle,2015,672.159
tun,sex_m,geo_cov_nat,mts_details_sgle,2016,677.206
tun,sex_m,geo_cov_nat,mts_details_sgle,2017,697.912
tun,sex_m,geo_cov_nat,mts_details_total,2006,1219.233
tun,sex_m,geo_cov_nat,mts_details_total,2007,1227.549
tun,sex_m,geo_cov_nat,mts_details_total,2008,1238.763
tun,sex_m,geo_cov_nat,mts_details_total,2009,1227.969
tun,sex_m,geo_cov_nat,mts_details_total,2010,1210.955
tun,sex_m,geo_cov_nat,mts_details_total,2011,1201.215
tun,sex_m,geo_cov_nat,mts_details_total,2012,1204.088
tun,sex_m,geo_cov_nat,mts_details_total,2013,1224.401
tun,sex_m,geo_cov_nat,mts_details_total,2015,1302.397
tun,sex_m,geo_cov_nat,mts_details_total,2016,1326.718
tun,sex_m,geo_cov_nat,mts_details_total,2017,1352.942
tun,sex_m,geo_cov_nat,mts_details_wid,2006,37.975
tun,sex_m,geo_cov_nat,mts_details_wid,2007,38.983
tun,sex_m,geo_cov_nat,mts_details_wid,2008,41.859
tun,sex_m,geo_cov_nat,mts_details_wid,2009,40.977
tun,sex_m,geo_cov_nat,mts_details_wid,2010,40.559
tun,sex_m,geo_cov_nat,mts_details_wid,2011,36.304
tun,sex_m,geo_cov_nat,mts_details_wid,2012,6.125
tun,sex_m,geo_cov_nat,mts_details_wid,2013,6.995
tun,sex_m,geo_cov_nat,mts_details_wid,2015,7.844
tun,sex_m,geo_cov_nat,mts_details_wid,2016,7.746
tun,sex_m,geo_cov_nat,mts_details_wid,2017,7.304
tun,sex_m,geo_cov_nat,mts_details_x,2006,0.212
tun,sex_m,geo_cov_nat,mts_details_x,2007,0.336
tun,sex_m,geo_cov_nat,mts_details_x,2008,0.515
tun,sex_m,geo_cov_nat,mts_details_x,2009,0.319
tun,sex_m,geo_cov_nat,mts_details_x,2010,0.648
tun,sex_m,geo_cov_nat,mts_details_x,2011,1.047
tun,sex_m,geo_cov_rur,mts_aggregate_1,2006,243.681
tun,sex_m,geo_cov_rur,mts_aggregate_1,2007,236.251
tun,sex_m,geo_cov_rur,mts_aggregate_1,2008,231.104
tun,sex_m,geo_cov_rur,mts_aggregate_1,2009,215.872
tun,sex_m,geo_cov_rur,mts_aggregate_1,2010,204.876
tun,sex_m,geo_cov_rur,mts_aggregate_1,2011,202.235
tun,sex_m,geo_cov_rur,mts_aggregate_1,2012,195.419
tun,sex_m,geo_cov_rur,mts_aggregate_1,2013,188.531
tun,sex_m,geo_cov_rur,mts_aggregate_1,2015,217.552
tun,sex_m,geo_cov_rur,mts_aggregate_1,2016,211.666
tun,sex_m,geo_cov_rur,mts_aggregate_1,2017,215.656
tun,sex_m,geo_cov_rur,mts_aggregate_2,2006,125.722
tun,sex_m,geo_cov_rur,mts_aggregate_2,2007,135.502
tun,sex_m,geo_cov_rur,mts_aggregate_2,2008,142.318
tun,sex_m,geo_cov_rur,mts_aggregate_2,2009,133.94
tun,sex_m,geo_cov_rur,mts_aggregate_2,2010,133.454
tun,sex_m,geo_cov_rur,mts_aggregate_2,2011,133.961
tun,sex_m,geo_cov_rur,mts_aggregate_2,2012,144.009
tun,sex_m,geo_cov_rur,mts_aggregate_2,2013,154.566
tun,sex_m,geo_cov_rur,mts_aggregate_2,2015,178.237
tun,sex_m,geo_cov_rur,mts_aggregate_2,2016,182.749
tun,sex_m,geo_cov_rur,mts_aggregate_2,2017,188.651
tun,sex_m,geo_cov_rur,mts_aggregate_total,2006,369.504
tun,sex_m,geo_cov_rur,mts_aggregate_total,2007,371.944
tun,sex_m,geo_cov_rur,mts_aggregate_total,2008,373.571
tun,sex_m,geo_cov_rur,mts_aggregate_total,2009,349.871
tun,sex_m,geo_cov_rur,mts_aggregate_total,2010,338.436
tun,sex_m,geo_cov_rur,mts_aggregate_total,2011,336.718
tun,sex_m,geo_cov_rur,mts_aggregate_total,2012,339.451
tun,sex_m,geo_cov_rur,mts_aggregate_total,2013,343.121
tun,sex_m,geo_cov_rur,mts_aggregate_total,2015,395.79
tun,sex_m,geo_cov_rur,mts_aggregate_total,2016,394.415
tun,sex_m,geo_cov_rur,mts_aggregate_total,2017,404.307
tun,sex_m,geo_cov_rur,mts_aggregate_x,2007,0.191
tun,sex_m,geo_cov_rur,mts_aggregate_x,2008,0.15
tun,sex_m,geo_cov_rur,mts_aggregate_x,2009,0.059
tun,sex_m,geo_cov_rur,mts_aggregate_x,2010,0.107
tun,sex_m,geo_cov_rur,mts_aggregate_x,2011,0.522
tun,sex_m,geo_cov_rur,mts_details_mrd,2006,125.722
tun,sex_m,geo_cov_rur,mts_details_mrd,2007,135.502
tun,sex_m,geo_cov_rur,mts_details_mrd,2008,142.318
tun,sex_m,geo_cov_rur,mts_details_mrd,2009,133.94
tun,sex_m,geo_cov_rur,mts_details_mrd,2010,133.454
tun,sex_m,geo_cov_rur,mts_details_mrd,2011,133.961
tun,sex_m,geo_cov_rur,mts_details_mrd,2012,144.009
tun,sex_m,geo_cov_rur,mts_details_mrd,2013,154.566
tun,sex_m,geo_cov_rur,mts_details_mrd,2015,178.237
tun,sex_m,geo_cov_rur,mts_details_mrd,2016,182.749
tun,sex_m,geo_cov_rur,mts_details_mrd,2017,188.651
tun,sex_m,geo_cov_rur,mts_details_sep,2006,0.805
tun,sex_m,geo_cov_rur,mts_details_sep,2007,0.921
tun,sex_m,geo_cov_rur,mts_details_sep,2008,0.834
tun,sex_m,geo_cov_rur,mts_details_sep,2009,0.807
tun,sex_m,geo_cov_rur,mts_details_sep,2010,1.087
tun,sex_m,geo_cov_rur,mts_details_sep,2011,0.883
tun,sex_m,geo_cov_rur,mts_details_sep,2012,12.648
tun,sex_m,geo_cov_rur,mts_details_sep,2013,13.65
tun,sex_m,geo_cov_rur,mts_details_sep,2015,19.458
tun,sex_m,geo_cov_rur,mts_details_sep,2016,17.26
tun,sex_m,geo_cov_rur,mts_details_sep,2017,15.885
tun,sex_m,geo_cov_rur,mts_details_sgle,2006,230.121
tun,sex_m,geo_cov_rur,mts_details_sgle,2007,221.607
tun,sex_m,geo_cov_rur,mts_details_sgle,2008,216.62
tun,sex_m,geo_cov_rur,mts_details_sgle,2009,202.288
tun,sex_m,geo_cov_rur,mts_details_sgle,2010,190.646
tun,sex_m,geo_cov_rur,mts_details_sgle,2011,189.821
tun,sex_m,geo_cov_rur,mts_details_sgle,2012,181.508
tun,sex_m,geo_cov_rur,mts_details_sgle,2013,173.948
tun,sex_m,geo_cov_rur,mts_details_sgle,2015,196.6
tun,sex_m,geo_cov_rur,mts_details_sgle,2016,193.002
tun,sex_m,geo_cov_rur,mts_details_sgle,2017,198.128
tun,sex_m,geo_cov_rur,mts_details_total,2006,369.504
tun,sex_m,geo_cov_rur,mts_details_total,2007,371.944
tun,sex_m,geo_cov_rur,mts_details_total,2008,373.571
tun,sex_m,geo_cov_rur,mts_details_total,2009,349.871
tun,sex_m,geo_cov_rur,mts_details_total,2010,338.436
tun,sex_m,geo_cov_rur,mts_details_total,2011,336.718
tun,sex_m,geo_cov_rur,mts_details_total,2012,339.451
tun,sex_m,geo_cov_rur,mts_details_total,2013,343.121
tun,sex_m,geo_cov_rur,mts_details_total,2015,395.79
tun,sex_m,geo_cov_rur,mts_details_total,2016,394.415
tun,sex_m,geo_cov_rur,mts_details_total,2017,404.307
tun,sex_m,geo_cov_rur,mts_details_wid,2006,12.755
tun,sex_m,geo_cov_rur,mts_details_wid,2007,13.723
tun,sex_m,geo_cov_rur,mts_details_wid,2008,13.649
tun,sex_m,geo_cov_rur,mts_details_wid,2009,12.778
tun,sex_m,geo_cov_rur,mts_details_wid,2010,13.144
tun,sex_m,geo_cov_rur,mts_details_wid,2011,11.531
tun,sex_m,geo_cov_rur,mts_details_wid,2012,1.263
tun,sex_m,geo_cov_rur,mts_details_wid,2013,0.933
tun,sex_m,geo_cov_rur,mts_details_wid,2015,1.495
tun,sex_m,geo_cov_rur,mts_details_wid,2016,1.405
tun,sex_m,geo_cov_rur,mts_details_wid,2017,1.643
tun,sex_m,geo_cov_rur,mts_details_x,2007,0.191
tun,sex_m,geo_cov_rur,mts_details_x,2008,0.15
tun,sex_m,geo_cov_rur,mts_details_x,2009,0.059
tun,sex_m,geo_cov_rur,mts_details_x,2010,0.107
tun,sex_m,geo_cov_rur,mts_details_x,2011,0.522
tun,sex_m,geo_cov_urb,mts_aggregate_1,2006,544.941
tun,sex_m,geo_cov_urb,mts_aggregate_1,2007,545.621
tun,sex_m,geo_cov_urb,mts_aggregate_1,2008,551.192
tun,sex_m,geo_cov_urb,mts_aggregate_1,2009,560.821
tun,sex_m,geo_cov_urb,mts_aggregate_1,2010,539.302
tun,sex_m,geo_cov_urb,mts_aggregate_1,2011,509.323
tun,sex_m,geo_cov_urb,mts_aggregate_1,2012,510.19
tun,sex_m,geo_cov_urb,mts_aggregate_1,2013,508.056
tun,sex_m,geo_cov_urb,mts_aggregate_1,2015,522.69
tun,sex_m,geo_cov_urb,mts_aggregate_1,2016,529.542
tun,sex_m,geo_cov_urb,mts_aggregate_1,2017,544.704
tun,sex_m,geo_cov_urb,mts_aggregate_2,2006,304.677
tun,sex_m,geo_cov_urb,mts_aggregate_2,2007,309.839
tun,sex_m,geo_cov_urb,mts_aggregate_2,2008,313.634
tun,sex_m,geo_cov_urb,mts_aggregate_2,2009,317.017
tun,sex_m,geo_cov_urb,mts_aggregate_2,2010,332.674
tun,sex_m,geo_cov_urb,mts_aggregate_2,2011,354.649
tun,sex_m,geo_cov_urb,mts_aggregate_2,2012,354.447
tun,sex_m,geo_cov_urb,mts_aggregate_2,2013,373.191
tun,sex_m,geo_cov_urb,mts_aggregate_2,2015,383.918
tun,sex_m,geo_cov_urb,mts_aggregate_2,2016,402.76
tun,sex_m,geo_cov_urb,mts_aggregate_2,2017,403.931
tun,sex_m,geo_cov_urb,mts_aggregate_total,2006,849.728
tun,sex_m,geo_cov_urb,mts_aggregate_total,2007,855.605
tun,sex_m,geo_cov_urb,mts_aggregate_total,2008,865.191
tun,sex_m,geo_cov_urb,mts_aggregate_total,2009,878.098
tun,sex_m,geo_cov_urb,mts_aggregate_total,2010,872.518
tun,sex_m,geo_cov_urb,mts_aggregate_total,2011,864.497
tun,sex_m,geo_cov_urb,mts_aggregate_total,2012,864.637
tun,sex_m,geo_cov_urb,mts_aggregate_total,2013,881.28
tun,sex_m,geo_cov_urb,mts_aggregate_total,2015,906.607
tun,sex_m,geo_cov_urb,mts_aggregate_total,2016,932.303
tun,sex_m,geo_cov_urb,mts_aggregate_total,2017,948.635
tun,sex_m,geo_cov_urb,mts_aggregate_x,2007,0.145
tun,sex_m,geo_cov_urb,mts_aggregate_x,2008,0.365
tun,sex_m,geo_cov_urb,mts_aggregate_x,2009,0.26
tun,sex_m,geo_cov_urb,mts_aggregate_x,2010,0.542
tun,sex_m,geo_cov_urb,mts_aggregate_x,2011,0.524
tun,sex_m,geo_cov_urb,mts_details_mrd,2006,304.677
tun,sex_m,geo_cov_urb,mts_details_mrd,2007,309.839
tun,sex_m,geo_cov_urb,mts_details_mrd,2008,313.634
tun,sex_m,geo_cov_urb,mts_details_mrd,2009,317.017
tun,sex_m,geo_cov_urb,mts_details_mrd,2010,332.674
tun,sex_m,geo_cov_urb,mts_details_mrd,2011,354.649
tun,sex_m,geo_cov_urb,mts_details_mrd,2012,354.447
tun,sex_m,geo_cov_urb,mts_details_mrd,2013,373.191
tun,sex_m,geo_cov_urb,mts_details_mrd,2015,383.918
tun,sex_m,geo_cov_urb,mts_details_mrd,2016,402.76
tun,sex_m,geo_cov_urb,mts_details_mrd,2017,403.931
tun,sex_m,geo_cov_urb,mts_details_sep,2006,3.27
tun,sex_m,geo_cov_urb,mts_details_sep,2007,3.981
tun,sex_m,geo_cov_urb,mts_details_sep,2008,3.463
tun,sex_m,geo_cov_urb,mts_details_sep,2009,3.519
tun,sex_m,geo_cov_urb,mts_details_sep,2010,4.102
tun,sex_m,geo_cov_urb,mts_details_sep,2011,3.307
tun,sex_m,geo_cov_urb,mts_details_sep,2012,28.402
tun,sex_m,geo_cov_urb,mts_details_sep,2013,29.897
tun,sex_m,geo_cov_urb,mts_details_sep,2015,40.782
tun,sex_m,geo_cov_urb,mts_details_sep,2016,38.996
tun,sex_m,geo_cov_urb,mts_details_sep,2017,39.259
tun,sex_m,geo_cov_urb,mts_details_sgle,2006,516.451
tun,sex_m,geo_cov_urb,mts_details_sgle,2007,516.38
tun,sex_m,geo_cov_urb,mts_details_sgle,2008,519.52
tun,sex_m,geo_cov_urb,mts_details_sgle,2009,529.103
tun,sex_m,geo_cov_urb,mts_details_sgle,2010,507.785
tun,sex_m,geo_cov_urb,mts_details_sgle,2011,481.243
tun,sex_m,geo_cov_urb,mts_details_sgle,2012,476.926
tun,sex_m,geo_cov_urb,mts_details_sgle,2013,472.097
tun,sex_m,geo_cov_urb,mts_details_sgle,2015,475.559
tun,sex_m,geo_cov_urb,mts_details_sgle,2016,484.205
tun,sex_m,geo_cov_urb,mts_details_sgle,2017,499.785
tun,sex_m,geo_cov_urb,mts_details_total,2006,849.728
tun,sex_m,geo_cov_urb,mts_details_total,2007,855.605
tun,sex_m,geo_cov_urb,mts_details_total,2008,865.191
tun,sex_m,geo_cov_urb,mts_details_total,2009,878.098
tun,sex_m,geo_cov_urb,mts_details_total,2010,872.518
tun,sex_m,geo_cov_urb,mts_details_total,2011,864.497
tun,sex_m,geo_cov_urb,mts_details_total,2012,864.637
tun,sex_m,geo_cov_urb,mts_details_total,2013,881.28
tun,sex_m,geo_cov_urb,mts_details_total,2015,906.607
tun,sex_m,geo_cov_urb,mts_details_total,2016,932.303
tun,sex_m,geo_cov_urb,mts_details_total,2017,948.635
tun,sex_m,geo_cov_urb,mts_details_wid,2006,25.22
tun,sex_m,geo_cov_urb,mts_details_wid,2007,25.26
tun,sex_m,geo_cov_urb,mts_details_wid,2008,28.21
tun,sex_m,geo_cov_urb,mts_details_wid,2009,28.199
tun,sex_m,geo_cov_urb,mts_details_wid,2010,27.415
tun,sex_m,geo_cov_urb,mts_details_wid,2011,24.773
tun,sex_m,geo_cov_urb,mts_details_wid,2012,4.862
tun,sex_m,geo_cov_urb,mts_details_wid,2013,6.063
tun,sex_m,geo_cov_urb,mts_details_wid,2015,6.349
tun,sex_m,geo_cov_urb,mts_details_wid,2016,6.342
tun,sex_m,geo_cov_urb,mts_details_wid,2017,5.661
tun,sex_m,geo_cov_urb,mts_details_x,2007,0.145
tun,sex_m,geo_cov_urb,mts_details_x,2008,0.365
tun,sex_m,geo_cov_urb,mts_details_x,2009,0.26
tun,sex_m,geo_cov_urb,mts_details_x,2010,0.542
tun,sex_m,geo_cov_urb,mts_details_x,2011,0.524
tun,sex_t,geo_cov_nat,mts_aggregate_1,2006,2123.177
tun,sex_t,geo_cov_nat,mts_aggregate_1,2007,2109.025
tun,sex_t,geo_cov_nat,mts_aggregate_1,2008,2119.692
tun,sex_t,geo_cov_nat,mts_aggregate_1,2009,2113.827
tun,sex_t,geo_cov_nat,mts_aggregate_1,2010,2061.528
tun,sex_t,geo_cov_nat,mts_aggregate_1,2011,2019.571
tun,sex_t,geo_cov_nat,mts_aggregate_1,2012,2019.469
tun,sex_t,geo_cov_nat,mts_aggregate_1,2013,2008.891
tun,sex_t,geo_cov_nat,mts_aggregate_1,2015,2048.788
tun,sex_t,geo_cov_nat,mts_aggregate_1,2016,2034.917
tun,sex_t,geo_cov_nat,mts_aggregate_1,2017,2114.53
tun,sex_t,geo_cov_nat,mts_aggregate_2,2006,1967.561
tun,sex_t,geo_cov_nat,mts_aggregate_2,2007,2046.268
tun,sex_t,geo_cov_nat,mts_aggregate_2,2008,2081.519
tun,sex_t,geo_cov_nat,mts_aggregate_2,2009,2128.037
tun,sex_t,geo_cov_nat,mts_aggregate_2,2010,2205.984
tun,sex_t,geo_cov_nat,mts_aggregate_2,2011,2280.461
tun,sex_t,geo_cov_nat,mts_aggregate_2,2012,2268.934
tun,sex_t,geo_cov_nat,mts_aggregate_2,2013,2363.059
tun,sex_t,geo_cov_nat,mts_aggregate_2,2015,2440.399
tun,sex_t,geo_cov_nat,mts_aggregate_2,2016,2498.825
tun,sex_t,geo_cov_nat,mts_aggregate_2,2017,2495.599
tun,sex_t,geo_cov_nat,mts_aggregate_total,2006,4091.321
tun,sex_t,geo_cov_nat,mts_aggregate_total,2007,4156.259
tun,sex_t,geo_cov_nat,mts_aggregate_total,2008,4202.327
tun,sex_t,geo_cov_nat,mts_aggregate_total,2009,4242.692
tun,sex_t,geo_cov_nat,mts_aggregate_total,2010,4268.965
tun,sex_t,geo_cov_nat,mts_aggregate_total,2011,4302.005
tun,sex_t,geo_cov_nat,mts_aggregate_total,2012,4288.473
tun,sex_t,geo_cov_nat,mts_aggregate_total,2013,4372.007
tun,sex_t,geo_cov_nat,mts_aggregate_total,2015,4489.187
tun,sex_t,geo_cov_nat,mts_aggregate_total,2016,4533.742
tun,sex_t,geo_cov_nat,mts_aggregate_total,2017,4610.129
tun,sex_t,geo_cov_nat,mts_aggregate_x,2006,0.584
tun,sex_t,geo_cov_nat,mts_aggregate_x,2007,0.967
tun,sex_t,geo_cov_nat,mts_aggregate_x,2008,1.116
tun,sex_t,geo_cov_nat,mts_aggregate_x,2009,0.828
tun,sex_t,geo_cov_nat,mts_aggregate_x,2010,1.453
tun,sex_t,geo_cov_nat,mts_aggregate_x,2011,1.973
tun,sex_t,geo_cov_nat,mts_details_mrd,2006,1967.561
tun,sex_t,geo_cov_nat,mts_details_mrd,2007,2046.268
tun,sex_t,geo_cov_nat,mts_details_mrd,2008,2081.519
tun,sex_t,geo_cov_nat,mts_details_mrd,2009,2128.037
tun,sex_t,geo_cov_nat,mts_details_mrd,2010,2205.984
tun,sex_t,geo_cov_nat,mts_details_mrd,2011,2280.461
tun,sex_t,geo_cov_nat,mts_details_mrd,2012,2268.934
tun,sex_t,geo_cov_nat,mts_details_mrd,2013,2363.059
tun,sex_t,geo_cov_nat,mts_details_mrd,2015,2440.399
tun,sex_t,geo_cov_nat,mts_details_mrd,2016,2498.825
tun,sex_t,geo_cov_nat,mts_details_mrd,2017,2495.599
tun,sex_t,geo_cov_nat,mts_details_sep,2006,32.341
tun,sex_t,geo_cov_nat,mts_details_sep,2007,33.356
tun,sex_t,geo_cov_nat,mts_details_sep,2008,30.571
tun,sex_t,geo_cov_nat,mts_details_sep,2009,32.008
tun,sex_t,geo_cov_nat,mts_details_sep,2010,35.688
tun,sex_t,geo_cov_nat,mts_details_sep,2011,40.885
tun,sex_t,geo_cov_nat,mts_details_sep,2012,348.795
tun,sex_t,geo_cov_nat,mts_details_sep,2013,379.112
tun,sex_t,geo_cov_nat,mts_details_sep,2015,399.184
tun,sex_t,geo_cov_nat,mts_details_sep,2016,402.073
tun,sex_t,geo_cov_nat,mts_details_sep,2017,418.568
tun,sex_t,geo_cov_nat,mts_details_sgle,2006,1771.082
tun,sex_t,geo_cov_nat,mts_details_sgle,2007,1743.177
tun,sex_t,geo_cov_nat,mts_details_sgle,2008,1752.976
tun,sex_t,geo_cov_nat,mts_details_sgle,2009,1759.787
tun,sex_t,geo_cov_nat,mts_details_sgle,2010,1679.031
tun,sex_t,geo_cov_nat,mts_details_sgle,2011,1635.986
tun,sex_t,geo_cov_nat,mts_details_sgle,2012,1627.758
tun,sex_t,geo_cov_nat,mts_details_sgle,2013,1583.707
tun,sex_t,geo_cov_nat,mts_details_sgle,2015,1604.441
tun,sex_t,geo_cov_nat,mts_details_sgle,2016,1590.399
tun,sex_t,geo_cov_nat,mts_details_sgle,2017,1650.659
tun,sex_t,geo_cov_nat,mts_details_total,2006,4091.321
tun,sex_t,geo_cov_nat,mts_details_total,2007,4156.259
tun,sex_t,geo_cov_nat,mts_details_total,2008,4202.327
tun,sex_t,geo_cov_nat,mts_details_total,2009,4242.692
tun,sex_t,geo_cov_nat,mts_details_total,2010,4268.965
tun,sex_t,geo_cov_nat,mts_details_total,2011,4302.005
tun,sex_t,geo_cov_nat,mts_details_total,2012,4288.473
tun,sex_t,geo_cov_nat,mts_details_total,2013,4372.007
tun,sex_t,geo_cov_nat,mts_details_total,2015,4489.187
tun,sex_t,geo_cov_nat,mts_details_total,2016,4533.742
tun,sex_t,geo_cov_nat,mts_details_total,2017,4610.129
tun,sex_t,geo_cov_nat,mts_details_wid,2006,319.754
tun,sex_t,geo_cov_nat,mts_details_wid,2007,332.492
tun,sex_t,geo_cov_nat,mts_details_wid,2008,336.145
tun,sex_t,geo_cov_nat,mts_details_wid,2009,322.033
tun,sex_t,geo_cov_nat,mts_details_wid,2010,346.81
tun,sex_t,geo_cov_nat,mts_details_wid,2011,342.7
tun,sex_t,geo_cov_nat,mts_details_wid,2012,42.916
tun,sex_t,geo_cov_nat,mts_details_wid,2013,46.072
tun,sex_t,geo_cov_nat,mts_details_wid,2015,45.164
tun,sex_t,geo_cov_nat,mts_details_wid,2016,42.445
tun,sex_t,geo_cov_nat,mts_details_wid,2017,45.302
tun,sex_t,geo_cov_nat,mts_details_x,2006,0.584
tun,sex_t,geo_cov_nat,mts_details_x,2007,0.967
tun,sex_t,geo_cov_nat,mts_details_x,2008,1.116
tun,sex_t,geo_cov_nat,mts_details_x,2009,0.828
tun,sex_t,geo_cov_nat,mts_details_x,2010,1.453
tun,sex_t,geo_cov_nat,mts_details_x,2011,1.973
tun,sex_t,geo_cov_rur,mts_aggregate_1,2006,727.757
tun,sex_t,geo_cov_rur,mts_aggregate_1,2007,714.794
tun,sex_t,geo_cov_rur,mts_aggregate_1,2008,718.095
tun,sex_t,geo_cov_rur,mts_aggregate_1,2009,684.445
tun,sex_t,geo_cov_rur,mts_aggregate_1,2010,671.098
tun,sex_t,geo_cov_rur,mts_aggregate_1,2011,668.946
tun,sex_t,geo_cov_rur,mts_aggregate_1,2012,679.45
tun,sex_t,geo_cov_rur,mts_aggregate_1,2013,663.706
tun,sex_t,geo_cov_rur,mts_aggregate_1,2015,674.013
tun,sex_t,geo_cov_rur,mts_aggregate_1,2016,652.957
tun,sex_t,geo_cov_rur,mts_aggregate_1,2017,665.12
tun,sex_t,geo_cov_rur,mts_aggregate_2,2006,660.283
tun,sex_t,geo_cov_rur,mts_aggregate_2,2007,713.447
tun,sex_t,geo_cov_rur,mts_aggregate_2,2008,740.2
tun,sex_t,geo_cov_rur,mts_aggregate_2,2009,725.501
tun,sex_t,geo_cov_rur,mts_aggregate_2,2010,742.438
tun,sex_t,geo_cov_rur,mts_aggregate_2,2011,776.032
tun,sex_t,geo_cov_rur,mts_aggregate_2,2012,795.075
tun,sex_t,geo_cov_rur,mts_aggregate_2,2013,831.123
tun,sex_t,geo_cov_rur,mts_aggregate_2,2015,885.373
tun,sex_t,geo_cov_rur,mts_aggregate_2,2016,893.218
tun,sex_t,geo_cov_rur,mts_aggregate_2,2017,887.412
tun,sex_t,geo_cov_rur,mts_aggregate_total,2006,1388.335
tun,sex_t,geo_cov_rur,mts_aggregate_total,2007,1428.659
tun,sex_t,geo_cov_rur,mts_aggregate_total,2008,1458.713
tun,sex_t,geo_cov_rur,mts_aggregate_total,2009,1410.113
tun,sex_t,geo_cov_rur,mts_aggregate_total,2010,1414.029
tun,sex_t,geo_cov_rur,mts_aggregate_total,2011,1445.777
tun,sex_t,geo_cov_rur,mts_aggregate_total,2012,1474.578
tun,sex_t,geo_cov_rur,mts_aggregate_total,2013,1494.853
tun,sex_t,geo_cov_rur,mts_aggregate_total,2015,1559.386
tun,sex_t,geo_cov_rur,mts_aggregate_total,2016,1546.175
tun,sex_t,geo_cov_rur,mts_aggregate_total,2017,1552.532
tun,sex_t,geo_cov_rur,mts_aggregate_x,2006,0.295
tun,sex_t,geo_cov_rur,mts_aggregate_x,2007,0.418
tun,sex_t,geo_cov_rur,mts_aggregate_x,2008,0.419
tun,sex_t,geo_cov_rur,mts_aggregate_x,2009,0.167
tun,sex_t,geo_cov_rur,mts_aggregate_x,2010,0.493
tun,sex_t,geo_cov_rur,mts_aggregate_x,2011,0.799
tun,sex_t,geo_cov_rur,mts_details_mrd,2006,660.283
tun,sex_t,geo_cov_rur,mts_details_mrd,2007,713.447
tun,sex_t,geo_cov_rur,mts_details_mrd,2008,740.2
tun,sex_t,geo_cov_rur,mts_details_mrd,2009,725.501
tun,sex_t,geo_cov_rur,mts_details_mrd,2010,742.438
tun,sex_t,geo_cov_rur,mts_details_mrd,2011,776.032
tun,sex_t,geo_cov_rur,mts_details_mrd,2012,795.075
tun,sex_t,geo_cov_rur,mts_details_mrd,2013,831.123
tun,sex_t,geo_cov_rur,mts_details_mrd,2015,885.373
tun,sex_t,geo_cov_rur,mts_details_mrd,2016,893.218
tun,sex_t,geo_cov_rur,mts_details_mrd,2017,887.412
tun,sex_t,geo_cov_rur,mts_details_sep,2006,7.707
tun,sex_t,geo_cov_rur,mts_details_sep,2007,7.245
tun,sex_t,geo_cov_rur,mts_details_sep,2008,7.451
tun,sex_t,geo_cov_rur,mts_details_sep,2009,7.625
tun,sex_t,geo_cov_rur,mts_details_sep,2010,8.057
tun,sex_t,geo_cov_rur,mts_details_sep,2011,8.657
tun,sex_t,geo_cov_rur,mts_details_sep,2012,104.102
tun,sex_t,geo_cov_rur,mts_details_sep,2013,114.53
tun,sex_t,geo_cov_rur,mts_details_sep,2015,120.143
tun,sex_t,geo_cov_rur,mts_details_sep,2016,118.547
tun,sex_t,geo_cov_rur,mts_details_sep,2017,119.933
tun,sex_t,geo_cov_rur,mts_details_sgle,2006,621.623
tun,sex_t,geo_cov_rur,mts_details_sgle,2007,604.566
tun,sex_t,geo_cov_rur,mts_details_sgle,2008,605.618
tun,sex_t,geo_cov_rur,mts_details_sgle,2009,578.348
tun,sex_t,geo_cov_rur,mts_details_sgle,2010,557.523
tun,sex_t,geo_cov_rur,mts_details_sgle,2011,553.344
tun,sex_t,geo_cov_rur,mts_details_sgle,2012,565.948
tun,sex_t,geo_cov_rur,mts_details_sgle,2013,539.37
tun,sex_t,geo_cov_rur,mts_details_sgle,2015,543.771
tun,sex_t,geo_cov_rur,mts_details_sgle,2016,524.219
tun,sex_t,geo_cov_rur,mts_details_sgle,2017,534.848
tun,sex_t,geo_cov_rur,mts_details_total,2006,1388.335
tun,sex_t,geo_cov_rur,mts_details_total,2007,1428.659
tun,sex_t,geo_cov_rur,mts_details_total,2008,1458.713
tun,sex_t,geo_cov_rur,mts_details_total,2009,1410.113
tun,sex_t,geo_cov_rur,mts_details_total,2010,1414.029
tun,sex_t,geo_cov_rur,mts_details_total,2011,1445.777
tun,sex_t,geo_cov_rur,mts_details_total,2012,1474.578
tun,sex_t,geo_cov_rur,mts_details_total,2013,1494.853
tun,sex_t,geo_cov_rur,mts_details_total,2015,1559.386
tun,sex_t,geo_cov_rur,mts_details_total,2016,1546.175
tun,sex_t,geo_cov_rur,mts_details_total,2017,1552.532
tun,sex_t,geo_cov_rur,mts_details_wid,2006,98.427
tun,sex_t,geo_cov_rur,mts_details_wid,2007,102.983
tun,sex_t,geo_cov_rur,mts_details_wid,2008,105.026
tun,sex_t,geo_cov_rur,mts_details_wid,2009,98.471
tun,sex_t,geo_cov_rur,mts_details_wid,2010,105.518
tun,sex_t,geo_cov_rur,mts_details_wid,2011,106.946
tun,sex_t,geo_cov_rur,mts_details_wid,2012,9.401
tun,sex_t,geo_cov_rur,mts_details_wid,2013,9.807
tun,sex_t,geo_cov_rur,mts_details_wid,2015,10.099
tun,sex_t,geo_cov_rur,mts_details_wid,2016,10.191
tun,sex_t,geo_cov_rur,mts_details_wid,2017,10.339
tun,sex_t,geo_cov_rur,mts_details_x,2006,0.295
tun,sex_t,geo_cov_rur,mts_details_x,2007,0.418
tun,sex_t,geo_cov_rur,mts_details_x,2008,0.419
tun,sex_t,geo_cov_rur,mts_details_x,2009,0.167
tun,sex_t,geo_cov_rur,mts_details_x,2010,0.493
tun,sex_t,geo_cov_rur,mts_details_x,2011,0.799
tun,sex_t,geo_cov_urb,mts_aggregate_1,2006,1395.419
tun,sex_t,geo_cov_urb,mts_aggregate_1,2007,1394.23
tun,sex_t,geo_cov_urb,mts_aggregate_1,2008,1401.597
tun,sex_t,geo_cov_urb,mts_aggregate_1,2009,1429.383
tun,sex_t,geo_cov_urb,mts_aggregate_1,2010,1390.43
tun,sex_t,geo_cov_urb,mts_aggregate_1,2011,1350.625
tun,sex_t,geo_cov_urb,mts_aggregate_1,2012,1340.019
tun,sex_t,geo_cov_urb,mts_aggregate_1,2013,1345.184
tun,sex_t,geo_cov_urb,mts_aggregate_1,2015,1374.776
tun,sex_t,geo_cov_urb,mts_aggregate_1,2016,1381.96
tun,sex_t,geo_cov_urb,mts_aggregate_1,2017,1449.41
tun,sex_t,geo_cov_urb,mts_aggregate_2,2006,1307.278
tun,sex_t,geo_cov_urb,mts_aggregate_2,2007,1332.821
tun,sex_t,geo_cov_urb,mts_aggregate_2,2008,1341.32
tun,sex_t,geo_cov_urb,mts_aggregate_2,2009,1402.536
tun,sex_t,geo_cov_urb,mts_aggregate_2,2010,1463.546
tun,sex_t,geo_cov_urb,mts_aggregate_2,2011,1504.429
tun,sex_t,geo_cov_urb,mts_aggregate_2,2012,1473.858
tun,sex_t,geo_cov_urb,mts_aggregate_2,2013,1531.936
tun,sex_t,geo_cov_urb,mts_aggregate_2,2015,1555.025
tun,sex_t,geo_cov_urb,mts_aggregate_2,2016,1605.607
tun,sex_t,geo_cov_urb,mts_aggregate_2,2017,1608.187
tun,sex_t,geo_cov_urb,mts_aggregate_total,2006,2702.986
tun,sex_t,geo_cov_urb,mts_aggregate_total,2007,2727.6
tun,sex_t,geo_cov_urb,mts_aggregate_total,2008,2743.614
tun,sex_t,geo_cov_urb,mts_aggregate_total,2009,2832.579
tun,sex_t,geo_cov_urb,mts_aggregate_total,2010,2854.936
tun,sex_t,geo_cov_urb,mts_aggregate_total,2011,2856.228
tun,sex_t,geo_cov_urb,mts_aggregate_total,2012,2813.895
tun,sex_t,geo_cov_urb,mts_aggregate_total,2013,2877.154
tun,sex_t,geo_cov_urb,mts_aggregate_total,2015,2929.801
tun,sex_t,geo_cov_urb,mts_aggregate_total,2016,2987.567
tun,sex_t,geo_cov_urb,mts_aggregate_total,2017,3057.598
tun,sex_t,geo_cov_urb,mts_aggregate_x,2006,0.289
tun,sex_t,geo_cov_urb,mts_aggregate_x,2007,0.549
tun,sex_t,geo_cov_urb,mts_aggregate_x,2008,0.697
tun,sex_t,geo_cov_urb,mts_aggregate_x,2009,0.661
tun,sex_t,geo_cov_urb,mts_aggregate_x,2010,0.96
tun,sex_t,geo_cov_urb,mts_aggregate_x,2011,1.174
tun,sex_t,geo_cov_urb,mts_details_mrd,2006,1307.278
tun,sex_t,geo_cov_urb,mts_details_mrd,2007,1332.821
tun,sex_t,geo_cov_urb,mts_details_mrd,2008,1341.32
tun,sex_t,geo_cov_urb,mts_details_mrd,2009,1402.536
tun,sex_t,geo_cov_urb,mts_details_mrd,2010,1463.546
tun,sex_t,geo_cov_urb,mts_details_mrd,2011,1504.429
tun,sex_t,geo_cov_urb,mts_details_mrd,2012,1473.858
tun,sex_t,geo_cov_urb,mts_details_mrd,2013,1531.936
tun,sex_t,geo_cov_urb,mts_details_mrd,2015,1555.025
tun,sex_t,geo_cov_urb,mts_details_mrd,2016,1605.607
tun,sex_t,geo_cov_urb,mts_details_mrd,2017,1608.187
tun,sex_t,geo_cov_urb,mts_details_sep,2006,24.634
tun,sex_t,geo_cov_urb,mts_details_sep,2007,26.11
tun,sex_t,geo_cov_urb,mts_details_sep,2008,23.12
tun,sex_t,geo_cov_urb,mts_details_sep,2009,24.382
tun,sex_t,geo_cov_urb,mts_details_sep,2010,27.631
tun,sex_t,geo_cov_urb,mts_details_sep,2011,32.229
tun,sex_t,geo_cov_urb,mts_details_sep,2012,244.694
tun,sex_t,geo_cov_urb,mts_details_sep,2013,264.583
tun,sex_t,geo_cov_urb,mts_details_sep,2015,279.041
tun,sex_t,geo_cov_urb,mts_details_sep,2016,283.525
tun,sex_t,geo_cov_urb,mts_details_sep,2017,298.636
tun,sex_t,geo_cov_urb,mts_details_sgle,2006,1149.459
tun,sex_t,geo_cov_urb,mts_details_sgle,2007,1138.611
tun,sex_t,geo_cov_urb,mts_details_sgle,2008,1147.358
tun,sex_t,geo_cov_urb,mts_details_sgle,2009,1181.438
tun,sex_t,geo_cov_urb,mts_details_sgle,2010,1121.508
tun,sex_t,geo_cov_urb,mts_details_sgle,2011,1082.643
tun,sex_t,geo_cov_urb,mts_details_sgle,2012,1061.81
tun,sex_t,geo_cov_urb,mts_details_sgle,2013,1044.337
tun,sex_t,geo_cov_urb,mts_details_sgle,2015,1060.67
tun,sex_t,geo_cov_urb,mts_details_sgle,2016,1066.18
tun,sex_t,geo_cov_urb,mts_details_sgle,2017,1115.812
tun,sex_t,geo_cov_urb,mts_details_total,2006,2702.986
tun,sex_t,geo_cov_urb,mts_details_total,2007,2727.6
tun,sex_t,geo_cov_urb,mts_details_total,2008,2743.614
tun,sex_t,geo_cov_urb,mts_details_total,2009,2832.579
tun,sex_t,geo_cov_urb,mts_details_total,2010,2854.936
tun,sex_t,geo_cov_urb,mts_details_total,2011,2856.228
tun,sex_t,geo_cov_urb,mts_details_total,2012,2813.895
tun,sex_t,geo_cov_urb,mts_details_total,2013,2877.154
tun,sex_t,geo_cov_urb,mts_details_total,2015,2929.801
tun,sex_t,geo_cov_urb,mts_details_total,2016,2987.567
tun,sex_t,geo_cov_urb,mts_details_total,2017,3057.598
tun,sex_t,geo_cov_urb,mts_details_wid,2006,221.326
tun,sex_t,geo_cov_urb,mts_details_wid,2007,229.509
tun,sex_t,geo_cov_urb,mts_details_wid,2008,231.119
tun,sex_t,geo_cov_urb,mts_details_wid,2009,223.562
tun,sex_t,geo_cov_urb,mts_details_wid,2010,241.292
tun,sex_t,geo_cov_urb,mts_details_wid,2011,235.754
tun,sex_t,geo_cov_urb,mts_details_wid,2012,33.515
tun,sex_t,geo_cov_urb,mts_details_wid,2013,36.265
tun,sex_t,geo_cov_urb,mts_details_wid,2015,35.065
tun,sex_t,geo_cov_urb,mts_details_wid,2016,32.255
tun,sex_t,geo_cov_urb,mts_details_wid,2017,34.963
tun,sex_t,geo_cov_urb,mts_details_x,2006,0.289
tun,sex_t,geo_cov_urb,mts_details_x,2007,0.549
tun,sex_t,geo_cov_urb,mts_details_x,2008,0.697
tun,sex_t,geo_cov_urb,mts_details_x,2009,0.661
tun,sex_t,geo_cov_urb,mts_details_x,2010,0.96
tun,sex_t,geo_cov_urb,mts_details_x,2011,1.174
tur,sex_f,geo_cov_nat,mts_aggregate_1,2000,5400.684
tur,sex_f,geo_cov_nat,mts_aggregate_1,2001,5421.212
tur,sex_f,geo_cov_nat,mts_aggregate_1,2002,5497.262
tur,sex_f,geo_cov_nat,mts_aggregate_1,2003,5800.134
tur,sex_f,geo_cov_nat,mts_aggregate_1,2004,5974.79
tur,sex_f,geo_cov_nat,mts_aggregate_1,2005,3810.565
tur,sex_f,geo_cov_nat,mts_aggregate_1,2006,3842.226
tur,sex_f,geo_cov_nat,mts_aggregate_1,2007,6219.145
tur,sex_f,geo_cov_nat,mts_aggregate_1,2008,6148.762
tur,sex_f,geo_cov_nat,mts_aggregate_1,2009,6326.836
tur,sex_f,geo_cov_nat,mts_aggregate_1,2010,6396.86
tur,sex_f,geo_cov_nat,mts_aggregate_1,2011,6582.781
tur,sex_f,geo_cov_nat,mts_aggregate_1,2012,6826.057
tur,sex_f,geo_cov_nat,mts_aggregate_1,2013,6811.012
tur,sex_f,geo_cov_nat,mts_aggregate_2,2000,11706.994
tur,sex_f,geo_cov_nat,mts_aggregate_2,2001,11896.805
tur,sex_f,geo_cov_nat,mts_aggregate_2,2002,11957.572
tur,sex_f,geo_cov_nat,mts_aggregate_2,2003,12297.595
tur,sex_f,geo_cov_nat,mts_aggregate_2,2004,12649.42
tur,sex_f,geo_cov_nat,mts_aggregate_2,2005,12792.871
tur,sex_f,geo_cov_nat,mts_aggregate_2,2006,12958.575
tur,sex_f,geo_cov_nat,mts_aggregate_2,2007,13245.132
tur,sex_f,geo_cov_nat,mts_aggregate_2,2008,13377.137
tur,sex_f,geo_cov_nat,mts_aggregate_2,2009,13139.541
tur,sex_f,geo_cov_nat,mts_aggregate_2,2010,12960.217
tur,sex_f,geo_cov_nat,mts_aggregate_2,2011,12831.412
tur,sex_f,geo_cov_nat,mts_aggregate_2,2012,12754.598
tur,sex_f,geo_cov_nat,mts_aggregate_2,2013,12712.277
tur,sex_f,geo_cov_nat,mts_aggregate_total,2000,17107.678
tur,sex_f,geo_cov_nat,mts_aggregate_total,2001,17318.017
tur,sex_f,geo_cov_nat,mts_aggregate_total,2002,17454.834
tur,sex_f,geo_cov_nat,mts_aggregate_total,2003,18097.729
tur,sex_f,geo_cov_nat,mts_aggregate_total,2004,18624.21
tur,sex_f,geo_cov_nat,mts_aggregate_total,2005,18935.532
tur,sex_f,geo_cov_nat,mts_aggregate_total,2006,19164.548
tur,sex_f,geo_cov_nat,mts_aggregate_total,2007,19464.277
tur,sex_f,geo_cov_nat,mts_aggregate_total,2008,19525.899
tur,sex_f,geo_cov_nat,mts_aggregate_total,2009,19466.377
tur,sex_f,geo_cov_nat,mts_aggregate_total,2010,19357.077
tur,sex_f,geo_cov_nat,mts_aggregate_total,2011,19414.193
tur,sex_f,geo_cov_nat,mts_aggregate_total,2012,19580.655
tur,sex_f,geo_cov_nat,mts_aggregate_total,2013,19523.289
tur,sex_f,geo_cov_nat,mts_aggregate_x,2005,2332.095
tur,sex_f,geo_cov_nat,mts_aggregate_x,2006,2363.747
tur,sex_f,geo_cov_nat,mts_details_mrd,2000,11706.994
tur,sex_f,geo_cov_nat,mts_details_mrd,2001,11896.805
tur,sex_f,geo_cov_nat,mts_details_mrd,2002,11957.572
tur,sex_f,geo_cov_nat,mts_details_mrd,2003,12297.595
tur,sex_f,geo_cov_nat,mts_details_mrd,2004,12649.42
tur,sex_f,geo_cov_nat,mts_details_mrd,2005,12792.871
tur,sex_f,geo_cov_nat,mts_details_mrd,2006,12958.575
tur,sex_f,geo_cov_nat,mts_details_mrd,2007,13245.132
tur,sex_f,geo_cov_nat,mts_details_mrd,2008,13377.137
tur,sex_f,geo_cov_nat,mts_details_mrd,2009,13139.541
tur,sex_f,geo_cov_nat,mts_details_mrd,2010,12960.217
tur,sex_f,geo_cov_nat,mts_details_mrd,2011,12831.412
tur,sex_f,geo_cov_nat,mts_details_mrd,2012,12754.598
tur,sex_f,geo_cov_nat,mts_details_mrd,2013,12712.277
tur,sex_f,geo_cov_nat,mts_details_sep,2000,150.319
tur,sex_f,geo_cov_nat,mts_details_sep,2001,146.759
tur,sex_f,geo_cov_nat,mts_details_sep,2002,192.405
tur,sex_f,geo_cov_nat,mts_details_sep,2003,220.023
tur,sex_f,geo_cov_nat,mts_details_sep,2004,202.169
tur,sex_f,geo_cov_nat,mts_details_sep,2005,16.008
tur,sex_f,geo_cov_nat,mts_details_sep,2006,15.141
tur,sex_f,geo_cov_nat,mts_details_sep,2007,304.608
tur,sex_f,geo_cov_nat,mts_details_sep,2008,321.713
tur,sex_f,geo_cov_nat,mts_details_sep,2009,341.375
tur,sex_f,geo_cov_nat,mts_details_sep,2010,337.788
tur,sex_f,geo_cov_nat,mts_details_sep,2011,356.179
tur,sex_f,geo_cov_nat,mts_details_sep,2012,401.724
tur,sex_f,geo_cov_nat,mts_details_sep,2013,420.858
tur,sex_f,geo_cov_nat,mts_details_sgle,2000,3579.242
tur,sex_f,geo_cov_nat,mts_details_sgle,2001,3593.927
tur,sex_f,geo_cov_nat,mts_details_sgle,2002,3561.154
tur,sex_f,geo_cov_nat,mts_details_sgle,2003,3722.426
tur,sex_f,geo_cov_nat,mts_details_sgle,2004,3692.506
tur,sex_f,geo_cov_nat,mts_details_sgle,2005,3705.541
tur,sex_f,geo_cov_nat,mts_details_sgle,2006,3735.592
tur,sex_f,geo_cov_nat,mts_details_sgle,2007,3771.764
tur,sex_f,geo_cov_nat,mts_details_sgle,2008,3696.403
tur,sex_f,geo_cov_nat,mts_details_sgle,2009,3754.11
tur,sex_f,geo_cov_nat,mts_details_sgle,2010,3806.926
tur,sex_f,geo_cov_nat,mts_details_sgle,2011,3902.476
tur,sex_f,geo_cov_nat,mts_details_sgle,2012,4044.949
tur,sex_f,geo_cov_nat,mts_details_sgle,2013,3979.708
tur,sex_f,geo_cov_nat,mts_details_total,2000,17107.678
tur,sex_f,geo_cov_nat,mts_details_total,2001,17318.017
tur,sex_f,geo_cov_nat,mts_details_total,2002,17454.834
tur,sex_f,geo_cov_nat,mts_details_total,2003,18097.729
tur,sex_f,geo_cov_nat,mts_details_total,2004,18624.21
tur,sex_f,geo_cov_nat,mts_details_total,2005,18935.532
tur,sex_f,geo_cov_nat,mts_details_total,2006,19164.548
tur,sex_f,geo_cov_nat,mts_details_total,2007,19464.277
tur,sex_f,geo_cov_nat,mts_details_total,2008,19525.899
tur,sex_f,geo_cov_nat,mts_details_total,2009,19466.377
tur,sex_f,geo_cov_nat,mts_details_total,2010,19357.077
tur,sex_f,geo_cov_nat,mts_details_total,2011,19414.193
tur,sex_f,geo_cov_nat,mts_details_total,2012,19580.655
tur,sex_f,geo_cov_nat,mts_details_total,2013,19523.289
tur,sex_f,geo_cov_nat,mts_details_wid,2000,1671.124
tur,sex_f,geo_cov_nat,mts_details_wid,2001,1680.526
tur,sex_f,geo_cov_nat,mts_details_wid,2002,1743.703
tur,sex_f,geo_cov_nat,mts_details_wid,2003,1857.685
tur,sex_f,geo_cov_nat,mts_details_wid,2004,2080.115
tur,sex_f,geo_cov_nat,mts_details_wid,2005,89.016
tur,sex_f,geo_cov_nat,mts_details_wid,2006,91.493
tur,sex_f,geo_cov_nat,mts_details_wid,2007,2142.772
tur,sex_f,geo_cov_nat,mts_details_wid,2008,2130.647
tur,sex_f,geo_cov_nat,mts_details_wid,2009,2231.352
tur,sex_f,geo_cov_nat,mts_details_wid,2010,2252.146
tur,sex_f,geo_cov_nat,mts_details_wid,2011,2324.126
tur,sex_f,geo_cov_nat,mts_details_wid,2012,2379.384
tur,sex_f,geo_cov_nat,mts_details_wid,2013,2410.446
tur,sex_f,geo_cov_nat,mts_details_x,2005,2332.095
tur,sex_f,geo_cov_nat,mts_details_x,2006,2363.747
tur,sex_f,geo_cov_rur,mts_aggregate_1,2000,1937.223
tur,sex_f,geo_cov_rur,mts_aggregate_1,2001,1870.107
tur,sex_f,geo_cov_rur,mts_aggregate_1,2002,1900.181
tur,sex_f,geo_cov_rur,mts_aggregate_1,2003,2028.387
tur,sex_f,geo_cov_rur,mts_aggregate_1,2004,1628.965
tur,sex_f,geo_cov_rur,mts_aggregate_1,2005,1074.565
tur,sex_f,geo_cov_rur,mts_aggregate_1,2006,1115.698
tur,sex_f,geo_cov_rur,mts_aggregate_1,2007,1850.183
tur,sex_f,geo_cov_rur,mts_aggregate_1,2008,1807.122
tur,sex_f,geo_cov_rur,mts_aggregate_1,2009,1875.673
tur,sex_f,geo_cov_rur,mts_aggregate_1,2010,1956.715
tur,sex_f,geo_cov_rur,mts_aggregate_1,2011,2102.898
tur,sex_f,geo_cov_rur,mts_aggregate_1,2012,2210.508
tur,sex_f,geo_cov_rur,mts_aggregate_1,2013,2247.039
tur,sex_f,geo_cov_rur,mts_aggregate_2,2000,3731.32
tur,sex_f,geo_cov_rur,mts_aggregate_2,2001,3666.236
tur,sex_f,geo_cov_rur,mts_aggregate_2,2002,3723.915
tur,sex_f,geo_cov_rur,mts_aggregate_2,2003,3894.63
tur,sex_f,geo_cov_rur,mts_aggregate_2,2004,2909.37
tur,sex_f,geo_cov_rur,mts_aggregate_2,2005,3133.213
tur,sex_f,geo_cov_rur,mts_aggregate_2,2006,3239.221
tur,sex_f,geo_cov_rur,mts_aggregate_2,2007,3356.76
tur,sex_f,geo_cov_rur,mts_aggregate_2,2008,3482.478
tur,sex_f,geo_cov_rur,mts_aggregate_2,2009,3353.596
tur,sex_f,geo_cov_rur,mts_aggregate_2,2010,3276.742
tur,sex_f,geo_cov_rur,mts_aggregate_2,2011,3229.977
tur,sex_f,geo_cov_rur,mts_aggregate_2,2012,3301.812
tur,sex_f,geo_cov_rur,mts_aggregate_2,2013,3408.617
tur,sex_f,geo_cov_rur,mts_aggregate_total,2000,5668.543
tur,sex_f,geo_cov_rur,mts_aggregate_total,2001,5536.343
tur,sex_f,geo_cov_rur,mts_aggregate_total,2002,5624.096
tur,sex_f,geo_cov_rur,mts_aggregate_total,2003,5923.017
tur,sex_f,geo_cov_rur,mts_aggregate_total,2004,4538.335
tur,sex_f,geo_cov_rur,mts_aggregate_total,2005,4907.885
tur,sex_f,geo_cov_rur,mts_aggregate_total,2006,5067.096
tur,sex_f,geo_cov_rur,mts_aggregate_total,2007,5206.943
tur,sex_f,geo_cov_rur,mts_aggregate_total,2008,5289.599
tur,sex_f,geo_cov_rur,mts_aggregate_total,2009,5229.269
tur,sex_f,geo_cov_rur,mts_aggregate_total,2010,5233.457
tur,sex_f,geo_cov_rur,mts_aggregate_total,2011,5332.875
tur,sex_f,geo_cov_rur,mts_aggregate_total,2012,5512.32
tur,sex_f,geo_cov_rur,mts_aggregate_total,2013,5655.656
tur,sex_f,geo_cov_rur,mts_aggregate_x,2005,700.108
tur,sex_f,geo_cov_rur,mts_aggregate_x,2006,712.177
tur,sex_f,geo_cov_rur,mts_details_mrd,2000,3731.32
tur,sex_f,geo_cov_rur,mts_details_mrd,2001,3666.236
tur,sex_f,geo_cov_rur,mts_details_mrd,2002,3723.915
tur,sex_f,geo_cov_rur,mts_details_mrd,2003,3894.63
tur,sex_f,geo_cov_rur,mts_details_mrd,2004,2909.37
tur,sex_f,geo_cov_rur,mts_details_mrd,2005,3133.213
tur,sex_f,geo_cov_rur,mts_details_mrd,2006,3239.221
tur,sex_f,geo_cov_rur,mts_details_mrd,2007,3356.76
tur,sex_f,geo_cov_rur,mts_details_mrd,2008,3482.478
tur,sex_f,geo_cov_rur,mts_details_mrd,2009,3353.596
tur,sex_f,geo_cov_rur,mts_details_mrd,2010,3276.742
tur,sex_f,geo_cov_rur,mts_details_mrd,2011,3229.977
tur,sex_f,geo_cov_rur,mts_details_mrd,2012,3301.812
tur,sex_f,geo_cov_rur,mts_details_mrd,2013,3408.617
tur,sex_f,geo_cov_rur,mts_details_sep,2000,27.793
tur,sex_f,geo_cov_rur,mts_details_sep,2001,30.604
tur,sex_f,geo_cov_rur,mts_details_sep,2002,41.245
tur,sex_f,geo_cov_rur,mts_details_sep,2003,42.423
tur,sex_f,geo_cov_rur,mts_details_sep,2004,28.12
tur,sex_f,geo_cov_rur,mts_details_sep,2005,4.419
tur,sex_f,geo_cov_rur,mts_details_sep,2006,3.841
tur,sex_f,geo_cov_rur,mts_details_sep,2007,49.9
tur,sex_f,geo_cov_rur,mts_details_sep,2008,52.444
tur,sex_f,geo_cov_rur,mts_details_sep,2009,60.952
tur,sex_f,geo_cov_rur,mts_details_sep,2010,64.551
tur,sex_f,geo_cov_rur,mts_details_sep,2011,65.912
tur,sex_f,geo_cov_rur,mts_details_sep,2012,75.726
tur,sex_f,geo_cov_rur,mts_details_sep,2013,79.184
tur,sex_f,geo_cov_rur,mts_details_sgle,2000,1245.884
tur,sex_f,geo_cov_rur,mts_details_sgle,2001,1209.377
tur,sex_f,geo_cov_rur,mts_details_sgle,2002,1191.54
tur,sex_f,geo_cov_rur,mts_details_sgle,2003,1270.581
tur,sex_f,geo_cov_rur,mts_details_sgle,2004,987.648
tur,sex_f,geo_cov_rur,mts_details_sgle,2005,1047.684
tur,sex_f,geo_cov_rur,mts_details_sgle,2006,1087.704
tur,sex_f,geo_cov_rur,mts_details_sgle,2007,1108.835
tur,sex_f,geo_cov_rur,mts_details_sgle,2008,1054.804
tur,sex_f,geo_cov_rur,mts_details_sgle,2009,1057.019
tur,sex_f,geo_cov_rur,mts_details_sgle,2010,1105.787
tur,sex_f,geo_cov_rur,mts_details_sgle,2011,1194.005
tur,sex_f,geo_cov_rur,mts_details_sgle,2012,1242.101
tur,sex_f,geo_cov_rur,mts_details_sgle,2013,1243.555
tur,sex_f,geo_cov_rur,mts_details_total,2000,5668.543
tur,sex_f,geo_cov_rur,mts_details_total,2001,5536.343
tur,sex_f,geo_cov_rur,mts_details_total,2002,5624.096
tur,sex_f,geo_cov_rur,mts_details_total,2003,5923.017
tur,sex_f,geo_cov_rur,mts_details_total,2004,4538.335
tur,sex_f,geo_cov_rur,mts_details_total,2005,4907.885
tur,sex_f,geo_cov_rur,mts_details_total,2006,5067.096
tur,sex_f,geo_cov_rur,mts_details_total,2007,5206.943
tur,sex_f,geo_cov_rur,mts_details_total,2008,5289.599
tur,sex_f,geo_cov_rur,mts_details_total,2009,5229.269
tur,sex_f,geo_cov_rur,mts_details_total,2010,5233.457
tur,sex_f,geo_cov_rur,mts_details_total,2011,5332.875
tur,sex_f,geo_cov_rur,mts_details_total,2012,5512.32
tur,sex_f,geo_cov_rur,mts_details_total,2013,5655.656
tur,sex_f,geo_cov_rur,mts_details_wid,2000,663.546
tur,sex_f,geo_cov_rur,mts_details_wid,2001,630.127
tur,sex_f,geo_cov_rur,mts_details_wid,2002,667.396
tur,sex_f,geo_cov_rur,mts_details_wid,2003,715.384
tur,sex_f,geo_cov_rur,mts_details_wid,2004,613.197
tur,sex_f,geo_cov_rur,mts_details_wid,2005,22.461
tur,sex_f,geo_cov_rur,mts_details_wid,2006,24.152
tur,sex_f,geo_cov_rur,mts_details_wid,2007,691.448
tur,sex_f,geo_cov_rur,mts_details_wid,2008,699.873
tur,sex_f,geo_cov_rur,mts_details_wid,2009,757.702
tur,sex_f,geo_cov_rur,mts_details_wid,2010,786.377
tur,sex_f,geo_cov_rur,mts_details_wid,2011,842.981
tur,sex_f,geo_cov_rur,mts_details_wid,2012,892.681
tur,sex_f,geo_cov_rur,mts_details_wid,2013,924.3
tur,sex_f,geo_cov_rur,mts_details_x,2005,700.108
tur,sex_f,geo_cov_rur,mts_details_x,2006,712.177
tur,sex_f,geo_cov_urb,mts_aggregate_1,2000,3463.461
tur,sex_f,geo_cov_urb,mts_aggregate_1,2001,3551.105
tur,sex_f,geo_cov_urb,mts_aggregate_1,2002,3597.081
tur,sex_f,geo_cov_urb,mts_aggregate_1,2003,3771.747
tur,sex_f,geo_cov_urb,mts_aggregate_1,2004,4345.826
tur,sex_f,geo_cov_urb,mts_aggregate_1,2005,2736.001
tur,sex_f,geo_cov_urb,mts_aggregate_1,2006,2726.529
tur,sex_f,geo_cov_urb,mts_aggregate_1,2007,4368.962
tur,sex_f,geo_cov_urb,mts_aggregate_1,2008,4341.641
tur,sex_f,geo_cov_urb,mts_aggregate_1,2009,4451.163
tur,sex_f,geo_cov_urb,mts_aggregate_1,2010,4440.145
tur,sex_f,geo_cov_urb,mts_aggregate_1,2011,4479.883
tur,sex_f,geo_cov_urb,mts_aggregate_1,2012,4615.549
tur,sex_f,geo_cov_urb,mts_aggregate_1,2013,4563.973
tur,sex_f,geo_cov_urb,mts_aggregate_2,2000,7975.674
tur,sex_f,geo_cov_urb,mts_aggregate_2,2001,8230.569
tur,sex_f,geo_cov_urb,mts_aggregate_2,2002,8233.657
tur,sex_f,geo_cov_urb,mts_aggregate_2,2003,8402.966
tur,sex_f,geo_cov_urb,mts_aggregate_2,2004,9740.05
tur,sex_f,geo_cov_urb,mts_aggregate_2,2005,9659.659
tur,sex_f,geo_cov_urb,mts_aggregate_2,2006,9719.353
tur,sex_f,geo_cov_urb,mts_aggregate_2,2007,9888.372
tur,sex_f,geo_cov_urb,mts_aggregate_2,2008,9894.66
tur,sex_f,geo_cov_urb,mts_aggregate_2,2009,9785.944
tur,sex_f,geo_cov_urb,mts_aggregate_2,2010,9683.475
tur,sex_f,geo_cov_urb,mts_aggregate_2,2011,9601.435
tur,sex_f,geo_cov_urb,mts_aggregate_2,2012,9452.786
tur,sex_f,geo_cov_urb,mts_aggregate_2,2013,9303.66
tur,sex_f,geo_cov_urb,mts_aggregate_total,2000,11439.134
tur,sex_f,geo_cov_urb,mts_aggregate_total,2001,11781.673
tur,sex_f,geo_cov_urb,mts_aggregate_total,2002,11830.738
tur,sex_f,geo_cov_urb,mts_aggregate_total,2003,12174.712
tur,sex_f,geo_cov_urb,mts_aggregate_total,2004,14085.875
tur,sex_f,geo_cov_urb,mts_aggregate_total,2005,14027.647
tur,sex_f,geo_cov_urb,mts_aggregate_total,2006,14097.452
tur,sex_f,geo_cov_urb,mts_aggregate_total,2007,14257.334
tur,sex_f,geo_cov_urb,mts_aggregate_total,2008,14236.3
tur,sex_f,geo_cov_urb,mts_aggregate_total,2009,14237.107
tur,sex_f,geo_cov_urb,mts_aggregate_total,2010,14123.62
tur,sex_f,geo_cov_urb,mts_aggregate_total,2011,14081.318
tur,sex_f,geo_cov_urb,mts_aggregate_total,2012,14068.335
tur,sex_f,geo_cov_urb,mts_aggregate_total,2013,13867.633
tur,sex_f,geo_cov_urb,mts_aggregate_x,2005,1631.988
tur,sex_f,geo_cov_urb,mts_aggregate_x,2006,1651.57
tur,sex_f,geo_cov_urb,mts_details_mrd,2000,7975.674
tur,sex_f,geo_cov_urb,mts_details_mrd,2001,8230.569
tur,sex_f,geo_cov_urb,mts_details_mrd,2002,8233.657
tur,sex_f,geo_cov_urb,mts_details_mrd,2003,8402.966
tur,sex_f,geo_cov_urb,mts_details_mrd,2004,9740.05
tur,sex_f,geo_cov_urb,mts_details_mrd,2005,9659.659
tur,sex_f,geo_cov_urb,mts_details_mrd,2006,9719.353
tur,sex_f,geo_cov_urb,mts_details_mrd,2007,9888.372
tur,sex_f,geo_cov_urb,mts_details_mrd,2008,9894.66
tur,sex_f,geo_cov_urb,mts_details_mrd,2009,9785.944
tur,sex_f,geo_cov_urb,mts_details_mrd,2010,9683.475
tur,sex_f,geo_cov_urb,mts_details_mrd,2011,9601.435
tur,sex_f,geo_cov_urb,mts_details_mrd,2012,9452.786
tur,sex_f,geo_cov_urb,mts_details_mrd,2013,9303.66
tur,sex_f,geo_cov_urb,mts_details_sep,2000,122.526
tur,sex_f,geo_cov_urb,mts_details_sep,2001,116.155
tur,sex_f,geo_cov_urb,mts_details_sep,2002,151.16
tur,sex_f,geo_cov_urb,mts_details_sep,2003,177.6
tur,sex_f,geo_cov_urb,mts_details_sep,2004,174.049
tur,sex_f,geo_cov_urb,mts_details_sep,2005,11.589
tur,sex_f,geo_cov_urb,mts_details_sep,2006,11.3
tur,sex_f,geo_cov_urb,mts_details_sep,2007,254.708
tur,sex_f,geo_cov_urb,mts_details_sep,2008,269.268
tur,sex_f,geo_cov_urb,mts_details_sep,2009,280.422
tur,sex_f,geo_cov_urb,mts_details_sep,2010,273.237
tur,sex_f,geo_cov_urb,mts_details_sep,2011,290.267
tur,sex_f,geo_cov_urb,mts_details_sep,2012,325.998
tur,sex_f,geo_cov_urb,mts_details_sep,2013,341.674
tur,sex_f,geo_cov_urb,mts_details_sgle,2000,2333.357
tur,sex_f,geo_cov_urb,mts_details_sgle,2001,2384.55
tur,sex_f,geo_cov_urb,mts_details_sgle,2002,2369.614
tur,sex_f,geo_cov_urb,mts_details_sgle,2003,2451.845
tur,sex_f,geo_cov_urb,mts_details_sgle,2004,2704.858
tur,sex_f,geo_cov_urb,mts_details_sgle,2005,2657.857
tur,sex_f,geo_cov_urb,mts_details_sgle,2006,2647.888
tur,sex_f,geo_cov_urb,mts_details_sgle,2007,2662.929
tur,sex_f,geo_cov_urb,mts_details_sgle,2008,2641.599
tur,sex_f,geo_cov_urb,mts_details_sgle,2009,2697.091
tur,sex_f,geo_cov_urb,mts_details_sgle,2010,2701.139
tur,sex_f,geo_cov_urb,mts_details_sgle,2011,2708.471
tur,sex_f,geo_cov_urb,mts_details_sgle,2012,2802.848
tur,sex_f,geo_cov_urb,mts_details_sgle,2013,2736.153
tur,sex_f,geo_cov_urb,mts_details_total,2000,11439.134
tur,sex_f,geo_cov_urb,mts_details_total,2001,11781.673
tur,sex_f,geo_cov_urb,mts_details_total,2002,11830.738
tur,sex_f,geo_cov_urb,mts_details_total,2003,12174.712
tur,sex_f,geo_cov_urb,mts_details_total,2004,14085.875
tur,sex_f,geo_cov_urb,mts_details_total,2005,14027.647
tur,sex_f,geo_cov_urb,mts_details_total,2006,14097.452
tur,sex_f,geo_cov_urb,mts_details_total,2007,14257.334
tur,sex_f,geo_cov_urb,mts_details_total,2008,14236.3
tur,sex_f,geo_cov_urb,mts_details_total,2009,14237.107
tur,sex_f,geo_cov_urb,mts_details_total,2010,14123.62
tur,sex_f,geo_cov_urb,mts_details_total,2011,14081.318
tur,sex_f,geo_cov_urb,mts_details_total,2012,14068.335
tur,sex_f,geo_cov_urb,mts_details_total,2013,13867.633
tur,sex_f,geo_cov_urb,mts_details_wid,2000,1007.578
tur,sex_f,geo_cov_urb,mts_details_wid,2001,1050.4
tur,sex_f,geo_cov_urb,mts_details_wid,2002,1076.307
tur,sex_f,geo_cov_urb,mts_details_wid,2003,1142.301
tur,sex_f,geo_cov_urb,mts_details_wid,2004,1466.918
tur,sex_f,geo_cov_urb,mts_details_wid,2005,66.555
tur,sex_f,geo_cov_urb,mts_details_wid,2006,67.341
tur,sex_f,geo_cov_urb,mts_details_wid,2007,1451.324
tur,sex_f,geo_cov_urb,mts_details_wid,2008,1430.774
tur,sex_f,geo_cov_urb,mts_details_wid,2009,1473.649
tur,sex_f,geo_cov_urb,mts_details_wid,2010,1465.769
tur,sex_f,geo_cov_urb,mts_details_wid,2011,1481.145
tur,sex_f,geo_cov_urb,mts_details_wid,2012,1486.703
tur,sex_f,geo_cov_urb,mts_details_wid,2013,1486.146
tur,sex_f,geo_cov_urb,mts_details_x,2005,1631.988
tur,sex_f,geo_cov_urb,mts_details_x,2006,1651.57
tur,sex_m,geo_cov_nat,mts_aggregate_1,2000,3122.03
tur,sex_m,geo_cov_nat,mts_aggregate_1,2001,3220.036
tur,sex_m,geo_cov_nat,mts_aggregate_1,2002,3411.616
tur,sex_m,geo_cov_nat,mts_aggregate_1,2003,3586.218
tur,sex_m,geo_cov_nat,mts_aggregate_1,2004,3353.57
tur,sex_m,geo_cov_nat,mts_aggregate_1,2005,3002.375
tur,sex_m,geo_cov_nat,mts_aggregate_1,2006,3064.315
tur,sex_m,geo_cov_nat,mts_aggregate_1,2007,3370.154
tur,sex_m,geo_cov_nat,mts_aggregate_1,2008,3375.746
tur,sex_m,geo_cov_nat,mts_aggregate_1,2009,3407.459
tur,sex_m,geo_cov_nat,mts_aggregate_1,2010,3531.895
tur,sex_m,geo_cov_nat,mts_aggregate_1,2011,3498.768
tur,sex_m,geo_cov_nat,mts_aggregate_1,2012,3739.808
tur,sex_m,geo_cov_nat,mts_aggregate_1,2013,3680.77
tur,sex_m,geo_cov_nat,mts_aggregate_2,2000,2903.319
tur,sex_m,geo_cov_nat,mts_aggregate_2,2001,3128.882
tur,sex_m,geo_cov_nat,mts_aggregate_2,2002,3356.83
tur,sex_m,geo_cov_nat,mts_aggregate_2,2003,3587.826
tur,sex_m,geo_cov_nat,mts_aggregate_2,2004,3549.628
tur,sex_m,geo_cov_nat,mts_aggregate_2,2005,3643.227
tur,sex_m,geo_cov_nat,mts_aggregate_2,2006,3858.404
tur,sex_m,geo_cov_nat,mts_aggregate_2,2007,4045.107
tur,sex_m,geo_cov_nat,mts_aggregate_2,2008,4065.117
tur,sex_m,geo_cov_nat,mts_aggregate_2,2009,4063.68
tur,sex_m,geo_cov_nat,mts_aggregate_2,2010,4011.837
tur,sex_m,geo_cov_nat,mts_aggregate_2,2011,3954.225
tur,sex_m,geo_cov_nat,mts_aggregate_2,2012,4064.689
tur,sex_m,geo_cov_nat,mts_aggregate_2,2013,4133.154
tur,sex_m,geo_cov_nat,mts_aggregate_total,2000,6025.35
tur,sex_m,geo_cov_nat,mts_aggregate_total,2001,6348.917
tur,sex_m,geo_cov_nat,mts_aggregate_total,2002,6768.446
tur,sex_m,geo_cov_nat,mts_aggregate_total,2003,7174.043
tur,sex_m,geo_cov_nat,mts_aggregate_total,2004,6903.199
tur,sex_m,geo_cov_nat,mts_aggregate_total,2005,6969.046
tur,sex_m,geo_cov_nat,mts_aggregate_total,2006,7258.493
tur,sex_m,geo_cov_nat,mts_aggregate_total,2007,7415.261
tur,sex_m,geo_cov_nat,mts_aggregate_total,2008,7440.863
tur,sex_m,geo_cov_nat,mts_aggregate_total,2009,7471.139
tur,sex_m,geo_cov_nat,mts_aggregate_total,2010,7543.732
tur,sex_m,geo_cov_nat,mts_aggregate_total,2011,7452.993
tur,sex_m,geo_cov_nat,mts_aggregate_total,2012,7804.497
tur,sex_m,geo_cov_nat,mts_aggregate_total,2013,7813.925
tur,sex_m,geo_cov_nat,mts_aggregate_x,2005,323.445
tur,sex_m,geo_cov_nat,mts_aggregate_x,2006,335.774
tur,sex_m,geo_cov_nat,mts_details_mrd,2000,2903.319
tur,sex_m,geo_cov_nat,mts_details_mrd,2001,3128.882
tur,sex_m,geo_cov_nat,mts_details_mrd,2002,3356.83
tur,sex_m,geo_cov_nat,mts_details_mrd,2003,3587.826
tur,sex_m,geo_cov_nat,mts_details_mrd,2004,3549.628
tur,sex_m,geo_cov_nat,mts_details_mrd,2005,3643.227
tur,sex_m,geo_cov_nat,mts_details_mrd,2006,3858.404
tur,sex_m,geo_cov_nat,mts_details_mrd,2007,4045.107
tur,sex_m,geo_cov_nat,mts_details_mrd,2008,4065.117
tur,sex_m,geo_cov_nat,mts_details_mrd,2009,4063.68
tur,sex_m,geo_cov_nat,mts_details_mrd,2010,4011.837
tur,sex_m,geo_cov_nat,mts_details_mrd,2011,3954.225
tur,sex_m,geo_cov_nat,mts_details_mrd,2012,4064.689
tur,sex_m,geo_cov_nat,mts_details_mrd,2013,4133.154
tur,sex_m,geo_cov_nat,mts_details_sep,2000,41.671
tur,sex_m,geo_cov_nat,mts_details_sep,2001,40.857
tur,sex_m,geo_cov_nat,mts_details_sep,2002,47.705
tur,sex_m,geo_cov_nat,mts_details_sep,2003,55
tur,sex_m,geo_cov_nat,mts_details_sep,2004,35.765
tur,sex_m,geo_cov_nat,mts_details_sep,2005,3.767
tur,sex_m,geo_cov_nat,mts_details_sep,2006,2.818
tur,sex_m,geo_cov_nat,mts_details_sep,2007,66.787
tur,sex_m,geo_cov_nat,mts_details_sep,2008,72.822
tur,sex_m,geo_cov_nat,mts_details_sep,2009,78.844
tur,sex_m,geo_cov_nat,mts_details_sep,2010,83.027
tur,sex_m,geo_cov_nat,mts_details_sep,2011,99.138
tur,sex_m,geo_cov_nat,mts_details_sep,2012,107.503
tur,sex_m,geo_cov_nat,mts_details_sep,2013,113.638
tur,sex_m,geo_cov_nat,mts_details_sgle,2000,2866.647
tur,sex_m,geo_cov_nat,mts_details_sgle,2001,2939.03
tur,sex_m,geo_cov_nat,mts_details_sgle,2002,3112.958
tur,sex_m,geo_cov_nat,mts_details_sgle,2003,3276.29
tur,sex_m,geo_cov_nat,mts_details_sgle,2004,3031.648
tur,sex_m,geo_cov_nat,mts_details_sgle,2005,2987.159
tur,sex_m,geo_cov_nat,mts_details_sgle,2006,3047.547
tur,sex_m,geo_cov_nat,mts_details_sgle,2007,3014.597
tur,sex_m,geo_cov_nat,mts_details_sgle,2008,2999.601
tur,sex_m,geo_cov_nat,mts_details_sgle,2009,3009.343
tur,sex_m,geo_cov_nat,mts_details_sgle,2010,3117.77
tur,sex_m,geo_cov_nat,mts_details_sgle,2011,3070.396
tur,sex_m,geo_cov_nat,mts_details_sgle,2012,3277.902
tur,sex_m,geo_cov_nat,mts_details_sgle,2013,3199.634
tur,sex_m,geo_cov_nat,mts_details_total,2000,6025.35
tur,sex_m,geo_cov_nat,mts_details_total,2001,6348.917
tur,sex_m,geo_cov_nat,mts_details_total,2002,6768.446
tur,sex_m,geo_cov_nat,mts_details_total,2003,7174.043
tur,sex_m,geo_cov_nat,mts_details_total,2004,6903.199
tur,sex_m,geo_cov_nat,mts_details_total,2005,6969.046
tur,sex_m,geo_cov_nat,mts_details_total,2006,7258.493
tur,sex_m,geo_cov_nat,mts_details_total,2007,7415.261
tur,sex_m,geo_cov_nat,mts_details_total,2008,7440.863
tur,sex_m,geo_cov_nat,mts_details_total,2009,7471.139
tur,sex_m,geo_cov_nat,mts_details_total,2010,7543.732
tur,sex_m,geo_cov_nat,mts_details_total,2011,7452.993
tur,sex_m,geo_cov_nat,mts_details_total,2012,7804.497
tur,sex_m,geo_cov_nat,mts_details_total,2013,7813.925
tur,sex_m,geo_cov_nat,mts_details_wid,2000,213.712
tur,sex_m,geo_cov_nat,mts_details_wid,2001,240.149
tur,sex_m,geo_cov_nat,mts_details_wid,2002,250.953
tur,sex_m,geo_cov_nat,mts_details_wid,2003,254.927
tur,sex_m,geo_cov_nat,mts_details_wid,2004,286.157
tur,sex_m,geo_cov_nat,mts_details_wid,2005,11.449
tur,sex_m,geo_cov_nat,mts_details_wid,2006,13.95
tur,sex_m,geo_cov_nat,mts_details_wid,2007,288.771
tur,sex_m,geo_cov_nat,mts_details_wid,2008,303.323
tur,sex_m,geo_cov_nat,mts_details_wid,2009,319.273
tur,sex_m,geo_cov_nat,mts_details_wid,2010,331.099
tur,sex_m,geo_cov_nat,mts_details_wid,2011,329.234
tur,sex_m,geo_cov_nat,mts_details_wid,2012,354.404
tur,sex_m,geo_cov_nat,mts_details_wid,2013,367.499
tur,sex_m,geo_cov_nat,mts_details_x,2005,323.445
tur,sex_m,geo_cov_nat,mts_details_x,2006,335.774
tur,sex_m,geo_cov_rur,mts_aggregate_1,2000,981.172
tur,sex_m,geo_cov_rur,mts_aggregate_1,2001,1051.734
tur,sex_m,geo_cov_rur,mts_aggregate_1,2002,1145.094
tur,sex_m,geo_cov_rur,mts_aggregate_1,2003,1185.979
tur,sex_m,geo_cov_rur,mts_aggregate_1,2004,862.823
tur,sex_m,geo_cov_rur,mts_aggregate_1,2005,774.838
tur,sex_m,geo_cov_rur,mts_aggregate_1,2006,739.978
tur,sex_m,geo_cov_rur,mts_aggregate_1,2007,870.747
tur,sex_m,geo_cov_rur,mts_aggregate_1,2008,887.576
tur,sex_m,geo_cov_rur,mts_aggregate_1,2009,951.399
tur,sex_m,geo_cov_rur,mts_aggregate_1,2010,1038.666
tur,sex_m,geo_cov_rur,mts_aggregate_1,2011,1033.812
tur,sex_m,geo_cov_rur,mts_aggregate_1,2012,1173.932
tur,sex_m,geo_cov_rur,mts_aggregate_1,2013,1169.183
tur,sex_m,geo_cov_rur,mts_aggregate_2,2000,1029.405
tur,sex_m,geo_cov_rur,mts_aggregate_2,2001,1118.064
tur,sex_m,geo_cov_rur,mts_aggregate_2,2002,1218.125
tur,sex_m,geo_cov_rur,mts_aggregate_2,2003,1334.296
tur,sex_m,geo_cov_rur,mts_aggregate_2,2004,924.719
tur,sex_m,geo_cov_rur,mts_aggregate_2,2005,1003.247
tur,sex_m,geo_cov_rur,mts_aggregate_2,2006,1091.373
tur,sex_m,geo_cov_rur,mts_aggregate_2,2007,1162.111
tur,sex_m,geo_cov_rur,mts_aggregate_2,2008,1155.024
tur,sex_m,geo_cov_rur,mts_aggregate_2,2009,1145.514
tur,sex_m,geo_cov_rur,mts_aggregate_2,2010,1156.874
tur,sex_m,geo_cov_rur,mts_aggregate_2,2011,1122.226
tur,sex_m,geo_cov_rur,mts_aggregate_2,2012,1228.484
tur,sex_m,geo_cov_rur,mts_aggregate_2,2013,1290.627
tur,sex_m,geo_cov_rur,mts_aggregate_total,2000,2010.577
tur,sex_m,geo_cov_rur,mts_aggregate_total,2001,2169.798
tur,sex_m,geo_cov_rur,mts_aggregate_total,2002,2363.219
tur,sex_m,geo_cov_rur,mts_aggregate_total,2003,2520.275
tur,sex_m,geo_cov_rur,mts_aggregate_total,2004,1787.542
tur,sex_m,geo_cov_rur,mts_aggregate_total,2005,1904.409
tur,sex_m,geo_cov_rur,mts_aggregate_total,2006,1959.716
tur,sex_m,geo_cov_rur,mts_aggregate_total,2007,2032.858
tur,sex_m,geo_cov_rur,mts_aggregate_total,2008,2042.6
tur,sex_m,geo_cov_rur,mts_aggregate_total,2009,2096.913
tur,sex_m,geo_cov_rur,mts_aggregate_total,2010,2195.54
tur,sex_m,geo_cov_rur,mts_aggregate_total,2011,2156.038
tur,sex_m,geo_cov_rur,mts_aggregate_total,2012,2402.416
tur,sex_m,geo_cov_rur,mts_aggregate_total,2013,2459.81
tur,sex_m,geo_cov_rur,mts_aggregate_x,2005,126.324
tur,sex_m,geo_cov_rur,mts_aggregate_x,2006,128.366
tur,sex_m,geo_cov_rur,mts_details_mrd,2000,1029.405
tur,sex_m,geo_cov_rur,mts_details_mrd,2001,1118.064
tur,sex_m,geo_cov_rur,mts_details_mrd,2002,1218.125
tur,sex_m,geo_cov_rur,mts_details_mrd,2003,1334.296
tur,sex_m,geo_cov_rur,mts_details_mrd,2004,924.719
tur,sex_m,geo_cov_rur,mts_details_mrd,2005,1003.247
tur,sex_m,geo_cov_rur,mts_details_mrd,2006,1091.373
tur,sex_m,geo_cov_rur,mts_details_mrd,2007,1162.111
tur,sex_m,geo_cov_rur,mts_details_mrd,2008,1155.024
tur,sex_m,geo_cov_rur,mts_details_mrd,2009,1145.514
tur,sex_m,geo_cov_rur,mts_details_mrd,2010,1156.874
tur,sex_m,geo_cov_rur,mts_details_mrd,2011,1122.226
tur,sex_m,geo_cov_rur,mts_details_mrd,2012,1228.484
tur,sex_m,geo_cov_rur,mts_details_mrd,2013,1290.627
tur,sex_m,geo_cov_rur,mts_details_sep,2000,16.902
tur,sex_m,geo_cov_rur,mts_details_sep,2001,15.49
tur,sex_m,geo_cov_rur,mts_details_sep,2002,16.265
tur,sex_m,geo_cov_rur,mts_details_sep,2003,20.233
tur,sex_m,geo_cov_rur,mts_details_sep,2004,8.096
tur,sex_m,geo_cov_rur,mts_details_sep,2005,0.955
tur,sex_m,geo_cov_rur,mts_details_sep,2006,0.895
tur,sex_m,geo_cov_rur,mts_details_sep,2007,13.5
tur,sex_m,geo_cov_rur,mts_details_sep,2008,19.123
tur,sex_m,geo_cov_rur,mts_details_sep,2009,22.709
tur,sex_m,geo_cov_rur,mts_details_sep,2010,23.346
tur,sex_m,geo_cov_rur,mts_details_sep,2011,26.136
tur,sex_m,geo_cov_rur,mts_details_sep,2012,29.891
tur,sex_m,geo_cov_rur,mts_details_sep,2013,28.362
tur,sex_m,geo_cov_rur,mts_details_sgle,2000,856.624
tur,sex_m,geo_cov_rur,mts_details_sgle,2001,905.619
tur,sex_m,geo_cov_rur,mts_details_sgle,2002,994.763
tur,sex_m,geo_cov_rur,mts_details_sgle,2003,1031.379
tur,sex_m,geo_cov_rur,mts_details_sgle,2004,741.696
tur,sex_m,geo_cov_rur,mts_details_sgle,2005,769.113
tur,sex_m,geo_cov_rur,mts_details_sgle,2006,735.049
tur,sex_m,geo_cov_rur,mts_details_sgle,2007,733.255
tur,sex_m,geo_cov_rur,mts_details_sgle,2008,730.993
tur,sex_m,geo_cov_rur,mts_details_sgle,2009,785.87
tur,sex_m,geo_cov_rur,mts_details_sgle,2010,870.012
tur,sex_m,geo_cov_rur,mts_details_sgle,2011,858.981
tur,sex_m,geo_cov_rur,mts_details_sgle,2012,980.687
tur,sex_m,geo_cov_rur,mts_details_sgle,2013,954.742
tur,sex_m,geo_cov_rur,mts_details_total,2000,2010.577
tur,sex_m,geo_cov_rur,mts_details_total,2001,2169.798
tur,sex_m,geo_cov_rur,mts_details_total,2002,2363.219
tur,sex_m,geo_cov_rur,mts_details_total,2003,2520.275
tur,sex_m,geo_cov_rur,mts_details_total,2004,1787.542
tur,sex_m,geo_cov_rur,mts_details_total,2005,1904.409
tur,sex_m,geo_cov_rur,mts_details_total,2006,1959.716
tur,sex_m,geo_cov_rur,mts_details_total,2007,2032.858
tur,sex_m,geo_cov_rur,mts_details_total,2008,2042.6
tur,sex_m,geo_cov_rur,mts_details_total,2009,2096.913
tur,sex_m,geo_cov_rur,mts_details_total,2010,2195.54
tur,sex_m,geo_cov_rur,mts_details_total,2011,2156.038
tur,sex_m,geo_cov_rur,mts_details_total,2012,2402.416
tur,sex_m,geo_cov_rur,mts_details_total,2013,2459.81
tur,sex_m,geo_cov_rur,mts_details_wid,2000,107.647
tur,sex_m,geo_cov_rur,mts_details_wid,2001,130.625
tur,sex_m,geo_cov_rur,mts_details_wid,2002,134.067
tur,sex_m,geo_cov_rur,mts_details_wid,2003,134.367
tur,sex_m,geo_cov_rur,mts_details_wid,2004,113.031
tur,sex_m,geo_cov_rur,mts_details_wid,2005,4.771
tur,sex_m,geo_cov_rur,mts_details_wid,2006,4.035
tur,sex_m,geo_cov_rur,mts_details_wid,2007,123.992
tur,sex_m,geo_cov_rur,mts_details_wid,2008,137.46
tur,sex_m,geo_cov_rur,mts_details_wid,2009,142.82
tur,sex_m,geo_cov_rur,mts_details_wid,2010,145.308
tur,sex_m,geo_cov_rur,mts_details_wid,2011,148.694
tur,sex_m,geo_cov_rur,mts_details_wid,2012,163.354
tur,sex_m,geo_cov_rur,mts_details_wid,2013,186.078
tur,sex_m,geo_cov_rur,mts_details_x,2005,126.324
tur,sex_m,geo_cov_rur,mts_details_x,2006,128.366
tur,sex_m,geo_cov_urb,mts_aggregate_1,2000,2140.858
tur,sex_m,geo_cov_urb,mts_aggregate_1,2001,2168.302
tur,sex_m,geo_cov_urb,mts_aggregate_1,2002,2266.522
tur,sex_m,geo_cov_urb,mts_aggregate_1,2003,2400.238
tur,sex_m,geo_cov_urb,mts_aggregate_1,2004,2490.748
tur,sex_m,geo_cov_urb,mts_aggregate_1,2005,2227.537
tur,sex_m,geo_cov_urb,mts_aggregate_1,2006,2324.337
tur,sex_m,geo_cov_urb,mts_aggregate_1,2007,2499.408
tur,sex_m,geo_cov_urb,mts_aggregate_1,2008,2488.17
tur,sex_m,geo_cov_urb,mts_aggregate_1,2009,2456.061
tur,sex_m,geo_cov_urb,mts_aggregate_1,2010,2493.23
tur,sex_m,geo_cov_urb,mts_aggregate_1,2011,2464.957
tur,sex_m,geo_cov_urb,mts_aggregate_1,2012,2565.877
tur,sex_m,geo_cov_urb,mts_aggregate_1,2013,2511.588
tur,sex_m,geo_cov_urb,mts_aggregate_2,2000,1873.914
tur,sex_m,geo_cov_urb,mts_aggregate_2,2001,2010.818
tur,sex_m,geo_cov_urb,mts_aggregate_2,2002,2138.705
tur,sex_m,geo_cov_urb,mts_aggregate_2,2003,2253.53
tur,sex_m,geo_cov_urb,mts_aggregate_2,2004,2624.909
tur,sex_m,geo_cov_urb,mts_aggregate_2,2005,2639.98
tur,sex_m,geo_cov_urb,mts_aggregate_2,2006,2767.031
tur,sex_m,geo_cov_urb,mts_aggregate_2,2007,2882.996
tur,sex_m,geo_cov_urb,mts_aggregate_2,2008,2910.093
tur,sex_m,geo_cov_urb,mts_aggregate_2,2009,2918.166
tur,sex_m,geo_cov_urb,mts_aggregate_2,2010,2854.963
tur,sex_m,geo_cov_urb,mts_aggregate_2,2011,2831.998
tur,sex_m,geo_cov_urb,mts_aggregate_2,2012,2836.205
tur,sex_m,geo_cov_urb,mts_aggregate_2,2013,2842.527
tur,sex_m,geo_cov_urb,mts_aggregate_total,2000,4014.773
tur,sex_m,geo_cov_urb,mts_aggregate_total,2001,4179.119
tur,sex_m,geo_cov_urb,mts_aggregate_total,2002,4405.227
tur,sex_m,geo_cov_urb,mts_aggregate_total,2003,4653.768
tur,sex_m,geo_cov_urb,mts_aggregate_total,2004,5115.657
tur,sex_m,geo_cov_urb,mts_aggregate_total,2005,5064.637
tur,sex_m,geo_cov_urb,mts_aggregate_total,2006,5298.777
tur,sex_m,geo_cov_urb,mts_aggregate_total,2007,5382.403
tur,sex_m,geo_cov_urb,mts_aggregate_total,2008,5398.262
tur,sex_m,geo_cov_urb,mts_aggregate_total,2009,5374.226
tur,sex_m,geo_cov_urb,mts_aggregate_total,2010,5348.192
tur,sex_m,geo_cov_urb,mts_aggregate_total,2011,5296.955
tur,sex_m,geo_cov_urb,mts_aggregate_total,2012,5402.081
tur,sex_m,geo_cov_urb,mts_aggregate_total,2013,5354.115
tur,sex_m,geo_cov_urb,mts_aggregate_x,2005,197.121
tur,sex_m,geo_cov_urb,mts_aggregate_x,2006,207.409
tur,sex_m,geo_cov_urb,mts_details_mrd,2000,1873.914
tur,sex_m,geo_cov_urb,mts_details_mrd,2001,2010.818
tur,sex_m,geo_cov_urb,mts_details_mrd,2002,2138.705
tur,sex_m,geo_cov_urb,mts_details_mrd,2003,2253.53
tur,sex_m,geo_cov_urb,mts_details_mrd,2004,2624.909
tur,sex_m,geo_cov_urb,mts_details_mrd,2005,2639.98
tur,sex_m,geo_cov_urb,mts_details_mrd,2006,2767.031
tur,sex_m,geo_cov_urb,mts_details_mrd,2007,2882.996
tur,sex_m,geo_cov_urb,mts_details_mrd,2008,2910.093
tur,sex_m,geo_cov_urb,mts_details_mrd,2009,2918.166
tur,sex_m,geo_cov_urb,mts_details_mrd,2010,2854.963
tur,sex_m,geo_cov_urb,mts_details_mrd,2011,2831.998
tur,sex_m,geo_cov_urb,mts_details_mrd,2012,2836.205
tur,sex_m,geo_cov_urb,mts_details_mrd,2013,2842.527
tur,sex_m,geo_cov_urb,mts_details_sep,2000,24.769
tur,sex_m,geo_cov_urb,mts_details_sep,2001,25.367
tur,sex_m,geo_cov_urb,mts_details_sep,2002,31.441
tur,sex_m,geo_cov_urb,mts_details_sep,2003,34.767
tur,sex_m,geo_cov_urb,mts_details_sep,2004,27.668
tur,sex_m,geo_cov_urb,mts_details_sep,2005,2.812
tur,sex_m,geo_cov_urb,mts_details_sep,2006,1.923
tur,sex_m,geo_cov_urb,mts_details_sep,2007,53.287
tur,sex_m,geo_cov_urb,mts_details_sep,2008,53.699
tur,sex_m,geo_cov_urb,mts_details_sep,2009,56.135
tur,sex_m,geo_cov_urb,mts_details_sep,2010,59.68
tur,sex_m,geo_cov_urb,mts_details_sep,2011,73.002
tur,sex_m,geo_cov_urb,mts_details_sep,2012,77.612
tur,sex_m,geo_cov_urb,mts_details_sep,2013,85.276
tur,sex_m,geo_cov_urb,mts_details_sgle,2000,2010.023
tur,sex_m,geo_cov_urb,mts_details_sgle,2001,2033.411
tur,sex_m,geo_cov_urb,mts_details_sgle,2002,2118.195
tur,sex_m,geo_cov_urb,mts_details_sgle,2003,2244.911
tur,sex_m,geo_cov_urb,mts_details_sgle,2004,2289.952
tur,sex_m,geo_cov_urb,mts_details_sgle,2005,2218.047
tur,sex_m,geo_cov_urb,mts_details_sgle,2006,2312.498
tur,sex_m,geo_cov_urb,mts_details_sgle,2007,2281.343
tur,sex_m,geo_cov_urb,mts_details_sgle,2008,2268.607
tur,sex_m,geo_cov_urb,mts_details_sgle,2009,2223.473
tur,sex_m,geo_cov_urb,mts_details_sgle,2010,2247.758
tur,sex_m,geo_cov_urb,mts_details_sgle,2011,2211.415
tur,sex_m,geo_cov_urb,mts_details_sgle,2012,2297.214
tur,sex_m,geo_cov_urb,mts_details_sgle,2013,2244.891
tur,sex_m,geo_cov_urb,mts_details_total,2000,4014.773
tur,sex_m,geo_cov_urb,mts_details_total,2001,4179.119
tur,sex_m,geo_cov_urb,mts_details_total,2002,4405.227
tur,sex_m,geo_cov_urb,mts_details_total,2003,4653.768
tur,sex_m,geo_cov_urb,mts_details_total,2004,5115.657
tur,sex_m,geo_cov_urb,mts_details_total,2005,5064.637
tur,sex_m,geo_cov_urb,mts_details_total,2006,5298.777
tur,sex_m,geo_cov_urb,mts_details_total,2007,5382.403
tur,sex_m,geo_cov_urb,mts_details_total,2008,5398.262
tur,sex_m,geo_cov_urb,mts_details_total,2009,5374.226
tur,sex_m,geo_cov_urb,mts_details_total,2010,5348.192
tur,sex_m,geo_cov_urb,mts_details_total,2011,5296.955
tur,sex_m,geo_cov_urb,mts_details_total,2012,5402.081
tur,sex_m,geo_cov_urb,mts_details_total,2013,5354.115
tur,sex_m,geo_cov_urb,mts_details_wid,2000,106.066
tur,sex_m,geo_cov_urb,mts_details_wid,2001,109.523
tur,sex_m,geo_cov_urb,mts_details_wid,2002,116.886
tur,sex_m,geo_cov_urb,mts_details_wid,2003,120.561
tur,sex_m,geo_cov_urb,mts_details_wid,2004,173.127
tur,sex_m,geo_cov_urb,mts_details_wid,2005,6.678
tur,sex_m,geo_cov_urb,mts_details_wid,2006,9.915
tur,sex_m,geo_cov_urb,mts_details_wid,2007,164.778
tur,sex_m,geo_cov_urb,mts_details_wid,2008,165.864
tur,sex_m,geo_cov_urb,mts_details_wid,2009,176.453
tur,sex_m,geo_cov_urb,mts_details_wid,2010,185.792
tur,sex_m,geo_cov_urb,mts_details_wid,2011,180.54
tur,sex_m,geo_cov_urb,mts_details_wid,2012,191.051
tur,sex_m,geo_cov_urb,mts_details_wid,2013,181.421
tur,sex_m,geo_cov_urb,mts_details_x,2005,197.121
tur,sex_m,geo_cov_urb,mts_details_x,2006,207.409
tur,sex_t,geo_cov_nat,mts_aggregate_1,2000,8522.714
tur,sex_t,geo_cov_nat,mts_aggregate_1,2001,8641.247
tur,sex_t,geo_cov_nat,mts_aggregate_1,2002,8908.878
tur,sex_t,geo_cov_nat,mts_aggregate_1,2003,9386.352
tur,sex_t,geo_cov_nat,mts_aggregate_1,2004,9328.36
tur,sex_t,geo_cov_nat,mts_aggregate_1,2005,6812.94
tur,sex_t,geo_cov_nat,mts_aggregate_1,2006,6906.541
tur,sex_t,geo_cov_nat,mts_aggregate_1,2007,9589.299
tur,sex_t,geo_cov_nat,mts_aggregate_1,2008,9524.508
tur,sex_t,geo_cov_nat,mts_aggregate_1,2009,9734.295
tur,sex_t,geo_cov_nat,mts_aggregate_1,2010,9928.755
tur,sex_t,geo_cov_nat,mts_aggregate_1,2011,10081.549
tur,sex_t,geo_cov_nat,mts_aggregate_1,2012,10565.866
tur,sex_t,geo_cov_nat,mts_aggregate_1,2013,10491.782
tur,sex_t,geo_cov_nat,mts_aggregate_2,2000,14610.313
tur,sex_t,geo_cov_nat,mts_aggregate_2,2001,15025.687
tur,sex_t,geo_cov_nat,mts_aggregate_2,2002,15314.402
tur,sex_t,geo_cov_nat,mts_aggregate_2,2003,15885.421
tur,sex_t,geo_cov_nat,mts_aggregate_2,2004,16199.048
tur,sex_t,geo_cov_nat,mts_aggregate_2,2005,16436.099
tur,sex_t,geo_cov_nat,mts_aggregate_2,2006,16816.978
tur,sex_t,geo_cov_nat,mts_aggregate_2,2007,17290.239
tur,sex_t,geo_cov_nat,mts_aggregate_2,2008,17442.254
tur,sex_t,geo_cov_nat,mts_aggregate_2,2009,17203.221
tur,sex_t,geo_cov_nat,mts_aggregate_2,2010,16972.054
tur,sex_t,geo_cov_nat,mts_aggregate_2,2011,16785.636
tur,sex_t,geo_cov_nat,mts_aggregate_2,2012,16819.286
tur,sex_t,geo_cov_nat,mts_aggregate_2,2013,16845.431
tur,sex_t,geo_cov_nat,mts_aggregate_total,2000,23133.027
tur,sex_t,geo_cov_nat,mts_aggregate_total,2001,23666.934
tur,sex_t,geo_cov_nat,mts_aggregate_total,2002,24223.28
tur,sex_t,geo_cov_nat,mts_aggregate_total,2003,25271.773
tur,sex_t,geo_cov_nat,mts_aggregate_total,2004,25527.409
tur,sex_t,geo_cov_nat,mts_aggregate_total,2005,25904.578
tur,sex_t,geo_cov_nat,mts_aggregate_total,2006,26423.041
tur,sex_t,geo_cov_nat,mts_aggregate_total,2007,26879.538
tur,sex_t,geo_cov_nat,mts_aggregate_total,2008,26966.762
tur,sex_t,geo_cov_nat,mts_aggregate_total,2009,26937.516
tur,sex_t,geo_cov_nat,mts_aggregate_total,2010,26900.809
tur,sex_t,geo_cov_nat,mts_aggregate_total,2011,26867.185
tur,sex_t,geo_cov_nat,mts_aggregate_total,2012,27385.152
tur,sex_t,geo_cov_nat,mts_aggregate_total,2013,27337.213
tur,sex_t,geo_cov_nat,mts_aggregate_x,2005,2655.54
tur,sex_t,geo_cov_nat,mts_aggregate_x,2006,2699.521
tur,sex_t,geo_cov_nat,mts_details_mrd,2000,14610.313
tur,sex_t,geo_cov_nat,mts_details_mrd,2001,15025.687
tur,sex_t,geo_cov_nat,mts_details_mrd,2002,15314.402
tur,sex_t,geo_cov_nat,mts_details_mrd,2003,15885.421
tur,sex_t,geo_cov_nat,mts_details_mrd,2004,16199.048
tur,sex_t,geo_cov_nat,mts_details_mrd,2005,16436.099
tur,sex_t,geo_cov_nat,mts_details_mrd,2006,16816.978
tur,sex_t,geo_cov_nat,mts_details_mrd,2007,17290.239
tur,sex_t,geo_cov_nat,mts_details_mrd,2008,17442.254
tur,sex_t,geo_cov_nat,mts_details_mrd,2009,17203.221
tur,sex_t,geo_cov_nat,mts_details_mrd,2010,16972.054
tur,sex_t,geo_cov_nat,mts_details_mrd,2011,16785.636
tur,sex_t,geo_cov_nat,mts_details_mrd,2012,16819.286
tur,sex_t,geo_cov_nat,mts_details_mrd,2013,16845.431
tur,sex_t,geo_cov_nat,mts_details_sep,2000,191.989
tur,sex_t,geo_cov_nat,mts_details_sep,2001,187.615
tur,sex_t,geo_cov_nat,mts_details_sep,2002,240.11
tur,sex_t,geo_cov_nat,mts_details_sep,2003,275.023
tur,sex_t,geo_cov_nat,mts_details_sep,2004,237.934
tur,sex_t,geo_cov_nat,mts_details_sep,2005,19.775
tur,sex_t,geo_cov_nat,mts_details_sep,2006,17.959
tur,sex_t,geo_cov_nat,mts_details_sep,2007,371.395
tur,sex_t,geo_cov_nat,mts_details_sep,2008,394.535
tur,sex_t,geo_cov_nat,mts_details_sep,2009,420.218
tur,sex_t,geo_cov_nat,mts_details_sep,2010,420.815
tur,sex_t,geo_cov_nat,mts_details_sep,2011,455.317
tur,sex_t,geo_cov_nat,mts_details_sep,2012,509.226
tur,sex_t,geo_cov_nat,mts_details_sep,2013,534.496
tur,sex_t,geo_cov_nat,mts_details_sgle,2000,6445.889
tur,sex_t,geo_cov_nat,mts_details_sgle,2001,6532.957
tur,sex_t,geo_cov_nat,mts_details_sgle,2002,6674.112
tur,sex_t,geo_cov_nat,mts_details_sgle,2003,6998.716
tur,sex_t,geo_cov_nat,mts_details_sgle,2004,6724.154
tur,sex_t,geo_cov_nat,mts_details_sgle,2005,6692.7
tur,sex_t,geo_cov_nat,mts_details_sgle,2006,6783.139
tur,sex_t,geo_cov_nat,mts_details_sgle,2007,6786.362
tur,sex_t,geo_cov_nat,mts_details_sgle,2008,6696.003
tur,sex_t,geo_cov_nat,mts_details_sgle,2009,6763.452
tur,sex_t,geo_cov_nat,mts_details_sgle,2010,6924.695
tur,sex_t,geo_cov_nat,mts_details_sgle,2011,6972.872
tur,sex_t,geo_cov_nat,mts_details_sgle,2012,7322.851
tur,sex_t,geo_cov_nat,mts_details_sgle,2013,7179.342
tur,sex_t,geo_cov_nat,mts_details_total,2000,23133.027
tur,sex_t,geo_cov_nat,mts_details_total,2001,23666.934
tur,sex_t,geo_cov_nat,mts_details_total,2002,24223.28
tur,sex_t,geo_cov_nat,mts_details_total,2003,25271.773
tur,sex_t,geo_cov_nat,mts_details_total,2004,25527.409
tur,sex_t,geo_cov_nat,mts_details_total,2005,25904.578
tur,sex_t,geo_cov_nat,mts_details_total,2006,26423.041
tur,sex_t,geo_cov_nat,mts_details_total,2007,26879.538
tur,sex_t,geo_cov_nat,mts_details_total,2008,26966.762
tur,sex_t,geo_cov_nat,mts_details_total,2009,26937.516
tur,sex_t,geo_cov_nat,mts_details_total,2010,26900.809
tur,sex_t,geo_cov_nat,mts_details_total,2011,26867.185
tur,sex_t,geo_cov_nat,mts_details_total,2012,27385.152
tur,sex_t,geo_cov_nat,mts_details_total,2013,27337.213
tur,sex_t,geo_cov_nat,mts_details_wid,2000,1884.836
tur,sex_t,geo_cov_nat,mts_details_wid,2001,1920.675
tur,sex_t,geo_cov_nat,mts_details_wid,2002,1994.656
tur,sex_t,geo_cov_nat,mts_details_wid,2003,2112.612
tur,sex_t,geo_cov_nat,mts_details_wid,2004,2366.272
tur,sex_t,geo_cov_nat,mts_details_wid,2005,100.465
tur,sex_t,geo_cov_nat,mts_details_wid,2006,105.443
tur,sex_t,geo_cov_nat,mts_details_wid,2007,2431.542
tur,sex_t,geo_cov_nat,mts_details_wid,2008,2433.97
tur,sex_t,geo_cov_nat,mts_details_wid,2009,2550.625
tur,sex_t,geo_cov_nat,mts_details_wid,2010,2583.245
tur,sex_t,geo_cov_nat,mts_details_wid,2011,2653.36
tur,sex_t,geo_cov_nat,mts_details_wid,2012,2733.789
tur,sex_t,geo_cov_nat,mts_details_wid,2013,2777.944
tur,sex_t,geo_cov_nat,mts_details_x,2005,2655.54
tur,sex_t,geo_cov_nat,mts_details_x,2006,2699.521
tur,sex_t,geo_cov_rur,mts_aggregate_1,2000,2918.395
tur,sex_t,geo_cov_rur,mts_aggregate_1,2001,2921.841
tur,sex_t,geo_cov_rur,mts_aggregate_1,2002,3045.275
tur,sex_t,geo_cov_rur,mts_aggregate_1,2003,3214.367
tur,sex_t,geo_cov_rur,mts_aggregate_1,2004,2491.787
tur,sex_t,geo_cov_rur,mts_aggregate_1,2005,1849.403
tur,sex_t,geo_cov_rur,mts_aggregate_1,2006,1855.676
tur,sex_t,geo_cov_rur,mts_aggregate_1,2007,2720.929
tur,sex_t,geo_cov_rur,mts_aggregate_1,2008,2694.698
tur,sex_t,geo_cov_rur,mts_aggregate_1,2009,2827.072
tur,sex_t,geo_cov_rur,mts_aggregate_1,2010,2995.38
tur,sex_t,geo_cov_rur,mts_aggregate_1,2011,3136.71
tur,sex_t,geo_cov_rur,mts_aggregate_1,2012,3384.44
tur,sex_t,geo_cov_rur,mts_aggregate_1,2013,3416.222
tur,sex_t,geo_cov_rur,mts_aggregate_2,2000,4760.725
tur,sex_t,geo_cov_rur,mts_aggregate_2,2001,4784.3
tur,sex_t,geo_cov_rur,mts_aggregate_2,2002,4942.04
tur,sex_t,geo_cov_rur,mts_aggregate_2,2003,5228.926
tur,sex_t,geo_cov_rur,mts_aggregate_2,2004,3834.09
tur,sex_t,geo_cov_rur,mts_aggregate_2,2005,4136.46
tur,sex_t,geo_cov_rur,mts_aggregate_2,2006,4330.594
tur,sex_t,geo_cov_rur,mts_aggregate_2,2007,4518.871
tur,sex_t,geo_cov_rur,mts_aggregate_2,2008,4637.502
tur,sex_t,geo_cov_rur,mts_aggregate_2,2009,4499.11
tur,sex_t,geo_cov_rur,mts_aggregate_2,2010,4433.616
tur,sex_t,geo_cov_rur,mts_aggregate_2,2011,4352.204
tur,sex_t,geo_cov_rur,mts_aggregate_2,2012,4530.295
tur,sex_t,geo_cov_rur,mts_aggregate_2,2013,4699.244
tur,sex_t,geo_cov_rur,mts_aggregate_total,2000,7679.12
tur,sex_t,geo_cov_rur,mts_aggregate_total,2001,7706.141
tur,sex_t,geo_cov_rur,mts_aggregate_total,2002,7987.315
tur,sex_t,geo_cov_rur,mts_aggregate_total,2003,8443.292
tur,sex_t,geo_cov_rur,mts_aggregate_total,2004,6325.877
tur,sex_t,geo_cov_rur,mts_aggregate_total,2005,6812.294
tur,sex_t,geo_cov_rur,mts_aggregate_total,2006,7026.812
tur,sex_t,geo_cov_rur,mts_aggregate_total,2007,7239.8
tur,sex_t,geo_cov_rur,mts_aggregate_total,2008,7332.199
tur,sex_t,geo_cov_rur,mts_aggregate_total,2009,7326.182
tur,sex_t,geo_cov_rur,mts_aggregate_total,2010,7428.996
tur,sex_t,geo_cov_rur,mts_aggregate_total,2011,7488.913
tur,sex_t,geo_cov_rur,mts_aggregate_total,2012,7914.735
tur,sex_t,geo_cov_rur,mts_aggregate_total,2013,8115.466
tur,sex_t,geo_cov_rur,mts_aggregate_x,2005,826.432
tur,sex_t,geo_cov_rur,mts_aggregate_x,2006,840.542
tur,sex_t,geo_cov_rur,mts_details_mrd,2000,4760.725
tur,sex_t,geo_cov_rur,mts_details_mrd,2001,4784.3
tur,sex_t,geo_cov_rur,mts_details_mrd,2002,4942.04
tur,sex_t,geo_cov_rur,mts_details_mrd,2003,5228.926
tur,sex_t,geo_cov_rur,mts_details_mrd,2004,3834.09
tur,sex_t,geo_cov_rur,mts_details_mrd,2005,4136.46
tur,sex_t,geo_cov_rur,mts_details_mrd,2006,4330.594
tur,sex_t,geo_cov_rur,mts_details_mrd,2007,4518.871
tur,sex_t,geo_cov_rur,mts_details_mrd,2008,4637.502
tur,sex_t,geo_cov_rur,mts_details_mrd,2009,4499.11
tur,sex_t,geo_cov_rur,mts_details_mrd,2010,4433.616
tur,sex_t,geo_cov_rur,mts_details_mrd,2011,4352.204
tur,sex_t,geo_cov_rur,mts_details_mrd,2012,4530.295
tur,sex_t,geo_cov_rur,mts_details_mrd,2013,4699.244
tur,sex_t,geo_cov_rur,mts_details_sep,2000,44.695
tur,sex_t,geo_cov_rur,mts_details_sep,2001,46.094
tur,sex_t,geo_cov_rur,mts_details_sep,2002,57.51
tur,sex_t,geo_cov_rur,mts_details_sep,2003,62.656
tur,sex_t,geo_cov_rur,mts_details_sep,2004,36.216
tur,sex_t,geo_cov_rur,mts_details_sep,2005,5.374
tur,sex_t,geo_cov_rur,mts_details_sep,2006,4.736
tur,sex_t,geo_cov_rur,mts_details_sep,2007,63.4
tur,sex_t,geo_cov_rur,mts_details_sep,2008,71.568
tur,sex_t,geo_cov_rur,mts_details_sep,2009,83.661
tur,sex_t,geo_cov_rur,mts_details_sep,2010,87.898
tur,sex_t,geo_cov_rur,mts_details_sep,2011,92.048
tur,sex_t,geo_cov_rur,mts_details_sep,2012,105.617
tur,sex_t,geo_cov_rur,mts_details_sep,2013,107.546
tur,sex_t,geo_cov_rur,mts_details_sgle,2000,2102.508
tur,sex_t,geo_cov_rur,mts_details_sgle,2001,2114.996
tur,sex_t,geo_cov_rur,mts_details_sgle,2002,2186.302
tur,sex_t,geo_cov_rur,mts_details_sgle,2003,2301.96
tur,sex_t,geo_cov_rur,mts_details_sgle,2004,1729.343
tur,sex_t,geo_cov_rur,mts_details_sgle,2005,1816.797
tur,sex_t,geo_cov_rur,mts_details_sgle,2006,1822.753
tur,sex_t,geo_cov_rur,mts_details_sgle,2007,1842.09
tur,sex_t,geo_cov_rur,mts_details_sgle,2008,1785.798
tur,sex_t,geo_cov_rur,mts_details_sgle,2009,1842.888
tur,sex_t,geo_cov_rur,mts_details_sgle,2010,1975.799
tur,sex_t,geo_cov_rur,mts_details_sgle,2011,2052.986
tur,sex_t,geo_cov_rur,mts_details_sgle,2012,2222.789
tur,sex_t,geo_cov_rur,mts_details_sgle,2013,2198.297
tur,sex_t,geo_cov_rur,mts_details_total,2000,7679.12
tur,sex_t,geo_cov_rur,mts_details_total,2001,7706.141
tur,sex_t,geo_cov_rur,mts_details_total,2002,7987.315
tur,sex_t,geo_cov_rur,mts_details_total,2003,8443.292
tur,sex_t,geo_cov_rur,mts_details_total,2004,6325.877
tur,sex_t,geo_cov_rur,mts_details_total,2005,6812.294
tur,sex_t,geo_cov_rur,mts_details_total,2006,7026.812
tur,sex_t,geo_cov_rur,mts_details_total,2007,7239.8
tur,sex_t,geo_cov_rur,mts_details_total,2008,7332.199
tur,sex_t,geo_cov_rur,mts_details_total,2009,7326.182
tur,sex_t,geo_cov_rur,mts_details_total,2010,7428.996
tur,sex_t,geo_cov_rur,mts_details_total,2011,7488.913
tur,sex_t,geo_cov_rur,mts_details_total,2012,7914.735
tur,sex_t,geo_cov_rur,mts_details_total,2013,8115.466
tur,sex_t,geo_cov_rur,mts_details_wid,2000,771.193
tur,sex_t,geo_cov_rur,mts_details_wid,2001,760.752
tur,sex_t,geo_cov_rur,mts_details_wid,2002,801.463
tur,sex_t,geo_cov_rur,mts_details_wid,2003,849.75
tur,sex_t,geo_cov_rur,mts_details_wid,2004,726.228
tur,sex_t,geo_cov_rur,mts_details_wid,2005,27.232
tur,sex_t,geo_cov_rur,mts_details_wid,2006,28.187
tur,sex_t,geo_cov_rur,mts_details_wid,2007,815.44
tur,sex_t,geo_cov_rur,mts_details_wid,2008,837.333
tur,sex_t,geo_cov_rur,mts_details_wid,2009,900.522
tur,sex_t,geo_cov_rur,mts_details_wid,2010,931.684
tur,sex_t,geo_cov_rur,mts_details_wid,2011,991.675
tur,sex_t,geo_cov_rur,mts_details_wid,2012,1056.035
tur,sex_t,geo_cov_rur,mts_details_wid,2013,1110.378
tur,sex_t,geo_cov_rur,mts_details_x,2005,826.432
tur,sex_t,geo_cov_rur,mts_details_x,2006,840.542
tur,sex_t,geo_cov_urb,mts_aggregate_1,2000,5604.319
tur,sex_t,geo_cov_urb,mts_aggregate_1,2001,5719.406
tur,sex_t,geo_cov_urb,mts_aggregate_1,2002,5863.603
tur,sex_t,geo_cov_urb,mts_aggregate_1,2003,6171.985
tur,sex_t,geo_cov_urb,mts_aggregate_1,2004,6836.573
tur,sex_t,geo_cov_urb,mts_aggregate_1,2005,4963.537
tur,sex_t,geo_cov_urb,mts_aggregate_1,2006,5050.866
tur,sex_t,geo_cov_urb,mts_aggregate_1,2007,6868.369
tur,sex_t,geo_cov_urb,mts_aggregate_1,2008,6829.81
tur,sex_t,geo_cov_urb,mts_aggregate_1,2009,6907.224
tur,sex_t,geo_cov_urb,mts_aggregate_1,2010,6933.375
tur,sex_t,geo_cov_urb,mts_aggregate_1,2011,6944.84
tur,sex_t,geo_cov_urb,mts_aggregate_1,2012,7181.426
tur,sex_t,geo_cov_urb,mts_aggregate_1,2013,7075.561
tur,sex_t,geo_cov_urb,mts_aggregate_2,2000,9849.588
tur,sex_t,geo_cov_urb,mts_aggregate_2,2001,10241.387
tur,sex_t,geo_cov_urb,mts_aggregate_2,2002,10372.362
tur,sex_t,geo_cov_urb,mts_aggregate_2,2003,10656.495
tur,sex_t,geo_cov_urb,mts_aggregate_2,2004,12364.959
tur,sex_t,geo_cov_urb,mts_aggregate_2,2005,12299.639
tur,sex_t,geo_cov_urb,mts_aggregate_2,2006,12486.384
tur,sex_t,geo_cov_urb,mts_aggregate_2,2007,12771.368
tur,sex_t,geo_cov_urb,mts_aggregate_2,2008,12804.752
tur,sex_t,geo_cov_urb,mts_aggregate_2,2009,12704.11
tur,sex_t,geo_cov_urb,mts_aggregate_2,2010,12538.438
tur,sex_t,geo_cov_urb,mts_aggregate_2,2011,12433.433
tur,sex_t,geo_cov_urb,mts_aggregate_2,2012,12288.991
tur,sex_t,geo_cov_urb,mts_aggregate_2,2013,12146.187
tur,sex_t,geo_cov_urb,mts_aggregate_total,2000,15453.907
tur,sex_t,geo_cov_urb,mts_aggregate_total,2001,15960.793
tur,sex_t,geo_cov_urb,mts_aggregate_total,2002,16235.965
tur,sex_t,geo_cov_urb,mts_aggregate_total,2003,16828.48
tur,sex_t,geo_cov_urb,mts_aggregate_total,2004,19201.532
tur,sex_t,geo_cov_urb,mts_aggregate_total,2005,19092.284
tur,sex_t,geo_cov_urb,mts_aggregate_total,2006,19396.229
tur,sex_t,geo_cov_urb,mts_aggregate_total,2007,19639.737
tur,sex_t,geo_cov_urb,mts_aggregate_total,2008,19634.563
tur,sex_t,geo_cov_urb,mts_aggregate_total,2009,19611.334
tur,sex_t,geo_cov_urb,mts_aggregate_total,2010,19471.813
tur,sex_t,geo_cov_urb,mts_aggregate_total,2011,19378.272
tur,sex_t,geo_cov_urb,mts_aggregate_total,2012,19470.417
tur,sex_t,geo_cov_urb,mts_aggregate_total,2013,19221.748
tur,sex_t,geo_cov_urb,mts_aggregate_x,2005,1829.108
tur,sex_t,geo_cov_urb,mts_aggregate_x,2006,1858.979
tur,sex_t,geo_cov_urb,mts_details_mrd,2000,9849.588
tur,sex_t,geo_cov_urb,mts_details_mrd,2001,10241.387
tur,sex_t,geo_cov_urb,mts_details_mrd,2002,10372.362
tur,sex_t,geo_cov_urb,mts_details_mrd,2003,10656.495
tur,sex_t,geo_cov_urb,mts_details_mrd,2004,12364.959
tur,sex_t,geo_cov_urb,mts_details_mrd,2005,12299.639
tur,sex_t,geo_cov_urb,mts_details_mrd,2006,12486.384
tur,sex_t,geo_cov_urb,mts_details_mrd,2007,12771.368
tur,sex_t,geo_cov_urb,mts_details_mrd,2008,12804.752
tur,sex_t,geo_cov_urb,mts_details_mrd,2009,12704.11
tur,sex_t,geo_cov_urb,mts_details_mrd,2010,12538.438
tur,sex_t,geo_cov_urb,mts_details_mrd,2011,12433.433
tur,sex_t,geo_cov_urb,mts_details_mrd,2012,12288.991
tur,sex_t,geo_cov_urb,mts_details_mrd,2013,12146.187
tur,sex_t,geo_cov_urb,mts_details_sep,2000,147.295
tur,sex_t,geo_cov_urb,mts_details_sep,2001,141.521
tur,sex_t,geo_cov_urb,mts_details_sep,2002,182.601
tur,sex_t,geo_cov_urb,mts_details_sep,2003,212.367
tur,sex_t,geo_cov_urb,mts_details_sep,2004,201.718
tur,sex_t,geo_cov_urb,mts_details_sep,2005,14.401
tur,sex_t,geo_cov_urb,mts_details_sep,2006,13.223
tur,sex_t,geo_cov_urb,mts_details_sep,2007,307.995
tur,sex_t,geo_cov_urb,mts_details_sep,2008,322.967
tur,sex_t,geo_cov_urb,mts_details_sep,2009,336.557
tur,sex_t,geo_cov_urb,mts_details_sep,2010,332.917
tur,sex_t,geo_cov_urb,mts_details_sep,2011,363.269
tur,sex_t,geo_cov_urb,mts_details_sep,2012,403.61
tur,sex_t,geo_cov_urb,mts_details_sep,2013,426.95
tur,sex_t,geo_cov_urb,mts_details_sgle,2000,4343.381
tur,sex_t,geo_cov_urb,mts_details_sgle,2001,4417.962
tur,sex_t,geo_cov_urb,mts_details_sgle,2002,4487.81
tur,sex_t,geo_cov_urb,mts_details_sgle,2003,4696.756
tur,sex_t,geo_cov_urb,mts_details_sgle,2004,4994.811
tur,sex_t,geo_cov_urb,mts_details_sgle,2005,4875.903
tur,sex_t,geo_cov_urb,mts_details_sgle,2006,4960.386
tur,sex_t,geo_cov_urb,mts_details_sgle,2007,4944.272
tur,sex_t,geo_cov_urb,mts_details_sgle,2008,4910.206
tur,sex_t,geo_cov_urb,mts_details_sgle,2009,4920.564
tur,sex_t,geo_cov_urb,mts_details_sgle,2010,4948.896
tur,sex_t,geo_cov_urb,mts_details_sgle,2011,4919.886
tur,sex_t,geo_cov_urb,mts_details_sgle,2012,5100.063
tur,sex_t,geo_cov_urb,mts_details_sgle,2013,4981.045
tur,sex_t,geo_cov_urb,mts_details_total,2000,15453.907
tur,sex_t,geo_cov_urb,mts_details_total,2001,15960.793
tur,sex_t,geo_cov_urb,mts_details_total,2002,16235.965
tur,sex_t,geo_cov_urb,mts_details_total,2003,16828.48
tur,sex_t,geo_cov_urb,mts_details_total,2004,19201.532
tur,sex_t,geo_cov_urb,mts_details_total,2005,19092.284
tur,sex_t,geo_cov_urb,mts_details_total,2006,19396.229
tur,sex_t,geo_cov_urb,mts_details_total,2007,19639.737
tur,sex_t,geo_cov_urb,mts_details_total,2008,19634.563
tur,sex_t,geo_cov_urb,mts_details_total,2009,19611.334
tur,sex_t,geo_cov_urb,mts_details_total,2010,19471.813
tur,sex_t,geo_cov_urb,mts_details_total,2011,19378.272
tur,sex_t,geo_cov_urb,mts_details_total,2012,19470.417
tur,sex_t,geo_cov_urb,mts_details_total,2013,19221.748
tur,sex_t,geo_cov_urb,mts_details_wid,2000,1113.643
tur,sex_t,geo_cov_urb,mts_details_wid,2001,1159.923
tur,sex_t,geo_cov_urb,mts_details_wid,2002,1193.193
tur,sex_t,geo_cov_urb,mts_details_wid,2003,1262.862
tur,sex_t,geo_cov_urb,mts_details_wid,2004,1640.045
tur,sex_t,geo_cov_urb,mts_details_wid,2005,73.233
tur,sex_t,geo_cov_urb,mts_details_wid,2006,77.256
tur,sex_t,geo_cov_urb,mts_details_wid,2007,1616.102
tur,sex_t,geo_cov_urb,mts_details_wid,2008,1596.638
tur,sex_t,geo_cov_urb,mts_details_wid,2009,1650.103
tur,sex_t,geo_cov_urb,mts_details_wid,2010,1651.561
tur,sex_t,geo_cov_urb,mts_details_wid,2011,1661.685
tur,sex_t,geo_cov_urb,mts_details_wid,2012,1677.754
tur,sex_t,geo_cov_urb,mts_details_wid,2013,1667.566
tur,sex_t,geo_cov_urb,mts_details_x,2005,1829.108
tur,sex_t,geo_cov_urb,mts_details_x,2006,1858.979
tza,sex_f,geo_cov_nat,mts_aggregate_1,2001,1010.342
tza,sex_f,geo_cov_nat,mts_aggregate_1,2006,1005.479
tza,sex_f,geo_cov_nat,mts_aggregate_1,2012,1493.489
tza,sex_f,geo_cov_nat,mts_aggregate_1,2014,1552.592
tza,sex_f,geo_cov_nat,mts_aggregate_1,2020,2475.882
tza,sex_f,geo_cov_nat,mts_aggregate_2,2001,416.68
tza,sex_f,geo_cov_nat,mts_aggregate_2,2006,408.291
tza,sex_f,geo_cov_nat,mts_aggregate_2,2012,973.467
tza,sex_f,geo_cov_nat,mts_aggregate_2,2014,1107.906
tza,sex_f,geo_cov_nat,mts_aggregate_2,2020,1512.484
tza,sex_f,geo_cov_nat,mts_aggregate_total,2001,1427.021
tza,sex_f,geo_cov_nat,mts_aggregate_total,2006,1413.77
tza,sex_f,geo_cov_nat,mts_aggregate_total,2012,2472.576
tza,sex_f,geo_cov_nat,mts_aggregate_total,2014,2660.498
tza,sex_f,geo_cov_nat,mts_aggregate_total,2020,3988.366
tza,sex_f,geo_cov_nat,mts_aggregate_x,2012,5.62
tza,sex_f,geo_cov_nat,mts_details_mrd,2001,416.68
tza,sex_f,geo_cov_nat,mts_details_mrd,2006,408.291
tza,sex_f,geo_cov_nat,mts_details_mrd,2012,877.568
tza,sex_f,geo_cov_nat,mts_details_mrd,2014,999.529
tza,sex_f,geo_cov_nat,mts_details_mrd,2020,1363.674
tza,sex_f,geo_cov_nat,mts_details_sep,2001,63.115
tza,sex_f,geo_cov_nat,mts_details_sep,2006,70.072
tza,sex_f,geo_cov_nat,mts_details_sep,2012,91.09
tza,sex_f,geo_cov_nat,mts_details_sep,2014,125.488
tza,sex_f,geo_cov_nat,mts_details_sep,2020,195.396
tza,sex_f,geo_cov_nat,mts_details_sgle,2001,683.768
tza,sex_f,geo_cov_nat,mts_details_sgle,2006,646.862
tza,sex_f,geo_cov_nat,mts_details_sgle,2012,1080.433
tza,sex_f,geo_cov_nat,mts_details_sgle,2014,991.819
tza,sex_f,geo_cov_nat,mts_details_sgle,2020,1681.724
tza,sex_f,geo_cov_nat,mts_details_total,2001,1427.021
tza,sex_f,geo_cov_nat,mts_details_total,2006,1413.77
tza,sex_f,geo_cov_nat,mts_details_total,2012,2472.576
tza,sex_f,geo_cov_nat,mts_details_total,2014,2660.498
tza,sex_f,geo_cov_nat,mts_details_total,2020,3988.366
tza,sex_f,geo_cov_nat,mts_details_union,2012,95.899
tza,sex_f,geo_cov_nat,mts_details_union,2014,108.377
tza,sex_f,geo_cov_nat,mts_details_union,2020,148.81
tza,sex_f,geo_cov_nat,mts_details_wid,2001,263.459
tza,sex_f,geo_cov_nat,mts_details_wid,2006,288.545
tza,sex_f,geo_cov_nat,mts_details_wid,2012,321.966
tza,sex_f,geo_cov_nat,mts_details_wid,2014,435.285
tza,sex_f,geo_cov_nat,mts_details_wid,2020,598.762
tza,sex_f,geo_cov_nat,mts_details_x,2012,5.62
tza,sex_f,geo_cov_rur,mts_aggregate_1,2001,597.04
tza,sex_f,geo_cov_rur,mts_aggregate_1,2006,787.068
tza,sex_f,geo_cov_rur,mts_aggregate_1,2012,543.456
tza,sex_f,geo_cov_rur,mts_aggregate_1,2014,717.568
tza,sex_f,geo_cov_rur,mts_aggregate_1,2020,1477.34
tza,sex_f,geo_cov_rur,mts_aggregate_2,2001,211.509
tza,sex_f,geo_cov_rur,mts_aggregate_2,2006,291.096
tza,sex_f,geo_cov_rur,mts_aggregate_2,2012,215.999
tza,sex_f,geo_cov_rur,mts_aggregate_2,2014,445.886
tza,sex_f,geo_cov_rur,mts_aggregate_2,2020,826.509
tza,sex_f,geo_cov_rur,mts_aggregate_total,2001,808.549
tza,sex_f,geo_cov_rur,mts_aggregate_total,2006,1078.164
tza,sex_f,geo_cov_rur,mts_aggregate_total,2012,762.832
tza,sex_f,geo_cov_rur,mts_aggregate_total,2014,1163.454
tza,sex_f,geo_cov_rur,mts_aggregate_total,2020,2303.849
tza,sex_f,geo_cov_rur,mts_details_mrd,2001,211.509
tza,sex_f,geo_cov_rur,mts_details_mrd,2006,291.096
tza,sex_f,geo_cov_rur,mts_details_mrd,2012,200.668
tza,sex_f,geo_cov_rur,mts_details_mrd,2014,398.052
tza,sex_f,geo_cov_rur,mts_details_mrd,2020,747.773
tza,sex_f,geo_cov_rur,mts_details_sep,2001,44.489
tza,sex_f,geo_cov_rur,mts_details_sep,2006,56.788
tza,sex_f,geo_cov_rur,mts_details_sep,2012,29.698
tza,sex_f,geo_cov_rur,mts_details_sep,2014,75.968
tza,sex_f,geo_cov_rur,mts_details_sep,2020,133.828
tza,sex_f,geo_cov_rur,mts_details_sgle,2001,369.566
tza,sex_f,geo_cov_rur,mts_details_sgle,2006,478.618
tza,sex_f,geo_cov_rur,mts_details_sgle,2012,336.714
tza,sex_f,geo_cov_rur,mts_details_sgle,2014,353.508
tza,sex_f,geo_cov_rur,mts_details_sgle,2020,920.041
tza,sex_f,geo_cov_rur,mts_details_total,2001,808.549
tza,sex_f,geo_cov_rur,mts_details_total,2006,1078.164
tza,sex_f,geo_cov_rur,mts_details_total,2012,762.832
tza,sex_f,geo_cov_rur,mts_details_total,2014,1163.454
tza,sex_f,geo_cov_rur,mts_details_total,2020,2303.849
tza,sex_f,geo_cov_rur,mts_details_union,2012,15.331
tza,sex_f,geo_cov_rur,mts_details_union,2014,47.834
tza,sex_f,geo_cov_rur,mts_details_union,2020,78.737
tza,sex_f,geo_cov_rur,mts_details_wid,2001,182.985
tza,sex_f,geo_cov_rur,mts_details_wid,2006,251.662
tza,sex_f,geo_cov_rur,mts_details_wid,2012,177.043
tza,sex_f,geo_cov_rur,mts_details_wid,2014,288.093
tza,sex_f,geo_cov_rur,mts_details_wid,2020,423.471
tza,sex_f,geo_cov_urb,mts_aggregate_1,2001,413.302
tza,sex_f,geo_cov_urb,mts_aggregate_1,2006,218.411
tza,sex_f,geo_cov_urb,mts_aggregate_1,2012,950.033
tza,sex_f,geo_cov_urb,mts_aggregate_1,2014,835.024
tza,sex_f,geo_cov_urb,mts_aggregate_1,2020,998.542
tza,sex_f,geo_cov_urb,mts_aggregate_2,2001,205.171
tza,sex_f,geo_cov_urb,mts_aggregate_2,2006,117.195
tza,sex_f,geo_cov_urb,mts_aggregate_2,2012,757.468
tza,sex_f,geo_cov_urb,mts_aggregate_2,2014,662.02
tza,sex_f,geo_cov_urb,mts_aggregate_2,2020,685.975
tza,sex_f,geo_cov_urb,mts_aggregate_total,2001,618.472
tza,sex_f,geo_cov_urb,mts_aggregate_total,2006,335.607
tza,sex_f,geo_cov_urb,mts_aggregate_total,2012,1709.744
tza,sex_f,geo_cov_urb,mts_aggregate_total,2014,1497.043
tza,sex_f,geo_cov_urb,mts_aggregate_total,2020,1684.517
tza,sex_f,geo_cov_urb,mts_aggregate_x,2012,2.243
tza,sex_f,geo_cov_urb,mts_details_mrd,2001,205.171
tza,sex_f,geo_cov_urb,mts_details_mrd,2006,117.195
tza,sex_f,geo_cov_urb,mts_details_mrd,2012,676.901
tza,sex_f,geo_cov_urb,mts_details_mrd,2014,601.477
tza,sex_f,geo_cov_urb,mts_details_mrd,2020,615.902
tza,sex_f,geo_cov_urb,mts_details_sep,2001,18.626
tza,sex_f,geo_cov_urb,mts_details_sep,2006,13.284
tza,sex_f,geo_cov_urb,mts_details_sep,2012,61.392
tza,sex_f,geo_cov_urb,mts_details_sep,2014,49.52
tza,sex_f,geo_cov_urb,mts_details_sep,2020,61.568
tza,sex_f,geo_cov_urb,mts_details_sgle,2001,314.201
tza,sex_f,geo_cov_urb,mts_details_sgle,2006,168.244
tza,sex_f,geo_cov_urb,mts_details_sgle,2012,743.718
tza,sex_f,geo_cov_urb,mts_details_sgle,2014,638.311
tza,sex_f,geo_cov_urb,mts_details_sgle,2020,761.683
tza,sex_f,geo_cov_urb,mts_details_total,2001,618.472
tza,sex_f,geo_cov_urb,mts_details_total,2006,335.607
tza,sex_f,geo_cov_urb,mts_details_total,2012,1709.744
tza,sex_f,geo_cov_urb,mts_details_total,2014,1497.043
tza,sex_f,geo_cov_urb,mts_details_total,2020,1684.517
tza,sex_f,geo_cov_urb,mts_details_union,2012,80.568
tza,sex_f,geo_cov_urb,mts_details_union,2014,60.543
tza,sex_f,geo_cov_urb,mts_details_union,2020,70.073
tza,sex_f,geo_cov_urb,mts_details_wid,2001,80.474
tza,sex_f,geo_cov_urb,mts_details_wid,2006,36.884
tza,sex_f,geo_cov_urb,mts_details_wid,2012,144.923
tza,sex_f,geo_cov_urb,mts_details_wid,2014,147.192
tza,sex_f,geo_cov_urb,mts_details_wid,2020,175.291
tza,sex_f,geo_cov_urb,mts_details_x,2012,2.243
tza,sex_m,geo_cov_nat,mts_aggregate_1,2001,753.029
tza,sex_m,geo_cov_nat,mts_aggregate_1,2006,761.33
tza,sex_m,geo_cov_nat,mts_aggregate_1,2012,1232.98
tza,sex_m,geo_cov_nat,mts_aggregate_1,2014,1224.354
tza,sex_m,geo_cov_nat,mts_aggregate_1,2020,1784.726
tza,sex_m,geo_cov_nat,mts_aggregate_2,2001,199.125
tza,sex_m,geo_cov_nat,mts_aggregate_2,2006,272.043
tza,sex_m,geo_cov_nat,mts_aggregate_2,2012,272.794
tza,sex_m,geo_cov_nat,mts_aggregate_2,2014,243.422
tza,sex_m,geo_cov_nat,mts_aggregate_2,2020,503.509
tza,sex_m,geo_cov_nat,mts_aggregate_total,2001,952.154
tza,sex_m,geo_cov_nat,mts_aggregate_total,2006,1033.373
tza,sex_m,geo_cov_nat,mts_aggregate_total,2012,1508.189
tza,sex_m,geo_cov_nat,mts_aggregate_total,2014,1467.776
tza,sex_m,geo_cov_nat,mts_aggregate_total,2020,2288.235
tza,sex_m,geo_cov_nat,mts_details_mrd,2001,199.125
tza,sex_m,geo_cov_nat,mts_details_mrd,2006,272.043
tza,sex_m,geo_cov_nat,mts_details_mrd,2012,254.679
tza,sex_m,geo_cov_nat,mts_details_mrd,2014,236.153
tza,sex_m,geo_cov_nat,mts_details_mrd,2020,465.032
tza,sex_m,geo_cov_nat,mts_details_sep,2001,20.982
tza,sex_m,geo_cov_nat,mts_details_sep,2006,29.543
tza,sex_m,geo_cov_nat,mts_details_sep,2012,38.495
tza,sex_m,geo_cov_nat,mts_details_sep,2014,63.989
tza,sex_m,geo_cov_nat,mts_details_sep,2020,51.78
tza,sex_m,geo_cov_nat,mts_details_sgle,2001,698.313
tza,sex_m,geo_cov_nat,mts_details_sgle,2006,681.665
tza,sex_m,geo_cov_nat,mts_details_sgle,2012,1126.391
tza,sex_m,geo_cov_nat,mts_details_sgle,2014,1092.227
tza,sex_m,geo_cov_nat,mts_details_sgle,2020,1638.388
tza,sex_m,geo_cov_nat,mts_details_total,2001,952.154
tza,sex_m,geo_cov_nat,mts_details_total,2006,1033.373
tza,sex_m,geo_cov_nat,mts_details_total,2012,1508.189
tza,sex_m,geo_cov_nat,mts_details_total,2014,1467.776
tza,sex_m,geo_cov_nat,mts_details_total,2020,2288.235
tza,sex_m,geo_cov_nat,mts_details_union,2012,18.115
tza,sex_m,geo_cov_nat,mts_details_union,2014,7.269
tza,sex_m,geo_cov_nat,mts_details_union,2020,38.476
tza,sex_m,geo_cov_nat,mts_details_wid,2001,33.734
tza,sex_m,geo_cov_nat,mts_details_wid,2006,50.123
tza,sex_m,geo_cov_nat,mts_details_wid,2012,68.095
tza,sex_m,geo_cov_nat,mts_details_wid,2014,68.138
tza,sex_m,geo_cov_nat,mts_details_wid,2020,94.558
tza,sex_m,geo_cov_rur,mts_aggregate_1,2001,435.899
tza,sex_m,geo_cov_rur,mts_aggregate_1,2006,575.362
tza,sex_m,geo_cov_rur,mts_aggregate_1,2012,469.139
tza,sex_m,geo_cov_rur,mts_aggregate_1,2014,558.652
tza,sex_m,geo_cov_rur,mts_aggregate_1,2020,1026.386
tza,sex_m,geo_cov_rur,mts_aggregate_2,2001,152.729
tza,sex_m,geo_cov_rur,mts_aggregate_2,2006,239.201
tza,sex_m,geo_cov_rur,mts_aggregate_2,2012,147.3
tza,sex_m,geo_cov_rur,mts_aggregate_2,2014,133.996
tza,sex_m,geo_cov_rur,mts_aggregate_2,2020,345.513
tza,sex_m,geo_cov_rur,mts_aggregate_total,2001,588.628
tza,sex_m,geo_cov_rur,mts_aggregate_total,2006,814.563
tza,sex_m,geo_cov_rur,mts_aggregate_total,2012,618.175
tza,sex_m,geo_cov_rur,mts_aggregate_total,2014,692.647
tza,sex_m,geo_cov_rur,mts_aggregate_total,2020,1371.899
tza,sex_m,geo_cov_rur,mts_details_mrd,2001,152.729
tza,sex_m,geo_cov_rur,mts_details_mrd,2006,239.201
tza,sex_m,geo_cov_rur,mts_details_mrd,2012,141.156
tza,sex_m,geo_cov_rur,mts_details_mrd,2014,129.483
tza,sex_m,geo_cov_rur,mts_details_mrd,2020,315.711
tza,sex_m,geo_cov_rur,mts_details_sep,2001,16.813
tza,sex_m,geo_cov_rur,mts_details_sep,2006,24.254
tza,sex_m,geo_cov_rur,mts_details_sep,2012,17.68
tza,sex_m,geo_cov_rur,mts_details_sep,2014,47.258
tza,sex_m,geo_cov_rur,mts_details_sep,2020,36.338
tza,sex_m,geo_cov_rur,mts_details_sgle,2001,399.019
tza,sex_m,geo_cov_rur,mts_details_sgle,2006,507.389
tza,sex_m,geo_cov_rur,mts_details_sgle,2012,406.197
tza,sex_m,geo_cov_rur,mts_details_sgle,2014,463.161
tza,sex_m,geo_cov_rur,mts_details_sgle,2020,924.146
tza,sex_m,geo_cov_rur,mts_details_total,2001,588.628
tza,sex_m,geo_cov_rur,mts_details_total,2006,814.563
tza,sex_m,geo_cov_rur,mts_details_total,2012,618.175
tza,sex_m,geo_cov_rur,mts_details_total,2014,692.647
tza,sex_m,geo_cov_rur,mts_details_total,2020,1371.899
tza,sex_m,geo_cov_rur,mts_details_union,2012,6.145
tza,sex_m,geo_cov_rur,mts_details_union,2014,4.512
tza,sex_m,geo_cov_rur,mts_details_union,2020,29.802
tza,sex_m,geo_cov_rur,mts_details_wid,2001,20.067
tza,sex_m,geo_cov_rur,mts_details_wid,2006,43.719
tza,sex_m,geo_cov_rur,mts_details_wid,2012,45.262
tza,sex_m,geo_cov_rur,mts_details_wid,2014,48.233
tza,sex_m,geo_cov_rur,mts_details_wid,2020,65.902
tza,sex_m,geo_cov_urb,mts_aggregate_1,2001,317.13
tza,sex_m,geo_cov_urb,mts_aggregate_1,2006,185.968
tza,sex_m,geo_cov_urb,mts_aggregate_1,2012,763.841
tza,sex_m,geo_cov_urb,mts_aggregate_1,2014,665.702
tza,sex_m,geo_cov_urb,mts_aggregate_1,2020,758.34
tza,sex_m,geo_cov_urb,mts_aggregate_2,2001,46.396
tza,sex_m,geo_cov_urb,mts_aggregate_2,2006,32.842
tza,sex_m,geo_cov_urb,mts_aggregate_2,2012,125.494
tza,sex_m,geo_cov_urb,mts_aggregate_2,2014,109.426
tza,sex_m,geo_cov_urb,mts_aggregate_2,2020,157.996
tza,sex_m,geo_cov_urb,mts_aggregate_total,2001,363.526
tza,sex_m,geo_cov_urb,mts_aggregate_total,2006,218.81
tza,sex_m,geo_cov_urb,mts_aggregate_total,2012,890.015
tza,sex_m,geo_cov_urb,mts_aggregate_total,2014,775.129
tza,sex_m,geo_cov_urb,mts_aggregate_total,2020,916.336
tza,sex_m,geo_cov_urb,mts_details_mrd,2001,46.396
tza,sex_m,geo_cov_urb,mts_details_mrd,2006,32.842
tza,sex_m,geo_cov_urb,mts_details_mrd,2012,113.524
tza,sex_m,geo_cov_urb,mts_details_mrd,2014,106.67
tza,sex_m,geo_cov_urb,mts_details_mrd,2020,149.322
tza,sex_m,geo_cov_urb,mts_details_sep,2001,4.169
tza,sex_m,geo_cov_urb,mts_details_sep,2006,5.289
tza,sex_m,geo_cov_urb,mts_details_sep,2012,20.815
tza,sex_m,geo_cov_urb,mts_details_sep,2014,16.731
tza,sex_m,geo_cov_urb,mts_details_sep,2020,15.442
tza,sex_m,geo_cov_urb,mts_details_sgle,2001,299.294
tza,sex_m,geo_cov_urb,mts_details_sgle,2006,174.275
tza,sex_m,geo_cov_urb,mts_details_sgle,2012,720.194
tza,sex_m,geo_cov_urb,mts_details_sgle,2014,629.067
tza,sex_m,geo_cov_urb,mts_details_sgle,2020,714.242
tza,sex_m,geo_cov_urb,mts_details_total,2001,363.526
tza,sex_m,geo_cov_urb,mts_details_total,2006,218.81
tza,sex_m,geo_cov_urb,mts_details_total,2012,890.015
tza,sex_m,geo_cov_urb,mts_details_total,2014,775.129
tza,sex_m,geo_cov_urb,mts_details_total,2020,916.336
tza,sex_m,geo_cov_urb,mts_details_union,2012,11.97
tza,sex_m,geo_cov_urb,mts_details_union,2014,2.756
tza,sex_m,geo_cov_urb,mts_details_union,2020,8.674
tza,sex_m,geo_cov_urb,mts_details_wid,2001,13.667
tza,sex_m,geo_cov_urb,mts_details_wid,2006,6.404
tza,sex_m,geo_cov_urb,mts_details_wid,2012,22.833
tza,sex_m,geo_cov_urb,mts_details_wid,2014,19.905
tza,sex_m,geo_cov_urb,mts_details_wid,2020,28.656
tza,sex_t,geo_cov_nat,mts_aggregate_1,2001,1763.37
tza,sex_t,geo_cov_nat,mts_aggregate_1,2006,1766.809
tza,sex_t,geo_cov_nat,mts_aggregate_1,2012,2726.469
tza,sex_t,geo_cov_nat,mts_aggregate_1,2014,2776.946
tza,sex_t,geo_cov_nat,mts_aggregate_1,2020,4260.608
tza,sex_t,geo_cov_nat,mts_aggregate_2,2001,615.805
tza,sex_t,geo_cov_nat,mts_aggregate_2,2006,680.334
tza,sex_t,geo_cov_nat,mts_aggregate_2,2012,1246.261
tza,sex_t,geo_cov_nat,mts_aggregate_2,2014,1351.327
tza,sex_t,geo_cov_nat,mts_aggregate_2,2020,2015.993
tza,sex_t,geo_cov_nat,mts_aggregate_total,2001,2379.175
tza,sex_t,geo_cov_nat,mts_aggregate_total,2006,2447.143
tza,sex_t,geo_cov_nat,mts_aggregate_total,2012,3980.766
tza,sex_t,geo_cov_nat,mts_aggregate_total,2014,4128.273
tza,sex_t,geo_cov_nat,mts_aggregate_total,2020,6276.601
tza,sex_t,geo_cov_nat,mts_aggregate_x,2012,8.036
tza,sex_t,geo_cov_nat,mts_details_mrd,2001,615.805
tza,sex_t,geo_cov_nat,mts_details_mrd,2006,680.334
tza,sex_t,geo_cov_nat,mts_details_mrd,2012,1132.247
tza,sex_t,geo_cov_nat,mts_details_mrd,2014,1235.682
tza,sex_t,geo_cov_nat,mts_details_mrd,2020,1828.707
tza,sex_t,geo_cov_nat,mts_details_sep,2001,84.097
tza,sex_t,geo_cov_nat,mts_details_sep,2006,99.615
tza,sex_t,geo_cov_nat,mts_details_sep,2012,129.585
tza,sex_t,geo_cov_nat,mts_details_sep,2014,189.478
tza,sex_t,geo_cov_nat,mts_details_sep,2020,247.176
tza,sex_t,geo_cov_nat,mts_details_sgle,2001,1382.08
tza,sex_t,geo_cov_nat,mts_details_sgle,2006,1328.527
tza,sex_t,geo_cov_nat,mts_details_sgle,2012,2206.823
tza,sex_t,geo_cov_nat,mts_details_sgle,2014,2084.046
tza,sex_t,geo_cov_nat,mts_details_sgle,2020,3320.113
tza,sex_t,geo_cov_nat,mts_details_total,2001,2379.175
tza,sex_t,geo_cov_nat,mts_details_total,2006,2447.143
tza,sex_t,geo_cov_nat,mts_details_total,2012,3980.766
tza,sex_t,geo_cov_nat,mts_details_total,2014,4128.273
tza,sex_t,geo_cov_nat,mts_details_total,2020,6276.601
tza,sex_t,geo_cov_nat,mts_details_union,2012,114.013
tza,sex_t,geo_cov_nat,mts_details_union,2014,115.646
tza,sex_t,geo_cov_nat,mts_details_union,2020,187.286
tza,sex_t,geo_cov_nat,mts_details_wid,2001,297.193
tza,sex_t,geo_cov_nat,mts_details_wid,2006,338.668
tza,sex_t,geo_cov_nat,mts_details_wid,2012,390.061
tza,sex_t,geo_cov_nat,mts_details_wid,2014,503.422
tza,sex_t,geo_cov_nat,mts_details_wid,2020,693.319
tza,sex_t,geo_cov_nat,mts_details_x,2012,8.036
tza,sex_t,geo_cov_rur,mts_aggregate_1,2001,1032.939
tza,sex_t,geo_cov_rur,mts_aggregate_1,2006,1362.43
tza,sex_t,geo_cov_rur,mts_aggregate_1,2012,1012.595
tza,sex_t,geo_cov_rur,mts_aggregate_1,2014,1276.22
tza,sex_t,geo_cov_rur,mts_aggregate_1,2020,2503.726
tza,sex_t,geo_cov_rur,mts_aggregate_2,2001,364.239
tza,sex_t,geo_cov_rur,mts_aggregate_2,2006,530.297
tza,sex_t,geo_cov_rur,mts_aggregate_2,2012,363.299
tza,sex_t,geo_cov_rur,mts_aggregate_2,2014,579.881
tza,sex_t,geo_cov_rur,mts_aggregate_2,2020,1172.022
tza,sex_t,geo_cov_rur,mts_aggregate_total,2001,1397.177
tza,sex_t,geo_cov_rur,mts_aggregate_total,2006,1892.726
tza,sex_t,geo_cov_rur,mts_aggregate_total,2012,1381.007
tza,sex_t,geo_cov_rur,mts_aggregate_total,2014,1856.101
tza,sex_t,geo_cov_rur,mts_aggregate_total,2020,3675.748
tza,sex_t,geo_cov_rur,mts_details_mrd,2001,364.239
tza,sex_t,geo_cov_rur,mts_details_mrd,2006,530.297
tza,sex_t,geo_cov_rur,mts_details_mrd,2012,341.823
tza,sex_t,geo_cov_rur,mts_details_mrd,2014,527.535
tza,sex_t,geo_cov_rur,mts_details_mrd,2020,1063.483
tza,sex_t,geo_cov_rur,mts_details_sep,2001,61.302
tza,sex_t,geo_cov_rur,mts_details_sep,2006,81.042
tza,sex_t,geo_cov_rur,mts_details_sep,2012,47.378
tza,sex_t,geo_cov_rur,mts_details_sep,2014,123.226
tza,sex_t,geo_cov_rur,mts_details_sep,2020,170.166
tza,sex_t,geo_cov_rur,mts_details_sgle,2001,768.585
tza,sex_t,geo_cov_rur,mts_details_sgle,2006,986.008
tza,sex_t,geo_cov_rur,mts_details_sgle,2012,742.911
tza,sex_t,geo_cov_rur,mts_details_sgle,2014,816.668
tza,sex_t,geo_cov_rur,mts_details_sgle,2020,1844.188
tza,sex_t,geo_cov_rur,mts_details_total,2001,1397.177
tza,sex_t,geo_cov_rur,mts_details_total,2006,1892.726
tza,sex_t,geo_cov_rur,mts_details_total,2012,1381.007
tza,sex_t,geo_cov_rur,mts_details_total,2014,1856.101
tza,sex_t,geo_cov_rur,mts_details_total,2020,3675.748
tza,sex_t,geo_cov_rur,mts_details_union,2012,21.476
tza,sex_t,geo_cov_rur,mts_details_union,2014,52.347
tza,sex_t,geo_cov_rur,mts_details_union,2020,108.539
tza,sex_t,geo_cov_rur,mts_details_wid,2001,203.052
tza,sex_t,geo_cov_rur,mts_details_wid,2006,295.381
tza,sex_t,geo_cov_rur,mts_details_wid,2012,222.305
tza,sex_t,geo_cov_rur,mts_details_wid,2014,336.326
tza,sex_t,geo_cov_rur,mts_details_wid,2020,489.373
tza,sex_t,geo_cov_urb,mts_aggregate_1,2001,730.432
tza,sex_t,geo_cov_urb,mts_aggregate_1,2006,404.38
tza,sex_t,geo_cov_urb,mts_aggregate_1,2012,1713.874
tza,sex_t,geo_cov_urb,mts_aggregate_1,2014,1500.726
tza,sex_t,geo_cov_urb,mts_aggregate_1,2020,1756.882
tza,sex_t,geo_cov_urb,mts_aggregate_2,2001,251.567
tza,sex_t,geo_cov_urb,mts_aggregate_2,2006,150.037
tza,sex_t,geo_cov_urb,mts_aggregate_2,2012,882.962
tza,sex_t,geo_cov_urb,mts_aggregate_2,2014,771.446
tza,sex_t,geo_cov_urb,mts_aggregate_2,2020,843.971
tza,sex_t,geo_cov_urb,mts_aggregate_total,2001,981.998
tza,sex_t,geo_cov_urb,mts_aggregate_total,2006,554.417
tza,sex_t,geo_cov_urb,mts_aggregate_total,2012,2599.759
tza,sex_t,geo_cov_urb,mts_aggregate_total,2014,2272.172
tza,sex_t,geo_cov_urb,mts_aggregate_total,2020,2600.853
tza,sex_t,geo_cov_urb,mts_aggregate_x,2012,2.923
tza,sex_t,geo_cov_urb,mts_details_mrd,2001,251.567
tza,sex_t,geo_cov_urb,mts_details_mrd,2006,150.037
tza,sex_t,geo_cov_urb,mts_details_mrd,2012,790.424
tza,sex_t,geo_cov_urb,mts_details_mrd,2014,708.147
tza,sex_t,geo_cov_urb,mts_details_mrd,2020,765.223
tza,sex_t,geo_cov_urb,mts_details_sep,2001,22.795
tza,sex_t,geo_cov_urb,mts_details_sep,2006,18.573
tza,sex_t,geo_cov_urb,mts_details_sep,2012,82.207
tza,sex_t,geo_cov_urb,mts_details_sep,2014,66.251
tza,sex_t,geo_cov_urb,mts_details_sep,2020,77.011
tza,sex_t,geo_cov_urb,mts_details_sgle,2001,613.495
tza,sex_t,geo_cov_urb,mts_details_sgle,2006,342.519
tza,sex_t,geo_cov_urb,mts_details_sgle,2012,1463.912
tza,sex_t,geo_cov_urb,mts_details_sgle,2014,1267.378
tza,sex_t,geo_cov_urb,mts_details_sgle,2020,1475.925
tza,sex_t,geo_cov_urb,mts_details_total,2001,981.998
tza,sex_t,geo_cov_urb,mts_details_total,2006,554.417
tza,sex_t,geo_cov_urb,mts_details_total,2012,2599.759
tza,sex_t,geo_cov_urb,mts_details_total,2014,2272.172
tza,sex_t,geo_cov_urb,mts_details_total,2020,2600.853
tza,sex_t,geo_cov_urb,mts_details_union,2012,92.537
tza,sex_t,geo_cov_urb,mts_details_union,2014,63.299
tza,sex_t,geo_cov_urb,mts_details_union,2020,78.748
tza,sex_t,geo_cov_urb,mts_details_wid,2001,94.141
tza,sex_t,geo_cov_urb,mts_details_wid,2006,43.288
tza,sex_t,geo_cov_urb,mts_details_wid,2012,167.755
tza,sex_t,geo_cov_urb,mts_details_wid,2014,167.097
tza,sex_t,geo_cov_urb,mts_details_wid,2020,203.947
tza,sex_t,geo_cov_urb,mts_details_x,2012,2.923
uga,sex_f,geo_cov_nat,mts_aggregate_1,2012,1685.041
uga,sex_f,geo_cov_nat,mts_aggregate_1,2017,1969.172
uga,sex_f,geo_cov_nat,mts_aggregate_2,2012,1023.885
uga,sex_f,geo_cov_nat,mts_aggregate_2,2017,1327.948
uga,sex_f,geo_cov_nat,mts_aggregate_total,2012,2747.063
uga,sex_f,geo_cov_nat,mts_aggregate_total,2017,3457.228
uga,sex_f,geo_cov_nat,mts_aggregate_x,2012,38.136
uga,sex_f,geo_cov_nat,mts_aggregate_x,2017,160.107
uga,sex_f,geo_cov_nat,mts_details_mrd,2017,1327.948
uga,sex_f,geo_cov_nat,mts_details_sep,2017,203.165
uga,sex_f,geo_cov_nat,mts_details_sgle,2017,1369.474
uga,sex_f,geo_cov_nat,mts_details_total,2017,3457.228
uga,sex_f,geo_cov_nat,mts_details_wid,2017,396.533
uga,sex_f,geo_cov_nat,mts_details_x,2017,160.107
uga,sex_f,geo_cov_rur,mts_aggregate_1,2012,1348.616
uga,sex_f,geo_cov_rur,mts_aggregate_1,2017,1356.743
uga,sex_f,geo_cov_rur,mts_aggregate_2,2012,824.649
uga,sex_f,geo_cov_rur,mts_aggregate_2,2017,944.664
uga,sex_f,geo_cov_rur,mts_aggregate_total,2012,2204.799
uga,sex_f,geo_cov_rur,mts_aggregate_total,2017,2431.053
uga,sex_f,geo_cov_rur,mts_aggregate_x,2012,31.535
uga,sex_f,geo_cov_rur,mts_aggregate_x,2017,129.645
uga,sex_f,geo_cov_rur,mts_details_mrd,2017,944.664
uga,sex_f,geo_cov_rur,mts_details_sep,2017,152.006
uga,sex_f,geo_cov_rur,mts_details_sgle,2017,856.902
uga,sex_f,geo_cov_rur,mts_details_total,2017,2431.053
uga,sex_f,geo_cov_rur,mts_details_wid,2017,347.836
uga,sex_f,geo_cov_rur,mts_details_x,2017,129.645
uga,sex_f,geo_cov_urb,mts_aggregate_1,2012,336.426
uga,sex_f,geo_cov_urb,mts_aggregate_1,2017,612.429
uga,sex_f,geo_cov_urb,mts_aggregate_2,2012,199.237
uga,sex_f,geo_cov_urb,mts_aggregate_2,2017,383.284
uga,sex_f,geo_cov_urb,mts_aggregate_total,2012,542.263
uga,sex_f,geo_cov_urb,mts_aggregate_total,2017,1026.175
uga,sex_f,geo_cov_urb,mts_aggregate_x,2012,6.601
uga,sex_f,geo_cov_urb,mts_aggregate_x,2017,30.462
uga,sex_f,geo_cov_urb,mts_details_mrd,2017,383.284
uga,sex_f,geo_cov_urb,mts_details_sep,2017,51.16
uga,sex_f,geo_cov_urb,mts_details_sgle,2017,512.572
uga,sex_f,geo_cov_urb,mts_details_total,2017,1026.175
uga,sex_f,geo_cov_urb,mts_details_wid,2017,48.698
uga,sex_f,geo_cov_urb,mts_details_x,2017,30.462
uga,sex_m,geo_cov_nat,mts_aggregate_1,2012,1458.385
uga,sex_m,geo_cov_nat,mts_aggregate_1,2017,1676.582
uga,sex_m,geo_cov_nat,mts_aggregate_2,2012,444.669
uga,sex_m,geo_cov_nat,mts_aggregate_2,2017,802.313
uga,sex_m,geo_cov_nat,mts_aggregate_total,2012,1931.856
uga,sex_m,geo_cov_nat,mts_aggregate_total,2017,2632.325
uga,sex_m,geo_cov_nat,mts_aggregate_x,2012,28.802
uga,sex_m,geo_cov_nat,mts_aggregate_x,2017,153.43
uga,sex_m,geo_cov_nat,mts_details_mrd,2017,802.313
uga,sex_m,geo_cov_nat,mts_details_sep,2017,53.543
uga,sex_m,geo_cov_nat,mts_details_sgle,2017,1566.791
uga,sex_m,geo_cov_nat,mts_details_total,2017,2632.325
uga,sex_m,geo_cov_nat,mts_details_wid,2017,56.249
uga,sex_m,geo_cov_nat,mts_details_x,2017,153.43
uga,sex_m,geo_cov_rur,mts_aggregate_1,2012,1170.101
uga,sex_m,geo_cov_rur,mts_aggregate_1,2017,1222.019
uga,sex_m,geo_cov_rur,mts_aggregate_2,2012,403.186
uga,sex_m,geo_cov_rur,mts_aggregate_2,2017,651.572
uga,sex_m,geo_cov_rur,mts_aggregate_total,2012,1593.686
uga,sex_m,geo_cov_rur,mts_aggregate_total,2017,1989.594
uga,sex_m,geo_cov_rur,mts_aggregate_x,2012,20.399
uga,sex_m,geo_cov_rur,mts_aggregate_x,2017,116.003
uga,sex_m,geo_cov_rur,mts_details_mrd,2017,651.572
uga,sex_m,geo_cov_rur,mts_details_sep,2017,47.257
uga,sex_m,geo_cov_rur,mts_details_sgle,2017,1131.677
uga,sex_m,geo_cov_rur,mts_details_total,2017,1989.594
uga,sex_m,geo_cov_rur,mts_details_wid,2017,43.085
uga,sex_m,geo_cov_rur,mts_details_x,2017,116.003
uga,sex_m,geo_cov_urb,mts_aggregate_1,2012,288.283
uga,sex_m,geo_cov_urb,mts_aggregate_1,2017,454.564
uga,sex_m,geo_cov_urb,mts_aggregate_2,2012,41.484
uga,sex_m,geo_cov_urb,mts_aggregate_2,2017,150.74
uga,sex_m,geo_cov_urb,mts_aggregate_total,2012,338.17
uga,sex_m,geo_cov_urb,mts_aggregate_total,2017,642.732
uga,sex_m,geo_cov_urb,mts_aggregate_x,2012,8.403
uga,sex_m,geo_cov_urb,mts_aggregate_x,2017,37.428
uga,sex_m,geo_cov_urb,mts_details_mrd,2017,150.74
uga,sex_m,geo_cov_urb,mts_details_sep,2017,6.286
uga,sex_m,geo_cov_urb,mts_details_sgle,2017,435.114
uga,sex_m,geo_cov_urb,mts_details_total,2017,642.732
uga,sex_m,geo_cov_urb,mts_details_wid,2017,13.164
uga,sex_m,geo_cov_urb,mts_details_x,2017,37.428
uga,sex_t,geo_cov_nat,mts_aggregate_1,2012,3143.426
uga,sex_t,geo_cov_nat,mts_aggregate_1,2017,3645.754
uga,sex_t,geo_cov_nat,mts_aggregate_2,2012,1468.555
uga,sex_t,geo_cov_nat,mts_aggregate_2,2017,2130.261
uga,sex_t,geo_cov_nat,mts_aggregate_total,2012,4678.919
uga,sex_t,geo_cov_nat,mts_aggregate_total,2017,6089.553
uga,sex_t,geo_cov_nat,mts_aggregate_x,2012,66.938
uga,sex_t,geo_cov_nat,mts_aggregate_x,2017,313.537
uga,sex_t,geo_cov_nat,mts_details_mrd,2017,2130.261
uga,sex_t,geo_cov_nat,mts_details_sep,2017,256.708
uga,sex_t,geo_cov_nat,mts_details_sgle,2017,2936.264
uga,sex_t,geo_cov_nat,mts_details_total,2017,6089.553
uga,sex_t,geo_cov_nat,mts_details_wid,2017,452.783
uga,sex_t,geo_cov_nat,mts_details_x,2017,313.537
uga,sex_t,geo_cov_rur,mts_aggregate_1,2012,2518.717
uga,sex_t,geo_cov_rur,mts_aggregate_1,2017,2578.762
uga,sex_t,geo_cov_rur,mts_aggregate_2,2012,1227.835
uga,sex_t,geo_cov_rur,mts_aggregate_2,2017,1596.237
uga,sex_t,geo_cov_rur,mts_aggregate_total,2012,3798.486
uga,sex_t,geo_cov_rur,mts_aggregate_total,2017,4420.646
uga,sex_t,geo_cov_rur,mts_aggregate_x,2012,51.934
uga,sex_t,geo_cov_rur,mts_aggregate_x,2017,245.648
uga,sex_t,geo_cov_rur,mts_details_mrd,2017,1596.237
uga,sex_t,geo_cov_rur,mts_details_sep,2017,199.262
uga,sex_t,geo_cov_rur,mts_details_sgle,2017,1988.579
uga,sex_t,geo_cov_rur,mts_details_total,2017,4420.646
uga,sex_t,geo_cov_rur,mts_details_wid,2017,390.921
uga,sex_t,geo_cov_rur,mts_details_x,2017,245.648
uga,sex_t,geo_cov_urb,mts_aggregate_1,2012,624.709
uga,sex_t,geo_cov_urb,mts_aggregate_1,2017,1066.992
uga,sex_t,geo_cov_urb,mts_aggregate_2,2012,240.72
uga,sex_t,geo_cov_urb,mts_aggregate_2,2017,534.025
uga,sex_t,geo_cov_urb,mts_aggregate_total,2012,880.433
uga,sex_t,geo_cov_urb,mts_aggregate_total,2017,1668.907
uga,sex_t,geo_cov_urb,mts_aggregate_x,2012,15.004
uga,sex_t,geo_cov_urb,mts_aggregate_x,2017,67.89
uga,sex_t,geo_cov_urb,mts_details_mrd,2017,534.025
uga,sex_t,geo_cov_urb,mts_details_sep,2017,57.445
uga,sex_t,geo_cov_urb,mts_details_sgle,2017,947.685
uga,sex_t,geo_cov_urb,mts_details_total,2017,1668.907
uga,sex_t,geo_cov_urb,mts_details_wid,2017,61.862
uga,sex_t,geo_cov_urb,mts_details_x,2017,67.89
ukr,sex_f,geo_cov_nat,mts_aggregate_1,2018,3429.797
ukr,sex_f,geo_cov_nat,mts_aggregate_1,2019,5282.536
ukr,sex_f,geo_cov_nat,mts_aggregate_1,2020,5382.775
ukr,sex_f,geo_cov_nat,mts_aggregate_1,2021,5391.725
ukr,sex_f,geo_cov_nat,mts_aggregate_2,2018,3082.547
ukr,sex_f,geo_cov_nat,mts_aggregate_2,2019,3637.005
ukr,sex_f,geo_cov_nat,mts_aggregate_2,2020,3684.839
ukr,sex_f,geo_cov_nat,mts_aggregate_2,2021,3676.336
ukr,sex_f,geo_cov_nat,mts_aggregate_total,2018,6512.345
ukr,sex_f,geo_cov_nat,mts_aggregate_total,2019,8919.542
ukr,sex_f,geo_cov_nat,mts_aggregate_total,2020,9067.613
ukr,sex_f,geo_cov_nat,mts_aggregate_total,2021,9068.061
ukr,sex_f,geo_cov_nat,mts_details_mrd,2018,3082.547
ukr,sex_f,geo_cov_nat,mts_details_mrd,2019,3637.005
ukr,sex_f,geo_cov_nat,mts_details_mrd,2020,3684.839
ukr,sex_f,geo_cov_nat,mts_details_mrd,2021,3676.336
ukr,sex_f,geo_cov_nat,mts_details_sep,2018,750.305
ukr,sex_f,geo_cov_nat,mts_details_sep,2019,806.154
ukr,sex_f,geo_cov_nat,mts_details_sep,2020,840.636
ukr,sex_f,geo_cov_nat,mts_details_sep,2021,862.12
ukr,sex_f,geo_cov_nat,mts_details_sgle,2018,1512.532
ukr,sex_f,geo_cov_nat,mts_details_sgle,2019,1434.042
ukr,sex_f,geo_cov_nat,mts_details_sgle,2020,1528.681
ukr,sex_f,geo_cov_nat,mts_details_sgle,2021,1550.908
ukr,sex_f,geo_cov_nat,mts_details_total,2018,6512.345
ukr,sex_f,geo_cov_nat,mts_details_total,2019,8919.542
ukr,sex_f,geo_cov_nat,mts_details_total,2020,9067.613
ukr,sex_f,geo_cov_nat,mts_details_total,2021,9068.061
ukr,sex_f,geo_cov_nat,mts_details_wid,2018,1166.96
ukr,sex_f,geo_cov_nat,mts_details_wid,2019,3042.341
ukr,sex_f,geo_cov_nat,mts_details_wid,2020,3013.457
ukr,sex_f,geo_cov_nat,mts_details_wid,2021,2978.697
ukr,sex_f,geo_cov_rur,mts_aggregate_1,2018,1076.468
ukr,sex_f,geo_cov_rur,mts_aggregate_1,2019,1854.2
ukr,sex_f,geo_cov_rur,mts_aggregate_1,2020,1866.007
ukr,sex_f,geo_cov_rur,mts_aggregate_1,2021,1829.831
ukr,sex_f,geo_cov_rur,mts_aggregate_2,2018,1068.288
ukr,sex_f,geo_cov_rur,mts_aggregate_2,2019,1265.079
ukr,sex_f,geo_cov_rur,mts_aggregate_2,2020,1248.042
ukr,sex_f,geo_cov_rur,mts_aggregate_2,2021,1249.975
ukr,sex_f,geo_cov_rur,mts_aggregate_total,2018,2144.756
ukr,sex_f,geo_cov_rur,mts_aggregate_total,2019,3119.278
ukr,sex_f,geo_cov_rur,mts_aggregate_total,2020,3114.049
ukr,sex_f,geo_cov_rur,mts_aggregate_total,2021,3079.806
ukr,sex_f,geo_cov_rur,mts_details_mrd,2018,1068.288
ukr,sex_f,geo_cov_rur,mts_details_mrd,2019,1265.079
ukr,sex_f,geo_cov_rur,mts_details_mrd,2020,1248.042
ukr,sex_f,geo_cov_rur,mts_details_mrd,2021,1249.975
ukr,sex_f,geo_cov_rur,mts_details_sep,2018,182.524
ukr,sex_f,geo_cov_rur,mts_details_sep,2019,186.988
ukr,sex_f,geo_cov_rur,mts_details_sep,2020,187.543
ukr,sex_f,geo_cov_rur,mts_details_sep,2021,186.744
ukr,sex_f,geo_cov_rur,mts_details_sgle,2018,498.984
ukr,sex_f,geo_cov_rur,mts_details_sgle,2019,491.223
ukr,sex_f,geo_cov_rur,mts_details_sgle,2020,517.999
ukr,sex_f,geo_cov_rur,mts_details_sgle,2021,512.469
ukr,sex_f,geo_cov_rur,mts_details_total,2018,2144.756
ukr,sex_f,geo_cov_rur,mts_details_total,2019,3119.278
ukr,sex_f,geo_cov_rur,mts_details_total,2020,3114.049
ukr,sex_f,geo_cov_rur,mts_details_total,2021,3079.806
ukr,sex_f,geo_cov_rur,mts_details_wid,2018,394.961
ukr,sex_f,geo_cov_rur,mts_details_wid,2019,1175.989
ukr,sex_f,geo_cov_rur,mts_details_wid,2020,1160.465
ukr,sex_f,geo_cov_rur,mts_details_wid,2021,1130.618
ukr,sex_f,geo_cov_urb,mts_aggregate_1,2018,2353.329
ukr,sex_f,geo_cov_urb,mts_aggregate_1,2019,3428.337
ukr,sex_f,geo_cov_urb,mts_aggregate_1,2020,3516.767
ukr,sex_f,geo_cov_urb,mts_aggregate_1,2021,3561.894
ukr,sex_f,geo_cov_urb,mts_aggregate_2,2018,2014.26
ukr,sex_f,geo_cov_urb,mts_aggregate_2,2019,2371.927
ukr,sex_f,geo_cov_urb,mts_aggregate_2,2020,2436.796
ukr,sex_f,geo_cov_urb,mts_aggregate_2,2021,2426.36
ukr,sex_f,geo_cov_urb,mts_aggregate_total,2018,4367.589
ukr,sex_f,geo_cov_urb,mts_aggregate_total,2019,5800.264
ukr,sex_f,geo_cov_urb,mts_aggregate_total,2020,5953.564
ukr,sex_f,geo_cov_urb,mts_aggregate_total,2021,5988.255
ukr,sex_f,geo_cov_urb,mts_details_mrd,2018,2014.26
ukr,sex_f,geo_cov_urb,mts_details_mrd,2019,2371.927
ukr,sex_f,geo_cov_urb,mts_details_mrd,2020,2436.796
ukr,sex_f,geo_cov_urb,mts_details_mrd,2021,2426.36
ukr,sex_f,geo_cov_urb,mts_details_sep,2018,567.781
ukr,sex_f,geo_cov_urb,mts_details_sep,2019,619.166
ukr,sex_f,geo_cov_urb,mts_details_sep,2020,653.094
ukr,sex_f,geo_cov_urb,mts_details_sep,2021,675.375
ukr,sex_f,geo_cov_urb,mts_details_sgle,2018,1013.549
ukr,sex_f,geo_cov_urb,mts_details_sgle,2019,942.818
ukr,sex_f,geo_cov_urb,mts_details_sgle,2020,1010.682
ukr,sex_f,geo_cov_urb,mts_details_sgle,2021,1038.44
ukr,sex_f,geo_cov_urb,mts_details_total,2018,4367.589
ukr,sex_f,geo_cov_urb,mts_details_total,2019,5800.264
ukr,sex_f,geo_cov_urb,mts_details_total,2020,5953.564
ukr,sex_f,geo_cov_urb,mts_details_total,2021,5988.255
ukr,sex_f,geo_cov_urb,mts_details_wid,2018,771.999
ukr,sex_f,geo_cov_urb,mts_details_wid,2019,1866.352
ukr,sex_f,geo_cov_urb,mts_details_wid,2020,1852.992
ukr,sex_f,geo_cov_urb,mts_details_wid,2021,1848.08
ukr,sex_m,geo_cov_nat,mts_aggregate_1,2018,2250.384
ukr,sex_m,geo_cov_nat,mts_aggregate_1,2019,2570.877
ukr,sex_m,geo_cov_nat,mts_aggregate_1,2020,2693.611
ukr,sex_m,geo_cov_nat,mts_aggregate_1,2021,2784.163
ukr,sex_m,geo_cov_nat,mts_aggregate_2,2018,1962.107
ukr,sex_m,geo_cov_nat,mts_aggregate_2,2019,2591.687
ukr,sex_m,geo_cov_nat,mts_aggregate_2,2020,2645.376
ukr,sex_m,geo_cov_nat,mts_aggregate_2,2021,2597.358
ukr,sex_m,geo_cov_nat,mts_aggregate_total,2018,4212.49
ukr,sex_m,geo_cov_nat,mts_aggregate_total,2019,5162.564
ukr,sex_m,geo_cov_nat,mts_aggregate_total,2020,5338.987
ukr,sex_m,geo_cov_nat,mts_aggregate_total,2021,5381.521
ukr,sex_m,geo_cov_nat,mts_details_mrd,2018,1962.107
ukr,sex_m,geo_cov_nat,mts_details_mrd,2019,2591.687
ukr,sex_m,geo_cov_nat,mts_details_mrd,2020,2645.376
ukr,sex_m,geo_cov_nat,mts_details_mrd,2021,2597.358
ukr,sex_m,geo_cov_nat,mts_details_sep,2018,322.735
ukr,sex_m,geo_cov_nat,mts_details_sep,2019,358.498
ukr,sex_m,geo_cov_nat,mts_details_sep,2020,385.646
ukr,sex_m,geo_cov_nat,mts_details_sep,2021,403.245
ukr,sex_m,geo_cov_nat,mts_details_sgle,2018,1680.715
ukr,sex_m,geo_cov_nat,mts_details_sgle,2019,1587.003
ukr,sex_m,geo_cov_nat,mts_details_sgle,2020,1715.648
ukr,sex_m,geo_cov_nat,mts_details_sgle,2021,1787.297
ukr,sex_m,geo_cov_nat,mts_details_total,2018,4212.49
ukr,sex_m,geo_cov_nat,mts_details_total,2019,5162.564
ukr,sex_m,geo_cov_nat,mts_details_total,2020,5338.987
ukr,sex_m,geo_cov_nat,mts_details_total,2021,5381.521
ukr,sex_m,geo_cov_nat,mts_details_wid,2018,246.934
ukr,sex_m,geo_cov_nat,mts_details_wid,2019,625.377
ukr,sex_m,geo_cov_nat,mts_details_wid,2020,592.317
ukr,sex_m,geo_cov_nat,mts_details_wid,2021,593.621
ukr,sex_m,geo_cov_rur,mts_aggregate_1,2018,830.399
ukr,sex_m,geo_cov_rur,mts_aggregate_1,2019,944.916
ukr,sex_m,geo_cov_rur,mts_aggregate_1,2020,973.804
ukr,sex_m,geo_cov_rur,mts_aggregate_1,2021,996.781
ukr,sex_m,geo_cov_rur,mts_aggregate_2,2018,669.741
ukr,sex_m,geo_cov_rur,mts_aggregate_2,2019,877.588
ukr,sex_m,geo_cov_rur,mts_aggregate_2,2020,909.54
ukr,sex_m,geo_cov_rur,mts_aggregate_2,2021,901.539
ukr,sex_m,geo_cov_rur,mts_aggregate_total,2018,1500.14
ukr,sex_m,geo_cov_rur,mts_aggregate_total,2019,1822.504
ukr,sex_m,geo_cov_rur,mts_aggregate_total,2020,1883.344
ukr,sex_m,geo_cov_rur,mts_aggregate_total,2021,1898.32
ukr,sex_m,geo_cov_rur,mts_details_mrd,2018,669.741
ukr,sex_m,geo_cov_rur,mts_details_mrd,2019,877.588
ukr,sex_m,geo_cov_rur,mts_details_mrd,2020,909.54
ukr,sex_m,geo_cov_rur,mts_details_mrd,2021,901.539
ukr,sex_m,geo_cov_rur,mts_details_sep,2018,109.329
ukr,sex_m,geo_cov_rur,mts_details_sep,2019,113.069
ukr,sex_m,geo_cov_rur,mts_details_sep,2020,118.706
ukr,sex_m,geo_cov_rur,mts_details_sep,2021,119.072
ukr,sex_m,geo_cov_rur,mts_details_sgle,2018,623.283
ukr,sex_m,geo_cov_rur,mts_details_sgle,2019,581.84
ukr,sex_m,geo_cov_rur,mts_details_sgle,2020,623.29
ukr,sex_m,geo_cov_rur,mts_details_sgle,2021,655.279
ukr,sex_m,geo_cov_rur,mts_details_total,2018,1500.14
ukr,sex_m,geo_cov_rur,mts_details_total,2019,1822.504
ukr,sex_m,geo_cov_rur,mts_details_total,2020,1883.344
ukr,sex_m,geo_cov_rur,mts_details_total,2021,1898.32
ukr,sex_m,geo_cov_rur,mts_details_wid,2018,97.787
ukr,sex_m,geo_cov_rur,mts_details_wid,2019,250.007
ukr,sex_m,geo_cov_rur,mts_details_wid,2020,231.809
ukr,sex_m,geo_cov_rur,mts_details_wid,2021,222.429
ukr,sex_m,geo_cov_urb,mts_aggregate_1,2018,1419.985
ukr,sex_m,geo_cov_urb,mts_aggregate_1,2019,1625.961
ukr,sex_m,geo_cov_urb,mts_aggregate_1,2020,1719.807
ukr,sex_m,geo_cov_urb,mts_aggregate_1,2021,1787.382
ukr,sex_m,geo_cov_urb,mts_aggregate_2,2018,1292.366
ukr,sex_m,geo_cov_urb,mts_aggregate_2,2019,1714.099
ukr,sex_m,geo_cov_urb,mts_aggregate_2,2020,1735.837
ukr,sex_m,geo_cov_urb,mts_aggregate_2,2021,1695.819
ukr,sex_m,geo_cov_urb,mts_aggregate_total,2018,2712.35
ukr,sex_m,geo_cov_urb,mts_aggregate_total,2019,3340.06
ukr,sex_m,geo_cov_urb,mts_aggregate_total,2020,3455.644
ukr,sex_m,geo_cov_urb,mts_aggregate_total,2021,3483.201
ukr,sex_m,geo_cov_urb,mts_details_mrd,2018,1292.366
ukr,sex_m,geo_cov_urb,mts_details_mrd,2019,1714.099
ukr,sex_m,geo_cov_urb,mts_details_mrd,2020,1735.837
ukr,sex_m,geo_cov_urb,mts_details_mrd,2021,1695.819
ukr,sex_m,geo_cov_urb,mts_details_sep,2018,213.406
ukr,sex_m,geo_cov_urb,mts_details_sep,2019,245.429
ukr,sex_m,geo_cov_urb,mts_details_sep,2020,266.94
ukr,sex_m,geo_cov_urb,mts_details_sep,2021,284.173
ukr,sex_m,geo_cov_urb,mts_details_sgle,2018,1057.432
ukr,sex_m,geo_cov_urb,mts_details_sgle,2019,1005.162
ukr,sex_m,geo_cov_urb,mts_details_sgle,2020,1092.358
ukr,sex_m,geo_cov_urb,mts_details_sgle,2021,1132.018
ukr,sex_m,geo_cov_urb,mts_details_total,2018,2712.35
ukr,sex_m,geo_cov_urb,mts_details_total,2019,3340.06
ukr,sex_m,geo_cov_urb,mts_details_total,2020,3455.644
ukr,sex_m,geo_cov_urb,mts_details_total,2021,3483.201
ukr,sex_m,geo_cov_urb,mts_details_wid,2018,149.147
ukr,sex_m,geo_cov_urb,mts_details_wid,2019,375.37
ukr,sex_m,geo_cov_urb,mts_details_wid,2020,360.508
ukr,sex_m,geo_cov_urb,mts_details_wid,2021,371.191
ukr,sex_t,geo_cov_nat,mts_aggregate_1,2018,5680.181
ukr,sex_t,geo_cov_nat,mts_aggregate_1,2019,7853.413
ukr,sex_t,geo_cov_nat,mts_aggregate_1,2020,8076.386
ukr,sex_t,geo_cov_nat,mts_aggregate_1,2021,8175.889
ukr,sex_t,geo_cov_nat,mts_aggregate_2,2018,5044.654
ukr,sex_t,geo_cov_nat,mts_aggregate_2,2019,6228.693
ukr,sex_t,geo_cov_nat,mts_aggregate_2,2020,6330.215
ukr,sex_t,geo_cov_nat,mts_aggregate_2,2021,6273.694
ukr,sex_t,geo_cov_nat,mts_aggregate_total,2018,10724.835
ukr,sex_t,geo_cov_nat,mts_aggregate_total,2019,14082.106
ukr,sex_t,geo_cov_nat,mts_aggregate_total,2020,14406.6
ukr,sex_t,geo_cov_nat,mts_aggregate_total,2021,14449.582
ukr,sex_t,geo_cov_nat,mts_details_mrd,2018,5044.654
ukr,sex_t,geo_cov_nat,mts_details_mrd,2019,6228.693
ukr,sex_t,geo_cov_nat,mts_details_mrd,2020,6330.215
ukr,sex_t,geo_cov_nat,mts_details_mrd,2021,6273.694
ukr,sex_t,geo_cov_nat,mts_details_sep,2018,1073.039
ukr,sex_t,geo_cov_nat,mts_details_sep,2019,1164.652
ukr,sex_t,geo_cov_nat,mts_details_sep,2020,1226.282
ukr,sex_t,geo_cov_nat,mts_details_sep,2021,1265.365
ukr,sex_t,geo_cov_nat,mts_details_sgle,2018,3193.248
ukr,sex_t,geo_cov_nat,mts_details_sgle,2019,3021.044
ukr,sex_t,geo_cov_nat,mts_details_sgle,2020,3244.329
ukr,sex_t,geo_cov_nat,mts_details_sgle,2021,3338.206
ukr,sex_t,geo_cov_nat,mts_details_total,2018,10724.835
ukr,sex_t,geo_cov_nat,mts_details_total,2019,14082.106
ukr,sex_t,geo_cov_nat,mts_details_total,2020,14406.6
ukr,sex_t,geo_cov_nat,mts_details_total,2021,14449.582
ukr,sex_t,geo_cov_nat,mts_details_wid,2018,1413.894
ukr,sex_t,geo_cov_nat,mts_details_wid,2019,3667.718
ukr,sex_t,geo_cov_nat,mts_details_wid,2020,3605.774
ukr,sex_t,geo_cov_nat,mts_details_wid,2021,3572.318
ukr,sex_t,geo_cov_rur,mts_aggregate_1,2018,1906.868
ukr,sex_t,geo_cov_rur,mts_aggregate_1,2019,2799.116
ukr,sex_t,geo_cov_rur,mts_aggregate_1,2020,2839.812
ukr,sex_t,geo_cov_rur,mts_aggregate_1,2021,2826.612
ukr,sex_t,geo_cov_rur,mts_aggregate_2,2018,1738.029
ukr,sex_t,geo_cov_rur,mts_aggregate_2,2019,2142.667
ukr,sex_t,geo_cov_rur,mts_aggregate_2,2020,2157.582
ukr,sex_t,geo_cov_rur,mts_aggregate_2,2021,2151.514
ukr,sex_t,geo_cov_rur,mts_aggregate_total,2018,3644.896
ukr,sex_t,geo_cov_rur,mts_aggregate_total,2019,4941.782
ukr,sex_t,geo_cov_rur,mts_aggregate_total,2020,4997.393
ukr,sex_t,geo_cov_rur,mts_aggregate_total,2021,4978.126
ukr,sex_t,geo_cov_rur,mts_details_mrd,2018,1738.029
ukr,sex_t,geo_cov_rur,mts_details_mrd,2019,2142.667
ukr,sex_t,geo_cov_rur,mts_details_mrd,2020,2157.582
ukr,sex_t,geo_cov_rur,mts_details_mrd,2021,2151.514
ukr,sex_t,geo_cov_rur,mts_details_sep,2018,291.853
ukr,sex_t,geo_cov_rur,mts_details_sep,2019,300.057
ukr,sex_t,geo_cov_rur,mts_details_sep,2020,306.248
ukr,sex_t,geo_cov_rur,mts_details_sep,2021,305.817
ukr,sex_t,geo_cov_rur,mts_details_sgle,2018,1122.267
ukr,sex_t,geo_cov_rur,mts_details_sgle,2019,1073.064
ukr,sex_t,geo_cov_rur,mts_details_sgle,2020,1141.289
ukr,sex_t,geo_cov_rur,mts_details_sgle,2021,1167.748
ukr,sex_t,geo_cov_rur,mts_details_total,2018,3644.896
ukr,sex_t,geo_cov_rur,mts_details_total,2019,4941.782
ukr,sex_t,geo_cov_rur,mts_details_total,2020,4997.393
ukr,sex_t,geo_cov_rur,mts_details_total,2021,4978.126
ukr,sex_t,geo_cov_rur,mts_details_wid,2018,492.748
ukr,sex_t,geo_cov_rur,mts_details_wid,2019,1425.996
ukr,sex_t,geo_cov_rur,mts_details_wid,2020,1392.275
ukr,sex_t,geo_cov_rur,mts_details_wid,2021,1353.047
ukr,sex_t,geo_cov_urb,mts_aggregate_1,2018,3773.313
ukr,sex_t,geo_cov_urb,mts_aggregate_1,2019,5054.298
ukr,sex_t,geo_cov_urb,mts_aggregate_1,2020,5236.574
ukr,sex_t,geo_cov_urb,mts_aggregate_1,2021,5349.277
ukr,sex_t,geo_cov_urb,mts_aggregate_2,2018,3306.625
ukr,sex_t,geo_cov_urb,mts_aggregate_2,2019,4086.026
ukr,sex_t,geo_cov_urb,mts_aggregate_2,2020,4172.633
ukr,sex_t,geo_cov_urb,mts_aggregate_2,2021,4122.179
ukr,sex_t,geo_cov_urb,mts_aggregate_total,2018,7079.939
ukr,sex_t,geo_cov_urb,mts_aggregate_total,2019,9140.324
ukr,sex_t,geo_cov_urb,mts_aggregate_total,2020,9409.207
ukr,sex_t,geo_cov_urb,mts_aggregate_total,2021,9471.456
ukr,sex_t,geo_cov_urb,mts_details_mrd,2018,3306.625
ukr,sex_t,geo_cov_urb,mts_details_mrd,2019,4086.026
ukr,sex_t,geo_cov_urb,mts_details_mrd,2020,4172.633
ukr,sex_t,geo_cov_urb,mts_details_mrd,2021,4122.179
ukr,sex_t,geo_cov_urb,mts_details_sep,2018,781.187
ukr,sex_t,geo_cov_urb,mts_details_sep,2019,864.595
ukr,sex_t,geo_cov_urb,mts_details_sep,2020,920.034
ukr,sex_t,geo_cov_urb,mts_details_sep,2021,959.548
ukr,sex_t,geo_cov_urb,mts_details_sgle,2018,2070.981
ukr,sex_t,geo_cov_urb,mts_details_sgle,2019,1947.981
ukr,sex_t,geo_cov_urb,mts_details_sgle,2020,2103.041
ukr,sex_t,geo_cov_urb,mts_details_sgle,2021,2170.457
ukr,sex_t,geo_cov_urb,mts_details_total,2018,7079.939
ukr,sex_t,geo_cov_urb,mts_details_total,2019,9140.324
ukr,sex_t,geo_cov_urb,mts_details_total,2020,9409.207
ukr,sex_t,geo_cov_urb,mts_details_total,2021,9471.456
ukr,sex_t,geo_cov_urb,mts_details_wid,2018,921.146
ukr,sex_t,geo_cov_urb,mts_details_wid,2019,2241.722
ukr,sex_t,geo_cov_urb,mts_details_wid,2020,2213.5
ukr,sex_t,geo_cov_urb,mts_details_wid,2021,2219.271
ury,sex_f,geo_cov_nat,mts_aggregate_1,2006,314.112
ury,sex_f,geo_cov_nat,mts_aggregate_1,2007,296.252
ury,sex_f,geo_cov_nat,mts_aggregate_1,2008,294.941
ury,sex_f,geo_cov_nat,mts_aggregate_1,2009,293.972
ury,sex_f,geo_cov_nat,mts_aggregate_1,2010,329.175
ury,sex_f,geo_cov_nat,mts_aggregate_1,2011,315.486
ury,sex_f,geo_cov_nat,mts_aggregate_1,2012,309.407
ury,sex_f,geo_cov_nat,mts_aggregate_1,2013,329.31
ury,sex_f,geo_cov_nat,mts_aggregate_1,2014,320.821
ury,sex_f,geo_cov_nat,mts_aggregate_1,2015,335.487
ury,sex_f,geo_cov_nat,mts_aggregate_1,2016,336.091
ury,sex_f,geo_cov_nat,mts_aggregate_1,2017,345.034
ury,sex_f,geo_cov_nat,mts_aggregate_1,2018,349.407
ury,sex_f,geo_cov_nat,mts_aggregate_1,2019,346.078
ury,sex_f,geo_cov_nat,mts_aggregate_2,2006,296.616
ury,sex_f,geo_cov_nat,mts_aggregate_2,2007,276.649
ury,sex_f,geo_cov_nat,mts_aggregate_2,2008,272.545
ury,sex_f,geo_cov_nat,mts_aggregate_2,2009,267.549
ury,sex_f,geo_cov_nat,mts_aggregate_2,2010,297.19
ury,sex_f,geo_cov_nat,mts_aggregate_2,2011,287.345
ury,sex_f,geo_cov_nat,mts_aggregate_2,2012,280.951
ury,sex_f,geo_cov_nat,mts_aggregate_2,2013,298.535
ury,sex_f,geo_cov_nat,mts_aggregate_2,2014,286.574
ury,sex_f,geo_cov_nat,mts_aggregate_2,2015,292.119
ury,sex_f,geo_cov_nat,mts_aggregate_2,2016,294.698
ury,sex_f,geo_cov_nat,mts_aggregate_2,2017,294.19
ury,sex_f,geo_cov_nat,mts_aggregate_2,2018,295.441
ury,sex_f,geo_cov_nat,mts_aggregate_2,2019,298.293
ury,sex_f,geo_cov_nat,mts_aggregate_total,2006,610.728
ury,sex_f,geo_cov_nat,mts_aggregate_total,2007,572.901
ury,sex_f,geo_cov_nat,mts_aggregate_total,2008,567.486
ury,sex_f,geo_cov_nat,mts_aggregate_total,2009,561.521
ury,sex_f,geo_cov_nat,mts_aggregate_total,2010,626.365
ury,sex_f,geo_cov_nat,mts_aggregate_total,2011,602.851
ury,sex_f,geo_cov_nat,mts_aggregate_total,2012,590.358
ury,sex_f,geo_cov_nat,mts_aggregate_total,2013,627.845
ury,sex_f,geo_cov_nat,mts_aggregate_total,2014,607.395
ury,sex_f,geo_cov_nat,mts_aggregate_total,2015,627.606
ury,sex_f,geo_cov_nat,mts_aggregate_total,2016,630.789
ury,sex_f,geo_cov_nat,mts_aggregate_total,2017,639.224
ury,sex_f,geo_cov_nat,mts_aggregate_total,2018,644.848
ury,sex_f,geo_cov_nat,mts_aggregate_total,2019,644.371
ury,sex_f,geo_cov_nat,mts_details_mrd,2006,238.193
ury,sex_f,geo_cov_nat,mts_details_mrd,2007,215.184
ury,sex_f,geo_cov_nat,mts_details_mrd,2008,212.829
ury,sex_f,geo_cov_nat,mts_details_mrd,2009,205.158
ury,sex_f,geo_cov_nat,mts_details_mrd,2010,222.225
ury,sex_f,geo_cov_nat,mts_details_mrd,2011,213.882
ury,sex_f,geo_cov_nat,mts_details_mrd,2012,208.365
ury,sex_f,geo_cov_nat,mts_details_mrd,2013,218.918
ury,sex_f,geo_cov_nat,mts_details_mrd,2014,205.069
ury,sex_f,geo_cov_nat,mts_details_mrd,2015,207.395
ury,sex_f,geo_cov_nat,mts_details_mrd,2016,211.375
ury,sex_f,geo_cov_nat,mts_details_mrd,2017,213.938
ury,sex_f,geo_cov_nat,mts_details_mrd,2018,213.611
ury,sex_f,geo_cov_nat,mts_details_mrd,2019,215.711
ury,sex_f,geo_cov_nat,mts_details_sep,2006,25.192
ury,sex_f,geo_cov_nat,mts_details_sep,2007,30.433
ury,sex_f,geo_cov_nat,mts_details_sep,2008,33.455
ury,sex_f,geo_cov_nat,mts_details_sep,2009,33.973
ury,sex_f,geo_cov_nat,mts_details_sep,2010,37.659
ury,sex_f,geo_cov_nat,mts_details_sep,2011,38.376
ury,sex_f,geo_cov_nat,mts_details_sep,2012,42.562
ury,sex_f,geo_cov_nat,mts_details_sep,2013,45.368
ury,sex_f,geo_cov_nat,mts_details_sep,2014,46.768
ury,sex_f,geo_cov_nat,mts_details_sep,2015,49.859
ury,sex_f,geo_cov_nat,mts_details_sep,2016,50.814
ury,sex_f,geo_cov_nat,mts_details_sep,2017,52.89
ury,sex_f,geo_cov_nat,mts_details_sep,2018,55.081
ury,sex_f,geo_cov_nat,mts_details_sep,2019,56.211
ury,sex_f,geo_cov_nat,mts_details_sgle,2006,149.199
ury,sex_f,geo_cov_nat,mts_details_sgle,2007,135.999
ury,sex_f,geo_cov_nat,mts_details_sgle,2008,131.929
ury,sex_f,geo_cov_nat,mts_details_sgle,2009,130.393
ury,sex_f,geo_cov_nat,mts_details_sgle,2010,149.206
ury,sex_f,geo_cov_nat,mts_details_sgle,2011,143.239
ury,sex_f,geo_cov_nat,mts_details_sgle,2012,139.968
ury,sex_f,geo_cov_nat,mts_details_sgle,2013,146.528
ury,sex_f,geo_cov_nat,mts_details_sgle,2014,144.225
ury,sex_f,geo_cov_nat,mts_details_sgle,2015,151.832
ury,sex_f,geo_cov_nat,mts_details_sgle,2016,157.813
ury,sex_f,geo_cov_nat,mts_details_sgle,2017,162.126
ury,sex_f,geo_cov_nat,mts_details_sgle,2018,162.05
ury,sex_f,geo_cov_nat,mts_details_sgle,2019,162.568
ury,sex_f,geo_cov_nat,mts_details_total,2006,610.728
ury,sex_f,geo_cov_nat,mts_details_total,2007,572.901
ury,sex_f,geo_cov_nat,mts_details_total,2008,567.486
ury,sex_f,geo_cov_nat,mts_details_total,2009,561.521
ury,sex_f,geo_cov_nat,mts_details_total,2010,626.365
ury,sex_f,geo_cov_nat,mts_details_total,2011,602.851
ury,sex_f,geo_cov_nat,mts_details_total,2012,590.358
ury,sex_f,geo_cov_nat,mts_details_total,2013,627.845
ury,sex_f,geo_cov_nat,mts_details_total,2014,607.395
ury,sex_f,geo_cov_nat,mts_details_total,2015,627.606
ury,sex_f,geo_cov_nat,mts_details_total,2016,630.789
ury,sex_f,geo_cov_nat,mts_details_total,2017,639.224
ury,sex_f,geo_cov_nat,mts_details_total,2018,644.848
ury,sex_f,geo_cov_nat,mts_details_total,2019,644.371
ury,sex_f,geo_cov_nat,mts_details_union,2006,58.423
ury,sex_f,geo_cov_nat,mts_details_union,2007,61.465
ury,sex_f,geo_cov_nat,mts_details_union,2008,59.716
ury,sex_f,geo_cov_nat,mts_details_union,2009,62.391
ury,sex_f,geo_cov_nat,mts_details_union,2010,74.965
ury,sex_f,geo_cov_nat,mts_details_union,2011,73.463
ury,sex_f,geo_cov_nat,mts_details_union,2012,72.586
ury,sex_f,geo_cov_nat,mts_details_union,2013,79.617
ury,sex_f,geo_cov_nat,mts_details_union,2014,81.505
ury,sex_f,geo_cov_nat,mts_details_union,2015,84.724
ury,sex_f,geo_cov_nat,mts_details_union,2016,83.323
ury,sex_f,geo_cov_nat,mts_details_union,2017,80.252
ury,sex_f,geo_cov_nat,mts_details_union,2018,81.83
ury,sex_f,geo_cov_nat,mts_details_union,2019,82.582
ury,sex_f,geo_cov_nat,mts_details_wid,2006,139.721
ury,sex_f,geo_cov_nat,mts_details_wid,2007,129.82
ury,sex_f,geo_cov_nat,mts_details_wid,2008,129.557
ury,sex_f,geo_cov_nat,mts_details_wid,2009,129.606
ury,sex_f,geo_cov_nat,mts_details_wid,2010,142.31
ury,sex_f,geo_cov_nat,mts_details_wid,2011,133.871
ury,sex_f,geo_cov_nat,mts_details_wid,2012,126.877
ury,sex_f,geo_cov_nat,mts_details_wid,2013,137.414
ury,sex_f,geo_cov_nat,mts_details_wid,2014,129.828
ury,sex_f,geo_cov_nat,mts_details_wid,2015,133.796
ury,sex_f,geo_cov_nat,mts_details_wid,2016,127.464
ury,sex_f,geo_cov_nat,mts_details_wid,2017,130.018
ury,sex_f,geo_cov_nat,mts_details_wid,2018,132.276
ury,sex_f,geo_cov_nat,mts_details_wid,2019,127.299
ury,sex_f,geo_cov_rur,mts_aggregate_1,2006,13.177
ury,sex_f,geo_cov_rur,mts_aggregate_1,2007,12.69
ury,sex_f,geo_cov_rur,mts_aggregate_1,2008,13.728
ury,sex_f,geo_cov_rur,mts_aggregate_1,2009,13.654
ury,sex_f,geo_cov_rur,mts_aggregate_1,2010,13.327
ury,sex_f,geo_cov_rur,mts_aggregate_1,2011,20.861
ury,sex_f,geo_cov_rur,mts_aggregate_1,2012,14.656
ury,sex_f,geo_cov_rur,mts_aggregate_1,2013,13.948
ury,sex_f,geo_cov_rur,mts_aggregate_1,2014,12.576
ury,sex_f,geo_cov_rur,mts_aggregate_1,2015,12.167
ury,sex_f,geo_cov_rur,mts_aggregate_1,2016,14.397
ury,sex_f,geo_cov_rur,mts_aggregate_1,2017,13.618
ury,sex_f,geo_cov_rur,mts_aggregate_1,2018,14.948
ury,sex_f,geo_cov_rur,mts_aggregate_1,2019,15.201
ury,sex_f,geo_cov_rur,mts_aggregate_2,2006,24.363
ury,sex_f,geo_cov_rur,mts_aggregate_2,2007,22.956
ury,sex_f,geo_cov_rur,mts_aggregate_2,2008,22.827
ury,sex_f,geo_cov_rur,mts_aggregate_2,2009,22.963
ury,sex_f,geo_cov_rur,mts_aggregate_2,2010,22.2
ury,sex_f,geo_cov_rur,mts_aggregate_2,2011,32.273
ury,sex_f,geo_cov_rur,mts_aggregate_2,2012,22.587
ury,sex_f,geo_cov_rur,mts_aggregate_2,2013,20.896
ury,sex_f,geo_cov_rur,mts_aggregate_2,2014,19.42
ury,sex_f,geo_cov_rur,mts_aggregate_2,2015,22.612
ury,sex_f,geo_cov_rur,mts_aggregate_2,2016,20.76
ury,sex_f,geo_cov_rur,mts_aggregate_2,2017,23.125
ury,sex_f,geo_cov_rur,mts_aggregate_2,2018,22.047
ury,sex_f,geo_cov_rur,mts_aggregate_2,2019,21.708
ury,sex_f,geo_cov_rur,mts_aggregate_total,2006,37.54
ury,sex_f,geo_cov_rur,mts_aggregate_total,2007,35.646
ury,sex_f,geo_cov_rur,mts_aggregate_total,2008,36.555
ury,sex_f,geo_cov_rur,mts_aggregate_total,2009,36.617
ury,sex_f,geo_cov_rur,mts_aggregate_total,2010,35.527
ury,sex_f,geo_cov_rur,mts_aggregate_total,2011,53.134
ury,sex_f,geo_cov_rur,mts_aggregate_total,2012,37.243
ury,sex_f,geo_cov_rur,mts_aggregate_total,2013,34.844
ury,sex_f,geo_cov_rur,mts_aggregate_total,2014,31.996
ury,sex_f,geo_cov_rur,mts_aggregate_total,2015,34.779
ury,sex_f,geo_cov_rur,mts_aggregate_total,2016,35.157
ury,sex_f,geo_cov_rur,mts_aggregate_total,2017,36.743
ury,sex_f,geo_cov_rur,mts_aggregate_total,2018,36.995
ury,sex_f,geo_cov_rur,mts_aggregate_total,2019,36.909
ury,sex_f,geo_cov_rur,mts_details_mrd,2006,18.993
ury,sex_f,geo_cov_rur,mts_details_mrd,2007,17.639
ury,sex_f,geo_cov_rur,mts_details_mrd,2008,17.604
ury,sex_f,geo_cov_rur,mts_details_mrd,2009,17.484
ury,sex_f,geo_cov_rur,mts_details_mrd,2010,16.28
ury,sex_f,geo_cov_rur,mts_details_mrd,2011,23.748
ury,sex_f,geo_cov_rur,mts_details_mrd,2012,16.314
ury,sex_f,geo_cov_rur,mts_details_mrd,2013,15.287
ury,sex_f,geo_cov_rur,mts_details_mrd,2014,13.093
ury,sex_f,geo_cov_rur,mts_details_mrd,2015,15.888
ury,sex_f,geo_cov_rur,mts_details_mrd,2016,14.304
ury,sex_f,geo_cov_rur,mts_details_mrd,2017,16.816
ury,sex_f,geo_cov_rur,mts_details_mrd,2018,14.922
ury,sex_f,geo_cov_rur,mts_details_mrd,2019,15.193
ury,sex_f,geo_cov_rur,mts_details_sep,2006,0.375
ury,sex_f,geo_cov_rur,mts_details_sep,2007,0.602
ury,sex_f,geo_cov_rur,mts_details_sep,2008,0.619
ury,sex_f,geo_cov_rur,mts_details_sep,2009,0.374
ury,sex_f,geo_cov_rur,mts_details_sep,2010,0.78
ury,sex_f,geo_cov_rur,mts_details_sep,2011,1.135
ury,sex_f,geo_cov_rur,mts_details_sep,2012,0.868
ury,sex_f,geo_cov_rur,mts_details_sep,2013,0.845
ury,sex_f,geo_cov_rur,mts_details_sep,2014,0.907
ury,sex_f,geo_cov_rur,mts_details_sep,2015,0.959
ury,sex_f,geo_cov_rur,mts_details_sep,2016,1.391
ury,sex_f,geo_cov_rur,mts_details_sep,2017,0.976
ury,sex_f,geo_cov_rur,mts_details_sep,2018,0.916
ury,sex_f,geo_cov_rur,mts_details_sep,2019,0.994
ury,sex_f,geo_cov_rur,mts_details_sgle,2006,7.446
ury,sex_f,geo_cov_rur,mts_details_sgle,2007,6.731
ury,sex_f,geo_cov_rur,mts_details_sgle,2008,7.4
ury,sex_f,geo_cov_rur,mts_details_sgle,2009,7.628
ury,sex_f,geo_cov_rur,mts_details_sgle,2010,7.614
ury,sex_f,geo_cov_rur,mts_details_sgle,2011,10.984
ury,sex_f,geo_cov_rur,mts_details_sgle,2012,8.144
ury,sex_f,geo_cov_rur,mts_details_sgle,2013,8.01
ury,sex_f,geo_cov_rur,mts_details_sgle,2014,7.602
ury,sex_f,geo_cov_rur,mts_details_sgle,2015,7.202
ury,sex_f,geo_cov_rur,mts_details_sgle,2016,8.804
ury,sex_f,geo_cov_rur,mts_details_sgle,2017,8.336
ury,sex_f,geo_cov_rur,mts_details_sgle,2018,9.669
ury,sex_f,geo_cov_rur,mts_details_sgle,2019,9.019
ury,sex_f,geo_cov_rur,mts_details_total,2006,37.54
ury,sex_f,geo_cov_rur,mts_details_total,2007,35.646
ury,sex_f,geo_cov_rur,mts_details_total,2008,36.555
ury,sex_f,geo_cov_rur,mts_details_total,2009,36.617
ury,sex_f,geo_cov_rur,mts_details_total,2010,35.527
ury,sex_f,geo_cov_rur,mts_details_total,2011,53.134
ury,sex_f,geo_cov_rur,mts_details_total,2012,37.243
ury,sex_f,geo_cov_rur,mts_details_total,2013,34.844
ury,sex_f,geo_cov_rur,mts_details_total,2014,31.996
ury,sex_f,geo_cov_rur,mts_details_total,2015,34.779
ury,sex_f,geo_cov_rur,mts_details_total,2016,35.157
ury,sex_f,geo_cov_rur,mts_details_total,2017,36.743
ury,sex_f,geo_cov_rur,mts_details_total,2018,36.995
ury,sex_f,geo_cov_rur,mts_details_total,2019,36.909
ury,sex_f,geo_cov_rur,mts_details_union,2006,5.37
ury,sex_f,geo_cov_rur,mts_details_union,2007,5.317
ury,sex_f,geo_cov_rur,mts_details_union,2008,5.223
ury,sex_f,geo_cov_rur,mts_details_union,2009,5.479
ury,sex_f,geo_cov_rur,mts_details_union,2010,5.92
ury,sex_f,geo_cov_rur,mts_details_union,2011,8.525
ury,sex_f,geo_cov_rur,mts_details_union,2012,6.273
ury,sex_f,geo_cov_rur,mts_details_union,2013,5.609
ury,sex_f,geo_cov_rur,mts_details_union,2014,6.327
ury,sex_f,geo_cov_rur,mts_details_union,2015,6.724
ury,sex_f,geo_cov_rur,mts_details_union,2016,6.456
ury,sex_f,geo_cov_rur,mts_details_union,2017,6.309
ury,sex_f,geo_cov_rur,mts_details_union,2018,7.125
ury,sex_f,geo_cov_rur,mts_details_union,2019,6.515
ury,sex_f,geo_cov_rur,mts_details_wid,2006,5.356
ury,sex_f,geo_cov_rur,mts_details_wid,2007,5.357
ury,sex_f,geo_cov_rur,mts_details_wid,2008,5.709
ury,sex_f,geo_cov_rur,mts_details_wid,2009,5.652
ury,sex_f,geo_cov_rur,mts_details_wid,2010,4.933
ury,sex_f,geo_cov_rur,mts_details_wid,2011,8.742
ury,sex_f,geo_cov_rur,mts_details_wid,2012,5.644
ury,sex_f,geo_cov_rur,mts_details_wid,2013,5.093
ury,sex_f,geo_cov_rur,mts_details_wid,2014,4.067
ury,sex_f,geo_cov_rur,mts_details_wid,2015,4.006
ury,sex_f,geo_cov_rur,mts_details_wid,2016,4.202
ury,sex_f,geo_cov_rur,mts_details_wid,2017,4.306
ury,sex_f,geo_cov_rur,mts_details_wid,2018,4.363
ury,sex_f,geo_cov_rur,mts_details_wid,2019,5.188
ury,sex_f,geo_cov_urb,mts_aggregate_1,2006,300.935
ury,sex_f,geo_cov_urb,mts_aggregate_1,2007,283.562
ury,sex_f,geo_cov_urb,mts_aggregate_1,2008,281.213
ury,sex_f,geo_cov_urb,mts_aggregate_1,2009,280.318
ury,sex_f,geo_cov_urb,mts_aggregate_1,2010,315.848
ury,sex_f,geo_cov_urb,mts_aggregate_1,2011,294.625
ury,sex_f,geo_cov_urb,mts_aggregate_1,2012,294.751
ury,sex_f,geo_cov_urb,mts_aggregate_1,2013,315.362
ury,sex_f,geo_cov_urb,mts_aggregate_1,2014,308.245
ury,sex_f,geo_cov_urb,mts_aggregate_1,2015,323.32
ury,sex_f,geo_cov_urb,mts_aggregate_1,2016,321.694
ury,sex_f,geo_cov_urb,mts_aggregate_1,2017,331.416
ury,sex_f,geo_cov_urb,mts_aggregate_1,2018,334.459
ury,sex_f,geo_cov_urb,mts_aggregate_1,2019,330.877
ury,sex_f,geo_cov_urb,mts_aggregate_2,2006,272.253
ury,sex_f,geo_cov_urb,mts_aggregate_2,2007,253.693
ury,sex_f,geo_cov_urb,mts_aggregate_2,2008,249.718
ury,sex_f,geo_cov_urb,mts_aggregate_2,2009,244.586
ury,sex_f,geo_cov_urb,mts_aggregate_2,2010,274.99
ury,sex_f,geo_cov_urb,mts_aggregate_2,2011,255.072
ury,sex_f,geo_cov_urb,mts_aggregate_2,2012,258.364
ury,sex_f,geo_cov_urb,mts_aggregate_2,2013,277.639
ury,sex_f,geo_cov_urb,mts_aggregate_2,2014,267.154
ury,sex_f,geo_cov_urb,mts_aggregate_2,2015,269.507
ury,sex_f,geo_cov_urb,mts_aggregate_2,2016,273.938
ury,sex_f,geo_cov_urb,mts_aggregate_2,2017,271.065
ury,sex_f,geo_cov_urb,mts_aggregate_2,2018,273.394
ury,sex_f,geo_cov_urb,mts_aggregate_2,2019,276.585
ury,sex_f,geo_cov_urb,mts_aggregate_total,2006,573.188
ury,sex_f,geo_cov_urb,mts_aggregate_total,2007,537.255
ury,sex_f,geo_cov_urb,mts_aggregate_total,2008,530.931
ury,sex_f,geo_cov_urb,mts_aggregate_total,2009,524.904
ury,sex_f,geo_cov_urb,mts_aggregate_total,2010,590.838
ury,sex_f,geo_cov_urb,mts_aggregate_total,2011,549.717
ury,sex_f,geo_cov_urb,mts_aggregate_total,2012,553.115
ury,sex_f,geo_cov_urb,mts_aggregate_total,2013,593.001
ury,sex_f,geo_cov_urb,mts_aggregate_total,2014,575.399
ury,sex_f,geo_cov_urb,mts_aggregate_total,2015,592.827
ury,sex_f,geo_cov_urb,mts_aggregate_total,2016,595.632
ury,sex_f,geo_cov_urb,mts_aggregate_total,2017,602.481
ury,sex_f,geo_cov_urb,mts_aggregate_total,2018,607.853
ury,sex_f,geo_cov_urb,mts_aggregate_total,2019,607.462
ury,sex_f,geo_cov_urb,mts_details_mrd,2006,219.2
ury,sex_f,geo_cov_urb,mts_details_mrd,2007,197.545
ury,sex_f,geo_cov_urb,mts_details_mrd,2008,195.225
ury,sex_f,geo_cov_urb,mts_details_mrd,2009,187.674
ury,sex_f,geo_cov_urb,mts_details_mrd,2010,205.945
ury,sex_f,geo_cov_urb,mts_details_mrd,2011,190.134
ury,sex_f,geo_cov_urb,mts_details_mrd,2012,192.051
ury,sex_f,geo_cov_urb,mts_details_mrd,2013,203.631
ury,sex_f,geo_cov_urb,mts_details_mrd,2014,191.976
ury,sex_f,geo_cov_urb,mts_details_mrd,2015,191.507
ury,sex_f,geo_cov_urb,mts_details_mrd,2016,197.071
ury,sex_f,geo_cov_urb,mts_details_mrd,2017,197.122
ury,sex_f,geo_cov_urb,mts_details_mrd,2018,198.689
ury,sex_f,geo_cov_urb,mts_details_mrd,2019,200.518
ury,sex_f,geo_cov_urb,mts_details_sep,2006,24.817
ury,sex_f,geo_cov_urb,mts_details_sep,2007,29.831
ury,sex_f,geo_cov_urb,mts_details_sep,2008,32.836
ury,sex_f,geo_cov_urb,mts_details_sep,2009,33.599
ury,sex_f,geo_cov_urb,mts_details_sep,2010,36.879
ury,sex_f,geo_cov_urb,mts_details_sep,2011,37.241
ury,sex_f,geo_cov_urb,mts_details_sep,2012,41.694
ury,sex_f,geo_cov_urb,mts_details_sep,2013,44.523
ury,sex_f,geo_cov_urb,mts_details_sep,2014,45.861
ury,sex_f,geo_cov_urb,mts_details_sep,2015,48.9
ury,sex_f,geo_cov_urb,mts_details_sep,2016,49.423
ury,sex_f,geo_cov_urb,mts_details_sep,2017,51.914
ury,sex_f,geo_cov_urb,mts_details_sep,2018,54.165
ury,sex_f,geo_cov_urb,mts_details_sep,2019,55.217
ury,sex_f,geo_cov_urb,mts_details_sgle,2006,141.753
ury,sex_f,geo_cov_urb,mts_details_sgle,2007,129.268
ury,sex_f,geo_cov_urb,mts_details_sgle,2008,124.529
ury,sex_f,geo_cov_urb,mts_details_sgle,2009,122.765
ury,sex_f,geo_cov_urb,mts_details_sgle,2010,141.592
ury,sex_f,geo_cov_urb,mts_details_sgle,2011,132.255
ury,sex_f,geo_cov_urb,mts_details_sgle,2012,131.824
ury,sex_f,geo_cov_urb,mts_details_sgle,2013,138.518
ury,sex_f,geo_cov_urb,mts_details_sgle,2014,136.623
ury,sex_f,geo_cov_urb,mts_details_sgle,2015,144.63
ury,sex_f,geo_cov_urb,mts_details_sgle,2016,149.009
ury,sex_f,geo_cov_urb,mts_details_sgle,2017,153.79
ury,sex_f,geo_cov_urb,mts_details_sgle,2018,152.381
ury,sex_f,geo_cov_urb,mts_details_sgle,2019,153.549
ury,sex_f,geo_cov_urb,mts_details_total,2006,573.188
ury,sex_f,geo_cov_urb,mts_details_total,2007,537.255
ury,sex_f,geo_cov_urb,mts_details_total,2008,530.931
ury,sex_f,geo_cov_urb,mts_details_total,2009,524.904
ury,sex_f,geo_cov_urb,mts_details_total,2010,590.838
ury,sex_f,geo_cov_urb,mts_details_total,2011,549.717
ury,sex_f,geo_cov_urb,mts_details_total,2012,553.115
ury,sex_f,geo_cov_urb,mts_details_total,2013,593.001
ury,sex_f,geo_cov_urb,mts_details_total,2014,575.399
ury,sex_f,geo_cov_urb,mts_details_total,2015,592.827
ury,sex_f,geo_cov_urb,mts_details_total,2016,595.632
ury,sex_f,geo_cov_urb,mts_details_total,2017,602.481
ury,sex_f,geo_cov_urb,mts_details_total,2018,607.853
ury,sex_f,geo_cov_urb,mts_details_total,2019,607.462
ury,sex_f,geo_cov_urb,mts_details_union,2006,53.053
ury,sex_f,geo_cov_urb,mts_details_union,2007,56.148
ury,sex_f,geo_cov_urb,mts_details_union,2008,54.493
ury,sex_f,geo_cov_urb,mts_details_union,2009,56.912
ury,sex_f,geo_cov_urb,mts_details_union,2010,69.045
ury,sex_f,geo_cov_urb,mts_details_union,2011,64.938
ury,sex_f,geo_cov_urb,mts_details_union,2012,66.313
ury,sex_f,geo_cov_urb,mts_details_union,2013,74.008
ury,sex_f,geo_cov_urb,mts_details_union,2014,75.178
ury,sex_f,geo_cov_urb,mts_details_union,2015,78
ury,sex_f,geo_cov_urb,mts_details_union,2016,76.867
ury,sex_f,geo_cov_urb,mts_details_union,2017,73.943
ury,sex_f,geo_cov_urb,mts_details_union,2018,74.705
ury,sex_f,geo_cov_urb,mts_details_union,2019,76.067
ury,sex_f,geo_cov_urb,mts_details_wid,2006,134.365
ury,sex_f,geo_cov_urb,mts_details_wid,2007,124.463
ury,sex_f,geo_cov_urb,mts_details_wid,2008,123.848
ury,sex_f,geo_cov_urb,mts_details_wid,2009,123.954
ury,sex_f,geo_cov_urb,mts_details_wid,2010,137.377
ury,sex_f,geo_cov_urb,mts_details_wid,2011,125.129
ury,sex_f,geo_cov_urb,mts_details_wid,2012,121.233
ury,sex_f,geo_cov_urb,mts_details_wid,2013,132.321
ury,sex_f,geo_cov_urb,mts_details_wid,2014,125.761
ury,sex_f,geo_cov_urb,mts_details_wid,2015,129.79
ury,sex_f,geo_cov_urb,mts_details_wid,2016,123.262
ury,sex_f,geo_cov_urb,mts_details_wid,2017,125.712
ury,sex_f,geo_cov_urb,mts_details_wid,2018,127.913
ury,sex_f,geo_cov_urb,mts_details_wid,2019,122.111
ury,sex_m,geo_cov_nat,mts_aggregate_1,2006,144.286
ury,sex_m,geo_cov_nat,mts_aggregate_1,2007,130.051
ury,sex_m,geo_cov_nat,mts_aggregate_1,2008,138.736
ury,sex_m,geo_cov_nat,mts_aggregate_1,2009,140.886
ury,sex_m,geo_cov_nat,mts_aggregate_1,2010,164.079
ury,sex_m,geo_cov_nat,mts_aggregate_1,2011,163.128
ury,sex_m,geo_cov_nat,mts_aggregate_1,2012,160.52
ury,sex_m,geo_cov_nat,mts_aggregate_1,2013,161.993
ury,sex_m,geo_cov_nat,mts_aggregate_1,2014,168.284
ury,sex_m,geo_cov_nat,mts_aggregate_1,2015,185.978
ury,sex_m,geo_cov_nat,mts_aggregate_1,2016,189.204
ury,sex_m,geo_cov_nat,mts_aggregate_1,2017,197.203
ury,sex_m,geo_cov_nat,mts_aggregate_1,2018,207.356
ury,sex_m,geo_cov_nat,mts_aggregate_1,2019,206.212
ury,sex_m,geo_cov_nat,mts_aggregate_2,2006,140.5
ury,sex_m,geo_cov_nat,mts_aggregate_2,2007,126.935
ury,sex_m,geo_cov_nat,mts_aggregate_2,2008,127.623
ury,sex_m,geo_cov_nat,mts_aggregate_2,2009,123.879
ury,sex_m,geo_cov_nat,mts_aggregate_2,2010,142.367
ury,sex_m,geo_cov_nat,mts_aggregate_2,2011,135.898
ury,sex_m,geo_cov_nat,mts_aggregate_2,2012,139.785
ury,sex_m,geo_cov_nat,mts_aggregate_2,2013,147.087
ury,sex_m,geo_cov_nat,mts_aggregate_2,2014,141.104
ury,sex_m,geo_cov_nat,mts_aggregate_2,2015,148.587
ury,sex_m,geo_cov_nat,mts_aggregate_2,2016,157.693
ury,sex_m,geo_cov_nat,mts_aggregate_2,2017,162.343
ury,sex_m,geo_cov_nat,mts_aggregate_2,2018,165.622
ury,sex_m,geo_cov_nat,mts_aggregate_2,2019,172.834
ury,sex_m,geo_cov_nat,mts_aggregate_total,2006,284.786
ury,sex_m,geo_cov_nat,mts_aggregate_total,2007,256.986
ury,sex_m,geo_cov_nat,mts_aggregate_total,2008,266.359
ury,sex_m,geo_cov_nat,mts_aggregate_total,2009,264.765
ury,sex_m,geo_cov_nat,mts_aggregate_total,2010,306.446
ury,sex_m,geo_cov_nat,mts_aggregate_total,2011,299.026
ury,sex_m,geo_cov_nat,mts_aggregate_total,2012,300.305
ury,sex_m,geo_cov_nat,mts_aggregate_total,2013,309.08
ury,sex_m,geo_cov_nat,mts_aggregate_total,2014,309.388
ury,sex_m,geo_cov_nat,mts_aggregate_total,2015,334.565
ury,sex_m,geo_cov_nat,mts_aggregate_total,2016,346.897
ury,sex_m,geo_cov_nat,mts_aggregate_total,2017,359.546
ury,sex_m,geo_cov_nat,mts_aggregate_total,2018,372.978
ury,sex_m,geo_cov_nat,mts_aggregate_total,2019,379.046
ury,sex_m,geo_cov_nat,mts_details_mrd,2006,128.934
ury,sex_m,geo_cov_nat,mts_details_mrd,2007,116.099
ury,sex_m,geo_cov_nat,mts_details_mrd,2008,116.519
ury,sex_m,geo_cov_nat,mts_details_mrd,2009,112.124
ury,sex_m,geo_cov_nat,mts_details_mrd,2010,126.432
ury,sex_m,geo_cov_nat,mts_details_mrd,2011,122.254
ury,sex_m,geo_cov_nat,mts_details_mrd,2012,125.148
ury,sex_m,geo_cov_nat,mts_details_mrd,2013,131.464
ury,sex_m,geo_cov_nat,mts_details_mrd,2014,124.411
ury,sex_m,geo_cov_nat,mts_details_mrd,2015,130.025
ury,sex_m,geo_cov_nat,mts_details_mrd,2016,138.053
ury,sex_m,geo_cov_nat,mts_details_mrd,2017,141.697
ury,sex_m,geo_cov_nat,mts_details_mrd,2018,143.509
ury,sex_m,geo_cov_nat,mts_details_mrd,2019,149.45
ury,sex_m,geo_cov_nat,mts_details_sep,2006,8.662
ury,sex_m,geo_cov_nat,mts_details_sep,2007,10.53
ury,sex_m,geo_cov_nat,mts_details_sep,2008,11.637
ury,sex_m,geo_cov_nat,mts_details_sep,2009,12.746
ury,sex_m,geo_cov_nat,mts_details_sep,2010,15.865
ury,sex_m,geo_cov_nat,mts_details_sep,2011,15.325
ury,sex_m,geo_cov_nat,mts_details_sep,2012,17.033
ury,sex_m,geo_cov_nat,mts_details_sep,2013,16.797
ury,sex_m,geo_cov_nat,mts_details_sep,2014,18.192
ury,sex_m,geo_cov_nat,mts_details_sep,2015,18.925
ury,sex_m,geo_cov_nat,mts_details_sep,2016,19.601
ury,sex_m,geo_cov_nat,mts_details_sep,2017,20.406
ury,sex_m,geo_cov_nat,mts_details_sep,2018,21.502
ury,sex_m,geo_cov_nat,mts_details_sep,2019,20.896
ury,sex_m,geo_cov_nat,mts_details_sgle,2006,114.73
ury,sex_m,geo_cov_nat,mts_details_sgle,2007,99.911
ury,sex_m,geo_cov_nat,mts_details_sgle,2008,107.26
ury,sex_m,geo_cov_nat,mts_details_sgle,2009,107.438
ury,sex_m,geo_cov_nat,mts_details_sgle,2010,125.255
ury,sex_m,geo_cov_nat,mts_details_sgle,2011,126.472
ury,sex_m,geo_cov_nat,mts_details_sgle,2012,122.562
ury,sex_m,geo_cov_nat,mts_details_sgle,2013,125.589
ury,sex_m,geo_cov_nat,mts_details_sgle,2014,128.596
ury,sex_m,geo_cov_nat,mts_details_sgle,2015,145.923
ury,sex_m,geo_cov_nat,mts_details_sgle,2016,149.456
ury,sex_m,geo_cov_nat,mts_details_sgle,2017,157.104
ury,sex_m,geo_cov_nat,mts_details_sgle,2018,165.471
ury,sex_m,geo_cov_nat,mts_details_sgle,2019,166.541
ury,sex_m,geo_cov_nat,mts_details_total,2006,284.786
ury,sex_m,geo_cov_nat,mts_details_total,2007,256.986
ury,sex_m,geo_cov_nat,mts_details_total,2008,266.359
ury,sex_m,geo_cov_nat,mts_details_total,2009,264.765
ury,sex_m,geo_cov_nat,mts_details_total,2010,306.446
ury,sex_m,geo_cov_nat,mts_details_total,2011,299.026
ury,sex_m,geo_cov_nat,mts_details_total,2012,300.305
ury,sex_m,geo_cov_nat,mts_details_total,2013,309.08
ury,sex_m,geo_cov_nat,mts_details_total,2014,309.388
ury,sex_m,geo_cov_nat,mts_details_total,2015,334.565
ury,sex_m,geo_cov_nat,mts_details_total,2016,346.897
ury,sex_m,geo_cov_nat,mts_details_total,2017,359.546
ury,sex_m,geo_cov_nat,mts_details_total,2018,372.978
ury,sex_m,geo_cov_nat,mts_details_total,2019,379.046
ury,sex_m,geo_cov_nat,mts_details_union,2006,11.566
ury,sex_m,geo_cov_nat,mts_details_union,2007,10.836
ury,sex_m,geo_cov_nat,mts_details_union,2008,11.104
ury,sex_m,geo_cov_nat,mts_details_union,2009,11.755
ury,sex_m,geo_cov_nat,mts_details_union,2010,15.935
ury,sex_m,geo_cov_nat,mts_details_union,2011,13.644
ury,sex_m,geo_cov_nat,mts_details_union,2012,14.637
ury,sex_m,geo_cov_nat,mts_details_union,2013,15.623
ury,sex_m,geo_cov_nat,mts_details_union,2014,16.693
ury,sex_m,geo_cov_nat,mts_details_union,2015,18.562
ury,sex_m,geo_cov_nat,mts_details_union,2016,19.64
ury,sex_m,geo_cov_nat,mts_details_union,2017,20.646
ury,sex_m,geo_cov_nat,mts_details_union,2018,22.113
ury,sex_m,geo_cov_nat,mts_details_union,2019,23.384
ury,sex_m,geo_cov_nat,mts_details_wid,2006,20.894
ury,sex_m,geo_cov_nat,mts_details_wid,2007,19.61
ury,sex_m,geo_cov_nat,mts_details_wid,2008,19.839
ury,sex_m,geo_cov_nat,mts_details_wid,2009,20.702
ury,sex_m,geo_cov_nat,mts_details_wid,2010,22.959
ury,sex_m,geo_cov_nat,mts_details_wid,2011,21.331
ury,sex_m,geo_cov_nat,mts_details_wid,2012,20.925
ury,sex_m,geo_cov_nat,mts_details_wid,2013,19.607
ury,sex_m,geo_cov_nat,mts_details_wid,2014,21.496
ury,sex_m,geo_cov_nat,mts_details_wid,2015,21.13
ury,sex_m,geo_cov_nat,mts_details_wid,2016,20.147
ury,sex_m,geo_cov_nat,mts_details_wid,2017,19.693
ury,sex_m,geo_cov_nat,mts_details_wid,2018,20.383
ury,sex_m,geo_cov_nat,mts_details_wid,2019,18.775
ury,sex_m,geo_cov_rur,mts_aggregate_1,2006,7.522
ury,sex_m,geo_cov_rur,mts_aggregate_1,2007,6.666
ury,sex_m,geo_cov_rur,mts_aggregate_1,2008,7.133
ury,sex_m,geo_cov_rur,mts_aggregate_1,2009,7.028
ury,sex_m,geo_cov_rur,mts_aggregate_1,2010,7.343
ury,sex_m,geo_cov_rur,mts_aggregate_1,2011,11.776
ury,sex_m,geo_cov_rur,mts_aggregate_1,2012,8.805
ury,sex_m,geo_cov_rur,mts_aggregate_1,2013,7.194
ury,sex_m,geo_cov_rur,mts_aggregate_1,2014,7.655
ury,sex_m,geo_cov_rur,mts_aggregate_1,2015,9.172
ury,sex_m,geo_cov_rur,mts_aggregate_1,2016,9.806
ury,sex_m,geo_cov_rur,mts_aggregate_1,2017,9.626
ury,sex_m,geo_cov_rur,mts_aggregate_1,2018,10.452
ury,sex_m,geo_cov_rur,mts_aggregate_1,2019,10.927
ury,sex_m,geo_cov_rur,mts_aggregate_2,2006,7.933
ury,sex_m,geo_cov_rur,mts_aggregate_2,2007,7.449
ury,sex_m,geo_cov_rur,mts_aggregate_2,2008,6.363
ury,sex_m,geo_cov_rur,mts_aggregate_2,2009,7.2
ury,sex_m,geo_cov_rur,mts_aggregate_2,2010,7.003
ury,sex_m,geo_cov_rur,mts_aggregate_2,2011,9.9
ury,sex_m,geo_cov_rur,mts_aggregate_2,2012,7.437
ury,sex_m,geo_cov_rur,mts_aggregate_2,2013,6.995
ury,sex_m,geo_cov_rur,mts_aggregate_2,2014,6.283
ury,sex_m,geo_cov_rur,mts_aggregate_2,2015,7.236
ury,sex_m,geo_cov_rur,mts_aggregate_2,2016,7.944
ury,sex_m,geo_cov_rur,mts_aggregate_2,2017,9.158
ury,sex_m,geo_cov_rur,mts_aggregate_2,2018,8.649
ury,sex_m,geo_cov_rur,mts_aggregate_2,2019,9.189
ury,sex_m,geo_cov_rur,mts_aggregate_total,2006,15.455
ury,sex_m,geo_cov_rur,mts_aggregate_total,2007,14.115
ury,sex_m,geo_cov_rur,mts_aggregate_total,2008,13.496
ury,sex_m,geo_cov_rur,mts_aggregate_total,2009,14.228
ury,sex_m,geo_cov_rur,mts_aggregate_total,2010,14.346
ury,sex_m,geo_cov_rur,mts_aggregate_total,2011,21.676
ury,sex_m,geo_cov_rur,mts_aggregate_total,2012,16.242
ury,sex_m,geo_cov_rur,mts_aggregate_total,2013,14.189
ury,sex_m,geo_cov_rur,mts_aggregate_total,2014,13.938
ury,sex_m,geo_cov_rur,mts_aggregate_total,2015,16.408
ury,sex_m,geo_cov_rur,mts_aggregate_total,2016,17.75
ury,sex_m,geo_cov_rur,mts_aggregate_total,2017,18.784
ury,sex_m,geo_cov_rur,mts_aggregate_total,2018,19.101
ury,sex_m,geo_cov_rur,mts_aggregate_total,2019,20.116
ury,sex_m,geo_cov_rur,mts_details_mrd,2006,7.332
ury,sex_m,geo_cov_rur,mts_details_mrd,2007,6.96
ury,sex_m,geo_cov_rur,mts_details_mrd,2008,5.959
ury,sex_m,geo_cov_rur,mts_details_mrd,2009,6.654
ury,sex_m,geo_cov_rur,mts_details_mrd,2010,6.342
ury,sex_m,geo_cov_rur,mts_details_mrd,2011,9.278
ury,sex_m,geo_cov_rur,mts_details_mrd,2012,6.616
ury,sex_m,geo_cov_rur,mts_details_mrd,2013,6.342
ury,sex_m,geo_cov_rur,mts_details_mrd,2014,5.291
ury,sex_m,geo_cov_rur,mts_details_mrd,2015,6.726
ury,sex_m,geo_cov_rur,mts_details_mrd,2016,6.797
ury,sex_m,geo_cov_rur,mts_details_mrd,2017,8.177
ury,sex_m,geo_cov_rur,mts_details_mrd,2018,7.466
ury,sex_m,geo_cov_rur,mts_details_mrd,2019,7.786
ury,sex_m,geo_cov_rur,mts_details_sep,2006,0.34
ury,sex_m,geo_cov_rur,mts_details_sep,2007,0.544
ury,sex_m,geo_cov_rur,mts_details_sep,2008,0.661
ury,sex_m,geo_cov_rur,mts_details_sep,2009,0.545
ury,sex_m,geo_cov_rur,mts_details_sep,2010,0.919
ury,sex_m,geo_cov_rur,mts_details_sep,2011,0.978
ury,sex_m,geo_cov_rur,mts_details_sep,2012,1.09
ury,sex_m,geo_cov_rur,mts_details_sep,2013,0.579
ury,sex_m,geo_cov_rur,mts_details_sep,2014,0.648
ury,sex_m,geo_cov_rur,mts_details_sep,2015,0.481
ury,sex_m,geo_cov_rur,mts_details_sep,2016,0.882
ury,sex_m,geo_cov_rur,mts_details_sep,2017,0.785
ury,sex_m,geo_cov_rur,mts_details_sep,2018,0.626
ury,sex_m,geo_cov_rur,mts_details_sep,2019,0.935
ury,sex_m,geo_cov_rur,mts_details_sgle,2006,5.804
ury,sex_m,geo_cov_rur,mts_details_sgle,2007,4.834
ury,sex_m,geo_cov_rur,mts_details_sgle,2008,5.447
ury,sex_m,geo_cov_rur,mts_details_sgle,2009,5.115
ury,sex_m,geo_cov_rur,mts_details_sgle,2010,5.199
ury,sex_m,geo_cov_rur,mts_details_sgle,2011,8.716
ury,sex_m,geo_cov_rur,mts_details_sgle,2012,6.221
ury,sex_m,geo_cov_rur,mts_details_sgle,2013,5.864
ury,sex_m,geo_cov_rur,mts_details_sgle,2014,5.76
ury,sex_m,geo_cov_rur,mts_details_sgle,2015,7.907
ury,sex_m,geo_cov_rur,mts_details_sgle,2016,7.824
ury,sex_m,geo_cov_rur,mts_details_sgle,2017,7.686
ury,sex_m,geo_cov_rur,mts_details_sgle,2018,8.845
ury,sex_m,geo_cov_rur,mts_details_sgle,2019,9.053
ury,sex_m,geo_cov_rur,mts_details_total,2006,15.455
ury,sex_m,geo_cov_rur,mts_details_total,2007,14.115
ury,sex_m,geo_cov_rur,mts_details_total,2008,13.496
ury,sex_m,geo_cov_rur,mts_details_total,2009,14.228
ury,sex_m,geo_cov_rur,mts_details_total,2010,14.346
ury,sex_m,geo_cov_rur,mts_details_total,2011,21.676
ury,sex_m,geo_cov_rur,mts_details_total,2012,16.242
ury,sex_m,geo_cov_rur,mts_details_total,2013,14.189
ury,sex_m,geo_cov_rur,mts_details_total,2014,13.938
ury,sex_m,geo_cov_rur,mts_details_total,2015,16.408
ury,sex_m,geo_cov_rur,mts_details_total,2016,17.75
ury,sex_m,geo_cov_rur,mts_details_total,2017,18.784
ury,sex_m,geo_cov_rur,mts_details_total,2018,19.101
ury,sex_m,geo_cov_rur,mts_details_total,2019,20.116
ury,sex_m,geo_cov_rur,mts_details_union,2006,0.601
ury,sex_m,geo_cov_rur,mts_details_union,2007,0.489
ury,sex_m,geo_cov_rur,mts_details_union,2008,0.404
ury,sex_m,geo_cov_rur,mts_details_union,2009,0.546
ury,sex_m,geo_cov_rur,mts_details_union,2010,0.661
ury,sex_m,geo_cov_rur,mts_details_union,2011,0.622
ury,sex_m,geo_cov_rur,mts_details_union,2012,0.821
ury,sex_m,geo_cov_rur,mts_details_union,2013,0.653
ury,sex_m,geo_cov_rur,mts_details_union,2014,0.992
ury,sex_m,geo_cov_rur,mts_details_union,2015,0.51
ury,sex_m,geo_cov_rur,mts_details_union,2016,1.147
ury,sex_m,geo_cov_rur,mts_details_union,2017,0.981
ury,sex_m,geo_cov_rur,mts_details_union,2018,1.183
ury,sex_m,geo_cov_rur,mts_details_union,2019,1.403
ury,sex_m,geo_cov_rur,mts_details_wid,2006,1.378
ury,sex_m,geo_cov_rur,mts_details_wid,2007,1.288
ury,sex_m,geo_cov_rur,mts_details_wid,2008,1.025
ury,sex_m,geo_cov_rur,mts_details_wid,2009,1.368
ury,sex_m,geo_cov_rur,mts_details_wid,2010,1.225
ury,sex_m,geo_cov_rur,mts_details_wid,2011,2.082
ury,sex_m,geo_cov_rur,mts_details_wid,2012,1.494
ury,sex_m,geo_cov_rur,mts_details_wid,2013,0.751
ury,sex_m,geo_cov_rur,mts_details_wid,2014,1.247
ury,sex_m,geo_cov_rur,mts_details_wid,2015,0.784
ury,sex_m,geo_cov_rur,mts_details_wid,2016,1.1
ury,sex_m,geo_cov_rur,mts_details_wid,2017,1.155
ury,sex_m,geo_cov_rur,mts_details_wid,2018,0.981
ury,sex_m,geo_cov_rur,mts_details_wid,2019,0.939
ury,sex_m,geo_cov_urb,mts_aggregate_1,2006,136.764
ury,sex_m,geo_cov_urb,mts_aggregate_1,2007,123.385
ury,sex_m,geo_cov_urb,mts_aggregate_1,2008,131.603
ury,sex_m,geo_cov_urb,mts_aggregate_1,2009,133.858
ury,sex_m,geo_cov_urb,mts_aggregate_1,2010,156.736
ury,sex_m,geo_cov_urb,mts_aggregate_1,2011,151.352
ury,sex_m,geo_cov_urb,mts_aggregate_1,2012,151.715
ury,sex_m,geo_cov_urb,mts_aggregate_1,2013,154.799
ury,sex_m,geo_cov_urb,mts_aggregate_1,2014,160.629
ury,sex_m,geo_cov_urb,mts_aggregate_1,2015,176.806
ury,sex_m,geo_cov_urb,mts_aggregate_1,2016,179.398
ury,sex_m,geo_cov_urb,mts_aggregate_1,2017,187.577
ury,sex_m,geo_cov_urb,mts_aggregate_1,2018,196.904
ury,sex_m,geo_cov_urb,mts_aggregate_1,2019,195.285
ury,sex_m,geo_cov_urb,mts_aggregate_2,2006,132.567
ury,sex_m,geo_cov_urb,mts_aggregate_2,2007,119.486
ury,sex_m,geo_cov_urb,mts_aggregate_2,2008,121.26
ury,sex_m,geo_cov_urb,mts_aggregate_2,2009,116.679
ury,sex_m,geo_cov_urb,mts_aggregate_2,2010,135.364
ury,sex_m,geo_cov_urb,mts_aggregate_2,2011,125.998
ury,sex_m,geo_cov_urb,mts_aggregate_2,2012,132.348
ury,sex_m,geo_cov_urb,mts_aggregate_2,2013,140.092
ury,sex_m,geo_cov_urb,mts_aggregate_2,2014,134.821
ury,sex_m,geo_cov_urb,mts_aggregate_2,2015,141.351
ury,sex_m,geo_cov_urb,mts_aggregate_2,2016,149.749
ury,sex_m,geo_cov_urb,mts_aggregate_2,2017,153.185
ury,sex_m,geo_cov_urb,mts_aggregate_2,2018,156.973
ury,sex_m,geo_cov_urb,mts_aggregate_2,2019,163.645
ury,sex_m,geo_cov_urb,mts_aggregate_total,2006,269.331
ury,sex_m,geo_cov_urb,mts_aggregate_total,2007,242.871
ury,sex_m,geo_cov_urb,mts_aggregate_total,2008,252.863
ury,sex_m,geo_cov_urb,mts_aggregate_total,2009,250.537
ury,sex_m,geo_cov_urb,mts_aggregate_total,2010,292.1
ury,sex_m,geo_cov_urb,mts_aggregate_total,2011,277.35
ury,sex_m,geo_cov_urb,mts_aggregate_total,2012,284.063
ury,sex_m,geo_cov_urb,mts_aggregate_total,2013,294.891
ury,sex_m,geo_cov_urb,mts_aggregate_total,2014,295.45
ury,sex_m,geo_cov_urb,mts_aggregate_total,2015,318.157
ury,sex_m,geo_cov_urb,mts_aggregate_total,2016,329.147
ury,sex_m,geo_cov_urb,mts_aggregate_total,2017,340.762
ury,sex_m,geo_cov_urb,mts_aggregate_total,2018,353.877
ury,sex_m,geo_cov_urb,mts_aggregate_total,2019,358.93
ury,sex_m,geo_cov_urb,mts_details_mrd,2006,121.602
ury,sex_m,geo_cov_urb,mts_details_mrd,2007,109.139
ury,sex_m,geo_cov_urb,mts_details_mrd,2008,110.56
ury,sex_m,geo_cov_urb,mts_details_mrd,2009,105.47
ury,sex_m,geo_cov_urb,mts_details_mrd,2010,120.09
ury,sex_m,geo_cov_urb,mts_details_mrd,2011,112.976
ury,sex_m,geo_cov_urb,mts_details_mrd,2012,118.532
ury,sex_m,geo_cov_urb,mts_details_mrd,2013,125.122
ury,sex_m,geo_cov_urb,mts_details_mrd,2014,119.12
ury,sex_m,geo_cov_urb,mts_details_mrd,2015,123.299
ury,sex_m,geo_cov_urb,mts_details_mrd,2016,131.256
ury,sex_m,geo_cov_urb,mts_details_mrd,2017,133.52
ury,sex_m,geo_cov_urb,mts_details_mrd,2018,136.043
ury,sex_m,geo_cov_urb,mts_details_mrd,2019,141.664
ury,sex_m,geo_cov_urb,mts_details_sep,2006,8.322
ury,sex_m,geo_cov_urb,mts_details_sep,2007,9.986
ury,sex_m,geo_cov_urb,mts_details_sep,2008,10.976
ury,sex_m,geo_cov_urb,mts_details_sep,2009,12.201
ury,sex_m,geo_cov_urb,mts_details_sep,2010,14.946
ury,sex_m,geo_cov_urb,mts_details_sep,2011,14.347
ury,sex_m,geo_cov_urb,mts_details_sep,2012,15.943
ury,sex_m,geo_cov_urb,mts_details_sep,2013,16.218
ury,sex_m,geo_cov_urb,mts_details_sep,2014,17.544
ury,sex_m,geo_cov_urb,mts_details_sep,2015,18.444
ury,sex_m,geo_cov_urb,mts_details_sep,2016,18.719
ury,sex_m,geo_cov_urb,mts_details_sep,2017,19.621
ury,sex_m,geo_cov_urb,mts_details_sep,2018,20.876
ury,sex_m,geo_cov_urb,mts_details_sep,2019,19.961
ury,sex_m,geo_cov_urb,mts_details_sgle,2006,108.926
ury,sex_m,geo_cov_urb,mts_details_sgle,2007,95.077
ury,sex_m,geo_cov_urb,mts_details_sgle,2008,101.813
ury,sex_m,geo_cov_urb,mts_details_sgle,2009,102.323
ury,sex_m,geo_cov_urb,mts_details_sgle,2010,120.056
ury,sex_m,geo_cov_urb,mts_details_sgle,2011,117.756
ury,sex_m,geo_cov_urb,mts_details_sgle,2012,116.341
ury,sex_m,geo_cov_urb,mts_details_sgle,2013,119.725
ury,sex_m,geo_cov_urb,mts_details_sgle,2014,122.836
ury,sex_m,geo_cov_urb,mts_details_sgle,2015,138.016
ury,sex_m,geo_cov_urb,mts_details_sgle,2016,141.632
ury,sex_m,geo_cov_urb,mts_details_sgle,2017,149.418
ury,sex_m,geo_cov_urb,mts_details_sgle,2018,156.626
ury,sex_m,geo_cov_urb,mts_details_sgle,2019,157.488
ury,sex_m,geo_cov_urb,mts_details_total,2006,269.331
ury,sex_m,geo_cov_urb,mts_details_total,2007,242.871
ury,sex_m,geo_cov_urb,mts_details_total,2008,252.863
ury,sex_m,geo_cov_urb,mts_details_total,2009,250.537
ury,sex_m,geo_cov_urb,mts_details_total,2010,292.1
ury,sex_m,geo_cov_urb,mts_details_total,2011,277.35
ury,sex_m,geo_cov_urb,mts_details_total,2012,284.063
ury,sex_m,geo_cov_urb,mts_details_total,2013,294.891
ury,sex_m,geo_cov_urb,mts_details_total,2014,295.45
ury,sex_m,geo_cov_urb,mts_details_total,2015,318.157
ury,sex_m,geo_cov_urb,mts_details_total,2016,329.147
ury,sex_m,geo_cov_urb,mts_details_total,2017,340.762
ury,sex_m,geo_cov_urb,mts_details_total,2018,353.877
ury,sex_m,geo_cov_urb,mts_details_total,2019,358.93
ury,sex_m,geo_cov_urb,mts_details_union,2006,10.965
ury,sex_m,geo_cov_urb,mts_details_union,2007,10.347
ury,sex_m,geo_cov_urb,mts_details_union,2008,10.7
ury,sex_m,geo_cov_urb,mts_details_union,2009,11.209
ury,sex_m,geo_cov_urb,mts_details_union,2010,15.274
ury,sex_m,geo_cov_urb,mts_details_union,2011,13.022
ury,sex_m,geo_cov_urb,mts_details_union,2012,13.816
ury,sex_m,geo_cov_urb,mts_details_union,2013,14.97
ury,sex_m,geo_cov_urb,mts_details_union,2014,15.701
ury,sex_m,geo_cov_urb,mts_details_union,2015,18.052
ury,sex_m,geo_cov_urb,mts_details_union,2016,18.493
ury,sex_m,geo_cov_urb,mts_details_union,2017,19.665
ury,sex_m,geo_cov_urb,mts_details_union,2018,20.93
ury,sex_m,geo_cov_urb,mts_details_union,2019,21.981
ury,sex_m,geo_cov_urb,mts_details_wid,2006,19.516
ury,sex_m,geo_cov_urb,mts_details_wid,2007,18.322
ury,sex_m,geo_cov_urb,mts_details_wid,2008,18.814
ury,sex_m,geo_cov_urb,mts_details_wid,2009,19.334
ury,sex_m,geo_cov_urb,mts_details_wid,2010,21.734
ury,sex_m,geo_cov_urb,mts_details_wid,2011,19.249
ury,sex_m,geo_cov_urb,mts_details_wid,2012,19.431
ury,sex_m,geo_cov_urb,mts_details_wid,2013,18.856
ury,sex_m,geo_cov_urb,mts_details_wid,2014,20.249
ury,sex_m,geo_cov_urb,mts_details_wid,2015,20.346
ury,sex_m,geo_cov_urb,mts_details_wid,2016,19.047
ury,sex_m,geo_cov_urb,mts_details_wid,2017,18.538
ury,sex_m,geo_cov_urb,mts_details_wid,2018,19.402
ury,sex_m,geo_cov_urb,mts_details_wid,2019,17.836
ury,sex_t,geo_cov_nat,mts_aggregate_1,2006,458.398
ury,sex_t,geo_cov_nat,mts_aggregate_1,2007,426.303
ury,sex_t,geo_cov_nat,mts_aggregate_1,2008,433.677
ury,sex_t,geo_cov_nat,mts_aggregate_1,2009,434.858
ury,sex_t,geo_cov_nat,mts_aggregate_1,2010,493.254
ury,sex_t,geo_cov_nat,mts_aggregate_1,2011,478.614
ury,sex_t,geo_cov_nat,mts_aggregate_1,2012,469.927
ury,sex_t,geo_cov_nat,mts_aggregate_1,2013,491.303
ury,sex_t,geo_cov_nat,mts_aggregate_1,2014,489.105
ury,sex_t,geo_cov_nat,mts_aggregate_1,2015,521.465
ury,sex_t,geo_cov_nat,mts_aggregate_1,2016,525.295
ury,sex_t,geo_cov_nat,mts_aggregate_1,2017,542.237
ury,sex_t,geo_cov_nat,mts_aggregate_1,2018,556.763
ury,sex_t,geo_cov_nat,mts_aggregate_1,2019,552.29
ury,sex_t,geo_cov_nat,mts_aggregate_2,2006,437.116
ury,sex_t,geo_cov_nat,mts_aggregate_2,2007,403.584
ury,sex_t,geo_cov_nat,mts_aggregate_2,2008,400.168
ury,sex_t,geo_cov_nat,mts_aggregate_2,2009,391.428
ury,sex_t,geo_cov_nat,mts_aggregate_2,2010,439.557
ury,sex_t,geo_cov_nat,mts_aggregate_2,2011,423.243
ury,sex_t,geo_cov_nat,mts_aggregate_2,2012,420.736
ury,sex_t,geo_cov_nat,mts_aggregate_2,2013,445.622
ury,sex_t,geo_cov_nat,mts_aggregate_2,2014,427.678
ury,sex_t,geo_cov_nat,mts_aggregate_2,2015,440.706
ury,sex_t,geo_cov_nat,mts_aggregate_2,2016,452.391
ury,sex_t,geo_cov_nat,mts_aggregate_2,2017,456.533
ury,sex_t,geo_cov_nat,mts_aggregate_2,2018,461.063
ury,sex_t,geo_cov_nat,mts_aggregate_2,2019,471.127
ury,sex_t,geo_cov_nat,mts_aggregate_total,2006,895.514
ury,sex_t,geo_cov_nat,mts_aggregate_total,2007,829.887
ury,sex_t,geo_cov_nat,mts_aggregate_total,2008,833.845
ury,sex_t,geo_cov_nat,mts_aggregate_total,2009,826.286
ury,sex_t,geo_cov_nat,mts_aggregate_total,2010,932.811
ury,sex_t,geo_cov_nat,mts_aggregate_total,2011,901.877
ury,sex_t,geo_cov_nat,mts_aggregate_total,2012,890.663
ury,sex_t,geo_cov_nat,mts_aggregate_total,2013,936.925
ury,sex_t,geo_cov_nat,mts_aggregate_total,2014,916.783
ury,sex_t,geo_cov_nat,mts_aggregate_total,2015,962.171
ury,sex_t,geo_cov_nat,mts_aggregate_total,2016,977.686
ury,sex_t,geo_cov_nat,mts_aggregate_total,2017,998.77
ury,sex_t,geo_cov_nat,mts_aggregate_total,2018,1017.826
ury,sex_t,geo_cov_nat,mts_aggregate_total,2019,1023.417
ury,sex_t,geo_cov_nat,mts_details_mrd,2006,367.127
ury,sex_t,geo_cov_nat,mts_details_mrd,2007,331.283
ury,sex_t,geo_cov_nat,mts_details_mrd,2008,329.348
ury,sex_t,geo_cov_nat,mts_details_mrd,2009,317.282
ury,sex_t,geo_cov_nat,mts_details_mrd,2010,348.657
ury,sex_t,geo_cov_nat,mts_details_mrd,2011,336.136
ury,sex_t,geo_cov_nat,mts_details_mrd,2012,333.513
ury,sex_t,geo_cov_nat,mts_details_mrd,2013,350.382
ury,sex_t,geo_cov_nat,mts_details_mrd,2014,329.48
ury,sex_t,geo_cov_nat,mts_details_mrd,2015,337.42
ury,sex_t,geo_cov_nat,mts_details_mrd,2016,349.428
ury,sex_t,geo_cov_nat,mts_details_mrd,2017,355.635
ury,sex_t,geo_cov_nat,mts_details_mrd,2018,357.12
ury,sex_t,geo_cov_nat,mts_details_mrd,2019,365.161
ury,sex_t,geo_cov_nat,mts_details_sep,2006,33.854
ury,sex_t,geo_cov_nat,mts_details_sep,2007,40.963
ury,sex_t,geo_cov_nat,mts_details_sep,2008,45.092
ury,sex_t,geo_cov_nat,mts_details_sep,2009,46.719
ury,sex_t,geo_cov_nat,mts_details_sep,2010,53.524
ury,sex_t,geo_cov_nat,mts_details_sep,2011,53.701
ury,sex_t,geo_cov_nat,mts_details_sep,2012,59.595
ury,sex_t,geo_cov_nat,mts_details_sep,2013,62.165
ury,sex_t,geo_cov_nat,mts_details_sep,2014,64.96
ury,sex_t,geo_cov_nat,mts_details_sep,2015,68.784
ury,sex_t,geo_cov_nat,mts_details_sep,2016,70.415
ury,sex_t,geo_cov_nat,mts_details_sep,2017,73.296
ury,sex_t,geo_cov_nat,mts_details_sep,2018,76.583
ury,sex_t,geo_cov_nat,mts_details_sep,2019,77.107
ury,sex_t,geo_cov_nat,mts_details_sgle,2006,263.929
ury,sex_t,geo_cov_nat,mts_details_sgle,2007,235.91
ury,sex_t,geo_cov_nat,mts_details_sgle,2008,239.189
ury,sex_t,geo_cov_nat,mts_details_sgle,2009,237.831
ury,sex_t,geo_cov_nat,mts_details_sgle,2010,274.461
ury,sex_t,geo_cov_nat,mts_details_sgle,2011,269.711
ury,sex_t,geo_cov_nat,mts_details_sgle,2012,262.53
ury,sex_t,geo_cov_nat,mts_details_sgle,2013,272.117
ury,sex_t,geo_cov_nat,mts_details_sgle,2014,272.821
ury,sex_t,geo_cov_nat,mts_details_sgle,2015,297.755
ury,sex_t,geo_cov_nat,mts_details_sgle,2016,307.269
ury,sex_t,geo_cov_nat,mts_details_sgle,2017,319.23
ury,sex_t,geo_cov_nat,mts_details_sgle,2018,327.521
ury,sex_t,geo_cov_nat,mts_details_sgle,2019,329.109
ury,sex_t,geo_cov_nat,mts_details_total,2006,895.514
ury,sex_t,geo_cov_nat,mts_details_total,2007,829.887
ury,sex_t,geo_cov_nat,mts_details_total,2008,833.845
ury,sex_t,geo_cov_nat,mts_details_total,2009,826.286
ury,sex_t,geo_cov_nat,mts_details_total,2010,932.811
ury,sex_t,geo_cov_nat,mts_details_total,2011,901.877
ury,sex_t,geo_cov_nat,mts_details_total,2012,890.663
ury,sex_t,geo_cov_nat,mts_details_total,2013,936.925
ury,sex_t,geo_cov_nat,mts_details_total,2014,916.783
ury,sex_t,geo_cov_nat,mts_details_total,2015,962.171
ury,sex_t,geo_cov_nat,mts_details_total,2016,977.686
ury,sex_t,geo_cov_nat,mts_details_total,2017,998.77
ury,sex_t,geo_cov_nat,mts_details_total,2018,1017.826
ury,sex_t,geo_cov_nat,mts_details_total,2019,1023.417
ury,sex_t,geo_cov_nat,mts_details_union,2006,69.989
ury,sex_t,geo_cov_nat,mts_details_union,2007,72.301
ury,sex_t,geo_cov_nat,mts_details_union,2008,70.82
ury,sex_t,geo_cov_nat,mts_details_union,2009,74.146
ury,sex_t,geo_cov_nat,mts_details_union,2010,90.9
ury,sex_t,geo_cov_nat,mts_details_union,2011,87.107
ury,sex_t,geo_cov_nat,mts_details_union,2012,87.223
ury,sex_t,geo_cov_nat,mts_details_union,2013,95.24
ury,sex_t,geo_cov_nat,mts_details_union,2014,98.198
ury,sex_t,geo_cov_nat,mts_details_union,2015,103.286
ury,sex_t,geo_cov_nat,mts_details_union,2016,102.963
ury,sex_t,geo_cov_nat,mts_details_union,2017,100.898
ury,sex_t,geo_cov_nat,mts_details_union,2018,103.943
ury,sex_t,geo_cov_nat,mts_details_union,2019,105.966
ury,sex_t,geo_cov_nat,mts_details_wid,2006,160.615
ury,sex_t,geo_cov_nat,mts_details_wid,2007,149.43
ury,sex_t,geo_cov_nat,mts_details_wid,2008,149.396
ury,sex_t,geo_cov_nat,mts_details_wid,2009,150.308
ury,sex_t,geo_cov_nat,mts_details_wid,2010,165.269
ury,sex_t,geo_cov_nat,mts_details_wid,2011,155.202
ury,sex_t,geo_cov_nat,mts_details_wid,2012,147.802
ury,sex_t,geo_cov_nat,mts_details_wid,2013,157.021
ury,sex_t,geo_cov_nat,mts_details_wid,2014,151.324
ury,sex_t,geo_cov_nat,mts_details_wid,2015,154.926
ury,sex_t,geo_cov_nat,mts_details_wid,2016,147.611
ury,sex_t,geo_cov_nat,mts_details_wid,2017,149.711
ury,sex_t,geo_cov_nat,mts_details_wid,2018,152.659
ury,sex_t,geo_cov_nat,mts_details_wid,2019,146.074
ury,sex_t,geo_cov_rur,mts_aggregate_1,2006,20.699
ury,sex_t,geo_cov_rur,mts_aggregate_1,2007,19.356
ury,sex_t,geo_cov_rur,mts_aggregate_1,2008,20.861
ury,sex_t,geo_cov_rur,mts_aggregate_1,2009,20.682
ury,sex_t,geo_cov_rur,mts_aggregate_1,2010,20.67
ury,sex_t,geo_cov_rur,mts_aggregate_1,2011,32.637
ury,sex_t,geo_cov_rur,mts_aggregate_1,2012,23.461
ury,sex_t,geo_cov_rur,mts_aggregate_1,2013,21.142
ury,sex_t,geo_cov_rur,mts_aggregate_1,2014,20.231
ury,sex_t,geo_cov_rur,mts_aggregate_1,2015,21.339
ury,sex_t,geo_cov_rur,mts_aggregate_1,2016,24.203
ury,sex_t,geo_cov_rur,mts_aggregate_1,2017,23.244
ury,sex_t,geo_cov_rur,mts_aggregate_1,2018,25.4
ury,sex_t,geo_cov_rur,mts_aggregate_1,2019,26.128
ury,sex_t,geo_cov_rur,mts_aggregate_2,2006,32.296
ury,sex_t,geo_cov_rur,mts_aggregate_2,2007,30.405
ury,sex_t,geo_cov_rur,mts_aggregate_2,2008,29.19
ury,sex_t,geo_cov_rur,mts_aggregate_2,2009,30.163
ury,sex_t,geo_cov_rur,mts_aggregate_2,2010,29.203
ury,sex_t,geo_cov_rur,mts_aggregate_2,2011,42.173
ury,sex_t,geo_cov_rur,mts_aggregate_2,2012,30.024
ury,sex_t,geo_cov_rur,mts_aggregate_2,2013,27.891
ury,sex_t,geo_cov_rur,mts_aggregate_2,2014,25.703
ury,sex_t,geo_cov_rur,mts_aggregate_2,2015,29.848
ury,sex_t,geo_cov_rur,mts_aggregate_2,2016,28.704
ury,sex_t,geo_cov_rur,mts_aggregate_2,2017,32.283
ury,sex_t,geo_cov_rur,mts_aggregate_2,2018,30.696
ury,sex_t,geo_cov_rur,mts_aggregate_2,2019,30.897
ury,sex_t,geo_cov_rur,mts_aggregate_total,2006,52.995
ury,sex_t,geo_cov_rur,mts_aggregate_total,2007,49.761
ury,sex_t,geo_cov_rur,mts_aggregate_total,2008,50.051
ury,sex_t,geo_cov_rur,mts_aggregate_total,2009,50.845
ury,sex_t,geo_cov_rur,mts_aggregate_total,2010,49.873
ury,sex_t,geo_cov_rur,mts_aggregate_total,2011,74.81
ury,sex_t,geo_cov_rur,mts_aggregate_total,2012,53.485
ury,sex_t,geo_cov_rur,mts_aggregate_total,2013,49.033
ury,sex_t,geo_cov_rur,mts_aggregate_total,2014,45.934
ury,sex_t,geo_cov_rur,mts_aggregate_total,2015,51.187
ury,sex_t,geo_cov_rur,mts_aggregate_total,2016,52.907
ury,sex_t,geo_cov_rur,mts_aggregate_total,2017,55.527
ury,sex_t,geo_cov_rur,mts_aggregate_total,2018,56.096
ury,sex_t,geo_cov_rur,mts_aggregate_total,2019,57.025
ury,sex_t,geo_cov_rur,mts_details_mrd,2006,26.325
ury,sex_t,geo_cov_rur,mts_details_mrd,2007,24.599
ury,sex_t,geo_cov_rur,mts_details_mrd,2008,23.563
ury,sex_t,geo_cov_rur,mts_details_mrd,2009,24.138
ury,sex_t,geo_cov_rur,mts_details_mrd,2010,22.622
ury,sex_t,geo_cov_rur,mts_details_mrd,2011,33.026
ury,sex_t,geo_cov_rur,mts_details_mrd,2012,22.93
ury,sex_t,geo_cov_rur,mts_details_mrd,2013,21.629
ury,sex_t,geo_cov_rur,mts_details_mrd,2014,18.384
ury,sex_t,geo_cov_rur,mts_details_mrd,2015,22.614
ury,sex_t,geo_cov_rur,mts_details_mrd,2016,21.101
ury,sex_t,geo_cov_rur,mts_details_mrd,2017,24.993
ury,sex_t,geo_cov_rur,mts_details_mrd,2018,22.388
ury,sex_t,geo_cov_rur,mts_details_mrd,2019,22.979
ury,sex_t,geo_cov_rur,mts_details_sep,2006,0.715
ury,sex_t,geo_cov_rur,mts_details_sep,2007,1.146
ury,sex_t,geo_cov_rur,mts_details_sep,2008,1.28
ury,sex_t,geo_cov_rur,mts_details_sep,2009,0.919
ury,sex_t,geo_cov_rur,mts_details_sep,2010,1.699
ury,sex_t,geo_cov_rur,mts_details_sep,2011,2.113
ury,sex_t,geo_cov_rur,mts_details_sep,2012,1.958
ury,sex_t,geo_cov_rur,mts_details_sep,2013,1.424
ury,sex_t,geo_cov_rur,mts_details_sep,2014,1.555
ury,sex_t,geo_cov_rur,mts_details_sep,2015,1.44
ury,sex_t,geo_cov_rur,mts_details_sep,2016,2.273
ury,sex_t,geo_cov_rur,mts_details_sep,2017,1.761
ury,sex_t,geo_cov_rur,mts_details_sep,2018,1.542
ury,sex_t,geo_cov_rur,mts_details_sep,2019,1.929
ury,sex_t,geo_cov_rur,mts_details_sgle,2006,13.25
ury,sex_t,geo_cov_rur,mts_details_sgle,2007,11.565
ury,sex_t,geo_cov_rur,mts_details_sgle,2008,12.847
ury,sex_t,geo_cov_rur,mts_details_sgle,2009,12.743
ury,sex_t,geo_cov_rur,mts_details_sgle,2010,12.813
ury,sex_t,geo_cov_rur,mts_details_sgle,2011,19.7
ury,sex_t,geo_cov_rur,mts_details_sgle,2012,14.365
ury,sex_t,geo_cov_rur,mts_details_sgle,2013,13.874
ury,sex_t,geo_cov_rur,mts_details_sgle,2014,13.362
ury,sex_t,geo_cov_rur,mts_details_sgle,2015,15.109
ury,sex_t,geo_cov_rur,mts_details_sgle,2016,16.628
ury,sex_t,geo_cov_rur,mts_details_sgle,2017,16.022
ury,sex_t,geo_cov_rur,mts_details_sgle,2018,18.514
ury,sex_t,geo_cov_rur,mts_details_sgle,2019,18.072
ury,sex_t,geo_cov_rur,mts_details_total,2006,52.995
ury,sex_t,geo_cov_rur,mts_details_total,2007,49.761
ury,sex_t,geo_cov_rur,mts_details_total,2008,50.051
ury,sex_t,geo_cov_rur,mts_details_total,2009,50.845
ury,sex_t,geo_cov_rur,mts_details_total,2010,49.873
ury,sex_t,geo_cov_rur,mts_details_total,2011,74.81
ury,sex_t,geo_cov_rur,mts_details_total,2012,53.485
ury,sex_t,geo_cov_rur,mts_details_total,2013,49.033
ury,sex_t,geo_cov_rur,mts_details_total,2014,45.934
ury,sex_t,geo_cov_rur,mts_details_total,2015,51.187
ury,sex_t,geo_cov_rur,mts_details_total,2016,52.907
ury,sex_t,geo_cov_rur,mts_details_total,2017,55.527
ury,sex_t,geo_cov_rur,mts_details_total,2018,56.096
ury,sex_t,geo_cov_rur,mts_details_total,2019,57.025
ury,sex_t,geo_cov_rur,mts_details_union,2006,5.971
ury,sex_t,geo_cov_rur,mts_details_union,2007,5.806
ury,sex_t,geo_cov_rur,mts_details_union,2008,5.627
ury,sex_t,geo_cov_rur,mts_details_union,2009,6.025
ury,sex_t,geo_cov_rur,mts_details_union,2010,6.581
ury,sex_t,geo_cov_rur,mts_details_union,2011,9.147
ury,sex_t,geo_cov_rur,mts_details_union,2012,7.094
ury,sex_t,geo_cov_rur,mts_details_union,2013,6.262
ury,sex_t,geo_cov_rur,mts_details_union,2014,7.319
ury,sex_t,geo_cov_rur,mts_details_union,2015,7.234
ury,sex_t,geo_cov_rur,mts_details_union,2016,7.603
ury,sex_t,geo_cov_rur,mts_details_union,2017,7.29
ury,sex_t,geo_cov_rur,mts_details_union,2018,8.308
ury,sex_t,geo_cov_rur,mts_details_union,2019,7.918
ury,sex_t,geo_cov_rur,mts_details_wid,2006,6.734
ury,sex_t,geo_cov_rur,mts_details_wid,2007,6.645
ury,sex_t,geo_cov_rur,mts_details_wid,2008,6.734
ury,sex_t,geo_cov_rur,mts_details_wid,2009,7.02
ury,sex_t,geo_cov_rur,mts_details_wid,2010,6.158
ury,sex_t,geo_cov_rur,mts_details_wid,2011,10.824
ury,sex_t,geo_cov_rur,mts_details_wid,2012,7.138
ury,sex_t,geo_cov_rur,mts_details_wid,2013,5.844
ury,sex_t,geo_cov_rur,mts_details_wid,2014,5.314
ury,sex_t,geo_cov_rur,mts_details_wid,2015,4.79
ury,sex_t,geo_cov_rur,mts_details_wid,2016,5.302
ury,sex_t,geo_cov_rur,mts_details_wid,2017,5.461
ury,sex_t,geo_cov_rur,mts_details_wid,2018,5.344
ury,sex_t,geo_cov_rur,mts_details_wid,2019,6.127
ury,sex_t,geo_cov_urb,mts_aggregate_1,2006,437.699
ury,sex_t,geo_cov_urb,mts_aggregate_1,2007,406.947
ury,sex_t,geo_cov_urb,mts_aggregate_1,2008,412.816
ury,sex_t,geo_cov_urb,mts_aggregate_1,2009,414.176
ury,sex_t,geo_cov_urb,mts_aggregate_1,2010,472.584
ury,sex_t,geo_cov_urb,mts_aggregate_1,2011,445.977
ury,sex_t,geo_cov_urb,mts_aggregate_1,2012,446.466
ury,sex_t,geo_cov_urb,mts_aggregate_1,2013,470.161
ury,sex_t,geo_cov_urb,mts_aggregate_1,2014,468.874
ury,sex_t,geo_cov_urb,mts_aggregate_1,2015,500.126
ury,sex_t,geo_cov_urb,mts_aggregate_1,2016,501.092
ury,sex_t,geo_cov_urb,mts_aggregate_1,2017,518.993
ury,sex_t,geo_cov_urb,mts_aggregate_1,2018,531.363
ury,sex_t,geo_cov_urb,mts_aggregate_1,2019,526.162
ury,sex_t,geo_cov_urb,mts_aggregate_2,2006,404.82
ury,sex_t,geo_cov_urb,mts_aggregate_2,2007,373.179
ury,sex_t,geo_cov_urb,mts_aggregate_2,2008,370.978
ury,sex_t,geo_cov_urb,mts_aggregate_2,2009,361.265
ury,sex_t,geo_cov_urb,mts_aggregate_2,2010,410.354
ury,sex_t,geo_cov_urb,mts_aggregate_2,2011,381.07
ury,sex_t,geo_cov_urb,mts_aggregate_2,2012,390.712
ury,sex_t,geo_cov_urb,mts_aggregate_2,2013,417.731
ury,sex_t,geo_cov_urb,mts_aggregate_2,2014,401.975
ury,sex_t,geo_cov_urb,mts_aggregate_2,2015,410.858
ury,sex_t,geo_cov_urb,mts_aggregate_2,2016,423.687
ury,sex_t,geo_cov_urb,mts_aggregate_2,2017,424.25
ury,sex_t,geo_cov_urb,mts_aggregate_2,2018,430.367
ury,sex_t,geo_cov_urb,mts_aggregate_2,2019,440.23
ury,sex_t,geo_cov_urb,mts_aggregate_total,2006,842.519
ury,sex_t,geo_cov_urb,mts_aggregate_total,2007,780.126
ury,sex_t,geo_cov_urb,mts_aggregate_total,2008,783.794
ury,sex_t,geo_cov_urb,mts_aggregate_total,2009,775.441
ury,sex_t,geo_cov_urb,mts_aggregate_total,2010,882.938
ury,sex_t,geo_cov_urb,mts_aggregate_total,2011,827.067
ury,sex_t,geo_cov_urb,mts_aggregate_total,2012,837.178
ury,sex_t,geo_cov_urb,mts_aggregate_total,2013,887.892
ury,sex_t,geo_cov_urb,mts_aggregate_total,2014,870.849
ury,sex_t,geo_cov_urb,mts_aggregate_total,2015,910.984
ury,sex_t,geo_cov_urb,mts_aggregate_total,2016,924.779
ury,sex_t,geo_cov_urb,mts_aggregate_total,2017,943.243
ury,sex_t,geo_cov_urb,mts_aggregate_total,2018,961.73
ury,sex_t,geo_cov_urb,mts_aggregate_total,2019,966.392
ury,sex_t,geo_cov_urb,mts_details_mrd,2006,340.802
ury,sex_t,geo_cov_urb,mts_details_mrd,2007,306.684
ury,sex_t,geo_cov_urb,mts_details_mrd,2008,305.785
ury,sex_t,geo_cov_urb,mts_details_mrd,2009,293.144
ury,sex_t,geo_cov_urb,mts_details_mrd,2010,326.035
ury,sex_t,geo_cov_urb,mts_details_mrd,2011,303.11
ury,sex_t,geo_cov_urb,mts_details_mrd,2012,310.583
ury,sex_t,geo_cov_urb,mts_details_mrd,2013,328.753
ury,sex_t,geo_cov_urb,mts_details_mrd,2014,311.096
ury,sex_t,geo_cov_urb,mts_details_mrd,2015,314.806
ury,sex_t,geo_cov_urb,mts_details_mrd,2016,328.327
ury,sex_t,geo_cov_urb,mts_details_mrd,2017,330.642
ury,sex_t,geo_cov_urb,mts_details_mrd,2018,334.732
ury,sex_t,geo_cov_urb,mts_details_mrd,2019,342.182
ury,sex_t,geo_cov_urb,mts_details_sep,2006,33.139
ury,sex_t,geo_cov_urb,mts_details_sep,2007,39.817
ury,sex_t,geo_cov_urb,mts_details_sep,2008,43.812
ury,sex_t,geo_cov_urb,mts_details_sep,2009,45.8
ury,sex_t,geo_cov_urb,mts_details_sep,2010,51.825
ury,sex_t,geo_cov_urb,mts_details_sep,2011,51.588
ury,sex_t,geo_cov_urb,mts_details_sep,2012,57.637
ury,sex_t,geo_cov_urb,mts_details_sep,2013,60.741
ury,sex_t,geo_cov_urb,mts_details_sep,2014,63.405
ury,sex_t,geo_cov_urb,mts_details_sep,2015,67.344
ury,sex_t,geo_cov_urb,mts_details_sep,2016,68.142
ury,sex_t,geo_cov_urb,mts_details_sep,2017,71.535
ury,sex_t,geo_cov_urb,mts_details_sep,2018,75.041
ury,sex_t,geo_cov_urb,mts_details_sep,2019,75.178
ury,sex_t,geo_cov_urb,mts_details_sgle,2006,250.679
ury,sex_t,geo_cov_urb,mts_details_sgle,2007,224.345
ury,sex_t,geo_cov_urb,mts_details_sgle,2008,226.342
ury,sex_t,geo_cov_urb,mts_details_sgle,2009,225.088
ury,sex_t,geo_cov_urb,mts_details_sgle,2010,261.648
ury,sex_t,geo_cov_urb,mts_details_sgle,2011,250.011
ury,sex_t,geo_cov_urb,mts_details_sgle,2012,248.165
ury,sex_t,geo_cov_urb,mts_details_sgle,2013,258.243
ury,sex_t,geo_cov_urb,mts_details_sgle,2014,259.459
ury,sex_t,geo_cov_urb,mts_details_sgle,2015,282.646
ury,sex_t,geo_cov_urb,mts_details_sgle,2016,290.641
ury,sex_t,geo_cov_urb,mts_details_sgle,2017,303.208
ury,sex_t,geo_cov_urb,mts_details_sgle,2018,309.007
ury,sex_t,geo_cov_urb,mts_details_sgle,2019,311.037
ury,sex_t,geo_cov_urb,mts_details_total,2006,842.519
ury,sex_t,geo_cov_urb,mts_details_total,2007,780.126
ury,sex_t,geo_cov_urb,mts_details_total,2008,783.794
ury,sex_t,geo_cov_urb,mts_details_total,2009,775.441
ury,sex_t,geo_cov_urb,mts_details_total,2010,882.938
ury,sex_t,geo_cov_urb,mts_details_total,2011,827.067
ury,sex_t,geo_cov_urb,mts_details_total,2012,837.178
ury,sex_t,geo_cov_urb,mts_details_total,2013,887.892
ury,sex_t,geo_cov_urb,mts_details_total,2014,870.849
ury,sex_t,geo_cov_urb,mts_details_total,2015,910.984
ury,sex_t,geo_cov_urb,mts_details_total,2016,924.779
ury,sex_t,geo_cov_urb,mts_details_total,2017,943.243
ury,sex_t,geo_cov_urb,mts_details_total,2018,961.73
ury,sex_t,geo_cov_urb,mts_details_total,2019,966.392
ury,sex_t,geo_cov_urb,mts_details_union,2006,64.018
ury,sex_t,geo_cov_urb,mts_details_union,2007,66.495
ury,sex_t,geo_cov_urb,mts_details_union,2008,65.193
ury,sex_t,geo_cov_urb,mts_details_union,2009,68.121
ury,sex_t,geo_cov_urb,mts_details_union,2010,84.319
ury,sex_t,geo_cov_urb,mts_details_union,2011,77.96
ury,sex_t,geo_cov_urb,mts_details_union,2012,80.129
ury,sex_t,geo_cov_urb,mts_details_union,2013,88.978
ury,sex_t,geo_cov_urb,mts_details_union,2014,90.879
ury,sex_t,geo_cov_urb,mts_details_union,2015,96.052
ury,sex_t,geo_cov_urb,mts_details_union,2016,95.36
ury,sex_t,geo_cov_urb,mts_details_union,2017,93.608
ury,sex_t,geo_cov_urb,mts_details_union,2018,95.635
ury,sex_t,geo_cov_urb,mts_details_union,2019,98.048
ury,sex_t,geo_cov_urb,mts_details_wid,2006,153.881
ury,sex_t,geo_cov_urb,mts_details_wid,2007,142.785
ury,sex_t,geo_cov_urb,mts_details_wid,2008,142.662
ury,sex_t,geo_cov_urb,mts_details_wid,2009,143.288
ury,sex_t,geo_cov_urb,mts_details_wid,2010,159.111
ury,sex_t,geo_cov_urb,mts_details_wid,2011,144.378
ury,sex_t,geo_cov_urb,mts_details_wid,2012,140.664
ury,sex_t,geo_cov_urb,mts_details_wid,2013,151.177
ury,sex_t,geo_cov_urb,mts_details_wid,2014,146.01
ury,sex_t,geo_cov_urb,mts_details_wid,2015,150.136
ury,sex_t,geo_cov_urb,mts_details_wid,2016,142.309
ury,sex_t,geo_cov_urb,mts_details_wid,2017,144.25
ury,sex_t,geo_cov_urb,mts_details_wid,2018,147.315
ury,sex_t,geo_cov_urb,mts_details_wid,2019,139.947
usa,sex_f,geo_cov_nat,mts_aggregate_1,2005,23663.504
usa,sex_f,geo_cov_nat,mts_aggregate_1,2006,24054.994
usa,sex_f,geo_cov_nat,mts_aggregate_1,2007,24480.967
usa,sex_f,geo_cov_nat,mts_aggregate_1,2008,24945.145
usa,sex_f,geo_cov_nat,mts_aggregate_1,2009,25611.652
usa,sex_f,geo_cov_nat,mts_aggregate_1,2010,26557.248
usa,sex_f,geo_cov_nat,mts_aggregate_1,2011,27039.478
usa,sex_f,geo_cov_nat,mts_aggregate_1,2012,27796.262
usa,sex_f,geo_cov_nat,mts_aggregate_1,2013,28409.819
usa,sex_f,geo_cov_nat,mts_aggregate_1,2014,28818.248
usa,sex_f,geo_cov_nat,mts_aggregate_1,2015,29428.889
usa,sex_f,geo_cov_nat,mts_aggregate_1,2016,29375.472
usa,sex_f,geo_cov_nat,mts_aggregate_1,2017,29405.718
usa,sex_f,geo_cov_nat,mts_aggregate_1,2018,29908.423
usa,sex_f,geo_cov_nat,mts_aggregate_1,2019,29977.464
usa,sex_f,geo_cov_nat,mts_aggregate_1,2020,30640.119
usa,sex_f,geo_cov_nat,mts_aggregate_1,2021,31029.985
usa,sex_f,geo_cov_nat,mts_aggregate_2,2005,23979.717
usa,sex_f,geo_cov_nat,mts_aggregate_2,2006,23982.418
usa,sex_f,geo_cov_nat,mts_aggregate_2,2007,24225.556
usa,sex_f,geo_cov_nat,mts_aggregate_2,2008,23963.055
usa,sex_f,geo_cov_nat,mts_aggregate_2,2009,24034.459
usa,sex_f,geo_cov_nat,mts_aggregate_2,2010,24194.56
usa,sex_f,geo_cov_nat,mts_aggregate_2,2011,24618.742
usa,sex_f,geo_cov_nat,mts_aggregate_2,2012,25496.723
usa,sex_f,geo_cov_nat,mts_aggregate_2,2013,25991.658
usa,sex_f,geo_cov_nat,mts_aggregate_2,2014,26341.091
usa,sex_f,geo_cov_nat,mts_aggregate_2,2015,26761.341
usa,sex_f,geo_cov_nat,mts_aggregate_2,2016,27232.606
usa,sex_f,geo_cov_nat,mts_aggregate_2,2017,27223.39
usa,sex_f,geo_cov_nat,mts_aggregate_2,2018,27225.548
usa,sex_f,geo_cov_nat,mts_aggregate_2,2019,26992.408
usa,sex_f,geo_cov_nat,mts_aggregate_2,2020,28228.611
usa,sex_f,geo_cov_nat,mts_aggregate_2,2021,28228.705
usa,sex_f,geo_cov_nat,mts_aggregate_total,2005,47643.222
usa,sex_f,geo_cov_nat,mts_aggregate_total,2006,48037.412
usa,sex_f,geo_cov_nat,mts_aggregate_total,2007,48706.523
usa,sex_f,geo_cov_nat,mts_aggregate_total,2008,48908.2
usa,sex_f,geo_cov_nat,mts_aggregate_total,2009,49646.111
usa,sex_f,geo_cov_nat,mts_aggregate_total,2010,50751.808
usa,sex_f,geo_cov_nat,mts_aggregate_total,2011,51658.22
usa,sex_f,geo_cov_nat,mts_aggregate_total,2012,53292.986
usa,sex_f,geo_cov_nat,mts_aggregate_total,2013,54401.477
usa,sex_f,geo_cov_nat,mts_aggregate_total,2014,55159.339
usa,sex_f,geo_cov_nat,mts_aggregate_total,2015,56190.229
usa,sex_f,geo_cov_nat,mts_aggregate_total,2016,56608.078
usa,sex_f,geo_cov_nat,mts_aggregate_total,2017,56629.108
usa,sex_f,geo_cov_nat,mts_aggregate_total,2018,57133.971
usa,sex_f,geo_cov_nat,mts_aggregate_total,2019,56969.872
usa,sex_f,geo_cov_nat,mts_aggregate_total,2020,58868.73
usa,sex_f,geo_cov_nat,mts_aggregate_total,2021,59258.69
usa,sex_f,geo_cov_nat,mts_details_mrd,2005,23979.717
usa,sex_f,geo_cov_nat,mts_details_mrd,2006,23982.418
usa,sex_f,geo_cov_nat,mts_details_mrd,2007,24225.556
usa,sex_f,geo_cov_nat,mts_details_mrd,2008,23963.055
usa,sex_f,geo_cov_nat,mts_details_mrd,2009,24034.459
usa,sex_f,geo_cov_nat,mts_details_mrd,2010,24194.56
usa,sex_f,geo_cov_nat,mts_details_mrd,2011,24618.742
usa,sex_f,geo_cov_nat,mts_details_mrd,2012,25496.723
usa,sex_f,geo_cov_nat,mts_details_mrd,2013,25991.658
usa,sex_f,geo_cov_nat,mts_details_mrd,2014,26341.091
usa,sex_f,geo_cov_nat,mts_details_mrd,2015,26761.341
usa,sex_f,geo_cov_nat,mts_details_mrd,2016,27232.606
usa,sex_f,geo_cov_nat,mts_details_mrd,2017,27223.39
usa,sex_f,geo_cov_nat,mts_details_mrd,2018,27225.548
usa,sex_f,geo_cov_nat,mts_details_mrd,2019,26992.408
usa,sex_f,geo_cov_nat,mts_details_mrd,2020,28228.611
usa,sex_f,geo_cov_nat,mts_details_mrd,2021,28228.705
usa,sex_f,geo_cov_nat,mts_details_sep,2005,4762.909
usa,sex_f,geo_cov_nat,mts_details_sep,2006,4847.438
usa,sex_f,geo_cov_nat,mts_details_sep,2007,4903.651
usa,sex_f,geo_cov_nat,mts_details_sep,2008,5126.461
usa,sex_f,geo_cov_nat,mts_details_sep,2009,5239.769
usa,sex_f,geo_cov_nat,mts_details_sep,2010,5496.559
usa,sex_f,geo_cov_nat,mts_details_sep,2011,5710.332
usa,sex_f,geo_cov_nat,mts_details_sep,2012,5911.481
usa,sex_f,geo_cov_nat,mts_details_sep,2013,6143.683
usa,sex_f,geo_cov_nat,mts_details_sep,2014,6326.504
usa,sex_f,geo_cov_nat,mts_details_sep,2015,6681.842
usa,sex_f,geo_cov_nat,mts_details_sep,2016,6643.412
usa,sex_f,geo_cov_nat,mts_details_sep,2017,6749.915
usa,sex_f,geo_cov_nat,mts_details_sep,2018,6879.267
usa,sex_f,geo_cov_nat,mts_details_sep,2019,6943.4
usa,sex_f,geo_cov_nat,mts_details_sep,2020,6963.402
usa,sex_f,geo_cov_nat,mts_details_sep,2021,7105.722
usa,sex_f,geo_cov_nat,mts_details_sgle,2005,9863.53
usa,sex_f,geo_cov_nat,mts_details_sgle,2006,10149.835
usa,sex_f,geo_cov_nat,mts_details_sgle,2007,10474.594
usa,sex_f,geo_cov_nat,mts_details_sgle,2008,10749.438
usa,sex_f,geo_cov_nat,mts_details_sgle,2009,11276.023
usa,sex_f,geo_cov_nat,mts_details_sgle,2010,11956.189
usa,sex_f,geo_cov_nat,mts_details_sgle,2011,12414.331
usa,sex_f,geo_cov_nat,mts_details_sgle,2012,12790.933
usa,sex_f,geo_cov_nat,mts_details_sgle,2013,13005.928
usa,sex_f,geo_cov_nat,mts_details_sgle,2014,13221.845
usa,sex_f,geo_cov_nat,mts_details_sgle,2015,13439.678
usa,sex_f,geo_cov_nat,mts_details_sgle,2016,13510.157
usa,sex_f,geo_cov_nat,mts_details_sgle,2017,13362.156
usa,sex_f,geo_cov_nat,mts_details_sgle,2018,13557.142
usa,sex_f,geo_cov_nat,mts_details_sgle,2019,13503.038
usa,sex_f,geo_cov_nat,mts_details_sgle,2020,14259.78
usa,sex_f,geo_cov_nat,mts_details_sgle,2021,14326.876
usa,sex_f,geo_cov_nat,mts_details_total,2005,47643.222
usa,sex_f,geo_cov_nat,mts_details_total,2006,48037.412
usa,sex_f,geo_cov_nat,mts_details_total,2007,48706.523
usa,sex_f,geo_cov_nat,mts_details_total,2008,48908.2
usa,sex_f,geo_cov_nat,mts_details_total,2009,49646.111
usa,sex_f,geo_cov_nat,mts_details_total,2010,50751.808
usa,sex_f,geo_cov_nat,mts_details_total,2011,51658.22
usa,sex_f,geo_cov_nat,mts_details_total,2012,53292.986
usa,sex_f,geo_cov_nat,mts_details_total,2013,54401.477
usa,sex_f,geo_cov_nat,mts_details_total,2014,55159.339
usa,sex_f,geo_cov_nat,mts_details_total,2015,56190.229
usa,sex_f,geo_cov_nat,mts_details_total,2016,56608.078
usa,sex_f,geo_cov_nat,mts_details_total,2017,56629.108
usa,sex_f,geo_cov_nat,mts_details_total,2018,57133.971
usa,sex_f,geo_cov_nat,mts_details_total,2019,56969.872
usa,sex_f,geo_cov_nat,mts_details_total,2020,58868.73
usa,sex_f,geo_cov_nat,mts_details_total,2021,59258.69
usa,sex_f,geo_cov_nat,mts_details_wid,2005,9037.066
usa,sex_f,geo_cov_nat,mts_details_wid,2006,9057.721
usa,sex_f,geo_cov_nat,mts_details_wid,2007,9102.723
usa,sex_f,geo_cov_nat,mts_details_wid,2008,9069.246
usa,sex_f,geo_cov_nat,mts_details_wid,2009,9095.861
usa,sex_f,geo_cov_nat,mts_details_wid,2010,9104.501
usa,sex_f,geo_cov_nat,mts_details_wid,2011,8914.814
usa,sex_f,geo_cov_nat,mts_details_wid,2012,9093.848
usa,sex_f,geo_cov_nat,mts_details_wid,2013,9260.207
usa,sex_f,geo_cov_nat,mts_details_wid,2014,9269.899
usa,sex_f,geo_cov_nat,mts_details_wid,2015,9307.369
usa,sex_f,geo_cov_nat,mts_details_wid,2016,9221.903
usa,sex_f,geo_cov_nat,mts_details_wid,2017,9293.647
usa,sex_f,geo_cov_nat,mts_details_wid,2018,9472.015
usa,sex_f,geo_cov_nat,mts_details_wid,2019,9531.026
usa,sex_f,geo_cov_nat,mts_details_wid,2020,9416.937
usa,sex_f,geo_cov_nat,mts_details_wid,2021,9597.386
usa,sex_f,geo_cov_rur,mts_aggregate_1,2005,4967.714
usa,sex_f,geo_cov_rur,mts_aggregate_1,2006,4847.563
usa,sex_f,geo_cov_rur,mts_aggregate_1,2007,4884.461
usa,sex_f,geo_cov_rur,mts_aggregate_1,2008,4990.671
usa,sex_f,geo_cov_rur,mts_aggregate_1,2009,5181.443
usa,sex_f,geo_cov_rur,mts_aggregate_1,2010,5372.794
usa,sex_f,geo_cov_rur,mts_aggregate_1,2011,5399.07
usa,sex_f,geo_cov_rur,mts_aggregate_1,2012,5484.524
usa,sex_f,geo_cov_rur,mts_aggregate_1,2013,5570.694
usa,sex_f,geo_cov_rur,mts_aggregate_1,2014,5614.131
usa,sex_f,geo_cov_rur,mts_aggregate_1,2015,5544.018
usa,sex_f,geo_cov_rur,mts_aggregate_1,2016,5453.373
usa,sex_f,geo_cov_rur,mts_aggregate_1,2017,5488.638
usa,sex_f,geo_cov_rur,mts_aggregate_1,2018,5523.801
usa,sex_f,geo_cov_rur,mts_aggregate_1,2019,5474.513
usa,sex_f,geo_cov_rur,mts_aggregate_1,2020,5437.223
usa,sex_f,geo_cov_rur,mts_aggregate_1,2021,5575.332
usa,sex_f,geo_cov_rur,mts_aggregate_2,2005,5155.068
usa,sex_f,geo_cov_rur,mts_aggregate_2,2006,5173.342
usa,sex_f,geo_cov_rur,mts_aggregate_2,2007,5199.662
usa,sex_f,geo_cov_rur,mts_aggregate_2,2008,5155.502
usa,sex_f,geo_cov_rur,mts_aggregate_2,2009,5127.276
usa,sex_f,geo_cov_rur,mts_aggregate_2,2010,5111.881
usa,sex_f,geo_cov_rur,mts_aggregate_2,2011,5143.486
usa,sex_f,geo_cov_rur,mts_aggregate_2,2012,5307.595
usa,sex_f,geo_cov_rur,mts_aggregate_2,2013,5497.272
usa,sex_f,geo_cov_rur,mts_aggregate_2,2014,5495.008
usa,sex_f,geo_cov_rur,mts_aggregate_2,2015,5329.741
usa,sex_f,geo_cov_rur,mts_aggregate_2,2016,5267.081
usa,sex_f,geo_cov_rur,mts_aggregate_2,2017,5277.942
usa,sex_f,geo_cov_rur,mts_aggregate_2,2018,5150.379
usa,sex_f,geo_cov_rur,mts_aggregate_2,2019,5080.241
usa,sex_f,geo_cov_rur,mts_aggregate_2,2020,5310.291
usa,sex_f,geo_cov_rur,mts_aggregate_2,2021,5237.958
usa,sex_f,geo_cov_rur,mts_aggregate_total,2005,10122.782
usa,sex_f,geo_cov_rur,mts_aggregate_total,2006,10020.904
usa,sex_f,geo_cov_rur,mts_aggregate_total,2007,10084.123
usa,sex_f,geo_cov_rur,mts_aggregate_total,2008,10146.173
usa,sex_f,geo_cov_rur,mts_aggregate_total,2009,10308.719
usa,sex_f,geo_cov_rur,mts_aggregate_total,2010,10484.675
usa,sex_f,geo_cov_rur,mts_aggregate_total,2011,10542.556
usa,sex_f,geo_cov_rur,mts_aggregate_total,2012,10792.119
usa,sex_f,geo_cov_rur,mts_aggregate_total,2013,11067.965
usa,sex_f,geo_cov_rur,mts_aggregate_total,2014,11109.139
usa,sex_f,geo_cov_rur,mts_aggregate_total,2015,10873.759
usa,sex_f,geo_cov_rur,mts_aggregate_total,2016,10720.453
usa,sex_f,geo_cov_rur,mts_aggregate_total,2017,10766.58
usa,sex_f,geo_cov_rur,mts_aggregate_total,2018,10674.18
usa,sex_f,geo_cov_rur,mts_aggregate_total,2019,10554.754
usa,sex_f,geo_cov_rur,mts_aggregate_total,2020,10747.514
usa,sex_f,geo_cov_rur,mts_aggregate_total,2021,10813.29
usa,sex_f,geo_cov_rur,mts_details_mrd,2005,5155.068
usa,sex_f,geo_cov_rur,mts_details_mrd,2006,5173.342
usa,sex_f,geo_cov_rur,mts_details_mrd,2007,5199.662
usa,sex_f,geo_cov_rur,mts_details_mrd,2008,5155.502
usa,sex_f,geo_cov_rur,mts_details_mrd,2009,5127.276
usa,sex_f,geo_cov_rur,mts_details_mrd,2010,5111.881
usa,sex_f,geo_cov_rur,mts_details_mrd,2011,5143.486
usa,sex_f,geo_cov_rur,mts_details_mrd,2012,5307.595
usa,sex_f,geo_cov_rur,mts_details_mrd,2013,5497.272
usa,sex_f,geo_cov_rur,mts_details_mrd,2014,5495.008
usa,sex_f,geo_cov_rur,mts_details_mrd,2015,5329.741
usa,sex_f,geo_cov_rur,mts_details_mrd,2016,5267.081
usa,sex_f,geo_cov_rur,mts_details_mrd,2017,5277.942
usa,sex_f,geo_cov_rur,mts_details_mrd,2018,5150.379
usa,sex_f,geo_cov_rur,mts_details_mrd,2019,5080.241
usa,sex_f,geo_cov_rur,mts_details_mrd,2020,5310.291
usa,sex_f,geo_cov_rur,mts_details_mrd,2021,5237.958
usa,sex_f,geo_cov_rur,mts_details_sep,2005,993.219
usa,sex_f,geo_cov_rur,mts_details_sep,2006,995.417
usa,sex_f,geo_cov_rur,mts_details_sep,2007,1054.468
usa,sex_f,geo_cov_rur,mts_details_sep,2008,1108.324
usa,sex_f,geo_cov_rur,mts_details_sep,2009,1154.729
usa,sex_f,geo_cov_rur,mts_details_sep,2010,1201.225
usa,sex_f,geo_cov_rur,mts_details_sep,2011,1198.368
usa,sex_f,geo_cov_rur,mts_details_sep,2012,1232.279
usa,sex_f,geo_cov_rur,mts_details_sep,2013,1308.332
usa,sex_f,geo_cov_rur,mts_details_sep,2014,1380.582
usa,sex_f,geo_cov_rur,mts_details_sep,2015,1425.636
usa,sex_f,geo_cov_rur,mts_details_sep,2016,1365.848
usa,sex_f,geo_cov_rur,mts_details_sep,2017,1382.557
usa,sex_f,geo_cov_rur,mts_details_sep,2018,1412.094
usa,sex_f,geo_cov_rur,mts_details_sep,2019,1440.107
usa,sex_f,geo_cov_rur,mts_details_sep,2020,1368.621
usa,sex_f,geo_cov_rur,mts_details_sep,2021,1442.856
usa,sex_f,geo_cov_rur,mts_details_sgle,2005,1756.173
usa,sex_f,geo_cov_rur,mts_details_sgle,2006,1702.649
usa,sex_f,geo_cov_rur,mts_details_sgle,2007,1760.822
usa,sex_f,geo_cov_rur,mts_details_sgle,2008,1814.563
usa,sex_f,geo_cov_rur,mts_details_sgle,2009,1919.318
usa,sex_f,geo_cov_rur,mts_details_sgle,2010,2064.613
usa,sex_f,geo_cov_rur,mts_details_sgle,2011,2075.898
usa,sex_f,geo_cov_rur,mts_details_sgle,2012,2109.32
usa,sex_f,geo_cov_rur,mts_details_sgle,2013,2134.66
usa,sex_f,geo_cov_rur,mts_details_sgle,2014,2117.087
usa,sex_f,geo_cov_rur,mts_details_sgle,2015,2048.72
usa,sex_f,geo_cov_rur,mts_details_sgle,2016,2058.071
usa,sex_f,geo_cov_rur,mts_details_sgle,2017,2058.439
usa,sex_f,geo_cov_rur,mts_details_sgle,2018,2076.158
usa,sex_f,geo_cov_rur,mts_details_sgle,2019,2037.128
usa,sex_f,geo_cov_rur,mts_details_sgle,2020,2083.952
usa,sex_f,geo_cov_rur,mts_details_sgle,2021,2110.323
usa,sex_f,geo_cov_rur,mts_details_total,2005,10122.782
usa,sex_f,geo_cov_rur,mts_details_total,2006,10020.904
usa,sex_f,geo_cov_rur,mts_details_total,2007,10084.123
usa,sex_f,geo_cov_rur,mts_details_total,2008,10146.173
usa,sex_f,geo_cov_rur,mts_details_total,2009,10308.719
usa,sex_f,geo_cov_rur,mts_details_total,2010,10484.675
usa,sex_f,geo_cov_rur,mts_details_total,2011,10542.556
usa,sex_f,geo_cov_rur,mts_details_total,2012,10792.119
usa,sex_f,geo_cov_rur,mts_details_total,2013,11067.965
usa,sex_f,geo_cov_rur,mts_details_total,2014,11109.139
usa,sex_f,geo_cov_rur,mts_details_total,2015,10873.759
usa,sex_f,geo_cov_rur,mts_details_total,2016,10720.453
usa,sex_f,geo_cov_rur,mts_details_total,2017,10766.58
usa,sex_f,geo_cov_rur,mts_details_total,2018,10674.18
usa,sex_f,geo_cov_rur,mts_details_total,2019,10554.754
usa,sex_f,geo_cov_rur,mts_details_total,2020,10747.514
usa,sex_f,geo_cov_rur,mts_details_total,2021,10813.29
usa,sex_f,geo_cov_rur,mts_details_wid,2005,2218.322
usa,sex_f,geo_cov_rur,mts_details_wid,2006,2149.497
usa,sex_f,geo_cov_rur,mts_details_wid,2007,2069.171
usa,sex_f,geo_cov_rur,mts_details_wid,2008,2067.784
usa,sex_f,geo_cov_rur,mts_details_wid,2009,2107.397
usa,sex_f,geo_cov_rur,mts_details_wid,2010,2106.955
usa,sex_f,geo_cov_rur,mts_details_wid,2011,2124.805
usa,sex_f,geo_cov_rur,mts_details_wid,2012,2142.925
usa,sex_f,geo_cov_rur,mts_details_wid,2013,2127.702
usa,sex_f,geo_cov_rur,mts_details_wid,2014,2116.462
usa,sex_f,geo_cov_rur,mts_details_wid,2015,2069.663
usa,sex_f,geo_cov_rur,mts_details_wid,2016,2029.454
usa,sex_f,geo_cov_rur,mts_details_wid,2017,2047.643
usa,sex_f,geo_cov_rur,mts_details_wid,2018,2035.55
usa,sex_f,geo_cov_rur,mts_details_wid,2019,1997.277
usa,sex_f,geo_cov_rur,mts_details_wid,2020,1984.649
usa,sex_f,geo_cov_rur,mts_details_wid,2021,2022.153
usa,sex_f,geo_cov_urb,mts_aggregate_1,2005,18695.791
usa,sex_f,geo_cov_urb,mts_aggregate_1,2006,19207.431
usa,sex_f,geo_cov_urb,mts_aggregate_1,2007,19596.507
usa,sex_f,geo_cov_urb,mts_aggregate_1,2008,19954.475
usa,sex_f,geo_cov_urb,mts_aggregate_1,2009,20430.209
usa,sex_f,geo_cov_urb,mts_aggregate_1,2010,21184.454
usa,sex_f,geo_cov_urb,mts_aggregate_1,2011,21640.408
usa,sex_f,geo_cov_urb,mts_aggregate_1,2012,22311.739
usa,sex_f,geo_cov_urb,mts_aggregate_1,2013,22839.125
usa,sex_f,geo_cov_urb,mts_aggregate_1,2014,23204.117
usa,sex_f,geo_cov_urb,mts_aggregate_1,2015,23884.871
usa,sex_f,geo_cov_urb,mts_aggregate_1,2016,23922.1
usa,sex_f,geo_cov_urb,mts_aggregate_1,2017,23917.08
usa,sex_f,geo_cov_urb,mts_aggregate_1,2018,24384.622
usa,sex_f,geo_cov_urb,mts_aggregate_1,2019,24502.952
usa,sex_f,geo_cov_urb,mts_aggregate_1,2020,25202.896
usa,sex_f,geo_cov_urb,mts_aggregate_1,2021,25454.653
usa,sex_f,geo_cov_urb,mts_aggregate_2,2005,18824.649
usa,sex_f,geo_cov_urb,mts_aggregate_2,2006,18809.077
usa,sex_f,geo_cov_urb,mts_aggregate_2,2007,19025.894
usa,sex_f,geo_cov_urb,mts_aggregate_2,2008,18807.552
usa,sex_f,geo_cov_urb,mts_aggregate_2,2009,18907.183
usa,sex_f,geo_cov_urb,mts_aggregate_2,2010,19082.679
usa,sex_f,geo_cov_urb,mts_aggregate_2,2011,19475.256
usa,sex_f,geo_cov_urb,mts_aggregate_2,2012,20189.128
usa,sex_f,geo_cov_urb,mts_aggregate_2,2013,20494.386
usa,sex_f,geo_cov_urb,mts_aggregate_2,2014,20846.083
usa,sex_f,geo_cov_urb,mts_aggregate_2,2015,21431.6
usa,sex_f,geo_cov_urb,mts_aggregate_2,2016,21965.525
usa,sex_f,geo_cov_urb,mts_aggregate_2,2017,21945.448
usa,sex_f,geo_cov_urb,mts_aggregate_2,2018,22075.17
usa,sex_f,geo_cov_urb,mts_aggregate_2,2019,21912.167
usa,sex_f,geo_cov_urb,mts_aggregate_2,2020,22918.32
usa,sex_f,geo_cov_urb,mts_aggregate_2,2021,22990.747
usa,sex_f,geo_cov_urb,mts_aggregate_total,2005,37520.44
usa,sex_f,geo_cov_urb,mts_aggregate_total,2006,38016.508
usa,sex_f,geo_cov_urb,mts_aggregate_total,2007,38622.401
usa,sex_f,geo_cov_urb,mts_aggregate_total,2008,38762.027
usa,sex_f,geo_cov_urb,mts_aggregate_total,2009,39337.392
usa,sex_f,geo_cov_urb,mts_aggregate_total,2010,40267.133
usa,sex_f,geo_cov_urb,mts_aggregate_total,2011,41115.664
usa,sex_f,geo_cov_urb,mts_aggregate_total,2012,42500.867
usa,sex_f,geo_cov_urb,mts_aggregate_total,2013,43333.511
usa,sex_f,geo_cov_urb,mts_aggregate_total,2014,44050.2
usa,sex_f,geo_cov_urb,mts_aggregate_total,2015,45316.471
usa,sex_f,geo_cov_urb,mts_aggregate_total,2016,45887.625
usa,sex_f,geo_cov_urb,mts_aggregate_total,2017,45862.528
usa,sex_f,geo_cov_urb,mts_aggregate_total,2018,46459.791
usa,sex_f,geo_cov_urb,mts_aggregate_total,2019,46415.119
usa,sex_f,geo_cov_urb,mts_aggregate_total,2020,48121.216
usa,sex_f,geo_cov_urb,mts_aggregate_total,2021,48445.4
usa,sex_f,geo_cov_urb,mts_details_mrd,2005,18824.649
usa,sex_f,geo_cov_urb,mts_details_mrd,2006,18809.077
usa,sex_f,geo_cov_urb,mts_details_mrd,2007,19025.894
usa,sex_f,geo_cov_urb,mts_details_mrd,2008,18807.552
usa,sex_f,geo_cov_urb,mts_details_mrd,2009,18907.183
usa,sex_f,geo_cov_urb,mts_details_mrd,2010,19082.679
usa,sex_f,geo_cov_urb,mts_details_mrd,2011,19475.256
usa,sex_f,geo_cov_urb,mts_details_mrd,2012,20189.128
usa,sex_f,geo_cov_urb,mts_details_mrd,2013,20494.386
usa,sex_f,geo_cov_urb,mts_details_mrd,2014,20846.083
usa,sex_f,geo_cov_urb,mts_details_mrd,2015,21431.6
usa,sex_f,geo_cov_urb,mts_details_mrd,2016,21965.525
usa,sex_f,geo_cov_urb,mts_details_mrd,2017,21945.448
usa,sex_f,geo_cov_urb,mts_details_mrd,2018,22075.17
usa,sex_f,geo_cov_urb,mts_details_mrd,2019,21912.167
usa,sex_f,geo_cov_urb,mts_details_mrd,2020,22918.32
usa,sex_f,geo_cov_urb,mts_details_mrd,2021,22990.747
usa,sex_f,geo_cov_urb,mts_details_sep,2005,3769.69
usa,sex_f,geo_cov_urb,mts_details_sep,2006,3852.021
usa,sex_f,geo_cov_urb,mts_details_sep,2007,3849.183
usa,sex_f,geo_cov_urb,mts_details_sep,2008,4018.137
usa,sex_f,geo_cov_urb,mts_details_sep,2009,4085.04
usa,sex_f,geo_cov_urb,mts_details_sep,2010,4295.333
usa,sex_f,geo_cov_urb,mts_details_sep,2011,4511.965
usa,sex_f,geo_cov_urb,mts_details_sep,2012,4679.202
usa,sex_f,geo_cov_urb,mts_details_sep,2013,4835.351
usa,sex_f,geo_cov_urb,mts_details_sep,2014,4945.922
usa,sex_f,geo_cov_urb,mts_details_sep,2015,5256.206
usa,sex_f,geo_cov_urb,mts_details_sep,2016,5277.565
usa,sex_f,geo_cov_urb,mts_details_sep,2017,5367.359
usa,sex_f,geo_cov_urb,mts_details_sep,2018,5467.172
usa,sex_f,geo_cov_urb,mts_details_sep,2019,5503.292
usa,sex_f,geo_cov_urb,mts_details_sep,2020,5594.781
usa,sex_f,geo_cov_urb,mts_details_sep,2021,5662.867
usa,sex_f,geo_cov_urb,mts_details_sgle,2005,8107.357
usa,sex_f,geo_cov_urb,mts_details_sgle,2006,8447.186
usa,sex_f,geo_cov_urb,mts_details_sgle,2007,8713.772
usa,sex_f,geo_cov_urb,mts_details_sgle,2008,8934.876
usa,sex_f,geo_cov_urb,mts_details_sgle,2009,9356.705
usa,sex_f,geo_cov_urb,mts_details_sgle,2010,9891.576
usa,sex_f,geo_cov_urb,mts_details_sgle,2011,10338.434
usa,sex_f,geo_cov_urb,mts_details_sgle,2012,10681.614
usa,sex_f,geo_cov_urb,mts_details_sgle,2013,10871.268
usa,sex_f,geo_cov_urb,mts_details_sgle,2014,11104.758
usa,sex_f,geo_cov_urb,mts_details_sgle,2015,11390.959
usa,sex_f,geo_cov_urb,mts_details_sgle,2016,11452.087
usa,sex_f,geo_cov_urb,mts_details_sgle,2017,11303.717
usa,sex_f,geo_cov_urb,mts_details_sgle,2018,11480.984
usa,sex_f,geo_cov_urb,mts_details_sgle,2019,11465.91
usa,sex_f,geo_cov_urb,mts_details_sgle,2020,12175.828
usa,sex_f,geo_cov_urb,mts_details_sgle,2021,12216.553
usa,sex_f,geo_cov_urb,mts_details_total,2005,37520.44
usa,sex_f,geo_cov_urb,mts_details_total,2006,38016.508
usa,sex_f,geo_cov_urb,mts_details_total,2007,38622.401
usa,sex_f,geo_cov_urb,mts_details_total,2008,38762.027
usa,sex_f,geo_cov_urb,mts_details_total,2009,39337.392
usa,sex_f,geo_cov_urb,mts_details_total,2010,40267.133
usa,sex_f,geo_cov_urb,mts_details_total,2011,41115.664
usa,sex_f,geo_cov_urb,mts_details_total,2012,42500.867
usa,sex_f,geo_cov_urb,mts_details_total,2013,43333.511
usa,sex_f,geo_cov_urb,mts_details_total,2014,44050.2
usa,sex_f,geo_cov_urb,mts_details_total,2015,45316.471
usa,sex_f,geo_cov_urb,mts_details_total,2016,45887.625
usa,sex_f,geo_cov_urb,mts_details_total,2017,45862.528
usa,sex_f,geo_cov_urb,mts_details_total,2018,46459.791
usa,sex_f,geo_cov_urb,mts_details_total,2019,46415.119
usa,sex_f,geo_cov_urb,mts_details_total,2020,48121.216
usa,sex_f,geo_cov_urb,mts_details_total,2021,48445.4
usa,sex_f,geo_cov_urb,mts_details_wid,2005,6818.744
usa,sex_f,geo_cov_urb,mts_details_wid,2006,6908.224
usa,sex_f,geo_cov_urb,mts_details_wid,2007,7033.552
usa,sex_f,geo_cov_urb,mts_details_wid,2008,7001.462
usa,sex_f,geo_cov_urb,mts_details_wid,2009,6988.464
usa,sex_f,geo_cov_urb,mts_details_wid,2010,6997.545
usa,sex_f,geo_cov_urb,mts_details_wid,2011,6790.009
usa,sex_f,geo_cov_urb,mts_details_wid,2012,6950.923
usa,sex_f,geo_cov_urb,mts_details_wid,2013,7132.506
usa,sex_f,geo_cov_urb,mts_details_wid,2014,7153.437
usa,sex_f,geo_cov_urb,mts_details_wid,2015,7237.706
usa,sex_f,geo_cov_urb,mts_details_wid,2016,7192.449
usa,sex_f,geo_cov_urb,mts_details_wid,2017,7246.004
usa,sex_f,geo_cov_urb,mts_details_wid,2018,7436.465
usa,sex_f,geo_cov_urb,mts_details_wid,2019,7533.749
usa,sex_f,geo_cov_urb,mts_details_wid,2020,7432.288
usa,sex_f,geo_cov_urb,mts_details_wid,2021,7575.233
usa,sex_m,geo_cov_nat,mts_aggregate_1,2005,14919.978
usa,sex_m,geo_cov_nat,mts_aggregate_1,2006,15025.7
usa,sex_m,geo_cov_nat,mts_aggregate_1,2007,15440.813
usa,sex_m,geo_cov_nat,mts_aggregate_1,2008,15877.303
usa,sex_m,geo_cov_nat,mts_aggregate_1,2009,16961.016
usa,sex_m,geo_cov_nat,mts_aggregate_1,2010,17958.909
usa,sex_m,geo_cov_nat,mts_aggregate_1,2011,18537.201
usa,sex_m,geo_cov_nat,mts_aggregate_1,2012,18913.123
usa,sex_m,geo_cov_nat,mts_aggregate_1,2013,19524.568
usa,sex_m,geo_cov_nat,mts_aggregate_1,2014,19919.784
usa,sex_m,geo_cov_nat,mts_aggregate_1,2015,20278.604
usa,sex_m,geo_cov_nat,mts_aggregate_1,2016,20108.079
usa,sex_m,geo_cov_nat,mts_aggregate_1,2017,20240.465
usa,sex_m,geo_cov_nat,mts_aggregate_1,2018,20725.386
usa,sex_m,geo_cov_nat,mts_aggregate_1,2019,20823.476
usa,sex_m,geo_cov_nat,mts_aggregate_1,2020,21696.427
usa,sex_m,geo_cov_nat,mts_aggregate_1,2021,21909.767
usa,sex_m,geo_cov_nat,mts_aggregate_2,2005,14198.856
usa,sex_m,geo_cov_nat,mts_aggregate_2,2006,14324.029
usa,sex_m,geo_cov_nat,mts_aggregate_2,2007,14595.459
usa,sex_m,geo_cov_nat,mts_aggregate_2,2008,14715.865
usa,sex_m,geo_cov_nat,mts_aggregate_2,2009,15051.714
usa,sex_m,geo_cov_nat,mts_aggregate_2,2010,15230.078
usa,sex_m,geo_cov_nat,mts_aggregate_2,2011,15805.461
usa,sex_m,geo_cov_nat,mts_aggregate_2,2012,16103.565
usa,sex_m,geo_cov_nat,mts_aggregate_2,2013,16364.03
usa,sex_m,geo_cov_nat,mts_aggregate_2,2014,16945.625
usa,sex_m,geo_cov_nat,mts_aggregate_2,2015,17201.921
usa,sex_m,geo_cov_nat,mts_aggregate_2,2016,17634.488
usa,sex_m,geo_cov_nat,mts_aggregate_2,2017,17889.734
usa,sex_m,geo_cov_nat,mts_aggregate_2,2018,17856.347
usa,sex_m,geo_cov_nat,mts_aggregate_2,2019,17843.071
usa,sex_m,geo_cov_nat,mts_aggregate_2,2020,19021.514
usa,sex_m,geo_cov_nat,mts_aggregate_2,2021,19072.798
usa,sex_m,geo_cov_nat,mts_aggregate_total,2005,29118.834
usa,sex_m,geo_cov_nat,mts_aggregate_total,2006,29349.729
usa,sex_m,geo_cov_nat,mts_aggregate_total,2007,30036.272
usa,sex_m,geo_cov_nat,mts_aggregate_total,2008,30593.169
usa,sex_m,geo_cov_nat,mts_aggregate_total,2009,32012.729
usa,sex_m,geo_cov_nat,mts_aggregate_total,2010,33188.987
usa,sex_m,geo_cov_nat,mts_aggregate_total,2011,34342.663
usa,sex_m,geo_cov_nat,mts_aggregate_total,2012,35016.689
usa,sex_m,geo_cov_nat,mts_aggregate_total,2013,35888.598
usa,sex_m,geo_cov_nat,mts_aggregate_total,2014,36865.409
usa,sex_m,geo_cov_nat,mts_aggregate_total,2015,37480.525
usa,sex_m,geo_cov_nat,mts_aggregate_total,2016,37742.566
usa,sex_m,geo_cov_nat,mts_aggregate_total,2017,38130.198
usa,sex_m,geo_cov_nat,mts_aggregate_total,2018,38581.733
usa,sex_m,geo_cov_nat,mts_aggregate_total,2019,38666.547
usa,sex_m,geo_cov_nat,mts_aggregate_total,2020,40717.941
usa,sex_m,geo_cov_nat,mts_aggregate_total,2021,40982.566
usa,sex_m,geo_cov_nat,mts_details_mrd,2005,14198.856
usa,sex_m,geo_cov_nat,mts_details_mrd,2006,14324.029
usa,sex_m,geo_cov_nat,mts_details_mrd,2007,14595.459
usa,sex_m,geo_cov_nat,mts_details_mrd,2008,14715.865
usa,sex_m,geo_cov_nat,mts_details_mrd,2009,15051.714
usa,sex_m,geo_cov_nat,mts_details_mrd,2010,15230.078
usa,sex_m,geo_cov_nat,mts_details_mrd,2011,15805.461
usa,sex_m,geo_cov_nat,mts_details_mrd,2012,16103.565
usa,sex_m,geo_cov_nat,mts_details_mrd,2013,16364.03
usa,sex_m,geo_cov_nat,mts_details_mrd,2014,16945.625
usa,sex_m,geo_cov_nat,mts_details_mrd,2015,17201.921
usa,sex_m,geo_cov_nat,mts_details_mrd,2016,17634.488
usa,sex_m,geo_cov_nat,mts_details_mrd,2017,17889.734
usa,sex_m,geo_cov_nat,mts_details_mrd,2018,17856.347
usa,sex_m,geo_cov_nat,mts_details_mrd,2019,17843.071
usa,sex_m,geo_cov_nat,mts_details_mrd,2020,19021.514
usa,sex_m,geo_cov_nat,mts_details_mrd,2021,19072.798
usa,sex_m,geo_cov_nat,mts_details_sep,2005,2939.109
usa,sex_m,geo_cov_nat,mts_details_sep,2006,3021.562
usa,sex_m,geo_cov_nat,mts_details_sep,2007,2950.275
usa,sex_m,geo_cov_nat,mts_details_sep,2008,3064.589
usa,sex_m,geo_cov_nat,mts_details_sep,2009,3324.624
usa,sex_m,geo_cov_nat,mts_details_sep,2010,3598.198
usa,sex_m,geo_cov_nat,mts_details_sep,2011,3842.592
usa,sex_m,geo_cov_nat,mts_details_sep,2012,4011.47
usa,sex_m,geo_cov_nat,mts_details_sep,2013,4187.388
usa,sex_m,geo_cov_nat,mts_details_sep,2014,4207.739
usa,sex_m,geo_cov_nat,mts_details_sep,2015,4399.181
usa,sex_m,geo_cov_nat,mts_details_sep,2016,4255.006
usa,sex_m,geo_cov_nat,mts_details_sep,2017,4359.451
usa,sex_m,geo_cov_nat,mts_details_sep,2018,4567.192
usa,sex_m,geo_cov_nat,mts_details_sep,2019,4546.493
usa,sex_m,geo_cov_nat,mts_details_sep,2020,4491.561
usa,sex_m,geo_cov_nat,mts_details_sep,2021,4784.928
usa,sex_m,geo_cov_nat,mts_details_sgle,2005,9910.88
usa,sex_m,geo_cov_nat,mts_details_sgle,2006,9957.272
usa,sex_m,geo_cov_nat,mts_details_sgle,2007,10373.841
usa,sex_m,geo_cov_nat,mts_details_sgle,2008,10631.397
usa,sex_m,geo_cov_nat,mts_details_sgle,2009,11447.651
usa,sex_m,geo_cov_nat,mts_details_sgle,2010,12151.745
usa,sex_m,geo_cov_nat,mts_details_sgle,2011,12496.444
usa,sex_m,geo_cov_nat,mts_details_sgle,2012,12697.184
usa,sex_m,geo_cov_nat,mts_details_sgle,2013,12902.067
usa,sex_m,geo_cov_nat,mts_details_sgle,2014,13233.876
usa,sex_m,geo_cov_nat,mts_details_sgle,2015,13364.476
usa,sex_m,geo_cov_nat,mts_details_sgle,2016,13400.292
usa,sex_m,geo_cov_nat,mts_details_sgle,2017,13384.047
usa,sex_m,geo_cov_nat,mts_details_sgle,2018,13577.184
usa,sex_m,geo_cov_nat,mts_details_sgle,2019,13675.68
usa,sex_m,geo_cov_nat,mts_details_sgle,2020,14592.529
usa,sex_m,geo_cov_nat,mts_details_sgle,2021,14415.126
usa,sex_m,geo_cov_nat,mts_details_total,2005,29118.834
usa,sex_m,geo_cov_nat,mts_details_total,2006,29349.729
usa,sex_m,geo_cov_nat,mts_details_total,2007,30036.272
usa,sex_m,geo_cov_nat,mts_details_total,2008,30593.169
usa,sex_m,geo_cov_nat,mts_details_total,2009,32012.729
usa,sex_m,geo_cov_nat,mts_details_total,2010,33188.987
usa,sex_m,geo_cov_nat,mts_details_total,2011,34342.663
usa,sex_m,geo_cov_nat,mts_details_total,2012,35016.689
usa,sex_m,geo_cov_nat,mts_details_total,2013,35888.598
usa,sex_m,geo_cov_nat,mts_details_total,2014,36865.409
usa,sex_m,geo_cov_nat,mts_details_total,2015,37480.525
usa,sex_m,geo_cov_nat,mts_details_total,2016,37742.566
usa,sex_m,geo_cov_nat,mts_details_total,2017,38130.198
usa,sex_m,geo_cov_nat,mts_details_total,2018,38581.733
usa,sex_m,geo_cov_nat,mts_details_total,2019,38666.547
usa,sex_m,geo_cov_nat,mts_details_total,2020,40717.941
usa,sex_m,geo_cov_nat,mts_details_total,2021,40982.566
usa,sex_m,geo_cov_nat,mts_details_wid,2005,2069.989
usa,sex_m,geo_cov_nat,mts_details_wid,2006,2046.866
usa,sex_m,geo_cov_nat,mts_details_wid,2007,2116.697
usa,sex_m,geo_cov_nat,mts_details_wid,2008,2181.317
usa,sex_m,geo_cov_nat,mts_details_wid,2009,2188.741
usa,sex_m,geo_cov_nat,mts_details_wid,2010,2208.966
usa,sex_m,geo_cov_nat,mts_details_wid,2011,2198.166
usa,sex_m,geo_cov_nat,mts_details_wid,2012,2204.47
usa,sex_m,geo_cov_nat,mts_details_wid,2013,2435.113
usa,sex_m,geo_cov_nat,mts_details_wid,2014,2478.169
usa,sex_m,geo_cov_nat,mts_details_wid,2015,2514.947
usa,sex_m,geo_cov_nat,mts_details_wid,2016,2452.781
usa,sex_m,geo_cov_nat,mts_details_wid,2017,2496.966
usa,sex_m,geo_cov_nat,mts_details_wid,2018,2581.009
usa,sex_m,geo_cov_nat,mts_details_wid,2019,2601.303
usa,sex_m,geo_cov_nat,mts_details_wid,2020,2612.337
usa,sex_m,geo_cov_nat,mts_details_wid,2021,2709.714
usa,sex_m,geo_cov_rur,mts_aggregate_1,2005,3114.023
usa,sex_m,geo_cov_rur,mts_aggregate_1,2006,3028.598
usa,sex_m,geo_cov_rur,mts_aggregate_1,2007,3059.951
usa,sex_m,geo_cov_rur,mts_aggregate_1,2008,3193.256
usa,sex_m,geo_cov_rur,mts_aggregate_1,2009,3375.867
usa,sex_m,geo_cov_rur,mts_aggregate_1,2010,3631.264
usa,sex_m,geo_cov_rur,mts_aggregate_1,2011,3715.231
usa,sex_m,geo_cov_rur,mts_aggregate_1,2012,3673.127
usa,sex_m,geo_cov_rur,mts_aggregate_1,2013,3791.397
usa,sex_m,geo_cov_rur,mts_aggregate_1,2014,3897.53
usa,sex_m,geo_cov_rur,mts_aggregate_1,2015,3824.797
usa,sex_m,geo_cov_rur,mts_aggregate_1,2016,3747.121
usa,sex_m,geo_cov_rur,mts_aggregate_1,2017,3845.03
usa,sex_m,geo_cov_rur,mts_aggregate_1,2018,3913.009
usa,sex_m,geo_cov_rur,mts_aggregate_1,2019,3962.141
usa,sex_m,geo_cov_rur,mts_aggregate_1,2020,3942.834
usa,sex_m,geo_cov_rur,mts_aggregate_1,2021,4147.2
usa,sex_m,geo_cov_rur,mts_aggregate_2,2005,3641.657
usa,sex_m,geo_cov_rur,mts_aggregate_2,2006,3631.806
usa,sex_m,geo_cov_rur,mts_aggregate_2,2007,3693.24
usa,sex_m,geo_cov_rur,mts_aggregate_2,2008,3615.992
usa,sex_m,geo_cov_rur,mts_aggregate_2,2009,3684.79
usa,sex_m,geo_cov_rur,mts_aggregate_2,2010,3724.668
usa,sex_m,geo_cov_rur,mts_aggregate_2,2011,3807.596
usa,sex_m,geo_cov_rur,mts_aggregate_2,2012,3860.348
usa,sex_m,geo_cov_rur,mts_aggregate_2,2013,3984.933
usa,sex_m,geo_cov_rur,mts_aggregate_2,2014,4037.361
usa,sex_m,geo_cov_rur,mts_aggregate_2,2015,3955.607
usa,sex_m,geo_cov_rur,mts_aggregate_2,2016,3990.748
usa,sex_m,geo_cov_rur,mts_aggregate_2,2017,3946.227
usa,sex_m,geo_cov_rur,mts_aggregate_2,2018,3848.759
usa,sex_m,geo_cov_rur,mts_aggregate_2,2019,3829.992
usa,sex_m,geo_cov_rur,mts_aggregate_2,2020,4064.936
usa,sex_m,geo_cov_rur,mts_aggregate_2,2021,4056.728
usa,sex_m,geo_cov_rur,mts_aggregate_total,2005,6755.68
usa,sex_m,geo_cov_rur,mts_aggregate_total,2006,6660.404
usa,sex_m,geo_cov_rur,mts_aggregate_total,2007,6753.191
usa,sex_m,geo_cov_rur,mts_aggregate_total,2008,6809.248
usa,sex_m,geo_cov_rur,mts_aggregate_total,2009,7060.656
usa,sex_m,geo_cov_rur,mts_aggregate_total,2010,7355.932
usa,sex_m,geo_cov_rur,mts_aggregate_total,2011,7522.827
usa,sex_m,geo_cov_rur,mts_aggregate_total,2012,7533.475
usa,sex_m,geo_cov_rur,mts_aggregate_total,2013,7776.33
usa,sex_m,geo_cov_rur,mts_aggregate_total,2014,7934.891
usa,sex_m,geo_cov_rur,mts_aggregate_total,2015,7780.405
usa,sex_m,geo_cov_rur,mts_aggregate_total,2016,7737.869
usa,sex_m,geo_cov_rur,mts_aggregate_total,2017,7791.257
usa,sex_m,geo_cov_rur,mts_aggregate_total,2018,7761.768
usa,sex_m,geo_cov_rur,mts_aggregate_total,2019,7792.134
usa,sex_m,geo_cov_rur,mts_aggregate_total,2020,8007.77
usa,sex_m,geo_cov_rur,mts_aggregate_total,2021,8203.928
usa,sex_m,geo_cov_rur,mts_details_mrd,2005,3641.657
usa,sex_m,geo_cov_rur,mts_details_mrd,2006,3631.806
usa,sex_m,geo_cov_rur,mts_details_mrd,2007,3693.24
usa,sex_m,geo_cov_rur,mts_details_mrd,2008,3615.992
usa,sex_m,geo_cov_rur,mts_details_mrd,2009,3684.79
usa,sex_m,geo_cov_rur,mts_details_mrd,2010,3724.668
usa,sex_m,geo_cov_rur,mts_details_mrd,2011,3807.596
usa,sex_m,geo_cov_rur,mts_details_mrd,2012,3860.348
usa,sex_m,geo_cov_rur,mts_details_mrd,2013,3984.933
usa,sex_m,geo_cov_rur,mts_details_mrd,2014,4037.361
usa,sex_m,geo_cov_rur,mts_details_mrd,2015,3955.607
usa,sex_m,geo_cov_rur,mts_details_mrd,2016,3990.748
usa,sex_m,geo_cov_rur,mts_details_mrd,2017,3946.227
usa,sex_m,geo_cov_rur,mts_details_mrd,2018,3848.759
usa,sex_m,geo_cov_rur,mts_details_mrd,2019,3829.992
usa,sex_m,geo_cov_rur,mts_details_mrd,2020,4064.936
usa,sex_m,geo_cov_rur,mts_details_mrd,2021,4056.728
usa,sex_m,geo_cov_rur,mts_details_sep,2005,790.805
usa,sex_m,geo_cov_rur,mts_details_sep,2006,773.143
usa,sex_m,geo_cov_rur,mts_details_sep,2007,747.923
usa,sex_m,geo_cov_rur,mts_details_sep,2008,791.784
usa,sex_m,geo_cov_rur,mts_details_sep,2009,823.175
usa,sex_m,geo_cov_rur,mts_details_sep,2010,921.932
usa,sex_m,geo_cov_rur,mts_details_sep,2011,995.876
usa,sex_m,geo_cov_rur,mts_details_sep,2012,1020.026
usa,sex_m,geo_cov_rur,mts_details_sep,2013,1077.168
usa,sex_m,geo_cov_rur,mts_details_sep,2014,1072.27
usa,sex_m,geo_cov_rur,mts_details_sep,2015,1076.543
usa,sex_m,geo_cov_rur,mts_details_sep,2016,1046.193
usa,sex_m,geo_cov_rur,mts_details_sep,2017,1120.162
usa,sex_m,geo_cov_rur,mts_details_sep,2018,1144.665
usa,sex_m,geo_cov_rur,mts_details_sep,2019,1128.218
usa,sex_m,geo_cov_rur,mts_details_sep,2020,1108.674
usa,sex_m,geo_cov_rur,mts_details_sep,2021,1202.264
usa,sex_m,geo_cov_rur,mts_details_sgle,2005,1821.957
usa,sex_m,geo_cov_rur,mts_details_sgle,2006,1767.724
usa,sex_m,geo_cov_rur,mts_details_sgle,2007,1817.21
usa,sex_m,geo_cov_rur,mts_details_sgle,2008,1902.564
usa,sex_m,geo_cov_rur,mts_details_sgle,2009,2041.309
usa,sex_m,geo_cov_rur,mts_details_sgle,2010,2179.834
usa,sex_m,geo_cov_rur,mts_details_sgle,2011,2185.053
usa,sex_m,geo_cov_rur,mts_details_sgle,2012,2106.479
usa,sex_m,geo_cov_rur,mts_details_sgle,2013,2133.205
usa,sex_m,geo_cov_rur,mts_details_sgle,2014,2239.546
usa,sex_m,geo_cov_rur,mts_details_sgle,2015,2180.392
usa,sex_m,geo_cov_rur,mts_details_sgle,2016,2127.347
usa,sex_m,geo_cov_rur,mts_details_sgle,2017,2138.203
usa,sex_m,geo_cov_rur,mts_details_sgle,2018,2166.433
usa,sex_m,geo_cov_rur,mts_details_sgle,2019,2204.457
usa,sex_m,geo_cov_rur,mts_details_sgle,2020,2204.326
usa,sex_m,geo_cov_rur,mts_details_sgle,2021,2298.862
usa,sex_m,geo_cov_rur,mts_details_total,2005,6755.68
usa,sex_m,geo_cov_rur,mts_details_total,2006,6660.404
usa,sex_m,geo_cov_rur,mts_details_total,2007,6753.191
usa,sex_m,geo_cov_rur,mts_details_total,2008,6809.248
usa,sex_m,geo_cov_rur,mts_details_total,2009,7060.656
usa,sex_m,geo_cov_rur,mts_details_total,2010,7355.932
usa,sex_m,geo_cov_rur,mts_details_total,2011,7522.827
usa,sex_m,geo_cov_rur,mts_details_total,2012,7533.475
usa,sex_m,geo_cov_rur,mts_details_total,2013,7776.33
usa,sex_m,geo_cov_rur,mts_details_total,2014,7934.891
usa,sex_m,geo_cov_rur,mts_details_total,2015,7780.405
usa,sex_m,geo_cov_rur,mts_details_total,2016,7737.869
usa,sex_m,geo_cov_rur,mts_details_total,2017,7791.257
usa,sex_m,geo_cov_rur,mts_details_total,2018,7761.768
usa,sex_m,geo_cov_rur,mts_details_total,2019,7792.134
usa,sex_m,geo_cov_rur,mts_details_total,2020,8007.77
usa,sex_m,geo_cov_rur,mts_details_total,2021,8203.928
usa,sex_m,geo_cov_rur,mts_details_wid,2005,501.262
usa,sex_m,geo_cov_rur,mts_details_wid,2006,487.732
usa,sex_m,geo_cov_rur,mts_details_wid,2007,494.818
usa,sex_m,geo_cov_rur,mts_details_wid,2008,498.907
usa,sex_m,geo_cov_rur,mts_details_wid,2009,511.383
usa,sex_m,geo_cov_rur,mts_details_wid,2010,529.498
usa,sex_m,geo_cov_rur,mts_details_wid,2011,534.302
usa,sex_m,geo_cov_rur,mts_details_wid,2012,546.623
usa,sex_m,geo_cov_rur,mts_details_wid,2013,581.024
usa,sex_m,geo_cov_rur,mts_details_wid,2014,585.714
usa,sex_m,geo_cov_rur,mts_details_wid,2015,567.862
usa,sex_m,geo_cov_rur,mts_details_wid,2016,573.581
usa,sex_m,geo_cov_rur,mts_details_wid,2017,586.664
usa,sex_m,geo_cov_rur,mts_details_wid,2018,601.912
usa,sex_m,geo_cov_rur,mts_details_wid,2019,629.466
usa,sex_m,geo_cov_rur,mts_details_wid,2020,629.834
usa,sex_m,geo_cov_rur,mts_details_wid,2021,646.075
usa,sex_m,geo_cov_urb,mts_aggregate_1,2005,11805.955
usa,sex_m,geo_cov_urb,mts_aggregate_1,2006,11997.102
usa,sex_m,geo_cov_urb,mts_aggregate_1,2007,12380.862
usa,sex_m,geo_cov_urb,mts_aggregate_1,2008,12684.048
usa,sex_m,geo_cov_urb,mts_aggregate_1,2009,13585.149
usa,sex_m,geo_cov_urb,mts_aggregate_1,2010,14327.645
usa,sex_m,geo_cov_urb,mts_aggregate_1,2011,14821.97
usa,sex_m,geo_cov_urb,mts_aggregate_1,2012,15239.996
usa,sex_m,geo_cov_urb,mts_aggregate_1,2013,15733.171
usa,sex_m,geo_cov_urb,mts_aggregate_1,2014,16022.254
usa,sex_m,geo_cov_urb,mts_aggregate_1,2015,16453.807
usa,sex_m,geo_cov_urb,mts_aggregate_1,2016,16360.958
usa,sex_m,geo_cov_urb,mts_aggregate_1,2017,16395.435
usa,sex_m,geo_cov_urb,mts_aggregate_1,2018,16812.376
usa,sex_m,geo_cov_urb,mts_aggregate_1,2019,16861.335
usa,sex_m,geo_cov_urb,mts_aggregate_1,2020,17753.594
usa,sex_m,geo_cov_urb,mts_aggregate_1,2021,17762.567
usa,sex_m,geo_cov_urb,mts_aggregate_2,2005,10557.199
usa,sex_m,geo_cov_urb,mts_aggregate_2,2006,10692.223
usa,sex_m,geo_cov_urb,mts_aggregate_2,2007,10902.219
usa,sex_m,geo_cov_urb,mts_aggregate_2,2008,11099.873
usa,sex_m,geo_cov_urb,mts_aggregate_2,2009,11366.924
usa,sex_m,geo_cov_urb,mts_aggregate_2,2010,11505.41
usa,sex_m,geo_cov_urb,mts_aggregate_2,2011,11997.865
usa,sex_m,geo_cov_urb,mts_aggregate_2,2012,12243.217
usa,sex_m,geo_cov_urb,mts_aggregate_2,2013,12379.097
usa,sex_m,geo_cov_urb,mts_aggregate_2,2014,12908.264
usa,sex_m,geo_cov_urb,mts_aggregate_2,2015,13246.314
usa,sex_m,geo_cov_urb,mts_aggregate_2,2016,13643.74
usa,sex_m,geo_cov_urb,mts_aggregate_2,2017,13943.506
usa,sex_m,geo_cov_urb,mts_aggregate_2,2018,14007.589
usa,sex_m,geo_cov_urb,mts_aggregate_2,2019,14013.079
usa,sex_m,geo_cov_urb,mts_aggregate_2,2020,14956.577
usa,sex_m,geo_cov_urb,mts_aggregate_2,2021,15016.071
usa,sex_m,geo_cov_urb,mts_aggregate_total,2005,22363.154
usa,sex_m,geo_cov_urb,mts_aggregate_total,2006,22689.325
usa,sex_m,geo_cov_urb,mts_aggregate_total,2007,23283.081
usa,sex_m,geo_cov_urb,mts_aggregate_total,2008,23783.921
usa,sex_m,geo_cov_urb,mts_aggregate_total,2009,24952.073
usa,sex_m,geo_cov_urb,mts_aggregate_total,2010,25833.055
usa,sex_m,geo_cov_urb,mts_aggregate_total,2011,26819.835
usa,sex_m,geo_cov_urb,mts_aggregate_total,2012,27483.214
usa,sex_m,geo_cov_urb,mts_aggregate_total,2013,28112.268
usa,sex_m,geo_cov_urb,mts_aggregate_total,2014,28930.518
usa,sex_m,geo_cov_urb,mts_aggregate_total,2015,29700.121
usa,sex_m,geo_cov_urb,mts_aggregate_total,2016,30004.697
usa,sex_m,geo_cov_urb,mts_aggregate_total,2017,30338.941
usa,sex_m,geo_cov_urb,mts_aggregate_total,2018,30819.965
usa,sex_m,geo_cov_urb,mts_aggregate_total,2019,30874.414
usa,sex_m,geo_cov_urb,mts_aggregate_total,2020,32710.171
usa,sex_m,geo_cov_urb,mts_aggregate_total,2021,32778.638
usa,sex_m,geo_cov_urb,mts_details_mrd,2005,10557.199
usa,sex_m,geo_cov_urb,mts_details_mrd,2006,10692.223
usa,sex_m,geo_cov_urb,mts_details_mrd,2007,10902.219
usa,sex_m,geo_cov_urb,mts_details_mrd,2008,11099.873
usa,sex_m,geo_cov_urb,mts_details_mrd,2009,11366.924
usa,sex_m,geo_cov_urb,mts_details_mrd,2010,11505.41
usa,sex_m,geo_cov_urb,mts_details_mrd,2011,11997.865
usa,sex_m,geo_cov_urb,mts_details_mrd,2012,12243.217
usa,sex_m,geo_cov_urb,mts_details_mrd,2013,12379.097
usa,sex_m,geo_cov_urb,mts_details_mrd,2014,12908.264
usa,sex_m,geo_cov_urb,mts_details_mrd,2015,13246.314
usa,sex_m,geo_cov_urb,mts_details_mrd,2016,13643.74
usa,sex_m,geo_cov_urb,mts_details_mrd,2017,13943.506
usa,sex_m,geo_cov_urb,mts_details_mrd,2018,14007.589
usa,sex_m,geo_cov_urb,mts_details_mrd,2019,14013.079
usa,sex_m,geo_cov_urb,mts_details_mrd,2020,14956.577
usa,sex_m,geo_cov_urb,mts_details_mrd,2021,15016.071
usa,sex_m,geo_cov_urb,mts_details_sep,2005,2148.304
usa,sex_m,geo_cov_urb,mts_details_sep,2006,2248.419
usa,sex_m,geo_cov_urb,mts_details_sep,2007,2202.352
usa,sex_m,geo_cov_urb,mts_details_sep,2008,2272.805
usa,sex_m,geo_cov_urb,mts_details_sep,2009,2501.449
usa,sex_m,geo_cov_urb,mts_details_sep,2010,2676.266
usa,sex_m,geo_cov_urb,mts_details_sep,2011,2846.715
usa,sex_m,geo_cov_urb,mts_details_sep,2012,2991.444
usa,sex_m,geo_cov_urb,mts_details_sep,2013,3110.22
usa,sex_m,geo_cov_urb,mts_details_sep,2014,3135.469
usa,sex_m,geo_cov_urb,mts_details_sep,2015,3322.639
usa,sex_m,geo_cov_urb,mts_details_sep,2016,3208.813
usa,sex_m,geo_cov_urb,mts_details_sep,2017,3239.289
usa,sex_m,geo_cov_urb,mts_details_sep,2018,3422.527
usa,sex_m,geo_cov_urb,mts_details_sep,2019,3418.274
usa,sex_m,geo_cov_urb,mts_details_sep,2020,3382.887
usa,sex_m,geo_cov_urb,mts_details_sep,2021,3582.664
usa,sex_m,geo_cov_urb,mts_details_sgle,2005,8088.923
usa,sex_m,geo_cov_urb,mts_details_sgle,2006,8189.548
usa,sex_m,geo_cov_urb,mts_details_sgle,2007,8556.63
usa,sex_m,geo_cov_urb,mts_details_sgle,2008,8728.832
usa,sex_m,geo_cov_urb,mts_details_sgle,2009,9406.343
usa,sex_m,geo_cov_urb,mts_details_sgle,2010,9971.911
usa,sex_m,geo_cov_urb,mts_details_sgle,2011,10311.391
usa,sex_m,geo_cov_urb,mts_details_sgle,2012,10590.705
usa,sex_m,geo_cov_urb,mts_details_sgle,2013,10768.862
usa,sex_m,geo_cov_urb,mts_details_sgle,2014,10994.33
usa,sex_m,geo_cov_urb,mts_details_sgle,2015,11184.084
usa,sex_m,geo_cov_urb,mts_details_sgle,2016,11272.945
usa,sex_m,geo_cov_urb,mts_details_sgle,2017,11245.844
usa,sex_m,geo_cov_urb,mts_details_sgle,2018,11410.752
usa,sex_m,geo_cov_urb,mts_details_sgle,2019,11471.223
usa,sex_m,geo_cov_urb,mts_details_sgle,2020,12388.203
usa,sex_m,geo_cov_urb,mts_details_sgle,2021,12116.264
usa,sex_m,geo_cov_urb,mts_details_total,2005,22363.154
usa,sex_m,geo_cov_urb,mts_details_total,2006,22689.325
usa,sex_m,geo_cov_urb,mts_details_total,2007,23283.081
usa,sex_m,geo_cov_urb,mts_details_total,2008,23783.921
usa,sex_m,geo_cov_urb,mts_details_total,2009,24952.073
usa,sex_m,geo_cov_urb,mts_details_total,2010,25833.055
usa,sex_m,geo_cov_urb,mts_details_total,2011,26819.835
usa,sex_m,geo_cov_urb,mts_details_total,2012,27483.214
usa,sex_m,geo_cov_urb,mts_details_total,2013,28112.268
usa,sex_m,geo_cov_urb,mts_details_total,2014,28930.518
usa,sex_m,geo_cov_urb,mts_details_total,2015,29700.121
usa,sex_m,geo_cov_urb,mts_details_total,2016,30004.697
usa,sex_m,geo_cov_urb,mts_details_total,2017,30338.941
usa,sex_m,geo_cov_urb,mts_details_total,2018,30819.965
usa,sex_m,geo_cov_urb,mts_details_total,2019,30874.414
usa,sex_m,geo_cov_urb,mts_details_total,2020,32710.171
usa,sex_m,geo_cov_urb,mts_details_total,2021,32778.638
usa,sex_m,geo_cov_urb,mts_details_wid,2005,1568.727
usa,sex_m,geo_cov_urb,mts_details_wid,2006,1559.135
usa,sex_m,geo_cov_urb,mts_details_wid,2007,1621.879
usa,sex_m,geo_cov_urb,mts_details_wid,2008,1682.411
usa,sex_m,geo_cov_urb,mts_details_wid,2009,1677.358
usa,sex_m,geo_cov_urb,mts_details_wid,2010,1679.468
usa,sex_m,geo_cov_urb,mts_details_wid,2011,1663.864
usa,sex_m,geo_cov_urb,mts_details_wid,2012,1657.847
usa,sex_m,geo_cov_urb,mts_details_wid,2013,1854.089
usa,sex_m,geo_cov_urb,mts_details_wid,2014,1892.455
usa,sex_m,geo_cov_urb,mts_details_wid,2015,1947.085
usa,sex_m,geo_cov_urb,mts_details_wid,2016,1879.2
usa,sex_m,geo_cov_urb,mts_details_wid,2017,1910.302
usa,sex_m,geo_cov_urb,mts_details_wid,2018,1979.097
usa,sex_m,geo_cov_urb,mts_details_wid,2019,1971.837
usa,sex_m,geo_cov_urb,mts_details_wid,2020,1982.504
usa,sex_m,geo_cov_urb,mts_details_wid,2021,2063.639
usa,sex_t,geo_cov_nat,mts_aggregate_1,2005,38583.482
usa,sex_t,geo_cov_nat,mts_aggregate_1,2006,39080.693
usa,sex_t,geo_cov_nat,mts_aggregate_1,2007,39921.78
usa,sex_t,geo_cov_nat,mts_aggregate_1,2008,40822.449
usa,sex_t,geo_cov_nat,mts_aggregate_1,2009,42572.668
usa,sex_t,geo_cov_nat,mts_aggregate_1,2010,44516.157
usa,sex_t,geo_cov_nat,mts_aggregate_1,2011,45576.679
usa,sex_t,geo_cov_nat,mts_aggregate_1,2012,46709.386
usa,sex_t,geo_cov_nat,mts_aggregate_1,2013,47934.387
usa,sex_t,geo_cov_nat,mts_aggregate_1,2014,48738.032
usa,sex_t,geo_cov_nat,mts_aggregate_1,2015,49707.493
usa,sex_t,geo_cov_nat,mts_aggregate_1,2016,49483.551
usa,sex_t,geo_cov_nat,mts_aggregate_1,2017,49646.182
usa,sex_t,geo_cov_nat,mts_aggregate_1,2018,50633.809
usa,sex_t,geo_cov_nat,mts_aggregate_1,2019,50800.94
usa,sex_t,geo_cov_nat,mts_aggregate_1,2020,52336.546
usa,sex_t,geo_cov_nat,mts_aggregate_1,2021,52939.752
usa,sex_t,geo_cov_nat,mts_aggregate_2,2005,38178.573
usa,sex_t,geo_cov_nat,mts_aggregate_2,2006,38306.448
usa,sex_t,geo_cov_nat,mts_aggregate_2,2007,38821.015
usa,sex_t,geo_cov_nat,mts_aggregate_2,2008,38678.92
usa,sex_t,geo_cov_nat,mts_aggregate_2,2009,39086.172
usa,sex_t,geo_cov_nat,mts_aggregate_2,2010,39424.638
usa,sex_t,geo_cov_nat,mts_aggregate_2,2011,40424.203
usa,sex_t,geo_cov_nat,mts_aggregate_2,2012,41600.289
usa,sex_t,geo_cov_nat,mts_aggregate_2,2013,42355.688
usa,sex_t,geo_cov_nat,mts_aggregate_2,2014,43286.716
usa,sex_t,geo_cov_nat,mts_aggregate_2,2015,43963.261
usa,sex_t,geo_cov_nat,mts_aggregate_2,2016,44867.094
usa,sex_t,geo_cov_nat,mts_aggregate_2,2017,45113.124
usa,sex_t,geo_cov_nat,mts_aggregate_2,2018,45081.895
usa,sex_t,geo_cov_nat,mts_aggregate_2,2019,44835.479
usa,sex_t,geo_cov_nat,mts_aggregate_2,2020,47250.125
usa,sex_t,geo_cov_nat,mts_aggregate_2,2021,47301.504
usa,sex_t,geo_cov_nat,mts_aggregate_total,2005,76762.056
usa,sex_t,geo_cov_nat,mts_aggregate_total,2006,77387.141
usa,sex_t,geo_cov_nat,mts_aggregate_total,2007,78742.795
usa,sex_t,geo_cov_nat,mts_aggregate_total,2008,79501.369
usa,sex_t,geo_cov_nat,mts_aggregate_total,2009,81658.84
usa,sex_t,geo_cov_nat,mts_aggregate_total,2010,83940.795
usa,sex_t,geo_cov_nat,mts_aggregate_total,2011,86000.882
usa,sex_t,geo_cov_nat,mts_aggregate_total,2012,88309.674
usa,sex_t,geo_cov_nat,mts_aggregate_total,2013,90290.074
usa,sex_t,geo_cov_nat,mts_aggregate_total,2014,92024.748
usa,sex_t,geo_cov_nat,mts_aggregate_total,2015,93670.754
usa,sex_t,geo_cov_nat,mts_aggregate_total,2016,94350.644
usa,sex_t,geo_cov_nat,mts_aggregate_total,2017,94759.306
usa,sex_t,geo_cov_nat,mts_aggregate_total,2018,95715.704
usa,sex_t,geo_cov_nat,mts_aggregate_total,2019,95636.42
usa,sex_t,geo_cov_nat,mts_aggregate_total,2020,99586.671
usa,sex_t,geo_cov_nat,mts_aggregate_total,2021,100241.255
usa,sex_t,geo_cov_nat,mts_details_mrd,2005,38178.573
usa,sex_t,geo_cov_nat,mts_details_mrd,2006,38306.448
usa,sex_t,geo_cov_nat,mts_details_mrd,2007,38821.015
usa,sex_t,geo_cov_nat,mts_details_mrd,2008,38678.92
usa,sex_t,geo_cov_nat,mts_details_mrd,2009,39086.172
usa,sex_t,geo_cov_nat,mts_details_mrd,2010,39424.638
usa,sex_t,geo_cov_nat,mts_details_mrd,2011,40424.203
usa,sex_t,geo_cov_nat,mts_details_mrd,2012,41600.289
usa,sex_t,geo_cov_nat,mts_details_mrd,2013,42355.688
usa,sex_t,geo_cov_nat,mts_details_mrd,2014,43286.716
usa,sex_t,geo_cov_nat,mts_details_mrd,2015,43963.261
usa,sex_t,geo_cov_nat,mts_details_mrd,2016,44867.094
usa,sex_t,geo_cov_nat,mts_details_mrd,2017,45113.124
usa,sex_t,geo_cov_nat,mts_details_mrd,2018,45081.895
usa,sex_t,geo_cov_nat,mts_details_mrd,2019,44835.479
usa,sex_t,geo_cov_nat,mts_details_mrd,2020,47250.125
usa,sex_t,geo_cov_nat,mts_details_mrd,2021,47301.504
usa,sex_t,geo_cov_nat,mts_details_sep,2005,7702.018
usa,sex_t,geo_cov_nat,mts_details_sep,2006,7869
usa,sex_t,geo_cov_nat,mts_details_sep,2007,7853.926
usa,sex_t,geo_cov_nat,mts_details_sep,2008,8191.05
usa,sex_t,geo_cov_nat,mts_details_sep,2009,8564.392
usa,sex_t,geo_cov_nat,mts_details_sep,2010,9094.756
usa,sex_t,geo_cov_nat,mts_details_sep,2011,9552.924
usa,sex_t,geo_cov_nat,mts_details_sep,2012,9922.951
usa,sex_t,geo_cov_nat,mts_details_sep,2013,10331.071
usa,sex_t,geo_cov_nat,mts_details_sep,2014,10534.243
usa,sex_t,geo_cov_nat,mts_details_sep,2015,11081.023
usa,sex_t,geo_cov_nat,mts_details_sep,2016,10898.418
usa,sex_t,geo_cov_nat,mts_details_sep,2017,11109.366
usa,sex_t,geo_cov_nat,mts_details_sep,2018,11446.459
usa,sex_t,geo_cov_nat,mts_details_sep,2019,11489.892
usa,sex_t,geo_cov_nat,mts_details_sep,2020,11454.963
usa,sex_t,geo_cov_nat,mts_details_sep,2021,11890.65
usa,sex_t,geo_cov_nat,mts_details_sgle,2005,19774.41
usa,sex_t,geo_cov_nat,mts_details_sgle,2006,20107.106
usa,sex_t,geo_cov_nat,mts_details_sgle,2007,20848.435
usa,sex_t,geo_cov_nat,mts_details_sgle,2008,21380.835
usa,sex_t,geo_cov_nat,mts_details_sgle,2009,22723.674
usa,sex_t,geo_cov_nat,mts_details_sgle,2010,24107.934
usa,sex_t,geo_cov_nat,mts_details_sgle,2011,24910.775
usa,sex_t,geo_cov_nat,mts_details_sgle,2012,25488.117
usa,sex_t,geo_cov_nat,mts_details_sgle,2013,25907.996
usa,sex_t,geo_cov_nat,mts_details_sgle,2014,26455.721
usa,sex_t,geo_cov_nat,mts_details_sgle,2015,26804.155
usa,sex_t,geo_cov_nat,mts_details_sgle,2016,26910.449
usa,sex_t,geo_cov_nat,mts_details_sgle,2017,26746.203
usa,sex_t,geo_cov_nat,mts_details_sgle,2018,27134.326
usa,sex_t,geo_cov_nat,mts_details_sgle,2019,27178.719
usa,sex_t,geo_cov_nat,mts_details_sgle,2020,28852.309
usa,sex_t,geo_cov_nat,mts_details_sgle,2021,28742.002
usa,sex_t,geo_cov_nat,mts_details_total,2005,76762.056
usa,sex_t,geo_cov_nat,mts_details_total,2006,77387.141
usa,sex_t,geo_cov_nat,mts_details_total,2007,78742.795
usa,sex_t,geo_cov_nat,mts_details_total,2008,79501.369
usa,sex_t,geo_cov_nat,mts_details_total,2009,81658.84
usa,sex_t,geo_cov_nat,mts_details_total,2010,83940.795
usa,sex_t,geo_cov_nat,mts_details_total,2011,86000.882
usa,sex_t,geo_cov_nat,mts_details_total,2012,88309.674
usa,sex_t,geo_cov_nat,mts_details_total,2013,90290.074
usa,sex_t,geo_cov_nat,mts_details_total,2014,92024.748
usa,sex_t,geo_cov_nat,mts_details_total,2015,93670.754
usa,sex_t,geo_cov_nat,mts_details_total,2016,94350.644
usa,sex_t,geo_cov_nat,mts_details_total,2017,94759.306
usa,sex_t,geo_cov_nat,mts_details_total,2018,95715.704
usa,sex_t,geo_cov_nat,mts_details_total,2019,95636.42
usa,sex_t,geo_cov_nat,mts_details_total,2020,99586.671
usa,sex_t,geo_cov_nat,mts_details_total,2021,100241.255
usa,sex_t,geo_cov_nat,mts_details_wid,2005,11107.054
usa,sex_t,geo_cov_nat,mts_details_wid,2006,11104.587
usa,sex_t,geo_cov_nat,mts_details_wid,2007,11219.42
usa,sex_t,geo_cov_nat,mts_details_wid,2008,11250.563
usa,sex_t,geo_cov_nat,mts_details_wid,2009,11284.602
usa,sex_t,geo_cov_nat,mts_details_wid,2010,11313.467
usa,sex_t,geo_cov_nat,mts_details_wid,2011,11112.98
usa,sex_t,geo_cov_nat,mts_details_wid,2012,11298.317
usa,sex_t,geo_cov_nat,mts_details_wid,2013,11695.32
usa,sex_t,geo_cov_nat,mts_details_wid,2014,11748.069
usa,sex_t,geo_cov_nat,mts_details_wid,2015,11822.316
usa,sex_t,geo_cov_nat,mts_details_wid,2016,11674.684
usa,sex_t,geo_cov_nat,mts_details_wid,2017,11790.613
usa,sex_t,geo_cov_nat,mts_details_wid,2018,12053.024
usa,sex_t,geo_cov_nat,mts_details_wid,2019,12132.33
usa,sex_t,geo_cov_nat,mts_details_wid,2020,12029.274
usa,sex_t,geo_cov_nat,mts_details_wid,2021,12307.1
usa,sex_t,geo_cov_rur,mts_aggregate_1,2005,8081.737
usa,sex_t,geo_cov_rur,mts_aggregate_1,2006,7876.161
usa,sex_t,geo_cov_rur,mts_aggregate_1,2007,7944.412
usa,sex_t,geo_cov_rur,mts_aggregate_1,2008,8183.926
usa,sex_t,geo_cov_rur,mts_aggregate_1,2009,8557.31
usa,sex_t,geo_cov_rur,mts_aggregate_1,2010,9004.058
usa,sex_t,geo_cov_rur,mts_aggregate_1,2011,9114.301
usa,sex_t,geo_cov_rur,mts_aggregate_1,2012,9157.651
usa,sex_t,geo_cov_rur,mts_aggregate_1,2013,9362.091
usa,sex_t,geo_cov_rur,mts_aggregate_1,2014,9511.661
usa,sex_t,geo_cov_rur,mts_aggregate_1,2015,9368.816
usa,sex_t,geo_cov_rur,mts_aggregate_1,2016,9200.494
usa,sex_t,geo_cov_rur,mts_aggregate_1,2017,9333.668
usa,sex_t,geo_cov_rur,mts_aggregate_1,2018,9436.811
usa,sex_t,geo_cov_rur,mts_aggregate_1,2019,9436.654
usa,sex_t,geo_cov_rur,mts_aggregate_1,2020,9380.056
usa,sex_t,geo_cov_rur,mts_aggregate_1,2021,9722.532
usa,sex_t,geo_cov_rur,mts_aggregate_2,2005,8796.725
usa,sex_t,geo_cov_rur,mts_aggregate_2,2006,8805.148
usa,sex_t,geo_cov_rur,mts_aggregate_2,2007,8892.902
usa,sex_t,geo_cov_rur,mts_aggregate_2,2008,8771.495
usa,sex_t,geo_cov_rur,mts_aggregate_2,2009,8812.066
usa,sex_t,geo_cov_rur,mts_aggregate_2,2010,8836.549
usa,sex_t,geo_cov_rur,mts_aggregate_2,2011,8951.083
usa,sex_t,geo_cov_rur,mts_aggregate_2,2012,9167.943
usa,sex_t,geo_cov_rur,mts_aggregate_2,2013,9482.205
usa,sex_t,geo_cov_rur,mts_aggregate_2,2014,9532.37
usa,sex_t,geo_cov_rur,mts_aggregate_2,2015,9285.348
usa,sex_t,geo_cov_rur,mts_aggregate_2,2016,9257.829
usa,sex_t,geo_cov_rur,mts_aggregate_2,2017,9224.169
usa,sex_t,geo_cov_rur,mts_aggregate_2,2018,8999.137
usa,sex_t,geo_cov_rur,mts_aggregate_2,2019,8910.233
usa,sex_t,geo_cov_rur,mts_aggregate_2,2020,9375.228
usa,sex_t,geo_cov_rur,mts_aggregate_2,2021,9294.686
usa,sex_t,geo_cov_rur,mts_aggregate_total,2005,16878.462
usa,sex_t,geo_cov_rur,mts_aggregate_total,2006,16681.308
usa,sex_t,geo_cov_rur,mts_aggregate_total,2007,16837.314
usa,sex_t,geo_cov_rur,mts_aggregate_total,2008,16955.421
usa,sex_t,geo_cov_rur,mts_aggregate_total,2009,17369.375
usa,sex_t,geo_cov_rur,mts_aggregate_total,2010,17840.607
usa,sex_t,geo_cov_rur,mts_aggregate_total,2011,18065.383
usa,sex_t,geo_cov_rur,mts_aggregate_total,2012,18325.594
usa,sex_t,geo_cov_rur,mts_aggregate_total,2013,18844.295
usa,sex_t,geo_cov_rur,mts_aggregate_total,2014,19044.031
usa,sex_t,geo_cov_rur,mts_aggregate_total,2015,18654.163
usa,sex_t,geo_cov_rur,mts_aggregate_total,2016,18458.322
usa,sex_t,geo_cov_rur,mts_aggregate_total,2017,18557.837
usa,sex_t,geo_cov_rur,mts_aggregate_total,2018,18435.948
usa,sex_t,geo_cov_rur,mts_aggregate_total,2019,18346.887
usa,sex_t,geo_cov_rur,mts_aggregate_total,2020,18755.284
usa,sex_t,geo_cov_rur,mts_aggregate_total,2021,19017.218
usa,sex_t,geo_cov_rur,mts_details_mrd,2005,8796.725
usa,sex_t,geo_cov_rur,mts_details_mrd,2006,8805.148
usa,sex_t,geo_cov_rur,mts_details_mrd,2007,8892.902
usa,sex_t,geo_cov_rur,mts_details_mrd,2008,8771.495
usa,sex_t,geo_cov_rur,mts_details_mrd,2009,8812.066
usa,sex_t,geo_cov_rur,mts_details_mrd,2010,8836.549
usa,sex_t,geo_cov_rur,mts_details_mrd,2011,8951.083
usa,sex_t,geo_cov_rur,mts_details_mrd,2012,9167.943
usa,sex_t,geo_cov_rur,mts_details_mrd,2013,9482.205
usa,sex_t,geo_cov_rur,mts_details_mrd,2014,9532.37
usa,sex_t,geo_cov_rur,mts_details_mrd,2015,9285.348
usa,sex_t,geo_cov_rur,mts_details_mrd,2016,9257.829
usa,sex_t,geo_cov_rur,mts_details_mrd,2017,9224.169
usa,sex_t,geo_cov_rur,mts_details_mrd,2018,8999.137
usa,sex_t,geo_cov_rur,mts_details_mrd,2019,8910.233
usa,sex_t,geo_cov_rur,mts_details_mrd,2020,9375.228
usa,sex_t,geo_cov_rur,mts_details_mrd,2021,9294.686
usa,sex_t,geo_cov_rur,mts_details_sep,2005,1784.024
usa,sex_t,geo_cov_rur,mts_details_sep,2006,1768.56
usa,sex_t,geo_cov_rur,mts_details_sep,2007,1802.391
usa,sex_t,geo_cov_rur,mts_details_sep,2008,1900.108
usa,sex_t,geo_cov_rur,mts_details_sep,2009,1977.904
usa,sex_t,geo_cov_rur,mts_details_sep,2010,2123.157
usa,sex_t,geo_cov_rur,mts_details_sep,2011,2194.244
usa,sex_t,geo_cov_rur,mts_details_sep,2012,2252.305
usa,sex_t,geo_cov_rur,mts_details_sep,2013,2385.5
usa,sex_t,geo_cov_rur,mts_details_sep,2014,2452.851
usa,sex_t,geo_cov_rur,mts_details_sep,2015,2502.178
usa,sex_t,geo_cov_rur,mts_details_sep,2016,2412.041
usa,sex_t,geo_cov_rur,mts_details_sep,2017,2502.719
usa,sex_t,geo_cov_rur,mts_details_sep,2018,2556.759
usa,sex_t,geo_cov_rur,mts_details_sep,2019,2568.326
usa,sex_t,geo_cov_rur,mts_details_sep,2020,2477.295
usa,sex_t,geo_cov_rur,mts_details_sep,2021,2645.12
usa,sex_t,geo_cov_rur,mts_details_sgle,2005,3578.13
usa,sex_t,geo_cov_rur,mts_details_sgle,2006,3470.372
usa,sex_t,geo_cov_rur,mts_details_sgle,2007,3578.032
usa,sex_t,geo_cov_rur,mts_details_sgle,2008,3717.127
usa,sex_t,geo_cov_rur,mts_details_sgle,2009,3960.627
usa,sex_t,geo_cov_rur,mts_details_sgle,2010,4244.447
usa,sex_t,geo_cov_rur,mts_details_sgle,2011,4260.951
usa,sex_t,geo_cov_rur,mts_details_sgle,2012,4215.798
usa,sex_t,geo_cov_rur,mts_details_sgle,2013,4267.865
usa,sex_t,geo_cov_rur,mts_details_sgle,2014,4356.633
usa,sex_t,geo_cov_rur,mts_details_sgle,2015,4229.112
usa,sex_t,geo_cov_rur,mts_details_sgle,2016,4185.417
usa,sex_t,geo_cov_rur,mts_details_sgle,2017,4196.642
usa,sex_t,geo_cov_rur,mts_details_sgle,2018,4242.59
usa,sex_t,geo_cov_rur,mts_details_sgle,2019,4241.585
usa,sex_t,geo_cov_rur,mts_details_sgle,2020,4288.279
usa,sex_t,geo_cov_rur,mts_details_sgle,2021,4409.185
usa,sex_t,geo_cov_rur,mts_details_total,2005,16878.462
usa,sex_t,geo_cov_rur,mts_details_total,2006,16681.308
usa,sex_t,geo_cov_rur,mts_details_total,2007,16837.314
usa,sex_t,geo_cov_rur,mts_details_total,2008,16955.421
usa,sex_t,geo_cov_rur,mts_details_total,2009,17369.375
usa,sex_t,geo_cov_rur,mts_details_total,2010,17840.607
usa,sex_t,geo_cov_rur,mts_details_total,2011,18065.383
usa,sex_t,geo_cov_rur,mts_details_total,2012,18325.594
usa,sex_t,geo_cov_rur,mts_details_total,2013,18844.295
usa,sex_t,geo_cov_rur,mts_details_total,2014,19044.031
usa,sex_t,geo_cov_rur,mts_details_total,2015,18654.163
usa,sex_t,geo_cov_rur,mts_details_total,2016,18458.322
usa,sex_t,geo_cov_rur,mts_details_total,2017,18557.837
usa,sex_t,geo_cov_rur,mts_details_total,2018,18435.948
usa,sex_t,geo_cov_rur,mts_details_total,2019,18346.887
usa,sex_t,geo_cov_rur,mts_details_total,2020,18755.284
usa,sex_t,geo_cov_rur,mts_details_total,2021,19017.218
usa,sex_t,geo_cov_rur,mts_details_wid,2005,2719.583
usa,sex_t,geo_cov_rur,mts_details_wid,2006,2637.229
usa,sex_t,geo_cov_rur,mts_details_wid,2007,2563.989
usa,sex_t,geo_cov_rur,mts_details_wid,2008,2566.691
usa,sex_t,geo_cov_rur,mts_details_wid,2009,2618.78
usa,sex_t,geo_cov_rur,mts_details_wid,2010,2636.453
usa,sex_t,geo_cov_rur,mts_details_wid,2011,2659.106
usa,sex_t,geo_cov_rur,mts_details_wid,2012,2689.547
usa,sex_t,geo_cov_rur,mts_details_wid,2013,2708.726
usa,sex_t,geo_cov_rur,mts_details_wid,2014,2702.176
usa,sex_t,geo_cov_rur,mts_details_wid,2015,2637.525
usa,sex_t,geo_cov_rur,mts_details_wid,2016,2603.036
usa,sex_t,geo_cov_rur,mts_details_wid,2017,2634.307
usa,sex_t,geo_cov_rur,mts_details_wid,2018,2637.462
usa,sex_t,geo_cov_rur,mts_details_wid,2019,2626.743
usa,sex_t,geo_cov_rur,mts_details_wid,2020,2614.483
usa,sex_t,geo_cov_rur,mts_details_wid,2021,2668.228
usa,sex_t,geo_cov_urb,mts_aggregate_1,2005,30501.745
usa,sex_t,geo_cov_urb,mts_aggregate_1,2006,31204.533
usa,sex_t,geo_cov_urb,mts_aggregate_1,2007,31977.369
usa,sex_t,geo_cov_urb,mts_aggregate_1,2008,32638.522
usa,sex_t,geo_cov_urb,mts_aggregate_1,2009,34015.358
usa,sex_t,geo_cov_urb,mts_aggregate_1,2010,35512.099
usa,sex_t,geo_cov_urb,mts_aggregate_1,2011,36462.378
usa,sex_t,geo_cov_urb,mts_aggregate_1,2012,37551.735
usa,sex_t,geo_cov_urb,mts_aggregate_1,2013,38572.296
usa,sex_t,geo_cov_urb,mts_aggregate_1,2014,39226.371
usa,sex_t,geo_cov_urb,mts_aggregate_1,2015,40338.678
usa,sex_t,geo_cov_urb,mts_aggregate_1,2016,40283.057
usa,sex_t,geo_cov_urb,mts_aggregate_1,2017,40312.515
usa,sex_t,geo_cov_urb,mts_aggregate_1,2018,41196.998
usa,sex_t,geo_cov_urb,mts_aggregate_1,2019,41364.286
usa,sex_t,geo_cov_urb,mts_aggregate_1,2020,42956.49
usa,sex_t,geo_cov_urb,mts_aggregate_1,2021,43217.22
usa,sex_t,geo_cov_urb,mts_aggregate_2,2005,29381.848
usa,sex_t,geo_cov_urb,mts_aggregate_2,2006,29501.3
usa,sex_t,geo_cov_urb,mts_aggregate_2,2007,29928.113
usa,sex_t,geo_cov_urb,mts_aggregate_2,2008,29907.425
usa,sex_t,geo_cov_urb,mts_aggregate_2,2009,30274.107
usa,sex_t,geo_cov_urb,mts_aggregate_2,2010,30588.089
usa,sex_t,geo_cov_urb,mts_aggregate_2,2011,31473.121
usa,sex_t,geo_cov_urb,mts_aggregate_2,2012,32432.346
usa,sex_t,geo_cov_urb,mts_aggregate_2,2013,32873.483
usa,sex_t,geo_cov_urb,mts_aggregate_2,2014,33754.346
usa,sex_t,geo_cov_urb,mts_aggregate_2,2015,34677.914
usa,sex_t,geo_cov_urb,mts_aggregate_2,2016,35609.265
usa,sex_t,geo_cov_urb,mts_aggregate_2,2017,35888.955
usa,sex_t,geo_cov_urb,mts_aggregate_2,2018,36082.758
usa,sex_t,geo_cov_urb,mts_aggregate_2,2019,35925.246
usa,sex_t,geo_cov_urb,mts_aggregate_2,2020,37874.897
usa,sex_t,geo_cov_urb,mts_aggregate_2,2021,38006.818
usa,sex_t,geo_cov_urb,mts_aggregate_total,2005,59883.594
usa,sex_t,geo_cov_urb,mts_aggregate_total,2006,60705.832
usa,sex_t,geo_cov_urb,mts_aggregate_total,2007,61905.482
usa,sex_t,geo_cov_urb,mts_aggregate_total,2008,62545.948
usa,sex_t,geo_cov_urb,mts_aggregate_total,2009,64289.465
usa,sex_t,geo_cov_urb,mts_aggregate_total,2010,66100.188
usa,sex_t,geo_cov_urb,mts_aggregate_total,2011,67935.499
usa,sex_t,geo_cov_urb,mts_aggregate_total,2012,69984.081
usa,sex_t,geo_cov_urb,mts_aggregate_total,2013,71445.779
usa,sex_t,geo_cov_urb,mts_aggregate_total,2014,72980.718
usa,sex_t,geo_cov_urb,mts_aggregate_total,2015,75016.591
usa,sex_t,geo_cov_urb,mts_aggregate_total,2016,75892.322
usa,sex_t,geo_cov_urb,mts_aggregate_total,2017,76201.469
usa,sex_t,geo_cov_urb,mts_aggregate_total,2018,77279.756
usa,sex_t,geo_cov_urb,mts_aggregate_total,2019,77289.532
usa,sex_t,geo_cov_urb,mts_aggregate_total,2020,80831.387
usa,sex_t,geo_cov_urb,mts_aggregate_total,2021,81224.037
usa,sex_t,geo_cov_urb,mts_details_mrd,2005,29381.848
usa,sex_t,geo_cov_urb,mts_details_mrd,2006,29501.3
usa,sex_t,geo_cov_urb,mts_details_mrd,2007,29928.113
usa,sex_t,geo_cov_urb,mts_details_mrd,2008,29907.425
usa,sex_t,geo_cov_urb,mts_details_mrd,2009,30274.107
usa,sex_t,geo_cov_urb,mts_details_mrd,2010,30588.089
usa,sex_t,geo_cov_urb,mts_details_mrd,2011,31473.121
usa,sex_t,geo_cov_urb,mts_details_mrd,2012,32432.346
usa,sex_t,geo_cov_urb,mts_details_mrd,2013,32873.483
usa,sex_t,geo_cov_urb,mts_details_mrd,2014,33754.346
usa,sex_t,geo_cov_urb,mts_details_mrd,2015,34677.914
usa,sex_t,geo_cov_urb,mts_details_mrd,2016,35609.265
usa,sex_t,geo_cov_urb,mts_details_mrd,2017,35888.955
usa,sex_t,geo_cov_urb,mts_details_mrd,2018,36082.758
usa,sex_t,geo_cov_urb,mts_details_mrd,2019,35925.246
usa,sex_t,geo_cov_urb,mts_details_mrd,2020,37874.897
usa,sex_t,geo_cov_urb,mts_details_mrd,2021,38006.818
usa,sex_t,geo_cov_urb,mts_details_sep,2005,5917.994
usa,sex_t,geo_cov_urb,mts_details_sep,2006,6100.44
usa,sex_t,geo_cov_urb,mts_details_sep,2007,6051.535
usa,sex_t,geo_cov_urb,mts_details_sep,2008,6290.942
usa,sex_t,geo_cov_urb,mts_details_sep,2009,6586.488
usa,sex_t,geo_cov_urb,mts_details_sep,2010,6971.599
usa,sex_t,geo_cov_urb,mts_details_sep,2011,7358.68
usa,sex_t,geo_cov_urb,mts_details_sep,2012,7670.646
usa,sex_t,geo_cov_urb,mts_details_sep,2013,7945.571
usa,sex_t,geo_cov_urb,mts_details_sep,2014,8081.391
usa,sex_t,geo_cov_urb,mts_details_sep,2015,8578.845
usa,sex_t,geo_cov_urb,mts_details_sep,2016,8486.377
usa,sex_t,geo_cov_urb,mts_details_sep,2017,8606.648
usa,sex_t,geo_cov_urb,mts_details_sep,2018,8889.7
usa,sex_t,geo_cov_urb,mts_details_sep,2019,8921.567
usa,sex_t,geo_cov_urb,mts_details_sep,2020,8977.668
usa,sex_t,geo_cov_urb,mts_details_sep,2021,9245.53
usa,sex_t,geo_cov_urb,mts_details_sgle,2005,16196.281
usa,sex_t,geo_cov_urb,mts_details_sgle,2006,16636.734
usa,sex_t,geo_cov_urb,mts_details_sgle,2007,17270.402
usa,sex_t,geo_cov_urb,mts_details_sgle,2008,17663.708
usa,sex_t,geo_cov_urb,mts_details_sgle,2009,18763.048
usa,sex_t,geo_cov_urb,mts_details_sgle,2010,19863.487
usa,sex_t,geo_cov_urb,mts_details_sgle,2011,20649.824
usa,sex_t,geo_cov_urb,mts_details_sgle,2012,21272.319
usa,sex_t,geo_cov_urb,mts_details_sgle,2013,21640.131
usa,sex_t,geo_cov_urb,mts_details_sgle,2014,22099.088
usa,sex_t,geo_cov_urb,mts_details_sgle,2015,22575.042
usa,sex_t,geo_cov_urb,mts_details_sgle,2016,22725.031
usa,sex_t,geo_cov_urb,mts_details_sgle,2017,22549.561
usa,sex_t,geo_cov_urb,mts_details_sgle,2018,22891.736
usa,sex_t,geo_cov_urb,mts_details_sgle,2019,22937.133
usa,sex_t,geo_cov_urb,mts_details_sgle,2020,24564.031
usa,sex_t,geo_cov_urb,mts_details_sgle,2021,24332.817
usa,sex_t,geo_cov_urb,mts_details_total,2005,59883.594
usa,sex_t,geo_cov_urb,mts_details_total,2006,60705.832
usa,sex_t,geo_cov_urb,mts_details_total,2007,61905.482
usa,sex_t,geo_cov_urb,mts_details_total,2008,62545.948
usa,sex_t,geo_cov_urb,mts_details_total,2009,64289.465
usa,sex_t,geo_cov_urb,mts_details_total,2010,66100.188
usa,sex_t,geo_cov_urb,mts_details_total,2011,67935.499
usa,sex_t,geo_cov_urb,mts_details_total,2012,69984.081
usa,sex_t,geo_cov_urb,mts_details_total,2013,71445.779
usa,sex_t,geo_cov_urb,mts_details_total,2014,72980.718
usa,sex_t,geo_cov_urb,mts_details_total,2015,75016.591
usa,sex_t,geo_cov_urb,mts_details_total,2016,75892.322
usa,sex_t,geo_cov_urb,mts_details_total,2017,76201.469
usa,sex_t,geo_cov_urb,mts_details_total,2018,77279.756
usa,sex_t,geo_cov_urb,mts_details_total,2019,77289.532
usa,sex_t,geo_cov_urb,mts_details_total,2020,80831.387
usa,sex_t,geo_cov_urb,mts_details_total,2021,81224.037
usa,sex_t,geo_cov_urb,mts_details_wid,2005,8387.471
usa,sex_t,geo_cov_urb,mts_details_wid,2006,8467.359
usa,sex_t,geo_cov_urb,mts_details_wid,2007,8655.431
usa,sex_t,geo_cov_urb,mts_details_wid,2008,8683.872
usa,sex_t,geo_cov_urb,mts_details_wid,2009,8665.822
usa,sex_t,geo_cov_urb,mts_details_wid,2010,8677.013
usa,sex_t,geo_cov_urb,mts_details_wid,2011,8453.874
usa,sex_t,geo_cov_urb,mts_details_wid,2012,8608.77
usa,sex_t,geo_cov_urb,mts_details_wid,2013,8986.594
usa,sex_t,geo_cov_urb,mts_details_wid,2014,9045.892
usa,sex_t,geo_cov_urb,mts_details_wid,2015,9184.79
usa,sex_t,geo_cov_urb,mts_details_wid,2016,9071.648
usa,sex_t,geo_cov_urb,mts_details_wid,2017,9156.306
usa,sex_t,geo_cov_urb,mts_details_wid,2018,9415.563
usa,sex_t,geo_cov_urb,mts_details_wid,2019,9505.586
usa,sex_t,geo_cov_urb,mts_details_wid,2020,9414.792
usa,sex_t,geo_cov_urb,mts_details_wid,2021,9638.872
vnm,sex_f,geo_cov_nat,mts_aggregate_1,2010,5709.196
vnm,sex_f,geo_cov_nat,mts_aggregate_1,2011,5936.262
vnm,sex_f,geo_cov_nat,mts_aggregate_1,2012,5965.263
vnm,sex_f,geo_cov_nat,mts_aggregate_1,2013,5674.365
vnm,sex_f,geo_cov_nat,mts_aggregate_1,2014,5595.668
vnm,sex_f,geo_cov_nat,mts_aggregate_1,2015,5462.776
vnm,sex_f,geo_cov_nat,mts_aggregate_1,2016,5708.556
vnm,sex_f,geo_cov_nat,mts_aggregate_1,2017,5815.741
vnm,sex_f,geo_cov_nat,mts_aggregate_1,2018,6222.329
vnm,sex_f,geo_cov_nat,mts_aggregate_1,2019,5791.133
vnm,sex_f,geo_cov_nat,mts_aggregate_1,2020,6401.78
vnm,sex_f,geo_cov_nat,mts_aggregate_1,2021,6607.268
vnm,sex_f,geo_cov_nat,mts_aggregate_2,2010,3883.969
vnm,sex_f,geo_cov_nat,mts_aggregate_2,2011,3887.482
vnm,sex_f,geo_cov_nat,mts_aggregate_2,2012,3854.076
vnm,sex_f,geo_cov_nat,mts_aggregate_2,2013,3911.425
vnm,sex_f,geo_cov_nat,mts_aggregate_2,2014,4066.492
vnm,sex_f,geo_cov_nat,mts_aggregate_2,2015,4322.149
vnm,sex_f,geo_cov_nat,mts_aggregate_2,2016,4366.125
vnm,sex_f,geo_cov_nat,mts_aggregate_2,2017,4549.083
vnm,sex_f,geo_cov_nat,mts_aggregate_2,2018,4559.282
vnm,sex_f,geo_cov_nat,mts_aggregate_2,2019,5091.963
vnm,sex_f,geo_cov_nat,mts_aggregate_2,2020,5563.389
vnm,sex_f,geo_cov_nat,mts_aggregate_2,2021,5582.631
vnm,sex_f,geo_cov_nat,mts_aggregate_total,2010,9618.902
vnm,sex_f,geo_cov_nat,mts_aggregate_total,2011,9857.857
vnm,sex_f,geo_cov_nat,mts_aggregate_total,2012,9905.577
vnm,sex_f,geo_cov_nat,mts_aggregate_total,2013,9664.823
vnm,sex_f,geo_cov_nat,mts_aggregate_total,2014,9769.698
vnm,sex_f,geo_cov_nat,mts_aggregate_total,2015,9892.145
vnm,sex_f,geo_cov_nat,mts_aggregate_total,2016,10253.956
vnm,sex_f,geo_cov_nat,mts_aggregate_total,2017,10528.599
vnm,sex_f,geo_cov_nat,mts_aggregate_total,2018,10986.161
vnm,sex_f,geo_cov_nat,mts_aggregate_total,2019,11078.126
vnm,sex_f,geo_cov_nat,mts_aggregate_total,2020,12190.734
vnm,sex_f,geo_cov_nat,mts_aggregate_total,2021,12190.974
vnm,sex_f,geo_cov_nat,mts_aggregate_x,2010,25.737
vnm,sex_f,geo_cov_nat,mts_aggregate_x,2011,34.113
vnm,sex_f,geo_cov_nat,mts_aggregate_x,2012,86.238
vnm,sex_f,geo_cov_nat,mts_aggregate_x,2013,79.033
vnm,sex_f,geo_cov_nat,mts_aggregate_x,2014,107.538
vnm,sex_f,geo_cov_nat,mts_aggregate_x,2015,107.219
vnm,sex_f,geo_cov_nat,mts_aggregate_x,2016,179.276
vnm,sex_f,geo_cov_nat,mts_aggregate_x,2017,163.775
vnm,sex_f,geo_cov_nat,mts_aggregate_x,2018,204.551
vnm,sex_f,geo_cov_nat,mts_aggregate_x,2019,195.029
vnm,sex_f,geo_cov_nat,mts_aggregate_x,2020,225.565
vnm,sex_f,geo_cov_nat,mts_aggregate_x,2021,1.075
vnm,sex_f,geo_cov_nat,mts_details_mrd,2010,3883.969
vnm,sex_f,geo_cov_nat,mts_details_mrd,2011,3887.482
vnm,sex_f,geo_cov_nat,mts_details_mrd,2012,3854.076
vnm,sex_f,geo_cov_nat,mts_details_mrd,2013,3911.425
vnm,sex_f,geo_cov_nat,mts_details_mrd,2014,4066.492
vnm,sex_f,geo_cov_nat,mts_details_mrd,2015,4322.149
vnm,sex_f,geo_cov_nat,mts_details_mrd,2016,4366.125
vnm,sex_f,geo_cov_nat,mts_details_mrd,2017,4549.083
vnm,sex_f,geo_cov_nat,mts_details_mrd,2018,4559.282
vnm,sex_f,geo_cov_nat,mts_details_mrd,2019,5091.963
vnm,sex_f,geo_cov_nat,mts_details_mrd,2020,5563.389
vnm,sex_f,geo_cov_nat,mts_details_mrd,2021,5582.631
vnm,sex_f,geo_cov_nat,mts_details_sep,2010,124.153
vnm,sex_f,geo_cov_nat,mts_details_sep,2011,114.14
vnm,sex_f,geo_cov_nat,mts_details_sep,2012,136.707
vnm,sex_f,geo_cov_nat,mts_details_sep,2013,136.782
vnm,sex_f,geo_cov_nat,mts_details_sep,2014,129.523
vnm,sex_f,geo_cov_nat,mts_details_sep,2015,160.515
vnm,sex_f,geo_cov_nat,mts_details_sep,2016,150.867
vnm,sex_f,geo_cov_nat,mts_details_sep,2017,164.967
vnm,sex_f,geo_cov_nat,mts_details_sep,2018,162.066
vnm,sex_f,geo_cov_nat,mts_details_sep,2019,199.417
vnm,sex_f,geo_cov_nat,mts_details_sep,2020,187.93
vnm,sex_f,geo_cov_nat,mts_details_sep,2021,210.147
vnm,sex_f,geo_cov_nat,mts_details_sgle,2010,3368.286
vnm,sex_f,geo_cov_nat,mts_details_sgle,2011,3464.697
vnm,sex_f,geo_cov_nat,mts_details_sgle,2012,3336.951
vnm,sex_f,geo_cov_nat,mts_details_sgle,2013,3045.779
vnm,sex_f,geo_cov_nat,mts_details_sgle,2014,2951.409
vnm,sex_f,geo_cov_nat,mts_details_sgle,2015,2876.203
vnm,sex_f,geo_cov_nat,mts_details_sgle,2016,3003.111
vnm,sex_f,geo_cov_nat,mts_details_sgle,2017,3007.965
vnm,sex_f,geo_cov_nat,mts_details_sgle,2018,2915.031
vnm,sex_f,geo_cov_nat,mts_details_sgle,2019,2760.775
vnm,sex_f,geo_cov_nat,mts_details_sgle,2020,2960.04
vnm,sex_f,geo_cov_nat,mts_details_sgle,2021,3610.981
vnm,sex_f,geo_cov_nat,mts_details_total,2010,9618.902
vnm,sex_f,geo_cov_nat,mts_details_total,2011,9857.857
vnm,sex_f,geo_cov_nat,mts_details_total,2012,9905.577
vnm,sex_f,geo_cov_nat,mts_details_total,2013,9664.823
vnm,sex_f,geo_cov_nat,mts_details_total,2014,9769.698
vnm,sex_f,geo_cov_nat,mts_details_total,2015,9892.145
vnm,sex_f,geo_cov_nat,mts_details_total,2016,10253.956
vnm,sex_f,geo_cov_nat,mts_details_total,2017,10528.599
vnm,sex_f,geo_cov_nat,mts_details_total,2018,10986.161
vnm,sex_f,geo_cov_nat,mts_details_total,2019,11078.126
vnm,sex_f,geo_cov_nat,mts_details_total,2020,12190.734
vnm,sex_f,geo_cov_nat,mts_details_total,2021,12190.974
vnm,sex_f,geo_cov_nat,mts_details_wid,2010,2216.758
vnm,sex_f,geo_cov_nat,mts_details_wid,2011,2357.425
vnm,sex_f,geo_cov_nat,mts_details_wid,2012,2491.604
vnm,sex_f,geo_cov_nat,mts_details_wid,2013,2491.803
vnm,sex_f,geo_cov_nat,mts_details_wid,2014,2514.736
vnm,sex_f,geo_cov_nat,mts_details_wid,2015,2426.059
vnm,sex_f,geo_cov_nat,mts_details_wid,2016,2554.578
vnm,sex_f,geo_cov_nat,mts_details_wid,2017,2642.809
vnm,sex_f,geo_cov_nat,mts_details_wid,2018,3145.232
vnm,sex_f,geo_cov_nat,mts_details_wid,2019,2830.941
vnm,sex_f,geo_cov_nat,mts_details_wid,2020,3253.81
vnm,sex_f,geo_cov_nat,mts_details_wid,2021,2786.14
vnm,sex_f,geo_cov_nat,mts_details_x,2010,25.737
vnm,sex_f,geo_cov_nat,mts_details_x,2011,34.113
vnm,sex_f,geo_cov_nat,mts_details_x,2012,86.238
vnm,sex_f,geo_cov_nat,mts_details_x,2013,79.033
vnm,sex_f,geo_cov_nat,mts_details_x,2014,107.538
vnm,sex_f,geo_cov_nat,mts_details_x,2015,107.219
vnm,sex_f,geo_cov_nat,mts_details_x,2016,179.276
vnm,sex_f,geo_cov_nat,mts_details_x,2017,163.775
vnm,sex_f,geo_cov_nat,mts_details_x,2018,204.551
vnm,sex_f,geo_cov_nat,mts_details_x,2019,195.029
vnm,sex_f,geo_cov_nat,mts_details_x,2020,225.565
vnm,sex_f,geo_cov_nat,mts_details_x,2021,1.075
vnm,sex_f,geo_cov_rur,mts_aggregate_1,2010,3506.266
vnm,sex_f,geo_cov_rur,mts_aggregate_1,2011,3566.292
vnm,sex_f,geo_cov_rur,mts_aggregate_1,2012,3641.199
vnm,sex_f,geo_cov_rur,mts_aggregate_1,2013,3398.839
vnm,sex_f,geo_cov_rur,mts_aggregate_1,2014,3326.247
vnm,sex_f,geo_cov_rur,mts_aggregate_1,2015,3235.984
vnm,sex_f,geo_cov_rur,mts_aggregate_1,2016,3349.427
vnm,sex_f,geo_cov_rur,mts_aggregate_1,2017,3258.543
vnm,sex_f,geo_cov_rur,mts_aggregate_1,2018,3441.521
vnm,sex_f,geo_cov_rur,mts_aggregate_1,2019,3245.774
vnm,sex_f,geo_cov_rur,mts_aggregate_1,2020,3658.389
vnm,sex_f,geo_cov_rur,mts_aggregate_1,2021,3650.584
vnm,sex_f,geo_cov_rur,mts_aggregate_2,2010,2089.579
vnm,sex_f,geo_cov_rur,mts_aggregate_2,2011,1961.362
vnm,sex_f,geo_cov_rur,mts_aggregate_2,2012,1900.881
vnm,sex_f,geo_cov_rur,mts_aggregate_2,2013,1929.469
vnm,sex_f,geo_cov_rur,mts_aggregate_2,2014,1919.198
vnm,sex_f,geo_cov_rur,mts_aggregate_2,2015,2222.406
vnm,sex_f,geo_cov_rur,mts_aggregate_2,2016,2193.674
vnm,sex_f,geo_cov_rur,mts_aggregate_2,2017,2056.518
vnm,sex_f,geo_cov_rur,mts_aggregate_2,2018,2050.667
vnm,sex_f,geo_cov_rur,mts_aggregate_2,2019,2265.163
vnm,sex_f,geo_cov_rur,mts_aggregate_2,2020,2903.955
vnm,sex_f,geo_cov_rur,mts_aggregate_2,2021,2763.375
vnm,sex_f,geo_cov_rur,mts_aggregate_total,2010,5607.491
vnm,sex_f,geo_cov_rur,mts_aggregate_total,2011,5551.027
vnm,sex_f,geo_cov_rur,mts_aggregate_total,2012,5596.63
vnm,sex_f,geo_cov_rur,mts_aggregate_total,2013,5385.699
vnm,sex_f,geo_cov_rur,mts_aggregate_total,2014,5312.231
vnm,sex_f,geo_cov_rur,mts_aggregate_total,2015,5543.732
vnm,sex_f,geo_cov_rur,mts_aggregate_total,2016,5668.317
vnm,sex_f,geo_cov_rur,mts_aggregate_total,2017,5427.925
vnm,sex_f,geo_cov_rur,mts_aggregate_total,2018,5635.163
vnm,sex_f,geo_cov_rur,mts_aggregate_total,2019,5660.835
vnm,sex_f,geo_cov_rur,mts_aggregate_total,2020,6733.121
vnm,sex_f,geo_cov_rur,mts_aggregate_total,2021,6414.806
vnm,sex_f,geo_cov_rur,mts_aggregate_x,2010,11.646
vnm,sex_f,geo_cov_rur,mts_aggregate_x,2011,23.374
vnm,sex_f,geo_cov_rur,mts_aggregate_x,2012,54.55
vnm,sex_f,geo_cov_rur,mts_aggregate_x,2013,57.391
vnm,sex_f,geo_cov_rur,mts_aggregate_x,2014,66.786
vnm,sex_f,geo_cov_rur,mts_aggregate_x,2015,85.341
vnm,sex_f,geo_cov_rur,mts_aggregate_x,2016,125.217
vnm,sex_f,geo_cov_rur,mts_aggregate_x,2017,112.864
vnm,sex_f,geo_cov_rur,mts_aggregate_x,2018,142.976
vnm,sex_f,geo_cov_rur,mts_aggregate_x,2019,149.898
vnm,sex_f,geo_cov_rur,mts_aggregate_x,2020,170.777
vnm,sex_f,geo_cov_rur,mts_details_mrd,2010,2089.579
vnm,sex_f,geo_cov_rur,mts_details_mrd,2011,1961.362
vnm,sex_f,geo_cov_rur,mts_details_mrd,2012,1900.881
vnm,sex_f,geo_cov_rur,mts_details_mrd,2013,1929.469
vnm,sex_f,geo_cov_rur,mts_details_mrd,2014,1919.198
vnm,sex_f,geo_cov_rur,mts_details_mrd,2015,2222.406
vnm,sex_f,geo_cov_rur,mts_details_mrd,2016,2193.674
vnm,sex_f,geo_cov_rur,mts_details_mrd,2017,2056.518
vnm,sex_f,geo_cov_rur,mts_details_mrd,2018,2050.667
vnm,sex_f,geo_cov_rur,mts_details_mrd,2019,2265.163
vnm,sex_f,geo_cov_rur,mts_details_mrd,2020,2903.955
vnm,sex_f,geo_cov_rur,mts_details_mrd,2021,2763.375
vnm,sex_f,geo_cov_rur,mts_details_sep,2010,52.221
vnm,sex_f,geo_cov_rur,mts_details_sep,2011,41.494
vnm,sex_f,geo_cov_rur,mts_details_sep,2012,60.548
vnm,sex_f,geo_cov_rur,mts_details_sep,2013,51.062
vnm,sex_f,geo_cov_rur,mts_details_sep,2014,47.414
vnm,sex_f,geo_cov_rur,mts_details_sep,2015,72.366
vnm,sex_f,geo_cov_rur,mts_details_sep,2016,65.006
vnm,sex_f,geo_cov_rur,mts_details_sep,2017,59.87
vnm,sex_f,geo_cov_rur,mts_details_sep,2018,61.025
vnm,sex_f,geo_cov_rur,mts_details_sep,2019,75.264
vnm,sex_f,geo_cov_rur,mts_details_sep,2020,79.54
vnm,sex_f,geo_cov_rur,mts_details_sep,2021,88.502
vnm,sex_f,geo_cov_rur,mts_details_sgle,2010,1960.658
vnm,sex_f,geo_cov_rur,mts_details_sgle,2011,2011.354
vnm,sex_f,geo_cov_rur,mts_details_sgle,2012,1976.879
vnm,sex_f,geo_cov_rur,mts_details_sgle,2013,1769.843
vnm,sex_f,geo_cov_rur,mts_details_sgle,2014,1703.779
vnm,sex_f,geo_cov_rur,mts_details_sgle,2015,1626.569
vnm,sex_f,geo_cov_rur,mts_details_sgle,2016,1691.306
vnm,sex_f,geo_cov_rur,mts_details_sgle,2017,1646.612
vnm,sex_f,geo_cov_rur,mts_details_sgle,2018,1452.297
vnm,sex_f,geo_cov_rur,mts_details_sgle,2019,1404.33
vnm,sex_f,geo_cov_rur,mts_details_sgle,2020,1440.422
vnm,sex_f,geo_cov_rur,mts_details_sgle,2021,1916.154
vnm,sex_f,geo_cov_rur,mts_details_total,2010,5607.491
vnm,sex_f,geo_cov_rur,mts_details_total,2011,5551.027
vnm,sex_f,geo_cov_rur,mts_details_total,2012,5596.63
vnm,sex_f,geo_cov_rur,mts_details_total,2013,5385.699
vnm,sex_f,geo_cov_rur,mts_details_total,2014,5312.231
vnm,sex_f,geo_cov_rur,mts_details_total,2015,5543.732
vnm,sex_f,geo_cov_rur,mts_details_total,2016,5668.317
vnm,sex_f,geo_cov_rur,mts_details_total,2017,5427.925
vnm,sex_f,geo_cov_rur,mts_details_total,2018,5635.163
vnm,sex_f,geo_cov_rur,mts_details_total,2019,5660.835
vnm,sex_f,geo_cov_rur,mts_details_total,2020,6733.121
vnm,sex_f,geo_cov_rur,mts_details_total,2021,6414.806
vnm,sex_f,geo_cov_rur,mts_details_wid,2010,1493.387
vnm,sex_f,geo_cov_rur,mts_details_wid,2011,1513.444
vnm,sex_f,geo_cov_rur,mts_details_wid,2012,1603.773
vnm,sex_f,geo_cov_rur,mts_details_wid,2013,1577.933
vnm,sex_f,geo_cov_rur,mts_details_wid,2014,1575.054
vnm,sex_f,geo_cov_rur,mts_details_wid,2015,1537.05
vnm,sex_f,geo_cov_rur,mts_details_wid,2016,1593.114
vnm,sex_f,geo_cov_rur,mts_details_wid,2017,1552.062
vnm,sex_f,geo_cov_rur,mts_details_wid,2018,1928.199
vnm,sex_f,geo_cov_rur,mts_details_wid,2019,1766.18
vnm,sex_f,geo_cov_rur,mts_details_wid,2020,2138.427
vnm,sex_f,geo_cov_rur,mts_details_wid,2021,1645.929
vnm,sex_f,geo_cov_rur,mts_details_x,2010,11.646
vnm,sex_f,geo_cov_rur,mts_details_x,2011,23.374
vnm,sex_f,geo_cov_rur,mts_details_x,2012,54.55
vnm,sex_f,geo_cov_rur,mts_details_x,2013,57.391
vnm,sex_f,geo_cov_rur,mts_details_x,2014,66.786
vnm,sex_f,geo_cov_rur,mts_details_x,2015,85.341
vnm,sex_f,geo_cov_rur,mts_details_x,2016,125.217
vnm,sex_f,geo_cov_rur,mts_details_x,2017,112.864
vnm,sex_f,geo_cov_rur,mts_details_x,2018,142.976
vnm,sex_f,geo_cov_rur,mts_details_x,2019,149.898
vnm,sex_f,geo_cov_rur,mts_details_x,2020,170.777
vnm,sex_f,geo_cov_urb,mts_aggregate_1,2010,2202.93
vnm,sex_f,geo_cov_urb,mts_aggregate_1,2011,2369.97
vnm,sex_f,geo_cov_urb,mts_aggregate_1,2012,2324.063
vnm,sex_f,geo_cov_urb,mts_aggregate_1,2013,2275.526
vnm,sex_f,geo_cov_urb,mts_aggregate_1,2014,2269.421
vnm,sex_f,geo_cov_urb,mts_aggregate_1,2015,2226.792
vnm,sex_f,geo_cov_urb,mts_aggregate_1,2016,2359.129
vnm,sex_f,geo_cov_urb,mts_aggregate_1,2017,2557.198
vnm,sex_f,geo_cov_urb,mts_aggregate_1,2018,2780.808
vnm,sex_f,geo_cov_urb,mts_aggregate_1,2019,2545.359
vnm,sex_f,geo_cov_urb,mts_aggregate_1,2020,2743.391
vnm,sex_f,geo_cov_urb,mts_aggregate_1,2021,2956.684
vnm,sex_f,geo_cov_urb,mts_aggregate_2,2010,1794.39
vnm,sex_f,geo_cov_urb,mts_aggregate_2,2011,1926.12
vnm,sex_f,geo_cov_urb,mts_aggregate_2,2012,1953.195
vnm,sex_f,geo_cov_urb,mts_aggregate_2,2013,1981.957
vnm,sex_f,geo_cov_urb,mts_aggregate_2,2014,2147.293
vnm,sex_f,geo_cov_urb,mts_aggregate_2,2015,2099.743
vnm,sex_f,geo_cov_urb,mts_aggregate_2,2016,2172.451
vnm,sex_f,geo_cov_urb,mts_aggregate_2,2017,2492.565
vnm,sex_f,geo_cov_urb,mts_aggregate_2,2018,2508.616
vnm,sex_f,geo_cov_urb,mts_aggregate_2,2019,2826.801
vnm,sex_f,geo_cov_urb,mts_aggregate_2,2020,2659.434
vnm,sex_f,geo_cov_urb,mts_aggregate_2,2021,2819.256
vnm,sex_f,geo_cov_urb,mts_aggregate_total,2010,4011.412
vnm,sex_f,geo_cov_urb,mts_aggregate_total,2011,4306.83
vnm,sex_f,geo_cov_urb,mts_aggregate_total,2012,4308.947
vnm,sex_f,geo_cov_urb,mts_aggregate_total,2013,4279.124
vnm,sex_f,geo_cov_urb,mts_aggregate_total,2014,4457.467
vnm,sex_f,geo_cov_urb,mts_aggregate_total,2015,4348.413
vnm,sex_f,geo_cov_urb,mts_aggregate_total,2016,4585.639
vnm,sex_f,geo_cov_urb,mts_aggregate_total,2017,5100.674
vnm,sex_f,geo_cov_urb,mts_aggregate_total,2018,5350.998
vnm,sex_f,geo_cov_urb,mts_aggregate_total,2019,5417.291
vnm,sex_f,geo_cov_urb,mts_aggregate_total,2020,5457.613
vnm,sex_f,geo_cov_urb,mts_aggregate_total,2021,5776.168
vnm,sex_f,geo_cov_urb,mts_aggregate_x,2010,14.092
vnm,sex_f,geo_cov_urb,mts_aggregate_x,2011,10.74
vnm,sex_f,geo_cov_urb,mts_aggregate_x,2012,31.688
vnm,sex_f,geo_cov_urb,mts_aggregate_x,2013,21.642
vnm,sex_f,geo_cov_urb,mts_aggregate_x,2014,40.752
vnm,sex_f,geo_cov_urb,mts_aggregate_x,2015,21.878
vnm,sex_f,geo_cov_urb,mts_aggregate_x,2016,54.059
vnm,sex_f,geo_cov_urb,mts_aggregate_x,2017,50.911
vnm,sex_f,geo_cov_urb,mts_aggregate_x,2018,61.575
vnm,sex_f,geo_cov_urb,mts_aggregate_x,2019,45.131
vnm,sex_f,geo_cov_urb,mts_aggregate_x,2020,54.788
vnm,sex_f,geo_cov_urb,mts_details_mrd,2010,1794.39
vnm,sex_f,geo_cov_urb,mts_details_mrd,2011,1926.12
vnm,sex_f,geo_cov_urb,mts_details_mrd,2012,1953.195
vnm,sex_f,geo_cov_urb,mts_details_mrd,2013,1981.957
vnm,sex_f,geo_cov_urb,mts_details_mrd,2014,2147.293
vnm,sex_f,geo_cov_urb,mts_details_mrd,2015,2099.743
vnm,sex_f,geo_cov_urb,mts_details_mrd,2016,2172.451
vnm,sex_f,geo_cov_urb,mts_details_mrd,2017,2492.565
vnm,sex_f,geo_cov_urb,mts_details_mrd,2018,2508.616
vnm,sex_f,geo_cov_urb,mts_details_mrd,2019,2826.801
vnm,sex_f,geo_cov_urb,mts_details_mrd,2020,2659.434
vnm,sex_f,geo_cov_urb,mts_details_mrd,2021,2819.256
vnm,sex_f,geo_cov_urb,mts_details_sep,2010,71.932
vnm,sex_f,geo_cov_urb,mts_details_sep,2011,72.646
vnm,sex_f,geo_cov_urb,mts_details_sep,2012,76.159
vnm,sex_f,geo_cov_urb,mts_details_sep,2013,85.72
vnm,sex_f,geo_cov_urb,mts_details_sep,2014,82.109
vnm,sex_f,geo_cov_urb,mts_details_sep,2015,88.149
vnm,sex_f,geo_cov_urb,mts_details_sep,2016,85.861
vnm,sex_f,geo_cov_urb,mts_details_sep,2017,105.098
vnm,sex_f,geo_cov_urb,mts_details_sep,2018,101.041
vnm,sex_f,geo_cov_urb,mts_details_sep,2019,124.153
vnm,sex_f,geo_cov_urb,mts_details_sep,2020,108.39
vnm,sex_f,geo_cov_urb,mts_details_sep,2021,121.645
vnm,sex_f,geo_cov_urb,mts_details_sgle,2010,1407.628
vnm,sex_f,geo_cov_urb,mts_details_sgle,2011,1453.343
vnm,sex_f,geo_cov_urb,mts_details_sgle,2012,1360.072
vnm,sex_f,geo_cov_urb,mts_details_sgle,2013,1275.936
vnm,sex_f,geo_cov_urb,mts_details_sgle,2014,1247.63
vnm,sex_f,geo_cov_urb,mts_details_sgle,2015,1249.634
vnm,sex_f,geo_cov_urb,mts_details_sgle,2016,1311.804
vnm,sex_f,geo_cov_urb,mts_details_sgle,2017,1361.353
vnm,sex_f,geo_cov_urb,mts_details_sgle,2018,1462.734
vnm,sex_f,geo_cov_urb,mts_details_sgle,2019,1356.445
vnm,sex_f,geo_cov_urb,mts_details_sgle,2020,1519.618
vnm,sex_f,geo_cov_urb,mts_details_sgle,2021,1694.828
vnm,sex_f,geo_cov_urb,mts_details_total,2010,4011.412
vnm,sex_f,geo_cov_urb,mts_details_total,2011,4306.83
vnm,sex_f,geo_cov_urb,mts_details_total,2012,4308.947
vnm,sex_f,geo_cov_urb,mts_details_total,2013,4279.124
vnm,sex_f,geo_cov_urb,mts_details_total,2014,4457.467
vnm,sex_f,geo_cov_urb,mts_details_total,2015,4348.413
vnm,sex_f,geo_cov_urb,mts_details_total,2016,4585.639
vnm,sex_f,geo_cov_urb,mts_details_total,2017,5100.674
vnm,sex_f,geo_cov_urb,mts_details_total,2018,5350.998
vnm,sex_f,geo_cov_urb,mts_details_total,2019,5417.291
vnm,sex_f,geo_cov_urb,mts_details_total,2020,5457.613
vnm,sex_f,geo_cov_urb,mts_details_total,2021,5776.168
vnm,sex_f,geo_cov_urb,mts_details_wid,2010,723.371
vnm,sex_f,geo_cov_urb,mts_details_wid,2011,843.98
vnm,sex_f,geo_cov_urb,mts_details_wid,2012,887.832
vnm,sex_f,geo_cov_urb,mts_details_wid,2013,913.87
vnm,sex_f,geo_cov_urb,mts_details_wid,2014,939.682
vnm,sex_f,geo_cov_urb,mts_details_wid,2015,889.009
vnm,sex_f,geo_cov_urb,mts_details_wid,2016,961.464
vnm,sex_f,geo_cov_urb,mts_details_wid,2017,1090.747
vnm,sex_f,geo_cov_urb,mts_details_wid,2018,1217.033
vnm,sex_f,geo_cov_urb,mts_details_wid,2019,1064.761
vnm,sex_f,geo_cov_urb,mts_details_wid,2020,1115.383
vnm,sex_f,geo_cov_urb,mts_details_wid,2021,1140.211
vnm,sex_f,geo_cov_urb,mts_details_x,2010,14.092
vnm,sex_f,geo_cov_urb,mts_details_x,2011,10.74
vnm,sex_f,geo_cov_urb,mts_details_x,2012,31.688
vnm,sex_f,geo_cov_urb,mts_details_x,2013,21.642
vnm,sex_f,geo_cov_urb,mts_details_x,2014,40.752
vnm,sex_f,geo_cov_urb,mts_details_x,2015,21.878
vnm,sex_f,geo_cov_urb,mts_details_x,2016,54.059
vnm,sex_f,geo_cov_urb,mts_details_x,2017,50.911
vnm,sex_f,geo_cov_urb,mts_details_x,2018,61.575
vnm,sex_f,geo_cov_urb,mts_details_x,2019,45.131
vnm,sex_f,geo_cov_urb,mts_details_x,2020,54.788
vnm,sex_m,geo_cov_nat,mts_aggregate_1,2010,3777.933
vnm,sex_m,geo_cov_nat,mts_aggregate_1,2011,3716.56
vnm,sex_m,geo_cov_nat,mts_aggregate_1,2012,3743.451
vnm,sex_m,geo_cov_nat,mts_aggregate_1,2013,3469.117
vnm,sex_m,geo_cov_nat,mts_aggregate_1,2014,3346.73
vnm,sex_m,geo_cov_nat,mts_aggregate_1,2015,3234.166
vnm,sex_m,geo_cov_nat,mts_aggregate_1,2016,3348.252
vnm,sex_m,geo_cov_nat,mts_aggregate_1,2017,3430.043
vnm,sex_m,geo_cov_nat,mts_aggregate_1,2018,3268.488
vnm,sex_m,geo_cov_nat,mts_aggregate_1,2019,3251.73
vnm,sex_m,geo_cov_nat,mts_aggregate_1,2020,3523.879
vnm,sex_m,geo_cov_nat,mts_aggregate_1,2021,4390.882
vnm,sex_m,geo_cov_nat,mts_aggregate_2,2010,2248.68
vnm,sex_m,geo_cov_nat,mts_aggregate_2,2011,2389.65
vnm,sex_m,geo_cov_nat,mts_aggregate_2,2012,2493.028
vnm,sex_m,geo_cov_nat,mts_aggregate_2,2013,2516.27
vnm,sex_m,geo_cov_nat,mts_aggregate_2,2014,2617.265
vnm,sex_m,geo_cov_nat,mts_aggregate_2,2015,2535.303
vnm,sex_m,geo_cov_nat,mts_aggregate_2,2016,2700.689
vnm,sex_m,geo_cov_nat,mts_aggregate_2,2017,2918.914
vnm,sex_m,geo_cov_nat,mts_aggregate_2,2018,3120.912
vnm,sex_m,geo_cov_nat,mts_aggregate_2,2019,3196.968
vnm,sex_m,geo_cov_nat,mts_aggregate_2,2020,3742.43
vnm,sex_m,geo_cov_nat,mts_aggregate_2,2021,3758.947
vnm,sex_m,geo_cov_nat,mts_aggregate_total,2010,6040.449
vnm,sex_m,geo_cov_nat,mts_aggregate_total,2011,6129.42
vnm,sex_m,geo_cov_nat,mts_aggregate_total,2012,6333.911
vnm,sex_m,geo_cov_nat,mts_aggregate_total,2013,6118.177
vnm,sex_m,geo_cov_nat,mts_aggregate_total,2014,6148.848
vnm,sex_m,geo_cov_nat,mts_aggregate_total,2015,6009.301
vnm,sex_m,geo_cov_nat,mts_aggregate_total,2016,6376.632
vnm,sex_m,geo_cov_nat,mts_aggregate_total,2017,6633.93
vnm,sex_m,geo_cov_nat,mts_aggregate_total,2018,6714.632
vnm,sex_m,geo_cov_nat,mts_aggregate_total,2019,6808.021
vnm,sex_m,geo_cov_nat,mts_aggregate_total,2020,7667.982
vnm,sex_m,geo_cov_nat,mts_aggregate_total,2021,8149.829
vnm,sex_m,geo_cov_nat,mts_aggregate_x,2010,13.836
vnm,sex_m,geo_cov_nat,mts_aggregate_x,2011,23.21
vnm,sex_m,geo_cov_nat,mts_aggregate_x,2012,97.432
vnm,sex_m,geo_cov_nat,mts_aggregate_x,2013,132.791
vnm,sex_m,geo_cov_nat,mts_aggregate_x,2014,184.853
vnm,sex_m,geo_cov_nat,mts_aggregate_x,2015,239.832
vnm,sex_m,geo_cov_nat,mts_aggregate_x,2016,327.692
vnm,sex_m,geo_cov_nat,mts_aggregate_x,2017,284.972
vnm,sex_m,geo_cov_nat,mts_aggregate_x,2018,325.232
vnm,sex_m,geo_cov_nat,mts_aggregate_x,2019,359.323
vnm,sex_m,geo_cov_nat,mts_aggregate_x,2020,401.674
vnm,sex_m,geo_cov_nat,mts_details_mrd,2010,2248.68
vnm,sex_m,geo_cov_nat,mts_details_mrd,2011,2389.65
vnm,sex_m,geo_cov_nat,mts_details_mrd,2012,2493.028
vnm,sex_m,geo_cov_nat,mts_details_mrd,2013,2516.27
vnm,sex_m,geo_cov_nat,mts_details_mrd,2014,2617.265
vnm,sex_m,geo_cov_nat,mts_details_mrd,2015,2535.303
vnm,sex_m,geo_cov_nat,mts_details_mrd,2016,2700.689
vnm,sex_m,geo_cov_nat,mts_details_mrd,2017,2918.914
vnm,sex_m,geo_cov_nat,mts_details_mrd,2018,3120.912
vnm,sex_m,geo_cov_nat,mts_details_mrd,2019,3196.968
vnm,sex_m,geo_cov_nat,mts_details_mrd,2020,3742.43
vnm,sex_m,geo_cov_nat,mts_details_mrd,2021,3758.947
vnm,sex_m,geo_cov_nat,mts_details_sep,2010,50.189
vnm,sex_m,geo_cov_nat,mts_details_sep,2011,41.529
vnm,sex_m,geo_cov_nat,mts_details_sep,2012,48.691
vnm,sex_m,geo_cov_nat,mts_details_sep,2013,50.133
vnm,sex_m,geo_cov_nat,mts_details_sep,2014,53.46
vnm,sex_m,geo_cov_nat,mts_details_sep,2015,60.053
vnm,sex_m,geo_cov_nat,mts_details_sep,2016,63.047
vnm,sex_m,geo_cov_nat,mts_details_sep,2017,62.947
vnm,sex_m,geo_cov_nat,mts_details_sep,2018,58.017
vnm,sex_m,geo_cov_nat,mts_details_sep,2019,78.419
vnm,sex_m,geo_cov_nat,mts_details_sep,2020,91.433
vnm,sex_m,geo_cov_nat,mts_details_sep,2021,96.649
vnm,sex_m,geo_cov_nat,mts_details_sgle,2010,3300.311
vnm,sex_m,geo_cov_nat,mts_details_sgle,2011,3251.548
vnm,sex_m,geo_cov_nat,mts_details_sgle,2012,3239.661
vnm,sex_m,geo_cov_nat,mts_details_sgle,2013,2949.594
vnm,sex_m,geo_cov_nat,mts_details_sgle,2014,2820.853
vnm,sex_m,geo_cov_nat,mts_details_sgle,2015,2746.375
vnm,sex_m,geo_cov_nat,mts_details_sgle,2016,2845.329
vnm,sex_m,geo_cov_nat,mts_details_sgle,2017,2867.436
vnm,sex_m,geo_cov_nat,mts_details_sgle,2018,2650.98
vnm,sex_m,geo_cov_nat,mts_details_sgle,2019,2625.503
vnm,sex_m,geo_cov_nat,mts_details_sgle,2020,2793.997
vnm,sex_m,geo_cov_nat,mts_details_sgle,2021,3771.698
vnm,sex_m,geo_cov_nat,mts_details_total,2010,6040.449
vnm,sex_m,geo_cov_nat,mts_details_total,2011,6129.42
vnm,sex_m,geo_cov_nat,mts_details_total,2012,6333.911
vnm,sex_m,geo_cov_nat,mts_details_total,2013,6118.177
vnm,sex_m,geo_cov_nat,mts_details_total,2014,6148.848
vnm,sex_m,geo_cov_nat,mts_details_total,2015,6009.301
vnm,sex_m,geo_cov_nat,mts_details_total,2016,6376.632
vnm,sex_m,geo_cov_nat,mts_details_total,2017,6633.93
vnm,sex_m,geo_cov_nat,mts_details_total,2018,6714.632
vnm,sex_m,geo_cov_nat,mts_details_total,2019,6808.021
vnm,sex_m,geo_cov_nat,mts_details_total,2020,7667.982
vnm,sex_m,geo_cov_nat,mts_details_total,2021,8149.829
vnm,sex_m,geo_cov_nat,mts_details_wid,2010,427.432
vnm,sex_m,geo_cov_nat,mts_details_wid,2011,423.483
vnm,sex_m,geo_cov_nat,mts_details_wid,2012,455.099
vnm,sex_m,geo_cov_nat,mts_details_wid,2013,469.39
vnm,sex_m,geo_cov_nat,mts_details_wid,2014,472.417
vnm,sex_m,geo_cov_nat,mts_details_wid,2015,427.738
vnm,sex_m,geo_cov_nat,mts_details_wid,2016,439.877
vnm,sex_m,geo_cov_nat,mts_details_wid,2017,499.661
vnm,sex_m,geo_cov_nat,mts_details_wid,2018,559.491
vnm,sex_m,geo_cov_nat,mts_details_wid,2019,547.808
vnm,sex_m,geo_cov_nat,mts_details_wid,2020,638.449
vnm,sex_m,geo_cov_nat,mts_details_wid,2021,522.535
vnm,sex_m,geo_cov_nat,mts_details_x,2010,13.836
vnm,sex_m,geo_cov_nat,mts_details_x,2011,23.21
vnm,sex_m,geo_cov_nat,mts_details_x,2012,97.432
vnm,sex_m,geo_cov_nat,mts_details_x,2013,132.791
vnm,sex_m,geo_cov_nat,mts_details_x,2014,184.853
vnm,sex_m,geo_cov_nat,mts_details_x,2015,239.832
vnm,sex_m,geo_cov_nat,mts_details_x,2016,327.692
vnm,sex_m,geo_cov_nat,mts_details_x,2017,284.972
vnm,sex_m,geo_cov_nat,mts_details_x,2018,325.232
vnm,sex_m,geo_cov_nat,mts_details_x,2019,359.323
vnm,sex_m,geo_cov_nat,mts_details_x,2020,401.674
vnm,sex_m,geo_cov_rur,mts_aggregate_1,2010,2248.131
vnm,sex_m,geo_cov_rur,mts_aggregate_1,2011,2180.963
vnm,sex_m,geo_cov_rur,mts_aggregate_1,2012,2273.647
vnm,sex_m,geo_cov_rur,mts_aggregate_1,2013,2068.616
vnm,sex_m,geo_cov_rur,mts_aggregate_1,2014,1967.61
vnm,sex_m,geo_cov_rur,mts_aggregate_1,2015,1884.646
vnm,sex_m,geo_cov_rur,mts_aggregate_1,2016,1925.185
vnm,sex_m,geo_cov_rur,mts_aggregate_1,2017,1926.653
vnm,sex_m,geo_cov_rur,mts_aggregate_1,2018,1652.128
vnm,sex_m,geo_cov_rur,mts_aggregate_1,2019,1738.085
vnm,sex_m,geo_cov_rur,mts_aggregate_1,2020,1791.664
vnm,sex_m,geo_cov_rur,mts_aggregate_1,2021,2445.051
vnm,sex_m,geo_cov_rur,mts_aggregate_2,2010,1230.614
vnm,sex_m,geo_cov_rur,mts_aggregate_2,2011,1286.995
vnm,sex_m,geo_cov_rur,mts_aggregate_2,2012,1291.654
vnm,sex_m,geo_cov_rur,mts_aggregate_2,2013,1285.421
vnm,sex_m,geo_cov_rur,mts_aggregate_2,2014,1311.677
vnm,sex_m,geo_cov_rur,mts_aggregate_2,2015,1303.846
vnm,sex_m,geo_cov_rur,mts_aggregate_2,2016,1363.139
vnm,sex_m,geo_cov_rur,mts_aggregate_2,2017,1322.075
vnm,sex_m,geo_cov_rur,mts_aggregate_2,2018,1481.724
vnm,sex_m,geo_cov_rur,mts_aggregate_2,2019,1494.35
vnm,sex_m,geo_cov_rur,mts_aggregate_2,2020,1946.023
vnm,sex_m,geo_cov_rur,mts_aggregate_2,2021,1824.087
vnm,sex_m,geo_cov_rur,mts_aggregate_total,2010,3485.211
vnm,sex_m,geo_cov_rur,mts_aggregate_total,2011,3482.728
vnm,sex_m,geo_cov_rur,mts_aggregate_total,2012,3635.429
vnm,sex_m,geo_cov_rur,mts_aggregate_total,2013,3454.392
vnm,sex_m,geo_cov_rur,mts_aggregate_total,2014,3414.99
vnm,sex_m,geo_cov_rur,mts_aggregate_total,2015,3395.159
vnm,sex_m,geo_cov_rur,mts_aggregate_total,2016,3551.827
vnm,sex_m,geo_cov_rur,mts_aggregate_total,2017,3471.202
vnm,sex_m,geo_cov_rur,mts_aggregate_total,2018,3392.323
vnm,sex_m,geo_cov_rur,mts_aggregate_total,2019,3527.638
vnm,sex_m,geo_cov_rur,mts_aggregate_total,2020,4061.856
vnm,sex_m,geo_cov_rur,mts_aggregate_total,2021,4269.137
vnm,sex_m,geo_cov_rur,mts_aggregate_x,2010,6.466
vnm,sex_m,geo_cov_rur,mts_aggregate_x,2011,14.769
vnm,sex_m,geo_cov_rur,mts_aggregate_x,2012,70.127
vnm,sex_m,geo_cov_rur,mts_aggregate_x,2013,100.356
vnm,sex_m,geo_cov_rur,mts_aggregate_x,2014,135.703
vnm,sex_m,geo_cov_rur,mts_aggregate_x,2015,206.667
vnm,sex_m,geo_cov_rur,mts_aggregate_x,2016,263.503
vnm,sex_m,geo_cov_rur,mts_aggregate_x,2017,222.474
vnm,sex_m,geo_cov_rur,mts_aggregate_x,2018,258.471
vnm,sex_m,geo_cov_rur,mts_aggregate_x,2019,295.204
vnm,sex_m,geo_cov_rur,mts_aggregate_x,2020,324.169
vnm,sex_m,geo_cov_rur,mts_details_mrd,2010,1230.614
vnm,sex_m,geo_cov_rur,mts_details_mrd,2011,1286.995
vnm,sex_m,geo_cov_rur,mts_details_mrd,2012,1291.654
vnm,sex_m,geo_cov_rur,mts_details_mrd,2013,1285.421
vnm,sex_m,geo_cov_rur,mts_details_mrd,2014,1311.677
vnm,sex_m,geo_cov_rur,mts_details_mrd,2015,1303.846
vnm,sex_m,geo_cov_rur,mts_details_mrd,2016,1363.139
vnm,sex_m,geo_cov_rur,mts_details_mrd,2017,1322.075
vnm,sex_m,geo_cov_rur,mts_details_mrd,2018,1481.724
vnm,sex_m,geo_cov_rur,mts_details_mrd,2019,1494.35
vnm,sex_m,geo_cov_rur,mts_details_mrd,2020,1946.023
vnm,sex_m,geo_cov_rur,mts_details_mrd,2021,1824.087
vnm,sex_m,geo_cov_rur,mts_details_sep,2010,24.111
vnm,sex_m,geo_cov_rur,mts_details_sep,2011,19.103
vnm,sex_m,geo_cov_rur,mts_details_sep,2012,25.343
vnm,sex_m,geo_cov_rur,mts_details_sep,2013,25.639
vnm,sex_m,geo_cov_rur,mts_details_sep,2014,26.965
vnm,sex_m,geo_cov_rur,mts_details_sep,2015,30.801
vnm,sex_m,geo_cov_rur,mts_details_sep,2016,31.1
vnm,sex_m,geo_cov_rur,mts_details_sep,2017,27.499
vnm,sex_m,geo_cov_rur,mts_details_sep,2018,21.046
vnm,sex_m,geo_cov_rur,mts_details_sep,2019,34.245
vnm,sex_m,geo_cov_rur,mts_details_sep,2020,47.688
vnm,sex_m,geo_cov_rur,mts_details_sep,2021,47.31
vnm,sex_m,geo_cov_rur,mts_details_sgle,2010,1925.935
vnm,sex_m,geo_cov_rur,mts_details_sgle,2011,1874.51
vnm,sex_m,geo_cov_rur,mts_details_sgle,2012,1950.13
vnm,sex_m,geo_cov_rur,mts_details_sgle,2013,1739.299
vnm,sex_m,geo_cov_rur,mts_details_sgle,2014,1643.404
vnm,sex_m,geo_cov_rur,mts_details_sgle,2015,1571.357
vnm,sex_m,geo_cov_rur,mts_details_sgle,2016,1616.81
vnm,sex_m,geo_cov_rur,mts_details_sgle,2017,1587.077
vnm,sex_m,geo_cov_rur,mts_details_sgle,2018,1271.124
vnm,sex_m,geo_cov_rur,mts_details_sgle,2019,1342.03
vnm,sex_m,geo_cov_rur,mts_details_sgle,2020,1330.823
vnm,sex_m,geo_cov_rur,mts_details_sgle,2021,2086.268
vnm,sex_m,geo_cov_rur,mts_details_total,2010,3485.211
vnm,sex_m,geo_cov_rur,mts_details_total,2011,3482.728
vnm,sex_m,geo_cov_rur,mts_details_total,2012,3635.429
vnm,sex_m,geo_cov_rur,mts_details_total,2013,3454.392
vnm,sex_m,geo_cov_rur,mts_details_total,2014,3414.99
vnm,sex_m,geo_cov_rur,mts_details_total,2015,3395.159
vnm,sex_m,geo_cov_rur,mts_details_total,2016,3551.827
vnm,sex_m,geo_cov_rur,mts_details_total,2017,3471.202
vnm,sex_m,geo_cov_rur,mts_details_total,2018,3392.323
vnm,sex_m,geo_cov_rur,mts_details_total,2019,3527.638
vnm,sex_m,geo_cov_rur,mts_details_total,2020,4061.856
vnm,sex_m,geo_cov_rur,mts_details_total,2021,4269.137
vnm,sex_m,geo_cov_rur,mts_details_wid,2010,298.086
vnm,sex_m,geo_cov_rur,mts_details_wid,2011,287.35
vnm,sex_m,geo_cov_rur,mts_details_wid,2012,298.175
vnm,sex_m,geo_cov_rur,mts_details_wid,2013,303.678
vnm,sex_m,geo_cov_rur,mts_details_wid,2014,297.242
vnm,sex_m,geo_cov_rur,mts_details_wid,2015,282.488
vnm,sex_m,geo_cov_rur,mts_details_wid,2016,277.275
vnm,sex_m,geo_cov_rur,mts_details_wid,2017,312.078
vnm,sex_m,geo_cov_rur,mts_details_wid,2018,359.958
vnm,sex_m,geo_cov_rur,mts_details_wid,2019,361.81
vnm,sex_m,geo_cov_rur,mts_details_wid,2020,413.153
vnm,sex_m,geo_cov_rur,mts_details_wid,2021,311.473
vnm,sex_m,geo_cov_rur,mts_details_x,2010,6.466
vnm,sex_m,geo_cov_rur,mts_details_x,2011,14.769
vnm,sex_m,geo_cov_rur,mts_details_x,2012,70.127
vnm,sex_m,geo_cov_rur,mts_details_x,2013,100.356
vnm,sex_m,geo_cov_rur,mts_details_x,2014,135.703
vnm,sex_m,geo_cov_rur,mts_details_x,2015,206.667
vnm,sex_m,geo_cov_rur,mts_details_x,2016,263.503
vnm,sex_m,geo_cov_rur,mts_details_x,2017,222.474
vnm,sex_m,geo_cov_rur,mts_details_x,2018,258.471
vnm,sex_m,geo_cov_rur,mts_details_x,2019,295.204
vnm,sex_m,geo_cov_rur,mts_details_x,2020,324.169
vnm,sex_m,geo_cov_urb,mts_aggregate_1,2010,1529.802
vnm,sex_m,geo_cov_urb,mts_aggregate_1,2011,1535.597
vnm,sex_m,geo_cov_urb,mts_aggregate_1,2012,1469.804
vnm,sex_m,geo_cov_urb,mts_aggregate_1,2013,1400.501
vnm,sex_m,geo_cov_urb,mts_aggregate_1,2014,1379.12
vnm,sex_m,geo_cov_urb,mts_aggregate_1,2015,1349.52
vnm,sex_m,geo_cov_urb,mts_aggregate_1,2016,1423.067
vnm,sex_m,geo_cov_urb,mts_aggregate_1,2017,1503.39
vnm,sex_m,geo_cov_urb,mts_aggregate_1,2018,1616.36
vnm,sex_m,geo_cov_urb,mts_aggregate_1,2019,1513.646
vnm,sex_m,geo_cov_urb,mts_aggregate_1,2020,1732.215
vnm,sex_m,geo_cov_urb,mts_aggregate_1,2021,1945.831
vnm,sex_m,geo_cov_urb,mts_aggregate_2,2010,1018.066
vnm,sex_m,geo_cov_urb,mts_aggregate_2,2011,1102.654
vnm,sex_m,geo_cov_urb,mts_aggregate_2,2012,1201.373
vnm,sex_m,geo_cov_urb,mts_aggregate_2,2013,1230.85
vnm,sex_m,geo_cov_urb,mts_aggregate_2,2014,1305.588
vnm,sex_m,geo_cov_urb,mts_aggregate_2,2015,1231.457
vnm,sex_m,geo_cov_urb,mts_aggregate_2,2016,1337.55
vnm,sex_m,geo_cov_urb,mts_aggregate_2,2017,1596.839
vnm,sex_m,geo_cov_urb,mts_aggregate_2,2018,1639.188
vnm,sex_m,geo_cov_urb,mts_aggregate_2,2019,1702.618
vnm,sex_m,geo_cov_urb,mts_aggregate_2,2020,1796.406
vnm,sex_m,geo_cov_urb,mts_aggregate_2,2021,1934.86
vnm,sex_m,geo_cov_urb,mts_aggregate_total,2010,2555.238
vnm,sex_m,geo_cov_urb,mts_aggregate_total,2011,2646.692
vnm,sex_m,geo_cov_urb,mts_aggregate_total,2012,2698.482
vnm,sex_m,geo_cov_urb,mts_aggregate_total,2013,2663.785
vnm,sex_m,geo_cov_urb,mts_aggregate_total,2014,2733.857
vnm,sex_m,geo_cov_urb,mts_aggregate_total,2015,2614.142
vnm,sex_m,geo_cov_urb,mts_aggregate_total,2016,2824.805
vnm,sex_m,geo_cov_urb,mts_aggregate_total,2017,3162.727
vnm,sex_m,geo_cov_urb,mts_aggregate_total,2018,3322.31
vnm,sex_m,geo_cov_urb,mts_aggregate_total,2019,3280.383
vnm,sex_m,geo_cov_urb,mts_aggregate_total,2020,3606.126
vnm,sex_m,geo_cov_urb,mts_aggregate_total,2021,3880.691
vnm,sex_m,geo_cov_urb,mts_aggregate_x,2010,7.371
vnm,sex_m,geo_cov_urb,mts_aggregate_x,2011,8.441
vnm,sex_m,geo_cov_urb,mts_aggregate_x,2012,27.305
vnm,sex_m,geo_cov_urb,mts_aggregate_x,2013,32.435
vnm,sex_m,geo_cov_urb,mts_aggregate_x,2014,49.15
vnm,sex_m,geo_cov_urb,mts_aggregate_x,2015,33.165
vnm,sex_m,geo_cov_urb,mts_aggregate_x,2016,64.188
vnm,sex_m,geo_cov_urb,mts_aggregate_x,2017,62.498
vnm,sex_m,geo_cov_urb,mts_aggregate_x,2018,66.761
vnm,sex_m,geo_cov_urb,mts_aggregate_x,2019,64.12
vnm,sex_m,geo_cov_urb,mts_aggregate_x,2020,77.505
vnm,sex_m,geo_cov_urb,mts_details_mrd,2010,1018.066
vnm,sex_m,geo_cov_urb,mts_details_mrd,2011,1102.654
vnm,sex_m,geo_cov_urb,mts_details_mrd,2012,1201.373
vnm,sex_m,geo_cov_urb,mts_details_mrd,2013,1230.85
vnm,sex_m,geo_cov_urb,mts_details_mrd,2014,1305.588
vnm,sex_m,geo_cov_urb,mts_details_mrd,2015,1231.457
vnm,sex_m,geo_cov_urb,mts_details_mrd,2016,1337.55
vnm,sex_m,geo_cov_urb,mts_details_mrd,2017,1596.839
vnm,sex_m,geo_cov_urb,mts_details_mrd,2018,1639.188
vnm,sex_m,geo_cov_urb,mts_details_mrd,2019,1702.618
vnm,sex_m,geo_cov_urb,mts_details_mrd,2020,1796.406
vnm,sex_m,geo_cov_urb,mts_details_mrd,2021,1934.86
vnm,sex_m,geo_cov_urb,mts_details_sep,2010,26.079
vnm,sex_m,geo_cov_urb,mts_details_sep,2011,22.426
vnm,sex_m,geo_cov_urb,mts_details_sep,2012,23.348
vnm,sex_m,geo_cov_urb,mts_details_sep,2013,24.493
vnm,sex_m,geo_cov_urb,mts_details_sep,2014,26.496
vnm,sex_m,geo_cov_urb,mts_details_sep,2015,29.252
vnm,sex_m,geo_cov_urb,mts_details_sep,2016,31.947
vnm,sex_m,geo_cov_urb,mts_details_sep,2017,35.449
vnm,sex_m,geo_cov_urb,mts_details_sep,2018,36.971
vnm,sex_m,geo_cov_urb,mts_details_sep,2019,44.174
vnm,sex_m,geo_cov_urb,mts_details_sep,2020,43.745
vnm,sex_m,geo_cov_urb,mts_details_sep,2021,49.339
vnm,sex_m,geo_cov_urb,mts_details_sgle,2010,1374.377
vnm,sex_m,geo_cov_urb,mts_details_sgle,2011,1377.038
vnm,sex_m,geo_cov_urb,mts_details_sgle,2012,1289.531
vnm,sex_m,geo_cov_urb,mts_details_sgle,2013,1210.295
vnm,sex_m,geo_cov_urb,mts_details_sgle,2014,1177.449
vnm,sex_m,geo_cov_urb,mts_details_sgle,2015,1175.018
vnm,sex_m,geo_cov_urb,mts_details_sgle,2016,1228.518
vnm,sex_m,geo_cov_urb,mts_details_sgle,2017,1280.359
vnm,sex_m,geo_cov_urb,mts_details_sgle,2018,1379.856
vnm,sex_m,geo_cov_urb,mts_details_sgle,2019,1283.474
vnm,sex_m,geo_cov_urb,mts_details_sgle,2020,1463.175
vnm,sex_m,geo_cov_urb,mts_details_sgle,2021,1685.43
vnm,sex_m,geo_cov_urb,mts_details_total,2010,2555.238
vnm,sex_m,geo_cov_urb,mts_details_total,2011,2646.692
vnm,sex_m,geo_cov_urb,mts_details_total,2012,2698.482
vnm,sex_m,geo_cov_urb,mts_details_total,2013,2663.785
vnm,sex_m,geo_cov_urb,mts_details_total,2014,2733.857
vnm,sex_m,geo_cov_urb,mts_details_total,2015,2614.142
vnm,sex_m,geo_cov_urb,mts_details_total,2016,2824.805
vnm,sex_m,geo_cov_urb,mts_details_total,2017,3162.727
vnm,sex_m,geo_cov_urb,mts_details_total,2018,3322.31
vnm,sex_m,geo_cov_urb,mts_details_total,2019,3280.383
vnm,sex_m,geo_cov_urb,mts_details_total,2020,3606.126
vnm,sex_m,geo_cov_urb,mts_details_total,2021,3880.691
vnm,sex_m,geo_cov_urb,mts_details_wid,2010,129.346
vnm,sex_m,geo_cov_urb,mts_details_wid,2011,136.133
vnm,sex_m,geo_cov_urb,mts_details_wid,2012,156.925
vnm,sex_m,geo_cov_urb,mts_details_wid,2013,165.712
vnm,sex_m,geo_cov_urb,mts_details_wid,2014,175.175
vnm,sex_m,geo_cov_urb,mts_details_wid,2015,145.251
vnm,sex_m,geo_cov_urb,mts_details_wid,2016,162.602
vnm,sex_m,geo_cov_urb,mts_details_wid,2017,187.583
vnm,sex_m,geo_cov_urb,mts_details_wid,2018,199.534
vnm,sex_m,geo_cov_urb,mts_details_wid,2019,185.998
vnm,sex_m,geo_cov_urb,mts_details_wid,2020,225.295
vnm,sex_m,geo_cov_urb,mts_details_wid,2021,211.062
vnm,sex_m,geo_cov_urb,mts_details_x,2010,7.371
vnm,sex_m,geo_cov_urb,mts_details_x,2011,8.441
vnm,sex_m,geo_cov_urb,mts_details_x,2012,27.305
vnm,sex_m,geo_cov_urb,mts_details_x,2013,32.435
vnm,sex_m,geo_cov_urb,mts_details_x,2014,49.15
vnm,sex_m,geo_cov_urb,mts_details_x,2015,33.165
vnm,sex_m,geo_cov_urb,mts_details_x,2016,64.188
vnm,sex_m,geo_cov_urb,mts_details_x,2017,62.498
vnm,sex_m,geo_cov_urb,mts_details_x,2018,66.761
vnm,sex_m,geo_cov_urb,mts_details_x,2019,64.12
vnm,sex_m,geo_cov_urb,mts_details_x,2020,77.505
vnm,sex_t,geo_cov_nat,mts_aggregate_1,2010,9487.129
vnm,sex_t,geo_cov_nat,mts_aggregate_1,2011,9652.823
vnm,sex_t,geo_cov_nat,mts_aggregate_1,2012,9708.714
vnm,sex_t,geo_cov_nat,mts_aggregate_1,2013,9143.481
vnm,sex_t,geo_cov_nat,mts_aggregate_1,2014,8942.398
vnm,sex_t,geo_cov_nat,mts_aggregate_1,2015,8696.943
vnm,sex_t,geo_cov_nat,mts_aggregate_1,2016,9056.808
vnm,sex_t,geo_cov_nat,mts_aggregate_1,2017,9245.785
vnm,sex_t,geo_cov_nat,mts_aggregate_1,2018,9490.817
vnm,sex_t,geo_cov_nat,mts_aggregate_1,2019,9042.863
vnm,sex_t,geo_cov_nat,mts_aggregate_1,2020,9925.659
vnm,sex_t,geo_cov_nat,mts_aggregate_1,2021,10998.15
vnm,sex_t,geo_cov_nat,mts_aggregate_2,2010,6132.649
vnm,sex_t,geo_cov_nat,mts_aggregate_2,2011,6277.132
vnm,sex_t,geo_cov_nat,mts_aggregate_2,2012,6347.104
vnm,sex_t,geo_cov_nat,mts_aggregate_2,2013,6427.696
vnm,sex_t,geo_cov_nat,mts_aggregate_2,2014,6683.756
vnm,sex_t,geo_cov_nat,mts_aggregate_2,2015,6857.452
vnm,sex_t,geo_cov_nat,mts_aggregate_2,2016,7066.814
vnm,sex_t,geo_cov_nat,mts_aggregate_2,2017,7467.997
vnm,sex_t,geo_cov_nat,mts_aggregate_2,2018,7680.194
vnm,sex_t,geo_cov_nat,mts_aggregate_2,2019,8288.931
vnm,sex_t,geo_cov_nat,mts_aggregate_2,2020,9305.819
vnm,sex_t,geo_cov_nat,mts_aggregate_2,2021,9341.578
vnm,sex_t,geo_cov_nat,mts_aggregate_total,2010,15659.351
vnm,sex_t,geo_cov_nat,mts_aggregate_total,2011,15987.277
vnm,sex_t,geo_cov_nat,mts_aggregate_total,2012,16239.488
vnm,sex_t,geo_cov_nat,mts_aggregate_total,2013,15783
vnm,sex_t,geo_cov_nat,mts_aggregate_total,2014,15918.545
vnm,sex_t,geo_cov_nat,mts_aggregate_total,2015,15901.445
vnm,sex_t,geo_cov_nat,mts_aggregate_total,2016,16630.588
vnm,sex_t,geo_cov_nat,mts_aggregate_total,2017,17162.528
vnm,sex_t,geo_cov_nat,mts_aggregate_total,2018,17700.793
vnm,sex_t,geo_cov_nat,mts_aggregate_total,2019,17886.147
vnm,sex_t,geo_cov_nat,mts_aggregate_total,2020,19858.716
vnm,sex_t,geo_cov_nat,mts_aggregate_total,2021,20340.803
vnm,sex_t,geo_cov_nat,mts_aggregate_x,2010,39.573
vnm,sex_t,geo_cov_nat,mts_aggregate_x,2011,57.323
vnm,sex_t,geo_cov_nat,mts_aggregate_x,2012,183.67
vnm,sex_t,geo_cov_nat,mts_aggregate_x,2013,211.824
vnm,sex_t,geo_cov_nat,mts_aggregate_x,2014,292.391
vnm,sex_t,geo_cov_nat,mts_aggregate_x,2015,347.051
vnm,sex_t,geo_cov_nat,mts_aggregate_x,2016,506.967
vnm,sex_t,geo_cov_nat,mts_aggregate_x,2017,448.747
vnm,sex_t,geo_cov_nat,mts_aggregate_x,2018,529.782
vnm,sex_t,geo_cov_nat,mts_aggregate_x,2019,554.353
vnm,sex_t,geo_cov_nat,mts_aggregate_x,2020,627.239
vnm,sex_t,geo_cov_nat,mts_aggregate_x,2021,1.075
vnm,sex_t,geo_cov_nat,mts_details_mrd,2010,6132.649
vnm,sex_t,geo_cov_nat,mts_details_mrd,2011,6277.132
vnm,sex_t,geo_cov_nat,mts_details_mrd,2012,6347.104
vnm,sex_t,geo_cov_nat,mts_details_mrd,2013,6427.696
vnm,sex_t,geo_cov_nat,mts_details_mrd,2014,6683.756
vnm,sex_t,geo_cov_nat,mts_details_mrd,2015,6857.452
vnm,sex_t,geo_cov_nat,mts_details_mrd,2016,7066.814
vnm,sex_t,geo_cov_nat,mts_details_mrd,2017,7467.997
vnm,sex_t,geo_cov_nat,mts_details_mrd,2018,7680.194
vnm,sex_t,geo_cov_nat,mts_details_mrd,2019,8288.931
vnm,sex_t,geo_cov_nat,mts_details_mrd,2020,9305.819
vnm,sex_t,geo_cov_nat,mts_details_mrd,2021,9341.578
vnm,sex_t,geo_cov_nat,mts_details_sep,2010,174.342
vnm,sex_t,geo_cov_nat,mts_details_sep,2011,155.669
vnm,sex_t,geo_cov_nat,mts_details_sep,2012,185.398
vnm,sex_t,geo_cov_nat,mts_details_sep,2013,186.915
vnm,sex_t,geo_cov_nat,mts_details_sep,2014,182.983
vnm,sex_t,geo_cov_nat,mts_details_sep,2015,220.568
vnm,sex_t,geo_cov_nat,mts_details_sep,2016,213.914
vnm,sex_t,geo_cov_nat,mts_details_sep,2017,227.914
vnm,sex_t,geo_cov_nat,mts_details_sep,2018,220.083
vnm,sex_t,geo_cov_nat,mts_details_sep,2019,277.836
vnm,sex_t,geo_cov_nat,mts_details_sep,2020,279.363
vnm,sex_t,geo_cov_nat,mts_details_sep,2021,306.796
vnm,sex_t,geo_cov_nat,mts_details_sgle,2010,6668.597
vnm,sex_t,geo_cov_nat,mts_details_sgle,2011,6716.245
vnm,sex_t,geo_cov_nat,mts_details_sgle,2012,6576.612
vnm,sex_t,geo_cov_nat,mts_details_sgle,2013,5995.373
vnm,sex_t,geo_cov_nat,mts_details_sgle,2014,5772.262
vnm,sex_t,geo_cov_nat,mts_details_sgle,2015,5622.577
vnm,sex_t,geo_cov_nat,mts_details_sgle,2016,5848.439
vnm,sex_t,geo_cov_nat,mts_details_sgle,2017,5875.401
vnm,sex_t,geo_cov_nat,mts_details_sgle,2018,5566.011
vnm,sex_t,geo_cov_nat,mts_details_sgle,2019,5386.278
vnm,sex_t,geo_cov_nat,mts_details_sgle,2020,5754.037
vnm,sex_t,geo_cov_nat,mts_details_sgle,2021,7382.679
vnm,sex_t,geo_cov_nat,mts_details_total,2010,15659.351
vnm,sex_t,geo_cov_nat,mts_details_total,2011,15987.277
vnm,sex_t,geo_cov_nat,mts_details_total,2012,16239.488
vnm,sex_t,geo_cov_nat,mts_details_total,2013,15783
vnm,sex_t,geo_cov_nat,mts_details_total,2014,15918.545
vnm,sex_t,geo_cov_nat,mts_details_total,2015,15901.445
vnm,sex_t,geo_cov_nat,mts_details_total,2016,16630.588
vnm,sex_t,geo_cov_nat,mts_details_total,2017,17162.528
vnm,sex_t,geo_cov_nat,mts_details_total,2018,17700.793
vnm,sex_t,geo_cov_nat,mts_details_total,2019,17886.147
vnm,sex_t,geo_cov_nat,mts_details_total,2020,19858.716
vnm,sex_t,geo_cov_nat,mts_details_total,2021,20340.803
vnm,sex_t,geo_cov_nat,mts_details_wid,2010,2644.19
vnm,sex_t,geo_cov_nat,mts_details_wid,2011,2780.908
vnm,sex_t,geo_cov_nat,mts_details_wid,2012,2946.703
vnm,sex_t,geo_cov_nat,mts_details_wid,2013,2961.193
vnm,sex_t,geo_cov_nat,mts_details_wid,2014,2987.153
vnm,sex_t,geo_cov_nat,mts_details_wid,2015,2853.797
vnm,sex_t,geo_cov_nat,mts_details_wid,2016,2994.455
vnm,sex_t,geo_cov_nat,mts_details_wid,2017,3142.47
vnm,sex_t,geo_cov_nat,mts_details_wid,2018,3704.723
vnm,sex_t,geo_cov_nat,mts_details_wid,2019,3378.749
vnm,sex_t,geo_cov_nat,mts_details_wid,2020,3892.259
vnm,sex_t,geo_cov_nat,mts_details_wid,2021,3308.675
vnm,sex_t,geo_cov_nat,mts_details_x,2010,39.573
vnm,sex_t,geo_cov_nat,mts_details_x,2011,57.323
vnm,sex_t,geo_cov_nat,mts_details_x,2012,183.67
vnm,sex_t,geo_cov_nat,mts_details_x,2013,211.824
vnm,sex_t,geo_cov_nat,mts_details_x,2014,292.391
vnm,sex_t,geo_cov_nat,mts_details_x,2015,347.051
vnm,sex_t,geo_cov_nat,mts_details_x,2016,506.967
vnm,sex_t,geo_cov_nat,mts_details_x,2017,448.747
vnm,sex_t,geo_cov_nat,mts_details_x,2018,529.782
vnm,sex_t,geo_cov_nat,mts_details_x,2019,554.353
vnm,sex_t,geo_cov_nat,mts_details_x,2020,627.239
vnm,sex_t,geo_cov_nat,mts_details_x,2021,1.075
vnm,sex_t,geo_cov_rur,mts_aggregate_1,2010,5754.398
vnm,sex_t,geo_cov_rur,mts_aggregate_1,2011,5747.256
vnm,sex_t,geo_cov_rur,mts_aggregate_1,2012,5914.847
vnm,sex_t,geo_cov_rur,mts_aggregate_1,2013,5467.455
vnm,sex_t,geo_cov_rur,mts_aggregate_1,2014,5293.857
vnm,sex_t,geo_cov_rur,mts_aggregate_1,2015,5120.631
vnm,sex_t,geo_cov_rur,mts_aggregate_1,2016,5274.611
vnm,sex_t,geo_cov_rur,mts_aggregate_1,2017,5185.197
vnm,sex_t,geo_cov_rur,mts_aggregate_1,2018,5093.649
vnm,sex_t,geo_cov_rur,mts_aggregate_1,2019,4983.859
vnm,sex_t,geo_cov_rur,mts_aggregate_1,2020,5450.053
vnm,sex_t,geo_cov_rur,mts_aggregate_1,2021,6095.635
vnm,sex_t,geo_cov_rur,mts_aggregate_2,2010,3320.193
vnm,sex_t,geo_cov_rur,mts_aggregate_2,2011,3248.357
vnm,sex_t,geo_cov_rur,mts_aggregate_2,2012,3192.535
vnm,sex_t,geo_cov_rur,mts_aggregate_2,2013,3214.889
vnm,sex_t,geo_cov_rur,mts_aggregate_2,2014,3230.875
vnm,sex_t,geo_cov_rur,mts_aggregate_2,2015,3526.252
vnm,sex_t,geo_cov_rur,mts_aggregate_2,2016,3556.813
vnm,sex_t,geo_cov_rur,mts_aggregate_2,2017,3378.593
vnm,sex_t,geo_cov_rur,mts_aggregate_2,2018,3532.39
vnm,sex_t,geo_cov_rur,mts_aggregate_2,2019,3759.512
vnm,sex_t,geo_cov_rur,mts_aggregate_2,2020,4849.978
vnm,sex_t,geo_cov_rur,mts_aggregate_2,2021,4587.462
vnm,sex_t,geo_cov_rur,mts_aggregate_total,2010,9092.702
vnm,sex_t,geo_cov_rur,mts_aggregate_total,2011,9033.755
vnm,sex_t,geo_cov_rur,mts_aggregate_total,2012,9232.059
vnm,sex_t,geo_cov_rur,mts_aggregate_total,2013,8840.091
vnm,sex_t,geo_cov_rur,mts_aggregate_total,2014,8727.221
vnm,sex_t,geo_cov_rur,mts_aggregate_total,2015,8938.89
vnm,sex_t,geo_cov_rur,mts_aggregate_total,2016,9220.144
vnm,sex_t,geo_cov_rur,mts_aggregate_total,2017,8899.127
vnm,sex_t,geo_cov_rur,mts_aggregate_total,2018,9027.486
vnm,sex_t,geo_cov_rur,mts_aggregate_total,2019,9188.473
vnm,sex_t,geo_cov_rur,mts_aggregate_total,2020,10794.977
vnm,sex_t,geo_cov_rur,mts_aggregate_total,2021,10683.943
vnm,sex_t,geo_cov_rur,mts_aggregate_x,2010,18.111
vnm,sex_t,geo_cov_rur,mts_aggregate_x,2011,38.143
vnm,sex_t,geo_cov_rur,mts_aggregate_x,2012,124.677
vnm,sex_t,geo_cov_rur,mts_aggregate_x,2013,157.747
vnm,sex_t,geo_cov_rur,mts_aggregate_x,2014,202.489
vnm,sex_t,geo_cov_rur,mts_aggregate_x,2015,292.008
vnm,sex_t,geo_cov_rur,mts_aggregate_x,2016,388.72
vnm,sex_t,geo_cov_rur,mts_aggregate_x,2017,335.338
vnm,sex_t,geo_cov_rur,mts_aggregate_x,2018,401.446
vnm,sex_t,geo_cov_rur,mts_aggregate_x,2019,445.102
vnm,sex_t,geo_cov_rur,mts_aggregate_x,2020,494.946
vnm,sex_t,geo_cov_rur,mts_details_mrd,2010,3320.193
vnm,sex_t,geo_cov_rur,mts_details_mrd,2011,3248.357
vnm,sex_t,geo_cov_rur,mts_details_mrd,2012,3192.535
vnm,sex_t,geo_cov_rur,mts_details_mrd,2013,3214.889
vnm,sex_t,geo_cov_rur,mts_details_mrd,2014,3230.875
vnm,sex_t,geo_cov_rur,mts_details_mrd,2015,3526.252
vnm,sex_t,geo_cov_rur,mts_details_mrd,2016,3556.813
vnm,sex_t,geo_cov_rur,mts_details_mrd,2017,3378.593
vnm,sex_t,geo_cov_rur,mts_details_mrd,2018,3532.39
vnm,sex_t,geo_cov_rur,mts_details_mrd,2019,3759.512
vnm,sex_t,geo_cov_rur,mts_details_mrd,2020,4849.978
vnm,sex_t,geo_cov_rur,mts_details_mrd,2021,4587.462
vnm,sex_t,geo_cov_rur,mts_details_sep,2010,76.332
vnm,sex_t,geo_cov_rur,mts_details_sep,2011,60.597
vnm,sex_t,geo_cov_rur,mts_details_sep,2012,85.89
vnm,sex_t,geo_cov_rur,mts_details_sep,2013,76.702
vnm,sex_t,geo_cov_rur,mts_details_sep,2014,74.379
vnm,sex_t,geo_cov_rur,mts_details_sep,2015,103.167
vnm,sex_t,geo_cov_rur,mts_details_sep,2016,96.106
vnm,sex_t,geo_cov_rur,mts_details_sep,2017,87.368
vnm,sex_t,geo_cov_rur,mts_details_sep,2018,82.072
vnm,sex_t,geo_cov_rur,mts_details_sep,2019,109.509
vnm,sex_t,geo_cov_rur,mts_details_sep,2020,127.228
vnm,sex_t,geo_cov_rur,mts_details_sep,2021,135.811
vnm,sex_t,geo_cov_rur,mts_details_sgle,2010,3886.593
vnm,sex_t,geo_cov_rur,mts_details_sgle,2011,3885.865
vnm,sex_t,geo_cov_rur,mts_details_sgle,2012,3927.009
vnm,sex_t,geo_cov_rur,mts_details_sgle,2013,3509.142
vnm,sex_t,geo_cov_rur,mts_details_sgle,2014,3347.183
vnm,sex_t,geo_cov_rur,mts_details_sgle,2015,3197.926
vnm,sex_t,geo_cov_rur,mts_details_sgle,2016,3308.116
vnm,sex_t,geo_cov_rur,mts_details_sgle,2017,3233.689
vnm,sex_t,geo_cov_rur,mts_details_sgle,2018,2723.421
vnm,sex_t,geo_cov_rur,mts_details_sgle,2019,2746.36
vnm,sex_t,geo_cov_rur,mts_details_sgle,2020,2771.245
vnm,sex_t,geo_cov_rur,mts_details_sgle,2021,4002.422
vnm,sex_t,geo_cov_rur,mts_details_total,2010,9092.702
vnm,sex_t,geo_cov_rur,mts_details_total,2011,9033.755
vnm,sex_t,geo_cov_rur,mts_details_total,2012,9232.059
vnm,sex_t,geo_cov_rur,mts_details_total,2013,8840.091
vnm,sex_t,geo_cov_rur,mts_details_total,2014,8727.221
vnm,sex_t,geo_cov_rur,mts_details_total,2015,8938.89
vnm,sex_t,geo_cov_rur,mts_details_total,2016,9220.144
vnm,sex_t,geo_cov_rur,mts_details_total,2017,8899.127
vnm,sex_t,geo_cov_rur,mts_details_total,2018,9027.486
vnm,sex_t,geo_cov_rur,mts_details_total,2019,9188.473
vnm,sex_t,geo_cov_rur,mts_details_total,2020,10794.977
vnm,sex_t,geo_cov_rur,mts_details_total,2021,10683.943
vnm,sex_t,geo_cov_rur,mts_details_wid,2010,1791.473
vnm,sex_t,geo_cov_rur,mts_details_wid,2011,1800.794
vnm,sex_t,geo_cov_rur,mts_details_wid,2012,1901.947
vnm,sex_t,geo_cov_rur,mts_details_wid,2013,1881.611
vnm,sex_t,geo_cov_rur,mts_details_wid,2014,1872.295
vnm,sex_t,geo_cov_rur,mts_details_wid,2015,1819.537
vnm,sex_t,geo_cov_rur,mts_details_wid,2016,1870.389
vnm,sex_t,geo_cov_rur,mts_details_wid,2017,1864.14
vnm,sex_t,geo_cov_rur,mts_details_wid,2018,2288.156
vnm,sex_t,geo_cov_rur,mts_details_wid,2019,2127.99
vnm,sex_t,geo_cov_rur,mts_details_wid,2020,2551.58
vnm,sex_t,geo_cov_rur,mts_details_wid,2021,1957.402
vnm,sex_t,geo_cov_rur,mts_details_x,2010,18.111
vnm,sex_t,geo_cov_rur,mts_details_x,2011,38.143
vnm,sex_t,geo_cov_rur,mts_details_x,2012,124.677
vnm,sex_t,geo_cov_rur,mts_details_x,2013,157.747
vnm,sex_t,geo_cov_rur,mts_details_x,2014,202.489
vnm,sex_t,geo_cov_rur,mts_details_x,2015,292.008
vnm,sex_t,geo_cov_rur,mts_details_x,2016,388.72
vnm,sex_t,geo_cov_rur,mts_details_x,2017,335.338
vnm,sex_t,geo_cov_rur,mts_details_x,2018,401.446
vnm,sex_t,geo_cov_rur,mts_details_x,2019,445.102
vnm,sex_t,geo_cov_rur,mts_details_x,2020,494.946
vnm,sex_t,geo_cov_urb,mts_aggregate_1,2010,3732.732
vnm,sex_t,geo_cov_urb,mts_aggregate_1,2011,3905.567
vnm,sex_t,geo_cov_urb,mts_aggregate_1,2012,3793.867
vnm,sex_t,geo_cov_urb,mts_aggregate_1,2013,3676.026
vnm,sex_t,geo_cov_urb,mts_aggregate_1,2014,3648.541
vnm,sex_t,geo_cov_urb,mts_aggregate_1,2015,3576.312
vnm,sex_t,geo_cov_urb,mts_aggregate_1,2016,3782.196
vnm,sex_t,geo_cov_urb,mts_aggregate_1,2017,4060.588
vnm,sex_t,geo_cov_urb,mts_aggregate_1,2018,4397.168
vnm,sex_t,geo_cov_urb,mts_aggregate_1,2019,4059.004
vnm,sex_t,geo_cov_urb,mts_aggregate_1,2020,4475.606
vnm,sex_t,geo_cov_urb,mts_aggregate_1,2021,4902.515
vnm,sex_t,geo_cov_urb,mts_aggregate_2,2010,2812.456
vnm,sex_t,geo_cov_urb,mts_aggregate_2,2011,3028.775
vnm,sex_t,geo_cov_urb,mts_aggregate_2,2012,3154.569
vnm,sex_t,geo_cov_urb,mts_aggregate_2,2013,3212.806
vnm,sex_t,geo_cov_urb,mts_aggregate_2,2014,3452.881
vnm,sex_t,geo_cov_urb,mts_aggregate_2,2015,3331.2
vnm,sex_t,geo_cov_urb,mts_aggregate_2,2016,3510.001
vnm,sex_t,geo_cov_urb,mts_aggregate_2,2017,4089.404
vnm,sex_t,geo_cov_urb,mts_aggregate_2,2018,4147.804
vnm,sex_t,geo_cov_urb,mts_aggregate_2,2019,4529.419
vnm,sex_t,geo_cov_urb,mts_aggregate_2,2020,4455.841
vnm,sex_t,geo_cov_urb,mts_aggregate_2,2021,4754.116
vnm,sex_t,geo_cov_urb,mts_aggregate_total,2010,6566.65
vnm,sex_t,geo_cov_urb,mts_aggregate_total,2011,6953.522
vnm,sex_t,geo_cov_urb,mts_aggregate_total,2012,7007.429
vnm,sex_t,geo_cov_urb,mts_aggregate_total,2013,6942.909
vnm,sex_t,geo_cov_urb,mts_aggregate_total,2014,7191.324
vnm,sex_t,geo_cov_urb,mts_aggregate_total,2015,6962.555
vnm,sex_t,geo_cov_urb,mts_aggregate_total,2016,7410.444
vnm,sex_t,geo_cov_urb,mts_aggregate_total,2017,8263.401
vnm,sex_t,geo_cov_urb,mts_aggregate_total,2018,8673.308
vnm,sex_t,geo_cov_urb,mts_aggregate_total,2019,8697.674
vnm,sex_t,geo_cov_urb,mts_aggregate_total,2020,9063.739
vnm,sex_t,geo_cov_urb,mts_aggregate_total,2021,9656.859
vnm,sex_t,geo_cov_urb,mts_aggregate_x,2010,21.462
vnm,sex_t,geo_cov_urb,mts_aggregate_x,2011,19.181
vnm,sex_t,geo_cov_urb,mts_aggregate_x,2012,58.993
vnm,sex_t,geo_cov_urb,mts_aggregate_x,2013,54.077
vnm,sex_t,geo_cov_urb,mts_aggregate_x,2014,89.902
vnm,sex_t,geo_cov_urb,mts_aggregate_x,2015,55.043
vnm,sex_t,geo_cov_urb,mts_aggregate_x,2016,118.247
vnm,sex_t,geo_cov_urb,mts_aggregate_x,2017,113.409
vnm,sex_t,geo_cov_urb,mts_aggregate_x,2018,128.336
vnm,sex_t,geo_cov_urb,mts_aggregate_x,2019,109.251
vnm,sex_t,geo_cov_urb,mts_aggregate_x,2020,132.293
vnm,sex_t,geo_cov_urb,mts_details_mrd,2010,2812.456
vnm,sex_t,geo_cov_urb,mts_details_mrd,2011,3028.775
vnm,sex_t,geo_cov_urb,mts_details_mrd,2012,3154.569
vnm,sex_t,geo_cov_urb,mts_details_mrd,2013,3212.806
vnm,sex_t,geo_cov_urb,mts_details_mrd,2014,3452.881
vnm,sex_t,geo_cov_urb,mts_details_mrd,2015,3331.2
vnm,sex_t,geo_cov_urb,mts_details_mrd,2016,3510.001
vnm,sex_t,geo_cov_urb,mts_details_mrd,2017,4089.404
vnm,sex_t,geo_cov_urb,mts_details_mrd,2018,4147.804
vnm,sex_t,geo_cov_urb,mts_details_mrd,2019,4529.419
vnm,sex_t,geo_cov_urb,mts_details_mrd,2020,4455.841
vnm,sex_t,geo_cov_urb,mts_details_mrd,2021,4754.116
vnm,sex_t,geo_cov_urb,mts_details_sep,2010,98.011
vnm,sex_t,geo_cov_urb,mts_details_sep,2011,95.072
vnm,sex_t,geo_cov_urb,mts_details_sep,2012,99.508
vnm,sex_t,geo_cov_urb,mts_details_sep,2013,110.213
vnm,sex_t,geo_cov_urb,mts_details_sep,2014,108.604
vnm,sex_t,geo_cov_urb,mts_details_sep,2015,117.401
vnm,sex_t,geo_cov_urb,mts_details_sep,2016,117.808
vnm,sex_t,geo_cov_urb,mts_details_sep,2017,140.546
vnm,sex_t,geo_cov_urb,mts_details_sep,2018,138.012
vnm,sex_t,geo_cov_urb,mts_details_sep,2019,168.327
vnm,sex_t,geo_cov_urb,mts_details_sep,2020,152.135
vnm,sex_t,geo_cov_urb,mts_details_sep,2021,170.985
vnm,sex_t,geo_cov_urb,mts_details_sgle,2010,2782.004
vnm,sex_t,geo_cov_urb,mts_details_sgle,2011,2830.381
vnm,sex_t,geo_cov_urb,mts_details_sgle,2012,2649.603
vnm,sex_t,geo_cov_urb,mts_details_sgle,2013,2486.231
vnm,sex_t,geo_cov_urb,mts_details_sgle,2014,2425.079
vnm,sex_t,geo_cov_urb,mts_details_sgle,2015,2424.651
vnm,sex_t,geo_cov_urb,mts_details_sgle,2016,2540.323
vnm,sex_t,geo_cov_urb,mts_details_sgle,2017,2641.712
vnm,sex_t,geo_cov_urb,mts_details_sgle,2018,2842.59
vnm,sex_t,geo_cov_urb,mts_details_sgle,2019,2639.918
vnm,sex_t,geo_cov_urb,mts_details_sgle,2020,2982.793
vnm,sex_t,geo_cov_urb,mts_details_sgle,2021,3380.257
vnm,sex_t,geo_cov_urb,mts_details_total,2010,6566.65
vnm,sex_t,geo_cov_urb,mts_details_total,2011,6953.522
vnm,sex_t,geo_cov_urb,mts_details_total,2012,7007.429
vnm,sex_t,geo_cov_urb,mts_details_total,2013,6942.909
vnm,sex_t,geo_cov_urb,mts_details_total,2014,7191.324
vnm,sex_t,geo_cov_urb,mts_details_total,2015,6962.555
vnm,sex_t,geo_cov_urb,mts_details_total,2016,7410.444
vnm,sex_t,geo_cov_urb,mts_details_total,2017,8263.401
vnm,sex_t,geo_cov_urb,mts_details_total,2018,8673.308
vnm,sex_t,geo_cov_urb,mts_details_total,2019,8697.674
vnm,sex_t,geo_cov_urb,mts_details_total,2020,9063.739
vnm,sex_t,geo_cov_urb,mts_details_total,2021,9656.859
vnm,sex_t,geo_cov_urb,mts_details_wid,2010,852.717
vnm,sex_t,geo_cov_urb,mts_details_wid,2011,980.114
vnm,sex_t,geo_cov_urb,mts_details_wid,2012,1044.756
vnm,sex_t,geo_cov_urb,mts_details_wid,2013,1079.582
vnm,sex_t,geo_cov_urb,mts_details_wid,2014,1114.858
vnm,sex_t,geo_cov_urb,mts_details_wid,2015,1034.26
vnm,sex_t,geo_cov_urb,mts_details_wid,2016,1124.066
vnm,sex_t,geo_cov_urb,mts_details_wid,2017,1278.33
vnm,sex_t,geo_cov_urb,mts_details_wid,2018,1416.567
vnm,sex_t,geo_cov_urb,mts_details_wid,2019,1250.759
vnm,sex_t,geo_cov_urb,mts_details_wid,2020,1340.678
vnm,sex_t,geo_cov_urb,mts_details_wid,2021,1351.273
vnm,sex_t,geo_cov_urb,mts_details_x,2010,21.462
vnm,sex_t,geo_cov_urb,mts_details_x,2011,19.181
vnm,sex_t,geo_cov_urb,mts_details_x,2012,58.993
vnm,sex_t,geo_cov_urb,mts_details_x,2013,54.077
vnm,sex_t,geo_cov_urb,mts_details_x,2014,89.902
vnm,sex_t,geo_cov_urb,mts_details_x,2015,55.043
vnm,sex_t,geo_cov_urb,mts_details_x,2016,118.247
vnm,sex_t,geo_cov_urb,mts_details_x,2017,113.409
vnm,sex_t,geo_cov_urb,mts_details_x,2018,128.336
vnm,sex_t,geo_cov_urb,mts_details_x,2019,109.251
vnm,sex_t,geo_cov_urb,mts_details_x,2020,132.293
vut,sex_f,geo_cov_nat,mts_aggregate_1,2006,7.047
vut,sex_f,geo_cov_nat,mts_aggregate_1,2009,11.562
vut,sex_f,geo_cov_nat,mts_aggregate_1,2010,12.769
vut,sex_f,geo_cov_nat,mts_aggregate_1,2019,18.047
vut,sex_f,geo_cov_nat,mts_aggregate_2,2006,7.951
vut,sex_f,geo_cov_nat,mts_aggregate_2,2009,16.893
vut,sex_f,geo_cov_nat,mts_aggregate_2,2010,18.907
vut,sex_f,geo_cov_nat,mts_aggregate_2,2019,23.945
vut,sex_f,geo_cov_nat,mts_aggregate_total,2006,15.011
vut,sex_f,geo_cov_nat,mts_aggregate_total,2009,28.455
vut,sex_f,geo_cov_nat,mts_aggregate_total,2010,31.675
vut,sex_f,geo_cov_nat,mts_aggregate_total,2019,41.992
vut,sex_f,geo_cov_nat,mts_details_mrd,2006,7.634
vut,sex_f,geo_cov_nat,mts_details_mrd,2009,13.079
vut,sex_f,geo_cov_nat,mts_details_mrd,2010,15.344
vut,sex_f,geo_cov_nat,mts_details_mrd,2019,19.594
vut,sex_f,geo_cov_nat,mts_details_sep,2006,0.099
vut,sex_f,geo_cov_nat,mts_details_sep,2009,0.273
vut,sex_f,geo_cov_nat,mts_details_sep,2010,0.351
vut,sex_f,geo_cov_nat,mts_details_sep,2019,0.297
vut,sex_f,geo_cov_nat,mts_details_sgle,2006,6.296
vut,sex_f,geo_cov_nat,mts_details_sgle,2009,10.038
vut,sex_f,geo_cov_nat,mts_details_sgle,2010,10.617
vut,sex_f,geo_cov_nat,mts_details_sgle,2019,15.18
vut,sex_f,geo_cov_nat,mts_details_total,2006,15.011
vut,sex_f,geo_cov_nat,mts_details_total,2009,28.455
vut,sex_f,geo_cov_nat,mts_details_total,2010,31.675
vut,sex_f,geo_cov_nat,mts_details_total,2019,41.992
vut,sex_f,geo_cov_nat,mts_details_union,2006,0.316
vut,sex_f,geo_cov_nat,mts_details_union,2009,3.814
vut,sex_f,geo_cov_nat,mts_details_union,2010,3.562
vut,sex_f,geo_cov_nat,mts_details_union,2019,4.351
vut,sex_f,geo_cov_nat,mts_details_wid,2006,0.653
vut,sex_f,geo_cov_nat,mts_details_wid,2009,1.251
vut,sex_f,geo_cov_nat,mts_details_wid,2010,1.8
vut,sex_f,geo_cov_nat,mts_details_wid,2019,2.571
vut,sex_f,geo_cov_rur,mts_aggregate_1,2006,4.591
vut,sex_f,geo_cov_rur,mts_aggregate_1,2009,7.541
vut,sex_f,geo_cov_rur,mts_aggregate_1,2010,7.634
vut,sex_f,geo_cov_rur,mts_aggregate_1,2019,12.853
vut,sex_f,geo_cov_rur,mts_aggregate_2,2006,5.408
vut,sex_f,geo_cov_rur,mts_aggregate_2,2009,11.724
vut,sex_f,geo_cov_rur,mts_aggregate_2,2010,11.954
vut,sex_f,geo_cov_rur,mts_aggregate_2,2019,18.573
vut,sex_f,geo_cov_rur,mts_aggregate_total,2006,10.012
vut,sex_f,geo_cov_rur,mts_aggregate_total,2009,19.265
vut,sex_f,geo_cov_rur,mts_aggregate_total,2010,19.588
vut,sex_f,geo_cov_rur,mts_aggregate_total,2019,31.426
vut,sex_f,geo_cov_rur,mts_details_mrd,2006,5.328
vut,sex_f,geo_cov_rur,mts_details_mrd,2009,9.606
vut,sex_f,geo_cov_rur,mts_details_mrd,2010,10.409
vut,sex_f,geo_cov_rur,mts_details_mrd,2019,16.318
vut,sex_f,geo_cov_rur,mts_details_sep,2006,0.063
vut,sex_f,geo_cov_rur,mts_details_sep,2009,0.166
vut,sex_f,geo_cov_rur,mts_details_sep,2010,0.121
vut,sex_f,geo_cov_rur,mts_details_sep,2019,0.232
vut,sex_f,geo_cov_rur,mts_details_sgle,2006,3.975
vut,sex_f,geo_cov_rur,mts_details_sgle,2009,6.343
vut,sex_f,geo_cov_rur,mts_details_sgle,2010,6.198
vut,sex_f,geo_cov_rur,mts_details_sgle,2019,10.573
vut,sex_f,geo_cov_rur,mts_details_total,2006,10.012
vut,sex_f,geo_cov_rur,mts_details_total,2009,19.265
vut,sex_f,geo_cov_rur,mts_details_total,2010,19.588
vut,sex_f,geo_cov_rur,mts_details_total,2019,31.426
vut,sex_f,geo_cov_rur,mts_details_union,2006,0.08
vut,sex_f,geo_cov_rur,mts_details_union,2009,2.118
vut,sex_f,geo_cov_rur,mts_details_union,2010,1.545
vut,sex_f,geo_cov_rur,mts_details_union,2019,2.256
vut,sex_f,geo_cov_rur,mts_details_wid,2006,0.553
vut,sex_f,geo_cov_rur,mts_details_wid,2009,1.032
vut,sex_f,geo_cov_rur,mts_details_wid,2010,1.315
vut,sex_f,geo_cov_rur,mts_details_wid,2019,2.048
vut,sex_f,geo_cov_urb,mts_aggregate_1,2006,2.456
vut,sex_f,geo_cov_urb,mts_aggregate_1,2009,4.021
vut,sex_f,geo_cov_urb,mts_aggregate_1,2010,5.135
vut,sex_f,geo_cov_urb,mts_aggregate_1,2019,5.194
vut,sex_f,geo_cov_urb,mts_aggregate_2,2006,2.543
vut,sex_f,geo_cov_urb,mts_aggregate_2,2009,5.169
vut,sex_f,geo_cov_urb,mts_aggregate_2,2010,6.953
vut,sex_f,geo_cov_urb,mts_aggregate_2,2019,5.372
vut,sex_f,geo_cov_urb,mts_aggregate_total,2006,4.999
vut,sex_f,geo_cov_urb,mts_aggregate_total,2009,9.19
vut,sex_f,geo_cov_urb,mts_aggregate_total,2010,12.088
vut,sex_f,geo_cov_urb,mts_aggregate_total,2019,10.566
vut,sex_f,geo_cov_urb,mts_details_mrd,2006,2.306
vut,sex_f,geo_cov_urb,mts_details_mrd,2009,3.473
vut,sex_f,geo_cov_urb,mts_details_mrd,2010,4.936
vut,sex_f,geo_cov_urb,mts_details_mrd,2019,3.277
vut,sex_f,geo_cov_urb,mts_details_sep,2009,0.107
vut,sex_f,geo_cov_urb,mts_details_sep,2010,0.231
vut,sex_f,geo_cov_urb,mts_details_sep,2019,0.065
vut,sex_f,geo_cov_urb,mts_details_sgle,2006,2.321
vut,sex_f,geo_cov_urb,mts_details_sgle,2009,3.695
vut,sex_f,geo_cov_urb,mts_details_sgle,2010,4.42
vut,sex_f,geo_cov_urb,mts_details_sgle,2019,4.606
vut,sex_f,geo_cov_urb,mts_details_total,2006,4.999
vut,sex_f,geo_cov_urb,mts_details_total,2009,9.19
vut,sex_f,geo_cov_urb,mts_details_total,2010,12.088
vut,sex_f,geo_cov_urb,mts_details_total,2019,10.566
vut,sex_f,geo_cov_urb,mts_details_union,2006,0.237
vut,sex_f,geo_cov_urb,mts_details_union,2009,1.696
vut,sex_f,geo_cov_urb,mts_details_union,2010,2.017
vut,sex_f,geo_cov_urb,mts_details_union,2019,2.095
vut,sex_f,geo_cov_urb,mts_details_wid,2006,0.1
vut,sex_f,geo_cov_urb,mts_details_wid,2009,0.219
vut,sex_f,geo_cov_urb,mts_details_wid,2010,0.485
vut,sex_f,geo_cov_urb,mts_details_wid,2019,0.523
vut,sex_m,geo_cov_nat,mts_aggregate_1,2006,7.571
vut,sex_m,geo_cov_nat,mts_aggregate_1,2009,10.584
vut,sex_m,geo_cov_nat,mts_aggregate_1,2010,12.705
vut,sex_m,geo_cov_nat,mts_aggregate_1,2019,18.352
vut,sex_m,geo_cov_nat,mts_aggregate_2,2006,4.406
vut,sex_m,geo_cov_nat,mts_aggregate_2,2009,5.033
vut,sex_m,geo_cov_nat,mts_aggregate_2,2010,9.224
vut,sex_m,geo_cov_nat,mts_aggregate_2,2019,15.616
vut,sex_m,geo_cov_nat,mts_aggregate_total,2006,11.981
vut,sex_m,geo_cov_nat,mts_aggregate_total,2009,15.617
vut,sex_m,geo_cov_nat,mts_aggregate_total,2010,21.929
vut,sex_m,geo_cov_nat,mts_aggregate_total,2019,33.968
vut,sex_m,geo_cov_nat,mts_details_mrd,2006,4.249
vut,sex_m,geo_cov_nat,mts_details_mrd,2009,4.022
vut,sex_m,geo_cov_nat,mts_details_mrd,2010,7.955
vut,sex_m,geo_cov_nat,mts_details_mrd,2019,13.439
vut,sex_m,geo_cov_nat,mts_details_sep,2009,0.134
vut,sex_m,geo_cov_nat,mts_details_sep,2010,0.1
vut,sex_m,geo_cov_nat,mts_details_sep,2019,0.281
vut,sex_m,geo_cov_nat,mts_details_sgle,2006,7.229
vut,sex_m,geo_cov_nat,mts_details_sgle,2009,10.114
vut,sex_m,geo_cov_nat,mts_details_sgle,2010,12.025
vut,sex_m,geo_cov_nat,mts_details_sgle,2019,17.086
vut,sex_m,geo_cov_nat,mts_details_total,2006,11.981
vut,sex_m,geo_cov_nat,mts_details_total,2009,15.617
vut,sex_m,geo_cov_nat,mts_details_total,2010,21.929
vut,sex_m,geo_cov_nat,mts_details_total,2019,33.968
vut,sex_m,geo_cov_nat,mts_details_union,2006,0.157
vut,sex_m,geo_cov_nat,mts_details_union,2009,1.011
vut,sex_m,geo_cov_nat,mts_details_union,2010,1.269
vut,sex_m,geo_cov_nat,mts_details_union,2019,2.177
vut,sex_m,geo_cov_nat,mts_details_wid,2006,0.301
vut,sex_m,geo_cov_nat,mts_details_wid,2009,0.336
vut,sex_m,geo_cov_nat,mts_details_wid,2010,0.581
vut,sex_m,geo_cov_nat,mts_details_wid,2019,0.985
vut,sex_m,geo_cov_rur,mts_aggregate_1,2006,5.07
vut,sex_m,geo_cov_rur,mts_aggregate_1,2009,6.401
vut,sex_m,geo_cov_rur,mts_aggregate_1,2010,7.279
vut,sex_m,geo_cov_rur,mts_aggregate_1,2019,12.605
vut,sex_m,geo_cov_rur,mts_aggregate_2,2006,3.393
vut,sex_m,geo_cov_rur,mts_aggregate_2,2009,2.825
vut,sex_m,geo_cov_rur,mts_aggregate_2,2010,6.58
vut,sex_m,geo_cov_rur,mts_aggregate_2,2019,11.831
vut,sex_m,geo_cov_rur,mts_aggregate_total,2006,8.467
vut,sex_m,geo_cov_rur,mts_aggregate_total,2009,9.226
vut,sex_m,geo_cov_rur,mts_aggregate_total,2010,13.859
vut,sex_m,geo_cov_rur,mts_aggregate_total,2019,24.436
vut,sex_m,geo_cov_rur,mts_details_mrd,2006,3.331
vut,sex_m,geo_cov_rur,mts_details_mrd,2009,2.424
vut,sex_m,geo_cov_rur,mts_details_mrd,2010,5.913
vut,sex_m,geo_cov_rur,mts_details_mrd,2019,10.762
vut,sex_m,geo_cov_rur,mts_details_sep,2009,0.078
vut,sex_m,geo_cov_rur,mts_details_sep,2019,0.107
vut,sex_m,geo_cov_rur,mts_details_sgle,2006,4.756
vut,sex_m,geo_cov_rur,mts_details_sgle,2009,6.047
vut,sex_m,geo_cov_rur,mts_details_sgle,2010,6.823
vut,sex_m,geo_cov_rur,mts_details_sgle,2019,11.78
vut,sex_m,geo_cov_rur,mts_details_total,2006,8.467
vut,sex_m,geo_cov_rur,mts_details_total,2009,9.226
vut,sex_m,geo_cov_rur,mts_details_total,2010,13.859
vut,sex_m,geo_cov_rur,mts_details_total,2019,24.436
vut,sex_m,geo_cov_rur,mts_details_union,2006,0.062
vut,sex_m,geo_cov_rur,mts_details_union,2009,0.401
vut,sex_m,geo_cov_rur,mts_details_union,2010,0.667
vut,sex_m,geo_cov_rur,mts_details_union,2019,1.069
vut,sex_m,geo_cov_rur,mts_details_wid,2006,0.278
vut,sex_m,geo_cov_rur,mts_details_wid,2009,0.276
vut,sex_m,geo_cov_rur,mts_details_wid,2010,0.404
vut,sex_m,geo_cov_rur,mts_details_wid,2019,0.718
vut,sex_m,geo_cov_urb,mts_aggregate_1,2006,2.502
vut,sex_m,geo_cov_urb,mts_aggregate_1,2009,4.183
vut,sex_m,geo_cov_urb,mts_aggregate_1,2010,5.426
vut,sex_m,geo_cov_urb,mts_aggregate_1,2019,5.747
vut,sex_m,geo_cov_urb,mts_aggregate_2,2006,1.012
vut,sex_m,geo_cov_urb,mts_aggregate_2,2009,2.208
vut,sex_m,geo_cov_urb,mts_aggregate_2,2010,2.643
vut,sex_m,geo_cov_urb,mts_aggregate_2,2019,3.785
vut,sex_m,geo_cov_urb,mts_aggregate_total,2006,3.514
vut,sex_m,geo_cov_urb,mts_aggregate_total,2009,6.391
vut,sex_m,geo_cov_urb,mts_aggregate_total,2010,8.07
vut,sex_m,geo_cov_urb,mts_aggregate_total,2019,9.531
vut,sex_m,geo_cov_urb,mts_details_mrd,2006,0.918
vut,sex_m,geo_cov_urb,mts_details_mrd,2009,1.598
vut,sex_m,geo_cov_urb,mts_details_mrd,2010,2.041
vut,sex_m,geo_cov_urb,mts_details_mrd,2019,2.676
vut,sex_m,geo_cov_urb,mts_details_sep,2009,0.056
vut,sex_m,geo_cov_urb,mts_details_sep,2019,0.174
vut,sex_m,geo_cov_urb,mts_details_sgle,2006,2.473
vut,sex_m,geo_cov_urb,mts_details_sgle,2009,4.067
vut,sex_m,geo_cov_urb,mts_details_sgle,2010,5.202
vut,sex_m,geo_cov_urb,mts_details_sgle,2019,5.306
vut,sex_m,geo_cov_urb,mts_details_total,2006,3.514
vut,sex_m,geo_cov_urb,mts_details_total,2009,6.391
vut,sex_m,geo_cov_urb,mts_details_total,2010,8.07
vut,sex_m,geo_cov_urb,mts_details_total,2019,9.531
vut,sex_m,geo_cov_urb,mts_details_union,2006,0.094
vut,sex_m,geo_cov_urb,mts_details_union,2009,0.61
vut,sex_m,geo_cov_urb,mts_details_union,2010,0.602
vut,sex_m,geo_cov_urb,mts_details_union,2019,1.108
vut,sex_m,geo_cov_urb,mts_details_wid,2009,0.06
vut,sex_m,geo_cov_urb,mts_details_wid,2010,0.177
vut,sex_m,geo_cov_urb,mts_details_wid,2019,0.267
vut,sex_t,geo_cov_nat,mts_aggregate_1,2006,14.619
vut,sex_t,geo_cov_nat,mts_aggregate_1,2009,22.146
vut,sex_t,geo_cov_nat,mts_aggregate_1,2010,25.474
vut,sex_t,geo_cov_nat,mts_aggregate_1,2019,36.399
vut,sex_t,geo_cov_nat,mts_aggregate_2,2006,12.356
vut,sex_t,geo_cov_nat,mts_aggregate_2,2009,21.926
vut,sex_t,geo_cov_nat,mts_aggregate_2,2010,28.13
vut,sex_t,geo_cov_nat,mts_aggregate_2,2019,39.561
vut,sex_t,geo_cov_nat,mts_aggregate_total,2006,26.992
vut,sex_t,geo_cov_nat,mts_aggregate_total,2009,44.072
vut,sex_t,geo_cov_nat,mts_aggregate_total,2010,53.604
vut,sex_t,geo_cov_nat,mts_aggregate_total,2019,75.96
vut,sex_t,geo_cov_nat,mts_details_mrd,2006,11.883
vut,sex_t,geo_cov_nat,mts_details_mrd,2009,17.101
vut,sex_t,geo_cov_nat,mts_details_mrd,2010,23.299
vut,sex_t,geo_cov_nat,mts_details_mrd,2019,33.033
vut,sex_t,geo_cov_nat,mts_details_sep,2006,0.14
vut,sex_t,geo_cov_nat,mts_details_sep,2009,0.407
vut,sex_t,geo_cov_nat,mts_details_sep,2010,0.451
vut,sex_t,geo_cov_nat,mts_details_sep,2019,0.578
vut,sex_t,geo_cov_nat,mts_details_sgle,2006,13.525
vut,sex_t,geo_cov_nat,mts_details_sgle,2009,20.152
vut,sex_t,geo_cov_nat,mts_details_sgle,2010,22.642
vut,sex_t,geo_cov_nat,mts_details_sgle,2019,32.266
vut,sex_t,geo_cov_nat,mts_details_total,2006,26.992
vut,sex_t,geo_cov_nat,mts_details_total,2009,44.072
vut,sex_t,geo_cov_nat,mts_details_total,2010,53.604
vut,sex_t,geo_cov_nat,mts_details_total,2019,75.96
vut,sex_t,geo_cov_nat,mts_details_union,2006,0.473
vut,sex_t,geo_cov_nat,mts_details_union,2009,4.825
vut,sex_t,geo_cov_nat,mts_details_union,2010,4.831
vut,sex_t,geo_cov_nat,mts_details_union,2019,6.528
vut,sex_t,geo_cov_nat,mts_details_wid,2006,0.954
vut,sex_t,geo_cov_nat,mts_details_wid,2009,1.587
vut,sex_t,geo_cov_nat,mts_details_wid,2010,2.381
vut,sex_t,geo_cov_nat,mts_details_wid,2019,3.556
vut,sex_t,geo_cov_rur,mts_aggregate_1,2006,9.661
vut,sex_t,geo_cov_rur,mts_aggregate_1,2009,13.942
vut,sex_t,geo_cov_rur,mts_aggregate_1,2010,14.912
vut,sex_t,geo_cov_rur,mts_aggregate_1,2019,25.458
vut,sex_t,geo_cov_rur,mts_aggregate_2,2006,8.801
vut,sex_t,geo_cov_rur,mts_aggregate_2,2009,14.549
vut,sex_t,geo_cov_rur,mts_aggregate_2,2010,18.534
vut,sex_t,geo_cov_rur,mts_aggregate_2,2019,30.405
vut,sex_t,geo_cov_rur,mts_aggregate_total,2006,18.479
vut,sex_t,geo_cov_rur,mts_aggregate_total,2009,28.491
vut,sex_t,geo_cov_rur,mts_aggregate_total,2010,33.447
vut,sex_t,geo_cov_rur,mts_aggregate_total,2019,55.863
vut,sex_t,geo_cov_rur,mts_details_mrd,2006,8.659
vut,sex_t,geo_cov_rur,mts_details_mrd,2009,12.03
vut,sex_t,geo_cov_rur,mts_details_mrd,2010,16.322
vut,sex_t,geo_cov_rur,mts_details_mrd,2019,27.08
vut,sex_t,geo_cov_rur,mts_details_sep,2006,0.099
vut,sex_t,geo_cov_rur,mts_details_sep,2009,0.244
vut,sex_t,geo_cov_rur,mts_details_sep,2010,0.173
vut,sex_t,geo_cov_rur,mts_details_sep,2019,0.339
vut,sex_t,geo_cov_rur,mts_details_sgle,2006,8.731
vut,sex_t,geo_cov_rur,mts_details_sgle,2009,12.39
vut,sex_t,geo_cov_rur,mts_details_sgle,2010,13.021
vut,sex_t,geo_cov_rur,mts_details_sgle,2019,22.354
vut,sex_t,geo_cov_rur,mts_details_total,2006,18.479
vut,sex_t,geo_cov_rur,mts_details_total,2009,28.491
vut,sex_t,geo_cov_rur,mts_details_total,2010,33.447
vut,sex_t,geo_cov_rur,mts_details_total,2019,55.863
vut,sex_t,geo_cov_rur,mts_details_union,2006,0.142
vut,sex_t,geo_cov_rur,mts_details_union,2009,2.519
vut,sex_t,geo_cov_rur,mts_details_union,2010,2.212
vut,sex_t,geo_cov_rur,mts_details_union,2019,3.325
vut,sex_t,geo_cov_rur,mts_details_wid,2006,0.831
vut,sex_t,geo_cov_rur,mts_details_wid,2009,1.308
vut,sex_t,geo_cov_rur,mts_details_wid,2010,1.719
vut,sex_t,geo_cov_rur,mts_details_wid,2019,2.765
vut,sex_t,geo_cov_urb,mts_aggregate_1,2006,4.958
vut,sex_t,geo_cov_urb,mts_aggregate_1,2009,8.204
vut,sex_t,geo_cov_urb,mts_aggregate_1,2010,10.561
vut,sex_t,geo_cov_urb,mts_aggregate_1,2019,10.941
vut,sex_t,geo_cov_urb,mts_aggregate_2,2006,3.555
vut,sex_t,geo_cov_urb,mts_aggregate_2,2009,7.377
vut,sex_t,geo_cov_urb,mts_aggregate_2,2010,9.596
vut,sex_t,geo_cov_urb,mts_aggregate_2,2019,9.156
vut,sex_t,geo_cov_urb,mts_aggregate_total,2006,8.513
vut,sex_t,geo_cov_urb,mts_aggregate_total,2009,15.581
vut,sex_t,geo_cov_urb,mts_aggregate_total,2010,20.157
vut,sex_t,geo_cov_urb,mts_aggregate_total,2019,20.097
vut,sex_t,geo_cov_urb,mts_details_mrd,2006,3.224
vut,sex_t,geo_cov_urb,mts_details_mrd,2009,5.071
vut,sex_t,geo_cov_urb,mts_details_mrd,2010,6.977
vut,sex_t,geo_cov_urb,mts_details_mrd,2019,5.953
vut,sex_t,geo_cov_urb,mts_details_sep,2009,0.163
vut,sex_t,geo_cov_urb,mts_details_sep,2010,0.278
vut,sex_t,geo_cov_urb,mts_details_sep,2019,0.238
vut,sex_t,geo_cov_urb,mts_details_sgle,2006,4.794
vut,sex_t,geo_cov_urb,mts_details_sgle,2009,7.762
vut,sex_t,geo_cov_urb,mts_details_sgle,2010,9.622
vut,sex_t,geo_cov_urb,mts_details_sgle,2019,9.912
vut,sex_t,geo_cov_urb,mts_details_total,2006,8.513
vut,sex_t,geo_cov_urb,mts_details_total,2009,15.581
vut,sex_t,geo_cov_urb,mts_details_total,2010,20.157
vut,sex_t,geo_cov_urb,mts_details_total,2019,20.097
vut,sex_t,geo_cov_urb,mts_details_union,2006,0.331
vut,sex_t,geo_cov_urb,mts_details_union,2009,2.306
vut,sex_t,geo_cov_urb,mts_details_union,2010,2.619
vut,sex_t,geo_cov_urb,mts_details_union,2019,3.203
vut,sex_t,geo_cov_urb,mts_details_wid,2006,0.123
vut,sex_t,geo_cov_urb,mts_details_wid,2009,0.279
vut,sex_t,geo_cov_urb,mts_details_wid,2010,0.662
vut,sex_t,geo_cov_urb,mts_details_wid,2019,0.79
wsm,sex_f,geo_cov_nat,mts_aggregate_1,2012,20.08
wsm,sex_f,geo_cov_nat,mts_aggregate_1,2017,15.155
wsm,sex_f,geo_cov_nat,mts_aggregate_2,2012,23.937
wsm,sex_f,geo_cov_nat,mts_aggregate_2,2017,17.236
wsm,sex_f,geo_cov_nat,mts_aggregate_total,2012,44.032
wsm,sex_f,geo_cov_nat,mts_aggregate_total,2017,32.39
wsm,sex_f,geo_cov_nat,mts_aggregate_x,2012,0.015
wsm,sex_f,geo_cov_nat,mts_details_mrd,2012,23.937
wsm,sex_f,geo_cov_nat,mts_details_sep,2012,2.234
wsm,sex_f,geo_cov_nat,mts_details_sgle,2012,13.452
wsm,sex_f,geo_cov_nat,mts_details_total,2012,44.032
wsm,sex_f,geo_cov_nat,mts_details_wid,2012,4.394
wsm,sex_f,geo_cov_nat,mts_details_x,2012,0.015
wsm,sex_f,geo_cov_rur,mts_aggregate_1,2012,16.06
wsm,sex_f,geo_cov_rur,mts_aggregate_1,2017,12.179
wsm,sex_f,geo_cov_rur,mts_aggregate_2,2012,20.341
wsm,sex_f,geo_cov_rur,mts_aggregate_2,2017,14.455
wsm,sex_f,geo_cov_rur,mts_aggregate_total,2012,36.4
wsm,sex_f,geo_cov_rur,mts_aggregate_total,2017,26.634
wsm,sex_f,geo_cov_rur,mts_details_mrd,2012,20.341
wsm,sex_f,geo_cov_rur,mts_details_sep,2012,1.839
wsm,sex_f,geo_cov_rur,mts_details_sgle,2012,10.734
wsm,sex_f,geo_cov_rur,mts_details_total,2012,36.4
wsm,sex_f,geo_cov_rur,mts_details_wid,2012,3.487
wsm,sex_f,geo_cov_urb,mts_aggregate_1,2012,4.02
wsm,sex_f,geo_cov_urb,mts_aggregate_1,2017,2.975
wsm,sex_f,geo_cov_urb,mts_aggregate_2,2012,3.596
wsm,sex_f,geo_cov_urb,mts_aggregate_2,2017,2.781
wsm,sex_f,geo_cov_urb,mts_aggregate_total,2012,7.631
wsm,sex_f,geo_cov_urb,mts_aggregate_total,2017,5.756
wsm,sex_f,geo_cov_urb,mts_aggregate_x,2012,0.015
wsm,sex_f,geo_cov_urb,mts_details_mrd,2012,3.596
wsm,sex_f,geo_cov_urb,mts_details_sep,2012,0.394
wsm,sex_f,geo_cov_urb,mts_details_sgle,2012,2.718
wsm,sex_f,geo_cov_urb,mts_details_total,2012,7.631
wsm,sex_f,geo_cov_urb,mts_details_wid,2012,0.907
wsm,sex_f,geo_cov_urb,mts_details_x,2012,0.015
wsm,sex_m,geo_cov_nat,mts_aggregate_1,2012,18.444
wsm,sex_m,geo_cov_nat,mts_aggregate_1,2017,10.867
wsm,sex_m,geo_cov_nat,mts_aggregate_2,2012,17.185
wsm,sex_m,geo_cov_nat,mts_aggregate_2,2017,7.784
wsm,sex_m,geo_cov_nat,mts_aggregate_total,2012,35.644
wsm,sex_m,geo_cov_nat,mts_aggregate_total,2017,18.651
wsm,sex_m,geo_cov_nat,mts_aggregate_x,2012,0.015
wsm,sex_m,geo_cov_nat,mts_details_mrd,2012,17.185
wsm,sex_m,geo_cov_nat,mts_details_sep,2012,0.994
wsm,sex_m,geo_cov_nat,mts_details_sgle,2012,16.158
wsm,sex_m,geo_cov_nat,mts_details_total,2012,35.644
wsm,sex_m,geo_cov_nat,mts_details_wid,2012,1.293
wsm,sex_m,geo_cov_nat,mts_details_x,2012,0.015
wsm,sex_m,geo_cov_rur,mts_aggregate_1,2012,14.946
wsm,sex_m,geo_cov_rur,mts_aggregate_1,2017,8.409
wsm,sex_m,geo_cov_rur,mts_aggregate_2,2012,15.303
wsm,sex_m,geo_cov_rur,mts_aggregate_2,2017,6.437
wsm,sex_m,geo_cov_rur,mts_aggregate_total,2012,30.249
wsm,sex_m,geo_cov_rur,mts_aggregate_total,2017,14.846
wsm,sex_m,geo_cov_rur,mts_details_mrd,2012,15.303
wsm,sex_m,geo_cov_rur,mts_details_sep,2012,0.851
wsm,sex_m,geo_cov_rur,mts_details_sgle,2012,13.015
wsm,sex_m,geo_cov_rur,mts_details_total,2012,30.249
wsm,sex_m,geo_cov_rur,mts_details_wid,2012,1.08
wsm,sex_m,geo_cov_urb,mts_aggregate_1,2012,3.498
wsm,sex_m,geo_cov_urb,mts_aggregate_1,2017,2.458
wsm,sex_m,geo_cov_urb,mts_aggregate_2,2012,1.882
wsm,sex_m,geo_cov_urb,mts_aggregate_2,2017,1.347
wsm,sex_m,geo_cov_urb,mts_aggregate_total,2012,5.395
wsm,sex_m,geo_cov_urb,mts_aggregate_total,2017,3.805
wsm,sex_m,geo_cov_urb,mts_aggregate_x,2012,0.015
wsm,sex_m,geo_cov_urb,mts_details_mrd,2012,1.882
wsm,sex_m,geo_cov_urb,mts_details_sep,2012,0.142
wsm,sex_m,geo_cov_urb,mts_details_sgle,2012,3.143
wsm,sex_m,geo_cov_urb,mts_details_total,2012,5.395
wsm,sex_m,geo_cov_urb,mts_details_wid,2012,0.213
wsm,sex_m,geo_cov_urb,mts_details_x,2012,0.015
wsm,sex_t,geo_cov_nat,mts_aggregate_1,2012,38.523
wsm,sex_t,geo_cov_nat,mts_aggregate_1,2017,26.022
wsm,sex_t,geo_cov_nat,mts_aggregate_2,2012,41.122
wsm,sex_t,geo_cov_nat,mts_aggregate_2,2017,25.02
wsm,sex_t,geo_cov_nat,mts_aggregate_total,2012,79.675
wsm,sex_t,geo_cov_nat,mts_aggregate_total,2017,51.042
wsm,sex_t,geo_cov_nat,mts_aggregate_x,2012,0.03
wsm,sex_t,geo_cov_nat,mts_details_mrd,2012,41.122
wsm,sex_t,geo_cov_nat,mts_details_sep,2012,3.227
wsm,sex_t,geo_cov_nat,mts_details_sgle,2012,29.61
wsm,sex_t,geo_cov_nat,mts_details_total,2012,79.675
wsm,sex_t,geo_cov_nat,mts_details_wid,2012,5.687
wsm,sex_t,geo_cov_nat,mts_details_x,2012,0.03
wsm,sex_t,geo_cov_rur,mts_aggregate_1,2012,31.006
wsm,sex_t,geo_cov_rur,mts_aggregate_1,2017,20.589
wsm,sex_t,geo_cov_rur,mts_aggregate_2,2012,35.644
wsm,sex_t,geo_cov_rur,mts_aggregate_2,2017,20.891
wsm,sex_t,geo_cov_rur,mts_aggregate_total,2012,66.65
wsm,sex_t,geo_cov_rur,mts_aggregate_total,2017,41.48
wsm,sex_t,geo_cov_rur,mts_details_mrd,2012,35.644
wsm,sex_t,geo_cov_rur,mts_details_sep,2012,2.691
wsm,sex_t,geo_cov_rur,mts_details_sgle,2012,23.749
wsm,sex_t,geo_cov_rur,mts_details_total,2012,66.65
wsm,sex_t,geo_cov_rur,mts_details_wid,2012,4.566
wsm,sex_t,geo_cov_urb,mts_aggregate_1,2012,7.518
wsm,sex_t,geo_cov_urb,mts_aggregate_1,2017,5.433
wsm,sex_t,geo_cov_urb,mts_aggregate_2,2012,5.478
wsm,sex_t,geo_cov_urb,mts_aggregate_2,2017,4.129
wsm,sex_t,geo_cov_urb,mts_aggregate_total,2012,13.026
wsm,sex_t,geo_cov_urb,mts_aggregate_total,2017,9.562
wsm,sex_t,geo_cov_urb,mts_aggregate_x,2012,0.03
wsm,sex_t,geo_cov_urb,mts_details_mrd,2012,5.478
wsm,sex_t,geo_cov_urb,mts_details_sep,2012,0.537
wsm,sex_t,geo_cov_urb,mts_details_sgle,2012,5.861
wsm,sex_t,geo_cov_urb,mts_details_total,2012,13.026
wsm,sex_t,geo_cov_urb,mts_details_wid,2012,1.12
wsm,sex_t,geo_cov_urb,mts_details_x,2012,0.03
yem,sex_f,geo_cov_nat,mts_aggregate_1,2014,2186.548
yem,sex_f,geo_cov_nat,mts_aggregate_2,2014,3986.433
yem,sex_f,geo_cov_nat,mts_aggregate_total,2014,6172.981
yem,sex_f,geo_cov_nat,mts_details_mrd,2014,3986.433
yem,sex_f,geo_cov_nat,mts_details_sep,2014,75.972
yem,sex_f,geo_cov_nat,mts_details_sgle,2014,1725.839
yem,sex_f,geo_cov_nat,mts_details_total,2014,6172.981
yem,sex_f,geo_cov_nat,mts_details_wid,2014,384.738
yem,sex_f,geo_cov_rur,mts_aggregate_1,2014,1678.815
yem,sex_f,geo_cov_rur,mts_aggregate_2,2014,3185.937
yem,sex_f,geo_cov_rur,mts_aggregate_total,2014,4864.752
yem,sex_f,geo_cov_rur,mts_details_mrd,2014,3185.937
yem,sex_f,geo_cov_rur,mts_details_sep,2014,56.294
yem,sex_f,geo_cov_rur,mts_details_sgle,2014,1323.261
yem,sex_f,geo_cov_rur,mts_details_total,2014,4864.752
yem,sex_f,geo_cov_rur,mts_details_wid,2014,299.259
yem,sex_f,geo_cov_urb,mts_aggregate_1,2014,507.734
yem,sex_f,geo_cov_urb,mts_aggregate_2,2014,800.495
yem,sex_f,geo_cov_urb,mts_aggregate_total,2014,1308.229
yem,sex_f,geo_cov_urb,mts_details_mrd,2014,800.495
yem,sex_f,geo_cov_urb,mts_details_sep,2014,19.678
yem,sex_f,geo_cov_urb,mts_details_sgle,2014,402.577
yem,sex_f,geo_cov_urb,mts_details_total,2014,1308.229
yem,sex_f,geo_cov_urb,mts_details_wid,2014,85.478
yem,sex_m,geo_cov_nat,mts_aggregate_1,2014,1542.273
yem,sex_m,geo_cov_nat,mts_aggregate_2,2014,812.939
yem,sex_m,geo_cov_nat,mts_aggregate_total,2014,2355.212
yem,sex_m,geo_cov_nat,mts_details_mrd,2014,812.939
yem,sex_m,geo_cov_nat,mts_details_sep,2014,10.335
yem,sex_m,geo_cov_nat,mts_details_sgle,2014,1487.457
yem,sex_m,geo_cov_nat,mts_details_total,2014,2355.212
yem,sex_m,geo_cov_nat,mts_details_wid,2014,44.481
yem,sex_m,geo_cov_rur,mts_aggregate_1,2014,1186.075
yem,sex_m,geo_cov_rur,mts_aggregate_2,2014,669.436
yem,sex_m,geo_cov_rur,mts_aggregate_total,2014,1855.511
yem,sex_m,geo_cov_rur,mts_details_mrd,2014,669.436
yem,sex_m,geo_cov_rur,mts_details_sep,2014,8.53
yem,sex_m,geo_cov_rur,mts_details_sgle,2014,1142.917
yem,sex_m,geo_cov_rur,mts_details_total,2014,1855.511
yem,sex_m,geo_cov_rur,mts_details_wid,2014,34.629
yem,sex_m,geo_cov_urb,mts_aggregate_1,2014,356.198
yem,sex_m,geo_cov_urb,mts_aggregate_2,2014,143.503
yem,sex_m,geo_cov_urb,mts_aggregate_total,2014,499.701
yem,sex_m,geo_cov_urb,mts_details_mrd,2014,143.503
yem,sex_m,geo_cov_urb,mts_details_sep,2014,1.805
yem,sex_m,geo_cov_urb,mts_details_sgle,2014,344.541
yem,sex_m,geo_cov_urb,mts_details_total,2014,499.701
yem,sex_m,geo_cov_urb,mts_details_wid,2014,9.852
yem,sex_t,geo_cov_nat,mts_aggregate_1,2014,3728.821
yem,sex_t,geo_cov_nat,mts_aggregate_2,2014,4799.371
yem,sex_t,geo_cov_nat,mts_aggregate_total,2014,8528.193
yem,sex_t,geo_cov_nat,mts_details_mrd,2014,4799.371
yem,sex_t,geo_cov_nat,mts_details_sep,2014,86.307
yem,sex_t,geo_cov_nat,mts_details_sgle,2014,3213.296
yem,sex_t,geo_cov_nat,mts_details_total,2014,8528.193
yem,sex_t,geo_cov_nat,mts_details_wid,2014,429.219
yem,sex_t,geo_cov_rur,mts_aggregate_1,2014,2864.89
yem,sex_t,geo_cov_rur,mts_aggregate_2,2014,3855.373
yem,sex_t,geo_cov_rur,mts_aggregate_total,2014,6720.263
yem,sex_t,geo_cov_rur,mts_details_mrd,2014,3855.373
yem,sex_t,geo_cov_rur,mts_details_sep,2014,64.823
yem,sex_t,geo_cov_rur,mts_details_sgle,2014,2466.178
yem,sex_t,geo_cov_rur,mts_details_total,2014,6720.263
yem,sex_t,geo_cov_rur,mts_details_wid,2014,333.888
yem,sex_t,geo_cov_urb,mts_aggregate_1,2014,863.932
yem,sex_t,geo_cov_urb,mts_aggregate_2,2014,943.998
yem,sex_t,geo_cov_urb,mts_aggregate_total,2014,1807.93
yem,sex_t,geo_cov_urb,mts_details_mrd,2014,943.998
yem,sex_t,geo_cov_urb,mts_details_sep,2014,21.483
yem,sex_t,geo_cov_urb,mts_details_sgle,2014,747.118
yem,sex_t,geo_cov_urb,mts_details_total,2014,1807.93
yem,sex_t,geo_cov_urb,mts_details_wid,2014,95.33
zaf,sex_f,geo_cov_nat,mts_aggregate_1,2008,5747.363
zaf,sex_f,geo_cov_nat,mts_aggregate_1,2009,6070.896
zaf,sex_f,geo_cov_nat,mts_aggregate_1,2010,6745.049
zaf,sex_f,geo_cov_nat,mts_aggregate_1,2011,6579.56
zaf,sex_f,geo_cov_nat,mts_aggregate_1,2012,6768.388
zaf,sex_f,geo_cov_nat,mts_aggregate_1,2013,6853.505
zaf,sex_f,geo_cov_nat,mts_aggregate_1,2014,7025.307
zaf,sex_f,geo_cov_nat,mts_aggregate_1,2015,6970.179
zaf,sex_f,geo_cov_nat,mts_aggregate_1,2016,7100.421
zaf,sex_f,geo_cov_nat,mts_aggregate_1,2017,7112.131
zaf,sex_f,geo_cov_nat,mts_aggregate_1,2018,7305.457
zaf,sex_f,geo_cov_nat,mts_aggregate_1,2019,7414.919
zaf,sex_f,geo_cov_nat,mts_aggregate_1,2020,8044.981
zaf,sex_f,geo_cov_nat,mts_aggregate_1,2021,8173.642
zaf,sex_f,geo_cov_nat,mts_aggregate_2,2008,2713.103
zaf,sex_f,geo_cov_nat,mts_aggregate_2,2009,2783.922
zaf,sex_f,geo_cov_nat,mts_aggregate_2,2010,3051.882
zaf,sex_f,geo_cov_nat,mts_aggregate_2,2011,2880.977
zaf,sex_f,geo_cov_nat,mts_aggregate_2,2012,2948.9
zaf,sex_f,geo_cov_nat,mts_aggregate_2,2013,2941.79
zaf,sex_f,geo_cov_nat,mts_aggregate_2,2014,2996.569
zaf,sex_f,geo_cov_nat,mts_aggregate_2,2015,2925.96
zaf,sex_f,geo_cov_nat,mts_aggregate_2,2016,2951.983
zaf,sex_f,geo_cov_nat,mts_aggregate_2,2017,2888.692
zaf,sex_f,geo_cov_nat,mts_aggregate_2,2018,2988.025
zaf,sex_f,geo_cov_nat,mts_aggregate_2,2019,2975.451
zaf,sex_f,geo_cov_nat,mts_aggregate_2,2020,3253.363
zaf,sex_f,geo_cov_nat,mts_aggregate_2,2021,3102.364
zaf,sex_f,geo_cov_nat,mts_aggregate_total,2008,8460.466
zaf,sex_f,geo_cov_nat,mts_aggregate_total,2009,8854.818
zaf,sex_f,geo_cov_nat,mts_aggregate_total,2010,9796.93
zaf,sex_f,geo_cov_nat,mts_aggregate_total,2011,9460.536
zaf,sex_f,geo_cov_nat,mts_aggregate_total,2012,9717.288
zaf,sex_f,geo_cov_nat,mts_aggregate_total,2013,9795.295
zaf,sex_f,geo_cov_nat,mts_aggregate_total,2014,10021.876
zaf,sex_f,geo_cov_nat,mts_aggregate_total,2015,9896.139
zaf,sex_f,geo_cov_nat,mts_aggregate_total,2016,10052.404
zaf,sex_f,geo_cov_nat,mts_aggregate_total,2017,10000.823
zaf,sex_f,geo_cov_nat,mts_aggregate_total,2018,10293.482
zaf,sex_f,geo_cov_nat,mts_aggregate_total,2019,10390.37
zaf,sex_f,geo_cov_nat,mts_aggregate_total,2020,11298.344
zaf,sex_f,geo_cov_nat,mts_aggregate_total,2021,11276.006
zaf,sex_f,geo_cov_nat,mts_details_mrd,2008,2147.122
zaf,sex_f,geo_cov_nat,mts_details_mrd,2009,2232.38
zaf,sex_f,geo_cov_nat,mts_details_mrd,2010,2427.485
zaf,sex_f,geo_cov_nat,mts_details_mrd,2011,2350.342
zaf,sex_f,geo_cov_nat,mts_details_mrd,2012,2400.431
zaf,sex_f,geo_cov_nat,mts_details_mrd,2013,2389.594
zaf,sex_f,geo_cov_nat,mts_details_mrd,2014,2414.438
zaf,sex_f,geo_cov_nat,mts_details_mrd,2015,2341.557
zaf,sex_f,geo_cov_nat,mts_details_mrd,2016,2357.706
zaf,sex_f,geo_cov_nat,mts_details_mrd,2017,2316.604
zaf,sex_f,geo_cov_nat,mts_details_mrd,2018,2362.327
zaf,sex_f,geo_cov_nat,mts_details_mrd,2019,2342.987
zaf,sex_f,geo_cov_nat,mts_details_mrd,2020,2549.179
zaf,sex_f,geo_cov_nat,mts_details_mrd,2021,2453.843
zaf,sex_f,geo_cov_nat,mts_details_sep,2008,203.249
zaf,sex_f,geo_cov_nat,mts_details_sep,2009,191.295
zaf,sex_f,geo_cov_nat,mts_details_sep,2010,220.518
zaf,sex_f,geo_cov_nat,mts_details_sep,2011,208.542
zaf,sex_f,geo_cov_nat,mts_details_sep,2012,214.113
zaf,sex_f,geo_cov_nat,mts_details_sep,2013,203.494
zaf,sex_f,geo_cov_nat,mts_details_sep,2014,217.292
zaf,sex_f,geo_cov_nat,mts_details_sep,2015,226.822
zaf,sex_f,geo_cov_nat,mts_details_sep,2016,225.873
zaf,sex_f,geo_cov_nat,mts_details_sep,2017,221.993
zaf,sex_f,geo_cov_nat,mts_details_sep,2018,233.544
zaf,sex_f,geo_cov_nat,mts_details_sep,2019,251.382
zaf,sex_f,geo_cov_nat,mts_details_sep,2020,283.742
zaf,sex_f,geo_cov_nat,mts_details_sep,2021,257.018
zaf,sex_f,geo_cov_nat,mts_details_sgle,2008,4291.256
zaf,sex_f,geo_cov_nat,mts_details_sgle,2009,4579.822
zaf,sex_f,geo_cov_nat,mts_details_sgle,2010,5086.484
zaf,sex_f,geo_cov_nat,mts_details_sgle,2011,4978.79
zaf,sex_f,geo_cov_nat,mts_details_sgle,2012,5124.618
zaf,sex_f,geo_cov_nat,mts_details_sgle,2013,5199.822
zaf,sex_f,geo_cov_nat,mts_details_sgle,2014,5356.74
zaf,sex_f,geo_cov_nat,mts_details_sgle,2015,5316.963
zaf,sex_f,geo_cov_nat,mts_details_sgle,2016,5415.466
zaf,sex_f,geo_cov_nat,mts_details_sgle,2017,5411.281
zaf,sex_f,geo_cov_nat,mts_details_sgle,2018,5558.513
zaf,sex_f,geo_cov_nat,mts_details_sgle,2019,5651.597
zaf,sex_f,geo_cov_nat,mts_details_sgle,2020,6241.206
zaf,sex_f,geo_cov_nat,mts_details_sgle,2021,6325.396
zaf,sex_f,geo_cov_nat,mts_details_total,2008,8460.466
zaf,sex_f,geo_cov_nat,mts_details_total,2009,8854.818
zaf,sex_f,geo_cov_nat,mts_details_total,2010,9796.93
zaf,sex_f,geo_cov_nat,mts_details_total,2011,9460.536
zaf,sex_f,geo_cov_nat,mts_details_total,2012,9717.288
zaf,sex_f,geo_cov_nat,mts_details_total,2013,9795.295
zaf,sex_f,geo_cov_nat,mts_details_total,2014,10021.876
zaf,sex_f,geo_cov_nat,mts_details_total,2015,9896.139
zaf,sex_f,geo_cov_nat,mts_details_total,2016,10052.404
zaf,sex_f,geo_cov_nat,mts_details_total,2017,10000.823
zaf,sex_f,geo_cov_nat,mts_details_total,2018,10293.482
zaf,sex_f,geo_cov_nat,mts_details_total,2019,10390.37
zaf,sex_f,geo_cov_nat,mts_details_total,2020,11298.344
zaf,sex_f,geo_cov_nat,mts_details_total,2021,11276.006
zaf,sex_f,geo_cov_nat,mts_details_union,2008,565.981
zaf,sex_f,geo_cov_nat,mts_details_union,2009,551.543
zaf,sex_f,geo_cov_nat,mts_details_union,2010,624.396
zaf,sex_f,geo_cov_nat,mts_details_union,2011,530.635
zaf,sex_f,geo_cov_nat,mts_details_union,2012,548.469
zaf,sex_f,geo_cov_nat,mts_details_union,2013,552.196
zaf,sex_f,geo_cov_nat,mts_details_union,2014,582.131
zaf,sex_f,geo_cov_nat,mts_details_union,2015,584.402
zaf,sex_f,geo_cov_nat,mts_details_union,2016,594.277
zaf,sex_f,geo_cov_nat,mts_details_union,2017,572.088
zaf,sex_f,geo_cov_nat,mts_details_union,2018,625.698
zaf,sex_f,geo_cov_nat,mts_details_union,2019,632.464
zaf,sex_f,geo_cov_nat,mts_details_union,2020,704.184
zaf,sex_f,geo_cov_nat,mts_details_union,2021,648.52
zaf,sex_f,geo_cov_nat,mts_details_wid,2008,1252.859
zaf,sex_f,geo_cov_nat,mts_details_wid,2009,1299.779
zaf,sex_f,geo_cov_nat,mts_details_wid,2010,1438.047
zaf,sex_f,geo_cov_nat,mts_details_wid,2011,1392.228
zaf,sex_f,geo_cov_nat,mts_details_wid,2012,1429.657
zaf,sex_f,geo_cov_nat,mts_details_wid,2013,1450.189
zaf,sex_f,geo_cov_nat,mts_details_wid,2014,1451.275
zaf,sex_f,geo_cov_nat,mts_details_wid,2015,1426.394
zaf,sex_f,geo_cov_nat,mts_details_wid,2016,1459.083
zaf,sex_f,geo_cov_nat,mts_details_wid,2017,1478.858
zaf,sex_f,geo_cov_nat,mts_details_wid,2018,1513.4
zaf,sex_f,geo_cov_nat,mts_details_wid,2019,1511.94
zaf,sex_f,geo_cov_nat,mts_details_wid,2020,1520.032
zaf,sex_f,geo_cov_nat,mts_details_wid,2021,1591.228
zaf,sex_f,geo_cov_rur,mts_aggregate_1,2008,2572.297
zaf,sex_f,geo_cov_rur,mts_aggregate_1,2009,2745.506
zaf,sex_f,geo_cov_rur,mts_aggregate_1,2010,3147.735
zaf,sex_f,geo_cov_rur,mts_aggregate_1,2011,2961.809
zaf,sex_f,geo_cov_rur,mts_aggregate_1,2012,3023.375
zaf,sex_f,geo_cov_rur,mts_aggregate_1,2013,3018.701
zaf,sex_f,geo_cov_rur,mts_aggregate_1,2014,3087.016
zaf,sex_f,geo_cov_rur,mts_aggregate_1,2015,3139.675
zaf,sex_f,geo_cov_rur,mts_aggregate_1,2016,3173.069
zaf,sex_f,geo_cov_rur,mts_aggregate_1,2017,3080.447
zaf,sex_f,geo_cov_rur,mts_aggregate_1,2018,3105.958
zaf,sex_f,geo_cov_rur,mts_aggregate_1,2019,3028.622
zaf,sex_f,geo_cov_rur,mts_aggregate_1,2020,3095.15
zaf,sex_f,geo_cov_rur,mts_aggregate_1,2021,3184.254
zaf,sex_f,geo_cov_rur,mts_aggregate_2,2008,942.21
zaf,sex_f,geo_cov_rur,mts_aggregate_2,2009,969.561
zaf,sex_f,geo_cov_rur,mts_aggregate_2,2010,1118.549
zaf,sex_f,geo_cov_rur,mts_aggregate_2,2011,983.064
zaf,sex_f,geo_cov_rur,mts_aggregate_2,2012,969.43
zaf,sex_f,geo_cov_rur,mts_aggregate_2,2013,948.207
zaf,sex_f,geo_cov_rur,mts_aggregate_2,2014,941.783
zaf,sex_f,geo_cov_rur,mts_aggregate_2,2015,999.263
zaf,sex_f,geo_cov_rur,mts_aggregate_2,2016,977.332
zaf,sex_f,geo_cov_rur,mts_aggregate_2,2017,869.834
zaf,sex_f,geo_cov_rur,mts_aggregate_2,2018,924.006
zaf,sex_f,geo_cov_rur,mts_aggregate_2,2019,911.015
zaf,sex_f,geo_cov_rur,mts_aggregate_2,2020,924.362
zaf,sex_f,geo_cov_rur,mts_aggregate_2,2021,880.796
zaf,sex_f,geo_cov_rur,mts_aggregate_total,2008,3514.508
zaf,sex_f,geo_cov_rur,mts_aggregate_total,2009,3715.068
zaf,sex_f,geo_cov_rur,mts_aggregate_total,2010,4266.284
zaf,sex_f,geo_cov_rur,mts_aggregate_total,2011,3944.873
zaf,sex_f,geo_cov_rur,mts_aggregate_total,2012,3992.805
zaf,sex_f,geo_cov_rur,mts_aggregate_total,2013,3966.908
zaf,sex_f,geo_cov_rur,mts_aggregate_total,2014,4028.799
zaf,sex_f,geo_cov_rur,mts_aggregate_total,2015,4138.938
zaf,sex_f,geo_cov_rur,mts_aggregate_total,2016,4150.401
zaf,sex_f,geo_cov_rur,mts_aggregate_total,2017,3950.28
zaf,sex_f,geo_cov_rur,mts_aggregate_total,2018,4029.964
zaf,sex_f,geo_cov_rur,mts_aggregate_total,2019,3939.638
zaf,sex_f,geo_cov_rur,mts_aggregate_total,2020,4019.512
zaf,sex_f,geo_cov_rur,mts_aggregate_total,2021,4065.05
zaf,sex_f,geo_cov_rur,mts_details_mrd,2008,735.584
zaf,sex_f,geo_cov_rur,mts_details_mrd,2009,783.215
zaf,sex_f,geo_cov_rur,mts_details_mrd,2010,911.312
zaf,sex_f,geo_cov_rur,mts_details_mrd,2011,831.337
zaf,sex_f,geo_cov_rur,mts_details_mrd,2012,801.666
zaf,sex_f,geo_cov_rur,mts_details_mrd,2013,779.417
zaf,sex_f,geo_cov_rur,mts_details_mrd,2014,760.923
zaf,sex_f,geo_cov_rur,mts_details_mrd,2015,792.985
zaf,sex_f,geo_cov_rur,mts_details_mrd,2016,794.9
zaf,sex_f,geo_cov_rur,mts_details_mrd,2017,707.508
zaf,sex_f,geo_cov_rur,mts_details_mrd,2018,733.786
zaf,sex_f,geo_cov_rur,mts_details_mrd,2019,712.744
zaf,sex_f,geo_cov_rur,mts_details_mrd,2020,724.854
zaf,sex_f,geo_cov_rur,mts_details_mrd,2021,711.364
zaf,sex_f,geo_cov_rur,mts_details_sep,2008,62.544
zaf,sex_f,geo_cov_rur,mts_details_sep,2009,58.773
zaf,sex_f,geo_cov_rur,mts_details_sep,2010,73.51
zaf,sex_f,geo_cov_rur,mts_details_sep,2011,57.302
zaf,sex_f,geo_cov_rur,mts_details_sep,2012,68.086
zaf,sex_f,geo_cov_rur,mts_details_sep,2013,59.03
zaf,sex_f,geo_cov_rur,mts_details_sep,2014,64.758
zaf,sex_f,geo_cov_rur,mts_details_sep,2015,64.523
zaf,sex_f,geo_cov_rur,mts_details_sep,2016,56.259
zaf,sex_f,geo_cov_rur,mts_details_sep,2017,50.098
zaf,sex_f,geo_cov_rur,mts_details_sep,2018,56.909
zaf,sex_f,geo_cov_rur,mts_details_sep,2019,69.639
zaf,sex_f,geo_cov_rur,mts_details_sep,2020,65.474
zaf,sex_f,geo_cov_rur,mts_details_sep,2021,57.958
zaf,sex_f,geo_cov_rur,mts_details_sgle,2008,1942.694
zaf,sex_f,geo_cov_rur,mts_details_sgle,2009,2099.793
zaf,sex_f,geo_cov_rur,mts_details_sgle,2010,2362.708
zaf,sex_f,geo_cov_rur,mts_details_sgle,2011,2258.727
zaf,sex_f,geo_cov_rur,mts_details_sgle,2012,2303.999
zaf,sex_f,geo_cov_rur,mts_details_sgle,2013,2305.428
zaf,sex_f,geo_cov_rur,mts_details_sgle,2014,2382.317
zaf,sex_f,geo_cov_rur,mts_details_sgle,2015,2437.285
zaf,sex_f,geo_cov_rur,mts_details_sgle,2016,2456.08
zaf,sex_f,geo_cov_rur,mts_details_sgle,2017,2396.213
zaf,sex_f,geo_cov_rur,mts_details_sgle,2018,2399.809
zaf,sex_f,geo_cov_rur,mts_details_sgle,2019,2319.112
zaf,sex_f,geo_cov_rur,mts_details_sgle,2020,2415.425
zaf,sex_f,geo_cov_rur,mts_details_sgle,2021,2486.906
zaf,sex_f,geo_cov_rur,mts_details_total,2008,3514.508
zaf,sex_f,geo_cov_rur,mts_details_total,2009,3715.068
zaf,sex_f,geo_cov_rur,mts_details_total,2010,4266.284
zaf,sex_f,geo_cov_rur,mts_details_total,2011,3944.873
zaf,sex_f,geo_cov_rur,mts_details_total,2012,3992.805
zaf,sex_f,geo_cov_rur,mts_details_total,2013,3966.908
zaf,sex_f,geo_cov_rur,mts_details_total,2014,4028.799
zaf,sex_f,geo_cov_rur,mts_details_total,2015,4138.938
zaf,sex_f,geo_cov_rur,mts_details_total,2016,4150.401
zaf,sex_f,geo_cov_rur,mts_details_total,2017,3950.28
zaf,sex_f,geo_cov_rur,mts_details_total,2018,4029.964
zaf,sex_f,geo_cov_rur,mts_details_total,2019,3939.638
zaf,sex_f,geo_cov_rur,mts_details_total,2020,4019.512
zaf,sex_f,geo_cov_rur,mts_details_total,2021,4065.05
zaf,sex_f,geo_cov_rur,mts_details_union,2008,206.626
zaf,sex_f,geo_cov_rur,mts_details_union,2009,186.347
zaf,sex_f,geo_cov_rur,mts_details_union,2010,207.238
zaf,sex_f,geo_cov_rur,mts_details_union,2011,151.727
zaf,sex_f,geo_cov_rur,mts_details_union,2012,167.764
zaf,sex_f,geo_cov_rur,mts_details_union,2013,168.791
zaf,sex_f,geo_cov_rur,mts_details_union,2014,180.859
zaf,sex_f,geo_cov_rur,mts_details_union,2015,206.278
zaf,sex_f,geo_cov_rur,mts_details_union,2016,182.432
zaf,sex_f,geo_cov_rur,mts_details_union,2017,162.326
zaf,sex_f,geo_cov_rur,mts_details_union,2018,190.22
zaf,sex_f,geo_cov_rur,mts_details_union,2019,198.271
zaf,sex_f,geo_cov_rur,mts_details_union,2020,199.508
zaf,sex_f,geo_cov_rur,mts_details_union,2021,169.432
zaf,sex_f,geo_cov_rur,mts_details_wid,2008,567.06
zaf,sex_f,geo_cov_rur,mts_details_wid,2009,586.941
zaf,sex_f,geo_cov_rur,mts_details_wid,2010,711.516
zaf,sex_f,geo_cov_rur,mts_details_wid,2011,645.78
zaf,sex_f,geo_cov_rur,mts_details_wid,2012,651.29
zaf,sex_f,geo_cov_rur,mts_details_wid,2013,654.243
zaf,sex_f,geo_cov_rur,mts_details_wid,2014,639.941
zaf,sex_f,geo_cov_rur,mts_details_wid,2015,637.867
zaf,sex_f,geo_cov_rur,mts_details_wid,2016,660.73
zaf,sex_f,geo_cov_rur,mts_details_wid,2017,634.136
zaf,sex_f,geo_cov_rur,mts_details_wid,2018,649.24
zaf,sex_f,geo_cov_rur,mts_details_wid,2019,639.871
zaf,sex_f,geo_cov_rur,mts_details_wid,2020,614.251
zaf,sex_f,geo_cov_rur,mts_details_wid,2021,639.39
zaf,sex_f,geo_cov_urb,mts_aggregate_1,2008,3175.066
zaf,sex_f,geo_cov_urb,mts_aggregate_1,2009,3325.39
zaf,sex_f,geo_cov_urb,mts_aggregate_1,2010,3597.314
zaf,sex_f,geo_cov_urb,mts_aggregate_1,2011,3617.751
zaf,sex_f,geo_cov_urb,mts_aggregate_1,2012,3745.013
zaf,sex_f,geo_cov_urb,mts_aggregate_1,2013,3834.804
zaf,sex_f,geo_cov_urb,mts_aggregate_1,2014,3938.291
zaf,sex_f,geo_cov_urb,mts_aggregate_1,2015,3830.504
zaf,sex_f,geo_cov_urb,mts_aggregate_1,2016,3927.353
zaf,sex_f,geo_cov_urb,mts_aggregate_1,2017,4031.685
zaf,sex_f,geo_cov_urb,mts_aggregate_1,2018,4199.499
zaf,sex_f,geo_cov_urb,mts_aggregate_1,2019,4386.297
zaf,sex_f,geo_cov_urb,mts_aggregate_1,2020,4949.831
zaf,sex_f,geo_cov_urb,mts_aggregate_1,2021,4989.388
zaf,sex_f,geo_cov_urb,mts_aggregate_2,2008,1770.893
zaf,sex_f,geo_cov_urb,mts_aggregate_2,2009,1814.361
zaf,sex_f,geo_cov_urb,mts_aggregate_2,2010,1933.332
zaf,sex_f,geo_cov_urb,mts_aggregate_2,2011,1897.913
zaf,sex_f,geo_cov_urb,mts_aggregate_2,2012,1979.47
zaf,sex_f,geo_cov_urb,mts_aggregate_2,2013,1993.583
zaf,sex_f,geo_cov_urb,mts_aggregate_2,2014,2054.786
zaf,sex_f,geo_cov_urb,mts_aggregate_2,2015,1926.697
zaf,sex_f,geo_cov_urb,mts_aggregate_2,2016,1974.651
zaf,sex_f,geo_cov_urb,mts_aggregate_2,2017,2018.858
zaf,sex_f,geo_cov_urb,mts_aggregate_2,2018,2064.019
zaf,sex_f,geo_cov_urb,mts_aggregate_2,2019,2064.436
zaf,sex_f,geo_cov_urb,mts_aggregate_2,2020,2329.001
zaf,sex_f,geo_cov_urb,mts_aggregate_2,2021,2221.567
zaf,sex_f,geo_cov_urb,mts_aggregate_total,2008,4945.959
zaf,sex_f,geo_cov_urb,mts_aggregate_total,2009,5139.751
zaf,sex_f,geo_cov_urb,mts_aggregate_total,2010,5530.646
zaf,sex_f,geo_cov_urb,mts_aggregate_total,2011,5515.664
zaf,sex_f,geo_cov_urb,mts_aggregate_total,2012,5724.483
zaf,sex_f,geo_cov_urb,mts_aggregate_total,2013,5828.387
zaf,sex_f,geo_cov_urb,mts_aggregate_total,2014,5993.077
zaf,sex_f,geo_cov_urb,mts_aggregate_total,2015,5757.201
zaf,sex_f,geo_cov_urb,mts_aggregate_total,2016,5902.003
zaf,sex_f,geo_cov_urb,mts_aggregate_total,2017,6050.543
zaf,sex_f,geo_cov_urb,mts_aggregate_total,2018,6263.518
zaf,sex_f,geo_cov_urb,mts_aggregate_total,2019,6450.733
zaf,sex_f,geo_cov_urb,mts_aggregate_total,2020,7278.832
zaf,sex_f,geo_cov_urb,mts_aggregate_total,2021,7210.956
zaf,sex_f,geo_cov_urb,mts_details_mrd,2008,1411.538
zaf,sex_f,geo_cov_urb,mts_details_mrd,2009,1449.165
zaf,sex_f,geo_cov_urb,mts_details_mrd,2010,1516.174
zaf,sex_f,geo_cov_urb,mts_details_mrd,2011,1519.005
zaf,sex_f,geo_cov_urb,mts_details_mrd,2012,1598.765
zaf,sex_f,geo_cov_urb,mts_details_mrd,2013,1610.177
zaf,sex_f,geo_cov_urb,mts_details_mrd,2014,1653.515
zaf,sex_f,geo_cov_urb,mts_details_mrd,2015,1548.572
zaf,sex_f,geo_cov_urb,mts_details_mrd,2016,1562.806
zaf,sex_f,geo_cov_urb,mts_details_mrd,2017,1609.097
zaf,sex_f,geo_cov_urb,mts_details_mrd,2018,1628.54
zaf,sex_f,geo_cov_urb,mts_details_mrd,2019,1630.243
zaf,sex_f,geo_cov_urb,mts_details_mrd,2020,1824.325
zaf,sex_f,geo_cov_urb,mts_details_mrd,2021,1742.48
zaf,sex_f,geo_cov_urb,mts_details_sep,2008,140.705
zaf,sex_f,geo_cov_urb,mts_details_sep,2009,132.522
zaf,sex_f,geo_cov_urb,mts_details_sep,2010,147.008
zaf,sex_f,geo_cov_urb,mts_details_sep,2011,151.239
zaf,sex_f,geo_cov_urb,mts_details_sep,2012,146.027
zaf,sex_f,geo_cov_urb,mts_details_sep,2013,144.464
zaf,sex_f,geo_cov_urb,mts_details_sep,2014,152.533
zaf,sex_f,geo_cov_urb,mts_details_sep,2015,162.299
zaf,sex_f,geo_cov_urb,mts_details_sep,2016,169.614
zaf,sex_f,geo_cov_urb,mts_details_sep,2017,171.895
zaf,sex_f,geo_cov_urb,mts_details_sep,2018,176.636
zaf,sex_f,geo_cov_urb,mts_details_sep,2019,181.743
zaf,sex_f,geo_cov_urb,mts_details_sep,2020,218.268
zaf,sex_f,geo_cov_urb,mts_details_sep,2021,199.06
zaf,sex_f,geo_cov_urb,mts_details_sgle,2008,2348.562
zaf,sex_f,geo_cov_urb,mts_details_sgle,2009,2480.03
zaf,sex_f,geo_cov_urb,mts_details_sgle,2010,2723.776
zaf,sex_f,geo_cov_urb,mts_details_sgle,2011,2720.062
zaf,sex_f,geo_cov_urb,mts_details_sgle,2012,2820.619
zaf,sex_f,geo_cov_urb,mts_details_sgle,2013,2894.394
zaf,sex_f,geo_cov_urb,mts_details_sgle,2014,2974.423
zaf,sex_f,geo_cov_urb,mts_details_sgle,2015,2879.678
zaf,sex_f,geo_cov_urb,mts_details_sgle,2016,2959.385
zaf,sex_f,geo_cov_urb,mts_details_sgle,2017,3015.068
zaf,sex_f,geo_cov_urb,mts_details_sgle,2018,3158.703
zaf,sex_f,geo_cov_urb,mts_details_sgle,2019,3332.485
zaf,sex_f,geo_cov_urb,mts_details_sgle,2020,3825.781
zaf,sex_f,geo_cov_urb,mts_details_sgle,2021,3838.49
zaf,sex_f,geo_cov_urb,mts_details_total,2008,4945.959
zaf,sex_f,geo_cov_urb,mts_details_total,2009,5139.751
zaf,sex_f,geo_cov_urb,mts_details_total,2010,5530.646
zaf,sex_f,geo_cov_urb,mts_details_total,2011,5515.664
zaf,sex_f,geo_cov_urb,mts_details_total,2012,5724.483
zaf,sex_f,geo_cov_urb,mts_details_total,2013,5828.387
zaf,sex_f,geo_cov_urb,mts_details_total,2014,5993.077
zaf,sex_f,geo_cov_urb,mts_details_total,2015,5757.201
zaf,sex_f,geo_cov_urb,mts_details_total,2016,5902.003
zaf,sex_f,geo_cov_urb,mts_details_total,2017,6050.543
zaf,sex_f,geo_cov_urb,mts_details_total,2018,6263.518
zaf,sex_f,geo_cov_urb,mts_details_total,2019,6450.733
zaf,sex_f,geo_cov_urb,mts_details_total,2020,7278.832
zaf,sex_f,geo_cov_urb,mts_details_total,2021,7210.956
zaf,sex_f,geo_cov_urb,mts_details_union,2008,359.355
zaf,sex_f,geo_cov_urb,mts_details_union,2009,365.196
zaf,sex_f,geo_cov_urb,mts_details_union,2010,417.158
zaf,sex_f,geo_cov_urb,mts_details_union,2011,378.908
zaf,sex_f,geo_cov_urb,mts_details_union,2012,380.705
zaf,sex_f,geo_cov_urb,mts_details_union,2013,383.406
zaf,sex_f,geo_cov_urb,mts_details_union,2014,401.272
zaf,sex_f,geo_cov_urb,mts_details_union,2015,378.124
zaf,sex_f,geo_cov_urb,mts_details_union,2016,411.845
zaf,sex_f,geo_cov_urb,mts_details_union,2017,409.762
zaf,sex_f,geo_cov_urb,mts_details_union,2018,435.479
zaf,sex_f,geo_cov_urb,mts_details_union,2019,434.193
zaf,sex_f,geo_cov_urb,mts_details_union,2020,504.676
zaf,sex_f,geo_cov_urb,mts_details_union,2021,479.088
zaf,sex_f,geo_cov_urb,mts_details_wid,2008,685.799
zaf,sex_f,geo_cov_urb,mts_details_wid,2009,712.838
zaf,sex_f,geo_cov_urb,mts_details_wid,2010,726.531
zaf,sex_f,geo_cov_urb,mts_details_wid,2011,746.449
zaf,sex_f,geo_cov_urb,mts_details_wid,2012,778.368
zaf,sex_f,geo_cov_urb,mts_details_wid,2013,795.946
zaf,sex_f,geo_cov_urb,mts_details_wid,2014,811.334
zaf,sex_f,geo_cov_urb,mts_details_wid,2015,788.527
zaf,sex_f,geo_cov_urb,mts_details_wid,2016,798.354
zaf,sex_f,geo_cov_urb,mts_details_wid,2017,844.722
zaf,sex_f,geo_cov_urb,mts_details_wid,2018,864.16
zaf,sex_f,geo_cov_urb,mts_details_wid,2019,872.069
zaf,sex_f,geo_cov_urb,mts_details_wid,2020,905.782
zaf,sex_f,geo_cov_urb,mts_details_wid,2021,951.838
zaf,sex_m,geo_cov_nat,mts_aggregate_1,2008,4122.802
zaf,sex_m,geo_cov_nat,mts_aggregate_1,2009,4488.336
zaf,sex_m,geo_cov_nat,mts_aggregate_1,2010,5074.702
zaf,sex_m,geo_cov_nat,mts_aggregate_1,2011,5060.489
zaf,sex_m,geo_cov_nat,mts_aggregate_1,2012,5157.767
zaf,sex_m,geo_cov_nat,mts_aggregate_1,2013,5286.808
zaf,sex_m,geo_cov_nat,mts_aggregate_1,2014,5370.11
zaf,sex_m,geo_cov_nat,mts_aggregate_1,2015,5145.445
zaf,sex_m,geo_cov_nat,mts_aggregate_1,2016,5201.498
zaf,sex_m,geo_cov_nat,mts_aggregate_1,2017,5273.492
zaf,sex_m,geo_cov_nat,mts_aggregate_1,2018,5447.542
zaf,sex_m,geo_cov_nat,mts_aggregate_1,2019,5551.214
zaf,sex_m,geo_cov_nat,mts_aggregate_1,2020,6238.208
zaf,sex_m,geo_cov_nat,mts_aggregate_1,2021,6230.472
zaf,sex_m,geo_cov_nat,mts_aggregate_2,2008,1150.926
zaf,sex_m,geo_cov_nat,mts_aggregate_2,2009,1227.181
zaf,sex_m,geo_cov_nat,mts_aggregate_2,2010,1360.489
zaf,sex_m,geo_cov_nat,mts_aggregate_2,2011,1306.74
zaf,sex_m,geo_cov_nat,mts_aggregate_2,2012,1338.712
zaf,sex_m,geo_cov_nat,mts_aggregate_2,2013,1348.091
zaf,sex_m,geo_cov_nat,mts_aggregate_2,2014,1402.496
zaf,sex_m,geo_cov_nat,mts_aggregate_2,2015,1449.941
zaf,sex_m,geo_cov_nat,mts_aggregate_2,2016,1444.557
zaf,sex_m,geo_cov_nat,mts_aggregate_2,2017,1426.613
zaf,sex_m,geo_cov_nat,mts_aggregate_2,2018,1507.191
zaf,sex_m,geo_cov_nat,mts_aggregate_2,2019,1526.331
zaf,sex_m,geo_cov_nat,mts_aggregate_2,2020,1775.986
zaf,sex_m,geo_cov_nat,mts_aggregate_2,2021,1672.139
zaf,sex_m,geo_cov_nat,mts_aggregate_total,2008,5273.728
zaf,sex_m,geo_cov_nat,mts_aggregate_total,2009,5715.517
zaf,sex_m,geo_cov_nat,mts_aggregate_total,2010,6435.191
zaf,sex_m,geo_cov_nat,mts_aggregate_total,2011,6367.229
zaf,sex_m,geo_cov_nat,mts_aggregate_total,2012,6496.479
zaf,sex_m,geo_cov_nat,mts_aggregate_total,2013,6634.898
zaf,sex_m,geo_cov_nat,mts_aggregate_total,2014,6772.606
zaf,sex_m,geo_cov_nat,mts_aggregate_total,2015,6595.386
zaf,sex_m,geo_cov_nat,mts_aggregate_total,2016,6646.055
zaf,sex_m,geo_cov_nat,mts_aggregate_total,2017,6700.106
zaf,sex_m,geo_cov_nat,mts_aggregate_total,2018,6954.732
zaf,sex_m,geo_cov_nat,mts_aggregate_total,2019,7077.545
zaf,sex_m,geo_cov_nat,mts_aggregate_total,2020,8014.194
zaf,sex_m,geo_cov_nat,mts_aggregate_total,2021,7902.611
zaf,sex_m,geo_cov_nat,mts_details_mrd,2008,994.859
zaf,sex_m,geo_cov_nat,mts_details_mrd,2009,1062.614
zaf,sex_m,geo_cov_nat,mts_details_mrd,2010,1171.388
zaf,sex_m,geo_cov_nat,mts_details_mrd,2011,1150.812
zaf,sex_m,geo_cov_nat,mts_details_mrd,2012,1169.705
zaf,sex_m,geo_cov_nat,mts_details_mrd,2013,1167.265
zaf,sex_m,geo_cov_nat,mts_details_mrd,2014,1217.897
zaf,sex_m,geo_cov_nat,mts_details_mrd,2015,1253.406
zaf,sex_m,geo_cov_nat,mts_details_mrd,2016,1262.283
zaf,sex_m,geo_cov_nat,mts_details_mrd,2017,1234.553
zaf,sex_m,geo_cov_nat,mts_details_mrd,2018,1308.503
zaf,sex_m,geo_cov_nat,mts_details_mrd,2019,1317.519
zaf,sex_m,geo_cov_nat,mts_details_mrd,2020,1491.543
zaf,sex_m,geo_cov_nat,mts_details_mrd,2021,1431.579
zaf,sex_m,geo_cov_nat,mts_details_sep,2008,96.731
zaf,sex_m,geo_cov_nat,mts_details_sep,2009,91.083
zaf,sex_m,geo_cov_nat,mts_details_sep,2010,102.439
zaf,sex_m,geo_cov_nat,mts_details_sep,2011,104.915
zaf,sex_m,geo_cov_nat,mts_details_sep,2012,109.041
zaf,sex_m,geo_cov_nat,mts_details_sep,2013,113.412
zaf,sex_m,geo_cov_nat,mts_details_sep,2014,117.407
zaf,sex_m,geo_cov_nat,mts_details_sep,2015,114.708
zaf,sex_m,geo_cov_nat,mts_details_sep,2016,130.769
zaf,sex_m,geo_cov_nat,mts_details_sep,2017,114.922
zaf,sex_m,geo_cov_nat,mts_details_sep,2018,118.207
zaf,sex_m,geo_cov_nat,mts_details_sep,2019,134.032
zaf,sex_m,geo_cov_nat,mts_details_sep,2020,155.593
zaf,sex_m,geo_cov_nat,mts_details_sep,2021,169.215
zaf,sex_m,geo_cov_nat,mts_details_sgle,2008,3824.114
zaf,sex_m,geo_cov_nat,mts_details_sgle,2009,4180.302
zaf,sex_m,geo_cov_nat,mts_details_sgle,2010,4712.88
zaf,sex_m,geo_cov_nat,mts_details_sgle,2011,4686.72
zaf,sex_m,geo_cov_nat,mts_details_sgle,2012,4771.801
zaf,sex_m,geo_cov_nat,mts_details_sgle,2013,4888.135
zaf,sex_m,geo_cov_nat,mts_details_sgle,2014,4980.547
zaf,sex_m,geo_cov_nat,mts_details_sgle,2015,4779.496
zaf,sex_m,geo_cov_nat,mts_details_sgle,2016,4798.376
zaf,sex_m,geo_cov_nat,mts_details_sgle,2017,4889.436
zaf,sex_m,geo_cov_nat,mts_details_sgle,2018,5059.532
zaf,sex_m,geo_cov_nat,mts_details_sgle,2019,5132.206
zaf,sex_m,geo_cov_nat,mts_details_sgle,2020,5787.193
zaf,sex_m,geo_cov_nat,mts_details_sgle,2021,5725.646
zaf,sex_m,geo_cov_nat,mts_details_total,2008,5273.728
zaf,sex_m,geo_cov_nat,mts_details_total,2009,5715.517
zaf,sex_m,geo_cov_nat,mts_details_total,2010,6435.191
zaf,sex_m,geo_cov_nat,mts_details_total,2011,6367.229
zaf,sex_m,geo_cov_nat,mts_details_total,2012,6496.479
zaf,sex_m,geo_cov_nat,mts_details_total,2013,6634.898
zaf,sex_m,geo_cov_nat,mts_details_total,2014,6772.606
zaf,sex_m,geo_cov_nat,mts_details_total,2015,6595.386
zaf,sex_m,geo_cov_nat,mts_details_total,2016,6646.055
zaf,sex_m,geo_cov_nat,mts_details_total,2017,6700.106
zaf,sex_m,geo_cov_nat,mts_details_total,2018,6954.732
zaf,sex_m,geo_cov_nat,mts_details_total,2019,7077.545
zaf,sex_m,geo_cov_nat,mts_details_total,2020,8014.194
zaf,sex_m,geo_cov_nat,mts_details_total,2021,7902.611
zaf,sex_m,geo_cov_nat,mts_details_union,2008,156.067
zaf,sex_m,geo_cov_nat,mts_details_union,2009,164.567
zaf,sex_m,geo_cov_nat,mts_details_union,2010,189.102
zaf,sex_m,geo_cov_nat,mts_details_union,2011,155.928
zaf,sex_m,geo_cov_nat,mts_details_union,2012,169.007
zaf,sex_m,geo_cov_nat,mts_details_union,2013,180.826
zaf,sex_m,geo_cov_nat,mts_details_union,2014,184.599
zaf,sex_m,geo_cov_nat,mts_details_union,2015,196.535
zaf,sex_m,geo_cov_nat,mts_details_union,2016,182.274
zaf,sex_m,geo_cov_nat,mts_details_union,2017,192.06
zaf,sex_m,geo_cov_nat,mts_details_union,2018,198.687
zaf,sex_m,geo_cov_nat,mts_details_union,2019,208.812
zaf,sex_m,geo_cov_nat,mts_details_union,2020,284.443
zaf,sex_m,geo_cov_nat,mts_details_union,2021,240.56
zaf,sex_m,geo_cov_nat,mts_details_wid,2008,201.958
zaf,sex_m,geo_cov_nat,mts_details_wid,2009,216.951
zaf,sex_m,geo_cov_nat,mts_details_wid,2010,259.382
zaf,sex_m,geo_cov_nat,mts_details_wid,2011,268.855
zaf,sex_m,geo_cov_nat,mts_details_wid,2012,276.925
zaf,sex_m,geo_cov_nat,mts_details_wid,2013,285.26
zaf,sex_m,geo_cov_nat,mts_details_wid,2014,272.155
zaf,sex_m,geo_cov_nat,mts_details_wid,2015,251.241
zaf,sex_m,geo_cov_nat,mts_details_wid,2016,272.354
zaf,sex_m,geo_cov_nat,mts_details_wid,2017,269.134
zaf,sex_m,geo_cov_nat,mts_details_wid,2018,269.803
zaf,sex_m,geo_cov_nat,mts_details_wid,2019,284.976
zaf,sex_m,geo_cov_nat,mts_details_wid,2020,295.422
zaf,sex_m,geo_cov_nat,mts_details_wid,2021,335.611
zaf,sex_m,geo_cov_rur,mts_aggregate_1,2008,1821.534
zaf,sex_m,geo_cov_rur,mts_aggregate_1,2009,2011.113
zaf,sex_m,geo_cov_rur,mts_aggregate_1,2010,2406.691
zaf,sex_m,geo_cov_rur,mts_aggregate_1,2011,2306.054
zaf,sex_m,geo_cov_rur,mts_aggregate_1,2012,2325.673
zaf,sex_m,geo_cov_rur,mts_aggregate_1,2013,2337.007
zaf,sex_m,geo_cov_rur,mts_aggregate_1,2014,2407.754
zaf,sex_m,geo_cov_rur,mts_aggregate_1,2015,2356.799
zaf,sex_m,geo_cov_rur,mts_aggregate_1,2016,2359.667
zaf,sex_m,geo_cov_rur,mts_aggregate_1,2017,2328.052
zaf,sex_m,geo_cov_rur,mts_aggregate_1,2018,2387.402
zaf,sex_m,geo_cov_rur,mts_aggregate_1,2019,2398.527
zaf,sex_m,geo_cov_rur,mts_aggregate_1,2020,2411.098
zaf,sex_m,geo_cov_rur,mts_aggregate_1,2021,2434.784
zaf,sex_m,geo_cov_rur,mts_aggregate_2,2008,406.371
zaf,sex_m,geo_cov_rur,mts_aggregate_2,2009,442.796
zaf,sex_m,geo_cov_rur,mts_aggregate_2,2010,532.187
zaf,sex_m,geo_cov_rur,mts_aggregate_2,2011,462.078
zaf,sex_m,geo_cov_rur,mts_aggregate_2,2012,464.737
zaf,sex_m,geo_cov_rur,mts_aggregate_2,2013,460.771
zaf,sex_m,geo_cov_rur,mts_aggregate_2,2014,461.263
zaf,sex_m,geo_cov_rur,mts_aggregate_2,2015,482.024
zaf,sex_m,geo_cov_rur,mts_aggregate_2,2016,450.678
zaf,sex_m,geo_cov_rur,mts_aggregate_2,2017,421.438
zaf,sex_m,geo_cov_rur,mts_aggregate_2,2018,445.584
zaf,sex_m,geo_cov_rur,mts_aggregate_2,2019,484.607
zaf,sex_m,geo_cov_rur,mts_aggregate_2,2020,479.9
zaf,sex_m,geo_cov_rur,mts_aggregate_2,2021,451.025
zaf,sex_m,geo_cov_rur,mts_aggregate_total,2008,2227.904
zaf,sex_m,geo_cov_rur,mts_aggregate_total,2009,2453.91
zaf,sex_m,geo_cov_rur,mts_aggregate_total,2010,2938.878
zaf,sex_m,geo_cov_rur,mts_aggregate_total,2011,2768.132
zaf,sex_m,geo_cov_rur,mts_aggregate_total,2012,2790.411
zaf,sex_m,geo_cov_rur,mts_aggregate_total,2013,2797.778
zaf,sex_m,geo_cov_rur,mts_aggregate_total,2014,2869.017
zaf,sex_m,geo_cov_rur,mts_aggregate_total,2015,2838.823
zaf,sex_m,geo_cov_rur,mts_aggregate_total,2016,2810.345
zaf,sex_m,geo_cov_rur,mts_aggregate_total,2017,2749.49
zaf,sex_m,geo_cov_rur,mts_aggregate_total,2018,2832.986
zaf,sex_m,geo_cov_rur,mts_aggregate_total,2019,2883.135
zaf,sex_m,geo_cov_rur,mts_aggregate_total,2020,2890.997
zaf,sex_m,geo_cov_rur,mts_aggregate_total,2021,2885.809
zaf,sex_m,geo_cov_rur,mts_details_mrd,2008,340.953
zaf,sex_m,geo_cov_rur,mts_details_mrd,2009,381.043
zaf,sex_m,geo_cov_rur,mts_details_mrd,2010,454.588
zaf,sex_m,geo_cov_rur,mts_details_mrd,2011,403.715
zaf,sex_m,geo_cov_rur,mts_details_mrd,2012,395.289
zaf,sex_m,geo_cov_rur,mts_details_mrd,2013,392.445
zaf,sex_m,geo_cov_rur,mts_details_mrd,2014,388.953
zaf,sex_m,geo_cov_rur,mts_details_mrd,2015,404.08
zaf,sex_m,geo_cov_rur,mts_details_mrd,2016,387.796
zaf,sex_m,geo_cov_rur,mts_details_mrd,2017,365.818
zaf,sex_m,geo_cov_rur,mts_details_mrd,2018,374.118
zaf,sex_m,geo_cov_rur,mts_details_mrd,2019,412.223
zaf,sex_m,geo_cov_rur,mts_details_mrd,2020,402.451
zaf,sex_m,geo_cov_rur,mts_details_mrd,2021,376.584
zaf,sex_m,geo_cov_rur,mts_details_sep,2008,37.541
zaf,sex_m,geo_cov_rur,mts_details_sep,2009,31.202
zaf,sex_m,geo_cov_rur,mts_details_sep,2010,44.797
zaf,sex_m,geo_cov_rur,mts_details_sep,2011,35.646
zaf,sex_m,geo_cov_rur,mts_details_sep,2012,36.236
zaf,sex_m,geo_cov_rur,mts_details_sep,2013,39.709
zaf,sex_m,geo_cov_rur,mts_details_sep,2014,41.172
zaf,sex_m,geo_cov_rur,mts_details_sep,2015,42.975
zaf,sex_m,geo_cov_rur,mts_details_sep,2016,45.4
zaf,sex_m,geo_cov_rur,mts_details_sep,2017,37.27
zaf,sex_m,geo_cov_rur,mts_details_sep,2018,40.568
zaf,sex_m,geo_cov_rur,mts_details_sep,2019,51.428
zaf,sex_m,geo_cov_rur,mts_details_sep,2020,52.003
zaf,sex_m,geo_cov_rur,mts_details_sep,2021,47.096
zaf,sex_m,geo_cov_rur,mts_details_sgle,2008,1711.022
zaf,sex_m,geo_cov_rur,mts_details_sgle,2009,1898.438
zaf,sex_m,geo_cov_rur,mts_details_sgle,2010,2252.643
zaf,sex_m,geo_cov_rur,mts_details_sgle,2011,2161.998
zaf,sex_m,geo_cov_rur,mts_details_sgle,2012,2182.199
zaf,sex_m,geo_cov_rur,mts_details_sgle,2013,2183.735
zaf,sex_m,geo_cov_rur,mts_details_sgle,2014,2254.228
zaf,sex_m,geo_cov_rur,mts_details_sgle,2015,2219.095
zaf,sex_m,geo_cov_rur,mts_details_sgle,2016,2215.976
zaf,sex_m,geo_cov_rur,mts_details_sgle,2017,2200.141
zaf,sex_m,geo_cov_rur,mts_details_sgle,2018,2247.032
zaf,sex_m,geo_cov_rur,mts_details_sgle,2019,2242.324
zaf,sex_m,geo_cov_rur,mts_details_sgle,2020,2260.272
zaf,sex_m,geo_cov_rur,mts_details_sgle,2021,2268.042
zaf,sex_m,geo_cov_rur,mts_details_total,2008,2227.904
zaf,sex_m,geo_cov_rur,mts_details_total,2009,2453.91
zaf,sex_m,geo_cov_rur,mts_details_total,2010,2938.878
zaf,sex_m,geo_cov_rur,mts_details_total,2011,2768.132
zaf,sex_m,geo_cov_rur,mts_details_total,2012,2790.411
zaf,sex_m,geo_cov_rur,mts_details_total,2013,2797.778
zaf,sex_m,geo_cov_rur,mts_details_total,2014,2869.017
zaf,sex_m,geo_cov_rur,mts_details_total,2015,2838.823
zaf,sex_m,geo_cov_rur,mts_details_total,2016,2810.345
zaf,sex_m,geo_cov_rur,mts_details_total,2017,2749.49
zaf,sex_m,geo_cov_rur,mts_details_total,2018,2832.986
zaf,sex_m,geo_cov_rur,mts_details_total,2019,2883.135
zaf,sex_m,geo_cov_rur,mts_details_total,2020,2890.997
zaf,sex_m,geo_cov_rur,mts_details_total,2021,2885.809
zaf,sex_m,geo_cov_rur,mts_details_union,2008,65.418
zaf,sex_m,geo_cov_rur,mts_details_union,2009,61.753
zaf,sex_m,geo_cov_rur,mts_details_union,2010,77.599
zaf,sex_m,geo_cov_rur,mts_details_union,2011,58.363
zaf,sex_m,geo_cov_rur,mts_details_union,2012,69.448
zaf,sex_m,geo_cov_rur,mts_details_union,2013,68.326
zaf,sex_m,geo_cov_rur,mts_details_union,2014,72.309
zaf,sex_m,geo_cov_rur,mts_details_union,2015,77.944
zaf,sex_m,geo_cov_rur,mts_details_union,2016,62.882
zaf,sex_m,geo_cov_rur,mts_details_union,2017,55.62
zaf,sex_m,geo_cov_rur,mts_details_union,2018,71.466
zaf,sex_m,geo_cov_rur,mts_details_union,2019,72.385
zaf,sex_m,geo_cov_rur,mts_details_union,2020,77.449
zaf,sex_m,geo_cov_rur,mts_details_union,2021,74.44
zaf,sex_m,geo_cov_rur,mts_details_wid,2008,72.971
zaf,sex_m,geo_cov_rur,mts_details_wid,2009,81.474
zaf,sex_m,geo_cov_rur,mts_details_wid,2010,109.25
zaf,sex_m,geo_cov_rur,mts_details_wid,2011,108.41
zaf,sex_m,geo_cov_rur,mts_details_wid,2012,107.238
zaf,sex_m,geo_cov_rur,mts_details_wid,2013,113.563
zaf,sex_m,geo_cov_rur,mts_details_wid,2014,112.354
zaf,sex_m,geo_cov_rur,mts_details_wid,2015,94.729
zaf,sex_m,geo_cov_rur,mts_details_wid,2016,98.291
zaf,sex_m,geo_cov_rur,mts_details_wid,2017,90.64
zaf,sex_m,geo_cov_rur,mts_details_wid,2018,99.802
zaf,sex_m,geo_cov_rur,mts_details_wid,2019,104.776
zaf,sex_m,geo_cov_rur,mts_details_wid,2020,98.822
zaf,sex_m,geo_cov_rur,mts_details_wid,2021,119.646
zaf,sex_m,geo_cov_urb,mts_aggregate_1,2008,2301.268
zaf,sex_m,geo_cov_urb,mts_aggregate_1,2009,2477.223
zaf,sex_m,geo_cov_urb,mts_aggregate_1,2010,2668.011
zaf,sex_m,geo_cov_urb,mts_aggregate_1,2011,2754.434
zaf,sex_m,geo_cov_urb,mts_aggregate_1,2012,2832.094
zaf,sex_m,geo_cov_urb,mts_aggregate_1,2013,2949.801
zaf,sex_m,geo_cov_urb,mts_aggregate_1,2014,2962.356
zaf,sex_m,geo_cov_urb,mts_aggregate_1,2015,2788.646
zaf,sex_m,geo_cov_urb,mts_aggregate_1,2016,2841.832
zaf,sex_m,geo_cov_urb,mts_aggregate_1,2017,2945.441
zaf,sex_m,geo_cov_urb,mts_aggregate_1,2018,3060.14
zaf,sex_m,geo_cov_urb,mts_aggregate_1,2019,3152.687
zaf,sex_m,geo_cov_urb,mts_aggregate_1,2020,3827.111
zaf,sex_m,geo_cov_urb,mts_aggregate_1,2021,3795.687
zaf,sex_m,geo_cov_urb,mts_aggregate_2,2008,744.555
zaf,sex_m,geo_cov_urb,mts_aggregate_2,2009,784.384
zaf,sex_m,geo_cov_urb,mts_aggregate_2,2010,828.302
zaf,sex_m,geo_cov_urb,mts_aggregate_2,2011,844.662
zaf,sex_m,geo_cov_urb,mts_aggregate_2,2012,873.975
zaf,sex_m,geo_cov_urb,mts_aggregate_2,2013,887.319
zaf,sex_m,geo_cov_urb,mts_aggregate_2,2014,941.234
zaf,sex_m,geo_cov_urb,mts_aggregate_2,2015,967.917
zaf,sex_m,geo_cov_urb,mts_aggregate_2,2016,993.879
zaf,sex_m,geo_cov_urb,mts_aggregate_2,2017,1005.175
zaf,sex_m,geo_cov_urb,mts_aggregate_2,2018,1061.607
zaf,sex_m,geo_cov_urb,mts_aggregate_2,2019,1041.724
zaf,sex_m,geo_cov_urb,mts_aggregate_2,2020,1296.087
zaf,sex_m,geo_cov_urb,mts_aggregate_2,2021,1221.115
zaf,sex_m,geo_cov_urb,mts_aggregate_total,2008,3045.823
zaf,sex_m,geo_cov_urb,mts_aggregate_total,2009,3261.607
zaf,sex_m,geo_cov_urb,mts_aggregate_total,2010,3496.313
zaf,sex_m,geo_cov_urb,mts_aggregate_total,2011,3599.096
zaf,sex_m,geo_cov_urb,mts_aggregate_total,2012,3706.068
zaf,sex_m,geo_cov_urb,mts_aggregate_total,2013,3837.12
zaf,sex_m,geo_cov_urb,mts_aggregate_total,2014,3903.589
zaf,sex_m,geo_cov_urb,mts_aggregate_total,2015,3756.563
zaf,sex_m,geo_cov_urb,mts_aggregate_total,2016,3835.71
zaf,sex_m,geo_cov_urb,mts_aggregate_total,2017,3950.616
zaf,sex_m,geo_cov_urb,mts_aggregate_total,2018,4121.747
zaf,sex_m,geo_cov_urb,mts_aggregate_total,2019,4194.411
zaf,sex_m,geo_cov_urb,mts_aggregate_total,2020,5123.197
zaf,sex_m,geo_cov_urb,mts_aggregate_total,2021,5016.802
zaf,sex_m,geo_cov_urb,mts_details_mrd,2008,653.906
zaf,sex_m,geo_cov_urb,mts_details_mrd,2009,681.57
zaf,sex_m,geo_cov_urb,mts_details_mrd,2010,716.8
zaf,sex_m,geo_cov_urb,mts_details_mrd,2011,747.097
zaf,sex_m,geo_cov_urb,mts_details_mrd,2012,774.416
zaf,sex_m,geo_cov_urb,mts_details_mrd,2013,774.82
zaf,sex_m,geo_cov_urb,mts_details_mrd,2014,828.944
zaf,sex_m,geo_cov_urb,mts_details_mrd,2015,849.326
zaf,sex_m,geo_cov_urb,mts_details_mrd,2016,874.487
zaf,sex_m,geo_cov_urb,mts_details_mrd,2017,868.735
zaf,sex_m,geo_cov_urb,mts_details_mrd,2018,934.385
zaf,sex_m,geo_cov_urb,mts_details_mrd,2019,905.296
zaf,sex_m,geo_cov_urb,mts_details_mrd,2020,1089.092
zaf,sex_m,geo_cov_urb,mts_details_mrd,2021,1054.995
zaf,sex_m,geo_cov_urb,mts_details_sep,2008,59.19
zaf,sex_m,geo_cov_urb,mts_details_sep,2009,59.881
zaf,sex_m,geo_cov_urb,mts_details_sep,2010,57.642
zaf,sex_m,geo_cov_urb,mts_details_sep,2011,69.268
zaf,sex_m,geo_cov_urb,mts_details_sep,2012,72.805
zaf,sex_m,geo_cov_urb,mts_details_sep,2013,73.703
zaf,sex_m,geo_cov_urb,mts_details_sep,2014,76.235
zaf,sex_m,geo_cov_urb,mts_details_sep,2015,71.733
zaf,sex_m,geo_cov_urb,mts_details_sep,2016,85.369
zaf,sex_m,geo_cov_urb,mts_details_sep,2017,77.652
zaf,sex_m,geo_cov_urb,mts_details_sep,2018,77.639
zaf,sex_m,geo_cov_urb,mts_details_sep,2019,82.604
zaf,sex_m,geo_cov_urb,mts_details_sep,2020,103.59
zaf,sex_m,geo_cov_urb,mts_details_sep,2021,122.119
zaf,sex_m,geo_cov_urb,mts_details_sgle,2008,2113.092
zaf,sex_m,geo_cov_urb,mts_details_sgle,2009,2281.865
zaf,sex_m,geo_cov_urb,mts_details_sgle,2010,2460.237
zaf,sex_m,geo_cov_urb,mts_details_sgle,2011,2524.722
zaf,sex_m,geo_cov_urb,mts_details_sgle,2012,2589.601
zaf,sex_m,geo_cov_urb,mts_details_sgle,2013,2704.4
zaf,sex_m,geo_cov_urb,mts_details_sgle,2014,2726.32
zaf,sex_m,geo_cov_urb,mts_details_sgle,2015,2560.401
zaf,sex_m,geo_cov_urb,mts_details_sgle,2016,2582.4
zaf,sex_m,geo_cov_urb,mts_details_sgle,2017,2689.295
zaf,sex_m,geo_cov_urb,mts_details_sgle,2018,2812.5
zaf,sex_m,geo_cov_urb,mts_details_sgle,2019,2889.882
zaf,sex_m,geo_cov_urb,mts_details_sgle,2020,3526.921
zaf,sex_m,geo_cov_urb,mts_details_sgle,2021,3457.604
zaf,sex_m,geo_cov_urb,mts_details_total,2008,3045.823
zaf,sex_m,geo_cov_urb,mts_details_total,2009,3261.607
zaf,sex_m,geo_cov_urb,mts_details_total,2010,3496.313
zaf,sex_m,geo_cov_urb,mts_details_total,2011,3599.096
zaf,sex_m,geo_cov_urb,mts_details_total,2012,3706.068
zaf,sex_m,geo_cov_urb,mts_details_total,2013,3837.12
zaf,sex_m,geo_cov_urb,mts_details_total,2014,3903.589
zaf,sex_m,geo_cov_urb,mts_details_total,2015,3756.563
zaf,sex_m,geo_cov_urb,mts_details_total,2016,3835.71
zaf,sex_m,geo_cov_urb,mts_details_total,2017,3950.616
zaf,sex_m,geo_cov_urb,mts_details_total,2018,4121.747
zaf,sex_m,geo_cov_urb,mts_details_total,2019,4194.411
zaf,sex_m,geo_cov_urb,mts_details_total,2020,5123.197
zaf,sex_m,geo_cov_urb,mts_details_total,2021,5016.802
zaf,sex_m,geo_cov_urb,mts_details_union,2008,90.649
zaf,sex_m,geo_cov_urb,mts_details_union,2009,102.814
zaf,sex_m,geo_cov_urb,mts_details_union,2010,111.503
zaf,sex_m,geo_cov_urb,mts_details_union,2011,97.566
zaf,sex_m,geo_cov_urb,mts_details_union,2012,99.559
zaf,sex_m,geo_cov_urb,mts_details_union,2013,112.499
zaf,sex_m,geo_cov_urb,mts_details_union,2014,112.29
zaf,sex_m,geo_cov_urb,mts_details_union,2015,118.591
zaf,sex_m,geo_cov_urb,mts_details_union,2016,119.392
zaf,sex_m,geo_cov_urb,mts_details_union,2017,136.44
zaf,sex_m,geo_cov_urb,mts_details_union,2018,127.221
zaf,sex_m,geo_cov_urb,mts_details_union,2019,136.428
zaf,sex_m,geo_cov_urb,mts_details_union,2020,206.995
zaf,sex_m,geo_cov_urb,mts_details_union,2021,166.12
zaf,sex_m,geo_cov_urb,mts_details_wid,2008,128.987
zaf,sex_m,geo_cov_urb,mts_details_wid,2009,135.477
zaf,sex_m,geo_cov_urb,mts_details_wid,2010,150.132
zaf,sex_m,geo_cov_urb,mts_details_wid,2011,160.444
zaf,sex_m,geo_cov_urb,mts_details_wid,2012,169.687
zaf,sex_m,geo_cov_urb,mts_details_wid,2013,171.697
zaf,sex_m,geo_cov_urb,mts_details_wid,2014,159.801
zaf,sex_m,geo_cov_urb,mts_details_wid,2015,156.512
zaf,sex_m,geo_cov_urb,mts_details_wid,2016,174.063
zaf,sex_m,geo_cov_urb,mts_details_wid,2017,178.494
zaf,sex_m,geo_cov_urb,mts_details_wid,2018,170.001
zaf,sex_m,geo_cov_urb,mts_details_wid,2019,180.2
zaf,sex_m,geo_cov_urb,mts_details_wid,2020,196.6
zaf,sex_m,geo_cov_urb,mts_details_wid,2021,215.964
zaf,sex_t,geo_cov_nat,mts_aggregate_1,2008,9870.165
zaf,sex_t,geo_cov_nat,mts_aggregate_1,2009,10559.232
zaf,sex_t,geo_cov_nat,mts_aggregate_1,2010,11819.75
zaf,sex_t,geo_cov_nat,mts_aggregate_1,2011,11640.048
zaf,sex_t,geo_cov_nat,mts_aggregate_1,2012,11926.155
zaf,sex_t,geo_cov_nat,mts_aggregate_1,2013,12140.313
zaf,sex_t,geo_cov_nat,mts_aggregate_1,2014,12395.417
zaf,sex_t,geo_cov_nat,mts_aggregate_1,2015,12115.624
zaf,sex_t,geo_cov_nat,mts_aggregate_1,2016,12301.92
zaf,sex_t,geo_cov_nat,mts_aggregate_1,2017,12385.624
zaf,sex_t,geo_cov_nat,mts_aggregate_1,2018,12752.999
zaf,sex_t,geo_cov_nat,mts_aggregate_1,2019,12966.133
zaf,sex_t,geo_cov_nat,mts_aggregate_1,2020,14283.189
zaf,sex_t,geo_cov_nat,mts_aggregate_1,2021,14404.113
zaf,sex_t,geo_cov_nat,mts_aggregate_2,2008,3864.029
zaf,sex_t,geo_cov_nat,mts_aggregate_2,2009,4011.103
zaf,sex_t,geo_cov_nat,mts_aggregate_2,2010,4412.371
zaf,sex_t,geo_cov_nat,mts_aggregate_2,2011,4187.717
zaf,sex_t,geo_cov_nat,mts_aggregate_2,2012,4287.611
zaf,sex_t,geo_cov_nat,mts_aggregate_2,2013,4289.881
zaf,sex_t,geo_cov_nat,mts_aggregate_2,2014,4399.066
zaf,sex_t,geo_cov_nat,mts_aggregate_2,2015,4375.901
zaf,sex_t,geo_cov_nat,mts_aggregate_2,2016,4396.54
zaf,sex_t,geo_cov_nat,mts_aggregate_2,2017,4315.306
zaf,sex_t,geo_cov_nat,mts_aggregate_2,2018,4495.215
zaf,sex_t,geo_cov_nat,mts_aggregate_2,2019,4501.782
zaf,sex_t,geo_cov_nat,mts_aggregate_2,2020,5029.35
zaf,sex_t,geo_cov_nat,mts_aggregate_2,2021,4774.503
zaf,sex_t,geo_cov_nat,mts_aggregate_total,2008,13734.194
zaf,sex_t,geo_cov_nat,mts_aggregate_total,2009,14570.335
zaf,sex_t,geo_cov_nat,mts_aggregate_total,2010,16232.121
zaf,sex_t,geo_cov_nat,mts_aggregate_total,2011,15827.765
zaf,sex_t,geo_cov_nat,mts_aggregate_total,2012,16213.767
zaf,sex_t,geo_cov_nat,mts_aggregate_total,2013,16430.193
zaf,sex_t,geo_cov_nat,mts_aggregate_total,2014,16794.482
zaf,sex_t,geo_cov_nat,mts_aggregate_total,2015,16491.524
zaf,sex_t,geo_cov_nat,mts_aggregate_total,2016,16698.459
zaf,sex_t,geo_cov_nat,mts_aggregate_total,2017,16700.929
zaf,sex_t,geo_cov_nat,mts_aggregate_total,2018,17248.214
zaf,sex_t,geo_cov_nat,mts_aggregate_total,2019,17467.916
zaf,sex_t,geo_cov_nat,mts_aggregate_total,2020,19312.538
zaf,sex_t,geo_cov_nat,mts_aggregate_total,2021,19178.616
zaf,sex_t,geo_cov_nat,mts_details_mrd,2008,3141.981
zaf,sex_t,geo_cov_nat,mts_details_mrd,2009,3294.993
zaf,sex_t,geo_cov_nat,mts_details_mrd,2010,3598.873
zaf,sex_t,geo_cov_nat,mts_details_mrd,2011,3501.154
zaf,sex_t,geo_cov_nat,mts_details_mrd,2012,3570.135
zaf,sex_t,geo_cov_nat,mts_details_mrd,2013,3556.859
zaf,sex_t,geo_cov_nat,mts_details_mrd,2014,3632.336
zaf,sex_t,geo_cov_nat,mts_details_mrd,2015,3594.963
zaf,sex_t,geo_cov_nat,mts_details_mrd,2016,3619.989
zaf,sex_t,geo_cov_nat,mts_details_mrd,2017,3551.158
zaf,sex_t,geo_cov_nat,mts_details_mrd,2018,3670.83
zaf,sex_t,geo_cov_nat,mts_details_mrd,2019,3660.506
zaf,sex_t,geo_cov_nat,mts_details_mrd,2020,4040.722
zaf,sex_t,geo_cov_nat,mts_details_mrd,2021,3885.423
zaf,sex_t,geo_cov_nat,mts_details_sep,2008,299.979
zaf,sex_t,geo_cov_nat,mts_details_sep,2009,282.379
zaf,sex_t,geo_cov_nat,mts_details_sep,2010,322.957
zaf,sex_t,geo_cov_nat,mts_details_sep,2011,313.456
zaf,sex_t,geo_cov_nat,mts_details_sep,2012,323.154
zaf,sex_t,geo_cov_nat,mts_details_sep,2013,316.906
zaf,sex_t,geo_cov_nat,mts_details_sep,2014,334.699
zaf,sex_t,geo_cov_nat,mts_details_sep,2015,341.53
zaf,sex_t,geo_cov_nat,mts_details_sep,2016,356.641
zaf,sex_t,geo_cov_nat,mts_details_sep,2017,336.915
zaf,sex_t,geo_cov_nat,mts_details_sep,2018,351.751
zaf,sex_t,geo_cov_nat,mts_details_sep,2019,385.414
zaf,sex_t,geo_cov_nat,mts_details_sep,2020,439.335
zaf,sex_t,geo_cov_nat,mts_details_sep,2021,426.232
zaf,sex_t,geo_cov_nat,mts_details_sgle,2008,8115.37
zaf,sex_t,geo_cov_nat,mts_details_sgle,2009,8760.125
zaf,sex_t,geo_cov_nat,mts_details_sgle,2010,9799.364
zaf,sex_t,geo_cov_nat,mts_details_sgle,2011,9665.509
zaf,sex_t,geo_cov_nat,mts_details_sgle,2012,9896.418
zaf,sex_t,geo_cov_nat,mts_details_sgle,2013,10087.957
zaf,sex_t,geo_cov_nat,mts_details_sgle,2014,10337.287
zaf,sex_t,geo_cov_nat,mts_details_sgle,2015,10096.459
zaf,sex_t,geo_cov_nat,mts_details_sgle,2016,10213.841
zaf,sex_t,geo_cov_nat,mts_details_sgle,2017,10300.717
zaf,sex_t,geo_cov_nat,mts_details_sgle,2018,10618.045
zaf,sex_t,geo_cov_nat,mts_details_sgle,2019,10783.803
zaf,sex_t,geo_cov_nat,mts_details_sgle,2020,12028.399
zaf,sex_t,geo_cov_nat,mts_details_sgle,2021,12051.042
zaf,sex_t,geo_cov_nat,mts_details_total,2008,13734.194
zaf,sex_t,geo_cov_nat,mts_details_total,2009,14570.335
zaf,sex_t,geo_cov_nat,mts_details_total,2010,16232.121
zaf,sex_t,geo_cov_nat,mts_details_total,2011,15827.765
zaf,sex_t,geo_cov_nat,mts_details_total,2012,16213.767
zaf,sex_t,geo_cov_nat,mts_details_total,2013,16430.193
zaf,sex_t,geo_cov_nat,mts_details_total,2014,16794.482
zaf,sex_t,geo_cov_nat,mts_details_total,2015,16491.524
zaf,sex_t,geo_cov_nat,mts_details_total,2016,16698.459
zaf,sex_t,geo_cov_nat,mts_details_total,2017,16700.929
zaf,sex_t,geo_cov_nat,mts_details_total,2018,17248.214
zaf,sex_t,geo_cov_nat,mts_details_total,2019,17467.916
zaf,sex_t,geo_cov_nat,mts_details_total,2020,19312.538
zaf,sex_t,geo_cov_nat,mts_details_total,2021,19178.616
zaf,sex_t,geo_cov_nat,mts_details_union,2008,722.048
zaf,sex_t,geo_cov_nat,mts_details_union,2009,716.109
zaf,sex_t,geo_cov_nat,mts_details_union,2010,813.498
zaf,sex_t,geo_cov_nat,mts_details_union,2011,686.563
zaf,sex_t,geo_cov_nat,mts_details_union,2012,717.476
zaf,sex_t,geo_cov_nat,mts_details_union,2013,733.022
zaf,sex_t,geo_cov_nat,mts_details_union,2014,766.73
zaf,sex_t,geo_cov_nat,mts_details_union,2015,780.937
zaf,sex_t,geo_cov_nat,mts_details_union,2016,776.551
zaf,sex_t,geo_cov_nat,mts_details_union,2017,764.148
zaf,sex_t,geo_cov_nat,mts_details_union,2018,824.385
zaf,sex_t,geo_cov_nat,mts_details_union,2019,841.276
zaf,sex_t,geo_cov_nat,mts_details_union,2020,988.628
zaf,sex_t,geo_cov_nat,mts_details_union,2021,889.08
zaf,sex_t,geo_cov_nat,mts_details_wid,2008,1454.817
zaf,sex_t,geo_cov_nat,mts_details_wid,2009,1516.729
zaf,sex_t,geo_cov_nat,mts_details_wid,2010,1697.429
zaf,sex_t,geo_cov_nat,mts_details_wid,2011,1661.083
zaf,sex_t,geo_cov_nat,mts_details_wid,2012,1706.583
zaf,sex_t,geo_cov_nat,mts_details_wid,2013,1735.45
zaf,sex_t,geo_cov_nat,mts_details_wid,2014,1723.431
zaf,sex_t,geo_cov_nat,mts_details_wid,2015,1677.636
zaf,sex_t,geo_cov_nat,mts_details_wid,2016,1731.437
zaf,sex_t,geo_cov_nat,mts_details_wid,2017,1747.992
zaf,sex_t,geo_cov_nat,mts_details_wid,2018,1783.203
zaf,sex_t,geo_cov_nat,mts_details_wid,2019,1796.916
zaf,sex_t,geo_cov_nat,mts_details_wid,2020,1815.454
zaf,sex_t,geo_cov_nat,mts_details_wid,2021,1926.839
zaf,sex_t,geo_cov_rur,mts_aggregate_1,2008,4393.831
zaf,sex_t,geo_cov_rur,mts_aggregate_1,2009,4756.62
zaf,sex_t,geo_cov_rur,mts_aggregate_1,2010,5554.425
zaf,sex_t,geo_cov_rur,mts_aggregate_1,2011,5267.864
zaf,sex_t,geo_cov_rur,mts_aggregate_1,2012,5349.048
zaf,sex_t,geo_cov_rur,mts_aggregate_1,2013,5355.708
zaf,sex_t,geo_cov_rur,mts_aggregate_1,2014,5494.771
zaf,sex_t,geo_cov_rur,mts_aggregate_1,2015,5496.474
zaf,sex_t,geo_cov_rur,mts_aggregate_1,2016,5532.736
zaf,sex_t,geo_cov_rur,mts_aggregate_1,2017,5408.498
zaf,sex_t,geo_cov_rur,mts_aggregate_1,2018,5493.36
zaf,sex_t,geo_cov_rur,mts_aggregate_1,2019,5427.15
zaf,sex_t,geo_cov_rur,mts_aggregate_1,2020,5506.247
zaf,sex_t,geo_cov_rur,mts_aggregate_1,2021,5619.038
zaf,sex_t,geo_cov_rur,mts_aggregate_2,2008,1348.581
zaf,sex_t,geo_cov_rur,mts_aggregate_2,2009,1412.358
zaf,sex_t,geo_cov_rur,mts_aggregate_2,2010,1650.737
zaf,sex_t,geo_cov_rur,mts_aggregate_2,2011,1445.142
zaf,sex_t,geo_cov_rur,mts_aggregate_2,2012,1434.167
zaf,sex_t,geo_cov_rur,mts_aggregate_2,2013,1408.978
zaf,sex_t,geo_cov_rur,mts_aggregate_2,2014,1403.046
zaf,sex_t,geo_cov_rur,mts_aggregate_2,2015,1481.287
zaf,sex_t,geo_cov_rur,mts_aggregate_2,2016,1428.01
zaf,sex_t,geo_cov_rur,mts_aggregate_2,2017,1291.272
zaf,sex_t,geo_cov_rur,mts_aggregate_2,2018,1369.589
zaf,sex_t,geo_cov_rur,mts_aggregate_2,2019,1395.623
zaf,sex_t,geo_cov_rur,mts_aggregate_2,2020,1404.262
zaf,sex_t,geo_cov_rur,mts_aggregate_2,2021,1331.821
zaf,sex_t,geo_cov_rur,mts_aggregate_total,2008,5742.412
zaf,sex_t,geo_cov_rur,mts_aggregate_total,2009,6168.977
zaf,sex_t,geo_cov_rur,mts_aggregate_total,2010,7205.162
zaf,sex_t,geo_cov_rur,mts_aggregate_total,2011,6713.005
zaf,sex_t,geo_cov_rur,mts_aggregate_total,2012,6783.215
zaf,sex_t,geo_cov_rur,mts_aggregate_total,2013,6764.686
zaf,sex_t,geo_cov_rur,mts_aggregate_total,2014,6897.816
zaf,sex_t,geo_cov_rur,mts_aggregate_total,2015,6977.76
zaf,sex_t,geo_cov_rur,mts_aggregate_total,2016,6960.746
zaf,sex_t,geo_cov_rur,mts_aggregate_total,2017,6699.77
zaf,sex_t,geo_cov_rur,mts_aggregate_total,2018,6862.949
zaf,sex_t,geo_cov_rur,mts_aggregate_total,2019,6822.772
zaf,sex_t,geo_cov_rur,mts_aggregate_total,2020,6910.509
zaf,sex_t,geo_cov_rur,mts_aggregate_total,2021,6950.859
zaf,sex_t,geo_cov_rur,mts_details_mrd,2008,1076.537
zaf,sex_t,geo_cov_rur,mts_details_mrd,2009,1164.258
zaf,sex_t,geo_cov_rur,mts_details_mrd,2010,1365.9
zaf,sex_t,geo_cov_rur,mts_details_mrd,2011,1235.052
zaf,sex_t,geo_cov_rur,mts_details_mrd,2012,1196.955
zaf,sex_t,geo_cov_rur,mts_details_mrd,2013,1171.862
zaf,sex_t,geo_cov_rur,mts_details_mrd,2014,1149.877
zaf,sex_t,geo_cov_rur,mts_details_mrd,2015,1197.065
zaf,sex_t,geo_cov_rur,mts_details_mrd,2016,1182.696
zaf,sex_t,geo_cov_rur,mts_details_mrd,2017,1073.326
zaf,sex_t,geo_cov_rur,mts_details_mrd,2018,1107.904
zaf,sex_t,geo_cov_rur,mts_details_mrd,2019,1124.967
zaf,sex_t,geo_cov_rur,mts_details_mrd,2020,1127.305
zaf,sex_t,geo_cov_rur,mts_details_mrd,2021,1087.948
zaf,sex_t,geo_cov_rur,mts_details_sep,2008,100.084
zaf,sex_t,geo_cov_rur,mts_details_sep,2009,89.975
zaf,sex_t,geo_cov_rur,mts_details_sep,2010,118.307
zaf,sex_t,geo_cov_rur,mts_details_sep,2011,92.949
zaf,sex_t,geo_cov_rur,mts_details_sep,2012,104.322
zaf,sex_t,geo_cov_rur,mts_details_sep,2013,98.738
zaf,sex_t,geo_cov_rur,mts_details_sep,2014,105.93
zaf,sex_t,geo_cov_rur,mts_details_sep,2015,107.498
zaf,sex_t,geo_cov_rur,mts_details_sep,2016,101.659
zaf,sex_t,geo_cov_rur,mts_details_sep,2017,87.368
zaf,sex_t,geo_cov_rur,mts_details_sep,2018,97.476
zaf,sex_t,geo_cov_rur,mts_details_sep,2019,121.067
zaf,sex_t,geo_cov_rur,mts_details_sep,2020,117.478
zaf,sex_t,geo_cov_rur,mts_details_sep,2021,105.054
zaf,sex_t,geo_cov_rur,mts_details_sgle,2008,3653.716
zaf,sex_t,geo_cov_rur,mts_details_sgle,2009,3998.23
zaf,sex_t,geo_cov_rur,mts_details_sgle,2010,4615.351
zaf,sex_t,geo_cov_rur,mts_details_sgle,2011,4420.725
zaf,sex_t,geo_cov_rur,mts_details_sgle,2012,4486.199
zaf,sex_t,geo_cov_rur,mts_details_sgle,2013,4489.164
zaf,sex_t,geo_cov_rur,mts_details_sgle,2014,4636.545
zaf,sex_t,geo_cov_rur,mts_details_sgle,2015,4656.38
zaf,sex_t,geo_cov_rur,mts_details_sgle,2016,4672.056
zaf,sex_t,geo_cov_rur,mts_details_sgle,2017,4596.354
zaf,sex_t,geo_cov_rur,mts_details_sgle,2018,4646.841
zaf,sex_t,geo_cov_rur,mts_details_sgle,2019,4561.436
zaf,sex_t,geo_cov_rur,mts_details_sgle,2020,4675.697
zaf,sex_t,geo_cov_rur,mts_details_sgle,2021,4754.948
zaf,sex_t,geo_cov_rur,mts_details_total,2008,5742.412
zaf,sex_t,geo_cov_rur,mts_details_total,2009,6168.977
zaf,sex_t,geo_cov_rur,mts_details_total,2010,7205.162
zaf,sex_t,geo_cov_rur,mts_details_total,2011,6713.005
zaf,sex_t,geo_cov_rur,mts_details_total,2012,6783.215
zaf,sex_t,geo_cov_rur,mts_details_total,2013,6764.686
zaf,sex_t,geo_cov_rur,mts_details_total,2014,6897.816
zaf,sex_t,geo_cov_rur,mts_details_total,2015,6977.76
zaf,sex_t,geo_cov_rur,mts_details_total,2016,6960.746
zaf,sex_t,geo_cov_rur,mts_details_total,2017,6699.77
zaf,sex_t,geo_cov_rur,mts_details_total,2018,6862.949
zaf,sex_t,geo_cov_rur,mts_details_total,2019,6822.772
zaf,sex_t,geo_cov_rur,mts_details_total,2020,6910.509
zaf,sex_t,geo_cov_rur,mts_details_total,2021,6950.859
zaf,sex_t,geo_cov_rur,mts_details_union,2008,272.044
zaf,sex_t,geo_cov_rur,mts_details_union,2009,248.1
zaf,sex_t,geo_cov_rur,mts_details_union,2010,284.837
zaf,sex_t,geo_cov_rur,mts_details_union,2011,210.089
zaf,sex_t,geo_cov_rur,mts_details_union,2012,237.212
zaf,sex_t,geo_cov_rur,mts_details_union,2013,237.117
zaf,sex_t,geo_cov_rur,mts_details_union,2014,253.169
zaf,sex_t,geo_cov_rur,mts_details_union,2015,284.222
zaf,sex_t,geo_cov_rur,mts_details_union,2016,245.314
zaf,sex_t,geo_cov_rur,mts_details_union,2017,217.946
zaf,sex_t,geo_cov_rur,mts_details_union,2018,261.685
zaf,sex_t,geo_cov_rur,mts_details_union,2019,270.656
zaf,sex_t,geo_cov_rur,mts_details_union,2020,276.957
zaf,sex_t,geo_cov_rur,mts_details_union,2021,243.873
zaf,sex_t,geo_cov_rur,mts_details_wid,2008,640.031
zaf,sex_t,geo_cov_rur,mts_details_wid,2009,668.414
zaf,sex_t,geo_cov_rur,mts_details_wid,2010,820.767
zaf,sex_t,geo_cov_rur,mts_details_wid,2011,754.19
zaf,sex_t,geo_cov_rur,mts_details_wid,2012,758.528
zaf,sex_t,geo_cov_rur,mts_details_wid,2013,767.806
zaf,sex_t,geo_cov_rur,mts_details_wid,2014,752.296
zaf,sex_t,geo_cov_rur,mts_details_wid,2015,732.596
zaf,sex_t,geo_cov_rur,mts_details_wid,2016,759.02
zaf,sex_t,geo_cov_rur,mts_details_wid,2017,724.776
zaf,sex_t,geo_cov_rur,mts_details_wid,2018,749.042
zaf,sex_t,geo_cov_rur,mts_details_wid,2019,744.647
zaf,sex_t,geo_cov_rur,mts_details_wid,2020,713.073
zaf,sex_t,geo_cov_rur,mts_details_wid,2021,759.036
zaf,sex_t,geo_cov_urb,mts_aggregate_1,2008,5476.334
zaf,sex_t,geo_cov_urb,mts_aggregate_1,2009,5802.613
zaf,sex_t,geo_cov_urb,mts_aggregate_1,2010,6265.325
zaf,sex_t,geo_cov_urb,mts_aggregate_1,2011,6372.185
zaf,sex_t,geo_cov_urb,mts_aggregate_1,2012,6577.107
zaf,sex_t,geo_cov_urb,mts_aggregate_1,2013,6784.605
zaf,sex_t,geo_cov_urb,mts_aggregate_1,2014,6900.646
zaf,sex_t,geo_cov_urb,mts_aggregate_1,2015,6619.15
zaf,sex_t,geo_cov_urb,mts_aggregate_1,2016,6769.184
zaf,sex_t,geo_cov_urb,mts_aggregate_1,2017,6977.125
zaf,sex_t,geo_cov_urb,mts_aggregate_1,2018,7259.639
zaf,sex_t,geo_cov_urb,mts_aggregate_1,2019,7538.984
zaf,sex_t,geo_cov_urb,mts_aggregate_1,2020,8776.941
zaf,sex_t,geo_cov_urb,mts_aggregate_1,2021,8785.076
zaf,sex_t,geo_cov_urb,mts_aggregate_2,2008,2515.448
zaf,sex_t,geo_cov_urb,mts_aggregate_2,2009,2598.745
zaf,sex_t,geo_cov_urb,mts_aggregate_2,2010,2761.634
zaf,sex_t,geo_cov_urb,mts_aggregate_2,2011,2742.575
zaf,sex_t,geo_cov_urb,mts_aggregate_2,2012,2853.444
zaf,sex_t,geo_cov_urb,mts_aggregate_2,2013,2880.902
zaf,sex_t,geo_cov_urb,mts_aggregate_2,2014,2996.02
zaf,sex_t,geo_cov_urb,mts_aggregate_2,2015,2894.614
zaf,sex_t,geo_cov_urb,mts_aggregate_2,2016,2968.53
zaf,sex_t,geo_cov_urb,mts_aggregate_2,2017,3024.034
zaf,sex_t,geo_cov_urb,mts_aggregate_2,2018,3125.626
zaf,sex_t,geo_cov_urb,mts_aggregate_2,2019,3106.16
zaf,sex_t,geo_cov_urb,mts_aggregate_2,2020,3625.088
zaf,sex_t,geo_cov_urb,mts_aggregate_2,2021,3442.682
zaf,sex_t,geo_cov_urb,mts_aggregate_total,2008,7991.782
zaf,sex_t,geo_cov_urb,mts_aggregate_total,2009,8401.358
zaf,sex_t,geo_cov_urb,mts_aggregate_total,2010,9026.959
zaf,sex_t,geo_cov_urb,mts_aggregate_total,2011,9114.76
zaf,sex_t,geo_cov_urb,mts_aggregate_total,2012,9430.551
zaf,sex_t,geo_cov_urb,mts_aggregate_total,2013,9665.507
zaf,sex_t,geo_cov_urb,mts_aggregate_total,2014,9896.666
zaf,sex_t,geo_cov_urb,mts_aggregate_total,2015,9513.764
zaf,sex_t,geo_cov_urb,mts_aggregate_total,2016,9737.714
zaf,sex_t,geo_cov_urb,mts_aggregate_total,2017,10001.159
zaf,sex_t,geo_cov_urb,mts_aggregate_total,2018,10385.265
zaf,sex_t,geo_cov_urb,mts_aggregate_total,2019,10645.144
zaf,sex_t,geo_cov_urb,mts_aggregate_total,2020,12402.029
zaf,sex_t,geo_cov_urb,mts_aggregate_total,2021,12227.758
zaf,sex_t,geo_cov_urb,mts_details_mrd,2008,2065.445
zaf,sex_t,geo_cov_urb,mts_details_mrd,2009,2130.735
zaf,sex_t,geo_cov_urb,mts_details_mrd,2010,2232.973
zaf,sex_t,geo_cov_urb,mts_details_mrd,2011,2266.102
zaf,sex_t,geo_cov_urb,mts_details_mrd,2012,2373.18
zaf,sex_t,geo_cov_urb,mts_details_mrd,2013,2384.997
zaf,sex_t,geo_cov_urb,mts_details_mrd,2014,2482.459
zaf,sex_t,geo_cov_urb,mts_details_mrd,2015,2397.899
zaf,sex_t,geo_cov_urb,mts_details_mrd,2016,2437.293
zaf,sex_t,geo_cov_urb,mts_details_mrd,2017,2477.832
zaf,sex_t,geo_cov_urb,mts_details_mrd,2018,2562.926
zaf,sex_t,geo_cov_urb,mts_details_mrd,2019,2535.539
zaf,sex_t,geo_cov_urb,mts_details_mrd,2020,2913.417
zaf,sex_t,geo_cov_urb,mts_details_mrd,2021,2797.474
zaf,sex_t,geo_cov_urb,mts_details_sep,2008,199.895
zaf,sex_t,geo_cov_urb,mts_details_sep,2009,192.403
zaf,sex_t,geo_cov_urb,mts_details_sep,2010,204.65
zaf,sex_t,geo_cov_urb,mts_details_sep,2011,220.508
zaf,sex_t,geo_cov_urb,mts_details_sep,2012,218.832
zaf,sex_t,geo_cov_urb,mts_details_sep,2013,218.168
zaf,sex_t,geo_cov_urb,mts_details_sep,2014,228.768
zaf,sex_t,geo_cov_urb,mts_details_sep,2015,234.032
zaf,sex_t,geo_cov_urb,mts_details_sep,2016,254.982
zaf,sex_t,geo_cov_urb,mts_details_sep,2017,249.547
zaf,sex_t,geo_cov_urb,mts_details_sep,2018,254.275
zaf,sex_t,geo_cov_urb,mts_details_sep,2019,264.347
zaf,sex_t,geo_cov_urb,mts_details_sep,2020,321.858
zaf,sex_t,geo_cov_urb,mts_details_sep,2021,321.179
zaf,sex_t,geo_cov_urb,mts_details_sgle,2008,4461.654
zaf,sex_t,geo_cov_urb,mts_details_sgle,2009,4761.894
zaf,sex_t,geo_cov_urb,mts_details_sgle,2010,5184.012
zaf,sex_t,geo_cov_urb,mts_details_sgle,2011,5244.784
zaf,sex_t,geo_cov_urb,mts_details_sgle,2012,5410.22
zaf,sex_t,geo_cov_urb,mts_details_sgle,2013,5598.794
zaf,sex_t,geo_cov_urb,mts_details_sgle,2014,5700.743
zaf,sex_t,geo_cov_urb,mts_details_sgle,2015,5440.079
zaf,sex_t,geo_cov_urb,mts_details_sgle,2016,5541.785
zaf,sex_t,geo_cov_urb,mts_details_sgle,2017,5704.363
zaf,sex_t,geo_cov_urb,mts_details_sgle,2018,5971.203
zaf,sex_t,geo_cov_urb,mts_details_sgle,2019,6222.367
zaf,sex_t,geo_cov_urb,mts_details_sgle,2020,7352.702
zaf,sex_t,geo_cov_urb,mts_details_sgle,2021,7296.095
zaf,sex_t,geo_cov_urb,mts_details_total,2008,7991.782
zaf,sex_t,geo_cov_urb,mts_details_total,2009,8401.358
zaf,sex_t,geo_cov_urb,mts_details_total,2010,9026.959
zaf,sex_t,geo_cov_urb,mts_details_total,2011,9114.76
zaf,sex_t,geo_cov_urb,mts_details_total,2012,9430.551
zaf,sex_t,geo_cov_urb,mts_details_total,2013,9665.507
zaf,sex_t,geo_cov_urb,mts_details_total,2014,9896.666
zaf,sex_t,geo_cov_urb,mts_details_total,2015,9513.764
zaf,sex_t,geo_cov_urb,mts_details_total,2016,9737.714
zaf,sex_t,geo_cov_urb,mts_details_total,2017,10001.159
zaf,sex_t,geo_cov_urb,mts_details_total,2018,10385.265
zaf,sex_t,geo_cov_urb,mts_details_total,2019,10645.144
zaf,sex_t,geo_cov_urb,mts_details_total,2020,12402.029
zaf,sex_t,geo_cov_urb,mts_details_total,2021,12227.758
zaf,sex_t,geo_cov_urb,mts_details_union,2008,450.004
zaf,sex_t,geo_cov_urb,mts_details_union,2009,468.01
zaf,sex_t,geo_cov_urb,mts_details_union,2010,528.661
zaf,sex_t,geo_cov_urb,mts_details_union,2011,476.474
zaf,sex_t,geo_cov_urb,mts_details_union,2012,480.264
zaf,sex_t,geo_cov_urb,mts_details_union,2013,495.905
zaf,sex_t,geo_cov_urb,mts_details_union,2014,513.561
zaf,sex_t,geo_cov_urb,mts_details_union,2015,496.715
zaf,sex_t,geo_cov_urb,mts_details_union,2016,531.237
zaf,sex_t,geo_cov_urb,mts_details_union,2017,546.202
zaf,sex_t,geo_cov_urb,mts_details_union,2018,562.7
zaf,sex_t,geo_cov_urb,mts_details_union,2019,570.621
zaf,sex_t,geo_cov_urb,mts_details_union,2020,711.671
zaf,sex_t,geo_cov_urb,mts_details_union,2021,645.208
zaf,sex_t,geo_cov_urb,mts_details_wid,2008,814.786
zaf,sex_t,geo_cov_urb,mts_details_wid,2009,848.315
zaf,sex_t,geo_cov_urb,mts_details_wid,2010,876.663
zaf,sex_t,geo_cov_urb,mts_details_wid,2011,906.893
zaf,sex_t,geo_cov_urb,mts_details_wid,2012,948.055
zaf,sex_t,geo_cov_urb,mts_details_wid,2013,967.644
zaf,sex_t,geo_cov_urb,mts_details_wid,2014,971.135
zaf,sex_t,geo_cov_urb,mts_details_wid,2015,945.04
zaf,sex_t,geo_cov_urb,mts_details_wid,2016,972.417
zaf,sex_t,geo_cov_urb,mts_details_wid,2017,1023.216
zaf,sex_t,geo_cov_urb,mts_details_wid,2018,1034.161
zaf,sex_t,geo_cov_urb,mts_details_wid,2019,1052.27
zaf,sex_t,geo_cov_urb,mts_details_wid,2020,1102.382
zaf,sex_t,geo_cov_urb,mts_details_wid,2021,1167.802
zmb,sex_f,geo_cov_nat,mts_aggregate_1,2017,1542.677
zmb,sex_f,geo_cov_nat,mts_aggregate_1,2018,1324.42
zmb,sex_f,geo_cov_nat,mts_aggregate_1,2019,1404.373
zmb,sex_f,geo_cov_nat,mts_aggregate_1,2020,1364.449
zmb,sex_f,geo_cov_nat,mts_aggregate_2,2017,1423.574
zmb,sex_f,geo_cov_nat,mts_aggregate_2,2018,1040.731
zmb,sex_f,geo_cov_nat,mts_aggregate_2,2019,1026.892
zmb,sex_f,geo_cov_nat,mts_aggregate_2,2020,1008.183
zmb,sex_f,geo_cov_nat,mts_aggregate_total,2017,2966.252
zmb,sex_f,geo_cov_nat,mts_aggregate_total,2018,2365.151
zmb,sex_f,geo_cov_nat,mts_aggregate_total,2019,2431.265
zmb,sex_f,geo_cov_nat,mts_aggregate_total,2020,2372.633
zmb,sex_f,geo_cov_nat,mts_details_mrd,2017,1418.44
zmb,sex_f,geo_cov_nat,mts_details_mrd,2018,1038.687
zmb,sex_f,geo_cov_nat,mts_details_mrd,2019,1023.764
zmb,sex_f,geo_cov_nat,mts_details_mrd,2020,1006.327
zmb,sex_f,geo_cov_nat,mts_details_sep,2017,196.048
zmb,sex_f,geo_cov_nat,mts_details_sep,2018,130.56
zmb,sex_f,geo_cov_nat,mts_details_sep,2019,120.203
zmb,sex_f,geo_cov_nat,mts_details_sep,2020,133.277
zmb,sex_f,geo_cov_nat,mts_details_sgle,2017,1087.786
zmb,sex_f,geo_cov_nat,mts_details_sgle,2018,1013.437
zmb,sex_f,geo_cov_nat,mts_details_sgle,2019,1083.901
zmb,sex_f,geo_cov_nat,mts_details_sgle,2020,1071.096
zmb,sex_f,geo_cov_nat,mts_details_total,2017,2966.252
zmb,sex_f,geo_cov_nat,mts_details_total,2018,2365.151
zmb,sex_f,geo_cov_nat,mts_details_total,2019,2431.265
zmb,sex_f,geo_cov_nat,mts_details_total,2020,2372.633
zmb,sex_f,geo_cov_nat,mts_details_union,2017,5.134
zmb,sex_f,geo_cov_nat,mts_details_union,2018,2.045
zmb,sex_f,geo_cov_nat,mts_details_union,2020,1.856
zmb,sex_f,geo_cov_nat,mts_details_wid,2017,258.844
zmb,sex_f,geo_cov_nat,mts_details_wid,2018,180.423
zmb,sex_f,geo_cov_nat,mts_details_wid,2019,200.269
zmb,sex_f,geo_cov_nat,mts_details_wid,2020,160.076
zmb,sex_f,geo_cov_rur,mts_aggregate_1,2017,796.834
zmb,sex_f,geo_cov_rur,mts_aggregate_1,2018,563.381
zmb,sex_f,geo_cov_rur,mts_aggregate_1,2019,594.057
zmb,sex_f,geo_cov_rur,mts_aggregate_1,2020,581.153
zmb,sex_f,geo_cov_rur,mts_aggregate_2,2017,853.178
zmb,sex_f,geo_cov_rur,mts_aggregate_2,2018,451.745
zmb,sex_f,geo_cov_rur,mts_aggregate_2,2019,464.985
zmb,sex_f,geo_cov_rur,mts_aggregate_2,2020,449.097
zmb,sex_f,geo_cov_rur,mts_aggregate_total,2017,1650.012
zmb,sex_f,geo_cov_rur,mts_aggregate_total,2018,1015.126
zmb,sex_f,geo_cov_rur,mts_aggregate_total,2019,1059.042
zmb,sex_f,geo_cov_rur,mts_aggregate_total,2020,1030.249
zmb,sex_f,geo_cov_rur,mts_details_mrd,2017,850.987
zmb,sex_f,geo_cov_rur,mts_details_mrd,2018,450.844
zmb,sex_f,geo_cov_rur,mts_details_mrd,2019,463.186
zmb,sex_f,geo_cov_rur,mts_details_mrd,2020,448.022
zmb,sex_f,geo_cov_rur,mts_details_sep,2017,139.381
zmb,sex_f,geo_cov_rur,mts_details_sep,2018,72.565
zmb,sex_f,geo_cov_rur,mts_details_sep,2019,71.826
zmb,sex_f,geo_cov_rur,mts_details_sep,2020,73.999
zmb,sex_f,geo_cov_rur,mts_details_sgle,2017,485.981
zmb,sex_f,geo_cov_rur,mts_details_sgle,2018,396.703
zmb,sex_f,geo_cov_rur,mts_details_sgle,2019,420.184
zmb,sex_f,geo_cov_rur,mts_details_sgle,2020,421.852
zmb,sex_f,geo_cov_rur,mts_details_total,2017,1650.012
zmb,sex_f,geo_cov_rur,mts_details_total,2018,1015.126
zmb,sex_f,geo_cov_rur,mts_details_total,2019,1059.042
zmb,sex_f,geo_cov_rur,mts_details_total,2020,1030.249
zmb,sex_f,geo_cov_rur,mts_details_union,2017,2.191
zmb,sex_f,geo_cov_rur,mts_details_union,2018,0.902
zmb,sex_f,geo_cov_rur,mts_details_wid,2017,171.472
zmb,sex_f,geo_cov_rur,mts_details_wid,2018,94.113
zmb,sex_f,geo_cov_rur,mts_details_wid,2019,102.047
zmb,sex_f,geo_cov_rur,mts_details_wid,2020,85.301
zmb,sex_f,geo_cov_urb,mts_aggregate_1,2017,745.843
zmb,sex_f,geo_cov_urb,mts_aggregate_1,2018,761.039
zmb,sex_f,geo_cov_urb,mts_aggregate_1,2019,810.316
zmb,sex_f,geo_cov_urb,mts_aggregate_1,2020,783.297
zmb,sex_f,geo_cov_urb,mts_aggregate_2,2017,570.397
zmb,sex_f,geo_cov_urb,mts_aggregate_2,2018,588.986
zmb,sex_f,geo_cov_urb,mts_aggregate_2,2019,561.907
zmb,sex_f,geo_cov_urb,mts_aggregate_2,2020,559.087
zmb,sex_f,geo_cov_urb,mts_aggregate_total,2017,1316.24
zmb,sex_f,geo_cov_urb,mts_aggregate_total,2018,1350.025
zmb,sex_f,geo_cov_urb,mts_aggregate_total,2019,1372.223
zmb,sex_f,geo_cov_urb,mts_aggregate_total,2020,1342.384
zmb,sex_f,geo_cov_urb,mts_details_mrd,2017,567.453
zmb,sex_f,geo_cov_urb,mts_details_mrd,2018,587.843
zmb,sex_f,geo_cov_urb,mts_details_mrd,2019,560.578
zmb,sex_f,geo_cov_urb,mts_details_mrd,2020,558.305
zmb,sex_f,geo_cov_urb,mts_details_sep,2017,56.667
zmb,sex_f,geo_cov_urb,mts_details_sep,2018,57.996
zmb,sex_f,geo_cov_urb,mts_details_sep,2019,48.377
zmb,sex_f,geo_cov_urb,mts_details_sep,2020,59.278
zmb,sex_f,geo_cov_urb,mts_details_sgle,2017,601.805
zmb,sex_f,geo_cov_urb,mts_details_sgle,2018,616.734
zmb,sex_f,geo_cov_urb,mts_details_sgle,2019,663.717
zmb,sex_f,geo_cov_urb,mts_details_sgle,2020,649.244
zmb,sex_f,geo_cov_urb,mts_details_total,2017,1316.24
zmb,sex_f,geo_cov_urb,mts_details_total,2018,1350.025
zmb,sex_f,geo_cov_urb,mts_details_total,2019,1372.223
zmb,sex_f,geo_cov_urb,mts_details_total,2020,1342.384
zmb,sex_f,geo_cov_urb,mts_details_union,2017,2.944
zmb,sex_f,geo_cov_urb,mts_details_union,2018,1.143
zmb,sex_f,geo_cov_urb,mts_details_wid,2017,87.372
zmb,sex_f,geo_cov_urb,mts_details_wid,2018,86.31
zmb,sex_f,geo_cov_urb,mts_details_wid,2019,98.222
zmb,sex_f,geo_cov_urb,mts_details_wid,2020,74.775
zmb,sex_m,geo_cov_nat,mts_aggregate_1,2017,1313.229
zmb,sex_m,geo_cov_nat,mts_aggregate_1,2018,1218.266
zmb,sex_m,geo_cov_nat,mts_aggregate_1,2019,1201.613
zmb,sex_m,geo_cov_nat,mts_aggregate_1,2020,1147.684
zmb,sex_m,geo_cov_nat,mts_aggregate_2,2017,673.989
zmb,sex_m,geo_cov_nat,mts_aggregate_2,2018,353.954
zmb,sex_m,geo_cov_nat,mts_aggregate_2,2019,294.333
zmb,sex_m,geo_cov_nat,mts_aggregate_2,2020,354.649
zmb,sex_m,geo_cov_nat,mts_aggregate_total,2017,1987.218
zmb,sex_m,geo_cov_nat,mts_aggregate_total,2018,1572.221
zmb,sex_m,geo_cov_nat,mts_aggregate_total,2019,1495.946
zmb,sex_m,geo_cov_nat,mts_aggregate_total,2020,1503.032
zmb,sex_m,geo_cov_nat,mts_details_mrd,2017,671.756
zmb,sex_m,geo_cov_nat,mts_details_mrd,2018,351.178
zmb,sex_m,geo_cov_nat,mts_details_mrd,2019,294.333
zmb,sex_m,geo_cov_nat,mts_details_mrd,2020,351.556
zmb,sex_m,geo_cov_nat,mts_details_sep,2017,55.841
zmb,sex_m,geo_cov_nat,mts_details_sep,2018,46.125
zmb,sex_m,geo_cov_nat,mts_details_sep,2019,49.834
zmb,sex_m,geo_cov_nat,mts_details_sep,2020,40.085
zmb,sex_m,geo_cov_nat,mts_details_sgle,2017,1214.492
zmb,sex_m,geo_cov_nat,mts_details_sgle,2018,1145.002
zmb,sex_m,geo_cov_nat,mts_details_sgle,2019,1125.437
zmb,sex_m,geo_cov_nat,mts_details_sgle,2020,1084.162
zmb,sex_m,geo_cov_nat,mts_details_total,2017,1987.218
zmb,sex_m,geo_cov_nat,mts_details_total,2018,1572.221
zmb,sex_m,geo_cov_nat,mts_details_total,2019,1495.946
zmb,sex_m,geo_cov_nat,mts_details_total,2020,1503.032
zmb,sex_m,geo_cov_nat,mts_details_union,2017,2.234
zmb,sex_m,geo_cov_nat,mts_details_union,2018,2.776
zmb,sex_m,geo_cov_nat,mts_details_wid,2017,42.895
zmb,sex_m,geo_cov_nat,mts_details_wid,2018,27.14
zmb,sex_m,geo_cov_nat,mts_details_wid,2019,26.342
zmb,sex_m,geo_cov_nat,mts_details_wid,2020,23.437
zmb,sex_m,geo_cov_rur,mts_aggregate_1,2017,695.184
zmb,sex_m,geo_cov_rur,mts_aggregate_1,2018,580.481
zmb,sex_m,geo_cov_rur,mts_aggregate_1,2019,542.965
zmb,sex_m,geo_cov_rur,mts_aggregate_1,2020,535.854
zmb,sex_m,geo_cov_rur,mts_aggregate_2,2017,536.227
zmb,sex_m,geo_cov_rur,mts_aggregate_2,2018,234.998
zmb,sex_m,geo_cov_rur,mts_aggregate_2,2019,197.715
zmb,sex_m,geo_cov_rur,mts_aggregate_2,2020,236.153
zmb,sex_m,geo_cov_rur,mts_aggregate_total,2017,1231.411
zmb,sex_m,geo_cov_rur,mts_aggregate_total,2018,815.479
zmb,sex_m,geo_cov_rur,mts_aggregate_total,2019,740.68
zmb,sex_m,geo_cov_rur,mts_aggregate_total,2020,772.309
zmb,sex_m,geo_cov_rur,mts_details_mrd,2017,535.202
zmb,sex_m,geo_cov_rur,mts_details_mrd,2018,234.652
zmb,sex_m,geo_cov_rur,mts_details_mrd,2019,197.715
zmb,sex_m,geo_cov_rur,mts_details_mrd,2020,235.871
zmb,sex_m,geo_cov_rur,mts_details_sep,2017,38.375
zmb,sex_m,geo_cov_rur,mts_details_sep,2018,26.456
zmb,sex_m,geo_cov_rur,mts_details_sep,2019,22.304
zmb,sex_m,geo_cov_rur,mts_details_sep,2020,23.346
zmb,sex_m,geo_cov_rur,mts_details_sgle,2017,636.145
zmb,sex_m,geo_cov_rur,mts_details_sgle,2018,539.072
zmb,sex_m,geo_cov_rur,mts_details_sgle,2019,510.106
zmb,sex_m,geo_cov_rur,mts_details_sgle,2020,499.624
zmb,sex_m,geo_cov_rur,mts_details_total,2017,1231.411
zmb,sex_m,geo_cov_rur,mts_details_total,2018,815.479
zmb,sex_m,geo_cov_rur,mts_details_total,2019,740.68
zmb,sex_m,geo_cov_rur,mts_details_total,2020,772.309
zmb,sex_m,geo_cov_rur,mts_details_union,2017,1.025
zmb,sex_m,geo_cov_rur,mts_details_union,2018,0.346
zmb,sex_m,geo_cov_rur,mts_details_wid,2017,20.664
zmb,sex_m,geo_cov_rur,mts_details_wid,2018,14.954
zmb,sex_m,geo_cov_rur,mts_details_wid,2019,10.555
zmb,sex_m,geo_cov_rur,mts_details_wid,2020,12.884
zmb,sex_m,geo_cov_urb,mts_aggregate_1,2017,618.045
zmb,sex_m,geo_cov_urb,mts_aggregate_1,2018,637.785
zmb,sex_m,geo_cov_urb,mts_aggregate_1,2019,658.648
zmb,sex_m,geo_cov_urb,mts_aggregate_1,2020,611.83
zmb,sex_m,geo_cov_urb,mts_aggregate_2,2017,137.763
zmb,sex_m,geo_cov_urb,mts_aggregate_2,2018,118.957
zmb,sex_m,geo_cov_urb,mts_aggregate_2,2019,96.618
zmb,sex_m,geo_cov_urb,mts_aggregate_2,2020,118.496
zmb,sex_m,geo_cov_urb,mts_aggregate_total,2017,755.807
zmb,sex_m,geo_cov_urb,mts_aggregate_total,2018,756.742
zmb,sex_m,geo_cov_urb,mts_aggregate_total,2019,755.266
zmb,sex_m,geo_cov_urb,mts_aggregate_total,2020,730.723
zmb,sex_m,geo_cov_urb,mts_details_mrd,2017,136.553
zmb,sex_m,geo_cov_urb,mts_details_mrd,2018,116.527
zmb,sex_m,geo_cov_urb,mts_details_mrd,2019,96.618
zmb,sex_m,geo_cov_urb,mts_details_mrd,2020,115.685
zmb,sex_m,geo_cov_urb,mts_details_sep,2017,17.467
zmb,sex_m,geo_cov_urb,mts_details_sep,2018,19.669
zmb,sex_m,geo_cov_urb,mts_details_sep,2019,27.53
zmb,sex_m,geo_cov_urb,mts_details_sep,2020,16.739
zmb,sex_m,geo_cov_urb,mts_details_sgle,2017,578.347
zmb,sex_m,geo_cov_urb,mts_details_sgle,2018,605.93
zmb,sex_m,geo_cov_urb,mts_details_sgle,2019,615.331
zmb,sex_m,geo_cov_urb,mts_details_sgle,2020,584.538
zmb,sex_m,geo_cov_urb,mts_details_total,2017,755.807
zmb,sex_m,geo_cov_urb,mts_details_total,2018,756.742
zmb,sex_m,geo_cov_urb,mts_details_total,2019,755.266
zmb,sex_m,geo_cov_urb,mts_details_total,2020,730.723
zmb,sex_m,geo_cov_urb,mts_details_union,2017,1.209
zmb,sex_m,geo_cov_urb,mts_details_union,2018,2.43
zmb,sex_m,geo_cov_urb,mts_details_wid,2017,22.231
zmb,sex_m,geo_cov_urb,mts_details_wid,2018,12.187
zmb,sex_m,geo_cov_urb,mts_details_wid,2019,15.787
zmb,sex_m,geo_cov_urb,mts_details_wid,2020,10.554
zmb,sex_t,geo_cov_nat,mts_aggregate_1,2017,2855.906
zmb,sex_t,geo_cov_nat,mts_aggregate_1,2018,2542.686
zmb,sex_t,geo_cov_nat,mts_aggregate_1,2019,2605.986
zmb,sex_t,geo_cov_nat,mts_aggregate_1,2020,2512.134
zmb,sex_t,geo_cov_nat,mts_aggregate_2,2017,2097.564
zmb,sex_t,geo_cov_nat,mts_aggregate_2,2018,1394.686
zmb,sex_t,geo_cov_nat,mts_aggregate_2,2019,1321.225
zmb,sex_t,geo_cov_nat,mts_aggregate_2,2020,1362.832
zmb,sex_t,geo_cov_nat,mts_aggregate_total,2017,4953.47
zmb,sex_t,geo_cov_nat,mts_aggregate_total,2018,3937.372
zmb,sex_t,geo_cov_nat,mts_aggregate_total,2019,3927.211
zmb,sex_t,geo_cov_nat,mts_aggregate_total,2020,3875.665
zmb,sex_t,geo_cov_nat,mts_details_mrd,2017,2090.196
zmb,sex_t,geo_cov_nat,mts_details_mrd,2018,1389.865
zmb,sex_t,geo_cov_nat,mts_details_mrd,2019,1318.097
zmb,sex_t,geo_cov_nat,mts_details_mrd,2020,1357.883
zmb,sex_t,geo_cov_nat,mts_details_sep,2017,251.889
zmb,sex_t,geo_cov_nat,mts_details_sep,2018,176.685
zmb,sex_t,geo_cov_nat,mts_details_sep,2019,170.038
zmb,sex_t,geo_cov_nat,mts_details_sep,2020,173.362
zmb,sex_t,geo_cov_nat,mts_details_sgle,2017,2302.278
zmb,sex_t,geo_cov_nat,mts_details_sgle,2018,2158.438
zmb,sex_t,geo_cov_nat,mts_details_sgle,2019,2209.338
zmb,sex_t,geo_cov_nat,mts_details_sgle,2020,2155.258
zmb,sex_t,geo_cov_nat,mts_details_total,2017,4953.47
zmb,sex_t,geo_cov_nat,mts_details_total,2018,3937.372
zmb,sex_t,geo_cov_nat,mts_details_total,2019,3927.211
zmb,sex_t,geo_cov_nat,mts_details_total,2020,3875.665
zmb,sex_t,geo_cov_nat,mts_details_union,2017,7.368
zmb,sex_t,geo_cov_nat,mts_details_union,2018,4.821
zmb,sex_t,geo_cov_nat,mts_details_union,2020,4.949
zmb,sex_t,geo_cov_nat,mts_details_wid,2017,301.739
zmb,sex_t,geo_cov_nat,mts_details_wid,2018,207.563
zmb,sex_t,geo_cov_nat,mts_details_wid,2019,226.611
zmb,sex_t,geo_cov_nat,mts_details_wid,2020,183.514
zmb,sex_t,geo_cov_rur,mts_aggregate_1,2017,1492.018
zmb,sex_t,geo_cov_rur,mts_aggregate_1,2018,1143.862
zmb,sex_t,geo_cov_rur,mts_aggregate_1,2019,1137.023
zmb,sex_t,geo_cov_rur,mts_aggregate_1,2020,1117.007
zmb,sex_t,geo_cov_rur,mts_aggregate_2,2017,1389.404
zmb,sex_t,geo_cov_rur,mts_aggregate_2,2018,686.743
zmb,sex_t,geo_cov_rur,mts_aggregate_2,2019,662.7
zmb,sex_t,geo_cov_rur,mts_aggregate_2,2020,685.25
zmb,sex_t,geo_cov_rur,mts_aggregate_total,2017,2881.422
zmb,sex_t,geo_cov_rur,mts_aggregate_total,2018,1830.605
zmb,sex_t,geo_cov_rur,mts_aggregate_total,2019,1799.722
zmb,sex_t,geo_cov_rur,mts_aggregate_total,2020,1802.559
zmb,sex_t,geo_cov_rur,mts_details_mrd,2017,1386.189
zmb,sex_t,geo_cov_rur,mts_details_mrd,2018,685.495
zmb,sex_t,geo_cov_rur,mts_details_mrd,2019,660.901
zmb,sex_t,geo_cov_rur,mts_details_mrd,2020,683.893
zmb,sex_t,geo_cov_rur,mts_details_sep,2017,177.756
zmb,sex_t,geo_cov_rur,mts_details_sep,2018,99.02
zmb,sex_t,geo_cov_rur,mts_details_sep,2019,94.13
zmb,sex_t,geo_cov_rur,mts_details_sep,2020,97.345
zmb,sex_t,geo_cov_rur,mts_details_sgle,2017,1122.126
zmb,sex_t,geo_cov_rur,mts_details_sgle,2018,935.775
zmb,sex_t,geo_cov_rur,mts_details_sgle,2019,930.29
zmb,sex_t,geo_cov_rur,mts_details_sgle,2020,921.476
zmb,sex_t,geo_cov_rur,mts_details_total,2017,2881.422
zmb,sex_t,geo_cov_rur,mts_details_total,2018,1830.605
zmb,sex_t,geo_cov_rur,mts_details_total,2019,1799.722
zmb,sex_t,geo_cov_rur,mts_details_total,2020,1802.559
zmb,sex_t,geo_cov_rur,mts_details_union,2017,3.215
zmb,sex_t,geo_cov_rur,mts_details_union,2018,1.248
zmb,sex_t,geo_cov_rur,mts_details_union,2020,1.357
zmb,sex_t,geo_cov_rur,mts_details_wid,2017,192.136
zmb,sex_t,geo_cov_rur,mts_details_wid,2018,109.067
zmb,sex_t,geo_cov_rur,mts_details_wid,2019,112.602
zmb,sex_t,geo_cov_rur,mts_details_wid,2020,98.185
zmb,sex_t,geo_cov_urb,mts_aggregate_1,2017,1363.888
zmb,sex_t,geo_cov_urb,mts_aggregate_1,2018,1398.824
zmb,sex_t,geo_cov_urb,mts_aggregate_1,2019,1468.964
zmb,sex_t,geo_cov_urb,mts_aggregate_1,2020,1395.127
zmb,sex_t,geo_cov_urb,mts_aggregate_2,2017,708.159
zmb,sex_t,geo_cov_urb,mts_aggregate_2,2018,707.943
zmb,sex_t,geo_cov_urb,mts_aggregate_2,2019,658.525
zmb,sex_t,geo_cov_urb,mts_aggregate_2,2020,677.582
zmb,sex_t,geo_cov_urb,mts_aggregate_total,2017,2072.047
zmb,sex_t,geo_cov_urb,mts_aggregate_total,2018,2106.767
zmb,sex_t,geo_cov_urb,mts_aggregate_total,2019,2127.489
zmb,sex_t,geo_cov_urb,mts_aggregate_total,2020,2073.106
zmb,sex_t,geo_cov_urb,mts_details_mrd,2017,704.006
zmb,sex_t,geo_cov_urb,mts_details_mrd,2018,704.37
zmb,sex_t,geo_cov_urb,mts_details_mrd,2019,657.196
zmb,sex_t,geo_cov_urb,mts_details_mrd,2020,673.991
zmb,sex_t,geo_cov_urb,mts_details_sep,2017,74.133
zmb,sex_t,geo_cov_urb,mts_details_sep,2018,77.664
zmb,sex_t,geo_cov_urb,mts_details_sep,2019,75.907
zmb,sex_t,geo_cov_urb,mts_details_sep,2020,76.017
zmb,sex_t,geo_cov_urb,mts_details_sgle,2017,1180.152
zmb,sex_t,geo_cov_urb,mts_details_sgle,2018,1222.664
zmb,sex_t,geo_cov_urb,mts_details_sgle,2019,1279.048
zmb,sex_t,geo_cov_urb,mts_details_sgle,2020,1233.782
zmb,sex_t,geo_cov_urb,mts_details_total,2017,2072.047
zmb,sex_t,geo_cov_urb,mts_details_total,2018,2106.767
zmb,sex_t,geo_cov_urb,mts_details_total,2019,2127.489
zmb,sex_t,geo_cov_urb,mts_details_total,2020,2073.106
zmb,sex_t,geo_cov_urb,mts_details_union,2017,4.153
zmb,sex_t,geo_cov_urb,mts_details_union,2018,3.573
zmb,sex_t,geo_cov_urb,mts_details_wid,2017,109.603
zmb,sex_t,geo_cov_urb,mts_details_wid,2018,98.496
zmb,sex_t,geo_cov_urb,mts_details_wid,2019,114.009
zmb,sex_t,geo_cov_urb,mts_details_wid,2020,85.329
zwe,sex_f,geo_cov_nat,mts_aggregate_1,2011,467.649
zwe,sex_f,geo_cov_nat,mts_aggregate_1,2014,431.859
zwe,sex_f,geo_cov_nat,mts_aggregate_1,2019,943.989
zwe,sex_f,geo_cov_nat,mts_aggregate_2,2011,372.197
zwe,sex_f,geo_cov_nat,mts_aggregate_2,2014,390.048
zwe,sex_f,geo_cov_nat,mts_aggregate_2,2019,787.938
zwe,sex_f,geo_cov_nat,mts_aggregate_total,2011,843.642
zwe,sex_f,geo_cov_nat,mts_aggregate_total,2014,823.698
zwe,sex_f,geo_cov_nat,mts_aggregate_total,2019,1731.927
zwe,sex_f,geo_cov_nat,mts_aggregate_x,2011,3.796
zwe,sex_f,geo_cov_nat,mts_aggregate_x,2014,1.79
zwe,sex_f,geo_cov_nat,mts_details_mrd,2011,372.197
zwe,sex_f,geo_cov_nat,mts_details_mrd,2014,390.048
zwe,sex_f,geo_cov_nat,mts_details_mrd,2019,787.938
zwe,sex_f,geo_cov_nat,mts_details_sep,2011,34.858
zwe,sex_f,geo_cov_nat,mts_details_sep,2014,32.493
zwe,sex_f,geo_cov_nat,mts_details_sep,2019,118.886
zwe,sex_f,geo_cov_nat,mts_details_sgle,2011,301.747
zwe,sex_f,geo_cov_nat,mts_details_sgle,2014,277.124
zwe,sex_f,geo_cov_nat,mts_details_sgle,2019,535.684
zwe,sex_f,geo_cov_nat,mts_details_total,2011,843.642
zwe,sex_f,geo_cov_nat,mts_details_total,2014,823.698
zwe,sex_f,geo_cov_nat,mts_details_total,2019,1731.927
zwe,sex_f,geo_cov_nat,mts_details_wid,2011,131.044
zwe,sex_f,geo_cov_nat,mts_details_wid,2014,122.242
zwe,sex_f,geo_cov_nat,mts_details_wid,2019,289.42
zwe,sex_f,geo_cov_nat,mts_details_x,2011,3.796
zwe,sex_f,geo_cov_nat,mts_details_x,2014,1.79
zwe,sex_f,geo_cov_rur,mts_aggregate_1,2011,204.128
zwe,sex_f,geo_cov_rur,mts_aggregate_1,2014,128.888
zwe,sex_f,geo_cov_rur,mts_aggregate_1,2019,611.443
zwe,sex_f,geo_cov_rur,mts_aggregate_2,2011,117.854
zwe,sex_f,geo_cov_rur,mts_aggregate_2,2014,80.933
zwe,sex_f,geo_cov_rur,mts_aggregate_2,2019,527.78
zwe,sex_f,geo_cov_rur,mts_aggregate_total,2011,323.969
zwe,sex_f,geo_cov_rur,mts_aggregate_total,2014,209.821
zwe,sex_f,geo_cov_rur,mts_aggregate_total,2019,1139.223
zwe,sex_f,geo_cov_rur,mts_aggregate_x,2011,1.987
zwe,sex_f,geo_cov_rur,mts_details_mrd,2011,117.854
zwe,sex_f,geo_cov_rur,mts_details_mrd,2014,80.933
zwe,sex_f,geo_cov_rur,mts_details_mrd,2019,527.78
zwe,sex_f,geo_cov_rur,mts_details_sep,2011,13.269
zwe,sex_f,geo_cov_rur,mts_details_sep,2014,11.041
zwe,sex_f,geo_cov_rur,mts_details_sep,2019,86.519
zwe,sex_f,geo_cov_rur,mts_details_sgle,2011,109.232
zwe,sex_f,geo_cov_rur,mts_details_sgle,2014,55.844
zwe,sex_f,geo_cov_rur,mts_details_sgle,2019,304.246
zwe,sex_f,geo_cov_rur,mts_details_total,2011,323.969
zwe,sex_f,geo_cov_rur,mts_details_total,2014,209.821
zwe,sex_f,geo_cov_rur,mts_details_total,2019,1139.223
zwe,sex_f,geo_cov_rur,mts_details_wid,2011,81.626
zwe,sex_f,geo_cov_rur,mts_details_wid,2014,62.004
zwe,sex_f,geo_cov_rur,mts_details_wid,2019,220.679
zwe,sex_f,geo_cov_rur,mts_details_x,2011,1.987
zwe,sex_f,geo_cov_urb,mts_aggregate_1,2011,263.522
zwe,sex_f,geo_cov_urb,mts_aggregate_1,2014,302.971
zwe,sex_f,geo_cov_urb,mts_aggregate_1,2019,332.546
zwe,sex_f,geo_cov_urb,mts_aggregate_2,2011,254.343
zwe,sex_f,geo_cov_urb,mts_aggregate_2,2014,309.116
zwe,sex_f,geo_cov_urb,mts_aggregate_2,2019,260.159
zwe,sex_f,geo_cov_urb,mts_aggregate_total,2011,519.673
zwe,sex_f,geo_cov_urb,mts_aggregate_total,2014,613.876
zwe,sex_f,geo_cov_urb,mts_aggregate_total,2019,592.704
zwe,sex_f,geo_cov_urb,mts_aggregate_x,2011,1.808
zwe,sex_f,geo_cov_urb,mts_aggregate_x,2014,1.79
zwe,sex_f,geo_cov_urb,mts_details_mrd,2011,254.343
zwe,sex_f,geo_cov_urb,mts_details_mrd,2014,309.116
zwe,sex_f,geo_cov_urb,mts_details_mrd,2019,260.159
zwe,sex_f,geo_cov_urb,mts_details_sep,2011,21.589
zwe,sex_f,geo_cov_urb,mts_details_sep,2014,21.453
zwe,sex_f,geo_cov_urb,mts_details_sep,2019,32.367
zwe,sex_f,geo_cov_urb,mts_details_sgle,2011,192.515
zwe,sex_f,geo_cov_urb,mts_details_sgle,2014,221.28
zwe,sex_f,geo_cov_urb,mts_details_sgle,2019,231.438
zwe,sex_f,geo_cov_urb,mts_details_total,2011,519.673
zwe,sex_f,geo_cov_urb,mts_details_total,2014,613.876
zwe,sex_f,geo_cov_urb,mts_details_total,2019,592.704
zwe,sex_f,geo_cov_urb,mts_details_wid,2011,49.418
zwe,sex_f,geo_cov_urb,mts_details_wid,2014,60.238
zwe,sex_f,geo_cov_urb,mts_details_wid,2019,68.741
zwe,sex_f,geo_cov_urb,mts_details_x,2011,1.808
zwe,sex_f,geo_cov_urb,mts_details_x,2014,1.79
zwe,sex_m,geo_cov_nat,mts_aggregate_1,2011,282.625
zwe,sex_m,geo_cov_nat,mts_aggregate_1,2014,302.171
zwe,sex_m,geo_cov_nat,mts_aggregate_1,2019,663.826
zwe,sex_m,geo_cov_nat,mts_aggregate_2,2011,98.272
zwe,sex_m,geo_cov_nat,mts_aggregate_2,2014,77.541
zwe,sex_m,geo_cov_nat,mts_aggregate_2,2019,375.394
zwe,sex_m,geo_cov_nat,mts_aggregate_total,2011,383.64
zwe,sex_m,geo_cov_nat,mts_aggregate_total,2014,381.101
zwe,sex_m,geo_cov_nat,mts_aggregate_total,2019,1039.22
zwe,sex_m,geo_cov_nat,mts_aggregate_x,2011,2.743
zwe,sex_m,geo_cov_nat,mts_aggregate_x,2014,1.388
zwe,sex_m,geo_cov_nat,mts_details_mrd,2011,98.272
zwe,sex_m,geo_cov_nat,mts_details_mrd,2014,77.541
zwe,sex_m,geo_cov_nat,mts_details_mrd,2019,375.394
zwe,sex_m,geo_cov_nat,mts_details_sep,2011,5.566
zwe,sex_m,geo_cov_nat,mts_details_sep,2014,11.683
zwe,sex_m,geo_cov_nat,mts_details_sep,2019,33.487
zwe,sex_m,geo_cov_nat,mts_details_sgle,2011,263.138
zwe,sex_m,geo_cov_nat,mts_details_sgle,2014,271.834
zwe,sex_m,geo_cov_nat,mts_details_sgle,2019,601.019
zwe,sex_m,geo_cov_nat,mts_details_total,2011,383.64
zwe,sex_m,geo_cov_nat,mts_details_total,2014,381.101
zwe,sex_m,geo_cov_nat,mts_details_total,2019,1039.22
zwe,sex_m,geo_cov_nat,mts_details_wid,2011,13.921
zwe,sex_m,geo_cov_nat,mts_details_wid,2014,18.654
zwe,sex_m,geo_cov_nat,mts_details_wid,2019,29.32
zwe,sex_m,geo_cov_nat,mts_details_x,2011,2.743
zwe,sex_m,geo_cov_nat,mts_details_x,2014,1.388
zwe,sex_m,geo_cov_rur,mts_aggregate_1,2011,115.607
zwe,sex_m,geo_cov_rur,mts_aggregate_1,2014,79.042
zwe,sex_m,geo_cov_rur,mts_aggregate_1,2019,426.184
zwe,sex_m,geo_cov_rur,mts_aggregate_2,2011,60.418
zwe,sex_m,geo_cov_rur,mts_aggregate_2,2014,32.722
zwe,sex_m,geo_cov_rur,mts_aggregate_2,2019,296.419
zwe,sex_m,geo_cov_rur,mts_aggregate_total,2011,177.359
zwe,sex_m,geo_cov_rur,mts_aggregate_total,2014,112.508
zwe,sex_m,geo_cov_rur,mts_aggregate_total,2019,722.603
zwe,sex_m,geo_cov_rur,mts_aggregate_x,2011,1.333
zwe,sex_m,geo_cov_rur,mts_details_mrd,2011,60.418
zwe,sex_m,geo_cov_rur,mts_details_mrd,2014,32.722
zwe,sex_m,geo_cov_rur,mts_details_mrd,2019,296.419
zwe,sex_m,geo_cov_rur,mts_details_sep,2011,3.559
zwe,sex_m,geo_cov_rur,mts_details_sep,2014,4.848
zwe,sex_m,geo_cov_rur,mts_details_sep,2019,29.269
zwe,sex_m,geo_cov_rur,mts_details_sgle,2011,102.161
zwe,sex_m,geo_cov_rur,mts_details_sgle,2014,66.707
zwe,sex_m,geo_cov_rur,mts_details_sgle,2019,376.514
zwe,sex_m,geo_cov_rur,mts_details_total,2011,177.359
zwe,sex_m,geo_cov_rur,mts_details_total,2014,112.508
zwe,sex_m,geo_cov_rur,mts_details_total,2019,722.603
zwe,sex_m,geo_cov_rur,mts_details_wid,2011,9.888
zwe,sex_m,geo_cov_rur,mts_details_wid,2014,7.486
zwe,sex_m,geo_cov_rur,mts_details_wid,2019,20.401
zwe,sex_m,geo_cov_rur,mts_details_x,2011,1.333
zwe,sex_m,geo_cov_urb,mts_aggregate_1,2011,167.018
zwe,sex_m,geo_cov_urb,mts_aggregate_1,2014,223.13
zwe,sex_m,geo_cov_urb,mts_aggregate_1,2019,237.642
zwe,sex_m,geo_cov_urb,mts_aggregate_2,2011,37.853
zwe,sex_m,geo_cov_urb,mts_aggregate_2,2014,44.819
zwe,sex_m,geo_cov_urb,mts_aggregate_2,2019,78.976
zwe,sex_m,geo_cov_urb,mts_aggregate_total,2011,206.281
zwe,sex_m,geo_cov_urb,mts_aggregate_total,2014,268.592
zwe,sex_m,geo_cov_urb,mts_aggregate_total,2019,316.618
zwe,sex_m,geo_cov_urb,mts_aggregate_x,2011,1.41
zwe,sex_m,geo_cov_urb,mts_details_mrd,2011,37.853
zwe,sex_m,geo_cov_urb,mts_details_mrd,2014,44.819
zwe,sex_m,geo_cov_urb,mts_details_mrd,2019,78.976
zwe,sex_m,geo_cov_urb,mts_details_sep,2011,2.007
zwe,sex_m,geo_cov_urb,mts_details_sep,2014,6.835
zwe,sex_m,geo_cov_urb,mts_details_sep,2019,4.218
zwe,sex_m,geo_cov_urb,mts_details_sgle,2011,160.977
zwe,sex_m,geo_cov_urb,mts_details_sgle,2014,205.127
zwe,sex_m,geo_cov_urb,mts_details_sgle,2019,224.505
zwe,sex_m,geo_cov_urb,mts_details_total,2011,206.281
zwe,sex_m,geo_cov_urb,mts_details_total,2014,268.592
zwe,sex_m,geo_cov_urb,mts_details_total,2019,316.618
zwe,sex_m,geo_cov_urb,mts_details_wid,2011,4.033
zwe,sex_m,geo_cov_urb,mts_details_wid,2014,11.168
zwe,sex_m,geo_cov_urb,mts_details_wid,2019,8.919
zwe,sex_m,geo_cov_urb,mts_details_x,2011,1.41
zwe,sex_t,geo_cov_nat,mts_aggregate_1,2011,750.274
zwe,sex_t,geo_cov_nat,mts_aggregate_1,2014,734.031
zwe,sex_t,geo_cov_nat,mts_aggregate_1,2019,1607.815
zwe,sex_t,geo_cov_nat,mts_aggregate_2,2011,470.469
zwe,sex_t,geo_cov_nat,mts_aggregate_2,2014,467.589
zwe,sex_t,geo_cov_nat,mts_aggregate_2,2019,1163.333
zwe,sex_t,geo_cov_nat,mts_aggregate_total,2011,1227.282
zwe,sex_t,geo_cov_nat,mts_aggregate_total,2014,1204.798
zwe,sex_t,geo_cov_nat,mts_aggregate_total,2019,2771.148
zwe,sex_t,geo_cov_nat,mts_aggregate_x,2011,6.539
zwe,sex_t,geo_cov_nat,mts_aggregate_x,2014,3.178
zwe,sex_t,geo_cov_nat,mts_details_mrd,2011,470.469
zwe,sex_t,geo_cov_nat,mts_details_mrd,2014,467.589
zwe,sex_t,geo_cov_nat,mts_details_mrd,2019,1163.333
zwe,sex_t,geo_cov_nat,mts_details_sep,2011,40.424
zwe,sex_t,geo_cov_nat,mts_details_sep,2014,44.177
zwe,sex_t,geo_cov_nat,mts_details_sep,2019,152.373
zwe,sex_t,geo_cov_nat,mts_details_sgle,2011,564.885
zwe,sex_t,geo_cov_nat,mts_details_sgle,2014,548.958
zwe,sex_t,geo_cov_nat,mts_details_sgle,2019,1136.703
zwe,sex_t,geo_cov_nat,mts_details_total,2011,1227.282
zwe,sex_t,geo_cov_nat,mts_details_total,2014,1204.798
zwe,sex_t,geo_cov_nat,mts_details_total,2019,2771.148
zwe,sex_t,geo_cov_nat,mts_details_wid,2011,144.966
zwe,sex_t,geo_cov_nat,mts_details_wid,2014,140.896
zwe,sex_t,geo_cov_nat,mts_details_wid,2019,318.739
zwe,sex_t,geo_cov_nat,mts_details_x,2011,6.539
zwe,sex_t,geo_cov_nat,mts_details_x,2014,3.178
zwe,sex_t,geo_cov_rur,mts_aggregate_1,2011,319.735
zwe,sex_t,geo_cov_rur,mts_aggregate_1,2014,207.93
zwe,sex_t,geo_cov_rur,mts_aggregate_1,2019,1037.628
zwe,sex_t,geo_cov_rur,mts_aggregate_2,2011,178.272
zwe,sex_t,geo_cov_rur,mts_aggregate_2,2014,113.655
zwe,sex_t,geo_cov_rur,mts_aggregate_2,2019,824.198
zwe,sex_t,geo_cov_rur,mts_aggregate_total,2011,501.328
zwe,sex_t,geo_cov_rur,mts_aggregate_total,2014,322.33
zwe,sex_t,geo_cov_rur,mts_aggregate_total,2019,1861.826
zwe,sex_t,geo_cov_rur,mts_aggregate_x,2011,3.32
zwe,sex_t,geo_cov_rur,mts_details_mrd,2011,178.272
zwe,sex_t,geo_cov_rur,mts_details_mrd,2014,113.655
zwe,sex_t,geo_cov_rur,mts_details_mrd,2019,824.198
zwe,sex_t,geo_cov_rur,mts_details_sep,2011,16.828
zwe,sex_t,geo_cov_rur,mts_details_sep,2014,15.889
zwe,sex_t,geo_cov_rur,mts_details_sep,2019,115.788
zwe,sex_t,geo_cov_rur,mts_details_sgle,2011,211.393
zwe,sex_t,geo_cov_rur,mts_details_sgle,2014,122.551
zwe,sex_t,geo_cov_rur,mts_details_sgle,2019,680.76
zwe,sex_t,geo_cov_rur,mts_details_total,2011,501.328
zwe,sex_t,geo_cov_rur,mts_details_total,2014,322.33
zwe,sex_t,geo_cov_rur,mts_details_total,2019,1861.826
zwe,sex_t,geo_cov_rur,mts_details_wid,2011,91.514
zwe,sex_t,geo_cov_rur,mts_details_wid,2014,69.49
zwe,sex_t,geo_cov_rur,mts_details_wid,2019,241.08
zwe,sex_t,geo_cov_rur,mts_details_x,2011,3.32
zwe,sex_t,geo_cov_urb,mts_aggregate_1,2011,430.539
zwe,sex_t,geo_cov_urb,mts_aggregate_1,2014,526.101
zwe,sex_t,geo_cov_urb,mts_aggregate_1,2019,570.188
zwe,sex_t,geo_cov_urb,mts_aggregate_2,2011,292.196
zwe,sex_t,geo_cov_urb,mts_aggregate_2,2014,353.934
zwe,sex_t,geo_cov_urb,mts_aggregate_2,2019,339.134
zwe,sex_t,geo_cov_urb,mts_aggregate_total,2011,725.954
zwe,sex_t,geo_cov_urb,mts_aggregate_total,2014,882.469
zwe,sex_t,geo_cov_urb,mts_aggregate_total,2019,909.322
zwe,sex_t,geo_cov_urb,mts_aggregate_x,2011,3.218
zwe,sex_t,geo_cov_urb,mts_aggregate_x,2014,2.434
zwe,sex_t,geo_cov_urb,mts_details_mrd,2011,292.196
zwe,sex_t,geo_cov_urb,mts_details_mrd,2014,353.934
zwe,sex_t,geo_cov_urb,mts_details_mrd,2019,339.134
zwe,sex_t,geo_cov_urb,mts_details_sep,2011,23.596
zwe,sex_t,geo_cov_urb,mts_details_sep,2014,28.288
zwe,sex_t,geo_cov_urb,mts_details_sep,2019,36.585
zwe,sex_t,geo_cov_urb,mts_details_sgle,2011,353.492
zwe,sex_t,geo_cov_urb,mts_details_sgle,2014,426.407
zwe,sex_t,geo_cov_urb,mts_details_sgle,2019,455.943
zwe,sex_t,geo_cov_urb,mts_details_total,2011,725.954
zwe,sex_t,geo_cov_urb,mts_details_total,2014,882.469
zwe,sex_t,geo_cov_urb,mts_details_total,2019,909.322
zwe,sex_t,geo_cov_urb,mts_details_wid,2011,53.452
zwe,sex_t,geo_cov_urb,mts_details_wid,2014,71.406
zwe,sex_t,geo_cov_urb,mts_details_wid,2019,77.659
zwe,sex_t,geo_cov_urb,mts_details_x,2011,3.218
zwe,sex_t,geo_cov_urb,mts_details_x,2014,2.434
