ref_area,sex,classif1,time,eip_2wap_sex_age_rt
tto,sex_f,age_10yrbands_total,1990,61.361
tto,sex_f,age_10yrbands_total,1991,59.873
tto,sex_f,age_10yrbands_total,1992,58.329
tto,sex_f,age_10yrbands_total,1993,56.746
tto,sex_f,age_10yrbands_total,1994,55.887
tto,sex_f,age_10yrbands_total,1995,55.115
tto,sex_f,age_10yrbands_total,1996,53.041
tto,sex_f,age_10yrbands_total,1997,53.075
tto,sex_f,age_10yrbands_total,1998,53.122
tto,sex_f,age_10yrbands_total,1999,53.167
tto,sex_f,age_10yrbands_total,2000,53.472
tto,sex_f,age_10yrbands_total,2001,52.924
tto,sex_f,age_10yrbands_total,2002,52.301
tto,sex_f,age_10yrbands_total,2003,50.318
tto,sex_f,age_10yrbands_total,2004,48.364
tto,sex_f,age_10yrbands_total,2005,46.457
tto,sex_f,age_10yrbands_total,2006,46.323
tto,sex_f,age_10yrbands_total,2007,47.55
tto,sex_f,age_10yrbands_total,2008,46.882
tto,sex_f,age_10yrbands_total,2009,48.298
tto,sex_f,age_10yrbands_total,2010,48.941
tto,sex_f,age_10yrbands_total,2011,49.641
tto,sex_f,age_10yrbands_total,2012,48.39
tto,sex_f,age_10yrbands_total,2013,48.159
tto,sex_f,age_10yrbands_total,2014,47.816
tto,sex_f,age_10yrbands_total,2015,49.237
tto,sex_f,age_10yrbands_total,2016,48.901
tto,sex_f,age_10yrbands_total,2017,49.448
tto,sex_f,age_10yrbands_total,2018,49.721
tto,sex_f,age_10yrbands_total,2019,49.938
tto,sex_f,age_10yrbands_total,2020,50.193
tto,sex_f,age_10yrbands_total,2021,50.466
tto,sex_f,age_10yrbands_total,2022,50.771
tto,sex_f,age_10yrbands_total,2023,51.092
tto,sex_f,age_10yrbands_total,2024,51.398
tto,sex_f,age_10yrbands_total,2025,51.674
tto,sex_f,age_10yrbands_total,2026,51.895
tto,sex_f,age_10yrbands_total,2027,52.081
tto,sex_f,age_10yrbands_total,2028,52.237
tto,sex_f,age_10yrbands_total,2029,52.366
tto,sex_f,age_10yrbands_total,2030,52.474
tto,sex_f,age_10yrbands_y15_24,1990,63.628
tto,sex_f,age_10yrbands_y15_24,1991,63.162
tto,sex_f,age_10yrbands_y15_24,1992,62.569
tto,sex_f,age_10yrbands_y15_24,1993,61.897
tto,sex_f,age_10yrbands_y15_24,1994,60.797
tto,sex_f,age_10yrbands_y15_24,1995,59.858
tto,sex_f,age_10yrbands_y15_24,1996,57.377
tto,sex_f,age_10yrbands_y15_24,1997,58.295
tto,sex_f,age_10yrbands_y15_24,1998,59.224
tto,sex_f,age_10yrbands_y15_24,1999,59.365
tto,sex_f,age_10yrbands_y15_24,2000,58.972
tto,sex_f,age_10yrbands_y15_24,2001,58.701
tto,sex_f,age_10yrbands_y15_24,2002,58.112
tto,sex_f,age_10yrbands_y15_24,2003,56.478
tto,sex_f,age_10yrbands_y15_24,2004,54.925
tto,sex_f,age_10yrbands_y15_24,2005,53.591
tto,sex_f,age_10yrbands_y15_24,2006,52.475
tto,sex_f,age_10yrbands_y15_24,2007,54.34
tto,sex_f,age_10yrbands_y15_24,2008,55.776
tto,sex_f,age_10yrbands_y15_24,2009,58.467
tto,sex_f,age_10yrbands_y15_24,2010,62.589
tto,sex_f,age_10yrbands_y15_24,2011,62.9
tto,sex_f,age_10yrbands_y15_24,2012,62.515
tto,sex_f,age_10yrbands_y15_24,2013,61.959
tto,sex_f,age_10yrbands_y15_24,2014,63.75
tto,sex_f,age_10yrbands_y15_24,2015,64.496
tto,sex_f,age_10yrbands_y15_24,2016,64.899
tto,sex_f,age_10yrbands_y15_24,2017,66.534
tto,sex_f,age_10yrbands_y15_24,2018,67.799
tto,sex_f,age_10yrbands_y15_24,2019,68.461
tto,sex_f,age_10yrbands_y15_24,2020,69.048
tto,sex_f,age_10yrbands_y15_24,2021,69.547
tto,sex_f,age_10yrbands_y15_24,2022,69.96
tto,sex_f,age_10yrbands_y15_24,2023,70.298
tto,sex_f,age_10yrbands_y15_24,2024,70.578
tto,sex_f,age_10yrbands_y15_24,2025,70.814
tto,sex_f,age_10yrbands_y15_24,2026,70.994
tto,sex_f,age_10yrbands_y15_24,2027,71.131
tto,sex_f,age_10yrbands_y15_24,2028,71.239
tto,sex_f,age_10yrbands_y15_24,2029,71.334
tto,sex_f,age_10yrbands_y15_24,2030,71.428
tto,sex_f,age_10yrbands_y25_34,1990,49.171
tto,sex_f,age_10yrbands_y25_34,1991,47.234
tto,sex_f,age_10yrbands_y25_34,1992,45.253
tto,sex_f,age_10yrbands_y25_34,1993,43.219
tto,sex_f,age_10yrbands_y25_34,1994,42.236
tto,sex_f,age_10yrbands_y25_34,1995,41.364
tto,sex_f,age_10yrbands_y25_34,1996,37.07
tto,sex_f,age_10yrbands_y25_34,1997,35.757
tto,sex_f,age_10yrbands_y25_34,1998,34.454
tto,sex_f,age_10yrbands_y25_34,1999,34.72
tto,sex_f,age_10yrbands_y25_34,2000,37.059
tto,sex_f,age_10yrbands_y25_34,2001,34.923
tto,sex_f,age_10yrbands_y25_34,2002,32.854
tto,sex_f,age_10yrbands_y25_34,2003,29.994
tto,sex_f,age_10yrbands_y25_34,2004,27.287
tto,sex_f,age_10yrbands_y25_34,2005,24.73
tto,sex_f,age_10yrbands_y25_34,2006,25.384
tto,sex_f,age_10yrbands_y25_34,2007,28.75
tto,sex_f,age_10yrbands_y25_34,2008,27.518
tto,sex_f,age_10yrbands_y25_34,2009,28.753
tto,sex_f,age_10yrbands_y25_34,2010,27.701
tto,sex_f,age_10yrbands_y25_34,2011,30.16
tto,sex_f,age_10yrbands_y25_34,2012,26.735
tto,sex_f,age_10yrbands_y25_34,2013,27.609
tto,sex_f,age_10yrbands_y25_34,2014,24.012
tto,sex_f,age_10yrbands_y25_34,2015,28.429
tto,sex_f,age_10yrbands_y25_34,2016,27.461
tto,sex_f,age_10yrbands_y25_34,2017,27.875
tto,sex_f,age_10yrbands_y25_34,2018,27.903
tto,sex_f,age_10yrbands_y25_34,2019,27.723
tto,sex_f,age_10yrbands_y25_34,2020,27.548
tto,sex_f,age_10yrbands_y25_34,2021,27.38
tto,sex_f,age_10yrbands_y25_34,2022,27.222
tto,sex_f,age_10yrbands_y25_34,2023,27.076
tto,sex_f,age_10yrbands_y25_34,2024,26.944
tto,sex_f,age_10yrbands_y25_34,2025,26.827
tto,sex_f,age_10yrbands_y25_34,2026,26.726
tto,sex_f,age_10yrbands_y25_34,2027,26.64
tto,sex_f,age_10yrbands_y25_34,2028,26.56
tto,sex_f,age_10yrbands_y25_34,2029,26.477
tto,sex_f,age_10yrbands_y25_34,2030,26.381
tto,sex_f,age_10yrbands_y35_44,1990,52.193
tto,sex_f,age_10yrbands_y35_44,1991,49.446
tto,sex_f,age_10yrbands_y35_44,1992,46.686
tto,sex_f,age_10yrbands_y35_44,1993,43.927
tto,sex_f,age_10yrbands_y35_44,1994,41.665
tto,sex_f,age_10yrbands_y35_44,1995,39.442
tto,sex_f,age_10yrbands_y35_44,1996,38.23
tto,sex_f,age_10yrbands_y35_44,1997,37.797
tto,sex_f,age_10yrbands_y35_44,1998,37.372
tto,sex_f,age_10yrbands_y35_44,1999,37.073
tto,sex_f,age_10yrbands_y35_44,2000,37.734
tto,sex_f,age_10yrbands_y35_44,2001,37.047
tto,sex_f,age_10yrbands_y35_44,2002,36.322
tto,sex_f,age_10yrbands_y35_44,2003,34.682
tto,sex_f,age_10yrbands_y35_44,2004,33.16
tto,sex_f,age_10yrbands_y35_44,2005,31.714
tto,sex_f,age_10yrbands_y35_44,2006,29.278
tto,sex_f,age_10yrbands_y35_44,2007,29.159
tto,sex_f,age_10yrbands_y35_44,2008,27.952
tto,sex_f,age_10yrbands_y35_44,2009,29.248
tto,sex_f,age_10yrbands_y35_44,2010,29.494
tto,sex_f,age_10yrbands_y35_44,2011,29.702
tto,sex_f,age_10yrbands_y35_44,2012,27.914
tto,sex_f,age_10yrbands_y35_44,2013,27.033
tto,sex_f,age_10yrbands_y35_44,2014,25.806
tto,sex_f,age_10yrbands_y35_44,2015,28.304
tto,sex_f,age_10yrbands_y35_44,2016,29.646
tto,sex_f,age_10yrbands_y35_44,2017,29.917
tto,sex_f,age_10yrbands_y35_44,2018,29.852
tto,sex_f,age_10yrbands_y35_44,2019,29.514
tto,sex_f,age_10yrbands_y35_44,2020,29.236
tto,sex_f,age_10yrbands_y35_44,2021,29.007
tto,sex_f,age_10yrbands_y35_44,2022,28.827
tto,sex_f,age_10yrbands_y35_44,2023,28.67
tto,sex_f,age_10yrbands_y35_44,2024,28.5
tto,sex_f,age_10yrbands_y35_44,2025,28.296
tto,sex_f,age_10yrbands_y35_44,2026,28.065
tto,sex_f,age_10yrbands_y35_44,2027,27.808
tto,sex_f,age_10yrbands_y35_44,2028,27.529
tto,sex_f,age_10yrbands_y35_44,2029,27.24
tto,sex_f,age_10yrbands_y35_44,2030,26.945
tto,sex_f,age_10yrbands_y45_54,1990,55.932
tto,sex_f,age_10yrbands_y45_54,1991,54.402
tto,sex_f,age_10yrbands_y45_54,1992,52.867
tto,sex_f,age_10yrbands_y45_54,1993,51.319
tto,sex_f,age_10yrbands_y45_54,1994,51.846
tto,sex_f,age_10yrbands_y45_54,1995,52.362
tto,sex_f,age_10yrbands_y45_54,1996,51.042
tto,sex_f,age_10yrbands_y45_54,1997,50.552
tto,sex_f,age_10yrbands_y45_54,1998,50.055
tto,sex_f,age_10yrbands_y45_54,1999,47.082
tto,sex_f,age_10yrbands_y45_54,2000,46.422
tto,sex_f,age_10yrbands_y45_54,2001,45.864
tto,sex_f,age_10yrbands_y45_54,2002,45.322
tto,sex_f,age_10yrbands_y45_54,2003,42.282
tto,sex_f,age_10yrbands_y45_54,2004,39.278
tto,sex_f,age_10yrbands_y45_54,2005,36.332
tto,sex_f,age_10yrbands_y45_54,2006,38.807
tto,sex_f,age_10yrbands_y45_54,2007,38.993
tto,sex_f,age_10yrbands_y45_54,2008,37.364
tto,sex_f,age_10yrbands_y45_54,2009,37.94
tto,sex_f,age_10yrbands_y45_54,2010,39.335
tto,sex_f,age_10yrbands_y45_54,2011,38.315
tto,sex_f,age_10yrbands_y45_54,2012,38.819
tto,sex_f,age_10yrbands_y45_54,2013,37.063
tto,sex_f,age_10yrbands_y45_54,2014,38.103
tto,sex_f,age_10yrbands_y45_54,2015,35.679
tto,sex_f,age_10yrbands_y45_54,2016,34.08
tto,sex_f,age_10yrbands_y45_54,2017,33.859
tto,sex_f,age_10yrbands_y45_54,2018,33.33
tto,sex_f,age_10yrbands_y45_54,2019,32.966
tto,sex_f,age_10yrbands_y45_54,2020,32.633
tto,sex_f,age_10yrbands_y45_54,2021,32.326
tto,sex_f,age_10yrbands_y45_54,2022,32.05
tto,sex_f,age_10yrbands_y45_54,2023,31.787
tto,sex_f,age_10yrbands_y45_54,2024,31.513
tto,sex_f,age_10yrbands_y45_54,2025,31.219
tto,sex_f,age_10yrbands_y45_54,2026,30.91
tto,sex_f,age_10yrbands_y45_54,2027,30.587
tto,sex_f,age_10yrbands_y45_54,2028,30.268
tto,sex_f,age_10yrbands_y45_54,2029,29.978
tto,sex_f,age_10yrbands_y45_54,2030,29.725
tto,sex_f,age_10yrbands_y55_64,1990,79.278
tto,sex_f,age_10yrbands_y55_64,1991,78.003
tto,sex_f,age_10yrbands_y55_64,1992,76.532
tto,sex_f,age_10yrbands_y55_64,1993,74.867
tto,sex_f,age_10yrbands_y55_64,1994,74.169
tto,sex_f,age_10yrbands_y55_64,1995,73.445
tto,sex_f,age_10yrbands_y55_64,1996,72.558
tto,sex_f,age_10yrbands_y55_64,1997,72.227
tto,sex_f,age_10yrbands_y55_64,1998,71.91
tto,sex_f,age_10yrbands_y55_64,1999,75.565
tto,sex_f,age_10yrbands_y55_64,2000,73.59
tto,sex_f,age_10yrbands_y55_64,2001,73.587
tto,sex_f,age_10yrbands_y55_64,2002,73.548
tto,sex_f,age_10yrbands_y55_64,2003,70.129
tto,sex_f,age_10yrbands_y55_64,2004,66.433
tto,sex_f,age_10yrbands_y55_64,2005,62.466
tto,sex_f,age_10yrbands_y55_64,2006,63.564
tto,sex_f,age_10yrbands_y55_64,2007,63.884
tto,sex_f,age_10yrbands_y55_64,2008,61.752
tto,sex_f,age_10yrbands_y55_64,2009,64.266
tto,sex_f,age_10yrbands_y55_64,2010,62.839
tto,sex_f,age_10yrbands_y55_64,2011,62.766
tto,sex_f,age_10yrbands_y55_64,2012,61.193
tto,sex_f,age_10yrbands_y55_64,2013,60.848
tto,sex_f,age_10yrbands_y55_64,2014,62.685
tto,sex_f,age_10yrbands_y55_64,2015,63.078
tto,sex_f,age_10yrbands_y55_64,2016,60.852
tto,sex_f,age_10yrbands_y55_64,2017,60.267
tto,sex_f,age_10yrbands_y55_64,2018,59.391
tto,sex_f,age_10yrbands_y55_64,2019,59.028
tto,sex_f,age_10yrbands_y55_64,2020,58.858
tto,sex_f,age_10yrbands_y55_64,2021,58.864
tto,sex_f,age_10yrbands_y55_64,2022,59.074
tto,sex_f,age_10yrbands_y55_64,2023,59.357
tto,sex_f,age_10yrbands_y55_64,2024,59.496
tto,sex_f,age_10yrbands_y55_64,2025,59.356
tto,sex_f,age_10yrbands_y55_64,2026,58.953
tto,sex_f,age_10yrbands_y55_64,2027,58.26
tto,sex_f,age_10yrbands_y55_64,2028,57.383
tto,sex_f,age_10yrbands_y55_64,2029,56.525
tto,sex_f,age_10yrbands_y55_64,2030,55.822
tto,sex_f,age_10yrbands_yge65,1990,95.7
tto,sex_f,age_10yrbands_yge65,1991,94.934
tto,sex_f,age_10yrbands_yge65,1992,94.04
tto,sex_f,age_10yrbands_yge65,1993,93
tto,sex_f,age_10yrbands_yge65,1994,93.101
tto,sex_f,age_10yrbands_yge65,1995,93.2
tto,sex_f,age_10yrbands_yge65,1996,92.61
tto,sex_f,age_10yrbands_yge65,1997,94.085
tto,sex_f,age_10yrbands_yge65,1998,95.28
tto,sex_f,age_10yrbands_yge65,1999,94.58
tto,sex_f,age_10yrbands_yge65,2000,93.94
tto,sex_f,age_10yrbands_yge65,2001,94.499
tto,sex_f,age_10yrbands_yge65,2002,95.01
tto,sex_f,age_10yrbands_yge65,2003,95.06
tto,sex_f,age_10yrbands_yge65,2004,95.11
tto,sex_f,age_10yrbands_yge65,2005,95.16
tto,sex_f,age_10yrbands_yge65,2006,94.49
tto,sex_f,age_10yrbands_yge65,2007,94.73
tto,sex_f,age_10yrbands_yge65,2008,94.39
tto,sex_f,age_10yrbands_yge65,2009,93.964
tto,sex_f,age_10yrbands_yge65,2010,93.057
tto,sex_f,age_10yrbands_yge65,2011,95.158
tto,sex_f,age_10yrbands_yge65,2012,94.946
tto,sex_f,age_10yrbands_yge65,2013,95.954
tto,sex_f,age_10yrbands_yge65,2014,94.807
tto,sex_f,age_10yrbands_yge65,2015,95.399
tto,sex_f,age_10yrbands_yge65,2016,94.88
tto,sex_f,age_10yrbands_yge65,2017,94.854
tto,sex_f,age_10yrbands_yge65,2018,94.748
tto,sex_f,age_10yrbands_yge65,2019,94.766
tto,sex_f,age_10yrbands_yge65,2020,94.783
tto,sex_f,age_10yrbands_yge65,2021,94.8
tto,sex_f,age_10yrbands_yge65,2022,94.817
tto,sex_f,age_10yrbands_yge65,2023,94.834
tto,sex_f,age_10yrbands_yge65,2024,94.851
tto,sex_f,age_10yrbands_yge65,2025,94.868
tto,sex_f,age_10yrbands_yge65,2026,94.886
tto,sex_f,age_10yrbands_yge65,2027,94.903
tto,sex_f,age_10yrbands_yge65,2028,94.92
tto,sex_f,age_10yrbands_yge65,2029,94.937
tto,sex_f,age_10yrbands_yge65,2030,94.954
tto,sex_f,age_5yrbands_total,1990,61.361
tto,sex_f,age_5yrbands_total,1991,59.873
tto,sex_f,age_5yrbands_total,1992,58.329
tto,sex_f,age_5yrbands_total,1993,56.746
tto,sex_f,age_5yrbands_total,1994,55.887
tto,sex_f,age_5yrbands_total,1995,55.115
tto,sex_f,age_5yrbands_total,1996,53.041
tto,sex_f,age_5yrbands_total,1997,53.075
tto,sex_f,age_5yrbands_total,1998,53.122
tto,sex_f,age_5yrbands_total,1999,53.167
tto,sex_f,age_5yrbands_total,2000,53.472
tto,sex_f,age_5yrbands_total,2001,52.924
tto,sex_f,age_5yrbands_total,2002,52.301
tto,sex_f,age_5yrbands_total,2003,50.318
tto,sex_f,age_5yrbands_total,2004,48.364
tto,sex_f,age_5yrbands_total,2005,46.457
tto,sex_f,age_5yrbands_total,2006,46.323
tto,sex_f,age_5yrbands_total,2007,47.55
tto,sex_f,age_5yrbands_total,2008,46.882
tto,sex_f,age_5yrbands_total,2009,48.298
tto,sex_f,age_5yrbands_total,2010,48.941
tto,sex_f,age_5yrbands_total,2011,49.641
tto,sex_f,age_5yrbands_total,2012,48.39
tto,sex_f,age_5yrbands_total,2013,48.159
tto,sex_f,age_5yrbands_total,2014,47.816
tto,sex_f,age_5yrbands_total,2015,49.237
tto,sex_f,age_5yrbands_total,2016,48.901
tto,sex_f,age_5yrbands_total,2017,49.448
tto,sex_f,age_5yrbands_total,2018,49.721
tto,sex_f,age_5yrbands_total,2019,49.938
tto,sex_f,age_5yrbands_total,2020,50.193
tto,sex_f,age_5yrbands_total,2021,50.466
tto,sex_f,age_5yrbands_total,2022,50.771
tto,sex_f,age_5yrbands_total,2023,51.092
tto,sex_f,age_5yrbands_total,2024,51.398
tto,sex_f,age_5yrbands_total,2025,51.674
tto,sex_f,age_5yrbands_total,2026,51.895
tto,sex_f,age_5yrbands_total,2027,52.081
tto,sex_f,age_5yrbands_total,2028,52.237
tto,sex_f,age_5yrbands_total,2029,52.366
tto,sex_f,age_5yrbands_total,2030,52.474
tto,sex_f,age_5yrbands_y15_19,1990,77.66
tto,sex_f,age_5yrbands_y15_19,1991,78.472
tto,sex_f,age_5yrbands_y15_19,1992,79.262
tto,sex_f,age_5yrbands_y15_19,1993,80.03
tto,sex_f,age_5yrbands_y15_19,1994,79.417
tto,sex_f,age_5yrbands_y15_19,1995,78.79
tto,sex_f,age_5yrbands_y15_19,1996,76.78
tto,sex_f,age_5yrbands_y15_19,1997,77.662
tto,sex_f,age_5yrbands_y15_19,1998,78.52
tto,sex_f,age_5yrbands_y15_19,1999,79.27
tto,sex_f,age_5yrbands_y15_19,2000,79.17
tto,sex_f,age_5yrbands_y15_19,2001,79.715
tto,sex_f,age_5yrbands_y15_19,2002,80.25
tto,sex_f,age_5yrbands_y15_19,2003,79.676
tto,sex_f,age_5yrbands_y15_19,2004,79.089
tto,sex_f,age_5yrbands_y15_19,2005,78.49
tto,sex_f,age_5yrbands_y15_19,2006,78.37
tto,sex_f,age_5yrbands_y15_19,2007,80.15
tto,sex_f,age_5yrbands_y15_19,2008,80.81
tto,sex_f,age_5yrbands_y15_19,2009,84.2
tto,sex_f,age_5yrbands_y15_19,2010,84.963
tto,sex_f,age_5yrbands_y15_19,2011,88.307
tto,sex_f,age_5yrbands_y15_19,2012,85.43
tto,sex_f,age_5yrbands_y15_19,2013,87.649
tto,sex_f,age_5yrbands_y15_19,2014,87.123
tto,sex_f,age_5yrbands_y15_19,2015,87.483
tto,sex_f,age_5yrbands_y15_19,2016,88.013
tto,sex_f,age_5yrbands_y15_19,2017,88.831
tto,sex_f,age_5yrbands_y15_19,2018,89.406
tto,sex_f,age_5yrbands_y15_19,2019,89.659
tto,sex_f,age_5yrbands_y15_19,2020,89.912
tto,sex_f,age_5yrbands_y15_19,2021,90.165
tto,sex_f,age_5yrbands_y15_19,2022,90.418
tto,sex_f,age_5yrbands_y15_19,2023,90.671
tto,sex_f,age_5yrbands_y15_19,2024,90.924
tto,sex_f,age_5yrbands_y15_19,2025,91.178
tto,sex_f,age_5yrbands_y15_19,2026,91.431
tto,sex_f,age_5yrbands_y15_19,2027,91.684
tto,sex_f,age_5yrbands_y15_19,2028,91.937
tto,sex_f,age_5yrbands_y15_19,2029,92.19
tto,sex_f,age_5yrbands_y15_19,2030,92.443
tto,sex_f,age_5yrbands_y20_24,1990,48.18
tto,sex_f,age_5yrbands_y20_24,1991,45.978
tto,sex_f,age_5yrbands_y20_24,1992,43.792
tto,sex_f,age_5yrbands_y20_24,1993,41.63
tto,sex_f,age_5yrbands_y20_24,1994,39.969
tto,sex_f,age_5yrbands_y20_24,1995,38.33
tto,sex_f,age_5yrbands_y20_24,1996,34.77
tto,sex_f,age_5yrbands_y20_24,1997,34.82
tto,sex_f,age_5yrbands_y20_24,1998,34.87
tto,sex_f,age_5yrbands_y20_24,1999,33.72
tto,sex_f,age_5yrbands_y20_24,2000,33.21
tto,sex_f,age_5yrbands_y20_24,2001,33.06
tto,sex_f,age_5yrbands_y20_24,2002,32.91
tto,sex_f,age_5yrbands_y20_24,2003,32.12
tto,sex_f,age_5yrbands_y20_24,2004,31.34
tto,sex_f,age_5yrbands_y20_24,2005,30.57
tto,sex_f,age_5yrbands_y20_24,2006,29.59
tto,sex_f,age_5yrbands_y20_24,2007,32.19
tto,sex_f,age_5yrbands_y20_24,2008,34.63
tto,sex_f,age_5yrbands_y20_24,2009,36.9
tto,sex_f,age_5yrbands_y20_24,2010,43.901
tto,sex_f,age_5yrbands_y20_24,2011,41.733
tto,sex_f,age_5yrbands_y20_24,2012,43.366
tto,sex_f,age_5yrbands_y20_24,2013,40.29
tto,sex_f,age_5yrbands_y20_24,2014,43.705
tto,sex_f,age_5yrbands_y20_24,2015,44.3
tto,sex_f,age_5yrbands_y20_24,2016,43.975
tto,sex_f,age_5yrbands_y20_24,2017,45.603
tto,sex_f,age_5yrbands_y20_24,2018,46.714
tto,sex_f,age_5yrbands_y20_24,2019,47.015
tto,sex_f,age_5yrbands_y20_24,2020,47.315
tto,sex_f,age_5yrbands_y20_24,2021,47.615
tto,sex_f,age_5yrbands_y20_24,2022,47.915
tto,sex_f,age_5yrbands_y20_24,2023,48.215
tto,sex_f,age_5yrbands_y20_24,2024,48.516
tto,sex_f,age_5yrbands_y20_24,2025,48.816
tto,sex_f,age_5yrbands_y20_24,2026,49.116
tto,sex_f,age_5yrbands_y20_24,2027,49.416
tto,sex_f,age_5yrbands_y20_24,2028,49.716
tto,sex_f,age_5yrbands_y20_24,2029,50.017
tto,sex_f,age_5yrbands_y20_24,2030,50.317
tto,sex_f,age_5yrbands_y25_29,1990,48.82
tto,sex_f,age_5yrbands_y25_29,1991,47.674
tto,sex_f,age_5yrbands_y25_29,1992,46.53
tto,sex_f,age_5yrbands_y25_29,1993,45.39
tto,sex_f,age_5yrbands_y25_29,1994,42.821
tto,sex_f,age_5yrbands_y25_29,1995,40.29
tto,sex_f,age_5yrbands_y25_29,1996,36.47
tto,sex_f,age_5yrbands_y25_29,1997,35.067
tto,sex_f,age_5yrbands_y25_29,1998,33.69
tto,sex_f,age_5yrbands_y25_29,1999,33.19
tto,sex_f,age_5yrbands_y25_29,2000,36.32
tto,sex_f,age_5yrbands_y25_29,2001,34.168
tto,sex_f,age_5yrbands_y25_29,2002,32.08
tto,sex_f,age_5yrbands_y25_29,2003,28.901
tto,sex_f,age_5yrbands_y25_29,2004,25.916
tto,sex_f,age_5yrbands_y25_29,2005,23.14
tto,sex_f,age_5yrbands_y25_29,2006,23.99
tto,sex_f,age_5yrbands_y25_29,2007,27.49
tto,sex_f,age_5yrbands_y25_29,2008,26.85
tto,sex_f,age_5yrbands_y25_29,2009,28.4
tto,sex_f,age_5yrbands_y25_29,2010,27.774
tto,sex_f,age_5yrbands_y25_29,2011,29.844
tto,sex_f,age_5yrbands_y25_29,2012,25.787
tto,sex_f,age_5yrbands_y25_29,2013,28.528
tto,sex_f,age_5yrbands_y25_29,2014,23.505
tto,sex_f,age_5yrbands_y25_29,2015,30.219
tto,sex_f,age_5yrbands_y25_29,2016,30.661
tto,sex_f,age_5yrbands_y25_29,2017,31.399
tto,sex_f,age_5yrbands_y25_29,2018,31.655
tto,sex_f,age_5yrbands_y25_29,2019,31.56
tto,sex_f,age_5yrbands_y25_29,2020,31.466
tto,sex_f,age_5yrbands_y25_29,2021,31.371
tto,sex_f,age_5yrbands_y25_29,2022,31.276
tto,sex_f,age_5yrbands_y25_29,2023,31.181
tto,sex_f,age_5yrbands_y25_29,2024,31.086
tto,sex_f,age_5yrbands_y25_29,2025,30.991
tto,sex_f,age_5yrbands_y25_29,2026,30.896
tto,sex_f,age_5yrbands_y25_29,2027,30.801
tto,sex_f,age_5yrbands_y25_29,2028,30.706
tto,sex_f,age_5yrbands_y25_29,2029,30.611
tto,sex_f,age_5yrbands_y25_29,2030,30.517
tto,sex_f,age_5yrbands_y30_34,1990,49.59
tto,sex_f,age_5yrbands_y30_34,1991,46.733
tto,sex_f,age_5yrbands_y30_34,1992,43.897
tto,sex_f,age_5yrbands_y30_34,1993,41.1
tto,sex_f,age_5yrbands_y30_34,1994,41.704
tto,sex_f,age_5yrbands_y30_34,1995,42.31
tto,sex_f,age_5yrbands_y30_34,1996,37.6
tto,sex_f,age_5yrbands_y30_34,1997,36.392
tto,sex_f,age_5yrbands_y30_34,1998,35.2
tto,sex_f,age_5yrbands_y30_34,1999,36.3
tto,sex_f,age_5yrbands_y30_34,2000,37.85
tto,sex_f,age_5yrbands_y30_34,2001,35.753
tto,sex_f,age_5yrbands_y30_34,2002,33.71
tto,sex_f,age_5yrbands_y30_34,2003,31.194
tto,sex_f,age_5yrbands_y30_34,2004,28.785
tto,sex_f,age_5yrbands_y30_34,2005,26.49
tto,sex_f,age_5yrbands_y30_34,2006,26.98
tto,sex_f,age_5yrbands_y30_34,2007,30.26
tto,sex_f,age_5yrbands_y30_34,2008,28.35
tto,sex_f,age_5yrbands_y30_34,2009,29.2
tto,sex_f,age_5yrbands_y30_34,2010,27.611
tto,sex_f,age_5yrbands_y30_34,2011,30.538
tto,sex_f,age_5yrbands_y30_34,2012,27.798
tto,sex_f,age_5yrbands_y30_34,2013,26.654
tto,sex_f,age_5yrbands_y30_34,2014,24.503
tto,sex_f,age_5yrbands_y30_34,2015,26.785
tto,sex_f,age_5yrbands_y30_34,2016,24.638
tto,sex_f,age_5yrbands_y30_34,2017,24.847
tto,sex_f,age_5yrbands_y30_34,2018,24.728
tto,sex_f,age_5yrbands_y30_34,2019,24.507
tto,sex_f,age_5yrbands_y30_34,2020,24.286
tto,sex_f,age_5yrbands_y30_34,2021,24.065
tto,sex_f,age_5yrbands_y30_34,2022,23.844
tto,sex_f,age_5yrbands_y30_34,2023,23.623
tto,sex_f,age_5yrbands_y30_34,2024,23.403
tto,sex_f,age_5yrbands_y30_34,2025,23.182
tto,sex_f,age_5yrbands_y30_34,2026,22.961
tto,sex_f,age_5yrbands_y30_34,2027,22.74
tto,sex_f,age_5yrbands_y30_34,2028,22.519
tto,sex_f,age_5yrbands_y30_34,2029,22.298
tto,sex_f,age_5yrbands_y30_34,2030,22.077
tto,sex_f,age_5yrbands_y35_39,1990,49.28
tto,sex_f,age_5yrbands_y35_39,1991,47.512
tto,sex_f,age_5yrbands_y35_39,1992,45.751
tto,sex_f,age_5yrbands_y35_39,1993,44
tto,sex_f,age_5yrbands_y35_39,1994,42.24
tto,sex_f,age_5yrbands_y35_39,1995,40.5
tto,sex_f,age_5yrbands_y35_39,1996,36.65
tto,sex_f,age_5yrbands_y35_39,1997,36.46
tto,sex_f,age_5yrbands_y35_39,1998,36.27
tto,sex_f,age_5yrbands_y35_39,1999,35.04
tto,sex_f,age_5yrbands_y35_39,2000,36.47
tto,sex_f,age_5yrbands_y35_39,2001,36.66
tto,sex_f,age_5yrbands_y35_39,2002,36.85
tto,sex_f,age_5yrbands_y35_39,2003,34.223
tto,sex_f,age_5yrbands_y35_39,2004,31.689
tto,sex_f,age_5yrbands_y35_39,2005,29.26
tto,sex_f,age_5yrbands_y35_39,2006,28.78
tto,sex_f,age_5yrbands_y35_39,2007,26.12
tto,sex_f,age_5yrbands_y35_39,2008,25.88
tto,sex_f,age_5yrbands_y35_39,2009,29.1
tto,sex_f,age_5yrbands_y35_39,2010,28.999
tto,sex_f,age_5yrbands_y35_39,2011,29.593
tto,sex_f,age_5yrbands_y35_39,2012,27.648
tto,sex_f,age_5yrbands_y35_39,2013,26.24
tto,sex_f,age_5yrbands_y35_39,2014,24.751
tto,sex_f,age_5yrbands_y35_39,2015,25.783
tto,sex_f,age_5yrbands_y35_39,2016,25.824
tto,sex_f,age_5yrbands_y35_39,2017,26.27
tto,sex_f,age_5yrbands_y35_39,2018,26.315
tto,sex_f,age_5yrbands_y35_39,2019,26.035
tto,sex_f,age_5yrbands_y35_39,2020,25.755
tto,sex_f,age_5yrbands_y35_39,2021,25.476
tto,sex_f,age_5yrbands_y35_39,2022,25.196
tto,sex_f,age_5yrbands_y35_39,2023,24.916
tto,sex_f,age_5yrbands_y35_39,2024,24.637
tto,sex_f,age_5yrbands_y35_39,2025,24.357
tto,sex_f,age_5yrbands_y35_39,2026,24.077
tto,sex_f,age_5yrbands_y35_39,2027,23.797
tto,sex_f,age_5yrbands_y35_39,2028,23.518
tto,sex_f,age_5yrbands_y35_39,2029,23.238
tto,sex_f,age_5yrbands_y35_39,2030,22.958
tto,sex_f,age_5yrbands_y40_44,1990,55.79
tto,sex_f,age_5yrbands_y40_44,1991,51.813
tto,sex_f,age_5yrbands_y40_44,1992,47.812
tto,sex_f,age_5yrbands_y40_44,1993,43.84
tto,sex_f,age_5yrbands_y40_44,1994,40.99
tto,sex_f,age_5yrbands_y40_44,1995,38.2
tto,sex_f,age_5yrbands_y40_44,1996,40.1
tto,sex_f,age_5yrbands_y40_44,1997,39.408
tto,sex_f,age_5yrbands_y40_44,1998,38.72
tto,sex_f,age_5yrbands_y40_44,1999,39.55
tto,sex_f,age_5yrbands_y40_44,2000,39.23
tto,sex_f,age_5yrbands_y40_44,2001,37.484
tto,sex_f,age_5yrbands_y40_44,2002,35.77
tto,sex_f,age_5yrbands_y40_44,2003,35.121
tto,sex_f,age_5yrbands_y40_44,2004,34.478
tto,sex_f,age_5yrbands_y40_44,2005,33.84
tto,sex_f,age_5yrbands_y40_44,2006,29.71
tto,sex_f,age_5yrbands_y40_44,2007,31.91
tto,sex_f,age_5yrbands_y40_44,2008,29.95
tto,sex_f,age_5yrbands_y40_44,2009,29.4
tto,sex_f,age_5yrbands_y40_44,2010,30.022
tto,sex_f,age_5yrbands_y40_44,2011,29.82
tto,sex_f,age_5yrbands_y40_44,2012,28.205
tto,sex_f,age_5yrbands_y40_44,2013,27.897
tto,sex_f,age_5yrbands_y40_44,2014,26.956
tto,sex_f,age_5yrbands_y40_44,2015,31.097
tto,sex_f,age_5yrbands_y40_44,2016,34.006
tto,sex_f,age_5yrbands_y40_44,2017,34.256
tto,sex_f,age_5yrbands_y40_44,2018,34.234
tto,sex_f,age_5yrbands_y40_44,2019,33.903
tto,sex_f,age_5yrbands_y40_44,2020,33.572
tto,sex_f,age_5yrbands_y40_44,2021,33.241
tto,sex_f,age_5yrbands_y40_44,2022,32.911
tto,sex_f,age_5yrbands_y40_44,2023,32.58
tto,sex_f,age_5yrbands_y40_44,2024,32.249
tto,sex_f,age_5yrbands_y40_44,2025,31.919
tto,sex_f,age_5yrbands_y40_44,2026,31.588
tto,sex_f,age_5yrbands_y40_44,2027,31.257
tto,sex_f,age_5yrbands_y40_44,2028,30.926
tto,sex_f,age_5yrbands_y40_44,2029,30.596
tto,sex_f,age_5yrbands_y40_44,2030,30.265
tto,sex_f,age_5yrbands_y45_49,1990,51.93
tto,sex_f,age_5yrbands_y45_49,1991,50.714
tto,sex_f,age_5yrbands_y45_49,1992,49.497
tto,sex_f,age_5yrbands_y45_49,1993,48.28
tto,sex_f,age_5yrbands_y45_49,1994,48.45
tto,sex_f,age_5yrbands_y45_49,1995,48.62
tto,sex_f,age_5yrbands_y45_49,1996,46.03
tto,sex_f,age_5yrbands_y45_49,1997,45.189
tto,sex_f,age_5yrbands_y45_49,1998,44.35
tto,sex_f,age_5yrbands_y45_49,1999,42.24
tto,sex_f,age_5yrbands_y45_49,2000,42.97
tto,sex_f,age_5yrbands_y45_49,2001,42.258
tto,sex_f,age_5yrbands_y45_49,2002,41.55
tto,sex_f,age_5yrbands_y45_49,2003,38.987
tto,sex_f,age_5yrbands_y45_49,2004,36.483
tto,sex_f,age_5yrbands_y45_49,2005,34.05
tto,sex_f,age_5yrbands_y45_49,2006,34.86
tto,sex_f,age_5yrbands_y45_49,2007,34.72
tto,sex_f,age_5yrbands_y45_49,2008,33.85
tto,sex_f,age_5yrbands_y45_49,2009,33
tto,sex_f,age_5yrbands_y45_49,2010,37.505
tto,sex_f,age_5yrbands_y45_49,2011,36.165
tto,sex_f,age_5yrbands_y45_49,2012,37.437
tto,sex_f,age_5yrbands_y45_49,2013,34.098
tto,sex_f,age_5yrbands_y45_49,2014,33.211
tto,sex_f,age_5yrbands_y45_49,2015,32.787
tto,sex_f,age_5yrbands_y45_49,2016,30.806
tto,sex_f,age_5yrbands_y45_49,2017,30.665
tto,sex_f,age_5yrbands_y45_49,2018,30.298
tto,sex_f,age_5yrbands_y45_49,2019,30.08
tto,sex_f,age_5yrbands_y45_49,2020,29.861
tto,sex_f,age_5yrbands_y45_49,2021,29.643
tto,sex_f,age_5yrbands_y45_49,2022,29.424
tto,sex_f,age_5yrbands_y45_49,2023,29.206
tto,sex_f,age_5yrbands_y45_49,2024,28.988
tto,sex_f,age_5yrbands_y45_49,2025,28.769
tto,sex_f,age_5yrbands_y45_49,2026,28.551
tto,sex_f,age_5yrbands_y45_49,2027,28.332
tto,sex_f,age_5yrbands_y45_49,2028,28.114
tto,sex_f,age_5yrbands_y45_49,2029,27.896
tto,sex_f,age_5yrbands_y45_49,2030,27.677
tto,sex_f,age_5yrbands_y50_54,1990,60.89
tto,sex_f,age_5yrbands_y50_54,1991,58.946
tto,sex_f,age_5yrbands_y50_54,1992,56.974
tto,sex_f,age_5yrbands_y50_54,1993,54.98
tto,sex_f,age_5yrbands_y50_54,1994,55.907
tto,sex_f,age_5yrbands_y50_54,1995,56.83
tto,sex_f,age_5yrbands_y50_54,1996,57.04
tto,sex_f,age_5yrbands_y50_54,1997,57.015
tto,sex_f,age_5yrbands_y50_54,1998,56.99
tto,sex_f,age_5yrbands_y50_54,1999,53
tto,sex_f,age_5yrbands_y50_54,2000,50.64
tto,sex_f,age_5yrbands_y50_54,2001,50.25
tto,sex_f,age_5yrbands_y50_54,2002,49.86
tto,sex_f,age_5yrbands_y50_54,2003,46.193
tto,sex_f,age_5yrbands_y50_54,2004,42.568
tto,sex_f,age_5yrbands_y50_54,2005,39.02
tto,sex_f,age_5yrbands_y50_54,2006,43.5
tto,sex_f,age_5yrbands_y50_54,2007,44.17
tto,sex_f,age_5yrbands_y50_54,2008,41.69
tto,sex_f,age_5yrbands_y50_54,2009,44
tto,sex_f,age_5yrbands_y50_54,2010,41.514
tto,sex_f,age_5yrbands_y50_54,2011,40.75
tto,sex_f,age_5yrbands_y50_54,2012,40.271
tto,sex_f,age_5yrbands_y50_54,2013,39.923
tto,sex_f,age_5yrbands_y50_54,2014,42.522
tto,sex_f,age_5yrbands_y50_54,2015,38.215
tto,sex_f,age_5yrbands_y50_54,2016,36.96
tto,sex_f,age_5yrbands_y50_54,2017,36.784
tto,sex_f,age_5yrbands_y50_54,2018,36.288
tto,sex_f,age_5yrbands_y50_54,2019,35.956
tto,sex_f,age_5yrbands_y50_54,2020,35.624
tto,sex_f,age_5yrbands_y50_54,2021,35.292
tto,sex_f,age_5yrbands_y50_54,2022,34.96
tto,sex_f,age_5yrbands_y50_54,2023,34.628
tto,sex_f,age_5yrbands_y50_54,2024,34.296
tto,sex_f,age_5yrbands_y50_54,2025,33.964
tto,sex_f,age_5yrbands_y50_54,2026,33.632
tto,sex_f,age_5yrbands_y50_54,2027,33.3
tto,sex_f,age_5yrbands_y50_54,2028,32.968
tto,sex_f,age_5yrbands_y50_54,2029,32.636
tto,sex_f,age_5yrbands_y50_54,2030,32.304
tto,sex_f,age_5yrbands_y55_59,1990,76.19
tto,sex_f,age_5yrbands_y55_59,1991,73.034
tto,sex_f,age_5yrbands_y55_59,1992,69.627
tto,sex_f,age_5yrbands_y55_59,1993,65.99
tto,sex_f,age_5yrbands_y55_59,1994,66.14
tto,sex_f,age_5yrbands_y55_59,1995,66.29
tto,sex_f,age_5yrbands_y55_59,1996,64.77
tto,sex_f,age_5yrbands_y55_59,1997,64.645
tto,sex_f,age_5yrbands_y55_59,1998,64.52
tto,sex_f,age_5yrbands_y55_59,1999,67.56
tto,sex_f,age_5yrbands_y55_59,2000,66.67
tto,sex_f,age_5yrbands_y55_59,2001,65.259
tto,sex_f,age_5yrbands_y55_59,2002,63.82
tto,sex_f,age_5yrbands_y55_59,2003,59.727
tto,sex_f,age_5yrbands_y55_59,2004,55.494
tto,sex_f,age_5yrbands_y55_59,2005,51.18
tto,sex_f,age_5yrbands_y55_59,2006,51.41
tto,sex_f,age_5yrbands_y55_59,2007,53.26
tto,sex_f,age_5yrbands_y55_59,2008,51.37
tto,sex_f,age_5yrbands_y55_59,2009,52.8
tto,sex_f,age_5yrbands_y55_59,2010,50.075
tto,sex_f,age_5yrbands_y55_59,2011,49.709
tto,sex_f,age_5yrbands_y55_59,2012,48.443
tto,sex_f,age_5yrbands_y55_59,2013,48.082
tto,sex_f,age_5yrbands_y55_59,2014,50.633
tto,sex_f,age_5yrbands_y55_59,2015,50.252
tto,sex_f,age_5yrbands_y55_59,2016,47.309
tto,sex_f,age_5yrbands_y55_59,2017,46.905
tto,sex_f,age_5yrbands_y55_59,2018,46.153
tto,sex_f,age_5yrbands_y55_59,2019,45.662
tto,sex_f,age_5yrbands_y55_59,2020,45.17
tto,sex_f,age_5yrbands_y55_59,2021,44.679
tto,sex_f,age_5yrbands_y55_59,2022,44.187
tto,sex_f,age_5yrbands_y55_59,2023,43.696
tto,sex_f,age_5yrbands_y55_59,2024,43.204
tto,sex_f,age_5yrbands_y55_59,2025,42.713
tto,sex_f,age_5yrbands_y55_59,2026,42.221
tto,sex_f,age_5yrbands_y55_59,2027,41.73
tto,sex_f,age_5yrbands_y55_59,2028,41.239
tto,sex_f,age_5yrbands_y55_59,2029,40.747
tto,sex_f,age_5yrbands_y55_59,2030,40.256
tto,sex_f,age_5yrbands_y60_64,1990,82.76
tto,sex_f,age_5yrbands_y60_64,1991,83.661
tto,sex_f,age_5yrbands_y60_64,1992,84.525
tto,sex_f,age_5yrbands_y60_64,1993,85.35
tto,sex_f,age_5yrbands_y60_64,1994,83.841
tto,sex_f,age_5yrbands_y60_64,1995,82.21
tto,sex_f,age_5yrbands_y60_64,1996,82.25
tto,sex_f,age_5yrbands_y60_64,1997,81.79
tto,sex_f,age_5yrbands_y60_64,1998,81.32
tto,sex_f,age_5yrbands_y60_64,1999,85.8
tto,sex_f,age_5yrbands_y60_64,2000,82.42
tto,sex_f,age_5yrbands_y60_64,2001,84.134
tto,sex_f,age_5yrbands_y60_64,2002,85.71
tto,sex_f,age_5yrbands_y60_64,2003,82.959
tto,sex_f,age_5yrbands_y60_64,2004,79.803
tto,sex_f,age_5yrbands_y60_64,2005,76.23
tto,sex_f,age_5yrbands_y60_64,2006,78.45
tto,sex_f,age_5yrbands_y60_64,2007,77.02
tto,sex_f,age_5yrbands_y60_64,2008,74.73
tto,sex_f,age_5yrbands_y60_64,2009,78.7
tto,sex_f,age_5yrbands_y60_64,2010,78.915
tto,sex_f,age_5yrbands_y60_64,2011,79.125
tto,sex_f,age_5yrbands_y60_64,2012,76.979
tto,sex_f,age_5yrbands_y60_64,2013,76.441
tto,sex_f,age_5yrbands_y60_64,2014,77.291
tto,sex_f,age_5yrbands_y60_64,2015,78.626
tto,sex_f,age_5yrbands_y60_64,2016,77.403
tto,sex_f,age_5yrbands_y60_64,2017,76.885
tto,sex_f,age_5yrbands_y60_64,2018,76.11
tto,sex_f,age_5yrbands_y60_64,2019,75.853
tto,sex_f,age_5yrbands_y60_64,2020,75.596
tto,sex_f,age_5yrbands_y60_64,2021,75.339
tto,sex_f,age_5yrbands_y60_64,2022,75.082
tto,sex_f,age_5yrbands_y60_64,2023,74.825
tto,sex_f,age_5yrbands_y60_64,2024,74.568
tto,sex_f,age_5yrbands_y60_64,2025,74.312
tto,sex_f,age_5yrbands_y60_64,2026,74.055
tto,sex_f,age_5yrbands_y60_64,2027,73.798
tto,sex_f,age_5yrbands_y60_64,2028,73.541
tto,sex_f,age_5yrbands_y60_64,2029,73.284
tto,sex_f,age_5yrbands_y60_64,2030,73.027
tto,sex_f,age_5yrbands_yge65,1990,95.7
tto,sex_f,age_5yrbands_yge65,1991,94.934
tto,sex_f,age_5yrbands_yge65,1992,94.04
tto,sex_f,age_5yrbands_yge65,1993,93
tto,sex_f,age_5yrbands_yge65,1994,93.101
tto,sex_f,age_5yrbands_yge65,1995,93.2
tto,sex_f,age_5yrbands_yge65,1996,92.61
tto,sex_f,age_5yrbands_yge65,1997,94.085
tto,sex_f,age_5yrbands_yge65,1998,95.28
tto,sex_f,age_5yrbands_yge65,1999,94.58
tto,sex_f,age_5yrbands_yge65,2000,93.94
tto,sex_f,age_5yrbands_yge65,2001,94.499
tto,sex_f,age_5yrbands_yge65,2002,95.01
tto,sex_f,age_5yrbands_yge65,2003,95.06
tto,sex_f,age_5yrbands_yge65,2004,95.11
tto,sex_f,age_5yrbands_yge65,2005,95.16
tto,sex_f,age_5yrbands_yge65,2006,94.49
tto,sex_f,age_5yrbands_yge65,2007,94.73
tto,sex_f,age_5yrbands_yge65,2008,94.39
tto,sex_f,age_5yrbands_yge65,2009,93.964
tto,sex_f,age_5yrbands_yge65,2010,93.057
tto,sex_f,age_5yrbands_yge65,2011,95.158
tto,sex_f,age_5yrbands_yge65,2012,94.946
tto,sex_f,age_5yrbands_yge65,2013,95.954
tto,sex_f,age_5yrbands_yge65,2014,94.807
tto,sex_f,age_5yrbands_yge65,2015,95.399
tto,sex_f,age_5yrbands_yge65,2016,94.88
tto,sex_f,age_5yrbands_yge65,2017,94.854
tto,sex_f,age_5yrbands_yge65,2018,94.748
tto,sex_f,age_5yrbands_yge65,2019,94.766
tto,sex_f,age_5yrbands_yge65,2020,94.783
tto,sex_f,age_5yrbands_yge65,2021,94.8
tto,sex_f,age_5yrbands_yge65,2022,94.817
tto,sex_f,age_5yrbands_yge65,2023,94.834
tto,sex_f,age_5yrbands_yge65,2024,94.851
tto,sex_f,age_5yrbands_yge65,2025,94.868
tto,sex_f,age_5yrbands_yge65,2026,94.886
tto,sex_f,age_5yrbands_yge65,2027,94.903
tto,sex_f,age_5yrbands_yge65,2028,94.92
tto,sex_f,age_5yrbands_yge65,2029,94.937
tto,sex_f,age_5yrbands_yge65,2030,94.954
tto,sex_f,age_aggregate_total,1990,61.361
tto,sex_f,age_aggregate_total,1991,59.873
tto,sex_f,age_aggregate_total,1992,58.329
tto,sex_f,age_aggregate_total,1993,56.746
tto,sex_f,age_aggregate_total,1994,55.887
tto,sex_f,age_aggregate_total,1995,55.115
tto,sex_f,age_aggregate_total,1996,53.041
tto,sex_f,age_aggregate_total,1997,53.075
tto,sex_f,age_aggregate_total,1998,53.122
tto,sex_f,age_aggregate_total,1999,53.167
tto,sex_f,age_aggregate_total,2000,53.472
tto,sex_f,age_aggregate_total,2001,52.924
tto,sex_f,age_aggregate_total,2002,52.301
tto,sex_f,age_aggregate_total,2003,50.318
tto,sex_f,age_aggregate_total,2004,48.364
tto,sex_f,age_aggregate_total,2005,46.457
tto,sex_f,age_aggregate_total,2006,46.323
tto,sex_f,age_aggregate_total,2007,47.55
tto,sex_f,age_aggregate_total,2008,46.882
tto,sex_f,age_aggregate_total,2009,48.298
tto,sex_f,age_aggregate_total,2010,48.941
tto,sex_f,age_aggregate_total,2011,49.641
tto,sex_f,age_aggregate_total,2012,48.39
tto,sex_f,age_aggregate_total,2013,48.159
tto,sex_f,age_aggregate_total,2014,47.816
tto,sex_f,age_aggregate_total,2015,49.237
tto,sex_f,age_aggregate_total,2016,48.901
tto,sex_f,age_aggregate_total,2017,49.448
tto,sex_f,age_aggregate_total,2018,49.721
tto,sex_f,age_aggregate_total,2019,49.938
tto,sex_f,age_aggregate_total,2020,50.193
tto,sex_f,age_aggregate_total,2021,50.466
tto,sex_f,age_aggregate_total,2022,50.771
tto,sex_f,age_aggregate_total,2023,51.092
tto,sex_f,age_aggregate_total,2024,51.398
tto,sex_f,age_aggregate_total,2025,51.674
tto,sex_f,age_aggregate_total,2026,51.895
tto,sex_f,age_aggregate_total,2027,52.081
tto,sex_f,age_aggregate_total,2028,52.237
tto,sex_f,age_aggregate_total,2029,52.366
tto,sex_f,age_aggregate_total,2030,52.474
tto,sex_f,age_aggregate_y15_24,1990,63.628
tto,sex_f,age_aggregate_y15_24,1991,63.162
tto,sex_f,age_aggregate_y15_24,1992,62.569
tto,sex_f,age_aggregate_y15_24,1993,61.897
tto,sex_f,age_aggregate_y15_24,1994,60.797
tto,sex_f,age_aggregate_y15_24,1995,59.858
tto,sex_f,age_aggregate_y15_24,1996,57.377
tto,sex_f,age_aggregate_y15_24,1997,58.295
tto,sex_f,age_aggregate_y15_24,1998,59.224
tto,sex_f,age_aggregate_y15_24,1999,59.365
tto,sex_f,age_aggregate_y15_24,2000,58.972
tto,sex_f,age_aggregate_y15_24,2001,58.701
tto,sex_f,age_aggregate_y15_24,2002,58.112
tto,sex_f,age_aggregate_y15_24,2003,56.478
tto,sex_f,age_aggregate_y15_24,2004,54.925
tto,sex_f,age_aggregate_y15_24,2005,53.591
tto,sex_f,age_aggregate_y15_24,2006,52.475
tto,sex_f,age_aggregate_y15_24,2007,54.34
tto,sex_f,age_aggregate_y15_24,2008,55.776
tto,sex_f,age_aggregate_y15_24,2009,58.467
tto,sex_f,age_aggregate_y15_24,2010,62.589
tto,sex_f,age_aggregate_y15_24,2011,62.9
tto,sex_f,age_aggregate_y15_24,2012,62.515
tto,sex_f,age_aggregate_y15_24,2013,61.959
tto,sex_f,age_aggregate_y15_24,2014,63.75
tto,sex_f,age_aggregate_y15_24,2015,64.496
tto,sex_f,age_aggregate_y15_24,2016,64.899
tto,sex_f,age_aggregate_y15_24,2017,66.534
tto,sex_f,age_aggregate_y15_24,2018,67.799
tto,sex_f,age_aggregate_y15_24,2019,68.461
tto,sex_f,age_aggregate_y15_24,2020,69.048
tto,sex_f,age_aggregate_y15_24,2021,69.547
tto,sex_f,age_aggregate_y15_24,2022,69.96
tto,sex_f,age_aggregate_y15_24,2023,70.298
tto,sex_f,age_aggregate_y15_24,2024,70.578
tto,sex_f,age_aggregate_y15_24,2025,70.814
tto,sex_f,age_aggregate_y15_24,2026,70.994
tto,sex_f,age_aggregate_y15_24,2027,71.131
tto,sex_f,age_aggregate_y15_24,2028,71.239
tto,sex_f,age_aggregate_y15_24,2029,71.334
tto,sex_f,age_aggregate_y15_24,2030,71.428
tto,sex_f,age_aggregate_y25_54,1990,51.627
tto,sex_f,age_aggregate_y25_54,1991,49.543
tto,sex_f,age_aggregate_y25_54,1992,47.438
tto,sex_f,age_aggregate_y25_54,1993,45.311
tto,sex_f,age_aggregate_y25_54,1994,44.29
tto,sex_f,age_aggregate_y25_54,1995,43.328
tto,sex_f,age_aggregate_y25_54,1996,40.877
tto,sex_f,age_aggregate_y25_54,1997,40.159
tto,sex_f,age_aggregate_y25_54,1998,39.469
tto,sex_f,age_aggregate_y25_54,1999,38.787
tto,sex_f,age_aggregate_y25_54,2000,39.785
tto,sex_f,age_aggregate_y25_54,2001,38.653
tto,sex_f,age_aggregate_y25_54,2002,37.541
tto,sex_f,age_aggregate_y25_54,2003,35.117
tto,sex_f,age_aggregate_y25_54,2004,32.779
tto,sex_f,age_aggregate_y25_54,2005,30.514
tto,sex_f,age_aggregate_y25_54,2006,30.649
tto,sex_f,age_aggregate_y25_54,2007,31.952
tto,sex_f,age_aggregate_y25_54,2008,30.651
tto,sex_f,age_aggregate_y25_54,2009,31.734
tto,sex_f,age_aggregate_y25_54,2010,31.846
tto,sex_f,age_aggregate_y25_54,2011,32.541
tto,sex_f,age_aggregate_y25_54,2012,30.792
tto,sex_f,age_aggregate_y25_54,2013,30.302
tto,sex_f,age_aggregate_y25_54,2014,28.781
tto,sex_f,age_aggregate_y25_54,2015,30.536
tto,sex_f,age_aggregate_y25_54,2016,30.099
tto,sex_f,age_aggregate_y25_54,2017,30.285
tto,sex_f,age_aggregate_y25_54,2018,30.131
tto,sex_f,age_aggregate_y25_54,2019,29.859
tto,sex_f,age_aggregate_y25_54,2020,29.622
tto,sex_f,age_aggregate_y25_54,2021,29.415
tto,sex_f,age_aggregate_y25_54,2022,29.244
tto,sex_f,age_aggregate_y25_54,2023,29.092
tto,sex_f,age_aggregate_y25_54,2024,28.939
tto,sex_f,age_aggregate_y25_54,2025,28.772
tto,sex_f,age_aggregate_y25_54,2026,28.592
tto,sex_f,age_aggregate_y25_54,2027,28.401
tto,sex_f,age_aggregate_y25_54,2028,28.203
tto,sex_f,age_aggregate_y25_54,2029,28.006
tto,sex_f,age_aggregate_y25_54,2030,27.813
tto,sex_f,age_aggregate_y55_64,1990,79.278
tto,sex_f,age_aggregate_y55_64,1991,78.003
tto,sex_f,age_aggregate_y55_64,1992,76.532
tto,sex_f,age_aggregate_y55_64,1993,74.867
tto,sex_f,age_aggregate_y55_64,1994,74.169
tto,sex_f,age_aggregate_y55_64,1995,73.445
tto,sex_f,age_aggregate_y55_64,1996,72.558
tto,sex_f,age_aggregate_y55_64,1997,72.227
tto,sex_f,age_aggregate_y55_64,1998,71.91
tto,sex_f,age_aggregate_y55_64,1999,75.565
tto,sex_f,age_aggregate_y55_64,2000,73.59
tto,sex_f,age_aggregate_y55_64,2001,73.587
tto,sex_f,age_aggregate_y55_64,2002,73.548
tto,sex_f,age_aggregate_y55_64,2003,70.129
tto,sex_f,age_aggregate_y55_64,2004,66.433
tto,sex_f,age_aggregate_y55_64,2005,62.466
tto,sex_f,age_aggregate_y55_64,2006,63.564
tto,sex_f,age_aggregate_y55_64,2007,63.884
tto,sex_f,age_aggregate_y55_64,2008,61.752
tto,sex_f,age_aggregate_y55_64,2009,64.266
tto,sex_f,age_aggregate_y55_64,2010,62.839
tto,sex_f,age_aggregate_y55_64,2011,62.766
tto,sex_f,age_aggregate_y55_64,2012,61.193
tto,sex_f,age_aggregate_y55_64,2013,60.848
tto,sex_f,age_aggregate_y55_64,2014,62.685
tto,sex_f,age_aggregate_y55_64,2015,63.078
tto,sex_f,age_aggregate_y55_64,2016,60.852
tto,sex_f,age_aggregate_y55_64,2017,60.267
tto,sex_f,age_aggregate_y55_64,2018,59.391
tto,sex_f,age_aggregate_y55_64,2019,59.028
tto,sex_f,age_aggregate_y55_64,2020,58.858
tto,sex_f,age_aggregate_y55_64,2021,58.864
tto,sex_f,age_aggregate_y55_64,2022,59.074
tto,sex_f,age_aggregate_y55_64,2023,59.357
tto,sex_f,age_aggregate_y55_64,2024,59.496
tto,sex_f,age_aggregate_y55_64,2025,59.356
tto,sex_f,age_aggregate_y55_64,2026,58.953
tto,sex_f,age_aggregate_y55_64,2027,58.26
tto,sex_f,age_aggregate_y55_64,2028,57.383
tto,sex_f,age_aggregate_y55_64,2029,56.525
tto,sex_f,age_aggregate_y55_64,2030,55.822
tto,sex_f,age_aggregate_yge65,1990,95.7
tto,sex_f,age_aggregate_yge65,1991,94.934
tto,sex_f,age_aggregate_yge65,1992,94.04
tto,sex_f,age_aggregate_yge65,1993,93
tto,sex_f,age_aggregate_yge65,1994,93.101
tto,sex_f,age_aggregate_yge65,1995,93.2
tto,sex_f,age_aggregate_yge65,1996,92.61
tto,sex_f,age_aggregate_yge65,1997,94.085
tto,sex_f,age_aggregate_yge65,1998,95.28
tto,sex_f,age_aggregate_yge65,1999,94.58
tto,sex_f,age_aggregate_yge65,2000,93.94
tto,sex_f,age_aggregate_yge65,2001,94.499
tto,sex_f,age_aggregate_yge65,2002,95.01
tto,sex_f,age_aggregate_yge65,2003,95.06
tto,sex_f,age_aggregate_yge65,2004,95.11
tto,sex_f,age_aggregate_yge65,2005,95.16
tto,sex_f,age_aggregate_yge65,2006,94.49
tto,sex_f,age_aggregate_yge65,2007,94.73
tto,sex_f,age_aggregate_yge65,2008,94.39
tto,sex_f,age_aggregate_yge65,2009,93.964
tto,sex_f,age_aggregate_yge65,2010,93.057
tto,sex_f,age_aggregate_yge65,2011,95.158
tto,sex_f,age_aggregate_yge65,2012,94.946
tto,sex_f,age_aggregate_yge65,2013,95.954
tto,sex_f,age_aggregate_yge65,2014,94.807
tto,sex_f,age_aggregate_yge65,2015,95.399
tto,sex_f,age_aggregate_yge65,2016,94.88
tto,sex_f,age_aggregate_yge65,2017,94.854
tto,sex_f,age_aggregate_yge65,2018,94.748
tto,sex_f,age_aggregate_yge65,2019,94.766
tto,sex_f,age_aggregate_yge65,2020,94.783
tto,sex_f,age_aggregate_yge65,2021,94.8
tto,sex_f,age_aggregate_yge65,2022,94.817
tto,sex_f,age_aggregate_yge65,2023,94.834
tto,sex_f,age_aggregate_yge65,2024,94.851
tto,sex_f,age_aggregate_yge65,2025,94.868
tto,sex_f,age_aggregate_yge65,2026,94.886
tto,sex_f,age_aggregate_yge65,2027,94.903
tto,sex_f,age_aggregate_yge65,2028,94.92
tto,sex_f,age_aggregate_yge65,2029,94.937
tto,sex_f,age_aggregate_yge65,2030,94.954
tto,sex_f,age_ythadult_y15_24,1990,63.628
tto,sex_f,age_ythadult_y15_24,1991,63.162
tto,sex_f,age_ythadult_y15_24,1992,62.569
tto,sex_f,age_ythadult_y15_24,1993,61.897
tto,sex_f,age_ythadult_y15_24,1994,60.797
tto,sex_f,age_ythadult_y15_24,1995,59.858
tto,sex_f,age_ythadult_y15_24,1996,57.377
tto,sex_f,age_ythadult_y15_24,1997,58.295
tto,sex_f,age_ythadult_y15_24,1998,59.224
tto,sex_f,age_ythadult_y15_24,1999,59.365
tto,sex_f,age_ythadult_y15_24,2000,58.972
tto,sex_f,age_ythadult_y15_24,2001,58.701
tto,sex_f,age_ythadult_y15_24,2002,58.112
tto,sex_f,age_ythadult_y15_24,2003,56.478
tto,sex_f,age_ythadult_y15_24,2004,54.925
tto,sex_f,age_ythadult_y15_24,2005,53.591
tto,sex_f,age_ythadult_y15_24,2006,52.475
tto,sex_f,age_ythadult_y15_24,2007,54.34
tto,sex_f,age_ythadult_y15_24,2008,55.776
tto,sex_f,age_ythadult_y15_24,2009,58.467
tto,sex_f,age_ythadult_y15_24,2010,62.589
tto,sex_f,age_ythadult_y15_24,2011,62.9
tto,sex_f,age_ythadult_y15_24,2012,62.515
tto,sex_f,age_ythadult_y15_24,2013,61.959
tto,sex_f,age_ythadult_y15_24,2014,63.75
tto,sex_f,age_ythadult_y15_24,2015,64.496
tto,sex_f,age_ythadult_y15_24,2016,64.899
tto,sex_f,age_ythadult_y15_24,2017,66.534
tto,sex_f,age_ythadult_y15_24,2018,67.799
tto,sex_f,age_ythadult_y15_24,2019,68.461
tto,sex_f,age_ythadult_y15_24,2020,69.048
tto,sex_f,age_ythadult_y15_24,2021,69.547
tto,sex_f,age_ythadult_y15_24,2022,69.96
tto,sex_f,age_ythadult_y15_24,2023,70.298
tto,sex_f,age_ythadult_y15_24,2024,70.578
tto,sex_f,age_ythadult_y15_24,2025,70.814
tto,sex_f,age_ythadult_y15_24,2026,70.994
tto,sex_f,age_ythadult_y15_24,2027,71.131
tto,sex_f,age_ythadult_y15_24,2028,71.239
tto,sex_f,age_ythadult_y15_24,2029,71.334
tto,sex_f,age_ythadult_y15_24,2030,71.428
tto,sex_f,age_ythadult_y15_64,1990,57.766
tto,sex_f,age_ythadult_y15_64,1991,56.169
tto,sex_f,age_ythadult_y15_64,1992,54.524
tto,sex_f,age_ythadult_y15_64,1993,52.853
tto,sex_f,age_ythadult_y15_64,1994,51.87
tto,sex_f,age_ythadult_y15_64,1995,50.994
tto,sex_f,age_ythadult_y15_64,1996,48.739
tto,sex_f,age_ythadult_y15_64,1997,48.608
tto,sex_f,age_ythadult_y15_64,1998,48.526
tto,sex_f,age_ythadult_y15_64,1999,48.646
tto,sex_f,age_ythadult_y15_64,2000,49.035
tto,sex_f,age_ythadult_y15_64,2001,48.336
tto,sex_f,age_ythadult_y15_64,2002,47.546
tto,sex_f,age_ythadult_y15_64,2003,45.278
tto,sex_f,age_ythadult_y15_64,2004,43.018
tto,sex_f,age_ythadult_y15_64,2005,40.783
tto,sex_f,age_ythadult_y15_64,2006,40.591
tto,sex_f,age_ythadult_y15_64,2007,41.799
tto,sex_f,age_ythadult_y15_64,2008,40.938
tto,sex_f,age_ythadult_y15_64,2009,42.424
tto,sex_f,age_ythadult_y15_64,2010,43.099
tto,sex_f,age_ythadult_y15_64,2011,43.439
tto,sex_f,age_ythadult_y15_64,2012,41.859
tto,sex_f,age_ythadult_y15_64,2013,41.249
tto,sex_f,age_ythadult_y15_64,2014,40.806
tto,sex_f,age_ythadult_y15_64,2015,42.119
tto,sex_f,age_ythadult_y15_64,2016,41.561
tto,sex_f,age_ythadult_y15_64,2017,41.939
tto,sex_f,age_ythadult_y15_64,2018,42.002
tto,sex_f,age_ythadult_y15_64,2019,41.971
tto,sex_f,age_ythadult_y15_64,2020,41.977
tto,sex_f,age_ythadult_y15_64,2021,42.011
tto,sex_f,age_ythadult_y15_64,2022,42.088
tto,sex_f,age_ythadult_y15_64,2023,42.173
tto,sex_f,age_ythadult_y15_64,2024,42.217
tto,sex_f,age_ythadult_y15_64,2025,42.188
tto,sex_f,age_ythadult_y15_64,2026,42.081
tto,sex_f,age_ythadult_y15_64,2027,41.9
tto,sex_f,age_ythadult_y15_64,2028,41.672
tto,sex_f,age_ythadult_y15_64,2029,41.444
tto,sex_f,age_ythadult_y15_64,2030,41.244
tto,sex_f,age_ythadult_yge15,1990,61.361
tto,sex_f,age_ythadult_yge15,1991,59.873
tto,sex_f,age_ythadult_yge15,1992,58.329
tto,sex_f,age_ythadult_yge15,1993,56.746
tto,sex_f,age_ythadult_yge15,1994,55.887
tto,sex_f,age_ythadult_yge15,1995,55.115
tto,sex_f,age_ythadult_yge15,1996,53.041
tto,sex_f,age_ythadult_yge15,1997,53.075
tto,sex_f,age_ythadult_yge15,1998,53.122
tto,sex_f,age_ythadult_yge15,1999,53.167
tto,sex_f,age_ythadult_yge15,2000,53.472
tto,sex_f,age_ythadult_yge15,2001,52.924
tto,sex_f,age_ythadult_yge15,2002,52.301
tto,sex_f,age_ythadult_yge15,2003,50.318
tto,sex_f,age_ythadult_yge15,2004,48.364
tto,sex_f,age_ythadult_yge15,2005,46.457
tto,sex_f,age_ythadult_yge15,2006,46.323
tto,sex_f,age_ythadult_yge15,2007,47.55
tto,sex_f,age_ythadult_yge15,2008,46.882
tto,sex_f,age_ythadult_yge15,2009,48.298
tto,sex_f,age_ythadult_yge15,2010,48.941
tto,sex_f,age_ythadult_yge15,2011,49.641
tto,sex_f,age_ythadult_yge15,2012,48.39
tto,sex_f,age_ythadult_yge15,2013,48.159
tto,sex_f,age_ythadult_yge15,2014,47.816
tto,sex_f,age_ythadult_yge15,2015,49.237
tto,sex_f,age_ythadult_yge15,2016,48.901
tto,sex_f,age_ythadult_yge15,2017,49.448
tto,sex_f,age_ythadult_yge15,2018,49.721
tto,sex_f,age_ythadult_yge15,2019,49.938
tto,sex_f,age_ythadult_yge15,2020,50.193
tto,sex_f,age_ythadult_yge15,2021,50.466
tto,sex_f,age_ythadult_yge15,2022,50.771
tto,sex_f,age_ythadult_yge15,2023,51.092
tto,sex_f,age_ythadult_yge15,2024,51.398
tto,sex_f,age_ythadult_yge15,2025,51.674
tto,sex_f,age_ythadult_yge15,2026,51.895
tto,sex_f,age_ythadult_yge15,2027,52.081
tto,sex_f,age_ythadult_yge15,2028,52.237
tto,sex_f,age_ythadult_yge15,2029,52.366
tto,sex_f,age_ythadult_yge15,2030,52.474
tto,sex_f,age_ythadult_yge25,1990,60.541
tto,sex_f,age_ythadult_yge25,1991,58.711
tto,sex_f,age_ythadult_yge25,1992,56.854
tto,sex_f,age_ythadult_yge25,1993,54.966
tto,sex_f,age_ythadult_yge25,1994,54.19
tto,sex_f,age_ythadult_yge25,1995,53.466
tto,sex_f,age_ythadult_yge25,1996,51.527
tto,sex_f,age_ythadult_yge25,1997,51.237
tto,sex_f,age_ythadult_yge25,1998,50.95
tto,sex_f,age_ythadult_yge25,1999,50.938
tto,sex_f,age_ythadult_yge25,2000,51.478
tto,sex_f,age_ythadult_yge25,2001,50.832
tto,sex_f,age_ythadult_yge25,2002,50.208
tto,sex_f,age_ythadult_yge25,2003,48.124
tto,sex_f,age_ythadult_yge25,2004,46.073
tto,sex_f,age_ythadult_yge25,2005,44.04
tto,sex_f,age_ythadult_yge25,2006,44.324
tto,sex_f,age_ythadult_yge25,2007,45.461
tto,sex_f,age_ythadult_yge25,2008,44.31
tto,sex_f,age_ythadult_yge25,2009,45.541
tto,sex_f,age_ythadult_yge25,2010,45.462
tto,sex_f,age_ythadult_yge25,2011,46.441
tto,sex_f,age_ythadult_yge25,2012,45.158
tto,sex_f,age_ythadult_yge25,2013,45.158
tto,sex_f,age_ythadult_yge25,2014,44.509
tto,sex_f,age_ythadult_yge25,2015,46.199
tto,sex_f,age_ythadult_yge25,2016,45.824
tto,sex_f,age_ythadult_yge25,2017,46.252
tto,sex_f,age_ythadult_yge25,2018,46.409
tto,sex_f,age_ythadult_yge25,2019,46.593
tto,sex_f,age_ythadult_yge25,2020,46.817
tto,sex_f,age_ythadult_yge25,2021,47.058
tto,sex_f,age_ythadult_yge25,2022,47.333
tto,sex_f,age_ythadult_yge25,2023,47.628
tto,sex_f,age_ythadult_yge25,2024,47.914
tto,sex_f,age_ythadult_yge25,2025,48.175
tto,sex_f,age_ythadult_yge25,2026,48.383
tto,sex_f,age_ythadult_yge25,2027,48.563
tto,sex_f,age_ythadult_yge25,2028,48.72
tto,sex_f,age_ythadult_yge25,2029,48.86
tto,sex_f,age_ythadult_yge25,2030,48.985
tto,sex_m,age_10yrbands_total,1990,23.725
tto,sex_m,age_10yrbands_total,1991,24.451
tto,sex_m,age_10yrbands_total,1992,25.291
tto,sex_m,age_10yrbands_total,1993,26.285
tto,sex_m,age_10yrbands_total,1994,24.931
tto,sex_m,age_10yrbands_total,1995,24.11
tto,sex_m,age_10yrbands_total,1996,24.507
tto,sex_m,age_10yrbands_total,1997,24.123
tto,sex_m,age_10yrbands_total,1998,23.793
tto,sex_m,age_10yrbands_total,1999,23.939
tto,sex_m,age_10yrbands_total,2000,23.757
tto,sex_m,age_10yrbands_total,2001,24.272
tto,sex_m,age_10yrbands_total,2002,24.691
tto,sex_m,age_10yrbands_total,2003,24.386
tto,sex_m,age_10yrbands_total,2004,24.099
tto,sex_m,age_10yrbands_total,2005,23.859
tto,sex_m,age_10yrbands_total,2006,24.118
tto,sex_m,age_10yrbands_total,2007,23.347
tto,sex_m,age_10yrbands_total,2008,24.209
tto,sex_m,age_10yrbands_total,2009,24.323
tto,sex_m,age_10yrbands_total,2010,26.115
tto,sex_m,age_10yrbands_total,2011,27.086
tto,sex_m,age_10yrbands_total,2012,27.006
tto,sex_m,age_10yrbands_total,2013,27.07
tto,sex_m,age_10yrbands_total,2014,26.86
tto,sex_m,age_10yrbands_total,2015,26.848
tto,sex_m,age_10yrbands_total,2016,28.475
tto,sex_m,age_10yrbands_total,2017,28.753
tto,sex_m,age_10yrbands_total,2018,29.178
tto,sex_m,age_10yrbands_total,2019,29.761
tto,sex_m,age_10yrbands_total,2020,30.368
tto,sex_m,age_10yrbands_total,2021,30.996
tto,sex_m,age_10yrbands_total,2022,31.64
tto,sex_m,age_10yrbands_total,2023,32.28
tto,sex_m,age_10yrbands_total,2024,32.886
tto,sex_m,age_10yrbands_total,2025,33.439
tto,sex_m,age_10yrbands_total,2026,33.937
tto,sex_m,age_10yrbands_total,2027,34.373
tto,sex_m,age_10yrbands_total,2028,34.755
tto,sex_m,age_10yrbands_total,2029,35.093
tto,sex_m,age_10yrbands_total,2030,35.399
tto,sex_m,age_10yrbands_y15_24,1990,36.198
tto,sex_m,age_10yrbands_y15_24,1991,37.778
tto,sex_m,age_10yrbands_y15_24,1992,39.2
tto,sex_m,age_10yrbands_y15_24,1993,40.562
tto,sex_m,age_10yrbands_y15_24,1994,39.076
tto,sex_m,age_10yrbands_y15_24,1995,37.926
tto,sex_m,age_10yrbands_y15_24,1996,38.627
tto,sex_m,age_10yrbands_y15_24,1997,38.621
tto,sex_m,age_10yrbands_y15_24,1998,38.64
tto,sex_m,age_10yrbands_y15_24,1999,38.993
tto,sex_m,age_10yrbands_y15_24,2000,38.803
tto,sex_m,age_10yrbands_y15_24,2001,40.604
tto,sex_m,age_10yrbands_y15_24,2002,41.965
tto,sex_m,age_10yrbands_y15_24,2003,40.429
tto,sex_m,age_10yrbands_y15_24,2004,39.014
tto,sex_m,age_10yrbands_y15_24,2005,37.845
tto,sex_m,age_10yrbands_y15_24,2006,39.655
tto,sex_m,age_10yrbands_y15_24,2007,37.81
tto,sex_m,age_10yrbands_y15_24,2008,40.118
tto,sex_m,age_10yrbands_y15_24,2009,40.048
tto,sex_m,age_10yrbands_y15_24,2010,45.678
tto,sex_m,age_10yrbands_y15_24,2011,45.931
tto,sex_m,age_10yrbands_y15_24,2012,46.98
tto,sex_m,age_10yrbands_y15_24,2013,48.358
tto,sex_m,age_10yrbands_y15_24,2014,49.321
tto,sex_m,age_10yrbands_y15_24,2015,47.841
tto,sex_m,age_10yrbands_y15_24,2016,51.506
tto,sex_m,age_10yrbands_y15_24,2017,51.714
tto,sex_m,age_10yrbands_y15_24,2018,52.283
tto,sex_m,age_10yrbands_y15_24,2019,53.111
tto,sex_m,age_10yrbands_y15_24,2020,53.851
tto,sex_m,age_10yrbands_y15_24,2021,54.473
tto,sex_m,age_10yrbands_y15_24,2022,54.988
tto,sex_m,age_10yrbands_y15_24,2023,55.407
tto,sex_m,age_10yrbands_y15_24,2024,55.752
tto,sex_m,age_10yrbands_y15_24,2025,56.039
tto,sex_m,age_10yrbands_y15_24,2026,56.247
tto,sex_m,age_10yrbands_y15_24,2027,56.397
tto,sex_m,age_10yrbands_y15_24,2028,56.508
tto,sex_m,age_10yrbands_y15_24,2029,56.603
tto,sex_m,age_10yrbands_y15_24,2030,56.691
tto,sex_m,age_10yrbands_y25_34,1990,7.341
tto,sex_m,age_10yrbands_y25_34,1991,7.045
tto,sex_m,age_10yrbands_y25_34,1992,6.863
tto,sex_m,age_10yrbands_y25_34,1993,6.764
tto,sex_m,age_10yrbands_y25_34,1994,6.123
tto,sex_m,age_10yrbands_y25_34,1995,6.024
tto,sex_m,age_10yrbands_y25_34,1996,5.623
tto,sex_m,age_10yrbands_y25_34,1997,5.353
tto,sex_m,age_10yrbands_y25_34,1998,5.13
tto,sex_m,age_10yrbands_y25_34,1999,4.76
tto,sex_m,age_10yrbands_y25_34,2000,5.648
tto,sex_m,age_10yrbands_y25_34,2001,4.931
tto,sex_m,age_10yrbands_y25_34,2002,4.374
tto,sex_m,age_10yrbands_y25_34,2003,4.448
tto,sex_m,age_10yrbands_y25_34,2004,4.528
tto,sex_m,age_10yrbands_y25_34,2005,4.616
tto,sex_m,age_10yrbands_y25_34,2006,5.08
tto,sex_m,age_10yrbands_y25_34,2007,4.27
tto,sex_m,age_10yrbands_y25_34,2008,4.5
tto,sex_m,age_10yrbands_y25_34,2009,5.121
tto,sex_m,age_10yrbands_y25_34,2010,7.577
tto,sex_m,age_10yrbands_y25_34,2011,7.804
tto,sex_m,age_10yrbands_y25_34,2012,7.339
tto,sex_m,age_10yrbands_y25_34,2013,7.002
tto,sex_m,age_10yrbands_y25_34,2014,7.158
tto,sex_m,age_10yrbands_y25_34,2015,7.493
tto,sex_m,age_10yrbands_y25_34,2016,6.462
tto,sex_m,age_10yrbands_y25_34,2017,6.35
tto,sex_m,age_10yrbands_y25_34,2018,6.348
tto,sex_m,age_10yrbands_y25_34,2019,6.49
tto,sex_m,age_10yrbands_y25_34,2020,6.635
tto,sex_m,age_10yrbands_y25_34,2021,6.783
tto,sex_m,age_10yrbands_y25_34,2022,6.937
tto,sex_m,age_10yrbands_y25_34,2023,7.095
tto,sex_m,age_10yrbands_y25_34,2024,7.259
tto,sex_m,age_10yrbands_y25_34,2025,7.427
tto,sex_m,age_10yrbands_y25_34,2026,7.6
tto,sex_m,age_10yrbands_y25_34,2027,7.778
tto,sex_m,age_10yrbands_y25_34,2028,7.957
tto,sex_m,age_10yrbands_y25_34,2029,8.135
tto,sex_m,age_10yrbands_y25_34,2030,8.308
tto,sex_m,age_10yrbands_y35_44,1990,7.016
tto,sex_m,age_10yrbands_y35_44,1991,8.427
tto,sex_m,age_10yrbands_y35_44,1992,10.175
tto,sex_m,age_10yrbands_y35_44,1993,12.329
tto,sex_m,age_10yrbands_y35_44,1994,8.355
tto,sex_m,age_10yrbands_y35_44,1995,5.592
tto,sex_m,age_10yrbands_y35_44,1996,5.657
tto,sex_m,age_10yrbands_y35_44,1997,5.033
tto,sex_m,age_10yrbands_y35_44,1998,4.487
tto,sex_m,age_10yrbands_y35_44,1999,5
tto,sex_m,age_10yrbands_y35_44,2000,4.868
tto,sex_m,age_10yrbands_y35_44,2001,4.721
tto,sex_m,age_10yrbands_y35_44,2002,4.609
tto,sex_m,age_10yrbands_y35_44,2003,4.787
tto,sex_m,age_10yrbands_y35_44,2004,5.011
tto,sex_m,age_10yrbands_y35_44,2005,5.269
tto,sex_m,age_10yrbands_y35_44,2006,4.74
tto,sex_m,age_10yrbands_y35_44,2007,4.299
tto,sex_m,age_10yrbands_y35_44,2008,4.687
tto,sex_m,age_10yrbands_y35_44,2009,4.336
tto,sex_m,age_10yrbands_y35_44,2010,4.724
tto,sex_m,age_10yrbands_y35_44,2011,5.238
tto,sex_m,age_10yrbands_y35_44,2012,5.174
tto,sex_m,age_10yrbands_y35_44,2013,5.772
tto,sex_m,age_10yrbands_y35_44,2014,5.69
tto,sex_m,age_10yrbands_y35_44,2015,5.515
tto,sex_m,age_10yrbands_y35_44,2016,7.345
tto,sex_m,age_10yrbands_y35_44,2017,7.294
tto,sex_m,age_10yrbands_y35_44,2018,7.304
tto,sex_m,age_10yrbands_y35_44,2019,7.434
tto,sex_m,age_10yrbands_y35_44,2020,7.561
tto,sex_m,age_10yrbands_y35_44,2021,7.689
tto,sex_m,age_10yrbands_y35_44,2022,7.819
tto,sex_m,age_10yrbands_y35_44,2023,7.952
tto,sex_m,age_10yrbands_y35_44,2024,8.09
tto,sex_m,age_10yrbands_y35_44,2025,8.23
tto,sex_m,age_10yrbands_y35_44,2026,8.371
tto,sex_m,age_10yrbands_y35_44,2027,8.513
tto,sex_m,age_10yrbands_y35_44,2028,8.655
tto,sex_m,age_10yrbands_y35_44,2029,8.798
tto,sex_m,age_10yrbands_y35_44,2030,8.94
tto,sex_m,age_10yrbands_y45_54,1990,10.165
tto,sex_m,age_10yrbands_y45_54,1991,11.185
tto,sex_m,age_10yrbands_y45_54,1992,12.312
tto,sex_m,age_10yrbands_y45_54,1993,13.554
tto,sex_m,age_10yrbands_y45_54,1994,12.241
tto,sex_m,age_10yrbands_y45_54,1995,11.24
tto,sex_m,age_10yrbands_y45_54,1996,10.959
tto,sex_m,age_10yrbands_y45_54,1997,9.971
tto,sex_m,age_10yrbands_y45_54,1998,9.129
tto,sex_m,age_10yrbands_y45_54,1999,8.1
tto,sex_m,age_10yrbands_y45_54,2000,8.192
tto,sex_m,age_10yrbands_y45_54,2001,7.951
tto,sex_m,age_10yrbands_y45_54,2002,7.723
tto,sex_m,age_10yrbands_y45_54,2003,7.811
tto,sex_m,age_10yrbands_y45_54,2004,7.94
tto,sex_m,age_10yrbands_y45_54,2005,8.115
tto,sex_m,age_10yrbands_y45_54,2006,7.363
tto,sex_m,age_10yrbands_y45_54,2007,7.037
tto,sex_m,age_10yrbands_y45_54,2008,8.106
tto,sex_m,age_10yrbands_y45_54,2009,8.835
tto,sex_m,age_10yrbands_y45_54,2010,7.93
tto,sex_m,age_10yrbands_y45_54,2011,9.687
tto,sex_m,age_10yrbands_y45_54,2012,9.213
tto,sex_m,age_10yrbands_y45_54,2013,8.84
tto,sex_m,age_10yrbands_y45_54,2014,7.953
tto,sex_m,age_10yrbands_y45_54,2015,8.272
tto,sex_m,age_10yrbands_y45_54,2016,8.903
tto,sex_m,age_10yrbands_y45_54,2017,8.856
tto,sex_m,age_10yrbands_y45_54,2018,8.797
tto,sex_m,age_10yrbands_y45_54,2019,8.786
tto,sex_m,age_10yrbands_y45_54,2020,8.794
tto,sex_m,age_10yrbands_y45_54,2021,8.817
tto,sex_m,age_10yrbands_y45_54,2022,8.859
tto,sex_m,age_10yrbands_y45_54,2023,8.909
tto,sex_m,age_10yrbands_y45_54,2024,8.954
tto,sex_m,age_10yrbands_y45_54,2025,8.986
tto,sex_m,age_10yrbands_y45_54,2026,9.008
tto,sex_m,age_10yrbands_y45_54,2027,9.019
tto,sex_m,age_10yrbands_y45_54,2028,9.033
tto,sex_m,age_10yrbands_y45_54,2029,9.066
tto,sex_m,age_10yrbands_y45_54,2030,9.125
tto,sex_m,age_10yrbands_y55_64,1990,37.896
tto,sex_m,age_10yrbands_y55_64,1991,37.457
tto,sex_m,age_10yrbands_y55_64,1992,36.978
tto,sex_m,age_10yrbands_y55_64,1993,36.492
tto,sex_m,age_10yrbands_y55_64,1994,38.784
tto,sex_m,age_10yrbands_y55_64,1995,41.396
tto,sex_m,age_10yrbands_y55_64,1996,42.357
tto,sex_m,age_10yrbands_y55_64,1997,40.875
tto,sex_m,age_10yrbands_y55_64,1998,39.348
tto,sex_m,age_10yrbands_y55_64,1999,40.724
tto,sex_m,age_10yrbands_y55_64,2000,36.366
tto,sex_m,age_10yrbands_y55_64,2001,36.239
tto,sex_m,age_10yrbands_y55_64,2002,36.159
tto,sex_m,age_10yrbands_y55_64,2003,36.605
tto,sex_m,age_10yrbands_y55_64,2004,37.047
tto,sex_m,age_10yrbands_y55_64,2005,37.469
tto,sex_m,age_10yrbands_y55_64,2006,35.144
tto,sex_m,age_10yrbands_y55_64,2007,35.277
tto,sex_m,age_10yrbands_y55_64,2008,35.647
tto,sex_m,age_10yrbands_y55_64,2009,35.172
tto,sex_m,age_10yrbands_y55_64,2010,37.381
tto,sex_m,age_10yrbands_y55_64,2011,39.559
tto,sex_m,age_10yrbands_y55_64,2012,39.102
tto,sex_m,age_10yrbands_y55_64,2013,37.105
tto,sex_m,age_10yrbands_y55_64,2014,36.884
tto,sex_m,age_10yrbands_y55_64,2015,34.757
tto,sex_m,age_10yrbands_y55_64,2016,38.06
tto,sex_m,age_10yrbands_y55_64,2017,37.993
tto,sex_m,age_10yrbands_y55_64,2018,37.933
tto,sex_m,age_10yrbands_y55_64,2019,38.013
tto,sex_m,age_10yrbands_y55_64,2020,38.317
tto,sex_m,age_10yrbands_y55_64,2021,38.838
tto,sex_m,age_10yrbands_y55_64,2022,39.605
tto,sex_m,age_10yrbands_y55_64,2023,40.448
tto,sex_m,age_10yrbands_y55_64,2024,41.085
tto,sex_m,age_10yrbands_y55_64,2025,41.341
tto,sex_m,age_10yrbands_y55_64,2026,41.247
tto,sex_m,age_10yrbands_y55_64,2027,40.757
tto,sex_m,age_10yrbands_y55_64,2028,40.025
tto,sex_m,age_10yrbands_y55_64,2029,39.328
tto,sex_m,age_10yrbands_y55_64,2030,38.852
tto,sex_m,age_10yrbands_yge65,1990,81.82
tto,sex_m,age_10yrbands_yge65,1991,83.35
tto,sex_m,age_10yrbands_yge65,1992,84.776
tto,sex_m,age_10yrbands_yge65,1993,86.1
tto,sex_m,age_10yrbands_yge65,1994,84.996
tto,sex_m,age_10yrbands_yge65,1995,83.82
tto,sex_m,age_10yrbands_yge65,1996,85.93
tto,sex_m,age_10yrbands_yge65,1997,85.564
tto,sex_m,age_10yrbands_yge65,1998,85.19
tto,sex_m,age_10yrbands_yge65,1999,84.26
tto,sex_m,age_10yrbands_yge65,2000,84.03
tto,sex_m,age_10yrbands_yge65,2001,85.693
tto,sex_m,age_10yrbands_yge65,2002,87.21
tto,sex_m,age_10yrbands_yge65,2003,86.274
tto,sex_m,age_10yrbands_yge65,2004,85.281
tto,sex_m,age_10yrbands_yge65,2005,84.23
tto,sex_m,age_10yrbands_yge65,2006,86.34
tto,sex_m,age_10yrbands_yge65,2007,86.82
tto,sex_m,age_10yrbands_yge65,2008,87.24
tto,sex_m,age_10yrbands_yge65,2009,87.766
tto,sex_m,age_10yrbands_yge65,2010,86.509
tto,sex_m,age_10yrbands_yge65,2011,88.505
tto,sex_m,age_10yrbands_yge65,2012,87.841
tto,sex_m,age_10yrbands_yge65,2013,88.241
tto,sex_m,age_10yrbands_yge65,2014,85.209
tto,sex_m,age_10yrbands_yge65,2015,87.914
tto,sex_m,age_10yrbands_yge65,2016,88.818
tto,sex_m,age_10yrbands_yge65,2017,88.761
tto,sex_m,age_10yrbands_yge65,2018,88.767
tto,sex_m,age_10yrbands_yge65,2019,88.905
tto,sex_m,age_10yrbands_yge65,2020,89.042
tto,sex_m,age_10yrbands_yge65,2021,89.18
tto,sex_m,age_10yrbands_yge65,2022,89.317
tto,sex_m,age_10yrbands_yge65,2023,89.455
tto,sex_m,age_10yrbands_yge65,2024,89.592
tto,sex_m,age_10yrbands_yge65,2025,89.73
tto,sex_m,age_10yrbands_yge65,2026,89.868
tto,sex_m,age_10yrbands_yge65,2027,90.005
tto,sex_m,age_10yrbands_yge65,2028,90.143
tto,sex_m,age_10yrbands_yge65,2029,90.28
tto,sex_m,age_10yrbands_yge65,2030,90.418
tto,sex_m,age_5yrbands_total,1990,23.725
tto,sex_m,age_5yrbands_total,1991,24.451
tto,sex_m,age_5yrbands_total,1992,25.291
tto,sex_m,age_5yrbands_total,1993,26.285
tto,sex_m,age_5yrbands_total,1994,24.931
tto,sex_m,age_5yrbands_total,1995,24.11
tto,sex_m,age_5yrbands_total,1996,24.507
tto,sex_m,age_5yrbands_total,1997,24.123
tto,sex_m,age_5yrbands_total,1998,23.793
tto,sex_m,age_5yrbands_total,1999,23.939
tto,sex_m,age_5yrbands_total,2000,23.757
tto,sex_m,age_5yrbands_total,2001,24.272
tto,sex_m,age_5yrbands_total,2002,24.691
tto,sex_m,age_5yrbands_total,2003,24.386
tto,sex_m,age_5yrbands_total,2004,24.099
tto,sex_m,age_5yrbands_total,2005,23.859
tto,sex_m,age_5yrbands_total,2006,24.118
tto,sex_m,age_5yrbands_total,2007,23.347
tto,sex_m,age_5yrbands_total,2008,24.209
tto,sex_m,age_5yrbands_total,2009,24.323
tto,sex_m,age_5yrbands_total,2010,26.115
tto,sex_m,age_5yrbands_total,2011,27.086
tto,sex_m,age_5yrbands_total,2012,27.006
tto,sex_m,age_5yrbands_total,2013,27.07
tto,sex_m,age_5yrbands_total,2014,26.86
tto,sex_m,age_5yrbands_total,2015,26.848
tto,sex_m,age_5yrbands_total,2016,28.475
tto,sex_m,age_5yrbands_total,2017,28.753
tto,sex_m,age_5yrbands_total,2018,29.178
tto,sex_m,age_5yrbands_total,2019,29.761
tto,sex_m,age_5yrbands_total,2020,30.368
tto,sex_m,age_5yrbands_total,2021,30.996
tto,sex_m,age_5yrbands_total,2022,31.64
tto,sex_m,age_5yrbands_total,2023,32.28
tto,sex_m,age_5yrbands_total,2024,32.886
tto,sex_m,age_5yrbands_total,2025,33.439
tto,sex_m,age_5yrbands_total,2026,33.937
tto,sex_m,age_5yrbands_total,2027,34.373
tto,sex_m,age_5yrbands_total,2028,34.755
tto,sex_m,age_5yrbands_total,2029,35.093
tto,sex_m,age_5yrbands_total,2030,35.399
tto,sex_m,age_5yrbands_y15_19,1990,57.3
tto,sex_m,age_5yrbands_y15_19,1991,58.814
tto,sex_m,age_5yrbands_y15_19,1992,60.312
tto,sex_m,age_5yrbands_y15_19,1993,61.79
tto,sex_m,age_5yrbands_y15_19,1994,61.197
tto,sex_m,age_5yrbands_y15_19,1995,60.6
tto,sex_m,age_5yrbands_y15_19,1996,61.09
tto,sex_m,age_5yrbands_y15_19,1997,60.795
tto,sex_m,age_5yrbands_y15_19,1998,60.5
tto,sex_m,age_5yrbands_y15_19,1999,60.47
tto,sex_m,age_5yrbands_y15_19,2000,60.19
tto,sex_m,age_5yrbands_y15_19,2001,63.8
tto,sex_m,age_5yrbands_y15_19,2002,67.26
tto,sex_m,age_5yrbands_y15_19,2003,66.372
tto,sex_m,age_5yrbands_y15_19,2004,65.471
tto,sex_m,age_5yrbands_y15_19,2005,64.56
tto,sex_m,age_5yrbands_y15_19,2006,68.97
tto,sex_m,age_5yrbands_y15_19,2007,66.9
tto,sex_m,age_5yrbands_y15_19,2008,69.03
tto,sex_m,age_5yrbands_y15_19,2009,69.6
tto,sex_m,age_5yrbands_y15_19,2010,75.534
tto,sex_m,age_5yrbands_y15_19,2011,74.518
tto,sex_m,age_5yrbands_y15_19,2012,78.603
tto,sex_m,age_5yrbands_y15_19,2013,79.729
tto,sex_m,age_5yrbands_y15_19,2014,79.498
tto,sex_m,age_5yrbands_y15_19,2015,78.269
tto,sex_m,age_5yrbands_y15_19,2016,80.797
tto,sex_m,age_5yrbands_y15_19,2017,80.456
tto,sex_m,age_5yrbands_y15_19,2018,80.496
tto,sex_m,age_5yrbands_y15_19,2019,80.874
tto,sex_m,age_5yrbands_y15_19,2020,81.251
tto,sex_m,age_5yrbands_y15_19,2021,81.629
tto,sex_m,age_5yrbands_y15_19,2022,82.006
tto,sex_m,age_5yrbands_y15_19,2023,82.384
tto,sex_m,age_5yrbands_y15_19,2024,82.761
tto,sex_m,age_5yrbands_y15_19,2025,83.139
tto,sex_m,age_5yrbands_y15_19,2026,83.516
tto,sex_m,age_5yrbands_y15_19,2027,83.894
tto,sex_m,age_5yrbands_y15_19,2028,84.271
tto,sex_m,age_5yrbands_y15_19,2029,84.649
tto,sex_m,age_5yrbands_y15_19,2030,85.026
tto,sex_m,age_5yrbands_y20_24,1990,12.5
tto,sex_m,age_5yrbands_y20_24,1991,13.714
tto,sex_m,age_5yrbands_y20_24,1992,15.026
tto,sex_m,age_5yrbands_y20_24,1993,16.44
tto,sex_m,age_5yrbands_y20_24,1994,13.948
tto,sex_m,age_5yrbands_y20_24,1995,11.78
tto,sex_m,age_5yrbands_y20_24,1996,12.17
tto,sex_m,age_5yrbands_y20_24,1997,11.551
tto,sex_m,age_5yrbands_y20_24,1998,10.96
tto,sex_m,age_5yrbands_y20_24,1999,11.31
tto,sex_m,age_5yrbands_y20_24,2000,11.54
tto,sex_m,age_5yrbands_y20_24,2001,12.285
tto,sex_m,age_5yrbands_y20_24,2002,13.07
tto,sex_m,age_5yrbands_y20_24,2003,13.003
tto,sex_m,age_5yrbands_y20_24,2004,12.936
tto,sex_m,age_5yrbands_y20_24,2005,12.87
tto,sex_m,age_5yrbands_y20_24,2006,13.44
tto,sex_m,age_5yrbands_y20_24,2007,12.58
tto,sex_m,age_5yrbands_y20_24,2008,15.52
tto,sex_m,age_5yrbands_y20_24,2009,15.2
tto,sex_m,age_5yrbands_y20_24,2010,20.731
tto,sex_m,age_5yrbands_y20_24,2011,22.14
tto,sex_m,age_5yrbands_y20_24,2012,20.564
tto,sex_m,age_5yrbands_y20_24,2013,21.847
tto,sex_m,age_5yrbands_y20_24,2014,23.324
tto,sex_m,age_5yrbands_y20_24,2015,20.943
tto,sex_m,age_5yrbands_y20_24,2016,24.812
tto,sex_m,age_5yrbands_y20_24,2017,24.561
tto,sex_m,age_5yrbands_y20_24,2018,24.59
tto,sex_m,age_5yrbands_y20_24,2019,24.879
tto,sex_m,age_5yrbands_y20_24,2020,25.168
tto,sex_m,age_5yrbands_y20_24,2021,25.457
tto,sex_m,age_5yrbands_y20_24,2022,25.746
tto,sex_m,age_5yrbands_y20_24,2023,26.035
tto,sex_m,age_5yrbands_y20_24,2024,26.324
tto,sex_m,age_5yrbands_y20_24,2025,26.613
tto,sex_m,age_5yrbands_y20_24,2026,26.902
tto,sex_m,age_5yrbands_y20_24,2027,27.191
tto,sex_m,age_5yrbands_y20_24,2028,27.48
tto,sex_m,age_5yrbands_y20_24,2029,27.769
tto,sex_m,age_5yrbands_y20_24,2030,28.058
tto,sex_m,age_5yrbands_y25_29,1990,7.41
tto,sex_m,age_5yrbands_y25_29,1991,8.23
tto,sex_m,age_5yrbands_y25_29,1992,9.131
tto,sex_m,age_5yrbands_y25_29,1993,10.12
tto,sex_m,age_5yrbands_y25_29,1994,7.732
tto,sex_m,age_5yrbands_y25_29,1995,5.87
tto,sex_m,age_5yrbands_y25_29,1996,7.03
tto,sex_m,age_5yrbands_y25_29,1997,6.062
tto,sex_m,age_5yrbands_y25_29,1998,5.22
tto,sex_m,age_5yrbands_y25_29,1999,4.98
tto,sex_m,age_5yrbands_y25_29,2000,7.08
tto,sex_m,age_5yrbands_y25_29,2001,5.509
tto,sex_m,age_5yrbands_y25_29,2002,4.27
tto,sex_m,age_5yrbands_y25_29,2003,4.492
tto,sex_m,age_5yrbands_y25_29,2004,4.725
tto,sex_m,age_5yrbands_y25_29,2005,4.97
tto,sex_m,age_5yrbands_y25_29,2006,5.85
tto,sex_m,age_5yrbands_y25_29,2007,5.19
tto,sex_m,age_5yrbands_y25_29,2008,5.02
tto,sex_m,age_5yrbands_y25_29,2009,4.9
tto,sex_m,age_5yrbands_y25_29,2010,8.398
tto,sex_m,age_5yrbands_y25_29,2011,8.025
tto,sex_m,age_5yrbands_y25_29,2012,8.535
tto,sex_m,age_5yrbands_y25_29,2013,7.389
tto,sex_m,age_5yrbands_y25_29,2014,6.967
tto,sex_m,age_5yrbands_y25_29,2015,8.105
tto,sex_m,age_5yrbands_y25_29,2016,7.802
tto,sex_m,age_5yrbands_y25_29,2017,7.674
tto,sex_m,age_5yrbands_y25_29,2018,7.689
tto,sex_m,age_5yrbands_y25_29,2019,7.858
tto,sex_m,age_5yrbands_y25_29,2020,8.028
tto,sex_m,age_5yrbands_y25_29,2021,8.197
tto,sex_m,age_5yrbands_y25_29,2022,8.367
tto,sex_m,age_5yrbands_y25_29,2023,8.536
tto,sex_m,age_5yrbands_y25_29,2024,8.706
tto,sex_m,age_5yrbands_y25_29,2025,8.875
tto,sex_m,age_5yrbands_y25_29,2026,9.045
tto,sex_m,age_5yrbands_y25_29,2027,9.214
tto,sex_m,age_5yrbands_y25_29,2028,9.384
tto,sex_m,age_5yrbands_y25_29,2029,9.553
tto,sex_m,age_5yrbands_y25_29,2030,9.723
tto,sex_m,age_5yrbands_y30_34,1990,7.26
tto,sex_m,age_5yrbands_y30_34,1991,5.717
tto,sex_m,age_5yrbands_y30_34,1992,4.486
tto,sex_m,age_5yrbands_y30_34,1993,3.51
tto,sex_m,age_5yrbands_y30_34,1994,4.659
tto,sex_m,age_5yrbands_y30_34,1995,6.16
tto,sex_m,age_5yrbands_y30_34,1996,4.37
tto,sex_m,age_5yrbands_y30_34,1997,4.694
tto,sex_m,age_5yrbands_y30_34,1998,5.04
tto,sex_m,age_5yrbands_y30_34,1999,4.53
tto,sex_m,age_5yrbands_y30_34,2000,4.09
tto,sex_m,age_5yrbands_y30_34,2001,4.286
tto,sex_m,age_5yrbands_y30_34,2002,4.49
tto,sex_m,age_5yrbands_y30_34,2003,4.398
tto,sex_m,age_5yrbands_y30_34,2004,4.308
tto,sex_m,age_5yrbands_y30_34,2005,4.22
tto,sex_m,age_5yrbands_y30_34,2006,4.19
tto,sex_m,age_5yrbands_y30_34,2007,3.16
tto,sex_m,age_5yrbands_y30_34,2008,3.85
tto,sex_m,age_5yrbands_y30_34,2009,5.4
tto,sex_m,age_5yrbands_y30_34,2010,6.56
tto,sex_m,age_5yrbands_y30_34,2011,7.54
tto,sex_m,age_5yrbands_y30_34,2012,5.991
tto,sex_m,age_5yrbands_y30_34,2013,6.595
tto,sex_m,age_5yrbands_y30_34,2014,7.345
tto,sex_m,age_5yrbands_y30_34,2015,6.92
tto,sex_m,age_5yrbands_y30_34,2016,5.259
tto,sex_m,age_5yrbands_y30_34,2017,5.196
tto,sex_m,age_5yrbands_y30_34,2018,5.203
tto,sex_m,age_5yrbands_y30_34,2019,5.339
tto,sex_m,age_5yrbands_y30_34,2020,5.474
tto,sex_m,age_5yrbands_y30_34,2021,5.609
tto,sex_m,age_5yrbands_y30_34,2022,5.745
tto,sex_m,age_5yrbands_y30_34,2023,5.88
tto,sex_m,age_5yrbands_y30_34,2024,6.015
tto,sex_m,age_5yrbands_y30_34,2025,6.151
tto,sex_m,age_5yrbands_y30_34,2026,6.286
tto,sex_m,age_5yrbands_y30_34,2027,6.422
tto,sex_m,age_5yrbands_y30_34,2028,6.557
tto,sex_m,age_5yrbands_y30_34,2029,6.692
tto,sex_m,age_5yrbands_y30_34,2030,6.828
tto,sex_m,age_5yrbands_y35_39,1990,7.07
tto,sex_m,age_5yrbands_y35_39,1991,7.758
tto,sex_m,age_5yrbands_y35_39,1992,8.506
tto,sex_m,age_5yrbands_y35_39,1993,9.32
tto,sex_m,age_5yrbands_y35_39,1994,6.864
tto,sex_m,age_5yrbands_y35_39,1995,5.02
tto,sex_m,age_5yrbands_y35_39,1996,5.31
tto,sex_m,age_5yrbands_y35_39,1997,4.954
tto,sex_m,age_5yrbands_y35_39,1998,4.62
tto,sex_m,age_5yrbands_y35_39,1999,4.94
tto,sex_m,age_5yrbands_y35_39,2000,5.35
tto,sex_m,age_5yrbands_y35_39,2001,4.924
tto,sex_m,age_5yrbands_y35_39,2002,4.53
tto,sex_m,age_5yrbands_y35_39,2003,4.364
tto,sex_m,age_5yrbands_y35_39,2004,4.204
tto,sex_m,age_5yrbands_y35_39,2005,4.05
tto,sex_m,age_5yrbands_y35_39,2006,4
tto,sex_m,age_5yrbands_y35_39,2007,3.61
tto,sex_m,age_5yrbands_y35_39,2008,3.6
tto,sex_m,age_5yrbands_y35_39,2009,3.6
tto,sex_m,age_5yrbands_y35_39,2010,5.266
tto,sex_m,age_5yrbands_y35_39,2011,4.535
tto,sex_m,age_5yrbands_y35_39,2012,4.676
tto,sex_m,age_5yrbands_y35_39,2013,5.104
tto,sex_m,age_5yrbands_y35_39,2014,4.46
tto,sex_m,age_5yrbands_y35_39,2015,5.672
tto,sex_m,age_5yrbands_y35_39,2016,7.537
tto,sex_m,age_5yrbands_y35_39,2017,7.488
tto,sex_m,age_5yrbands_y35_39,2018,7.494
tto,sex_m,age_5yrbands_y35_39,2019,7.571
tto,sex_m,age_5yrbands_y35_39,2020,7.648
tto,sex_m,age_5yrbands_y35_39,2021,7.725
tto,sex_m,age_5yrbands_y35_39,2022,7.802
tto,sex_m,age_5yrbands_y35_39,2023,7.88
tto,sex_m,age_5yrbands_y35_39,2024,7.957
tto,sex_m,age_5yrbands_y35_39,2025,8.034
tto,sex_m,age_5yrbands_y35_39,2026,8.111
tto,sex_m,age_5yrbands_y35_39,2027,8.188
tto,sex_m,age_5yrbands_y35_39,2028,8.265
tto,sex_m,age_5yrbands_y35_39,2029,8.342
tto,sex_m,age_5yrbands_y35_39,2030,8.42
tto,sex_m,age_5yrbands_y40_44,1990,6.95
tto,sex_m,age_5yrbands_y40_44,1991,9.235
tto,sex_m,age_5yrbands_y40_44,1992,12.172
tto,sex_m,age_5yrbands_y40_44,1993,15.88
tto,sex_m,age_5yrbands_y40_44,1994,10.087
tto,sex_m,age_5yrbands_y40_44,1995,6.25
tto,sex_m,age_5yrbands_y40_44,1996,6.06
tto,sex_m,age_5yrbands_y40_44,1997,5.126
tto,sex_m,age_5yrbands_y40_44,1998,4.33
tto,sex_m,age_5yrbands_y40_44,1999,5.07
tto,sex_m,age_5yrbands_y40_44,2000,4.32
tto,sex_m,age_5yrbands_y40_44,2001,4.501
tto,sex_m,age_5yrbands_y40_44,2002,4.69
tto,sex_m,age_5yrbands_y40_44,2003,5.186
tto,sex_m,age_5yrbands_y40_44,2004,5.731
tto,sex_m,age_5yrbands_y40_44,2005,6.33
tto,sex_m,age_5yrbands_y40_44,2006,5.39
tto,sex_m,age_5yrbands_y40_44,2007,4.93
tto,sex_m,age_5yrbands_y40_44,2008,5.75
tto,sex_m,age_5yrbands_y40_44,2009,5.1
tto,sex_m,age_5yrbands_y40_44,2010,4.138
tto,sex_m,age_5yrbands_y40_44,2011,6.016
tto,sex_m,age_5yrbands_y40_44,2012,5.729
tto,sex_m,age_5yrbands_y40_44,2013,6.511
tto,sex_m,age_5yrbands_y40_44,2014,7.053
tto,sex_m,age_5yrbands_y40_44,2015,5.338
tto,sex_m,age_5yrbands_y40_44,2016,7.124
tto,sex_m,age_5yrbands_y40_44,2017,7.062
tto,sex_m,age_5yrbands_y40_44,2018,7.069
tto,sex_m,age_5yrbands_y40_44,2019,7.261
tto,sex_m,age_5yrbands_y40_44,2020,7.453
tto,sex_m,age_5yrbands_y40_44,2021,7.645
tto,sex_m,age_5yrbands_y40_44,2022,7.837
tto,sex_m,age_5yrbands_y40_44,2023,8.029
tto,sex_m,age_5yrbands_y40_44,2024,8.221
tto,sex_m,age_5yrbands_y40_44,2025,8.413
tto,sex_m,age_5yrbands_y40_44,2026,8.605
tto,sex_m,age_5yrbands_y40_44,2027,8.797
tto,sex_m,age_5yrbands_y40_44,2028,8.99
tto,sex_m,age_5yrbands_y40_44,2029,9.182
tto,sex_m,age_5yrbands_y40_44,2030,9.374
tto,sex_m,age_5yrbands_y45_49,1990,7.27
tto,sex_m,age_5yrbands_y45_49,1991,8.377
tto,sex_m,age_5yrbands_y45_49,1992,9.636
tto,sex_m,age_5yrbands_y45_49,1993,11.06
tto,sex_m,age_5yrbands_y45_49,1994,8.468
tto,sex_m,age_5yrbands_y45_49,1995,6.44
tto,sex_m,age_5yrbands_y45_49,1996,7.29
tto,sex_m,age_5yrbands_y45_49,1997,7.414
tto,sex_m,age_5yrbands_y45_49,1998,7.54
tto,sex_m,age_5yrbands_y45_49,1999,7.53
tto,sex_m,age_5yrbands_y45_49,2000,6.12
tto,sex_m,age_5yrbands_y45_49,2001,5.912
tto,sex_m,age_5yrbands_y45_49,2002,5.71
tto,sex_m,age_5yrbands_y45_49,2003,6.349
tto,sex_m,age_5yrbands_y45_49,2004,7.053
tto,sex_m,age_5yrbands_y45_49,2005,7.83
tto,sex_m,age_5yrbands_y45_49,2006,5.8
tto,sex_m,age_5yrbands_y45_49,2007,5.66
tto,sex_m,age_5yrbands_y45_49,2008,6.53
tto,sex_m,age_5yrbands_y45_49,2009,6.6
tto,sex_m,age_5yrbands_y45_49,2010,6.951
tto,sex_m,age_5yrbands_y45_49,2011,7.568
tto,sex_m,age_5yrbands_y45_49,2012,8.546
tto,sex_m,age_5yrbands_y45_49,2013,7.131
tto,sex_m,age_5yrbands_y45_49,2014,6.702
tto,sex_m,age_5yrbands_y45_49,2015,6.371
tto,sex_m,age_5yrbands_y45_49,2016,6.959
tto,sex_m,age_5yrbands_y45_49,2017,6.92
tto,sex_m,age_5yrbands_y45_49,2018,6.924
tto,sex_m,age_5yrbands_y45_49,2019,6.975
tto,sex_m,age_5yrbands_y45_49,2020,7.025
tto,sex_m,age_5yrbands_y45_49,2021,7.075
tto,sex_m,age_5yrbands_y45_49,2022,7.126
tto,sex_m,age_5yrbands_y45_49,2023,7.176
tto,sex_m,age_5yrbands_y45_49,2024,7.227
tto,sex_m,age_5yrbands_y45_49,2025,7.277
tto,sex_m,age_5yrbands_y45_49,2026,7.328
tto,sex_m,age_5yrbands_y45_49,2027,7.378
tto,sex_m,age_5yrbands_y45_49,2028,7.428
tto,sex_m,age_5yrbands_y45_49,2029,7.479
tto,sex_m,age_5yrbands_y45_49,2030,7.529
tto,sex_m,age_5yrbands_y50_54,1990,13.78
tto,sex_m,age_5yrbands_y50_54,1991,14.684
tto,sex_m,age_5yrbands_y50_54,1992,15.637
tto,sex_m,age_5yrbands_y50_54,1993,16.64
tto,sex_m,age_5yrbands_y50_54,1994,16.893
tto,sex_m,age_5yrbands_y50_54,1995,17.15
tto,sex_m,age_5yrbands_y50_54,1996,15.49
tto,sex_m,age_5yrbands_y50_54,1997,13.146
tto,sex_m,age_5yrbands_y50_54,1998,11.11
tto,sex_m,age_5yrbands_y50_54,1999,8.81
tto,sex_m,age_5yrbands_y50_54,2000,10.76
tto,sex_m,age_5yrbands_y50_54,2001,10.461
tto,sex_m,age_5yrbands_y50_54,2002,10.17
tto,sex_m,age_5yrbands_y50_54,2003,9.565
tto,sex_m,age_5yrbands_y50_54,2004,8.992
tto,sex_m,age_5yrbands_y50_54,2005,8.45
tto,sex_m,age_5yrbands_y50_54,2006,9.21
tto,sex_m,age_5yrbands_y50_54,2007,8.68
tto,sex_m,age_5yrbands_y50_54,2008,10
tto,sex_m,age_5yrbands_y50_54,2009,11.5
tto,sex_m,age_5yrbands_y50_54,2010,9.064
tto,sex_m,age_5yrbands_y50_54,2011,12.032
tto,sex_m,age_5yrbands_y50_54,2012,9.904
tto,sex_m,age_5yrbands_y50_54,2013,10.48
tto,sex_m,age_5yrbands_y50_54,2014,9.089
tto,sex_m,age_5yrbands_y50_54,2015,9.958
tto,sex_m,age_5yrbands_y50_54,2016,10.643
tto,sex_m,age_5yrbands_y50_54,2017,10.666
tto,sex_m,age_5yrbands_y50_54,2018,10.664
tto,sex_m,age_5yrbands_y50_54,2019,10.704
tto,sex_m,age_5yrbands_y50_54,2020,10.744
tto,sex_m,age_5yrbands_y50_54,2021,10.785
tto,sex_m,age_5yrbands_y50_54,2022,10.825
tto,sex_m,age_5yrbands_y50_54,2023,10.865
tto,sex_m,age_5yrbands_y50_54,2024,10.905
tto,sex_m,age_5yrbands_y50_54,2025,10.946
tto,sex_m,age_5yrbands_y50_54,2026,10.986
tto,sex_m,age_5yrbands_y50_54,2027,11.026
tto,sex_m,age_5yrbands_y50_54,2028,11.067
tto,sex_m,age_5yrbands_y50_54,2029,11.107
tto,sex_m,age_5yrbands_y50_54,2030,11.147
tto,sex_m,age_5yrbands_y55_59,1990,26.7
tto,sex_m,age_5yrbands_y55_59,1991,24.557
tto,sex_m,age_5yrbands_y55_59,1992,22.533
tto,sex_m,age_5yrbands_y55_59,1993,20.63
tto,sex_m,age_5yrbands_y55_59,1994,24.151
tto,sex_m,age_5yrbands_y55_59,1995,28.06
tto,sex_m,age_5yrbands_y55_59,1996,23.71
tto,sex_m,age_5yrbands_y55_59,1997,24.643
tto,sex_m,age_5yrbands_y55_59,1998,25.6
tto,sex_m,age_5yrbands_y55_59,1999,27.16
tto,sex_m,age_5yrbands_y55_59,2000,23.81
tto,sex_m,age_5yrbands_y55_59,2001,22.499
tto,sex_m,age_5yrbands_y55_59,2002,21.24
tto,sex_m,age_5yrbands_y55_59,2003,21.524
tto,sex_m,age_5yrbands_y55_59,2004,21.811
tto,sex_m,age_5yrbands_y55_59,2005,22.1
tto,sex_m,age_5yrbands_y55_59,2006,19.93
tto,sex_m,age_5yrbands_y55_59,2007,20.54
tto,sex_m,age_5yrbands_y55_59,2008,18.09
tto,sex_m,age_5yrbands_y55_59,2009,17.2
tto,sex_m,age_5yrbands_y55_59,2010,19.07
tto,sex_m,age_5yrbands_y55_59,2011,22.892
tto,sex_m,age_5yrbands_y55_59,2012,22.007
tto,sex_m,age_5yrbands_y55_59,2013,18.98
tto,sex_m,age_5yrbands_y55_59,2014,19.304
tto,sex_m,age_5yrbands_y55_59,2015,16.513
tto,sex_m,age_5yrbands_y55_59,2016,19.133
tto,sex_m,age_5yrbands_y55_59,2017,19.179
tto,sex_m,age_5yrbands_y55_59,2018,19.174
tto,sex_m,age_5yrbands_y55_59,2019,18.949
tto,sex_m,age_5yrbands_y55_59,2020,18.725
tto,sex_m,age_5yrbands_y55_59,2021,18.5
tto,sex_m,age_5yrbands_y55_59,2022,18.276
tto,sex_m,age_5yrbands_y55_59,2023,18.051
tto,sex_m,age_5yrbands_y55_59,2024,17.827
tto,sex_m,age_5yrbands_y55_59,2025,17.602
tto,sex_m,age_5yrbands_y55_59,2026,17.378
tto,sex_m,age_5yrbands_y55_59,2027,17.153
tto,sex_m,age_5yrbands_y55_59,2028,16.929
tto,sex_m,age_5yrbands_y55_59,2029,16.704
tto,sex_m,age_5yrbands_y55_59,2030,16.479
tto,sex_m,age_5yrbands_y60_64,1990,51.03
tto,sex_m,age_5yrbands_y60_64,1991,52.964
tto,sex_m,age_5yrbands_y60_64,1992,54.889
tto,sex_m,age_5yrbands_y60_64,1993,56.8
tto,sex_m,age_5yrbands_y60_64,1994,57.995
tto,sex_m,age_5yrbands_y60_64,1995,59.18
tto,sex_m,age_5yrbands_y60_64,1996,67.47
tto,sex_m,age_5yrbands_y60_64,1997,62.796
tto,sex_m,age_5yrbands_y60_64,1998,57.87
tto,sex_m,age_5yrbands_y60_64,1999,58.92
tto,sex_m,age_5yrbands_y60_64,2000,53.14
tto,sex_m,age_5yrbands_y60_64,2001,54.544
tto,sex_m,age_5yrbands_y60_64,2002,55.94
tto,sex_m,age_5yrbands_y60_64,2003,56.478
tto,sex_m,age_5yrbands_y60_64,2004,57.015
tto,sex_m,age_5yrbands_y60_64,2005,57.55
tto,sex_m,age_5yrbands_y60_64,2006,55.07
tto,sex_m,age_5yrbands_y60_64,2007,54.65
tto,sex_m,age_5yrbands_y60_64,2008,58.78
tto,sex_m,age_5yrbands_y60_64,2009,58.8
tto,sex_m,age_5yrbands_y60_64,2010,61.296
tto,sex_m,age_5yrbands_y60_64,2011,61.131
tto,sex_m,age_5yrbands_y60_64,2012,60.957
tto,sex_m,age_5yrbands_y60_64,2013,59.987
tto,sex_m,age_5yrbands_y60_64,2014,58.886
tto,sex_m,age_5yrbands_y60_64,2015,57.508
tto,sex_m,age_5yrbands_y60_64,2016,61.669
tto,sex_m,age_5yrbands_y60_64,2017,61.636
tto,sex_m,age_5yrbands_y60_64,2018,61.64
tto,sex_m,age_5yrbands_y60_64,2019,61.893
tto,sex_m,age_5yrbands_y60_64,2020,62.146
tto,sex_m,age_5yrbands_y60_64,2021,62.399
tto,sex_m,age_5yrbands_y60_64,2022,62.651
tto,sex_m,age_5yrbands_y60_64,2023,62.904
tto,sex_m,age_5yrbands_y60_64,2024,63.157
tto,sex_m,age_5yrbands_y60_64,2025,63.41
tto,sex_m,age_5yrbands_y60_64,2026,63.663
tto,sex_m,age_5yrbands_y60_64,2027,63.916
tto,sex_m,age_5yrbands_y60_64,2028,64.168
tto,sex_m,age_5yrbands_y60_64,2029,64.421
tto,sex_m,age_5yrbands_y60_64,2030,64.674
tto,sex_m,age_5yrbands_yge65,1990,81.82
tto,sex_m,age_5yrbands_yge65,1991,83.35
tto,sex_m,age_5yrbands_yge65,1992,84.776
tto,sex_m,age_5yrbands_yge65,1993,86.1
tto,sex_m,age_5yrbands_yge65,1994,84.996
tto,sex_m,age_5yrbands_yge65,1995,83.82
tto,sex_m,age_5yrbands_yge65,1996,85.93
tto,sex_m,age_5yrbands_yge65,1997,85.564
tto,sex_m,age_5yrbands_yge65,1998,85.19
tto,sex_m,age_5yrbands_yge65,1999,84.26
tto,sex_m,age_5yrbands_yge65,2000,84.03
tto,sex_m,age_5yrbands_yge65,2001,85.693
tto,sex_m,age_5yrbands_yge65,2002,87.21
tto,sex_m,age_5yrbands_yge65,2003,86.274
tto,sex_m,age_5yrbands_yge65,2004,85.281
tto,sex_m,age_5yrbands_yge65,2005,84.23
tto,sex_m,age_5yrbands_yge65,2006,86.34
tto,sex_m,age_5yrbands_yge65,2007,86.82
tto,sex_m,age_5yrbands_yge65,2008,87.24
tto,sex_m,age_5yrbands_yge65,2009,87.766
tto,sex_m,age_5yrbands_yge65,2010,86.509
tto,sex_m,age_5yrbands_yge65,2011,88.505
tto,sex_m,age_5yrbands_yge65,2012,87.841
tto,sex_m,age_5yrbands_yge65,2013,88.241
tto,sex_m,age_5yrbands_yge65,2014,85.209
tto,sex_m,age_5yrbands_yge65,2015,87.914
tto,sex_m,age_5yrbands_yge65,2016,88.818
tto,sex_m,age_5yrbands_yge65,2017,88.761
tto,sex_m,age_5yrbands_yge65,2018,88.767
tto,sex_m,age_5yrbands_yge65,2019,88.905
tto,sex_m,age_5yrbands_yge65,2020,89.042
tto,sex_m,age_5yrbands_yge65,2021,89.18
tto,sex_m,age_5yrbands_yge65,2022,89.317
tto,sex_m,age_5yrbands_yge65,2023,89.455
tto,sex_m,age_5yrbands_yge65,2024,89.592
tto,sex_m,age_5yrbands_yge65,2025,89.73
tto,sex_m,age_5yrbands_yge65,2026,89.868
tto,sex_m,age_5yrbands_yge65,2027,90.005
tto,sex_m,age_5yrbands_yge65,2028,90.143
tto,sex_m,age_5yrbands_yge65,2029,90.28
tto,sex_m,age_5yrbands_yge65,2030,90.418
tto,sex_m,age_aggregate_total,1990,23.725
tto,sex_m,age_aggregate_total,1991,24.451
tto,sex_m,age_aggregate_total,1992,25.291
tto,sex_m,age_aggregate_total,1993,26.285
tto,sex_m,age_aggregate_total,1994,24.931
tto,sex_m,age_aggregate_total,1995,24.11
tto,sex_m,age_aggregate_total,1996,24.507
tto,sex_m,age_aggregate_total,1997,24.123
tto,sex_m,age_aggregate_total,1998,23.793
tto,sex_m,age_aggregate_total,1999,23.939
tto,sex_m,age_aggregate_total,2000,23.757
tto,sex_m,age_aggregate_total,2001,24.272
tto,sex_m,age_aggregate_total,2002,24.691
tto,sex_m,age_aggregate_total,2003,24.386
tto,sex_m,age_aggregate_total,2004,24.099
tto,sex_m,age_aggregate_total,2005,23.859
tto,sex_m,age_aggregate_total,2006,24.118
tto,sex_m,age_aggregate_total,2007,23.347
tto,sex_m,age_aggregate_total,2008,24.209
tto,sex_m,age_aggregate_total,2009,24.323
tto,sex_m,age_aggregate_total,2010,26.115
tto,sex_m,age_aggregate_total,2011,27.086
tto,sex_m,age_aggregate_total,2012,27.006
tto,sex_m,age_aggregate_total,2013,27.07
tto,sex_m,age_aggregate_total,2014,26.86
tto,sex_m,age_aggregate_total,2015,26.848
tto,sex_m,age_aggregate_total,2016,28.475
tto,sex_m,age_aggregate_total,2017,28.753
tto,sex_m,age_aggregate_total,2018,29.178
tto,sex_m,age_aggregate_total,2019,29.761
tto,sex_m,age_aggregate_total,2020,30.368
tto,sex_m,age_aggregate_total,2021,30.996
tto,sex_m,age_aggregate_total,2022,31.64
tto,sex_m,age_aggregate_total,2023,32.28
tto,sex_m,age_aggregate_total,2024,32.886
tto,sex_m,age_aggregate_total,2025,33.439
tto,sex_m,age_aggregate_total,2026,33.937
tto,sex_m,age_aggregate_total,2027,34.373
tto,sex_m,age_aggregate_total,2028,34.755
tto,sex_m,age_aggregate_total,2029,35.093
tto,sex_m,age_aggregate_total,2030,35.399
tto,sex_m,age_aggregate_y15_24,1990,36.198
tto,sex_m,age_aggregate_y15_24,1991,37.778
tto,sex_m,age_aggregate_y15_24,1992,39.2
tto,sex_m,age_aggregate_y15_24,1993,40.562
tto,sex_m,age_aggregate_y15_24,1994,39.076
tto,sex_m,age_aggregate_y15_24,1995,37.926
tto,sex_m,age_aggregate_y15_24,1996,38.627
tto,sex_m,age_aggregate_y15_24,1997,38.621
tto,sex_m,age_aggregate_y15_24,1998,38.64
tto,sex_m,age_aggregate_y15_24,1999,38.993
tto,sex_m,age_aggregate_y15_24,2000,38.803
tto,sex_m,age_aggregate_y15_24,2001,40.604
tto,sex_m,age_aggregate_y15_24,2002,41.965
tto,sex_m,age_aggregate_y15_24,2003,40.429
tto,sex_m,age_aggregate_y15_24,2004,39.014
tto,sex_m,age_aggregate_y15_24,2005,37.845
tto,sex_m,age_aggregate_y15_24,2006,39.655
tto,sex_m,age_aggregate_y15_24,2007,37.81
tto,sex_m,age_aggregate_y15_24,2008,40.118
tto,sex_m,age_aggregate_y15_24,2009,40.048
tto,sex_m,age_aggregate_y15_24,2010,45.678
tto,sex_m,age_aggregate_y15_24,2011,45.931
tto,sex_m,age_aggregate_y15_24,2012,46.98
tto,sex_m,age_aggregate_y15_24,2013,48.358
tto,sex_m,age_aggregate_y15_24,2014,49.321
tto,sex_m,age_aggregate_y15_24,2015,47.841
tto,sex_m,age_aggregate_y15_24,2016,51.506
tto,sex_m,age_aggregate_y15_24,2017,51.714
tto,sex_m,age_aggregate_y15_24,2018,52.283
tto,sex_m,age_aggregate_y15_24,2019,53.111
tto,sex_m,age_aggregate_y15_24,2020,53.851
tto,sex_m,age_aggregate_y15_24,2021,54.473
tto,sex_m,age_aggregate_y15_24,2022,54.988
tto,sex_m,age_aggregate_y15_24,2023,55.407
tto,sex_m,age_aggregate_y15_24,2024,55.752
tto,sex_m,age_aggregate_y15_24,2025,56.039
tto,sex_m,age_aggregate_y15_24,2026,56.247
tto,sex_m,age_aggregate_y15_24,2027,56.397
tto,sex_m,age_aggregate_y15_24,2028,56.508
tto,sex_m,age_aggregate_y15_24,2029,56.603
tto,sex_m,age_aggregate_y15_24,2030,56.691
tto,sex_m,age_aggregate_y25_54,1990,7.85
tto,sex_m,age_aggregate_y25_54,1991,8.408
tto,sex_m,age_aggregate_y25_54,1992,9.182
tto,sex_m,age_aggregate_y25_54,1993,10.193
tto,sex_m,age_aggregate_y25_54,1994,8.321
tto,sex_m,age_aggregate_y25_54,1995,7.128
tto,sex_m,age_aggregate_y25_54,1996,6.944
tto,sex_m,age_aggregate_y25_54,1997,6.396
tto,sex_m,age_aggregate_y25_54,1998,5.92
tto,sex_m,age_aggregate_y25_54,1999,5.727
tto,sex_m,age_aggregate_y25_54,2000,6.044
tto,sex_m,age_aggregate_y25_54,2001,5.683
tto,sex_m,age_aggregate_y25_54,2002,5.395
tto,sex_m,age_aggregate_y25_54,2003,5.525
tto,sex_m,age_aggregate_y25_54,2004,5.684
tto,sex_m,age_aggregate_y25_54,2005,5.869
tto,sex_m,age_aggregate_y25_54,2006,5.648
tto,sex_m,age_aggregate_y25_54,2007,5.114
tto,sex_m,age_aggregate_y25_54,2008,5.658
tto,sex_m,age_aggregate_y25_54,2009,6.022
tto,sex_m,age_aggregate_y25_54,2010,6.827
tto,sex_m,age_aggregate_y25_54,2011,7.613
tto,sex_m,age_aggregate_y25_54,2012,7.258
tto,sex_m,age_aggregate_y25_54,2013,7.177
tto,sex_m,age_aggregate_y25_54,2014,6.941
tto,sex_m,age_aggregate_y25_54,2015,7.097
tto,sex_m,age_aggregate_y25_54,2016,7.442
tto,sex_m,age_aggregate_y25_54,2017,7.37
tto,sex_m,age_aggregate_y25_54,2018,7.361
tto,sex_m,age_aggregate_y25_54,2019,7.466
tto,sex_m,age_aggregate_y25_54,2020,7.578
tto,sex_m,age_aggregate_y25_54,2021,7.696
tto,sex_m,age_aggregate_y25_54,2022,7.823
tto,sex_m,age_aggregate_y25_54,2023,7.956
tto,sex_m,age_aggregate_y25_54,2024,8.09
tto,sex_m,age_aggregate_y25_54,2025,8.22
tto,sex_m,age_aggregate_y25_54,2026,8.345
tto,sex_m,age_aggregate_y25_54,2027,8.465
tto,sex_m,age_aggregate_y25_54,2028,8.583
tto,sex_m,age_aggregate_y25_54,2029,8.702
tto,sex_m,age_aggregate_y25_54,2030,8.825
tto,sex_m,age_aggregate_y55_64,1990,37.896
tto,sex_m,age_aggregate_y55_64,1991,37.457
tto,sex_m,age_aggregate_y55_64,1992,36.978
tto,sex_m,age_aggregate_y55_64,1993,36.492
tto,sex_m,age_aggregate_y55_64,1994,38.784
tto,sex_m,age_aggregate_y55_64,1995,41.396
tto,sex_m,age_aggregate_y55_64,1996,42.357
tto,sex_m,age_aggregate_y55_64,1997,40.875
tto,sex_m,age_aggregate_y55_64,1998,39.348
tto,sex_m,age_aggregate_y55_64,1999,40.724
tto,sex_m,age_aggregate_y55_64,2000,36.366
tto,sex_m,age_aggregate_y55_64,2001,36.239
tto,sex_m,age_aggregate_y55_64,2002,36.159
tto,sex_m,age_aggregate_y55_64,2003,36.605
tto,sex_m,age_aggregate_y55_64,2004,37.047
tto,sex_m,age_aggregate_y55_64,2005,37.469
tto,sex_m,age_aggregate_y55_64,2006,35.144
tto,sex_m,age_aggregate_y55_64,2007,35.277
tto,sex_m,age_aggregate_y55_64,2008,35.647
tto,sex_m,age_aggregate_y55_64,2009,35.172
tto,sex_m,age_aggregate_y55_64,2010,37.381
tto,sex_m,age_aggregate_y55_64,2011,39.559
tto,sex_m,age_aggregate_y55_64,2012,39.102
tto,sex_m,age_aggregate_y55_64,2013,37.105
tto,sex_m,age_aggregate_y55_64,2014,36.884
tto,sex_m,age_aggregate_y55_64,2015,34.757
tto,sex_m,age_aggregate_y55_64,2016,38.06
tto,sex_m,age_aggregate_y55_64,2017,37.993
tto,sex_m,age_aggregate_y55_64,2018,37.933
tto,sex_m,age_aggregate_y55_64,2019,38.013
tto,sex_m,age_aggregate_y55_64,2020,38.317
tto,sex_m,age_aggregate_y55_64,2021,38.838
tto,sex_m,age_aggregate_y55_64,2022,39.605
tto,sex_m,age_aggregate_y55_64,2023,40.448
tto,sex_m,age_aggregate_y55_64,2024,41.085
tto,sex_m,age_aggregate_y55_64,2025,41.341
tto,sex_m,age_aggregate_y55_64,2026,41.247
tto,sex_m,age_aggregate_y55_64,2027,40.757
tto,sex_m,age_aggregate_y55_64,2028,40.025
tto,sex_m,age_aggregate_y55_64,2029,39.328
tto,sex_m,age_aggregate_y55_64,2030,38.852
tto,sex_m,age_aggregate_yge65,1990,81.82
tto,sex_m,age_aggregate_yge65,1991,83.35
tto,sex_m,age_aggregate_yge65,1992,84.776
tto,sex_m,age_aggregate_yge65,1993,86.1
tto,sex_m,age_aggregate_yge65,1994,84.996
tto,sex_m,age_aggregate_yge65,1995,83.82
tto,sex_m,age_aggregate_yge65,1996,85.93
tto,sex_m,age_aggregate_yge65,1997,85.564
tto,sex_m,age_aggregate_yge65,1998,85.19
tto,sex_m,age_aggregate_yge65,1999,84.26
tto,sex_m,age_aggregate_yge65,2000,84.03
tto,sex_m,age_aggregate_yge65,2001,85.693
tto,sex_m,age_aggregate_yge65,2002,87.21
tto,sex_m,age_aggregate_yge65,2003,86.274
tto,sex_m,age_aggregate_yge65,2004,85.281
tto,sex_m,age_aggregate_yge65,2005,84.23
tto,sex_m,age_aggregate_yge65,2006,86.34
tto,sex_m,age_aggregate_yge65,2007,86.82
tto,sex_m,age_aggregate_yge65,2008,87.24
tto,sex_m,age_aggregate_yge65,2009,87.766
tto,sex_m,age_aggregate_yge65,2010,86.509
tto,sex_m,age_aggregate_yge65,2011,88.505
tto,sex_m,age_aggregate_yge65,2012,87.841
tto,sex_m,age_aggregate_yge65,2013,88.241
tto,sex_m,age_aggregate_yge65,2014,85.209
tto,sex_m,age_aggregate_yge65,2015,87.914
tto,sex_m,age_aggregate_yge65,2016,88.818
tto,sex_m,age_aggregate_yge65,2017,88.761
tto,sex_m,age_aggregate_yge65,2018,88.767
tto,sex_m,age_aggregate_yge65,2019,88.905
tto,sex_m,age_aggregate_yge65,2020,89.042
tto,sex_m,age_aggregate_yge65,2021,89.18
tto,sex_m,age_aggregate_yge65,2022,89.317
tto,sex_m,age_aggregate_yge65,2023,89.455
tto,sex_m,age_aggregate_yge65,2024,89.592
tto,sex_m,age_aggregate_yge65,2025,89.73
tto,sex_m,age_aggregate_yge65,2026,89.868
tto,sex_m,age_aggregate_yge65,2027,90.005
tto,sex_m,age_aggregate_yge65,2028,90.143
tto,sex_m,age_aggregate_yge65,2029,90.28
tto,sex_m,age_aggregate_yge65,2030,90.418
tto,sex_m,age_ythadult_y15_24,1990,36.198
tto,sex_m,age_ythadult_y15_24,1991,37.778
tto,sex_m,age_ythadult_y15_24,1992,39.2
tto,sex_m,age_ythadult_y15_24,1993,40.562
tto,sex_m,age_ythadult_y15_24,1994,39.076
tto,sex_m,age_ythadult_y15_24,1995,37.926
tto,sex_m,age_ythadult_y15_24,1996,38.627
tto,sex_m,age_ythadult_y15_24,1997,38.621
tto,sex_m,age_ythadult_y15_24,1998,38.64
tto,sex_m,age_ythadult_y15_24,1999,38.993
tto,sex_m,age_ythadult_y15_24,2000,38.803
tto,sex_m,age_ythadult_y15_24,2001,40.604
tto,sex_m,age_ythadult_y15_24,2002,41.965
tto,sex_m,age_ythadult_y15_24,2003,40.429
tto,sex_m,age_ythadult_y15_24,2004,39.014
tto,sex_m,age_ythadult_y15_24,2005,37.845
tto,sex_m,age_ythadult_y15_24,2006,39.655
tto,sex_m,age_ythadult_y15_24,2007,37.81
tto,sex_m,age_ythadult_y15_24,2008,40.118
tto,sex_m,age_ythadult_y15_24,2009,40.048
tto,sex_m,age_ythadult_y15_24,2010,45.678
tto,sex_m,age_ythadult_y15_24,2011,45.931
tto,sex_m,age_ythadult_y15_24,2012,46.98
tto,sex_m,age_ythadult_y15_24,2013,48.358
tto,sex_m,age_ythadult_y15_24,2014,49.321
tto,sex_m,age_ythadult_y15_24,2015,47.841
tto,sex_m,age_ythadult_y15_24,2016,51.506
tto,sex_m,age_ythadult_y15_24,2017,51.714
tto,sex_m,age_ythadult_y15_24,2018,52.283
tto,sex_m,age_ythadult_y15_24,2019,53.111
tto,sex_m,age_ythadult_y15_24,2020,53.851
tto,sex_m,age_ythadult_y15_24,2021,54.473
tto,sex_m,age_ythadult_y15_24,2022,54.988
tto,sex_m,age_ythadult_y15_24,2023,55.407
tto,sex_m,age_ythadult_y15_24,2024,55.752
tto,sex_m,age_ythadult_y15_24,2025,56.039
tto,sex_m,age_ythadult_y15_24,2026,56.247
tto,sex_m,age_ythadult_y15_24,2027,56.397
tto,sex_m,age_ythadult_y15_24,2028,56.508
tto,sex_m,age_ythadult_y15_24,2029,56.603
tto,sex_m,age_ythadult_y15_24,2030,56.691
tto,sex_m,age_ythadult_y15_64,1990,18.884
tto,sex_m,age_ythadult_y15_64,1991,19.529
tto,sex_m,age_ythadult_y15_64,1992,20.316
tto,sex_m,age_ythadult_y15_64,1993,21.291
tto,sex_m,age_ythadult_y15_64,1994,19.942
tto,sex_m,age_ythadult_y15_64,1995,19.192
tto,sex_m,age_ythadult_y15_64,1996,19.449
tto,sex_m,age_ythadult_y15_64,1997,19.083
tto,sex_m,age_ythadult_y15_64,1998,18.784
tto,sex_m,age_ythadult_y15_64,1999,19.039
tto,sex_m,age_ythadult_y15_64,2000,18.869
tto,sex_m,age_ythadult_y15_64,2001,19.244
tto,sex_m,age_ythadult_y15_64,2002,19.515
tto,sex_m,age_ythadult_y15_64,2003,19.195
tto,sex_m,age_ythadult_y15_64,2004,18.887
tto,sex_m,age_ythadult_y15_64,2005,18.623
tto,sex_m,age_ythadult_y15_64,2006,18.566
tto,sex_m,age_ythadult_y15_64,2007,17.512
tto,sex_m,age_ythadult_y15_64,2008,18.23
tto,sex_m,age_ythadult_y15_64,2009,18.109
tto,sex_m,age_ythadult_y15_64,2010,20
tto,sex_m,age_ythadult_y15_64,2011,20.619
tto,sex_m,age_ythadult_y15_64,2012,20.346
tto,sex_m,age_ythadult_y15_64,2013,20.104
tto,sex_m,age_ythadult_y15_64,2014,19.948
tto,sex_m,age_ythadult_y15_64,2015,19.321
tto,sex_m,age_ythadult_y15_64,2016,20.703
tto,sex_m,age_ythadult_y15_64,2017,20.683
tto,sex_m,age_ythadult_y15_64,2018,20.819
tto,sex_m,age_ythadult_y15_64,2019,21.117
tto,sex_m,age_ythadult_y15_64,2020,21.441
tto,sex_m,age_ythadult_y15_64,2021,21.786
tto,sex_m,age_ythadult_y15_64,2022,22.161
tto,sex_m,age_ythadult_y15_64,2023,22.537
tto,sex_m,age_ythadult_y15_64,2024,22.862
tto,sex_m,age_ythadult_y15_64,2025,23.107
tto,sex_m,age_ythadult_y15_64,2026,23.267
tto,sex_m,age_ythadult_y15_64,2027,23.341
tto,sex_m,age_ythadult_y15_64,2028,23.363
tto,sex_m,age_ythadult_y15_64,2029,23.384
tto,sex_m,age_ythadult_y15_64,2030,23.438
tto,sex_m,age_ythadult_yge15,1990,23.725
tto,sex_m,age_ythadult_yge15,1991,24.451
tto,sex_m,age_ythadult_yge15,1992,25.291
tto,sex_m,age_ythadult_yge15,1993,26.285
tto,sex_m,age_ythadult_yge15,1994,24.931
tto,sex_m,age_ythadult_yge15,1995,24.11
tto,sex_m,age_ythadult_yge15,1996,24.507
tto,sex_m,age_ythadult_yge15,1997,24.123
tto,sex_m,age_ythadult_yge15,1998,23.793
tto,sex_m,age_ythadult_yge15,1999,23.939
tto,sex_m,age_ythadult_yge15,2000,23.757
tto,sex_m,age_ythadult_yge15,2001,24.272
tto,sex_m,age_ythadult_yge15,2002,24.691
tto,sex_m,age_ythadult_yge15,2003,24.386
tto,sex_m,age_ythadult_yge15,2004,24.099
tto,sex_m,age_ythadult_yge15,2005,23.859
tto,sex_m,age_ythadult_yge15,2006,24.118
tto,sex_m,age_ythadult_yge15,2007,23.347
tto,sex_m,age_ythadult_yge15,2008,24.209
tto,sex_m,age_ythadult_yge15,2009,24.323
tto,sex_m,age_ythadult_yge15,2010,26.115
tto,sex_m,age_ythadult_yge15,2011,27.086
tto,sex_m,age_ythadult_yge15,2012,27.006
tto,sex_m,age_ythadult_yge15,2013,27.07
tto,sex_m,age_ythadult_yge15,2014,26.86
tto,sex_m,age_ythadult_yge15,2015,26.848
tto,sex_m,age_ythadult_yge15,2016,28.475
tto,sex_m,age_ythadult_yge15,2017,28.753
tto,sex_m,age_ythadult_yge15,2018,29.178
tto,sex_m,age_ythadult_yge15,2019,29.761
tto,sex_m,age_ythadult_yge15,2020,30.368
tto,sex_m,age_ythadult_yge15,2021,30.996
tto,sex_m,age_ythadult_yge15,2022,31.64
tto,sex_m,age_ythadult_yge15,2023,32.28
tto,sex_m,age_ythadult_yge15,2024,32.886
tto,sex_m,age_ythadult_yge15,2025,33.439
tto,sex_m,age_ythadult_yge15,2026,33.937
tto,sex_m,age_ythadult_yge15,2027,34.373
tto,sex_m,age_ythadult_yge15,2028,34.755
tto,sex_m,age_ythadult_yge15,2029,35.093
tto,sex_m,age_ythadult_yge15,2030,35.399
tto,sex_m,age_ythadult_yge25,1990,18.976
tto,sex_m,age_ythadult_yge25,1991,19.489
tto,sex_m,age_ythadult_yge25,1992,20.184
tto,sex_m,age_ythadult_yge25,1993,21.072
tto,sex_m,age_ythadult_yge25,1994,19.759
tto,sex_m,age_ythadult_yge25,1995,19.023
tto,sex_m,age_ythadult_yge25,1996,19.285
tto,sex_m,age_ythadult_yge25,1997,18.717
tto,sex_m,age_ythadult_yge25,1998,18.2
tto,sex_m,age_ythadult_yge25,1999,18.211
tto,sex_m,age_ythadult_yge25,2000,17.992
tto,sex_m,age_ythadult_yge25,2001,18.017
tto,sex_m,age_ythadult_yge25,2002,18.103
tto,sex_m,age_ythadult_yge25,2003,18.327
tto,sex_m,age_ythadult_yge25,2004,18.566
tto,sex_m,age_ythadult_yge25,2005,18.815
tto,sex_m,age_ythadult_yge25,2006,18.747
tto,sex_m,age_ythadult_yge25,2007,18.608
tto,sex_m,age_ythadult_yge25,2008,19.305
tto,sex_m,age_ythadult_yge25,2009,19.771
tto,sex_m,age_ythadult_yge25,2010,20.787
tto,sex_m,age_ythadult_yge25,2011,22.222
tto,sex_m,age_ythadult_yge25,2012,22.119
tto,sex_m,age_ythadult_yge25,2013,22.121
tto,sex_m,age_ythadult_yge25,2014,21.879
tto,sex_m,age_ythadult_yge25,2015,22.379
tto,sex_m,age_ythadult_yge25,2016,23.737
tto,sex_m,age_ythadult_yge25,2017,24.153
tto,sex_m,age_ythadult_yge25,2018,24.638
tto,sex_m,age_ythadult_yge25,2019,25.231
tto,sex_m,age_ythadult_yge25,2020,25.844
tto,sex_m,age_ythadult_yge25,2021,26.478
tto,sex_m,age_ythadult_yge25,2022,27.126
tto,sex_m,age_ythadult_yge25,2023,27.773
tto,sex_m,age_ythadult_yge25,2024,28.39
tto,sex_m,age_ythadult_yge25,2025,28.96
tto,sex_m,age_ythadult_yge25,2026,29.481
tto,sex_m,age_ythadult_yge25,2027,29.949
tto,sex_m,age_ythadult_yge25,2028,30.369
tto,sex_m,age_ythadult_yge25,2029,30.753
tto,sex_m,age_ythadult_yge25,2030,31.113
tto,sex_t,age_10yrbands_total,1990,42.775
tto,sex_t,age_10yrbands_total,1991,42.373
tto,sex_t,age_10yrbands_total,1992,42.002
tto,sex_t,age_10yrbands_total,1993,41.69
tto,sex_t,age_10yrbands_total,1994,40.584
tto,sex_t,age_10yrbands_total,1995,39.785
tto,sex_t,age_10yrbands_total,1996,38.929
tto,sex_t,age_10yrbands_total,1997,38.753
tto,sex_t,age_10yrbands_total,1998,38.612
tto,sex_t,age_10yrbands_total,1999,38.707
tto,sex_t,age_10yrbands_total,2000,38.773
tto,sex_t,age_10yrbands_total,2001,38.758
tto,sex_t,age_10yrbands_total,2002,38.659
tto,sex_t,age_10yrbands_total,2003,37.513
tto,sex_t,age_10yrbands_total,2004,36.39
tto,sex_t,age_10yrbands_total,2005,35.312
tto,sex_t,age_10yrbands_total,2006,35.377
tto,sex_t,age_10yrbands_total,2007,35.624
tto,sex_t,age_10yrbands_total,2008,35.714
tto,sex_t,age_10yrbands_total,2009,36.493
tto,sex_t,age_10yrbands_total,2010,37.706
tto,sex_t,age_10yrbands_total,2011,38.544
tto,sex_t,age_10yrbands_total,2012,37.873
tto,sex_t,age_10yrbands_total,2013,37.791
tto,sex_t,age_10yrbands_total,2014,37.517
tto,sex_t,age_10yrbands_total,2015,38.239
tto,sex_t,age_10yrbands_total,2016,38.871
tto,sex_t,age_10yrbands_total,2017,39.29
tto,sex_t,age_10yrbands_total,2018,39.642
tto,sex_t,age_10yrbands_total,2019,40.043
tto,sex_t,age_10yrbands_total,2020,40.474
tto,sex_t,age_10yrbands_total,2021,40.926
tto,sex_t,age_10yrbands_total,2022,41.402
tto,sex_t,age_10yrbands_total,2023,41.883
tto,sex_t,age_10yrbands_total,2024,42.34
tto,sex_t,age_10yrbands_total,2025,42.756
tto,sex_t,age_10yrbands_total,2026,43.116
tto,sex_t,age_10yrbands_total,2027,43.429
tto,sex_t,age_10yrbands_total,2028,43.699
tto,sex_t,age_10yrbands_total,2029,43.935
tto,sex_t,age_10yrbands_total,2030,44.144
tto,sex_t,age_10yrbands_y15_24,1990,49.825
tto,sex_t,age_10yrbands_y15_24,1991,50.377
tto,sex_t,age_10yrbands_y15_24,1992,50.788
tto,sex_t,age_10yrbands_y15_24,1993,51.134
tto,sex_t,age_10yrbands_y15_24,1994,49.833
tto,sex_t,age_10yrbands_y15_24,1995,48.783
tto,sex_t,age_10yrbands_y15_24,1996,47.905
tto,sex_t,age_10yrbands_y15_24,1997,48.355
tto,sex_t,age_10yrbands_y15_24,1998,48.826
tto,sex_t,age_10yrbands_y15_24,1999,49.079
tto,sex_t,age_10yrbands_y15_24,2000,48.793
tto,sex_t,age_10yrbands_y15_24,2001,49.569
tto,sex_t,age_10yrbands_y15_24,2002,49.965
tto,sex_t,age_10yrbands_y15_24,2003,48.381
tto,sex_t,age_10yrbands_y15_24,2004,46.897
tto,sex_t,age_10yrbands_y15_24,2005,45.644
tto,sex_t,age_10yrbands_y15_24,2006,46.006
tto,sex_t,age_10yrbands_y15_24,2007,45.998
tto,sex_t,age_10yrbands_y15_24,2008,47.871
tto,sex_t,age_10yrbands_y15_24,2009,49.163
tto,sex_t,age_10yrbands_y15_24,2010,54.043
tto,sex_t,age_10yrbands_y15_24,2011,54.324
tto,sex_t,age_10yrbands_y15_24,2012,54.664
tto,sex_t,age_10yrbands_y15_24,2013,55.088
tto,sex_t,age_10yrbands_y15_24,2014,56.461
tto,sex_t,age_10yrbands_y15_24,2015,56.083
tto,sex_t,age_10yrbands_y15_24,2016,58.134
tto,sex_t,age_10yrbands_y15_24,2017,59.047
tto,sex_t,age_10yrbands_y15_24,2018,59.958
tto,sex_t,age_10yrbands_y15_24,2019,60.701
tto,sex_t,age_10yrbands_y15_24,2020,61.364
tto,sex_t,age_10yrbands_y15_24,2021,61.924
tto,sex_t,age_10yrbands_y15_24,2022,62.388
tto,sex_t,age_10yrbands_y15_24,2023,62.765
tto,sex_t,age_10yrbands_y15_24,2024,63.077
tto,sex_t,age_10yrbands_y15_24,2025,63.337
tto,sex_t,age_10yrbands_y15_24,2026,63.53
tto,sex_t,age_10yrbands_y15_24,2027,63.673
tto,sex_t,age_10yrbands_y15_24,2028,63.78
tto,sex_t,age_10yrbands_y15_24,2029,63.873
tto,sex_t,age_10yrbands_y15_24,2030,63.963
tto,sex_t,age_10yrbands_y25_34,1990,28.203
tto,sex_t,age_10yrbands_y25_34,1991,27.116
tto,sex_t,age_10yrbands_y25_34,1992,26.068
tto,sex_t,age_10yrbands_y25_34,1993,25.032
tto,sex_t,age_10yrbands_y25_34,1994,24.243
tto,sex_t,age_10yrbands_y25_34,1995,23.771
tto,sex_t,age_10yrbands_y25_34,1996,21.412
tto,sex_t,age_10yrbands_y25_34,1997,20.612
tto,sex_t,age_10yrbands_y25_34,1998,19.837
tto,sex_t,age_10yrbands_y25_34,1999,19.773
tto,sex_t,age_10yrbands_y25_34,2000,21.376
tto,sex_t,age_10yrbands_y25_34,2001,19.934
tto,sex_t,age_10yrbands_y25_34,2002,18.608
tto,sex_t,age_10yrbands_y25_34,2003,17.206
tto,sex_t,age_10yrbands_y25_34,2004,15.888
tto,sex_t,age_10yrbands_y25_34,2005,14.652
tto,sex_t,age_10yrbands_y25_34,2006,15.207
tto,sex_t,age_10yrbands_y25_34,2007,16.479
tto,sex_t,age_10yrbands_y25_34,2008,15.981
tto,sex_t,age_10yrbands_y25_34,2009,16.911
tto,sex_t,age_10yrbands_y25_34,2010,17.619
tto,sex_t,age_10yrbands_y25_34,2011,18.959
tto,sex_t,age_10yrbands_y25_34,2012,17.014
tto,sex_t,age_10yrbands_y25_34,2013,17.278
tto,sex_t,age_10yrbands_y25_34,2014,15.559
tto,sex_t,age_10yrbands_y25_34,2015,17.925
tto,sex_t,age_10yrbands_y25_34,2016,16.92
tto,sex_t,age_10yrbands_y25_34,2017,17.063
tto,sex_t,age_10yrbands_y25_34,2018,17.068
tto,sex_t,age_10yrbands_y25_34,2019,17.044
tto,sex_t,age_10yrbands_y25_34,2020,17.025
tto,sex_t,age_10yrbands_y25_34,2021,17.014
tto,sex_t,age_10yrbands_y25_34,2022,17.013
tto,sex_t,age_10yrbands_y25_34,2023,17.022
tto,sex_t,age_10yrbands_y25_34,2024,17.041
tto,sex_t,age_10yrbands_y25_34,2025,17.068
tto,sex_t,age_10yrbands_y25_34,2026,17.104
tto,sex_t,age_10yrbands_y25_34,2027,17.149
tto,sex_t,age_10yrbands_y25_34,2028,17.196
tto,sex_t,age_10yrbands_y25_34,2029,17.241
tto,sex_t,age_10yrbands_y25_34,2030,17.278
tto,sex_t,age_10yrbands_y35_44,1990,29.576
tto,sex_t,age_10yrbands_y35_44,1991,28.864
tto,sex_t,age_10yrbands_y35_44,1992,28.327
tto,sex_t,age_10yrbands_y35_44,1993,28.014
tto,sex_t,age_10yrbands_y35_44,1994,24.878
tto,sex_t,age_10yrbands_y35_44,1995,22.386
tto,sex_t,age_10yrbands_y35_44,1996,21.822
tto,sex_t,age_10yrbands_y35_44,1997,21.303
tto,sex_t,age_10yrbands_y35_44,1998,20.834
tto,sex_t,age_10yrbands_y35_44,1999,20.963
tto,sex_t,age_10yrbands_y35_44,2000,21.253
tto,sex_t,age_10yrbands_y35_44,2001,20.889
tto,sex_t,age_10yrbands_y35_44,2002,20.52
tto,sex_t,age_10yrbands_y35_44,2003,19.83
tto,sex_t,age_10yrbands_y35_44,2004,19.209
tto,sex_t,age_10yrbands_y35_44,2005,18.628
tto,sex_t,age_10yrbands_y35_44,2006,17.14
tto,sex_t,age_10yrbands_y35_44,2007,16.856
tto,sex_t,age_10yrbands_y35_44,2008,16.427
tto,sex_t,age_10yrbands_y35_44,2009,16.892
tto,sex_t,age_10yrbands_y35_44,2010,17.194
tto,sex_t,age_10yrbands_y35_44,2011,17.544
tto,sex_t,age_10yrbands_y35_44,2012,16.603
tto,sex_t,age_10yrbands_y35_44,2013,16.448
tto,sex_t,age_10yrbands_y35_44,2014,15.784
tto,sex_t,age_10yrbands_y35_44,2015,16.944
tto,sex_t,age_10yrbands_y35_44,2016,18.528
tto,sex_t,age_10yrbands_y35_44,2017,18.638
tto,sex_t,age_10yrbands_y35_44,2018,18.612
tto,sex_t,age_10yrbands_y35_44,2019,18.508
tto,sex_t,age_10yrbands_y35_44,2020,18.431
tto,sex_t,age_10yrbands_y35_44,2021,18.379
tto,sex_t,age_10yrbands_y35_44,2022,18.351
tto,sex_t,age_10yrbands_y35_44,2023,18.335
tto,sex_t,age_10yrbands_y35_44,2024,18.314
tto,sex_t,age_10yrbands_y35_44,2025,18.277
tto,sex_t,age_10yrbands_y35_44,2026,18.228
tto,sex_t,age_10yrbands_y35_44,2027,18.164
tto,sex_t,age_10yrbands_y35_44,2028,18.089
tto,sex_t,age_10yrbands_y35_44,2029,18.009
tto,sex_t,age_10yrbands_y35_44,2030,17.929
tto,sex_t,age_10yrbands_y45_54,1990,33.139
tto,sex_t,age_10yrbands_y45_54,1991,32.844
tto,sex_t,age_10yrbands_y45_54,1992,32.603
tto,sex_t,age_10yrbands_y45_54,1993,32.414
tto,sex_t,age_10yrbands_y45_54,1994,31.98
tto,sex_t,age_10yrbands_y45_54,1995,31.683
tto,sex_t,age_10yrbands_y45_54,1996,30.866
tto,sex_t,age_10yrbands_y45_54,1997,30.094
tto,sex_t,age_10yrbands_y45_54,1998,29.384
tto,sex_t,age_10yrbands_y45_54,1999,27.353
tto,sex_t,age_10yrbands_y45_54,2000,27.036
tto,sex_t,age_10yrbands_y45_54,2001,26.65
tto,sex_t,age_10yrbands_y45_54,2002,26.283
tto,sex_t,age_10yrbands_y45_54,2003,24.845
tto,sex_t,age_10yrbands_y45_54,2004,23.449
tto,sex_t,age_10yrbands_y45_54,2005,22.107
tto,sex_t,age_10yrbands_y45_54,2006,23.007
tto,sex_t,age_10yrbands_y45_54,2007,22.989
tto,sex_t,age_10yrbands_y45_54,2008,22.758
tto,sex_t,age_10yrbands_y45_54,2009,23.451
tto,sex_t,age_10yrbands_y45_54,2010,23.736
tto,sex_t,age_10yrbands_y45_54,2011,24.139
tto,sex_t,age_10yrbands_y45_54,2012,24.2
tto,sex_t,age_10yrbands_y45_54,2013,23.16
tto,sex_t,age_10yrbands_y45_54,2014,23.278
tto,sex_t,age_10yrbands_y45_54,2015,22.218
tto,sex_t,age_10yrbands_y45_54,2016,21.727
tto,sex_t,age_10yrbands_y45_54,2017,21.595
tto,sex_t,age_10yrbands_y45_54,2018,21.29
tto,sex_t,age_10yrbands_y45_54,2019,21.088
tto,sex_t,age_10yrbands_y45_54,2020,20.909
tto,sex_t,age_10yrbands_y45_54,2021,20.756
tto,sex_t,age_10yrbands_y45_54,2022,20.626
tto,sex_t,age_10yrbands_y45_54,2023,20.508
tto,sex_t,age_10yrbands_y45_54,2024,20.382
tto,sex_t,age_10yrbands_y45_54,2025,20.24
tto,sex_t,age_10yrbands_y45_54,2026,20.094
tto,sex_t,age_10yrbands_y45_54,2027,19.937
tto,sex_t,age_10yrbands_y45_54,2028,19.784
tto,sex_t,age_10yrbands_y45_54,2029,19.652
tto,sex_t,age_10yrbands_y45_54,2030,19.549
tto,sex_t,age_10yrbands_y55_64,1990,59.707
tto,sex_t,age_10yrbands_y55_64,1991,58.79
tto,sex_t,age_10yrbands_y55_64,1992,57.73
tto,sex_t,age_10yrbands_y55_64,1993,56.556
tto,sex_t,age_10yrbands_y55_64,1994,57.219
tto,sex_t,age_10yrbands_y55_64,1995,58.035
tto,sex_t,age_10yrbands_y55_64,1996,58.002
tto,sex_t,age_10yrbands_y55_64,1997,57.086
tto,sex_t,age_10yrbands_y55_64,1998,56.159
tto,sex_t,age_10yrbands_y55_64,1999,58.688
tto,sex_t,age_10yrbands_y55_64,2000,55.532
tto,sex_t,age_10yrbands_y55_64,2001,55.448
tto,sex_t,age_10yrbands_y55_64,2002,55.367
tto,sex_t,age_10yrbands_y55_64,2003,53.804
tto,sex_t,age_10yrbands_y55_64,2004,52.099
tto,sex_t,age_10yrbands_y55_64,2005,50.25
tto,sex_t,age_10yrbands_y55_64,2006,49.65
tto,sex_t,age_10yrbands_y55_64,2007,49.853
tto,sex_t,age_10yrbands_y55_64,2008,48.927
tto,sex_t,age_10yrbands_y55_64,2009,49.953
tto,sex_t,age_10yrbands_y55_64,2010,50.302
tto,sex_t,age_10yrbands_y55_64,2011,51.335
tto,sex_t,age_10yrbands_y55_64,2012,50.315
tto,sex_t,age_10yrbands_y55_64,2013,49.163
tto,sex_t,age_10yrbands_y55_64,2014,50.001
tto,sex_t,age_10yrbands_y55_64,2015,49.176
tto,sex_t,age_10yrbands_y55_64,2016,49.692
tto,sex_t,age_10yrbands_y55_64,2017,49.391
tto,sex_t,age_10yrbands_y55_64,2018,48.945
tto,sex_t,age_10yrbands_y55_64,2019,48.829
tto,sex_t,age_10yrbands_y55_64,2020,48.917
tto,sex_t,age_10yrbands_y55_64,2021,49.201
tto,sex_t,age_10yrbands_y55_64,2022,49.708
tto,sex_t,age_10yrbands_y55_64,2023,50.284
tto,sex_t,age_10yrbands_y55_64,2024,50.681
tto,sex_t,age_10yrbands_y55_64,2025,50.74
tto,sex_t,age_10yrbands_y55_64,2026,50.492
tto,sex_t,age_10yrbands_y55_64,2027,49.896
tto,sex_t,age_10yrbands_y55_64,2028,49.082
tto,sex_t,age_10yrbands_y55_64,2029,48.292
tto,sex_t,age_10yrbands_y55_64,2030,47.685
tto,sex_t,age_10yrbands_yge65,1990,89.566
tto,sex_t,age_10yrbands_yge65,1991,89.828
tto,sex_t,age_10yrbands_yge65,1992,89.972
tto,sex_t,age_10yrbands_yge65,1993,89.984
tto,sex_t,age_10yrbands_yge65,1994,89.575
tto,sex_t,age_10yrbands_yge65,1995,89.143
tto,sex_t,age_10yrbands_yge65,1996,89.727
tto,sex_t,age_10yrbands_yge65,1997,90.417
tto,sex_t,age_10yrbands_yge65,1998,90.951
tto,sex_t,age_10yrbands_yge65,1999,90.167
tto,sex_t,age_10yrbands_yge65,2000,89.716
tto,sex_t,age_10yrbands_yge65,2001,90.741
tto,sex_t,age_10yrbands_yge65,2002,91.679
tto,sex_t,age_10yrbands_yge65,2003,91.307
tto,sex_t,age_10yrbands_yge65,2004,90.914
tto,sex_t,age_10yrbands_yge65,2005,90.496
tto,sex_t,age_10yrbands_yge65,2006,91
tto,sex_t,age_10yrbands_yge65,2007,91.333
tto,sex_t,age_10yrbands_yge65,2008,91.311
tto,sex_t,age_10yrbands_yge65,2009,91.289
tto,sex_t,age_10yrbands_yge65,2010,90.225
tto,sex_t,age_10yrbands_yge65,2011,92.265
tto,sex_t,age_10yrbands_yge65,2012,91.841
tto,sex_t,age_10yrbands_yge65,2013,92.568
tto,sex_t,age_10yrbands_yge65,2014,90.576
tto,sex_t,age_10yrbands_yge65,2015,92.088
tto,sex_t,age_10yrbands_yge65,2016,92.186
tto,sex_t,age_10yrbands_yge65,2017,92.136
tto,sex_t,age_10yrbands_yge65,2018,92.072
tto,sex_t,age_10yrbands_yge65,2019,92.137
tto,sex_t,age_10yrbands_yge65,2020,92.203
tto,sex_t,age_10yrbands_yge65,2021,92.268
tto,sex_t,age_10yrbands_yge65,2022,92.335
tto,sex_t,age_10yrbands_yge65,2023,92.403
tto,sex_t,age_10yrbands_yge65,2024,92.474
tto,sex_t,age_10yrbands_yge65,2025,92.547
tto,sex_t,age_10yrbands_yge65,2026,92.618
tto,sex_t,age_10yrbands_yge65,2027,92.692
tto,sex_t,age_10yrbands_yge65,2028,92.767
tto,sex_t,age_10yrbands_yge65,2029,92.842
tto,sex_t,age_10yrbands_yge65,2030,92.919
tto,sex_t,age_5yrbands_total,1990,42.775
tto,sex_t,age_5yrbands_total,1991,42.373
tto,sex_t,age_5yrbands_total,1992,42.002
tto,sex_t,age_5yrbands_total,1993,41.69
tto,sex_t,age_5yrbands_total,1994,40.584
tto,sex_t,age_5yrbands_total,1995,39.785
tto,sex_t,age_5yrbands_total,1996,38.929
tto,sex_t,age_5yrbands_total,1997,38.753
tto,sex_t,age_5yrbands_total,1998,38.612
tto,sex_t,age_5yrbands_total,1999,38.707
tto,sex_t,age_5yrbands_total,2000,38.773
tto,sex_t,age_5yrbands_total,2001,38.758
tto,sex_t,age_5yrbands_total,2002,38.659
tto,sex_t,age_5yrbands_total,2003,37.513
tto,sex_t,age_5yrbands_total,2004,36.39
tto,sex_t,age_5yrbands_total,2005,35.312
tto,sex_t,age_5yrbands_total,2006,35.377
tto,sex_t,age_5yrbands_total,2007,35.624
tto,sex_t,age_5yrbands_total,2008,35.714
tto,sex_t,age_5yrbands_total,2009,36.493
tto,sex_t,age_5yrbands_total,2010,37.706
tto,sex_t,age_5yrbands_total,2011,38.544
tto,sex_t,age_5yrbands_total,2012,37.873
tto,sex_t,age_5yrbands_total,2013,37.791
tto,sex_t,age_5yrbands_total,2014,37.517
tto,sex_t,age_5yrbands_total,2015,38.239
tto,sex_t,age_5yrbands_total,2016,38.871
tto,sex_t,age_5yrbands_total,2017,39.29
tto,sex_t,age_5yrbands_total,2018,39.642
tto,sex_t,age_5yrbands_total,2019,40.043
tto,sex_t,age_5yrbands_total,2020,40.474
tto,sex_t,age_5yrbands_total,2021,40.926
tto,sex_t,age_5yrbands_total,2022,41.402
tto,sex_t,age_5yrbands_total,2023,41.883
tto,sex_t,age_5yrbands_total,2024,42.34
tto,sex_t,age_5yrbands_total,2025,42.756
tto,sex_t,age_5yrbands_total,2026,43.116
tto,sex_t,age_5yrbands_total,2027,43.429
tto,sex_t,age_5yrbands_total,2028,43.699
tto,sex_t,age_5yrbands_total,2029,43.935
tto,sex_t,age_5yrbands_total,2030,44.144
tto,sex_t,age_5yrbands_y15_19,1990,67.367
tto,sex_t,age_5yrbands_y15_19,1991,68.527
tto,sex_t,age_5yrbands_y15_19,1992,69.669
tto,sex_t,age_5yrbands_y15_19,1993,70.793
tto,sex_t,age_5yrbands_y15_19,1994,70.187
tto,sex_t,age_5yrbands_y15_19,1995,69.575
tto,sex_t,age_5yrbands_y15_19,1996,68.834
tto,sex_t,age_5yrbands_y15_19,1997,69.127
tto,sex_t,age_5yrbands_y15_19,1998,69.411
tto,sex_t,age_5yrbands_y15_19,1999,69.776
tto,sex_t,age_5yrbands_y15_19,2000,69.592
tto,sex_t,age_5yrbands_y15_19,2001,71.683
tto,sex_t,age_5yrbands_y15_19,2002,73.691
tto,sex_t,age_5yrbands_y15_19,2003,72.952
tto,sex_t,age_5yrbands_y15_19,2004,72.201
tto,sex_t,age_5yrbands_y15_19,2005,71.44
tto,sex_t,age_5yrbands_y15_19,2006,73.612
tto,sex_t,age_5yrbands_y15_19,2007,73.444
tto,sex_t,age_5yrbands_y15_19,2008,74.851
tto,sex_t,age_5yrbands_y15_19,2009,76.819
tto,sex_t,age_5yrbands_y15_19,2010,80.198
tto,sex_t,age_5yrbands_y15_19,2011,81.34
tto,sex_t,age_5yrbands_y15_19,2012,81.98
tto,sex_t,age_5yrbands_y15_19,2013,83.645
tto,sex_t,age_5yrbands_y15_19,2014,83.267
tto,sex_t,age_5yrbands_y15_19,2015,82.822
tto,sex_t,age_5yrbands_y15_19,2016,84.362
tto,sex_t,age_5yrbands_y15_19,2017,84.593
tto,sex_t,age_5yrbands_y15_19,2018,84.897
tto,sex_t,age_5yrbands_y15_19,2019,85.212
tto,sex_t,age_5yrbands_y15_19,2020,85.528
tto,sex_t,age_5yrbands_y15_19,2021,85.843
tto,sex_t,age_5yrbands_y15_19,2022,86.159
tto,sex_t,age_5yrbands_y15_19,2023,86.475
tto,sex_t,age_5yrbands_y15_19,2024,86.79
tto,sex_t,age_5yrbands_y15_19,2025,87.105
tto,sex_t,age_5yrbands_y15_19,2026,87.42
tto,sex_t,age_5yrbands_y15_19,2027,87.736
tto,sex_t,age_5yrbands_y15_19,2028,88.051
tto,sex_t,age_5yrbands_y15_19,2029,88.366
tto,sex_t,age_5yrbands_y15_19,2030,88.681
tto,sex_t,age_5yrbands_y20_24,1990,30.319
tto,sex_t,age_5yrbands_y20_24,1991,29.809
tto,sex_t,age_5yrbands_y20_24,1992,29.36
tto,sex_t,age_5yrbands_y20_24,1993,28.978
tto,sex_t,age_5yrbands_y20_24,1994,26.887
tto,sex_t,age_5yrbands_y20_24,1995,24.972
tto,sex_t,age_5yrbands_y20_24,1996,23.386
tto,sex_t,age_5yrbands_y20_24,1997,23.087
tto,sex_t,age_5yrbands_y20_24,1998,22.803
tto,sex_t,age_5yrbands_y20_24,1999,22.406
tto,sex_t,age_5yrbands_y20_24,2000,22.272
tto,sex_t,age_5yrbands_y20_24,2001,22.578
tto,sex_t,age_5yrbands_y20_24,2002,22.909
tto,sex_t,age_5yrbands_y20_24,2003,22.492
tto,sex_t,age_5yrbands_y20_24,2004,22.076
tto,sex_t,age_5yrbands_y20_24,2005,21.661
tto,sex_t,age_5yrbands_y20_24,2006,21.463
tto,sex_t,age_5yrbands_y20_24,2007,22.317
tto,sex_t,age_5yrbands_y20_24,2008,24.998
tto,sex_t,age_5yrbands_y20_24,2009,25.947
tto,sex_t,age_5yrbands_y20_24,2010,32.193
tto,sex_t,age_5yrbands_y20_24,2011,31.828
tto,sex_t,age_5yrbands_y20_24,2012,31.842
tto,sex_t,age_5yrbands_y20_24,2013,30.976
tto,sex_t,age_5yrbands_y20_24,2014,33.42
tto,sex_t,age_5yrbands_y20_24,2015,32.519
tto,sex_t,age_5yrbands_y20_24,2016,34.31
tto,sex_t,age_5yrbands_y20_24,2017,34.989
tto,sex_t,age_5yrbands_y20_24,2018,35.55
tto,sex_t,age_5yrbands_y20_24,2019,35.839
tto,sex_t,age_5yrbands_y20_24,2020,36.13
tto,sex_t,age_5yrbands_y20_24,2021,36.422
tto,sex_t,age_5yrbands_y20_24,2022,36.715
tto,sex_t,age_5yrbands_y20_24,2023,37.008
tto,sex_t,age_5yrbands_y20_24,2024,37.302
tto,sex_t,age_5yrbands_y20_24,2025,37.595
tto,sex_t,age_5yrbands_y20_24,2026,37.888
tto,sex_t,age_5yrbands_y20_24,2027,38.181
tto,sex_t,age_5yrbands_y20_24,2028,38.473
tto,sex_t,age_5yrbands_y20_24,2029,38.766
tto,sex_t,age_5yrbands_y20_24,2030,39.057
tto,sex_t,age_5yrbands_y25_29,1990,28.156
tto,sex_t,age_5yrbands_y25_29,1991,28.011
tto,sex_t,age_5yrbands_y25_29,1992,27.897
tto,sex_t,age_5yrbands_y25_29,1993,27.822
tto,sex_t,age_5yrbands_y25_29,1994,25.343
tto,sex_t,age_5yrbands_y25_29,1995,23.143
tto,sex_t,age_5yrbands_y25_29,1996,21.784
tto,sex_t,age_5yrbands_y25_29,1997,20.576
tto,sex_t,age_5yrbands_y25_29,1998,19.448
tto,sex_t,age_5yrbands_y25_29,1999,19.064
tto,sex_t,age_5yrbands_y25_29,2000,21.668
tto,sex_t,age_5yrbands_y25_29,2001,19.79
tto,sex_t,age_5yrbands_y25_29,2002,18.115
tto,sex_t,age_5yrbands_y25_29,2003,16.637
tto,sex_t,age_5yrbands_y25_29,2004,15.267
tto,sex_t,age_5yrbands_y25_29,2005,14.009
tto,sex_t,age_5yrbands_y25_29,2006,14.876
tto,sex_t,age_5yrbands_y25_29,2007,16.294
tto,sex_t,age_5yrbands_y25_29,2008,15.903
tto,sex_t,age_5yrbands_y25_29,2009,16.629
tto,sex_t,age_5yrbands_y25_29,2010,18.074
tto,sex_t,age_5yrbands_y25_29,2011,18.914
tto,sex_t,age_5yrbands_y25_29,2012,17.131
tto,sex_t,age_5yrbands_y25_29,2013,17.901
tto,sex_t,age_5yrbands_y25_29,2014,15.176
tto,sex_t,age_5yrbands_y25_29,2015,19.071
tto,sex_t,age_5yrbands_y25_29,2016,19.131
tto,sex_t,age_5yrbands_y25_29,2017,19.434
tto,sex_t,age_5yrbands_y25_29,2018,19.578
tto,sex_t,age_5yrbands_y25_29,2019,19.626
tto,sex_t,age_5yrbands_y25_29,2020,19.669
tto,sex_t,age_5yrbands_y25_29,2021,19.709
tto,sex_t,age_5yrbands_y25_29,2022,19.744
tto,sex_t,age_5yrbands_y25_29,2023,19.778
tto,sex_t,age_5yrbands_y25_29,2024,19.811
tto,sex_t,age_5yrbands_y25_29,2025,19.846
tto,sex_t,age_5yrbands_y25_29,2026,19.881
tto,sex_t,age_5yrbands_y25_29,2027,19.918
tto,sex_t,age_5yrbands_y25_29,2028,19.955
tto,sex_t,age_5yrbands_y25_29,2029,19.992
tto,sex_t,age_5yrbands_y25_29,2030,20.029
tto,sex_t,age_5yrbands_y30_34,1990,28.259
tto,sex_t,age_5yrbands_y30_34,1991,26.102
tto,sex_t,age_5yrbands_y30_34,1992,24.138
tto,sex_t,age_5yrbands_y30_34,1993,22.318
tto,sex_t,age_5yrbands_y30_34,1994,23.241
tto,sex_t,age_5yrbands_y30_34,1995,24.324
tto,sex_t,age_5yrbands_y30_34,1996,21.082
tto,sex_t,age_5yrbands_y30_34,1997,20.646
tto,sex_t,age_5yrbands_y30_34,1998,20.219
tto,sex_t,age_5yrbands_y30_34,1999,20.511
tto,sex_t,age_5yrbands_y30_34,2000,21.061
tto,sex_t,age_5yrbands_y30_34,2001,20.093
tto,sex_t,age_5yrbands_y30_34,2002,19.157
tto,sex_t,age_5yrbands_y30_34,2003,17.837
tto,sex_t,age_5yrbands_y30_34,2004,16.573
tto,sex_t,age_5yrbands_y30_34,2005,15.368
tto,sex_t,age_5yrbands_y30_34,2006,15.588
tto,sex_t,age_5yrbands_y30_34,2007,16.701
tto,sex_t,age_5yrbands_y30_34,2008,16.078
tto,sex_t,age_5yrbands_y30_34,2009,17.269
tto,sex_t,age_5yrbands_y30_34,2010,17.056
tto,sex_t,age_5yrbands_y30_34,2011,19.013
tto,sex_t,age_5yrbands_y30_34,2012,16.883
tto,sex_t,age_5yrbands_y30_34,2013,16.627
tto,sex_t,age_5yrbands_y30_34,2014,15.933
tto,sex_t,age_5yrbands_y30_34,2015,16.863
tto,sex_t,age_5yrbands_y30_34,2016,14.951
tto,sex_t,age_5yrbands_y30_34,2017,15.01
tto,sex_t,age_5yrbands_y30_34,2018,14.934
tto,sex_t,age_5yrbands_y30_34,2019,14.875
tto,sex_t,age_5yrbands_y30_34,2020,14.822
tto,sex_t,age_5yrbands_y30_34,2021,14.776
tto,sex_t,age_5yrbands_y30_34,2022,14.736
tto,sex_t,age_5yrbands_y30_34,2023,14.702
tto,sex_t,age_5yrbands_y30_34,2024,14.666
tto,sex_t,age_5yrbands_y30_34,2025,14.628
tto,sex_t,age_5yrbands_y30_34,2026,14.587
tto,sex_t,age_5yrbands_y30_34,2027,14.544
tto,sex_t,age_5yrbands_y30_34,2028,14.498
tto,sex_t,age_5yrbands_y30_34,2029,14.452
tto,sex_t,age_5yrbands_y30_34,2030,14.407
tto,sex_t,age_5yrbands_y35_39,1990,28.263
tto,sex_t,age_5yrbands_y35_39,1991,27.632
tto,sex_t,age_5yrbands_y35_39,1992,27.05
tto,sex_t,age_5yrbands_y35_39,1993,26.549
tto,sex_t,age_5yrbands_y35_39,1994,24.449
tto,sex_t,age_5yrbands_y35_39,1995,22.703
tto,sex_t,age_5yrbands_y35_39,1996,20.935
tto,sex_t,age_5yrbands_y35_39,1997,20.682
tto,sex_t,age_5yrbands_y35_39,1998,20.457
tto,sex_t,age_5yrbands_y35_39,1999,20.045
tto,sex_t,age_5yrbands_y35_39,2000,21.009
tto,sex_t,age_5yrbands_y35_39,2001,20.93
tto,sex_t,age_5yrbands_y35_39,2002,20.851
tto,sex_t,age_5yrbands_y35_39,2003,19.447
tto,sex_t,age_5yrbands_y35_39,2004,18.083
tto,sex_t,age_5yrbands_y35_39,2005,16.773
tto,sex_t,age_5yrbands_y35_39,2006,16.49
tto,sex_t,age_5yrbands_y35_39,2007,14.942
tto,sex_t,age_5yrbands_y35_39,2008,14.805
tto,sex_t,age_5yrbands_y35_39,2009,16.412
tto,sex_t,age_5yrbands_y35_39,2010,17.178
tto,sex_t,age_5yrbands_y35_39,2011,17.1
tto,sex_t,age_5yrbands_y35_39,2012,16.181
tto,sex_t,age_5yrbands_y35_39,2013,15.677
tto,sex_t,age_5yrbands_y35_39,2014,14.602
tto,sex_t,age_5yrbands_y35_39,2015,15.723
tto,sex_t,age_5yrbands_y35_39,2016,16.682
tto,sex_t,age_5yrbands_y35_39,2017,16.892
tto,sex_t,age_5yrbands_y35_39,2018,16.929
tto,sex_t,age_5yrbands_y35_39,2019,16.834
tto,sex_t,age_5yrbands_y35_39,2020,16.732
tto,sex_t,age_5yrbands_y35_39,2021,16.624
tto,sex_t,age_5yrbands_y35_39,2022,16.51
tto,sex_t,age_5yrbands_y35_39,2023,16.391
tto,sex_t,age_5yrbands_y35_39,2024,16.275
tto,sex_t,age_5yrbands_y35_39,2025,16.164
tto,sex_t,age_5yrbands_y35_39,2026,16.06
tto,sex_t,age_5yrbands_y35_39,2027,15.961
tto,sex_t,age_5yrbands_y35_39,2028,15.866
tto,sex_t,age_5yrbands_y35_39,2029,15.771
tto,sex_t,age_5yrbands_y35_39,2030,15.673
tto,sex_t,age_5yrbands_y40_44,1990,31.177
tto,sex_t,age_5yrbands_y40_44,1991,30.36
tto,sex_t,age_5yrbands_y40_44,1992,29.86
tto,sex_t,age_5yrbands_y40_44,1993,29.746
tto,sex_t,age_5yrbands_y40_44,1994,25.378
tto,sex_t,age_5yrbands_y40_44,1995,22.018
tto,sex_t,age_5yrbands_y40_44,1996,22.861
tto,sex_t,age_5yrbands_y40_44,1997,22.042
tto,sex_t,age_5yrbands_y40_44,1998,21.287
tto,sex_t,age_5yrbands_y40_44,1999,22.063
tto,sex_t,age_5yrbands_y40_44,2000,21.535
tto,sex_t,age_5yrbands_y40_44,2001,20.844
tto,sex_t,age_5yrbands_y40_44,2002,20.179
tto,sex_t,age_5yrbands_y40_44,2003,20.194
tto,sex_t,age_5yrbands_y40_44,2004,20.215
tto,sex_t,age_5yrbands_y40_44,2005,20.24
tto,sex_t,age_5yrbands_y40_44,2006,17.708
tto,sex_t,age_5yrbands_y40_44,2007,18.6
tto,sex_t,age_5yrbands_y40_44,2008,18.003
tto,sex_t,age_5yrbands_y40_44,2009,17.388
tto,sex_t,age_5yrbands_y40_44,2010,17.211
tto,sex_t,age_5yrbands_y40_44,2011,18.033
tto,sex_t,age_5yrbands_y40_44,2012,17.07
tto,sex_t,age_5yrbands_y40_44,2013,17.296
tto,sex_t,age_5yrbands_y40_44,2014,17.083
tto,sex_t,age_5yrbands_y40_44,2015,18.307
tto,sex_t,age_5yrbands_y40_44,2016,20.645
tto,sex_t,age_5yrbands_y40_44,2017,20.723
tto,sex_t,age_5yrbands_y40_44,2018,20.699
tto,sex_t,age_5yrbands_y40_44,2019,20.618
tto,sex_t,age_5yrbands_y40_44,2020,20.546
tto,sex_t,age_5yrbands_y40_44,2021,20.484
tto,sex_t,age_5yrbands_y40_44,2022,20.429
tto,sex_t,age_5yrbands_y40_44,2023,20.374
tto,sex_t,age_5yrbands_y40_44,2024,20.312
tto,sex_t,age_5yrbands_y40_44,2025,20.24
tto,sex_t,age_5yrbands_y40_44,2026,20.162
tto,sex_t,age_5yrbands_y40_44,2027,20.075
tto,sex_t,age_5yrbands_y40_44,2028,19.982
tto,sex_t,age_5yrbands_y40_44,2029,19.892
tto,sex_t,age_5yrbands_y40_44,2030,19.809
tto,sex_t,age_5yrbands_y45_49,1990,29.65
tto,sex_t,age_5yrbands_y45_49,1991,29.542
tto,sex_t,age_5yrbands_y45_49,1992,29.494
tto,sex_t,age_5yrbands_y45_49,1993,29.535
tto,sex_t,age_5yrbands_y45_49,1994,28.256
tto,sex_t,age_5yrbands_y45_49,1995,27.264
tto,sex_t,age_5yrbands_y45_49,1996,26.392
tto,sex_t,age_5yrbands_y45_49,1997,26.018
tto,sex_t,age_5yrbands_y45_49,1998,25.654
tto,sex_t,age_5yrbands_y45_49,1999,24.598
tto,sex_t,age_5yrbands_y45_49,2000,24.223
tto,sex_t,age_5yrbands_y45_49,2001,23.79
tto,sex_t,age_5yrbands_y45_49,2002,23.358
tto,sex_t,age_5yrbands_y45_49,2003,22.44
tto,sex_t,age_5yrbands_y45_49,2004,21.594
tto,sex_t,age_5yrbands_y45_49,2005,20.829
tto,sex_t,age_5yrbands_y45_49,2006,20.278
tto,sex_t,age_5yrbands_y45_49,2007,20.216
tto,sex_t,age_5yrbands_y45_49,2008,20.285
tto,sex_t,age_5yrbands_y45_49,2009,19.942
tto,sex_t,age_5yrbands_y45_49,2010,22.428
tto,sex_t,age_5yrbands_y45_49,2011,22.084
tto,sex_t,age_5yrbands_y45_49,2012,23.224
tto,sex_t,age_5yrbands_y45_49,2013,20.83
tto,sex_t,age_5yrbands_y45_49,2014,20.16
tto,sex_t,age_5yrbands_y45_49,2015,19.771
tto,sex_t,age_5yrbands_y45_49,2016,19.051
tto,sex_t,age_5yrbands_y45_49,2017,18.954
tto,sex_t,age_5yrbands_y45_49,2018,18.764
tto,sex_t,age_5yrbands_y45_49,2019,18.67
tto,sex_t,age_5yrbands_y45_49,2020,18.573
tto,sex_t,age_5yrbands_y45_49,2021,18.478
tto,sex_t,age_5yrbands_y45_49,2022,18.379
tto,sex_t,age_5yrbands_y45_49,2023,18.28
tto,sex_t,age_5yrbands_y45_49,2024,18.185
tto,sex_t,age_5yrbands_y45_49,2025,18.098
tto,sex_t,age_5yrbands_y45_49,2026,18.02
tto,sex_t,age_5yrbands_y45_49,2027,17.948
tto,sex_t,age_5yrbands_y45_49,2028,17.875
tto,sex_t,age_5yrbands_y45_49,2029,17.797
tto,sex_t,age_5yrbands_y45_49,2030,17.709
tto,sex_t,age_5yrbands_y50_54,1990,37.479
tto,sex_t,age_5yrbands_y50_54,1991,36.935
tto,sex_t,age_5yrbands_y50_54,1992,36.43
tto,sex_t,age_5yrbands_y50_54,1993,35.929
tto,sex_t,age_5yrbands_y50_54,1994,36.502
tto,sex_t,age_5yrbands_y50_54,1995,37.042
tto,sex_t,age_5yrbands_y50_54,1996,36.306
tto,sex_t,age_5yrbands_y50_54,1997,35.079
tto,sex_t,age_5yrbands_y50_54,1998,33.975
tto,sex_t,age_5yrbands_y50_54,1999,30.753
tto,sex_t,age_5yrbands_y50_54,2000,30.497
tto,sex_t,age_5yrbands_y50_54,2001,30.149
tto,sex_t,age_5yrbands_y50_54,2002,29.82
tto,sex_t,age_5yrbands_y50_54,2003,27.715
tto,sex_t,age_5yrbands_y50_54,2004,25.64
tto,sex_t,age_5yrbands_y50_54,2005,23.613
tto,sex_t,age_5yrbands_y50_54,2006,26.241
tto,sex_t,age_5yrbands_y50_54,2007,26.323
tto,sex_t,age_5yrbands_y50_54,2008,25.767
tto,sex_t,age_5yrbands_y50_54,2009,27.694
tto,sex_t,age_5yrbands_y50_54,2010,25.273
tto,sex_t,age_5yrbands_y50_54,2011,26.44
tto,sex_t,age_5yrbands_y50_54,2012,25.217
tto,sex_t,age_5yrbands_y50_54,2013,25.403
tto,sex_t,age_5yrbands_y50_54,2014,26.102
tto,sex_t,age_5yrbands_y50_54,2015,24.374
tto,sex_t,age_5yrbands_y50_54,2016,24.101
tto,sex_t,age_5yrbands_y50_54,2017,24.037
tto,sex_t,age_5yrbands_y50_54,2018,23.781
tto,sex_t,age_5yrbands_y50_54,2019,23.62
tto,sex_t,age_5yrbands_y50_54,2020,23.456
tto,sex_t,age_5yrbands_y50_54,2021,23.301
tto,sex_t,age_5yrbands_y50_54,2022,23.146
tto,sex_t,age_5yrbands_y50_54,2023,22.991
tto,sex_t,age_5yrbands_y50_54,2024,22.832
tto,sex_t,age_5yrbands_y50_54,2025,22.669
tto,sex_t,age_5yrbands_y50_54,2026,22.512
tto,sex_t,age_5yrbands_y50_54,2027,22.351
tto,sex_t,age_5yrbands_y50_54,2028,22.188
tto,sex_t,age_5yrbands_y50_54,2029,22.028
tto,sex_t,age_5yrbands_y50_54,2030,21.873
tto,sex_t,age_5yrbands_y55_59,1990,52.557
tto,sex_t,age_5yrbands_y55_59,1991,49.763
tto,sex_t,age_5yrbands_y55_59,1992,46.873
tto,sex_t,age_5yrbands_y55_59,1993,43.936
tto,sex_t,age_5yrbands_y55_59,1994,45.628
tto,sex_t,age_5yrbands_y55_59,1995,47.552
tto,sex_t,age_5yrbands_y55_59,1996,44.627
tto,sex_t,age_5yrbands_y55_59,1997,45.03
tto,sex_t,age_5yrbands_y55_59,1998,45.456
tto,sex_t,age_5yrbands_y55_59,1999,47.781
tto,sex_t,age_5yrbands_y55_59,2000,45.664
tto,sex_t,age_5yrbands_y55_59,2001,44.256
tto,sex_t,age_5yrbands_y55_59,2002,42.841
tto,sex_t,age_5yrbands_y55_59,2003,40.847
tto,sex_t,age_5yrbands_y55_59,2004,38.805
tto,sex_t,age_5yrbands_y55_59,2005,36.746
tto,sex_t,age_5yrbands_y55_59,2006,35.765
tto,sex_t,age_5yrbands_y55_59,2007,36.992
tto,sex_t,age_5yrbands_y55_59,2008,34.829
tto,sex_t,age_5yrbands_y55_59,2009,35.117
tto,sex_t,age_5yrbands_y55_59,2010,34.683
tto,sex_t,age_5yrbands_y55_59,2011,36.405
tto,sex_t,age_5yrbands_y55_59,2012,35.332
tto,sex_t,age_5yrbands_y55_59,2013,33.653
tto,sex_t,age_5yrbands_y55_59,2014,35.119
tto,sex_t,age_5yrbands_y55_59,2015,33.584
tto,sex_t,age_5yrbands_y55_59,2016,33.448
tto,sex_t,age_5yrbands_y55_59,2017,33.336
tto,sex_t,age_5yrbands_y55_59,2018,33.018
tto,sex_t,age_5yrbands_y55_59,2019,32.712
tto,sex_t,age_5yrbands_y55_59,2020,32.388
tto,sex_t,age_5yrbands_y55_59,2021,32.056
tto,sex_t,age_5yrbands_y55_59,2022,31.708
tto,sex_t,age_5yrbands_y55_59,2023,31.344
tto,sex_t,age_5yrbands_y55_59,2024,30.97
tto,sex_t,age_5yrbands_y55_59,2025,30.592
tto,sex_t,age_5yrbands_y55_59,2026,30.221
tto,sex_t,age_5yrbands_y55_59,2027,29.851
tto,sex_t,age_5yrbands_y55_59,2028,29.483
tto,sex_t,age_5yrbands_y55_59,2029,29.111
tto,sex_t,age_5yrbands_y55_59,2030,28.734
tto,sex_t,age_5yrbands_y60_64,1990,67.921
tto,sex_t,age_5yrbands_y60_64,1991,69.337
tto,sex_t,age_5yrbands_y60_64,1992,70.714
tto,sex_t,age_5yrbands_y60_64,1993,72.044
tto,sex_t,age_5yrbands_y60_64,1994,71.769
tto,sex_t,age_5yrbands_y60_64,1995,71.41
tto,sex_t,age_5yrbands_y60_64,1996,75.291
tto,sex_t,age_5yrbands_y60_64,1997,72.8
tto,sex_t,age_5yrbands_y60_64,1998,70.164
tto,sex_t,age_5yrbands_y60_64,1999,72.962
tto,sex_t,age_5yrbands_y60_64,2000,68.406
tto,sex_t,age_5yrbands_y60_64,2001,69.974
tto,sex_t,age_5yrbands_y60_64,2002,71.479
tto,sex_t,age_5yrbands_y60_64,2003,70.309
tto,sex_t,age_5yrbands_y60_64,2004,68.909
tto,sex_t,age_5yrbands_y60_64,2005,67.28
tto,sex_t,age_5yrbands_y60_64,2006,67.222
tto,sex_t,age_5yrbands_y60_64,2007,66.24
tto,sex_t,age_5yrbands_y60_64,2008,67.012
tto,sex_t,age_5yrbands_y60_64,2009,69.031
tto,sex_t,age_5yrbands_y60_64,2010,70.328
tto,sex_t,age_5yrbands_y60_64,2011,70.344
tto,sex_t,age_5yrbands_y60_64,2012,69.161
tto,sex_t,age_5yrbands_y60_64,2013,68.419
tto,sex_t,age_5yrbands_y60_64,2014,68.325
tto,sex_t,age_5yrbands_y60_64,2015,68.342
tto,sex_t,age_5yrbands_y60_64,2016,69.743
tto,sex_t,age_5yrbands_y60_64,2017,69.461
tto,sex_t,age_5yrbands_y60_64,2018,69.068
tto,sex_t,age_5yrbands_y60_64,2019,69.068
tto,sex_t,age_5yrbands_y60_64,2020,69.077
tto,sex_t,age_5yrbands_y60_64,2021,69.091
tto,sex_t,age_5yrbands_y60_64,2022,69.11
tto,sex_t,age_5yrbands_y60_64,2023,69.128
tto,sex_t,age_5yrbands_y60_64,2024,69.139
tto,sex_t,age_5yrbands_y60_64,2025,69.142
tto,sex_t,age_5yrbands_y60_64,2026,69.138
tto,sex_t,age_5yrbands_y60_64,2027,69.127
tto,sex_t,age_5yrbands_y60_64,2028,69.11
tto,sex_t,age_5yrbands_y60_64,2029,69.09
tto,sex_t,age_5yrbands_y60_64,2030,69.07
tto,sex_t,age_5yrbands_yge65,1990,89.566
tto,sex_t,age_5yrbands_yge65,1991,89.828
tto,sex_t,age_5yrbands_yge65,1992,89.972
tto,sex_t,age_5yrbands_yge65,1993,89.984
tto,sex_t,age_5yrbands_yge65,1994,89.575
tto,sex_t,age_5yrbands_yge65,1995,89.143
tto,sex_t,age_5yrbands_yge65,1996,89.727
tto,sex_t,age_5yrbands_yge65,1997,90.417
tto,sex_t,age_5yrbands_yge65,1998,90.951
tto,sex_t,age_5yrbands_yge65,1999,90.167
tto,sex_t,age_5yrbands_yge65,2000,89.716
tto,sex_t,age_5yrbands_yge65,2001,90.741
tto,sex_t,age_5yrbands_yge65,2002,91.679
tto,sex_t,age_5yrbands_yge65,2003,91.307
tto,sex_t,age_5yrbands_yge65,2004,90.914
tto,sex_t,age_5yrbands_yge65,2005,90.496
tto,sex_t,age_5yrbands_yge65,2006,91
tto,sex_t,age_5yrbands_yge65,2007,91.333
tto,sex_t,age_5yrbands_yge65,2008,91.311
tto,sex_t,age_5yrbands_yge65,2009,91.289
tto,sex_t,age_5yrbands_yge65,2010,90.225
tto,sex_t,age_5yrbands_yge65,2011,92.265
tto,sex_t,age_5yrbands_yge65,2012,91.841
tto,sex_t,age_5yrbands_yge65,2013,92.568
tto,sex_t,age_5yrbands_yge65,2014,90.576
tto,sex_t,age_5yrbands_yge65,2015,92.088
tto,sex_t,age_5yrbands_yge65,2016,92.186
tto,sex_t,age_5yrbands_yge65,2017,92.136
tto,sex_t,age_5yrbands_yge65,2018,92.072
tto,sex_t,age_5yrbands_yge65,2019,92.137
tto,sex_t,age_5yrbands_yge65,2020,92.203
tto,sex_t,age_5yrbands_yge65,2021,92.268
tto,sex_t,age_5yrbands_yge65,2022,92.335
tto,sex_t,age_5yrbands_yge65,2023,92.403
tto,sex_t,age_5yrbands_yge65,2024,92.474
tto,sex_t,age_5yrbands_yge65,2025,92.547
tto,sex_t,age_5yrbands_yge65,2026,92.618
tto,sex_t,age_5yrbands_yge65,2027,92.692
tto,sex_t,age_5yrbands_yge65,2028,92.767
tto,sex_t,age_5yrbands_yge65,2029,92.842
tto,sex_t,age_5yrbands_yge65,2030,92.919
tto,sex_t,age_aggregate_total,1990,42.775
tto,sex_t,age_aggregate_total,1991,42.373
tto,sex_t,age_aggregate_total,1992,42.002
tto,sex_t,age_aggregate_total,1993,41.69
tto,sex_t,age_aggregate_total,1994,40.584
tto,sex_t,age_aggregate_total,1995,39.785
tto,sex_t,age_aggregate_total,1996,38.929
tto,sex_t,age_aggregate_total,1997,38.753
tto,sex_t,age_aggregate_total,1998,38.612
tto,sex_t,age_aggregate_total,1999,38.707
tto,sex_t,age_aggregate_total,2000,38.773
tto,sex_t,age_aggregate_total,2001,38.758
tto,sex_t,age_aggregate_total,2002,38.659
tto,sex_t,age_aggregate_total,2003,37.513
tto,sex_t,age_aggregate_total,2004,36.39
tto,sex_t,age_aggregate_total,2005,35.312
tto,sex_t,age_aggregate_total,2006,35.377
tto,sex_t,age_aggregate_total,2007,35.624
tto,sex_t,age_aggregate_total,2008,35.714
tto,sex_t,age_aggregate_total,2009,36.493
tto,sex_t,age_aggregate_total,2010,37.706
tto,sex_t,age_aggregate_total,2011,38.544
tto,sex_t,age_aggregate_total,2012,37.873
tto,sex_t,age_aggregate_total,2013,37.791
tto,sex_t,age_aggregate_total,2014,37.517
tto,sex_t,age_aggregate_total,2015,38.239
tto,sex_t,age_aggregate_total,2016,38.871
tto,sex_t,age_aggregate_total,2017,39.29
tto,sex_t,age_aggregate_total,2018,39.642
tto,sex_t,age_aggregate_total,2019,40.043
tto,sex_t,age_aggregate_total,2020,40.474
tto,sex_t,age_aggregate_total,2021,40.926
tto,sex_t,age_aggregate_total,2022,41.402
tto,sex_t,age_aggregate_total,2023,41.883
tto,sex_t,age_aggregate_total,2024,42.34
tto,sex_t,age_aggregate_total,2025,42.756
tto,sex_t,age_aggregate_total,2026,43.116
tto,sex_t,age_aggregate_total,2027,43.429
tto,sex_t,age_aggregate_total,2028,43.699
tto,sex_t,age_aggregate_total,2029,43.935
tto,sex_t,age_aggregate_total,2030,44.144
tto,sex_t,age_aggregate_y15_24,1990,49.825
tto,sex_t,age_aggregate_y15_24,1991,50.377
tto,sex_t,age_aggregate_y15_24,1992,50.788
tto,sex_t,age_aggregate_y15_24,1993,51.134
tto,sex_t,age_aggregate_y15_24,1994,49.833
tto,sex_t,age_aggregate_y15_24,1995,48.783
tto,sex_t,age_aggregate_y15_24,1996,47.905
tto,sex_t,age_aggregate_y15_24,1997,48.355
tto,sex_t,age_aggregate_y15_24,1998,48.826
tto,sex_t,age_aggregate_y15_24,1999,49.079
tto,sex_t,age_aggregate_y15_24,2000,48.793
tto,sex_t,age_aggregate_y15_24,2001,49.569
tto,sex_t,age_aggregate_y15_24,2002,49.965
tto,sex_t,age_aggregate_y15_24,2003,48.381
tto,sex_t,age_aggregate_y15_24,2004,46.897
tto,sex_t,age_aggregate_y15_24,2005,45.644
tto,sex_t,age_aggregate_y15_24,2006,46.006
tto,sex_t,age_aggregate_y15_24,2007,45.998
tto,sex_t,age_aggregate_y15_24,2008,47.871
tto,sex_t,age_aggregate_y15_24,2009,49.163
tto,sex_t,age_aggregate_y15_24,2010,54.043
tto,sex_t,age_aggregate_y15_24,2011,54.324
tto,sex_t,age_aggregate_y15_24,2012,54.664
tto,sex_t,age_aggregate_y15_24,2013,55.088
tto,sex_t,age_aggregate_y15_24,2014,56.461
tto,sex_t,age_aggregate_y15_24,2015,56.083
tto,sex_t,age_aggregate_y15_24,2016,58.134
tto,sex_t,age_aggregate_y15_24,2017,59.047
tto,sex_t,age_aggregate_y15_24,2018,59.958
tto,sex_t,age_aggregate_y15_24,2019,60.701
tto,sex_t,age_aggregate_y15_24,2020,61.364
tto,sex_t,age_aggregate_y15_24,2021,61.924
tto,sex_t,age_aggregate_y15_24,2022,62.388
tto,sex_t,age_aggregate_y15_24,2023,62.765
tto,sex_t,age_aggregate_y15_24,2024,63.077
tto,sex_t,age_aggregate_y15_24,2025,63.337
tto,sex_t,age_aggregate_y15_24,2026,63.53
tto,sex_t,age_aggregate_y15_24,2027,63.673
tto,sex_t,age_aggregate_y15_24,2028,63.78
tto,sex_t,age_aggregate_y15_24,2029,63.873
tto,sex_t,age_aggregate_y15_24,2030,63.963
tto,sex_t,age_aggregate_y25_54,1990,29.723
tto,sex_t,age_aggregate_y25_54,1991,28.951
tto,sex_t,age_aggregate_y25_54,1992,28.282
tto,sex_t,age_aggregate_y25_54,1993,27.722
tto,sex_t,age_aggregate_y25_54,1994,26.27
tto,sex_t,age_aggregate_y25_54,1995,25.187
tto,sex_t,age_aggregate_y25_54,1996,23.866
tto,sex_t,age_aggregate_y25_54,1997,23.226
tto,sex_t,age_aggregate_y25_54,1998,22.635
tto,sex_t,age_aggregate_y25_54,1999,22.19
tto,sex_t,age_aggregate_y25_54,2000,22.841
tto,sex_t,age_aggregate_y25_54,2001,22.111
tto,sex_t,age_aggregate_y25_54,2002,21.429
tto,sex_t,age_aggregate_y25_54,2003,20.3
tto,sex_t,age_aggregate_y25_54,2004,19.226
tto,sex_t,age_aggregate_y25_54,2005,18.196
tto,sex_t,age_aggregate_y25_54,2006,18.164
tto,sex_t,age_aggregate_y25_54,2007,18.558
tto,sex_t,age_aggregate_y25_54,2008,18.185
tto,sex_t,age_aggregate_y25_54,2009,18.916
tto,sex_t,age_aggregate_y25_54,2010,19.379
tto,sex_t,age_aggregate_y25_54,2011,20.127
tto,sex_t,age_aggregate_y25_54,2012,19.077
tto,sex_t,age_aggregate_y25_54,2013,18.794
tto,sex_t,age_aggregate_y25_54,2014,17.913
tto,sex_t,age_aggregate_y25_54,2015,18.873
tto,sex_t,age_aggregate_y25_54,2016,18.825
tto,sex_t,age_aggregate_y25_54,2017,18.88
tto,sex_t,age_aggregate_y25_54,2018,18.795
tto,sex_t,age_aggregate_y25_54,2019,18.706
tto,sex_t,age_aggregate_y25_54,2020,18.638
tto,sex_t,age_aggregate_y25_54,2021,18.592
tto,sex_t,age_aggregate_y25_54,2022,18.567
tto,sex_t,age_aggregate_y25_54,2023,18.556
tto,sex_t,age_aggregate_y25_54,2024,18.544
tto,sex_t,age_aggregate_y25_54,2025,18.522
tto,sex_t,age_aggregate_y25_54,2026,18.494
tto,sex_t,age_aggregate_y25_54,2027,18.457
tto,sex_t,age_aggregate_y25_54,2028,18.415
tto,sex_t,age_aggregate_y25_54,2029,18.373
tto,sex_t,age_aggregate_y25_54,2030,18.336
tto,sex_t,age_aggregate_y55_64,1990,59.707
tto,sex_t,age_aggregate_y55_64,1991,58.79
tto,sex_t,age_aggregate_y55_64,1992,57.73
tto,sex_t,age_aggregate_y55_64,1993,56.556
tto,sex_t,age_aggregate_y55_64,1994,57.219
tto,sex_t,age_aggregate_y55_64,1995,58.035
tto,sex_t,age_aggregate_y55_64,1996,58.002
tto,sex_t,age_aggregate_y55_64,1997,57.086
tto,sex_t,age_aggregate_y55_64,1998,56.159
tto,sex_t,age_aggregate_y55_64,1999,58.688
tto,sex_t,age_aggregate_y55_64,2000,55.532
tto,sex_t,age_aggregate_y55_64,2001,55.448
tto,sex_t,age_aggregate_y55_64,2002,55.367
tto,sex_t,age_aggregate_y55_64,2003,53.804
tto,sex_t,age_aggregate_y55_64,2004,52.099
tto,sex_t,age_aggregate_y55_64,2005,50.25
tto,sex_t,age_aggregate_y55_64,2006,49.65
tto,sex_t,age_aggregate_y55_64,2007,49.853
tto,sex_t,age_aggregate_y55_64,2008,48.927
tto,sex_t,age_aggregate_y55_64,2009,49.953
tto,sex_t,age_aggregate_y55_64,2010,50.302
tto,sex_t,age_aggregate_y55_64,2011,51.335
tto,sex_t,age_aggregate_y55_64,2012,50.315
tto,sex_t,age_aggregate_y55_64,2013,49.163
tto,sex_t,age_aggregate_y55_64,2014,50.001
tto,sex_t,age_aggregate_y55_64,2015,49.176
tto,sex_t,age_aggregate_y55_64,2016,49.692
tto,sex_t,age_aggregate_y55_64,2017,49.391
tto,sex_t,age_aggregate_y55_64,2018,48.945
tto,sex_t,age_aggregate_y55_64,2019,48.829
tto,sex_t,age_aggregate_y55_64,2020,48.917
tto,sex_t,age_aggregate_y55_64,2021,49.201
tto,sex_t,age_aggregate_y55_64,2022,49.708
tto,sex_t,age_aggregate_y55_64,2023,50.284
tto,sex_t,age_aggregate_y55_64,2024,50.681
tto,sex_t,age_aggregate_y55_64,2025,50.74
tto,sex_t,age_aggregate_y55_64,2026,50.492
tto,sex_t,age_aggregate_y55_64,2027,49.896
tto,sex_t,age_aggregate_y55_64,2028,49.082
tto,sex_t,age_aggregate_y55_64,2029,48.292
tto,sex_t,age_aggregate_y55_64,2030,47.685
tto,sex_t,age_aggregate_yge65,1990,89.566
tto,sex_t,age_aggregate_yge65,1991,89.828
tto,sex_t,age_aggregate_yge65,1992,89.972
tto,sex_t,age_aggregate_yge65,1993,89.984
tto,sex_t,age_aggregate_yge65,1994,89.575
tto,sex_t,age_aggregate_yge65,1995,89.143
tto,sex_t,age_aggregate_yge65,1996,89.727
tto,sex_t,age_aggregate_yge65,1997,90.417
tto,sex_t,age_aggregate_yge65,1998,90.951
tto,sex_t,age_aggregate_yge65,1999,90.167
tto,sex_t,age_aggregate_yge65,2000,89.716
tto,sex_t,age_aggregate_yge65,2001,90.741
tto,sex_t,age_aggregate_yge65,2002,91.679
tto,sex_t,age_aggregate_yge65,2003,91.307
tto,sex_t,age_aggregate_yge65,2004,90.914
tto,sex_t,age_aggregate_yge65,2005,90.496
tto,sex_t,age_aggregate_yge65,2006,91
tto,sex_t,age_aggregate_yge65,2007,91.333
tto,sex_t,age_aggregate_yge65,2008,91.311
tto,sex_t,age_aggregate_yge65,2009,91.289
tto,sex_t,age_aggregate_yge65,2010,90.225
tto,sex_t,age_aggregate_yge65,2011,92.265
tto,sex_t,age_aggregate_yge65,2012,91.841
tto,sex_t,age_aggregate_yge65,2013,92.568
tto,sex_t,age_aggregate_yge65,2014,90.576
tto,sex_t,age_aggregate_yge65,2015,92.088
tto,sex_t,age_aggregate_yge65,2016,92.186
tto,sex_t,age_aggregate_yge65,2017,92.136
tto,sex_t,age_aggregate_yge65,2018,92.072
tto,sex_t,age_aggregate_yge65,2019,92.137
tto,sex_t,age_aggregate_yge65,2020,92.203
tto,sex_t,age_aggregate_yge65,2021,92.268
tto,sex_t,age_aggregate_yge65,2022,92.335
tto,sex_t,age_aggregate_yge65,2023,92.403
tto,sex_t,age_aggregate_yge65,2024,92.474
tto,sex_t,age_aggregate_yge65,2025,92.547
tto,sex_t,age_aggregate_yge65,2026,92.618
tto,sex_t,age_aggregate_yge65,2027,92.692
tto,sex_t,age_aggregate_yge65,2028,92.767
tto,sex_t,age_aggregate_yge65,2029,92.842
tto,sex_t,age_aggregate_yge65,2030,92.919
tto,sex_t,age_ythadult_y15_24,1990,49.825
tto,sex_t,age_ythadult_y15_24,1991,50.377
tto,sex_t,age_ythadult_y15_24,1992,50.788
tto,sex_t,age_ythadult_y15_24,1993,51.134
tto,sex_t,age_ythadult_y15_24,1994,49.833
tto,sex_t,age_ythadult_y15_24,1995,48.783
tto,sex_t,age_ythadult_y15_24,1996,47.905
tto,sex_t,age_ythadult_y15_24,1997,48.355
tto,sex_t,age_ythadult_y15_24,1998,48.826
tto,sex_t,age_ythadult_y15_24,1999,49.079
tto,sex_t,age_ythadult_y15_24,2000,48.793
tto,sex_t,age_ythadult_y15_24,2001,49.569
tto,sex_t,age_ythadult_y15_24,2002,49.965
tto,sex_t,age_ythadult_y15_24,2003,48.381
tto,sex_t,age_ythadult_y15_24,2004,46.897
tto,sex_t,age_ythadult_y15_24,2005,45.644
tto,sex_t,age_ythadult_y15_24,2006,46.006
tto,sex_t,age_ythadult_y15_24,2007,45.998
tto,sex_t,age_ythadult_y15_24,2008,47.871
tto,sex_t,age_ythadult_y15_24,2009,49.163
tto,sex_t,age_ythadult_y15_24,2010,54.043
tto,sex_t,age_ythadult_y15_24,2011,54.324
tto,sex_t,age_ythadult_y15_24,2012,54.664
tto,sex_t,age_ythadult_y15_24,2013,55.088
tto,sex_t,age_ythadult_y15_24,2014,56.461
tto,sex_t,age_ythadult_y15_24,2015,56.083
tto,sex_t,age_ythadult_y15_24,2016,58.134
tto,sex_t,age_ythadult_y15_24,2017,59.047
tto,sex_t,age_ythadult_y15_24,2018,59.958
tto,sex_t,age_ythadult_y15_24,2019,60.701
tto,sex_t,age_ythadult_y15_24,2020,61.364
tto,sex_t,age_ythadult_y15_24,2021,61.924
tto,sex_t,age_ythadult_y15_24,2022,62.388
tto,sex_t,age_ythadult_y15_24,2023,62.765
tto,sex_t,age_ythadult_y15_24,2024,63.077
tto,sex_t,age_ythadult_y15_24,2025,63.337
tto,sex_t,age_ythadult_y15_24,2026,63.53
tto,sex_t,age_ythadult_y15_24,2027,63.673
tto,sex_t,age_ythadult_y15_24,2028,63.78
tto,sex_t,age_ythadult_y15_24,2029,63.873
tto,sex_t,age_ythadult_y15_24,2030,63.963
tto,sex_t,age_ythadult_y15_64,1990,38.374
tto,sex_t,age_ythadult_y15_64,1991,37.883
tto,sex_t,age_ythadult_y15_64,1992,37.44
tto,sex_t,age_ythadult_y15_64,1993,37.081
tto,sex_t,age_ythadult_y15_64,1994,35.905
tto,sex_t,age_ythadult_y15_64,1995,35.082
tto,sex_t,age_ythadult_y15_64,1996,34.077
tto,sex_t,age_ythadult_y15_64,1997,33.822
tto,sex_t,age_ythadult_y15_64,1998,33.626
tto,sex_t,age_ythadult_y15_64,1999,33.809
tto,sex_t,age_ythadult_y15_64,2000,33.917
tto,sex_t,age_ythadult_y15_64,2001,33.764
tto,sex_t,age_ythadult_y15_64,2002,33.514
tto,sex_t,age_ythadult_y15_64,2003,32.228
tto,sex_t,age_ythadult_y15_64,2004,30.95
tto,sex_t,age_ythadult_y15_64,2005,29.705
tto,sex_t,age_ythadult_y15_64,2006,29.585
tto,sex_t,age_ythadult_y15_64,2007,29.667
tto,sex_t,age_ythadult_y15_64,2008,29.598
tto,sex_t,age_ythadult_y15_64,2009,30.284
tto,sex_t,age_ythadult_y15_64,2010,31.568
tto,sex_t,age_ythadult_y15_64,2011,32.053
tto,sex_t,age_ythadult_y15_64,2012,31.131
tto,sex_t,age_ythadult_y15_64,2013,30.71
tto,sex_t,age_ythadult_y15_64,2014,30.414
tto,sex_t,age_ythadult_y15_64,2015,30.765
tto,sex_t,age_ythadult_y15_64,2016,31.178
tto,sex_t,age_ythadult_y15_64,2017,31.363
tto,sex_t,age_ythadult_y15_64,2018,31.466
tto,sex_t,age_ythadult_y15_64,2019,31.602
tto,sex_t,age_ythadult_y15_64,2020,31.769
tto,sex_t,age_ythadult_y15_64,2021,31.961
tto,sex_t,age_ythadult_y15_64,2022,32.19
tto,sex_t,age_ythadult_y15_64,2023,32.422
tto,sex_t,age_ythadult_y15_64,2024,32.607
tto,sex_t,age_ythadult_y15_64,2025,32.713
tto,sex_t,age_ythadult_y15_64,2026,32.738
tto,sex_t,age_ythadult_y15_64,2027,32.682
tto,sex_t,age_ythadult_y15_64,2028,32.574
tto,sex_t,age_ythadult_y15_64,2029,32.466
tto,sex_t,age_ythadult_y15_64,2030,32.388
tto,sex_t,age_ythadult_yge15,1990,42.775
tto,sex_t,age_ythadult_yge15,1991,42.373
tto,sex_t,age_ythadult_yge15,1992,42.002
tto,sex_t,age_ythadult_yge15,1993,41.69
tto,sex_t,age_ythadult_yge15,1994,40.584
tto,sex_t,age_ythadult_yge15,1995,39.785
tto,sex_t,age_ythadult_yge15,1996,38.929
tto,sex_t,age_ythadult_yge15,1997,38.753
tto,sex_t,age_ythadult_yge15,1998,38.612
tto,sex_t,age_ythadult_yge15,1999,38.707
tto,sex_t,age_ythadult_yge15,2000,38.773
tto,sex_t,age_ythadult_yge15,2001,38.758
tto,sex_t,age_ythadult_yge15,2002,38.659
tto,sex_t,age_ythadult_yge15,2003,37.513
tto,sex_t,age_ythadult_yge15,2004,36.39
tto,sex_t,age_ythadult_yge15,2005,35.312
tto,sex_t,age_ythadult_yge15,2006,35.377
tto,sex_t,age_ythadult_yge15,2007,35.624
tto,sex_t,age_ythadult_yge15,2008,35.714
tto,sex_t,age_ythadult_yge15,2009,36.493
tto,sex_t,age_ythadult_yge15,2010,37.706
tto,sex_t,age_ythadult_yge15,2011,38.544
tto,sex_t,age_ythadult_yge15,2012,37.873
tto,sex_t,age_ythadult_yge15,2013,37.791
tto,sex_t,age_ythadult_yge15,2014,37.517
tto,sex_t,age_ythadult_yge15,2015,38.239
tto,sex_t,age_ythadult_yge15,2016,38.871
tto,sex_t,age_ythadult_yge15,2017,39.29
tto,sex_t,age_ythadult_yge15,2018,39.642
tto,sex_t,age_ythadult_yge15,2019,40.043
tto,sex_t,age_ythadult_yge15,2020,40.474
tto,sex_t,age_ythadult_yge15,2021,40.926
tto,sex_t,age_ythadult_yge15,2022,41.402
tto,sex_t,age_ythadult_yge15,2023,41.883
tto,sex_t,age_ythadult_yge15,2024,42.34
tto,sex_t,age_ythadult_yge15,2025,42.756
tto,sex_t,age_ythadult_yge15,2026,43.116
tto,sex_t,age_ythadult_yge15,2027,43.429
tto,sex_t,age_ythadult_yge15,2028,43.699
tto,sex_t,age_ythadult_yge15,2029,43.935
tto,sex_t,age_ythadult_yge15,2030,44.144
tto,sex_t,age_ythadult_yge25,1990,40.159
tto,sex_t,age_ythadult_yge25,1991,39.471
tto,sex_t,age_ythadult_yge25,1992,38.863
tto,sex_t,age_ythadult_yge25,1993,38.336
tto,sex_t,age_ythadult_yge25,1994,37.296
tto,sex_t,age_ythadult_yge25,1995,36.566
tto,sex_t,age_ythadult_yge25,1996,35.704
tto,sex_t,age_ythadult_yge25,1997,35.275
tto,sex_t,age_ythadult_yge25,1998,34.872
tto,sex_t,age_ythadult_yge25,1999,34.871
tto,sex_t,age_ythadult_yge25,2000,35.039
tto,sex_t,age_ythadult_yge25,2001,34.733
tto,sex_t,age_ythadult_yge25,2002,34.469
tto,sex_t,age_ythadult_yge25,2003,33.528
tto,sex_t,age_ythadult_yge25,2004,32.609
tto,sex_t,age_ythadult_yge25,2005,31.701
tto,sex_t,age_ythadult_yge25,2006,31.816
tto,sex_t,age_ythadult_yge25,2007,32.331
tto,sex_t,age_ythadult_yge25,2008,32.085
tto,sex_t,age_ythadult_yge25,2009,32.944
tto,sex_t,age_ythadult_yge25,2010,33.402
tto,sex_t,age_ythadult_yge25,2011,34.606
tto,sex_t,age_ythadult_yge25,2012,33.901
tto,sex_t,age_ythadult_yge25,2013,33.902
tto,sex_t,age_ythadult_yge25,2014,33.454
tto,sex_t,age_ythadult_yge25,2015,34.566
tto,sex_t,age_ythadult_yge25,2016,35.04
tto,sex_t,age_ythadult_yge25,2017,35.466
tto,sex_t,age_ythadult_yge25,2018,35.788
tto,sex_t,age_ythadult_yge25,2019,36.177
tto,sex_t,age_ythadult_yge25,2020,36.596
tto,sex_t,age_ythadult_yge25,2021,37.034
tto,sex_t,age_ythadult_yge25,2022,37.497
tto,sex_t,age_ythadult_yge25,2023,37.969
tto,sex_t,age_ythadult_yge25,2024,38.422
tto,sex_t,age_ythadult_yge25,2025,38.84
tto,sex_t,age_ythadult_yge25,2026,39.206
tto,sex_t,age_ythadult_yge25,2027,39.531
tto,sex_t,age_ythadult_yge25,2028,39.822
tto,sex_t,age_ythadult_yge25,2029,40.086
tto,sex_t,age_ythadult_yge25,2030,40.33
