ref_area,sex,classif1,classif2,time,mst_temp_sex_ocu_cbr_nb
cze,sex_f,ocu_isco08_0,cbr_bir_foreign,2023,1.107
cze,sex_f,ocu_isco08_0,cbr_bir_native,2021,2.149
cze,sex_f,ocu_isco08_0,cbr_bir_native,2023,12.187
cze,sex_f,ocu_isco08_0,cbr_bir_total,2021,2.425
cze,sex_f,ocu_isco08_0,cbr_bir_total,2023,13.294
cze,sex_f,ocu_isco08_1,cbr_bir_foreign,2011,0.97
cze,sex_f,ocu_isco08_1,cbr_bir_foreign,2012,1.472
cze,sex_f,ocu_isco08_1,cbr_bir_foreign,2013,2.355
cze,sex_f,ocu_isco08_1,cbr_bir_foreign,2014,2.361
cze,sex_f,ocu_isco08_1,cbr_bir_foreign,2015,4.034
cze,sex_f,ocu_isco08_1,cbr_bir_foreign,2016,2.572
cze,sex_f,ocu_isco08_1,cbr_bir_foreign,2017,2.491
cze,sex_f,ocu_isco08_1,cbr_bir_foreign,2018,1.661
cze,sex_f,ocu_isco08_1,cbr_bir_foreign,2019,2.819
cze,sex_f,ocu_isco08_1,cbr_bir_foreign,2020,2.044
cze,sex_f,ocu_isco08_1,cbr_bir_foreign,2021,2.183
cze,sex_f,ocu_isco08_1,cbr_bir_foreign,2022,4.446
cze,sex_f,ocu_isco08_1,cbr_bir_foreign,2023,4.152
cze,sex_f,ocu_isco08_1,cbr_bir_native,2011,58.583
cze,sex_f,ocu_isco08_1,cbr_bir_native,2012,64.287
cze,sex_f,ocu_isco08_1,cbr_bir_native,2013,71.492
cze,sex_f,ocu_isco08_1,cbr_bir_native,2014,69.142
cze,sex_f,ocu_isco08_1,cbr_bir_native,2015,76.902
cze,sex_f,ocu_isco08_1,cbr_bir_native,2016,66.062
cze,sex_f,ocu_isco08_1,cbr_bir_native,2017,59.426
cze,sex_f,ocu_isco08_1,cbr_bir_native,2018,63.907
cze,sex_f,ocu_isco08_1,cbr_bir_native,2019,60.895
cze,sex_f,ocu_isco08_1,cbr_bir_native,2020,60.524
cze,sex_f,ocu_isco08_1,cbr_bir_native,2021,72.965
cze,sex_f,ocu_isco08_1,cbr_bir_native,2022,63.948
cze,sex_f,ocu_isco08_1,cbr_bir_native,2023,67.298
cze,sex_f,ocu_isco08_1,cbr_bir_total,2011,59.552
cze,sex_f,ocu_isco08_1,cbr_bir_total,2012,65.759
cze,sex_f,ocu_isco08_1,cbr_bir_total,2013,73.847
cze,sex_f,ocu_isco08_1,cbr_bir_total,2014,71.503
cze,sex_f,ocu_isco08_1,cbr_bir_total,2015,80.935
cze,sex_f,ocu_isco08_1,cbr_bir_total,2016,68.634
cze,sex_f,ocu_isco08_1,cbr_bir_total,2017,61.917
cze,sex_f,ocu_isco08_1,cbr_bir_total,2018,65.567
cze,sex_f,ocu_isco08_1,cbr_bir_total,2019,63.714
cze,sex_f,ocu_isco08_1,cbr_bir_total,2020,62.568
cze,sex_f,ocu_isco08_1,cbr_bir_total,2021,75.148
cze,sex_f,ocu_isco08_1,cbr_bir_total,2022,68.394
cze,sex_f,ocu_isco08_1,cbr_bir_total,2023,71.449
cze,sex_f,ocu_isco08_2,cbr_bir_foreign,2011,6.445
cze,sex_f,ocu_isco08_2,cbr_bir_foreign,2012,9.218
cze,sex_f,ocu_isco08_2,cbr_bir_foreign,2013,9.46
cze,sex_f,ocu_isco08_2,cbr_bir_foreign,2014,9.411
cze,sex_f,ocu_isco08_2,cbr_bir_foreign,2015,13.972
cze,sex_f,ocu_isco08_2,cbr_bir_foreign,2016,15.85
cze,sex_f,ocu_isco08_2,cbr_bir_foreign,2017,20.565
cze,sex_f,ocu_isco08_2,cbr_bir_foreign,2018,17.76
cze,sex_f,ocu_isco08_2,cbr_bir_foreign,2019,17.957
cze,sex_f,ocu_isco08_2,cbr_bir_foreign,2020,18.812
cze,sex_f,ocu_isco08_2,cbr_bir_foreign,2021,23.095
cze,sex_f,ocu_isco08_2,cbr_bir_foreign,2022,22.574
cze,sex_f,ocu_isco08_2,cbr_bir_foreign,2023,24.426
cze,sex_f,ocu_isco08_2,cbr_bir_native,2011,324.293
cze,sex_f,ocu_isco08_2,cbr_bir_native,2012,366.775
cze,sex_f,ocu_isco08_2,cbr_bir_native,2013,388.131
cze,sex_f,ocu_isco08_2,cbr_bir_native,2014,398.531
cze,sex_f,ocu_isco08_2,cbr_bir_native,2015,407.979
cze,sex_f,ocu_isco08_2,cbr_bir_native,2016,407.021
cze,sex_f,ocu_isco08_2,cbr_bir_native,2017,401.921
cze,sex_f,ocu_isco08_2,cbr_bir_native,2018,441.941
cze,sex_f,ocu_isco08_2,cbr_bir_native,2019,430.707
cze,sex_f,ocu_isco08_2,cbr_bir_native,2020,440.014
cze,sex_f,ocu_isco08_2,cbr_bir_native,2021,487.105
cze,sex_f,ocu_isco08_2,cbr_bir_native,2022,487.992
cze,sex_f,ocu_isco08_2,cbr_bir_native,2023,482.368
cze,sex_f,ocu_isco08_2,cbr_bir_total,2011,330.738
cze,sex_f,ocu_isco08_2,cbr_bir_total,2012,375.993
cze,sex_f,ocu_isco08_2,cbr_bir_total,2013,397.591
cze,sex_f,ocu_isco08_2,cbr_bir_total,2014,407.941
cze,sex_f,ocu_isco08_2,cbr_bir_total,2015,421.951
cze,sex_f,ocu_isco08_2,cbr_bir_total,2016,422.871
cze,sex_f,ocu_isco08_2,cbr_bir_total,2017,422.486
cze,sex_f,ocu_isco08_2,cbr_bir_total,2018,459.701
cze,sex_f,ocu_isco08_2,cbr_bir_total,2019,448.664
cze,sex_f,ocu_isco08_2,cbr_bir_total,2020,458.827
cze,sex_f,ocu_isco08_2,cbr_bir_total,2021,510.2
cze,sex_f,ocu_isco08_2,cbr_bir_total,2022,510.566
cze,sex_f,ocu_isco08_2,cbr_bir_total,2023,506.794
cze,sex_f,ocu_isco08_3,cbr_bir_foreign,2011,6.654
cze,sex_f,ocu_isco08_3,cbr_bir_foreign,2012,9.234
cze,sex_f,ocu_isco08_3,cbr_bir_foreign,2013,7.264
cze,sex_f,ocu_isco08_3,cbr_bir_foreign,2014,8.549
cze,sex_f,ocu_isco08_3,cbr_bir_foreign,2015,7.259
cze,sex_f,ocu_isco08_3,cbr_bir_foreign,2016,9.304
cze,sex_f,ocu_isco08_3,cbr_bir_foreign,2017,10.111
cze,sex_f,ocu_isco08_3,cbr_bir_foreign,2018,8.067
cze,sex_f,ocu_isco08_3,cbr_bir_foreign,2019,10.829
cze,sex_f,ocu_isco08_3,cbr_bir_foreign,2020,11.875
cze,sex_f,ocu_isco08_3,cbr_bir_foreign,2021,10.168
cze,sex_f,ocu_isco08_3,cbr_bir_foreign,2022,12.034
cze,sex_f,ocu_isco08_3,cbr_bir_foreign,2023,11.838
cze,sex_f,ocu_isco08_3,cbr_bir_native,2011,408.819
cze,sex_f,ocu_isco08_3,cbr_bir_native,2012,380.888
cze,sex_f,ocu_isco08_3,cbr_bir_native,2013,362.733
cze,sex_f,ocu_isco08_3,cbr_bir_native,2014,373.127
cze,sex_f,ocu_isco08_3,cbr_bir_native,2015,364.975
cze,sex_f,ocu_isco08_3,cbr_bir_native,2016,385.994
cze,sex_f,ocu_isco08_3,cbr_bir_native,2017,409.801
cze,sex_f,ocu_isco08_3,cbr_bir_native,2018,390.304
cze,sex_f,ocu_isco08_3,cbr_bir_native,2019,380.88
cze,sex_f,ocu_isco08_3,cbr_bir_native,2020,393.266
cze,sex_f,ocu_isco08_3,cbr_bir_native,2021,366.386
cze,sex_f,ocu_isco08_3,cbr_bir_native,2022,349.698
cze,sex_f,ocu_isco08_3,cbr_bir_native,2023,390.92
cze,sex_f,ocu_isco08_3,cbr_bir_total,2011,415.473
cze,sex_f,ocu_isco08_3,cbr_bir_total,2012,390.122
cze,sex_f,ocu_isco08_3,cbr_bir_total,2013,369.997
cze,sex_f,ocu_isco08_3,cbr_bir_total,2014,381.676
cze,sex_f,ocu_isco08_3,cbr_bir_total,2015,372.234
cze,sex_f,ocu_isco08_3,cbr_bir_total,2016,395.298
cze,sex_f,ocu_isco08_3,cbr_bir_total,2017,419.912
cze,sex_f,ocu_isco08_3,cbr_bir_total,2018,398.371
cze,sex_f,ocu_isco08_3,cbr_bir_total,2019,391.71
cze,sex_f,ocu_isco08_3,cbr_bir_total,2020,405.141
cze,sex_f,ocu_isco08_3,cbr_bir_total,2021,376.554
cze,sex_f,ocu_isco08_3,cbr_bir_total,2022,361.732
cze,sex_f,ocu_isco08_3,cbr_bir_total,2023,402.757
cze,sex_f,ocu_isco08_4,cbr_bir_foreign,2011,5.981
cze,sex_f,ocu_isco08_4,cbr_bir_foreign,2012,6.583
cze,sex_f,ocu_isco08_4,cbr_bir_foreign,2013,6.81
cze,sex_f,ocu_isco08_4,cbr_bir_foreign,2014,7.222
cze,sex_f,ocu_isco08_4,cbr_bir_foreign,2015,8.199
cze,sex_f,ocu_isco08_4,cbr_bir_foreign,2016,6.547
cze,sex_f,ocu_isco08_4,cbr_bir_foreign,2017,9.873
cze,sex_f,ocu_isco08_4,cbr_bir_foreign,2018,8.271
cze,sex_f,ocu_isco08_4,cbr_bir_foreign,2019,11.35
cze,sex_f,ocu_isco08_4,cbr_bir_foreign,2020,9.643
cze,sex_f,ocu_isco08_4,cbr_bir_foreign,2021,12.33
cze,sex_f,ocu_isco08_4,cbr_bir_foreign,2022,13.312
cze,sex_f,ocu_isco08_4,cbr_bir_foreign,2023,8.127
cze,sex_f,ocu_isco08_4,cbr_bir_native,2011,349.601
cze,sex_f,ocu_isco08_4,cbr_bir_native,2012,348.828
cze,sex_f,ocu_isco08_4,cbr_bir_native,2013,367.095
cze,sex_f,ocu_isco08_4,cbr_bir_native,2014,356.258
cze,sex_f,ocu_isco08_4,cbr_bir_native,2015,356.101
cze,sex_f,ocu_isco08_4,cbr_bir_native,2016,370.21
cze,sex_f,ocu_isco08_4,cbr_bir_native,2017,389.393
cze,sex_f,ocu_isco08_4,cbr_bir_native,2018,378.192
cze,sex_f,ocu_isco08_4,cbr_bir_native,2019,384.506
cze,sex_f,ocu_isco08_4,cbr_bir_native,2020,365.084
cze,sex_f,ocu_isco08_4,cbr_bir_native,2021,366.508
cze,sex_f,ocu_isco08_4,cbr_bir_native,2022,333.378
cze,sex_f,ocu_isco08_4,cbr_bir_native,2023,249.084
cze,sex_f,ocu_isco08_4,cbr_bir_total,2011,355.582
cze,sex_f,ocu_isco08_4,cbr_bir_total,2012,355.411
cze,sex_f,ocu_isco08_4,cbr_bir_total,2013,373.905
cze,sex_f,ocu_isco08_4,cbr_bir_total,2014,363.48
cze,sex_f,ocu_isco08_4,cbr_bir_total,2015,364.3
cze,sex_f,ocu_isco08_4,cbr_bir_total,2016,376.801
cze,sex_f,ocu_isco08_4,cbr_bir_total,2017,399.508
cze,sex_f,ocu_isco08_4,cbr_bir_total,2018,386.463
cze,sex_f,ocu_isco08_4,cbr_bir_total,2019,395.855
cze,sex_f,ocu_isco08_4,cbr_bir_total,2020,374.728
cze,sex_f,ocu_isco08_4,cbr_bir_total,2021,378.838
cze,sex_f,ocu_isco08_4,cbr_bir_total,2022,346.691
cze,sex_f,ocu_isco08_4,cbr_bir_total,2023,257.211
cze,sex_f,ocu_isco08_5,cbr_bir_foreign,2011,14.682
cze,sex_f,ocu_isco08_5,cbr_bir_foreign,2012,13.631
cze,sex_f,ocu_isco08_5,cbr_bir_foreign,2013,17.733
cze,sex_f,ocu_isco08_5,cbr_bir_foreign,2014,16.715
cze,sex_f,ocu_isco08_5,cbr_bir_foreign,2015,18.285
cze,sex_f,ocu_isco08_5,cbr_bir_foreign,2016,16.897
cze,sex_f,ocu_isco08_5,cbr_bir_foreign,2017,19.116
cze,sex_f,ocu_isco08_5,cbr_bir_foreign,2018,24.497
cze,sex_f,ocu_isco08_5,cbr_bir_foreign,2019,22.839
cze,sex_f,ocu_isco08_5,cbr_bir_foreign,2020,20.116
cze,sex_f,ocu_isco08_5,cbr_bir_foreign,2021,22.924
cze,sex_f,ocu_isco08_5,cbr_bir_foreign,2022,33.539
cze,sex_f,ocu_isco08_5,cbr_bir_foreign,2023,29.824
cze,sex_f,ocu_isco08_5,cbr_bir_native,2011,463.207
cze,sex_f,ocu_isco08_5,cbr_bir_native,2012,470.686
cze,sex_f,ocu_isco08_5,cbr_bir_native,2013,473.661
cze,sex_f,ocu_isco08_5,cbr_bir_native,2014,468.08
cze,sex_f,ocu_isco08_5,cbr_bir_native,2015,483.133
cze,sex_f,ocu_isco08_5,cbr_bir_native,2016,495.254
cze,sex_f,ocu_isco08_5,cbr_bir_native,2017,492.522
cze,sex_f,ocu_isco08_5,cbr_bir_native,2018,509.386
cze,sex_f,ocu_isco08_5,cbr_bir_native,2019,515.36
cze,sex_f,ocu_isco08_5,cbr_bir_native,2020,492.97
cze,sex_f,ocu_isco08_5,cbr_bir_native,2021,481.927
cze,sex_f,ocu_isco08_5,cbr_bir_native,2022,504.73
cze,sex_f,ocu_isco08_5,cbr_bir_native,2023,491.844
cze,sex_f,ocu_isco08_5,cbr_bir_total,2011,477.889
cze,sex_f,ocu_isco08_5,cbr_bir_total,2012,484.317
cze,sex_f,ocu_isco08_5,cbr_bir_total,2013,491.394
cze,sex_f,ocu_isco08_5,cbr_bir_total,2014,484.795
cze,sex_f,ocu_isco08_5,cbr_bir_total,2015,501.418
cze,sex_f,ocu_isco08_5,cbr_bir_total,2016,512.151
cze,sex_f,ocu_isco08_5,cbr_bir_total,2017,511.638
cze,sex_f,ocu_isco08_5,cbr_bir_total,2018,533.984
cze,sex_f,ocu_isco08_5,cbr_bir_total,2019,538.438
cze,sex_f,ocu_isco08_5,cbr_bir_total,2020,513.154
cze,sex_f,ocu_isco08_5,cbr_bir_total,2021,504.851
cze,sex_f,ocu_isco08_5,cbr_bir_total,2022,538.268
cze,sex_f,ocu_isco08_5,cbr_bir_total,2023,521.668
cze,sex_f,ocu_isco08_6,cbr_bir_foreign,2011,0.768
cze,sex_f,ocu_isco08_6,cbr_bir_foreign,2012,0.536
cze,sex_f,ocu_isco08_6,cbr_bir_foreign,2013,0.806
cze,sex_f,ocu_isco08_6,cbr_bir_foreign,2014,1.066
cze,sex_f,ocu_isco08_6,cbr_bir_foreign,2015,0.409
cze,sex_f,ocu_isco08_6,cbr_bir_foreign,2017,0.153
cze,sex_f,ocu_isco08_6,cbr_bir_foreign,2018,0.546
cze,sex_f,ocu_isco08_6,cbr_bir_foreign,2019,0.674
cze,sex_f,ocu_isco08_6,cbr_bir_foreign,2020,1.01
cze,sex_f,ocu_isco08_6,cbr_bir_foreign,2021,1.369
cze,sex_f,ocu_isco08_6,cbr_bir_foreign,2023,1.219
cze,sex_f,ocu_isco08_6,cbr_bir_native,2011,22.784
cze,sex_f,ocu_isco08_6,cbr_bir_native,2012,23.255
cze,sex_f,ocu_isco08_6,cbr_bir_native,2013,22.26
cze,sex_f,ocu_isco08_6,cbr_bir_native,2014,18.741
cze,sex_f,ocu_isco08_6,cbr_bir_native,2015,17.543
cze,sex_f,ocu_isco08_6,cbr_bir_native,2016,22.375
cze,sex_f,ocu_isco08_6,cbr_bir_native,2017,22.437
cze,sex_f,ocu_isco08_6,cbr_bir_native,2018,23.814
cze,sex_f,ocu_isco08_6,cbr_bir_native,2019,22.991
cze,sex_f,ocu_isco08_6,cbr_bir_native,2020,19.798
cze,sex_f,ocu_isco08_6,cbr_bir_native,2021,16.81
cze,sex_f,ocu_isco08_6,cbr_bir_native,2022,19.09
cze,sex_f,ocu_isco08_6,cbr_bir_native,2023,19.462
cze,sex_f,ocu_isco08_6,cbr_bir_total,2011,23.552
cze,sex_f,ocu_isco08_6,cbr_bir_total,2012,23.791
cze,sex_f,ocu_isco08_6,cbr_bir_total,2013,23.067
cze,sex_f,ocu_isco08_6,cbr_bir_total,2014,19.807
cze,sex_f,ocu_isco08_6,cbr_bir_total,2015,17.951
cze,sex_f,ocu_isco08_6,cbr_bir_total,2016,22.505
cze,sex_f,ocu_isco08_6,cbr_bir_total,2017,22.59
cze,sex_f,ocu_isco08_6,cbr_bir_total,2018,24.36
cze,sex_f,ocu_isco08_6,cbr_bir_total,2019,23.665
cze,sex_f,ocu_isco08_6,cbr_bir_total,2020,20.808
cze,sex_f,ocu_isco08_6,cbr_bir_total,2021,18.179
cze,sex_f,ocu_isco08_6,cbr_bir_total,2022,19.909
cze,sex_f,ocu_isco08_6,cbr_bir_total,2023,20.681
cze,sex_f,ocu_isco08_7,cbr_bir_foreign,2011,4.021
cze,sex_f,ocu_isco08_7,cbr_bir_foreign,2012,3.619
cze,sex_f,ocu_isco08_7,cbr_bir_foreign,2013,3.119
cze,sex_f,ocu_isco08_7,cbr_bir_foreign,2014,3.437
cze,sex_f,ocu_isco08_7,cbr_bir_foreign,2015,3.482
cze,sex_f,ocu_isco08_7,cbr_bir_foreign,2016,3.555
cze,sex_f,ocu_isco08_7,cbr_bir_foreign,2017,4.651
cze,sex_f,ocu_isco08_7,cbr_bir_foreign,2018,4.147
cze,sex_f,ocu_isco08_7,cbr_bir_foreign,2019,2.603
cze,sex_f,ocu_isco08_7,cbr_bir_foreign,2020,4.741
cze,sex_f,ocu_isco08_7,cbr_bir_foreign,2021,4.999
cze,sex_f,ocu_isco08_7,cbr_bir_foreign,2022,4.589
cze,sex_f,ocu_isco08_7,cbr_bir_foreign,2023,7.492
cze,sex_f,ocu_isco08_7,cbr_bir_native,2011,86.305
cze,sex_f,ocu_isco08_7,cbr_bir_native,2012,85.776
cze,sex_f,ocu_isco08_7,cbr_bir_native,2013,86.371
cze,sex_f,ocu_isco08_7,cbr_bir_native,2014,90.001
cze,sex_f,ocu_isco08_7,cbr_bir_native,2015,93.079
cze,sex_f,ocu_isco08_7,cbr_bir_native,2016,90.163
cze,sex_f,ocu_isco08_7,cbr_bir_native,2017,90.733
cze,sex_f,ocu_isco08_7,cbr_bir_native,2018,87.065
cze,sex_f,ocu_isco08_7,cbr_bir_native,2019,98.134
cze,sex_f,ocu_isco08_7,cbr_bir_native,2020,88.885
cze,sex_f,ocu_isco08_7,cbr_bir_native,2021,73.383
cze,sex_f,ocu_isco08_7,cbr_bir_native,2022,82.231
cze,sex_f,ocu_isco08_7,cbr_bir_native,2023,75.938
cze,sex_f,ocu_isco08_7,cbr_bir_total,2011,90.326
cze,sex_f,ocu_isco08_7,cbr_bir_total,2012,89.395
cze,sex_f,ocu_isco08_7,cbr_bir_total,2013,89.489
cze,sex_f,ocu_isco08_7,cbr_bir_total,2014,93.438
cze,sex_f,ocu_isco08_7,cbr_bir_total,2015,96.561
cze,sex_f,ocu_isco08_7,cbr_bir_total,2016,93.717
cze,sex_f,ocu_isco08_7,cbr_bir_total,2017,95.384
cze,sex_f,ocu_isco08_7,cbr_bir_total,2018,91.212
cze,sex_f,ocu_isco08_7,cbr_bir_total,2019,100.737
cze,sex_f,ocu_isco08_7,cbr_bir_total,2020,93.626
cze,sex_f,ocu_isco08_7,cbr_bir_total,2021,78.382
cze,sex_f,ocu_isco08_7,cbr_bir_total,2022,86.82
cze,sex_f,ocu_isco08_7,cbr_bir_total,2023,83.429
cze,sex_f,ocu_isco08_8,cbr_bir_foreign,2011,5.236
cze,sex_f,ocu_isco08_8,cbr_bir_foreign,2012,6.54
cze,sex_f,ocu_isco08_8,cbr_bir_foreign,2013,7.713
cze,sex_f,ocu_isco08_8,cbr_bir_foreign,2014,8.059
cze,sex_f,ocu_isco08_8,cbr_bir_foreign,2015,7.752
cze,sex_f,ocu_isco08_8,cbr_bir_foreign,2016,8.437
cze,sex_f,ocu_isco08_8,cbr_bir_foreign,2017,10.451
cze,sex_f,ocu_isco08_8,cbr_bir_foreign,2018,12.167
cze,sex_f,ocu_isco08_8,cbr_bir_foreign,2019,12.145
cze,sex_f,ocu_isco08_8,cbr_bir_foreign,2020,15.209
cze,sex_f,ocu_isco08_8,cbr_bir_foreign,2021,12.658
cze,sex_f,ocu_isco08_8,cbr_bir_foreign,2022,20.849
cze,sex_f,ocu_isco08_8,cbr_bir_foreign,2023,20.768
cze,sex_f,ocu_isco08_8,cbr_bir_native,2011,162.951
cze,sex_f,ocu_isco08_8,cbr_bir_native,2012,156.053
cze,sex_f,ocu_isco08_8,cbr_bir_native,2013,147.638
cze,sex_f,ocu_isco08_8,cbr_bir_native,2014,159.554
cze,sex_f,ocu_isco08_8,cbr_bir_native,2015,168.498
cze,sex_f,ocu_isco08_8,cbr_bir_native,2016,175.538
cze,sex_f,ocu_isco08_8,cbr_bir_native,2017,186.144
cze,sex_f,ocu_isco08_8,cbr_bir_native,2018,197.065
cze,sex_f,ocu_isco08_8,cbr_bir_native,2019,177.284
cze,sex_f,ocu_isco08_8,cbr_bir_native,2020,167.792
cze,sex_f,ocu_isco08_8,cbr_bir_native,2021,168.878
cze,sex_f,ocu_isco08_8,cbr_bir_native,2022,158.009
cze,sex_f,ocu_isco08_8,cbr_bir_native,2023,159.294
cze,sex_f,ocu_isco08_8,cbr_bir_total,2011,168.187
cze,sex_f,ocu_isco08_8,cbr_bir_total,2012,162.593
cze,sex_f,ocu_isco08_8,cbr_bir_total,2013,155.351
cze,sex_f,ocu_isco08_8,cbr_bir_total,2014,167.612
cze,sex_f,ocu_isco08_8,cbr_bir_total,2015,176.25
cze,sex_f,ocu_isco08_8,cbr_bir_total,2016,183.975
cze,sex_f,ocu_isco08_8,cbr_bir_total,2017,196.595
cze,sex_f,ocu_isco08_8,cbr_bir_total,2018,209.232
cze,sex_f,ocu_isco08_8,cbr_bir_total,2019,189.429
cze,sex_f,ocu_isco08_8,cbr_bir_total,2020,183
cze,sex_f,ocu_isco08_8,cbr_bir_total,2021,181.536
cze,sex_f,ocu_isco08_8,cbr_bir_total,2022,178.859
cze,sex_f,ocu_isco08_8,cbr_bir_total,2023,180.062
cze,sex_f,ocu_isco08_9,cbr_bir_foreign,2011,6.812
cze,sex_f,ocu_isco08_9,cbr_bir_foreign,2012,7.266
cze,sex_f,ocu_isco08_9,cbr_bir_foreign,2013,7.579
cze,sex_f,ocu_isco08_9,cbr_bir_foreign,2014,11.729
cze,sex_f,ocu_isco08_9,cbr_bir_foreign,2015,11.264
cze,sex_f,ocu_isco08_9,cbr_bir_foreign,2016,10.407
cze,sex_f,ocu_isco08_9,cbr_bir_foreign,2017,10.124
cze,sex_f,ocu_isco08_9,cbr_bir_foreign,2018,13.37
cze,sex_f,ocu_isco08_9,cbr_bir_foreign,2019,14.504
cze,sex_f,ocu_isco08_9,cbr_bir_foreign,2020,13.261
cze,sex_f,ocu_isco08_9,cbr_bir_foreign,2021,14.221
cze,sex_f,ocu_isco08_9,cbr_bir_foreign,2022,15.771
cze,sex_f,ocu_isco08_9,cbr_bir_foreign,2023,19.559
cze,sex_f,ocu_isco08_9,cbr_bir_native,2011,166.394
cze,sex_f,ocu_isco08_9,cbr_bir_native,2012,156.762
cze,sex_f,ocu_isco08_9,cbr_bir_native,2013,160.818
cze,sex_f,ocu_isco08_9,cbr_bir_native,2014,155.354
cze,sex_f,ocu_isco08_9,cbr_bir_native,2015,161.53
cze,sex_f,ocu_isco08_9,cbr_bir_native,2016,175.302
cze,sex_f,ocu_isco08_9,cbr_bir_native,2017,165.132
cze,sex_f,ocu_isco08_9,cbr_bir_native,2018,164.871
cze,sex_f,ocu_isco08_9,cbr_bir_native,2019,185.444
cze,sex_f,ocu_isco08_9,cbr_bir_native,2020,181.315
cze,sex_f,ocu_isco08_9,cbr_bir_native,2021,159.184
cze,sex_f,ocu_isco08_9,cbr_bir_native,2022,159.574
cze,sex_f,ocu_isco08_9,cbr_bir_native,2023,147.616
cze,sex_f,ocu_isco08_9,cbr_bir_total,2011,173.206
cze,sex_f,ocu_isco08_9,cbr_bir_total,2012,164.029
cze,sex_f,ocu_isco08_9,cbr_bir_total,2013,168.396
cze,sex_f,ocu_isco08_9,cbr_bir_total,2014,167.083
cze,sex_f,ocu_isco08_9,cbr_bir_total,2015,172.795
cze,sex_f,ocu_isco08_9,cbr_bir_total,2016,185.709
cze,sex_f,ocu_isco08_9,cbr_bir_total,2017,175.256
cze,sex_f,ocu_isco08_9,cbr_bir_total,2018,178.241
cze,sex_f,ocu_isco08_9,cbr_bir_total,2019,199.948
cze,sex_f,ocu_isco08_9,cbr_bir_total,2020,194.577
cze,sex_f,ocu_isco08_9,cbr_bir_total,2021,173.405
cze,sex_f,ocu_isco08_9,cbr_bir_total,2022,175.345
cze,sex_f,ocu_isco08_9,cbr_bir_total,2023,167.176
cze,sex_f,ocu_isco08_total,cbr_bir_foreign,2011,51.616
cze,sex_f,ocu_isco08_total,cbr_bir_foreign,2012,58.101
cze,sex_f,ocu_isco08_total,cbr_bir_foreign,2013,62.839
cze,sex_f,ocu_isco08_total,cbr_bir_foreign,2014,68.549
cze,sex_f,ocu_isco08_total,cbr_bir_foreign,2015,74.655
cze,sex_f,ocu_isco08_total,cbr_bir_foreign,2016,73.699
cze,sex_f,ocu_isco08_total,cbr_bir_foreign,2017,87.534
cze,sex_f,ocu_isco08_total,cbr_bir_foreign,2018,90.487
cze,sex_f,ocu_isco08_total,cbr_bir_foreign,2019,95.721
cze,sex_f,ocu_isco08_total,cbr_bir_foreign,2020,96.711
cze,sex_f,ocu_isco08_total,cbr_bir_foreign,2021,104.223
cze,sex_f,ocu_isco08_total,cbr_bir_foreign,2022,127.933
cze,sex_f,ocu_isco08_total,cbr_bir_foreign,2023,128.512
cze,sex_f,ocu_isco08_total,cbr_bir_native,2011,2043.454
cze,sex_f,ocu_isco08_total,cbr_bir_native,2012,2053.387
cze,sex_f,ocu_isco08_total,cbr_bir_native,2013,2080.198
cze,sex_f,ocu_isco08_total,cbr_bir_native,2014,2088.787
cze,sex_f,ocu_isco08_total,cbr_bir_native,2015,2129.935
cze,sex_f,ocu_isco08_total,cbr_bir_native,2016,2188.176
cze,sex_f,ocu_isco08_total,cbr_bir_native,2017,2218.066
cze,sex_f,ocu_isco08_total,cbr_bir_native,2018,2256.735
cze,sex_f,ocu_isco08_total,cbr_bir_native,2019,2256.393
cze,sex_f,ocu_isco08_total,cbr_bir_native,2020,2209.921
cze,sex_f,ocu_isco08_total,cbr_bir_native,2021,2195.626
cze,sex_f,ocu_isco08_total,cbr_bir_native,2022,2159.381
cze,sex_f,ocu_isco08_total,cbr_bir_native,2023,2096.01
cze,sex_f,ocu_isco08_total,cbr_bir_total,2011,2095.07
cze,sex_f,ocu_isco08_total,cbr_bir_total,2012,2111.487
cze,sex_f,ocu_isco08_total,cbr_bir_total,2013,2143.037
cze,sex_f,ocu_isco08_total,cbr_bir_total,2014,2157.335
cze,sex_f,ocu_isco08_total,cbr_bir_total,2015,2204.59
cze,sex_f,ocu_isco08_total,cbr_bir_total,2016,2261.919
cze,sex_f,ocu_isco08_total,cbr_bir_total,2017,2305.842
cze,sex_f,ocu_isco08_total,cbr_bir_total,2018,2347.322
cze,sex_f,ocu_isco08_total,cbr_bir_total,2019,2352.352
cze,sex_f,ocu_isco08_total,cbr_bir_total,2020,2306.7
cze,sex_f,ocu_isco08_total,cbr_bir_total,2021,2299.849
cze,sex_f,ocu_isco08_total,cbr_bir_total,2022,2287.314
cze,sex_f,ocu_isco08_total,cbr_bir_total,2023,2224.522
cze,sex_f,ocu_isco08_x,cbr_bir_native,2011,0.519
cze,sex_f,ocu_isco08_x,cbr_bir_native,2015,0.195
cze,sex_f,ocu_isco08_x,cbr_bir_native,2016,0.258
cze,sex_f,ocu_isco08_x,cbr_bir_native,2017,0.558
cze,sex_f,ocu_isco08_x,cbr_bir_native,2021,0.331
cze,sex_f,ocu_isco08_x,cbr_bir_total,2011,0.566
cze,sex_f,ocu_isco08_x,cbr_bir_total,2015,0.195
cze,sex_f,ocu_isco08_x,cbr_bir_total,2016,0.258
cze,sex_f,ocu_isco08_x,cbr_bir_total,2017,0.558
cze,sex_f,ocu_isco08_x,cbr_bir_total,2021,0.331
cze,sex_f,ocu_isco88_0,cbr_bir_foreign,2003,0
cze,sex_f,ocu_isco88_0,cbr_bir_foreign,2010,0
cze,sex_f,ocu_isco88_0,cbr_bir_native,2002,0.826
cze,sex_f,ocu_isco88_0,cbr_bir_native,2003,0.509
cze,sex_f,ocu_isco88_0,cbr_bir_native,2004,1.202
cze,sex_f,ocu_isco88_0,cbr_bir_native,2005,1.632
cze,sex_f,ocu_isco88_0,cbr_bir_native,2006,1.429
cze,sex_f,ocu_isco88_0,cbr_bir_native,2007,1.252
cze,sex_f,ocu_isco88_0,cbr_bir_native,2008,0.907
cze,sex_f,ocu_isco88_0,cbr_bir_native,2009,0.85
cze,sex_f,ocu_isco88_0,cbr_bir_native,2010,0.88
cze,sex_f,ocu_isco88_0,cbr_bir_total,2002,0.958
cze,sex_f,ocu_isco88_0,cbr_bir_total,2003,0.509
cze,sex_f,ocu_isco88_0,cbr_bir_total,2004,1.202
cze,sex_f,ocu_isco88_0,cbr_bir_total,2005,1.632
cze,sex_f,ocu_isco88_0,cbr_bir_total,2006,1.576
cze,sex_f,ocu_isco88_0,cbr_bir_total,2007,1.277
cze,sex_f,ocu_isco88_0,cbr_bir_total,2008,0.907
cze,sex_f,ocu_isco88_0,cbr_bir_total,2009,0.85
cze,sex_f,ocu_isco88_0,cbr_bir_total,2010,0.88
cze,sex_f,ocu_isco88_1,cbr_bir_foreign,2002,1.715
cze,sex_f,ocu_isco88_1,cbr_bir_foreign,2003,1.175
cze,sex_f,ocu_isco88_1,cbr_bir_foreign,2004,1.768
cze,sex_f,ocu_isco88_1,cbr_bir_foreign,2005,1.239
cze,sex_f,ocu_isco88_1,cbr_bir_foreign,2006,2.26
cze,sex_f,ocu_isco88_1,cbr_bir_foreign,2007,2.065
cze,sex_f,ocu_isco88_1,cbr_bir_foreign,2008,2.542
cze,sex_f,ocu_isco88_1,cbr_bir_foreign,2009,2.564
cze,sex_f,ocu_isco88_1,cbr_bir_foreign,2010,3.103
cze,sex_f,ocu_isco88_1,cbr_bir_native,2002,76.659
cze,sex_f,ocu_isco88_1,cbr_bir_native,2003,75.589
cze,sex_f,ocu_isco88_1,cbr_bir_native,2004,79.377
cze,sex_f,ocu_isco88_1,cbr_bir_native,2005,85.921
cze,sex_f,ocu_isco88_1,cbr_bir_native,2006,89.552
cze,sex_f,ocu_isco88_1,cbr_bir_native,2007,91.681
cze,sex_f,ocu_isco88_1,cbr_bir_native,2008,91.063
cze,sex_f,ocu_isco88_1,cbr_bir_native,2009,82.369
cze,sex_f,ocu_isco88_1,cbr_bir_native,2010,69.268
cze,sex_f,ocu_isco88_1,cbr_bir_total,2002,78.604
cze,sex_f,ocu_isco88_1,cbr_bir_total,2003,76.764
cze,sex_f,ocu_isco88_1,cbr_bir_total,2004,81.145
cze,sex_f,ocu_isco88_1,cbr_bir_total,2005,87.16
cze,sex_f,ocu_isco88_1,cbr_bir_total,2006,91.812
cze,sex_f,ocu_isco88_1,cbr_bir_total,2007,93.746
cze,sex_f,ocu_isco88_1,cbr_bir_total,2008,93.605
cze,sex_f,ocu_isco88_1,cbr_bir_total,2009,84.933
cze,sex_f,ocu_isco88_1,cbr_bir_total,2010,72.37
cze,sex_f,ocu_isco88_1,cbr_bir_x,2002,0.23
cze,sex_f,ocu_isco88_2,cbr_bir_foreign,2002,4.192
cze,sex_f,ocu_isco88_2,cbr_bir_foreign,2003,4.671
cze,sex_f,ocu_isco88_2,cbr_bir_foreign,2004,4.138
cze,sex_f,ocu_isco88_2,cbr_bir_foreign,2005,3.729
cze,sex_f,ocu_isco88_2,cbr_bir_foreign,2006,4.936
cze,sex_f,ocu_isco88_2,cbr_bir_foreign,2007,5.061
cze,sex_f,ocu_isco88_2,cbr_bir_foreign,2008,4.066
cze,sex_f,ocu_isco88_2,cbr_bir_foreign,2009,6.171
cze,sex_f,ocu_isco88_2,cbr_bir_foreign,2010,4.013
cze,sex_f,ocu_isco88_2,cbr_bir_native,2002,244.814
cze,sex_f,ocu_isco88_2,cbr_bir_native,2003,237.738
cze,sex_f,ocu_isco88_2,cbr_bir_native,2004,251.598
cze,sex_f,ocu_isco88_2,cbr_bir_native,2005,254.613
cze,sex_f,ocu_isco88_2,cbr_bir_native,2006,255.878
cze,sex_f,ocu_isco88_2,cbr_bir_native,2007,274.957
cze,sex_f,ocu_isco88_2,cbr_bir_native,2008,285.992
cze,sex_f,ocu_isco88_2,cbr_bir_native,2009,283.766
cze,sex_f,ocu_isco88_2,cbr_bir_native,2010,240.003
cze,sex_f,ocu_isco88_2,cbr_bir_total,2002,249.406
cze,sex_f,ocu_isco88_2,cbr_bir_total,2003,242.862
cze,sex_f,ocu_isco88_2,cbr_bir_total,2004,255.95
cze,sex_f,ocu_isco88_2,cbr_bir_total,2005,258.342
cze,sex_f,ocu_isco88_2,cbr_bir_total,2006,260.814
cze,sex_f,ocu_isco88_2,cbr_bir_total,2007,280.019
cze,sex_f,ocu_isco88_2,cbr_bir_total,2008,290.058
cze,sex_f,ocu_isco88_2,cbr_bir_total,2009,289.937
cze,sex_f,ocu_isco88_2,cbr_bir_total,2010,244.015
cze,sex_f,ocu_isco88_2,cbr_bir_x,2002,0.4
cze,sex_f,ocu_isco88_2,cbr_bir_x,2003,0.454
cze,sex_f,ocu_isco88_3,cbr_bir_foreign,2002,7.561
cze,sex_f,ocu_isco88_3,cbr_bir_foreign,2003,7.612
cze,sex_f,ocu_isco88_3,cbr_bir_foreign,2004,7.51
cze,sex_f,ocu_isco88_3,cbr_bir_foreign,2005,6.969
cze,sex_f,ocu_isco88_3,cbr_bir_foreign,2006,5.042
cze,sex_f,ocu_isco88_3,cbr_bir_foreign,2007,5.836
cze,sex_f,ocu_isco88_3,cbr_bir_foreign,2008,10.817
cze,sex_f,ocu_isco88_3,cbr_bir_foreign,2009,13.214
cze,sex_f,ocu_isco88_3,cbr_bir_foreign,2010,10.771
cze,sex_f,ocu_isco88_3,cbr_bir_native,2002,466.61
cze,sex_f,ocu_isco88_3,cbr_bir_native,2003,493.733
cze,sex_f,ocu_isco88_3,cbr_bir_native,2004,502.285
cze,sex_f,ocu_isco88_3,cbr_bir_native,2005,545.537
cze,sex_f,ocu_isco88_3,cbr_bir_native,2006,564.623
cze,sex_f,ocu_isco88_3,cbr_bir_native,2007,576.677
cze,sex_f,ocu_isco88_3,cbr_bir_native,2008,592.157
cze,sex_f,ocu_isco88_3,cbr_bir_native,2009,610.508
cze,sex_f,ocu_isco88_3,cbr_bir_native,2010,625.771
cze,sex_f,ocu_isco88_3,cbr_bir_total,2002,474.59
cze,sex_f,ocu_isco88_3,cbr_bir_total,2003,501.951
cze,sex_f,ocu_isco88_3,cbr_bir_total,2004,510.093
cze,sex_f,ocu_isco88_3,cbr_bir_total,2005,552.606
cze,sex_f,ocu_isco88_3,cbr_bir_total,2006,569.665
cze,sex_f,ocu_isco88_3,cbr_bir_total,2007,582.697
cze,sex_f,ocu_isco88_3,cbr_bir_total,2008,603.092
cze,sex_f,ocu_isco88_3,cbr_bir_total,2009,623.926
cze,sex_f,ocu_isco88_3,cbr_bir_total,2010,636.542
cze,sex_f,ocu_isco88_3,cbr_bir_x,2002,0.419
cze,sex_f,ocu_isco88_3,cbr_bir_x,2003,0.606
cze,sex_f,ocu_isco88_3,cbr_bir_x,2004,0.298
cze,sex_f,ocu_isco88_4,cbr_bir_foreign,2002,3.871
cze,sex_f,ocu_isco88_4,cbr_bir_foreign,2003,4.397
cze,sex_f,ocu_isco88_4,cbr_bir_foreign,2004,3.07
cze,sex_f,ocu_isco88_4,cbr_bir_foreign,2005,2.288
cze,sex_f,ocu_isco88_4,cbr_bir_foreign,2006,2.714
cze,sex_f,ocu_isco88_4,cbr_bir_foreign,2007,3.377
cze,sex_f,ocu_isco88_4,cbr_bir_foreign,2008,3.969
cze,sex_f,ocu_isco88_4,cbr_bir_foreign,2009,4.567
cze,sex_f,ocu_isco88_4,cbr_bir_foreign,2010,4.462
cze,sex_f,ocu_isco88_4,cbr_bir_native,2002,309.529
cze,sex_f,ocu_isco88_4,cbr_bir_native,2003,295.481
cze,sex_f,ocu_isco88_4,cbr_bir_native,2004,296.957
cze,sex_f,ocu_isco88_4,cbr_bir_native,2005,272.666
cze,sex_f,ocu_isco88_4,cbr_bir_native,2006,251.349
cze,sex_f,ocu_isco88_4,cbr_bir_native,2007,256.195
cze,sex_f,ocu_isco88_4,cbr_bir_native,2008,258.173
cze,sex_f,ocu_isco88_4,cbr_bir_native,2009,261.166
cze,sex_f,ocu_isco88_4,cbr_bir_native,2010,285.112
cze,sex_f,ocu_isco88_4,cbr_bir_total,2002,313.519
cze,sex_f,ocu_isco88_4,cbr_bir_total,2003,299.905
cze,sex_f,ocu_isco88_4,cbr_bir_total,2004,300.104
cze,sex_f,ocu_isco88_4,cbr_bir_total,2005,275.285
cze,sex_f,ocu_isco88_4,cbr_bir_total,2006,254.402
cze,sex_f,ocu_isco88_4,cbr_bir_total,2007,259.835
cze,sex_f,ocu_isco88_4,cbr_bir_total,2008,262.142
cze,sex_f,ocu_isco88_4,cbr_bir_total,2009,265.734
cze,sex_f,ocu_isco88_4,cbr_bir_total,2010,289.574
cze,sex_f,ocu_isco88_4,cbr_bir_x,2005,0.331
cze,sex_f,ocu_isco88_4,cbr_bir_x,2006,0.338
cze,sex_f,ocu_isco88_4,cbr_bir_x,2007,0.263
cze,sex_f,ocu_isco88_5,cbr_bir_foreign,2002,7.119
cze,sex_f,ocu_isco88_5,cbr_bir_foreign,2003,9.351
cze,sex_f,ocu_isco88_5,cbr_bir_foreign,2004,8.458
cze,sex_f,ocu_isco88_5,cbr_bir_foreign,2005,7.786
cze,sex_f,ocu_isco88_5,cbr_bir_foreign,2006,7.487
cze,sex_f,ocu_isco88_5,cbr_bir_foreign,2007,7.402
cze,sex_f,ocu_isco88_5,cbr_bir_foreign,2008,11.146
cze,sex_f,ocu_isco88_5,cbr_bir_foreign,2009,12.132
cze,sex_f,ocu_isco88_5,cbr_bir_foreign,2010,12.048
cze,sex_f,ocu_isco88_5,cbr_bir_native,2002,383.286
cze,sex_f,ocu_isco88_5,cbr_bir_native,2003,375.354
cze,sex_f,ocu_isco88_5,cbr_bir_native,2004,363.033
cze,sex_f,ocu_isco88_5,cbr_bir_native,2005,363.09
cze,sex_f,ocu_isco88_5,cbr_bir_native,2006,378.904
cze,sex_f,ocu_isco88_5,cbr_bir_native,2007,378.261
cze,sex_f,ocu_isco88_5,cbr_bir_native,2008,369.749
cze,sex_f,ocu_isco88_5,cbr_bir_native,2009,369.702
cze,sex_f,ocu_isco88_5,cbr_bir_native,2010,387.153
cze,sex_f,ocu_isco88_5,cbr_bir_total,2002,390.819
cze,sex_f,ocu_isco88_5,cbr_bir_total,2003,385.158
cze,sex_f,ocu_isco88_5,cbr_bir_total,2004,371.677
cze,sex_f,ocu_isco88_5,cbr_bir_total,2005,371.126
cze,sex_f,ocu_isco88_5,cbr_bir_total,2006,386.53
cze,sex_f,ocu_isco88_5,cbr_bir_total,2007,385.663
cze,sex_f,ocu_isco88_5,cbr_bir_total,2008,380.896
cze,sex_f,ocu_isco88_5,cbr_bir_total,2009,381.835
cze,sex_f,ocu_isco88_5,cbr_bir_total,2010,399.254
cze,sex_f,ocu_isco88_5,cbr_bir_x,2002,0.413
cze,sex_f,ocu_isco88_5,cbr_bir_x,2003,0.452
cze,sex_f,ocu_isco88_6,cbr_bir_foreign,2002,0.59
cze,sex_f,ocu_isco88_6,cbr_bir_foreign,2003,0.955
cze,sex_f,ocu_isco88_6,cbr_bir_foreign,2004,0.909
cze,sex_f,ocu_isco88_6,cbr_bir_foreign,2005,0.495
cze,sex_f,ocu_isco88_6,cbr_bir_foreign,2006,0.287
cze,sex_f,ocu_isco88_6,cbr_bir_foreign,2007,0.526
cze,sex_f,ocu_isco88_6,cbr_bir_foreign,2008,0.84
cze,sex_f,ocu_isco88_6,cbr_bir_foreign,2009,0.232
cze,sex_f,ocu_isco88_6,cbr_bir_foreign,2010,0.5
cze,sex_f,ocu_isco88_6,cbr_bir_native,2002,37.158
cze,sex_f,ocu_isco88_6,cbr_bir_native,2003,32.44
cze,sex_f,ocu_isco88_6,cbr_bir_native,2004,31.637
cze,sex_f,ocu_isco88_6,cbr_bir_native,2005,27.805
cze,sex_f,ocu_isco88_6,cbr_bir_native,2006,29.769
cze,sex_f,ocu_isco88_6,cbr_bir_native,2007,26.938
cze,sex_f,ocu_isco88_6,cbr_bir_native,2008,25.423
cze,sex_f,ocu_isco88_6,cbr_bir_native,2009,23.511
cze,sex_f,ocu_isco88_6,cbr_bir_native,2010,20.751
cze,sex_f,ocu_isco88_6,cbr_bir_total,2002,37.748
cze,sex_f,ocu_isco88_6,cbr_bir_total,2003,33.394
cze,sex_f,ocu_isco88_6,cbr_bir_total,2004,32.546
cze,sex_f,ocu_isco88_6,cbr_bir_total,2005,28.299
cze,sex_f,ocu_isco88_6,cbr_bir_total,2006,30.056
cze,sex_f,ocu_isco88_6,cbr_bir_total,2007,27.464
cze,sex_f,ocu_isco88_6,cbr_bir_total,2008,26.263
cze,sex_f,ocu_isco88_6,cbr_bir_total,2009,23.743
cze,sex_f,ocu_isco88_6,cbr_bir_total,2010,21.251
cze,sex_f,ocu_isco88_7,cbr_bir_foreign,2002,2.638
cze,sex_f,ocu_isco88_7,cbr_bir_foreign,2003,2.712
cze,sex_f,ocu_isco88_7,cbr_bir_foreign,2004,2.786
cze,sex_f,ocu_isco88_7,cbr_bir_foreign,2005,2.442
cze,sex_f,ocu_isco88_7,cbr_bir_foreign,2006,2.401
cze,sex_f,ocu_isco88_7,cbr_bir_foreign,2007,2.924
cze,sex_f,ocu_isco88_7,cbr_bir_foreign,2008,2.481
cze,sex_f,ocu_isco88_7,cbr_bir_foreign,2009,3.13
cze,sex_f,ocu_isco88_7,cbr_bir_foreign,2010,2.45
cze,sex_f,ocu_isco88_7,cbr_bir_native,2002,131.489
cze,sex_f,ocu_isco88_7,cbr_bir_native,2003,126.617
cze,sex_f,ocu_isco88_7,cbr_bir_native,2004,109.972
cze,sex_f,ocu_isco88_7,cbr_bir_native,2005,107.708
cze,sex_f,ocu_isco88_7,cbr_bir_native,2006,103.491
cze,sex_f,ocu_isco88_7,cbr_bir_native,2007,107.141
cze,sex_f,ocu_isco88_7,cbr_bir_native,2008,104.251
cze,sex_f,ocu_isco88_7,cbr_bir_native,2009,85.189
cze,sex_f,ocu_isco88_7,cbr_bir_native,2010,77.208
cze,sex_f,ocu_isco88_7,cbr_bir_total,2002,134.126
cze,sex_f,ocu_isco88_7,cbr_bir_total,2003,129.329
cze,sex_f,ocu_isco88_7,cbr_bir_total,2004,112.757
cze,sex_f,ocu_isco88_7,cbr_bir_total,2005,110.242
cze,sex_f,ocu_isco88_7,cbr_bir_total,2006,106.038
cze,sex_f,ocu_isco88_7,cbr_bir_total,2007,110.065
cze,sex_f,ocu_isco88_7,cbr_bir_total,2008,106.733
cze,sex_f,ocu_isco88_7,cbr_bir_total,2009,88.319
cze,sex_f,ocu_isco88_7,cbr_bir_total,2010,79.658
cze,sex_f,ocu_isco88_8,cbr_bir_foreign,2002,5.048
cze,sex_f,ocu_isco88_8,cbr_bir_foreign,2003,5.375
cze,sex_f,ocu_isco88_8,cbr_bir_foreign,2004,4.522
cze,sex_f,ocu_isco88_8,cbr_bir_foreign,2005,4.205
cze,sex_f,ocu_isco88_8,cbr_bir_foreign,2006,5.229
cze,sex_f,ocu_isco88_8,cbr_bir_foreign,2007,6.552
cze,sex_f,ocu_isco88_8,cbr_bir_foreign,2008,7.685
cze,sex_f,ocu_isco88_8,cbr_bir_foreign,2009,6.793
cze,sex_f,ocu_isco88_8,cbr_bir_foreign,2010,8.271
cze,sex_f,ocu_isco88_8,cbr_bir_native,2002,152.078
cze,sex_f,ocu_isco88_8,cbr_bir_native,2003,153.504
cze,sex_f,ocu_isco88_8,cbr_bir_native,2004,162.141
cze,sex_f,ocu_isco88_8,cbr_bir_native,2005,163.49
cze,sex_f,ocu_isco88_8,cbr_bir_native,2006,169.905
cze,sex_f,ocu_isco88_8,cbr_bir_native,2007,169.372
cze,sex_f,ocu_isco88_8,cbr_bir_native,2008,166.303
cze,sex_f,ocu_isco88_8,cbr_bir_native,2009,154.314
cze,sex_f,ocu_isco88_8,cbr_bir_native,2010,149.631
cze,sex_f,ocu_isco88_8,cbr_bir_total,2002,157.292
cze,sex_f,ocu_isco88_8,cbr_bir_total,2003,159.047
cze,sex_f,ocu_isco88_8,cbr_bir_total,2004,166.663
cze,sex_f,ocu_isco88_8,cbr_bir_total,2005,167.777
cze,sex_f,ocu_isco88_8,cbr_bir_total,2006,175.263
cze,sex_f,ocu_isco88_8,cbr_bir_total,2007,175.925
cze,sex_f,ocu_isco88_8,cbr_bir_total,2008,173.989
cze,sex_f,ocu_isco88_8,cbr_bir_total,2009,161.107
cze,sex_f,ocu_isco88_8,cbr_bir_total,2010,157.902
cze,sex_f,ocu_isco88_8,cbr_bir_x,2002,0.165
cze,sex_f,ocu_isco88_8,cbr_bir_x,2003,0.169
cze,sex_f,ocu_isco88_9,cbr_bir_foreign,2002,7.786
cze,sex_f,ocu_isco88_9,cbr_bir_foreign,2003,8.009
cze,sex_f,ocu_isco88_9,cbr_bir_foreign,2004,8.271
cze,sex_f,ocu_isco88_9,cbr_bir_foreign,2005,6.357
cze,sex_f,ocu_isco88_9,cbr_bir_foreign,2006,6.829
cze,sex_f,ocu_isco88_9,cbr_bir_foreign,2007,6.586
cze,sex_f,ocu_isco88_9,cbr_bir_foreign,2008,8.51
cze,sex_f,ocu_isco88_9,cbr_bir_foreign,2009,9.913
cze,sex_f,ocu_isco88_9,cbr_bir_foreign,2010,9.161
cze,sex_f,ocu_isco88_9,cbr_bir_native,2002,216.986
cze,sex_f,ocu_isco88_9,cbr_bir_native,2003,208.985
cze,sex_f,ocu_isco88_9,cbr_bir_native,2004,202.364
cze,sex_f,ocu_isco88_9,cbr_bir_native,2005,198.562
cze,sex_f,ocu_isco88_9,cbr_bir_native,2006,202.58
cze,sex_f,ocu_isco88_9,cbr_bir_native,2007,192.256
cze,sex_f,ocu_isco88_9,cbr_bir_native,2008,192.988
cze,sex_f,ocu_isco88_9,cbr_bir_native,2009,179.679
cze,sex_f,ocu_isco88_9,cbr_bir_native,2010,175.982
cze,sex_f,ocu_isco88_9,cbr_bir_total,2002,225.225
cze,sex_f,ocu_isco88_9,cbr_bir_total,2003,217.59
cze,sex_f,ocu_isco88_9,cbr_bir_total,2004,210.827
cze,sex_f,ocu_isco88_9,cbr_bir_total,2005,204.919
cze,sex_f,ocu_isco88_9,cbr_bir_total,2006,209.409
cze,sex_f,ocu_isco88_9,cbr_bir_total,2007,198.842
cze,sex_f,ocu_isco88_9,cbr_bir_total,2008,201.499
cze,sex_f,ocu_isco88_9,cbr_bir_total,2009,189.714
cze,sex_f,ocu_isco88_9,cbr_bir_total,2010,185.165
cze,sex_f,ocu_isco88_9,cbr_bir_x,2002,0.453
cze,sex_f,ocu_isco88_9,cbr_bir_x,2003,0.597
cze,sex_f,ocu_isco88_total,cbr_bir_foreign,2002,40.652
cze,sex_f,ocu_isco88_total,cbr_bir_foreign,2003,44.257
cze,sex_f,ocu_isco88_total,cbr_bir_foreign,2004,41.432
cze,sex_f,ocu_isco88_total,cbr_bir_foreign,2005,35.51
cze,sex_f,ocu_isco88_total,cbr_bir_foreign,2006,37.331
cze,sex_f,ocu_isco88_total,cbr_bir_foreign,2007,40.356
cze,sex_f,ocu_isco88_total,cbr_bir_foreign,2008,52.057
cze,sex_f,ocu_isco88_total,cbr_bir_foreign,2009,58.717
cze,sex_f,ocu_isco88_total,cbr_bir_foreign,2010,54.779
cze,sex_f,ocu_isco88_total,cbr_bir_native,2002,2021.687
cze,sex_f,ocu_isco88_total,cbr_bir_native,2003,2000.453
cze,sex_f,ocu_isco88_total,cbr_bir_native,2004,2001.126
cze,sex_f,ocu_isco88_total,cbr_bir_native,2005,2022.145
cze,sex_f,ocu_isco88_total,cbr_bir_native,2006,2048.059
cze,sex_f,ocu_isco88_total,cbr_bir_native,2007,2075.106
cze,sex_f,ocu_isco88_total,cbr_bir_native,2008,2087.154
cze,sex_f,ocu_isco88_total,cbr_bir_native,2009,2051.498
cze,sex_f,ocu_isco88_total,cbr_bir_native,2010,2032.082
cze,sex_f,ocu_isco88_total,cbr_bir_total,2002,2064.539
cze,sex_f,ocu_isco88_total,cbr_bir_total,2003,2047.015
cze,sex_f,ocu_isco88_total,cbr_bir_total,2004,2043.525
cze,sex_f,ocu_isco88_total,cbr_bir_total,2005,2058.509
cze,sex_f,ocu_isco88_total,cbr_bir_total,2006,2086.142
cze,sex_f,ocu_isco88_total,cbr_bir_total,2007,2115.909
cze,sex_f,ocu_isco88_total,cbr_bir_total,2008,2139.329
cze,sex_f,ocu_isco88_total,cbr_bir_total,2009,2110.541
cze,sex_f,ocu_isco88_total,cbr_bir_total,2010,2086.937
cze,sex_f,ocu_isco88_total,cbr_bir_x,2002,2.2
cze,sex_f,ocu_isco88_total,cbr_bir_x,2003,2.305
cze,sex_f,ocu_isco88_total,cbr_bir_x,2004,0.967
cze,sex_f,ocu_isco88_total,cbr_bir_x,2005,0.854
cze,sex_f,ocu_isco88_total,cbr_bir_x,2006,0.752
cze,sex_f,ocu_isco88_total,cbr_bir_x,2007,0.447
cze,sex_f,ocu_isco88_total,cbr_bir_x,2009,0.326
cze,sex_f,ocu_isco88_x,cbr_bir_native,2002,2.252
cze,sex_f,ocu_isco88_x,cbr_bir_native,2003,0.506
cze,sex_f,ocu_isco88_x,cbr_bir_native,2004,0.559
cze,sex_f,ocu_isco88_x,cbr_bir_native,2005,1.12
cze,sex_f,ocu_isco88_x,cbr_bir_native,2006,0.578
cze,sex_f,ocu_isco88_x,cbr_bir_native,2007,0.376
cze,sex_f,ocu_isco88_x,cbr_bir_native,2009,0.444
cze,sex_f,ocu_isco88_x,cbr_bir_total,2002,2.252
cze,sex_f,ocu_isco88_x,cbr_bir_total,2003,0.506
cze,sex_f,ocu_isco88_x,cbr_bir_total,2004,0.559
cze,sex_f,ocu_isco88_x,cbr_bir_total,2005,1.12
cze,sex_f,ocu_isco88_x,cbr_bir_total,2006,0.578
cze,sex_f,ocu_isco88_x,cbr_bir_total,2007,0.376
cze,sex_f,ocu_isco88_x,cbr_bir_total,2009,0.444
cze,sex_f,ocu_skill_l1,cbr_bir_foreign,2002,7.786
cze,sex_f,ocu_skill_l1,cbr_bir_foreign,2003,8.009
cze,sex_f,ocu_skill_l1,cbr_bir_foreign,2004,8.271
cze,sex_f,ocu_skill_l1,cbr_bir_foreign,2005,6.357
cze,sex_f,ocu_skill_l1,cbr_bir_foreign,2006,6.829
cze,sex_f,ocu_skill_l1,cbr_bir_foreign,2007,6.586
cze,sex_f,ocu_skill_l1,cbr_bir_foreign,2008,8.51
cze,sex_f,ocu_skill_l1,cbr_bir_foreign,2009,9.913
cze,sex_f,ocu_skill_l1,cbr_bir_foreign,2010,9.161
cze,sex_f,ocu_skill_l1,cbr_bir_foreign,2011,6.812
cze,sex_f,ocu_skill_l1,cbr_bir_foreign,2012,7.266
cze,sex_f,ocu_skill_l1,cbr_bir_foreign,2013,7.579
cze,sex_f,ocu_skill_l1,cbr_bir_foreign,2014,11.729
cze,sex_f,ocu_skill_l1,cbr_bir_foreign,2015,11.264
cze,sex_f,ocu_skill_l1,cbr_bir_foreign,2016,10.407
cze,sex_f,ocu_skill_l1,cbr_bir_foreign,2017,10.124
cze,sex_f,ocu_skill_l1,cbr_bir_foreign,2018,13.37
cze,sex_f,ocu_skill_l1,cbr_bir_foreign,2019,14.504
cze,sex_f,ocu_skill_l1,cbr_bir_foreign,2020,13.261
cze,sex_f,ocu_skill_l1,cbr_bir_foreign,2021,14.221
cze,sex_f,ocu_skill_l1,cbr_bir_foreign,2022,15.771
cze,sex_f,ocu_skill_l1,cbr_bir_foreign,2023,19.559
cze,sex_f,ocu_skill_l1,cbr_bir_native,2002,216.986
cze,sex_f,ocu_skill_l1,cbr_bir_native,2003,208.985
cze,sex_f,ocu_skill_l1,cbr_bir_native,2004,202.364
cze,sex_f,ocu_skill_l1,cbr_bir_native,2005,198.562
cze,sex_f,ocu_skill_l1,cbr_bir_native,2006,202.58
cze,sex_f,ocu_skill_l1,cbr_bir_native,2007,192.256
cze,sex_f,ocu_skill_l1,cbr_bir_native,2008,192.988
cze,sex_f,ocu_skill_l1,cbr_bir_native,2009,179.679
cze,sex_f,ocu_skill_l1,cbr_bir_native,2010,175.982
cze,sex_f,ocu_skill_l1,cbr_bir_native,2011,166.394
cze,sex_f,ocu_skill_l1,cbr_bir_native,2012,156.762
cze,sex_f,ocu_skill_l1,cbr_bir_native,2013,160.818
cze,sex_f,ocu_skill_l1,cbr_bir_native,2014,155.354
cze,sex_f,ocu_skill_l1,cbr_bir_native,2015,161.53
cze,sex_f,ocu_skill_l1,cbr_bir_native,2016,175.302
cze,sex_f,ocu_skill_l1,cbr_bir_native,2017,165.132
cze,sex_f,ocu_skill_l1,cbr_bir_native,2018,164.871
cze,sex_f,ocu_skill_l1,cbr_bir_native,2019,185.444
cze,sex_f,ocu_skill_l1,cbr_bir_native,2020,181.315
cze,sex_f,ocu_skill_l1,cbr_bir_native,2021,159.184
cze,sex_f,ocu_skill_l1,cbr_bir_native,2022,159.574
cze,sex_f,ocu_skill_l1,cbr_bir_native,2023,147.616
cze,sex_f,ocu_skill_l1,cbr_bir_total,2002,225.225
cze,sex_f,ocu_skill_l1,cbr_bir_total,2003,217.59
cze,sex_f,ocu_skill_l1,cbr_bir_total,2004,210.827
cze,sex_f,ocu_skill_l1,cbr_bir_total,2005,204.919
cze,sex_f,ocu_skill_l1,cbr_bir_total,2006,209.409
cze,sex_f,ocu_skill_l1,cbr_bir_total,2007,198.842
cze,sex_f,ocu_skill_l1,cbr_bir_total,2008,201.499
cze,sex_f,ocu_skill_l1,cbr_bir_total,2009,189.714
cze,sex_f,ocu_skill_l1,cbr_bir_total,2010,185.165
cze,sex_f,ocu_skill_l1,cbr_bir_total,2011,173.206
cze,sex_f,ocu_skill_l1,cbr_bir_total,2012,164.029
cze,sex_f,ocu_skill_l1,cbr_bir_total,2013,168.396
cze,sex_f,ocu_skill_l1,cbr_bir_total,2014,167.083
cze,sex_f,ocu_skill_l1,cbr_bir_total,2015,172.795
cze,sex_f,ocu_skill_l1,cbr_bir_total,2016,185.709
cze,sex_f,ocu_skill_l1,cbr_bir_total,2017,175.256
cze,sex_f,ocu_skill_l1,cbr_bir_total,2018,178.241
cze,sex_f,ocu_skill_l1,cbr_bir_total,2019,199.948
cze,sex_f,ocu_skill_l1,cbr_bir_total,2020,194.577
cze,sex_f,ocu_skill_l1,cbr_bir_total,2021,173.405
cze,sex_f,ocu_skill_l1,cbr_bir_total,2022,175.345
cze,sex_f,ocu_skill_l1,cbr_bir_total,2023,167.176
cze,sex_f,ocu_skill_l1,cbr_bir_x,2002,0.453
cze,sex_f,ocu_skill_l1,cbr_bir_x,2003,0.597
cze,sex_f,ocu_skill_l2,cbr_bir_foreign,2002,19.266
cze,sex_f,ocu_skill_l2,cbr_bir_foreign,2003,22.79
cze,sex_f,ocu_skill_l2,cbr_bir_foreign,2004,19.745
cze,sex_f,ocu_skill_l2,cbr_bir_foreign,2005,17.217
cze,sex_f,ocu_skill_l2,cbr_bir_foreign,2006,18.118
cze,sex_f,ocu_skill_l2,cbr_bir_foreign,2007,20.782
cze,sex_f,ocu_skill_l2,cbr_bir_foreign,2008,26.122
cze,sex_f,ocu_skill_l2,cbr_bir_foreign,2009,26.855
cze,sex_f,ocu_skill_l2,cbr_bir_foreign,2010,27.731
cze,sex_f,ocu_skill_l2,cbr_bir_foreign,2011,30.688
cze,sex_f,ocu_skill_l2,cbr_bir_foreign,2012,30.91
cze,sex_f,ocu_skill_l2,cbr_bir_foreign,2013,36.181
cze,sex_f,ocu_skill_l2,cbr_bir_foreign,2014,36.499
cze,sex_f,ocu_skill_l2,cbr_bir_foreign,2015,38.127
cze,sex_f,ocu_skill_l2,cbr_bir_foreign,2016,35.566
cze,sex_f,ocu_skill_l2,cbr_bir_foreign,2017,44.244
cze,sex_f,ocu_skill_l2,cbr_bir_foreign,2018,49.629
cze,sex_f,ocu_skill_l2,cbr_bir_foreign,2019,49.611
cze,sex_f,ocu_skill_l2,cbr_bir_foreign,2020,50.719
cze,sex_f,ocu_skill_l2,cbr_bir_foreign,2021,54.28
cze,sex_f,ocu_skill_l2,cbr_bir_foreign,2022,73.108
cze,sex_f,ocu_skill_l2,cbr_bir_foreign,2023,67.43
cze,sex_f,ocu_skill_l2,cbr_bir_native,2002,1013.54
cze,sex_f,ocu_skill_l2,cbr_bir_native,2003,983.395
cze,sex_f,ocu_skill_l2,cbr_bir_native,2004,963.74
cze,sex_f,ocu_skill_l2,cbr_bir_native,2005,934.758
cze,sex_f,ocu_skill_l2,cbr_bir_native,2006,933.418
cze,sex_f,ocu_skill_l2,cbr_bir_native,2007,937.908
cze,sex_f,ocu_skill_l2,cbr_bir_native,2008,923.9
cze,sex_f,ocu_skill_l2,cbr_bir_native,2009,893.883
cze,sex_f,ocu_skill_l2,cbr_bir_native,2010,919.854
cze,sex_f,ocu_skill_l2,cbr_bir_native,2011,1084.847
cze,sex_f,ocu_skill_l2,cbr_bir_native,2012,1084.598
cze,sex_f,ocu_skill_l2,cbr_bir_native,2013,1097.025
cze,sex_f,ocu_skill_l2,cbr_bir_native,2014,1092.633
cze,sex_f,ocu_skill_l2,cbr_bir_native,2015,1118.354
cze,sex_f,ocu_skill_l2,cbr_bir_native,2016,1153.539
cze,sex_f,ocu_skill_l2,cbr_bir_native,2017,1181.228
cze,sex_f,ocu_skill_l2,cbr_bir_native,2018,1195.522
cze,sex_f,ocu_skill_l2,cbr_bir_native,2019,1198.275
cze,sex_f,ocu_skill_l2,cbr_bir_native,2020,1134.529
cze,sex_f,ocu_skill_l2,cbr_bir_native,2021,1107.506
cze,sex_f,ocu_skill_l2,cbr_bir_native,2022,1097.439
cze,sex_f,ocu_skill_l2,cbr_bir_native,2023,995.622
cze,sex_f,ocu_skill_l2,cbr_bir_total,2002,1033.504
cze,sex_f,ocu_skill_l2,cbr_bir_total,2003,1006.833
cze,sex_f,ocu_skill_l2,cbr_bir_total,2004,983.748
cze,sex_f,ocu_skill_l2,cbr_bir_total,2005,952.729
cze,sex_f,ocu_skill_l2,cbr_bir_total,2006,952.288
cze,sex_f,ocu_skill_l2,cbr_bir_total,2007,958.953
cze,sex_f,ocu_skill_l2,cbr_bir_total,2008,950.022
cze,sex_f,ocu_skill_l2,cbr_bir_total,2009,920.737
cze,sex_f,ocu_skill_l2,cbr_bir_total,2010,947.639
cze,sex_f,ocu_skill_l2,cbr_bir_total,2011,1115.536
cze,sex_f,ocu_skill_l2,cbr_bir_total,2012,1115.508
cze,sex_f,ocu_skill_l2,cbr_bir_total,2013,1133.206
cze,sex_f,ocu_skill_l2,cbr_bir_total,2014,1129.132
cze,sex_f,ocu_skill_l2,cbr_bir_total,2015,1156.48
cze,sex_f,ocu_skill_l2,cbr_bir_total,2016,1189.148
cze,sex_f,ocu_skill_l2,cbr_bir_total,2017,1225.714
cze,sex_f,ocu_skill_l2,cbr_bir_total,2018,1245.251
cze,sex_f,ocu_skill_l2,cbr_bir_total,2019,1248.125
cze,sex_f,ocu_skill_l2,cbr_bir_total,2020,1185.316
cze,sex_f,ocu_skill_l2,cbr_bir_total,2021,1161.786
cze,sex_f,ocu_skill_l2,cbr_bir_total,2022,1170.546
cze,sex_f,ocu_skill_l2,cbr_bir_total,2023,1063.052
cze,sex_f,ocu_skill_l2,cbr_bir_x,2002,0.698
cze,sex_f,ocu_skill_l2,cbr_bir_x,2003,0.649
cze,sex_f,ocu_skill_l2,cbr_bir_x,2004,0.264
cze,sex_f,ocu_skill_l2,cbr_bir_x,2005,0.754
cze,sex_f,ocu_skill_l2,cbr_bir_x,2006,0.752
cze,sex_f,ocu_skill_l2,cbr_bir_x,2007,0.263
cze,sex_f,ocu_skill_l3_4,cbr_bir_foreign,2002,13.468
cze,sex_f,ocu_skill_l3_4,cbr_bir_foreign,2003,13.458
cze,sex_f,ocu_skill_l3_4,cbr_bir_foreign,2004,13.415
cze,sex_f,ocu_skill_l3_4,cbr_bir_foreign,2005,11.937
cze,sex_f,ocu_skill_l3_4,cbr_bir_foreign,2006,12.238
cze,sex_f,ocu_skill_l3_4,cbr_bir_foreign,2007,12.963
cze,sex_f,ocu_skill_l3_4,cbr_bir_foreign,2008,17.424
cze,sex_f,ocu_skill_l3_4,cbr_bir_foreign,2009,21.949
cze,sex_f,ocu_skill_l3_4,cbr_bir_foreign,2010,17.887
cze,sex_f,ocu_skill_l3_4,cbr_bir_foreign,2011,14.068
cze,sex_f,ocu_skill_l3_4,cbr_bir_foreign,2012,19.924
cze,sex_f,ocu_skill_l3_4,cbr_bir_foreign,2013,19.079
cze,sex_f,ocu_skill_l3_4,cbr_bir_foreign,2014,20.321
cze,sex_f,ocu_skill_l3_4,cbr_bir_foreign,2015,25.264
cze,sex_f,ocu_skill_l3_4,cbr_bir_foreign,2016,27.726
cze,sex_f,ocu_skill_l3_4,cbr_bir_foreign,2017,33.167
cze,sex_f,ocu_skill_l3_4,cbr_bir_foreign,2018,27.488
cze,sex_f,ocu_skill_l3_4,cbr_bir_foreign,2019,31.605
cze,sex_f,ocu_skill_l3_4,cbr_bir_foreign,2020,32.731
cze,sex_f,ocu_skill_l3_4,cbr_bir_foreign,2021,35.446
cze,sex_f,ocu_skill_l3_4,cbr_bir_foreign,2022,39.055
cze,sex_f,ocu_skill_l3_4,cbr_bir_foreign,2023,40.415
cze,sex_f,ocu_skill_l3_4,cbr_bir_native,2002,788.083
cze,sex_f,ocu_skill_l3_4,cbr_bir_native,2003,807.059
cze,sex_f,ocu_skill_l3_4,cbr_bir_native,2004,833.261
cze,sex_f,ocu_skill_l3_4,cbr_bir_native,2005,886.071
cze,sex_f,ocu_skill_l3_4,cbr_bir_native,2006,910.053
cze,sex_f,ocu_skill_l3_4,cbr_bir_native,2007,943.315
cze,sex_f,ocu_skill_l3_4,cbr_bir_native,2008,969.212
cze,sex_f,ocu_skill_l3_4,cbr_bir_native,2009,976.643
cze,sex_f,ocu_skill_l3_4,cbr_bir_native,2010,935.041
cze,sex_f,ocu_skill_l3_4,cbr_bir_native,2011,791.695
cze,sex_f,ocu_skill_l3_4,cbr_bir_native,2012,811.95
cze,sex_f,ocu_skill_l3_4,cbr_bir_native,2013,822.356
cze,sex_f,ocu_skill_l3_4,cbr_bir_native,2014,840.799
cze,sex_f,ocu_skill_l3_4,cbr_bir_native,2015,849.856
cze,sex_f,ocu_skill_l3_4,cbr_bir_native,2016,859.077
cze,sex_f,ocu_skill_l3_4,cbr_bir_native,2017,871.147
cze,sex_f,ocu_skill_l3_4,cbr_bir_native,2018,896.152
cze,sex_f,ocu_skill_l3_4,cbr_bir_native,2019,872.482
cze,sex_f,ocu_skill_l3_4,cbr_bir_native,2020,893.804
cze,sex_f,ocu_skill_l3_4,cbr_bir_native,2021,926.456
cze,sex_f,ocu_skill_l3_4,cbr_bir_native,2022,901.638
cze,sex_f,ocu_skill_l3_4,cbr_bir_native,2023,940.585
cze,sex_f,ocu_skill_l3_4,cbr_bir_total,2002,802.6
cze,sex_f,ocu_skill_l3_4,cbr_bir_total,2003,821.577
cze,sex_f,ocu_skill_l3_4,cbr_bir_total,2004,847.188
cze,sex_f,ocu_skill_l3_4,cbr_bir_total,2005,898.108
cze,sex_f,ocu_skill_l3_4,cbr_bir_total,2006,922.291
cze,sex_f,ocu_skill_l3_4,cbr_bir_total,2007,956.462
cze,sex_f,ocu_skill_l3_4,cbr_bir_total,2008,986.755
cze,sex_f,ocu_skill_l3_4,cbr_bir_total,2009,998.797
cze,sex_f,ocu_skill_l3_4,cbr_bir_total,2010,952.928
cze,sex_f,ocu_skill_l3_4,cbr_bir_total,2011,805.763
cze,sex_f,ocu_skill_l3_4,cbr_bir_total,2012,831.875
cze,sex_f,ocu_skill_l3_4,cbr_bir_total,2013,841.435
cze,sex_f,ocu_skill_l3_4,cbr_bir_total,2014,861.12
cze,sex_f,ocu_skill_l3_4,cbr_bir_total,2015,875.12
cze,sex_f,ocu_skill_l3_4,cbr_bir_total,2016,886.803
cze,sex_f,ocu_skill_l3_4,cbr_bir_total,2017,904.314
cze,sex_f,ocu_skill_l3_4,cbr_bir_total,2018,923.64
cze,sex_f,ocu_skill_l3_4,cbr_bir_total,2019,904.088
cze,sex_f,ocu_skill_l3_4,cbr_bir_total,2020,926.535
cze,sex_f,ocu_skill_l3_4,cbr_bir_total,2021,961.902
cze,sex_f,ocu_skill_l3_4,cbr_bir_total,2022,940.693
cze,sex_f,ocu_skill_l3_4,cbr_bir_total,2023,981
cze,sex_f,ocu_skill_l3_4,cbr_bir_x,2002,1.049
cze,sex_f,ocu_skill_l3_4,cbr_bir_x,2003,1.06
cze,sex_f,ocu_skill_l3_4,cbr_bir_x,2004,0.512
cze,sex_f,ocu_skill_total,cbr_bir_foreign,2002,40.652
cze,sex_f,ocu_skill_total,cbr_bir_foreign,2003,44.257
cze,sex_f,ocu_skill_total,cbr_bir_foreign,2004,41.432
cze,sex_f,ocu_skill_total,cbr_bir_foreign,2005,35.51
cze,sex_f,ocu_skill_total,cbr_bir_foreign,2006,37.331
cze,sex_f,ocu_skill_total,cbr_bir_foreign,2007,40.356
cze,sex_f,ocu_skill_total,cbr_bir_foreign,2008,52.057
cze,sex_f,ocu_skill_total,cbr_bir_foreign,2009,58.717
cze,sex_f,ocu_skill_total,cbr_bir_foreign,2010,54.779
cze,sex_f,ocu_skill_total,cbr_bir_foreign,2011,51.616
cze,sex_f,ocu_skill_total,cbr_bir_foreign,2012,58.101
cze,sex_f,ocu_skill_total,cbr_bir_foreign,2013,62.839
cze,sex_f,ocu_skill_total,cbr_bir_foreign,2014,68.549
cze,sex_f,ocu_skill_total,cbr_bir_foreign,2015,74.655
cze,sex_f,ocu_skill_total,cbr_bir_foreign,2016,73.699
cze,sex_f,ocu_skill_total,cbr_bir_foreign,2017,87.534
cze,sex_f,ocu_skill_total,cbr_bir_foreign,2018,90.487
cze,sex_f,ocu_skill_total,cbr_bir_foreign,2019,95.721
cze,sex_f,ocu_skill_total,cbr_bir_foreign,2020,96.711
cze,sex_f,ocu_skill_total,cbr_bir_foreign,2021,104.223
cze,sex_f,ocu_skill_total,cbr_bir_foreign,2022,127.933
cze,sex_f,ocu_skill_total,cbr_bir_foreign,2023,128.512
cze,sex_f,ocu_skill_total,cbr_bir_native,2002,2021.687
cze,sex_f,ocu_skill_total,cbr_bir_native,2003,2000.453
cze,sex_f,ocu_skill_total,cbr_bir_native,2004,2001.126
cze,sex_f,ocu_skill_total,cbr_bir_native,2005,2022.145
cze,sex_f,ocu_skill_total,cbr_bir_native,2006,2048.059
cze,sex_f,ocu_skill_total,cbr_bir_native,2007,2075.106
cze,sex_f,ocu_skill_total,cbr_bir_native,2008,2087.154
cze,sex_f,ocu_skill_total,cbr_bir_native,2009,2051.498
cze,sex_f,ocu_skill_total,cbr_bir_native,2010,2032.082
cze,sex_f,ocu_skill_total,cbr_bir_native,2011,2043.454
cze,sex_f,ocu_skill_total,cbr_bir_native,2012,2053.387
cze,sex_f,ocu_skill_total,cbr_bir_native,2013,2080.198
cze,sex_f,ocu_skill_total,cbr_bir_native,2014,2088.787
cze,sex_f,ocu_skill_total,cbr_bir_native,2015,2129.935
cze,sex_f,ocu_skill_total,cbr_bir_native,2016,2188.176
cze,sex_f,ocu_skill_total,cbr_bir_native,2017,2218.066
cze,sex_f,ocu_skill_total,cbr_bir_native,2018,2256.735
cze,sex_f,ocu_skill_total,cbr_bir_native,2019,2256.393
cze,sex_f,ocu_skill_total,cbr_bir_native,2020,2209.921
cze,sex_f,ocu_skill_total,cbr_bir_native,2021,2195.626
cze,sex_f,ocu_skill_total,cbr_bir_native,2022,2159.381
cze,sex_f,ocu_skill_total,cbr_bir_native,2023,2096.01
cze,sex_f,ocu_skill_total,cbr_bir_total,2002,2064.539
cze,sex_f,ocu_skill_total,cbr_bir_total,2003,2047.015
cze,sex_f,ocu_skill_total,cbr_bir_total,2004,2043.525
cze,sex_f,ocu_skill_total,cbr_bir_total,2005,2058.509
cze,sex_f,ocu_skill_total,cbr_bir_total,2006,2086.142
cze,sex_f,ocu_skill_total,cbr_bir_total,2007,2115.909
cze,sex_f,ocu_skill_total,cbr_bir_total,2008,2139.329
cze,sex_f,ocu_skill_total,cbr_bir_total,2009,2110.541
cze,sex_f,ocu_skill_total,cbr_bir_total,2010,2086.937
cze,sex_f,ocu_skill_total,cbr_bir_total,2011,2095.07
cze,sex_f,ocu_skill_total,cbr_bir_total,2012,2111.487
cze,sex_f,ocu_skill_total,cbr_bir_total,2013,2143.037
cze,sex_f,ocu_skill_total,cbr_bir_total,2014,2157.335
cze,sex_f,ocu_skill_total,cbr_bir_total,2015,2204.59
cze,sex_f,ocu_skill_total,cbr_bir_total,2016,2261.919
cze,sex_f,ocu_skill_total,cbr_bir_total,2017,2305.842
cze,sex_f,ocu_skill_total,cbr_bir_total,2018,2347.322
cze,sex_f,ocu_skill_total,cbr_bir_total,2019,2352.352
cze,sex_f,ocu_skill_total,cbr_bir_total,2020,2306.7
cze,sex_f,ocu_skill_total,cbr_bir_total,2021,2299.849
cze,sex_f,ocu_skill_total,cbr_bir_total,2022,2287.314
cze,sex_f,ocu_skill_total,cbr_bir_total,2023,2224.522
cze,sex_f,ocu_skill_total,cbr_bir_x,2002,2.2
cze,sex_f,ocu_skill_total,cbr_bir_x,2003,2.305
cze,sex_f,ocu_skill_total,cbr_bir_x,2004,0.967
cze,sex_f,ocu_skill_total,cbr_bir_x,2005,0.854
cze,sex_f,ocu_skill_total,cbr_bir_x,2006,0.752
cze,sex_f,ocu_skill_total,cbr_bir_x,2007,0.447
cze,sex_f,ocu_skill_total,cbr_bir_x,2009,0.326
cze,sex_f,ocu_skill_x,cbr_bir_foreign,2003,0
cze,sex_f,ocu_skill_x,cbr_bir_foreign,2010,0
cze,sex_f,ocu_skill_x,cbr_bir_foreign,2023,1.107
cze,sex_f,ocu_skill_x,cbr_bir_native,2002,3.078
cze,sex_f,ocu_skill_x,cbr_bir_native,2003,1.015
cze,sex_f,ocu_skill_x,cbr_bir_native,2004,1.762
cze,sex_f,ocu_skill_x,cbr_bir_native,2005,2.753
cze,sex_f,ocu_skill_x,cbr_bir_native,2006,2.007
cze,sex_f,ocu_skill_x,cbr_bir_native,2007,1.627
cze,sex_f,ocu_skill_x,cbr_bir_native,2008,1.054
cze,sex_f,ocu_skill_x,cbr_bir_native,2009,1.294
cze,sex_f,ocu_skill_x,cbr_bir_native,2010,1.205
cze,sex_f,ocu_skill_x,cbr_bir_native,2011,0.519
cze,sex_f,ocu_skill_x,cbr_bir_native,2015,0.195
cze,sex_f,ocu_skill_x,cbr_bir_native,2016,0.258
cze,sex_f,ocu_skill_x,cbr_bir_native,2017,0.558
cze,sex_f,ocu_skill_x,cbr_bir_native,2021,2.48
cze,sex_f,ocu_skill_x,cbr_bir_native,2023,12.187
cze,sex_f,ocu_skill_x,cbr_bir_total,2002,3.21
cze,sex_f,ocu_skill_x,cbr_bir_total,2003,1.015
cze,sex_f,ocu_skill_x,cbr_bir_total,2004,1.762
cze,sex_f,ocu_skill_x,cbr_bir_total,2005,2.753
cze,sex_f,ocu_skill_x,cbr_bir_total,2006,2.154
cze,sex_f,ocu_skill_x,cbr_bir_total,2007,1.652
cze,sex_f,ocu_skill_x,cbr_bir_total,2008,1.054
cze,sex_f,ocu_skill_x,cbr_bir_total,2009,1.294
cze,sex_f,ocu_skill_x,cbr_bir_total,2010,1.205
cze,sex_f,ocu_skill_x,cbr_bir_total,2011,0.566
cze,sex_f,ocu_skill_x,cbr_bir_total,2015,0.195
cze,sex_f,ocu_skill_x,cbr_bir_total,2016,0.258
cze,sex_f,ocu_skill_x,cbr_bir_total,2017,0.558
cze,sex_f,ocu_skill_x,cbr_bir_total,2021,2.756
cze,sex_f,ocu_skill_x,cbr_bir_total,2023,13.294
cze,sex_m,ocu_isco08_0,cbr_bir_foreign,2021,0.4
cze,sex_m,ocu_isco08_0,cbr_bir_native,2019,0.865
cze,sex_m,ocu_isco08_0,cbr_bir_native,2020,3.339
cze,sex_m,ocu_isco08_0,cbr_bir_native,2021,4.37
cze,sex_m,ocu_isco08_0,cbr_bir_native,2022,1.968
cze,sex_m,ocu_isco08_0,cbr_bir_native,2023,9.251
cze,sex_m,ocu_isco08_0,cbr_bir_total,2019,0.865
cze,sex_m,ocu_isco08_0,cbr_bir_total,2020,3.339
cze,sex_m,ocu_isco08_0,cbr_bir_total,2021,4.771
cze,sex_m,ocu_isco08_0,cbr_bir_total,2022,2.291
cze,sex_m,ocu_isco08_0,cbr_bir_total,2023,9.908
cze,sex_m,ocu_isco08_1,cbr_bir_foreign,2011,8.902
cze,sex_m,ocu_isco08_1,cbr_bir_foreign,2012,9.397
cze,sex_m,ocu_isco08_1,cbr_bir_foreign,2013,8.238
cze,sex_m,ocu_isco08_1,cbr_bir_foreign,2014,10.436
cze,sex_m,ocu_isco08_1,cbr_bir_foreign,2015,12.063
cze,sex_m,ocu_isco08_1,cbr_bir_foreign,2016,10.128
cze,sex_m,ocu_isco08_1,cbr_bir_foreign,2017,9.384
cze,sex_m,ocu_isco08_1,cbr_bir_foreign,2018,8.054
cze,sex_m,ocu_isco08_1,cbr_bir_foreign,2019,7.077
cze,sex_m,ocu_isco08_1,cbr_bir_foreign,2020,8.349
cze,sex_m,ocu_isco08_1,cbr_bir_foreign,2021,10.219
cze,sex_m,ocu_isco08_1,cbr_bir_foreign,2022,9.581
cze,sex_m,ocu_isco08_1,cbr_bir_foreign,2023,9.921
cze,sex_m,ocu_isco08_1,cbr_bir_native,2011,165.014
cze,sex_m,ocu_isco08_1,cbr_bir_native,2012,177.426
cze,sex_m,ocu_isco08_1,cbr_bir_native,2013,191.513
cze,sex_m,ocu_isco08_1,cbr_bir_native,2014,177.339
cze,sex_m,ocu_isco08_1,cbr_bir_native,2015,183.929
cze,sex_m,ocu_isco08_1,cbr_bir_native,2016,192.616
cze,sex_m,ocu_isco08_1,cbr_bir_native,2017,182.091
cze,sex_m,ocu_isco08_1,cbr_bir_native,2018,175.204
cze,sex_m,ocu_isco08_1,cbr_bir_native,2019,170.774
cze,sex_m,ocu_isco08_1,cbr_bir_native,2020,157.567
cze,sex_m,ocu_isco08_1,cbr_bir_native,2021,180.09
cze,sex_m,ocu_isco08_1,cbr_bir_native,2022,184.698
cze,sex_m,ocu_isco08_1,cbr_bir_native,2023,178.109
cze,sex_m,ocu_isco08_1,cbr_bir_total,2011,173.916
cze,sex_m,ocu_isco08_1,cbr_bir_total,2012,186.973
cze,sex_m,ocu_isco08_1,cbr_bir_total,2013,199.75
cze,sex_m,ocu_isco08_1,cbr_bir_total,2014,187.775
cze,sex_m,ocu_isco08_1,cbr_bir_total,2015,195.992
cze,sex_m,ocu_isco08_1,cbr_bir_total,2016,202.744
cze,sex_m,ocu_isco08_1,cbr_bir_total,2017,191.475
cze,sex_m,ocu_isco08_1,cbr_bir_total,2018,183.257
cze,sex_m,ocu_isco08_1,cbr_bir_total,2019,177.85
cze,sex_m,ocu_isco08_1,cbr_bir_total,2020,165.917
cze,sex_m,ocu_isco08_1,cbr_bir_total,2021,190.31
cze,sex_m,ocu_isco08_1,cbr_bir_total,2022,194.279
cze,sex_m,ocu_isco08_1,cbr_bir_total,2023,188.03
cze,sex_m,ocu_isco08_2,cbr_bir_foreign,2011,14.352
cze,sex_m,ocu_isco08_2,cbr_bir_foreign,2012,13.405
cze,sex_m,ocu_isco08_2,cbr_bir_foreign,2013,17.112
cze,sex_m,ocu_isco08_2,cbr_bir_foreign,2014,15.325
cze,sex_m,ocu_isco08_2,cbr_bir_foreign,2015,14.864
cze,sex_m,ocu_isco08_2,cbr_bir_foreign,2016,17.158
cze,sex_m,ocu_isco08_2,cbr_bir_foreign,2017,21.131
cze,sex_m,ocu_isco08_2,cbr_bir_foreign,2018,18.905
cze,sex_m,ocu_isco08_2,cbr_bir_foreign,2019,22.147
cze,sex_m,ocu_isco08_2,cbr_bir_foreign,2020,25.97
cze,sex_m,ocu_isco08_2,cbr_bir_foreign,2021,30.312
cze,sex_m,ocu_isco08_2,cbr_bir_foreign,2022,27.052
cze,sex_m,ocu_isco08_2,cbr_bir_foreign,2023,32.168
cze,sex_m,ocu_isco08_2,cbr_bir_native,2011,274.716
cze,sex_m,ocu_isco08_2,cbr_bir_native,2012,292.634
cze,sex_m,ocu_isco08_2,cbr_bir_native,2013,307.053
cze,sex_m,ocu_isco08_2,cbr_bir_native,2014,326.796
cze,sex_m,ocu_isco08_2,cbr_bir_native,2015,329.726
cze,sex_m,ocu_isco08_2,cbr_bir_native,2016,350.01
cze,sex_m,ocu_isco08_2,cbr_bir_native,2017,362.149
cze,sex_m,ocu_isco08_2,cbr_bir_native,2018,376.7
cze,sex_m,ocu_isco08_2,cbr_bir_native,2019,386.318
cze,sex_m,ocu_isco08_2,cbr_bir_native,2020,405.747
cze,sex_m,ocu_isco08_2,cbr_bir_native,2021,435.244
cze,sex_m,ocu_isco08_2,cbr_bir_native,2022,422.541
cze,sex_m,ocu_isco08_2,cbr_bir_native,2023,443.414
cze,sex_m,ocu_isco08_2,cbr_bir_total,2011,289.186
cze,sex_m,ocu_isco08_2,cbr_bir_total,2012,306.039
cze,sex_m,ocu_isco08_2,cbr_bir_total,2013,324.166
cze,sex_m,ocu_isco08_2,cbr_bir_total,2014,342.492
cze,sex_m,ocu_isco08_2,cbr_bir_total,2015,344.803
cze,sex_m,ocu_isco08_2,cbr_bir_total,2016,367.168
cze,sex_m,ocu_isco08_2,cbr_bir_total,2017,383.28
cze,sex_m,ocu_isco08_2,cbr_bir_total,2018,395.605
cze,sex_m,ocu_isco08_2,cbr_bir_total,2019,408.809
cze,sex_m,ocu_isco08_2,cbr_bir_total,2020,431.804
cze,sex_m,ocu_isco08_2,cbr_bir_total,2021,465.866
cze,sex_m,ocu_isco08_2,cbr_bir_total,2022,449.769
cze,sex_m,ocu_isco08_2,cbr_bir_total,2023,475.582
cze,sex_m,ocu_isco08_2,cbr_bir_x,2021,0.31
cze,sex_m,ocu_isco08_3,cbr_bir_foreign,2011,12.726
cze,sex_m,ocu_isco08_3,cbr_bir_foreign,2012,10.6
cze,sex_m,ocu_isco08_3,cbr_bir_foreign,2013,12.153
cze,sex_m,ocu_isco08_3,cbr_bir_foreign,2014,15.385
cze,sex_m,ocu_isco08_3,cbr_bir_foreign,2015,12.167
cze,sex_m,ocu_isco08_3,cbr_bir_foreign,2016,12.524
cze,sex_m,ocu_isco08_3,cbr_bir_foreign,2017,12.807
cze,sex_m,ocu_isco08_3,cbr_bir_foreign,2018,14.505
cze,sex_m,ocu_isco08_3,cbr_bir_foreign,2019,16.525
cze,sex_m,ocu_isco08_3,cbr_bir_foreign,2020,18.746
cze,sex_m,ocu_isco08_3,cbr_bir_foreign,2021,18.094
cze,sex_m,ocu_isco08_3,cbr_bir_foreign,2022,19.28
cze,sex_m,ocu_isco08_3,cbr_bir_foreign,2023,10.347
cze,sex_m,ocu_isco08_3,cbr_bir_native,2011,521.648
cze,sex_m,ocu_isco08_3,cbr_bir_native,2012,505.943
cze,sex_m,ocu_isco08_3,cbr_bir_native,2013,505.522
cze,sex_m,ocu_isco08_3,cbr_bir_native,2014,493.777
cze,sex_m,ocu_isco08_3,cbr_bir_native,2015,480.898
cze,sex_m,ocu_isco08_3,cbr_bir_native,2016,485.15
cze,sex_m,ocu_isco08_3,cbr_bir_native,2017,507.39
cze,sex_m,ocu_isco08_3,cbr_bir_native,2018,509.395
cze,sex_m,ocu_isco08_3,cbr_bir_native,2019,509.796
cze,sex_m,ocu_isco08_3,cbr_bir_native,2020,506.362
cze,sex_m,ocu_isco08_3,cbr_bir_native,2021,491.713
cze,sex_m,ocu_isco08_3,cbr_bir_native,2022,453.461
cze,sex_m,ocu_isco08_3,cbr_bir_native,2023,423.309
cze,sex_m,ocu_isco08_3,cbr_bir_total,2011,534.708
cze,sex_m,ocu_isco08_3,cbr_bir_total,2012,516.969
cze,sex_m,ocu_isco08_3,cbr_bir_total,2013,517.676
cze,sex_m,ocu_isco08_3,cbr_bir_total,2014,509.162
cze,sex_m,ocu_isco08_3,cbr_bir_total,2015,493.066
cze,sex_m,ocu_isco08_3,cbr_bir_total,2016,497.674
cze,sex_m,ocu_isco08_3,cbr_bir_total,2017,520.383
cze,sex_m,ocu_isco08_3,cbr_bir_total,2018,524.17
cze,sex_m,ocu_isco08_3,cbr_bir_total,2019,526.321
cze,sex_m,ocu_isco08_3,cbr_bir_total,2020,525.108
cze,sex_m,ocu_isco08_3,cbr_bir_total,2021,509.853
cze,sex_m,ocu_isco08_3,cbr_bir_total,2022,472.74
cze,sex_m,ocu_isco08_3,cbr_bir_total,2023,433.656
cze,sex_m,ocu_isco08_3,cbr_bir_x,2011,0.334
cze,sex_m,ocu_isco08_4,cbr_bir_foreign,2011,1.25
cze,sex_m,ocu_isco08_4,cbr_bir_foreign,2012,1.724
cze,sex_m,ocu_isco08_4,cbr_bir_foreign,2013,2.077
cze,sex_m,ocu_isco08_4,cbr_bir_foreign,2014,2.024
cze,sex_m,ocu_isco08_4,cbr_bir_foreign,2015,3.822
cze,sex_m,ocu_isco08_4,cbr_bir_foreign,2016,3.275
cze,sex_m,ocu_isco08_4,cbr_bir_foreign,2017,4.333
cze,sex_m,ocu_isco08_4,cbr_bir_foreign,2018,4.164
cze,sex_m,ocu_isco08_4,cbr_bir_foreign,2019,3.571
cze,sex_m,ocu_isco08_4,cbr_bir_foreign,2020,4.001
cze,sex_m,ocu_isco08_4,cbr_bir_foreign,2021,3.93
cze,sex_m,ocu_isco08_4,cbr_bir_foreign,2022,3.09
cze,sex_m,ocu_isco08_4,cbr_bir_foreign,2023,2.859
cze,sex_m,ocu_isco08_4,cbr_bir_native,2011,101.408
cze,sex_m,ocu_isco08_4,cbr_bir_native,2012,97.67
cze,sex_m,ocu_isco08_4,cbr_bir_native,2013,99.815
cze,sex_m,ocu_isco08_4,cbr_bir_native,2014,100.034
cze,sex_m,ocu_isco08_4,cbr_bir_native,2015,96.353
cze,sex_m,ocu_isco08_4,cbr_bir_native,2016,96.24
cze,sex_m,ocu_isco08_4,cbr_bir_native,2017,105.316
cze,sex_m,ocu_isco08_4,cbr_bir_native,2018,108.041
cze,sex_m,ocu_isco08_4,cbr_bir_native,2019,101.652
cze,sex_m,ocu_isco08_4,cbr_bir_native,2020,100.414
cze,sex_m,ocu_isco08_4,cbr_bir_native,2021,97.81
cze,sex_m,ocu_isco08_4,cbr_bir_native,2022,98.493
cze,sex_m,ocu_isco08_4,cbr_bir_native,2023,87.685
cze,sex_m,ocu_isco08_4,cbr_bir_total,2011,102.658
cze,sex_m,ocu_isco08_4,cbr_bir_total,2012,99.394
cze,sex_m,ocu_isco08_4,cbr_bir_total,2013,101.892
cze,sex_m,ocu_isco08_4,cbr_bir_total,2014,102.057
cze,sex_m,ocu_isco08_4,cbr_bir_total,2015,100.176
cze,sex_m,ocu_isco08_4,cbr_bir_total,2016,99.515
cze,sex_m,ocu_isco08_4,cbr_bir_total,2017,109.818
cze,sex_m,ocu_isco08_4,cbr_bir_total,2018,112.452
cze,sex_m,ocu_isco08_4,cbr_bir_total,2019,105.223
cze,sex_m,ocu_isco08_4,cbr_bir_total,2020,104.415
cze,sex_m,ocu_isco08_4,cbr_bir_total,2021,101.741
cze,sex_m,ocu_isco08_4,cbr_bir_total,2022,101.582
cze,sex_m,ocu_isco08_4,cbr_bir_total,2023,90.543
cze,sex_m,ocu_isco08_5,cbr_bir_foreign,2011,10.412
cze,sex_m,ocu_isco08_5,cbr_bir_foreign,2012,9.424
cze,sex_m,ocu_isco08_5,cbr_bir_foreign,2013,10.667
cze,sex_m,ocu_isco08_5,cbr_bir_foreign,2014,12.223
cze,sex_m,ocu_isco08_5,cbr_bir_foreign,2015,15.473
cze,sex_m,ocu_isco08_5,cbr_bir_foreign,2016,12.246
cze,sex_m,ocu_isco08_5,cbr_bir_foreign,2017,13.158
cze,sex_m,ocu_isco08_5,cbr_bir_foreign,2018,18.084
cze,sex_m,ocu_isco08_5,cbr_bir_foreign,2019,17.943
cze,sex_m,ocu_isco08_5,cbr_bir_foreign,2020,14.366
cze,sex_m,ocu_isco08_5,cbr_bir_foreign,2021,14.529
cze,sex_m,ocu_isco08_5,cbr_bir_foreign,2022,16.694
cze,sex_m,ocu_isco08_5,cbr_bir_foreign,2023,17.222
cze,sex_m,ocu_isco08_5,cbr_bir_native,2011,254.729
cze,sex_m,ocu_isco08_5,cbr_bir_native,2012,249.617
cze,sex_m,ocu_isco08_5,cbr_bir_native,2013,244.275
cze,sex_m,ocu_isco08_5,cbr_bir_native,2014,255.691
cze,sex_m,ocu_isco08_5,cbr_bir_native,2015,257.749
cze,sex_m,ocu_isco08_5,cbr_bir_native,2016,258.588
cze,sex_m,ocu_isco08_5,cbr_bir_native,2017,260.743
cze,sex_m,ocu_isco08_5,cbr_bir_native,2018,270.679
cze,sex_m,ocu_isco08_5,cbr_bir_native,2019,260.004
cze,sex_m,ocu_isco08_5,cbr_bir_native,2020,257.134
cze,sex_m,ocu_isco08_5,cbr_bir_native,2021,239.492
cze,sex_m,ocu_isco08_5,cbr_bir_native,2022,246.822
cze,sex_m,ocu_isco08_5,cbr_bir_native,2023,231.447
cze,sex_m,ocu_isco08_5,cbr_bir_total,2011,265.169
cze,sex_m,ocu_isco08_5,cbr_bir_total,2012,259.041
cze,sex_m,ocu_isco08_5,cbr_bir_total,2013,254.942
cze,sex_m,ocu_isco08_5,cbr_bir_total,2014,267.914
cze,sex_m,ocu_isco08_5,cbr_bir_total,2015,273.223
cze,sex_m,ocu_isco08_5,cbr_bir_total,2016,270.834
cze,sex_m,ocu_isco08_5,cbr_bir_total,2017,273.902
cze,sex_m,ocu_isco08_5,cbr_bir_total,2018,288.764
cze,sex_m,ocu_isco08_5,cbr_bir_total,2019,277.948
cze,sex_m,ocu_isco08_5,cbr_bir_total,2020,271.623
cze,sex_m,ocu_isco08_5,cbr_bir_total,2021,254.238
cze,sex_m,ocu_isco08_5,cbr_bir_total,2022,263.517
cze,sex_m,ocu_isco08_5,cbr_bir_total,2023,248.67
cze,sex_m,ocu_isco08_6,cbr_bir_foreign,2011,0.371
cze,sex_m,ocu_isco08_6,cbr_bir_foreign,2012,0.344
cze,sex_m,ocu_isco08_6,cbr_bir_foreign,2013,0.801
cze,sex_m,ocu_isco08_6,cbr_bir_foreign,2014,0.952
cze,sex_m,ocu_isco08_6,cbr_bir_foreign,2015,0.864
cze,sex_m,ocu_isco08_6,cbr_bir_foreign,2016,1.849
cze,sex_m,ocu_isco08_6,cbr_bir_foreign,2017,0.508
cze,sex_m,ocu_isco08_6,cbr_bir_foreign,2018,0.285
cze,sex_m,ocu_isco08_6,cbr_bir_foreign,2019,0.8
cze,sex_m,ocu_isco08_6,cbr_bir_foreign,2020,1.458
cze,sex_m,ocu_isco08_6,cbr_bir_foreign,2021,2.104
cze,sex_m,ocu_isco08_6,cbr_bir_foreign,2022,1.895
cze,sex_m,ocu_isco08_6,cbr_bir_native,2011,42.435
cze,sex_m,ocu_isco08_6,cbr_bir_native,2012,42.633
cze,sex_m,ocu_isco08_6,cbr_bir_native,2013,40.551
cze,sex_m,ocu_isco08_6,cbr_bir_native,2014,39.178
cze,sex_m,ocu_isco08_6,cbr_bir_native,2015,43.174
cze,sex_m,ocu_isco08_6,cbr_bir_native,2016,45.492
cze,sex_m,ocu_isco08_6,cbr_bir_native,2017,45.684
cze,sex_m,ocu_isco08_6,cbr_bir_native,2018,41.681
cze,sex_m,ocu_isco08_6,cbr_bir_native,2019,41.837
cze,sex_m,ocu_isco08_6,cbr_bir_native,2020,39.649
cze,sex_m,ocu_isco08_6,cbr_bir_native,2021,39.21
cze,sex_m,ocu_isco08_6,cbr_bir_native,2022,39.506
cze,sex_m,ocu_isco08_6,cbr_bir_native,2023,46.523
cze,sex_m,ocu_isco08_6,cbr_bir_total,2011,42.806
cze,sex_m,ocu_isco08_6,cbr_bir_total,2012,42.978
cze,sex_m,ocu_isco08_6,cbr_bir_total,2013,41.352
cze,sex_m,ocu_isco08_6,cbr_bir_total,2014,40.131
cze,sex_m,ocu_isco08_6,cbr_bir_total,2015,44.038
cze,sex_m,ocu_isco08_6,cbr_bir_total,2016,47.342
cze,sex_m,ocu_isco08_6,cbr_bir_total,2017,46.193
cze,sex_m,ocu_isco08_6,cbr_bir_total,2018,41.965
cze,sex_m,ocu_isco08_6,cbr_bir_total,2019,42.638
cze,sex_m,ocu_isco08_6,cbr_bir_total,2020,41.107
cze,sex_m,ocu_isco08_6,cbr_bir_total,2021,41.313
cze,sex_m,ocu_isco08_6,cbr_bir_total,2022,41.4
cze,sex_m,ocu_isco08_6,cbr_bir_total,2023,47.348
cze,sex_m,ocu_isco08_7,cbr_bir_foreign,2011,16.679
cze,sex_m,ocu_isco08_7,cbr_bir_foreign,2012,17.586
cze,sex_m,ocu_isco08_7,cbr_bir_foreign,2013,18.923
cze,sex_m,ocu_isco08_7,cbr_bir_foreign,2014,22.516
cze,sex_m,ocu_isco08_7,cbr_bir_foreign,2015,23.281
cze,sex_m,ocu_isco08_7,cbr_bir_foreign,2016,20.188
cze,sex_m,ocu_isco08_7,cbr_bir_foreign,2017,26.902
cze,sex_m,ocu_isco08_7,cbr_bir_foreign,2018,29.805
cze,sex_m,ocu_isco08_7,cbr_bir_foreign,2019,26.124
cze,sex_m,ocu_isco08_7,cbr_bir_foreign,2020,25.159
cze,sex_m,ocu_isco08_7,cbr_bir_foreign,2021,33.157
cze,sex_m,ocu_isco08_7,cbr_bir_foreign,2022,37.459
cze,sex_m,ocu_isco08_7,cbr_bir_foreign,2023,51.7
cze,sex_m,ocu_isco08_7,cbr_bir_native,2011,756.517
cze,sex_m,ocu_isco08_7,cbr_bir_native,2012,749.081
cze,sex_m,ocu_isco08_7,cbr_bir_native,2013,742.578
cze,sex_m,ocu_isco08_7,cbr_bir_native,2014,757.253
cze,sex_m,ocu_isco08_7,cbr_bir_native,2015,746.404
cze,sex_m,ocu_isco08_7,cbr_bir_native,2016,754.5
cze,sex_m,ocu_isco08_7,cbr_bir_native,2017,742.691
cze,sex_m,ocu_isco08_7,cbr_bir_native,2018,743.824
cze,sex_m,ocu_isco08_7,cbr_bir_native,2019,722.524
cze,sex_m,ocu_isco08_7,cbr_bir_native,2020,717.144
cze,sex_m,ocu_isco08_7,cbr_bir_native,2021,686.141
cze,sex_m,ocu_isco08_7,cbr_bir_native,2022,692.134
cze,sex_m,ocu_isco08_7,cbr_bir_native,2023,696.669
cze,sex_m,ocu_isco08_7,cbr_bir_total,2011,773.197
cze,sex_m,ocu_isco08_7,cbr_bir_total,2012,766.667
cze,sex_m,ocu_isco08_7,cbr_bir_total,2013,761.501
cze,sex_m,ocu_isco08_7,cbr_bir_total,2014,779.768
cze,sex_m,ocu_isco08_7,cbr_bir_total,2015,769.686
cze,sex_m,ocu_isco08_7,cbr_bir_total,2016,774.688
cze,sex_m,ocu_isco08_7,cbr_bir_total,2017,769.593
cze,sex_m,ocu_isco08_7,cbr_bir_total,2018,773.628
cze,sex_m,ocu_isco08_7,cbr_bir_total,2019,748.648
cze,sex_m,ocu_isco08_7,cbr_bir_total,2020,742.303
cze,sex_m,ocu_isco08_7,cbr_bir_total,2021,719.298
cze,sex_m,ocu_isco08_7,cbr_bir_total,2022,729.592
cze,sex_m,ocu_isco08_7,cbr_bir_total,2023,748.369
cze,sex_m,ocu_isco08_8,cbr_bir_foreign,2011,15.385
cze,sex_m,ocu_isco08_8,cbr_bir_foreign,2012,17.779
cze,sex_m,ocu_isco08_8,cbr_bir_foreign,2013,15.608
cze,sex_m,ocu_isco08_8,cbr_bir_foreign,2014,14.408
cze,sex_m,ocu_isco08_8,cbr_bir_foreign,2015,15.798
cze,sex_m,ocu_isco08_8,cbr_bir_foreign,2016,14.928
cze,sex_m,ocu_isco08_8,cbr_bir_foreign,2017,20.791
cze,sex_m,ocu_isco08_8,cbr_bir_foreign,2018,20.766
cze,sex_m,ocu_isco08_8,cbr_bir_foreign,2019,24.001
cze,sex_m,ocu_isco08_8,cbr_bir_foreign,2020,24.341
cze,sex_m,ocu_isco08_8,cbr_bir_foreign,2021,23.847
cze,sex_m,ocu_isco08_8,cbr_bir_foreign,2022,29.279
cze,sex_m,ocu_isco08_8,cbr_bir_foreign,2023,36.992
cze,sex_m,ocu_isco08_8,cbr_bir_native,2011,489.686
cze,sex_m,ocu_isco08_8,cbr_bir_native,2012,485.616
cze,sex_m,ocu_isco08_8,cbr_bir_native,2013,470.649
cze,sex_m,ocu_isco08_8,cbr_bir_native,2014,470.137
cze,sex_m,ocu_isco08_8,cbr_bir_native,2015,492.184
cze,sex_m,ocu_isco08_8,cbr_bir_native,2016,502.654
cze,sex_m,ocu_isco08_8,cbr_bir_native,2017,498.359
cze,sex_m,ocu_isco08_8,cbr_bir_native,2018,496.98
cze,sex_m,ocu_isco08_8,cbr_bir_native,2019,514.972
cze,sex_m,ocu_isco08_8,cbr_bir_native,2020,496.383
cze,sex_m,ocu_isco08_8,cbr_bir_native,2021,487.206
cze,sex_m,ocu_isco08_8,cbr_bir_native,2022,477.475
cze,sex_m,ocu_isco08_8,cbr_bir_native,2023,459.642
cze,sex_m,ocu_isco08_8,cbr_bir_total,2011,505.071
cze,sex_m,ocu_isco08_8,cbr_bir_total,2012,503.627
cze,sex_m,ocu_isco08_8,cbr_bir_total,2013,486.324
cze,sex_m,ocu_isco08_8,cbr_bir_total,2014,484.545
cze,sex_m,ocu_isco08_8,cbr_bir_total,2015,507.983
cze,sex_m,ocu_isco08_8,cbr_bir_total,2016,517.582
cze,sex_m,ocu_isco08_8,cbr_bir_total,2017,519.15
cze,sex_m,ocu_isco08_8,cbr_bir_total,2018,517.746
cze,sex_m,ocu_isco08_8,cbr_bir_total,2019,538.973
cze,sex_m,ocu_isco08_8,cbr_bir_total,2020,520.724
cze,sex_m,ocu_isco08_8,cbr_bir_total,2021,511.053
cze,sex_m,ocu_isco08_8,cbr_bir_total,2022,506.754
cze,sex_m,ocu_isco08_8,cbr_bir_total,2023,496.634
cze,sex_m,ocu_isco08_9,cbr_bir_foreign,2011,4.4
cze,sex_m,ocu_isco08_9,cbr_bir_foreign,2012,4.917
cze,sex_m,ocu_isco08_9,cbr_bir_foreign,2013,4.923
cze,sex_m,ocu_isco08_9,cbr_bir_foreign,2014,4.641
cze,sex_m,ocu_isco08_9,cbr_bir_foreign,2015,7.049
cze,sex_m,ocu_isco08_9,cbr_bir_foreign,2016,4.987
cze,sex_m,ocu_isco08_9,cbr_bir_foreign,2017,4.324
cze,sex_m,ocu_isco08_9,cbr_bir_foreign,2018,7.553
cze,sex_m,ocu_isco08_9,cbr_bir_foreign,2019,10.562
cze,sex_m,ocu_isco08_9,cbr_bir_foreign,2020,11.279
cze,sex_m,ocu_isco08_9,cbr_bir_foreign,2021,10.563
cze,sex_m,ocu_isco08_9,cbr_bir_foreign,2022,15.046
cze,sex_m,ocu_isco08_9,cbr_bir_foreign,2023,9.314
cze,sex_m,ocu_isco08_9,cbr_bir_native,2011,85.804
cze,sex_m,ocu_isco08_9,cbr_bir_native,2012,91.963
cze,sex_m,ocu_isco08_9,cbr_bir_native,2013,101.521
cze,sex_m,ocu_isco08_9,cbr_bir_native,2014,98.404
cze,sex_m,ocu_isco08_9,cbr_bir_native,2015,100.693
cze,sex_m,ocu_isco08_9,cbr_bir_native,2016,93.62
cze,sex_m,ocu_isco08_9,cbr_bir_native,2017,97.149
cze,sex_m,ocu_isco08_9,cbr_bir_native,2018,101.299
cze,sex_m,ocu_isco08_9,cbr_bir_native,2019,112.857
cze,sex_m,ocu_isco08_9,cbr_bir_native,2020,110.825
cze,sex_m,ocu_isco08_9,cbr_bir_native,2021,109.857
cze,sex_m,ocu_isco08_9,cbr_bir_native,2022,105.038
cze,sex_m,ocu_isco08_9,cbr_bir_native,2023,87.882
cze,sex_m,ocu_isco08_9,cbr_bir_total,2011,90.204
cze,sex_m,ocu_isco08_9,cbr_bir_total,2012,96.879
cze,sex_m,ocu_isco08_9,cbr_bir_total,2013,106.444
cze,sex_m,ocu_isco08_9,cbr_bir_total,2014,103.045
cze,sex_m,ocu_isco08_9,cbr_bir_total,2015,107.742
cze,sex_m,ocu_isco08_9,cbr_bir_total,2016,98.607
cze,sex_m,ocu_isco08_9,cbr_bir_total,2017,101.473
cze,sex_m,ocu_isco08_9,cbr_bir_total,2018,108.853
cze,sex_m,ocu_isco08_9,cbr_bir_total,2019,123.419
cze,sex_m,ocu_isco08_9,cbr_bir_total,2020,122.104
cze,sex_m,ocu_isco08_9,cbr_bir_total,2021,120.42
cze,sex_m,ocu_isco08_9,cbr_bir_total,2022,120.085
cze,sex_m,ocu_isco08_9,cbr_bir_total,2023,97.196
cze,sex_m,ocu_isco08_total,cbr_bir_foreign,2011,84.478
cze,sex_m,ocu_isco08_total,cbr_bir_foreign,2012,85.176
cze,sex_m,ocu_isco08_total,cbr_bir_foreign,2013,90.502
cze,sex_m,ocu_isco08_total,cbr_bir_foreign,2014,97.909
cze,sex_m,ocu_isco08_total,cbr_bir_foreign,2015,105.382
cze,sex_m,ocu_isco08_total,cbr_bir_foreign,2016,97.284
cze,sex_m,ocu_isco08_total,cbr_bir_foreign,2017,113.338
cze,sex_m,ocu_isco08_total,cbr_bir_foreign,2018,122.122
cze,sex_m,ocu_isco08_total,cbr_bir_foreign,2019,128.75
cze,sex_m,ocu_isco08_total,cbr_bir_foreign,2020,133.668
cze,sex_m,ocu_isco08_total,cbr_bir_foreign,2021,147.155
cze,sex_m,ocu_isco08_total,cbr_bir_foreign,2022,159.697
cze,sex_m,ocu_isco08_total,cbr_bir_foreign,2023,172.005
cze,sex_m,ocu_isco08_total,cbr_bir_native,2011,2692.378
cze,sex_m,ocu_isco08_total,cbr_bir_native,2012,2692.583
cze,sex_m,ocu_isco08_total,cbr_bir_native,2013,2703.478
cze,sex_m,ocu_isco08_total,cbr_bir_native,2014,2718.679
cze,sex_m,ocu_isco08_total,cbr_bir_native,2015,2731.718
cze,sex_m,ocu_isco08_total,cbr_bir_native,2016,2779.375
cze,sex_m,ocu_isco08_total,cbr_bir_native,2017,2802.07
cze,sex_m,ocu_isco08_total,cbr_bir_native,2018,2823.829
cze,sex_m,ocu_isco08_total,cbr_bir_native,2019,2821.65
cze,sex_m,ocu_isco08_total,cbr_bir_native,2020,2794.566
cze,sex_m,ocu_isco08_total,cbr_bir_native,2021,2771.394
cze,sex_m,ocu_isco08_total,cbr_bir_native,2022,2722.135
cze,sex_m,ocu_isco08_total,cbr_bir_native,2023,2664.319
cze,sex_m,ocu_isco08_total,cbr_bir_total,2011,2777.336
cze,sex_m,ocu_isco08_total,cbr_bir_total,2012,2778.566
cze,sex_m,ocu_isco08_total,cbr_bir_total,2013,2794.047
cze,sex_m,ocu_isco08_total,cbr_bir_total,2014,2816.96
cze,sex_m,ocu_isco08_total,cbr_bir_total,2015,2837.313
cze,sex_m,ocu_isco08_total,cbr_bir_total,2016,2876.659
cze,sex_m,ocu_isco08_total,cbr_bir_total,2017,2915.762
cze,sex_m,ocu_isco08_total,cbr_bir_total,2018,2946.467
cze,sex_m,ocu_isco08_total,cbr_bir_total,2019,2950.744
cze,sex_m,ocu_isco08_total,cbr_bir_total,2020,2928.443
cze,sex_m,ocu_isco08_total,cbr_bir_total,2021,2919.121
cze,sex_m,ocu_isco08_total,cbr_bir_total,2022,2882.008
cze,sex_m,ocu_isco08_total,cbr_bir_total,2023,2836.324
cze,sex_m,ocu_isco08_total,cbr_bir_x,2011,0.48
cze,sex_m,ocu_isco08_total,cbr_bir_x,2012,0.806
cze,sex_m,ocu_isco08_total,cbr_bir_x,2018,0.516
cze,sex_m,ocu_isco08_total,cbr_bir_x,2021,0.572
cze,sex_m,ocu_isco08_x,cbr_bir_native,2011,0.421
cze,sex_m,ocu_isco08_x,cbr_bir_native,2015,0.606
cze,sex_m,ocu_isco08_x,cbr_bir_native,2016,0.506
cze,sex_m,ocu_isco08_x,cbr_bir_native,2017,0.497
cze,sex_m,ocu_isco08_x,cbr_bir_native,2021,0.258
cze,sex_m,ocu_isco08_x,cbr_bir_total,2011,0.421
cze,sex_m,ocu_isco08_x,cbr_bir_total,2015,0.606
cze,sex_m,ocu_isco08_x,cbr_bir_total,2016,0.506
cze,sex_m,ocu_isco08_x,cbr_bir_total,2017,0.497
cze,sex_m,ocu_isco08_x,cbr_bir_total,2021,0.258
cze,sex_m,ocu_isco88_0,cbr_bir_foreign,2002,0.217
cze,sex_m,ocu_isco88_0,cbr_bir_foreign,2003,0.865
cze,sex_m,ocu_isco88_0,cbr_bir_foreign,2004,0.423
cze,sex_m,ocu_isco88_0,cbr_bir_foreign,2005,0.31
cze,sex_m,ocu_isco88_0,cbr_bir_foreign,2006,0.222
cze,sex_m,ocu_isco88_0,cbr_bir_foreign,2008,0.338
cze,sex_m,ocu_isco88_0,cbr_bir_foreign,2009,0.593
cze,sex_m,ocu_isco88_0,cbr_bir_foreign,2010,0.795
cze,sex_m,ocu_isco88_0,cbr_bir_native,2002,33.731
cze,sex_m,ocu_isco88_0,cbr_bir_native,2003,34.284
cze,sex_m,ocu_isco88_0,cbr_bir_native,2004,21.034
cze,sex_m,ocu_isco88_0,cbr_bir_native,2005,12.818
cze,sex_m,ocu_isco88_0,cbr_bir_native,2006,15.002
cze,sex_m,ocu_isco88_0,cbr_bir_native,2007,12.903
cze,sex_m,ocu_isco88_0,cbr_bir_native,2008,14.86
cze,sex_m,ocu_isco88_0,cbr_bir_native,2009,13.103
cze,sex_m,ocu_isco88_0,cbr_bir_native,2010,13.106
cze,sex_m,ocu_isco88_0,cbr_bir_total,2002,33.948
cze,sex_m,ocu_isco88_0,cbr_bir_total,2003,35.149
cze,sex_m,ocu_isco88_0,cbr_bir_total,2004,21.456
cze,sex_m,ocu_isco88_0,cbr_bir_total,2005,13.129
cze,sex_m,ocu_isco88_0,cbr_bir_total,2006,15.224
cze,sex_m,ocu_isco88_0,cbr_bir_total,2007,12.967
cze,sex_m,ocu_isco88_0,cbr_bir_total,2008,15.198
cze,sex_m,ocu_isco88_0,cbr_bir_total,2009,13.696
cze,sex_m,ocu_isco88_0,cbr_bir_total,2010,13.901
cze,sex_m,ocu_isco88_1,cbr_bir_foreign,2002,4.104
cze,sex_m,ocu_isco88_1,cbr_bir_foreign,2003,5.55
cze,sex_m,ocu_isco88_1,cbr_bir_foreign,2004,6.518
cze,sex_m,ocu_isco88_1,cbr_bir_foreign,2005,6.028
cze,sex_m,ocu_isco88_1,cbr_bir_foreign,2006,6.739
cze,sex_m,ocu_isco88_1,cbr_bir_foreign,2007,5.393
cze,sex_m,ocu_isco88_1,cbr_bir_foreign,2008,7.832
cze,sex_m,ocu_isco88_1,cbr_bir_foreign,2009,7.966
cze,sex_m,ocu_isco88_1,cbr_bir_foreign,2010,6.831
cze,sex_m,ocu_isco88_1,cbr_bir_native,2002,220.056
cze,sex_m,ocu_isco88_1,cbr_bir_native,2003,202.795
cze,sex_m,ocu_isco88_1,cbr_bir_native,2004,203.66
cze,sex_m,ocu_isco88_1,cbr_bir_native,2005,200.47
cze,sex_m,ocu_isco88_1,cbr_bir_native,2006,219.305
cze,sex_m,ocu_isco88_1,cbr_bir_native,2007,228.44
cze,sex_m,ocu_isco88_1,cbr_bir_native,2008,232.15
cze,sex_m,ocu_isco88_1,cbr_bir_native,2009,199.982
cze,sex_m,ocu_isco88_1,cbr_bir_native,2010,181.844
cze,sex_m,ocu_isco88_1,cbr_bir_total,2002,224.924
cze,sex_m,ocu_isco88_1,cbr_bir_total,2003,208.923
cze,sex_m,ocu_isco88_1,cbr_bir_total,2004,210.618
cze,sex_m,ocu_isco88_1,cbr_bir_total,2005,207.057
cze,sex_m,ocu_isco88_1,cbr_bir_total,2006,226.315
cze,sex_m,ocu_isco88_1,cbr_bir_total,2007,233.833
cze,sex_m,ocu_isco88_1,cbr_bir_total,2008,239.982
cze,sex_m,ocu_isco88_1,cbr_bir_total,2009,207.993
cze,sex_m,ocu_isco88_1,cbr_bir_total,2010,188.81
cze,sex_m,ocu_isco88_1,cbr_bir_x,2002,0.765
cze,sex_m,ocu_isco88_1,cbr_bir_x,2003,0.578
cze,sex_m,ocu_isco88_1,cbr_bir_x,2004,0.441
cze,sex_m,ocu_isco88_1,cbr_bir_x,2005,0.559
cze,sex_m,ocu_isco88_2,cbr_bir_foreign,2002,5.546
cze,sex_m,ocu_isco88_2,cbr_bir_foreign,2003,7.093
cze,sex_m,ocu_isco88_2,cbr_bir_foreign,2004,6.194
cze,sex_m,ocu_isco88_2,cbr_bir_foreign,2005,8.201
cze,sex_m,ocu_isco88_2,cbr_bir_foreign,2006,6.163
cze,sex_m,ocu_isco88_2,cbr_bir_foreign,2007,5.158
cze,sex_m,ocu_isco88_2,cbr_bir_foreign,2008,5.468
cze,sex_m,ocu_isco88_2,cbr_bir_foreign,2009,8.888
cze,sex_m,ocu_isco88_2,cbr_bir_foreign,2010,12.441
cze,sex_m,ocu_isco88_2,cbr_bir_native,2002,230.639
cze,sex_m,ocu_isco88_2,cbr_bir_native,2003,233.987
cze,sex_m,ocu_isco88_2,cbr_bir_native,2004,236.71
cze,sex_m,ocu_isco88_2,cbr_bir_native,2005,248.828
cze,sex_m,ocu_isco88_2,cbr_bir_native,2006,252.19
cze,sex_m,ocu_isco88_2,cbr_bir_native,2007,258.095
cze,sex_m,ocu_isco88_2,cbr_bir_native,2008,261.081
cze,sex_m,ocu_isco88_2,cbr_bir_native,2009,283.564
cze,sex_m,ocu_isco88_2,cbr_bir_native,2010,261.91
cze,sex_m,ocu_isco88_2,cbr_bir_total,2002,236.866
cze,sex_m,ocu_isco88_2,cbr_bir_total,2003,242.028
cze,sex_m,ocu_isco88_2,cbr_bir_total,2004,243.164
cze,sex_m,ocu_isco88_2,cbr_bir_total,2005,257.345
cze,sex_m,ocu_isco88_2,cbr_bir_total,2006,258.667
cze,sex_m,ocu_isco88_2,cbr_bir_total,2007,263.622
cze,sex_m,ocu_isco88_2,cbr_bir_total,2008,266.549
cze,sex_m,ocu_isco88_2,cbr_bir_total,2009,292.452
cze,sex_m,ocu_isco88_2,cbr_bir_total,2010,274.456
cze,sex_m,ocu_isco88_2,cbr_bir_x,2002,0.682
cze,sex_m,ocu_isco88_2,cbr_bir_x,2003,0.948
cze,sex_m,ocu_isco88_2,cbr_bir_x,2006,0.314
cze,sex_m,ocu_isco88_2,cbr_bir_x,2007,0.368
cze,sex_m,ocu_isco88_3,cbr_bir_foreign,2002,6.352
cze,sex_m,ocu_isco88_3,cbr_bir_foreign,2003,5.768
cze,sex_m,ocu_isco88_3,cbr_bir_foreign,2004,6.692
cze,sex_m,ocu_isco88_3,cbr_bir_foreign,2005,5.673
cze,sex_m,ocu_isco88_3,cbr_bir_foreign,2006,5.512
cze,sex_m,ocu_isco88_3,cbr_bir_foreign,2007,10.094
cze,sex_m,ocu_isco88_3,cbr_bir_foreign,2008,12.811
cze,sex_m,ocu_isco88_3,cbr_bir_foreign,2009,15.931
cze,sex_m,ocu_isco88_3,cbr_bir_foreign,2010,13.144
cze,sex_m,ocu_isco88_3,cbr_bir_native,2002,430.088
cze,sex_m,ocu_isco88_3,cbr_bir_native,2003,443.787
cze,sex_m,ocu_isco88_3,cbr_bir_native,2004,457.18
cze,sex_m,ocu_isco88_3,cbr_bir_native,2005,480.941
cze,sex_m,ocu_isco88_3,cbr_bir_native,2006,481.317
cze,sex_m,ocu_isco88_3,cbr_bir_native,2007,505.954
cze,sex_m,ocu_isco88_3,cbr_bir_native,2008,518.979
cze,sex_m,ocu_isco88_3,cbr_bir_native,2009,536.191
cze,sex_m,ocu_isco88_3,cbr_bir_native,2010,558.408
cze,sex_m,ocu_isco88_3,cbr_bir_total,2002,437.336
cze,sex_m,ocu_isco88_3,cbr_bir_total,2003,450.005
cze,sex_m,ocu_isco88_3,cbr_bir_total,2004,463.925
cze,sex_m,ocu_isco88_3,cbr_bir_total,2005,486.799
cze,sex_m,ocu_isco88_3,cbr_bir_total,2006,486.829
cze,sex_m,ocu_isco88_3,cbr_bir_total,2007,516.121
cze,sex_m,ocu_isco88_3,cbr_bir_total,2008,531.831
cze,sex_m,ocu_isco88_3,cbr_bir_total,2009,552.39
cze,sex_m,ocu_isco88_3,cbr_bir_total,2010,571.551
cze,sex_m,ocu_isco88_3,cbr_bir_x,2002,0.896
cze,sex_m,ocu_isco88_3,cbr_bir_x,2003,0.45
cze,sex_m,ocu_isco88_3,cbr_bir_x,2009,0.269
cze,sex_m,ocu_isco88_4,cbr_bir_foreign,2002,1.239
cze,sex_m,ocu_isco88_4,cbr_bir_foreign,2003,1.394
cze,sex_m,ocu_isco88_4,cbr_bir_foreign,2004,1.055
cze,sex_m,ocu_isco88_4,cbr_bir_foreign,2005,1.282
cze,sex_m,ocu_isco88_4,cbr_bir_foreign,2006,1.068
cze,sex_m,ocu_isco88_4,cbr_bir_foreign,2007,0.71
cze,sex_m,ocu_isco88_4,cbr_bir_foreign,2008,2.108
cze,sex_m,ocu_isco88_4,cbr_bir_foreign,2009,2.05
cze,sex_m,ocu_isco88_4,cbr_bir_foreign,2010,2.508
cze,sex_m,ocu_isco88_4,cbr_bir_native,2002,90.312
cze,sex_m,ocu_isco88_4,cbr_bir_native,2003,78.751
cze,sex_m,ocu_isco88_4,cbr_bir_native,2004,72.066
cze,sex_m,ocu_isco88_4,cbr_bir_native,2005,81.133
cze,sex_m,ocu_isco88_4,cbr_bir_native,2006,83.148
cze,sex_m,ocu_isco88_4,cbr_bir_native,2007,83.214
cze,sex_m,ocu_isco88_4,cbr_bir_native,2008,88.921
cze,sex_m,ocu_isco88_4,cbr_bir_native,2009,94.924
cze,sex_m,ocu_isco88_4,cbr_bir_native,2010,92.59
cze,sex_m,ocu_isco88_4,cbr_bir_total,2002,91.552
cze,sex_m,ocu_isco88_4,cbr_bir_total,2003,80.146
cze,sex_m,ocu_isco88_4,cbr_bir_total,2004,73.121
cze,sex_m,ocu_isco88_4,cbr_bir_total,2005,82.415
cze,sex_m,ocu_isco88_4,cbr_bir_total,2006,84.238
cze,sex_m,ocu_isco88_4,cbr_bir_total,2007,83.954
cze,sex_m,ocu_isco88_4,cbr_bir_total,2008,91.029
cze,sex_m,ocu_isco88_4,cbr_bir_total,2009,96.974
cze,sex_m,ocu_isco88_4,cbr_bir_total,2010,95.098
cze,sex_m,ocu_isco88_5,cbr_bir_foreign,2002,4.545
cze,sex_m,ocu_isco88_5,cbr_bir_foreign,2003,7.257
cze,sex_m,ocu_isco88_5,cbr_bir_foreign,2004,6.366
cze,sex_m,ocu_isco88_5,cbr_bir_foreign,2005,6.02
cze,sex_m,ocu_isco88_5,cbr_bir_foreign,2006,5.503
cze,sex_m,ocu_isco88_5,cbr_bir_foreign,2007,4.758
cze,sex_m,ocu_isco88_5,cbr_bir_foreign,2008,6.697
cze,sex_m,ocu_isco88_5,cbr_bir_foreign,2009,6.44
cze,sex_m,ocu_isco88_5,cbr_bir_foreign,2010,6.4
cze,sex_m,ocu_isco88_5,cbr_bir_native,2002,200.971
cze,sex_m,ocu_isco88_5,cbr_bir_native,2003,201.302
cze,sex_m,ocu_isco88_5,cbr_bir_native,2004,199.649
cze,sex_m,ocu_isco88_5,cbr_bir_native,2005,197.906
cze,sex_m,ocu_isco88_5,cbr_bir_native,2006,191.748
cze,sex_m,ocu_isco88_5,cbr_bir_native,2007,187.541
cze,sex_m,ocu_isco88_5,cbr_bir_native,2008,191.35
cze,sex_m,ocu_isco88_5,cbr_bir_native,2009,199.125
cze,sex_m,ocu_isco88_5,cbr_bir_native,2010,199.617
cze,sex_m,ocu_isco88_5,cbr_bir_total,2002,205.726
cze,sex_m,ocu_isco88_5,cbr_bir_total,2003,208.74
cze,sex_m,ocu_isco88_5,cbr_bir_total,2004,206.058
cze,sex_m,ocu_isco88_5,cbr_bir_total,2005,204.207
cze,sex_m,ocu_isco88_5,cbr_bir_total,2006,197.284
cze,sex_m,ocu_isco88_5,cbr_bir_total,2007,192.299
cze,sex_m,ocu_isco88_5,cbr_bir_total,2008,198.047
cze,sex_m,ocu_isco88_5,cbr_bir_total,2009,205.566
cze,sex_m,ocu_isco88_5,cbr_bir_total,2010,206.155
cze,sex_m,ocu_isco88_5,cbr_bir_x,2002,0.21
cze,sex_m,ocu_isco88_5,cbr_bir_x,2003,0.181
cze,sex_m,ocu_isco88_5,cbr_bir_x,2005,0.281
cze,sex_m,ocu_isco88_6,cbr_bir_foreign,2002,0.565
cze,sex_m,ocu_isco88_6,cbr_bir_foreign,2003,1.798
cze,sex_m,ocu_isco88_6,cbr_bir_foreign,2004,1.074
cze,sex_m,ocu_isco88_6,cbr_bir_foreign,2005,0.64
cze,sex_m,ocu_isco88_6,cbr_bir_foreign,2006,1.287
cze,sex_m,ocu_isco88_6,cbr_bir_foreign,2007,1.113
cze,sex_m,ocu_isco88_6,cbr_bir_foreign,2008,0.983
cze,sex_m,ocu_isco88_6,cbr_bir_foreign,2009,0.241
cze,sex_m,ocu_isco88_6,cbr_bir_foreign,2010,0.623
cze,sex_m,ocu_isco88_6,cbr_bir_native,2002,52.734
cze,sex_m,ocu_isco88_6,cbr_bir_native,2003,52.582
cze,sex_m,ocu_isco88_6,cbr_bir_native,2004,47.922
cze,sex_m,ocu_isco88_6,cbr_bir_native,2005,47.021
cze,sex_m,ocu_isco88_6,cbr_bir_native,2006,42.388
cze,sex_m,ocu_isco88_6,cbr_bir_native,2007,44.706
cze,sex_m,ocu_isco88_6,cbr_bir_native,2008,41.092
cze,sex_m,ocu_isco88_6,cbr_bir_native,2009,38.641
cze,sex_m,ocu_isco88_6,cbr_bir_native,2010,44.924
cze,sex_m,ocu_isco88_6,cbr_bir_total,2002,53.428
cze,sex_m,ocu_isco88_6,cbr_bir_total,2003,54.38
cze,sex_m,ocu_isco88_6,cbr_bir_total,2004,48.995
cze,sex_m,ocu_isco88_6,cbr_bir_total,2005,47.661
cze,sex_m,ocu_isco88_6,cbr_bir_total,2006,43.675
cze,sex_m,ocu_isco88_6,cbr_bir_total,2007,45.819
cze,sex_m,ocu_isco88_6,cbr_bir_total,2008,42.075
cze,sex_m,ocu_isco88_6,cbr_bir_total,2009,38.883
cze,sex_m,ocu_isco88_6,cbr_bir_total,2010,45.547
cze,sex_m,ocu_isco88_7,cbr_bir_foreign,2002,9.939
cze,sex_m,ocu_isco88_7,cbr_bir_foreign,2003,12.776
cze,sex_m,ocu_isco88_7,cbr_bir_foreign,2004,12.495
cze,sex_m,ocu_isco88_7,cbr_bir_foreign,2005,11.771
cze,sex_m,ocu_isco88_7,cbr_bir_foreign,2006,9.328
cze,sex_m,ocu_isco88_7,cbr_bir_foreign,2007,12.527
cze,sex_m,ocu_isco88_7,cbr_bir_foreign,2008,17.47
cze,sex_m,ocu_isco88_7,cbr_bir_foreign,2009,20.271
cze,sex_m,ocu_isco88_7,cbr_bir_foreign,2010,18.413
cze,sex_m,ocu_isco88_7,cbr_bir_native,2002,790.053
cze,sex_m,ocu_isco88_7,cbr_bir_native,2003,783.949
cze,sex_m,ocu_isco88_7,cbr_bir_native,2004,779.352
cze,sex_m,ocu_isco88_7,cbr_bir_native,2005,765.596
cze,sex_m,ocu_isco88_7,cbr_bir_native,2006,763.117
cze,sex_m,ocu_isco88_7,cbr_bir_native,2007,792.226
cze,sex_m,ocu_isco88_7,cbr_bir_native,2008,810.52
cze,sex_m,ocu_isco88_7,cbr_bir_native,2009,761.495
cze,sex_m,ocu_isco88_7,cbr_bir_native,2010,751.069
cze,sex_m,ocu_isco88_7,cbr_bir_total,2002,800.652
cze,sex_m,ocu_isco88_7,cbr_bir_total,2003,796.792
cze,sex_m,ocu_isco88_7,cbr_bir_total,2004,792.146
cze,sex_m,ocu_isco88_7,cbr_bir_total,2005,778.022
cze,sex_m,ocu_isco88_7,cbr_bir_total,2006,772.899
cze,sex_m,ocu_isco88_7,cbr_bir_total,2007,805.072
cze,sex_m,ocu_isco88_7,cbr_bir_total,2008,828.185
cze,sex_m,ocu_isco88_7,cbr_bir_total,2009,782.099
cze,sex_m,ocu_isco88_7,cbr_bir_total,2010,769.482
cze,sex_m,ocu_isco88_7,cbr_bir_x,2002,0.66
cze,sex_m,ocu_isco88_7,cbr_bir_x,2004,0.299
cze,sex_m,ocu_isco88_7,cbr_bir_x,2005,0.655
cze,sex_m,ocu_isco88_7,cbr_bir_x,2006,0.455
cze,sex_m,ocu_isco88_7,cbr_bir_x,2007,0.319
cze,sex_m,ocu_isco88_8,cbr_bir_foreign,2002,7.422
cze,sex_m,ocu_isco88_8,cbr_bir_foreign,2003,6.996
cze,sex_m,ocu_isco88_8,cbr_bir_foreign,2004,7.887
cze,sex_m,ocu_isco88_8,cbr_bir_foreign,2005,6.677
cze,sex_m,ocu_isco88_8,cbr_bir_foreign,2006,8.847
cze,sex_m,ocu_isco88_8,cbr_bir_foreign,2007,10.683
cze,sex_m,ocu_isco88_8,cbr_bir_foreign,2008,11.724
cze,sex_m,ocu_isco88_8,cbr_bir_foreign,2009,10.264
cze,sex_m,ocu_isco88_8,cbr_bir_foreign,2010,14.336
cze,sex_m,ocu_isco88_8,cbr_bir_native,2002,463.327
cze,sex_m,ocu_isco88_8,cbr_bir_native,2003,458.262
cze,sex_m,ocu_isco88_8,cbr_bir_native,2004,455.888
cze,sex_m,ocu_isco88_8,cbr_bir_native,2005,480.66
cze,sex_m,ocu_isco88_8,cbr_bir_native,2006,505.922
cze,sex_m,ocu_isco88_8,cbr_bir_native,2007,495.126
cze,sex_m,ocu_isco88_8,cbr_bir_native,2008,490.958
cze,sex_m,ocu_isco88_8,cbr_bir_native,2009,485.756
cze,sex_m,ocu_isco88_8,cbr_bir_native,2010,496.831
cze,sex_m,ocu_isco88_8,cbr_bir_total,2002,470.936
cze,sex_m,ocu_isco88_8,cbr_bir_total,2003,465.513
cze,sex_m,ocu_isco88_8,cbr_bir_total,2004,464.331
cze,sex_m,ocu_isco88_8,cbr_bir_total,2005,487.572
cze,sex_m,ocu_isco88_8,cbr_bir_total,2006,515.187
cze,sex_m,ocu_isco88_8,cbr_bir_total,2007,506.027
cze,sex_m,ocu_isco88_8,cbr_bir_total,2008,502.744
cze,sex_m,ocu_isco88_8,cbr_bir_total,2009,496.093
cze,sex_m,ocu_isco88_8,cbr_bir_total,2010,511.168
cze,sex_m,ocu_isco88_8,cbr_bir_x,2003,0.256
cze,sex_m,ocu_isco88_8,cbr_bir_x,2004,0.556
cze,sex_m,ocu_isco88_8,cbr_bir_x,2005,0.234
cze,sex_m,ocu_isco88_8,cbr_bir_x,2006,0.418
cze,sex_m,ocu_isco88_9,cbr_bir_foreign,2002,4.189
cze,sex_m,ocu_isco88_9,cbr_bir_foreign,2003,5.205
cze,sex_m,ocu_isco88_9,cbr_bir_foreign,2004,4.564
cze,sex_m,ocu_isco88_9,cbr_bir_foreign,2005,4.526
cze,sex_m,ocu_isco88_9,cbr_bir_foreign,2006,4.175
cze,sex_m,ocu_isco88_9,cbr_bir_foreign,2007,5.008
cze,sex_m,ocu_isco88_9,cbr_bir_foreign,2008,7.103
cze,sex_m,ocu_isco88_9,cbr_bir_foreign,2009,6.305
cze,sex_m,ocu_isco88_9,cbr_bir_foreign,2010,7.292
cze,sex_m,ocu_isco88_9,cbr_bir_native,2002,136.373
cze,sex_m,ocu_isco88_9,cbr_bir_native,2003,137.775
cze,sex_m,ocu_isco88_9,cbr_bir_native,2004,132.914
cze,sex_m,ocu_isco88_9,cbr_bir_native,2005,135.456
cze,sex_m,ocu_isco88_9,cbr_bir_native,2006,137.224
cze,sex_m,ocu_isco88_9,cbr_bir_native,2007,140.991
cze,sex_m,ocu_isco88_9,cbr_bir_native,2008,139.965
cze,sex_m,ocu_isco88_9,cbr_bir_native,2009,131.216
cze,sex_m,ocu_isco88_9,cbr_bir_native,2010,114.154
cze,sex_m,ocu_isco88_9,cbr_bir_total,2002,140.8
cze,sex_m,ocu_isco88_9,cbr_bir_total,2003,143.227
cze,sex_m,ocu_isco88_9,cbr_bir_total,2004,137.477
cze,sex_m,ocu_isco88_9,cbr_bir_total,2005,139.982
cze,sex_m,ocu_isco88_9,cbr_bir_total,2006,141.399
cze,sex_m,ocu_isco88_9,cbr_bir_total,2007,145.999
cze,sex_m,ocu_isco88_9,cbr_bir_total,2008,147.068
cze,sex_m,ocu_isco88_9,cbr_bir_total,2009,137.521
cze,sex_m,ocu_isco88_9,cbr_bir_total,2010,121.533
cze,sex_m,ocu_isco88_9,cbr_bir_x,2002,0.239
cze,sex_m,ocu_isco88_total,cbr_bir_foreign,2002,44.423
cze,sex_m,ocu_isco88_total,cbr_bir_foreign,2003,54.704
cze,sex_m,ocu_isco88_total,cbr_bir_foreign,2004,53.266
cze,sex_m,ocu_isco88_total,cbr_bir_foreign,2005,51.129
cze,sex_m,ocu_isco88_total,cbr_bir_foreign,2006,48.844
cze,sex_m,ocu_isco88_total,cbr_bir_foreign,2007,55.509
cze,sex_m,ocu_isco88_total,cbr_bir_foreign,2008,72.533
cze,sex_m,ocu_isco88_total,cbr_bir_foreign,2009,78.951
cze,sex_m,ocu_isco88_total,cbr_bir_foreign,2010,82.782
cze,sex_m,ocu_isco88_total,cbr_bir_native,2002,2652.185
cze,sex_m,ocu_isco88_total,cbr_bir_native,2003,2628.71
cze,sex_m,ocu_isco88_total,cbr_bir_native,2004,2608.184
cze,sex_m,ocu_isco88_total,cbr_bir_native,2005,2652.148
cze,sex_m,ocu_isco88_total,cbr_bir_native,2006,2691.566
cze,sex_m,ocu_isco88_total,cbr_bir_native,2007,2749.565
cze,sex_m,ocu_isco88_total,cbr_bir_native,2008,2790.336
cze,sex_m,ocu_isco88_total,cbr_bir_native,2009,2744.057
cze,sex_m,ocu_isco88_total,cbr_bir_native,2010,2715.057
cze,sex_m,ocu_isco88_total,cbr_bir_total,2002,2700.376
cze,sex_m,ocu_isco88_total,cbr_bir_total,2003,2686.167
cze,sex_m,ocu_isco88_total,cbr_bir_total,2004,2663.102
cze,sex_m,ocu_isco88_total,cbr_bir_total,2005,2705.507
cze,sex_m,ocu_isco88_total,cbr_bir_total,2006,2741.922
cze,sex_m,ocu_isco88_total,cbr_bir_total,2007,2806.084
cze,sex_m,ocu_isco88_total,cbr_bir_total,2008,2863.168
cze,sex_m,ocu_isco88_total,cbr_bir_total,2009,2823.727
cze,sex_m,ocu_isco88_total,cbr_bir_total,2010,2798.303
cze,sex_m,ocu_isco88_total,cbr_bir_x,2002,3.768
cze,sex_m,ocu_isco88_total,cbr_bir_x,2003,2.753
cze,sex_m,ocu_isco88_total,cbr_bir_x,2004,1.652
cze,sex_m,ocu_isco88_total,cbr_bir_x,2005,2.23
cze,sex_m,ocu_isco88_total,cbr_bir_x,2006,1.512
cze,sex_m,ocu_isco88_total,cbr_bir_x,2007,1.01
cze,sex_m,ocu_isco88_total,cbr_bir_x,2009,0.719
cze,sex_m,ocu_isco88_total,cbr_bir_x,2010,0.464
cze,sex_m,ocu_isco88_x,cbr_bir_native,2002,3.9
cze,sex_m,ocu_isco88_x,cbr_bir_native,2003,1.236
cze,sex_m,ocu_isco88_x,cbr_bir_native,2004,1.811
cze,sex_m,ocu_isco88_x,cbr_bir_native,2005,1.317
cze,sex_m,ocu_isco88_x,cbr_bir_native,2007,0.369
cze,sex_m,ocu_isco88_x,cbr_bir_native,2008,0.46
cze,sex_m,ocu_isco88_x,cbr_bir_native,2010,0.604
cze,sex_m,ocu_isco88_x,cbr_bir_total,2002,4.207
cze,sex_m,ocu_isco88_x,cbr_bir_total,2003,1.264
cze,sex_m,ocu_isco88_x,cbr_bir_total,2004,1.811
cze,sex_m,ocu_isco88_x,cbr_bir_total,2005,1.317
cze,sex_m,ocu_isco88_x,cbr_bir_total,2007,0.369
cze,sex_m,ocu_isco88_x,cbr_bir_total,2008,0.46
cze,sex_m,ocu_isco88_x,cbr_bir_total,2010,0.604
cze,sex_m,ocu_skill_l1,cbr_bir_foreign,2002,4.189
cze,sex_m,ocu_skill_l1,cbr_bir_foreign,2003,5.205
cze,sex_m,ocu_skill_l1,cbr_bir_foreign,2004,4.564
cze,sex_m,ocu_skill_l1,cbr_bir_foreign,2005,4.526
cze,sex_m,ocu_skill_l1,cbr_bir_foreign,2006,4.175
cze,sex_m,ocu_skill_l1,cbr_bir_foreign,2007,5.008
cze,sex_m,ocu_skill_l1,cbr_bir_foreign,2008,7.103
cze,sex_m,ocu_skill_l1,cbr_bir_foreign,2009,6.305
cze,sex_m,ocu_skill_l1,cbr_bir_foreign,2010,7.292
cze,sex_m,ocu_skill_l1,cbr_bir_foreign,2011,4.4
cze,sex_m,ocu_skill_l1,cbr_bir_foreign,2012,4.917
cze,sex_m,ocu_skill_l1,cbr_bir_foreign,2013,4.923
cze,sex_m,ocu_skill_l1,cbr_bir_foreign,2014,4.641
cze,sex_m,ocu_skill_l1,cbr_bir_foreign,2015,7.049
cze,sex_m,ocu_skill_l1,cbr_bir_foreign,2016,4.987
cze,sex_m,ocu_skill_l1,cbr_bir_foreign,2017,4.324
cze,sex_m,ocu_skill_l1,cbr_bir_foreign,2018,7.553
cze,sex_m,ocu_skill_l1,cbr_bir_foreign,2019,10.562
cze,sex_m,ocu_skill_l1,cbr_bir_foreign,2020,11.279
cze,sex_m,ocu_skill_l1,cbr_bir_foreign,2021,10.563
cze,sex_m,ocu_skill_l1,cbr_bir_foreign,2022,15.046
cze,sex_m,ocu_skill_l1,cbr_bir_foreign,2023,9.314
cze,sex_m,ocu_skill_l1,cbr_bir_native,2002,136.373
cze,sex_m,ocu_skill_l1,cbr_bir_native,2003,137.775
cze,sex_m,ocu_skill_l1,cbr_bir_native,2004,132.914
cze,sex_m,ocu_skill_l1,cbr_bir_native,2005,135.456
cze,sex_m,ocu_skill_l1,cbr_bir_native,2006,137.224
cze,sex_m,ocu_skill_l1,cbr_bir_native,2007,140.991
cze,sex_m,ocu_skill_l1,cbr_bir_native,2008,139.965
cze,sex_m,ocu_skill_l1,cbr_bir_native,2009,131.216
cze,sex_m,ocu_skill_l1,cbr_bir_native,2010,114.154
cze,sex_m,ocu_skill_l1,cbr_bir_native,2011,85.804
cze,sex_m,ocu_skill_l1,cbr_bir_native,2012,91.963
cze,sex_m,ocu_skill_l1,cbr_bir_native,2013,101.521
cze,sex_m,ocu_skill_l1,cbr_bir_native,2014,98.404
cze,sex_m,ocu_skill_l1,cbr_bir_native,2015,100.693
cze,sex_m,ocu_skill_l1,cbr_bir_native,2016,93.62
cze,sex_m,ocu_skill_l1,cbr_bir_native,2017,97.149
cze,sex_m,ocu_skill_l1,cbr_bir_native,2018,101.299
cze,sex_m,ocu_skill_l1,cbr_bir_native,2019,112.857
cze,sex_m,ocu_skill_l1,cbr_bir_native,2020,110.825
cze,sex_m,ocu_skill_l1,cbr_bir_native,2021,109.857
cze,sex_m,ocu_skill_l1,cbr_bir_native,2022,105.038
cze,sex_m,ocu_skill_l1,cbr_bir_native,2023,87.882
cze,sex_m,ocu_skill_l1,cbr_bir_total,2002,140.8
cze,sex_m,ocu_skill_l1,cbr_bir_total,2003,143.227
cze,sex_m,ocu_skill_l1,cbr_bir_total,2004,137.477
cze,sex_m,ocu_skill_l1,cbr_bir_total,2005,139.982
cze,sex_m,ocu_skill_l1,cbr_bir_total,2006,141.399
cze,sex_m,ocu_skill_l1,cbr_bir_total,2007,145.999
cze,sex_m,ocu_skill_l1,cbr_bir_total,2008,147.068
cze,sex_m,ocu_skill_l1,cbr_bir_total,2009,137.521
cze,sex_m,ocu_skill_l1,cbr_bir_total,2010,121.533
cze,sex_m,ocu_skill_l1,cbr_bir_total,2011,90.204
cze,sex_m,ocu_skill_l1,cbr_bir_total,2012,96.879
cze,sex_m,ocu_skill_l1,cbr_bir_total,2013,106.444
cze,sex_m,ocu_skill_l1,cbr_bir_total,2014,103.045
cze,sex_m,ocu_skill_l1,cbr_bir_total,2015,107.742
cze,sex_m,ocu_skill_l1,cbr_bir_total,2016,98.607
cze,sex_m,ocu_skill_l1,cbr_bir_total,2017,101.473
cze,sex_m,ocu_skill_l1,cbr_bir_total,2018,108.853
cze,sex_m,ocu_skill_l1,cbr_bir_total,2019,123.419
cze,sex_m,ocu_skill_l1,cbr_bir_total,2020,122.104
cze,sex_m,ocu_skill_l1,cbr_bir_total,2021,120.42
cze,sex_m,ocu_skill_l1,cbr_bir_total,2022,120.085
cze,sex_m,ocu_skill_l1,cbr_bir_total,2023,97.196
cze,sex_m,ocu_skill_l1,cbr_bir_x,2002,0.239
cze,sex_m,ocu_skill_l2,cbr_bir_foreign,2002,23.71
cze,sex_m,ocu_skill_l2,cbr_bir_foreign,2003,30.222
cze,sex_m,ocu_skill_l2,cbr_bir_foreign,2004,28.876
cze,sex_m,ocu_skill_l2,cbr_bir_foreign,2005,26.391
cze,sex_m,ocu_skill_l2,cbr_bir_foreign,2006,26.033
cze,sex_m,ocu_skill_l2,cbr_bir_foreign,2007,29.792
cze,sex_m,ocu_skill_l2,cbr_bir_foreign,2008,38.981
cze,sex_m,ocu_skill_l2,cbr_bir_foreign,2009,39.267
cze,sex_m,ocu_skill_l2,cbr_bir_foreign,2010,42.279
cze,sex_m,ocu_skill_l2,cbr_bir_foreign,2011,44.097
cze,sex_m,ocu_skill_l2,cbr_bir_foreign,2012,46.858
cze,sex_m,ocu_skill_l2,cbr_bir_foreign,2013,48.076
cze,sex_m,ocu_skill_l2,cbr_bir_foreign,2014,52.122
cze,sex_m,ocu_skill_l2,cbr_bir_foreign,2015,59.239
cze,sex_m,ocu_skill_l2,cbr_bir_foreign,2016,52.487
cze,sex_m,ocu_skill_l2,cbr_bir_foreign,2017,65.692
cze,sex_m,ocu_skill_l2,cbr_bir_foreign,2018,73.104
cze,sex_m,ocu_skill_l2,cbr_bir_foreign,2019,72.439
cze,sex_m,ocu_skill_l2,cbr_bir_foreign,2020,69.324
cze,sex_m,ocu_skill_l2,cbr_bir_foreign,2021,77.567
cze,sex_m,ocu_skill_l2,cbr_bir_foreign,2022,88.416
cze,sex_m,ocu_skill_l2,cbr_bir_foreign,2023,109.598
cze,sex_m,ocu_skill_l2,cbr_bir_native,2002,1597.399
cze,sex_m,ocu_skill_l2,cbr_bir_native,2003,1574.846
cze,sex_m,ocu_skill_l2,cbr_bir_native,2004,1554.876
cze,sex_m,ocu_skill_l2,cbr_bir_native,2005,1572.316
cze,sex_m,ocu_skill_l2,cbr_bir_native,2006,1586.322
cze,sex_m,ocu_skill_l2,cbr_bir_native,2007,1602.813
cze,sex_m,ocu_skill_l2,cbr_bir_native,2008,1622.841
cze,sex_m,ocu_skill_l2,cbr_bir_native,2009,1579.943
cze,sex_m,ocu_skill_l2,cbr_bir_native,2010,1585.032
cze,sex_m,ocu_skill_l2,cbr_bir_native,2011,1644.774
cze,sex_m,ocu_skill_l2,cbr_bir_native,2012,1624.617
cze,sex_m,ocu_skill_l2,cbr_bir_native,2013,1597.869
cze,sex_m,ocu_skill_l2,cbr_bir_native,2014,1622.293
cze,sex_m,ocu_skill_l2,cbr_bir_native,2015,1635.865
cze,sex_m,ocu_skill_l2,cbr_bir_native,2016,1657.474
cze,sex_m,ocu_skill_l2,cbr_bir_native,2017,1652.794
cze,sex_m,ocu_skill_l2,cbr_bir_native,2018,1661.205
cze,sex_m,ocu_skill_l2,cbr_bir_native,2019,1640.99
cze,sex_m,ocu_skill_l2,cbr_bir_native,2020,1610.726
cze,sex_m,ocu_skill_l2,cbr_bir_native,2021,1549.86
cze,sex_m,ocu_skill_l2,cbr_bir_native,2022,1554.429
cze,sex_m,ocu_skill_l2,cbr_bir_native,2023,1521.966
cze,sex_m,ocu_skill_l2,cbr_bir_total,2002,1622.294
cze,sex_m,ocu_skill_l2,cbr_bir_total,2003,1605.571
cze,sex_m,ocu_skill_l2,cbr_bir_total,2004,1584.65
cze,sex_m,ocu_skill_l2,cbr_bir_total,2005,1599.877
cze,sex_m,ocu_skill_l2,cbr_bir_total,2006,1613.283
cze,sex_m,ocu_skill_l2,cbr_bir_total,2007,1633.172
cze,sex_m,ocu_skill_l2,cbr_bir_total,2008,1662.08
cze,sex_m,ocu_skill_l2,cbr_bir_total,2009,1619.615
cze,sex_m,ocu_skill_l2,cbr_bir_total,2010,1627.449
cze,sex_m,ocu_skill_l2,cbr_bir_total,2011,1688.9
cze,sex_m,ocu_skill_l2,cbr_bir_total,2012,1671.706
cze,sex_m,ocu_skill_l2,cbr_bir_total,2013,1646.012
cze,sex_m,ocu_skill_l2,cbr_bir_total,2014,1674.415
cze,sex_m,ocu_skill_l2,cbr_bir_total,2015,1695.104
cze,sex_m,ocu_skill_l2,cbr_bir_total,2016,1709.961
cze,sex_m,ocu_skill_l2,cbr_bir_total,2017,1718.655
cze,sex_m,ocu_skill_l2,cbr_bir_total,2018,1734.556
cze,sex_m,ocu_skill_l2,cbr_bir_total,2019,1713.429
cze,sex_m,ocu_skill_l2,cbr_bir_total,2020,1680.173
cze,sex_m,ocu_skill_l2,cbr_bir_total,2021,1627.644
cze,sex_m,ocu_skill_l2,cbr_bir_total,2022,1642.845
cze,sex_m,ocu_skill_l2,cbr_bir_total,2023,1631.564
cze,sex_m,ocu_skill_l2,cbr_bir_x,2002,1.186
cze,sex_m,ocu_skill_l2,cbr_bir_x,2003,0.503
cze,sex_m,ocu_skill_l2,cbr_bir_x,2004,0.899
cze,sex_m,ocu_skill_l2,cbr_bir_x,2005,1.17
cze,sex_m,ocu_skill_l2,cbr_bir_x,2006,0.927
cze,sex_m,ocu_skill_l2,cbr_bir_x,2007,0.568
cze,sex_m,ocu_skill_l3_4,cbr_bir_foreign,2002,16.001
cze,sex_m,ocu_skill_l3_4,cbr_bir_foreign,2003,18.412
cze,sex_m,ocu_skill_l3_4,cbr_bir_foreign,2004,19.404
cze,sex_m,ocu_skill_l3_4,cbr_bir_foreign,2005,19.902
cze,sex_m,ocu_skill_l3_4,cbr_bir_foreign,2006,18.414
cze,sex_m,ocu_skill_l3_4,cbr_bir_foreign,2007,20.645
cze,sex_m,ocu_skill_l3_4,cbr_bir_foreign,2008,26.111
cze,sex_m,ocu_skill_l3_4,cbr_bir_foreign,2009,32.785
cze,sex_m,ocu_skill_l3_4,cbr_bir_foreign,2010,32.416
cze,sex_m,ocu_skill_l3_4,cbr_bir_foreign,2011,35.98
cze,sex_m,ocu_skill_l3_4,cbr_bir_foreign,2012,33.402
cze,sex_m,ocu_skill_l3_4,cbr_bir_foreign,2013,37.503
cze,sex_m,ocu_skill_l3_4,cbr_bir_foreign,2014,41.145
cze,sex_m,ocu_skill_l3_4,cbr_bir_foreign,2015,39.095
cze,sex_m,ocu_skill_l3_4,cbr_bir_foreign,2016,39.81
cze,sex_m,ocu_skill_l3_4,cbr_bir_foreign,2017,43.322
cze,sex_m,ocu_skill_l3_4,cbr_bir_foreign,2018,41.464
cze,sex_m,ocu_skill_l3_4,cbr_bir_foreign,2019,45.749
cze,sex_m,ocu_skill_l3_4,cbr_bir_foreign,2020,53.065
cze,sex_m,ocu_skill_l3_4,cbr_bir_foreign,2021,58.626
cze,sex_m,ocu_skill_l3_4,cbr_bir_foreign,2022,55.912
cze,sex_m,ocu_skill_l3_4,cbr_bir_foreign,2023,52.436
cze,sex_m,ocu_skill_l3_4,cbr_bir_native,2002,880.782
cze,sex_m,ocu_skill_l3_4,cbr_bir_native,2003,880.569
cze,sex_m,ocu_skill_l3_4,cbr_bir_native,2004,897.55
cze,sex_m,ocu_skill_l3_4,cbr_bir_native,2005,930.24
cze,sex_m,ocu_skill_l3_4,cbr_bir_native,2006,952.812
cze,sex_m,ocu_skill_l3_4,cbr_bir_native,2007,992.489
cze,sex_m,ocu_skill_l3_4,cbr_bir_native,2008,1012.21
cze,sex_m,ocu_skill_l3_4,cbr_bir_native,2009,1019.737
cze,sex_m,ocu_skill_l3_4,cbr_bir_native,2010,1002.162
cze,sex_m,ocu_skill_l3_4,cbr_bir_native,2011,961.379
cze,sex_m,ocu_skill_l3_4,cbr_bir_native,2012,976.004
cze,sex_m,ocu_skill_l3_4,cbr_bir_native,2013,1004.088
cze,sex_m,ocu_skill_l3_4,cbr_bir_native,2014,997.912
cze,sex_m,ocu_skill_l3_4,cbr_bir_native,2015,994.554
cze,sex_m,ocu_skill_l3_4,cbr_bir_native,2016,1027.776
cze,sex_m,ocu_skill_l3_4,cbr_bir_native,2017,1051.63
cze,sex_m,ocu_skill_l3_4,cbr_bir_native,2018,1061.299
cze,sex_m,ocu_skill_l3_4,cbr_bir_native,2019,1066.887
cze,sex_m,ocu_skill_l3_4,cbr_bir_native,2020,1069.676
cze,sex_m,ocu_skill_l3_4,cbr_bir_native,2021,1107.048
cze,sex_m,ocu_skill_l3_4,cbr_bir_native,2022,1060.7
cze,sex_m,ocu_skill_l3_4,cbr_bir_native,2023,1044.832
cze,sex_m,ocu_skill_l3_4,cbr_bir_total,2002,899.127
cze,sex_m,ocu_skill_l3_4,cbr_bir_total,2003,900.956
cze,sex_m,ocu_skill_l3_4,cbr_bir_total,2004,917.707
cze,sex_m,ocu_skill_l3_4,cbr_bir_total,2005,951.201
cze,sex_m,ocu_skill_l3_4,cbr_bir_total,2006,971.811
cze,sex_m,ocu_skill_l3_4,cbr_bir_total,2007,1013.577
cze,sex_m,ocu_skill_l3_4,cbr_bir_total,2008,1038.363
cze,sex_m,ocu_skill_l3_4,cbr_bir_total,2009,1052.836
cze,sex_m,ocu_skill_l3_4,cbr_bir_total,2010,1034.816
cze,sex_m,ocu_skill_l3_4,cbr_bir_total,2011,997.81
cze,sex_m,ocu_skill_l3_4,cbr_bir_total,2012,1009.981
cze,sex_m,ocu_skill_l3_4,cbr_bir_total,2013,1041.591
cze,sex_m,ocu_skill_l3_4,cbr_bir_total,2014,1039.429
cze,sex_m,ocu_skill_l3_4,cbr_bir_total,2015,1033.861
cze,sex_m,ocu_skill_l3_4,cbr_bir_total,2016,1067.586
cze,sex_m,ocu_skill_l3_4,cbr_bir_total,2017,1095.138
cze,sex_m,ocu_skill_l3_4,cbr_bir_total,2018,1103.032
cze,sex_m,ocu_skill_l3_4,cbr_bir_total,2019,1112.981
cze,sex_m,ocu_skill_l3_4,cbr_bir_total,2020,1122.827
cze,sex_m,ocu_skill_l3_4,cbr_bir_total,2021,1166.029
cze,sex_m,ocu_skill_l3_4,cbr_bir_total,2022,1116.788
cze,sex_m,ocu_skill_l3_4,cbr_bir_total,2023,1097.268
cze,sex_m,ocu_skill_l3_4,cbr_bir_x,2002,2.343
cze,sex_m,ocu_skill_l3_4,cbr_bir_x,2003,1.975
cze,sex_m,ocu_skill_l3_4,cbr_bir_x,2004,0.753
cze,sex_m,ocu_skill_l3_4,cbr_bir_x,2005,1.06
cze,sex_m,ocu_skill_l3_4,cbr_bir_x,2006,0.585
cze,sex_m,ocu_skill_l3_4,cbr_bir_x,2007,0.442
cze,sex_m,ocu_skill_l3_4,cbr_bir_x,2009,0.314
cze,sex_m,ocu_skill_l3_4,cbr_bir_x,2010,0.239
cze,sex_m,ocu_skill_l3_4,cbr_bir_x,2011,0.451
cze,sex_m,ocu_skill_l3_4,cbr_bir_x,2012,0.576
cze,sex_m,ocu_skill_l3_4,cbr_bir_x,2021,0.355
cze,sex_m,ocu_skill_total,cbr_bir_foreign,2002,44.423
cze,sex_m,ocu_skill_total,cbr_bir_foreign,2003,54.704
cze,sex_m,ocu_skill_total,cbr_bir_foreign,2004,53.266
cze,sex_m,ocu_skill_total,cbr_bir_foreign,2005,51.129
cze,sex_m,ocu_skill_total,cbr_bir_foreign,2006,48.844
cze,sex_m,ocu_skill_total,cbr_bir_foreign,2007,55.509
cze,sex_m,ocu_skill_total,cbr_bir_foreign,2008,72.533
cze,sex_m,ocu_skill_total,cbr_bir_foreign,2009,78.951
cze,sex_m,ocu_skill_total,cbr_bir_foreign,2010,82.782
cze,sex_m,ocu_skill_total,cbr_bir_foreign,2011,84.478
cze,sex_m,ocu_skill_total,cbr_bir_foreign,2012,85.176
cze,sex_m,ocu_skill_total,cbr_bir_foreign,2013,90.502
cze,sex_m,ocu_skill_total,cbr_bir_foreign,2014,97.909
cze,sex_m,ocu_skill_total,cbr_bir_foreign,2015,105.382
cze,sex_m,ocu_skill_total,cbr_bir_foreign,2016,97.284
cze,sex_m,ocu_skill_total,cbr_bir_foreign,2017,113.338
cze,sex_m,ocu_skill_total,cbr_bir_foreign,2018,122.122
cze,sex_m,ocu_skill_total,cbr_bir_foreign,2019,128.75
cze,sex_m,ocu_skill_total,cbr_bir_foreign,2020,133.668
cze,sex_m,ocu_skill_total,cbr_bir_foreign,2021,147.155
cze,sex_m,ocu_skill_total,cbr_bir_foreign,2022,159.697
cze,sex_m,ocu_skill_total,cbr_bir_foreign,2023,172.005
cze,sex_m,ocu_skill_total,cbr_bir_native,2002,2652.185
cze,sex_m,ocu_skill_total,cbr_bir_native,2003,2628.71
cze,sex_m,ocu_skill_total,cbr_bir_native,2004,2608.184
cze,sex_m,ocu_skill_total,cbr_bir_native,2005,2652.148
cze,sex_m,ocu_skill_total,cbr_bir_native,2006,2691.566
cze,sex_m,ocu_skill_total,cbr_bir_native,2007,2749.565
cze,sex_m,ocu_skill_total,cbr_bir_native,2008,2790.336
cze,sex_m,ocu_skill_total,cbr_bir_native,2009,2744.057
cze,sex_m,ocu_skill_total,cbr_bir_native,2010,2715.057
cze,sex_m,ocu_skill_total,cbr_bir_native,2011,2692.378
cze,sex_m,ocu_skill_total,cbr_bir_native,2012,2692.583
cze,sex_m,ocu_skill_total,cbr_bir_native,2013,2703.478
cze,sex_m,ocu_skill_total,cbr_bir_native,2014,2718.679
cze,sex_m,ocu_skill_total,cbr_bir_native,2015,2731.718
cze,sex_m,ocu_skill_total,cbr_bir_native,2016,2779.375
cze,sex_m,ocu_skill_total,cbr_bir_native,2017,2802.07
cze,sex_m,ocu_skill_total,cbr_bir_native,2018,2823.829
cze,sex_m,ocu_skill_total,cbr_bir_native,2019,2821.65
cze,sex_m,ocu_skill_total,cbr_bir_native,2020,2794.566
cze,sex_m,ocu_skill_total,cbr_bir_native,2021,2771.394
cze,sex_m,ocu_skill_total,cbr_bir_native,2022,2722.135
cze,sex_m,ocu_skill_total,cbr_bir_native,2023,2664.319
cze,sex_m,ocu_skill_total,cbr_bir_total,2002,2700.376
cze,sex_m,ocu_skill_total,cbr_bir_total,2003,2686.167
cze,sex_m,ocu_skill_total,cbr_bir_total,2004,2663.102
cze,sex_m,ocu_skill_total,cbr_bir_total,2005,2705.507
cze,sex_m,ocu_skill_total,cbr_bir_total,2006,2741.922
cze,sex_m,ocu_skill_total,cbr_bir_total,2007,2806.084
cze,sex_m,ocu_skill_total,cbr_bir_total,2008,2863.168
cze,sex_m,ocu_skill_total,cbr_bir_total,2009,2823.727
cze,sex_m,ocu_skill_total,cbr_bir_total,2010,2798.303
cze,sex_m,ocu_skill_total,cbr_bir_total,2011,2777.336
cze,sex_m,ocu_skill_total,cbr_bir_total,2012,2778.566
cze,sex_m,ocu_skill_total,cbr_bir_total,2013,2794.047
cze,sex_m,ocu_skill_total,cbr_bir_total,2014,2816.96
cze,sex_m,ocu_skill_total,cbr_bir_total,2015,2837.313
cze,sex_m,ocu_skill_total,cbr_bir_total,2016,2876.659
cze,sex_m,ocu_skill_total,cbr_bir_total,2017,2915.762
cze,sex_m,ocu_skill_total,cbr_bir_total,2018,2946.467
cze,sex_m,ocu_skill_total,cbr_bir_total,2019,2950.744
cze,sex_m,ocu_skill_total,cbr_bir_total,2020,2928.443
cze,sex_m,ocu_skill_total,cbr_bir_total,2021,2919.121
cze,sex_m,ocu_skill_total,cbr_bir_total,2022,2882.008
cze,sex_m,ocu_skill_total,cbr_bir_total,2023,2836.324
cze,sex_m,ocu_skill_total,cbr_bir_x,2002,3.768
cze,sex_m,ocu_skill_total,cbr_bir_x,2003,2.753
cze,sex_m,ocu_skill_total,cbr_bir_x,2004,1.652
cze,sex_m,ocu_skill_total,cbr_bir_x,2005,2.23
cze,sex_m,ocu_skill_total,cbr_bir_x,2006,1.512
cze,sex_m,ocu_skill_total,cbr_bir_x,2007,1.01
cze,sex_m,ocu_skill_total,cbr_bir_x,2009,0.719
cze,sex_m,ocu_skill_total,cbr_bir_x,2010,0.464
cze,sex_m,ocu_skill_total,cbr_bir_x,2011,0.48
cze,sex_m,ocu_skill_total,cbr_bir_x,2012,0.806
cze,sex_m,ocu_skill_total,cbr_bir_x,2018,0.516
cze,sex_m,ocu_skill_total,cbr_bir_x,2021,0.572
cze,sex_m,ocu_skill_x,cbr_bir_foreign,2002,0.523
cze,sex_m,ocu_skill_x,cbr_bir_foreign,2003,0.865
cze,sex_m,ocu_skill_x,cbr_bir_foreign,2004,0.423
cze,sex_m,ocu_skill_x,cbr_bir_foreign,2005,0.31
cze,sex_m,ocu_skill_x,cbr_bir_foreign,2006,0.222
cze,sex_m,ocu_skill_x,cbr_bir_foreign,2008,0.338
cze,sex_m,ocu_skill_x,cbr_bir_foreign,2009,0.593
cze,sex_m,ocu_skill_x,cbr_bir_foreign,2010,0.795
cze,sex_m,ocu_skill_x,cbr_bir_foreign,2021,0.4
cze,sex_m,ocu_skill_x,cbr_bir_native,2002,37.631
cze,sex_m,ocu_skill_x,cbr_bir_native,2003,35.519
cze,sex_m,ocu_skill_x,cbr_bir_native,2004,22.845
cze,sex_m,ocu_skill_x,cbr_bir_native,2005,14.136
cze,sex_m,ocu_skill_x,cbr_bir_native,2006,15.208
cze,sex_m,ocu_skill_x,cbr_bir_native,2007,13.272
cze,sex_m,ocu_skill_x,cbr_bir_native,2008,15.319
cze,sex_m,ocu_skill_x,cbr_bir_native,2009,13.162
cze,sex_m,ocu_skill_x,cbr_bir_native,2010,13.71
cze,sex_m,ocu_skill_x,cbr_bir_native,2011,0.421
cze,sex_m,ocu_skill_x,cbr_bir_native,2015,0.606
cze,sex_m,ocu_skill_x,cbr_bir_native,2016,0.506
cze,sex_m,ocu_skill_x,cbr_bir_native,2017,0.497
cze,sex_m,ocu_skill_x,cbr_bir_native,2019,0.915
cze,sex_m,ocu_skill_x,cbr_bir_native,2020,3.339
cze,sex_m,ocu_skill_x,cbr_bir_native,2021,4.629
cze,sex_m,ocu_skill_x,cbr_bir_native,2022,1.968
cze,sex_m,ocu_skill_x,cbr_bir_native,2023,9.639
cze,sex_m,ocu_skill_x,cbr_bir_total,2002,38.154
cze,sex_m,ocu_skill_x,cbr_bir_total,2003,36.413
cze,sex_m,ocu_skill_x,cbr_bir_total,2004,23.267
cze,sex_m,ocu_skill_x,cbr_bir_total,2005,14.446
cze,sex_m,ocu_skill_x,cbr_bir_total,2006,15.43
cze,sex_m,ocu_skill_x,cbr_bir_total,2007,13.336
cze,sex_m,ocu_skill_x,cbr_bir_total,2008,15.657
cze,sex_m,ocu_skill_x,cbr_bir_total,2009,13.755
cze,sex_m,ocu_skill_x,cbr_bir_total,2010,14.504
cze,sex_m,ocu_skill_x,cbr_bir_total,2011,0.421
cze,sex_m,ocu_skill_x,cbr_bir_total,2015,0.606
cze,sex_m,ocu_skill_x,cbr_bir_total,2016,0.506
cze,sex_m,ocu_skill_x,cbr_bir_total,2017,0.497
cze,sex_m,ocu_skill_x,cbr_bir_total,2019,0.915
cze,sex_m,ocu_skill_x,cbr_bir_total,2020,3.339
cze,sex_m,ocu_skill_x,cbr_bir_total,2021,5.029
cze,sex_m,ocu_skill_x,cbr_bir_total,2022,2.291
cze,sex_m,ocu_skill_x,cbr_bir_total,2023,10.295
cze,sex_t,ocu_isco08_0,cbr_bir_foreign,2021,0.677
cze,sex_t,ocu_isco08_0,cbr_bir_foreign,2023,1.763
cze,sex_t,ocu_isco08_0,cbr_bir_native,2019,1.057
cze,sex_t,ocu_isco08_0,cbr_bir_native,2020,3.476
cze,sex_t,ocu_isco08_0,cbr_bir_native,2021,6.519
cze,sex_t,ocu_isco08_0,cbr_bir_native,2022,1.968
cze,sex_t,ocu_isco08_0,cbr_bir_native,2023,21.438
cze,sex_t,ocu_isco08_0,cbr_bir_total,2019,1.057
cze,sex_t,ocu_isco08_0,cbr_bir_total,2020,3.476
cze,sex_t,ocu_isco08_0,cbr_bir_total,2021,7.196
cze,sex_t,ocu_isco08_0,cbr_bir_total,2022,2.291
cze,sex_t,ocu_isco08_0,cbr_bir_total,2023,23.202
cze,sex_t,ocu_isco08_1,cbr_bir_foreign,2011,9.872
cze,sex_t,ocu_isco08_1,cbr_bir_foreign,2012,10.869
cze,sex_t,ocu_isco08_1,cbr_bir_foreign,2013,10.592
cze,sex_t,ocu_isco08_1,cbr_bir_foreign,2014,12.797
cze,sex_t,ocu_isco08_1,cbr_bir_foreign,2015,16.096
cze,sex_t,ocu_isco08_1,cbr_bir_foreign,2016,12.7
cze,sex_t,ocu_isco08_1,cbr_bir_foreign,2017,11.875
cze,sex_t,ocu_isco08_1,cbr_bir_foreign,2018,9.714
cze,sex_t,ocu_isco08_1,cbr_bir_foreign,2019,9.896
cze,sex_t,ocu_isco08_1,cbr_bir_foreign,2020,10.393
cze,sex_t,ocu_isco08_1,cbr_bir_foreign,2021,12.402
cze,sex_t,ocu_isco08_1,cbr_bir_foreign,2022,14.027
cze,sex_t,ocu_isco08_1,cbr_bir_foreign,2023,14.072
cze,sex_t,ocu_isco08_1,cbr_bir_native,2011,223.597
cze,sex_t,ocu_isco08_1,cbr_bir_native,2012,241.713
cze,sex_t,ocu_isco08_1,cbr_bir_native,2013,263.005
cze,sex_t,ocu_isco08_1,cbr_bir_native,2014,246.481
cze,sex_t,ocu_isco08_1,cbr_bir_native,2015,260.831
cze,sex_t,ocu_isco08_1,cbr_bir_native,2016,258.678
cze,sex_t,ocu_isco08_1,cbr_bir_native,2017,241.517
cze,sex_t,ocu_isco08_1,cbr_bir_native,2018,239.11
cze,sex_t,ocu_isco08_1,cbr_bir_native,2019,231.668
cze,sex_t,ocu_isco08_1,cbr_bir_native,2020,218.091
cze,sex_t,ocu_isco08_1,cbr_bir_native,2021,253.055
cze,sex_t,ocu_isco08_1,cbr_bir_native,2022,248.646
cze,sex_t,ocu_isco08_1,cbr_bir_native,2023,245.407
cze,sex_t,ocu_isco08_1,cbr_bir_total,2011,233.469
cze,sex_t,ocu_isco08_1,cbr_bir_total,2012,252.732
cze,sex_t,ocu_isco08_1,cbr_bir_total,2013,273.597
cze,sex_t,ocu_isco08_1,cbr_bir_total,2014,259.278
cze,sex_t,ocu_isco08_1,cbr_bir_total,2015,276.928
cze,sex_t,ocu_isco08_1,cbr_bir_total,2016,271.378
cze,sex_t,ocu_isco08_1,cbr_bir_total,2017,253.392
cze,sex_t,ocu_isco08_1,cbr_bir_total,2018,248.825
cze,sex_t,ocu_isco08_1,cbr_bir_total,2019,241.564
cze,sex_t,ocu_isco08_1,cbr_bir_total,2020,228.484
cze,sex_t,ocu_isco08_1,cbr_bir_total,2021,265.458
cze,sex_t,ocu_isco08_1,cbr_bir_total,2022,262.673
cze,sex_t,ocu_isco08_1,cbr_bir_total,2023,259.479
cze,sex_t,ocu_isco08_2,cbr_bir_foreign,2011,20.797
cze,sex_t,ocu_isco08_2,cbr_bir_foreign,2012,22.623
cze,sex_t,ocu_isco08_2,cbr_bir_foreign,2013,26.572
cze,sex_t,ocu_isco08_2,cbr_bir_foreign,2014,24.735
cze,sex_t,ocu_isco08_2,cbr_bir_foreign,2015,28.837
cze,sex_t,ocu_isco08_2,cbr_bir_foreign,2016,33.008
cze,sex_t,ocu_isco08_2,cbr_bir_foreign,2017,41.696
cze,sex_t,ocu_isco08_2,cbr_bir_foreign,2018,36.666
cze,sex_t,ocu_isco08_2,cbr_bir_foreign,2019,40.104
cze,sex_t,ocu_isco08_2,cbr_bir_foreign,2020,44.783
cze,sex_t,ocu_isco08_2,cbr_bir_foreign,2021,53.407
cze,sex_t,ocu_isco08_2,cbr_bir_foreign,2022,49.627
cze,sex_t,ocu_isco08_2,cbr_bir_foreign,2023,56.594
cze,sex_t,ocu_isco08_2,cbr_bir_native,2011,599.01
cze,sex_t,ocu_isco08_2,cbr_bir_native,2012,659.409
cze,sex_t,ocu_isco08_2,cbr_bir_native,2013,695.184
cze,sex_t,ocu_isco08_2,cbr_bir_native,2014,725.327
cze,sex_t,ocu_isco08_2,cbr_bir_native,2015,737.705
cze,sex_t,ocu_isco08_2,cbr_bir_native,2016,757.031
cze,sex_t,ocu_isco08_2,cbr_bir_native,2017,764.07
cze,sex_t,ocu_isco08_2,cbr_bir_native,2018,818.641
cze,sex_t,ocu_isco08_2,cbr_bir_native,2019,817.025
cze,sex_t,ocu_isco08_2,cbr_bir_native,2020,845.761
cze,sex_t,ocu_isco08_2,cbr_bir_native,2021,922.349
cze,sex_t,ocu_isco08_2,cbr_bir_native,2022,910.533
cze,sex_t,ocu_isco08_2,cbr_bir_native,2023,925.782
cze,sex_t,ocu_isco08_2,cbr_bir_total,2011,619.924
cze,sex_t,ocu_isco08_2,cbr_bir_total,2012,682.033
cze,sex_t,ocu_isco08_2,cbr_bir_total,2013,721.756
cze,sex_t,ocu_isco08_2,cbr_bir_total,2014,750.434
cze,sex_t,ocu_isco08_2,cbr_bir_total,2015,766.754
cze,sex_t,ocu_isco08_2,cbr_bir_total,2016,790.039
cze,sex_t,ocu_isco08_2,cbr_bir_total,2017,805.766
cze,sex_t,ocu_isco08_2,cbr_bir_total,2018,855.306
cze,sex_t,ocu_isco08_2,cbr_bir_total,2019,857.474
cze,sex_t,ocu_isco08_2,cbr_bir_total,2020,890.63
cze,sex_t,ocu_isco08_2,cbr_bir_total,2021,976.066
cze,sex_t,ocu_isco08_2,cbr_bir_total,2022,960.335
cze,sex_t,ocu_isco08_2,cbr_bir_total,2023,982.376
cze,sex_t,ocu_isco08_2,cbr_bir_x,2021,0.31
cze,sex_t,ocu_isco08_3,cbr_bir_foreign,2011,19.38
cze,sex_t,ocu_isco08_3,cbr_bir_foreign,2012,19.833
cze,sex_t,ocu_isco08_3,cbr_bir_foreign,2013,19.418
cze,sex_t,ocu_isco08_3,cbr_bir_foreign,2014,23.934
cze,sex_t,ocu_isco08_3,cbr_bir_foreign,2015,19.426
cze,sex_t,ocu_isco08_3,cbr_bir_foreign,2016,21.828
cze,sex_t,ocu_isco08_3,cbr_bir_foreign,2017,22.918
cze,sex_t,ocu_isco08_3,cbr_bir_foreign,2018,22.572
cze,sex_t,ocu_isco08_3,cbr_bir_foreign,2019,27.355
cze,sex_t,ocu_isco08_3,cbr_bir_foreign,2020,30.62
cze,sex_t,ocu_isco08_3,cbr_bir_foreign,2021,28.262
cze,sex_t,ocu_isco08_3,cbr_bir_foreign,2022,31.313
cze,sex_t,ocu_isco08_3,cbr_bir_foreign,2023,22.185
cze,sex_t,ocu_isco08_3,cbr_bir_native,2011,930.467
cze,sex_t,ocu_isco08_3,cbr_bir_native,2012,886.832
cze,sex_t,ocu_isco08_3,cbr_bir_native,2013,868.255
cze,sex_t,ocu_isco08_3,cbr_bir_native,2014,866.904
cze,sex_t,ocu_isco08_3,cbr_bir_native,2015,845.874
cze,sex_t,ocu_isco08_3,cbr_bir_native,2016,871.144
cze,sex_t,ocu_isco08_3,cbr_bir_native,2017,917.191
cze,sex_t,ocu_isco08_3,cbr_bir_native,2018,899.699
cze,sex_t,ocu_isco08_3,cbr_bir_native,2019,890.676
cze,sex_t,ocu_isco08_3,cbr_bir_native,2020,899.628
cze,sex_t,ocu_isco08_3,cbr_bir_native,2021,858.1
cze,sex_t,ocu_isco08_3,cbr_bir_native,2022,803.159
cze,sex_t,ocu_isco08_3,cbr_bir_native,2023,814.229
cze,sex_t,ocu_isco08_3,cbr_bir_total,2011,950.18
cze,sex_t,ocu_isco08_3,cbr_bir_total,2012,907.091
cze,sex_t,ocu_isco08_3,cbr_bir_total,2013,887.673
cze,sex_t,ocu_isco08_3,cbr_bir_total,2014,890.838
cze,sex_t,ocu_isco08_3,cbr_bir_total,2015,865.3
cze,sex_t,ocu_isco08_3,cbr_bir_total,2016,892.972
cze,sex_t,ocu_isco08_3,cbr_bir_total,2017,940.294
cze,sex_t,ocu_isco08_3,cbr_bir_total,2018,922.541
cze,sex_t,ocu_isco08_3,cbr_bir_total,2019,918.031
cze,sex_t,ocu_isco08_3,cbr_bir_total,2020,930.248
cze,sex_t,ocu_isco08_3,cbr_bir_total,2021,886.407
cze,sex_t,ocu_isco08_3,cbr_bir_total,2022,834.472
cze,sex_t,ocu_isco08_3,cbr_bir_total,2023,836.414
cze,sex_t,ocu_isco08_3,cbr_bir_x,2011,0.334
cze,sex_t,ocu_isco08_4,cbr_bir_foreign,2011,7.231
cze,sex_t,ocu_isco08_4,cbr_bir_foreign,2012,8.308
cze,sex_t,ocu_isco08_4,cbr_bir_foreign,2013,8.887
cze,sex_t,ocu_isco08_4,cbr_bir_foreign,2014,9.246
cze,sex_t,ocu_isco08_4,cbr_bir_foreign,2015,12.021
cze,sex_t,ocu_isco08_4,cbr_bir_foreign,2016,9.822
cze,sex_t,ocu_isco08_4,cbr_bir_foreign,2017,14.206
cze,sex_t,ocu_isco08_4,cbr_bir_foreign,2018,12.436
cze,sex_t,ocu_isco08_4,cbr_bir_foreign,2019,14.921
cze,sex_t,ocu_isco08_4,cbr_bir_foreign,2020,13.644
cze,sex_t,ocu_isco08_4,cbr_bir_foreign,2021,16.26
cze,sex_t,ocu_isco08_4,cbr_bir_foreign,2022,16.402
cze,sex_t,ocu_isco08_4,cbr_bir_foreign,2023,10.986
cze,sex_t,ocu_isco08_4,cbr_bir_native,2011,451.009
cze,sex_t,ocu_isco08_4,cbr_bir_native,2012,446.497
cze,sex_t,ocu_isco08_4,cbr_bir_native,2013,466.91
cze,sex_t,ocu_isco08_4,cbr_bir_native,2014,456.292
cze,sex_t,ocu_isco08_4,cbr_bir_native,2015,452.454
cze,sex_t,ocu_isco08_4,cbr_bir_native,2016,466.449
cze,sex_t,ocu_isco08_4,cbr_bir_native,2017,494.709
cze,sex_t,ocu_isco08_4,cbr_bir_native,2018,486.233
cze,sex_t,ocu_isco08_4,cbr_bir_native,2019,486.157
cze,sex_t,ocu_isco08_4,cbr_bir_native,2020,465.499
cze,sex_t,ocu_isco08_4,cbr_bir_native,2021,464.318
cze,sex_t,ocu_isco08_4,cbr_bir_native,2022,431.871
cze,sex_t,ocu_isco08_4,cbr_bir_native,2023,336.769
cze,sex_t,ocu_isco08_4,cbr_bir_total,2011,458.24
cze,sex_t,ocu_isco08_4,cbr_bir_total,2012,454.805
cze,sex_t,ocu_isco08_4,cbr_bir_total,2013,475.797
cze,sex_t,ocu_isco08_4,cbr_bir_total,2014,465.538
cze,sex_t,ocu_isco08_4,cbr_bir_total,2015,464.476
cze,sex_t,ocu_isco08_4,cbr_bir_total,2016,476.316
cze,sex_t,ocu_isco08_4,cbr_bir_total,2017,509.326
cze,sex_t,ocu_isco08_4,cbr_bir_total,2018,498.915
cze,sex_t,ocu_isco08_4,cbr_bir_total,2019,501.078
cze,sex_t,ocu_isco08_4,cbr_bir_total,2020,479.143
cze,sex_t,ocu_isco08_4,cbr_bir_total,2021,480.579
cze,sex_t,ocu_isco08_4,cbr_bir_total,2022,448.273
cze,sex_t,ocu_isco08_4,cbr_bir_total,2023,347.755
cze,sex_t,ocu_isco08_4,cbr_bir_x,2017,0.41
cze,sex_t,ocu_isco08_5,cbr_bir_foreign,2011,25.094
cze,sex_t,ocu_isco08_5,cbr_bir_foreign,2012,23.055
cze,sex_t,ocu_isco08_5,cbr_bir_foreign,2013,28.4
cze,sex_t,ocu_isco08_5,cbr_bir_foreign,2014,28.938
cze,sex_t,ocu_isco08_5,cbr_bir_foreign,2015,33.758
cze,sex_t,ocu_isco08_5,cbr_bir_foreign,2016,29.143
cze,sex_t,ocu_isco08_5,cbr_bir_foreign,2017,32.274
cze,sex_t,ocu_isco08_5,cbr_bir_foreign,2018,42.582
cze,sex_t,ocu_isco08_5,cbr_bir_foreign,2019,40.782
cze,sex_t,ocu_isco08_5,cbr_bir_foreign,2020,34.482
cze,sex_t,ocu_isco08_5,cbr_bir_foreign,2021,37.453
cze,sex_t,ocu_isco08_5,cbr_bir_foreign,2022,50.233
cze,sex_t,ocu_isco08_5,cbr_bir_foreign,2023,47.047
cze,sex_t,ocu_isco08_5,cbr_bir_native,2011,717.935
cze,sex_t,ocu_isco08_5,cbr_bir_native,2012,720.303
cze,sex_t,ocu_isco08_5,cbr_bir_native,2013,717.936
cze,sex_t,ocu_isco08_5,cbr_bir_native,2014,723.771
cze,sex_t,ocu_isco08_5,cbr_bir_native,2015,740.882
cze,sex_t,ocu_isco08_5,cbr_bir_native,2016,753.842
cze,sex_t,ocu_isco08_5,cbr_bir_native,2017,753.265
cze,sex_t,ocu_isco08_5,cbr_bir_native,2018,780.065
cze,sex_t,ocu_isco08_5,cbr_bir_native,2019,775.364
cze,sex_t,ocu_isco08_5,cbr_bir_native,2020,750.105
cze,sex_t,ocu_isco08_5,cbr_bir_native,2021,721.419
cze,sex_t,ocu_isco08_5,cbr_bir_native,2022,751.552
cze,sex_t,ocu_isco08_5,cbr_bir_native,2023,723.291
cze,sex_t,ocu_isco08_5,cbr_bir_total,2011,743.058
cze,sex_t,ocu_isco08_5,cbr_bir_total,2012,743.358
cze,sex_t,ocu_isco08_5,cbr_bir_total,2013,746.336
cze,sex_t,ocu_isco08_5,cbr_bir_total,2014,752.709
cze,sex_t,ocu_isco08_5,cbr_bir_total,2015,774.64
cze,sex_t,ocu_isco08_5,cbr_bir_total,2016,782.984
cze,sex_t,ocu_isco08_5,cbr_bir_total,2017,785.539
cze,sex_t,ocu_isco08_5,cbr_bir_total,2018,822.747
cze,sex_t,ocu_isco08_5,cbr_bir_total,2019,816.386
cze,sex_t,ocu_isco08_5,cbr_bir_total,2020,784.778
cze,sex_t,ocu_isco08_5,cbr_bir_total,2021,759.089
cze,sex_t,ocu_isco08_5,cbr_bir_total,2022,801.785
cze,sex_t,ocu_isco08_5,cbr_bir_total,2023,770.338
cze,sex_t,ocu_isco08_6,cbr_bir_foreign,2011,1.139
cze,sex_t,ocu_isco08_6,cbr_bir_foreign,2012,0.88
cze,sex_t,ocu_isco08_6,cbr_bir_foreign,2013,1.607
cze,sex_t,ocu_isco08_6,cbr_bir_foreign,2014,2.018
cze,sex_t,ocu_isco08_6,cbr_bir_foreign,2015,1.272
cze,sex_t,ocu_isco08_6,cbr_bir_foreign,2016,1.979
cze,sex_t,ocu_isco08_6,cbr_bir_foreign,2017,0.661
cze,sex_t,ocu_isco08_6,cbr_bir_foreign,2018,0.831
cze,sex_t,ocu_isco08_6,cbr_bir_foreign,2019,1.474
cze,sex_t,ocu_isco08_6,cbr_bir_foreign,2020,2.468
cze,sex_t,ocu_isco08_6,cbr_bir_foreign,2021,3.472
cze,sex_t,ocu_isco08_6,cbr_bir_foreign,2022,2.713
cze,sex_t,ocu_isco08_6,cbr_bir_foreign,2023,2.044
cze,sex_t,ocu_isco08_6,cbr_bir_native,2011,65.219
cze,sex_t,ocu_isco08_6,cbr_bir_native,2012,65.889
cze,sex_t,ocu_isco08_6,cbr_bir_native,2013,62.812
cze,sex_t,ocu_isco08_6,cbr_bir_native,2014,57.919
cze,sex_t,ocu_isco08_6,cbr_bir_native,2015,60.717
cze,sex_t,ocu_isco08_6,cbr_bir_native,2016,67.867
cze,sex_t,ocu_isco08_6,cbr_bir_native,2017,68.121
cze,sex_t,ocu_isco08_6,cbr_bir_native,2018,65.495
cze,sex_t,ocu_isco08_6,cbr_bir_native,2019,64.829
cze,sex_t,ocu_isco08_6,cbr_bir_native,2020,59.447
cze,sex_t,ocu_isco08_6,cbr_bir_native,2021,56.02
cze,sex_t,ocu_isco08_6,cbr_bir_native,2022,58.596
cze,sex_t,ocu_isco08_6,cbr_bir_native,2023,65.986
cze,sex_t,ocu_isco08_6,cbr_bir_total,2011,66.358
cze,sex_t,ocu_isco08_6,cbr_bir_total,2012,66.769
cze,sex_t,ocu_isco08_6,cbr_bir_total,2013,64.419
cze,sex_t,ocu_isco08_6,cbr_bir_total,2014,59.938
cze,sex_t,ocu_isco08_6,cbr_bir_total,2015,61.989
cze,sex_t,ocu_isco08_6,cbr_bir_total,2016,69.846
cze,sex_t,ocu_isco08_6,cbr_bir_total,2017,68.782
cze,sex_t,ocu_isco08_6,cbr_bir_total,2018,66.326
cze,sex_t,ocu_isco08_6,cbr_bir_total,2019,66.303
cze,sex_t,ocu_isco08_6,cbr_bir_total,2020,61.915
cze,sex_t,ocu_isco08_6,cbr_bir_total,2021,59.492
cze,sex_t,ocu_isco08_6,cbr_bir_total,2022,61.309
cze,sex_t,ocu_isco08_6,cbr_bir_total,2023,68.029
cze,sex_t,ocu_isco08_7,cbr_bir_foreign,2011,20.7
cze,sex_t,ocu_isco08_7,cbr_bir_foreign,2012,21.205
cze,sex_t,ocu_isco08_7,cbr_bir_foreign,2013,22.041
cze,sex_t,ocu_isco08_7,cbr_bir_foreign,2014,25.953
cze,sex_t,ocu_isco08_7,cbr_bir_foreign,2015,26.763
cze,sex_t,ocu_isco08_7,cbr_bir_foreign,2016,23.743
cze,sex_t,ocu_isco08_7,cbr_bir_foreign,2017,31.553
cze,sex_t,ocu_isco08_7,cbr_bir_foreign,2018,33.952
cze,sex_t,ocu_isco08_7,cbr_bir_foreign,2019,28.727
cze,sex_t,ocu_isco08_7,cbr_bir_foreign,2020,29.9
cze,sex_t,ocu_isco08_7,cbr_bir_foreign,2021,38.156
cze,sex_t,ocu_isco08_7,cbr_bir_foreign,2022,42.048
cze,sex_t,ocu_isco08_7,cbr_bir_foreign,2023,59.192
cze,sex_t,ocu_isco08_7,cbr_bir_native,2011,842.822
cze,sex_t,ocu_isco08_7,cbr_bir_native,2012,834.857
cze,sex_t,ocu_isco08_7,cbr_bir_native,2013,828.949
cze,sex_t,ocu_isco08_7,cbr_bir_native,2014,847.253
cze,sex_t,ocu_isco08_7,cbr_bir_native,2015,839.484
cze,sex_t,ocu_isco08_7,cbr_bir_native,2016,844.663
cze,sex_t,ocu_isco08_7,cbr_bir_native,2017,833.424
cze,sex_t,ocu_isco08_7,cbr_bir_native,2018,830.888
cze,sex_t,ocu_isco08_7,cbr_bir_native,2019,820.658
cze,sex_t,ocu_isco08_7,cbr_bir_native,2020,806.029
cze,sex_t,ocu_isco08_7,cbr_bir_native,2021,759.524
cze,sex_t,ocu_isco08_7,cbr_bir_native,2022,774.365
cze,sex_t,ocu_isco08_7,cbr_bir_native,2023,772.606
cze,sex_t,ocu_isco08_7,cbr_bir_total,2011,863.522
cze,sex_t,ocu_isco08_7,cbr_bir_total,2012,856.062
cze,sex_t,ocu_isco08_7,cbr_bir_total,2013,850.99
cze,sex_t,ocu_isco08_7,cbr_bir_total,2014,873.206
cze,sex_t,ocu_isco08_7,cbr_bir_total,2015,866.247
cze,sex_t,ocu_isco08_7,cbr_bir_total,2016,868.406
cze,sex_t,ocu_isco08_7,cbr_bir_total,2017,864.977
cze,sex_t,ocu_isco08_7,cbr_bir_total,2018,864.84
cze,sex_t,ocu_isco08_7,cbr_bir_total,2019,849.385
cze,sex_t,ocu_isco08_7,cbr_bir_total,2020,835.929
cze,sex_t,ocu_isco08_7,cbr_bir_total,2021,797.681
cze,sex_t,ocu_isco08_7,cbr_bir_total,2022,816.412
cze,sex_t,ocu_isco08_7,cbr_bir_total,2023,831.798
cze,sex_t,ocu_isco08_8,cbr_bir_foreign,2011,20.621
cze,sex_t,ocu_isco08_8,cbr_bir_foreign,2012,24.32
cze,sex_t,ocu_isco08_8,cbr_bir_foreign,2013,23.321
cze,sex_t,ocu_isco08_8,cbr_bir_foreign,2014,22.466
cze,sex_t,ocu_isco08_8,cbr_bir_foreign,2015,23.55
cze,sex_t,ocu_isco08_8,cbr_bir_foreign,2016,23.365
cze,sex_t,ocu_isco08_8,cbr_bir_foreign,2017,31.242
cze,sex_t,ocu_isco08_8,cbr_bir_foreign,2018,32.933
cze,sex_t,ocu_isco08_8,cbr_bir_foreign,2019,36.146
cze,sex_t,ocu_isco08_8,cbr_bir_foreign,2020,39.55
cze,sex_t,ocu_isco08_8,cbr_bir_foreign,2021,36.505
cze,sex_t,ocu_isco08_8,cbr_bir_foreign,2022,50.128
cze,sex_t,ocu_isco08_8,cbr_bir_foreign,2023,57.76
cze,sex_t,ocu_isco08_8,cbr_bir_native,2011,652.637
cze,sex_t,ocu_isco08_8,cbr_bir_native,2012,641.669
cze,sex_t,ocu_isco08_8,cbr_bir_native,2013,618.287
cze,sex_t,ocu_isco08_8,cbr_bir_native,2014,629.691
cze,sex_t,ocu_isco08_8,cbr_bir_native,2015,660.683
cze,sex_t,ocu_isco08_8,cbr_bir_native,2016,678.191
cze,sex_t,ocu_isco08_8,cbr_bir_native,2017,684.504
cze,sex_t,ocu_isco08_8,cbr_bir_native,2018,694.045
cze,sex_t,ocu_isco08_8,cbr_bir_native,2019,692.256
cze,sex_t,ocu_isco08_8,cbr_bir_native,2020,664.175
cze,sex_t,ocu_isco08_8,cbr_bir_native,2021,656.085
cze,sex_t,ocu_isco08_8,cbr_bir_native,2022,635.484
cze,sex_t,ocu_isco08_8,cbr_bir_native,2023,618.936
cze,sex_t,ocu_isco08_8,cbr_bir_total,2011,673.258
cze,sex_t,ocu_isco08_8,cbr_bir_total,2012,666.22
cze,sex_t,ocu_isco08_8,cbr_bir_total,2013,641.675
cze,sex_t,ocu_isco08_8,cbr_bir_total,2014,652.157
cze,sex_t,ocu_isco08_8,cbr_bir_total,2015,684.233
cze,sex_t,ocu_isco08_8,cbr_bir_total,2016,701.557
cze,sex_t,ocu_isco08_8,cbr_bir_total,2017,715.746
cze,sex_t,ocu_isco08_8,cbr_bir_total,2018,726.978
cze,sex_t,ocu_isco08_8,cbr_bir_total,2019,728.402
cze,sex_t,ocu_isco08_8,cbr_bir_total,2020,703.725
cze,sex_t,ocu_isco08_8,cbr_bir_total,2021,692.59
cze,sex_t,ocu_isco08_8,cbr_bir_total,2022,685.612
cze,sex_t,ocu_isco08_8,cbr_bir_total,2023,676.696
cze,sex_t,ocu_isco08_9,cbr_bir_foreign,2011,11.213
cze,sex_t,ocu_isco08_9,cbr_bir_foreign,2012,12.183
cze,sex_t,ocu_isco08_9,cbr_bir_foreign,2013,12.501
cze,sex_t,ocu_isco08_9,cbr_bir_foreign,2014,16.371
cze,sex_t,ocu_isco08_9,cbr_bir_foreign,2015,18.313
cze,sex_t,ocu_isco08_9,cbr_bir_foreign,2016,15.394
cze,sex_t,ocu_isco08_9,cbr_bir_foreign,2017,14.448
cze,sex_t,ocu_isco08_9,cbr_bir_foreign,2018,20.924
cze,sex_t,ocu_isco08_9,cbr_bir_foreign,2019,25.066
cze,sex_t,ocu_isco08_9,cbr_bir_foreign,2020,24.54
cze,sex_t,ocu_isco08_9,cbr_bir_foreign,2021,24.784
cze,sex_t,ocu_isco08_9,cbr_bir_foreign,2022,30.817
cze,sex_t,ocu_isco08_9,cbr_bir_foreign,2023,28.874
cze,sex_t,ocu_isco08_9,cbr_bir_native,2011,252.197
cze,sex_t,ocu_isco08_9,cbr_bir_native,2012,248.725
cze,sex_t,ocu_isco08_9,cbr_bir_native,2013,262.339
cze,sex_t,ocu_isco08_9,cbr_bir_native,2014,253.758
cze,sex_t,ocu_isco08_9,cbr_bir_native,2015,262.223
cze,sex_t,ocu_isco08_9,cbr_bir_native,2016,268.922
cze,sex_t,ocu_isco08_9,cbr_bir_native,2017,262.281
cze,sex_t,ocu_isco08_9,cbr_bir_native,2018,266.171
cze,sex_t,ocu_isco08_9,cbr_bir_native,2019,298.301
cze,sex_t,ocu_isco08_9,cbr_bir_native,2020,292.14
cze,sex_t,ocu_isco08_9,cbr_bir_native,2021,269.041
cze,sex_t,ocu_isco08_9,cbr_bir_native,2022,264.612
cze,sex_t,ocu_isco08_9,cbr_bir_native,2023,235.498
cze,sex_t,ocu_isco08_9,cbr_bir_total,2011,263.41
cze,sex_t,ocu_isco08_9,cbr_bir_total,2012,260.908
cze,sex_t,ocu_isco08_9,cbr_bir_total,2013,274.84
cze,sex_t,ocu_isco08_9,cbr_bir_total,2014,270.128
cze,sex_t,ocu_isco08_9,cbr_bir_total,2015,280.536
cze,sex_t,ocu_isco08_9,cbr_bir_total,2016,284.316
cze,sex_t,ocu_isco08_9,cbr_bir_total,2017,276.729
cze,sex_t,ocu_isco08_9,cbr_bir_total,2018,287.094
cze,sex_t,ocu_isco08_9,cbr_bir_total,2019,323.367
cze,sex_t,ocu_isco08_9,cbr_bir_total,2020,316.68
cze,sex_t,ocu_isco08_9,cbr_bir_total,2021,293.825
cze,sex_t,ocu_isco08_9,cbr_bir_total,2022,295.429
cze,sex_t,ocu_isco08_9,cbr_bir_total,2023,264.372
cze,sex_t,ocu_isco08_total,cbr_bir_foreign,2011,136.094
cze,sex_t,ocu_isco08_total,cbr_bir_foreign,2012,143.277
cze,sex_t,ocu_isco08_total,cbr_bir_foreign,2013,153.34
cze,sex_t,ocu_isco08_total,cbr_bir_foreign,2014,166.458
cze,sex_t,ocu_isco08_total,cbr_bir_foreign,2015,180.037
cze,sex_t,ocu_isco08_total,cbr_bir_foreign,2016,170.983
cze,sex_t,ocu_isco08_total,cbr_bir_foreign,2017,200.872
cze,sex_t,ocu_isco08_total,cbr_bir_foreign,2018,212.609
cze,sex_t,ocu_isco08_total,cbr_bir_foreign,2019,224.47
cze,sex_t,ocu_isco08_total,cbr_bir_foreign,2020,230.379
cze,sex_t,ocu_isco08_total,cbr_bir_foreign,2021,251.378
cze,sex_t,ocu_isco08_total,cbr_bir_foreign,2022,287.63
cze,sex_t,ocu_isco08_total,cbr_bir_foreign,2023,300.517
cze,sex_t,ocu_isco08_total,cbr_bir_native,2011,4735.833
cze,sex_t,ocu_isco08_total,cbr_bir_native,2012,4745.97
cze,sex_t,ocu_isco08_total,cbr_bir_native,2013,4783.676
cze,sex_t,ocu_isco08_total,cbr_bir_native,2014,4807.466
cze,sex_t,ocu_isco08_total,cbr_bir_native,2015,4861.653
cze,sex_t,ocu_isco08_total,cbr_bir_native,2016,4967.551
cze,sex_t,ocu_isco08_total,cbr_bir_native,2017,5020.136
cze,sex_t,ocu_isco08_total,cbr_bir_native,2018,5080.564
cze,sex_t,ocu_isco08_total,cbr_bir_native,2019,5078.042
cze,sex_t,ocu_isco08_total,cbr_bir_native,2020,5004.487
cze,sex_t,ocu_isco08_total,cbr_bir_native,2021,4967.02
cze,sex_t,ocu_isco08_total,cbr_bir_native,2022,4881.516
cze,sex_t,ocu_isco08_total,cbr_bir_native,2023,4760.329
cze,sex_t,ocu_isco08_total,cbr_bir_total,2011,4872.406
cze,sex_t,ocu_isco08_total,cbr_bir_total,2012,4890.053
cze,sex_t,ocu_isco08_total,cbr_bir_total,2013,4937.084
cze,sex_t,ocu_isco08_total,cbr_bir_total,2014,4974.295
cze,sex_t,ocu_isco08_total,cbr_bir_total,2015,5041.903
cze,sex_t,ocu_isco08_total,cbr_bir_total,2016,5138.578
cze,sex_t,ocu_isco08_total,cbr_bir_total,2017,5221.605
cze,sex_t,ocu_isco08_total,cbr_bir_total,2018,5293.789
cze,sex_t,ocu_isco08_total,cbr_bir_total,2019,5303.096
cze,sex_t,ocu_isco08_total,cbr_bir_total,2020,5235.144
cze,sex_t,ocu_isco08_total,cbr_bir_total,2021,5218.97
cze,sex_t,ocu_isco08_total,cbr_bir_total,2022,5169.322
cze,sex_t,ocu_isco08_total,cbr_bir_total,2023,5060.846
cze,sex_t,ocu_isco08_total,cbr_bir_x,2011,0.48
cze,sex_t,ocu_isco08_total,cbr_bir_x,2012,0.806
cze,sex_t,ocu_isco08_total,cbr_bir_x,2017,0.597
cze,sex_t,ocu_isco08_total,cbr_bir_x,2018,0.616
cze,sex_t,ocu_isco08_total,cbr_bir_x,2019,0.584
cze,sex_t,ocu_isco08_total,cbr_bir_x,2020,0.277
cze,sex_t,ocu_isco08_total,cbr_bir_x,2021,0.572
cze,sex_t,ocu_isco08_x,cbr_bir_native,2011,0.94
cze,sex_t,ocu_isco08_x,cbr_bir_native,2015,0.801
cze,sex_t,ocu_isco08_x,cbr_bir_native,2016,0.763
cze,sex_t,ocu_isco08_x,cbr_bir_native,2017,1.055
cze,sex_t,ocu_isco08_x,cbr_bir_native,2021,0.59
cze,sex_t,ocu_isco08_x,cbr_bir_total,2011,0.987
cze,sex_t,ocu_isco08_x,cbr_bir_total,2015,0.801
cze,sex_t,ocu_isco08_x,cbr_bir_total,2016,0.763
cze,sex_t,ocu_isco08_x,cbr_bir_total,2017,1.055
cze,sex_t,ocu_isco08_x,cbr_bir_total,2021,0.59
cze,sex_t,ocu_isco88_0,cbr_bir_foreign,2002,0.349
cze,sex_t,ocu_isco88_0,cbr_bir_foreign,2003,0.865
cze,sex_t,ocu_isco88_0,cbr_bir_foreign,2004,0.423
cze,sex_t,ocu_isco88_0,cbr_bir_foreign,2005,0.31
cze,sex_t,ocu_isco88_0,cbr_bir_foreign,2006,0.369
cze,sex_t,ocu_isco88_0,cbr_bir_foreign,2008,0.338
cze,sex_t,ocu_isco88_0,cbr_bir_foreign,2009,0.593
cze,sex_t,ocu_isco88_0,cbr_bir_foreign,2010,0.795
cze,sex_t,ocu_isco88_0,cbr_bir_native,2002,34.556
cze,sex_t,ocu_isco88_0,cbr_bir_native,2003,34.792
cze,sex_t,ocu_isco88_0,cbr_bir_native,2004,22.236
cze,sex_t,ocu_isco88_0,cbr_bir_native,2005,14.451
cze,sex_t,ocu_isco88_0,cbr_bir_native,2006,16.431
cze,sex_t,ocu_isco88_0,cbr_bir_native,2007,14.155
cze,sex_t,ocu_isco88_0,cbr_bir_native,2008,15.767
cze,sex_t,ocu_isco88_0,cbr_bir_native,2009,13.953
cze,sex_t,ocu_isco88_0,cbr_bir_native,2010,13.986
cze,sex_t,ocu_isco88_0,cbr_bir_total,2002,34.906
cze,sex_t,ocu_isco88_0,cbr_bir_total,2003,35.658
cze,sex_t,ocu_isco88_0,cbr_bir_total,2004,22.658
cze,sex_t,ocu_isco88_0,cbr_bir_total,2005,14.761
cze,sex_t,ocu_isco88_0,cbr_bir_total,2006,16.8
cze,sex_t,ocu_isco88_0,cbr_bir_total,2007,14.244
cze,sex_t,ocu_isco88_0,cbr_bir_total,2008,16.105
cze,sex_t,ocu_isco88_0,cbr_bir_total,2009,14.547
cze,sex_t,ocu_isco88_0,cbr_bir_total,2010,14.781
cze,sex_t,ocu_isco88_1,cbr_bir_foreign,2002,5.818
cze,sex_t,ocu_isco88_1,cbr_bir_foreign,2003,6.726
cze,sex_t,ocu_isco88_1,cbr_bir_foreign,2004,8.285
cze,sex_t,ocu_isco88_1,cbr_bir_foreign,2005,7.267
cze,sex_t,ocu_isco88_1,cbr_bir_foreign,2006,8.999
cze,sex_t,ocu_isco88_1,cbr_bir_foreign,2007,7.458
cze,sex_t,ocu_isco88_1,cbr_bir_foreign,2008,10.374
cze,sex_t,ocu_isco88_1,cbr_bir_foreign,2009,10.53
cze,sex_t,ocu_isco88_1,cbr_bir_foreign,2010,9.934
cze,sex_t,ocu_isco88_1,cbr_bir_native,2002,296.715
cze,sex_t,ocu_isco88_1,cbr_bir_native,2003,278.384
cze,sex_t,ocu_isco88_1,cbr_bir_native,2004,283.037
cze,sex_t,ocu_isco88_1,cbr_bir_native,2005,286.391
cze,sex_t,ocu_isco88_1,cbr_bir_native,2006,308.857
cze,sex_t,ocu_isco88_1,cbr_bir_native,2007,320.121
cze,sex_t,ocu_isco88_1,cbr_bir_native,2008,323.214
cze,sex_t,ocu_isco88_1,cbr_bir_native,2009,282.352
cze,sex_t,ocu_isco88_1,cbr_bir_native,2010,251.112
cze,sex_t,ocu_isco88_1,cbr_bir_total,2002,303.528
cze,sex_t,ocu_isco88_1,cbr_bir_total,2003,285.687
cze,sex_t,ocu_isco88_1,cbr_bir_total,2004,291.763
cze,sex_t,ocu_isco88_1,cbr_bir_total,2005,294.217
cze,sex_t,ocu_isco88_1,cbr_bir_total,2006,318.127
cze,sex_t,ocu_isco88_1,cbr_bir_total,2007,327.579
cze,sex_t,ocu_isco88_1,cbr_bir_total,2008,333.587
cze,sex_t,ocu_isco88_1,cbr_bir_total,2009,292.926
cze,sex_t,ocu_isco88_1,cbr_bir_total,2010,261.18
cze,sex_t,ocu_isco88_1,cbr_bir_x,2002,0.995
cze,sex_t,ocu_isco88_1,cbr_bir_x,2003,0.578
cze,sex_t,ocu_isco88_1,cbr_bir_x,2004,0.441
cze,sex_t,ocu_isco88_1,cbr_bir_x,2005,0.559
cze,sex_t,ocu_isco88_2,cbr_bir_foreign,2002,9.738
cze,sex_t,ocu_isco88_2,cbr_bir_foreign,2003,11.764
cze,sex_t,ocu_isco88_2,cbr_bir_foreign,2004,10.332
cze,sex_t,ocu_isco88_2,cbr_bir_foreign,2005,11.93
cze,sex_t,ocu_isco88_2,cbr_bir_foreign,2006,11.099
cze,sex_t,ocu_isco88_2,cbr_bir_foreign,2007,10.22
cze,sex_t,ocu_isco88_2,cbr_bir_foreign,2008,9.534
cze,sex_t,ocu_isco88_2,cbr_bir_foreign,2009,15.06
cze,sex_t,ocu_isco88_2,cbr_bir_foreign,2010,16.453
cze,sex_t,ocu_isco88_2,cbr_bir_native,2002,475.453
cze,sex_t,ocu_isco88_2,cbr_bir_native,2003,471.725
cze,sex_t,ocu_isco88_2,cbr_bir_native,2004,488.308
cze,sex_t,ocu_isco88_2,cbr_bir_native,2005,503.441
cze,sex_t,ocu_isco88_2,cbr_bir_native,2006,508.068
cze,sex_t,ocu_isco88_2,cbr_bir_native,2007,533.052
cze,sex_t,ocu_isco88_2,cbr_bir_native,2008,547.073
cze,sex_t,ocu_isco88_2,cbr_bir_native,2009,567.33
cze,sex_t,ocu_isco88_2,cbr_bir_native,2010,501.913
cze,sex_t,ocu_isco88_2,cbr_bir_total,2002,486.272
cze,sex_t,ocu_isco88_2,cbr_bir_total,2003,484.89
cze,sex_t,ocu_isco88_2,cbr_bir_total,2004,499.114
cze,sex_t,ocu_isco88_2,cbr_bir_total,2005,515.687
cze,sex_t,ocu_isco88_2,cbr_bir_total,2006,519.481
cze,sex_t,ocu_isco88_2,cbr_bir_total,2007,543.641
cze,sex_t,ocu_isco88_2,cbr_bir_total,2008,556.607
cze,sex_t,ocu_isco88_2,cbr_bir_total,2009,582.39
cze,sex_t,ocu_isco88_2,cbr_bir_total,2010,518.471
cze,sex_t,ocu_isco88_2,cbr_bir_x,2002,1.081
cze,sex_t,ocu_isco88_2,cbr_bir_x,2003,1.401
cze,sex_t,ocu_isco88_2,cbr_bir_x,2004,0.474
cze,sex_t,ocu_isco88_2,cbr_bir_x,2006,0.314
cze,sex_t,ocu_isco88_2,cbr_bir_x,2007,0.368
cze,sex_t,ocu_isco88_3,cbr_bir_foreign,2002,13.913
cze,sex_t,ocu_isco88_3,cbr_bir_foreign,2003,13.38
cze,sex_t,ocu_isco88_3,cbr_bir_foreign,2004,14.202
cze,sex_t,ocu_isco88_3,cbr_bir_foreign,2005,12.642
cze,sex_t,ocu_isco88_3,cbr_bir_foreign,2006,10.553
cze,sex_t,ocu_isco88_3,cbr_bir_foreign,2007,15.93
cze,sex_t,ocu_isco88_3,cbr_bir_foreign,2008,23.628
cze,sex_t,ocu_isco88_3,cbr_bir_foreign,2009,29.145
cze,sex_t,ocu_isco88_3,cbr_bir_foreign,2010,23.915
cze,sex_t,ocu_isco88_3,cbr_bir_native,2002,896.697
cze,sex_t,ocu_isco88_3,cbr_bir_native,2003,937.52
cze,sex_t,ocu_isco88_3,cbr_bir_native,2004,959.466
cze,sex_t,ocu_isco88_3,cbr_bir_native,2005,1026.478
cze,sex_t,ocu_isco88_3,cbr_bir_native,2006,1045.94
cze,sex_t,ocu_isco88_3,cbr_bir_native,2007,1082.631
cze,sex_t,ocu_isco88_3,cbr_bir_native,2008,1111.136
cze,sex_t,ocu_isco88_3,cbr_bir_native,2009,1146.698
cze,sex_t,ocu_isco88_3,cbr_bir_native,2010,1184.178
cze,sex_t,ocu_isco88_3,cbr_bir_total,2002,911.926
cze,sex_t,ocu_isco88_3,cbr_bir_total,2003,951.956
cze,sex_t,ocu_isco88_3,cbr_bir_total,2004,974.019
cze,sex_t,ocu_isco88_3,cbr_bir_total,2005,1039.405
cze,sex_t,ocu_isco88_3,cbr_bir_total,2006,1056.494
cze,sex_t,ocu_isco88_3,cbr_bir_total,2007,1098.819
cze,sex_t,ocu_isco88_3,cbr_bir_total,2008,1134.924
cze,sex_t,ocu_isco88_3,cbr_bir_total,2009,1176.316
cze,sex_t,ocu_isco88_3,cbr_bir_total,2010,1208.093
cze,sex_t,ocu_isco88_3,cbr_bir_x,2002,1.316
cze,sex_t,ocu_isco88_3,cbr_bir_x,2003,1.056
cze,sex_t,ocu_isco88_3,cbr_bir_x,2004,0.351
cze,sex_t,ocu_isco88_3,cbr_bir_x,2005,0.285
cze,sex_t,ocu_isco88_3,cbr_bir_x,2007,0.258
cze,sex_t,ocu_isco88_3,cbr_bir_x,2008,0.16
cze,sex_t,ocu_isco88_3,cbr_bir_x,2009,0.474
cze,sex_t,ocu_isco88_4,cbr_bir_foreign,2002,5.11
cze,sex_t,ocu_isco88_4,cbr_bir_foreign,2003,5.791
cze,sex_t,ocu_isco88_4,cbr_bir_foreign,2004,4.124
cze,sex_t,ocu_isco88_4,cbr_bir_foreign,2005,3.571
cze,sex_t,ocu_isco88_4,cbr_bir_foreign,2006,3.782
cze,sex_t,ocu_isco88_4,cbr_bir_foreign,2007,4.087
cze,sex_t,ocu_isco88_4,cbr_bir_foreign,2008,6.077
cze,sex_t,ocu_isco88_4,cbr_bir_foreign,2009,6.618
cze,sex_t,ocu_isco88_4,cbr_bir_foreign,2010,6.97
cze,sex_t,ocu_isco88_4,cbr_bir_native,2002,399.841
cze,sex_t,ocu_isco88_4,cbr_bir_native,2003,374.232
cze,sex_t,ocu_isco88_4,cbr_bir_native,2004,369.024
cze,sex_t,ocu_isco88_4,cbr_bir_native,2005,353.798
cze,sex_t,ocu_isco88_4,cbr_bir_native,2006,334.497
cze,sex_t,ocu_isco88_4,cbr_bir_native,2007,339.408
cze,sex_t,ocu_isco88_4,cbr_bir_native,2008,347.094
cze,sex_t,ocu_isco88_4,cbr_bir_native,2009,356.09
cze,sex_t,ocu_isco88_4,cbr_bir_native,2010,377.702
cze,sex_t,ocu_isco88_4,cbr_bir_total,2002,405.071
cze,sex_t,ocu_isco88_4,cbr_bir_total,2003,380.05
cze,sex_t,ocu_isco88_4,cbr_bir_total,2004,373.225
cze,sex_t,ocu_isco88_4,cbr_bir_total,2005,357.7
cze,sex_t,ocu_isco88_4,cbr_bir_total,2006,338.639
cze,sex_t,ocu_isco88_4,cbr_bir_total,2007,343.789
cze,sex_t,ocu_isco88_4,cbr_bir_total,2008,353.171
cze,sex_t,ocu_isco88_4,cbr_bir_total,2009,362.708
cze,sex_t,ocu_isco88_4,cbr_bir_total,2010,384.672
cze,sex_t,ocu_isco88_4,cbr_bir_x,2005,0.331
cze,sex_t,ocu_isco88_4,cbr_bir_x,2006,0.36
cze,sex_t,ocu_isco88_4,cbr_bir_x,2007,0.293
cze,sex_t,ocu_isco88_5,cbr_bir_foreign,2002,11.664
cze,sex_t,ocu_isco88_5,cbr_bir_foreign,2003,16.608
cze,sex_t,ocu_isco88_5,cbr_bir_foreign,2004,14.823
cze,sex_t,ocu_isco88_5,cbr_bir_foreign,2005,13.806
cze,sex_t,ocu_isco88_5,cbr_bir_foreign,2006,12.99
cze,sex_t,ocu_isco88_5,cbr_bir_foreign,2007,12.161
cze,sex_t,ocu_isco88_5,cbr_bir_foreign,2008,17.843
cze,sex_t,ocu_isco88_5,cbr_bir_foreign,2009,18.572
cze,sex_t,ocu_isco88_5,cbr_bir_foreign,2010,18.447
cze,sex_t,ocu_isco88_5,cbr_bir_native,2002,584.258
cze,sex_t,ocu_isco88_5,cbr_bir_native,2003,576.657
cze,sex_t,ocu_isco88_5,cbr_bir_native,2004,562.681
cze,sex_t,ocu_isco88_5,cbr_bir_native,2005,560.996
cze,sex_t,ocu_isco88_5,cbr_bir_native,2006,570.652
cze,sex_t,ocu_isco88_5,cbr_bir_native,2007,565.802
cze,sex_t,ocu_isco88_5,cbr_bir_native,2008,561.099
cze,sex_t,ocu_isco88_5,cbr_bir_native,2009,568.828
cze,sex_t,ocu_isco88_5,cbr_bir_native,2010,586.771
cze,sex_t,ocu_isco88_5,cbr_bir_total,2002,596.545
cze,sex_t,ocu_isco88_5,cbr_bir_total,2003,593.898
cze,sex_t,ocu_isco88_5,cbr_bir_total,2004,577.734
cze,sex_t,ocu_isco88_5,cbr_bir_total,2005,575.333
cze,sex_t,ocu_isco88_5,cbr_bir_total,2006,583.814
cze,sex_t,ocu_isco88_5,cbr_bir_total,2007,577.963
cze,sex_t,ocu_isco88_5,cbr_bir_total,2008,578.942
cze,sex_t,ocu_isco88_5,cbr_bir_total,2009,587.4
cze,sex_t,ocu_isco88_5,cbr_bir_total,2010,605.41
cze,sex_t,ocu_isco88_5,cbr_bir_x,2002,0.623
cze,sex_t,ocu_isco88_5,cbr_bir_x,2003,0.633
cze,sex_t,ocu_isco88_5,cbr_bir_x,2004,0.23
cze,sex_t,ocu_isco88_5,cbr_bir_x,2005,0.531
cze,sex_t,ocu_isco88_5,cbr_bir_x,2010,0.192
cze,sex_t,ocu_isco88_6,cbr_bir_foreign,2002,1.155
cze,sex_t,ocu_isco88_6,cbr_bir_foreign,2003,2.753
cze,sex_t,ocu_isco88_6,cbr_bir_foreign,2004,1.983
cze,sex_t,ocu_isco88_6,cbr_bir_foreign,2005,1.135
cze,sex_t,ocu_isco88_6,cbr_bir_foreign,2006,1.574
cze,sex_t,ocu_isco88_6,cbr_bir_foreign,2007,1.639
cze,sex_t,ocu_isco88_6,cbr_bir_foreign,2008,1.823
cze,sex_t,ocu_isco88_6,cbr_bir_foreign,2009,0.473
cze,sex_t,ocu_isco88_6,cbr_bir_foreign,2010,1.123
cze,sex_t,ocu_isco88_6,cbr_bir_native,2002,89.892
cze,sex_t,ocu_isco88_6,cbr_bir_native,2003,85.022
cze,sex_t,ocu_isco88_6,cbr_bir_native,2004,79.558
cze,sex_t,ocu_isco88_6,cbr_bir_native,2005,74.826
cze,sex_t,ocu_isco88_6,cbr_bir_native,2006,72.157
cze,sex_t,ocu_isco88_6,cbr_bir_native,2007,71.644
cze,sex_t,ocu_isco88_6,cbr_bir_native,2008,66.515
cze,sex_t,ocu_isco88_6,cbr_bir_native,2009,62.152
cze,sex_t,ocu_isco88_6,cbr_bir_native,2010,65.675
cze,sex_t,ocu_isco88_6,cbr_bir_total,2002,91.176
cze,sex_t,ocu_isco88_6,cbr_bir_total,2003,87.774
cze,sex_t,ocu_isco88_6,cbr_bir_total,2004,81.541
cze,sex_t,ocu_isco88_6,cbr_bir_total,2005,75.961
cze,sex_t,ocu_isco88_6,cbr_bir_total,2006,73.731
cze,sex_t,ocu_isco88_6,cbr_bir_total,2007,73.284
cze,sex_t,ocu_isco88_6,cbr_bir_total,2008,68.338
cze,sex_t,ocu_isco88_6,cbr_bir_total,2009,62.625
cze,sex_t,ocu_isco88_6,cbr_bir_total,2010,66.798
cze,sex_t,ocu_isco88_7,cbr_bir_foreign,2002,12.576
cze,sex_t,ocu_isco88_7,cbr_bir_foreign,2003,15.488
cze,sex_t,ocu_isco88_7,cbr_bir_foreign,2004,15.281
cze,sex_t,ocu_isco88_7,cbr_bir_foreign,2005,14.213
cze,sex_t,ocu_isco88_7,cbr_bir_foreign,2006,11.729
cze,sex_t,ocu_isco88_7,cbr_bir_foreign,2007,15.451
cze,sex_t,ocu_isco88_7,cbr_bir_foreign,2008,19.951
cze,sex_t,ocu_isco88_7,cbr_bir_foreign,2009,23.401
cze,sex_t,ocu_isco88_7,cbr_bir_foreign,2010,20.863
cze,sex_t,ocu_isco88_7,cbr_bir_native,2002,921.542
cze,sex_t,ocu_isco88_7,cbr_bir_native,2003,910.566
cze,sex_t,ocu_isco88_7,cbr_bir_native,2004,889.324
cze,sex_t,ocu_isco88_7,cbr_bir_native,2005,873.304
cze,sex_t,ocu_isco88_7,cbr_bir_native,2006,866.608
cze,sex_t,ocu_isco88_7,cbr_bir_native,2007,899.367
cze,sex_t,ocu_isco88_7,cbr_bir_native,2008,914.771
cze,sex_t,ocu_isco88_7,cbr_bir_native,2009,846.684
cze,sex_t,ocu_isco88_7,cbr_bir_native,2010,828.277
cze,sex_t,ocu_isco88_7,cbr_bir_total,2002,934.779
cze,sex_t,ocu_isco88_7,cbr_bir_total,2003,926.12
cze,sex_t,ocu_isco88_7,cbr_bir_total,2004,904.903
cze,sex_t,ocu_isco88_7,cbr_bir_total,2005,888.264
cze,sex_t,ocu_isco88_7,cbr_bir_total,2006,878.937
cze,sex_t,ocu_isco88_7,cbr_bir_total,2007,915.138
cze,sex_t,ocu_isco88_7,cbr_bir_total,2008,934.918
cze,sex_t,ocu_isco88_7,cbr_bir_total,2009,870.418
cze,sex_t,ocu_isco88_7,cbr_bir_total,2010,849.14
cze,sex_t,ocu_isco88_7,cbr_bir_x,2002,0.66
cze,sex_t,ocu_isco88_7,cbr_bir_x,2004,0.299
cze,sex_t,ocu_isco88_7,cbr_bir_x,2005,0.747
cze,sex_t,ocu_isco88_7,cbr_bir_x,2006,0.601
cze,sex_t,ocu_isco88_7,cbr_bir_x,2007,0.319
cze,sex_t,ocu_isco88_8,cbr_bir_foreign,2002,12.47
cze,sex_t,ocu_isco88_8,cbr_bir_foreign,2003,12.371
cze,sex_t,ocu_isco88_8,cbr_bir_foreign,2004,12.409
cze,sex_t,ocu_isco88_8,cbr_bir_foreign,2005,10.882
cze,sex_t,ocu_isco88_8,cbr_bir_foreign,2006,14.076
cze,sex_t,ocu_isco88_8,cbr_bir_foreign,2007,17.235
cze,sex_t,ocu_isco88_8,cbr_bir_foreign,2008,19.41
cze,sex_t,ocu_isco88_8,cbr_bir_foreign,2009,17.058
cze,sex_t,ocu_isco88_8,cbr_bir_foreign,2010,22.608
cze,sex_t,ocu_isco88_8,cbr_bir_native,2002,615.405
cze,sex_t,ocu_isco88_8,cbr_bir_native,2003,611.765
cze,sex_t,ocu_isco88_8,cbr_bir_native,2004,618.028
cze,sex_t,ocu_isco88_8,cbr_bir_native,2005,644.151
cze,sex_t,ocu_isco88_8,cbr_bir_native,2006,675.828
cze,sex_t,ocu_isco88_8,cbr_bir_native,2007,664.498
cze,sex_t,ocu_isco88_8,cbr_bir_native,2008,657.261
cze,sex_t,ocu_isco88_8,cbr_bir_native,2009,640.07
cze,sex_t,ocu_isco88_8,cbr_bir_native,2010,646.462
cze,sex_t,ocu_isco88_8,cbr_bir_total,2002,628.228
cze,sex_t,ocu_isco88_8,cbr_bir_total,2003,624.561
cze,sex_t,ocu_isco88_8,cbr_bir_total,2004,630.994
cze,sex_t,ocu_isco88_8,cbr_bir_total,2005,655.349
cze,sex_t,ocu_isco88_8,cbr_bir_total,2006,690.45
cze,sex_t,ocu_isco88_8,cbr_bir_total,2007,681.952
cze,sex_t,ocu_isco88_8,cbr_bir_total,2008,676.733
cze,sex_t,ocu_isco88_8,cbr_bir_total,2009,657.2
cze,sex_t,ocu_isco88_8,cbr_bir_total,2010,669.07
cze,sex_t,ocu_isco88_8,cbr_bir_x,2002,0.352
cze,sex_t,ocu_isco88_8,cbr_bir_x,2003,0.425
cze,sex_t,ocu_isco88_8,cbr_bir_x,2004,0.556
cze,sex_t,ocu_isco88_8,cbr_bir_x,2005,0.316
cze,sex_t,ocu_isco88_8,cbr_bir_x,2006,0.546
cze,sex_t,ocu_isco88_9,cbr_bir_foreign,2002,11.975
cze,sex_t,ocu_isco88_9,cbr_bir_foreign,2003,13.214
cze,sex_t,ocu_isco88_9,cbr_bir_foreign,2004,12.835
cze,sex_t,ocu_isco88_9,cbr_bir_foreign,2005,10.883
cze,sex_t,ocu_isco88_9,cbr_bir_foreign,2006,11.004
cze,sex_t,ocu_isco88_9,cbr_bir_foreign,2007,11.594
cze,sex_t,ocu_isco88_9,cbr_bir_foreign,2008,15.614
cze,sex_t,ocu_isco88_9,cbr_bir_foreign,2009,16.218
cze,sex_t,ocu_isco88_9,cbr_bir_foreign,2010,16.454
cze,sex_t,ocu_isco88_9,cbr_bir_native,2002,353.359
cze,sex_t,ocu_isco88_9,cbr_bir_native,2003,346.76
cze,sex_t,ocu_isco88_9,cbr_bir_native,2004,335.278
cze,sex_t,ocu_isco88_9,cbr_bir_native,2005,334.018
cze,sex_t,ocu_isco88_9,cbr_bir_native,2006,339.804
cze,sex_t,ocu_isco88_9,cbr_bir_native,2007,333.247
cze,sex_t,ocu_isco88_9,cbr_bir_native,2008,332.953
cze,sex_t,ocu_isco88_9,cbr_bir_native,2009,310.894
cze,sex_t,ocu_isco88_9,cbr_bir_native,2010,290.136
cze,sex_t,ocu_isco88_9,cbr_bir_total,2002,366.025
cze,sex_t,ocu_isco88_9,cbr_bir_total,2003,360.817
cze,sex_t,ocu_isco88_9,cbr_bir_total,2004,348.304
cze,sex_t,ocu_isco88_9,cbr_bir_total,2005,344.902
cze,sex_t,ocu_isco88_9,cbr_bir_total,2006,350.808
cze,sex_t,ocu_isco88_9,cbr_bir_total,2007,344.841
cze,sex_t,ocu_isco88_9,cbr_bir_total,2008,348.567
cze,sex_t,ocu_isco88_9,cbr_bir_total,2009,327.235
cze,sex_t,ocu_isco88_9,cbr_bir_total,2010,306.698
cze,sex_t,ocu_isco88_9,cbr_bir_x,2002,0.692
cze,sex_t,ocu_isco88_9,cbr_bir_x,2003,0.843
cze,sex_t,ocu_isco88_total,cbr_bir_foreign,2002,85.075
cze,sex_t,ocu_isco88_total,cbr_bir_foreign,2003,98.961
cze,sex_t,ocu_isco88_total,cbr_bir_foreign,2004,94.698
cze,sex_t,ocu_isco88_total,cbr_bir_foreign,2005,86.639
cze,sex_t,ocu_isco88_total,cbr_bir_foreign,2006,86.175
cze,sex_t,ocu_isco88_total,cbr_bir_foreign,2007,95.865
cze,sex_t,ocu_isco88_total,cbr_bir_foreign,2008,124.59
cze,sex_t,ocu_isco88_total,cbr_bir_foreign,2009,137.668
cze,sex_t,ocu_isco88_total,cbr_bir_foreign,2010,137.561
cze,sex_t,ocu_isco88_total,cbr_bir_native,2002,4673.872
cze,sex_t,ocu_isco88_total,cbr_bir_native,2003,4629.163
cze,sex_t,ocu_isco88_total,cbr_bir_native,2004,4609.31
cze,sex_t,ocu_isco88_total,cbr_bir_native,2005,4674.292
cze,sex_t,ocu_isco88_total,cbr_bir_native,2006,4739.625
cze,sex_t,ocu_isco88_total,cbr_bir_native,2007,4824.671
cze,sex_t,ocu_isco88_total,cbr_bir_native,2008,4877.489
cze,sex_t,ocu_isco88_total,cbr_bir_native,2009,4795.555
cze,sex_t,ocu_isco88_total,cbr_bir_native,2010,4747.139
cze,sex_t,ocu_isco88_total,cbr_bir_total,2002,4764.915
cze,sex_t,ocu_isco88_total,cbr_bir_total,2003,4733.182
cze,sex_t,ocu_isco88_total,cbr_bir_total,2004,4706.627
cze,sex_t,ocu_isco88_total,cbr_bir_total,2005,4764.016
cze,sex_t,ocu_isco88_total,cbr_bir_total,2006,4828.065
cze,sex_t,ocu_isco88_total,cbr_bir_total,2007,4921.993
cze,sex_t,ocu_isco88_total,cbr_bir_total,2008,5002.497
cze,sex_t,ocu_isco88_total,cbr_bir_total,2009,4934.268
cze,sex_t,ocu_isco88_total,cbr_bir_total,2010,4885.239
cze,sex_t,ocu_isco88_total,cbr_bir_x,2002,5.968
cze,sex_t,ocu_isco88_total,cbr_bir_x,2003,5.058
cze,sex_t,ocu_isco88_total,cbr_bir_x,2004,2.619
cze,sex_t,ocu_isco88_total,cbr_bir_x,2005,3.084
cze,sex_t,ocu_isco88_total,cbr_bir_x,2006,2.264
cze,sex_t,ocu_isco88_total,cbr_bir_x,2007,1.457
cze,sex_t,ocu_isco88_total,cbr_bir_x,2008,0.418
cze,sex_t,ocu_isco88_total,cbr_bir_x,2009,1.045
cze,sex_t,ocu_isco88_total,cbr_bir_x,2010,0.539
cze,sex_t,ocu_isco88_x,cbr_bir_native,2002,6.153
cze,sex_t,ocu_isco88_x,cbr_bir_native,2003,1.741
cze,sex_t,ocu_isco88_x,cbr_bir_native,2004,2.37
cze,sex_t,ocu_isco88_x,cbr_bir_native,2005,2.438
cze,sex_t,ocu_isco88_x,cbr_bir_native,2006,0.785
cze,sex_t,ocu_isco88_x,cbr_bir_native,2007,0.745
cze,sex_t,ocu_isco88_x,cbr_bir_native,2008,0.607
cze,sex_t,ocu_isco88_x,cbr_bir_native,2009,0.502
cze,sex_t,ocu_isco88_x,cbr_bir_native,2010,0.928
cze,sex_t,ocu_isco88_x,cbr_bir_total,2002,6.459
cze,sex_t,ocu_isco88_x,cbr_bir_total,2003,1.77
cze,sex_t,ocu_isco88_x,cbr_bir_total,2004,2.37
cze,sex_t,ocu_isco88_x,cbr_bir_total,2005,2.438
cze,sex_t,ocu_isco88_x,cbr_bir_total,2006,0.785
cze,sex_t,ocu_isco88_x,cbr_bir_total,2007,0.745
cze,sex_t,ocu_isco88_x,cbr_bir_total,2008,0.607
cze,sex_t,ocu_isco88_x,cbr_bir_total,2009,0.502
cze,sex_t,ocu_isco88_x,cbr_bir_total,2010,0.928
cze,sex_t,ocu_skill_l1,cbr_bir_foreign,2002,11.975
cze,sex_t,ocu_skill_l1,cbr_bir_foreign,2003,13.214
cze,sex_t,ocu_skill_l1,cbr_bir_foreign,2004,12.835
cze,sex_t,ocu_skill_l1,cbr_bir_foreign,2005,10.883
cze,sex_t,ocu_skill_l1,cbr_bir_foreign,2006,11.004
cze,sex_t,ocu_skill_l1,cbr_bir_foreign,2007,11.594
cze,sex_t,ocu_skill_l1,cbr_bir_foreign,2008,15.614
cze,sex_t,ocu_skill_l1,cbr_bir_foreign,2009,16.218
cze,sex_t,ocu_skill_l1,cbr_bir_foreign,2010,16.454
cze,sex_t,ocu_skill_l1,cbr_bir_foreign,2011,11.213
cze,sex_t,ocu_skill_l1,cbr_bir_foreign,2012,12.183
cze,sex_t,ocu_skill_l1,cbr_bir_foreign,2013,12.501
cze,sex_t,ocu_skill_l1,cbr_bir_foreign,2014,16.371
cze,sex_t,ocu_skill_l1,cbr_bir_foreign,2015,18.313
cze,sex_t,ocu_skill_l1,cbr_bir_foreign,2016,15.394
cze,sex_t,ocu_skill_l1,cbr_bir_foreign,2017,14.448
cze,sex_t,ocu_skill_l1,cbr_bir_foreign,2018,20.924
cze,sex_t,ocu_skill_l1,cbr_bir_foreign,2019,25.066
cze,sex_t,ocu_skill_l1,cbr_bir_foreign,2020,24.54
cze,sex_t,ocu_skill_l1,cbr_bir_foreign,2021,24.784
cze,sex_t,ocu_skill_l1,cbr_bir_foreign,2022,30.817
cze,sex_t,ocu_skill_l1,cbr_bir_foreign,2023,28.874
cze,sex_t,ocu_skill_l1,cbr_bir_native,2002,353.359
cze,sex_t,ocu_skill_l1,cbr_bir_native,2003,346.76
cze,sex_t,ocu_skill_l1,cbr_bir_native,2004,335.278
cze,sex_t,ocu_skill_l1,cbr_bir_native,2005,334.018
cze,sex_t,ocu_skill_l1,cbr_bir_native,2006,339.804
cze,sex_t,ocu_skill_l1,cbr_bir_native,2007,333.247
cze,sex_t,ocu_skill_l1,cbr_bir_native,2008,332.953
cze,sex_t,ocu_skill_l1,cbr_bir_native,2009,310.894
cze,sex_t,ocu_skill_l1,cbr_bir_native,2010,290.136
cze,sex_t,ocu_skill_l1,cbr_bir_native,2011,252.197
cze,sex_t,ocu_skill_l1,cbr_bir_native,2012,248.725
cze,sex_t,ocu_skill_l1,cbr_bir_native,2013,262.339
cze,sex_t,ocu_skill_l1,cbr_bir_native,2014,253.758
cze,sex_t,ocu_skill_l1,cbr_bir_native,2015,262.223
cze,sex_t,ocu_skill_l1,cbr_bir_native,2016,268.922
cze,sex_t,ocu_skill_l1,cbr_bir_native,2017,262.281
cze,sex_t,ocu_skill_l1,cbr_bir_native,2018,266.171
cze,sex_t,ocu_skill_l1,cbr_bir_native,2019,298.301
cze,sex_t,ocu_skill_l1,cbr_bir_native,2020,292.14
cze,sex_t,ocu_skill_l1,cbr_bir_native,2021,269.041
cze,sex_t,ocu_skill_l1,cbr_bir_native,2022,264.612
cze,sex_t,ocu_skill_l1,cbr_bir_native,2023,235.498
cze,sex_t,ocu_skill_l1,cbr_bir_total,2002,366.025
cze,sex_t,ocu_skill_l1,cbr_bir_total,2003,360.817
cze,sex_t,ocu_skill_l1,cbr_bir_total,2004,348.304
cze,sex_t,ocu_skill_l1,cbr_bir_total,2005,344.902
cze,sex_t,ocu_skill_l1,cbr_bir_total,2006,350.808
cze,sex_t,ocu_skill_l1,cbr_bir_total,2007,344.841
cze,sex_t,ocu_skill_l1,cbr_bir_total,2008,348.567
cze,sex_t,ocu_skill_l1,cbr_bir_total,2009,327.235
cze,sex_t,ocu_skill_l1,cbr_bir_total,2010,306.698
cze,sex_t,ocu_skill_l1,cbr_bir_total,2011,263.41
cze,sex_t,ocu_skill_l1,cbr_bir_total,2012,260.908
cze,sex_t,ocu_skill_l1,cbr_bir_total,2013,274.84
cze,sex_t,ocu_skill_l1,cbr_bir_total,2014,270.128
cze,sex_t,ocu_skill_l1,cbr_bir_total,2015,280.536
cze,sex_t,ocu_skill_l1,cbr_bir_total,2016,284.316
cze,sex_t,ocu_skill_l1,cbr_bir_total,2017,276.729
cze,sex_t,ocu_skill_l1,cbr_bir_total,2018,287.094
cze,sex_t,ocu_skill_l1,cbr_bir_total,2019,323.367
cze,sex_t,ocu_skill_l1,cbr_bir_total,2020,316.68
cze,sex_t,ocu_skill_l1,cbr_bir_total,2021,293.825
cze,sex_t,ocu_skill_l1,cbr_bir_total,2022,295.429
cze,sex_t,ocu_skill_l1,cbr_bir_total,2023,264.372
cze,sex_t,ocu_skill_l1,cbr_bir_x,2002,0.692
cze,sex_t,ocu_skill_l1,cbr_bir_x,2003,0.843
cze,sex_t,ocu_skill_l2,cbr_bir_foreign,2002,42.976
cze,sex_t,ocu_skill_l2,cbr_bir_foreign,2003,53.011
cze,sex_t,ocu_skill_l2,cbr_bir_foreign,2004,48.621
cze,sex_t,ocu_skill_l2,cbr_bir_foreign,2005,43.607
cze,sex_t,ocu_skill_l2,cbr_bir_foreign,2006,44.151
cze,sex_t,ocu_skill_l2,cbr_bir_foreign,2007,50.574
cze,sex_t,ocu_skill_l2,cbr_bir_foreign,2008,65.104
cze,sex_t,ocu_skill_l2,cbr_bir_foreign,2009,66.122
cze,sex_t,ocu_skill_l2,cbr_bir_foreign,2010,70.011
cze,sex_t,ocu_skill_l2,cbr_bir_foreign,2011,74.786
cze,sex_t,ocu_skill_l2,cbr_bir_foreign,2012,77.768
cze,sex_t,ocu_skill_l2,cbr_bir_foreign,2013,84.257
cze,sex_t,ocu_skill_l2,cbr_bir_foreign,2014,88.621
cze,sex_t,ocu_skill_l2,cbr_bir_foreign,2015,97.365
cze,sex_t,ocu_skill_l2,cbr_bir_foreign,2016,88.052
cze,sex_t,ocu_skill_l2,cbr_bir_foreign,2017,109.936
cze,sex_t,ocu_skill_l2,cbr_bir_foreign,2018,122.733
cze,sex_t,ocu_skill_l2,cbr_bir_foreign,2019,122.05
cze,sex_t,ocu_skill_l2,cbr_bir_foreign,2020,120.043
cze,sex_t,ocu_skill_l2,cbr_bir_foreign,2021,131.847
cze,sex_t,ocu_skill_l2,cbr_bir_foreign,2022,161.524
cze,sex_t,ocu_skill_l2,cbr_bir_foreign,2023,177.029
cze,sex_t,ocu_skill_l2,cbr_bir_native,2002,2610.939
cze,sex_t,ocu_skill_l2,cbr_bir_native,2003,2558.241
cze,sex_t,ocu_skill_l2,cbr_bir_native,2004,2518.615
cze,sex_t,ocu_skill_l2,cbr_bir_native,2005,2507.075
cze,sex_t,ocu_skill_l2,cbr_bir_native,2006,2519.741
cze,sex_t,ocu_skill_l2,cbr_bir_native,2007,2540.72
cze,sex_t,ocu_skill_l2,cbr_bir_native,2008,2546.74
cze,sex_t,ocu_skill_l2,cbr_bir_native,2009,2473.825
cze,sex_t,ocu_skill_l2,cbr_bir_native,2010,2504.886
cze,sex_t,ocu_skill_l2,cbr_bir_native,2011,2729.622
cze,sex_t,ocu_skill_l2,cbr_bir_native,2012,2709.215
cze,sex_t,ocu_skill_l2,cbr_bir_native,2013,2694.894
cze,sex_t,ocu_skill_l2,cbr_bir_native,2014,2714.926
cze,sex_t,ocu_skill_l2,cbr_bir_native,2015,2754.219
cze,sex_t,ocu_skill_l2,cbr_bir_native,2016,2811.013
cze,sex_t,ocu_skill_l2,cbr_bir_native,2017,2834.023
cze,sex_t,ocu_skill_l2,cbr_bir_native,2018,2856.726
cze,sex_t,ocu_skill_l2,cbr_bir_native,2019,2839.265
cze,sex_t,ocu_skill_l2,cbr_bir_native,2020,2745.254
cze,sex_t,ocu_skill_l2,cbr_bir_native,2021,2657.366
cze,sex_t,ocu_skill_l2,cbr_bir_native,2022,2651.868
cze,sex_t,ocu_skill_l2,cbr_bir_native,2023,2517.588
cze,sex_t,ocu_skill_l2,cbr_bir_total,2002,2655.799
cze,sex_t,ocu_skill_l2,cbr_bir_total,2003,2612.404
cze,sex_t,ocu_skill_l2,cbr_bir_total,2004,2568.398
cze,sex_t,ocu_skill_l2,cbr_bir_total,2005,2552.606
cze,sex_t,ocu_skill_l2,cbr_bir_total,2006,2565.571
cze,sex_t,ocu_skill_l2,cbr_bir_total,2007,2592.125
cze,sex_t,ocu_skill_l2,cbr_bir_total,2008,2612.101
cze,sex_t,ocu_skill_l2,cbr_bir_total,2009,2540.352
cze,sex_t,ocu_skill_l2,cbr_bir_total,2010,2575.088
cze,sex_t,ocu_skill_l2,cbr_bir_total,2011,2804.436
cze,sex_t,ocu_skill_l2,cbr_bir_total,2012,2787.214
cze,sex_t,ocu_skill_l2,cbr_bir_total,2013,2779.218
cze,sex_t,ocu_skill_l2,cbr_bir_total,2014,2803.547
cze,sex_t,ocu_skill_l2,cbr_bir_total,2015,2851.585
cze,sex_t,ocu_skill_l2,cbr_bir_total,2016,2899.109
cze,sex_t,ocu_skill_l2,cbr_bir_total,2017,2944.369
cze,sex_t,ocu_skill_l2,cbr_bir_total,2018,2979.806
cze,sex_t,ocu_skill_l2,cbr_bir_total,2019,2961.554
cze,sex_t,ocu_skill_l2,cbr_bir_total,2020,2865.489
cze,sex_t,ocu_skill_l2,cbr_bir_total,2021,2789.43
cze,sex_t,ocu_skill_l2,cbr_bir_total,2022,2813.392
cze,sex_t,ocu_skill_l2,cbr_bir_total,2023,2694.616
cze,sex_t,ocu_skill_l2,cbr_bir_x,2002,1.884
cze,sex_t,ocu_skill_l2,cbr_bir_x,2003,1.152
cze,sex_t,ocu_skill_l2,cbr_bir_x,2004,1.162
cze,sex_t,ocu_skill_l2,cbr_bir_x,2005,1.924
cze,sex_t,ocu_skill_l2,cbr_bir_x,2006,1.679
cze,sex_t,ocu_skill_l2,cbr_bir_x,2007,0.831
cze,sex_t,ocu_skill_l2,cbr_bir_x,2010,0.192
cze,sex_t,ocu_skill_l2,cbr_bir_x,2017,0.41
cze,sex_t,ocu_skill_l3_4,cbr_bir_foreign,2002,29.469
cze,sex_t,ocu_skill_l3_4,cbr_bir_foreign,2003,31.87
cze,sex_t,ocu_skill_l3_4,cbr_bir_foreign,2004,32.819
cze,sex_t,ocu_skill_l3_4,cbr_bir_foreign,2005,31.838
cze,sex_t,ocu_skill_l3_4,cbr_bir_foreign,2006,30.651
cze,sex_t,ocu_skill_l3_4,cbr_bir_foreign,2007,33.608
cze,sex_t,ocu_skill_l3_4,cbr_bir_foreign,2008,43.535
cze,sex_t,ocu_skill_l3_4,cbr_bir_foreign,2009,54.734
cze,sex_t,ocu_skill_l3_4,cbr_bir_foreign,2010,50.303
cze,sex_t,ocu_skill_l3_4,cbr_bir_foreign,2011,50.048
cze,sex_t,ocu_skill_l3_4,cbr_bir_foreign,2012,53.326
cze,sex_t,ocu_skill_l3_4,cbr_bir_foreign,2013,56.582
cze,sex_t,ocu_skill_l3_4,cbr_bir_foreign,2014,61.466
cze,sex_t,ocu_skill_l3_4,cbr_bir_foreign,2015,64.359
cze,sex_t,ocu_skill_l3_4,cbr_bir_foreign,2016,67.536
cze,sex_t,ocu_skill_l3_4,cbr_bir_foreign,2017,76.488
cze,sex_t,ocu_skill_l3_4,cbr_bir_foreign,2018,68.952
cze,sex_t,ocu_skill_l3_4,cbr_bir_foreign,2019,77.354
cze,sex_t,ocu_skill_l3_4,cbr_bir_foreign,2020,85.796
cze,sex_t,ocu_skill_l3_4,cbr_bir_foreign,2021,94.071
cze,sex_t,ocu_skill_l3_4,cbr_bir_foreign,2022,94.967
cze,sex_t,ocu_skill_l3_4,cbr_bir_foreign,2023,92.851
cze,sex_t,ocu_skill_l3_4,cbr_bir_native,2002,1668.866
cze,sex_t,ocu_skill_l3_4,cbr_bir_native,2003,1687.628
cze,sex_t,ocu_skill_l3_4,cbr_bir_native,2004,1730.811
cze,sex_t,ocu_skill_l3_4,cbr_bir_native,2005,1816.31
cze,sex_t,ocu_skill_l3_4,cbr_bir_native,2006,1862.865
cze,sex_t,ocu_skill_l3_4,cbr_bir_native,2007,1935.804
cze,sex_t,ocu_skill_l3_4,cbr_bir_native,2008,1981.422
cze,sex_t,ocu_skill_l3_4,cbr_bir_native,2009,1996.38
cze,sex_t,ocu_skill_l3_4,cbr_bir_native,2010,1937.203
cze,sex_t,ocu_skill_l3_4,cbr_bir_native,2011,1753.073
cze,sex_t,ocu_skill_l3_4,cbr_bir_native,2012,1787.954
cze,sex_t,ocu_skill_l3_4,cbr_bir_native,2013,1826.444
cze,sex_t,ocu_skill_l3_4,cbr_bir_native,2014,1838.712
cze,sex_t,ocu_skill_l3_4,cbr_bir_native,2015,1844.41
cze,sex_t,ocu_skill_l3_4,cbr_bir_native,2016,1886.853
cze,sex_t,ocu_skill_l3_4,cbr_bir_native,2017,1922.777
cze,sex_t,ocu_skill_l3_4,cbr_bir_native,2018,1957.451
cze,sex_t,ocu_skill_l3_4,cbr_bir_native,2019,1939.369
cze,sex_t,ocu_skill_l3_4,cbr_bir_native,2020,1963.48
cze,sex_t,ocu_skill_l3_4,cbr_bir_native,2021,2033.504
cze,sex_t,ocu_skill_l3_4,cbr_bir_native,2022,1962.338
cze,sex_t,ocu_skill_l3_4,cbr_bir_native,2023,1985.417
cze,sex_t,ocu_skill_l3_4,cbr_bir_total,2002,1701.726
cze,sex_t,ocu_skill_l3_4,cbr_bir_total,2003,1722.533
cze,sex_t,ocu_skill_l3_4,cbr_bir_total,2004,1764.896
cze,sex_t,ocu_skill_l3_4,cbr_bir_total,2005,1849.309
cze,sex_t,ocu_skill_l3_4,cbr_bir_total,2006,1894.102
cze,sex_t,ocu_skill_l3_4,cbr_bir_total,2007,1970.038
cze,sex_t,ocu_skill_l3_4,cbr_bir_total,2008,2025.118
cze,sex_t,ocu_skill_l3_4,cbr_bir_total,2009,2051.632
cze,sex_t,ocu_skill_l3_4,cbr_bir_total,2010,1987.744
cze,sex_t,ocu_skill_l3_4,cbr_bir_total,2011,1803.573
cze,sex_t,ocu_skill_l3_4,cbr_bir_total,2012,1841.856
cze,sex_t,ocu_skill_l3_4,cbr_bir_total,2013,1883.026
cze,sex_t,ocu_skill_l3_4,cbr_bir_total,2014,1900.549
cze,sex_t,ocu_skill_l3_4,cbr_bir_total,2015,1908.981
cze,sex_t,ocu_skill_l3_4,cbr_bir_total,2016,1954.389
cze,sex_t,ocu_skill_l3_4,cbr_bir_total,2017,1999.452
cze,sex_t,ocu_skill_l3_4,cbr_bir_total,2018,2026.672
cze,sex_t,ocu_skill_l3_4,cbr_bir_total,2019,2017.068
cze,sex_t,ocu_skill_l3_4,cbr_bir_total,2020,2049.363
cze,sex_t,ocu_skill_l3_4,cbr_bir_total,2021,2127.93
cze,sex_t,ocu_skill_l3_4,cbr_bir_total,2022,2057.48
cze,sex_t,ocu_skill_l3_4,cbr_bir_total,2023,2078.269
cze,sex_t,ocu_skill_l3_4,cbr_bir_x,2002,3.392
cze,sex_t,ocu_skill_l3_4,cbr_bir_x,2003,3.035
cze,sex_t,ocu_skill_l3_4,cbr_bir_x,2004,1.265
cze,sex_t,ocu_skill_l3_4,cbr_bir_x,2005,1.16
cze,sex_t,ocu_skill_l3_4,cbr_bir_x,2006,0.585
cze,sex_t,ocu_skill_l3_4,cbr_bir_x,2007,0.626
cze,sex_t,ocu_skill_l3_4,cbr_bir_x,2008,0.16
cze,sex_t,ocu_skill_l3_4,cbr_bir_x,2009,0.518
cze,sex_t,ocu_skill_l3_4,cbr_bir_x,2010,0.239
cze,sex_t,ocu_skill_l3_4,cbr_bir_x,2011,0.451
cze,sex_t,ocu_skill_l3_4,cbr_bir_x,2012,0.576
cze,sex_t,ocu_skill_l3_4,cbr_bir_x,2021,0.355
cze,sex_t,ocu_skill_total,cbr_bir_foreign,2002,85.075
cze,sex_t,ocu_skill_total,cbr_bir_foreign,2003,98.961
cze,sex_t,ocu_skill_total,cbr_bir_foreign,2004,94.698
cze,sex_t,ocu_skill_total,cbr_bir_foreign,2005,86.639
cze,sex_t,ocu_skill_total,cbr_bir_foreign,2006,86.175
cze,sex_t,ocu_skill_total,cbr_bir_foreign,2007,95.865
cze,sex_t,ocu_skill_total,cbr_bir_foreign,2008,124.59
cze,sex_t,ocu_skill_total,cbr_bir_foreign,2009,137.668
cze,sex_t,ocu_skill_total,cbr_bir_foreign,2010,137.561
cze,sex_t,ocu_skill_total,cbr_bir_foreign,2011,136.094
cze,sex_t,ocu_skill_total,cbr_bir_foreign,2012,143.277
cze,sex_t,ocu_skill_total,cbr_bir_foreign,2013,153.34
cze,sex_t,ocu_skill_total,cbr_bir_foreign,2014,166.458
cze,sex_t,ocu_skill_total,cbr_bir_foreign,2015,180.037
cze,sex_t,ocu_skill_total,cbr_bir_foreign,2016,170.983
cze,sex_t,ocu_skill_total,cbr_bir_foreign,2017,200.872
cze,sex_t,ocu_skill_total,cbr_bir_foreign,2018,212.609
cze,sex_t,ocu_skill_total,cbr_bir_foreign,2019,224.47
cze,sex_t,ocu_skill_total,cbr_bir_foreign,2020,230.379
cze,sex_t,ocu_skill_total,cbr_bir_foreign,2021,251.378
cze,sex_t,ocu_skill_total,cbr_bir_foreign,2022,287.63
cze,sex_t,ocu_skill_total,cbr_bir_foreign,2023,300.517
cze,sex_t,ocu_skill_total,cbr_bir_native,2002,4673.872
cze,sex_t,ocu_skill_total,cbr_bir_native,2003,4629.163
cze,sex_t,ocu_skill_total,cbr_bir_native,2004,4609.31
cze,sex_t,ocu_skill_total,cbr_bir_native,2005,4674.292
cze,sex_t,ocu_skill_total,cbr_bir_native,2006,4739.625
cze,sex_t,ocu_skill_total,cbr_bir_native,2007,4824.671
cze,sex_t,ocu_skill_total,cbr_bir_native,2008,4877.489
cze,sex_t,ocu_skill_total,cbr_bir_native,2009,4795.555
cze,sex_t,ocu_skill_total,cbr_bir_native,2010,4747.139
cze,sex_t,ocu_skill_total,cbr_bir_native,2011,4735.833
cze,sex_t,ocu_skill_total,cbr_bir_native,2012,4745.97
cze,sex_t,ocu_skill_total,cbr_bir_native,2013,4783.676
cze,sex_t,ocu_skill_total,cbr_bir_native,2014,4807.466
cze,sex_t,ocu_skill_total,cbr_bir_native,2015,4861.653
cze,sex_t,ocu_skill_total,cbr_bir_native,2016,4967.551
cze,sex_t,ocu_skill_total,cbr_bir_native,2017,5020.136
cze,sex_t,ocu_skill_total,cbr_bir_native,2018,5080.564
cze,sex_t,ocu_skill_total,cbr_bir_native,2019,5078.042
cze,sex_t,ocu_skill_total,cbr_bir_native,2020,5004.487
cze,sex_t,ocu_skill_total,cbr_bir_native,2021,4967.02
cze,sex_t,ocu_skill_total,cbr_bir_native,2022,4881.516
cze,sex_t,ocu_skill_total,cbr_bir_native,2023,4760.329
cze,sex_t,ocu_skill_total,cbr_bir_total,2002,4764.915
cze,sex_t,ocu_skill_total,cbr_bir_total,2003,4733.182
cze,sex_t,ocu_skill_total,cbr_bir_total,2004,4706.627
cze,sex_t,ocu_skill_total,cbr_bir_total,2005,4764.016
cze,sex_t,ocu_skill_total,cbr_bir_total,2006,4828.065
cze,sex_t,ocu_skill_total,cbr_bir_total,2007,4921.993
cze,sex_t,ocu_skill_total,cbr_bir_total,2008,5002.497
cze,sex_t,ocu_skill_total,cbr_bir_total,2009,4934.268
cze,sex_t,ocu_skill_total,cbr_bir_total,2010,4885.239
cze,sex_t,ocu_skill_total,cbr_bir_total,2011,4872.406
cze,sex_t,ocu_skill_total,cbr_bir_total,2012,4890.053
cze,sex_t,ocu_skill_total,cbr_bir_total,2013,4937.084
cze,sex_t,ocu_skill_total,cbr_bir_total,2014,4974.295
cze,sex_t,ocu_skill_total,cbr_bir_total,2015,5041.903
cze,sex_t,ocu_skill_total,cbr_bir_total,2016,5138.578
cze,sex_t,ocu_skill_total,cbr_bir_total,2017,5221.605
cze,sex_t,ocu_skill_total,cbr_bir_total,2018,5293.789
cze,sex_t,ocu_skill_total,cbr_bir_total,2019,5303.096
cze,sex_t,ocu_skill_total,cbr_bir_total,2020,5235.144
cze,sex_t,ocu_skill_total,cbr_bir_total,2021,5218.97
cze,sex_t,ocu_skill_total,cbr_bir_total,2022,5169.322
cze,sex_t,ocu_skill_total,cbr_bir_total,2023,5060.846
cze,sex_t,ocu_skill_total,cbr_bir_x,2002,5.968
cze,sex_t,ocu_skill_total,cbr_bir_x,2003,5.058
cze,sex_t,ocu_skill_total,cbr_bir_x,2004,2.619
cze,sex_t,ocu_skill_total,cbr_bir_x,2005,3.084
cze,sex_t,ocu_skill_total,cbr_bir_x,2006,2.264
cze,sex_t,ocu_skill_total,cbr_bir_x,2007,1.457
cze,sex_t,ocu_skill_total,cbr_bir_x,2008,0.418
cze,sex_t,ocu_skill_total,cbr_bir_x,2009,1.045
cze,sex_t,ocu_skill_total,cbr_bir_x,2010,0.539
cze,sex_t,ocu_skill_total,cbr_bir_x,2011,0.48
cze,sex_t,ocu_skill_total,cbr_bir_x,2012,0.806
cze,sex_t,ocu_skill_total,cbr_bir_x,2017,0.597
cze,sex_t,ocu_skill_total,cbr_bir_x,2018,0.616
cze,sex_t,ocu_skill_total,cbr_bir_x,2019,0.584
cze,sex_t,ocu_skill_total,cbr_bir_x,2020,0.277
cze,sex_t,ocu_skill_total,cbr_bir_x,2021,0.572
cze,sex_t,ocu_skill_x,cbr_bir_foreign,2002,0.656
cze,sex_t,ocu_skill_x,cbr_bir_foreign,2003,0.865
cze,sex_t,ocu_skill_x,cbr_bir_foreign,2004,0.423
cze,sex_t,ocu_skill_x,cbr_bir_foreign,2005,0.31
cze,sex_t,ocu_skill_x,cbr_bir_foreign,2006,0.369
cze,sex_t,ocu_skill_x,cbr_bir_foreign,2008,0.338
cze,sex_t,ocu_skill_x,cbr_bir_foreign,2009,0.593
cze,sex_t,ocu_skill_x,cbr_bir_foreign,2010,0.795
cze,sex_t,ocu_skill_x,cbr_bir_foreign,2021,0.677
cze,sex_t,ocu_skill_x,cbr_bir_foreign,2023,1.763
cze,sex_t,ocu_skill_x,cbr_bir_native,2002,40.709
cze,sex_t,ocu_skill_x,cbr_bir_native,2003,36.534
cze,sex_t,ocu_skill_x,cbr_bir_native,2004,24.606
cze,sex_t,ocu_skill_x,cbr_bir_native,2005,16.888
cze,sex_t,ocu_skill_x,cbr_bir_native,2006,17.215
cze,sex_t,ocu_skill_x,cbr_bir_native,2007,14.9
cze,sex_t,ocu_skill_x,cbr_bir_native,2008,16.373
cze,sex_t,ocu_skill_x,cbr_bir_native,2009,14.456
cze,sex_t,ocu_skill_x,cbr_bir_native,2010,14.914
cze,sex_t,ocu_skill_x,cbr_bir_native,2011,0.94
cze,sex_t,ocu_skill_x,cbr_bir_native,2015,0.801
cze,sex_t,ocu_skill_x,cbr_bir_native,2016,0.763
cze,sex_t,ocu_skill_x,cbr_bir_native,2017,1.055
cze,sex_t,ocu_skill_x,cbr_bir_native,2019,1.107
cze,sex_t,ocu_skill_x,cbr_bir_native,2020,3.612
cze,sex_t,ocu_skill_x,cbr_bir_native,2021,7.109
cze,sex_t,ocu_skill_x,cbr_bir_native,2022,2.698
cze,sex_t,ocu_skill_x,cbr_bir_native,2023,21.826
cze,sex_t,ocu_skill_x,cbr_bir_total,2002,41.365
cze,sex_t,ocu_skill_x,cbr_bir_total,2003,37.428
cze,sex_t,ocu_skill_x,cbr_bir_total,2004,25.029
cze,sex_t,ocu_skill_x,cbr_bir_total,2005,17.199
cze,sex_t,ocu_skill_x,cbr_bir_total,2006,17.585
cze,sex_t,ocu_skill_x,cbr_bir_total,2007,14.989
cze,sex_t,ocu_skill_x,cbr_bir_total,2008,16.711
cze,sex_t,ocu_skill_x,cbr_bir_total,2009,15.049
cze,sex_t,ocu_skill_x,cbr_bir_total,2010,15.709
cze,sex_t,ocu_skill_x,cbr_bir_total,2011,0.987
cze,sex_t,ocu_skill_x,cbr_bir_total,2015,0.801
cze,sex_t,ocu_skill_x,cbr_bir_total,2016,0.763
cze,sex_t,ocu_skill_x,cbr_bir_total,2017,1.055
cze,sex_t,ocu_skill_x,cbr_bir_total,2019,1.107
cze,sex_t,ocu_skill_x,cbr_bir_total,2020,3.612
cze,sex_t,ocu_skill_x,cbr_bir_total,2021,7.785
cze,sex_t,ocu_skill_x,cbr_bir_total,2022,3.021
cze,sex_t,ocu_skill_x,cbr_bir_total,2023,23.589
