ref_area,sex,classif1,classif2,time,how_xees_sex_ocu_mts_nb
pry,sex_f,ocu_isco08_1,mts_aggregate_1,1998,47.87
pry,sex_f,ocu_isco08_1,mts_aggregate_1,1999,43.41
pry,sex_f,ocu_isco08_1,mts_aggregate_1,2002,39.45
pry,sex_f,ocu_isco08_1,mts_aggregate_1,2003,42.46
pry,sex_f,ocu_isco08_1,mts_aggregate_1,2004,59.85
pry,sex_f,ocu_isco08_1,mts_aggregate_1,2005,47.73
pry,sex_f,ocu_isco08_1,mts_aggregate_1,2006,44.69
pry,sex_f,ocu_isco08_1,mts_aggregate_1,2007,43.44
pry,sex_f,ocu_isco08_1,mts_aggregate_1,2008,44.27
pry,sex_f,ocu_isco08_1,mts_aggregate_1,2009,45.79
pry,sex_f,ocu_isco08_1,mts_aggregate_1,2010,44.33
pry,sex_f,ocu_isco08_1,mts_aggregate_1,2011,47.08
pry,sex_f,ocu_isco08_1,mts_aggregate_1,2012,48.7
pry,sex_f,ocu_isco08_1,mts_aggregate_1,2013,43.43
pry,sex_f,ocu_isco08_1,mts_aggregate_1,2014,41.81
pry,sex_f,ocu_isco08_1,mts_aggregate_1,2015,48.07
pry,sex_f,ocu_isco08_1,mts_aggregate_1,2016,48.93
pry,sex_f,ocu_isco08_1,mts_aggregate_1,2017,44.32
pry,sex_f,ocu_isco08_1,mts_aggregate_1,2018,43.3
pry,sex_f,ocu_isco08_1,mts_aggregate_1,2019,44.36
pry,sex_f,ocu_isco08_1,mts_aggregate_1,2020,41.02
pry,sex_f,ocu_isco08_1,mts_aggregate_1,2021,42.28
pry,sex_f,ocu_isco08_1,mts_aggregate_1,2022,44.32
pry,sex_f,ocu_isco08_1,mts_aggregate_1,2023,43.74
pry,sex_f,ocu_isco08_1,mts_aggregate_1,2024,42.99
pry,sex_f,ocu_isco08_1,mts_aggregate_2,1998,45.86
pry,sex_f,ocu_isco08_1,mts_aggregate_2,1999,42.4
pry,sex_f,ocu_isco08_1,mts_aggregate_2,2002,38.71
pry,sex_f,ocu_isco08_1,mts_aggregate_2,2003,38.78
pry,sex_f,ocu_isco08_1,mts_aggregate_2,2004,39.31
pry,sex_f,ocu_isco08_1,mts_aggregate_2,2005,42.83
pry,sex_f,ocu_isco08_1,mts_aggregate_2,2006,44.59
pry,sex_f,ocu_isco08_1,mts_aggregate_2,2007,39.87
pry,sex_f,ocu_isco08_1,mts_aggregate_2,2008,38.98
pry,sex_f,ocu_isco08_1,mts_aggregate_2,2009,45.07
pry,sex_f,ocu_isco08_1,mts_aggregate_2,2010,45.81
pry,sex_f,ocu_isco08_1,mts_aggregate_2,2011,42.99
pry,sex_f,ocu_isco08_1,mts_aggregate_2,2012,42.64
pry,sex_f,ocu_isco08_1,mts_aggregate_2,2013,42.49
pry,sex_f,ocu_isco08_1,mts_aggregate_2,2014,42.68
pry,sex_f,ocu_isco08_1,mts_aggregate_2,2015,44.11
pry,sex_f,ocu_isco08_1,mts_aggregate_2,2016,42.56
pry,sex_f,ocu_isco08_1,mts_aggregate_2,2017,41.41
pry,sex_f,ocu_isco08_1,mts_aggregate_2,2018,39.1
pry,sex_f,ocu_isco08_1,mts_aggregate_2,2019,40.6
pry,sex_f,ocu_isco08_1,mts_aggregate_2,2020,37.46
pry,sex_f,ocu_isco08_1,mts_aggregate_2,2021,41.24
pry,sex_f,ocu_isco08_1,mts_aggregate_2,2022,41.92
pry,sex_f,ocu_isco08_1,mts_aggregate_2,2023,42.36
pry,sex_f,ocu_isco08_1,mts_aggregate_2,2024,41.96
pry,sex_f,ocu_isco08_1,mts_aggregate_total,1998,46.39
pry,sex_f,ocu_isco08_1,mts_aggregate_total,1999,42.79
pry,sex_f,ocu_isco08_1,mts_aggregate_total,2002,38.99
pry,sex_f,ocu_isco08_1,mts_aggregate_total,2003,40.49
pry,sex_f,ocu_isco08_1,mts_aggregate_total,2004,47.34
pry,sex_f,ocu_isco08_1,mts_aggregate_total,2005,45.17
pry,sex_f,ocu_isco08_1,mts_aggregate_total,2006,44.64
pry,sex_f,ocu_isco08_1,mts_aggregate_total,2007,40.98
pry,sex_f,ocu_isco08_1,mts_aggregate_total,2008,42.1
pry,sex_f,ocu_isco08_1,mts_aggregate_total,2009,45.37
pry,sex_f,ocu_isco08_1,mts_aggregate_total,2010,45.16
pry,sex_f,ocu_isco08_1,mts_aggregate_total,2011,45.4
pry,sex_f,ocu_isco08_1,mts_aggregate_total,2012,45.95
pry,sex_f,ocu_isco08_1,mts_aggregate_total,2013,42.88
pry,sex_f,ocu_isco08_1,mts_aggregate_total,2014,42.28
pry,sex_f,ocu_isco08_1,mts_aggregate_total,2015,46.11
pry,sex_f,ocu_isco08_1,mts_aggregate_total,2016,44.78
pry,sex_f,ocu_isco08_1,mts_aggregate_total,2017,42.55
pry,sex_f,ocu_isco08_1,mts_aggregate_total,2018,40.57
pry,sex_f,ocu_isco08_1,mts_aggregate_total,2019,42.12
pry,sex_f,ocu_isco08_1,mts_aggregate_total,2020,38.94
pry,sex_f,ocu_isco08_1,mts_aggregate_total,2021,41.02
pry,sex_f,ocu_isco08_1,mts_aggregate_total,2022,42.91
pry,sex_f,ocu_isco08_1,mts_aggregate_total,2023,42.96
pry,sex_f,ocu_isco08_1,mts_aggregate_total,2024,42.33
pry,sex_f,ocu_isco08_1,mts_aggregate_x,2020,39.03
pry,sex_f,ocu_isco08_1,mts_aggregate_x,2021,38.86
pry,sex_f,ocu_isco08_1,mts_details_mrd,1998,46.4
pry,sex_f,ocu_isco08_1,mts_details_mrd,1999,41.74
pry,sex_f,ocu_isco08_1,mts_details_mrd,2002,40.44
pry,sex_f,ocu_isco08_1,mts_details_mrd,2003,40
pry,sex_f,ocu_isco08_1,mts_details_mrd,2004,41.41
pry,sex_f,ocu_isco08_1,mts_details_mrd,2005,39.85
pry,sex_f,ocu_isco08_1,mts_details_mrd,2006,42.3
pry,sex_f,ocu_isco08_1,mts_details_mrd,2007,42.7
pry,sex_f,ocu_isco08_1,mts_details_mrd,2008,37.23
pry,sex_f,ocu_isco08_1,mts_details_mrd,2009,47.32
pry,sex_f,ocu_isco08_1,mts_details_mrd,2010,46.51
pry,sex_f,ocu_isco08_1,mts_details_mrd,2011,43.41
pry,sex_f,ocu_isco08_1,mts_details_mrd,2012,43.13
pry,sex_f,ocu_isco08_1,mts_details_mrd,2013,41.46
pry,sex_f,ocu_isco08_1,mts_details_mrd,2014,42.28
pry,sex_f,ocu_isco08_1,mts_details_mrd,2015,43.65
pry,sex_f,ocu_isco08_1,mts_details_mrd,2016,41.59
pry,sex_f,ocu_isco08_1,mts_details_mrd,2017,41.06
pry,sex_f,ocu_isco08_1,mts_details_mrd,2018,37.9
pry,sex_f,ocu_isco08_1,mts_details_mrd,2019,39.5
pry,sex_f,ocu_isco08_1,mts_details_mrd,2020,39.21
pry,sex_f,ocu_isco08_1,mts_details_mrd,2021,40.26
pry,sex_f,ocu_isco08_1,mts_details_mrd,2022,39.9
pry,sex_f,ocu_isco08_1,mts_details_mrd,2023,40.48
pry,sex_f,ocu_isco08_1,mts_details_mrd,2024,40.86
pry,sex_f,ocu_isco08_1,mts_details_sep,2003,40.24
pry,sex_f,ocu_isco08_1,mts_details_sep,2004,60.17
pry,sex_f,ocu_isco08_1,mts_details_sep,2005,42.29
pry,sex_f,ocu_isco08_1,mts_details_sep,2011,45.94
pry,sex_f,ocu_isco08_1,mts_details_sep,2012,42.11
pry,sex_f,ocu_isco08_1,mts_details_sep,2013,45.61
pry,sex_f,ocu_isco08_1,mts_details_sep,2014,27.1
pry,sex_f,ocu_isco08_1,mts_details_sep,2015,59.52
pry,sex_f,ocu_isco08_1,mts_details_sep,2016,43.41
pry,sex_f,ocu_isco08_1,mts_details_sep,2017,35.97
pry,sex_f,ocu_isco08_1,mts_details_sep,2018,40.18
pry,sex_f,ocu_isco08_1,mts_details_sep,2019,42.3
pry,sex_f,ocu_isco08_1,mts_details_sep,2020,46.41
pry,sex_f,ocu_isco08_1,mts_details_sep,2021,38.39
pry,sex_f,ocu_isco08_1,mts_details_sep,2022,46.68
pry,sex_f,ocu_isco08_1,mts_details_sep,2023,42.8
pry,sex_f,ocu_isco08_1,mts_details_sep,2024,40.43
pry,sex_f,ocu_isco08_1,mts_details_sgle,1998,45.93
pry,sex_f,ocu_isco08_1,mts_details_sgle,1999,44.07
pry,sex_f,ocu_isco08_1,mts_details_sgle,2002,42
pry,sex_f,ocu_isco08_1,mts_details_sgle,2003,45
pry,sex_f,ocu_isco08_1,mts_details_sgle,2004,59.44
pry,sex_f,ocu_isco08_1,mts_details_sgle,2005,50.26
pry,sex_f,ocu_isco08_1,mts_details_sgle,2006,43.42
pry,sex_f,ocu_isco08_1,mts_details_sgle,2007,43.6
pry,sex_f,ocu_isco08_1,mts_details_sgle,2008,44.44
pry,sex_f,ocu_isco08_1,mts_details_sgle,2009,44.13
pry,sex_f,ocu_isco08_1,mts_details_sgle,2010,43.74
pry,sex_f,ocu_isco08_1,mts_details_sgle,2011,47.65
pry,sex_f,ocu_isco08_1,mts_details_sgle,2012,50.32
pry,sex_f,ocu_isco08_1,mts_details_sgle,2013,42.88
pry,sex_f,ocu_isco08_1,mts_details_sgle,2014,43.33
pry,sex_f,ocu_isco08_1,mts_details_sgle,2015,47.48
pry,sex_f,ocu_isco08_1,mts_details_sgle,2016,49.75
pry,sex_f,ocu_isco08_1,mts_details_sgle,2017,46
pry,sex_f,ocu_isco08_1,mts_details_sgle,2018,43.68
pry,sex_f,ocu_isco08_1,mts_details_sgle,2019,44.8
pry,sex_f,ocu_isco08_1,mts_details_sgle,2020,39.13
pry,sex_f,ocu_isco08_1,mts_details_sgle,2021,44.19
pry,sex_f,ocu_isco08_1,mts_details_sgle,2022,45
pry,sex_f,ocu_isco08_1,mts_details_sgle,2023,43.99
pry,sex_f,ocu_isco08_1,mts_details_sgle,2024,43.79
pry,sex_f,ocu_isco08_1,mts_details_total,1998,46.39
pry,sex_f,ocu_isco08_1,mts_details_total,1999,42.79
pry,sex_f,ocu_isco08_1,mts_details_total,2002,38.99
pry,sex_f,ocu_isco08_1,mts_details_total,2003,40.49
pry,sex_f,ocu_isco08_1,mts_details_total,2004,47.34
pry,sex_f,ocu_isco08_1,mts_details_total,2005,45.17
pry,sex_f,ocu_isco08_1,mts_details_total,2006,44.64
pry,sex_f,ocu_isco08_1,mts_details_total,2007,40.98
pry,sex_f,ocu_isco08_1,mts_details_total,2008,42.1
pry,sex_f,ocu_isco08_1,mts_details_total,2009,45.37
pry,sex_f,ocu_isco08_1,mts_details_total,2010,45.16
pry,sex_f,ocu_isco08_1,mts_details_total,2011,45.4
pry,sex_f,ocu_isco08_1,mts_details_total,2012,45.95
pry,sex_f,ocu_isco08_1,mts_details_total,2013,42.88
pry,sex_f,ocu_isco08_1,mts_details_total,2014,42.28
pry,sex_f,ocu_isco08_1,mts_details_total,2015,46.11
pry,sex_f,ocu_isco08_1,mts_details_total,2016,44.78
pry,sex_f,ocu_isco08_1,mts_details_total,2017,42.55
pry,sex_f,ocu_isco08_1,mts_details_total,2018,40.57
pry,sex_f,ocu_isco08_1,mts_details_total,2019,42.12
pry,sex_f,ocu_isco08_1,mts_details_total,2020,38.94
pry,sex_f,ocu_isco08_1,mts_details_total,2021,41.02
pry,sex_f,ocu_isco08_1,mts_details_total,2022,42.91
pry,sex_f,ocu_isco08_1,mts_details_total,2023,42.96
pry,sex_f,ocu_isco08_1,mts_details_total,2024,42.33
pry,sex_f,ocu_isco08_1,mts_details_union,2003,29.93
pry,sex_f,ocu_isco08_1,mts_details_union,2004,30.27
pry,sex_f,ocu_isco08_1,mts_details_union,2005,50.57
pry,sex_f,ocu_isco08_1,mts_details_union,2011,40.7
pry,sex_f,ocu_isco08_1,mts_details_union,2012,40.6
pry,sex_f,ocu_isco08_1,mts_details_union,2013,47.99
pry,sex_f,ocu_isco08_1,mts_details_union,2014,44.27
pry,sex_f,ocu_isco08_1,mts_details_union,2015,46.53
pry,sex_f,ocu_isco08_1,mts_details_union,2016,45.96
pry,sex_f,ocu_isco08_1,mts_details_union,2017,42.86
pry,sex_f,ocu_isco08_1,mts_details_union,2018,41.71
pry,sex_f,ocu_isco08_1,mts_details_union,2019,42.89
pry,sex_f,ocu_isco08_1,mts_details_union,2020,34.04
pry,sex_f,ocu_isco08_1,mts_details_union,2021,43.8
pry,sex_f,ocu_isco08_1,mts_details_union,2022,45.52
pry,sex_f,ocu_isco08_1,mts_details_union,2023,45.8
pry,sex_f,ocu_isco08_1,mts_details_union,2024,44.92
pry,sex_f,ocu_isco08_1,mts_details_wid,2017,39.65
pry,sex_f,ocu_isco08_1,mts_details_wid,2018,48.21
pry,sex_f,ocu_isco08_1,mts_details_wid,2021,29.38
pry,sex_f,ocu_isco08_1,mts_details_wid,2022,30.4
pry,sex_f,ocu_isco08_1,mts_details_wid,2023,42.09
pry,sex_f,ocu_isco08_1,mts_details_x,2020,39.03
pry,sex_f,ocu_isco08_1,mts_details_x,2021,38.86
pry,sex_f,ocu_isco08_2,mts_aggregate_1,2002,28.66
pry,sex_f,ocu_isco08_2,mts_aggregate_1,2003,30.54
pry,sex_f,ocu_isco08_2,mts_aggregate_1,2004,32.46
pry,sex_f,ocu_isco08_2,mts_aggregate_1,2005,30.98
pry,sex_f,ocu_isco08_2,mts_aggregate_1,2006,31.12
pry,sex_f,ocu_isco08_2,mts_aggregate_1,2007,34.33
pry,sex_f,ocu_isco08_2,mts_aggregate_1,2008,35.35
pry,sex_f,ocu_isco08_2,mts_aggregate_1,2009,35.41
pry,sex_f,ocu_isco08_2,mts_aggregate_1,2010,36.67
pry,sex_f,ocu_isco08_2,mts_aggregate_1,2011,38.29
pry,sex_f,ocu_isco08_2,mts_aggregate_1,2012,35.42
pry,sex_f,ocu_isco08_2,mts_aggregate_1,2013,37.03
pry,sex_f,ocu_isco08_2,mts_aggregate_1,2014,32.61
pry,sex_f,ocu_isco08_2,mts_aggregate_1,2015,33.66
pry,sex_f,ocu_isco08_2,mts_aggregate_1,2016,34.65
pry,sex_f,ocu_isco08_2,mts_aggregate_1,2017,33.5
pry,sex_f,ocu_isco08_2,mts_aggregate_1,2018,32.65
pry,sex_f,ocu_isco08_2,mts_aggregate_1,2019,31.54
pry,sex_f,ocu_isco08_2,mts_aggregate_1,2020,32.92
pry,sex_f,ocu_isco08_2,mts_aggregate_1,2021,33.55
pry,sex_f,ocu_isco08_2,mts_aggregate_1,2022,33.76
pry,sex_f,ocu_isco08_2,mts_aggregate_1,2023,33.33
pry,sex_f,ocu_isco08_2,mts_aggregate_1,2024,34.11
pry,sex_f,ocu_isco08_2,mts_aggregate_2,2002,34.18
pry,sex_f,ocu_isco08_2,mts_aggregate_2,2003,32.97
pry,sex_f,ocu_isco08_2,mts_aggregate_2,2004,33.35
pry,sex_f,ocu_isco08_2,mts_aggregate_2,2005,31.45
pry,sex_f,ocu_isco08_2,mts_aggregate_2,2006,35.79
pry,sex_f,ocu_isco08_2,mts_aggregate_2,2007,34.49
pry,sex_f,ocu_isco08_2,mts_aggregate_2,2008,34.57
pry,sex_f,ocu_isco08_2,mts_aggregate_2,2009,36.45
pry,sex_f,ocu_isco08_2,mts_aggregate_2,2010,33.98
pry,sex_f,ocu_isco08_2,mts_aggregate_2,2011,36.45
pry,sex_f,ocu_isco08_2,mts_aggregate_2,2012,33.28
pry,sex_f,ocu_isco08_2,mts_aggregate_2,2013,33.87
pry,sex_f,ocu_isco08_2,mts_aggregate_2,2014,30.52
pry,sex_f,ocu_isco08_2,mts_aggregate_2,2015,32.58
pry,sex_f,ocu_isco08_2,mts_aggregate_2,2016,34.41
pry,sex_f,ocu_isco08_2,mts_aggregate_2,2017,31.03
pry,sex_f,ocu_isco08_2,mts_aggregate_2,2018,30.57
pry,sex_f,ocu_isco08_2,mts_aggregate_2,2019,30.6
pry,sex_f,ocu_isco08_2,mts_aggregate_2,2020,31.8
pry,sex_f,ocu_isco08_2,mts_aggregate_2,2021,32.04
pry,sex_f,ocu_isco08_2,mts_aggregate_2,2022,31.69
pry,sex_f,ocu_isco08_2,mts_aggregate_2,2023,31.25
pry,sex_f,ocu_isco08_2,mts_aggregate_2,2024,31.44
pry,sex_f,ocu_isco08_2,mts_aggregate_total,2002,31.83
pry,sex_f,ocu_isco08_2,mts_aggregate_total,2003,32.1
pry,sex_f,ocu_isco08_2,mts_aggregate_total,2004,33.02
pry,sex_f,ocu_isco08_2,mts_aggregate_total,2005,31.3
pry,sex_f,ocu_isco08_2,mts_aggregate_total,2006,34.08
pry,sex_f,ocu_isco08_2,mts_aggregate_total,2007,34.43
pry,sex_f,ocu_isco08_2,mts_aggregate_total,2008,34.84
pry,sex_f,ocu_isco08_2,mts_aggregate_total,2009,36.03
pry,sex_f,ocu_isco08_2,mts_aggregate_total,2010,35
pry,sex_f,ocu_isco08_2,mts_aggregate_total,2011,37.19
pry,sex_f,ocu_isco08_2,mts_aggregate_total,2012,34
pry,sex_f,ocu_isco08_2,mts_aggregate_total,2013,35.22
pry,sex_f,ocu_isco08_2,mts_aggregate_total,2014,31.39
pry,sex_f,ocu_isco08_2,mts_aggregate_total,2015,33.03
pry,sex_f,ocu_isco08_2,mts_aggregate_total,2016,34.5
pry,sex_f,ocu_isco08_2,mts_aggregate_total,2017,31.91
pry,sex_f,ocu_isco08_2,mts_aggregate_total,2018,31.25
pry,sex_f,ocu_isco08_2,mts_aggregate_total,2019,30.9
pry,sex_f,ocu_isco08_2,mts_aggregate_total,2020,33.44
pry,sex_f,ocu_isco08_2,mts_aggregate_total,2021,33.35
pry,sex_f,ocu_isco08_2,mts_aggregate_total,2022,32.47
pry,sex_f,ocu_isco08_2,mts_aggregate_total,2023,32.06
pry,sex_f,ocu_isco08_2,mts_aggregate_total,2024,32.44
pry,sex_f,ocu_isco08_2,mts_aggregate_x,2020,33.93
pry,sex_f,ocu_isco08_2,mts_aggregate_x,2021,35.28
pry,sex_f,ocu_isco08_2,mts_details_mrd,2002,34.2
pry,sex_f,ocu_isco08_2,mts_details_mrd,2003,32.87
pry,sex_f,ocu_isco08_2,mts_details_mrd,2004,33.97
pry,sex_f,ocu_isco08_2,mts_details_mrd,2005,31.1
pry,sex_f,ocu_isco08_2,mts_details_mrd,2006,36.91
pry,sex_f,ocu_isco08_2,mts_details_mrd,2007,33.84
pry,sex_f,ocu_isco08_2,mts_details_mrd,2008,34.01
pry,sex_f,ocu_isco08_2,mts_details_mrd,2009,35.24
pry,sex_f,ocu_isco08_2,mts_details_mrd,2010,33.56
pry,sex_f,ocu_isco08_2,mts_details_mrd,2011,37.16
pry,sex_f,ocu_isco08_2,mts_details_mrd,2012,32.82
pry,sex_f,ocu_isco08_2,mts_details_mrd,2013,33.63
pry,sex_f,ocu_isco08_2,mts_details_mrd,2014,30.41
pry,sex_f,ocu_isco08_2,mts_details_mrd,2015,32.66
pry,sex_f,ocu_isco08_2,mts_details_mrd,2016,34.09
pry,sex_f,ocu_isco08_2,mts_details_mrd,2017,31.34
pry,sex_f,ocu_isco08_2,mts_details_mrd,2018,30.61
pry,sex_f,ocu_isco08_2,mts_details_mrd,2019,30.54
pry,sex_f,ocu_isco08_2,mts_details_mrd,2020,32.79
pry,sex_f,ocu_isco08_2,mts_details_mrd,2021,31.04
pry,sex_f,ocu_isco08_2,mts_details_mrd,2022,31.54
pry,sex_f,ocu_isco08_2,mts_details_mrd,2023,32.09
pry,sex_f,ocu_isco08_2,mts_details_mrd,2024,31.35
pry,sex_f,ocu_isco08_2,mts_details_sep,2003,33.85
pry,sex_f,ocu_isco08_2,mts_details_sep,2004,39.71
pry,sex_f,ocu_isco08_2,mts_details_sep,2005,31.92
pry,sex_f,ocu_isco08_2,mts_details_sep,2006,26.17
pry,sex_f,ocu_isco08_2,mts_details_sep,2007,27.13
pry,sex_f,ocu_isco08_2,mts_details_sep,2008,37.29
pry,sex_f,ocu_isco08_2,mts_details_sep,2009,25.54
pry,sex_f,ocu_isco08_2,mts_details_sep,2010,31.88
pry,sex_f,ocu_isco08_2,mts_details_sep,2011,39.71
pry,sex_f,ocu_isco08_2,mts_details_sep,2012,34.5
pry,sex_f,ocu_isco08_2,mts_details_sep,2013,37.21
pry,sex_f,ocu_isco08_2,mts_details_sep,2014,32.21
pry,sex_f,ocu_isco08_2,mts_details_sep,2015,30.32
pry,sex_f,ocu_isco08_2,mts_details_sep,2016,37.57
pry,sex_f,ocu_isco08_2,mts_details_sep,2017,29.83
pry,sex_f,ocu_isco08_2,mts_details_sep,2018,34.19
pry,sex_f,ocu_isco08_2,mts_details_sep,2019,31.86
pry,sex_f,ocu_isco08_2,mts_details_sep,2020,28.82
pry,sex_f,ocu_isco08_2,mts_details_sep,2021,30.82
pry,sex_f,ocu_isco08_2,mts_details_sep,2022,33.91
pry,sex_f,ocu_isco08_2,mts_details_sep,2023,29
pry,sex_f,ocu_isco08_2,mts_details_sep,2024,30.81
pry,sex_f,ocu_isco08_2,mts_details_sgle,2002,28.77
pry,sex_f,ocu_isco08_2,mts_details_sgle,2003,30.34
pry,sex_f,ocu_isco08_2,mts_details_sgle,2004,32.07
pry,sex_f,ocu_isco08_2,mts_details_sgle,2005,31.56
pry,sex_f,ocu_isco08_2,mts_details_sgle,2006,33.01
pry,sex_f,ocu_isco08_2,mts_details_sgle,2007,35.82
pry,sex_f,ocu_isco08_2,mts_details_sgle,2008,34.08
pry,sex_f,ocu_isco08_2,mts_details_sgle,2009,37.37
pry,sex_f,ocu_isco08_2,mts_details_sgle,2010,37.19
pry,sex_f,ocu_isco08_2,mts_details_sgle,2011,38.2
pry,sex_f,ocu_isco08_2,mts_details_sgle,2012,35.51
pry,sex_f,ocu_isco08_2,mts_details_sgle,2013,37.15
pry,sex_f,ocu_isco08_2,mts_details_sgle,2014,33.29
pry,sex_f,ocu_isco08_2,mts_details_sgle,2015,33.81
pry,sex_f,ocu_isco08_2,mts_details_sgle,2016,34.13
pry,sex_f,ocu_isco08_2,mts_details_sgle,2017,34.92
pry,sex_f,ocu_isco08_2,mts_details_sgle,2018,32.53
pry,sex_f,ocu_isco08_2,mts_details_sgle,2019,31.87
pry,sex_f,ocu_isco08_2,mts_details_sgle,2020,34.28
pry,sex_f,ocu_isco08_2,mts_details_sgle,2021,34.34
pry,sex_f,ocu_isco08_2,mts_details_sgle,2022,33.78
pry,sex_f,ocu_isco08_2,mts_details_sgle,2023,34.48
pry,sex_f,ocu_isco08_2,mts_details_sgle,2024,34.68
pry,sex_f,ocu_isco08_2,mts_details_total,2002,31.83
pry,sex_f,ocu_isco08_2,mts_details_total,2003,32.1
pry,sex_f,ocu_isco08_2,mts_details_total,2004,33.02
pry,sex_f,ocu_isco08_2,mts_details_total,2005,31.3
pry,sex_f,ocu_isco08_2,mts_details_total,2006,34.08
pry,sex_f,ocu_isco08_2,mts_details_total,2007,34.43
pry,sex_f,ocu_isco08_2,mts_details_total,2008,34.84
pry,sex_f,ocu_isco08_2,mts_details_total,2009,36.03
pry,sex_f,ocu_isco08_2,mts_details_total,2010,35
pry,sex_f,ocu_isco08_2,mts_details_total,2011,37.19
pry,sex_f,ocu_isco08_2,mts_details_total,2012,34
pry,sex_f,ocu_isco08_2,mts_details_total,2013,35.22
pry,sex_f,ocu_isco08_2,mts_details_total,2014,31.39
pry,sex_f,ocu_isco08_2,mts_details_total,2015,33.03
pry,sex_f,ocu_isco08_2,mts_details_total,2016,34.5
pry,sex_f,ocu_isco08_2,mts_details_total,2017,31.91
pry,sex_f,ocu_isco08_2,mts_details_total,2018,31.25
pry,sex_f,ocu_isco08_2,mts_details_total,2019,30.9
pry,sex_f,ocu_isco08_2,mts_details_total,2020,33.44
pry,sex_f,ocu_isco08_2,mts_details_total,2021,33.35
pry,sex_f,ocu_isco08_2,mts_details_total,2022,32.47
pry,sex_f,ocu_isco08_2,mts_details_total,2023,32.06
pry,sex_f,ocu_isco08_2,mts_details_total,2024,32.44
pry,sex_f,ocu_isco08_2,mts_details_union,2002,33.88
pry,sex_f,ocu_isco08_2,mts_details_union,2003,34.03
pry,sex_f,ocu_isco08_2,mts_details_union,2004,29.89
pry,sex_f,ocu_isco08_2,mts_details_union,2005,33.98
pry,sex_f,ocu_isco08_2,mts_details_union,2006,24.6
pry,sex_f,ocu_isco08_2,mts_details_union,2007,41.75
pry,sex_f,ocu_isco08_2,mts_details_union,2008,38.03
pry,sex_f,ocu_isco08_2,mts_details_union,2009,41.83
pry,sex_f,ocu_isco08_2,mts_details_union,2010,37.98
pry,sex_f,ocu_isco08_2,mts_details_union,2011,32.58
pry,sex_f,ocu_isco08_2,mts_details_union,2012,35.27
pry,sex_f,ocu_isco08_2,mts_details_union,2013,34.86
pry,sex_f,ocu_isco08_2,mts_details_union,2014,30.94
pry,sex_f,ocu_isco08_2,mts_details_union,2015,32.24
pry,sex_f,ocu_isco08_2,mts_details_union,2016,35.28
pry,sex_f,ocu_isco08_2,mts_details_union,2017,30.12
pry,sex_f,ocu_isco08_2,mts_details_union,2018,30.45
pry,sex_f,ocu_isco08_2,mts_details_union,2019,30.75
pry,sex_f,ocu_isco08_2,mts_details_union,2020,29.32
pry,sex_f,ocu_isco08_2,mts_details_union,2021,34.33
pry,sex_f,ocu_isco08_2,mts_details_union,2022,32.01
pry,sex_f,ocu_isco08_2,mts_details_union,2023,29.34
pry,sex_f,ocu_isco08_2,mts_details_union,2024,31.64
pry,sex_f,ocu_isco08_2,mts_details_wid,2004,18.49
pry,sex_f,ocu_isco08_2,mts_details_wid,2011,36.47
pry,sex_f,ocu_isco08_2,mts_details_wid,2013,33.87
pry,sex_f,ocu_isco08_2,mts_details_wid,2015,41.88
pry,sex_f,ocu_isco08_2,mts_details_wid,2016,33.11
pry,sex_f,ocu_isco08_2,mts_details_wid,2017,24.22
pry,sex_f,ocu_isco08_2,mts_details_wid,2018,28.82
pry,sex_f,ocu_isco08_2,mts_details_wid,2019,22.95
pry,sex_f,ocu_isco08_2,mts_details_wid,2020,29.42
pry,sex_f,ocu_isco08_2,mts_details_wid,2021,28.79
pry,sex_f,ocu_isco08_2,mts_details_wid,2022,33.01
pry,sex_f,ocu_isco08_2,mts_details_wid,2023,31.8
pry,sex_f,ocu_isco08_2,mts_details_wid,2024,36.17
pry,sex_f,ocu_isco08_2,mts_details_x,2020,33.93
pry,sex_f,ocu_isco08_2,mts_details_x,2021,35.28
pry,sex_f,ocu_isco08_3,mts_aggregate_1,1998,34.18
pry,sex_f,ocu_isco08_3,mts_aggregate_1,1999,36.72
pry,sex_f,ocu_isco08_3,mts_aggregate_1,2002,33.87
pry,sex_f,ocu_isco08_3,mts_aggregate_1,2003,34.18
pry,sex_f,ocu_isco08_3,mts_aggregate_1,2004,41.37
pry,sex_f,ocu_isco08_3,mts_aggregate_1,2005,38.34
pry,sex_f,ocu_isco08_3,mts_aggregate_1,2006,38.73
pry,sex_f,ocu_isco08_3,mts_aggregate_1,2007,38.85
pry,sex_f,ocu_isco08_3,mts_aggregate_1,2008,38.83
pry,sex_f,ocu_isco08_3,mts_aggregate_1,2009,37.58
pry,sex_f,ocu_isco08_3,mts_aggregate_1,2010,35.75
pry,sex_f,ocu_isco08_3,mts_aggregate_1,2011,41.87
pry,sex_f,ocu_isco08_3,mts_aggregate_1,2012,37.34
pry,sex_f,ocu_isco08_3,mts_aggregate_1,2013,39.25
pry,sex_f,ocu_isco08_3,mts_aggregate_1,2014,40.65
pry,sex_f,ocu_isco08_3,mts_aggregate_1,2015,37.72
pry,sex_f,ocu_isco08_3,mts_aggregate_1,2016,39.06
pry,sex_f,ocu_isco08_3,mts_aggregate_1,2017,40.01
pry,sex_f,ocu_isco08_3,mts_aggregate_1,2018,37.54
pry,sex_f,ocu_isco08_3,mts_aggregate_1,2019,36.17
pry,sex_f,ocu_isco08_3,mts_aggregate_1,2020,37.7
pry,sex_f,ocu_isco08_3,mts_aggregate_1,2021,38.84
pry,sex_f,ocu_isco08_3,mts_aggregate_1,2022,38.48
pry,sex_f,ocu_isco08_3,mts_aggregate_1,2023,38.47
pry,sex_f,ocu_isco08_3,mts_aggregate_1,2024,39.04
pry,sex_f,ocu_isco08_3,mts_aggregate_2,1998,35.63
pry,sex_f,ocu_isco08_3,mts_aggregate_2,1999,35.37
pry,sex_f,ocu_isco08_3,mts_aggregate_2,2002,33.41
pry,sex_f,ocu_isco08_3,mts_aggregate_2,2003,34.93
pry,sex_f,ocu_isco08_3,mts_aggregate_2,2004,41.63
pry,sex_f,ocu_isco08_3,mts_aggregate_2,2005,39.3
pry,sex_f,ocu_isco08_3,mts_aggregate_2,2006,42.73
pry,sex_f,ocu_isco08_3,mts_aggregate_2,2007,37.35
pry,sex_f,ocu_isco08_3,mts_aggregate_2,2008,41.86
pry,sex_f,ocu_isco08_3,mts_aggregate_2,2009,35.13
pry,sex_f,ocu_isco08_3,mts_aggregate_2,2010,39.25
pry,sex_f,ocu_isco08_3,mts_aggregate_2,2011,37.08
pry,sex_f,ocu_isco08_3,mts_aggregate_2,2012,37.02
pry,sex_f,ocu_isco08_3,mts_aggregate_2,2013,38.92
pry,sex_f,ocu_isco08_3,mts_aggregate_2,2014,38.35
pry,sex_f,ocu_isco08_3,mts_aggregate_2,2015,39.86
pry,sex_f,ocu_isco08_3,mts_aggregate_2,2016,40.24
pry,sex_f,ocu_isco08_3,mts_aggregate_2,2017,38.1
pry,sex_f,ocu_isco08_3,mts_aggregate_2,2018,37.36
pry,sex_f,ocu_isco08_3,mts_aggregate_2,2019,38.3
pry,sex_f,ocu_isco08_3,mts_aggregate_2,2020,36.43
pry,sex_f,ocu_isco08_3,mts_aggregate_2,2021,36.97
pry,sex_f,ocu_isco08_3,mts_aggregate_2,2022,36.65
pry,sex_f,ocu_isco08_3,mts_aggregate_2,2023,37.97
pry,sex_f,ocu_isco08_3,mts_aggregate_2,2024,37.72
pry,sex_f,ocu_isco08_3,mts_aggregate_total,1998,35.1
pry,sex_f,ocu_isco08_3,mts_aggregate_total,1999,35.85
pry,sex_f,ocu_isco08_3,mts_aggregate_total,2002,33.68
pry,sex_f,ocu_isco08_3,mts_aggregate_total,2003,34.55
pry,sex_f,ocu_isco08_3,mts_aggregate_total,2004,41.5
pry,sex_f,ocu_isco08_3,mts_aggregate_total,2005,38.83
pry,sex_f,ocu_isco08_3,mts_aggregate_total,2006,40.62
pry,sex_f,ocu_isco08_3,mts_aggregate_total,2007,38.19
pry,sex_f,ocu_isco08_3,mts_aggregate_total,2008,40.22
pry,sex_f,ocu_isco08_3,mts_aggregate_total,2009,36.52
pry,sex_f,ocu_isco08_3,mts_aggregate_total,2010,37.59
pry,sex_f,ocu_isco08_3,mts_aggregate_total,2011,39.88
pry,sex_f,ocu_isco08_3,mts_aggregate_total,2012,37.21
pry,sex_f,ocu_isco08_3,mts_aggregate_total,2013,39.13
pry,sex_f,ocu_isco08_3,mts_aggregate_total,2014,39.81
pry,sex_f,ocu_isco08_3,mts_aggregate_total,2015,38.61
pry,sex_f,ocu_isco08_3,mts_aggregate_total,2016,39.54
pry,sex_f,ocu_isco08_3,mts_aggregate_total,2017,39.17
pry,sex_f,ocu_isco08_3,mts_aggregate_total,2018,37.46
pry,sex_f,ocu_isco08_3,mts_aggregate_total,2019,37.09
pry,sex_f,ocu_isco08_3,mts_aggregate_total,2020,36.16
pry,sex_f,ocu_isco08_3,mts_aggregate_total,2021,38.12
pry,sex_f,ocu_isco08_3,mts_aggregate_total,2022,37.61
pry,sex_f,ocu_isco08_3,mts_aggregate_total,2023,38.25
pry,sex_f,ocu_isco08_3,mts_aggregate_total,2024,38.46
pry,sex_f,ocu_isco08_3,mts_aggregate_x,2020,35.86
pry,sex_f,ocu_isco08_3,mts_aggregate_x,2021,38.78
pry,sex_f,ocu_isco08_3,mts_details_mrd,1998,35.96
pry,sex_f,ocu_isco08_3,mts_details_mrd,1999,35.04
pry,sex_f,ocu_isco08_3,mts_details_mrd,2002,34.69
pry,sex_f,ocu_isco08_3,mts_details_mrd,2003,34.75
pry,sex_f,ocu_isco08_3,mts_details_mrd,2004,41.57
pry,sex_f,ocu_isco08_3,mts_details_mrd,2005,38.53
pry,sex_f,ocu_isco08_3,mts_details_mrd,2006,42.56
pry,sex_f,ocu_isco08_3,mts_details_mrd,2007,39.55
pry,sex_f,ocu_isco08_3,mts_details_mrd,2008,40.4
pry,sex_f,ocu_isco08_3,mts_details_mrd,2009,36.69
pry,sex_f,ocu_isco08_3,mts_details_mrd,2010,39.93
pry,sex_f,ocu_isco08_3,mts_details_mrd,2011,37.02
pry,sex_f,ocu_isco08_3,mts_details_mrd,2012,34
pry,sex_f,ocu_isco08_3,mts_details_mrd,2013,37.97
pry,sex_f,ocu_isco08_3,mts_details_mrd,2014,37.83
pry,sex_f,ocu_isco08_3,mts_details_mrd,2015,40.21
pry,sex_f,ocu_isco08_3,mts_details_mrd,2016,39.67
pry,sex_f,ocu_isco08_3,mts_details_mrd,2017,38.18
pry,sex_f,ocu_isco08_3,mts_details_mrd,2018,36.76
pry,sex_f,ocu_isco08_3,mts_details_mrd,2019,37.93
pry,sex_f,ocu_isco08_3,mts_details_mrd,2020,35.49
pry,sex_f,ocu_isco08_3,mts_details_mrd,2021,36.71
pry,sex_f,ocu_isco08_3,mts_details_mrd,2022,35.76
pry,sex_f,ocu_isco08_3,mts_details_mrd,2023,35.88
pry,sex_f,ocu_isco08_3,mts_details_mrd,2024,36.73
pry,sex_f,ocu_isco08_3,mts_details_sep,1998,31.71
pry,sex_f,ocu_isco08_3,mts_details_sep,1999,33.45
pry,sex_f,ocu_isco08_3,mts_details_sep,2003,32.4
pry,sex_f,ocu_isco08_3,mts_details_sep,2004,37.03
pry,sex_f,ocu_isco08_3,mts_details_sep,2005,39.81
pry,sex_f,ocu_isco08_3,mts_details_sep,2006,35.47
pry,sex_f,ocu_isco08_3,mts_details_sep,2007,35.26
pry,sex_f,ocu_isco08_3,mts_details_sep,2009,44.84
pry,sex_f,ocu_isco08_3,mts_details_sep,2011,37.47
pry,sex_f,ocu_isco08_3,mts_details_sep,2012,33.69
pry,sex_f,ocu_isco08_3,mts_details_sep,2013,28.68
pry,sex_f,ocu_isco08_3,mts_details_sep,2014,36.91
pry,sex_f,ocu_isco08_3,mts_details_sep,2015,35.9
pry,sex_f,ocu_isco08_3,mts_details_sep,2016,36.08
pry,sex_f,ocu_isco08_3,mts_details_sep,2017,40.02
pry,sex_f,ocu_isco08_3,mts_details_sep,2018,34.8
pry,sex_f,ocu_isco08_3,mts_details_sep,2019,32.34
pry,sex_f,ocu_isco08_3,mts_details_sep,2020,42.39
pry,sex_f,ocu_isco08_3,mts_details_sep,2021,35.35
pry,sex_f,ocu_isco08_3,mts_details_sep,2022,33.82
pry,sex_f,ocu_isco08_3,mts_details_sep,2023,33.86
pry,sex_f,ocu_isco08_3,mts_details_sep,2024,35.56
pry,sex_f,ocu_isco08_3,mts_details_sgle,1998,34.57
pry,sex_f,ocu_isco08_3,mts_details_sgle,1999,37.81
pry,sex_f,ocu_isco08_3,mts_details_sgle,2002,34.19
pry,sex_f,ocu_isco08_3,mts_details_sgle,2003,34.45
pry,sex_f,ocu_isco08_3,mts_details_sgle,2004,42.55
pry,sex_f,ocu_isco08_3,mts_details_sgle,2005,37.91
pry,sex_f,ocu_isco08_3,mts_details_sgle,2006,38.82
pry,sex_f,ocu_isco08_3,mts_details_sgle,2007,39.36
pry,sex_f,ocu_isco08_3,mts_details_sgle,2008,40.04
pry,sex_f,ocu_isco08_3,mts_details_sgle,2009,36.08
pry,sex_f,ocu_isco08_3,mts_details_sgle,2010,34.47
pry,sex_f,ocu_isco08_3,mts_details_sgle,2011,42.22
pry,sex_f,ocu_isco08_3,mts_details_sgle,2012,37.97
pry,sex_f,ocu_isco08_3,mts_details_sgle,2013,39.89
pry,sex_f,ocu_isco08_3,mts_details_sgle,2014,41.2
pry,sex_f,ocu_isco08_3,mts_details_sgle,2015,38.07
pry,sex_f,ocu_isco08_3,mts_details_sgle,2016,39.47
pry,sex_f,ocu_isco08_3,mts_details_sgle,2017,39.85
pry,sex_f,ocu_isco08_3,mts_details_sgle,2018,37.9
pry,sex_f,ocu_isco08_3,mts_details_sgle,2019,36.58
pry,sex_f,ocu_isco08_3,mts_details_sgle,2020,37.36
pry,sex_f,ocu_isco08_3,mts_details_sgle,2021,39.48
pry,sex_f,ocu_isco08_3,mts_details_sgle,2022,38.78
pry,sex_f,ocu_isco08_3,mts_details_sgle,2023,39.06
pry,sex_f,ocu_isco08_3,mts_details_sgle,2024,39.48
pry,sex_f,ocu_isco08_3,mts_details_total,1998,35.1
pry,sex_f,ocu_isco08_3,mts_details_total,1999,35.85
pry,sex_f,ocu_isco08_3,mts_details_total,2002,33.68
pry,sex_f,ocu_isco08_3,mts_details_total,2003,34.55
pry,sex_f,ocu_isco08_3,mts_details_total,2004,41.5
pry,sex_f,ocu_isco08_3,mts_details_total,2005,38.83
pry,sex_f,ocu_isco08_3,mts_details_total,2006,40.62
pry,sex_f,ocu_isco08_3,mts_details_total,2007,38.19
pry,sex_f,ocu_isco08_3,mts_details_total,2008,40.22
pry,sex_f,ocu_isco08_3,mts_details_total,2009,36.52
pry,sex_f,ocu_isco08_3,mts_details_total,2010,37.59
pry,sex_f,ocu_isco08_3,mts_details_total,2011,39.88
pry,sex_f,ocu_isco08_3,mts_details_total,2012,37.21
pry,sex_f,ocu_isco08_3,mts_details_total,2013,39.13
pry,sex_f,ocu_isco08_3,mts_details_total,2014,39.81
pry,sex_f,ocu_isco08_3,mts_details_total,2015,38.61
pry,sex_f,ocu_isco08_3,mts_details_total,2016,39.54
pry,sex_f,ocu_isco08_3,mts_details_total,2017,39.17
pry,sex_f,ocu_isco08_3,mts_details_total,2018,37.46
pry,sex_f,ocu_isco08_3,mts_details_total,2019,37.09
pry,sex_f,ocu_isco08_3,mts_details_total,2020,36.16
pry,sex_f,ocu_isco08_3,mts_details_total,2021,38.12
pry,sex_f,ocu_isco08_3,mts_details_total,2022,37.61
pry,sex_f,ocu_isco08_3,mts_details_total,2023,38.25
pry,sex_f,ocu_isco08_3,mts_details_total,2024,38.46
pry,sex_f,ocu_isco08_3,mts_details_union,1998,31.35
pry,sex_f,ocu_isco08_3,mts_details_union,1999,38.13
pry,sex_f,ocu_isco08_3,mts_details_union,2002,29.38
pry,sex_f,ocu_isco08_3,mts_details_union,2003,35.84
pry,sex_f,ocu_isco08_3,mts_details_union,2004,41.81
pry,sex_f,ocu_isco08_3,mts_details_union,2005,42.06
pry,sex_f,ocu_isco08_3,mts_details_union,2006,43.05
pry,sex_f,ocu_isco08_3,mts_details_union,2007,29.8
pry,sex_f,ocu_isco08_3,mts_details_union,2008,46.23
pry,sex_f,ocu_isco08_3,mts_details_union,2009,30.84
pry,sex_f,ocu_isco08_3,mts_details_union,2010,36.23
pry,sex_f,ocu_isco08_3,mts_details_union,2011,37.25
pry,sex_f,ocu_isco08_3,mts_details_union,2012,42.61
pry,sex_f,ocu_isco08_3,mts_details_union,2013,40.85
pry,sex_f,ocu_isco08_3,mts_details_union,2014,39.63
pry,sex_f,ocu_isco08_3,mts_details_union,2015,39.25
pry,sex_f,ocu_isco08_3,mts_details_union,2016,41.03
pry,sex_f,ocu_isco08_3,mts_details_union,2017,37.99
pry,sex_f,ocu_isco08_3,mts_details_union,2018,38.18
pry,sex_f,ocu_isco08_3,mts_details_union,2019,38.79
pry,sex_f,ocu_isco08_3,mts_details_union,2020,37.38
pry,sex_f,ocu_isco08_3,mts_details_union,2021,37.21
pry,sex_f,ocu_isco08_3,mts_details_union,2022,37.76
pry,sex_f,ocu_isco08_3,mts_details_union,2023,39.89
pry,sex_f,ocu_isco08_3,mts_details_union,2024,38.89
pry,sex_f,ocu_isco08_3,mts_details_wid,1999,28.33
pry,sex_f,ocu_isco08_3,mts_details_wid,2004,30.76
pry,sex_f,ocu_isco08_3,mts_details_wid,2013,32.53
pry,sex_f,ocu_isco08_3,mts_details_wid,2014,38.55
pry,sex_f,ocu_isco08_3,mts_details_wid,2015,21.65
pry,sex_f,ocu_isco08_3,mts_details_wid,2016,31.15
pry,sex_f,ocu_isco08_3,mts_details_wid,2017,45.47
pry,sex_f,ocu_isco08_3,mts_details_wid,2018,37.64
pry,sex_f,ocu_isco08_3,mts_details_wid,2021,35.31
pry,sex_f,ocu_isco08_3,mts_details_wid,2022,45.24
pry,sex_f,ocu_isco08_3,mts_details_wid,2024,35.42
pry,sex_f,ocu_isco08_3,mts_details_x,2020,35.86
pry,sex_f,ocu_isco08_3,mts_details_x,2021,38.78
pry,sex_f,ocu_isco08_4,mts_aggregate_1,1998,39.65
pry,sex_f,ocu_isco08_4,mts_aggregate_1,1999,42.62
pry,sex_f,ocu_isco08_4,mts_aggregate_1,2002,39.27
pry,sex_f,ocu_isco08_4,mts_aggregate_1,2003,39.96
pry,sex_f,ocu_isco08_4,mts_aggregate_1,2004,40.96
pry,sex_f,ocu_isco08_4,mts_aggregate_1,2005,45.21
pry,sex_f,ocu_isco08_4,mts_aggregate_1,2006,39.69
pry,sex_f,ocu_isco08_4,mts_aggregate_1,2007,43.26
pry,sex_f,ocu_isco08_4,mts_aggregate_1,2008,42.38
pry,sex_f,ocu_isco08_4,mts_aggregate_1,2009,44.97
pry,sex_f,ocu_isco08_4,mts_aggregate_1,2010,42.3
pry,sex_f,ocu_isco08_4,mts_aggregate_1,2011,44.2
pry,sex_f,ocu_isco08_4,mts_aggregate_1,2012,41.77
pry,sex_f,ocu_isco08_4,mts_aggregate_1,2013,44.71
pry,sex_f,ocu_isco08_4,mts_aggregate_1,2014,43
pry,sex_f,ocu_isco08_4,mts_aggregate_1,2015,42.71
pry,sex_f,ocu_isco08_4,mts_aggregate_1,2016,43.73
pry,sex_f,ocu_isco08_4,mts_aggregate_1,2017,42.77
pry,sex_f,ocu_isco08_4,mts_aggregate_1,2018,41.95
pry,sex_f,ocu_isco08_4,mts_aggregate_1,2019,44.53
pry,sex_f,ocu_isco08_4,mts_aggregate_1,2020,39.69
pry,sex_f,ocu_isco08_4,mts_aggregate_1,2021,43.51
pry,sex_f,ocu_isco08_4,mts_aggregate_1,2022,43.81
pry,sex_f,ocu_isco08_4,mts_aggregate_1,2023,45.1
pry,sex_f,ocu_isco08_4,mts_aggregate_1,2024,44.73
pry,sex_f,ocu_isco08_4,mts_aggregate_2,1998,41.28
pry,sex_f,ocu_isco08_4,mts_aggregate_2,1999,39.65
pry,sex_f,ocu_isco08_4,mts_aggregate_2,2002,35.38
pry,sex_f,ocu_isco08_4,mts_aggregate_2,2003,38.25
pry,sex_f,ocu_isco08_4,mts_aggregate_2,2004,41.71
pry,sex_f,ocu_isco08_4,mts_aggregate_2,2005,43.52
pry,sex_f,ocu_isco08_4,mts_aggregate_2,2006,38.62
pry,sex_f,ocu_isco08_4,mts_aggregate_2,2007,40.46
pry,sex_f,ocu_isco08_4,mts_aggregate_2,2008,39.93
pry,sex_f,ocu_isco08_4,mts_aggregate_2,2009,37.02
pry,sex_f,ocu_isco08_4,mts_aggregate_2,2010,41.77
pry,sex_f,ocu_isco08_4,mts_aggregate_2,2011,42.12
pry,sex_f,ocu_isco08_4,mts_aggregate_2,2012,39.36
pry,sex_f,ocu_isco08_4,mts_aggregate_2,2013,45.22
pry,sex_f,ocu_isco08_4,mts_aggregate_2,2014,42.07
pry,sex_f,ocu_isco08_4,mts_aggregate_2,2015,40.82
pry,sex_f,ocu_isco08_4,mts_aggregate_2,2016,41.57
pry,sex_f,ocu_isco08_4,mts_aggregate_2,2017,42.16
pry,sex_f,ocu_isco08_4,mts_aggregate_2,2018,40.52
pry,sex_f,ocu_isco08_4,mts_aggregate_2,2019,41.32
pry,sex_f,ocu_isco08_4,mts_aggregate_2,2020,40.96
pry,sex_f,ocu_isco08_4,mts_aggregate_2,2021,41.75
pry,sex_f,ocu_isco08_4,mts_aggregate_2,2022,41.3
pry,sex_f,ocu_isco08_4,mts_aggregate_2,2023,43.81
pry,sex_f,ocu_isco08_4,mts_aggregate_2,2024,42.89
pry,sex_f,ocu_isco08_4,mts_aggregate_total,1998,40.33
pry,sex_f,ocu_isco08_4,mts_aggregate_total,1999,41.32
pry,sex_f,ocu_isco08_4,mts_aggregate_total,2002,37.95
pry,sex_f,ocu_isco08_4,mts_aggregate_total,2003,39.3
pry,sex_f,ocu_isco08_4,mts_aggregate_total,2004,41.32
pry,sex_f,ocu_isco08_4,mts_aggregate_total,2005,44.54
pry,sex_f,ocu_isco08_4,mts_aggregate_total,2006,39.37
pry,sex_f,ocu_isco08_4,mts_aggregate_total,2007,42.14
pry,sex_f,ocu_isco08_4,mts_aggregate_total,2008,41.38
pry,sex_f,ocu_isco08_4,mts_aggregate_total,2009,41.85
pry,sex_f,ocu_isco08_4,mts_aggregate_total,2010,42.1
pry,sex_f,ocu_isco08_4,mts_aggregate_total,2011,43.57
pry,sex_f,ocu_isco08_4,mts_aggregate_total,2012,40.95
pry,sex_f,ocu_isco08_4,mts_aggregate_total,2013,44.91
pry,sex_f,ocu_isco08_4,mts_aggregate_total,2014,42.72
pry,sex_f,ocu_isco08_4,mts_aggregate_total,2015,42.02
pry,sex_f,ocu_isco08_4,mts_aggregate_total,2016,42.78
pry,sex_f,ocu_isco08_4,mts_aggregate_total,2017,42.51
pry,sex_f,ocu_isco08_4,mts_aggregate_total,2018,41.34
pry,sex_f,ocu_isco08_4,mts_aggregate_total,2019,43.08
pry,sex_f,ocu_isco08_4,mts_aggregate_total,2020,39.63
pry,sex_f,ocu_isco08_4,mts_aggregate_total,2021,42.82
pry,sex_f,ocu_isco08_4,mts_aggregate_total,2022,42.77
pry,sex_f,ocu_isco08_4,mts_aggregate_total,2023,44.55
pry,sex_f,ocu_isco08_4,mts_aggregate_total,2024,44.03
pry,sex_f,ocu_isco08_4,mts_aggregate_x,2020,39.43
pry,sex_f,ocu_isco08_4,mts_aggregate_x,2021,43.13
pry,sex_f,ocu_isco08_4,mts_details_mrd,1998,40.28
pry,sex_f,ocu_isco08_4,mts_details_mrd,1999,39.35
pry,sex_f,ocu_isco08_4,mts_details_mrd,2002,34.57
pry,sex_f,ocu_isco08_4,mts_details_mrd,2003,36.62
pry,sex_f,ocu_isco08_4,mts_details_mrd,2004,37.28
pry,sex_f,ocu_isco08_4,mts_details_mrd,2005,42.91
pry,sex_f,ocu_isco08_4,mts_details_mrd,2006,36.66
pry,sex_f,ocu_isco08_4,mts_details_mrd,2007,39.9
pry,sex_f,ocu_isco08_4,mts_details_mrd,2008,35.96
pry,sex_f,ocu_isco08_4,mts_details_mrd,2009,36.87
pry,sex_f,ocu_isco08_4,mts_details_mrd,2010,38.3
pry,sex_f,ocu_isco08_4,mts_details_mrd,2011,40.5
pry,sex_f,ocu_isco08_4,mts_details_mrd,2012,38.5
pry,sex_f,ocu_isco08_4,mts_details_mrd,2013,45.11
pry,sex_f,ocu_isco08_4,mts_details_mrd,2014,40.93
pry,sex_f,ocu_isco08_4,mts_details_mrd,2015,39.97
pry,sex_f,ocu_isco08_4,mts_details_mrd,2016,40.36
pry,sex_f,ocu_isco08_4,mts_details_mrd,2017,39.88
pry,sex_f,ocu_isco08_4,mts_details_mrd,2018,38.57
pry,sex_f,ocu_isco08_4,mts_details_mrd,2019,40.35
pry,sex_f,ocu_isco08_4,mts_details_mrd,2020,43.92
pry,sex_f,ocu_isco08_4,mts_details_mrd,2021,40.57
pry,sex_f,ocu_isco08_4,mts_details_mrd,2022,37.95
pry,sex_f,ocu_isco08_4,mts_details_mrd,2023,40.7
pry,sex_f,ocu_isco08_4,mts_details_mrd,2024,40.7
pry,sex_f,ocu_isco08_4,mts_details_sep,1998,39.1
pry,sex_f,ocu_isco08_4,mts_details_sep,1999,41.59
pry,sex_f,ocu_isco08_4,mts_details_sep,2002,42.05
pry,sex_f,ocu_isco08_4,mts_details_sep,2003,36.56
pry,sex_f,ocu_isco08_4,mts_details_sep,2004,22.43
pry,sex_f,ocu_isco08_4,mts_details_sep,2005,42.86
pry,sex_f,ocu_isco08_4,mts_details_sep,2006,34.71
pry,sex_f,ocu_isco08_4,mts_details_sep,2007,35.82
pry,sex_f,ocu_isco08_4,mts_details_sep,2008,51.74
pry,sex_f,ocu_isco08_4,mts_details_sep,2009,47.94
pry,sex_f,ocu_isco08_4,mts_details_sep,2010,46.3
pry,sex_f,ocu_isco08_4,mts_details_sep,2011,43.07
pry,sex_f,ocu_isco08_4,mts_details_sep,2012,41.27
pry,sex_f,ocu_isco08_4,mts_details_sep,2013,40.76
pry,sex_f,ocu_isco08_4,mts_details_sep,2014,33.1
pry,sex_f,ocu_isco08_4,mts_details_sep,2015,37.97
pry,sex_f,ocu_isco08_4,mts_details_sep,2016,40.59
pry,sex_f,ocu_isco08_4,mts_details_sep,2017,43.76
pry,sex_f,ocu_isco08_4,mts_details_sep,2018,36.89
pry,sex_f,ocu_isco08_4,mts_details_sep,2019,44.83
pry,sex_f,ocu_isco08_4,mts_details_sep,2020,46.41
pry,sex_f,ocu_isco08_4,mts_details_sep,2021,49.08
pry,sex_f,ocu_isco08_4,mts_details_sep,2022,40.31
pry,sex_f,ocu_isco08_4,mts_details_sep,2023,46.45
pry,sex_f,ocu_isco08_4,mts_details_sep,2024,41.35
pry,sex_f,ocu_isco08_4,mts_details_sgle,1998,39.74
pry,sex_f,ocu_isco08_4,mts_details_sgle,1999,42.84
pry,sex_f,ocu_isco08_4,mts_details_sgle,2002,39.46
pry,sex_f,ocu_isco08_4,mts_details_sgle,2003,41.11
pry,sex_f,ocu_isco08_4,mts_details_sgle,2004,43.68
pry,sex_f,ocu_isco08_4,mts_details_sgle,2005,45.42
pry,sex_f,ocu_isco08_4,mts_details_sgle,2006,40.65
pry,sex_f,ocu_isco08_4,mts_details_sgle,2007,43.69
pry,sex_f,ocu_isco08_4,mts_details_sgle,2008,41.55
pry,sex_f,ocu_isco08_4,mts_details_sgle,2009,44.92
pry,sex_f,ocu_isco08_4,mts_details_sgle,2010,41.71
pry,sex_f,ocu_isco08_4,mts_details_sgle,2011,44.33
pry,sex_f,ocu_isco08_4,mts_details_sgle,2012,41.99
pry,sex_f,ocu_isco08_4,mts_details_sgle,2013,45.33
pry,sex_f,ocu_isco08_4,mts_details_sgle,2014,44.03
pry,sex_f,ocu_isco08_4,mts_details_sgle,2015,43.37
pry,sex_f,ocu_isco08_4,mts_details_sgle,2016,43.99
pry,sex_f,ocu_isco08_4,mts_details_sgle,2017,42.82
pry,sex_f,ocu_isco08_4,mts_details_sgle,2018,42.44
pry,sex_f,ocu_isco08_4,mts_details_sgle,2019,44.67
pry,sex_f,ocu_isco08_4,mts_details_sgle,2020,39.31
pry,sex_f,ocu_isco08_4,mts_details_sgle,2021,43.58
pry,sex_f,ocu_isco08_4,mts_details_sgle,2022,44.1
pry,sex_f,ocu_isco08_4,mts_details_sgle,2023,45.01
pry,sex_f,ocu_isco08_4,mts_details_sgle,2024,44.99
pry,sex_f,ocu_isco08_4,mts_details_total,1998,40.33
pry,sex_f,ocu_isco08_4,mts_details_total,1999,41.32
pry,sex_f,ocu_isco08_4,mts_details_total,2002,37.95
pry,sex_f,ocu_isco08_4,mts_details_total,2003,39.3
pry,sex_f,ocu_isco08_4,mts_details_total,2004,41.32
pry,sex_f,ocu_isco08_4,mts_details_total,2005,44.54
pry,sex_f,ocu_isco08_4,mts_details_total,2006,39.37
pry,sex_f,ocu_isco08_4,mts_details_total,2007,42.14
pry,sex_f,ocu_isco08_4,mts_details_total,2008,41.38
pry,sex_f,ocu_isco08_4,mts_details_total,2009,41.85
pry,sex_f,ocu_isco08_4,mts_details_total,2010,42.1
pry,sex_f,ocu_isco08_4,mts_details_total,2011,43.57
pry,sex_f,ocu_isco08_4,mts_details_total,2012,40.95
pry,sex_f,ocu_isco08_4,mts_details_total,2013,44.91
pry,sex_f,ocu_isco08_4,mts_details_total,2014,42.72
pry,sex_f,ocu_isco08_4,mts_details_total,2015,42.02
pry,sex_f,ocu_isco08_4,mts_details_total,2016,42.78
pry,sex_f,ocu_isco08_4,mts_details_total,2017,42.51
pry,sex_f,ocu_isco08_4,mts_details_total,2018,41.34
pry,sex_f,ocu_isco08_4,mts_details_total,2019,43.08
pry,sex_f,ocu_isco08_4,mts_details_total,2020,39.63
pry,sex_f,ocu_isco08_4,mts_details_total,2021,42.82
pry,sex_f,ocu_isco08_4,mts_details_total,2022,42.77
pry,sex_f,ocu_isco08_4,mts_details_total,2023,44.55
pry,sex_f,ocu_isco08_4,mts_details_total,2024,44.03
pry,sex_f,ocu_isco08_4,mts_details_union,1998,46.16
pry,sex_f,ocu_isco08_4,mts_details_union,1999,40.61
pry,sex_f,ocu_isco08_4,mts_details_union,2002,38.29
pry,sex_f,ocu_isco08_4,mts_details_union,2003,45.95
pry,sex_f,ocu_isco08_4,mts_details_union,2004,51.93
pry,sex_f,ocu_isco08_4,mts_details_union,2005,46.64
pry,sex_f,ocu_isco08_4,mts_details_union,2006,49.69
pry,sex_f,ocu_isco08_4,mts_details_union,2007,42.51
pry,sex_f,ocu_isco08_4,mts_details_union,2008,48.77
pry,sex_f,ocu_isco08_4,mts_details_union,2009,37.3
pry,sex_f,ocu_isco08_4,mts_details_union,2010,48.05
pry,sex_f,ocu_isco08_4,mts_details_union,2011,44.84
pry,sex_f,ocu_isco08_4,mts_details_union,2012,40.5
pry,sex_f,ocu_isco08_4,mts_details_union,2013,45.4
pry,sex_f,ocu_isco08_4,mts_details_union,2014,43.64
pry,sex_f,ocu_isco08_4,mts_details_union,2015,42.2
pry,sex_f,ocu_isco08_4,mts_details_union,2016,42.95
pry,sex_f,ocu_isco08_4,mts_details_union,2017,44.5
pry,sex_f,ocu_isco08_4,mts_details_union,2018,42.79
pry,sex_f,ocu_isco08_4,mts_details_union,2019,42.42
pry,sex_f,ocu_isco08_4,mts_details_union,2020,38.2
pry,sex_f,ocu_isco08_4,mts_details_union,2021,42.51
pry,sex_f,ocu_isco08_4,mts_details_union,2022,43.28
pry,sex_f,ocu_isco08_4,mts_details_union,2023,45.9
pry,sex_f,ocu_isco08_4,mts_details_union,2024,44.2
pry,sex_f,ocu_isco08_4,mts_details_wid,1998,39.44
pry,sex_f,ocu_isco08_4,mts_details_wid,1999,38.2
pry,sex_f,ocu_isco08_4,mts_details_wid,2004,26.75
pry,sex_f,ocu_isco08_4,mts_details_wid,2007,42.03
pry,sex_f,ocu_isco08_4,mts_details_wid,2008,46.52
pry,sex_f,ocu_isco08_4,mts_details_wid,2012,36.06
pry,sex_f,ocu_isco08_4,mts_details_wid,2013,38.32
pry,sex_f,ocu_isco08_4,mts_details_wid,2014,30.96
pry,sex_f,ocu_isco08_4,mts_details_wid,2015,38.2
pry,sex_f,ocu_isco08_4,mts_details_wid,2017,35.1
pry,sex_f,ocu_isco08_4,mts_details_wid,2018,38.92
pry,sex_f,ocu_isco08_4,mts_details_wid,2019,33.69
pry,sex_f,ocu_isco08_4,mts_details_wid,2021,29.26
pry,sex_f,ocu_isco08_4,mts_details_wid,2022,43.02
pry,sex_f,ocu_isco08_4,mts_details_wid,2023,45.93
pry,sex_f,ocu_isco08_4,mts_details_x,2020,39.43
pry,sex_f,ocu_isco08_4,mts_details_x,2021,43.13
pry,sex_f,ocu_isco08_5,mts_aggregate_1,1998,47.68
pry,sex_f,ocu_isco08_5,mts_aggregate_1,1999,46.86
pry,sex_f,ocu_isco08_5,mts_aggregate_1,2002,55.28
pry,sex_f,ocu_isco08_5,mts_aggregate_1,2003,50.31
pry,sex_f,ocu_isco08_5,mts_aggregate_1,2004,51.62
pry,sex_f,ocu_isco08_5,mts_aggregate_1,2005,53.78
pry,sex_f,ocu_isco08_5,mts_aggregate_1,2006,53.88
pry,sex_f,ocu_isco08_5,mts_aggregate_1,2007,53.61
pry,sex_f,ocu_isco08_5,mts_aggregate_1,2008,49.69
pry,sex_f,ocu_isco08_5,mts_aggregate_1,2009,50.19
pry,sex_f,ocu_isco08_5,mts_aggregate_1,2010,50.63
pry,sex_f,ocu_isco08_5,mts_aggregate_1,2011,51.03
pry,sex_f,ocu_isco08_5,mts_aggregate_1,2012,46.86
pry,sex_f,ocu_isco08_5,mts_aggregate_1,2013,50.63
pry,sex_f,ocu_isco08_5,mts_aggregate_1,2014,48.14
pry,sex_f,ocu_isco08_5,mts_aggregate_1,2015,48.42
pry,sex_f,ocu_isco08_5,mts_aggregate_1,2016,46.96
pry,sex_f,ocu_isco08_5,mts_aggregate_1,2017,46.34
pry,sex_f,ocu_isco08_5,mts_aggregate_1,2018,45.59
pry,sex_f,ocu_isco08_5,mts_aggregate_1,2019,46.47
pry,sex_f,ocu_isco08_5,mts_aggregate_1,2020,45.88
pry,sex_f,ocu_isco08_5,mts_aggregate_1,2021,45.19
pry,sex_f,ocu_isco08_5,mts_aggregate_1,2022,45.66
pry,sex_f,ocu_isco08_5,mts_aggregate_1,2023,45.07
pry,sex_f,ocu_isco08_5,mts_aggregate_1,2024,44.83
pry,sex_f,ocu_isco08_5,mts_aggregate_2,1998,40.07
pry,sex_f,ocu_isco08_5,mts_aggregate_2,1999,40.05
pry,sex_f,ocu_isco08_5,mts_aggregate_2,2002,49.93
pry,sex_f,ocu_isco08_5,mts_aggregate_2,2003,52.05
pry,sex_f,ocu_isco08_5,mts_aggregate_2,2004,50.33
pry,sex_f,ocu_isco08_5,mts_aggregate_2,2005,52.83
pry,sex_f,ocu_isco08_5,mts_aggregate_2,2006,55.07
pry,sex_f,ocu_isco08_5,mts_aggregate_2,2007,47.88
pry,sex_f,ocu_isco08_5,mts_aggregate_2,2008,54.77
pry,sex_f,ocu_isco08_5,mts_aggregate_2,2009,52.07
pry,sex_f,ocu_isco08_5,mts_aggregate_2,2010,48.92
pry,sex_f,ocu_isco08_5,mts_aggregate_2,2011,50.94
pry,sex_f,ocu_isco08_5,mts_aggregate_2,2012,49.64
pry,sex_f,ocu_isco08_5,mts_aggregate_2,2013,48.97
pry,sex_f,ocu_isco08_5,mts_aggregate_2,2014,48.92
pry,sex_f,ocu_isco08_5,mts_aggregate_2,2015,50.29
pry,sex_f,ocu_isco08_5,mts_aggregate_2,2016,48.63
pry,sex_f,ocu_isco08_5,mts_aggregate_2,2017,47.13
pry,sex_f,ocu_isco08_5,mts_aggregate_2,2018,47.26
pry,sex_f,ocu_isco08_5,mts_aggregate_2,2019,45.71
pry,sex_f,ocu_isco08_5,mts_aggregate_2,2020,46.08
pry,sex_f,ocu_isco08_5,mts_aggregate_2,2021,44.37
pry,sex_f,ocu_isco08_5,mts_aggregate_2,2022,45.98
pry,sex_f,ocu_isco08_5,mts_aggregate_2,2023,45.31
pry,sex_f,ocu_isco08_5,mts_aggregate_2,2024,45.71
pry,sex_f,ocu_isco08_5,mts_aggregate_total,1998,44.69
pry,sex_f,ocu_isco08_5,mts_aggregate_total,1999,44.11
pry,sex_f,ocu_isco08_5,mts_aggregate_total,2002,53.23
pry,sex_f,ocu_isco08_5,mts_aggregate_total,2003,51.04
pry,sex_f,ocu_isco08_5,mts_aggregate_total,2004,51.13
pry,sex_f,ocu_isco08_5,mts_aggregate_total,2005,53.41
pry,sex_f,ocu_isco08_5,mts_aggregate_total,2006,54.39
pry,sex_f,ocu_isco08_5,mts_aggregate_total,2007,51.14
pry,sex_f,ocu_isco08_5,mts_aggregate_total,2008,51.49
pry,sex_f,ocu_isco08_5,mts_aggregate_total,2009,50.91
pry,sex_f,ocu_isco08_5,mts_aggregate_total,2010,49.93
pry,sex_f,ocu_isco08_5,mts_aggregate_total,2011,50.99
pry,sex_f,ocu_isco08_5,mts_aggregate_total,2012,48.13
pry,sex_f,ocu_isco08_5,mts_aggregate_total,2013,49.96
pry,sex_f,ocu_isco08_5,mts_aggregate_total,2014,48.49
pry,sex_f,ocu_isco08_5,mts_aggregate_total,2015,49.19
pry,sex_f,ocu_isco08_5,mts_aggregate_total,2016,47.64
pry,sex_f,ocu_isco08_5,mts_aggregate_total,2017,46.7
pry,sex_f,ocu_isco08_5,mts_aggregate_total,2018,46.3
pry,sex_f,ocu_isco08_5,mts_aggregate_total,2019,46.13
pry,sex_f,ocu_isco08_5,mts_aggregate_total,2020,46.11
pry,sex_f,ocu_isco08_5,mts_aggregate_total,2021,44.72
pry,sex_f,ocu_isco08_5,mts_aggregate_total,2022,45.81
pry,sex_f,ocu_isco08_5,mts_aggregate_total,2023,45.18
pry,sex_f,ocu_isco08_5,mts_aggregate_total,2024,45.19
pry,sex_f,ocu_isco08_5,mts_aggregate_x,2020,46.17
pry,sex_f,ocu_isco08_5,mts_aggregate_x,2021,44.21
pry,sex_f,ocu_isco08_5,mts_details_mrd,1998,38.63
pry,sex_f,ocu_isco08_5,mts_details_mrd,1999,40.45
pry,sex_f,ocu_isco08_5,mts_details_mrd,2002,50.58
pry,sex_f,ocu_isco08_5,mts_details_mrd,2003,51.51
pry,sex_f,ocu_isco08_5,mts_details_mrd,2004,49.71
pry,sex_f,ocu_isco08_5,mts_details_mrd,2005,53.41
pry,sex_f,ocu_isco08_5,mts_details_mrd,2006,56.01
pry,sex_f,ocu_isco08_5,mts_details_mrd,2007,48.72
pry,sex_f,ocu_isco08_5,mts_details_mrd,2008,54.72
pry,sex_f,ocu_isco08_5,mts_details_mrd,2009,48.56
pry,sex_f,ocu_isco08_5,mts_details_mrd,2010,48.53
pry,sex_f,ocu_isco08_5,mts_details_mrd,2011,50.03
pry,sex_f,ocu_isco08_5,mts_details_mrd,2012,49.95
pry,sex_f,ocu_isco08_5,mts_details_mrd,2013,50.42
pry,sex_f,ocu_isco08_5,mts_details_mrd,2014,46.89
pry,sex_f,ocu_isco08_5,mts_details_mrd,2015,47.68
pry,sex_f,ocu_isco08_5,mts_details_mrd,2016,47.67
pry,sex_f,ocu_isco08_5,mts_details_mrd,2017,45.74
pry,sex_f,ocu_isco08_5,mts_details_mrd,2018,46.51
pry,sex_f,ocu_isco08_5,mts_details_mrd,2019,43.79
pry,sex_f,ocu_isco08_5,mts_details_mrd,2020,44.96
pry,sex_f,ocu_isco08_5,mts_details_mrd,2021,45.52
pry,sex_f,ocu_isco08_5,mts_details_mrd,2022,44.39
pry,sex_f,ocu_isco08_5,mts_details_mrd,2023,42.69
pry,sex_f,ocu_isco08_5,mts_details_mrd,2024,45.65
pry,sex_f,ocu_isco08_5,mts_details_sep,1998,40.76
pry,sex_f,ocu_isco08_5,mts_details_sep,1999,44.14
pry,sex_f,ocu_isco08_5,mts_details_sep,2002,45.61
pry,sex_f,ocu_isco08_5,mts_details_sep,2003,48.99
pry,sex_f,ocu_isco08_5,mts_details_sep,2004,53.01
pry,sex_f,ocu_isco08_5,mts_details_sep,2005,63.22
pry,sex_f,ocu_isco08_5,mts_details_sep,2006,44.88
pry,sex_f,ocu_isco08_5,mts_details_sep,2007,51.91
pry,sex_f,ocu_isco08_5,mts_details_sep,2008,29.44
pry,sex_f,ocu_isco08_5,mts_details_sep,2009,51.97
pry,sex_f,ocu_isco08_5,mts_details_sep,2010,54.13
pry,sex_f,ocu_isco08_5,mts_details_sep,2011,61.05
pry,sex_f,ocu_isco08_5,mts_details_sep,2012,50.37
pry,sex_f,ocu_isco08_5,mts_details_sep,2013,46.9
pry,sex_f,ocu_isco08_5,mts_details_sep,2014,53.43
pry,sex_f,ocu_isco08_5,mts_details_sep,2015,53.34
pry,sex_f,ocu_isco08_5,mts_details_sep,2016,45.73
pry,sex_f,ocu_isco08_5,mts_details_sep,2017,47.22
pry,sex_f,ocu_isco08_5,mts_details_sep,2018,44.66
pry,sex_f,ocu_isco08_5,mts_details_sep,2019,50.04
pry,sex_f,ocu_isco08_5,mts_details_sep,2020,52.94
pry,sex_f,ocu_isco08_5,mts_details_sep,2021,48.64
pry,sex_f,ocu_isco08_5,mts_details_sep,2022,45.41
pry,sex_f,ocu_isco08_5,mts_details_sep,2023,49.73
pry,sex_f,ocu_isco08_5,mts_details_sep,2024,49.69
pry,sex_f,ocu_isco08_5,mts_details_sgle,1998,48.62
pry,sex_f,ocu_isco08_5,mts_details_sgle,1999,46.91
pry,sex_f,ocu_isco08_5,mts_details_sgle,2002,56.15
pry,sex_f,ocu_isco08_5,mts_details_sgle,2003,51.21
pry,sex_f,ocu_isco08_5,mts_details_sgle,2004,51.49
pry,sex_f,ocu_isco08_5,mts_details_sgle,2005,51.87
pry,sex_f,ocu_isco08_5,mts_details_sgle,2006,54.3
pry,sex_f,ocu_isco08_5,mts_details_sgle,2007,53.71
pry,sex_f,ocu_isco08_5,mts_details_sgle,2008,50.86
pry,sex_f,ocu_isco08_5,mts_details_sgle,2009,50.27
pry,sex_f,ocu_isco08_5,mts_details_sgle,2010,50.5
pry,sex_f,ocu_isco08_5,mts_details_sgle,2011,50.07
pry,sex_f,ocu_isco08_5,mts_details_sgle,2012,46.6
pry,sex_f,ocu_isco08_5,mts_details_sgle,2013,50.99
pry,sex_f,ocu_isco08_5,mts_details_sgle,2014,47.73
pry,sex_f,ocu_isco08_5,mts_details_sgle,2015,48.09
pry,sex_f,ocu_isco08_5,mts_details_sgle,2016,47.15
pry,sex_f,ocu_isco08_5,mts_details_sgle,2017,46.14
pry,sex_f,ocu_isco08_5,mts_details_sgle,2018,45.95
pry,sex_f,ocu_isco08_5,mts_details_sgle,2019,46.29
pry,sex_f,ocu_isco08_5,mts_details_sgle,2020,45.52
pry,sex_f,ocu_isco08_5,mts_details_sgle,2021,45.19
pry,sex_f,ocu_isco08_5,mts_details_sgle,2022,45.78
pry,sex_f,ocu_isco08_5,mts_details_sgle,2023,44.5
pry,sex_f,ocu_isco08_5,mts_details_sgle,2024,44.22
pry,sex_f,ocu_isco08_5,mts_details_total,1998,44.69
pry,sex_f,ocu_isco08_5,mts_details_total,1999,44.11
pry,sex_f,ocu_isco08_5,mts_details_total,2002,53.23
pry,sex_f,ocu_isco08_5,mts_details_total,2003,51.04
pry,sex_f,ocu_isco08_5,mts_details_total,2004,51.13
pry,sex_f,ocu_isco08_5,mts_details_total,2005,53.41
pry,sex_f,ocu_isco08_5,mts_details_total,2006,54.39
pry,sex_f,ocu_isco08_5,mts_details_total,2007,51.14
pry,sex_f,ocu_isco08_5,mts_details_total,2008,51.49
pry,sex_f,ocu_isco08_5,mts_details_total,2009,50.91
pry,sex_f,ocu_isco08_5,mts_details_total,2010,49.93
pry,sex_f,ocu_isco08_5,mts_details_total,2011,50.99
pry,sex_f,ocu_isco08_5,mts_details_total,2012,48.13
pry,sex_f,ocu_isco08_5,mts_details_total,2013,49.96
pry,sex_f,ocu_isco08_5,mts_details_total,2014,48.49
pry,sex_f,ocu_isco08_5,mts_details_total,2015,49.19
pry,sex_f,ocu_isco08_5,mts_details_total,2016,47.64
pry,sex_f,ocu_isco08_5,mts_details_total,2017,46.7
pry,sex_f,ocu_isco08_5,mts_details_total,2018,46.3
pry,sex_f,ocu_isco08_5,mts_details_total,2019,46.13
pry,sex_f,ocu_isco08_5,mts_details_total,2020,46.11
pry,sex_f,ocu_isco08_5,mts_details_total,2021,44.72
pry,sex_f,ocu_isco08_5,mts_details_total,2022,45.81
pry,sex_f,ocu_isco08_5,mts_details_total,2023,45.18
pry,sex_f,ocu_isco08_5,mts_details_total,2024,45.19
pry,sex_f,ocu_isco08_5,mts_details_union,1998,41.64
pry,sex_f,ocu_isco08_5,mts_details_union,1999,39.19
pry,sex_f,ocu_isco08_5,mts_details_union,2002,48.84
pry,sex_f,ocu_isco08_5,mts_details_union,2003,52.96
pry,sex_f,ocu_isco08_5,mts_details_union,2004,51.05
pry,sex_f,ocu_isco08_5,mts_details_union,2005,52.02
pry,sex_f,ocu_isco08_5,mts_details_union,2006,53.98
pry,sex_f,ocu_isco08_5,mts_details_union,2007,46.59
pry,sex_f,ocu_isco08_5,mts_details_union,2008,54.83
pry,sex_f,ocu_isco08_5,mts_details_union,2009,54.85
pry,sex_f,ocu_isco08_5,mts_details_union,2010,49.32
pry,sex_f,ocu_isco08_5,mts_details_union,2011,52.25
pry,sex_f,ocu_isco08_5,mts_details_union,2012,49.4
pry,sex_f,ocu_isco08_5,mts_details_union,2013,47.92
pry,sex_f,ocu_isco08_5,mts_details_union,2014,50.63
pry,sex_f,ocu_isco08_5,mts_details_union,2015,52.87
pry,sex_f,ocu_isco08_5,mts_details_union,2016,49.29
pry,sex_f,ocu_isco08_5,mts_details_union,2017,48.16
pry,sex_f,ocu_isco08_5,mts_details_union,2018,47.79
pry,sex_f,ocu_isco08_5,mts_details_union,2019,46.77
pry,sex_f,ocu_isco08_5,mts_details_union,2020,46.77
pry,sex_f,ocu_isco08_5,mts_details_union,2021,43.47
pry,sex_f,ocu_isco08_5,mts_details_union,2022,46.72
pry,sex_f,ocu_isco08_5,mts_details_union,2023,46.72
pry,sex_f,ocu_isco08_5,mts_details_union,2024,45.74
pry,sex_f,ocu_isco08_5,mts_details_wid,1998,35.01
pry,sex_f,ocu_isco08_5,mts_details_wid,1999,52.5
pry,sex_f,ocu_isco08_5,mts_details_wid,2003,43.17
pry,sex_f,ocu_isco08_5,mts_details_wid,2004,52.31
pry,sex_f,ocu_isco08_5,mts_details_wid,2006,65.63
pry,sex_f,ocu_isco08_5,mts_details_wid,2008,50.4
pry,sex_f,ocu_isco08_5,mts_details_wid,2011,48.55
pry,sex_f,ocu_isco08_5,mts_details_wid,2012,44.07
pry,sex_f,ocu_isco08_5,mts_details_wid,2013,46.97
pry,sex_f,ocu_isco08_5,mts_details_wid,2015,48.31
pry,sex_f,ocu_isco08_5,mts_details_wid,2016,43.23
pry,sex_f,ocu_isco08_5,mts_details_wid,2017,48.32
pry,sex_f,ocu_isco08_5,mts_details_wid,2018,40.39
pry,sex_f,ocu_isco08_5,mts_details_wid,2019,42.86
pry,sex_f,ocu_isco08_5,mts_details_wid,2020,46.27
pry,sex_f,ocu_isco08_5,mts_details_wid,2021,36.08
pry,sex_f,ocu_isco08_5,mts_details_wid,2022,42.39
pry,sex_f,ocu_isco08_5,mts_details_wid,2023,48.33
pry,sex_f,ocu_isco08_5,mts_details_wid,2024,47.8
pry,sex_f,ocu_isco08_5,mts_details_x,2020,46.17
pry,sex_f,ocu_isco08_5,mts_details_x,2021,44.21
pry,sex_f,ocu_isco08_6,mts_aggregate_1,1999,27.54
pry,sex_f,ocu_isco08_6,mts_aggregate_1,2008,34.02
pry,sex_f,ocu_isco08_6,mts_aggregate_1,2009,31.91
pry,sex_f,ocu_isco08_6,mts_aggregate_1,2011,29.94
pry,sex_f,ocu_isco08_6,mts_aggregate_1,2015,42.38
pry,sex_f,ocu_isco08_6,mts_aggregate_1,2016,40.27
pry,sex_f,ocu_isco08_6,mts_aggregate_1,2017,27.3
pry,sex_f,ocu_isco08_6,mts_aggregate_1,2018,15.55
pry,sex_f,ocu_isco08_6,mts_aggregate_1,2019,20.9
pry,sex_f,ocu_isco08_6,mts_aggregate_1,2021,33.52
pry,sex_f,ocu_isco08_6,mts_aggregate_1,2022,31.97
pry,sex_f,ocu_isco08_6,mts_aggregate_1,2023,30.46
pry,sex_f,ocu_isco08_6,mts_aggregate_1,2024,31.29
pry,sex_f,ocu_isco08_6,mts_aggregate_2,1999,28.79
pry,sex_f,ocu_isco08_6,mts_aggregate_2,2005,46.63
pry,sex_f,ocu_isco08_6,mts_aggregate_2,2006,37.07
pry,sex_f,ocu_isco08_6,mts_aggregate_2,2007,25.94
pry,sex_f,ocu_isco08_6,mts_aggregate_2,2008,41.77
pry,sex_f,ocu_isco08_6,mts_aggregate_2,2010,41.99
pry,sex_f,ocu_isco08_6,mts_aggregate_2,2011,25.39
pry,sex_f,ocu_isco08_6,mts_aggregate_2,2012,45.9
pry,sex_f,ocu_isco08_6,mts_aggregate_2,2013,38.08
pry,sex_f,ocu_isco08_6,mts_aggregate_2,2015,39.71
pry,sex_f,ocu_isco08_6,mts_aggregate_2,2016,29.67
pry,sex_f,ocu_isco08_6,mts_aggregate_2,2017,38.28
pry,sex_f,ocu_isco08_6,mts_aggregate_2,2018,24.5
pry,sex_f,ocu_isco08_6,mts_aggregate_2,2019,20.1
pry,sex_f,ocu_isco08_6,mts_aggregate_2,2020,38.65
pry,sex_f,ocu_isco08_6,mts_aggregate_2,2021,30.5
pry,sex_f,ocu_isco08_6,mts_aggregate_2,2022,39.64
pry,sex_f,ocu_isco08_6,mts_aggregate_2,2023,44.64
pry,sex_f,ocu_isco08_6,mts_aggregate_2,2024,40.26
pry,sex_f,ocu_isco08_6,mts_aggregate_total,1999,28.42
pry,sex_f,ocu_isco08_6,mts_aggregate_total,2003,53.93
pry,sex_f,ocu_isco08_6,mts_aggregate_total,2004,48.09
pry,sex_f,ocu_isco08_6,mts_aggregate_total,2005,41.96
pry,sex_f,ocu_isco08_6,mts_aggregate_total,2006,36.11
pry,sex_f,ocu_isco08_6,mts_aggregate_total,2007,28.66
pry,sex_f,ocu_isco08_6,mts_aggregate_total,2008,39.5
pry,sex_f,ocu_isco08_6,mts_aggregate_total,2009,27.33
pry,sex_f,ocu_isco08_6,mts_aggregate_total,2010,42.02
pry,sex_f,ocu_isco08_6,mts_aggregate_total,2011,27.22
pry,sex_f,ocu_isco08_6,mts_aggregate_total,2012,45.9
pry,sex_f,ocu_isco08_6,mts_aggregate_total,2013,39.93
pry,sex_f,ocu_isco08_6,mts_aggregate_total,2014,40.05
pry,sex_f,ocu_isco08_6,mts_aggregate_total,2015,40.59
pry,sex_f,ocu_isco08_6,mts_aggregate_total,2016,32.17
pry,sex_f,ocu_isco08_6,mts_aggregate_total,2017,35.71
pry,sex_f,ocu_isco08_6,mts_aggregate_total,2018,22.12
pry,sex_f,ocu_isco08_6,mts_aggregate_total,2019,20.35
pry,sex_f,ocu_isco08_6,mts_aggregate_total,2020,33.64
pry,sex_f,ocu_isco08_6,mts_aggregate_total,2021,34.66
pry,sex_f,ocu_isco08_6,mts_aggregate_total,2022,36.55
pry,sex_f,ocu_isco08_6,mts_aggregate_total,2023,38.64
pry,sex_f,ocu_isco08_6,mts_aggregate_total,2024,38.42
pry,sex_f,ocu_isco08_6,mts_aggregate_x,2020,30.78
pry,sex_f,ocu_isco08_6,mts_aggregate_x,2021,50.83
pry,sex_f,ocu_isco08_6,mts_details_mrd,1999,31.58
pry,sex_f,ocu_isco08_6,mts_details_mrd,2006,34.41
pry,sex_f,ocu_isco08_6,mts_details_mrd,2008,47.52
pry,sex_f,ocu_isco08_6,mts_details_mrd,2015,23.3
pry,sex_f,ocu_isco08_6,mts_details_mrd,2016,31.06
pry,sex_f,ocu_isco08_6,mts_details_mrd,2017,32.8
pry,sex_f,ocu_isco08_6,mts_details_mrd,2018,24.79
pry,sex_f,ocu_isco08_6,mts_details_mrd,2019,21.3
pry,sex_f,ocu_isco08_6,mts_details_mrd,2020,44.49
pry,sex_f,ocu_isco08_6,mts_details_mrd,2021,25.67
pry,sex_f,ocu_isco08_6,mts_details_mrd,2022,41.49
pry,sex_f,ocu_isco08_6,mts_details_mrd,2023,41.34
pry,sex_f,ocu_isco08_6,mts_details_mrd,2024,42.97
pry,sex_f,ocu_isco08_6,mts_details_sgle,1999,26.01
pry,sex_f,ocu_isco08_6,mts_details_sgle,2008,34.02
pry,sex_f,ocu_isco08_6,mts_details_sgle,2009,39.9
pry,sex_f,ocu_isco08_6,mts_details_sgle,2015,41.86
pry,sex_f,ocu_isco08_6,mts_details_sgle,2016,40.27
pry,sex_f,ocu_isco08_6,mts_details_sgle,2017,28.59
pry,sex_f,ocu_isco08_6,mts_details_sgle,2018,14.19
pry,sex_f,ocu_isco08_6,mts_details_sgle,2019,14.68
pry,sex_f,ocu_isco08_6,mts_details_sgle,2021,35.68
pry,sex_f,ocu_isco08_6,mts_details_sgle,2022,30.55
pry,sex_f,ocu_isco08_6,mts_details_sgle,2023,31.35
pry,sex_f,ocu_isco08_6,mts_details_sgle,2024,30.84
pry,sex_f,ocu_isco08_6,mts_details_total,1999,28.42
pry,sex_f,ocu_isco08_6,mts_details_total,2003,53.93
pry,sex_f,ocu_isco08_6,mts_details_total,2004,48.09
pry,sex_f,ocu_isco08_6,mts_details_total,2005,41.96
pry,sex_f,ocu_isco08_6,mts_details_total,2006,36.11
pry,sex_f,ocu_isco08_6,mts_details_total,2007,28.66
pry,sex_f,ocu_isco08_6,mts_details_total,2008,39.5
pry,sex_f,ocu_isco08_6,mts_details_total,2009,27.33
pry,sex_f,ocu_isco08_6,mts_details_total,2010,42.02
pry,sex_f,ocu_isco08_6,mts_details_total,2011,27.22
pry,sex_f,ocu_isco08_6,mts_details_total,2012,45.9
pry,sex_f,ocu_isco08_6,mts_details_total,2013,39.93
pry,sex_f,ocu_isco08_6,mts_details_total,2014,40.05
pry,sex_f,ocu_isco08_6,mts_details_total,2015,40.59
pry,sex_f,ocu_isco08_6,mts_details_total,2016,32.17
pry,sex_f,ocu_isco08_6,mts_details_total,2017,35.71
pry,sex_f,ocu_isco08_6,mts_details_total,2018,22.12
pry,sex_f,ocu_isco08_6,mts_details_total,2019,20.35
pry,sex_f,ocu_isco08_6,mts_details_total,2020,33.64
pry,sex_f,ocu_isco08_6,mts_details_total,2021,34.66
pry,sex_f,ocu_isco08_6,mts_details_total,2022,36.55
pry,sex_f,ocu_isco08_6,mts_details_total,2023,38.64
pry,sex_f,ocu_isco08_6,mts_details_total,2024,38.42
pry,sex_f,ocu_isco08_6,mts_details_union,2008,27.49
pry,sex_f,ocu_isco08_6,mts_details_union,2011,23.36
pry,sex_f,ocu_isco08_6,mts_details_union,2012,33.31
pry,sex_f,ocu_isco08_6,mts_details_union,2013,43.83
pry,sex_f,ocu_isco08_6,mts_details_union,2015,59.75
pry,sex_f,ocu_isco08_6,mts_details_union,2016,28.77
pry,sex_f,ocu_isco08_6,mts_details_union,2017,41.05
pry,sex_f,ocu_isco08_6,mts_details_union,2018,24.05
pry,sex_f,ocu_isco08_6,mts_details_union,2019,19.56
pry,sex_f,ocu_isco08_6,mts_details_union,2020,33.25
pry,sex_f,ocu_isco08_6,mts_details_union,2021,31.54
pry,sex_f,ocu_isco08_6,mts_details_union,2022,38.81
pry,sex_f,ocu_isco08_6,mts_details_union,2023,47.01
pry,sex_f,ocu_isco08_6,mts_details_union,2024,39.4
pry,sex_f,ocu_isco08_6,mts_details_x,2020,30.78
pry,sex_f,ocu_isco08_6,mts_details_x,2021,50.83
pry,sex_f,ocu_isco08_7,mts_aggregate_1,1998,41.12
pry,sex_f,ocu_isco08_7,mts_aggregate_1,1999,40.54
pry,sex_f,ocu_isco08_7,mts_aggregate_1,2002,47.78
pry,sex_f,ocu_isco08_7,mts_aggregate_1,2003,38.93
pry,sex_f,ocu_isco08_7,mts_aggregate_1,2004,49.51
pry,sex_f,ocu_isco08_7,mts_aggregate_1,2005,45.82
pry,sex_f,ocu_isco08_7,mts_aggregate_1,2006,50.18
pry,sex_f,ocu_isco08_7,mts_aggregate_1,2007,41.04
pry,sex_f,ocu_isco08_7,mts_aggregate_1,2008,42.87
pry,sex_f,ocu_isco08_7,mts_aggregate_1,2009,40.17
pry,sex_f,ocu_isco08_7,mts_aggregate_1,2010,49.05
pry,sex_f,ocu_isco08_7,mts_aggregate_1,2011,51.98
pry,sex_f,ocu_isco08_7,mts_aggregate_1,2012,46.71
pry,sex_f,ocu_isco08_7,mts_aggregate_1,2013,48.55
pry,sex_f,ocu_isco08_7,mts_aggregate_1,2014,47.41
pry,sex_f,ocu_isco08_7,mts_aggregate_1,2015,46.53
pry,sex_f,ocu_isco08_7,mts_aggregate_1,2016,48.32
pry,sex_f,ocu_isco08_7,mts_aggregate_1,2017,47.6
pry,sex_f,ocu_isco08_7,mts_aggregate_1,2018,46.63
pry,sex_f,ocu_isco08_7,mts_aggregate_1,2019,45.96
pry,sex_f,ocu_isco08_7,mts_aggregate_1,2020,43.11
pry,sex_f,ocu_isco08_7,mts_aggregate_1,2021,39.54
pry,sex_f,ocu_isco08_7,mts_aggregate_1,2022,45.96
pry,sex_f,ocu_isco08_7,mts_aggregate_1,2023,47.22
pry,sex_f,ocu_isco08_7,mts_aggregate_1,2024,44.13
pry,sex_f,ocu_isco08_7,mts_aggregate_2,1998,43.8
pry,sex_f,ocu_isco08_7,mts_aggregate_2,1999,45.28
pry,sex_f,ocu_isco08_7,mts_aggregate_2,2002,46.62
pry,sex_f,ocu_isco08_7,mts_aggregate_2,2003,40.86
pry,sex_f,ocu_isco08_7,mts_aggregate_2,2004,48.07
pry,sex_f,ocu_isco08_7,mts_aggregate_2,2005,53.72
pry,sex_f,ocu_isco08_7,mts_aggregate_2,2006,48.42
pry,sex_f,ocu_isco08_7,mts_aggregate_2,2007,54.83
pry,sex_f,ocu_isco08_7,mts_aggregate_2,2008,44.24
pry,sex_f,ocu_isco08_7,mts_aggregate_2,2009,42.53
pry,sex_f,ocu_isco08_7,mts_aggregate_2,2010,47.76
pry,sex_f,ocu_isco08_7,mts_aggregate_2,2011,41.33
pry,sex_f,ocu_isco08_7,mts_aggregate_2,2012,43.7
pry,sex_f,ocu_isco08_7,mts_aggregate_2,2013,42.9
pry,sex_f,ocu_isco08_7,mts_aggregate_2,2014,43.93
pry,sex_f,ocu_isco08_7,mts_aggregate_2,2015,50.52
pry,sex_f,ocu_isco08_7,mts_aggregate_2,2016,52.69
pry,sex_f,ocu_isco08_7,mts_aggregate_2,2017,43.06
pry,sex_f,ocu_isco08_7,mts_aggregate_2,2018,42.42
pry,sex_f,ocu_isco08_7,mts_aggregate_2,2019,43.79
pry,sex_f,ocu_isco08_7,mts_aggregate_2,2020,37.73
pry,sex_f,ocu_isco08_7,mts_aggregate_2,2021,48.93
pry,sex_f,ocu_isco08_7,mts_aggregate_2,2022,47.28
pry,sex_f,ocu_isco08_7,mts_aggregate_2,2023,46.29
pry,sex_f,ocu_isco08_7,mts_aggregate_2,2024,46.9
pry,sex_f,ocu_isco08_7,mts_aggregate_total,1998,42.37
pry,sex_f,ocu_isco08_7,mts_aggregate_total,1999,42.65
pry,sex_f,ocu_isco08_7,mts_aggregate_total,2002,47.17
pry,sex_f,ocu_isco08_7,mts_aggregate_total,2003,39.97
pry,sex_f,ocu_isco08_7,mts_aggregate_total,2004,48.7
pry,sex_f,ocu_isco08_7,mts_aggregate_total,2005,49.78
pry,sex_f,ocu_isco08_7,mts_aggregate_total,2006,49.09
pry,sex_f,ocu_isco08_7,mts_aggregate_total,2007,48.96
pry,sex_f,ocu_isco08_7,mts_aggregate_total,2008,43.78
pry,sex_f,ocu_isco08_7,mts_aggregate_total,2009,41.41
pry,sex_f,ocu_isco08_7,mts_aggregate_total,2010,48.42
pry,sex_f,ocu_isco08_7,mts_aggregate_total,2011,46.7
pry,sex_f,ocu_isco08_7,mts_aggregate_total,2012,45.19
pry,sex_f,ocu_isco08_7,mts_aggregate_total,2013,45.16
pry,sex_f,ocu_isco08_7,mts_aggregate_total,2014,46.01
pry,sex_f,ocu_isco08_7,mts_aggregate_total,2015,49.06
pry,sex_f,ocu_isco08_7,mts_aggregate_total,2016,50.69
pry,sex_f,ocu_isco08_7,mts_aggregate_total,2017,45.18
pry,sex_f,ocu_isco08_7,mts_aggregate_total,2018,44.23
pry,sex_f,ocu_isco08_7,mts_aggregate_total,2019,44.62
pry,sex_f,ocu_isco08_7,mts_aggregate_total,2020,42.79
pry,sex_f,ocu_isco08_7,mts_aggregate_total,2021,44.3
pry,sex_f,ocu_isco08_7,mts_aggregate_total,2022,46.46
pry,sex_f,ocu_isco08_7,mts_aggregate_total,2023,46.69
pry,sex_f,ocu_isco08_7,mts_aggregate_total,2024,45.52
pry,sex_f,ocu_isco08_7,mts_aggregate_x,2020,43.7
pry,sex_f,ocu_isco08_7,mts_aggregate_x,2021,43.39
pry,sex_f,ocu_isco08_7,mts_details_mrd,1998,43.99
pry,sex_f,ocu_isco08_7,mts_details_mrd,1999,40.06
pry,sex_f,ocu_isco08_7,mts_details_mrd,2002,41.97
pry,sex_f,ocu_isco08_7,mts_details_mrd,2003,43.78
pry,sex_f,ocu_isco08_7,mts_details_mrd,2004,47.48
pry,sex_f,ocu_isco08_7,mts_details_mrd,2005,58.38
pry,sex_f,ocu_isco08_7,mts_details_mrd,2006,47.73
pry,sex_f,ocu_isco08_7,mts_details_mrd,2007,53.62
pry,sex_f,ocu_isco08_7,mts_details_mrd,2008,41
pry,sex_f,ocu_isco08_7,mts_details_mrd,2009,39.43
pry,sex_f,ocu_isco08_7,mts_details_mrd,2010,49.57
pry,sex_f,ocu_isco08_7,mts_details_mrd,2011,41.53
pry,sex_f,ocu_isco08_7,mts_details_mrd,2012,47.91
pry,sex_f,ocu_isco08_7,mts_details_mrd,2013,35.56
pry,sex_f,ocu_isco08_7,mts_details_mrd,2014,43.16
pry,sex_f,ocu_isco08_7,mts_details_mrd,2015,50.65
pry,sex_f,ocu_isco08_7,mts_details_mrd,2016,48.28
pry,sex_f,ocu_isco08_7,mts_details_mrd,2017,45.98
pry,sex_f,ocu_isco08_7,mts_details_mrd,2018,43.32
pry,sex_f,ocu_isco08_7,mts_details_mrd,2019,40.76
pry,sex_f,ocu_isco08_7,mts_details_mrd,2021,46.64
pry,sex_f,ocu_isco08_7,mts_details_mrd,2022,43.61
pry,sex_f,ocu_isco08_7,mts_details_mrd,2023,43.26
pry,sex_f,ocu_isco08_7,mts_details_mrd,2024,49.66
pry,sex_f,ocu_isco08_7,mts_details_sep,1999,44.62
pry,sex_f,ocu_isco08_7,mts_details_sep,2003,36.66
pry,sex_f,ocu_isco08_7,mts_details_sep,2013,46.37
pry,sex_f,ocu_isco08_7,mts_details_sep,2015,45.75
pry,sex_f,ocu_isco08_7,mts_details_sep,2017,49.38
pry,sex_f,ocu_isco08_7,mts_details_sep,2019,51.25
pry,sex_f,ocu_isco08_7,mts_details_sep,2022,47.74
pry,sex_f,ocu_isco08_7,mts_details_sep,2023,37.91
pry,sex_f,ocu_isco08_7,mts_details_sep,2024,38.16
pry,sex_f,ocu_isco08_7,mts_details_sgle,1998,41.08
pry,sex_f,ocu_isco08_7,mts_details_sgle,1999,40.52
pry,sex_f,ocu_isco08_7,mts_details_sgle,2002,44.51
pry,sex_f,ocu_isco08_7,mts_details_sgle,2003,39.28
pry,sex_f,ocu_isco08_7,mts_details_sgle,2004,47.99
pry,sex_f,ocu_isco08_7,mts_details_sgle,2005,47.43
pry,sex_f,ocu_isco08_7,mts_details_sgle,2006,49.27
pry,sex_f,ocu_isco08_7,mts_details_sgle,2007,38.97
pry,sex_f,ocu_isco08_7,mts_details_sgle,2008,43.91
pry,sex_f,ocu_isco08_7,mts_details_sgle,2009,40.89
pry,sex_f,ocu_isco08_7,mts_details_sgle,2010,49.76
pry,sex_f,ocu_isco08_7,mts_details_sgle,2011,52.57
pry,sex_f,ocu_isco08_7,mts_details_sgle,2012,48.5
pry,sex_f,ocu_isco08_7,mts_details_sgle,2013,50.87
pry,sex_f,ocu_isco08_7,mts_details_sgle,2014,47.18
pry,sex_f,ocu_isco08_7,mts_details_sgle,2015,46.57
pry,sex_f,ocu_isco08_7,mts_details_sgle,2016,48.87
pry,sex_f,ocu_isco08_7,mts_details_sgle,2017,47.8
pry,sex_f,ocu_isco08_7,mts_details_sgle,2018,45.93
pry,sex_f,ocu_isco08_7,mts_details_sgle,2019,45.56
pry,sex_f,ocu_isco08_7,mts_details_sgle,2020,43.43
pry,sex_f,ocu_isco08_7,mts_details_sgle,2021,40.1
pry,sex_f,ocu_isco08_7,mts_details_sgle,2022,45.42
pry,sex_f,ocu_isco08_7,mts_details_sgle,2023,48.94
pry,sex_f,ocu_isco08_7,mts_details_sgle,2024,45.32
pry,sex_f,ocu_isco08_7,mts_details_total,1998,42.37
pry,sex_f,ocu_isco08_7,mts_details_total,1999,42.65
pry,sex_f,ocu_isco08_7,mts_details_total,2002,47.17
pry,sex_f,ocu_isco08_7,mts_details_total,2003,39.97
pry,sex_f,ocu_isco08_7,mts_details_total,2004,48.7
pry,sex_f,ocu_isco08_7,mts_details_total,2005,49.78
pry,sex_f,ocu_isco08_7,mts_details_total,2006,49.09
pry,sex_f,ocu_isco08_7,mts_details_total,2007,48.96
pry,sex_f,ocu_isco08_7,mts_details_total,2008,43.78
pry,sex_f,ocu_isco08_7,mts_details_total,2009,41.41
pry,sex_f,ocu_isco08_7,mts_details_total,2010,48.42
pry,sex_f,ocu_isco08_7,mts_details_total,2011,46.7
pry,sex_f,ocu_isco08_7,mts_details_total,2012,45.19
pry,sex_f,ocu_isco08_7,mts_details_total,2013,45.16
pry,sex_f,ocu_isco08_7,mts_details_total,2014,46.01
pry,sex_f,ocu_isco08_7,mts_details_total,2015,49.06
pry,sex_f,ocu_isco08_7,mts_details_total,2016,50.69
pry,sex_f,ocu_isco08_7,mts_details_total,2017,45.18
pry,sex_f,ocu_isco08_7,mts_details_total,2018,44.23
pry,sex_f,ocu_isco08_7,mts_details_total,2019,44.62
pry,sex_f,ocu_isco08_7,mts_details_total,2020,42.79
pry,sex_f,ocu_isco08_7,mts_details_total,2021,44.3
pry,sex_f,ocu_isco08_7,mts_details_total,2022,46.46
pry,sex_f,ocu_isco08_7,mts_details_total,2023,46.69
pry,sex_f,ocu_isco08_7,mts_details_total,2024,45.52
pry,sex_f,ocu_isco08_7,mts_details_union,1998,43.07
pry,sex_f,ocu_isco08_7,mts_details_union,1999,56.95
pry,sex_f,ocu_isco08_7,mts_details_union,2002,56.29
pry,sex_f,ocu_isco08_7,mts_details_union,2003,36.85
pry,sex_f,ocu_isco08_7,mts_details_union,2004,48.93
pry,sex_f,ocu_isco08_7,mts_details_union,2005,49.58
pry,sex_f,ocu_isco08_7,mts_details_union,2006,50.25
pry,sex_f,ocu_isco08_7,mts_details_union,2007,56.58
pry,sex_f,ocu_isco08_7,mts_details_union,2008,49.34
pry,sex_f,ocu_isco08_7,mts_details_union,2009,47.68
pry,sex_f,ocu_isco08_7,mts_details_union,2010,44.7
pry,sex_f,ocu_isco08_7,mts_details_union,2011,41.07
pry,sex_f,ocu_isco08_7,mts_details_union,2012,39.53
pry,sex_f,ocu_isco08_7,mts_details_union,2013,56.72
pry,sex_f,ocu_isco08_7,mts_details_union,2014,44.67
pry,sex_f,ocu_isco08_7,mts_details_union,2015,50.38
pry,sex_f,ocu_isco08_7,mts_details_union,2016,56.06
pry,sex_f,ocu_isco08_7,mts_details_union,2017,41.1
pry,sex_f,ocu_isco08_7,mts_details_union,2018,41.67
pry,sex_f,ocu_isco08_7,mts_details_union,2019,46.97
pry,sex_f,ocu_isco08_7,mts_details_union,2020,38.15
pry,sex_f,ocu_isco08_7,mts_details_union,2021,49.63
pry,sex_f,ocu_isco08_7,mts_details_union,2022,49.6
pry,sex_f,ocu_isco08_7,mts_details_union,2023,48.64
pry,sex_f,ocu_isco08_7,mts_details_union,2024,45.8
pry,sex_f,ocu_isco08_7,mts_details_wid,2017,42.79
pry,sex_f,ocu_isco08_7,mts_details_x,2020,43.7
pry,sex_f,ocu_isco08_7,mts_details_x,2021,43.39
pry,sex_f,ocu_isco08_8,mts_aggregate_1,2004,54.52
pry,sex_f,ocu_isco08_8,mts_aggregate_1,2013,51.49
pry,sex_f,ocu_isco08_8,mts_aggregate_1,2015,36.52
pry,sex_f,ocu_isco08_8,mts_aggregate_1,2017,43.5
pry,sex_f,ocu_isco08_8,mts_aggregate_1,2018,44.78
pry,sex_f,ocu_isco08_8,mts_aggregate_1,2019,34.29
pry,sex_f,ocu_isco08_8,mts_aggregate_1,2021,46.98
pry,sex_f,ocu_isco08_8,mts_aggregate_1,2022,44.52
pry,sex_f,ocu_isco08_8,mts_aggregate_1,2023,42.21
pry,sex_f,ocu_isco08_8,mts_aggregate_1,2024,44.76
pry,sex_f,ocu_isco08_8,mts_aggregate_2,2005,45.77
pry,sex_f,ocu_isco08_8,mts_aggregate_2,2011,35.18
pry,sex_f,ocu_isco08_8,mts_aggregate_2,2014,57.61
pry,sex_f,ocu_isco08_8,mts_aggregate_2,2016,55.07
pry,sex_f,ocu_isco08_8,mts_aggregate_2,2017,52.91
pry,sex_f,ocu_isco08_8,mts_aggregate_2,2018,46.01
pry,sex_f,ocu_isco08_8,mts_aggregate_2,2019,41.31
pry,sex_f,ocu_isco08_8,mts_aggregate_2,2021,49.53
pry,sex_f,ocu_isco08_8,mts_aggregate_2,2022,48.51
pry,sex_f,ocu_isco08_8,mts_aggregate_2,2023,41.67
pry,sex_f,ocu_isco08_8,mts_aggregate_2,2024,44.39
pry,sex_f,ocu_isco08_8,mts_aggregate_total,2003,54.02
pry,sex_f,ocu_isco08_8,mts_aggregate_total,2004,52.57
pry,sex_f,ocu_isco08_8,mts_aggregate_total,2005,55.28
pry,sex_f,ocu_isco08_8,mts_aggregate_total,2007,40.51
pry,sex_f,ocu_isco08_8,mts_aggregate_total,2008,48.48
pry,sex_f,ocu_isco08_8,mts_aggregate_total,2010,42.88
pry,sex_f,ocu_isco08_8,mts_aggregate_total,2011,37.5
pry,sex_f,ocu_isco08_8,mts_aggregate_total,2012,49.11
pry,sex_f,ocu_isco08_8,mts_aggregate_total,2013,42.88
pry,sex_f,ocu_isco08_8,mts_aggregate_total,2014,54.4
pry,sex_f,ocu_isco08_8,mts_aggregate_total,2015,41.56
pry,sex_f,ocu_isco08_8,mts_aggregate_total,2016,54.4
pry,sex_f,ocu_isco08_8,mts_aggregate_total,2017,48.44
pry,sex_f,ocu_isco08_8,mts_aggregate_total,2018,45.31
pry,sex_f,ocu_isco08_8,mts_aggregate_total,2019,39.34
pry,sex_f,ocu_isco08_8,mts_aggregate_total,2020,50.01
pry,sex_f,ocu_isco08_8,mts_aggregate_total,2021,48.06
pry,sex_f,ocu_isco08_8,mts_aggregate_total,2022,46.13
pry,sex_f,ocu_isco08_8,mts_aggregate_total,2023,42.01
pry,sex_f,ocu_isco08_8,mts_aggregate_total,2024,44.62
pry,sex_f,ocu_isco08_8,mts_aggregate_x,2020,51.03
pry,sex_f,ocu_isco08_8,mts_details_mrd,2014,60.42
pry,sex_f,ocu_isco08_8,mts_details_mrd,2017,52.05
pry,sex_f,ocu_isco08_8,mts_details_mrd,2018,41.99
pry,sex_f,ocu_isco08_8,mts_details_mrd,2019,39.12
pry,sex_f,ocu_isco08_8,mts_details_mrd,2021,44.64
pry,sex_f,ocu_isco08_8,mts_details_mrd,2023,43.3
pry,sex_f,ocu_isco08_8,mts_details_mrd,2024,41.77
pry,sex_f,ocu_isco08_8,mts_details_sep,2024,43.83
pry,sex_f,ocu_isco08_8,mts_details_sgle,2013,55.27
pry,sex_f,ocu_isco08_8,mts_details_sgle,2015,35.84
pry,sex_f,ocu_isco08_8,mts_details_sgle,2017,43.5
pry,sex_f,ocu_isco08_8,mts_details_sgle,2018,44.43
pry,sex_f,ocu_isco08_8,mts_details_sgle,2021,46.98
pry,sex_f,ocu_isco08_8,mts_details_sgle,2022,44.52
pry,sex_f,ocu_isco08_8,mts_details_sgle,2023,43.07
pry,sex_f,ocu_isco08_8,mts_details_sgle,2024,43.68
pry,sex_f,ocu_isco08_8,mts_details_total,2003,54.02
pry,sex_f,ocu_isco08_8,mts_details_total,2004,52.57
pry,sex_f,ocu_isco08_8,mts_details_total,2005,55.28
pry,sex_f,ocu_isco08_8,mts_details_total,2007,40.51
pry,sex_f,ocu_isco08_8,mts_details_total,2008,48.48
pry,sex_f,ocu_isco08_8,mts_details_total,2010,42.88
pry,sex_f,ocu_isco08_8,mts_details_total,2011,37.5
pry,sex_f,ocu_isco08_8,mts_details_total,2012,49.11
pry,sex_f,ocu_isco08_8,mts_details_total,2013,42.88
pry,sex_f,ocu_isco08_8,mts_details_total,2014,54.4
pry,sex_f,ocu_isco08_8,mts_details_total,2015,41.56
pry,sex_f,ocu_isco08_8,mts_details_total,2016,54.4
pry,sex_f,ocu_isco08_8,mts_details_total,2017,48.44
pry,sex_f,ocu_isco08_8,mts_details_total,2018,45.31
pry,sex_f,ocu_isco08_8,mts_details_total,2019,39.34
pry,sex_f,ocu_isco08_8,mts_details_total,2020,50.01
pry,sex_f,ocu_isco08_8,mts_details_total,2021,48.06
pry,sex_f,ocu_isco08_8,mts_details_total,2022,46.13
pry,sex_f,ocu_isco08_8,mts_details_total,2023,42.01
pry,sex_f,ocu_isco08_8,mts_details_total,2024,44.62
pry,sex_f,ocu_isco08_8,mts_details_union,2016,56.58
pry,sex_f,ocu_isco08_8,mts_details_union,2017,53.72
pry,sex_f,ocu_isco08_8,mts_details_union,2018,49
pry,sex_f,ocu_isco08_8,mts_details_union,2019,42.74
pry,sex_f,ocu_isco08_8,mts_details_union,2021,52.86
pry,sex_f,ocu_isco08_8,mts_details_union,2022,48.53
pry,sex_f,ocu_isco08_8,mts_details_union,2023,39.15
pry,sex_f,ocu_isco08_8,mts_details_x,2020,51.03
pry,sex_f,ocu_isco08_9,mts_aggregate_1,1998,46.44
pry,sex_f,ocu_isco08_9,mts_aggregate_1,1999,48.44
pry,sex_f,ocu_isco08_9,mts_aggregate_1,2002,48.38
pry,sex_f,ocu_isco08_9,mts_aggregate_1,2003,46.44
pry,sex_f,ocu_isco08_9,mts_aggregate_1,2004,47.19
pry,sex_f,ocu_isco08_9,mts_aggregate_1,2005,46.41
pry,sex_f,ocu_isco08_9,mts_aggregate_1,2006,47.88
pry,sex_f,ocu_isco08_9,mts_aggregate_1,2007,47.45
pry,sex_f,ocu_isco08_9,mts_aggregate_1,2008,45.33
pry,sex_f,ocu_isco08_9,mts_aggregate_1,2009,42.7
pry,sex_f,ocu_isco08_9,mts_aggregate_1,2010,45.59
pry,sex_f,ocu_isco08_9,mts_aggregate_1,2011,43.9
pry,sex_f,ocu_isco08_9,mts_aggregate_1,2012,43.84
pry,sex_f,ocu_isco08_9,mts_aggregate_1,2013,42.72
pry,sex_f,ocu_isco08_9,mts_aggregate_1,2014,42.41
pry,sex_f,ocu_isco08_9,mts_aggregate_1,2015,40.79
pry,sex_f,ocu_isco08_9,mts_aggregate_1,2016,41.83
pry,sex_f,ocu_isco08_9,mts_aggregate_1,2017,39.61
pry,sex_f,ocu_isco08_9,mts_aggregate_1,2018,38.8
pry,sex_f,ocu_isco08_9,mts_aggregate_1,2019,37
pry,sex_f,ocu_isco08_9,mts_aggregate_1,2020,37.52
pry,sex_f,ocu_isco08_9,mts_aggregate_1,2021,35.73
pry,sex_f,ocu_isco08_9,mts_aggregate_1,2022,36.24
pry,sex_f,ocu_isco08_9,mts_aggregate_1,2023,36.25
pry,sex_f,ocu_isco08_9,mts_aggregate_1,2024,36.4
pry,sex_f,ocu_isco08_9,mts_aggregate_2,1998,45.97
pry,sex_f,ocu_isco08_9,mts_aggregate_2,1999,50.85
pry,sex_f,ocu_isco08_9,mts_aggregate_2,2002,39
pry,sex_f,ocu_isco08_9,mts_aggregate_2,2003,38.88
pry,sex_f,ocu_isco08_9,mts_aggregate_2,2004,41.26
pry,sex_f,ocu_isco08_9,mts_aggregate_2,2005,42.2
pry,sex_f,ocu_isco08_9,mts_aggregate_2,2006,42.65
pry,sex_f,ocu_isco08_9,mts_aggregate_2,2007,41
pry,sex_f,ocu_isco08_9,mts_aggregate_2,2008,35.99
pry,sex_f,ocu_isco08_9,mts_aggregate_2,2009,38.98
pry,sex_f,ocu_isco08_9,mts_aggregate_2,2010,38.13
pry,sex_f,ocu_isco08_9,mts_aggregate_2,2011,39.95
pry,sex_f,ocu_isco08_9,mts_aggregate_2,2012,37.89
pry,sex_f,ocu_isco08_9,mts_aggregate_2,2013,39.85
pry,sex_f,ocu_isco08_9,mts_aggregate_2,2014,39.07
pry,sex_f,ocu_isco08_9,mts_aggregate_2,2015,36.32
pry,sex_f,ocu_isco08_9,mts_aggregate_2,2016,37.68
pry,sex_f,ocu_isco08_9,mts_aggregate_2,2017,36.5
pry,sex_f,ocu_isco08_9,mts_aggregate_2,2018,35.89
pry,sex_f,ocu_isco08_9,mts_aggregate_2,2019,34.25
pry,sex_f,ocu_isco08_9,mts_aggregate_2,2020,33.96
pry,sex_f,ocu_isco08_9,mts_aggregate_2,2021,34.31
pry,sex_f,ocu_isco08_9,mts_aggregate_2,2022,34.11
pry,sex_f,ocu_isco08_9,mts_aggregate_2,2023,32.9
pry,sex_f,ocu_isco08_9,mts_aggregate_2,2024,33.17
pry,sex_f,ocu_isco08_9,mts_aggregate_total,1998,46.23
pry,sex_f,ocu_isco08_9,mts_aggregate_total,1999,48.93
pry,sex_f,ocu_isco08_9,mts_aggregate_total,2002,44.88
pry,sex_f,ocu_isco08_9,mts_aggregate_total,2003,43.54
pry,sex_f,ocu_isco08_9,mts_aggregate_total,2004,44.85
pry,sex_f,ocu_isco08_9,mts_aggregate_total,2005,44.72
pry,sex_f,ocu_isco08_9,mts_aggregate_total,2006,45.99
pry,sex_f,ocu_isco08_9,mts_aggregate_total,2007,44.6
pry,sex_f,ocu_isco08_9,mts_aggregate_total,2008,41.13
pry,sex_f,ocu_isco08_9,mts_aggregate_total,2009,41.08
pry,sex_f,ocu_isco08_9,mts_aggregate_total,2010,42.07
pry,sex_f,ocu_isco08_9,mts_aggregate_total,2011,42.32
pry,sex_f,ocu_isco08_9,mts_aggregate_total,2012,40.94
pry,sex_f,ocu_isco08_9,mts_aggregate_total,2013,41.31
pry,sex_f,ocu_isco08_9,mts_aggregate_total,2014,41.01
pry,sex_f,ocu_isco08_9,mts_aggregate_total,2015,38.8
pry,sex_f,ocu_isco08_9,mts_aggregate_total,2016,39.72
pry,sex_f,ocu_isco08_9,mts_aggregate_total,2017,38
pry,sex_f,ocu_isco08_9,mts_aggregate_total,2018,37.27
pry,sex_f,ocu_isco08_9,mts_aggregate_total,2019,35.61
pry,sex_f,ocu_isco08_9,mts_aggregate_total,2020,35.5
pry,sex_f,ocu_isco08_9,mts_aggregate_total,2021,35.44
pry,sex_f,ocu_isco08_9,mts_aggregate_total,2022,35.19
pry,sex_f,ocu_isco08_9,mts_aggregate_total,2023,34.57
pry,sex_f,ocu_isco08_9,mts_aggregate_total,2024,34.8
pry,sex_f,ocu_isco08_9,mts_aggregate_x,2020,35.43
pry,sex_f,ocu_isco08_9,mts_aggregate_x,2021,36.5
pry,sex_f,ocu_isco08_9,mts_details_mrd,1998,47.8
pry,sex_f,ocu_isco08_9,mts_details_mrd,1999,52.52
pry,sex_f,ocu_isco08_9,mts_details_mrd,2002,40.76
pry,sex_f,ocu_isco08_9,mts_details_mrd,2003,37.81
pry,sex_f,ocu_isco08_9,mts_details_mrd,2004,39.01
pry,sex_f,ocu_isco08_9,mts_details_mrd,2005,43.22
pry,sex_f,ocu_isco08_9,mts_details_mrd,2006,43.64
pry,sex_f,ocu_isco08_9,mts_details_mrd,2007,40.98
pry,sex_f,ocu_isco08_9,mts_details_mrd,2008,34.13
pry,sex_f,ocu_isco08_9,mts_details_mrd,2009,36.32
pry,sex_f,ocu_isco08_9,mts_details_mrd,2010,38.29
pry,sex_f,ocu_isco08_9,mts_details_mrd,2011,40.15
pry,sex_f,ocu_isco08_9,mts_details_mrd,2012,36.68
pry,sex_f,ocu_isco08_9,mts_details_mrd,2013,40.37
pry,sex_f,ocu_isco08_9,mts_details_mrd,2014,37.58
pry,sex_f,ocu_isco08_9,mts_details_mrd,2015,36.74
pry,sex_f,ocu_isco08_9,mts_details_mrd,2016,36.91
pry,sex_f,ocu_isco08_9,mts_details_mrd,2017,35.07
pry,sex_f,ocu_isco08_9,mts_details_mrd,2018,35.34
pry,sex_f,ocu_isco08_9,mts_details_mrd,2019,33.1
pry,sex_f,ocu_isco08_9,mts_details_mrd,2020,34.18
pry,sex_f,ocu_isco08_9,mts_details_mrd,2021,34.52
pry,sex_f,ocu_isco08_9,mts_details_mrd,2022,33.88
pry,sex_f,ocu_isco08_9,mts_details_mrd,2023,31.39
pry,sex_f,ocu_isco08_9,mts_details_mrd,2024,32.67
pry,sex_f,ocu_isco08_9,mts_details_sep,2002,47.84
pry,sex_f,ocu_isco08_9,mts_details_sep,2003,41.16
pry,sex_f,ocu_isco08_9,mts_details_sep,2004,42.91
pry,sex_f,ocu_isco08_9,mts_details_sep,2005,45.9
pry,sex_f,ocu_isco08_9,mts_details_sep,2006,40.53
pry,sex_f,ocu_isco08_9,mts_details_sep,2007,44.15
pry,sex_f,ocu_isco08_9,mts_details_sep,2008,40.89
pry,sex_f,ocu_isco08_9,mts_details_sep,2009,39.51
pry,sex_f,ocu_isco08_9,mts_details_sep,2010,51.49
pry,sex_f,ocu_isco08_9,mts_details_sep,2011,40.14
pry,sex_f,ocu_isco08_9,mts_details_sep,2012,38.77
pry,sex_f,ocu_isco08_9,mts_details_sep,2013,36.39
pry,sex_f,ocu_isco08_9,mts_details_sep,2014,35.77
pry,sex_f,ocu_isco08_9,mts_details_sep,2015,38.82
pry,sex_f,ocu_isco08_9,mts_details_sep,2016,45.37
pry,sex_f,ocu_isco08_9,mts_details_sep,2017,40.17
pry,sex_f,ocu_isco08_9,mts_details_sep,2018,38.87
pry,sex_f,ocu_isco08_9,mts_details_sep,2019,36.06
pry,sex_f,ocu_isco08_9,mts_details_sep,2020,35.19
pry,sex_f,ocu_isco08_9,mts_details_sep,2021,35.89
pry,sex_f,ocu_isco08_9,mts_details_sep,2022,36.16
pry,sex_f,ocu_isco08_9,mts_details_sep,2023,38.14
pry,sex_f,ocu_isco08_9,mts_details_sep,2024,36.03
pry,sex_f,ocu_isco08_9,mts_details_sgle,1998,46.44
pry,sex_f,ocu_isco08_9,mts_details_sgle,1999,45.95
pry,sex_f,ocu_isco08_9,mts_details_sgle,2002,48.56
pry,sex_f,ocu_isco08_9,mts_details_sgle,2003,47.08
pry,sex_f,ocu_isco08_9,mts_details_sgle,2004,48.55
pry,sex_f,ocu_isco08_9,mts_details_sgle,2005,46.9
pry,sex_f,ocu_isco08_9,mts_details_sgle,2006,48.77
pry,sex_f,ocu_isco08_9,mts_details_sgle,2007,48.3
pry,sex_f,ocu_isco08_9,mts_details_sgle,2008,45.51
pry,sex_f,ocu_isco08_9,mts_details_sgle,2009,43.19
pry,sex_f,ocu_isco08_9,mts_details_sgle,2010,45.63
pry,sex_f,ocu_isco08_9,mts_details_sgle,2011,44.49
pry,sex_f,ocu_isco08_9,mts_details_sgle,2012,45.01
pry,sex_f,ocu_isco08_9,mts_details_sgle,2013,43.64
pry,sex_f,ocu_isco08_9,mts_details_sgle,2014,43.13
pry,sex_f,ocu_isco08_9,mts_details_sgle,2015,41.69
pry,sex_f,ocu_isco08_9,mts_details_sgle,2016,41.55
pry,sex_f,ocu_isco08_9,mts_details_sgle,2017,39.78
pry,sex_f,ocu_isco08_9,mts_details_sgle,2018,39.11
pry,sex_f,ocu_isco08_9,mts_details_sgle,2019,37.37
pry,sex_f,ocu_isco08_9,mts_details_sgle,2020,38.09
pry,sex_f,ocu_isco08_9,mts_details_sgle,2021,35.67
pry,sex_f,ocu_isco08_9,mts_details_sgle,2022,36.67
pry,sex_f,ocu_isco08_9,mts_details_sgle,2023,36.32
pry,sex_f,ocu_isco08_9,mts_details_sgle,2024,36.88
pry,sex_f,ocu_isco08_9,mts_details_total,1998,46.23
pry,sex_f,ocu_isco08_9,mts_details_total,1999,48.93
pry,sex_f,ocu_isco08_9,mts_details_total,2002,44.88
pry,sex_f,ocu_isco08_9,mts_details_total,2003,43.54
pry,sex_f,ocu_isco08_9,mts_details_total,2004,44.85
pry,sex_f,ocu_isco08_9,mts_details_total,2005,44.72
pry,sex_f,ocu_isco08_9,mts_details_total,2006,45.99
pry,sex_f,ocu_isco08_9,mts_details_total,2007,44.6
pry,sex_f,ocu_isco08_9,mts_details_total,2008,41.13
pry,sex_f,ocu_isco08_9,mts_details_total,2009,41.08
pry,sex_f,ocu_isco08_9,mts_details_total,2010,42.07
pry,sex_f,ocu_isco08_9,mts_details_total,2011,42.32
pry,sex_f,ocu_isco08_9,mts_details_total,2012,40.94
pry,sex_f,ocu_isco08_9,mts_details_total,2013,41.31
pry,sex_f,ocu_isco08_9,mts_details_total,2014,41.01
pry,sex_f,ocu_isco08_9,mts_details_total,2015,38.8
pry,sex_f,ocu_isco08_9,mts_details_total,2016,39.72
pry,sex_f,ocu_isco08_9,mts_details_total,2017,38
pry,sex_f,ocu_isco08_9,mts_details_total,2018,37.27
pry,sex_f,ocu_isco08_9,mts_details_total,2019,35.61
pry,sex_f,ocu_isco08_9,mts_details_total,2020,35.5
pry,sex_f,ocu_isco08_9,mts_details_total,2021,35.44
pry,sex_f,ocu_isco08_9,mts_details_total,2022,35.19
pry,sex_f,ocu_isco08_9,mts_details_total,2023,34.57
pry,sex_f,ocu_isco08_9,mts_details_total,2024,34.8
pry,sex_f,ocu_isco08_9,mts_details_union,2002,37.28
pry,sex_f,ocu_isco08_9,mts_details_union,2003,40.45
pry,sex_f,ocu_isco08_9,mts_details_union,2004,44.1
pry,sex_f,ocu_isco08_9,mts_details_union,2005,41.15
pry,sex_f,ocu_isco08_9,mts_details_union,2006,41.76
pry,sex_f,ocu_isco08_9,mts_details_union,2007,41.02
pry,sex_f,ocu_isco08_9,mts_details_union,2008,37.58
pry,sex_f,ocu_isco08_9,mts_details_union,2009,41.66
pry,sex_f,ocu_isco08_9,mts_details_union,2010,37.95
pry,sex_f,ocu_isco08_9,mts_details_union,2011,39.75
pry,sex_f,ocu_isco08_9,mts_details_union,2012,39.1
pry,sex_f,ocu_isco08_9,mts_details_union,2013,39.36
pry,sex_f,ocu_isco08_9,mts_details_union,2014,40.45
pry,sex_f,ocu_isco08_9,mts_details_union,2015,35.99
pry,sex_f,ocu_isco08_9,mts_details_union,2016,38.18
pry,sex_f,ocu_isco08_9,mts_details_union,2017,37.34
pry,sex_f,ocu_isco08_9,mts_details_union,2018,36.17
pry,sex_f,ocu_isco08_9,mts_details_union,2019,34.92
pry,sex_f,ocu_isco08_9,mts_details_union,2020,33.84
pry,sex_f,ocu_isco08_9,mts_details_union,2021,34.21
pry,sex_f,ocu_isco08_9,mts_details_union,2022,34.23
pry,sex_f,ocu_isco08_9,mts_details_union,2023,33.76
pry,sex_f,ocu_isco08_9,mts_details_union,2024,33.49
pry,sex_f,ocu_isco08_9,mts_details_wid,2002,43.82
pry,sex_f,ocu_isco08_9,mts_details_wid,2003,39.31
pry,sex_f,ocu_isco08_9,mts_details_wid,2004,33.06
pry,sex_f,ocu_isco08_9,mts_details_wid,2005,33.41
pry,sex_f,ocu_isco08_9,mts_details_wid,2006,40.02
pry,sex_f,ocu_isco08_9,mts_details_wid,2007,34.9
pry,sex_f,ocu_isco08_9,mts_details_wid,2008,47.63
pry,sex_f,ocu_isco08_9,mts_details_wid,2009,39.25
pry,sex_f,ocu_isco08_9,mts_details_wid,2010,32.3
pry,sex_f,ocu_isco08_9,mts_details_wid,2011,40.25
pry,sex_f,ocu_isco08_9,mts_details_wid,2012,37.43
pry,sex_f,ocu_isco08_9,mts_details_wid,2013,39.53
pry,sex_f,ocu_isco08_9,mts_details_wid,2014,41.7
pry,sex_f,ocu_isco08_9,mts_details_wid,2015,36.88
pry,sex_f,ocu_isco08_9,mts_details_wid,2016,39.03
pry,sex_f,ocu_isco08_9,mts_details_wid,2017,36.08
pry,sex_f,ocu_isco08_9,mts_details_wid,2018,34.95
pry,sex_f,ocu_isco08_9,mts_details_wid,2019,32.43
pry,sex_f,ocu_isco08_9,mts_details_wid,2020,31.2
pry,sex_f,ocu_isco08_9,mts_details_wid,2021,36.47
pry,sex_f,ocu_isco08_9,mts_details_wid,2022,30.6
pry,sex_f,ocu_isco08_9,mts_details_wid,2023,33.36
pry,sex_f,ocu_isco08_9,mts_details_wid,2024,32.57
pry,sex_f,ocu_isco08_9,mts_details_x,2020,35.43
pry,sex_f,ocu_isco08_9,mts_details_x,2021,36.5
pry,sex_f,ocu_isco08_total,mts_aggregate_1,1998,44.82
pry,sex_f,ocu_isco08_total,mts_aggregate_1,1999,44.41
pry,sex_f,ocu_isco08_total,mts_aggregate_1,2002,45.71
pry,sex_f,ocu_isco08_total,mts_aggregate_1,2003,43.34
pry,sex_f,ocu_isco08_total,mts_aggregate_1,2004,45.82
pry,sex_f,ocu_isco08_total,mts_aggregate_1,2005,45.65
pry,sex_f,ocu_isco08_total,mts_aggregate_1,2006,45.6
pry,sex_f,ocu_isco08_total,mts_aggregate_1,2007,45.77
pry,sex_f,ocu_isco08_total,mts_aggregate_1,2008,43.95
pry,sex_f,ocu_isco08_total,mts_aggregate_1,2009,43.61
pry,sex_f,ocu_isco08_total,mts_aggregate_1,2010,44.71
pry,sex_f,ocu_isco08_total,mts_aggregate_1,2011,44.75
pry,sex_f,ocu_isco08_total,mts_aggregate_1,2012,42.71
pry,sex_f,ocu_isco08_total,mts_aggregate_1,2013,43.5
pry,sex_f,ocu_isco08_total,mts_aggregate_1,2014,42.2
pry,sex_f,ocu_isco08_total,mts_aggregate_1,2015,41.49
pry,sex_f,ocu_isco08_total,mts_aggregate_1,2016,42.28
pry,sex_f,ocu_isco08_total,mts_aggregate_1,2017,41.15
pry,sex_f,ocu_isco08_total,mts_aggregate_1,2018,40.31
pry,sex_f,ocu_isco08_total,mts_aggregate_1,2019,39.69
pry,sex_f,ocu_isco08_total,mts_aggregate_1,2020,39.52
pry,sex_f,ocu_isco08_total,mts_aggregate_1,2021,39.35
pry,sex_f,ocu_isco08_total,mts_aggregate_1,2022,39.89
pry,sex_f,ocu_isco08_total,mts_aggregate_1,2023,39.96
pry,sex_f,ocu_isco08_total,mts_aggregate_1,2024,40.06
pry,sex_f,ocu_isco08_total,mts_aggregate_2,1998,39.97
pry,sex_f,ocu_isco08_total,mts_aggregate_2,1999,39.12
pry,sex_f,ocu_isco08_total,mts_aggregate_2,2002,39.57
pry,sex_f,ocu_isco08_total,mts_aggregate_2,2003,38.79
pry,sex_f,ocu_isco08_total,mts_aggregate_2,2004,41.24
pry,sex_f,ocu_isco08_total,mts_aggregate_2,2005,41.46
pry,sex_f,ocu_isco08_total,mts_aggregate_2,2006,43.34
pry,sex_f,ocu_isco08_total,mts_aggregate_2,2007,41.28
pry,sex_f,ocu_isco08_total,mts_aggregate_2,2008,39.14
pry,sex_f,ocu_isco08_total,mts_aggregate_2,2009,40.52
pry,sex_f,ocu_isco08_total,mts_aggregate_2,2010,40.17
pry,sex_f,ocu_isco08_total,mts_aggregate_2,2011,40.89
pry,sex_f,ocu_isco08_total,mts_aggregate_2,2012,39.41
pry,sex_f,ocu_isco08_total,mts_aggregate_2,2013,40.53
pry,sex_f,ocu_isco08_total,mts_aggregate_2,2014,39.52
pry,sex_f,ocu_isco08_total,mts_aggregate_2,2015,39.6
pry,sex_f,ocu_isco08_total,mts_aggregate_2,2016,39.96
pry,sex_f,ocu_isco08_total,mts_aggregate_2,2017,38.41
pry,sex_f,ocu_isco08_total,mts_aggregate_2,2018,37.66
pry,sex_f,ocu_isco08_total,mts_aggregate_2,2019,37.01
pry,sex_f,ocu_isco08_total,mts_aggregate_2,2020,36.49
pry,sex_f,ocu_isco08_total,mts_aggregate_2,2021,37.35
pry,sex_f,ocu_isco08_total,mts_aggregate_2,2022,37.48
pry,sex_f,ocu_isco08_total,mts_aggregate_2,2023,37.52
pry,sex_f,ocu_isco08_total,mts_aggregate_2,2024,37.36
pry,sex_f,ocu_isco08_total,mts_aggregate_total,1998,42.63
pry,sex_f,ocu_isco08_total,mts_aggregate_total,1999,41.98
pry,sex_f,ocu_isco08_total,mts_aggregate_total,2002,43.22
pry,sex_f,ocu_isco08_total,mts_aggregate_total,2003,41.32
pry,sex_f,ocu_isco08_total,mts_aggregate_total,2004,43.75
pry,sex_f,ocu_isco08_total,mts_aggregate_total,2005,43.74
pry,sex_f,ocu_isco08_total,mts_aggregate_total,2006,44.64
pry,sex_f,ocu_isco08_total,mts_aggregate_total,2007,43.67
pry,sex_f,ocu_isco08_total,mts_aggregate_total,2008,41.68
pry,sex_f,ocu_isco08_total,mts_aggregate_total,2009,42.24
pry,sex_f,ocu_isco08_total,mts_aggregate_total,2010,42.56
pry,sex_f,ocu_isco08_total,mts_aggregate_total,2011,43.09
pry,sex_f,ocu_isco08_total,mts_aggregate_total,2012,41.12
pry,sex_f,ocu_isco08_total,mts_aggregate_total,2013,42.09
pry,sex_f,ocu_isco08_total,mts_aggregate_total,2014,41.02
pry,sex_f,ocu_isco08_total,mts_aggregate_total,2015,40.62
pry,sex_f,ocu_isco08_total,mts_aggregate_total,2016,41.12
pry,sex_f,ocu_isco08_total,mts_aggregate_total,2017,39.74
pry,sex_f,ocu_isco08_total,mts_aggregate_total,2018,38.95
pry,sex_f,ocu_isco08_total,mts_aggregate_total,2019,38.31
pry,sex_f,ocu_isco08_total,mts_aggregate_total,2020,37.92
pry,sex_f,ocu_isco08_total,mts_aggregate_total,2021,38.49
pry,sex_f,ocu_isco08_total,mts_aggregate_total,2022,38.68
pry,sex_f,ocu_isco08_total,mts_aggregate_total,2023,38.75
pry,sex_f,ocu_isco08_total,mts_aggregate_total,2024,38.75
pry,sex_f,ocu_isco08_total,mts_aggregate_x,2020,37.9
pry,sex_f,ocu_isco08_total,mts_aggregate_x,2021,38.86
pry,sex_f,ocu_isco08_total,mts_details_mrd,1998,39.29
pry,sex_f,ocu_isco08_total,mts_details_mrd,1999,38.68
pry,sex_f,ocu_isco08_total,mts_details_mrd,2002,39.81
pry,sex_f,ocu_isco08_total,mts_details_mrd,2003,37.7
pry,sex_f,ocu_isco08_total,mts_details_mrd,2004,39.32
pry,sex_f,ocu_isco08_total,mts_details_mrd,2005,40.47
pry,sex_f,ocu_isco08_total,mts_details_mrd,2006,42.57
pry,sex_f,ocu_isco08_total,mts_details_mrd,2007,41.01
pry,sex_f,ocu_isco08_total,mts_details_mrd,2008,37.61
pry,sex_f,ocu_isco08_total,mts_details_mrd,2009,38.39
pry,sex_f,ocu_isco08_total,mts_details_mrd,2010,39.31
pry,sex_f,ocu_isco08_total,mts_details_mrd,2011,40.56
pry,sex_f,ocu_isco08_total,mts_details_mrd,2012,37.96
pry,sex_f,ocu_isco08_total,mts_details_mrd,2013,39.35
pry,sex_f,ocu_isco08_total,mts_details_mrd,2014,37.77
pry,sex_f,ocu_isco08_total,mts_details_mrd,2015,38.52
pry,sex_f,ocu_isco08_total,mts_details_mrd,2016,38.63
pry,sex_f,ocu_isco08_total,mts_details_mrd,2017,37.08
pry,sex_f,ocu_isco08_total,mts_details_mrd,2018,36.37
pry,sex_f,ocu_isco08_total,mts_details_mrd,2019,35.6
pry,sex_f,ocu_isco08_total,mts_details_mrd,2020,36.53
pry,sex_f,ocu_isco08_total,mts_details_mrd,2021,36.61
pry,sex_f,ocu_isco08_total,mts_details_mrd,2022,35.79
pry,sex_f,ocu_isco08_total,mts_details_mrd,2023,35.66
pry,sex_f,ocu_isco08_total,mts_details_mrd,2024,36.23
pry,sex_f,ocu_isco08_total,mts_details_sep,1998,39.5
pry,sex_f,ocu_isco08_total,mts_details_sep,1999,42.04
pry,sex_f,ocu_isco08_total,mts_details_sep,2002,43.83
pry,sex_f,ocu_isco08_total,mts_details_sep,2003,40.07
pry,sex_f,ocu_isco08_total,mts_details_sep,2004,43.49
pry,sex_f,ocu_isco08_total,mts_details_sep,2005,46.21
pry,sex_f,ocu_isco08_total,mts_details_sep,2006,37.98
pry,sex_f,ocu_isco08_total,mts_details_sep,2007,42.12
pry,sex_f,ocu_isco08_total,mts_details_sep,2008,40.26
pry,sex_f,ocu_isco08_total,mts_details_sep,2009,41.43
pry,sex_f,ocu_isco08_total,mts_details_sep,2010,48.6
pry,sex_f,ocu_isco08_total,mts_details_sep,2011,44.75
pry,sex_f,ocu_isco08_total,mts_details_sep,2012,40.54
pry,sex_f,ocu_isco08_total,mts_details_sep,2013,39.45
pry,sex_f,ocu_isco08_total,mts_details_sep,2014,37.63
pry,sex_f,ocu_isco08_total,mts_details_sep,2015,39.18
pry,sex_f,ocu_isco08_total,mts_details_sep,2016,42.13
pry,sex_f,ocu_isco08_total,mts_details_sep,2017,39.7
pry,sex_f,ocu_isco08_total,mts_details_sep,2018,38.6
pry,sex_f,ocu_isco08_total,mts_details_sep,2019,39.03
pry,sex_f,ocu_isco08_total,mts_details_sep,2020,38.77
pry,sex_f,ocu_isco08_total,mts_details_sep,2021,37.84
pry,sex_f,ocu_isco08_total,mts_details_sep,2022,38.02
pry,sex_f,ocu_isco08_total,mts_details_sep,2023,38.84
pry,sex_f,ocu_isco08_total,mts_details_sep,2024,38.37
pry,sex_f,ocu_isco08_total,mts_details_sgle,1998,45.63
pry,sex_f,ocu_isco08_total,mts_details_sgle,1999,44.62
pry,sex_f,ocu_isco08_total,mts_details_sgle,2002,45.89
pry,sex_f,ocu_isco08_total,mts_details_sgle,2003,43.96
pry,sex_f,ocu_isco08_total,mts_details_sgle,2004,46.82
pry,sex_f,ocu_isco08_total,mts_details_sgle,2005,45.81
pry,sex_f,ocu_isco08_total,mts_details_sgle,2006,46.48
pry,sex_f,ocu_isco08_total,mts_details_sgle,2007,46.37
pry,sex_f,ocu_isco08_total,mts_details_sgle,2008,44.27
pry,sex_f,ocu_isco08_total,mts_details_sgle,2009,43.95
pry,sex_f,ocu_isco08_total,mts_details_sgle,2010,44.56
pry,sex_f,ocu_isco08_total,mts_details_sgle,2011,44.9
pry,sex_f,ocu_isco08_total,mts_details_sgle,2012,43.24
pry,sex_f,ocu_isco08_total,mts_details_sgle,2013,44.17
pry,sex_f,ocu_isco08_total,mts_details_sgle,2014,42.85
pry,sex_f,ocu_isco08_total,mts_details_sgle,2015,41.96
pry,sex_f,ocu_isco08_total,mts_details_sgle,2016,42.41
pry,sex_f,ocu_isco08_total,mts_details_sgle,2017,41.51
pry,sex_f,ocu_isco08_total,mts_details_sgle,2018,40.68
pry,sex_f,ocu_isco08_total,mts_details_sgle,2019,40.02
pry,sex_f,ocu_isco08_total,mts_details_sgle,2020,39.89
pry,sex_f,ocu_isco08_total,mts_details_sgle,2021,39.74
pry,sex_f,ocu_isco08_total,mts_details_sgle,2022,40.37
pry,sex_f,ocu_isco08_total,mts_details_sgle,2023,40.25
pry,sex_f,ocu_isco08_total,mts_details_sgle,2024,40.53
pry,sex_f,ocu_isco08_total,mts_details_total,1998,42.63
pry,sex_f,ocu_isco08_total,mts_details_total,1999,41.98
pry,sex_f,ocu_isco08_total,mts_details_total,2002,43.22
pry,sex_f,ocu_isco08_total,mts_details_total,2003,41.32
pry,sex_f,ocu_isco08_total,mts_details_total,2004,43.75
pry,sex_f,ocu_isco08_total,mts_details_total,2005,43.74
pry,sex_f,ocu_isco08_total,mts_details_total,2006,44.64
pry,sex_f,ocu_isco08_total,mts_details_total,2007,43.67
pry,sex_f,ocu_isco08_total,mts_details_total,2008,41.68
pry,sex_f,ocu_isco08_total,mts_details_total,2009,42.24
pry,sex_f,ocu_isco08_total,mts_details_total,2010,42.56
pry,sex_f,ocu_isco08_total,mts_details_total,2011,43.09
pry,sex_f,ocu_isco08_total,mts_details_total,2012,41.12
pry,sex_f,ocu_isco08_total,mts_details_total,2013,42.09
pry,sex_f,ocu_isco08_total,mts_details_total,2014,41.02
pry,sex_f,ocu_isco08_total,mts_details_total,2015,40.62
pry,sex_f,ocu_isco08_total,mts_details_total,2016,41.12
pry,sex_f,ocu_isco08_total,mts_details_total,2017,39.74
pry,sex_f,ocu_isco08_total,mts_details_total,2018,38.95
pry,sex_f,ocu_isco08_total,mts_details_total,2019,38.31
pry,sex_f,ocu_isco08_total,mts_details_total,2020,37.92
pry,sex_f,ocu_isco08_total,mts_details_total,2021,38.49
pry,sex_f,ocu_isco08_total,mts_details_total,2022,38.68
pry,sex_f,ocu_isco08_total,mts_details_total,2023,38.75
pry,sex_f,ocu_isco08_total,mts_details_total,2024,38.75
pry,sex_f,ocu_isco08_total,mts_details_union,1998,41.49
pry,sex_f,ocu_isco08_total,mts_details_union,1999,40.5
pry,sex_f,ocu_isco08_total,mts_details_union,2002,39.15
pry,sex_f,ocu_isco08_total,mts_details_union,2003,41.6
pry,sex_f,ocu_isco08_total,mts_details_union,2004,44.79
pry,sex_f,ocu_isco08_total,mts_details_union,2005,43.43
pry,sex_f,ocu_isco08_total,mts_details_union,2006,44.75
pry,sex_f,ocu_isco08_total,mts_details_union,2007,41.82
pry,sex_f,ocu_isco08_total,mts_details_union,2008,41.68
pry,sex_f,ocu_isco08_total,mts_details_union,2009,43.53
pry,sex_f,ocu_isco08_total,mts_details_union,2010,41.63
pry,sex_f,ocu_isco08_total,mts_details_union,2011,41.48
pry,sex_f,ocu_isco08_total,mts_details_union,2012,41.46
pry,sex_f,ocu_isco08_total,mts_details_union,2013,42.32
pry,sex_f,ocu_isco08_total,mts_details_union,2014,42.06
pry,sex_f,ocu_isco08_total,mts_details_union,2015,41.2
pry,sex_f,ocu_isco08_total,mts_details_union,2016,41.4
pry,sex_f,ocu_isco08_total,mts_details_union,2017,39.78
pry,sex_f,ocu_isco08_total,mts_details_union,2018,38.96
pry,sex_f,ocu_isco08_total,mts_details_union,2019,38.42
pry,sex_f,ocu_isco08_total,mts_details_union,2020,36.45
pry,sex_f,ocu_isco08_total,mts_details_union,2021,37.99
pry,sex_f,ocu_isco08_total,mts_details_union,2022,38.87
pry,sex_f,ocu_isco08_total,mts_details_union,2023,39.11
pry,sex_f,ocu_isco08_total,mts_details_union,2024,38.4
pry,sex_f,ocu_isco08_total,mts_details_wid,1998,37.16
pry,sex_f,ocu_isco08_total,mts_details_wid,1999,45.01
pry,sex_f,ocu_isco08_total,mts_details_wid,2002,44.19
pry,sex_f,ocu_isco08_total,mts_details_wid,2003,36.1
pry,sex_f,ocu_isco08_total,mts_details_wid,2004,32.68
pry,sex_f,ocu_isco08_total,mts_details_wid,2005,39.71
pry,sex_f,ocu_isco08_total,mts_details_wid,2006,41.92
pry,sex_f,ocu_isco08_total,mts_details_wid,2007,38.9
pry,sex_f,ocu_isco08_total,mts_details_wid,2008,43.52
pry,sex_f,ocu_isco08_total,mts_details_wid,2009,40.5
pry,sex_f,ocu_isco08_total,mts_details_wid,2010,38.89
pry,sex_f,ocu_isco08_total,mts_details_wid,2011,41.26
pry,sex_f,ocu_isco08_total,mts_details_wid,2012,37.21
pry,sex_f,ocu_isco08_total,mts_details_wid,2013,38.63
pry,sex_f,ocu_isco08_total,mts_details_wid,2014,36.92
pry,sex_f,ocu_isco08_total,mts_details_wid,2015,38.85
pry,sex_f,ocu_isco08_total,mts_details_wid,2016,39.37
pry,sex_f,ocu_isco08_total,mts_details_wid,2017,38.4
pry,sex_f,ocu_isco08_total,mts_details_wid,2018,37.43
pry,sex_f,ocu_isco08_total,mts_details_wid,2019,33.62
pry,sex_f,ocu_isco08_total,mts_details_wid,2020,33.1
pry,sex_f,ocu_isco08_total,mts_details_wid,2021,34
pry,sex_f,ocu_isco08_total,mts_details_wid,2022,34.73
pry,sex_f,ocu_isco08_total,mts_details_wid,2023,36.56
pry,sex_f,ocu_isco08_total,mts_details_wid,2024,35.55
pry,sex_f,ocu_isco08_total,mts_details_x,2020,37.9
pry,sex_f,ocu_isco08_total,mts_details_x,2021,38.86
pry,sex_f,ocu_isco88_1,mts_aggregate_1,2001,43.5
pry,sex_f,ocu_isco88_1,mts_aggregate_2,2001,41.95
pry,sex_f,ocu_isco88_1,mts_aggregate_total,2001,42.67
pry,sex_f,ocu_isco88_1,mts_details_mrd,2001,42.86
pry,sex_f,ocu_isco88_1,mts_details_sep,2001,45.86
pry,sex_f,ocu_isco88_1,mts_details_sgle,2001,45.21
pry,sex_f,ocu_isco88_1,mts_details_total,2001,42.67
pry,sex_f,ocu_isco88_1,mts_details_union,2001,39.83
pry,sex_f,ocu_isco88_1,mts_details_wid,2001,24.9
pry,sex_f,ocu_isco88_2,mts_aggregate_1,2001,30.36
pry,sex_f,ocu_isco88_2,mts_aggregate_2,2001,30.17
pry,sex_f,ocu_isco88_2,mts_aggregate_total,2001,30.27
pry,sex_f,ocu_isco88_2,mts_details_mrd,2001,29.91
pry,sex_f,ocu_isco88_2,mts_details_sep,2001,37.72
pry,sex_f,ocu_isco88_2,mts_details_sgle,2001,29.15
pry,sex_f,ocu_isco88_2,mts_details_total,2001,30.27
pry,sex_f,ocu_isco88_2,mts_details_union,2001,34.67
pry,sex_f,ocu_isco88_2,mts_details_wid,2001,27.79
pry,sex_f,ocu_isco88_3,mts_aggregate_1,2001,37.17
pry,sex_f,ocu_isco88_3,mts_aggregate_2,2001,34.7
pry,sex_f,ocu_isco88_3,mts_aggregate_total,2001,36.23
pry,sex_f,ocu_isco88_3,mts_details_mrd,2001,33.98
pry,sex_f,ocu_isco88_3,mts_details_sep,2001,37.93
pry,sex_f,ocu_isco88_3,mts_details_sgle,2001,37.44
pry,sex_f,ocu_isco88_3,mts_details_total,2001,36.23
pry,sex_f,ocu_isco88_3,mts_details_union,2001,40.86
pry,sex_f,ocu_isco88_3,mts_details_wid,2001,29.59
pry,sex_f,ocu_isco88_4,mts_aggregate_1,2001,37.32
pry,sex_f,ocu_isco88_4,mts_aggregate_2,2001,37.7
pry,sex_f,ocu_isco88_4,mts_aggregate_total,2001,37.43
pry,sex_f,ocu_isco88_4,mts_details_mrd,2001,36.26
pry,sex_f,ocu_isco88_4,mts_details_sep,2001,45.01
pry,sex_f,ocu_isco88_4,mts_details_sgle,2001,36.83
pry,sex_f,ocu_isco88_4,mts_details_total,2001,37.43
pry,sex_f,ocu_isco88_4,mts_details_union,2001,47
pry,sex_f,ocu_isco88_4,mts_details_wid,2001,33.24
pry,sex_f,ocu_isco88_5,mts_aggregate_1,2001,50.83
pry,sex_f,ocu_isco88_5,mts_aggregate_2,2001,50.5
pry,sex_f,ocu_isco88_5,mts_aggregate_total,2001,50.69
pry,sex_f,ocu_isco88_5,mts_details_mrd,2001,47.55
pry,sex_f,ocu_isco88_5,mts_details_sep,2001,59.06
pry,sex_f,ocu_isco88_5,mts_details_sgle,2001,50.23
pry,sex_f,ocu_isco88_5,mts_details_total,2001,50.69
pry,sex_f,ocu_isco88_5,mts_details_union,2001,54.47
pry,sex_f,ocu_isco88_5,mts_details_wid,2001,43.44
pry,sex_f,ocu_isco88_7,mts_aggregate_1,2001,36.55
pry,sex_f,ocu_isco88_7,mts_aggregate_2,2001,51.42
pry,sex_f,ocu_isco88_7,mts_aggregate_total,2001,46.04
pry,sex_f,ocu_isco88_7,mts_details_mrd,2001,52.83
pry,sex_f,ocu_isco88_7,mts_details_sgle,2001,41.81
pry,sex_f,ocu_isco88_7,mts_details_total,2001,46.04
pry,sex_f,ocu_isco88_7,mts_details_union,2001,48.8
pry,sex_f,ocu_isco88_8,mts_aggregate_2,2001,45.33
pry,sex_f,ocu_isco88_8,mts_aggregate_total,2001,44.84
pry,sex_f,ocu_isco88_8,mts_details_mrd,2001,44.95
pry,sex_f,ocu_isco88_8,mts_details_total,2001,44.84
pry,sex_f,ocu_isco88_9,mts_aggregate_1,2001,43.15
pry,sex_f,ocu_isco88_9,mts_aggregate_2,2001,37.27
pry,sex_f,ocu_isco88_9,mts_aggregate_total,2001,40.57
pry,sex_f,ocu_isco88_9,mts_details_mrd,2001,37.22
pry,sex_f,ocu_isco88_9,mts_details_sep,2001,37.71
pry,sex_f,ocu_isco88_9,mts_details_sgle,2001,43.99
pry,sex_f,ocu_isco88_9,mts_details_total,2001,40.57
pry,sex_f,ocu_isco88_9,mts_details_union,2001,37.33
pry,sex_f,ocu_isco88_9,mts_details_wid,2001,31.41
pry,sex_f,ocu_isco88_total,mts_aggregate_1,2001,41.35
pry,sex_f,ocu_isco88_total,mts_aggregate_2,2001,38.76
pry,sex_f,ocu_isco88_total,mts_aggregate_total,2001,40.24
pry,sex_f,ocu_isco88_total,mts_details_mrd,2001,37.53
pry,sex_f,ocu_isco88_total,mts_details_sep,2001,41.33
pry,sex_f,ocu_isco88_total,mts_details_sgle,2001,41.76
pry,sex_f,ocu_isco88_total,mts_details_total,2001,40.24
pry,sex_f,ocu_isco88_total,mts_details_union,2001,41.18
pry,sex_f,ocu_isco88_total,mts_details_wid,2001,31.72
pry,sex_f,ocu_skill_l1,mts_aggregate_1,1998,46.44
pry,sex_f,ocu_skill_l1,mts_aggregate_1,1999,48.44
pry,sex_f,ocu_skill_l1,mts_aggregate_1,2001,43.15
pry,sex_f,ocu_skill_l1,mts_aggregate_1,2002,48.38
pry,sex_f,ocu_skill_l1,mts_aggregate_1,2003,46.44
pry,sex_f,ocu_skill_l1,mts_aggregate_1,2004,47.19
pry,sex_f,ocu_skill_l1,mts_aggregate_1,2005,46.41
pry,sex_f,ocu_skill_l1,mts_aggregate_1,2006,47.88
pry,sex_f,ocu_skill_l1,mts_aggregate_1,2007,47.45
pry,sex_f,ocu_skill_l1,mts_aggregate_1,2008,45.33
pry,sex_f,ocu_skill_l1,mts_aggregate_1,2009,42.7
pry,sex_f,ocu_skill_l1,mts_aggregate_1,2010,45.59
pry,sex_f,ocu_skill_l1,mts_aggregate_1,2011,43.9
pry,sex_f,ocu_skill_l1,mts_aggregate_1,2012,43.84
pry,sex_f,ocu_skill_l1,mts_aggregate_1,2013,42.72
pry,sex_f,ocu_skill_l1,mts_aggregate_1,2014,42.41
pry,sex_f,ocu_skill_l1,mts_aggregate_1,2015,40.79
pry,sex_f,ocu_skill_l1,mts_aggregate_1,2016,41.83
pry,sex_f,ocu_skill_l1,mts_aggregate_1,2017,39.61
pry,sex_f,ocu_skill_l1,mts_aggregate_1,2018,38.8
pry,sex_f,ocu_skill_l1,mts_aggregate_1,2019,37
pry,sex_f,ocu_skill_l1,mts_aggregate_1,2020,37.52
pry,sex_f,ocu_skill_l1,mts_aggregate_1,2021,35.73
pry,sex_f,ocu_skill_l1,mts_aggregate_1,2022,36.24
pry,sex_f,ocu_skill_l1,mts_aggregate_1,2023,36.25
pry,sex_f,ocu_skill_l1,mts_aggregate_1,2024,36.4
pry,sex_f,ocu_skill_l1,mts_aggregate_2,1998,45.97
pry,sex_f,ocu_skill_l1,mts_aggregate_2,1999,50.85
pry,sex_f,ocu_skill_l1,mts_aggregate_2,2001,37.27
pry,sex_f,ocu_skill_l1,mts_aggregate_2,2002,39
pry,sex_f,ocu_skill_l1,mts_aggregate_2,2003,38.88
pry,sex_f,ocu_skill_l1,mts_aggregate_2,2004,41.26
pry,sex_f,ocu_skill_l1,mts_aggregate_2,2005,42.2
pry,sex_f,ocu_skill_l1,mts_aggregate_2,2006,42.65
pry,sex_f,ocu_skill_l1,mts_aggregate_2,2007,41
pry,sex_f,ocu_skill_l1,mts_aggregate_2,2008,35.99
pry,sex_f,ocu_skill_l1,mts_aggregate_2,2009,38.98
pry,sex_f,ocu_skill_l1,mts_aggregate_2,2010,38.13
pry,sex_f,ocu_skill_l1,mts_aggregate_2,2011,39.95
pry,sex_f,ocu_skill_l1,mts_aggregate_2,2012,37.89
pry,sex_f,ocu_skill_l1,mts_aggregate_2,2013,39.85
pry,sex_f,ocu_skill_l1,mts_aggregate_2,2014,39.07
pry,sex_f,ocu_skill_l1,mts_aggregate_2,2015,36.32
pry,sex_f,ocu_skill_l1,mts_aggregate_2,2016,37.68
pry,sex_f,ocu_skill_l1,mts_aggregate_2,2017,36.5
pry,sex_f,ocu_skill_l1,mts_aggregate_2,2018,35.89
pry,sex_f,ocu_skill_l1,mts_aggregate_2,2019,34.25
pry,sex_f,ocu_skill_l1,mts_aggregate_2,2020,33.96
pry,sex_f,ocu_skill_l1,mts_aggregate_2,2021,34.31
pry,sex_f,ocu_skill_l1,mts_aggregate_2,2022,34.11
pry,sex_f,ocu_skill_l1,mts_aggregate_2,2023,32.9
pry,sex_f,ocu_skill_l1,mts_aggregate_2,2024,33.17
pry,sex_f,ocu_skill_l1,mts_aggregate_total,1998,46.23
pry,sex_f,ocu_skill_l1,mts_aggregate_total,1999,48.93
pry,sex_f,ocu_skill_l1,mts_aggregate_total,2001,40.57
pry,sex_f,ocu_skill_l1,mts_aggregate_total,2002,44.88
pry,sex_f,ocu_skill_l1,mts_aggregate_total,2003,43.54
pry,sex_f,ocu_skill_l1,mts_aggregate_total,2004,44.85
pry,sex_f,ocu_skill_l1,mts_aggregate_total,2005,44.72
pry,sex_f,ocu_skill_l1,mts_aggregate_total,2006,45.99
pry,sex_f,ocu_skill_l1,mts_aggregate_total,2007,44.6
pry,sex_f,ocu_skill_l1,mts_aggregate_total,2008,41.13
pry,sex_f,ocu_skill_l1,mts_aggregate_total,2009,41.08
pry,sex_f,ocu_skill_l1,mts_aggregate_total,2010,42.07
pry,sex_f,ocu_skill_l1,mts_aggregate_total,2011,42.32
pry,sex_f,ocu_skill_l1,mts_aggregate_total,2012,40.94
pry,sex_f,ocu_skill_l1,mts_aggregate_total,2013,41.31
pry,sex_f,ocu_skill_l1,mts_aggregate_total,2014,41.01
pry,sex_f,ocu_skill_l1,mts_aggregate_total,2015,38.8
pry,sex_f,ocu_skill_l1,mts_aggregate_total,2016,39.72
pry,sex_f,ocu_skill_l1,mts_aggregate_total,2017,38
pry,sex_f,ocu_skill_l1,mts_aggregate_total,2018,37.27
pry,sex_f,ocu_skill_l1,mts_aggregate_total,2019,35.61
pry,sex_f,ocu_skill_l1,mts_aggregate_total,2020,35.5
pry,sex_f,ocu_skill_l1,mts_aggregate_total,2021,35.44
pry,sex_f,ocu_skill_l1,mts_aggregate_total,2022,35.19
pry,sex_f,ocu_skill_l1,mts_aggregate_total,2023,34.57
pry,sex_f,ocu_skill_l1,mts_aggregate_total,2024,34.8
pry,sex_f,ocu_skill_l1,mts_aggregate_x,2020,35.43
pry,sex_f,ocu_skill_l1,mts_aggregate_x,2021,36.5
pry,sex_f,ocu_skill_l1,mts_details_mrd,1998,47.8
pry,sex_f,ocu_skill_l1,mts_details_mrd,1999,52.52
pry,sex_f,ocu_skill_l1,mts_details_mrd,2001,37.22
pry,sex_f,ocu_skill_l1,mts_details_mrd,2002,40.76
pry,sex_f,ocu_skill_l1,mts_details_mrd,2003,37.81
pry,sex_f,ocu_skill_l1,mts_details_mrd,2004,39.01
pry,sex_f,ocu_skill_l1,mts_details_mrd,2005,43.22
pry,sex_f,ocu_skill_l1,mts_details_mrd,2006,43.64
pry,sex_f,ocu_skill_l1,mts_details_mrd,2007,40.98
pry,sex_f,ocu_skill_l1,mts_details_mrd,2008,34.13
pry,sex_f,ocu_skill_l1,mts_details_mrd,2009,36.32
pry,sex_f,ocu_skill_l1,mts_details_mrd,2010,38.29
pry,sex_f,ocu_skill_l1,mts_details_mrd,2011,40.15
pry,sex_f,ocu_skill_l1,mts_details_mrd,2012,36.68
pry,sex_f,ocu_skill_l1,mts_details_mrd,2013,40.37
pry,sex_f,ocu_skill_l1,mts_details_mrd,2014,37.58
pry,sex_f,ocu_skill_l1,mts_details_mrd,2015,36.74
pry,sex_f,ocu_skill_l1,mts_details_mrd,2016,36.91
pry,sex_f,ocu_skill_l1,mts_details_mrd,2017,35.07
pry,sex_f,ocu_skill_l1,mts_details_mrd,2018,35.34
pry,sex_f,ocu_skill_l1,mts_details_mrd,2019,33.1
pry,sex_f,ocu_skill_l1,mts_details_mrd,2020,34.18
pry,sex_f,ocu_skill_l1,mts_details_mrd,2021,34.52
pry,sex_f,ocu_skill_l1,mts_details_mrd,2022,33.88
pry,sex_f,ocu_skill_l1,mts_details_mrd,2023,31.39
pry,sex_f,ocu_skill_l1,mts_details_mrd,2024,32.67
pry,sex_f,ocu_skill_l1,mts_details_sep,2001,37.71
pry,sex_f,ocu_skill_l1,mts_details_sep,2002,47.84
pry,sex_f,ocu_skill_l1,mts_details_sep,2003,41.16
pry,sex_f,ocu_skill_l1,mts_details_sep,2004,42.91
pry,sex_f,ocu_skill_l1,mts_details_sep,2005,45.9
pry,sex_f,ocu_skill_l1,mts_details_sep,2006,40.53
pry,sex_f,ocu_skill_l1,mts_details_sep,2007,44.15
pry,sex_f,ocu_skill_l1,mts_details_sep,2008,40.89
pry,sex_f,ocu_skill_l1,mts_details_sep,2009,39.51
pry,sex_f,ocu_skill_l1,mts_details_sep,2010,51.49
pry,sex_f,ocu_skill_l1,mts_details_sep,2011,40.14
pry,sex_f,ocu_skill_l1,mts_details_sep,2012,38.77
pry,sex_f,ocu_skill_l1,mts_details_sep,2013,36.39
pry,sex_f,ocu_skill_l1,mts_details_sep,2014,35.77
pry,sex_f,ocu_skill_l1,mts_details_sep,2015,38.82
pry,sex_f,ocu_skill_l1,mts_details_sep,2016,45.37
pry,sex_f,ocu_skill_l1,mts_details_sep,2017,40.17
pry,sex_f,ocu_skill_l1,mts_details_sep,2018,38.87
pry,sex_f,ocu_skill_l1,mts_details_sep,2019,36.06
pry,sex_f,ocu_skill_l1,mts_details_sep,2020,35.19
pry,sex_f,ocu_skill_l1,mts_details_sep,2021,35.89
pry,sex_f,ocu_skill_l1,mts_details_sep,2022,36.16
pry,sex_f,ocu_skill_l1,mts_details_sep,2023,38.14
pry,sex_f,ocu_skill_l1,mts_details_sep,2024,36.03
pry,sex_f,ocu_skill_l1,mts_details_sgle,1998,46.44
pry,sex_f,ocu_skill_l1,mts_details_sgle,1999,45.95
pry,sex_f,ocu_skill_l1,mts_details_sgle,2001,43.99
pry,sex_f,ocu_skill_l1,mts_details_sgle,2002,48.56
pry,sex_f,ocu_skill_l1,mts_details_sgle,2003,47.08
pry,sex_f,ocu_skill_l1,mts_details_sgle,2004,48.55
pry,sex_f,ocu_skill_l1,mts_details_sgle,2005,46.9
pry,sex_f,ocu_skill_l1,mts_details_sgle,2006,48.77
pry,sex_f,ocu_skill_l1,mts_details_sgle,2007,48.3
pry,sex_f,ocu_skill_l1,mts_details_sgle,2008,45.51
pry,sex_f,ocu_skill_l1,mts_details_sgle,2009,43.19
pry,sex_f,ocu_skill_l1,mts_details_sgle,2010,45.63
pry,sex_f,ocu_skill_l1,mts_details_sgle,2011,44.49
pry,sex_f,ocu_skill_l1,mts_details_sgle,2012,45.01
pry,sex_f,ocu_skill_l1,mts_details_sgle,2013,43.64
pry,sex_f,ocu_skill_l1,mts_details_sgle,2014,43.13
pry,sex_f,ocu_skill_l1,mts_details_sgle,2015,41.69
pry,sex_f,ocu_skill_l1,mts_details_sgle,2016,41.55
pry,sex_f,ocu_skill_l1,mts_details_sgle,2017,39.78
pry,sex_f,ocu_skill_l1,mts_details_sgle,2018,39.11
pry,sex_f,ocu_skill_l1,mts_details_sgle,2019,37.37
pry,sex_f,ocu_skill_l1,mts_details_sgle,2020,38.09
pry,sex_f,ocu_skill_l1,mts_details_sgle,2021,35.67
pry,sex_f,ocu_skill_l1,mts_details_sgle,2022,36.67
pry,sex_f,ocu_skill_l1,mts_details_sgle,2023,36.32
pry,sex_f,ocu_skill_l1,mts_details_sgle,2024,36.88
pry,sex_f,ocu_skill_l1,mts_details_total,1998,46.23
pry,sex_f,ocu_skill_l1,mts_details_total,1999,48.93
pry,sex_f,ocu_skill_l1,mts_details_total,2001,40.57
pry,sex_f,ocu_skill_l1,mts_details_total,2002,44.88
pry,sex_f,ocu_skill_l1,mts_details_total,2003,43.54
pry,sex_f,ocu_skill_l1,mts_details_total,2004,44.85
pry,sex_f,ocu_skill_l1,mts_details_total,2005,44.72
pry,sex_f,ocu_skill_l1,mts_details_total,2006,45.99
pry,sex_f,ocu_skill_l1,mts_details_total,2007,44.6
pry,sex_f,ocu_skill_l1,mts_details_total,2008,41.13
pry,sex_f,ocu_skill_l1,mts_details_total,2009,41.08
pry,sex_f,ocu_skill_l1,mts_details_total,2010,42.07
pry,sex_f,ocu_skill_l1,mts_details_total,2011,42.32
pry,sex_f,ocu_skill_l1,mts_details_total,2012,40.94
pry,sex_f,ocu_skill_l1,mts_details_total,2013,41.31
pry,sex_f,ocu_skill_l1,mts_details_total,2014,41.01
pry,sex_f,ocu_skill_l1,mts_details_total,2015,38.8
pry,sex_f,ocu_skill_l1,mts_details_total,2016,39.72
pry,sex_f,ocu_skill_l1,mts_details_total,2017,38
pry,sex_f,ocu_skill_l1,mts_details_total,2018,37.27
pry,sex_f,ocu_skill_l1,mts_details_total,2019,35.61
pry,sex_f,ocu_skill_l1,mts_details_total,2020,35.5
pry,sex_f,ocu_skill_l1,mts_details_total,2021,35.44
pry,sex_f,ocu_skill_l1,mts_details_total,2022,35.19
pry,sex_f,ocu_skill_l1,mts_details_total,2023,34.57
pry,sex_f,ocu_skill_l1,mts_details_total,2024,34.8
pry,sex_f,ocu_skill_l1,mts_details_union,2001,37.33
pry,sex_f,ocu_skill_l1,mts_details_union,2002,37.28
pry,sex_f,ocu_skill_l1,mts_details_union,2003,40.45
pry,sex_f,ocu_skill_l1,mts_details_union,2004,44.1
pry,sex_f,ocu_skill_l1,mts_details_union,2005,41.15
pry,sex_f,ocu_skill_l1,mts_details_union,2006,41.76
pry,sex_f,ocu_skill_l1,mts_details_union,2007,41.02
pry,sex_f,ocu_skill_l1,mts_details_union,2008,37.58
pry,sex_f,ocu_skill_l1,mts_details_union,2009,41.66
pry,sex_f,ocu_skill_l1,mts_details_union,2010,37.95
pry,sex_f,ocu_skill_l1,mts_details_union,2011,39.75
pry,sex_f,ocu_skill_l1,mts_details_union,2012,39.1
pry,sex_f,ocu_skill_l1,mts_details_union,2013,39.36
pry,sex_f,ocu_skill_l1,mts_details_union,2014,40.45
pry,sex_f,ocu_skill_l1,mts_details_union,2015,35.99
pry,sex_f,ocu_skill_l1,mts_details_union,2016,38.18
pry,sex_f,ocu_skill_l1,mts_details_union,2017,37.34
pry,sex_f,ocu_skill_l1,mts_details_union,2018,36.17
pry,sex_f,ocu_skill_l1,mts_details_union,2019,34.92
pry,sex_f,ocu_skill_l1,mts_details_union,2020,33.84
pry,sex_f,ocu_skill_l1,mts_details_union,2021,34.21
pry,sex_f,ocu_skill_l1,mts_details_union,2022,34.23
pry,sex_f,ocu_skill_l1,mts_details_union,2023,33.76
pry,sex_f,ocu_skill_l1,mts_details_union,2024,33.49
pry,sex_f,ocu_skill_l1,mts_details_wid,2001,31.41
pry,sex_f,ocu_skill_l1,mts_details_wid,2002,43.82
pry,sex_f,ocu_skill_l1,mts_details_wid,2003,39.31
pry,sex_f,ocu_skill_l1,mts_details_wid,2004,33.06
pry,sex_f,ocu_skill_l1,mts_details_wid,2005,33.41
pry,sex_f,ocu_skill_l1,mts_details_wid,2006,40.02
pry,sex_f,ocu_skill_l1,mts_details_wid,2007,34.9
pry,sex_f,ocu_skill_l1,mts_details_wid,2008,47.63
pry,sex_f,ocu_skill_l1,mts_details_wid,2009,39.25
pry,sex_f,ocu_skill_l1,mts_details_wid,2010,32.3
pry,sex_f,ocu_skill_l1,mts_details_wid,2011,40.25
pry,sex_f,ocu_skill_l1,mts_details_wid,2012,37.43
pry,sex_f,ocu_skill_l1,mts_details_wid,2013,39.53
pry,sex_f,ocu_skill_l1,mts_details_wid,2014,41.7
pry,sex_f,ocu_skill_l1,mts_details_wid,2015,36.88
pry,sex_f,ocu_skill_l1,mts_details_wid,2016,39.03
pry,sex_f,ocu_skill_l1,mts_details_wid,2017,36.08
pry,sex_f,ocu_skill_l1,mts_details_wid,2018,34.95
pry,sex_f,ocu_skill_l1,mts_details_wid,2019,32.43
pry,sex_f,ocu_skill_l1,mts_details_wid,2020,31.2
pry,sex_f,ocu_skill_l1,mts_details_wid,2021,36.47
pry,sex_f,ocu_skill_l1,mts_details_wid,2022,30.6
pry,sex_f,ocu_skill_l1,mts_details_wid,2023,33.36
pry,sex_f,ocu_skill_l1,mts_details_wid,2024,32.57
pry,sex_f,ocu_skill_l1,mts_details_x,2020,35.43
pry,sex_f,ocu_skill_l1,mts_details_x,2021,36.5
pry,sex_f,ocu_skill_l2,mts_aggregate_1,1998,45.91
pry,sex_f,ocu_skill_l2,mts_aggregate_1,1999,45.37
pry,sex_f,ocu_skill_l2,mts_aggregate_1,2001,43.67
pry,sex_f,ocu_skill_l2,mts_aggregate_1,2002,47.44
pry,sex_f,ocu_skill_l2,mts_aggregate_1,2003,44.32
pry,sex_f,ocu_skill_l2,mts_aggregate_1,2004,47.47
pry,sex_f,ocu_skill_l2,mts_aggregate_1,2005,49.35
pry,sex_f,ocu_skill_l2,mts_aggregate_1,2006,46.99
pry,sex_f,ocu_skill_l2,mts_aggregate_1,2007,47.67
pry,sex_f,ocu_skill_l2,mts_aggregate_1,2008,45.65
pry,sex_f,ocu_skill_l2,mts_aggregate_1,2009,46.95
pry,sex_f,ocu_skill_l2,mts_aggregate_1,2010,46.79
pry,sex_f,ocu_skill_l2,mts_aggregate_1,2011,48.12
pry,sex_f,ocu_skill_l2,mts_aggregate_1,2012,44.77
pry,sex_f,ocu_skill_l2,mts_aggregate_1,2013,48.41
pry,sex_f,ocu_skill_l2,mts_aggregate_1,2014,45.83
pry,sex_f,ocu_skill_l2,mts_aggregate_1,2015,45.92
pry,sex_f,ocu_skill_l2,mts_aggregate_1,2016,45.95
pry,sex_f,ocu_skill_l2,mts_aggregate_1,2017,45.04
pry,sex_f,ocu_skill_l2,mts_aggregate_1,2018,44.19
pry,sex_f,ocu_skill_l2,mts_aggregate_1,2019,45.48
pry,sex_f,ocu_skill_l2,mts_aggregate_1,2020,44.01
pry,sex_f,ocu_skill_l2,mts_aggregate_1,2021,44.25
pry,sex_f,ocu_skill_l2,mts_aggregate_1,2022,44.88
pry,sex_f,ocu_skill_l2,mts_aggregate_1,2023,44.99
pry,sex_f,ocu_skill_l2,mts_aggregate_1,2024,44.69
pry,sex_f,ocu_skill_l2,mts_aggregate_2,1998,40.52
pry,sex_f,ocu_skill_l2,mts_aggregate_2,1999,40.14
pry,sex_f,ocu_skill_l2,mts_aggregate_2,2001,46.52
pry,sex_f,ocu_skill_l2,mts_aggregate_2,2002,43.74
pry,sex_f,ocu_skill_l2,mts_aggregate_2,2003,44.64
pry,sex_f,ocu_skill_l2,mts_aggregate_2,2004,46.02
pry,sex_f,ocu_skill_l2,mts_aggregate_2,2005,48.72
pry,sex_f,ocu_skill_l2,mts_aggregate_2,2006,48.27
pry,sex_f,ocu_skill_l2,mts_aggregate_2,2007,45.3
pry,sex_f,ocu_skill_l2,mts_aggregate_2,2008,45.87
pry,sex_f,ocu_skill_l2,mts_aggregate_2,2009,44.62
pry,sex_f,ocu_skill_l2,mts_aggregate_2,2010,45.68
pry,sex_f,ocu_skill_l2,mts_aggregate_2,2011,45.91
pry,sex_f,ocu_skill_l2,mts_aggregate_2,2012,45.63
pry,sex_f,ocu_skill_l2,mts_aggregate_2,2013,46.3
pry,sex_f,ocu_skill_l2,mts_aggregate_2,2014,46.43
pry,sex_f,ocu_skill_l2,mts_aggregate_2,2015,47.24
pry,sex_f,ocu_skill_l2,mts_aggregate_2,2016,46.15
pry,sex_f,ocu_skill_l2,mts_aggregate_2,2017,45.12
pry,sex_f,ocu_skill_l2,mts_aggregate_2,2018,44.12
pry,sex_f,ocu_skill_l2,mts_aggregate_2,2019,43.47
pry,sex_f,ocu_skill_l2,mts_aggregate_2,2020,43.43
pry,sex_f,ocu_skill_l2,mts_aggregate_2,2021,43.54
pry,sex_f,ocu_skill_l2,mts_aggregate_2,2022,44.52
pry,sex_f,ocu_skill_l2,mts_aggregate_2,2023,44.86
pry,sex_f,ocu_skill_l2,mts_aggregate_2,2024,44.75
pry,sex_f,ocu_skill_l2,mts_aggregate_total,1998,43.73
pry,sex_f,ocu_skill_l2,mts_aggregate_total,1999,43.19
pry,sex_f,ocu_skill_l2,mts_aggregate_total,2001,44.79
pry,sex_f,ocu_skill_l2,mts_aggregate_total,2002,46.04
pry,sex_f,ocu_skill_l2,mts_aggregate_total,2003,44.46
pry,sex_f,ocu_skill_l2,mts_aggregate_total,2004,46.83
pry,sex_f,ocu_skill_l2,mts_aggregate_total,2005,49.09
pry,sex_f,ocu_skill_l2,mts_aggregate_total,2006,47.52
pry,sex_f,ocu_skill_l2,mts_aggregate_total,2007,46.62
pry,sex_f,ocu_skill_l2,mts_aggregate_total,2008,45.74
pry,sex_f,ocu_skill_l2,mts_aggregate_total,2009,46.02
pry,sex_f,ocu_skill_l2,mts_aggregate_total,2010,46.33
pry,sex_f,ocu_skill_l2,mts_aggregate_total,2011,47.25
pry,sex_f,ocu_skill_l2,mts_aggregate_total,2012,45.14
pry,sex_f,ocu_skill_l2,mts_aggregate_total,2013,47.51
pry,sex_f,ocu_skill_l2,mts_aggregate_total,2014,46.07
pry,sex_f,ocu_skill_l2,mts_aggregate_total,2015,46.48
pry,sex_f,ocu_skill_l2,mts_aggregate_total,2016,46.04
pry,sex_f,ocu_skill_l2,mts_aggregate_total,2017,45.08
pry,sex_f,ocu_skill_l2,mts_aggregate_total,2018,44.16
pry,sex_f,ocu_skill_l2,mts_aggregate_total,2019,44.55
pry,sex_f,ocu_skill_l2,mts_aggregate_total,2020,43.58
pry,sex_f,ocu_skill_l2,mts_aggregate_total,2021,43.93
pry,sex_f,ocu_skill_l2,mts_aggregate_total,2022,44.72
pry,sex_f,ocu_skill_l2,mts_aggregate_total,2023,44.94
pry,sex_f,ocu_skill_l2,mts_aggregate_total,2024,44.71
pry,sex_f,ocu_skill_l2,mts_aggregate_x,2020,43.5
pry,sex_f,ocu_skill_l2,mts_aggregate_x,2021,43.91
pry,sex_f,ocu_skill_l2,mts_details_mrd,1998,39.48
pry,sex_f,ocu_skill_l2,mts_details_mrd,1999,39.94
pry,sex_f,ocu_skill_l2,mts_details_mrd,2001,43.77
pry,sex_f,ocu_skill_l2,mts_details_mrd,2002,42.51
pry,sex_f,ocu_skill_l2,mts_details_mrd,2003,43.47
pry,sex_f,ocu_skill_l2,mts_details_mrd,2004,43.14
pry,sex_f,ocu_skill_l2,mts_details_mrd,2005,47.83
pry,sex_f,ocu_skill_l2,mts_details_mrd,2006,46.03
pry,sex_f,ocu_skill_l2,mts_details_mrd,2007,45.01
pry,sex_f,ocu_skill_l2,mts_details_mrd,2008,43.49
pry,sex_f,ocu_skill_l2,mts_details_mrd,2009,41.99
pry,sex_f,ocu_skill_l2,mts_details_mrd,2010,43.72
pry,sex_f,ocu_skill_l2,mts_details_mrd,2011,45.22
pry,sex_f,ocu_skill_l2,mts_details_mrd,2012,45.95
pry,sex_f,ocu_skill_l2,mts_details_mrd,2013,44.63
pry,sex_f,ocu_skill_l2,mts_details_mrd,2014,45.13
pry,sex_f,ocu_skill_l2,mts_details_mrd,2015,44.84
pry,sex_f,ocu_skill_l2,mts_details_mrd,2016,44.43
pry,sex_f,ocu_skill_l2,mts_details_mrd,2017,43.61
pry,sex_f,ocu_skill_l2,mts_details_mrd,2018,42.51
pry,sex_f,ocu_skill_l2,mts_details_mrd,2019,41.63
pry,sex_f,ocu_skill_l2,mts_details_mrd,2020,43.9
pry,sex_f,ocu_skill_l2,mts_details_mrd,2021,43.6
pry,sex_f,ocu_skill_l2,mts_details_mrd,2022,42.16
pry,sex_f,ocu_skill_l2,mts_details_mrd,2023,42.13
pry,sex_f,ocu_skill_l2,mts_details_mrd,2024,44.09
pry,sex_f,ocu_skill_l2,mts_details_sep,1998,40.41
pry,sex_f,ocu_skill_l2,mts_details_sep,1999,43.69
pry,sex_f,ocu_skill_l2,mts_details_sep,2001,50.42
pry,sex_f,ocu_skill_l2,mts_details_sep,2002,46.18
pry,sex_f,ocu_skill_l2,mts_details_sep,2003,41.83
pry,sex_f,ocu_skill_l2,mts_details_sep,2004,42.62
pry,sex_f,ocu_skill_l2,mts_details_sep,2005,55.44
pry,sex_f,ocu_skill_l2,mts_details_sep,2006,42.76
pry,sex_f,ocu_skill_l2,mts_details_sep,2007,47.09
pry,sex_f,ocu_skill_l2,mts_details_sep,2008,41.78
pry,sex_f,ocu_skill_l2,mts_details_sep,2009,49.11
pry,sex_f,ocu_skill_l2,mts_details_sep,2010,48.97
pry,sex_f,ocu_skill_l2,mts_details_sep,2011,52.65
pry,sex_f,ocu_skill_l2,mts_details_sep,2012,47.89
pry,sex_f,ocu_skill_l2,mts_details_sep,2013,44.94
pry,sex_f,ocu_skill_l2,mts_details_sep,2014,48.16
pry,sex_f,ocu_skill_l2,mts_details_sep,2015,45.13
pry,sex_f,ocu_skill_l2,mts_details_sep,2016,44.4
pry,sex_f,ocu_skill_l2,mts_details_sep,2017,45.7
pry,sex_f,ocu_skill_l2,mts_details_sep,2018,42.19
pry,sex_f,ocu_skill_l2,mts_details_sep,2019,48.66
pry,sex_f,ocu_skill_l2,mts_details_sep,2020,50.11
pry,sex_f,ocu_skill_l2,mts_details_sep,2021,47.17
pry,sex_f,ocu_skill_l2,mts_details_sep,2022,43.87
pry,sex_f,ocu_skill_l2,mts_details_sep,2023,47.3
pry,sex_f,ocu_skill_l2,mts_details_sep,2024,45.95
pry,sex_f,ocu_skill_l2,mts_details_sgle,1998,46.81
pry,sex_f,ocu_skill_l2,mts_details_sgle,1999,45.45
pry,sex_f,ocu_skill_l2,mts_details_sgle,2001,43.5
pry,sex_f,ocu_skill_l2,mts_details_sgle,2002,47.54
pry,sex_f,ocu_skill_l2,mts_details_sgle,2003,45.14
pry,sex_f,ocu_skill_l2,mts_details_sgle,2004,48.21
pry,sex_f,ocu_skill_l2,mts_details_sgle,2005,48.22
pry,sex_f,ocu_skill_l2,mts_details_sgle,2006,47.39
pry,sex_f,ocu_skill_l2,mts_details_sgle,2007,47.66
pry,sex_f,ocu_skill_l2,mts_details_sgle,2008,45.91
pry,sex_f,ocu_skill_l2,mts_details_sgle,2009,47.07
pry,sex_f,ocu_skill_l2,mts_details_sgle,2010,46.55
pry,sex_f,ocu_skill_l2,mts_details_sgle,2011,47.81
pry,sex_f,ocu_skill_l2,mts_details_sgle,2012,44.73
pry,sex_f,ocu_skill_l2,mts_details_sgle,2013,49.11
pry,sex_f,ocu_skill_l2,mts_details_sgle,2014,46.06
pry,sex_f,ocu_skill_l2,mts_details_sgle,2015,46.01
pry,sex_f,ocu_skill_l2,mts_details_sgle,2016,46.15
pry,sex_f,ocu_skill_l2,mts_details_sgle,2017,44.97
pry,sex_f,ocu_skill_l2,mts_details_sgle,2018,44.49
pry,sex_f,ocu_skill_l2,mts_details_sgle,2019,45.43
pry,sex_f,ocu_skill_l2,mts_details_sgle,2020,43.73
pry,sex_f,ocu_skill_l2,mts_details_sgle,2021,44.34
pry,sex_f,ocu_skill_l2,mts_details_sgle,2022,45
pry,sex_f,ocu_skill_l2,mts_details_sgle,2023,44.73
pry,sex_f,ocu_skill_l2,mts_details_sgle,2024,44.51
pry,sex_f,ocu_skill_l2,mts_details_total,1998,43.73
pry,sex_f,ocu_skill_l2,mts_details_total,1999,43.19
pry,sex_f,ocu_skill_l2,mts_details_total,2001,44.79
pry,sex_f,ocu_skill_l2,mts_details_total,2002,46.04
pry,sex_f,ocu_skill_l2,mts_details_total,2003,44.46
pry,sex_f,ocu_skill_l2,mts_details_total,2004,46.83
pry,sex_f,ocu_skill_l2,mts_details_total,2005,49.09
pry,sex_f,ocu_skill_l2,mts_details_total,2006,47.52
pry,sex_f,ocu_skill_l2,mts_details_total,2007,46.62
pry,sex_f,ocu_skill_l2,mts_details_total,2008,45.74
pry,sex_f,ocu_skill_l2,mts_details_total,2009,46.02
pry,sex_f,ocu_skill_l2,mts_details_total,2010,46.33
pry,sex_f,ocu_skill_l2,mts_details_total,2011,47.25
pry,sex_f,ocu_skill_l2,mts_details_total,2012,45.14
pry,sex_f,ocu_skill_l2,mts_details_total,2013,47.51
pry,sex_f,ocu_skill_l2,mts_details_total,2014,46.07
pry,sex_f,ocu_skill_l2,mts_details_total,2015,46.48
pry,sex_f,ocu_skill_l2,mts_details_total,2016,46.04
pry,sex_f,ocu_skill_l2,mts_details_total,2017,45.08
pry,sex_f,ocu_skill_l2,mts_details_total,2018,44.16
pry,sex_f,ocu_skill_l2,mts_details_total,2019,44.55
pry,sex_f,ocu_skill_l2,mts_details_total,2020,43.58
pry,sex_f,ocu_skill_l2,mts_details_total,2021,43.93
pry,sex_f,ocu_skill_l2,mts_details_total,2022,44.72
pry,sex_f,ocu_skill_l2,mts_details_total,2023,44.94
pry,sex_f,ocu_skill_l2,mts_details_total,2024,44.71
pry,sex_f,ocu_skill_l2,mts_details_union,1998,42.06
pry,sex_f,ocu_skill_l2,mts_details_union,1999,40.62
pry,sex_f,ocu_skill_l2,mts_details_union,2001,52.31
pry,sex_f,ocu_skill_l2,mts_details_union,2002,46.41
pry,sex_f,ocu_skill_l2,mts_details_union,2003,47.32
pry,sex_f,ocu_skill_l2,mts_details_union,2004,50.62
pry,sex_f,ocu_skill_l2,mts_details_union,2005,50.59
pry,sex_f,ocu_skill_l2,mts_details_union,2006,52.99
pry,sex_f,ocu_skill_l2,mts_details_union,2007,45.88
pry,sex_f,ocu_skill_l2,mts_details_union,2008,50.12
pry,sex_f,ocu_skill_l2,mts_details_union,2009,47.86
pry,sex_f,ocu_skill_l2,mts_details_union,2010,48.32
pry,sex_f,ocu_skill_l2,mts_details_union,2011,46.91
pry,sex_f,ocu_skill_l2,mts_details_union,2012,45.33
pry,sex_f,ocu_skill_l2,mts_details_union,2013,48.09
pry,sex_f,ocu_skill_l2,mts_details_union,2014,47.73
pry,sex_f,ocu_skill_l2,mts_details_union,2015,49.99
pry,sex_f,ocu_skill_l2,mts_details_union,2016,47.54
pry,sex_f,ocu_skill_l2,mts_details_union,2017,46.35
pry,sex_f,ocu_skill_l2,mts_details_union,2018,45.49
pry,sex_f,ocu_skill_l2,mts_details_union,2019,44.85
pry,sex_f,ocu_skill_l2,mts_details_union,2020,43.11
pry,sex_f,ocu_skill_l2,mts_details_union,2021,43.49
pry,sex_f,ocu_skill_l2,mts_details_union,2022,45.72
pry,sex_f,ocu_skill_l2,mts_details_union,2023,46.53
pry,sex_f,ocu_skill_l2,mts_details_union,2024,45.11
pry,sex_f,ocu_skill_l2,mts_details_wid,1998,34.38
pry,sex_f,ocu_skill_l2,mts_details_wid,1999,47.13
pry,sex_f,ocu_skill_l2,mts_details_wid,2001,34.62
pry,sex_f,ocu_skill_l2,mts_details_wid,2002,47.99
pry,sex_f,ocu_skill_l2,mts_details_wid,2003,36.94
pry,sex_f,ocu_skill_l2,mts_details_wid,2004,39.91
pry,sex_f,ocu_skill_l2,mts_details_wid,2005,52.48
pry,sex_f,ocu_skill_l2,mts_details_wid,2006,46.87
pry,sex_f,ocu_skill_l2,mts_details_wid,2007,49.88
pry,sex_f,ocu_skill_l2,mts_details_wid,2008,45.12
pry,sex_f,ocu_skill_l2,mts_details_wid,2009,39.8
pry,sex_f,ocu_skill_l2,mts_details_wid,2010,47.74
pry,sex_f,ocu_skill_l2,mts_details_wid,2011,43.57
pry,sex_f,ocu_skill_l2,mts_details_wid,2012,36.96
pry,sex_f,ocu_skill_l2,mts_details_wid,2013,40.12
pry,sex_f,ocu_skill_l2,mts_details_wid,2014,37.25
pry,sex_f,ocu_skill_l2,mts_details_wid,2015,45.52
pry,sex_f,ocu_skill_l2,mts_details_wid,2016,42.75
pry,sex_f,ocu_skill_l2,mts_details_wid,2017,44.9
pry,sex_f,ocu_skill_l2,mts_details_wid,2018,41.16
pry,sex_f,ocu_skill_l2,mts_details_wid,2019,38.94
pry,sex_f,ocu_skill_l2,mts_details_wid,2020,41.73
pry,sex_f,ocu_skill_l2,mts_details_wid,2021,33.4
pry,sex_f,ocu_skill_l2,mts_details_wid,2022,43.33
pry,sex_f,ocu_skill_l2,mts_details_wid,2023,46.8
pry,sex_f,ocu_skill_l2,mts_details_wid,2024,47.34
pry,sex_f,ocu_skill_l2,mts_details_x,2020,43.5
pry,sex_f,ocu_skill_l2,mts_details_x,2021,43.91
pry,sex_f,ocu_skill_l3_4,mts_aggregate_1,1998,36.53
pry,sex_f,ocu_skill_l3_4,mts_aggregate_1,1999,37.73
pry,sex_f,ocu_skill_l3_4,mts_aggregate_1,2001,34.75
pry,sex_f,ocu_skill_l3_4,mts_aggregate_1,2002,32.38
pry,sex_f,ocu_skill_l3_4,mts_aggregate_1,2003,33.48
pry,sex_f,ocu_skill_l3_4,mts_aggregate_1,2004,38.46
pry,sex_f,ocu_skill_l3_4,mts_aggregate_1,2005,36.39
pry,sex_f,ocu_skill_l3_4,mts_aggregate_1,2006,36.14
pry,sex_f,ocu_skill_l3_4,mts_aggregate_1,2007,37.28
pry,sex_f,ocu_skill_l3_4,mts_aggregate_1,2008,38.16
pry,sex_f,ocu_skill_l3_4,mts_aggregate_1,2009,37.42
pry,sex_f,ocu_skill_l3_4,mts_aggregate_1,2010,37.24
pry,sex_f,ocu_skill_l3_4,mts_aggregate_1,2011,41.34
pry,sex_f,ocu_skill_l3_4,mts_aggregate_1,2012,38.24
pry,sex_f,ocu_skill_l3_4,mts_aggregate_1,2013,38.71
pry,sex_f,ocu_skill_l3_4,mts_aggregate_1,2014,37.25
pry,sex_f,ocu_skill_l3_4,mts_aggregate_1,2015,36.94
pry,sex_f,ocu_skill_l3_4,mts_aggregate_1,2016,38.13
pry,sex_f,ocu_skill_l3_4,mts_aggregate_1,2017,37.84
pry,sex_f,ocu_skill_l3_4,mts_aggregate_1,2018,36.65
pry,sex_f,ocu_skill_l3_4,mts_aggregate_1,2019,36.03
pry,sex_f,ocu_skill_l3_4,mts_aggregate_1,2020,35.81
pry,sex_f,ocu_skill_l3_4,mts_aggregate_1,2021,37.13
pry,sex_f,ocu_skill_l3_4,mts_aggregate_1,2022,37.32
pry,sex_f,ocu_skill_l3_4,mts_aggregate_1,2023,37.17
pry,sex_f,ocu_skill_l3_4,mts_aggregate_1,2024,37.73
pry,sex_f,ocu_skill_l3_4,mts_aggregate_2,1998,38.22
pry,sex_f,ocu_skill_l3_4,mts_aggregate_2,1999,36.3
pry,sex_f,ocu_skill_l3_4,mts_aggregate_2,2001,33.62
pry,sex_f,ocu_skill_l3_4,mts_aggregate_2,2002,34.88
pry,sex_f,ocu_skill_l3_4,mts_aggregate_2,2003,34.11
pry,sex_f,ocu_skill_l3_4,mts_aggregate_2,2004,36.19
pry,sex_f,ocu_skill_l3_4,mts_aggregate_2,2005,34.55
pry,sex_f,ocu_skill_l3_4,mts_aggregate_2,2006,38.57
pry,sex_f,ocu_skill_l3_4,mts_aggregate_2,2007,36.23
pry,sex_f,ocu_skill_l3_4,mts_aggregate_2,2008,36.84
pry,sex_f,ocu_skill_l3_4,mts_aggregate_2,2009,37.1
pry,sex_f,ocu_skill_l3_4,mts_aggregate_2,2010,36.77
pry,sex_f,ocu_skill_l3_4,mts_aggregate_2,2011,37.39
pry,sex_f,ocu_skill_l3_4,mts_aggregate_2,2012,35.33
pry,sex_f,ocu_skill_l3_4,mts_aggregate_2,2013,36.47
pry,sex_f,ocu_skill_l3_4,mts_aggregate_2,2014,34.29
pry,sex_f,ocu_skill_l3_4,mts_aggregate_2,2015,35.83
pry,sex_f,ocu_skill_l3_4,mts_aggregate_2,2016,37.15
pry,sex_f,ocu_skill_l3_4,mts_aggregate_2,2017,34.53
pry,sex_f,ocu_skill_l3_4,mts_aggregate_2,2018,34.17
pry,sex_f,ocu_skill_l3_4,mts_aggregate_2,2019,34.61
pry,sex_f,ocu_skill_l3_4,mts_aggregate_2,2020,33.92
pry,sex_f,ocu_skill_l3_4,mts_aggregate_2,2021,34.97
pry,sex_f,ocu_skill_l3_4,mts_aggregate_2,2022,34.78
pry,sex_f,ocu_skill_l3_4,mts_aggregate_2,2023,35.12
pry,sex_f,ocu_skill_l3_4,mts_aggregate_2,2024,35.41
pry,sex_f,ocu_skill_l3_4,mts_aggregate_total,1998,37.64
pry,sex_f,ocu_skill_l3_4,mts_aggregate_total,1999,36.81
pry,sex_f,ocu_skill_l3_4,mts_aggregate_total,2001,34.24
pry,sex_f,ocu_skill_l3_4,mts_aggregate_total,2002,33.7
pry,sex_f,ocu_skill_l3_4,mts_aggregate_total,2003,33.84
pry,sex_f,ocu_skill_l3_4,mts_aggregate_total,2004,37.13
pry,sex_f,ocu_skill_l3_4,mts_aggregate_total,2005,35.26
pry,sex_f,ocu_skill_l3_4,mts_aggregate_total,2006,37.52
pry,sex_f,ocu_skill_l3_4,mts_aggregate_total,2007,36.7
pry,sex_f,ocu_skill_l3_4,mts_aggregate_total,2008,37.41
pry,sex_f,ocu_skill_l3_4,mts_aggregate_total,2009,37.25
pry,sex_f,ocu_skill_l3_4,mts_aggregate_total,2010,36.97
pry,sex_f,ocu_skill_l3_4,mts_aggregate_total,2011,39.35
pry,sex_f,ocu_skill_l3_4,mts_aggregate_total,2012,36.66
pry,sex_f,ocu_skill_l3_4,mts_aggregate_total,2013,37.57
pry,sex_f,ocu_skill_l3_4,mts_aggregate_total,2014,35.75
pry,sex_f,ocu_skill_l3_4,mts_aggregate_total,2015,36.37
pry,sex_f,ocu_skill_l3_4,mts_aggregate_total,2016,37.59
pry,sex_f,ocu_skill_l3_4,mts_aggregate_total,2017,35.96
pry,sex_f,ocu_skill_l3_4,mts_aggregate_total,2018,35.21
pry,sex_f,ocu_skill_l3_4,mts_aggregate_total,2019,35.21
pry,sex_f,ocu_skill_l3_4,mts_aggregate_total,2020,35.18
pry,sex_f,ocu_skill_l3_4,mts_aggregate_total,2021,36.12
pry,sex_f,ocu_skill_l3_4,mts_aggregate_total,2022,35.88
pry,sex_f,ocu_skill_l3_4,mts_aggregate_total,2023,36.05
pry,sex_f,ocu_skill_l3_4,mts_aggregate_total,2024,36.43
pry,sex_f,ocu_skill_l3_4,mts_aggregate_x,2020,35.36
pry,sex_f,ocu_skill_l3_4,mts_aggregate_x,2021,36.75
pry,sex_f,ocu_skill_l3_4,mts_details_mrd,1998,38.53
pry,sex_f,ocu_skill_l3_4,mts_details_mrd,1999,35.89
pry,sex_f,ocu_skill_l3_4,mts_details_mrd,2001,32.96
pry,sex_f,ocu_skill_l3_4,mts_details_mrd,2002,35.52
pry,sex_f,ocu_skill_l3_4,mts_details_mrd,2003,34.1
pry,sex_f,ocu_skill_l3_4,mts_details_mrd,2004,36.6
pry,sex_f,ocu_skill_l3_4,mts_details_mrd,2005,33.53
pry,sex_f,ocu_skill_l3_4,mts_details_mrd,2006,38.59
pry,sex_f,ocu_skill_l3_4,mts_details_mrd,2007,36.79
pry,sex_f,ocu_skill_l3_4,mts_details_mrd,2008,35.78
pry,sex_f,ocu_skill_l3_4,mts_details_mrd,2009,36.9
pry,sex_f,ocu_skill_l3_4,mts_details_mrd,2010,36.74
pry,sex_f,ocu_skill_l3_4,mts_details_mrd,2011,37.86
pry,sex_f,ocu_skill_l3_4,mts_details_mrd,2012,34.19
pry,sex_f,ocu_skill_l3_4,mts_details_mrd,2013,35.88
pry,sex_f,ocu_skill_l3_4,mts_details_mrd,2014,33.98
pry,sex_f,ocu_skill_l3_4,mts_details_mrd,2015,35.64
pry,sex_f,ocu_skill_l3_4,mts_details_mrd,2016,36.55
pry,sex_f,ocu_skill_l3_4,mts_details_mrd,2017,34.57
pry,sex_f,ocu_skill_l3_4,mts_details_mrd,2018,33.49
pry,sex_f,ocu_skill_l3_4,mts_details_mrd,2019,33.93
pry,sex_f,ocu_skill_l3_4,mts_details_mrd,2020,34.44
pry,sex_f,ocu_skill_l3_4,mts_details_mrd,2021,34
pry,sex_f,ocu_skill_l3_4,mts_details_mrd,2022,33.99
pry,sex_f,ocu_skill_l3_4,mts_details_mrd,2023,34.41
pry,sex_f,ocu_skill_l3_4,mts_details_mrd,2024,34.82
pry,sex_f,ocu_skill_l3_4,mts_details_sep,1998,35.92
pry,sex_f,ocu_skill_l3_4,mts_details_sep,1999,34.45
pry,sex_f,ocu_skill_l3_4,mts_details_sep,2001,38.62
pry,sex_f,ocu_skill_l3_4,mts_details_sep,2002,28.65
pry,sex_f,ocu_skill_l3_4,mts_details_sep,2003,34.12
pry,sex_f,ocu_skill_l3_4,mts_details_sep,2004,45.08
pry,sex_f,ocu_skill_l3_4,mts_details_sep,2005,36.44
pry,sex_f,ocu_skill_l3_4,mts_details_sep,2006,31.09
pry,sex_f,ocu_skill_l3_4,mts_details_sep,2007,32.5
pry,sex_f,ocu_skill_l3_4,mts_details_sep,2008,38.64
pry,sex_f,ocu_skill_l3_4,mts_details_sep,2009,36.02
pry,sex_f,ocu_skill_l3_4,mts_details_sep,2010,36.13
pry,sex_f,ocu_skill_l3_4,mts_details_sep,2011,41.96
pry,sex_f,ocu_skill_l3_4,mts_details_sep,2012,35.52
pry,sex_f,ocu_skill_l3_4,mts_details_sep,2013,37.31
pry,sex_f,ocu_skill_l3_4,mts_details_sep,2014,33.41
pry,sex_f,ocu_skill_l3_4,mts_details_sep,2015,34.65
pry,sex_f,ocu_skill_l3_4,mts_details_sep,2016,38.1
pry,sex_f,ocu_skill_l3_4,mts_details_sep,2017,33.01
pry,sex_f,ocu_skill_l3_4,mts_details_sep,2018,35.69
pry,sex_f,ocu_skill_l3_4,mts_details_sep,2019,34.62
pry,sex_f,ocu_skill_l3_4,mts_details_sep,2020,35.58
pry,sex_f,ocu_skill_l3_4,mts_details_sep,2021,33.84
pry,sex_f,ocu_skill_l3_4,mts_details_sep,2022,36
pry,sex_f,ocu_skill_l3_4,mts_details_sep,2023,32.79
pry,sex_f,ocu_skill_l3_4,mts_details_sep,2024,34.31
pry,sex_f,ocu_skill_l3_4,mts_details_sgle,1998,35.78
pry,sex_f,ocu_skill_l3_4,mts_details_sgle,1999,38.65
pry,sex_f,ocu_skill_l3_4,mts_details_sgle,2001,34.23
pry,sex_f,ocu_skill_l3_4,mts_details_sgle,2002,32.76
pry,sex_f,ocu_skill_l3_4,mts_details_sgle,2003,33.66
pry,sex_f,ocu_skill_l3_4,mts_details_sgle,2004,37.83
pry,sex_f,ocu_skill_l3_4,mts_details_sgle,2005,36.72
pry,sex_f,ocu_skill_l3_4,mts_details_sgle,2006,37.13
pry,sex_f,ocu_skill_l3_4,mts_details_sgle,2007,38.13
pry,sex_f,ocu_skill_l3_4,mts_details_sgle,2008,38.35
pry,sex_f,ocu_skill_l3_4,mts_details_sgle,2009,37.36
pry,sex_f,ocu_skill_l3_4,mts_details_sgle,2010,36.94
pry,sex_f,ocu_skill_l3_4,mts_details_sgle,2011,41.26
pry,sex_f,ocu_skill_l3_4,mts_details_sgle,2012,38.74
pry,sex_f,ocu_skill_l3_4,mts_details_sgle,2013,39
pry,sex_f,ocu_skill_l3_4,mts_details_sgle,2014,38.06
pry,sex_f,ocu_skill_l3_4,mts_details_sgle,2015,37.22
pry,sex_f,ocu_skill_l3_4,mts_details_sgle,2016,38.19
pry,sex_f,ocu_skill_l3_4,mts_details_sgle,2017,38.77
pry,sex_f,ocu_skill_l3_4,mts_details_sgle,2018,36.78
pry,sex_f,ocu_skill_l3_4,mts_details_sgle,2019,36.47
pry,sex_f,ocu_skill_l3_4,mts_details_sgle,2020,36.19
pry,sex_f,ocu_skill_l3_4,mts_details_sgle,2021,38.02
pry,sex_f,ocu_skill_l3_4,mts_details_sgle,2022,37.66
pry,sex_f,ocu_skill_l3_4,mts_details_sgle,2023,38.06
pry,sex_f,ocu_skill_l3_4,mts_details_sgle,2024,38.33
pry,sex_f,ocu_skill_l3_4,mts_details_total,1998,37.64
pry,sex_f,ocu_skill_l3_4,mts_details_total,1999,36.81
pry,sex_f,ocu_skill_l3_4,mts_details_total,2001,34.24
pry,sex_f,ocu_skill_l3_4,mts_details_total,2002,33.7
pry,sex_f,ocu_skill_l3_4,mts_details_total,2003,33.84
pry,sex_f,ocu_skill_l3_4,mts_details_total,2004,37.13
pry,sex_f,ocu_skill_l3_4,mts_details_total,2005,35.26
pry,sex_f,ocu_skill_l3_4,mts_details_total,2006,37.52
pry,sex_f,ocu_skill_l3_4,mts_details_total,2007,36.7
pry,sex_f,ocu_skill_l3_4,mts_details_total,2008,37.41
pry,sex_f,ocu_skill_l3_4,mts_details_total,2009,37.25
pry,sex_f,ocu_skill_l3_4,mts_details_total,2010,36.97
pry,sex_f,ocu_skill_l3_4,mts_details_total,2011,39.35
pry,sex_f,ocu_skill_l3_4,mts_details_total,2012,36.66
pry,sex_f,ocu_skill_l3_4,mts_details_total,2013,37.57
pry,sex_f,ocu_skill_l3_4,mts_details_total,2014,35.75
pry,sex_f,ocu_skill_l3_4,mts_details_total,2015,36.37
pry,sex_f,ocu_skill_l3_4,mts_details_total,2016,37.59
pry,sex_f,ocu_skill_l3_4,mts_details_total,2017,35.96
pry,sex_f,ocu_skill_l3_4,mts_details_total,2018,35.21
pry,sex_f,ocu_skill_l3_4,mts_details_total,2019,35.21
pry,sex_f,ocu_skill_l3_4,mts_details_total,2020,35.18
pry,sex_f,ocu_skill_l3_4,mts_details_total,2021,36.12
pry,sex_f,ocu_skill_l3_4,mts_details_total,2022,35.88
pry,sex_f,ocu_skill_l3_4,mts_details_total,2023,36.05
pry,sex_f,ocu_skill_l3_4,mts_details_total,2024,36.43
pry,sex_f,ocu_skill_l3_4,mts_details_union,1998,34.64
pry,sex_f,ocu_skill_l3_4,mts_details_union,1999,39.52
pry,sex_f,ocu_skill_l3_4,mts_details_union,2001,38.83
pry,sex_f,ocu_skill_l3_4,mts_details_union,2002,31.1
pry,sex_f,ocu_skill_l3_4,mts_details_union,2003,34.2
pry,sex_f,ocu_skill_l3_4,mts_details_union,2004,34.4
pry,sex_f,ocu_skill_l3_4,mts_details_union,2005,39.81
pry,sex_f,ocu_skill_l3_4,mts_details_union,2006,38.51
pry,sex_f,ocu_skill_l3_4,mts_details_union,2007,32.67
pry,sex_f,ocu_skill_l3_4,mts_details_union,2008,41.86
pry,sex_f,ocu_skill_l3_4,mts_details_union,2009,37.83
pry,sex_f,ocu_skill_l3_4,mts_details_union,2010,37.02
pry,sex_f,ocu_skill_l3_4,mts_details_union,2011,35.34
pry,sex_f,ocu_skill_l3_4,mts_details_union,2012,39.01
pry,sex_f,ocu_skill_l3_4,mts_details_union,2013,38.52
pry,sex_f,ocu_skill_l3_4,mts_details_union,2014,35.34
pry,sex_f,ocu_skill_l3_4,mts_details_union,2015,36.47
pry,sex_f,ocu_skill_l3_4,mts_details_union,2016,38.52
pry,sex_f,ocu_skill_l3_4,mts_details_union,2017,34.44
pry,sex_f,ocu_skill_l3_4,mts_details_union,2018,35.67
pry,sex_f,ocu_skill_l3_4,mts_details_union,2019,36.05
pry,sex_f,ocu_skill_l3_4,mts_details_union,2020,32.94
pry,sex_f,ocu_skill_l3_4,mts_details_union,2021,36.7
pry,sex_f,ocu_skill_l3_4,mts_details_union,2022,36.12
pry,sex_f,ocu_skill_l3_4,mts_details_union,2023,36.28
pry,sex_f,ocu_skill_l3_4,mts_details_union,2024,36.5
pry,sex_f,ocu_skill_l3_4,mts_details_wid,1999,33.14
pry,sex_f,ocu_skill_l3_4,mts_details_wid,2001,27.83
pry,sex_f,ocu_skill_l3_4,mts_details_wid,2003,24.24
pry,sex_f,ocu_skill_l3_4,mts_details_wid,2004,22.53
pry,sex_f,ocu_skill_l3_4,mts_details_wid,2005,30.44
pry,sex_f,ocu_skill_l3_4,mts_details_wid,2007,34.32
pry,sex_f,ocu_skill_l3_4,mts_details_wid,2008,33.27
pry,sex_f,ocu_skill_l3_4,mts_details_wid,2010,45.63
pry,sex_f,ocu_skill_l3_4,mts_details_wid,2011,40.74
pry,sex_f,ocu_skill_l3_4,mts_details_wid,2013,35.45
pry,sex_f,ocu_skill_l3_4,mts_details_wid,2014,29.98
pry,sex_f,ocu_skill_l3_4,mts_details_wid,2015,37.97
pry,sex_f,ocu_skill_l3_4,mts_details_wid,2016,36.63
pry,sex_f,ocu_skill_l3_4,mts_details_wid,2017,34.16
pry,sex_f,ocu_skill_l3_4,mts_details_wid,2018,37.66
pry,sex_f,ocu_skill_l3_4,mts_details_wid,2019,27.22
pry,sex_f,ocu_skill_l3_4,mts_details_wid,2020,30.72
pry,sex_f,ocu_skill_l3_4,mts_details_wid,2021,30.42
pry,sex_f,ocu_skill_l3_4,mts_details_wid,2022,34.56
pry,sex_f,ocu_skill_l3_4,mts_details_wid,2023,31.84
pry,sex_f,ocu_skill_l3_4,mts_details_wid,2024,35.84
pry,sex_f,ocu_skill_l3_4,mts_details_x,2020,35.36
pry,sex_f,ocu_skill_l3_4,mts_details_x,2021,36.75
pry,sex_f,ocu_skill_total,mts_aggregate_1,1998,44.82
pry,sex_f,ocu_skill_total,mts_aggregate_1,1999,44.41
pry,sex_f,ocu_skill_total,mts_aggregate_1,2001,41.35
pry,sex_f,ocu_skill_total,mts_aggregate_1,2002,45.71
pry,sex_f,ocu_skill_total,mts_aggregate_1,2003,43.34
pry,sex_f,ocu_skill_total,mts_aggregate_1,2004,45.82
pry,sex_f,ocu_skill_total,mts_aggregate_1,2005,45.65
pry,sex_f,ocu_skill_total,mts_aggregate_1,2006,45.6
pry,sex_f,ocu_skill_total,mts_aggregate_1,2007,45.77
pry,sex_f,ocu_skill_total,mts_aggregate_1,2008,43.95
pry,sex_f,ocu_skill_total,mts_aggregate_1,2009,43.61
pry,sex_f,ocu_skill_total,mts_aggregate_1,2010,44.71
pry,sex_f,ocu_skill_total,mts_aggregate_1,2011,44.75
pry,sex_f,ocu_skill_total,mts_aggregate_1,2012,42.71
pry,sex_f,ocu_skill_total,mts_aggregate_1,2013,43.5
pry,sex_f,ocu_skill_total,mts_aggregate_1,2014,42.2
pry,sex_f,ocu_skill_total,mts_aggregate_1,2015,41.49
pry,sex_f,ocu_skill_total,mts_aggregate_1,2016,42.28
pry,sex_f,ocu_skill_total,mts_aggregate_1,2017,41.15
pry,sex_f,ocu_skill_total,mts_aggregate_1,2018,40.31
pry,sex_f,ocu_skill_total,mts_aggregate_1,2019,39.69
pry,sex_f,ocu_skill_total,mts_aggregate_1,2020,39.52
pry,sex_f,ocu_skill_total,mts_aggregate_1,2021,39.35
pry,sex_f,ocu_skill_total,mts_aggregate_1,2022,39.89
pry,sex_f,ocu_skill_total,mts_aggregate_1,2023,39.96
pry,sex_f,ocu_skill_total,mts_aggregate_1,2024,40.06
pry,sex_f,ocu_skill_total,mts_aggregate_2,1998,39.97
pry,sex_f,ocu_skill_total,mts_aggregate_2,1999,39.12
pry,sex_f,ocu_skill_total,mts_aggregate_2,2001,38.76
pry,sex_f,ocu_skill_total,mts_aggregate_2,2002,39.57
pry,sex_f,ocu_skill_total,mts_aggregate_2,2003,38.79
pry,sex_f,ocu_skill_total,mts_aggregate_2,2004,41.24
pry,sex_f,ocu_skill_total,mts_aggregate_2,2005,41.46
pry,sex_f,ocu_skill_total,mts_aggregate_2,2006,43.34
pry,sex_f,ocu_skill_total,mts_aggregate_2,2007,41.28
pry,sex_f,ocu_skill_total,mts_aggregate_2,2008,39.14
pry,sex_f,ocu_skill_total,mts_aggregate_2,2009,40.52
pry,sex_f,ocu_skill_total,mts_aggregate_2,2010,40.17
pry,sex_f,ocu_skill_total,mts_aggregate_2,2011,40.89
pry,sex_f,ocu_skill_total,mts_aggregate_2,2012,39.41
pry,sex_f,ocu_skill_total,mts_aggregate_2,2013,40.53
pry,sex_f,ocu_skill_total,mts_aggregate_2,2014,39.52
pry,sex_f,ocu_skill_total,mts_aggregate_2,2015,39.6
pry,sex_f,ocu_skill_total,mts_aggregate_2,2016,39.96
pry,sex_f,ocu_skill_total,mts_aggregate_2,2017,38.41
pry,sex_f,ocu_skill_total,mts_aggregate_2,2018,37.66
pry,sex_f,ocu_skill_total,mts_aggregate_2,2019,37.01
pry,sex_f,ocu_skill_total,mts_aggregate_2,2020,36.49
pry,sex_f,ocu_skill_total,mts_aggregate_2,2021,37.35
pry,sex_f,ocu_skill_total,mts_aggregate_2,2022,37.48
pry,sex_f,ocu_skill_total,mts_aggregate_2,2023,37.52
pry,sex_f,ocu_skill_total,mts_aggregate_2,2024,37.36
pry,sex_f,ocu_skill_total,mts_aggregate_total,1998,42.63
pry,sex_f,ocu_skill_total,mts_aggregate_total,1999,41.98
pry,sex_f,ocu_skill_total,mts_aggregate_total,2001,40.24
pry,sex_f,ocu_skill_total,mts_aggregate_total,2002,43.22
pry,sex_f,ocu_skill_total,mts_aggregate_total,2003,41.32
pry,sex_f,ocu_skill_total,mts_aggregate_total,2004,43.75
pry,sex_f,ocu_skill_total,mts_aggregate_total,2005,43.74
pry,sex_f,ocu_skill_total,mts_aggregate_total,2006,44.64
pry,sex_f,ocu_skill_total,mts_aggregate_total,2007,43.67
pry,sex_f,ocu_skill_total,mts_aggregate_total,2008,41.68
pry,sex_f,ocu_skill_total,mts_aggregate_total,2009,42.24
pry,sex_f,ocu_skill_total,mts_aggregate_total,2010,42.56
pry,sex_f,ocu_skill_total,mts_aggregate_total,2011,43.09
pry,sex_f,ocu_skill_total,mts_aggregate_total,2012,41.12
pry,sex_f,ocu_skill_total,mts_aggregate_total,2013,42.09
pry,sex_f,ocu_skill_total,mts_aggregate_total,2014,41.02
pry,sex_f,ocu_skill_total,mts_aggregate_total,2015,40.62
pry,sex_f,ocu_skill_total,mts_aggregate_total,2016,41.12
pry,sex_f,ocu_skill_total,mts_aggregate_total,2017,39.74
pry,sex_f,ocu_skill_total,mts_aggregate_total,2018,38.95
pry,sex_f,ocu_skill_total,mts_aggregate_total,2019,38.31
pry,sex_f,ocu_skill_total,mts_aggregate_total,2020,37.92
pry,sex_f,ocu_skill_total,mts_aggregate_total,2021,38.49
pry,sex_f,ocu_skill_total,mts_aggregate_total,2022,38.68
pry,sex_f,ocu_skill_total,mts_aggregate_total,2023,38.75
pry,sex_f,ocu_skill_total,mts_aggregate_total,2024,38.75
pry,sex_f,ocu_skill_total,mts_aggregate_x,2020,37.9
pry,sex_f,ocu_skill_total,mts_aggregate_x,2021,38.86
pry,sex_f,ocu_skill_total,mts_details_mrd,1998,39.29
pry,sex_f,ocu_skill_total,mts_details_mrd,1999,38.68
pry,sex_f,ocu_skill_total,mts_details_mrd,2001,37.53
pry,sex_f,ocu_skill_total,mts_details_mrd,2002,39.81
pry,sex_f,ocu_skill_total,mts_details_mrd,2003,37.7
pry,sex_f,ocu_skill_total,mts_details_mrd,2004,39.32
pry,sex_f,ocu_skill_total,mts_details_mrd,2005,40.47
pry,sex_f,ocu_skill_total,mts_details_mrd,2006,42.57
pry,sex_f,ocu_skill_total,mts_details_mrd,2007,41.01
pry,sex_f,ocu_skill_total,mts_details_mrd,2008,37.61
pry,sex_f,ocu_skill_total,mts_details_mrd,2009,38.39
pry,sex_f,ocu_skill_total,mts_details_mrd,2010,39.31
pry,sex_f,ocu_skill_total,mts_details_mrd,2011,40.56
pry,sex_f,ocu_skill_total,mts_details_mrd,2012,37.96
pry,sex_f,ocu_skill_total,mts_details_mrd,2013,39.35
pry,sex_f,ocu_skill_total,mts_details_mrd,2014,37.77
pry,sex_f,ocu_skill_total,mts_details_mrd,2015,38.52
pry,sex_f,ocu_skill_total,mts_details_mrd,2016,38.63
pry,sex_f,ocu_skill_total,mts_details_mrd,2017,37.08
pry,sex_f,ocu_skill_total,mts_details_mrd,2018,36.37
pry,sex_f,ocu_skill_total,mts_details_mrd,2019,35.6
pry,sex_f,ocu_skill_total,mts_details_mrd,2020,36.53
pry,sex_f,ocu_skill_total,mts_details_mrd,2021,36.61
pry,sex_f,ocu_skill_total,mts_details_mrd,2022,35.79
pry,sex_f,ocu_skill_total,mts_details_mrd,2023,35.66
pry,sex_f,ocu_skill_total,mts_details_mrd,2024,36.23
pry,sex_f,ocu_skill_total,mts_details_sep,1998,39.5
pry,sex_f,ocu_skill_total,mts_details_sep,1999,42.04
pry,sex_f,ocu_skill_total,mts_details_sep,2001,41.33
pry,sex_f,ocu_skill_total,mts_details_sep,2002,43.83
pry,sex_f,ocu_skill_total,mts_details_sep,2003,40.07
pry,sex_f,ocu_skill_total,mts_details_sep,2004,43.49
pry,sex_f,ocu_skill_total,mts_details_sep,2005,46.21
pry,sex_f,ocu_skill_total,mts_details_sep,2006,37.98
pry,sex_f,ocu_skill_total,mts_details_sep,2007,42.12
pry,sex_f,ocu_skill_total,mts_details_sep,2008,40.26
pry,sex_f,ocu_skill_total,mts_details_sep,2009,41.43
pry,sex_f,ocu_skill_total,mts_details_sep,2010,48.6
pry,sex_f,ocu_skill_total,mts_details_sep,2011,44.75
pry,sex_f,ocu_skill_total,mts_details_sep,2012,40.54
pry,sex_f,ocu_skill_total,mts_details_sep,2013,39.45
pry,sex_f,ocu_skill_total,mts_details_sep,2014,37.63
pry,sex_f,ocu_skill_total,mts_details_sep,2015,39.18
pry,sex_f,ocu_skill_total,mts_details_sep,2016,42.13
pry,sex_f,ocu_skill_total,mts_details_sep,2017,39.7
pry,sex_f,ocu_skill_total,mts_details_sep,2018,38.6
pry,sex_f,ocu_skill_total,mts_details_sep,2019,39.03
pry,sex_f,ocu_skill_total,mts_details_sep,2020,38.77
pry,sex_f,ocu_skill_total,mts_details_sep,2021,37.84
pry,sex_f,ocu_skill_total,mts_details_sep,2022,38.02
pry,sex_f,ocu_skill_total,mts_details_sep,2023,38.84
pry,sex_f,ocu_skill_total,mts_details_sep,2024,38.37
pry,sex_f,ocu_skill_total,mts_details_sgle,1998,45.63
pry,sex_f,ocu_skill_total,mts_details_sgle,1999,44.62
pry,sex_f,ocu_skill_total,mts_details_sgle,2001,41.76
pry,sex_f,ocu_skill_total,mts_details_sgle,2002,45.89
pry,sex_f,ocu_skill_total,mts_details_sgle,2003,43.96
pry,sex_f,ocu_skill_total,mts_details_sgle,2004,46.82
pry,sex_f,ocu_skill_total,mts_details_sgle,2005,45.81
pry,sex_f,ocu_skill_total,mts_details_sgle,2006,46.48
pry,sex_f,ocu_skill_total,mts_details_sgle,2007,46.37
pry,sex_f,ocu_skill_total,mts_details_sgle,2008,44.27
pry,sex_f,ocu_skill_total,mts_details_sgle,2009,43.95
pry,sex_f,ocu_skill_total,mts_details_sgle,2010,44.56
pry,sex_f,ocu_skill_total,mts_details_sgle,2011,44.9
pry,sex_f,ocu_skill_total,mts_details_sgle,2012,43.24
pry,sex_f,ocu_skill_total,mts_details_sgle,2013,44.17
pry,sex_f,ocu_skill_total,mts_details_sgle,2014,42.85
pry,sex_f,ocu_skill_total,mts_details_sgle,2015,41.96
pry,sex_f,ocu_skill_total,mts_details_sgle,2016,42.41
pry,sex_f,ocu_skill_total,mts_details_sgle,2017,41.51
pry,sex_f,ocu_skill_total,mts_details_sgle,2018,40.68
pry,sex_f,ocu_skill_total,mts_details_sgle,2019,40.02
pry,sex_f,ocu_skill_total,mts_details_sgle,2020,39.89
pry,sex_f,ocu_skill_total,mts_details_sgle,2021,39.74
pry,sex_f,ocu_skill_total,mts_details_sgle,2022,40.37
pry,sex_f,ocu_skill_total,mts_details_sgle,2023,40.25
pry,sex_f,ocu_skill_total,mts_details_sgle,2024,40.53
pry,sex_f,ocu_skill_total,mts_details_total,1998,42.63
pry,sex_f,ocu_skill_total,mts_details_total,1999,41.98
pry,sex_f,ocu_skill_total,mts_details_total,2001,40.24
pry,sex_f,ocu_skill_total,mts_details_total,2002,43.22
pry,sex_f,ocu_skill_total,mts_details_total,2003,41.32
pry,sex_f,ocu_skill_total,mts_details_total,2004,43.75
pry,sex_f,ocu_skill_total,mts_details_total,2005,43.74
pry,sex_f,ocu_skill_total,mts_details_total,2006,44.64
pry,sex_f,ocu_skill_total,mts_details_total,2007,43.67
pry,sex_f,ocu_skill_total,mts_details_total,2008,41.68
pry,sex_f,ocu_skill_total,mts_details_total,2009,42.24
pry,sex_f,ocu_skill_total,mts_details_total,2010,42.56
pry,sex_f,ocu_skill_total,mts_details_total,2011,43.09
pry,sex_f,ocu_skill_total,mts_details_total,2012,41.12
pry,sex_f,ocu_skill_total,mts_details_total,2013,42.09
pry,sex_f,ocu_skill_total,mts_details_total,2014,41.02
pry,sex_f,ocu_skill_total,mts_details_total,2015,40.62
pry,sex_f,ocu_skill_total,mts_details_total,2016,41.12
pry,sex_f,ocu_skill_total,mts_details_total,2017,39.74
pry,sex_f,ocu_skill_total,mts_details_total,2018,38.95
pry,sex_f,ocu_skill_total,mts_details_total,2019,38.31
pry,sex_f,ocu_skill_total,mts_details_total,2020,37.92
pry,sex_f,ocu_skill_total,mts_details_total,2021,38.49
pry,sex_f,ocu_skill_total,mts_details_total,2022,38.68
pry,sex_f,ocu_skill_total,mts_details_total,2023,38.75
pry,sex_f,ocu_skill_total,mts_details_total,2024,38.75
pry,sex_f,ocu_skill_total,mts_details_union,1998,41.49
pry,sex_f,ocu_skill_total,mts_details_union,1999,40.5
pry,sex_f,ocu_skill_total,mts_details_union,2001,41.18
pry,sex_f,ocu_skill_total,mts_details_union,2002,39.15
pry,sex_f,ocu_skill_total,mts_details_union,2003,41.6
pry,sex_f,ocu_skill_total,mts_details_union,2004,44.79
pry,sex_f,ocu_skill_total,mts_details_union,2005,43.43
pry,sex_f,ocu_skill_total,mts_details_union,2006,44.75
pry,sex_f,ocu_skill_total,mts_details_union,2007,41.82
pry,sex_f,ocu_skill_total,mts_details_union,2008,41.68
pry,sex_f,ocu_skill_total,mts_details_union,2009,43.53
pry,sex_f,ocu_skill_total,mts_details_union,2010,41.63
pry,sex_f,ocu_skill_total,mts_details_union,2011,41.48
pry,sex_f,ocu_skill_total,mts_details_union,2012,41.46
pry,sex_f,ocu_skill_total,mts_details_union,2013,42.32
pry,sex_f,ocu_skill_total,mts_details_union,2014,42.06
pry,sex_f,ocu_skill_total,mts_details_union,2015,41.2
pry,sex_f,ocu_skill_total,mts_details_union,2016,41.4
pry,sex_f,ocu_skill_total,mts_details_union,2017,39.78
pry,sex_f,ocu_skill_total,mts_details_union,2018,38.96
pry,sex_f,ocu_skill_total,mts_details_union,2019,38.42
pry,sex_f,ocu_skill_total,mts_details_union,2020,36.45
pry,sex_f,ocu_skill_total,mts_details_union,2021,37.99
pry,sex_f,ocu_skill_total,mts_details_union,2022,38.87
pry,sex_f,ocu_skill_total,mts_details_union,2023,39.11
pry,sex_f,ocu_skill_total,mts_details_union,2024,38.4
pry,sex_f,ocu_skill_total,mts_details_wid,1998,37.16
pry,sex_f,ocu_skill_total,mts_details_wid,1999,45.01
pry,sex_f,ocu_skill_total,mts_details_wid,2001,31.72
pry,sex_f,ocu_skill_total,mts_details_wid,2002,44.19
pry,sex_f,ocu_skill_total,mts_details_wid,2003,36.1
pry,sex_f,ocu_skill_total,mts_details_wid,2004,32.68
pry,sex_f,ocu_skill_total,mts_details_wid,2005,39.71
pry,sex_f,ocu_skill_total,mts_details_wid,2006,41.92
pry,sex_f,ocu_skill_total,mts_details_wid,2007,38.9
pry,sex_f,ocu_skill_total,mts_details_wid,2008,43.52
pry,sex_f,ocu_skill_total,mts_details_wid,2009,40.5
pry,sex_f,ocu_skill_total,mts_details_wid,2010,38.89
pry,sex_f,ocu_skill_total,mts_details_wid,2011,41.26
pry,sex_f,ocu_skill_total,mts_details_wid,2012,37.21
pry,sex_f,ocu_skill_total,mts_details_wid,2013,38.63
pry,sex_f,ocu_skill_total,mts_details_wid,2014,36.92
pry,sex_f,ocu_skill_total,mts_details_wid,2015,38.85
pry,sex_f,ocu_skill_total,mts_details_wid,2016,39.37
pry,sex_f,ocu_skill_total,mts_details_wid,2017,38.4
pry,sex_f,ocu_skill_total,mts_details_wid,2018,37.43
pry,sex_f,ocu_skill_total,mts_details_wid,2019,33.62
pry,sex_f,ocu_skill_total,mts_details_wid,2020,33.1
pry,sex_f,ocu_skill_total,mts_details_wid,2021,34
pry,sex_f,ocu_skill_total,mts_details_wid,2022,34.73
pry,sex_f,ocu_skill_total,mts_details_wid,2023,36.56
pry,sex_f,ocu_skill_total,mts_details_wid,2024,35.55
pry,sex_f,ocu_skill_total,mts_details_x,2020,37.9
pry,sex_f,ocu_skill_total,mts_details_x,2021,38.86
pry,sex_f,ocu_skill_x,mts_aggregate_total,2019,36.77
pry,sex_f,ocu_skill_x,mts_aggregate_total,2020,45.23
pry,sex_f,ocu_skill_x,mts_details_total,2019,36.77
pry,sex_f,ocu_skill_x,mts_details_total,2020,45.23
pry,sex_m,ocu_isco08_0,mts_aggregate_1,2003,75.12
pry,sex_m,ocu_isco08_0,mts_aggregate_1,2015,42.4
pry,sex_m,ocu_isco08_0,mts_aggregate_1,2017,51.81
pry,sex_m,ocu_isco08_0,mts_aggregate_1,2019,49.79
pry,sex_m,ocu_isco08_0,mts_aggregate_1,2021,35.15
pry,sex_m,ocu_isco08_0,mts_aggregate_1,2022,53.08
pry,sex_m,ocu_isco08_0,mts_aggregate_1,2023,46.49
pry,sex_m,ocu_isco08_0,mts_aggregate_1,2024,49.85
pry,sex_m,ocu_isco08_0,mts_aggregate_2,2003,74.07
pry,sex_m,ocu_isco08_0,mts_aggregate_2,2004,61.46
pry,sex_m,ocu_isco08_0,mts_aggregate_2,2005,56.57
pry,sex_m,ocu_isco08_0,mts_aggregate_2,2007,48.39
pry,sex_m,ocu_isco08_0,mts_aggregate_2,2008,67.67
pry,sex_m,ocu_isco08_0,mts_aggregate_2,2010,57.95
pry,sex_m,ocu_isco08_0,mts_aggregate_2,2011,55.51
pry,sex_m,ocu_isco08_0,mts_aggregate_2,2012,59.12
pry,sex_m,ocu_isco08_0,mts_aggregate_2,2013,56.11
pry,sex_m,ocu_isco08_0,mts_aggregate_2,2014,55.51
pry,sex_m,ocu_isco08_0,mts_aggregate_2,2015,44.92
pry,sex_m,ocu_isco08_0,mts_aggregate_2,2016,58.34
pry,sex_m,ocu_isco08_0,mts_aggregate_2,2017,51.24
pry,sex_m,ocu_isco08_0,mts_aggregate_2,2018,52.25
pry,sex_m,ocu_isco08_0,mts_aggregate_2,2019,52.08
pry,sex_m,ocu_isco08_0,mts_aggregate_2,2020,53.59
pry,sex_m,ocu_isco08_0,mts_aggregate_2,2021,52.23
pry,sex_m,ocu_isco08_0,mts_aggregate_2,2022,52.19
pry,sex_m,ocu_isco08_0,mts_aggregate_2,2023,55.16
pry,sex_m,ocu_isco08_0,mts_aggregate_2,2024,49.09
pry,sex_m,ocu_isco08_0,mts_aggregate_total,2003,74.45
pry,sex_m,ocu_isco08_0,mts_aggregate_total,2004,61.46
pry,sex_m,ocu_isco08_0,mts_aggregate_total,2005,56.57
pry,sex_m,ocu_isco08_0,mts_aggregate_total,2006,46.28
pry,sex_m,ocu_isco08_0,mts_aggregate_total,2007,50.67
pry,sex_m,ocu_isco08_0,mts_aggregate_total,2008,70.32
pry,sex_m,ocu_isco08_0,mts_aggregate_total,2010,58.56
pry,sex_m,ocu_isco08_0,mts_aggregate_total,2011,63.87
pry,sex_m,ocu_isco08_0,mts_aggregate_total,2012,58.45
pry,sex_m,ocu_isco08_0,mts_aggregate_total,2013,57.51
pry,sex_m,ocu_isco08_0,mts_aggregate_total,2014,54.38
pry,sex_m,ocu_isco08_0,mts_aggregate_total,2015,44.58
pry,sex_m,ocu_isco08_0,mts_aggregate_total,2016,56.01
pry,sex_m,ocu_isco08_0,mts_aggregate_total,2017,51.38
pry,sex_m,ocu_isco08_0,mts_aggregate_total,2018,51.88
pry,sex_m,ocu_isco08_0,mts_aggregate_total,2019,51.62
pry,sex_m,ocu_isco08_0,mts_aggregate_total,2020,51.85
pry,sex_m,ocu_isco08_0,mts_aggregate_total,2021,49.02
pry,sex_m,ocu_isco08_0,mts_aggregate_total,2022,52.34
pry,sex_m,ocu_isco08_0,mts_aggregate_total,2023,54.38
pry,sex_m,ocu_isco08_0,mts_aggregate_total,2024,49.16
pry,sex_m,ocu_isco08_0,mts_aggregate_x,2020,51.55
pry,sex_m,ocu_isco08_0,mts_aggregate_x,2021,50.11
pry,sex_m,ocu_isco08_0,mts_details_mrd,2003,74.07
pry,sex_m,ocu_isco08_0,mts_details_mrd,2004,61.46
pry,sex_m,ocu_isco08_0,mts_details_mrd,2005,56.57
pry,sex_m,ocu_isco08_0,mts_details_mrd,2007,48.96
pry,sex_m,ocu_isco08_0,mts_details_mrd,2008,73.87
pry,sex_m,ocu_isco08_0,mts_details_mrd,2010,57.95
pry,sex_m,ocu_isco08_0,mts_details_mrd,2011,48.54
pry,sex_m,ocu_isco08_0,mts_details_mrd,2012,59.12
pry,sex_m,ocu_isco08_0,mts_details_mrd,2013,56.76
pry,sex_m,ocu_isco08_0,mts_details_mrd,2014,57.45
pry,sex_m,ocu_isco08_0,mts_details_mrd,2015,43.72
pry,sex_m,ocu_isco08_0,mts_details_mrd,2016,58.31
pry,sex_m,ocu_isco08_0,mts_details_mrd,2017,47.49
pry,sex_m,ocu_isco08_0,mts_details_mrd,2018,49.85
pry,sex_m,ocu_isco08_0,mts_details_mrd,2019,52.1
pry,sex_m,ocu_isco08_0,mts_details_mrd,2020,55.48
pry,sex_m,ocu_isco08_0,mts_details_mrd,2021,50.93
pry,sex_m,ocu_isco08_0,mts_details_mrd,2022,53.17
pry,sex_m,ocu_isco08_0,mts_details_mrd,2023,52.98
pry,sex_m,ocu_isco08_0,mts_details_mrd,2024,50.21
pry,sex_m,ocu_isco08_0,mts_details_sgle,2003,75.12
pry,sex_m,ocu_isco08_0,mts_details_sgle,2017,51.81
pry,sex_m,ocu_isco08_0,mts_details_sgle,2019,49.79
pry,sex_m,ocu_isco08_0,mts_details_sgle,2021,35.15
pry,sex_m,ocu_isco08_0,mts_details_sgle,2022,53.08
pry,sex_m,ocu_isco08_0,mts_details_sgle,2023,46.49
pry,sex_m,ocu_isco08_0,mts_details_sgle,2024,49.85
pry,sex_m,ocu_isco08_0,mts_details_total,2003,74.45
pry,sex_m,ocu_isco08_0,mts_details_total,2004,61.46
pry,sex_m,ocu_isco08_0,mts_details_total,2005,56.57
pry,sex_m,ocu_isco08_0,mts_details_total,2006,46.28
pry,sex_m,ocu_isco08_0,mts_details_total,2007,50.67
pry,sex_m,ocu_isco08_0,mts_details_total,2008,70.32
pry,sex_m,ocu_isco08_0,mts_details_total,2010,58.56
pry,sex_m,ocu_isco08_0,mts_details_total,2011,63.87
pry,sex_m,ocu_isco08_0,mts_details_total,2012,58.45
pry,sex_m,ocu_isco08_0,mts_details_total,2013,57.51
pry,sex_m,ocu_isco08_0,mts_details_total,2014,54.38
pry,sex_m,ocu_isco08_0,mts_details_total,2015,44.58
pry,sex_m,ocu_isco08_0,mts_details_total,2016,56.01
pry,sex_m,ocu_isco08_0,mts_details_total,2017,51.38
pry,sex_m,ocu_isco08_0,mts_details_total,2018,51.88
pry,sex_m,ocu_isco08_0,mts_details_total,2019,51.62
pry,sex_m,ocu_isco08_0,mts_details_total,2020,51.85
pry,sex_m,ocu_isco08_0,mts_details_total,2021,49.02
pry,sex_m,ocu_isco08_0,mts_details_total,2022,52.34
pry,sex_m,ocu_isco08_0,mts_details_total,2023,54.38
pry,sex_m,ocu_isco08_0,mts_details_total,2024,49.16
pry,sex_m,ocu_isco08_0,mts_details_union,2015,47.42
pry,sex_m,ocu_isco08_0,mts_details_union,2016,58.37
pry,sex_m,ocu_isco08_0,mts_details_union,2017,56.83
pry,sex_m,ocu_isco08_0,mts_details_union,2018,55.11
pry,sex_m,ocu_isco08_0,mts_details_union,2019,52.03
pry,sex_m,ocu_isco08_0,mts_details_union,2021,55.31
pry,sex_m,ocu_isco08_0,mts_details_union,2022,51.51
pry,sex_m,ocu_isco08_0,mts_details_union,2023,57.32
pry,sex_m,ocu_isco08_0,mts_details_union,2024,46.36
pry,sex_m,ocu_isco08_0,mts_details_x,2020,51.55
pry,sex_m,ocu_isco08_0,mts_details_x,2021,50.11
pry,sex_m,ocu_isco08_1,mts_aggregate_1,1998,46.71
pry,sex_m,ocu_isco08_1,mts_aggregate_1,1999,47.77
pry,sex_m,ocu_isco08_1,mts_aggregate_1,2002,64.58
pry,sex_m,ocu_isco08_1,mts_aggregate_1,2003,43.64
pry,sex_m,ocu_isco08_1,mts_aggregate_1,2004,50.32
pry,sex_m,ocu_isco08_1,mts_aggregate_1,2005,42.5
pry,sex_m,ocu_isco08_1,mts_aggregate_1,2006,43.84
pry,sex_m,ocu_isco08_1,mts_aggregate_1,2007,45.28
pry,sex_m,ocu_isco08_1,mts_aggregate_1,2008,51.73
pry,sex_m,ocu_isco08_1,mts_aggregate_1,2009,44.15
pry,sex_m,ocu_isco08_1,mts_aggregate_1,2010,45.74
pry,sex_m,ocu_isco08_1,mts_aggregate_1,2011,45.59
pry,sex_m,ocu_isco08_1,mts_aggregate_1,2012,42.63
pry,sex_m,ocu_isco08_1,mts_aggregate_1,2013,46.15
pry,sex_m,ocu_isco08_1,mts_aggregate_1,2014,46.04
pry,sex_m,ocu_isco08_1,mts_aggregate_1,2015,48.62
pry,sex_m,ocu_isco08_1,mts_aggregate_1,2016,44.63
pry,sex_m,ocu_isco08_1,mts_aggregate_1,2017,40.47
pry,sex_m,ocu_isco08_1,mts_aggregate_1,2018,44.98
pry,sex_m,ocu_isco08_1,mts_aggregate_1,2019,46.46
pry,sex_m,ocu_isco08_1,mts_aggregate_1,2020,43.76
pry,sex_m,ocu_isco08_1,mts_aggregate_1,2021,42.05
pry,sex_m,ocu_isco08_1,mts_aggregate_1,2022,43.16
pry,sex_m,ocu_isco08_1,mts_aggregate_1,2023,44.91
pry,sex_m,ocu_isco08_1,mts_aggregate_1,2024,47.74
pry,sex_m,ocu_isco08_1,mts_aggregate_2,1998,48.22
pry,sex_m,ocu_isco08_1,mts_aggregate_2,1999,46.26
pry,sex_m,ocu_isco08_1,mts_aggregate_2,2002,46.25
pry,sex_m,ocu_isco08_1,mts_aggregate_2,2003,46.94
pry,sex_m,ocu_isco08_1,mts_aggregate_2,2004,44.57
pry,sex_m,ocu_isco08_1,mts_aggregate_2,2005,53.28
pry,sex_m,ocu_isco08_1,mts_aggregate_2,2006,42.7
pry,sex_m,ocu_isco08_1,mts_aggregate_2,2007,50.88
pry,sex_m,ocu_isco08_1,mts_aggregate_2,2008,47.19
pry,sex_m,ocu_isco08_1,mts_aggregate_2,2009,47.78
pry,sex_m,ocu_isco08_1,mts_aggregate_2,2010,45.26
pry,sex_m,ocu_isco08_1,mts_aggregate_2,2011,48.53
pry,sex_m,ocu_isco08_1,mts_aggregate_2,2012,47.71
pry,sex_m,ocu_isco08_1,mts_aggregate_2,2013,49.2
pry,sex_m,ocu_isco08_1,mts_aggregate_2,2014,48.28
pry,sex_m,ocu_isco08_1,mts_aggregate_2,2015,44.55
pry,sex_m,ocu_isco08_1,mts_aggregate_2,2016,47.39
pry,sex_m,ocu_isco08_1,mts_aggregate_2,2017,46.82
pry,sex_m,ocu_isco08_1,mts_aggregate_2,2018,46.27
pry,sex_m,ocu_isco08_1,mts_aggregate_2,2019,44.27
pry,sex_m,ocu_isco08_1,mts_aggregate_2,2020,47.21
pry,sex_m,ocu_isco08_1,mts_aggregate_2,2021,46.3
pry,sex_m,ocu_isco08_1,mts_aggregate_2,2022,45.38
pry,sex_m,ocu_isco08_1,mts_aggregate_2,2023,44.82
pry,sex_m,ocu_isco08_1,mts_aggregate_2,2024,47.32
pry,sex_m,ocu_isco08_1,mts_aggregate_total,1998,47.86
pry,sex_m,ocu_isco08_1,mts_aggregate_total,1999,46.5
pry,sex_m,ocu_isco08_1,mts_aggregate_total,2002,49.33
pry,sex_m,ocu_isco08_1,mts_aggregate_total,2003,46.41
pry,sex_m,ocu_isco08_1,mts_aggregate_total,2004,45.93
pry,sex_m,ocu_isco08_1,mts_aggregate_total,2005,50.45
pry,sex_m,ocu_isco08_1,mts_aggregate_total,2006,42.93
pry,sex_m,ocu_isco08_1,mts_aggregate_total,2007,50.21
pry,sex_m,ocu_isco08_1,mts_aggregate_total,2008,47.92
pry,sex_m,ocu_isco08_1,mts_aggregate_total,2009,46.51
pry,sex_m,ocu_isco08_1,mts_aggregate_total,2010,45.37
pry,sex_m,ocu_isco08_1,mts_aggregate_total,2011,47.76
pry,sex_m,ocu_isco08_1,mts_aggregate_total,2012,46.45
pry,sex_m,ocu_isco08_1,mts_aggregate_total,2013,48.36
pry,sex_m,ocu_isco08_1,mts_aggregate_total,2014,47.62
pry,sex_m,ocu_isco08_1,mts_aggregate_total,2015,45.53
pry,sex_m,ocu_isco08_1,mts_aggregate_total,2016,46.74
pry,sex_m,ocu_isco08_1,mts_aggregate_total,2017,45.43
pry,sex_m,ocu_isco08_1,mts_aggregate_total,2018,45.93
pry,sex_m,ocu_isco08_1,mts_aggregate_total,2019,44.75
pry,sex_m,ocu_isco08_1,mts_aggregate_total,2020,45.14
pry,sex_m,ocu_isco08_1,mts_aggregate_total,2021,44.88
pry,sex_m,ocu_isco08_1,mts_aggregate_total,2022,44.79
pry,sex_m,ocu_isco08_1,mts_aggregate_total,2023,44.84
pry,sex_m,ocu_isco08_1,mts_aggregate_total,2024,47.42
pry,sex_m,ocu_isco08_1,mts_aggregate_x,2020,44.69
pry,sex_m,ocu_isco08_1,mts_aggregate_x,2021,42.75
pry,sex_m,ocu_isco08_1,mts_details_mrd,1998,48.27
pry,sex_m,ocu_isco08_1,mts_details_mrd,1999,46.47
pry,sex_m,ocu_isco08_1,mts_details_mrd,2002,45.19
pry,sex_m,ocu_isco08_1,mts_details_mrd,2003,46.43
pry,sex_m,ocu_isco08_1,mts_details_mrd,2004,44.03
pry,sex_m,ocu_isco08_1,mts_details_mrd,2005,53.06
pry,sex_m,ocu_isco08_1,mts_details_mrd,2006,43.42
pry,sex_m,ocu_isco08_1,mts_details_mrd,2007,50.35
pry,sex_m,ocu_isco08_1,mts_details_mrd,2008,47.18
pry,sex_m,ocu_isco08_1,mts_details_mrd,2009,48.94
pry,sex_m,ocu_isco08_1,mts_details_mrd,2010,44.04
pry,sex_m,ocu_isco08_1,mts_details_mrd,2011,48.11
pry,sex_m,ocu_isco08_1,mts_details_mrd,2012,46.49
pry,sex_m,ocu_isco08_1,mts_details_mrd,2013,48.75
pry,sex_m,ocu_isco08_1,mts_details_mrd,2014,46.1
pry,sex_m,ocu_isco08_1,mts_details_mrd,2015,44.64
pry,sex_m,ocu_isco08_1,mts_details_mrd,2016,45.76
pry,sex_m,ocu_isco08_1,mts_details_mrd,2017,46.39
pry,sex_m,ocu_isco08_1,mts_details_mrd,2018,44.99
pry,sex_m,ocu_isco08_1,mts_details_mrd,2019,43.83
pry,sex_m,ocu_isco08_1,mts_details_mrd,2020,45.44
pry,sex_m,ocu_isco08_1,mts_details_mrd,2021,45.49
pry,sex_m,ocu_isco08_1,mts_details_mrd,2022,44.58
pry,sex_m,ocu_isco08_1,mts_details_mrd,2023,44.47
pry,sex_m,ocu_isco08_1,mts_details_mrd,2024,47
pry,sex_m,ocu_isco08_1,mts_details_sep,2013,45.09
pry,sex_m,ocu_isco08_1,mts_details_sep,2014,48.59
pry,sex_m,ocu_isco08_1,mts_details_sep,2016,58.04
pry,sex_m,ocu_isco08_1,mts_details_sep,2017,38.58
pry,sex_m,ocu_isco08_1,mts_details_sep,2018,45.79
pry,sex_m,ocu_isco08_1,mts_details_sep,2019,36.79
pry,sex_m,ocu_isco08_1,mts_details_sep,2021,41.68
pry,sex_m,ocu_isco08_1,mts_details_sep,2022,41.88
pry,sex_m,ocu_isco08_1,mts_details_sep,2023,43.98
pry,sex_m,ocu_isco08_1,mts_details_sep,2024,43.19
pry,sex_m,ocu_isco08_1,mts_details_sgle,1998,45.33
pry,sex_m,ocu_isco08_1,mts_details_sgle,1999,46.99
pry,sex_m,ocu_isco08_1,mts_details_sgle,2002,65.7
pry,sex_m,ocu_isco08_1,mts_details_sgle,2003,42.06
pry,sex_m,ocu_isco08_1,mts_details_sgle,2004,53.86
pry,sex_m,ocu_isco08_1,mts_details_sgle,2005,43.02
pry,sex_m,ocu_isco08_1,mts_details_sgle,2006,43.7
pry,sex_m,ocu_isco08_1,mts_details_sgle,2007,47.3
pry,sex_m,ocu_isco08_1,mts_details_sgle,2008,51.86
pry,sex_m,ocu_isco08_1,mts_details_sgle,2009,45.13
pry,sex_m,ocu_isco08_1,mts_details_sgle,2010,45.77
pry,sex_m,ocu_isco08_1,mts_details_sgle,2011,45.48
pry,sex_m,ocu_isco08_1,mts_details_sgle,2012,43.69
pry,sex_m,ocu_isco08_1,mts_details_sgle,2013,46.14
pry,sex_m,ocu_isco08_1,mts_details_sgle,2014,45.66
pry,sex_m,ocu_isco08_1,mts_details_sgle,2015,49.22
pry,sex_m,ocu_isco08_1,mts_details_sgle,2016,43.1
pry,sex_m,ocu_isco08_1,mts_details_sgle,2017,41.1
pry,sex_m,ocu_isco08_1,mts_details_sgle,2018,45
pry,sex_m,ocu_isco08_1,mts_details_sgle,2019,47.57
pry,sex_m,ocu_isco08_1,mts_details_sgle,2020,44.25
pry,sex_m,ocu_isco08_1,mts_details_sgle,2021,42.26
pry,sex_m,ocu_isco08_1,mts_details_sgle,2022,43.35
pry,sex_m,ocu_isco08_1,mts_details_sgle,2023,45.02
pry,sex_m,ocu_isco08_1,mts_details_sgle,2024,48.82
pry,sex_m,ocu_isco08_1,mts_details_total,1998,47.86
pry,sex_m,ocu_isco08_1,mts_details_total,1999,46.5
pry,sex_m,ocu_isco08_1,mts_details_total,2002,49.33
pry,sex_m,ocu_isco08_1,mts_details_total,2003,46.41
pry,sex_m,ocu_isco08_1,mts_details_total,2004,45.93
pry,sex_m,ocu_isco08_1,mts_details_total,2005,50.45
pry,sex_m,ocu_isco08_1,mts_details_total,2006,42.93
pry,sex_m,ocu_isco08_1,mts_details_total,2007,50.21
pry,sex_m,ocu_isco08_1,mts_details_total,2008,47.92
pry,sex_m,ocu_isco08_1,mts_details_total,2009,46.51
pry,sex_m,ocu_isco08_1,mts_details_total,2010,45.37
pry,sex_m,ocu_isco08_1,mts_details_total,2011,47.76
pry,sex_m,ocu_isco08_1,mts_details_total,2012,46.45
pry,sex_m,ocu_isco08_1,mts_details_total,2013,48.36
pry,sex_m,ocu_isco08_1,mts_details_total,2014,47.62
pry,sex_m,ocu_isco08_1,mts_details_total,2015,45.53
pry,sex_m,ocu_isco08_1,mts_details_total,2016,46.74
pry,sex_m,ocu_isco08_1,mts_details_total,2017,45.43
pry,sex_m,ocu_isco08_1,mts_details_total,2018,45.93
pry,sex_m,ocu_isco08_1,mts_details_total,2019,44.75
pry,sex_m,ocu_isco08_1,mts_details_total,2020,45.14
pry,sex_m,ocu_isco08_1,mts_details_total,2021,44.88
pry,sex_m,ocu_isco08_1,mts_details_total,2022,44.79
pry,sex_m,ocu_isco08_1,mts_details_total,2023,44.84
pry,sex_m,ocu_isco08_1,mts_details_total,2024,47.42
pry,sex_m,ocu_isco08_1,mts_details_union,1998,47.86
pry,sex_m,ocu_isco08_1,mts_details_union,1999,45.46
pry,sex_m,ocu_isco08_1,mts_details_union,2002,50.98
pry,sex_m,ocu_isco08_1,mts_details_union,2003,53.03
pry,sex_m,ocu_isco08_1,mts_details_union,2004,46.47
pry,sex_m,ocu_isco08_1,mts_details_union,2005,55.45
pry,sex_m,ocu_isco08_1,mts_details_union,2006,36.29
pry,sex_m,ocu_isco08_1,mts_details_union,2007,53.46
pry,sex_m,ocu_isco08_1,mts_details_union,2008,47.24
pry,sex_m,ocu_isco08_1,mts_details_union,2009,44.27
pry,sex_m,ocu_isco08_1,mts_details_union,2010,53.23
pry,sex_m,ocu_isco08_1,mts_details_union,2011,49.89
pry,sex_m,ocu_isco08_1,mts_details_union,2012,50.92
pry,sex_m,ocu_isco08_1,mts_details_union,2013,52.59
pry,sex_m,ocu_isco08_1,mts_details_union,2014,58.02
pry,sex_m,ocu_isco08_1,mts_details_union,2015,44.05
pry,sex_m,ocu_isco08_1,mts_details_union,2016,54.17
pry,sex_m,ocu_isco08_1,mts_details_union,2017,47.72
pry,sex_m,ocu_isco08_1,mts_details_union,2018,49.61
pry,sex_m,ocu_isco08_1,mts_details_union,2019,45.31
pry,sex_m,ocu_isco08_1,mts_details_union,2020,50.18
pry,sex_m,ocu_isco08_1,mts_details_union,2021,48
pry,sex_m,ocu_isco08_1,mts_details_union,2022,47.2
pry,sex_m,ocu_isco08_1,mts_details_union,2023,45.43
pry,sex_m,ocu_isco08_1,mts_details_union,2024,48.17
pry,sex_m,ocu_isco08_1,mts_details_x,2020,44.69
pry,sex_m,ocu_isco08_1,mts_details_x,2021,42.75
pry,sex_m,ocu_isco08_2,mts_aggregate_1,2002,35.02
pry,sex_m,ocu_isco08_2,mts_aggregate_1,2003,32.2
pry,sex_m,ocu_isco08_2,mts_aggregate_1,2004,32.63
pry,sex_m,ocu_isco08_2,mts_aggregate_1,2005,29.23
pry,sex_m,ocu_isco08_2,mts_aggregate_1,2006,39.9
pry,sex_m,ocu_isco08_2,mts_aggregate_1,2007,36.94
pry,sex_m,ocu_isco08_2,mts_aggregate_1,2008,31.07
pry,sex_m,ocu_isco08_2,mts_aggregate_1,2009,33.32
pry,sex_m,ocu_isco08_2,mts_aggregate_1,2010,36.82
pry,sex_m,ocu_isco08_2,mts_aggregate_1,2011,38.29
pry,sex_m,ocu_isco08_2,mts_aggregate_1,2012,36.71
pry,sex_m,ocu_isco08_2,mts_aggregate_1,2013,35.36
pry,sex_m,ocu_isco08_2,mts_aggregate_1,2014,35.1
pry,sex_m,ocu_isco08_2,mts_aggregate_1,2015,37.35
pry,sex_m,ocu_isco08_2,mts_aggregate_1,2016,36.48
pry,sex_m,ocu_isco08_2,mts_aggregate_1,2017,35.22
pry,sex_m,ocu_isco08_2,mts_aggregate_1,2018,33.61
pry,sex_m,ocu_isco08_2,mts_aggregate_1,2019,32.61
pry,sex_m,ocu_isco08_2,mts_aggregate_1,2020,30.26
pry,sex_m,ocu_isco08_2,mts_aggregate_1,2021,34.14
pry,sex_m,ocu_isco08_2,mts_aggregate_1,2022,37.54
pry,sex_m,ocu_isco08_2,mts_aggregate_1,2023,35.67
pry,sex_m,ocu_isco08_2,mts_aggregate_1,2024,35.77
pry,sex_m,ocu_isco08_2,mts_aggregate_2,2002,35.93
pry,sex_m,ocu_isco08_2,mts_aggregate_2,2003,34.97
pry,sex_m,ocu_isco08_2,mts_aggregate_2,2004,35.77
pry,sex_m,ocu_isco08_2,mts_aggregate_2,2005,35.91
pry,sex_m,ocu_isco08_2,mts_aggregate_2,2006,38.5
pry,sex_m,ocu_isco08_2,mts_aggregate_2,2007,39.3
pry,sex_m,ocu_isco08_2,mts_aggregate_2,2008,33.79
pry,sex_m,ocu_isco08_2,mts_aggregate_2,2009,36.91
pry,sex_m,ocu_isco08_2,mts_aggregate_2,2010,38.63
pry,sex_m,ocu_isco08_2,mts_aggregate_2,2011,40.94
pry,sex_m,ocu_isco08_2,mts_aggregate_2,2012,35.05
pry,sex_m,ocu_isco08_2,mts_aggregate_2,2013,39.99
pry,sex_m,ocu_isco08_2,mts_aggregate_2,2014,37.13
pry,sex_m,ocu_isco08_2,mts_aggregate_2,2015,36.74
pry,sex_m,ocu_isco08_2,mts_aggregate_2,2016,36.7
pry,sex_m,ocu_isco08_2,mts_aggregate_2,2017,35.27
pry,sex_m,ocu_isco08_2,mts_aggregate_2,2018,33.8
pry,sex_m,ocu_isco08_2,mts_aggregate_2,2019,32.98
pry,sex_m,ocu_isco08_2,mts_aggregate_2,2020,35.37
pry,sex_m,ocu_isco08_2,mts_aggregate_2,2021,33.62
pry,sex_m,ocu_isco08_2,mts_aggregate_2,2022,35.67
pry,sex_m,ocu_isco08_2,mts_aggregate_2,2023,36.12
pry,sex_m,ocu_isco08_2,mts_aggregate_2,2024,35.01
pry,sex_m,ocu_isco08_2,mts_aggregate_total,2002,35.62
pry,sex_m,ocu_isco08_2,mts_aggregate_total,2003,34.16
pry,sex_m,ocu_isco08_2,mts_aggregate_total,2004,34.84
pry,sex_m,ocu_isco08_2,mts_aggregate_total,2005,33.9
pry,sex_m,ocu_isco08_2,mts_aggregate_total,2006,38.9
pry,sex_m,ocu_isco08_2,mts_aggregate_total,2007,38.47
pry,sex_m,ocu_isco08_2,mts_aggregate_total,2008,32.75
pry,sex_m,ocu_isco08_2,mts_aggregate_total,2009,35.91
pry,sex_m,ocu_isco08_2,mts_aggregate_total,2010,38.23
pry,sex_m,ocu_isco08_2,mts_aggregate_total,2011,40.3
pry,sex_m,ocu_isco08_2,mts_aggregate_total,2012,35.43
pry,sex_m,ocu_isco08_2,mts_aggregate_total,2013,38.67
pry,sex_m,ocu_isco08_2,mts_aggregate_total,2014,36.34
pry,sex_m,ocu_isco08_2,mts_aggregate_total,2015,36.9
pry,sex_m,ocu_isco08_2,mts_aggregate_total,2016,36.64
pry,sex_m,ocu_isco08_2,mts_aggregate_total,2017,35.26
pry,sex_m,ocu_isco08_2,mts_aggregate_total,2018,33.74
pry,sex_m,ocu_isco08_2,mts_aggregate_total,2019,32.89
pry,sex_m,ocu_isco08_2,mts_aggregate_total,2020,34.48
pry,sex_m,ocu_isco08_2,mts_aggregate_total,2021,34.58
pry,sex_m,ocu_isco08_2,mts_aggregate_total,2022,36.27
pry,sex_m,ocu_isco08_2,mts_aggregate_total,2023,35.99
pry,sex_m,ocu_isco08_2,mts_aggregate_total,2024,35.28
pry,sex_m,ocu_isco08_2,mts_aggregate_x,2020,34.73
pry,sex_m,ocu_isco08_2,mts_aggregate_x,2021,36.22
pry,sex_m,ocu_isco08_2,mts_details_mrd,2002,36.46
pry,sex_m,ocu_isco08_2,mts_details_mrd,2003,35.49
pry,sex_m,ocu_isco08_2,mts_details_mrd,2004,37.1
pry,sex_m,ocu_isco08_2,mts_details_mrd,2005,35.5
pry,sex_m,ocu_isco08_2,mts_details_mrd,2006,38.61
pry,sex_m,ocu_isco08_2,mts_details_mrd,2007,39.46
pry,sex_m,ocu_isco08_2,mts_details_mrd,2008,33.26
pry,sex_m,ocu_isco08_2,mts_details_mrd,2009,36.17
pry,sex_m,ocu_isco08_2,mts_details_mrd,2010,38.79
pry,sex_m,ocu_isco08_2,mts_details_mrd,2011,42.84
pry,sex_m,ocu_isco08_2,mts_details_mrd,2012,35.18
pry,sex_m,ocu_isco08_2,mts_details_mrd,2013,40.74
pry,sex_m,ocu_isco08_2,mts_details_mrd,2014,38.41
pry,sex_m,ocu_isco08_2,mts_details_mrd,2015,36.47
pry,sex_m,ocu_isco08_2,mts_details_mrd,2016,35.32
pry,sex_m,ocu_isco08_2,mts_details_mrd,2017,35.37
pry,sex_m,ocu_isco08_2,mts_details_mrd,2018,32.85
pry,sex_m,ocu_isco08_2,mts_details_mrd,2019,33.37
pry,sex_m,ocu_isco08_2,mts_details_mrd,2020,36.5
pry,sex_m,ocu_isco08_2,mts_details_mrd,2021,33.61
pry,sex_m,ocu_isco08_2,mts_details_mrd,2022,35.91
pry,sex_m,ocu_isco08_2,mts_details_mrd,2023,36.68
pry,sex_m,ocu_isco08_2,mts_details_mrd,2024,34.02
pry,sex_m,ocu_isco08_2,mts_details_sep,2003,21.3
pry,sex_m,ocu_isco08_2,mts_details_sep,2014,35.9
pry,sex_m,ocu_isco08_2,mts_details_sep,2015,32.92
pry,sex_m,ocu_isco08_2,mts_details_sep,2016,32.82
pry,sex_m,ocu_isco08_2,mts_details_sep,2017,39.21
pry,sex_m,ocu_isco08_2,mts_details_sep,2018,41.35
pry,sex_m,ocu_isco08_2,mts_details_sep,2019,30.95
pry,sex_m,ocu_isco08_2,mts_details_sep,2020,23.05
pry,sex_m,ocu_isco08_2,mts_details_sep,2021,25.93
pry,sex_m,ocu_isco08_2,mts_details_sep,2022,34.32
pry,sex_m,ocu_isco08_2,mts_details_sep,2023,26.63
pry,sex_m,ocu_isco08_2,mts_details_sep,2024,36.15
pry,sex_m,ocu_isco08_2,mts_details_sgle,2002,33.53
pry,sex_m,ocu_isco08_2,mts_details_sgle,2003,32.97
pry,sex_m,ocu_isco08_2,mts_details_sgle,2004,32.39
pry,sex_m,ocu_isco08_2,mts_details_sgle,2005,29.35
pry,sex_m,ocu_isco08_2,mts_details_sgle,2006,39.87
pry,sex_m,ocu_isco08_2,mts_details_sgle,2007,36.82
pry,sex_m,ocu_isco08_2,mts_details_sgle,2008,31.93
pry,sex_m,ocu_isco08_2,mts_details_sgle,2009,32.06
pry,sex_m,ocu_isco08_2,mts_details_sgle,2010,37.35
pry,sex_m,ocu_isco08_2,mts_details_sgle,2011,38.59
pry,sex_m,ocu_isco08_2,mts_details_sgle,2012,37.71
pry,sex_m,ocu_isco08_2,mts_details_sgle,2013,35.04
pry,sex_m,ocu_isco08_2,mts_details_sgle,2014,34.34
pry,sex_m,ocu_isco08_2,mts_details_sgle,2015,37.9
pry,sex_m,ocu_isco08_2,mts_details_sgle,2016,37.16
pry,sex_m,ocu_isco08_2,mts_details_sgle,2017,34.91
pry,sex_m,ocu_isco08_2,mts_details_sgle,2018,33.08
pry,sex_m,ocu_isco08_2,mts_details_sgle,2019,32.98
pry,sex_m,ocu_isco08_2,mts_details_sgle,2020,31.27
pry,sex_m,ocu_isco08_2,mts_details_sgle,2021,34.59
pry,sex_m,ocu_isco08_2,mts_details_sgle,2022,37.98
pry,sex_m,ocu_isco08_2,mts_details_sgle,2023,37.68
pry,sex_m,ocu_isco08_2,mts_details_sgle,2024,35.84
pry,sex_m,ocu_isco08_2,mts_details_total,2002,35.62
pry,sex_m,ocu_isco08_2,mts_details_total,2003,34.16
pry,sex_m,ocu_isco08_2,mts_details_total,2004,34.84
pry,sex_m,ocu_isco08_2,mts_details_total,2005,33.9
pry,sex_m,ocu_isco08_2,mts_details_total,2006,38.9
pry,sex_m,ocu_isco08_2,mts_details_total,2007,38.47
pry,sex_m,ocu_isco08_2,mts_details_total,2008,32.75
pry,sex_m,ocu_isco08_2,mts_details_total,2009,35.91
pry,sex_m,ocu_isco08_2,mts_details_total,2010,38.23
pry,sex_m,ocu_isco08_2,mts_details_total,2011,40.3
pry,sex_m,ocu_isco08_2,mts_details_total,2012,35.43
pry,sex_m,ocu_isco08_2,mts_details_total,2013,38.67
pry,sex_m,ocu_isco08_2,mts_details_total,2014,36.34
pry,sex_m,ocu_isco08_2,mts_details_total,2015,36.9
pry,sex_m,ocu_isco08_2,mts_details_total,2016,36.64
pry,sex_m,ocu_isco08_2,mts_details_total,2017,35.26
pry,sex_m,ocu_isco08_2,mts_details_total,2018,33.74
pry,sex_m,ocu_isco08_2,mts_details_total,2019,32.89
pry,sex_m,ocu_isco08_2,mts_details_total,2020,34.48
pry,sex_m,ocu_isco08_2,mts_details_total,2021,34.58
pry,sex_m,ocu_isco08_2,mts_details_total,2022,36.27
pry,sex_m,ocu_isco08_2,mts_details_total,2023,35.99
pry,sex_m,ocu_isco08_2,mts_details_total,2024,35.28
pry,sex_m,ocu_isco08_2,mts_details_union,2003,31.06
pry,sex_m,ocu_isco08_2,mts_details_union,2004,30.58
pry,sex_m,ocu_isco08_2,mts_details_union,2005,38.7
pry,sex_m,ocu_isco08_2,mts_details_union,2006,37.78
pry,sex_m,ocu_isco08_2,mts_details_union,2007,37.2
pry,sex_m,ocu_isco08_2,mts_details_union,2008,38.98
pry,sex_m,ocu_isco08_2,mts_details_union,2009,40.53
pry,sex_m,ocu_isco08_2,mts_details_union,2010,37.65
pry,sex_m,ocu_isco08_2,mts_details_union,2011,28.64
pry,sex_m,ocu_isco08_2,mts_details_union,2012,34.43
pry,sex_m,ocu_isco08_2,mts_details_union,2013,35.3
pry,sex_m,ocu_isco08_2,mts_details_union,2014,30.76
pry,sex_m,ocu_isco08_2,mts_details_union,2015,37.74
pry,sex_m,ocu_isco08_2,mts_details_union,2016,40.38
pry,sex_m,ocu_isco08_2,mts_details_union,2017,34.9
pry,sex_m,ocu_isco08_2,mts_details_union,2018,35.83
pry,sex_m,ocu_isco08_2,mts_details_union,2019,31.78
pry,sex_m,ocu_isco08_2,mts_details_union,2020,30.18
pry,sex_m,ocu_isco08_2,mts_details_union,2021,33.65
pry,sex_m,ocu_isco08_2,mts_details_union,2022,35.1
pry,sex_m,ocu_isco08_2,mts_details_union,2023,34.94
pry,sex_m,ocu_isco08_2,mts_details_union,2024,37.2
pry,sex_m,ocu_isco08_2,mts_details_wid,2018,33.41
pry,sex_m,ocu_isco08_2,mts_details_wid,2021,36.22
pry,sex_m,ocu_isco08_2,mts_details_wid,2022,30.89
pry,sex_m,ocu_isco08_2,mts_details_x,2020,34.73
pry,sex_m,ocu_isco08_2,mts_details_x,2021,36.22
pry,sex_m,ocu_isco08_3,mts_aggregate_1,1998,43.01
pry,sex_m,ocu_isco08_3,mts_aggregate_1,1999,37.36
pry,sex_m,ocu_isco08_3,mts_aggregate_1,2002,34.14
pry,sex_m,ocu_isco08_3,mts_aggregate_1,2003,40.25
pry,sex_m,ocu_isco08_3,mts_aggregate_1,2004,34.73
pry,sex_m,ocu_isco08_3,mts_aggregate_1,2005,38.58
pry,sex_m,ocu_isco08_3,mts_aggregate_1,2006,42.33
pry,sex_m,ocu_isco08_3,mts_aggregate_1,2007,42.55
pry,sex_m,ocu_isco08_3,mts_aggregate_1,2008,42.49
pry,sex_m,ocu_isco08_3,mts_aggregate_1,2009,38.96
pry,sex_m,ocu_isco08_3,mts_aggregate_1,2010,42.23
pry,sex_m,ocu_isco08_3,mts_aggregate_1,2011,41.83
pry,sex_m,ocu_isco08_3,mts_aggregate_1,2012,40.13
pry,sex_m,ocu_isco08_3,mts_aggregate_1,2013,41.88
pry,sex_m,ocu_isco08_3,mts_aggregate_1,2014,41.86
pry,sex_m,ocu_isco08_3,mts_aggregate_1,2015,40.07
pry,sex_m,ocu_isco08_3,mts_aggregate_1,2016,38.27
pry,sex_m,ocu_isco08_3,mts_aggregate_1,2017,39.16
pry,sex_m,ocu_isco08_3,mts_aggregate_1,2018,38.17
pry,sex_m,ocu_isco08_3,mts_aggregate_1,2019,37.81
pry,sex_m,ocu_isco08_3,mts_aggregate_1,2020,38.74
pry,sex_m,ocu_isco08_3,mts_aggregate_1,2021,38.73
pry,sex_m,ocu_isco08_3,mts_aggregate_1,2022,38.69
pry,sex_m,ocu_isco08_3,mts_aggregate_1,2023,40.09
pry,sex_m,ocu_isco08_3,mts_aggregate_1,2024,37.38
pry,sex_m,ocu_isco08_3,mts_aggregate_2,1998,38.6
pry,sex_m,ocu_isco08_3,mts_aggregate_2,1999,38.32
pry,sex_m,ocu_isco08_3,mts_aggregate_2,2002,43.54
pry,sex_m,ocu_isco08_3,mts_aggregate_2,2003,45.1
pry,sex_m,ocu_isco08_3,mts_aggregate_2,2004,42.41
pry,sex_m,ocu_isco08_3,mts_aggregate_2,2005,43.11
pry,sex_m,ocu_isco08_3,mts_aggregate_2,2006,42.6
pry,sex_m,ocu_isco08_3,mts_aggregate_2,2007,44.51
pry,sex_m,ocu_isco08_3,mts_aggregate_2,2008,43.14
pry,sex_m,ocu_isco08_3,mts_aggregate_2,2009,43.23
pry,sex_m,ocu_isco08_3,mts_aggregate_2,2010,44.86
pry,sex_m,ocu_isco08_3,mts_aggregate_2,2011,45.39
pry,sex_m,ocu_isco08_3,mts_aggregate_2,2012,41.76
pry,sex_m,ocu_isco08_3,mts_aggregate_2,2013,46.15
pry,sex_m,ocu_isco08_3,mts_aggregate_2,2014,46.22
pry,sex_m,ocu_isco08_3,mts_aggregate_2,2015,41.49
pry,sex_m,ocu_isco08_3,mts_aggregate_2,2016,43.11
pry,sex_m,ocu_isco08_3,mts_aggregate_2,2017,41.75
pry,sex_m,ocu_isco08_3,mts_aggregate_2,2018,41.03
pry,sex_m,ocu_isco08_3,mts_aggregate_2,2019,42.05
pry,sex_m,ocu_isco08_3,mts_aggregate_2,2020,39.94
pry,sex_m,ocu_isco08_3,mts_aggregate_2,2021,40.73
pry,sex_m,ocu_isco08_3,mts_aggregate_2,2022,39.94
pry,sex_m,ocu_isco08_3,mts_aggregate_2,2023,41.7
pry,sex_m,ocu_isco08_3,mts_aggregate_2,2024,40.94
pry,sex_m,ocu_isco08_3,mts_aggregate_total,1998,39.95
pry,sex_m,ocu_isco08_3,mts_aggregate_total,1999,37.99
pry,sex_m,ocu_isco08_3,mts_aggregate_total,2002,40.44
pry,sex_m,ocu_isco08_3,mts_aggregate_total,2003,43.63
pry,sex_m,ocu_isco08_3,mts_aggregate_total,2004,39.68
pry,sex_m,ocu_isco08_3,mts_aggregate_total,2005,41.07
pry,sex_m,ocu_isco08_3,mts_aggregate_total,2006,42.49
pry,sex_m,ocu_isco08_3,mts_aggregate_total,2007,43.63
pry,sex_m,ocu_isco08_3,mts_aggregate_total,2008,42.87
pry,sex_m,ocu_isco08_3,mts_aggregate_total,2009,41.28
pry,sex_m,ocu_isco08_3,mts_aggregate_total,2010,43.54
pry,sex_m,ocu_isco08_3,mts_aggregate_total,2011,43.31
pry,sex_m,ocu_isco08_3,mts_aggregate_total,2012,40.93
pry,sex_m,ocu_isco08_3,mts_aggregate_total,2013,44.01
pry,sex_m,ocu_isco08_3,mts_aggregate_total,2014,44.24
pry,sex_m,ocu_isco08_3,mts_aggregate_total,2015,40.75
pry,sex_m,ocu_isco08_3,mts_aggregate_total,2016,40.82
pry,sex_m,ocu_isco08_3,mts_aggregate_total,2017,40.59
pry,sex_m,ocu_isco08_3,mts_aggregate_total,2018,39.82
pry,sex_m,ocu_isco08_3,mts_aggregate_total,2019,39.99
pry,sex_m,ocu_isco08_3,mts_aggregate_total,2020,40.61
pry,sex_m,ocu_isco08_3,mts_aggregate_total,2021,39.71
pry,sex_m,ocu_isco08_3,mts_aggregate_total,2022,39.39
pry,sex_m,ocu_isco08_3,mts_aggregate_total,2023,40.89
pry,sex_m,ocu_isco08_3,mts_aggregate_total,2024,39.33
pry,sex_m,ocu_isco08_3,mts_aggregate_x,2020,41.06
pry,sex_m,ocu_isco08_3,mts_aggregate_x,2021,39.25
pry,sex_m,ocu_isco08_3,mts_details_mrd,1998,39.08
pry,sex_m,ocu_isco08_3,mts_details_mrd,1999,38.78
pry,sex_m,ocu_isco08_3,mts_details_mrd,2002,45.31
pry,sex_m,ocu_isco08_3,mts_details_mrd,2003,43.61
pry,sex_m,ocu_isco08_3,mts_details_mrd,2004,42.57
pry,sex_m,ocu_isco08_3,mts_details_mrd,2005,43.42
pry,sex_m,ocu_isco08_3,mts_details_mrd,2006,42.98
pry,sex_m,ocu_isco08_3,mts_details_mrd,2007,46.21
pry,sex_m,ocu_isco08_3,mts_details_mrd,2008,41.48
pry,sex_m,ocu_isco08_3,mts_details_mrd,2009,40.47
pry,sex_m,ocu_isco08_3,mts_details_mrd,2010,44.01
pry,sex_m,ocu_isco08_3,mts_details_mrd,2011,44.02
pry,sex_m,ocu_isco08_3,mts_details_mrd,2012,41.81
pry,sex_m,ocu_isco08_3,mts_details_mrd,2013,46.1
pry,sex_m,ocu_isco08_3,mts_details_mrd,2014,43.72
pry,sex_m,ocu_isco08_3,mts_details_mrd,2015,41.42
pry,sex_m,ocu_isco08_3,mts_details_mrd,2016,43.34
pry,sex_m,ocu_isco08_3,mts_details_mrd,2017,42.51
pry,sex_m,ocu_isco08_3,mts_details_mrd,2018,41.42
pry,sex_m,ocu_isco08_3,mts_details_mrd,2019,41.36
pry,sex_m,ocu_isco08_3,mts_details_mrd,2020,40.57
pry,sex_m,ocu_isco08_3,mts_details_mrd,2021,39.35
pry,sex_m,ocu_isco08_3,mts_details_mrd,2022,39.14
pry,sex_m,ocu_isco08_3,mts_details_mrd,2023,41.94
pry,sex_m,ocu_isco08_3,mts_details_mrd,2024,39.95
pry,sex_m,ocu_isco08_3,mts_details_sep,2008,50.5
pry,sex_m,ocu_isco08_3,mts_details_sep,2009,42.35
pry,sex_m,ocu_isco08_3,mts_details_sep,2011,46.29
pry,sex_m,ocu_isco08_3,mts_details_sep,2012,49.73
pry,sex_m,ocu_isco08_3,mts_details_sep,2013,46.08
pry,sex_m,ocu_isco08_3,mts_details_sep,2014,32.15
pry,sex_m,ocu_isco08_3,mts_details_sep,2015,53.89
pry,sex_m,ocu_isco08_3,mts_details_sep,2016,36.68
pry,sex_m,ocu_isco08_3,mts_details_sep,2017,44.77
pry,sex_m,ocu_isco08_3,mts_details_sep,2018,40.49
pry,sex_m,ocu_isco08_3,mts_details_sep,2019,30.14
pry,sex_m,ocu_isco08_3,mts_details_sep,2020,45.84
pry,sex_m,ocu_isco08_3,mts_details_sep,2021,37.88
pry,sex_m,ocu_isco08_3,mts_details_sep,2022,39.9
pry,sex_m,ocu_isco08_3,mts_details_sep,2023,39.35
pry,sex_m,ocu_isco08_3,mts_details_sep,2024,34.91
pry,sex_m,ocu_isco08_3,mts_details_sgle,1998,43.68
pry,sex_m,ocu_isco08_3,mts_details_sgle,1999,37.29
pry,sex_m,ocu_isco08_3,mts_details_sgle,2002,34.02
pry,sex_m,ocu_isco08_3,mts_details_sgle,2003,40.43
pry,sex_m,ocu_isco08_3,mts_details_sgle,2004,34.7
pry,sex_m,ocu_isco08_3,mts_details_sgle,2005,38.27
pry,sex_m,ocu_isco08_3,mts_details_sgle,2006,42.07
pry,sex_m,ocu_isco08_3,mts_details_sgle,2007,40.68
pry,sex_m,ocu_isco08_3,mts_details_sgle,2008,41.71
pry,sex_m,ocu_isco08_3,mts_details_sgle,2009,38.81
pry,sex_m,ocu_isco08_3,mts_details_sgle,2010,42.25
pry,sex_m,ocu_isco08_3,mts_details_sgle,2011,41.25
pry,sex_m,ocu_isco08_3,mts_details_sgle,2012,39.77
pry,sex_m,ocu_isco08_3,mts_details_sgle,2013,41.71
pry,sex_m,ocu_isco08_3,mts_details_sgle,2014,42.62
pry,sex_m,ocu_isco08_3,mts_details_sgle,2015,39.44
pry,sex_m,ocu_isco08_3,mts_details_sgle,2016,38.37
pry,sex_m,ocu_isco08_3,mts_details_sgle,2017,38.98
pry,sex_m,ocu_isco08_3,mts_details_sgle,2018,37.96
pry,sex_m,ocu_isco08_3,mts_details_sgle,2019,37.71
pry,sex_m,ocu_isco08_3,mts_details_sgle,2020,38.08
pry,sex_m,ocu_isco08_3,mts_details_sgle,2021,38.86
pry,sex_m,ocu_isco08_3,mts_details_sgle,2022,38.67
pry,sex_m,ocu_isco08_3,mts_details_sgle,2023,40.15
pry,sex_m,ocu_isco08_3,mts_details_sgle,2024,37.52
pry,sex_m,ocu_isco08_3,mts_details_total,1998,39.95
pry,sex_m,ocu_isco08_3,mts_details_total,1999,37.99
pry,sex_m,ocu_isco08_3,mts_details_total,2002,40.44
pry,sex_m,ocu_isco08_3,mts_details_total,2003,43.63
pry,sex_m,ocu_isco08_3,mts_details_total,2004,39.68
pry,sex_m,ocu_isco08_3,mts_details_total,2005,41.07
pry,sex_m,ocu_isco08_3,mts_details_total,2006,42.49
pry,sex_m,ocu_isco08_3,mts_details_total,2007,43.63
pry,sex_m,ocu_isco08_3,mts_details_total,2008,42.87
pry,sex_m,ocu_isco08_3,mts_details_total,2009,41.28
pry,sex_m,ocu_isco08_3,mts_details_total,2010,43.54
pry,sex_m,ocu_isco08_3,mts_details_total,2011,43.31
pry,sex_m,ocu_isco08_3,mts_details_total,2012,40.93
pry,sex_m,ocu_isco08_3,mts_details_total,2013,44.01
pry,sex_m,ocu_isco08_3,mts_details_total,2014,44.24
pry,sex_m,ocu_isco08_3,mts_details_total,2015,40.75
pry,sex_m,ocu_isco08_3,mts_details_total,2016,40.82
pry,sex_m,ocu_isco08_3,mts_details_total,2017,40.59
pry,sex_m,ocu_isco08_3,mts_details_total,2018,39.82
pry,sex_m,ocu_isco08_3,mts_details_total,2019,39.99
pry,sex_m,ocu_isco08_3,mts_details_total,2020,40.61
pry,sex_m,ocu_isco08_3,mts_details_total,2021,39.71
pry,sex_m,ocu_isco08_3,mts_details_total,2022,39.39
pry,sex_m,ocu_isco08_3,mts_details_total,2023,40.89
pry,sex_m,ocu_isco08_3,mts_details_total,2024,39.33
pry,sex_m,ocu_isco08_3,mts_details_union,1998,35.31
pry,sex_m,ocu_isco08_3,mts_details_union,1999,36.12
pry,sex_m,ocu_isco08_3,mts_details_union,2002,39.03
pry,sex_m,ocu_isco08_3,mts_details_union,2003,50.33
pry,sex_m,ocu_isco08_3,mts_details_union,2004,41.73
pry,sex_m,ocu_isco08_3,mts_details_union,2005,41.67
pry,sex_m,ocu_isco08_3,mts_details_union,2006,41.57
pry,sex_m,ocu_isco08_3,mts_details_union,2007,37.31
pry,sex_m,ocu_isco08_3,mts_details_union,2008,46.09
pry,sex_m,ocu_isco08_3,mts_details_union,2009,53.97
pry,sex_m,ocu_isco08_3,mts_details_union,2010,46.69
pry,sex_m,ocu_isco08_3,mts_details_union,2011,48.89
pry,sex_m,ocu_isco08_3,mts_details_union,2012,41.64
pry,sex_m,ocu_isco08_3,mts_details_union,2013,46.25
pry,sex_m,ocu_isco08_3,mts_details_union,2014,51
pry,sex_m,ocu_isco08_3,mts_details_union,2015,41.62
pry,sex_m,ocu_isco08_3,mts_details_union,2016,42.77
pry,sex_m,ocu_isco08_3,mts_details_union,2017,40.64
pry,sex_m,ocu_isco08_3,mts_details_union,2018,40.42
pry,sex_m,ocu_isco08_3,mts_details_union,2019,43.03
pry,sex_m,ocu_isco08_3,mts_details_union,2020,39.22
pry,sex_m,ocu_isco08_3,mts_details_union,2021,42.42
pry,sex_m,ocu_isco08_3,mts_details_union,2022,40.91
pry,sex_m,ocu_isco08_3,mts_details_union,2023,41.34
pry,sex_m,ocu_isco08_3,mts_details_union,2024,42.61
pry,sex_m,ocu_isco08_3,mts_details_wid,2017,26.75
pry,sex_m,ocu_isco08_3,mts_details_x,2020,41.06
pry,sex_m,ocu_isco08_3,mts_details_x,2021,39.25
pry,sex_m,ocu_isco08_4,mts_aggregate_1,1998,37.82
pry,sex_m,ocu_isco08_4,mts_aggregate_1,1999,40.62
pry,sex_m,ocu_isco08_4,mts_aggregate_1,2002,42.88
pry,sex_m,ocu_isco08_4,mts_aggregate_1,2003,42.07
pry,sex_m,ocu_isco08_4,mts_aggregate_1,2004,41.18
pry,sex_m,ocu_isco08_4,mts_aggregate_1,2005,43.7
pry,sex_m,ocu_isco08_4,mts_aggregate_1,2006,43.59
pry,sex_m,ocu_isco08_4,mts_aggregate_1,2007,43.59
pry,sex_m,ocu_isco08_4,mts_aggregate_1,2008,43.04
pry,sex_m,ocu_isco08_4,mts_aggregate_1,2009,41.22
pry,sex_m,ocu_isco08_4,mts_aggregate_1,2010,44.83
pry,sex_m,ocu_isco08_4,mts_aggregate_1,2011,47.44
pry,sex_m,ocu_isco08_4,mts_aggregate_1,2012,44.54
pry,sex_m,ocu_isco08_4,mts_aggregate_1,2013,44.66
pry,sex_m,ocu_isco08_4,mts_aggregate_1,2014,45.76
pry,sex_m,ocu_isco08_4,mts_aggregate_1,2015,44.09
pry,sex_m,ocu_isco08_4,mts_aggregate_1,2016,47.56
pry,sex_m,ocu_isco08_4,mts_aggregate_1,2017,43.42
pry,sex_m,ocu_isco08_4,mts_aggregate_1,2018,44.05
pry,sex_m,ocu_isco08_4,mts_aggregate_1,2019,43.96
pry,sex_m,ocu_isco08_4,mts_aggregate_1,2020,43.93
pry,sex_m,ocu_isco08_4,mts_aggregate_1,2021,42.42
pry,sex_m,ocu_isco08_4,mts_aggregate_1,2022,44.38
pry,sex_m,ocu_isco08_4,mts_aggregate_1,2023,45.97
pry,sex_m,ocu_isco08_4,mts_aggregate_1,2024,46.11
pry,sex_m,ocu_isco08_4,mts_aggregate_2,1998,49.29
pry,sex_m,ocu_isco08_4,mts_aggregate_2,1999,45.31
pry,sex_m,ocu_isco08_4,mts_aggregate_2,2002,44.65
pry,sex_m,ocu_isco08_4,mts_aggregate_2,2003,43.85
pry,sex_m,ocu_isco08_4,mts_aggregate_2,2004,45.89
pry,sex_m,ocu_isco08_4,mts_aggregate_2,2005,45.15
pry,sex_m,ocu_isco08_4,mts_aggregate_2,2006,41.95
pry,sex_m,ocu_isco08_4,mts_aggregate_2,2007,49.15
pry,sex_m,ocu_isco08_4,mts_aggregate_2,2008,46.95
pry,sex_m,ocu_isco08_4,mts_aggregate_2,2009,45.58
pry,sex_m,ocu_isco08_4,mts_aggregate_2,2010,48.11
pry,sex_m,ocu_isco08_4,mts_aggregate_2,2011,46.74
pry,sex_m,ocu_isco08_4,mts_aggregate_2,2012,49.15
pry,sex_m,ocu_isco08_4,mts_aggregate_2,2013,41.43
pry,sex_m,ocu_isco08_4,mts_aggregate_2,2014,47.23
pry,sex_m,ocu_isco08_4,mts_aggregate_2,2015,47.47
pry,sex_m,ocu_isco08_4,mts_aggregate_2,2016,46.11
pry,sex_m,ocu_isco08_4,mts_aggregate_2,2017,46.55
pry,sex_m,ocu_isco08_4,mts_aggregate_2,2018,44.98
pry,sex_m,ocu_isco08_4,mts_aggregate_2,2019,44.24
pry,sex_m,ocu_isco08_4,mts_aggregate_2,2020,41.98
pry,sex_m,ocu_isco08_4,mts_aggregate_2,2021,43.16
pry,sex_m,ocu_isco08_4,mts_aggregate_2,2022,43.29
pry,sex_m,ocu_isco08_4,mts_aggregate_2,2023,46.27
pry,sex_m,ocu_isco08_4,mts_aggregate_2,2024,44.91
pry,sex_m,ocu_isco08_4,mts_aggregate_total,1998,43.62
pry,sex_m,ocu_isco08_4,mts_aggregate_total,1999,43.17
pry,sex_m,ocu_isco08_4,mts_aggregate_total,2002,43.78
pry,sex_m,ocu_isco08_4,mts_aggregate_total,2003,42.93
pry,sex_m,ocu_isco08_4,mts_aggregate_total,2004,43.54
pry,sex_m,ocu_isco08_4,mts_aggregate_total,2005,44.44
pry,sex_m,ocu_isco08_4,mts_aggregate_total,2006,42.86
pry,sex_m,ocu_isco08_4,mts_aggregate_total,2007,46.2
pry,sex_m,ocu_isco08_4,mts_aggregate_total,2008,44.77
pry,sex_m,ocu_isco08_4,mts_aggregate_total,2009,43.38
pry,sex_m,ocu_isco08_4,mts_aggregate_total,2010,46.16
pry,sex_m,ocu_isco08_4,mts_aggregate_total,2011,47.06
pry,sex_m,ocu_isco08_4,mts_aggregate_total,2012,46.59
pry,sex_m,ocu_isco08_4,mts_aggregate_total,2013,42.93
pry,sex_m,ocu_isco08_4,mts_aggregate_total,2014,46.44
pry,sex_m,ocu_isco08_4,mts_aggregate_total,2015,45.77
pry,sex_m,ocu_isco08_4,mts_aggregate_total,2016,46.85
pry,sex_m,ocu_isco08_4,mts_aggregate_total,2017,45.04
pry,sex_m,ocu_isco08_4,mts_aggregate_total,2018,44.54
pry,sex_m,ocu_isco08_4,mts_aggregate_total,2019,44.11
pry,sex_m,ocu_isco08_4,mts_aggregate_total,2020,41.3
pry,sex_m,ocu_isco08_4,mts_aggregate_total,2021,42.88
pry,sex_m,ocu_isco08_4,mts_aggregate_total,2022,43.85
pry,sex_m,ocu_isco08_4,mts_aggregate_total,2023,46.12
pry,sex_m,ocu_isco08_4,mts_aggregate_total,2024,45.52
pry,sex_m,ocu_isco08_4,mts_aggregate_x,2020,40.61
pry,sex_m,ocu_isco08_4,mts_aggregate_x,2021,43.18
pry,sex_m,ocu_isco08_4,mts_details_mrd,1998,46.65
pry,sex_m,ocu_isco08_4,mts_details_mrd,1999,42.95
pry,sex_m,ocu_isco08_4,mts_details_mrd,2002,44.02
pry,sex_m,ocu_isco08_4,mts_details_mrd,2003,42.89
pry,sex_m,ocu_isco08_4,mts_details_mrd,2004,42.47
pry,sex_m,ocu_isco08_4,mts_details_mrd,2005,45.11
pry,sex_m,ocu_isco08_4,mts_details_mrd,2006,40.26
pry,sex_m,ocu_isco08_4,mts_details_mrd,2007,48.5
pry,sex_m,ocu_isco08_4,mts_details_mrd,2008,46.37
pry,sex_m,ocu_isco08_4,mts_details_mrd,2009,44.72
pry,sex_m,ocu_isco08_4,mts_details_mrd,2010,47.74
pry,sex_m,ocu_isco08_4,mts_details_mrd,2011,46.06
pry,sex_m,ocu_isco08_4,mts_details_mrd,2012,46.48
pry,sex_m,ocu_isco08_4,mts_details_mrd,2013,41.53
pry,sex_m,ocu_isco08_4,mts_details_mrd,2014,47.41
pry,sex_m,ocu_isco08_4,mts_details_mrd,2015,46.36
pry,sex_m,ocu_isco08_4,mts_details_mrd,2016,46.37
pry,sex_m,ocu_isco08_4,mts_details_mrd,2017,43.79
pry,sex_m,ocu_isco08_4,mts_details_mrd,2018,44.11
pry,sex_m,ocu_isco08_4,mts_details_mrd,2019,42.38
pry,sex_m,ocu_isco08_4,mts_details_mrd,2020,41.26
pry,sex_m,ocu_isco08_4,mts_details_mrd,2021,40.91
pry,sex_m,ocu_isco08_4,mts_details_mrd,2022,40.48
pry,sex_m,ocu_isco08_4,mts_details_mrd,2023,45.47
pry,sex_m,ocu_isco08_4,mts_details_mrd,2024,43.93
pry,sex_m,ocu_isco08_4,mts_details_sep,2002,47.33
pry,sex_m,ocu_isco08_4,mts_details_sep,2004,45.59
pry,sex_m,ocu_isco08_4,mts_details_sep,2006,42
pry,sex_m,ocu_isco08_4,mts_details_sep,2010,58.79
pry,sex_m,ocu_isco08_4,mts_details_sep,2012,44.05
pry,sex_m,ocu_isco08_4,mts_details_sep,2014,48.71
pry,sex_m,ocu_isco08_4,mts_details_sep,2015,44.31
pry,sex_m,ocu_isco08_4,mts_details_sep,2016,36.98
pry,sex_m,ocu_isco08_4,mts_details_sep,2017,39.66
pry,sex_m,ocu_isco08_4,mts_details_sep,2018,46.49
pry,sex_m,ocu_isco08_4,mts_details_sep,2019,40.49
pry,sex_m,ocu_isco08_4,mts_details_sep,2021,29.92
pry,sex_m,ocu_isco08_4,mts_details_sep,2022,38.17
pry,sex_m,ocu_isco08_4,mts_details_sep,2023,43.94
pry,sex_m,ocu_isco08_4,mts_details_sep,2024,41.62
pry,sex_m,ocu_isco08_4,mts_details_sgle,1998,37.9
pry,sex_m,ocu_isco08_4,mts_details_sgle,1999,40.48
pry,sex_m,ocu_isco08_4,mts_details_sgle,2002,42.57
pry,sex_m,ocu_isco08_4,mts_details_sgle,2003,42.03
pry,sex_m,ocu_isco08_4,mts_details_sgle,2004,40.93
pry,sex_m,ocu_isco08_4,mts_details_sgle,2005,42.64
pry,sex_m,ocu_isco08_4,mts_details_sgle,2006,43.73
pry,sex_m,ocu_isco08_4,mts_details_sgle,2007,43.37
pry,sex_m,ocu_isco08_4,mts_details_sgle,2008,43.2
pry,sex_m,ocu_isco08_4,mts_details_sgle,2009,42.03
pry,sex_m,ocu_isco08_4,mts_details_sgle,2010,44.4
pry,sex_m,ocu_isco08_4,mts_details_sgle,2011,47.49
pry,sex_m,ocu_isco08_4,mts_details_sgle,2012,44.37
pry,sex_m,ocu_isco08_4,mts_details_sgle,2013,44.92
pry,sex_m,ocu_isco08_4,mts_details_sgle,2014,45.87
pry,sex_m,ocu_isco08_4,mts_details_sgle,2015,44.06
pry,sex_m,ocu_isco08_4,mts_details_sgle,2016,47.78
pry,sex_m,ocu_isco08_4,mts_details_sgle,2017,43.57
pry,sex_m,ocu_isco08_4,mts_details_sgle,2018,44.15
pry,sex_m,ocu_isco08_4,mts_details_sgle,2019,44.03
pry,sex_m,ocu_isco08_4,mts_details_sgle,2020,44.55
pry,sex_m,ocu_isco08_4,mts_details_sgle,2021,43.16
pry,sex_m,ocu_isco08_4,mts_details_sgle,2022,44.63
pry,sex_m,ocu_isco08_4,mts_details_sgle,2023,46.34
pry,sex_m,ocu_isco08_4,mts_details_sgle,2024,46.53
pry,sex_m,ocu_isco08_4,mts_details_total,1998,43.62
pry,sex_m,ocu_isco08_4,mts_details_total,1999,43.17
pry,sex_m,ocu_isco08_4,mts_details_total,2002,43.78
pry,sex_m,ocu_isco08_4,mts_details_total,2003,42.93
pry,sex_m,ocu_isco08_4,mts_details_total,2004,43.54
pry,sex_m,ocu_isco08_4,mts_details_total,2005,44.44
pry,sex_m,ocu_isco08_4,mts_details_total,2006,42.86
pry,sex_m,ocu_isco08_4,mts_details_total,2007,46.2
pry,sex_m,ocu_isco08_4,mts_details_total,2008,44.77
pry,sex_m,ocu_isco08_4,mts_details_total,2009,43.38
pry,sex_m,ocu_isco08_4,mts_details_total,2010,46.16
pry,sex_m,ocu_isco08_4,mts_details_total,2011,47.06
pry,sex_m,ocu_isco08_4,mts_details_total,2012,46.59
pry,sex_m,ocu_isco08_4,mts_details_total,2013,42.93
pry,sex_m,ocu_isco08_4,mts_details_total,2014,46.44
pry,sex_m,ocu_isco08_4,mts_details_total,2015,45.77
pry,sex_m,ocu_isco08_4,mts_details_total,2016,46.85
pry,sex_m,ocu_isco08_4,mts_details_total,2017,45.04
pry,sex_m,ocu_isco08_4,mts_details_total,2018,44.54
pry,sex_m,ocu_isco08_4,mts_details_total,2019,44.11
pry,sex_m,ocu_isco08_4,mts_details_total,2020,41.3
pry,sex_m,ocu_isco08_4,mts_details_total,2021,42.88
pry,sex_m,ocu_isco08_4,mts_details_total,2022,43.85
pry,sex_m,ocu_isco08_4,mts_details_total,2023,46.12
pry,sex_m,ocu_isco08_4,mts_details_total,2024,45.52
pry,sex_m,ocu_isco08_4,mts_details_union,1998,58.76
pry,sex_m,ocu_isco08_4,mts_details_union,1999,51.48
pry,sex_m,ocu_isco08_4,mts_details_union,2002,47.77
pry,sex_m,ocu_isco08_4,mts_details_union,2003,46.38
pry,sex_m,ocu_isco08_4,mts_details_union,2004,53.23
pry,sex_m,ocu_isco08_4,mts_details_union,2005,45.36
pry,sex_m,ocu_isco08_4,mts_details_union,2006,48.13
pry,sex_m,ocu_isco08_4,mts_details_union,2007,50.77
pry,sex_m,ocu_isco08_4,mts_details_union,2008,48.21
pry,sex_m,ocu_isco08_4,mts_details_union,2009,46.5
pry,sex_m,ocu_isco08_4,mts_details_union,2010,48.87
pry,sex_m,ocu_isco08_4,mts_details_union,2011,48.28
pry,sex_m,ocu_isco08_4,mts_details_union,2012,52.08
pry,sex_m,ocu_isco08_4,mts_details_union,2013,41.21
pry,sex_m,ocu_isco08_4,mts_details_union,2014,46.97
pry,sex_m,ocu_isco08_4,mts_details_union,2015,48.92
pry,sex_m,ocu_isco08_4,mts_details_union,2016,45.62
pry,sex_m,ocu_isco08_4,mts_details_union,2017,49.49
pry,sex_m,ocu_isco08_4,mts_details_union,2018,46.1
pry,sex_m,ocu_isco08_4,mts_details_union,2019,46.22
pry,sex_m,ocu_isco08_4,mts_details_union,2020,42.71
pry,sex_m,ocu_isco08_4,mts_details_union,2021,45.48
pry,sex_m,ocu_isco08_4,mts_details_union,2022,45.72
pry,sex_m,ocu_isco08_4,mts_details_union,2023,47.05
pry,sex_m,ocu_isco08_4,mts_details_union,2024,45.74
pry,sex_m,ocu_isco08_4,mts_details_x,2020,40.61
pry,sex_m,ocu_isco08_4,mts_details_x,2021,43.18
pry,sex_m,ocu_isco08_5,mts_aggregate_1,1998,50.12
pry,sex_m,ocu_isco08_5,mts_aggregate_1,1999,47.45
pry,sex_m,ocu_isco08_5,mts_aggregate_1,2002,53.58
pry,sex_m,ocu_isco08_5,mts_aggregate_1,2003,53.71
pry,sex_m,ocu_isco08_5,mts_aggregate_1,2004,54.69
pry,sex_m,ocu_isco08_5,mts_aggregate_1,2005,56.96
pry,sex_m,ocu_isco08_5,mts_aggregate_1,2006,60.28
pry,sex_m,ocu_isco08_5,mts_aggregate_1,2007,53.29
pry,sex_m,ocu_isco08_5,mts_aggregate_1,2008,56.2
pry,sex_m,ocu_isco08_5,mts_aggregate_1,2009,60.6
pry,sex_m,ocu_isco08_5,mts_aggregate_1,2010,58.87
pry,sex_m,ocu_isco08_5,mts_aggregate_1,2011,54.3
pry,sex_m,ocu_isco08_5,mts_aggregate_1,2012,54.28
pry,sex_m,ocu_isco08_5,mts_aggregate_1,2013,53.78
pry,sex_m,ocu_isco08_5,mts_aggregate_1,2014,55.01
pry,sex_m,ocu_isco08_5,mts_aggregate_1,2015,50.5
pry,sex_m,ocu_isco08_5,mts_aggregate_1,2016,54.05
pry,sex_m,ocu_isco08_5,mts_aggregate_1,2017,52.72
pry,sex_m,ocu_isco08_5,mts_aggregate_1,2018,50.61
pry,sex_m,ocu_isco08_5,mts_aggregate_1,2019,51.54
pry,sex_m,ocu_isco08_5,mts_aggregate_1,2020,48.78
pry,sex_m,ocu_isco08_5,mts_aggregate_1,2021,51.03
pry,sex_m,ocu_isco08_5,mts_aggregate_1,2022,51.85
pry,sex_m,ocu_isco08_5,mts_aggregate_1,2023,51.37
pry,sex_m,ocu_isco08_5,mts_aggregate_1,2024,51.79
pry,sex_m,ocu_isco08_5,mts_aggregate_2,1998,56.36
pry,sex_m,ocu_isco08_5,mts_aggregate_2,1999,54.54
pry,sex_m,ocu_isco08_5,mts_aggregate_2,2002,64.22
pry,sex_m,ocu_isco08_5,mts_aggregate_2,2003,61.86
pry,sex_m,ocu_isco08_5,mts_aggregate_2,2004,61.51
pry,sex_m,ocu_isco08_5,mts_aggregate_2,2005,63.54
pry,sex_m,ocu_isco08_5,mts_aggregate_2,2006,66.42
pry,sex_m,ocu_isco08_5,mts_aggregate_2,2007,62.31
pry,sex_m,ocu_isco08_5,mts_aggregate_2,2008,61.18
pry,sex_m,ocu_isco08_5,mts_aggregate_2,2009,61.16
pry,sex_m,ocu_isco08_5,mts_aggregate_2,2010,60.95
pry,sex_m,ocu_isco08_5,mts_aggregate_2,2011,61.49
pry,sex_m,ocu_isco08_5,mts_aggregate_2,2012,61.15
pry,sex_m,ocu_isco08_5,mts_aggregate_2,2013,58.26
pry,sex_m,ocu_isco08_5,mts_aggregate_2,2014,59.81
pry,sex_m,ocu_isco08_5,mts_aggregate_2,2015,58.19
pry,sex_m,ocu_isco08_5,mts_aggregate_2,2016,58.81
pry,sex_m,ocu_isco08_5,mts_aggregate_2,2017,56.98
pry,sex_m,ocu_isco08_5,mts_aggregate_2,2018,56.87
pry,sex_m,ocu_isco08_5,mts_aggregate_2,2019,57.73
pry,sex_m,ocu_isco08_5,mts_aggregate_2,2020,54.96
pry,sex_m,ocu_isco08_5,mts_aggregate_2,2021,55.01
pry,sex_m,ocu_isco08_5,mts_aggregate_2,2022,55.06
pry,sex_m,ocu_isco08_5,mts_aggregate_2,2023,56.21
pry,sex_m,ocu_isco08_5,mts_aggregate_2,2024,56.32
pry,sex_m,ocu_isco08_5,mts_aggregate_total,1998,54.09
pry,sex_m,ocu_isco08_5,mts_aggregate_total,1999,51.68
pry,sex_m,ocu_isco08_5,mts_aggregate_total,2002,60.56
pry,sex_m,ocu_isco08_5,mts_aggregate_total,2003,58.75
pry,sex_m,ocu_isco08_5,mts_aggregate_total,2004,58.55
pry,sex_m,ocu_isco08_5,mts_aggregate_total,2005,60.59
pry,sex_m,ocu_isco08_5,mts_aggregate_total,2006,63.99
pry,sex_m,ocu_isco08_5,mts_aggregate_total,2007,58.74
pry,sex_m,ocu_isco08_5,mts_aggregate_total,2008,59.28
pry,sex_m,ocu_isco08_5,mts_aggregate_total,2009,60.91
pry,sex_m,ocu_isco08_5,mts_aggregate_total,2010,60.13
pry,sex_m,ocu_isco08_5,mts_aggregate_total,2011,58.14
pry,sex_m,ocu_isco08_5,mts_aggregate_total,2012,58.23
pry,sex_m,ocu_isco08_5,mts_aggregate_total,2013,56.63
pry,sex_m,ocu_isco08_5,mts_aggregate_total,2014,57.56
pry,sex_m,ocu_isco08_5,mts_aggregate_total,2015,55.47
pry,sex_m,ocu_isco08_5,mts_aggregate_total,2016,56.84
pry,sex_m,ocu_isco08_5,mts_aggregate_total,2017,55.23
pry,sex_m,ocu_isco08_5,mts_aggregate_total,2018,54.35
pry,sex_m,ocu_isco08_5,mts_aggregate_total,2019,55.36
pry,sex_m,ocu_isco08_5,mts_aggregate_total,2020,53.16
pry,sex_m,ocu_isco08_5,mts_aggregate_total,2021,52.78
pry,sex_m,ocu_isco08_5,mts_aggregate_total,2022,53.69
pry,sex_m,ocu_isco08_5,mts_aggregate_total,2023,54.01
pry,sex_m,ocu_isco08_5,mts_aggregate_total,2024,54.33
pry,sex_m,ocu_isco08_5,mts_aggregate_x,2020,53.42
pry,sex_m,ocu_isco08_5,mts_aggregate_x,2021,50.97
pry,sex_m,ocu_isco08_5,mts_details_mrd,1998,55.96
pry,sex_m,ocu_isco08_5,mts_details_mrd,1999,53.52
pry,sex_m,ocu_isco08_5,mts_details_mrd,2002,65.13
pry,sex_m,ocu_isco08_5,mts_details_mrd,2003,62.47
pry,sex_m,ocu_isco08_5,mts_details_mrd,2004,61.79
pry,sex_m,ocu_isco08_5,mts_details_mrd,2005,61.07
pry,sex_m,ocu_isco08_5,mts_details_mrd,2006,65.37
pry,sex_m,ocu_isco08_5,mts_details_mrd,2007,60.24
pry,sex_m,ocu_isco08_5,mts_details_mrd,2008,62.92
pry,sex_m,ocu_isco08_5,mts_details_mrd,2009,58.45
pry,sex_m,ocu_isco08_5,mts_details_mrd,2010,61.48
pry,sex_m,ocu_isco08_5,mts_details_mrd,2011,61.34
pry,sex_m,ocu_isco08_5,mts_details_mrd,2012,58.21
pry,sex_m,ocu_isco08_5,mts_details_mrd,2013,55.98
pry,sex_m,ocu_isco08_5,mts_details_mrd,2014,57.88
pry,sex_m,ocu_isco08_5,mts_details_mrd,2015,56.5
pry,sex_m,ocu_isco08_5,mts_details_mrd,2016,57.63
pry,sex_m,ocu_isco08_5,mts_details_mrd,2017,56.28
pry,sex_m,ocu_isco08_5,mts_details_mrd,2018,57.21
pry,sex_m,ocu_isco08_5,mts_details_mrd,2019,57.22
pry,sex_m,ocu_isco08_5,mts_details_mrd,2020,53.2
pry,sex_m,ocu_isco08_5,mts_details_mrd,2021,53.76
pry,sex_m,ocu_isco08_5,mts_details_mrd,2022,54.79
pry,sex_m,ocu_isco08_5,mts_details_mrd,2023,55.24
pry,sex_m,ocu_isco08_5,mts_details_mrd,2024,55.55
pry,sex_m,ocu_isco08_5,mts_details_sep,1998,54.56
pry,sex_m,ocu_isco08_5,mts_details_sep,1999,51.59
pry,sex_m,ocu_isco08_5,mts_details_sep,2002,62.09
pry,sex_m,ocu_isco08_5,mts_details_sep,2003,49.44
pry,sex_m,ocu_isco08_5,mts_details_sep,2004,62.37
pry,sex_m,ocu_isco08_5,mts_details_sep,2005,68.48
pry,sex_m,ocu_isco08_5,mts_details_sep,2008,61.73
pry,sex_m,ocu_isco08_5,mts_details_sep,2010,55.24
pry,sex_m,ocu_isco08_5,mts_details_sep,2011,56.12
pry,sex_m,ocu_isco08_5,mts_details_sep,2012,57.32
pry,sex_m,ocu_isco08_5,mts_details_sep,2013,55.63
pry,sex_m,ocu_isco08_5,mts_details_sep,2014,53.01
pry,sex_m,ocu_isco08_5,mts_details_sep,2015,47.72
pry,sex_m,ocu_isco08_5,mts_details_sep,2016,62.64
pry,sex_m,ocu_isco08_5,mts_details_sep,2017,55.17
pry,sex_m,ocu_isco08_5,mts_details_sep,2018,55.23
pry,sex_m,ocu_isco08_5,mts_details_sep,2019,48.59
pry,sex_m,ocu_isco08_5,mts_details_sep,2021,61.42
pry,sex_m,ocu_isco08_5,mts_details_sep,2022,60.32
pry,sex_m,ocu_isco08_5,mts_details_sep,2023,47.99
pry,sex_m,ocu_isco08_5,mts_details_sep,2024,55.15
pry,sex_m,ocu_isco08_5,mts_details_sgle,1998,49.63
pry,sex_m,ocu_isco08_5,mts_details_sgle,1999,47.31
pry,sex_m,ocu_isco08_5,mts_details_sgle,2002,52.75
pry,sex_m,ocu_isco08_5,mts_details_sgle,2003,53.96
pry,sex_m,ocu_isco08_5,mts_details_sgle,2004,54.46
pry,sex_m,ocu_isco08_5,mts_details_sgle,2005,56.47
pry,sex_m,ocu_isco08_5,mts_details_sgle,2006,60.5
pry,sex_m,ocu_isco08_5,mts_details_sgle,2007,53.58
pry,sex_m,ocu_isco08_5,mts_details_sgle,2008,57.09
pry,sex_m,ocu_isco08_5,mts_details_sgle,2009,60.89
pry,sex_m,ocu_isco08_5,mts_details_sgle,2010,59.26
pry,sex_m,ocu_isco08_5,mts_details_sgle,2011,53.95
pry,sex_m,ocu_isco08_5,mts_details_sgle,2012,54.01
pry,sex_m,ocu_isco08_5,mts_details_sgle,2013,53.67
pry,sex_m,ocu_isco08_5,mts_details_sgle,2014,55.16
pry,sex_m,ocu_isco08_5,mts_details_sgle,2015,50.8
pry,sex_m,ocu_isco08_5,mts_details_sgle,2016,53.3
pry,sex_m,ocu_isco08_5,mts_details_sgle,2017,52.59
pry,sex_m,ocu_isco08_5,mts_details_sgle,2018,50.42
pry,sex_m,ocu_isco08_5,mts_details_sgle,2019,51.57
pry,sex_m,ocu_isco08_5,mts_details_sgle,2020,48.56
pry,sex_m,ocu_isco08_5,mts_details_sgle,2021,50.8
pry,sex_m,ocu_isco08_5,mts_details_sgle,2022,51.27
pry,sex_m,ocu_isco08_5,mts_details_sgle,2023,51.31
pry,sex_m,ocu_isco08_5,mts_details_sgle,2024,51.47
pry,sex_m,ocu_isco08_5,mts_details_total,1998,54.09
pry,sex_m,ocu_isco08_5,mts_details_total,1999,51.68
pry,sex_m,ocu_isco08_5,mts_details_total,2002,60.56
pry,sex_m,ocu_isco08_5,mts_details_total,2003,58.75
pry,sex_m,ocu_isco08_5,mts_details_total,2004,58.55
pry,sex_m,ocu_isco08_5,mts_details_total,2005,60.59
pry,sex_m,ocu_isco08_5,mts_details_total,2006,63.99
pry,sex_m,ocu_isco08_5,mts_details_total,2007,58.74
pry,sex_m,ocu_isco08_5,mts_details_total,2008,59.28
pry,sex_m,ocu_isco08_5,mts_details_total,2009,60.91
pry,sex_m,ocu_isco08_5,mts_details_total,2010,60.13
pry,sex_m,ocu_isco08_5,mts_details_total,2011,58.14
pry,sex_m,ocu_isco08_5,mts_details_total,2012,58.23
pry,sex_m,ocu_isco08_5,mts_details_total,2013,56.63
pry,sex_m,ocu_isco08_5,mts_details_total,2014,57.56
pry,sex_m,ocu_isco08_5,mts_details_total,2015,55.47
pry,sex_m,ocu_isco08_5,mts_details_total,2016,56.84
pry,sex_m,ocu_isco08_5,mts_details_total,2017,55.23
pry,sex_m,ocu_isco08_5,mts_details_total,2018,54.35
pry,sex_m,ocu_isco08_5,mts_details_total,2019,55.36
pry,sex_m,ocu_isco08_5,mts_details_total,2020,53.16
pry,sex_m,ocu_isco08_5,mts_details_total,2021,52.78
pry,sex_m,ocu_isco08_5,mts_details_total,2022,53.69
pry,sex_m,ocu_isco08_5,mts_details_total,2023,54.01
pry,sex_m,ocu_isco08_5,mts_details_total,2024,54.33
pry,sex_m,ocu_isco08_5,mts_details_union,1998,57.16
pry,sex_m,ocu_isco08_5,mts_details_union,1999,57.18
pry,sex_m,ocu_isco08_5,mts_details_union,2002,62.24
pry,sex_m,ocu_isco08_5,mts_details_union,2003,60.25
pry,sex_m,ocu_isco08_5,mts_details_union,2004,60.97
pry,sex_m,ocu_isco08_5,mts_details_union,2005,66.79
pry,sex_m,ocu_isco08_5,mts_details_union,2006,67.37
pry,sex_m,ocu_isco08_5,mts_details_union,2007,65.43
pry,sex_m,ocu_isco08_5,mts_details_union,2008,58.76
pry,sex_m,ocu_isco08_5,mts_details_union,2009,66.15
pry,sex_m,ocu_isco08_5,mts_details_union,2010,60.19
pry,sex_m,ocu_isco08_5,mts_details_union,2011,61.67
pry,sex_m,ocu_isco08_5,mts_details_union,2012,64.26
pry,sex_m,ocu_isco08_5,mts_details_union,2013,60.85
pry,sex_m,ocu_isco08_5,mts_details_union,2014,62.06
pry,sex_m,ocu_isco08_5,mts_details_union,2015,59.85
pry,sex_m,ocu_isco08_5,mts_details_union,2016,59.92
pry,sex_m,ocu_isco08_5,mts_details_union,2017,57.65
pry,sex_m,ocu_isco08_5,mts_details_union,2018,56.57
pry,sex_m,ocu_isco08_5,mts_details_union,2019,58.15
pry,sex_m,ocu_isco08_5,mts_details_union,2020,56.11
pry,sex_m,ocu_isco08_5,mts_details_union,2021,56.2
pry,sex_m,ocu_isco08_5,mts_details_union,2022,55.3
pry,sex_m,ocu_isco08_5,mts_details_union,2023,56.96
pry,sex_m,ocu_isco08_5,mts_details_union,2024,57.03
pry,sex_m,ocu_isco08_5,mts_details_wid,2008,38.95
pry,sex_m,ocu_isco08_5,mts_details_wid,2015,45.54
pry,sex_m,ocu_isco08_5,mts_details_wid,2016,71.65
pry,sex_m,ocu_isco08_5,mts_details_wid,2017,55.2
pry,sex_m,ocu_isco08_5,mts_details_wid,2018,47.45
pry,sex_m,ocu_isco08_5,mts_details_wid,2019,62.77
pry,sex_m,ocu_isco08_5,mts_details_wid,2022,53
pry,sex_m,ocu_isco08_5,mts_details_wid,2023,63.11
pry,sex_m,ocu_isco08_5,mts_details_x,2020,53.42
pry,sex_m,ocu_isco08_5,mts_details_x,2021,50.97
pry,sex_m,ocu_isco08_6,mts_aggregate_1,1999,41.45
pry,sex_m,ocu_isco08_6,mts_aggregate_1,2002,39.21
pry,sex_m,ocu_isco08_6,mts_aggregate_1,2003,44.32
pry,sex_m,ocu_isco08_6,mts_aggregate_1,2004,46.79
pry,sex_m,ocu_isco08_6,mts_aggregate_1,2005,46.11
pry,sex_m,ocu_isco08_6,mts_aggregate_1,2006,43.52
pry,sex_m,ocu_isco08_6,mts_aggregate_1,2007,49.67
pry,sex_m,ocu_isco08_6,mts_aggregate_1,2008,47.3
pry,sex_m,ocu_isco08_6,mts_aggregate_1,2009,47.93
pry,sex_m,ocu_isco08_6,mts_aggregate_1,2010,49.54
pry,sex_m,ocu_isco08_6,mts_aggregate_1,2011,46.38
pry,sex_m,ocu_isco08_6,mts_aggregate_1,2012,54.49
pry,sex_m,ocu_isco08_6,mts_aggregate_1,2013,44.57
pry,sex_m,ocu_isco08_6,mts_aggregate_1,2014,45.89
pry,sex_m,ocu_isco08_6,mts_aggregate_1,2015,55.08
pry,sex_m,ocu_isco08_6,mts_aggregate_1,2016,44.17
pry,sex_m,ocu_isco08_6,mts_aggregate_1,2017,45.25
pry,sex_m,ocu_isco08_6,mts_aggregate_1,2018,42.08
pry,sex_m,ocu_isco08_6,mts_aggregate_1,2019,42.6
pry,sex_m,ocu_isco08_6,mts_aggregate_1,2020,43.88
pry,sex_m,ocu_isco08_6,mts_aggregate_1,2021,44.08
pry,sex_m,ocu_isco08_6,mts_aggregate_1,2022,42.56
pry,sex_m,ocu_isco08_6,mts_aggregate_1,2023,42.65
pry,sex_m,ocu_isco08_6,mts_aggregate_1,2024,40.5
pry,sex_m,ocu_isco08_6,mts_aggregate_2,1998,46.84
pry,sex_m,ocu_isco08_6,mts_aggregate_2,1999,46.5
pry,sex_m,ocu_isco08_6,mts_aggregate_2,2002,51.62
pry,sex_m,ocu_isco08_6,mts_aggregate_2,2003,52.12
pry,sex_m,ocu_isco08_6,mts_aggregate_2,2004,51.64
pry,sex_m,ocu_isco08_6,mts_aggregate_2,2005,51.6
pry,sex_m,ocu_isco08_6,mts_aggregate_2,2006,52.12
pry,sex_m,ocu_isco08_6,mts_aggregate_2,2007,48.12
pry,sex_m,ocu_isco08_6,mts_aggregate_2,2008,52.33
pry,sex_m,ocu_isco08_6,mts_aggregate_2,2009,54.81
pry,sex_m,ocu_isco08_6,mts_aggregate_2,2010,49.17
pry,sex_m,ocu_isco08_6,mts_aggregate_2,2011,47.02
pry,sex_m,ocu_isco08_6,mts_aggregate_2,2012,49.36
pry,sex_m,ocu_isco08_6,mts_aggregate_2,2013,48.51
pry,sex_m,ocu_isco08_6,mts_aggregate_2,2014,56.54
pry,sex_m,ocu_isco08_6,mts_aggregate_2,2015,50.86
pry,sex_m,ocu_isco08_6,mts_aggregate_2,2016,49.64
pry,sex_m,ocu_isco08_6,mts_aggregate_2,2017,49.14
pry,sex_m,ocu_isco08_6,mts_aggregate_2,2018,46.86
pry,sex_m,ocu_isco08_6,mts_aggregate_2,2019,47.8
pry,sex_m,ocu_isco08_6,mts_aggregate_2,2020,46.29
pry,sex_m,ocu_isco08_6,mts_aggregate_2,2021,47.58
pry,sex_m,ocu_isco08_6,mts_aggregate_2,2022,48.67
pry,sex_m,ocu_isco08_6,mts_aggregate_2,2023,49.87
pry,sex_m,ocu_isco08_6,mts_aggregate_2,2024,49.16
pry,sex_m,ocu_isco08_6,mts_aggregate_total,1998,48.42
pry,sex_m,ocu_isco08_6,mts_aggregate_total,1999,44.04
pry,sex_m,ocu_isco08_6,mts_aggregate_total,2002,48.81
pry,sex_m,ocu_isco08_6,mts_aggregate_total,2003,49.59
pry,sex_m,ocu_isco08_6,mts_aggregate_total,2004,49.6
pry,sex_m,ocu_isco08_6,mts_aggregate_total,2005,49.11
pry,sex_m,ocu_isco08_6,mts_aggregate_total,2006,48.2
pry,sex_m,ocu_isco08_6,mts_aggregate_total,2007,48.88
pry,sex_m,ocu_isco08_6,mts_aggregate_total,2008,50.11
pry,sex_m,ocu_isco08_6,mts_aggregate_total,2009,52.39
pry,sex_m,ocu_isco08_6,mts_aggregate_total,2010,49.31
pry,sex_m,ocu_isco08_6,mts_aggregate_total,2011,46.76
pry,sex_m,ocu_isco08_6,mts_aggregate_total,2012,51.23
pry,sex_m,ocu_isco08_6,mts_aggregate_total,2013,46.93
pry,sex_m,ocu_isco08_6,mts_aggregate_total,2014,51.91
pry,sex_m,ocu_isco08_6,mts_aggregate_total,2015,52.61
pry,sex_m,ocu_isco08_6,mts_aggregate_total,2016,47.77
pry,sex_m,ocu_isco08_6,mts_aggregate_total,2017,47.64
pry,sex_m,ocu_isco08_6,mts_aggregate_total,2018,44.94
pry,sex_m,ocu_isco08_6,mts_aggregate_total,2019,45.92
pry,sex_m,ocu_isco08_6,mts_aggregate_total,2020,47.74
pry,sex_m,ocu_isco08_6,mts_aggregate_total,2021,46.28
pry,sex_m,ocu_isco08_6,mts_aggregate_total,2022,46.52
pry,sex_m,ocu_isco08_6,mts_aggregate_total,2023,47.09
pry,sex_m,ocu_isco08_6,mts_aggregate_total,2024,46.04
pry,sex_m,ocu_isco08_6,mts_aggregate_x,2020,48.82
pry,sex_m,ocu_isco08_6,mts_aggregate_x,2021,46.26
pry,sex_m,ocu_isco08_6,mts_details_mrd,1998,45.14
pry,sex_m,ocu_isco08_6,mts_details_mrd,1999,44.88
pry,sex_m,ocu_isco08_6,mts_details_mrd,2002,51.66
pry,sex_m,ocu_isco08_6,mts_details_mrd,2003,54.58
pry,sex_m,ocu_isco08_6,mts_details_mrd,2004,51.05
pry,sex_m,ocu_isco08_6,mts_details_mrd,2005,56.01
pry,sex_m,ocu_isco08_6,mts_details_mrd,2006,49.1
pry,sex_m,ocu_isco08_6,mts_details_mrd,2007,47.58
pry,sex_m,ocu_isco08_6,mts_details_mrd,2008,54.78
pry,sex_m,ocu_isco08_6,mts_details_mrd,2009,54.29
pry,sex_m,ocu_isco08_6,mts_details_mrd,2010,47.32
pry,sex_m,ocu_isco08_6,mts_details_mrd,2011,44.68
pry,sex_m,ocu_isco08_6,mts_details_mrd,2012,43
pry,sex_m,ocu_isco08_6,mts_details_mrd,2013,51.87
pry,sex_m,ocu_isco08_6,mts_details_mrd,2014,55.5
pry,sex_m,ocu_isco08_6,mts_details_mrd,2015,48.09
pry,sex_m,ocu_isco08_6,mts_details_mrd,2016,51.05
pry,sex_m,ocu_isco08_6,mts_details_mrd,2017,49.05
pry,sex_m,ocu_isco08_6,mts_details_mrd,2018,44.42
pry,sex_m,ocu_isco08_6,mts_details_mrd,2019,48.85
pry,sex_m,ocu_isco08_6,mts_details_mrd,2020,45.79
pry,sex_m,ocu_isco08_6,mts_details_mrd,2021,47.92
pry,sex_m,ocu_isco08_6,mts_details_mrd,2022,49.93
pry,sex_m,ocu_isco08_6,mts_details_mrd,2023,49.63
pry,sex_m,ocu_isco08_6,mts_details_mrd,2024,47.66
pry,sex_m,ocu_isco08_6,mts_details_sep,1999,36.62
pry,sex_m,ocu_isco08_6,mts_details_sep,2005,47.44
pry,sex_m,ocu_isco08_6,mts_details_sep,2007,46.58
pry,sex_m,ocu_isco08_6,mts_details_sep,2016,34.1
pry,sex_m,ocu_isco08_6,mts_details_sep,2017,54.27
pry,sex_m,ocu_isco08_6,mts_details_sep,2018,41.21
pry,sex_m,ocu_isco08_6,mts_details_sep,2019,50.33
pry,sex_m,ocu_isco08_6,mts_details_sep,2021,42.86
pry,sex_m,ocu_isco08_6,mts_details_sep,2022,49.76
pry,sex_m,ocu_isco08_6,mts_details_sep,2023,50.34
pry,sex_m,ocu_isco08_6,mts_details_sep,2024,46.98
pry,sex_m,ocu_isco08_6,mts_details_sgle,1999,41.95
pry,sex_m,ocu_isco08_6,mts_details_sgle,2002,39.06
pry,sex_m,ocu_isco08_6,mts_details_sgle,2003,43.51
pry,sex_m,ocu_isco08_6,mts_details_sgle,2004,46.82
pry,sex_m,ocu_isco08_6,mts_details_sgle,2005,44.85
pry,sex_m,ocu_isco08_6,mts_details_sgle,2006,44.18
pry,sex_m,ocu_isco08_6,mts_details_sgle,2007,49.96
pry,sex_m,ocu_isco08_6,mts_details_sgle,2008,47.63
pry,sex_m,ocu_isco08_6,mts_details_sgle,2009,49.77
pry,sex_m,ocu_isco08_6,mts_details_sgle,2010,50.51
pry,sex_m,ocu_isco08_6,mts_details_sgle,2011,46.4
pry,sex_m,ocu_isco08_6,mts_details_sgle,2012,54.02
pry,sex_m,ocu_isco08_6,mts_details_sgle,2013,46.02
pry,sex_m,ocu_isco08_6,mts_details_sgle,2014,44.39
pry,sex_m,ocu_isco08_6,mts_details_sgle,2015,56.04
pry,sex_m,ocu_isco08_6,mts_details_sgle,2016,44.01
pry,sex_m,ocu_isco08_6,mts_details_sgle,2017,44.79
pry,sex_m,ocu_isco08_6,mts_details_sgle,2018,41.88
pry,sex_m,ocu_isco08_6,mts_details_sgle,2019,42.31
pry,sex_m,ocu_isco08_6,mts_details_sgle,2020,43.8
pry,sex_m,ocu_isco08_6,mts_details_sgle,2021,44.5
pry,sex_m,ocu_isco08_6,mts_details_sgle,2022,42.21
pry,sex_m,ocu_isco08_6,mts_details_sgle,2023,41.97
pry,sex_m,ocu_isco08_6,mts_details_sgle,2024,39.5
pry,sex_m,ocu_isco08_6,mts_details_total,1998,48.42
pry,sex_m,ocu_isco08_6,mts_details_total,1999,44.04
pry,sex_m,ocu_isco08_6,mts_details_total,2002,48.81
pry,sex_m,ocu_isco08_6,mts_details_total,2003,49.59
pry,sex_m,ocu_isco08_6,mts_details_total,2004,49.6
pry,sex_m,ocu_isco08_6,mts_details_total,2005,49.11
pry,sex_m,ocu_isco08_6,mts_details_total,2006,48.2
pry,sex_m,ocu_isco08_6,mts_details_total,2007,48.88
pry,sex_m,ocu_isco08_6,mts_details_total,2008,50.11
pry,sex_m,ocu_isco08_6,mts_details_total,2009,52.39
pry,sex_m,ocu_isco08_6,mts_details_total,2010,49.31
pry,sex_m,ocu_isco08_6,mts_details_total,2011,46.76
pry,sex_m,ocu_isco08_6,mts_details_total,2012,51.23
pry,sex_m,ocu_isco08_6,mts_details_total,2013,46.93
pry,sex_m,ocu_isco08_6,mts_details_total,2014,51.91
pry,sex_m,ocu_isco08_6,mts_details_total,2015,52.61
pry,sex_m,ocu_isco08_6,mts_details_total,2016,47.77
pry,sex_m,ocu_isco08_6,mts_details_total,2017,47.64
pry,sex_m,ocu_isco08_6,mts_details_total,2018,44.94
pry,sex_m,ocu_isco08_6,mts_details_total,2019,45.92
pry,sex_m,ocu_isco08_6,mts_details_total,2020,47.74
pry,sex_m,ocu_isco08_6,mts_details_total,2021,46.28
pry,sex_m,ocu_isco08_6,mts_details_total,2022,46.52
pry,sex_m,ocu_isco08_6,mts_details_total,2023,47.09
pry,sex_m,ocu_isco08_6,mts_details_total,2024,46.04
pry,sex_m,ocu_isco08_6,mts_details_union,1999,48.44
pry,sex_m,ocu_isco08_6,mts_details_union,2002,51.58
pry,sex_m,ocu_isco08_6,mts_details_union,2003,48.45
pry,sex_m,ocu_isco08_6,mts_details_union,2004,52.43
pry,sex_m,ocu_isco08_6,mts_details_union,2005,47.69
pry,sex_m,ocu_isco08_6,mts_details_union,2006,56.1
pry,sex_m,ocu_isco08_6,mts_details_union,2007,48.65
pry,sex_m,ocu_isco08_6,mts_details_union,2008,49.39
pry,sex_m,ocu_isco08_6,mts_details_union,2009,55.97
pry,sex_m,ocu_isco08_6,mts_details_union,2010,50.88
pry,sex_m,ocu_isco08_6,mts_details_union,2011,49.51
pry,sex_m,ocu_isco08_6,mts_details_union,2012,52.93
pry,sex_m,ocu_isco08_6,mts_details_union,2013,46.48
pry,sex_m,ocu_isco08_6,mts_details_union,2014,57.45
pry,sex_m,ocu_isco08_6,mts_details_union,2015,53.39
pry,sex_m,ocu_isco08_6,mts_details_union,2016,48.67
pry,sex_m,ocu_isco08_6,mts_details_union,2017,49.22
pry,sex_m,ocu_isco08_6,mts_details_union,2018,48.45
pry,sex_m,ocu_isco08_6,mts_details_union,2019,47.01
pry,sex_m,ocu_isco08_6,mts_details_union,2020,46.6
pry,sex_m,ocu_isco08_6,mts_details_union,2021,47.41
pry,sex_m,ocu_isco08_6,mts_details_union,2022,47.89
pry,sex_m,ocu_isco08_6,mts_details_union,2023,50.03
pry,sex_m,ocu_isco08_6,mts_details_union,2024,50.4
pry,sex_m,ocu_isco08_6,mts_details_wid,2013,29.07
pry,sex_m,ocu_isco08_6,mts_details_wid,2015,56.03
pry,sex_m,ocu_isco08_6,mts_details_wid,2016,52.89
pry,sex_m,ocu_isco08_6,mts_details_wid,2017,33.94
pry,sex_m,ocu_isco08_6,mts_details_wid,2019,39.59
pry,sex_m,ocu_isco08_6,mts_details_x,2020,48.82
pry,sex_m,ocu_isco08_6,mts_details_x,2021,46.26
pry,sex_m,ocu_isco08_7,mts_aggregate_1,1998,45.1
pry,sex_m,ocu_isco08_7,mts_aggregate_1,1999,44.77
pry,sex_m,ocu_isco08_7,mts_aggregate_1,2002,47.1
pry,sex_m,ocu_isco08_7,mts_aggregate_1,2003,48.01
pry,sex_m,ocu_isco08_7,mts_aggregate_1,2004,46.74
pry,sex_m,ocu_isco08_7,mts_aggregate_1,2005,51.54
pry,sex_m,ocu_isco08_7,mts_aggregate_1,2006,49.83
pry,sex_m,ocu_isco08_7,mts_aggregate_1,2007,50.51
pry,sex_m,ocu_isco08_7,mts_aggregate_1,2008,48.64
pry,sex_m,ocu_isco08_7,mts_aggregate_1,2009,48.7
pry,sex_m,ocu_isco08_7,mts_aggregate_1,2010,48.85
pry,sex_m,ocu_isco08_7,mts_aggregate_1,2011,52.58
pry,sex_m,ocu_isco08_7,mts_aggregate_1,2012,49.02
pry,sex_m,ocu_isco08_7,mts_aggregate_1,2013,48.5
pry,sex_m,ocu_isco08_7,mts_aggregate_1,2014,48.21
pry,sex_m,ocu_isco08_7,mts_aggregate_1,2015,46.93
pry,sex_m,ocu_isco08_7,mts_aggregate_1,2016,47.01
pry,sex_m,ocu_isco08_7,mts_aggregate_1,2017,46.59
pry,sex_m,ocu_isco08_7,mts_aggregate_1,2018,45.96
pry,sex_m,ocu_isco08_7,mts_aggregate_1,2019,44.56
pry,sex_m,ocu_isco08_7,mts_aggregate_1,2020,45.03
pry,sex_m,ocu_isco08_7,mts_aggregate_1,2021,44.47
pry,sex_m,ocu_isco08_7,mts_aggregate_1,2022,45.68
pry,sex_m,ocu_isco08_7,mts_aggregate_1,2023,46.01
pry,sex_m,ocu_isco08_7,mts_aggregate_1,2024,46.03
pry,sex_m,ocu_isco08_7,mts_aggregate_2,1998,48
pry,sex_m,ocu_isco08_7,mts_aggregate_2,1999,48.47
pry,sex_m,ocu_isco08_7,mts_aggregate_2,2002,49.93
pry,sex_m,ocu_isco08_7,mts_aggregate_2,2003,50.93
pry,sex_m,ocu_isco08_7,mts_aggregate_2,2004,51.56
pry,sex_m,ocu_isco08_7,mts_aggregate_2,2005,52.7
pry,sex_m,ocu_isco08_7,mts_aggregate_2,2006,53.28
pry,sex_m,ocu_isco08_7,mts_aggregate_2,2007,52.39
pry,sex_m,ocu_isco08_7,mts_aggregate_2,2008,52.72
pry,sex_m,ocu_isco08_7,mts_aggregate_2,2009,50.49
pry,sex_m,ocu_isco08_7,mts_aggregate_2,2010,50.09
pry,sex_m,ocu_isco08_7,mts_aggregate_2,2011,53.73
pry,sex_m,ocu_isco08_7,mts_aggregate_2,2012,51.54
pry,sex_m,ocu_isco08_7,mts_aggregate_2,2013,51.81
pry,sex_m,ocu_isco08_7,mts_aggregate_2,2014,50.01
pry,sex_m,ocu_isco08_7,mts_aggregate_2,2015,48.28
pry,sex_m,ocu_isco08_7,mts_aggregate_2,2016,49.67
pry,sex_m,ocu_isco08_7,mts_aggregate_2,2017,48.34
pry,sex_m,ocu_isco08_7,mts_aggregate_2,2018,48.22
pry,sex_m,ocu_isco08_7,mts_aggregate_2,2019,47.92
pry,sex_m,ocu_isco08_7,mts_aggregate_2,2020,46.72
pry,sex_m,ocu_isco08_7,mts_aggregate_2,2021,48.23
pry,sex_m,ocu_isco08_7,mts_aggregate_2,2022,47.64
pry,sex_m,ocu_isco08_7,mts_aggregate_2,2023,48.2
pry,sex_m,ocu_isco08_7,mts_aggregate_2,2024,48.84
pry,sex_m,ocu_isco08_7,mts_aggregate_total,1998,46.71
pry,sex_m,ocu_isco08_7,mts_aggregate_total,1999,46.94
pry,sex_m,ocu_isco08_7,mts_aggregate_total,2002,48.81
pry,sex_m,ocu_isco08_7,mts_aggregate_total,2003,49.68
pry,sex_m,ocu_isco08_7,mts_aggregate_total,2004,49.74
pry,sex_m,ocu_isco08_7,mts_aggregate_total,2005,52.24
pry,sex_m,ocu_isco08_7,mts_aggregate_total,2006,51.9
pry,sex_m,ocu_isco08_7,mts_aggregate_total,2007,51.6
pry,sex_m,ocu_isco08_7,mts_aggregate_total,2008,51.03
pry,sex_m,ocu_isco08_7,mts_aggregate_total,2009,49.82
pry,sex_m,ocu_isco08_7,mts_aggregate_total,2010,49.59
pry,sex_m,ocu_isco08_7,mts_aggregate_total,2011,53.27
pry,sex_m,ocu_isco08_7,mts_aggregate_total,2012,50.54
pry,sex_m,ocu_isco08_7,mts_aggregate_total,2013,50.47
pry,sex_m,ocu_isco08_7,mts_aggregate_total,2014,49.23
pry,sex_m,ocu_isco08_7,mts_aggregate_total,2015,47.72
pry,sex_m,ocu_isco08_7,mts_aggregate_total,2016,48.62
pry,sex_m,ocu_isco08_7,mts_aggregate_total,2017,47.72
pry,sex_m,ocu_isco08_7,mts_aggregate_total,2018,47.35
pry,sex_m,ocu_isco08_7,mts_aggregate_total,2019,46.65
pry,sex_m,ocu_isco08_7,mts_aggregate_total,2020,45.48
pry,sex_m,ocu_isco08_7,mts_aggregate_total,2021,46.59
pry,sex_m,ocu_isco08_7,mts_aggregate_total,2022,46.92
pry,sex_m,ocu_isco08_7,mts_aggregate_total,2023,47.33
pry,sex_m,ocu_isco08_7,mts_aggregate_total,2024,47.68
pry,sex_m,ocu_isco08_7,mts_aggregate_x,2020,45.21
pry,sex_m,ocu_isco08_7,mts_aggregate_x,2021,46.14
pry,sex_m,ocu_isco08_7,mts_details_mrd,1998,47.32
pry,sex_m,ocu_isco08_7,mts_details_mrd,1999,47.15
pry,sex_m,ocu_isco08_7,mts_details_mrd,2002,48.56
pry,sex_m,ocu_isco08_7,mts_details_mrd,2003,49.7
pry,sex_m,ocu_isco08_7,mts_details_mrd,2004,51.76
pry,sex_m,ocu_isco08_7,mts_details_mrd,2005,53.03
pry,sex_m,ocu_isco08_7,mts_details_mrd,2006,51.41
pry,sex_m,ocu_isco08_7,mts_details_mrd,2007,50.95
pry,sex_m,ocu_isco08_7,mts_details_mrd,2008,52.14
pry,sex_m,ocu_isco08_7,mts_details_mrd,2009,50.22
pry,sex_m,ocu_isco08_7,mts_details_mrd,2010,47.11
pry,sex_m,ocu_isco08_7,mts_details_mrd,2011,53.1
pry,sex_m,ocu_isco08_7,mts_details_mrd,2012,48.72
pry,sex_m,ocu_isco08_7,mts_details_mrd,2013,51
pry,sex_m,ocu_isco08_7,mts_details_mrd,2014,49.2
pry,sex_m,ocu_isco08_7,mts_details_mrd,2015,47.21
pry,sex_m,ocu_isco08_7,mts_details_mrd,2016,49.04
pry,sex_m,ocu_isco08_7,mts_details_mrd,2017,46.73
pry,sex_m,ocu_isco08_7,mts_details_mrd,2018,47.11
pry,sex_m,ocu_isco08_7,mts_details_mrd,2019,45.44
pry,sex_m,ocu_isco08_7,mts_details_mrd,2020,46.98
pry,sex_m,ocu_isco08_7,mts_details_mrd,2021,47.07
pry,sex_m,ocu_isco08_7,mts_details_mrd,2022,46.46
pry,sex_m,ocu_isco08_7,mts_details_mrd,2023,46.9
pry,sex_m,ocu_isco08_7,mts_details_mrd,2024,48.16
pry,sex_m,ocu_isco08_7,mts_details_sep,1998,41.46
pry,sex_m,ocu_isco08_7,mts_details_sep,1999,48.39
pry,sex_m,ocu_isco08_7,mts_details_sep,2002,52.56
pry,sex_m,ocu_isco08_7,mts_details_sep,2003,51.03
pry,sex_m,ocu_isco08_7,mts_details_sep,2004,50.64
pry,sex_m,ocu_isco08_7,mts_details_sep,2005,51.77
pry,sex_m,ocu_isco08_7,mts_details_sep,2006,51.95
pry,sex_m,ocu_isco08_7,mts_details_sep,2008,34.53
pry,sex_m,ocu_isco08_7,mts_details_sep,2009,41.41
pry,sex_m,ocu_isco08_7,mts_details_sep,2010,53.05
pry,sex_m,ocu_isco08_7,mts_details_sep,2011,52.15
pry,sex_m,ocu_isco08_7,mts_details_sep,2012,50.99
pry,sex_m,ocu_isco08_7,mts_details_sep,2013,46.32
pry,sex_m,ocu_isco08_7,mts_details_sep,2014,59.3
pry,sex_m,ocu_isco08_7,mts_details_sep,2015,50.65
pry,sex_m,ocu_isco08_7,mts_details_sep,2016,43.87
pry,sex_m,ocu_isco08_7,mts_details_sep,2017,46.33
pry,sex_m,ocu_isco08_7,mts_details_sep,2018,45.03
pry,sex_m,ocu_isco08_7,mts_details_sep,2019,45.12
pry,sex_m,ocu_isco08_7,mts_details_sep,2020,36.99
pry,sex_m,ocu_isco08_7,mts_details_sep,2021,42.44
pry,sex_m,ocu_isco08_7,mts_details_sep,2022,44.43
pry,sex_m,ocu_isco08_7,mts_details_sep,2023,37.34
pry,sex_m,ocu_isco08_7,mts_details_sep,2024,46.17
pry,sex_m,ocu_isco08_7,mts_details_sgle,1998,45.1
pry,sex_m,ocu_isco08_7,mts_details_sgle,1999,44.63
pry,sex_m,ocu_isco08_7,mts_details_sgle,2002,46.98
pry,sex_m,ocu_isco08_7,mts_details_sgle,2003,47.79
pry,sex_m,ocu_isco08_7,mts_details_sgle,2004,46.65
pry,sex_m,ocu_isco08_7,mts_details_sgle,2005,51.43
pry,sex_m,ocu_isco08_7,mts_details_sgle,2006,49.76
pry,sex_m,ocu_isco08_7,mts_details_sgle,2007,50.59
pry,sex_m,ocu_isco08_7,mts_details_sgle,2008,49.05
pry,sex_m,ocu_isco08_7,mts_details_sgle,2009,49.19
pry,sex_m,ocu_isco08_7,mts_details_sgle,2010,48.55
pry,sex_m,ocu_isco08_7,mts_details_sgle,2011,52.75
pry,sex_m,ocu_isco08_7,mts_details_sgle,2012,48.99
pry,sex_m,ocu_isco08_7,mts_details_sgle,2013,48.68
pry,sex_m,ocu_isco08_7,mts_details_sgle,2014,48.35
pry,sex_m,ocu_isco08_7,mts_details_sgle,2015,46.77
pry,sex_m,ocu_isco08_7,mts_details_sgle,2016,47.31
pry,sex_m,ocu_isco08_7,mts_details_sgle,2017,46.57
pry,sex_m,ocu_isco08_7,mts_details_sgle,2018,46.04
pry,sex_m,ocu_isco08_7,mts_details_sgle,2019,44.69
pry,sex_m,ocu_isco08_7,mts_details_sgle,2020,45.42
pry,sex_m,ocu_isco08_7,mts_details_sgle,2021,44.47
pry,sex_m,ocu_isco08_7,mts_details_sgle,2022,45.83
pry,sex_m,ocu_isco08_7,mts_details_sgle,2023,46.49
pry,sex_m,ocu_isco08_7,mts_details_sgle,2024,46.08
pry,sex_m,ocu_isco08_7,mts_details_total,1998,46.71
pry,sex_m,ocu_isco08_7,mts_details_total,1999,46.94
pry,sex_m,ocu_isco08_7,mts_details_total,2002,48.81
pry,sex_m,ocu_isco08_7,mts_details_total,2003,49.68
pry,sex_m,ocu_isco08_7,mts_details_total,2004,49.74
pry,sex_m,ocu_isco08_7,mts_details_total,2005,52.24
pry,sex_m,ocu_isco08_7,mts_details_total,2006,51.9
pry,sex_m,ocu_isco08_7,mts_details_total,2007,51.6
pry,sex_m,ocu_isco08_7,mts_details_total,2008,51.03
pry,sex_m,ocu_isco08_7,mts_details_total,2009,49.82
pry,sex_m,ocu_isco08_7,mts_details_total,2010,49.59
pry,sex_m,ocu_isco08_7,mts_details_total,2011,53.27
pry,sex_m,ocu_isco08_7,mts_details_total,2012,50.54
pry,sex_m,ocu_isco08_7,mts_details_total,2013,50.47
pry,sex_m,ocu_isco08_7,mts_details_total,2014,49.23
pry,sex_m,ocu_isco08_7,mts_details_total,2015,47.72
pry,sex_m,ocu_isco08_7,mts_details_total,2016,48.62
pry,sex_m,ocu_isco08_7,mts_details_total,2017,47.72
pry,sex_m,ocu_isco08_7,mts_details_total,2018,47.35
pry,sex_m,ocu_isco08_7,mts_details_total,2019,46.65
pry,sex_m,ocu_isco08_7,mts_details_total,2020,45.48
pry,sex_m,ocu_isco08_7,mts_details_total,2021,46.59
pry,sex_m,ocu_isco08_7,mts_details_total,2022,46.92
pry,sex_m,ocu_isco08_7,mts_details_total,2023,47.33
pry,sex_m,ocu_isco08_7,mts_details_total,2024,47.68
pry,sex_m,ocu_isco08_7,mts_details_union,1998,48.94
pry,sex_m,ocu_isco08_7,mts_details_union,1999,50.94
pry,sex_m,ocu_isco08_7,mts_details_union,2002,51.91
pry,sex_m,ocu_isco08_7,mts_details_union,2003,52.63
pry,sex_m,ocu_isco08_7,mts_details_union,2004,51.37
pry,sex_m,ocu_isco08_7,mts_details_union,2005,52.27
pry,sex_m,ocu_isco08_7,mts_details_union,2006,55.28
pry,sex_m,ocu_isco08_7,mts_details_union,2007,53.95
pry,sex_m,ocu_isco08_7,mts_details_union,2008,53.31
pry,sex_m,ocu_isco08_7,mts_details_union,2009,50.78
pry,sex_m,ocu_isco08_7,mts_details_union,2010,52.83
pry,sex_m,ocu_isco08_7,mts_details_union,2011,54.6
pry,sex_m,ocu_isco08_7,mts_details_union,2012,54.09
pry,sex_m,ocu_isco08_7,mts_details_union,2013,52.67
pry,sex_m,ocu_isco08_7,mts_details_union,2014,50.73
pry,sex_m,ocu_isco08_7,mts_details_union,2015,49.21
pry,sex_m,ocu_isco08_7,mts_details_union,2016,50.09
pry,sex_m,ocu_isco08_7,mts_details_union,2017,49.38
pry,sex_m,ocu_isco08_7,mts_details_union,2018,48.82
pry,sex_m,ocu_isco08_7,mts_details_union,2019,49.12
pry,sex_m,ocu_isco08_7,mts_details_union,2020,46.59
pry,sex_m,ocu_isco08_7,mts_details_union,2021,48.88
pry,sex_m,ocu_isco08_7,mts_details_union,2022,48.31
pry,sex_m,ocu_isco08_7,mts_details_union,2023,48.84
pry,sex_m,ocu_isco08_7,mts_details_union,2024,49.21
pry,sex_m,ocu_isco08_7,mts_details_wid,1999,48.4
pry,sex_m,ocu_isco08_7,mts_details_wid,2003,55.09
pry,sex_m,ocu_isco08_7,mts_details_wid,2014,38.41
pry,sex_m,ocu_isco08_7,mts_details_wid,2015,43.63
pry,sex_m,ocu_isco08_7,mts_details_wid,2016,31.36
pry,sex_m,ocu_isco08_7,mts_details_wid,2017,48.44
pry,sex_m,ocu_isco08_7,mts_details_wid,2018,44.29
pry,sex_m,ocu_isco08_7,mts_details_wid,2019,30.69
pry,sex_m,ocu_isco08_7,mts_details_wid,2021,49.76
pry,sex_m,ocu_isco08_7,mts_details_wid,2022,35.12
pry,sex_m,ocu_isco08_7,mts_details_wid,2023,37.11
pry,sex_m,ocu_isco08_7,mts_details_wid,2024,40.77
pry,sex_m,ocu_isco08_7,mts_details_x,2020,45.21
pry,sex_m,ocu_isco08_7,mts_details_x,2021,46.14
pry,sex_m,ocu_isco08_8,mts_aggregate_1,1998,46.53
pry,sex_m,ocu_isco08_8,mts_aggregate_1,1999,54.43
pry,sex_m,ocu_isco08_8,mts_aggregate_1,2002,57.1
pry,sex_m,ocu_isco08_8,mts_aggregate_1,2003,57.74
pry,sex_m,ocu_isco08_8,mts_aggregate_1,2004,56.47
pry,sex_m,ocu_isco08_8,mts_aggregate_1,2005,50.36
pry,sex_m,ocu_isco08_8,mts_aggregate_1,2006,55.08
pry,sex_m,ocu_isco08_8,mts_aggregate_1,2007,54.28
pry,sex_m,ocu_isco08_8,mts_aggregate_1,2008,57.54
pry,sex_m,ocu_isco08_8,mts_aggregate_1,2009,48.78
pry,sex_m,ocu_isco08_8,mts_aggregate_1,2010,49.66
pry,sex_m,ocu_isco08_8,mts_aggregate_1,2011,53.04
pry,sex_m,ocu_isco08_8,mts_aggregate_1,2012,47.89
pry,sex_m,ocu_isco08_8,mts_aggregate_1,2013,54.07
pry,sex_m,ocu_isco08_8,mts_aggregate_1,2014,53.25
pry,sex_m,ocu_isco08_8,mts_aggregate_1,2015,49.67
pry,sex_m,ocu_isco08_8,mts_aggregate_1,2016,49.59
pry,sex_m,ocu_isco08_8,mts_aggregate_1,2017,48.69
pry,sex_m,ocu_isco08_8,mts_aggregate_1,2018,48.32
pry,sex_m,ocu_isco08_8,mts_aggregate_1,2019,49.85
pry,sex_m,ocu_isco08_8,mts_aggregate_1,2020,51.7
pry,sex_m,ocu_isco08_8,mts_aggregate_1,2021,48.4
pry,sex_m,ocu_isco08_8,mts_aggregate_1,2022,49.44
pry,sex_m,ocu_isco08_8,mts_aggregate_1,2023,49.14
pry,sex_m,ocu_isco08_8,mts_aggregate_1,2024,48.36
pry,sex_m,ocu_isco08_8,mts_aggregate_2,1998,56.13
pry,sex_m,ocu_isco08_8,mts_aggregate_2,1999,58.92
pry,sex_m,ocu_isco08_8,mts_aggregate_2,2002,53.76
pry,sex_m,ocu_isco08_8,mts_aggregate_2,2003,54.93
pry,sex_m,ocu_isco08_8,mts_aggregate_2,2004,57.04
pry,sex_m,ocu_isco08_8,mts_aggregate_2,2005,56.24
pry,sex_m,ocu_isco08_8,mts_aggregate_2,2006,56.28
pry,sex_m,ocu_isco08_8,mts_aggregate_2,2007,57.96
pry,sex_m,ocu_isco08_8,mts_aggregate_2,2008,57.56
pry,sex_m,ocu_isco08_8,mts_aggregate_2,2009,58.68
pry,sex_m,ocu_isco08_8,mts_aggregate_2,2010,54.62
pry,sex_m,ocu_isco08_8,mts_aggregate_2,2011,57.98
pry,sex_m,ocu_isco08_8,mts_aggregate_2,2012,52.41
pry,sex_m,ocu_isco08_8,mts_aggregate_2,2013,57.11
pry,sex_m,ocu_isco08_8,mts_aggregate_2,2014,54.6
pry,sex_m,ocu_isco08_8,mts_aggregate_2,2015,54.14
pry,sex_m,ocu_isco08_8,mts_aggregate_2,2016,53.28
pry,sex_m,ocu_isco08_8,mts_aggregate_2,2017,53.27
pry,sex_m,ocu_isco08_8,mts_aggregate_2,2018,52.32
pry,sex_m,ocu_isco08_8,mts_aggregate_2,2019,51.17
pry,sex_m,ocu_isco08_8,mts_aggregate_2,2020,52.96
pry,sex_m,ocu_isco08_8,mts_aggregate_2,2021,52.6
pry,sex_m,ocu_isco08_8,mts_aggregate_2,2022,51.96
pry,sex_m,ocu_isco08_8,mts_aggregate_2,2023,51.78
pry,sex_m,ocu_isco08_8,mts_aggregate_2,2024,52.18
pry,sex_m,ocu_isco08_8,mts_aggregate_total,1998,54
pry,sex_m,ocu_isco08_8,mts_aggregate_total,1999,57.92
pry,sex_m,ocu_isco08_8,mts_aggregate_total,2002,54.3
pry,sex_m,ocu_isco08_8,mts_aggregate_total,2003,55.61
pry,sex_m,ocu_isco08_8,mts_aggregate_total,2004,56.92
pry,sex_m,ocu_isco08_8,mts_aggregate_total,2005,54.54
pry,sex_m,ocu_isco08_8,mts_aggregate_total,2006,56.04
pry,sex_m,ocu_isco08_8,mts_aggregate_total,2007,57.02
pry,sex_m,ocu_isco08_8,mts_aggregate_total,2008,57.56
pry,sex_m,ocu_isco08_8,mts_aggregate_total,2009,56.32
pry,sex_m,ocu_isco08_8,mts_aggregate_total,2010,53.48
pry,sex_m,ocu_isco08_8,mts_aggregate_total,2011,56.96
pry,sex_m,ocu_isco08_8,mts_aggregate_total,2012,51.15
pry,sex_m,ocu_isco08_8,mts_aggregate_total,2013,56.19
pry,sex_m,ocu_isco08_8,mts_aggregate_total,2014,54.27
pry,sex_m,ocu_isco08_8,mts_aggregate_total,2015,52.71
pry,sex_m,ocu_isco08_8,mts_aggregate_total,2016,52.42
pry,sex_m,ocu_isco08_8,mts_aggregate_total,2017,52.02
pry,sex_m,ocu_isco08_8,mts_aggregate_total,2018,51.18
pry,sex_m,ocu_isco08_8,mts_aggregate_total,2019,50.81
pry,sex_m,ocu_isco08_8,mts_aggregate_total,2020,50.31
pry,sex_m,ocu_isco08_8,mts_aggregate_total,2021,51.04
pry,sex_m,ocu_isco08_8,mts_aggregate_total,2022,51.21
pry,sex_m,ocu_isco08_8,mts_aggregate_total,2023,50.98
pry,sex_m,ocu_isco08_8,mts_aggregate_total,2024,51.09
pry,sex_m,ocu_isco08_8,mts_aggregate_x,2020,49.4
pry,sex_m,ocu_isco08_8,mts_aggregate_x,2021,49.84
pry,sex_m,ocu_isco08_8,mts_details_mrd,1998,56.66
pry,sex_m,ocu_isco08_8,mts_details_mrd,1999,58.6
pry,sex_m,ocu_isco08_8,mts_details_mrd,2002,53.33
pry,sex_m,ocu_isco08_8,mts_details_mrd,2003,53.58
pry,sex_m,ocu_isco08_8,mts_details_mrd,2004,55.72
pry,sex_m,ocu_isco08_8,mts_details_mrd,2005,55.26
pry,sex_m,ocu_isco08_8,mts_details_mrd,2006,53.6
pry,sex_m,ocu_isco08_8,mts_details_mrd,2007,57.28
pry,sex_m,ocu_isco08_8,mts_details_mrd,2008,56.41
pry,sex_m,ocu_isco08_8,mts_details_mrd,2009,59.1
pry,sex_m,ocu_isco08_8,mts_details_mrd,2010,52.08
pry,sex_m,ocu_isco08_8,mts_details_mrd,2011,56.04
pry,sex_m,ocu_isco08_8,mts_details_mrd,2012,51.08
pry,sex_m,ocu_isco08_8,mts_details_mrd,2013,53.74
pry,sex_m,ocu_isco08_8,mts_details_mrd,2014,53.75
pry,sex_m,ocu_isco08_8,mts_details_mrd,2015,54.76
pry,sex_m,ocu_isco08_8,mts_details_mrd,2016,52.91
pry,sex_m,ocu_isco08_8,mts_details_mrd,2017,52.15
pry,sex_m,ocu_isco08_8,mts_details_mrd,2018,50.82
pry,sex_m,ocu_isco08_8,mts_details_mrd,2019,49.96
pry,sex_m,ocu_isco08_8,mts_details_mrd,2020,51.1
pry,sex_m,ocu_isco08_8,mts_details_mrd,2021,50.59
pry,sex_m,ocu_isco08_8,mts_details_mrd,2022,51.85
pry,sex_m,ocu_isco08_8,mts_details_mrd,2023,50.87
pry,sex_m,ocu_isco08_8,mts_details_mrd,2024,50.34
pry,sex_m,ocu_isco08_8,mts_details_sep,2003,59.71
pry,sex_m,ocu_isco08_8,mts_details_sep,2004,57.71
pry,sex_m,ocu_isco08_8,mts_details_sep,2009,43.03
pry,sex_m,ocu_isco08_8,mts_details_sep,2011,59.86
pry,sex_m,ocu_isco08_8,mts_details_sep,2012,48.69
pry,sex_m,ocu_isco08_8,mts_details_sep,2013,64.95
pry,sex_m,ocu_isco08_8,mts_details_sep,2014,46.69
pry,sex_m,ocu_isco08_8,mts_details_sep,2015,55.07
pry,sex_m,ocu_isco08_8,mts_details_sep,2016,52.37
pry,sex_m,ocu_isco08_8,mts_details_sep,2017,50.4
pry,sex_m,ocu_isco08_8,mts_details_sep,2018,45.53
pry,sex_m,ocu_isco08_8,mts_details_sep,2019,49.62
pry,sex_m,ocu_isco08_8,mts_details_sep,2020,41.67
pry,sex_m,ocu_isco08_8,mts_details_sep,2021,45.12
pry,sex_m,ocu_isco08_8,mts_details_sep,2022,45.45
pry,sex_m,ocu_isco08_8,mts_details_sep,2023,47.51
pry,sex_m,ocu_isco08_8,mts_details_sep,2024,48.16
pry,sex_m,ocu_isco08_8,mts_details_sgle,1998,45.4
pry,sex_m,ocu_isco08_8,mts_details_sgle,1999,54.52
pry,sex_m,ocu_isco08_8,mts_details_sgle,2002,58.12
pry,sex_m,ocu_isco08_8,mts_details_sgle,2003,57.69
pry,sex_m,ocu_isco08_8,mts_details_sgle,2004,56.66
pry,sex_m,ocu_isco08_8,mts_details_sgle,2005,50.32
pry,sex_m,ocu_isco08_8,mts_details_sgle,2006,56.2
pry,sex_m,ocu_isco08_8,mts_details_sgle,2007,55.61
pry,sex_m,ocu_isco08_8,mts_details_sgle,2008,56.31
pry,sex_m,ocu_isco08_8,mts_details_sgle,2009,49.3
pry,sex_m,ocu_isco08_8,mts_details_sgle,2010,49.74
pry,sex_m,ocu_isco08_8,mts_details_sgle,2011,52.98
pry,sex_m,ocu_isco08_8,mts_details_sgle,2012,47.69
pry,sex_m,ocu_isco08_8,mts_details_sgle,2013,53.23
pry,sex_m,ocu_isco08_8,mts_details_sgle,2014,54.32
pry,sex_m,ocu_isco08_8,mts_details_sgle,2015,49.27
pry,sex_m,ocu_isco08_8,mts_details_sgle,2016,49.37
pry,sex_m,ocu_isco08_8,mts_details_sgle,2017,48.56
pry,sex_m,ocu_isco08_8,mts_details_sgle,2018,48.57
pry,sex_m,ocu_isco08_8,mts_details_sgle,2019,50.03
pry,sex_m,ocu_isco08_8,mts_details_sgle,2020,52.46
pry,sex_m,ocu_isco08_8,mts_details_sgle,2021,48.96
pry,sex_m,ocu_isco08_8,mts_details_sgle,2022,49.7
pry,sex_m,ocu_isco08_8,mts_details_sgle,2023,49.29
pry,sex_m,ocu_isco08_8,mts_details_sgle,2024,48.34
pry,sex_m,ocu_isco08_8,mts_details_total,1998,54
pry,sex_m,ocu_isco08_8,mts_details_total,1999,57.92
pry,sex_m,ocu_isco08_8,mts_details_total,2002,54.3
pry,sex_m,ocu_isco08_8,mts_details_total,2003,55.61
pry,sex_m,ocu_isco08_8,mts_details_total,2004,56.92
pry,sex_m,ocu_isco08_8,mts_details_total,2005,54.54
pry,sex_m,ocu_isco08_8,mts_details_total,2006,56.04
pry,sex_m,ocu_isco08_8,mts_details_total,2007,57.02
pry,sex_m,ocu_isco08_8,mts_details_total,2008,57.56
pry,sex_m,ocu_isco08_8,mts_details_total,2009,56.32
pry,sex_m,ocu_isco08_8,mts_details_total,2010,53.48
pry,sex_m,ocu_isco08_8,mts_details_total,2011,56.96
pry,sex_m,ocu_isco08_8,mts_details_total,2012,51.15
pry,sex_m,ocu_isco08_8,mts_details_total,2013,56.19
pry,sex_m,ocu_isco08_8,mts_details_total,2014,54.27
pry,sex_m,ocu_isco08_8,mts_details_total,2015,52.71
pry,sex_m,ocu_isco08_8,mts_details_total,2016,52.42
pry,sex_m,ocu_isco08_8,mts_details_total,2017,52.02
pry,sex_m,ocu_isco08_8,mts_details_total,2018,51.18
pry,sex_m,ocu_isco08_8,mts_details_total,2019,50.81
pry,sex_m,ocu_isco08_8,mts_details_total,2020,50.31
pry,sex_m,ocu_isco08_8,mts_details_total,2021,51.04
pry,sex_m,ocu_isco08_8,mts_details_total,2022,51.21
pry,sex_m,ocu_isco08_8,mts_details_total,2023,50.98
pry,sex_m,ocu_isco08_8,mts_details_total,2024,51.09
pry,sex_m,ocu_isco08_8,mts_details_union,1998,55.19
pry,sex_m,ocu_isco08_8,mts_details_union,1999,59.77
pry,sex_m,ocu_isco08_8,mts_details_union,2002,54.76
pry,sex_m,ocu_isco08_8,mts_details_union,2003,57.88
pry,sex_m,ocu_isco08_8,mts_details_union,2004,59.36
pry,sex_m,ocu_isco08_8,mts_details_union,2005,58.31
pry,sex_m,ocu_isco08_8,mts_details_union,2006,59.37
pry,sex_m,ocu_isco08_8,mts_details_union,2007,59.28
pry,sex_m,ocu_isco08_8,mts_details_union,2008,59.9
pry,sex_m,ocu_isco08_8,mts_details_union,2009,57.94
pry,sex_m,ocu_isco08_8,mts_details_union,2010,58.23
pry,sex_m,ocu_isco08_8,mts_details_union,2011,60.8
pry,sex_m,ocu_isco08_8,mts_details_union,2012,54.42
pry,sex_m,ocu_isco08_8,mts_details_union,2013,61.24
pry,sex_m,ocu_isco08_8,mts_details_union,2014,55.57
pry,sex_m,ocu_isco08_8,mts_details_union,2015,53.36
pry,sex_m,ocu_isco08_8,mts_details_union,2016,53.58
pry,sex_m,ocu_isco08_8,mts_details_union,2017,54.39
pry,sex_m,ocu_isco08_8,mts_details_union,2018,53.51
pry,sex_m,ocu_isco08_8,mts_details_union,2019,52.19
pry,sex_m,ocu_isco08_8,mts_details_union,2020,54.19
pry,sex_m,ocu_isco08_8,mts_details_union,2021,54.01
pry,sex_m,ocu_isco08_8,mts_details_union,2022,52.04
pry,sex_m,ocu_isco08_8,mts_details_union,2023,52.48
pry,sex_m,ocu_isco08_8,mts_details_union,2024,53.55
pry,sex_m,ocu_isco08_8,mts_details_wid,2017,43.85
pry,sex_m,ocu_isco08_8,mts_details_wid,2018,48.09
pry,sex_m,ocu_isco08_8,mts_details_wid,2022,58.78
pry,sex_m,ocu_isco08_8,mts_details_wid,2024,50.72
pry,sex_m,ocu_isco08_8,mts_details_x,2020,49.4
pry,sex_m,ocu_isco08_8,mts_details_x,2021,49.84
pry,sex_m,ocu_isco08_9,mts_aggregate_1,1998,48.21
pry,sex_m,ocu_isco08_9,mts_aggregate_1,1999,43.29
pry,sex_m,ocu_isco08_9,mts_aggregate_1,2002,45.99
pry,sex_m,ocu_isco08_9,mts_aggregate_1,2003,46.68
pry,sex_m,ocu_isco08_9,mts_aggregate_1,2004,45.02
pry,sex_m,ocu_isco08_9,mts_aggregate_1,2005,45.03
pry,sex_m,ocu_isco08_9,mts_aggregate_1,2006,49.73
pry,sex_m,ocu_isco08_9,mts_aggregate_1,2007,48.79
pry,sex_m,ocu_isco08_9,mts_aggregate_1,2008,49.33
pry,sex_m,ocu_isco08_9,mts_aggregate_1,2009,45.65
pry,sex_m,ocu_isco08_9,mts_aggregate_1,2010,47.45
pry,sex_m,ocu_isco08_9,mts_aggregate_1,2011,49.56
pry,sex_m,ocu_isco08_9,mts_aggregate_1,2012,45.45
pry,sex_m,ocu_isco08_9,mts_aggregate_1,2013,46.09
pry,sex_m,ocu_isco08_9,mts_aggregate_1,2014,46.41
pry,sex_m,ocu_isco08_9,mts_aggregate_1,2015,42.22
pry,sex_m,ocu_isco08_9,mts_aggregate_1,2016,43.39
pry,sex_m,ocu_isco08_9,mts_aggregate_1,2017,42.84
pry,sex_m,ocu_isco08_9,mts_aggregate_1,2018,43.69
pry,sex_m,ocu_isco08_9,mts_aggregate_1,2019,42.79
pry,sex_m,ocu_isco08_9,mts_aggregate_1,2020,43.83
pry,sex_m,ocu_isco08_9,mts_aggregate_1,2021,43.77
pry,sex_m,ocu_isco08_9,mts_aggregate_1,2022,44.9
pry,sex_m,ocu_isco08_9,mts_aggregate_1,2023,44.41
pry,sex_m,ocu_isco08_9,mts_aggregate_1,2024,44.21
pry,sex_m,ocu_isco08_9,mts_aggregate_2,1998,45.41
pry,sex_m,ocu_isco08_9,mts_aggregate_2,1999,49.9
pry,sex_m,ocu_isco08_9,mts_aggregate_2,2002,49.74
pry,sex_m,ocu_isco08_9,mts_aggregate_2,2003,51.59
pry,sex_m,ocu_isco08_9,mts_aggregate_2,2004,51.17
pry,sex_m,ocu_isco08_9,mts_aggregate_2,2005,50.88
pry,sex_m,ocu_isco08_9,mts_aggregate_2,2006,52.88
pry,sex_m,ocu_isco08_9,mts_aggregate_2,2007,51.73
pry,sex_m,ocu_isco08_9,mts_aggregate_2,2008,50.39
pry,sex_m,ocu_isco08_9,mts_aggregate_2,2009,51.58
pry,sex_m,ocu_isco08_9,mts_aggregate_2,2010,51.59
pry,sex_m,ocu_isco08_9,mts_aggregate_2,2011,52.69
pry,sex_m,ocu_isco08_9,mts_aggregate_2,2012,52.38
pry,sex_m,ocu_isco08_9,mts_aggregate_2,2013,47.88
pry,sex_m,ocu_isco08_9,mts_aggregate_2,2014,50.44
pry,sex_m,ocu_isco08_9,mts_aggregate_2,2015,48.07
pry,sex_m,ocu_isco08_9,mts_aggregate_2,2016,48.88
pry,sex_m,ocu_isco08_9,mts_aggregate_2,2017,47.64
pry,sex_m,ocu_isco08_9,mts_aggregate_2,2018,46.73
pry,sex_m,ocu_isco08_9,mts_aggregate_2,2019,46.76
pry,sex_m,ocu_isco08_9,mts_aggregate_2,2020,44.89
pry,sex_m,ocu_isco08_9,mts_aggregate_2,2021,47.84
pry,sex_m,ocu_isco08_9,mts_aggregate_2,2022,47.49
pry,sex_m,ocu_isco08_9,mts_aggregate_2,2023,47.85
pry,sex_m,ocu_isco08_9,mts_aggregate_2,2024,47.57
pry,sex_m,ocu_isco08_9,mts_aggregate_total,1998,46.95
pry,sex_m,ocu_isco08_9,mts_aggregate_total,1999,47.37
pry,sex_m,ocu_isco08_9,mts_aggregate_total,2002,47.87
pry,sex_m,ocu_isco08_9,mts_aggregate_total,2003,49.22
pry,sex_m,ocu_isco08_9,mts_aggregate_total,2004,47.93
pry,sex_m,ocu_isco08_9,mts_aggregate_total,2005,47.73
pry,sex_m,ocu_isco08_9,mts_aggregate_total,2006,51.23
pry,sex_m,ocu_isco08_9,mts_aggregate_total,2007,50.31
pry,sex_m,ocu_isco08_9,mts_aggregate_total,2008,49.83
pry,sex_m,ocu_isco08_9,mts_aggregate_total,2009,48.05
pry,sex_m,ocu_isco08_9,mts_aggregate_total,2010,49.48
pry,sex_m,ocu_isco08_9,mts_aggregate_total,2011,51.08
pry,sex_m,ocu_isco08_9,mts_aggregate_total,2012,48.81
pry,sex_m,ocu_isco08_9,mts_aggregate_total,2013,46.9
pry,sex_m,ocu_isco08_9,mts_aggregate_total,2014,48.34
pry,sex_m,ocu_isco08_9,mts_aggregate_total,2015,44.98
pry,sex_m,ocu_isco08_9,mts_aggregate_total,2016,46.22
pry,sex_m,ocu_isco08_9,mts_aggregate_total,2017,45.09
pry,sex_m,ocu_isco08_9,mts_aggregate_total,2018,45.09
pry,sex_m,ocu_isco08_9,mts_aggregate_total,2019,44.58
pry,sex_m,ocu_isco08_9,mts_aggregate_total,2020,43.92
pry,sex_m,ocu_isco08_9,mts_aggregate_total,2021,45.29
pry,sex_m,ocu_isco08_9,mts_aggregate_total,2022,46.18
pry,sex_m,ocu_isco08_9,mts_aggregate_total,2023,46.05
pry,sex_m,ocu_isco08_9,mts_aggregate_total,2024,45.79
pry,sex_m,ocu_isco08_9,mts_aggregate_x,2020,43.76
pry,sex_m,ocu_isco08_9,mts_aggregate_x,2021,44.29
pry,sex_m,ocu_isco08_9,mts_details_mrd,1998,46.31
pry,sex_m,ocu_isco08_9,mts_details_mrd,1999,49.46
pry,sex_m,ocu_isco08_9,mts_details_mrd,2002,48.88
pry,sex_m,ocu_isco08_9,mts_details_mrd,2003,51.41
pry,sex_m,ocu_isco08_9,mts_details_mrd,2004,51.9
pry,sex_m,ocu_isco08_9,mts_details_mrd,2005,51.84
pry,sex_m,ocu_isco08_9,mts_details_mrd,2006,51.15
pry,sex_m,ocu_isco08_9,mts_details_mrd,2007,52.84
pry,sex_m,ocu_isco08_9,mts_details_mrd,2008,49.57
pry,sex_m,ocu_isco08_9,mts_details_mrd,2009,50.38
pry,sex_m,ocu_isco08_9,mts_details_mrd,2010,50.89
pry,sex_m,ocu_isco08_9,mts_details_mrd,2011,52.29
pry,sex_m,ocu_isco08_9,mts_details_mrd,2012,52.24
pry,sex_m,ocu_isco08_9,mts_details_mrd,2013,47.14
pry,sex_m,ocu_isco08_9,mts_details_mrd,2014,50.05
pry,sex_m,ocu_isco08_9,mts_details_mrd,2015,47.5
pry,sex_m,ocu_isco08_9,mts_details_mrd,2016,48.65
pry,sex_m,ocu_isco08_9,mts_details_mrd,2017,47.73
pry,sex_m,ocu_isco08_9,mts_details_mrd,2018,48.15
pry,sex_m,ocu_isco08_9,mts_details_mrd,2019,47.34
pry,sex_m,ocu_isco08_9,mts_details_mrd,2020,45.04
pry,sex_m,ocu_isco08_9,mts_details_mrd,2021,46.77
pry,sex_m,ocu_isco08_9,mts_details_mrd,2022,46.79
pry,sex_m,ocu_isco08_9,mts_details_mrd,2023,46.91
pry,sex_m,ocu_isco08_9,mts_details_mrd,2024,46.45
pry,sex_m,ocu_isco08_9,mts_details_sep,2002,55.95
pry,sex_m,ocu_isco08_9,mts_details_sep,2003,40.05
pry,sex_m,ocu_isco08_9,mts_details_sep,2004,42.14
pry,sex_m,ocu_isco08_9,mts_details_sep,2005,44.48
pry,sex_m,ocu_isco08_9,mts_details_sep,2006,50.07
pry,sex_m,ocu_isco08_9,mts_details_sep,2007,35.97
pry,sex_m,ocu_isco08_9,mts_details_sep,2008,57.74
pry,sex_m,ocu_isco08_9,mts_details_sep,2010,59.3
pry,sex_m,ocu_isco08_9,mts_details_sep,2011,62.79
pry,sex_m,ocu_isco08_9,mts_details_sep,2012,46.02
pry,sex_m,ocu_isco08_9,mts_details_sep,2013,56.22
pry,sex_m,ocu_isco08_9,mts_details_sep,2014,48.68
pry,sex_m,ocu_isco08_9,mts_details_sep,2015,43.34
pry,sex_m,ocu_isco08_9,mts_details_sep,2016,38.76
pry,sex_m,ocu_isco08_9,mts_details_sep,2017,39.26
pry,sex_m,ocu_isco08_9,mts_details_sep,2018,47.28
pry,sex_m,ocu_isco08_9,mts_details_sep,2019,46.41
pry,sex_m,ocu_isco08_9,mts_details_sep,2020,43.92
pry,sex_m,ocu_isco08_9,mts_details_sep,2021,45.04
pry,sex_m,ocu_isco08_9,mts_details_sep,2022,40.91
pry,sex_m,ocu_isco08_9,mts_details_sep,2023,46.51
pry,sex_m,ocu_isco08_9,mts_details_sep,2024,44.05
pry,sex_m,ocu_isco08_9,mts_details_sgle,1998,48.2
pry,sex_m,ocu_isco08_9,mts_details_sgle,1999,42.77
pry,sex_m,ocu_isco08_9,mts_details_sgle,2002,45.8
pry,sex_m,ocu_isco08_9,mts_details_sgle,2003,46.81
pry,sex_m,ocu_isco08_9,mts_details_sgle,2004,45.06
pry,sex_m,ocu_isco08_9,mts_details_sgle,2005,45.03
pry,sex_m,ocu_isco08_9,mts_details_sgle,2006,49.67
pry,sex_m,ocu_isco08_9,mts_details_sgle,2007,49.23
pry,sex_m,ocu_isco08_9,mts_details_sgle,2008,49.02
pry,sex_m,ocu_isco08_9,mts_details_sgle,2009,45.73
pry,sex_m,ocu_isco08_9,mts_details_sgle,2010,47.1
pry,sex_m,ocu_isco08_9,mts_details_sgle,2011,49.01
pry,sex_m,ocu_isco08_9,mts_details_sgle,2012,45.46
pry,sex_m,ocu_isco08_9,mts_details_sgle,2013,45.87
pry,sex_m,ocu_isco08_9,mts_details_sgle,2014,46.3
pry,sex_m,ocu_isco08_9,mts_details_sgle,2015,42.23
pry,sex_m,ocu_isco08_9,mts_details_sgle,2016,43.56
pry,sex_m,ocu_isco08_9,mts_details_sgle,2017,42.93
pry,sex_m,ocu_isco08_9,mts_details_sgle,2018,43.48
pry,sex_m,ocu_isco08_9,mts_details_sgle,2019,42.8
pry,sex_m,ocu_isco08_9,mts_details_sgle,2020,44.04
pry,sex_m,ocu_isco08_9,mts_details_sgle,2021,43.74
pry,sex_m,ocu_isco08_9,mts_details_sgle,2022,44.99
pry,sex_m,ocu_isco08_9,mts_details_sgle,2023,44.3
pry,sex_m,ocu_isco08_9,mts_details_sgle,2024,44.33
pry,sex_m,ocu_isco08_9,mts_details_total,1998,46.95
pry,sex_m,ocu_isco08_9,mts_details_total,1999,47.37
pry,sex_m,ocu_isco08_9,mts_details_total,2002,47.87
pry,sex_m,ocu_isco08_9,mts_details_total,2003,49.22
pry,sex_m,ocu_isco08_9,mts_details_total,2004,47.93
pry,sex_m,ocu_isco08_9,mts_details_total,2005,47.73
pry,sex_m,ocu_isco08_9,mts_details_total,2006,51.23
pry,sex_m,ocu_isco08_9,mts_details_total,2007,50.31
pry,sex_m,ocu_isco08_9,mts_details_total,2008,49.83
pry,sex_m,ocu_isco08_9,mts_details_total,2009,48.05
pry,sex_m,ocu_isco08_9,mts_details_total,2010,49.48
pry,sex_m,ocu_isco08_9,mts_details_total,2011,51.08
pry,sex_m,ocu_isco08_9,mts_details_total,2012,48.81
pry,sex_m,ocu_isco08_9,mts_details_total,2013,46.9
pry,sex_m,ocu_isco08_9,mts_details_total,2014,48.34
pry,sex_m,ocu_isco08_9,mts_details_total,2015,44.98
pry,sex_m,ocu_isco08_9,mts_details_total,2016,46.22
pry,sex_m,ocu_isco08_9,mts_details_total,2017,45.09
pry,sex_m,ocu_isco08_9,mts_details_total,2018,45.09
pry,sex_m,ocu_isco08_9,mts_details_total,2019,44.58
pry,sex_m,ocu_isco08_9,mts_details_total,2020,43.92
pry,sex_m,ocu_isco08_9,mts_details_total,2021,45.29
pry,sex_m,ocu_isco08_9,mts_details_total,2022,46.18
pry,sex_m,ocu_isco08_9,mts_details_total,2023,46.05
pry,sex_m,ocu_isco08_9,mts_details_total,2024,45.79
pry,sex_m,ocu_isco08_9,mts_details_union,1998,44.33
pry,sex_m,ocu_isco08_9,mts_details_union,1999,51.02
pry,sex_m,ocu_isco08_9,mts_details_union,2002,50.77
pry,sex_m,ocu_isco08_9,mts_details_union,2003,51.79
pry,sex_m,ocu_isco08_9,mts_details_union,2004,50.35
pry,sex_m,ocu_isco08_9,mts_details_union,2005,49.73
pry,sex_m,ocu_isco08_9,mts_details_union,2006,54.89
pry,sex_m,ocu_isco08_9,mts_details_union,2007,50.16
pry,sex_m,ocu_isco08_9,mts_details_union,2008,51.01
pry,sex_m,ocu_isco08_9,mts_details_union,2009,52.93
pry,sex_m,ocu_isco08_9,mts_details_union,2010,52.19
pry,sex_m,ocu_isco08_9,mts_details_union,2011,53.1
pry,sex_m,ocu_isco08_9,mts_details_union,2012,52.51
pry,sex_m,ocu_isco08_9,mts_details_union,2013,48.45
pry,sex_m,ocu_isco08_9,mts_details_union,2014,50.73
pry,sex_m,ocu_isco08_9,mts_details_union,2015,48.53
pry,sex_m,ocu_isco08_9,mts_details_union,2016,49
pry,sex_m,ocu_isco08_9,mts_details_union,2017,47.58
pry,sex_m,ocu_isco08_9,mts_details_union,2018,46.01
pry,sex_m,ocu_isco08_9,mts_details_union,2019,46.44
pry,sex_m,ocu_isco08_9,mts_details_union,2020,44.82
pry,sex_m,ocu_isco08_9,mts_details_union,2021,48.36
pry,sex_m,ocu_isco08_9,mts_details_union,2022,47.82
pry,sex_m,ocu_isco08_9,mts_details_union,2023,48.32
pry,sex_m,ocu_isco08_9,mts_details_union,2024,48.05
pry,sex_m,ocu_isco08_9,mts_details_wid,2003,48.59
pry,sex_m,ocu_isco08_9,mts_details_wid,2004,46.28
pry,sex_m,ocu_isco08_9,mts_details_wid,2007,48.59
pry,sex_m,ocu_isco08_9,mts_details_wid,2008,42.63
pry,sex_m,ocu_isco08_9,mts_details_wid,2009,43.89
pry,sex_m,ocu_isco08_9,mts_details_wid,2011,47.21
pry,sex_m,ocu_isco08_9,mts_details_wid,2012,44.39
pry,sex_m,ocu_isco08_9,mts_details_wid,2016,39.59
pry,sex_m,ocu_isco08_9,mts_details_wid,2017,46.04
pry,sex_m,ocu_isco08_9,mts_details_wid,2018,47.79
pry,sex_m,ocu_isco08_9,mts_details_wid,2019,34.7
pry,sex_m,ocu_isco08_9,mts_details_wid,2020,34.4
pry,sex_m,ocu_isco08_9,mts_details_wid,2021,42.44
pry,sex_m,ocu_isco08_9,mts_details_wid,2022,44.73
pry,sex_m,ocu_isco08_9,mts_details_wid,2023,47.65
pry,sex_m,ocu_isco08_9,mts_details_wid,2024,38.39
pry,sex_m,ocu_isco08_9,mts_details_x,2020,43.76
pry,sex_m,ocu_isco08_9,mts_details_x,2021,44.29
pry,sex_m,ocu_isco08_total,mts_aggregate_1,1998,45.25
pry,sex_m,ocu_isco08_total,mts_aggregate_1,1999,44.26
pry,sex_m,ocu_isco08_total,mts_aggregate_1,2002,46.47
pry,sex_m,ocu_isco08_total,mts_aggregate_1,2003,47
pry,sex_m,ocu_isco08_total,mts_aggregate_1,2004,45.93
pry,sex_m,ocu_isco08_total,mts_aggregate_1,2005,47.33
pry,sex_m,ocu_isco08_total,mts_aggregate_1,2006,49.22
pry,sex_m,ocu_isco08_total,mts_aggregate_1,2007,48.92
pry,sex_m,ocu_isco08_total,mts_aggregate_1,2008,48.17
pry,sex_m,ocu_isco08_total,mts_aggregate_1,2009,47
pry,sex_m,ocu_isco08_total,mts_aggregate_1,2010,48.26
pry,sex_m,ocu_isco08_total,mts_aggregate_1,2011,49.53
pry,sex_m,ocu_isco08_total,mts_aggregate_1,2012,47.05
pry,sex_m,ocu_isco08_total,mts_aggregate_1,2013,47.01
pry,sex_m,ocu_isco08_total,mts_aggregate_1,2014,47.37
pry,sex_m,ocu_isco08_total,mts_aggregate_1,2015,45.34
pry,sex_m,ocu_isco08_total,mts_aggregate_1,2016,45.78
pry,sex_m,ocu_isco08_total,mts_aggregate_1,2017,44.88
pry,sex_m,ocu_isco08_total,mts_aggregate_1,2018,44.55
pry,sex_m,ocu_isco08_total,mts_aggregate_1,2019,44.18
pry,sex_m,ocu_isco08_total,mts_aggregate_1,2020,44.28
pry,sex_m,ocu_isco08_total,mts_aggregate_1,2021,44.36
pry,sex_m,ocu_isco08_total,mts_aggregate_1,2022,45.17
pry,sex_m,ocu_isco08_total,mts_aggregate_1,2023,45.24
pry,sex_m,ocu_isco08_total,mts_aggregate_1,2024,45.03
pry,sex_m,ocu_isco08_total,mts_aggregate_2,1998,50.15
pry,sex_m,ocu_isco08_total,mts_aggregate_2,1999,49.37
pry,sex_m,ocu_isco08_total,mts_aggregate_2,2002,51.09
pry,sex_m,ocu_isco08_total,mts_aggregate_2,2003,50.84
pry,sex_m,ocu_isco08_total,mts_aggregate_2,2004,51.12
pry,sex_m,ocu_isco08_total,mts_aggregate_2,2005,52.06
pry,sex_m,ocu_isco08_total,mts_aggregate_2,2006,52.46
pry,sex_m,ocu_isco08_total,mts_aggregate_2,2007,52.77
pry,sex_m,ocu_isco08_total,mts_aggregate_2,2008,51.8
pry,sex_m,ocu_isco08_total,mts_aggregate_2,2009,51.46
pry,sex_m,ocu_isco08_total,mts_aggregate_2,2010,51.01
pry,sex_m,ocu_isco08_total,mts_aggregate_2,2011,52.69
pry,sex_m,ocu_isco08_total,mts_aggregate_2,2012,51.07
pry,sex_m,ocu_isco08_total,mts_aggregate_2,2013,50.45
pry,sex_m,ocu_isco08_total,mts_aggregate_2,2014,50.79
pry,sex_m,ocu_isco08_total,mts_aggregate_2,2015,48.99
pry,sex_m,ocu_isco08_total,mts_aggregate_2,2016,49.53
pry,sex_m,ocu_isco08_total,mts_aggregate_2,2017,48.63
pry,sex_m,ocu_isco08_total,mts_aggregate_2,2018,47.97
pry,sex_m,ocu_isco08_total,mts_aggregate_2,2019,47.73
pry,sex_m,ocu_isco08_total,mts_aggregate_2,2020,46.69
pry,sex_m,ocu_isco08_total,mts_aggregate_2,2021,47.78
pry,sex_m,ocu_isco08_total,mts_aggregate_2,2022,47.26
pry,sex_m,ocu_isco08_total,mts_aggregate_2,2023,47.93
pry,sex_m,ocu_isco08_total,mts_aggregate_2,2024,48.15
pry,sex_m,ocu_isco08_total,mts_aggregate_total,1998,48.22
pry,sex_m,ocu_isco08_total,mts_aggregate_total,1999,47.39
pry,sex_m,ocu_isco08_total,mts_aggregate_total,2002,49.35
pry,sex_m,ocu_isco08_total,mts_aggregate_total,2003,49.33
pry,sex_m,ocu_isco08_total,mts_aggregate_total,2004,49
pry,sex_m,ocu_isco08_total,mts_aggregate_total,2005,50.06
pry,sex_m,ocu_isco08_total,mts_aggregate_total,2006,51.13
pry,sex_m,ocu_isco08_total,mts_aggregate_total,2007,51.21
pry,sex_m,ocu_isco08_total,mts_aggregate_total,2008,50.31
pry,sex_m,ocu_isco08_total,mts_aggregate_total,2009,49.51
pry,sex_m,ocu_isco08_total,mts_aggregate_total,2010,49.86
pry,sex_m,ocu_isco08_total,mts_aggregate_total,2011,51.39
pry,sex_m,ocu_isco08_total,mts_aggregate_total,2012,49.38
pry,sex_m,ocu_isco08_total,mts_aggregate_total,2013,49.02
pry,sex_m,ocu_isco08_total,mts_aggregate_total,2014,49.3
pry,sex_m,ocu_isco08_total,mts_aggregate_total,2015,47.47
pry,sex_m,ocu_isco08_total,mts_aggregate_total,2016,48.05
pry,sex_m,ocu_isco08_total,mts_aggregate_total,2017,47.13
pry,sex_m,ocu_isco08_total,mts_aggregate_total,2018,46.57
pry,sex_m,ocu_isco08_total,mts_aggregate_total,2019,46.29
pry,sex_m,ocu_isco08_total,mts_aggregate_total,2020,45.5
pry,sex_m,ocu_isco08_total,mts_aggregate_total,2021,46.06
pry,sex_m,ocu_isco08_total,mts_aggregate_total,2022,46.41
pry,sex_m,ocu_isco08_total,mts_aggregate_total,2023,46.8
pry,sex_m,ocu_isco08_total,mts_aggregate_total,2024,46.83
pry,sex_m,ocu_isco08_total,mts_aggregate_x,2020,45.4
pry,sex_m,ocu_isco08_total,mts_aggregate_x,2021,45.15
pry,sex_m,ocu_isco08_total,mts_details_mrd,1998,49.39
pry,sex_m,ocu_isco08_total,mts_details_mrd,1999,48.41
pry,sex_m,ocu_isco08_total,mts_details_mrd,2002,50.62
pry,sex_m,ocu_isco08_total,mts_details_mrd,2003,49.98
pry,sex_m,ocu_isco08_total,mts_details_mrd,2004,50.52
pry,sex_m,ocu_isco08_total,mts_details_mrd,2005,51.23
pry,sex_m,ocu_isco08_total,mts_details_mrd,2006,49.59
pry,sex_m,ocu_isco08_total,mts_details_mrd,2007,51.89
pry,sex_m,ocu_isco08_total,mts_details_mrd,2008,50.96
pry,sex_m,ocu_isco08_total,mts_details_mrd,2009,50.27
pry,sex_m,ocu_isco08_total,mts_details_mrd,2010,49.29
pry,sex_m,ocu_isco08_total,mts_details_mrd,2011,51.36
pry,sex_m,ocu_isco08_total,mts_details_mrd,2012,48.7
pry,sex_m,ocu_isco08_total,mts_details_mrd,2013,49.03
pry,sex_m,ocu_isco08_total,mts_details_mrd,2014,49.25
pry,sex_m,ocu_isco08_total,mts_details_mrd,2015,47.57
pry,sex_m,ocu_isco08_total,mts_details_mrd,2016,48.22
pry,sex_m,ocu_isco08_total,mts_details_mrd,2017,47.31
pry,sex_m,ocu_isco08_total,mts_details_mrd,2018,46.83
pry,sex_m,ocu_isco08_total,mts_details_mrd,2019,46.18
pry,sex_m,ocu_isco08_total,mts_details_mrd,2020,45.4
pry,sex_m,ocu_isco08_total,mts_details_mrd,2021,46.09
pry,sex_m,ocu_isco08_total,mts_details_mrd,2022,45.91
pry,sex_m,ocu_isco08_total,mts_details_mrd,2023,46.5
pry,sex_m,ocu_isco08_total,mts_details_mrd,2024,46.5
pry,sex_m,ocu_isco08_total,mts_details_sep,1998,51.78
pry,sex_m,ocu_isco08_total,mts_details_sep,1999,47.14
pry,sex_m,ocu_isco08_total,mts_details_sep,2002,54.29
pry,sex_m,ocu_isco08_total,mts_details_sep,2003,45.64
pry,sex_m,ocu_isco08_total,mts_details_sep,2004,47.44
pry,sex_m,ocu_isco08_total,mts_details_sep,2005,48.18
pry,sex_m,ocu_isco08_total,mts_details_sep,2006,46.05
pry,sex_m,ocu_isco08_total,mts_details_sep,2007,46.01
pry,sex_m,ocu_isco08_total,mts_details_sep,2008,50.23
pry,sex_m,ocu_isco08_total,mts_details_sep,2009,38.46
pry,sex_m,ocu_isco08_total,mts_details_sep,2010,52.18
pry,sex_m,ocu_isco08_total,mts_details_sep,2011,53.63
pry,sex_m,ocu_isco08_total,mts_details_sep,2012,49.32
pry,sex_m,ocu_isco08_total,mts_details_sep,2013,51.02
pry,sex_m,ocu_isco08_total,mts_details_sep,2014,47.29
pry,sex_m,ocu_isco08_total,mts_details_sep,2015,46.75
pry,sex_m,ocu_isco08_total,mts_details_sep,2016,45.09
pry,sex_m,ocu_isco08_total,mts_details_sep,2017,45.96
pry,sex_m,ocu_isco08_total,mts_details_sep,2018,46.48
pry,sex_m,ocu_isco08_total,mts_details_sep,2019,43.99
pry,sex_m,ocu_isco08_total,mts_details_sep,2020,40.61
pry,sex_m,ocu_isco08_total,mts_details_sep,2021,42.53
pry,sex_m,ocu_isco08_total,mts_details_sep,2022,45.15
pry,sex_m,ocu_isco08_total,mts_details_sep,2023,41.14
pry,sex_m,ocu_isco08_total,mts_details_sep,2024,44.92
pry,sex_m,ocu_isco08_total,mts_details_sgle,1998,44.98
pry,sex_m,ocu_isco08_total,mts_details_sgle,1999,44.19
pry,sex_m,ocu_isco08_total,mts_details_sgle,2002,46.15
pry,sex_m,ocu_isco08_total,mts_details_sgle,2003,47.04
pry,sex_m,ocu_isco08_total,mts_details_sgle,2004,45.89
pry,sex_m,ocu_isco08_total,mts_details_sgle,2005,47.13
pry,sex_m,ocu_isco08_total,mts_details_sgle,2006,49.41
pry,sex_m,ocu_isco08_total,mts_details_sgle,2007,49.06
pry,sex_m,ocu_isco08_total,mts_details_sgle,2008,48.21
pry,sex_m,ocu_isco08_total,mts_details_sgle,2009,47.38
pry,sex_m,ocu_isco08_total,mts_details_sgle,2010,48.11
pry,sex_m,ocu_isco08_total,mts_details_sgle,2011,49.36
pry,sex_m,ocu_isco08_total,mts_details_sgle,2012,46.97
pry,sex_m,ocu_isco08_total,mts_details_sgle,2013,46.98
pry,sex_m,ocu_isco08_total,mts_details_sgle,2014,47.43
pry,sex_m,ocu_isco08_total,mts_details_sgle,2015,45.24
pry,sex_m,ocu_isco08_total,mts_details_sgle,2016,45.8
pry,sex_m,ocu_isco08_total,mts_details_sgle,2017,44.83
pry,sex_m,ocu_isco08_total,mts_details_sgle,2018,44.47
pry,sex_m,ocu_isco08_total,mts_details_sgle,2019,44.23
pry,sex_m,ocu_isco08_total,mts_details_sgle,2020,44.57
pry,sex_m,ocu_isco08_total,mts_details_sgle,2021,44.48
pry,sex_m,ocu_isco08_total,mts_details_sgle,2022,45.2
pry,sex_m,ocu_isco08_total,mts_details_sgle,2023,45.45
pry,sex_m,ocu_isco08_total,mts_details_sgle,2024,45.07
pry,sex_m,ocu_isco08_total,mts_details_total,1998,48.22
pry,sex_m,ocu_isco08_total,mts_details_total,1999,47.39
pry,sex_m,ocu_isco08_total,mts_details_total,2002,49.35
pry,sex_m,ocu_isco08_total,mts_details_total,2003,49.33
pry,sex_m,ocu_isco08_total,mts_details_total,2004,49
pry,sex_m,ocu_isco08_total,mts_details_total,2005,50.06
pry,sex_m,ocu_isco08_total,mts_details_total,2006,51.13
pry,sex_m,ocu_isco08_total,mts_details_total,2007,51.21
pry,sex_m,ocu_isco08_total,mts_details_total,2008,50.31
pry,sex_m,ocu_isco08_total,mts_details_total,2009,49.51
pry,sex_m,ocu_isco08_total,mts_details_total,2010,49.86
pry,sex_m,ocu_isco08_total,mts_details_total,2011,51.39
pry,sex_m,ocu_isco08_total,mts_details_total,2012,49.38
pry,sex_m,ocu_isco08_total,mts_details_total,2013,49.02
pry,sex_m,ocu_isco08_total,mts_details_total,2014,49.3
pry,sex_m,ocu_isco08_total,mts_details_total,2015,47.47
pry,sex_m,ocu_isco08_total,mts_details_total,2016,48.05
pry,sex_m,ocu_isco08_total,mts_details_total,2017,47.13
pry,sex_m,ocu_isco08_total,mts_details_total,2018,46.57
pry,sex_m,ocu_isco08_total,mts_details_total,2019,46.29
pry,sex_m,ocu_isco08_total,mts_details_total,2020,45.5
pry,sex_m,ocu_isco08_total,mts_details_total,2021,46.06
pry,sex_m,ocu_isco08_total,mts_details_total,2022,46.41
pry,sex_m,ocu_isco08_total,mts_details_total,2023,46.8
pry,sex_m,ocu_isco08_total,mts_details_total,2024,46.83
pry,sex_m,ocu_isco08_total,mts_details_union,1998,51.76
pry,sex_m,ocu_isco08_total,mts_details_union,1999,51.58
pry,sex_m,ocu_isco08_total,mts_details_union,2002,52
pry,sex_m,ocu_isco08_total,mts_details_union,2003,52.59
pry,sex_m,ocu_isco08_total,mts_details_union,2004,52.06
pry,sex_m,ocu_isco08_total,mts_details_union,2005,53.59
pry,sex_m,ocu_isco08_total,mts_details_union,2006,56.61
pry,sex_m,ocu_isco08_total,mts_details_union,2007,54.29
pry,sex_m,ocu_isco08_total,mts_details_union,2008,53.01
pry,sex_m,ocu_isco08_total,mts_details_union,2009,53.32
pry,sex_m,ocu_isco08_total,mts_details_union,2010,53.38
pry,sex_m,ocu_isco08_total,mts_details_union,2011,54.75
pry,sex_m,ocu_isco08_total,mts_details_union,2012,54.02
pry,sex_m,ocu_isco08_total,mts_details_union,2013,52.47
pry,sex_m,ocu_isco08_total,mts_details_union,2014,52.7
pry,sex_m,ocu_isco08_total,mts_details_union,2015,50.72
pry,sex_m,ocu_isco08_total,mts_details_union,2016,50.75
pry,sex_m,ocu_isco08_total,mts_details_union,2017,49.86
pry,sex_m,ocu_isco08_total,mts_details_union,2018,48.95
pry,sex_m,ocu_isco08_total,mts_details_union,2019,49.06
pry,sex_m,ocu_isco08_total,mts_details_union,2020,47.71
pry,sex_m,ocu_isco08_total,mts_details_union,2021,49.07
pry,sex_m,ocu_isco08_total,mts_details_union,2022,48.33
pry,sex_m,ocu_isco08_total,mts_details_union,2023,49.08
pry,sex_m,ocu_isco08_total,mts_details_union,2024,49.51
pry,sex_m,ocu_isco08_total,mts_details_wid,1998,46.55
pry,sex_m,ocu_isco08_total,mts_details_wid,1999,41.66
pry,sex_m,ocu_isco08_total,mts_details_wid,2002,42.54
pry,sex_m,ocu_isco08_total,mts_details_wid,2003,48.15
pry,sex_m,ocu_isco08_total,mts_details_wid,2004,44.53
pry,sex_m,ocu_isco08_total,mts_details_wid,2005,57.32
pry,sex_m,ocu_isco08_total,mts_details_wid,2006,43.32
pry,sex_m,ocu_isco08_total,mts_details_wid,2007,44.72
pry,sex_m,ocu_isco08_total,mts_details_wid,2008,40.23
pry,sex_m,ocu_isco08_total,mts_details_wid,2009,44.68
pry,sex_m,ocu_isco08_total,mts_details_wid,2010,43.64
pry,sex_m,ocu_isco08_total,mts_details_wid,2011,49.33
pry,sex_m,ocu_isco08_total,mts_details_wid,2012,45.36
pry,sex_m,ocu_isco08_total,mts_details_wid,2013,35.88
pry,sex_m,ocu_isco08_total,mts_details_wid,2014,43.91
pry,sex_m,ocu_isco08_total,mts_details_wid,2015,47.44
pry,sex_m,ocu_isco08_total,mts_details_wid,2016,47.47
pry,sex_m,ocu_isco08_total,mts_details_wid,2017,44.44
pry,sex_m,ocu_isco08_total,mts_details_wid,2018,43.82
pry,sex_m,ocu_isco08_total,mts_details_wid,2019,41.1
pry,sex_m,ocu_isco08_total,mts_details_wid,2020,37.95
pry,sex_m,ocu_isco08_total,mts_details_wid,2021,42.44
pry,sex_m,ocu_isco08_total,mts_details_wid,2022,42.95
pry,sex_m,ocu_isco08_total,mts_details_wid,2023,45.92
pry,sex_m,ocu_isco08_total,mts_details_wid,2024,42.71
pry,sex_m,ocu_isco08_total,mts_details_x,2020,45.4
pry,sex_m,ocu_isco08_total,mts_details_x,2021,45.15
pry,sex_m,ocu_isco08_x,mts_aggregate_1,2017,44.72
pry,sex_m,ocu_isco08_x,mts_aggregate_total,2017,44.72
pry,sex_m,ocu_isco08_x,mts_aggregate_total,2020,36.25
pry,sex_m,ocu_isco08_x,mts_aggregate_total,2021,44.84
pry,sex_m,ocu_isco08_x,mts_aggregate_total,2022,37.69
pry,sex_m,ocu_isco08_x,mts_details_sgle,2017,44.72
pry,sex_m,ocu_isco08_x,mts_details_total,2017,44.72
pry,sex_m,ocu_isco08_x,mts_details_total,2020,36.25
pry,sex_m,ocu_isco08_x,mts_details_total,2021,44.84
pry,sex_m,ocu_isco08_x,mts_details_total,2022,37.69
pry,sex_m,ocu_isco88_0,mts_aggregate_2,2001,50.65
pry,sex_m,ocu_isco88_0,mts_aggregate_total,2001,50.44
pry,sex_m,ocu_isco88_0,mts_details_mrd,2001,50.84
pry,sex_m,ocu_isco88_0,mts_details_total,2001,50.44
pry,sex_m,ocu_isco88_1,mts_aggregate_1,2001,45.76
pry,sex_m,ocu_isco88_1,mts_aggregate_2,2001,50.68
pry,sex_m,ocu_isco88_1,mts_aggregate_total,2001,49.8
pry,sex_m,ocu_isco88_1,mts_details_mrd,2001,50.59
pry,sex_m,ocu_isco88_1,mts_details_sgle,2001,43.17
pry,sex_m,ocu_isco88_1,mts_details_total,2001,49.8
pry,sex_m,ocu_isco88_1,mts_details_union,2001,51.5
pry,sex_m,ocu_isco88_2,mts_aggregate_1,2001,32.25
pry,sex_m,ocu_isco88_2,mts_aggregate_2,2001,34.23
pry,sex_m,ocu_isco88_2,mts_aggregate_total,2001,33.35
pry,sex_m,ocu_isco88_2,mts_details_mrd,2001,34.58
pry,sex_m,ocu_isco88_2,mts_details_sgle,2001,32.66
pry,sex_m,ocu_isco88_2,mts_details_total,2001,33.35
pry,sex_m,ocu_isco88_2,mts_details_union,2001,30.96
pry,sex_m,ocu_isco88_3,mts_aggregate_1,2001,38.58
pry,sex_m,ocu_isco88_3,mts_aggregate_2,2001,40.42
pry,sex_m,ocu_isco88_3,mts_aggregate_total,2001,39.74
pry,sex_m,ocu_isco88_3,mts_details_mrd,2001,41.78
pry,sex_m,ocu_isco88_3,mts_details_sep,2001,43.94
pry,sex_m,ocu_isco88_3,mts_details_sgle,2001,38.71
pry,sex_m,ocu_isco88_3,mts_details_total,2001,39.74
pry,sex_m,ocu_isco88_3,mts_details_union,2001,35.65
pry,sex_m,ocu_isco88_4,mts_aggregate_1,2001,39
pry,sex_m,ocu_isco88_4,mts_aggregate_2,2001,43.93
pry,sex_m,ocu_isco88_4,mts_aggregate_total,2001,41.64
pry,sex_m,ocu_isco88_4,mts_details_mrd,2001,44.81
pry,sex_m,ocu_isco88_4,mts_details_sgle,2001,39
pry,sex_m,ocu_isco88_4,mts_details_total,2001,41.64
pry,sex_m,ocu_isco88_4,mts_details_union,2001,42.06
pry,sex_m,ocu_isco88_5,mts_aggregate_1,2001,54.09
pry,sex_m,ocu_isco88_5,mts_aggregate_2,2001,58.38
pry,sex_m,ocu_isco88_5,mts_aggregate_total,2001,56.37
pry,sex_m,ocu_isco88_5,mts_details_mrd,2001,58.66
pry,sex_m,ocu_isco88_5,mts_details_sep,2001,45.18
pry,sex_m,ocu_isco88_5,mts_details_sgle,2001,54.37
pry,sex_m,ocu_isco88_5,mts_details_total,2001,56.37
pry,sex_m,ocu_isco88_5,mts_details_union,2001,57.27
pry,sex_m,ocu_isco88_6,mts_aggregate_1,2001,41.4
pry,sex_m,ocu_isco88_6,mts_aggregate_2,2001,46.68
pry,sex_m,ocu_isco88_6,mts_aggregate_total,2001,44.55
pry,sex_m,ocu_isco88_6,mts_details_mrd,2001,46.77
pry,sex_m,ocu_isco88_6,mts_details_sgle,2001,39.94
pry,sex_m,ocu_isco88_6,mts_details_total,2001,44.55
pry,sex_m,ocu_isco88_6,mts_details_union,2001,46.47
pry,sex_m,ocu_isco88_7,mts_aggregate_1,2001,49.45
pry,sex_m,ocu_isco88_7,mts_aggregate_2,2001,48.44
pry,sex_m,ocu_isco88_7,mts_aggregate_total,2001,48.85
pry,sex_m,ocu_isco88_7,mts_details_mrd,2001,48.6
pry,sex_m,ocu_isco88_7,mts_details_sep,2001,47.83
pry,sex_m,ocu_isco88_7,mts_details_sgle,2001,49.41
pry,sex_m,ocu_isco88_7,mts_details_total,2001,48.85
pry,sex_m,ocu_isco88_7,mts_details_union,2001,48.24
pry,sex_m,ocu_isco88_7,mts_details_wid,2001,52.86
pry,sex_m,ocu_isco88_8,mts_aggregate_1,2001,53.96
pry,sex_m,ocu_isco88_8,mts_aggregate_2,2001,52.2
pry,sex_m,ocu_isco88_8,mts_aggregate_total,2001,52.54
pry,sex_m,ocu_isco88_8,mts_details_mrd,2001,52.87
pry,sex_m,ocu_isco88_8,mts_details_sep,2001,70.3
pry,sex_m,ocu_isco88_8,mts_details_sgle,2001,48.86
pry,sex_m,ocu_isco88_8,mts_details_total,2001,52.54
pry,sex_m,ocu_isco88_8,mts_details_union,2001,51.03
pry,sex_m,ocu_isco88_9,mts_aggregate_1,2001,43.57
pry,sex_m,ocu_isco88_9,mts_aggregate_2,2001,49.76
pry,sex_m,ocu_isco88_9,mts_aggregate_total,2001,46.47
pry,sex_m,ocu_isco88_9,mts_details_mrd,2001,50.25
pry,sex_m,ocu_isco88_9,mts_details_sep,2001,46.99
pry,sex_m,ocu_isco88_9,mts_details_sgle,2001,43.33
pry,sex_m,ocu_isco88_9,mts_details_total,2001,46.47
pry,sex_m,ocu_isco88_9,mts_details_union,2001,49.11
pry,sex_m,ocu_isco88_9,mts_details_wid,2001,52.32
pry,sex_m,ocu_isco88_total,mts_aggregate_1,2001,45.23
pry,sex_m,ocu_isco88_total,mts_aggregate_2,2001,48.75
pry,sex_m,ocu_isco88_total,mts_aggregate_total,2001,47.29
pry,sex_m,ocu_isco88_total,mts_details_mrd,2001,49.01
pry,sex_m,ocu_isco88_total,mts_details_sep,2001,52.21
pry,sex_m,ocu_isco88_total,mts_details_sgle,2001,44.84
pry,sex_m,ocu_isco88_total,mts_details_total,2001,47.29
pry,sex_m,ocu_isco88_total,mts_details_union,2001,48.22
pry,sex_m,ocu_isco88_total,mts_details_wid,2001,47.55
pry,sex_m,ocu_skill_l1,mts_aggregate_1,1998,48.21
pry,sex_m,ocu_skill_l1,mts_aggregate_1,1999,43.29
pry,sex_m,ocu_skill_l1,mts_aggregate_1,2001,43.57
pry,sex_m,ocu_skill_l1,mts_aggregate_1,2002,45.99
pry,sex_m,ocu_skill_l1,mts_aggregate_1,2003,46.68
pry,sex_m,ocu_skill_l1,mts_aggregate_1,2004,45.02
pry,sex_m,ocu_skill_l1,mts_aggregate_1,2005,45.03
pry,sex_m,ocu_skill_l1,mts_aggregate_1,2006,49.73
pry,sex_m,ocu_skill_l1,mts_aggregate_1,2007,48.79
pry,sex_m,ocu_skill_l1,mts_aggregate_1,2008,49.33
pry,sex_m,ocu_skill_l1,mts_aggregate_1,2009,45.65
pry,sex_m,ocu_skill_l1,mts_aggregate_1,2010,47.45
pry,sex_m,ocu_skill_l1,mts_aggregate_1,2011,49.56
pry,sex_m,ocu_skill_l1,mts_aggregate_1,2012,45.45
pry,sex_m,ocu_skill_l1,mts_aggregate_1,2013,46.09
pry,sex_m,ocu_skill_l1,mts_aggregate_1,2014,46.41
pry,sex_m,ocu_skill_l1,mts_aggregate_1,2015,42.22
pry,sex_m,ocu_skill_l1,mts_aggregate_1,2016,43.39
pry,sex_m,ocu_skill_l1,mts_aggregate_1,2017,42.84
pry,sex_m,ocu_skill_l1,mts_aggregate_1,2018,43.69
pry,sex_m,ocu_skill_l1,mts_aggregate_1,2019,42.79
pry,sex_m,ocu_skill_l1,mts_aggregate_1,2020,43.83
pry,sex_m,ocu_skill_l1,mts_aggregate_1,2021,43.77
pry,sex_m,ocu_skill_l1,mts_aggregate_1,2022,44.9
pry,sex_m,ocu_skill_l1,mts_aggregate_1,2023,44.41
pry,sex_m,ocu_skill_l1,mts_aggregate_1,2024,44.21
pry,sex_m,ocu_skill_l1,mts_aggregate_2,1998,45.41
pry,sex_m,ocu_skill_l1,mts_aggregate_2,1999,49.9
pry,sex_m,ocu_skill_l1,mts_aggregate_2,2001,49.76
pry,sex_m,ocu_skill_l1,mts_aggregate_2,2002,49.74
pry,sex_m,ocu_skill_l1,mts_aggregate_2,2003,51.59
pry,sex_m,ocu_skill_l1,mts_aggregate_2,2004,51.17
pry,sex_m,ocu_skill_l1,mts_aggregate_2,2005,50.88
pry,sex_m,ocu_skill_l1,mts_aggregate_2,2006,52.88
pry,sex_m,ocu_skill_l1,mts_aggregate_2,2007,51.73
pry,sex_m,ocu_skill_l1,mts_aggregate_2,2008,50.39
pry,sex_m,ocu_skill_l1,mts_aggregate_2,2009,51.58
pry,sex_m,ocu_skill_l1,mts_aggregate_2,2010,51.59
pry,sex_m,ocu_skill_l1,mts_aggregate_2,2011,52.69
pry,sex_m,ocu_skill_l1,mts_aggregate_2,2012,52.38
pry,sex_m,ocu_skill_l1,mts_aggregate_2,2013,47.88
pry,sex_m,ocu_skill_l1,mts_aggregate_2,2014,50.44
pry,sex_m,ocu_skill_l1,mts_aggregate_2,2015,48.07
pry,sex_m,ocu_skill_l1,mts_aggregate_2,2016,48.88
pry,sex_m,ocu_skill_l1,mts_aggregate_2,2017,47.64
pry,sex_m,ocu_skill_l1,mts_aggregate_2,2018,46.73
pry,sex_m,ocu_skill_l1,mts_aggregate_2,2019,46.76
pry,sex_m,ocu_skill_l1,mts_aggregate_2,2020,44.89
pry,sex_m,ocu_skill_l1,mts_aggregate_2,2021,47.84
pry,sex_m,ocu_skill_l1,mts_aggregate_2,2022,47.49
pry,sex_m,ocu_skill_l1,mts_aggregate_2,2023,47.85
pry,sex_m,ocu_skill_l1,mts_aggregate_2,2024,47.57
pry,sex_m,ocu_skill_l1,mts_aggregate_total,1998,46.95
pry,sex_m,ocu_skill_l1,mts_aggregate_total,1999,47.37
pry,sex_m,ocu_skill_l1,mts_aggregate_total,2001,46.47
pry,sex_m,ocu_skill_l1,mts_aggregate_total,2002,47.87
pry,sex_m,ocu_skill_l1,mts_aggregate_total,2003,49.22
pry,sex_m,ocu_skill_l1,mts_aggregate_total,2004,47.93
pry,sex_m,ocu_skill_l1,mts_aggregate_total,2005,47.73
pry,sex_m,ocu_skill_l1,mts_aggregate_total,2006,51.23
pry,sex_m,ocu_skill_l1,mts_aggregate_total,2007,50.31
pry,sex_m,ocu_skill_l1,mts_aggregate_total,2008,49.83
pry,sex_m,ocu_skill_l1,mts_aggregate_total,2009,48.05
pry,sex_m,ocu_skill_l1,mts_aggregate_total,2010,49.48
pry,sex_m,ocu_skill_l1,mts_aggregate_total,2011,51.08
pry,sex_m,ocu_skill_l1,mts_aggregate_total,2012,48.81
pry,sex_m,ocu_skill_l1,mts_aggregate_total,2013,46.9
pry,sex_m,ocu_skill_l1,mts_aggregate_total,2014,48.34
pry,sex_m,ocu_skill_l1,mts_aggregate_total,2015,44.98
pry,sex_m,ocu_skill_l1,mts_aggregate_total,2016,46.22
pry,sex_m,ocu_skill_l1,mts_aggregate_total,2017,45.09
pry,sex_m,ocu_skill_l1,mts_aggregate_total,2018,45.09
pry,sex_m,ocu_skill_l1,mts_aggregate_total,2019,44.58
pry,sex_m,ocu_skill_l1,mts_aggregate_total,2020,43.92
pry,sex_m,ocu_skill_l1,mts_aggregate_total,2021,45.29
pry,sex_m,ocu_skill_l1,mts_aggregate_total,2022,46.18
pry,sex_m,ocu_skill_l1,mts_aggregate_total,2023,46.05
pry,sex_m,ocu_skill_l1,mts_aggregate_total,2024,45.79
pry,sex_m,ocu_skill_l1,mts_aggregate_x,2020,43.76
pry,sex_m,ocu_skill_l1,mts_aggregate_x,2021,44.29
pry,sex_m,ocu_skill_l1,mts_details_mrd,1998,46.31
pry,sex_m,ocu_skill_l1,mts_details_mrd,1999,49.46
pry,sex_m,ocu_skill_l1,mts_details_mrd,2001,50.25
pry,sex_m,ocu_skill_l1,mts_details_mrd,2002,48.88
pry,sex_m,ocu_skill_l1,mts_details_mrd,2003,51.41
pry,sex_m,ocu_skill_l1,mts_details_mrd,2004,51.9
pry,sex_m,ocu_skill_l1,mts_details_mrd,2005,51.84
pry,sex_m,ocu_skill_l1,mts_details_mrd,2006,51.15
pry,sex_m,ocu_skill_l1,mts_details_mrd,2007,52.84
pry,sex_m,ocu_skill_l1,mts_details_mrd,2008,49.57
pry,sex_m,ocu_skill_l1,mts_details_mrd,2009,50.38
pry,sex_m,ocu_skill_l1,mts_details_mrd,2010,50.89
pry,sex_m,ocu_skill_l1,mts_details_mrd,2011,52.29
pry,sex_m,ocu_skill_l1,mts_details_mrd,2012,52.24
pry,sex_m,ocu_skill_l1,mts_details_mrd,2013,47.14
pry,sex_m,ocu_skill_l1,mts_details_mrd,2014,50.05
pry,sex_m,ocu_skill_l1,mts_details_mrd,2015,47.5
pry,sex_m,ocu_skill_l1,mts_details_mrd,2016,48.65
pry,sex_m,ocu_skill_l1,mts_details_mrd,2017,47.73
pry,sex_m,ocu_skill_l1,mts_details_mrd,2018,48.15
pry,sex_m,ocu_skill_l1,mts_details_mrd,2019,47.34
pry,sex_m,ocu_skill_l1,mts_details_mrd,2020,45.04
pry,sex_m,ocu_skill_l1,mts_details_mrd,2021,46.77
pry,sex_m,ocu_skill_l1,mts_details_mrd,2022,46.79
pry,sex_m,ocu_skill_l1,mts_details_mrd,2023,46.91
pry,sex_m,ocu_skill_l1,mts_details_mrd,2024,46.45
pry,sex_m,ocu_skill_l1,mts_details_sep,2001,46.99
pry,sex_m,ocu_skill_l1,mts_details_sep,2002,55.95
pry,sex_m,ocu_skill_l1,mts_details_sep,2003,40.05
pry,sex_m,ocu_skill_l1,mts_details_sep,2004,42.14
pry,sex_m,ocu_skill_l1,mts_details_sep,2005,44.48
pry,sex_m,ocu_skill_l1,mts_details_sep,2006,50.07
pry,sex_m,ocu_skill_l1,mts_details_sep,2007,35.97
pry,sex_m,ocu_skill_l1,mts_details_sep,2008,57.74
pry,sex_m,ocu_skill_l1,mts_details_sep,2010,59.3
pry,sex_m,ocu_skill_l1,mts_details_sep,2011,62.79
pry,sex_m,ocu_skill_l1,mts_details_sep,2012,46.02
pry,sex_m,ocu_skill_l1,mts_details_sep,2013,56.22
pry,sex_m,ocu_skill_l1,mts_details_sep,2014,48.68
pry,sex_m,ocu_skill_l1,mts_details_sep,2015,43.34
pry,sex_m,ocu_skill_l1,mts_details_sep,2016,38.76
pry,sex_m,ocu_skill_l1,mts_details_sep,2017,39.26
pry,sex_m,ocu_skill_l1,mts_details_sep,2018,47.28
pry,sex_m,ocu_skill_l1,mts_details_sep,2019,46.41
pry,sex_m,ocu_skill_l1,mts_details_sep,2020,43.92
pry,sex_m,ocu_skill_l1,mts_details_sep,2021,45.04
pry,sex_m,ocu_skill_l1,mts_details_sep,2022,40.91
pry,sex_m,ocu_skill_l1,mts_details_sep,2023,46.51
pry,sex_m,ocu_skill_l1,mts_details_sep,2024,44.05
pry,sex_m,ocu_skill_l1,mts_details_sgle,1998,48.2
pry,sex_m,ocu_skill_l1,mts_details_sgle,1999,42.77
pry,sex_m,ocu_skill_l1,mts_details_sgle,2001,43.33
pry,sex_m,ocu_skill_l1,mts_details_sgle,2002,45.8
pry,sex_m,ocu_skill_l1,mts_details_sgle,2003,46.81
pry,sex_m,ocu_skill_l1,mts_details_sgle,2004,45.06
pry,sex_m,ocu_skill_l1,mts_details_sgle,2005,45.03
pry,sex_m,ocu_skill_l1,mts_details_sgle,2006,49.67
pry,sex_m,ocu_skill_l1,mts_details_sgle,2007,49.23
pry,sex_m,ocu_skill_l1,mts_details_sgle,2008,49.02
pry,sex_m,ocu_skill_l1,mts_details_sgle,2009,45.73
pry,sex_m,ocu_skill_l1,mts_details_sgle,2010,47.1
pry,sex_m,ocu_skill_l1,mts_details_sgle,2011,49.01
pry,sex_m,ocu_skill_l1,mts_details_sgle,2012,45.46
pry,sex_m,ocu_skill_l1,mts_details_sgle,2013,45.87
pry,sex_m,ocu_skill_l1,mts_details_sgle,2014,46.3
pry,sex_m,ocu_skill_l1,mts_details_sgle,2015,42.23
pry,sex_m,ocu_skill_l1,mts_details_sgle,2016,43.56
pry,sex_m,ocu_skill_l1,mts_details_sgle,2017,42.93
pry,sex_m,ocu_skill_l1,mts_details_sgle,2018,43.48
pry,sex_m,ocu_skill_l1,mts_details_sgle,2019,42.8
pry,sex_m,ocu_skill_l1,mts_details_sgle,2020,44.04
pry,sex_m,ocu_skill_l1,mts_details_sgle,2021,43.74
pry,sex_m,ocu_skill_l1,mts_details_sgle,2022,44.99
pry,sex_m,ocu_skill_l1,mts_details_sgle,2023,44.3
pry,sex_m,ocu_skill_l1,mts_details_sgle,2024,44.33
pry,sex_m,ocu_skill_l1,mts_details_total,1998,46.95
pry,sex_m,ocu_skill_l1,mts_details_total,1999,47.37
pry,sex_m,ocu_skill_l1,mts_details_total,2001,46.47
pry,sex_m,ocu_skill_l1,mts_details_total,2002,47.87
pry,sex_m,ocu_skill_l1,mts_details_total,2003,49.22
pry,sex_m,ocu_skill_l1,mts_details_total,2004,47.93
pry,sex_m,ocu_skill_l1,mts_details_total,2005,47.73
pry,sex_m,ocu_skill_l1,mts_details_total,2006,51.23
pry,sex_m,ocu_skill_l1,mts_details_total,2007,50.31
pry,sex_m,ocu_skill_l1,mts_details_total,2008,49.83
pry,sex_m,ocu_skill_l1,mts_details_total,2009,48.05
pry,sex_m,ocu_skill_l1,mts_details_total,2010,49.48
pry,sex_m,ocu_skill_l1,mts_details_total,2011,51.08
pry,sex_m,ocu_skill_l1,mts_details_total,2012,48.81
pry,sex_m,ocu_skill_l1,mts_details_total,2013,46.9
pry,sex_m,ocu_skill_l1,mts_details_total,2014,48.34
pry,sex_m,ocu_skill_l1,mts_details_total,2015,44.98
pry,sex_m,ocu_skill_l1,mts_details_total,2016,46.22
pry,sex_m,ocu_skill_l1,mts_details_total,2017,45.09
pry,sex_m,ocu_skill_l1,mts_details_total,2018,45.09
pry,sex_m,ocu_skill_l1,mts_details_total,2019,44.58
pry,sex_m,ocu_skill_l1,mts_details_total,2020,43.92
pry,sex_m,ocu_skill_l1,mts_details_total,2021,45.29
pry,sex_m,ocu_skill_l1,mts_details_total,2022,46.18
pry,sex_m,ocu_skill_l1,mts_details_total,2023,46.05
pry,sex_m,ocu_skill_l1,mts_details_total,2024,45.79
pry,sex_m,ocu_skill_l1,mts_details_union,1998,44.33
pry,sex_m,ocu_skill_l1,mts_details_union,1999,51.02
pry,sex_m,ocu_skill_l1,mts_details_union,2001,49.11
pry,sex_m,ocu_skill_l1,mts_details_union,2002,50.77
pry,sex_m,ocu_skill_l1,mts_details_union,2003,51.79
pry,sex_m,ocu_skill_l1,mts_details_union,2004,50.35
pry,sex_m,ocu_skill_l1,mts_details_union,2005,49.73
pry,sex_m,ocu_skill_l1,mts_details_union,2006,54.89
pry,sex_m,ocu_skill_l1,mts_details_union,2007,50.16
pry,sex_m,ocu_skill_l1,mts_details_union,2008,51.01
pry,sex_m,ocu_skill_l1,mts_details_union,2009,52.93
pry,sex_m,ocu_skill_l1,mts_details_union,2010,52.19
pry,sex_m,ocu_skill_l1,mts_details_union,2011,53.1
pry,sex_m,ocu_skill_l1,mts_details_union,2012,52.51
pry,sex_m,ocu_skill_l1,mts_details_union,2013,48.45
pry,sex_m,ocu_skill_l1,mts_details_union,2014,50.73
pry,sex_m,ocu_skill_l1,mts_details_union,2015,48.53
pry,sex_m,ocu_skill_l1,mts_details_union,2016,49
pry,sex_m,ocu_skill_l1,mts_details_union,2017,47.58
pry,sex_m,ocu_skill_l1,mts_details_union,2018,46.01
pry,sex_m,ocu_skill_l1,mts_details_union,2019,46.44
pry,sex_m,ocu_skill_l1,mts_details_union,2020,44.82
pry,sex_m,ocu_skill_l1,mts_details_union,2021,48.36
pry,sex_m,ocu_skill_l1,mts_details_union,2022,47.82
pry,sex_m,ocu_skill_l1,mts_details_union,2023,48.32
pry,sex_m,ocu_skill_l1,mts_details_union,2024,48.05
pry,sex_m,ocu_skill_l1,mts_details_wid,2001,52.32
pry,sex_m,ocu_skill_l1,mts_details_wid,2003,48.59
pry,sex_m,ocu_skill_l1,mts_details_wid,2004,46.28
pry,sex_m,ocu_skill_l1,mts_details_wid,2007,48.59
pry,sex_m,ocu_skill_l1,mts_details_wid,2008,42.63
pry,sex_m,ocu_skill_l1,mts_details_wid,2009,43.89
pry,sex_m,ocu_skill_l1,mts_details_wid,2011,47.21
pry,sex_m,ocu_skill_l1,mts_details_wid,2012,44.39
pry,sex_m,ocu_skill_l1,mts_details_wid,2016,39.59
pry,sex_m,ocu_skill_l1,mts_details_wid,2017,46.04
pry,sex_m,ocu_skill_l1,mts_details_wid,2018,47.79
pry,sex_m,ocu_skill_l1,mts_details_wid,2019,34.7
pry,sex_m,ocu_skill_l1,mts_details_wid,2020,34.4
pry,sex_m,ocu_skill_l1,mts_details_wid,2021,42.44
pry,sex_m,ocu_skill_l1,mts_details_wid,2022,44.73
pry,sex_m,ocu_skill_l1,mts_details_wid,2023,47.65
pry,sex_m,ocu_skill_l1,mts_details_wid,2024,38.39
pry,sex_m,ocu_skill_l1,mts_details_x,2020,43.76
pry,sex_m,ocu_skill_l1,mts_details_x,2021,44.29
pry,sex_m,ocu_skill_l2,mts_aggregate_1,1998,45.06
pry,sex_m,ocu_skill_l2,mts_aggregate_1,1999,44.69
pry,sex_m,ocu_skill_l2,mts_aggregate_1,2001,48.95
pry,sex_m,ocu_skill_l2,mts_aggregate_1,2002,48.27
pry,sex_m,ocu_skill_l2,mts_aggregate_1,2003,48.8
pry,sex_m,ocu_skill_l2,mts_aggregate_1,2004,48.44
pry,sex_m,ocu_skill_l2,mts_aggregate_1,2005,51.04
pry,sex_m,ocu_skill_l2,mts_aggregate_1,2006,50.48
pry,sex_m,ocu_skill_l2,mts_aggregate_1,2007,50.23
pry,sex_m,ocu_skill_l2,mts_aggregate_1,2008,49.48
pry,sex_m,ocu_skill_l2,mts_aggregate_1,2009,50.04
pry,sex_m,ocu_skill_l2,mts_aggregate_1,2010,49.82
pry,sex_m,ocu_skill_l2,mts_aggregate_1,2011,51.79
pry,sex_m,ocu_skill_l2,mts_aggregate_1,2012,49.82
pry,sex_m,ocu_skill_l2,mts_aggregate_1,2013,49.52
pry,sex_m,ocu_skill_l2,mts_aggregate_1,2014,50.03
pry,sex_m,ocu_skill_l2,mts_aggregate_1,2015,48.38
pry,sex_m,ocu_skill_l2,mts_aggregate_1,2016,49.02
pry,sex_m,ocu_skill_l2,mts_aggregate_1,2017,47.89
pry,sex_m,ocu_skill_l2,mts_aggregate_1,2018,47.04
pry,sex_m,ocu_skill_l2,mts_aggregate_1,2019,46.89
pry,sex_m,ocu_skill_l2,mts_aggregate_1,2020,46.54
pry,sex_m,ocu_skill_l2,mts_aggregate_1,2021,46.33
pry,sex_m,ocu_skill_l2,mts_aggregate_1,2022,47.46
pry,sex_m,ocu_skill_l2,mts_aggregate_1,2023,47.67
pry,sex_m,ocu_skill_l2,mts_aggregate_1,2024,47.56
pry,sex_m,ocu_skill_l2,mts_aggregate_2,1998,51.99
pry,sex_m,ocu_skill_l2,mts_aggregate_2,1999,50.66
pry,sex_m,ocu_skill_l2,mts_aggregate_2,2001,50.55
pry,sex_m,ocu_skill_l2,mts_aggregate_2,2002,53.68
pry,sex_m,ocu_skill_l2,mts_aggregate_2,2003,53.36
pry,sex_m,ocu_skill_l2,mts_aggregate_2,2004,53.85
pry,sex_m,ocu_skill_l2,mts_aggregate_2,2005,54.94
pry,sex_m,ocu_skill_l2,mts_aggregate_2,2006,55.35
pry,sex_m,ocu_skill_l2,mts_aggregate_2,2007,54.94
pry,sex_m,ocu_skill_l2,mts_aggregate_2,2008,54.84
pry,sex_m,ocu_skill_l2,mts_aggregate_2,2009,53.98
pry,sex_m,ocu_skill_l2,mts_aggregate_2,2010,52.84
pry,sex_m,ocu_skill_l2,mts_aggregate_2,2011,54.94
pry,sex_m,ocu_skill_l2,mts_aggregate_2,2012,53.68
pry,sex_m,ocu_skill_l2,mts_aggregate_2,2013,53.05
pry,sex_m,ocu_skill_l2,mts_aggregate_2,2014,53.35
pry,sex_m,ocu_skill_l2,mts_aggregate_2,2015,52.16
pry,sex_m,ocu_skill_l2,mts_aggregate_2,2016,52.24
pry,sex_m,ocu_skill_l2,mts_aggregate_2,2017,51.3
pry,sex_m,ocu_skill_l2,mts_aggregate_2,2018,50.94
pry,sex_m,ocu_skill_l2,mts_aggregate_2,2019,50.59
pry,sex_m,ocu_skill_l2,mts_aggregate_2,2020,49.55
pry,sex_m,ocu_skill_l2,mts_aggregate_2,2021,50.21
pry,sex_m,ocu_skill_l2,mts_aggregate_2,2022,49.93
pry,sex_m,ocu_skill_l2,mts_aggregate_2,2023,50.69
pry,sex_m,ocu_skill_l2,mts_aggregate_2,2024,50.94
pry,sex_m,ocu_skill_l2,mts_aggregate_total,1998,49.2
pry,sex_m,ocu_skill_l2,mts_aggregate_total,1999,48.23
pry,sex_m,ocu_skill_l2,mts_aggregate_total,2001,49.95
pry,sex_m,ocu_skill_l2,mts_aggregate_total,2002,51.84
pry,sex_m,ocu_skill_l2,mts_aggregate_total,2003,51.57
pry,sex_m,ocu_skill_l2,mts_aggregate_total,2004,51.8
pry,sex_m,ocu_skill_l2,mts_aggregate_total,2005,53.37
pry,sex_m,ocu_skill_l2,mts_aggregate_total,2006,53.44
pry,sex_m,ocu_skill_l2,mts_aggregate_total,2007,53.03
pry,sex_m,ocu_skill_l2,mts_aggregate_total,2008,52.74
pry,sex_m,ocu_skill_l2,mts_aggregate_total,2009,52.45
pry,sex_m,ocu_skill_l2,mts_aggregate_total,2010,51.61
pry,sex_m,ocu_skill_l2,mts_aggregate_total,2011,53.74
pry,sex_m,ocu_skill_l2,mts_aggregate_total,2012,52.13
pry,sex_m,ocu_skill_l2,mts_aggregate_total,2013,51.69
pry,sex_m,ocu_skill_l2,mts_aggregate_total,2014,51.95
pry,sex_m,ocu_skill_l2,mts_aggregate_total,2015,50.68
pry,sex_m,ocu_skill_l2,mts_aggregate_total,2016,51.02
pry,sex_m,ocu_skill_l2,mts_aggregate_total,2017,50.04
pry,sex_m,ocu_skill_l2,mts_aggregate_total,2018,49.46
pry,sex_m,ocu_skill_l2,mts_aggregate_total,2019,49.23
pry,sex_m,ocu_skill_l2,mts_aggregate_total,2020,48.07
pry,sex_m,ocu_skill_l2,mts_aggregate_total,2021,48.49
pry,sex_m,ocu_skill_l2,mts_aggregate_total,2022,48.98
pry,sex_m,ocu_skill_l2,mts_aggregate_total,2023,49.48
pry,sex_m,ocu_skill_l2,mts_aggregate_total,2024,49.58
pry,sex_m,ocu_skill_l2,mts_aggregate_x,2020,47.92
pry,sex_m,ocu_skill_l2,mts_aggregate_x,2021,47.8
pry,sex_m,ocu_skill_l2,mts_details_mrd,1998,51.36
pry,sex_m,ocu_skill_l2,mts_details_mrd,1999,49.64
pry,sex_m,ocu_skill_l2,mts_details_mrd,2001,51.3
pry,sex_m,ocu_skill_l2,mts_details_mrd,2002,53.3
pry,sex_m,ocu_skill_l2,mts_details_mrd,2003,53.04
pry,sex_m,ocu_skill_l2,mts_details_mrd,2004,53.37
pry,sex_m,ocu_skill_l2,mts_details_mrd,2005,54.3
pry,sex_m,ocu_skill_l2,mts_details_mrd,2006,52.5
pry,sex_m,ocu_skill_l2,mts_details_mrd,2007,53.91
pry,sex_m,ocu_skill_l2,mts_details_mrd,2008,54.82
pry,sex_m,ocu_skill_l2,mts_details_mrd,2009,53.79
pry,sex_m,ocu_skill_l2,mts_details_mrd,2010,51.38
pry,sex_m,ocu_skill_l2,mts_details_mrd,2011,53.79
pry,sex_m,ocu_skill_l2,mts_details_mrd,2012,51.14
pry,sex_m,ocu_skill_l2,mts_details_mrd,2013,51.5
pry,sex_m,ocu_skill_l2,mts_details_mrd,2014,52.45
pry,sex_m,ocu_skill_l2,mts_details_mrd,2015,51.3
pry,sex_m,ocu_skill_l2,mts_details_mrd,2016,51.81
pry,sex_m,ocu_skill_l2,mts_details_mrd,2017,50.24
pry,sex_m,ocu_skill_l2,mts_details_mrd,2018,50.24
pry,sex_m,ocu_skill_l2,mts_details_mrd,2019,49.47
pry,sex_m,ocu_skill_l2,mts_details_mrd,2020,48.69
pry,sex_m,ocu_skill_l2,mts_details_mrd,2021,48.99
pry,sex_m,ocu_skill_l2,mts_details_mrd,2022,49.45
pry,sex_m,ocu_skill_l2,mts_details_mrd,2023,49.9
pry,sex_m,ocu_skill_l2,mts_details_mrd,2024,50.1
pry,sex_m,ocu_skill_l2,mts_details_sep,1998,52.38
pry,sex_m,ocu_skill_l2,mts_details_sep,1999,45.9
pry,sex_m,ocu_skill_l2,mts_details_sep,2001,59.3
pry,sex_m,ocu_skill_l2,mts_details_sep,2002,53.67
pry,sex_m,ocu_skill_l2,mts_details_sep,2003,50.52
pry,sex_m,ocu_skill_l2,mts_details_sep,2004,52.52
pry,sex_m,ocu_skill_l2,mts_details_sep,2005,52
pry,sex_m,ocu_skill_l2,mts_details_sep,2006,46.15
pry,sex_m,ocu_skill_l2,mts_details_sep,2007,45.27
pry,sex_m,ocu_skill_l2,mts_details_sep,2008,53.56
pry,sex_m,ocu_skill_l2,mts_details_sep,2009,36.82
pry,sex_m,ocu_skill_l2,mts_details_sep,2010,52.54
pry,sex_m,ocu_skill_l2,mts_details_sep,2011,54.1
pry,sex_m,ocu_skill_l2,mts_details_sep,2012,51.5
pry,sex_m,ocu_skill_l2,mts_details_sep,2013,52.58
pry,sex_m,ocu_skill_l2,mts_details_sep,2014,52.99
pry,sex_m,ocu_skill_l2,mts_details_sep,2015,47.4
pry,sex_m,ocu_skill_l2,mts_details_sep,2016,49.25
pry,sex_m,ocu_skill_l2,mts_details_sep,2017,49.27
pry,sex_m,ocu_skill_l2,mts_details_sep,2018,47.73
pry,sex_m,ocu_skill_l2,mts_details_sep,2019,47.06
pry,sex_m,ocu_skill_l2,mts_details_sep,2020,41.35
pry,sex_m,ocu_skill_l2,mts_details_sep,2021,43.47
pry,sex_m,ocu_skill_l2,mts_details_sep,2022,49.18
pry,sex_m,ocu_skill_l2,mts_details_sep,2023,44.2
pry,sex_m,ocu_skill_l2,mts_details_sep,2024,47.79
pry,sex_m,ocu_skill_l2,mts_details_sgle,1998,44.71
pry,sex_m,ocu_skill_l2,mts_details_sgle,1999,44.68
pry,sex_m,ocu_skill_l2,mts_details_sgle,2001,48.35
pry,sex_m,ocu_skill_l2,mts_details_sgle,2002,47.98
pry,sex_m,ocu_skill_l2,mts_details_sgle,2003,48.69
pry,sex_m,ocu_skill_l2,mts_details_sgle,2004,48.28
pry,sex_m,ocu_skill_l2,mts_details_sgle,2005,50.79
pry,sex_m,ocu_skill_l2,mts_details_sgle,2006,50.76
pry,sex_m,ocu_skill_l2,mts_details_sgle,2007,50.44
pry,sex_m,ocu_skill_l2,mts_details_sgle,2008,49.56
pry,sex_m,ocu_skill_l2,mts_details_sgle,2009,50.73
pry,sex_m,ocu_skill_l2,mts_details_sgle,2010,49.72
pry,sex_m,ocu_skill_l2,mts_details_sgle,2011,51.74
pry,sex_m,ocu_skill_l2,mts_details_sgle,2012,49.66
pry,sex_m,ocu_skill_l2,mts_details_sgle,2013,49.66
pry,sex_m,ocu_skill_l2,mts_details_sgle,2014,50.05
pry,sex_m,ocu_skill_l2,mts_details_sgle,2015,48.41
pry,sex_m,ocu_skill_l2,mts_details_sgle,2016,48.95
pry,sex_m,ocu_skill_l2,mts_details_sgle,2017,47.81
pry,sex_m,ocu_skill_l2,mts_details_sgle,2018,47.04
pry,sex_m,ocu_skill_l2,mts_details_sgle,2019,46.94
pry,sex_m,ocu_skill_l2,mts_details_sgle,2020,46.82
pry,sex_m,ocu_skill_l2,mts_details_sgle,2021,46.49
pry,sex_m,ocu_skill_l2,mts_details_sgle,2022,47.37
pry,sex_m,ocu_skill_l2,mts_details_sgle,2023,47.84
pry,sex_m,ocu_skill_l2,mts_details_sgle,2024,47.51
pry,sex_m,ocu_skill_l2,mts_details_total,1998,49.2
pry,sex_m,ocu_skill_l2,mts_details_total,1999,48.23
pry,sex_m,ocu_skill_l2,mts_details_total,2001,49.95
pry,sex_m,ocu_skill_l2,mts_details_total,2002,51.84
pry,sex_m,ocu_skill_l2,mts_details_total,2003,51.57
pry,sex_m,ocu_skill_l2,mts_details_total,2004,51.8
pry,sex_m,ocu_skill_l2,mts_details_total,2005,53.37
pry,sex_m,ocu_skill_l2,mts_details_total,2006,53.44
pry,sex_m,ocu_skill_l2,mts_details_total,2007,53.03
pry,sex_m,ocu_skill_l2,mts_details_total,2008,52.74
pry,sex_m,ocu_skill_l2,mts_details_total,2009,52.45
pry,sex_m,ocu_skill_l2,mts_details_total,2010,51.61
pry,sex_m,ocu_skill_l2,mts_details_total,2011,53.74
pry,sex_m,ocu_skill_l2,mts_details_total,2012,52.13
pry,sex_m,ocu_skill_l2,mts_details_total,2013,51.69
pry,sex_m,ocu_skill_l2,mts_details_total,2014,51.95
pry,sex_m,ocu_skill_l2,mts_details_total,2015,50.68
pry,sex_m,ocu_skill_l2,mts_details_total,2016,51.02
pry,sex_m,ocu_skill_l2,mts_details_total,2017,50.04
pry,sex_m,ocu_skill_l2,mts_details_total,2018,49.46
pry,sex_m,ocu_skill_l2,mts_details_total,2019,49.23
pry,sex_m,ocu_skill_l2,mts_details_total,2020,48.07
pry,sex_m,ocu_skill_l2,mts_details_total,2021,48.49
pry,sex_m,ocu_skill_l2,mts_details_total,2022,48.98
pry,sex_m,ocu_skill_l2,mts_details_total,2023,49.48
pry,sex_m,ocu_skill_l2,mts_details_total,2024,49.58
pry,sex_m,ocu_skill_l2,mts_details_union,1998,53.13
pry,sex_m,ocu_skill_l2,mts_details_union,1999,52.76
pry,sex_m,ocu_skill_l2,mts_details_union,2001,49.22
pry,sex_m,ocu_skill_l2,mts_details_union,2002,54.43
pry,sex_m,ocu_skill_l2,mts_details_union,2003,53.97
pry,sex_m,ocu_skill_l2,mts_details_union,2004,54.51
pry,sex_m,ocu_skill_l2,mts_details_union,2005,55.94
pry,sex_m,ocu_skill_l2,mts_details_union,2006,58.75
pry,sex_m,ocu_skill_l2,mts_details_union,2007,56.39
pry,sex_m,ocu_skill_l2,mts_details_union,2008,54.86
pry,sex_m,ocu_skill_l2,mts_details_union,2009,54.23
pry,sex_m,ocu_skill_l2,mts_details_union,2010,54.61
pry,sex_m,ocu_skill_l2,mts_details_union,2011,56.55
pry,sex_m,ocu_skill_l2,mts_details_union,2012,56.31
pry,sex_m,ocu_skill_l2,mts_details_union,2013,54.82
pry,sex_m,ocu_skill_l2,mts_details_union,2014,54.29
pry,sex_m,ocu_skill_l2,mts_details_union,2015,53.03
pry,sex_m,ocu_skill_l2,mts_details_union,2016,52.6
pry,sex_m,ocu_skill_l2,mts_details_union,2017,52.19
pry,sex_m,ocu_skill_l2,mts_details_union,2018,51.46
pry,sex_m,ocu_skill_l2,mts_details_union,2019,51.38
pry,sex_m,ocu_skill_l2,mts_details_union,2020,50.08
pry,sex_m,ocu_skill_l2,mts_details_union,2021,51.06
pry,sex_m,ocu_skill_l2,mts_details_union,2022,50.25
pry,sex_m,ocu_skill_l2,mts_details_union,2023,51.21
pry,sex_m,ocu_skill_l2,mts_details_union,2024,51.53
pry,sex_m,ocu_skill_l2,mts_details_wid,1998,47.2
pry,sex_m,ocu_skill_l2,mts_details_wid,1999,42.71
pry,sex_m,ocu_skill_l2,mts_details_wid,2001,51.65
pry,sex_m,ocu_skill_l2,mts_details_wid,2003,53.03
pry,sex_m,ocu_skill_l2,mts_details_wid,2004,46.48
pry,sex_m,ocu_skill_l2,mts_details_wid,2005,60.04
pry,sex_m,ocu_skill_l2,mts_details_wid,2006,37.53
pry,sex_m,ocu_skill_l2,mts_details_wid,2007,41.1
pry,sex_m,ocu_skill_l2,mts_details_wid,2008,39.74
pry,sex_m,ocu_skill_l2,mts_details_wid,2009,49.64
pry,sex_m,ocu_skill_l2,mts_details_wid,2010,44.73
pry,sex_m,ocu_skill_l2,mts_details_wid,2011,49.16
pry,sex_m,ocu_skill_l2,mts_details_wid,2012,58.39
pry,sex_m,ocu_skill_l2,mts_details_wid,2013,34.92
pry,sex_m,ocu_skill_l2,mts_details_wid,2014,41.28
pry,sex_m,ocu_skill_l2,mts_details_wid,2015,50.81
pry,sex_m,ocu_skill_l2,mts_details_wid,2016,53.16
pry,sex_m,ocu_skill_l2,mts_details_wid,2017,47.48
pry,sex_m,ocu_skill_l2,mts_details_wid,2018,45.15
pry,sex_m,ocu_skill_l2,mts_details_wid,2019,42.57
pry,sex_m,ocu_skill_l2,mts_details_wid,2020,42.44
pry,sex_m,ocu_skill_l2,mts_details_wid,2021,45.64
pry,sex_m,ocu_skill_l2,mts_details_wid,2022,46.51
pry,sex_m,ocu_skill_l2,mts_details_wid,2023,47.33
pry,sex_m,ocu_skill_l2,mts_details_wid,2024,50.25
pry,sex_m,ocu_skill_l2,mts_details_x,2020,47.92
pry,sex_m,ocu_skill_l2,mts_details_x,2021,47.8
pry,sex_m,ocu_skill_l3_4,mts_aggregate_1,1998,44.29
pry,sex_m,ocu_skill_l3_4,mts_aggregate_1,1999,40.47
pry,sex_m,ocu_skill_l3_4,mts_aggregate_1,2001,37.36
pry,sex_m,ocu_skill_l3_4,mts_aggregate_1,2002,39.42
pry,sex_m,ocu_skill_l3_4,mts_aggregate_1,2003,38.1
pry,sex_m,ocu_skill_l3_4,mts_aggregate_1,2004,37.3
pry,sex_m,ocu_skill_l3_4,mts_aggregate_1,2005,36.58
pry,sex_m,ocu_skill_l3_4,mts_aggregate_1,2006,41.81
pry,sex_m,ocu_skill_l3_4,mts_aggregate_1,2007,41.35
pry,sex_m,ocu_skill_l3_4,mts_aggregate_1,2008,39.57
pry,sex_m,ocu_skill_l3_4,mts_aggregate_1,2009,38.92
pry,sex_m,ocu_skill_l3_4,mts_aggregate_1,2010,41.63
pry,sex_m,ocu_skill_l3_4,mts_aggregate_1,2011,41.82
pry,sex_m,ocu_skill_l3_4,mts_aggregate_1,2012,40.07
pry,sex_m,ocu_skill_l3_4,mts_aggregate_1,2013,41.26
pry,sex_m,ocu_skill_l3_4,mts_aggregate_1,2014,40.6
pry,sex_m,ocu_skill_l3_4,mts_aggregate_1,2015,40.53
pry,sex_m,ocu_skill_l3_4,mts_aggregate_1,2016,38.79
pry,sex_m,ocu_skill_l3_4,mts_aggregate_1,2017,38.53
pry,sex_m,ocu_skill_l3_4,mts_aggregate_1,2018,38.51
pry,sex_m,ocu_skill_l3_4,mts_aggregate_1,2019,38.55
pry,sex_m,ocu_skill_l3_4,mts_aggregate_1,2020,36.97
pry,sex_m,ocu_skill_l3_4,mts_aggregate_1,2021,38.3
pry,sex_m,ocu_skill_l3_4,mts_aggregate_1,2022,39.18
pry,sex_m,ocu_skill_l3_4,mts_aggregate_1,2023,39.84
pry,sex_m,ocu_skill_l3_4,mts_aggregate_1,2024,38.53
pry,sex_m,ocu_skill_l3_4,mts_aggregate_2,1998,42.75
pry,sex_m,ocu_skill_l3_4,mts_aggregate_2,1999,42.65
pry,sex_m,ocu_skill_l3_4,mts_aggregate_2,2001,42.66
pry,sex_m,ocu_skill_l3_4,mts_aggregate_2,2002,42.93
pry,sex_m,ocu_skill_l3_4,mts_aggregate_2,2003,42.73
pry,sex_m,ocu_skill_l3_4,mts_aggregate_2,2004,41.21
pry,sex_m,ocu_skill_l3_4,mts_aggregate_2,2005,43.18
pry,sex_m,ocu_skill_l3_4,mts_aggregate_2,2006,41.15
pry,sex_m,ocu_skill_l3_4,mts_aggregate_2,2007,45.76
pry,sex_m,ocu_skill_l3_4,mts_aggregate_2,2008,41.66
pry,sex_m,ocu_skill_l3_4,mts_aggregate_2,2009,42.25
pry,sex_m,ocu_skill_l3_4,mts_aggregate_2,2010,42.55
pry,sex_m,ocu_skill_l3_4,mts_aggregate_2,2011,44.73
pry,sex_m,ocu_skill_l3_4,mts_aggregate_2,2012,41.69
pry,sex_m,ocu_skill_l3_4,mts_aggregate_2,2013,45
pry,sex_m,ocu_skill_l3_4,mts_aggregate_2,2014,43.98
pry,sex_m,ocu_skill_l3_4,mts_aggregate_2,2015,40.57
pry,sex_m,ocu_skill_l3_4,mts_aggregate_2,2016,41.95
pry,sex_m,ocu_skill_l3_4,mts_aggregate_2,2017,41.41
pry,sex_m,ocu_skill_l3_4,mts_aggregate_2,2018,40.74
pry,sex_m,ocu_skill_l3_4,mts_aggregate_2,2019,40.45
pry,sex_m,ocu_skill_l3_4,mts_aggregate_2,2020,40.47
pry,sex_m,ocu_skill_l3_4,mts_aggregate_2,2021,40.16
pry,sex_m,ocu_skill_l3_4,mts_aggregate_2,2022,40.1
pry,sex_m,ocu_skill_l3_4,mts_aggregate_2,2023,40.74
pry,sex_m,ocu_skill_l3_4,mts_aggregate_2,2024,40.89
pry,sex_m,ocu_skill_l3_4,mts_aggregate_total,1998,43.18
pry,sex_m,ocu_skill_l3_4,mts_aggregate_total,1999,42.09
pry,sex_m,ocu_skill_l3_4,mts_aggregate_total,2001,40.88
pry,sex_m,ocu_skill_l3_4,mts_aggregate_total,2002,41.93
pry,sex_m,ocu_skill_l3_4,mts_aggregate_total,2003,41.51
pry,sex_m,ocu_skill_l3_4,mts_aggregate_total,2004,40
pry,sex_m,ocu_skill_l3_4,mts_aggregate_total,2005,40.83
pry,sex_m,ocu_skill_l3_4,mts_aggregate_total,2006,41.37
pry,sex_m,ocu_skill_l3_4,mts_aggregate_total,2007,44.32
pry,sex_m,ocu_skill_l3_4,mts_aggregate_total,2008,40.95
pry,sex_m,ocu_skill_l3_4,mts_aggregate_total,2009,40.99
pry,sex_m,ocu_skill_l3_4,mts_aggregate_total,2010,42.23
pry,sex_m,ocu_skill_l3_4,mts_aggregate_total,2011,43.54
pry,sex_m,ocu_skill_l3_4,mts_aggregate_total,2012,41.07
pry,sex_m,ocu_skill_l3_4,mts_aggregate_total,2013,43.56
pry,sex_m,ocu_skill_l3_4,mts_aggregate_total,2014,42.67
pry,sex_m,ocu_skill_l3_4,mts_aggregate_total,2015,40.56
pry,sex_m,ocu_skill_l3_4,mts_aggregate_total,2016,40.83
pry,sex_m,ocu_skill_l3_4,mts_aggregate_total,2017,40.42
pry,sex_m,ocu_skill_l3_4,mts_aggregate_total,2018,39.95
pry,sex_m,ocu_skill_l3_4,mts_aggregate_total,2019,39.78
pry,sex_m,ocu_skill_l3_4,mts_aggregate_total,2020,40
pry,sex_m,ocu_skill_l3_4,mts_aggregate_total,2021,39.29
pry,sex_m,ocu_skill_l3_4,mts_aggregate_total,2022,39.77
pry,sex_m,ocu_skill_l3_4,mts_aggregate_total,2023,40.39
pry,sex_m,ocu_skill_l3_4,mts_aggregate_total,2024,40
pry,sex_m,ocu_skill_l3_4,mts_aggregate_x,2020,40.23
pry,sex_m,ocu_skill_l3_4,mts_aggregate_x,2021,38.59
pry,sex_m,ocu_skill_l3_4,mts_details_mrd,1998,43.1
pry,sex_m,ocu_skill_l3_4,mts_details_mrd,1999,42.9
pry,sex_m,ocu_skill_l3_4,mts_details_mrd,2001,43.38
pry,sex_m,ocu_skill_l3_4,mts_details_mrd,2002,43.34
pry,sex_m,ocu_skill_l3_4,mts_details_mrd,2003,42.09
pry,sex_m,ocu_skill_l3_4,mts_details_mrd,2004,41.48
pry,sex_m,ocu_skill_l3_4,mts_details_mrd,2005,43.21
pry,sex_m,ocu_skill_l3_4,mts_details_mrd,2006,41.43
pry,sex_m,ocu_skill_l3_4,mts_details_mrd,2007,46.03
pry,sex_m,ocu_skill_l3_4,mts_details_mrd,2008,40.54
pry,sex_m,ocu_skill_l3_4,mts_details_mrd,2009,40.99
pry,sex_m,ocu_skill_l3_4,mts_details_mrd,2010,41.85
pry,sex_m,ocu_skill_l3_4,mts_details_mrd,2011,44.75
pry,sex_m,ocu_skill_l3_4,mts_details_mrd,2012,41.15
pry,sex_m,ocu_skill_l3_4,mts_details_mrd,2013,45.05
pry,sex_m,ocu_skill_l3_4,mts_details_mrd,2014,42.68
pry,sex_m,ocu_skill_l3_4,mts_details_mrd,2015,40.48
pry,sex_m,ocu_skill_l3_4,mts_details_mrd,2016,41.09
pry,sex_m,ocu_skill_l3_4,mts_details_mrd,2017,41.26
pry,sex_m,ocu_skill_l3_4,mts_details_mrd,2018,40.29
pry,sex_m,ocu_skill_l3_4,mts_details_mrd,2019,39.92
pry,sex_m,ocu_skill_l3_4,mts_details_mrd,2020,40.21
pry,sex_m,ocu_skill_l3_4,mts_details_mrd,2021,39.54
pry,sex_m,ocu_skill_l3_4,mts_details_mrd,2022,39.66
pry,sex_m,ocu_skill_l3_4,mts_details_mrd,2023,40.8
pry,sex_m,ocu_skill_l3_4,mts_details_mrd,2024,40.2
pry,sex_m,ocu_skill_l3_4,mts_details_sep,1999,49.18
pry,sex_m,ocu_skill_l3_4,mts_details_sep,2001,42.55
pry,sex_m,ocu_skill_l3_4,mts_details_sep,2003,35.72
pry,sex_m,ocu_skill_l3_4,mts_details_sep,2004,39.32
pry,sex_m,ocu_skill_l3_4,mts_details_sep,2005,35.78
pry,sex_m,ocu_skill_l3_4,mts_details_sep,2006,43.14
pry,sex_m,ocu_skill_l3_4,mts_details_sep,2007,60.5
pry,sex_m,ocu_skill_l3_4,mts_details_sep,2008,38.35
pry,sex_m,ocu_skill_l3_4,mts_details_sep,2009,41.57
pry,sex_m,ocu_skill_l3_4,mts_details_sep,2010,43.99
pry,sex_m,ocu_skill_l3_4,mts_details_sep,2011,43.97
pry,sex_m,ocu_skill_l3_4,mts_details_sep,2012,45.42
pry,sex_m,ocu_skill_l3_4,mts_details_sep,2013,45.91
pry,sex_m,ocu_skill_l3_4,mts_details_sep,2014,38.19
pry,sex_m,ocu_skill_l3_4,mts_details_sep,2015,46.03
pry,sex_m,ocu_skill_l3_4,mts_details_sep,2016,39.23
pry,sex_m,ocu_skill_l3_4,mts_details_sep,2017,42.22
pry,sex_m,ocu_skill_l3_4,mts_details_sep,2018,42.56
pry,sex_m,ocu_skill_l3_4,mts_details_sep,2019,32.74
pry,sex_m,ocu_skill_l3_4,mts_details_sep,2020,37.89
pry,sex_m,ocu_skill_l3_4,mts_details_sep,2021,36.06
pry,sex_m,ocu_skill_l3_4,mts_details_sep,2022,38.95
pry,sex_m,ocu_skill_l3_4,mts_details_sep,2023,34.75
pry,sex_m,ocu_skill_l3_4,mts_details_sep,2024,37.3
pry,sex_m,ocu_skill_l3_4,mts_details_sgle,1998,44.22
pry,sex_m,ocu_skill_l3_4,mts_details_sgle,1999,40.02
pry,sex_m,ocu_skill_l3_4,mts_details_sgle,2001,37.1
pry,sex_m,ocu_skill_l3_4,mts_details_sgle,2002,38.97
pry,sex_m,ocu_skill_l3_4,mts_details_sgle,2003,38.28
pry,sex_m,ocu_skill_l3_4,mts_details_sgle,2004,37.28
pry,sex_m,ocu_skill_l3_4,mts_details_sgle,2005,36.42
pry,sex_m,ocu_skill_l3_4,mts_details_sgle,2006,41.72
pry,sex_m,ocu_skill_l3_4,mts_details_sgle,2007,40.34
pry,sex_m,ocu_skill_l3_4,mts_details_sgle,2008,39.71
pry,sex_m,ocu_skill_l3_4,mts_details_sgle,2009,38.75
pry,sex_m,ocu_skill_l3_4,mts_details_sgle,2010,41.67
pry,sex_m,ocu_skill_l3_4,mts_details_sgle,2011,41.42
pry,sex_m,ocu_skill_l3_4,mts_details_sgle,2012,40.05
pry,sex_m,ocu_skill_l3_4,mts_details_sgle,2013,40.95
pry,sex_m,ocu_skill_l3_4,mts_details_sgle,2014,40.68
pry,sex_m,ocu_skill_l3_4,mts_details_sgle,2015,40.29
pry,sex_m,ocu_skill_l3_4,mts_details_sgle,2016,38.77
pry,sex_m,ocu_skill_l3_4,mts_details_sgle,2017,38.47
pry,sex_m,ocu_skill_l3_4,mts_details_sgle,2018,38.25
pry,sex_m,ocu_skill_l3_4,mts_details_sgle,2019,38.71
pry,sex_m,ocu_skill_l3_4,mts_details_sgle,2020,36.88
pry,sex_m,ocu_skill_l3_4,mts_details_sgle,2021,38.53
pry,sex_m,ocu_skill_l3_4,mts_details_sgle,2022,39.29
pry,sex_m,ocu_skill_l3_4,mts_details_sgle,2023,40.4
pry,sex_m,ocu_skill_l3_4,mts_details_sgle,2024,38.68
pry,sex_m,ocu_skill_l3_4,mts_details_total,1998,43.18
pry,sex_m,ocu_skill_l3_4,mts_details_total,1999,42.09
pry,sex_m,ocu_skill_l3_4,mts_details_total,2001,40.88
pry,sex_m,ocu_skill_l3_4,mts_details_total,2002,41.93
pry,sex_m,ocu_skill_l3_4,mts_details_total,2003,41.51
pry,sex_m,ocu_skill_l3_4,mts_details_total,2004,40
pry,sex_m,ocu_skill_l3_4,mts_details_total,2005,40.83
pry,sex_m,ocu_skill_l3_4,mts_details_total,2006,41.37
pry,sex_m,ocu_skill_l3_4,mts_details_total,2007,44.32
pry,sex_m,ocu_skill_l3_4,mts_details_total,2008,40.95
pry,sex_m,ocu_skill_l3_4,mts_details_total,2009,40.99
pry,sex_m,ocu_skill_l3_4,mts_details_total,2010,42.23
pry,sex_m,ocu_skill_l3_4,mts_details_total,2011,43.54
pry,sex_m,ocu_skill_l3_4,mts_details_total,2012,41.07
pry,sex_m,ocu_skill_l3_4,mts_details_total,2013,43.56
pry,sex_m,ocu_skill_l3_4,mts_details_total,2014,42.67
pry,sex_m,ocu_skill_l3_4,mts_details_total,2015,40.56
pry,sex_m,ocu_skill_l3_4,mts_details_total,2016,40.83
pry,sex_m,ocu_skill_l3_4,mts_details_total,2017,40.42
pry,sex_m,ocu_skill_l3_4,mts_details_total,2018,39.95
pry,sex_m,ocu_skill_l3_4,mts_details_total,2019,39.78
pry,sex_m,ocu_skill_l3_4,mts_details_total,2020,40
pry,sex_m,ocu_skill_l3_4,mts_details_total,2021,39.29
pry,sex_m,ocu_skill_l3_4,mts_details_total,2022,39.77
pry,sex_m,ocu_skill_l3_4,mts_details_total,2023,40.39
pry,sex_m,ocu_skill_l3_4,mts_details_total,2024,40
pry,sex_m,ocu_skill_l3_4,mts_details_union,1998,40.19
pry,sex_m,ocu_skill_l3_4,mts_details_union,1999,41.6
pry,sex_m,ocu_skill_l3_4,mts_details_union,2001,38.4
pry,sex_m,ocu_skill_l3_4,mts_details_union,2002,41.49
pry,sex_m,ocu_skill_l3_4,mts_details_union,2003,46.4
pry,sex_m,ocu_skill_l3_4,mts_details_union,2004,40.15
pry,sex_m,ocu_skill_l3_4,mts_details_union,2005,43.05
pry,sex_m,ocu_skill_l3_4,mts_details_union,2006,39.86
pry,sex_m,ocu_skill_l3_4,mts_details_union,2007,44.27
pry,sex_m,ocu_skill_l3_4,mts_details_union,2008,45.52
pry,sex_m,ocu_skill_l3_4,mts_details_union,2009,47.24
pry,sex_m,ocu_skill_l3_4,mts_details_union,2010,45.42
pry,sex_m,ocu_skill_l3_4,mts_details_union,2011,44.66
pry,sex_m,ocu_skill_l3_4,mts_details_union,2012,43.22
pry,sex_m,ocu_skill_l3_4,mts_details_union,2013,44.77
pry,sex_m,ocu_skill_l3_4,mts_details_union,2014,48.17
pry,sex_m,ocu_skill_l3_4,mts_details_union,2015,40.83
pry,sex_m,ocu_skill_l3_4,mts_details_union,2016,43.93
pry,sex_m,ocu_skill_l3_4,mts_details_union,2017,41.73
pry,sex_m,ocu_skill_l3_4,mts_details_union,2018,41.64
pry,sex_m,ocu_skill_l3_4,mts_details_union,2019,41.53
pry,sex_m,ocu_skill_l3_4,mts_details_union,2020,40.96
pry,sex_m,ocu_skill_l3_4,mts_details_union,2021,41.11
pry,sex_m,ocu_skill_l3_4,mts_details_union,2022,40.88
pry,sex_m,ocu_skill_l3_4,mts_details_union,2023,40.64
pry,sex_m,ocu_skill_l3_4,mts_details_union,2024,42.31
pry,sex_m,ocu_skill_l3_4,mts_details_wid,2003,36.92
pry,sex_m,ocu_skill_l3_4,mts_details_wid,2013,38.49
pry,sex_m,ocu_skill_l3_4,mts_details_wid,2017,21.61
pry,sex_m,ocu_skill_l3_4,mts_details_wid,2018,37.98
pry,sex_m,ocu_skill_l3_4,mts_details_wid,2019,45.78
pry,sex_m,ocu_skill_l3_4,mts_details_wid,2021,33.59
pry,sex_m,ocu_skill_l3_4,mts_details_wid,2022,32.79
pry,sex_m,ocu_skill_l3_4,mts_details_wid,2023,35.1
pry,sex_m,ocu_skill_l3_4,mts_details_wid,2024,35.39
pry,sex_m,ocu_skill_l3_4,mts_details_x,2020,40.23
pry,sex_m,ocu_skill_l3_4,mts_details_x,2021,38.59
pry,sex_m,ocu_skill_total,mts_aggregate_1,1998,45.25
pry,sex_m,ocu_skill_total,mts_aggregate_1,1999,44.26
pry,sex_m,ocu_skill_total,mts_aggregate_1,2001,45.23
pry,sex_m,ocu_skill_total,mts_aggregate_1,2002,46.47
pry,sex_m,ocu_skill_total,mts_aggregate_1,2003,47
pry,sex_m,ocu_skill_total,mts_aggregate_1,2004,45.93
pry,sex_m,ocu_skill_total,mts_aggregate_1,2005,47.33
pry,sex_m,ocu_skill_total,mts_aggregate_1,2006,49.22
pry,sex_m,ocu_skill_total,mts_aggregate_1,2007,48.92
pry,sex_m,ocu_skill_total,mts_aggregate_1,2008,48.17
pry,sex_m,ocu_skill_total,mts_aggregate_1,2009,47
pry,sex_m,ocu_skill_total,mts_aggregate_1,2010,48.26
pry,sex_m,ocu_skill_total,mts_aggregate_1,2011,49.53
pry,sex_m,ocu_skill_total,mts_aggregate_1,2012,47.05
pry,sex_m,ocu_skill_total,mts_aggregate_1,2013,47.01
pry,sex_m,ocu_skill_total,mts_aggregate_1,2014,47.37
pry,sex_m,ocu_skill_total,mts_aggregate_1,2015,45.34
pry,sex_m,ocu_skill_total,mts_aggregate_1,2016,45.78
pry,sex_m,ocu_skill_total,mts_aggregate_1,2017,44.88
pry,sex_m,ocu_skill_total,mts_aggregate_1,2018,44.55
pry,sex_m,ocu_skill_total,mts_aggregate_1,2019,44.18
pry,sex_m,ocu_skill_total,mts_aggregate_1,2020,44.28
pry,sex_m,ocu_skill_total,mts_aggregate_1,2021,44.36
pry,sex_m,ocu_skill_total,mts_aggregate_1,2022,45.17
pry,sex_m,ocu_skill_total,mts_aggregate_1,2023,45.24
pry,sex_m,ocu_skill_total,mts_aggregate_1,2024,45.03
pry,sex_m,ocu_skill_total,mts_aggregate_2,1998,50.15
pry,sex_m,ocu_skill_total,mts_aggregate_2,1999,49.37
pry,sex_m,ocu_skill_total,mts_aggregate_2,2001,48.75
pry,sex_m,ocu_skill_total,mts_aggregate_2,2002,51.09
pry,sex_m,ocu_skill_total,mts_aggregate_2,2003,50.84
pry,sex_m,ocu_skill_total,mts_aggregate_2,2004,51.12
pry,sex_m,ocu_skill_total,mts_aggregate_2,2005,52.06
pry,sex_m,ocu_skill_total,mts_aggregate_2,2006,52.46
pry,sex_m,ocu_skill_total,mts_aggregate_2,2007,52.77
pry,sex_m,ocu_skill_total,mts_aggregate_2,2008,51.8
pry,sex_m,ocu_skill_total,mts_aggregate_2,2009,51.46
pry,sex_m,ocu_skill_total,mts_aggregate_2,2010,51.01
pry,sex_m,ocu_skill_total,mts_aggregate_2,2011,52.69
pry,sex_m,ocu_skill_total,mts_aggregate_2,2012,51.07
pry,sex_m,ocu_skill_total,mts_aggregate_2,2013,50.45
pry,sex_m,ocu_skill_total,mts_aggregate_2,2014,50.79
pry,sex_m,ocu_skill_total,mts_aggregate_2,2015,48.99
pry,sex_m,ocu_skill_total,mts_aggregate_2,2016,49.53
pry,sex_m,ocu_skill_total,mts_aggregate_2,2017,48.63
pry,sex_m,ocu_skill_total,mts_aggregate_2,2018,47.97
pry,sex_m,ocu_skill_total,mts_aggregate_2,2019,47.73
pry,sex_m,ocu_skill_total,mts_aggregate_2,2020,46.69
pry,sex_m,ocu_skill_total,mts_aggregate_2,2021,47.78
pry,sex_m,ocu_skill_total,mts_aggregate_2,2022,47.26
pry,sex_m,ocu_skill_total,mts_aggregate_2,2023,47.93
pry,sex_m,ocu_skill_total,mts_aggregate_2,2024,48.15
pry,sex_m,ocu_skill_total,mts_aggregate_total,1998,48.22
pry,sex_m,ocu_skill_total,mts_aggregate_total,1999,47.39
pry,sex_m,ocu_skill_total,mts_aggregate_total,2001,47.29
pry,sex_m,ocu_skill_total,mts_aggregate_total,2002,49.35
pry,sex_m,ocu_skill_total,mts_aggregate_total,2003,49.33
pry,sex_m,ocu_skill_total,mts_aggregate_total,2004,49
pry,sex_m,ocu_skill_total,mts_aggregate_total,2005,50.06
pry,sex_m,ocu_skill_total,mts_aggregate_total,2006,51.13
pry,sex_m,ocu_skill_total,mts_aggregate_total,2007,51.21
pry,sex_m,ocu_skill_total,mts_aggregate_total,2008,50.31
pry,sex_m,ocu_skill_total,mts_aggregate_total,2009,49.51
pry,sex_m,ocu_skill_total,mts_aggregate_total,2010,49.86
pry,sex_m,ocu_skill_total,mts_aggregate_total,2011,51.39
pry,sex_m,ocu_skill_total,mts_aggregate_total,2012,49.38
pry,sex_m,ocu_skill_total,mts_aggregate_total,2013,49.02
pry,sex_m,ocu_skill_total,mts_aggregate_total,2014,49.3
pry,sex_m,ocu_skill_total,mts_aggregate_total,2015,47.47
pry,sex_m,ocu_skill_total,mts_aggregate_total,2016,48.05
pry,sex_m,ocu_skill_total,mts_aggregate_total,2017,47.13
pry,sex_m,ocu_skill_total,mts_aggregate_total,2018,46.57
pry,sex_m,ocu_skill_total,mts_aggregate_total,2019,46.29
pry,sex_m,ocu_skill_total,mts_aggregate_total,2020,45.5
pry,sex_m,ocu_skill_total,mts_aggregate_total,2021,46.06
pry,sex_m,ocu_skill_total,mts_aggregate_total,2022,46.41
pry,sex_m,ocu_skill_total,mts_aggregate_total,2023,46.8
pry,sex_m,ocu_skill_total,mts_aggregate_total,2024,46.83
pry,sex_m,ocu_skill_total,mts_aggregate_x,2020,45.4
pry,sex_m,ocu_skill_total,mts_aggregate_x,2021,45.15
pry,sex_m,ocu_skill_total,mts_details_mrd,1998,49.39
pry,sex_m,ocu_skill_total,mts_details_mrd,1999,48.41
pry,sex_m,ocu_skill_total,mts_details_mrd,2001,49.01
pry,sex_m,ocu_skill_total,mts_details_mrd,2002,50.62
pry,sex_m,ocu_skill_total,mts_details_mrd,2003,49.98
pry,sex_m,ocu_skill_total,mts_details_mrd,2004,50.52
pry,sex_m,ocu_skill_total,mts_details_mrd,2005,51.23
pry,sex_m,ocu_skill_total,mts_details_mrd,2006,49.59
pry,sex_m,ocu_skill_total,mts_details_mrd,2007,51.89
pry,sex_m,ocu_skill_total,mts_details_mrd,2008,50.96
pry,sex_m,ocu_skill_total,mts_details_mrd,2009,50.27
pry,sex_m,ocu_skill_total,mts_details_mrd,2010,49.29
pry,sex_m,ocu_skill_total,mts_details_mrd,2011,51.36
pry,sex_m,ocu_skill_total,mts_details_mrd,2012,48.7
pry,sex_m,ocu_skill_total,mts_details_mrd,2013,49.03
pry,sex_m,ocu_skill_total,mts_details_mrd,2014,49.25
pry,sex_m,ocu_skill_total,mts_details_mrd,2015,47.57
pry,sex_m,ocu_skill_total,mts_details_mrd,2016,48.22
pry,sex_m,ocu_skill_total,mts_details_mrd,2017,47.31
pry,sex_m,ocu_skill_total,mts_details_mrd,2018,46.83
pry,sex_m,ocu_skill_total,mts_details_mrd,2019,46.18
pry,sex_m,ocu_skill_total,mts_details_mrd,2020,45.4
pry,sex_m,ocu_skill_total,mts_details_mrd,2021,46.09
pry,sex_m,ocu_skill_total,mts_details_mrd,2022,45.91
pry,sex_m,ocu_skill_total,mts_details_mrd,2023,46.5
pry,sex_m,ocu_skill_total,mts_details_mrd,2024,46.5
pry,sex_m,ocu_skill_total,mts_details_sep,1998,51.78
pry,sex_m,ocu_skill_total,mts_details_sep,1999,47.14
pry,sex_m,ocu_skill_total,mts_details_sep,2001,52.21
pry,sex_m,ocu_skill_total,mts_details_sep,2002,54.29
pry,sex_m,ocu_skill_total,mts_details_sep,2003,45.64
pry,sex_m,ocu_skill_total,mts_details_sep,2004,47.44
pry,sex_m,ocu_skill_total,mts_details_sep,2005,48.18
pry,sex_m,ocu_skill_total,mts_details_sep,2006,46.05
pry,sex_m,ocu_skill_total,mts_details_sep,2007,46.01
pry,sex_m,ocu_skill_total,mts_details_sep,2008,50.23
pry,sex_m,ocu_skill_total,mts_details_sep,2009,38.46
pry,sex_m,ocu_skill_total,mts_details_sep,2010,52.18
pry,sex_m,ocu_skill_total,mts_details_sep,2011,53.63
pry,sex_m,ocu_skill_total,mts_details_sep,2012,49.32
pry,sex_m,ocu_skill_total,mts_details_sep,2013,51.02
pry,sex_m,ocu_skill_total,mts_details_sep,2014,47.29
pry,sex_m,ocu_skill_total,mts_details_sep,2015,46.75
pry,sex_m,ocu_skill_total,mts_details_sep,2016,45.09
pry,sex_m,ocu_skill_total,mts_details_sep,2017,45.96
pry,sex_m,ocu_skill_total,mts_details_sep,2018,46.48
pry,sex_m,ocu_skill_total,mts_details_sep,2019,43.99
pry,sex_m,ocu_skill_total,mts_details_sep,2020,40.61
pry,sex_m,ocu_skill_total,mts_details_sep,2021,42.53
pry,sex_m,ocu_skill_total,mts_details_sep,2022,45.15
pry,sex_m,ocu_skill_total,mts_details_sep,2023,41.14
pry,sex_m,ocu_skill_total,mts_details_sep,2024,44.92
pry,sex_m,ocu_skill_total,mts_details_sgle,1998,44.98
pry,sex_m,ocu_skill_total,mts_details_sgle,1999,44.19
pry,sex_m,ocu_skill_total,mts_details_sgle,2001,44.84
pry,sex_m,ocu_skill_total,mts_details_sgle,2002,46.15
pry,sex_m,ocu_skill_total,mts_details_sgle,2003,47.04
pry,sex_m,ocu_skill_total,mts_details_sgle,2004,45.89
pry,sex_m,ocu_skill_total,mts_details_sgle,2005,47.13
pry,sex_m,ocu_skill_total,mts_details_sgle,2006,49.41
pry,sex_m,ocu_skill_total,mts_details_sgle,2007,49.06
pry,sex_m,ocu_skill_total,mts_details_sgle,2008,48.21
pry,sex_m,ocu_skill_total,mts_details_sgle,2009,47.38
pry,sex_m,ocu_skill_total,mts_details_sgle,2010,48.11
pry,sex_m,ocu_skill_total,mts_details_sgle,2011,49.36
pry,sex_m,ocu_skill_total,mts_details_sgle,2012,46.97
pry,sex_m,ocu_skill_total,mts_details_sgle,2013,46.98
pry,sex_m,ocu_skill_total,mts_details_sgle,2014,47.43
pry,sex_m,ocu_skill_total,mts_details_sgle,2015,45.24
pry,sex_m,ocu_skill_total,mts_details_sgle,2016,45.8
pry,sex_m,ocu_skill_total,mts_details_sgle,2017,44.83
pry,sex_m,ocu_skill_total,mts_details_sgle,2018,44.47
pry,sex_m,ocu_skill_total,mts_details_sgle,2019,44.23
pry,sex_m,ocu_skill_total,mts_details_sgle,2020,44.57
pry,sex_m,ocu_skill_total,mts_details_sgle,2021,44.48
pry,sex_m,ocu_skill_total,mts_details_sgle,2022,45.2
pry,sex_m,ocu_skill_total,mts_details_sgle,2023,45.45
pry,sex_m,ocu_skill_total,mts_details_sgle,2024,45.07
pry,sex_m,ocu_skill_total,mts_details_total,1998,48.22
pry,sex_m,ocu_skill_total,mts_details_total,1999,47.39
pry,sex_m,ocu_skill_total,mts_details_total,2001,47.29
pry,sex_m,ocu_skill_total,mts_details_total,2002,49.35
pry,sex_m,ocu_skill_total,mts_details_total,2003,49.33
pry,sex_m,ocu_skill_total,mts_details_total,2004,49
pry,sex_m,ocu_skill_total,mts_details_total,2005,50.06
pry,sex_m,ocu_skill_total,mts_details_total,2006,51.13
pry,sex_m,ocu_skill_total,mts_details_total,2007,51.21
pry,sex_m,ocu_skill_total,mts_details_total,2008,50.31
pry,sex_m,ocu_skill_total,mts_details_total,2009,49.51
pry,sex_m,ocu_skill_total,mts_details_total,2010,49.86
pry,sex_m,ocu_skill_total,mts_details_total,2011,51.39
pry,sex_m,ocu_skill_total,mts_details_total,2012,49.38
pry,sex_m,ocu_skill_total,mts_details_total,2013,49.02
pry,sex_m,ocu_skill_total,mts_details_total,2014,49.3
pry,sex_m,ocu_skill_total,mts_details_total,2015,47.47
pry,sex_m,ocu_skill_total,mts_details_total,2016,48.05
pry,sex_m,ocu_skill_total,mts_details_total,2017,47.13
pry,sex_m,ocu_skill_total,mts_details_total,2018,46.57
pry,sex_m,ocu_skill_total,mts_details_total,2019,46.29
pry,sex_m,ocu_skill_total,mts_details_total,2020,45.5
pry,sex_m,ocu_skill_total,mts_details_total,2021,46.06
pry,sex_m,ocu_skill_total,mts_details_total,2022,46.41
pry,sex_m,ocu_skill_total,mts_details_total,2023,46.8
pry,sex_m,ocu_skill_total,mts_details_total,2024,46.83
pry,sex_m,ocu_skill_total,mts_details_union,1998,51.76
pry,sex_m,ocu_skill_total,mts_details_union,1999,51.58
pry,sex_m,ocu_skill_total,mts_details_union,2001,48.22
pry,sex_m,ocu_skill_total,mts_details_union,2002,52
pry,sex_m,ocu_skill_total,mts_details_union,2003,52.59
pry,sex_m,ocu_skill_total,mts_details_union,2004,52.06
pry,sex_m,ocu_skill_total,mts_details_union,2005,53.59
pry,sex_m,ocu_skill_total,mts_details_union,2006,56.61
pry,sex_m,ocu_skill_total,mts_details_union,2007,54.29
pry,sex_m,ocu_skill_total,mts_details_union,2008,53.01
pry,sex_m,ocu_skill_total,mts_details_union,2009,53.32
pry,sex_m,ocu_skill_total,mts_details_union,2010,53.38
pry,sex_m,ocu_skill_total,mts_details_union,2011,54.75
pry,sex_m,ocu_skill_total,mts_details_union,2012,54.02
pry,sex_m,ocu_skill_total,mts_details_union,2013,52.47
pry,sex_m,ocu_skill_total,mts_details_union,2014,52.7
pry,sex_m,ocu_skill_total,mts_details_union,2015,50.72
pry,sex_m,ocu_skill_total,mts_details_union,2016,50.75
pry,sex_m,ocu_skill_total,mts_details_union,2017,49.86
pry,sex_m,ocu_skill_total,mts_details_union,2018,48.95
pry,sex_m,ocu_skill_total,mts_details_union,2019,49.06
pry,sex_m,ocu_skill_total,mts_details_union,2020,47.71
pry,sex_m,ocu_skill_total,mts_details_union,2021,49.07
pry,sex_m,ocu_skill_total,mts_details_union,2022,48.33
pry,sex_m,ocu_skill_total,mts_details_union,2023,49.08
pry,sex_m,ocu_skill_total,mts_details_union,2024,49.51
pry,sex_m,ocu_skill_total,mts_details_wid,1998,46.55
pry,sex_m,ocu_skill_total,mts_details_wid,1999,41.66
pry,sex_m,ocu_skill_total,mts_details_wid,2001,47.55
pry,sex_m,ocu_skill_total,mts_details_wid,2002,42.54
pry,sex_m,ocu_skill_total,mts_details_wid,2003,48.15
pry,sex_m,ocu_skill_total,mts_details_wid,2004,44.53
pry,sex_m,ocu_skill_total,mts_details_wid,2005,57.32
pry,sex_m,ocu_skill_total,mts_details_wid,2006,43.32
pry,sex_m,ocu_skill_total,mts_details_wid,2007,44.72
pry,sex_m,ocu_skill_total,mts_details_wid,2008,40.23
pry,sex_m,ocu_skill_total,mts_details_wid,2009,44.68
pry,sex_m,ocu_skill_total,mts_details_wid,2010,43.64
pry,sex_m,ocu_skill_total,mts_details_wid,2011,49.33
pry,sex_m,ocu_skill_total,mts_details_wid,2012,45.36
pry,sex_m,ocu_skill_total,mts_details_wid,2013,35.88
pry,sex_m,ocu_skill_total,mts_details_wid,2014,43.91
pry,sex_m,ocu_skill_total,mts_details_wid,2015,47.44
pry,sex_m,ocu_skill_total,mts_details_wid,2016,47.47
pry,sex_m,ocu_skill_total,mts_details_wid,2017,44.44
pry,sex_m,ocu_skill_total,mts_details_wid,2018,43.82
pry,sex_m,ocu_skill_total,mts_details_wid,2019,41.1
pry,sex_m,ocu_skill_total,mts_details_wid,2020,37.95
pry,sex_m,ocu_skill_total,mts_details_wid,2021,42.44
pry,sex_m,ocu_skill_total,mts_details_wid,2022,42.95
pry,sex_m,ocu_skill_total,mts_details_wid,2023,45.92
pry,sex_m,ocu_skill_total,mts_details_wid,2024,42.71
pry,sex_m,ocu_skill_total,mts_details_x,2020,45.4
pry,sex_m,ocu_skill_total,mts_details_x,2021,45.15
pry,sex_m,ocu_skill_x,mts_aggregate_1,2003,70.68
pry,sex_m,ocu_skill_x,mts_aggregate_1,2015,42.4
pry,sex_m,ocu_skill_x,mts_aggregate_1,2017,50.09
pry,sex_m,ocu_skill_x,mts_aggregate_1,2019,49.79
pry,sex_m,ocu_skill_x,mts_aggregate_1,2021,42.22
pry,sex_m,ocu_skill_x,mts_aggregate_1,2022,50.16
pry,sex_m,ocu_skill_x,mts_aggregate_1,2023,45.22
pry,sex_m,ocu_skill_x,mts_aggregate_1,2024,49.85
pry,sex_m,ocu_skill_x,mts_aggregate_2,2001,50.65
pry,sex_m,ocu_skill_x,mts_aggregate_2,2003,74.07
pry,sex_m,ocu_skill_x,mts_aggregate_2,2004,62.75
pry,sex_m,ocu_skill_x,mts_aggregate_2,2005,56.57
pry,sex_m,ocu_skill_x,mts_aggregate_2,2007,48.39
pry,sex_m,ocu_skill_x,mts_aggregate_2,2008,67.67
pry,sex_m,ocu_skill_x,mts_aggregate_2,2010,57.95
pry,sex_m,ocu_skill_x,mts_aggregate_2,2011,55.51
pry,sex_m,ocu_skill_x,mts_aggregate_2,2012,59.12
pry,sex_m,ocu_skill_x,mts_aggregate_2,2013,56.11
pry,sex_m,ocu_skill_x,mts_aggregate_2,2014,55.51
pry,sex_m,ocu_skill_x,mts_aggregate_2,2015,44.92
pry,sex_m,ocu_skill_x,mts_aggregate_2,2016,58.34
pry,sex_m,ocu_skill_x,mts_aggregate_2,2017,51.24
pry,sex_m,ocu_skill_x,mts_aggregate_2,2018,51.76
pry,sex_m,ocu_skill_x,mts_aggregate_2,2019,52.08
pry,sex_m,ocu_skill_x,mts_aggregate_2,2020,50.82
pry,sex_m,ocu_skill_x,mts_aggregate_2,2021,51.01
pry,sex_m,ocu_skill_x,mts_aggregate_2,2022,51.47
pry,sex_m,ocu_skill_x,mts_aggregate_2,2023,54.64
pry,sex_m,ocu_skill_x,mts_aggregate_2,2024,49.09
pry,sex_m,ocu_skill_x,mts_aggregate_total,2001,50.44
pry,sex_m,ocu_skill_x,mts_aggregate_total,2003,72.72
pry,sex_m,ocu_skill_x,mts_aggregate_total,2004,62.75
pry,sex_m,ocu_skill_x,mts_aggregate_total,2005,56.57
pry,sex_m,ocu_skill_x,mts_aggregate_total,2006,48.67
pry,sex_m,ocu_skill_x,mts_aggregate_total,2007,50.67
pry,sex_m,ocu_skill_x,mts_aggregate_total,2008,70.32
pry,sex_m,ocu_skill_x,mts_aggregate_total,2010,57.99
pry,sex_m,ocu_skill_x,mts_aggregate_total,2011,63.87
pry,sex_m,ocu_skill_x,mts_aggregate_total,2012,58.45
pry,sex_m,ocu_skill_x,mts_aggregate_total,2013,57.51
pry,sex_m,ocu_skill_x,mts_aggregate_total,2014,52.11
pry,sex_m,ocu_skill_x,mts_aggregate_total,2015,44.58
pry,sex_m,ocu_skill_x,mts_aggregate_total,2016,54.94
pry,sex_m,ocu_skill_x,mts_aggregate_total,2017,50.89
pry,sex_m,ocu_skill_x,mts_aggregate_total,2018,50.87
pry,sex_m,ocu_skill_x,mts_aggregate_total,2019,51.62
pry,sex_m,ocu_skill_x,mts_aggregate_total,2020,48.87
pry,sex_m,ocu_skill_x,mts_aggregate_total,2021,48.04
pry,sex_m,ocu_skill_x,mts_aggregate_total,2022,51.22
pry,sex_m,ocu_skill_x,mts_aggregate_total,2023,53.65
pry,sex_m,ocu_skill_x,mts_aggregate_total,2024,49.16
pry,sex_m,ocu_skill_x,mts_aggregate_x,2020,48.64
pry,sex_m,ocu_skill_x,mts_aggregate_x,2021,48.38
pry,sex_m,ocu_skill_x,mts_details_mrd,2001,50.84
pry,sex_m,ocu_skill_x,mts_details_mrd,2003,74.07
pry,sex_m,ocu_skill_x,mts_details_mrd,2004,62.75
pry,sex_m,ocu_skill_x,mts_details_mrd,2005,56.57
pry,sex_m,ocu_skill_x,mts_details_mrd,2007,48.96
pry,sex_m,ocu_skill_x,mts_details_mrd,2008,73.87
pry,sex_m,ocu_skill_x,mts_details_mrd,2010,57.95
pry,sex_m,ocu_skill_x,mts_details_mrd,2011,48.54
pry,sex_m,ocu_skill_x,mts_details_mrd,2012,59.12
pry,sex_m,ocu_skill_x,mts_details_mrd,2013,56.76
pry,sex_m,ocu_skill_x,mts_details_mrd,2014,57.45
pry,sex_m,ocu_skill_x,mts_details_mrd,2015,43.72
pry,sex_m,ocu_skill_x,mts_details_mrd,2016,58.31
pry,sex_m,ocu_skill_x,mts_details_mrd,2017,47.49
pry,sex_m,ocu_skill_x,mts_details_mrd,2018,49.14
pry,sex_m,ocu_skill_x,mts_details_mrd,2019,52.1
pry,sex_m,ocu_skill_x,mts_details_mrd,2020,52.03
pry,sex_m,ocu_skill_x,mts_details_mrd,2021,50.93
pry,sex_m,ocu_skill_x,mts_details_mrd,2022,51.54
pry,sex_m,ocu_skill_x,mts_details_mrd,2023,52.13
pry,sex_m,ocu_skill_x,mts_details_mrd,2024,50.21
pry,sex_m,ocu_skill_x,mts_details_sgle,2003,70.68
pry,sex_m,ocu_skill_x,mts_details_sgle,2017,50.09
pry,sex_m,ocu_skill_x,mts_details_sgle,2019,49.79
pry,sex_m,ocu_skill_x,mts_details_sgle,2021,42.22
pry,sex_m,ocu_skill_x,mts_details_sgle,2022,50.16
pry,sex_m,ocu_skill_x,mts_details_sgle,2023,45.22
pry,sex_m,ocu_skill_x,mts_details_sgle,2024,49.85
pry,sex_m,ocu_skill_x,mts_details_total,2001,50.44
pry,sex_m,ocu_skill_x,mts_details_total,2003,72.72
pry,sex_m,ocu_skill_x,mts_details_total,2004,62.75
pry,sex_m,ocu_skill_x,mts_details_total,2005,56.57
pry,sex_m,ocu_skill_x,mts_details_total,2006,48.67
pry,sex_m,ocu_skill_x,mts_details_total,2007,50.67
pry,sex_m,ocu_skill_x,mts_details_total,2008,70.32
pry,sex_m,ocu_skill_x,mts_details_total,2010,57.99
pry,sex_m,ocu_skill_x,mts_details_total,2011,63.87
pry,sex_m,ocu_skill_x,mts_details_total,2012,58.45
pry,sex_m,ocu_skill_x,mts_details_total,2013,57.51
pry,sex_m,ocu_skill_x,mts_details_total,2014,52.11
pry,sex_m,ocu_skill_x,mts_details_total,2015,44.58
pry,sex_m,ocu_skill_x,mts_details_total,2016,54.94
pry,sex_m,ocu_skill_x,mts_details_total,2017,50.89
pry,sex_m,ocu_skill_x,mts_details_total,2018,50.87
pry,sex_m,ocu_skill_x,mts_details_total,2019,51.62
pry,sex_m,ocu_skill_x,mts_details_total,2020,48.87
pry,sex_m,ocu_skill_x,mts_details_total,2021,48.04
pry,sex_m,ocu_skill_x,mts_details_total,2022,51.22
pry,sex_m,ocu_skill_x,mts_details_total,2023,53.65
pry,sex_m,ocu_skill_x,mts_details_total,2024,49.16
pry,sex_m,ocu_skill_x,mts_details_union,2015,47.42
pry,sex_m,ocu_skill_x,mts_details_union,2016,58.37
pry,sex_m,ocu_skill_x,mts_details_union,2017,56.83
pry,sex_m,ocu_skill_x,mts_details_union,2018,55.11
pry,sex_m,ocu_skill_x,mts_details_union,2019,52.03
pry,sex_m,ocu_skill_x,mts_details_union,2021,51.15
pry,sex_m,ocu_skill_x,mts_details_union,2022,51.43
pry,sex_m,ocu_skill_x,mts_details_union,2023,57.32
pry,sex_m,ocu_skill_x,mts_details_union,2024,46.36
pry,sex_m,ocu_skill_x,mts_details_x,2020,48.64
pry,sex_m,ocu_skill_x,mts_details_x,2021,48.38
pry,sex_t,ocu_isco08_0,mts_aggregate_1,2003,75.12
pry,sex_t,ocu_isco08_0,mts_aggregate_1,2015,42.4
pry,sex_t,ocu_isco08_0,mts_aggregate_1,2017,51.81
pry,sex_t,ocu_isco08_0,mts_aggregate_1,2019,49.22
pry,sex_t,ocu_isco08_0,mts_aggregate_1,2021,35.15
pry,sex_t,ocu_isco08_0,mts_aggregate_1,2022,59.14
pry,sex_t,ocu_isco08_0,mts_aggregate_1,2023,46.49
pry,sex_t,ocu_isco08_0,mts_aggregate_1,2024,48.71
pry,sex_t,ocu_isco08_0,mts_aggregate_2,2003,74.07
pry,sex_t,ocu_isco08_0,mts_aggregate_2,2004,61.46
pry,sex_t,ocu_isco08_0,mts_aggregate_2,2005,56.1
pry,sex_t,ocu_isco08_0,mts_aggregate_2,2007,47.67
pry,sex_t,ocu_isco08_0,mts_aggregate_2,2008,67.67
pry,sex_t,ocu_isco08_0,mts_aggregate_2,2010,57.95
pry,sex_t,ocu_isco08_0,mts_aggregate_2,2011,55.51
pry,sex_t,ocu_isco08_0,mts_aggregate_2,2012,59.12
pry,sex_t,ocu_isco08_0,mts_aggregate_2,2013,55.53
pry,sex_t,ocu_isco08_0,mts_aggregate_2,2014,55.51
pry,sex_t,ocu_isco08_0,mts_aggregate_2,2015,44.92
pry,sex_t,ocu_isco08_0,mts_aggregate_2,2016,57.49
pry,sex_t,ocu_isco08_0,mts_aggregate_2,2017,51.24
pry,sex_t,ocu_isco08_0,mts_aggregate_2,2018,52.33
pry,sex_t,ocu_isco08_0,mts_aggregate_2,2019,50.51
pry,sex_t,ocu_isco08_0,mts_aggregate_2,2020,53.59
pry,sex_t,ocu_isco08_0,mts_aggregate_2,2021,52.69
pry,sex_t,ocu_isco08_0,mts_aggregate_2,2022,52.19
pry,sex_t,ocu_isco08_0,mts_aggregate_2,2023,54.93
pry,sex_t,ocu_isco08_0,mts_aggregate_2,2024,49.06
pry,sex_t,ocu_isco08_0,mts_aggregate_total,2002,62.16
pry,sex_t,ocu_isco08_0,mts_aggregate_total,2003,74.45
pry,sex_t,ocu_isco08_0,mts_aggregate_total,2004,61.46
pry,sex_t,ocu_isco08_0,mts_aggregate_total,2005,56.1
pry,sex_t,ocu_isco08_0,mts_aggregate_total,2006,46.28
pry,sex_t,ocu_isco08_0,mts_aggregate_total,2007,49.89
pry,sex_t,ocu_isco08_0,mts_aggregate_total,2008,70.32
pry,sex_t,ocu_isco08_0,mts_aggregate_total,2010,58.56
pry,sex_t,ocu_isco08_0,mts_aggregate_total,2011,63.87
pry,sex_t,ocu_isco08_0,mts_aggregate_total,2012,58.45
pry,sex_t,ocu_isco08_0,mts_aggregate_total,2013,57.06
pry,sex_t,ocu_isco08_0,mts_aggregate_total,2014,54.69
pry,sex_t,ocu_isco08_0,mts_aggregate_total,2015,44.58
pry,sex_t,ocu_isco08_0,mts_aggregate_total,2016,56.15
pry,sex_t,ocu_isco08_0,mts_aggregate_total,2017,51.38
pry,sex_t,ocu_isco08_0,mts_aggregate_total,2018,51.97
pry,sex_t,ocu_isco08_0,mts_aggregate_total,2019,50.24
pry,sex_t,ocu_isco08_0,mts_aggregate_total,2020,51.69
pry,sex_t,ocu_isco08_0,mts_aggregate_total,2021,49.33
pry,sex_t,ocu_isco08_0,mts_aggregate_total,2022,53.69
pry,sex_t,ocu_isco08_0,mts_aggregate_total,2023,54.21
pry,sex_t,ocu_isco08_0,mts_aggregate_total,2024,49.02
pry,sex_t,ocu_isco08_0,mts_aggregate_x,2020,51.4
pry,sex_t,ocu_isco08_0,mts_aggregate_x,2021,50.11
pry,sex_t,ocu_isco08_0,mts_details_mrd,2003,74.07
pry,sex_t,ocu_isco08_0,mts_details_mrd,2004,61.46
pry,sex_t,ocu_isco08_0,mts_details_mrd,2005,56.1
pry,sex_t,ocu_isco08_0,mts_details_mrd,2007,48.15
pry,sex_t,ocu_isco08_0,mts_details_mrd,2008,73.87
pry,sex_t,ocu_isco08_0,mts_details_mrd,2010,57.95
pry,sex_t,ocu_isco08_0,mts_details_mrd,2011,48.54
pry,sex_t,ocu_isco08_0,mts_details_mrd,2012,59.12
pry,sex_t,ocu_isco08_0,mts_details_mrd,2013,56.1
pry,sex_t,ocu_isco08_0,mts_details_mrd,2014,57.45
pry,sex_t,ocu_isco08_0,mts_details_mrd,2015,43.72
pry,sex_t,ocu_isco08_0,mts_details_mrd,2016,56.2
pry,sex_t,ocu_isco08_0,mts_details_mrd,2017,47.49
pry,sex_t,ocu_isco08_0,mts_details_mrd,2018,50.14
pry,sex_t,ocu_isco08_0,mts_details_mrd,2019,50.02
pry,sex_t,ocu_isco08_0,mts_details_mrd,2020,55.48
pry,sex_t,ocu_isco08_0,mts_details_mrd,2021,51.62
pry,sex_t,ocu_isco08_0,mts_details_mrd,2022,53.17
pry,sex_t,ocu_isco08_0,mts_details_mrd,2023,52.4
pry,sex_t,ocu_isco08_0,mts_details_mrd,2024,50.14
pry,sex_t,ocu_isco08_0,mts_details_sgle,2003,75.12
pry,sex_t,ocu_isco08_0,mts_details_sgle,2017,51.81
pry,sex_t,ocu_isco08_0,mts_details_sgle,2019,49.22
pry,sex_t,ocu_isco08_0,mts_details_sgle,2021,35.15
pry,sex_t,ocu_isco08_0,mts_details_sgle,2022,59.14
pry,sex_t,ocu_isco08_0,mts_details_sgle,2023,46.49
pry,sex_t,ocu_isco08_0,mts_details_sgle,2024,48.71
pry,sex_t,ocu_isco08_0,mts_details_total,2002,62.16
pry,sex_t,ocu_isco08_0,mts_details_total,2003,74.45
pry,sex_t,ocu_isco08_0,mts_details_total,2004,61.46
pry,sex_t,ocu_isco08_0,mts_details_total,2005,56.1
pry,sex_t,ocu_isco08_0,mts_details_total,2006,46.28
pry,sex_t,ocu_isco08_0,mts_details_total,2007,49.89
pry,sex_t,ocu_isco08_0,mts_details_total,2008,70.32
pry,sex_t,ocu_isco08_0,mts_details_total,2010,58.56
pry,sex_t,ocu_isco08_0,mts_details_total,2011,63.87
pry,sex_t,ocu_isco08_0,mts_details_total,2012,58.45
pry,sex_t,ocu_isco08_0,mts_details_total,2013,57.06
pry,sex_t,ocu_isco08_0,mts_details_total,2014,54.69
pry,sex_t,ocu_isco08_0,mts_details_total,2015,44.58
pry,sex_t,ocu_isco08_0,mts_details_total,2016,56.15
pry,sex_t,ocu_isco08_0,mts_details_total,2017,51.38
pry,sex_t,ocu_isco08_0,mts_details_total,2018,51.97
pry,sex_t,ocu_isco08_0,mts_details_total,2019,50.24
pry,sex_t,ocu_isco08_0,mts_details_total,2020,51.69
pry,sex_t,ocu_isco08_0,mts_details_total,2021,49.33
pry,sex_t,ocu_isco08_0,mts_details_total,2022,53.69
pry,sex_t,ocu_isco08_0,mts_details_total,2023,54.21
pry,sex_t,ocu_isco08_0,mts_details_total,2024,49.02
pry,sex_t,ocu_isco08_0,mts_details_union,2015,47.42
pry,sex_t,ocu_isco08_0,mts_details_union,2016,58.37
pry,sex_t,ocu_isco08_0,mts_details_union,2017,56.83
pry,sex_t,ocu_isco08_0,mts_details_union,2018,55.11
pry,sex_t,ocu_isco08_0,mts_details_union,2019,52.03
pry,sex_t,ocu_isco08_0,mts_details_union,2021,55.31
pry,sex_t,ocu_isco08_0,mts_details_union,2022,51.51
pry,sex_t,ocu_isco08_0,mts_details_union,2023,57.44
pry,sex_t,ocu_isco08_0,mts_details_union,2024,46.36
pry,sex_t,ocu_isco08_0,mts_details_x,2020,51.4
pry,sex_t,ocu_isco08_0,mts_details_x,2021,50.11
pry,sex_t,ocu_isco08_1,mts_aggregate_1,1998,47.11
pry,sex_t,ocu_isco08_1,mts_aggregate_1,1999,46.02
pry,sex_t,ocu_isco08_1,mts_aggregate_1,2002,51.62
pry,sex_t,ocu_isco08_1,mts_aggregate_1,2003,42.97
pry,sex_t,ocu_isco08_1,mts_aggregate_1,2004,53.94
pry,sex_t,ocu_isco08_1,mts_aggregate_1,2005,45.24
pry,sex_t,ocu_isco08_1,mts_aggregate_1,2006,44.37
pry,sex_t,ocu_isco08_1,mts_aggregate_1,2007,44.34
pry,sex_t,ocu_isco08_1,mts_aggregate_1,2008,47.12
pry,sex_t,ocu_isco08_1,mts_aggregate_1,2009,44.63
pry,sex_t,ocu_isco08_1,mts_aggregate_1,2010,45.12
pry,sex_t,ocu_isco08_1,mts_aggregate_1,2011,46.46
pry,sex_t,ocu_isco08_1,mts_aggregate_1,2012,45.76
pry,sex_t,ocu_isco08_1,mts_aggregate_1,2013,44.85
pry,sex_t,ocu_isco08_1,mts_aggregate_1,2014,44.03
pry,sex_t,ocu_isco08_1,mts_aggregate_1,2015,48.31
pry,sex_t,ocu_isco08_1,mts_aggregate_1,2016,46.62
pry,sex_t,ocu_isco08_1,mts_aggregate_1,2017,42.45
pry,sex_t,ocu_isco08_1,mts_aggregate_1,2018,44.19
pry,sex_t,ocu_isco08_1,mts_aggregate_1,2019,45.27
pry,sex_t,ocu_isco08_1,mts_aggregate_1,2020,42.25
pry,sex_t,ocu_isco08_1,mts_aggregate_1,2021,42.18
pry,sex_t,ocu_isco08_1,mts_aggregate_1,2022,43.75
pry,sex_t,ocu_isco08_1,mts_aggregate_1,2023,44.28
pry,sex_t,ocu_isco08_1,mts_aggregate_1,2024,45.02
pry,sex_t,ocu_isco08_1,mts_aggregate_2,1998,47.47
pry,sex_t,ocu_isco08_1,mts_aggregate_2,1999,45.63
pry,sex_t,ocu_isco08_1,mts_aggregate_2,2002,44.27
pry,sex_t,ocu_isco08_1,mts_aggregate_2,2003,45.14
pry,sex_t,ocu_isco08_1,mts_aggregate_2,2004,43.37
pry,sex_t,ocu_isco08_1,mts_aggregate_2,2005,50.14
pry,sex_t,ocu_isco08_1,mts_aggregate_2,2006,43.24
pry,sex_t,ocu_isco08_1,mts_aggregate_2,2007,48.22
pry,sex_t,ocu_isco08_1,mts_aggregate_2,2008,45.73
pry,sex_t,ocu_isco08_1,mts_aggregate_2,2009,47.15
pry,sex_t,ocu_isco08_1,mts_aggregate_2,2010,45.38
pry,sex_t,ocu_isco08_1,mts_aggregate_2,2011,47.11
pry,sex_t,ocu_isco08_1,mts_aggregate_2,2012,46.57
pry,sex_t,ocu_isco08_1,mts_aggregate_2,2013,46.98
pry,sex_t,ocu_isco08_1,mts_aggregate_2,2014,46.55
pry,sex_t,ocu_isco08_1,mts_aggregate_2,2015,44.42
pry,sex_t,ocu_isco08_1,mts_aggregate_2,2016,45.79
pry,sex_t,ocu_isco08_1,mts_aggregate_2,2017,45.11
pry,sex_t,ocu_isco08_1,mts_aggregate_2,2018,43.58
pry,sex_t,ocu_isco08_1,mts_aggregate_2,2019,42.97
pry,sex_t,ocu_isco08_1,mts_aggregate_2,2020,43.55
pry,sex_t,ocu_isco08_1,mts_aggregate_2,2021,44.44
pry,sex_t,ocu_isco08_1,mts_aggregate_2,2022,44.19
pry,sex_t,ocu_isco08_1,mts_aggregate_2,2023,43.98
pry,sex_t,ocu_isco08_1,mts_aggregate_2,2024,44.96
pry,sex_t,ocu_isco08_1,mts_aggregate_total,1998,47.38
pry,sex_t,ocu_isco08_1,mts_aggregate_total,1999,45.71
pry,sex_t,ocu_isco08_1,mts_aggregate_total,2002,46
pry,sex_t,ocu_isco08_1,mts_aggregate_total,2003,44.59
pry,sex_t,ocu_isco08_1,mts_aggregate_total,2004,46.31
pry,sex_t,ocu_isco08_1,mts_aggregate_total,2005,48.46
pry,sex_t,ocu_isco08_1,mts_aggregate_total,2006,43.6
pry,sex_t,ocu_isco08_1,mts_aggregate_total,2007,47.54
pry,sex_t,ocu_isco08_1,mts_aggregate_total,2008,46.14
pry,sex_t,ocu_isco08_1,mts_aggregate_total,2009,46.22
pry,sex_t,ocu_isco08_1,mts_aggregate_total,2010,45.31
pry,sex_t,ocu_isco08_1,mts_aggregate_total,2011,46.86
pry,sex_t,ocu_isco08_1,mts_aggregate_total,2012,46.29
pry,sex_t,ocu_isco08_1,mts_aggregate_total,2013,46.28
pry,sex_t,ocu_isco08_1,mts_aggregate_total,2014,45.65
pry,sex_t,ocu_isco08_1,mts_aggregate_total,2015,45.75
pry,sex_t,ocu_isco08_1,mts_aggregate_total,2016,46.02
pry,sex_t,ocu_isco08_1,mts_aggregate_total,2017,44.35
pry,sex_t,ocu_isco08_1,mts_aggregate_total,2018,43.76
pry,sex_t,ocu_isco08_1,mts_aggregate_total,2019,43.65
pry,sex_t,ocu_isco08_1,mts_aggregate_total,2020,42.74
pry,sex_t,ocu_isco08_1,mts_aggregate_total,2021,43.16
pry,sex_t,ocu_isco08_1,mts_aggregate_total,2022,44.05
pry,sex_t,ocu_isco08_1,mts_aggregate_total,2023,44.08
pry,sex_t,ocu_isco08_1,mts_aggregate_total,2024,44.98
pry,sex_t,ocu_isco08_1,mts_aggregate_x,2020,42.57
pry,sex_t,ocu_isco08_1,mts_aggregate_x,2021,40.75
pry,sex_t,ocu_isco08_1,mts_details_mrd,1998,47.67
pry,sex_t,ocu_isco08_1,mts_details_mrd,1999,45.64
pry,sex_t,ocu_isco08_1,mts_details_mrd,2002,43.95
pry,sex_t,ocu_isco08_1,mts_details_mrd,2003,45.07
pry,sex_t,ocu_isco08_1,mts_details_mrd,2004,43.41
pry,sex_t,ocu_isco08_1,mts_details_mrd,2005,49.71
pry,sex_t,ocu_isco08_1,mts_details_mrd,2006,43.14
pry,sex_t,ocu_isco08_1,mts_details_mrd,2007,48.48
pry,sex_t,ocu_isco08_1,mts_details_mrd,2008,45.48
pry,sex_t,ocu_isco08_1,mts_details_mrd,2009,48.59
pry,sex_t,ocu_isco08_1,mts_details_mrd,2010,44.63
pry,sex_t,ocu_isco08_1,mts_details_mrd,2011,46.81
pry,sex_t,ocu_isco08_1,mts_details_mrd,2012,45.67
pry,sex_t,ocu_isco08_1,mts_details_mrd,2013,46.4
pry,sex_t,ocu_isco08_1,mts_details_mrd,2014,44.93
pry,sex_t,ocu_isco08_1,mts_details_mrd,2015,44.36
pry,sex_t,ocu_isco08_1,mts_details_mrd,2016,44.41
pry,sex_t,ocu_isco08_1,mts_details_mrd,2017,44.49
pry,sex_t,ocu_isco08_1,mts_details_mrd,2018,42.41
pry,sex_t,ocu_isco08_1,mts_details_mrd,2019,42.35
pry,sex_t,ocu_isco08_1,mts_details_mrd,2020,43.02
pry,sex_t,ocu_isco08_1,mts_details_mrd,2021,43.47
pry,sex_t,ocu_isco08_1,mts_details_mrd,2022,43.04
pry,sex_t,ocu_isco08_1,mts_details_mrd,2023,43.09
pry,sex_t,ocu_isco08_1,mts_details_mrd,2024,44.29
pry,sex_t,ocu_isco08_1,mts_details_sep,1999,44.82
pry,sex_t,ocu_isco08_1,mts_details_sep,2003,47.22
pry,sex_t,ocu_isco08_1,mts_details_sep,2004,52.59
pry,sex_t,ocu_isco08_1,mts_details_sep,2005,41.48
pry,sex_t,ocu_isco08_1,mts_details_sep,2006,49.78
pry,sex_t,ocu_isco08_1,mts_details_sep,2008,45.03
pry,sex_t,ocu_isco08_1,mts_details_sep,2009,44.64
pry,sex_t,ocu_isco08_1,mts_details_sep,2011,46.02
pry,sex_t,ocu_isco08_1,mts_details_sep,2012,44.5
pry,sex_t,ocu_isco08_1,mts_details_sep,2013,45.32
pry,sex_t,ocu_isco08_1,mts_details_sep,2014,40.75
pry,sex_t,ocu_isco08_1,mts_details_sep,2015,56.17
pry,sex_t,ocu_isco08_1,mts_details_sep,2016,48.38
pry,sex_t,ocu_isco08_1,mts_details_sep,2017,36.62
pry,sex_t,ocu_isco08_1,mts_details_sep,2018,42.23
pry,sex_t,ocu_isco08_1,mts_details_sep,2019,40.79
pry,sex_t,ocu_isco08_1,mts_details_sep,2020,44.94
pry,sex_t,ocu_isco08_1,mts_details_sep,2021,39.38
pry,sex_t,ocu_isco08_1,mts_details_sep,2022,44.63
pry,sex_t,ocu_isco08_1,mts_details_sep,2023,43.23
pry,sex_t,ocu_isco08_1,mts_details_sep,2024,41.35
pry,sex_t,ocu_isco08_1,mts_details_sgle,1998,45.47
pry,sex_t,ocu_isco08_1,mts_details_sgle,1999,45.96
pry,sex_t,ocu_isco08_1,mts_details_sgle,2002,54.25
pry,sex_t,ocu_isco08_1,mts_details_sgle,2003,43.69
pry,sex_t,ocu_isco08_1,mts_details_sgle,2004,55.32
pry,sex_t,ocu_isco08_1,mts_details_sgle,2005,46.34
pry,sex_t,ocu_isco08_1,mts_details_sgle,2006,43.53
pry,sex_t,ocu_isco08_1,mts_details_sgle,2007,45.56
pry,sex_t,ocu_isco08_1,mts_details_sgle,2008,47.59
pry,sex_t,ocu_isco08_1,mts_details_sgle,2009,44.88
pry,sex_t,ocu_isco08_1,mts_details_sgle,2010,44.87
pry,sex_t,ocu_isco08_1,mts_details_sgle,2011,46.54
pry,sex_t,ocu_isco08_1,mts_details_sgle,2012,47.04
pry,sex_t,ocu_isco08_1,mts_details_sgle,2013,44.58
pry,sex_t,ocu_isco08_1,mts_details_sgle,2014,44.49
pry,sex_t,ocu_isco08_1,mts_details_sgle,2015,48.27
pry,sex_t,ocu_isco08_1,mts_details_sgle,2016,45.85
pry,sex_t,ocu_isco08_1,mts_details_sgle,2017,43.46
pry,sex_t,ocu_isco08_1,mts_details_sgle,2018,44.44
pry,sex_t,ocu_isco08_1,mts_details_sgle,2019,46.07
pry,sex_t,ocu_isco08_1,mts_details_sgle,2020,41.5
pry,sex_t,ocu_isco08_1,mts_details_sgle,2021,43.29
pry,sex_t,ocu_isco08_1,mts_details_sgle,2022,44.14
pry,sex_t,ocu_isco08_1,mts_details_sgle,2023,44.49
pry,sex_t,ocu_isco08_1,mts_details_sgle,2024,46.01
pry,sex_t,ocu_isco08_1,mts_details_total,1998,47.38
pry,sex_t,ocu_isco08_1,mts_details_total,1999,45.71
pry,sex_t,ocu_isco08_1,mts_details_total,2002,46
pry,sex_t,ocu_isco08_1,mts_details_total,2003,44.59
pry,sex_t,ocu_isco08_1,mts_details_total,2004,46.31
pry,sex_t,ocu_isco08_1,mts_details_total,2005,48.46
pry,sex_t,ocu_isco08_1,mts_details_total,2006,43.6
pry,sex_t,ocu_isco08_1,mts_details_total,2007,47.54
pry,sex_t,ocu_isco08_1,mts_details_total,2008,46.14
pry,sex_t,ocu_isco08_1,mts_details_total,2009,46.22
pry,sex_t,ocu_isco08_1,mts_details_total,2010,45.31
pry,sex_t,ocu_isco08_1,mts_details_total,2011,46.86
pry,sex_t,ocu_isco08_1,mts_details_total,2012,46.29
pry,sex_t,ocu_isco08_1,mts_details_total,2013,46.28
pry,sex_t,ocu_isco08_1,mts_details_total,2014,45.65
pry,sex_t,ocu_isco08_1,mts_details_total,2015,45.75
pry,sex_t,ocu_isco08_1,mts_details_total,2016,46.02
pry,sex_t,ocu_isco08_1,mts_details_total,2017,44.35
pry,sex_t,ocu_isco08_1,mts_details_total,2018,43.76
pry,sex_t,ocu_isco08_1,mts_details_total,2019,43.65
pry,sex_t,ocu_isco08_1,mts_details_total,2020,42.74
pry,sex_t,ocu_isco08_1,mts_details_total,2021,43.16
pry,sex_t,ocu_isco08_1,mts_details_total,2022,44.05
pry,sex_t,ocu_isco08_1,mts_details_total,2023,44.08
pry,sex_t,ocu_isco08_1,mts_details_total,2024,44.98
pry,sex_t,ocu_isco08_1,mts_details_union,1998,45.8
pry,sex_t,ocu_isco08_1,mts_details_union,1999,45.56
pry,sex_t,ocu_isco08_1,mts_details_union,2002,45.69
pry,sex_t,ocu_isco08_1,mts_details_union,2003,45.87
pry,sex_t,ocu_isco08_1,mts_details_union,2004,43.22
pry,sex_t,ocu_isco08_1,mts_details_union,2005,52.66
pry,sex_t,ocu_isco08_1,mts_details_union,2006,43.8
pry,sex_t,ocu_isco08_1,mts_details_union,2007,46.92
pry,sex_t,ocu_isco08_1,mts_details_union,2008,46.85
pry,sex_t,ocu_isco08_1,mts_details_union,2009,43.12
pry,sex_t,ocu_isco08_1,mts_details_union,2010,51.08
pry,sex_t,ocu_isco08_1,mts_details_union,2011,48.2
pry,sex_t,ocu_isco08_1,mts_details_union,2012,49.17
pry,sex_t,ocu_isco08_1,mts_details_union,2013,50.77
pry,sex_t,ocu_isco08_1,mts_details_union,2014,53.5
pry,sex_t,ocu_isco08_1,mts_details_union,2015,44.74
pry,sex_t,ocu_isco08_1,mts_details_union,2016,51.21
pry,sex_t,ocu_isco08_1,mts_details_union,2017,46.65
pry,sex_t,ocu_isco08_1,mts_details_union,2018,46.4
pry,sex_t,ocu_isco08_1,mts_details_union,2019,44.4
pry,sex_t,ocu_isco08_1,mts_details_union,2020,44.49
pry,sex_t,ocu_isco08_1,mts_details_union,2021,46.61
pry,sex_t,ocu_isco08_1,mts_details_union,2022,46.56
pry,sex_t,ocu_isco08_1,mts_details_union,2023,45.55
pry,sex_t,ocu_isco08_1,mts_details_union,2024,46.75
pry,sex_t,ocu_isco08_1,mts_details_wid,1998,53.82
pry,sex_t,ocu_isco08_1,mts_details_wid,2014,43.49
pry,sex_t,ocu_isco08_1,mts_details_wid,2017,31.66
pry,sex_t,ocu_isco08_1,mts_details_wid,2018,46.13
pry,sex_t,ocu_isco08_1,mts_details_wid,2021,29.23
pry,sex_t,ocu_isco08_1,mts_details_wid,2022,31.62
pry,sex_t,ocu_isco08_1,mts_details_wid,2023,43.01
pry,sex_t,ocu_isco08_1,mts_details_wid,2024,36.88
pry,sex_t,ocu_isco08_1,mts_details_x,2020,42.57
pry,sex_t,ocu_isco08_1,mts_details_x,2021,40.75
pry,sex_t,ocu_isco08_2,mts_aggregate_1,2002,30.63
pry,sex_t,ocu_isco08_2,mts_aggregate_1,2003,31.06
pry,sex_t,ocu_isco08_2,mts_aggregate_1,2004,32.5
pry,sex_t,ocu_isco08_2,mts_aggregate_1,2005,30.36
pry,sex_t,ocu_isco08_2,mts_aggregate_1,2006,34.15
pry,sex_t,ocu_isco08_2,mts_aggregate_1,2007,35.21
pry,sex_t,ocu_isco08_2,mts_aggregate_1,2008,33.62
pry,sex_t,ocu_isco08_2,mts_aggregate_1,2009,34.71
pry,sex_t,ocu_isco08_2,mts_aggregate_1,2010,36.71
pry,sex_t,ocu_isco08_2,mts_aggregate_1,2011,38.29
pry,sex_t,ocu_isco08_2,mts_aggregate_1,2012,35.72
pry,sex_t,ocu_isco08_2,mts_aggregate_1,2013,36.63
pry,sex_t,ocu_isco08_2,mts_aggregate_1,2014,33.48
pry,sex_t,ocu_isco08_2,mts_aggregate_1,2015,34.5
pry,sex_t,ocu_isco08_2,mts_aggregate_1,2016,35.18
pry,sex_t,ocu_isco08_2,mts_aggregate_1,2017,33.98
pry,sex_t,ocu_isco08_2,mts_aggregate_1,2018,32.98
pry,sex_t,ocu_isco08_2,mts_aggregate_1,2019,31.81
pry,sex_t,ocu_isco08_2,mts_aggregate_1,2020,32.15
pry,sex_t,ocu_isco08_2,mts_aggregate_1,2021,33.7
pry,sex_t,ocu_isco08_2,mts_aggregate_1,2022,35.02
pry,sex_t,ocu_isco08_2,mts_aggregate_1,2023,34.07
pry,sex_t,ocu_isco08_2,mts_aggregate_1,2024,34.68
pry,sex_t,ocu_isco08_2,mts_aggregate_2,2002,34.87
pry,sex_t,ocu_isco08_2,mts_aggregate_2,2003,33.73
pry,sex_t,ocu_isco08_2,mts_aggregate_2,2004,34.21
pry,sex_t,ocu_isco08_2,mts_aggregate_2,2005,33.09
pry,sex_t,ocu_isco08_2,mts_aggregate_2,2006,36.98
pry,sex_t,ocu_isco08_2,mts_aggregate_2,2007,36.31
pry,sex_t,ocu_isco08_2,mts_aggregate_2,2008,34.28
pry,sex_t,ocu_isco08_2,mts_aggregate_2,2009,36.66
pry,sex_t,ocu_isco08_2,mts_aggregate_2,2010,36.13
pry,sex_t,ocu_isco08_2,mts_aggregate_2,2011,38.28
pry,sex_t,ocu_isco08_2,mts_aggregate_2,2012,33.88
pry,sex_t,ocu_isco08_2,mts_aggregate_2,2013,36.17
pry,sex_t,ocu_isco08_2,mts_aggregate_2,2014,33
pry,sex_t,ocu_isco08_2,mts_aggregate_2,2015,34.12
pry,sex_t,ocu_isco08_2,mts_aggregate_2,2016,35.32
pry,sex_t,ocu_isco08_2,mts_aggregate_2,2017,32.57
pry,sex_t,ocu_isco08_2,mts_aggregate_2,2018,31.7
pry,sex_t,ocu_isco08_2,mts_aggregate_2,2019,31.38
pry,sex_t,ocu_isco08_2,mts_aggregate_2,2020,33.12
pry,sex_t,ocu_isco08_2,mts_aggregate_2,2021,32.59
pry,sex_t,ocu_isco08_2,mts_aggregate_2,2022,33.23
pry,sex_t,ocu_isco08_2,mts_aggregate_2,2023,33.21
pry,sex_t,ocu_isco08_2,mts_aggregate_2,2024,32.73
pry,sex_t,ocu_isco08_2,mts_aggregate_total,2002,33.2
pry,sex_t,ocu_isco08_2,mts_aggregate_total,2003,32.83
pry,sex_t,ocu_isco08_2,mts_aggregate_total,2004,33.62
pry,sex_t,ocu_isco08_2,mts_aggregate_total,2005,32.24
pry,sex_t,ocu_isco08_2,mts_aggregate_total,2006,36.03
pry,sex_t,ocu_isco08_2,mts_aggregate_total,2007,35.89
pry,sex_t,ocu_isco08_2,mts_aggregate_total,2008,34.05
pry,sex_t,ocu_isco08_2,mts_aggregate_total,2009,35.98
pry,sex_t,ocu_isco08_2,mts_aggregate_total,2010,36.32
pry,sex_t,ocu_isco08_2,mts_aggregate_total,2011,38.28
pry,sex_t,ocu_isco08_2,mts_aggregate_total,2012,34.44
pry,sex_t,ocu_isco08_2,mts_aggregate_total,2013,36.34
pry,sex_t,ocu_isco08_2,mts_aggregate_total,2014,33.19
pry,sex_t,ocu_isco08_2,mts_aggregate_total,2015,34.26
pry,sex_t,ocu_isco08_2,mts_aggregate_total,2016,35.27
pry,sex_t,ocu_isco08_2,mts_aggregate_total,2017,33.03
pry,sex_t,ocu_isco08_2,mts_aggregate_total,2018,32.12
pry,sex_t,ocu_isco08_2,mts_aggregate_total,2019,31.51
pry,sex_t,ocu_isco08_2,mts_aggregate_total,2020,33.79
pry,sex_t,ocu_isco08_2,mts_aggregate_total,2021,33.76
pry,sex_t,ocu_isco08_2,mts_aggregate_total,2022,33.86
pry,sex_t,ocu_isco08_2,mts_aggregate_total,2023,33.52
pry,sex_t,ocu_isco08_2,mts_aggregate_total,2024,33.45
pry,sex_t,ocu_isco08_2,mts_aggregate_x,2020,34.2
pry,sex_t,ocu_isco08_2,mts_aggregate_x,2021,35.62
pry,sex_t,ocu_isco08_2,mts_details_mrd,2002,35.05
pry,sex_t,ocu_isco08_2,mts_details_mrd,2003,33.84
pry,sex_t,ocu_isco08_2,mts_details_mrd,2004,35.04
pry,sex_t,ocu_isco08_2,mts_details_mrd,2005,32.71
pry,sex_t,ocu_isco08_2,mts_details_mrd,2006,37.63
pry,sex_t,ocu_isco08_2,mts_details_mrd,2007,35.98
pry,sex_t,ocu_isco08_2,mts_details_mrd,2008,33.73
pry,sex_t,ocu_isco08_2,mts_details_mrd,2009,35.68
pry,sex_t,ocu_isco08_2,mts_details_mrd,2010,35.91
pry,sex_t,ocu_isco08_2,mts_details_mrd,2011,39.5
pry,sex_t,ocu_isco08_2,mts_details_mrd,2012,33.63
pry,sex_t,ocu_isco08_2,mts_details_mrd,2013,36.41
pry,sex_t,ocu_isco08_2,mts_details_mrd,2014,33.52
pry,sex_t,ocu_isco08_2,mts_details_mrd,2015,34.02
pry,sex_t,ocu_isco08_2,mts_details_mrd,2016,34.58
pry,sex_t,ocu_isco08_2,mts_details_mrd,2017,32.86
pry,sex_t,ocu_isco08_2,mts_details_mrd,2018,31.34
pry,sex_t,ocu_isco08_2,mts_details_mrd,2019,31.49
pry,sex_t,ocu_isco08_2,mts_details_mrd,2020,34.29
pry,sex_t,ocu_isco08_2,mts_details_mrd,2021,31.86
pry,sex_t,ocu_isco08_2,mts_details_mrd,2022,33.28
pry,sex_t,ocu_isco08_2,mts_details_mrd,2023,33.91
pry,sex_t,ocu_isco08_2,mts_details_mrd,2024,32.32
pry,sex_t,ocu_isco08_2,mts_details_sep,2002,35.7
pry,sex_t,ocu_isco08_2,mts_details_sep,2003,30.16
pry,sex_t,ocu_isco08_2,mts_details_sep,2004,39.8
pry,sex_t,ocu_isco08_2,mts_details_sep,2005,31.34
pry,sex_t,ocu_isco08_2,mts_details_sep,2006,30.19
pry,sex_t,ocu_isco08_2,mts_details_sep,2007,28.44
pry,sex_t,ocu_isco08_2,mts_details_sep,2008,33.8
pry,sex_t,ocu_isco08_2,mts_details_sep,2009,29.93
pry,sex_t,ocu_isco08_2,mts_details_sep,2010,31.88
pry,sex_t,ocu_isco08_2,mts_details_sep,2011,38.65
pry,sex_t,ocu_isco08_2,mts_details_sep,2012,33.08
pry,sex_t,ocu_isco08_2,mts_details_sep,2013,37.92
pry,sex_t,ocu_isco08_2,mts_details_sep,2014,33.34
pry,sex_t,ocu_isco08_2,mts_details_sep,2015,30.77
pry,sex_t,ocu_isco08_2,mts_details_sep,2016,36.27
pry,sex_t,ocu_isco08_2,mts_details_sep,2017,31.15
pry,sex_t,ocu_isco08_2,mts_details_sep,2018,35.43
pry,sex_t,ocu_isco08_2,mts_details_sep,2019,31.78
pry,sex_t,ocu_isco08_2,mts_details_sep,2020,27.56
pry,sex_t,ocu_isco08_2,mts_details_sep,2021,30.22
pry,sex_t,ocu_isco08_2,mts_details_sep,2022,33.98
pry,sex_t,ocu_isco08_2,mts_details_sep,2023,28.31
pry,sex_t,ocu_isco08_2,mts_details_sep,2024,32.14
pry,sex_t,ocu_isco08_2,mts_details_sgle,2002,30.27
pry,sex_t,ocu_isco08_2,mts_details_sgle,2003,31.14
pry,sex_t,ocu_isco08_2,mts_details_sgle,2004,32.17
pry,sex_t,ocu_isco08_2,mts_details_sgle,2005,30.64
pry,sex_t,ocu_isco08_2,mts_details_sgle,2006,35.51
pry,sex_t,ocu_isco08_2,mts_details_sgle,2007,36.18
pry,sex_t,ocu_isco08_2,mts_details_sgle,2008,33.14
pry,sex_t,ocu_isco08_2,mts_details_sgle,2009,35.46
pry,sex_t,ocu_isco08_2,mts_details_sgle,2010,37.24
pry,sex_t,ocu_isco08_2,mts_details_sgle,2011,38.3
pry,sex_t,ocu_isco08_2,mts_details_sgle,2012,36.08
pry,sex_t,ocu_isco08_2,mts_details_sgle,2013,36.59
pry,sex_t,ocu_isco08_2,mts_details_sgle,2014,33.65
pry,sex_t,ocu_isco08_2,mts_details_sgle,2015,34.8
pry,sex_t,ocu_isco08_2,mts_details_sgle,2016,35.06
pry,sex_t,ocu_isco08_2,mts_details_sgle,2017,34.92
pry,sex_t,ocu_isco08_2,mts_details_sgle,2018,32.73
pry,sex_t,ocu_isco08_2,mts_details_sgle,2019,32.18
pry,sex_t,ocu_isco08_2,mts_details_sgle,2020,33.31
pry,sex_t,ocu_isco08_2,mts_details_sgle,2021,34.4
pry,sex_t,ocu_isco08_2,mts_details_sgle,2022,35.34
pry,sex_t,ocu_isco08_2,mts_details_sgle,2023,35.52
pry,sex_t,ocu_isco08_2,mts_details_sgle,2024,35.11
pry,sex_t,ocu_isco08_2,mts_details_total,2002,33.2
pry,sex_t,ocu_isco08_2,mts_details_total,2003,32.83
pry,sex_t,ocu_isco08_2,mts_details_total,2004,33.62
pry,sex_t,ocu_isco08_2,mts_details_total,2005,32.24
pry,sex_t,ocu_isco08_2,mts_details_total,2006,36.03
pry,sex_t,ocu_isco08_2,mts_details_total,2007,35.89
pry,sex_t,ocu_isco08_2,mts_details_total,2008,34.05
pry,sex_t,ocu_isco08_2,mts_details_total,2009,35.98
pry,sex_t,ocu_isco08_2,mts_details_total,2010,36.32
pry,sex_t,ocu_isco08_2,mts_details_total,2011,38.28
pry,sex_t,ocu_isco08_2,mts_details_total,2012,34.44
pry,sex_t,ocu_isco08_2,mts_details_total,2013,36.34
pry,sex_t,ocu_isco08_2,mts_details_total,2014,33.19
pry,sex_t,ocu_isco08_2,mts_details_total,2015,34.26
pry,sex_t,ocu_isco08_2,mts_details_total,2016,35.27
pry,sex_t,ocu_isco08_2,mts_details_total,2017,33.03
pry,sex_t,ocu_isco08_2,mts_details_total,2018,32.12
pry,sex_t,ocu_isco08_2,mts_details_total,2019,31.51
pry,sex_t,ocu_isco08_2,mts_details_total,2020,33.79
pry,sex_t,ocu_isco08_2,mts_details_total,2021,33.76
pry,sex_t,ocu_isco08_2,mts_details_total,2022,33.86
pry,sex_t,ocu_isco08_2,mts_details_total,2023,33.52
pry,sex_t,ocu_isco08_2,mts_details_total,2024,33.45
pry,sex_t,ocu_isco08_2,mts_details_union,2002,33.23
pry,sex_t,ocu_isco08_2,mts_details_union,2003,32.66
pry,sex_t,ocu_isco08_2,mts_details_union,2004,30.18
pry,sex_t,ocu_isco08_2,mts_details_union,2005,35.78
pry,sex_t,ocu_isco08_2,mts_details_union,2006,31.49
pry,sex_t,ocu_isco08_2,mts_details_union,2007,40.2
pry,sex_t,ocu_isco08_2,mts_details_union,2008,38.29
pry,sex_t,ocu_isco08_2,mts_details_union,2009,41.25
pry,sex_t,ocu_isco08_2,mts_details_union,2010,37.8
pry,sex_t,ocu_isco08_2,mts_details_union,2011,31.1
pry,sex_t,ocu_isco08_2,mts_details_union,2012,34.99
pry,sex_t,ocu_isco08_2,mts_details_union,2013,35
pry,sex_t,ocu_isco08_2,mts_details_union,2014,30.89
pry,sex_t,ocu_isco08_2,mts_details_union,2015,34.51
pry,sex_t,ocu_isco08_2,mts_details_union,2016,37.3
pry,sex_t,ocu_isco08_2,mts_details_union,2017,31.63
pry,sex_t,ocu_isco08_2,mts_details_union,2018,32.64
pry,sex_t,ocu_isco08_2,mts_details_union,2019,31.07
pry,sex_t,ocu_isco08_2,mts_details_union,2020,29.55
pry,sex_t,ocu_isco08_2,mts_details_union,2021,34.06
pry,sex_t,ocu_isco08_2,mts_details_union,2022,33.11
pry,sex_t,ocu_isco08_2,mts_details_union,2023,31.65
pry,sex_t,ocu_isco08_2,mts_details_union,2024,33.61
pry,sex_t,ocu_isco08_2,mts_details_wid,2003,30.45
pry,sex_t,ocu_isco08_2,mts_details_wid,2004,18.49
pry,sex_t,ocu_isco08_2,mts_details_wid,2011,37.04
pry,sex_t,ocu_isco08_2,mts_details_wid,2013,33.85
pry,sex_t,ocu_isco08_2,mts_details_wid,2015,41.29
pry,sex_t,ocu_isco08_2,mts_details_wid,2016,33.11
pry,sex_t,ocu_isco08_2,mts_details_wid,2017,24.21
pry,sex_t,ocu_isco08_2,mts_details_wid,2018,31.06
pry,sex_t,ocu_isco08_2,mts_details_wid,2019,24.8
pry,sex_t,ocu_isco08_2,mts_details_wid,2020,29.27
pry,sex_t,ocu_isco08_2,mts_details_wid,2021,30.59
pry,sex_t,ocu_isco08_2,mts_details_wid,2022,32.59
pry,sex_t,ocu_isco08_2,mts_details_wid,2023,31.39
pry,sex_t,ocu_isco08_2,mts_details_wid,2024,34.98
pry,sex_t,ocu_isco08_2,mts_details_x,2020,34.2
pry,sex_t,ocu_isco08_2,mts_details_x,2021,35.62
pry,sex_t,ocu_isco08_3,mts_aggregate_1,1998,37.91
pry,sex_t,ocu_isco08_3,mts_aggregate_1,1999,36.97
pry,sex_t,ocu_isco08_3,mts_aggregate_1,2002,34.01
pry,sex_t,ocu_isco08_3,mts_aggregate_1,2003,37.18
pry,sex_t,ocu_isco08_3,mts_aggregate_1,2004,37.83
pry,sex_t,ocu_isco08_3,mts_aggregate_1,2005,38.48
pry,sex_t,ocu_isco08_3,mts_aggregate_1,2006,40.91
pry,sex_t,ocu_isco08_3,mts_aggregate_1,2007,40.83
pry,sex_t,ocu_isco08_3,mts_aggregate_1,2008,40.8
pry,sex_t,ocu_isco08_3,mts_aggregate_1,2009,38.4
pry,sex_t,ocu_isco08_3,mts_aggregate_1,2010,39.87
pry,sex_t,ocu_isco08_3,mts_aggregate_1,2011,41.85
pry,sex_t,ocu_isco08_3,mts_aggregate_1,2012,38.84
pry,sex_t,ocu_isco08_3,mts_aggregate_1,2013,40.58
pry,sex_t,ocu_isco08_3,mts_aggregate_1,2014,41.21
pry,sex_t,ocu_isco08_3,mts_aggregate_1,2015,38.98
pry,sex_t,ocu_isco08_3,mts_aggregate_1,2016,38.68
pry,sex_t,ocu_isco08_3,mts_aggregate_1,2017,39.56
pry,sex_t,ocu_isco08_3,mts_aggregate_1,2018,37.84
pry,sex_t,ocu_isco08_3,mts_aggregate_1,2019,37
pry,sex_t,ocu_isco08_3,mts_aggregate_1,2020,38.19
pry,sex_t,ocu_isco08_3,mts_aggregate_1,2021,38.79
pry,sex_t,ocu_isco08_3,mts_aggregate_1,2022,38.59
pry,sex_t,ocu_isco08_3,mts_aggregate_1,2023,39.31
pry,sex_t,ocu_isco08_3,mts_aggregate_1,2024,38.3
pry,sex_t,ocu_isco08_3,mts_aggregate_2,1998,37.08
pry,sex_t,ocu_isco08_3,mts_aggregate_2,1999,36.53
pry,sex_t,ocu_isco08_3,mts_aggregate_2,2002,40.97
pry,sex_t,ocu_isco08_3,mts_aggregate_2,2003,42.07
pry,sex_t,ocu_isco08_3,mts_aggregate_2,2004,42.15
pry,sex_t,ocu_isco08_3,mts_aggregate_2,2005,41.72
pry,sex_t,ocu_isco08_3,mts_aggregate_2,2006,42.64
pry,sex_t,ocu_isco08_3,mts_aggregate_2,2007,41.95
pry,sex_t,ocu_isco08_3,mts_aggregate_2,2008,42.71
pry,sex_t,ocu_isco08_3,mts_aggregate_2,2009,40.75
pry,sex_t,ocu_isco08_3,mts_aggregate_2,2010,42.66
pry,sex_t,ocu_isco08_3,mts_aggregate_2,2011,41.6
pry,sex_t,ocu_isco08_3,mts_aggregate_2,2012,39.91
pry,sex_t,ocu_isco08_3,mts_aggregate_2,2013,43.43
pry,sex_t,ocu_isco08_3,mts_aggregate_2,2014,43.43
pry,sex_t,ocu_isco08_3,mts_aggregate_2,2015,40.83
pry,sex_t,ocu_isco08_3,mts_aggregate_2,2016,41.96
pry,sex_t,ocu_isco08_3,mts_aggregate_2,2017,40.42
pry,sex_t,ocu_isco08_3,mts_aggregate_2,2018,39.6
pry,sex_t,ocu_isco08_3,mts_aggregate_2,2019,40.51
pry,sex_t,ocu_isco08_3,mts_aggregate_2,2020,38.68
pry,sex_t,ocu_isco08_3,mts_aggregate_2,2021,39.1
pry,sex_t,ocu_isco08_3,mts_aggregate_2,2022,38.57
pry,sex_t,ocu_isco08_3,mts_aggregate_2,2023,40.05
pry,sex_t,ocu_isco08_3,mts_aggregate_2,2024,39.51
pry,sex_t,ocu_isco08_3,mts_aggregate_total,1998,37.36
pry,sex_t,ocu_isco08_3,mts_aggregate_total,1999,36.68
pry,sex_t,ocu_isco08_3,mts_aggregate_total,2002,38.06
pry,sex_t,ocu_isco08_3,mts_aggregate_total,2003,40.2
pry,sex_t,ocu_isco08_3,mts_aggregate_total,2004,40.38
pry,sex_t,ocu_isco08_3,mts_aggregate_total,2005,40.22
pry,sex_t,ocu_isco08_3,mts_aggregate_total,2006,41.85
pry,sex_t,ocu_isco08_3,mts_aggregate_total,2007,41.39
pry,sex_t,ocu_isco08_3,mts_aggregate_total,2008,41.83
pry,sex_t,ocu_isco08_3,mts_aggregate_total,2009,39.58
pry,sex_t,ocu_isco08_3,mts_aggregate_total,2010,41.29
pry,sex_t,ocu_isco08_3,mts_aggregate_total,2011,41.74
pry,sex_t,ocu_isco08_3,mts_aggregate_total,2012,39.33
pry,sex_t,ocu_isco08_3,mts_aggregate_total,2013,41.85
pry,sex_t,ocu_isco08_3,mts_aggregate_total,2014,42.24
pry,sex_t,ocu_isco08_3,mts_aggregate_total,2015,39.81
pry,sex_t,ocu_isco08_3,mts_aggregate_total,2016,40.23
pry,sex_t,ocu_isco08_3,mts_aggregate_total,2017,39.99
pry,sex_t,ocu_isco08_3,mts_aggregate_total,2018,38.74
pry,sex_t,ocu_isco08_3,mts_aggregate_total,2019,38.67
pry,sex_t,ocu_isco08_3,mts_aggregate_total,2020,38.48
pry,sex_t,ocu_isco08_3,mts_aggregate_total,2021,38.98
pry,sex_t,ocu_isco08_3,mts_aggregate_total,2022,38.58
pry,sex_t,ocu_isco08_3,mts_aggregate_total,2023,39.66
pry,sex_t,ocu_isco08_3,mts_aggregate_total,2024,38.9
pry,sex_t,ocu_isco08_3,mts_aggregate_x,2020,38.49
pry,sex_t,ocu_isco08_3,mts_aggregate_x,2021,39.06
pry,sex_t,ocu_isco08_3,mts_details_mrd,1998,37.44
pry,sex_t,ocu_isco08_3,mts_details_mrd,1999,36.44
pry,sex_t,ocu_isco08_3,mts_details_mrd,2002,42.51
pry,sex_t,ocu_isco08_3,mts_details_mrd,2003,40.84
pry,sex_t,ocu_isco08_3,mts_details_mrd,2004,42.26
pry,sex_t,ocu_isco08_3,mts_details_mrd,2005,41.69
pry,sex_t,ocu_isco08_3,mts_details_mrd,2006,42.86
pry,sex_t,ocu_isco08_3,mts_details_mrd,2007,43.89
pry,sex_t,ocu_isco08_3,mts_details_mrd,2008,41.08
pry,sex_t,ocu_isco08_3,mts_details_mrd,2009,39.38
pry,sex_t,ocu_isco08_3,mts_details_mrd,2010,42.23
pry,sex_t,ocu_isco08_3,mts_details_mrd,2011,40.77
pry,sex_t,ocu_isco08_3,mts_details_mrd,2012,38.88
pry,sex_t,ocu_isco08_3,mts_details_mrd,2013,43.18
pry,sex_t,ocu_isco08_3,mts_details_mrd,2014,41.53
pry,sex_t,ocu_isco08_3,mts_details_mrd,2015,40.96
pry,sex_t,ocu_isco08_3,mts_details_mrd,2016,41.89
pry,sex_t,ocu_isco08_3,mts_details_mrd,2017,40.94
pry,sex_t,ocu_isco08_3,mts_details_mrd,2018,39.67
pry,sex_t,ocu_isco08_3,mts_details_mrd,2019,39.97
pry,sex_t,ocu_isco08_3,mts_details_mrd,2020,38.82
pry,sex_t,ocu_isco08_3,mts_details_mrd,2021,38.29
pry,sex_t,ocu_isco08_3,mts_details_mrd,2022,37.73
pry,sex_t,ocu_isco08_3,mts_details_mrd,2023,39.6
pry,sex_t,ocu_isco08_3,mts_details_mrd,2024,38.64
pry,sex_t,ocu_isco08_3,mts_details_sep,1998,33.09
pry,sex_t,ocu_isco08_3,mts_details_sep,1999,35.21
pry,sex_t,ocu_isco08_3,mts_details_sep,2003,33.41
pry,sex_t,ocu_isco08_3,mts_details_sep,2004,37.31
pry,sex_t,ocu_isco08_3,mts_details_sep,2005,40.39
pry,sex_t,ocu_isco08_3,mts_details_sep,2006,40.62
pry,sex_t,ocu_isco08_3,mts_details_sep,2007,48.14
pry,sex_t,ocu_isco08_3,mts_details_sep,2008,47.87
pry,sex_t,ocu_isco08_3,mts_details_sep,2009,43.58
pry,sex_t,ocu_isco08_3,mts_details_sep,2010,41.35
pry,sex_t,ocu_isco08_3,mts_details_sep,2011,40.71
pry,sex_t,ocu_isco08_3,mts_details_sep,2012,37.9
pry,sex_t,ocu_isco08_3,mts_details_sep,2013,39.09
pry,sex_t,ocu_isco08_3,mts_details_sep,2014,35.08
pry,sex_t,ocu_isco08_3,mts_details_sep,2015,41.89
pry,sex_t,ocu_isco08_3,mts_details_sep,2016,36.28
pry,sex_t,ocu_isco08_3,mts_details_sep,2017,42.19
pry,sex_t,ocu_isco08_3,mts_details_sep,2018,36.26
pry,sex_t,ocu_isco08_3,mts_details_sep,2019,31.65
pry,sex_t,ocu_isco08_3,mts_details_sep,2020,44.17
pry,sex_t,ocu_isco08_3,mts_details_sep,2021,35.99
pry,sex_t,ocu_isco08_3,mts_details_sep,2022,36.35
pry,sex_t,ocu_isco08_3,mts_details_sep,2023,36.11
pry,sex_t,ocu_isco08_3,mts_details_sep,2024,35.35
pry,sex_t,ocu_isco08_3,mts_details_sgle,1998,38.59
pry,sex_t,ocu_isco08_3,mts_details_sgle,1999,37.59
pry,sex_t,ocu_isco08_3,mts_details_sgle,2002,34.1
pry,sex_t,ocu_isco08_3,mts_details_sgle,2003,37.58
pry,sex_t,ocu_isco08_3,mts_details_sgle,2004,38.11
pry,sex_t,ocu_isco08_3,mts_details_sgle,2005,38.14
pry,sex_t,ocu_isco08_3,mts_details_sgle,2006,40.84
pry,sex_t,ocu_isco08_3,mts_details_sgle,2007,40.11
pry,sex_t,ocu_isco08_3,mts_details_sgle,2008,40.94
pry,sex_t,ocu_isco08_3,mts_details_sgle,2009,37.74
pry,sex_t,ocu_isco08_3,mts_details_sgle,2010,39.44
pry,sex_t,ocu_isco08_3,mts_details_sgle,2011,41.69
pry,sex_t,ocu_isco08_3,mts_details_sgle,2012,38.99
pry,sex_t,ocu_isco08_3,mts_details_sgle,2013,40.81
pry,sex_t,ocu_isco08_3,mts_details_sgle,2014,41.89
pry,sex_t,ocu_isco08_3,mts_details_sgle,2015,38.83
pry,sex_t,ocu_isco08_3,mts_details_sgle,2016,38.93
pry,sex_t,ocu_isco08_3,mts_details_sgle,2017,39.39
pry,sex_t,ocu_isco08_3,mts_details_sgle,2018,37.93
pry,sex_t,ocu_isco08_3,mts_details_sgle,2019,37.16
pry,sex_t,ocu_isco08_3,mts_details_sgle,2020,37.7
pry,sex_t,ocu_isco08_3,mts_details_sgle,2021,39.17
pry,sex_t,ocu_isco08_3,mts_details_sgle,2022,38.72
pry,sex_t,ocu_isco08_3,mts_details_sgle,2023,39.63
pry,sex_t,ocu_isco08_3,mts_details_sgle,2024,38.58
pry,sex_t,ocu_isco08_3,mts_details_total,1998,37.36
pry,sex_t,ocu_isco08_3,mts_details_total,1999,36.68
pry,sex_t,ocu_isco08_3,mts_details_total,2002,38.06
pry,sex_t,ocu_isco08_3,mts_details_total,2003,40.2
pry,sex_t,ocu_isco08_3,mts_details_total,2004,40.38
pry,sex_t,ocu_isco08_3,mts_details_total,2005,40.22
pry,sex_t,ocu_isco08_3,mts_details_total,2006,41.85
pry,sex_t,ocu_isco08_3,mts_details_total,2007,41.39
pry,sex_t,ocu_isco08_3,mts_details_total,2008,41.83
pry,sex_t,ocu_isco08_3,mts_details_total,2009,39.58
pry,sex_t,ocu_isco08_3,mts_details_total,2010,41.29
pry,sex_t,ocu_isco08_3,mts_details_total,2011,41.74
pry,sex_t,ocu_isco08_3,mts_details_total,2012,39.33
pry,sex_t,ocu_isco08_3,mts_details_total,2013,41.85
pry,sex_t,ocu_isco08_3,mts_details_total,2014,42.24
pry,sex_t,ocu_isco08_3,mts_details_total,2015,39.81
pry,sex_t,ocu_isco08_3,mts_details_total,2016,40.23
pry,sex_t,ocu_isco08_3,mts_details_total,2017,39.99
pry,sex_t,ocu_isco08_3,mts_details_total,2018,38.74
pry,sex_t,ocu_isco08_3,mts_details_total,2019,38.67
pry,sex_t,ocu_isco08_3,mts_details_total,2020,38.48
pry,sex_t,ocu_isco08_3,mts_details_total,2021,38.98
pry,sex_t,ocu_isco08_3,mts_details_total,2022,38.58
pry,sex_t,ocu_isco08_3,mts_details_total,2023,39.66
pry,sex_t,ocu_isco08_3,mts_details_total,2024,38.9
pry,sex_t,ocu_isco08_3,mts_details_union,1998,33.83
pry,sex_t,ocu_isco08_3,mts_details_union,1999,37.11
pry,sex_t,ocu_isco08_3,mts_details_union,2002,36.85
pry,sex_t,ocu_isco08_3,mts_details_union,2003,46.85
pry,sex_t,ocu_isco08_3,mts_details_union,2004,41.76
pry,sex_t,ocu_isco08_3,mts_details_union,2005,41.83
pry,sex_t,ocu_isco08_3,mts_details_union,2006,42.09
pry,sex_t,ocu_isco08_3,mts_details_union,2007,34.32
pry,sex_t,ocu_isco08_3,mts_details_union,2008,46.13
pry,sex_t,ocu_isco08_3,mts_details_union,2009,45.51
pry,sex_t,ocu_isco08_3,mts_details_union,2010,43.86
pry,sex_t,ocu_isco08_3,mts_details_union,2011,43.84
pry,sex_t,ocu_isco08_3,mts_details_union,2012,42.05
pry,sex_t,ocu_isco08_3,mts_details_union,2013,44.02
pry,sex_t,ocu_isco08_3,mts_details_union,2014,47.41
pry,sex_t,ocu_isco08_3,mts_details_union,2015,40.58
pry,sex_t,ocu_isco08_3,mts_details_union,2016,42.06
pry,sex_t,ocu_isco08_3,mts_details_union,2017,39.66
pry,sex_t,ocu_isco08_3,mts_details_union,2018,39.5
pry,sex_t,ocu_isco08_3,mts_details_union,2019,41.25
pry,sex_t,ocu_isco08_3,mts_details_union,2020,38.53
pry,sex_t,ocu_isco08_3,mts_details_union,2021,40
pry,sex_t,ocu_isco08_3,mts_details_union,2022,39.62
pry,sex_t,ocu_isco08_3,mts_details_union,2023,40.6
pry,sex_t,ocu_isco08_3,mts_details_union,2024,40.77
pry,sex_t,ocu_isco08_3,mts_details_wid,1999,27.82
pry,sex_t,ocu_isco08_3,mts_details_wid,2004,30.5
pry,sex_t,ocu_isco08_3,mts_details_wid,2013,32.96
pry,sex_t,ocu_isco08_3,mts_details_wid,2014,38.55
pry,sex_t,ocu_isco08_3,mts_details_wid,2015,21.65
pry,sex_t,ocu_isco08_3,mts_details_wid,2016,31.32
pry,sex_t,ocu_isco08_3,mts_details_wid,2017,39.97
pry,sex_t,ocu_isco08_3,mts_details_wid,2018,41.21
pry,sex_t,ocu_isco08_3,mts_details_wid,2019,46.18
pry,sex_t,ocu_isco08_3,mts_details_wid,2021,33.96
pry,sex_t,ocu_isco08_3,mts_details_wid,2022,40.77
pry,sex_t,ocu_isco08_3,mts_details_wid,2024,36.37
pry,sex_t,ocu_isco08_3,mts_details_x,2020,38.49
pry,sex_t,ocu_isco08_3,mts_details_x,2021,39.06
pry,sex_t,ocu_isco08_4,mts_aggregate_1,1998,38.61
pry,sex_t,ocu_isco08_4,mts_aggregate_1,1999,41.72
pry,sex_t,ocu_isco08_4,mts_aggregate_1,2002,40.72
pry,sex_t,ocu_isco08_4,mts_aggregate_1,2003,41
pry,sex_t,ocu_isco08_4,mts_aggregate_1,2004,41.07
pry,sex_t,ocu_isco08_4,mts_aggregate_1,2005,44.62
pry,sex_t,ocu_isco08_4,mts_aggregate_1,2006,41.51
pry,sex_t,ocu_isco08_4,mts_aggregate_1,2007,43.4
pry,sex_t,ocu_isco08_4,mts_aggregate_1,2008,42.73
pry,sex_t,ocu_isco08_4,mts_aggregate_1,2009,43.18
pry,sex_t,ocu_isco08_4,mts_aggregate_1,2010,43.69
pry,sex_t,ocu_isco08_4,mts_aggregate_1,2011,45.44
pry,sex_t,ocu_isco08_4,mts_aggregate_1,2012,43.02
pry,sex_t,ocu_isco08_4,mts_aggregate_1,2013,44.69
pry,sex_t,ocu_isco08_4,mts_aggregate_1,2014,44.18
pry,sex_t,ocu_isco08_4,mts_aggregate_1,2015,43.27
pry,sex_t,ocu_isco08_4,mts_aggregate_1,2016,45.54
pry,sex_t,ocu_isco08_4,mts_aggregate_1,2017,43.07
pry,sex_t,ocu_isco08_4,mts_aggregate_1,2018,42.84
pry,sex_t,ocu_isco08_4,mts_aggregate_1,2019,44.28
pry,sex_t,ocu_isco08_4,mts_aggregate_1,2020,41.62
pry,sex_t,ocu_isco08_4,mts_aggregate_1,2021,43.04
pry,sex_t,ocu_isco08_4,mts_aggregate_1,2022,44.04
pry,sex_t,ocu_isco08_4,mts_aggregate_1,2023,45.46
pry,sex_t,ocu_isco08_4,mts_aggregate_1,2024,45.25
pry,sex_t,ocu_isco08_4,mts_aggregate_2,1998,46.49
pry,sex_t,ocu_isco08_4,mts_aggregate_2,1999,42.8
pry,sex_t,ocu_isco08_4,mts_aggregate_2,2002,40.77
pry,sex_t,ocu_isco08_4,mts_aggregate_2,2003,41.56
pry,sex_t,ocu_isco08_4,mts_aggregate_2,2004,43.84
pry,sex_t,ocu_isco08_4,mts_aggregate_2,2005,44.35
pry,sex_t,ocu_isco08_4,mts_aggregate_2,2006,40.71
pry,sex_t,ocu_isco08_4,mts_aggregate_2,2007,44.83
pry,sex_t,ocu_isco08_4,mts_aggregate_2,2008,43.87
pry,sex_t,ocu_isco08_4,mts_aggregate_2,2009,41.99
pry,sex_t,ocu_isco08_4,mts_aggregate_2,2010,45.39
pry,sex_t,ocu_isco08_4,mts_aggregate_2,2011,45.05
pry,sex_t,ocu_isco08_4,mts_aggregate_2,2012,44.91
pry,sex_t,ocu_isco08_4,mts_aggregate_2,2013,43.02
pry,sex_t,ocu_isco08_4,mts_aggregate_2,2014,45.13
pry,sex_t,ocu_isco08_4,mts_aggregate_2,2015,44.41
pry,sex_t,ocu_isco08_4,mts_aggregate_2,2016,43.92
pry,sex_t,ocu_isco08_4,mts_aggregate_2,2017,44.57
pry,sex_t,ocu_isco08_4,mts_aggregate_2,2018,42.84
pry,sex_t,ocu_isco08_4,mts_aggregate_2,2019,42.84
pry,sex_t,ocu_isco08_4,mts_aggregate_2,2020,41.5
pry,sex_t,ocu_isco08_4,mts_aggregate_2,2021,42.44
pry,sex_t,ocu_isco08_4,mts_aggregate_2,2022,42.26
pry,sex_t,ocu_isco08_4,mts_aggregate_2,2023,45.03
pry,sex_t,ocu_isco08_4,mts_aggregate_2,2024,43.88
pry,sex_t,ocu_isco08_4,mts_aggregate_total,1998,42.32
pry,sex_t,ocu_isco08_4,mts_aggregate_total,1999,42.25
pry,sex_t,ocu_isco08_4,mts_aggregate_total,2002,40.74
pry,sex_t,ocu_isco08_4,mts_aggregate_total,2003,41.24
pry,sex_t,ocu_isco08_4,mts_aggregate_total,2004,42.43
pry,sex_t,ocu_isco08_4,mts_aggregate_total,2005,44.5
pry,sex_t,ocu_isco08_4,mts_aggregate_total,2006,41.21
pry,sex_t,ocu_isco08_4,mts_aggregate_total,2007,44.02
pry,sex_t,ocu_isco08_4,mts_aggregate_total,2008,43.21
pry,sex_t,ocu_isco08_4,mts_aggregate_total,2009,42.65
pry,sex_t,ocu_isco08_4,mts_aggregate_total,2010,44.36
pry,sex_t,ocu_isco08_4,mts_aggregate_total,2011,45.28
pry,sex_t,ocu_isco08_4,mts_aggregate_total,2012,43.76
pry,sex_t,ocu_isco08_4,mts_aggregate_total,2013,43.92
pry,sex_t,ocu_isco08_4,mts_aggregate_total,2014,44.55
pry,sex_t,ocu_isco08_4,mts_aggregate_total,2015,43.75
pry,sex_t,ocu_isco08_4,mts_aggregate_total,2016,44.79
pry,sex_t,ocu_isco08_4,mts_aggregate_total,2017,43.78
pry,sex_t,ocu_isco08_4,mts_aggregate_total,2018,42.84
pry,sex_t,ocu_isco08_4,mts_aggregate_total,2019,43.57
pry,sex_t,ocu_isco08_4,mts_aggregate_total,2020,40.38
pry,sex_t,ocu_isco08_4,mts_aggregate_total,2021,42.84
pry,sex_t,ocu_isco08_4,mts_aggregate_total,2022,43.25
pry,sex_t,ocu_isco08_4,mts_aggregate_total,2023,45.26
pry,sex_t,ocu_isco08_4,mts_aggregate_total,2024,44.67
pry,sex_t,ocu_isco08_4,mts_aggregate_x,2020,39.94
pry,sex_t,ocu_isco08_4,mts_aggregate_x,2021,43.15
pry,sex_t,ocu_isco08_4,mts_details_mrd,1998,44.34
pry,sex_t,ocu_isco08_4,mts_details_mrd,1999,41.3
pry,sex_t,ocu_isco08_4,mts_details_mrd,2002,40.21
pry,sex_t,ocu_isco08_4,mts_details_mrd,2003,40.13
pry,sex_t,ocu_isco08_4,mts_details_mrd,2004,39.9
pry,sex_t,ocu_isco08_4,mts_details_mrd,2005,44.02
pry,sex_t,ocu_isco08_4,mts_details_mrd,2006,38.86
pry,sex_t,ocu_isco08_4,mts_details_mrd,2007,44.01
pry,sex_t,ocu_isco08_4,mts_details_mrd,2008,41.78
pry,sex_t,ocu_isco08_4,mts_details_mrd,2009,40.94
pry,sex_t,ocu_isco08_4,mts_details_mrd,2010,43.8
pry,sex_t,ocu_isco08_4,mts_details_mrd,2011,44.15
pry,sex_t,ocu_isco08_4,mts_details_mrd,2012,42.85
pry,sex_t,ocu_isco08_4,mts_details_mrd,2013,42.95
pry,sex_t,ocu_isco08_4,mts_details_mrd,2014,44.81
pry,sex_t,ocu_isco08_4,mts_details_mrd,2015,43.28
pry,sex_t,ocu_isco08_4,mts_details_mrd,2016,43.77
pry,sex_t,ocu_isco08_4,mts_details_mrd,2017,42.04
pry,sex_t,ocu_isco08_4,mts_details_mrd,2018,41.51
pry,sex_t,ocu_isco08_4,mts_details_mrd,2019,41.39
pry,sex_t,ocu_isco08_4,mts_details_mrd,2020,42.48
pry,sex_t,ocu_isco08_4,mts_details_mrd,2021,40.76
pry,sex_t,ocu_isco08_4,mts_details_mrd,2022,39.31
pry,sex_t,ocu_isco08_4,mts_details_mrd,2023,43.32
pry,sex_t,ocu_isco08_4,mts_details_mrd,2024,42.45
pry,sex_t,ocu_isco08_4,mts_details_sep,1998,39.78
pry,sex_t,ocu_isco08_4,mts_details_sep,1999,43.07
pry,sex_t,ocu_isco08_4,mts_details_sep,2002,44.46
pry,sex_t,ocu_isco08_4,mts_details_sep,2003,37.13
pry,sex_t,ocu_isco08_4,mts_details_sep,2004,30.38
pry,sex_t,ocu_isco08_4,mts_details_sep,2005,43.55
pry,sex_t,ocu_isco08_4,mts_details_sep,2006,38.72
pry,sex_t,ocu_isco08_4,mts_details_sep,2007,40.34
pry,sex_t,ocu_isco08_4,mts_details_sep,2008,49.09
pry,sex_t,ocu_isco08_4,mts_details_sep,2009,37.83
pry,sex_t,ocu_isco08_4,mts_details_sep,2010,49.22
pry,sex_t,ocu_isco08_4,mts_details_sep,2011,43.95
pry,sex_t,ocu_isco08_4,mts_details_sep,2012,42.26
pry,sex_t,ocu_isco08_4,mts_details_sep,2013,39.72
pry,sex_t,ocu_isco08_4,mts_details_sep,2014,40.46
pry,sex_t,ocu_isco08_4,mts_details_sep,2015,41.05
pry,sex_t,ocu_isco08_4,mts_details_sep,2016,39.69
pry,sex_t,ocu_isco08_4,mts_details_sep,2017,42.9
pry,sex_t,ocu_isco08_4,mts_details_sep,2018,38.82
pry,sex_t,ocu_isco08_4,mts_details_sep,2019,44.04
pry,sex_t,ocu_isco08_4,mts_details_sep,2020,44.5
pry,sex_t,ocu_isco08_4,mts_details_sep,2021,39.5
pry,sex_t,ocu_isco08_4,mts_details_sep,2022,39.75
pry,sex_t,ocu_isco08_4,mts_details_sep,2023,45.98
pry,sex_t,ocu_isco08_4,mts_details_sep,2024,41.46
pry,sex_t,ocu_isco08_4,mts_details_sgle,1998,38.63
pry,sex_t,ocu_isco08_4,mts_details_sgle,1999,41.74
pry,sex_t,ocu_isco08_4,mts_details_sgle,2002,40.72
pry,sex_t,ocu_isco08_4,mts_details_sgle,2003,41.59
pry,sex_t,ocu_isco08_4,mts_details_sgle,2004,42.27
pry,sex_t,ocu_isco08_4,mts_details_sgle,2005,44.37
pry,sex_t,ocu_isco08_4,mts_details_sgle,2006,42.1
pry,sex_t,ocu_isco08_4,mts_details_sgle,2007,43.55
pry,sex_t,ocu_isco08_4,mts_details_sgle,2008,42.45
pry,sex_t,ocu_isco08_4,mts_details_sgle,2009,43.53
pry,sex_t,ocu_isco08_4,mts_details_sgle,2010,43.25
pry,sex_t,ocu_isco08_4,mts_details_sgle,2011,45.59
pry,sex_t,ocu_isco08_4,mts_details_sgle,2012,43.1
pry,sex_t,ocu_isco08_4,mts_details_sgle,2013,45.15
pry,sex_t,ocu_isco08_4,mts_details_sgle,2014,44.83
pry,sex_t,ocu_isco08_4,mts_details_sgle,2015,43.65
pry,sex_t,ocu_isco08_4,mts_details_sgle,2016,45.84
pry,sex_t,ocu_isco08_4,mts_details_sgle,2017,43.18
pry,sex_t,ocu_isco08_4,mts_details_sgle,2018,43.19
pry,sex_t,ocu_isco08_4,mts_details_sgle,2019,44.38
pry,sex_t,ocu_isco08_4,mts_details_sgle,2020,41.75
pry,sex_t,ocu_isco08_4,mts_details_sgle,2021,43.39
pry,sex_t,ocu_isco08_4,mts_details_sgle,2022,44.33
pry,sex_t,ocu_isco08_4,mts_details_sgle,2023,45.57
pry,sex_t,ocu_isco08_4,mts_details_sgle,2024,45.58
pry,sex_t,ocu_isco08_4,mts_details_total,1998,42.32
pry,sex_t,ocu_isco08_4,mts_details_total,1999,42.25
pry,sex_t,ocu_isco08_4,mts_details_total,2002,40.74
pry,sex_t,ocu_isco08_4,mts_details_total,2003,41.24
pry,sex_t,ocu_isco08_4,mts_details_total,2004,42.43
pry,sex_t,ocu_isco08_4,mts_details_total,2005,44.5
pry,sex_t,ocu_isco08_4,mts_details_total,2006,41.21
pry,sex_t,ocu_isco08_4,mts_details_total,2007,44.02
pry,sex_t,ocu_isco08_4,mts_details_total,2008,43.21
pry,sex_t,ocu_isco08_4,mts_details_total,2009,42.65
pry,sex_t,ocu_isco08_4,mts_details_total,2010,44.36
pry,sex_t,ocu_isco08_4,mts_details_total,2011,45.28
pry,sex_t,ocu_isco08_4,mts_details_total,2012,43.76
pry,sex_t,ocu_isco08_4,mts_details_total,2013,43.92
pry,sex_t,ocu_isco08_4,mts_details_total,2014,44.55
pry,sex_t,ocu_isco08_4,mts_details_total,2015,43.75
pry,sex_t,ocu_isco08_4,mts_details_total,2016,44.79
pry,sex_t,ocu_isco08_4,mts_details_total,2017,43.78
pry,sex_t,ocu_isco08_4,mts_details_total,2018,42.84
pry,sex_t,ocu_isco08_4,mts_details_total,2019,43.57
pry,sex_t,ocu_isco08_4,mts_details_total,2020,40.38
pry,sex_t,ocu_isco08_4,mts_details_total,2021,42.84
pry,sex_t,ocu_isco08_4,mts_details_total,2022,43.25
pry,sex_t,ocu_isco08_4,mts_details_total,2023,45.26
pry,sex_t,ocu_isco08_4,mts_details_total,2024,44.67
pry,sex_t,ocu_isco08_4,mts_details_union,1998,55.03
pry,sex_t,ocu_isco08_4,mts_details_union,1999,47.07
pry,sex_t,ocu_isco08_4,mts_details_union,2002,43.18
pry,sex_t,ocu_isco08_4,mts_details_union,2003,46.25
pry,sex_t,ocu_isco08_4,mts_details_union,2004,52.61
pry,sex_t,ocu_isco08_4,mts_details_union,2005,45.97
pry,sex_t,ocu_isco08_4,mts_details_union,2006,48.59
pry,sex_t,ocu_isco08_4,mts_details_union,2007,47.29
pry,sex_t,ocu_isco08_4,mts_details_union,2008,48.45
pry,sex_t,ocu_isco08_4,mts_details_union,2009,43.43
pry,sex_t,ocu_isco08_4,mts_details_union,2010,48.5
pry,sex_t,ocu_isco08_4,mts_details_union,2011,46.86
pry,sex_t,ocu_isco08_4,mts_details_union,2012,47.36
pry,sex_t,ocu_isco08_4,mts_details_union,2013,43.15
pry,sex_t,ocu_isco08_4,mts_details_union,2014,45.58
pry,sex_t,ocu_isco08_4,mts_details_union,2015,46.03
pry,sex_t,ocu_isco08_4,mts_details_union,2016,44.14
pry,sex_t,ocu_isco08_4,mts_details_union,2017,47.21
pry,sex_t,ocu_isco08_4,mts_details_union,2018,44.46
pry,sex_t,ocu_isco08_4,mts_details_union,2019,44.44
pry,sex_t,ocu_isco08_4,mts_details_union,2020,40.55
pry,sex_t,ocu_isco08_4,mts_details_union,2021,43.82
pry,sex_t,ocu_isco08_4,mts_details_union,2022,44.36
pry,sex_t,ocu_isco08_4,mts_details_union,2023,46.42
pry,sex_t,ocu_isco08_4,mts_details_union,2024,44.9
pry,sex_t,ocu_isco08_4,mts_details_wid,1998,35.22
pry,sex_t,ocu_isco08_4,mts_details_wid,1999,37.44
pry,sex_t,ocu_isco08_4,mts_details_wid,2003,27.25
pry,sex_t,ocu_isco08_4,mts_details_wid,2004,26.75
pry,sex_t,ocu_isco08_4,mts_details_wid,2005,56.61
pry,sex_t,ocu_isco08_4,mts_details_wid,2007,42.03
pry,sex_t,ocu_isco08_4,mts_details_wid,2008,43.48
pry,sex_t,ocu_isco08_4,mts_details_wid,2012,41.75
pry,sex_t,ocu_isco08_4,mts_details_wid,2013,39.64
pry,sex_t,ocu_isco08_4,mts_details_wid,2014,30.44
pry,sex_t,ocu_isco08_4,mts_details_wid,2015,38.2
pry,sex_t,ocu_isco08_4,mts_details_wid,2017,34.45
pry,sex_t,ocu_isco08_4,mts_details_wid,2018,36.94
pry,sex_t,ocu_isco08_4,mts_details_wid,2019,37.57
pry,sex_t,ocu_isco08_4,mts_details_wid,2021,31.2
pry,sex_t,ocu_isco08_4,mts_details_wid,2022,42.49
pry,sex_t,ocu_isco08_4,mts_details_wid,2023,38.82
pry,sex_t,ocu_isco08_4,mts_details_wid,2024,43.5
pry,sex_t,ocu_isco08_4,mts_details_x,2020,39.94
pry,sex_t,ocu_isco08_4,mts_details_x,2021,43.15
pry,sex_t,ocu_isco08_5,mts_aggregate_1,1998,48.31
pry,sex_t,ocu_isco08_5,mts_aggregate_1,1999,47.02
pry,sex_t,ocu_isco08_5,mts_aggregate_1,2002,54.53
pry,sex_t,ocu_isco08_5,mts_aggregate_1,2003,52.07
pry,sex_t,ocu_isco08_5,mts_aggregate_1,2004,53.05
pry,sex_t,ocu_isco08_5,mts_aggregate_1,2005,55.43
pry,sex_t,ocu_isco08_5,mts_aggregate_1,2006,56.9
pry,sex_t,ocu_isco08_5,mts_aggregate_1,2007,53.46
pry,sex_t,ocu_isco08_5,mts_aggregate_1,2008,52.77
pry,sex_t,ocu_isco08_5,mts_aggregate_1,2009,54.99
pry,sex_t,ocu_isco08_5,mts_aggregate_1,2010,54.39
pry,sex_t,ocu_isco08_5,mts_aggregate_1,2011,52.61
pry,sex_t,ocu_isco08_5,mts_aggregate_1,2012,50.72
pry,sex_t,ocu_isco08_5,mts_aggregate_1,2013,51.87
pry,sex_t,ocu_isco08_5,mts_aggregate_1,2014,51.67
pry,sex_t,ocu_isco08_5,mts_aggregate_1,2015,49.25
pry,sex_t,ocu_isco08_5,mts_aggregate_1,2016,50.12
pry,sex_t,ocu_isco08_5,mts_aggregate_1,2017,49.28
pry,sex_t,ocu_isco08_5,mts_aggregate_1,2018,47.79
pry,sex_t,ocu_isco08_5,mts_aggregate_1,2019,48.67
pry,sex_t,ocu_isco08_5,mts_aggregate_1,2020,47.1
pry,sex_t,ocu_isco08_5,mts_aggregate_1,2021,47.65
pry,sex_t,ocu_isco08_5,mts_aggregate_1,2022,48.3
pry,sex_t,ocu_isco08_5,mts_aggregate_1,2023,47.62
pry,sex_t,ocu_isco08_5,mts_aggregate_1,2024,47.7
pry,sex_t,ocu_isco08_5,mts_aggregate_2,1998,47.94
pry,sex_t,ocu_isco08_5,mts_aggregate_2,1999,46.77
pry,sex_t,ocu_isco08_5,mts_aggregate_2,2002,60.07
pry,sex_t,ocu_isco08_5,mts_aggregate_2,2003,59
pry,sex_t,ocu_isco08_5,mts_aggregate_2,2004,57.58
pry,sex_t,ocu_isco08_5,mts_aggregate_2,2005,60.09
pry,sex_t,ocu_isco08_5,mts_aggregate_2,2006,62.4
pry,sex_t,ocu_isco08_5,mts_aggregate_2,2007,57.35
pry,sex_t,ocu_isco08_5,mts_aggregate_2,2008,59.42
pry,sex_t,ocu_isco08_5,mts_aggregate_2,2009,57.83
pry,sex_t,ocu_isco08_5,mts_aggregate_2,2010,56.76
pry,sex_t,ocu_isco08_5,mts_aggregate_2,2011,57.38
pry,sex_t,ocu_isco08_5,mts_aggregate_2,2012,56.97
pry,sex_t,ocu_isco08_5,mts_aggregate_2,2013,54.85
pry,sex_t,ocu_isco08_5,mts_aggregate_2,2014,55.36
pry,sex_t,ocu_isco08_5,mts_aggregate_2,2015,55.29
pry,sex_t,ocu_isco08_5,mts_aggregate_2,2016,54.98
pry,sex_t,ocu_isco08_5,mts_aggregate_2,2017,52.96
pry,sex_t,ocu_isco08_5,mts_aggregate_2,2018,53.1
pry,sex_t,ocu_isco08_5,mts_aggregate_2,2019,53
pry,sex_t,ocu_isco08_5,mts_aggregate_2,2020,51.5
pry,sex_t,ocu_isco08_5,mts_aggregate_2,2021,50.81
pry,sex_t,ocu_isco08_5,mts_aggregate_2,2022,50.87
pry,sex_t,ocu_isco08_5,mts_aggregate_2,2023,50.92
pry,sex_t,ocu_isco08_5,mts_aggregate_2,2024,51.72
pry,sex_t,ocu_isco08_5,mts_aggregate_total,1998,48.13
pry,sex_t,ocu_isco08_5,mts_aggregate_total,1999,46.9
pry,sex_t,ocu_isco08_5,mts_aggregate_total,2002,57.54
pry,sex_t,ocu_isco08_5,mts_aggregate_total,2003,55.83
pry,sex_t,ocu_isco08_5,mts_aggregate_total,2004,55.24
pry,sex_t,ocu_isco08_5,mts_aggregate_total,2005,57.7
pry,sex_t,ocu_isco08_5,mts_aggregate_total,2006,59.8
pry,sex_t,ocu_isco08_5,mts_aggregate_total,2007,55.52
pry,sex_t,ocu_isco08_5,mts_aggregate_total,2008,56.18
pry,sex_t,ocu_isco08_5,mts_aggregate_total,2009,56.34
pry,sex_t,ocu_isco08_5,mts_aggregate_total,2010,55.62
pry,sex_t,ocu_isco08_5,mts_aggregate_total,2011,54.89
pry,sex_t,ocu_isco08_5,mts_aggregate_total,2012,54
pry,sex_t,ocu_isco08_5,mts_aggregate_total,2013,53.43
pry,sex_t,ocu_isco08_5,mts_aggregate_total,2014,53.5
pry,sex_t,ocu_isco08_5,mts_aggregate_total,2015,52.5
pry,sex_t,ocu_isco08_5,mts_aggregate_total,2016,52.57
pry,sex_t,ocu_isco08_5,mts_aggregate_total,2017,51.22
pry,sex_t,ocu_isco08_5,mts_aggregate_total,2018,50.53
pry,sex_t,ocu_isco08_5,mts_aggregate_total,2019,50.99
pry,sex_t,ocu_isco08_5,mts_aggregate_total,2020,49.97
pry,sex_t,ocu_isco08_5,mts_aggregate_total,2021,48.89
pry,sex_t,ocu_isco08_5,mts_aggregate_total,2022,49.62
pry,sex_t,ocu_isco08_5,mts_aggregate_total,2023,49.22
pry,sex_t,ocu_isco08_5,mts_aggregate_total,2024,49.63
pry,sex_t,ocu_isco08_5,mts_aggregate_x,2020,50.23
pry,sex_t,ocu_isco08_5,mts_aggregate_x,2021,47.85
pry,sex_t,ocu_isco08_5,mts_details_mrd,1998,48.09
pry,sex_t,ocu_isco08_5,mts_details_mrd,1999,46.7
pry,sex_t,ocu_isco08_5,mts_details_mrd,2002,61.16
pry,sex_t,ocu_isco08_5,mts_details_mrd,2003,59.59
pry,sex_t,ocu_isco08_5,mts_details_mrd,2004,58.08
pry,sex_t,ocu_isco08_5,mts_details_mrd,2005,58.56
pry,sex_t,ocu_isco08_5,mts_details_mrd,2006,61.77
pry,sex_t,ocu_isco08_5,mts_details_mrd,2007,56.27
pry,sex_t,ocu_isco08_5,mts_details_mrd,2008,60.7
pry,sex_t,ocu_isco08_5,mts_details_mrd,2009,55.66
pry,sex_t,ocu_isco08_5,mts_details_mrd,2010,57.41
pry,sex_t,ocu_isco08_5,mts_details_mrd,2011,56.73
pry,sex_t,ocu_isco08_5,mts_details_mrd,2012,55.47
pry,sex_t,ocu_isco08_5,mts_details_mrd,2013,54.23
pry,sex_t,ocu_isco08_5,mts_details_mrd,2014,53.82
pry,sex_t,ocu_isco08_5,mts_details_mrd,2015,53.26
pry,sex_t,ocu_isco08_5,mts_details_mrd,2016,54.28
pry,sex_t,ocu_isco08_5,mts_details_mrd,2017,52.32
pry,sex_t,ocu_isco08_5,mts_details_mrd,2018,53.33
pry,sex_t,ocu_isco08_5,mts_details_mrd,2019,52.65
pry,sex_t,ocu_isco08_5,mts_details_mrd,2020,50.07
pry,sex_t,ocu_isco08_5,mts_details_mrd,2021,50.71
pry,sex_t,ocu_isco08_5,mts_details_mrd,2022,50.97
pry,sex_t,ocu_isco08_5,mts_details_mrd,2023,49.84
pry,sex_t,ocu_isco08_5,mts_details_mrd,2024,51.99
pry,sex_t,ocu_isco08_5,mts_details_sep,1998,45.45
pry,sex_t,ocu_isco08_5,mts_details_sep,1999,45.17
pry,sex_t,ocu_isco08_5,mts_details_sep,2002,51.89
pry,sex_t,ocu_isco08_5,mts_details_sep,2003,49.12
pry,sex_t,ocu_isco08_5,mts_details_sep,2004,55.46
pry,sex_t,ocu_isco08_5,mts_details_sep,2005,64.28
pry,sex_t,ocu_isco08_5,mts_details_sep,2006,45.91
pry,sex_t,ocu_isco08_5,mts_details_sep,2007,50.71
pry,sex_t,ocu_isco08_5,mts_details_sep,2008,47.27
pry,sex_t,ocu_isco08_5,mts_details_sep,2009,50.63
pry,sex_t,ocu_isco08_5,mts_details_sep,2010,54.63
pry,sex_t,ocu_isco08_5,mts_details_sep,2011,59.51
pry,sex_t,ocu_isco08_5,mts_details_sep,2012,52.79
pry,sex_t,ocu_isco08_5,mts_details_sep,2013,49.99
pry,sex_t,ocu_isco08_5,mts_details_sep,2014,53.18
pry,sex_t,ocu_isco08_5,mts_details_sep,2015,51.01
pry,sex_t,ocu_isco08_5,mts_details_sep,2016,52.43
pry,sex_t,ocu_isco08_5,mts_details_sep,2017,48.74
pry,sex_t,ocu_isco08_5,mts_details_sep,2018,48.28
pry,sex_t,ocu_isco08_5,mts_details_sep,2019,49.56
pry,sex_t,ocu_isco08_5,mts_details_sep,2020,53.32
pry,sex_t,ocu_isco08_5,mts_details_sep,2021,51.24
pry,sex_t,ocu_isco08_5,mts_details_sep,2022,51.19
pry,sex_t,ocu_isco08_5,mts_details_sep,2023,49.24
pry,sex_t,ocu_isco08_5,mts_details_sep,2024,51.34
pry,sex_t,ocu_isco08_5,mts_details_sgle,1998,48.87
pry,sex_t,ocu_isco08_5,mts_details_sgle,1999,47.03
pry,sex_t,ocu_isco08_5,mts_details_sgle,2002,54.63
pry,sex_t,ocu_isco08_5,mts_details_sgle,2003,52.75
pry,sex_t,ocu_isco08_5,mts_details_sgle,2004,52.91
pry,sex_t,ocu_isco08_5,mts_details_sgle,2005,54.46
pry,sex_t,ocu_isco08_5,mts_details_sgle,2006,57.42
pry,sex_t,ocu_isco08_5,mts_details_sgle,2007,53.64
pry,sex_t,ocu_isco08_5,mts_details_sgle,2008,53.73
pry,sex_t,ocu_isco08_5,mts_details_sgle,2009,55.48
pry,sex_t,ocu_isco08_5,mts_details_sgle,2010,54.5
pry,sex_t,ocu_isco08_5,mts_details_sgle,2011,52.02
pry,sex_t,ocu_isco08_5,mts_details_sgle,2012,50.55
pry,sex_t,ocu_isco08_5,mts_details_sgle,2013,52.07
pry,sex_t,ocu_isco08_5,mts_details_sgle,2014,51.52
pry,sex_t,ocu_isco08_5,mts_details_sgle,2015,49.19
pry,sex_t,ocu_isco08_5,mts_details_sgle,2016,49.92
pry,sex_t,ocu_isco08_5,mts_details_sgle,2017,49.27
pry,sex_t,ocu_isco08_5,mts_details_sgle,2018,47.98
pry,sex_t,ocu_isco08_5,mts_details_sgle,2019,48.65
pry,sex_t,ocu_isco08_5,mts_details_sgle,2020,46.82
pry,sex_t,ocu_isco08_5,mts_details_sgle,2021,47.64
pry,sex_t,ocu_isco08_5,mts_details_sgle,2022,48.15
pry,sex_t,ocu_isco08_5,mts_details_sgle,2023,47.35
pry,sex_t,ocu_isco08_5,mts_details_sgle,2024,47.3
pry,sex_t,ocu_isco08_5,mts_details_total,1998,48.13
pry,sex_t,ocu_isco08_5,mts_details_total,1999,46.9
pry,sex_t,ocu_isco08_5,mts_details_total,2002,57.54
pry,sex_t,ocu_isco08_5,mts_details_total,2003,55.83
pry,sex_t,ocu_isco08_5,mts_details_total,2004,55.24
pry,sex_t,ocu_isco08_5,mts_details_total,2005,57.7
pry,sex_t,ocu_isco08_5,mts_details_total,2006,59.8
pry,sex_t,ocu_isco08_5,mts_details_total,2007,55.52
pry,sex_t,ocu_isco08_5,mts_details_total,2008,56.18
pry,sex_t,ocu_isco08_5,mts_details_total,2009,56.34
pry,sex_t,ocu_isco08_5,mts_details_total,2010,55.62
pry,sex_t,ocu_isco08_5,mts_details_total,2011,54.89
pry,sex_t,ocu_isco08_5,mts_details_total,2012,54
pry,sex_t,ocu_isco08_5,mts_details_total,2013,53.43
pry,sex_t,ocu_isco08_5,mts_details_total,2014,53.5
pry,sex_t,ocu_isco08_5,mts_details_total,2015,52.5
pry,sex_t,ocu_isco08_5,mts_details_total,2016,52.57
pry,sex_t,ocu_isco08_5,mts_details_total,2017,51.22
pry,sex_t,ocu_isco08_5,mts_details_total,2018,50.53
pry,sex_t,ocu_isco08_5,mts_details_total,2019,50.99
pry,sex_t,ocu_isco08_5,mts_details_total,2020,49.97
pry,sex_t,ocu_isco08_5,mts_details_total,2021,48.89
pry,sex_t,ocu_isco08_5,mts_details_total,2022,49.62
pry,sex_t,ocu_isco08_5,mts_details_total,2023,49.22
pry,sex_t,ocu_isco08_5,mts_details_total,2024,49.63
pry,sex_t,ocu_isco08_5,mts_details_union,1998,47.73
pry,sex_t,ocu_isco08_5,mts_details_union,1999,46.93
pry,sex_t,ocu_isco08_5,mts_details_union,2002,57.88
pry,sex_t,ocu_isco08_5,mts_details_union,2003,57.64
pry,sex_t,ocu_isco08_5,mts_details_union,2004,56.79
pry,sex_t,ocu_isco08_5,mts_details_union,2005,62.15
pry,sex_t,ocu_isco08_5,mts_details_union,2006,63.03
pry,sex_t,ocu_isco08_5,mts_details_union,2007,58.97
pry,sex_t,ocu_isco08_5,mts_details_union,2008,57.67
pry,sex_t,ocu_isco08_5,mts_details_union,2009,60.75
pry,sex_t,ocu_isco08_5,mts_details_union,2010,55.93
pry,sex_t,ocu_isco08_5,mts_details_union,2011,58.23
pry,sex_t,ocu_isco08_5,mts_details_union,2012,58.41
pry,sex_t,ocu_isco08_5,mts_details_union,2013,55.44
pry,sex_t,ocu_isco08_5,mts_details_union,2014,56.94
pry,sex_t,ocu_isco08_5,mts_details_union,2015,57.29
pry,sex_t,ocu_isco08_5,mts_details_union,2016,55.57
pry,sex_t,ocu_isco08_5,mts_details_union,2017,53.51
pry,sex_t,ocu_isco08_5,mts_details_union,2018,52.92
pry,sex_t,ocu_isco08_5,mts_details_union,2019,53.24
pry,sex_t,ocu_isco08_5,mts_details_union,2020,52.4
pry,sex_t,ocu_isco08_5,mts_details_union,2021,50.89
pry,sex_t,ocu_isco08_5,mts_details_union,2022,50.81
pry,sex_t,ocu_isco08_5,mts_details_union,2023,51.62
pry,sex_t,ocu_isco08_5,mts_details_union,2024,51.52
pry,sex_t,ocu_isco08_5,mts_details_wid,1998,39.72
pry,sex_t,ocu_isco08_5,mts_details_wid,1999,52.12
pry,sex_t,ocu_isco08_5,mts_details_wid,2003,43.91
pry,sex_t,ocu_isco08_5,mts_details_wid,2004,53.06
pry,sex_t,ocu_isco08_5,mts_details_wid,2005,54.05
pry,sex_t,ocu_isco08_5,mts_details_wid,2006,61.9
pry,sex_t,ocu_isco08_5,mts_details_wid,2008,43.5
pry,sex_t,ocu_isco08_5,mts_details_wid,2009,47.1
pry,sex_t,ocu_isco08_5,mts_details_wid,2010,46.05
pry,sex_t,ocu_isco08_5,mts_details_wid,2011,56
pry,sex_t,ocu_isco08_5,mts_details_wid,2012,51.71
pry,sex_t,ocu_isco08_5,mts_details_wid,2013,48.01
pry,sex_t,ocu_isco08_5,mts_details_wid,2014,52.39
pry,sex_t,ocu_isco08_5,mts_details_wid,2015,47.63
pry,sex_t,ocu_isco08_5,mts_details_wid,2016,52.88
pry,sex_t,ocu_isco08_5,mts_details_wid,2017,50.43
pry,sex_t,ocu_isco08_5,mts_details_wid,2018,41.85
pry,sex_t,ocu_isco08_5,mts_details_wid,2019,46.93
pry,sex_t,ocu_isco08_5,mts_details_wid,2020,48.41
pry,sex_t,ocu_isco08_5,mts_details_wid,2021,38.07
pry,sex_t,ocu_isco08_5,mts_details_wid,2022,45.19
pry,sex_t,ocu_isco08_5,mts_details_wid,2023,52.35
pry,sex_t,ocu_isco08_5,mts_details_wid,2024,51.47
pry,sex_t,ocu_isco08_5,mts_details_x,2020,50.23
pry,sex_t,ocu_isco08_5,mts_details_x,2021,47.85
pry,sex_t,ocu_isco08_6,mts_aggregate_1,1999,41.12
pry,sex_t,ocu_isco08_6,mts_aggregate_1,2002,39.55
pry,sex_t,ocu_isco08_6,mts_aggregate_1,2003,44.6
pry,sex_t,ocu_isco08_6,mts_aggregate_1,2004,47.25
pry,sex_t,ocu_isco08_6,mts_aggregate_1,2005,45.39
pry,sex_t,ocu_isco08_6,mts_aggregate_1,2006,43.08
pry,sex_t,ocu_isco08_6,mts_aggregate_1,2007,49.75
pry,sex_t,ocu_isco08_6,mts_aggregate_1,2008,46.14
pry,sex_t,ocu_isco08_6,mts_aggregate_1,2009,44.88
pry,sex_t,ocu_isco08_6,mts_aggregate_1,2010,49.22
pry,sex_t,ocu_isco08_6,mts_aggregate_1,2011,44.96
pry,sex_t,ocu_isco08_6,mts_aggregate_1,2012,54.49
pry,sex_t,ocu_isco08_6,mts_aggregate_1,2013,44.62
pry,sex_t,ocu_isco08_6,mts_aggregate_1,2014,45.77
pry,sex_t,ocu_isco08_6,mts_aggregate_1,2015,54.35
pry,sex_t,ocu_isco08_6,mts_aggregate_1,2016,43.91
pry,sex_t,ocu_isco08_6,mts_aggregate_1,2017,44.58
pry,sex_t,ocu_isco08_6,mts_aggregate_1,2018,40.52
pry,sex_t,ocu_isco08_6,mts_aggregate_1,2019,41.25
pry,sex_t,ocu_isco08_6,mts_aggregate_1,2020,43.88
pry,sex_t,ocu_isco08_6,mts_aggregate_1,2021,43.05
pry,sex_t,ocu_isco08_6,mts_aggregate_1,2022,41.64
pry,sex_t,ocu_isco08_6,mts_aggregate_1,2023,41.88
pry,sex_t,ocu_isco08_6,mts_aggregate_1,2024,40
pry,sex_t,ocu_isco08_6,mts_aggregate_2,1998,45.12
pry,sex_t,ocu_isco08_6,mts_aggregate_2,1999,45.57
pry,sex_t,ocu_isco08_6,mts_aggregate_2,2002,50.81
pry,sex_t,ocu_isco08_6,mts_aggregate_2,2003,52.19
pry,sex_t,ocu_isco08_6,mts_aggregate_2,2004,51.25
pry,sex_t,ocu_isco08_6,mts_aggregate_2,2005,51.16
pry,sex_t,ocu_isco08_6,mts_aggregate_2,2006,50.01
pry,sex_t,ocu_isco08_6,mts_aggregate_2,2007,46.4
pry,sex_t,ocu_isco08_6,mts_aggregate_2,2008,50.7
pry,sex_t,ocu_isco08_6,mts_aggregate_2,2009,52.59
pry,sex_t,ocu_isco08_6,mts_aggregate_2,2010,48.67
pry,sex_t,ocu_isco08_6,mts_aggregate_2,2011,45.17
pry,sex_t,ocu_isco08_6,mts_aggregate_2,2012,48.94
pry,sex_t,ocu_isco08_6,mts_aggregate_2,2013,47.45
pry,sex_t,ocu_isco08_6,mts_aggregate_2,2014,54.97
pry,sex_t,ocu_isco08_6,mts_aggregate_2,2015,49.95
pry,sex_t,ocu_isco08_6,mts_aggregate_2,2016,47.41
pry,sex_t,ocu_isco08_6,mts_aggregate_2,2017,48.34
pry,sex_t,ocu_isco08_6,mts_aggregate_2,2018,44.53
pry,sex_t,ocu_isco08_6,mts_aggregate_2,2019,45.65
pry,sex_t,ocu_isco08_6,mts_aggregate_2,2020,45.43
pry,sex_t,ocu_isco08_6,mts_aggregate_2,2021,45.32
pry,sex_t,ocu_isco08_6,mts_aggregate_2,2022,48.02
pry,sex_t,ocu_isco08_6,mts_aggregate_2,2023,49.58
pry,sex_t,ocu_isco08_6,mts_aggregate_2,2024,48.18
pry,sex_t,ocu_isco08_6,mts_aggregate_total,1998,47.07
pry,sex_t,ocu_isco08_6,mts_aggregate_total,1999,43.43
pry,sex_t,ocu_isco08_6,mts_aggregate_total,2002,47.94
pry,sex_t,ocu_isco08_6,mts_aggregate_total,2003,49.69
pry,sex_t,ocu_isco08_6,mts_aggregate_total,2004,49.53
pry,sex_t,ocu_isco08_6,mts_aggregate_total,2005,48.61
pry,sex_t,ocu_isco08_6,mts_aggregate_total,2006,47.05
pry,sex_t,ocu_isco08_6,mts_aggregate_total,2007,47.98
pry,sex_t,ocu_isco08_6,mts_aggregate_total,2008,48.77
pry,sex_t,ocu_isco08_6,mts_aggregate_total,2009,49.62
pry,sex_t,ocu_isco08_6,mts_aggregate_total,2010,48.88
pry,sex_t,ocu_isco08_6,mts_aggregate_total,2011,45.09
pry,sex_t,ocu_isco08_6,mts_aggregate_total,2012,50.8
pry,sex_t,ocu_isco08_6,mts_aggregate_total,2013,46.35
pry,sex_t,ocu_isco08_6,mts_aggregate_total,2014,51.07
pry,sex_t,ocu_isco08_6,mts_aggregate_total,2015,51.75
pry,sex_t,ocu_isco08_6,mts_aggregate_total,2016,46.25
pry,sex_t,ocu_isco08_6,mts_aggregate_total,2017,46.92
pry,sex_t,ocu_isco08_6,mts_aggregate_total,2018,42.97
pry,sex_t,ocu_isco08_6,mts_aggregate_total,2019,44.08
pry,sex_t,ocu_isco08_6,mts_aggregate_total,2020,46.99
pry,sex_t,ocu_isco08_6,mts_aggregate_total,2021,45.01
pry,sex_t,ocu_isco08_6,mts_aggregate_total,2022,45.75
pry,sex_t,ocu_isco08_6,mts_aggregate_total,2023,46.6
pry,sex_t,ocu_isco08_6,mts_aggregate_total,2024,45.35
pry,sex_t,ocu_isco08_6,mts_aggregate_x,2020,47.94
pry,sex_t,ocu_isco08_6,mts_aggregate_x,2021,46.6
pry,sex_t,ocu_isco08_6,mts_details_mrd,1998,42.64
pry,sex_t,ocu_isco08_6,mts_details_mrd,1999,43.89
pry,sex_t,ocu_isco08_6,mts_details_mrd,2002,51.17
pry,sex_t,ocu_isco08_6,mts_details_mrd,2003,54.65
pry,sex_t,ocu_isco08_6,mts_details_mrd,2004,50.97
pry,sex_t,ocu_isco08_6,mts_details_mrd,2005,54.26
pry,sex_t,ocu_isco08_6,mts_details_mrd,2006,46.16
pry,sex_t,ocu_isco08_6,mts_details_mrd,2007,47.45
pry,sex_t,ocu_isco08_6,mts_details_mrd,2008,53.38
pry,sex_t,ocu_isco08_6,mts_details_mrd,2009,53.88
pry,sex_t,ocu_isco08_6,mts_details_mrd,2010,46.4
pry,sex_t,ocu_isco08_6,mts_details_mrd,2011,43.55
pry,sex_t,ocu_isco08_6,mts_details_mrd,2012,45.75
pry,sex_t,ocu_isco08_6,mts_details_mrd,2013,49.67
pry,sex_t,ocu_isco08_6,mts_details_mrd,2014,55.92
pry,sex_t,ocu_isco08_6,mts_details_mrd,2015,45.81
pry,sex_t,ocu_isco08_6,mts_details_mrd,2016,48.89
pry,sex_t,ocu_isco08_6,mts_details_mrd,2017,48.14
pry,sex_t,ocu_isco08_6,mts_details_mrd,2018,41.43
pry,sex_t,ocu_isco08_6,mts_details_mrd,2019,47.24
pry,sex_t,ocu_isco08_6,mts_details_mrd,2020,45.62
pry,sex_t,ocu_isco08_6,mts_details_mrd,2021,46.21
pry,sex_t,ocu_isco08_6,mts_details_mrd,2022,49.43
pry,sex_t,ocu_isco08_6,mts_details_mrd,2023,49.18
pry,sex_t,ocu_isco08_6,mts_details_mrd,2024,47.37
pry,sex_t,ocu_isco08_6,mts_details_sep,1999,36.79
pry,sex_t,ocu_isco08_6,mts_details_sep,2003,55.53
pry,sex_t,ocu_isco08_6,mts_details_sep,2005,47.44
pry,sex_t,ocu_isco08_6,mts_details_sep,2007,46.58
pry,sex_t,ocu_isco08_6,mts_details_sep,2016,34.1
pry,sex_t,ocu_isco08_6,mts_details_sep,2017,50.58
pry,sex_t,ocu_isco08_6,mts_details_sep,2018,39.4
pry,sex_t,ocu_isco08_6,mts_details_sep,2019,52.37
pry,sex_t,ocu_isco08_6,mts_details_sep,2021,42.86
pry,sex_t,ocu_isco08_6,mts_details_sep,2022,49.77
pry,sex_t,ocu_isco08_6,mts_details_sep,2023,44.45
pry,sex_t,ocu_isco08_6,mts_details_sep,2024,42.14
pry,sex_t,ocu_isco08_6,mts_details_sgle,1999,41.58
pry,sex_t,ocu_isco08_6,mts_details_sgle,2002,38.08
pry,sex_t,ocu_isco08_6,mts_details_sgle,2003,43.91
pry,sex_t,ocu_isco08_6,mts_details_sgle,2004,46.93
pry,sex_t,ocu_isco08_6,mts_details_sgle,2005,44.06
pry,sex_t,ocu_isco08_6,mts_details_sgle,2006,43.7
pry,sex_t,ocu_isco08_6,mts_details_sgle,2007,50.04
pry,sex_t,ocu_isco08_6,mts_details_sgle,2008,46.41
pry,sex_t,ocu_isco08_6,mts_details_sgle,2009,48.23
pry,sex_t,ocu_isco08_6,mts_details_sgle,2010,49.83
pry,sex_t,ocu_isco08_6,mts_details_sgle,2011,45.49
pry,sex_t,ocu_isco08_6,mts_details_sgle,2012,54.02
pry,sex_t,ocu_isco08_6,mts_details_sgle,2013,46.4
pry,sex_t,ocu_isco08_6,mts_details_sgle,2014,44.33
pry,sex_t,ocu_isco08_6,mts_details_sgle,2015,55.21
pry,sex_t,ocu_isco08_6,mts_details_sgle,2016,43.72
pry,sex_t,ocu_isco08_6,mts_details_sgle,2017,44.41
pry,sex_t,ocu_isco08_6,mts_details_sgle,2018,40.33
pry,sex_t,ocu_isco08_6,mts_details_sgle,2019,41.28
pry,sex_t,ocu_isco08_6,mts_details_sgle,2020,43.8
pry,sex_t,ocu_isco08_6,mts_details_sgle,2021,43.63
pry,sex_t,ocu_isco08_6,mts_details_sgle,2022,41.27
pry,sex_t,ocu_isco08_6,mts_details_sgle,2023,41.49
pry,sex_t,ocu_isco08_6,mts_details_sgle,2024,39.14
pry,sex_t,ocu_isco08_6,mts_details_total,1998,47.07
pry,sex_t,ocu_isco08_6,mts_details_total,1999,43.43
pry,sex_t,ocu_isco08_6,mts_details_total,2002,47.94
pry,sex_t,ocu_isco08_6,mts_details_total,2003,49.69
pry,sex_t,ocu_isco08_6,mts_details_total,2004,49.53
pry,sex_t,ocu_isco08_6,mts_details_total,2005,48.61
pry,sex_t,ocu_isco08_6,mts_details_total,2006,47.05
pry,sex_t,ocu_isco08_6,mts_details_total,2007,47.98
pry,sex_t,ocu_isco08_6,mts_details_total,2008,48.77
pry,sex_t,ocu_isco08_6,mts_details_total,2009,49.62
pry,sex_t,ocu_isco08_6,mts_details_total,2010,48.88
pry,sex_t,ocu_isco08_6,mts_details_total,2011,45.09
pry,sex_t,ocu_isco08_6,mts_details_total,2012,50.8
pry,sex_t,ocu_isco08_6,mts_details_total,2013,46.35
pry,sex_t,ocu_isco08_6,mts_details_total,2014,51.07
pry,sex_t,ocu_isco08_6,mts_details_total,2015,51.75
pry,sex_t,ocu_isco08_6,mts_details_total,2016,46.25
pry,sex_t,ocu_isco08_6,mts_details_total,2017,46.92
pry,sex_t,ocu_isco08_6,mts_details_total,2018,42.97
pry,sex_t,ocu_isco08_6,mts_details_total,2019,44.08
pry,sex_t,ocu_isco08_6,mts_details_total,2020,46.99
pry,sex_t,ocu_isco08_6,mts_details_total,2021,45.01
pry,sex_t,ocu_isco08_6,mts_details_total,2022,45.75
pry,sex_t,ocu_isco08_6,mts_details_total,2023,46.6
pry,sex_t,ocu_isco08_6,mts_details_total,2024,45.35
pry,sex_t,ocu_isco08_6,mts_details_union,1999,47.69
pry,sex_t,ocu_isco08_6,mts_details_union,2002,50.35
pry,sex_t,ocu_isco08_6,mts_details_union,2003,48.61
pry,sex_t,ocu_isco08_6,mts_details_union,2004,51.6
pry,sex_t,ocu_isco08_6,mts_details_union,2005,48.28
pry,sex_t,ocu_isco08_6,mts_details_union,2006,56.05
pry,sex_t,ocu_isco08_6,mts_details_union,2007,45.41
pry,sex_t,ocu_isco08_6,mts_details_union,2008,47.13
pry,sex_t,ocu_isco08_6,mts_details_union,2009,50.14
pry,sex_t,ocu_isco08_6,mts_details_union,2010,50.79
pry,sex_t,ocu_isco08_6,mts_details_union,2011,46.83
pry,sex_t,ocu_isco08_6,mts_details_union,2012,50.8
pry,sex_t,ocu_isco08_6,mts_details_union,2013,46.17
pry,sex_t,ocu_isco08_6,mts_details_union,2014,54.13
pry,sex_t,ocu_isco08_6,mts_details_union,2015,53.84
pry,sex_t,ocu_isco08_6,mts_details_union,2016,46.39
pry,sex_t,ocu_isco08_6,mts_details_union,2017,48.5
pry,sex_t,ocu_isco08_6,mts_details_union,2018,46.75
pry,sex_t,ocu_isco08_6,mts_details_union,2019,44.5
pry,sex_t,ocu_isco08_6,mts_details_union,2020,45.31
pry,sex_t,ocu_isco08_6,mts_details_union,2021,44.94
pry,sex_t,ocu_isco08_6,mts_details_union,2022,47.17
pry,sex_t,ocu_isco08_6,mts_details_union,2023,49.87
pry,sex_t,ocu_isco08_6,mts_details_union,2024,48.78
pry,sex_t,ocu_isco08_6,mts_details_wid,2013,30.02
pry,sex_t,ocu_isco08_6,mts_details_wid,2015,56.03
pry,sex_t,ocu_isco08_6,mts_details_wid,2016,52.89
pry,sex_t,ocu_isco08_6,mts_details_wid,2017,32.17
pry,sex_t,ocu_isco08_6,mts_details_wid,2019,29.67
pry,sex_t,ocu_isco08_6,mts_details_wid,2021,25.03
pry,sex_t,ocu_isco08_6,mts_details_wid,2023,50.66
pry,sex_t,ocu_isco08_6,mts_details_wid,2024,66.91
pry,sex_t,ocu_isco08_6,mts_details_x,2020,47.94
pry,sex_t,ocu_isco08_6,mts_details_x,2021,46.6
pry,sex_t,ocu_isco08_7,mts_aggregate_1,1998,44.64
pry,sex_t,ocu_isco08_7,mts_aggregate_1,1999,44.23
pry,sex_t,ocu_isco08_7,mts_aggregate_1,2002,47.16
pry,sex_t,ocu_isco08_7,mts_aggregate_1,2003,47.07
pry,sex_t,ocu_isco08_7,mts_aggregate_1,2004,47.11
pry,sex_t,ocu_isco08_7,mts_aggregate_1,2005,50.97
pry,sex_t,ocu_isco08_7,mts_aggregate_1,2006,49.85
pry,sex_t,ocu_isco08_7,mts_aggregate_1,2007,49.65
pry,sex_t,ocu_isco08_7,mts_aggregate_1,2008,48.24
pry,sex_t,ocu_isco08_7,mts_aggregate_1,2009,47.74
pry,sex_t,ocu_isco08_7,mts_aggregate_1,2010,48.87
pry,sex_t,ocu_isco08_7,mts_aggregate_1,2011,52.52
pry,sex_t,ocu_isco08_7,mts_aggregate_1,2012,48.75
pry,sex_t,ocu_isco08_7,mts_aggregate_1,2013,48.51
pry,sex_t,ocu_isco08_7,mts_aggregate_1,2014,48.12
pry,sex_t,ocu_isco08_7,mts_aggregate_1,2015,46.89
pry,sex_t,ocu_isco08_7,mts_aggregate_1,2016,47.11
pry,sex_t,ocu_isco08_7,mts_aggregate_1,2017,46.69
pry,sex_t,ocu_isco08_7,mts_aggregate_1,2018,46.01
pry,sex_t,ocu_isco08_7,mts_aggregate_1,2019,44.65
pry,sex_t,ocu_isco08_7,mts_aggregate_1,2020,44.85
pry,sex_t,ocu_isco08_7,mts_aggregate_1,2021,44.11
pry,sex_t,ocu_isco08_7,mts_aggregate_1,2022,45.71
pry,sex_t,ocu_isco08_7,mts_aggregate_1,2023,46.09
pry,sex_t,ocu_isco08_7,mts_aggregate_1,2024,45.87
pry,sex_t,ocu_isco08_7,mts_aggregate_2,1998,47.64
pry,sex_t,ocu_isco08_7,mts_aggregate_2,1999,48.23
pry,sex_t,ocu_isco08_7,mts_aggregate_2,2002,49.7
pry,sex_t,ocu_isco08_7,mts_aggregate_2,2003,50
pry,sex_t,ocu_isco08_7,mts_aggregate_2,2004,51.19
pry,sex_t,ocu_isco08_7,mts_aggregate_2,2005,52.77
pry,sex_t,ocu_isco08_7,mts_aggregate_2,2006,52.9
pry,sex_t,ocu_isco08_7,mts_aggregate_2,2007,52.6
pry,sex_t,ocu_isco08_7,mts_aggregate_2,2008,51.91
pry,sex_t,ocu_isco08_7,mts_aggregate_2,2009,49.88
pry,sex_t,ocu_isco08_7,mts_aggregate_2,2010,49.94
pry,sex_t,ocu_isco08_7,mts_aggregate_2,2011,52.8
pry,sex_t,ocu_isco08_7,mts_aggregate_2,2012,50.9
pry,sex_t,ocu_isco08_7,mts_aggregate_2,2013,50.72
pry,sex_t,ocu_isco08_7,mts_aggregate_2,2014,49.66
pry,sex_t,ocu_isco08_7,mts_aggregate_2,2015,48.5
pry,sex_t,ocu_isco08_7,mts_aggregate_2,2016,49.85
pry,sex_t,ocu_isco08_7,mts_aggregate_2,2017,48.01
pry,sex_t,ocu_isco08_7,mts_aggregate_2,2018,47.84
pry,sex_t,ocu_isco08_7,mts_aggregate_2,2019,47.65
pry,sex_t,ocu_isco08_7,mts_aggregate_2,2020,46.3
pry,sex_t,ocu_isco08_7,mts_aggregate_2,2021,48.27
pry,sex_t,ocu_isco08_7,mts_aggregate_2,2022,47.63
pry,sex_t,ocu_isco08_7,mts_aggregate_2,2023,48.09
pry,sex_t,ocu_isco08_7,mts_aggregate_2,2024,48.72
pry,sex_t,ocu_isco08_7,mts_aggregate_total,1998,46.28
pry,sex_t,ocu_isco08_7,mts_aggregate_total,1999,46.52
pry,sex_t,ocu_isco08_7,mts_aggregate_total,2002,48.68
pry,sex_t,ocu_isco08_7,mts_aggregate_total,2003,48.73
pry,sex_t,ocu_isco08_7,mts_aggregate_total,2004,49.62
pry,sex_t,ocu_isco08_7,mts_aggregate_total,2005,52.04
pry,sex_t,ocu_isco08_7,mts_aggregate_total,2006,51.68
pry,sex_t,ocu_isco08_7,mts_aggregate_total,2007,51.37
pry,sex_t,ocu_isco08_7,mts_aggregate_total,2008,50.41
pry,sex_t,ocu_isco08_7,mts_aggregate_total,2009,49.07
pry,sex_t,ocu_isco08_7,mts_aggregate_total,2010,49.5
pry,sex_t,ocu_isco08_7,mts_aggregate_total,2011,52.69
pry,sex_t,ocu_isco08_7,mts_aggregate_total,2012,50.02
pry,sex_t,ocu_isco08_7,mts_aggregate_total,2013,49.83
pry,sex_t,ocu_isco08_7,mts_aggregate_total,2014,48.97
pry,sex_t,ocu_isco08_7,mts_aggregate_total,2015,47.85
pry,sex_t,ocu_isco08_7,mts_aggregate_total,2016,48.75
pry,sex_t,ocu_isco08_7,mts_aggregate_total,2017,47.53
pry,sex_t,ocu_isco08_7,mts_aggregate_total,2018,47.13
pry,sex_t,ocu_isco08_7,mts_aggregate_total,2019,46.52
pry,sex_t,ocu_isco08_7,mts_aggregate_total,2020,45.31
pry,sex_t,ocu_isco08_7,mts_aggregate_total,2021,46.44
pry,sex_t,ocu_isco08_7,mts_aggregate_total,2022,46.89
pry,sex_t,ocu_isco08_7,mts_aggregate_total,2023,47.29
pry,sex_t,ocu_isco08_7,mts_aggregate_total,2024,47.53
pry,sex_t,ocu_isco08_7,mts_aggregate_x,2020,45.11
pry,sex_t,ocu_isco08_7,mts_aggregate_x,2021,45.95
pry,sex_t,ocu_isco08_7,mts_details_mrd,1998,46.94
pry,sex_t,ocu_isco08_7,mts_details_mrd,1999,46.59
pry,sex_t,ocu_isco08_7,mts_details_mrd,2002,48.06
pry,sex_t,ocu_isco08_7,mts_details_mrd,2003,49.15
pry,sex_t,ocu_isco08_7,mts_details_mrd,2004,51.22
pry,sex_t,ocu_isco08_7,mts_details_mrd,2005,53.34
pry,sex_t,ocu_isco08_7,mts_details_mrd,2006,51.02
pry,sex_t,ocu_isco08_7,mts_details_mrd,2007,51.21
pry,sex_t,ocu_isco08_7,mts_details_mrd,2008,50.88
pry,sex_t,ocu_isco08_7,mts_details_mrd,2009,49.22
pry,sex_t,ocu_isco08_7,mts_details_mrd,2010,47.3
pry,sex_t,ocu_isco08_7,mts_details_mrd,2011,52.25
pry,sex_t,ocu_isco08_7,mts_details_mrd,2012,48.65
pry,sex_t,ocu_isco08_7,mts_details_mrd,2013,48.68
pry,sex_t,ocu_isco08_7,mts_details_mrd,2014,48.84
pry,sex_t,ocu_isco08_7,mts_details_mrd,2015,47.6
pry,sex_t,ocu_isco08_7,mts_details_mrd,2016,48.99
pry,sex_t,ocu_isco08_7,mts_details_mrd,2017,46.68
pry,sex_t,ocu_isco08_7,mts_details_mrd,2018,46.79
pry,sex_t,ocu_isco08_7,mts_details_mrd,2019,44.97
pry,sex_t,ocu_isco08_7,mts_details_mrd,2020,46.64
pry,sex_t,ocu_isco08_7,mts_details_mrd,2021,47.05
pry,sex_t,ocu_isco08_7,mts_details_mrd,2022,46.35
pry,sex_t,ocu_isco08_7,mts_details_mrd,2023,46.62
pry,sex_t,ocu_isco08_7,mts_details_mrd,2024,48.24
pry,sex_t,ocu_isco08_7,mts_details_sep,1998,41.45
pry,sex_t,ocu_isco08_7,mts_details_sep,1999,46.81
pry,sex_t,ocu_isco08_7,mts_details_sep,2002,54.14
pry,sex_t,ocu_isco08_7,mts_details_sep,2003,47.85
pry,sex_t,ocu_isco08_7,mts_details_sep,2004,54.22
pry,sex_t,ocu_isco08_7,mts_details_sep,2005,46.41
pry,sex_t,ocu_isco08_7,mts_details_sep,2006,53.15
pry,sex_t,ocu_isco08_7,mts_details_sep,2007,52.39
pry,sex_t,ocu_isco08_7,mts_details_sep,2008,37.76
pry,sex_t,ocu_isco08_7,mts_details_sep,2009,40.01
pry,sex_t,ocu_isco08_7,mts_details_sep,2010,52.01
pry,sex_t,ocu_isco08_7,mts_details_sep,2011,51.08
pry,sex_t,ocu_isco08_7,mts_details_sep,2012,50.66
pry,sex_t,ocu_isco08_7,mts_details_sep,2013,46.34
pry,sex_t,ocu_isco08_7,mts_details_sep,2014,53.57
pry,sex_t,ocu_isco08_7,mts_details_sep,2015,49.85
pry,sex_t,ocu_isco08_7,mts_details_sep,2016,44.12
pry,sex_t,ocu_isco08_7,mts_details_sep,2017,46.78
pry,sex_t,ocu_isco08_7,mts_details_sep,2018,45.7
pry,sex_t,ocu_isco08_7,mts_details_sep,2019,46.09
pry,sex_t,ocu_isco08_7,mts_details_sep,2020,36.99
pry,sex_t,ocu_isco08_7,mts_details_sep,2021,41.16
pry,sex_t,ocu_isco08_7,mts_details_sep,2022,44.99
pry,sex_t,ocu_isco08_7,mts_details_sep,2023,37.45
pry,sex_t,ocu_isco08_7,mts_details_sep,2024,45.05
pry,sex_t,ocu_isco08_7,mts_details_sgle,1998,44.66
pry,sex_t,ocu_isco08_7,mts_details_sgle,1999,44.17
pry,sex_t,ocu_isco08_7,mts_details_sgle,2002,46.79
pry,sex_t,ocu_isco08_7,mts_details_sgle,2003,47
pry,sex_t,ocu_isco08_7,mts_details_sgle,2004,46.82
pry,sex_t,ocu_isco08_7,mts_details_sgle,2005,51.17
pry,sex_t,ocu_isco08_7,mts_details_sgle,2006,49.73
pry,sex_t,ocu_isco08_7,mts_details_sgle,2007,49.69
pry,sex_t,ocu_isco08_7,mts_details_sgle,2008,48.74
pry,sex_t,ocu_isco08_7,mts_details_sgle,2009,48.23
pry,sex_t,ocu_isco08_7,mts_details_sgle,2010,48.65
pry,sex_t,ocu_isco08_7,mts_details_sgle,2011,52.73
pry,sex_t,ocu_isco08_7,mts_details_sgle,2012,48.95
pry,sex_t,ocu_isco08_7,mts_details_sgle,2013,48.88
pry,sex_t,ocu_isco08_7,mts_details_sgle,2014,48.24
pry,sex_t,ocu_isco08_7,mts_details_sgle,2015,46.76
pry,sex_t,ocu_isco08_7,mts_details_sgle,2016,47.41
pry,sex_t,ocu_isco08_7,mts_details_sgle,2017,46.68
pry,sex_t,ocu_isco08_7,mts_details_sgle,2018,46.03
pry,sex_t,ocu_isco08_7,mts_details_sgle,2019,44.74
pry,sex_t,ocu_isco08_7,mts_details_sgle,2020,45.25
pry,sex_t,ocu_isco08_7,mts_details_sgle,2021,44.17
pry,sex_t,ocu_isco08_7,mts_details_sgle,2022,45.8
pry,sex_t,ocu_isco08_7,mts_details_sgle,2023,46.64
pry,sex_t,ocu_isco08_7,mts_details_sgle,2024,46.02
pry,sex_t,ocu_isco08_7,mts_details_total,1998,46.28
pry,sex_t,ocu_isco08_7,mts_details_total,1999,46.52
pry,sex_t,ocu_isco08_7,mts_details_total,2002,48.68
pry,sex_t,ocu_isco08_7,mts_details_total,2003,48.73
pry,sex_t,ocu_isco08_7,mts_details_total,2004,49.62
pry,sex_t,ocu_isco08_7,mts_details_total,2005,52.04
pry,sex_t,ocu_isco08_7,mts_details_total,2006,51.68
pry,sex_t,ocu_isco08_7,mts_details_total,2007,51.37
pry,sex_t,ocu_isco08_7,mts_details_total,2008,50.41
pry,sex_t,ocu_isco08_7,mts_details_total,2009,49.07
pry,sex_t,ocu_isco08_7,mts_details_total,2010,49.5
pry,sex_t,ocu_isco08_7,mts_details_total,2011,52.69
pry,sex_t,ocu_isco08_7,mts_details_total,2012,50.02
pry,sex_t,ocu_isco08_7,mts_details_total,2013,49.83
pry,sex_t,ocu_isco08_7,mts_details_total,2014,48.97
pry,sex_t,ocu_isco08_7,mts_details_total,2015,47.85
pry,sex_t,ocu_isco08_7,mts_details_total,2016,48.75
pry,sex_t,ocu_isco08_7,mts_details_total,2017,47.53
pry,sex_t,ocu_isco08_7,mts_details_total,2018,47.13
pry,sex_t,ocu_isco08_7,mts_details_total,2019,46.52
pry,sex_t,ocu_isco08_7,mts_details_total,2020,45.31
pry,sex_t,ocu_isco08_7,mts_details_total,2021,46.44
pry,sex_t,ocu_isco08_7,mts_details_total,2022,46.89
pry,sex_t,ocu_isco08_7,mts_details_total,2023,47.29
pry,sex_t,ocu_isco08_7,mts_details_total,2024,47.53
pry,sex_t,ocu_isco08_7,mts_details_union,1998,48.69
pry,sex_t,ocu_isco08_7,mts_details_union,1999,51.35
pry,sex_t,ocu_isco08_7,mts_details_union,2002,52.15
pry,sex_t,ocu_isco08_7,mts_details_union,2003,51.17
pry,sex_t,ocu_isco08_7,mts_details_union,2004,51.16
pry,sex_t,ocu_isco08_7,mts_details_union,2005,52.05
pry,sex_t,ocu_isco08_7,mts_details_union,2006,55.05
pry,sex_t,ocu_isco08_7,mts_details_union,2007,54.15
pry,sex_t,ocu_isco08_7,mts_details_union,2008,53.01
pry,sex_t,ocu_isco08_7,mts_details_union,2009,50.59
pry,sex_t,ocu_isco08_7,mts_details_union,2010,52.47
pry,sex_t,ocu_isco08_7,mts_details_union,2011,53.56
pry,sex_t,ocu_isco08_7,mts_details_union,2012,52.95
pry,sex_t,ocu_isco08_7,mts_details_union,2013,53.04
pry,sex_t,ocu_isco08_7,mts_details_union,2014,50.39
pry,sex_t,ocu_isco08_7,mts_details_union,2015,49.32
pry,sex_t,ocu_isco08_7,mts_details_union,2016,50.43
pry,sex_t,ocu_isco08_7,mts_details_union,2017,48.87
pry,sex_t,ocu_isco08_7,mts_details_union,2018,48.42
pry,sex_t,ocu_isco08_7,mts_details_union,2019,49.01
pry,sex_t,ocu_isco08_7,mts_details_union,2020,46.13
pry,sex_t,ocu_isco08_7,mts_details_union,2021,48.93
pry,sex_t,ocu_isco08_7,mts_details_union,2022,48.35
pry,sex_t,ocu_isco08_7,mts_details_union,2023,48.83
pry,sex_t,ocu_isco08_7,mts_details_union,2024,48.98
pry,sex_t,ocu_isco08_7,mts_details_wid,1999,42.39
pry,sex_t,ocu_isco08_7,mts_details_wid,2003,50.42
pry,sex_t,ocu_isco08_7,mts_details_wid,2008,35.94
pry,sex_t,ocu_isco08_7,mts_details_wid,2011,42.68
pry,sex_t,ocu_isco08_7,mts_details_wid,2012,31.54
pry,sex_t,ocu_isco08_7,mts_details_wid,2013,35.19
pry,sex_t,ocu_isco08_7,mts_details_wid,2014,40.19
pry,sex_t,ocu_isco08_7,mts_details_wid,2015,44.88
pry,sex_t,ocu_isco08_7,mts_details_wid,2016,37.67
pry,sex_t,ocu_isco08_7,mts_details_wid,2017,46.91
pry,sex_t,ocu_isco08_7,mts_details_wid,2018,45.87
pry,sex_t,ocu_isco08_7,mts_details_wid,2019,34.43
pry,sex_t,ocu_isco08_7,mts_details_wid,2021,49.51
pry,sex_t,ocu_isco08_7,mts_details_wid,2022,40.54
pry,sex_t,ocu_isco08_7,mts_details_wid,2023,37.42
pry,sex_t,ocu_isco08_7,mts_details_wid,2024,39.19
pry,sex_t,ocu_isco08_7,mts_details_x,2020,45.11
pry,sex_t,ocu_isco08_7,mts_details_x,2021,45.95
pry,sex_t,ocu_isco08_8,mts_aggregate_1,1998,45.46
pry,sex_t,ocu_isco08_8,mts_aggregate_1,1999,54.43
pry,sex_t,ocu_isco08_8,mts_aggregate_1,2002,57.1
pry,sex_t,ocu_isco08_8,mts_aggregate_1,2003,57.73
pry,sex_t,ocu_isco08_8,mts_aggregate_1,2004,56.3
pry,sex_t,ocu_isco08_8,mts_aggregate_1,2005,51.16
pry,sex_t,ocu_isco08_8,mts_aggregate_1,2006,55.08
pry,sex_t,ocu_isco08_8,mts_aggregate_1,2007,54.03
pry,sex_t,ocu_isco08_8,mts_aggregate_1,2008,56.89
pry,sex_t,ocu_isco08_8,mts_aggregate_1,2009,48.78
pry,sex_t,ocu_isco08_8,mts_aggregate_1,2010,49.8
pry,sex_t,ocu_isco08_8,mts_aggregate_1,2011,52.93
pry,sex_t,ocu_isco08_8,mts_aggregate_1,2012,48.28
pry,sex_t,ocu_isco08_8,mts_aggregate_1,2013,53.95
pry,sex_t,ocu_isco08_8,mts_aggregate_1,2014,53.13
pry,sex_t,ocu_isco08_8,mts_aggregate_1,2015,48.93
pry,sex_t,ocu_isco08_8,mts_aggregate_1,2016,49.59
pry,sex_t,ocu_isco08_8,mts_aggregate_1,2017,48.47
pry,sex_t,ocu_isco08_8,mts_aggregate_1,2018,48.08
pry,sex_t,ocu_isco08_8,mts_aggregate_1,2019,49.51
pry,sex_t,ocu_isco08_8,mts_aggregate_1,2020,52
pry,sex_t,ocu_isco08_8,mts_aggregate_1,2021,48.29
pry,sex_t,ocu_isco08_8,mts_aggregate_1,2022,49.1
pry,sex_t,ocu_isco08_8,mts_aggregate_1,2023,48.47
pry,sex_t,ocu_isco08_8,mts_aggregate_1,2024,48.06
pry,sex_t,ocu_isco08_8,mts_aggregate_2,1998,55.78
pry,sex_t,ocu_isco08_8,mts_aggregate_2,1999,58.92
pry,sex_t,ocu_isco08_8,mts_aggregate_2,2002,53.72
pry,sex_t,ocu_isco08_8,mts_aggregate_2,2003,54.91
pry,sex_t,ocu_isco08_8,mts_aggregate_2,2004,56.97
pry,sex_t,ocu_isco08_8,mts_aggregate_2,2005,56
pry,sex_t,ocu_isco08_8,mts_aggregate_2,2006,56.12
pry,sex_t,ocu_isco08_8,mts_aggregate_2,2007,57.51
pry,sex_t,ocu_isco08_8,mts_aggregate_2,2008,57.44
pry,sex_t,ocu_isco08_8,mts_aggregate_2,2009,58.85
pry,sex_t,ocu_isco08_8,mts_aggregate_2,2010,54.46
pry,sex_t,ocu_isco08_8,mts_aggregate_2,2011,57.3
pry,sex_t,ocu_isco08_8,mts_aggregate_2,2012,52.22
pry,sex_t,ocu_isco08_8,mts_aggregate_2,2013,56.69
pry,sex_t,ocu_isco08_8,mts_aggregate_2,2014,54.65
pry,sex_t,ocu_isco08_8,mts_aggregate_2,2015,53.92
pry,sex_t,ocu_isco08_8,mts_aggregate_2,2016,53.32
pry,sex_t,ocu_isco08_8,mts_aggregate_2,2017,53.27
pry,sex_t,ocu_isco08_8,mts_aggregate_2,2018,52.19
pry,sex_t,ocu_isco08_8,mts_aggregate_2,2019,50.96
pry,sex_t,ocu_isco08_8,mts_aggregate_2,2020,52.6
pry,sex_t,ocu_isco08_8,mts_aggregate_2,2021,52.51
pry,sex_t,ocu_isco08_8,mts_aggregate_2,2022,51.89
pry,sex_t,ocu_isco08_8,mts_aggregate_2,2023,51.51
pry,sex_t,ocu_isco08_8,mts_aggregate_2,2024,52.01
pry,sex_t,ocu_isco08_8,mts_aggregate_total,1998,53.47
pry,sex_t,ocu_isco08_8,mts_aggregate_total,1999,57.92
pry,sex_t,ocu_isco08_8,mts_aggregate_total,2002,54.26
pry,sex_t,ocu_isco08_8,mts_aggregate_total,2003,55.59
pry,sex_t,ocu_isco08_8,mts_aggregate_total,2004,56.81
pry,sex_t,ocu_isco08_8,mts_aggregate_total,2005,54.57
pry,sex_t,ocu_isco08_8,mts_aggregate_total,2006,55.91
pry,sex_t,ocu_isco08_8,mts_aggregate_total,2007,56.61
pry,sex_t,ocu_isco08_8,mts_aggregate_total,2008,57.33
pry,sex_t,ocu_isco08_8,mts_aggregate_total,2009,56.47
pry,sex_t,ocu_isco08_8,mts_aggregate_total,2010,53.38
pry,sex_t,ocu_isco08_8,mts_aggregate_total,2011,56.4
pry,sex_t,ocu_isco08_8,mts_aggregate_total,2012,51.1
pry,sex_t,ocu_isco08_8,mts_aggregate_total,2013,55.84
pry,sex_t,ocu_isco08_8,mts_aggregate_total,2014,54.27
pry,sex_t,ocu_isco08_8,mts_aggregate_total,2015,52.29
pry,sex_t,ocu_isco08_8,mts_aggregate_total,2016,52.46
pry,sex_t,ocu_isco08_8,mts_aggregate_total,2017,51.93
pry,sex_t,ocu_isco08_8,mts_aggregate_total,2018,50.97
pry,sex_t,ocu_isco08_8,mts_aggregate_total,2019,50.56
pry,sex_t,ocu_isco08_8,mts_aggregate_total,2020,50.3
pry,sex_t,ocu_isco08_8,mts_aggregate_total,2021,50.92
pry,sex_t,ocu_isco08_8,mts_aggregate_total,2022,51.02
pry,sex_t,ocu_isco08_8,mts_aggregate_total,2023,50.53
pry,sex_t,ocu_isco08_8,mts_aggregate_total,2024,50.83
pry,sex_t,ocu_isco08_8,mts_aggregate_x,2020,49.46
pry,sex_t,ocu_isco08_8,mts_aggregate_x,2021,49.77
pry,sex_t,ocu_isco08_8,mts_details_mrd,1998,56.1
pry,sex_t,ocu_isco08_8,mts_details_mrd,1999,58.6
pry,sex_t,ocu_isco08_8,mts_details_mrd,2002,53.33
pry,sex_t,ocu_isco08_8,mts_details_mrd,2003,53.61
pry,sex_t,ocu_isco08_8,mts_details_mrd,2004,55.61
pry,sex_t,ocu_isco08_8,mts_details_mrd,2005,54.99
pry,sex_t,ocu_isco08_8,mts_details_mrd,2006,53.35
pry,sex_t,ocu_isco08_8,mts_details_mrd,2007,56.63
pry,sex_t,ocu_isco08_8,mts_details_mrd,2008,56.28
pry,sex_t,ocu_isco08_8,mts_details_mrd,2009,59.36
pry,sex_t,ocu_isco08_8,mts_details_mrd,2010,51.96
pry,sex_t,ocu_isco08_8,mts_details_mrd,2011,55.31
pry,sex_t,ocu_isco08_8,mts_details_mrd,2012,50.82
pry,sex_t,ocu_isco08_8,mts_details_mrd,2013,53.23
pry,sex_t,ocu_isco08_8,mts_details_mrd,2014,53.9
pry,sex_t,ocu_isco08_8,mts_details_mrd,2015,54.52
pry,sex_t,ocu_isco08_8,mts_details_mrd,2016,52.89
pry,sex_t,ocu_isco08_8,mts_details_mrd,2017,52.15
pry,sex_t,ocu_isco08_8,mts_details_mrd,2018,50.63
pry,sex_t,ocu_isco08_8,mts_details_mrd,2019,49.76
pry,sex_t,ocu_isco08_8,mts_details_mrd,2020,50.62
pry,sex_t,ocu_isco08_8,mts_details_mrd,2021,50.41
pry,sex_t,ocu_isco08_8,mts_details_mrd,2022,51.81
pry,sex_t,ocu_isco08_8,mts_details_mrd,2023,50.58
pry,sex_t,ocu_isco08_8,mts_details_mrd,2024,50.04
pry,sex_t,ocu_isco08_8,mts_details_sep,2003,59.71
pry,sex_t,ocu_isco08_8,mts_details_sep,2004,56.96
pry,sex_t,ocu_isco08_8,mts_details_sep,2009,43.03
pry,sex_t,ocu_isco08_8,mts_details_sep,2011,59.86
pry,sex_t,ocu_isco08_8,mts_details_sep,2012,52.41
pry,sex_t,ocu_isco08_8,mts_details_sep,2013,62.87
pry,sex_t,ocu_isco08_8,mts_details_sep,2014,46.69
pry,sex_t,ocu_isco08_8,mts_details_sep,2015,53.19
pry,sex_t,ocu_isco08_8,mts_details_sep,2016,52.15
pry,sex_t,ocu_isco08_8,mts_details_sep,2017,50.4
pry,sex_t,ocu_isco08_8,mts_details_sep,2018,45.79
pry,sex_t,ocu_isco08_8,mts_details_sep,2019,49.51
pry,sex_t,ocu_isco08_8,mts_details_sep,2020,41.67
pry,sex_t,ocu_isco08_8,mts_details_sep,2021,45.12
pry,sex_t,ocu_isco08_8,mts_details_sep,2022,45.45
pry,sex_t,ocu_isco08_8,mts_details_sep,2023,45.92
pry,sex_t,ocu_isco08_8,mts_details_sep,2024,47.44
pry,sex_t,ocu_isco08_8,mts_details_sgle,1998,45.4
pry,sex_t,ocu_isco08_8,mts_details_sgle,1999,54.52
pry,sex_t,ocu_isco08_8,mts_details_sgle,2002,58.12
pry,sex_t,ocu_isco08_8,mts_details_sgle,2003,57.68
pry,sex_t,ocu_isco08_8,mts_details_sgle,2004,56.5
pry,sex_t,ocu_isco08_8,mts_details_sgle,2005,50.38
pry,sex_t,ocu_isco08_8,mts_details_sgle,2006,56.2
pry,sex_t,ocu_isco08_8,mts_details_sgle,2007,55.28
pry,sex_t,ocu_isco08_8,mts_details_sgle,2008,55.69
pry,sex_t,ocu_isco08_8,mts_details_sgle,2009,49.3
pry,sex_t,ocu_isco08_8,mts_details_sgle,2010,49.8
pry,sex_t,ocu_isco08_8,mts_details_sgle,2011,52.86
pry,sex_t,ocu_isco08_8,mts_details_sgle,2012,47.77
pry,sex_t,ocu_isco08_8,mts_details_sgle,2013,53.3
pry,sex_t,ocu_isco08_8,mts_details_sgle,2014,54.13
pry,sex_t,ocu_isco08_8,mts_details_sgle,2015,48.57
pry,sex_t,ocu_isco08_8,mts_details_sgle,2016,49.36
pry,sex_t,ocu_isco08_8,mts_details_sgle,2017,48.32
pry,sex_t,ocu_isco08_8,mts_details_sgle,2018,48.27
pry,sex_t,ocu_isco08_8,mts_details_sgle,2019,49.67
pry,sex_t,ocu_isco08_8,mts_details_sgle,2020,52.71
pry,sex_t,ocu_isco08_8,mts_details_sgle,2021,48.78
pry,sex_t,ocu_isco08_8,mts_details_sgle,2022,49.31
pry,sex_t,ocu_isco08_8,mts_details_sgle,2023,48.7
pry,sex_t,ocu_isco08_8,mts_details_sgle,2024,48.02
pry,sex_t,ocu_isco08_8,mts_details_total,1998,53.47
pry,sex_t,ocu_isco08_8,mts_details_total,1999,57.92
pry,sex_t,ocu_isco08_8,mts_details_total,2002,54.26
pry,sex_t,ocu_isco08_8,mts_details_total,2003,55.59
pry,sex_t,ocu_isco08_8,mts_details_total,2004,56.81
pry,sex_t,ocu_isco08_8,mts_details_total,2005,54.57
pry,sex_t,ocu_isco08_8,mts_details_total,2006,55.91
pry,sex_t,ocu_isco08_8,mts_details_total,2007,56.61
pry,sex_t,ocu_isco08_8,mts_details_total,2008,57.33
pry,sex_t,ocu_isco08_8,mts_details_total,2009,56.47
pry,sex_t,ocu_isco08_8,mts_details_total,2010,53.38
pry,sex_t,ocu_isco08_8,mts_details_total,2011,56.4
pry,sex_t,ocu_isco08_8,mts_details_total,2012,51.1
pry,sex_t,ocu_isco08_8,mts_details_total,2013,55.84
pry,sex_t,ocu_isco08_8,mts_details_total,2014,54.27
pry,sex_t,ocu_isco08_8,mts_details_total,2015,52.29
pry,sex_t,ocu_isco08_8,mts_details_total,2016,52.46
pry,sex_t,ocu_isco08_8,mts_details_total,2017,51.93
pry,sex_t,ocu_isco08_8,mts_details_total,2018,50.97
pry,sex_t,ocu_isco08_8,mts_details_total,2019,50.56
pry,sex_t,ocu_isco08_8,mts_details_total,2020,50.3
pry,sex_t,ocu_isco08_8,mts_details_total,2021,50.92
pry,sex_t,ocu_isco08_8,mts_details_total,2022,51.02
pry,sex_t,ocu_isco08_8,mts_details_total,2023,50.53
pry,sex_t,ocu_isco08_8,mts_details_total,2024,50.83
pry,sex_t,ocu_isco08_8,mts_details_union,1998,55.2
pry,sex_t,ocu_isco08_8,mts_details_union,1999,59.77
pry,sex_t,ocu_isco08_8,mts_details_union,2002,54.58
pry,sex_t,ocu_isco08_8,mts_details_union,2003,57.76
pry,sex_t,ocu_isco08_8,mts_details_union,2004,59.36
pry,sex_t,ocu_isco08_8,mts_details_union,2005,58.14
pry,sex_t,ocu_isco08_8,mts_details_union,2006,59.37
pry,sex_t,ocu_isco08_8,mts_details_union,2007,59.28
pry,sex_t,ocu_isco08_8,mts_details_union,2008,59.83
pry,sex_t,ocu_isco08_8,mts_details_union,2009,57.94
pry,sex_t,ocu_isco08_8,mts_details_union,2010,58
pry,sex_t,ocu_isco08_8,mts_details_union,2011,60.23
pry,sex_t,ocu_isco08_8,mts_details_union,2012,54.31
pry,sex_t,ocu_isco08_8,mts_details_union,2013,61.01
pry,sex_t,ocu_isco08_8,mts_details_union,2014,55.52
pry,sex_t,ocu_isco08_8,mts_details_union,2015,53.19
pry,sex_t,ocu_isco08_8,mts_details_union,2016,53.66
pry,sex_t,ocu_isco08_8,mts_details_union,2017,54.37
pry,sex_t,ocu_isco08_8,mts_details_union,2018,53.41
pry,sex_t,ocu_isco08_8,mts_details_union,2019,51.97
pry,sex_t,ocu_isco08_8,mts_details_union,2020,53.92
pry,sex_t,ocu_isco08_8,mts_details_union,2021,53.97
pry,sex_t,ocu_isco08_8,mts_details_union,2022,51.95
pry,sex_t,ocu_isco08_8,mts_details_union,2023,52.23
pry,sex_t,ocu_isco08_8,mts_details_union,2024,53.5
pry,sex_t,ocu_isco08_8,mts_details_wid,2017,43.85
pry,sex_t,ocu_isco08_8,mts_details_wid,2018,48.09
pry,sex_t,ocu_isco08_8,mts_details_wid,2022,58.78
pry,sex_t,ocu_isco08_8,mts_details_wid,2024,53.85
pry,sex_t,ocu_isco08_8,mts_details_x,2020,49.46
pry,sex_t,ocu_isco08_8,mts_details_x,2021,49.77
pry,sex_t,ocu_isco08_9,mts_aggregate_1,1998,47.96
pry,sex_t,ocu_isco08_9,mts_aggregate_1,1999,44.72
pry,sex_t,ocu_isco08_9,mts_aggregate_1,2002,47.34
pry,sex_t,ocu_isco08_9,mts_aggregate_1,2003,46.54
pry,sex_t,ocu_isco08_9,mts_aggregate_1,2004,46.21
pry,sex_t,ocu_isco08_9,mts_aggregate_1,2005,45.86
pry,sex_t,ocu_isco08_9,mts_aggregate_1,2006,48.61
pry,sex_t,ocu_isco08_9,mts_aggregate_1,2007,47.99
pry,sex_t,ocu_isco08_9,mts_aggregate_1,2008,47.1
pry,sex_t,ocu_isco08_9,mts_aggregate_1,2009,44.24
pry,sex_t,ocu_isco08_9,mts_aggregate_1,2010,46.41
pry,sex_t,ocu_isco08_9,mts_aggregate_1,2011,46.3
pry,sex_t,ocu_isco08_9,mts_aggregate_1,2012,44.61
pry,sex_t,ocu_isco08_9,mts_aggregate_1,2013,44.27
pry,sex_t,ocu_isco08_9,mts_aggregate_1,2014,44.29
pry,sex_t,ocu_isco08_9,mts_aggregate_1,2015,41.43
pry,sex_t,ocu_isco08_9,mts_aggregate_1,2016,42.59
pry,sex_t,ocu_isco08_9,mts_aggregate_1,2017,41.28
pry,sex_t,ocu_isco08_9,mts_aggregate_1,2018,41.38
pry,sex_t,ocu_isco08_9,mts_aggregate_1,2019,39.9
pry,sex_t,ocu_isco08_9,mts_aggregate_1,2020,40.86
pry,sex_t,ocu_isco08_9,mts_aggregate_1,2021,40.09
pry,sex_t,ocu_isco08_9,mts_aggregate_1,2022,40.57
pry,sex_t,ocu_isco08_9,mts_aggregate_1,2023,40.32
pry,sex_t,ocu_isco08_9,mts_aggregate_1,2024,40.32
pry,sex_t,ocu_isco08_9,mts_aggregate_2,1998,45.49
pry,sex_t,ocu_isco08_9,mts_aggregate_2,1999,49.95
pry,sex_t,ocu_isco08_9,mts_aggregate_2,2002,45.04
pry,sex_t,ocu_isco08_9,mts_aggregate_2,2003,45.72
pry,sex_t,ocu_isco08_9,mts_aggregate_2,2004,46.54
pry,sex_t,ocu_isco08_9,mts_aggregate_2,2005,46.2
pry,sex_t,ocu_isco08_9,mts_aggregate_2,2006,47.86
pry,sex_t,ocu_isco08_9,mts_aggregate_2,2007,46.11
pry,sex_t,ocu_isco08_9,mts_aggregate_2,2008,42.74
pry,sex_t,ocu_isco08_9,mts_aggregate_2,2009,45.15
pry,sex_t,ocu_isco08_9,mts_aggregate_2,2010,44.33
pry,sex_t,ocu_isco08_9,mts_aggregate_2,2011,46.47
pry,sex_t,ocu_isco08_9,mts_aggregate_2,2012,44.79
pry,sex_t,ocu_isco08_9,mts_aggregate_2,2013,43.23
pry,sex_t,ocu_isco08_9,mts_aggregate_2,2014,45.1
pry,sex_t,ocu_isco08_9,mts_aggregate_2,2015,41.93
pry,sex_t,ocu_isco08_9,mts_aggregate_2,2016,43.21
pry,sex_t,ocu_isco08_9,mts_aggregate_2,2017,41.72
pry,sex_t,ocu_isco08_9,mts_aggregate_2,2018,40.88
pry,sex_t,ocu_isco08_9,mts_aggregate_2,2019,39.83
pry,sex_t,ocu_isco08_9,mts_aggregate_2,2020,39.28
pry,sex_t,ocu_isco08_9,mts_aggregate_2,2021,41.27
pry,sex_t,ocu_isco08_9,mts_aggregate_2,2022,40.8
pry,sex_t,ocu_isco08_9,mts_aggregate_2,2023,40
pry,sex_t,ocu_isco08_9,mts_aggregate_2,2024,40.02
pry,sex_t,ocu_isco08_9,mts_aggregate_total,1998,46.85
pry,sex_t,ocu_isco08_9,mts_aggregate_total,1999,47.61
pry,sex_t,ocu_isco08_9,mts_aggregate_total,2002,46.34
pry,sex_t,ocu_isco08_9,mts_aggregate_total,2003,46.17
pry,sex_t,ocu_isco08_9,mts_aggregate_total,2004,46.35
pry,sex_t,ocu_isco08_9,mts_aggregate_total,2005,46
pry,sex_t,ocu_isco08_9,mts_aggregate_total,2006,48.3
pry,sex_t,ocu_isco08_9,mts_aggregate_total,2007,47.1
pry,sex_t,ocu_isco08_9,mts_aggregate_total,2008,45.09
pry,sex_t,ocu_isco08_9,mts_aggregate_total,2009,44.62
pry,sex_t,ocu_isco08_9,mts_aggregate_total,2010,45.41
pry,sex_t,ocu_isco08_9,mts_aggregate_total,2011,46.38
pry,sex_t,ocu_isco08_9,mts_aggregate_total,2012,44.7
pry,sex_t,ocu_isco08_9,mts_aggregate_total,2013,43.78
pry,sex_t,ocu_isco08_9,mts_aggregate_total,2014,44.65
pry,sex_t,ocu_isco08_9,mts_aggregate_total,2015,41.66
pry,sex_t,ocu_isco08_9,mts_aggregate_total,2016,42.91
pry,sex_t,ocu_isco08_9,mts_aggregate_total,2017,41.5
pry,sex_t,ocu_isco08_9,mts_aggregate_total,2018,41.13
pry,sex_t,ocu_isco08_9,mts_aggregate_total,2019,39.87
pry,sex_t,ocu_isco08_9,mts_aggregate_total,2020,39.74
pry,sex_t,ocu_isco08_9,mts_aggregate_total,2021,40.54
pry,sex_t,ocu_isco08_9,mts_aggregate_total,2022,40.68
pry,sex_t,ocu_isco08_9,mts_aggregate_total,2023,40.17
pry,sex_t,ocu_isco08_9,mts_aggregate_total,2024,40.18
pry,sex_t,ocu_isco08_9,mts_aggregate_x,2020,39.61
pry,sex_t,ocu_isco08_9,mts_aggregate_x,2021,40.27
pry,sex_t,ocu_isco08_9,mts_details_mrd,1998,46.61
pry,sex_t,ocu_isco08_9,mts_details_mrd,1999,49.65
pry,sex_t,ocu_isco08_9,mts_details_mrd,2002,45.52
pry,sex_t,ocu_isco08_9,mts_details_mrd,2003,44.8
pry,sex_t,ocu_isco08_9,mts_details_mrd,2004,45.72
pry,sex_t,ocu_isco08_9,mts_details_mrd,2005,47.34
pry,sex_t,ocu_isco08_9,mts_details_mrd,2006,47.69
pry,sex_t,ocu_isco08_9,mts_details_mrd,2007,46.92
pry,sex_t,ocu_isco08_9,mts_details_mrd,2008,41.13
pry,sex_t,ocu_isco08_9,mts_details_mrd,2009,43.41
pry,sex_t,ocu_isco08_9,mts_details_mrd,2010,43.77
pry,sex_t,ocu_isco08_9,mts_details_mrd,2011,46.37
pry,sex_t,ocu_isco08_9,mts_details_mrd,2012,43.94
pry,sex_t,ocu_isco08_9,mts_details_mrd,2013,43.02
pry,sex_t,ocu_isco08_9,mts_details_mrd,2014,43.82
pry,sex_t,ocu_isco08_9,mts_details_mrd,2015,41.92
pry,sex_t,ocu_isco08_9,mts_details_mrd,2016,42.22
pry,sex_t,ocu_isco08_9,mts_details_mrd,2017,40.92
pry,sex_t,ocu_isco08_9,mts_details_mrd,2018,41.22
pry,sex_t,ocu_isco08_9,mts_details_mrd,2019,39.33
pry,sex_t,ocu_isco08_9,mts_details_mrd,2020,39.64
pry,sex_t,ocu_isco08_9,mts_details_mrd,2021,40.76
pry,sex_t,ocu_isco08_9,mts_details_mrd,2022,40.03
pry,sex_t,ocu_isco08_9,mts_details_mrd,2023,38.41
pry,sex_t,ocu_isco08_9,mts_details_mrd,2024,38.33
pry,sex_t,ocu_isco08_9,mts_details_sep,2002,49.55
pry,sex_t,ocu_isco08_9,mts_details_sep,2003,40.91
pry,sex_t,ocu_isco08_9,mts_details_sep,2004,42.74
pry,sex_t,ocu_isco08_9,mts_details_sep,2005,45.73
pry,sex_t,ocu_isco08_9,mts_details_sep,2006,43.59
pry,sex_t,ocu_isco08_9,mts_details_sep,2007,42.41
pry,sex_t,ocu_isco08_9,mts_details_sep,2008,47.25
pry,sex_t,ocu_isco08_9,mts_details_sep,2009,39.72
pry,sex_t,ocu_isco08_9,mts_details_sep,2010,53.03
pry,sex_t,ocu_isco08_9,mts_details_sep,2011,46.12
pry,sex_t,ocu_isco08_9,mts_details_sep,2012,40.28
pry,sex_t,ocu_isco08_9,mts_details_sep,2013,39.8
pry,sex_t,ocu_isco08_9,mts_details_sep,2014,39.1
pry,sex_t,ocu_isco08_9,mts_details_sep,2015,39.38
pry,sex_t,ocu_isco08_9,mts_details_sep,2016,44.27
pry,sex_t,ocu_isco08_9,mts_details_sep,2017,39.99
pry,sex_t,ocu_isco08_9,mts_details_sep,2018,41.16
pry,sex_t,ocu_isco08_9,mts_details_sep,2019,38.22
pry,sex_t,ocu_isco08_9,mts_details_sep,2020,38.02
pry,sex_t,ocu_isco08_9,mts_details_sep,2021,38.6
pry,sex_t,ocu_isco08_9,mts_details_sep,2022,36.86
pry,sex_t,ocu_isco08_9,mts_details_sep,2023,40.33
pry,sex_t,ocu_isco08_9,mts_details_sep,2024,37.88
pry,sex_t,ocu_isco08_9,mts_details_sgle,1998,47.95
pry,sex_t,ocu_isco08_9,mts_details_sgle,1999,43.51
pry,sex_t,ocu_isco08_9,mts_details_sgle,2002,47.32
pry,sex_t,ocu_isco08_9,mts_details_sgle,2003,46.97
pry,sex_t,ocu_isco08_9,mts_details_sgle,2004,46.89
pry,sex_t,ocu_isco08_9,mts_details_sgle,2005,46.11
pry,sex_t,ocu_isco08_9,mts_details_sgle,2006,49.14
pry,sex_t,ocu_isco08_9,mts_details_sgle,2007,48.69
pry,sex_t,ocu_isco08_9,mts_details_sgle,2008,47.1
pry,sex_t,ocu_isco08_9,mts_details_sgle,2009,44.58
pry,sex_t,ocu_isco08_9,mts_details_sgle,2010,46.32
pry,sex_t,ocu_isco08_9,mts_details_sgle,2011,46.5
pry,sex_t,ocu_isco08_9,mts_details_sgle,2012,45.24
pry,sex_t,ocu_isco08_9,mts_details_sgle,2013,44.74
pry,sex_t,ocu_isco08_9,mts_details_sgle,2014,44.69
pry,sex_t,ocu_isco08_9,mts_details_sgle,2015,41.97
pry,sex_t,ocu_isco08_9,mts_details_sgle,2016,42.58
pry,sex_t,ocu_isco08_9,mts_details_sgle,2017,41.55
pry,sex_t,ocu_isco08_9,mts_details_sgle,2018,41.57
pry,sex_t,ocu_isco08_9,mts_details_sgle,2019,40.25
pry,sex_t,ocu_isco08_9,mts_details_sgle,2020,41.35
pry,sex_t,ocu_isco08_9,mts_details_sgle,2021,40.27
pry,sex_t,ocu_isco08_9,mts_details_sgle,2022,41.18
pry,sex_t,ocu_isco08_9,mts_details_sgle,2023,40.56
pry,sex_t,ocu_isco08_9,mts_details_sgle,2024,41.02
pry,sex_t,ocu_isco08_9,mts_details_total,1998,46.85
pry,sex_t,ocu_isco08_9,mts_details_total,1999,47.61
pry,sex_t,ocu_isco08_9,mts_details_total,2002,46.34
pry,sex_t,ocu_isco08_9,mts_details_total,2003,46.17
pry,sex_t,ocu_isco08_9,mts_details_total,2004,46.35
pry,sex_t,ocu_isco08_9,mts_details_total,2005,46
pry,sex_t,ocu_isco08_9,mts_details_total,2006,48.3
pry,sex_t,ocu_isco08_9,mts_details_total,2007,47.1
pry,sex_t,ocu_isco08_9,mts_details_total,2008,45.09
pry,sex_t,ocu_isco08_9,mts_details_total,2009,44.62
pry,sex_t,ocu_isco08_9,mts_details_total,2010,45.41
pry,sex_t,ocu_isco08_9,mts_details_total,2011,46.38
pry,sex_t,ocu_isco08_9,mts_details_total,2012,44.7
pry,sex_t,ocu_isco08_9,mts_details_total,2013,43.78
pry,sex_t,ocu_isco08_9,mts_details_total,2014,44.65
pry,sex_t,ocu_isco08_9,mts_details_total,2015,41.66
pry,sex_t,ocu_isco08_9,mts_details_total,2016,42.91
pry,sex_t,ocu_isco08_9,mts_details_total,2017,41.5
pry,sex_t,ocu_isco08_9,mts_details_total,2018,41.13
pry,sex_t,ocu_isco08_9,mts_details_total,2019,39.87
pry,sex_t,ocu_isco08_9,mts_details_total,2020,39.74
pry,sex_t,ocu_isco08_9,mts_details_total,2021,40.54
pry,sex_t,ocu_isco08_9,mts_details_total,2022,40.68
pry,sex_t,ocu_isco08_9,mts_details_total,2023,40.17
pry,sex_t,ocu_isco08_9,mts_details_total,2024,40.18
pry,sex_t,ocu_isco08_9,mts_details_union,1998,43.86
pry,sex_t,ocu_isco08_9,mts_details_union,1999,50.74
pry,sex_t,ocu_isco08_9,mts_details_union,2002,44.5
pry,sex_t,ocu_isco08_9,mts_details_union,2003,46.9
pry,sex_t,ocu_isco08_9,mts_details_union,2004,47.52
pry,sex_t,ocu_isco08_9,mts_details_union,2005,44.93
pry,sex_t,ocu_isco08_9,mts_details_union,2006,48.04
pry,sex_t,ocu_isco08_9,mts_details_union,2007,45.1
pry,sex_t,ocu_isco08_9,mts_details_union,2008,44.05
pry,sex_t,ocu_isco08_9,mts_details_union,2009,47.01
pry,sex_t,ocu_isco08_9,mts_details_union,2010,44.87
pry,sex_t,ocu_isco08_9,mts_details_union,2011,46.57
pry,sex_t,ocu_isco08_9,mts_details_union,2012,45.61
pry,sex_t,ocu_isco08_9,mts_details_union,2013,43.41
pry,sex_t,ocu_isco08_9,mts_details_union,2014,46.15
pry,sex_t,ocu_isco08_9,mts_details_union,2015,41.94
pry,sex_t,ocu_isco08_9,mts_details_union,2016,43.78
pry,sex_t,ocu_isco08_9,mts_details_union,2017,42.18
pry,sex_t,ocu_isco08_9,mts_details_union,2018,40.71
pry,sex_t,ocu_isco08_9,mts_details_union,2019,40.12
pry,sex_t,ocu_isco08_9,mts_details_union,2020,39.09
pry,sex_t,ocu_isco08_9,mts_details_union,2021,41.52
pry,sex_t,ocu_isco08_9,mts_details_union,2022,41.19
pry,sex_t,ocu_isco08_9,mts_details_union,2023,40.85
pry,sex_t,ocu_isco08_9,mts_details_union,2024,40.92
pry,sex_t,ocu_isco08_9,mts_details_wid,2002,43.82
pry,sex_t,ocu_isco08_9,mts_details_wid,2003,44.31
pry,sex_t,ocu_isco08_9,mts_details_wid,2004,36.68
pry,sex_t,ocu_isco08_9,mts_details_wid,2005,34.07
pry,sex_t,ocu_isco08_9,mts_details_wid,2006,41.62
pry,sex_t,ocu_isco08_9,mts_details_wid,2007,39.59
pry,sex_t,ocu_isco08_9,mts_details_wid,2008,46.74
pry,sex_t,ocu_isco08_9,mts_details_wid,2009,41.16
pry,sex_t,ocu_isco08_9,mts_details_wid,2010,34.74
pry,sex_t,ocu_isco08_9,mts_details_wid,2011,42.1
pry,sex_t,ocu_isco08_9,mts_details_wid,2012,39.92
pry,sex_t,ocu_isco08_9,mts_details_wid,2013,39.37
pry,sex_t,ocu_isco08_9,mts_details_wid,2014,42.92
pry,sex_t,ocu_isco08_9,mts_details_wid,2015,36.74
pry,sex_t,ocu_isco08_9,mts_details_wid,2016,39.18
pry,sex_t,ocu_isco08_9,mts_details_wid,2017,37.52
pry,sex_t,ocu_isco08_9,mts_details_wid,2018,37.48
pry,sex_t,ocu_isco08_9,mts_details_wid,2019,32.89
pry,sex_t,ocu_isco08_9,mts_details_wid,2020,32.2
pry,sex_t,ocu_isco08_9,mts_details_wid,2021,37.76
pry,sex_t,ocu_isco08_9,mts_details_wid,2022,33.31
pry,sex_t,ocu_isco08_9,mts_details_wid,2023,35.45
pry,sex_t,ocu_isco08_9,mts_details_wid,2024,33.72
pry,sex_t,ocu_isco08_9,mts_details_x,2020,39.61
pry,sex_t,ocu_isco08_9,mts_details_x,2021,40.27
pry,sex_t,ocu_isco08_total,mts_aggregate_1,1998,45.05
pry,sex_t,ocu_isco08_total,mts_aggregate_1,1999,44.33
pry,sex_t,ocu_isco08_total,mts_aggregate_1,2002,46.1
pry,sex_t,ocu_isco08_total,mts_aggregate_1,2003,45.28
pry,sex_t,ocu_isco08_total,mts_aggregate_1,2004,45.88
pry,sex_t,ocu_isco08_total,mts_aggregate_1,2005,46.55
pry,sex_t,ocu_isco08_total,mts_aggregate_1,2006,47.57
pry,sex_t,ocu_isco08_total,mts_aggregate_1,2007,47.53
pry,sex_t,ocu_isco08_total,mts_aggregate_1,2008,46.36
pry,sex_t,ocu_isco08_total,mts_aggregate_1,2009,45.54
pry,sex_t,ocu_isco08_total,mts_aggregate_1,2010,46.75
pry,sex_t,ocu_isco08_total,mts_aggregate_1,2011,47.29
pry,sex_t,ocu_isco08_total,mts_aggregate_1,2012,45.14
pry,sex_t,ocu_isco08_total,mts_aggregate_1,2013,45.33
pry,sex_t,ocu_isco08_total,mts_aggregate_1,2014,45.01
pry,sex_t,ocu_isco08_total,mts_aggregate_1,2015,43.52
pry,sex_t,ocu_isco08_total,mts_aggregate_1,2016,44.21
pry,sex_t,ocu_isco08_total,mts_aggregate_1,2017,43.26
pry,sex_t,ocu_isco08_total,mts_aggregate_1,2018,42.67
pry,sex_t,ocu_isco08_total,mts_aggregate_1,2019,42.14
pry,sex_t,ocu_isco08_total,mts_aggregate_1,2020,42.15
pry,sex_t,ocu_isco08_total,mts_aggregate_1,2021,42.14
pry,sex_t,ocu_isco08_total,mts_aggregate_1,2022,42.76
pry,sex_t,ocu_isco08_total,mts_aggregate_1,2023,42.8
pry,sex_t,ocu_isco08_total,mts_aggregate_1,2024,42.69
pry,sex_t,ocu_isco08_total,mts_aggregate_2,1998,46.81
pry,sex_t,ocu_isco08_total,mts_aggregate_2,1999,46.2
pry,sex_t,ocu_isco08_total,mts_aggregate_2,2002,47.86
pry,sex_t,ocu_isco08_total,mts_aggregate_2,2003,47.05
pry,sex_t,ocu_isco08_total,mts_aggregate_2,2004,47.9
pry,sex_t,ocu_isco08_total,mts_aggregate_2,2005,48.38
pry,sex_t,ocu_isco08_total,mts_aggregate_2,2006,49.72
pry,sex_t,ocu_isco08_total,mts_aggregate_2,2007,49.07
pry,sex_t,ocu_isco08_total,mts_aggregate_2,2008,47.76
pry,sex_t,ocu_isco08_total,mts_aggregate_2,2009,48
pry,sex_t,ocu_isco08_total,mts_aggregate_2,2010,47.53
pry,sex_t,ocu_isco08_total,mts_aggregate_2,2011,48.93
pry,sex_t,ocu_isco08_total,mts_aggregate_2,2012,47.03
pry,sex_t,ocu_isco08_total,mts_aggregate_2,2013,46.76
pry,sex_t,ocu_isco08_total,mts_aggregate_2,2014,46.99
pry,sex_t,ocu_isco08_total,mts_aggregate_2,2015,45.67
pry,sex_t,ocu_isco08_total,mts_aggregate_2,2016,46.21
pry,sex_t,ocu_isco08_total,mts_aggregate_2,2017,45.02
pry,sex_t,ocu_isco08_total,mts_aggregate_2,2018,44.16
pry,sex_t,ocu_isco08_total,mts_aggregate_2,2019,43.7
pry,sex_t,ocu_isco08_total,mts_aggregate_2,2020,43.11
pry,sex_t,ocu_isco08_total,mts_aggregate_2,2021,44.05
pry,sex_t,ocu_isco08_total,mts_aggregate_2,2022,43.7
pry,sex_t,ocu_isco08_total,mts_aggregate_2,2023,43.99
pry,sex_t,ocu_isco08_total,mts_aggregate_2,2024,44.02
pry,sex_t,ocu_isco08_total,mts_aggregate_total,1998,46.01
pry,sex_t,ocu_isco08_total,mts_aggregate_total,1999,45.37
pry,sex_t,ocu_isco08_total,mts_aggregate_total,2002,47.05
pry,sex_t,ocu_isco08_total,mts_aggregate_total,2003,46.24
pry,sex_t,ocu_isco08_total,mts_aggregate_total,2004,46.96
pry,sex_t,ocu_isco08_total,mts_aggregate_total,2005,47.52
pry,sex_t,ocu_isco08_total,mts_aggregate_total,2006,48.71
pry,sex_t,ocu_isco08_total,mts_aggregate_total,2007,48.37
pry,sex_t,ocu_isco08_total,mts_aggregate_total,2008,47.12
pry,sex_t,ocu_isco08_total,mts_aggregate_total,2009,46.82
pry,sex_t,ocu_isco08_total,mts_aggregate_total,2010,47.17
pry,sex_t,ocu_isco08_total,mts_aggregate_total,2011,48.15
pry,sex_t,ocu_isco08_total,mts_aggregate_total,2012,46.16
pry,sex_t,ocu_isco08_total,mts_aggregate_total,2013,46.11
pry,sex_t,ocu_isco08_total,mts_aggregate_total,2014,46.03
pry,sex_t,ocu_isco08_total,mts_aggregate_total,2015,44.67
pry,sex_t,ocu_isco08_total,mts_aggregate_total,2016,45.34
pry,sex_t,ocu_isco08_total,mts_aggregate_total,2017,44.26
pry,sex_t,ocu_isco08_total,mts_aggregate_total,2018,43.5
pry,sex_t,ocu_isco08_total,mts_aggregate_total,2019,43.01
pry,sex_t,ocu_isco08_total,mts_aggregate_total,2020,42.46
pry,sex_t,ocu_isco08_total,mts_aggregate_total,2021,43.03
pry,sex_t,ocu_isco08_total,mts_aggregate_total,2022,43.29
pry,sex_t,ocu_isco08_total,mts_aggregate_total,2023,43.44
pry,sex_t,ocu_isco08_total,mts_aggregate_total,2024,43.41
pry,sex_t,ocu_isco08_total,mts_aggregate_x,2020,42.37
pry,sex_t,ocu_isco08_total,mts_aggregate_x,2021,42.57
pry,sex_t,ocu_isco08_total,mts_details_mrd,1998,46.05
pry,sex_t,ocu_isco08_total,mts_details_mrd,1999,45.23
pry,sex_t,ocu_isco08_total,mts_details_mrd,2002,47.62
pry,sex_t,ocu_isco08_total,mts_details_mrd,2003,45.93
pry,sex_t,ocu_isco08_total,mts_details_mrd,2004,46.71
pry,sex_t,ocu_isco08_total,mts_details_mrd,2005,47.43
pry,sex_t,ocu_isco08_total,mts_details_mrd,2006,47.34
pry,sex_t,ocu_isco08_total,mts_details_mrd,2007,48.28
pry,sex_t,ocu_isco08_total,mts_details_mrd,2008,46.55
pry,sex_t,ocu_isco08_total,mts_details_mrd,2009,46.6
pry,sex_t,ocu_isco08_total,mts_details_mrd,2010,45.91
pry,sex_t,ocu_isco08_total,mts_details_mrd,2011,47.79
pry,sex_t,ocu_isco08_total,mts_details_mrd,2012,44.83
pry,sex_t,ocu_isco08_total,mts_details_mrd,2013,45.38
pry,sex_t,ocu_isco08_total,mts_details_mrd,2014,45.21
pry,sex_t,ocu_isco08_total,mts_details_mrd,2015,44.21
pry,sex_t,ocu_isco08_total,mts_details_mrd,2016,44.73
pry,sex_t,ocu_isco08_total,mts_details_mrd,2017,43.6
pry,sex_t,ocu_isco08_total,mts_details_mrd,2018,42.77
pry,sex_t,ocu_isco08_total,mts_details_mrd,2019,42
pry,sex_t,ocu_isco08_total,mts_details_mrd,2020,42.12
pry,sex_t,ocu_isco08_total,mts_details_mrd,2021,42.55
pry,sex_t,ocu_isco08_total,mts_details_mrd,2022,42.2
pry,sex_t,ocu_isco08_total,mts_details_mrd,2023,42.3
pry,sex_t,ocu_isco08_total,mts_details_mrd,2024,42.42
pry,sex_t,ocu_isco08_total,mts_details_sep,1998,43.35
pry,sex_t,ocu_isco08_total,mts_details_sep,1999,43.61
pry,sex_t,ocu_isco08_total,mts_details_sep,2002,48.02
pry,sex_t,ocu_isco08_total,mts_details_sep,2003,41.92
pry,sex_t,ocu_isco08_total,mts_details_sep,2004,44.75
pry,sex_t,ocu_isco08_total,mts_details_sep,2005,46.73
pry,sex_t,ocu_isco08_total,mts_details_sep,2006,41.14
pry,sex_t,ocu_isco08_total,mts_details_sep,2007,43.16
pry,sex_t,ocu_isco08_total,mts_details_sep,2008,44.94
pry,sex_t,ocu_isco08_total,mts_details_sep,2009,40.33
pry,sex_t,ocu_isco08_total,mts_details_sep,2010,50.18
pry,sex_t,ocu_isco08_total,mts_details_sep,2011,47.56
pry,sex_t,ocu_isco08_total,mts_details_sep,2012,43.36
pry,sex_t,ocu_isco08_total,mts_details_sep,2013,43.73
pry,sex_t,ocu_isco08_total,mts_details_sep,2014,41.75
pry,sex_t,ocu_isco08_total,mts_details_sep,2015,41.86
pry,sex_t,ocu_isco08_total,mts_details_sep,2016,43.26
pry,sex_t,ocu_isco08_total,mts_details_sep,2017,41.84
pry,sex_t,ocu_isco08_total,mts_details_sep,2018,41.47
pry,sex_t,ocu_isco08_total,mts_details_sep,2019,40.63
pry,sex_t,ocu_isco08_total,mts_details_sep,2020,39.54
pry,sex_t,ocu_isco08_total,mts_details_sep,2021,39.62
pry,sex_t,ocu_isco08_total,mts_details_sep,2022,40.46
pry,sex_t,ocu_isco08_total,mts_details_sep,2023,39.69
pry,sex_t,ocu_isco08_total,mts_details_sep,2024,40.84
pry,sex_t,ocu_isco08_total,mts_details_sgle,1998,45.28
pry,sex_t,ocu_isco08_total,mts_details_sgle,1999,44.38
pry,sex_t,ocu_isco08_total,mts_details_sgle,2002,46.03
pry,sex_t,ocu_isco08_total,mts_details_sgle,2003,45.64
pry,sex_t,ocu_isco08_total,mts_details_sgle,2004,46.3
pry,sex_t,ocu_isco08_total,mts_details_sgle,2005,46.56
pry,sex_t,ocu_isco08_total,mts_details_sgle,2006,48.13
pry,sex_t,ocu_isco08_total,mts_details_sgle,2007,47.93
pry,sex_t,ocu_isco08_total,mts_details_sgle,2008,46.57
pry,sex_t,ocu_isco08_total,mts_details_sgle,2009,45.97
pry,sex_t,ocu_isco08_total,mts_details_sgle,2010,46.66
pry,sex_t,ocu_isco08_total,mts_details_sgle,2011,47.36
pry,sex_t,ocu_isco08_total,mts_details_sgle,2012,45.42
pry,sex_t,ocu_isco08_total,mts_details_sgle,2013,45.69
pry,sex_t,ocu_isco08_total,mts_details_sgle,2014,45.41
pry,sex_t,ocu_isco08_total,mts_details_sgle,2015,43.78
pry,sex_t,ocu_isco08_total,mts_details_sgle,2016,44.34
pry,sex_t,ocu_isco08_total,mts_details_sgle,2017,43.48
pry,sex_t,ocu_isco08_total,mts_details_sgle,2018,42.88
pry,sex_t,ocu_isco08_total,mts_details_sgle,2019,42.41
pry,sex_t,ocu_isco08_total,mts_details_sgle,2020,42.55
pry,sex_t,ocu_isco08_total,mts_details_sgle,2021,42.47
pry,sex_t,ocu_isco08_total,mts_details_sgle,2022,43.12
pry,sex_t,ocu_isco08_total,mts_details_sgle,2023,43.16
pry,sex_t,ocu_isco08_total,mts_details_sgle,2024,43.04
pry,sex_t,ocu_isco08_total,mts_details_total,1998,46.01
pry,sex_t,ocu_isco08_total,mts_details_total,1999,45.37
pry,sex_t,ocu_isco08_total,mts_details_total,2002,47.05
pry,sex_t,ocu_isco08_total,mts_details_total,2003,46.24
pry,sex_t,ocu_isco08_total,mts_details_total,2004,46.96
pry,sex_t,ocu_isco08_total,mts_details_total,2005,47.52
pry,sex_t,ocu_isco08_total,mts_details_total,2006,48.71
pry,sex_t,ocu_isco08_total,mts_details_total,2007,48.37
pry,sex_t,ocu_isco08_total,mts_details_total,2008,47.12
pry,sex_t,ocu_isco08_total,mts_details_total,2009,46.82
pry,sex_t,ocu_isco08_total,mts_details_total,2010,47.17
pry,sex_t,ocu_isco08_total,mts_details_total,2011,48.15
pry,sex_t,ocu_isco08_total,mts_details_total,2012,46.16
pry,sex_t,ocu_isco08_total,mts_details_total,2013,46.11
pry,sex_t,ocu_isco08_total,mts_details_total,2014,46.03
pry,sex_t,ocu_isco08_total,mts_details_total,2015,44.67
pry,sex_t,ocu_isco08_total,mts_details_total,2016,45.34
pry,sex_t,ocu_isco08_total,mts_details_total,2017,44.26
pry,sex_t,ocu_isco08_total,mts_details_total,2018,43.5
pry,sex_t,ocu_isco08_total,mts_details_total,2019,43.01
pry,sex_t,ocu_isco08_total,mts_details_total,2020,42.46
pry,sex_t,ocu_isco08_total,mts_details_total,2021,43.03
pry,sex_t,ocu_isco08_total,mts_details_total,2022,43.29
pry,sex_t,ocu_isco08_total,mts_details_total,2023,43.44
pry,sex_t,ocu_isco08_total,mts_details_total,2024,43.41
pry,sex_t,ocu_isco08_total,mts_details_union,1998,48.45
pry,sex_t,ocu_isco08_total,mts_details_union,1999,48.65
pry,sex_t,ocu_isco08_total,mts_details_union,2002,48.3
pry,sex_t,ocu_isco08_total,mts_details_union,2003,49.5
pry,sex_t,ocu_isco08_total,mts_details_union,2004,49.85
pry,sex_t,ocu_isco08_total,mts_details_union,2005,50.18
pry,sex_t,ocu_isco08_total,mts_details_union,2006,53.41
pry,sex_t,ocu_isco08_total,mts_details_union,2007,50.51
pry,sex_t,ocu_isco08_total,mts_details_union,2008,49.59
pry,sex_t,ocu_isco08_total,mts_details_union,2009,50.1
pry,sex_t,ocu_isco08_total,mts_details_union,2010,49.92
pry,sex_t,ocu_isco08_total,mts_details_union,2011,50.79
pry,sex_t,ocu_isco08_total,mts_details_union,2012,49.88
pry,sex_t,ocu_isco08_total,mts_details_union,2013,48.79
pry,sex_t,ocu_isco08_total,mts_details_union,2014,49.32
pry,sex_t,ocu_isco08_total,mts_details_union,2015,47.57
pry,sex_t,ocu_isco08_total,mts_details_union,2016,47.66
pry,sex_t,ocu_isco08_total,mts_details_union,2017,46.41
pry,sex_t,ocu_isco08_total,mts_details_union,2018,45.41
pry,sex_t,ocu_isco08_total,mts_details_union,2019,45.23
pry,sex_t,ocu_isco08_total,mts_details_union,2020,43.93
pry,sex_t,ocu_isco08_total,mts_details_union,2021,45.25
pry,sex_t,ocu_isco08_total,mts_details_union,2022,44.92
pry,sex_t,ocu_isco08_total,mts_details_union,2023,45.37
pry,sex_t,ocu_isco08_total,mts_details_union,2024,45.39
pry,sex_t,ocu_isco08_total,mts_details_wid,1998,41.02
pry,sex_t,ocu_isco08_total,mts_details_wid,1999,44.09
pry,sex_t,ocu_isco08_total,mts_details_wid,2002,43.81
pry,sex_t,ocu_isco08_total,mts_details_wid,2003,41.23
pry,sex_t,ocu_isco08_total,mts_details_wid,2004,36
pry,sex_t,ocu_isco08_total,mts_details_wid,2005,45.62
pry,sex_t,ocu_isco08_total,mts_details_wid,2006,42.19
pry,sex_t,ocu_isco08_total,mts_details_wid,2007,41.13
pry,sex_t,ocu_isco08_total,mts_details_wid,2008,42.42
pry,sex_t,ocu_isco08_total,mts_details_wid,2009,41.89
pry,sex_t,ocu_isco08_total,mts_details_wid,2010,40.25
pry,sex_t,ocu_isco08_total,mts_details_wid,2011,44.18
pry,sex_t,ocu_isco08_total,mts_details_wid,2012,40.35
pry,sex_t,ocu_isco08_total,mts_details_wid,2013,37.86
pry,sex_t,ocu_isco08_total,mts_details_wid,2014,39.34
pry,sex_t,ocu_isco08_total,mts_details_wid,2015,40.23
pry,sex_t,ocu_isco08_total,mts_details_wid,2016,42.02
pry,sex_t,ocu_isco08_total,mts_details_wid,2017,40.18
pry,sex_t,ocu_isco08_total,mts_details_wid,2018,39.57
pry,sex_t,ocu_isco08_total,mts_details_wid,2019,36.01
pry,sex_t,ocu_isco08_total,mts_details_wid,2020,34.56
pry,sex_t,ocu_isco08_total,mts_details_wid,2021,36.67
pry,sex_t,ocu_isco08_total,mts_details_wid,2022,36.83
pry,sex_t,ocu_isco08_total,mts_details_wid,2023,39.13
pry,sex_t,ocu_isco08_total,mts_details_wid,2024,37.55
pry,sex_t,ocu_isco08_total,mts_details_x,2020,42.37
pry,sex_t,ocu_isco08_total,mts_details_x,2021,42.57
pry,sex_t,ocu_isco08_x,mts_aggregate_1,2017,44.72
pry,sex_t,ocu_isco08_x,mts_aggregate_1,2022,39.15
pry,sex_t,ocu_isco08_x,mts_aggregate_total,2017,44.72
pry,sex_t,ocu_isco08_x,mts_aggregate_total,2018,41.07
pry,sex_t,ocu_isco08_x,mts_aggregate_total,2020,37.3
pry,sex_t,ocu_isco08_x,mts_aggregate_total,2021,44.47
pry,sex_t,ocu_isco08_x,mts_aggregate_total,2022,38.13
pry,sex_t,ocu_isco08_x,mts_aggregate_total,2023,37.42
pry,sex_t,ocu_isco08_x,mts_aggregate_x,2020,33.46
pry,sex_t,ocu_isco08_x,mts_details_sgle,2017,44.72
pry,sex_t,ocu_isco08_x,mts_details_sgle,2022,39.05
pry,sex_t,ocu_isco08_x,mts_details_total,2017,44.72
pry,sex_t,ocu_isco08_x,mts_details_total,2018,41.07
pry,sex_t,ocu_isco08_x,mts_details_total,2020,37.3
pry,sex_t,ocu_isco08_x,mts_details_total,2021,44.47
pry,sex_t,ocu_isco08_x,mts_details_total,2022,38.13
pry,sex_t,ocu_isco08_x,mts_details_total,2023,37.42
pry,sex_t,ocu_isco08_x,mts_details_x,2020,33.46
pry,sex_t,ocu_isco88_0,mts_aggregate_2,2001,50.65
pry,sex_t,ocu_isco88_0,mts_aggregate_total,2001,50.44
pry,sex_t,ocu_isco88_0,mts_details_mrd,2001,50.84
pry,sex_t,ocu_isco88_0,mts_details_total,2001,50.44
pry,sex_t,ocu_isco88_1,mts_aggregate_1,2001,44.55
pry,sex_t,ocu_isco88_1,mts_aggregate_2,2001,48.72
pry,sex_t,ocu_isco88_1,mts_aggregate_total,2001,47.61
pry,sex_t,ocu_isco88_1,mts_details_mrd,2001,49.2
pry,sex_t,ocu_isco88_1,mts_details_sep,2001,53.25
pry,sex_t,ocu_isco88_1,mts_details_sgle,2001,44.22
pry,sex_t,ocu_isco88_1,mts_details_total,2001,47.61
pry,sex_t,ocu_isco88_1,mts_details_union,2001,45.73
pry,sex_t,ocu_isco88_1,mts_details_wid,2001,24.9
pry,sex_t,ocu_isco88_2,mts_aggregate_1,2001,31.04
pry,sex_t,ocu_isco88_2,mts_aggregate_2,2001,31.93
pry,sex_t,ocu_isco88_2,mts_aggregate_total,2001,31.49
pry,sex_t,ocu_isco88_2,mts_details_mrd,2001,31.88
pry,sex_t,ocu_isco88_2,mts_details_sep,2001,35.24
pry,sex_t,ocu_isco88_2,mts_details_sgle,2001,30.47
pry,sex_t,ocu_isco88_2,mts_details_total,2001,31.49
pry,sex_t,ocu_isco88_2,mts_details_union,2001,32.53
pry,sex_t,ocu_isco88_2,mts_details_wid,2001,29.6
pry,sex_t,ocu_isco88_3,mts_aggregate_1,2001,37.82
pry,sex_t,ocu_isco88_3,mts_aggregate_2,2001,38.75
pry,sex_t,ocu_isco88_3,mts_aggregate_total,2001,38.31
pry,sex_t,ocu_isco88_3,mts_details_mrd,2001,39.27
pry,sex_t,ocu_isco88_3,mts_details_sep,2001,39.09
pry,sex_t,ocu_isco88_3,mts_details_sgle,2001,38.09
pry,sex_t,ocu_isco88_3,mts_details_total,2001,38.31
pry,sex_t,ocu_isco88_3,mts_details_union,2001,36.5
pry,sex_t,ocu_isco88_3,mts_details_wid,2001,28.58
pry,sex_t,ocu_isco88_4,mts_aggregate_1,2001,37.92
pry,sex_t,ocu_isco88_4,mts_aggregate_2,2001,41.5
pry,sex_t,ocu_isco88_4,mts_aggregate_total,2001,39.36
pry,sex_t,ocu_isco88_4,mts_details_mrd,2001,40.98
pry,sex_t,ocu_isco88_4,mts_details_sep,2001,45.06
pry,sex_t,ocu_isco88_4,mts_details_sgle,2001,37.66
pry,sex_t,ocu_isco88_4,mts_details_total,2001,39.36
pry,sex_t,ocu_isco88_4,mts_details_union,2001,43.11
pry,sex_t,ocu_isco88_4,mts_details_wid,2001,33.75
pry,sex_t,ocu_isco88_5,mts_aggregate_1,2001,52.39
pry,sex_t,ocu_isco88_5,mts_aggregate_2,2001,55.13
pry,sex_t,ocu_isco88_5,mts_aggregate_total,2001,53.71
pry,sex_t,ocu_isco88_5,mts_details_mrd,2001,54.94
pry,sex_t,ocu_isco88_5,mts_details_sep,2001,56.16
pry,sex_t,ocu_isco88_5,mts_details_sgle,2001,52.31
pry,sex_t,ocu_isco88_5,mts_details_total,2001,53.71
pry,sex_t,ocu_isco88_5,mts_details_union,2001,55.6
pry,sex_t,ocu_isco88_5,mts_details_wid,2001,44.06
pry,sex_t,ocu_isco88_6,mts_aggregate_1,2001,41.4
pry,sex_t,ocu_isco88_6,mts_aggregate_2,2001,46.14
pry,sex_t,ocu_isco88_6,mts_aggregate_total,2001,44.26
pry,sex_t,ocu_isco88_6,mts_details_mrd,2001,46.29
pry,sex_t,ocu_isco88_6,mts_details_sgle,2001,39.94
pry,sex_t,ocu_isco88_6,mts_details_total,2001,44.26
pry,sex_t,ocu_isco88_6,mts_details_union,2001,45.8
pry,sex_t,ocu_isco88_7,mts_aggregate_1,2001,48.64
pry,sex_t,ocu_isco88_7,mts_aggregate_2,2001,48.66
pry,sex_t,ocu_isco88_7,mts_aggregate_total,2001,48.65
pry,sex_t,ocu_isco88_7,mts_details_mrd,2001,48.96
pry,sex_t,ocu_isco88_7,mts_details_sep,2001,44.02
pry,sex_t,ocu_isco88_7,mts_details_sgle,2001,49.08
pry,sex_t,ocu_isco88_7,mts_details_total,2001,48.65
pry,sex_t,ocu_isco88_7,mts_details_union,2001,48.28
pry,sex_t,ocu_isco88_7,mts_details_wid,2001,41.52
pry,sex_t,ocu_isco88_8,mts_aggregate_1,2001,53.38
pry,sex_t,ocu_isco88_8,mts_aggregate_2,2001,52.06
pry,sex_t,ocu_isco88_8,mts_aggregate_total,2001,52.32
pry,sex_t,ocu_isco88_8,mts_details_mrd,2001,52.66
pry,sex_t,ocu_isco88_8,mts_details_sep,2001,67.41
pry,sex_t,ocu_isco88_8,mts_details_sgle,2001,49.01
pry,sex_t,ocu_isco88_8,mts_details_total,2001,52.32
pry,sex_t,ocu_isco88_8,mts_details_union,2001,51.01
pry,sex_t,ocu_isco88_9,mts_aggregate_1,2001,43.35
pry,sex_t,ocu_isco88_9,mts_aggregate_2,2001,43.63
pry,sex_t,ocu_isco88_9,mts_aggregate_total,2001,43.48
pry,sex_t,ocu_isco88_9,mts_details_mrd,2001,44.03
pry,sex_t,ocu_isco88_9,mts_details_sep,2001,40.34
pry,sex_t,ocu_isco88_9,mts_details_sgle,2001,43.66
pry,sex_t,ocu_isco88_9,mts_details_total,2001,43.48
pry,sex_t,ocu_isco88_9,mts_details_union,2001,43.14
pry,sex_t,ocu_isco88_9,mts_details_wid,2001,37.59
pry,sex_t,ocu_isco88_total,mts_aggregate_1,2001,43.42
pry,sex_t,ocu_isco88_total,mts_aggregate_2,2001,45.58
pry,sex_t,ocu_isco88_total,mts_aggregate_total,2001,44.55
pry,sex_t,ocu_isco88_total,mts_details_mrd,2001,45.39
pry,sex_t,ocu_isco88_total,mts_details_sep,2001,45.23
pry,sex_t,ocu_isco88_total,mts_details_sgle,2001,43.46
pry,sex_t,ocu_isco88_total,mts_details_total,2001,44.55
pry,sex_t,ocu_isco88_total,mts_details_union,2001,45.95
pry,sex_t,ocu_isco88_total,mts_details_wid,2001,36.8
pry,sex_t,ocu_skill_l1,mts_aggregate_1,1998,47.96
pry,sex_t,ocu_skill_l1,mts_aggregate_1,1999,44.72
pry,sex_t,ocu_skill_l1,mts_aggregate_1,2001,43.35
pry,sex_t,ocu_skill_l1,mts_aggregate_1,2002,47.34
pry,sex_t,ocu_skill_l1,mts_aggregate_1,2003,46.54
pry,sex_t,ocu_skill_l1,mts_aggregate_1,2004,46.21
pry,sex_t,ocu_skill_l1,mts_aggregate_1,2005,45.86
pry,sex_t,ocu_skill_l1,mts_aggregate_1,2006,48.61
pry,sex_t,ocu_skill_l1,mts_aggregate_1,2007,47.99
pry,sex_t,ocu_skill_l1,mts_aggregate_1,2008,47.1
pry,sex_t,ocu_skill_l1,mts_aggregate_1,2009,44.24
pry,sex_t,ocu_skill_l1,mts_aggregate_1,2010,46.41
pry,sex_t,ocu_skill_l1,mts_aggregate_1,2011,46.3
pry,sex_t,ocu_skill_l1,mts_aggregate_1,2012,44.61
pry,sex_t,ocu_skill_l1,mts_aggregate_1,2013,44.27
pry,sex_t,ocu_skill_l1,mts_aggregate_1,2014,44.29
pry,sex_t,ocu_skill_l1,mts_aggregate_1,2015,41.43
pry,sex_t,ocu_skill_l1,mts_aggregate_1,2016,42.59
pry,sex_t,ocu_skill_l1,mts_aggregate_1,2017,41.28
pry,sex_t,ocu_skill_l1,mts_aggregate_1,2018,41.38
pry,sex_t,ocu_skill_l1,mts_aggregate_1,2019,39.9
pry,sex_t,ocu_skill_l1,mts_aggregate_1,2020,40.86
pry,sex_t,ocu_skill_l1,mts_aggregate_1,2021,40.09
pry,sex_t,ocu_skill_l1,mts_aggregate_1,2022,40.57
pry,sex_t,ocu_skill_l1,mts_aggregate_1,2023,40.32
pry,sex_t,ocu_skill_l1,mts_aggregate_1,2024,40.32
pry,sex_t,ocu_skill_l1,mts_aggregate_2,1998,45.49
pry,sex_t,ocu_skill_l1,mts_aggregate_2,1999,49.95
pry,sex_t,ocu_skill_l1,mts_aggregate_2,2001,43.63
pry,sex_t,ocu_skill_l1,mts_aggregate_2,2002,45.04
pry,sex_t,ocu_skill_l1,mts_aggregate_2,2003,45.72
pry,sex_t,ocu_skill_l1,mts_aggregate_2,2004,46.54
pry,sex_t,ocu_skill_l1,mts_aggregate_2,2005,46.2
pry,sex_t,ocu_skill_l1,mts_aggregate_2,2006,47.86
pry,sex_t,ocu_skill_l1,mts_aggregate_2,2007,46.11
pry,sex_t,ocu_skill_l1,mts_aggregate_2,2008,42.74
pry,sex_t,ocu_skill_l1,mts_aggregate_2,2009,45.15
pry,sex_t,ocu_skill_l1,mts_aggregate_2,2010,44.33
pry,sex_t,ocu_skill_l1,mts_aggregate_2,2011,46.47
pry,sex_t,ocu_skill_l1,mts_aggregate_2,2012,44.79
pry,sex_t,ocu_skill_l1,mts_aggregate_2,2013,43.23
pry,sex_t,ocu_skill_l1,mts_aggregate_2,2014,45.1
pry,sex_t,ocu_skill_l1,mts_aggregate_2,2015,41.93
pry,sex_t,ocu_skill_l1,mts_aggregate_2,2016,43.21
pry,sex_t,ocu_skill_l1,mts_aggregate_2,2017,41.72
pry,sex_t,ocu_skill_l1,mts_aggregate_2,2018,40.88
pry,sex_t,ocu_skill_l1,mts_aggregate_2,2019,39.83
pry,sex_t,ocu_skill_l1,mts_aggregate_2,2020,39.28
pry,sex_t,ocu_skill_l1,mts_aggregate_2,2021,41.27
pry,sex_t,ocu_skill_l1,mts_aggregate_2,2022,40.8
pry,sex_t,ocu_skill_l1,mts_aggregate_2,2023,40
pry,sex_t,ocu_skill_l1,mts_aggregate_2,2024,40.02
pry,sex_t,ocu_skill_l1,mts_aggregate_total,1998,46.85
pry,sex_t,ocu_skill_l1,mts_aggregate_total,1999,47.61
pry,sex_t,ocu_skill_l1,mts_aggregate_total,2001,43.48
pry,sex_t,ocu_skill_l1,mts_aggregate_total,2002,46.34
pry,sex_t,ocu_skill_l1,mts_aggregate_total,2003,46.17
pry,sex_t,ocu_skill_l1,mts_aggregate_total,2004,46.35
pry,sex_t,ocu_skill_l1,mts_aggregate_total,2005,46
pry,sex_t,ocu_skill_l1,mts_aggregate_total,2006,48.3
pry,sex_t,ocu_skill_l1,mts_aggregate_total,2007,47.1
pry,sex_t,ocu_skill_l1,mts_aggregate_total,2008,45.09
pry,sex_t,ocu_skill_l1,mts_aggregate_total,2009,44.62
pry,sex_t,ocu_skill_l1,mts_aggregate_total,2010,45.41
pry,sex_t,ocu_skill_l1,mts_aggregate_total,2011,46.38
pry,sex_t,ocu_skill_l1,mts_aggregate_total,2012,44.7
pry,sex_t,ocu_skill_l1,mts_aggregate_total,2013,43.78
pry,sex_t,ocu_skill_l1,mts_aggregate_total,2014,44.65
pry,sex_t,ocu_skill_l1,mts_aggregate_total,2015,41.66
pry,sex_t,ocu_skill_l1,mts_aggregate_total,2016,42.91
pry,sex_t,ocu_skill_l1,mts_aggregate_total,2017,41.5
pry,sex_t,ocu_skill_l1,mts_aggregate_total,2018,41.13
pry,sex_t,ocu_skill_l1,mts_aggregate_total,2019,39.87
pry,sex_t,ocu_skill_l1,mts_aggregate_total,2020,39.74
pry,sex_t,ocu_skill_l1,mts_aggregate_total,2021,40.54
pry,sex_t,ocu_skill_l1,mts_aggregate_total,2022,40.68
pry,sex_t,ocu_skill_l1,mts_aggregate_total,2023,40.17
pry,sex_t,ocu_skill_l1,mts_aggregate_total,2024,40.18
pry,sex_t,ocu_skill_l1,mts_aggregate_x,2020,39.61
pry,sex_t,ocu_skill_l1,mts_aggregate_x,2021,40.27
pry,sex_t,ocu_skill_l1,mts_details_mrd,1998,46.61
pry,sex_t,ocu_skill_l1,mts_details_mrd,1999,49.65
pry,sex_t,ocu_skill_l1,mts_details_mrd,2001,44.03
pry,sex_t,ocu_skill_l1,mts_details_mrd,2002,45.52
pry,sex_t,ocu_skill_l1,mts_details_mrd,2003,44.8
pry,sex_t,ocu_skill_l1,mts_details_mrd,2004,45.72
pry,sex_t,ocu_skill_l1,mts_details_mrd,2005,47.34
pry,sex_t,ocu_skill_l1,mts_details_mrd,2006,47.69
pry,sex_t,ocu_skill_l1,mts_details_mrd,2007,46.92
pry,sex_t,ocu_skill_l1,mts_details_mrd,2008,41.13
pry,sex_t,ocu_skill_l1,mts_details_mrd,2009,43.41
pry,sex_t,ocu_skill_l1,mts_details_mrd,2010,43.77
pry,sex_t,ocu_skill_l1,mts_details_mrd,2011,46.37
pry,sex_t,ocu_skill_l1,mts_details_mrd,2012,43.94
pry,sex_t,ocu_skill_l1,mts_details_mrd,2013,43.02
pry,sex_t,ocu_skill_l1,mts_details_mrd,2014,43.82
pry,sex_t,ocu_skill_l1,mts_details_mrd,2015,41.92
pry,sex_t,ocu_skill_l1,mts_details_mrd,2016,42.22
pry,sex_t,ocu_skill_l1,mts_details_mrd,2017,40.92
pry,sex_t,ocu_skill_l1,mts_details_mrd,2018,41.22
pry,sex_t,ocu_skill_l1,mts_details_mrd,2019,39.33
pry,sex_t,ocu_skill_l1,mts_details_mrd,2020,39.64
pry,sex_t,ocu_skill_l1,mts_details_mrd,2021,40.76
pry,sex_t,ocu_skill_l1,mts_details_mrd,2022,40.03
pry,sex_t,ocu_skill_l1,mts_details_mrd,2023,38.41
pry,sex_t,ocu_skill_l1,mts_details_mrd,2024,38.33
pry,sex_t,ocu_skill_l1,mts_details_sep,2001,40.34
pry,sex_t,ocu_skill_l1,mts_details_sep,2002,49.55
pry,sex_t,ocu_skill_l1,mts_details_sep,2003,40.91
pry,sex_t,ocu_skill_l1,mts_details_sep,2004,42.74
pry,sex_t,ocu_skill_l1,mts_details_sep,2005,45.73
pry,sex_t,ocu_skill_l1,mts_details_sep,2006,43.59
pry,sex_t,ocu_skill_l1,mts_details_sep,2007,42.41
pry,sex_t,ocu_skill_l1,mts_details_sep,2008,47.25
pry,sex_t,ocu_skill_l1,mts_details_sep,2009,39.72
pry,sex_t,ocu_skill_l1,mts_details_sep,2010,53.03
pry,sex_t,ocu_skill_l1,mts_details_sep,2011,46.12
pry,sex_t,ocu_skill_l1,mts_details_sep,2012,40.28
pry,sex_t,ocu_skill_l1,mts_details_sep,2013,39.8
pry,sex_t,ocu_skill_l1,mts_details_sep,2014,39.1
pry,sex_t,ocu_skill_l1,mts_details_sep,2015,39.38
pry,sex_t,ocu_skill_l1,mts_details_sep,2016,44.27
pry,sex_t,ocu_skill_l1,mts_details_sep,2017,39.99
pry,sex_t,ocu_skill_l1,mts_details_sep,2018,41.16
pry,sex_t,ocu_skill_l1,mts_details_sep,2019,38.22
pry,sex_t,ocu_skill_l1,mts_details_sep,2020,38.02
pry,sex_t,ocu_skill_l1,mts_details_sep,2021,38.6
pry,sex_t,ocu_skill_l1,mts_details_sep,2022,36.86
pry,sex_t,ocu_skill_l1,mts_details_sep,2023,40.33
pry,sex_t,ocu_skill_l1,mts_details_sep,2024,37.88
pry,sex_t,ocu_skill_l1,mts_details_sgle,1998,47.95
pry,sex_t,ocu_skill_l1,mts_details_sgle,1999,43.51
pry,sex_t,ocu_skill_l1,mts_details_sgle,2001,43.66
pry,sex_t,ocu_skill_l1,mts_details_sgle,2002,47.32
pry,sex_t,ocu_skill_l1,mts_details_sgle,2003,46.97
pry,sex_t,ocu_skill_l1,mts_details_sgle,2004,46.89
pry,sex_t,ocu_skill_l1,mts_details_sgle,2005,46.11
pry,sex_t,ocu_skill_l1,mts_details_sgle,2006,49.14
pry,sex_t,ocu_skill_l1,mts_details_sgle,2007,48.69
pry,sex_t,ocu_skill_l1,mts_details_sgle,2008,47.1
pry,sex_t,ocu_skill_l1,mts_details_sgle,2009,44.58
pry,sex_t,ocu_skill_l1,mts_details_sgle,2010,46.32
pry,sex_t,ocu_skill_l1,mts_details_sgle,2011,46.5
pry,sex_t,ocu_skill_l1,mts_details_sgle,2012,45.24
pry,sex_t,ocu_skill_l1,mts_details_sgle,2013,44.74
pry,sex_t,ocu_skill_l1,mts_details_sgle,2014,44.69
pry,sex_t,ocu_skill_l1,mts_details_sgle,2015,41.97
pry,sex_t,ocu_skill_l1,mts_details_sgle,2016,42.58
pry,sex_t,ocu_skill_l1,mts_details_sgle,2017,41.55
pry,sex_t,ocu_skill_l1,mts_details_sgle,2018,41.57
pry,sex_t,ocu_skill_l1,mts_details_sgle,2019,40.25
pry,sex_t,ocu_skill_l1,mts_details_sgle,2020,41.35
pry,sex_t,ocu_skill_l1,mts_details_sgle,2021,40.27
pry,sex_t,ocu_skill_l1,mts_details_sgle,2022,41.18
pry,sex_t,ocu_skill_l1,mts_details_sgle,2023,40.56
pry,sex_t,ocu_skill_l1,mts_details_sgle,2024,41.02
pry,sex_t,ocu_skill_l1,mts_details_total,1998,46.85
pry,sex_t,ocu_skill_l1,mts_details_total,1999,47.61
pry,sex_t,ocu_skill_l1,mts_details_total,2001,43.48
pry,sex_t,ocu_skill_l1,mts_details_total,2002,46.34
pry,sex_t,ocu_skill_l1,mts_details_total,2003,46.17
pry,sex_t,ocu_skill_l1,mts_details_total,2004,46.35
pry,sex_t,ocu_skill_l1,mts_details_total,2005,46
pry,sex_t,ocu_skill_l1,mts_details_total,2006,48.3
pry,sex_t,ocu_skill_l1,mts_details_total,2007,47.1
pry,sex_t,ocu_skill_l1,mts_details_total,2008,45.09
pry,sex_t,ocu_skill_l1,mts_details_total,2009,44.62
pry,sex_t,ocu_skill_l1,mts_details_total,2010,45.41
pry,sex_t,ocu_skill_l1,mts_details_total,2011,46.38
pry,sex_t,ocu_skill_l1,mts_details_total,2012,44.7
pry,sex_t,ocu_skill_l1,mts_details_total,2013,43.78
pry,sex_t,ocu_skill_l1,mts_details_total,2014,44.65
pry,sex_t,ocu_skill_l1,mts_details_total,2015,41.66
pry,sex_t,ocu_skill_l1,mts_details_total,2016,42.91
pry,sex_t,ocu_skill_l1,mts_details_total,2017,41.5
pry,sex_t,ocu_skill_l1,mts_details_total,2018,41.13
pry,sex_t,ocu_skill_l1,mts_details_total,2019,39.87
pry,sex_t,ocu_skill_l1,mts_details_total,2020,39.74
pry,sex_t,ocu_skill_l1,mts_details_total,2021,40.54
pry,sex_t,ocu_skill_l1,mts_details_total,2022,40.68
pry,sex_t,ocu_skill_l1,mts_details_total,2023,40.17
pry,sex_t,ocu_skill_l1,mts_details_total,2024,40.18
pry,sex_t,ocu_skill_l1,mts_details_union,1998,43.86
pry,sex_t,ocu_skill_l1,mts_details_union,1999,50.74
pry,sex_t,ocu_skill_l1,mts_details_union,2001,43.14
pry,sex_t,ocu_skill_l1,mts_details_union,2002,44.5
pry,sex_t,ocu_skill_l1,mts_details_union,2003,46.9
pry,sex_t,ocu_skill_l1,mts_details_union,2004,47.52
pry,sex_t,ocu_skill_l1,mts_details_union,2005,44.93
pry,sex_t,ocu_skill_l1,mts_details_union,2006,48.04
pry,sex_t,ocu_skill_l1,mts_details_union,2007,45.1
pry,sex_t,ocu_skill_l1,mts_details_union,2008,44.05
pry,sex_t,ocu_skill_l1,mts_details_union,2009,47.01
pry,sex_t,ocu_skill_l1,mts_details_union,2010,44.87
pry,sex_t,ocu_skill_l1,mts_details_union,2011,46.57
pry,sex_t,ocu_skill_l1,mts_details_union,2012,45.61
pry,sex_t,ocu_skill_l1,mts_details_union,2013,43.41
pry,sex_t,ocu_skill_l1,mts_details_union,2014,46.15
pry,sex_t,ocu_skill_l1,mts_details_union,2015,41.94
pry,sex_t,ocu_skill_l1,mts_details_union,2016,43.78
pry,sex_t,ocu_skill_l1,mts_details_union,2017,42.18
pry,sex_t,ocu_skill_l1,mts_details_union,2018,40.71
pry,sex_t,ocu_skill_l1,mts_details_union,2019,40.12
pry,sex_t,ocu_skill_l1,mts_details_union,2020,39.09
pry,sex_t,ocu_skill_l1,mts_details_union,2021,41.52
pry,sex_t,ocu_skill_l1,mts_details_union,2022,41.19
pry,sex_t,ocu_skill_l1,mts_details_union,2023,40.85
pry,sex_t,ocu_skill_l1,mts_details_union,2024,40.92
pry,sex_t,ocu_skill_l1,mts_details_wid,2001,37.59
pry,sex_t,ocu_skill_l1,mts_details_wid,2002,43.82
pry,sex_t,ocu_skill_l1,mts_details_wid,2003,44.31
pry,sex_t,ocu_skill_l1,mts_details_wid,2004,36.68
pry,sex_t,ocu_skill_l1,mts_details_wid,2005,34.07
pry,sex_t,ocu_skill_l1,mts_details_wid,2006,41.62
pry,sex_t,ocu_skill_l1,mts_details_wid,2007,39.59
pry,sex_t,ocu_skill_l1,mts_details_wid,2008,46.74
pry,sex_t,ocu_skill_l1,mts_details_wid,2009,41.16
pry,sex_t,ocu_skill_l1,mts_details_wid,2010,34.74
pry,sex_t,ocu_skill_l1,mts_details_wid,2011,42.1
pry,sex_t,ocu_skill_l1,mts_details_wid,2012,39.92
pry,sex_t,ocu_skill_l1,mts_details_wid,2013,39.37
pry,sex_t,ocu_skill_l1,mts_details_wid,2014,42.92
pry,sex_t,ocu_skill_l1,mts_details_wid,2015,36.74
pry,sex_t,ocu_skill_l1,mts_details_wid,2016,39.18
pry,sex_t,ocu_skill_l1,mts_details_wid,2017,37.52
pry,sex_t,ocu_skill_l1,mts_details_wid,2018,37.48
pry,sex_t,ocu_skill_l1,mts_details_wid,2019,32.89
pry,sex_t,ocu_skill_l1,mts_details_wid,2020,32.2
pry,sex_t,ocu_skill_l1,mts_details_wid,2021,37.76
pry,sex_t,ocu_skill_l1,mts_details_wid,2022,33.31
pry,sex_t,ocu_skill_l1,mts_details_wid,2023,35.45
pry,sex_t,ocu_skill_l1,mts_details_wid,2024,33.72
pry,sex_t,ocu_skill_l1,mts_details_x,2020,39.61
pry,sex_t,ocu_skill_l1,mts_details_x,2021,40.27
pry,sex_t,ocu_skill_l2,mts_aggregate_1,1998,45.48
pry,sex_t,ocu_skill_l2,mts_aggregate_1,1999,45
pry,sex_t,ocu_skill_l2,mts_aggregate_1,2001,47.07
pry,sex_t,ocu_skill_l2,mts_aggregate_1,2002,47.95
pry,sex_t,ocu_skill_l2,mts_aggregate_1,2003,47.42
pry,sex_t,ocu_skill_l2,mts_aggregate_1,2004,48.12
pry,sex_t,ocu_skill_l2,mts_aggregate_1,2005,50.48
pry,sex_t,ocu_skill_l2,mts_aggregate_1,2006,49.34
pry,sex_t,ocu_skill_l2,mts_aggregate_1,2007,49.41
pry,sex_t,ocu_skill_l2,mts_aggregate_1,2008,48.31
pry,sex_t,ocu_skill_l2,mts_aggregate_1,2009,48.87
pry,sex_t,ocu_skill_l2,mts_aggregate_1,2010,48.84
pry,sex_t,ocu_skill_l2,mts_aggregate_1,2011,50.46
pry,sex_t,ocu_skill_l2,mts_aggregate_1,2012,48.08
pry,sex_t,ocu_skill_l2,mts_aggregate_1,2013,49.09
pry,sex_t,ocu_skill_l2,mts_aggregate_1,2014,48.55
pry,sex_t,ocu_skill_l2,mts_aggregate_1,2015,47.47
pry,sex_t,ocu_skill_l2,mts_aggregate_1,2016,47.96
pry,sex_t,ocu_skill_l2,mts_aggregate_1,2017,46.9
pry,sex_t,ocu_skill_l2,mts_aggregate_1,2018,45.99
pry,sex_t,ocu_skill_l2,mts_aggregate_1,2019,46.38
pry,sex_t,ocu_skill_l2,mts_aggregate_1,2020,45.63
pry,sex_t,ocu_skill_l2,mts_aggregate_1,2021,45.57
pry,sex_t,ocu_skill_l2,mts_aggregate_1,2022,46.48
pry,sex_t,ocu_skill_l2,mts_aggregate_1,2023,46.63
pry,sex_t,ocu_skill_l2,mts_aggregate_1,2024,46.42
pry,sex_t,ocu_skill_l2,mts_aggregate_2,1998,48.47
pry,sex_t,ocu_skill_l2,mts_aggregate_2,1999,47.65
pry,sex_t,ocu_skill_l2,mts_aggregate_2,2001,49.83
pry,sex_t,ocu_skill_l2,mts_aggregate_2,2002,52.05
pry,sex_t,ocu_skill_l2,mts_aggregate_2,2003,51.84
pry,sex_t,ocu_skill_l2,mts_aggregate_2,2004,52.3
pry,sex_t,ocu_skill_l2,mts_aggregate_2,2005,53.77
pry,sex_t,ocu_skill_l2,mts_aggregate_2,2006,54.08
pry,sex_t,ocu_skill_l2,mts_aggregate_2,2007,52.99
pry,sex_t,ocu_skill_l2,mts_aggregate_2,2008,53.26
pry,sex_t,ocu_skill_l2,mts_aggregate_2,2009,52.08
pry,sex_t,ocu_skill_l2,mts_aggregate_2,2010,51.51
pry,sex_t,ocu_skill_l2,mts_aggregate_2,2011,53.27
pry,sex_t,ocu_skill_l2,mts_aggregate_2,2012,52
pry,sex_t,ocu_skill_l2,mts_aggregate_2,2013,51.55
pry,sex_t,ocu_skill_l2,mts_aggregate_2,2014,51.92
pry,sex_t,ocu_skill_l2,mts_aggregate_2,2015,51.09
pry,sex_t,ocu_skill_l2,mts_aggregate_2,2016,51
pry,sex_t,ocu_skill_l2,mts_aggregate_2,2017,50
pry,sex_t,ocu_skill_l2,mts_aggregate_2,2018,49.43
pry,sex_t,ocu_skill_l2,mts_aggregate_2,2019,49.01
pry,sex_t,ocu_skill_l2,mts_aggregate_2,2020,48.34
pry,sex_t,ocu_skill_l2,mts_aggregate_2,2021,48.76
pry,sex_t,ocu_skill_l2,mts_aggregate_2,2022,48.69
pry,sex_t,ocu_skill_l2,mts_aggregate_2,2023,49.23
pry,sex_t,ocu_skill_l2,mts_aggregate_2,2024,49.49
pry,sex_t,ocu_skill_l2,mts_aggregate_total,1998,47.04
pry,sex_t,ocu_skill_l2,mts_aggregate_total,1999,46.4
pry,sex_t,ocu_skill_l2,mts_aggregate_total,2001,48.62
pry,sex_t,ocu_skill_l2,mts_aggregate_total,2002,50.36
pry,sex_t,ocu_skill_l2,mts_aggregate_total,2003,49.91
pry,sex_t,ocu_skill_l2,mts_aggregate_total,2004,50.52
pry,sex_t,ocu_skill_l2,mts_aggregate_total,2005,52.29
pry,sex_t,ocu_skill_l2,mts_aggregate_total,2006,52
pry,sex_t,ocu_skill_l2,mts_aggregate_total,2007,51.4
pry,sex_t,ocu_skill_l2,mts_aggregate_total,2008,51.12
pry,sex_t,ocu_skill_l2,mts_aggregate_total,2009,50.65
pry,sex_t,ocu_skill_l2,mts_aggregate_total,2010,50.3
pry,sex_t,ocu_skill_l2,mts_aggregate_total,2011,52.03
pry,sex_t,ocu_skill_l2,mts_aggregate_total,2012,50.24
pry,sex_t,ocu_skill_l2,mts_aggregate_total,2013,50.47
pry,sex_t,ocu_skill_l2,mts_aggregate_total,2014,50.34
pry,sex_t,ocu_skill_l2,mts_aggregate_total,2015,49.48
pry,sex_t,ocu_skill_l2,mts_aggregate_total,2016,49.7
pry,sex_t,ocu_skill_l2,mts_aggregate_total,2017,48.71
pry,sex_t,ocu_skill_l2,mts_aggregate_total,2018,47.95
pry,sex_t,ocu_skill_l2,mts_aggregate_total,2019,47.92
pry,sex_t,ocu_skill_l2,mts_aggregate_total,2020,46.85
pry,sex_t,ocu_skill_l2,mts_aggregate_total,2021,47.21
pry,sex_t,ocu_skill_l2,mts_aggregate_total,2022,47.73
pry,sex_t,ocu_skill_l2,mts_aggregate_total,2023,48.06
pry,sex_t,ocu_skill_l2,mts_aggregate_total,2024,48.08
pry,sex_t,ocu_skill_l2,mts_aggregate_x,2020,46.71
pry,sex_t,ocu_skill_l2,mts_aggregate_x,2021,46.72
pry,sex_t,ocu_skill_l2,mts_details_mrd,1998,47.91
pry,sex_t,ocu_skill_l2,mts_details_mrd,1999,46.78
pry,sex_t,ocu_skill_l2,mts_details_mrd,2001,49.89
pry,sex_t,ocu_skill_l2,mts_details_mrd,2002,51.47
pry,sex_t,ocu_skill_l2,mts_details_mrd,2003,51.28
pry,sex_t,ocu_skill_l2,mts_details_mrd,2004,51.25
pry,sex_t,ocu_skill_l2,mts_details_mrd,2005,52.97
pry,sex_t,ocu_skill_l2,mts_details_mrd,2006,51.11
pry,sex_t,ocu_skill_l2,mts_details_mrd,2007,51.9
pry,sex_t,ocu_skill_l2,mts_details_mrd,2008,52.66
pry,sex_t,ocu_skill_l2,mts_details_mrd,2009,51.48
pry,sex_t,ocu_skill_l2,mts_details_mrd,2010,49.89
pry,sex_t,ocu_skill_l2,mts_details_mrd,2011,52.18
pry,sex_t,ocu_skill_l2,mts_details_mrd,2012,50.09
pry,sex_t,ocu_skill_l2,mts_details_mrd,2013,50.01
pry,sex_t,ocu_skill_l2,mts_details_mrd,2014,50.98
pry,sex_t,ocu_skill_l2,mts_details_mrd,2015,49.83
pry,sex_t,ocu_skill_l2,mts_details_mrd,2016,50.32
pry,sex_t,ocu_skill_l2,mts_details_mrd,2017,48.86
pry,sex_t,ocu_skill_l2,mts_details_mrd,2018,48.41
pry,sex_t,ocu_skill_l2,mts_details_mrd,2019,47.66
pry,sex_t,ocu_skill_l2,mts_details_mrd,2020,47.69
pry,sex_t,ocu_skill_l2,mts_details_mrd,2021,47.85
pry,sex_t,ocu_skill_l2,mts_details_mrd,2022,48.01
pry,sex_t,ocu_skill_l2,mts_details_mrd,2023,48.03
pry,sex_t,ocu_skill_l2,mts_details_mrd,2024,48.85
pry,sex_t,ocu_skill_l2,mts_details_sep,1998,44.5
pry,sex_t,ocu_skill_l2,mts_details_sep,1999,44.4
pry,sex_t,ocu_skill_l2,mts_details_sep,2001,55.13
pry,sex_t,ocu_skill_l2,mts_details_sep,2002,50.37
pry,sex_t,ocu_skill_l2,mts_details_sep,2003,45.52
pry,sex_t,ocu_skill_l2,mts_details_sep,2004,47.45
pry,sex_t,ocu_skill_l2,mts_details_sep,2005,53.99
pry,sex_t,ocu_skill_l2,mts_details_sep,2006,44.42
pry,sex_t,ocu_skill_l2,mts_details_sep,2007,46.48
pry,sex_t,ocu_skill_l2,mts_details_sep,2008,48.99
pry,sex_t,ocu_skill_l2,mts_details_sep,2009,42.16
pry,sex_t,ocu_skill_l2,mts_details_sep,2010,50.95
pry,sex_t,ocu_skill_l2,mts_details_sep,2011,53.26
pry,sex_t,ocu_skill_l2,mts_details_sep,2012,49.64
pry,sex_t,ocu_skill_l2,mts_details_sep,2013,48.85
pry,sex_t,ocu_skill_l2,mts_details_sep,2014,51.15
pry,sex_t,ocu_skill_l2,mts_details_sep,2015,46.44
pry,sex_t,ocu_skill_l2,mts_details_sep,2016,47.35
pry,sex_t,ocu_skill_l2,mts_details_sep,2017,47.56
pry,sex_t,ocu_skill_l2,mts_details_sep,2018,45.16
pry,sex_t,ocu_skill_l2,mts_details_sep,2019,47.85
pry,sex_t,ocu_skill_l2,mts_details_sep,2020,44.85
pry,sex_t,ocu_skill_l2,mts_details_sep,2021,44.98
pry,sex_t,ocu_skill_l2,mts_details_sep,2022,46.79
pry,sex_t,ocu_skill_l2,mts_details_sep,2023,45.85
pry,sex_t,ocu_skill_l2,mts_details_sep,2024,46.98
pry,sex_t,ocu_skill_l2,mts_details_sgle,1998,45.72
pry,sex_t,ocu_skill_l2,mts_details_sgle,1999,45.01
pry,sex_t,ocu_skill_l2,mts_details_sgle,2001,46.69
pry,sex_t,ocu_skill_l2,mts_details_sgle,2002,47.81
pry,sex_t,ocu_skill_l2,mts_details_sgle,2003,47.7
pry,sex_t,ocu_skill_l2,mts_details_sgle,2004,48.25
pry,sex_t,ocu_skill_l2,mts_details_sgle,2005,50
pry,sex_t,ocu_skill_l2,mts_details_sgle,2006,49.72
pry,sex_t,ocu_skill_l2,mts_details_sgle,2007,49.6
pry,sex_t,ocu_skill_l2,mts_details_sgle,2008,48.48
pry,sex_t,ocu_skill_l2,mts_details_sgle,2009,49.39
pry,sex_t,ocu_skill_l2,mts_details_sgle,2010,48.73
pry,sex_t,ocu_skill_l2,mts_details_sgle,2011,50.38
pry,sex_t,ocu_skill_l2,mts_details_sgle,2012,48.05
pry,sex_t,ocu_skill_l2,mts_details_sgle,2013,49.46
pry,sex_t,ocu_skill_l2,mts_details_sgle,2014,48.67
pry,sex_t,ocu_skill_l2,mts_details_sgle,2015,47.54
pry,sex_t,ocu_skill_l2,mts_details_sgle,2016,47.99
pry,sex_t,ocu_skill_l2,mts_details_sgle,2017,46.87
pry,sex_t,ocu_skill_l2,mts_details_sgle,2018,46.12
pry,sex_t,ocu_skill_l2,mts_details_sgle,2019,46.41
pry,sex_t,ocu_skill_l2,mts_details_sgle,2020,45.72
pry,sex_t,ocu_skill_l2,mts_details_sgle,2021,45.72
pry,sex_t,ocu_skill_l2,mts_details_sgle,2022,46.5
pry,sex_t,ocu_skill_l2,mts_details_sgle,2023,46.67
pry,sex_t,ocu_skill_l2,mts_details_sgle,2024,46.34
pry,sex_t,ocu_skill_l2,mts_details_total,1998,47.04
pry,sex_t,ocu_skill_l2,mts_details_total,1999,46.4
pry,sex_t,ocu_skill_l2,mts_details_total,2001,48.62
pry,sex_t,ocu_skill_l2,mts_details_total,2002,50.36
pry,sex_t,ocu_skill_l2,mts_details_total,2003,49.91
pry,sex_t,ocu_skill_l2,mts_details_total,2004,50.52
pry,sex_t,ocu_skill_l2,mts_details_total,2005,52.29
pry,sex_t,ocu_skill_l2,mts_details_total,2006,52
pry,sex_t,ocu_skill_l2,mts_details_total,2007,51.4
pry,sex_t,ocu_skill_l2,mts_details_total,2008,51.12
pry,sex_t,ocu_skill_l2,mts_details_total,2009,50.65
pry,sex_t,ocu_skill_l2,mts_details_total,2010,50.3
pry,sex_t,ocu_skill_l2,mts_details_total,2011,52.03
pry,sex_t,ocu_skill_l2,mts_details_total,2012,50.24
pry,sex_t,ocu_skill_l2,mts_details_total,2013,50.47
pry,sex_t,ocu_skill_l2,mts_details_total,2014,50.34
pry,sex_t,ocu_skill_l2,mts_details_total,2015,49.48
pry,sex_t,ocu_skill_l2,mts_details_total,2016,49.7
pry,sex_t,ocu_skill_l2,mts_details_total,2017,48.71
pry,sex_t,ocu_skill_l2,mts_details_total,2018,47.95
pry,sex_t,ocu_skill_l2,mts_details_total,2019,47.92
pry,sex_t,ocu_skill_l2,mts_details_total,2020,46.85
pry,sex_t,ocu_skill_l2,mts_details_total,2021,47.21
pry,sex_t,ocu_skill_l2,mts_details_total,2022,47.73
pry,sex_t,ocu_skill_l2,mts_details_total,2023,48.06
pry,sex_t,ocu_skill_l2,mts_details_total,2024,48.08
pry,sex_t,ocu_skill_l2,mts_details_union,1998,49.42
pry,sex_t,ocu_skill_l2,mts_details_union,1999,49.52
pry,sex_t,ocu_skill_l2,mts_details_union,2001,49.73
pry,sex_t,ocu_skill_l2,mts_details_union,2002,53.19
pry,sex_t,ocu_skill_l2,mts_details_union,2003,52.93
pry,sex_t,ocu_skill_l2,mts_details_union,2004,53.79
pry,sex_t,ocu_skill_l2,mts_details_union,2005,55.08
pry,sex_t,ocu_skill_l2,mts_details_union,2006,57.98
pry,sex_t,ocu_skill_l2,mts_details_union,2007,54.64
pry,sex_t,ocu_skill_l2,mts_details_union,2008,54.13
pry,sex_t,ocu_skill_l2,mts_details_union,2009,52.88
pry,sex_t,ocu_skill_l2,mts_details_union,2010,53.5
pry,sex_t,ocu_skill_l2,mts_details_union,2011,54.81
pry,sex_t,ocu_skill_l2,mts_details_union,2012,53.94
pry,sex_t,ocu_skill_l2,mts_details_union,2013,53.29
pry,sex_t,ocu_skill_l2,mts_details_union,2014,52.91
pry,sex_t,ocu_skill_l2,mts_details_union,2015,52.4
pry,sex_t,ocu_skill_l2,mts_details_union,2016,51.56
pry,sex_t,ocu_skill_l2,mts_details_union,2017,50.94
pry,sex_t,ocu_skill_l2,mts_details_union,2018,50.21
pry,sex_t,ocu_skill_l2,mts_details_union,2019,49.96
pry,sex_t,ocu_skill_l2,mts_details_union,2020,48.74
pry,sex_t,ocu_skill_l2,mts_details_union,2021,49.38
pry,sex_t,ocu_skill_l2,mts_details_union,2022,49.12
pry,sex_t,ocu_skill_l2,mts_details_union,2023,50
pry,sex_t,ocu_skill_l2,mts_details_union,2024,49.92
pry,sex_t,ocu_skill_l2,mts_details_wid,1998,39.02
pry,sex_t,ocu_skill_l2,mts_details_wid,1999,45.73
pry,sex_t,ocu_skill_l2,mts_details_wid,2001,40.99
pry,sex_t,ocu_skill_l2,mts_details_wid,2002,46.03
pry,sex_t,ocu_skill_l2,mts_details_wid,2003,41.18
pry,sex_t,ocu_skill_l2,mts_details_wid,2004,42.14
pry,sex_t,ocu_skill_l2,mts_details_wid,2005,56.43
pry,sex_t,ocu_skill_l2,mts_details_wid,2006,44.02
pry,sex_t,ocu_skill_l2,mts_details_wid,2007,45.13
pry,sex_t,ocu_skill_l2,mts_details_wid,2008,42.33
pry,sex_t,ocu_skill_l2,mts_details_wid,2009,42.21
pry,sex_t,ocu_skill_l2,mts_details_wid,2010,46.18
pry,sex_t,ocu_skill_l2,mts_details_wid,2011,46.23
pry,sex_t,ocu_skill_l2,mts_details_wid,2012,44.06
pry,sex_t,ocu_skill_l2,mts_details_wid,2013,37.82
pry,sex_t,ocu_skill_l2,mts_details_wid,2014,39.09
pry,sex_t,ocu_skill_l2,mts_details_wid,2015,47.82
pry,sex_t,ocu_skill_l2,mts_details_wid,2016,48.05
pry,sex_t,ocu_skill_l2,mts_details_wid,2017,46.16
pry,sex_t,ocu_skill_l2,mts_details_wid,2018,42.88
pry,sex_t,ocu_skill_l2,mts_details_wid,2019,40.48
pry,sex_t,ocu_skill_l2,mts_details_wid,2020,42.07
pry,sex_t,ocu_skill_l2,mts_details_wid,2021,39.62
pry,sex_t,ocu_skill_l2,mts_details_wid,2022,44.56
pry,sex_t,ocu_skill_l2,mts_details_wid,2023,47.05
pry,sex_t,ocu_skill_l2,mts_details_wid,2024,48.79
pry,sex_t,ocu_skill_l2,mts_details_x,2020,46.71
pry,sex_t,ocu_skill_l2,mts_details_x,2021,46.72
pry,sex_t,ocu_skill_l3_4,mts_aggregate_1,1998,40.26
pry,sex_t,ocu_skill_l3_4,mts_aggregate_1,1999,38.91
pry,sex_t,ocu_skill_l3_4,mts_aggregate_1,2001,35.84
pry,sex_t,ocu_skill_l3_4,mts_aggregate_1,2002,35.45
pry,sex_t,ocu_skill_l3_4,mts_aggregate_1,2003,35.35
pry,sex_t,ocu_skill_l3_4,mts_aggregate_1,2004,37.95
pry,sex_t,ocu_skill_l3_4,mts_aggregate_1,2005,36.48
pry,sex_t,ocu_skill_l3_4,mts_aggregate_1,2006,38.79
pry,sex_t,ocu_skill_l3_4,mts_aggregate_1,2007,39.14
pry,sex_t,ocu_skill_l3_4,mts_aggregate_1,2008,38.82
pry,sex_t,ocu_skill_l3_4,mts_aggregate_1,2009,38.21
pry,sex_t,ocu_skill_l3_4,mts_aggregate_1,2010,39.42
pry,sex_t,ocu_skill_l3_4,mts_aggregate_1,2011,41.55
pry,sex_t,ocu_skill_l3_4,mts_aggregate_1,2012,39.07
pry,sex_t,ocu_skill_l3_4,mts_aggregate_1,2013,39.77
pry,sex_t,ocu_skill_l3_4,mts_aggregate_1,2014,38.69
pry,sex_t,ocu_skill_l3_4,mts_aggregate_1,2015,38.44
pry,sex_t,ocu_skill_l3_4,mts_aggregate_1,2016,38.4
pry,sex_t,ocu_skill_l3_4,mts_aggregate_1,2017,38.15
pry,sex_t,ocu_skill_l3_4,mts_aggregate_1,2018,37.48
pry,sex_t,ocu_skill_l3_4,mts_aggregate_1,2019,37.1
pry,sex_t,ocu_skill_l3_4,mts_aggregate_1,2020,36.27
pry,sex_t,ocu_skill_l3_4,mts_aggregate_1,2021,37.59
pry,sex_t,ocu_skill_l3_4,mts_aggregate_1,2022,38.14
pry,sex_t,ocu_skill_l3_4,mts_aggregate_1,2023,38.34
pry,sex_t,ocu_skill_l3_4,mts_aggregate_1,2024,38.05
pry,sex_t,ocu_skill_l3_4,mts_aggregate_2,1998,40.74
pry,sex_t,ocu_skill_l3_4,mts_aggregate_2,1999,39.8
pry,sex_t,ocu_skill_l3_4,mts_aggregate_2,2001,39.36
pry,sex_t,ocu_skill_l3_4,mts_aggregate_2,2002,39.97
pry,sex_t,ocu_skill_l3_4,mts_aggregate_2,2003,39.1
pry,sex_t,ocu_skill_l3_4,mts_aggregate_2,2004,38.98
pry,sex_t,ocu_skill_l3_4,mts_aggregate_2,2005,38.97
pry,sex_t,ocu_skill_l3_4,mts_aggregate_2,2006,40.06
pry,sex_t,ocu_skill_l3_4,mts_aggregate_2,2007,41.76
pry,sex_t,ocu_skill_l3_4,mts_aggregate_2,2008,39.55
pry,sex_t,ocu_skill_l3_4,mts_aggregate_2,2009,40.24
pry,sex_t,ocu_skill_l3_4,mts_aggregate_2,2010,40.08
pry,sex_t,ocu_skill_l3_4,mts_aggregate_2,2011,41.23
pry,sex_t,ocu_skill_l3_4,mts_aggregate_2,2012,38.69
pry,sex_t,ocu_skill_l3_4,mts_aggregate_2,2013,40.91
pry,sex_t,ocu_skill_l3_4,mts_aggregate_2,2014,39.47
pry,sex_t,ocu_skill_l3_4,mts_aggregate_2,2015,38.24
pry,sex_t,ocu_skill_l3_4,mts_aggregate_2,2016,39.64
pry,sex_t,ocu_skill_l3_4,mts_aggregate_2,2017,38.18
pry,sex_t,ocu_skill_l3_4,mts_aggregate_2,2018,37.53
pry,sex_t,ocu_skill_l3_4,mts_aggregate_2,2019,37.53
pry,sex_t,ocu_skill_l3_4,mts_aggregate_2,2020,37.3
pry,sex_t,ocu_skill_l3_4,mts_aggregate_2,2021,37.51
pry,sex_t,ocu_skill_l3_4,mts_aggregate_2,2022,37.52
pry,sex_t,ocu_skill_l3_4,mts_aggregate_2,2023,38.01
pry,sex_t,ocu_skill_l3_4,mts_aggregate_2,2024,38.02
pry,sex_t,ocu_skill_l3_4,mts_aggregate_total,1998,40.59
pry,sex_t,ocu_skill_l3_4,mts_aggregate_total,1999,39.53
pry,sex_t,ocu_skill_l3_4,mts_aggregate_total,2001,37.83
pry,sex_t,ocu_skill_l3_4,mts_aggregate_total,2002,38.31
pry,sex_t,ocu_skill_l3_4,mts_aggregate_total,2003,37.83
pry,sex_t,ocu_skill_l3_4,mts_aggregate_total,2004,38.61
pry,sex_t,ocu_skill_l3_4,mts_aggregate_total,2005,38.05
pry,sex_t,ocu_skill_l3_4,mts_aggregate_total,2006,39.58
pry,sex_t,ocu_skill_l3_4,mts_aggregate_total,2007,40.76
pry,sex_t,ocu_skill_l3_4,mts_aggregate_total,2008,39.27
pry,sex_t,ocu_skill_l3_4,mts_aggregate_total,2009,39.4
pry,sex_t,ocu_skill_l3_4,mts_aggregate_total,2010,39.83
pry,sex_t,ocu_skill_l3_4,mts_aggregate_total,2011,41.37
pry,sex_t,ocu_skill_l3_4,mts_aggregate_total,2012,38.85
pry,sex_t,ocu_skill_l3_4,mts_aggregate_total,2013,40.41
pry,sex_t,ocu_skill_l3_4,mts_aggregate_total,2014,39.13
pry,sex_t,ocu_skill_l3_4,mts_aggregate_total,2015,38.33
pry,sex_t,ocu_skill_l3_4,mts_aggregate_total,2016,39.14
pry,sex_t,ocu_skill_l3_4,mts_aggregate_total,2017,38.16
pry,sex_t,ocu_skill_l3_4,mts_aggregate_total,2018,37.51
pry,sex_t,ocu_skill_l3_4,mts_aggregate_total,2019,37.36
pry,sex_t,ocu_skill_l3_4,mts_aggregate_total,2020,37.42
pry,sex_t,ocu_skill_l3_4,mts_aggregate_total,2021,37.56
pry,sex_t,ocu_skill_l3_4,mts_aggregate_total,2022,37.77
pry,sex_t,ocu_skill_l3_4,mts_aggregate_total,2023,38.15
pry,sex_t,ocu_skill_l3_4,mts_aggregate_total,2024,38.03
pry,sex_t,ocu_skill_l3_4,mts_aggregate_x,2020,37.61
pry,sex_t,ocu_skill_l3_4,mts_aggregate_x,2021,37.61
pry,sex_t,ocu_skill_l3_4,mts_details_mrd,1998,41.02
pry,sex_t,ocu_skill_l3_4,mts_details_mrd,1999,39.59
pry,sex_t,ocu_skill_l3_4,mts_details_mrd,2001,39.49
pry,sex_t,ocu_skill_l3_4,mts_details_mrd,2002,40.29
pry,sex_t,ocu_skill_l3_4,mts_details_mrd,2003,38.62
pry,sex_t,ocu_skill_l3_4,mts_details_mrd,2004,39.28
pry,sex_t,ocu_skill_l3_4,mts_details_mrd,2005,38.56
pry,sex_t,ocu_skill_l3_4,mts_details_mrd,2006,40.22
pry,sex_t,ocu_skill_l3_4,mts_details_mrd,2007,42.1
pry,sex_t,ocu_skill_l3_4,mts_details_mrd,2008,38.38
pry,sex_t,ocu_skill_l3_4,mts_details_mrd,2009,39.41
pry,sex_t,ocu_skill_l3_4,mts_details_mrd,2010,39.55
pry,sex_t,ocu_skill_l3_4,mts_details_mrd,2011,41.4
pry,sex_t,ocu_skill_l3_4,mts_details_mrd,2012,37.8
pry,sex_t,ocu_skill_l3_4,mts_details_mrd,2013,40.76
pry,sex_t,ocu_skill_l3_4,mts_details_mrd,2014,38.62
pry,sex_t,ocu_skill_l3_4,mts_details_mrd,2015,38.08
pry,sex_t,ocu_skill_l3_4,mts_details_mrd,2016,38.91
pry,sex_t,ocu_skill_l3_4,mts_details_mrd,2017,38.03
pry,sex_t,ocu_skill_l3_4,mts_details_mrd,2018,36.91
pry,sex_t,ocu_skill_l3_4,mts_details_mrd,2019,36.9
pry,sex_t,ocu_skill_l3_4,mts_details_mrd,2020,37.42
pry,sex_t,ocu_skill_l3_4,mts_details_mrd,2021,36.62
pry,sex_t,ocu_skill_l3_4,mts_details_mrd,2022,36.93
pry,sex_t,ocu_skill_l3_4,mts_details_mrd,2023,37.74
pry,sex_t,ocu_skill_l3_4,mts_details_mrd,2024,37.43
pry,sex_t,ocu_skill_l3_4,mts_details_sep,1998,36.9
pry,sex_t,ocu_skill_l3_4,mts_details_sep,1999,38.03
pry,sex_t,ocu_skill_l3_4,mts_details_sep,2001,39.61
pry,sex_t,ocu_skill_l3_4,mts_details_sep,2002,34.15
pry,sex_t,ocu_skill_l3_4,mts_details_sep,2003,34.59
pry,sex_t,ocu_skill_l3_4,mts_details_sep,2004,43.81
pry,sex_t,ocu_skill_l3_4,mts_details_sep,2005,36.33
pry,sex_t,ocu_skill_l3_4,mts_details_sep,2006,34.64
pry,sex_t,ocu_skill_l3_4,mts_details_sep,2007,39.27
pry,sex_t,ocu_skill_l3_4,mts_details_sep,2008,38.53
pry,sex_t,ocu_skill_l3_4,mts_details_sep,2009,38.07
pry,sex_t,ocu_skill_l3_4,mts_details_sep,2010,39.88
pry,sex_t,ocu_skill_l3_4,mts_details_sep,2011,42.45
pry,sex_t,ocu_skill_l3_4,mts_details_sep,2012,37.57
pry,sex_t,ocu_skill_l3_4,mts_details_sep,2013,40.29
pry,sex_t,ocu_skill_l3_4,mts_details_sep,2014,35.28
pry,sex_t,ocu_skill_l3_4,mts_details_sep,2015,37.45
pry,sex_t,ocu_skill_l3_4,mts_details_sep,2016,38.44
pry,sex_t,ocu_skill_l3_4,mts_details_sep,2017,35.36
pry,sex_t,ocu_skill_l3_4,mts_details_sep,2018,37.45
pry,sex_t,ocu_skill_l3_4,mts_details_sep,2019,34.23
pry,sex_t,ocu_skill_l3_4,mts_details_sep,2020,36.37
pry,sex_t,ocu_skill_l3_4,mts_details_sep,2021,34.31
pry,sex_t,ocu_skill_l3_4,mts_details_sep,2022,36.88
pry,sex_t,ocu_skill_l3_4,mts_details_sep,2023,33.45
pry,sex_t,ocu_skill_l3_4,mts_details_sep,2024,35.19
pry,sex_t,ocu_skill_l3_4,mts_details_sgle,1998,40.1
pry,sex_t,ocu_skill_l3_4,mts_details_sgle,1999,39.29
pry,sex_t,ocu_skill_l3_4,mts_details_sgle,2001,35.52
pry,sex_t,ocu_skill_l3_4,mts_details_sgle,2002,35.56
pry,sex_t,ocu_skill_l3_4,mts_details_sgle,2003,35.59
pry,sex_t,ocu_skill_l3_4,mts_details_sgle,2004,37.56
pry,sex_t,ocu_skill_l3_4,mts_details_sgle,2005,36.56
pry,sex_t,ocu_skill_l3_4,mts_details_sgle,2006,39.41
pry,sex_t,ocu_skill_l3_4,mts_details_sgle,2007,39.21
pry,sex_t,ocu_skill_l3_4,mts_details_sgle,2008,39.01
pry,sex_t,ocu_skill_l3_4,mts_details_sgle,2009,38.13
pry,sex_t,ocu_skill_l3_4,mts_details_sgle,2010,39.34
pry,sex_t,ocu_skill_l3_4,mts_details_sgle,2011,41.34
pry,sex_t,ocu_skill_l3_4,mts_details_sgle,2012,39.37
pry,sex_t,ocu_skill_l3_4,mts_details_sgle,2013,39.83
pry,sex_t,ocu_skill_l3_4,mts_details_sgle,2014,39.2
pry,sex_t,ocu_skill_l3_4,mts_details_sgle,2015,38.57
pry,sex_t,ocu_skill_l3_4,mts_details_sgle,2016,38.45
pry,sex_t,ocu_skill_l3_4,mts_details_sgle,2017,38.63
pry,sex_t,ocu_skill_l3_4,mts_details_sgle,2018,37.47
pry,sex_t,ocu_skill_l3_4,mts_details_sgle,2019,37.48
pry,sex_t,ocu_skill_l3_4,mts_details_sgle,2020,36.47
pry,sex_t,ocu_skill_l3_4,mts_details_sgle,2021,38.23
pry,sex_t,ocu_skill_l3_4,mts_details_sgle,2022,38.42
pry,sex_t,ocu_skill_l3_4,mts_details_sgle,2023,39.13
pry,sex_t,ocu_skill_l3_4,mts_details_sgle,2024,38.48
pry,sex_t,ocu_skill_l3_4,mts_details_total,1998,40.59
pry,sex_t,ocu_skill_l3_4,mts_details_total,1999,39.53
pry,sex_t,ocu_skill_l3_4,mts_details_total,2001,37.83
pry,sex_t,ocu_skill_l3_4,mts_details_total,2002,38.31
pry,sex_t,ocu_skill_l3_4,mts_details_total,2003,37.83
pry,sex_t,ocu_skill_l3_4,mts_details_total,2004,38.61
pry,sex_t,ocu_skill_l3_4,mts_details_total,2005,38.05
pry,sex_t,ocu_skill_l3_4,mts_details_total,2006,39.58
pry,sex_t,ocu_skill_l3_4,mts_details_total,2007,40.76
pry,sex_t,ocu_skill_l3_4,mts_details_total,2008,39.27
pry,sex_t,ocu_skill_l3_4,mts_details_total,2009,39.4
pry,sex_t,ocu_skill_l3_4,mts_details_total,2010,39.83
pry,sex_t,ocu_skill_l3_4,mts_details_total,2011,41.37
pry,sex_t,ocu_skill_l3_4,mts_details_total,2012,38.85
pry,sex_t,ocu_skill_l3_4,mts_details_total,2013,40.41
pry,sex_t,ocu_skill_l3_4,mts_details_total,2014,39.13
pry,sex_t,ocu_skill_l3_4,mts_details_total,2015,38.33
pry,sex_t,ocu_skill_l3_4,mts_details_total,2016,39.14
pry,sex_t,ocu_skill_l3_4,mts_details_total,2017,38.16
pry,sex_t,ocu_skill_l3_4,mts_details_total,2018,37.51
pry,sex_t,ocu_skill_l3_4,mts_details_total,2019,37.36
pry,sex_t,ocu_skill_l3_4,mts_details_total,2020,37.42
pry,sex_t,ocu_skill_l3_4,mts_details_total,2021,37.56
pry,sex_t,ocu_skill_l3_4,mts_details_total,2022,37.77
pry,sex_t,ocu_skill_l3_4,mts_details_total,2023,38.15
pry,sex_t,ocu_skill_l3_4,mts_details_total,2024,38.03
pry,sex_t,ocu_skill_l3_4,mts_details_union,1998,38.24
pry,sex_t,ocu_skill_l3_4,mts_details_union,1999,40.92
pry,sex_t,ocu_skill_l3_4,mts_details_union,2001,38.53
pry,sex_t,ocu_skill_l3_4,mts_details_union,2002,38.63
pry,sex_t,ocu_skill_l3_4,mts_details_union,2003,42.18
pry,sex_t,ocu_skill_l3_4,mts_details_union,2004,37.74
pry,sex_t,ocu_skill_l3_4,mts_details_union,2005,41.33
pry,sex_t,ocu_skill_l3_4,mts_details_union,2006,39.3
pry,sex_t,ocu_skill_l3_4,mts_details_union,2007,39.74
pry,sex_t,ocu_skill_l3_4,mts_details_union,2008,44.15
pry,sex_t,ocu_skill_l3_4,mts_details_union,2009,43.35
pry,sex_t,ocu_skill_l3_4,mts_details_union,2010,42.85
pry,sex_t,ocu_skill_l3_4,mts_details_union,2011,40.54
pry,sex_t,ocu_skill_l3_4,mts_details_union,2012,41.33
pry,sex_t,ocu_skill_l3_4,mts_details_union,2013,41.51
pry,sex_t,ocu_skill_l3_4,mts_details_union,2014,42.28
pry,sex_t,ocu_skill_l3_4,mts_details_union,2015,38.75
pry,sex_t,ocu_skill_l3_4,mts_details_union,2016,41.32
pry,sex_t,ocu_skill_l3_4,mts_details_union,2017,38.51
pry,sex_t,ocu_skill_l3_4,mts_details_union,2018,38.83
pry,sex_t,ocu_skill_l3_4,mts_details_union,2019,38.83
pry,sex_t,ocu_skill_l3_4,mts_details_union,2020,37.08
pry,sex_t,ocu_skill_l3_4,mts_details_union,2021,38.96
pry,sex_t,ocu_skill_l3_4,mts_details_union,2022,38.54
pry,sex_t,ocu_skill_l3_4,mts_details_union,2023,38.46
pry,sex_t,ocu_skill_l3_4,mts_details_union,2024,39.16
pry,sex_t,ocu_skill_l3_4,mts_details_wid,1998,47.37
pry,sex_t,ocu_skill_l3_4,mts_details_wid,1999,33.73
pry,sex_t,ocu_skill_l3_4,mts_details_wid,2001,27.89
pry,sex_t,ocu_skill_l3_4,mts_details_wid,2003,28.83
pry,sex_t,ocu_skill_l3_4,mts_details_wid,2004,24.42
pry,sex_t,ocu_skill_l3_4,mts_details_wid,2005,35.22
pry,sex_t,ocu_skill_l3_4,mts_details_wid,2006,38.77
pry,sex_t,ocu_skill_l3_4,mts_details_wid,2007,34.32
pry,sex_t,ocu_skill_l3_4,mts_details_wid,2008,33.27
pry,sex_t,ocu_skill_l3_4,mts_details_wid,2010,41.61
pry,sex_t,ocu_skill_l3_4,mts_details_wid,2011,45.26
pry,sex_t,ocu_skill_l3_4,mts_details_wid,2012,29.97
pry,sex_t,ocu_skill_l3_4,mts_details_wid,2013,36.26
pry,sex_t,ocu_skill_l3_4,mts_details_wid,2014,36.19
pry,sex_t,ocu_skill_l3_4,mts_details_wid,2015,36.67
pry,sex_t,ocu_skill_l3_4,mts_details_wid,2016,36.5
pry,sex_t,ocu_skill_l3_4,mts_details_wid,2017,31.85
pry,sex_t,ocu_skill_l3_4,mts_details_wid,2018,37.8
pry,sex_t,ocu_skill_l3_4,mts_details_wid,2019,34.18
pry,sex_t,ocu_skill_l3_4,mts_details_wid,2020,31.22
pry,sex_t,ocu_skill_l3_4,mts_details_wid,2021,31.16
pry,sex_t,ocu_skill_l3_4,mts_details_wid,2022,34.18
pry,sex_t,ocu_skill_l3_4,mts_details_wid,2023,32.52
pry,sex_t,ocu_skill_l3_4,mts_details_wid,2024,35.72
pry,sex_t,ocu_skill_l3_4,mts_details_x,2020,37.61
pry,sex_t,ocu_skill_l3_4,mts_details_x,2021,37.61
pry,sex_t,ocu_skill_total,mts_aggregate_1,1998,45.05
pry,sex_t,ocu_skill_total,mts_aggregate_1,1999,44.33
pry,sex_t,ocu_skill_total,mts_aggregate_1,2001,43.42
pry,sex_t,ocu_skill_total,mts_aggregate_1,2002,46.1
pry,sex_t,ocu_skill_total,mts_aggregate_1,2003,45.28
pry,sex_t,ocu_skill_total,mts_aggregate_1,2004,45.88
pry,sex_t,ocu_skill_total,mts_aggregate_1,2005,46.55
pry,sex_t,ocu_skill_total,mts_aggregate_1,2006,47.57
pry,sex_t,ocu_skill_total,mts_aggregate_1,2007,47.53
pry,sex_t,ocu_skill_total,mts_aggregate_1,2008,46.36
pry,sex_t,ocu_skill_total,mts_aggregate_1,2009,45.54
pry,sex_t,ocu_skill_total,mts_aggregate_1,2010,46.75
pry,sex_t,ocu_skill_total,mts_aggregate_1,2011,47.29
pry,sex_t,ocu_skill_total,mts_aggregate_1,2012,45.14
pry,sex_t,ocu_skill_total,mts_aggregate_1,2013,45.33
pry,sex_t,ocu_skill_total,mts_aggregate_1,2014,45.01
pry,sex_t,ocu_skill_total,mts_aggregate_1,2015,43.52
pry,sex_t,ocu_skill_total,mts_aggregate_1,2016,44.21
pry,sex_t,ocu_skill_total,mts_aggregate_1,2017,43.26
pry,sex_t,ocu_skill_total,mts_aggregate_1,2018,42.67
pry,sex_t,ocu_skill_total,mts_aggregate_1,2019,42.14
pry,sex_t,ocu_skill_total,mts_aggregate_1,2020,42.15
pry,sex_t,ocu_skill_total,mts_aggregate_1,2021,42.14
pry,sex_t,ocu_skill_total,mts_aggregate_1,2022,42.76
pry,sex_t,ocu_skill_total,mts_aggregate_1,2023,42.8
pry,sex_t,ocu_skill_total,mts_aggregate_1,2024,42.69
pry,sex_t,ocu_skill_total,mts_aggregate_2,1998,46.81
pry,sex_t,ocu_skill_total,mts_aggregate_2,1999,46.2
pry,sex_t,ocu_skill_total,mts_aggregate_2,2001,45.58
pry,sex_t,ocu_skill_total,mts_aggregate_2,2002,47.86
pry,sex_t,ocu_skill_total,mts_aggregate_2,2003,47.05
pry,sex_t,ocu_skill_total,mts_aggregate_2,2004,47.9
pry,sex_t,ocu_skill_total,mts_aggregate_2,2005,48.38
pry,sex_t,ocu_skill_total,mts_aggregate_2,2006,49.72
pry,sex_t,ocu_skill_total,mts_aggregate_2,2007,49.07
pry,sex_t,ocu_skill_total,mts_aggregate_2,2008,47.76
pry,sex_t,ocu_skill_total,mts_aggregate_2,2009,48
pry,sex_t,ocu_skill_total,mts_aggregate_2,2010,47.53
pry,sex_t,ocu_skill_total,mts_aggregate_2,2011,48.93
pry,sex_t,ocu_skill_total,mts_aggregate_2,2012,47.03
pry,sex_t,ocu_skill_total,mts_aggregate_2,2013,46.76
pry,sex_t,ocu_skill_total,mts_aggregate_2,2014,46.99
pry,sex_t,ocu_skill_total,mts_aggregate_2,2015,45.67
pry,sex_t,ocu_skill_total,mts_aggregate_2,2016,46.21
pry,sex_t,ocu_skill_total,mts_aggregate_2,2017,45.02
pry,sex_t,ocu_skill_total,mts_aggregate_2,2018,44.16
pry,sex_t,ocu_skill_total,mts_aggregate_2,2019,43.7
pry,sex_t,ocu_skill_total,mts_aggregate_2,2020,43.11
pry,sex_t,ocu_skill_total,mts_aggregate_2,2021,44.05
pry,sex_t,ocu_skill_total,mts_aggregate_2,2022,43.7
pry,sex_t,ocu_skill_total,mts_aggregate_2,2023,43.99
pry,sex_t,ocu_skill_total,mts_aggregate_2,2024,44.02
pry,sex_t,ocu_skill_total,mts_aggregate_total,1998,46.01
pry,sex_t,ocu_skill_total,mts_aggregate_total,1999,45.37
pry,sex_t,ocu_skill_total,mts_aggregate_total,2001,44.55
pry,sex_t,ocu_skill_total,mts_aggregate_total,2002,47.05
pry,sex_t,ocu_skill_total,mts_aggregate_total,2003,46.24
pry,sex_t,ocu_skill_total,mts_aggregate_total,2004,46.96
pry,sex_t,ocu_skill_total,mts_aggregate_total,2005,47.52
pry,sex_t,ocu_skill_total,mts_aggregate_total,2006,48.71
pry,sex_t,ocu_skill_total,mts_aggregate_total,2007,48.37
pry,sex_t,ocu_skill_total,mts_aggregate_total,2008,47.12
pry,sex_t,ocu_skill_total,mts_aggregate_total,2009,46.82
pry,sex_t,ocu_skill_total,mts_aggregate_total,2010,47.17
pry,sex_t,ocu_skill_total,mts_aggregate_total,2011,48.15
pry,sex_t,ocu_skill_total,mts_aggregate_total,2012,46.16
pry,sex_t,ocu_skill_total,mts_aggregate_total,2013,46.11
pry,sex_t,ocu_skill_total,mts_aggregate_total,2014,46.03
pry,sex_t,ocu_skill_total,mts_aggregate_total,2015,44.67
pry,sex_t,ocu_skill_total,mts_aggregate_total,2016,45.34
pry,sex_t,ocu_skill_total,mts_aggregate_total,2017,44.26
pry,sex_t,ocu_skill_total,mts_aggregate_total,2018,43.5
pry,sex_t,ocu_skill_total,mts_aggregate_total,2019,43.01
pry,sex_t,ocu_skill_total,mts_aggregate_total,2020,42.46
pry,sex_t,ocu_skill_total,mts_aggregate_total,2021,43.03
pry,sex_t,ocu_skill_total,mts_aggregate_total,2022,43.29
pry,sex_t,ocu_skill_total,mts_aggregate_total,2023,43.44
pry,sex_t,ocu_skill_total,mts_aggregate_total,2024,43.41
pry,sex_t,ocu_skill_total,mts_aggregate_x,2020,42.37
pry,sex_t,ocu_skill_total,mts_aggregate_x,2021,42.57
pry,sex_t,ocu_skill_total,mts_details_mrd,1998,46.05
pry,sex_t,ocu_skill_total,mts_details_mrd,1999,45.23
pry,sex_t,ocu_skill_total,mts_details_mrd,2001,45.39
pry,sex_t,ocu_skill_total,mts_details_mrd,2002,47.62
pry,sex_t,ocu_skill_total,mts_details_mrd,2003,45.93
pry,sex_t,ocu_skill_total,mts_details_mrd,2004,46.71
pry,sex_t,ocu_skill_total,mts_details_mrd,2005,47.43
pry,sex_t,ocu_skill_total,mts_details_mrd,2006,47.34
pry,sex_t,ocu_skill_total,mts_details_mrd,2007,48.28
pry,sex_t,ocu_skill_total,mts_details_mrd,2008,46.55
pry,sex_t,ocu_skill_total,mts_details_mrd,2009,46.6
pry,sex_t,ocu_skill_total,mts_details_mrd,2010,45.91
pry,sex_t,ocu_skill_total,mts_details_mrd,2011,47.79
pry,sex_t,ocu_skill_total,mts_details_mrd,2012,44.83
pry,sex_t,ocu_skill_total,mts_details_mrd,2013,45.38
pry,sex_t,ocu_skill_total,mts_details_mrd,2014,45.21
pry,sex_t,ocu_skill_total,mts_details_mrd,2015,44.21
pry,sex_t,ocu_skill_total,mts_details_mrd,2016,44.73
pry,sex_t,ocu_skill_total,mts_details_mrd,2017,43.6
pry,sex_t,ocu_skill_total,mts_details_mrd,2018,42.77
pry,sex_t,ocu_skill_total,mts_details_mrd,2019,42
pry,sex_t,ocu_skill_total,mts_details_mrd,2020,42.12
pry,sex_t,ocu_skill_total,mts_details_mrd,2021,42.55
pry,sex_t,ocu_skill_total,mts_details_mrd,2022,42.2
pry,sex_t,ocu_skill_total,mts_details_mrd,2023,42.3
pry,sex_t,ocu_skill_total,mts_details_mrd,2024,42.42
pry,sex_t,ocu_skill_total,mts_details_sep,1998,43.35
pry,sex_t,ocu_skill_total,mts_details_sep,1999,43.61
pry,sex_t,ocu_skill_total,mts_details_sep,2001,45.23
pry,sex_t,ocu_skill_total,mts_details_sep,2002,48.02
pry,sex_t,ocu_skill_total,mts_details_sep,2003,41.92
pry,sex_t,ocu_skill_total,mts_details_sep,2004,44.75
pry,sex_t,ocu_skill_total,mts_details_sep,2005,46.73
pry,sex_t,ocu_skill_total,mts_details_sep,2006,41.14
pry,sex_t,ocu_skill_total,mts_details_sep,2007,43.16
pry,sex_t,ocu_skill_total,mts_details_sep,2008,44.94
pry,sex_t,ocu_skill_total,mts_details_sep,2009,40.33
pry,sex_t,ocu_skill_total,mts_details_sep,2010,50.18
pry,sex_t,ocu_skill_total,mts_details_sep,2011,47.56
pry,sex_t,ocu_skill_total,mts_details_sep,2012,43.36
pry,sex_t,ocu_skill_total,mts_details_sep,2013,43.73
pry,sex_t,ocu_skill_total,mts_details_sep,2014,41.75
pry,sex_t,ocu_skill_total,mts_details_sep,2015,41.86
pry,sex_t,ocu_skill_total,mts_details_sep,2016,43.26
pry,sex_t,ocu_skill_total,mts_details_sep,2017,41.84
pry,sex_t,ocu_skill_total,mts_details_sep,2018,41.47
pry,sex_t,ocu_skill_total,mts_details_sep,2019,40.63
pry,sex_t,ocu_skill_total,mts_details_sep,2020,39.54
pry,sex_t,ocu_skill_total,mts_details_sep,2021,39.62
pry,sex_t,ocu_skill_total,mts_details_sep,2022,40.46
pry,sex_t,ocu_skill_total,mts_details_sep,2023,39.69
pry,sex_t,ocu_skill_total,mts_details_sep,2024,40.84
pry,sex_t,ocu_skill_total,mts_details_sgle,1998,45.28
pry,sex_t,ocu_skill_total,mts_details_sgle,1999,44.38
pry,sex_t,ocu_skill_total,mts_details_sgle,2001,43.46
pry,sex_t,ocu_skill_total,mts_details_sgle,2002,46.03
pry,sex_t,ocu_skill_total,mts_details_sgle,2003,45.64
pry,sex_t,ocu_skill_total,mts_details_sgle,2004,46.3
pry,sex_t,ocu_skill_total,mts_details_sgle,2005,46.56
pry,sex_t,ocu_skill_total,mts_details_sgle,2006,48.13
pry,sex_t,ocu_skill_total,mts_details_sgle,2007,47.93
pry,sex_t,ocu_skill_total,mts_details_sgle,2008,46.57
pry,sex_t,ocu_skill_total,mts_details_sgle,2009,45.97
pry,sex_t,ocu_skill_total,mts_details_sgle,2010,46.66
pry,sex_t,ocu_skill_total,mts_details_sgle,2011,47.36
pry,sex_t,ocu_skill_total,mts_details_sgle,2012,45.42
pry,sex_t,ocu_skill_total,mts_details_sgle,2013,45.69
pry,sex_t,ocu_skill_total,mts_details_sgle,2014,45.41
pry,sex_t,ocu_skill_total,mts_details_sgle,2015,43.78
pry,sex_t,ocu_skill_total,mts_details_sgle,2016,44.34
pry,sex_t,ocu_skill_total,mts_details_sgle,2017,43.48
pry,sex_t,ocu_skill_total,mts_details_sgle,2018,42.88
pry,sex_t,ocu_skill_total,mts_details_sgle,2019,42.41
pry,sex_t,ocu_skill_total,mts_details_sgle,2020,42.55
pry,sex_t,ocu_skill_total,mts_details_sgle,2021,42.47
pry,sex_t,ocu_skill_total,mts_details_sgle,2022,43.12
pry,sex_t,ocu_skill_total,mts_details_sgle,2023,43.16
pry,sex_t,ocu_skill_total,mts_details_sgle,2024,43.04
pry,sex_t,ocu_skill_total,mts_details_total,1998,46.01
pry,sex_t,ocu_skill_total,mts_details_total,1999,45.37
pry,sex_t,ocu_skill_total,mts_details_total,2001,44.55
pry,sex_t,ocu_skill_total,mts_details_total,2002,47.05
pry,sex_t,ocu_skill_total,mts_details_total,2003,46.24
pry,sex_t,ocu_skill_total,mts_details_total,2004,46.96
pry,sex_t,ocu_skill_total,mts_details_total,2005,47.52
pry,sex_t,ocu_skill_total,mts_details_total,2006,48.71
pry,sex_t,ocu_skill_total,mts_details_total,2007,48.37
pry,sex_t,ocu_skill_total,mts_details_total,2008,47.12
pry,sex_t,ocu_skill_total,mts_details_total,2009,46.82
pry,sex_t,ocu_skill_total,mts_details_total,2010,47.17
pry,sex_t,ocu_skill_total,mts_details_total,2011,48.15
pry,sex_t,ocu_skill_total,mts_details_total,2012,46.16
pry,sex_t,ocu_skill_total,mts_details_total,2013,46.11
pry,sex_t,ocu_skill_total,mts_details_total,2014,46.03
pry,sex_t,ocu_skill_total,mts_details_total,2015,44.67
pry,sex_t,ocu_skill_total,mts_details_total,2016,45.34
pry,sex_t,ocu_skill_total,mts_details_total,2017,44.26
pry,sex_t,ocu_skill_total,mts_details_total,2018,43.5
pry,sex_t,ocu_skill_total,mts_details_total,2019,43.01
pry,sex_t,ocu_skill_total,mts_details_total,2020,42.46
pry,sex_t,ocu_skill_total,mts_details_total,2021,43.03
pry,sex_t,ocu_skill_total,mts_details_total,2022,43.29
pry,sex_t,ocu_skill_total,mts_details_total,2023,43.44
pry,sex_t,ocu_skill_total,mts_details_total,2024,43.41
pry,sex_t,ocu_skill_total,mts_details_union,1998,48.45
pry,sex_t,ocu_skill_total,mts_details_union,1999,48.65
pry,sex_t,ocu_skill_total,mts_details_union,2001,45.95
pry,sex_t,ocu_skill_total,mts_details_union,2002,48.3
pry,sex_t,ocu_skill_total,mts_details_union,2003,49.5
pry,sex_t,ocu_skill_total,mts_details_union,2004,49.85
pry,sex_t,ocu_skill_total,mts_details_union,2005,50.18
pry,sex_t,ocu_skill_total,mts_details_union,2006,53.41
pry,sex_t,ocu_skill_total,mts_details_union,2007,50.51
pry,sex_t,ocu_skill_total,mts_details_union,2008,49.59
pry,sex_t,ocu_skill_total,mts_details_union,2009,50.1
pry,sex_t,ocu_skill_total,mts_details_union,2010,49.92
pry,sex_t,ocu_skill_total,mts_details_union,2011,50.79
pry,sex_t,ocu_skill_total,mts_details_union,2012,49.88
pry,sex_t,ocu_skill_total,mts_details_union,2013,48.79
pry,sex_t,ocu_skill_total,mts_details_union,2014,49.32
pry,sex_t,ocu_skill_total,mts_details_union,2015,47.57
pry,sex_t,ocu_skill_total,mts_details_union,2016,47.66
pry,sex_t,ocu_skill_total,mts_details_union,2017,46.41
pry,sex_t,ocu_skill_total,mts_details_union,2018,45.41
pry,sex_t,ocu_skill_total,mts_details_union,2019,45.23
pry,sex_t,ocu_skill_total,mts_details_union,2020,43.93
pry,sex_t,ocu_skill_total,mts_details_union,2021,45.25
pry,sex_t,ocu_skill_total,mts_details_union,2022,44.92
pry,sex_t,ocu_skill_total,mts_details_union,2023,45.37
pry,sex_t,ocu_skill_total,mts_details_union,2024,45.39
pry,sex_t,ocu_skill_total,mts_details_wid,1998,41.02
pry,sex_t,ocu_skill_total,mts_details_wid,1999,44.09
pry,sex_t,ocu_skill_total,mts_details_wid,2001,36.8
pry,sex_t,ocu_skill_total,mts_details_wid,2002,43.81
pry,sex_t,ocu_skill_total,mts_details_wid,2003,41.23
pry,sex_t,ocu_skill_total,mts_details_wid,2004,36
pry,sex_t,ocu_skill_total,mts_details_wid,2005,45.62
pry,sex_t,ocu_skill_total,mts_details_wid,2006,42.19
pry,sex_t,ocu_skill_total,mts_details_wid,2007,41.13
pry,sex_t,ocu_skill_total,mts_details_wid,2008,42.42
pry,sex_t,ocu_skill_total,mts_details_wid,2009,41.89
pry,sex_t,ocu_skill_total,mts_details_wid,2010,40.25
pry,sex_t,ocu_skill_total,mts_details_wid,2011,44.18
pry,sex_t,ocu_skill_total,mts_details_wid,2012,40.35
pry,sex_t,ocu_skill_total,mts_details_wid,2013,37.86
pry,sex_t,ocu_skill_total,mts_details_wid,2014,39.34
pry,sex_t,ocu_skill_total,mts_details_wid,2015,40.23
pry,sex_t,ocu_skill_total,mts_details_wid,2016,42.02
pry,sex_t,ocu_skill_total,mts_details_wid,2017,40.18
pry,sex_t,ocu_skill_total,mts_details_wid,2018,39.57
pry,sex_t,ocu_skill_total,mts_details_wid,2019,36.01
pry,sex_t,ocu_skill_total,mts_details_wid,2020,34.56
pry,sex_t,ocu_skill_total,mts_details_wid,2021,36.67
pry,sex_t,ocu_skill_total,mts_details_wid,2022,36.83
pry,sex_t,ocu_skill_total,mts_details_wid,2023,39.13
pry,sex_t,ocu_skill_total,mts_details_wid,2024,37.55
pry,sex_t,ocu_skill_total,mts_details_x,2020,42.37
pry,sex_t,ocu_skill_total,mts_details_x,2021,42.57
pry,sex_t,ocu_skill_x,mts_aggregate_1,2003,70.68
pry,sex_t,ocu_skill_x,mts_aggregate_1,2015,42.4
pry,sex_t,ocu_skill_x,mts_aggregate_1,2017,50.09
pry,sex_t,ocu_skill_x,mts_aggregate_1,2018,40.89
pry,sex_t,ocu_skill_x,mts_aggregate_1,2019,49.22
pry,sex_t,ocu_skill_x,mts_aggregate_1,2020,45.59
pry,sex_t,ocu_skill_x,mts_aggregate_1,2021,42.22
pry,sex_t,ocu_skill_x,mts_aggregate_1,2022,54.88
pry,sex_t,ocu_skill_x,mts_aggregate_1,2023,44.83
pry,sex_t,ocu_skill_x,mts_aggregate_1,2024,48.71
pry,sex_t,ocu_skill_x,mts_aggregate_2,2001,50.65
pry,sex_t,ocu_skill_x,mts_aggregate_2,2002,62.85
pry,sex_t,ocu_skill_x,mts_aggregate_2,2003,74.07
pry,sex_t,ocu_skill_x,mts_aggregate_2,2004,62.75
pry,sex_t,ocu_skill_x,mts_aggregate_2,2005,56.1
pry,sex_t,ocu_skill_x,mts_aggregate_2,2007,47.67
pry,sex_t,ocu_skill_x,mts_aggregate_2,2008,67.67
pry,sex_t,ocu_skill_x,mts_aggregate_2,2010,57.95
pry,sex_t,ocu_skill_x,mts_aggregate_2,2011,55.51
pry,sex_t,ocu_skill_x,mts_aggregate_2,2012,59.12
pry,sex_t,ocu_skill_x,mts_aggregate_2,2013,55.53
pry,sex_t,ocu_skill_x,mts_aggregate_2,2014,55.51
pry,sex_t,ocu_skill_x,mts_aggregate_2,2015,44.92
pry,sex_t,ocu_skill_x,mts_aggregate_2,2016,57.49
pry,sex_t,ocu_skill_x,mts_aggregate_2,2017,51.24
pry,sex_t,ocu_skill_x,mts_aggregate_2,2018,51.85
pry,sex_t,ocu_skill_x,mts_aggregate_2,2019,50.5
pry,sex_t,ocu_skill_x,mts_aggregate_2,2020,50.82
pry,sex_t,ocu_skill_x,mts_aggregate_2,2021,51.14
pry,sex_t,ocu_skill_x,mts_aggregate_2,2022,51.47
pry,sex_t,ocu_skill_x,mts_aggregate_2,2023,53.92
pry,sex_t,ocu_skill_x,mts_aggregate_2,2024,49.06
pry,sex_t,ocu_skill_x,mts_aggregate_total,2001,50.44
pry,sex_t,ocu_skill_x,mts_aggregate_total,2002,60.4
pry,sex_t,ocu_skill_x,mts_aggregate_total,2003,72.72
pry,sex_t,ocu_skill_x,mts_aggregate_total,2004,62.75
pry,sex_t,ocu_skill_x,mts_aggregate_total,2005,56.1
pry,sex_t,ocu_skill_x,mts_aggregate_total,2006,48.67
pry,sex_t,ocu_skill_x,mts_aggregate_total,2007,49.89
pry,sex_t,ocu_skill_x,mts_aggregate_total,2008,70.32
pry,sex_t,ocu_skill_x,mts_aggregate_total,2010,57.99
pry,sex_t,ocu_skill_x,mts_aggregate_total,2011,63.87
pry,sex_t,ocu_skill_x,mts_aggregate_total,2012,58.45
pry,sex_t,ocu_skill_x,mts_aggregate_total,2013,57.06
pry,sex_t,ocu_skill_x,mts_aggregate_total,2014,52.48
pry,sex_t,ocu_skill_x,mts_aggregate_total,2015,44.58
pry,sex_t,ocu_skill_x,mts_aggregate_total,2016,55.16
pry,sex_t,ocu_skill_x,mts_aggregate_total,2017,50.89
pry,sex_t,ocu_skill_x,mts_aggregate_total,2018,50.35
pry,sex_t,ocu_skill_x,mts_aggregate_total,2019,50.23
pry,sex_t,ocu_skill_x,mts_aggregate_total,2020,48.55
pry,sex_t,ocu_skill_x,mts_aggregate_total,2021,47.96
pry,sex_t,ocu_skill_x,mts_aggregate_total,2022,52.33
pry,sex_t,ocu_skill_x,mts_aggregate_total,2023,52.95
pry,sex_t,ocu_skill_x,mts_aggregate_total,2024,49.02
pry,sex_t,ocu_skill_x,mts_aggregate_x,2020,48.36
pry,sex_t,ocu_skill_x,mts_aggregate_x,2021,47.62
pry,sex_t,ocu_skill_x,mts_details_mrd,2001,50.84
pry,sex_t,ocu_skill_x,mts_details_mrd,2002,62.85
pry,sex_t,ocu_skill_x,mts_details_mrd,2003,74.07
pry,sex_t,ocu_skill_x,mts_details_mrd,2004,62.75
pry,sex_t,ocu_skill_x,mts_details_mrd,2005,56.1
pry,sex_t,ocu_skill_x,mts_details_mrd,2007,48.15
pry,sex_t,ocu_skill_x,mts_details_mrd,2008,73.87
pry,sex_t,ocu_skill_x,mts_details_mrd,2010,57.95
pry,sex_t,ocu_skill_x,mts_details_mrd,2011,48.54
pry,sex_t,ocu_skill_x,mts_details_mrd,2012,59.12
pry,sex_t,ocu_skill_x,mts_details_mrd,2013,56.1
pry,sex_t,ocu_skill_x,mts_details_mrd,2014,57.45
pry,sex_t,ocu_skill_x,mts_details_mrd,2015,43.72
pry,sex_t,ocu_skill_x,mts_details_mrd,2016,56.2
pry,sex_t,ocu_skill_x,mts_details_mrd,2017,47.49
pry,sex_t,ocu_skill_x,mts_details_mrd,2018,49.46
pry,sex_t,ocu_skill_x,mts_details_mrd,2019,50.02
pry,sex_t,ocu_skill_x,mts_details_mrd,2020,52.03
pry,sex_t,ocu_skill_x,mts_details_mrd,2021,51.13
pry,sex_t,ocu_skill_x,mts_details_mrd,2022,51.54
pry,sex_t,ocu_skill_x,mts_details_mrd,2023,50.73
pry,sex_t,ocu_skill_x,mts_details_mrd,2024,50.14
pry,sex_t,ocu_skill_x,mts_details_sgle,2003,70.68
pry,sex_t,ocu_skill_x,mts_details_sgle,2017,50.09
pry,sex_t,ocu_skill_x,mts_details_sgle,2018,40.89
pry,sex_t,ocu_skill_x,mts_details_sgle,2019,49.22
pry,sex_t,ocu_skill_x,mts_details_sgle,2020,45.59
pry,sex_t,ocu_skill_x,mts_details_sgle,2021,42.22
pry,sex_t,ocu_skill_x,mts_details_sgle,2022,55.23
pry,sex_t,ocu_skill_x,mts_details_sgle,2023,44.83
pry,sex_t,ocu_skill_x,mts_details_sgle,2024,48.71
pry,sex_t,ocu_skill_x,mts_details_total,2001,50.44
pry,sex_t,ocu_skill_x,mts_details_total,2002,60.4
pry,sex_t,ocu_skill_x,mts_details_total,2003,72.72
pry,sex_t,ocu_skill_x,mts_details_total,2004,62.75
pry,sex_t,ocu_skill_x,mts_details_total,2005,56.1
pry,sex_t,ocu_skill_x,mts_details_total,2006,48.67
pry,sex_t,ocu_skill_x,mts_details_total,2007,49.89
pry,sex_t,ocu_skill_x,mts_details_total,2008,70.32
pry,sex_t,ocu_skill_x,mts_details_total,2010,57.99
pry,sex_t,ocu_skill_x,mts_details_total,2011,63.87
pry,sex_t,ocu_skill_x,mts_details_total,2012,58.45
pry,sex_t,ocu_skill_x,mts_details_total,2013,57.06
pry,sex_t,ocu_skill_x,mts_details_total,2014,52.48
pry,sex_t,ocu_skill_x,mts_details_total,2015,44.58
pry,sex_t,ocu_skill_x,mts_details_total,2016,55.16
pry,sex_t,ocu_skill_x,mts_details_total,2017,50.89
pry,sex_t,ocu_skill_x,mts_details_total,2018,50.35
pry,sex_t,ocu_skill_x,mts_details_total,2019,50.23
pry,sex_t,ocu_skill_x,mts_details_total,2020,48.55
pry,sex_t,ocu_skill_x,mts_details_total,2021,47.96
pry,sex_t,ocu_skill_x,mts_details_total,2022,52.33
pry,sex_t,ocu_skill_x,mts_details_total,2023,52.95
pry,sex_t,ocu_skill_x,mts_details_total,2024,49.02
pry,sex_t,ocu_skill_x,mts_details_union,2015,47.42
pry,sex_t,ocu_skill_x,mts_details_union,2016,58.37
pry,sex_t,ocu_skill_x,mts_details_union,2017,56.83
pry,sex_t,ocu_skill_x,mts_details_union,2018,55.11
pry,sex_t,ocu_skill_x,mts_details_union,2019,51.89
pry,sex_t,ocu_skill_x,mts_details_union,2021,51.15
pry,sex_t,ocu_skill_x,mts_details_union,2022,51.43
pry,sex_t,ocu_skill_x,mts_details_union,2023,57.44
pry,sex_t,ocu_skill_x,mts_details_union,2024,46.36
pry,sex_t,ocu_skill_x,mts_details_x,2020,48.36
pry,sex_t,ocu_skill_x,mts_details_x,2021,47.62
