ref_area,sex,classif1,time,ees_tees_sex_age_nb
phl,sex_f,age_10yrbands_total,2001,5425.895
phl,sex_f,age_10yrbands_total,2003,5767.779
phl,sex_f,age_10yrbands_total,2004,6070.894
phl,sex_f,age_10yrbands_total,2005,6152.109
phl,sex_f,age_10yrbands_total,2006,6321.73
phl,sex_f,age_10yrbands_total,2007,6639.147
phl,sex_f,age_10yrbands_total,2008,6726.362
phl,sex_f,age_10yrbands_total,2009,7068.69
phl,sex_f,age_10yrbands_total,2010,7459.339
phl,sex_f,age_10yrbands_total,2011,7753.011
phl,sex_f,age_10yrbands_total,2012,8016.972
phl,sex_f,age_10yrbands_total,2013,8319.649
phl,sex_f,age_10yrbands_total,2014,8294.527
phl,sex_f,age_10yrbands_total,2015,8766.031
phl,sex_f,age_10yrbands_total,2016,9211.185
phl,sex_f,age_10yrbands_total,2017,9052.78
phl,sex_f,age_10yrbands_total,2018,9448.482
phl,sex_f,age_10yrbands_total,2019,9938.36
phl,sex_f,age_10yrbands_total,2020,8961.882
phl,sex_f,age_10yrbands_total,2021,9346.305
phl,sex_f,age_10yrbands_total,2022,10756.923
phl,sex_f,age_10yrbands_y15_24,2001,1543.638
phl,sex_f,age_10yrbands_y15_24,2003,1586.479
phl,sex_f,age_10yrbands_y15_24,2004,1659.585
phl,sex_f,age_10yrbands_y15_24,2005,1690.605
phl,sex_f,age_10yrbands_y15_24,2006,1755.676
phl,sex_f,age_10yrbands_y15_24,2007,1786.17
phl,sex_f,age_10yrbands_y15_24,2008,1748.902
phl,sex_f,age_10yrbands_y15_24,2009,1799.247
phl,sex_f,age_10yrbands_y15_24,2010,1865.136
phl,sex_f,age_10yrbands_y15_24,2011,1930.242
phl,sex_f,age_10yrbands_y15_24,2012,1958.68
phl,sex_f,age_10yrbands_y15_24,2013,1995.895
phl,sex_f,age_10yrbands_y15_24,2014,1981.368
phl,sex_f,age_10yrbands_y15_24,2015,2041.024
phl,sex_f,age_10yrbands_y15_24,2016,2023.258
phl,sex_f,age_10yrbands_y15_24,2017,1881.877
phl,sex_f,age_10yrbands_y15_24,2018,1869.661
phl,sex_f,age_10yrbands_y15_24,2019,1840.561
phl,sex_f,age_10yrbands_y15_24,2020,1478.873
phl,sex_f,age_10yrbands_y15_24,2021,1441.806
phl,sex_f,age_10yrbands_y15_24,2022,1493.934
phl,sex_f,age_10yrbands_y25_34,2001,1353.864
phl,sex_f,age_10yrbands_y25_34,2003,1573.653
phl,sex_f,age_10yrbands_y25_34,2004,1788.566
phl,sex_f,age_10yrbands_y25_34,2005,1827.374
phl,sex_f,age_10yrbands_y25_34,2006,1851.103
phl,sex_f,age_10yrbands_y25_34,2007,1953.488
phl,sex_f,age_10yrbands_y25_34,2008,2017.165
phl,sex_f,age_10yrbands_y25_34,2009,2127.65
phl,sex_f,age_10yrbands_y25_34,2010,2252.783
phl,sex_f,age_10yrbands_y25_34,2011,2330.078
phl,sex_f,age_10yrbands_y25_34,2012,2402.732
phl,sex_f,age_10yrbands_y25_34,2013,2487.734
phl,sex_f,age_10yrbands_y25_34,2014,2504.455
phl,sex_f,age_10yrbands_y25_34,2015,2690.973
phl,sex_f,age_10yrbands_y25_34,2016,2689.407
phl,sex_f,age_10yrbands_y25_34,2017,2736.856
phl,sex_f,age_10yrbands_y25_34,2018,2832
phl,sex_f,age_10yrbands_y25_34,2019,3086.421
phl,sex_f,age_10yrbands_y25_34,2020,2856.961
phl,sex_f,age_10yrbands_y25_34,2021,3046.822
phl,sex_f,age_10yrbands_y25_34,2022,3579.541
phl,sex_f,age_10yrbands_y35_44,2001,1224.599
phl,sex_f,age_10yrbands_y35_44,2003,1267.912
phl,sex_f,age_10yrbands_y35_44,2004,1311.108
phl,sex_f,age_10yrbands_y35_44,2005,1335.088
phl,sex_f,age_10yrbands_y35_44,2006,1351.061
phl,sex_f,age_10yrbands_y35_44,2007,1424.351
phl,sex_f,age_10yrbands_y35_44,2008,1459.804
phl,sex_f,age_10yrbands_y35_44,2009,1513.483
phl,sex_f,age_10yrbands_y35_44,2010,1588.868
phl,sex_f,age_10yrbands_y35_44,2011,1651.454
phl,sex_f,age_10yrbands_y35_44,2012,1743.398
phl,sex_f,age_10yrbands_y35_44,2013,1824.775
phl,sex_f,age_10yrbands_y35_44,2014,1829.194
phl,sex_f,age_10yrbands_y35_44,2015,1919.297
phl,sex_f,age_10yrbands_y35_44,2016,2083.686
phl,sex_f,age_10yrbands_y35_44,2017,2030.186
phl,sex_f,age_10yrbands_y35_44,2018,2166.103
phl,sex_f,age_10yrbands_y35_44,2019,2316.678
phl,sex_f,age_10yrbands_y35_44,2020,2110.747
phl,sex_f,age_10yrbands_y35_44,2021,2216.364
phl,sex_f,age_10yrbands_y35_44,2022,2568.186
phl,sex_f,age_10yrbands_y45_54,2001,856.008
phl,sex_f,age_10yrbands_y45_54,2003,873.86
phl,sex_f,age_10yrbands_y45_54,2004,845.934
phl,sex_f,age_10yrbands_y45_54,2005,835.678
phl,sex_f,age_10yrbands_y45_54,2006,908.977
phl,sex_f,age_10yrbands_y45_54,2007,963.614
phl,sex_f,age_10yrbands_y45_54,2008,982.456
phl,sex_f,age_10yrbands_y45_54,2009,1062.246
phl,sex_f,age_10yrbands_y45_54,2010,1137.063
phl,sex_f,age_10yrbands_y45_54,2011,1190.635
phl,sex_f,age_10yrbands_y45_54,2012,1231.045
phl,sex_f,age_10yrbands_y45_54,2013,1305.217
phl,sex_f,age_10yrbands_y45_54,2014,1284.666
phl,sex_f,age_10yrbands_y45_54,2015,1365.048
phl,sex_f,age_10yrbands_y45_54,2016,1496.311
phl,sex_f,age_10yrbands_y45_54,2017,1499.915
phl,sex_f,age_10yrbands_y45_54,2018,1597.889
phl,sex_f,age_10yrbands_y45_54,2019,1642.239
phl,sex_f,age_10yrbands_y45_54,2020,1546.12
phl,sex_f,age_10yrbands_y45_54,2021,1607.408
phl,sex_f,age_10yrbands_y45_54,2022,1885.385
phl,sex_f,age_10yrbands_y55_64,2001,365.292
phl,sex_f,age_10yrbands_y55_64,2003,376.759
phl,sex_f,age_10yrbands_y55_64,2004,385.667
phl,sex_f,age_10yrbands_y55_64,2005,384.31
phl,sex_f,age_10yrbands_y55_64,2006,377.15
phl,sex_f,age_10yrbands_y55_64,2007,418.394
phl,sex_f,age_10yrbands_y55_64,2008,432.27
phl,sex_f,age_10yrbands_y55_64,2009,473.034
phl,sex_f,age_10yrbands_y55_64,2010,516.793
phl,sex_f,age_10yrbands_y55_64,2011,547.145
phl,sex_f,age_10yrbands_y55_64,2012,568.197
phl,sex_f,age_10yrbands_y55_64,2013,592.073
phl,sex_f,age_10yrbands_y55_64,2014,575.426
phl,sex_f,age_10yrbands_y55_64,2015,617.233
phl,sex_f,age_10yrbands_y55_64,2016,749.745
phl,sex_f,age_10yrbands_y55_64,2017,748.508
phl,sex_f,age_10yrbands_y55_64,2018,777.707
phl,sex_f,age_10yrbands_y55_64,2019,835.866
phl,sex_f,age_10yrbands_y55_64,2020,796.627
phl,sex_f,age_10yrbands_y55_64,2021,826.809
phl,sex_f,age_10yrbands_y55_64,2022,964.546
phl,sex_f,age_10yrbands_yge65,2001,82.495
phl,sex_f,age_10yrbands_yge65,2003,89.115
phl,sex_f,age_10yrbands_yge65,2004,80.034
phl,sex_f,age_10yrbands_yge65,2005,79.054
phl,sex_f,age_10yrbands_yge65,2006,77.763
phl,sex_f,age_10yrbands_yge65,2007,93.129
phl,sex_f,age_10yrbands_yge65,2008,85.765
phl,sex_f,age_10yrbands_yge65,2009,93.03
phl,sex_f,age_10yrbands_yge65,2010,98.698
phl,sex_f,age_10yrbands_yge65,2011,103.456
phl,sex_f,age_10yrbands_yge65,2012,112.92
phl,sex_f,age_10yrbands_yge65,2013,113.954
phl,sex_f,age_10yrbands_yge65,2014,119.418
phl,sex_f,age_10yrbands_yge65,2015,132.455
phl,sex_f,age_10yrbands_yge65,2016,168.778
phl,sex_f,age_10yrbands_yge65,2017,155.438
phl,sex_f,age_10yrbands_yge65,2018,205.122
phl,sex_f,age_10yrbands_yge65,2019,216.595
phl,sex_f,age_10yrbands_yge65,2020,172.554
phl,sex_f,age_10yrbands_yge65,2021,207.096
phl,sex_f,age_10yrbands_yge65,2022,265.331
phl,sex_f,age_5yrbands_total,2001,5425.895
phl,sex_f,age_5yrbands_total,2003,5767.779
phl,sex_f,age_5yrbands_total,2004,6070.894
phl,sex_f,age_5yrbands_total,2005,6152.109
phl,sex_f,age_5yrbands_total,2006,6321.73
phl,sex_f,age_5yrbands_total,2007,6639.147
phl,sex_f,age_5yrbands_total,2008,6726.362
phl,sex_f,age_5yrbands_total,2009,7068.69
phl,sex_f,age_5yrbands_total,2010,7459.339
phl,sex_f,age_5yrbands_total,2011,7753.011
phl,sex_f,age_5yrbands_total,2012,8016.972
phl,sex_f,age_5yrbands_total,2013,8319.649
phl,sex_f,age_5yrbands_total,2014,8294.527
phl,sex_f,age_5yrbands_total,2015,8766.031
phl,sex_f,age_5yrbands_total,2016,9211.185
phl,sex_f,age_5yrbands_total,2017,9052.78
phl,sex_f,age_5yrbands_total,2018,9448.482
phl,sex_f,age_5yrbands_total,2019,9938.36
phl,sex_f,age_5yrbands_total,2020,8961.882
phl,sex_f,age_5yrbands_total,2021,9346.305
phl,sex_f,age_5yrbands_total,2022,10756.923
phl,sex_f,age_5yrbands_y15_19,2001,567.381
phl,sex_f,age_5yrbands_y15_19,2003,582.071
phl,sex_f,age_5yrbands_y15_19,2004,615.601
phl,sex_f,age_5yrbands_y15_19,2005,622.191
phl,sex_f,age_5yrbands_y15_19,2006,683.231
phl,sex_f,age_5yrbands_y15_19,2007,693.806
phl,sex_f,age_5yrbands_y15_19,2008,681.301
phl,sex_f,age_5yrbands_y15_19,2009,696.708
phl,sex_f,age_5yrbands_y15_19,2010,682.85
phl,sex_f,age_5yrbands_y15_19,2011,674.036
phl,sex_f,age_5yrbands_y15_19,2012,682.339
phl,sex_f,age_5yrbands_y15_19,2013,627.15
phl,sex_f,age_5yrbands_y15_19,2014,592.16
phl,sex_f,age_5yrbands_y15_19,2015,573.69
phl,sex_f,age_5yrbands_y15_19,2016,521.063
phl,sex_f,age_5yrbands_y15_19,2017,385.064
phl,sex_f,age_5yrbands_y15_19,2018,345.452
phl,sex_f,age_5yrbands_y15_19,2019,297.194
phl,sex_f,age_5yrbands_y15_19,2020,211.055
phl,sex_f,age_5yrbands_y15_19,2021,261.175
phl,sex_f,age_5yrbands_y15_19,2022,268.151
phl,sex_f,age_5yrbands_y20_24,2001,976.257
phl,sex_f,age_5yrbands_y20_24,2003,1004.408
phl,sex_f,age_5yrbands_y20_24,2004,1043.984
phl,sex_f,age_5yrbands_y20_24,2005,1068.414
phl,sex_f,age_5yrbands_y20_24,2006,1072.445
phl,sex_f,age_5yrbands_y20_24,2007,1092.364
phl,sex_f,age_5yrbands_y20_24,2008,1067.601
phl,sex_f,age_5yrbands_y20_24,2009,1102.539
phl,sex_f,age_5yrbands_y20_24,2010,1182.286
phl,sex_f,age_5yrbands_y20_24,2011,1256.206
phl,sex_f,age_5yrbands_y20_24,2012,1276.341
phl,sex_f,age_5yrbands_y20_24,2013,1368.746
phl,sex_f,age_5yrbands_y20_24,2014,1389.208
phl,sex_f,age_5yrbands_y20_24,2015,1467.334
phl,sex_f,age_5yrbands_y20_24,2016,1502.195
phl,sex_f,age_5yrbands_y20_24,2017,1496.813
phl,sex_f,age_5yrbands_y20_24,2018,1524.209
phl,sex_f,age_5yrbands_y20_24,2019,1543.366
phl,sex_f,age_5yrbands_y20_24,2020,1267.819
phl,sex_f,age_5yrbands_y20_24,2021,1180.631
phl,sex_f,age_5yrbands_y20_24,2022,1225.783
phl,sex_f,age_5yrbands_y25_29,2001,723.27
phl,sex_f,age_5yrbands_y25_29,2003,836.162
phl,sex_f,age_5yrbands_y25_29,2004,943.744
phl,sex_f,age_5yrbands_y25_29,2005,1006.83
phl,sex_f,age_5yrbands_y25_29,2006,1019.348
phl,sex_f,age_5yrbands_y25_29,2007,1095.835
phl,sex_f,age_5yrbands_y25_29,2008,1126.781
phl,sex_f,age_5yrbands_y25_29,2009,1143.023
phl,sex_f,age_5yrbands_y25_29,2010,1208.359
phl,sex_f,age_5yrbands_y25_29,2011,1249.196
phl,sex_f,age_5yrbands_y25_29,2012,1291.783
phl,sex_f,age_5yrbands_y25_29,2013,1326.139
phl,sex_f,age_5yrbands_y25_29,2014,1348.732
phl,sex_f,age_5yrbands_y25_29,2015,1488.8
phl,sex_f,age_5yrbands_y25_29,2016,1473.456
phl,sex_f,age_5yrbands_y25_29,2017,1564.486
phl,sex_f,age_5yrbands_y25_29,2018,1548.296
phl,sex_f,age_5yrbands_y25_29,2019,1716.016
phl,sex_f,age_5yrbands_y25_29,2020,1574.864
phl,sex_f,age_5yrbands_y25_29,2021,1650.747
phl,sex_f,age_5yrbands_y25_29,2022,1987.86
phl,sex_f,age_5yrbands_y30_34,2001,630.594
phl,sex_f,age_5yrbands_y30_34,2003,737.491
phl,sex_f,age_5yrbands_y30_34,2004,844.822
phl,sex_f,age_5yrbands_y30_34,2005,820.544
phl,sex_f,age_5yrbands_y30_34,2006,831.756
phl,sex_f,age_5yrbands_y30_34,2007,857.653
phl,sex_f,age_5yrbands_y30_34,2008,890.384
phl,sex_f,age_5yrbands_y30_34,2009,984.627
phl,sex_f,age_5yrbands_y30_34,2010,1044.424
phl,sex_f,age_5yrbands_y30_34,2011,1080.883
phl,sex_f,age_5yrbands_y30_34,2012,1110.95
phl,sex_f,age_5yrbands_y30_34,2013,1161.595
phl,sex_f,age_5yrbands_y30_34,2014,1155.723
phl,sex_f,age_5yrbands_y30_34,2015,1202.173
phl,sex_f,age_5yrbands_y30_34,2016,1215.951
phl,sex_f,age_5yrbands_y30_34,2017,1172.37
phl,sex_f,age_5yrbands_y30_34,2018,1283.705
phl,sex_f,age_5yrbands_y30_34,2019,1370.405
phl,sex_f,age_5yrbands_y30_34,2020,1282.097
phl,sex_f,age_5yrbands_y30_34,2021,1396.075
phl,sex_f,age_5yrbands_y30_34,2022,1591.681
phl,sex_f,age_5yrbands_y35_39,2001,633.579
phl,sex_f,age_5yrbands_y35_39,2003,661.381
phl,sex_f,age_5yrbands_y35_39,2004,686.566
phl,sex_f,age_5yrbands_y35_39,2005,713.694
phl,sex_f,age_5yrbands_y35_39,2006,705.006
phl,sex_f,age_5yrbands_y35_39,2007,741.848
phl,sex_f,age_5yrbands_y35_39,2008,750.682
phl,sex_f,age_5yrbands_y35_39,2009,784.14
phl,sex_f,age_5yrbands_y35_39,2010,800.578
phl,sex_f,age_5yrbands_y35_39,2011,826.686
phl,sex_f,age_5yrbands_y35_39,2012,859.135
phl,sex_f,age_5yrbands_y35_39,2013,902.7
phl,sex_f,age_5yrbands_y35_39,2014,906.178
phl,sex_f,age_5yrbands_y35_39,2015,986.519
phl,sex_f,age_5yrbands_y35_39,2016,1119.64
phl,sex_f,age_5yrbands_y35_39,2017,1081.524
phl,sex_f,age_5yrbands_y35_39,2018,1137.472
phl,sex_f,age_5yrbands_y35_39,2019,1237.774
phl,sex_f,age_5yrbands_y35_39,2020,1093.441
phl,sex_f,age_5yrbands_y35_39,2021,1128.129
phl,sex_f,age_5yrbands_y35_39,2022,1290.276
phl,sex_f,age_5yrbands_y40_44,2001,591.019
phl,sex_f,age_5yrbands_y40_44,2003,606.531
phl,sex_f,age_5yrbands_y40_44,2004,624.542
phl,sex_f,age_5yrbands_y40_44,2005,621.394
phl,sex_f,age_5yrbands_y40_44,2006,646.054
phl,sex_f,age_5yrbands_y40_44,2007,682.502
phl,sex_f,age_5yrbands_y40_44,2008,709.121
phl,sex_f,age_5yrbands_y40_44,2009,729.342
phl,sex_f,age_5yrbands_y40_44,2010,788.29
phl,sex_f,age_5yrbands_y40_44,2011,824.768
phl,sex_f,age_5yrbands_y40_44,2012,884.263
phl,sex_f,age_5yrbands_y40_44,2013,922.075
phl,sex_f,age_5yrbands_y40_44,2014,923.016
phl,sex_f,age_5yrbands_y40_44,2015,932.778
phl,sex_f,age_5yrbands_y40_44,2016,964.045
phl,sex_f,age_5yrbands_y40_44,2017,948.662
phl,sex_f,age_5yrbands_y40_44,2018,1028.631
phl,sex_f,age_5yrbands_y40_44,2019,1078.904
phl,sex_f,age_5yrbands_y40_44,2020,1017.306
phl,sex_f,age_5yrbands_y40_44,2021,1088.235
phl,sex_f,age_5yrbands_y40_44,2022,1277.909
phl,sex_f,age_5yrbands_y45_49,2001,482.423
phl,sex_f,age_5yrbands_y45_49,2003,492.836
phl,sex_f,age_5yrbands_y45_49,2004,469.972
phl,sex_f,age_5yrbands_y45_49,2005,469.401
phl,sex_f,age_5yrbands_y45_49,2006,509.212
phl,sex_f,age_5yrbands_y45_49,2007,547.909
phl,sex_f,age_5yrbands_y45_49,2008,560.93
phl,sex_f,age_5yrbands_y45_49,2009,598.364
phl,sex_f,age_5yrbands_y45_49,2010,627.049
phl,sex_f,age_5yrbands_y45_49,2011,656.988
phl,sex_f,age_5yrbands_y45_49,2012,667.997
phl,sex_f,age_5yrbands_y45_49,2013,697.865
phl,sex_f,age_5yrbands_y45_49,2014,704.199
phl,sex_f,age_5yrbands_y45_49,2015,737.455
phl,sex_f,age_5yrbands_y45_49,2016,811.76
phl,sex_f,age_5yrbands_y45_49,2017,829.5
phl,sex_f,age_5yrbands_y45_49,2018,878.753
phl,sex_f,age_5yrbands_y45_49,2019,895.838
phl,sex_f,age_5yrbands_y45_49,2020,835.326
phl,sex_f,age_5yrbands_y45_49,2021,871.921
phl,sex_f,age_5yrbands_y45_49,2022,1023.64
phl,sex_f,age_5yrbands_y50_54,2001,373.584
phl,sex_f,age_5yrbands_y50_54,2003,381.024
phl,sex_f,age_5yrbands_y50_54,2004,375.962
phl,sex_f,age_5yrbands_y50_54,2005,366.277
phl,sex_f,age_5yrbands_y50_54,2006,399.766
phl,sex_f,age_5yrbands_y50_54,2007,415.705
phl,sex_f,age_5yrbands_y50_54,2008,421.525
phl,sex_f,age_5yrbands_y50_54,2009,463.881
phl,sex_f,age_5yrbands_y50_54,2010,510.013
phl,sex_f,age_5yrbands_y50_54,2011,533.648
phl,sex_f,age_5yrbands_y50_54,2012,563.047
phl,sex_f,age_5yrbands_y50_54,2013,607.352
phl,sex_f,age_5yrbands_y50_54,2014,580.468
phl,sex_f,age_5yrbands_y50_54,2015,627.593
phl,sex_f,age_5yrbands_y50_54,2016,684.551
phl,sex_f,age_5yrbands_y50_54,2017,670.415
phl,sex_f,age_5yrbands_y50_54,2018,719.136
phl,sex_f,age_5yrbands_y50_54,2019,746.401
phl,sex_f,age_5yrbands_y50_54,2020,710.794
phl,sex_f,age_5yrbands_y50_54,2021,735.486
phl,sex_f,age_5yrbands_y50_54,2022,861.745
phl,sex_f,age_5yrbands_y55_59,2001,238.364
phl,sex_f,age_5yrbands_y55_59,2003,234.831
phl,sex_f,age_5yrbands_y55_59,2004,257.105
phl,sex_f,age_5yrbands_y55_59,2005,266.149
phl,sex_f,age_5yrbands_y55_59,2006,263.467
phl,sex_f,age_5yrbands_y55_59,2007,286.485
phl,sex_f,age_5yrbands_y55_59,2008,293.867
phl,sex_f,age_5yrbands_y55_59,2009,314.962
phl,sex_f,age_5yrbands_y55_59,2010,335.474
phl,sex_f,age_5yrbands_y55_59,2011,349.164
phl,sex_f,age_5yrbands_y55_59,2012,364.119
phl,sex_f,age_5yrbands_y55_59,2013,378.666
phl,sex_f,age_5yrbands_y55_59,2014,365.024
phl,sex_f,age_5yrbands_y55_59,2015,391.27
phl,sex_f,age_5yrbands_y55_59,2016,477.258
phl,sex_f,age_5yrbands_y55_59,2017,466.944
phl,sex_f,age_5yrbands_y55_59,2018,495.173
phl,sex_f,age_5yrbands_y55_59,2019,528.279
phl,sex_f,age_5yrbands_y55_59,2020,502.916
phl,sex_f,age_5yrbands_y55_59,2021,521.51
phl,sex_f,age_5yrbands_y55_59,2022,594.672
phl,sex_f,age_5yrbands_y60_64,2001,126.928
phl,sex_f,age_5yrbands_y60_64,2003,141.928
phl,sex_f,age_5yrbands_y60_64,2004,128.563
phl,sex_f,age_5yrbands_y60_64,2005,118.16
phl,sex_f,age_5yrbands_y60_64,2006,113.683
phl,sex_f,age_5yrbands_y60_64,2007,131.91
phl,sex_f,age_5yrbands_y60_64,2008,138.403
phl,sex_f,age_5yrbands_y60_64,2009,158.072
phl,sex_f,age_5yrbands_y60_64,2010,181.319
phl,sex_f,age_5yrbands_y60_64,2011,197.981
phl,sex_f,age_5yrbands_y60_64,2012,204.078
phl,sex_f,age_5yrbands_y60_64,2013,213.407
phl,sex_f,age_5yrbands_y60_64,2014,210.402
phl,sex_f,age_5yrbands_y60_64,2015,225.964
phl,sex_f,age_5yrbands_y60_64,2016,272.487
phl,sex_f,age_5yrbands_y60_64,2017,281.564
phl,sex_f,age_5yrbands_y60_64,2018,282.534
phl,sex_f,age_5yrbands_y60_64,2019,307.587
phl,sex_f,age_5yrbands_y60_64,2020,293.712
phl,sex_f,age_5yrbands_y60_64,2021,305.299
phl,sex_f,age_5yrbands_y60_64,2022,369.874
phl,sex_f,age_5yrbands_yge65,2001,82.495
phl,sex_f,age_5yrbands_yge65,2003,89.115
phl,sex_f,age_5yrbands_yge65,2004,80.034
phl,sex_f,age_5yrbands_yge65,2005,79.054
phl,sex_f,age_5yrbands_yge65,2006,77.763
phl,sex_f,age_5yrbands_yge65,2007,93.129
phl,sex_f,age_5yrbands_yge65,2008,85.765
phl,sex_f,age_5yrbands_yge65,2009,93.03
phl,sex_f,age_5yrbands_yge65,2010,98.698
phl,sex_f,age_5yrbands_yge65,2011,103.456
phl,sex_f,age_5yrbands_yge65,2012,112.92
phl,sex_f,age_5yrbands_yge65,2013,113.954
phl,sex_f,age_5yrbands_yge65,2014,119.418
phl,sex_f,age_5yrbands_yge65,2015,132.455
phl,sex_f,age_5yrbands_yge65,2016,168.778
phl,sex_f,age_5yrbands_yge65,2017,155.438
phl,sex_f,age_5yrbands_yge65,2018,205.122
phl,sex_f,age_5yrbands_yge65,2019,216.595
phl,sex_f,age_5yrbands_yge65,2020,172.554
phl,sex_f,age_5yrbands_yge65,2021,207.096
phl,sex_f,age_5yrbands_yge65,2022,265.331
phl,sex_f,age_aggregate_total,2001,5425.895
phl,sex_f,age_aggregate_total,2003,5767.779
phl,sex_f,age_aggregate_total,2004,6070.894
phl,sex_f,age_aggregate_total,2005,6152.109
phl,sex_f,age_aggregate_total,2006,6321.73
phl,sex_f,age_aggregate_total,2007,6639.147
phl,sex_f,age_aggregate_total,2008,6726.362
phl,sex_f,age_aggregate_total,2009,7068.69
phl,sex_f,age_aggregate_total,2010,7459.339
phl,sex_f,age_aggregate_total,2011,7753.011
phl,sex_f,age_aggregate_total,2012,8016.972
phl,sex_f,age_aggregate_total,2013,8319.649
phl,sex_f,age_aggregate_total,2014,8294.527
phl,sex_f,age_aggregate_total,2015,8766.031
phl,sex_f,age_aggregate_total,2016,9211.185
phl,sex_f,age_aggregate_total,2017,9052.78
phl,sex_f,age_aggregate_total,2018,9448.482
phl,sex_f,age_aggregate_total,2019,9938.36
phl,sex_f,age_aggregate_total,2020,8961.882
phl,sex_f,age_aggregate_total,2021,9346.305
phl,sex_f,age_aggregate_total,2022,10756.923
phl,sex_f,age_aggregate_y15_24,2001,1543.638
phl,sex_f,age_aggregate_y15_24,2003,1586.479
phl,sex_f,age_aggregate_y15_24,2004,1659.585
phl,sex_f,age_aggregate_y15_24,2005,1690.605
phl,sex_f,age_aggregate_y15_24,2006,1755.676
phl,sex_f,age_aggregate_y15_24,2007,1786.17
phl,sex_f,age_aggregate_y15_24,2008,1748.902
phl,sex_f,age_aggregate_y15_24,2009,1799.247
phl,sex_f,age_aggregate_y15_24,2010,1865.136
phl,sex_f,age_aggregate_y15_24,2011,1930.242
phl,sex_f,age_aggregate_y15_24,2012,1958.68
phl,sex_f,age_aggregate_y15_24,2013,1995.895
phl,sex_f,age_aggregate_y15_24,2014,1981.368
phl,sex_f,age_aggregate_y15_24,2015,2041.024
phl,sex_f,age_aggregate_y15_24,2016,2023.258
phl,sex_f,age_aggregate_y15_24,2017,1881.877
phl,sex_f,age_aggregate_y15_24,2018,1869.661
phl,sex_f,age_aggregate_y15_24,2019,1840.561
phl,sex_f,age_aggregate_y15_24,2020,1478.873
phl,sex_f,age_aggregate_y15_24,2021,1441.806
phl,sex_f,age_aggregate_y15_24,2022,1493.934
phl,sex_f,age_aggregate_y25_54,2001,3434.47
phl,sex_f,age_aggregate_y25_54,2003,3715.425
phl,sex_f,age_aggregate_y25_54,2004,3945.608
phl,sex_f,age_aggregate_y25_54,2005,3998.14
phl,sex_f,age_aggregate_y25_54,2006,4111.141
phl,sex_f,age_aggregate_y25_54,2007,4341.453
phl,sex_f,age_aggregate_y25_54,2008,4459.424
phl,sex_f,age_aggregate_y25_54,2009,4703.378
phl,sex_f,age_aggregate_y25_54,2010,4978.713
phl,sex_f,age_aggregate_y25_54,2011,5172.167
phl,sex_f,age_aggregate_y25_54,2012,5377.175
phl,sex_f,age_aggregate_y25_54,2013,5617.726
phl,sex_f,age_aggregate_y25_54,2014,5618.315
phl,sex_f,age_aggregate_y25_54,2015,5975.318
phl,sex_f,age_aggregate_y25_54,2016,6269.403
phl,sex_f,age_aggregate_y25_54,2017,6266.958
phl,sex_f,age_aggregate_y25_54,2018,6595.993
phl,sex_f,age_aggregate_y25_54,2019,7045.338
phl,sex_f,age_aggregate_y25_54,2020,6513.827
phl,sex_f,age_aggregate_y25_54,2021,6870.594
phl,sex_f,age_aggregate_y25_54,2022,8033.113
phl,sex_f,age_aggregate_y55_64,2001,365.292
phl,sex_f,age_aggregate_y55_64,2003,376.759
phl,sex_f,age_aggregate_y55_64,2004,385.667
phl,sex_f,age_aggregate_y55_64,2005,384.31
phl,sex_f,age_aggregate_y55_64,2006,377.15
phl,sex_f,age_aggregate_y55_64,2007,418.394
phl,sex_f,age_aggregate_y55_64,2008,432.27
phl,sex_f,age_aggregate_y55_64,2009,473.034
phl,sex_f,age_aggregate_y55_64,2010,516.793
phl,sex_f,age_aggregate_y55_64,2011,547.145
phl,sex_f,age_aggregate_y55_64,2012,568.197
phl,sex_f,age_aggregate_y55_64,2013,592.073
phl,sex_f,age_aggregate_y55_64,2014,575.426
phl,sex_f,age_aggregate_y55_64,2015,617.233
phl,sex_f,age_aggregate_y55_64,2016,749.745
phl,sex_f,age_aggregate_y55_64,2017,748.508
phl,sex_f,age_aggregate_y55_64,2018,777.707
phl,sex_f,age_aggregate_y55_64,2019,835.866
phl,sex_f,age_aggregate_y55_64,2020,796.627
phl,sex_f,age_aggregate_y55_64,2021,826.809
phl,sex_f,age_aggregate_y55_64,2022,964.546
phl,sex_f,age_aggregate_yge65,2001,82.495
phl,sex_f,age_aggregate_yge65,2003,89.115
phl,sex_f,age_aggregate_yge65,2004,80.034
phl,sex_f,age_aggregate_yge65,2005,79.054
phl,sex_f,age_aggregate_yge65,2006,77.763
phl,sex_f,age_aggregate_yge65,2007,93.129
phl,sex_f,age_aggregate_yge65,2008,85.765
phl,sex_f,age_aggregate_yge65,2009,93.03
phl,sex_f,age_aggregate_yge65,2010,98.698
phl,sex_f,age_aggregate_yge65,2011,103.456
phl,sex_f,age_aggregate_yge65,2012,112.92
phl,sex_f,age_aggregate_yge65,2013,113.954
phl,sex_f,age_aggregate_yge65,2014,119.418
phl,sex_f,age_aggregate_yge65,2015,132.455
phl,sex_f,age_aggregate_yge65,2016,168.778
phl,sex_f,age_aggregate_yge65,2017,155.438
phl,sex_f,age_aggregate_yge65,2018,205.122
phl,sex_f,age_aggregate_yge65,2019,216.595
phl,sex_f,age_aggregate_yge65,2020,172.554
phl,sex_f,age_aggregate_yge65,2021,207.096
phl,sex_f,age_aggregate_yge65,2022,265.331
phl,sex_f,age_ythadult_y15_24,2001,1543.638
phl,sex_f,age_ythadult_y15_24,2003,1586.479
phl,sex_f,age_ythadult_y15_24,2004,1659.585
phl,sex_f,age_ythadult_y15_24,2005,1690.605
phl,sex_f,age_ythadult_y15_24,2006,1755.676
phl,sex_f,age_ythadult_y15_24,2007,1786.17
phl,sex_f,age_ythadult_y15_24,2008,1748.902
phl,sex_f,age_ythadult_y15_24,2009,1799.247
phl,sex_f,age_ythadult_y15_24,2010,1865.136
phl,sex_f,age_ythadult_y15_24,2011,1930.242
phl,sex_f,age_ythadult_y15_24,2012,1958.68
phl,sex_f,age_ythadult_y15_24,2013,1995.895
phl,sex_f,age_ythadult_y15_24,2014,1981.368
phl,sex_f,age_ythadult_y15_24,2015,2041.024
phl,sex_f,age_ythadult_y15_24,2016,2023.258
phl,sex_f,age_ythadult_y15_24,2017,1881.877
phl,sex_f,age_ythadult_y15_24,2018,1869.661
phl,sex_f,age_ythadult_y15_24,2019,1840.561
phl,sex_f,age_ythadult_y15_24,2020,1478.873
phl,sex_f,age_ythadult_y15_24,2021,1441.806
phl,sex_f,age_ythadult_y15_24,2022,1493.934
phl,sex_f,age_ythadult_y15_64,2001,5343.4
phl,sex_f,age_ythadult_y15_64,2003,5678.664
phl,sex_f,age_ythadult_y15_64,2004,5990.861
phl,sex_f,age_ythadult_y15_64,2005,6073.055
phl,sex_f,age_ythadult_y15_64,2006,6243.967
phl,sex_f,age_ythadult_y15_64,2007,6546.018
phl,sex_f,age_ythadult_y15_64,2008,6640.597
phl,sex_f,age_ythadult_y15_64,2009,6975.66
phl,sex_f,age_ythadult_y15_64,2010,7360.641
phl,sex_f,age_ythadult_y15_64,2011,7649.555
phl,sex_f,age_ythadult_y15_64,2012,7904.052
phl,sex_f,age_ythadult_y15_64,2013,8205.695
phl,sex_f,age_ythadult_y15_64,2014,8175.109
phl,sex_f,age_ythadult_y15_64,2015,8633.576
phl,sex_f,age_ythadult_y15_64,2016,9042.407
phl,sex_f,age_ythadult_y15_64,2017,8897.342
phl,sex_f,age_ythadult_y15_64,2018,9243.361
phl,sex_f,age_ythadult_y15_64,2019,9721.765
phl,sex_f,age_ythadult_y15_64,2020,8789.328
phl,sex_f,age_ythadult_y15_64,2021,9139.209
phl,sex_f,age_ythadult_y15_64,2022,10491.592
phl,sex_f,age_ythadult_yge15,1995,4245.25
phl,sex_f,age_ythadult_yge15,1996,4558
phl,sex_f,age_ythadult_yge15,1997,4723.25
phl,sex_f,age_ythadult_yge15,1998,4839
phl,sex_f,age_ythadult_yge15,1999,5116
phl,sex_f,age_ythadult_yge15,2000,5207.75
phl,sex_f,age_ythadult_yge15,2001,5425.895
phl,sex_f,age_ythadult_yge15,2003,5767.779
phl,sex_f,age_ythadult_yge15,2004,6070.894
phl,sex_f,age_ythadult_yge15,2005,6152.109
phl,sex_f,age_ythadult_yge15,2006,6321.73
phl,sex_f,age_ythadult_yge15,2007,6639.147
phl,sex_f,age_ythadult_yge15,2008,6726.362
phl,sex_f,age_ythadult_yge15,2009,7068.69
phl,sex_f,age_ythadult_yge15,2010,7459.339
phl,sex_f,age_ythadult_yge15,2011,7753.011
phl,sex_f,age_ythadult_yge15,2012,8016.972
phl,sex_f,age_ythadult_yge15,2013,8319.649
phl,sex_f,age_ythadult_yge15,2014,8294.527
phl,sex_f,age_ythadult_yge15,2015,8766.031
phl,sex_f,age_ythadult_yge15,2016,9211.185
phl,sex_f,age_ythadult_yge15,2017,9052.78
phl,sex_f,age_ythadult_yge15,2018,9448.482
phl,sex_f,age_ythadult_yge15,2019,9938.36
phl,sex_f,age_ythadult_yge15,2020,8961.882
phl,sex_f,age_ythadult_yge15,2021,9346.305
phl,sex_f,age_ythadult_yge15,2022,10756.923
phl,sex_f,age_ythadult_yge25,2001,3882.257
phl,sex_f,age_ythadult_yge25,2003,4181.3
phl,sex_f,age_ythadult_yge25,2004,4411.309
phl,sex_f,age_ythadult_yge25,2005,4461.504
phl,sex_f,age_ythadult_yge25,2006,4566.055
phl,sex_f,age_ythadult_yge25,2007,4852.977
phl,sex_f,age_ythadult_yge25,2008,4977.459
phl,sex_f,age_ythadult_yge25,2009,5269.443
phl,sex_f,age_ythadult_yge25,2010,5594.204
phl,sex_f,age_ythadult_yge25,2011,5822.769
phl,sex_f,age_ythadult_yge25,2012,6058.292
phl,sex_f,age_ythadult_yge25,2013,6323.754
phl,sex_f,age_ythadult_yge25,2014,6313.159
phl,sex_f,age_ythadult_yge25,2015,6725.007
phl,sex_f,age_ythadult_yge25,2016,7187.927
phl,sex_f,age_ythadult_yge25,2017,7170.903
phl,sex_f,age_ythadult_yge25,2018,7578.821
phl,sex_f,age_ythadult_yge25,2019,8097.799
phl,sex_f,age_ythadult_yge25,2020,7483.008
phl,sex_f,age_ythadult_yge25,2021,7904.499
phl,sex_f,age_ythadult_yge25,2022,9262.989
phl,sex_m,age_10yrbands_total,2001,8873.914
phl,sex_m,age_10yrbands_total,2003,9446.872
phl,sex_m,age_10yrbands_total,2004,10272.243
phl,sex_m,age_10yrbands_total,2005,10036.63
phl,sex_m,age_10yrbands_total,2006,10226.46
phl,sex_m,age_10yrbands_total,2007,10716.313
phl,sex_m,age_10yrbands_total,2008,11014.597
phl,sex_m,age_10yrbands_total,2009,11502.938
phl,sex_m,age_10yrbands_total,2010,12055.929
phl,sex_m,age_10yrbands_total,2011,12672.203
phl,sex_m,age_10yrbands_total,2012,13353.712
phl,sex_m,age_10yrbands_total,2013,13800.266
phl,sex_m,age_10yrbands_total,2014,13623.534
phl,sex_m,age_10yrbands_total,2015,14319.927
phl,sex_m,age_10yrbands_total,2016,15896.039
phl,sex_m,age_10yrbands_total,2017,16036.507
phl,sex_m,age_10yrbands_total,2018,16679.55
phl,sex_m,age_10yrbands_total,2019,17152.283
phl,sex_m,age_10yrbands_total,2020,15686.514
phl,sex_m,age_10yrbands_total,2021,16754.872
phl,sex_m,age_10yrbands_total,2022,18079.182
phl,sex_m,age_10yrbands_y15_24,2001,2112.063
phl,sex_m,age_10yrbands_y15_24,2003,2208.685
phl,sex_m,age_10yrbands_y15_24,2004,2356.723
phl,sex_m,age_10yrbands_y15_24,2005,2249.087
phl,sex_m,age_10yrbands_y15_24,2006,2288.313
phl,sex_m,age_10yrbands_y15_24,2007,2363.256
phl,sex_m,age_10yrbands_y15_24,2008,2408.179
phl,sex_m,age_10yrbands_y15_24,2009,2505.712
phl,sex_m,age_10yrbands_y15_24,2010,2600.546
phl,sex_m,age_10yrbands_y15_24,2011,2857.689
phl,sex_m,age_10yrbands_y15_24,2012,2980.919
phl,sex_m,age_10yrbands_y15_24,2013,3083.982
phl,sex_m,age_10yrbands_y15_24,2014,3047.201
phl,sex_m,age_10yrbands_y15_24,2015,3106.957
phl,sex_m,age_10yrbands_y15_24,2016,3309.644
phl,sex_m,age_10yrbands_y15_24,2017,3188.239
phl,sex_m,age_10yrbands_y15_24,2018,3155.215
phl,sex_m,age_10yrbands_y15_24,2019,3052.502
phl,sex_m,age_10yrbands_y15_24,2020,2497.56
phl,sex_m,age_10yrbands_y15_24,2021,2646.199
phl,sex_m,age_10yrbands_y15_24,2022,2751.075
phl,sex_m,age_10yrbands_y25_34,2001,2421.177
phl,sex_m,age_10yrbands_y25_34,2003,2908.92
phl,sex_m,age_10yrbands_y25_34,2004,3439.809
phl,sex_m,age_10yrbands_y25_34,2005,3368.894
phl,sex_m,age_10yrbands_y25_34,2006,3337.687
phl,sex_m,age_10yrbands_y25_34,2007,3501.061
phl,sex_m,age_10yrbands_y25_34,2008,3600.986
phl,sex_m,age_10yrbands_y25_34,2009,3733.444
phl,sex_m,age_10yrbands_y25_34,2010,3907.187
phl,sex_m,age_10yrbands_y25_34,2011,4062.929
phl,sex_m,age_10yrbands_y25_34,2012,4208.006
phl,sex_m,age_10yrbands_y25_34,2013,4346.712
phl,sex_m,age_10yrbands_y25_34,2014,4321.509
phl,sex_m,age_10yrbands_y25_34,2015,4536.191
phl,sex_m,age_10yrbands_y25_34,2016,4942.462
phl,sex_m,age_10yrbands_y25_34,2017,5145.476
phl,sex_m,age_10yrbands_y25_34,2018,5381.343
phl,sex_m,age_10yrbands_y25_34,2019,5583.834
phl,sex_m,age_10yrbands_y25_34,2020,5164.921
phl,sex_m,age_10yrbands_y25_34,2021,5518.362
phl,sex_m,age_10yrbands_y25_34,2022,6014.322
phl,sex_m,age_10yrbands_y35_44,2001,2196.496
phl,sex_m,age_10yrbands_y35_44,2003,2228.217
phl,sex_m,age_10yrbands_y35_44,2004,2366.848
phl,sex_m,age_10yrbands_y35_44,2005,2335.555
phl,sex_m,age_10yrbands_y35_44,2006,2454.934
phl,sex_m,age_10yrbands_y35_44,2007,2559.113
phl,sex_m,age_10yrbands_y35_44,2008,2619.367
phl,sex_m,age_10yrbands_y35_44,2009,2701.428
phl,sex_m,age_10yrbands_y35_44,2010,2820.574
phl,sex_m,age_10yrbands_y35_44,2011,2913.23
phl,sex_m,age_10yrbands_y35_44,2012,3122.192
phl,sex_m,age_10yrbands_y35_44,2013,3220.659
phl,sex_m,age_10yrbands_y35_44,2014,3160.936
phl,sex_m,age_10yrbands_y35_44,2015,3330.932
phl,sex_m,age_10yrbands_y35_44,2016,3721.641
phl,sex_m,age_10yrbands_y35_44,2017,3753.932
phl,sex_m,age_10yrbands_y35_44,2018,3908.342
phl,sex_m,age_10yrbands_y35_44,2019,4075.04
phl,sex_m,age_10yrbands_y35_44,2020,3882.279
phl,sex_m,age_10yrbands_y35_44,2021,4109.907
phl,sex_m,age_10yrbands_y35_44,2022,4420.86
phl,sex_m,age_10yrbands_y45_54,2001,1461.83
phl,sex_m,age_10yrbands_y45_54,2003,1420.572
phl,sex_m,age_10yrbands_y45_54,2004,1407.476
phl,sex_m,age_10yrbands_y45_54,2005,1383.218
phl,sex_m,age_10yrbands_y45_54,2006,1476.258
phl,sex_m,age_10yrbands_y45_54,2007,1564.368
phl,sex_m,age_10yrbands_y45_54,2008,1633.395
phl,sex_m,age_10yrbands_y45_54,2009,1729.813
phl,sex_m,age_10yrbands_y45_54,2010,1808.781
phl,sex_m,age_10yrbands_y45_54,2011,1895.367
phl,sex_m,age_10yrbands_y45_54,2012,2032.836
phl,sex_m,age_10yrbands_y45_54,2013,2104.367
phl,sex_m,age_10yrbands_y45_54,2014,2062.41
phl,sex_m,age_10yrbands_y45_54,2015,2202.416
phl,sex_m,age_10yrbands_y45_54,2016,2530.974
phl,sex_m,age_10yrbands_y45_54,2017,2565.834
phl,sex_m,age_10yrbands_y45_54,2018,2697.05
phl,sex_m,age_10yrbands_y45_54,2019,2827.158
phl,sex_m,age_10yrbands_y45_54,2020,2652.536
phl,sex_m,age_10yrbands_y45_54,2021,2819.884
phl,sex_m,age_10yrbands_y45_54,2022,3024.531
phl,sex_m,age_10yrbands_y55_64,2001,540.926
phl,sex_m,age_10yrbands_y55_64,2003,546.705
phl,sex_m,age_10yrbands_y55_64,2004,566.558
phl,sex_m,age_10yrbands_y55_64,2005,569.505
phl,sex_m,age_10yrbands_y55_64,2006,551.634
phl,sex_m,age_10yrbands_y55_64,2007,600.446
phl,sex_m,age_10yrbands_y55_64,2008,627.868
phl,sex_m,age_10yrbands_y55_64,2009,700.066
phl,sex_m,age_10yrbands_y55_64,2010,770.301
phl,sex_m,age_10yrbands_y55_64,2011,798.027
phl,sex_m,age_10yrbands_y55_64,2012,837.534
phl,sex_m,age_10yrbands_y55_64,2013,869.085
phl,sex_m,age_10yrbands_y55_64,2014,860.012
phl,sex_m,age_10yrbands_y55_64,2015,948.788
phl,sex_m,age_10yrbands_y55_64,2016,1145.223
phl,sex_m,age_10yrbands_y55_64,2017,1155.373
phl,sex_m,age_10yrbands_y55_64,2018,1270.629
phl,sex_m,age_10yrbands_y55_64,2019,1328.458
phl,sex_m,age_10yrbands_y55_64,2020,1222.031
phl,sex_m,age_10yrbands_y55_64,2021,1341.178
phl,sex_m,age_10yrbands_y55_64,2022,1492.792
phl,sex_m,age_10yrbands_yge65,2001,141.421
phl,sex_m,age_10yrbands_yge65,2003,133.774
phl,sex_m,age_10yrbands_yge65,2004,134.828
phl,sex_m,age_10yrbands_yge65,2005,130.372
phl,sex_m,age_10yrbands_yge65,2006,117.633
phl,sex_m,age_10yrbands_yge65,2007,128.068
phl,sex_m,age_10yrbands_yge65,2008,124.802
phl,sex_m,age_10yrbands_yge65,2009,132.474
phl,sex_m,age_10yrbands_yge65,2010,148.541
phl,sex_m,age_10yrbands_yge65,2011,144.961
phl,sex_m,age_10yrbands_yge65,2012,172.225
phl,sex_m,age_10yrbands_yge65,2013,175.461
phl,sex_m,age_10yrbands_yge65,2014,171.465
phl,sex_m,age_10yrbands_yge65,2015,194.643
phl,sex_m,age_10yrbands_yge65,2016,246.095
phl,sex_m,age_10yrbands_yge65,2017,227.652
phl,sex_m,age_10yrbands_yge65,2018,266.97
phl,sex_m,age_10yrbands_yge65,2019,285.291
phl,sex_m,age_10yrbands_yge65,2020,267.187
phl,sex_m,age_10yrbands_yge65,2021,319.342
phl,sex_m,age_10yrbands_yge65,2022,375.602
phl,sex_m,age_5yrbands_total,2001,8873.914
phl,sex_m,age_5yrbands_total,2003,9446.872
phl,sex_m,age_5yrbands_total,2004,10272.243
phl,sex_m,age_5yrbands_total,2005,10036.63
phl,sex_m,age_5yrbands_total,2006,10226.46
phl,sex_m,age_5yrbands_total,2007,10716.313
phl,sex_m,age_5yrbands_total,2008,11014.597
phl,sex_m,age_5yrbands_total,2009,11502.938
phl,sex_m,age_5yrbands_total,2010,12055.929
phl,sex_m,age_5yrbands_total,2011,12672.203
phl,sex_m,age_5yrbands_total,2012,13353.712
phl,sex_m,age_5yrbands_total,2013,13800.266
phl,sex_m,age_5yrbands_total,2014,13623.534
phl,sex_m,age_5yrbands_total,2015,14319.927
phl,sex_m,age_5yrbands_total,2016,15896.039
phl,sex_m,age_5yrbands_total,2017,16036.507
phl,sex_m,age_5yrbands_total,2018,16679.55
phl,sex_m,age_5yrbands_total,2019,17152.283
phl,sex_m,age_5yrbands_total,2020,15686.514
phl,sex_m,age_5yrbands_total,2021,16754.872
phl,sex_m,age_5yrbands_total,2022,18079.182
phl,sex_m,age_5yrbands_y15_19,2001,760.006
phl,sex_m,age_5yrbands_y15_19,2003,750.294
phl,sex_m,age_5yrbands_y15_19,2004,809.868
phl,sex_m,age_5yrbands_y15_19,2005,769.204
phl,sex_m,age_5yrbands_y15_19,2006,819.367
phl,sex_m,age_5yrbands_y15_19,2007,848.559
phl,sex_m,age_5yrbands_y15_19,2008,859.899
phl,sex_m,age_5yrbands_y15_19,2009,901.977
phl,sex_m,age_5yrbands_y15_19,2010,898.197
phl,sex_m,age_5yrbands_y15_19,2011,993.566
phl,sex_m,age_5yrbands_y15_19,2012,1024.165
phl,sex_m,age_5yrbands_y15_19,2013,1035.908
phl,sex_m,age_5yrbands_y15_19,2014,970.413
phl,sex_m,age_5yrbands_y15_19,2015,944.878
phl,sex_m,age_5yrbands_y15_19,2016,938.398
phl,sex_m,age_5yrbands_y15_19,2017,861.538
phl,sex_m,age_5yrbands_y15_19,2018,848.1
phl,sex_m,age_5yrbands_y15_19,2019,742.06
phl,sex_m,age_5yrbands_y15_19,2020,584.814
phl,sex_m,age_5yrbands_y15_19,2021,672.429
phl,sex_m,age_5yrbands_y15_19,2022,705.055
phl,sex_m,age_5yrbands_y20_24,2001,1352.057
phl,sex_m,age_5yrbands_y20_24,2003,1458.39
phl,sex_m,age_5yrbands_y20_24,2004,1546.855
phl,sex_m,age_5yrbands_y20_24,2005,1479.883
phl,sex_m,age_5yrbands_y20_24,2006,1468.946
phl,sex_m,age_5yrbands_y20_24,2007,1514.697
phl,sex_m,age_5yrbands_y20_24,2008,1548.279
phl,sex_m,age_5yrbands_y20_24,2009,1603.736
phl,sex_m,age_5yrbands_y20_24,2010,1702.349
phl,sex_m,age_5yrbands_y20_24,2011,1864.123
phl,sex_m,age_5yrbands_y20_24,2012,1956.754
phl,sex_m,age_5yrbands_y20_24,2013,2048.075
phl,sex_m,age_5yrbands_y20_24,2014,2076.788
phl,sex_m,age_5yrbands_y20_24,2015,2162.08
phl,sex_m,age_5yrbands_y20_24,2016,2371.247
phl,sex_m,age_5yrbands_y20_24,2017,2326.702
phl,sex_m,age_5yrbands_y20_24,2018,2307.115
phl,sex_m,age_5yrbands_y20_24,2019,2310.443
phl,sex_m,age_5yrbands_y20_24,2020,1912.746
phl,sex_m,age_5yrbands_y20_24,2021,1973.77
phl,sex_m,age_5yrbands_y20_24,2022,2046.02
phl,sex_m,age_5yrbands_y25_29,2001,1206.302
phl,sex_m,age_5yrbands_y25_29,2003,1493.454
phl,sex_m,age_5yrbands_y25_29,2004,1767.522
phl,sex_m,age_5yrbands_y25_29,2005,1755.678
phl,sex_m,age_5yrbands_y25_29,2006,1754.316
phl,sex_m,age_5yrbands_y25_29,2007,1848.218
phl,sex_m,age_5yrbands_y25_29,2008,1897.006
phl,sex_m,age_5yrbands_y25_29,2009,1973.567
phl,sex_m,age_5yrbands_y25_29,2010,2038.049
phl,sex_m,age_5yrbands_y25_29,2011,2104.898
phl,sex_m,age_5yrbands_y25_29,2012,2176.808
phl,sex_m,age_5yrbands_y25_29,2013,2283.273
phl,sex_m,age_5yrbands_y25_29,2014,2277.192
phl,sex_m,age_5yrbands_y25_29,2015,2453.799
phl,sex_m,age_5yrbands_y25_29,2016,2652.345
phl,sex_m,age_5yrbands_y25_29,2017,2781.372
phl,sex_m,age_5yrbands_y25_29,2018,2853.695
phl,sex_m,age_5yrbands_y25_29,2019,2969.638
phl,sex_m,age_5yrbands_y25_29,2020,2700.133
phl,sex_m,age_5yrbands_y25_29,2021,2883.834
phl,sex_m,age_5yrbands_y25_29,2022,3132.917
phl,sex_m,age_5yrbands_y30_34,2001,1214.875
phl,sex_m,age_5yrbands_y30_34,2003,1415.466
phl,sex_m,age_5yrbands_y30_34,2004,1672.287
phl,sex_m,age_5yrbands_y30_34,2005,1613.216
phl,sex_m,age_5yrbands_y30_34,2006,1583.371
phl,sex_m,age_5yrbands_y30_34,2007,1652.843
phl,sex_m,age_5yrbands_y30_34,2008,1703.98
phl,sex_m,age_5yrbands_y30_34,2009,1759.877
phl,sex_m,age_5yrbands_y30_34,2010,1869.138
phl,sex_m,age_5yrbands_y30_34,2011,1958.031
phl,sex_m,age_5yrbands_y30_34,2012,2031.198
phl,sex_m,age_5yrbands_y30_34,2013,2063.439
phl,sex_m,age_5yrbands_y30_34,2014,2044.317
phl,sex_m,age_5yrbands_y30_34,2015,2082.392
phl,sex_m,age_5yrbands_y30_34,2016,2290.117
phl,sex_m,age_5yrbands_y30_34,2017,2364.105
phl,sex_m,age_5yrbands_y30_34,2018,2527.648
phl,sex_m,age_5yrbands_y30_34,2019,2614.196
phl,sex_m,age_5yrbands_y30_34,2020,2464.788
phl,sex_m,age_5yrbands_y30_34,2021,2634.528
phl,sex_m,age_5yrbands_y30_34,2022,2881.405
phl,sex_m,age_5yrbands_y35_39,2001,1154.733
phl,sex_m,age_5yrbands_y35_39,2003,1185.381
phl,sex_m,age_5yrbands_y35_39,2004,1287.171
phl,sex_m,age_5yrbands_y35_39,2005,1274.195
phl,sex_m,age_5yrbands_y35_39,2006,1337.136
phl,sex_m,age_5yrbands_y35_39,2007,1385.06
phl,sex_m,age_5yrbands_y35_39,2008,1417.434
phl,sex_m,age_5yrbands_y35_39,2009,1425.582
phl,sex_m,age_5yrbands_y35_39,2010,1469.7
phl,sex_m,age_5yrbands_y35_39,2011,1496.834
phl,sex_m,age_5yrbands_y35_39,2012,1572.526
phl,sex_m,age_5yrbands_y35_39,2013,1615.737
phl,sex_m,age_5yrbands_y35_39,2014,1616.521
phl,sex_m,age_5yrbands_y35_39,2015,1720.509
phl,sex_m,age_5yrbands_y35_39,2016,2011.649
phl,sex_m,age_5yrbands_y35_39,2017,2070.14
phl,sex_m,age_5yrbands_y35_39,2018,2150.603
phl,sex_m,age_5yrbands_y35_39,2019,2174.568
phl,sex_m,age_5yrbands_y35_39,2020,2031.568
phl,sex_m,age_5yrbands_y35_39,2021,2116.874
phl,sex_m,age_5yrbands_y35_39,2022,2257.689
phl,sex_m,age_5yrbands_y40_44,2001,1041.763
phl,sex_m,age_5yrbands_y40_44,2003,1042.836
phl,sex_m,age_5yrbands_y40_44,2004,1079.678
phl,sex_m,age_5yrbands_y40_44,2005,1061.36
phl,sex_m,age_5yrbands_y40_44,2006,1117.798
phl,sex_m,age_5yrbands_y40_44,2007,1174.053
phl,sex_m,age_5yrbands_y40_44,2008,1201.933
phl,sex_m,age_5yrbands_y40_44,2009,1275.846
phl,sex_m,age_5yrbands_y40_44,2010,1350.873
phl,sex_m,age_5yrbands_y40_44,2011,1416.397
phl,sex_m,age_5yrbands_y40_44,2012,1549.666
phl,sex_m,age_5yrbands_y40_44,2013,1604.922
phl,sex_m,age_5yrbands_y40_44,2014,1544.415
phl,sex_m,age_5yrbands_y40_44,2015,1610.424
phl,sex_m,age_5yrbands_y40_44,2016,1709.992
phl,sex_m,age_5yrbands_y40_44,2017,1683.792
phl,sex_m,age_5yrbands_y40_44,2018,1757.739
phl,sex_m,age_5yrbands_y40_44,2019,1900.473
phl,sex_m,age_5yrbands_y40_44,2020,1850.711
phl,sex_m,age_5yrbands_y40_44,2021,1993.033
phl,sex_m,age_5yrbands_y40_44,2022,2163.171
phl,sex_m,age_5yrbands_y45_49,2001,845.446
phl,sex_m,age_5yrbands_y45_49,2003,817.07
phl,sex_m,age_5yrbands_y45_49,2004,813.689
phl,sex_m,age_5yrbands_y45_49,2005,809.373
phl,sex_m,age_5yrbands_y45_49,2006,870.842
phl,sex_m,age_5yrbands_y45_49,2007,904.295
phl,sex_m,age_5yrbands_y45_49,2008,953.497
phl,sex_m,age_5yrbands_y45_49,2009,1010.462
phl,sex_m,age_5yrbands_y45_49,2010,1031.211
phl,sex_m,age_5yrbands_y45_49,2011,1078.578
phl,sex_m,age_5yrbands_y45_49,2012,1140.734
phl,sex_m,age_5yrbands_y45_49,2013,1164.66
phl,sex_m,age_5yrbands_y45_49,2014,1137.055
phl,sex_m,age_5yrbands_y45_49,2015,1220.275
phl,sex_m,age_5yrbands_y45_49,2016,1432.24
phl,sex_m,age_5yrbands_y45_49,2017,1434.847
phl,sex_m,age_5yrbands_y45_49,2018,1529.388
phl,sex_m,age_5yrbands_y45_49,2019,1584.544
phl,sex_m,age_5yrbands_y45_49,2020,1446.657
phl,sex_m,age_5yrbands_y45_49,2021,1528.663
phl,sex_m,age_5yrbands_y45_49,2022,1641.94
phl,sex_m,age_5yrbands_y50_54,2001,616.384
phl,sex_m,age_5yrbands_y50_54,2003,603.502
phl,sex_m,age_5yrbands_y50_54,2004,593.787
phl,sex_m,age_5yrbands_y50_54,2005,573.845
phl,sex_m,age_5yrbands_y50_54,2006,605.416
phl,sex_m,age_5yrbands_y50_54,2007,660.073
phl,sex_m,age_5yrbands_y50_54,2008,679.898
phl,sex_m,age_5yrbands_y50_54,2009,719.351
phl,sex_m,age_5yrbands_y50_54,2010,777.569
phl,sex_m,age_5yrbands_y50_54,2011,816.788
phl,sex_m,age_5yrbands_y50_54,2012,892.103
phl,sex_m,age_5yrbands_y50_54,2013,939.707
phl,sex_m,age_5yrbands_y50_54,2014,925.356
phl,sex_m,age_5yrbands_y50_54,2015,982.141
phl,sex_m,age_5yrbands_y50_54,2016,1098.734
phl,sex_m,age_5yrbands_y50_54,2017,1130.987
phl,sex_m,age_5yrbands_y50_54,2018,1167.662
phl,sex_m,age_5yrbands_y50_54,2019,1242.614
phl,sex_m,age_5yrbands_y50_54,2020,1205.88
phl,sex_m,age_5yrbands_y50_54,2021,1291.221
phl,sex_m,age_5yrbands_y50_54,2022,1382.591
phl,sex_m,age_5yrbands_y55_59,2001,336.715
phl,sex_m,age_5yrbands_y55_59,2003,360.496
phl,sex_m,age_5yrbands_y55_59,2004,382.715
phl,sex_m,age_5yrbands_y55_59,2005,395.352
phl,sex_m,age_5yrbands_y55_59,2006,383.968
phl,sex_m,age_5yrbands_y55_59,2007,413.688
phl,sex_m,age_5yrbands_y55_59,2008,434.967
phl,sex_m,age_5yrbands_y55_59,2009,482.693
phl,sex_m,age_5yrbands_y55_59,2010,518.059
phl,sex_m,age_5yrbands_y55_59,2011,528.27
phl,sex_m,age_5yrbands_y55_59,2012,550.945
phl,sex_m,age_5yrbands_y55_59,2013,568.224
phl,sex_m,age_5yrbands_y55_59,2014,561.919
phl,sex_m,age_5yrbands_y55_59,2015,607.956
phl,sex_m,age_5yrbands_y55_59,2016,733.235
phl,sex_m,age_5yrbands_y55_59,2017,763.618
phl,sex_m,age_5yrbands_y55_59,2018,815.833
phl,sex_m,age_5yrbands_y55_59,2019,867.714
phl,sex_m,age_5yrbands_y55_59,2020,809.535
phl,sex_m,age_5yrbands_y55_59,2021,864.228
phl,sex_m,age_5yrbands_y55_59,2022,949.42
phl,sex_m,age_5yrbands_y60_64,2001,204.212
phl,sex_m,age_5yrbands_y60_64,2003,186.209
phl,sex_m,age_5yrbands_y60_64,2004,183.843
phl,sex_m,age_5yrbands_y60_64,2005,174.153
phl,sex_m,age_5yrbands_y60_64,2006,167.666
phl,sex_m,age_5yrbands_y60_64,2007,186.758
phl,sex_m,age_5yrbands_y60_64,2008,192.9
phl,sex_m,age_5yrbands_y60_64,2009,217.373
phl,sex_m,age_5yrbands_y60_64,2010,252.242
phl,sex_m,age_5yrbands_y60_64,2011,269.758
phl,sex_m,age_5yrbands_y60_64,2012,286.589
phl,sex_m,age_5yrbands_y60_64,2013,300.861
phl,sex_m,age_5yrbands_y60_64,2014,298.093
phl,sex_m,age_5yrbands_y60_64,2015,340.831
phl,sex_m,age_5yrbands_y60_64,2016,411.987
phl,sex_m,age_5yrbands_y60_64,2017,391.756
phl,sex_m,age_5yrbands_y60_64,2018,454.797
phl,sex_m,age_5yrbands_y60_64,2019,460.743
phl,sex_m,age_5yrbands_y60_64,2020,412.496
phl,sex_m,age_5yrbands_y60_64,2021,476.95
phl,sex_m,age_5yrbands_y60_64,2022,543.373
phl,sex_m,age_5yrbands_yge65,2001,141.421
phl,sex_m,age_5yrbands_yge65,2003,133.774
phl,sex_m,age_5yrbands_yge65,2004,134.828
phl,sex_m,age_5yrbands_yge65,2005,130.372
phl,sex_m,age_5yrbands_yge65,2006,117.633
phl,sex_m,age_5yrbands_yge65,2007,128.068
phl,sex_m,age_5yrbands_yge65,2008,124.802
phl,sex_m,age_5yrbands_yge65,2009,132.474
phl,sex_m,age_5yrbands_yge65,2010,148.541
phl,sex_m,age_5yrbands_yge65,2011,144.961
phl,sex_m,age_5yrbands_yge65,2012,172.225
phl,sex_m,age_5yrbands_yge65,2013,175.461
phl,sex_m,age_5yrbands_yge65,2014,171.465
phl,sex_m,age_5yrbands_yge65,2015,194.643
phl,sex_m,age_5yrbands_yge65,2016,246.095
phl,sex_m,age_5yrbands_yge65,2017,227.652
phl,sex_m,age_5yrbands_yge65,2018,266.97
phl,sex_m,age_5yrbands_yge65,2019,285.291
phl,sex_m,age_5yrbands_yge65,2020,267.187
phl,sex_m,age_5yrbands_yge65,2021,319.342
phl,sex_m,age_5yrbands_yge65,2022,375.602
phl,sex_m,age_aggregate_total,2001,8873.914
phl,sex_m,age_aggregate_total,2003,9446.872
phl,sex_m,age_aggregate_total,2004,10272.243
phl,sex_m,age_aggregate_total,2005,10036.63
phl,sex_m,age_aggregate_total,2006,10226.46
phl,sex_m,age_aggregate_total,2007,10716.313
phl,sex_m,age_aggregate_total,2008,11014.597
phl,sex_m,age_aggregate_total,2009,11502.938
phl,sex_m,age_aggregate_total,2010,12055.929
phl,sex_m,age_aggregate_total,2011,12672.203
phl,sex_m,age_aggregate_total,2012,13353.712
phl,sex_m,age_aggregate_total,2013,13800.266
phl,sex_m,age_aggregate_total,2014,13623.534
phl,sex_m,age_aggregate_total,2015,14319.927
phl,sex_m,age_aggregate_total,2016,15896.039
phl,sex_m,age_aggregate_total,2017,16036.507
phl,sex_m,age_aggregate_total,2018,16679.55
phl,sex_m,age_aggregate_total,2019,17152.283
phl,sex_m,age_aggregate_total,2020,15686.514
phl,sex_m,age_aggregate_total,2021,16754.872
phl,sex_m,age_aggregate_total,2022,18079.182
phl,sex_m,age_aggregate_y15_24,2001,2112.063
phl,sex_m,age_aggregate_y15_24,2003,2208.685
phl,sex_m,age_aggregate_y15_24,2004,2356.723
phl,sex_m,age_aggregate_y15_24,2005,2249.087
phl,sex_m,age_aggregate_y15_24,2006,2288.313
phl,sex_m,age_aggregate_y15_24,2007,2363.256
phl,sex_m,age_aggregate_y15_24,2008,2408.179
phl,sex_m,age_aggregate_y15_24,2009,2505.712
phl,sex_m,age_aggregate_y15_24,2010,2600.546
phl,sex_m,age_aggregate_y15_24,2011,2857.689
phl,sex_m,age_aggregate_y15_24,2012,2980.919
phl,sex_m,age_aggregate_y15_24,2013,3083.982
phl,sex_m,age_aggregate_y15_24,2014,3047.201
phl,sex_m,age_aggregate_y15_24,2015,3106.957
phl,sex_m,age_aggregate_y15_24,2016,3309.644
phl,sex_m,age_aggregate_y15_24,2017,3188.239
phl,sex_m,age_aggregate_y15_24,2018,3155.215
phl,sex_m,age_aggregate_y15_24,2019,3052.502
phl,sex_m,age_aggregate_y15_24,2020,2497.56
phl,sex_m,age_aggregate_y15_24,2021,2646.199
phl,sex_m,age_aggregate_y15_24,2022,2751.075
phl,sex_m,age_aggregate_y25_54,2001,6079.503
phl,sex_m,age_aggregate_y25_54,2003,6557.709
phl,sex_m,age_aggregate_y25_54,2004,7214.133
phl,sex_m,age_aggregate_y25_54,2005,7087.667
phl,sex_m,age_aggregate_y25_54,2006,7268.88
phl,sex_m,age_aggregate_y25_54,2007,7624.543
phl,sex_m,age_aggregate_y25_54,2008,7853.748
phl,sex_m,age_aggregate_y25_54,2009,8164.685
phl,sex_m,age_aggregate_y25_54,2010,8536.541
phl,sex_m,age_aggregate_y25_54,2011,8871.526
phl,sex_m,age_aggregate_y25_54,2012,9363.035
phl,sex_m,age_aggregate_y25_54,2013,9671.738
phl,sex_m,age_aggregate_y25_54,2014,9544.855
phl,sex_m,age_aggregate_y25_54,2015,10069.54
phl,sex_m,age_aggregate_y25_54,2016,11195.077
phl,sex_m,age_aggregate_y25_54,2017,11465.242
phl,sex_m,age_aggregate_y25_54,2018,11986.735
phl,sex_m,age_aggregate_y25_54,2019,12486.032
phl,sex_m,age_aggregate_y25_54,2020,11699.736
phl,sex_m,age_aggregate_y25_54,2021,12448.152
phl,sex_m,age_aggregate_y25_54,2022,13459.712
phl,sex_m,age_aggregate_y55_64,2001,540.926
phl,sex_m,age_aggregate_y55_64,2003,546.705
phl,sex_m,age_aggregate_y55_64,2004,566.558
phl,sex_m,age_aggregate_y55_64,2005,569.505
phl,sex_m,age_aggregate_y55_64,2006,551.634
phl,sex_m,age_aggregate_y55_64,2007,600.446
phl,sex_m,age_aggregate_y55_64,2008,627.868
phl,sex_m,age_aggregate_y55_64,2009,700.066
phl,sex_m,age_aggregate_y55_64,2010,770.301
phl,sex_m,age_aggregate_y55_64,2011,798.027
phl,sex_m,age_aggregate_y55_64,2012,837.534
phl,sex_m,age_aggregate_y55_64,2013,869.085
phl,sex_m,age_aggregate_y55_64,2014,860.012
phl,sex_m,age_aggregate_y55_64,2015,948.788
phl,sex_m,age_aggregate_y55_64,2016,1145.223
phl,sex_m,age_aggregate_y55_64,2017,1155.373
phl,sex_m,age_aggregate_y55_64,2018,1270.629
phl,sex_m,age_aggregate_y55_64,2019,1328.458
phl,sex_m,age_aggregate_y55_64,2020,1222.031
phl,sex_m,age_aggregate_y55_64,2021,1341.178
phl,sex_m,age_aggregate_y55_64,2022,1492.792
phl,sex_m,age_aggregate_yge65,2001,141.421
phl,sex_m,age_aggregate_yge65,2003,133.774
phl,sex_m,age_aggregate_yge65,2004,134.828
phl,sex_m,age_aggregate_yge65,2005,130.372
phl,sex_m,age_aggregate_yge65,2006,117.633
phl,sex_m,age_aggregate_yge65,2007,128.068
phl,sex_m,age_aggregate_yge65,2008,124.802
phl,sex_m,age_aggregate_yge65,2009,132.474
phl,sex_m,age_aggregate_yge65,2010,148.541
phl,sex_m,age_aggregate_yge65,2011,144.961
phl,sex_m,age_aggregate_yge65,2012,172.225
phl,sex_m,age_aggregate_yge65,2013,175.461
phl,sex_m,age_aggregate_yge65,2014,171.465
phl,sex_m,age_aggregate_yge65,2015,194.643
phl,sex_m,age_aggregate_yge65,2016,246.095
phl,sex_m,age_aggregate_yge65,2017,227.652
phl,sex_m,age_aggregate_yge65,2018,266.97
phl,sex_m,age_aggregate_yge65,2019,285.291
phl,sex_m,age_aggregate_yge65,2020,267.187
phl,sex_m,age_aggregate_yge65,2021,319.342
phl,sex_m,age_aggregate_yge65,2022,375.602
phl,sex_m,age_ythadult_y15_24,2001,2112.063
phl,sex_m,age_ythadult_y15_24,2003,2208.685
phl,sex_m,age_ythadult_y15_24,2004,2356.723
phl,sex_m,age_ythadult_y15_24,2005,2249.087
phl,sex_m,age_ythadult_y15_24,2006,2288.313
phl,sex_m,age_ythadult_y15_24,2007,2363.256
phl,sex_m,age_ythadult_y15_24,2008,2408.179
phl,sex_m,age_ythadult_y15_24,2009,2505.712
phl,sex_m,age_ythadult_y15_24,2010,2600.546
phl,sex_m,age_ythadult_y15_24,2011,2857.689
phl,sex_m,age_ythadult_y15_24,2012,2980.919
phl,sex_m,age_ythadult_y15_24,2013,3083.982
phl,sex_m,age_ythadult_y15_24,2014,3047.201
phl,sex_m,age_ythadult_y15_24,2015,3106.957
phl,sex_m,age_ythadult_y15_24,2016,3309.644
phl,sex_m,age_ythadult_y15_24,2017,3188.239
phl,sex_m,age_ythadult_y15_24,2018,3155.215
phl,sex_m,age_ythadult_y15_24,2019,3052.502
phl,sex_m,age_ythadult_y15_24,2020,2497.56
phl,sex_m,age_ythadult_y15_24,2021,2646.199
phl,sex_m,age_ythadult_y15_24,2022,2751.075
phl,sex_m,age_ythadult_y15_64,2001,8732.492
phl,sex_m,age_ythadult_y15_64,2003,9313.099
phl,sex_m,age_ythadult_y15_64,2004,10137.414
phl,sex_m,age_ythadult_y15_64,2005,9906.259
phl,sex_m,age_ythadult_y15_64,2006,10108.827
phl,sex_m,age_ythadult_y15_64,2007,10588.244
phl,sex_m,age_ythadult_y15_64,2008,10889.795
phl,sex_m,age_ythadult_y15_64,2009,11370.464
phl,sex_m,age_ythadult_y15_64,2010,11907.388
phl,sex_m,age_ythadult_y15_64,2011,12527.242
phl,sex_m,age_ythadult_y15_64,2012,13181.488
phl,sex_m,age_ythadult_y15_64,2013,13624.805
phl,sex_m,age_ythadult_y15_64,2014,13452.069
phl,sex_m,age_ythadult_y15_64,2015,14125.285
phl,sex_m,age_ythadult_y15_64,2016,15649.944
phl,sex_m,age_ythadult_y15_64,2017,15808.855
phl,sex_m,age_ythadult_y15_64,2018,16412.58
phl,sex_m,age_ythadult_y15_64,2019,16866.992
phl,sex_m,age_ythadult_y15_64,2020,15419.326
phl,sex_m,age_ythadult_y15_64,2021,16435.53
phl,sex_m,age_ythadult_y15_64,2022,17703.58
phl,sex_m,age_ythadult_yge15,1995,7625
phl,sex_m,age_ythadult_yge15,1996,8091.25
phl,sex_m,age_ythadult_yge15,1997,8319.25
phl,sex_m,age_ythadult_yge15,1998,8445.5
phl,sex_m,age_ythadult_yge15,1999,8644.5
phl,sex_m,age_ythadult_yge15,2000,8717.25
phl,sex_m,age_ythadult_yge15,2001,8873.914
phl,sex_m,age_ythadult_yge15,2003,9446.872
phl,sex_m,age_ythadult_yge15,2004,10272.243
phl,sex_m,age_ythadult_yge15,2005,10036.63
phl,sex_m,age_ythadult_yge15,2006,10226.46
phl,sex_m,age_ythadult_yge15,2007,10716.313
phl,sex_m,age_ythadult_yge15,2008,11014.597
phl,sex_m,age_ythadult_yge15,2009,11502.938
phl,sex_m,age_ythadult_yge15,2010,12055.929
phl,sex_m,age_ythadult_yge15,2011,12672.203
phl,sex_m,age_ythadult_yge15,2012,13353.712
phl,sex_m,age_ythadult_yge15,2013,13800.266
phl,sex_m,age_ythadult_yge15,2014,13623.534
phl,sex_m,age_ythadult_yge15,2015,14319.927
phl,sex_m,age_ythadult_yge15,2016,15896.039
phl,sex_m,age_ythadult_yge15,2017,16036.507
phl,sex_m,age_ythadult_yge15,2018,16679.55
phl,sex_m,age_ythadult_yge15,2019,17152.283
phl,sex_m,age_ythadult_yge15,2020,15686.514
phl,sex_m,age_ythadult_yge15,2021,16754.872
phl,sex_m,age_ythadult_yge15,2022,18079.182
phl,sex_m,age_ythadult_yge25,2001,6761.851
phl,sex_m,age_ythadult_yge25,2003,7238.188
phl,sex_m,age_ythadult_yge25,2004,7915.52
phl,sex_m,age_ythadult_yge25,2005,7787.543
phl,sex_m,age_ythadult_yge25,2006,7938.147
phl,sex_m,age_ythadult_yge25,2007,8353.057
phl,sex_m,age_ythadult_yge25,2008,8606.418
phl,sex_m,age_ythadult_yge25,2009,8997.226
phl,sex_m,age_ythadult_yge25,2010,9455.383
phl,sex_m,age_ythadult_yge25,2011,9814.514
phl,sex_m,age_ythadult_yge25,2012,10372.793
phl,sex_m,age_ythadult_yge25,2013,10716.284
phl,sex_m,age_ythadult_yge25,2014,10576.333
phl,sex_m,age_ythadult_yge25,2015,11212.97
phl,sex_m,age_ythadult_yge25,2016,12586.394
phl,sex_m,age_ythadult_yge25,2017,12848.267
phl,sex_m,age_ythadult_yge25,2018,13524.335
phl,sex_m,age_ythadult_yge25,2019,14099.78
phl,sex_m,age_ythadult_yge25,2020,13188.954
phl,sex_m,age_ythadult_yge25,2021,14108.673
phl,sex_m,age_ythadult_yge25,2022,15328.106
phl,sex_t,age_10yrbands_total,2001,14299.809
phl,sex_t,age_10yrbands_total,2003,15214.652
phl,sex_t,age_10yrbands_total,2004,16343.137
phl,sex_t,age_10yrbands_total,2005,16188.739
phl,sex_t,age_10yrbands_total,2006,16548.191
phl,sex_t,age_10yrbands_total,2007,17355.46
phl,sex_t,age_10yrbands_total,2008,17740.958
phl,sex_t,age_10yrbands_total,2009,18571.629
phl,sex_t,age_10yrbands_total,2010,19515.268
phl,sex_t,age_10yrbands_total,2011,20425.214
phl,sex_t,age_10yrbands_total,2012,21370.685
phl,sex_t,age_10yrbands_total,2013,22119.915
phl,sex_t,age_10yrbands_total,2014,21918.061
phl,sex_t,age_10yrbands_total,2015,23085.958
phl,sex_t,age_10yrbands_total,2016,25107.224
phl,sex_t,age_10yrbands_total,2017,25089.287
phl,sex_t,age_10yrbands_total,2018,26128.032
phl,sex_t,age_10yrbands_total,2019,27090.643
phl,sex_t,age_10yrbands_total,2020,24648.395
phl,sex_t,age_10yrbands_total,2021,26101.177
phl,sex_t,age_10yrbands_total,2022,28836.105
phl,sex_t,age_10yrbands_y15_24,2001,3655.702
phl,sex_t,age_10yrbands_y15_24,2003,3795.164
phl,sex_t,age_10yrbands_y15_24,2004,4016.308
phl,sex_t,age_10yrbands_y15_24,2005,3939.692
phl,sex_t,age_10yrbands_y15_24,2006,4043.989
phl,sex_t,age_10yrbands_y15_24,2007,4149.426
phl,sex_t,age_10yrbands_y15_24,2008,4157.081
phl,sex_t,age_10yrbands_y15_24,2009,4304.96
phl,sex_t,age_10yrbands_y15_24,2010,4465.681
phl,sex_t,age_10yrbands_y15_24,2011,4787.931
phl,sex_t,age_10yrbands_y15_24,2012,4939.599
phl,sex_t,age_10yrbands_y15_24,2013,5079.877
phl,sex_t,age_10yrbands_y15_24,2014,5028.569
phl,sex_t,age_10yrbands_y15_24,2015,5147.982
phl,sex_t,age_10yrbands_y15_24,2016,5332.903
phl,sex_t,age_10yrbands_y15_24,2017,5070.116
phl,sex_t,age_10yrbands_y15_24,2018,5024.876
phl,sex_t,age_10yrbands_y15_24,2019,4893.063
phl,sex_t,age_10yrbands_y15_24,2020,3976.433
phl,sex_t,age_10yrbands_y15_24,2021,4088.005
phl,sex_t,age_10yrbands_y15_24,2022,4245.009
phl,sex_t,age_10yrbands_y25_34,2001,3775.041
phl,sex_t,age_10yrbands_y25_34,2003,4482.574
phl,sex_t,age_10yrbands_y25_34,2004,5228.375
phl,sex_t,age_10yrbands_y25_34,2005,5196.268
phl,sex_t,age_10yrbands_y25_34,2006,5188.79
phl,sex_t,age_10yrbands_y25_34,2007,5454.55
phl,sex_t,age_10yrbands_y25_34,2008,5618.151
phl,sex_t,age_10yrbands_y25_34,2009,5861.094
phl,sex_t,age_10yrbands_y25_34,2010,6159.969
phl,sex_t,age_10yrbands_y25_34,2011,6393.007
phl,sex_t,age_10yrbands_y25_34,2012,6610.739
phl,sex_t,age_10yrbands_y25_34,2013,6834.446
phl,sex_t,age_10yrbands_y25_34,2014,6825.964
phl,sex_t,age_10yrbands_y25_34,2015,7227.165
phl,sex_t,age_10yrbands_y25_34,2016,7631.869
phl,sex_t,age_10yrbands_y25_34,2017,7882.333
phl,sex_t,age_10yrbands_y25_34,2018,8213.343
phl,sex_t,age_10yrbands_y25_34,2019,8670.255
phl,sex_t,age_10yrbands_y25_34,2020,8021.881
phl,sex_t,age_10yrbands_y25_34,2021,8565.184
phl,sex_t,age_10yrbands_y25_34,2022,9593.863
phl,sex_t,age_10yrbands_y35_44,2001,3421.094
phl,sex_t,age_10yrbands_y35_44,2003,3496.129
phl,sex_t,age_10yrbands_y35_44,2004,3677.956
phl,sex_t,age_10yrbands_y35_44,2005,3670.642
phl,sex_t,age_10yrbands_y35_44,2006,3805.995
phl,sex_t,age_10yrbands_y35_44,2007,3983.464
phl,sex_t,age_10yrbands_y35_44,2008,4079.171
phl,sex_t,age_10yrbands_y35_44,2009,4214.911
phl,sex_t,age_10yrbands_y35_44,2010,4409.441
phl,sex_t,age_10yrbands_y35_44,2011,4564.684
phl,sex_t,age_10yrbands_y35_44,2012,4865.59
phl,sex_t,age_10yrbands_y35_44,2013,5045.434
phl,sex_t,age_10yrbands_y35_44,2014,4990.13
phl,sex_t,age_10yrbands_y35_44,2015,5250.229
phl,sex_t,age_10yrbands_y35_44,2016,5805.326
phl,sex_t,age_10yrbands_y35_44,2017,5784.118
phl,sex_t,age_10yrbands_y35_44,2018,6074.446
phl,sex_t,age_10yrbands_y35_44,2019,6391.719
phl,sex_t,age_10yrbands_y35_44,2020,5993.026
phl,sex_t,age_10yrbands_y35_44,2021,6326.271
phl,sex_t,age_10yrbands_y35_44,2022,6989.046
phl,sex_t,age_10yrbands_y45_54,2001,2317.838
phl,sex_t,age_10yrbands_y45_54,2003,2294.432
phl,sex_t,age_10yrbands_y45_54,2004,2253.41
phl,sex_t,age_10yrbands_y45_54,2005,2218.897
phl,sex_t,age_10yrbands_y45_54,2006,2385.235
phl,sex_t,age_10yrbands_y45_54,2007,2527.982
phl,sex_t,age_10yrbands_y45_54,2008,2615.85
phl,sex_t,age_10yrbands_y45_54,2009,2792.059
phl,sex_t,age_10yrbands_y45_54,2010,2945.844
phl,sex_t,age_10yrbands_y45_54,2011,3086.002
phl,sex_t,age_10yrbands_y45_54,2012,3263.881
phl,sex_t,age_10yrbands_y45_54,2013,3409.584
phl,sex_t,age_10yrbands_y45_54,2014,3347.076
phl,sex_t,age_10yrbands_y45_54,2015,3567.464
phl,sex_t,age_10yrbands_y45_54,2016,4027.285
phl,sex_t,age_10yrbands_y45_54,2017,4065.749
phl,sex_t,age_10yrbands_y45_54,2018,4294.939
phl,sex_t,age_10yrbands_y45_54,2019,4469.397
phl,sex_t,age_10yrbands_y45_54,2020,4198.656
phl,sex_t,age_10yrbands_y45_54,2021,4427.292
phl,sex_t,age_10yrbands_y45_54,2022,4909.917
phl,sex_t,age_10yrbands_y55_64,2001,906.218
phl,sex_t,age_10yrbands_y55_64,2003,923.464
phl,sex_t,age_10yrbands_y55_64,2004,952.226
phl,sex_t,age_10yrbands_y55_64,2005,953.814
phl,sex_t,age_10yrbands_y55_64,2006,928.784
phl,sex_t,age_10yrbands_y55_64,2007,1018.84
phl,sex_t,age_10yrbands_y55_64,2008,1060.138
phl,sex_t,age_10yrbands_y55_64,2009,1173.101
phl,sex_t,age_10yrbands_y55_64,2010,1287.093
phl,sex_t,age_10yrbands_y55_64,2011,1345.173
phl,sex_t,age_10yrbands_y55_64,2012,1405.731
phl,sex_t,age_10yrbands_y55_64,2013,1461.158
phl,sex_t,age_10yrbands_y55_64,2014,1435.438
phl,sex_t,age_10yrbands_y55_64,2015,1566.021
phl,sex_t,age_10yrbands_y55_64,2016,1894.968
phl,sex_t,age_10yrbands_y55_64,2017,1903.881
phl,sex_t,age_10yrbands_y55_64,2018,2048.336
phl,sex_t,age_10yrbands_y55_64,2019,2164.323
phl,sex_t,age_10yrbands_y55_64,2020,2018.658
phl,sex_t,age_10yrbands_y55_64,2021,2167.987
phl,sex_t,age_10yrbands_y55_64,2022,2457.338
phl,sex_t,age_10yrbands_yge65,2001,223.916
phl,sex_t,age_10yrbands_yge65,2003,222.889
phl,sex_t,age_10yrbands_yge65,2004,214.862
phl,sex_t,age_10yrbands_yge65,2005,209.426
phl,sex_t,age_10yrbands_yge65,2006,195.397
phl,sex_t,age_10yrbands_yge65,2007,221.198
phl,sex_t,age_10yrbands_yge65,2008,210.567
phl,sex_t,age_10yrbands_yge65,2009,225.504
phl,sex_t,age_10yrbands_yge65,2010,247.239
phl,sex_t,age_10yrbands_yge65,2011,248.417
phl,sex_t,age_10yrbands_yge65,2012,285.145
phl,sex_t,age_10yrbands_yge65,2013,289.415
phl,sex_t,age_10yrbands_yge65,2014,290.884
phl,sex_t,age_10yrbands_yge65,2015,327.098
phl,sex_t,age_10yrbands_yge65,2016,414.874
phl,sex_t,age_10yrbands_yge65,2017,383.09
phl,sex_t,age_10yrbands_yge65,2018,472.092
phl,sex_t,age_10yrbands_yge65,2019,501.886
phl,sex_t,age_10yrbands_yge65,2020,439.741
phl,sex_t,age_10yrbands_yge65,2021,526.439
phl,sex_t,age_10yrbands_yge65,2022,640.932
phl,sex_t,age_5yrbands_total,2001,14299.809
phl,sex_t,age_5yrbands_total,2003,15214.652
phl,sex_t,age_5yrbands_total,2004,16343.137
phl,sex_t,age_5yrbands_total,2005,16188.739
phl,sex_t,age_5yrbands_total,2006,16548.191
phl,sex_t,age_5yrbands_total,2007,17355.46
phl,sex_t,age_5yrbands_total,2008,17740.958
phl,sex_t,age_5yrbands_total,2009,18571.629
phl,sex_t,age_5yrbands_total,2010,19515.268
phl,sex_t,age_5yrbands_total,2011,20425.214
phl,sex_t,age_5yrbands_total,2012,21370.685
phl,sex_t,age_5yrbands_total,2013,22119.915
phl,sex_t,age_5yrbands_total,2014,21918.061
phl,sex_t,age_5yrbands_total,2015,23085.958
phl,sex_t,age_5yrbands_total,2016,25107.224
phl,sex_t,age_5yrbands_total,2017,25089.287
phl,sex_t,age_5yrbands_total,2018,26128.032
phl,sex_t,age_5yrbands_total,2019,27090.643
phl,sex_t,age_5yrbands_total,2020,24648.395
phl,sex_t,age_5yrbands_total,2021,26101.177
phl,sex_t,age_5yrbands_total,2022,28836.105
phl,sex_t,age_5yrbands_y15_19,2001,1327.387
phl,sex_t,age_5yrbands_y15_19,2003,1332.365
phl,sex_t,age_5yrbands_y15_19,2004,1425.469
phl,sex_t,age_5yrbands_y15_19,2005,1391.395
phl,sex_t,age_5yrbands_y15_19,2006,1502.598
phl,sex_t,age_5yrbands_y15_19,2007,1542.365
phl,sex_t,age_5yrbands_y15_19,2008,1541.2
phl,sex_t,age_5yrbands_y15_19,2009,1598.685
phl,sex_t,age_5yrbands_y15_19,2010,1581.047
phl,sex_t,age_5yrbands_y15_19,2011,1667.602
phl,sex_t,age_5yrbands_y15_19,2012,1706.504
phl,sex_t,age_5yrbands_y15_19,2013,1663.057
phl,sex_t,age_5yrbands_y15_19,2014,1562.573
phl,sex_t,age_5yrbands_y15_19,2015,1518.568
phl,sex_t,age_5yrbands_y15_19,2016,1459.46
phl,sex_t,age_5yrbands_y15_19,2017,1246.601
phl,sex_t,age_5yrbands_y15_19,2018,1193.552
phl,sex_t,age_5yrbands_y15_19,2019,1039.254
phl,sex_t,age_5yrbands_y15_19,2020,795.869
phl,sex_t,age_5yrbands_y15_19,2021,933.604
phl,sex_t,age_5yrbands_y15_19,2022,973.206
phl,sex_t,age_5yrbands_y20_24,2001,2328.315
phl,sex_t,age_5yrbands_y20_24,2003,2462.799
phl,sex_t,age_5yrbands_y20_24,2004,2590.839
phl,sex_t,age_5yrbands_y20_24,2005,2548.298
phl,sex_t,age_5yrbands_y20_24,2006,2541.391
phl,sex_t,age_5yrbands_y20_24,2007,2607.061
phl,sex_t,age_5yrbands_y20_24,2008,2615.881
phl,sex_t,age_5yrbands_y20_24,2009,2706.275
phl,sex_t,age_5yrbands_y20_24,2010,2884.634
phl,sex_t,age_5yrbands_y20_24,2011,3120.329
phl,sex_t,age_5yrbands_y20_24,2012,3233.095
phl,sex_t,age_5yrbands_y20_24,2013,3416.82
phl,sex_t,age_5yrbands_y20_24,2014,3465.997
phl,sex_t,age_5yrbands_y20_24,2015,3629.414
phl,sex_t,age_5yrbands_y20_24,2016,3873.442
phl,sex_t,age_5yrbands_y20_24,2017,3823.515
phl,sex_t,age_5yrbands_y20_24,2018,3831.324
phl,sex_t,age_5yrbands_y20_24,2019,3853.809
phl,sex_t,age_5yrbands_y20_24,2020,3180.564
phl,sex_t,age_5yrbands_y20_24,2021,3154.401
phl,sex_t,age_5yrbands_y20_24,2022,3271.803
phl,sex_t,age_5yrbands_y25_29,2001,1929.572
phl,sex_t,age_5yrbands_y25_29,2003,2329.616
phl,sex_t,age_5yrbands_y25_29,2004,2711.265
phl,sex_t,age_5yrbands_y25_29,2005,2762.507
phl,sex_t,age_5yrbands_y25_29,2006,2773.664
phl,sex_t,age_5yrbands_y25_29,2007,2944.054
phl,sex_t,age_5yrbands_y25_29,2008,3023.788
phl,sex_t,age_5yrbands_y25_29,2009,3116.59
phl,sex_t,age_5yrbands_y25_29,2010,3246.408
phl,sex_t,age_5yrbands_y25_29,2011,3354.093
phl,sex_t,age_5yrbands_y25_29,2012,3468.591
phl,sex_t,age_5yrbands_y25_29,2013,3609.412
phl,sex_t,age_5yrbands_y25_29,2014,3625.924
phl,sex_t,age_5yrbands_y25_29,2015,3942.599
phl,sex_t,age_5yrbands_y25_29,2016,4125.801
phl,sex_t,age_5yrbands_y25_29,2017,4345.858
phl,sex_t,age_5yrbands_y25_29,2018,4401.991
phl,sex_t,age_5yrbands_y25_29,2019,4685.654
phl,sex_t,age_5yrbands_y25_29,2020,4274.997
phl,sex_t,age_5yrbands_y25_29,2021,4534.581
phl,sex_t,age_5yrbands_y25_29,2022,5120.776
phl,sex_t,age_5yrbands_y30_34,2001,1845.469
phl,sex_t,age_5yrbands_y30_34,2003,2152.957
phl,sex_t,age_5yrbands_y30_34,2004,2517.11
phl,sex_t,age_5yrbands_y30_34,2005,2433.76
phl,sex_t,age_5yrbands_y30_34,2006,2415.126
phl,sex_t,age_5yrbands_y30_34,2007,2510.496
phl,sex_t,age_5yrbands_y30_34,2008,2594.364
phl,sex_t,age_5yrbands_y30_34,2009,2744.504
phl,sex_t,age_5yrbands_y30_34,2010,2913.562
phl,sex_t,age_5yrbands_y30_34,2011,3038.914
phl,sex_t,age_5yrbands_y30_34,2012,3142.148
phl,sex_t,age_5yrbands_y30_34,2013,3225.034
phl,sex_t,age_5yrbands_y30_34,2014,3200.04
phl,sex_t,age_5yrbands_y30_34,2015,3284.565
phl,sex_t,age_5yrbands_y30_34,2016,3506.068
phl,sex_t,age_5yrbands_y30_34,2017,3536.475
phl,sex_t,age_5yrbands_y30_34,2018,3811.352
phl,sex_t,age_5yrbands_y30_34,2019,3984.601
phl,sex_t,age_5yrbands_y30_34,2020,3746.884
phl,sex_t,age_5yrbands_y30_34,2021,4030.603
phl,sex_t,age_5yrbands_y30_34,2022,4473.086
phl,sex_t,age_5yrbands_y35_39,2001,1788.312
phl,sex_t,age_5yrbands_y35_39,2003,1846.762
phl,sex_t,age_5yrbands_y35_39,2004,1973.736
phl,sex_t,age_5yrbands_y35_39,2005,1987.888
phl,sex_t,age_5yrbands_y35_39,2006,2042.143
phl,sex_t,age_5yrbands_y35_39,2007,2126.908
phl,sex_t,age_5yrbands_y35_39,2008,2168.117
phl,sex_t,age_5yrbands_y35_39,2009,2209.722
phl,sex_t,age_5yrbands_y35_39,2010,2270.278
phl,sex_t,age_5yrbands_y35_39,2011,2323.52
phl,sex_t,age_5yrbands_y35_39,2012,2431.661
phl,sex_t,age_5yrbands_y35_39,2013,2518.437
phl,sex_t,age_5yrbands_y35_39,2014,2522.699
phl,sex_t,age_5yrbands_y35_39,2015,2707.027
phl,sex_t,age_5yrbands_y35_39,2016,3131.289
phl,sex_t,age_5yrbands_y35_39,2017,3151.664
phl,sex_t,age_5yrbands_y35_39,2018,3288.076
phl,sex_t,age_5yrbands_y35_39,2019,3412.342
phl,sex_t,age_5yrbands_y35_39,2020,3125.009
phl,sex_t,age_5yrbands_y35_39,2021,3245.002
phl,sex_t,age_5yrbands_y35_39,2022,3547.965
phl,sex_t,age_5yrbands_y40_44,2001,1632.782
phl,sex_t,age_5yrbands_y40_44,2003,1649.367
phl,sex_t,age_5yrbands_y40_44,2004,1704.22
phl,sex_t,age_5yrbands_y40_44,2005,1682.754
phl,sex_t,age_5yrbands_y40_44,2006,1763.852
phl,sex_t,age_5yrbands_y40_44,2007,1856.555
phl,sex_t,age_5yrbands_y40_44,2008,1911.054
phl,sex_t,age_5yrbands_y40_44,2009,2005.189
phl,sex_t,age_5yrbands_y40_44,2010,2139.163
phl,sex_t,age_5yrbands_y40_44,2011,2241.164
phl,sex_t,age_5yrbands_y40_44,2012,2433.929
phl,sex_t,age_5yrbands_y40_44,2013,2526.997
phl,sex_t,age_5yrbands_y40_44,2014,2467.431
phl,sex_t,age_5yrbands_y40_44,2015,2543.202
phl,sex_t,age_5yrbands_y40_44,2016,2674.038
phl,sex_t,age_5yrbands_y40_44,2017,2632.454
phl,sex_t,age_5yrbands_y40_44,2018,2786.37
phl,sex_t,age_5yrbands_y40_44,2019,2979.377
phl,sex_t,age_5yrbands_y40_44,2020,2868.018
phl,sex_t,age_5yrbands_y40_44,2021,3081.268
phl,sex_t,age_5yrbands_y40_44,2022,3441.08
phl,sex_t,age_5yrbands_y45_49,2001,1327.869
phl,sex_t,age_5yrbands_y45_49,2003,1309.907
phl,sex_t,age_5yrbands_y45_49,2004,1283.661
phl,sex_t,age_5yrbands_y45_49,2005,1278.774
phl,sex_t,age_5yrbands_y45_49,2006,1380.054
phl,sex_t,age_5yrbands_y45_49,2007,1452.204
phl,sex_t,age_5yrbands_y45_49,2008,1514.427
phl,sex_t,age_5yrbands_y45_49,2009,1608.827
phl,sex_t,age_5yrbands_y45_49,2010,1658.261
phl,sex_t,age_5yrbands_y45_49,2011,1735.566
phl,sex_t,age_5yrbands_y45_49,2012,1808.731
phl,sex_t,age_5yrbands_y45_49,2013,1862.525
phl,sex_t,age_5yrbands_y45_49,2014,1841.253
phl,sex_t,age_5yrbands_y45_49,2015,1957.73
phl,sex_t,age_5yrbands_y45_49,2016,2244
phl,sex_t,age_5yrbands_y45_49,2017,2264.347
phl,sex_t,age_5yrbands_y45_49,2018,2408.14
phl,sex_t,age_5yrbands_y45_49,2019,2480.382
phl,sex_t,age_5yrbands_y45_49,2020,2281.982
phl,sex_t,age_5yrbands_y45_49,2021,2400.584
phl,sex_t,age_5yrbands_y45_49,2022,2665.581
phl,sex_t,age_5yrbands_y50_54,2001,989.969
phl,sex_t,age_5yrbands_y50_54,2003,984.525
phl,sex_t,age_5yrbands_y50_54,2004,969.75
phl,sex_t,age_5yrbands_y50_54,2005,940.122
phl,sex_t,age_5yrbands_y50_54,2006,1005.182
phl,sex_t,age_5yrbands_y50_54,2007,1075.778
phl,sex_t,age_5yrbands_y50_54,2008,1101.423
phl,sex_t,age_5yrbands_y50_54,2009,1183.232
phl,sex_t,age_5yrbands_y50_54,2010,1287.583
phl,sex_t,age_5yrbands_y50_54,2011,1350.436
phl,sex_t,age_5yrbands_y50_54,2012,1455.15
phl,sex_t,age_5yrbands_y50_54,2013,1547.06
phl,sex_t,age_5yrbands_y50_54,2014,1505.823
phl,sex_t,age_5yrbands_y50_54,2015,1609.734
phl,sex_t,age_5yrbands_y50_54,2016,1783.285
phl,sex_t,age_5yrbands_y50_54,2017,1801.402
phl,sex_t,age_5yrbands_y50_54,2018,1886.799
phl,sex_t,age_5yrbands_y50_54,2019,1989.015
phl,sex_t,age_5yrbands_y50_54,2020,1916.673
phl,sex_t,age_5yrbands_y50_54,2021,2026.707
phl,sex_t,age_5yrbands_y50_54,2022,2244.336
phl,sex_t,age_5yrbands_y55_59,2001,575.079
phl,sex_t,age_5yrbands_y55_59,2003,595.327
phl,sex_t,age_5yrbands_y55_59,2004,639.82
phl,sex_t,age_5yrbands_y55_59,2005,661.502
phl,sex_t,age_5yrbands_y55_59,2006,647.435
phl,sex_t,age_5yrbands_y55_59,2007,700.172
phl,sex_t,age_5yrbands_y55_59,2008,728.835
phl,sex_t,age_5yrbands_y55_59,2009,797.656
phl,sex_t,age_5yrbands_y55_59,2010,853.533
phl,sex_t,age_5yrbands_y55_59,2011,877.434
phl,sex_t,age_5yrbands_y55_59,2012,915.064
phl,sex_t,age_5yrbands_y55_59,2013,946.89
phl,sex_t,age_5yrbands_y55_59,2014,926.943
phl,sex_t,age_5yrbands_y55_59,2015,999.226
phl,sex_t,age_5yrbands_y55_59,2016,1210.493
phl,sex_t,age_5yrbands_y55_59,2017,1230.561
phl,sex_t,age_5yrbands_y55_59,2018,1311.006
phl,sex_t,age_5yrbands_y55_59,2019,1395.993
phl,sex_t,age_5yrbands_y55_59,2020,1312.45
phl,sex_t,age_5yrbands_y55_59,2021,1385.737
phl,sex_t,age_5yrbands_y55_59,2022,1544.091
phl,sex_t,age_5yrbands_y60_64,2001,331.14
phl,sex_t,age_5yrbands_y60_64,2003,328.137
phl,sex_t,age_5yrbands_y60_64,2004,312.406
phl,sex_t,age_5yrbands_y60_64,2005,292.313
phl,sex_t,age_5yrbands_y60_64,2006,281.349
phl,sex_t,age_5yrbands_y60_64,2007,318.668
phl,sex_t,age_5yrbands_y60_64,2008,331.303
phl,sex_t,age_5yrbands_y60_64,2009,375.445
phl,sex_t,age_5yrbands_y60_64,2010,433.561
phl,sex_t,age_5yrbands_y60_64,2011,467.739
phl,sex_t,age_5yrbands_y60_64,2012,490.667
phl,sex_t,age_5yrbands_y60_64,2013,514.268
phl,sex_t,age_5yrbands_y60_64,2014,508.495
phl,sex_t,age_5yrbands_y60_64,2015,566.795
phl,sex_t,age_5yrbands_y60_64,2016,684.474
phl,sex_t,age_5yrbands_y60_64,2017,673.32
phl,sex_t,age_5yrbands_y60_64,2018,737.33
phl,sex_t,age_5yrbands_y60_64,2019,768.33
phl,sex_t,age_5yrbands_y60_64,2020,706.208
phl,sex_t,age_5yrbands_y60_64,2021,782.249
phl,sex_t,age_5yrbands_y60_64,2022,913.247
phl,sex_t,age_5yrbands_yge65,2001,223.916
phl,sex_t,age_5yrbands_yge65,2003,222.889
phl,sex_t,age_5yrbands_yge65,2004,214.862
phl,sex_t,age_5yrbands_yge65,2005,209.426
phl,sex_t,age_5yrbands_yge65,2006,195.397
phl,sex_t,age_5yrbands_yge65,2007,221.198
phl,sex_t,age_5yrbands_yge65,2008,210.567
phl,sex_t,age_5yrbands_yge65,2009,225.504
phl,sex_t,age_5yrbands_yge65,2010,247.239
phl,sex_t,age_5yrbands_yge65,2011,248.417
phl,sex_t,age_5yrbands_yge65,2012,285.145
phl,sex_t,age_5yrbands_yge65,2013,289.415
phl,sex_t,age_5yrbands_yge65,2014,290.884
phl,sex_t,age_5yrbands_yge65,2015,327.098
phl,sex_t,age_5yrbands_yge65,2016,414.874
phl,sex_t,age_5yrbands_yge65,2017,383.09
phl,sex_t,age_5yrbands_yge65,2018,472.092
phl,sex_t,age_5yrbands_yge65,2019,501.886
phl,sex_t,age_5yrbands_yge65,2020,439.741
phl,sex_t,age_5yrbands_yge65,2021,526.439
phl,sex_t,age_5yrbands_yge65,2022,640.932
phl,sex_t,age_aggregate_total,2001,14299.809
phl,sex_t,age_aggregate_total,2003,15214.652
phl,sex_t,age_aggregate_total,2004,16343.137
phl,sex_t,age_aggregate_total,2005,16188.739
phl,sex_t,age_aggregate_total,2006,16548.191
phl,sex_t,age_aggregate_total,2007,17355.46
phl,sex_t,age_aggregate_total,2008,17740.958
phl,sex_t,age_aggregate_total,2009,18571.629
phl,sex_t,age_aggregate_total,2010,19515.268
phl,sex_t,age_aggregate_total,2011,20425.214
phl,sex_t,age_aggregate_total,2012,21370.685
phl,sex_t,age_aggregate_total,2013,22119.915
phl,sex_t,age_aggregate_total,2014,21918.061
phl,sex_t,age_aggregate_total,2015,23085.958
phl,sex_t,age_aggregate_total,2016,25107.224
phl,sex_t,age_aggregate_total,2017,25089.287
phl,sex_t,age_aggregate_total,2018,26128.032
phl,sex_t,age_aggregate_total,2019,27090.643
phl,sex_t,age_aggregate_total,2020,24648.395
phl,sex_t,age_aggregate_total,2021,26101.177
phl,sex_t,age_aggregate_total,2022,28836.105
phl,sex_t,age_aggregate_y15_24,2001,3655.702
phl,sex_t,age_aggregate_y15_24,2003,3795.164
phl,sex_t,age_aggregate_y15_24,2004,4016.308
phl,sex_t,age_aggregate_y15_24,2005,3939.692
phl,sex_t,age_aggregate_y15_24,2006,4043.989
phl,sex_t,age_aggregate_y15_24,2007,4149.426
phl,sex_t,age_aggregate_y15_24,2008,4157.081
phl,sex_t,age_aggregate_y15_24,2009,4304.96
phl,sex_t,age_aggregate_y15_24,2010,4465.681
phl,sex_t,age_aggregate_y15_24,2011,4787.931
phl,sex_t,age_aggregate_y15_24,2012,4939.599
phl,sex_t,age_aggregate_y15_24,2013,5079.877
phl,sex_t,age_aggregate_y15_24,2014,5028.569
phl,sex_t,age_aggregate_y15_24,2015,5147.982
phl,sex_t,age_aggregate_y15_24,2016,5332.903
phl,sex_t,age_aggregate_y15_24,2017,5070.116
phl,sex_t,age_aggregate_y15_24,2018,5024.876
phl,sex_t,age_aggregate_y15_24,2019,4893.063
phl,sex_t,age_aggregate_y15_24,2020,3976.433
phl,sex_t,age_aggregate_y15_24,2021,4088.005
phl,sex_t,age_aggregate_y15_24,2022,4245.009
phl,sex_t,age_aggregate_y25_54,2001,9513.973
phl,sex_t,age_aggregate_y25_54,2003,10273.134
phl,sex_t,age_aggregate_y25_54,2004,11159.742
phl,sex_t,age_aggregate_y25_54,2005,11085.806
phl,sex_t,age_aggregate_y25_54,2006,11380.021
phl,sex_t,age_aggregate_y25_54,2007,11965.996
phl,sex_t,age_aggregate_y25_54,2008,12313.173
phl,sex_t,age_aggregate_y25_54,2009,12868.064
phl,sex_t,age_aggregate_y25_54,2010,13515.254
phl,sex_t,age_aggregate_y25_54,2011,14043.693
phl,sex_t,age_aggregate_y25_54,2012,14740.21
phl,sex_t,age_aggregate_y25_54,2013,15289.464
phl,sex_t,age_aggregate_y25_54,2014,15163.17
phl,sex_t,age_aggregate_y25_54,2015,16044.858
phl,sex_t,age_aggregate_y25_54,2016,17464.48
phl,sex_t,age_aggregate_y25_54,2017,17732.2
phl,sex_t,age_aggregate_y25_54,2018,18582.728
phl,sex_t,age_aggregate_y25_54,2019,19531.37
phl,sex_t,age_aggregate_y25_54,2020,18213.563
phl,sex_t,age_aggregate_y25_54,2021,19318.746
phl,sex_t,age_aggregate_y25_54,2022,21492.825
phl,sex_t,age_aggregate_y55_64,2001,906.218
phl,sex_t,age_aggregate_y55_64,2003,923.464
phl,sex_t,age_aggregate_y55_64,2004,952.226
phl,sex_t,age_aggregate_y55_64,2005,953.814
phl,sex_t,age_aggregate_y55_64,2006,928.784
phl,sex_t,age_aggregate_y55_64,2007,1018.84
phl,sex_t,age_aggregate_y55_64,2008,1060.138
phl,sex_t,age_aggregate_y55_64,2009,1173.101
phl,sex_t,age_aggregate_y55_64,2010,1287.093
phl,sex_t,age_aggregate_y55_64,2011,1345.173
phl,sex_t,age_aggregate_y55_64,2012,1405.731
phl,sex_t,age_aggregate_y55_64,2013,1461.158
phl,sex_t,age_aggregate_y55_64,2014,1435.438
phl,sex_t,age_aggregate_y55_64,2015,1566.021
phl,sex_t,age_aggregate_y55_64,2016,1894.968
phl,sex_t,age_aggregate_y55_64,2017,1903.881
phl,sex_t,age_aggregate_y55_64,2018,2048.336
phl,sex_t,age_aggregate_y55_64,2019,2164.323
phl,sex_t,age_aggregate_y55_64,2020,2018.658
phl,sex_t,age_aggregate_y55_64,2021,2167.987
phl,sex_t,age_aggregate_y55_64,2022,2457.338
phl,sex_t,age_aggregate_yge65,2001,223.916
phl,sex_t,age_aggregate_yge65,2003,222.889
phl,sex_t,age_aggregate_yge65,2004,214.862
phl,sex_t,age_aggregate_yge65,2005,209.426
phl,sex_t,age_aggregate_yge65,2006,195.397
phl,sex_t,age_aggregate_yge65,2007,221.198
phl,sex_t,age_aggregate_yge65,2008,210.567
phl,sex_t,age_aggregate_yge65,2009,225.504
phl,sex_t,age_aggregate_yge65,2010,247.239
phl,sex_t,age_aggregate_yge65,2011,248.417
phl,sex_t,age_aggregate_yge65,2012,285.145
phl,sex_t,age_aggregate_yge65,2013,289.415
phl,sex_t,age_aggregate_yge65,2014,290.884
phl,sex_t,age_aggregate_yge65,2015,327.098
phl,sex_t,age_aggregate_yge65,2016,414.874
phl,sex_t,age_aggregate_yge65,2017,383.09
phl,sex_t,age_aggregate_yge65,2018,472.092
phl,sex_t,age_aggregate_yge65,2019,501.886
phl,sex_t,age_aggregate_yge65,2020,439.741
phl,sex_t,age_aggregate_yge65,2021,526.439
phl,sex_t,age_aggregate_yge65,2022,640.932
phl,sex_t,age_ythadult_y15_24,2001,3655.702
phl,sex_t,age_ythadult_y15_24,2003,3795.164
phl,sex_t,age_ythadult_y15_24,2004,4016.308
phl,sex_t,age_ythadult_y15_24,2005,3939.692
phl,sex_t,age_ythadult_y15_24,2006,4043.989
phl,sex_t,age_ythadult_y15_24,2007,4149.426
phl,sex_t,age_ythadult_y15_24,2008,4157.081
phl,sex_t,age_ythadult_y15_24,2009,4304.96
phl,sex_t,age_ythadult_y15_24,2010,4465.681
phl,sex_t,age_ythadult_y15_24,2011,4787.931
phl,sex_t,age_ythadult_y15_24,2012,4939.599
phl,sex_t,age_ythadult_y15_24,2013,5079.877
phl,sex_t,age_ythadult_y15_24,2014,5028.569
phl,sex_t,age_ythadult_y15_24,2015,5147.982
phl,sex_t,age_ythadult_y15_24,2016,5332.903
phl,sex_t,age_ythadult_y15_24,2017,5070.116
phl,sex_t,age_ythadult_y15_24,2018,5024.876
phl,sex_t,age_ythadult_y15_24,2019,4893.063
phl,sex_t,age_ythadult_y15_24,2020,3976.433
phl,sex_t,age_ythadult_y15_24,2021,4088.005
phl,sex_t,age_ythadult_y15_24,2022,4245.009
phl,sex_t,age_ythadult_y15_64,2001,14075.893
phl,sex_t,age_ythadult_y15_64,2003,14991.763
phl,sex_t,age_ythadult_y15_64,2004,16128.275
phl,sex_t,age_ythadult_y15_64,2005,15979.314
phl,sex_t,age_ythadult_y15_64,2006,16352.794
phl,sex_t,age_ythadult_y15_64,2007,17134.262
phl,sex_t,age_ythadult_y15_64,2008,17530.391
phl,sex_t,age_ythadult_y15_64,2009,18346.125
phl,sex_t,age_ythadult_y15_64,2010,19268.029
phl,sex_t,age_ythadult_y15_64,2011,20176.797
phl,sex_t,age_ythadult_y15_64,2012,21085.54
phl,sex_t,age_ythadult_y15_64,2013,21830.5
phl,sex_t,age_ythadult_y15_64,2014,21627.177
phl,sex_t,age_ythadult_y15_64,2015,22758.861
phl,sex_t,age_ythadult_y15_64,2016,24692.351
phl,sex_t,age_ythadult_y15_64,2017,24706.197
phl,sex_t,age_ythadult_y15_64,2018,25655.94
phl,sex_t,age_ythadult_y15_64,2019,26588.757
phl,sex_t,age_ythadult_y15_64,2020,24208.654
phl,sex_t,age_ythadult_y15_64,2021,25574.738
phl,sex_t,age_ythadult_y15_64,2022,28195.172
phl,sex_t,age_ythadult_yge15,1995,11870.25
phl,sex_t,age_ythadult_yge15,1996,12649
phl,sex_t,age_ythadult_yge15,1997,13042.5
phl,sex_t,age_ythadult_yge15,1998,13284.75
phl,sex_t,age_ythadult_yge15,1999,13761
phl,sex_t,age_ythadult_yge15,2000,13925
phl,sex_t,age_ythadult_yge15,2001,14299.809
phl,sex_t,age_ythadult_yge15,2003,15214.652
phl,sex_t,age_ythadult_yge15,2004,16343.137
phl,sex_t,age_ythadult_yge15,2005,16188.739
phl,sex_t,age_ythadult_yge15,2006,16548.191
phl,sex_t,age_ythadult_yge15,2007,17355.46
phl,sex_t,age_ythadult_yge15,2008,17740.958
phl,sex_t,age_ythadult_yge15,2009,18571.629
phl,sex_t,age_ythadult_yge15,2010,19515.268
phl,sex_t,age_ythadult_yge15,2011,20425.214
phl,sex_t,age_ythadult_yge15,2012,21370.685
phl,sex_t,age_ythadult_yge15,2013,22119.915
phl,sex_t,age_ythadult_yge15,2014,21918.061
phl,sex_t,age_ythadult_yge15,2015,23085.958
phl,sex_t,age_ythadult_yge15,2016,25107.224
phl,sex_t,age_ythadult_yge15,2017,25089.287
phl,sex_t,age_ythadult_yge15,2018,26128.032
phl,sex_t,age_ythadult_yge15,2019,27090.643
phl,sex_t,age_ythadult_yge15,2020,24648.395
phl,sex_t,age_ythadult_yge15,2021,26101.177
phl,sex_t,age_ythadult_yge15,2022,28836.105
phl,sex_t,age_ythadult_yge25,2001,10644.107
phl,sex_t,age_ythadult_yge25,2003,11419.488
phl,sex_t,age_ythadult_yge25,2004,12326.829
phl,sex_t,age_ythadult_yge25,2005,12249.047
phl,sex_t,age_ythadult_yge25,2006,12504.202
phl,sex_t,age_ythadult_yge25,2007,13206.034
phl,sex_t,age_ythadult_yge25,2008,13583.877
phl,sex_t,age_ythadult_yge25,2009,14266.669
phl,sex_t,age_ythadult_yge25,2010,15049.587
phl,sex_t,age_ythadult_yge25,2011,15637.283
phl,sex_t,age_ythadult_yge25,2012,16431.086
phl,sex_t,age_ythadult_yge25,2013,17040.037
phl,sex_t,age_ythadult_yge25,2014,16889.492
phl,sex_t,age_ythadult_yge25,2015,17937.977
phl,sex_t,age_ythadult_yge25,2016,19774.321
phl,sex_t,age_ythadult_yge25,2017,20019.171
phl,sex_t,age_ythadult_yge25,2018,21103.156
phl,sex_t,age_ythadult_yge25,2019,22197.579
phl,sex_t,age_ythadult_yge25,2020,20671.962
phl,sex_t,age_ythadult_yge25,2021,22013.172
phl,sex_t,age_ythadult_yge25,2022,24591.096
