ref_area,sex,classif1,classif2,time,emp_2emp_sex_geo_ste_dt
khm,sex_f,geo_cov_nat,ste_aggregate_ees,2005,15.441
khm,sex_f,geo_cov_nat,ste_aggregate_ees,2006,17.023
khm,sex_f,geo_cov_nat,ste_aggregate_ees,2007,18.712
khm,sex_f,geo_cov_nat,ste_aggregate_ees,2008,20.466
khm,sex_f,geo_cov_nat,ste_aggregate_ees,2009,22.218
khm,sex_f,geo_cov_nat,ste_aggregate_ees,2010,23.632
khm,sex_f,geo_cov_nat,ste_aggregate_ees,2011,26.472
khm,sex_f,geo_cov_nat,ste_aggregate_ees,2012,30.236
khm,sex_f,geo_cov_nat,ste_aggregate_ees,2013,33.801
khm,sex_f,geo_cov_nat,ste_aggregate_ees,2014,38.633
khm,sex_f,geo_cov_nat,ste_aggregate_ees,2015,42.297
khm,sex_f,geo_cov_nat,ste_aggregate_ees,2016,41.625
khm,sex_f,geo_cov_nat,ste_aggregate_ees,2017,41.599
khm,sex_f,geo_cov_nat,ste_aggregate_ees,2018,41.579
khm,sex_f,geo_cov_nat,ste_aggregate_ees,2019,41.545
khm,sex_f,geo_cov_nat,ste_aggregate_ees,2020,41.519
khm,sex_f,geo_cov_nat,ste_aggregate_ees,2021,41.493
khm,sex_f,geo_cov_nat,ste_aggregate_ees,2022,41.467
khm,sex_f,geo_cov_nat,ste_aggregate_ees,2023,41.439
khm,sex_f,geo_cov_nat,ste_aggregate_ees,2024,41.411
khm,sex_f,geo_cov_nat,ste_aggregate_slf,2005,84.559
khm,sex_f,geo_cov_nat,ste_aggregate_slf,2006,82.977
khm,sex_f,geo_cov_nat,ste_aggregate_slf,2007,81.288
khm,sex_f,geo_cov_nat,ste_aggregate_slf,2008,79.534
khm,sex_f,geo_cov_nat,ste_aggregate_slf,2009,77.782
khm,sex_f,geo_cov_nat,ste_aggregate_slf,2010,76.368
khm,sex_f,geo_cov_nat,ste_aggregate_slf,2011,73.528
khm,sex_f,geo_cov_nat,ste_aggregate_slf,2012,69.764
khm,sex_f,geo_cov_nat,ste_aggregate_slf,2013,66.199
khm,sex_f,geo_cov_nat,ste_aggregate_slf,2014,61.367
khm,sex_f,geo_cov_nat,ste_aggregate_slf,2015,57.703
khm,sex_f,geo_cov_nat,ste_aggregate_slf,2016,58.375
khm,sex_f,geo_cov_nat,ste_aggregate_slf,2017,58.401
khm,sex_f,geo_cov_nat,ste_aggregate_slf,2018,58.421
khm,sex_f,geo_cov_nat,ste_aggregate_slf,2019,58.455
khm,sex_f,geo_cov_nat,ste_aggregate_slf,2020,58.481
khm,sex_f,geo_cov_nat,ste_aggregate_slf,2021,58.507
khm,sex_f,geo_cov_nat,ste_aggregate_slf,2022,58.533
khm,sex_f,geo_cov_nat,ste_aggregate_slf,2023,58.561
khm,sex_f,geo_cov_nat,ste_aggregate_slf,2024,58.589
khm,sex_f,geo_cov_nat,ste_aggregate_total,2005,100
khm,sex_f,geo_cov_nat,ste_aggregate_total,2006,100
khm,sex_f,geo_cov_nat,ste_aggregate_total,2007,100
khm,sex_f,geo_cov_nat,ste_aggregate_total,2008,100
khm,sex_f,geo_cov_nat,ste_aggregate_total,2009,100
khm,sex_f,geo_cov_nat,ste_aggregate_total,2010,100
khm,sex_f,geo_cov_nat,ste_aggregate_total,2011,100
khm,sex_f,geo_cov_nat,ste_aggregate_total,2012,100
khm,sex_f,geo_cov_nat,ste_aggregate_total,2013,100
khm,sex_f,geo_cov_nat,ste_aggregate_total,2014,100
khm,sex_f,geo_cov_nat,ste_aggregate_total,2015,100
khm,sex_f,geo_cov_nat,ste_aggregate_total,2016,100
khm,sex_f,geo_cov_nat,ste_aggregate_total,2017,100
khm,sex_f,geo_cov_nat,ste_aggregate_total,2018,100
khm,sex_f,geo_cov_nat,ste_aggregate_total,2019,100
khm,sex_f,geo_cov_nat,ste_aggregate_total,2020,100
khm,sex_f,geo_cov_nat,ste_aggregate_total,2021,100
khm,sex_f,geo_cov_nat,ste_aggregate_total,2022,100
khm,sex_f,geo_cov_nat,ste_aggregate_total,2023,100
khm,sex_f,geo_cov_nat,ste_aggregate_total,2024,100
khm,sex_f,geo_cov_nat,ste_icse93_1,2005,15.441
khm,sex_f,geo_cov_nat,ste_icse93_1,2006,17.023
khm,sex_f,geo_cov_nat,ste_icse93_1,2007,18.712
khm,sex_f,geo_cov_nat,ste_icse93_1,2008,20.466
khm,sex_f,geo_cov_nat,ste_icse93_1,2009,22.218
khm,sex_f,geo_cov_nat,ste_icse93_1,2010,23.632
khm,sex_f,geo_cov_nat,ste_icse93_1,2011,26.472
khm,sex_f,geo_cov_nat,ste_icse93_1,2012,30.236
khm,sex_f,geo_cov_nat,ste_icse93_1,2013,33.801
khm,sex_f,geo_cov_nat,ste_icse93_1,2014,38.633
khm,sex_f,geo_cov_nat,ste_icse93_1,2015,42.297
khm,sex_f,geo_cov_nat,ste_icse93_1,2016,41.625
khm,sex_f,geo_cov_nat,ste_icse93_1,2017,41.599
khm,sex_f,geo_cov_nat,ste_icse93_1,2018,41.579
khm,sex_f,geo_cov_nat,ste_icse93_1,2019,41.545
khm,sex_f,geo_cov_nat,ste_icse93_1,2020,41.519
khm,sex_f,geo_cov_nat,ste_icse93_1,2021,41.493
khm,sex_f,geo_cov_nat,ste_icse93_1,2022,41.467
khm,sex_f,geo_cov_nat,ste_icse93_1,2023,41.439
khm,sex_f,geo_cov_nat,ste_icse93_1,2024,41.411
khm,sex_f,geo_cov_nat,ste_icse93_2,2005,0.24
khm,sex_f,geo_cov_nat,ste_icse93_2,2006,0.253
khm,sex_f,geo_cov_nat,ste_icse93_2,2007,0.266
khm,sex_f,geo_cov_nat,ste_icse93_2,2008,0.276
khm,sex_f,geo_cov_nat,ste_icse93_2,2009,0.286
khm,sex_f,geo_cov_nat,ste_icse93_2,2010,0.153
khm,sex_f,geo_cov_nat,ste_icse93_2,2011,0.146
khm,sex_f,geo_cov_nat,ste_icse93_2,2012,0.139
khm,sex_f,geo_cov_nat,ste_icse93_2,2013,0.131
khm,sex_f,geo_cov_nat,ste_icse93_2,2014,0.124
khm,sex_f,geo_cov_nat,ste_icse93_2,2015,0.076
khm,sex_f,geo_cov_nat,ste_icse93_2,2016,0.056
khm,sex_f,geo_cov_nat,ste_icse93_2,2017,0.057
khm,sex_f,geo_cov_nat,ste_icse93_2,2018,0.058
khm,sex_f,geo_cov_nat,ste_icse93_2,2019,0.059
khm,sex_f,geo_cov_nat,ste_icse93_2,2020,0.059
khm,sex_f,geo_cov_nat,ste_icse93_2,2021,0.06
khm,sex_f,geo_cov_nat,ste_icse93_2,2022,0.061
khm,sex_f,geo_cov_nat,ste_icse93_2,2023,0.062
khm,sex_f,geo_cov_nat,ste_icse93_2,2024,0.063
khm,sex_f,geo_cov_nat,ste_icse93_3,2005,48.622
khm,sex_f,geo_cov_nat,ste_icse93_3,2006,50.204
khm,sex_f,geo_cov_nat,ste_icse93_3,2007,51.639
khm,sex_f,geo_cov_nat,ste_icse93_3,2008,52.695
khm,sex_f,geo_cov_nat,ste_icse93_3,2009,53.255
khm,sex_f,geo_cov_nat,ste_icse93_3,2010,57.094
khm,sex_f,geo_cov_nat,ste_icse93_3,2011,59.777
khm,sex_f,geo_cov_nat,ste_icse93_3,2012,61.193
khm,sex_f,geo_cov_nat,ste_icse93_3,2013,61.102
khm,sex_f,geo_cov_nat,ste_icse93_3,2014,55.135
khm,sex_f,geo_cov_nat,ste_icse93_3,2015,53.817
khm,sex_f,geo_cov_nat,ste_icse93_3,2016,52.887
khm,sex_f,geo_cov_nat,ste_icse93_3,2017,53.084
khm,sex_f,geo_cov_nat,ste_icse93_3,2018,53.288
khm,sex_f,geo_cov_nat,ste_icse93_3,2019,53.488
khm,sex_f,geo_cov_nat,ste_icse93_3,2020,53.674
khm,sex_f,geo_cov_nat,ste_icse93_3,2021,53.857
khm,sex_f,geo_cov_nat,ste_icse93_3,2022,54.035
khm,sex_f,geo_cov_nat,ste_icse93_3,2023,54.211
khm,sex_f,geo_cov_nat,ste_icse93_3,2024,54.385
khm,sex_f,geo_cov_nat,ste_icse93_5,2005,35.698
khm,sex_f,geo_cov_nat,ste_icse93_5,2006,32.52
khm,sex_f,geo_cov_nat,ste_icse93_5,2007,29.384
khm,sex_f,geo_cov_nat,ste_icse93_5,2008,26.563
khm,sex_f,geo_cov_nat,ste_icse93_5,2009,24.241
khm,sex_f,geo_cov_nat,ste_icse93_5,2010,19.121
khm,sex_f,geo_cov_nat,ste_icse93_5,2011,13.605
khm,sex_f,geo_cov_nat,ste_icse93_5,2012,8.432
khm,sex_f,geo_cov_nat,ste_icse93_5,2013,4.967
khm,sex_f,geo_cov_nat,ste_icse93_5,2014,6.108
khm,sex_f,geo_cov_nat,ste_icse93_5,2015,3.81
khm,sex_f,geo_cov_nat,ste_icse93_5,2016,5.432
khm,sex_f,geo_cov_nat,ste_icse93_5,2017,5.26
khm,sex_f,geo_cov_nat,ste_icse93_5,2018,5.074
khm,sex_f,geo_cov_nat,ste_icse93_5,2019,4.908
khm,sex_f,geo_cov_nat,ste_icse93_5,2020,4.748
khm,sex_f,geo_cov_nat,ste_icse93_5,2021,4.59
khm,sex_f,geo_cov_nat,ste_icse93_5,2022,4.437
khm,sex_f,geo_cov_nat,ste_icse93_5,2023,4.288
khm,sex_f,geo_cov_nat,ste_icse93_5,2024,4.141
khm,sex_f,geo_cov_nat,ste_icse93_total,2005,100
khm,sex_f,geo_cov_nat,ste_icse93_total,2006,100
khm,sex_f,geo_cov_nat,ste_icse93_total,2007,100
khm,sex_f,geo_cov_nat,ste_icse93_total,2008,100
khm,sex_f,geo_cov_nat,ste_icse93_total,2009,100
khm,sex_f,geo_cov_nat,ste_icse93_total,2010,100
khm,sex_f,geo_cov_nat,ste_icse93_total,2011,100
khm,sex_f,geo_cov_nat,ste_icse93_total,2012,100
khm,sex_f,geo_cov_nat,ste_icse93_total,2013,100
khm,sex_f,geo_cov_nat,ste_icse93_total,2014,100
khm,sex_f,geo_cov_nat,ste_icse93_total,2015,100
khm,sex_f,geo_cov_nat,ste_icse93_total,2016,100
khm,sex_f,geo_cov_nat,ste_icse93_total,2017,100
khm,sex_f,geo_cov_nat,ste_icse93_total,2018,100
khm,sex_f,geo_cov_nat,ste_icse93_total,2019,100
khm,sex_f,geo_cov_nat,ste_icse93_total,2020,100
khm,sex_f,geo_cov_nat,ste_icse93_total,2021,100
khm,sex_f,geo_cov_nat,ste_icse93_total,2022,100
khm,sex_f,geo_cov_nat,ste_icse93_total,2023,100
khm,sex_f,geo_cov_nat,ste_icse93_total,2024,100
khm,sex_f,geo_cov_rur,ste_aggregate_ees,2005,13.082
khm,sex_f,geo_cov_rur,ste_aggregate_ees,2006,14.536
khm,sex_f,geo_cov_rur,ste_aggregate_ees,2007,16.11
khm,sex_f,geo_cov_rur,ste_aggregate_ees,2008,17.557
khm,sex_f,geo_cov_rur,ste_aggregate_ees,2009,19.131
khm,sex_f,geo_cov_rur,ste_aggregate_ees,2010,20.059
khm,sex_f,geo_cov_rur,ste_aggregate_ees,2011,22.86
khm,sex_f,geo_cov_rur,ste_aggregate_ees,2012,27.182
khm,sex_f,geo_cov_rur,ste_aggregate_ees,2013,31.172
khm,sex_f,geo_cov_rur,ste_aggregate_ees,2014,33.953
khm,sex_f,geo_cov_rur,ste_aggregate_ees,2015,39.385
khm,sex_f,geo_cov_rur,ste_aggregate_ees,2016,38.58
khm,sex_f,geo_cov_rur,ste_aggregate_ees,2017,38.5
khm,sex_f,geo_cov_rur,ste_aggregate_ees,2018,38.427
khm,sex_f,geo_cov_rur,ste_aggregate_ees,2019,38.342
khm,sex_f,geo_cov_rur,ste_aggregate_ees,2020,38.263
khm,sex_f,geo_cov_rur,ste_aggregate_ees,2021,38.186
khm,sex_f,geo_cov_rur,ste_aggregate_ees,2022,38.11
khm,sex_f,geo_cov_rur,ste_aggregate_ees,2023,38.033
khm,sex_f,geo_cov_rur,ste_aggregate_ees,2024,37.957
khm,sex_f,geo_cov_rur,ste_aggregate_slf,2005,86.918
khm,sex_f,geo_cov_rur,ste_aggregate_slf,2006,85.464
khm,sex_f,geo_cov_rur,ste_aggregate_slf,2007,83.89
khm,sex_f,geo_cov_rur,ste_aggregate_slf,2008,82.443
khm,sex_f,geo_cov_rur,ste_aggregate_slf,2009,80.869
khm,sex_f,geo_cov_rur,ste_aggregate_slf,2010,79.941
khm,sex_f,geo_cov_rur,ste_aggregate_slf,2011,77.14
khm,sex_f,geo_cov_rur,ste_aggregate_slf,2012,72.818
khm,sex_f,geo_cov_rur,ste_aggregate_slf,2013,68.828
khm,sex_f,geo_cov_rur,ste_aggregate_slf,2014,66.047
khm,sex_f,geo_cov_rur,ste_aggregate_slf,2015,60.615
khm,sex_f,geo_cov_rur,ste_aggregate_slf,2016,61.42
khm,sex_f,geo_cov_rur,ste_aggregate_slf,2017,61.5
khm,sex_f,geo_cov_rur,ste_aggregate_slf,2018,61.573
khm,sex_f,geo_cov_rur,ste_aggregate_slf,2019,61.658
khm,sex_f,geo_cov_rur,ste_aggregate_slf,2020,61.737
khm,sex_f,geo_cov_rur,ste_aggregate_slf,2021,61.814
khm,sex_f,geo_cov_rur,ste_aggregate_slf,2022,61.89
khm,sex_f,geo_cov_rur,ste_aggregate_slf,2023,61.967
khm,sex_f,geo_cov_rur,ste_aggregate_slf,2024,62.043
khm,sex_f,geo_cov_rur,ste_aggregate_total,2005,100
khm,sex_f,geo_cov_rur,ste_aggregate_total,2006,100
khm,sex_f,geo_cov_rur,ste_aggregate_total,2007,100
khm,sex_f,geo_cov_rur,ste_aggregate_total,2008,100
khm,sex_f,geo_cov_rur,ste_aggregate_total,2009,100
khm,sex_f,geo_cov_rur,ste_aggregate_total,2010,100
khm,sex_f,geo_cov_rur,ste_aggregate_total,2011,100
khm,sex_f,geo_cov_rur,ste_aggregate_total,2012,100
khm,sex_f,geo_cov_rur,ste_aggregate_total,2013,100
khm,sex_f,geo_cov_rur,ste_aggregate_total,2014,100
khm,sex_f,geo_cov_rur,ste_aggregate_total,2015,100
khm,sex_f,geo_cov_rur,ste_aggregate_total,2016,100
khm,sex_f,geo_cov_rur,ste_aggregate_total,2017,100
khm,sex_f,geo_cov_rur,ste_aggregate_total,2018,100
khm,sex_f,geo_cov_rur,ste_aggregate_total,2019,100
khm,sex_f,geo_cov_rur,ste_aggregate_total,2020,100
khm,sex_f,geo_cov_rur,ste_aggregate_total,2021,100
khm,sex_f,geo_cov_rur,ste_aggregate_total,2022,100
khm,sex_f,geo_cov_rur,ste_aggregate_total,2023,100
khm,sex_f,geo_cov_rur,ste_aggregate_total,2024,100
khm,sex_f,geo_cov_rur,ste_icse93_1,2005,13.082
khm,sex_f,geo_cov_rur,ste_icse93_1,2006,14.536
khm,sex_f,geo_cov_rur,ste_icse93_1,2007,16.11
khm,sex_f,geo_cov_rur,ste_icse93_1,2008,17.557
khm,sex_f,geo_cov_rur,ste_icse93_1,2009,19.131
khm,sex_f,geo_cov_rur,ste_icse93_1,2010,20.059
khm,sex_f,geo_cov_rur,ste_icse93_1,2011,22.86
khm,sex_f,geo_cov_rur,ste_icse93_1,2012,27.182
khm,sex_f,geo_cov_rur,ste_icse93_1,2013,31.172
khm,sex_f,geo_cov_rur,ste_icse93_1,2014,33.953
khm,sex_f,geo_cov_rur,ste_icse93_1,2015,39.385
khm,sex_f,geo_cov_rur,ste_icse93_1,2016,38.58
khm,sex_f,geo_cov_rur,ste_icse93_1,2017,38.5
khm,sex_f,geo_cov_rur,ste_icse93_1,2018,38.427
khm,sex_f,geo_cov_rur,ste_icse93_1,2019,38.342
khm,sex_f,geo_cov_rur,ste_icse93_1,2020,38.263
khm,sex_f,geo_cov_rur,ste_icse93_1,2021,38.186
khm,sex_f,geo_cov_rur,ste_icse93_1,2022,38.11
khm,sex_f,geo_cov_rur,ste_icse93_1,2023,38.033
khm,sex_f,geo_cov_rur,ste_icse93_1,2024,37.957
khm,sex_f,geo_cov_rur,ste_icse93_2,2005,0.216
khm,sex_f,geo_cov_rur,ste_icse93_2,2006,0.23
khm,sex_f,geo_cov_rur,ste_icse93_2,2007,0.244
khm,sex_f,geo_cov_rur,ste_icse93_2,2008,0.254
khm,sex_f,geo_cov_rur,ste_icse93_2,2009,0.266
khm,sex_f,geo_cov_rur,ste_icse93_2,2010,0.143
khm,sex_f,geo_cov_rur,ste_icse93_2,2011,0.137
khm,sex_f,geo_cov_rur,ste_icse93_2,2012,0.132
khm,sex_f,geo_cov_rur,ste_icse93_2,2013,0.124
khm,sex_f,geo_cov_rur,ste_icse93_2,2014,0.117
khm,sex_f,geo_cov_rur,ste_icse93_2,2015,0.072
khm,sex_f,geo_cov_rur,ste_icse93_2,2016,0.053
khm,sex_f,geo_cov_rur,ste_icse93_2,2017,0.054
khm,sex_f,geo_cov_rur,ste_icse93_2,2018,0.055
khm,sex_f,geo_cov_rur,ste_icse93_2,2019,0.055
khm,sex_f,geo_cov_rur,ste_icse93_2,2020,0.056
khm,sex_f,geo_cov_rur,ste_icse93_2,2021,0.057
khm,sex_f,geo_cov_rur,ste_icse93_2,2022,0.057
khm,sex_f,geo_cov_rur,ste_icse93_2,2023,0.058
khm,sex_f,geo_cov_rur,ste_icse93_2,2024,0.059
khm,sex_f,geo_cov_rur,ste_icse93_3,2005,50.367
khm,sex_f,geo_cov_rur,ste_icse93_3,2006,51.953
khm,sex_f,geo_cov_rur,ste_icse93_3,2007,53.418
khm,sex_f,geo_cov_rur,ste_icse93_3,2008,54.672
khm,sex_f,geo_cov_rur,ste_icse93_3,2009,55.372
khm,sex_f,geo_cov_rur,ste_icse93_3,2010,60.137
khm,sex_f,geo_cov_rur,ste_icse93_3,2011,62.939
khm,sex_f,geo_cov_rur,ste_icse93_3,2012,64.273
khm,sex_f,geo_cov_rur,ste_icse93_3,2013,64.092
khm,sex_f,geo_cov_rur,ste_icse93_3,2014,59.276
khm,sex_f,geo_cov_rur,ste_icse93_3,2015,57.107
khm,sex_f,geo_cov_rur,ste_icse93_3,2016,56.045
khm,sex_f,geo_cov_rur,ste_icse93_3,2017,56.293
khm,sex_f,geo_cov_rur,ste_icse93_3,2018,56.548
khm,sex_f,geo_cov_rur,ste_icse93_3,2019,56.797
khm,sex_f,geo_cov_rur,ste_icse93_3,2020,57.033
khm,sex_f,geo_cov_rur,ste_icse93_3,2021,57.265
khm,sex_f,geo_cov_rur,ste_icse93_3,2022,57.491
khm,sex_f,geo_cov_rur,ste_icse93_3,2023,57.715
khm,sex_f,geo_cov_rur,ste_icse93_3,2024,57.935
khm,sex_f,geo_cov_rur,ste_icse93_5,2005,36.335
khm,sex_f,geo_cov_rur,ste_icse93_5,2006,33.281
khm,sex_f,geo_cov_rur,ste_icse93_5,2007,30.228
khm,sex_f,geo_cov_rur,ste_icse93_5,2008,27.517
khm,sex_f,geo_cov_rur,ste_icse93_5,2009,25.231
khm,sex_f,geo_cov_rur,ste_icse93_5,2010,19.661
khm,sex_f,geo_cov_rur,ste_icse93_5,2011,14.063
khm,sex_f,geo_cov_rur,ste_icse93_5,2012,8.414
khm,sex_f,geo_cov_rur,ste_icse93_5,2013,4.612
khm,sex_f,geo_cov_rur,ste_icse93_5,2014,6.654
khm,sex_f,geo_cov_rur,ste_icse93_5,2015,3.435
khm,sex_f,geo_cov_rur,ste_icse93_5,2016,5.322
khm,sex_f,geo_cov_rur,ste_icse93_5,2017,5.153
khm,sex_f,geo_cov_rur,ste_icse93_5,2018,4.97
khm,sex_f,geo_cov_rur,ste_icse93_5,2019,4.806
khm,sex_f,geo_cov_rur,ste_icse93_5,2020,4.648
khm,sex_f,geo_cov_rur,ste_icse93_5,2021,4.492
khm,sex_f,geo_cov_rur,ste_icse93_5,2022,4.341
khm,sex_f,geo_cov_rur,ste_icse93_5,2023,4.194
khm,sex_f,geo_cov_rur,ste_icse93_5,2024,4.05
khm,sex_f,geo_cov_rur,ste_icse93_total,2005,100
khm,sex_f,geo_cov_rur,ste_icse93_total,2006,100
khm,sex_f,geo_cov_rur,ste_icse93_total,2007,100
khm,sex_f,geo_cov_rur,ste_icse93_total,2008,100
khm,sex_f,geo_cov_rur,ste_icse93_total,2009,100
khm,sex_f,geo_cov_rur,ste_icse93_total,2010,100
khm,sex_f,geo_cov_rur,ste_icse93_total,2011,100
khm,sex_f,geo_cov_rur,ste_icse93_total,2012,100
khm,sex_f,geo_cov_rur,ste_icse93_total,2013,100
khm,sex_f,geo_cov_rur,ste_icse93_total,2014,100
khm,sex_f,geo_cov_rur,ste_icse93_total,2015,100
khm,sex_f,geo_cov_rur,ste_icse93_total,2016,100
khm,sex_f,geo_cov_rur,ste_icse93_total,2017,100
khm,sex_f,geo_cov_rur,ste_icse93_total,2018,100
khm,sex_f,geo_cov_rur,ste_icse93_total,2019,100
khm,sex_f,geo_cov_rur,ste_icse93_total,2020,100
khm,sex_f,geo_cov_rur,ste_icse93_total,2021,100
khm,sex_f,geo_cov_rur,ste_icse93_total,2022,100
khm,sex_f,geo_cov_rur,ste_icse93_total,2023,100
khm,sex_f,geo_cov_rur,ste_icse93_total,2024,100
khm,sex_f,geo_cov_urb,ste_aggregate_ees,2005,25.908
khm,sex_f,geo_cov_urb,ste_aggregate_ees,2006,28.453
khm,sex_f,geo_cov_urb,ste_aggregate_ees,2007,31.117
khm,sex_f,geo_cov_urb,ste_aggregate_ees,2008,33.579
khm,sex_f,geo_cov_urb,ste_aggregate_ees,2009,36.242
khm,sex_f,geo_cov_urb,ste_aggregate_ees,2010,40.249
khm,sex_f,geo_cov_urb,ste_aggregate_ees,2011,43.131
khm,sex_f,geo_cov_urb,ste_aggregate_ees,2012,43.242
khm,sex_f,geo_cov_urb,ste_aggregate_ees,2013,44.122
khm,sex_f,geo_cov_urb,ste_aggregate_ees,2014,54.418
khm,sex_f,geo_cov_urb,ste_aggregate_ees,2015,52.158
khm,sex_f,geo_cov_urb,ste_aggregate_ees,2016,51.58
khm,sex_f,geo_cov_urb,ste_aggregate_ees,2017,51.448
khm,sex_f,geo_cov_urb,ste_aggregate_ees,2018,51.324
khm,sex_f,geo_cov_urb,ste_aggregate_ees,2019,51.179
khm,sex_f,geo_cov_urb,ste_aggregate_ees,2020,51.046
khm,sex_f,geo_cov_urb,ste_aggregate_ees,2021,50.915
khm,sex_f,geo_cov_urb,ste_aggregate_ees,2022,50.785
khm,sex_f,geo_cov_urb,ste_aggregate_ees,2023,50.652
khm,sex_f,geo_cov_urb,ste_aggregate_ees,2024,50.52
khm,sex_f,geo_cov_urb,ste_aggregate_slf,2005,74.092
khm,sex_f,geo_cov_urb,ste_aggregate_slf,2006,71.547
khm,sex_f,geo_cov_urb,ste_aggregate_slf,2007,68.883
khm,sex_f,geo_cov_urb,ste_aggregate_slf,2008,66.421
khm,sex_f,geo_cov_urb,ste_aggregate_slf,2009,63.758
khm,sex_f,geo_cov_urb,ste_aggregate_slf,2010,59.751
khm,sex_f,geo_cov_urb,ste_aggregate_slf,2011,56.869
khm,sex_f,geo_cov_urb,ste_aggregate_slf,2012,56.758
khm,sex_f,geo_cov_urb,ste_aggregate_slf,2013,55.878
khm,sex_f,geo_cov_urb,ste_aggregate_slf,2014,45.582
khm,sex_f,geo_cov_urb,ste_aggregate_slf,2015,47.842
khm,sex_f,geo_cov_urb,ste_aggregate_slf,2016,48.42
khm,sex_f,geo_cov_urb,ste_aggregate_slf,2017,48.552
khm,sex_f,geo_cov_urb,ste_aggregate_slf,2018,48.676
khm,sex_f,geo_cov_urb,ste_aggregate_slf,2019,48.821
khm,sex_f,geo_cov_urb,ste_aggregate_slf,2020,48.954
khm,sex_f,geo_cov_urb,ste_aggregate_slf,2021,49.085
khm,sex_f,geo_cov_urb,ste_aggregate_slf,2022,49.215
khm,sex_f,geo_cov_urb,ste_aggregate_slf,2023,49.348
khm,sex_f,geo_cov_urb,ste_aggregate_slf,2024,49.48
khm,sex_f,geo_cov_urb,ste_aggregate_total,2005,100
khm,sex_f,geo_cov_urb,ste_aggregate_total,2006,100
khm,sex_f,geo_cov_urb,ste_aggregate_total,2007,100
khm,sex_f,geo_cov_urb,ste_aggregate_total,2008,100
khm,sex_f,geo_cov_urb,ste_aggregate_total,2009,100
khm,sex_f,geo_cov_urb,ste_aggregate_total,2010,100
khm,sex_f,geo_cov_urb,ste_aggregate_total,2011,100
khm,sex_f,geo_cov_urb,ste_aggregate_total,2012,100
khm,sex_f,geo_cov_urb,ste_aggregate_total,2013,100
khm,sex_f,geo_cov_urb,ste_aggregate_total,2014,100
khm,sex_f,geo_cov_urb,ste_aggregate_total,2015,100
khm,sex_f,geo_cov_urb,ste_aggregate_total,2016,100
khm,sex_f,geo_cov_urb,ste_aggregate_total,2017,100
khm,sex_f,geo_cov_urb,ste_aggregate_total,2018,100
khm,sex_f,geo_cov_urb,ste_aggregate_total,2019,100
khm,sex_f,geo_cov_urb,ste_aggregate_total,2020,100
khm,sex_f,geo_cov_urb,ste_aggregate_total,2021,100
khm,sex_f,geo_cov_urb,ste_aggregate_total,2022,100
khm,sex_f,geo_cov_urb,ste_aggregate_total,2023,100
khm,sex_f,geo_cov_urb,ste_aggregate_total,2024,100
khm,sex_f,geo_cov_urb,ste_icse93_1,2005,25.908
khm,sex_f,geo_cov_urb,ste_icse93_1,2006,28.453
khm,sex_f,geo_cov_urb,ste_icse93_1,2007,31.117
khm,sex_f,geo_cov_urb,ste_icse93_1,2008,33.579
khm,sex_f,geo_cov_urb,ste_icse93_1,2009,36.242
khm,sex_f,geo_cov_urb,ste_icse93_1,2010,40.249
khm,sex_f,geo_cov_urb,ste_icse93_1,2011,43.131
khm,sex_f,geo_cov_urb,ste_icse93_1,2012,43.242
khm,sex_f,geo_cov_urb,ste_icse93_1,2013,44.122
khm,sex_f,geo_cov_urb,ste_icse93_1,2014,54.418
khm,sex_f,geo_cov_urb,ste_icse93_1,2015,52.158
khm,sex_f,geo_cov_urb,ste_icse93_1,2016,51.58
khm,sex_f,geo_cov_urb,ste_icse93_1,2017,51.448
khm,sex_f,geo_cov_urb,ste_icse93_1,2018,51.324
khm,sex_f,geo_cov_urb,ste_icse93_1,2019,51.179
khm,sex_f,geo_cov_urb,ste_icse93_1,2020,51.046
khm,sex_f,geo_cov_urb,ste_icse93_1,2021,50.915
khm,sex_f,geo_cov_urb,ste_icse93_1,2022,50.785
khm,sex_f,geo_cov_urb,ste_icse93_1,2023,50.652
khm,sex_f,geo_cov_urb,ste_icse93_1,2024,50.52
khm,sex_f,geo_cov_urb,ste_icse93_2,2005,0.346
khm,sex_f,geo_cov_urb,ste_icse93_2,2006,0.359
khm,sex_f,geo_cov_urb,ste_icse93_2,2007,0.369
khm,sex_f,geo_cov_urb,ste_icse93_2,2008,0.373
khm,sex_f,geo_cov_urb,ste_icse93_2,2009,0.38
khm,sex_f,geo_cov_urb,ste_icse93_2,2010,0.198
khm,sex_f,geo_cov_urb,ste_icse93_2,2011,0.185
khm,sex_f,geo_cov_urb,ste_icse93_2,2012,0.171
khm,sex_f,geo_cov_urb,ste_icse93_2,2013,0.158
khm,sex_f,geo_cov_urb,ste_icse93_2,2014,0.146
khm,sex_f,geo_cov_urb,ste_icse93_2,2015,0.09
khm,sex_f,geo_cov_urb,ste_icse93_2,2016,0.066
khm,sex_f,geo_cov_urb,ste_icse93_2,2017,0.067
khm,sex_f,geo_cov_urb,ste_icse93_2,2018,0.068
khm,sex_f,geo_cov_urb,ste_icse93_2,2019,0.068
khm,sex_f,geo_cov_urb,ste_icse93_2,2020,0.069
khm,sex_f,geo_cov_urb,ste_icse93_2,2021,0.07
khm,sex_f,geo_cov_urb,ste_icse93_2,2022,0.071
khm,sex_f,geo_cov_urb,ste_icse93_2,2023,0.072
khm,sex_f,geo_cov_urb,ste_icse93_2,2024,0.073
khm,sex_f,geo_cov_urb,ste_icse93_3,2005,40.875
khm,sex_f,geo_cov_urb,ste_icse93_3,2006,42.164
khm,sex_f,geo_cov_urb,ste_icse93_3,2007,43.157
khm,sex_f,geo_cov_urb,ste_icse93_3,2008,43.782
khm,sex_f,geo_cov_urb,ste_icse93_3,2009,43.636
khm,sex_f,geo_cov_urb,ste_icse93_3,2010,42.945
khm,sex_f,geo_cov_urb,ste_icse93_3,2011,45.195
khm,sex_f,geo_cov_urb,ste_icse93_3,2012,48.079
khm,sex_f,geo_cov_urb,ste_icse93_3,2013,49.358
khm,sex_f,geo_cov_urb,ste_icse93_3,2014,41.17
khm,sex_f,geo_cov_urb,ste_icse93_3,2015,42.673
khm,sex_f,geo_cov_urb,ste_icse93_3,2016,42.565
khm,sex_f,geo_cov_urb,ste_icse93_3,2017,42.885
khm,sex_f,geo_cov_urb,ste_icse93_3,2018,43.211
khm,sex_f,geo_cov_urb,ste_icse93_3,2019,43.537
khm,sex_f,geo_cov_urb,ste_icse93_3,2020,43.844
khm,sex_f,geo_cov_urb,ste_icse93_3,2021,44.145
khm,sex_f,geo_cov_urb,ste_icse93_3,2022,44.442
khm,sex_f,geo_cov_urb,ste_icse93_3,2023,44.736
khm,sex_f,geo_cov_urb,ste_icse93_3,2024,45.026
khm,sex_f,geo_cov_urb,ste_icse93_5,2005,32.87
khm,sex_f,geo_cov_urb,ste_icse93_5,2006,29.024
khm,sex_f,geo_cov_urb,ste_icse93_5,2007,25.357
khm,sex_f,geo_cov_urb,ste_icse93_5,2008,22.265
khm,sex_f,geo_cov_urb,ste_icse93_5,2009,19.742
khm,sex_f,geo_cov_urb,ste_icse93_5,2010,16.609
khm,sex_f,geo_cov_urb,ste_icse93_5,2011,11.489
khm,sex_f,geo_cov_urb,ste_icse93_5,2012,8.508
khm,sex_f,geo_cov_urb,ste_icse93_5,2013,6.362
khm,sex_f,geo_cov_urb,ste_icse93_5,2014,4.266
khm,sex_f,geo_cov_urb,ste_icse93_5,2015,5.079
khm,sex_f,geo_cov_urb,ste_icse93_5,2016,5.789
khm,sex_f,geo_cov_urb,ste_icse93_5,2017,5.601
khm,sex_f,geo_cov_urb,ste_icse93_5,2018,5.397
khm,sex_f,geo_cov_urb,ste_icse93_5,2019,5.216
khm,sex_f,geo_cov_urb,ste_icse93_5,2020,5.041
khm,sex_f,geo_cov_urb,ste_icse93_5,2021,4.869
khm,sex_f,geo_cov_urb,ste_icse93_5,2022,4.702
khm,sex_f,geo_cov_urb,ste_icse93_5,2023,4.54
khm,sex_f,geo_cov_urb,ste_icse93_5,2024,4.381
khm,sex_f,geo_cov_urb,ste_icse93_total,2005,100
khm,sex_f,geo_cov_urb,ste_icse93_total,2006,100
khm,sex_f,geo_cov_urb,ste_icse93_total,2007,100
khm,sex_f,geo_cov_urb,ste_icse93_total,2008,100
khm,sex_f,geo_cov_urb,ste_icse93_total,2009,100
khm,sex_f,geo_cov_urb,ste_icse93_total,2010,100
khm,sex_f,geo_cov_urb,ste_icse93_total,2011,100
khm,sex_f,geo_cov_urb,ste_icse93_total,2012,100
khm,sex_f,geo_cov_urb,ste_icse93_total,2013,100
khm,sex_f,geo_cov_urb,ste_icse93_total,2014,100
khm,sex_f,geo_cov_urb,ste_icse93_total,2015,100
khm,sex_f,geo_cov_urb,ste_icse93_total,2016,100
khm,sex_f,geo_cov_urb,ste_icse93_total,2017,100
khm,sex_f,geo_cov_urb,ste_icse93_total,2018,100
khm,sex_f,geo_cov_urb,ste_icse93_total,2019,100
khm,sex_f,geo_cov_urb,ste_icse93_total,2020,100
khm,sex_f,geo_cov_urb,ste_icse93_total,2021,100
khm,sex_f,geo_cov_urb,ste_icse93_total,2022,100
khm,sex_f,geo_cov_urb,ste_icse93_total,2023,100
khm,sex_f,geo_cov_urb,ste_icse93_total,2024,100
khm,sex_m,geo_cov_nat,ste_aggregate_ees,2005,24.84
khm,sex_m,geo_cov_nat,ste_aggregate_ees,2006,26.287
khm,sex_m,geo_cov_nat,ste_aggregate_ees,2007,27.732
khm,sex_m,geo_cov_nat,ste_aggregate_ees,2008,29.126
khm,sex_m,geo_cov_nat,ste_aggregate_ees,2009,30.171
khm,sex_m,geo_cov_nat,ste_aggregate_ees,2010,34.433
khm,sex_m,geo_cov_nat,ste_aggregate_ees,2011,34.937
khm,sex_m,geo_cov_nat,ste_aggregate_ees,2012,40.517
khm,sex_m,geo_cov_nat,ste_aggregate_ees,2013,44.728
khm,sex_m,geo_cov_nat,ste_aggregate_ees,2014,48.089
khm,sex_m,geo_cov_nat,ste_aggregate_ees,2015,52.58
khm,sex_m,geo_cov_nat,ste_aggregate_ees,2016,55.793
khm,sex_m,geo_cov_nat,ste_aggregate_ees,2017,56.245
khm,sex_m,geo_cov_nat,ste_aggregate_ees,2018,56.743
khm,sex_m,geo_cov_nat,ste_aggregate_ees,2019,57.211
khm,sex_m,geo_cov_nat,ste_aggregate_ees,2020,57.654
khm,sex_m,geo_cov_nat,ste_aggregate_ees,2021,58.087
khm,sex_m,geo_cov_nat,ste_aggregate_ees,2022,58.513
khm,sex_m,geo_cov_nat,ste_aggregate_ees,2023,58.928
khm,sex_m,geo_cov_nat,ste_aggregate_ees,2024,59.341
khm,sex_m,geo_cov_nat,ste_aggregate_slf,2005,75.16
khm,sex_m,geo_cov_nat,ste_aggregate_slf,2006,73.713
khm,sex_m,geo_cov_nat,ste_aggregate_slf,2007,72.268
khm,sex_m,geo_cov_nat,ste_aggregate_slf,2008,70.874
khm,sex_m,geo_cov_nat,ste_aggregate_slf,2009,69.829
khm,sex_m,geo_cov_nat,ste_aggregate_slf,2010,65.567
khm,sex_m,geo_cov_nat,ste_aggregate_slf,2011,65.063
khm,sex_m,geo_cov_nat,ste_aggregate_slf,2012,59.483
khm,sex_m,geo_cov_nat,ste_aggregate_slf,2013,55.272
khm,sex_m,geo_cov_nat,ste_aggregate_slf,2014,51.911
khm,sex_m,geo_cov_nat,ste_aggregate_slf,2015,47.42
khm,sex_m,geo_cov_nat,ste_aggregate_slf,2016,44.207
khm,sex_m,geo_cov_nat,ste_aggregate_slf,2017,43.755
khm,sex_m,geo_cov_nat,ste_aggregate_slf,2018,43.257
khm,sex_m,geo_cov_nat,ste_aggregate_slf,2019,42.789
khm,sex_m,geo_cov_nat,ste_aggregate_slf,2020,42.346
khm,sex_m,geo_cov_nat,ste_aggregate_slf,2021,41.913
khm,sex_m,geo_cov_nat,ste_aggregate_slf,2022,41.487
khm,sex_m,geo_cov_nat,ste_aggregate_slf,2023,41.072
khm,sex_m,geo_cov_nat,ste_aggregate_slf,2024,40.659
khm,sex_m,geo_cov_nat,ste_aggregate_total,2005,100
khm,sex_m,geo_cov_nat,ste_aggregate_total,2006,100
khm,sex_m,geo_cov_nat,ste_aggregate_total,2007,100
khm,sex_m,geo_cov_nat,ste_aggregate_total,2008,100
khm,sex_m,geo_cov_nat,ste_aggregate_total,2009,100
khm,sex_m,geo_cov_nat,ste_aggregate_total,2010,100
khm,sex_m,geo_cov_nat,ste_aggregate_total,2011,100
khm,sex_m,geo_cov_nat,ste_aggregate_total,2012,100
khm,sex_m,geo_cov_nat,ste_aggregate_total,2013,100
khm,sex_m,geo_cov_nat,ste_aggregate_total,2014,100
khm,sex_m,geo_cov_nat,ste_aggregate_total,2015,100
khm,sex_m,geo_cov_nat,ste_aggregate_total,2016,100
khm,sex_m,geo_cov_nat,ste_aggregate_total,2017,100
khm,sex_m,geo_cov_nat,ste_aggregate_total,2018,100
khm,sex_m,geo_cov_nat,ste_aggregate_total,2019,100
khm,sex_m,geo_cov_nat,ste_aggregate_total,2020,100
khm,sex_m,geo_cov_nat,ste_aggregate_total,2021,100
khm,sex_m,geo_cov_nat,ste_aggregate_total,2022,100
khm,sex_m,geo_cov_nat,ste_aggregate_total,2023,100
khm,sex_m,geo_cov_nat,ste_aggregate_total,2024,100
khm,sex_m,geo_cov_nat,ste_icse93_1,2005,24.84
khm,sex_m,geo_cov_nat,ste_icse93_1,2006,26.287
khm,sex_m,geo_cov_nat,ste_icse93_1,2007,27.732
khm,sex_m,geo_cov_nat,ste_icse93_1,2008,29.126
khm,sex_m,geo_cov_nat,ste_icse93_1,2009,30.171
khm,sex_m,geo_cov_nat,ste_icse93_1,2010,34.433
khm,sex_m,geo_cov_nat,ste_icse93_1,2011,34.937
khm,sex_m,geo_cov_nat,ste_icse93_1,2012,40.517
khm,sex_m,geo_cov_nat,ste_icse93_1,2013,44.728
khm,sex_m,geo_cov_nat,ste_icse93_1,2014,48.089
khm,sex_m,geo_cov_nat,ste_icse93_1,2015,52.58
khm,sex_m,geo_cov_nat,ste_icse93_1,2016,55.793
khm,sex_m,geo_cov_nat,ste_icse93_1,2017,56.245
khm,sex_m,geo_cov_nat,ste_icse93_1,2018,56.743
khm,sex_m,geo_cov_nat,ste_icse93_1,2019,57.211
khm,sex_m,geo_cov_nat,ste_icse93_1,2020,57.654
khm,sex_m,geo_cov_nat,ste_icse93_1,2021,58.087
khm,sex_m,geo_cov_nat,ste_icse93_1,2022,58.513
khm,sex_m,geo_cov_nat,ste_icse93_1,2023,58.928
khm,sex_m,geo_cov_nat,ste_icse93_1,2024,59.341
khm,sex_m,geo_cov_nat,ste_icse93_2,2005,0.338
khm,sex_m,geo_cov_nat,ste_icse93_2,2006,0.338
khm,sex_m,geo_cov_nat,ste_icse93_2,2007,0.335
khm,sex_m,geo_cov_nat,ste_icse93_2,2008,0.33
khm,sex_m,geo_cov_nat,ste_icse93_2,2009,0.326
khm,sex_m,geo_cov_nat,ste_icse93_2,2010,0.152
khm,sex_m,geo_cov_nat,ste_icse93_2,2011,0.165
khm,sex_m,geo_cov_nat,ste_icse93_2,2012,0.181
khm,sex_m,geo_cov_nat,ste_icse93_2,2013,0.191
khm,sex_m,geo_cov_nat,ste_icse93_2,2014,0.205
khm,sex_m,geo_cov_nat,ste_icse93_2,2015,0.126
khm,sex_m,geo_cov_nat,ste_icse93_2,2016,0.091
khm,sex_m,geo_cov_nat,ste_icse93_2,2017,0.093
khm,sex_m,geo_cov_nat,ste_icse93_2,2018,0.094
khm,sex_m,geo_cov_nat,ste_icse93_2,2019,0.095
khm,sex_m,geo_cov_nat,ste_icse93_2,2020,0.097
khm,sex_m,geo_cov_nat,ste_icse93_2,2021,0.098
khm,sex_m,geo_cov_nat,ste_icse93_2,2022,0.099
khm,sex_m,geo_cov_nat,ste_icse93_2,2023,0.1
khm,sex_m,geo_cov_nat,ste_icse93_2,2024,0.102
khm,sex_m,geo_cov_nat,ste_icse93_3,2005,49.76
khm,sex_m,geo_cov_nat,ste_icse93_3,2006,48.916
khm,sex_m,geo_cov_nat,ste_icse93_3,2007,48.134
khm,sex_m,geo_cov_nat,ste_icse93_3,2008,47.575
khm,sex_m,geo_cov_nat,ste_icse93_3,2009,47.476
khm,sex_m,geo_cov_nat,ste_icse93_3,2010,46.562
khm,sex_m,geo_cov_nat,ste_icse93_3,2011,49.19
khm,sex_m,geo_cov_nat,ste_icse93_3,2012,50.872
khm,sex_m,geo_cov_nat,ste_icse93_3,2013,50.903
khm,sex_m,geo_cov_nat,ste_icse93_3,2014,46.698
khm,sex_m,geo_cov_nat,ste_icse93_3,2015,43.831
khm,sex_m,geo_cov_nat,ste_icse93_3,2016,39.446
khm,sex_m,geo_cov_nat,ste_icse93_3,2017,39.117
khm,sex_m,geo_cov_nat,ste_icse93_3,2018,38.752
khm,sex_m,geo_cov_nat,ste_icse93_3,2019,38.418
khm,sex_m,geo_cov_nat,ste_icse93_3,2020,38.106
khm,sex_m,geo_cov_nat,ste_icse93_3,2021,37.804
khm,sex_m,geo_cov_nat,ste_icse93_3,2022,37.509
khm,sex_m,geo_cov_nat,ste_icse93_3,2023,37.223
khm,sex_m,geo_cov_nat,ste_icse93_3,2024,36.941
khm,sex_m,geo_cov_nat,ste_icse93_5,2005,25.063
khm,sex_m,geo_cov_nat,ste_icse93_5,2006,24.46
khm,sex_m,geo_cov_nat,ste_icse93_5,2007,23.799
khm,sex_m,geo_cov_nat,ste_icse93_5,2008,22.969
khm,sex_m,geo_cov_nat,ste_icse93_5,2009,22.027
khm,sex_m,geo_cov_nat,ste_icse93_5,2010,18.852
khm,sex_m,geo_cov_nat,ste_icse93_5,2011,15.708
khm,sex_m,geo_cov_nat,ste_icse93_5,2012,8.429
khm,sex_m,geo_cov_nat,ste_icse93_5,2013,4.178
khm,sex_m,geo_cov_nat,ste_icse93_5,2014,5.007
khm,sex_m,geo_cov_nat,ste_icse93_5,2015,3.463
khm,sex_m,geo_cov_nat,ste_icse93_5,2016,4.67
khm,sex_m,geo_cov_nat,ste_icse93_5,2017,4.545
khm,sex_m,geo_cov_nat,ste_icse93_5,2018,4.411
khm,sex_m,geo_cov_nat,ste_icse93_5,2019,4.276
khm,sex_m,geo_cov_nat,ste_icse93_5,2020,4.143
khm,sex_m,geo_cov_nat,ste_icse93_5,2021,4.011
khm,sex_m,geo_cov_nat,ste_icse93_5,2022,3.879
khm,sex_m,geo_cov_nat,ste_icse93_5,2023,3.748
khm,sex_m,geo_cov_nat,ste_icse93_5,2024,3.616
khm,sex_m,geo_cov_nat,ste_icse93_total,2005,100
khm,sex_m,geo_cov_nat,ste_icse93_total,2006,100
khm,sex_m,geo_cov_nat,ste_icse93_total,2007,100
khm,sex_m,geo_cov_nat,ste_icse93_total,2008,100
khm,sex_m,geo_cov_nat,ste_icse93_total,2009,100
khm,sex_m,geo_cov_nat,ste_icse93_total,2010,100
khm,sex_m,geo_cov_nat,ste_icse93_total,2011,100
khm,sex_m,geo_cov_nat,ste_icse93_total,2012,100
khm,sex_m,geo_cov_nat,ste_icse93_total,2013,100
khm,sex_m,geo_cov_nat,ste_icse93_total,2014,100
khm,sex_m,geo_cov_nat,ste_icse93_total,2015,100
khm,sex_m,geo_cov_nat,ste_icse93_total,2016,100
khm,sex_m,geo_cov_nat,ste_icse93_total,2017,100
khm,sex_m,geo_cov_nat,ste_icse93_total,2018,100
khm,sex_m,geo_cov_nat,ste_icse93_total,2019,100
khm,sex_m,geo_cov_nat,ste_icse93_total,2020,100
khm,sex_m,geo_cov_nat,ste_icse93_total,2021,100
khm,sex_m,geo_cov_nat,ste_icse93_total,2022,100
khm,sex_m,geo_cov_nat,ste_icse93_total,2023,100
khm,sex_m,geo_cov_nat,ste_icse93_total,2024,100
khm,sex_m,geo_cov_rur,ste_aggregate_ees,2005,20.729
khm,sex_m,geo_cov_rur,ste_aggregate_ees,2006,22.042
khm,sex_m,geo_cov_rur,ste_aggregate_ees,2007,23.375
khm,sex_m,geo_cov_rur,ste_aggregate_ees,2008,24.6
khm,sex_m,geo_cov_rur,ste_aggregate_ees,2009,25.624
khm,sex_m,geo_cov_rur,ste_aggregate_ees,2010,29.958
khm,sex_m,geo_cov_rur,ste_aggregate_ees,2011,29.719
khm,sex_m,geo_cov_rur,ste_aggregate_ees,2012,35.751
khm,sex_m,geo_cov_rur,ste_aggregate_ees,2013,40.291
khm,sex_m,geo_cov_rur,ste_aggregate_ees,2014,42.58
khm,sex_m,geo_cov_rur,ste_aggregate_ees,2015,48.479
khm,sex_m,geo_cov_rur,ste_aggregate_ees,2016,51.94
khm,sex_m,geo_cov_rur,ste_aggregate_ees,2017,52.234
khm,sex_m,geo_cov_rur,ste_aggregate_ees,2018,52.564
khm,sex_m,geo_cov_rur,ste_aggregate_ees,2019,52.869
khm,sex_m,geo_cov_rur,ste_aggregate_ees,2020,53.152
khm,sex_m,geo_cov_rur,ste_aggregate_ees,2021,53.427
khm,sex_m,geo_cov_rur,ste_aggregate_ees,2022,53.695
khm,sex_m,geo_cov_rur,ste_aggregate_ees,2023,53.956
khm,sex_m,geo_cov_rur,ste_aggregate_ees,2024,54.214
khm,sex_m,geo_cov_rur,ste_aggregate_slf,2005,79.271
khm,sex_m,geo_cov_rur,ste_aggregate_slf,2006,77.958
khm,sex_m,geo_cov_rur,ste_aggregate_slf,2007,76.625
khm,sex_m,geo_cov_rur,ste_aggregate_slf,2008,75.4
khm,sex_m,geo_cov_rur,ste_aggregate_slf,2009,74.376
khm,sex_m,geo_cov_rur,ste_aggregate_slf,2010,70.042
khm,sex_m,geo_cov_rur,ste_aggregate_slf,2011,70.281
khm,sex_m,geo_cov_rur,ste_aggregate_slf,2012,64.249
khm,sex_m,geo_cov_rur,ste_aggregate_slf,2013,59.709
khm,sex_m,geo_cov_rur,ste_aggregate_slf,2014,57.42
khm,sex_m,geo_cov_rur,ste_aggregate_slf,2015,51.521
khm,sex_m,geo_cov_rur,ste_aggregate_slf,2016,48.06
khm,sex_m,geo_cov_rur,ste_aggregate_slf,2017,47.766
khm,sex_m,geo_cov_rur,ste_aggregate_slf,2018,47.436
khm,sex_m,geo_cov_rur,ste_aggregate_slf,2019,47.131
khm,sex_m,geo_cov_rur,ste_aggregate_slf,2020,46.848
khm,sex_m,geo_cov_rur,ste_aggregate_slf,2021,46.573
khm,sex_m,geo_cov_rur,ste_aggregate_slf,2022,46.305
khm,sex_m,geo_cov_rur,ste_aggregate_slf,2023,46.044
khm,sex_m,geo_cov_rur,ste_aggregate_slf,2024,45.786
khm,sex_m,geo_cov_rur,ste_aggregate_total,2005,100
khm,sex_m,geo_cov_rur,ste_aggregate_total,2006,100
khm,sex_m,geo_cov_rur,ste_aggregate_total,2007,100
khm,sex_m,geo_cov_rur,ste_aggregate_total,2008,100
khm,sex_m,geo_cov_rur,ste_aggregate_total,2009,100
khm,sex_m,geo_cov_rur,ste_aggregate_total,2010,100
khm,sex_m,geo_cov_rur,ste_aggregate_total,2011,100
khm,sex_m,geo_cov_rur,ste_aggregate_total,2012,100
khm,sex_m,geo_cov_rur,ste_aggregate_total,2013,100
khm,sex_m,geo_cov_rur,ste_aggregate_total,2014,100
khm,sex_m,geo_cov_rur,ste_aggregate_total,2015,100
khm,sex_m,geo_cov_rur,ste_aggregate_total,2016,100
khm,sex_m,geo_cov_rur,ste_aggregate_total,2017,100
khm,sex_m,geo_cov_rur,ste_aggregate_total,2018,100
khm,sex_m,geo_cov_rur,ste_aggregate_total,2019,100
khm,sex_m,geo_cov_rur,ste_aggregate_total,2020,100
khm,sex_m,geo_cov_rur,ste_aggregate_total,2021,100
khm,sex_m,geo_cov_rur,ste_aggregate_total,2022,100
khm,sex_m,geo_cov_rur,ste_aggregate_total,2023,100
khm,sex_m,geo_cov_rur,ste_aggregate_total,2024,100
khm,sex_m,geo_cov_rur,ste_icse93_1,2005,20.729
khm,sex_m,geo_cov_rur,ste_icse93_1,2006,22.042
khm,sex_m,geo_cov_rur,ste_icse93_1,2007,23.375
khm,sex_m,geo_cov_rur,ste_icse93_1,2008,24.6
khm,sex_m,geo_cov_rur,ste_icse93_1,2009,25.624
khm,sex_m,geo_cov_rur,ste_icse93_1,2010,29.958
khm,sex_m,geo_cov_rur,ste_icse93_1,2011,29.719
khm,sex_m,geo_cov_rur,ste_icse93_1,2012,35.751
khm,sex_m,geo_cov_rur,ste_icse93_1,2013,40.291
khm,sex_m,geo_cov_rur,ste_icse93_1,2014,42.58
khm,sex_m,geo_cov_rur,ste_icse93_1,2015,48.479
khm,sex_m,geo_cov_rur,ste_icse93_1,2016,51.94
khm,sex_m,geo_cov_rur,ste_icse93_1,2017,52.234
khm,sex_m,geo_cov_rur,ste_icse93_1,2018,52.564
khm,sex_m,geo_cov_rur,ste_icse93_1,2019,52.869
khm,sex_m,geo_cov_rur,ste_icse93_1,2020,53.152
khm,sex_m,geo_cov_rur,ste_icse93_1,2021,53.427
khm,sex_m,geo_cov_rur,ste_icse93_1,2022,53.695
khm,sex_m,geo_cov_rur,ste_icse93_1,2023,53.956
khm,sex_m,geo_cov_rur,ste_icse93_1,2024,54.214
khm,sex_m,geo_cov_rur,ste_icse93_2,2005,0.355
khm,sex_m,geo_cov_rur,ste_icse93_2,2006,0.355
khm,sex_m,geo_cov_rur,ste_icse93_2,2007,0.353
khm,sex_m,geo_cov_rur,ste_icse93_2,2008,0.349
khm,sex_m,geo_cov_rur,ste_icse93_2,2009,0.345
khm,sex_m,geo_cov_rur,ste_icse93_2,2010,0.16
khm,sex_m,geo_cov_rur,ste_icse93_2,2011,0.172
khm,sex_m,geo_cov_rur,ste_icse93_2,2012,0.19
khm,sex_m,geo_cov_rur,ste_icse93_2,2013,0.198
khm,sex_m,geo_cov_rur,ste_icse93_2,2014,0.212
khm,sex_m,geo_cov_rur,ste_icse93_2,2015,0.13
khm,sex_m,geo_cov_rur,ste_icse93_2,2016,0.094
khm,sex_m,geo_cov_rur,ste_icse93_2,2017,0.096
khm,sex_m,geo_cov_rur,ste_icse93_2,2018,0.098
khm,sex_m,geo_cov_rur,ste_icse93_2,2019,0.099
khm,sex_m,geo_cov_rur,ste_icse93_2,2020,0.101
khm,sex_m,geo_cov_rur,ste_icse93_2,2021,0.103
khm,sex_m,geo_cov_rur,ste_icse93_2,2022,0.104
khm,sex_m,geo_cov_rur,ste_icse93_2,2023,0.106
khm,sex_m,geo_cov_rur,ste_icse93_2,2024,0.108
khm,sex_m,geo_cov_rur,ste_icse93_3,2005,52.041
khm,sex_m,geo_cov_rur,ste_icse93_3,2006,51.349
khm,sex_m,geo_cov_rur,ste_icse93_3,2007,50.702
khm,sex_m,geo_cov_rur,ste_icse93_3,2008,50.308
khm,sex_m,geo_cov_rur,ste_icse93_3,2009,50.278
khm,sex_m,geo_cov_rur,ste_icse93_3,2010,49.539
khm,sex_m,geo_cov_rur,ste_icse93_3,2011,52.778
khm,sex_m,geo_cov_rur,ste_icse93_3,2012,54.711
khm,sex_m,geo_cov_rur,ste_icse93_3,2013,54.875
khm,sex_m,geo_cov_rur,ste_icse93_3,2014,51.435
khm,sex_m,geo_cov_rur,ste_icse93_3,2015,47.409
khm,sex_m,geo_cov_rur,ste_icse93_3,2016,43.01
khm,sex_m,geo_cov_rur,ste_icse93_3,2017,42.832
khm,sex_m,geo_cov_rur,ste_icse93_3,2018,42.627
khm,sex_m,geo_cov_rur,ste_icse93_3,2019,42.449
khm,sex_m,geo_cov_rur,ste_icse93_3,2020,42.291
khm,sex_m,geo_cov_rur,ste_icse93_3,2021,42.142
khm,sex_m,geo_cov_rur,ste_icse93_3,2022,42
khm,sex_m,geo_cov_rur,ste_icse93_3,2023,41.865
khm,sex_m,geo_cov_rur,ste_icse93_3,2024,41.734
khm,sex_m,geo_cov_rur,ste_icse93_5,2005,26.875
khm,sex_m,geo_cov_rur,ste_icse93_5,2006,26.254
khm,sex_m,geo_cov_rur,ste_icse93_5,2007,25.57
khm,sex_m,geo_cov_rur,ste_icse93_5,2008,24.743
khm,sex_m,geo_cov_rur,ste_icse93_5,2009,23.753
khm,sex_m,geo_cov_rur,ste_icse93_5,2010,20.343
khm,sex_m,geo_cov_rur,ste_icse93_5,2011,17.331
khm,sex_m,geo_cov_rur,ste_icse93_5,2012,9.349
khm,sex_m,geo_cov_rur,ste_icse93_5,2013,4.636
khm,sex_m,geo_cov_rur,ste_icse93_5,2014,5.773
khm,sex_m,geo_cov_rur,ste_icse93_5,2015,3.982
khm,sex_m,geo_cov_rur,ste_icse93_5,2016,4.955
khm,sex_m,geo_cov_rur,ste_icse93_5,2017,4.838
khm,sex_m,geo_cov_rur,ste_icse93_5,2018,4.712
khm,sex_m,geo_cov_rur,ste_icse93_5,2019,4.583
khm,sex_m,geo_cov_rur,ste_icse93_5,2020,4.456
khm,sex_m,geo_cov_rur,ste_icse93_5,2021,4.329
khm,sex_m,geo_cov_rur,ste_icse93_5,2022,4.201
khm,sex_m,geo_cov_rur,ste_icse93_5,2023,4.073
khm,sex_m,geo_cov_rur,ste_icse93_5,2024,3.944
khm,sex_m,geo_cov_rur,ste_icse93_total,2005,100
khm,sex_m,geo_cov_rur,ste_icse93_total,2006,100
khm,sex_m,geo_cov_rur,ste_icse93_total,2007,100
khm,sex_m,geo_cov_rur,ste_icse93_total,2008,100
khm,sex_m,geo_cov_rur,ste_icse93_total,2009,100
khm,sex_m,geo_cov_rur,ste_icse93_total,2010,100
khm,sex_m,geo_cov_rur,ste_icse93_total,2011,100
khm,sex_m,geo_cov_rur,ste_icse93_total,2012,100
khm,sex_m,geo_cov_rur,ste_icse93_total,2013,100
khm,sex_m,geo_cov_rur,ste_icse93_total,2014,100
khm,sex_m,geo_cov_rur,ste_icse93_total,2015,100
khm,sex_m,geo_cov_rur,ste_icse93_total,2016,100
khm,sex_m,geo_cov_rur,ste_icse93_total,2017,100
khm,sex_m,geo_cov_rur,ste_icse93_total,2018,100
khm,sex_m,geo_cov_rur,ste_icse93_total,2019,100
khm,sex_m,geo_cov_rur,ste_icse93_total,2020,100
khm,sex_m,geo_cov_rur,ste_icse93_total,2021,100
khm,sex_m,geo_cov_rur,ste_icse93_total,2022,100
khm,sex_m,geo_cov_rur,ste_icse93_total,2023,100
khm,sex_m,geo_cov_rur,ste_icse93_total,2024,100
khm,sex_m,geo_cov_urb,ste_aggregate_ees,2005,41.18
khm,sex_m,geo_cov_urb,ste_aggregate_ees,2006,43.739
khm,sex_m,geo_cov_urb,ste_aggregate_ees,2007,46.259
khm,sex_m,geo_cov_urb,ste_aggregate_ees,2008,48.511
khm,sex_m,geo_cov_urb,ste_aggregate_ees,2009,50.204
khm,sex_m,geo_cov_urb,ste_aggregate_ees,2010,54.3
khm,sex_m,geo_cov_urb,ste_aggregate_ees,2011,57.447
khm,sex_m,geo_cov_urb,ste_aggregate_ees,2012,59.537
khm,sex_m,geo_cov_urb,ste_aggregate_ees,2013,61.155
khm,sex_m,geo_cov_urb,ste_aggregate_ees,2014,66.443
khm,sex_m,geo_cov_urb,ste_aggregate_ees,2015,66.258
khm,sex_m,geo_cov_urb,ste_aggregate_ees,2016,68.151
khm,sex_m,geo_cov_urb,ste_aggregate_ees,2017,68.742
khm,sex_m,geo_cov_urb,ste_aggregate_ees,2018,69.39
khm,sex_m,geo_cov_urb,ste_aggregate_ees,2019,69.987
khm,sex_m,geo_cov_urb,ste_aggregate_ees,2020,70.541
khm,sex_m,geo_cov_urb,ste_aggregate_ees,2021,71.075
khm,sex_m,geo_cov_urb,ste_aggregate_ees,2022,71.592
khm,sex_m,geo_cov_urb,ste_aggregate_ees,2023,72.09
khm,sex_m,geo_cov_urb,ste_aggregate_ees,2024,72.578
khm,sex_m,geo_cov_urb,ste_aggregate_slf,2005,58.82
khm,sex_m,geo_cov_urb,ste_aggregate_slf,2006,56.261
khm,sex_m,geo_cov_urb,ste_aggregate_slf,2007,53.741
khm,sex_m,geo_cov_urb,ste_aggregate_slf,2008,51.489
khm,sex_m,geo_cov_urb,ste_aggregate_slf,2009,49.796
khm,sex_m,geo_cov_urb,ste_aggregate_slf,2010,45.7
khm,sex_m,geo_cov_urb,ste_aggregate_slf,2011,42.553
khm,sex_m,geo_cov_urb,ste_aggregate_slf,2012,40.463
khm,sex_m,geo_cov_urb,ste_aggregate_slf,2013,38.845
khm,sex_m,geo_cov_urb,ste_aggregate_slf,2014,33.557
khm,sex_m,geo_cov_urb,ste_aggregate_slf,2015,33.742
khm,sex_m,geo_cov_urb,ste_aggregate_slf,2016,31.849
khm,sex_m,geo_cov_urb,ste_aggregate_slf,2017,31.258
khm,sex_m,geo_cov_urb,ste_aggregate_slf,2018,30.61
khm,sex_m,geo_cov_urb,ste_aggregate_slf,2019,30.013
khm,sex_m,geo_cov_urb,ste_aggregate_slf,2020,29.459
khm,sex_m,geo_cov_urb,ste_aggregate_slf,2021,28.925
khm,sex_m,geo_cov_urb,ste_aggregate_slf,2022,28.408
khm,sex_m,geo_cov_urb,ste_aggregate_slf,2023,27.91
khm,sex_m,geo_cov_urb,ste_aggregate_slf,2024,27.422
khm,sex_m,geo_cov_urb,ste_aggregate_total,2005,100
khm,sex_m,geo_cov_urb,ste_aggregate_total,2006,100
khm,sex_m,geo_cov_urb,ste_aggregate_total,2007,100
khm,sex_m,geo_cov_urb,ste_aggregate_total,2008,100
khm,sex_m,geo_cov_urb,ste_aggregate_total,2009,100
khm,sex_m,geo_cov_urb,ste_aggregate_total,2010,100
khm,sex_m,geo_cov_urb,ste_aggregate_total,2011,100
khm,sex_m,geo_cov_urb,ste_aggregate_total,2012,100
khm,sex_m,geo_cov_urb,ste_aggregate_total,2013,100
khm,sex_m,geo_cov_urb,ste_aggregate_total,2014,100
khm,sex_m,geo_cov_urb,ste_aggregate_total,2015,100
khm,sex_m,geo_cov_urb,ste_aggregate_total,2016,100
khm,sex_m,geo_cov_urb,ste_aggregate_total,2017,100
khm,sex_m,geo_cov_urb,ste_aggregate_total,2018,100
khm,sex_m,geo_cov_urb,ste_aggregate_total,2019,100
khm,sex_m,geo_cov_urb,ste_aggregate_total,2020,100
khm,sex_m,geo_cov_urb,ste_aggregate_total,2021,100
khm,sex_m,geo_cov_urb,ste_aggregate_total,2022,100
khm,sex_m,geo_cov_urb,ste_aggregate_total,2023,100
khm,sex_m,geo_cov_urb,ste_aggregate_total,2024,100
khm,sex_m,geo_cov_urb,ste_icse93_1,2005,41.18
khm,sex_m,geo_cov_urb,ste_icse93_1,2006,43.739
khm,sex_m,geo_cov_urb,ste_icse93_1,2007,46.259
khm,sex_m,geo_cov_urb,ste_icse93_1,2008,48.511
khm,sex_m,geo_cov_urb,ste_icse93_1,2009,50.204
khm,sex_m,geo_cov_urb,ste_icse93_1,2010,54.3
khm,sex_m,geo_cov_urb,ste_icse93_1,2011,57.447
khm,sex_m,geo_cov_urb,ste_icse93_1,2012,59.537
khm,sex_m,geo_cov_urb,ste_icse93_1,2013,61.155
khm,sex_m,geo_cov_urb,ste_icse93_1,2014,66.443
khm,sex_m,geo_cov_urb,ste_icse93_1,2015,66.258
khm,sex_m,geo_cov_urb,ste_icse93_1,2016,68.151
khm,sex_m,geo_cov_urb,ste_icse93_1,2017,68.742
khm,sex_m,geo_cov_urb,ste_icse93_1,2018,69.39
khm,sex_m,geo_cov_urb,ste_icse93_1,2019,69.987
khm,sex_m,geo_cov_urb,ste_icse93_1,2020,70.541
khm,sex_m,geo_cov_urb,ste_icse93_1,2021,71.075
khm,sex_m,geo_cov_urb,ste_icse93_1,2022,71.592
khm,sex_m,geo_cov_urb,ste_icse93_1,2023,72.09
khm,sex_m,geo_cov_urb,ste_icse93_1,2024,72.578
khm,sex_m,geo_cov_urb,ste_icse93_2,2005,0.27
khm,sex_m,geo_cov_urb,ste_icse93_2,2006,0.265
khm,sex_m,geo_cov_urb,ste_icse93_2,2007,0.259
khm,sex_m,geo_cov_urb,ste_icse93_2,2008,0.25
khm,sex_m,geo_cov_urb,ste_icse93_2,2009,0.243
khm,sex_m,geo_cov_urb,ste_icse93_2,2010,0.117
khm,sex_m,geo_cov_urb,ste_icse93_2,2011,0.131
khm,sex_m,geo_cov_urb,ste_icse93_2,2012,0.149
khm,sex_m,geo_cov_urb,ste_icse93_2,2013,0.165
khm,sex_m,geo_cov_urb,ste_icse93_2,2014,0.184
khm,sex_m,geo_cov_urb,ste_icse93_2,2015,0.113
khm,sex_m,geo_cov_urb,ste_icse93_2,2016,0.082
khm,sex_m,geo_cov_urb,ste_icse93_2,2017,0.083
khm,sex_m,geo_cov_urb,ste_icse93_2,2018,0.083
khm,sex_m,geo_cov_urb,ste_icse93_2,2019,0.084
khm,sex_m,geo_cov_urb,ste_icse93_2,2020,0.084
khm,sex_m,geo_cov_urb,ste_icse93_2,2021,0.085
khm,sex_m,geo_cov_urb,ste_icse93_2,2022,0.086
khm,sex_m,geo_cov_urb,ste_icse93_2,2023,0.086
khm,sex_m,geo_cov_urb,ste_icse93_2,2024,0.087
khm,sex_m,geo_cov_urb,ste_icse93_3,2005,40.692
khm,sex_m,geo_cov_urb,ste_icse93_3,2006,38.911
khm,sex_m,geo_cov_urb,ste_icse93_3,2007,37.216
khm,sex_m,geo_cov_urb,ste_icse93_3,2008,35.872
khm,sex_m,geo_cov_urb,ste_icse93_3,2009,35.13
khm,sex_m,geo_cov_urb,ste_icse93_3,2010,33.346
khm,sex_m,geo_cov_urb,ste_icse93_3,2011,33.714
khm,sex_m,geo_cov_urb,ste_icse93_3,2012,35.555
khm,sex_m,geo_cov_urb,ste_icse93_3,2013,36.197
khm,sex_m,geo_cov_urb,ste_icse93_3,2014,30.915
khm,sex_m,geo_cov_urb,ste_icse93_3,2015,31.899
khm,sex_m,geo_cov_urb,ste_icse93_3,2016,28.012
khm,sex_m,geo_cov_urb,ste_icse93_3,2017,27.543
khm,sex_m,geo_cov_urb,ste_icse93_3,2018,27.025
khm,sex_m,geo_cov_urb,ste_icse93_3,2019,26.557
khm,sex_m,geo_cov_urb,ste_icse93_3,2020,26.126
khm,sex_m,geo_cov_urb,ste_icse93_3,2021,25.714
khm,sex_m,geo_cov_urb,ste_icse93_3,2022,25.317
khm,sex_m,geo_cov_urb,ste_icse93_3,2023,24.937
khm,sex_m,geo_cov_urb,ste_icse93_3,2024,24.565
khm,sex_m,geo_cov_urb,ste_icse93_5,2005,17.858
khm,sex_m,geo_cov_urb,ste_icse93_5,2006,17.085
khm,sex_m,geo_cov_urb,ste_icse93_5,2007,16.267
khm,sex_m,geo_cov_urb,ste_icse93_5,2008,15.367
khm,sex_m,geo_cov_urb,ste_icse93_5,2009,14.423
khm,sex_m,geo_cov_urb,ste_icse93_5,2010,12.237
khm,sex_m,geo_cov_urb,ste_icse93_5,2011,8.708
khm,sex_m,geo_cov_urb,ste_icse93_5,2012,4.759
khm,sex_m,geo_cov_urb,ste_icse93_5,2013,2.483
khm,sex_m,geo_cov_urb,ste_icse93_5,2014,2.458
khm,sex_m,geo_cov_urb,ste_icse93_5,2015,1.731
khm,sex_m,geo_cov_urb,ste_icse93_5,2016,3.755
khm,sex_m,geo_cov_urb,ste_icse93_5,2017,3.632
khm,sex_m,geo_cov_urb,ste_icse93_5,2018,3.502
khm,sex_m,geo_cov_urb,ste_icse93_5,2019,3.372
khm,sex_m,geo_cov_urb,ste_icse93_5,2020,3.248
khm,sex_m,geo_cov_urb,ste_icse93_5,2021,3.126
khm,sex_m,geo_cov_urb,ste_icse93_5,2022,3.005
khm,sex_m,geo_cov_urb,ste_icse93_5,2023,2.887
khm,sex_m,geo_cov_urb,ste_icse93_5,2024,2.77
khm,sex_m,geo_cov_urb,ste_icse93_total,2005,100
khm,sex_m,geo_cov_urb,ste_icse93_total,2006,100
khm,sex_m,geo_cov_urb,ste_icse93_total,2007,100
khm,sex_m,geo_cov_urb,ste_icse93_total,2008,100
khm,sex_m,geo_cov_urb,ste_icse93_total,2009,100
khm,sex_m,geo_cov_urb,ste_icse93_total,2010,100
khm,sex_m,geo_cov_urb,ste_icse93_total,2011,100
khm,sex_m,geo_cov_urb,ste_icse93_total,2012,100
khm,sex_m,geo_cov_urb,ste_icse93_total,2013,100
khm,sex_m,geo_cov_urb,ste_icse93_total,2014,100
khm,sex_m,geo_cov_urb,ste_icse93_total,2015,100
khm,sex_m,geo_cov_urb,ste_icse93_total,2016,100
khm,sex_m,geo_cov_urb,ste_icse93_total,2017,100
khm,sex_m,geo_cov_urb,ste_icse93_total,2018,100
khm,sex_m,geo_cov_urb,ste_icse93_total,2019,100
khm,sex_m,geo_cov_urb,ste_icse93_total,2020,100
khm,sex_m,geo_cov_urb,ste_icse93_total,2021,100
khm,sex_m,geo_cov_urb,ste_icse93_total,2022,100
khm,sex_m,geo_cov_urb,ste_icse93_total,2023,100
khm,sex_m,geo_cov_urb,ste_icse93_total,2024,100
khm,sex_t,geo_cov_nat,ste_aggregate_ees,2005,20.205
khm,sex_t,geo_cov_nat,ste_aggregate_ees,2006,21.742
khm,sex_t,geo_cov_nat,ste_aggregate_ees,2007,23.33
khm,sex_t,geo_cov_nat,ste_aggregate_ees,2008,24.868
khm,sex_t,geo_cov_nat,ste_aggregate_ees,2009,26.228
khm,sex_t,geo_cov_nat,ste_aggregate_ees,2010,29.001
khm,sex_t,geo_cov_nat,ste_aggregate_ees,2011,30.676
khm,sex_t,geo_cov_nat,ste_aggregate_ees,2012,35.425
khm,sex_t,geo_cov_nat,ste_aggregate_ees,2013,39.417
khm,sex_t,geo_cov_nat,ste_aggregate_ees,2014,43.508
khm,sex_t,geo_cov_nat,ste_aggregate_ees,2015,47.618
khm,sex_t,geo_cov_nat,ste_aggregate_ees,2016,48.931
khm,sex_t,geo_cov_nat,ste_aggregate_ees,2017,49.159
khm,sex_t,geo_cov_nat,ste_aggregate_ees,2018,49.411
khm,sex_t,geo_cov_nat,ste_aggregate_ees,2019,49.643
khm,sex_t,geo_cov_nat,ste_aggregate_ees,2020,49.867
khm,sex_t,geo_cov_nat,ste_aggregate_ees,2021,50.087
khm,sex_t,geo_cov_nat,ste_aggregate_ees,2022,50.303
khm,sex_t,geo_cov_nat,ste_aggregate_ees,2023,50.514
khm,sex_t,geo_cov_nat,ste_aggregate_ees,2024,50.723
khm,sex_t,geo_cov_nat,ste_aggregate_slf,2005,79.795
khm,sex_t,geo_cov_nat,ste_aggregate_slf,2006,78.258
khm,sex_t,geo_cov_nat,ste_aggregate_slf,2007,76.67
khm,sex_t,geo_cov_nat,ste_aggregate_slf,2008,75.132
khm,sex_t,geo_cov_nat,ste_aggregate_slf,2009,73.772
khm,sex_t,geo_cov_nat,ste_aggregate_slf,2010,70.999
khm,sex_t,geo_cov_nat,ste_aggregate_slf,2011,69.324
khm,sex_t,geo_cov_nat,ste_aggregate_slf,2012,64.575
khm,sex_t,geo_cov_nat,ste_aggregate_slf,2013,60.583
khm,sex_t,geo_cov_nat,ste_aggregate_slf,2014,56.492
khm,sex_t,geo_cov_nat,ste_aggregate_slf,2015,52.382
khm,sex_t,geo_cov_nat,ste_aggregate_slf,2016,51.069
khm,sex_t,geo_cov_nat,ste_aggregate_slf,2017,50.841
khm,sex_t,geo_cov_nat,ste_aggregate_slf,2018,50.589
khm,sex_t,geo_cov_nat,ste_aggregate_slf,2019,50.357
khm,sex_t,geo_cov_nat,ste_aggregate_slf,2020,50.133
khm,sex_t,geo_cov_nat,ste_aggregate_slf,2021,49.913
khm,sex_t,geo_cov_nat,ste_aggregate_slf,2022,49.697
khm,sex_t,geo_cov_nat,ste_aggregate_slf,2023,49.486
khm,sex_t,geo_cov_nat,ste_aggregate_slf,2024,49.277
khm,sex_t,geo_cov_nat,ste_aggregate_total,2005,100
khm,sex_t,geo_cov_nat,ste_aggregate_total,2006,100
khm,sex_t,geo_cov_nat,ste_aggregate_total,2007,100
khm,sex_t,geo_cov_nat,ste_aggregate_total,2008,100
khm,sex_t,geo_cov_nat,ste_aggregate_total,2009,100
khm,sex_t,geo_cov_nat,ste_aggregate_total,2010,100
khm,sex_t,geo_cov_nat,ste_aggregate_total,2011,100
khm,sex_t,geo_cov_nat,ste_aggregate_total,2012,100
khm,sex_t,geo_cov_nat,ste_aggregate_total,2013,100
khm,sex_t,geo_cov_nat,ste_aggregate_total,2014,100
khm,sex_t,geo_cov_nat,ste_aggregate_total,2015,100
khm,sex_t,geo_cov_nat,ste_aggregate_total,2016,100
khm,sex_t,geo_cov_nat,ste_aggregate_total,2017,100
khm,sex_t,geo_cov_nat,ste_aggregate_total,2018,100
khm,sex_t,geo_cov_nat,ste_aggregate_total,2019,100
khm,sex_t,geo_cov_nat,ste_aggregate_total,2020,100
khm,sex_t,geo_cov_nat,ste_aggregate_total,2021,100
khm,sex_t,geo_cov_nat,ste_aggregate_total,2022,100
khm,sex_t,geo_cov_nat,ste_aggregate_total,2023,100
khm,sex_t,geo_cov_nat,ste_aggregate_total,2024,100
khm,sex_t,geo_cov_nat,ste_icse93_1,2005,20.205
khm,sex_t,geo_cov_nat,ste_icse93_1,2006,21.742
khm,sex_t,geo_cov_nat,ste_icse93_1,2007,23.33
khm,sex_t,geo_cov_nat,ste_icse93_1,2008,24.868
khm,sex_t,geo_cov_nat,ste_icse93_1,2009,26.228
khm,sex_t,geo_cov_nat,ste_icse93_1,2010,29.001
khm,sex_t,geo_cov_nat,ste_icse93_1,2011,30.676
khm,sex_t,geo_cov_nat,ste_icse93_1,2012,35.425
khm,sex_t,geo_cov_nat,ste_icse93_1,2013,39.417
khm,sex_t,geo_cov_nat,ste_icse93_1,2014,43.508
khm,sex_t,geo_cov_nat,ste_icse93_1,2015,47.618
khm,sex_t,geo_cov_nat,ste_icse93_1,2016,48.931
khm,sex_t,geo_cov_nat,ste_icse93_1,2017,49.159
khm,sex_t,geo_cov_nat,ste_icse93_1,2018,49.411
khm,sex_t,geo_cov_nat,ste_icse93_1,2019,49.643
khm,sex_t,geo_cov_nat,ste_icse93_1,2020,49.867
khm,sex_t,geo_cov_nat,ste_icse93_1,2021,50.087
khm,sex_t,geo_cov_nat,ste_icse93_1,2022,50.303
khm,sex_t,geo_cov_nat,ste_icse93_1,2023,50.514
khm,sex_t,geo_cov_nat,ste_icse93_1,2024,50.723
khm,sex_t,geo_cov_nat,ste_icse93_2,2005,0.29
khm,sex_t,geo_cov_nat,ste_icse93_2,2006,0.296
khm,sex_t,geo_cov_nat,ste_icse93_2,2007,0.301
khm,sex_t,geo_cov_nat,ste_icse93_2,2008,0.304
khm,sex_t,geo_cov_nat,ste_icse93_2,2009,0.306
khm,sex_t,geo_cov_nat,ste_icse93_2,2010,0.152
khm,sex_t,geo_cov_nat,ste_icse93_2,2011,0.155
khm,sex_t,geo_cov_nat,ste_icse93_2,2012,0.161
khm,sex_t,geo_cov_nat,ste_icse93_2,2013,0.162
khm,sex_t,geo_cov_nat,ste_icse93_2,2014,0.166
khm,sex_t,geo_cov_nat,ste_icse93_2,2015,0.102
khm,sex_t,geo_cov_nat,ste_icse93_2,2016,0.074
khm,sex_t,geo_cov_nat,ste_icse93_2,2017,0.076
khm,sex_t,geo_cov_nat,ste_icse93_2,2018,0.077
khm,sex_t,geo_cov_nat,ste_icse93_2,2019,0.078
khm,sex_t,geo_cov_nat,ste_icse93_2,2020,0.079
khm,sex_t,geo_cov_nat,ste_icse93_2,2021,0.08
khm,sex_t,geo_cov_nat,ste_icse93_2,2022,0.081
khm,sex_t,geo_cov_nat,ste_icse93_2,2023,0.082
khm,sex_t,geo_cov_nat,ste_icse93_2,2024,0.083
khm,sex_t,geo_cov_nat,ste_icse93_3,2005,49.199
khm,sex_t,geo_cov_nat,ste_icse93_3,2006,49.548
khm,sex_t,geo_cov_nat,ste_icse93_3,2007,49.844
khm,sex_t,geo_cov_nat,ste_icse93_3,2008,50.092
khm,sex_t,geo_cov_nat,ste_icse93_3,2009,50.341
khm,sex_t,geo_cov_nat,ste_icse93_3,2010,51.859
khm,sex_t,geo_cov_nat,ste_icse93_3,2011,54.52
khm,sex_t,geo_cov_nat,ste_icse93_3,2012,55.984
khm,sex_t,geo_cov_nat,ste_icse93_3,2013,55.86
khm,sex_t,geo_cov_nat,ste_icse93_3,2014,50.786
khm,sex_t,geo_cov_nat,ste_icse93_3,2015,48.65
khm,sex_t,geo_cov_nat,ste_icse93_3,2016,45.955
khm,sex_t,geo_cov_nat,ste_icse93_3,2017,45.874
khm,sex_t,geo_cov_nat,ste_icse93_3,2018,45.781
khm,sex_t,geo_cov_nat,ste_icse93_3,2019,45.698
khm,sex_t,geo_cov_nat,ste_icse93_3,2020,45.619
khm,sex_t,geo_cov_nat,ste_icse93_3,2021,45.543
khm,sex_t,geo_cov_nat,ste_icse93_3,2022,45.469
khm,sex_t,geo_cov_nat,ste_icse93_3,2023,45.396
khm,sex_t,geo_cov_nat,ste_icse93_3,2024,45.325
khm,sex_t,geo_cov_nat,ste_icse93_5,2005,30.307
khm,sex_t,geo_cov_nat,ste_icse93_5,2006,28.414
khm,sex_t,geo_cov_nat,ste_icse93_5,2007,26.525
khm,sex_t,geo_cov_nat,ste_icse93_5,2008,24.736
khm,sex_t,geo_cov_nat,ste_icse93_5,2009,23.125
khm,sex_t,geo_cov_nat,ste_icse93_5,2010,18.988
khm,sex_t,geo_cov_nat,ste_icse93_5,2011,14.649
khm,sex_t,geo_cov_nat,ste_icse93_5,2012,8.43
khm,sex_t,geo_cov_nat,ste_icse93_5,2013,4.561
khm,sex_t,geo_cov_nat,ste_icse93_5,2014,5.541
khm,sex_t,geo_cov_nat,ste_icse93_5,2015,3.63
khm,sex_t,geo_cov_nat,ste_icse93_5,2016,5.039
khm,sex_t,geo_cov_nat,ste_icse93_5,2017,4.891
khm,sex_t,geo_cov_nat,ste_icse93_5,2018,4.732
khm,sex_t,geo_cov_nat,ste_icse93_5,2019,4.581
khm,sex_t,geo_cov_nat,ste_icse93_5,2020,4.435
khm,sex_t,geo_cov_nat,ste_icse93_5,2021,4.29
khm,sex_t,geo_cov_nat,ste_icse93_5,2022,4.148
khm,sex_t,geo_cov_nat,ste_icse93_5,2023,4.007
khm,sex_t,geo_cov_nat,ste_icse93_5,2024,3.868
khm,sex_t,geo_cov_nat,ste_icse93_total,2005,100
khm,sex_t,geo_cov_nat,ste_icse93_total,2006,100
khm,sex_t,geo_cov_nat,ste_icse93_total,2007,100
khm,sex_t,geo_cov_nat,ste_icse93_total,2008,100
khm,sex_t,geo_cov_nat,ste_icse93_total,2009,100
khm,sex_t,geo_cov_nat,ste_icse93_total,2010,100
khm,sex_t,geo_cov_nat,ste_icse93_total,2011,100
khm,sex_t,geo_cov_nat,ste_icse93_total,2012,100
khm,sex_t,geo_cov_nat,ste_icse93_total,2013,100
khm,sex_t,geo_cov_nat,ste_icse93_total,2014,100
khm,sex_t,geo_cov_nat,ste_icse93_total,2015,100
khm,sex_t,geo_cov_nat,ste_icse93_total,2016,100
khm,sex_t,geo_cov_nat,ste_icse93_total,2017,100
khm,sex_t,geo_cov_nat,ste_icse93_total,2018,100
khm,sex_t,geo_cov_nat,ste_icse93_total,2019,100
khm,sex_t,geo_cov_nat,ste_icse93_total,2020,100
khm,sex_t,geo_cov_nat,ste_icse93_total,2021,100
khm,sex_t,geo_cov_nat,ste_icse93_total,2022,100
khm,sex_t,geo_cov_nat,ste_icse93_total,2023,100
khm,sex_t,geo_cov_nat,ste_icse93_total,2024,100
khm,sex_t,geo_cov_rur,ste_aggregate_ees,2005,16.918
khm,sex_t,geo_cov_rur,ste_aggregate_ees,2006,18.321
khm,sex_t,geo_cov_rur,ste_aggregate_ees,2007,19.791
khm,sex_t,geo_cov_rur,ste_aggregate_ees,2008,21.12
khm,sex_t,geo_cov_rur,ste_aggregate_ees,2009,22.395
khm,sex_t,geo_cov_rur,ste_aggregate_ees,2010,24.959
khm,sex_t,geo_cov_rur,ste_aggregate_ees,2011,26.245
khm,sex_t,geo_cov_rur,ste_aggregate_ees,2012,31.479
khm,sex_t,geo_cov_rur,ste_aggregate_ees,2013,35.831
khm,sex_t,geo_cov_rur,ste_aggregate_ees,2014,38.394
khm,sex_t,geo_cov_rur,ste_aggregate_ees,2015,44.083
khm,sex_t,geo_cov_rur,ste_aggregate_ees,2016,45.455
khm,sex_t,geo_cov_rur,ste_aggregate_ees,2017,45.573
khm,sex_t,geo_cov_rur,ste_aggregate_ees,2018,45.71
khm,sex_t,geo_cov_rur,ste_aggregate_ees,2019,45.831
khm,sex_t,geo_cov_rur,ste_aggregate_ees,2020,45.946
khm,sex_t,geo_cov_rur,ste_aggregate_ees,2021,46.057
khm,sex_t,geo_cov_rur,ste_aggregate_ees,2022,46.166
khm,sex_t,geo_cov_rur,ste_aggregate_ees,2023,46.272
khm,sex_t,geo_cov_rur,ste_aggregate_ees,2024,46.376
khm,sex_t,geo_cov_rur,ste_aggregate_slf,2005,83.082
khm,sex_t,geo_cov_rur,ste_aggregate_slf,2006,81.679
khm,sex_t,geo_cov_rur,ste_aggregate_slf,2007,80.209
khm,sex_t,geo_cov_rur,ste_aggregate_slf,2008,78.88
khm,sex_t,geo_cov_rur,ste_aggregate_slf,2009,77.605
khm,sex_t,geo_cov_rur,ste_aggregate_slf,2010,75.041
khm,sex_t,geo_cov_rur,ste_aggregate_slf,2011,73.755
khm,sex_t,geo_cov_rur,ste_aggregate_slf,2012,68.521
khm,sex_t,geo_cov_rur,ste_aggregate_slf,2013,64.169
khm,sex_t,geo_cov_rur,ste_aggregate_slf,2014,61.606
khm,sex_t,geo_cov_rur,ste_aggregate_slf,2015,55.917
khm,sex_t,geo_cov_rur,ste_aggregate_slf,2016,54.545
khm,sex_t,geo_cov_rur,ste_aggregate_slf,2017,54.427
khm,sex_t,geo_cov_rur,ste_aggregate_slf,2018,54.29
khm,sex_t,geo_cov_rur,ste_aggregate_slf,2019,54.169
khm,sex_t,geo_cov_rur,ste_aggregate_slf,2020,54.054
khm,sex_t,geo_cov_rur,ste_aggregate_slf,2021,53.943
khm,sex_t,geo_cov_rur,ste_aggregate_slf,2022,53.834
khm,sex_t,geo_cov_rur,ste_aggregate_slf,2023,53.728
khm,sex_t,geo_cov_rur,ste_aggregate_slf,2024,53.624
khm,sex_t,geo_cov_rur,ste_aggregate_total,2005,100
khm,sex_t,geo_cov_rur,ste_aggregate_total,2006,100
khm,sex_t,geo_cov_rur,ste_aggregate_total,2007,100
khm,sex_t,geo_cov_rur,ste_aggregate_total,2008,100
khm,sex_t,geo_cov_rur,ste_aggregate_total,2009,100
khm,sex_t,geo_cov_rur,ste_aggregate_total,2010,100
khm,sex_t,geo_cov_rur,ste_aggregate_total,2011,100
khm,sex_t,geo_cov_rur,ste_aggregate_total,2012,100
khm,sex_t,geo_cov_rur,ste_aggregate_total,2013,100
khm,sex_t,geo_cov_rur,ste_aggregate_total,2014,100
khm,sex_t,geo_cov_rur,ste_aggregate_total,2015,100
khm,sex_t,geo_cov_rur,ste_aggregate_total,2016,100
khm,sex_t,geo_cov_rur,ste_aggregate_total,2017,100
khm,sex_t,geo_cov_rur,ste_aggregate_total,2018,100
khm,sex_t,geo_cov_rur,ste_aggregate_total,2019,100
khm,sex_t,geo_cov_rur,ste_aggregate_total,2020,100
khm,sex_t,geo_cov_rur,ste_aggregate_total,2021,100
khm,sex_t,geo_cov_rur,ste_aggregate_total,2022,100
khm,sex_t,geo_cov_rur,ste_aggregate_total,2023,100
khm,sex_t,geo_cov_rur,ste_aggregate_total,2024,100
khm,sex_t,geo_cov_rur,ste_icse93_1,2005,16.918
khm,sex_t,geo_cov_rur,ste_icse93_1,2006,18.321
khm,sex_t,geo_cov_rur,ste_icse93_1,2007,19.791
khm,sex_t,geo_cov_rur,ste_icse93_1,2008,21.12
khm,sex_t,geo_cov_rur,ste_icse93_1,2009,22.395
khm,sex_t,geo_cov_rur,ste_icse93_1,2010,24.959
khm,sex_t,geo_cov_rur,ste_icse93_1,2011,26.245
khm,sex_t,geo_cov_rur,ste_icse93_1,2012,31.479
khm,sex_t,geo_cov_rur,ste_icse93_1,2013,35.831
khm,sex_t,geo_cov_rur,ste_icse93_1,2014,38.394
khm,sex_t,geo_cov_rur,ste_icse93_1,2015,44.083
khm,sex_t,geo_cov_rur,ste_icse93_1,2016,45.455
khm,sex_t,geo_cov_rur,ste_icse93_1,2017,45.573
khm,sex_t,geo_cov_rur,ste_icse93_1,2018,45.71
khm,sex_t,geo_cov_rur,ste_icse93_1,2019,45.831
khm,sex_t,geo_cov_rur,ste_icse93_1,2020,45.946
khm,sex_t,geo_cov_rur,ste_icse93_1,2021,46.057
khm,sex_t,geo_cov_rur,ste_icse93_1,2022,46.166
khm,sex_t,geo_cov_rur,ste_icse93_1,2023,46.272
khm,sex_t,geo_cov_rur,ste_icse93_1,2024,46.376
khm,sex_t,geo_cov_rur,ste_icse93_2,2005,0.286
khm,sex_t,geo_cov_rur,ste_icse93_2,2006,0.293
khm,sex_t,geo_cov_rur,ste_icse93_2,2007,0.299
khm,sex_t,geo_cov_rur,ste_icse93_2,2008,0.302
khm,sex_t,geo_cov_rur,ste_icse93_2,2009,0.306
khm,sex_t,geo_cov_rur,ste_icse93_2,2010,0.152
khm,sex_t,geo_cov_rur,ste_icse93_2,2011,0.155
khm,sex_t,geo_cov_rur,ste_icse93_2,2012,0.161
khm,sex_t,geo_cov_rur,ste_icse93_2,2013,0.162
khm,sex_t,geo_cov_rur,ste_icse93_2,2014,0.166
khm,sex_t,geo_cov_rur,ste_icse93_2,2015,0.102
khm,sex_t,geo_cov_rur,ste_icse93_2,2016,0.074
khm,sex_t,geo_cov_rur,ste_icse93_2,2017,0.076
khm,sex_t,geo_cov_rur,ste_icse93_2,2018,0.077
khm,sex_t,geo_cov_rur,ste_icse93_2,2019,0.078
khm,sex_t,geo_cov_rur,ste_icse93_2,2020,0.079
khm,sex_t,geo_cov_rur,ste_icse93_2,2021,0.08
khm,sex_t,geo_cov_rur,ste_icse93_2,2022,0.082
khm,sex_t,geo_cov_rur,ste_icse93_2,2023,0.083
khm,sex_t,geo_cov_rur,ste_icse93_2,2024,0.084
khm,sex_t,geo_cov_rur,ste_icse93_3,2005,51.207
khm,sex_t,geo_cov_rur,ste_icse93_3,2006,51.649
khm,sex_t,geo_cov_rur,ste_icse93_3,2007,52.042
khm,sex_t,geo_cov_rur,ste_icse93_3,2008,52.464
khm,sex_t,geo_cov_rur,ste_icse93_3,2009,52.811
khm,sex_t,geo_cov_rur,ste_icse93_3,2010,54.891
khm,sex_t,geo_cov_rur,ste_icse93_3,2011,57.924
khm,sex_t,geo_cov_rur,ste_icse93_3,2012,59.477
khm,sex_t,geo_cov_rur,ste_icse93_3,2013,59.383
khm,sex_t,geo_cov_rur,ste_icse93_3,2014,55.24
khm,sex_t,geo_cov_rur,ste_icse93_3,2015,52.098
khm,sex_t,geo_cov_rur,ste_icse93_3,2016,49.337
khm,sex_t,geo_cov_rur,ste_icse93_3,2017,49.361
khm,sex_t,geo_cov_rur,ste_icse93_3,2018,49.376
khm,sex_t,geo_cov_rur,ste_icse93_3,2019,49.4
khm,sex_t,geo_cov_rur,ste_icse93_3,2020,49.426
khm,sex_t,geo_cov_rur,ste_icse93_3,2021,49.454
khm,sex_t,geo_cov_rur,ste_icse93_3,2022,49.484
khm,sex_t,geo_cov_rur,ste_icse93_3,2023,49.514
khm,sex_t,geo_cov_rur,ste_icse93_3,2024,49.545
khm,sex_t,geo_cov_rur,ste_icse93_5,2005,31.59
khm,sex_t,geo_cov_rur,ste_icse93_5,2006,29.738
khm,sex_t,geo_cov_rur,ste_icse93_5,2007,27.868
khm,sex_t,geo_cov_rur,ste_icse93_5,2008,26.114
khm,sex_t,geo_cov_rur,ste_icse93_5,2009,24.488
khm,sex_t,geo_cov_rur,ste_icse93_5,2010,19.999
khm,sex_t,geo_cov_rur,ste_icse93_5,2011,15.676
khm,sex_t,geo_cov_rur,ste_icse93_5,2012,8.883
khm,sex_t,geo_cov_rur,ste_icse93_5,2013,4.624
khm,sex_t,geo_cov_rur,ste_icse93_5,2014,6.2
khm,sex_t,geo_cov_rur,ste_icse93_5,2015,3.718
khm,sex_t,geo_cov_rur,ste_icse93_5,2016,5.134
khm,sex_t,geo_cov_rur,ste_icse93_5,2017,4.99
khm,sex_t,geo_cov_rur,ste_icse93_5,2018,4.837
khm,sex_t,geo_cov_rur,ste_icse93_5,2019,4.691
khm,sex_t,geo_cov_rur,ste_icse93_5,2020,4.549
khm,sex_t,geo_cov_rur,ste_icse93_5,2021,4.408
khm,sex_t,geo_cov_rur,ste_icse93_5,2022,4.269
khm,sex_t,geo_cov_rur,ste_icse93_5,2023,4.131
khm,sex_t,geo_cov_rur,ste_icse93_5,2024,3.995
khm,sex_t,geo_cov_rur,ste_icse93_total,2005,100
khm,sex_t,geo_cov_rur,ste_icse93_total,2006,100
khm,sex_t,geo_cov_rur,ste_icse93_total,2007,100
khm,sex_t,geo_cov_rur,ste_icse93_total,2008,100
khm,sex_t,geo_cov_rur,ste_icse93_total,2009,100
khm,sex_t,geo_cov_rur,ste_icse93_total,2010,100
khm,sex_t,geo_cov_rur,ste_icse93_total,2011,100
khm,sex_t,geo_cov_rur,ste_icse93_total,2012,100
khm,sex_t,geo_cov_rur,ste_icse93_total,2013,100
khm,sex_t,geo_cov_rur,ste_icse93_total,2014,100
khm,sex_t,geo_cov_rur,ste_icse93_total,2015,100
khm,sex_t,geo_cov_rur,ste_icse93_total,2016,100
khm,sex_t,geo_cov_rur,ste_icse93_total,2017,100
khm,sex_t,geo_cov_rur,ste_icse93_total,2018,100
khm,sex_t,geo_cov_rur,ste_icse93_total,2019,100
khm,sex_t,geo_cov_rur,ste_icse93_total,2020,100
khm,sex_t,geo_cov_rur,ste_icse93_total,2021,100
khm,sex_t,geo_cov_rur,ste_icse93_total,2022,100
khm,sex_t,geo_cov_rur,ste_icse93_total,2023,100
khm,sex_t,geo_cov_rur,ste_icse93_total,2024,100
khm,sex_t,geo_cov_urb,ste_aggregate_ees,2005,33.988
khm,sex_t,geo_cov_urb,ste_aggregate_ees,2006,36.583
khm,sex_t,geo_cov_urb,ste_aggregate_ees,2007,39.223
khm,sex_t,geo_cov_urb,ste_aggregate_ees,2008,41.324
khm,sex_t,geo_cov_urb,ste_aggregate_ees,2009,43.369
khm,sex_t,geo_cov_urb,ste_aggregate_ees,2010,47.367
khm,sex_t,geo_cov_urb,ste_aggregate_ees,2011,50.436
khm,sex_t,geo_cov_urb,ste_aggregate_ees,2012,51.679
khm,sex_t,geo_cov_urb,ste_aggregate_ees,2013,53.076
khm,sex_t,geo_cov_urb,ste_aggregate_ees,2014,60.645
khm,sex_t,geo_cov_urb,ste_aggregate_ees,2015,59.496
khm,sex_t,geo_cov_urb,ste_aggregate_ees,2016,60.185
khm,sex_t,geo_cov_urb,ste_aggregate_ees,2017,60.44
khm,sex_t,geo_cov_urb,ste_aggregate_ees,2018,60.726
khm,sex_t,geo_cov_urb,ste_aggregate_ees,2019,60.978
khm,sex_t,geo_cov_urb,ste_aggregate_ees,2020,61.213
khm,sex_t,geo_cov_urb,ste_aggregate_ees,2021,61.439
khm,sex_t,geo_cov_urb,ste_aggregate_ees,2022,61.655
khm,sex_t,geo_cov_urb,ste_aggregate_ees,2023,61.86
khm,sex_t,geo_cov_urb,ste_aggregate_ees,2024,62.06
khm,sex_t,geo_cov_urb,ste_aggregate_slf,2005,66.012
khm,sex_t,geo_cov_urb,ste_aggregate_slf,2006,63.417
khm,sex_t,geo_cov_urb,ste_aggregate_slf,2007,60.777
khm,sex_t,geo_cov_urb,ste_aggregate_slf,2008,58.676
khm,sex_t,geo_cov_urb,ste_aggregate_slf,2009,56.631
khm,sex_t,geo_cov_urb,ste_aggregate_slf,2010,52.633
khm,sex_t,geo_cov_urb,ste_aggregate_slf,2011,49.564
khm,sex_t,geo_cov_urb,ste_aggregate_slf,2012,48.321
khm,sex_t,geo_cov_urb,ste_aggregate_slf,2013,46.924
khm,sex_t,geo_cov_urb,ste_aggregate_slf,2014,39.355
khm,sex_t,geo_cov_urb,ste_aggregate_slf,2015,40.504
khm,sex_t,geo_cov_urb,ste_aggregate_slf,2016,39.815
khm,sex_t,geo_cov_urb,ste_aggregate_slf,2017,39.56
khm,sex_t,geo_cov_urb,ste_aggregate_slf,2018,39.274
khm,sex_t,geo_cov_urb,ste_aggregate_slf,2019,39.022
khm,sex_t,geo_cov_urb,ste_aggregate_slf,2020,38.787
khm,sex_t,geo_cov_urb,ste_aggregate_slf,2021,38.561
khm,sex_t,geo_cov_urb,ste_aggregate_slf,2022,38.345
khm,sex_t,geo_cov_urb,ste_aggregate_slf,2023,38.14
khm,sex_t,geo_cov_urb,ste_aggregate_slf,2024,37.94
khm,sex_t,geo_cov_urb,ste_aggregate_total,2005,100
khm,sex_t,geo_cov_urb,ste_aggregate_total,2006,100
khm,sex_t,geo_cov_urb,ste_aggregate_total,2007,100
khm,sex_t,geo_cov_urb,ste_aggregate_total,2008,100
khm,sex_t,geo_cov_urb,ste_aggregate_total,2009,100
khm,sex_t,geo_cov_urb,ste_aggregate_total,2010,100
khm,sex_t,geo_cov_urb,ste_aggregate_total,2011,100
khm,sex_t,geo_cov_urb,ste_aggregate_total,2012,100
khm,sex_t,geo_cov_urb,ste_aggregate_total,2013,100
khm,sex_t,geo_cov_urb,ste_aggregate_total,2014,100
khm,sex_t,geo_cov_urb,ste_aggregate_total,2015,100
khm,sex_t,geo_cov_urb,ste_aggregate_total,2016,100
khm,sex_t,geo_cov_urb,ste_aggregate_total,2017,100
khm,sex_t,geo_cov_urb,ste_aggregate_total,2018,100
khm,sex_t,geo_cov_urb,ste_aggregate_total,2019,100
khm,sex_t,geo_cov_urb,ste_aggregate_total,2020,100
khm,sex_t,geo_cov_urb,ste_aggregate_total,2021,100
khm,sex_t,geo_cov_urb,ste_aggregate_total,2022,100
khm,sex_t,geo_cov_urb,ste_aggregate_total,2023,100
khm,sex_t,geo_cov_urb,ste_aggregate_total,2024,100
khm,sex_t,geo_cov_urb,ste_icse93_1,2005,33.988
khm,sex_t,geo_cov_urb,ste_icse93_1,2006,36.583
khm,sex_t,geo_cov_urb,ste_icse93_1,2007,39.223
khm,sex_t,geo_cov_urb,ste_icse93_1,2008,41.324
khm,sex_t,geo_cov_urb,ste_icse93_1,2009,43.369
khm,sex_t,geo_cov_urb,ste_icse93_1,2010,47.367
khm,sex_t,geo_cov_urb,ste_icse93_1,2011,50.436
khm,sex_t,geo_cov_urb,ste_icse93_1,2012,51.679
khm,sex_t,geo_cov_urb,ste_icse93_1,2013,53.076
khm,sex_t,geo_cov_urb,ste_icse93_1,2014,60.645
khm,sex_t,geo_cov_urb,ste_icse93_1,2015,59.496
khm,sex_t,geo_cov_urb,ste_icse93_1,2016,60.185
khm,sex_t,geo_cov_urb,ste_icse93_1,2017,60.44
khm,sex_t,geo_cov_urb,ste_icse93_1,2018,60.726
khm,sex_t,geo_cov_urb,ste_icse93_1,2019,60.978
khm,sex_t,geo_cov_urb,ste_icse93_1,2020,61.213
khm,sex_t,geo_cov_urb,ste_icse93_1,2021,61.439
khm,sex_t,geo_cov_urb,ste_icse93_1,2022,61.655
khm,sex_t,geo_cov_urb,ste_icse93_1,2023,61.86
khm,sex_t,geo_cov_urb,ste_icse93_1,2024,62.06
khm,sex_t,geo_cov_urb,ste_icse93_2,2005,0.306
khm,sex_t,geo_cov_urb,ste_icse93_2,2006,0.309
khm,sex_t,geo_cov_urb,ste_icse93_2,2007,0.31
khm,sex_t,geo_cov_urb,ste_icse93_2,2008,0.31
khm,sex_t,geo_cov_urb,ste_icse93_2,2009,0.31
khm,sex_t,geo_cov_urb,ste_icse93_2,2010,0.157
khm,sex_t,geo_cov_urb,ste_icse93_2,2011,0.157
khm,sex_t,geo_cov_urb,ste_icse93_2,2012,0.16
khm,sex_t,geo_cov_urb,ste_icse93_2,2013,0.161
khm,sex_t,geo_cov_urb,ste_icse93_2,2014,0.166
khm,sex_t,geo_cov_urb,ste_icse93_2,2015,0.102
khm,sex_t,geo_cov_urb,ste_icse93_2,2016,0.074
khm,sex_t,geo_cov_urb,ste_icse93_2,2017,0.075
khm,sex_t,geo_cov_urb,ste_icse93_2,2018,0.076
khm,sex_t,geo_cov_urb,ste_icse93_2,2019,0.076
khm,sex_t,geo_cov_urb,ste_icse93_2,2020,0.077
khm,sex_t,geo_cov_urb,ste_icse93_2,2021,0.078
khm,sex_t,geo_cov_urb,ste_icse93_2,2022,0.079
khm,sex_t,geo_cov_urb,ste_icse93_2,2023,0.079
khm,sex_t,geo_cov_urb,ste_icse93_2,2024,0.08
khm,sex_t,geo_cov_urb,ste_icse93_3,2005,40.778
khm,sex_t,geo_cov_urb,ste_icse93_3,2006,40.434
khm,sex_t,geo_cov_urb,ste_icse93_3,2007,39.977
khm,sex_t,geo_cov_urb,ste_icse93_3,2008,39.679
khm,sex_t,geo_cov_urb,ste_icse93_3,2009,39.294
khm,sex_t,geo_cov_urb,ste_icse93_3,2010,38.082
khm,sex_t,geo_cov_urb,ste_icse93_3,2011,39.337
khm,sex_t,geo_cov_urb,ste_icse93_3,2012,41.595
khm,sex_t,geo_cov_urb,ste_icse93_3,2013,42.44
khm,sex_t,geo_cov_urb,ste_icse93_3,2014,35.86
khm,sex_t,geo_cov_urb,ste_icse93_3,2015,37.066
khm,sex_t,geo_cov_urb,ste_icse93_3,2016,35.008
khm,sex_t,geo_cov_urb,ste_icse93_3,2017,34.908
khm,sex_t,geo_cov_urb,ste_icse93_3,2018,34.787
khm,sex_t,geo_cov_urb,ste_icse93_3,2019,34.69
khm,sex_t,geo_cov_urb,ste_icse93_3,2020,34.604
khm,sex_t,geo_cov_urb,ste_icse93_3,2021,34.524
khm,sex_t,geo_cov_urb,ste_icse93_3,2022,34.451
khm,sex_t,geo_cov_urb,ste_icse93_3,2023,34.384
khm,sex_t,geo_cov_urb,ste_icse93_3,2024,34.322
khm,sex_t,geo_cov_urb,ste_icse93_5,2005,24.928
khm,sex_t,geo_cov_urb,ste_icse93_5,2006,22.674
khm,sex_t,geo_cov_urb,ste_icse93_5,2007,20.491
khm,sex_t,geo_cov_urb,ste_icse93_5,2008,18.687
khm,sex_t,geo_cov_urb,ste_icse93_5,2009,17.027
khm,sex_t,geo_cov_urb,ste_icse93_5,2010,14.394
khm,sex_t,geo_cov_urb,ste_icse93_5,2011,10.07
khm,sex_t,geo_cov_urb,ste_icse93_5,2012,6.567
khm,sex_t,geo_cov_urb,ste_icse93_5,2013,4.323
khm,sex_t,geo_cov_urb,ste_icse93_5,2014,3.33
khm,sex_t,geo_cov_urb,ste_icse93_5,2015,3.336
khm,sex_t,geo_cov_urb,ste_icse93_5,2016,4.733
khm,sex_t,geo_cov_urb,ste_icse93_5,2017,4.577
khm,sex_t,geo_cov_urb,ste_icse93_5,2018,4.411
khm,sex_t,geo_cov_urb,ste_icse93_5,2019,4.255
khm,sex_t,geo_cov_urb,ste_icse93_5,2020,4.106
khm,sex_t,geo_cov_urb,ste_icse93_5,2021,3.959
khm,sex_t,geo_cov_urb,ste_icse93_5,2022,3.816
khm,sex_t,geo_cov_urb,ste_icse93_5,2023,3.676
khm,sex_t,geo_cov_urb,ste_icse93_5,2024,3.538
khm,sex_t,geo_cov_urb,ste_icse93_total,2005,100
khm,sex_t,geo_cov_urb,ste_icse93_total,2006,100
khm,sex_t,geo_cov_urb,ste_icse93_total,2007,100
khm,sex_t,geo_cov_urb,ste_icse93_total,2008,100
khm,sex_t,geo_cov_urb,ste_icse93_total,2009,100
khm,sex_t,geo_cov_urb,ste_icse93_total,2010,100
khm,sex_t,geo_cov_urb,ste_icse93_total,2011,100
khm,sex_t,geo_cov_urb,ste_icse93_total,2012,100
khm,sex_t,geo_cov_urb,ste_icse93_total,2013,100
khm,sex_t,geo_cov_urb,ste_icse93_total,2014,100
khm,sex_t,geo_cov_urb,ste_icse93_total,2015,100
khm,sex_t,geo_cov_urb,ste_icse93_total,2016,100
khm,sex_t,geo_cov_urb,ste_icse93_total,2017,100
khm,sex_t,geo_cov_urb,ste_icse93_total,2018,100
khm,sex_t,geo_cov_urb,ste_icse93_total,2019,100
khm,sex_t,geo_cov_urb,ste_icse93_total,2020,100
khm,sex_t,geo_cov_urb,ste_icse93_total,2021,100
khm,sex_t,geo_cov_urb,ste_icse93_total,2022,100
khm,sex_t,geo_cov_urb,ste_icse93_total,2023,100
khm,sex_t,geo_cov_urb,ste_icse93_total,2024,100
