ref_area,sex,classif1,classif2,time,emp_temp_sex_age_eco_nb
bol,sex_f,age_10yrbands_total,eco_aggregate_agr,1991,3.977
bol,sex_f,age_10yrbands_total,eco_aggregate_agr,1992,4.89
bol,sex_f,age_10yrbands_total,eco_aggregate_agr,1993,2.969
bol,sex_f,age_10yrbands_total,eco_aggregate_agr,1994,2.428
bol,sex_f,age_10yrbands_total,eco_aggregate_agr,1995,5.947
bol,sex_f,age_10yrbands_total,eco_aggregate_agr,2000,526.651
bol,sex_f,age_10yrbands_total,eco_aggregate_agr,2001,635.52
bol,sex_f,age_10yrbands_total,eco_aggregate_agr,2002,559.281
bol,sex_f,age_10yrbands_total,eco_aggregate_agr,2005,634.598
bol,sex_f,age_10yrbands_total,eco_aggregate_agr,2006,668.749
bol,sex_f,age_10yrbands_total,eco_aggregate_agr,2007,696.866
bol,sex_f,age_10yrbands_total,eco_aggregate_agr,2008,649.194
bol,sex_f,age_10yrbands_total,eco_aggregate_agr,2009,650.919
bol,sex_f,age_10yrbands_total,eco_aggregate_agr,2011,735.44
bol,sex_f,age_10yrbands_total,eco_aggregate_agr,2012,643.434
bol,sex_f,age_10yrbands_total,eco_aggregate_agr,2013,724.969
bol,sex_f,age_10yrbands_total,eco_aggregate_agr,2014,705.696
bol,sex_f,age_10yrbands_total,eco_aggregate_agr,2015,625.73
bol,sex_f,age_10yrbands_total,eco_aggregate_agr,2016,611.269
bol,sex_f,age_10yrbands_total,eco_aggregate_agr,2017,682.077
bol,sex_f,age_10yrbands_total,eco_aggregate_agr,2018,764.4
bol,sex_f,age_10yrbands_total,eco_aggregate_agr,2019,709.567
bol,sex_f,age_10yrbands_total,eco_aggregate_agr,2020,693.808
bol,sex_f,age_10yrbands_total,eco_aggregate_agr,2021,802.853
bol,sex_f,age_10yrbands_total,eco_aggregate_agr,2022,745.124
bol,sex_f,age_10yrbands_total,eco_aggregate_agr,2023,782.436
bol,sex_f,age_10yrbands_total,eco_aggregate_agr,2024,763.459
bol,sex_f,age_10yrbands_total,eco_aggregate_con,1991,2.502
bol,sex_f,age_10yrbands_total,eco_aggregate_con,1992,1.261
bol,sex_f,age_10yrbands_total,eco_aggregate_con,1993,1.161
bol,sex_f,age_10yrbands_total,eco_aggregate_con,1994,2.063
bol,sex_f,age_10yrbands_total,eco_aggregate_con,1995,2.071
bol,sex_f,age_10yrbands_total,eco_aggregate_con,2000,8.353
bol,sex_f,age_10yrbands_total,eco_aggregate_con,2001,5.91
bol,sex_f,age_10yrbands_total,eco_aggregate_con,2002,10.432
bol,sex_f,age_10yrbands_total,eco_aggregate_con,2005,21.413
bol,sex_f,age_10yrbands_total,eco_aggregate_con,2006,2.875
bol,sex_f,age_10yrbands_total,eco_aggregate_con,2007,5.923
bol,sex_f,age_10yrbands_total,eco_aggregate_con,2008,13.647
bol,sex_f,age_10yrbands_total,eco_aggregate_con,2009,13.333
bol,sex_f,age_10yrbands_total,eco_aggregate_con,2011,15.931
bol,sex_f,age_10yrbands_total,eco_aggregate_con,2012,14.659
bol,sex_f,age_10yrbands_total,eco_aggregate_con,2013,11.917
bol,sex_f,age_10yrbands_total,eco_aggregate_con,2014,21.482
bol,sex_f,age_10yrbands_total,eco_aggregate_con,2015,16.118
bol,sex_f,age_10yrbands_total,eco_aggregate_con,2016,14.186
bol,sex_f,age_10yrbands_total,eco_aggregate_con,2017,12.495
bol,sex_f,age_10yrbands_total,eco_aggregate_con,2018,12.954
bol,sex_f,age_10yrbands_total,eco_aggregate_con,2019,13.794
bol,sex_f,age_10yrbands_total,eco_aggregate_con,2020,9.212
bol,sex_f,age_10yrbands_total,eco_aggregate_con,2021,13.922
bol,sex_f,age_10yrbands_total,eco_aggregate_con,2022,13.938
bol,sex_f,age_10yrbands_total,eco_aggregate_con,2023,15.119
bol,sex_f,age_10yrbands_total,eco_aggregate_con,2024,18.191
bol,sex_f,age_10yrbands_total,eco_aggregate_man,1989,36.102
bol,sex_f,age_10yrbands_total,eco_aggregate_man,1990,38.505
bol,sex_f,age_10yrbands_total,eco_aggregate_man,1991,54.225
bol,sex_f,age_10yrbands_total,eco_aggregate_man,1992,63.186
bol,sex_f,age_10yrbands_total,eco_aggregate_man,1993,67.248
bol,sex_f,age_10yrbands_total,eco_aggregate_man,1994,75.418
bol,sex_f,age_10yrbands_total,eco_aggregate_man,1995,80.18
bol,sex_f,age_10yrbands_total,eco_aggregate_man,1999,155.174
bol,sex_f,age_10yrbands_total,eco_aggregate_man,2000,136.616
bol,sex_f,age_10yrbands_total,eco_aggregate_man,2001,140.821
bol,sex_f,age_10yrbands_total,eco_aggregate_man,2002,159.92
bol,sex_f,age_10yrbands_total,eco_aggregate_man,2005,164.878
bol,sex_f,age_10yrbands_total,eco_aggregate_man,2006,188.519
bol,sex_f,age_10yrbands_total,eco_aggregate_man,2007,176.621
bol,sex_f,age_10yrbands_total,eco_aggregate_man,2008,205.76
bol,sex_f,age_10yrbands_total,eco_aggregate_man,2009,207.245
bol,sex_f,age_10yrbands_total,eco_aggregate_man,2011,108.868
bol,sex_f,age_10yrbands_total,eco_aggregate_man,2012,112.579
bol,sex_f,age_10yrbands_total,eco_aggregate_man,2013,109.045
bol,sex_f,age_10yrbands_total,eco_aggregate_man,2014,180.633
bol,sex_f,age_10yrbands_total,eco_aggregate_man,2015,149.225
bol,sex_f,age_10yrbands_total,eco_aggregate_man,2016,190.49
bol,sex_f,age_10yrbands_total,eco_aggregate_man,2017,198.287
bol,sex_f,age_10yrbands_total,eco_aggregate_man,2018,229.908
bol,sex_f,age_10yrbands_total,eco_aggregate_man,2019,278.02
bol,sex_f,age_10yrbands_total,eco_aggregate_man,2020,192.235
bol,sex_f,age_10yrbands_total,eco_aggregate_man,2021,333.151
bol,sex_f,age_10yrbands_total,eco_aggregate_man,2022,341.829
bol,sex_f,age_10yrbands_total,eco_aggregate_man,2023,363.949
bol,sex_f,age_10yrbands_total,eco_aggregate_man,2024,414.663
bol,sex_f,age_10yrbands_total,eco_aggregate_mel,1989,4.597
bol,sex_f,age_10yrbands_total,eco_aggregate_mel,1990,1.047
bol,sex_f,age_10yrbands_total,eco_aggregate_mel,1991,2.422
bol,sex_f,age_10yrbands_total,eco_aggregate_mel,1992,1.804
bol,sex_f,age_10yrbands_total,eco_aggregate_mel,1993,1.46
bol,sex_f,age_10yrbands_total,eco_aggregate_mel,1994,1.944
bol,sex_f,age_10yrbands_total,eco_aggregate_mel,1995,2.838
bol,sex_f,age_10yrbands_total,eco_aggregate_mel,1999,76.011
bol,sex_f,age_10yrbands_total,eco_aggregate_mel,2000,8.049
bol,sex_f,age_10yrbands_total,eco_aggregate_mel,2001,6.579
bol,sex_f,age_10yrbands_total,eco_aggregate_mel,2002,4.858
bol,sex_f,age_10yrbands_total,eco_aggregate_mel,2005,14.069
bol,sex_f,age_10yrbands_total,eco_aggregate_mel,2006,5.142
bol,sex_f,age_10yrbands_total,eco_aggregate_mel,2007,3.326
bol,sex_f,age_10yrbands_total,eco_aggregate_mel,2008,8.523
bol,sex_f,age_10yrbands_total,eco_aggregate_mel,2009,4.997
bol,sex_f,age_10yrbands_total,eco_aggregate_mel,2011,15.795
bol,sex_f,age_10yrbands_total,eco_aggregate_mel,2012,27.003
bol,sex_f,age_10yrbands_total,eco_aggregate_mel,2013,20.157
bol,sex_f,age_10yrbands_total,eco_aggregate_mel,2014,12.467
bol,sex_f,age_10yrbands_total,eco_aggregate_mel,2015,16.101
bol,sex_f,age_10yrbands_total,eco_aggregate_mel,2016,11.864
bol,sex_f,age_10yrbands_total,eco_aggregate_mel,2017,9.625
bol,sex_f,age_10yrbands_total,eco_aggregate_mel,2018,10.52
bol,sex_f,age_10yrbands_total,eco_aggregate_mel,2019,7.719
bol,sex_f,age_10yrbands_total,eco_aggregate_mel,2020,10.239
bol,sex_f,age_10yrbands_total,eco_aggregate_mel,2021,11.877
bol,sex_f,age_10yrbands_total,eco_aggregate_mel,2022,15.984
bol,sex_f,age_10yrbands_total,eco_aggregate_mel,2023,15.229
bol,sex_f,age_10yrbands_total,eco_aggregate_mel,2024,15.995
bol,sex_f,age_10yrbands_total,eco_aggregate_mkt,1989,169.94
bol,sex_f,age_10yrbands_total,eco_aggregate_mkt,1990,160.037
bol,sex_f,age_10yrbands_total,eco_aggregate_mkt,1991,186.103
bol,sex_f,age_10yrbands_total,eco_aggregate_mkt,1992,190.2
bol,sex_f,age_10yrbands_total,eco_aggregate_mkt,1993,219.746
bol,sex_f,age_10yrbands_total,eco_aggregate_mkt,1994,256.375
bol,sex_f,age_10yrbands_total,eco_aggregate_mkt,1995,263.473
bol,sex_f,age_10yrbands_total,eco_aggregate_mkt,1999,1215.377
bol,sex_f,age_10yrbands_total,eco_aggregate_mkt,2000,468.912
bol,sex_f,age_10yrbands_total,eco_aggregate_mkt,2001,483.216
bol,sex_f,age_10yrbands_total,eco_aggregate_mkt,2002,508.32
bol,sex_f,age_10yrbands_total,eco_aggregate_mkt,2005,575.335
bol,sex_f,age_10yrbands_total,eco_aggregate_mkt,2006,602.897
bol,sex_f,age_10yrbands_total,eco_aggregate_mkt,2007,594.665
bol,sex_f,age_10yrbands_total,eco_aggregate_mkt,2008,773.873
bol,sex_f,age_10yrbands_total,eco_aggregate_mkt,2009,753.383
bol,sex_f,age_10yrbands_total,eco_aggregate_mkt,2011,793.307
bol,sex_f,age_10yrbands_total,eco_aggregate_mkt,2012,815.606
bol,sex_f,age_10yrbands_total,eco_aggregate_mkt,2013,823.449
bol,sex_f,age_10yrbands_total,eco_aggregate_mkt,2014,852.972
bol,sex_f,age_10yrbands_total,eco_aggregate_mkt,2015,832.638
bol,sex_f,age_10yrbands_total,eco_aggregate_mkt,2016,834.443
bol,sex_f,age_10yrbands_total,eco_aggregate_mkt,2017,895.506
bol,sex_f,age_10yrbands_total,eco_aggregate_mkt,2018,997.535
bol,sex_f,age_10yrbands_total,eco_aggregate_mkt,2019,1058.75
bol,sex_f,age_10yrbands_total,eco_aggregate_mkt,2020,1010.973
bol,sex_f,age_10yrbands_total,eco_aggregate_mkt,2021,1233.794
bol,sex_f,age_10yrbands_total,eco_aggregate_mkt,2022,1333.764
bol,sex_f,age_10yrbands_total,eco_aggregate_mkt,2023,1350.67
bol,sex_f,age_10yrbands_total,eco_aggregate_mkt,2024,1415.195
bol,sex_f,age_10yrbands_total,eco_aggregate_pub,1989,154.674
bol,sex_f,age_10yrbands_total,eco_aggregate_pub,1990,161.818
bol,sex_f,age_10yrbands_total,eco_aggregate_pub,1991,147.773
bol,sex_f,age_10yrbands_total,eco_aggregate_pub,1992,146.319
bol,sex_f,age_10yrbands_total,eco_aggregate_pub,1993,167.01
bol,sex_f,age_10yrbands_total,eco_aggregate_pub,1994,160.851
bol,sex_f,age_10yrbands_total,eco_aggregate_pub,1995,169.603
bol,sex_f,age_10yrbands_total,eco_aggregate_pub,1999,182.17
bol,sex_f,age_10yrbands_total,eco_aggregate_pub,2000,322.165
bol,sex_f,age_10yrbands_total,eco_aggregate_pub,2001,311.726
bol,sex_f,age_10yrbands_total,eco_aggregate_pub,2002,304.988
bol,sex_f,age_10yrbands_total,eco_aggregate_pub,2005,351.388
bol,sex_f,age_10yrbands_total,eco_aggregate_pub,2006,402.594
bol,sex_f,age_10yrbands_total,eco_aggregate_pub,2007,479.636
bol,sex_f,age_10yrbands_total,eco_aggregate_pub,2008,416.262
bol,sex_f,age_10yrbands_total,eco_aggregate_pub,2009,482.918
bol,sex_f,age_10yrbands_total,eco_aggregate_pub,2011,446.707
bol,sex_f,age_10yrbands_total,eco_aggregate_pub,2012,448.567
bol,sex_f,age_10yrbands_total,eco_aggregate_pub,2013,493.417
bol,sex_f,age_10yrbands_total,eco_aggregate_pub,2014,456.576
bol,sex_f,age_10yrbands_total,eco_aggregate_pub,2015,397.146
bol,sex_f,age_10yrbands_total,eco_aggregate_pub,2016,423.505
bol,sex_f,age_10yrbands_total,eco_aggregate_pub,2017,424.464
bol,sex_f,age_10yrbands_total,eco_aggregate_pub,2018,435.853
bol,sex_f,age_10yrbands_total,eco_aggregate_pub,2019,494.324
bol,sex_f,age_10yrbands_total,eco_aggregate_pub,2020,440.197
bol,sex_f,age_10yrbands_total,eco_aggregate_pub,2021,478.166
bol,sex_f,age_10yrbands_total,eco_aggregate_pub,2022,545.445
bol,sex_f,age_10yrbands_total,eco_aggregate_pub,2023,591.936
bol,sex_f,age_10yrbands_total,eco_aggregate_pub,2024,630.125
bol,sex_f,age_10yrbands_total,eco_aggregate_total,1989,369.656
bol,sex_f,age_10yrbands_total,eco_aggregate_total,1990,367.315
bol,sex_f,age_10yrbands_total,eco_aggregate_total,1991,397.025
bol,sex_f,age_10yrbands_total,eco_aggregate_total,1992,407.807
bol,sex_f,age_10yrbands_total,eco_aggregate_total,1993,459.594
bol,sex_f,age_10yrbands_total,eco_aggregate_total,1994,499.25
bol,sex_f,age_10yrbands_total,eco_aggregate_total,1995,524.443
bol,sex_f,age_10yrbands_total,eco_aggregate_total,1999,1650.858
bol,sex_f,age_10yrbands_total,eco_aggregate_total,2000,1492.746
bol,sex_f,age_10yrbands_total,eco_aggregate_total,2001,1597.136
bol,sex_f,age_10yrbands_total,eco_aggregate_total,2002,1547.799
bol,sex_f,age_10yrbands_total,eco_aggregate_total,2005,1761.681
bol,sex_f,age_10yrbands_total,eco_aggregate_total,2006,1870.776
bol,sex_f,age_10yrbands_total,eco_aggregate_total,2007,1957.037
bol,sex_f,age_10yrbands_total,eco_aggregate_total,2008,2067.259
bol,sex_f,age_10yrbands_total,eco_aggregate_total,2009,2112.795
bol,sex_f,age_10yrbands_total,eco_aggregate_total,2011,2116.048
bol,sex_f,age_10yrbands_total,eco_aggregate_total,2012,2061.848
bol,sex_f,age_10yrbands_total,eco_aggregate_total,2013,2182.954
bol,sex_f,age_10yrbands_total,eco_aggregate_total,2014,2231.151
bol,sex_f,age_10yrbands_total,eco_aggregate_total,2015,2038.195
bol,sex_f,age_10yrbands_total,eco_aggregate_total,2016,2085.87
bol,sex_f,age_10yrbands_total,eco_aggregate_total,2017,2222.857
bol,sex_f,age_10yrbands_total,eco_aggregate_total,2018,2451.17
bol,sex_f,age_10yrbands_total,eco_aggregate_total,2019,2562.175
bol,sex_f,age_10yrbands_total,eco_aggregate_total,2020,2358.598
bol,sex_f,age_10yrbands_total,eco_aggregate_total,2021,2874.465
bol,sex_f,age_10yrbands_total,eco_aggregate_total,2022,2996.99
bol,sex_f,age_10yrbands_total,eco_aggregate_total,2023,3120.202
bol,sex_f,age_10yrbands_total,eco_aggregate_total,2024,3258.324
bol,sex_f,age_10yrbands_total,eco_aggregate_x,1989,4.343
bol,sex_f,age_10yrbands_total,eco_aggregate_x,1990,5.908
bol,sex_f,age_10yrbands_total,eco_aggregate_x,1999,22.126
bol,sex_f,age_10yrbands_total,eco_aggregate_x,2000,22
bol,sex_f,age_10yrbands_total,eco_aggregate_x,2001,13.364
bol,sex_f,age_10yrbands_total,eco_aggregate_x,2014,1.325
bol,sex_f,age_10yrbands_total,eco_aggregate_x,2015,1.237
bol,sex_f,age_10yrbands_total,eco_aggregate_x,2017,0.403
bol,sex_f,age_10yrbands_total,eco_aggregate_x,2020,1.934
bol,sex_f,age_10yrbands_total,eco_aggregate_x,2021,0.702
bol,sex_f,age_10yrbands_total,eco_aggregate_x,2022,0.907
bol,sex_f,age_10yrbands_total,eco_aggregate_x,2023,0.864
bol,sex_f,age_10yrbands_total,eco_aggregate_x,2024,0.695
bol,sex_f,age_10yrbands_total,eco_sector_agr,1991,3.977
bol,sex_f,age_10yrbands_total,eco_sector_agr,1992,4.89
bol,sex_f,age_10yrbands_total,eco_sector_agr,1993,2.969
bol,sex_f,age_10yrbands_total,eco_sector_agr,1994,2.428
bol,sex_f,age_10yrbands_total,eco_sector_agr,1995,5.947
bol,sex_f,age_10yrbands_total,eco_sector_agr,2000,526.651
bol,sex_f,age_10yrbands_total,eco_sector_agr,2001,635.52
bol,sex_f,age_10yrbands_total,eco_sector_agr,2002,559.281
bol,sex_f,age_10yrbands_total,eco_sector_agr,2005,634.598
bol,sex_f,age_10yrbands_total,eco_sector_agr,2006,668.749
bol,sex_f,age_10yrbands_total,eco_sector_agr,2007,696.866
bol,sex_f,age_10yrbands_total,eco_sector_agr,2008,649.194
bol,sex_f,age_10yrbands_total,eco_sector_agr,2009,650.919
bol,sex_f,age_10yrbands_total,eco_sector_agr,2011,735.44
bol,sex_f,age_10yrbands_total,eco_sector_agr,2012,643.434
bol,sex_f,age_10yrbands_total,eco_sector_agr,2013,724.969
bol,sex_f,age_10yrbands_total,eco_sector_agr,2014,705.696
bol,sex_f,age_10yrbands_total,eco_sector_agr,2015,625.73
bol,sex_f,age_10yrbands_total,eco_sector_agr,2016,611.269
bol,sex_f,age_10yrbands_total,eco_sector_agr,2017,682.077
bol,sex_f,age_10yrbands_total,eco_sector_agr,2018,764.4
bol,sex_f,age_10yrbands_total,eco_sector_agr,2019,709.567
bol,sex_f,age_10yrbands_total,eco_sector_agr,2020,693.808
bol,sex_f,age_10yrbands_total,eco_sector_agr,2021,802.853
bol,sex_f,age_10yrbands_total,eco_sector_agr,2022,745.124
bol,sex_f,age_10yrbands_total,eco_sector_agr,2023,782.436
bol,sex_f,age_10yrbands_total,eco_sector_agr,2024,763.459
bol,sex_f,age_10yrbands_total,eco_sector_ind,1989,40.7
bol,sex_f,age_10yrbands_total,eco_sector_ind,1990,39.552
bol,sex_f,age_10yrbands_total,eco_sector_ind,1991,59.149
bol,sex_f,age_10yrbands_total,eco_sector_ind,1992,66.251
bol,sex_f,age_10yrbands_total,eco_sector_ind,1993,69.869
bol,sex_f,age_10yrbands_total,eco_sector_ind,1994,79.425
bol,sex_f,age_10yrbands_total,eco_sector_ind,1995,85.089
bol,sex_f,age_10yrbands_total,eco_sector_ind,1999,231.185
bol,sex_f,age_10yrbands_total,eco_sector_ind,2000,153.018
bol,sex_f,age_10yrbands_total,eco_sector_ind,2001,153.31
bol,sex_f,age_10yrbands_total,eco_sector_ind,2002,175.21
bol,sex_f,age_10yrbands_total,eco_sector_ind,2005,200.36
bol,sex_f,age_10yrbands_total,eco_sector_ind,2006,196.536
bol,sex_f,age_10yrbands_total,eco_sector_ind,2007,185.87
bol,sex_f,age_10yrbands_total,eco_sector_ind,2008,227.93
bol,sex_f,age_10yrbands_total,eco_sector_ind,2009,225.575
bol,sex_f,age_10yrbands_total,eco_sector_ind,2011,140.594
bol,sex_f,age_10yrbands_total,eco_sector_ind,2012,154.241
bol,sex_f,age_10yrbands_total,eco_sector_ind,2013,141.119
bol,sex_f,age_10yrbands_total,eco_sector_ind,2014,214.582
bol,sex_f,age_10yrbands_total,eco_sector_ind,2015,181.444
bol,sex_f,age_10yrbands_total,eco_sector_ind,2016,216.54
bol,sex_f,age_10yrbands_total,eco_sector_ind,2017,220.408
bol,sex_f,age_10yrbands_total,eco_sector_ind,2018,253.382
bol,sex_f,age_10yrbands_total,eco_sector_ind,2019,299.534
bol,sex_f,age_10yrbands_total,eco_sector_ind,2020,211.686
bol,sex_f,age_10yrbands_total,eco_sector_ind,2021,358.951
bol,sex_f,age_10yrbands_total,eco_sector_ind,2022,371.75
bol,sex_f,age_10yrbands_total,eco_sector_ind,2023,394.297
bol,sex_f,age_10yrbands_total,eco_sector_ind,2024,448.849
bol,sex_f,age_10yrbands_total,eco_sector_nag,1989,369.656
bol,sex_f,age_10yrbands_total,eco_sector_nag,1990,367.315
bol,sex_f,age_10yrbands_total,eco_sector_nag,1991,393.048
bol,sex_f,age_10yrbands_total,eco_sector_nag,1992,402.917
bol,sex_f,age_10yrbands_total,eco_sector_nag,1993,456.625
bol,sex_f,age_10yrbands_total,eco_sector_nag,1994,496.822
bol,sex_f,age_10yrbands_total,eco_sector_nag,1995,518.496
bol,sex_f,age_10yrbands_total,eco_sector_nag,1999,1650.858
bol,sex_f,age_10yrbands_total,eco_sector_nag,2000,966.095
bol,sex_f,age_10yrbands_total,eco_sector_nag,2001,961.616
bol,sex_f,age_10yrbands_total,eco_sector_nag,2002,988.518
bol,sex_f,age_10yrbands_total,eco_sector_nag,2005,1127.083
bol,sex_f,age_10yrbands_total,eco_sector_nag,2006,1202.027
bol,sex_f,age_10yrbands_total,eco_sector_nag,2007,1260.171
bol,sex_f,age_10yrbands_total,eco_sector_nag,2008,1418.065
bol,sex_f,age_10yrbands_total,eco_sector_nag,2009,1461.876
bol,sex_f,age_10yrbands_total,eco_sector_nag,2011,1380.608
bol,sex_f,age_10yrbands_total,eco_sector_nag,2012,1418.414
bol,sex_f,age_10yrbands_total,eco_sector_nag,2013,1457.985
bol,sex_f,age_10yrbands_total,eco_sector_nag,2014,1525.455
bol,sex_f,age_10yrbands_total,eco_sector_nag,2015,1412.465
bol,sex_f,age_10yrbands_total,eco_sector_nag,2016,1474.601
bol,sex_f,age_10yrbands_total,eco_sector_nag,2017,1540.781
bol,sex_f,age_10yrbands_total,eco_sector_nag,2018,1686.77
bol,sex_f,age_10yrbands_total,eco_sector_nag,2019,1852.608
bol,sex_f,age_10yrbands_total,eco_sector_nag,2020,1664.79
bol,sex_f,age_10yrbands_total,eco_sector_nag,2021,2071.612
bol,sex_f,age_10yrbands_total,eco_sector_nag,2022,2251.866
bol,sex_f,age_10yrbands_total,eco_sector_nag,2023,2337.766
bol,sex_f,age_10yrbands_total,eco_sector_nag,2024,2494.865
bol,sex_f,age_10yrbands_total,eco_sector_ser,1989,324.615
bol,sex_f,age_10yrbands_total,eco_sector_ser,1990,321.855
bol,sex_f,age_10yrbands_total,eco_sector_ser,1991,333.876
bol,sex_f,age_10yrbands_total,eco_sector_ser,1992,336.519
bol,sex_f,age_10yrbands_total,eco_sector_ser,1993,386.756
bol,sex_f,age_10yrbands_total,eco_sector_ser,1994,417.226
bol,sex_f,age_10yrbands_total,eco_sector_ser,1995,433.076
bol,sex_f,age_10yrbands_total,eco_sector_ser,1999,1397.547
bol,sex_f,age_10yrbands_total,eco_sector_ser,2000,791.077
bol,sex_f,age_10yrbands_total,eco_sector_ser,2001,794.942
bol,sex_f,age_10yrbands_total,eco_sector_ser,2002,813.308
bol,sex_f,age_10yrbands_total,eco_sector_ser,2005,926.723
bol,sex_f,age_10yrbands_total,eco_sector_ser,2006,1005.491
bol,sex_f,age_10yrbands_total,eco_sector_ser,2007,1074.301
bol,sex_f,age_10yrbands_total,eco_sector_ser,2008,1190.135
bol,sex_f,age_10yrbands_total,eco_sector_ser,2009,1236.301
bol,sex_f,age_10yrbands_total,eco_sector_ser,2011,1240.014
bol,sex_f,age_10yrbands_total,eco_sector_ser,2012,1264.173
bol,sex_f,age_10yrbands_total,eco_sector_ser,2013,1316.866
bol,sex_f,age_10yrbands_total,eco_sector_ser,2014,1309.548
bol,sex_f,age_10yrbands_total,eco_sector_ser,2015,1229.784
bol,sex_f,age_10yrbands_total,eco_sector_ser,2016,1257.948
bol,sex_f,age_10yrbands_total,eco_sector_ser,2017,1319.97
bol,sex_f,age_10yrbands_total,eco_sector_ser,2018,1433.388
bol,sex_f,age_10yrbands_total,eco_sector_ser,2019,1553.074
bol,sex_f,age_10yrbands_total,eco_sector_ser,2020,1451.17
bol,sex_f,age_10yrbands_total,eco_sector_ser,2021,1711.96
bol,sex_f,age_10yrbands_total,eco_sector_ser,2022,1879.209
bol,sex_f,age_10yrbands_total,eco_sector_ser,2023,1942.606
bol,sex_f,age_10yrbands_total,eco_sector_ser,2024,2045.321
bol,sex_f,age_10yrbands_total,eco_sector_total,1989,369.656
bol,sex_f,age_10yrbands_total,eco_sector_total,1990,367.315
bol,sex_f,age_10yrbands_total,eco_sector_total,1991,397.025
bol,sex_f,age_10yrbands_total,eco_sector_total,1992,407.807
bol,sex_f,age_10yrbands_total,eco_sector_total,1993,459.594
bol,sex_f,age_10yrbands_total,eco_sector_total,1994,499.25
bol,sex_f,age_10yrbands_total,eco_sector_total,1995,524.443
bol,sex_f,age_10yrbands_total,eco_sector_total,1999,1650.858
bol,sex_f,age_10yrbands_total,eco_sector_total,2000,1492.746
bol,sex_f,age_10yrbands_total,eco_sector_total,2001,1597.136
bol,sex_f,age_10yrbands_total,eco_sector_total,2002,1547.799
bol,sex_f,age_10yrbands_total,eco_sector_total,2005,1761.681
bol,sex_f,age_10yrbands_total,eco_sector_total,2006,1870.776
bol,sex_f,age_10yrbands_total,eco_sector_total,2007,1957.037
bol,sex_f,age_10yrbands_total,eco_sector_total,2008,2067.259
bol,sex_f,age_10yrbands_total,eco_sector_total,2009,2112.795
bol,sex_f,age_10yrbands_total,eco_sector_total,2011,2116.048
bol,sex_f,age_10yrbands_total,eco_sector_total,2012,2061.848
bol,sex_f,age_10yrbands_total,eco_sector_total,2013,2182.954
bol,sex_f,age_10yrbands_total,eco_sector_total,2014,2231.151
bol,sex_f,age_10yrbands_total,eco_sector_total,2015,2038.195
bol,sex_f,age_10yrbands_total,eco_sector_total,2016,2085.87
bol,sex_f,age_10yrbands_total,eco_sector_total,2017,2222.857
bol,sex_f,age_10yrbands_total,eco_sector_total,2018,2451.17
bol,sex_f,age_10yrbands_total,eco_sector_total,2019,2562.175
bol,sex_f,age_10yrbands_total,eco_sector_total,2020,2358.598
bol,sex_f,age_10yrbands_total,eco_sector_total,2021,2874.465
bol,sex_f,age_10yrbands_total,eco_sector_total,2022,2996.99
bol,sex_f,age_10yrbands_total,eco_sector_total,2023,3120.202
bol,sex_f,age_10yrbands_total,eco_sector_total,2024,3258.324
bol,sex_f,age_10yrbands_total,eco_sector_x,1989,4.343
bol,sex_f,age_10yrbands_total,eco_sector_x,1990,5.908
bol,sex_f,age_10yrbands_total,eco_sector_x,1999,22.126
bol,sex_f,age_10yrbands_total,eco_sector_x,2000,22
bol,sex_f,age_10yrbands_total,eco_sector_x,2001,13.364
bol,sex_f,age_10yrbands_total,eco_sector_x,2014,1.325
bol,sex_f,age_10yrbands_total,eco_sector_x,2015,1.237
bol,sex_f,age_10yrbands_total,eco_sector_x,2017,0.403
bol,sex_f,age_10yrbands_total,eco_sector_x,2020,1.934
bol,sex_f,age_10yrbands_total,eco_sector_x,2021,0.702
bol,sex_f,age_10yrbands_total,eco_sector_x,2022,0.907
bol,sex_f,age_10yrbands_total,eco_sector_x,2023,0.864
bol,sex_f,age_10yrbands_total,eco_sector_x,2024,0.695
bol,sex_f,age_10yrbands_y15_24,eco_aggregate_agr,1991,1.256
bol,sex_f,age_10yrbands_y15_24,eco_aggregate_agr,1994,0.948
bol,sex_f,age_10yrbands_y15_24,eco_aggregate_agr,1995,1.098
bol,sex_f,age_10yrbands_y15_24,eco_aggregate_agr,2000,123.706
bol,sex_f,age_10yrbands_y15_24,eco_aggregate_agr,2001,159.225
bol,sex_f,age_10yrbands_y15_24,eco_aggregate_agr,2002,137.545
bol,sex_f,age_10yrbands_y15_24,eco_aggregate_agr,2005,127.485
bol,sex_f,age_10yrbands_y15_24,eco_aggregate_agr,2006,151.496
bol,sex_f,age_10yrbands_y15_24,eco_aggregate_agr,2007,160.991
bol,sex_f,age_10yrbands_y15_24,eco_aggregate_agr,2008,141.879
bol,sex_f,age_10yrbands_y15_24,eco_aggregate_agr,2009,130.531
bol,sex_f,age_10yrbands_y15_24,eco_aggregate_agr,2011,157.064
bol,sex_f,age_10yrbands_y15_24,eco_aggregate_agr,2012,129.967
bol,sex_f,age_10yrbands_y15_24,eco_aggregate_agr,2013,133.89
bol,sex_f,age_10yrbands_y15_24,eco_aggregate_agr,2014,140.339
bol,sex_f,age_10yrbands_y15_24,eco_aggregate_agr,2015,109.969
bol,sex_f,age_10yrbands_y15_24,eco_aggregate_agr,2016,112.91
bol,sex_f,age_10yrbands_y15_24,eco_aggregate_agr,2017,124.214
bol,sex_f,age_10yrbands_y15_24,eco_aggregate_agr,2018,135.76
bol,sex_f,age_10yrbands_y15_24,eco_aggregate_agr,2019,118.979
bol,sex_f,age_10yrbands_y15_24,eco_aggregate_agr,2020,118.534
bol,sex_f,age_10yrbands_y15_24,eco_aggregate_agr,2021,155.488
bol,sex_f,age_10yrbands_y15_24,eco_aggregate_agr,2022,136.326
bol,sex_f,age_10yrbands_y15_24,eco_aggregate_agr,2023,134.224
bol,sex_f,age_10yrbands_y15_24,eco_aggregate_agr,2024,121.752
bol,sex_f,age_10yrbands_y15_24,eco_aggregate_con,1995,0.573
bol,sex_f,age_10yrbands_y15_24,eco_aggregate_con,2002,2.012
bol,sex_f,age_10yrbands_y15_24,eco_aggregate_con,2005,2.956
bol,sex_f,age_10yrbands_y15_24,eco_aggregate_con,2007,0
bol,sex_f,age_10yrbands_y15_24,eco_aggregate_con,2011,4.071
bol,sex_f,age_10yrbands_y15_24,eco_aggregate_con,2012,2.343
bol,sex_f,age_10yrbands_y15_24,eco_aggregate_con,2013,1.655
bol,sex_f,age_10yrbands_y15_24,eco_aggregate_con,2014,3.689
bol,sex_f,age_10yrbands_y15_24,eco_aggregate_con,2015,1.799
bol,sex_f,age_10yrbands_y15_24,eco_aggregate_con,2016,2.427
bol,sex_f,age_10yrbands_y15_24,eco_aggregate_con,2017,2.428
bol,sex_f,age_10yrbands_y15_24,eco_aggregate_con,2018,1.669
bol,sex_f,age_10yrbands_y15_24,eco_aggregate_con,2019,2.017
bol,sex_f,age_10yrbands_y15_24,eco_aggregate_con,2020,0.82
bol,sex_f,age_10yrbands_y15_24,eco_aggregate_con,2021,2.123
bol,sex_f,age_10yrbands_y15_24,eco_aggregate_con,2022,1.315
bol,sex_f,age_10yrbands_y15_24,eco_aggregate_con,2023,1.847
bol,sex_f,age_10yrbands_y15_24,eco_aggregate_con,2024,2.859
bol,sex_f,age_10yrbands_y15_24,eco_aggregate_man,1989,8.765
bol,sex_f,age_10yrbands_y15_24,eco_aggregate_man,1990,9.959
bol,sex_f,age_10yrbands_y15_24,eco_aggregate_man,1991,16.171
bol,sex_f,age_10yrbands_y15_24,eco_aggregate_man,1992,15.304
bol,sex_f,age_10yrbands_y15_24,eco_aggregate_man,1993,21.417
bol,sex_f,age_10yrbands_y15_24,eco_aggregate_man,1994,22.318
bol,sex_f,age_10yrbands_y15_24,eco_aggregate_man,1995,25.333
bol,sex_f,age_10yrbands_y15_24,eco_aggregate_man,1999,12.655
bol,sex_f,age_10yrbands_y15_24,eco_aggregate_man,2000,39.467
bol,sex_f,age_10yrbands_y15_24,eco_aggregate_man,2001,31.79
bol,sex_f,age_10yrbands_y15_24,eco_aggregate_man,2002,30.985
bol,sex_f,age_10yrbands_y15_24,eco_aggregate_man,2005,35.477
bol,sex_f,age_10yrbands_y15_24,eco_aggregate_man,2006,47.197
bol,sex_f,age_10yrbands_y15_24,eco_aggregate_man,2007,30.676
bol,sex_f,age_10yrbands_y15_24,eco_aggregate_man,2008,36.419
bol,sex_f,age_10yrbands_y15_24,eco_aggregate_man,2009,50.506
bol,sex_f,age_10yrbands_y15_24,eco_aggregate_man,2011,27.209
bol,sex_f,age_10yrbands_y15_24,eco_aggregate_man,2012,13.704
bol,sex_f,age_10yrbands_y15_24,eco_aggregate_man,2013,24.306
bol,sex_f,age_10yrbands_y15_24,eco_aggregate_man,2014,35.143
bol,sex_f,age_10yrbands_y15_24,eco_aggregate_man,2015,23.677
bol,sex_f,age_10yrbands_y15_24,eco_aggregate_man,2016,31.971
bol,sex_f,age_10yrbands_y15_24,eco_aggregate_man,2017,31.683
bol,sex_f,age_10yrbands_y15_24,eco_aggregate_man,2018,40.797
bol,sex_f,age_10yrbands_y15_24,eco_aggregate_man,2019,46.245
bol,sex_f,age_10yrbands_y15_24,eco_aggregate_man,2020,28.713
bol,sex_f,age_10yrbands_y15_24,eco_aggregate_man,2021,66.883
bol,sex_f,age_10yrbands_y15_24,eco_aggregate_man,2022,65.316
bol,sex_f,age_10yrbands_y15_24,eco_aggregate_man,2023,63.046
bol,sex_f,age_10yrbands_y15_24,eco_aggregate_man,2024,75.794
bol,sex_f,age_10yrbands_y15_24,eco_aggregate_mel,1989,1.085
bol,sex_f,age_10yrbands_y15_24,eco_aggregate_mel,1990,0
bol,sex_f,age_10yrbands_y15_24,eco_aggregate_mel,1991,0.231
bol,sex_f,age_10yrbands_y15_24,eco_aggregate_mel,1993,0
bol,sex_f,age_10yrbands_y15_24,eco_aggregate_mel,1994,0.615
bol,sex_f,age_10yrbands_y15_24,eco_aggregate_mel,1999,14.929
bol,sex_f,age_10yrbands_y15_24,eco_aggregate_mel,2001,1.514
bol,sex_f,age_10yrbands_y15_24,eco_aggregate_mel,2002,0
bol,sex_f,age_10yrbands_y15_24,eco_aggregate_mel,2011,2.296
bol,sex_f,age_10yrbands_y15_24,eco_aggregate_mel,2012,2.811
bol,sex_f,age_10yrbands_y15_24,eco_aggregate_mel,2013,2.412
bol,sex_f,age_10yrbands_y15_24,eco_aggregate_mel,2014,2.391
bol,sex_f,age_10yrbands_y15_24,eco_aggregate_mel,2015,1.407
bol,sex_f,age_10yrbands_y15_24,eco_aggregate_mel,2016,1.595
bol,sex_f,age_10yrbands_y15_24,eco_aggregate_mel,2017,0.68
bol,sex_f,age_10yrbands_y15_24,eco_aggregate_mel,2018,1.154
bol,sex_f,age_10yrbands_y15_24,eco_aggregate_mel,2019,1.021
bol,sex_f,age_10yrbands_y15_24,eco_aggregate_mel,2021,2.131
bol,sex_f,age_10yrbands_y15_24,eco_aggregate_mel,2022,2.068
bol,sex_f,age_10yrbands_y15_24,eco_aggregate_mel,2023,1.957
bol,sex_f,age_10yrbands_y15_24,eco_aggregate_mel,2024,2.543
bol,sex_f,age_10yrbands_y15_24,eco_aggregate_mkt,1989,30.84
bol,sex_f,age_10yrbands_y15_24,eco_aggregate_mkt,1990,26.295
bol,sex_f,age_10yrbands_y15_24,eco_aggregate_mkt,1991,36.156
bol,sex_f,age_10yrbands_y15_24,eco_aggregate_mkt,1992,38.115
bol,sex_f,age_10yrbands_y15_24,eco_aggregate_mkt,1993,45.972
bol,sex_f,age_10yrbands_y15_24,eco_aggregate_mkt,1994,54.475
bol,sex_f,age_10yrbands_y15_24,eco_aggregate_mkt,1995,60.032
bol,sex_f,age_10yrbands_y15_24,eco_aggregate_mkt,1999,263.958
bol,sex_f,age_10yrbands_y15_24,eco_aggregate_mkt,2000,76.447
bol,sex_f,age_10yrbands_y15_24,eco_aggregate_mkt,2001,117.532
bol,sex_f,age_10yrbands_y15_24,eco_aggregate_mkt,2002,112.015
bol,sex_f,age_10yrbands_y15_24,eco_aggregate_mkt,2005,112.065
bol,sex_f,age_10yrbands_y15_24,eco_aggregate_mkt,2006,124.568
bol,sex_f,age_10yrbands_y15_24,eco_aggregate_mkt,2007,98.378
bol,sex_f,age_10yrbands_y15_24,eco_aggregate_mkt,2008,155.913
bol,sex_f,age_10yrbands_y15_24,eco_aggregate_mkt,2009,161.718
bol,sex_f,age_10yrbands_y15_24,eco_aggregate_mkt,2011,167.44
bol,sex_f,age_10yrbands_y15_24,eco_aggregate_mkt,2012,143.304
bol,sex_f,age_10yrbands_y15_24,eco_aggregate_mkt,2013,145.491
bol,sex_f,age_10yrbands_y15_24,eco_aggregate_mkt,2014,156.48
bol,sex_f,age_10yrbands_y15_24,eco_aggregate_mkt,2015,137.309
bol,sex_f,age_10yrbands_y15_24,eco_aggregate_mkt,2016,143.13
bol,sex_f,age_10yrbands_y15_24,eco_aggregate_mkt,2017,152.764
bol,sex_f,age_10yrbands_y15_24,eco_aggregate_mkt,2018,187.297
bol,sex_f,age_10yrbands_y15_24,eco_aggregate_mkt,2019,208.789
bol,sex_f,age_10yrbands_y15_24,eco_aggregate_mkt,2020,163.003
bol,sex_f,age_10yrbands_y15_24,eco_aggregate_mkt,2021,280.344
bol,sex_f,age_10yrbands_y15_24,eco_aggregate_mkt,2022,291.162
bol,sex_f,age_10yrbands_y15_24,eco_aggregate_mkt,2023,286.089
bol,sex_f,age_10yrbands_y15_24,eco_aggregate_mkt,2024,304.313
bol,sex_f,age_10yrbands_y15_24,eco_aggregate_pub,1989,46.741
bol,sex_f,age_10yrbands_y15_24,eco_aggregate_pub,1990,50.423
bol,sex_f,age_10yrbands_y15_24,eco_aggregate_pub,1991,45.745
bol,sex_f,age_10yrbands_y15_24,eco_aggregate_pub,1992,46.671
bol,sex_f,age_10yrbands_y15_24,eco_aggregate_pub,1993,54.139
bol,sex_f,age_10yrbands_y15_24,eco_aggregate_pub,1994,46.166
bol,sex_f,age_10yrbands_y15_24,eco_aggregate_pub,1995,47.983
bol,sex_f,age_10yrbands_y15_24,eco_aggregate_pub,1999,65.255
bol,sex_f,age_10yrbands_y15_24,eco_aggregate_pub,2000,82.639
bol,sex_f,age_10yrbands_y15_24,eco_aggregate_pub,2001,84.949
bol,sex_f,age_10yrbands_y15_24,eco_aggregate_pub,2002,72.397
bol,sex_f,age_10yrbands_y15_24,eco_aggregate_pub,2005,80.97
bol,sex_f,age_10yrbands_y15_24,eco_aggregate_pub,2006,75.332
bol,sex_f,age_10yrbands_y15_24,eco_aggregate_pub,2007,95.499
bol,sex_f,age_10yrbands_y15_24,eco_aggregate_pub,2008,85.879
bol,sex_f,age_10yrbands_y15_24,eco_aggregate_pub,2009,79.539
bol,sex_f,age_10yrbands_y15_24,eco_aggregate_pub,2011,60.685
bol,sex_f,age_10yrbands_y15_24,eco_aggregate_pub,2012,61.639
bol,sex_f,age_10yrbands_y15_24,eco_aggregate_pub,2013,64.452
bol,sex_f,age_10yrbands_y15_24,eco_aggregate_pub,2014,66.784
bol,sex_f,age_10yrbands_y15_24,eco_aggregate_pub,2015,52.955
bol,sex_f,age_10yrbands_y15_24,eco_aggregate_pub,2016,58.469
bol,sex_f,age_10yrbands_y15_24,eco_aggregate_pub,2017,51.541
bol,sex_f,age_10yrbands_y15_24,eco_aggregate_pub,2018,51.175
bol,sex_f,age_10yrbands_y15_24,eco_aggregate_pub,2019,59.776
bol,sex_f,age_10yrbands_y15_24,eco_aggregate_pub,2020,35.528
bol,sex_f,age_10yrbands_y15_24,eco_aggregate_pub,2021,55.935
bol,sex_f,age_10yrbands_y15_24,eco_aggregate_pub,2022,69.855
bol,sex_f,age_10yrbands_y15_24,eco_aggregate_pub,2023,74.716
bol,sex_f,age_10yrbands_y15_24,eco_aggregate_pub,2024,78.936
bol,sex_f,age_10yrbands_y15_24,eco_aggregate_total,1989,88.532
bol,sex_f,age_10yrbands_y15_24,eco_aggregate_total,1990,88.681
bol,sex_f,age_10yrbands_y15_24,eco_aggregate_total,1991,100.015
bol,sex_f,age_10yrbands_y15_24,eco_aggregate_total,1992,101.123
bol,sex_f,age_10yrbands_y15_24,eco_aggregate_total,1993,122.492
bol,sex_f,age_10yrbands_y15_24,eco_aggregate_total,1994,125.061
bol,sex_f,age_10yrbands_y15_24,eco_aggregate_total,1995,135.327
bol,sex_f,age_10yrbands_y15_24,eco_aggregate_total,1999,366.282
bol,sex_f,age_10yrbands_y15_24,eco_aggregate_total,2000,330.514
bol,sex_f,age_10yrbands_y15_24,eco_aggregate_total,2001,398.821
bol,sex_f,age_10yrbands_y15_24,eco_aggregate_total,2002,354.954
bol,sex_f,age_10yrbands_y15_24,eco_aggregate_total,2005,363.335
bol,sex_f,age_10yrbands_y15_24,eco_aggregate_total,2006,400.314
bol,sex_f,age_10yrbands_y15_24,eco_aggregate_total,2007,386.509
bol,sex_f,age_10yrbands_y15_24,eco_aggregate_total,2008,422.701
bol,sex_f,age_10yrbands_y15_24,eco_aggregate_total,2009,425.336
bol,sex_f,age_10yrbands_y15_24,eco_aggregate_total,2011,418.765
bol,sex_f,age_10yrbands_y15_24,eco_aggregate_total,2012,353.768
bol,sex_f,age_10yrbands_y15_24,eco_aggregate_total,2013,372.206
bol,sex_f,age_10yrbands_y15_24,eco_aggregate_total,2014,405.142
bol,sex_f,age_10yrbands_y15_24,eco_aggregate_total,2015,327.774
bol,sex_f,age_10yrbands_y15_24,eco_aggregate_total,2016,350.536
bol,sex_f,age_10yrbands_y15_24,eco_aggregate_total,2017,363.546
bol,sex_f,age_10yrbands_y15_24,eco_aggregate_total,2018,417.852
bol,sex_f,age_10yrbands_y15_24,eco_aggregate_total,2019,436.827
bol,sex_f,age_10yrbands_y15_24,eco_aggregate_total,2020,347.358
bol,sex_f,age_10yrbands_y15_24,eco_aggregate_total,2021,563.315
bol,sex_f,age_10yrbands_y15_24,eco_aggregate_total,2022,566.319
bol,sex_f,age_10yrbands_y15_24,eco_aggregate_total,2023,562.075
bol,sex_f,age_10yrbands_y15_24,eco_aggregate_total,2024,586.6
bol,sex_f,age_10yrbands_y15_24,eco_aggregate_x,1989,1.101
bol,sex_f,age_10yrbands_y15_24,eco_aggregate_x,1990,2.004
bol,sex_f,age_10yrbands_y15_24,eco_aggregate_x,1999,9.485
bol,sex_f,age_10yrbands_y15_24,eco_aggregate_x,2000,4.756
bol,sex_f,age_10yrbands_y15_24,eco_aggregate_x,2001,2.36
bol,sex_f,age_10yrbands_y15_24,eco_aggregate_x,2017,0.236
bol,sex_f,age_10yrbands_y15_24,eco_aggregate_x,2021,0.411
bol,sex_f,age_10yrbands_y15_24,eco_aggregate_x,2024,0.402
bol,sex_f,age_10yrbands_y15_24,eco_sector_agr,1991,1.256
bol,sex_f,age_10yrbands_y15_24,eco_sector_agr,1994,0.948
bol,sex_f,age_10yrbands_y15_24,eco_sector_agr,1995,1.098
bol,sex_f,age_10yrbands_y15_24,eco_sector_agr,2000,123.706
bol,sex_f,age_10yrbands_y15_24,eco_sector_agr,2001,159.225
bol,sex_f,age_10yrbands_y15_24,eco_sector_agr,2002,137.545
bol,sex_f,age_10yrbands_y15_24,eco_sector_agr,2005,127.485
bol,sex_f,age_10yrbands_y15_24,eco_sector_agr,2006,151.496
bol,sex_f,age_10yrbands_y15_24,eco_sector_agr,2007,160.991
bol,sex_f,age_10yrbands_y15_24,eco_sector_agr,2008,141.879
bol,sex_f,age_10yrbands_y15_24,eco_sector_agr,2009,130.531
bol,sex_f,age_10yrbands_y15_24,eco_sector_agr,2011,157.064
bol,sex_f,age_10yrbands_y15_24,eco_sector_agr,2012,129.967
bol,sex_f,age_10yrbands_y15_24,eco_sector_agr,2013,133.89
bol,sex_f,age_10yrbands_y15_24,eco_sector_agr,2014,140.339
bol,sex_f,age_10yrbands_y15_24,eco_sector_agr,2015,109.969
bol,sex_f,age_10yrbands_y15_24,eco_sector_agr,2016,112.91
bol,sex_f,age_10yrbands_y15_24,eco_sector_agr,2017,124.214
bol,sex_f,age_10yrbands_y15_24,eco_sector_agr,2018,135.76
bol,sex_f,age_10yrbands_y15_24,eco_sector_agr,2019,118.979
bol,sex_f,age_10yrbands_y15_24,eco_sector_agr,2020,118.534
bol,sex_f,age_10yrbands_y15_24,eco_sector_agr,2021,155.488
bol,sex_f,age_10yrbands_y15_24,eco_sector_agr,2022,136.326
bol,sex_f,age_10yrbands_y15_24,eco_sector_agr,2023,134.224
bol,sex_f,age_10yrbands_y15_24,eco_sector_agr,2024,121.752
bol,sex_f,age_10yrbands_y15_24,eco_sector_ind,1989,9.85
bol,sex_f,age_10yrbands_y15_24,eco_sector_ind,1990,9.959
bol,sex_f,age_10yrbands_y15_24,eco_sector_ind,1991,16.835
bol,sex_f,age_10yrbands_y15_24,eco_sector_ind,1992,15.787
bol,sex_f,age_10yrbands_y15_24,eco_sector_ind,1993,21.846
bol,sex_f,age_10yrbands_y15_24,eco_sector_ind,1994,23.472
bol,sex_f,age_10yrbands_y15_24,eco_sector_ind,1995,26.145
bol,sex_f,age_10yrbands_y15_24,eco_sector_ind,1999,27.584
bol,sex_f,age_10yrbands_y15_24,eco_sector_ind,2000,42.966
bol,sex_f,age_10yrbands_y15_24,eco_sector_ind,2001,34.755
bol,sex_f,age_10yrbands_y15_24,eco_sector_ind,2002,32.997
bol,sex_f,age_10yrbands_y15_24,eco_sector_ind,2005,42.815
bol,sex_f,age_10yrbands_y15_24,eco_sector_ind,2006,48.918
bol,sex_f,age_10yrbands_y15_24,eco_sector_ind,2007,31.641
bol,sex_f,age_10yrbands_y15_24,eco_sector_ind,2008,39.03
bol,sex_f,age_10yrbands_y15_24,eco_sector_ind,2009,53.548
bol,sex_f,age_10yrbands_y15_24,eco_sector_ind,2011,33.576
bol,sex_f,age_10yrbands_y15_24,eco_sector_ind,2012,18.858
bol,sex_f,age_10yrbands_y15_24,eco_sector_ind,2013,28.373
bol,sex_f,age_10yrbands_y15_24,eco_sector_ind,2014,41.223
bol,sex_f,age_10yrbands_y15_24,eco_sector_ind,2015,26.883
bol,sex_f,age_10yrbands_y15_24,eco_sector_ind,2016,35.993
bol,sex_f,age_10yrbands_y15_24,eco_sector_ind,2017,34.791
bol,sex_f,age_10yrbands_y15_24,eco_sector_ind,2018,43.62
bol,sex_f,age_10yrbands_y15_24,eco_sector_ind,2019,49.283
bol,sex_f,age_10yrbands_y15_24,eco_sector_ind,2020,29.897
bol,sex_f,age_10yrbands_y15_24,eco_sector_ind,2021,71.137
bol,sex_f,age_10yrbands_y15_24,eco_sector_ind,2022,68.699
bol,sex_f,age_10yrbands_y15_24,eco_sector_ind,2023,66.85
bol,sex_f,age_10yrbands_y15_24,eco_sector_ind,2024,81.197
bol,sex_f,age_10yrbands_y15_24,eco_sector_nag,1989,88.532
bol,sex_f,age_10yrbands_y15_24,eco_sector_nag,1990,88.681
bol,sex_f,age_10yrbands_y15_24,eco_sector_nag,1991,98.759
bol,sex_f,age_10yrbands_y15_24,eco_sector_nag,1992,100.573
bol,sex_f,age_10yrbands_y15_24,eco_sector_nag,1993,121.957
bol,sex_f,age_10yrbands_y15_24,eco_sector_nag,1994,124.113
bol,sex_f,age_10yrbands_y15_24,eco_sector_nag,1995,134.229
bol,sex_f,age_10yrbands_y15_24,eco_sector_nag,1999,366.282
bol,sex_f,age_10yrbands_y15_24,eco_sector_nag,2000,206.808
bol,sex_f,age_10yrbands_y15_24,eco_sector_nag,2001,239.596
bol,sex_f,age_10yrbands_y15_24,eco_sector_nag,2002,217.409
bol,sex_f,age_10yrbands_y15_24,eco_sector_nag,2005,235.85
bol,sex_f,age_10yrbands_y15_24,eco_sector_nag,2006,248.818
bol,sex_f,age_10yrbands_y15_24,eco_sector_nag,2007,225.518
bol,sex_f,age_10yrbands_y15_24,eco_sector_nag,2008,280.822
bol,sex_f,age_10yrbands_y15_24,eco_sector_nag,2009,294.805
bol,sex_f,age_10yrbands_y15_24,eco_sector_nag,2011,261.701
bol,sex_f,age_10yrbands_y15_24,eco_sector_nag,2012,223.801
bol,sex_f,age_10yrbands_y15_24,eco_sector_nag,2013,238.316
bol,sex_f,age_10yrbands_y15_24,eco_sector_nag,2014,264.803
bol,sex_f,age_10yrbands_y15_24,eco_sector_nag,2015,217.805
bol,sex_f,age_10yrbands_y15_24,eco_sector_nag,2016,237.626
bol,sex_f,age_10yrbands_y15_24,eco_sector_nag,2017,239.332
bol,sex_f,age_10yrbands_y15_24,eco_sector_nag,2018,282.092
bol,sex_f,age_10yrbands_y15_24,eco_sector_nag,2019,317.848
bol,sex_f,age_10yrbands_y15_24,eco_sector_nag,2020,228.824
bol,sex_f,age_10yrbands_y15_24,eco_sector_nag,2021,407.827
bol,sex_f,age_10yrbands_y15_24,eco_sector_nag,2022,429.993
bol,sex_f,age_10yrbands_y15_24,eco_sector_nag,2023,427.85
bol,sex_f,age_10yrbands_y15_24,eco_sector_nag,2024,464.848
bol,sex_f,age_10yrbands_y15_24,eco_sector_ser,1989,77.581
bol,sex_f,age_10yrbands_y15_24,eco_sector_ser,1990,76.718
bol,sex_f,age_10yrbands_y15_24,eco_sector_ser,1991,81.901
bol,sex_f,age_10yrbands_y15_24,eco_sector_ser,1992,84.786
bol,sex_f,age_10yrbands_y15_24,eco_sector_ser,1993,100.111
bol,sex_f,age_10yrbands_y15_24,eco_sector_ser,1994,100.641
bol,sex_f,age_10yrbands_y15_24,eco_sector_ser,1995,108.015
bol,sex_f,age_10yrbands_y15_24,eco_sector_ser,1999,329.213
bol,sex_f,age_10yrbands_y15_24,eco_sector_ser,2000,159.086
bol,sex_f,age_10yrbands_y15_24,eco_sector_ser,2001,202.481
bol,sex_f,age_10yrbands_y15_24,eco_sector_ser,2002,184.412
bol,sex_f,age_10yrbands_y15_24,eco_sector_ser,2005,193.035
bol,sex_f,age_10yrbands_y15_24,eco_sector_ser,2006,199.9
bol,sex_f,age_10yrbands_y15_24,eco_sector_ser,2007,193.877
bol,sex_f,age_10yrbands_y15_24,eco_sector_ser,2008,241.792
bol,sex_f,age_10yrbands_y15_24,eco_sector_ser,2009,241.257
bol,sex_f,age_10yrbands_y15_24,eco_sector_ser,2011,228.125
bol,sex_f,age_10yrbands_y15_24,eco_sector_ser,2012,204.943
bol,sex_f,age_10yrbands_y15_24,eco_sector_ser,2013,209.943
bol,sex_f,age_10yrbands_y15_24,eco_sector_ser,2014,223.264
bol,sex_f,age_10yrbands_y15_24,eco_sector_ser,2015,190.264
bol,sex_f,age_10yrbands_y15_24,eco_sector_ser,2016,201.599
bol,sex_f,age_10yrbands_y15_24,eco_sector_ser,2017,204.306
bol,sex_f,age_10yrbands_y15_24,eco_sector_ser,2018,238.472
bol,sex_f,age_10yrbands_y15_24,eco_sector_ser,2019,268.565
bol,sex_f,age_10yrbands_y15_24,eco_sector_ser,2020,198.531
bol,sex_f,age_10yrbands_y15_24,eco_sector_ser,2021,336.279
bol,sex_f,age_10yrbands_y15_24,eco_sector_ser,2022,361.016
bol,sex_f,age_10yrbands_y15_24,eco_sector_ser,2023,360.805
bol,sex_f,age_10yrbands_y15_24,eco_sector_ser,2024,383.25
bol,sex_f,age_10yrbands_y15_24,eco_sector_total,1989,88.532
bol,sex_f,age_10yrbands_y15_24,eco_sector_total,1990,88.681
bol,sex_f,age_10yrbands_y15_24,eco_sector_total,1991,100.015
bol,sex_f,age_10yrbands_y15_24,eco_sector_total,1992,101.123
bol,sex_f,age_10yrbands_y15_24,eco_sector_total,1993,122.492
bol,sex_f,age_10yrbands_y15_24,eco_sector_total,1994,125.061
bol,sex_f,age_10yrbands_y15_24,eco_sector_total,1995,135.327
bol,sex_f,age_10yrbands_y15_24,eco_sector_total,1999,366.282
bol,sex_f,age_10yrbands_y15_24,eco_sector_total,2000,330.514
bol,sex_f,age_10yrbands_y15_24,eco_sector_total,2001,398.821
bol,sex_f,age_10yrbands_y15_24,eco_sector_total,2002,354.954
bol,sex_f,age_10yrbands_y15_24,eco_sector_total,2005,363.335
bol,sex_f,age_10yrbands_y15_24,eco_sector_total,2006,400.314
bol,sex_f,age_10yrbands_y15_24,eco_sector_total,2007,386.509
bol,sex_f,age_10yrbands_y15_24,eco_sector_total,2008,422.701
bol,sex_f,age_10yrbands_y15_24,eco_sector_total,2009,425.336
bol,sex_f,age_10yrbands_y15_24,eco_sector_total,2011,418.765
bol,sex_f,age_10yrbands_y15_24,eco_sector_total,2012,353.768
bol,sex_f,age_10yrbands_y15_24,eco_sector_total,2013,372.206
bol,sex_f,age_10yrbands_y15_24,eco_sector_total,2014,405.142
bol,sex_f,age_10yrbands_y15_24,eco_sector_total,2015,327.774
bol,sex_f,age_10yrbands_y15_24,eco_sector_total,2016,350.536
bol,sex_f,age_10yrbands_y15_24,eco_sector_total,2017,363.546
bol,sex_f,age_10yrbands_y15_24,eco_sector_total,2018,417.852
bol,sex_f,age_10yrbands_y15_24,eco_sector_total,2019,436.827
bol,sex_f,age_10yrbands_y15_24,eco_sector_total,2020,347.358
bol,sex_f,age_10yrbands_y15_24,eco_sector_total,2021,563.315
bol,sex_f,age_10yrbands_y15_24,eco_sector_total,2022,566.319
bol,sex_f,age_10yrbands_y15_24,eco_sector_total,2023,562.075
bol,sex_f,age_10yrbands_y15_24,eco_sector_total,2024,586.6
bol,sex_f,age_10yrbands_y15_24,eco_sector_x,1989,1.101
bol,sex_f,age_10yrbands_y15_24,eco_sector_x,1990,2.004
bol,sex_f,age_10yrbands_y15_24,eco_sector_x,1999,9.485
bol,sex_f,age_10yrbands_y15_24,eco_sector_x,2000,4.756
bol,sex_f,age_10yrbands_y15_24,eco_sector_x,2001,2.36
bol,sex_f,age_10yrbands_y15_24,eco_sector_x,2017,0.236
bol,sex_f,age_10yrbands_y15_24,eco_sector_x,2021,0.411
bol,sex_f,age_10yrbands_y15_24,eco_sector_x,2024,0.402
bol,sex_f,age_10yrbands_y25_34,eco_aggregate_agr,1991,1.103
bol,sex_f,age_10yrbands_y25_34,eco_aggregate_agr,1992,1.2
bol,sex_f,age_10yrbands_y25_34,eco_aggregate_agr,1994,0.748
bol,sex_f,age_10yrbands_y25_34,eco_aggregate_agr,1995,0.921
bol,sex_f,age_10yrbands_y25_34,eco_aggregate_agr,2000,100.958
bol,sex_f,age_10yrbands_y25_34,eco_aggregate_agr,2001,117.343
bol,sex_f,age_10yrbands_y25_34,eco_aggregate_agr,2002,99.398
bol,sex_f,age_10yrbands_y25_34,eco_aggregate_agr,2005,105.06
bol,sex_f,age_10yrbands_y25_34,eco_aggregate_agr,2006,114.092
bol,sex_f,age_10yrbands_y25_34,eco_aggregate_agr,2007,100.134
bol,sex_f,age_10yrbands_y25_34,eco_aggregate_agr,2008,101.048
bol,sex_f,age_10yrbands_y25_34,eco_aggregate_agr,2009,106.472
bol,sex_f,age_10yrbands_y25_34,eco_aggregate_agr,2011,139.039
bol,sex_f,age_10yrbands_y25_34,eco_aggregate_agr,2012,117.882
bol,sex_f,age_10yrbands_y25_34,eco_aggregate_agr,2013,103.416
bol,sex_f,age_10yrbands_y25_34,eco_aggregate_agr,2014,108.489
bol,sex_f,age_10yrbands_y25_34,eco_aggregate_agr,2015,96.014
bol,sex_f,age_10yrbands_y25_34,eco_aggregate_agr,2016,90.128
bol,sex_f,age_10yrbands_y25_34,eco_aggregate_agr,2017,94.428
bol,sex_f,age_10yrbands_y25_34,eco_aggregate_agr,2018,109.418
bol,sex_f,age_10yrbands_y25_34,eco_aggregate_agr,2019,104.3
bol,sex_f,age_10yrbands_y25_34,eco_aggregate_agr,2020,81.259
bol,sex_f,age_10yrbands_y25_34,eco_aggregate_agr,2021,118.727
bol,sex_f,age_10yrbands_y25_34,eco_aggregate_agr,2022,119.346
bol,sex_f,age_10yrbands_y25_34,eco_aggregate_agr,2023,121.702
bol,sex_f,age_10yrbands_y25_34,eco_aggregate_agr,2024,116.162
bol,sex_f,age_10yrbands_y25_34,eco_aggregate_con,1991,1.1
bol,sex_f,age_10yrbands_y25_34,eco_aggregate_con,1995,0.633
bol,sex_f,age_10yrbands_y25_34,eco_aggregate_con,2000,2.888
bol,sex_f,age_10yrbands_y25_34,eco_aggregate_con,2002,3.303
bol,sex_f,age_10yrbands_y25_34,eco_aggregate_con,2005,4.658
bol,sex_f,age_10yrbands_y25_34,eco_aggregate_con,2008,5.967
bol,sex_f,age_10yrbands_y25_34,eco_aggregate_con,2009,4.974
bol,sex_f,age_10yrbands_y25_34,eco_aggregate_con,2011,5.303
bol,sex_f,age_10yrbands_y25_34,eco_aggregate_con,2012,5.471
bol,sex_f,age_10yrbands_y25_34,eco_aggregate_con,2013,3.489
bol,sex_f,age_10yrbands_y25_34,eco_aggregate_con,2014,4.993
bol,sex_f,age_10yrbands_y25_34,eco_aggregate_con,2015,4.853
bol,sex_f,age_10yrbands_y25_34,eco_aggregate_con,2016,5.6
bol,sex_f,age_10yrbands_y25_34,eco_aggregate_con,2017,3.94
bol,sex_f,age_10yrbands_y25_34,eco_aggregate_con,2018,4.021
bol,sex_f,age_10yrbands_y25_34,eco_aggregate_con,2019,4.946
bol,sex_f,age_10yrbands_y25_34,eco_aggregate_con,2020,2.635
bol,sex_f,age_10yrbands_y25_34,eco_aggregate_con,2021,4.778
bol,sex_f,age_10yrbands_y25_34,eco_aggregate_con,2022,5.374
bol,sex_f,age_10yrbands_y25_34,eco_aggregate_con,2023,5.656
bol,sex_f,age_10yrbands_y25_34,eco_aggregate_con,2024,6.595
bol,sex_f,age_10yrbands_y25_34,eco_aggregate_man,1989,10.793
bol,sex_f,age_10yrbands_y25_34,eco_aggregate_man,1990,11.224
bol,sex_f,age_10yrbands_y25_34,eco_aggregate_man,1991,16.609
bol,sex_f,age_10yrbands_y25_34,eco_aggregate_man,1992,20.808
bol,sex_f,age_10yrbands_y25_34,eco_aggregate_man,1993,17.406
bol,sex_f,age_10yrbands_y25_34,eco_aggregate_man,1994,26.187
bol,sex_f,age_10yrbands_y25_34,eco_aggregate_man,1995,24.16
bol,sex_f,age_10yrbands_y25_34,eco_aggregate_man,1999,59.747
bol,sex_f,age_10yrbands_y25_34,eco_aggregate_man,2000,40.561
bol,sex_f,age_10yrbands_y25_34,eco_aggregate_man,2001,39.404
bol,sex_f,age_10yrbands_y25_34,eco_aggregate_man,2002,52.43
bol,sex_f,age_10yrbands_y25_34,eco_aggregate_man,2005,37.038
bol,sex_f,age_10yrbands_y25_34,eco_aggregate_man,2006,45.63
bol,sex_f,age_10yrbands_y25_34,eco_aggregate_man,2007,44.22
bol,sex_f,age_10yrbands_y25_34,eco_aggregate_man,2008,60.402
bol,sex_f,age_10yrbands_y25_34,eco_aggregate_man,2009,53.739
bol,sex_f,age_10yrbands_y25_34,eco_aggregate_man,2011,33.186
bol,sex_f,age_10yrbands_y25_34,eco_aggregate_man,2012,27.846
bol,sex_f,age_10yrbands_y25_34,eco_aggregate_man,2013,24.368
bol,sex_f,age_10yrbands_y25_34,eco_aggregate_man,2014,52.133
bol,sex_f,age_10yrbands_y25_34,eco_aggregate_man,2015,40.618
bol,sex_f,age_10yrbands_y25_34,eco_aggregate_man,2016,50.25
bol,sex_f,age_10yrbands_y25_34,eco_aggregate_man,2017,49.956
bol,sex_f,age_10yrbands_y25_34,eco_aggregate_man,2018,56.253
bol,sex_f,age_10yrbands_y25_34,eco_aggregate_man,2019,74.175
bol,sex_f,age_10yrbands_y25_34,eco_aggregate_man,2020,49.412
bol,sex_f,age_10yrbands_y25_34,eco_aggregate_man,2021,75.632
bol,sex_f,age_10yrbands_y25_34,eco_aggregate_man,2022,87.577
bol,sex_f,age_10yrbands_y25_34,eco_aggregate_man,2023,96.594
bol,sex_f,age_10yrbands_y25_34,eco_aggregate_man,2024,109.714
bol,sex_f,age_10yrbands_y25_34,eco_aggregate_mel,1989,1.054
bol,sex_f,age_10yrbands_y25_34,eco_aggregate_mel,1991,1.016
bol,sex_f,age_10yrbands_y25_34,eco_aggregate_mel,1992,0.687
bol,sex_f,age_10yrbands_y25_34,eco_aggregate_mel,1994,0.798
bol,sex_f,age_10yrbands_y25_34,eco_aggregate_mel,1995,1.114
bol,sex_f,age_10yrbands_y25_34,eco_aggregate_mel,1999,27.529
bol,sex_f,age_10yrbands_y25_34,eco_aggregate_mel,2000,3.53
bol,sex_f,age_10yrbands_y25_34,eco_aggregate_mel,2001,2.015
bol,sex_f,age_10yrbands_y25_34,eco_aggregate_mel,2002,2.241
bol,sex_f,age_10yrbands_y25_34,eco_aggregate_mel,2005,4.264
bol,sex_f,age_10yrbands_y25_34,eco_aggregate_mel,2008,0
bol,sex_f,age_10yrbands_y25_34,eco_aggregate_mel,2009,0
bol,sex_f,age_10yrbands_y25_34,eco_aggregate_mel,2011,4.637
bol,sex_f,age_10yrbands_y25_34,eco_aggregate_mel,2012,8.767
bol,sex_f,age_10yrbands_y25_34,eco_aggregate_mel,2013,8.952
bol,sex_f,age_10yrbands_y25_34,eco_aggregate_mel,2014,4.547
bol,sex_f,age_10yrbands_y25_34,eco_aggregate_mel,2015,5.648
bol,sex_f,age_10yrbands_y25_34,eco_aggregate_mel,2016,3.735
bol,sex_f,age_10yrbands_y25_34,eco_aggregate_mel,2017,2.618
bol,sex_f,age_10yrbands_y25_34,eco_aggregate_mel,2018,3.197
bol,sex_f,age_10yrbands_y25_34,eco_aggregate_mel,2019,2.256
bol,sex_f,age_10yrbands_y25_34,eco_aggregate_mel,2020,1.518
bol,sex_f,age_10yrbands_y25_34,eco_aggregate_mel,2021,4.009
bol,sex_f,age_10yrbands_y25_34,eco_aggregate_mel,2022,4.753
bol,sex_f,age_10yrbands_y25_34,eco_aggregate_mel,2023,4.461
bol,sex_f,age_10yrbands_y25_34,eco_aggregate_mel,2024,4.231
bol,sex_f,age_10yrbands_y25_34,eco_aggregate_mkt,1989,50.728
bol,sex_f,age_10yrbands_y25_34,eco_aggregate_mkt,1990,48.184
bol,sex_f,age_10yrbands_y25_34,eco_aggregate_mkt,1991,54.404
bol,sex_f,age_10yrbands_y25_34,eco_aggregate_mkt,1992,57.831
bol,sex_f,age_10yrbands_y25_34,eco_aggregate_mkt,1993,59.995
bol,sex_f,age_10yrbands_y25_34,eco_aggregate_mkt,1994,75.372
bol,sex_f,age_10yrbands_y25_34,eco_aggregate_mkt,1995,72.325
bol,sex_f,age_10yrbands_y25_34,eco_aggregate_mkt,1999,237.366
bol,sex_f,age_10yrbands_y25_34,eco_aggregate_mkt,2000,112.497
bol,sex_f,age_10yrbands_y25_34,eco_aggregate_mkt,2001,122.139
bol,sex_f,age_10yrbands_y25_34,eco_aggregate_mkt,2002,128.988
bol,sex_f,age_10yrbands_y25_34,eco_aggregate_mkt,2005,126.11
bol,sex_f,age_10yrbands_y25_34,eco_aggregate_mkt,2006,155.619
bol,sex_f,age_10yrbands_y25_34,eco_aggregate_mkt,2007,160.112
bol,sex_f,age_10yrbands_y25_34,eco_aggregate_mkt,2008,194.126
bol,sex_f,age_10yrbands_y25_34,eco_aggregate_mkt,2009,198.887
bol,sex_f,age_10yrbands_y25_34,eco_aggregate_mkt,2011,192.538
bol,sex_f,age_10yrbands_y25_34,eco_aggregate_mkt,2012,213.987
bol,sex_f,age_10yrbands_y25_34,eco_aggregate_mkt,2013,204.676
bol,sex_f,age_10yrbands_y25_34,eco_aggregate_mkt,2014,212.531
bol,sex_f,age_10yrbands_y25_34,eco_aggregate_mkt,2015,197.002
bol,sex_f,age_10yrbands_y25_34,eco_aggregate_mkt,2016,197.426
bol,sex_f,age_10yrbands_y25_34,eco_aggregate_mkt,2017,206.214
bol,sex_f,age_10yrbands_y25_34,eco_aggregate_mkt,2018,236.414
bol,sex_f,age_10yrbands_y25_34,eco_aggregate_mkt,2019,243.8
bol,sex_f,age_10yrbands_y25_34,eco_aggregate_mkt,2020,238.081
bol,sex_f,age_10yrbands_y25_34,eco_aggregate_mkt,2021,297.129
bol,sex_f,age_10yrbands_y25_34,eco_aggregate_mkt,2022,335.984
bol,sex_f,age_10yrbands_y25_34,eco_aggregate_mkt,2023,349.589
bol,sex_f,age_10yrbands_y25_34,eco_aggregate_mkt,2024,345.054
bol,sex_f,age_10yrbands_y25_34,eco_aggregate_pub,1989,50.822
bol,sex_f,age_10yrbands_y25_34,eco_aggregate_pub,1990,47.975
bol,sex_f,age_10yrbands_y25_34,eco_aggregate_pub,1991,45.813
bol,sex_f,age_10yrbands_y25_34,eco_aggregate_pub,1992,42.404
bol,sex_f,age_10yrbands_y25_34,eco_aggregate_pub,1993,51.354
bol,sex_f,age_10yrbands_y25_34,eco_aggregate_pub,1994,49.42
bol,sex_f,age_10yrbands_y25_34,eco_aggregate_pub,1995,51.663
bol,sex_f,age_10yrbands_y25_34,eco_aggregate_pub,1999,46.482
bol,sex_f,age_10yrbands_y25_34,eco_aggregate_pub,2000,94.105
bol,sex_f,age_10yrbands_y25_34,eco_aggregate_pub,2001,90.628
bol,sex_f,age_10yrbands_y25_34,eco_aggregate_pub,2002,96.116
bol,sex_f,age_10yrbands_y25_34,eco_aggregate_pub,2005,104.524
bol,sex_f,age_10yrbands_y25_34,eco_aggregate_pub,2006,128.893
bol,sex_f,age_10yrbands_y25_34,eco_aggregate_pub,2007,142.985
bol,sex_f,age_10yrbands_y25_34,eco_aggregate_pub,2008,110.846
bol,sex_f,age_10yrbands_y25_34,eco_aggregate_pub,2009,173.422
bol,sex_f,age_10yrbands_y25_34,eco_aggregate_pub,2011,142.553
bol,sex_f,age_10yrbands_y25_34,eco_aggregate_pub,2012,136.028
bol,sex_f,age_10yrbands_y25_34,eco_aggregate_pub,2013,143.578
bol,sex_f,age_10yrbands_y25_34,eco_aggregate_pub,2014,133.82
bol,sex_f,age_10yrbands_y25_34,eco_aggregate_pub,2015,115.982
bol,sex_f,age_10yrbands_y25_34,eco_aggregate_pub,2016,121.268
bol,sex_f,age_10yrbands_y25_34,eco_aggregate_pub,2017,120.327
bol,sex_f,age_10yrbands_y25_34,eco_aggregate_pub,2018,122.67
bol,sex_f,age_10yrbands_y25_34,eco_aggregate_pub,2019,141.385
bol,sex_f,age_10yrbands_y25_34,eco_aggregate_pub,2020,119.71
bol,sex_f,age_10yrbands_y25_34,eco_aggregate_pub,2021,132.277
bol,sex_f,age_10yrbands_y25_34,eco_aggregate_pub,2022,151.386
bol,sex_f,age_10yrbands_y25_34,eco_aggregate_pub,2023,159.097
bol,sex_f,age_10yrbands_y25_34,eco_aggregate_pub,2024,174.247
bol,sex_f,age_10yrbands_y25_34,eco_aggregate_total,1989,114.9
bol,sex_f,age_10yrbands_y25_34,eco_aggregate_total,1990,109.477
bol,sex_f,age_10yrbands_y25_34,eco_aggregate_total,1991,120.045
bol,sex_f,age_10yrbands_y25_34,eco_aggregate_total,1992,123.35
bol,sex_f,age_10yrbands_y25_34,eco_aggregate_total,1993,129.932
bol,sex_f,age_10yrbands_y25_34,eco_aggregate_total,1994,153.28
bol,sex_f,age_10yrbands_y25_34,eco_aggregate_total,1995,150.963
bol,sex_f,age_10yrbands_y25_34,eco_aggregate_total,1999,377.314
bol,sex_f,age_10yrbands_y25_34,eco_aggregate_total,2000,357.444
bol,sex_f,age_10yrbands_y25_34,eco_aggregate_total,2001,374.44
bol,sex_f,age_10yrbands_y25_34,eco_aggregate_total,2002,382.476
bol,sex_f,age_10yrbands_y25_34,eco_aggregate_total,2005,381.654
bol,sex_f,age_10yrbands_y25_34,eco_aggregate_total,2006,448.957
bol,sex_f,age_10yrbands_y25_34,eco_aggregate_total,2007,449.525
bol,sex_f,age_10yrbands_y25_34,eco_aggregate_total,2008,472.389
bol,sex_f,age_10yrbands_y25_34,eco_aggregate_total,2009,537.494
bol,sex_f,age_10yrbands_y25_34,eco_aggregate_total,2011,517.256
bol,sex_f,age_10yrbands_y25_34,eco_aggregate_total,2012,509.981
bol,sex_f,age_10yrbands_y25_34,eco_aggregate_total,2013,488.479
bol,sex_f,age_10yrbands_y25_34,eco_aggregate_total,2014,516.513
bol,sex_f,age_10yrbands_y25_34,eco_aggregate_total,2015,460.312
bol,sex_f,age_10yrbands_y25_34,eco_aggregate_total,2016,468.449
bol,sex_f,age_10yrbands_y25_34,eco_aggregate_total,2017,477.527
bol,sex_f,age_10yrbands_y25_34,eco_aggregate_total,2018,531.973
bol,sex_f,age_10yrbands_y25_34,eco_aggregate_total,2019,570.862
bol,sex_f,age_10yrbands_y25_34,eco_aggregate_total,2020,493.1
bol,sex_f,age_10yrbands_y25_34,eco_aggregate_total,2021,632.764
bol,sex_f,age_10yrbands_y25_34,eco_aggregate_total,2022,705.048
bol,sex_f,age_10yrbands_y25_34,eco_aggregate_total,2023,737.534
bol,sex_f,age_10yrbands_y25_34,eco_aggregate_total,2024,756.234
bol,sex_f,age_10yrbands_y25_34,eco_aggregate_x,1989,1.502
bol,sex_f,age_10yrbands_y25_34,eco_aggregate_x,1990,1.761
bol,sex_f,age_10yrbands_y25_34,eco_aggregate_x,1999,6.19
bol,sex_f,age_10yrbands_y25_34,eco_aggregate_x,2000,2.905
bol,sex_f,age_10yrbands_y25_34,eco_aggregate_x,2001,1.627
bol,sex_f,age_10yrbands_y25_34,eco_aggregate_x,2022,0.629
bol,sex_f,age_10yrbands_y25_34,eco_aggregate_x,2023,0.435
bol,sex_f,age_10yrbands_y25_34,eco_sector_agr,1991,1.103
bol,sex_f,age_10yrbands_y25_34,eco_sector_agr,1992,1.2
bol,sex_f,age_10yrbands_y25_34,eco_sector_agr,1994,0.748
bol,sex_f,age_10yrbands_y25_34,eco_sector_agr,1995,0.921
bol,sex_f,age_10yrbands_y25_34,eco_sector_agr,2000,100.958
bol,sex_f,age_10yrbands_y25_34,eco_sector_agr,2001,117.343
bol,sex_f,age_10yrbands_y25_34,eco_sector_agr,2002,99.398
bol,sex_f,age_10yrbands_y25_34,eco_sector_agr,2005,105.06
bol,sex_f,age_10yrbands_y25_34,eco_sector_agr,2006,114.092
bol,sex_f,age_10yrbands_y25_34,eco_sector_agr,2007,100.134
bol,sex_f,age_10yrbands_y25_34,eco_sector_agr,2008,101.048
bol,sex_f,age_10yrbands_y25_34,eco_sector_agr,2009,106.472
bol,sex_f,age_10yrbands_y25_34,eco_sector_agr,2011,139.039
bol,sex_f,age_10yrbands_y25_34,eco_sector_agr,2012,117.882
bol,sex_f,age_10yrbands_y25_34,eco_sector_agr,2013,103.416
bol,sex_f,age_10yrbands_y25_34,eco_sector_agr,2014,108.489
bol,sex_f,age_10yrbands_y25_34,eco_sector_agr,2015,96.014
bol,sex_f,age_10yrbands_y25_34,eco_sector_agr,2016,90.128
bol,sex_f,age_10yrbands_y25_34,eco_sector_agr,2017,94.428
bol,sex_f,age_10yrbands_y25_34,eco_sector_agr,2018,109.418
bol,sex_f,age_10yrbands_y25_34,eco_sector_agr,2019,104.3
bol,sex_f,age_10yrbands_y25_34,eco_sector_agr,2020,81.259
bol,sex_f,age_10yrbands_y25_34,eco_sector_agr,2021,118.727
bol,sex_f,age_10yrbands_y25_34,eco_sector_agr,2022,119.346
bol,sex_f,age_10yrbands_y25_34,eco_sector_agr,2023,121.702
bol,sex_f,age_10yrbands_y25_34,eco_sector_agr,2024,116.162
bol,sex_f,age_10yrbands_y25_34,eco_sector_ind,1989,11.847
bol,sex_f,age_10yrbands_y25_34,eco_sector_ind,1990,11.557
bol,sex_f,age_10yrbands_y25_34,eco_sector_ind,1991,18.725
bol,sex_f,age_10yrbands_y25_34,eco_sector_ind,1992,21.915
bol,sex_f,age_10yrbands_y25_34,eco_sector_ind,1993,18.076
bol,sex_f,age_10yrbands_y25_34,eco_sector_ind,1994,27.569
bol,sex_f,age_10yrbands_y25_34,eco_sector_ind,1995,25.907
bol,sex_f,age_10yrbands_y25_34,eco_sector_ind,1999,87.276
bol,sex_f,age_10yrbands_y25_34,eco_sector_ind,2000,46.979
bol,sex_f,age_10yrbands_y25_34,eco_sector_ind,2001,42.703
bol,sex_f,age_10yrbands_y25_34,eco_sector_ind,2002,57.974
bol,sex_f,age_10yrbands_y25_34,eco_sector_ind,2005,45.96
bol,sex_f,age_10yrbands_y25_34,eco_sector_ind,2006,50.353
bol,sex_f,age_10yrbands_y25_34,eco_sector_ind,2007,46.294
bol,sex_f,age_10yrbands_y25_34,eco_sector_ind,2008,66.369
bol,sex_f,age_10yrbands_y25_34,eco_sector_ind,2009,58.713
bol,sex_f,age_10yrbands_y25_34,eco_sector_ind,2011,43.126
bol,sex_f,age_10yrbands_y25_34,eco_sector_ind,2012,42.084
bol,sex_f,age_10yrbands_y25_34,eco_sector_ind,2013,36.809
bol,sex_f,age_10yrbands_y25_34,eco_sector_ind,2014,61.673
bol,sex_f,age_10yrbands_y25_34,eco_sector_ind,2015,51.119
bol,sex_f,age_10yrbands_y25_34,eco_sector_ind,2016,59.585
bol,sex_f,age_10yrbands_y25_34,eco_sector_ind,2017,56.515
bol,sex_f,age_10yrbands_y25_34,eco_sector_ind,2018,63.47
bol,sex_f,age_10yrbands_y25_34,eco_sector_ind,2019,81.377
bol,sex_f,age_10yrbands_y25_34,eco_sector_ind,2020,53.565
bol,sex_f,age_10yrbands_y25_34,eco_sector_ind,2021,84.419
bol,sex_f,age_10yrbands_y25_34,eco_sector_ind,2022,97.704
bol,sex_f,age_10yrbands_y25_34,eco_sector_ind,2023,106.712
bol,sex_f,age_10yrbands_y25_34,eco_sector_ind,2024,120.541
bol,sex_f,age_10yrbands_y25_34,eco_sector_nag,1989,114.9
bol,sex_f,age_10yrbands_y25_34,eco_sector_nag,1990,109.477
bol,sex_f,age_10yrbands_y25_34,eco_sector_nag,1991,118.942
bol,sex_f,age_10yrbands_y25_34,eco_sector_nag,1992,122.15
bol,sex_f,age_10yrbands_y25_34,eco_sector_nag,1993,129.425
bol,sex_f,age_10yrbands_y25_34,eco_sector_nag,1994,152.532
bol,sex_f,age_10yrbands_y25_34,eco_sector_nag,1995,150.042
bol,sex_f,age_10yrbands_y25_34,eco_sector_nag,1999,377.314
bol,sex_f,age_10yrbands_y25_34,eco_sector_nag,2000,256.486
bol,sex_f,age_10yrbands_y25_34,eco_sector_nag,2001,257.097
bol,sex_f,age_10yrbands_y25_34,eco_sector_nag,2002,283.078
bol,sex_f,age_10yrbands_y25_34,eco_sector_nag,2005,276.594
bol,sex_f,age_10yrbands_y25_34,eco_sector_nag,2006,334.865
bol,sex_f,age_10yrbands_y25_34,eco_sector_nag,2007,349.391
bol,sex_f,age_10yrbands_y25_34,eco_sector_nag,2008,371.341
bol,sex_f,age_10yrbands_y25_34,eco_sector_nag,2009,431.022
bol,sex_f,age_10yrbands_y25_34,eco_sector_nag,2011,378.217
bol,sex_f,age_10yrbands_y25_34,eco_sector_nag,2012,392.099
bol,sex_f,age_10yrbands_y25_34,eco_sector_nag,2013,385.063
bol,sex_f,age_10yrbands_y25_34,eco_sector_nag,2014,408.024
bol,sex_f,age_10yrbands_y25_34,eco_sector_nag,2015,364.298
bol,sex_f,age_10yrbands_y25_34,eco_sector_nag,2016,378.321
bol,sex_f,age_10yrbands_y25_34,eco_sector_nag,2017,383.099
bol,sex_f,age_10yrbands_y25_34,eco_sector_nag,2018,422.555
bol,sex_f,age_10yrbands_y25_34,eco_sector_nag,2019,466.561
bol,sex_f,age_10yrbands_y25_34,eco_sector_nag,2020,411.84
bol,sex_f,age_10yrbands_y25_34,eco_sector_nag,2021,514.037
bol,sex_f,age_10yrbands_y25_34,eco_sector_nag,2022,585.702
bol,sex_f,age_10yrbands_y25_34,eco_sector_nag,2023,615.832
bol,sex_f,age_10yrbands_y25_34,eco_sector_nag,2024,640.072
bol,sex_f,age_10yrbands_y25_34,eco_sector_ser,1989,101.55
bol,sex_f,age_10yrbands_y25_34,eco_sector_ser,1990,96.159
bol,sex_f,age_10yrbands_y25_34,eco_sector_ser,1991,100.217
bol,sex_f,age_10yrbands_y25_34,eco_sector_ser,1992,100.235
bol,sex_f,age_10yrbands_y25_34,eco_sector_ser,1993,111.349
bol,sex_f,age_10yrbands_y25_34,eco_sector_ser,1994,124.792
bol,sex_f,age_10yrbands_y25_34,eco_sector_ser,1995,123.988
bol,sex_f,age_10yrbands_y25_34,eco_sector_ser,1999,283.848
bol,sex_f,age_10yrbands_y25_34,eco_sector_ser,2000,206.602
bol,sex_f,age_10yrbands_y25_34,eco_sector_ser,2001,212.767
bol,sex_f,age_10yrbands_y25_34,eco_sector_ser,2002,225.104
bol,sex_f,age_10yrbands_y25_34,eco_sector_ser,2005,230.634
bol,sex_f,age_10yrbands_y25_34,eco_sector_ser,2006,284.512
bol,sex_f,age_10yrbands_y25_34,eco_sector_ser,2007,303.097
bol,sex_f,age_10yrbands_y25_34,eco_sector_ser,2008,304.972
bol,sex_f,age_10yrbands_y25_34,eco_sector_ser,2009,372.309
bol,sex_f,age_10yrbands_y25_34,eco_sector_ser,2011,335.091
bol,sex_f,age_10yrbands_y25_34,eco_sector_ser,2012,350.015
bol,sex_f,age_10yrbands_y25_34,eco_sector_ser,2013,348.254
bol,sex_f,age_10yrbands_y25_34,eco_sector_ser,2014,346.351
bol,sex_f,age_10yrbands_y25_34,eco_sector_ser,2015,312.984
bol,sex_f,age_10yrbands_y25_34,eco_sector_ser,2016,318.694
bol,sex_f,age_10yrbands_y25_34,eco_sector_ser,2017,326.542
bol,sex_f,age_10yrbands_y25_34,eco_sector_ser,2018,359.084
bol,sex_f,age_10yrbands_y25_34,eco_sector_ser,2019,385.184
bol,sex_f,age_10yrbands_y25_34,eco_sector_ser,2020,357.791
bol,sex_f,age_10yrbands_y25_34,eco_sector_ser,2021,429.406
bol,sex_f,age_10yrbands_y25_34,eco_sector_ser,2022,487.37
bol,sex_f,age_10yrbands_y25_34,eco_sector_ser,2023,508.685
bol,sex_f,age_10yrbands_y25_34,eco_sector_ser,2024,519.301
bol,sex_f,age_10yrbands_y25_34,eco_sector_total,1989,114.9
bol,sex_f,age_10yrbands_y25_34,eco_sector_total,1990,109.477
bol,sex_f,age_10yrbands_y25_34,eco_sector_total,1991,120.045
bol,sex_f,age_10yrbands_y25_34,eco_sector_total,1992,123.35
bol,sex_f,age_10yrbands_y25_34,eco_sector_total,1993,129.932
bol,sex_f,age_10yrbands_y25_34,eco_sector_total,1994,153.28
bol,sex_f,age_10yrbands_y25_34,eco_sector_total,1995,150.963
bol,sex_f,age_10yrbands_y25_34,eco_sector_total,1999,377.314
bol,sex_f,age_10yrbands_y25_34,eco_sector_total,2000,357.444
bol,sex_f,age_10yrbands_y25_34,eco_sector_total,2001,374.44
bol,sex_f,age_10yrbands_y25_34,eco_sector_total,2002,382.476
bol,sex_f,age_10yrbands_y25_34,eco_sector_total,2005,381.654
bol,sex_f,age_10yrbands_y25_34,eco_sector_total,2006,448.957
bol,sex_f,age_10yrbands_y25_34,eco_sector_total,2007,449.525
bol,sex_f,age_10yrbands_y25_34,eco_sector_total,2008,472.389
bol,sex_f,age_10yrbands_y25_34,eco_sector_total,2009,537.494
bol,sex_f,age_10yrbands_y25_34,eco_sector_total,2011,517.256
bol,sex_f,age_10yrbands_y25_34,eco_sector_total,2012,509.981
bol,sex_f,age_10yrbands_y25_34,eco_sector_total,2013,488.479
bol,sex_f,age_10yrbands_y25_34,eco_sector_total,2014,516.513
bol,sex_f,age_10yrbands_y25_34,eco_sector_total,2015,460.312
bol,sex_f,age_10yrbands_y25_34,eco_sector_total,2016,468.449
bol,sex_f,age_10yrbands_y25_34,eco_sector_total,2017,477.527
bol,sex_f,age_10yrbands_y25_34,eco_sector_total,2018,531.973
bol,sex_f,age_10yrbands_y25_34,eco_sector_total,2019,570.862
bol,sex_f,age_10yrbands_y25_34,eco_sector_total,2020,493.1
bol,sex_f,age_10yrbands_y25_34,eco_sector_total,2021,632.764
bol,sex_f,age_10yrbands_y25_34,eco_sector_total,2022,705.048
bol,sex_f,age_10yrbands_y25_34,eco_sector_total,2023,737.534
bol,sex_f,age_10yrbands_y25_34,eco_sector_total,2024,756.234
bol,sex_f,age_10yrbands_y25_34,eco_sector_x,1989,1.502
bol,sex_f,age_10yrbands_y25_34,eco_sector_x,1990,1.761
bol,sex_f,age_10yrbands_y25_34,eco_sector_x,1999,6.19
bol,sex_f,age_10yrbands_y25_34,eco_sector_x,2000,2.905
bol,sex_f,age_10yrbands_y25_34,eco_sector_x,2001,1.627
bol,sex_f,age_10yrbands_y25_34,eco_sector_x,2022,0.629
bol,sex_f,age_10yrbands_y25_34,eco_sector_x,2023,0.435
bol,sex_f,age_10yrbands_y35_44,eco_aggregate_agr,1991,0.307
bol,sex_f,age_10yrbands_y35_44,eco_aggregate_agr,1992,1.278
bol,sex_f,age_10yrbands_y35_44,eco_aggregate_agr,1995,1.616
bol,sex_f,age_10yrbands_y35_44,eco_aggregate_agr,2000,96.916
bol,sex_f,age_10yrbands_y35_44,eco_aggregate_agr,2001,116.743
bol,sex_f,age_10yrbands_y35_44,eco_aggregate_agr,2002,110.615
bol,sex_f,age_10yrbands_y35_44,eco_aggregate_agr,2005,126.319
bol,sex_f,age_10yrbands_y35_44,eco_aggregate_agr,2006,126.004
bol,sex_f,age_10yrbands_y35_44,eco_aggregate_agr,2007,130.617
bol,sex_f,age_10yrbands_y35_44,eco_aggregate_agr,2008,125.09
bol,sex_f,age_10yrbands_y35_44,eco_aggregate_agr,2009,107.339
bol,sex_f,age_10yrbands_y35_44,eco_aggregate_agr,2011,134.365
bol,sex_f,age_10yrbands_y35_44,eco_aggregate_agr,2012,123.302
bol,sex_f,age_10yrbands_y35_44,eco_aggregate_agr,2013,130.24
bol,sex_f,age_10yrbands_y35_44,eco_aggregate_agr,2014,110.109
bol,sex_f,age_10yrbands_y35_44,eco_aggregate_agr,2015,96.383
bol,sex_f,age_10yrbands_y35_44,eco_aggregate_agr,2016,108.569
bol,sex_f,age_10yrbands_y35_44,eco_aggregate_agr,2017,112.187
bol,sex_f,age_10yrbands_y35_44,eco_aggregate_agr,2018,120.322
bol,sex_f,age_10yrbands_y35_44,eco_aggregate_agr,2019,124.838
bol,sex_f,age_10yrbands_y35_44,eco_aggregate_agr,2020,119.229
bol,sex_f,age_10yrbands_y35_44,eco_aggregate_agr,2021,124.676
bol,sex_f,age_10yrbands_y35_44,eco_aggregate_agr,2022,125.307
bol,sex_f,age_10yrbands_y35_44,eco_aggregate_agr,2023,124.145
bol,sex_f,age_10yrbands_y35_44,eco_aggregate_agr,2024,122.78
bol,sex_f,age_10yrbands_y35_44,eco_aggregate_con,1992,0.368
bol,sex_f,age_10yrbands_y35_44,eco_aggregate_con,2002,3.516
bol,sex_f,age_10yrbands_y35_44,eco_aggregate_con,2005,4.987
bol,sex_f,age_10yrbands_y35_44,eco_aggregate_con,2007,2.077
bol,sex_f,age_10yrbands_y35_44,eco_aggregate_con,2008,5.983
bol,sex_f,age_10yrbands_y35_44,eco_aggregate_con,2009,6.158
bol,sex_f,age_10yrbands_y35_44,eco_aggregate_con,2011,4.271
bol,sex_f,age_10yrbands_y35_44,eco_aggregate_con,2012,5.686
bol,sex_f,age_10yrbands_y35_44,eco_aggregate_con,2013,5.406
bol,sex_f,age_10yrbands_y35_44,eco_aggregate_con,2014,7.686
bol,sex_f,age_10yrbands_y35_44,eco_aggregate_con,2015,5.908
bol,sex_f,age_10yrbands_y35_44,eco_aggregate_con,2016,3.787
bol,sex_f,age_10yrbands_y35_44,eco_aggregate_con,2017,4.111
bol,sex_f,age_10yrbands_y35_44,eco_aggregate_con,2018,3.61
bol,sex_f,age_10yrbands_y35_44,eco_aggregate_con,2019,3.047
bol,sex_f,age_10yrbands_y35_44,eco_aggregate_con,2020,4.646
bol,sex_f,age_10yrbands_y35_44,eco_aggregate_con,2021,3.79
bol,sex_f,age_10yrbands_y35_44,eco_aggregate_con,2022,3.872
bol,sex_f,age_10yrbands_y35_44,eco_aggregate_con,2023,3.877
bol,sex_f,age_10yrbands_y35_44,eco_aggregate_con,2024,3.899
bol,sex_f,age_10yrbands_y35_44,eco_aggregate_man,1989,8.104
bol,sex_f,age_10yrbands_y35_44,eco_aggregate_man,1990,10.349
bol,sex_f,age_10yrbands_y35_44,eco_aggregate_man,1991,13.449
bol,sex_f,age_10yrbands_y35_44,eco_aggregate_man,1992,16.904
bol,sex_f,age_10yrbands_y35_44,eco_aggregate_man,1993,16.399
bol,sex_f,age_10yrbands_y35_44,eco_aggregate_man,1994,16.381
bol,sex_f,age_10yrbands_y35_44,eco_aggregate_man,1995,18.644
bol,sex_f,age_10yrbands_y35_44,eco_aggregate_man,1999,50.414
bol,sex_f,age_10yrbands_y35_44,eco_aggregate_man,2000,29.289
bol,sex_f,age_10yrbands_y35_44,eco_aggregate_man,2001,30.909
bol,sex_f,age_10yrbands_y35_44,eco_aggregate_man,2002,39.056
bol,sex_f,age_10yrbands_y35_44,eco_aggregate_man,2005,43.322
bol,sex_f,age_10yrbands_y35_44,eco_aggregate_man,2006,38.774
bol,sex_f,age_10yrbands_y35_44,eco_aggregate_man,2007,41.843
bol,sex_f,age_10yrbands_y35_44,eco_aggregate_man,2008,40.208
bol,sex_f,age_10yrbands_y35_44,eco_aggregate_man,2009,45.525
bol,sex_f,age_10yrbands_y35_44,eco_aggregate_man,2011,21.445
bol,sex_f,age_10yrbands_y35_44,eco_aggregate_man,2012,29.004
bol,sex_f,age_10yrbands_y35_44,eco_aggregate_man,2013,20.51
bol,sex_f,age_10yrbands_y35_44,eco_aggregate_man,2014,38.199
bol,sex_f,age_10yrbands_y35_44,eco_aggregate_man,2015,37.335
bol,sex_f,age_10yrbands_y35_44,eco_aggregate_man,2016,46.153
bol,sex_f,age_10yrbands_y35_44,eco_aggregate_man,2017,50.448
bol,sex_f,age_10yrbands_y35_44,eco_aggregate_man,2018,55.409
bol,sex_f,age_10yrbands_y35_44,eco_aggregate_man,2019,65.89
bol,sex_f,age_10yrbands_y35_44,eco_aggregate_man,2020,54.137
bol,sex_f,age_10yrbands_y35_44,eco_aggregate_man,2021,76.238
bol,sex_f,age_10yrbands_y35_44,eco_aggregate_man,2022,79.827
bol,sex_f,age_10yrbands_y35_44,eco_aggregate_man,2023,84.6
bol,sex_f,age_10yrbands_y35_44,eco_aggregate_man,2024,91.064
bol,sex_f,age_10yrbands_y35_44,eco_aggregate_mel,1989,0.969
bol,sex_f,age_10yrbands_y35_44,eco_aggregate_mel,1990,0.342
bol,sex_f,age_10yrbands_y35_44,eco_aggregate_mel,1991,0.657
bol,sex_f,age_10yrbands_y35_44,eco_aggregate_mel,1992,0.791
bol,sex_f,age_10yrbands_y35_44,eco_aggregate_mel,1995,0.825
bol,sex_f,age_10yrbands_y35_44,eco_aggregate_mel,1999,19.971
bol,sex_f,age_10yrbands_y35_44,eco_aggregate_mel,2000,1.764
bol,sex_f,age_10yrbands_y35_44,eco_aggregate_mel,2001,1.635
bol,sex_f,age_10yrbands_y35_44,eco_aggregate_mel,2002,1.57
bol,sex_f,age_10yrbands_y35_44,eco_aggregate_mel,2008,5.329
bol,sex_f,age_10yrbands_y35_44,eco_aggregate_mel,2011,2.329
bol,sex_f,age_10yrbands_y35_44,eco_aggregate_mel,2012,6.645
bol,sex_f,age_10yrbands_y35_44,eco_aggregate_mel,2013,3.171
bol,sex_f,age_10yrbands_y35_44,eco_aggregate_mel,2014,1.436
bol,sex_f,age_10yrbands_y35_44,eco_aggregate_mel,2015,6.166
bol,sex_f,age_10yrbands_y35_44,eco_aggregate_mel,2016,3.303
bol,sex_f,age_10yrbands_y35_44,eco_aggregate_mel,2017,3.031
bol,sex_f,age_10yrbands_y35_44,eco_aggregate_mel,2018,3.092
bol,sex_f,age_10yrbands_y35_44,eco_aggregate_mel,2019,2.135
bol,sex_f,age_10yrbands_y35_44,eco_aggregate_mel,2020,3.497
bol,sex_f,age_10yrbands_y35_44,eco_aggregate_mel,2021,3.16
bol,sex_f,age_10yrbands_y35_44,eco_aggregate_mel,2022,5.107
bol,sex_f,age_10yrbands_y35_44,eco_aggregate_mel,2023,3.035
bol,sex_f,age_10yrbands_y35_44,eco_aggregate_mel,2024,4.184
bol,sex_f,age_10yrbands_y35_44,eco_aggregate_mkt,1989,39.184
bol,sex_f,age_10yrbands_y35_44,eco_aggregate_mkt,1990,41.293
bol,sex_f,age_10yrbands_y35_44,eco_aggregate_mkt,1991,47.022
bol,sex_f,age_10yrbands_y35_44,eco_aggregate_mkt,1992,45.525
bol,sex_f,age_10yrbands_y35_44,eco_aggregate_mkt,1993,56.769
bol,sex_f,age_10yrbands_y35_44,eco_aggregate_mkt,1994,66.546
bol,sex_f,age_10yrbands_y35_44,eco_aggregate_mkt,1995,67.043
bol,sex_f,age_10yrbands_y35_44,eco_aggregate_mkt,1999,278.026
bol,sex_f,age_10yrbands_y35_44,eco_aggregate_mkt,2000,127.998
bol,sex_f,age_10yrbands_y35_44,eco_aggregate_mkt,2001,110.873
bol,sex_f,age_10yrbands_y35_44,eco_aggregate_mkt,2002,119.72
bol,sex_f,age_10yrbands_y35_44,eco_aggregate_mkt,2005,143.648
bol,sex_f,age_10yrbands_y35_44,eco_aggregate_mkt,2006,153.726
bol,sex_f,age_10yrbands_y35_44,eco_aggregate_mkt,2007,155.245
bol,sex_f,age_10yrbands_y35_44,eco_aggregate_mkt,2008,198.435
bol,sex_f,age_10yrbands_y35_44,eco_aggregate_mkt,2009,160.31
bol,sex_f,age_10yrbands_y35_44,eco_aggregate_mkt,2011,170.564
bol,sex_f,age_10yrbands_y35_44,eco_aggregate_mkt,2012,188.844
bol,sex_f,age_10yrbands_y35_44,eco_aggregate_mkt,2013,183.661
bol,sex_f,age_10yrbands_y35_44,eco_aggregate_mkt,2014,198.302
bol,sex_f,age_10yrbands_y35_44,eco_aggregate_mkt,2015,211.577
bol,sex_f,age_10yrbands_y35_44,eco_aggregate_mkt,2016,187.144
bol,sex_f,age_10yrbands_y35_44,eco_aggregate_mkt,2017,206.944
bol,sex_f,age_10yrbands_y35_44,eco_aggregate_mkt,2018,220.309
bol,sex_f,age_10yrbands_y35_44,eco_aggregate_mkt,2019,232
bol,sex_f,age_10yrbands_y35_44,eco_aggregate_mkt,2020,250.723
bol,sex_f,age_10yrbands_y35_44,eco_aggregate_mkt,2021,261.376
bol,sex_f,age_10yrbands_y35_44,eco_aggregate_mkt,2022,287.098
bol,sex_f,age_10yrbands_y35_44,eco_aggregate_mkt,2023,279.425
bol,sex_f,age_10yrbands_y35_44,eco_aggregate_mkt,2024,290.906
bol,sex_f,age_10yrbands_y35_44,eco_aggregate_pub,1989,35.788
bol,sex_f,age_10yrbands_y35_44,eco_aggregate_pub,1990,40.736
bol,sex_f,age_10yrbands_y35_44,eco_aggregate_pub,1991,33.2
bol,sex_f,age_10yrbands_y35_44,eco_aggregate_pub,1992,36.007
bol,sex_f,age_10yrbands_y35_44,eco_aggregate_pub,1993,36.443
bol,sex_f,age_10yrbands_y35_44,eco_aggregate_pub,1994,38.683
bol,sex_f,age_10yrbands_y35_44,eco_aggregate_pub,1995,42.692
bol,sex_f,age_10yrbands_y35_44,eco_aggregate_pub,1999,31.695
bol,sex_f,age_10yrbands_y35_44,eco_aggregate_pub,2000,76.432
bol,sex_f,age_10yrbands_y35_44,eco_aggregate_pub,2001,74.075
bol,sex_f,age_10yrbands_y35_44,eco_aggregate_pub,2002,78.666
bol,sex_f,age_10yrbands_y35_44,eco_aggregate_pub,2005,82.367
bol,sex_f,age_10yrbands_y35_44,eco_aggregate_pub,2006,103.322
bol,sex_f,age_10yrbands_y35_44,eco_aggregate_pub,2007,118.058
bol,sex_f,age_10yrbands_y35_44,eco_aggregate_pub,2008,111.984
bol,sex_f,age_10yrbands_y35_44,eco_aggregate_pub,2009,108.313
bol,sex_f,age_10yrbands_y35_44,eco_aggregate_pub,2011,112.786
bol,sex_f,age_10yrbands_y35_44,eco_aggregate_pub,2012,121.18
bol,sex_f,age_10yrbands_y35_44,eco_aggregate_pub,2013,131.316
bol,sex_f,age_10yrbands_y35_44,eco_aggregate_pub,2014,123.735
bol,sex_f,age_10yrbands_y35_44,eco_aggregate_pub,2015,108.151
bol,sex_f,age_10yrbands_y35_44,eco_aggregate_pub,2016,114.648
bol,sex_f,age_10yrbands_y35_44,eco_aggregate_pub,2017,117.416
bol,sex_f,age_10yrbands_y35_44,eco_aggregate_pub,2018,119.828
bol,sex_f,age_10yrbands_y35_44,eco_aggregate_pub,2019,134.85
bol,sex_f,age_10yrbands_y35_44,eco_aggregate_pub,2020,129.024
bol,sex_f,age_10yrbands_y35_44,eco_aggregate_pub,2021,139.522
bol,sex_f,age_10yrbands_y35_44,eco_aggregate_pub,2022,147.732
bol,sex_f,age_10yrbands_y35_44,eco_aggregate_pub,2023,164.538
bol,sex_f,age_10yrbands_y35_44,eco_aggregate_pub,2024,175.991
bol,sex_f,age_10yrbands_y35_44,eco_aggregate_total,1989,85.131
bol,sex_f,age_10yrbands_y35_44,eco_aggregate_total,1990,94.055
bol,sex_f,age_10yrbands_y35_44,eco_aggregate_total,1991,95.243
bol,sex_f,age_10yrbands_y35_44,eco_aggregate_total,1992,101.02
bol,sex_f,age_10yrbands_y35_44,eco_aggregate_total,1993,110.9
bol,sex_f,age_10yrbands_y35_44,eco_aggregate_total,1994,122.957
bol,sex_f,age_10yrbands_y35_44,eco_aggregate_total,1995,131.329
bol,sex_f,age_10yrbands_y35_44,eco_aggregate_total,1999,383.73
bol,sex_f,age_10yrbands_y35_44,eco_aggregate_total,2000,341.187
bol,sex_f,age_10yrbands_y35_44,eco_aggregate_total,2001,339.166
bol,sex_f,age_10yrbands_y35_44,eco_aggregate_total,2002,353.143
bol,sex_f,age_10yrbands_y35_44,eco_aggregate_total,2005,402.35
bol,sex_f,age_10yrbands_y35_44,eco_aggregate_total,2006,423.107
bol,sex_f,age_10yrbands_y35_44,eco_aggregate_total,2007,449.136
bol,sex_f,age_10yrbands_y35_44,eco_aggregate_total,2008,487.029
bol,sex_f,age_10yrbands_y35_44,eco_aggregate_total,2009,429.146
bol,sex_f,age_10yrbands_y35_44,eco_aggregate_total,2011,445.76
bol,sex_f,age_10yrbands_y35_44,eco_aggregate_total,2012,474.661
bol,sex_f,age_10yrbands_y35_44,eco_aggregate_total,2013,474.304
bol,sex_f,age_10yrbands_y35_44,eco_aggregate_total,2014,479.65
bol,sex_f,age_10yrbands_y35_44,eco_aggregate_total,2015,465.712
bol,sex_f,age_10yrbands_y35_44,eco_aggregate_total,2016,463.605
bol,sex_f,age_10yrbands_y35_44,eco_aggregate_total,2017,494.219
bol,sex_f,age_10yrbands_y35_44,eco_aggregate_total,2018,522.569
bol,sex_f,age_10yrbands_y35_44,eco_aggregate_total,2019,562.761
bol,sex_f,age_10yrbands_y35_44,eco_aggregate_total,2020,562.084
bol,sex_f,age_10yrbands_y35_44,eco_aggregate_total,2021,608.841
bol,sex_f,age_10yrbands_y35_44,eco_aggregate_total,2022,648.942
bol,sex_f,age_10yrbands_y35_44,eco_aggregate_total,2023,659.742
bol,sex_f,age_10yrbands_y35_44,eco_aggregate_total,2024,688.822
bol,sex_f,age_10yrbands_y35_44,eco_aggregate_x,1989,1.085
bol,sex_f,age_10yrbands_y35_44,eco_aggregate_x,1990,1.335
bol,sex_f,age_10yrbands_y35_44,eco_aggregate_x,1999,3.624
bol,sex_f,age_10yrbands_y35_44,eco_aggregate_x,2000,6.025
bol,sex_f,age_10yrbands_y35_44,eco_aggregate_x,2001,2.563
bol,sex_f,age_10yrbands_y35_44,eco_aggregate_x,2022,0
bol,sex_f,age_10yrbands_y35_44,eco_aggregate_x,2023,0.122
bol,sex_f,age_10yrbands_y35_44,eco_aggregate_x,2024,0
bol,sex_f,age_10yrbands_y35_44,eco_sector_agr,1991,0.307
bol,sex_f,age_10yrbands_y35_44,eco_sector_agr,1992,1.278
bol,sex_f,age_10yrbands_y35_44,eco_sector_agr,1995,1.616
bol,sex_f,age_10yrbands_y35_44,eco_sector_agr,2000,96.916
bol,sex_f,age_10yrbands_y35_44,eco_sector_agr,2001,116.743
bol,sex_f,age_10yrbands_y35_44,eco_sector_agr,2002,110.615
bol,sex_f,age_10yrbands_y35_44,eco_sector_agr,2005,126.319
bol,sex_f,age_10yrbands_y35_44,eco_sector_agr,2006,126.004
bol,sex_f,age_10yrbands_y35_44,eco_sector_agr,2007,130.617
bol,sex_f,age_10yrbands_y35_44,eco_sector_agr,2008,125.09
bol,sex_f,age_10yrbands_y35_44,eco_sector_agr,2009,107.339
bol,sex_f,age_10yrbands_y35_44,eco_sector_agr,2011,134.365
bol,sex_f,age_10yrbands_y35_44,eco_sector_agr,2012,123.302
bol,sex_f,age_10yrbands_y35_44,eco_sector_agr,2013,130.24
bol,sex_f,age_10yrbands_y35_44,eco_sector_agr,2014,110.109
bol,sex_f,age_10yrbands_y35_44,eco_sector_agr,2015,96.383
bol,sex_f,age_10yrbands_y35_44,eco_sector_agr,2016,108.569
bol,sex_f,age_10yrbands_y35_44,eco_sector_agr,2017,112.187
bol,sex_f,age_10yrbands_y35_44,eco_sector_agr,2018,120.322
bol,sex_f,age_10yrbands_y35_44,eco_sector_agr,2019,124.838
bol,sex_f,age_10yrbands_y35_44,eco_sector_agr,2020,119.229
bol,sex_f,age_10yrbands_y35_44,eco_sector_agr,2021,124.676
bol,sex_f,age_10yrbands_y35_44,eco_sector_agr,2022,125.307
bol,sex_f,age_10yrbands_y35_44,eco_sector_agr,2023,124.145
bol,sex_f,age_10yrbands_y35_44,eco_sector_agr,2024,122.78
bol,sex_f,age_10yrbands_y35_44,eco_sector_ind,1989,9.072
bol,sex_f,age_10yrbands_y35_44,eco_sector_ind,1990,10.691
bol,sex_f,age_10yrbands_y35_44,eco_sector_ind,1991,14.714
bol,sex_f,age_10yrbands_y35_44,eco_sector_ind,1992,18.063
bol,sex_f,age_10yrbands_y35_44,eco_sector_ind,1993,17.317
bol,sex_f,age_10yrbands_y35_44,eco_sector_ind,1994,17.388
bol,sex_f,age_10yrbands_y35_44,eco_sector_ind,1995,19.978
bol,sex_f,age_10yrbands_y35_44,eco_sector_ind,1999,70.385
bol,sex_f,age_10yrbands_y35_44,eco_sector_ind,2000,33.816
bol,sex_f,age_10yrbands_y35_44,eco_sector_ind,2001,34.912
bol,sex_f,age_10yrbands_y35_44,eco_sector_ind,2002,44.142
bol,sex_f,age_10yrbands_y35_44,eco_sector_ind,2005,50.016
bol,sex_f,age_10yrbands_y35_44,eco_sector_ind,2006,40.055
bol,sex_f,age_10yrbands_y35_44,eco_sector_ind,2007,45.216
bol,sex_f,age_10yrbands_y35_44,eco_sector_ind,2008,51.52
bol,sex_f,age_10yrbands_y35_44,eco_sector_ind,2009,53.184
bol,sex_f,age_10yrbands_y35_44,eco_sector_ind,2011,28.045
bol,sex_f,age_10yrbands_y35_44,eco_sector_ind,2012,41.335
bol,sex_f,age_10yrbands_y35_44,eco_sector_ind,2013,29.087
bol,sex_f,age_10yrbands_y35_44,eco_sector_ind,2014,47.321
bol,sex_f,age_10yrbands_y35_44,eco_sector_ind,2015,49.409
bol,sex_f,age_10yrbands_y35_44,eco_sector_ind,2016,53.242
bol,sex_f,age_10yrbands_y35_44,eco_sector_ind,2017,57.591
bol,sex_f,age_10yrbands_y35_44,eco_sector_ind,2018,62.111
bol,sex_f,age_10yrbands_y35_44,eco_sector_ind,2019,71.073
bol,sex_f,age_10yrbands_y35_44,eco_sector_ind,2020,62.279
bol,sex_f,age_10yrbands_y35_44,eco_sector_ind,2021,83.188
bol,sex_f,age_10yrbands_y35_44,eco_sector_ind,2022,88.805
bol,sex_f,age_10yrbands_y35_44,eco_sector_ind,2023,91.512
bol,sex_f,age_10yrbands_y35_44,eco_sector_ind,2024,99.146
bol,sex_f,age_10yrbands_y35_44,eco_sector_nag,1989,85.131
bol,sex_f,age_10yrbands_y35_44,eco_sector_nag,1990,94.055
bol,sex_f,age_10yrbands_y35_44,eco_sector_nag,1991,94.936
bol,sex_f,age_10yrbands_y35_44,eco_sector_nag,1992,99.742
bol,sex_f,age_10yrbands_y35_44,eco_sector_nag,1993,110.529
bol,sex_f,age_10yrbands_y35_44,eco_sector_nag,1994,122.617
bol,sex_f,age_10yrbands_y35_44,eco_sector_nag,1995,129.713
bol,sex_f,age_10yrbands_y35_44,eco_sector_nag,1999,383.73
bol,sex_f,age_10yrbands_y35_44,eco_sector_nag,2000,244.271
bol,sex_f,age_10yrbands_y35_44,eco_sector_nag,2001,222.423
bol,sex_f,age_10yrbands_y35_44,eco_sector_nag,2002,242.528
bol,sex_f,age_10yrbands_y35_44,eco_sector_nag,2005,276.031
bol,sex_f,age_10yrbands_y35_44,eco_sector_nag,2006,297.103
bol,sex_f,age_10yrbands_y35_44,eco_sector_nag,2007,318.519
bol,sex_f,age_10yrbands_y35_44,eco_sector_nag,2008,361.939
bol,sex_f,age_10yrbands_y35_44,eco_sector_nag,2009,321.807
bol,sex_f,age_10yrbands_y35_44,eco_sector_nag,2011,311.395
bol,sex_f,age_10yrbands_y35_44,eco_sector_nag,2012,351.359
bol,sex_f,age_10yrbands_y35_44,eco_sector_nag,2013,344.064
bol,sex_f,age_10yrbands_y35_44,eco_sector_nag,2014,369.541
bol,sex_f,age_10yrbands_y35_44,eco_sector_nag,2015,369.329
bol,sex_f,age_10yrbands_y35_44,eco_sector_nag,2016,355.035
bol,sex_f,age_10yrbands_y35_44,eco_sector_nag,2017,382.033
bol,sex_f,age_10yrbands_y35_44,eco_sector_nag,2018,402.247
bol,sex_f,age_10yrbands_y35_44,eco_sector_nag,2019,437.923
bol,sex_f,age_10yrbands_y35_44,eco_sector_nag,2020,442.855
bol,sex_f,age_10yrbands_y35_44,eco_sector_nag,2021,484.165
bol,sex_f,age_10yrbands_y35_44,eco_sector_nag,2022,523.635
bol,sex_f,age_10yrbands_y35_44,eco_sector_nag,2023,535.597
bol,sex_f,age_10yrbands_y35_44,eco_sector_nag,2024,566.043
bol,sex_f,age_10yrbands_y35_44,eco_sector_ser,1989,74.973
bol,sex_f,age_10yrbands_y35_44,eco_sector_ser,1990,82.029
bol,sex_f,age_10yrbands_y35_44,eco_sector_ser,1991,80.222
bol,sex_f,age_10yrbands_y35_44,eco_sector_ser,1992,81.532
bol,sex_f,age_10yrbands_y35_44,eco_sector_ser,1993,93.212
bol,sex_f,age_10yrbands_y35_44,eco_sector_ser,1994,105.229
bol,sex_f,age_10yrbands_y35_44,eco_sector_ser,1995,109.735
bol,sex_f,age_10yrbands_y35_44,eco_sector_ser,1999,309.721
bol,sex_f,age_10yrbands_y35_44,eco_sector_ser,2000,204.43
bol,sex_f,age_10yrbands_y35_44,eco_sector_ser,2001,184.948
bol,sex_f,age_10yrbands_y35_44,eco_sector_ser,2002,198.386
bol,sex_f,age_10yrbands_y35_44,eco_sector_ser,2005,226.015
bol,sex_f,age_10yrbands_y35_44,eco_sector_ser,2006,257.048
bol,sex_f,age_10yrbands_y35_44,eco_sector_ser,2007,273.303
bol,sex_f,age_10yrbands_y35_44,eco_sector_ser,2008,310.419
bol,sex_f,age_10yrbands_y35_44,eco_sector_ser,2009,268.623
bol,sex_f,age_10yrbands_y35_44,eco_sector_ser,2011,283.35
bol,sex_f,age_10yrbands_y35_44,eco_sector_ser,2012,310.024
bol,sex_f,age_10yrbands_y35_44,eco_sector_ser,2013,314.977
bol,sex_f,age_10yrbands_y35_44,eco_sector_ser,2014,322.037
bol,sex_f,age_10yrbands_y35_44,eco_sector_ser,2015,319.728
bol,sex_f,age_10yrbands_y35_44,eco_sector_ser,2016,301.793
bol,sex_f,age_10yrbands_y35_44,eco_sector_ser,2017,324.36
bol,sex_f,age_10yrbands_y35_44,eco_sector_ser,2018,340.136
bol,sex_f,age_10yrbands_y35_44,eco_sector_ser,2019,366.85
bol,sex_f,age_10yrbands_y35_44,eco_sector_ser,2020,379.747
bol,sex_f,age_10yrbands_y35_44,eco_sector_ser,2021,400.898
bol,sex_f,age_10yrbands_y35_44,eco_sector_ser,2022,434.83
bol,sex_f,age_10yrbands_y35_44,eco_sector_ser,2023,443.963
bol,sex_f,age_10yrbands_y35_44,eco_sector_ser,2024,466.896
bol,sex_f,age_10yrbands_y35_44,eco_sector_total,1989,85.131
bol,sex_f,age_10yrbands_y35_44,eco_sector_total,1990,94.055
bol,sex_f,age_10yrbands_y35_44,eco_sector_total,1991,95.243
bol,sex_f,age_10yrbands_y35_44,eco_sector_total,1992,101.02
bol,sex_f,age_10yrbands_y35_44,eco_sector_total,1993,110.9
bol,sex_f,age_10yrbands_y35_44,eco_sector_total,1994,122.957
bol,sex_f,age_10yrbands_y35_44,eco_sector_total,1995,131.329
bol,sex_f,age_10yrbands_y35_44,eco_sector_total,1999,383.73
bol,sex_f,age_10yrbands_y35_44,eco_sector_total,2000,341.187
bol,sex_f,age_10yrbands_y35_44,eco_sector_total,2001,339.166
bol,sex_f,age_10yrbands_y35_44,eco_sector_total,2002,353.143
bol,sex_f,age_10yrbands_y35_44,eco_sector_total,2005,402.35
bol,sex_f,age_10yrbands_y35_44,eco_sector_total,2006,423.107
bol,sex_f,age_10yrbands_y35_44,eco_sector_total,2007,449.136
bol,sex_f,age_10yrbands_y35_44,eco_sector_total,2008,487.029
bol,sex_f,age_10yrbands_y35_44,eco_sector_total,2009,429.146
bol,sex_f,age_10yrbands_y35_44,eco_sector_total,2011,445.76
bol,sex_f,age_10yrbands_y35_44,eco_sector_total,2012,474.661
bol,sex_f,age_10yrbands_y35_44,eco_sector_total,2013,474.304
bol,sex_f,age_10yrbands_y35_44,eco_sector_total,2014,479.65
bol,sex_f,age_10yrbands_y35_44,eco_sector_total,2015,465.712
bol,sex_f,age_10yrbands_y35_44,eco_sector_total,2016,463.605
bol,sex_f,age_10yrbands_y35_44,eco_sector_total,2017,494.219
bol,sex_f,age_10yrbands_y35_44,eco_sector_total,2018,522.569
bol,sex_f,age_10yrbands_y35_44,eco_sector_total,2019,562.761
bol,sex_f,age_10yrbands_y35_44,eco_sector_total,2020,562.084
bol,sex_f,age_10yrbands_y35_44,eco_sector_total,2021,608.841
bol,sex_f,age_10yrbands_y35_44,eco_sector_total,2022,648.942
bol,sex_f,age_10yrbands_y35_44,eco_sector_total,2023,659.742
bol,sex_f,age_10yrbands_y35_44,eco_sector_total,2024,688.822
bol,sex_f,age_10yrbands_y35_44,eco_sector_x,1989,1.085
bol,sex_f,age_10yrbands_y35_44,eco_sector_x,1990,1.335
bol,sex_f,age_10yrbands_y35_44,eco_sector_x,1999,3.624
bol,sex_f,age_10yrbands_y35_44,eco_sector_x,2000,6.025
bol,sex_f,age_10yrbands_y35_44,eco_sector_x,2001,2.563
bol,sex_f,age_10yrbands_y35_44,eco_sector_x,2022,0
bol,sex_f,age_10yrbands_y35_44,eco_sector_x,2023,0.122
bol,sex_f,age_10yrbands_y35_44,eco_sector_x,2024,0
bol,sex_f,age_10yrbands_y45_54,eco_aggregate_agr,1991,0.586
bol,sex_f,age_10yrbands_y45_54,eco_aggregate_agr,1992,0.542
bol,sex_f,age_10yrbands_y45_54,eco_aggregate_agr,1993,0.906
bol,sex_f,age_10yrbands_y45_54,eco_aggregate_agr,1995,1.759
bol,sex_f,age_10yrbands_y45_54,eco_aggregate_agr,2000,84.145
bol,sex_f,age_10yrbands_y45_54,eco_aggregate_agr,2001,101.828
bol,sex_f,age_10yrbands_y45_54,eco_aggregate_agr,2002,93.527
bol,sex_f,age_10yrbands_y45_54,eco_aggregate_agr,2005,100.885
bol,sex_f,age_10yrbands_y45_54,eco_aggregate_agr,2006,122.805
bol,sex_f,age_10yrbands_y45_54,eco_aggregate_agr,2007,106.514
bol,sex_f,age_10yrbands_y45_54,eco_aggregate_agr,2008,107.774
bol,sex_f,age_10yrbands_y45_54,eco_aggregate_agr,2009,128.846
bol,sex_f,age_10yrbands_y45_54,eco_aggregate_agr,2011,126.272
bol,sex_f,age_10yrbands_y45_54,eco_aggregate_agr,2012,103.935
bol,sex_f,age_10yrbands_y45_54,eco_aggregate_agr,2013,124.107
bol,sex_f,age_10yrbands_y45_54,eco_aggregate_agr,2014,125.21
bol,sex_f,age_10yrbands_y45_54,eco_aggregate_agr,2015,113.481
bol,sex_f,age_10yrbands_y45_54,eco_aggregate_agr,2016,110.155
bol,sex_f,age_10yrbands_y45_54,eco_aggregate_agr,2017,117.244
bol,sex_f,age_10yrbands_y45_54,eco_aggregate_agr,2018,135.596
bol,sex_f,age_10yrbands_y45_54,eco_aggregate_agr,2019,120.899
bol,sex_f,age_10yrbands_y45_54,eco_aggregate_agr,2020,123.668
bol,sex_f,age_10yrbands_y45_54,eco_aggregate_agr,2021,131.024
bol,sex_f,age_10yrbands_y45_54,eco_aggregate_agr,2022,120.326
bol,sex_f,age_10yrbands_y45_54,eco_aggregate_agr,2023,136.999
bol,sex_f,age_10yrbands_y45_54,eco_aggregate_agr,2024,122.283
bol,sex_f,age_10yrbands_y45_54,eco_aggregate_con,1992,0
bol,sex_f,age_10yrbands_y45_54,eco_aggregate_con,1993,0
bol,sex_f,age_10yrbands_y45_54,eco_aggregate_con,2002,1.601
bol,sex_f,age_10yrbands_y45_54,eco_aggregate_con,2005,7.141
bol,sex_f,age_10yrbands_y45_54,eco_aggregate_con,2006,0
bol,sex_f,age_10yrbands_y45_54,eco_aggregate_con,2009,0
bol,sex_f,age_10yrbands_y45_54,eco_aggregate_con,2011,1.724
bol,sex_f,age_10yrbands_y45_54,eco_aggregate_con,2013,1.216
bol,sex_f,age_10yrbands_y45_54,eco_aggregate_con,2014,4.049
bol,sex_f,age_10yrbands_y45_54,eco_aggregate_con,2015,3.348
bol,sex_f,age_10yrbands_y45_54,eco_aggregate_con,2016,1.818
bol,sex_f,age_10yrbands_y45_54,eco_aggregate_con,2017,1.863
bol,sex_f,age_10yrbands_y45_54,eco_aggregate_con,2018,2.979
bol,sex_f,age_10yrbands_y45_54,eco_aggregate_con,2019,2.71
bol,sex_f,age_10yrbands_y45_54,eco_aggregate_con,2020,0.877
bol,sex_f,age_10yrbands_y45_54,eco_aggregate_con,2021,2.52
bol,sex_f,age_10yrbands_y45_54,eco_aggregate_con,2022,2.752
bol,sex_f,age_10yrbands_y45_54,eco_aggregate_con,2023,2.517
bol,sex_f,age_10yrbands_y45_54,eco_aggregate_con,2024,3.894
bol,sex_f,age_10yrbands_y45_54,eco_aggregate_man,1989,4.612
bol,sex_f,age_10yrbands_y45_54,eco_aggregate_man,1990,4.715
bol,sex_f,age_10yrbands_y45_54,eco_aggregate_man,1991,5.498
bol,sex_f,age_10yrbands_y45_54,eco_aggregate_man,1992,6.163
bol,sex_f,age_10yrbands_y45_54,eco_aggregate_man,1993,7.857
bol,sex_f,age_10yrbands_y45_54,eco_aggregate_man,1994,6.223
bol,sex_f,age_10yrbands_y45_54,eco_aggregate_man,1995,6.696
bol,sex_f,age_10yrbands_y45_54,eco_aggregate_man,1999,24.614
bol,sex_f,age_10yrbands_y45_54,eco_aggregate_man,2000,16.447
bol,sex_f,age_10yrbands_y45_54,eco_aggregate_man,2001,24.667
bol,sex_f,age_10yrbands_y45_54,eco_aggregate_man,2002,21.628
bol,sex_f,age_10yrbands_y45_54,eco_aggregate_man,2005,28.005
bol,sex_f,age_10yrbands_y45_54,eco_aggregate_man,2006,32.807
bol,sex_f,age_10yrbands_y45_54,eco_aggregate_man,2007,34.483
bol,sex_f,age_10yrbands_y45_54,eco_aggregate_man,2008,39.398
bol,sex_f,age_10yrbands_y45_54,eco_aggregate_man,2009,35.9
bol,sex_f,age_10yrbands_y45_54,eco_aggregate_man,2011,15.367
bol,sex_f,age_10yrbands_y45_54,eco_aggregate_man,2012,21.68
bol,sex_f,age_10yrbands_y45_54,eco_aggregate_man,2013,23.02
bol,sex_f,age_10yrbands_y45_54,eco_aggregate_man,2014,29.683
bol,sex_f,age_10yrbands_y45_54,eco_aggregate_man,2015,29.333
bol,sex_f,age_10yrbands_y45_54,eco_aggregate_man,2016,32.774
bol,sex_f,age_10yrbands_y45_54,eco_aggregate_man,2017,34.31
bol,sex_f,age_10yrbands_y45_54,eco_aggregate_man,2018,42.223
bol,sex_f,age_10yrbands_y45_54,eco_aggregate_man,2019,47.85
bol,sex_f,age_10yrbands_y45_54,eco_aggregate_man,2020,34.78
bol,sex_f,age_10yrbands_y45_54,eco_aggregate_man,2021,58.284
bol,sex_f,age_10yrbands_y45_54,eco_aggregate_man,2022,49.14
bol,sex_f,age_10yrbands_y45_54,eco_aggregate_man,2023,59.175
bol,sex_f,age_10yrbands_y45_54,eco_aggregate_man,2024,66.537
bol,sex_f,age_10yrbands_y45_54,eco_aggregate_mel,1989,0.949
bol,sex_f,age_10yrbands_y45_54,eco_aggregate_mel,1990,0.301
bol,sex_f,age_10yrbands_y45_54,eco_aggregate_mel,1991,0.483
bol,sex_f,age_10yrbands_y45_54,eco_aggregate_mel,1995,0.554
bol,sex_f,age_10yrbands_y45_54,eco_aggregate_mel,1999,9.567
bol,sex_f,age_10yrbands_y45_54,eco_aggregate_mel,2000,1.159
bol,sex_f,age_10yrbands_y45_54,eco_aggregate_mel,2001,1.193
bol,sex_f,age_10yrbands_y45_54,eco_aggregate_mel,2011,3.978
bol,sex_f,age_10yrbands_y45_54,eco_aggregate_mel,2012,5.475
bol,sex_f,age_10yrbands_y45_54,eco_aggregate_mel,2013,2.794
bol,sex_f,age_10yrbands_y45_54,eco_aggregate_mel,2014,1.811
bol,sex_f,age_10yrbands_y45_54,eco_aggregate_mel,2015,1.585
bol,sex_f,age_10yrbands_y45_54,eco_aggregate_mel,2016,2.39
bol,sex_f,age_10yrbands_y45_54,eco_aggregate_mel,2017,2.485
bol,sex_f,age_10yrbands_y45_54,eco_aggregate_mel,2018,1.927
bol,sex_f,age_10yrbands_y45_54,eco_aggregate_mel,2019,1.372
bol,sex_f,age_10yrbands_y45_54,eco_aggregate_mel,2020,4.034
bol,sex_f,age_10yrbands_y45_54,eco_aggregate_mel,2021,1.179
bol,sex_f,age_10yrbands_y45_54,eco_aggregate_mel,2022,2.158
bol,sex_f,age_10yrbands_y45_54,eco_aggregate_mel,2023,3.172
bol,sex_f,age_10yrbands_y45_54,eco_aggregate_mel,2024,2.506
bol,sex_f,age_10yrbands_y45_54,eco_aggregate_mkt,1989,26.021
bol,sex_f,age_10yrbands_y45_54,eco_aggregate_mkt,1990,23.235
bol,sex_f,age_10yrbands_y45_54,eco_aggregate_mkt,1991,26.05
bol,sex_f,age_10yrbands_y45_54,eco_aggregate_mkt,1992,26.978
bol,sex_f,age_10yrbands_y45_54,eco_aggregate_mkt,1993,31.247
bol,sex_f,age_10yrbands_y45_54,eco_aggregate_mkt,1994,35.498
bol,sex_f,age_10yrbands_y45_54,eco_aggregate_mkt,1995,39.677
bol,sex_f,age_10yrbands_y45_54,eco_aggregate_mkt,1999,206.481
bol,sex_f,age_10yrbands_y45_54,eco_aggregate_mkt,2000,90.269
bol,sex_f,age_10yrbands_y45_54,eco_aggregate_mkt,2001,77.401
bol,sex_f,age_10yrbands_y45_54,eco_aggregate_mkt,2002,83.472
bol,sex_f,age_10yrbands_y45_54,eco_aggregate_mkt,2005,95.423
bol,sex_f,age_10yrbands_y45_54,eco_aggregate_mkt,2006,100.828
bol,sex_f,age_10yrbands_y45_54,eco_aggregate_mkt,2007,91.646
bol,sex_f,age_10yrbands_y45_54,eco_aggregate_mkt,2008,117.324
bol,sex_f,age_10yrbands_y45_54,eco_aggregate_mkt,2009,137.287
bol,sex_f,age_10yrbands_y45_54,eco_aggregate_mkt,2011,139.868
bol,sex_f,age_10yrbands_y45_54,eco_aggregate_mkt,2012,148.644
bol,sex_f,age_10yrbands_y45_54,eco_aggregate_mkt,2013,148.586
bol,sex_f,age_10yrbands_y45_54,eco_aggregate_mkt,2014,150.071
bol,sex_f,age_10yrbands_y45_54,eco_aggregate_mkt,2015,151.103
bol,sex_f,age_10yrbands_y45_54,eco_aggregate_mkt,2016,152.58
bol,sex_f,age_10yrbands_y45_54,eco_aggregate_mkt,2017,159.372
bol,sex_f,age_10yrbands_y45_54,eco_aggregate_mkt,2018,164.862
bol,sex_f,age_10yrbands_y45_54,eco_aggregate_mkt,2019,178.821
bol,sex_f,age_10yrbands_y45_54,eco_aggregate_mkt,2020,186.863
bol,sex_f,age_10yrbands_y45_54,eco_aggregate_mkt,2021,202.465
bol,sex_f,age_10yrbands_y45_54,eco_aggregate_mkt,2022,209.161
bol,sex_f,age_10yrbands_y45_54,eco_aggregate_mkt,2023,208.792
bol,sex_f,age_10yrbands_y45_54,eco_aggregate_mkt,2024,228.83
bol,sex_f,age_10yrbands_y45_54,eco_aggregate_pub,1989,15.909
bol,sex_f,age_10yrbands_y45_54,eco_aggregate_pub,1990,17.512
bol,sex_f,age_10yrbands_y45_54,eco_aggregate_pub,1991,15.6
bol,sex_f,age_10yrbands_y45_54,eco_aggregate_pub,1992,14.635
bol,sex_f,age_10yrbands_y45_54,eco_aggregate_pub,1993,17.617
bol,sex_f,age_10yrbands_y45_54,eco_aggregate_pub,1994,21.115
bol,sex_f,age_10yrbands_y45_54,eco_aggregate_pub,1995,19.865
bol,sex_f,age_10yrbands_y45_54,eco_aggregate_pub,1999,23.422
bol,sex_f,age_10yrbands_y45_54,eco_aggregate_pub,2000,52.309
bol,sex_f,age_10yrbands_y45_54,eco_aggregate_pub,2001,45.755
bol,sex_f,age_10yrbands_y45_54,eco_aggregate_pub,2002,46.46
bol,sex_f,age_10yrbands_y45_54,eco_aggregate_pub,2005,62.348
bol,sex_f,age_10yrbands_y45_54,eco_aggregate_pub,2006,69.171
bol,sex_f,age_10yrbands_y45_54,eco_aggregate_pub,2007,84.048
bol,sex_f,age_10yrbands_y45_54,eco_aggregate_pub,2008,79.139
bol,sex_f,age_10yrbands_y45_54,eco_aggregate_pub,2009,75.167
bol,sex_f,age_10yrbands_y45_54,eco_aggregate_pub,2011,84.609
bol,sex_f,age_10yrbands_y45_54,eco_aggregate_pub,2012,79.546
bol,sex_f,age_10yrbands_y45_54,eco_aggregate_pub,2013,101.768
bol,sex_f,age_10yrbands_y45_54,eco_aggregate_pub,2014,83.293
bol,sex_f,age_10yrbands_y45_54,eco_aggregate_pub,2015,72.347
bol,sex_f,age_10yrbands_y45_54,eco_aggregate_pub,2016,78.252
bol,sex_f,age_10yrbands_y45_54,eco_aggregate_pub,2017,82.661
bol,sex_f,age_10yrbands_y45_54,eco_aggregate_pub,2018,87.524
bol,sex_f,age_10yrbands_y45_54,eco_aggregate_pub,2019,94.926
bol,sex_f,age_10yrbands_y45_54,eco_aggregate_pub,2020,96.226
bol,sex_f,age_10yrbands_y45_54,eco_aggregate_pub,2021,93.109
bol,sex_f,age_10yrbands_y45_54,eco_aggregate_pub,2022,105.394
bol,sex_f,age_10yrbands_y45_54,eco_aggregate_pub,2023,114.584
bol,sex_f,age_10yrbands_y45_54,eco_aggregate_pub,2024,115.417
bol,sex_f,age_10yrbands_y45_54,eco_aggregate_total,1989,47.827
bol,sex_f,age_10yrbands_y45_54,eco_aggregate_total,1990,46.241
bol,sex_f,age_10yrbands_y45_54,eco_aggregate_total,1991,48.349
bol,sex_f,age_10yrbands_y45_54,eco_aggregate_total,1992,48.396
bol,sex_f,age_10yrbands_y45_54,eco_aggregate_total,1993,58.231
bol,sex_f,age_10yrbands_y45_54,eco_aggregate_total,1994,63.412
bol,sex_f,age_10yrbands_y45_54,eco_aggregate_total,1995,69.022
bol,sex_f,age_10yrbands_y45_54,eco_aggregate_total,1999,266.895
bol,sex_f,age_10yrbands_y45_54,eco_aggregate_total,2000,250.675
bol,sex_f,age_10yrbands_y45_54,eco_aggregate_total,2001,254.372
bol,sex_f,age_10yrbands_y45_54,eco_aggregate_total,2002,247.279
bol,sex_f,age_10yrbands_y45_54,eco_aggregate_total,2005,294.895
bol,sex_f,age_10yrbands_y45_54,eco_aggregate_total,2006,325.903
bol,sex_f,age_10yrbands_y45_54,eco_aggregate_total,2007,319.528
bol,sex_f,age_10yrbands_y45_54,eco_aggregate_total,2008,345.915
bol,sex_f,age_10yrbands_y45_54,eco_aggregate_total,2009,379.855
bol,sex_f,age_10yrbands_y45_54,eco_aggregate_total,2011,371.818
bol,sex_f,age_10yrbands_y45_54,eco_aggregate_total,2012,360.228
bol,sex_f,age_10yrbands_y45_54,eco_aggregate_total,2013,401.491
bol,sex_f,age_10yrbands_y45_54,eco_aggregate_total,2014,394.117
bol,sex_f,age_10yrbands_y45_54,eco_aggregate_total,2015,371.389
bol,sex_f,age_10yrbands_y45_54,eco_aggregate_total,2016,377.969
bol,sex_f,age_10yrbands_y45_54,eco_aggregate_total,2017,397.978
bol,sex_f,age_10yrbands_y45_54,eco_aggregate_total,2018,435.112
bol,sex_f,age_10yrbands_y45_54,eco_aggregate_total,2019,446.578
bol,sex_f,age_10yrbands_y45_54,eco_aggregate_total,2020,446.673
bol,sex_f,age_10yrbands_y45_54,eco_aggregate_total,2021,488.581
bol,sex_f,age_10yrbands_y45_54,eco_aggregate_total,2022,488.932
bol,sex_f,age_10yrbands_y45_54,eco_aggregate_total,2023,525.35
bol,sex_f,age_10yrbands_y45_54,eco_aggregate_total,2024,539.531
bol,sex_f,age_10yrbands_y45_54,eco_aggregate_x,1989,0.336
bol,sex_f,age_10yrbands_y45_54,eco_aggregate_x,1990,0.478
bol,sex_f,age_10yrbands_y45_54,eco_aggregate_x,1999,2.811
bol,sex_f,age_10yrbands_y45_54,eco_aggregate_x,2000,5.547
bol,sex_f,age_10yrbands_y45_54,eco_aggregate_x,2001,2.721
bol,sex_f,age_10yrbands_y45_54,eco_sector_agr,1991,0.586
bol,sex_f,age_10yrbands_y45_54,eco_sector_agr,1992,0.542
bol,sex_f,age_10yrbands_y45_54,eco_sector_agr,1993,0.906
bol,sex_f,age_10yrbands_y45_54,eco_sector_agr,1995,1.759
bol,sex_f,age_10yrbands_y45_54,eco_sector_agr,2000,84.145
bol,sex_f,age_10yrbands_y45_54,eco_sector_agr,2001,101.828
bol,sex_f,age_10yrbands_y45_54,eco_sector_agr,2002,93.527
bol,sex_f,age_10yrbands_y45_54,eco_sector_agr,2005,100.885
bol,sex_f,age_10yrbands_y45_54,eco_sector_agr,2006,122.805
bol,sex_f,age_10yrbands_y45_54,eco_sector_agr,2007,106.514
bol,sex_f,age_10yrbands_y45_54,eco_sector_agr,2008,107.774
bol,sex_f,age_10yrbands_y45_54,eco_sector_agr,2009,128.846
bol,sex_f,age_10yrbands_y45_54,eco_sector_agr,2011,126.272
bol,sex_f,age_10yrbands_y45_54,eco_sector_agr,2012,103.935
bol,sex_f,age_10yrbands_y45_54,eco_sector_agr,2013,124.107
bol,sex_f,age_10yrbands_y45_54,eco_sector_agr,2014,125.21
bol,sex_f,age_10yrbands_y45_54,eco_sector_agr,2015,113.481
bol,sex_f,age_10yrbands_y45_54,eco_sector_agr,2016,110.155
bol,sex_f,age_10yrbands_y45_54,eco_sector_agr,2017,117.244
bol,sex_f,age_10yrbands_y45_54,eco_sector_agr,2018,135.596
bol,sex_f,age_10yrbands_y45_54,eco_sector_agr,2019,120.899
bol,sex_f,age_10yrbands_y45_54,eco_sector_agr,2020,123.668
bol,sex_f,age_10yrbands_y45_54,eco_sector_agr,2021,131.024
bol,sex_f,age_10yrbands_y45_54,eco_sector_agr,2022,120.326
bol,sex_f,age_10yrbands_y45_54,eco_sector_agr,2023,136.999
bol,sex_f,age_10yrbands_y45_54,eco_sector_agr,2024,122.283
bol,sex_f,age_10yrbands_y45_54,eco_sector_ind,1989,5.561
bol,sex_f,age_10yrbands_y45_54,eco_sector_ind,1990,5.016
bol,sex_f,age_10yrbands_y45_54,eco_sector_ind,1991,6.113
bol,sex_f,age_10yrbands_y45_54,eco_sector_ind,1992,6.241
bol,sex_f,age_10yrbands_y45_54,eco_sector_ind,1993,8.461
bol,sex_f,age_10yrbands_y45_54,eco_sector_ind,1994,6.624
bol,sex_f,age_10yrbands_y45_54,eco_sector_ind,1995,7.606
bol,sex_f,age_10yrbands_y45_54,eco_sector_ind,1999,34.181
bol,sex_f,age_10yrbands_y45_54,eco_sector_ind,2000,18.405
bol,sex_f,age_10yrbands_y45_54,eco_sector_ind,2001,26.667
bol,sex_f,age_10yrbands_y45_54,eco_sector_ind,2002,23.82
bol,sex_f,age_10yrbands_y45_54,eco_sector_ind,2005,36.239
bol,sex_f,age_10yrbands_y45_54,eco_sector_ind,2006,33.099
bol,sex_f,age_10yrbands_y45_54,eco_sector_ind,2007,37.32
bol,sex_f,age_10yrbands_y45_54,eco_sector_ind,2008,41.678
bol,sex_f,age_10yrbands_y45_54,eco_sector_ind,2009,38.555
bol,sex_f,age_10yrbands_y45_54,eco_sector_ind,2011,21.069
bol,sex_f,age_10yrbands_y45_54,eco_sector_ind,2012,28.103
bol,sex_f,age_10yrbands_y45_54,eco_sector_ind,2013,27.03
bol,sex_f,age_10yrbands_y45_54,eco_sector_ind,2014,35.543
bol,sex_f,age_10yrbands_y45_54,eco_sector_ind,2015,34.266
bol,sex_f,age_10yrbands_y45_54,eco_sector_ind,2016,36.982
bol,sex_f,age_10yrbands_y45_54,eco_sector_ind,2017,38.658
bol,sex_f,age_10yrbands_y45_54,eco_sector_ind,2018,47.129
bol,sex_f,age_10yrbands_y45_54,eco_sector_ind,2019,51.932
bol,sex_f,age_10yrbands_y45_54,eco_sector_ind,2020,39.692
bol,sex_f,age_10yrbands_y45_54,eco_sector_ind,2021,61.984
bol,sex_f,age_10yrbands_y45_54,eco_sector_ind,2022,54.05
bol,sex_f,age_10yrbands_y45_54,eco_sector_ind,2023,64.863
bol,sex_f,age_10yrbands_y45_54,eco_sector_ind,2024,72.938
bol,sex_f,age_10yrbands_y45_54,eco_sector_nag,1989,47.827
bol,sex_f,age_10yrbands_y45_54,eco_sector_nag,1990,46.241
bol,sex_f,age_10yrbands_y45_54,eco_sector_nag,1991,47.763
bol,sex_f,age_10yrbands_y45_54,eco_sector_nag,1992,47.854
bol,sex_f,age_10yrbands_y45_54,eco_sector_nag,1993,57.325
bol,sex_f,age_10yrbands_y45_54,eco_sector_nag,1994,63.237
bol,sex_f,age_10yrbands_y45_54,eco_sector_nag,1995,67.263
bol,sex_f,age_10yrbands_y45_54,eco_sector_nag,1999,266.895
bol,sex_f,age_10yrbands_y45_54,eco_sector_nag,2000,166.53
bol,sex_f,age_10yrbands_y45_54,eco_sector_nag,2001,152.544
bol,sex_f,age_10yrbands_y45_54,eco_sector_nag,2002,153.752
bol,sex_f,age_10yrbands_y45_54,eco_sector_nag,2005,194.01
bol,sex_f,age_10yrbands_y45_54,eco_sector_nag,2006,203.098
bol,sex_f,age_10yrbands_y45_54,eco_sector_nag,2007,213.014
bol,sex_f,age_10yrbands_y45_54,eco_sector_nag,2008,238.141
bol,sex_f,age_10yrbands_y45_54,eco_sector_nag,2009,251.009
bol,sex_f,age_10yrbands_y45_54,eco_sector_nag,2011,245.546
bol,sex_f,age_10yrbands_y45_54,eco_sector_nag,2012,256.293
bol,sex_f,age_10yrbands_y45_54,eco_sector_nag,2013,277.384
bol,sex_f,age_10yrbands_y45_54,eco_sector_nag,2014,268.907
bol,sex_f,age_10yrbands_y45_54,eco_sector_nag,2015,257.908
bol,sex_f,age_10yrbands_y45_54,eco_sector_nag,2016,267.814
bol,sex_f,age_10yrbands_y45_54,eco_sector_nag,2017,280.734
bol,sex_f,age_10yrbands_y45_54,eco_sector_nag,2018,299.515
bol,sex_f,age_10yrbands_y45_54,eco_sector_nag,2019,325.679
bol,sex_f,age_10yrbands_y45_54,eco_sector_nag,2020,323.005
bol,sex_f,age_10yrbands_y45_54,eco_sector_nag,2021,357.557
bol,sex_f,age_10yrbands_y45_54,eco_sector_nag,2022,368.606
bol,sex_f,age_10yrbands_y45_54,eco_sector_nag,2023,388.35
bol,sex_f,age_10yrbands_y45_54,eco_sector_nag,2024,417.248
bol,sex_f,age_10yrbands_y45_54,eco_sector_ser,1989,41.93
bol,sex_f,age_10yrbands_y45_54,eco_sector_ser,1990,40.747
bol,sex_f,age_10yrbands_y45_54,eco_sector_ser,1991,41.65
bol,sex_f,age_10yrbands_y45_54,eco_sector_ser,1992,41.613
bol,sex_f,age_10yrbands_y45_54,eco_sector_ser,1993,48.864
bol,sex_f,age_10yrbands_y45_54,eco_sector_ser,1994,56.613
bol,sex_f,age_10yrbands_y45_54,eco_sector_ser,1995,59.542
bol,sex_f,age_10yrbands_y45_54,eco_sector_ser,1999,229.903
bol,sex_f,age_10yrbands_y45_54,eco_sector_ser,2000,142.578
bol,sex_f,age_10yrbands_y45_54,eco_sector_ser,2001,123.156
bol,sex_f,age_10yrbands_y45_54,eco_sector_ser,2002,129.932
bol,sex_f,age_10yrbands_y45_54,eco_sector_ser,2005,157.771
bol,sex_f,age_10yrbands_y45_54,eco_sector_ser,2006,169.999
bol,sex_f,age_10yrbands_y45_54,eco_sector_ser,2007,175.694
bol,sex_f,age_10yrbands_y45_54,eco_sector_ser,2008,196.463
bol,sex_f,age_10yrbands_y45_54,eco_sector_ser,2009,212.454
bol,sex_f,age_10yrbands_y45_54,eco_sector_ser,2011,224.477
bol,sex_f,age_10yrbands_y45_54,eco_sector_ser,2012,228.19
bol,sex_f,age_10yrbands_y45_54,eco_sector_ser,2013,250.354
bol,sex_f,age_10yrbands_y45_54,eco_sector_ser,2014,233.364
bol,sex_f,age_10yrbands_y45_54,eco_sector_ser,2015,223.45
bol,sex_f,age_10yrbands_y45_54,eco_sector_ser,2016,230.832
bol,sex_f,age_10yrbands_y45_54,eco_sector_ser,2017,242.034
bol,sex_f,age_10yrbands_y45_54,eco_sector_ser,2018,252.387
bol,sex_f,age_10yrbands_y45_54,eco_sector_ser,2019,273.747
bol,sex_f,age_10yrbands_y45_54,eco_sector_ser,2020,283.089
bol,sex_f,age_10yrbands_y45_54,eco_sector_ser,2021,295.573
bol,sex_f,age_10yrbands_y45_54,eco_sector_ser,2022,314.556
bol,sex_f,age_10yrbands_y45_54,eco_sector_ser,2023,323.377
bol,sex_f,age_10yrbands_y45_54,eco_sector_ser,2024,344.247
bol,sex_f,age_10yrbands_y45_54,eco_sector_total,1989,47.827
bol,sex_f,age_10yrbands_y45_54,eco_sector_total,1990,46.241
bol,sex_f,age_10yrbands_y45_54,eco_sector_total,1991,48.349
bol,sex_f,age_10yrbands_y45_54,eco_sector_total,1992,48.396
bol,sex_f,age_10yrbands_y45_54,eco_sector_total,1993,58.231
bol,sex_f,age_10yrbands_y45_54,eco_sector_total,1994,63.412
bol,sex_f,age_10yrbands_y45_54,eco_sector_total,1995,69.022
bol,sex_f,age_10yrbands_y45_54,eco_sector_total,1999,266.895
bol,sex_f,age_10yrbands_y45_54,eco_sector_total,2000,250.675
bol,sex_f,age_10yrbands_y45_54,eco_sector_total,2001,254.372
bol,sex_f,age_10yrbands_y45_54,eco_sector_total,2002,247.279
bol,sex_f,age_10yrbands_y45_54,eco_sector_total,2005,294.895
bol,sex_f,age_10yrbands_y45_54,eco_sector_total,2006,325.903
bol,sex_f,age_10yrbands_y45_54,eco_sector_total,2007,319.528
bol,sex_f,age_10yrbands_y45_54,eco_sector_total,2008,345.915
bol,sex_f,age_10yrbands_y45_54,eco_sector_total,2009,379.855
bol,sex_f,age_10yrbands_y45_54,eco_sector_total,2011,371.818
bol,sex_f,age_10yrbands_y45_54,eco_sector_total,2012,360.228
bol,sex_f,age_10yrbands_y45_54,eco_sector_total,2013,401.491
bol,sex_f,age_10yrbands_y45_54,eco_sector_total,2014,394.117
bol,sex_f,age_10yrbands_y45_54,eco_sector_total,2015,371.389
bol,sex_f,age_10yrbands_y45_54,eco_sector_total,2016,377.969
bol,sex_f,age_10yrbands_y45_54,eco_sector_total,2017,397.978
bol,sex_f,age_10yrbands_y45_54,eco_sector_total,2018,435.112
bol,sex_f,age_10yrbands_y45_54,eco_sector_total,2019,446.578
bol,sex_f,age_10yrbands_y45_54,eco_sector_total,2020,446.673
bol,sex_f,age_10yrbands_y45_54,eco_sector_total,2021,488.581
bol,sex_f,age_10yrbands_y45_54,eco_sector_total,2022,488.932
bol,sex_f,age_10yrbands_y45_54,eco_sector_total,2023,525.35
bol,sex_f,age_10yrbands_y45_54,eco_sector_total,2024,539.531
bol,sex_f,age_10yrbands_y45_54,eco_sector_x,1989,0.336
bol,sex_f,age_10yrbands_y45_54,eco_sector_x,1990,0.478
bol,sex_f,age_10yrbands_y45_54,eco_sector_x,1999,2.811
bol,sex_f,age_10yrbands_y45_54,eco_sector_x,2000,5.547
bol,sex_f,age_10yrbands_y45_54,eco_sector_x,2001,2.721
bol,sex_f,age_10yrbands_y55_64,eco_aggregate_agr,1992,0.903
bol,sex_f,age_10yrbands_y55_64,eco_aggregate_agr,2000,65.575
bol,sex_f,age_10yrbands_y55_64,eco_aggregate_agr,2001,69.288
bol,sex_f,age_10yrbands_y55_64,eco_aggregate_agr,2002,58.43
bol,sex_f,age_10yrbands_y55_64,eco_aggregate_agr,2005,84.994
bol,sex_f,age_10yrbands_y55_64,eco_aggregate_agr,2006,79.787
bol,sex_f,age_10yrbands_y55_64,eco_aggregate_agr,2007,97.435
bol,sex_f,age_10yrbands_y55_64,eco_aggregate_agr,2008,95.737
bol,sex_f,age_10yrbands_y55_64,eco_aggregate_agr,2009,99.908
bol,sex_f,age_10yrbands_y55_64,eco_aggregate_agr,2011,101.528
bol,sex_f,age_10yrbands_y55_64,eco_aggregate_agr,2012,93.101
bol,sex_f,age_10yrbands_y55_64,eco_aggregate_agr,2013,114.794
bol,sex_f,age_10yrbands_y55_64,eco_aggregate_agr,2014,124.675
bol,sex_f,age_10yrbands_y55_64,eco_aggregate_agr,2015,112.391
bol,sex_f,age_10yrbands_y55_64,eco_aggregate_agr,2016,100.178
bol,sex_f,age_10yrbands_y55_64,eco_aggregate_agr,2017,117.731
bol,sex_f,age_10yrbands_y55_64,eco_aggregate_agr,2018,129.824
bol,sex_f,age_10yrbands_y55_64,eco_aggregate_agr,2019,124.965
bol,sex_f,age_10yrbands_y55_64,eco_aggregate_agr,2020,124.431
bol,sex_f,age_10yrbands_y55_64,eco_aggregate_agr,2021,130.117
bol,sex_f,age_10yrbands_y55_64,eco_aggregate_agr,2022,125.362
bol,sex_f,age_10yrbands_y55_64,eco_aggregate_agr,2023,126.356
bol,sex_f,age_10yrbands_y55_64,eco_aggregate_agr,2024,136.133
bol,sex_f,age_10yrbands_y55_64,eco_aggregate_con,1991,0
bol,sex_f,age_10yrbands_y55_64,eco_aggregate_con,1993,0
bol,sex_f,age_10yrbands_y55_64,eco_aggregate_con,1994,0
bol,sex_f,age_10yrbands_y55_64,eco_aggregate_con,1995,0
bol,sex_f,age_10yrbands_y55_64,eco_aggregate_con,2000,0
bol,sex_f,age_10yrbands_y55_64,eco_aggregate_con,2001,0
bol,sex_f,age_10yrbands_y55_64,eco_aggregate_con,2002,0
bol,sex_f,age_10yrbands_y55_64,eco_aggregate_con,2006,0
bol,sex_f,age_10yrbands_y55_64,eco_aggregate_con,2007,0
bol,sex_f,age_10yrbands_y55_64,eco_aggregate_con,2008,0
bol,sex_f,age_10yrbands_y55_64,eco_aggregate_con,2009,0
bol,sex_f,age_10yrbands_y55_64,eco_aggregate_con,2015,0
bol,sex_f,age_10yrbands_y55_64,eco_aggregate_con,2016,0.402
bol,sex_f,age_10yrbands_y55_64,eco_aggregate_con,2018,0.593
bol,sex_f,age_10yrbands_y55_64,eco_aggregate_con,2019,1.012
bol,sex_f,age_10yrbands_y55_64,eco_aggregate_con,2021,0.566
bol,sex_f,age_10yrbands_y55_64,eco_aggregate_con,2022,0.535
bol,sex_f,age_10yrbands_y55_64,eco_aggregate_con,2023,1.048
bol,sex_f,age_10yrbands_y55_64,eco_aggregate_con,2024,0.635
bol,sex_f,age_10yrbands_y55_64,eco_aggregate_man,1989,2.774
bol,sex_f,age_10yrbands_y55_64,eco_aggregate_man,1990,1.518
bol,sex_f,age_10yrbands_y55_64,eco_aggregate_man,1991,1.722
bol,sex_f,age_10yrbands_y55_64,eco_aggregate_man,1992,2.938
bol,sex_f,age_10yrbands_y55_64,eco_aggregate_man,1993,3.375
bol,sex_f,age_10yrbands_y55_64,eco_aggregate_man,1994,3.244
bol,sex_f,age_10yrbands_y55_64,eco_aggregate_man,1995,3.347
bol,sex_f,age_10yrbands_y55_64,eco_aggregate_man,1999,6.91
bol,sex_f,age_10yrbands_y55_64,eco_aggregate_man,2000,6.268
bol,sex_f,age_10yrbands_y55_64,eco_aggregate_man,2001,7.308
bol,sex_f,age_10yrbands_y55_64,eco_aggregate_man,2002,11.665
bol,sex_f,age_10yrbands_y55_64,eco_aggregate_man,2005,12.915
bol,sex_f,age_10yrbands_y55_64,eco_aggregate_man,2006,13.161
bol,sex_f,age_10yrbands_y55_64,eco_aggregate_man,2007,11.21
bol,sex_f,age_10yrbands_y55_64,eco_aggregate_man,2008,16.608
bol,sex_f,age_10yrbands_y55_64,eco_aggregate_man,2009,12.285
bol,sex_f,age_10yrbands_y55_64,eco_aggregate_man,2011,8.253
bol,sex_f,age_10yrbands_y55_64,eco_aggregate_man,2012,12.235
bol,sex_f,age_10yrbands_y55_64,eco_aggregate_man,2013,12.462
bol,sex_f,age_10yrbands_y55_64,eco_aggregate_man,2014,16.575
bol,sex_f,age_10yrbands_y55_64,eco_aggregate_man,2015,11.462
bol,sex_f,age_10yrbands_y55_64,eco_aggregate_man,2016,20.398
bol,sex_f,age_10yrbands_y55_64,eco_aggregate_man,2017,20.494
bol,sex_f,age_10yrbands_y55_64,eco_aggregate_man,2018,23.902
bol,sex_f,age_10yrbands_y55_64,eco_aggregate_man,2019,30.179
bol,sex_f,age_10yrbands_y55_64,eco_aggregate_man,2020,18.363
bol,sex_f,age_10yrbands_y55_64,eco_aggregate_man,2021,35.647
bol,sex_f,age_10yrbands_y55_64,eco_aggregate_man,2022,40.725
bol,sex_f,age_10yrbands_y55_64,eco_aggregate_man,2023,38.24
bol,sex_f,age_10yrbands_y55_64,eco_aggregate_man,2024,44.216
bol,sex_f,age_10yrbands_y55_64,eco_aggregate_mel,1989,0.392
bol,sex_f,age_10yrbands_y55_64,eco_aggregate_mel,1991,0
bol,sex_f,age_10yrbands_y55_64,eco_aggregate_mel,2001,0
bol,sex_f,age_10yrbands_y55_64,eco_aggregate_mel,2005,2.135
bol,sex_f,age_10yrbands_y55_64,eco_aggregate_mel,2012,3.072
bol,sex_f,age_10yrbands_y55_64,eco_aggregate_mel,2016,0.798
bol,sex_f,age_10yrbands_y55_64,eco_aggregate_mel,2017,0.691
bol,sex_f,age_10yrbands_y55_64,eco_aggregate_mel,2018,0.894
bol,sex_f,age_10yrbands_y55_64,eco_aggregate_mel,2019,0.793
bol,sex_f,age_10yrbands_y55_64,eco_aggregate_mel,2021,0.798
bol,sex_f,age_10yrbands_y55_64,eco_aggregate_mel,2022,1.242
bol,sex_f,age_10yrbands_y55_64,eco_aggregate_mel,2023,1.899
bol,sex_f,age_10yrbands_y55_64,eco_aggregate_mel,2024,1.391
bol,sex_f,age_10yrbands_y55_64,eco_aggregate_mkt,1989,14.767
bol,sex_f,age_10yrbands_y55_64,eco_aggregate_mkt,1990,14.764
bol,sex_f,age_10yrbands_y55_64,eco_aggregate_mkt,1991,13.227
bol,sex_f,age_10yrbands_y55_64,eco_aggregate_mkt,1992,13.827
bol,sex_f,age_10yrbands_y55_64,eco_aggregate_mkt,1993,18.756
bol,sex_f,age_10yrbands_y55_64,eco_aggregate_mkt,1994,13.925
bol,sex_f,age_10yrbands_y55_64,eco_aggregate_mkt,1995,15.068
bol,sex_f,age_10yrbands_y55_64,eco_aggregate_mkt,1999,133.159
bol,sex_f,age_10yrbands_y55_64,eco_aggregate_mkt,2000,39.46
bol,sex_f,age_10yrbands_y55_64,eco_aggregate_mkt,2001,32.455
bol,sex_f,age_10yrbands_y55_64,eco_aggregate_mkt,2002,41.953
bol,sex_f,age_10yrbands_y55_64,eco_aggregate_mkt,2005,74.022
bol,sex_f,age_10yrbands_y55_64,eco_aggregate_mkt,2006,42.795
bol,sex_f,age_10yrbands_y55_64,eco_aggregate_mkt,2007,49.779
bol,sex_f,age_10yrbands_y55_64,eco_aggregate_mkt,2008,70.459
bol,sex_f,age_10yrbands_y55_64,eco_aggregate_mkt,2009,62.253
bol,sex_f,age_10yrbands_y55_64,eco_aggregate_mkt,2011,81.933
bol,sex_f,age_10yrbands_y55_64,eco_aggregate_mkt,2012,77.965
bol,sex_f,age_10yrbands_y55_64,eco_aggregate_mkt,2013,93.089
bol,sex_f,age_10yrbands_y55_64,eco_aggregate_mkt,2014,89.906
bol,sex_f,age_10yrbands_y55_64,eco_aggregate_mkt,2015,88.586
bol,sex_f,age_10yrbands_y55_64,eco_aggregate_mkt,2016,99.135
bol,sex_f,age_10yrbands_y55_64,eco_aggregate_mkt,2017,108.255
bol,sex_f,age_10yrbands_y55_64,eco_aggregate_mkt,2018,120.733
bol,sex_f,age_10yrbands_y55_64,eco_aggregate_mkt,2019,128.455
bol,sex_f,age_10yrbands_y55_64,eco_aggregate_mkt,2020,118.089
bol,sex_f,age_10yrbands_y55_64,eco_aggregate_mkt,2021,123.567
bol,sex_f,age_10yrbands_y55_64,eco_aggregate_mkt,2022,130.95
bol,sex_f,age_10yrbands_y55_64,eco_aggregate_mkt,2023,141.748
bol,sex_f,age_10yrbands_y55_64,eco_aggregate_mkt,2024,151.039
bol,sex_f,age_10yrbands_y55_64,eco_aggregate_pub,1989,3.848
bol,sex_f,age_10yrbands_y55_64,eco_aggregate_pub,1990,4.118
bol,sex_f,age_10yrbands_y55_64,eco_aggregate_pub,1991,5.632
bol,sex_f,age_10yrbands_y55_64,eco_aggregate_pub,1992,4.911
bol,sex_f,age_10yrbands_y55_64,eco_aggregate_pub,1993,6.571
bol,sex_f,age_10yrbands_y55_64,eco_aggregate_pub,1994,4.405
bol,sex_f,age_10yrbands_y55_64,eco_aggregate_pub,1995,5.466
bol,sex_f,age_10yrbands_y55_64,eco_aggregate_pub,1999,11.807
bol,sex_f,age_10yrbands_y55_64,eco_aggregate_pub,2000,14.197
bol,sex_f,age_10yrbands_y55_64,eco_aggregate_pub,2001,11.216
bol,sex_f,age_10yrbands_y55_64,eco_aggregate_pub,2002,8.191
bol,sex_f,age_10yrbands_y55_64,eco_aggregate_pub,2005,13.502
bol,sex_f,age_10yrbands_y55_64,eco_aggregate_pub,2006,20.107
bol,sex_f,age_10yrbands_y55_64,eco_aggregate_pub,2007,30.702
bol,sex_f,age_10yrbands_y55_64,eco_aggregate_pub,2008,22.393
bol,sex_f,age_10yrbands_y55_64,eco_aggregate_pub,2009,38.464
bol,sex_f,age_10yrbands_y55_64,eco_aggregate_pub,2011,37.848
bol,sex_f,age_10yrbands_y55_64,eco_aggregate_pub,2012,41.677
bol,sex_f,age_10yrbands_y55_64,eco_aggregate_pub,2013,43.729
bol,sex_f,age_10yrbands_y55_64,eco_aggregate_pub,2014,40.499
bol,sex_f,age_10yrbands_y55_64,eco_aggregate_pub,2015,40.436
bol,sex_f,age_10yrbands_y55_64,eco_aggregate_pub,2016,41.619
bol,sex_f,age_10yrbands_y55_64,eco_aggregate_pub,2017,42.84
bol,sex_f,age_10yrbands_y55_64,eco_aggregate_pub,2018,46.809
bol,sex_f,age_10yrbands_y55_64,eco_aggregate_pub,2019,51.303
bol,sex_f,age_10yrbands_y55_64,eco_aggregate_pub,2020,47.742
bol,sex_f,age_10yrbands_y55_64,eco_aggregate_pub,2021,47.342
bol,sex_f,age_10yrbands_y55_64,eco_aggregate_pub,2022,56.824
bol,sex_f,age_10yrbands_y55_64,eco_aggregate_pub,2023,62.536
bol,sex_f,age_10yrbands_y55_64,eco_aggregate_pub,2024,69.223
bol,sex_f,age_10yrbands_y55_64,eco_aggregate_total,1989,22.098
bol,sex_f,age_10yrbands_y55_64,eco_aggregate_total,1990,20.76
bol,sex_f,age_10yrbands_y55_64,eco_aggregate_total,1991,21.014
bol,sex_f,age_10yrbands_y55_64,eco_aggregate_total,1992,22.817
bol,sex_f,age_10yrbands_y55_64,eco_aggregate_total,1993,29.144
bol,sex_f,age_10yrbands_y55_64,eco_aggregate_total,1994,21.791
bol,sex_f,age_10yrbands_y55_64,eco_aggregate_total,1995,24.54
bol,sex_f,age_10yrbands_y55_64,eco_aggregate_total,1999,155.298
bol,sex_f,age_10yrbands_y55_64,eco_aggregate_total,2000,127.568
bol,sex_f,age_10yrbands_y55_64,eco_aggregate_total,2001,123.647
bol,sex_f,age_10yrbands_y55_64,eco_aggregate_total,2002,120.543
bol,sex_f,age_10yrbands_y55_64,eco_aggregate_total,2005,187.977
bol,sex_f,age_10yrbands_y55_64,eco_aggregate_total,2006,155.85
bol,sex_f,age_10yrbands_y55_64,eco_aggregate_total,2007,189.126
bol,sex_f,age_10yrbands_y55_64,eco_aggregate_total,2008,205.197
bol,sex_f,age_10yrbands_y55_64,eco_aggregate_total,2009,212.91
bol,sex_f,age_10yrbands_y55_64,eco_aggregate_total,2011,232.597
bol,sex_f,age_10yrbands_y55_64,eco_aggregate_total,2012,228.261
bol,sex_f,age_10yrbands_y55_64,eco_aggregate_total,2013,266.117
bol,sex_f,age_10yrbands_y55_64,eco_aggregate_total,2014,274.467
bol,sex_f,age_10yrbands_y55_64,eco_aggregate_total,2015,253.536
bol,sex_f,age_10yrbands_y55_64,eco_aggregate_total,2016,262.529
bol,sex_f,age_10yrbands_y55_64,eco_aggregate_total,2017,290.134
bol,sex_f,age_10yrbands_y55_64,eco_aggregate_total,2018,322.756
bol,sex_f,age_10yrbands_y55_64,eco_aggregate_total,2019,336.706
bol,sex_f,age_10yrbands_y55_64,eco_aggregate_total,2020,309.685
bol,sex_f,age_10yrbands_y55_64,eco_aggregate_total,2021,338.038
bol,sex_f,age_10yrbands_y55_64,eco_aggregate_total,2022,355.637
bol,sex_f,age_10yrbands_y55_64,eco_aggregate_total,2023,371.827
bol,sex_f,age_10yrbands_y55_64,eco_aggregate_total,2024,402.637
bol,sex_f,age_10yrbands_y55_64,eco_aggregate_x,1989,0.318
bol,sex_f,age_10yrbands_y55_64,eco_aggregate_x,2000,2.068
bol,sex_f,age_10yrbands_y55_64,eco_aggregate_x,2001,3.38
bol,sex_f,age_10yrbands_y55_64,eco_sector_agr,1992,0.903
bol,sex_f,age_10yrbands_y55_64,eco_sector_agr,2000,65.575
bol,sex_f,age_10yrbands_y55_64,eco_sector_agr,2001,69.288
bol,sex_f,age_10yrbands_y55_64,eco_sector_agr,2002,58.43
bol,sex_f,age_10yrbands_y55_64,eco_sector_agr,2005,84.994
bol,sex_f,age_10yrbands_y55_64,eco_sector_agr,2006,79.787
bol,sex_f,age_10yrbands_y55_64,eco_sector_agr,2007,97.435
bol,sex_f,age_10yrbands_y55_64,eco_sector_agr,2008,95.737
bol,sex_f,age_10yrbands_y55_64,eco_sector_agr,2009,99.908
bol,sex_f,age_10yrbands_y55_64,eco_sector_agr,2011,101.528
bol,sex_f,age_10yrbands_y55_64,eco_sector_agr,2012,93.101
bol,sex_f,age_10yrbands_y55_64,eco_sector_agr,2013,114.794
bol,sex_f,age_10yrbands_y55_64,eco_sector_agr,2014,124.675
bol,sex_f,age_10yrbands_y55_64,eco_sector_agr,2015,112.391
bol,sex_f,age_10yrbands_y55_64,eco_sector_agr,2016,100.178
bol,sex_f,age_10yrbands_y55_64,eco_sector_agr,2017,117.731
bol,sex_f,age_10yrbands_y55_64,eco_sector_agr,2018,129.824
bol,sex_f,age_10yrbands_y55_64,eco_sector_agr,2019,124.965
bol,sex_f,age_10yrbands_y55_64,eco_sector_agr,2020,124.431
bol,sex_f,age_10yrbands_y55_64,eco_sector_agr,2021,130.117
bol,sex_f,age_10yrbands_y55_64,eco_sector_agr,2022,125.362
bol,sex_f,age_10yrbands_y55_64,eco_sector_agr,2023,126.356
bol,sex_f,age_10yrbands_y55_64,eco_sector_agr,2024,136.133
bol,sex_f,age_10yrbands_y55_64,eco_sector_ind,1989,3.166
bol,sex_f,age_10yrbands_y55_64,eco_sector_ind,1990,1.548
bol,sex_f,age_10yrbands_y55_64,eco_sector_ind,1991,1.722
bol,sex_f,age_10yrbands_y55_64,eco_sector_ind,1992,3.176
bol,sex_f,age_10yrbands_y55_64,eco_sector_ind,1993,3.375
bol,sex_f,age_10yrbands_y55_64,eco_sector_ind,1994,3.244
bol,sex_f,age_10yrbands_y55_64,eco_sector_ind,1995,3.453
bol,sex_f,age_10yrbands_y55_64,eco_sector_ind,1999,10.316
bol,sex_f,age_10yrbands_y55_64,eco_sector_ind,2000,6.268
bol,sex_f,age_10yrbands_y55_64,eco_sector_ind,2001,7.308
bol,sex_f,age_10yrbands_y55_64,eco_sector_ind,2002,11.969
bol,sex_f,age_10yrbands_y55_64,eco_sector_ind,2005,15.459
bol,sex_f,age_10yrbands_y55_64,eco_sector_ind,2006,13.161
bol,sex_f,age_10yrbands_y55_64,eco_sector_ind,2007,11.21
bol,sex_f,age_10yrbands_y55_64,eco_sector_ind,2008,16.608
bol,sex_f,age_10yrbands_y55_64,eco_sector_ind,2009,12.285
bol,sex_f,age_10yrbands_y55_64,eco_sector_ind,2011,11.288
bol,sex_f,age_10yrbands_y55_64,eco_sector_ind,2012,15.518
bol,sex_f,age_10yrbands_y55_64,eco_sector_ind,2013,14.505
bol,sex_f,age_10yrbands_y55_64,eco_sector_ind,2014,19.074
bol,sex_f,age_10yrbands_y55_64,eco_sector_ind,2015,12.123
bol,sex_f,age_10yrbands_y55_64,eco_sector_ind,2016,21.597
bol,sex_f,age_10yrbands_y55_64,eco_sector_ind,2017,21.308
bol,sex_f,age_10yrbands_y55_64,eco_sector_ind,2018,25.389
bol,sex_f,age_10yrbands_y55_64,eco_sector_ind,2019,31.984
bol,sex_f,age_10yrbands_y55_64,eco_sector_ind,2020,19.423
bol,sex_f,age_10yrbands_y55_64,eco_sector_ind,2021,37.011
bol,sex_f,age_10yrbands_y55_64,eco_sector_ind,2022,42.502
bol,sex_f,age_10yrbands_y55_64,eco_sector_ind,2023,41.188
bol,sex_f,age_10yrbands_y55_64,eco_sector_ind,2024,46.242
bol,sex_f,age_10yrbands_y55_64,eco_sector_nag,1989,22.098
bol,sex_f,age_10yrbands_y55_64,eco_sector_nag,1990,20.76
bol,sex_f,age_10yrbands_y55_64,eco_sector_nag,1991,20.581
bol,sex_f,age_10yrbands_y55_64,eco_sector_nag,1992,21.914
bol,sex_f,age_10yrbands_y55_64,eco_sector_nag,1993,28.702
bol,sex_f,age_10yrbands_y55_64,eco_sector_nag,1994,21.574
bol,sex_f,age_10yrbands_y55_64,eco_sector_nag,1995,23.987
bol,sex_f,age_10yrbands_y55_64,eco_sector_nag,1999,155.298
bol,sex_f,age_10yrbands_y55_64,eco_sector_nag,2000,61.993
bol,sex_f,age_10yrbands_y55_64,eco_sector_nag,2001,54.359
bol,sex_f,age_10yrbands_y55_64,eco_sector_nag,2002,62.113
bol,sex_f,age_10yrbands_y55_64,eco_sector_nag,2005,102.983
bol,sex_f,age_10yrbands_y55_64,eco_sector_nag,2006,76.063
bol,sex_f,age_10yrbands_y55_64,eco_sector_nag,2007,91.691
bol,sex_f,age_10yrbands_y55_64,eco_sector_nag,2008,109.46
bol,sex_f,age_10yrbands_y55_64,eco_sector_nag,2009,113.002
bol,sex_f,age_10yrbands_y55_64,eco_sector_nag,2011,131.069
bol,sex_f,age_10yrbands_y55_64,eco_sector_nag,2012,135.16
bol,sex_f,age_10yrbands_y55_64,eco_sector_nag,2013,151.323
bol,sex_f,age_10yrbands_y55_64,eco_sector_nag,2014,149.792
bol,sex_f,age_10yrbands_y55_64,eco_sector_nag,2015,141.145
bol,sex_f,age_10yrbands_y55_64,eco_sector_nag,2016,162.351
bol,sex_f,age_10yrbands_y55_64,eco_sector_nag,2017,172.403
bol,sex_f,age_10yrbands_y55_64,eco_sector_nag,2018,192.932
bol,sex_f,age_10yrbands_y55_64,eco_sector_nag,2019,211.742
bol,sex_f,age_10yrbands_y55_64,eco_sector_nag,2020,185.254
bol,sex_f,age_10yrbands_y55_64,eco_sector_nag,2021,207.921
bol,sex_f,age_10yrbands_y55_64,eco_sector_nag,2022,230.275
bol,sex_f,age_10yrbands_y55_64,eco_sector_nag,2023,245.471
bol,sex_f,age_10yrbands_y55_64,eco_sector_nag,2024,266.504
bol,sex_f,age_10yrbands_y55_64,eco_sector_ser,1989,18.614
bol,sex_f,age_10yrbands_y55_64,eco_sector_ser,1990,18.882
bol,sex_f,age_10yrbands_y55_64,eco_sector_ser,1991,18.859
bol,sex_f,age_10yrbands_y55_64,eco_sector_ser,1992,18.738
bol,sex_f,age_10yrbands_y55_64,eco_sector_ser,1993,25.327
bol,sex_f,age_10yrbands_y55_64,eco_sector_ser,1994,18.33
bol,sex_f,age_10yrbands_y55_64,eco_sector_ser,1995,20.534
bol,sex_f,age_10yrbands_y55_64,eco_sector_ser,1999,144.966
bol,sex_f,age_10yrbands_y55_64,eco_sector_ser,2000,53.657
bol,sex_f,age_10yrbands_y55_64,eco_sector_ser,2001,43.671
bol,sex_f,age_10yrbands_y55_64,eco_sector_ser,2002,50.144
bol,sex_f,age_10yrbands_y55_64,eco_sector_ser,2005,87.524
bol,sex_f,age_10yrbands_y55_64,eco_sector_ser,2006,62.902
bol,sex_f,age_10yrbands_y55_64,eco_sector_ser,2007,80.481
bol,sex_f,age_10yrbands_y55_64,eco_sector_ser,2008,92.852
bol,sex_f,age_10yrbands_y55_64,eco_sector_ser,2009,100.717
bol,sex_f,age_10yrbands_y55_64,eco_sector_ser,2011,119.781
bol,sex_f,age_10yrbands_y55_64,eco_sector_ser,2012,119.642
bol,sex_f,age_10yrbands_y55_64,eco_sector_ser,2013,136.818
bol,sex_f,age_10yrbands_y55_64,eco_sector_ser,2014,130.405
bol,sex_f,age_10yrbands_y55_64,eco_sector_ser,2015,129.022
bol,sex_f,age_10yrbands_y55_64,eco_sector_ser,2016,140.754
bol,sex_f,age_10yrbands_y55_64,eco_sector_ser,2017,151.095
bol,sex_f,age_10yrbands_y55_64,eco_sector_ser,2018,167.543
bol,sex_f,age_10yrbands_y55_64,eco_sector_ser,2019,179.758
bol,sex_f,age_10yrbands_y55_64,eco_sector_ser,2020,165.831
bol,sex_f,age_10yrbands_y55_64,eco_sector_ser,2021,170.91
bol,sex_f,age_10yrbands_y55_64,eco_sector_ser,2022,187.774
bol,sex_f,age_10yrbands_y55_64,eco_sector_ser,2023,204.283
bol,sex_f,age_10yrbands_y55_64,eco_sector_ser,2024,220.263
bol,sex_f,age_10yrbands_y55_64,eco_sector_total,1989,22.098
bol,sex_f,age_10yrbands_y55_64,eco_sector_total,1990,20.76
bol,sex_f,age_10yrbands_y55_64,eco_sector_total,1991,21.014
bol,sex_f,age_10yrbands_y55_64,eco_sector_total,1992,22.817
bol,sex_f,age_10yrbands_y55_64,eco_sector_total,1993,29.144
bol,sex_f,age_10yrbands_y55_64,eco_sector_total,1994,21.791
bol,sex_f,age_10yrbands_y55_64,eco_sector_total,1995,24.54
bol,sex_f,age_10yrbands_y55_64,eco_sector_total,1999,155.298
bol,sex_f,age_10yrbands_y55_64,eco_sector_total,2000,127.568
bol,sex_f,age_10yrbands_y55_64,eco_sector_total,2001,123.647
bol,sex_f,age_10yrbands_y55_64,eco_sector_total,2002,120.543
bol,sex_f,age_10yrbands_y55_64,eco_sector_total,2005,187.977
bol,sex_f,age_10yrbands_y55_64,eco_sector_total,2006,155.85
bol,sex_f,age_10yrbands_y55_64,eco_sector_total,2007,189.126
bol,sex_f,age_10yrbands_y55_64,eco_sector_total,2008,205.197
bol,sex_f,age_10yrbands_y55_64,eco_sector_total,2009,212.91
bol,sex_f,age_10yrbands_y55_64,eco_sector_total,2011,232.597
bol,sex_f,age_10yrbands_y55_64,eco_sector_total,2012,228.261
bol,sex_f,age_10yrbands_y55_64,eco_sector_total,2013,266.117
bol,sex_f,age_10yrbands_y55_64,eco_sector_total,2014,274.467
bol,sex_f,age_10yrbands_y55_64,eco_sector_total,2015,253.536
bol,sex_f,age_10yrbands_y55_64,eco_sector_total,2016,262.529
bol,sex_f,age_10yrbands_y55_64,eco_sector_total,2017,290.134
bol,sex_f,age_10yrbands_y55_64,eco_sector_total,2018,322.756
bol,sex_f,age_10yrbands_y55_64,eco_sector_total,2019,336.706
bol,sex_f,age_10yrbands_y55_64,eco_sector_total,2020,309.685
bol,sex_f,age_10yrbands_y55_64,eco_sector_total,2021,338.038
bol,sex_f,age_10yrbands_y55_64,eco_sector_total,2022,355.637
bol,sex_f,age_10yrbands_y55_64,eco_sector_total,2023,371.827
bol,sex_f,age_10yrbands_y55_64,eco_sector_total,2024,402.637
bol,sex_f,age_10yrbands_y55_64,eco_sector_x,1989,0.318
bol,sex_f,age_10yrbands_y55_64,eco_sector_x,2000,2.068
bol,sex_f,age_10yrbands_y55_64,eco_sector_x,2001,3.38
bol,sex_f,age_10yrbands_yge65,eco_aggregate_agr,1995,0
bol,sex_f,age_10yrbands_yge65,eco_aggregate_agr,2000,55.351
bol,sex_f,age_10yrbands_yge65,eco_aggregate_agr,2001,71.093
bol,sex_f,age_10yrbands_yge65,eco_aggregate_agr,2002,59.766
bol,sex_f,age_10yrbands_yge65,eco_aggregate_agr,2005,89.855
bol,sex_f,age_10yrbands_yge65,eco_aggregate_agr,2006,74.565
bol,sex_f,age_10yrbands_yge65,eco_aggregate_agr,2007,101.175
bol,sex_f,age_10yrbands_yge65,eco_aggregate_agr,2008,77.666
bol,sex_f,age_10yrbands_yge65,eco_aggregate_agr,2009,77.823
bol,sex_f,age_10yrbands_yge65,eco_aggregate_agr,2011,77.172
bol,sex_f,age_10yrbands_yge65,eco_aggregate_agr,2012,75.247
bol,sex_f,age_10yrbands_yge65,eco_aggregate_agr,2013,118.522
bol,sex_f,age_10yrbands_yge65,eco_aggregate_agr,2014,96.874
bol,sex_f,age_10yrbands_yge65,eco_aggregate_agr,2015,97.492
bol,sex_f,age_10yrbands_yge65,eco_aggregate_agr,2016,89.328
bol,sex_f,age_10yrbands_yge65,eco_aggregate_agr,2017,116.273
bol,sex_f,age_10yrbands_yge65,eco_aggregate_agr,2018,133.48
bol,sex_f,age_10yrbands_yge65,eco_aggregate_agr,2019,115.586
bol,sex_f,age_10yrbands_yge65,eco_aggregate_agr,2020,126.687
bol,sex_f,age_10yrbands_yge65,eco_aggregate_agr,2021,142.821
bol,sex_f,age_10yrbands_yge65,eco_aggregate_agr,2022,118.457
bol,sex_f,age_10yrbands_yge65,eco_aggregate_agr,2023,139.009
bol,sex_f,age_10yrbands_yge65,eco_aggregate_agr,2024,144.35
bol,sex_f,age_10yrbands_yge65,eco_aggregate_con,1992,0
bol,sex_f,age_10yrbands_yge65,eco_aggregate_con,1995,0
bol,sex_f,age_10yrbands_yge65,eco_aggregate_con,2000,0
bol,sex_f,age_10yrbands_yge65,eco_aggregate_con,2011,0
bol,sex_f,age_10yrbands_yge65,eco_aggregate_con,2012,0
bol,sex_f,age_10yrbands_yge65,eco_aggregate_con,2013,0
bol,sex_f,age_10yrbands_yge65,eco_aggregate_con,2014,0
bol,sex_f,age_10yrbands_yge65,eco_aggregate_con,2020,0
bol,sex_f,age_10yrbands_yge65,eco_aggregate_con,2023,0.173
bol,sex_f,age_10yrbands_yge65,eco_aggregate_con,2024,0.308
bol,sex_f,age_10yrbands_yge65,eco_aggregate_man,1989,1.054
bol,sex_f,age_10yrbands_yge65,eco_aggregate_man,1990,0.74
bol,sex_f,age_10yrbands_yge65,eco_aggregate_man,1991,0.776
bol,sex_f,age_10yrbands_yge65,eco_aggregate_man,1992,1.069
bol,sex_f,age_10yrbands_yge65,eco_aggregate_man,1993,0.794
bol,sex_f,age_10yrbands_yge65,eco_aggregate_man,1994,1.065
bol,sex_f,age_10yrbands_yge65,eco_aggregate_man,1995,2
bol,sex_f,age_10yrbands_yge65,eco_aggregate_man,2000,4.584
bol,sex_f,age_10yrbands_yge65,eco_aggregate_man,2001,6.743
bol,sex_f,age_10yrbands_yge65,eco_aggregate_man,2002,4.156
bol,sex_f,age_10yrbands_yge65,eco_aggregate_man,2005,8.121
bol,sex_f,age_10yrbands_yge65,eco_aggregate_man,2006,10.95
bol,sex_f,age_10yrbands_yge65,eco_aggregate_man,2007,14.189
bol,sex_f,age_10yrbands_yge65,eco_aggregate_man,2008,12.725
bol,sex_f,age_10yrbands_yge65,eco_aggregate_man,2009,9.29
bol,sex_f,age_10yrbands_yge65,eco_aggregate_man,2011,3.408
bol,sex_f,age_10yrbands_yge65,eco_aggregate_man,2012,8.11
bol,sex_f,age_10yrbands_yge65,eco_aggregate_man,2013,4.379
bol,sex_f,age_10yrbands_yge65,eco_aggregate_man,2014,8.9
bol,sex_f,age_10yrbands_yge65,eco_aggregate_man,2015,6.8
bol,sex_f,age_10yrbands_yge65,eco_aggregate_man,2016,8.945
bol,sex_f,age_10yrbands_yge65,eco_aggregate_man,2017,11.396
bol,sex_f,age_10yrbands_yge65,eco_aggregate_man,2018,11.324
bol,sex_f,age_10yrbands_yge65,eco_aggregate_man,2019,13.682
bol,sex_f,age_10yrbands_yge65,eco_aggregate_man,2020,6.83
bol,sex_f,age_10yrbands_yge65,eco_aggregate_man,2021,20.466
bol,sex_f,age_10yrbands_yge65,eco_aggregate_man,2022,19.244
bol,sex_f,age_10yrbands_yge65,eco_aggregate_man,2023,22.294
bol,sex_f,age_10yrbands_yge65,eco_aggregate_man,2024,27.338
bol,sex_f,age_10yrbands_yge65,eco_aggregate_mel,1989,0.148
bol,sex_f,age_10yrbands_yge65,eco_aggregate_mel,2018,0.255
bol,sex_f,age_10yrbands_yge65,eco_aggregate_mel,2021,0.6
bol,sex_f,age_10yrbands_yge65,eco_aggregate_mel,2022,0.657
bol,sex_f,age_10yrbands_yge65,eco_aggregate_mel,2023,0.706
bol,sex_f,age_10yrbands_yge65,eco_aggregate_mel,2024,1.14
bol,sex_f,age_10yrbands_yge65,eco_aggregate_mkt,1989,8.4
bol,sex_f,age_10yrbands_yge65,eco_aggregate_mkt,1990,6.266
bol,sex_f,age_10yrbands_yge65,eco_aggregate_mkt,1991,9.244
bol,sex_f,age_10yrbands_yge65,eco_aggregate_mkt,1992,7.924
bol,sex_f,age_10yrbands_yge65,eco_aggregate_mkt,1993,7.007
bol,sex_f,age_10yrbands_yge65,eco_aggregate_mkt,1994,10.559
bol,sex_f,age_10yrbands_yge65,eco_aggregate_mkt,1995,9.328
bol,sex_f,age_10yrbands_yge65,eco_aggregate_mkt,1999,96.387
bol,sex_f,age_10yrbands_yge65,eco_aggregate_mkt,2000,22.241
bol,sex_f,age_10yrbands_yge65,eco_aggregate_mkt,2001,22.816
bol,sex_f,age_10yrbands_yge65,eco_aggregate_mkt,2002,22.172
bol,sex_f,age_10yrbands_yge65,eco_aggregate_mkt,2005,24.067
bol,sex_f,age_10yrbands_yge65,eco_aggregate_mkt,2006,25.361
bol,sex_f,age_10yrbands_yge65,eco_aggregate_mkt,2007,39.505
bol,sex_f,age_10yrbands_yge65,eco_aggregate_mkt,2008,37.616
bol,sex_f,age_10yrbands_yge65,eco_aggregate_mkt,2009,32.928
bol,sex_f,age_10yrbands_yge65,eco_aggregate_mkt,2011,40.964
bol,sex_f,age_10yrbands_yge65,eco_aggregate_mkt,2012,42.862
bol,sex_f,age_10yrbands_yge65,eco_aggregate_mkt,2013,47.946
bol,sex_f,age_10yrbands_yge65,eco_aggregate_mkt,2014,45.682
bol,sex_f,age_10yrbands_yge65,eco_aggregate_mkt,2015,47.061
bol,sex_f,age_10yrbands_yge65,eco_aggregate_mkt,2016,55.028
bol,sex_f,age_10yrbands_yge65,eco_aggregate_mkt,2017,61.956
bol,sex_f,age_10yrbands_yge65,eco_aggregate_mkt,2018,67.92
bol,sex_f,age_10yrbands_yge65,eco_aggregate_mkt,2019,66.885
bol,sex_f,age_10yrbands_yge65,eco_aggregate_mkt,2020,54.214
bol,sex_f,age_10yrbands_yge65,eco_aggregate_mkt,2021,68.913
bol,sex_f,age_10yrbands_yge65,eco_aggregate_mkt,2022,79.41
bol,sex_f,age_10yrbands_yge65,eco_aggregate_mkt,2023,85.029
bol,sex_f,age_10yrbands_yge65,eco_aggregate_mkt,2024,95.053
bol,sex_f,age_10yrbands_yge65,eco_aggregate_pub,1989,1.566
bol,sex_f,age_10yrbands_yge65,eco_aggregate_pub,1990,1.054
bol,sex_f,age_10yrbands_yge65,eco_aggregate_pub,1991,1.783
bol,sex_f,age_10yrbands_yge65,eco_aggregate_pub,1992,1.691
bol,sex_f,age_10yrbands_yge65,eco_aggregate_pub,1993,0.886
bol,sex_f,age_10yrbands_yge65,eco_aggregate_pub,1994,1.062
bol,sex_f,age_10yrbands_yge65,eco_aggregate_pub,1995,1.934
bol,sex_f,age_10yrbands_yge65,eco_aggregate_pub,1999,3.509
bol,sex_f,age_10yrbands_yge65,eco_aggregate_pub,2000,2.483
bol,sex_f,age_10yrbands_yge65,eco_aggregate_pub,2001,5.103
bol,sex_f,age_10yrbands_yge65,eco_aggregate_pub,2002,3.158
bol,sex_f,age_10yrbands_yge65,eco_aggregate_pub,2005,7.677
bol,sex_f,age_10yrbands_yge65,eco_aggregate_pub,2006,5.769
bol,sex_f,age_10yrbands_yge65,eco_aggregate_pub,2007,8.344
bol,sex_f,age_10yrbands_yge65,eco_aggregate_pub,2008,6.021
bol,sex_f,age_10yrbands_yge65,eco_aggregate_pub,2009,8.013
bol,sex_f,age_10yrbands_yge65,eco_aggregate_pub,2011,8.226
bol,sex_f,age_10yrbands_yge65,eco_aggregate_pub,2012,8.497
bol,sex_f,age_10yrbands_yge65,eco_aggregate_pub,2013,8.574
bol,sex_f,age_10yrbands_yge65,eco_aggregate_pub,2014,8.445
bol,sex_f,age_10yrbands_yge65,eco_aggregate_pub,2015,7.275
bol,sex_f,age_10yrbands_yge65,eco_aggregate_pub,2016,9.248
bol,sex_f,age_10yrbands_yge65,eco_aggregate_pub,2017,9.678
bol,sex_f,age_10yrbands_yge65,eco_aggregate_pub,2018,7.846
bol,sex_f,age_10yrbands_yge65,eco_aggregate_pub,2019,12.084
bol,sex_f,age_10yrbands_yge65,eco_aggregate_pub,2020,11.967
bol,sex_f,age_10yrbands_yge65,eco_aggregate_pub,2021,9.98
bol,sex_f,age_10yrbands_yge65,eco_aggregate_pub,2022,14.254
bol,sex_f,age_10yrbands_yge65,eco_aggregate_pub,2023,16.464
bol,sex_f,age_10yrbands_yge65,eco_aggregate_pub,2024,16.311
bol,sex_f,age_10yrbands_yge65,eco_aggregate_total,1989,11.169
bol,sex_f,age_10yrbands_yge65,eco_aggregate_total,1990,8.101
bol,sex_f,age_10yrbands_yge65,eco_aggregate_total,1991,12.359
bol,sex_f,age_10yrbands_yge65,eco_aggregate_total,1992,11.101
bol,sex_f,age_10yrbands_yge65,eco_aggregate_total,1993,8.895
bol,sex_f,age_10yrbands_yge65,eco_aggregate_total,1994,12.749
bol,sex_f,age_10yrbands_yge65,eco_aggregate_total,1995,13.262
bol,sex_f,age_10yrbands_yge65,eco_aggregate_total,1999,101.339
bol,sex_f,age_10yrbands_yge65,eco_aggregate_total,2000,85.358
bol,sex_f,age_10yrbands_yge65,eco_aggregate_total,2001,106.69
bol,sex_f,age_10yrbands_yge65,eco_aggregate_total,2002,89.404
bol,sex_f,age_10yrbands_yge65,eco_aggregate_total,2005,131.47
bol,sex_f,age_10yrbands_yge65,eco_aggregate_total,2006,116.645
bol,sex_f,age_10yrbands_yge65,eco_aggregate_total,2007,163.213
bol,sex_f,age_10yrbands_yge65,eco_aggregate_total,2008,134.028
bol,sex_f,age_10yrbands_yge65,eco_aggregate_total,2009,128.054
bol,sex_f,age_10yrbands_yge65,eco_aggregate_total,2011,129.852
bol,sex_f,age_10yrbands_yge65,eco_aggregate_total,2012,134.949
bol,sex_f,age_10yrbands_yge65,eco_aggregate_total,2013,180.357
bol,sex_f,age_10yrbands_yge65,eco_aggregate_total,2014,161.262
bol,sex_f,age_10yrbands_yge65,eco_aggregate_total,2015,159.472
bol,sex_f,age_10yrbands_yge65,eco_aggregate_total,2016,162.782
bol,sex_f,age_10yrbands_yge65,eco_aggregate_total,2017,199.452
bol,sex_f,age_10yrbands_yge65,eco_aggregate_total,2018,220.908
bol,sex_f,age_10yrbands_yge65,eco_aggregate_total,2019,208.44
bol,sex_f,age_10yrbands_yge65,eco_aggregate_total,2020,199.698
bol,sex_f,age_10yrbands_yge65,eco_aggregate_total,2021,242.926
bol,sex_f,age_10yrbands_yge65,eco_aggregate_total,2022,232.112
bol,sex_f,age_10yrbands_yge65,eco_aggregate_total,2023,263.674
bol,sex_f,age_10yrbands_yge65,eco_aggregate_total,2024,284.5
bol,sex_f,age_10yrbands_yge65,eco_sector_agr,1995,0
bol,sex_f,age_10yrbands_yge65,eco_sector_agr,2000,55.351
bol,sex_f,age_10yrbands_yge65,eco_sector_agr,2001,71.093
bol,sex_f,age_10yrbands_yge65,eco_sector_agr,2002,59.766
bol,sex_f,age_10yrbands_yge65,eco_sector_agr,2005,89.855
bol,sex_f,age_10yrbands_yge65,eco_sector_agr,2006,74.565
bol,sex_f,age_10yrbands_yge65,eco_sector_agr,2007,101.175
bol,sex_f,age_10yrbands_yge65,eco_sector_agr,2008,77.666
bol,sex_f,age_10yrbands_yge65,eco_sector_agr,2009,77.823
bol,sex_f,age_10yrbands_yge65,eco_sector_agr,2011,77.172
bol,sex_f,age_10yrbands_yge65,eco_sector_agr,2012,75.247
bol,sex_f,age_10yrbands_yge65,eco_sector_agr,2013,118.522
bol,sex_f,age_10yrbands_yge65,eco_sector_agr,2014,96.874
bol,sex_f,age_10yrbands_yge65,eco_sector_agr,2015,97.492
bol,sex_f,age_10yrbands_yge65,eco_sector_agr,2016,89.328
bol,sex_f,age_10yrbands_yge65,eco_sector_agr,2017,116.273
bol,sex_f,age_10yrbands_yge65,eco_sector_agr,2018,133.48
bol,sex_f,age_10yrbands_yge65,eco_sector_agr,2019,115.586
bol,sex_f,age_10yrbands_yge65,eco_sector_agr,2020,126.687
bol,sex_f,age_10yrbands_yge65,eco_sector_agr,2021,142.821
bol,sex_f,age_10yrbands_yge65,eco_sector_agr,2022,118.457
bol,sex_f,age_10yrbands_yge65,eco_sector_agr,2023,139.009
bol,sex_f,age_10yrbands_yge65,eco_sector_agr,2024,144.35
bol,sex_f,age_10yrbands_yge65,eco_sector_ind,1989,1.203
bol,sex_f,age_10yrbands_yge65,eco_sector_ind,1990,0.781
bol,sex_f,age_10yrbands_yge65,eco_sector_ind,1991,1.04
bol,sex_f,age_10yrbands_yge65,eco_sector_ind,1992,1.069
bol,sex_f,age_10yrbands_yge65,eco_sector_ind,1993,0.794
bol,sex_f,age_10yrbands_yge65,eco_sector_ind,1994,1.128
bol,sex_f,age_10yrbands_yge65,eco_sector_ind,1995,2
bol,sex_f,age_10yrbands_yge65,eco_sector_ind,2000,4.584
bol,sex_f,age_10yrbands_yge65,eco_sector_ind,2001,6.965
bol,sex_f,age_10yrbands_yge65,eco_sector_ind,2002,4.308
bol,sex_f,age_10yrbands_yge65,eco_sector_ind,2005,9.871
bol,sex_f,age_10yrbands_yge65,eco_sector_ind,2006,10.95
bol,sex_f,age_10yrbands_yge65,eco_sector_ind,2007,14.189
bol,sex_f,age_10yrbands_yge65,eco_sector_ind,2008,12.725
bol,sex_f,age_10yrbands_yge65,eco_sector_ind,2009,9.29
bol,sex_f,age_10yrbands_yge65,eco_sector_ind,2011,3.49
bol,sex_f,age_10yrbands_yge65,eco_sector_ind,2012,8.343
bol,sex_f,age_10yrbands_yge65,eco_sector_ind,2013,5.315
bol,sex_f,age_10yrbands_yge65,eco_sector_ind,2014,9.748
bol,sex_f,age_10yrbands_yge65,eco_sector_ind,2015,7.644
bol,sex_f,age_10yrbands_yge65,eco_sector_ind,2016,9.141
bol,sex_f,age_10yrbands_yge65,eco_sector_ind,2017,11.545
bol,sex_f,age_10yrbands_yge65,eco_sector_ind,2018,11.663
bol,sex_f,age_10yrbands_yge65,eco_sector_ind,2019,13.885
bol,sex_f,age_10yrbands_yge65,eco_sector_ind,2020,6.83
bol,sex_f,age_10yrbands_yge65,eco_sector_ind,2021,21.212
bol,sex_f,age_10yrbands_yge65,eco_sector_ind,2022,19.991
bol,sex_f,age_10yrbands_yge65,eco_sector_ind,2023,23.172
bol,sex_f,age_10yrbands_yge65,eco_sector_ind,2024,28.785
bol,sex_f,age_10yrbands_yge65,eco_sector_nag,1989,11.169
bol,sex_f,age_10yrbands_yge65,eco_sector_nag,1990,8.101
bol,sex_f,age_10yrbands_yge65,eco_sector_nag,1991,12.067
bol,sex_f,age_10yrbands_yge65,eco_sector_nag,1992,10.684
bol,sex_f,age_10yrbands_yge65,eco_sector_nag,1993,8.687
bol,sex_f,age_10yrbands_yge65,eco_sector_nag,1994,12.749
bol,sex_f,age_10yrbands_yge65,eco_sector_nag,1995,13.262
bol,sex_f,age_10yrbands_yge65,eco_sector_nag,1999,101.339
bol,sex_f,age_10yrbands_yge65,eco_sector_nag,2000,30.007
bol,sex_f,age_10yrbands_yge65,eco_sector_nag,2001,35.597
bol,sex_f,age_10yrbands_yge65,eco_sector_nag,2002,29.638
bol,sex_f,age_10yrbands_yge65,eco_sector_nag,2005,41.615
bol,sex_f,age_10yrbands_yge65,eco_sector_nag,2006,42.08
bol,sex_f,age_10yrbands_yge65,eco_sector_nag,2007,62.038
bol,sex_f,age_10yrbands_yge65,eco_sector_nag,2008,56.362
bol,sex_f,age_10yrbands_yge65,eco_sector_nag,2009,50.231
bol,sex_f,age_10yrbands_yge65,eco_sector_nag,2011,52.68
bol,sex_f,age_10yrbands_yge65,eco_sector_nag,2012,59.702
bol,sex_f,age_10yrbands_yge65,eco_sector_nag,2013,61.835
bol,sex_f,age_10yrbands_yge65,eco_sector_nag,2014,64.388
bol,sex_f,age_10yrbands_yge65,eco_sector_nag,2015,61.98
bol,sex_f,age_10yrbands_yge65,eco_sector_nag,2016,73.454
bol,sex_f,age_10yrbands_yge65,eco_sector_nag,2017,83.179
bol,sex_f,age_10yrbands_yge65,eco_sector_nag,2018,87.428
bol,sex_f,age_10yrbands_yge65,eco_sector_nag,2019,92.855
bol,sex_f,age_10yrbands_yge65,eco_sector_nag,2020,73.012
bol,sex_f,age_10yrbands_yge65,eco_sector_nag,2021,100.106
bol,sex_f,age_10yrbands_yge65,eco_sector_nag,2022,113.655
bol,sex_f,age_10yrbands_yge65,eco_sector_nag,2023,124.665
bol,sex_f,age_10yrbands_yge65,eco_sector_nag,2024,140.15
bol,sex_f,age_10yrbands_yge65,eco_sector_ser,1989,9.966
bol,sex_f,age_10yrbands_yge65,eco_sector_ser,1990,7.32
bol,sex_f,age_10yrbands_yge65,eco_sector_ser,1991,11.027
bol,sex_f,age_10yrbands_yge65,eco_sector_ser,1992,9.615
bol,sex_f,age_10yrbands_yge65,eco_sector_ser,1993,7.893
bol,sex_f,age_10yrbands_yge65,eco_sector_ser,1994,11.621
bol,sex_f,age_10yrbands_yge65,eco_sector_ser,1995,11.262
bol,sex_f,age_10yrbands_yge65,eco_sector_ser,1999,99.896
bol,sex_f,age_10yrbands_yge65,eco_sector_ser,2000,24.724
bol,sex_f,age_10yrbands_yge65,eco_sector_ser,2001,27.919
bol,sex_f,age_10yrbands_yge65,eco_sector_ser,2002,25.33
bol,sex_f,age_10yrbands_yge65,eco_sector_ser,2005,31.744
bol,sex_f,age_10yrbands_yge65,eco_sector_ser,2006,31.13
bol,sex_f,age_10yrbands_yge65,eco_sector_ser,2007,47.849
bol,sex_f,age_10yrbands_yge65,eco_sector_ser,2008,43.637
bol,sex_f,age_10yrbands_yge65,eco_sector_ser,2009,40.941
bol,sex_f,age_10yrbands_yge65,eco_sector_ser,2011,49.19
bol,sex_f,age_10yrbands_yge65,eco_sector_ser,2012,51.359
bol,sex_f,age_10yrbands_yge65,eco_sector_ser,2013,56.52
bol,sex_f,age_10yrbands_yge65,eco_sector_ser,2014,54.127
bol,sex_f,age_10yrbands_yge65,eco_sector_ser,2015,54.336
bol,sex_f,age_10yrbands_yge65,eco_sector_ser,2016,64.276
bol,sex_f,age_10yrbands_yge65,eco_sector_ser,2017,71.634
bol,sex_f,age_10yrbands_yge65,eco_sector_ser,2018,75.765
bol,sex_f,age_10yrbands_yge65,eco_sector_ser,2019,78.97
bol,sex_f,age_10yrbands_yge65,eco_sector_ser,2020,66.182
bol,sex_f,age_10yrbands_yge65,eco_sector_ser,2021,78.893
bol,sex_f,age_10yrbands_yge65,eco_sector_ser,2022,93.664
bol,sex_f,age_10yrbands_yge65,eco_sector_ser,2023,101.493
bol,sex_f,age_10yrbands_yge65,eco_sector_ser,2024,111.365
bol,sex_f,age_10yrbands_yge65,eco_sector_total,1989,11.169
bol,sex_f,age_10yrbands_yge65,eco_sector_total,1990,8.101
bol,sex_f,age_10yrbands_yge65,eco_sector_total,1991,12.359
bol,sex_f,age_10yrbands_yge65,eco_sector_total,1992,11.101
bol,sex_f,age_10yrbands_yge65,eco_sector_total,1993,8.895
bol,sex_f,age_10yrbands_yge65,eco_sector_total,1994,12.749
bol,sex_f,age_10yrbands_yge65,eco_sector_total,1995,13.262
bol,sex_f,age_10yrbands_yge65,eco_sector_total,1999,101.339
bol,sex_f,age_10yrbands_yge65,eco_sector_total,2000,85.358
bol,sex_f,age_10yrbands_yge65,eco_sector_total,2001,106.69
bol,sex_f,age_10yrbands_yge65,eco_sector_total,2002,89.404
bol,sex_f,age_10yrbands_yge65,eco_sector_total,2005,131.47
bol,sex_f,age_10yrbands_yge65,eco_sector_total,2006,116.645
bol,sex_f,age_10yrbands_yge65,eco_sector_total,2007,163.213
bol,sex_f,age_10yrbands_yge65,eco_sector_total,2008,134.028
bol,sex_f,age_10yrbands_yge65,eco_sector_total,2009,128.054
bol,sex_f,age_10yrbands_yge65,eco_sector_total,2011,129.852
bol,sex_f,age_10yrbands_yge65,eco_sector_total,2012,134.949
bol,sex_f,age_10yrbands_yge65,eco_sector_total,2013,180.357
bol,sex_f,age_10yrbands_yge65,eco_sector_total,2014,161.262
bol,sex_f,age_10yrbands_yge65,eco_sector_total,2015,159.472
bol,sex_f,age_10yrbands_yge65,eco_sector_total,2016,162.782
bol,sex_f,age_10yrbands_yge65,eco_sector_total,2017,199.452
bol,sex_f,age_10yrbands_yge65,eco_sector_total,2018,220.908
bol,sex_f,age_10yrbands_yge65,eco_sector_total,2019,208.44
bol,sex_f,age_10yrbands_yge65,eco_sector_total,2020,199.698
bol,sex_f,age_10yrbands_yge65,eco_sector_total,2021,242.926
bol,sex_f,age_10yrbands_yge65,eco_sector_total,2022,232.112
bol,sex_f,age_10yrbands_yge65,eco_sector_total,2023,263.674
bol,sex_f,age_10yrbands_yge65,eco_sector_total,2024,284.5
bol,sex_f,age_aggregate_total,eco_aggregate_agr,1991,3.977
bol,sex_f,age_aggregate_total,eco_aggregate_agr,1992,4.89
bol,sex_f,age_aggregate_total,eco_aggregate_agr,1993,2.969
bol,sex_f,age_aggregate_total,eco_aggregate_agr,1994,2.428
bol,sex_f,age_aggregate_total,eco_aggregate_agr,1995,5.947
bol,sex_f,age_aggregate_total,eco_aggregate_agr,2000,526.651
bol,sex_f,age_aggregate_total,eco_aggregate_agr,2001,635.52
bol,sex_f,age_aggregate_total,eco_aggregate_agr,2002,559.281
bol,sex_f,age_aggregate_total,eco_aggregate_agr,2005,634.598
bol,sex_f,age_aggregate_total,eco_aggregate_agr,2006,668.749
bol,sex_f,age_aggregate_total,eco_aggregate_agr,2007,696.866
bol,sex_f,age_aggregate_total,eco_aggregate_agr,2008,649.194
bol,sex_f,age_aggregate_total,eco_aggregate_agr,2009,650.919
bol,sex_f,age_aggregate_total,eco_aggregate_agr,2011,735.44
bol,sex_f,age_aggregate_total,eco_aggregate_agr,2012,643.434
bol,sex_f,age_aggregate_total,eco_aggregate_agr,2013,724.969
bol,sex_f,age_aggregate_total,eco_aggregate_agr,2014,705.696
bol,sex_f,age_aggregate_total,eco_aggregate_agr,2015,625.73
bol,sex_f,age_aggregate_total,eco_aggregate_agr,2016,611.269
bol,sex_f,age_aggregate_total,eco_aggregate_agr,2017,682.077
bol,sex_f,age_aggregate_total,eco_aggregate_agr,2018,764.4
bol,sex_f,age_aggregate_total,eco_aggregate_agr,2019,709.567
bol,sex_f,age_aggregate_total,eco_aggregate_agr,2020,693.808
bol,sex_f,age_aggregate_total,eco_aggregate_agr,2021,802.853
bol,sex_f,age_aggregate_total,eco_aggregate_agr,2022,745.124
bol,sex_f,age_aggregate_total,eco_aggregate_agr,2023,782.436
bol,sex_f,age_aggregate_total,eco_aggregate_agr,2024,763.459
bol,sex_f,age_aggregate_total,eco_aggregate_con,1991,2.502
bol,sex_f,age_aggregate_total,eco_aggregate_con,1992,1.261
bol,sex_f,age_aggregate_total,eco_aggregate_con,1993,1.161
bol,sex_f,age_aggregate_total,eco_aggregate_con,1994,2.063
bol,sex_f,age_aggregate_total,eco_aggregate_con,1995,2.071
bol,sex_f,age_aggregate_total,eco_aggregate_con,2000,8.353
bol,sex_f,age_aggregate_total,eco_aggregate_con,2001,5.91
bol,sex_f,age_aggregate_total,eco_aggregate_con,2002,10.432
bol,sex_f,age_aggregate_total,eco_aggregate_con,2005,21.413
bol,sex_f,age_aggregate_total,eco_aggregate_con,2006,2.875
bol,sex_f,age_aggregate_total,eco_aggregate_con,2007,5.923
bol,sex_f,age_aggregate_total,eco_aggregate_con,2008,13.647
bol,sex_f,age_aggregate_total,eco_aggregate_con,2009,13.333
bol,sex_f,age_aggregate_total,eco_aggregate_con,2011,15.931
bol,sex_f,age_aggregate_total,eco_aggregate_con,2012,14.659
bol,sex_f,age_aggregate_total,eco_aggregate_con,2013,11.917
bol,sex_f,age_aggregate_total,eco_aggregate_con,2014,21.482
bol,sex_f,age_aggregate_total,eco_aggregate_con,2015,16.118
bol,sex_f,age_aggregate_total,eco_aggregate_con,2016,14.186
bol,sex_f,age_aggregate_total,eco_aggregate_con,2017,12.495
bol,sex_f,age_aggregate_total,eco_aggregate_con,2018,12.954
bol,sex_f,age_aggregate_total,eco_aggregate_con,2019,13.794
bol,sex_f,age_aggregate_total,eco_aggregate_con,2020,9.212
bol,sex_f,age_aggregate_total,eco_aggregate_con,2021,13.922
bol,sex_f,age_aggregate_total,eco_aggregate_con,2022,13.938
bol,sex_f,age_aggregate_total,eco_aggregate_con,2023,15.119
bol,sex_f,age_aggregate_total,eco_aggregate_con,2024,18.191
bol,sex_f,age_aggregate_total,eco_aggregate_man,1989,36.102
bol,sex_f,age_aggregate_total,eco_aggregate_man,1990,38.505
bol,sex_f,age_aggregate_total,eco_aggregate_man,1991,54.225
bol,sex_f,age_aggregate_total,eco_aggregate_man,1992,63.186
bol,sex_f,age_aggregate_total,eco_aggregate_man,1993,67.248
bol,sex_f,age_aggregate_total,eco_aggregate_man,1994,75.418
bol,sex_f,age_aggregate_total,eco_aggregate_man,1995,80.18
bol,sex_f,age_aggregate_total,eco_aggregate_man,1999,155.174
bol,sex_f,age_aggregate_total,eco_aggregate_man,2000,136.616
bol,sex_f,age_aggregate_total,eco_aggregate_man,2001,140.821
bol,sex_f,age_aggregate_total,eco_aggregate_man,2002,159.92
bol,sex_f,age_aggregate_total,eco_aggregate_man,2005,164.878
bol,sex_f,age_aggregate_total,eco_aggregate_man,2006,188.519
bol,sex_f,age_aggregate_total,eco_aggregate_man,2007,176.621
bol,sex_f,age_aggregate_total,eco_aggregate_man,2008,205.76
bol,sex_f,age_aggregate_total,eco_aggregate_man,2009,207.245
bol,sex_f,age_aggregate_total,eco_aggregate_man,2011,108.868
bol,sex_f,age_aggregate_total,eco_aggregate_man,2012,112.579
bol,sex_f,age_aggregate_total,eco_aggregate_man,2013,109.045
bol,sex_f,age_aggregate_total,eco_aggregate_man,2014,180.633
bol,sex_f,age_aggregate_total,eco_aggregate_man,2015,149.225
bol,sex_f,age_aggregate_total,eco_aggregate_man,2016,190.49
bol,sex_f,age_aggregate_total,eco_aggregate_man,2017,198.287
bol,sex_f,age_aggregate_total,eco_aggregate_man,2018,229.908
bol,sex_f,age_aggregate_total,eco_aggregate_man,2019,278.02
bol,sex_f,age_aggregate_total,eco_aggregate_man,2020,192.235
bol,sex_f,age_aggregate_total,eco_aggregate_man,2021,333.151
bol,sex_f,age_aggregate_total,eco_aggregate_man,2022,341.829
bol,sex_f,age_aggregate_total,eco_aggregate_man,2023,363.949
bol,sex_f,age_aggregate_total,eco_aggregate_man,2024,414.663
bol,sex_f,age_aggregate_total,eco_aggregate_mel,1989,4.597
bol,sex_f,age_aggregate_total,eco_aggregate_mel,1990,1.047
bol,sex_f,age_aggregate_total,eco_aggregate_mel,1991,2.422
bol,sex_f,age_aggregate_total,eco_aggregate_mel,1992,1.804
bol,sex_f,age_aggregate_total,eco_aggregate_mel,1993,1.46
bol,sex_f,age_aggregate_total,eco_aggregate_mel,1994,1.944
bol,sex_f,age_aggregate_total,eco_aggregate_mel,1995,2.838
bol,sex_f,age_aggregate_total,eco_aggregate_mel,1999,76.011
bol,sex_f,age_aggregate_total,eco_aggregate_mel,2000,8.049
bol,sex_f,age_aggregate_total,eco_aggregate_mel,2001,6.579
bol,sex_f,age_aggregate_total,eco_aggregate_mel,2002,4.858
bol,sex_f,age_aggregate_total,eco_aggregate_mel,2005,14.069
bol,sex_f,age_aggregate_total,eco_aggregate_mel,2006,5.142
bol,sex_f,age_aggregate_total,eco_aggregate_mel,2007,3.326
bol,sex_f,age_aggregate_total,eco_aggregate_mel,2008,8.523
bol,sex_f,age_aggregate_total,eco_aggregate_mel,2009,4.997
bol,sex_f,age_aggregate_total,eco_aggregate_mel,2011,15.795
bol,sex_f,age_aggregate_total,eco_aggregate_mel,2012,27.003
bol,sex_f,age_aggregate_total,eco_aggregate_mel,2013,20.157
bol,sex_f,age_aggregate_total,eco_aggregate_mel,2014,12.467
bol,sex_f,age_aggregate_total,eco_aggregate_mel,2015,16.101
bol,sex_f,age_aggregate_total,eco_aggregate_mel,2016,11.864
bol,sex_f,age_aggregate_total,eco_aggregate_mel,2017,9.625
bol,sex_f,age_aggregate_total,eco_aggregate_mel,2018,10.52
bol,sex_f,age_aggregate_total,eco_aggregate_mel,2019,7.719
bol,sex_f,age_aggregate_total,eco_aggregate_mel,2020,10.239
bol,sex_f,age_aggregate_total,eco_aggregate_mel,2021,11.877
bol,sex_f,age_aggregate_total,eco_aggregate_mel,2022,15.984
bol,sex_f,age_aggregate_total,eco_aggregate_mel,2023,15.229
bol,sex_f,age_aggregate_total,eco_aggregate_mel,2024,15.995
bol,sex_f,age_aggregate_total,eco_aggregate_mkt,1989,169.94
bol,sex_f,age_aggregate_total,eco_aggregate_mkt,1990,160.037
bol,sex_f,age_aggregate_total,eco_aggregate_mkt,1991,186.103
bol,sex_f,age_aggregate_total,eco_aggregate_mkt,1992,190.2
bol,sex_f,age_aggregate_total,eco_aggregate_mkt,1993,219.746
bol,sex_f,age_aggregate_total,eco_aggregate_mkt,1994,256.375
bol,sex_f,age_aggregate_total,eco_aggregate_mkt,1995,263.473
bol,sex_f,age_aggregate_total,eco_aggregate_mkt,1999,1215.377
bol,sex_f,age_aggregate_total,eco_aggregate_mkt,2000,468.912
bol,sex_f,age_aggregate_total,eco_aggregate_mkt,2001,483.216
bol,sex_f,age_aggregate_total,eco_aggregate_mkt,2002,508.32
bol,sex_f,age_aggregate_total,eco_aggregate_mkt,2005,575.335
bol,sex_f,age_aggregate_total,eco_aggregate_mkt,2006,602.897
bol,sex_f,age_aggregate_total,eco_aggregate_mkt,2007,594.665
bol,sex_f,age_aggregate_total,eco_aggregate_mkt,2008,773.873
bol,sex_f,age_aggregate_total,eco_aggregate_mkt,2009,753.383
bol,sex_f,age_aggregate_total,eco_aggregate_mkt,2011,793.307
bol,sex_f,age_aggregate_total,eco_aggregate_mkt,2012,815.606
bol,sex_f,age_aggregate_total,eco_aggregate_mkt,2013,823.449
bol,sex_f,age_aggregate_total,eco_aggregate_mkt,2014,852.972
bol,sex_f,age_aggregate_total,eco_aggregate_mkt,2015,832.638
bol,sex_f,age_aggregate_total,eco_aggregate_mkt,2016,834.443
bol,sex_f,age_aggregate_total,eco_aggregate_mkt,2017,895.506
bol,sex_f,age_aggregate_total,eco_aggregate_mkt,2018,997.535
bol,sex_f,age_aggregate_total,eco_aggregate_mkt,2019,1058.75
bol,sex_f,age_aggregate_total,eco_aggregate_mkt,2020,1010.973
bol,sex_f,age_aggregate_total,eco_aggregate_mkt,2021,1233.794
bol,sex_f,age_aggregate_total,eco_aggregate_mkt,2022,1333.764
bol,sex_f,age_aggregate_total,eco_aggregate_mkt,2023,1350.67
bol,sex_f,age_aggregate_total,eco_aggregate_mkt,2024,1415.195
bol,sex_f,age_aggregate_total,eco_aggregate_pub,1989,154.674
bol,sex_f,age_aggregate_total,eco_aggregate_pub,1990,161.818
bol,sex_f,age_aggregate_total,eco_aggregate_pub,1991,147.773
bol,sex_f,age_aggregate_total,eco_aggregate_pub,1992,146.319
bol,sex_f,age_aggregate_total,eco_aggregate_pub,1993,167.01
bol,sex_f,age_aggregate_total,eco_aggregate_pub,1994,160.851
bol,sex_f,age_aggregate_total,eco_aggregate_pub,1995,169.603
bol,sex_f,age_aggregate_total,eco_aggregate_pub,1999,182.17
bol,sex_f,age_aggregate_total,eco_aggregate_pub,2000,322.165
bol,sex_f,age_aggregate_total,eco_aggregate_pub,2001,311.726
bol,sex_f,age_aggregate_total,eco_aggregate_pub,2002,304.988
bol,sex_f,age_aggregate_total,eco_aggregate_pub,2005,351.388
bol,sex_f,age_aggregate_total,eco_aggregate_pub,2006,402.594
bol,sex_f,age_aggregate_total,eco_aggregate_pub,2007,479.636
bol,sex_f,age_aggregate_total,eco_aggregate_pub,2008,416.262
bol,sex_f,age_aggregate_total,eco_aggregate_pub,2009,482.918
bol,sex_f,age_aggregate_total,eco_aggregate_pub,2011,446.707
bol,sex_f,age_aggregate_total,eco_aggregate_pub,2012,448.567
bol,sex_f,age_aggregate_total,eco_aggregate_pub,2013,493.417
bol,sex_f,age_aggregate_total,eco_aggregate_pub,2014,456.576
bol,sex_f,age_aggregate_total,eco_aggregate_pub,2015,397.146
bol,sex_f,age_aggregate_total,eco_aggregate_pub,2016,423.505
bol,sex_f,age_aggregate_total,eco_aggregate_pub,2017,424.464
bol,sex_f,age_aggregate_total,eco_aggregate_pub,2018,435.853
bol,sex_f,age_aggregate_total,eco_aggregate_pub,2019,494.324
bol,sex_f,age_aggregate_total,eco_aggregate_pub,2020,440.197
bol,sex_f,age_aggregate_total,eco_aggregate_pub,2021,478.166
bol,sex_f,age_aggregate_total,eco_aggregate_pub,2022,545.445
bol,sex_f,age_aggregate_total,eco_aggregate_pub,2023,591.936
bol,sex_f,age_aggregate_total,eco_aggregate_pub,2024,630.125
bol,sex_f,age_aggregate_total,eco_aggregate_total,1989,369.656
bol,sex_f,age_aggregate_total,eco_aggregate_total,1990,367.315
bol,sex_f,age_aggregate_total,eco_aggregate_total,1991,397.025
bol,sex_f,age_aggregate_total,eco_aggregate_total,1992,407.807
bol,sex_f,age_aggregate_total,eco_aggregate_total,1993,459.594
bol,sex_f,age_aggregate_total,eco_aggregate_total,1994,499.25
bol,sex_f,age_aggregate_total,eco_aggregate_total,1995,524.443
bol,sex_f,age_aggregate_total,eco_aggregate_total,1999,1650.858
bol,sex_f,age_aggregate_total,eco_aggregate_total,2000,1492.746
bol,sex_f,age_aggregate_total,eco_aggregate_total,2001,1597.136
bol,sex_f,age_aggregate_total,eco_aggregate_total,2002,1547.799
bol,sex_f,age_aggregate_total,eco_aggregate_total,2005,1761.681
bol,sex_f,age_aggregate_total,eco_aggregate_total,2006,1870.776
bol,sex_f,age_aggregate_total,eco_aggregate_total,2007,1957.037
bol,sex_f,age_aggregate_total,eco_aggregate_total,2008,2067.259
bol,sex_f,age_aggregate_total,eco_aggregate_total,2009,2112.795
bol,sex_f,age_aggregate_total,eco_aggregate_total,2011,2116.048
bol,sex_f,age_aggregate_total,eco_aggregate_total,2012,2061.848
bol,sex_f,age_aggregate_total,eco_aggregate_total,2013,2182.954
bol,sex_f,age_aggregate_total,eco_aggregate_total,2014,2231.151
bol,sex_f,age_aggregate_total,eco_aggregate_total,2015,2038.195
bol,sex_f,age_aggregate_total,eco_aggregate_total,2016,2085.87
bol,sex_f,age_aggregate_total,eco_aggregate_total,2017,2222.857
bol,sex_f,age_aggregate_total,eco_aggregate_total,2018,2451.17
bol,sex_f,age_aggregate_total,eco_aggregate_total,2019,2562.175
bol,sex_f,age_aggregate_total,eco_aggregate_total,2020,2358.598
bol,sex_f,age_aggregate_total,eco_aggregate_total,2021,2874.465
bol,sex_f,age_aggregate_total,eco_aggregate_total,2022,2996.99
bol,sex_f,age_aggregate_total,eco_aggregate_total,2023,3120.202
bol,sex_f,age_aggregate_total,eco_aggregate_total,2024,3258.324
bol,sex_f,age_aggregate_total,eco_aggregate_x,1989,4.343
bol,sex_f,age_aggregate_total,eco_aggregate_x,1990,5.908
bol,sex_f,age_aggregate_total,eco_aggregate_x,1999,22.126
bol,sex_f,age_aggregate_total,eco_aggregate_x,2000,22
bol,sex_f,age_aggregate_total,eco_aggregate_x,2001,13.364
bol,sex_f,age_aggregate_total,eco_aggregate_x,2014,1.325
bol,sex_f,age_aggregate_total,eco_aggregate_x,2015,1.237
bol,sex_f,age_aggregate_total,eco_aggregate_x,2017,0.403
bol,sex_f,age_aggregate_total,eco_aggregate_x,2020,1.934
bol,sex_f,age_aggregate_total,eco_aggregate_x,2021,0.702
bol,sex_f,age_aggregate_total,eco_aggregate_x,2022,0.907
bol,sex_f,age_aggregate_total,eco_aggregate_x,2023,0.864
bol,sex_f,age_aggregate_total,eco_aggregate_x,2024,0.695
bol,sex_f,age_aggregate_total,eco_isic3_a,1991,3.977
bol,sex_f,age_aggregate_total,eco_isic3_a,1992,4.89
bol,sex_f,age_aggregate_total,eco_isic3_a,1993,2.969
bol,sex_f,age_aggregate_total,eco_isic3_a,1994,2.428
bol,sex_f,age_aggregate_total,eco_isic3_a,1995,5.947
bol,sex_f,age_aggregate_total,eco_isic3_a,2000,526.651
bol,sex_f,age_aggregate_total,eco_isic3_a,2001,635.52
bol,sex_f,age_aggregate_total,eco_isic3_a,2002,558.76
bol,sex_f,age_aggregate_total,eco_isic3_a,2005,634.025
bol,sex_f,age_aggregate_total,eco_isic3_a,2006,665.177
bol,sex_f,age_aggregate_total,eco_isic3_a,2007,696.866
bol,sex_f,age_aggregate_total,eco_isic3_a,2008,646.665
bol,sex_f,age_aggregate_total,eco_isic3_a,2009,648.319
bol,sex_f,age_aggregate_total,eco_isic3_c,1989,3.988
bol,sex_f,age_aggregate_total,eco_isic3_c,1990,0.784
bol,sex_f,age_aggregate_total,eco_isic3_c,1991,1.751
bol,sex_f,age_aggregate_total,eco_isic3_c,1992,0.861
bol,sex_f,age_aggregate_total,eco_isic3_c,1993,1.116
bol,sex_f,age_aggregate_total,eco_isic3_c,1994,1.376
bol,sex_f,age_aggregate_total,eco_isic3_c,1995,1.615
bol,sex_f,age_aggregate_total,eco_isic3_c,1999,20.074
bol,sex_f,age_aggregate_total,eco_isic3_c,2000,6.11
bol,sex_f,age_aggregate_total,eco_isic3_c,2001,3.563
bol,sex_f,age_aggregate_total,eco_isic3_c,2002,3.601
bol,sex_f,age_aggregate_total,eco_isic3_c,2005,11.159
bol,sex_f,age_aggregate_total,eco_isic3_c,2006,4.738
bol,sex_f,age_aggregate_total,eco_isic3_c,2008,5.232
bol,sex_f,age_aggregate_total,eco_isic3_c,2009,3.027
bol,sex_f,age_aggregate_total,eco_isic3_d,1989,36.102
bol,sex_f,age_aggregate_total,eco_isic3_d,1990,38.505
bol,sex_f,age_aggregate_total,eco_isic3_d,1991,54.225
bol,sex_f,age_aggregate_total,eco_isic3_d,1992,63.186
bol,sex_f,age_aggregate_total,eco_isic3_d,1993,67.248
bol,sex_f,age_aggregate_total,eco_isic3_d,1994,75.418
bol,sex_f,age_aggregate_total,eco_isic3_d,1995,80.18
bol,sex_f,age_aggregate_total,eco_isic3_d,1999,155.174
bol,sex_f,age_aggregate_total,eco_isic3_d,2000,136.616
bol,sex_f,age_aggregate_total,eco_isic3_d,2001,140.821
bol,sex_f,age_aggregate_total,eco_isic3_d,2002,159.92
bol,sex_f,age_aggregate_total,eco_isic3_d,2005,164.878
bol,sex_f,age_aggregate_total,eco_isic3_d,2006,188.519
bol,sex_f,age_aggregate_total,eco_isic3_d,2007,176.621
bol,sex_f,age_aggregate_total,eco_isic3_d,2008,205.76
bol,sex_f,age_aggregate_total,eco_isic3_d,2009,207.245
bol,sex_f,age_aggregate_total,eco_isic3_e,1989,0.609
bol,sex_f,age_aggregate_total,eco_isic3_e,1991,0.671
bol,sex_f,age_aggregate_total,eco_isic3_e,1992,0.943
bol,sex_f,age_aggregate_total,eco_isic3_e,1994,0.568
bol,sex_f,age_aggregate_total,eco_isic3_e,1995,1.223
bol,sex_f,age_aggregate_total,eco_isic3_e,1999,55.937
bol,sex_f,age_aggregate_total,eco_isic3_e,2000,1.939
bol,sex_f,age_aggregate_total,eco_isic3_e,2001,3.016
bol,sex_f,age_aggregate_total,eco_isic3_e,2002,1.257
bol,sex_f,age_aggregate_total,eco_isic3_e,2008,3.291
bol,sex_f,age_aggregate_total,eco_isic3_f,1991,2.502
bol,sex_f,age_aggregate_total,eco_isic3_f,1992,1.261
bol,sex_f,age_aggregate_total,eco_isic3_f,1993,1.161
bol,sex_f,age_aggregate_total,eco_isic3_f,1994,2.063
bol,sex_f,age_aggregate_total,eco_isic3_f,1995,2.071
bol,sex_f,age_aggregate_total,eco_isic3_f,2000,8.353
bol,sex_f,age_aggregate_total,eco_isic3_f,2001,5.91
bol,sex_f,age_aggregate_total,eco_isic3_f,2002,10.432
bol,sex_f,age_aggregate_total,eco_isic3_f,2005,21.413
bol,sex_f,age_aggregate_total,eco_isic3_f,2006,2.875
bol,sex_f,age_aggregate_total,eco_isic3_f,2007,5.923
bol,sex_f,age_aggregate_total,eco_isic3_f,2008,13.647
bol,sex_f,age_aggregate_total,eco_isic3_f,2009,13.333
bol,sex_f,age_aggregate_total,eco_isic3_g,1989,1.511
bol,sex_f,age_aggregate_total,eco_isic3_g,1990,1.529
bol,sex_f,age_aggregate_total,eco_isic3_g,1991,141.423
bol,sex_f,age_aggregate_total,eco_isic3_g,1992,146.293
bol,sex_f,age_aggregate_total,eco_isic3_g,1993,161.823
bol,sex_f,age_aggregate_total,eco_isic3_g,1994,185.223
bol,sex_f,age_aggregate_total,eco_isic3_g,1995,191.012
bol,sex_f,age_aggregate_total,eco_isic3_g,1999,412.867
bol,sex_f,age_aggregate_total,eco_isic3_g,2000,342.283
bol,sex_f,age_aggregate_total,eco_isic3_g,2001,329.114
bol,sex_f,age_aggregate_total,eco_isic3_g,2002,330.624
bol,sex_f,age_aggregate_total,eco_isic3_g,2005,377.367
bol,sex_f,age_aggregate_total,eco_isic3_g,2006,380.871
bol,sex_f,age_aggregate_total,eco_isic3_g,2007,392.812
bol,sex_f,age_aggregate_total,eco_isic3_g,2008,508.54
bol,sex_f,age_aggregate_total,eco_isic3_g,2009,451.338
bol,sex_f,age_aggregate_total,eco_isic3_h,1991,28.943
bol,sex_f,age_aggregate_total,eco_isic3_h,1992,25.679
bol,sex_f,age_aggregate_total,eco_isic3_h,1993,38.01
bol,sex_f,age_aggregate_total,eco_isic3_h,1994,49.513
bol,sex_f,age_aggregate_total,eco_isic3_h,1995,49.701
bol,sex_f,age_aggregate_total,eco_isic3_h,2000,81.801
bol,sex_f,age_aggregate_total,eco_isic3_h,2001,96.557
bol,sex_f,age_aggregate_total,eco_isic3_h,2002,131.228
bol,sex_f,age_aggregate_total,eco_isic3_h,2005,124.969
bol,sex_f,age_aggregate_total,eco_isic3_h,2006,127.777
bol,sex_f,age_aggregate_total,eco_isic3_h,2007,117.981
bol,sex_f,age_aggregate_total,eco_isic3_h,2008,149.199
bol,sex_f,age_aggregate_total,eco_isic3_h,2009,172.868
bol,sex_f,age_aggregate_total,eco_isic3_i,1989,163.126
bol,sex_f,age_aggregate_total,eco_isic3_i,1990,155.002
bol,sex_f,age_aggregate_total,eco_isic3_i,1991,4.683
bol,sex_f,age_aggregate_total,eco_isic3_i,1992,4.681
bol,sex_f,age_aggregate_total,eco_isic3_i,1993,4.894
bol,sex_f,age_aggregate_total,eco_isic3_i,1994,5.96
bol,sex_f,age_aggregate_total,eco_isic3_i,1995,5.897
bol,sex_f,age_aggregate_total,eco_isic3_i,1999,656.432
bol,sex_f,age_aggregate_total,eco_isic3_i,2000,14.447
bol,sex_f,age_aggregate_total,eco_isic3_i,2001,20.365
bol,sex_f,age_aggregate_total,eco_isic3_i,2002,12.474
bol,sex_f,age_aggregate_total,eco_isic3_i,2005,24.972
bol,sex_f,age_aggregate_total,eco_isic3_i,2006,34.079
bol,sex_f,age_aggregate_total,eco_isic3_i,2007,30.205
bol,sex_f,age_aggregate_total,eco_isic3_i,2008,52.184
bol,sex_f,age_aggregate_total,eco_isic3_i,2009,42.659
bol,sex_f,age_aggregate_total,eco_isic3_j,1991,3.836
bol,sex_f,age_aggregate_total,eco_isic3_j,1992,3.952
bol,sex_f,age_aggregate_total,eco_isic3_j,1993,5.252
bol,sex_f,age_aggregate_total,eco_isic3_j,1994,4.141
bol,sex_f,age_aggregate_total,eco_isic3_j,1995,5.699
bol,sex_f,age_aggregate_total,eco_isic3_j,2000,6.436
bol,sex_f,age_aggregate_total,eco_isic3_j,2001,4.661
bol,sex_f,age_aggregate_total,eco_isic3_j,2002,7.164
bol,sex_f,age_aggregate_total,eco_isic3_j,2005,9.056
bol,sex_f,age_aggregate_total,eco_isic3_j,2006,9.773
bol,sex_f,age_aggregate_total,eco_isic3_j,2007,10.83
bol,sex_f,age_aggregate_total,eco_isic3_j,2008,15.264
bol,sex_f,age_aggregate_total,eco_isic3_j,2009,17.48
bol,sex_f,age_aggregate_total,eco_isic3_k,1989,5.303
bol,sex_f,age_aggregate_total,eco_isic3_k,1990,3.506
bol,sex_f,age_aggregate_total,eco_isic3_k,1991,7.218
bol,sex_f,age_aggregate_total,eco_isic3_k,1992,9.595
bol,sex_f,age_aggregate_total,eco_isic3_k,1993,9.767
bol,sex_f,age_aggregate_total,eco_isic3_k,1994,11.538
bol,sex_f,age_aggregate_total,eco_isic3_k,1995,11.164
bol,sex_f,age_aggregate_total,eco_isic3_k,1999,146.078
bol,sex_f,age_aggregate_total,eco_isic3_k,2000,23.945
bol,sex_f,age_aggregate_total,eco_isic3_k,2001,32.519
bol,sex_f,age_aggregate_total,eco_isic3_k,2002,26.83
bol,sex_f,age_aggregate_total,eco_isic3_k,2005,38.971
bol,sex_f,age_aggregate_total,eco_isic3_k,2006,50.397
bol,sex_f,age_aggregate_total,eco_isic3_k,2007,42.837
bol,sex_f,age_aggregate_total,eco_isic3_k,2008,48.686
bol,sex_f,age_aggregate_total,eco_isic3_k,2009,69.038
bol,sex_f,age_aggregate_total,eco_isic3_l,1991,11.897
bol,sex_f,age_aggregate_total,eco_isic3_l,1992,11.503
bol,sex_f,age_aggregate_total,eco_isic3_l,1993,14.125
bol,sex_f,age_aggregate_total,eco_isic3_l,1994,11.951
bol,sex_f,age_aggregate_total,eco_isic3_l,1995,13.55
bol,sex_f,age_aggregate_total,eco_isic3_l,2000,19.102
bol,sex_f,age_aggregate_total,eco_isic3_l,2001,14.377
bol,sex_f,age_aggregate_total,eco_isic3_l,2002,17.434
bol,sex_f,age_aggregate_total,eco_isic3_l,2005,28.552
bol,sex_f,age_aggregate_total,eco_isic3_l,2006,33.884
bol,sex_f,age_aggregate_total,eco_isic3_l,2007,44.489
bol,sex_f,age_aggregate_total,eco_isic3_l,2008,61.333
bol,sex_f,age_aggregate_total,eco_isic3_l,2009,40.972
bol,sex_f,age_aggregate_total,eco_isic3_m,1989,6.365
bol,sex_f,age_aggregate_total,eco_isic3_m,1990,8.645
bol,sex_f,age_aggregate_total,eco_isic3_m,1991,41.17
bol,sex_f,age_aggregate_total,eco_isic3_m,1992,37.363
bol,sex_f,age_aggregate_total,eco_isic3_m,1993,42.633
bol,sex_f,age_aggregate_total,eco_isic3_m,1994,45.301
bol,sex_f,age_aggregate_total,eco_isic3_m,1995,41.789
bol,sex_f,age_aggregate_total,eco_isic3_m,2000,90.731
bol,sex_f,age_aggregate_total,eco_isic3_m,2001,90.254
bol,sex_f,age_aggregate_total,eco_isic3_m,2002,79.905
bol,sex_f,age_aggregate_total,eco_isic3_m,2005,101.333
bol,sex_f,age_aggregate_total,eco_isic3_m,2006,124.317
bol,sex_f,age_aggregate_total,eco_isic3_m,2007,130.981
bol,sex_f,age_aggregate_total,eco_isic3_m,2008,128.083
bol,sex_f,age_aggregate_total,eco_isic3_m,2009,160.744
bol,sex_f,age_aggregate_total,eco_isic3_n,1991,16.064
bol,sex_f,age_aggregate_total,eco_isic3_n,1992,15.701
bol,sex_f,age_aggregate_total,eco_isic3_n,1993,20.282
bol,sex_f,age_aggregate_total,eco_isic3_n,1994,20.014
bol,sex_f,age_aggregate_total,eco_isic3_n,1995,22.094
bol,sex_f,age_aggregate_total,eco_isic3_n,2000,30.53
bol,sex_f,age_aggregate_total,eco_isic3_n,2001,31.312
bol,sex_f,age_aggregate_total,eco_isic3_n,2002,40.112
bol,sex_f,age_aggregate_total,eco_isic3_n,2005,42.38
bol,sex_f,age_aggregate_total,eco_isic3_n,2006,63.092
bol,sex_f,age_aggregate_total,eco_isic3_n,2007,69.59
bol,sex_f,age_aggregate_total,eco_isic3_n,2008,68.447
bol,sex_f,age_aggregate_total,eco_isic3_n,2009,91.034
bol,sex_f,age_aggregate_total,eco_isic3_o,1989,68.052
bol,sex_f,age_aggregate_total,eco_isic3_o,1990,66.835
bol,sex_f,age_aggregate_total,eco_isic3_o,1991,22.206
bol,sex_f,age_aggregate_total,eco_isic3_o,1992,26.065
bol,sex_f,age_aggregate_total,eco_isic3_o,1993,16.037
bol,sex_f,age_aggregate_total,eco_isic3_o,1994,17.97
bol,sex_f,age_aggregate_total,eco_isic3_o,1995,16.591
bol,sex_f,age_aggregate_total,eco_isic3_o,1999,182.17
bol,sex_f,age_aggregate_total,eco_isic3_o,2000,54.689
bol,sex_f,age_aggregate_total,eco_isic3_o,2001,53.98
bol,sex_f,age_aggregate_total,eco_isic3_o,2002,60.984
bol,sex_f,age_aggregate_total,eco_isic3_o,2005,80.109
bol,sex_f,age_aggregate_total,eco_isic3_o,2006,72.999
bol,sex_f,age_aggregate_total,eco_isic3_o,2007,81.738
bol,sex_f,age_aggregate_total,eco_isic3_o,2008,60.718
bol,sex_f,age_aggregate_total,eco_isic3_o,2009,75.168
bol,sex_f,age_aggregate_total,eco_isic3_p,1989,80.257
bol,sex_f,age_aggregate_total,eco_isic3_p,1990,86.338
bol,sex_f,age_aggregate_total,eco_isic3_p,1991,55.525
bol,sex_f,age_aggregate_total,eco_isic3_p,1992,52.677
bol,sex_f,age_aggregate_total,eco_isic3_p,1993,73.098
bol,sex_f,age_aggregate_total,eco_isic3_p,1994,64.677
bol,sex_f,age_aggregate_total,eco_isic3_p,1995,74.262
bol,sex_f,age_aggregate_total,eco_isic3_p,2000,125.231
bol,sex_f,age_aggregate_total,eco_isic3_p,2001,121.803
bol,sex_f,age_aggregate_total,eco_isic3_p,2002,104.478
bol,sex_f,age_aggregate_total,eco_isic3_p,2005,98.818
bol,sex_f,age_aggregate_total,eco_isic3_p,2006,108.302
bol,sex_f,age_aggregate_total,eco_isic3_p,2007,151.163
bol,sex_f,age_aggregate_total,eco_isic3_p,2008,95.449
bol,sex_f,age_aggregate_total,eco_isic3_p,2009,109.781
bol,sex_f,age_aggregate_total,eco_isic3_q,1991,0.911
bol,sex_f,age_aggregate_total,eco_isic3_q,1992,3.01
bol,sex_f,age_aggregate_total,eco_isic3_q,1993,0.835
bol,sex_f,age_aggregate_total,eco_isic3_q,1994,0.938
bol,sex_f,age_aggregate_total,eco_isic3_q,1995,1.317
bol,sex_f,age_aggregate_total,eco_isic3_q,2002,2.075
bol,sex_f,age_aggregate_total,eco_isic3_q,2009,5.219
bol,sex_f,age_aggregate_total,eco_isic3_total,1989,369.656
bol,sex_f,age_aggregate_total,eco_isic3_total,1990,367.315
bol,sex_f,age_aggregate_total,eco_isic3_total,1991,397.025
bol,sex_f,age_aggregate_total,eco_isic3_total,1992,407.807
bol,sex_f,age_aggregate_total,eco_isic3_total,1993,459.594
bol,sex_f,age_aggregate_total,eco_isic3_total,1994,499.25
bol,sex_f,age_aggregate_total,eco_isic3_total,1995,524.443
bol,sex_f,age_aggregate_total,eco_isic3_total,1999,1650.858
bol,sex_f,age_aggregate_total,eco_isic3_total,2000,1492.746
bol,sex_f,age_aggregate_total,eco_isic3_total,2001,1597.136
bol,sex_f,age_aggregate_total,eco_isic3_total,2002,1547.799
bol,sex_f,age_aggregate_total,eco_isic3_total,2005,1761.681
bol,sex_f,age_aggregate_total,eco_isic3_total,2006,1870.776
bol,sex_f,age_aggregate_total,eco_isic3_total,2007,1957.037
bol,sex_f,age_aggregate_total,eco_isic3_total,2008,2067.259
bol,sex_f,age_aggregate_total,eco_isic3_total,2009,2112.795
bol,sex_f,age_aggregate_total,eco_isic3_x,1989,4.343
bol,sex_f,age_aggregate_total,eco_isic3_x,1990,5.908
bol,sex_f,age_aggregate_total,eco_isic3_x,1999,22.126
bol,sex_f,age_aggregate_total,eco_isic3_x,2000,22
bol,sex_f,age_aggregate_total,eco_isic3_x,2001,13.364
bol,sex_f,age_aggregate_total,eco_isic4_a,2011,735.44
bol,sex_f,age_aggregate_total,eco_isic4_a,2012,643.434
bol,sex_f,age_aggregate_total,eco_isic4_a,2013,724.969
bol,sex_f,age_aggregate_total,eco_isic4_a,2014,705.696
bol,sex_f,age_aggregate_total,eco_isic4_a,2015,625.73
bol,sex_f,age_aggregate_total,eco_isic4_a,2016,611.269
bol,sex_f,age_aggregate_total,eco_isic4_a,2017,682.077
bol,sex_f,age_aggregate_total,eco_isic4_a,2018,764.4
bol,sex_f,age_aggregate_total,eco_isic4_a,2019,709.567
bol,sex_f,age_aggregate_total,eco_isic4_a,2020,693.808
bol,sex_f,age_aggregate_total,eco_isic4_a,2021,802.853
bol,sex_f,age_aggregate_total,eco_isic4_a,2022,745.124
bol,sex_f,age_aggregate_total,eco_isic4_a,2023,782.436
bol,sex_f,age_aggregate_total,eco_isic4_a,2024,763.459
bol,sex_f,age_aggregate_total,eco_isic4_b,2011,13.532
bol,sex_f,age_aggregate_total,eco_isic4_b,2012,19.621
bol,sex_f,age_aggregate_total,eco_isic4_b,2013,17.605
bol,sex_f,age_aggregate_total,eco_isic4_b,2014,8.998
bol,sex_f,age_aggregate_total,eco_isic4_b,2015,11.53
bol,sex_f,age_aggregate_total,eco_isic4_b,2016,9.458
bol,sex_f,age_aggregate_total,eco_isic4_b,2017,7.622
bol,sex_f,age_aggregate_total,eco_isic4_b,2018,8.121
bol,sex_f,age_aggregate_total,eco_isic4_b,2019,4.918
bol,sex_f,age_aggregate_total,eco_isic4_b,2020,7.279
bol,sex_f,age_aggregate_total,eco_isic4_b,2021,6.162
bol,sex_f,age_aggregate_total,eco_isic4_b,2022,9.702
bol,sex_f,age_aggregate_total,eco_isic4_b,2023,8.016
bol,sex_f,age_aggregate_total,eco_isic4_b,2024,8.55
bol,sex_f,age_aggregate_total,eco_isic4_c,2011,108.868
bol,sex_f,age_aggregate_total,eco_isic4_c,2012,112.579
bol,sex_f,age_aggregate_total,eco_isic4_c,2013,109.045
bol,sex_f,age_aggregate_total,eco_isic4_c,2014,180.633
bol,sex_f,age_aggregate_total,eco_isic4_c,2015,149.225
bol,sex_f,age_aggregate_total,eco_isic4_c,2016,190.49
bol,sex_f,age_aggregate_total,eco_isic4_c,2017,198.287
bol,sex_f,age_aggregate_total,eco_isic4_c,2018,229.908
bol,sex_f,age_aggregate_total,eco_isic4_c,2019,278.02
bol,sex_f,age_aggregate_total,eco_isic4_c,2020,192.235
bol,sex_f,age_aggregate_total,eco_isic4_c,2021,333.151
bol,sex_f,age_aggregate_total,eco_isic4_c,2022,341.829
bol,sex_f,age_aggregate_total,eco_isic4_c,2023,363.949
bol,sex_f,age_aggregate_total,eco_isic4_c,2024,414.663
bol,sex_f,age_aggregate_total,eco_isic4_d,2012,3.219
bol,sex_f,age_aggregate_total,eco_isic4_d,2014,1.993
bol,sex_f,age_aggregate_total,eco_isic4_d,2015,2.867
bol,sex_f,age_aggregate_total,eco_isic4_d,2016,1.746
bol,sex_f,age_aggregate_total,eco_isic4_d,2017,0.831
bol,sex_f,age_aggregate_total,eco_isic4_d,2018,1.084
bol,sex_f,age_aggregate_total,eco_isic4_d,2019,1.456
bol,sex_f,age_aggregate_total,eco_isic4_d,2020,2.256
bol,sex_f,age_aggregate_total,eco_isic4_d,2021,3.575
bol,sex_f,age_aggregate_total,eco_isic4_d,2022,4.546
bol,sex_f,age_aggregate_total,eco_isic4_d,2023,4.922
bol,sex_f,age_aggregate_total,eco_isic4_d,2024,6.074
bol,sex_f,age_aggregate_total,eco_isic4_e,2012,4.163
bol,sex_f,age_aggregate_total,eco_isic4_e,2013,2.316
bol,sex_f,age_aggregate_total,eco_isic4_e,2014,1.476
bol,sex_f,age_aggregate_total,eco_isic4_e,2016,0.66
bol,sex_f,age_aggregate_total,eco_isic4_e,2017,1.172
bol,sex_f,age_aggregate_total,eco_isic4_e,2018,1.315
bol,sex_f,age_aggregate_total,eco_isic4_e,2019,1.346
bol,sex_f,age_aggregate_total,eco_isic4_e,2021,2.141
bol,sex_f,age_aggregate_total,eco_isic4_e,2022,1.736
bol,sex_f,age_aggregate_total,eco_isic4_e,2023,2.291
bol,sex_f,age_aggregate_total,eco_isic4_e,2024,1.371
bol,sex_f,age_aggregate_total,eco_isic4_f,2011,15.931
bol,sex_f,age_aggregate_total,eco_isic4_f,2012,14.659
bol,sex_f,age_aggregate_total,eco_isic4_f,2013,11.917
bol,sex_f,age_aggregate_total,eco_isic4_f,2014,21.482
bol,sex_f,age_aggregate_total,eco_isic4_f,2015,16.118
bol,sex_f,age_aggregate_total,eco_isic4_f,2016,14.186
bol,sex_f,age_aggregate_total,eco_isic4_f,2017,12.495
bol,sex_f,age_aggregate_total,eco_isic4_f,2018,12.954
bol,sex_f,age_aggregate_total,eco_isic4_f,2019,13.794
bol,sex_f,age_aggregate_total,eco_isic4_f,2020,9.212
bol,sex_f,age_aggregate_total,eco_isic4_f,2021,13.922
bol,sex_f,age_aggregate_total,eco_isic4_f,2022,13.938
bol,sex_f,age_aggregate_total,eco_isic4_f,2023,15.119
bol,sex_f,age_aggregate_total,eco_isic4_f,2024,18.191
bol,sex_f,age_aggregate_total,eco_isic4_g,2011,485.242
bol,sex_f,age_aggregate_total,eco_isic4_g,2012,485.752
bol,sex_f,age_aggregate_total,eco_isic4_g,2013,493.125
bol,sex_f,age_aggregate_total,eco_isic4_g,2014,514.216
bol,sex_f,age_aggregate_total,eco_isic4_g,2015,466.504
bol,sex_f,age_aggregate_total,eco_isic4_g,2016,483.133
bol,sex_f,age_aggregate_total,eco_isic4_g,2017,512.427
bol,sex_f,age_aggregate_total,eco_isic4_g,2018,569.733
bol,sex_f,age_aggregate_total,eco_isic4_g,2019,591.293
bol,sex_f,age_aggregate_total,eco_isic4_g,2020,600.922
bol,sex_f,age_aggregate_total,eco_isic4_g,2021,709.814
bol,sex_f,age_aggregate_total,eco_isic4_g,2022,733.923
bol,sex_f,age_aggregate_total,eco_isic4_g,2023,734.241
bol,sex_f,age_aggregate_total,eco_isic4_g,2024,751.206
bol,sex_f,age_aggregate_total,eco_isic4_h,2011,18.133
bol,sex_f,age_aggregate_total,eco_isic4_h,2012,15.727
bol,sex_f,age_aggregate_total,eco_isic4_h,2013,14.056
bol,sex_f,age_aggregate_total,eco_isic4_h,2014,16.732
bol,sex_f,age_aggregate_total,eco_isic4_h,2015,17.896
bol,sex_f,age_aggregate_total,eco_isic4_h,2016,16.277
bol,sex_f,age_aggregate_total,eco_isic4_h,2017,17.006
bol,sex_f,age_aggregate_total,eco_isic4_h,2018,17.253
bol,sex_f,age_aggregate_total,eco_isic4_h,2019,15.512
bol,sex_f,age_aggregate_total,eco_isic4_h,2020,13.549
bol,sex_f,age_aggregate_total,eco_isic4_h,2021,17.946
bol,sex_f,age_aggregate_total,eco_isic4_h,2022,17.785
bol,sex_f,age_aggregate_total,eco_isic4_h,2023,20.457
bol,sex_f,age_aggregate_total,eco_isic4_h,2024,25.552
bol,sex_f,age_aggregate_total,eco_isic4_i,2011,182.261
bol,sex_f,age_aggregate_total,eco_isic4_i,2012,199.718
bol,sex_f,age_aggregate_total,eco_isic4_i,2013,196.9
bol,sex_f,age_aggregate_total,eco_isic4_i,2014,208.327
bol,sex_f,age_aggregate_total,eco_isic4_i,2015,238.889
bol,sex_f,age_aggregate_total,eco_isic4_i,2016,232.543
bol,sex_f,age_aggregate_total,eco_isic4_i,2017,257.273
bol,sex_f,age_aggregate_total,eco_isic4_i,2018,290.913
bol,sex_f,age_aggregate_total,eco_isic4_i,2019,326.188
bol,sex_f,age_aggregate_total,eco_isic4_i,2020,272.592
bol,sex_f,age_aggregate_total,eco_isic4_i,2021,359.522
bol,sex_f,age_aggregate_total,eco_isic4_i,2022,424.924
bol,sex_f,age_aggregate_total,eco_isic4_i,2023,425.557
bol,sex_f,age_aggregate_total,eco_isic4_i,2024,462.729
bol,sex_f,age_aggregate_total,eco_isic4_j,2011,20.585
bol,sex_f,age_aggregate_total,eco_isic4_j,2012,16.915
bol,sex_f,age_aggregate_total,eco_isic4_j,2013,16.743
bol,sex_f,age_aggregate_total,eco_isic4_j,2014,20.421
bol,sex_f,age_aggregate_total,eco_isic4_j,2015,13.341
bol,sex_f,age_aggregate_total,eco_isic4_j,2016,12.893
bol,sex_f,age_aggregate_total,eco_isic4_j,2017,12.773
bol,sex_f,age_aggregate_total,eco_isic4_j,2018,13.607
bol,sex_f,age_aggregate_total,eco_isic4_j,2019,11.854
bol,sex_f,age_aggregate_total,eco_isic4_j,2020,8.892
bol,sex_f,age_aggregate_total,eco_isic4_j,2021,6.947
bol,sex_f,age_aggregate_total,eco_isic4_j,2022,7.034
bol,sex_f,age_aggregate_total,eco_isic4_j,2023,8.181
bol,sex_f,age_aggregate_total,eco_isic4_j,2024,8.14
bol,sex_f,age_aggregate_total,eco_isic4_k,2011,21.23
bol,sex_f,age_aggregate_total,eco_isic4_k,2012,19.212
bol,sex_f,age_aggregate_total,eco_isic4_k,2013,29.966
bol,sex_f,age_aggregate_total,eco_isic4_k,2014,22.823
bol,sex_f,age_aggregate_total,eco_isic4_k,2015,22.928
bol,sex_f,age_aggregate_total,eco_isic4_k,2016,19.499
bol,sex_f,age_aggregate_total,eco_isic4_k,2017,22.043
bol,sex_f,age_aggregate_total,eco_isic4_k,2018,21.83
bol,sex_f,age_aggregate_total,eco_isic4_k,2019,18.271
bol,sex_f,age_aggregate_total,eco_isic4_k,2020,27.166
bol,sex_f,age_aggregate_total,eco_isic4_k,2021,26.685
bol,sex_f,age_aggregate_total,eco_isic4_k,2022,24.765
bol,sex_f,age_aggregate_total,eco_isic4_k,2023,23.515
bol,sex_f,age_aggregate_total,eco_isic4_k,2024,22.718
bol,sex_f,age_aggregate_total,eco_isic4_l,2011,3.871
bol,sex_f,age_aggregate_total,eco_isic4_l,2012,3.313
bol,sex_f,age_aggregate_total,eco_isic4_l,2013,3.403
bol,sex_f,age_aggregate_total,eco_isic4_l,2014,3.947
bol,sex_f,age_aggregate_total,eco_isic4_l,2015,3.596
bol,sex_f,age_aggregate_total,eco_isic4_l,2016,10.03
bol,sex_f,age_aggregate_total,eco_isic4_l,2017,13.397
bol,sex_f,age_aggregate_total,eco_isic4_l,2018,13.58
bol,sex_f,age_aggregate_total,eco_isic4_l,2019,14.155
bol,sex_f,age_aggregate_total,eco_isic4_l,2020,5.733
bol,sex_f,age_aggregate_total,eco_isic4_l,2021,15.96
bol,sex_f,age_aggregate_total,eco_isic4_l,2022,13.028
bol,sex_f,age_aggregate_total,eco_isic4_l,2023,16.6
bol,sex_f,age_aggregate_total,eco_isic4_l,2024,16.006
bol,sex_f,age_aggregate_total,eco_isic4_m,2011,41.996
bol,sex_f,age_aggregate_total,eco_isic4_m,2012,47.161
bol,sex_f,age_aggregate_total,eco_isic4_m,2013,45.427
bol,sex_f,age_aggregate_total,eco_isic4_m,2014,42.61
bol,sex_f,age_aggregate_total,eco_isic4_m,2015,41.117
bol,sex_f,age_aggregate_total,eco_isic4_m,2016,34.206
bol,sex_f,age_aggregate_total,eco_isic4_m,2017,34.246
bol,sex_f,age_aggregate_total,eco_isic4_m,2018,34.453
bol,sex_f,age_aggregate_total,eco_isic4_m,2019,37.754
bol,sex_f,age_aggregate_total,eco_isic4_m,2020,51.091
bol,sex_f,age_aggregate_total,eco_isic4_m,2021,45.36
bol,sex_f,age_aggregate_total,eco_isic4_m,2022,56.062
bol,sex_f,age_aggregate_total,eco_isic4_m,2023,57.531
bol,sex_f,age_aggregate_total,eco_isic4_m,2024,56.397
bol,sex_f,age_aggregate_total,eco_isic4_n,2011,19.989
bol,sex_f,age_aggregate_total,eco_isic4_n,2012,27.808
bol,sex_f,age_aggregate_total,eco_isic4_n,2013,23.829
bol,sex_f,age_aggregate_total,eco_isic4_n,2014,23.896
bol,sex_f,age_aggregate_total,eco_isic4_n,2015,28.367
bol,sex_f,age_aggregate_total,eco_isic4_n,2016,25.861
bol,sex_f,age_aggregate_total,eco_isic4_n,2017,26.342
bol,sex_f,age_aggregate_total,eco_isic4_n,2018,36.167
bol,sex_f,age_aggregate_total,eco_isic4_n,2019,43.723
bol,sex_f,age_aggregate_total,eco_isic4_n,2020,31.028
bol,sex_f,age_aggregate_total,eco_isic4_n,2021,51.56
bol,sex_f,age_aggregate_total,eco_isic4_n,2022,56.243
bol,sex_f,age_aggregate_total,eco_isic4_n,2023,64.587
bol,sex_f,age_aggregate_total,eco_isic4_n,2024,72.448
bol,sex_f,age_aggregate_total,eco_isic4_o,2011,52.461
bol,sex_f,age_aggregate_total,eco_isic4_o,2012,46.194
bol,sex_f,age_aggregate_total,eco_isic4_o,2013,61.364
bol,sex_f,age_aggregate_total,eco_isic4_o,2014,60.434
bol,sex_f,age_aggregate_total,eco_isic4_o,2015,58.132
bol,sex_f,age_aggregate_total,eco_isic4_o,2016,48.244
bol,sex_f,age_aggregate_total,eco_isic4_o,2017,40.832
bol,sex_f,age_aggregate_total,eco_isic4_o,2018,49.492
bol,sex_f,age_aggregate_total,eco_isic4_o,2019,50.322
bol,sex_f,age_aggregate_total,eco_isic4_o,2020,52.206
bol,sex_f,age_aggregate_total,eco_isic4_o,2021,40.792
bol,sex_f,age_aggregate_total,eco_isic4_o,2022,46.456
bol,sex_f,age_aggregate_total,eco_isic4_o,2023,47.052
bol,sex_f,age_aggregate_total,eco_isic4_o,2024,51.315
bol,sex_f,age_aggregate_total,eco_isic4_p,2011,145.837
bol,sex_f,age_aggregate_total,eco_isic4_p,2012,146.256
bol,sex_f,age_aggregate_total,eco_isic4_p,2013,148.904
bol,sex_f,age_aggregate_total,eco_isic4_p,2014,139.593
bol,sex_f,age_aggregate_total,eco_isic4_p,2015,121.079
bol,sex_f,age_aggregate_total,eco_isic4_p,2016,142.009
bol,sex_f,age_aggregate_total,eco_isic4_p,2017,140.509
bol,sex_f,age_aggregate_total,eco_isic4_p,2018,141.145
bol,sex_f,age_aggregate_total,eco_isic4_p,2019,156.541
bol,sex_f,age_aggregate_total,eco_isic4_p,2020,133.783
bol,sex_f,age_aggregate_total,eco_isic4_p,2021,141.615
bol,sex_f,age_aggregate_total,eco_isic4_p,2022,154.824
bol,sex_f,age_aggregate_total,eco_isic4_p,2023,181.351
bol,sex_f,age_aggregate_total,eco_isic4_p,2024,175.666
bol,sex_f,age_aggregate_total,eco_isic4_q,2011,85.338
bol,sex_f,age_aggregate_total,eco_isic4_q,2012,83.937
bol,sex_f,age_aggregate_total,eco_isic4_q,2013,111.552
bol,sex_f,age_aggregate_total,eco_isic4_q,2014,88.714
bol,sex_f,age_aggregate_total,eco_isic4_q,2015,81.618
bol,sex_f,age_aggregate_total,eco_isic4_q,2016,87.524
bol,sex_f,age_aggregate_total,eco_isic4_q,2017,84.88
bol,sex_f,age_aggregate_total,eco_isic4_q,2018,89.169
bol,sex_f,age_aggregate_total,eco_isic4_q,2019,100.694
bol,sex_f,age_aggregate_total,eco_isic4_q,2020,109.81
bol,sex_f,age_aggregate_total,eco_isic4_q,2021,109.241
bol,sex_f,age_aggregate_total,eco_isic4_q,2022,123.963
bol,sex_f,age_aggregate_total,eco_isic4_q,2023,131.745
bol,sex_f,age_aggregate_total,eco_isic4_q,2024,144.752
bol,sex_f,age_aggregate_total,eco_isic4_r,2011,9.129
bol,sex_f,age_aggregate_total,eco_isic4_r,2012,6.444
bol,sex_f,age_aggregate_total,eco_isic4_r,2013,8.884
bol,sex_f,age_aggregate_total,eco_isic4_r,2014,8.364
bol,sex_f,age_aggregate_total,eco_isic4_r,2015,5.944
bol,sex_f,age_aggregate_total,eco_isic4_r,2016,6.736
bol,sex_f,age_aggregate_total,eco_isic4_r,2017,8.962
bol,sex_f,age_aggregate_total,eco_isic4_r,2018,9.312
bol,sex_f,age_aggregate_total,eco_isic4_r,2019,10.144
bol,sex_f,age_aggregate_total,eco_isic4_r,2020,6.17
bol,sex_f,age_aggregate_total,eco_isic4_r,2021,7.02
bol,sex_f,age_aggregate_total,eco_isic4_r,2022,8.429
bol,sex_f,age_aggregate_total,eco_isic4_r,2023,11.684
bol,sex_f,age_aggregate_total,eco_isic4_r,2024,13.29
bol,sex_f,age_aggregate_total,eco_isic4_s,2011,61.258
bol,sex_f,age_aggregate_total,eco_isic4_s,2012,46.563
bol,sex_f,age_aggregate_total,eco_isic4_s,2013,55.45
bol,sex_f,age_aggregate_total,eco_isic4_s,2014,59.373
bol,sex_f,age_aggregate_total,eco_isic4_s,2015,52.584
bol,sex_f,age_aggregate_total,eco_isic4_s,2016,51.423
bol,sex_f,age_aggregate_total,eco_isic4_s,2017,53.572
bol,sex_f,age_aggregate_total,eco_isic4_s,2018,59.481
bol,sex_f,age_aggregate_total,eco_isic4_s,2019,77.331
bol,sex_f,age_aggregate_total,eco_isic4_s,2020,64.344
bol,sex_f,age_aggregate_total,eco_isic4_s,2021,80.723
bol,sex_f,age_aggregate_total,eco_isic4_s,2022,92.914
bol,sex_f,age_aggregate_total,eco_isic4_s,2023,91.213
bol,sex_f,age_aggregate_total,eco_isic4_s,2024,111.637
bol,sex_f,age_aggregate_total,eco_isic4_t,2011,92.466
bol,sex_f,age_aggregate_total,eco_isic4_t,2012,118.98
bol,sex_f,age_aggregate_total,eco_isic4_t,2013,107.263
bol,sex_f,age_aggregate_total,eco_isic4_t,2014,98.854
bol,sex_f,age_aggregate_total,eco_isic4_t,2015,75.482
bol,sex_f,age_aggregate_total,eco_isic4_t,2016,86.605
bol,sex_f,age_aggregate_total,eco_isic4_t,2017,95.454
bol,sex_f,age_aggregate_total,eco_isic4_t,2018,87.254
bol,sex_f,age_aggregate_total,eco_isic4_t,2019,98.811
bol,sex_f,age_aggregate_total,eco_isic4_t,2020,72.615
bol,sex_f,age_aggregate_total,eco_isic4_t,2021,98.527
bol,sex_f,age_aggregate_total,eco_isic4_t,2022,118.339
bol,sex_f,age_aggregate_total,eco_isic4_t,2023,128.581
bol,sex_f,age_aggregate_total,eco_isic4_t,2024,133.049
bol,sex_f,age_aggregate_total,eco_isic4_total,2011,2116.048
bol,sex_f,age_aggregate_total,eco_isic4_total,2012,2061.848
bol,sex_f,age_aggregate_total,eco_isic4_total,2013,2182.954
bol,sex_f,age_aggregate_total,eco_isic4_total,2014,2231.151
bol,sex_f,age_aggregate_total,eco_isic4_total,2015,2038.195
bol,sex_f,age_aggregate_total,eco_isic4_total,2016,2085.87
bol,sex_f,age_aggregate_total,eco_isic4_total,2017,2222.857
bol,sex_f,age_aggregate_total,eco_isic4_total,2018,2451.17
bol,sex_f,age_aggregate_total,eco_isic4_total,2019,2562.175
bol,sex_f,age_aggregate_total,eco_isic4_total,2020,2358.598
bol,sex_f,age_aggregate_total,eco_isic4_total,2021,2874.465
bol,sex_f,age_aggregate_total,eco_isic4_total,2022,2996.99
bol,sex_f,age_aggregate_total,eco_isic4_total,2023,3120.202
bol,sex_f,age_aggregate_total,eco_isic4_total,2024,3258.324
bol,sex_f,age_aggregate_total,eco_isic4_u,2014,1.244
bol,sex_f,age_aggregate_total,eco_isic4_u,2015,2.307
bol,sex_f,age_aggregate_total,eco_isic4_u,2016,0.964
bol,sex_f,age_aggregate_total,eco_isic4_u,2017,0.254
bol,sex_f,age_aggregate_total,eco_isic4_u,2019,0.481
bol,sex_f,age_aggregate_total,eco_isic4_u,2021,0.247
bol,sex_f,age_aggregate_total,eco_isic4_u,2022,0.521
bol,sex_f,age_aggregate_total,eco_isic4_u,2024,0.416
bol,sex_f,age_aggregate_total,eco_isic4_x,2014,1.325
bol,sex_f,age_aggregate_total,eco_isic4_x,2015,1.237
bol,sex_f,age_aggregate_total,eco_isic4_x,2017,0.403
bol,sex_f,age_aggregate_total,eco_isic4_x,2020,1.934
bol,sex_f,age_aggregate_total,eco_isic4_x,2021,0.702
bol,sex_f,age_aggregate_total,eco_isic4_x,2022,0.907
bol,sex_f,age_aggregate_total,eco_isic4_x,2023,0.864
bol,sex_f,age_aggregate_total,eco_isic4_x,2024,0.695
bol,sex_f,age_aggregate_total,eco_sector_agr,1991,3.977
bol,sex_f,age_aggregate_total,eco_sector_agr,1992,4.89
bol,sex_f,age_aggregate_total,eco_sector_agr,1993,2.969
bol,sex_f,age_aggregate_total,eco_sector_agr,1994,2.428
bol,sex_f,age_aggregate_total,eco_sector_agr,1995,5.947
bol,sex_f,age_aggregate_total,eco_sector_agr,2000,526.651
bol,sex_f,age_aggregate_total,eco_sector_agr,2001,635.52
bol,sex_f,age_aggregate_total,eco_sector_agr,2002,559.281
bol,sex_f,age_aggregate_total,eco_sector_agr,2005,634.598
bol,sex_f,age_aggregate_total,eco_sector_agr,2006,668.749
bol,sex_f,age_aggregate_total,eco_sector_agr,2007,696.866
bol,sex_f,age_aggregate_total,eco_sector_agr,2008,649.194
bol,sex_f,age_aggregate_total,eco_sector_agr,2009,650.919
bol,sex_f,age_aggregate_total,eco_sector_agr,2011,735.44
bol,sex_f,age_aggregate_total,eco_sector_agr,2012,643.434
bol,sex_f,age_aggregate_total,eco_sector_agr,2013,724.969
bol,sex_f,age_aggregate_total,eco_sector_agr,2014,705.696
bol,sex_f,age_aggregate_total,eco_sector_agr,2015,625.73
bol,sex_f,age_aggregate_total,eco_sector_agr,2016,611.269
bol,sex_f,age_aggregate_total,eco_sector_agr,2017,682.077
bol,sex_f,age_aggregate_total,eco_sector_agr,2018,764.4
bol,sex_f,age_aggregate_total,eco_sector_agr,2019,709.567
bol,sex_f,age_aggregate_total,eco_sector_agr,2020,693.808
bol,sex_f,age_aggregate_total,eco_sector_agr,2021,802.853
bol,sex_f,age_aggregate_total,eco_sector_agr,2022,745.124
bol,sex_f,age_aggregate_total,eco_sector_agr,2023,782.436
bol,sex_f,age_aggregate_total,eco_sector_agr,2024,763.459
bol,sex_f,age_aggregate_total,eco_sector_ind,1989,40.7
bol,sex_f,age_aggregate_total,eco_sector_ind,1990,39.552
bol,sex_f,age_aggregate_total,eco_sector_ind,1991,59.149
bol,sex_f,age_aggregate_total,eco_sector_ind,1992,66.251
bol,sex_f,age_aggregate_total,eco_sector_ind,1993,69.869
bol,sex_f,age_aggregate_total,eco_sector_ind,1994,79.425
bol,sex_f,age_aggregate_total,eco_sector_ind,1995,85.089
bol,sex_f,age_aggregate_total,eco_sector_ind,1999,231.185
bol,sex_f,age_aggregate_total,eco_sector_ind,2000,153.018
bol,sex_f,age_aggregate_total,eco_sector_ind,2001,153.31
bol,sex_f,age_aggregate_total,eco_sector_ind,2002,175.21
bol,sex_f,age_aggregate_total,eco_sector_ind,2005,200.36
bol,sex_f,age_aggregate_total,eco_sector_ind,2006,196.536
bol,sex_f,age_aggregate_total,eco_sector_ind,2007,185.87
bol,sex_f,age_aggregate_total,eco_sector_ind,2008,227.93
bol,sex_f,age_aggregate_total,eco_sector_ind,2009,225.575
bol,sex_f,age_aggregate_total,eco_sector_ind,2011,140.594
bol,sex_f,age_aggregate_total,eco_sector_ind,2012,154.241
bol,sex_f,age_aggregate_total,eco_sector_ind,2013,141.119
bol,sex_f,age_aggregate_total,eco_sector_ind,2014,214.582
bol,sex_f,age_aggregate_total,eco_sector_ind,2015,181.444
bol,sex_f,age_aggregate_total,eco_sector_ind,2016,216.54
bol,sex_f,age_aggregate_total,eco_sector_ind,2017,220.408
bol,sex_f,age_aggregate_total,eco_sector_ind,2018,253.382
bol,sex_f,age_aggregate_total,eco_sector_ind,2019,299.534
bol,sex_f,age_aggregate_total,eco_sector_ind,2020,211.686
bol,sex_f,age_aggregate_total,eco_sector_ind,2021,358.951
bol,sex_f,age_aggregate_total,eco_sector_ind,2022,371.75
bol,sex_f,age_aggregate_total,eco_sector_ind,2023,394.297
bol,sex_f,age_aggregate_total,eco_sector_ind,2024,448.849
bol,sex_f,age_aggregate_total,eco_sector_nag,1989,369.656
bol,sex_f,age_aggregate_total,eco_sector_nag,1990,367.315
bol,sex_f,age_aggregate_total,eco_sector_nag,1991,393.048
bol,sex_f,age_aggregate_total,eco_sector_nag,1992,402.917
bol,sex_f,age_aggregate_total,eco_sector_nag,1993,456.625
bol,sex_f,age_aggregate_total,eco_sector_nag,1994,496.822
bol,sex_f,age_aggregate_total,eco_sector_nag,1995,518.496
bol,sex_f,age_aggregate_total,eco_sector_nag,1999,1650.858
bol,sex_f,age_aggregate_total,eco_sector_nag,2000,966.095
bol,sex_f,age_aggregate_total,eco_sector_nag,2001,961.616
bol,sex_f,age_aggregate_total,eco_sector_nag,2002,988.518
bol,sex_f,age_aggregate_total,eco_sector_nag,2005,1127.083
bol,sex_f,age_aggregate_total,eco_sector_nag,2006,1202.027
bol,sex_f,age_aggregate_total,eco_sector_nag,2007,1260.171
bol,sex_f,age_aggregate_total,eco_sector_nag,2008,1418.065
bol,sex_f,age_aggregate_total,eco_sector_nag,2009,1461.876
bol,sex_f,age_aggregate_total,eco_sector_nag,2011,1380.608
bol,sex_f,age_aggregate_total,eco_sector_nag,2012,1418.414
bol,sex_f,age_aggregate_total,eco_sector_nag,2013,1457.985
bol,sex_f,age_aggregate_total,eco_sector_nag,2014,1525.455
bol,sex_f,age_aggregate_total,eco_sector_nag,2015,1412.465
bol,sex_f,age_aggregate_total,eco_sector_nag,2016,1474.601
bol,sex_f,age_aggregate_total,eco_sector_nag,2017,1540.781
bol,sex_f,age_aggregate_total,eco_sector_nag,2018,1686.77
bol,sex_f,age_aggregate_total,eco_sector_nag,2019,1852.608
bol,sex_f,age_aggregate_total,eco_sector_nag,2020,1664.79
bol,sex_f,age_aggregate_total,eco_sector_nag,2021,2071.612
bol,sex_f,age_aggregate_total,eco_sector_nag,2022,2251.866
bol,sex_f,age_aggregate_total,eco_sector_nag,2023,2337.766
bol,sex_f,age_aggregate_total,eco_sector_nag,2024,2494.865
bol,sex_f,age_aggregate_total,eco_sector_ser,1989,324.615
bol,sex_f,age_aggregate_total,eco_sector_ser,1990,321.855
bol,sex_f,age_aggregate_total,eco_sector_ser,1991,333.876
bol,sex_f,age_aggregate_total,eco_sector_ser,1992,336.519
bol,sex_f,age_aggregate_total,eco_sector_ser,1993,386.756
bol,sex_f,age_aggregate_total,eco_sector_ser,1994,417.226
bol,sex_f,age_aggregate_total,eco_sector_ser,1995,433.076
bol,sex_f,age_aggregate_total,eco_sector_ser,1999,1397.547
bol,sex_f,age_aggregate_total,eco_sector_ser,2000,791.077
bol,sex_f,age_aggregate_total,eco_sector_ser,2001,794.942
bol,sex_f,age_aggregate_total,eco_sector_ser,2002,813.308
bol,sex_f,age_aggregate_total,eco_sector_ser,2005,926.723
bol,sex_f,age_aggregate_total,eco_sector_ser,2006,1005.491
bol,sex_f,age_aggregate_total,eco_sector_ser,2007,1074.301
bol,sex_f,age_aggregate_total,eco_sector_ser,2008,1190.135
bol,sex_f,age_aggregate_total,eco_sector_ser,2009,1236.301
bol,sex_f,age_aggregate_total,eco_sector_ser,2011,1240.014
bol,sex_f,age_aggregate_total,eco_sector_ser,2012,1264.173
bol,sex_f,age_aggregate_total,eco_sector_ser,2013,1316.866
bol,sex_f,age_aggregate_total,eco_sector_ser,2014,1309.548
bol,sex_f,age_aggregate_total,eco_sector_ser,2015,1229.784
bol,sex_f,age_aggregate_total,eco_sector_ser,2016,1257.948
bol,sex_f,age_aggregate_total,eco_sector_ser,2017,1319.97
bol,sex_f,age_aggregate_total,eco_sector_ser,2018,1433.388
bol,sex_f,age_aggregate_total,eco_sector_ser,2019,1553.074
bol,sex_f,age_aggregate_total,eco_sector_ser,2020,1451.17
bol,sex_f,age_aggregate_total,eco_sector_ser,2021,1711.96
bol,sex_f,age_aggregate_total,eco_sector_ser,2022,1879.209
bol,sex_f,age_aggregate_total,eco_sector_ser,2023,1942.606
bol,sex_f,age_aggregate_total,eco_sector_ser,2024,2045.321
bol,sex_f,age_aggregate_total,eco_sector_total,1989,369.656
bol,sex_f,age_aggregate_total,eco_sector_total,1990,367.315
bol,sex_f,age_aggregate_total,eco_sector_total,1991,397.025
bol,sex_f,age_aggregate_total,eco_sector_total,1992,407.807
bol,sex_f,age_aggregate_total,eco_sector_total,1993,459.594
bol,sex_f,age_aggregate_total,eco_sector_total,1994,499.25
bol,sex_f,age_aggregate_total,eco_sector_total,1995,524.443
bol,sex_f,age_aggregate_total,eco_sector_total,1999,1650.858
bol,sex_f,age_aggregate_total,eco_sector_total,2000,1492.746
bol,sex_f,age_aggregate_total,eco_sector_total,2001,1597.136
bol,sex_f,age_aggregate_total,eco_sector_total,2002,1547.799
bol,sex_f,age_aggregate_total,eco_sector_total,2005,1761.681
bol,sex_f,age_aggregate_total,eco_sector_total,2006,1870.776
bol,sex_f,age_aggregate_total,eco_sector_total,2007,1957.037
bol,sex_f,age_aggregate_total,eco_sector_total,2008,2067.259
bol,sex_f,age_aggregate_total,eco_sector_total,2009,2112.795
bol,sex_f,age_aggregate_total,eco_sector_total,2011,2116.048
bol,sex_f,age_aggregate_total,eco_sector_total,2012,2061.848
bol,sex_f,age_aggregate_total,eco_sector_total,2013,2182.954
bol,sex_f,age_aggregate_total,eco_sector_total,2014,2231.151
bol,sex_f,age_aggregate_total,eco_sector_total,2015,2038.195
bol,sex_f,age_aggregate_total,eco_sector_total,2016,2085.87
bol,sex_f,age_aggregate_total,eco_sector_total,2017,2222.857
bol,sex_f,age_aggregate_total,eco_sector_total,2018,2451.17
bol,sex_f,age_aggregate_total,eco_sector_total,2019,2562.175
bol,sex_f,age_aggregate_total,eco_sector_total,2020,2358.598
bol,sex_f,age_aggregate_total,eco_sector_total,2021,2874.465
bol,sex_f,age_aggregate_total,eco_sector_total,2022,2996.99
bol,sex_f,age_aggregate_total,eco_sector_total,2023,3120.202
bol,sex_f,age_aggregate_total,eco_sector_total,2024,3258.324
bol,sex_f,age_aggregate_total,eco_sector_x,1989,4.343
bol,sex_f,age_aggregate_total,eco_sector_x,1990,5.908
bol,sex_f,age_aggregate_total,eco_sector_x,1999,22.126
bol,sex_f,age_aggregate_total,eco_sector_x,2000,22
bol,sex_f,age_aggregate_total,eco_sector_x,2001,13.364
bol,sex_f,age_aggregate_total,eco_sector_x,2014,1.325
bol,sex_f,age_aggregate_total,eco_sector_x,2015,1.237
bol,sex_f,age_aggregate_total,eco_sector_x,2017,0.403
bol,sex_f,age_aggregate_total,eco_sector_x,2020,1.934
bol,sex_f,age_aggregate_total,eco_sector_x,2021,0.702
bol,sex_f,age_aggregate_total,eco_sector_x,2022,0.907
bol,sex_f,age_aggregate_total,eco_sector_x,2023,0.864
bol,sex_f,age_aggregate_total,eco_sector_x,2024,0.695
bol,sex_f,age_aggregate_y15_24,eco_aggregate_agr,1991,1.256
bol,sex_f,age_aggregate_y15_24,eco_aggregate_agr,1994,0.948
bol,sex_f,age_aggregate_y15_24,eco_aggregate_agr,1995,1.098
bol,sex_f,age_aggregate_y15_24,eco_aggregate_agr,2000,123.706
bol,sex_f,age_aggregate_y15_24,eco_aggregate_agr,2001,159.225
bol,sex_f,age_aggregate_y15_24,eco_aggregate_agr,2002,137.545
bol,sex_f,age_aggregate_y15_24,eco_aggregate_agr,2005,127.485
bol,sex_f,age_aggregate_y15_24,eco_aggregate_agr,2006,151.496
bol,sex_f,age_aggregate_y15_24,eco_aggregate_agr,2007,160.991
bol,sex_f,age_aggregate_y15_24,eco_aggregate_agr,2008,141.879
bol,sex_f,age_aggregate_y15_24,eco_aggregate_agr,2009,130.531
bol,sex_f,age_aggregate_y15_24,eco_aggregate_agr,2011,157.064
bol,sex_f,age_aggregate_y15_24,eco_aggregate_agr,2012,129.967
bol,sex_f,age_aggregate_y15_24,eco_aggregate_agr,2013,133.89
bol,sex_f,age_aggregate_y15_24,eco_aggregate_agr,2014,140.339
bol,sex_f,age_aggregate_y15_24,eco_aggregate_agr,2015,109.969
bol,sex_f,age_aggregate_y15_24,eco_aggregate_agr,2016,112.91
bol,sex_f,age_aggregate_y15_24,eco_aggregate_agr,2017,124.214
bol,sex_f,age_aggregate_y15_24,eco_aggregate_agr,2018,135.76
bol,sex_f,age_aggregate_y15_24,eco_aggregate_agr,2019,118.979
bol,sex_f,age_aggregate_y15_24,eco_aggregate_agr,2020,118.534
bol,sex_f,age_aggregate_y15_24,eco_aggregate_agr,2021,155.488
bol,sex_f,age_aggregate_y15_24,eco_aggregate_agr,2022,136.326
bol,sex_f,age_aggregate_y15_24,eco_aggregate_agr,2023,134.224
bol,sex_f,age_aggregate_y15_24,eco_aggregate_agr,2024,121.752
bol,sex_f,age_aggregate_y15_24,eco_aggregate_con,1995,0.573
bol,sex_f,age_aggregate_y15_24,eco_aggregate_con,2002,2.012
bol,sex_f,age_aggregate_y15_24,eco_aggregate_con,2005,2.956
bol,sex_f,age_aggregate_y15_24,eco_aggregate_con,2007,0
bol,sex_f,age_aggregate_y15_24,eco_aggregate_con,2011,4.071
bol,sex_f,age_aggregate_y15_24,eco_aggregate_con,2012,2.343
bol,sex_f,age_aggregate_y15_24,eco_aggregate_con,2013,1.655
bol,sex_f,age_aggregate_y15_24,eco_aggregate_con,2014,3.689
bol,sex_f,age_aggregate_y15_24,eco_aggregate_con,2015,1.799
bol,sex_f,age_aggregate_y15_24,eco_aggregate_con,2016,2.427
bol,sex_f,age_aggregate_y15_24,eco_aggregate_con,2017,2.428
bol,sex_f,age_aggregate_y15_24,eco_aggregate_con,2018,1.669
bol,sex_f,age_aggregate_y15_24,eco_aggregate_con,2019,2.017
bol,sex_f,age_aggregate_y15_24,eco_aggregate_con,2020,0.82
bol,sex_f,age_aggregate_y15_24,eco_aggregate_con,2021,2.123
bol,sex_f,age_aggregate_y15_24,eco_aggregate_con,2022,1.315
bol,sex_f,age_aggregate_y15_24,eco_aggregate_con,2023,1.847
bol,sex_f,age_aggregate_y15_24,eco_aggregate_con,2024,2.859
bol,sex_f,age_aggregate_y15_24,eco_aggregate_man,1989,8.765
bol,sex_f,age_aggregate_y15_24,eco_aggregate_man,1990,9.959
bol,sex_f,age_aggregate_y15_24,eco_aggregate_man,1991,16.171
bol,sex_f,age_aggregate_y15_24,eco_aggregate_man,1992,15.304
bol,sex_f,age_aggregate_y15_24,eco_aggregate_man,1993,21.417
bol,sex_f,age_aggregate_y15_24,eco_aggregate_man,1994,22.318
bol,sex_f,age_aggregate_y15_24,eco_aggregate_man,1995,25.333
bol,sex_f,age_aggregate_y15_24,eco_aggregate_man,1999,12.655
bol,sex_f,age_aggregate_y15_24,eco_aggregate_man,2000,39.467
bol,sex_f,age_aggregate_y15_24,eco_aggregate_man,2001,31.79
bol,sex_f,age_aggregate_y15_24,eco_aggregate_man,2002,30.985
bol,sex_f,age_aggregate_y15_24,eco_aggregate_man,2005,35.477
bol,sex_f,age_aggregate_y15_24,eco_aggregate_man,2006,47.197
bol,sex_f,age_aggregate_y15_24,eco_aggregate_man,2007,30.676
bol,sex_f,age_aggregate_y15_24,eco_aggregate_man,2008,36.419
bol,sex_f,age_aggregate_y15_24,eco_aggregate_man,2009,50.506
bol,sex_f,age_aggregate_y15_24,eco_aggregate_man,2011,27.209
bol,sex_f,age_aggregate_y15_24,eco_aggregate_man,2012,13.704
bol,sex_f,age_aggregate_y15_24,eco_aggregate_man,2013,24.306
bol,sex_f,age_aggregate_y15_24,eco_aggregate_man,2014,35.143
bol,sex_f,age_aggregate_y15_24,eco_aggregate_man,2015,23.677
bol,sex_f,age_aggregate_y15_24,eco_aggregate_man,2016,31.971
bol,sex_f,age_aggregate_y15_24,eco_aggregate_man,2017,31.683
bol,sex_f,age_aggregate_y15_24,eco_aggregate_man,2018,40.797
bol,sex_f,age_aggregate_y15_24,eco_aggregate_man,2019,46.245
bol,sex_f,age_aggregate_y15_24,eco_aggregate_man,2020,28.713
bol,sex_f,age_aggregate_y15_24,eco_aggregate_man,2021,66.883
bol,sex_f,age_aggregate_y15_24,eco_aggregate_man,2022,65.316
bol,sex_f,age_aggregate_y15_24,eco_aggregate_man,2023,63.046
bol,sex_f,age_aggregate_y15_24,eco_aggregate_man,2024,75.794
bol,sex_f,age_aggregate_y15_24,eco_aggregate_mel,1989,1.085
bol,sex_f,age_aggregate_y15_24,eco_aggregate_mel,1990,0
bol,sex_f,age_aggregate_y15_24,eco_aggregate_mel,1991,0.231
bol,sex_f,age_aggregate_y15_24,eco_aggregate_mel,1993,0
bol,sex_f,age_aggregate_y15_24,eco_aggregate_mel,1994,0.615
bol,sex_f,age_aggregate_y15_24,eco_aggregate_mel,1999,14.929
bol,sex_f,age_aggregate_y15_24,eco_aggregate_mel,2001,1.514
bol,sex_f,age_aggregate_y15_24,eco_aggregate_mel,2002,0
bol,sex_f,age_aggregate_y15_24,eco_aggregate_mel,2011,2.296
bol,sex_f,age_aggregate_y15_24,eco_aggregate_mel,2012,2.811
bol,sex_f,age_aggregate_y15_24,eco_aggregate_mel,2013,2.412
bol,sex_f,age_aggregate_y15_24,eco_aggregate_mel,2014,2.391
bol,sex_f,age_aggregate_y15_24,eco_aggregate_mel,2015,1.407
bol,sex_f,age_aggregate_y15_24,eco_aggregate_mel,2016,1.595
bol,sex_f,age_aggregate_y15_24,eco_aggregate_mel,2017,0.68
bol,sex_f,age_aggregate_y15_24,eco_aggregate_mel,2018,1.154
bol,sex_f,age_aggregate_y15_24,eco_aggregate_mel,2019,1.021
bol,sex_f,age_aggregate_y15_24,eco_aggregate_mel,2021,2.131
bol,sex_f,age_aggregate_y15_24,eco_aggregate_mel,2022,2.068
bol,sex_f,age_aggregate_y15_24,eco_aggregate_mel,2023,1.957
bol,sex_f,age_aggregate_y15_24,eco_aggregate_mel,2024,2.543
bol,sex_f,age_aggregate_y15_24,eco_aggregate_mkt,1989,30.84
bol,sex_f,age_aggregate_y15_24,eco_aggregate_mkt,1990,26.295
bol,sex_f,age_aggregate_y15_24,eco_aggregate_mkt,1991,36.156
bol,sex_f,age_aggregate_y15_24,eco_aggregate_mkt,1992,38.115
bol,sex_f,age_aggregate_y15_24,eco_aggregate_mkt,1993,45.972
bol,sex_f,age_aggregate_y15_24,eco_aggregate_mkt,1994,54.475
bol,sex_f,age_aggregate_y15_24,eco_aggregate_mkt,1995,60.032
bol,sex_f,age_aggregate_y15_24,eco_aggregate_mkt,1999,263.958
bol,sex_f,age_aggregate_y15_24,eco_aggregate_mkt,2000,76.447
bol,sex_f,age_aggregate_y15_24,eco_aggregate_mkt,2001,117.532
bol,sex_f,age_aggregate_y15_24,eco_aggregate_mkt,2002,112.015
bol,sex_f,age_aggregate_y15_24,eco_aggregate_mkt,2005,112.065
bol,sex_f,age_aggregate_y15_24,eco_aggregate_mkt,2006,124.568
bol,sex_f,age_aggregate_y15_24,eco_aggregate_mkt,2007,98.378
bol,sex_f,age_aggregate_y15_24,eco_aggregate_mkt,2008,155.913
bol,sex_f,age_aggregate_y15_24,eco_aggregate_mkt,2009,161.718
bol,sex_f,age_aggregate_y15_24,eco_aggregate_mkt,2011,167.44
bol,sex_f,age_aggregate_y15_24,eco_aggregate_mkt,2012,143.304
bol,sex_f,age_aggregate_y15_24,eco_aggregate_mkt,2013,145.491
bol,sex_f,age_aggregate_y15_24,eco_aggregate_mkt,2014,156.48
bol,sex_f,age_aggregate_y15_24,eco_aggregate_mkt,2015,137.309
bol,sex_f,age_aggregate_y15_24,eco_aggregate_mkt,2016,143.13
bol,sex_f,age_aggregate_y15_24,eco_aggregate_mkt,2017,152.764
bol,sex_f,age_aggregate_y15_24,eco_aggregate_mkt,2018,187.297
bol,sex_f,age_aggregate_y15_24,eco_aggregate_mkt,2019,208.789
bol,sex_f,age_aggregate_y15_24,eco_aggregate_mkt,2020,163.003
bol,sex_f,age_aggregate_y15_24,eco_aggregate_mkt,2021,280.344
bol,sex_f,age_aggregate_y15_24,eco_aggregate_mkt,2022,291.162
bol,sex_f,age_aggregate_y15_24,eco_aggregate_mkt,2023,286.089
bol,sex_f,age_aggregate_y15_24,eco_aggregate_mkt,2024,304.313
bol,sex_f,age_aggregate_y15_24,eco_aggregate_pub,1989,46.741
bol,sex_f,age_aggregate_y15_24,eco_aggregate_pub,1990,50.423
bol,sex_f,age_aggregate_y15_24,eco_aggregate_pub,1991,45.745
bol,sex_f,age_aggregate_y15_24,eco_aggregate_pub,1992,46.671
bol,sex_f,age_aggregate_y15_24,eco_aggregate_pub,1993,54.139
bol,sex_f,age_aggregate_y15_24,eco_aggregate_pub,1994,46.166
bol,sex_f,age_aggregate_y15_24,eco_aggregate_pub,1995,47.983
bol,sex_f,age_aggregate_y15_24,eco_aggregate_pub,1999,65.255
bol,sex_f,age_aggregate_y15_24,eco_aggregate_pub,2000,82.639
bol,sex_f,age_aggregate_y15_24,eco_aggregate_pub,2001,84.949
bol,sex_f,age_aggregate_y15_24,eco_aggregate_pub,2002,72.397
bol,sex_f,age_aggregate_y15_24,eco_aggregate_pub,2005,80.97
bol,sex_f,age_aggregate_y15_24,eco_aggregate_pub,2006,75.332
bol,sex_f,age_aggregate_y15_24,eco_aggregate_pub,2007,95.499
bol,sex_f,age_aggregate_y15_24,eco_aggregate_pub,2008,85.879
bol,sex_f,age_aggregate_y15_24,eco_aggregate_pub,2009,79.539
bol,sex_f,age_aggregate_y15_24,eco_aggregate_pub,2011,60.685
bol,sex_f,age_aggregate_y15_24,eco_aggregate_pub,2012,61.639
bol,sex_f,age_aggregate_y15_24,eco_aggregate_pub,2013,64.452
bol,sex_f,age_aggregate_y15_24,eco_aggregate_pub,2014,66.784
bol,sex_f,age_aggregate_y15_24,eco_aggregate_pub,2015,52.955
bol,sex_f,age_aggregate_y15_24,eco_aggregate_pub,2016,58.469
bol,sex_f,age_aggregate_y15_24,eco_aggregate_pub,2017,51.541
bol,sex_f,age_aggregate_y15_24,eco_aggregate_pub,2018,51.175
bol,sex_f,age_aggregate_y15_24,eco_aggregate_pub,2019,59.776
bol,sex_f,age_aggregate_y15_24,eco_aggregate_pub,2020,35.528
bol,sex_f,age_aggregate_y15_24,eco_aggregate_pub,2021,55.935
bol,sex_f,age_aggregate_y15_24,eco_aggregate_pub,2022,69.855
bol,sex_f,age_aggregate_y15_24,eco_aggregate_pub,2023,74.716
bol,sex_f,age_aggregate_y15_24,eco_aggregate_pub,2024,78.936
bol,sex_f,age_aggregate_y15_24,eco_aggregate_total,1989,88.532
bol,sex_f,age_aggregate_y15_24,eco_aggregate_total,1990,88.681
bol,sex_f,age_aggregate_y15_24,eco_aggregate_total,1991,100.015
bol,sex_f,age_aggregate_y15_24,eco_aggregate_total,1992,101.123
bol,sex_f,age_aggregate_y15_24,eco_aggregate_total,1993,122.492
bol,sex_f,age_aggregate_y15_24,eco_aggregate_total,1994,125.061
bol,sex_f,age_aggregate_y15_24,eco_aggregate_total,1995,135.327
bol,sex_f,age_aggregate_y15_24,eco_aggregate_total,1999,366.282
bol,sex_f,age_aggregate_y15_24,eco_aggregate_total,2000,330.514
bol,sex_f,age_aggregate_y15_24,eco_aggregate_total,2001,398.821
bol,sex_f,age_aggregate_y15_24,eco_aggregate_total,2002,354.954
bol,sex_f,age_aggregate_y15_24,eco_aggregate_total,2005,363.335
bol,sex_f,age_aggregate_y15_24,eco_aggregate_total,2006,400.314
bol,sex_f,age_aggregate_y15_24,eco_aggregate_total,2007,386.509
bol,sex_f,age_aggregate_y15_24,eco_aggregate_total,2008,422.701
bol,sex_f,age_aggregate_y15_24,eco_aggregate_total,2009,425.336
bol,sex_f,age_aggregate_y15_24,eco_aggregate_total,2011,418.765
bol,sex_f,age_aggregate_y15_24,eco_aggregate_total,2012,353.768
bol,sex_f,age_aggregate_y15_24,eco_aggregate_total,2013,372.206
bol,sex_f,age_aggregate_y15_24,eco_aggregate_total,2014,405.142
bol,sex_f,age_aggregate_y15_24,eco_aggregate_total,2015,327.774
bol,sex_f,age_aggregate_y15_24,eco_aggregate_total,2016,350.536
bol,sex_f,age_aggregate_y15_24,eco_aggregate_total,2017,363.546
bol,sex_f,age_aggregate_y15_24,eco_aggregate_total,2018,417.852
bol,sex_f,age_aggregate_y15_24,eco_aggregate_total,2019,436.827
bol,sex_f,age_aggregate_y15_24,eco_aggregate_total,2020,347.358
bol,sex_f,age_aggregate_y15_24,eco_aggregate_total,2021,563.315
bol,sex_f,age_aggregate_y15_24,eco_aggregate_total,2022,566.319
bol,sex_f,age_aggregate_y15_24,eco_aggregate_total,2023,562.075
bol,sex_f,age_aggregate_y15_24,eco_aggregate_total,2024,586.6
bol,sex_f,age_aggregate_y15_24,eco_aggregate_x,1989,1.101
bol,sex_f,age_aggregate_y15_24,eco_aggregate_x,1990,2.004
bol,sex_f,age_aggregate_y15_24,eco_aggregate_x,1999,9.485
bol,sex_f,age_aggregate_y15_24,eco_aggregate_x,2000,4.756
bol,sex_f,age_aggregate_y15_24,eco_aggregate_x,2001,2.36
bol,sex_f,age_aggregate_y15_24,eco_aggregate_x,2017,0.236
bol,sex_f,age_aggregate_y15_24,eco_aggregate_x,2021,0.411
bol,sex_f,age_aggregate_y15_24,eco_aggregate_x,2024,0.402
bol,sex_f,age_aggregate_y15_24,eco_isic3_a,1991,1.256
bol,sex_f,age_aggregate_y15_24,eco_isic3_a,1994,0.948
bol,sex_f,age_aggregate_y15_24,eco_isic3_a,1995,1.098
bol,sex_f,age_aggregate_y15_24,eco_isic3_a,2000,123.706
bol,sex_f,age_aggregate_y15_24,eco_isic3_a,2001,159.225
bol,sex_f,age_aggregate_y15_24,eco_isic3_a,2002,137.024
bol,sex_f,age_aggregate_y15_24,eco_isic3_a,2005,127.485
bol,sex_f,age_aggregate_y15_24,eco_isic3_a,2006,147.924
bol,sex_f,age_aggregate_y15_24,eco_isic3_a,2007,160.991
bol,sex_f,age_aggregate_y15_24,eco_isic3_a,2008,141.036
bol,sex_f,age_aggregate_y15_24,eco_isic3_a,2009,130.531
bol,sex_f,age_aggregate_y15_24,eco_isic3_c,1989,0.759
bol,sex_f,age_aggregate_y15_24,eco_isic3_c,1990,0
bol,sex_f,age_aggregate_y15_24,eco_isic3_c,2001,1.231
bol,sex_f,age_aggregate_y15_24,eco_isic3_c,2002,0
bol,sex_f,age_aggregate_y15_24,eco_isic3_c,2007,0
bol,sex_f,age_aggregate_y15_24,eco_isic3_d,1989,8.765
bol,sex_f,age_aggregate_y15_24,eco_isic3_d,1990,9.959
bol,sex_f,age_aggregate_y15_24,eco_isic3_d,1991,16.171
bol,sex_f,age_aggregate_y15_24,eco_isic3_d,1992,15.304
bol,sex_f,age_aggregate_y15_24,eco_isic3_d,1993,21.417
bol,sex_f,age_aggregate_y15_24,eco_isic3_d,1994,22.318
bol,sex_f,age_aggregate_y15_24,eco_isic3_d,1995,25.333
bol,sex_f,age_aggregate_y15_24,eco_isic3_d,1999,12.655
bol,sex_f,age_aggregate_y15_24,eco_isic3_d,2000,39.467
bol,sex_f,age_aggregate_y15_24,eco_isic3_d,2001,31.79
bol,sex_f,age_aggregate_y15_24,eco_isic3_d,2002,30.985
bol,sex_f,age_aggregate_y15_24,eco_isic3_d,2005,35.477
bol,sex_f,age_aggregate_y15_24,eco_isic3_d,2006,47.197
bol,sex_f,age_aggregate_y15_24,eco_isic3_d,2007,30.676
bol,sex_f,age_aggregate_y15_24,eco_isic3_d,2008,36.419
bol,sex_f,age_aggregate_y15_24,eco_isic3_d,2009,50.506
bol,sex_f,age_aggregate_y15_24,eco_isic3_e,1999,14.929
bol,sex_f,age_aggregate_y15_24,eco_isic3_f,1995,0.573
bol,sex_f,age_aggregate_y15_24,eco_isic3_f,2002,2.012
bol,sex_f,age_aggregate_y15_24,eco_isic3_f,2005,2.956
bol,sex_f,age_aggregate_y15_24,eco_isic3_f,2007,0
bol,sex_f,age_aggregate_y15_24,eco_isic3_g,1989,0.308
bol,sex_f,age_aggregate_y15_24,eco_isic3_g,1991,24.053
bol,sex_f,age_aggregate_y15_24,eco_isic3_g,1992,26.567
bol,sex_f,age_aggregate_y15_24,eco_isic3_g,1993,31.54
bol,sex_f,age_aggregate_y15_24,eco_isic3_g,1994,36.197
bol,sex_f,age_aggregate_y15_24,eco_isic3_g,1995,39.933
bol,sex_f,age_aggregate_y15_24,eco_isic3_g,1999,77.306
bol,sex_f,age_aggregate_y15_24,eco_isic3_g,2000,60.41
bol,sex_f,age_aggregate_y15_24,eco_isic3_g,2001,79.213
bol,sex_f,age_aggregate_y15_24,eco_isic3_g,2002,71.611
bol,sex_f,age_aggregate_y15_24,eco_isic3_g,2005,56.474
bol,sex_f,age_aggregate_y15_24,eco_isic3_g,2006,70.831
bol,sex_f,age_aggregate_y15_24,eco_isic3_g,2007,69.669
bol,sex_f,age_aggregate_y15_24,eco_isic3_g,2008,95.63
bol,sex_f,age_aggregate_y15_24,eco_isic3_g,2009,91.308
bol,sex_f,age_aggregate_y15_24,eco_isic3_h,1991,7.235
bol,sex_f,age_aggregate_y15_24,eco_isic3_h,1992,5.89
bol,sex_f,age_aggregate_y15_24,eco_isic3_h,1993,9.448
bol,sex_f,age_aggregate_y15_24,eco_isic3_h,1994,12.148
bol,sex_f,age_aggregate_y15_24,eco_isic3_h,1995,13.208
bol,sex_f,age_aggregate_y15_24,eco_isic3_h,2000,10.402
bol,sex_f,age_aggregate_y15_24,eco_isic3_h,2001,26.693
bol,sex_f,age_aggregate_y15_24,eco_isic3_h,2002,31.247
bol,sex_f,age_aggregate_y15_24,eco_isic3_h,2005,33.24
bol,sex_f,age_aggregate_y15_24,eco_isic3_h,2006,31.183
bol,sex_f,age_aggregate_y15_24,eco_isic3_h,2007,13.811
bol,sex_f,age_aggregate_y15_24,eco_isic3_h,2008,34.526
bol,sex_f,age_aggregate_y15_24,eco_isic3_h,2009,46.356
bol,sex_f,age_aggregate_y15_24,eco_isic3_i,1989,29.323
bol,sex_f,age_aggregate_y15_24,eco_isic3_i,1990,25.477
bol,sex_f,age_aggregate_y15_24,eco_isic3_i,1991,1.501
bol,sex_f,age_aggregate_y15_24,eco_isic3_i,1992,1.352
bol,sex_f,age_aggregate_y15_24,eco_isic3_i,1993,0.977
bol,sex_f,age_aggregate_y15_24,eco_isic3_i,1994,1.696
bol,sex_f,age_aggregate_y15_24,eco_isic3_i,1995,1.331
bol,sex_f,age_aggregate_y15_24,eco_isic3_i,1999,154.595
bol,sex_f,age_aggregate_y15_24,eco_isic3_i,2000,1.391
bol,sex_f,age_aggregate_y15_24,eco_isic3_i,2001,4.762
bol,sex_f,age_aggregate_y15_24,eco_isic3_i,2002,3.154
bol,sex_f,age_aggregate_y15_24,eco_isic3_i,2005,9.135
bol,sex_f,age_aggregate_y15_24,eco_isic3_i,2006,11.89
bol,sex_f,age_aggregate_y15_24,eco_isic3_i,2007,7.212
bol,sex_f,age_aggregate_y15_24,eco_isic3_i,2008,17.716
bol,sex_f,age_aggregate_y15_24,eco_isic3_i,2009,12.371
bol,sex_f,age_aggregate_y15_24,eco_isic3_j,1991,0.596
bol,sex_f,age_aggregate_y15_24,eco_isic3_j,1992,0.703
bol,sex_f,age_aggregate_y15_24,eco_isic3_j,1993,1.005
bol,sex_f,age_aggregate_y15_24,eco_isic3_j,1994,0.879
bol,sex_f,age_aggregate_y15_24,eco_isic3_j,1995,1.179
bol,sex_f,age_aggregate_y15_24,eco_isic3_j,2008,2.948
bol,sex_f,age_aggregate_y15_24,eco_isic3_j,2009,3.585
bol,sex_f,age_aggregate_y15_24,eco_isic3_k,1989,1.208
bol,sex_f,age_aggregate_y15_24,eco_isic3_k,1990,0.571
bol,sex_f,age_aggregate_y15_24,eco_isic3_k,1991,2.771
bol,sex_f,age_aggregate_y15_24,eco_isic3_k,1992,3.603
bol,sex_f,age_aggregate_y15_24,eco_isic3_k,1993,3.002
bol,sex_f,age_aggregate_y15_24,eco_isic3_k,1994,3.555
bol,sex_f,age_aggregate_y15_24,eco_isic3_k,1995,4.381
bol,sex_f,age_aggregate_y15_24,eco_isic3_k,1999,32.057
bol,sex_f,age_aggregate_y15_24,eco_isic3_k,2000,3.519
bol,sex_f,age_aggregate_y15_24,eco_isic3_k,2001,6.864
bol,sex_f,age_aggregate_y15_24,eco_isic3_k,2002,5.698
bol,sex_f,age_aggregate_y15_24,eco_isic3_k,2005,8.902
bol,sex_f,age_aggregate_y15_24,eco_isic3_k,2006,10.106
bol,sex_f,age_aggregate_y15_24,eco_isic3_k,2007,5.652
bol,sex_f,age_aggregate_y15_24,eco_isic3_k,2008,5.093
bol,sex_f,age_aggregate_y15_24,eco_isic3_k,2009,8.098
bol,sex_f,age_aggregate_y15_24,eco_isic3_l,1991,1.809
bol,sex_f,age_aggregate_y15_24,eco_isic3_l,1992,1.917
bol,sex_f,age_aggregate_y15_24,eco_isic3_l,1993,2.32
bol,sex_f,age_aggregate_y15_24,eco_isic3_l,1994,1.331
bol,sex_f,age_aggregate_y15_24,eco_isic3_l,1995,1.051
bol,sex_f,age_aggregate_y15_24,eco_isic3_l,2000,5.558
bol,sex_f,age_aggregate_y15_24,eco_isic3_l,2001,1.845
bol,sex_f,age_aggregate_y15_24,eco_isic3_l,2002,3.473
bol,sex_f,age_aggregate_y15_24,eco_isic3_l,2005,4.814
bol,sex_f,age_aggregate_y15_24,eco_isic3_l,2006,6.936
bol,sex_f,age_aggregate_y15_24,eco_isic3_l,2007,9.458
bol,sex_f,age_aggregate_y15_24,eco_isic3_l,2008,14.52
bol,sex_f,age_aggregate_y15_24,eco_isic3_l,2009,3.764
bol,sex_f,age_aggregate_y15_24,eco_isic3_m,1989,1.232
bol,sex_f,age_aggregate_y15_24,eco_isic3_m,1990,1.45
bol,sex_f,age_aggregate_y15_24,eco_isic3_m,1991,3.845
bol,sex_f,age_aggregate_y15_24,eco_isic3_m,1992,3.502
bol,sex_f,age_aggregate_y15_24,eco_isic3_m,1993,4.012
bol,sex_f,age_aggregate_y15_24,eco_isic3_m,1994,4.561
bol,sex_f,age_aggregate_y15_24,eco_isic3_m,1995,3.392
bol,sex_f,age_aggregate_y15_24,eco_isic3_m,2000,10.313
bol,sex_f,age_aggregate_y15_24,eco_isic3_m,2001,14.936
bol,sex_f,age_aggregate_y15_24,eco_isic3_m,2002,7.717
bol,sex_f,age_aggregate_y15_24,eco_isic3_m,2005,10.394
bol,sex_f,age_aggregate_y15_24,eco_isic3_m,2006,10.679
bol,sex_f,age_aggregate_y15_24,eco_isic3_m,2007,9.664
bol,sex_f,age_aggregate_y15_24,eco_isic3_m,2008,7.757
bol,sex_f,age_aggregate_y15_24,eco_isic3_m,2009,9.805
bol,sex_f,age_aggregate_y15_24,eco_isic3_n,1991,2.286
bol,sex_f,age_aggregate_y15_24,eco_isic3_n,1992,2.874
bol,sex_f,age_aggregate_y15_24,eco_isic3_n,1993,2.186
bol,sex_f,age_aggregate_y15_24,eco_isic3_n,1994,3.048
bol,sex_f,age_aggregate_y15_24,eco_isic3_n,1995,2.151
bol,sex_f,age_aggregate_y15_24,eco_isic3_n,2000,4.51
bol,sex_f,age_aggregate_y15_24,eco_isic3_n,2001,3.366
bol,sex_f,age_aggregate_y15_24,eco_isic3_n,2002,3.091
bol,sex_f,age_aggregate_y15_24,eco_isic3_n,2005,5.682
bol,sex_f,age_aggregate_y15_24,eco_isic3_n,2006,6.996
bol,sex_f,age_aggregate_y15_24,eco_isic3_n,2007,11.603
bol,sex_f,age_aggregate_y15_24,eco_isic3_n,2008,12.309
bol,sex_f,age_aggregate_y15_24,eco_isic3_n,2009,11.391
bol,sex_f,age_aggregate_y15_24,eco_isic3_o,1989,10.089
bol,sex_f,age_aggregate_y15_24,eco_isic3_o,1990,9.265
bol,sex_f,age_aggregate_y15_24,eco_isic3_o,1991,4.191
bol,sex_f,age_aggregate_y15_24,eco_isic3_o,1992,6.6
bol,sex_f,age_aggregate_y15_24,eco_isic3_o,1993,5.013
bol,sex_f,age_aggregate_y15_24,eco_isic3_o,1994,4.202
bol,sex_f,age_aggregate_y15_24,eco_isic3_o,1995,4.043
bol,sex_f,age_aggregate_y15_24,eco_isic3_o,1999,65.255
bol,sex_f,age_aggregate_y15_24,eco_isic3_o,2000,9.097
bol,sex_f,age_aggregate_y15_24,eco_isic3_o,2001,11.112
bol,sex_f,age_aggregate_y15_24,eco_isic3_o,2002,12.044
bol,sex_f,age_aggregate_y15_24,eco_isic3_o,2005,12.699
bol,sex_f,age_aggregate_y15_24,eco_isic3_o,2006,12.074
bol,sex_f,age_aggregate_y15_24,eco_isic3_o,2007,11.192
bol,sex_f,age_aggregate_y15_24,eco_isic3_o,2008,13.829
bol,sex_f,age_aggregate_y15_24,eco_isic3_o,2009,16.966
bol,sex_f,age_aggregate_y15_24,eco_isic3_p,1989,35.42
bol,sex_f,age_aggregate_y15_24,eco_isic3_p,1990,39.708
bol,sex_f,age_aggregate_y15_24,eco_isic3_p,1991,33.614
bol,sex_f,age_aggregate_y15_24,eco_isic3_p,1992,31.313
bol,sex_f,age_aggregate_y15_24,eco_isic3_p,1993,40.552
bol,sex_f,age_aggregate_y15_24,eco_isic3_p,1994,33.024
bol,sex_f,age_aggregate_y15_24,eco_isic3_p,1995,37.15
bol,sex_f,age_aggregate_y15_24,eco_isic3_p,2000,52.415
bol,sex_f,age_aggregate_y15_24,eco_isic3_p,2001,53.69
bol,sex_f,age_aggregate_y15_24,eco_isic3_p,2002,45.761
bol,sex_f,age_aggregate_y15_24,eco_isic3_p,2005,47.381
bol,sex_f,age_aggregate_y15_24,eco_isic3_p,2006,38.647
bol,sex_f,age_aggregate_y15_24,eco_isic3_p,2007,53.582
bol,sex_f,age_aggregate_y15_24,eco_isic3_p,2008,36.001
bol,sex_f,age_aggregate_y15_24,eco_isic3_p,2009,36.878
bol,sex_f,age_aggregate_y15_24,eco_isic3_total,1989,88.532
bol,sex_f,age_aggregate_y15_24,eco_isic3_total,1990,88.681
bol,sex_f,age_aggregate_y15_24,eco_isic3_total,1991,100.015
bol,sex_f,age_aggregate_y15_24,eco_isic3_total,1992,101.123
bol,sex_f,age_aggregate_y15_24,eco_isic3_total,1993,122.492
bol,sex_f,age_aggregate_y15_24,eco_isic3_total,1994,125.061
bol,sex_f,age_aggregate_y15_24,eco_isic3_total,1995,135.327
bol,sex_f,age_aggregate_y15_24,eco_isic3_total,1999,366.282
bol,sex_f,age_aggregate_y15_24,eco_isic3_total,2000,330.514
bol,sex_f,age_aggregate_y15_24,eco_isic3_total,2001,398.821
bol,sex_f,age_aggregate_y15_24,eco_isic3_total,2002,354.954
bol,sex_f,age_aggregate_y15_24,eco_isic3_total,2005,363.335
bol,sex_f,age_aggregate_y15_24,eco_isic3_total,2006,400.314
bol,sex_f,age_aggregate_y15_24,eco_isic3_total,2007,386.509
bol,sex_f,age_aggregate_y15_24,eco_isic3_total,2008,422.701
bol,sex_f,age_aggregate_y15_24,eco_isic3_total,2009,425.336
bol,sex_f,age_aggregate_y15_24,eco_isic3_x,1989,1.101
bol,sex_f,age_aggregate_y15_24,eco_isic3_x,1990,2.004
bol,sex_f,age_aggregate_y15_24,eco_isic3_x,1999,9.485
bol,sex_f,age_aggregate_y15_24,eco_isic3_x,2000,4.756
bol,sex_f,age_aggregate_y15_24,eco_isic3_x,2001,2.36
bol,sex_f,age_aggregate_y15_24,eco_isic4_a,2011,157.064
bol,sex_f,age_aggregate_y15_24,eco_isic4_a,2012,129.967
bol,sex_f,age_aggregate_y15_24,eco_isic4_a,2013,133.89
bol,sex_f,age_aggregate_y15_24,eco_isic4_a,2014,140.339
bol,sex_f,age_aggregate_y15_24,eco_isic4_a,2015,109.969
bol,sex_f,age_aggregate_y15_24,eco_isic4_a,2016,112.91
bol,sex_f,age_aggregate_y15_24,eco_isic4_a,2017,124.214
bol,sex_f,age_aggregate_y15_24,eco_isic4_a,2018,135.76
bol,sex_f,age_aggregate_y15_24,eco_isic4_a,2019,118.979
bol,sex_f,age_aggregate_y15_24,eco_isic4_a,2020,118.534
bol,sex_f,age_aggregate_y15_24,eco_isic4_a,2021,155.488
bol,sex_f,age_aggregate_y15_24,eco_isic4_a,2022,136.326
bol,sex_f,age_aggregate_y15_24,eco_isic4_a,2023,134.224
bol,sex_f,age_aggregate_y15_24,eco_isic4_a,2024,121.752
bol,sex_f,age_aggregate_y15_24,eco_isic4_b,2011,1.621
bol,sex_f,age_aggregate_y15_24,eco_isic4_b,2012,2.286
bol,sex_f,age_aggregate_y15_24,eco_isic4_b,2013,2.176
bol,sex_f,age_aggregate_y15_24,eco_isic4_b,2014,1.083
bol,sex_f,age_aggregate_y15_24,eco_isic4_b,2016,1.432
bol,sex_f,age_aggregate_y15_24,eco_isic4_b,2017,0.606
bol,sex_f,age_aggregate_y15_24,eco_isic4_b,2018,0.799
bol,sex_f,age_aggregate_y15_24,eco_isic4_b,2019,0.753
bol,sex_f,age_aggregate_y15_24,eco_isic4_b,2021,0.876
bol,sex_f,age_aggregate_y15_24,eco_isic4_b,2022,1.321
bol,sex_f,age_aggregate_y15_24,eco_isic4_b,2023,1.19
bol,sex_f,age_aggregate_y15_24,eco_isic4_b,2024,1.502
bol,sex_f,age_aggregate_y15_24,eco_isic4_c,2011,27.209
bol,sex_f,age_aggregate_y15_24,eco_isic4_c,2012,13.704
bol,sex_f,age_aggregate_y15_24,eco_isic4_c,2013,24.306
bol,sex_f,age_aggregate_y15_24,eco_isic4_c,2014,35.143
bol,sex_f,age_aggregate_y15_24,eco_isic4_c,2015,23.677
bol,sex_f,age_aggregate_y15_24,eco_isic4_c,2016,31.971
bol,sex_f,age_aggregate_y15_24,eco_isic4_c,2017,31.683
bol,sex_f,age_aggregate_y15_24,eco_isic4_c,2018,40.797
bol,sex_f,age_aggregate_y15_24,eco_isic4_c,2019,46.245
bol,sex_f,age_aggregate_y15_24,eco_isic4_c,2020,28.713
bol,sex_f,age_aggregate_y15_24,eco_isic4_c,2021,66.883
bol,sex_f,age_aggregate_y15_24,eco_isic4_c,2022,65.316
bol,sex_f,age_aggregate_y15_24,eco_isic4_c,2023,63.046
bol,sex_f,age_aggregate_y15_24,eco_isic4_c,2024,75.794
bol,sex_f,age_aggregate_y15_24,eco_isic4_d,2019,0.257
bol,sex_f,age_aggregate_y15_24,eco_isic4_d,2021,0.87
bol,sex_f,age_aggregate_y15_24,eco_isic4_d,2022,0.592
bol,sex_f,age_aggregate_y15_24,eco_isic4_d,2023,0.567
bol,sex_f,age_aggregate_y15_24,eco_isic4_d,2024,0.814
bol,sex_f,age_aggregate_y15_24,eco_isic4_e,2018,0.334
bol,sex_f,age_aggregate_y15_24,eco_isic4_e,2021,0.386
bol,sex_f,age_aggregate_y15_24,eco_isic4_e,2024,0.228
bol,sex_f,age_aggregate_y15_24,eco_isic4_f,2011,4.071
bol,sex_f,age_aggregate_y15_24,eco_isic4_f,2012,2.343
bol,sex_f,age_aggregate_y15_24,eco_isic4_f,2013,1.655
bol,sex_f,age_aggregate_y15_24,eco_isic4_f,2014,3.689
bol,sex_f,age_aggregate_y15_24,eco_isic4_f,2015,1.799
bol,sex_f,age_aggregate_y15_24,eco_isic4_f,2016,2.427
bol,sex_f,age_aggregate_y15_24,eco_isic4_f,2017,2.428
bol,sex_f,age_aggregate_y15_24,eco_isic4_f,2018,1.669
bol,sex_f,age_aggregate_y15_24,eco_isic4_f,2019,2.017
bol,sex_f,age_aggregate_y15_24,eco_isic4_f,2020,0.82
bol,sex_f,age_aggregate_y15_24,eco_isic4_f,2021,2.123
bol,sex_f,age_aggregate_y15_24,eco_isic4_f,2022,1.315
bol,sex_f,age_aggregate_y15_24,eco_isic4_f,2023,1.847
bol,sex_f,age_aggregate_y15_24,eco_isic4_f,2024,2.859
bol,sex_f,age_aggregate_y15_24,eco_isic4_g,2011,89.637
bol,sex_f,age_aggregate_y15_24,eco_isic4_g,2012,71.325
bol,sex_f,age_aggregate_y15_24,eco_isic4_g,2013,80.228
bol,sex_f,age_aggregate_y15_24,eco_isic4_g,2014,93.462
bol,sex_f,age_aggregate_y15_24,eco_isic4_g,2015,74.284
bol,sex_f,age_aggregate_y15_24,eco_isic4_g,2016,76.865
bol,sex_f,age_aggregate_y15_24,eco_isic4_g,2017,77.073
bol,sex_f,age_aggregate_y15_24,eco_isic4_g,2018,100.13
bol,sex_f,age_aggregate_y15_24,eco_isic4_g,2019,111.887
bol,sex_f,age_aggregate_y15_24,eco_isic4_g,2020,87.304
bol,sex_f,age_aggregate_y15_24,eco_isic4_g,2021,158.218
bol,sex_f,age_aggregate_y15_24,eco_isic4_g,2022,158.715
bol,sex_f,age_aggregate_y15_24,eco_isic4_g,2023,149.599
bol,sex_f,age_aggregate_y15_24,eco_isic4_g,2024,157.79
bol,sex_f,age_aggregate_y15_24,eco_isic4_h,2011,4.507
bol,sex_f,age_aggregate_y15_24,eco_isic4_h,2012,3.757
bol,sex_f,age_aggregate_y15_24,eco_isic4_h,2013,0.98
bol,sex_f,age_aggregate_y15_24,eco_isic4_h,2014,4.642
bol,sex_f,age_aggregate_y15_24,eco_isic4_h,2015,3.412
bol,sex_f,age_aggregate_y15_24,eco_isic4_h,2016,2.677
bol,sex_f,age_aggregate_y15_24,eco_isic4_h,2017,2.637
bol,sex_f,age_aggregate_y15_24,eco_isic4_h,2018,3.607
bol,sex_f,age_aggregate_y15_24,eco_isic4_h,2019,2.858
bol,sex_f,age_aggregate_y15_24,eco_isic4_h,2021,3.214
bol,sex_f,age_aggregate_y15_24,eco_isic4_h,2022,3.279
bol,sex_f,age_aggregate_y15_24,eco_isic4_h,2023,4.668
bol,sex_f,age_aggregate_y15_24,eco_isic4_h,2024,4.165
bol,sex_f,age_aggregate_y15_24,eco_isic4_i,2011,46.569
bol,sex_f,age_aggregate_y15_24,eco_isic4_i,2012,45.254
bol,sex_f,age_aggregate_y15_24,eco_isic4_i,2013,42.632
bol,sex_f,age_aggregate_y15_24,eco_isic4_i,2014,41.849
bol,sex_f,age_aggregate_y15_24,eco_isic4_i,2015,44.976
bol,sex_f,age_aggregate_y15_24,eco_isic4_i,2016,47.607
bol,sex_f,age_aggregate_y15_24,eco_isic4_i,2017,57.547
bol,sex_f,age_aggregate_y15_24,eco_isic4_i,2018,69.441
bol,sex_f,age_aggregate_y15_24,eco_isic4_i,2019,76.025
bol,sex_f,age_aggregate_y15_24,eco_isic4_i,2020,61.539
bol,sex_f,age_aggregate_y15_24,eco_isic4_i,2021,99.651
bol,sex_f,age_aggregate_y15_24,eco_isic4_i,2022,107.712
bol,sex_f,age_aggregate_y15_24,eco_isic4_i,2023,107.46
bol,sex_f,age_aggregate_y15_24,eco_isic4_i,2024,119.739
bol,sex_f,age_aggregate_y15_24,eco_isic4_j,2011,7.598
bol,sex_f,age_aggregate_y15_24,eco_isic4_j,2012,4.806
bol,sex_f,age_aggregate_y15_24,eco_isic4_j,2013,4.469
bol,sex_f,age_aggregate_y15_24,eco_isic4_j,2014,7.102
bol,sex_f,age_aggregate_y15_24,eco_isic4_j,2015,3.363
bol,sex_f,age_aggregate_y15_24,eco_isic4_j,2016,3.788
bol,sex_f,age_aggregate_y15_24,eco_isic4_j,2017,3.647
bol,sex_f,age_aggregate_y15_24,eco_isic4_j,2018,2.953
bol,sex_f,age_aggregate_y15_24,eco_isic4_j,2019,2.81
bol,sex_f,age_aggregate_y15_24,eco_isic4_j,2020,1.868
bol,sex_f,age_aggregate_y15_24,eco_isic4_j,2021,1.93
bol,sex_f,age_aggregate_y15_24,eco_isic4_j,2022,1.843
bol,sex_f,age_aggregate_y15_24,eco_isic4_j,2023,1.811
bol,sex_f,age_aggregate_y15_24,eco_isic4_j,2024,1.607
bol,sex_f,age_aggregate_y15_24,eco_isic4_k,2011,5.179
bol,sex_f,age_aggregate_y15_24,eco_isic4_k,2012,2.364
bol,sex_f,age_aggregate_y15_24,eco_isic4_k,2013,7.036
bol,sex_f,age_aggregate_y15_24,eco_isic4_k,2014,2.135
bol,sex_f,age_aggregate_y15_24,eco_isic4_k,2015,2.853
bol,sex_f,age_aggregate_y15_24,eco_isic4_k,2016,1.669
bol,sex_f,age_aggregate_y15_24,eco_isic4_k,2017,2.579
bol,sex_f,age_aggregate_y15_24,eco_isic4_k,2018,1.933
bol,sex_f,age_aggregate_y15_24,eco_isic4_k,2019,2.136
bol,sex_f,age_aggregate_y15_24,eco_isic4_k,2021,1.841
bol,sex_f,age_aggregate_y15_24,eco_isic4_k,2022,2.278
bol,sex_f,age_aggregate_y15_24,eco_isic4_k,2023,2.436
bol,sex_f,age_aggregate_y15_24,eco_isic4_k,2024,0.669
bol,sex_f,age_aggregate_y15_24,eco_isic4_l,2016,1.032
bol,sex_f,age_aggregate_y15_24,eco_isic4_l,2017,1.078
bol,sex_f,age_aggregate_y15_24,eco_isic4_l,2018,0.738
bol,sex_f,age_aggregate_y15_24,eco_isic4_l,2019,0.871
bol,sex_f,age_aggregate_y15_24,eco_isic4_l,2021,1.174
bol,sex_f,age_aggregate_y15_24,eco_isic4_l,2022,0.78
bol,sex_f,age_aggregate_y15_24,eco_isic4_l,2023,1.22
bol,sex_f,age_aggregate_y15_24,eco_isic4_l,2024,1.27
bol,sex_f,age_aggregate_y15_24,eco_isic4_m,2011,7.24
bol,sex_f,age_aggregate_y15_24,eco_isic4_m,2012,6.026
bol,sex_f,age_aggregate_y15_24,eco_isic4_m,2013,4.684
bol,sex_f,age_aggregate_y15_24,eco_isic4_m,2014,3.995
bol,sex_f,age_aggregate_y15_24,eco_isic4_m,2015,3.66
bol,sex_f,age_aggregate_y15_24,eco_isic4_m,2016,4.321
bol,sex_f,age_aggregate_y15_24,eco_isic4_m,2017,4.214
bol,sex_f,age_aggregate_y15_24,eco_isic4_m,2018,3.884
bol,sex_f,age_aggregate_y15_24,eco_isic4_m,2019,4.523
bol,sex_f,age_aggregate_y15_24,eco_isic4_m,2020,2.414
bol,sex_f,age_aggregate_y15_24,eco_isic4_m,2021,6.036
bol,sex_f,age_aggregate_y15_24,eco_isic4_m,2022,8.072
bol,sex_f,age_aggregate_y15_24,eco_isic4_m,2023,7.628
bol,sex_f,age_aggregate_y15_24,eco_isic4_m,2024,7.446
bol,sex_f,age_aggregate_y15_24,eco_isic4_n,2011,5.183
bol,sex_f,age_aggregate_y15_24,eco_isic4_n,2012,8.889
bol,sex_f,age_aggregate_y15_24,eco_isic4_n,2013,5.311
bol,sex_f,age_aggregate_y15_24,eco_isic4_n,2014,2.877
bol,sex_f,age_aggregate_y15_24,eco_isic4_n,2015,3.769
bol,sex_f,age_aggregate_y15_24,eco_isic4_n,2016,5.171
bol,sex_f,age_aggregate_y15_24,eco_isic4_n,2017,3.989
bol,sex_f,age_aggregate_y15_24,eco_isic4_n,2018,4.612
bol,sex_f,age_aggregate_y15_24,eco_isic4_n,2019,7.679
bol,sex_f,age_aggregate_y15_24,eco_isic4_n,2020,7.267
bol,sex_f,age_aggregate_y15_24,eco_isic4_n,2021,8.28
bol,sex_f,age_aggregate_y15_24,eco_isic4_n,2022,8.483
bol,sex_f,age_aggregate_y15_24,eco_isic4_n,2023,11.266
bol,sex_f,age_aggregate_y15_24,eco_isic4_n,2024,11.628
bol,sex_f,age_aggregate_y15_24,eco_isic4_o,2011,6.072
bol,sex_f,age_aggregate_y15_24,eco_isic4_o,2012,5.75
bol,sex_f,age_aggregate_y15_24,eco_isic4_o,2013,6.417
bol,sex_f,age_aggregate_y15_24,eco_isic4_o,2014,7.52
bol,sex_f,age_aggregate_y15_24,eco_isic4_o,2015,6.092
bol,sex_f,age_aggregate_y15_24,eco_isic4_o,2016,6.348
bol,sex_f,age_aggregate_y15_24,eco_isic4_o,2017,3.903
bol,sex_f,age_aggregate_y15_24,eco_isic4_o,2018,4.423
bol,sex_f,age_aggregate_y15_24,eco_isic4_o,2019,3.424
bol,sex_f,age_aggregate_y15_24,eco_isic4_o,2020,1.672
bol,sex_f,age_aggregate_y15_24,eco_isic4_o,2021,2.727
bol,sex_f,age_aggregate_y15_24,eco_isic4_o,2022,4.282
bol,sex_f,age_aggregate_y15_24,eco_isic4_o,2023,3.397
bol,sex_f,age_aggregate_y15_24,eco_isic4_o,2024,3.366
bol,sex_f,age_aggregate_y15_24,eco_isic4_p,2011,11.109
bol,sex_f,age_aggregate_y15_24,eco_isic4_p,2012,9.517
bol,sex_f,age_aggregate_y15_24,eco_isic4_p,2013,6.675
bol,sex_f,age_aggregate_y15_24,eco_isic4_p,2014,7.575
bol,sex_f,age_aggregate_y15_24,eco_isic4_p,2015,5.285
bol,sex_f,age_aggregate_y15_24,eco_isic4_p,2016,7.708
bol,sex_f,age_aggregate_y15_24,eco_isic4_p,2017,5.183
bol,sex_f,age_aggregate_y15_24,eco_isic4_p,2018,6.663
bol,sex_f,age_aggregate_y15_24,eco_isic4_p,2019,5.648
bol,sex_f,age_aggregate_y15_24,eco_isic4_p,2020,1.306
bol,sex_f,age_aggregate_y15_24,eco_isic4_p,2021,5.082
bol,sex_f,age_aggregate_y15_24,eco_isic4_p,2022,7.845
bol,sex_f,age_aggregate_y15_24,eco_isic4_p,2023,7.623
bol,sex_f,age_aggregate_y15_24,eco_isic4_p,2024,7.631
bol,sex_f,age_aggregate_y15_24,eco_isic4_q,2011,6.263
bol,sex_f,age_aggregate_y15_24,eco_isic4_q,2012,5.687
bol,sex_f,age_aggregate_y15_24,eco_isic4_q,2013,10.837
bol,sex_f,age_aggregate_y15_24,eco_isic4_q,2014,7.932
bol,sex_f,age_aggregate_y15_24,eco_isic4_q,2015,8.185
bol,sex_f,age_aggregate_y15_24,eco_isic4_q,2016,9.469
bol,sex_f,age_aggregate_y15_24,eco_isic4_q,2017,7.307
bol,sex_f,age_aggregate_y15_24,eco_isic4_q,2018,7.59
bol,sex_f,age_aggregate_y15_24,eco_isic4_q,2019,8.348
bol,sex_f,age_aggregate_y15_24,eco_isic4_q,2020,8.004
bol,sex_f,age_aggregate_y15_24,eco_isic4_q,2021,9.604
bol,sex_f,age_aggregate_y15_24,eco_isic4_q,2022,10.654
bol,sex_f,age_aggregate_y15_24,eco_isic4_q,2023,14.185
bol,sex_f,age_aggregate_y15_24,eco_isic4_q,2024,13.929
bol,sex_f,age_aggregate_y15_24,eco_isic4_r,2011,5.797
bol,sex_f,age_aggregate_y15_24,eco_isic4_r,2012,2.464
bol,sex_f,age_aggregate_y15_24,eco_isic4_r,2013,2.764
bol,sex_f,age_aggregate_y15_24,eco_isic4_r,2014,2.102
bol,sex_f,age_aggregate_y15_24,eco_isic4_r,2015,1.954
bol,sex_f,age_aggregate_y15_24,eco_isic4_r,2016,1.99
bol,sex_f,age_aggregate_y15_24,eco_isic4_r,2017,2.914
bol,sex_f,age_aggregate_y15_24,eco_isic4_r,2018,3.04
bol,sex_f,age_aggregate_y15_24,eco_isic4_r,2019,4.259
bol,sex_f,age_aggregate_y15_24,eco_isic4_r,2021,2.628
bol,sex_f,age_aggregate_y15_24,eco_isic4_r,2022,3.839
bol,sex_f,age_aggregate_y15_24,eco_isic4_r,2023,4.679
bol,sex_f,age_aggregate_y15_24,eco_isic4_r,2024,5.767
bol,sex_f,age_aggregate_y15_24,eco_isic4_s,2011,7.758
bol,sex_f,age_aggregate_y15_24,eco_isic4_s,2012,5.133
bol,sex_f,age_aggregate_y15_24,eco_isic4_s,2013,10.923
bol,sex_f,age_aggregate_y15_24,eco_isic4_s,2014,11.485
bol,sex_f,age_aggregate_y15_24,eco_isic4_s,2015,12.913
bol,sex_f,age_aggregate_y15_24,eco_isic4_s,2016,8.174
bol,sex_f,age_aggregate_y15_24,eco_isic4_s,2017,7.531
bol,sex_f,age_aggregate_y15_24,eco_isic4_s,2018,9.54
bol,sex_f,age_aggregate_y15_24,eco_isic4_s,2019,14.409
bol,sex_f,age_aggregate_y15_24,eco_isic4_s,2020,8.886
bol,sex_f,age_aggregate_y15_24,eco_isic4_s,2021,13.366
bol,sex_f,age_aggregate_y15_24,eco_isic4_s,2022,19.007
bol,sex_f,age_aggregate_y15_24,eco_isic4_s,2023,16.22
bol,sex_f,age_aggregate_y15_24,eco_isic4_s,2024,22.549
bol,sex_f,age_aggregate_y15_24,eco_isic4_t,2011,23.686
bol,sex_f,age_aggregate_y15_24,eco_isic4_t,2012,33.088
bol,sex_f,age_aggregate_y15_24,eco_isic4_t,2013,26.836
bol,sex_f,age_aggregate_y15_24,eco_isic4_t,2014,29.973
bol,sex_f,age_aggregate_y15_24,eco_isic4_t,2015,18.083
bol,sex_f,age_aggregate_y15_24,eco_isic4_t,2016,24.59
bol,sex_f,age_aggregate_y15_24,eco_isic4_t,2017,24.704
bol,sex_f,age_aggregate_y15_24,eco_isic4_t,2018,19.919
bol,sex_f,age_aggregate_y15_24,eco_isic4_t,2019,23.444
bol,sex_f,age_aggregate_y15_24,eco_isic4_t,2020,13.84
bol,sex_f,age_aggregate_y15_24,eco_isic4_t,2021,22.528
bol,sex_f,age_aggregate_y15_24,eco_isic4_t,2022,24.188
bol,sex_f,age_aggregate_y15_24,eco_isic4_t,2023,28.612
bol,sex_f,age_aggregate_y15_24,eco_isic4_t,2024,25.694
bol,sex_f,age_aggregate_y15_24,eco_isic4_total,2011,418.765
bol,sex_f,age_aggregate_y15_24,eco_isic4_total,2012,353.768
bol,sex_f,age_aggregate_y15_24,eco_isic4_total,2013,372.206
bol,sex_f,age_aggregate_y15_24,eco_isic4_total,2014,405.142
bol,sex_f,age_aggregate_y15_24,eco_isic4_total,2015,327.774
bol,sex_f,age_aggregate_y15_24,eco_isic4_total,2016,350.536
bol,sex_f,age_aggregate_y15_24,eco_isic4_total,2017,363.546
bol,sex_f,age_aggregate_y15_24,eco_isic4_total,2018,417.852
bol,sex_f,age_aggregate_y15_24,eco_isic4_total,2019,436.827
bol,sex_f,age_aggregate_y15_24,eco_isic4_total,2020,347.358
bol,sex_f,age_aggregate_y15_24,eco_isic4_total,2021,563.315
bol,sex_f,age_aggregate_y15_24,eco_isic4_total,2022,566.319
bol,sex_f,age_aggregate_y15_24,eco_isic4_total,2023,562.075
bol,sex_f,age_aggregate_y15_24,eco_isic4_total,2024,586.6
bol,sex_f,age_aggregate_y15_24,eco_isic4_x,2017,0.236
bol,sex_f,age_aggregate_y15_24,eco_isic4_x,2021,0.411
bol,sex_f,age_aggregate_y15_24,eco_isic4_x,2024,0.402
bol,sex_f,age_aggregate_y15_24,eco_sector_agr,1991,1.256
bol,sex_f,age_aggregate_y15_24,eco_sector_agr,1994,0.948
bol,sex_f,age_aggregate_y15_24,eco_sector_agr,1995,1.098
bol,sex_f,age_aggregate_y15_24,eco_sector_agr,2000,123.706
bol,sex_f,age_aggregate_y15_24,eco_sector_agr,2001,159.225
bol,sex_f,age_aggregate_y15_24,eco_sector_agr,2002,137.545
bol,sex_f,age_aggregate_y15_24,eco_sector_agr,2005,127.485
bol,sex_f,age_aggregate_y15_24,eco_sector_agr,2006,151.496
bol,sex_f,age_aggregate_y15_24,eco_sector_agr,2007,160.991
bol,sex_f,age_aggregate_y15_24,eco_sector_agr,2008,141.879
bol,sex_f,age_aggregate_y15_24,eco_sector_agr,2009,130.531
bol,sex_f,age_aggregate_y15_24,eco_sector_agr,2011,157.064
bol,sex_f,age_aggregate_y15_24,eco_sector_agr,2012,129.967
bol,sex_f,age_aggregate_y15_24,eco_sector_agr,2013,133.89
bol,sex_f,age_aggregate_y15_24,eco_sector_agr,2014,140.339
bol,sex_f,age_aggregate_y15_24,eco_sector_agr,2015,109.969
bol,sex_f,age_aggregate_y15_24,eco_sector_agr,2016,112.91
bol,sex_f,age_aggregate_y15_24,eco_sector_agr,2017,124.214
bol,sex_f,age_aggregate_y15_24,eco_sector_agr,2018,135.76
bol,sex_f,age_aggregate_y15_24,eco_sector_agr,2019,118.979
bol,sex_f,age_aggregate_y15_24,eco_sector_agr,2020,118.534
bol,sex_f,age_aggregate_y15_24,eco_sector_agr,2021,155.488
bol,sex_f,age_aggregate_y15_24,eco_sector_agr,2022,136.326
bol,sex_f,age_aggregate_y15_24,eco_sector_agr,2023,134.224
bol,sex_f,age_aggregate_y15_24,eco_sector_agr,2024,121.752
bol,sex_f,age_aggregate_y15_24,eco_sector_ind,1989,9.85
bol,sex_f,age_aggregate_y15_24,eco_sector_ind,1990,9.959
bol,sex_f,age_aggregate_y15_24,eco_sector_ind,1991,16.835
bol,sex_f,age_aggregate_y15_24,eco_sector_ind,1992,15.787
bol,sex_f,age_aggregate_y15_24,eco_sector_ind,1993,21.846
bol,sex_f,age_aggregate_y15_24,eco_sector_ind,1994,23.472
bol,sex_f,age_aggregate_y15_24,eco_sector_ind,1995,26.145
bol,sex_f,age_aggregate_y15_24,eco_sector_ind,1999,27.584
bol,sex_f,age_aggregate_y15_24,eco_sector_ind,2000,42.966
bol,sex_f,age_aggregate_y15_24,eco_sector_ind,2001,34.755
bol,sex_f,age_aggregate_y15_24,eco_sector_ind,2002,32.997
bol,sex_f,age_aggregate_y15_24,eco_sector_ind,2005,42.815
bol,sex_f,age_aggregate_y15_24,eco_sector_ind,2006,48.918
bol,sex_f,age_aggregate_y15_24,eco_sector_ind,2007,31.641
bol,sex_f,age_aggregate_y15_24,eco_sector_ind,2008,39.03
bol,sex_f,age_aggregate_y15_24,eco_sector_ind,2009,53.548
bol,sex_f,age_aggregate_y15_24,eco_sector_ind,2011,33.576
bol,sex_f,age_aggregate_y15_24,eco_sector_ind,2012,18.858
bol,sex_f,age_aggregate_y15_24,eco_sector_ind,2013,28.373
bol,sex_f,age_aggregate_y15_24,eco_sector_ind,2014,41.223
bol,sex_f,age_aggregate_y15_24,eco_sector_ind,2015,26.883
bol,sex_f,age_aggregate_y15_24,eco_sector_ind,2016,35.993
bol,sex_f,age_aggregate_y15_24,eco_sector_ind,2017,34.791
bol,sex_f,age_aggregate_y15_24,eco_sector_ind,2018,43.62
bol,sex_f,age_aggregate_y15_24,eco_sector_ind,2019,49.283
bol,sex_f,age_aggregate_y15_24,eco_sector_ind,2020,29.897
bol,sex_f,age_aggregate_y15_24,eco_sector_ind,2021,71.137
bol,sex_f,age_aggregate_y15_24,eco_sector_ind,2022,68.699
bol,sex_f,age_aggregate_y15_24,eco_sector_ind,2023,66.85
bol,sex_f,age_aggregate_y15_24,eco_sector_ind,2024,81.197
bol,sex_f,age_aggregate_y15_24,eco_sector_nag,1989,88.532
bol,sex_f,age_aggregate_y15_24,eco_sector_nag,1990,88.681
bol,sex_f,age_aggregate_y15_24,eco_sector_nag,1991,98.759
bol,sex_f,age_aggregate_y15_24,eco_sector_nag,1992,100.573
bol,sex_f,age_aggregate_y15_24,eco_sector_nag,1993,121.957
bol,sex_f,age_aggregate_y15_24,eco_sector_nag,1994,124.113
bol,sex_f,age_aggregate_y15_24,eco_sector_nag,1995,134.229
bol,sex_f,age_aggregate_y15_24,eco_sector_nag,1999,366.282
bol,sex_f,age_aggregate_y15_24,eco_sector_nag,2000,206.808
bol,sex_f,age_aggregate_y15_24,eco_sector_nag,2001,239.596
bol,sex_f,age_aggregate_y15_24,eco_sector_nag,2002,217.409
bol,sex_f,age_aggregate_y15_24,eco_sector_nag,2005,235.85
bol,sex_f,age_aggregate_y15_24,eco_sector_nag,2006,248.818
bol,sex_f,age_aggregate_y15_24,eco_sector_nag,2007,225.518
bol,sex_f,age_aggregate_y15_24,eco_sector_nag,2008,280.822
bol,sex_f,age_aggregate_y15_24,eco_sector_nag,2009,294.805
bol,sex_f,age_aggregate_y15_24,eco_sector_nag,2011,261.701
bol,sex_f,age_aggregate_y15_24,eco_sector_nag,2012,223.801
bol,sex_f,age_aggregate_y15_24,eco_sector_nag,2013,238.316
bol,sex_f,age_aggregate_y15_24,eco_sector_nag,2014,264.803
bol,sex_f,age_aggregate_y15_24,eco_sector_nag,2015,217.805
bol,sex_f,age_aggregate_y15_24,eco_sector_nag,2016,237.626
bol,sex_f,age_aggregate_y15_24,eco_sector_nag,2017,239.332
bol,sex_f,age_aggregate_y15_24,eco_sector_nag,2018,282.092
bol,sex_f,age_aggregate_y15_24,eco_sector_nag,2019,317.848
bol,sex_f,age_aggregate_y15_24,eco_sector_nag,2020,228.824
bol,sex_f,age_aggregate_y15_24,eco_sector_nag,2021,407.827
bol,sex_f,age_aggregate_y15_24,eco_sector_nag,2022,429.993
bol,sex_f,age_aggregate_y15_24,eco_sector_nag,2023,427.85
bol,sex_f,age_aggregate_y15_24,eco_sector_nag,2024,464.848
bol,sex_f,age_aggregate_y15_24,eco_sector_ser,1989,77.581
bol,sex_f,age_aggregate_y15_24,eco_sector_ser,1990,76.718
bol,sex_f,age_aggregate_y15_24,eco_sector_ser,1991,81.901
bol,sex_f,age_aggregate_y15_24,eco_sector_ser,1992,84.786
bol,sex_f,age_aggregate_y15_24,eco_sector_ser,1993,100.111
bol,sex_f,age_aggregate_y15_24,eco_sector_ser,1994,100.641
bol,sex_f,age_aggregate_y15_24,eco_sector_ser,1995,108.015
bol,sex_f,age_aggregate_y15_24,eco_sector_ser,1999,329.213
bol,sex_f,age_aggregate_y15_24,eco_sector_ser,2000,159.086
bol,sex_f,age_aggregate_y15_24,eco_sector_ser,2001,202.481
bol,sex_f,age_aggregate_y15_24,eco_sector_ser,2002,184.412
bol,sex_f,age_aggregate_y15_24,eco_sector_ser,2005,193.035
bol,sex_f,age_aggregate_y15_24,eco_sector_ser,2006,199.9
bol,sex_f,age_aggregate_y15_24,eco_sector_ser,2007,193.877
bol,sex_f,age_aggregate_y15_24,eco_sector_ser,2008,241.792
bol,sex_f,age_aggregate_y15_24,eco_sector_ser,2009,241.257
bol,sex_f,age_aggregate_y15_24,eco_sector_ser,2011,228.125
bol,sex_f,age_aggregate_y15_24,eco_sector_ser,2012,204.943
bol,sex_f,age_aggregate_y15_24,eco_sector_ser,2013,209.943
bol,sex_f,age_aggregate_y15_24,eco_sector_ser,2014,223.264
bol,sex_f,age_aggregate_y15_24,eco_sector_ser,2015,190.264
bol,sex_f,age_aggregate_y15_24,eco_sector_ser,2016,201.599
bol,sex_f,age_aggregate_y15_24,eco_sector_ser,2017,204.306
bol,sex_f,age_aggregate_y15_24,eco_sector_ser,2018,238.472
bol,sex_f,age_aggregate_y15_24,eco_sector_ser,2019,268.565
bol,sex_f,age_aggregate_y15_24,eco_sector_ser,2020,198.531
bol,sex_f,age_aggregate_y15_24,eco_sector_ser,2021,336.279
bol,sex_f,age_aggregate_y15_24,eco_sector_ser,2022,361.016
bol,sex_f,age_aggregate_y15_24,eco_sector_ser,2023,360.805
bol,sex_f,age_aggregate_y15_24,eco_sector_ser,2024,383.25
bol,sex_f,age_aggregate_y15_24,eco_sector_total,1989,88.532
bol,sex_f,age_aggregate_y15_24,eco_sector_total,1990,88.681
bol,sex_f,age_aggregate_y15_24,eco_sector_total,1991,100.015
bol,sex_f,age_aggregate_y15_24,eco_sector_total,1992,101.123
bol,sex_f,age_aggregate_y15_24,eco_sector_total,1993,122.492
bol,sex_f,age_aggregate_y15_24,eco_sector_total,1994,125.061
bol,sex_f,age_aggregate_y15_24,eco_sector_total,1995,135.327
bol,sex_f,age_aggregate_y15_24,eco_sector_total,1999,366.282
bol,sex_f,age_aggregate_y15_24,eco_sector_total,2000,330.514
bol,sex_f,age_aggregate_y15_24,eco_sector_total,2001,398.821
bol,sex_f,age_aggregate_y15_24,eco_sector_total,2002,354.954
bol,sex_f,age_aggregate_y15_24,eco_sector_total,2005,363.335
bol,sex_f,age_aggregate_y15_24,eco_sector_total,2006,400.314
bol,sex_f,age_aggregate_y15_24,eco_sector_total,2007,386.509
bol,sex_f,age_aggregate_y15_24,eco_sector_total,2008,422.701
bol,sex_f,age_aggregate_y15_24,eco_sector_total,2009,425.336
bol,sex_f,age_aggregate_y15_24,eco_sector_total,2011,418.765
bol,sex_f,age_aggregate_y15_24,eco_sector_total,2012,353.768
bol,sex_f,age_aggregate_y15_24,eco_sector_total,2013,372.206
bol,sex_f,age_aggregate_y15_24,eco_sector_total,2014,405.142
bol,sex_f,age_aggregate_y15_24,eco_sector_total,2015,327.774
bol,sex_f,age_aggregate_y15_24,eco_sector_total,2016,350.536
bol,sex_f,age_aggregate_y15_24,eco_sector_total,2017,363.546
bol,sex_f,age_aggregate_y15_24,eco_sector_total,2018,417.852
bol,sex_f,age_aggregate_y15_24,eco_sector_total,2019,436.827
bol,sex_f,age_aggregate_y15_24,eco_sector_total,2020,347.358
bol,sex_f,age_aggregate_y15_24,eco_sector_total,2021,563.315
bol,sex_f,age_aggregate_y15_24,eco_sector_total,2022,566.319
bol,sex_f,age_aggregate_y15_24,eco_sector_total,2023,562.075
bol,sex_f,age_aggregate_y15_24,eco_sector_total,2024,586.6
bol,sex_f,age_aggregate_y15_24,eco_sector_x,1989,1.101
bol,sex_f,age_aggregate_y15_24,eco_sector_x,1990,2.004
bol,sex_f,age_aggregate_y15_24,eco_sector_x,1999,9.485
bol,sex_f,age_aggregate_y15_24,eco_sector_x,2000,4.756
bol,sex_f,age_aggregate_y15_24,eco_sector_x,2001,2.36
bol,sex_f,age_aggregate_y15_24,eco_sector_x,2017,0.236
bol,sex_f,age_aggregate_y15_24,eco_sector_x,2021,0.411
bol,sex_f,age_aggregate_y15_24,eco_sector_x,2024,0.402
bol,sex_f,age_aggregate_y25_54,eco_aggregate_agr,1991,1.996
bol,sex_f,age_aggregate_y25_54,eco_aggregate_agr,1992,3.02
bol,sex_f,age_aggregate_y25_54,eco_aggregate_agr,1993,1.784
bol,sex_f,age_aggregate_y25_54,eco_aggregate_agr,1994,1.263
bol,sex_f,age_aggregate_y25_54,eco_aggregate_agr,1995,4.296
bol,sex_f,age_aggregate_y25_54,eco_aggregate_agr,2000,282.019
bol,sex_f,age_aggregate_y25_54,eco_aggregate_agr,2001,335.914
bol,sex_f,age_aggregate_y25_54,eco_aggregate_agr,2002,303.54
bol,sex_f,age_aggregate_y25_54,eco_aggregate_agr,2005,332.264
bol,sex_f,age_aggregate_y25_54,eco_aggregate_agr,2006,362.901
bol,sex_f,age_aggregate_y25_54,eco_aggregate_agr,2007,337.265
bol,sex_f,age_aggregate_y25_54,eco_aggregate_agr,2008,333.912
bol,sex_f,age_aggregate_y25_54,eco_aggregate_agr,2009,342.657
bol,sex_f,age_aggregate_y25_54,eco_aggregate_agr,2011,399.676
bol,sex_f,age_aggregate_y25_54,eco_aggregate_agr,2012,345.119
bol,sex_f,age_aggregate_y25_54,eco_aggregate_agr,2013,357.763
bol,sex_f,age_aggregate_y25_54,eco_aggregate_agr,2014,343.808
bol,sex_f,age_aggregate_y25_54,eco_aggregate_agr,2015,305.878
bol,sex_f,age_aggregate_y25_54,eco_aggregate_agr,2016,308.852
bol,sex_f,age_aggregate_y25_54,eco_aggregate_agr,2017,323.859
bol,sex_f,age_aggregate_y25_54,eco_aggregate_agr,2018,365.337
bol,sex_f,age_aggregate_y25_54,eco_aggregate_agr,2019,350.038
bol,sex_f,age_aggregate_y25_54,eco_aggregate_agr,2020,324.157
bol,sex_f,age_aggregate_y25_54,eco_aggregate_agr,2021,374.427
bol,sex_f,age_aggregate_y25_54,eco_aggregate_agr,2022,364.979
bol,sex_f,age_aggregate_y25_54,eco_aggregate_agr,2023,382.846
bol,sex_f,age_aggregate_y25_54,eco_aggregate_agr,2024,361.225
bol,sex_f,age_aggregate_y25_54,eco_aggregate_con,1991,1.84
bol,sex_f,age_aggregate_y25_54,eco_aggregate_con,1992,0.788
bol,sex_f,age_aggregate_y25_54,eco_aggregate_con,1993,0.732
bol,sex_f,age_aggregate_y25_54,eco_aggregate_con,1994,1.524
bol,sex_f,age_aggregate_y25_54,eco_aggregate_con,1995,1.498
bol,sex_f,age_aggregate_y25_54,eco_aggregate_con,2000,6.45
bol,sex_f,age_aggregate_y25_54,eco_aggregate_con,2001,4.459
bol,sex_f,age_aggregate_y25_54,eco_aggregate_con,2002,8.42
bol,sex_f,age_aggregate_y25_54,eco_aggregate_con,2005,16.786
bol,sex_f,age_aggregate_y25_54,eco_aggregate_con,2007,5.923
bol,sex_f,age_aggregate_y25_54,eco_aggregate_con,2008,13.149
bol,sex_f,age_aggregate_y25_54,eco_aggregate_con,2009,11.132
bol,sex_f,age_aggregate_y25_54,eco_aggregate_con,2011,11.298
bol,sex_f,age_aggregate_y25_54,eco_aggregate_con,2012,12.105
bol,sex_f,age_aggregate_y25_54,eco_aggregate_con,2013,10.111
bol,sex_f,age_aggregate_y25_54,eco_aggregate_con,2014,16.728
bol,sex_f,age_aggregate_y25_54,eco_aggregate_con,2015,14.109
bol,sex_f,age_aggregate_y25_54,eco_aggregate_con,2016,11.206
bol,sex_f,age_aggregate_y25_54,eco_aggregate_con,2017,9.915
bol,sex_f,age_aggregate_y25_54,eco_aggregate_con,2018,10.609
bol,sex_f,age_aggregate_y25_54,eco_aggregate_con,2019,10.703
bol,sex_f,age_aggregate_y25_54,eco_aggregate_con,2020,8.158
bol,sex_f,age_aggregate_y25_54,eco_aggregate_con,2021,11.088
bol,sex_f,age_aggregate_y25_54,eco_aggregate_con,2022,11.998
bol,sex_f,age_aggregate_y25_54,eco_aggregate_con,2023,12.05
bol,sex_f,age_aggregate_y25_54,eco_aggregate_con,2024,14.389
bol,sex_f,age_aggregate_y25_54,eco_aggregate_man,1989,23.509
bol,sex_f,age_aggregate_y25_54,eco_aggregate_man,1990,26.288
bol,sex_f,age_aggregate_y25_54,eco_aggregate_man,1991,35.556
bol,sex_f,age_aggregate_y25_54,eco_aggregate_man,1992,43.875
bol,sex_f,age_aggregate_y25_54,eco_aggregate_man,1993,41.662
bol,sex_f,age_aggregate_y25_54,eco_aggregate_man,1994,48.791
bol,sex_f,age_aggregate_y25_54,eco_aggregate_man,1995,49.5
bol,sex_f,age_aggregate_y25_54,eco_aggregate_man,1999,134.775
bol,sex_f,age_aggregate_y25_54,eco_aggregate_man,2000,86.297
bol,sex_f,age_aggregate_y25_54,eco_aggregate_man,2001,94.98
bol,sex_f,age_aggregate_y25_54,eco_aggregate_man,2002,113.114
bol,sex_f,age_aggregate_y25_54,eco_aggregate_man,2005,108.365
bol,sex_f,age_aggregate_y25_54,eco_aggregate_man,2006,117.211
bol,sex_f,age_aggregate_y25_54,eco_aggregate_man,2007,120.546
bol,sex_f,age_aggregate_y25_54,eco_aggregate_man,2008,140.008
bol,sex_f,age_aggregate_y25_54,eco_aggregate_man,2009,135.164
bol,sex_f,age_aggregate_y25_54,eco_aggregate_man,2011,69.998
bol,sex_f,age_aggregate_y25_54,eco_aggregate_man,2012,78.53
bol,sex_f,age_aggregate_y25_54,eco_aggregate_man,2013,67.898
bol,sex_f,age_aggregate_y25_54,eco_aggregate_man,2014,120.015
bol,sex_f,age_aggregate_y25_54,eco_aggregate_man,2015,107.286
bol,sex_f,age_aggregate_y25_54,eco_aggregate_man,2016,129.176
bol,sex_f,age_aggregate_y25_54,eco_aggregate_man,2017,134.714
bol,sex_f,age_aggregate_y25_54,eco_aggregate_man,2018,153.885
bol,sex_f,age_aggregate_y25_54,eco_aggregate_man,2019,187.916
bol,sex_f,age_aggregate_y25_54,eco_aggregate_man,2020,138.329
bol,sex_f,age_aggregate_y25_54,eco_aggregate_man,2021,210.154
bol,sex_f,age_aggregate_y25_54,eco_aggregate_man,2022,216.544
bol,sex_f,age_aggregate_y25_54,eco_aggregate_man,2023,240.369
bol,sex_f,age_aggregate_y25_54,eco_aggregate_man,2024,267.315
bol,sex_f,age_aggregate_y25_54,eco_aggregate_mel,1989,2.971
bol,sex_f,age_aggregate_y25_54,eco_aggregate_mel,1990,0.976
bol,sex_f,age_aggregate_y25_54,eco_aggregate_mel,1991,2.156
bol,sex_f,age_aggregate_y25_54,eco_aggregate_mel,1992,1.556
bol,sex_f,age_aggregate_y25_54,eco_aggregate_mel,1993,1.46
bol,sex_f,age_aggregate_y25_54,eco_aggregate_mel,1994,1.266
bol,sex_f,age_aggregate_y25_54,eco_aggregate_mel,1995,2.493
bol,sex_f,age_aggregate_y25_54,eco_aggregate_mel,1999,57.067
bol,sex_f,age_aggregate_y25_54,eco_aggregate_mel,2000,6.453
bol,sex_f,age_aggregate_y25_54,eco_aggregate_mel,2001,4.843
bol,sex_f,age_aggregate_y25_54,eco_aggregate_mel,2002,4.402
bol,sex_f,age_aggregate_y25_54,eco_aggregate_mel,2005,7.064
bol,sex_f,age_aggregate_y25_54,eco_aggregate_mel,2006,4.495
bol,sex_f,age_aggregate_y25_54,eco_aggregate_mel,2007,2.361
bol,sex_f,age_aggregate_y25_54,eco_aggregate_mel,2008,6.41
bol,sex_f,age_aggregate_y25_54,eco_aggregate_mel,2009,4.156
bol,sex_f,age_aggregate_y25_54,eco_aggregate_mel,2011,10.944
bol,sex_f,age_aggregate_y25_54,eco_aggregate_mel,2012,20.887
bol,sex_f,age_aggregate_y25_54,eco_aggregate_mel,2013,14.917
bol,sex_f,age_aggregate_y25_54,eco_aggregate_mel,2014,7.794
bol,sex_f,age_aggregate_y25_54,eco_aggregate_mel,2015,13.399
bol,sex_f,age_aggregate_y25_54,eco_aggregate_mel,2016,9.427
bol,sex_f,age_aggregate_y25_54,eco_aggregate_mel,2017,8.134
bol,sex_f,age_aggregate_y25_54,eco_aggregate_mel,2018,8.216
bol,sex_f,age_aggregate_y25_54,eco_aggregate_mel,2019,5.763
bol,sex_f,age_aggregate_y25_54,eco_aggregate_mel,2020,9.049
bol,sex_f,age_aggregate_y25_54,eco_aggregate_mel,2021,8.348
bol,sex_f,age_aggregate_y25_54,eco_aggregate_mel,2022,12.017
bol,sex_f,age_aggregate_y25_54,eco_aggregate_mel,2023,10.667
bol,sex_f,age_aggregate_y25_54,eco_aggregate_mel,2024,10.921
bol,sex_f,age_aggregate_y25_54,eco_aggregate_mkt,1989,115.933
bol,sex_f,age_aggregate_y25_54,eco_aggregate_mkt,1990,112.712
bol,sex_f,age_aggregate_y25_54,eco_aggregate_mkt,1991,127.476
bol,sex_f,age_aggregate_y25_54,eco_aggregate_mkt,1992,130.334
bol,sex_f,age_aggregate_y25_54,eco_aggregate_mkt,1993,148.011
bol,sex_f,age_aggregate_y25_54,eco_aggregate_mkt,1994,177.416
bol,sex_f,age_aggregate_y25_54,eco_aggregate_mkt,1995,179.045
bol,sex_f,age_aggregate_y25_54,eco_aggregate_mkt,1999,721.873
bol,sex_f,age_aggregate_y25_54,eco_aggregate_mkt,2000,330.764
bol,sex_f,age_aggregate_y25_54,eco_aggregate_mkt,2001,310.413
bol,sex_f,age_aggregate_y25_54,eco_aggregate_mkt,2002,332.18
bol,sex_f,age_aggregate_y25_54,eco_aggregate_mkt,2005,365.181
bol,sex_f,age_aggregate_y25_54,eco_aggregate_mkt,2006,410.173
bol,sex_f,age_aggregate_y25_54,eco_aggregate_mkt,2007,407.003
bol,sex_f,age_aggregate_y25_54,eco_aggregate_mkt,2008,509.885
bol,sex_f,age_aggregate_y25_54,eco_aggregate_mkt,2009,496.484
bol,sex_f,age_aggregate_y25_54,eco_aggregate_mkt,2011,502.97
bol,sex_f,age_aggregate_y25_54,eco_aggregate_mkt,2012,551.475
bol,sex_f,age_aggregate_y25_54,eco_aggregate_mkt,2013,536.923
bol,sex_f,age_aggregate_y25_54,eco_aggregate_mkt,2014,560.904
bol,sex_f,age_aggregate_y25_54,eco_aggregate_mkt,2015,559.682
bol,sex_f,age_aggregate_y25_54,eco_aggregate_mkt,2016,537.15
bol,sex_f,age_aggregate_y25_54,eco_aggregate_mkt,2017,572.531
bol,sex_f,age_aggregate_y25_54,eco_aggregate_mkt,2018,621.585
bol,sex_f,age_aggregate_y25_54,eco_aggregate_mkt,2019,654.621
bol,sex_f,age_aggregate_y25_54,eco_aggregate_mkt,2020,675.667
bol,sex_f,age_aggregate_y25_54,eco_aggregate_mkt,2021,760.97
bol,sex_f,age_aggregate_y25_54,eco_aggregate_mkt,2022,832.243
bol,sex_f,age_aggregate_y25_54,eco_aggregate_mkt,2023,837.806
bol,sex_f,age_aggregate_y25_54,eco_aggregate_mkt,2024,864.79
bol,sex_f,age_aggregate_y25_54,eco_aggregate_pub,1989,102.519
bol,sex_f,age_aggregate_y25_54,eco_aggregate_pub,1990,106.223
bol,sex_f,age_aggregate_y25_54,eco_aggregate_pub,1991,94.613
bol,sex_f,age_aggregate_y25_54,eco_aggregate_pub,1992,93.046
bol,sex_f,age_aggregate_y25_54,eco_aggregate_pub,1993,105.414
bol,sex_f,age_aggregate_y25_54,eco_aggregate_pub,1994,109.218
bol,sex_f,age_aggregate_y25_54,eco_aggregate_pub,1995,114.22
bol,sex_f,age_aggregate_y25_54,eco_aggregate_pub,1999,101.599
bol,sex_f,age_aggregate_y25_54,eco_aggregate_pub,2000,222.846
bol,sex_f,age_aggregate_y25_54,eco_aggregate_pub,2001,210.458
bol,sex_f,age_aggregate_y25_54,eco_aggregate_pub,2002,221.242
bol,sex_f,age_aggregate_y25_54,eco_aggregate_pub,2005,249.239
bol,sex_f,age_aggregate_y25_54,eco_aggregate_pub,2006,301.386
bol,sex_f,age_aggregate_y25_54,eco_aggregate_pub,2007,345.091
bol,sex_f,age_aggregate_y25_54,eco_aggregate_pub,2008,301.969
bol,sex_f,age_aggregate_y25_54,eco_aggregate_pub,2009,356.902
bol,sex_f,age_aggregate_y25_54,eco_aggregate_pub,2011,339.948
bol,sex_f,age_aggregate_y25_54,eco_aggregate_pub,2012,336.754
bol,sex_f,age_aggregate_y25_54,eco_aggregate_pub,2013,376.662
bol,sex_f,age_aggregate_y25_54,eco_aggregate_pub,2014,340.848
bol,sex_f,age_aggregate_y25_54,eco_aggregate_pub,2015,296.48
bol,sex_f,age_aggregate_y25_54,eco_aggregate_pub,2016,314.168
bol,sex_f,age_aggregate_y25_54,eco_aggregate_pub,2017,320.404
bol,sex_f,age_aggregate_y25_54,eco_aggregate_pub,2018,330.022
bol,sex_f,age_aggregate_y25_54,eco_aggregate_pub,2019,371.161
bol,sex_f,age_aggregate_y25_54,eco_aggregate_pub,2020,344.96
bol,sex_f,age_aggregate_y25_54,eco_aggregate_pub,2021,364.908
bol,sex_f,age_aggregate_y25_54,eco_aggregate_pub,2022,404.512
bol,sex_f,age_aggregate_y25_54,eco_aggregate_pub,2023,438.219
bol,sex_f,age_aggregate_y25_54,eco_aggregate_pub,2024,465.654
bol,sex_f,age_aggregate_y25_54,eco_aggregate_total,1989,247.857
bol,sex_f,age_aggregate_y25_54,eco_aggregate_total,1990,249.773
bol,sex_f,age_aggregate_y25_54,eco_aggregate_total,1991,263.637
bol,sex_f,age_aggregate_y25_54,eco_aggregate_total,1992,272.766
bol,sex_f,age_aggregate_y25_54,eco_aggregate_total,1993,299.063
bol,sex_f,age_aggregate_y25_54,eco_aggregate_total,1994,339.649
bol,sex_f,age_aggregate_y25_54,eco_aggregate_total,1995,351.314
bol,sex_f,age_aggregate_y25_54,eco_aggregate_total,1999,1027.939
bol,sex_f,age_aggregate_y25_54,eco_aggregate_total,2000,949.306
bol,sex_f,age_aggregate_y25_54,eco_aggregate_total,2001,967.978
bol,sex_f,age_aggregate_y25_54,eco_aggregate_total,2002,982.898
bol,sex_f,age_aggregate_y25_54,eco_aggregate_total,2005,1078.899
bol,sex_f,age_aggregate_y25_54,eco_aggregate_total,2006,1197.967
bol,sex_f,age_aggregate_y25_54,eco_aggregate_total,2007,1218.189
bol,sex_f,age_aggregate_y25_54,eco_aggregate_total,2008,1305.333
bol,sex_f,age_aggregate_y25_54,eco_aggregate_total,2009,1346.495
bol,sex_f,age_aggregate_y25_54,eco_aggregate_total,2011,1334.834
bol,sex_f,age_aggregate_y25_54,eco_aggregate_total,2012,1344.87
bol,sex_f,age_aggregate_y25_54,eco_aggregate_total,2013,1364.274
bol,sex_f,age_aggregate_y25_54,eco_aggregate_total,2014,1390.28
bol,sex_f,age_aggregate_y25_54,eco_aggregate_total,2015,1297.413
bol,sex_f,age_aggregate_y25_54,eco_aggregate_total,2016,1310.023
bol,sex_f,age_aggregate_y25_54,eco_aggregate_total,2017,1369.725
bol,sex_f,age_aggregate_y25_54,eco_aggregate_total,2018,1489.654
bol,sex_f,age_aggregate_y25_54,eco_aggregate_total,2019,1580.201
bol,sex_f,age_aggregate_y25_54,eco_aggregate_total,2020,1501.856
bol,sex_f,age_aggregate_y25_54,eco_aggregate_total,2021,1730.186
bol,sex_f,age_aggregate_y25_54,eco_aggregate_total,2022,1842.922
bol,sex_f,age_aggregate_y25_54,eco_aggregate_total,2023,1922.626
bol,sex_f,age_aggregate_y25_54,eco_aggregate_total,2024,1984.587
bol,sex_f,age_aggregate_y25_54,eco_aggregate_x,1989,2.924
bol,sex_f,age_aggregate_y25_54,eco_aggregate_x,1990,3.574
bol,sex_f,age_aggregate_y25_54,eco_aggregate_x,1999,12.625
bol,sex_f,age_aggregate_y25_54,eco_aggregate_x,2000,14.477
bol,sex_f,age_aggregate_y25_54,eco_aggregate_x,2001,6.911
bol,sex_f,age_aggregate_y25_54,eco_aggregate_x,2017,0.167
bol,sex_f,age_aggregate_y25_54,eco_aggregate_x,2021,0.291
bol,sex_f,age_aggregate_y25_54,eco_aggregate_x,2022,0.629
bol,sex_f,age_aggregate_y25_54,eco_aggregate_x,2023,0.668
bol,sex_f,age_aggregate_y25_54,eco_aggregate_x,2024,0.293
bol,sex_f,age_aggregate_y25_54,eco_isic3_a,1991,1.996
bol,sex_f,age_aggregate_y25_54,eco_isic3_a,1992,3.02
bol,sex_f,age_aggregate_y25_54,eco_isic3_a,1993,1.784
bol,sex_f,age_aggregate_y25_54,eco_isic3_a,1994,1.263
bol,sex_f,age_aggregate_y25_54,eco_isic3_a,1995,4.296
bol,sex_f,age_aggregate_y25_54,eco_isic3_a,2000,282.019
bol,sex_f,age_aggregate_y25_54,eco_isic3_a,2001,335.914
bol,sex_f,age_aggregate_y25_54,eco_isic3_a,2002,303.54
bol,sex_f,age_aggregate_y25_54,eco_isic3_a,2005,331.691
bol,sex_f,age_aggregate_y25_54,eco_isic3_a,2006,362.901
bol,sex_f,age_aggregate_y25_54,eco_isic3_a,2007,337.265
bol,sex_f,age_aggregate_y25_54,eco_isic3_a,2008,332.226
bol,sex_f,age_aggregate_y25_54,eco_isic3_a,2009,340.057
bol,sex_f,age_aggregate_y25_54,eco_isic3_c,1989,2.688
bol,sex_f,age_aggregate_y25_54,eco_isic3_c,1990,0.713
bol,sex_f,age_aggregate_y25_54,eco_isic3_c,1991,1.641
bol,sex_f,age_aggregate_y25_54,eco_isic3_c,1992,0.664
bol,sex_f,age_aggregate_y25_54,eco_isic3_c,1993,1.116
bol,sex_f,age_aggregate_y25_54,eco_isic3_c,1994,0.825
bol,sex_f,age_aggregate_y25_54,eco_isic3_c,1995,1.532
bol,sex_f,age_aggregate_y25_54,eco_isic3_c,1999,17.868
bol,sex_f,age_aggregate_y25_54,eco_isic3_c,2000,4.514
bol,sex_f,age_aggregate_y25_54,eco_isic3_c,2001,2.11
bol,sex_f,age_aggregate_y25_54,eco_isic3_c,2002,3.145
bol,sex_f,age_aggregate_y25_54,eco_isic3_c,2005,4.477
bol,sex_f,age_aggregate_y25_54,eco_isic3_c,2006,4.091
bol,sex_f,age_aggregate_y25_54,eco_isic3_d,1989,23.509
bol,sex_f,age_aggregate_y25_54,eco_isic3_d,1990,26.288
bol,sex_f,age_aggregate_y25_54,eco_isic3_d,1991,35.556
bol,sex_f,age_aggregate_y25_54,eco_isic3_d,1992,43.875
bol,sex_f,age_aggregate_y25_54,eco_isic3_d,1993,41.662
bol,sex_f,age_aggregate_y25_54,eco_isic3_d,1994,48.791
bol,sex_f,age_aggregate_y25_54,eco_isic3_d,1995,49.5
bol,sex_f,age_aggregate_y25_54,eco_isic3_d,1999,134.775
bol,sex_f,age_aggregate_y25_54,eco_isic3_d,2000,86.297
bol,sex_f,age_aggregate_y25_54,eco_isic3_d,2001,94.98
bol,sex_f,age_aggregate_y25_54,eco_isic3_d,2002,113.114
bol,sex_f,age_aggregate_y25_54,eco_isic3_d,2005,108.365
bol,sex_f,age_aggregate_y25_54,eco_isic3_d,2006,117.211
bol,sex_f,age_aggregate_y25_54,eco_isic3_d,2007,120.546
bol,sex_f,age_aggregate_y25_54,eco_isic3_d,2008,140.008
bol,sex_f,age_aggregate_y25_54,eco_isic3_d,2009,135.164
bol,sex_f,age_aggregate_y25_54,eco_isic3_e,1989,0.283
bol,sex_f,age_aggregate_y25_54,eco_isic3_e,1991,0.515
bol,sex_f,age_aggregate_y25_54,eco_isic3_e,1992,0.892
bol,sex_f,age_aggregate_y25_54,eco_isic3_e,1995,0.961
bol,sex_f,age_aggregate_y25_54,eco_isic3_e,1999,39.199
bol,sex_f,age_aggregate_y25_54,eco_isic3_e,2000,1.939
bol,sex_f,age_aggregate_y25_54,eco_isic3_e,2001,2.733
bol,sex_f,age_aggregate_y25_54,eco_isic3_e,2002,1.257
bol,sex_f,age_aggregate_y25_54,eco_isic3_e,2008,2.972
bol,sex_f,age_aggregate_y25_54,eco_isic3_f,1991,1.84
bol,sex_f,age_aggregate_y25_54,eco_isic3_f,1992,0.788
bol,sex_f,age_aggregate_y25_54,eco_isic3_f,1993,0.732
bol,sex_f,age_aggregate_y25_54,eco_isic3_f,1994,1.524
bol,sex_f,age_aggregate_y25_54,eco_isic3_f,1995,1.498
bol,sex_f,age_aggregate_y25_54,eco_isic3_f,2000,6.45
bol,sex_f,age_aggregate_y25_54,eco_isic3_f,2001,4.459
bol,sex_f,age_aggregate_y25_54,eco_isic3_f,2002,8.42
bol,sex_f,age_aggregate_y25_54,eco_isic3_f,2005,16.786
bol,sex_f,age_aggregate_y25_54,eco_isic3_f,2007,5.923
bol,sex_f,age_aggregate_y25_54,eco_isic3_f,2008,13.149
bol,sex_f,age_aggregate_y25_54,eco_isic3_f,2009,11.132
bol,sex_f,age_aggregate_y25_54,eco_isic3_g,1989,1.203
bol,sex_f,age_aggregate_y25_54,eco_isic3_g,1990,1.282
bol,sex_f,age_aggregate_y25_54,eco_isic3_g,1991,99.192
bol,sex_f,age_aggregate_y25_54,eco_isic3_g,1992,99.853
bol,sex_f,age_aggregate_y25_54,eco_isic3_g,1993,109.805
bol,sex_f,age_aggregate_y25_54,eco_isic3_g,1994,129.141
bol,sex_f,age_aggregate_y25_54,eco_isic3_g,1995,130.467
bol,sex_f,age_aggregate_y25_54,eco_isic3_g,1999,271.232
bol,sex_f,age_aggregate_y25_54,eco_isic3_g,2000,226.094
bol,sex_f,age_aggregate_y25_54,eco_isic3_g,2001,208.751
bol,sex_f,age_aggregate_y25_54,eco_isic3_g,2002,219.137
bol,sex_f,age_aggregate_y25_54,eco_isic3_g,2005,246.204
bol,sex_f,age_aggregate_y25_54,eco_isic3_g,2006,255.278
bol,sex_f,age_aggregate_y25_54,eco_isic3_g,2007,254.799
bol,sex_f,age_aggregate_y25_54,eco_isic3_g,2008,328.364
bol,sex_f,age_aggregate_y25_54,eco_isic3_g,2009,295.275
bol,sex_f,age_aggregate_y25_54,eco_isic3_h,1991,17.886
bol,sex_f,age_aggregate_y25_54,eco_isic3_h,1992,17.944
bol,sex_f,age_aggregate_y25_54,eco_isic3_h,1993,24.249
bol,sex_f,age_aggregate_y25_54,eco_isic3_h,1994,33.01
bol,sex_f,age_aggregate_y25_54,eco_isic3_h,1995,32.855
bol,sex_f,age_aggregate_y25_54,eco_isic3_h,2000,65.558
bol,sex_f,age_aggregate_y25_54,eco_isic3_h,2001,59.366
bol,sex_f,age_aggregate_y25_54,eco_isic3_h,2002,78.193
bol,sex_f,age_aggregate_y25_54,eco_isic3_h,2005,70.661
bol,sex_f,age_aggregate_y25_54,eco_isic3_h,2006,85.937
bol,sex_f,age_aggregate_y25_54,eco_isic3_h,2007,86.281
bol,sex_f,age_aggregate_y25_54,eco_isic3_h,2008,94.682
bol,sex_f,age_aggregate_y25_54,eco_isic3_h,2009,101.728
bol,sex_f,age_aggregate_y25_54,eco_isic3_i,1989,110.779
bol,sex_f,age_aggregate_y25_54,eco_isic3_i,1990,108.672
bol,sex_f,age_aggregate_y25_54,eco_isic3_i,1991,2.868
bol,sex_f,age_aggregate_y25_54,eco_isic3_i,1992,3.296
bol,sex_f,age_aggregate_y25_54,eco_isic3_i,1993,3.643
bol,sex_f,age_aggregate_y25_54,eco_isic3_i,1994,4.264
bol,sex_f,age_aggregate_y25_54,eco_isic3_i,1995,4.566
bol,sex_f,age_aggregate_y25_54,eco_isic3_i,1999,355.195
bol,sex_f,age_aggregate_y25_54,eco_isic3_i,2000,13.056
bol,sex_f,age_aggregate_y25_54,eco_isic3_i,2001,14.428
bol,sex_f,age_aggregate_y25_54,eco_isic3_i,2002,8.97
bol,sex_f,age_aggregate_y25_54,eco_isic3_i,2005,15.837
bol,sex_f,age_aggregate_y25_54,eco_isic3_i,2006,20.979
bol,sex_f,age_aggregate_y25_54,eco_isic3_i,2007,22.197
bol,sex_f,age_aggregate_y25_54,eco_isic3_i,2008,33.054
bol,sex_f,age_aggregate_y25_54,eco_isic3_i,2009,28.577
bol,sex_f,age_aggregate_y25_54,eco_isic3_j,1991,3.24
bol,sex_f,age_aggregate_y25_54,eco_isic3_j,1992,3.249
bol,sex_f,age_aggregate_y25_54,eco_isic3_j,1993,4.02
bol,sex_f,age_aggregate_y25_54,eco_isic3_j,1994,3.262
bol,sex_f,age_aggregate_y25_54,eco_isic3_j,1995,4.52
bol,sex_f,age_aggregate_y25_54,eco_isic3_j,2000,5.711
bol,sex_f,age_aggregate_y25_54,eco_isic3_j,2001,4.661
bol,sex_f,age_aggregate_y25_54,eco_isic3_j,2002,6.62
bol,sex_f,age_aggregate_y25_54,eco_isic3_j,2005,4.55
bol,sex_f,age_aggregate_y25_54,eco_isic3_j,2006,8.852
bol,sex_f,age_aggregate_y25_54,eco_isic3_j,2007,8.796
bol,sex_f,age_aggregate_y25_54,eco_isic3_j,2008,11.888
bol,sex_f,age_aggregate_y25_54,eco_isic3_j,2009,13.52
bol,sex_f,age_aggregate_y25_54,eco_isic3_k,1989,3.951
bol,sex_f,age_aggregate_y25_54,eco_isic3_k,1990,2.758
bol,sex_f,age_aggregate_y25_54,eco_isic3_k,1991,4.29
bol,sex_f,age_aggregate_y25_54,eco_isic3_k,1992,5.992
bol,sex_f,age_aggregate_y25_54,eco_isic3_k,1993,6.294
bol,sex_f,age_aggregate_y25_54,eco_isic3_k,1994,7.739
bol,sex_f,age_aggregate_y25_54,eco_isic3_k,1995,6.637
bol,sex_f,age_aggregate_y25_54,eco_isic3_k,1999,95.446
bol,sex_f,age_aggregate_y25_54,eco_isic3_k,2000,20.345
bol,sex_f,age_aggregate_y25_54,eco_isic3_k,2001,23.207
bol,sex_f,age_aggregate_y25_54,eco_isic3_k,2002,19.26
bol,sex_f,age_aggregate_y25_54,eco_isic3_k,2005,27.929
bol,sex_f,age_aggregate_y25_54,eco_isic3_k,2006,39.127
bol,sex_f,age_aggregate_y25_54,eco_isic3_k,2007,34.93
bol,sex_f,age_aggregate_y25_54,eco_isic3_k,2008,41.897
bol,sex_f,age_aggregate_y25_54,eco_isic3_k,2009,57.384
bol,sex_f,age_aggregate_y25_54,eco_isic3_l,1991,9.945
bol,sex_f,age_aggregate_y25_54,eco_isic3_l,1992,9.486
bol,sex_f,age_aggregate_y25_54,eco_isic3_l,1993,11.037
bol,sex_f,age_aggregate_y25_54,eco_isic3_l,1994,10.447
bol,sex_f,age_aggregate_y25_54,eco_isic3_l,1995,11.48
bol,sex_f,age_aggregate_y25_54,eco_isic3_l,2000,12.824
bol,sex_f,age_aggregate_y25_54,eco_isic3_l,2001,12.076
bol,sex_f,age_aggregate_y25_54,eco_isic3_l,2002,13.713
bol,sex_f,age_aggregate_y25_54,eco_isic3_l,2005,23.21
bol,sex_f,age_aggregate_y25_54,eco_isic3_l,2006,26.722
bol,sex_f,age_aggregate_y25_54,eco_isic3_l,2007,32.593
bol,sex_f,age_aggregate_y25_54,eco_isic3_l,2008,44.461
bol,sex_f,age_aggregate_y25_54,eco_isic3_l,2009,34.899
bol,sex_f,age_aggregate_y25_54,eco_isic3_m,1989,5.044
bol,sex_f,age_aggregate_y25_54,eco_isic3_m,1990,7.027
bol,sex_f,age_aggregate_y25_54,eco_isic3_m,1991,35.47
bol,sex_f,age_aggregate_y25_54,eco_isic3_m,1992,32.192
bol,sex_f,age_aggregate_y25_54,eco_isic3_m,1993,36.96
bol,sex_f,age_aggregate_y25_54,eco_isic3_m,1994,39.566
bol,sex_f,age_aggregate_y25_54,eco_isic3_m,1995,36.784
bol,sex_f,age_aggregate_y25_54,eco_isic3_m,2000,76.099
bol,sex_f,age_aggregate_y25_54,eco_isic3_m,2001,72.702
bol,sex_f,age_aggregate_y25_54,eco_isic3_m,2002,69.642
bol,sex_f,age_aggregate_y25_54,eco_isic3_m,2005,84.797
bol,sex_f,age_aggregate_y25_54,eco_isic3_m,2006,104.151
bol,sex_f,age_aggregate_y25_54,eco_isic3_m,2007,107.581
bol,sex_f,age_aggregate_y25_54,eco_isic3_m,2008,107.945
bol,sex_f,age_aggregate_y25_54,eco_isic3_m,2009,134.842
bol,sex_f,age_aggregate_y25_54,eco_isic3_n,1991,12.089
bol,sex_f,age_aggregate_y25_54,eco_isic3_n,1992,12.345
bol,sex_f,age_aggregate_y25_54,eco_isic3_n,1993,17.14
bol,sex_f,age_aggregate_y25_54,eco_isic3_n,1994,16.687
bol,sex_f,age_aggregate_y25_54,eco_isic3_n,1995,19.354
bol,sex_f,age_aggregate_y25_54,eco_isic3_n,2000,24.711
bol,sex_f,age_aggregate_y25_54,eco_isic3_n,2001,27.499
bol,sex_f,age_aggregate_y25_54,eco_isic3_n,2002,34.423
bol,sex_f,age_aggregate_y25_54,eco_isic3_n,2005,35.624
bol,sex_f,age_aggregate_y25_54,eco_isic3_n,2006,53.735
bol,sex_f,age_aggregate_y25_54,eco_isic3_n,2007,54.606
bol,sex_f,age_aggregate_y25_54,eco_isic3_n,2008,53.353
bol,sex_f,age_aggregate_y25_54,eco_isic3_n,2009,74.162
bol,sex_f,age_aggregate_y25_54,eco_isic3_o,1989,56.028
bol,sex_f,age_aggregate_y25_54,eco_isic3_o,1990,55.445
bol,sex_f,age_aggregate_y25_54,eco_isic3_o,1991,16.252
bol,sex_f,age_aggregate_y25_54,eco_isic3_o,1992,17.644
bol,sex_f,age_aggregate_y25_54,eco_isic3_o,1993,9.711
bol,sex_f,age_aggregate_y25_54,eco_isic3_o,1994,12.883
bol,sex_f,age_aggregate_y25_54,eco_isic3_o,1995,11.846
bol,sex_f,age_aggregate_y25_54,eco_isic3_o,1999,101.599
bol,sex_f,age_aggregate_y25_54,eco_isic3_o,2000,39.935
bol,sex_f,age_aggregate_y25_54,eco_isic3_o,2001,37.345
bol,sex_f,age_aggregate_y25_54,eco_isic3_o,2002,45.97
bol,sex_f,age_aggregate_y25_54,eco_isic3_o,2005,58.339
bol,sex_f,age_aggregate_y25_54,eco_isic3_o,2006,54.182
bol,sex_f,age_aggregate_y25_54,eco_isic3_o,2007,58.117
bol,sex_f,age_aggregate_y25_54,eco_isic3_o,2008,40.442
bol,sex_f,age_aggregate_y25_54,eco_isic3_o,2009,44.759
bol,sex_f,age_aggregate_y25_54,eco_isic3_p,1989,41.448
bol,sex_f,age_aggregate_y25_54,eco_isic3_p,1990,43.751
bol,sex_f,age_aggregate_y25_54,eco_isic3_p,1991,19.946
bol,sex_f,age_aggregate_y25_54,eco_isic3_p,1992,18.965
bol,sex_f,age_aggregate_y25_54,eco_isic3_p,1993,29.787
bol,sex_f,age_aggregate_y25_54,eco_isic3_p,1994,28.697
bol,sex_f,age_aggregate_y25_54,eco_isic3_p,1995,33.635
bol,sex_f,age_aggregate_y25_54,eco_isic3_p,2000,68.141
bol,sex_f,age_aggregate_y25_54,eco_isic3_p,2001,60.836
bol,sex_f,age_aggregate_y25_54,eco_isic3_p,2002,55.73
bol,sex_f,age_aggregate_y25_54,eco_isic3_p,2005,47.073
bol,sex_f,age_aggregate_y25_54,eco_isic3_p,2006,62.596
bol,sex_f,age_aggregate_y25_54,eco_isic3_p,2007,90.519
bol,sex_f,age_aggregate_y25_54,eco_isic3_p,2008,54.999
bol,sex_f,age_aggregate_y25_54,eco_isic3_p,2009,64.246
bol,sex_f,age_aggregate_y25_54,eco_isic3_q,1991,0.911
bol,sex_f,age_aggregate_y25_54,eco_isic3_q,1992,2.414
bol,sex_f,age_aggregate_y25_54,eco_isic3_q,1994,0.938
bol,sex_f,age_aggregate_y25_54,eco_isic3_q,1995,1.121
bol,sex_f,age_aggregate_y25_54,eco_isic3_q,2002,1.764
bol,sex_f,age_aggregate_y25_54,eco_isic3_total,1989,247.857
bol,sex_f,age_aggregate_y25_54,eco_isic3_total,1990,249.773
bol,sex_f,age_aggregate_y25_54,eco_isic3_total,1991,263.637
bol,sex_f,age_aggregate_y25_54,eco_isic3_total,1992,272.766
bol,sex_f,age_aggregate_y25_54,eco_isic3_total,1993,299.063
bol,sex_f,age_aggregate_y25_54,eco_isic3_total,1994,339.649
bol,sex_f,age_aggregate_y25_54,eco_isic3_total,1995,351.314
bol,sex_f,age_aggregate_y25_54,eco_isic3_total,1999,1027.939
bol,sex_f,age_aggregate_y25_54,eco_isic3_total,2000,949.306
bol,sex_f,age_aggregate_y25_54,eco_isic3_total,2001,967.978
bol,sex_f,age_aggregate_y25_54,eco_isic3_total,2002,982.898
bol,sex_f,age_aggregate_y25_54,eco_isic3_total,2005,1078.899
bol,sex_f,age_aggregate_y25_54,eco_isic3_total,2006,1197.967
bol,sex_f,age_aggregate_y25_54,eco_isic3_total,2007,1218.189
bol,sex_f,age_aggregate_y25_54,eco_isic3_total,2008,1305.333
bol,sex_f,age_aggregate_y25_54,eco_isic3_total,2009,1346.495
bol,sex_f,age_aggregate_y25_54,eco_isic3_x,1989,2.924
bol,sex_f,age_aggregate_y25_54,eco_isic3_x,1990,3.574
bol,sex_f,age_aggregate_y25_54,eco_isic3_x,1999,12.625
bol,sex_f,age_aggregate_y25_54,eco_isic3_x,2000,14.477
bol,sex_f,age_aggregate_y25_54,eco_isic3_x,2001,6.911
bol,sex_f,age_aggregate_y25_54,eco_isic4_a,2011,399.676
bol,sex_f,age_aggregate_y25_54,eco_isic4_a,2012,345.119
bol,sex_f,age_aggregate_y25_54,eco_isic4_a,2013,357.763
bol,sex_f,age_aggregate_y25_54,eco_isic4_a,2014,343.808
bol,sex_f,age_aggregate_y25_54,eco_isic4_a,2015,305.878
bol,sex_f,age_aggregate_y25_54,eco_isic4_a,2016,308.852
bol,sex_f,age_aggregate_y25_54,eco_isic4_a,2017,323.859
bol,sex_f,age_aggregate_y25_54,eco_isic4_a,2018,365.337
bol,sex_f,age_aggregate_y25_54,eco_isic4_a,2019,350.038
bol,sex_f,age_aggregate_y25_54,eco_isic4_a,2020,324.157
bol,sex_f,age_aggregate_y25_54,eco_isic4_a,2021,374.427
bol,sex_f,age_aggregate_y25_54,eco_isic4_a,2022,364.979
bol,sex_f,age_aggregate_y25_54,eco_isic4_a,2023,382.846
bol,sex_f,age_aggregate_y25_54,eco_isic4_a,2024,361.225
bol,sex_f,age_aggregate_y25_54,eco_isic4_b,2011,9.356
bol,sex_f,age_aggregate_y25_54,eco_isic4_b,2012,14.918
bol,sex_f,age_aggregate_y25_54,eco_isic4_b,2013,12.601
bol,sex_f,age_aggregate_y25_54,eco_isic4_b,2014,6.113
bol,sex_f,age_aggregate_y25_54,eco_isic4_b,2015,10.661
bol,sex_f,age_aggregate_y25_54,eco_isic4_b,2016,7.388
bol,sex_f,age_aggregate_y25_54,eco_isic4_b,2017,6.252
bol,sex_f,age_aggregate_y25_54,eco_isic4_b,2018,6.464
bol,sex_f,age_aggregate_y25_54,eco_isic4_b,2019,3.73
bol,sex_f,age_aggregate_y25_54,eco_isic4_b,2020,6.256
bol,sex_f,age_aggregate_y25_54,eco_isic4_b,2021,4.87
bol,sex_f,age_aggregate_y25_54,eco_isic4_b,2022,7.614
bol,sex_f,age_aggregate_y25_54,eco_isic4_b,2023,6.003
bol,sex_f,age_aggregate_y25_54,eco_isic4_b,2024,6.588
bol,sex_f,age_aggregate_y25_54,eco_isic4_c,2011,69.998
bol,sex_f,age_aggregate_y25_54,eco_isic4_c,2012,78.53
bol,sex_f,age_aggregate_y25_54,eco_isic4_c,2013,67.898
bol,sex_f,age_aggregate_y25_54,eco_isic4_c,2014,120.015
bol,sex_f,age_aggregate_y25_54,eco_isic4_c,2015,107.286
bol,sex_f,age_aggregate_y25_54,eco_isic4_c,2016,129.176
bol,sex_f,age_aggregate_y25_54,eco_isic4_c,2017,134.714
bol,sex_f,age_aggregate_y25_54,eco_isic4_c,2018,153.885
bol,sex_f,age_aggregate_y25_54,eco_isic4_c,2019,187.916
bol,sex_f,age_aggregate_y25_54,eco_isic4_c,2020,138.329
bol,sex_f,age_aggregate_y25_54,eco_isic4_c,2021,210.154
bol,sex_f,age_aggregate_y25_54,eco_isic4_c,2022,216.544
bol,sex_f,age_aggregate_y25_54,eco_isic4_c,2023,240.369
bol,sex_f,age_aggregate_y25_54,eco_isic4_c,2024,267.315
bol,sex_f,age_aggregate_y25_54,eco_isic4_d,2012,3.219
bol,sex_f,age_aggregate_y25_54,eco_isic4_d,2013,0
bol,sex_f,age_aggregate_y25_54,eco_isic4_d,2014,1.513
bol,sex_f,age_aggregate_y25_54,eco_isic4_d,2015,1.574
bol,sex_f,age_aggregate_y25_54,eco_isic4_d,2016,1.478
bol,sex_f,age_aggregate_y25_54,eco_isic4_d,2017,0.794
bol,sex_f,age_aggregate_y25_54,eco_isic4_d,2018,0.919
bol,sex_f,age_aggregate_y25_54,eco_isic4_d,2019,0.911
bol,sex_f,age_aggregate_y25_54,eco_isic4_d,2020,2.088
bol,sex_f,age_aggregate_y25_54,eco_isic4_d,2021,2.026
bol,sex_f,age_aggregate_y25_54,eco_isic4_d,2022,2.944
bol,sex_f,age_aggregate_y25_54,eco_isic4_d,2023,2.573
bol,sex_f,age_aggregate_y25_54,eco_isic4_d,2024,3.19
bol,sex_f,age_aggregate_y25_54,eco_isic4_e,2012,2.75
bol,sex_f,age_aggregate_y25_54,eco_isic4_e,2013,2.316
bol,sex_f,age_aggregate_y25_54,eco_isic4_e,2016,0.562
bol,sex_f,age_aggregate_y25_54,eco_isic4_e,2017,1.089
bol,sex_f,age_aggregate_y25_54,eco_isic4_e,2018,0.833
bol,sex_f,age_aggregate_y25_54,eco_isic4_e,2019,1.122
bol,sex_f,age_aggregate_y25_54,eco_isic4_e,2021,1.452
bol,sex_f,age_aggregate_y25_54,eco_isic4_e,2022,1.459
bol,sex_f,age_aggregate_y25_54,eco_isic4_e,2023,2.091
bol,sex_f,age_aggregate_y25_54,eco_isic4_e,2024,1.144
bol,sex_f,age_aggregate_y25_54,eco_isic4_f,2011,11.298
bol,sex_f,age_aggregate_y25_54,eco_isic4_f,2012,12.105
bol,sex_f,age_aggregate_y25_54,eco_isic4_f,2013,10.111
bol,sex_f,age_aggregate_y25_54,eco_isic4_f,2014,16.728
bol,sex_f,age_aggregate_y25_54,eco_isic4_f,2015,14.109
bol,sex_f,age_aggregate_y25_54,eco_isic4_f,2016,11.206
bol,sex_f,age_aggregate_y25_54,eco_isic4_f,2017,9.915
bol,sex_f,age_aggregate_y25_54,eco_isic4_f,2018,10.609
bol,sex_f,age_aggregate_y25_54,eco_isic4_f,2019,10.703
bol,sex_f,age_aggregate_y25_54,eco_isic4_f,2020,8.158
bol,sex_f,age_aggregate_y25_54,eco_isic4_f,2021,11.088
bol,sex_f,age_aggregate_y25_54,eco_isic4_f,2022,11.998
bol,sex_f,age_aggregate_y25_54,eco_isic4_f,2023,12.05
bol,sex_f,age_aggregate_y25_54,eco_isic4_f,2024,14.389
bol,sex_f,age_aggregate_y25_54,eco_isic4_g,2011,303.118
bol,sex_f,age_aggregate_y25_54,eco_isic4_g,2012,323.166
bol,sex_f,age_aggregate_y25_54,eco_isic4_g,2013,315.108
bol,sex_f,age_aggregate_y25_54,eco_isic4_g,2014,324.791
bol,sex_f,age_aggregate_y25_54,eco_isic4_g,2015,298.403
bol,sex_f,age_aggregate_y25_54,eco_isic4_g,2016,301.116
bol,sex_f,age_aggregate_y25_54,eco_isic4_g,2017,319.641
bol,sex_f,age_aggregate_y25_54,eco_isic4_g,2018,343.049
bol,sex_f,age_aggregate_y25_54,eco_isic4_g,2019,346.797
bol,sex_f,age_aggregate_y25_54,eco_isic4_g,2020,392.436
bol,sex_f,age_aggregate_y25_54,eco_isic4_g,2021,422.979
bol,sex_f,age_aggregate_y25_54,eco_isic4_g,2022,438.249
bol,sex_f,age_aggregate_y25_54,eco_isic4_g,2023,438.646
bol,sex_f,age_aggregate_y25_54,eco_isic4_g,2024,439.655
bol,sex_f,age_aggregate_y25_54,eco_isic4_h,2011,13.042
bol,sex_f,age_aggregate_y25_54,eco_isic4_h,2012,10.649
bol,sex_f,age_aggregate_y25_54,eco_isic4_h,2013,12.232
bol,sex_f,age_aggregate_y25_54,eco_isic4_h,2014,10.779
bol,sex_f,age_aggregate_y25_54,eco_isic4_h,2015,13.314
bol,sex_f,age_aggregate_y25_54,eco_isic4_h,2016,12.454
bol,sex_f,age_aggregate_y25_54,eco_isic4_h,2017,12.953
bol,sex_f,age_aggregate_y25_54,eco_isic4_h,2018,12.378
bol,sex_f,age_aggregate_y25_54,eco_isic4_h,2019,11.381
bol,sex_f,age_aggregate_y25_54,eco_isic4_h,2020,11.784
bol,sex_f,age_aggregate_y25_54,eco_isic4_h,2021,13.941
bol,sex_f,age_aggregate_y25_54,eco_isic4_h,2022,13.395
bol,sex_f,age_aggregate_y25_54,eco_isic4_h,2023,14.353
bol,sex_f,age_aggregate_y25_54,eco_isic4_h,2024,19.014
bol,sex_f,age_aggregate_y25_54,eco_isic4_i,2011,110.101
bol,sex_f,age_aggregate_y25_54,eco_isic4_i,2012,131.679
bol,sex_f,age_aggregate_y25_54,eco_isic4_i,2013,122.909
bol,sex_f,age_aggregate_y25_54,eco_isic4_i,2014,136.03
bol,sex_f,age_aggregate_y25_54,eco_isic4_i,2015,159.287
bol,sex_f,age_aggregate_y25_54,eco_isic4_i,2016,147.583
bol,sex_f,age_aggregate_y25_54,eco_isic4_i,2017,157.845
bol,sex_f,age_aggregate_y25_54,eco_isic4_i,2018,174.005
bol,sex_f,age_aggregate_y25_54,eco_isic4_i,2019,201.975
bol,sex_f,age_aggregate_y25_54,eco_isic4_i,2020,168.863
bol,sex_f,age_aggregate_y25_54,eco_isic4_i,2021,213.016
bol,sex_f,age_aggregate_y25_54,eco_isic4_i,2022,258.117
bol,sex_f,age_aggregate_y25_54,eco_isic4_i,2023,257.401
bol,sex_f,age_aggregate_y25_54,eco_isic4_i,2024,273.55
bol,sex_f,age_aggregate_y25_54,eco_isic4_j,2011,12.794
bol,sex_f,age_aggregate_y25_54,eco_isic4_j,2012,10.729
bol,sex_f,age_aggregate_y25_54,eco_isic4_j,2013,11.475
bol,sex_f,age_aggregate_y25_54,eco_isic4_j,2014,12.329
bol,sex_f,age_aggregate_y25_54,eco_isic4_j,2015,9.116
bol,sex_f,age_aggregate_y25_54,eco_isic4_j,2016,8.51
bol,sex_f,age_aggregate_y25_54,eco_isic4_j,2017,8.835
bol,sex_f,age_aggregate_y25_54,eco_isic4_j,2018,10.385
bol,sex_f,age_aggregate_y25_54,eco_isic4_j,2019,7.819
bol,sex_f,age_aggregate_y25_54,eco_isic4_j,2020,6.677
bol,sex_f,age_aggregate_y25_54,eco_isic4_j,2021,4.647
bol,sex_f,age_aggregate_y25_54,eco_isic4_j,2022,4.585
bol,sex_f,age_aggregate_y25_54,eco_isic4_j,2023,5.336
bol,sex_f,age_aggregate_y25_54,eco_isic4_j,2024,6.073
bol,sex_f,age_aggregate_y25_54,eco_isic4_k,2011,15.034
bol,sex_f,age_aggregate_y25_54,eco_isic4_k,2012,16.482
bol,sex_f,age_aggregate_y25_54,eco_isic4_k,2013,19.592
bol,sex_f,age_aggregate_y25_54,eco_isic4_k,2014,20
bol,sex_f,age_aggregate_y25_54,eco_isic4_k,2015,19.537
bol,sex_f,age_aggregate_y25_54,eco_isic4_k,2016,16.931
bol,sex_f,age_aggregate_y25_54,eco_isic4_k,2017,18.776
bol,sex_f,age_aggregate_y25_54,eco_isic4_k,2018,19.185
bol,sex_f,age_aggregate_y25_54,eco_isic4_k,2019,15.686
bol,sex_f,age_aggregate_y25_54,eco_isic4_k,2020,26.2
bol,sex_f,age_aggregate_y25_54,eco_isic4_k,2021,24.164
bol,sex_f,age_aggregate_y25_54,eco_isic4_k,2022,21.74
bol,sex_f,age_aggregate_y25_54,eco_isic4_k,2023,20.33
bol,sex_f,age_aggregate_y25_54,eco_isic4_k,2024,21.079
bol,sex_f,age_aggregate_y25_54,eco_isic4_l,2011,2.344
bol,sex_f,age_aggregate_y25_54,eco_isic4_l,2012,2.161
bol,sex_f,age_aggregate_y25_54,eco_isic4_l,2013,2.506
bol,sex_f,age_aggregate_y25_54,eco_isic4_l,2014,2.103
bol,sex_f,age_aggregate_y25_54,eco_isic4_l,2015,2.604
bol,sex_f,age_aggregate_y25_54,eco_isic4_l,2016,5.614
bol,sex_f,age_aggregate_y25_54,eco_isic4_l,2017,6.323
bol,sex_f,age_aggregate_y25_54,eco_isic4_l,2018,6.363
bol,sex_f,age_aggregate_y25_54,eco_isic4_l,2019,8.093
bol,sex_f,age_aggregate_y25_54,eco_isic4_l,2020,3.522
bol,sex_f,age_aggregate_y25_54,eco_isic4_l,2021,7.472
bol,sex_f,age_aggregate_y25_54,eco_isic4_l,2022,8.121
bol,sex_f,age_aggregate_y25_54,eco_isic4_l,2023,8.737
bol,sex_f,age_aggregate_y25_54,eco_isic4_l,2024,7.212
bol,sex_f,age_aggregate_y25_54,eco_isic4_m,2011,33.607
bol,sex_f,age_aggregate_y25_54,eco_isic4_m,2012,38.62
bol,sex_f,age_aggregate_y25_54,eco_isic4_m,2013,35.49
bol,sex_f,age_aggregate_y25_54,eco_isic4_m,2014,36.363
bol,sex_f,age_aggregate_y25_54,eco_isic4_m,2015,35.001
bol,sex_f,age_aggregate_y25_54,eco_isic4_m,2016,27.744
bol,sex_f,age_aggregate_y25_54,eco_isic4_m,2017,28.179
bol,sex_f,age_aggregate_y25_54,eco_isic4_m,2018,27.699
bol,sex_f,age_aggregate_y25_54,eco_isic4_m,2019,30.667
bol,sex_f,age_aggregate_y25_54,eco_isic4_m,2020,45.242
bol,sex_f,age_aggregate_y25_54,eco_isic4_m,2021,36.198
bol,sex_f,age_aggregate_y25_54,eco_isic4_m,2022,45.231
bol,sex_f,age_aggregate_y25_54,eco_isic4_m,2023,45.789
bol,sex_f,age_aggregate_y25_54,eco_isic4_m,2024,44.891
bol,sex_f,age_aggregate_y25_54,eco_isic4_n,2011,12.93
bol,sex_f,age_aggregate_y25_54,eco_isic4_n,2012,17.989
bol,sex_f,age_aggregate_y25_54,eco_isic4_n,2013,17.611
bol,sex_f,age_aggregate_y25_54,eco_isic4_n,2014,18.509
bol,sex_f,age_aggregate_y25_54,eco_isic4_n,2015,22.42
bol,sex_f,age_aggregate_y25_54,eco_isic4_n,2016,17.199
bol,sex_f,age_aggregate_y25_54,eco_isic4_n,2017,19.98
bol,sex_f,age_aggregate_y25_54,eco_isic4_n,2018,28.523
bol,sex_f,age_aggregate_y25_54,eco_isic4_n,2019,32.203
bol,sex_f,age_aggregate_y25_54,eco_isic4_n,2020,20.944
bol,sex_f,age_aggregate_y25_54,eco_isic4_n,2021,38.553
bol,sex_f,age_aggregate_y25_54,eco_isic4_n,2022,42.804
bol,sex_f,age_aggregate_y25_54,eco_isic4_n,2023,47.214
bol,sex_f,age_aggregate_y25_54,eco_isic4_n,2024,53.316
bol,sex_f,age_aggregate_y25_54,eco_isic4_o,2011,41.096
bol,sex_f,age_aggregate_y25_54,eco_isic4_o,2012,37.842
bol,sex_f,age_aggregate_y25_54,eco_isic4_o,2013,51.551
bol,sex_f,age_aggregate_y25_54,eco_isic4_o,2014,48.006
bol,sex_f,age_aggregate_y25_54,eco_isic4_o,2015,48.465
bol,sex_f,age_aggregate_y25_54,eco_isic4_o,2016,39.215
bol,sex_f,age_aggregate_y25_54,eco_isic4_o,2017,34.268
bol,sex_f,age_aggregate_y25_54,eco_isic4_o,2018,41.403
bol,sex_f,age_aggregate_y25_54,eco_isic4_o,2019,43.131
bol,sex_f,age_aggregate_y25_54,eco_isic4_o,2020,44.483
bol,sex_f,age_aggregate_y25_54,eco_isic4_o,2021,35.003
bol,sex_f,age_aggregate_y25_54,eco_isic4_o,2022,38.161
bol,sex_f,age_aggregate_y25_54,eco_isic4_o,2023,39.409
bol,sex_f,age_aggregate_y25_54,eco_isic4_o,2024,43.565
bol,sex_f,age_aggregate_y25_54,eco_isic4_p,2011,116.221
bol,sex_f,age_aggregate_y25_54,eco_isic4_p,2012,115.644
bol,sex_f,age_aggregate_y25_54,eco_isic4_p,2013,119.084
bol,sex_f,age_aggregate_y25_54,eco_isic4_p,2014,117.558
bol,sex_f,age_aggregate_y25_54,eco_isic4_p,2015,96.337
bol,sex_f,age_aggregate_y25_54,eco_isic4_p,2016,112.159
bol,sex_f,age_aggregate_y25_54,eco_isic4_p,2017,113.18
bol,sex_f,age_aggregate_y25_54,eco_isic4_p,2018,110.336
bol,sex_f,age_aggregate_y25_54,eco_isic4_p,2019,122.8
bol,sex_f,age_aggregate_y25_54,eco_isic4_p,2020,106.72
bol,sex_f,age_aggregate_y25_54,eco_isic4_p,2021,113.296
bol,sex_f,age_aggregate_y25_54,eco_isic4_p,2022,119.66
bol,sex_f,age_aggregate_y25_54,eco_isic4_p,2023,138.584
bol,sex_f,age_aggregate_y25_54,eco_isic4_p,2024,136.593
bol,sex_f,age_aggregate_y25_54,eco_isic4_q,2011,72.632
bol,sex_f,age_aggregate_y25_54,eco_isic4_q,2012,70.744
bol,sex_f,age_aggregate_y25_54,eco_isic4_q,2013,89.17
bol,sex_f,age_aggregate_y25_54,eco_isic4_q,2014,71.398
bol,sex_f,age_aggregate_y25_54,eco_isic4_q,2015,65.971
bol,sex_f,age_aggregate_y25_54,eco_isic4_q,2016,69.253
bol,sex_f,age_aggregate_y25_54,eco_isic4_q,2017,68.565
bol,sex_f,age_aggregate_y25_54,eco_isic4_q,2018,73.372
bol,sex_f,age_aggregate_y25_54,eco_isic4_q,2019,82.557
bol,sex_f,age_aggregate_y25_54,eco_isic4_q,2020,90.343
bol,sex_f,age_aggregate_y25_54,eco_isic4_q,2021,89.272
bol,sex_f,age_aggregate_y25_54,eco_isic4_q,2022,102.379
bol,sex_f,age_aggregate_y25_54,eco_isic4_q,2023,104.916
bol,sex_f,age_aggregate_y25_54,eco_isic4_q,2024,112.669
bol,sex_f,age_aggregate_y25_54,eco_isic4_r,2011,2.817
bol,sex_f,age_aggregate_y25_54,eco_isic4_r,2012,3.362
bol,sex_f,age_aggregate_y25_54,eco_isic4_r,2013,4.565
bol,sex_f,age_aggregate_y25_54,eco_isic4_r,2014,5.642
bol,sex_f,age_aggregate_y25_54,eco_isic4_r,2015,3.471
bol,sex_f,age_aggregate_y25_54,eco_isic4_r,2016,3.966
bol,sex_f,age_aggregate_y25_54,eco_isic4_r,2017,5.391
bol,sex_f,age_aggregate_y25_54,eco_isic4_r,2018,5.075
bol,sex_f,age_aggregate_y25_54,eco_isic4_r,2019,4.807
bol,sex_f,age_aggregate_y25_54,eco_isic4_r,2020,3.674
bol,sex_f,age_aggregate_y25_54,eco_isic4_r,2021,3.721
bol,sex_f,age_aggregate_y25_54,eco_isic4_r,2022,4.141
bol,sex_f,age_aggregate_y25_54,eco_isic4_r,2023,6.54
bol,sex_f,age_aggregate_y25_54,eco_isic4_r,2024,6.923
bol,sex_f,age_aggregate_y25_54,eco_isic4_s,2011,44.401
bol,sex_f,age_aggregate_y25_54,eco_isic4_s,2012,32.247
bol,sex_f,age_aggregate_y25_54,eco_isic4_s,2013,38.675
bol,sex_f,age_aggregate_y25_54,eco_isic4_s,2014,37.341
bol,sex_f,age_aggregate_y25_54,eco_isic4_s,2015,31.279
bol,sex_f,age_aggregate_y25_54,eco_isic4_s,2016,35.343
bol,sex_f,age_aggregate_y25_54,eco_isic4_s,2017,37.897
bol,sex_f,age_aggregate_y25_54,eco_isic4_s,2018,41.542
bol,sex_f,age_aggregate_y25_54,eco_isic4_s,2019,53.214
bol,sex_f,age_aggregate_y25_54,eco_isic4_s,2020,45.267
bol,sex_f,age_aggregate_y25_54,eco_isic4_s,2021,56.769
bol,sex_f,age_aggregate_y25_54,eco_isic4_s,2022,60.807
bol,sex_f,age_aggregate_y25_54,eco_isic4_s,2023,63.647
bol,sex_f,age_aggregate_y25_54,eco_isic4_s,2024,73.034
bol,sex_f,age_aggregate_y25_54,eco_isic4_t,2011,62.563
bol,sex_f,age_aggregate_y25_54,eco_isic4_t,2012,76.722
bol,sex_f,age_aggregate_y25_54,eco_isic4_t,2013,73.617
bol,sex_f,age_aggregate_y25_54,eco_isic4_t,2014,60.506
bol,sex_f,age_aggregate_y25_54,eco_isic4_t,2015,49.489
bol,sex_f,age_aggregate_y25_54,eco_isic4_t,2016,53.574
bol,sex_f,age_aggregate_y25_54,eco_isic4_t,2017,60.925
bol,sex_f,age_aggregate_y25_54,eco_isic4_t,2018,58.295
bol,sex_f,age_aggregate_y25_54,eco_isic4_t,2019,64.561
bol,sex_f,age_aggregate_y25_54,eco_isic4_t,2020,53.205
bol,sex_f,age_aggregate_y25_54,eco_isic4_t,2021,66.62
bol,sex_f,age_aggregate_y25_54,eco_isic4_t,2022,78.882
bol,sex_f,age_aggregate_y25_54,eco_isic4_t,2023,84.815
bol,sex_f,age_aggregate_y25_54,eco_isic4_t,2024,92.453
bol,sex_f,age_aggregate_y25_54,eco_isic4_total,2011,1334.834
bol,sex_f,age_aggregate_y25_54,eco_isic4_total,2012,1344.87
bol,sex_f,age_aggregate_y25_54,eco_isic4_total,2013,1364.274
bol,sex_f,age_aggregate_y25_54,eco_isic4_total,2014,1390.28
bol,sex_f,age_aggregate_y25_54,eco_isic4_total,2015,1297.413
bol,sex_f,age_aggregate_y25_54,eco_isic4_total,2016,1310.023
bol,sex_f,age_aggregate_y25_54,eco_isic4_total,2017,1369.725
bol,sex_f,age_aggregate_y25_54,eco_isic4_total,2018,1489.654
bol,sex_f,age_aggregate_y25_54,eco_isic4_total,2019,1580.201
bol,sex_f,age_aggregate_y25_54,eco_isic4_total,2020,1501.856
bol,sex_f,age_aggregate_y25_54,eco_isic4_total,2021,1730.186
bol,sex_f,age_aggregate_y25_54,eco_isic4_total,2022,1842.922
bol,sex_f,age_aggregate_y25_54,eco_isic4_total,2023,1922.626
bol,sex_f,age_aggregate_y25_54,eco_isic4_total,2024,1984.587
bol,sex_f,age_aggregate_y25_54,eco_isic4_u,2016,0.658
bol,sex_f,age_aggregate_y25_54,eco_isic4_u,2024,0.416
bol,sex_f,age_aggregate_y25_54,eco_isic4_x,2017,0.167
bol,sex_f,age_aggregate_y25_54,eco_isic4_x,2021,0.291
bol,sex_f,age_aggregate_y25_54,eco_isic4_x,2022,0.629
bol,sex_f,age_aggregate_y25_54,eco_isic4_x,2023,0.668
bol,sex_f,age_aggregate_y25_54,eco_isic4_x,2024,0.293
bol,sex_f,age_aggregate_y25_54,eco_sector_agr,1991,1.996
bol,sex_f,age_aggregate_y25_54,eco_sector_agr,1992,3.02
bol,sex_f,age_aggregate_y25_54,eco_sector_agr,1993,1.784
bol,sex_f,age_aggregate_y25_54,eco_sector_agr,1994,1.263
bol,sex_f,age_aggregate_y25_54,eco_sector_agr,1995,4.296
bol,sex_f,age_aggregate_y25_54,eco_sector_agr,2000,282.019
bol,sex_f,age_aggregate_y25_54,eco_sector_agr,2001,335.914
bol,sex_f,age_aggregate_y25_54,eco_sector_agr,2002,303.54
bol,sex_f,age_aggregate_y25_54,eco_sector_agr,2005,332.264
bol,sex_f,age_aggregate_y25_54,eco_sector_agr,2006,362.901
bol,sex_f,age_aggregate_y25_54,eco_sector_agr,2007,337.265
bol,sex_f,age_aggregate_y25_54,eco_sector_agr,2008,333.912
bol,sex_f,age_aggregate_y25_54,eco_sector_agr,2009,342.657
bol,sex_f,age_aggregate_y25_54,eco_sector_agr,2011,399.676
bol,sex_f,age_aggregate_y25_54,eco_sector_agr,2012,345.119
bol,sex_f,age_aggregate_y25_54,eco_sector_agr,2013,357.763
bol,sex_f,age_aggregate_y25_54,eco_sector_agr,2014,343.808
bol,sex_f,age_aggregate_y25_54,eco_sector_agr,2015,305.878
bol,sex_f,age_aggregate_y25_54,eco_sector_agr,2016,308.852
bol,sex_f,age_aggregate_y25_54,eco_sector_agr,2017,323.859
bol,sex_f,age_aggregate_y25_54,eco_sector_agr,2018,365.337
bol,sex_f,age_aggregate_y25_54,eco_sector_agr,2019,350.038
bol,sex_f,age_aggregate_y25_54,eco_sector_agr,2020,324.157
bol,sex_f,age_aggregate_y25_54,eco_sector_agr,2021,374.427
bol,sex_f,age_aggregate_y25_54,eco_sector_agr,2022,364.979
bol,sex_f,age_aggregate_y25_54,eco_sector_agr,2023,382.846
bol,sex_f,age_aggregate_y25_54,eco_sector_agr,2024,361.225
bol,sex_f,age_aggregate_y25_54,eco_sector_ind,1989,26.48
bol,sex_f,age_aggregate_y25_54,eco_sector_ind,1990,27.264
bol,sex_f,age_aggregate_y25_54,eco_sector_ind,1991,39.552
bol,sex_f,age_aggregate_y25_54,eco_sector_ind,1992,46.219
bol,sex_f,age_aggregate_y25_54,eco_sector_ind,1993,43.854
bol,sex_f,age_aggregate_y25_54,eco_sector_ind,1994,51.581
bol,sex_f,age_aggregate_y25_54,eco_sector_ind,1995,53.491
bol,sex_f,age_aggregate_y25_54,eco_sector_ind,1999,191.842
bol,sex_f,age_aggregate_y25_54,eco_sector_ind,2000,99.2
bol,sex_f,age_aggregate_y25_54,eco_sector_ind,2001,104.282
bol,sex_f,age_aggregate_y25_54,eco_sector_ind,2002,125.936
bol,sex_f,age_aggregate_y25_54,eco_sector_ind,2005,132.215
bol,sex_f,age_aggregate_y25_54,eco_sector_ind,2006,123.507
bol,sex_f,age_aggregate_y25_54,eco_sector_ind,2007,128.83
bol,sex_f,age_aggregate_y25_54,eco_sector_ind,2008,159.567
bol,sex_f,age_aggregate_y25_54,eco_sector_ind,2009,150.452
bol,sex_f,age_aggregate_y25_54,eco_sector_ind,2011,92.24
bol,sex_f,age_aggregate_y25_54,eco_sector_ind,2012,111.522
bol,sex_f,age_aggregate_y25_54,eco_sector_ind,2013,92.926
bol,sex_f,age_aggregate_y25_54,eco_sector_ind,2014,144.537
bol,sex_f,age_aggregate_y25_54,eco_sector_ind,2015,134.794
bol,sex_f,age_aggregate_y25_54,eco_sector_ind,2016,149.81
bol,sex_f,age_aggregate_y25_54,eco_sector_ind,2017,152.764
bol,sex_f,age_aggregate_y25_54,eco_sector_ind,2018,172.71
bol,sex_f,age_aggregate_y25_54,eco_sector_ind,2019,204.381
bol,sex_f,age_aggregate_y25_54,eco_sector_ind,2020,155.536
bol,sex_f,age_aggregate_y25_54,eco_sector_ind,2021,229.59
bol,sex_f,age_aggregate_y25_54,eco_sector_ind,2022,240.56
bol,sex_f,age_aggregate_y25_54,eco_sector_ind,2023,263.086
bol,sex_f,age_aggregate_y25_54,eco_sector_ind,2024,292.625
bol,sex_f,age_aggregate_y25_54,eco_sector_nag,1989,247.857
bol,sex_f,age_aggregate_y25_54,eco_sector_nag,1990,249.773
bol,sex_f,age_aggregate_y25_54,eco_sector_nag,1991,261.641
bol,sex_f,age_aggregate_y25_54,eco_sector_nag,1992,269.746
bol,sex_f,age_aggregate_y25_54,eco_sector_nag,1993,297.279
bol,sex_f,age_aggregate_y25_54,eco_sector_nag,1994,338.386
bol,sex_f,age_aggregate_y25_54,eco_sector_nag,1995,347.018
bol,sex_f,age_aggregate_y25_54,eco_sector_nag,1999,1027.939
bol,sex_f,age_aggregate_y25_54,eco_sector_nag,2000,667.287
bol,sex_f,age_aggregate_y25_54,eco_sector_nag,2001,632.064
bol,sex_f,age_aggregate_y25_54,eco_sector_nag,2002,679.358
bol,sex_f,age_aggregate_y25_54,eco_sector_nag,2005,746.635
bol,sex_f,age_aggregate_y25_54,eco_sector_nag,2006,835.066
bol,sex_f,age_aggregate_y25_54,eco_sector_nag,2007,880.924
bol,sex_f,age_aggregate_y25_54,eco_sector_nag,2008,971.421
bol,sex_f,age_aggregate_y25_54,eco_sector_nag,2009,1003.838
bol,sex_f,age_aggregate_y25_54,eco_sector_nag,2011,935.158
bol,sex_f,age_aggregate_y25_54,eco_sector_nag,2012,999.751
bol,sex_f,age_aggregate_y25_54,eco_sector_nag,2013,1006.511
bol,sex_f,age_aggregate_y25_54,eco_sector_nag,2014,1046.472
bol,sex_f,age_aggregate_y25_54,eco_sector_nag,2015,991.535
bol,sex_f,age_aggregate_y25_54,eco_sector_nag,2016,1001.171
bol,sex_f,age_aggregate_y25_54,eco_sector_nag,2017,1045.866
bol,sex_f,age_aggregate_y25_54,eco_sector_nag,2018,1124.318
bol,sex_f,age_aggregate_y25_54,eco_sector_nag,2019,1230.163
bol,sex_f,age_aggregate_y25_54,eco_sector_nag,2020,1177.7
bol,sex_f,age_aggregate_y25_54,eco_sector_nag,2021,1355.759
bol,sex_f,age_aggregate_y25_54,eco_sector_nag,2022,1477.943
bol,sex_f,age_aggregate_y25_54,eco_sector_nag,2023,1539.78
bol,sex_f,age_aggregate_y25_54,eco_sector_nag,2024,1623.362
bol,sex_f,age_aggregate_y25_54,eco_sector_ser,1989,218.453
bol,sex_f,age_aggregate_y25_54,eco_sector_ser,1990,218.935
bol,sex_f,age_aggregate_y25_54,eco_sector_ser,1991,222.089
bol,sex_f,age_aggregate_y25_54,eco_sector_ser,1992,223.38
bol,sex_f,age_aggregate_y25_54,eco_sector_ser,1993,253.425
bol,sex_f,age_aggregate_y25_54,eco_sector_ser,1994,286.634
bol,sex_f,age_aggregate_y25_54,eco_sector_ser,1995,293.265
bol,sex_f,age_aggregate_y25_54,eco_sector_ser,1999,823.472
bol,sex_f,age_aggregate_y25_54,eco_sector_ser,2000,553.61
bol,sex_f,age_aggregate_y25_54,eco_sector_ser,2001,520.871
bol,sex_f,age_aggregate_y25_54,eco_sector_ser,2002,553.422
bol,sex_f,age_aggregate_y25_54,eco_sector_ser,2005,614.42
bol,sex_f,age_aggregate_y25_54,eco_sector_ser,2006,711.559
bol,sex_f,age_aggregate_y25_54,eco_sector_ser,2007,752.094
bol,sex_f,age_aggregate_y25_54,eco_sector_ser,2008,811.854
bol,sex_f,age_aggregate_y25_54,eco_sector_ser,2009,853.386
bol,sex_f,age_aggregate_y25_54,eco_sector_ser,2011,842.918
bol,sex_f,age_aggregate_y25_54,eco_sector_ser,2012,888.229
bol,sex_f,age_aggregate_y25_54,eco_sector_ser,2013,913.585
bol,sex_f,age_aggregate_y25_54,eco_sector_ser,2014,901.752
bol,sex_f,age_aggregate_y25_54,eco_sector_ser,2015,856.162
bol,sex_f,age_aggregate_y25_54,eco_sector_ser,2016,851.319
bol,sex_f,age_aggregate_y25_54,eco_sector_ser,2017,892.935
bol,sex_f,age_aggregate_y25_54,eco_sector_ser,2018,951.608
bol,sex_f,age_aggregate_y25_54,eco_sector_ser,2019,1025.782
bol,sex_f,age_aggregate_y25_54,eco_sector_ser,2020,1020.627
bol,sex_f,age_aggregate_y25_54,eco_sector_ser,2021,1125.878
bol,sex_f,age_aggregate_y25_54,eco_sector_ser,2022,1236.755
bol,sex_f,age_aggregate_y25_54,eco_sector_ser,2023,1276.025
bol,sex_f,age_aggregate_y25_54,eco_sector_ser,2024,1330.444
bol,sex_f,age_aggregate_y25_54,eco_sector_total,1989,247.857
bol,sex_f,age_aggregate_y25_54,eco_sector_total,1990,249.773
bol,sex_f,age_aggregate_y25_54,eco_sector_total,1991,263.637
bol,sex_f,age_aggregate_y25_54,eco_sector_total,1992,272.766
bol,sex_f,age_aggregate_y25_54,eco_sector_total,1993,299.063
bol,sex_f,age_aggregate_y25_54,eco_sector_total,1994,339.649
bol,sex_f,age_aggregate_y25_54,eco_sector_total,1995,351.314
bol,sex_f,age_aggregate_y25_54,eco_sector_total,1999,1027.939
bol,sex_f,age_aggregate_y25_54,eco_sector_total,2000,949.306
bol,sex_f,age_aggregate_y25_54,eco_sector_total,2001,967.978
bol,sex_f,age_aggregate_y25_54,eco_sector_total,2002,982.898
bol,sex_f,age_aggregate_y25_54,eco_sector_total,2005,1078.899
bol,sex_f,age_aggregate_y25_54,eco_sector_total,2006,1197.967
bol,sex_f,age_aggregate_y25_54,eco_sector_total,2007,1218.189
bol,sex_f,age_aggregate_y25_54,eco_sector_total,2008,1305.333
bol,sex_f,age_aggregate_y25_54,eco_sector_total,2009,1346.495
bol,sex_f,age_aggregate_y25_54,eco_sector_total,2011,1334.834
bol,sex_f,age_aggregate_y25_54,eco_sector_total,2012,1344.87
bol,sex_f,age_aggregate_y25_54,eco_sector_total,2013,1364.274
bol,sex_f,age_aggregate_y25_54,eco_sector_total,2014,1390.28
bol,sex_f,age_aggregate_y25_54,eco_sector_total,2015,1297.413
bol,sex_f,age_aggregate_y25_54,eco_sector_total,2016,1310.023
bol,sex_f,age_aggregate_y25_54,eco_sector_total,2017,1369.725
bol,sex_f,age_aggregate_y25_54,eco_sector_total,2018,1489.654
bol,sex_f,age_aggregate_y25_54,eco_sector_total,2019,1580.201
bol,sex_f,age_aggregate_y25_54,eco_sector_total,2020,1501.856
bol,sex_f,age_aggregate_y25_54,eco_sector_total,2021,1730.186
bol,sex_f,age_aggregate_y25_54,eco_sector_total,2022,1842.922
bol,sex_f,age_aggregate_y25_54,eco_sector_total,2023,1922.626
bol,sex_f,age_aggregate_y25_54,eco_sector_total,2024,1984.587
bol,sex_f,age_aggregate_y25_54,eco_sector_x,1989,2.924
bol,sex_f,age_aggregate_y25_54,eco_sector_x,1990,3.574
bol,sex_f,age_aggregate_y25_54,eco_sector_x,1999,12.625
bol,sex_f,age_aggregate_y25_54,eco_sector_x,2000,14.477
bol,sex_f,age_aggregate_y25_54,eco_sector_x,2001,6.911
bol,sex_f,age_aggregate_y25_54,eco_sector_x,2017,0.167
bol,sex_f,age_aggregate_y25_54,eco_sector_x,2021,0.291
bol,sex_f,age_aggregate_y25_54,eco_sector_x,2022,0.629
bol,sex_f,age_aggregate_y25_54,eco_sector_x,2023,0.668
bol,sex_f,age_aggregate_y25_54,eco_sector_x,2024,0.293
bol,sex_f,age_aggregate_y55_64,eco_aggregate_agr,1992,0.903
bol,sex_f,age_aggregate_y55_64,eco_aggregate_agr,2000,65.575
bol,sex_f,age_aggregate_y55_64,eco_aggregate_agr,2001,69.288
bol,sex_f,age_aggregate_y55_64,eco_aggregate_agr,2002,58.43
bol,sex_f,age_aggregate_y55_64,eco_aggregate_agr,2005,84.994
bol,sex_f,age_aggregate_y55_64,eco_aggregate_agr,2006,79.787
bol,sex_f,age_aggregate_y55_64,eco_aggregate_agr,2007,97.435
bol,sex_f,age_aggregate_y55_64,eco_aggregate_agr,2008,95.737
bol,sex_f,age_aggregate_y55_64,eco_aggregate_agr,2009,99.908
bol,sex_f,age_aggregate_y55_64,eco_aggregate_agr,2011,101.528
bol,sex_f,age_aggregate_y55_64,eco_aggregate_agr,2012,93.101
bol,sex_f,age_aggregate_y55_64,eco_aggregate_agr,2013,114.794
bol,sex_f,age_aggregate_y55_64,eco_aggregate_agr,2014,124.675
bol,sex_f,age_aggregate_y55_64,eco_aggregate_agr,2015,112.391
bol,sex_f,age_aggregate_y55_64,eco_aggregate_agr,2016,100.178
bol,sex_f,age_aggregate_y55_64,eco_aggregate_agr,2017,117.731
bol,sex_f,age_aggregate_y55_64,eco_aggregate_agr,2018,129.824
bol,sex_f,age_aggregate_y55_64,eco_aggregate_agr,2019,124.965
bol,sex_f,age_aggregate_y55_64,eco_aggregate_agr,2020,124.431
bol,sex_f,age_aggregate_y55_64,eco_aggregate_agr,2021,130.117
bol,sex_f,age_aggregate_y55_64,eco_aggregate_agr,2022,125.362
bol,sex_f,age_aggregate_y55_64,eco_aggregate_agr,2023,126.356
bol,sex_f,age_aggregate_y55_64,eco_aggregate_agr,2024,136.133
bol,sex_f,age_aggregate_y55_64,eco_aggregate_con,1991,0
bol,sex_f,age_aggregate_y55_64,eco_aggregate_con,1993,0
bol,sex_f,age_aggregate_y55_64,eco_aggregate_con,1994,0
bol,sex_f,age_aggregate_y55_64,eco_aggregate_con,1995,0
bol,sex_f,age_aggregate_y55_64,eco_aggregate_con,2000,0
bol,sex_f,age_aggregate_y55_64,eco_aggregate_con,2001,0
bol,sex_f,age_aggregate_y55_64,eco_aggregate_con,2002,0
bol,sex_f,age_aggregate_y55_64,eco_aggregate_con,2006,0
bol,sex_f,age_aggregate_y55_64,eco_aggregate_con,2007,0
bol,sex_f,age_aggregate_y55_64,eco_aggregate_con,2008,0
bol,sex_f,age_aggregate_y55_64,eco_aggregate_con,2009,0
bol,sex_f,age_aggregate_y55_64,eco_aggregate_con,2015,0
bol,sex_f,age_aggregate_y55_64,eco_aggregate_con,2016,0.402
bol,sex_f,age_aggregate_y55_64,eco_aggregate_con,2018,0.593
bol,sex_f,age_aggregate_y55_64,eco_aggregate_con,2019,1.012
bol,sex_f,age_aggregate_y55_64,eco_aggregate_con,2021,0.566
bol,sex_f,age_aggregate_y55_64,eco_aggregate_con,2022,0.535
bol,sex_f,age_aggregate_y55_64,eco_aggregate_con,2023,1.048
bol,sex_f,age_aggregate_y55_64,eco_aggregate_con,2024,0.635
bol,sex_f,age_aggregate_y55_64,eco_aggregate_man,1989,2.774
bol,sex_f,age_aggregate_y55_64,eco_aggregate_man,1990,1.518
bol,sex_f,age_aggregate_y55_64,eco_aggregate_man,1991,1.722
bol,sex_f,age_aggregate_y55_64,eco_aggregate_man,1992,2.938
bol,sex_f,age_aggregate_y55_64,eco_aggregate_man,1993,3.375
bol,sex_f,age_aggregate_y55_64,eco_aggregate_man,1994,3.244
bol,sex_f,age_aggregate_y55_64,eco_aggregate_man,1995,3.347
bol,sex_f,age_aggregate_y55_64,eco_aggregate_man,1999,6.91
bol,sex_f,age_aggregate_y55_64,eco_aggregate_man,2000,6.268
bol,sex_f,age_aggregate_y55_64,eco_aggregate_man,2001,7.308
bol,sex_f,age_aggregate_y55_64,eco_aggregate_man,2002,11.665
bol,sex_f,age_aggregate_y55_64,eco_aggregate_man,2005,12.915
bol,sex_f,age_aggregate_y55_64,eco_aggregate_man,2006,13.161
bol,sex_f,age_aggregate_y55_64,eco_aggregate_man,2007,11.21
bol,sex_f,age_aggregate_y55_64,eco_aggregate_man,2008,16.608
bol,sex_f,age_aggregate_y55_64,eco_aggregate_man,2009,12.285
bol,sex_f,age_aggregate_y55_64,eco_aggregate_man,2011,8.253
bol,sex_f,age_aggregate_y55_64,eco_aggregate_man,2012,12.235
bol,sex_f,age_aggregate_y55_64,eco_aggregate_man,2013,12.462
bol,sex_f,age_aggregate_y55_64,eco_aggregate_man,2014,16.575
bol,sex_f,age_aggregate_y55_64,eco_aggregate_man,2015,11.462
bol,sex_f,age_aggregate_y55_64,eco_aggregate_man,2016,20.398
bol,sex_f,age_aggregate_y55_64,eco_aggregate_man,2017,20.494
bol,sex_f,age_aggregate_y55_64,eco_aggregate_man,2018,23.902
bol,sex_f,age_aggregate_y55_64,eco_aggregate_man,2019,30.179
bol,sex_f,age_aggregate_y55_64,eco_aggregate_man,2020,18.363
bol,sex_f,age_aggregate_y55_64,eco_aggregate_man,2021,35.647
bol,sex_f,age_aggregate_y55_64,eco_aggregate_man,2022,40.725
bol,sex_f,age_aggregate_y55_64,eco_aggregate_man,2023,38.24
bol,sex_f,age_aggregate_y55_64,eco_aggregate_man,2024,44.216
bol,sex_f,age_aggregate_y55_64,eco_aggregate_mel,1989,0.392
bol,sex_f,age_aggregate_y55_64,eco_aggregate_mel,1991,0
bol,sex_f,age_aggregate_y55_64,eco_aggregate_mel,2001,0
bol,sex_f,age_aggregate_y55_64,eco_aggregate_mel,2005,2.135
bol,sex_f,age_aggregate_y55_64,eco_aggregate_mel,2012,3.072
bol,sex_f,age_aggregate_y55_64,eco_aggregate_mel,2016,0.798
bol,sex_f,age_aggregate_y55_64,eco_aggregate_mel,2017,0.691
bol,sex_f,age_aggregate_y55_64,eco_aggregate_mel,2018,0.894
bol,sex_f,age_aggregate_y55_64,eco_aggregate_mel,2019,0.793
bol,sex_f,age_aggregate_y55_64,eco_aggregate_mel,2021,0.798
bol,sex_f,age_aggregate_y55_64,eco_aggregate_mel,2022,1.242
bol,sex_f,age_aggregate_y55_64,eco_aggregate_mel,2023,1.899
bol,sex_f,age_aggregate_y55_64,eco_aggregate_mel,2024,1.391
bol,sex_f,age_aggregate_y55_64,eco_aggregate_mkt,1989,14.767
bol,sex_f,age_aggregate_y55_64,eco_aggregate_mkt,1990,14.764
bol,sex_f,age_aggregate_y55_64,eco_aggregate_mkt,1991,13.227
bol,sex_f,age_aggregate_y55_64,eco_aggregate_mkt,1992,13.827
bol,sex_f,age_aggregate_y55_64,eco_aggregate_mkt,1993,18.756
bol,sex_f,age_aggregate_y55_64,eco_aggregate_mkt,1994,13.925
bol,sex_f,age_aggregate_y55_64,eco_aggregate_mkt,1995,15.068
bol,sex_f,age_aggregate_y55_64,eco_aggregate_mkt,1999,133.159
bol,sex_f,age_aggregate_y55_64,eco_aggregate_mkt,2000,39.46
bol,sex_f,age_aggregate_y55_64,eco_aggregate_mkt,2001,32.455
bol,sex_f,age_aggregate_y55_64,eco_aggregate_mkt,2002,41.953
bol,sex_f,age_aggregate_y55_64,eco_aggregate_mkt,2005,74.022
bol,sex_f,age_aggregate_y55_64,eco_aggregate_mkt,2006,42.795
bol,sex_f,age_aggregate_y55_64,eco_aggregate_mkt,2007,49.779
bol,sex_f,age_aggregate_y55_64,eco_aggregate_mkt,2008,70.459
bol,sex_f,age_aggregate_y55_64,eco_aggregate_mkt,2009,62.253
bol,sex_f,age_aggregate_y55_64,eco_aggregate_mkt,2011,81.933
bol,sex_f,age_aggregate_y55_64,eco_aggregate_mkt,2012,77.965
bol,sex_f,age_aggregate_y55_64,eco_aggregate_mkt,2013,93.089
bol,sex_f,age_aggregate_y55_64,eco_aggregate_mkt,2014,89.906
bol,sex_f,age_aggregate_y55_64,eco_aggregate_mkt,2015,88.586
bol,sex_f,age_aggregate_y55_64,eco_aggregate_mkt,2016,99.135
bol,sex_f,age_aggregate_y55_64,eco_aggregate_mkt,2017,108.255
bol,sex_f,age_aggregate_y55_64,eco_aggregate_mkt,2018,120.733
bol,sex_f,age_aggregate_y55_64,eco_aggregate_mkt,2019,128.455
bol,sex_f,age_aggregate_y55_64,eco_aggregate_mkt,2020,118.089
bol,sex_f,age_aggregate_y55_64,eco_aggregate_mkt,2021,123.567
bol,sex_f,age_aggregate_y55_64,eco_aggregate_mkt,2022,130.95
bol,sex_f,age_aggregate_y55_64,eco_aggregate_mkt,2023,141.748
bol,sex_f,age_aggregate_y55_64,eco_aggregate_mkt,2024,151.039
bol,sex_f,age_aggregate_y55_64,eco_aggregate_pub,1989,3.848
bol,sex_f,age_aggregate_y55_64,eco_aggregate_pub,1990,4.118
bol,sex_f,age_aggregate_y55_64,eco_aggregate_pub,1991,5.632
bol,sex_f,age_aggregate_y55_64,eco_aggregate_pub,1992,4.911
bol,sex_f,age_aggregate_y55_64,eco_aggregate_pub,1993,6.571
bol,sex_f,age_aggregate_y55_64,eco_aggregate_pub,1994,4.405
bol,sex_f,age_aggregate_y55_64,eco_aggregate_pub,1995,5.466
bol,sex_f,age_aggregate_y55_64,eco_aggregate_pub,1999,11.807
bol,sex_f,age_aggregate_y55_64,eco_aggregate_pub,2000,14.197
bol,sex_f,age_aggregate_y55_64,eco_aggregate_pub,2001,11.216
bol,sex_f,age_aggregate_y55_64,eco_aggregate_pub,2002,8.191
bol,sex_f,age_aggregate_y55_64,eco_aggregate_pub,2005,13.502
bol,sex_f,age_aggregate_y55_64,eco_aggregate_pub,2006,20.107
bol,sex_f,age_aggregate_y55_64,eco_aggregate_pub,2007,30.702
bol,sex_f,age_aggregate_y55_64,eco_aggregate_pub,2008,22.393
bol,sex_f,age_aggregate_y55_64,eco_aggregate_pub,2009,38.464
bol,sex_f,age_aggregate_y55_64,eco_aggregate_pub,2011,37.848
bol,sex_f,age_aggregate_y55_64,eco_aggregate_pub,2012,41.677
bol,sex_f,age_aggregate_y55_64,eco_aggregate_pub,2013,43.729
bol,sex_f,age_aggregate_y55_64,eco_aggregate_pub,2014,40.499
bol,sex_f,age_aggregate_y55_64,eco_aggregate_pub,2015,40.436
bol,sex_f,age_aggregate_y55_64,eco_aggregate_pub,2016,41.619
bol,sex_f,age_aggregate_y55_64,eco_aggregate_pub,2017,42.84
bol,sex_f,age_aggregate_y55_64,eco_aggregate_pub,2018,46.809
bol,sex_f,age_aggregate_y55_64,eco_aggregate_pub,2019,51.303
bol,sex_f,age_aggregate_y55_64,eco_aggregate_pub,2020,47.742
bol,sex_f,age_aggregate_y55_64,eco_aggregate_pub,2021,47.342
bol,sex_f,age_aggregate_y55_64,eco_aggregate_pub,2022,56.824
bol,sex_f,age_aggregate_y55_64,eco_aggregate_pub,2023,62.536
bol,sex_f,age_aggregate_y55_64,eco_aggregate_pub,2024,69.223
bol,sex_f,age_aggregate_y55_64,eco_aggregate_total,1989,22.098
bol,sex_f,age_aggregate_y55_64,eco_aggregate_total,1990,20.76
bol,sex_f,age_aggregate_y55_64,eco_aggregate_total,1991,21.014
bol,sex_f,age_aggregate_y55_64,eco_aggregate_total,1992,22.817
bol,sex_f,age_aggregate_y55_64,eco_aggregate_total,1993,29.144
bol,sex_f,age_aggregate_y55_64,eco_aggregate_total,1994,21.791
bol,sex_f,age_aggregate_y55_64,eco_aggregate_total,1995,24.54
bol,sex_f,age_aggregate_y55_64,eco_aggregate_total,1999,155.298
bol,sex_f,age_aggregate_y55_64,eco_aggregate_total,2000,127.568
bol,sex_f,age_aggregate_y55_64,eco_aggregate_total,2001,123.647
bol,sex_f,age_aggregate_y55_64,eco_aggregate_total,2002,120.543
bol,sex_f,age_aggregate_y55_64,eco_aggregate_total,2005,187.977
bol,sex_f,age_aggregate_y55_64,eco_aggregate_total,2006,155.85
bol,sex_f,age_aggregate_y55_64,eco_aggregate_total,2007,189.126
bol,sex_f,age_aggregate_y55_64,eco_aggregate_total,2008,205.197
bol,sex_f,age_aggregate_y55_64,eco_aggregate_total,2009,212.91
bol,sex_f,age_aggregate_y55_64,eco_aggregate_total,2011,232.597
bol,sex_f,age_aggregate_y55_64,eco_aggregate_total,2012,228.261
bol,sex_f,age_aggregate_y55_64,eco_aggregate_total,2013,266.117
bol,sex_f,age_aggregate_y55_64,eco_aggregate_total,2014,274.467
bol,sex_f,age_aggregate_y55_64,eco_aggregate_total,2015,253.536
bol,sex_f,age_aggregate_y55_64,eco_aggregate_total,2016,262.529
bol,sex_f,age_aggregate_y55_64,eco_aggregate_total,2017,290.134
bol,sex_f,age_aggregate_y55_64,eco_aggregate_total,2018,322.756
bol,sex_f,age_aggregate_y55_64,eco_aggregate_total,2019,336.706
bol,sex_f,age_aggregate_y55_64,eco_aggregate_total,2020,309.685
bol,sex_f,age_aggregate_y55_64,eco_aggregate_total,2021,338.038
bol,sex_f,age_aggregate_y55_64,eco_aggregate_total,2022,355.637
bol,sex_f,age_aggregate_y55_64,eco_aggregate_total,2023,371.827
bol,sex_f,age_aggregate_y55_64,eco_aggregate_total,2024,402.637
bol,sex_f,age_aggregate_y55_64,eco_aggregate_x,1989,0.318
bol,sex_f,age_aggregate_y55_64,eco_aggregate_x,2000,2.068
bol,sex_f,age_aggregate_y55_64,eco_aggregate_x,2001,3.38
bol,sex_f,age_aggregate_y55_64,eco_isic3_a,1992,0.903
bol,sex_f,age_aggregate_y55_64,eco_isic3_a,2000,65.575
bol,sex_f,age_aggregate_y55_64,eco_isic3_a,2001,69.288
bol,sex_f,age_aggregate_y55_64,eco_isic3_a,2002,58.43
bol,sex_f,age_aggregate_y55_64,eco_isic3_a,2005,84.994
bol,sex_f,age_aggregate_y55_64,eco_isic3_a,2006,79.787
bol,sex_f,age_aggregate_y55_64,eco_isic3_a,2007,97.435
bol,sex_f,age_aggregate_y55_64,eco_isic3_a,2008,95.737
bol,sex_f,age_aggregate_y55_64,eco_isic3_a,2009,99.908
bol,sex_f,age_aggregate_y55_64,eco_isic3_c,1989,0.392
bol,sex_f,age_aggregate_y55_64,eco_isic3_c,1991,0
bol,sex_f,age_aggregate_y55_64,eco_isic3_c,2001,0
bol,sex_f,age_aggregate_y55_64,eco_isic3_c,2005,2.135
bol,sex_f,age_aggregate_y55_64,eco_isic3_d,1989,2.774
bol,sex_f,age_aggregate_y55_64,eco_isic3_d,1990,1.518
bol,sex_f,age_aggregate_y55_64,eco_isic3_d,1991,1.722
bol,sex_f,age_aggregate_y55_64,eco_isic3_d,1992,2.938
bol,sex_f,age_aggregate_y55_64,eco_isic3_d,1993,3.375
bol,sex_f,age_aggregate_y55_64,eco_isic3_d,1994,3.244
bol,sex_f,age_aggregate_y55_64,eco_isic3_d,1995,3.347
bol,sex_f,age_aggregate_y55_64,eco_isic3_d,1999,6.91
bol,sex_f,age_aggregate_y55_64,eco_isic3_d,2000,6.268
bol,sex_f,age_aggregate_y55_64,eco_isic3_d,2001,7.308
bol,sex_f,age_aggregate_y55_64,eco_isic3_d,2002,11.665
bol,sex_f,age_aggregate_y55_64,eco_isic3_d,2005,12.915
bol,sex_f,age_aggregate_y55_64,eco_isic3_d,2006,13.161
bol,sex_f,age_aggregate_y55_64,eco_isic3_d,2007,11.21
bol,sex_f,age_aggregate_y55_64,eco_isic3_d,2008,16.608
bol,sex_f,age_aggregate_y55_64,eco_isic3_d,2009,12.285
bol,sex_f,age_aggregate_y55_64,eco_isic3_f,1991,0
bol,sex_f,age_aggregate_y55_64,eco_isic3_f,1993,0
bol,sex_f,age_aggregate_y55_64,eco_isic3_f,1994,0
bol,sex_f,age_aggregate_y55_64,eco_isic3_f,1995,0
bol,sex_f,age_aggregate_y55_64,eco_isic3_f,2000,0
bol,sex_f,age_aggregate_y55_64,eco_isic3_f,2001,0
bol,sex_f,age_aggregate_y55_64,eco_isic3_f,2002,0
bol,sex_f,age_aggregate_y55_64,eco_isic3_f,2006,0
bol,sex_f,age_aggregate_y55_64,eco_isic3_f,2007,0
bol,sex_f,age_aggregate_y55_64,eco_isic3_f,2008,0
bol,sex_f,age_aggregate_y55_64,eco_isic3_f,2009,0
bol,sex_f,age_aggregate_y55_64,eco_isic3_g,1989,0
bol,sex_f,age_aggregate_y55_64,eco_isic3_g,1990,0
bol,sex_f,age_aggregate_y55_64,eco_isic3_g,1991,9.374
bol,sex_f,age_aggregate_y55_64,eco_isic3_g,1992,12.929
bol,sex_f,age_aggregate_y55_64,eco_isic3_g,1993,15.479
bol,sex_f,age_aggregate_y55_64,eco_isic3_g,1994,11.385
bol,sex_f,age_aggregate_y55_64,eco_isic3_g,1995,12.687
bol,sex_f,age_aggregate_y55_64,eco_isic3_g,1999,40.099
bol,sex_f,age_aggregate_y55_64,eco_isic3_g,2000,34.423
bol,sex_f,age_aggregate_y55_64,eco_isic3_g,2001,21.562
bol,sex_f,age_aggregate_y55_64,eco_isic3_g,2002,27.082
bol,sex_f,age_aggregate_y55_64,eco_isic3_g,2005,54.53
bol,sex_f,age_aggregate_y55_64,eco_isic3_g,2006,32.4
bol,sex_f,age_aggregate_y55_64,eco_isic3_g,2007,37.011
bol,sex_f,age_aggregate_y55_64,eco_isic3_g,2008,52.475
bol,sex_f,age_aggregate_y55_64,eco_isic3_g,2009,40.821
bol,sex_f,age_aggregate_y55_64,eco_isic3_h,1991,3.382
bol,sex_f,age_aggregate_y55_64,eco_isic3_h,1992,0.865
bol,sex_f,age_aggregate_y55_64,eco_isic3_h,1993,2.73
bol,sex_f,age_aggregate_y55_64,eco_isic3_h,1994,2.296
bol,sex_f,age_aggregate_y55_64,eco_isic3_h,1995,2.381
bol,sex_f,age_aggregate_y55_64,eco_isic3_h,2000,5.037
bol,sex_f,age_aggregate_y55_64,eco_isic3_h,2001,7.27
bol,sex_f,age_aggregate_y55_64,eco_isic3_h,2002,12.649
bol,sex_f,age_aggregate_y55_64,eco_isic3_h,2005,18.105
bol,sex_f,age_aggregate_y55_64,eco_isic3_h,2006,7.658
bol,sex_f,age_aggregate_y55_64,eco_isic3_h,2007,11.38
bol,sex_f,age_aggregate_y55_64,eco_isic3_h,2008,14.446
bol,sex_f,age_aggregate_y55_64,eco_isic3_h,2009,16.688
bol,sex_f,age_aggregate_y55_64,eco_isic3_i,1989,14.668
bol,sex_f,age_aggregate_y55_64,eco_isic3_i,1990,14.707
bol,sex_f,age_aggregate_y55_64,eco_isic3_i,1994,0
bol,sex_f,age_aggregate_y55_64,eco_isic3_i,1995,0
bol,sex_f,age_aggregate_y55_64,eco_isic3_i,1999,80.951
bol,sex_f,age_aggregate_y55_64,eco_isic3_i,2000,0
bol,sex_f,age_aggregate_y55_64,eco_isic3_i,2007,0
bol,sex_f,age_aggregate_y55_64,eco_isic3_k,1999,12.109
bol,sex_f,age_aggregate_y55_64,eco_isic3_k,2001,2.448
bol,sex_f,age_aggregate_y55_64,eco_isic3_k,2006,1.164
bol,sex_f,age_aggregate_y55_64,eco_isic3_l,1993,0.768
bol,sex_f,age_aggregate_y55_64,eco_isic3_l,1995,1.019
bol,sex_f,age_aggregate_y55_64,eco_isic3_l,2007,2.172
bol,sex_f,age_aggregate_y55_64,eco_isic3_m,1989,0
bol,sex_f,age_aggregate_y55_64,eco_isic3_m,1991,1.6
bol,sex_f,age_aggregate_y55_64,eco_isic3_m,1992,1.645
bol,sex_f,age_aggregate_y55_64,eco_isic3_m,1993,1.389
bol,sex_f,age_aggregate_y55_64,eco_isic3_m,1994,1.036
bol,sex_f,age_aggregate_y55_64,eco_isic3_m,1995,1.228
bol,sex_f,age_aggregate_y55_64,eco_isic3_m,2000,4.319
bol,sex_f,age_aggregate_y55_64,eco_isic3_m,2005,5.596
bol,sex_f,age_aggregate_y55_64,eco_isic3_m,2006,9.281
bol,sex_f,age_aggregate_y55_64,eco_isic3_m,2007,13.736
bol,sex_f,age_aggregate_y55_64,eco_isic3_m,2008,9.141
bol,sex_f,age_aggregate_y55_64,eco_isic3_m,2009,14.454
bol,sex_f,age_aggregate_y55_64,eco_isic3_n,1991,1.464
bol,sex_f,age_aggregate_y55_64,eco_isic3_n,1993,0.772
bol,sex_f,age_aggregate_y55_64,eco_isic3_n,1995,0.589
bol,sex_f,age_aggregate_y55_64,eco_isic3_n,2002,2.34
bol,sex_f,age_aggregate_y55_64,eco_isic3_n,2006,2.361
bol,sex_f,age_aggregate_y55_64,eco_isic3_n,2009,5.481
bol,sex_f,age_aggregate_y55_64,eco_isic3_o,1989,1.392
bol,sex_f,age_aggregate_y55_64,eco_isic3_o,1990,2.064
bol,sex_f,age_aggregate_y55_64,eco_isic3_o,1991,1.27
bol,sex_f,age_aggregate_y55_64,eco_isic3_o,1992,1.184
bol,sex_f,age_aggregate_y55_64,eco_isic3_o,1993,1.197
bol,sex_f,age_aggregate_y55_64,eco_isic3_o,1994,0.639
bol,sex_f,age_aggregate_y55_64,eco_isic3_o,1999,11.807
bol,sex_f,age_aggregate_y55_64,eco_isic3_o,2000,5.091
bol,sex_f,age_aggregate_y55_64,eco_isic3_o,2001,3.288
bol,sex_f,age_aggregate_y55_64,eco_isic3_o,2002,1.324
bol,sex_f,age_aggregate_y55_64,eco_isic3_o,2005,4.58
bol,sex_f,age_aggregate_y55_64,eco_isic3_o,2006,3.987
bol,sex_f,age_aggregate_y55_64,eco_isic3_o,2007,6.88
bol,sex_f,age_aggregate_y55_64,eco_isic3_o,2008,4.4
bol,sex_f,age_aggregate_y55_64,eco_isic3_o,2009,9.017
bol,sex_f,age_aggregate_y55_64,eco_isic3_p,1989,2.456
bol,sex_f,age_aggregate_y55_64,eco_isic3_p,1990,1.886
bol,sex_f,age_aggregate_y55_64,eco_isic3_p,1991,1.203
bol,sex_f,age_aggregate_y55_64,eco_isic3_p,1992,1.616
bol,sex_f,age_aggregate_y55_64,eco_isic3_p,1993,2.445
bol,sex_f,age_aggregate_y55_64,eco_isic3_p,1994,2.373
bol,sex_f,age_aggregate_y55_64,eco_isic3_p,1995,2.226
bol,sex_f,age_aggregate_y55_64,eco_isic3_p,2000,2.758
bol,sex_f,age_aggregate_y55_64,eco_isic3_p,2001,5.573
bol,sex_f,age_aggregate_y55_64,eco_isic3_p,2002,2.802
bol,sex_f,age_aggregate_y55_64,eco_isic3_p,2005,2.587
bol,sex_f,age_aggregate_y55_64,eco_isic3_p,2006,4.252
bol,sex_f,age_aggregate_y55_64,eco_isic3_p,2007,5.649
bol,sex_f,age_aggregate_y55_64,eco_isic3_p,2008,4.278
bol,sex_f,age_aggregate_y55_64,eco_isic3_p,2009,6.713
bol,sex_f,age_aggregate_y55_64,eco_isic3_total,1989,22.098
bol,sex_f,age_aggregate_y55_64,eco_isic3_total,1990,20.76
bol,sex_f,age_aggregate_y55_64,eco_isic3_total,1991,21.014
bol,sex_f,age_aggregate_y55_64,eco_isic3_total,1992,22.817
bol,sex_f,age_aggregate_y55_64,eco_isic3_total,1993,29.144
bol,sex_f,age_aggregate_y55_64,eco_isic3_total,1994,21.791
bol,sex_f,age_aggregate_y55_64,eco_isic3_total,1995,24.54
bol,sex_f,age_aggregate_y55_64,eco_isic3_total,1999,155.298
bol,sex_f,age_aggregate_y55_64,eco_isic3_total,2000,127.568
bol,sex_f,age_aggregate_y55_64,eco_isic3_total,2001,123.647
bol,sex_f,age_aggregate_y55_64,eco_isic3_total,2002,120.543
bol,sex_f,age_aggregate_y55_64,eco_isic3_total,2005,187.977
bol,sex_f,age_aggregate_y55_64,eco_isic3_total,2006,155.85
bol,sex_f,age_aggregate_y55_64,eco_isic3_total,2007,189.126
bol,sex_f,age_aggregate_y55_64,eco_isic3_total,2008,205.197
bol,sex_f,age_aggregate_y55_64,eco_isic3_total,2009,212.91
bol,sex_f,age_aggregate_y55_64,eco_isic3_x,1989,0.318
bol,sex_f,age_aggregate_y55_64,eco_isic3_x,2000,2.068
bol,sex_f,age_aggregate_y55_64,eco_isic3_x,2001,3.38
bol,sex_f,age_aggregate_y55_64,eco_isic4_a,2011,101.528
bol,sex_f,age_aggregate_y55_64,eco_isic4_a,2012,93.101
bol,sex_f,age_aggregate_y55_64,eco_isic4_a,2013,114.794
bol,sex_f,age_aggregate_y55_64,eco_isic4_a,2014,124.675
bol,sex_f,age_aggregate_y55_64,eco_isic4_a,2015,112.391
bol,sex_f,age_aggregate_y55_64,eco_isic4_a,2016,100.178
bol,sex_f,age_aggregate_y55_64,eco_isic4_a,2017,117.731
bol,sex_f,age_aggregate_y55_64,eco_isic4_a,2018,129.824
bol,sex_f,age_aggregate_y55_64,eco_isic4_a,2019,124.965
bol,sex_f,age_aggregate_y55_64,eco_isic4_a,2020,124.431
bol,sex_f,age_aggregate_y55_64,eco_isic4_a,2021,130.117
bol,sex_f,age_aggregate_y55_64,eco_isic4_a,2022,125.362
bol,sex_f,age_aggregate_y55_64,eco_isic4_a,2023,126.356
bol,sex_f,age_aggregate_y55_64,eco_isic4_a,2024,136.133
bol,sex_f,age_aggregate_y55_64,eco_isic4_b,2016,0.638
bol,sex_f,age_aggregate_y55_64,eco_isic4_b,2017,0.645
bol,sex_f,age_aggregate_y55_64,eco_isic4_b,2018,0.719
bol,sex_f,age_aggregate_y55_64,eco_isic4_b,2019,0.297
bol,sex_f,age_aggregate_y55_64,eco_isic4_b,2021,0.232
bol,sex_f,age_aggregate_y55_64,eco_isic4_b,2022,0.721
bol,sex_f,age_aggregate_y55_64,eco_isic4_b,2023,0.73
bol,sex_f,age_aggregate_y55_64,eco_isic4_b,2024,0.339
bol,sex_f,age_aggregate_y55_64,eco_isic4_c,2011,8.253
bol,sex_f,age_aggregate_y55_64,eco_isic4_c,2012,12.235
bol,sex_f,age_aggregate_y55_64,eco_isic4_c,2013,12.462
bol,sex_f,age_aggregate_y55_64,eco_isic4_c,2014,16.575
bol,sex_f,age_aggregate_y55_64,eco_isic4_c,2015,11.462
bol,sex_f,age_aggregate_y55_64,eco_isic4_c,2016,20.398
bol,sex_f,age_aggregate_y55_64,eco_isic4_c,2017,20.494
bol,sex_f,age_aggregate_y55_64,eco_isic4_c,2018,23.902
bol,sex_f,age_aggregate_y55_64,eco_isic4_c,2019,30.179
bol,sex_f,age_aggregate_y55_64,eco_isic4_c,2020,18.363
bol,sex_f,age_aggregate_y55_64,eco_isic4_c,2021,35.647
bol,sex_f,age_aggregate_y55_64,eco_isic4_c,2022,40.725
bol,sex_f,age_aggregate_y55_64,eco_isic4_c,2023,38.24
bol,sex_f,age_aggregate_y55_64,eco_isic4_c,2024,44.216
bol,sex_f,age_aggregate_y55_64,eco_isic4_d,2016,0.136
bol,sex_f,age_aggregate_y55_64,eco_isic4_d,2019,0.284
bol,sex_f,age_aggregate_y55_64,eco_isic4_d,2021,0.466
bol,sex_f,age_aggregate_y55_64,eco_isic4_d,2022,0.479
bol,sex_f,age_aggregate_y55_64,eco_isic4_d,2023,1.169
bol,sex_f,age_aggregate_y55_64,eco_isic4_d,2024,1.052
bol,sex_f,age_aggregate_y55_64,eco_isic4_e,2019,0.212
bol,sex_f,age_aggregate_y55_64,eco_isic4_e,2021,0.101
bol,sex_f,age_aggregate_y55_64,eco_isic4_e,2023,0
bol,sex_f,age_aggregate_y55_64,eco_isic4_e,2024,0
bol,sex_f,age_aggregate_y55_64,eco_isic4_f,2015,0
bol,sex_f,age_aggregate_y55_64,eco_isic4_f,2016,0.402
bol,sex_f,age_aggregate_y55_64,eco_isic4_f,2018,0.593
bol,sex_f,age_aggregate_y55_64,eco_isic4_f,2019,1.012
bol,sex_f,age_aggregate_y55_64,eco_isic4_f,2021,0.566
bol,sex_f,age_aggregate_y55_64,eco_isic4_f,2022,0.535
bol,sex_f,age_aggregate_y55_64,eco_isic4_f,2023,1.048
bol,sex_f,age_aggregate_y55_64,eco_isic4_f,2024,0.635
bol,sex_f,age_aggregate_y55_64,eco_isic4_g,2011,60.864
bol,sex_f,age_aggregate_y55_64,eco_isic4_g,2012,55.422
bol,sex_f,age_aggregate_y55_64,eco_isic4_g,2013,57.376
bol,sex_f,age_aggregate_y55_64,eco_isic4_g,2014,59.489
bol,sex_f,age_aggregate_y55_64,eco_isic4_g,2015,59.079
bol,sex_f,age_aggregate_y55_64,eco_isic4_g,2016,64.449
bol,sex_f,age_aggregate_y55_64,eco_isic4_g,2017,71.109
bol,sex_f,age_aggregate_y55_64,eco_isic4_g,2018,77.884
bol,sex_f,age_aggregate_y55_64,eco_isic4_g,2019,81.808
bol,sex_f,age_aggregate_y55_64,eco_isic4_g,2020,76.97
bol,sex_f,age_aggregate_y55_64,eco_isic4_g,2021,79.036
bol,sex_f,age_aggregate_y55_64,eco_isic4_g,2022,78.948
bol,sex_f,age_aggregate_y55_64,eco_isic4_g,2023,84.935
bol,sex_f,age_aggregate_y55_64,eco_isic4_g,2024,92.999
bol,sex_f,age_aggregate_y55_64,eco_isic4_h,2014,1.093
bol,sex_f,age_aggregate_y55_64,eco_isic4_h,2016,0.981
bol,sex_f,age_aggregate_y55_64,eco_isic4_h,2017,0.845
bol,sex_f,age_aggregate_y55_64,eco_isic4_h,2018,0.915
bol,sex_f,age_aggregate_y55_64,eco_isic4_h,2019,1.01
bol,sex_f,age_aggregate_y55_64,eco_isic4_h,2020,1.185
bol,sex_f,age_aggregate_y55_64,eco_isic4_h,2021,0.601
bol,sex_f,age_aggregate_y55_64,eco_isic4_h,2022,0.916
bol,sex_f,age_aggregate_y55_64,eco_isic4_h,2023,1.264
bol,sex_f,age_aggregate_y55_64,eco_isic4_h,2024,1.948
bol,sex_f,age_aggregate_y55_64,eco_isic4_i,2011,16.882
bol,sex_f,age_aggregate_y55_64,eco_isic4_i,2012,16.527
bol,sex_f,age_aggregate_y55_64,eco_isic4_i,2013,25.795
bol,sex_f,age_aggregate_y55_64,eco_isic4_i,2014,21.621
bol,sex_f,age_aggregate_y55_64,eco_isic4_i,2015,23.272
bol,sex_f,age_aggregate_y55_64,eco_isic4_i,2016,26.363
bol,sex_f,age_aggregate_y55_64,eco_isic4_i,2017,29.518
bol,sex_f,age_aggregate_y55_64,eco_isic4_i,2018,33.582
bol,sex_f,age_aggregate_y55_64,eco_isic4_i,2019,36.894
bol,sex_f,age_aggregate_y55_64,eco_isic4_i,2020,32.432
bol,sex_f,age_aggregate_y55_64,eco_isic4_i,2021,32.716
bol,sex_f,age_aggregate_y55_64,eco_isic4_i,2022,41.468
bol,sex_f,age_aggregate_y55_64,eco_isic4_i,2023,42.377
bol,sex_f,age_aggregate_y55_64,eco_isic4_i,2024,42.461
bol,sex_f,age_aggregate_y55_64,eco_isic4_j,2016,0.403
bol,sex_f,age_aggregate_y55_64,eco_isic4_j,2017,0.273
bol,sex_f,age_aggregate_y55_64,eco_isic4_j,2019,1.034
bol,sex_f,age_aggregate_y55_64,eco_isic4_j,2021,0.37
bol,sex_f,age_aggregate_y55_64,eco_isic4_j,2022,0.605
bol,sex_f,age_aggregate_y55_64,eco_isic4_j,2023,1.011
bol,sex_f,age_aggregate_y55_64,eco_isic4_j,2024,0.322
bol,sex_f,age_aggregate_y55_64,eco_isic4_k,2013,2.38
bol,sex_f,age_aggregate_y55_64,eco_isic4_k,2016,0.732
bol,sex_f,age_aggregate_y55_64,eco_isic4_k,2017,0.492
bol,sex_f,age_aggregate_y55_64,eco_isic4_k,2018,0.606
bol,sex_f,age_aggregate_y55_64,eco_isic4_k,2019,0.224
bol,sex_f,age_aggregate_y55_64,eco_isic4_k,2021,0.679
bol,sex_f,age_aggregate_y55_64,eco_isic4_k,2022,0.676
bol,sex_f,age_aggregate_y55_64,eco_isic4_k,2023,0.75
bol,sex_f,age_aggregate_y55_64,eco_isic4_k,2024,0.721
bol,sex_f,age_aggregate_y55_64,eco_isic4_l,2016,1.358
bol,sex_f,age_aggregate_y55_64,eco_isic4_l,2017,2.547
bol,sex_f,age_aggregate_y55_64,eco_isic4_l,2018,2.837
bol,sex_f,age_aggregate_y55_64,eco_isic4_l,2019,2.345
bol,sex_f,age_aggregate_y55_64,eco_isic4_l,2021,3.071
bol,sex_f,age_aggregate_y55_64,eco_isic4_l,2022,1.832
bol,sex_f,age_aggregate_y55_64,eco_isic4_l,2023,3.037
bol,sex_f,age_aggregate_y55_64,eco_isic4_l,2024,3.001
bol,sex_f,age_aggregate_y55_64,eco_isic4_m,2012,2.515
bol,sex_f,age_aggregate_y55_64,eco_isic4_m,2013,4.611
bol,sex_f,age_aggregate_y55_64,eco_isic4_m,2014,2.252
bol,sex_f,age_aggregate_y55_64,eco_isic4_m,2015,2.456
bol,sex_f,age_aggregate_y55_64,eco_isic4_m,2016,1.901
bol,sex_f,age_aggregate_y55_64,eco_isic4_m,2017,1.602
bol,sex_f,age_aggregate_y55_64,eco_isic4_m,2018,2.439
bol,sex_f,age_aggregate_y55_64,eco_isic4_m,2019,1.827
bol,sex_f,age_aggregate_y55_64,eco_isic4_m,2020,3.436
bol,sex_f,age_aggregate_y55_64,eco_isic4_m,2021,2.819
bol,sex_f,age_aggregate_y55_64,eco_isic4_m,2022,2.02
bol,sex_f,age_aggregate_y55_64,eco_isic4_m,2023,3.311
bol,sex_f,age_aggregate_y55_64,eco_isic4_m,2024,3.261
bol,sex_f,age_aggregate_y55_64,eco_isic4_n,2011,1.704
bol,sex_f,age_aggregate_y55_64,eco_isic4_n,2013,0.907
bol,sex_f,age_aggregate_y55_64,eco_isic4_n,2014,2.347
bol,sex_f,age_aggregate_y55_64,eco_isic4_n,2015,1.554
bol,sex_f,age_aggregate_y55_64,eco_isic4_n,2016,2.949
bol,sex_f,age_aggregate_y55_64,eco_isic4_n,2017,1.869
bol,sex_f,age_aggregate_y55_64,eco_isic4_n,2018,2.325
bol,sex_f,age_aggregate_y55_64,eco_isic4_n,2019,3.313
bol,sex_f,age_aggregate_y55_64,eco_isic4_n,2020,2.572
bol,sex_f,age_aggregate_y55_64,eco_isic4_n,2021,4.274
bol,sex_f,age_aggregate_y55_64,eco_isic4_n,2022,4.485
bol,sex_f,age_aggregate_y55_64,eco_isic4_n,2023,5.063
bol,sex_f,age_aggregate_y55_64,eco_isic4_n,2024,6.326
bol,sex_f,age_aggregate_y55_64,eco_isic4_o,2011,4.471
bol,sex_f,age_aggregate_y55_64,eco_isic4_o,2012,2.602
bol,sex_f,age_aggregate_y55_64,eco_isic4_o,2013,2.848
bol,sex_f,age_aggregate_y55_64,eco_isic4_o,2014,4.724
bol,sex_f,age_aggregate_y55_64,eco_isic4_o,2015,2.947
bol,sex_f,age_aggregate_y55_64,eco_isic4_o,2016,2.374
bol,sex_f,age_aggregate_y55_64,eco_isic4_o,2017,2.403
bol,sex_f,age_aggregate_y55_64,eco_isic4_o,2018,3.6
bol,sex_f,age_aggregate_y55_64,eco_isic4_o,2019,3.007
bol,sex_f,age_aggregate_y55_64,eco_isic4_o,2020,5.01
bol,sex_f,age_aggregate_y55_64,eco_isic4_o,2021,2.577
bol,sex_f,age_aggregate_y55_64,eco_isic4_o,2022,3.515
bol,sex_f,age_aggregate_y55_64,eco_isic4_o,2023,3.896
bol,sex_f,age_aggregate_y55_64,eco_isic4_o,2024,3.815
bol,sex_f,age_aggregate_y55_64,eco_isic4_p,2011,15.353
bol,sex_f,age_aggregate_y55_64,eco_isic4_p,2012,18.773
bol,sex_f,age_aggregate_y55_64,eco_isic4_p,2013,20.133
bol,sex_f,age_aggregate_y55_64,eco_isic4_p,2014,12.951
bol,sex_f,age_aggregate_y55_64,eco_isic4_p,2015,18.234
bol,sex_f,age_aggregate_y55_64,eco_isic4_p,2016,19.169
bol,sex_f,age_aggregate_y55_64,eco_isic4_p,2017,19.912
bol,sex_f,age_aggregate_y55_64,eco_isic4_p,2018,21.017
bol,sex_f,age_aggregate_y55_64,eco_isic4_p,2019,24.367
bol,sex_f,age_aggregate_y55_64,eco_isic4_p,2020,21.89
bol,sex_f,age_aggregate_y55_64,eco_isic4_p,2021,19.811
bol,sex_f,age_aggregate_y55_64,eco_isic4_p,2022,23.095
bol,sex_f,age_aggregate_y55_64,eco_isic4_p,2023,28.028
bol,sex_f,age_aggregate_y55_64,eco_isic4_p,2024,26.399
bol,sex_f,age_aggregate_y55_64,eco_isic4_q,2011,5.73
bol,sex_f,age_aggregate_y55_64,eco_isic4_q,2012,7.281
bol,sex_f,age_aggregate_y55_64,eco_isic4_q,2013,10.408
bol,sex_f,age_aggregate_y55_64,eco_isic4_q,2014,8.37
bol,sex_f,age_aggregate_y55_64,eco_isic4_q,2015,5.927
bol,sex_f,age_aggregate_y55_64,eco_isic4_q,2016,7.029
bol,sex_f,age_aggregate_y55_64,eco_isic4_q,2017,7.301
bol,sex_f,age_aggregate_y55_64,eco_isic4_q,2018,7.19
bol,sex_f,age_aggregate_y55_64,eco_isic4_q,2019,7.16
bol,sex_f,age_aggregate_y55_64,eco_isic4_q,2020,10.762
bol,sex_f,age_aggregate_y55_64,eco_isic4_q,2021,9.146
bol,sex_f,age_aggregate_y55_64,eco_isic4_q,2022,9.133
bol,sex_f,age_aggregate_y55_64,eco_isic4_q,2023,10.393
bol,sex_f,age_aggregate_y55_64,eco_isic4_q,2024,15.175
bol,sex_f,age_aggregate_y55_64,eco_isic4_r,2016,0.745
bol,sex_f,age_aggregate_y55_64,eco_isic4_r,2017,0.363
bol,sex_f,age_aggregate_y55_64,eco_isic4_r,2018,1.117
bol,sex_f,age_aggregate_y55_64,eco_isic4_r,2019,1.019
bol,sex_f,age_aggregate_y55_64,eco_isic4_r,2021,0.523
bol,sex_f,age_aggregate_y55_64,eco_isic4_r,2022,0.449
bol,sex_f,age_aggregate_y55_64,eco_isic4_r,2023,0.382
bol,sex_f,age_aggregate_y55_64,eco_isic4_r,2024,0.449
bol,sex_f,age_aggregate_y55_64,eco_isic4_s,2011,6.407
bol,sex_f,age_aggregate_y55_64,eco_isic4_s,2012,5.725
bol,sex_f,age_aggregate_y55_64,eco_isic4_s,2013,4.036
bol,sex_f,age_aggregate_y55_64,eco_isic4_s,2014,6.445
bol,sex_f,age_aggregate_y55_64,eco_isic4_s,2015,6.642
bol,sex_f,age_aggregate_y55_64,eco_isic4_s,2016,5.724
bol,sex_f,age_aggregate_y55_64,eco_isic4_s,2017,4.91
bol,sex_f,age_aggregate_y55_64,eco_isic4_s,2018,6.435
bol,sex_f,age_aggregate_y55_64,eco_isic4_s,2019,6.731
bol,sex_f,age_aggregate_y55_64,eco_isic4_s,2020,6.224
bol,sex_f,age_aggregate_y55_64,eco_isic4_s,2021,7.411
bol,sex_f,age_aggregate_y55_64,eco_isic4_s,2022,8.067
bol,sex_f,age_aggregate_y55_64,eco_isic4_s,2023,7.27
bol,sex_f,age_aggregate_y55_64,eco_isic4_s,2024,10.989
bol,sex_f,age_aggregate_y55_64,eco_isic4_t,2011,5.372
bol,sex_f,age_aggregate_y55_64,eco_isic4_t,2012,7.087
bol,sex_f,age_aggregate_y55_64,eco_isic4_t,2013,6.005
bol,sex_f,age_aggregate_y55_64,eco_isic4_t,2014,7.712
bol,sex_f,age_aggregate_y55_64,eco_isic4_t,2015,6.083
bol,sex_f,age_aggregate_y55_64,eco_isic4_t,2016,6.463
bol,sex_f,age_aggregate_y55_64,eco_isic4_t,2017,7.951
bol,sex_f,age_aggregate_y55_64,eco_isic4_t,2018,7.451
bol,sex_f,age_aggregate_y55_64,eco_isic4_t,2019,8.88
bol,sex_f,age_aggregate_y55_64,eco_isic4_t,2020,3.181
bol,sex_f,age_aggregate_y55_64,eco_isic4_t,2021,7.852
bol,sex_f,age_aggregate_y55_64,eco_isic4_t,2022,12.566
bol,sex_f,age_aggregate_y55_64,eco_isic4_t,2023,12.567
bol,sex_f,age_aggregate_y55_64,eco_isic4_t,2024,12.398
bol,sex_f,age_aggregate_y55_64,eco_isic4_total,2011,232.597
bol,sex_f,age_aggregate_y55_64,eco_isic4_total,2012,228.261
bol,sex_f,age_aggregate_y55_64,eco_isic4_total,2013,266.117
bol,sex_f,age_aggregate_y55_64,eco_isic4_total,2014,274.467
bol,sex_f,age_aggregate_y55_64,eco_isic4_total,2015,253.536
bol,sex_f,age_aggregate_y55_64,eco_isic4_total,2016,262.529
bol,sex_f,age_aggregate_y55_64,eco_isic4_total,2017,290.134
bol,sex_f,age_aggregate_y55_64,eco_isic4_total,2018,322.756
bol,sex_f,age_aggregate_y55_64,eco_isic4_total,2019,336.706
bol,sex_f,age_aggregate_y55_64,eco_isic4_total,2020,309.685
bol,sex_f,age_aggregate_y55_64,eco_isic4_total,2021,338.038
bol,sex_f,age_aggregate_y55_64,eco_isic4_total,2022,355.637
bol,sex_f,age_aggregate_y55_64,eco_isic4_total,2023,371.827
bol,sex_f,age_aggregate_y55_64,eco_isic4_total,2024,402.637
bol,sex_f,age_aggregate_y55_64,eco_isic4_u,2016,0.115
bol,sex_f,age_aggregate_y55_64,eco_sector_agr,1992,0.903
bol,sex_f,age_aggregate_y55_64,eco_sector_agr,2000,65.575
bol,sex_f,age_aggregate_y55_64,eco_sector_agr,2001,69.288
bol,sex_f,age_aggregate_y55_64,eco_sector_agr,2002,58.43
bol,sex_f,age_aggregate_y55_64,eco_sector_agr,2005,84.994
bol,sex_f,age_aggregate_y55_64,eco_sector_agr,2006,79.787
bol,sex_f,age_aggregate_y55_64,eco_sector_agr,2007,97.435
bol,sex_f,age_aggregate_y55_64,eco_sector_agr,2008,95.737
bol,sex_f,age_aggregate_y55_64,eco_sector_agr,2009,99.908
bol,sex_f,age_aggregate_y55_64,eco_sector_agr,2011,101.528
bol,sex_f,age_aggregate_y55_64,eco_sector_agr,2012,93.101
bol,sex_f,age_aggregate_y55_64,eco_sector_agr,2013,114.794
bol,sex_f,age_aggregate_y55_64,eco_sector_agr,2014,124.675
bol,sex_f,age_aggregate_y55_64,eco_sector_agr,2015,112.391
bol,sex_f,age_aggregate_y55_64,eco_sector_agr,2016,100.178
bol,sex_f,age_aggregate_y55_64,eco_sector_agr,2017,117.731
bol,sex_f,age_aggregate_y55_64,eco_sector_agr,2018,129.824
bol,sex_f,age_aggregate_y55_64,eco_sector_agr,2019,124.965
bol,sex_f,age_aggregate_y55_64,eco_sector_agr,2020,124.431
bol,sex_f,age_aggregate_y55_64,eco_sector_agr,2021,130.117
bol,sex_f,age_aggregate_y55_64,eco_sector_agr,2022,125.362
bol,sex_f,age_aggregate_y55_64,eco_sector_agr,2023,126.356
bol,sex_f,age_aggregate_y55_64,eco_sector_agr,2024,136.133
bol,sex_f,age_aggregate_y55_64,eco_sector_ind,1989,3.166
bol,sex_f,age_aggregate_y55_64,eco_sector_ind,1990,1.548
bol,sex_f,age_aggregate_y55_64,eco_sector_ind,1991,1.722
bol,sex_f,age_aggregate_y55_64,eco_sector_ind,1992,3.176
bol,sex_f,age_aggregate_y55_64,eco_sector_ind,1993,3.375
bol,sex_f,age_aggregate_y55_64,eco_sector_ind,1994,3.244
bol,sex_f,age_aggregate_y55_64,eco_sector_ind,1995,3.453
bol,sex_f,age_aggregate_y55_64,eco_sector_ind,1999,10.316
bol,sex_f,age_aggregate_y55_64,eco_sector_ind,2000,6.268
bol,sex_f,age_aggregate_y55_64,eco_sector_ind,2001,7.308
bol,sex_f,age_aggregate_y55_64,eco_sector_ind,2002,11.969
bol,sex_f,age_aggregate_y55_64,eco_sector_ind,2005,15.459
bol,sex_f,age_aggregate_y55_64,eco_sector_ind,2006,13.161
bol,sex_f,age_aggregate_y55_64,eco_sector_ind,2007,11.21
bol,sex_f,age_aggregate_y55_64,eco_sector_ind,2008,16.608
bol,sex_f,age_aggregate_y55_64,eco_sector_ind,2009,12.285
bol,sex_f,age_aggregate_y55_64,eco_sector_ind,2011,11.288
bol,sex_f,age_aggregate_y55_64,eco_sector_ind,2012,15.518
bol,sex_f,age_aggregate_y55_64,eco_sector_ind,2013,14.505
bol,sex_f,age_aggregate_y55_64,eco_sector_ind,2014,19.074
bol,sex_f,age_aggregate_y55_64,eco_sector_ind,2015,12.123
bol,sex_f,age_aggregate_y55_64,eco_sector_ind,2016,21.597
bol,sex_f,age_aggregate_y55_64,eco_sector_ind,2017,21.308
bol,sex_f,age_aggregate_y55_64,eco_sector_ind,2018,25.389
bol,sex_f,age_aggregate_y55_64,eco_sector_ind,2019,31.984
bol,sex_f,age_aggregate_y55_64,eco_sector_ind,2020,19.423
bol,sex_f,age_aggregate_y55_64,eco_sector_ind,2021,37.011
bol,sex_f,age_aggregate_y55_64,eco_sector_ind,2022,42.502
bol,sex_f,age_aggregate_y55_64,eco_sector_ind,2023,41.188
bol,sex_f,age_aggregate_y55_64,eco_sector_ind,2024,46.242
bol,sex_f,age_aggregate_y55_64,eco_sector_nag,1989,22.098
bol,sex_f,age_aggregate_y55_64,eco_sector_nag,1990,20.76
bol,sex_f,age_aggregate_y55_64,eco_sector_nag,1991,20.581
bol,sex_f,age_aggregate_y55_64,eco_sector_nag,1992,21.914
bol,sex_f,age_aggregate_y55_64,eco_sector_nag,1993,28.702
bol,sex_f,age_aggregate_y55_64,eco_sector_nag,1994,21.574
bol,sex_f,age_aggregate_y55_64,eco_sector_nag,1995,23.987
bol,sex_f,age_aggregate_y55_64,eco_sector_nag,1999,155.298
bol,sex_f,age_aggregate_y55_64,eco_sector_nag,2000,61.993
bol,sex_f,age_aggregate_y55_64,eco_sector_nag,2001,54.359
bol,sex_f,age_aggregate_y55_64,eco_sector_nag,2002,62.113
bol,sex_f,age_aggregate_y55_64,eco_sector_nag,2005,102.983
bol,sex_f,age_aggregate_y55_64,eco_sector_nag,2006,76.063
bol,sex_f,age_aggregate_y55_64,eco_sector_nag,2007,91.691
bol,sex_f,age_aggregate_y55_64,eco_sector_nag,2008,109.46
bol,sex_f,age_aggregate_y55_64,eco_sector_nag,2009,113.002
bol,sex_f,age_aggregate_y55_64,eco_sector_nag,2011,131.069
bol,sex_f,age_aggregate_y55_64,eco_sector_nag,2012,135.16
bol,sex_f,age_aggregate_y55_64,eco_sector_nag,2013,151.323
bol,sex_f,age_aggregate_y55_64,eco_sector_nag,2014,149.792
bol,sex_f,age_aggregate_y55_64,eco_sector_nag,2015,141.145
bol,sex_f,age_aggregate_y55_64,eco_sector_nag,2016,162.351
bol,sex_f,age_aggregate_y55_64,eco_sector_nag,2017,172.403
bol,sex_f,age_aggregate_y55_64,eco_sector_nag,2018,192.932
bol,sex_f,age_aggregate_y55_64,eco_sector_nag,2019,211.742
bol,sex_f,age_aggregate_y55_64,eco_sector_nag,2020,185.254
bol,sex_f,age_aggregate_y55_64,eco_sector_nag,2021,207.921
bol,sex_f,age_aggregate_y55_64,eco_sector_nag,2022,230.275
bol,sex_f,age_aggregate_y55_64,eco_sector_nag,2023,245.471
bol,sex_f,age_aggregate_y55_64,eco_sector_nag,2024,266.504
bol,sex_f,age_aggregate_y55_64,eco_sector_ser,1989,18.614
bol,sex_f,age_aggregate_y55_64,eco_sector_ser,1990,18.882
bol,sex_f,age_aggregate_y55_64,eco_sector_ser,1991,18.859
bol,sex_f,age_aggregate_y55_64,eco_sector_ser,1992,18.738
bol,sex_f,age_aggregate_y55_64,eco_sector_ser,1993,25.327
bol,sex_f,age_aggregate_y55_64,eco_sector_ser,1994,18.33
bol,sex_f,age_aggregate_y55_64,eco_sector_ser,1995,20.534
bol,sex_f,age_aggregate_y55_64,eco_sector_ser,1999,144.966
bol,sex_f,age_aggregate_y55_64,eco_sector_ser,2000,53.657
bol,sex_f,age_aggregate_y55_64,eco_sector_ser,2001,43.671
bol,sex_f,age_aggregate_y55_64,eco_sector_ser,2002,50.144
bol,sex_f,age_aggregate_y55_64,eco_sector_ser,2005,87.524
bol,sex_f,age_aggregate_y55_64,eco_sector_ser,2006,62.902
bol,sex_f,age_aggregate_y55_64,eco_sector_ser,2007,80.481
bol,sex_f,age_aggregate_y55_64,eco_sector_ser,2008,92.852
bol,sex_f,age_aggregate_y55_64,eco_sector_ser,2009,100.717
bol,sex_f,age_aggregate_y55_64,eco_sector_ser,2011,119.781
bol,sex_f,age_aggregate_y55_64,eco_sector_ser,2012,119.642
bol,sex_f,age_aggregate_y55_64,eco_sector_ser,2013,136.818
bol,sex_f,age_aggregate_y55_64,eco_sector_ser,2014,130.405
bol,sex_f,age_aggregate_y55_64,eco_sector_ser,2015,129.022
bol,sex_f,age_aggregate_y55_64,eco_sector_ser,2016,140.754
bol,sex_f,age_aggregate_y55_64,eco_sector_ser,2017,151.095
bol,sex_f,age_aggregate_y55_64,eco_sector_ser,2018,167.543
bol,sex_f,age_aggregate_y55_64,eco_sector_ser,2019,179.758
bol,sex_f,age_aggregate_y55_64,eco_sector_ser,2020,165.831
bol,sex_f,age_aggregate_y55_64,eco_sector_ser,2021,170.91
bol,sex_f,age_aggregate_y55_64,eco_sector_ser,2022,187.774
bol,sex_f,age_aggregate_y55_64,eco_sector_ser,2023,204.283
bol,sex_f,age_aggregate_y55_64,eco_sector_ser,2024,220.263
bol,sex_f,age_aggregate_y55_64,eco_sector_total,1989,22.098
bol,sex_f,age_aggregate_y55_64,eco_sector_total,1990,20.76
bol,sex_f,age_aggregate_y55_64,eco_sector_total,1991,21.014
bol,sex_f,age_aggregate_y55_64,eco_sector_total,1992,22.817
bol,sex_f,age_aggregate_y55_64,eco_sector_total,1993,29.144
bol,sex_f,age_aggregate_y55_64,eco_sector_total,1994,21.791
bol,sex_f,age_aggregate_y55_64,eco_sector_total,1995,24.54
bol,sex_f,age_aggregate_y55_64,eco_sector_total,1999,155.298
bol,sex_f,age_aggregate_y55_64,eco_sector_total,2000,127.568
bol,sex_f,age_aggregate_y55_64,eco_sector_total,2001,123.647
bol,sex_f,age_aggregate_y55_64,eco_sector_total,2002,120.543
bol,sex_f,age_aggregate_y55_64,eco_sector_total,2005,187.977
bol,sex_f,age_aggregate_y55_64,eco_sector_total,2006,155.85
bol,sex_f,age_aggregate_y55_64,eco_sector_total,2007,189.126
bol,sex_f,age_aggregate_y55_64,eco_sector_total,2008,205.197
bol,sex_f,age_aggregate_y55_64,eco_sector_total,2009,212.91
bol,sex_f,age_aggregate_y55_64,eco_sector_total,2011,232.597
bol,sex_f,age_aggregate_y55_64,eco_sector_total,2012,228.261
bol,sex_f,age_aggregate_y55_64,eco_sector_total,2013,266.117
bol,sex_f,age_aggregate_y55_64,eco_sector_total,2014,274.467
bol,sex_f,age_aggregate_y55_64,eco_sector_total,2015,253.536
bol,sex_f,age_aggregate_y55_64,eco_sector_total,2016,262.529
bol,sex_f,age_aggregate_y55_64,eco_sector_total,2017,290.134
bol,sex_f,age_aggregate_y55_64,eco_sector_total,2018,322.756
bol,sex_f,age_aggregate_y55_64,eco_sector_total,2019,336.706
bol,sex_f,age_aggregate_y55_64,eco_sector_total,2020,309.685
bol,sex_f,age_aggregate_y55_64,eco_sector_total,2021,338.038
bol,sex_f,age_aggregate_y55_64,eco_sector_total,2022,355.637
bol,sex_f,age_aggregate_y55_64,eco_sector_total,2023,371.827
bol,sex_f,age_aggregate_y55_64,eco_sector_total,2024,402.637
bol,sex_f,age_aggregate_y55_64,eco_sector_x,1989,0.318
bol,sex_f,age_aggregate_y55_64,eco_sector_x,2000,2.068
bol,sex_f,age_aggregate_y55_64,eco_sector_x,2001,3.38
bol,sex_f,age_aggregate_yge65,eco_aggregate_agr,1995,0
bol,sex_f,age_aggregate_yge65,eco_aggregate_agr,2000,55.351
bol,sex_f,age_aggregate_yge65,eco_aggregate_agr,2001,71.093
bol,sex_f,age_aggregate_yge65,eco_aggregate_agr,2002,59.766
bol,sex_f,age_aggregate_yge65,eco_aggregate_agr,2005,89.855
bol,sex_f,age_aggregate_yge65,eco_aggregate_agr,2006,74.565
bol,sex_f,age_aggregate_yge65,eco_aggregate_agr,2007,101.175
bol,sex_f,age_aggregate_yge65,eco_aggregate_agr,2008,77.666
bol,sex_f,age_aggregate_yge65,eco_aggregate_agr,2009,77.823
bol,sex_f,age_aggregate_yge65,eco_aggregate_agr,2011,77.172
bol,sex_f,age_aggregate_yge65,eco_aggregate_agr,2012,75.247
bol,sex_f,age_aggregate_yge65,eco_aggregate_agr,2013,118.522
bol,sex_f,age_aggregate_yge65,eco_aggregate_agr,2014,96.874
bol,sex_f,age_aggregate_yge65,eco_aggregate_agr,2015,97.492
bol,sex_f,age_aggregate_yge65,eco_aggregate_agr,2016,89.328
bol,sex_f,age_aggregate_yge65,eco_aggregate_agr,2017,116.273
bol,sex_f,age_aggregate_yge65,eco_aggregate_agr,2018,133.48
bol,sex_f,age_aggregate_yge65,eco_aggregate_agr,2019,115.586
bol,sex_f,age_aggregate_yge65,eco_aggregate_agr,2020,126.687
bol,sex_f,age_aggregate_yge65,eco_aggregate_agr,2021,142.821
bol,sex_f,age_aggregate_yge65,eco_aggregate_agr,2022,118.457
bol,sex_f,age_aggregate_yge65,eco_aggregate_agr,2023,139.009
bol,sex_f,age_aggregate_yge65,eco_aggregate_agr,2024,144.35
bol,sex_f,age_aggregate_yge65,eco_aggregate_con,1992,0
bol,sex_f,age_aggregate_yge65,eco_aggregate_con,1995,0
bol,sex_f,age_aggregate_yge65,eco_aggregate_con,2000,0
bol,sex_f,age_aggregate_yge65,eco_aggregate_con,2011,0
bol,sex_f,age_aggregate_yge65,eco_aggregate_con,2012,0
bol,sex_f,age_aggregate_yge65,eco_aggregate_con,2013,0
bol,sex_f,age_aggregate_yge65,eco_aggregate_con,2014,0
bol,sex_f,age_aggregate_yge65,eco_aggregate_con,2020,0
bol,sex_f,age_aggregate_yge65,eco_aggregate_con,2023,0.173
bol,sex_f,age_aggregate_yge65,eco_aggregate_con,2024,0.308
bol,sex_f,age_aggregate_yge65,eco_aggregate_man,1989,1.054
bol,sex_f,age_aggregate_yge65,eco_aggregate_man,1990,0.74
bol,sex_f,age_aggregate_yge65,eco_aggregate_man,1991,0.776
bol,sex_f,age_aggregate_yge65,eco_aggregate_man,1992,1.069
bol,sex_f,age_aggregate_yge65,eco_aggregate_man,1993,0.794
bol,sex_f,age_aggregate_yge65,eco_aggregate_man,1994,1.065
bol,sex_f,age_aggregate_yge65,eco_aggregate_man,1995,2
bol,sex_f,age_aggregate_yge65,eco_aggregate_man,2000,4.584
bol,sex_f,age_aggregate_yge65,eco_aggregate_man,2001,6.743
bol,sex_f,age_aggregate_yge65,eco_aggregate_man,2002,4.156
bol,sex_f,age_aggregate_yge65,eco_aggregate_man,2005,8.121
bol,sex_f,age_aggregate_yge65,eco_aggregate_man,2006,10.95
bol,sex_f,age_aggregate_yge65,eco_aggregate_man,2007,14.189
bol,sex_f,age_aggregate_yge65,eco_aggregate_man,2008,12.725
bol,sex_f,age_aggregate_yge65,eco_aggregate_man,2009,9.29
bol,sex_f,age_aggregate_yge65,eco_aggregate_man,2011,3.408
bol,sex_f,age_aggregate_yge65,eco_aggregate_man,2012,8.11
bol,sex_f,age_aggregate_yge65,eco_aggregate_man,2013,4.379
bol,sex_f,age_aggregate_yge65,eco_aggregate_man,2014,8.9
bol,sex_f,age_aggregate_yge65,eco_aggregate_man,2015,6.8
bol,sex_f,age_aggregate_yge65,eco_aggregate_man,2016,8.945
bol,sex_f,age_aggregate_yge65,eco_aggregate_man,2017,11.396
bol,sex_f,age_aggregate_yge65,eco_aggregate_man,2018,11.324
bol,sex_f,age_aggregate_yge65,eco_aggregate_man,2019,13.682
bol,sex_f,age_aggregate_yge65,eco_aggregate_man,2020,6.83
bol,sex_f,age_aggregate_yge65,eco_aggregate_man,2021,20.466
bol,sex_f,age_aggregate_yge65,eco_aggregate_man,2022,19.244
bol,sex_f,age_aggregate_yge65,eco_aggregate_man,2023,22.294
bol,sex_f,age_aggregate_yge65,eco_aggregate_man,2024,27.338
bol,sex_f,age_aggregate_yge65,eco_aggregate_mel,1989,0.148
bol,sex_f,age_aggregate_yge65,eco_aggregate_mel,2018,0.255
bol,sex_f,age_aggregate_yge65,eco_aggregate_mel,2021,0.6
bol,sex_f,age_aggregate_yge65,eco_aggregate_mel,2022,0.657
bol,sex_f,age_aggregate_yge65,eco_aggregate_mel,2023,0.706
bol,sex_f,age_aggregate_yge65,eco_aggregate_mel,2024,1.14
bol,sex_f,age_aggregate_yge65,eco_aggregate_mkt,1989,8.4
bol,sex_f,age_aggregate_yge65,eco_aggregate_mkt,1990,6.266
bol,sex_f,age_aggregate_yge65,eco_aggregate_mkt,1991,9.244
bol,sex_f,age_aggregate_yge65,eco_aggregate_mkt,1992,7.924
bol,sex_f,age_aggregate_yge65,eco_aggregate_mkt,1993,7.007
bol,sex_f,age_aggregate_yge65,eco_aggregate_mkt,1994,10.559
bol,sex_f,age_aggregate_yge65,eco_aggregate_mkt,1995,9.328
bol,sex_f,age_aggregate_yge65,eco_aggregate_mkt,1999,96.387
bol,sex_f,age_aggregate_yge65,eco_aggregate_mkt,2000,22.241
bol,sex_f,age_aggregate_yge65,eco_aggregate_mkt,2001,22.816
bol,sex_f,age_aggregate_yge65,eco_aggregate_mkt,2002,22.172
bol,sex_f,age_aggregate_yge65,eco_aggregate_mkt,2005,24.067
bol,sex_f,age_aggregate_yge65,eco_aggregate_mkt,2006,25.361
bol,sex_f,age_aggregate_yge65,eco_aggregate_mkt,2007,39.505
bol,sex_f,age_aggregate_yge65,eco_aggregate_mkt,2008,37.616
bol,sex_f,age_aggregate_yge65,eco_aggregate_mkt,2009,32.928
bol,sex_f,age_aggregate_yge65,eco_aggregate_mkt,2011,40.964
bol,sex_f,age_aggregate_yge65,eco_aggregate_mkt,2012,42.862
bol,sex_f,age_aggregate_yge65,eco_aggregate_mkt,2013,47.946
bol,sex_f,age_aggregate_yge65,eco_aggregate_mkt,2014,45.682
bol,sex_f,age_aggregate_yge65,eco_aggregate_mkt,2015,47.061
bol,sex_f,age_aggregate_yge65,eco_aggregate_mkt,2016,55.028
bol,sex_f,age_aggregate_yge65,eco_aggregate_mkt,2017,61.956
bol,sex_f,age_aggregate_yge65,eco_aggregate_mkt,2018,67.92
bol,sex_f,age_aggregate_yge65,eco_aggregate_mkt,2019,66.885
bol,sex_f,age_aggregate_yge65,eco_aggregate_mkt,2020,54.214
bol,sex_f,age_aggregate_yge65,eco_aggregate_mkt,2021,68.913
bol,sex_f,age_aggregate_yge65,eco_aggregate_mkt,2022,79.41
bol,sex_f,age_aggregate_yge65,eco_aggregate_mkt,2023,85.029
bol,sex_f,age_aggregate_yge65,eco_aggregate_mkt,2024,95.053
bol,sex_f,age_aggregate_yge65,eco_aggregate_pub,1989,1.566
bol,sex_f,age_aggregate_yge65,eco_aggregate_pub,1990,1.054
bol,sex_f,age_aggregate_yge65,eco_aggregate_pub,1991,1.783
bol,sex_f,age_aggregate_yge65,eco_aggregate_pub,1992,1.691
bol,sex_f,age_aggregate_yge65,eco_aggregate_pub,1993,0.886
bol,sex_f,age_aggregate_yge65,eco_aggregate_pub,1994,1.062
bol,sex_f,age_aggregate_yge65,eco_aggregate_pub,1995,1.934
bol,sex_f,age_aggregate_yge65,eco_aggregate_pub,1999,3.509
bol,sex_f,age_aggregate_yge65,eco_aggregate_pub,2000,2.483
bol,sex_f,age_aggregate_yge65,eco_aggregate_pub,2001,5.103
bol,sex_f,age_aggregate_yge65,eco_aggregate_pub,2002,3.158
bol,sex_f,age_aggregate_yge65,eco_aggregate_pub,2005,7.677
bol,sex_f,age_aggregate_yge65,eco_aggregate_pub,2006,5.769
bol,sex_f,age_aggregate_yge65,eco_aggregate_pub,2007,8.344
bol,sex_f,age_aggregate_yge65,eco_aggregate_pub,2008,6.021
bol,sex_f,age_aggregate_yge65,eco_aggregate_pub,2009,8.013
bol,sex_f,age_aggregate_yge65,eco_aggregate_pub,2011,8.226
bol,sex_f,age_aggregate_yge65,eco_aggregate_pub,2012,8.497
bol,sex_f,age_aggregate_yge65,eco_aggregate_pub,2013,8.574
bol,sex_f,age_aggregate_yge65,eco_aggregate_pub,2014,8.445
bol,sex_f,age_aggregate_yge65,eco_aggregate_pub,2015,7.275
bol,sex_f,age_aggregate_yge65,eco_aggregate_pub,2016,9.248
bol,sex_f,age_aggregate_yge65,eco_aggregate_pub,2017,9.678
bol,sex_f,age_aggregate_yge65,eco_aggregate_pub,2018,7.846
bol,sex_f,age_aggregate_yge65,eco_aggregate_pub,2019,12.084
bol,sex_f,age_aggregate_yge65,eco_aggregate_pub,2020,11.967
bol,sex_f,age_aggregate_yge65,eco_aggregate_pub,2021,9.98
bol,sex_f,age_aggregate_yge65,eco_aggregate_pub,2022,14.254
bol,sex_f,age_aggregate_yge65,eco_aggregate_pub,2023,16.464
bol,sex_f,age_aggregate_yge65,eco_aggregate_pub,2024,16.311
bol,sex_f,age_aggregate_yge65,eco_aggregate_total,1989,11.169
bol,sex_f,age_aggregate_yge65,eco_aggregate_total,1990,8.101
bol,sex_f,age_aggregate_yge65,eco_aggregate_total,1991,12.359
bol,sex_f,age_aggregate_yge65,eco_aggregate_total,1992,11.101
bol,sex_f,age_aggregate_yge65,eco_aggregate_total,1993,8.895
bol,sex_f,age_aggregate_yge65,eco_aggregate_total,1994,12.749
bol,sex_f,age_aggregate_yge65,eco_aggregate_total,1995,13.262
bol,sex_f,age_aggregate_yge65,eco_aggregate_total,1999,101.339
bol,sex_f,age_aggregate_yge65,eco_aggregate_total,2000,85.358
bol,sex_f,age_aggregate_yge65,eco_aggregate_total,2001,106.69
bol,sex_f,age_aggregate_yge65,eco_aggregate_total,2002,89.404
bol,sex_f,age_aggregate_yge65,eco_aggregate_total,2005,131.47
bol,sex_f,age_aggregate_yge65,eco_aggregate_total,2006,116.645
bol,sex_f,age_aggregate_yge65,eco_aggregate_total,2007,163.213
bol,sex_f,age_aggregate_yge65,eco_aggregate_total,2008,134.028
bol,sex_f,age_aggregate_yge65,eco_aggregate_total,2009,128.054
bol,sex_f,age_aggregate_yge65,eco_aggregate_total,2011,129.852
bol,sex_f,age_aggregate_yge65,eco_aggregate_total,2012,134.949
bol,sex_f,age_aggregate_yge65,eco_aggregate_total,2013,180.357
bol,sex_f,age_aggregate_yge65,eco_aggregate_total,2014,161.262
bol,sex_f,age_aggregate_yge65,eco_aggregate_total,2015,159.472
bol,sex_f,age_aggregate_yge65,eco_aggregate_total,2016,162.782
bol,sex_f,age_aggregate_yge65,eco_aggregate_total,2017,199.452
bol,sex_f,age_aggregate_yge65,eco_aggregate_total,2018,220.908
bol,sex_f,age_aggregate_yge65,eco_aggregate_total,2019,208.44
bol,sex_f,age_aggregate_yge65,eco_aggregate_total,2020,199.698
bol,sex_f,age_aggregate_yge65,eco_aggregate_total,2021,242.926
bol,sex_f,age_aggregate_yge65,eco_aggregate_total,2022,232.112
bol,sex_f,age_aggregate_yge65,eco_aggregate_total,2023,263.674
bol,sex_f,age_aggregate_yge65,eco_aggregate_total,2024,284.5
bol,sex_f,age_aggregate_yge65,eco_isic3_a,1995,0
bol,sex_f,age_aggregate_yge65,eco_isic3_a,2000,55.351
bol,sex_f,age_aggregate_yge65,eco_isic3_a,2001,71.093
bol,sex_f,age_aggregate_yge65,eco_isic3_a,2002,59.766
bol,sex_f,age_aggregate_yge65,eco_isic3_a,2005,89.855
bol,sex_f,age_aggregate_yge65,eco_isic3_a,2006,74.565
bol,sex_f,age_aggregate_yge65,eco_isic3_a,2007,101.175
bol,sex_f,age_aggregate_yge65,eco_isic3_a,2008,77.666
bol,sex_f,age_aggregate_yge65,eco_isic3_a,2009,77.823
bol,sex_f,age_aggregate_yge65,eco_isic3_c,1989,0.148
bol,sex_f,age_aggregate_yge65,eco_isic3_d,1989,1.054
bol,sex_f,age_aggregate_yge65,eco_isic3_d,1990,0.74
bol,sex_f,age_aggregate_yge65,eco_isic3_d,1991,0.776
bol,sex_f,age_aggregate_yge65,eco_isic3_d,1992,1.069
bol,sex_f,age_aggregate_yge65,eco_isic3_d,1993,0.794
bol,sex_f,age_aggregate_yge65,eco_isic3_d,1994,1.065
bol,sex_f,age_aggregate_yge65,eco_isic3_d,1995,2
bol,sex_f,age_aggregate_yge65,eco_isic3_d,2000,4.584
bol,sex_f,age_aggregate_yge65,eco_isic3_d,2001,6.743
bol,sex_f,age_aggregate_yge65,eco_isic3_d,2002,4.156
bol,sex_f,age_aggregate_yge65,eco_isic3_d,2005,8.121
bol,sex_f,age_aggregate_yge65,eco_isic3_d,2006,10.95
bol,sex_f,age_aggregate_yge65,eco_isic3_d,2007,14.189
bol,sex_f,age_aggregate_yge65,eco_isic3_d,2008,12.725
bol,sex_f,age_aggregate_yge65,eco_isic3_d,2009,9.29
bol,sex_f,age_aggregate_yge65,eco_isic3_f,1992,0
bol,sex_f,age_aggregate_yge65,eco_isic3_f,1995,0
bol,sex_f,age_aggregate_yge65,eco_isic3_f,2000,0
bol,sex_f,age_aggregate_yge65,eco_isic3_g,1989,0
bol,sex_f,age_aggregate_yge65,eco_isic3_g,1990,0
bol,sex_f,age_aggregate_yge65,eco_isic3_g,1991,8.804
bol,sex_f,age_aggregate_yge65,eco_isic3_g,1992,6.944
bol,sex_f,age_aggregate_yge65,eco_isic3_g,1993,4.999
bol,sex_f,age_aggregate_yge65,eco_isic3_g,1994,8.5
bol,sex_f,age_aggregate_yge65,eco_isic3_g,1995,7.925
bol,sex_f,age_aggregate_yge65,eco_isic3_g,1999,24.23
bol,sex_f,age_aggregate_yge65,eco_isic3_g,2000,21.356
bol,sex_f,age_aggregate_yge65,eco_isic3_g,2001,19.588
bol,sex_f,age_aggregate_yge65,eco_isic3_g,2002,12.794
bol,sex_f,age_aggregate_yge65,eco_isic3_g,2005,20.159
bol,sex_f,age_aggregate_yge65,eco_isic3_g,2006,22.362
bol,sex_f,age_aggregate_yge65,eco_isic3_g,2007,31.333
bol,sex_f,age_aggregate_yge65,eco_isic3_g,2008,32.071
bol,sex_f,age_aggregate_yge65,eco_isic3_g,2009,23.934
bol,sex_f,age_aggregate_yge65,eco_isic3_h,1992,0.98
bol,sex_f,age_aggregate_yge65,eco_isic3_h,1993,1.583
bol,sex_f,age_aggregate_yge65,eco_isic3_h,1994,2.059
bol,sex_f,age_aggregate_yge65,eco_isic3_h,1995,1.257
bol,sex_f,age_aggregate_yge65,eco_isic3_h,2000,0.804
bol,sex_f,age_aggregate_yge65,eco_isic3_h,2001,3.228
bol,sex_f,age_aggregate_yge65,eco_isic3_h,2002,9.139
bol,sex_f,age_aggregate_yge65,eco_isic3_h,2005,2.963
bol,sex_f,age_aggregate_yge65,eco_isic3_h,2006,2.999
bol,sex_f,age_aggregate_yge65,eco_isic3_h,2007,6.509
bol,sex_f,age_aggregate_yge65,eco_isic3_h,2008,5.545
bol,sex_f,age_aggregate_yge65,eco_isic3_h,2009,8.096
bol,sex_f,age_aggregate_yge65,eco_isic3_i,1989,8.357
bol,sex_f,age_aggregate_yge65,eco_isic3_i,1990,6.146
bol,sex_f,age_aggregate_yge65,eco_isic3_i,1991,0
bol,sex_f,age_aggregate_yge65,eco_isic3_i,1999,65.691
bol,sex_f,age_aggregate_yge65,eco_isic3_k,1999,6.466
bol,sex_f,age_aggregate_yge65,eco_isic3_m,2008,3.24
bol,sex_f,age_aggregate_yge65,eco_isic3_o,1989,0.543
bol,sex_f,age_aggregate_yge65,eco_isic3_o,1991,0.493
bol,sex_f,age_aggregate_yge65,eco_isic3_o,1992,0.637
bol,sex_f,age_aggregate_yge65,eco_isic3_o,1999,3.509
bol,sex_f,age_aggregate_yge65,eco_isic3_o,2001,2.235
bol,sex_f,age_aggregate_yge65,eco_isic3_o,2002,1.646
bol,sex_f,age_aggregate_yge65,eco_isic3_o,2005,4.491
bol,sex_f,age_aggregate_yge65,eco_isic3_o,2007,5.549
bol,sex_f,age_aggregate_yge65,eco_isic3_p,1989,0.933
bol,sex_f,age_aggregate_yge65,eco_isic3_p,1990,0.993
bol,sex_f,age_aggregate_yge65,eco_isic3_p,1991,0.762
bol,sex_f,age_aggregate_yge65,eco_isic3_p,1992,0.783
bol,sex_f,age_aggregate_yge65,eco_isic3_p,1994,0.583
bol,sex_f,age_aggregate_yge65,eco_isic3_p,1995,1.251
bol,sex_f,age_aggregate_yge65,eco_isic3_p,2000,1.917
bol,sex_f,age_aggregate_yge65,eco_isic3_p,2001,1.704
bol,sex_f,age_aggregate_yge65,eco_isic3_total,1989,11.169
bol,sex_f,age_aggregate_yge65,eco_isic3_total,1990,8.101
bol,sex_f,age_aggregate_yge65,eco_isic3_total,1991,12.359
bol,sex_f,age_aggregate_yge65,eco_isic3_total,1992,11.101
bol,sex_f,age_aggregate_yge65,eco_isic3_total,1993,8.895
bol,sex_f,age_aggregate_yge65,eco_isic3_total,1994,12.749
bol,sex_f,age_aggregate_yge65,eco_isic3_total,1995,13.262
bol,sex_f,age_aggregate_yge65,eco_isic3_total,1999,101.339
bol,sex_f,age_aggregate_yge65,eco_isic3_total,2000,85.358
bol,sex_f,age_aggregate_yge65,eco_isic3_total,2001,106.69
bol,sex_f,age_aggregate_yge65,eco_isic3_total,2002,89.404
bol,sex_f,age_aggregate_yge65,eco_isic3_total,2005,131.47
bol,sex_f,age_aggregate_yge65,eco_isic3_total,2006,116.645
bol,sex_f,age_aggregate_yge65,eco_isic3_total,2007,163.213
bol,sex_f,age_aggregate_yge65,eco_isic3_total,2008,134.028
bol,sex_f,age_aggregate_yge65,eco_isic3_total,2009,128.054
bol,sex_f,age_aggregate_yge65,eco_isic4_a,2011,77.172
bol,sex_f,age_aggregate_yge65,eco_isic4_a,2012,75.247
bol,sex_f,age_aggregate_yge65,eco_isic4_a,2013,118.522
bol,sex_f,age_aggregate_yge65,eco_isic4_a,2014,96.874
bol,sex_f,age_aggregate_yge65,eco_isic4_a,2015,97.492
bol,sex_f,age_aggregate_yge65,eco_isic4_a,2016,89.328
bol,sex_f,age_aggregate_yge65,eco_isic4_a,2017,116.273
bol,sex_f,age_aggregate_yge65,eco_isic4_a,2018,133.48
bol,sex_f,age_aggregate_yge65,eco_isic4_a,2019,115.586
bol,sex_f,age_aggregate_yge65,eco_isic4_a,2020,126.687
bol,sex_f,age_aggregate_yge65,eco_isic4_a,2021,142.821
bol,sex_f,age_aggregate_yge65,eco_isic4_a,2022,118.457
bol,sex_f,age_aggregate_yge65,eco_isic4_a,2023,139.009
bol,sex_f,age_aggregate_yge65,eco_isic4_a,2024,144.35
bol,sex_f,age_aggregate_yge65,eco_isic4_c,2011,3.408
bol,sex_f,age_aggregate_yge65,eco_isic4_c,2012,8.11
bol,sex_f,age_aggregate_yge65,eco_isic4_c,2013,4.379
bol,sex_f,age_aggregate_yge65,eco_isic4_c,2014,8.9
bol,sex_f,age_aggregate_yge65,eco_isic4_c,2015,6.8
bol,sex_f,age_aggregate_yge65,eco_isic4_c,2016,8.945
bol,sex_f,age_aggregate_yge65,eco_isic4_c,2017,11.396
bol,sex_f,age_aggregate_yge65,eco_isic4_c,2018,11.324
bol,sex_f,age_aggregate_yge65,eco_isic4_c,2019,13.682
bol,sex_f,age_aggregate_yge65,eco_isic4_c,2020,6.83
bol,sex_f,age_aggregate_yge65,eco_isic4_c,2021,20.466
bol,sex_f,age_aggregate_yge65,eco_isic4_c,2022,19.244
bol,sex_f,age_aggregate_yge65,eco_isic4_c,2023,22.294
bol,sex_f,age_aggregate_yge65,eco_isic4_c,2024,27.338
bol,sex_f,age_aggregate_yge65,eco_isic4_d,2021,0.213
bol,sex_f,age_aggregate_yge65,eco_isic4_d,2022,0.53
bol,sex_f,age_aggregate_yge65,eco_isic4_d,2023,0.613
bol,sex_f,age_aggregate_yge65,eco_isic4_d,2024,1.018
bol,sex_f,age_aggregate_yge65,eco_isic4_f,2011,0
bol,sex_f,age_aggregate_yge65,eco_isic4_f,2012,0
bol,sex_f,age_aggregate_yge65,eco_isic4_f,2013,0
bol,sex_f,age_aggregate_yge65,eco_isic4_f,2014,0
bol,sex_f,age_aggregate_yge65,eco_isic4_f,2020,0
bol,sex_f,age_aggregate_yge65,eco_isic4_f,2023,0.173
bol,sex_f,age_aggregate_yge65,eco_isic4_f,2024,0.308
bol,sex_f,age_aggregate_yge65,eco_isic4_g,2011,31.623
bol,sex_f,age_aggregate_yge65,eco_isic4_g,2012,35.839
bol,sex_f,age_aggregate_yge65,eco_isic4_g,2013,40.413
bol,sex_f,age_aggregate_yge65,eco_isic4_g,2014,36.474
bol,sex_f,age_aggregate_yge65,eco_isic4_g,2015,34.738
bol,sex_f,age_aggregate_yge65,eco_isic4_g,2016,40.703
bol,sex_f,age_aggregate_yge65,eco_isic4_g,2017,44.603
bol,sex_f,age_aggregate_yge65,eco_isic4_g,2018,48.669
bol,sex_f,age_aggregate_yge65,eco_isic4_g,2019,50.8
bol,sex_f,age_aggregate_yge65,eco_isic4_g,2020,44.212
bol,sex_f,age_aggregate_yge65,eco_isic4_g,2021,49.581
bol,sex_f,age_aggregate_yge65,eco_isic4_g,2022,58.011
bol,sex_f,age_aggregate_yge65,eco_isic4_g,2023,61.062
bol,sex_f,age_aggregate_yge65,eco_isic4_g,2024,60.761
bol,sex_f,age_aggregate_yge65,eco_isic4_h,2011,0
bol,sex_f,age_aggregate_yge65,eco_isic4_h,2017,0.572
bol,sex_f,age_aggregate_yge65,eco_isic4_h,2018,0.354
bol,sex_f,age_aggregate_yge65,eco_isic4_h,2019,0.264
bol,sex_f,age_aggregate_yge65,eco_isic4_h,2020,0
bol,sex_f,age_aggregate_yge65,eco_isic4_h,2021,0.19
bol,sex_f,age_aggregate_yge65,eco_isic4_h,2022,0.194
bol,sex_f,age_aggregate_yge65,eco_isic4_h,2023,0.172
bol,sex_f,age_aggregate_yge65,eco_isic4_h,2024,0.426
bol,sex_f,age_aggregate_yge65,eco_isic4_i,2011,8.709
bol,sex_f,age_aggregate_yge65,eco_isic4_i,2012,6.258
bol,sex_f,age_aggregate_yge65,eco_isic4_i,2013,5.564
bol,sex_f,age_aggregate_yge65,eco_isic4_i,2014,8.827
bol,sex_f,age_aggregate_yge65,eco_isic4_i,2015,11.354
bol,sex_f,age_aggregate_yge65,eco_isic4_i,2016,10.991
bol,sex_f,age_aggregate_yge65,eco_isic4_i,2017,12.362
bol,sex_f,age_aggregate_yge65,eco_isic4_i,2018,13.885
bol,sex_f,age_aggregate_yge65,eco_isic4_i,2019,11.293
bol,sex_f,age_aggregate_yge65,eco_isic4_i,2020,9.757
bol,sex_f,age_aggregate_yge65,eco_isic4_i,2021,14.14
bol,sex_f,age_aggregate_yge65,eco_isic4_i,2022,17.627
bol,sex_f,age_aggregate_yge65,eco_isic4_i,2023,18.32
bol,sex_f,age_aggregate_yge65,eco_isic4_i,2024,26.978
bol,sex_f,age_aggregate_yge65,eco_isic4_j,2016,0.192
bol,sex_f,age_aggregate_yge65,eco_isic4_j,2022,0
bol,sex_f,age_aggregate_yge65,eco_isic4_k,2016,0.168
bol,sex_f,age_aggregate_yge65,eco_isic4_k,2017,0.196
bol,sex_f,age_aggregate_yge65,eco_isic4_k,2019,0.226
bol,sex_f,age_aggregate_yge65,eco_isic4_k,2024,0.249
bol,sex_f,age_aggregate_yge65,eco_isic4_l,2016,2.026
bol,sex_f,age_aggregate_yge65,eco_isic4_l,2017,3.449
bol,sex_f,age_aggregate_yge65,eco_isic4_l,2018,3.644
bol,sex_f,age_aggregate_yge65,eco_isic4_l,2019,2.847
bol,sex_f,age_aggregate_yge65,eco_isic4_l,2021,4.243
bol,sex_f,age_aggregate_yge65,eco_isic4_l,2022,2.294
bol,sex_f,age_aggregate_yge65,eco_isic4_l,2023,3.606
bol,sex_f,age_aggregate_yge65,eco_isic4_l,2024,4.523
bol,sex_f,age_aggregate_yge65,eco_isic4_m,2015,0
bol,sex_f,age_aggregate_yge65,eco_isic4_m,2017,0.251
bol,sex_f,age_aggregate_yge65,eco_isic4_m,2018,0.431
bol,sex_f,age_aggregate_yge65,eco_isic4_m,2019,0.737
bol,sex_f,age_aggregate_yge65,eco_isic4_m,2021,0.307
bol,sex_f,age_aggregate_yge65,eco_isic4_m,2022,0.74
bol,sex_f,age_aggregate_yge65,eco_isic4_m,2023,0.802
bol,sex_f,age_aggregate_yge65,eco_isic4_m,2024,0.8
bol,sex_f,age_aggregate_yge65,eco_isic4_n,2016,0.542
bol,sex_f,age_aggregate_yge65,eco_isic4_n,2017,0.505
bol,sex_f,age_aggregate_yge65,eco_isic4_n,2018,0.706
bol,sex_f,age_aggregate_yge65,eco_isic4_n,2019,0.529
bol,sex_f,age_aggregate_yge65,eco_isic4_n,2021,0.453
bol,sex_f,age_aggregate_yge65,eco_isic4_n,2022,0.472
bol,sex_f,age_aggregate_yge65,eco_isic4_n,2023,1.044
bol,sex_f,age_aggregate_yge65,eco_isic4_n,2024,1.178
bol,sex_f,age_aggregate_yge65,eco_isic4_o,2016,0.308
bol,sex_f,age_aggregate_yge65,eco_isic4_o,2017,0.258
bol,sex_f,age_aggregate_yge65,eco_isic4_o,2019,0.76
bol,sex_f,age_aggregate_yge65,eco_isic4_o,2021,0.485
bol,sex_f,age_aggregate_yge65,eco_isic4_o,2022,0.498
bol,sex_f,age_aggregate_yge65,eco_isic4_o,2023,0.349
bol,sex_f,age_aggregate_yge65,eco_isic4_o,2024,0.569
bol,sex_f,age_aggregate_yge65,eco_isic4_p,2011,3.154
bol,sex_f,age_aggregate_yge65,eco_isic4_p,2012,2.322
bol,sex_f,age_aggregate_yge65,eco_isic4_p,2013,3.012
bol,sex_f,age_aggregate_yge65,eco_isic4_p,2014,1.509
bol,sex_f,age_aggregate_yge65,eco_isic4_p,2016,2.974
bol,sex_f,age_aggregate_yge65,eco_isic4_p,2017,2.234
bol,sex_f,age_aggregate_yge65,eco_isic4_p,2018,3.129
bol,sex_f,age_aggregate_yge65,eco_isic4_p,2019,3.725
bol,sex_f,age_aggregate_yge65,eco_isic4_p,2020,3.868
bol,sex_f,age_aggregate_yge65,eco_isic4_p,2021,3.426
bol,sex_f,age_aggregate_yge65,eco_isic4_p,2022,4.224
bol,sex_f,age_aggregate_yge65,eco_isic4_p,2023,7.117
bol,sex_f,age_aggregate_yge65,eco_isic4_p,2024,5.044
bol,sex_f,age_aggregate_yge65,eco_isic4_q,2013,1.137
bol,sex_f,age_aggregate_yge65,eco_isic4_q,2015,1.535
bol,sex_f,age_aggregate_yge65,eco_isic4_q,2016,1.773
bol,sex_f,age_aggregate_yge65,eco_isic4_q,2017,1.708
bol,sex_f,age_aggregate_yge65,eco_isic4_q,2018,1.017
bol,sex_f,age_aggregate_yge65,eco_isic4_q,2019,2.629
bol,sex_f,age_aggregate_yge65,eco_isic4_q,2021,1.218
bol,sex_f,age_aggregate_yge65,eco_isic4_q,2022,1.798
bol,sex_f,age_aggregate_yge65,eco_isic4_q,2023,2.252
bol,sex_f,age_aggregate_yge65,eco_isic4_q,2024,2.979
bol,sex_f,age_aggregate_yge65,eco_isic4_r,2022,0
bol,sex_f,age_aggregate_yge65,eco_isic4_s,2011,2.692
bol,sex_f,age_aggregate_yge65,eco_isic4_s,2012,3.458
bol,sex_f,age_aggregate_yge65,eco_isic4_s,2013,1.816
bol,sex_f,age_aggregate_yge65,eco_isic4_s,2014,4.102
bol,sex_f,age_aggregate_yge65,eco_isic4_s,2015,1.75
bol,sex_f,age_aggregate_yge65,eco_isic4_s,2016,2.182
bol,sex_f,age_aggregate_yge65,eco_isic4_s,2017,3.234
bol,sex_f,age_aggregate_yge65,eco_isic4_s,2018,1.964
bol,sex_f,age_aggregate_yge65,eco_isic4_s,2019,2.978
bol,sex_f,age_aggregate_yge65,eco_isic4_s,2020,3.967
bol,sex_f,age_aggregate_yge65,eco_isic4_s,2021,3.177
bol,sex_f,age_aggregate_yge65,eco_isic4_s,2022,5.032
bol,sex_f,age_aggregate_yge65,eco_isic4_s,2023,4.076
bol,sex_f,age_aggregate_yge65,eco_isic4_s,2024,5.064
bol,sex_f,age_aggregate_yge65,eco_isic4_t,2012,2.083
bol,sex_f,age_aggregate_yge65,eco_isic4_t,2015,1.827
bol,sex_f,age_aggregate_yge65,eco_isic4_t,2016,1.978
bol,sex_f,age_aggregate_yge65,eco_isic4_t,2017,1.875
bol,sex_f,age_aggregate_yge65,eco_isic4_t,2018,1.588
bol,sex_f,age_aggregate_yge65,eco_isic4_t,2019,1.926
bol,sex_f,age_aggregate_yge65,eco_isic4_t,2020,2.389
bol,sex_f,age_aggregate_yge65,eco_isic4_t,2021,1.526
bol,sex_f,age_aggregate_yge65,eco_isic4_t,2022,2.703
bol,sex_f,age_aggregate_yge65,eco_isic4_t,2023,2.586
bol,sex_f,age_aggregate_yge65,eco_isic4_t,2024,2.505
bol,sex_f,age_aggregate_yge65,eco_isic4_total,2011,129.852
bol,sex_f,age_aggregate_yge65,eco_isic4_total,2012,134.949
bol,sex_f,age_aggregate_yge65,eco_isic4_total,2013,180.357
bol,sex_f,age_aggregate_yge65,eco_isic4_total,2014,161.262
bol,sex_f,age_aggregate_yge65,eco_isic4_total,2015,159.472
bol,sex_f,age_aggregate_yge65,eco_isic4_total,2016,162.782
bol,sex_f,age_aggregate_yge65,eco_isic4_total,2017,199.452
bol,sex_f,age_aggregate_yge65,eco_isic4_total,2018,220.908
bol,sex_f,age_aggregate_yge65,eco_isic4_total,2019,208.44
bol,sex_f,age_aggregate_yge65,eco_isic4_total,2020,199.698
bol,sex_f,age_aggregate_yge65,eco_isic4_total,2021,242.926
bol,sex_f,age_aggregate_yge65,eco_isic4_total,2022,232.112
bol,sex_f,age_aggregate_yge65,eco_isic4_total,2023,263.674
bol,sex_f,age_aggregate_yge65,eco_isic4_total,2024,284.5
bol,sex_f,age_aggregate_yge65,eco_sector_agr,1995,0
bol,sex_f,age_aggregate_yge65,eco_sector_agr,2000,55.351
bol,sex_f,age_aggregate_yge65,eco_sector_agr,2001,71.093
bol,sex_f,age_aggregate_yge65,eco_sector_agr,2002,59.766
bol,sex_f,age_aggregate_yge65,eco_sector_agr,2005,89.855
bol,sex_f,age_aggregate_yge65,eco_sector_agr,2006,74.565
bol,sex_f,age_aggregate_yge65,eco_sector_agr,2007,101.175
bol,sex_f,age_aggregate_yge65,eco_sector_agr,2008,77.666
bol,sex_f,age_aggregate_yge65,eco_sector_agr,2009,77.823
bol,sex_f,age_aggregate_yge65,eco_sector_agr,2011,77.172
bol,sex_f,age_aggregate_yge65,eco_sector_agr,2012,75.247
bol,sex_f,age_aggregate_yge65,eco_sector_agr,2013,118.522
bol,sex_f,age_aggregate_yge65,eco_sector_agr,2014,96.874
bol,sex_f,age_aggregate_yge65,eco_sector_agr,2015,97.492
bol,sex_f,age_aggregate_yge65,eco_sector_agr,2016,89.328
bol,sex_f,age_aggregate_yge65,eco_sector_agr,2017,116.273
bol,sex_f,age_aggregate_yge65,eco_sector_agr,2018,133.48
bol,sex_f,age_aggregate_yge65,eco_sector_agr,2019,115.586
bol,sex_f,age_aggregate_yge65,eco_sector_agr,2020,126.687
bol,sex_f,age_aggregate_yge65,eco_sector_agr,2021,142.821
bol,sex_f,age_aggregate_yge65,eco_sector_agr,2022,118.457
bol,sex_f,age_aggregate_yge65,eco_sector_agr,2023,139.009
bol,sex_f,age_aggregate_yge65,eco_sector_agr,2024,144.35
bol,sex_f,age_aggregate_yge65,eco_sector_ind,1989,1.203
bol,sex_f,age_aggregate_yge65,eco_sector_ind,1990,0.781
bol,sex_f,age_aggregate_yge65,eco_sector_ind,1991,1.04
bol,sex_f,age_aggregate_yge65,eco_sector_ind,1992,1.069
bol,sex_f,age_aggregate_yge65,eco_sector_ind,1993,0.794
bol,sex_f,age_aggregate_yge65,eco_sector_ind,1994,1.128
bol,sex_f,age_aggregate_yge65,eco_sector_ind,1995,2
bol,sex_f,age_aggregate_yge65,eco_sector_ind,2000,4.584
bol,sex_f,age_aggregate_yge65,eco_sector_ind,2001,6.965
bol,sex_f,age_aggregate_yge65,eco_sector_ind,2002,4.308
bol,sex_f,age_aggregate_yge65,eco_sector_ind,2005,9.871
bol,sex_f,age_aggregate_yge65,eco_sector_ind,2006,10.95
bol,sex_f,age_aggregate_yge65,eco_sector_ind,2007,14.189
bol,sex_f,age_aggregate_yge65,eco_sector_ind,2008,12.725
bol,sex_f,age_aggregate_yge65,eco_sector_ind,2009,9.29
bol,sex_f,age_aggregate_yge65,eco_sector_ind,2011,3.49
bol,sex_f,age_aggregate_yge65,eco_sector_ind,2012,8.343
bol,sex_f,age_aggregate_yge65,eco_sector_ind,2013,5.315
bol,sex_f,age_aggregate_yge65,eco_sector_ind,2014,9.748
bol,sex_f,age_aggregate_yge65,eco_sector_ind,2015,7.644
bol,sex_f,age_aggregate_yge65,eco_sector_ind,2016,9.141
bol,sex_f,age_aggregate_yge65,eco_sector_ind,2017,11.545
bol,sex_f,age_aggregate_yge65,eco_sector_ind,2018,11.663
bol,sex_f,age_aggregate_yge65,eco_sector_ind,2019,13.885
bol,sex_f,age_aggregate_yge65,eco_sector_ind,2020,6.83
bol,sex_f,age_aggregate_yge65,eco_sector_ind,2021,21.212
bol,sex_f,age_aggregate_yge65,eco_sector_ind,2022,19.991
bol,sex_f,age_aggregate_yge65,eco_sector_ind,2023,23.172
bol,sex_f,age_aggregate_yge65,eco_sector_ind,2024,28.785
bol,sex_f,age_aggregate_yge65,eco_sector_nag,1989,11.169
bol,sex_f,age_aggregate_yge65,eco_sector_nag,1990,8.101
bol,sex_f,age_aggregate_yge65,eco_sector_nag,1991,12.067
bol,sex_f,age_aggregate_yge65,eco_sector_nag,1992,10.684
bol,sex_f,age_aggregate_yge65,eco_sector_nag,1993,8.687
bol,sex_f,age_aggregate_yge65,eco_sector_nag,1994,12.749
bol,sex_f,age_aggregate_yge65,eco_sector_nag,1995,13.262
bol,sex_f,age_aggregate_yge65,eco_sector_nag,1999,101.339
bol,sex_f,age_aggregate_yge65,eco_sector_nag,2000,30.007
bol,sex_f,age_aggregate_yge65,eco_sector_nag,2001,35.597
bol,sex_f,age_aggregate_yge65,eco_sector_nag,2002,29.638
bol,sex_f,age_aggregate_yge65,eco_sector_nag,2005,41.615
bol,sex_f,age_aggregate_yge65,eco_sector_nag,2006,42.08
bol,sex_f,age_aggregate_yge65,eco_sector_nag,2007,62.038
bol,sex_f,age_aggregate_yge65,eco_sector_nag,2008,56.362
bol,sex_f,age_aggregate_yge65,eco_sector_nag,2009,50.231
bol,sex_f,age_aggregate_yge65,eco_sector_nag,2011,52.68
bol,sex_f,age_aggregate_yge65,eco_sector_nag,2012,59.702
bol,sex_f,age_aggregate_yge65,eco_sector_nag,2013,61.835
bol,sex_f,age_aggregate_yge65,eco_sector_nag,2014,64.388
bol,sex_f,age_aggregate_yge65,eco_sector_nag,2015,61.98
bol,sex_f,age_aggregate_yge65,eco_sector_nag,2016,73.454
bol,sex_f,age_aggregate_yge65,eco_sector_nag,2017,83.179
bol,sex_f,age_aggregate_yge65,eco_sector_nag,2018,87.428
bol,sex_f,age_aggregate_yge65,eco_sector_nag,2019,92.855
bol,sex_f,age_aggregate_yge65,eco_sector_nag,2020,73.012
bol,sex_f,age_aggregate_yge65,eco_sector_nag,2021,100.106
bol,sex_f,age_aggregate_yge65,eco_sector_nag,2022,113.655
bol,sex_f,age_aggregate_yge65,eco_sector_nag,2023,124.665
bol,sex_f,age_aggregate_yge65,eco_sector_nag,2024,140.15
bol,sex_f,age_aggregate_yge65,eco_sector_ser,1989,9.966
bol,sex_f,age_aggregate_yge65,eco_sector_ser,1990,7.32
bol,sex_f,age_aggregate_yge65,eco_sector_ser,1991,11.027
bol,sex_f,age_aggregate_yge65,eco_sector_ser,1992,9.615
bol,sex_f,age_aggregate_yge65,eco_sector_ser,1993,7.893
bol,sex_f,age_aggregate_yge65,eco_sector_ser,1994,11.621
bol,sex_f,age_aggregate_yge65,eco_sector_ser,1995,11.262
bol,sex_f,age_aggregate_yge65,eco_sector_ser,1999,99.896
bol,sex_f,age_aggregate_yge65,eco_sector_ser,2000,24.724
bol,sex_f,age_aggregate_yge65,eco_sector_ser,2001,27.919
bol,sex_f,age_aggregate_yge65,eco_sector_ser,2002,25.33
bol,sex_f,age_aggregate_yge65,eco_sector_ser,2005,31.744
bol,sex_f,age_aggregate_yge65,eco_sector_ser,2006,31.13
bol,sex_f,age_aggregate_yge65,eco_sector_ser,2007,47.849
bol,sex_f,age_aggregate_yge65,eco_sector_ser,2008,43.637
bol,sex_f,age_aggregate_yge65,eco_sector_ser,2009,40.941
bol,sex_f,age_aggregate_yge65,eco_sector_ser,2011,49.19
bol,sex_f,age_aggregate_yge65,eco_sector_ser,2012,51.359
bol,sex_f,age_aggregate_yge65,eco_sector_ser,2013,56.52
bol,sex_f,age_aggregate_yge65,eco_sector_ser,2014,54.127
bol,sex_f,age_aggregate_yge65,eco_sector_ser,2015,54.336
bol,sex_f,age_aggregate_yge65,eco_sector_ser,2016,64.276
bol,sex_f,age_aggregate_yge65,eco_sector_ser,2017,71.634
bol,sex_f,age_aggregate_yge65,eco_sector_ser,2018,75.765
bol,sex_f,age_aggregate_yge65,eco_sector_ser,2019,78.97
bol,sex_f,age_aggregate_yge65,eco_sector_ser,2020,66.182
bol,sex_f,age_aggregate_yge65,eco_sector_ser,2021,78.893
bol,sex_f,age_aggregate_yge65,eco_sector_ser,2022,93.664
bol,sex_f,age_aggregate_yge65,eco_sector_ser,2023,101.493
bol,sex_f,age_aggregate_yge65,eco_sector_ser,2024,111.365
bol,sex_f,age_aggregate_yge65,eco_sector_total,1989,11.169
bol,sex_f,age_aggregate_yge65,eco_sector_total,1990,8.101
bol,sex_f,age_aggregate_yge65,eco_sector_total,1991,12.359
bol,sex_f,age_aggregate_yge65,eco_sector_total,1992,11.101
bol,sex_f,age_aggregate_yge65,eco_sector_total,1993,8.895
bol,sex_f,age_aggregate_yge65,eco_sector_total,1994,12.749
bol,sex_f,age_aggregate_yge65,eco_sector_total,1995,13.262
bol,sex_f,age_aggregate_yge65,eco_sector_total,1999,101.339
bol,sex_f,age_aggregate_yge65,eco_sector_total,2000,85.358
bol,sex_f,age_aggregate_yge65,eco_sector_total,2001,106.69
bol,sex_f,age_aggregate_yge65,eco_sector_total,2002,89.404
bol,sex_f,age_aggregate_yge65,eco_sector_total,2005,131.47
bol,sex_f,age_aggregate_yge65,eco_sector_total,2006,116.645
bol,sex_f,age_aggregate_yge65,eco_sector_total,2007,163.213
bol,sex_f,age_aggregate_yge65,eco_sector_total,2008,134.028
bol,sex_f,age_aggregate_yge65,eco_sector_total,2009,128.054
bol,sex_f,age_aggregate_yge65,eco_sector_total,2011,129.852
bol,sex_f,age_aggregate_yge65,eco_sector_total,2012,134.949
bol,sex_f,age_aggregate_yge65,eco_sector_total,2013,180.357
bol,sex_f,age_aggregate_yge65,eco_sector_total,2014,161.262
bol,sex_f,age_aggregate_yge65,eco_sector_total,2015,159.472
bol,sex_f,age_aggregate_yge65,eco_sector_total,2016,162.782
bol,sex_f,age_aggregate_yge65,eco_sector_total,2017,199.452
bol,sex_f,age_aggregate_yge65,eco_sector_total,2018,220.908
bol,sex_f,age_aggregate_yge65,eco_sector_total,2019,208.44
bol,sex_f,age_aggregate_yge65,eco_sector_total,2020,199.698
bol,sex_f,age_aggregate_yge65,eco_sector_total,2021,242.926
bol,sex_f,age_aggregate_yge65,eco_sector_total,2022,232.112
bol,sex_f,age_aggregate_yge65,eco_sector_total,2023,263.674
bol,sex_f,age_aggregate_yge65,eco_sector_total,2024,284.5
bol,sex_f,age_ythadult_y15_24,eco_aggregate_agr,1991,1.256
bol,sex_f,age_ythadult_y15_24,eco_aggregate_agr,1994,0.948
bol,sex_f,age_ythadult_y15_24,eco_aggregate_agr,1995,1.098
bol,sex_f,age_ythadult_y15_24,eco_aggregate_agr,2000,123.706
bol,sex_f,age_ythadult_y15_24,eco_aggregate_agr,2001,159.225
bol,sex_f,age_ythadult_y15_24,eco_aggregate_agr,2002,137.545
bol,sex_f,age_ythadult_y15_24,eco_aggregate_agr,2005,127.485
bol,sex_f,age_ythadult_y15_24,eco_aggregate_agr,2006,151.496
bol,sex_f,age_ythadult_y15_24,eco_aggregate_agr,2007,160.991
bol,sex_f,age_ythadult_y15_24,eco_aggregate_agr,2008,141.879
bol,sex_f,age_ythadult_y15_24,eco_aggregate_agr,2009,130.531
bol,sex_f,age_ythadult_y15_24,eco_aggregate_agr,2011,157.064
bol,sex_f,age_ythadult_y15_24,eco_aggregate_agr,2012,129.967
bol,sex_f,age_ythadult_y15_24,eco_aggregate_agr,2013,133.89
bol,sex_f,age_ythadult_y15_24,eco_aggregate_agr,2014,140.339
bol,sex_f,age_ythadult_y15_24,eco_aggregate_agr,2015,109.969
bol,sex_f,age_ythadult_y15_24,eco_aggregate_agr,2016,112.91
bol,sex_f,age_ythadult_y15_24,eco_aggregate_agr,2017,124.214
bol,sex_f,age_ythadult_y15_24,eco_aggregate_agr,2018,135.76
bol,sex_f,age_ythadult_y15_24,eco_aggregate_agr,2019,118.979
bol,sex_f,age_ythadult_y15_24,eco_aggregate_agr,2020,118.534
bol,sex_f,age_ythadult_y15_24,eco_aggregate_agr,2021,155.488
bol,sex_f,age_ythadult_y15_24,eco_aggregate_agr,2022,136.326
bol,sex_f,age_ythadult_y15_24,eco_aggregate_agr,2023,134.224
bol,sex_f,age_ythadult_y15_24,eco_aggregate_agr,2024,121.752
bol,sex_f,age_ythadult_y15_24,eco_aggregate_con,1995,0.573
bol,sex_f,age_ythadult_y15_24,eco_aggregate_con,2002,2.012
bol,sex_f,age_ythadult_y15_24,eco_aggregate_con,2005,2.956
bol,sex_f,age_ythadult_y15_24,eco_aggregate_con,2007,0
bol,sex_f,age_ythadult_y15_24,eco_aggregate_con,2011,4.071
bol,sex_f,age_ythadult_y15_24,eco_aggregate_con,2012,2.343
bol,sex_f,age_ythadult_y15_24,eco_aggregate_con,2013,1.655
bol,sex_f,age_ythadult_y15_24,eco_aggregate_con,2014,3.689
bol,sex_f,age_ythadult_y15_24,eco_aggregate_con,2015,1.799
bol,sex_f,age_ythadult_y15_24,eco_aggregate_con,2016,2.427
bol,sex_f,age_ythadult_y15_24,eco_aggregate_con,2017,2.428
bol,sex_f,age_ythadult_y15_24,eco_aggregate_con,2018,1.669
bol,sex_f,age_ythadult_y15_24,eco_aggregate_con,2019,2.017
bol,sex_f,age_ythadult_y15_24,eco_aggregate_con,2020,0.82
bol,sex_f,age_ythadult_y15_24,eco_aggregate_con,2021,2.123
bol,sex_f,age_ythadult_y15_24,eco_aggregate_con,2022,1.315
bol,sex_f,age_ythadult_y15_24,eco_aggregate_con,2023,1.847
bol,sex_f,age_ythadult_y15_24,eco_aggregate_con,2024,2.859
bol,sex_f,age_ythadult_y15_24,eco_aggregate_man,1989,8.765
bol,sex_f,age_ythadult_y15_24,eco_aggregate_man,1990,9.959
bol,sex_f,age_ythadult_y15_24,eco_aggregate_man,1991,16.171
bol,sex_f,age_ythadult_y15_24,eco_aggregate_man,1992,15.304
bol,sex_f,age_ythadult_y15_24,eco_aggregate_man,1993,21.417
bol,sex_f,age_ythadult_y15_24,eco_aggregate_man,1994,22.318
bol,sex_f,age_ythadult_y15_24,eco_aggregate_man,1995,25.333
bol,sex_f,age_ythadult_y15_24,eco_aggregate_man,1999,12.655
bol,sex_f,age_ythadult_y15_24,eco_aggregate_man,2000,39.467
bol,sex_f,age_ythadult_y15_24,eco_aggregate_man,2001,31.79
bol,sex_f,age_ythadult_y15_24,eco_aggregate_man,2002,30.985
bol,sex_f,age_ythadult_y15_24,eco_aggregate_man,2005,35.477
bol,sex_f,age_ythadult_y15_24,eco_aggregate_man,2006,47.197
bol,sex_f,age_ythadult_y15_24,eco_aggregate_man,2007,30.676
bol,sex_f,age_ythadult_y15_24,eco_aggregate_man,2008,36.419
bol,sex_f,age_ythadult_y15_24,eco_aggregate_man,2009,50.506
bol,sex_f,age_ythadult_y15_24,eco_aggregate_man,2011,27.209
bol,sex_f,age_ythadult_y15_24,eco_aggregate_man,2012,13.704
bol,sex_f,age_ythadult_y15_24,eco_aggregate_man,2013,24.306
bol,sex_f,age_ythadult_y15_24,eco_aggregate_man,2014,35.143
bol,sex_f,age_ythadult_y15_24,eco_aggregate_man,2015,23.677
bol,sex_f,age_ythadult_y15_24,eco_aggregate_man,2016,31.971
bol,sex_f,age_ythadult_y15_24,eco_aggregate_man,2017,31.683
bol,sex_f,age_ythadult_y15_24,eco_aggregate_man,2018,40.797
bol,sex_f,age_ythadult_y15_24,eco_aggregate_man,2019,46.245
bol,sex_f,age_ythadult_y15_24,eco_aggregate_man,2020,28.713
bol,sex_f,age_ythadult_y15_24,eco_aggregate_man,2021,66.883
bol,sex_f,age_ythadult_y15_24,eco_aggregate_man,2022,65.316
bol,sex_f,age_ythadult_y15_24,eco_aggregate_man,2023,63.046
bol,sex_f,age_ythadult_y15_24,eco_aggregate_man,2024,75.794
bol,sex_f,age_ythadult_y15_24,eco_aggregate_mel,1989,1.085
bol,sex_f,age_ythadult_y15_24,eco_aggregate_mel,1990,0
bol,sex_f,age_ythadult_y15_24,eco_aggregate_mel,1991,0.231
bol,sex_f,age_ythadult_y15_24,eco_aggregate_mel,1993,0
bol,sex_f,age_ythadult_y15_24,eco_aggregate_mel,1994,0.615
bol,sex_f,age_ythadult_y15_24,eco_aggregate_mel,1999,14.929
bol,sex_f,age_ythadult_y15_24,eco_aggregate_mel,2001,1.514
bol,sex_f,age_ythadult_y15_24,eco_aggregate_mel,2002,0
bol,sex_f,age_ythadult_y15_24,eco_aggregate_mel,2011,2.296
bol,sex_f,age_ythadult_y15_24,eco_aggregate_mel,2012,2.811
bol,sex_f,age_ythadult_y15_24,eco_aggregate_mel,2013,2.412
bol,sex_f,age_ythadult_y15_24,eco_aggregate_mel,2014,2.391
bol,sex_f,age_ythadult_y15_24,eco_aggregate_mel,2015,1.407
bol,sex_f,age_ythadult_y15_24,eco_aggregate_mel,2016,1.595
bol,sex_f,age_ythadult_y15_24,eco_aggregate_mel,2017,0.68
bol,sex_f,age_ythadult_y15_24,eco_aggregate_mel,2018,1.154
bol,sex_f,age_ythadult_y15_24,eco_aggregate_mel,2019,1.021
bol,sex_f,age_ythadult_y15_24,eco_aggregate_mel,2021,2.131
bol,sex_f,age_ythadult_y15_24,eco_aggregate_mel,2022,2.068
bol,sex_f,age_ythadult_y15_24,eco_aggregate_mel,2023,1.957
bol,sex_f,age_ythadult_y15_24,eco_aggregate_mel,2024,2.543
bol,sex_f,age_ythadult_y15_24,eco_aggregate_mkt,1989,30.84
bol,sex_f,age_ythadult_y15_24,eco_aggregate_mkt,1990,26.295
bol,sex_f,age_ythadult_y15_24,eco_aggregate_mkt,1991,36.156
bol,sex_f,age_ythadult_y15_24,eco_aggregate_mkt,1992,38.115
bol,sex_f,age_ythadult_y15_24,eco_aggregate_mkt,1993,45.972
bol,sex_f,age_ythadult_y15_24,eco_aggregate_mkt,1994,54.475
bol,sex_f,age_ythadult_y15_24,eco_aggregate_mkt,1995,60.032
bol,sex_f,age_ythadult_y15_24,eco_aggregate_mkt,1999,263.958
bol,sex_f,age_ythadult_y15_24,eco_aggregate_mkt,2000,76.447
bol,sex_f,age_ythadult_y15_24,eco_aggregate_mkt,2001,117.532
bol,sex_f,age_ythadult_y15_24,eco_aggregate_mkt,2002,112.015
bol,sex_f,age_ythadult_y15_24,eco_aggregate_mkt,2005,112.065
bol,sex_f,age_ythadult_y15_24,eco_aggregate_mkt,2006,124.568
bol,sex_f,age_ythadult_y15_24,eco_aggregate_mkt,2007,98.378
bol,sex_f,age_ythadult_y15_24,eco_aggregate_mkt,2008,155.913
bol,sex_f,age_ythadult_y15_24,eco_aggregate_mkt,2009,161.718
bol,sex_f,age_ythadult_y15_24,eco_aggregate_mkt,2011,167.44
bol,sex_f,age_ythadult_y15_24,eco_aggregate_mkt,2012,143.304
bol,sex_f,age_ythadult_y15_24,eco_aggregate_mkt,2013,145.491
bol,sex_f,age_ythadult_y15_24,eco_aggregate_mkt,2014,156.48
bol,sex_f,age_ythadult_y15_24,eco_aggregate_mkt,2015,137.309
bol,sex_f,age_ythadult_y15_24,eco_aggregate_mkt,2016,143.13
bol,sex_f,age_ythadult_y15_24,eco_aggregate_mkt,2017,152.764
bol,sex_f,age_ythadult_y15_24,eco_aggregate_mkt,2018,187.297
bol,sex_f,age_ythadult_y15_24,eco_aggregate_mkt,2019,208.789
bol,sex_f,age_ythadult_y15_24,eco_aggregate_mkt,2020,163.003
bol,sex_f,age_ythadult_y15_24,eco_aggregate_mkt,2021,280.344
bol,sex_f,age_ythadult_y15_24,eco_aggregate_mkt,2022,291.162
bol,sex_f,age_ythadult_y15_24,eco_aggregate_mkt,2023,286.089
bol,sex_f,age_ythadult_y15_24,eco_aggregate_mkt,2024,304.313
bol,sex_f,age_ythadult_y15_24,eco_aggregate_pub,1989,46.741
bol,sex_f,age_ythadult_y15_24,eco_aggregate_pub,1990,50.423
bol,sex_f,age_ythadult_y15_24,eco_aggregate_pub,1991,45.745
bol,sex_f,age_ythadult_y15_24,eco_aggregate_pub,1992,46.671
bol,sex_f,age_ythadult_y15_24,eco_aggregate_pub,1993,54.139
bol,sex_f,age_ythadult_y15_24,eco_aggregate_pub,1994,46.166
bol,sex_f,age_ythadult_y15_24,eco_aggregate_pub,1995,47.983
bol,sex_f,age_ythadult_y15_24,eco_aggregate_pub,1999,65.255
bol,sex_f,age_ythadult_y15_24,eco_aggregate_pub,2000,82.639
bol,sex_f,age_ythadult_y15_24,eco_aggregate_pub,2001,84.949
bol,sex_f,age_ythadult_y15_24,eco_aggregate_pub,2002,72.397
bol,sex_f,age_ythadult_y15_24,eco_aggregate_pub,2005,80.97
bol,sex_f,age_ythadult_y15_24,eco_aggregate_pub,2006,75.332
bol,sex_f,age_ythadult_y15_24,eco_aggregate_pub,2007,95.499
bol,sex_f,age_ythadult_y15_24,eco_aggregate_pub,2008,85.879
bol,sex_f,age_ythadult_y15_24,eco_aggregate_pub,2009,79.539
bol,sex_f,age_ythadult_y15_24,eco_aggregate_pub,2011,60.685
bol,sex_f,age_ythadult_y15_24,eco_aggregate_pub,2012,61.639
bol,sex_f,age_ythadult_y15_24,eco_aggregate_pub,2013,64.452
bol,sex_f,age_ythadult_y15_24,eco_aggregate_pub,2014,66.784
bol,sex_f,age_ythadult_y15_24,eco_aggregate_pub,2015,52.955
bol,sex_f,age_ythadult_y15_24,eco_aggregate_pub,2016,58.469
bol,sex_f,age_ythadult_y15_24,eco_aggregate_pub,2017,51.541
bol,sex_f,age_ythadult_y15_24,eco_aggregate_pub,2018,51.175
bol,sex_f,age_ythadult_y15_24,eco_aggregate_pub,2019,59.776
bol,sex_f,age_ythadult_y15_24,eco_aggregate_pub,2020,35.528
bol,sex_f,age_ythadult_y15_24,eco_aggregate_pub,2021,55.935
bol,sex_f,age_ythadult_y15_24,eco_aggregate_pub,2022,69.855
bol,sex_f,age_ythadult_y15_24,eco_aggregate_pub,2023,74.716
bol,sex_f,age_ythadult_y15_24,eco_aggregate_pub,2024,78.936
bol,sex_f,age_ythadult_y15_24,eco_aggregate_total,1989,88.532
bol,sex_f,age_ythadult_y15_24,eco_aggregate_total,1990,88.681
bol,sex_f,age_ythadult_y15_24,eco_aggregate_total,1991,100.015
bol,sex_f,age_ythadult_y15_24,eco_aggregate_total,1992,101.123
bol,sex_f,age_ythadult_y15_24,eco_aggregate_total,1993,122.492
bol,sex_f,age_ythadult_y15_24,eco_aggregate_total,1994,125.061
bol,sex_f,age_ythadult_y15_24,eco_aggregate_total,1995,135.327
bol,sex_f,age_ythadult_y15_24,eco_aggregate_total,1999,366.282
bol,sex_f,age_ythadult_y15_24,eco_aggregate_total,2000,330.514
bol,sex_f,age_ythadult_y15_24,eco_aggregate_total,2001,398.821
bol,sex_f,age_ythadult_y15_24,eco_aggregate_total,2002,354.954
bol,sex_f,age_ythadult_y15_24,eco_aggregate_total,2005,363.335
bol,sex_f,age_ythadult_y15_24,eco_aggregate_total,2006,400.314
bol,sex_f,age_ythadult_y15_24,eco_aggregate_total,2007,386.509
bol,sex_f,age_ythadult_y15_24,eco_aggregate_total,2008,422.701
bol,sex_f,age_ythadult_y15_24,eco_aggregate_total,2009,425.336
bol,sex_f,age_ythadult_y15_24,eco_aggregate_total,2011,418.765
bol,sex_f,age_ythadult_y15_24,eco_aggregate_total,2012,353.768
bol,sex_f,age_ythadult_y15_24,eco_aggregate_total,2013,372.206
bol,sex_f,age_ythadult_y15_24,eco_aggregate_total,2014,405.142
bol,sex_f,age_ythadult_y15_24,eco_aggregate_total,2015,327.774
bol,sex_f,age_ythadult_y15_24,eco_aggregate_total,2016,350.536
bol,sex_f,age_ythadult_y15_24,eco_aggregate_total,2017,363.546
bol,sex_f,age_ythadult_y15_24,eco_aggregate_total,2018,417.852
bol,sex_f,age_ythadult_y15_24,eco_aggregate_total,2019,436.827
bol,sex_f,age_ythadult_y15_24,eco_aggregate_total,2020,347.358
bol,sex_f,age_ythadult_y15_24,eco_aggregate_total,2021,563.315
bol,sex_f,age_ythadult_y15_24,eco_aggregate_total,2022,566.319
bol,sex_f,age_ythadult_y15_24,eco_aggregate_total,2023,562.075
bol,sex_f,age_ythadult_y15_24,eco_aggregate_total,2024,586.6
bol,sex_f,age_ythadult_y15_24,eco_aggregate_x,1989,1.101
bol,sex_f,age_ythadult_y15_24,eco_aggregate_x,1990,2.004
bol,sex_f,age_ythadult_y15_24,eco_aggregate_x,1999,9.485
bol,sex_f,age_ythadult_y15_24,eco_aggregate_x,2000,4.756
bol,sex_f,age_ythadult_y15_24,eco_aggregate_x,2001,2.36
bol,sex_f,age_ythadult_y15_24,eco_aggregate_x,2017,0.236
bol,sex_f,age_ythadult_y15_24,eco_aggregate_x,2021,0.411
bol,sex_f,age_ythadult_y15_24,eco_aggregate_x,2024,0.402
bol,sex_f,age_ythadult_y15_24,eco_isic3_a,1991,1.256
bol,sex_f,age_ythadult_y15_24,eco_isic3_a,1994,0.948
bol,sex_f,age_ythadult_y15_24,eco_isic3_a,1995,1.098
bol,sex_f,age_ythadult_y15_24,eco_isic3_a,2000,123.706
bol,sex_f,age_ythadult_y15_24,eco_isic3_a,2001,159.225
bol,sex_f,age_ythadult_y15_24,eco_isic3_a,2002,137.024
bol,sex_f,age_ythadult_y15_24,eco_isic3_a,2005,127.485
bol,sex_f,age_ythadult_y15_24,eco_isic3_a,2006,147.924
bol,sex_f,age_ythadult_y15_24,eco_isic3_a,2007,160.991
bol,sex_f,age_ythadult_y15_24,eco_isic3_a,2008,141.036
bol,sex_f,age_ythadult_y15_24,eco_isic3_a,2009,130.531
bol,sex_f,age_ythadult_y15_24,eco_isic3_c,1989,0.759
bol,sex_f,age_ythadult_y15_24,eco_isic3_c,1990,0
bol,sex_f,age_ythadult_y15_24,eco_isic3_c,2001,1.231
bol,sex_f,age_ythadult_y15_24,eco_isic3_c,2002,0
bol,sex_f,age_ythadult_y15_24,eco_isic3_c,2007,0
bol,sex_f,age_ythadult_y15_24,eco_isic3_d,1989,8.765
bol,sex_f,age_ythadult_y15_24,eco_isic3_d,1990,9.959
bol,sex_f,age_ythadult_y15_24,eco_isic3_d,1991,16.171
bol,sex_f,age_ythadult_y15_24,eco_isic3_d,1992,15.304
bol,sex_f,age_ythadult_y15_24,eco_isic3_d,1993,21.417
bol,sex_f,age_ythadult_y15_24,eco_isic3_d,1994,22.318
bol,sex_f,age_ythadult_y15_24,eco_isic3_d,1995,25.333
bol,sex_f,age_ythadult_y15_24,eco_isic3_d,1999,12.655
bol,sex_f,age_ythadult_y15_24,eco_isic3_d,2000,39.467
bol,sex_f,age_ythadult_y15_24,eco_isic3_d,2001,31.79
bol,sex_f,age_ythadult_y15_24,eco_isic3_d,2002,30.985
bol,sex_f,age_ythadult_y15_24,eco_isic3_d,2005,35.477
bol,sex_f,age_ythadult_y15_24,eco_isic3_d,2006,47.197
bol,sex_f,age_ythadult_y15_24,eco_isic3_d,2007,30.676
bol,sex_f,age_ythadult_y15_24,eco_isic3_d,2008,36.419
bol,sex_f,age_ythadult_y15_24,eco_isic3_d,2009,50.506
bol,sex_f,age_ythadult_y15_24,eco_isic3_e,1999,14.929
bol,sex_f,age_ythadult_y15_24,eco_isic3_f,1995,0.573
bol,sex_f,age_ythadult_y15_24,eco_isic3_f,2002,2.012
bol,sex_f,age_ythadult_y15_24,eco_isic3_f,2005,2.956
bol,sex_f,age_ythadult_y15_24,eco_isic3_f,2007,0
bol,sex_f,age_ythadult_y15_24,eco_isic3_g,1989,0.308
bol,sex_f,age_ythadult_y15_24,eco_isic3_g,1991,24.053
bol,sex_f,age_ythadult_y15_24,eco_isic3_g,1992,26.567
bol,sex_f,age_ythadult_y15_24,eco_isic3_g,1993,31.54
bol,sex_f,age_ythadult_y15_24,eco_isic3_g,1994,36.197
bol,sex_f,age_ythadult_y15_24,eco_isic3_g,1995,39.933
bol,sex_f,age_ythadult_y15_24,eco_isic3_g,1999,77.306
bol,sex_f,age_ythadult_y15_24,eco_isic3_g,2000,60.41
bol,sex_f,age_ythadult_y15_24,eco_isic3_g,2001,79.213
bol,sex_f,age_ythadult_y15_24,eco_isic3_g,2002,71.611
bol,sex_f,age_ythadult_y15_24,eco_isic3_g,2005,56.474
bol,sex_f,age_ythadult_y15_24,eco_isic3_g,2006,70.831
bol,sex_f,age_ythadult_y15_24,eco_isic3_g,2007,69.669
bol,sex_f,age_ythadult_y15_24,eco_isic3_g,2008,95.63
bol,sex_f,age_ythadult_y15_24,eco_isic3_g,2009,91.308
bol,sex_f,age_ythadult_y15_24,eco_isic3_h,1991,7.235
bol,sex_f,age_ythadult_y15_24,eco_isic3_h,1992,5.89
bol,sex_f,age_ythadult_y15_24,eco_isic3_h,1993,9.448
bol,sex_f,age_ythadult_y15_24,eco_isic3_h,1994,12.148
bol,sex_f,age_ythadult_y15_24,eco_isic3_h,1995,13.208
bol,sex_f,age_ythadult_y15_24,eco_isic3_h,2000,10.402
bol,sex_f,age_ythadult_y15_24,eco_isic3_h,2001,26.693
bol,sex_f,age_ythadult_y15_24,eco_isic3_h,2002,31.247
bol,sex_f,age_ythadult_y15_24,eco_isic3_h,2005,33.24
bol,sex_f,age_ythadult_y15_24,eco_isic3_h,2006,31.183
bol,sex_f,age_ythadult_y15_24,eco_isic3_h,2007,13.811
bol,sex_f,age_ythadult_y15_24,eco_isic3_h,2008,34.526
bol,sex_f,age_ythadult_y15_24,eco_isic3_h,2009,46.356
bol,sex_f,age_ythadult_y15_24,eco_isic3_i,1989,29.323
bol,sex_f,age_ythadult_y15_24,eco_isic3_i,1990,25.477
bol,sex_f,age_ythadult_y15_24,eco_isic3_i,1991,1.501
bol,sex_f,age_ythadult_y15_24,eco_isic3_i,1992,1.352
bol,sex_f,age_ythadult_y15_24,eco_isic3_i,1993,0.977
bol,sex_f,age_ythadult_y15_24,eco_isic3_i,1994,1.696
bol,sex_f,age_ythadult_y15_24,eco_isic3_i,1995,1.331
bol,sex_f,age_ythadult_y15_24,eco_isic3_i,1999,154.595
bol,sex_f,age_ythadult_y15_24,eco_isic3_i,2000,1.391
bol,sex_f,age_ythadult_y15_24,eco_isic3_i,2001,4.762
bol,sex_f,age_ythadult_y15_24,eco_isic3_i,2002,3.154
bol,sex_f,age_ythadult_y15_24,eco_isic3_i,2005,9.135
bol,sex_f,age_ythadult_y15_24,eco_isic3_i,2006,11.89
bol,sex_f,age_ythadult_y15_24,eco_isic3_i,2007,7.212
bol,sex_f,age_ythadult_y15_24,eco_isic3_i,2008,17.716
bol,sex_f,age_ythadult_y15_24,eco_isic3_i,2009,12.371
bol,sex_f,age_ythadult_y15_24,eco_isic3_j,1991,0.596
bol,sex_f,age_ythadult_y15_24,eco_isic3_j,1992,0.703
bol,sex_f,age_ythadult_y15_24,eco_isic3_j,1993,1.005
bol,sex_f,age_ythadult_y15_24,eco_isic3_j,1994,0.879
bol,sex_f,age_ythadult_y15_24,eco_isic3_j,1995,1.179
bol,sex_f,age_ythadult_y15_24,eco_isic3_j,2008,2.948
bol,sex_f,age_ythadult_y15_24,eco_isic3_j,2009,3.585
bol,sex_f,age_ythadult_y15_24,eco_isic3_k,1989,1.208
bol,sex_f,age_ythadult_y15_24,eco_isic3_k,1990,0.571
bol,sex_f,age_ythadult_y15_24,eco_isic3_k,1991,2.771
bol,sex_f,age_ythadult_y15_24,eco_isic3_k,1992,3.603
bol,sex_f,age_ythadult_y15_24,eco_isic3_k,1993,3.002
bol,sex_f,age_ythadult_y15_24,eco_isic3_k,1994,3.555
bol,sex_f,age_ythadult_y15_24,eco_isic3_k,1995,4.381
bol,sex_f,age_ythadult_y15_24,eco_isic3_k,1999,32.057
bol,sex_f,age_ythadult_y15_24,eco_isic3_k,2000,3.519
bol,sex_f,age_ythadult_y15_24,eco_isic3_k,2001,6.864
bol,sex_f,age_ythadult_y15_24,eco_isic3_k,2002,5.698
bol,sex_f,age_ythadult_y15_24,eco_isic3_k,2005,8.902
bol,sex_f,age_ythadult_y15_24,eco_isic3_k,2006,10.106
bol,sex_f,age_ythadult_y15_24,eco_isic3_k,2007,5.652
bol,sex_f,age_ythadult_y15_24,eco_isic3_k,2008,5.093
bol,sex_f,age_ythadult_y15_24,eco_isic3_k,2009,8.098
bol,sex_f,age_ythadult_y15_24,eco_isic3_l,1991,1.809
bol,sex_f,age_ythadult_y15_24,eco_isic3_l,1992,1.917
bol,sex_f,age_ythadult_y15_24,eco_isic3_l,1993,2.32
bol,sex_f,age_ythadult_y15_24,eco_isic3_l,1994,1.331
bol,sex_f,age_ythadult_y15_24,eco_isic3_l,1995,1.051
bol,sex_f,age_ythadult_y15_24,eco_isic3_l,2000,5.558
bol,sex_f,age_ythadult_y15_24,eco_isic3_l,2001,1.845
bol,sex_f,age_ythadult_y15_24,eco_isic3_l,2002,3.473
bol,sex_f,age_ythadult_y15_24,eco_isic3_l,2005,4.814
bol,sex_f,age_ythadult_y15_24,eco_isic3_l,2006,6.936
bol,sex_f,age_ythadult_y15_24,eco_isic3_l,2007,9.458
bol,sex_f,age_ythadult_y15_24,eco_isic3_l,2008,14.52
bol,sex_f,age_ythadult_y15_24,eco_isic3_l,2009,3.764
bol,sex_f,age_ythadult_y15_24,eco_isic3_m,1989,1.232
bol,sex_f,age_ythadult_y15_24,eco_isic3_m,1990,1.45
bol,sex_f,age_ythadult_y15_24,eco_isic3_m,1991,3.845
bol,sex_f,age_ythadult_y15_24,eco_isic3_m,1992,3.502
bol,sex_f,age_ythadult_y15_24,eco_isic3_m,1993,4.012
bol,sex_f,age_ythadult_y15_24,eco_isic3_m,1994,4.561
bol,sex_f,age_ythadult_y15_24,eco_isic3_m,1995,3.392
bol,sex_f,age_ythadult_y15_24,eco_isic3_m,2000,10.313
bol,sex_f,age_ythadult_y15_24,eco_isic3_m,2001,14.936
bol,sex_f,age_ythadult_y15_24,eco_isic3_m,2002,7.717
bol,sex_f,age_ythadult_y15_24,eco_isic3_m,2005,10.394
bol,sex_f,age_ythadult_y15_24,eco_isic3_m,2006,10.679
bol,sex_f,age_ythadult_y15_24,eco_isic3_m,2007,9.664
bol,sex_f,age_ythadult_y15_24,eco_isic3_m,2008,7.757
bol,sex_f,age_ythadult_y15_24,eco_isic3_m,2009,9.805
bol,sex_f,age_ythadult_y15_24,eco_isic3_n,1991,2.286
bol,sex_f,age_ythadult_y15_24,eco_isic3_n,1992,2.874
bol,sex_f,age_ythadult_y15_24,eco_isic3_n,1993,2.186
bol,sex_f,age_ythadult_y15_24,eco_isic3_n,1994,3.048
bol,sex_f,age_ythadult_y15_24,eco_isic3_n,1995,2.151
bol,sex_f,age_ythadult_y15_24,eco_isic3_n,2000,4.51
bol,sex_f,age_ythadult_y15_24,eco_isic3_n,2001,3.366
bol,sex_f,age_ythadult_y15_24,eco_isic3_n,2002,3.091
bol,sex_f,age_ythadult_y15_24,eco_isic3_n,2005,5.682
bol,sex_f,age_ythadult_y15_24,eco_isic3_n,2006,6.996
bol,sex_f,age_ythadult_y15_24,eco_isic3_n,2007,11.603
bol,sex_f,age_ythadult_y15_24,eco_isic3_n,2008,12.309
bol,sex_f,age_ythadult_y15_24,eco_isic3_n,2009,11.391
bol,sex_f,age_ythadult_y15_24,eco_isic3_o,1989,10.089
bol,sex_f,age_ythadult_y15_24,eco_isic3_o,1990,9.265
bol,sex_f,age_ythadult_y15_24,eco_isic3_o,1991,4.191
bol,sex_f,age_ythadult_y15_24,eco_isic3_o,1992,6.6
bol,sex_f,age_ythadult_y15_24,eco_isic3_o,1993,5.013
bol,sex_f,age_ythadult_y15_24,eco_isic3_o,1994,4.202
bol,sex_f,age_ythadult_y15_24,eco_isic3_o,1995,4.043
bol,sex_f,age_ythadult_y15_24,eco_isic3_o,1999,65.255
bol,sex_f,age_ythadult_y15_24,eco_isic3_o,2000,9.097
bol,sex_f,age_ythadult_y15_24,eco_isic3_o,2001,11.112
bol,sex_f,age_ythadult_y15_24,eco_isic3_o,2002,12.044
bol,sex_f,age_ythadult_y15_24,eco_isic3_o,2005,12.699
bol,sex_f,age_ythadult_y15_24,eco_isic3_o,2006,12.074
bol,sex_f,age_ythadult_y15_24,eco_isic3_o,2007,11.192
bol,sex_f,age_ythadult_y15_24,eco_isic3_o,2008,13.829
bol,sex_f,age_ythadult_y15_24,eco_isic3_o,2009,16.966
bol,sex_f,age_ythadult_y15_24,eco_isic3_p,1989,35.42
bol,sex_f,age_ythadult_y15_24,eco_isic3_p,1990,39.708
bol,sex_f,age_ythadult_y15_24,eco_isic3_p,1991,33.614
bol,sex_f,age_ythadult_y15_24,eco_isic3_p,1992,31.313
bol,sex_f,age_ythadult_y15_24,eco_isic3_p,1993,40.552
bol,sex_f,age_ythadult_y15_24,eco_isic3_p,1994,33.024
bol,sex_f,age_ythadult_y15_24,eco_isic3_p,1995,37.15
bol,sex_f,age_ythadult_y15_24,eco_isic3_p,2000,52.415
bol,sex_f,age_ythadult_y15_24,eco_isic3_p,2001,53.69
bol,sex_f,age_ythadult_y15_24,eco_isic3_p,2002,45.761
bol,sex_f,age_ythadult_y15_24,eco_isic3_p,2005,47.381
bol,sex_f,age_ythadult_y15_24,eco_isic3_p,2006,38.647
bol,sex_f,age_ythadult_y15_24,eco_isic3_p,2007,53.582
bol,sex_f,age_ythadult_y15_24,eco_isic3_p,2008,36.001
bol,sex_f,age_ythadult_y15_24,eco_isic3_p,2009,36.878
bol,sex_f,age_ythadult_y15_24,eco_isic3_total,1989,88.532
bol,sex_f,age_ythadult_y15_24,eco_isic3_total,1990,88.681
bol,sex_f,age_ythadult_y15_24,eco_isic3_total,1991,100.015
bol,sex_f,age_ythadult_y15_24,eco_isic3_total,1992,101.123
bol,sex_f,age_ythadult_y15_24,eco_isic3_total,1993,122.492
bol,sex_f,age_ythadult_y15_24,eco_isic3_total,1994,125.061
bol,sex_f,age_ythadult_y15_24,eco_isic3_total,1995,135.327
bol,sex_f,age_ythadult_y15_24,eco_isic3_total,1999,366.282
bol,sex_f,age_ythadult_y15_24,eco_isic3_total,2000,330.514
bol,sex_f,age_ythadult_y15_24,eco_isic3_total,2001,398.821
bol,sex_f,age_ythadult_y15_24,eco_isic3_total,2002,354.954
bol,sex_f,age_ythadult_y15_24,eco_isic3_total,2005,363.335
bol,sex_f,age_ythadult_y15_24,eco_isic3_total,2006,400.314
bol,sex_f,age_ythadult_y15_24,eco_isic3_total,2007,386.509
bol,sex_f,age_ythadult_y15_24,eco_isic3_total,2008,422.701
bol,sex_f,age_ythadult_y15_24,eco_isic3_total,2009,425.336
bol,sex_f,age_ythadult_y15_24,eco_isic3_x,1989,1.101
bol,sex_f,age_ythadult_y15_24,eco_isic3_x,1990,2.004
bol,sex_f,age_ythadult_y15_24,eco_isic3_x,1999,9.485
bol,sex_f,age_ythadult_y15_24,eco_isic3_x,2000,4.756
bol,sex_f,age_ythadult_y15_24,eco_isic3_x,2001,2.36
bol,sex_f,age_ythadult_y15_24,eco_isic4_a,2011,157.064
bol,sex_f,age_ythadult_y15_24,eco_isic4_a,2012,129.967
bol,sex_f,age_ythadult_y15_24,eco_isic4_a,2013,133.89
bol,sex_f,age_ythadult_y15_24,eco_isic4_a,2014,140.339
bol,sex_f,age_ythadult_y15_24,eco_isic4_a,2015,109.969
bol,sex_f,age_ythadult_y15_24,eco_isic4_a,2016,112.91
bol,sex_f,age_ythadult_y15_24,eco_isic4_a,2017,124.214
bol,sex_f,age_ythadult_y15_24,eco_isic4_a,2018,135.76
bol,sex_f,age_ythadult_y15_24,eco_isic4_a,2019,118.979
bol,sex_f,age_ythadult_y15_24,eco_isic4_a,2020,118.534
bol,sex_f,age_ythadult_y15_24,eco_isic4_a,2021,155.488
bol,sex_f,age_ythadult_y15_24,eco_isic4_a,2022,136.326
bol,sex_f,age_ythadult_y15_24,eco_isic4_a,2023,134.224
bol,sex_f,age_ythadult_y15_24,eco_isic4_a,2024,121.752
bol,sex_f,age_ythadult_y15_24,eco_isic4_b,2011,1.621
bol,sex_f,age_ythadult_y15_24,eco_isic4_b,2012,2.286
bol,sex_f,age_ythadult_y15_24,eco_isic4_b,2013,2.176
bol,sex_f,age_ythadult_y15_24,eco_isic4_b,2014,1.083
bol,sex_f,age_ythadult_y15_24,eco_isic4_b,2016,1.432
bol,sex_f,age_ythadult_y15_24,eco_isic4_b,2017,0.606
bol,sex_f,age_ythadult_y15_24,eco_isic4_b,2018,0.799
bol,sex_f,age_ythadult_y15_24,eco_isic4_b,2019,0.753
bol,sex_f,age_ythadult_y15_24,eco_isic4_b,2021,0.876
bol,sex_f,age_ythadult_y15_24,eco_isic4_b,2022,1.321
bol,sex_f,age_ythadult_y15_24,eco_isic4_b,2023,1.19
bol,sex_f,age_ythadult_y15_24,eco_isic4_b,2024,1.502
bol,sex_f,age_ythadult_y15_24,eco_isic4_c,2011,27.209
bol,sex_f,age_ythadult_y15_24,eco_isic4_c,2012,13.704
bol,sex_f,age_ythadult_y15_24,eco_isic4_c,2013,24.306
bol,sex_f,age_ythadult_y15_24,eco_isic4_c,2014,35.143
bol,sex_f,age_ythadult_y15_24,eco_isic4_c,2015,23.677
bol,sex_f,age_ythadult_y15_24,eco_isic4_c,2016,31.971
bol,sex_f,age_ythadult_y15_24,eco_isic4_c,2017,31.683
bol,sex_f,age_ythadult_y15_24,eco_isic4_c,2018,40.797
bol,sex_f,age_ythadult_y15_24,eco_isic4_c,2019,46.245
bol,sex_f,age_ythadult_y15_24,eco_isic4_c,2020,28.713
bol,sex_f,age_ythadult_y15_24,eco_isic4_c,2021,66.883
bol,sex_f,age_ythadult_y15_24,eco_isic4_c,2022,65.316
bol,sex_f,age_ythadult_y15_24,eco_isic4_c,2023,63.046
bol,sex_f,age_ythadult_y15_24,eco_isic4_c,2024,75.794
bol,sex_f,age_ythadult_y15_24,eco_isic4_d,2019,0.257
bol,sex_f,age_ythadult_y15_24,eco_isic4_d,2021,0.87
bol,sex_f,age_ythadult_y15_24,eco_isic4_d,2022,0.592
bol,sex_f,age_ythadult_y15_24,eco_isic4_d,2023,0.567
bol,sex_f,age_ythadult_y15_24,eco_isic4_d,2024,0.814
bol,sex_f,age_ythadult_y15_24,eco_isic4_e,2018,0.334
bol,sex_f,age_ythadult_y15_24,eco_isic4_e,2021,0.386
bol,sex_f,age_ythadult_y15_24,eco_isic4_e,2024,0.228
bol,sex_f,age_ythadult_y15_24,eco_isic4_f,2011,4.071
bol,sex_f,age_ythadult_y15_24,eco_isic4_f,2012,2.343
bol,sex_f,age_ythadult_y15_24,eco_isic4_f,2013,1.655
bol,sex_f,age_ythadult_y15_24,eco_isic4_f,2014,3.689
bol,sex_f,age_ythadult_y15_24,eco_isic4_f,2015,1.799
bol,sex_f,age_ythadult_y15_24,eco_isic4_f,2016,2.427
bol,sex_f,age_ythadult_y15_24,eco_isic4_f,2017,2.428
bol,sex_f,age_ythadult_y15_24,eco_isic4_f,2018,1.669
bol,sex_f,age_ythadult_y15_24,eco_isic4_f,2019,2.017
bol,sex_f,age_ythadult_y15_24,eco_isic4_f,2020,0.82
bol,sex_f,age_ythadult_y15_24,eco_isic4_f,2021,2.123
bol,sex_f,age_ythadult_y15_24,eco_isic4_f,2022,1.315
bol,sex_f,age_ythadult_y15_24,eco_isic4_f,2023,1.847
bol,sex_f,age_ythadult_y15_24,eco_isic4_f,2024,2.859
bol,sex_f,age_ythadult_y15_24,eco_isic4_g,2011,89.637
bol,sex_f,age_ythadult_y15_24,eco_isic4_g,2012,71.325
bol,sex_f,age_ythadult_y15_24,eco_isic4_g,2013,80.228
bol,sex_f,age_ythadult_y15_24,eco_isic4_g,2014,93.462
bol,sex_f,age_ythadult_y15_24,eco_isic4_g,2015,74.284
bol,sex_f,age_ythadult_y15_24,eco_isic4_g,2016,76.865
bol,sex_f,age_ythadult_y15_24,eco_isic4_g,2017,77.073
bol,sex_f,age_ythadult_y15_24,eco_isic4_g,2018,100.13
bol,sex_f,age_ythadult_y15_24,eco_isic4_g,2019,111.887
bol,sex_f,age_ythadult_y15_24,eco_isic4_g,2020,87.304
bol,sex_f,age_ythadult_y15_24,eco_isic4_g,2021,158.218
bol,sex_f,age_ythadult_y15_24,eco_isic4_g,2022,158.715
bol,sex_f,age_ythadult_y15_24,eco_isic4_g,2023,149.599
bol,sex_f,age_ythadult_y15_24,eco_isic4_g,2024,157.79
bol,sex_f,age_ythadult_y15_24,eco_isic4_h,2011,4.507
bol,sex_f,age_ythadult_y15_24,eco_isic4_h,2012,3.757
bol,sex_f,age_ythadult_y15_24,eco_isic4_h,2013,0.98
bol,sex_f,age_ythadult_y15_24,eco_isic4_h,2014,4.642
bol,sex_f,age_ythadult_y15_24,eco_isic4_h,2015,3.412
bol,sex_f,age_ythadult_y15_24,eco_isic4_h,2016,2.677
bol,sex_f,age_ythadult_y15_24,eco_isic4_h,2017,2.637
bol,sex_f,age_ythadult_y15_24,eco_isic4_h,2018,3.607
bol,sex_f,age_ythadult_y15_24,eco_isic4_h,2019,2.858
bol,sex_f,age_ythadult_y15_24,eco_isic4_h,2021,3.214
bol,sex_f,age_ythadult_y15_24,eco_isic4_h,2022,3.279
bol,sex_f,age_ythadult_y15_24,eco_isic4_h,2023,4.668
bol,sex_f,age_ythadult_y15_24,eco_isic4_h,2024,4.165
bol,sex_f,age_ythadult_y15_24,eco_isic4_i,2011,46.569
bol,sex_f,age_ythadult_y15_24,eco_isic4_i,2012,45.254
bol,sex_f,age_ythadult_y15_24,eco_isic4_i,2013,42.632
bol,sex_f,age_ythadult_y15_24,eco_isic4_i,2014,41.849
bol,sex_f,age_ythadult_y15_24,eco_isic4_i,2015,44.976
bol,sex_f,age_ythadult_y15_24,eco_isic4_i,2016,47.607
bol,sex_f,age_ythadult_y15_24,eco_isic4_i,2017,57.547
bol,sex_f,age_ythadult_y15_24,eco_isic4_i,2018,69.441
bol,sex_f,age_ythadult_y15_24,eco_isic4_i,2019,76.025
bol,sex_f,age_ythadult_y15_24,eco_isic4_i,2020,61.539
bol,sex_f,age_ythadult_y15_24,eco_isic4_i,2021,99.651
bol,sex_f,age_ythadult_y15_24,eco_isic4_i,2022,107.712
bol,sex_f,age_ythadult_y15_24,eco_isic4_i,2023,107.46
bol,sex_f,age_ythadult_y15_24,eco_isic4_i,2024,119.739
bol,sex_f,age_ythadult_y15_24,eco_isic4_j,2011,7.598
bol,sex_f,age_ythadult_y15_24,eco_isic4_j,2012,4.806
bol,sex_f,age_ythadult_y15_24,eco_isic4_j,2013,4.469
bol,sex_f,age_ythadult_y15_24,eco_isic4_j,2014,7.102
bol,sex_f,age_ythadult_y15_24,eco_isic4_j,2015,3.363
bol,sex_f,age_ythadult_y15_24,eco_isic4_j,2016,3.788
bol,sex_f,age_ythadult_y15_24,eco_isic4_j,2017,3.647
bol,sex_f,age_ythadult_y15_24,eco_isic4_j,2018,2.953
bol,sex_f,age_ythadult_y15_24,eco_isic4_j,2019,2.81
bol,sex_f,age_ythadult_y15_24,eco_isic4_j,2020,1.868
bol,sex_f,age_ythadult_y15_24,eco_isic4_j,2021,1.93
bol,sex_f,age_ythadult_y15_24,eco_isic4_j,2022,1.843
bol,sex_f,age_ythadult_y15_24,eco_isic4_j,2023,1.811
bol,sex_f,age_ythadult_y15_24,eco_isic4_j,2024,1.607
bol,sex_f,age_ythadult_y15_24,eco_isic4_k,2011,5.179
bol,sex_f,age_ythadult_y15_24,eco_isic4_k,2012,2.364
bol,sex_f,age_ythadult_y15_24,eco_isic4_k,2013,7.036
bol,sex_f,age_ythadult_y15_24,eco_isic4_k,2014,2.135
bol,sex_f,age_ythadult_y15_24,eco_isic4_k,2015,2.853
bol,sex_f,age_ythadult_y15_24,eco_isic4_k,2016,1.669
bol,sex_f,age_ythadult_y15_24,eco_isic4_k,2017,2.579
bol,sex_f,age_ythadult_y15_24,eco_isic4_k,2018,1.933
bol,sex_f,age_ythadult_y15_24,eco_isic4_k,2019,2.136
bol,sex_f,age_ythadult_y15_24,eco_isic4_k,2021,1.841
bol,sex_f,age_ythadult_y15_24,eco_isic4_k,2022,2.278
bol,sex_f,age_ythadult_y15_24,eco_isic4_k,2023,2.436
bol,sex_f,age_ythadult_y15_24,eco_isic4_k,2024,0.669
bol,sex_f,age_ythadult_y15_24,eco_isic4_l,2016,1.032
bol,sex_f,age_ythadult_y15_24,eco_isic4_l,2017,1.078
bol,sex_f,age_ythadult_y15_24,eco_isic4_l,2018,0.738
bol,sex_f,age_ythadult_y15_24,eco_isic4_l,2019,0.871
bol,sex_f,age_ythadult_y15_24,eco_isic4_l,2021,1.174
bol,sex_f,age_ythadult_y15_24,eco_isic4_l,2022,0.78
bol,sex_f,age_ythadult_y15_24,eco_isic4_l,2023,1.22
bol,sex_f,age_ythadult_y15_24,eco_isic4_l,2024,1.27
bol,sex_f,age_ythadult_y15_24,eco_isic4_m,2011,7.24
bol,sex_f,age_ythadult_y15_24,eco_isic4_m,2012,6.026
bol,sex_f,age_ythadult_y15_24,eco_isic4_m,2013,4.684
bol,sex_f,age_ythadult_y15_24,eco_isic4_m,2014,3.995
bol,sex_f,age_ythadult_y15_24,eco_isic4_m,2015,3.66
bol,sex_f,age_ythadult_y15_24,eco_isic4_m,2016,4.321
bol,sex_f,age_ythadult_y15_24,eco_isic4_m,2017,4.214
bol,sex_f,age_ythadult_y15_24,eco_isic4_m,2018,3.884
bol,sex_f,age_ythadult_y15_24,eco_isic4_m,2019,4.523
bol,sex_f,age_ythadult_y15_24,eco_isic4_m,2020,2.414
bol,sex_f,age_ythadult_y15_24,eco_isic4_m,2021,6.036
bol,sex_f,age_ythadult_y15_24,eco_isic4_m,2022,8.072
bol,sex_f,age_ythadult_y15_24,eco_isic4_m,2023,7.628
bol,sex_f,age_ythadult_y15_24,eco_isic4_m,2024,7.446
bol,sex_f,age_ythadult_y15_24,eco_isic4_n,2011,5.183
bol,sex_f,age_ythadult_y15_24,eco_isic4_n,2012,8.889
bol,sex_f,age_ythadult_y15_24,eco_isic4_n,2013,5.311
bol,sex_f,age_ythadult_y15_24,eco_isic4_n,2014,2.877
bol,sex_f,age_ythadult_y15_24,eco_isic4_n,2015,3.769
bol,sex_f,age_ythadult_y15_24,eco_isic4_n,2016,5.171
bol,sex_f,age_ythadult_y15_24,eco_isic4_n,2017,3.989
bol,sex_f,age_ythadult_y15_24,eco_isic4_n,2018,4.612
bol,sex_f,age_ythadult_y15_24,eco_isic4_n,2019,7.679
bol,sex_f,age_ythadult_y15_24,eco_isic4_n,2020,7.267
bol,sex_f,age_ythadult_y15_24,eco_isic4_n,2021,8.28
bol,sex_f,age_ythadult_y15_24,eco_isic4_n,2022,8.483
bol,sex_f,age_ythadult_y15_24,eco_isic4_n,2023,11.266
bol,sex_f,age_ythadult_y15_24,eco_isic4_n,2024,11.628
bol,sex_f,age_ythadult_y15_24,eco_isic4_o,2011,6.072
bol,sex_f,age_ythadult_y15_24,eco_isic4_o,2012,5.75
bol,sex_f,age_ythadult_y15_24,eco_isic4_o,2013,6.417
bol,sex_f,age_ythadult_y15_24,eco_isic4_o,2014,7.52
bol,sex_f,age_ythadult_y15_24,eco_isic4_o,2015,6.092
bol,sex_f,age_ythadult_y15_24,eco_isic4_o,2016,6.348
bol,sex_f,age_ythadult_y15_24,eco_isic4_o,2017,3.903
bol,sex_f,age_ythadult_y15_24,eco_isic4_o,2018,4.423
bol,sex_f,age_ythadult_y15_24,eco_isic4_o,2019,3.424
bol,sex_f,age_ythadult_y15_24,eco_isic4_o,2020,1.672
bol,sex_f,age_ythadult_y15_24,eco_isic4_o,2021,2.727
bol,sex_f,age_ythadult_y15_24,eco_isic4_o,2022,4.282
bol,sex_f,age_ythadult_y15_24,eco_isic4_o,2023,3.397
bol,sex_f,age_ythadult_y15_24,eco_isic4_o,2024,3.366
bol,sex_f,age_ythadult_y15_24,eco_isic4_p,2011,11.109
bol,sex_f,age_ythadult_y15_24,eco_isic4_p,2012,9.517
bol,sex_f,age_ythadult_y15_24,eco_isic4_p,2013,6.675
bol,sex_f,age_ythadult_y15_24,eco_isic4_p,2014,7.575
bol,sex_f,age_ythadult_y15_24,eco_isic4_p,2015,5.285
bol,sex_f,age_ythadult_y15_24,eco_isic4_p,2016,7.708
bol,sex_f,age_ythadult_y15_24,eco_isic4_p,2017,5.183
bol,sex_f,age_ythadult_y15_24,eco_isic4_p,2018,6.663
bol,sex_f,age_ythadult_y15_24,eco_isic4_p,2019,5.648
bol,sex_f,age_ythadult_y15_24,eco_isic4_p,2020,1.306
bol,sex_f,age_ythadult_y15_24,eco_isic4_p,2021,5.082
bol,sex_f,age_ythadult_y15_24,eco_isic4_p,2022,7.845
bol,sex_f,age_ythadult_y15_24,eco_isic4_p,2023,7.623
bol,sex_f,age_ythadult_y15_24,eco_isic4_p,2024,7.631
bol,sex_f,age_ythadult_y15_24,eco_isic4_q,2011,6.263
bol,sex_f,age_ythadult_y15_24,eco_isic4_q,2012,5.687
bol,sex_f,age_ythadult_y15_24,eco_isic4_q,2013,10.837
bol,sex_f,age_ythadult_y15_24,eco_isic4_q,2014,7.932
bol,sex_f,age_ythadult_y15_24,eco_isic4_q,2015,8.185
bol,sex_f,age_ythadult_y15_24,eco_isic4_q,2016,9.469
bol,sex_f,age_ythadult_y15_24,eco_isic4_q,2017,7.307
bol,sex_f,age_ythadult_y15_24,eco_isic4_q,2018,7.59
bol,sex_f,age_ythadult_y15_24,eco_isic4_q,2019,8.348
bol,sex_f,age_ythadult_y15_24,eco_isic4_q,2020,8.004
bol,sex_f,age_ythadult_y15_24,eco_isic4_q,2021,9.604
bol,sex_f,age_ythadult_y15_24,eco_isic4_q,2022,10.654
bol,sex_f,age_ythadult_y15_24,eco_isic4_q,2023,14.185
bol,sex_f,age_ythadult_y15_24,eco_isic4_q,2024,13.929
bol,sex_f,age_ythadult_y15_24,eco_isic4_r,2011,5.797
bol,sex_f,age_ythadult_y15_24,eco_isic4_r,2012,2.464
bol,sex_f,age_ythadult_y15_24,eco_isic4_r,2013,2.764
bol,sex_f,age_ythadult_y15_24,eco_isic4_r,2014,2.102
bol,sex_f,age_ythadult_y15_24,eco_isic4_r,2015,1.954
bol,sex_f,age_ythadult_y15_24,eco_isic4_r,2016,1.99
bol,sex_f,age_ythadult_y15_24,eco_isic4_r,2017,2.914
bol,sex_f,age_ythadult_y15_24,eco_isic4_r,2018,3.04
bol,sex_f,age_ythadult_y15_24,eco_isic4_r,2019,4.259
bol,sex_f,age_ythadult_y15_24,eco_isic4_r,2021,2.628
bol,sex_f,age_ythadult_y15_24,eco_isic4_r,2022,3.839
bol,sex_f,age_ythadult_y15_24,eco_isic4_r,2023,4.679
bol,sex_f,age_ythadult_y15_24,eco_isic4_r,2024,5.767
bol,sex_f,age_ythadult_y15_24,eco_isic4_s,2011,7.758
bol,sex_f,age_ythadult_y15_24,eco_isic4_s,2012,5.133
bol,sex_f,age_ythadult_y15_24,eco_isic4_s,2013,10.923
bol,sex_f,age_ythadult_y15_24,eco_isic4_s,2014,11.485
bol,sex_f,age_ythadult_y15_24,eco_isic4_s,2015,12.913
bol,sex_f,age_ythadult_y15_24,eco_isic4_s,2016,8.174
bol,sex_f,age_ythadult_y15_24,eco_isic4_s,2017,7.531
bol,sex_f,age_ythadult_y15_24,eco_isic4_s,2018,9.54
bol,sex_f,age_ythadult_y15_24,eco_isic4_s,2019,14.409
bol,sex_f,age_ythadult_y15_24,eco_isic4_s,2020,8.886
bol,sex_f,age_ythadult_y15_24,eco_isic4_s,2021,13.366
bol,sex_f,age_ythadult_y15_24,eco_isic4_s,2022,19.007
bol,sex_f,age_ythadult_y15_24,eco_isic4_s,2023,16.22
bol,sex_f,age_ythadult_y15_24,eco_isic4_s,2024,22.549
bol,sex_f,age_ythadult_y15_24,eco_isic4_t,2011,23.686
bol,sex_f,age_ythadult_y15_24,eco_isic4_t,2012,33.088
bol,sex_f,age_ythadult_y15_24,eco_isic4_t,2013,26.836
bol,sex_f,age_ythadult_y15_24,eco_isic4_t,2014,29.973
bol,sex_f,age_ythadult_y15_24,eco_isic4_t,2015,18.083
bol,sex_f,age_ythadult_y15_24,eco_isic4_t,2016,24.59
bol,sex_f,age_ythadult_y15_24,eco_isic4_t,2017,24.704
bol,sex_f,age_ythadult_y15_24,eco_isic4_t,2018,19.919
bol,sex_f,age_ythadult_y15_24,eco_isic4_t,2019,23.444
bol,sex_f,age_ythadult_y15_24,eco_isic4_t,2020,13.84
bol,sex_f,age_ythadult_y15_24,eco_isic4_t,2021,22.528
bol,sex_f,age_ythadult_y15_24,eco_isic4_t,2022,24.188
bol,sex_f,age_ythadult_y15_24,eco_isic4_t,2023,28.612
bol,sex_f,age_ythadult_y15_24,eco_isic4_t,2024,25.694
bol,sex_f,age_ythadult_y15_24,eco_isic4_total,2011,418.765
bol,sex_f,age_ythadult_y15_24,eco_isic4_total,2012,353.768
bol,sex_f,age_ythadult_y15_24,eco_isic4_total,2013,372.206
bol,sex_f,age_ythadult_y15_24,eco_isic4_total,2014,405.142
bol,sex_f,age_ythadult_y15_24,eco_isic4_total,2015,327.774
bol,sex_f,age_ythadult_y15_24,eco_isic4_total,2016,350.536
bol,sex_f,age_ythadult_y15_24,eco_isic4_total,2017,363.546
bol,sex_f,age_ythadult_y15_24,eco_isic4_total,2018,417.852
bol,sex_f,age_ythadult_y15_24,eco_isic4_total,2019,436.827
bol,sex_f,age_ythadult_y15_24,eco_isic4_total,2020,347.358
bol,sex_f,age_ythadult_y15_24,eco_isic4_total,2021,563.315
bol,sex_f,age_ythadult_y15_24,eco_isic4_total,2022,566.319
bol,sex_f,age_ythadult_y15_24,eco_isic4_total,2023,562.075
bol,sex_f,age_ythadult_y15_24,eco_isic4_total,2024,586.6
bol,sex_f,age_ythadult_y15_24,eco_isic4_x,2017,0.236
bol,sex_f,age_ythadult_y15_24,eco_isic4_x,2021,0.411
bol,sex_f,age_ythadult_y15_24,eco_isic4_x,2024,0.402
bol,sex_f,age_ythadult_y15_24,eco_sector_agr,1991,1.256
bol,sex_f,age_ythadult_y15_24,eco_sector_agr,1994,0.948
bol,sex_f,age_ythadult_y15_24,eco_sector_agr,1995,1.098
bol,sex_f,age_ythadult_y15_24,eco_sector_agr,2000,123.706
bol,sex_f,age_ythadult_y15_24,eco_sector_agr,2001,159.225
bol,sex_f,age_ythadult_y15_24,eco_sector_agr,2002,137.545
bol,sex_f,age_ythadult_y15_24,eco_sector_agr,2005,127.485
bol,sex_f,age_ythadult_y15_24,eco_sector_agr,2006,151.496
bol,sex_f,age_ythadult_y15_24,eco_sector_agr,2007,160.991
bol,sex_f,age_ythadult_y15_24,eco_sector_agr,2008,141.879
bol,sex_f,age_ythadult_y15_24,eco_sector_agr,2009,130.531
bol,sex_f,age_ythadult_y15_24,eco_sector_agr,2011,157.064
bol,sex_f,age_ythadult_y15_24,eco_sector_agr,2012,129.967
bol,sex_f,age_ythadult_y15_24,eco_sector_agr,2013,133.89
bol,sex_f,age_ythadult_y15_24,eco_sector_agr,2014,140.339
bol,sex_f,age_ythadult_y15_24,eco_sector_agr,2015,109.969
bol,sex_f,age_ythadult_y15_24,eco_sector_agr,2016,112.91
bol,sex_f,age_ythadult_y15_24,eco_sector_agr,2017,124.214
bol,sex_f,age_ythadult_y15_24,eco_sector_agr,2018,135.76
bol,sex_f,age_ythadult_y15_24,eco_sector_agr,2019,118.979
bol,sex_f,age_ythadult_y15_24,eco_sector_agr,2020,118.534
bol,sex_f,age_ythadult_y15_24,eco_sector_agr,2021,155.488
bol,sex_f,age_ythadult_y15_24,eco_sector_agr,2022,136.326
bol,sex_f,age_ythadult_y15_24,eco_sector_agr,2023,134.224
bol,sex_f,age_ythadult_y15_24,eco_sector_agr,2024,121.752
bol,sex_f,age_ythadult_y15_24,eco_sector_ind,1989,9.85
bol,sex_f,age_ythadult_y15_24,eco_sector_ind,1990,9.959
bol,sex_f,age_ythadult_y15_24,eco_sector_ind,1991,16.835
bol,sex_f,age_ythadult_y15_24,eco_sector_ind,1992,15.787
bol,sex_f,age_ythadult_y15_24,eco_sector_ind,1993,21.846
bol,sex_f,age_ythadult_y15_24,eco_sector_ind,1994,23.472
bol,sex_f,age_ythadult_y15_24,eco_sector_ind,1995,26.145
bol,sex_f,age_ythadult_y15_24,eco_sector_ind,1999,27.584
bol,sex_f,age_ythadult_y15_24,eco_sector_ind,2000,42.966
bol,sex_f,age_ythadult_y15_24,eco_sector_ind,2001,34.755
bol,sex_f,age_ythadult_y15_24,eco_sector_ind,2002,32.997
bol,sex_f,age_ythadult_y15_24,eco_sector_ind,2005,42.815
bol,sex_f,age_ythadult_y15_24,eco_sector_ind,2006,48.918
bol,sex_f,age_ythadult_y15_24,eco_sector_ind,2007,31.641
bol,sex_f,age_ythadult_y15_24,eco_sector_ind,2008,39.03
bol,sex_f,age_ythadult_y15_24,eco_sector_ind,2009,53.548
bol,sex_f,age_ythadult_y15_24,eco_sector_ind,2011,33.576
bol,sex_f,age_ythadult_y15_24,eco_sector_ind,2012,18.858
bol,sex_f,age_ythadult_y15_24,eco_sector_ind,2013,28.373
bol,sex_f,age_ythadult_y15_24,eco_sector_ind,2014,41.223
bol,sex_f,age_ythadult_y15_24,eco_sector_ind,2015,26.883
bol,sex_f,age_ythadult_y15_24,eco_sector_ind,2016,35.993
bol,sex_f,age_ythadult_y15_24,eco_sector_ind,2017,34.791
bol,sex_f,age_ythadult_y15_24,eco_sector_ind,2018,43.62
bol,sex_f,age_ythadult_y15_24,eco_sector_ind,2019,49.283
bol,sex_f,age_ythadult_y15_24,eco_sector_ind,2020,29.897
bol,sex_f,age_ythadult_y15_24,eco_sector_ind,2021,71.137
bol,sex_f,age_ythadult_y15_24,eco_sector_ind,2022,68.699
bol,sex_f,age_ythadult_y15_24,eco_sector_ind,2023,66.85
bol,sex_f,age_ythadult_y15_24,eco_sector_ind,2024,81.197
bol,sex_f,age_ythadult_y15_24,eco_sector_nag,1989,88.532
bol,sex_f,age_ythadult_y15_24,eco_sector_nag,1990,88.681
bol,sex_f,age_ythadult_y15_24,eco_sector_nag,1991,98.759
bol,sex_f,age_ythadult_y15_24,eco_sector_nag,1992,100.573
bol,sex_f,age_ythadult_y15_24,eco_sector_nag,1993,121.957
bol,sex_f,age_ythadult_y15_24,eco_sector_nag,1994,124.113
bol,sex_f,age_ythadult_y15_24,eco_sector_nag,1995,134.229
bol,sex_f,age_ythadult_y15_24,eco_sector_nag,1999,366.282
bol,sex_f,age_ythadult_y15_24,eco_sector_nag,2000,206.808
bol,sex_f,age_ythadult_y15_24,eco_sector_nag,2001,239.596
bol,sex_f,age_ythadult_y15_24,eco_sector_nag,2002,217.409
bol,sex_f,age_ythadult_y15_24,eco_sector_nag,2005,235.85
bol,sex_f,age_ythadult_y15_24,eco_sector_nag,2006,248.818
bol,sex_f,age_ythadult_y15_24,eco_sector_nag,2007,225.518
bol,sex_f,age_ythadult_y15_24,eco_sector_nag,2008,280.822
bol,sex_f,age_ythadult_y15_24,eco_sector_nag,2009,294.805
bol,sex_f,age_ythadult_y15_24,eco_sector_nag,2011,261.701
bol,sex_f,age_ythadult_y15_24,eco_sector_nag,2012,223.801
bol,sex_f,age_ythadult_y15_24,eco_sector_nag,2013,238.316
bol,sex_f,age_ythadult_y15_24,eco_sector_nag,2014,264.803
bol,sex_f,age_ythadult_y15_24,eco_sector_nag,2015,217.805
bol,sex_f,age_ythadult_y15_24,eco_sector_nag,2016,237.626
bol,sex_f,age_ythadult_y15_24,eco_sector_nag,2017,239.332
bol,sex_f,age_ythadult_y15_24,eco_sector_nag,2018,282.092
bol,sex_f,age_ythadult_y15_24,eco_sector_nag,2019,317.848
bol,sex_f,age_ythadult_y15_24,eco_sector_nag,2020,228.824
bol,sex_f,age_ythadult_y15_24,eco_sector_nag,2021,407.827
bol,sex_f,age_ythadult_y15_24,eco_sector_nag,2022,429.993
bol,sex_f,age_ythadult_y15_24,eco_sector_nag,2023,427.85
bol,sex_f,age_ythadult_y15_24,eco_sector_nag,2024,464.848
bol,sex_f,age_ythadult_y15_24,eco_sector_ser,1989,77.581
bol,sex_f,age_ythadult_y15_24,eco_sector_ser,1990,76.718
bol,sex_f,age_ythadult_y15_24,eco_sector_ser,1991,81.901
bol,sex_f,age_ythadult_y15_24,eco_sector_ser,1992,84.786
bol,sex_f,age_ythadult_y15_24,eco_sector_ser,1993,100.111
bol,sex_f,age_ythadult_y15_24,eco_sector_ser,1994,100.641
bol,sex_f,age_ythadult_y15_24,eco_sector_ser,1995,108.015
bol,sex_f,age_ythadult_y15_24,eco_sector_ser,1999,329.213
bol,sex_f,age_ythadult_y15_24,eco_sector_ser,2000,159.086
bol,sex_f,age_ythadult_y15_24,eco_sector_ser,2001,202.481
bol,sex_f,age_ythadult_y15_24,eco_sector_ser,2002,184.412
bol,sex_f,age_ythadult_y15_24,eco_sector_ser,2005,193.035
bol,sex_f,age_ythadult_y15_24,eco_sector_ser,2006,199.9
bol,sex_f,age_ythadult_y15_24,eco_sector_ser,2007,193.877
bol,sex_f,age_ythadult_y15_24,eco_sector_ser,2008,241.792
bol,sex_f,age_ythadult_y15_24,eco_sector_ser,2009,241.257
bol,sex_f,age_ythadult_y15_24,eco_sector_ser,2011,228.125
bol,sex_f,age_ythadult_y15_24,eco_sector_ser,2012,204.943
bol,sex_f,age_ythadult_y15_24,eco_sector_ser,2013,209.943
bol,sex_f,age_ythadult_y15_24,eco_sector_ser,2014,223.264
bol,sex_f,age_ythadult_y15_24,eco_sector_ser,2015,190.264
bol,sex_f,age_ythadult_y15_24,eco_sector_ser,2016,201.599
bol,sex_f,age_ythadult_y15_24,eco_sector_ser,2017,204.306
bol,sex_f,age_ythadult_y15_24,eco_sector_ser,2018,238.472
bol,sex_f,age_ythadult_y15_24,eco_sector_ser,2019,268.565
bol,sex_f,age_ythadult_y15_24,eco_sector_ser,2020,198.531
bol,sex_f,age_ythadult_y15_24,eco_sector_ser,2021,336.279
bol,sex_f,age_ythadult_y15_24,eco_sector_ser,2022,361.016
bol,sex_f,age_ythadult_y15_24,eco_sector_ser,2023,360.805
bol,sex_f,age_ythadult_y15_24,eco_sector_ser,2024,383.25
bol,sex_f,age_ythadult_y15_24,eco_sector_total,1989,88.532
bol,sex_f,age_ythadult_y15_24,eco_sector_total,1990,88.681
bol,sex_f,age_ythadult_y15_24,eco_sector_total,1991,100.015
bol,sex_f,age_ythadult_y15_24,eco_sector_total,1992,101.123
bol,sex_f,age_ythadult_y15_24,eco_sector_total,1993,122.492
bol,sex_f,age_ythadult_y15_24,eco_sector_total,1994,125.061
bol,sex_f,age_ythadult_y15_24,eco_sector_total,1995,135.327
bol,sex_f,age_ythadult_y15_24,eco_sector_total,1999,366.282
bol,sex_f,age_ythadult_y15_24,eco_sector_total,2000,330.514
bol,sex_f,age_ythadult_y15_24,eco_sector_total,2001,398.821
bol,sex_f,age_ythadult_y15_24,eco_sector_total,2002,354.954
bol,sex_f,age_ythadult_y15_24,eco_sector_total,2005,363.335
bol,sex_f,age_ythadult_y15_24,eco_sector_total,2006,400.314
bol,sex_f,age_ythadult_y15_24,eco_sector_total,2007,386.509
bol,sex_f,age_ythadult_y15_24,eco_sector_total,2008,422.701
bol,sex_f,age_ythadult_y15_24,eco_sector_total,2009,425.336
bol,sex_f,age_ythadult_y15_24,eco_sector_total,2011,418.765
bol,sex_f,age_ythadult_y15_24,eco_sector_total,2012,353.768
bol,sex_f,age_ythadult_y15_24,eco_sector_total,2013,372.206
bol,sex_f,age_ythadult_y15_24,eco_sector_total,2014,405.142
bol,sex_f,age_ythadult_y15_24,eco_sector_total,2015,327.774
bol,sex_f,age_ythadult_y15_24,eco_sector_total,2016,350.536
bol,sex_f,age_ythadult_y15_24,eco_sector_total,2017,363.546
bol,sex_f,age_ythadult_y15_24,eco_sector_total,2018,417.852
bol,sex_f,age_ythadult_y15_24,eco_sector_total,2019,436.827
bol,sex_f,age_ythadult_y15_24,eco_sector_total,2020,347.358
bol,sex_f,age_ythadult_y15_24,eco_sector_total,2021,563.315
bol,sex_f,age_ythadult_y15_24,eco_sector_total,2022,566.319
bol,sex_f,age_ythadult_y15_24,eco_sector_total,2023,562.075
bol,sex_f,age_ythadult_y15_24,eco_sector_total,2024,586.6
bol,sex_f,age_ythadult_y15_24,eco_sector_x,1989,1.101
bol,sex_f,age_ythadult_y15_24,eco_sector_x,1990,2.004
bol,sex_f,age_ythadult_y15_24,eco_sector_x,1999,9.485
bol,sex_f,age_ythadult_y15_24,eco_sector_x,2000,4.756
bol,sex_f,age_ythadult_y15_24,eco_sector_x,2001,2.36
bol,sex_f,age_ythadult_y15_24,eco_sector_x,2017,0.236
bol,sex_f,age_ythadult_y15_24,eco_sector_x,2021,0.411
bol,sex_f,age_ythadult_y15_24,eco_sector_x,2024,0.402
bol,sex_f,age_ythadult_y15_64,eco_aggregate_agr,1991,3.685
bol,sex_f,age_ythadult_y15_64,eco_aggregate_agr,1992,4.473
bol,sex_f,age_ythadult_y15_64,eco_aggregate_agr,1993,2.761
bol,sex_f,age_ythadult_y15_64,eco_aggregate_agr,1994,2.428
bol,sex_f,age_ythadult_y15_64,eco_aggregate_agr,1995,5.947
bol,sex_f,age_ythadult_y15_64,eco_aggregate_agr,2000,471.3
bol,sex_f,age_ythadult_y15_64,eco_aggregate_agr,2001,564.427
bol,sex_f,age_ythadult_y15_64,eco_aggregate_agr,2002,499.515
bol,sex_f,age_ythadult_y15_64,eco_aggregate_agr,2005,544.743
bol,sex_f,age_ythadult_y15_64,eco_aggregate_agr,2006,594.184
bol,sex_f,age_ythadult_y15_64,eco_aggregate_agr,2007,595.691
bol,sex_f,age_ythadult_y15_64,eco_aggregate_agr,2008,571.528
bol,sex_f,age_ythadult_y15_64,eco_aggregate_agr,2009,573.096
bol,sex_f,age_ythadult_y15_64,eco_aggregate_agr,2011,658.268
bol,sex_f,age_ythadult_y15_64,eco_aggregate_agr,2012,568.187
bol,sex_f,age_ythadult_y15_64,eco_aggregate_agr,2013,606.447
bol,sex_f,age_ythadult_y15_64,eco_aggregate_agr,2014,608.822
bol,sex_f,age_ythadult_y15_64,eco_aggregate_agr,2015,528.238
bol,sex_f,age_ythadult_y15_64,eco_aggregate_agr,2016,521.941
bol,sex_f,age_ythadult_y15_64,eco_aggregate_agr,2017,565.804
bol,sex_f,age_ythadult_y15_64,eco_aggregate_agr,2018,630.92
bol,sex_f,age_ythadult_y15_64,eco_aggregate_agr,2019,593.982
bol,sex_f,age_ythadult_y15_64,eco_aggregate_agr,2020,567.122
bol,sex_f,age_ythadult_y15_64,eco_aggregate_agr,2021,660.032
bol,sex_f,age_ythadult_y15_64,eco_aggregate_agr,2022,626.667
bol,sex_f,age_ythadult_y15_64,eco_aggregate_agr,2023,643.427
bol,sex_f,age_ythadult_y15_64,eco_aggregate_agr,2024,619.109
bol,sex_f,age_ythadult_y15_64,eco_aggregate_con,1991,2.273
bol,sex_f,age_ythadult_y15_64,eco_aggregate_con,1992,1.261
bol,sex_f,age_ythadult_y15_64,eco_aggregate_con,1993,1.161
bol,sex_f,age_ythadult_y15_64,eco_aggregate_con,1994,2.063
bol,sex_f,age_ythadult_y15_64,eco_aggregate_con,1995,2.071
bol,sex_f,age_ythadult_y15_64,eco_aggregate_con,2000,8.353
bol,sex_f,age_ythadult_y15_64,eco_aggregate_con,2001,5.91
bol,sex_f,age_ythadult_y15_64,eco_aggregate_con,2002,10.432
bol,sex_f,age_ythadult_y15_64,eco_aggregate_con,2005,20.151
bol,sex_f,age_ythadult_y15_64,eco_aggregate_con,2006,2.875
bol,sex_f,age_ythadult_y15_64,eco_aggregate_con,2007,5.923
bol,sex_f,age_ythadult_y15_64,eco_aggregate_con,2008,13.647
bol,sex_f,age_ythadult_y15_64,eco_aggregate_con,2009,13.333
bol,sex_f,age_ythadult_y15_64,eco_aggregate_con,2011,15.931
bol,sex_f,age_ythadult_y15_64,eco_aggregate_con,2012,14.659
bol,sex_f,age_ythadult_y15_64,eco_aggregate_con,2013,11.917
bol,sex_f,age_ythadult_y15_64,eco_aggregate_con,2014,21.482
bol,sex_f,age_ythadult_y15_64,eco_aggregate_con,2015,15.908
bol,sex_f,age_ythadult_y15_64,eco_aggregate_con,2016,14.034
bol,sex_f,age_ythadult_y15_64,eco_aggregate_con,2017,12.466
bol,sex_f,age_ythadult_y15_64,eco_aggregate_con,2018,12.87
bol,sex_f,age_ythadult_y15_64,eco_aggregate_con,2019,13.732
bol,sex_f,age_ythadult_y15_64,eco_aggregate_con,2020,9.212
bol,sex_f,age_ythadult_y15_64,eco_aggregate_con,2021,13.776
bol,sex_f,age_ythadult_y15_64,eco_aggregate_con,2022,13.848
bol,sex_f,age_ythadult_y15_64,eco_aggregate_con,2023,14.945
bol,sex_f,age_ythadult_y15_64,eco_aggregate_con,2024,17.883
bol,sex_f,age_ythadult_y15_64,eco_aggregate_man,1989,35.048
bol,sex_f,age_ythadult_y15_64,eco_aggregate_man,1990,37.765
bol,sex_f,age_ythadult_y15_64,eco_aggregate_man,1991,53.449
bol,sex_f,age_ythadult_y15_64,eco_aggregate_man,1992,62.117
bol,sex_f,age_ythadult_y15_64,eco_aggregate_man,1993,66.454
bol,sex_f,age_ythadult_y15_64,eco_aggregate_man,1994,74.353
bol,sex_f,age_ythadult_y15_64,eco_aggregate_man,1995,78.18
bol,sex_f,age_ythadult_y15_64,eco_aggregate_man,1999,154.34
bol,sex_f,age_ythadult_y15_64,eco_aggregate_man,2000,132.032
bol,sex_f,age_ythadult_y15_64,eco_aggregate_man,2001,134.078
bol,sex_f,age_ythadult_y15_64,eco_aggregate_man,2002,155.764
bol,sex_f,age_ythadult_y15_64,eco_aggregate_man,2005,156.757
bol,sex_f,age_ythadult_y15_64,eco_aggregate_man,2006,177.569
bol,sex_f,age_ythadult_y15_64,eco_aggregate_man,2007,162.432
bol,sex_f,age_ythadult_y15_64,eco_aggregate_man,2008,193.035
bol,sex_f,age_ythadult_y15_64,eco_aggregate_man,2009,197.955
bol,sex_f,age_ythadult_y15_64,eco_aggregate_man,2011,105.46
bol,sex_f,age_ythadult_y15_64,eco_aggregate_man,2012,104.469
bol,sex_f,age_ythadult_y15_64,eco_aggregate_man,2013,104.666
bol,sex_f,age_ythadult_y15_64,eco_aggregate_man,2014,171.733
bol,sex_f,age_ythadult_y15_64,eco_aggregate_man,2015,142.425
bol,sex_f,age_ythadult_y15_64,eco_aggregate_man,2016,181.545
bol,sex_f,age_ythadult_y15_64,eco_aggregate_man,2017,186.892
bol,sex_f,age_ythadult_y15_64,eco_aggregate_man,2018,218.584
bol,sex_f,age_ythadult_y15_64,eco_aggregate_man,2019,264.339
bol,sex_f,age_ythadult_y15_64,eco_aggregate_man,2020,185.405
bol,sex_f,age_ythadult_y15_64,eco_aggregate_man,2021,312.685
bol,sex_f,age_ythadult_y15_64,eco_aggregate_man,2022,322.585
bol,sex_f,age_ythadult_y15_64,eco_aggregate_man,2023,341.656
bol,sex_f,age_ythadult_y15_64,eco_aggregate_man,2024,387.325
bol,sex_f,age_ythadult_y15_64,eco_aggregate_mel,1989,4.448
bol,sex_f,age_ythadult_y15_64,eco_aggregate_mel,1990,1.006
bol,sex_f,age_ythadult_y15_64,eco_aggregate_mel,1991,2.387
bol,sex_f,age_ythadult_y15_64,eco_aggregate_mel,1992,1.804
bol,sex_f,age_ythadult_y15_64,eco_aggregate_mel,1993,1.46
bol,sex_f,age_ythadult_y15_64,eco_aggregate_mel,1994,1.881
bol,sex_f,age_ythadult_y15_64,eco_aggregate_mel,1995,2.838
bol,sex_f,age_ythadult_y15_64,eco_aggregate_mel,1999,75.402
bol,sex_f,age_ythadult_y15_64,eco_aggregate_mel,2000,8.049
bol,sex_f,age_ythadult_y15_64,eco_aggregate_mel,2001,6.357
bol,sex_f,age_ythadult_y15_64,eco_aggregate_mel,2002,4.706
bol,sex_f,age_ythadult_y15_64,eco_aggregate_mel,2005,13.581
bol,sex_f,age_ythadult_y15_64,eco_aggregate_mel,2006,5.142
bol,sex_f,age_ythadult_y15_64,eco_aggregate_mel,2007,3.326
bol,sex_f,age_ythadult_y15_64,eco_aggregate_mel,2008,8.523
bol,sex_f,age_ythadult_y15_64,eco_aggregate_mel,2009,4.997
bol,sex_f,age_ythadult_y15_64,eco_aggregate_mel,2011,15.713
bol,sex_f,age_ythadult_y15_64,eco_aggregate_mel,2012,26.77
bol,sex_f,age_ythadult_y15_64,eco_aggregate_mel,2013,19.221
bol,sex_f,age_ythadult_y15_64,eco_aggregate_mel,2014,11.619
bol,sex_f,age_ythadult_y15_64,eco_aggregate_mel,2015,15.467
bol,sex_f,age_ythadult_y15_64,eco_aggregate_mel,2016,11.82
bol,sex_f,age_ythadult_y15_64,eco_aggregate_mel,2017,9.505
bol,sex_f,age_ythadult_y15_64,eco_aggregate_mel,2018,10.264
bol,sex_f,age_ythadult_y15_64,eco_aggregate_mel,2019,7.577
bol,sex_f,age_ythadult_y15_64,eco_aggregate_mel,2020,10.239
bol,sex_f,age_ythadult_y15_64,eco_aggregate_mel,2021,11.277
bol,sex_f,age_ythadult_y15_64,eco_aggregate_mel,2022,15.327
bol,sex_f,age_ythadult_y15_64,eco_aggregate_mel,2023,14.523
bol,sex_f,age_ythadult_y15_64,eco_aggregate_mel,2024,14.855
bol,sex_f,age_ythadult_y15_64,eco_aggregate_mkt,1989,161.54
bol,sex_f,age_ythadult_y15_64,eco_aggregate_mkt,1990,153.771
bol,sex_f,age_ythadult_y15_64,eco_aggregate_mkt,1991,176.859
bol,sex_f,age_ythadult_y15_64,eco_aggregate_mkt,1992,182.276
bol,sex_f,age_ythadult_y15_64,eco_aggregate_mkt,1993,212.739
bol,sex_f,age_ythadult_y15_64,eco_aggregate_mkt,1994,245.816
bol,sex_f,age_ythadult_y15_64,eco_aggregate_mkt,1995,254.145
bol,sex_f,age_ythadult_y15_64,eco_aggregate_mkt,1999,1118.99
bol,sex_f,age_ythadult_y15_64,eco_aggregate_mkt,2000,446.671
bol,sex_f,age_ythadult_y15_64,eco_aggregate_mkt,2001,460.4
bol,sex_f,age_ythadult_y15_64,eco_aggregate_mkt,2002,486.148
bol,sex_f,age_ythadult_y15_64,eco_aggregate_mkt,2005,551.268
bol,sex_f,age_ythadult_y15_64,eco_aggregate_mkt,2006,577.536
bol,sex_f,age_ythadult_y15_64,eco_aggregate_mkt,2007,555.16
bol,sex_f,age_ythadult_y15_64,eco_aggregate_mkt,2008,736.257
bol,sex_f,age_ythadult_y15_64,eco_aggregate_mkt,2009,720.455
bol,sex_f,age_ythadult_y15_64,eco_aggregate_mkt,2011,752.343
bol,sex_f,age_ythadult_y15_64,eco_aggregate_mkt,2012,772.744
bol,sex_f,age_ythadult_y15_64,eco_aggregate_mkt,2013,775.503
bol,sex_f,age_ythadult_y15_64,eco_aggregate_mkt,2014,807.29
bol,sex_f,age_ythadult_y15_64,eco_aggregate_mkt,2015,785.577
bol,sex_f,age_ythadult_y15_64,eco_aggregate_mkt,2016,779.415
bol,sex_f,age_ythadult_y15_64,eco_aggregate_mkt,2017,833.55
bol,sex_f,age_ythadult_y15_64,eco_aggregate_mkt,2018,929.616
bol,sex_f,age_ythadult_y15_64,eco_aggregate_mkt,2019,991.865
bol,sex_f,age_ythadult_y15_64,eco_aggregate_mkt,2020,956.759
bol,sex_f,age_ythadult_y15_64,eco_aggregate_mkt,2021,1164.881
bol,sex_f,age_ythadult_y15_64,eco_aggregate_mkt,2022,1254.354
bol,sex_f,age_ythadult_y15_64,eco_aggregate_mkt,2023,1265.642
bol,sex_f,age_ythadult_y15_64,eco_aggregate_mkt,2024,1320.142
bol,sex_f,age_ythadult_y15_64,eco_aggregate_pub,1989,153.108
bol,sex_f,age_ythadult_y15_64,eco_aggregate_pub,1990,160.764
bol,sex_f,age_ythadult_y15_64,eco_aggregate_pub,1991,145.99
bol,sex_f,age_ythadult_y15_64,eco_aggregate_pub,1992,144.628
bol,sex_f,age_ythadult_y15_64,eco_aggregate_pub,1993,166.124
bol,sex_f,age_ythadult_y15_64,eco_aggregate_pub,1994,159.789
bol,sex_f,age_ythadult_y15_64,eco_aggregate_pub,1995,167.669
bol,sex_f,age_ythadult_y15_64,eco_aggregate_pub,1999,178.661
bol,sex_f,age_ythadult_y15_64,eco_aggregate_pub,2000,319.682
bol,sex_f,age_ythadult_y15_64,eco_aggregate_pub,2001,306.623
bol,sex_f,age_ythadult_y15_64,eco_aggregate_pub,2002,301.83
bol,sex_f,age_ythadult_y15_64,eco_aggregate_pub,2005,343.711
bol,sex_f,age_ythadult_y15_64,eco_aggregate_pub,2006,396.825
bol,sex_f,age_ythadult_y15_64,eco_aggregate_pub,2007,471.292
bol,sex_f,age_ythadult_y15_64,eco_aggregate_pub,2008,410.241
bol,sex_f,age_ythadult_y15_64,eco_aggregate_pub,2009,474.905
bol,sex_f,age_ythadult_y15_64,eco_aggregate_pub,2011,438.481
bol,sex_f,age_ythadult_y15_64,eco_aggregate_pub,2012,440.07
bol,sex_f,age_ythadult_y15_64,eco_aggregate_pub,2013,484.843
bol,sex_f,age_ythadult_y15_64,eco_aggregate_pub,2014,448.131
bol,sex_f,age_ythadult_y15_64,eco_aggregate_pub,2015,389.871
bol,sex_f,age_ythadult_y15_64,eco_aggregate_pub,2016,414.256
bol,sex_f,age_ythadult_y15_64,eco_aggregate_pub,2017,414.786
bol,sex_f,age_ythadult_y15_64,eco_aggregate_pub,2018,428.007
bol,sex_f,age_ythadult_y15_64,eco_aggregate_pub,2019,482.24
bol,sex_f,age_ythadult_y15_64,eco_aggregate_pub,2020,428.229
bol,sex_f,age_ythadult_y15_64,eco_aggregate_pub,2021,468.186
bol,sex_f,age_ythadult_y15_64,eco_aggregate_pub,2022,531.191
bol,sex_f,age_ythadult_y15_64,eco_aggregate_pub,2023,575.471
bol,sex_f,age_ythadult_y15_64,eco_aggregate_pub,2024,613.814
bol,sex_f,age_ythadult_y15_64,eco_aggregate_total,1989,358.487
bol,sex_f,age_ythadult_y15_64,eco_aggregate_total,1990,359.214
bol,sex_f,age_ythadult_y15_64,eco_aggregate_total,1991,384.666
bol,sex_f,age_ythadult_y15_64,eco_aggregate_total,1992,396.706
bol,sex_f,age_ythadult_y15_64,eco_aggregate_total,1993,450.699
bol,sex_f,age_ythadult_y15_64,eco_aggregate_total,1994,486.501
bol,sex_f,age_ythadult_y15_64,eco_aggregate_total,1995,511.181
bol,sex_f,age_ythadult_y15_64,eco_aggregate_total,1999,1549.519
bol,sex_f,age_ythadult_y15_64,eco_aggregate_total,2000,1407.388
bol,sex_f,age_ythadult_y15_64,eco_aggregate_total,2001,1490.446
bol,sex_f,age_ythadult_y15_64,eco_aggregate_total,2002,1458.395
bol,sex_f,age_ythadult_y15_64,eco_aggregate_total,2005,1630.211
bol,sex_f,age_ythadult_y15_64,eco_aggregate_total,2006,1754.131
bol,sex_f,age_ythadult_y15_64,eco_aggregate_total,2007,1793.824
bol,sex_f,age_ythadult_y15_64,eco_aggregate_total,2008,1933.231
bol,sex_f,age_ythadult_y15_64,eco_aggregate_total,2009,1984.741
bol,sex_f,age_ythadult_y15_64,eco_aggregate_total,2011,1986.196
bol,sex_f,age_ythadult_y15_64,eco_aggregate_total,2012,1926.899
bol,sex_f,age_ythadult_y15_64,eco_aggregate_total,2013,2002.597
bol,sex_f,age_ythadult_y15_64,eco_aggregate_total,2014,2069.889
bol,sex_f,age_ythadult_y15_64,eco_aggregate_total,2015,1878.723
bol,sex_f,age_ythadult_y15_64,eco_aggregate_total,2016,1923.088
bol,sex_f,age_ythadult_y15_64,eco_aggregate_total,2017,2023.405
bol,sex_f,age_ythadult_y15_64,eco_aggregate_total,2018,2230.262
bol,sex_f,age_ythadult_y15_64,eco_aggregate_total,2019,2353.734
bol,sex_f,age_ythadult_y15_64,eco_aggregate_total,2020,2158.9
bol,sex_f,age_ythadult_y15_64,eco_aggregate_total,2021,2631.539
bol,sex_f,age_ythadult_y15_64,eco_aggregate_total,2022,2764.878
bol,sex_f,age_ythadult_y15_64,eco_aggregate_total,2023,2856.528
bol,sex_f,age_ythadult_y15_64,eco_aggregate_total,2024,2973.824
bol,sex_f,age_ythadult_y15_64,eco_aggregate_x,1989,4.343
bol,sex_f,age_ythadult_y15_64,eco_aggregate_x,1990,5.908
bol,sex_f,age_ythadult_y15_64,eco_aggregate_x,1999,22.126
bol,sex_f,age_ythadult_y15_64,eco_aggregate_x,2000,21.301
bol,sex_f,age_ythadult_y15_64,eco_aggregate_x,2001,12.651
bol,sex_f,age_ythadult_y15_64,eco_aggregate_x,2014,0.812
bol,sex_f,age_ythadult_y15_64,eco_aggregate_x,2015,1.237
bol,sex_f,age_ythadult_y15_64,eco_isic3_a,1991,3.685
bol,sex_f,age_ythadult_y15_64,eco_isic3_a,1992,4.473
bol,sex_f,age_ythadult_y15_64,eco_isic3_a,1993,2.761
bol,sex_f,age_ythadult_y15_64,eco_isic3_a,1994,2.428
bol,sex_f,age_ythadult_y15_64,eco_isic3_a,1995,5.947
bol,sex_f,age_ythadult_y15_64,eco_isic3_a,2000,471.3
bol,sex_f,age_ythadult_y15_64,eco_isic3_a,2001,564.427
bol,sex_f,age_ythadult_y15_64,eco_isic3_a,2002,498.994
bol,sex_f,age_ythadult_y15_64,eco_isic3_a,2005,544.17
bol,sex_f,age_ythadult_y15_64,eco_isic3_a,2006,590.612
bol,sex_f,age_ythadult_y15_64,eco_isic3_a,2007,595.691
bol,sex_f,age_ythadult_y15_64,eco_isic3_a,2008,568.999
bol,sex_f,age_ythadult_y15_64,eco_isic3_a,2009,570.496
bol,sex_f,age_ythadult_y15_64,eco_isic3_b,2006,3.572
bol,sex_f,age_ythadult_y15_64,eco_isic3_c,1989,3.84
bol,sex_f,age_ythadult_y15_64,eco_isic3_c,1990,0.743
bol,sex_f,age_ythadult_y15_64,eco_isic3_c,1991,1.716
bol,sex_f,age_ythadult_y15_64,eco_isic3_c,1992,0.861
bol,sex_f,age_ythadult_y15_64,eco_isic3_c,1993,1.116
bol,sex_f,age_ythadult_y15_64,eco_isic3_c,1994,1.313
bol,sex_f,age_ythadult_y15_64,eco_isic3_c,1995,1.615
bol,sex_f,age_ythadult_y15_64,eco_isic3_c,1999,19.465
bol,sex_f,age_ythadult_y15_64,eco_isic3_c,2000,6.11
bol,sex_f,age_ythadult_y15_64,eco_isic3_c,2001,3.341
bol,sex_f,age_ythadult_y15_64,eco_isic3_c,2002,3.449
bol,sex_f,age_ythadult_y15_64,eco_isic3_c,2005,10.671
bol,sex_f,age_ythadult_y15_64,eco_isic3_c,2006,4.738
bol,sex_f,age_ythadult_y15_64,eco_isic3_c,2007,1.712
bol,sex_f,age_ythadult_y15_64,eco_isic3_c,2008,5.232
bol,sex_f,age_ythadult_y15_64,eco_isic3_c,2009,3.027
bol,sex_f,age_ythadult_y15_64,eco_isic3_d,1989,35.048
bol,sex_f,age_ythadult_y15_64,eco_isic3_d,1990,37.765
bol,sex_f,age_ythadult_y15_64,eco_isic3_d,1991,53.449
bol,sex_f,age_ythadult_y15_64,eco_isic3_d,1992,62.117
bol,sex_f,age_ythadult_y15_64,eco_isic3_d,1993,66.454
bol,sex_f,age_ythadult_y15_64,eco_isic3_d,1994,74.353
bol,sex_f,age_ythadult_y15_64,eco_isic3_d,1995,78.18
bol,sex_f,age_ythadult_y15_64,eco_isic3_d,1999,154.34
bol,sex_f,age_ythadult_y15_64,eco_isic3_d,2000,132.032
bol,sex_f,age_ythadult_y15_64,eco_isic3_d,2001,134.078
bol,sex_f,age_ythadult_y15_64,eco_isic3_d,2002,155.764
bol,sex_f,age_ythadult_y15_64,eco_isic3_d,2005,156.757
bol,sex_f,age_ythadult_y15_64,eco_isic3_d,2006,177.569
bol,sex_f,age_ythadult_y15_64,eco_isic3_d,2007,162.432
bol,sex_f,age_ythadult_y15_64,eco_isic3_d,2008,193.035
bol,sex_f,age_ythadult_y15_64,eco_isic3_d,2009,197.955
bol,sex_f,age_ythadult_y15_64,eco_isic3_e,1989,0.609
bol,sex_f,age_ythadult_y15_64,eco_isic3_e,1990,0.263
bol,sex_f,age_ythadult_y15_64,eco_isic3_e,1991,0.671
bol,sex_f,age_ythadult_y15_64,eco_isic3_e,1992,0.943
bol,sex_f,age_ythadult_y15_64,eco_isic3_e,1993,0.344
bol,sex_f,age_ythadult_y15_64,eco_isic3_e,1994,0.568
bol,sex_f,age_ythadult_y15_64,eco_isic3_e,1995,1.223
bol,sex_f,age_ythadult_y15_64,eco_isic3_e,1999,55.937
bol,sex_f,age_ythadult_y15_64,eco_isic3_e,2000,1.939
bol,sex_f,age_ythadult_y15_64,eco_isic3_e,2001,3.016
bol,sex_f,age_ythadult_y15_64,eco_isic3_e,2002,1.257
bol,sex_f,age_ythadult_y15_64,eco_isic3_e,2006,0.404
bol,sex_f,age_ythadult_y15_64,eco_isic3_e,2008,3.291
bol,sex_f,age_ythadult_y15_64,eco_isic3_e,2009,1.97
bol,sex_f,age_ythadult_y15_64,eco_isic3_f,1991,2.273
bol,sex_f,age_ythadult_y15_64,eco_isic3_f,1992,1.261
bol,sex_f,age_ythadult_y15_64,eco_isic3_f,1993,1.161
bol,sex_f,age_ythadult_y15_64,eco_isic3_f,1994,2.063
bol,sex_f,age_ythadult_y15_64,eco_isic3_f,1995,2.071
bol,sex_f,age_ythadult_y15_64,eco_isic3_f,2000,8.353
bol,sex_f,age_ythadult_y15_64,eco_isic3_f,2001,5.91
bol,sex_f,age_ythadult_y15_64,eco_isic3_f,2002,10.432
bol,sex_f,age_ythadult_y15_64,eco_isic3_f,2005,20.151
bol,sex_f,age_ythadult_y15_64,eco_isic3_f,2006,2.875
bol,sex_f,age_ythadult_y15_64,eco_isic3_f,2007,5.923
bol,sex_f,age_ythadult_y15_64,eco_isic3_f,2008,13.647
bol,sex_f,age_ythadult_y15_64,eco_isic3_f,2009,13.333
bol,sex_f,age_ythadult_y15_64,eco_isic3_g,1989,1.511
bol,sex_f,age_ythadult_y15_64,eco_isic3_g,1990,1.529
bol,sex_f,age_ythadult_y15_64,eco_isic3_g,1991,132.619
bol,sex_f,age_ythadult_y15_64,eco_isic3_g,1992,139.349
bol,sex_f,age_ythadult_y15_64,eco_isic3_g,1993,156.824
bol,sex_f,age_ythadult_y15_64,eco_isic3_g,1994,176.723
bol,sex_f,age_ythadult_y15_64,eco_isic3_g,1995,183.087
bol,sex_f,age_ythadult_y15_64,eco_isic3_g,1999,388.637
bol,sex_f,age_ythadult_y15_64,eco_isic3_g,2000,320.927
bol,sex_f,age_ythadult_y15_64,eco_isic3_g,2001,309.526
bol,sex_f,age_ythadult_y15_64,eco_isic3_g,2002,317.83
bol,sex_f,age_ythadult_y15_64,eco_isic3_g,2005,357.208
bol,sex_f,age_ythadult_y15_64,eco_isic3_g,2006,358.509
bol,sex_f,age_ythadult_y15_64,eco_isic3_g,2007,361.479
bol,sex_f,age_ythadult_y15_64,eco_isic3_g,2008,476.469
bol,sex_f,age_ythadult_y15_64,eco_isic3_g,2009,427.404
bol,sex_f,age_ythadult_y15_64,eco_isic3_h,1991,28.503
bol,sex_f,age_ythadult_y15_64,eco_isic3_h,1992,24.699
bol,sex_f,age_ythadult_y15_64,eco_isic3_h,1993,36.427
bol,sex_f,age_ythadult_y15_64,eco_isic3_h,1994,47.454
bol,sex_f,age_ythadult_y15_64,eco_isic3_h,1995,48.444
bol,sex_f,age_ythadult_y15_64,eco_isic3_h,2000,80.997
bol,sex_f,age_ythadult_y15_64,eco_isic3_h,2001,93.329
bol,sex_f,age_ythadult_y15_64,eco_isic3_h,2002,122.089
bol,sex_f,age_ythadult_y15_64,eco_isic3_h,2005,122.006
bol,sex_f,age_ythadult_y15_64,eco_isic3_h,2006,124.778
bol,sex_f,age_ythadult_y15_64,eco_isic3_h,2007,111.472
bol,sex_f,age_ythadult_y15_64,eco_isic3_h,2008,143.654
bol,sex_f,age_ythadult_y15_64,eco_isic3_h,2009,164.772
bol,sex_f,age_ythadult_y15_64,eco_isic3_i,1989,154.77
bol,sex_f,age_ythadult_y15_64,eco_isic3_i,1990,148.856
bol,sex_f,age_ythadult_y15_64,eco_isic3_i,1991,4.683
bol,sex_f,age_ythadult_y15_64,eco_isic3_i,1992,4.681
bol,sex_f,age_ythadult_y15_64,eco_isic3_i,1993,4.894
bol,sex_f,age_ythadult_y15_64,eco_isic3_i,1994,5.96
bol,sex_f,age_ythadult_y15_64,eco_isic3_i,1995,5.897
bol,sex_f,age_ythadult_y15_64,eco_isic3_i,1999,590.741
bol,sex_f,age_ythadult_y15_64,eco_isic3_i,2000,14.447
bol,sex_f,age_ythadult_y15_64,eco_isic3_i,2001,20.365
bol,sex_f,age_ythadult_y15_64,eco_isic3_i,2002,12.474
bol,sex_f,age_ythadult_y15_64,eco_isic3_i,2005,24.972
bol,sex_f,age_ythadult_y15_64,eco_isic3_i,2006,34.079
bol,sex_f,age_ythadult_y15_64,eco_isic3_i,2007,29.409
bol,sex_f,age_ythadult_y15_64,eco_isic3_i,2008,52.184
bol,sex_f,age_ythadult_y15_64,eco_isic3_i,2009,42.659
bol,sex_f,age_ythadult_y15_64,eco_isic3_j,1993,5.177
bol,sex_f,age_ythadult_y15_64,eco_isic3_j,1995,5.699
bol,sex_f,age_ythadult_y15_64,eco_isic3_j,2005,9.056
bol,sex_f,age_ythadult_y15_64,eco_isic3_j,2006,9.773
bol,sex_f,age_ythadult_y15_64,eco_isic3_j,2007,10.83
bol,sex_f,age_ythadult_y15_64,eco_isic3_j,2008,15.264
bol,sex_f,age_ythadult_y15_64,eco_isic3_j,2009,17.105
bol,sex_f,age_ythadult_y15_64,eco_isic3_k,1989,5.259
bol,sex_f,age_ythadult_y15_64,eco_isic3_k,1990,3.386
bol,sex_f,age_ythadult_y15_64,eco_isic3_k,1991,7.218
bol,sex_f,age_ythadult_y15_64,eco_isic3_k,1992,9.595
bol,sex_f,age_ythadult_y15_64,eco_isic3_k,1993,9.417
bol,sex_f,age_ythadult_y15_64,eco_isic3_k,1994,11.538
bol,sex_f,age_ythadult_y15_64,eco_isic3_k,1995,11.018
bol,sex_f,age_ythadult_y15_64,eco_isic3_k,1999,139.612
bol,sex_f,age_ythadult_y15_64,eco_isic3_k,2000,23.864
bol,sex_f,age_ythadult_y15_64,eco_isic3_k,2001,32.519
bol,sex_f,age_ythadult_y15_64,eco_isic3_k,2002,26.83
bol,sex_f,age_ythadult_y15_64,eco_isic3_k,2005,38.026
bol,sex_f,age_ythadult_y15_64,eco_isic3_k,2006,50.397
bol,sex_f,age_ythadult_y15_64,eco_isic3_k,2007,41.97
bol,sex_f,age_ythadult_y15_64,eco_isic3_k,2008,48.686
bol,sex_f,age_ythadult_y15_64,eco_isic3_k,2009,68.515
bol,sex_f,age_ythadult_y15_64,eco_isic3_l,1991,11.849
bol,sex_f,age_ythadult_y15_64,eco_isic3_l,1992,11.503
bol,sex_f,age_ythadult_y15_64,eco_isic3_l,1993,14.125
bol,sex_f,age_ythadult_y15_64,eco_isic3_l,1994,11.951
bol,sex_f,age_ythadult_y15_64,eco_isic3_l,1995,13.55
bol,sex_f,age_ythadult_y15_64,eco_isic3_l,2000,19.102
bol,sex_f,age_ythadult_y15_64,eco_isic3_l,2001,14.377
bol,sex_f,age_ythadult_y15_64,eco_isic3_l,2002,17.434
bol,sex_f,age_ythadult_y15_64,eco_isic3_l,2005,28.024
bol,sex_f,age_ythadult_y15_64,eco_isic3_l,2006,33.884
bol,sex_f,age_ythadult_y15_64,eco_isic3_l,2007,44.223
bol,sex_f,age_ythadult_y15_64,eco_isic3_l,2008,61.333
bol,sex_f,age_ythadult_y15_64,eco_isic3_l,2009,40.972
bol,sex_f,age_ythadult_y15_64,eco_isic3_m,1989,6.276
bol,sex_f,age_ythadult_y15_64,eco_isic3_m,1990,8.645
bol,sex_f,age_ythadult_y15_64,eco_isic3_m,1991,40.915
bol,sex_f,age_ythadult_y15_64,eco_isic3_m,1992,37.339
bol,sex_f,age_ythadult_y15_64,eco_isic3_m,1993,42.361
bol,sex_f,age_ythadult_y15_64,eco_isic3_m,1994,45.163
bol,sex_f,age_ythadult_y15_64,eco_isic3_m,1995,41.404
bol,sex_f,age_ythadult_y15_64,eco_isic3_m,2000,90.731
bol,sex_f,age_ythadult_y15_64,eco_isic3_m,2001,89.239
bol,sex_f,age_ythadult_y15_64,eco_isic3_m,2002,78.836
bol,sex_f,age_ythadult_y15_64,eco_isic3_m,2005,100.787
bol,sex_f,age_ythadult_y15_64,eco_isic3_m,2006,124.111
bol,sex_f,age_ythadult_y15_64,eco_isic3_m,2007,130.981
bol,sex_f,age_ythadult_y15_64,eco_isic3_m,2008,124.843
bol,sex_f,age_ythadult_y15_64,eco_isic3_m,2009,159.101
bol,sex_f,age_ythadult_y15_64,eco_isic3_n,1991,15.839
bol,sex_f,age_ythadult_y15_64,eco_isic3_n,1992,15.53
bol,sex_f,age_ythadult_y15_64,eco_isic3_n,1993,20.098
bol,sex_f,age_ythadult_y15_64,eco_isic3_n,1994,19.919
bol,sex_f,age_ythadult_y15_64,eco_isic3_n,1995,22.094
bol,sex_f,age_ythadult_y15_64,eco_isic3_n,2000,30.53
bol,sex_f,age_ythadult_y15_64,eco_isic3_n,2001,31.163
bol,sex_f,age_ythadult_y15_64,eco_isic3_n,2002,39.854
bol,sex_f,age_ythadult_y15_64,eco_isic3_n,2005,42.045
bol,sex_f,age_ythadult_y15_64,eco_isic3_n,2006,63.092
bol,sex_f,age_ythadult_y15_64,eco_isic3_n,2007,68.474
bol,sex_f,age_ythadult_y15_64,eco_isic3_n,2008,67.884
bol,sex_f,age_ythadult_y15_64,eco_isic3_n,2009,91.034
bol,sex_f,age_ythadult_y15_64,eco_isic3_o,1989,67.508
bol,sex_f,age_ythadult_y15_64,eco_isic3_o,1990,66.774
bol,sex_f,age_ythadult_y15_64,eco_isic3_o,1991,21.713
bol,sex_f,age_ythadult_y15_64,eco_isic3_o,1992,25.428
bol,sex_f,age_ythadult_y15_64,eco_isic3_o,1993,15.921
bol,sex_f,age_ythadult_y15_64,eco_isic3_o,1994,17.724
bol,sex_f,age_ythadult_y15_64,eco_isic3_o,1995,16.293
bol,sex_f,age_ythadult_y15_64,eco_isic3_o,1999,178.661
bol,sex_f,age_ythadult_y15_64,eco_isic3_o,2000,54.123
bol,sex_f,age_ythadult_y15_64,eco_isic3_o,2001,51.745
bol,sex_f,age_ythadult_y15_64,eco_isic3_o,2002,59.338
bol,sex_f,age_ythadult_y15_64,eco_isic3_o,2005,75.618
bol,sex_f,age_ythadult_y15_64,eco_isic3_o,2006,70.243
bol,sex_f,age_ythadult_y15_64,eco_isic3_o,2007,76.189
bol,sex_f,age_ythadult_y15_64,eco_isic3_o,2008,58.671
bol,sex_f,age_ythadult_y15_64,eco_isic3_o,2009,70.742
bol,sex_f,age_ythadult_y15_64,eco_isic3_p,1989,79.324
bol,sex_f,age_ythadult_y15_64,eco_isic3_p,1990,85.345
bol,sex_f,age_ythadult_y15_64,eco_isic3_p,1991,54.763
bol,sex_f,age_ythadult_y15_64,eco_isic3_p,1992,51.894
bol,sex_f,age_ythadult_y15_64,eco_isic3_p,1993,72.784
bol,sex_f,age_ythadult_y15_64,eco_isic3_p,1994,64.094
bol,sex_f,age_ythadult_y15_64,eco_isic3_p,1995,73.011
bol,sex_f,age_ythadult_y15_64,eco_isic3_p,2000,123.314
bol,sex_f,age_ythadult_y15_64,eco_isic3_p,2001,120.099
bol,sex_f,age_ythadult_y15_64,eco_isic3_p,2002,104.293
bol,sex_f,age_ythadult_y15_64,eco_isic3_p,2005,97.041
bol,sex_f,age_ythadult_y15_64,eco_isic3_p,2006,105.495
bol,sex_f,age_ythadult_y15_64,eco_isic3_p,2007,149.75
bol,sex_f,age_ythadult_y15_64,eco_isic3_p,2008,95.278
bol,sex_f,age_ythadult_y15_64,eco_isic3_p,2009,107.837
bol,sex_f,age_ythadult_y15_64,eco_isic3_q,1992,2.934
bol,sex_f,age_ythadult_y15_64,eco_isic3_q,1995,1.317
bol,sex_f,age_ythadult_y15_64,eco_isic3_q,2009,5.219
bol,sex_f,age_ythadult_y15_64,eco_isic3_total,1989,358.487
bol,sex_f,age_ythadult_y15_64,eco_isic3_total,1990,359.214
bol,sex_f,age_ythadult_y15_64,eco_isic3_total,1991,384.666
bol,sex_f,age_ythadult_y15_64,eco_isic3_total,1992,396.706
bol,sex_f,age_ythadult_y15_64,eco_isic3_total,1993,450.699
bol,sex_f,age_ythadult_y15_64,eco_isic3_total,1994,486.501
bol,sex_f,age_ythadult_y15_64,eco_isic3_total,1995,511.181
bol,sex_f,age_ythadult_y15_64,eco_isic3_total,1999,1549.519
bol,sex_f,age_ythadult_y15_64,eco_isic3_total,2000,1407.388
bol,sex_f,age_ythadult_y15_64,eco_isic3_total,2001,1490.446
bol,sex_f,age_ythadult_y15_64,eco_isic3_total,2002,1458.395
bol,sex_f,age_ythadult_y15_64,eco_isic3_total,2005,1630.211
bol,sex_f,age_ythadult_y15_64,eco_isic3_total,2006,1754.131
bol,sex_f,age_ythadult_y15_64,eco_isic3_total,2007,1793.824
bol,sex_f,age_ythadult_y15_64,eco_isic3_total,2008,1933.231
bol,sex_f,age_ythadult_y15_64,eco_isic3_total,2009,1984.741
bol,sex_f,age_ythadult_y15_64,eco_isic3_x,1989,4.343
bol,sex_f,age_ythadult_y15_64,eco_isic3_x,1990,5.908
bol,sex_f,age_ythadult_y15_64,eco_isic3_x,1999,22.126
bol,sex_f,age_ythadult_y15_64,eco_isic3_x,2000,21.301
bol,sex_f,age_ythadult_y15_64,eco_isic3_x,2001,12.651
bol,sex_f,age_ythadult_y15_64,eco_isic4_a,2011,658.268
bol,sex_f,age_ythadult_y15_64,eco_isic4_a,2012,568.187
bol,sex_f,age_ythadult_y15_64,eco_isic4_a,2013,606.447
bol,sex_f,age_ythadult_y15_64,eco_isic4_a,2014,608.822
bol,sex_f,age_ythadult_y15_64,eco_isic4_a,2015,528.238
bol,sex_f,age_ythadult_y15_64,eco_isic4_a,2016,521.941
bol,sex_f,age_ythadult_y15_64,eco_isic4_a,2017,565.804
bol,sex_f,age_ythadult_y15_64,eco_isic4_a,2018,630.92
bol,sex_f,age_ythadult_y15_64,eco_isic4_a,2019,593.982
bol,sex_f,age_ythadult_y15_64,eco_isic4_a,2020,567.122
bol,sex_f,age_ythadult_y15_64,eco_isic4_a,2021,660.032
bol,sex_f,age_ythadult_y15_64,eco_isic4_a,2022,626.667
bol,sex_f,age_ythadult_y15_64,eco_isic4_a,2023,643.427
bol,sex_f,age_ythadult_y15_64,eco_isic4_a,2024,619.109
bol,sex_f,age_ythadult_y15_64,eco_isic4_b,2011,13.45
bol,sex_f,age_ythadult_y15_64,eco_isic4_b,2012,19.388
bol,sex_f,age_ythadult_y15_64,eco_isic4_b,2013,16.669
bol,sex_f,age_ythadult_y15_64,eco_isic4_b,2014,8.15
bol,sex_f,age_ythadult_y15_64,eco_isic4_b,2015,11.53
bol,sex_f,age_ythadult_y15_64,eco_isic4_b,2016,9.458
bol,sex_f,age_ythadult_y15_64,eco_isic4_b,2017,7.502
bol,sex_f,age_ythadult_y15_64,eco_isic4_b,2018,7.982
bol,sex_f,age_ythadult_y15_64,eco_isic4_b,2019,4.781
bol,sex_f,age_ythadult_y15_64,eco_isic4_b,2020,7.279
bol,sex_f,age_ythadult_y15_64,eco_isic4_b,2021,5.977
bol,sex_f,age_ythadult_y15_64,eco_isic4_b,2022,9.657
bol,sex_f,age_ythadult_y15_64,eco_isic4_b,2023,7.923
bol,sex_f,age_ythadult_y15_64,eco_isic4_b,2024,8.428
bol,sex_f,age_ythadult_y15_64,eco_isic4_c,2011,105.46
bol,sex_f,age_ythadult_y15_64,eco_isic4_c,2012,104.469
bol,sex_f,age_ythadult_y15_64,eco_isic4_c,2013,104.666
bol,sex_f,age_ythadult_y15_64,eco_isic4_c,2014,171.733
bol,sex_f,age_ythadult_y15_64,eco_isic4_c,2015,142.425
bol,sex_f,age_ythadult_y15_64,eco_isic4_c,2016,181.545
bol,sex_f,age_ythadult_y15_64,eco_isic4_c,2017,186.892
bol,sex_f,age_ythadult_y15_64,eco_isic4_c,2018,218.584
bol,sex_f,age_ythadult_y15_64,eco_isic4_c,2019,264.339
bol,sex_f,age_ythadult_y15_64,eco_isic4_c,2020,185.405
bol,sex_f,age_ythadult_y15_64,eco_isic4_c,2021,312.685
bol,sex_f,age_ythadult_y15_64,eco_isic4_c,2022,322.585
bol,sex_f,age_ythadult_y15_64,eco_isic4_c,2023,341.656
bol,sex_f,age_ythadult_y15_64,eco_isic4_c,2024,387.325
bol,sex_f,age_ythadult_y15_64,eco_isic4_d,2011,0.924
bol,sex_f,age_ythadult_y15_64,eco_isic4_d,2012,3.219
bol,sex_f,age_ythadult_y15_64,eco_isic4_d,2013,0.236
bol,sex_f,age_ythadult_y15_64,eco_isic4_d,2014,1.993
bol,sex_f,age_ythadult_y15_64,eco_isic4_d,2015,2.578
bol,sex_f,age_ythadult_y15_64,eco_isic4_d,2016,1.746
bol,sex_f,age_ythadult_y15_64,eco_isic4_d,2017,0.831
bol,sex_f,age_ythadult_y15_64,eco_isic4_d,2018,0.968
bol,sex_f,age_ythadult_y15_64,eco_isic4_d,2019,1.451
bol,sex_f,age_ythadult_y15_64,eco_isic4_d,2020,2.256
bol,sex_f,age_ythadult_y15_64,eco_isic4_d,2021,3.362
bol,sex_f,age_ythadult_y15_64,eco_isic4_d,2022,4.016
bol,sex_f,age_ythadult_y15_64,eco_isic4_d,2023,4.309
bol,sex_f,age_ythadult_y15_64,eco_isic4_d,2024,5.056
bol,sex_f,age_ythadult_y15_64,eco_isic4_e,2011,1.339
bol,sex_f,age_ythadult_y15_64,eco_isic4_e,2012,4.163
bol,sex_f,age_ythadult_y15_64,eco_isic4_e,2013,2.316
bol,sex_f,age_ythadult_y15_64,eco_isic4_e,2014,1.476
bol,sex_f,age_ythadult_y15_64,eco_isic4_e,2015,1.359
bol,sex_f,age_ythadult_y15_64,eco_isic4_e,2016,0.616
bol,sex_f,age_ythadult_y15_64,eco_isic4_e,2017,1.172
bol,sex_f,age_ythadult_y15_64,eco_isic4_e,2018,1.315
bol,sex_f,age_ythadult_y15_64,eco_isic4_e,2019,1.346
bol,sex_f,age_ythadult_y15_64,eco_isic4_e,2021,1.938
bol,sex_f,age_ythadult_y15_64,eco_isic4_e,2022,1.655
bol,sex_f,age_ythadult_y15_64,eco_isic4_e,2023,2.291
bol,sex_f,age_ythadult_y15_64,eco_isic4_e,2024,1.371
bol,sex_f,age_ythadult_y15_64,eco_isic4_f,2011,15.931
bol,sex_f,age_ythadult_y15_64,eco_isic4_f,2012,14.659
bol,sex_f,age_ythadult_y15_64,eco_isic4_f,2013,11.917
bol,sex_f,age_ythadult_y15_64,eco_isic4_f,2014,21.482
bol,sex_f,age_ythadult_y15_64,eco_isic4_f,2015,15.908
bol,sex_f,age_ythadult_y15_64,eco_isic4_f,2016,14.034
bol,sex_f,age_ythadult_y15_64,eco_isic4_f,2017,12.466
bol,sex_f,age_ythadult_y15_64,eco_isic4_f,2018,12.87
bol,sex_f,age_ythadult_y15_64,eco_isic4_f,2019,13.732
bol,sex_f,age_ythadult_y15_64,eco_isic4_f,2020,9.212
bol,sex_f,age_ythadult_y15_64,eco_isic4_f,2021,13.776
bol,sex_f,age_ythadult_y15_64,eco_isic4_f,2022,13.848
bol,sex_f,age_ythadult_y15_64,eco_isic4_f,2023,14.945
bol,sex_f,age_ythadult_y15_64,eco_isic4_f,2024,17.883
bol,sex_f,age_ythadult_y15_64,eco_isic4_g,2011,453.619
bol,sex_f,age_ythadult_y15_64,eco_isic4_g,2012,449.913
bol,sex_f,age_ythadult_y15_64,eco_isic4_g,2013,452.712
bol,sex_f,age_ythadult_y15_64,eco_isic4_g,2014,477.742
bol,sex_f,age_ythadult_y15_64,eco_isic4_g,2015,431.766
bol,sex_f,age_ythadult_y15_64,eco_isic4_g,2016,442.429
bol,sex_f,age_ythadult_y15_64,eco_isic4_g,2017,467.823
bol,sex_f,age_ythadult_y15_64,eco_isic4_g,2018,521.064
bol,sex_f,age_ythadult_y15_64,eco_isic4_g,2019,540.493
bol,sex_f,age_ythadult_y15_64,eco_isic4_g,2020,556.71
bol,sex_f,age_ythadult_y15_64,eco_isic4_g,2021,660.234
bol,sex_f,age_ythadult_y15_64,eco_isic4_g,2022,675.912
bol,sex_f,age_ythadult_y15_64,eco_isic4_g,2023,673.179
bol,sex_f,age_ythadult_y15_64,eco_isic4_g,2024,690.444
bol,sex_f,age_ythadult_y15_64,eco_isic4_h,2011,18.133
bol,sex_f,age_ythadult_y15_64,eco_isic4_h,2012,15.23
bol,sex_f,age_ythadult_y15_64,eco_isic4_h,2013,13.687
bol,sex_f,age_ythadult_y15_64,eco_isic4_h,2014,16.514
bol,sex_f,age_ythadult_y15_64,eco_isic4_h,2015,17.551
bol,sex_f,age_ythadult_y15_64,eco_isic4_h,2016,16.113
bol,sex_f,age_ythadult_y15_64,eco_isic4_h,2017,16.435
bol,sex_f,age_ythadult_y15_64,eco_isic4_h,2018,16.9
bol,sex_f,age_ythadult_y15_64,eco_isic4_h,2019,15.249
bol,sex_f,age_ythadult_y15_64,eco_isic4_h,2020,13.549
bol,sex_f,age_ythadult_y15_64,eco_isic4_h,2021,17.756
bol,sex_f,age_ythadult_y15_64,eco_isic4_h,2022,17.591
bol,sex_f,age_ythadult_y15_64,eco_isic4_h,2023,20.286
bol,sex_f,age_ythadult_y15_64,eco_isic4_h,2024,25.126
bol,sex_f,age_ythadult_y15_64,eco_isic4_i,2011,173.552
bol,sex_f,age_ythadult_y15_64,eco_isic4_i,2012,193.46
bol,sex_f,age_ythadult_y15_64,eco_isic4_i,2013,191.336
bol,sex_f,age_ythadult_y15_64,eco_isic4_i,2014,199.5
bol,sex_f,age_ythadult_y15_64,eco_isic4_i,2015,227.535
bol,sex_f,age_ythadult_y15_64,eco_isic4_i,2016,221.553
bol,sex_f,age_ythadult_y15_64,eco_isic4_i,2017,244.911
bol,sex_f,age_ythadult_y15_64,eco_isic4_i,2018,277.027
bol,sex_f,age_ythadult_y15_64,eco_isic4_i,2019,314.894
bol,sex_f,age_ythadult_y15_64,eco_isic4_i,2020,262.835
bol,sex_f,age_ythadult_y15_64,eco_isic4_i,2021,345.382
bol,sex_f,age_ythadult_y15_64,eco_isic4_i,2022,407.296
bol,sex_f,age_ythadult_y15_64,eco_isic4_i,2023,407.238
bol,sex_f,age_ythadult_y15_64,eco_isic4_i,2024,435.75
bol,sex_f,age_ythadult_y15_64,eco_isic4_j,2011,20.585
bol,sex_f,age_ythadult_y15_64,eco_isic4_j,2012,16.915
bol,sex_f,age_ythadult_y15_64,eco_isic4_j,2013,16.743
bol,sex_f,age_ythadult_y15_64,eco_isic4_j,2014,20.421
bol,sex_f,age_ythadult_y15_64,eco_isic4_j,2015,13.341
bol,sex_f,age_ythadult_y15_64,eco_isic4_j,2016,12.7
bol,sex_f,age_ythadult_y15_64,eco_isic4_j,2017,12.754
bol,sex_f,age_ythadult_y15_64,eco_isic4_j,2018,13.482
bol,sex_f,age_ythadult_y15_64,eco_isic4_j,2019,11.664
bol,sex_f,age_ythadult_y15_64,eco_isic4_j,2020,8.892
bol,sex_f,age_ythadult_y15_64,eco_isic4_j,2021,6.947
bol,sex_f,age_ythadult_y15_64,eco_isic4_j,2022,7.034
bol,sex_f,age_ythadult_y15_64,eco_isic4_j,2023,8.157
bol,sex_f,age_ythadult_y15_64,eco_isic4_j,2024,8.002
bol,sex_f,age_ythadult_y15_64,eco_isic4_k,2011,21.23
bol,sex_f,age_ythadult_y15_64,eco_isic4_k,2012,18.944
bol,sex_f,age_ythadult_y15_64,eco_isic4_k,2013,29.008
bol,sex_f,age_ythadult_y15_64,eco_isic4_k,2014,22.823
bol,sex_f,age_ythadult_y15_64,eco_isic4_k,2015,22.928
bol,sex_f,age_ythadult_y15_64,eco_isic4_k,2016,19.331
bol,sex_f,age_ythadult_y15_64,eco_isic4_k,2017,21.847
bol,sex_f,age_ythadult_y15_64,eco_isic4_k,2018,21.724
bol,sex_f,age_ythadult_y15_64,eco_isic4_k,2019,18.046
bol,sex_f,age_ythadult_y15_64,eco_isic4_k,2020,27.166
bol,sex_f,age_ythadult_y15_64,eco_isic4_k,2021,26.685
bol,sex_f,age_ythadult_y15_64,eco_isic4_k,2022,24.693
bol,sex_f,age_ythadult_y15_64,eco_isic4_k,2023,23.515
bol,sex_f,age_ythadult_y15_64,eco_isic4_k,2024,22.469
bol,sex_f,age_ythadult_y15_64,eco_isic4_l,2012,3.313
bol,sex_f,age_ythadult_y15_64,eco_isic4_l,2013,3.403
bol,sex_f,age_ythadult_y15_64,eco_isic4_l,2014,3.947
bol,sex_f,age_ythadult_y15_64,eco_isic4_l,2015,3.596
bol,sex_f,age_ythadult_y15_64,eco_isic4_l,2016,8.004
bol,sex_f,age_ythadult_y15_64,eco_isic4_l,2017,9.948
bol,sex_f,age_ythadult_y15_64,eco_isic4_l,2018,9.937
bol,sex_f,age_ythadult_y15_64,eco_isic4_l,2019,11.308
bol,sex_f,age_ythadult_y15_64,eco_isic4_l,2020,5.733
bol,sex_f,age_ythadult_y15_64,eco_isic4_l,2021,11.717
bol,sex_f,age_ythadult_y15_64,eco_isic4_l,2022,10.734
bol,sex_f,age_ythadult_y15_64,eco_isic4_l,2023,12.994
bol,sex_f,age_ythadult_y15_64,eco_isic4_l,2024,11.483
bol,sex_f,age_ythadult_y15_64,eco_isic4_m,2011,41.536
bol,sex_f,age_ythadult_y15_64,eco_isic4_m,2012,47.161
bol,sex_f,age_ythadult_y15_64,eco_isic4_m,2013,44.785
bol,sex_f,age_ythadult_y15_64,eco_isic4_m,2014,42.61
bol,sex_f,age_ythadult_y15_64,eco_isic4_m,2015,41.117
bol,sex_f,age_ythadult_y15_64,eco_isic4_m,2016,33.966
bol,sex_f,age_ythadult_y15_64,eco_isic4_m,2017,33.995
bol,sex_f,age_ythadult_y15_64,eco_isic4_m,2018,34.022
bol,sex_f,age_ythadult_y15_64,eco_isic4_m,2019,37.017
bol,sex_f,age_ythadult_y15_64,eco_isic4_m,2020,51.091
bol,sex_f,age_ythadult_y15_64,eco_isic4_m,2021,45.053
bol,sex_f,age_ythadult_y15_64,eco_isic4_m,2022,55.322
bol,sex_f,age_ythadult_y15_64,eco_isic4_m,2023,56.729
bol,sex_f,age_ythadult_y15_64,eco_isic4_m,2024,55.598
bol,sex_f,age_ythadult_y15_64,eco_isic4_n,2011,19.817
bol,sex_f,age_ythadult_y15_64,eco_isic4_n,2012,27.808
bol,sex_f,age_ythadult_y15_64,eco_isic4_n,2013,23.829
bol,sex_f,age_ythadult_y15_64,eco_isic4_n,2014,23.733
bol,sex_f,age_ythadult_y15_64,eco_isic4_n,2015,27.743
bol,sex_f,age_ythadult_y15_64,eco_isic4_n,2016,25.319
bol,sex_f,age_ythadult_y15_64,eco_isic4_n,2017,25.837
bol,sex_f,age_ythadult_y15_64,eco_isic4_n,2018,35.46
bol,sex_f,age_ythadult_y15_64,eco_isic4_n,2019,43.194
bol,sex_f,age_ythadult_y15_64,eco_isic4_n,2020,30.783
bol,sex_f,age_ythadult_y15_64,eco_isic4_n,2021,51.107
bol,sex_f,age_ythadult_y15_64,eco_isic4_n,2022,55.771
bol,sex_f,age_ythadult_y15_64,eco_isic4_n,2023,63.543
bol,sex_f,age_ythadult_y15_64,eco_isic4_n,2024,71.269
bol,sex_f,age_ythadult_y15_64,eco_isic4_o,2011,51.639
bol,sex_f,age_ythadult_y15_64,eco_isic4_o,2012,46.194
bol,sex_f,age_ythadult_y15_64,eco_isic4_o,2013,60.816
bol,sex_f,age_ythadult_y15_64,eco_isic4_o,2014,60.25
bol,sex_f,age_ythadult_y15_64,eco_isic4_o,2015,57.504
bol,sex_f,age_ythadult_y15_64,eco_isic4_o,2016,47.937
bol,sex_f,age_ythadult_y15_64,eco_isic4_o,2017,40.574
bol,sex_f,age_ythadult_y15_64,eco_isic4_o,2018,49.426
bol,sex_f,age_ythadult_y15_64,eco_isic4_o,2019,49.562
bol,sex_f,age_ythadult_y15_64,eco_isic4_o,2020,51.165
bol,sex_f,age_ythadult_y15_64,eco_isic4_o,2021,40.307
bol,sex_f,age_ythadult_y15_64,eco_isic4_o,2022,45.958
bol,sex_f,age_ythadult_y15_64,eco_isic4_o,2023,46.703
bol,sex_f,age_ythadult_y15_64,eco_isic4_o,2024,50.746
bol,sex_f,age_ythadult_y15_64,eco_isic4_p,2011,142.683
bol,sex_f,age_ythadult_y15_64,eco_isic4_p,2012,143.934
bol,sex_f,age_ythadult_y15_64,eco_isic4_p,2013,145.892
bol,sex_f,age_ythadult_y15_64,eco_isic4_p,2014,138.084
bol,sex_f,age_ythadult_y15_64,eco_isic4_p,2015,119.856
bol,sex_f,age_ythadult_y15_64,eco_isic4_p,2016,139.035
bol,sex_f,age_ythadult_y15_64,eco_isic4_p,2017,138.275
bol,sex_f,age_ythadult_y15_64,eco_isic4_p,2018,138.016
bol,sex_f,age_ythadult_y15_64,eco_isic4_p,2019,152.816
bol,sex_f,age_ythadult_y15_64,eco_isic4_p,2020,129.916
bol,sex_f,age_ythadult_y15_64,eco_isic4_p,2021,138.189
bol,sex_f,age_ythadult_y15_64,eco_isic4_p,2022,150.6
bol,sex_f,age_ythadult_y15_64,eco_isic4_p,2023,174.234
bol,sex_f,age_ythadult_y15_64,eco_isic4_p,2024,170.622
bol,sex_f,age_ythadult_y15_64,eco_isic4_q,2011,84.625
bol,sex_f,age_ythadult_y15_64,eco_isic4_q,2012,83.712
bol,sex_f,age_ythadult_y15_64,eco_isic4_q,2013,110.415
bol,sex_f,age_ythadult_y15_64,eco_isic4_q,2014,87.7
bol,sex_f,age_ythadult_y15_64,eco_isic4_q,2015,80.083
bol,sex_f,age_ythadult_y15_64,eco_isic4_q,2016,85.751
bol,sex_f,age_ythadult_y15_64,eco_isic4_q,2017,83.172
bol,sex_f,age_ythadult_y15_64,eco_isic4_q,2018,88.152
bol,sex_f,age_ythadult_y15_64,eco_isic4_q,2019,98.065
bol,sex_f,age_ythadult_y15_64,eco_isic4_q,2020,109.108
bol,sex_f,age_ythadult_y15_64,eco_isic4_q,2021,108.022
bol,sex_f,age_ythadult_y15_64,eco_isic4_q,2022,122.166
bol,sex_f,age_ythadult_y15_64,eco_isic4_q,2023,129.494
bol,sex_f,age_ythadult_y15_64,eco_isic4_q,2024,141.773
bol,sex_f,age_ythadult_y15_64,eco_isic4_r,2011,9.129
bol,sex_f,age_ythadult_y15_64,eco_isic4_r,2012,6.035
bol,sex_f,age_ythadult_y15_64,eco_isic4_r,2013,7.628
bol,sex_f,age_ythadult_y15_64,eco_isic4_r,2014,8.041
bol,sex_f,age_ythadult_y15_64,eco_isic4_r,2015,5.632
bol,sex_f,age_ythadult_y15_64,eco_isic4_r,2016,6.702
bol,sex_f,age_ythadult_y15_64,eco_isic4_r,2017,8.667
bol,sex_f,age_ythadult_y15_64,eco_isic4_r,2018,9.231
bol,sex_f,age_ythadult_y15_64,eco_isic4_r,2019,10.085
bol,sex_f,age_ythadult_y15_64,eco_isic4_r,2020,6.17
bol,sex_f,age_ythadult_y15_64,eco_isic4_r,2021,6.872
bol,sex_f,age_ythadult_y15_64,eco_isic4_r,2022,8.429
bol,sex_f,age_ythadult_y15_64,eco_isic4_r,2023,11.601
bol,sex_f,age_ythadult_y15_64,eco_isic4_r,2024,13.139
bol,sex_f,age_ythadult_y15_64,eco_isic4_s,2011,58.566
bol,sex_f,age_ythadult_y15_64,eco_isic4_s,2012,43.105
bol,sex_f,age_ythadult_y15_64,eco_isic4_s,2013,53.634
bol,sex_f,age_ythadult_y15_64,eco_isic4_s,2014,55.271
bol,sex_f,age_ythadult_y15_64,eco_isic4_s,2015,50.834
bol,sex_f,age_ythadult_y15_64,eco_isic4_s,2016,49.241
bol,sex_f,age_ythadult_y15_64,eco_isic4_s,2017,50.338
bol,sex_f,age_ythadult_y15_64,eco_isic4_s,2018,57.517
bol,sex_f,age_ythadult_y15_64,eco_isic4_s,2019,74.353
bol,sex_f,age_ythadult_y15_64,eco_isic4_s,2020,60.377
bol,sex_f,age_ythadult_y15_64,eco_isic4_s,2021,77.546
bol,sex_f,age_ythadult_y15_64,eco_isic4_s,2022,87.882
bol,sex_f,age_ythadult_y15_64,eco_isic4_s,2023,87.137
bol,sex_f,age_ythadult_y15_64,eco_isic4_s,2024,106.573
bol,sex_f,age_ythadult_y15_64,eco_isic4_t,2011,91.621
bol,sex_f,age_ythadult_y15_64,eco_isic4_t,2012,116.897
bol,sex_f,age_ythadult_y15_64,eco_isic4_t,2013,106.458
bol,sex_f,age_ythadult_y15_64,eco_isic4_t,2014,98.191
bol,sex_f,age_ythadult_y15_64,eco_isic4_t,2015,73.655
bol,sex_f,age_ythadult_y15_64,eco_isic4_t,2016,84.627
bol,sex_f,age_ythadult_y15_64,eco_isic4_t,2017,93.58
bol,sex_f,age_ythadult_y15_64,eco_isic4_t,2018,85.665
bol,sex_f,age_ythadult_y15_64,eco_isic4_t,2019,96.885
bol,sex_f,age_ythadult_y15_64,eco_isic4_t,2020,70.226
bol,sex_f,age_ythadult_y15_64,eco_isic4_t,2021,97.001
bol,sex_f,age_ythadult_y15_64,eco_isic4_t,2022,115.636
bol,sex_f,age_ythadult_y15_64,eco_isic4_t,2023,125.994
bol,sex_f,age_ythadult_y15_64,eco_isic4_t,2024,130.545
bol,sex_f,age_ythadult_y15_64,eco_isic4_total,2011,1986.196
bol,sex_f,age_ythadult_y15_64,eco_isic4_total,2012,1926.899
bol,sex_f,age_ythadult_y15_64,eco_isic4_total,2013,2002.597
bol,sex_f,age_ythadult_y15_64,eco_isic4_total,2014,2069.889
bol,sex_f,age_ythadult_y15_64,eco_isic4_total,2015,1878.723
bol,sex_f,age_ythadult_y15_64,eco_isic4_total,2016,1923.088
bol,sex_f,age_ythadult_y15_64,eco_isic4_total,2017,2023.405
bol,sex_f,age_ythadult_y15_64,eco_isic4_total,2018,2230.262
bol,sex_f,age_ythadult_y15_64,eco_isic4_total,2019,2353.734
bol,sex_f,age_ythadult_y15_64,eco_isic4_total,2020,2158.9
bol,sex_f,age_ythadult_y15_64,eco_isic4_total,2021,2631.539
bol,sex_f,age_ythadult_y15_64,eco_isic4_total,2022,2764.878
bol,sex_f,age_ythadult_y15_64,eco_isic4_total,2023,2856.528
bol,sex_f,age_ythadult_y15_64,eco_isic4_total,2024,2973.824
bol,sex_f,age_ythadult_y15_64,eco_isic4_u,2015,2.307
bol,sex_f,age_ythadult_y15_64,eco_isic4_u,2016,0.964
bol,sex_f,age_ythadult_y15_64,eco_isic4_u,2017,0.18
bol,sex_f,age_ythadult_y15_64,eco_isic4_u,2019,0.474
bol,sex_f,age_ythadult_y15_64,eco_isic4_x,2014,0.812
bol,sex_f,age_ythadult_y15_64,eco_isic4_x,2015,1.237
bol,sex_f,age_ythadult_y15_64,eco_sector_agr,1991,3.685
bol,sex_f,age_ythadult_y15_64,eco_sector_agr,1992,4.473
bol,sex_f,age_ythadult_y15_64,eco_sector_agr,1993,2.761
bol,sex_f,age_ythadult_y15_64,eco_sector_agr,1994,2.428
bol,sex_f,age_ythadult_y15_64,eco_sector_agr,1995,5.947
bol,sex_f,age_ythadult_y15_64,eco_sector_agr,2000,471.3
bol,sex_f,age_ythadult_y15_64,eco_sector_agr,2001,564.427
bol,sex_f,age_ythadult_y15_64,eco_sector_agr,2002,499.515
bol,sex_f,age_ythadult_y15_64,eco_sector_agr,2005,544.743
bol,sex_f,age_ythadult_y15_64,eco_sector_agr,2006,594.184
bol,sex_f,age_ythadult_y15_64,eco_sector_agr,2007,595.691
bol,sex_f,age_ythadult_y15_64,eco_sector_agr,2008,571.528
bol,sex_f,age_ythadult_y15_64,eco_sector_agr,2009,573.096
bol,sex_f,age_ythadult_y15_64,eco_sector_agr,2011,658.268
bol,sex_f,age_ythadult_y15_64,eco_sector_agr,2012,568.187
bol,sex_f,age_ythadult_y15_64,eco_sector_agr,2013,606.447
bol,sex_f,age_ythadult_y15_64,eco_sector_agr,2014,608.822
bol,sex_f,age_ythadult_y15_64,eco_sector_agr,2015,528.238
bol,sex_f,age_ythadult_y15_64,eco_sector_agr,2016,521.941
bol,sex_f,age_ythadult_y15_64,eco_sector_agr,2017,565.804
bol,sex_f,age_ythadult_y15_64,eco_sector_agr,2018,630.92
bol,sex_f,age_ythadult_y15_64,eco_sector_agr,2019,593.982
bol,sex_f,age_ythadult_y15_64,eco_sector_agr,2020,567.122
bol,sex_f,age_ythadult_y15_64,eco_sector_agr,2021,660.032
bol,sex_f,age_ythadult_y15_64,eco_sector_agr,2022,626.667
bol,sex_f,age_ythadult_y15_64,eco_sector_agr,2023,643.427
bol,sex_f,age_ythadult_y15_64,eco_sector_agr,2024,619.109
bol,sex_f,age_ythadult_y15_64,eco_sector_ind,1989,39.496
bol,sex_f,age_ythadult_y15_64,eco_sector_ind,1990,38.771
bol,sex_f,age_ythadult_y15_64,eco_sector_ind,1991,58.109
bol,sex_f,age_ythadult_y15_64,eco_sector_ind,1992,65.182
bol,sex_f,age_ythadult_y15_64,eco_sector_ind,1993,69.075
bol,sex_f,age_ythadult_y15_64,eco_sector_ind,1994,78.297
bol,sex_f,age_ythadult_y15_64,eco_sector_ind,1995,83.089
bol,sex_f,age_ythadult_y15_64,eco_sector_ind,1999,229.742
bol,sex_f,age_ythadult_y15_64,eco_sector_ind,2000,148.434
bol,sex_f,age_ythadult_y15_64,eco_sector_ind,2001,146.345
bol,sex_f,age_ythadult_y15_64,eco_sector_ind,2002,170.902
bol,sex_f,age_ythadult_y15_64,eco_sector_ind,2005,190.489
bol,sex_f,age_ythadult_y15_64,eco_sector_ind,2006,185.586
bol,sex_f,age_ythadult_y15_64,eco_sector_ind,2007,171.681
bol,sex_f,age_ythadult_y15_64,eco_sector_ind,2008,215.205
bol,sex_f,age_ythadult_y15_64,eco_sector_ind,2009,216.285
bol,sex_f,age_ythadult_y15_64,eco_sector_ind,2011,137.104
bol,sex_f,age_ythadult_y15_64,eco_sector_ind,2012,145.898
bol,sex_f,age_ythadult_y15_64,eco_sector_ind,2013,135.804
bol,sex_f,age_ythadult_y15_64,eco_sector_ind,2014,204.834
bol,sex_f,age_ythadult_y15_64,eco_sector_ind,2015,173.8
bol,sex_f,age_ythadult_y15_64,eco_sector_ind,2016,207.399
bol,sex_f,age_ythadult_y15_64,eco_sector_ind,2017,208.863
bol,sex_f,age_ythadult_y15_64,eco_sector_ind,2018,241.719
bol,sex_f,age_ythadult_y15_64,eco_sector_ind,2019,285.648
bol,sex_f,age_ythadult_y15_64,eco_sector_ind,2020,204.856
bol,sex_f,age_ythadult_y15_64,eco_sector_ind,2021,337.738
bol,sex_f,age_ythadult_y15_64,eco_sector_ind,2022,351.76
bol,sex_f,age_ythadult_y15_64,eco_sector_ind,2023,371.124
bol,sex_f,age_ythadult_y15_64,eco_sector_ind,2024,420.064
bol,sex_f,age_ythadult_y15_64,eco_sector_nag,1989,358.487
bol,sex_f,age_ythadult_y15_64,eco_sector_nag,1990,359.214
bol,sex_f,age_ythadult_y15_64,eco_sector_nag,1991,380.981
bol,sex_f,age_ythadult_y15_64,eco_sector_nag,1992,392.233
bol,sex_f,age_ythadult_y15_64,eco_sector_nag,1993,447.938
bol,sex_f,age_ythadult_y15_64,eco_sector_nag,1994,484.073
bol,sex_f,age_ythadult_y15_64,eco_sector_nag,1995,505.234
bol,sex_f,age_ythadult_y15_64,eco_sector_nag,1999,1549.519
bol,sex_f,age_ythadult_y15_64,eco_sector_nag,2000,936.088
bol,sex_f,age_ythadult_y15_64,eco_sector_nag,2001,926.019
bol,sex_f,age_ythadult_y15_64,eco_sector_nag,2002,958.88
bol,sex_f,age_ythadult_y15_64,eco_sector_nag,2005,1085.468
bol,sex_f,age_ythadult_y15_64,eco_sector_nag,2006,1159.947
bol,sex_f,age_ythadult_y15_64,eco_sector_nag,2007,1198.133
bol,sex_f,age_ythadult_y15_64,eco_sector_nag,2008,1361.703
bol,sex_f,age_ythadult_y15_64,eco_sector_nag,2009,1411.645
bol,sex_f,age_ythadult_y15_64,eco_sector_nag,2011,1327.928
bol,sex_f,age_ythadult_y15_64,eco_sector_nag,2012,1358.712
bol,sex_f,age_ythadult_y15_64,eco_sector_nag,2013,1396.15
bol,sex_f,age_ythadult_y15_64,eco_sector_nag,2014,1461.067
bol,sex_f,age_ythadult_y15_64,eco_sector_nag,2015,1350.485
bol,sex_f,age_ythadult_y15_64,eco_sector_nag,2016,1401.147
bol,sex_f,age_ythadult_y15_64,eco_sector_nag,2017,1457.601
bol,sex_f,age_ythadult_y15_64,eco_sector_nag,2018,1599.342
bol,sex_f,age_ythadult_y15_64,eco_sector_nag,2019,1759.753
bol,sex_f,age_ythadult_y15_64,eco_sector_nag,2020,1591.778
bol,sex_f,age_ythadult_y15_64,eco_sector_nag,2021,1971.507
bol,sex_f,age_ythadult_y15_64,eco_sector_nag,2022,2138.211
bol,sex_f,age_ythadult_y15_64,eco_sector_nag,2023,2213.101
bol,sex_f,age_ythadult_y15_64,eco_sector_nag,2024,2354.715
bol,sex_f,age_ythadult_y15_64,eco_sector_ser,1989,314.648
bol,sex_f,age_ythadult_y15_64,eco_sector_ser,1990,314.535
bol,sex_f,age_ythadult_y15_64,eco_sector_ser,1991,322.849
bol,sex_f,age_ythadult_y15_64,eco_sector_ser,1992,326.904
bol,sex_f,age_ythadult_y15_64,eco_sector_ser,1993,378.863
bol,sex_f,age_ythadult_y15_64,eco_sector_ser,1994,405.605
bol,sex_f,age_ythadult_y15_64,eco_sector_ser,1995,421.814
bol,sex_f,age_ythadult_y15_64,eco_sector_ser,1999,1297.651
bol,sex_f,age_ythadult_y15_64,eco_sector_ser,2000,766.353
bol,sex_f,age_ythadult_y15_64,eco_sector_ser,2001,767.023
bol,sex_f,age_ythadult_y15_64,eco_sector_ser,2002,787.978
bol,sex_f,age_ythadult_y15_64,eco_sector_ser,2005,894.979
bol,sex_f,age_ythadult_y15_64,eco_sector_ser,2006,974.361
bol,sex_f,age_ythadult_y15_64,eco_sector_ser,2007,1026.452
bol,sex_f,age_ythadult_y15_64,eco_sector_ser,2008,1146.498
bol,sex_f,age_ythadult_y15_64,eco_sector_ser,2009,1195.36
bol,sex_f,age_ythadult_y15_64,eco_sector_ser,2011,1190.824
bol,sex_f,age_ythadult_y15_64,eco_sector_ser,2012,1212.814
bol,sex_f,age_ythadult_y15_64,eco_sector_ser,2013,1260.346
bol,sex_f,age_ythadult_y15_64,eco_sector_ser,2014,1255.421
bol,sex_f,age_ythadult_y15_64,eco_sector_ser,2015,1175.448
bol,sex_f,age_ythadult_y15_64,eco_sector_ser,2016,1193.671
bol,sex_f,age_ythadult_y15_64,eco_sector_ser,2017,1248.336
bol,sex_f,age_ythadult_y15_64,eco_sector_ser,2018,1357.623
bol,sex_f,age_ythadult_y15_64,eco_sector_ser,2019,1474.104
bol,sex_f,age_ythadult_y15_64,eco_sector_ser,2020,1384.988
bol,sex_f,age_ythadult_y15_64,eco_sector_ser,2021,1633.066
bol,sex_f,age_ythadult_y15_64,eco_sector_ser,2022,1785.545
bol,sex_f,age_ythadult_y15_64,eco_sector_ser,2023,1841.113
bol,sex_f,age_ythadult_y15_64,eco_sector_ser,2024,1933.956
bol,sex_f,age_ythadult_y15_64,eco_sector_total,1989,358.487
bol,sex_f,age_ythadult_y15_64,eco_sector_total,1990,359.214
bol,sex_f,age_ythadult_y15_64,eco_sector_total,1991,384.666
bol,sex_f,age_ythadult_y15_64,eco_sector_total,1992,396.706
bol,sex_f,age_ythadult_y15_64,eco_sector_total,1993,450.699
bol,sex_f,age_ythadult_y15_64,eco_sector_total,1994,486.501
bol,sex_f,age_ythadult_y15_64,eco_sector_total,1995,511.181
bol,sex_f,age_ythadult_y15_64,eco_sector_total,1999,1549.519
bol,sex_f,age_ythadult_y15_64,eco_sector_total,2000,1407.388
bol,sex_f,age_ythadult_y15_64,eco_sector_total,2001,1490.446
bol,sex_f,age_ythadult_y15_64,eco_sector_total,2002,1458.395
bol,sex_f,age_ythadult_y15_64,eco_sector_total,2005,1630.211
bol,sex_f,age_ythadult_y15_64,eco_sector_total,2006,1754.131
bol,sex_f,age_ythadult_y15_64,eco_sector_total,2007,1793.824
bol,sex_f,age_ythadult_y15_64,eco_sector_total,2008,1933.231
bol,sex_f,age_ythadult_y15_64,eco_sector_total,2009,1984.741
bol,sex_f,age_ythadult_y15_64,eco_sector_total,2011,1986.196
bol,sex_f,age_ythadult_y15_64,eco_sector_total,2012,1926.899
bol,sex_f,age_ythadult_y15_64,eco_sector_total,2013,2002.597
bol,sex_f,age_ythadult_y15_64,eco_sector_total,2014,2069.889
bol,sex_f,age_ythadult_y15_64,eco_sector_total,2015,1878.723
bol,sex_f,age_ythadult_y15_64,eco_sector_total,2016,1923.088
bol,sex_f,age_ythadult_y15_64,eco_sector_total,2017,2023.405
bol,sex_f,age_ythadult_y15_64,eco_sector_total,2018,2230.262
bol,sex_f,age_ythadult_y15_64,eco_sector_total,2019,2353.734
bol,sex_f,age_ythadult_y15_64,eco_sector_total,2020,2158.9
bol,sex_f,age_ythadult_y15_64,eco_sector_total,2021,2631.539
bol,sex_f,age_ythadult_y15_64,eco_sector_total,2022,2764.878
bol,sex_f,age_ythadult_y15_64,eco_sector_total,2023,2856.528
bol,sex_f,age_ythadult_y15_64,eco_sector_total,2024,2973.824
bol,sex_f,age_ythadult_y15_64,eco_sector_x,1989,4.343
bol,sex_f,age_ythadult_y15_64,eco_sector_x,1990,5.908
bol,sex_f,age_ythadult_y15_64,eco_sector_x,1999,22.126
bol,sex_f,age_ythadult_y15_64,eco_sector_x,2000,21.301
bol,sex_f,age_ythadult_y15_64,eco_sector_x,2001,12.651
bol,sex_f,age_ythadult_y15_64,eco_sector_x,2014,0.812
bol,sex_f,age_ythadult_y15_64,eco_sector_x,2015,1.237
bol,sex_f,age_ythadult_yge15,eco_aggregate_agr,1991,3.977
bol,sex_f,age_ythadult_yge15,eco_aggregate_agr,1992,4.89
bol,sex_f,age_ythadult_yge15,eco_aggregate_agr,1993,2.969
bol,sex_f,age_ythadult_yge15,eco_aggregate_agr,1994,2.428
bol,sex_f,age_ythadult_yge15,eco_aggregate_agr,1995,5.947
bol,sex_f,age_ythadult_yge15,eco_aggregate_agr,2000,526.651
bol,sex_f,age_ythadult_yge15,eco_aggregate_agr,2001,635.52
bol,sex_f,age_ythadult_yge15,eco_aggregate_agr,2002,559.281
bol,sex_f,age_ythadult_yge15,eco_aggregate_agr,2005,634.598
bol,sex_f,age_ythadult_yge15,eco_aggregate_agr,2006,668.749
bol,sex_f,age_ythadult_yge15,eco_aggregate_agr,2007,696.866
bol,sex_f,age_ythadult_yge15,eco_aggregate_agr,2008,649.194
bol,sex_f,age_ythadult_yge15,eco_aggregate_agr,2009,650.919
bol,sex_f,age_ythadult_yge15,eco_aggregate_agr,2011,735.44
bol,sex_f,age_ythadult_yge15,eco_aggregate_agr,2012,643.434
bol,sex_f,age_ythadult_yge15,eco_aggregate_agr,2013,724.969
bol,sex_f,age_ythadult_yge15,eco_aggregate_agr,2014,705.696
bol,sex_f,age_ythadult_yge15,eco_aggregate_agr,2015,625.73
bol,sex_f,age_ythadult_yge15,eco_aggregate_agr,2016,611.269
bol,sex_f,age_ythadult_yge15,eco_aggregate_agr,2017,682.077
bol,sex_f,age_ythadult_yge15,eco_aggregate_agr,2018,764.4
bol,sex_f,age_ythadult_yge15,eco_aggregate_agr,2019,709.567
bol,sex_f,age_ythadult_yge15,eco_aggregate_agr,2020,693.808
bol,sex_f,age_ythadult_yge15,eco_aggregate_agr,2021,802.853
bol,sex_f,age_ythadult_yge15,eco_aggregate_agr,2022,745.124
bol,sex_f,age_ythadult_yge15,eco_aggregate_agr,2023,782.436
bol,sex_f,age_ythadult_yge15,eco_aggregate_agr,2024,763.459
bol,sex_f,age_ythadult_yge15,eco_aggregate_con,1991,2.502
bol,sex_f,age_ythadult_yge15,eco_aggregate_con,1992,1.261
bol,sex_f,age_ythadult_yge15,eco_aggregate_con,1993,1.161
bol,sex_f,age_ythadult_yge15,eco_aggregate_con,1994,2.063
bol,sex_f,age_ythadult_yge15,eco_aggregate_con,1995,2.071
bol,sex_f,age_ythadult_yge15,eco_aggregate_con,2000,8.353
bol,sex_f,age_ythadult_yge15,eco_aggregate_con,2001,5.91
bol,sex_f,age_ythadult_yge15,eco_aggregate_con,2002,10.432
bol,sex_f,age_ythadult_yge15,eco_aggregate_con,2005,21.413
bol,sex_f,age_ythadult_yge15,eco_aggregate_con,2006,2.875
bol,sex_f,age_ythadult_yge15,eco_aggregate_con,2007,5.923
bol,sex_f,age_ythadult_yge15,eco_aggregate_con,2008,13.647
bol,sex_f,age_ythadult_yge15,eco_aggregate_con,2009,13.333
bol,sex_f,age_ythadult_yge15,eco_aggregate_con,2011,15.931
bol,sex_f,age_ythadult_yge15,eco_aggregate_con,2012,14.659
bol,sex_f,age_ythadult_yge15,eco_aggregate_con,2013,11.917
bol,sex_f,age_ythadult_yge15,eco_aggregate_con,2014,21.482
bol,sex_f,age_ythadult_yge15,eco_aggregate_con,2015,16.118
bol,sex_f,age_ythadult_yge15,eco_aggregate_con,2016,14.186
bol,sex_f,age_ythadult_yge15,eco_aggregate_con,2017,12.495
bol,sex_f,age_ythadult_yge15,eco_aggregate_con,2018,12.954
bol,sex_f,age_ythadult_yge15,eco_aggregate_con,2019,13.794
bol,sex_f,age_ythadult_yge15,eco_aggregate_con,2020,9.212
bol,sex_f,age_ythadult_yge15,eco_aggregate_con,2021,13.922
bol,sex_f,age_ythadult_yge15,eco_aggregate_con,2022,13.938
bol,sex_f,age_ythadult_yge15,eco_aggregate_con,2023,15.119
bol,sex_f,age_ythadult_yge15,eco_aggregate_con,2024,18.191
bol,sex_f,age_ythadult_yge15,eco_aggregate_man,1989,36.102
bol,sex_f,age_ythadult_yge15,eco_aggregate_man,1990,38.505
bol,sex_f,age_ythadult_yge15,eco_aggregate_man,1991,54.225
bol,sex_f,age_ythadult_yge15,eco_aggregate_man,1992,63.186
bol,sex_f,age_ythadult_yge15,eco_aggregate_man,1993,67.248
bol,sex_f,age_ythadult_yge15,eco_aggregate_man,1994,75.418
bol,sex_f,age_ythadult_yge15,eco_aggregate_man,1995,80.18
bol,sex_f,age_ythadult_yge15,eco_aggregate_man,1999,155.174
bol,sex_f,age_ythadult_yge15,eco_aggregate_man,2000,136.616
bol,sex_f,age_ythadult_yge15,eco_aggregate_man,2001,140.821
bol,sex_f,age_ythadult_yge15,eco_aggregate_man,2002,159.92
bol,sex_f,age_ythadult_yge15,eco_aggregate_man,2005,164.878
bol,sex_f,age_ythadult_yge15,eco_aggregate_man,2006,188.519
bol,sex_f,age_ythadult_yge15,eco_aggregate_man,2007,176.621
bol,sex_f,age_ythadult_yge15,eco_aggregate_man,2008,205.76
bol,sex_f,age_ythadult_yge15,eco_aggregate_man,2009,207.245
bol,sex_f,age_ythadult_yge15,eco_aggregate_man,2011,108.868
bol,sex_f,age_ythadult_yge15,eco_aggregate_man,2012,112.579
bol,sex_f,age_ythadult_yge15,eco_aggregate_man,2013,109.045
bol,sex_f,age_ythadult_yge15,eco_aggregate_man,2014,180.633
bol,sex_f,age_ythadult_yge15,eco_aggregate_man,2015,149.225
bol,sex_f,age_ythadult_yge15,eco_aggregate_man,2016,190.49
bol,sex_f,age_ythadult_yge15,eco_aggregate_man,2017,198.287
bol,sex_f,age_ythadult_yge15,eco_aggregate_man,2018,229.908
bol,sex_f,age_ythadult_yge15,eco_aggregate_man,2019,278.02
bol,sex_f,age_ythadult_yge15,eco_aggregate_man,2020,192.235
bol,sex_f,age_ythadult_yge15,eco_aggregate_man,2021,333.151
bol,sex_f,age_ythadult_yge15,eco_aggregate_man,2022,341.829
bol,sex_f,age_ythadult_yge15,eco_aggregate_man,2023,363.949
bol,sex_f,age_ythadult_yge15,eco_aggregate_man,2024,414.663
bol,sex_f,age_ythadult_yge15,eco_aggregate_mel,1989,4.597
bol,sex_f,age_ythadult_yge15,eco_aggregate_mel,1990,1.047
bol,sex_f,age_ythadult_yge15,eco_aggregate_mel,1991,2.422
bol,sex_f,age_ythadult_yge15,eco_aggregate_mel,1992,1.804
bol,sex_f,age_ythadult_yge15,eco_aggregate_mel,1993,1.46
bol,sex_f,age_ythadult_yge15,eco_aggregate_mel,1994,1.944
bol,sex_f,age_ythadult_yge15,eco_aggregate_mel,1995,2.838
bol,sex_f,age_ythadult_yge15,eco_aggregate_mel,1999,76.011
bol,sex_f,age_ythadult_yge15,eco_aggregate_mel,2000,8.049
bol,sex_f,age_ythadult_yge15,eco_aggregate_mel,2001,6.579
bol,sex_f,age_ythadult_yge15,eco_aggregate_mel,2002,4.858
bol,sex_f,age_ythadult_yge15,eco_aggregate_mel,2005,14.069
bol,sex_f,age_ythadult_yge15,eco_aggregate_mel,2006,5.142
bol,sex_f,age_ythadult_yge15,eco_aggregate_mel,2007,3.326
bol,sex_f,age_ythadult_yge15,eco_aggregate_mel,2008,8.523
bol,sex_f,age_ythadult_yge15,eco_aggregate_mel,2009,4.997
bol,sex_f,age_ythadult_yge15,eco_aggregate_mel,2011,15.795
bol,sex_f,age_ythadult_yge15,eco_aggregate_mel,2012,27.003
bol,sex_f,age_ythadult_yge15,eco_aggregate_mel,2013,20.157
bol,sex_f,age_ythadult_yge15,eco_aggregate_mel,2014,12.467
bol,sex_f,age_ythadult_yge15,eco_aggregate_mel,2015,16.101
bol,sex_f,age_ythadult_yge15,eco_aggregate_mel,2016,11.864
bol,sex_f,age_ythadult_yge15,eco_aggregate_mel,2017,9.625
bol,sex_f,age_ythadult_yge15,eco_aggregate_mel,2018,10.52
bol,sex_f,age_ythadult_yge15,eco_aggregate_mel,2019,7.719
bol,sex_f,age_ythadult_yge15,eco_aggregate_mel,2020,10.239
bol,sex_f,age_ythadult_yge15,eco_aggregate_mel,2021,11.877
bol,sex_f,age_ythadult_yge15,eco_aggregate_mel,2022,15.984
bol,sex_f,age_ythadult_yge15,eco_aggregate_mel,2023,15.229
bol,sex_f,age_ythadult_yge15,eco_aggregate_mel,2024,15.995
bol,sex_f,age_ythadult_yge15,eco_aggregate_mkt,1989,169.94
bol,sex_f,age_ythadult_yge15,eco_aggregate_mkt,1990,160.037
bol,sex_f,age_ythadult_yge15,eco_aggregate_mkt,1991,186.103
bol,sex_f,age_ythadult_yge15,eco_aggregate_mkt,1992,190.2
bol,sex_f,age_ythadult_yge15,eco_aggregate_mkt,1993,219.746
bol,sex_f,age_ythadult_yge15,eco_aggregate_mkt,1994,256.375
bol,sex_f,age_ythadult_yge15,eco_aggregate_mkt,1995,263.473
bol,sex_f,age_ythadult_yge15,eco_aggregate_mkt,1999,1215.377
bol,sex_f,age_ythadult_yge15,eco_aggregate_mkt,2000,468.912
bol,sex_f,age_ythadult_yge15,eco_aggregate_mkt,2001,483.216
bol,sex_f,age_ythadult_yge15,eco_aggregate_mkt,2002,508.32
bol,sex_f,age_ythadult_yge15,eco_aggregate_mkt,2005,575.335
bol,sex_f,age_ythadult_yge15,eco_aggregate_mkt,2006,602.897
bol,sex_f,age_ythadult_yge15,eco_aggregate_mkt,2007,594.665
bol,sex_f,age_ythadult_yge15,eco_aggregate_mkt,2008,773.873
bol,sex_f,age_ythadult_yge15,eco_aggregate_mkt,2009,753.383
bol,sex_f,age_ythadult_yge15,eco_aggregate_mkt,2011,793.307
bol,sex_f,age_ythadult_yge15,eco_aggregate_mkt,2012,815.606
bol,sex_f,age_ythadult_yge15,eco_aggregate_mkt,2013,823.449
bol,sex_f,age_ythadult_yge15,eco_aggregate_mkt,2014,852.972
bol,sex_f,age_ythadult_yge15,eco_aggregate_mkt,2015,832.638
bol,sex_f,age_ythadult_yge15,eco_aggregate_mkt,2016,834.443
bol,sex_f,age_ythadult_yge15,eco_aggregate_mkt,2017,895.506
bol,sex_f,age_ythadult_yge15,eco_aggregate_mkt,2018,997.535
bol,sex_f,age_ythadult_yge15,eco_aggregate_mkt,2019,1058.75
bol,sex_f,age_ythadult_yge15,eco_aggregate_mkt,2020,1010.973
bol,sex_f,age_ythadult_yge15,eco_aggregate_mkt,2021,1233.794
bol,sex_f,age_ythadult_yge15,eco_aggregate_mkt,2022,1333.764
bol,sex_f,age_ythadult_yge15,eco_aggregate_mkt,2023,1350.67
bol,sex_f,age_ythadult_yge15,eco_aggregate_mkt,2024,1415.195
bol,sex_f,age_ythadult_yge15,eco_aggregate_pub,1989,154.674
bol,sex_f,age_ythadult_yge15,eco_aggregate_pub,1990,161.818
bol,sex_f,age_ythadult_yge15,eco_aggregate_pub,1991,147.773
bol,sex_f,age_ythadult_yge15,eco_aggregate_pub,1992,146.319
bol,sex_f,age_ythadult_yge15,eco_aggregate_pub,1993,167.01
bol,sex_f,age_ythadult_yge15,eco_aggregate_pub,1994,160.851
bol,sex_f,age_ythadult_yge15,eco_aggregate_pub,1995,169.603
bol,sex_f,age_ythadult_yge15,eco_aggregate_pub,1999,182.17
bol,sex_f,age_ythadult_yge15,eco_aggregate_pub,2000,322.165
bol,sex_f,age_ythadult_yge15,eco_aggregate_pub,2001,311.726
bol,sex_f,age_ythadult_yge15,eco_aggregate_pub,2002,304.988
bol,sex_f,age_ythadult_yge15,eco_aggregate_pub,2005,351.388
bol,sex_f,age_ythadult_yge15,eco_aggregate_pub,2006,402.594
bol,sex_f,age_ythadult_yge15,eco_aggregate_pub,2007,479.636
bol,sex_f,age_ythadult_yge15,eco_aggregate_pub,2008,416.262
bol,sex_f,age_ythadult_yge15,eco_aggregate_pub,2009,482.918
bol,sex_f,age_ythadult_yge15,eco_aggregate_pub,2011,446.707
bol,sex_f,age_ythadult_yge15,eco_aggregate_pub,2012,448.567
bol,sex_f,age_ythadult_yge15,eco_aggregate_pub,2013,493.417
bol,sex_f,age_ythadult_yge15,eco_aggregate_pub,2014,456.576
bol,sex_f,age_ythadult_yge15,eco_aggregate_pub,2015,397.146
bol,sex_f,age_ythadult_yge15,eco_aggregate_pub,2016,423.505
bol,sex_f,age_ythadult_yge15,eco_aggregate_pub,2017,424.464
bol,sex_f,age_ythadult_yge15,eco_aggregate_pub,2018,435.853
bol,sex_f,age_ythadult_yge15,eco_aggregate_pub,2019,494.324
bol,sex_f,age_ythadult_yge15,eco_aggregate_pub,2020,440.197
bol,sex_f,age_ythadult_yge15,eco_aggregate_pub,2021,478.166
bol,sex_f,age_ythadult_yge15,eco_aggregate_pub,2022,545.445
bol,sex_f,age_ythadult_yge15,eco_aggregate_pub,2023,591.936
bol,sex_f,age_ythadult_yge15,eco_aggregate_pub,2024,630.125
bol,sex_f,age_ythadult_yge15,eco_aggregate_total,1989,369.656
bol,sex_f,age_ythadult_yge15,eco_aggregate_total,1990,367.315
bol,sex_f,age_ythadult_yge15,eco_aggregate_total,1991,397.025
bol,sex_f,age_ythadult_yge15,eco_aggregate_total,1992,407.807
bol,sex_f,age_ythadult_yge15,eco_aggregate_total,1993,459.594
bol,sex_f,age_ythadult_yge15,eco_aggregate_total,1994,499.25
bol,sex_f,age_ythadult_yge15,eco_aggregate_total,1995,524.443
bol,sex_f,age_ythadult_yge15,eco_aggregate_total,1999,1650.858
bol,sex_f,age_ythadult_yge15,eco_aggregate_total,2000,1492.746
bol,sex_f,age_ythadult_yge15,eco_aggregate_total,2001,1597.136
bol,sex_f,age_ythadult_yge15,eco_aggregate_total,2002,1547.799
bol,sex_f,age_ythadult_yge15,eco_aggregate_total,2005,1761.681
bol,sex_f,age_ythadult_yge15,eco_aggregate_total,2006,1870.776
bol,sex_f,age_ythadult_yge15,eco_aggregate_total,2007,1957.037
bol,sex_f,age_ythadult_yge15,eco_aggregate_total,2008,2067.259
bol,sex_f,age_ythadult_yge15,eco_aggregate_total,2009,2112.795
bol,sex_f,age_ythadult_yge15,eco_aggregate_total,2011,2116.048
bol,sex_f,age_ythadult_yge15,eco_aggregate_total,2012,2061.848
bol,sex_f,age_ythadult_yge15,eco_aggregate_total,2013,2182.954
bol,sex_f,age_ythadult_yge15,eco_aggregate_total,2014,2231.151
bol,sex_f,age_ythadult_yge15,eco_aggregate_total,2015,2038.195
bol,sex_f,age_ythadult_yge15,eco_aggregate_total,2016,2085.87
bol,sex_f,age_ythadult_yge15,eco_aggregate_total,2017,2222.857
bol,sex_f,age_ythadult_yge15,eco_aggregate_total,2018,2451.17
bol,sex_f,age_ythadult_yge15,eco_aggregate_total,2019,2562.175
bol,sex_f,age_ythadult_yge15,eco_aggregate_total,2020,2358.598
bol,sex_f,age_ythadult_yge15,eco_aggregate_total,2021,2874.465
bol,sex_f,age_ythadult_yge15,eco_aggregate_total,2022,2996.99
bol,sex_f,age_ythadult_yge15,eco_aggregate_total,2023,3120.202
bol,sex_f,age_ythadult_yge15,eco_aggregate_total,2024,3258.324
bol,sex_f,age_ythadult_yge15,eco_aggregate_x,1989,4.343
bol,sex_f,age_ythadult_yge15,eco_aggregate_x,1990,5.908
bol,sex_f,age_ythadult_yge15,eco_aggregate_x,1999,22.126
bol,sex_f,age_ythadult_yge15,eco_aggregate_x,2000,22
bol,sex_f,age_ythadult_yge15,eco_aggregate_x,2001,13.364
bol,sex_f,age_ythadult_yge15,eco_aggregate_x,2014,1.325
bol,sex_f,age_ythadult_yge15,eco_aggregate_x,2015,1.237
bol,sex_f,age_ythadult_yge15,eco_aggregate_x,2017,0.403
bol,sex_f,age_ythadult_yge15,eco_aggregate_x,2020,1.934
bol,sex_f,age_ythadult_yge15,eco_aggregate_x,2021,0.702
bol,sex_f,age_ythadult_yge15,eco_aggregate_x,2022,0.907
bol,sex_f,age_ythadult_yge15,eco_aggregate_x,2023,0.864
bol,sex_f,age_ythadult_yge15,eco_aggregate_x,2024,0.695
bol,sex_f,age_ythadult_yge15,eco_isic3_a,1991,3.977
bol,sex_f,age_ythadult_yge15,eco_isic3_a,1992,4.89
bol,sex_f,age_ythadult_yge15,eco_isic3_a,1993,2.969
bol,sex_f,age_ythadult_yge15,eco_isic3_a,1994,2.428
bol,sex_f,age_ythadult_yge15,eco_isic3_a,1995,5.947
bol,sex_f,age_ythadult_yge15,eco_isic3_a,2000,526.651
bol,sex_f,age_ythadult_yge15,eco_isic3_a,2001,635.52
bol,sex_f,age_ythadult_yge15,eco_isic3_a,2002,558.76
bol,sex_f,age_ythadult_yge15,eco_isic3_a,2005,634.025
bol,sex_f,age_ythadult_yge15,eco_isic3_a,2006,665.177
bol,sex_f,age_ythadult_yge15,eco_isic3_a,2007,696.866
bol,sex_f,age_ythadult_yge15,eco_isic3_a,2008,646.665
bol,sex_f,age_ythadult_yge15,eco_isic3_a,2009,648.319
bol,sex_f,age_ythadult_yge15,eco_isic3_c,1989,3.988
bol,sex_f,age_ythadult_yge15,eco_isic3_c,1990,0.784
bol,sex_f,age_ythadult_yge15,eco_isic3_c,1991,1.751
bol,sex_f,age_ythadult_yge15,eco_isic3_c,1992,0.861
bol,sex_f,age_ythadult_yge15,eco_isic3_c,1993,1.116
bol,sex_f,age_ythadult_yge15,eco_isic3_c,1994,1.376
bol,sex_f,age_ythadult_yge15,eco_isic3_c,1995,1.615
bol,sex_f,age_ythadult_yge15,eco_isic3_c,1999,20.074
bol,sex_f,age_ythadult_yge15,eco_isic3_c,2000,6.11
bol,sex_f,age_ythadult_yge15,eco_isic3_c,2001,3.563
bol,sex_f,age_ythadult_yge15,eco_isic3_c,2002,3.601
bol,sex_f,age_ythadult_yge15,eco_isic3_c,2005,11.159
bol,sex_f,age_ythadult_yge15,eco_isic3_c,2006,4.738
bol,sex_f,age_ythadult_yge15,eco_isic3_c,2008,5.232
bol,sex_f,age_ythadult_yge15,eco_isic3_c,2009,3.027
bol,sex_f,age_ythadult_yge15,eco_isic3_d,1989,36.102
bol,sex_f,age_ythadult_yge15,eco_isic3_d,1990,38.505
bol,sex_f,age_ythadult_yge15,eco_isic3_d,1991,54.225
bol,sex_f,age_ythadult_yge15,eco_isic3_d,1992,63.186
bol,sex_f,age_ythadult_yge15,eco_isic3_d,1993,67.248
bol,sex_f,age_ythadult_yge15,eco_isic3_d,1994,75.418
bol,sex_f,age_ythadult_yge15,eco_isic3_d,1995,80.18
bol,sex_f,age_ythadult_yge15,eco_isic3_d,1999,155.174
bol,sex_f,age_ythadult_yge15,eco_isic3_d,2000,136.616
bol,sex_f,age_ythadult_yge15,eco_isic3_d,2001,140.821
bol,sex_f,age_ythadult_yge15,eco_isic3_d,2002,159.92
bol,sex_f,age_ythadult_yge15,eco_isic3_d,2005,164.878
bol,sex_f,age_ythadult_yge15,eco_isic3_d,2006,188.519
bol,sex_f,age_ythadult_yge15,eco_isic3_d,2007,176.621
bol,sex_f,age_ythadult_yge15,eco_isic3_d,2008,205.76
bol,sex_f,age_ythadult_yge15,eco_isic3_d,2009,207.245
bol,sex_f,age_ythadult_yge15,eco_isic3_e,1989,0.609
bol,sex_f,age_ythadult_yge15,eco_isic3_e,1991,0.671
bol,sex_f,age_ythadult_yge15,eco_isic3_e,1992,0.943
bol,sex_f,age_ythadult_yge15,eco_isic3_e,1994,0.568
bol,sex_f,age_ythadult_yge15,eco_isic3_e,1995,1.223
bol,sex_f,age_ythadult_yge15,eco_isic3_e,1999,55.937
bol,sex_f,age_ythadult_yge15,eco_isic3_e,2000,1.939
bol,sex_f,age_ythadult_yge15,eco_isic3_e,2001,3.016
bol,sex_f,age_ythadult_yge15,eco_isic3_e,2002,1.257
bol,sex_f,age_ythadult_yge15,eco_isic3_e,2008,3.291
bol,sex_f,age_ythadult_yge15,eco_isic3_f,1991,2.502
bol,sex_f,age_ythadult_yge15,eco_isic3_f,1992,1.261
bol,sex_f,age_ythadult_yge15,eco_isic3_f,1993,1.161
bol,sex_f,age_ythadult_yge15,eco_isic3_f,1994,2.063
bol,sex_f,age_ythadult_yge15,eco_isic3_f,1995,2.071
bol,sex_f,age_ythadult_yge15,eco_isic3_f,2000,8.353
bol,sex_f,age_ythadult_yge15,eco_isic3_f,2001,5.91
bol,sex_f,age_ythadult_yge15,eco_isic3_f,2002,10.432
bol,sex_f,age_ythadult_yge15,eco_isic3_f,2005,21.413
bol,sex_f,age_ythadult_yge15,eco_isic3_f,2006,2.875
bol,sex_f,age_ythadult_yge15,eco_isic3_f,2007,5.923
bol,sex_f,age_ythadult_yge15,eco_isic3_f,2008,13.647
bol,sex_f,age_ythadult_yge15,eco_isic3_f,2009,13.333
bol,sex_f,age_ythadult_yge15,eco_isic3_g,1989,1.511
bol,sex_f,age_ythadult_yge15,eco_isic3_g,1990,1.529
bol,sex_f,age_ythadult_yge15,eco_isic3_g,1991,141.423
bol,sex_f,age_ythadult_yge15,eco_isic3_g,1992,146.293
bol,sex_f,age_ythadult_yge15,eco_isic3_g,1993,161.823
bol,sex_f,age_ythadult_yge15,eco_isic3_g,1994,185.223
bol,sex_f,age_ythadult_yge15,eco_isic3_g,1995,191.012
bol,sex_f,age_ythadult_yge15,eco_isic3_g,1999,412.867
bol,sex_f,age_ythadult_yge15,eco_isic3_g,2000,342.283
bol,sex_f,age_ythadult_yge15,eco_isic3_g,2001,329.114
bol,sex_f,age_ythadult_yge15,eco_isic3_g,2002,330.624
bol,sex_f,age_ythadult_yge15,eco_isic3_g,2005,377.367
bol,sex_f,age_ythadult_yge15,eco_isic3_g,2006,380.871
bol,sex_f,age_ythadult_yge15,eco_isic3_g,2007,392.812
bol,sex_f,age_ythadult_yge15,eco_isic3_g,2008,508.54
bol,sex_f,age_ythadult_yge15,eco_isic3_g,2009,451.338
bol,sex_f,age_ythadult_yge15,eco_isic3_h,1991,28.943
bol,sex_f,age_ythadult_yge15,eco_isic3_h,1992,25.679
bol,sex_f,age_ythadult_yge15,eco_isic3_h,1993,38.01
bol,sex_f,age_ythadult_yge15,eco_isic3_h,1994,49.513
bol,sex_f,age_ythadult_yge15,eco_isic3_h,1995,49.701
bol,sex_f,age_ythadult_yge15,eco_isic3_h,2000,81.801
bol,sex_f,age_ythadult_yge15,eco_isic3_h,2001,96.557
bol,sex_f,age_ythadult_yge15,eco_isic3_h,2002,131.228
bol,sex_f,age_ythadult_yge15,eco_isic3_h,2005,124.969
bol,sex_f,age_ythadult_yge15,eco_isic3_h,2006,127.777
bol,sex_f,age_ythadult_yge15,eco_isic3_h,2007,117.981
bol,sex_f,age_ythadult_yge15,eco_isic3_h,2008,149.199
bol,sex_f,age_ythadult_yge15,eco_isic3_h,2009,172.868
bol,sex_f,age_ythadult_yge15,eco_isic3_i,1989,163.126
bol,sex_f,age_ythadult_yge15,eco_isic3_i,1990,155.002
bol,sex_f,age_ythadult_yge15,eco_isic3_i,1991,4.683
bol,sex_f,age_ythadult_yge15,eco_isic3_i,1992,4.681
bol,sex_f,age_ythadult_yge15,eco_isic3_i,1993,4.894
bol,sex_f,age_ythadult_yge15,eco_isic3_i,1994,5.96
bol,sex_f,age_ythadult_yge15,eco_isic3_i,1995,5.897
bol,sex_f,age_ythadult_yge15,eco_isic3_i,1999,656.432
bol,sex_f,age_ythadult_yge15,eco_isic3_i,2000,14.447
bol,sex_f,age_ythadult_yge15,eco_isic3_i,2001,20.365
bol,sex_f,age_ythadult_yge15,eco_isic3_i,2002,12.474
bol,sex_f,age_ythadult_yge15,eco_isic3_i,2005,24.972
bol,sex_f,age_ythadult_yge15,eco_isic3_i,2006,34.079
bol,sex_f,age_ythadult_yge15,eco_isic3_i,2007,30.205
bol,sex_f,age_ythadult_yge15,eco_isic3_i,2008,52.184
bol,sex_f,age_ythadult_yge15,eco_isic3_i,2009,42.659
bol,sex_f,age_ythadult_yge15,eco_isic3_j,1991,3.836
bol,sex_f,age_ythadult_yge15,eco_isic3_j,1992,3.952
bol,sex_f,age_ythadult_yge15,eco_isic3_j,1993,5.252
bol,sex_f,age_ythadult_yge15,eco_isic3_j,1994,4.141
bol,sex_f,age_ythadult_yge15,eco_isic3_j,1995,5.699
bol,sex_f,age_ythadult_yge15,eco_isic3_j,2000,6.436
bol,sex_f,age_ythadult_yge15,eco_isic3_j,2001,4.661
bol,sex_f,age_ythadult_yge15,eco_isic3_j,2002,7.164
bol,sex_f,age_ythadult_yge15,eco_isic3_j,2005,9.056
bol,sex_f,age_ythadult_yge15,eco_isic3_j,2006,9.773
bol,sex_f,age_ythadult_yge15,eco_isic3_j,2007,10.83
bol,sex_f,age_ythadult_yge15,eco_isic3_j,2008,15.264
bol,sex_f,age_ythadult_yge15,eco_isic3_j,2009,17.48
bol,sex_f,age_ythadult_yge15,eco_isic3_k,1989,5.303
bol,sex_f,age_ythadult_yge15,eco_isic3_k,1990,3.506
bol,sex_f,age_ythadult_yge15,eco_isic3_k,1991,7.218
bol,sex_f,age_ythadult_yge15,eco_isic3_k,1992,9.595
bol,sex_f,age_ythadult_yge15,eco_isic3_k,1993,9.767
bol,sex_f,age_ythadult_yge15,eco_isic3_k,1994,11.538
bol,sex_f,age_ythadult_yge15,eco_isic3_k,1995,11.164
bol,sex_f,age_ythadult_yge15,eco_isic3_k,1999,146.078
bol,sex_f,age_ythadult_yge15,eco_isic3_k,2000,23.945
bol,sex_f,age_ythadult_yge15,eco_isic3_k,2001,32.519
bol,sex_f,age_ythadult_yge15,eco_isic3_k,2002,26.83
bol,sex_f,age_ythadult_yge15,eco_isic3_k,2005,38.971
bol,sex_f,age_ythadult_yge15,eco_isic3_k,2006,50.397
bol,sex_f,age_ythadult_yge15,eco_isic3_k,2007,42.837
bol,sex_f,age_ythadult_yge15,eco_isic3_k,2008,48.686
bol,sex_f,age_ythadult_yge15,eco_isic3_k,2009,69.038
bol,sex_f,age_ythadult_yge15,eco_isic3_l,1991,11.897
bol,sex_f,age_ythadult_yge15,eco_isic3_l,1992,11.503
bol,sex_f,age_ythadult_yge15,eco_isic3_l,1993,14.125
bol,sex_f,age_ythadult_yge15,eco_isic3_l,1994,11.951
bol,sex_f,age_ythadult_yge15,eco_isic3_l,1995,13.55
bol,sex_f,age_ythadult_yge15,eco_isic3_l,2000,19.102
bol,sex_f,age_ythadult_yge15,eco_isic3_l,2001,14.377
bol,sex_f,age_ythadult_yge15,eco_isic3_l,2002,17.434
bol,sex_f,age_ythadult_yge15,eco_isic3_l,2005,28.552
bol,sex_f,age_ythadult_yge15,eco_isic3_l,2006,33.884
bol,sex_f,age_ythadult_yge15,eco_isic3_l,2007,44.489
bol,sex_f,age_ythadult_yge15,eco_isic3_l,2008,61.333
bol,sex_f,age_ythadult_yge15,eco_isic3_l,2009,40.972
bol,sex_f,age_ythadult_yge15,eco_isic3_m,1989,6.365
bol,sex_f,age_ythadult_yge15,eco_isic3_m,1990,8.645
bol,sex_f,age_ythadult_yge15,eco_isic3_m,1991,41.17
bol,sex_f,age_ythadult_yge15,eco_isic3_m,1992,37.363
bol,sex_f,age_ythadult_yge15,eco_isic3_m,1993,42.633
bol,sex_f,age_ythadult_yge15,eco_isic3_m,1994,45.301
bol,sex_f,age_ythadult_yge15,eco_isic3_m,1995,41.789
bol,sex_f,age_ythadult_yge15,eco_isic3_m,2000,90.731
bol,sex_f,age_ythadult_yge15,eco_isic3_m,2001,90.254
bol,sex_f,age_ythadult_yge15,eco_isic3_m,2002,79.905
bol,sex_f,age_ythadult_yge15,eco_isic3_m,2005,101.333
bol,sex_f,age_ythadult_yge15,eco_isic3_m,2006,124.317
bol,sex_f,age_ythadult_yge15,eco_isic3_m,2007,130.981
bol,sex_f,age_ythadult_yge15,eco_isic3_m,2008,128.083
bol,sex_f,age_ythadult_yge15,eco_isic3_m,2009,160.744
bol,sex_f,age_ythadult_yge15,eco_isic3_n,1991,16.064
bol,sex_f,age_ythadult_yge15,eco_isic3_n,1992,15.701
bol,sex_f,age_ythadult_yge15,eco_isic3_n,1993,20.282
bol,sex_f,age_ythadult_yge15,eco_isic3_n,1994,20.014
bol,sex_f,age_ythadult_yge15,eco_isic3_n,1995,22.094
bol,sex_f,age_ythadult_yge15,eco_isic3_n,2000,30.53
bol,sex_f,age_ythadult_yge15,eco_isic3_n,2001,31.312
bol,sex_f,age_ythadult_yge15,eco_isic3_n,2002,40.112
bol,sex_f,age_ythadult_yge15,eco_isic3_n,2005,42.38
bol,sex_f,age_ythadult_yge15,eco_isic3_n,2006,63.092
bol,sex_f,age_ythadult_yge15,eco_isic3_n,2007,69.59
bol,sex_f,age_ythadult_yge15,eco_isic3_n,2008,68.447
bol,sex_f,age_ythadult_yge15,eco_isic3_n,2009,91.034
bol,sex_f,age_ythadult_yge15,eco_isic3_o,1989,68.052
bol,sex_f,age_ythadult_yge15,eco_isic3_o,1990,66.835
bol,sex_f,age_ythadult_yge15,eco_isic3_o,1991,22.206
bol,sex_f,age_ythadult_yge15,eco_isic3_o,1992,26.065
bol,sex_f,age_ythadult_yge15,eco_isic3_o,1993,16.037
bol,sex_f,age_ythadult_yge15,eco_isic3_o,1994,17.97
bol,sex_f,age_ythadult_yge15,eco_isic3_o,1995,16.591
bol,sex_f,age_ythadult_yge15,eco_isic3_o,1999,182.17
bol,sex_f,age_ythadult_yge15,eco_isic3_o,2000,54.689
bol,sex_f,age_ythadult_yge15,eco_isic3_o,2001,53.98
bol,sex_f,age_ythadult_yge15,eco_isic3_o,2002,60.984
bol,sex_f,age_ythadult_yge15,eco_isic3_o,2005,80.109
bol,sex_f,age_ythadult_yge15,eco_isic3_o,2006,72.999
bol,sex_f,age_ythadult_yge15,eco_isic3_o,2007,81.738
bol,sex_f,age_ythadult_yge15,eco_isic3_o,2008,60.718
bol,sex_f,age_ythadult_yge15,eco_isic3_o,2009,75.168
bol,sex_f,age_ythadult_yge15,eco_isic3_p,1989,80.257
bol,sex_f,age_ythadult_yge15,eco_isic3_p,1990,86.338
bol,sex_f,age_ythadult_yge15,eco_isic3_p,1991,55.525
bol,sex_f,age_ythadult_yge15,eco_isic3_p,1992,52.677
bol,sex_f,age_ythadult_yge15,eco_isic3_p,1993,73.098
bol,sex_f,age_ythadult_yge15,eco_isic3_p,1994,64.677
bol,sex_f,age_ythadult_yge15,eco_isic3_p,1995,74.262
bol,sex_f,age_ythadult_yge15,eco_isic3_p,2000,125.231
bol,sex_f,age_ythadult_yge15,eco_isic3_p,2001,121.803
bol,sex_f,age_ythadult_yge15,eco_isic3_p,2002,104.478
bol,sex_f,age_ythadult_yge15,eco_isic3_p,2005,98.818
bol,sex_f,age_ythadult_yge15,eco_isic3_p,2006,108.302
bol,sex_f,age_ythadult_yge15,eco_isic3_p,2007,151.163
bol,sex_f,age_ythadult_yge15,eco_isic3_p,2008,95.449
bol,sex_f,age_ythadult_yge15,eco_isic3_p,2009,109.781
bol,sex_f,age_ythadult_yge15,eco_isic3_q,1991,0.911
bol,sex_f,age_ythadult_yge15,eco_isic3_q,1992,3.01
bol,sex_f,age_ythadult_yge15,eco_isic3_q,1993,0.835
bol,sex_f,age_ythadult_yge15,eco_isic3_q,1994,0.938
bol,sex_f,age_ythadult_yge15,eco_isic3_q,1995,1.317
bol,sex_f,age_ythadult_yge15,eco_isic3_q,2002,2.075
bol,sex_f,age_ythadult_yge15,eco_isic3_q,2009,5.219
bol,sex_f,age_ythadult_yge15,eco_isic3_total,1989,369.656
bol,sex_f,age_ythadult_yge15,eco_isic3_total,1990,367.315
bol,sex_f,age_ythadult_yge15,eco_isic3_total,1991,397.025
bol,sex_f,age_ythadult_yge15,eco_isic3_total,1992,407.807
bol,sex_f,age_ythadult_yge15,eco_isic3_total,1993,459.594
bol,sex_f,age_ythadult_yge15,eco_isic3_total,1994,499.25
bol,sex_f,age_ythadult_yge15,eco_isic3_total,1995,524.443
bol,sex_f,age_ythadult_yge15,eco_isic3_total,1999,1650.858
bol,sex_f,age_ythadult_yge15,eco_isic3_total,2000,1492.746
bol,sex_f,age_ythadult_yge15,eco_isic3_total,2001,1597.136
bol,sex_f,age_ythadult_yge15,eco_isic3_total,2002,1547.799
bol,sex_f,age_ythadult_yge15,eco_isic3_total,2005,1761.681
bol,sex_f,age_ythadult_yge15,eco_isic3_total,2006,1870.776
bol,sex_f,age_ythadult_yge15,eco_isic3_total,2007,1957.037
bol,sex_f,age_ythadult_yge15,eco_isic3_total,2008,2067.259
bol,sex_f,age_ythadult_yge15,eco_isic3_total,2009,2112.795
bol,sex_f,age_ythadult_yge15,eco_isic3_x,1989,4.343
bol,sex_f,age_ythadult_yge15,eco_isic3_x,1990,5.908
bol,sex_f,age_ythadult_yge15,eco_isic3_x,1999,22.126
bol,sex_f,age_ythadult_yge15,eco_isic3_x,2000,22
bol,sex_f,age_ythadult_yge15,eco_isic3_x,2001,13.364
bol,sex_f,age_ythadult_yge15,eco_isic4_a,2011,735.44
bol,sex_f,age_ythadult_yge15,eco_isic4_a,2012,643.434
bol,sex_f,age_ythadult_yge15,eco_isic4_a,2013,724.969
bol,sex_f,age_ythadult_yge15,eco_isic4_a,2014,705.696
bol,sex_f,age_ythadult_yge15,eco_isic4_a,2015,625.73
bol,sex_f,age_ythadult_yge15,eco_isic4_a,2016,611.269
bol,sex_f,age_ythadult_yge15,eco_isic4_a,2017,682.077
bol,sex_f,age_ythadult_yge15,eco_isic4_a,2018,764.4
bol,sex_f,age_ythadult_yge15,eco_isic4_a,2019,709.567
bol,sex_f,age_ythadult_yge15,eco_isic4_a,2020,693.808
bol,sex_f,age_ythadult_yge15,eco_isic4_a,2021,802.853
bol,sex_f,age_ythadult_yge15,eco_isic4_a,2022,745.124
bol,sex_f,age_ythadult_yge15,eco_isic4_a,2023,782.436
bol,sex_f,age_ythadult_yge15,eco_isic4_a,2024,763.459
bol,sex_f,age_ythadult_yge15,eco_isic4_b,2011,13.532
bol,sex_f,age_ythadult_yge15,eco_isic4_b,2012,19.621
bol,sex_f,age_ythadult_yge15,eco_isic4_b,2013,17.605
bol,sex_f,age_ythadult_yge15,eco_isic4_b,2014,8.998
bol,sex_f,age_ythadult_yge15,eco_isic4_b,2015,11.53
bol,sex_f,age_ythadult_yge15,eco_isic4_b,2016,9.458
bol,sex_f,age_ythadult_yge15,eco_isic4_b,2017,7.622
bol,sex_f,age_ythadult_yge15,eco_isic4_b,2018,8.121
bol,sex_f,age_ythadult_yge15,eco_isic4_b,2019,4.918
bol,sex_f,age_ythadult_yge15,eco_isic4_b,2020,7.279
bol,sex_f,age_ythadult_yge15,eco_isic4_b,2021,6.162
bol,sex_f,age_ythadult_yge15,eco_isic4_b,2022,9.702
bol,sex_f,age_ythadult_yge15,eco_isic4_b,2023,8.016
bol,sex_f,age_ythadult_yge15,eco_isic4_b,2024,8.55
bol,sex_f,age_ythadult_yge15,eco_isic4_c,2011,108.868
bol,sex_f,age_ythadult_yge15,eco_isic4_c,2012,112.579
bol,sex_f,age_ythadult_yge15,eco_isic4_c,2013,109.045
bol,sex_f,age_ythadult_yge15,eco_isic4_c,2014,180.633
bol,sex_f,age_ythadult_yge15,eco_isic4_c,2015,149.225
bol,sex_f,age_ythadult_yge15,eco_isic4_c,2016,190.49
bol,sex_f,age_ythadult_yge15,eco_isic4_c,2017,198.287
bol,sex_f,age_ythadult_yge15,eco_isic4_c,2018,229.908
bol,sex_f,age_ythadult_yge15,eco_isic4_c,2019,278.02
bol,sex_f,age_ythadult_yge15,eco_isic4_c,2020,192.235
bol,sex_f,age_ythadult_yge15,eco_isic4_c,2021,333.151
bol,sex_f,age_ythadult_yge15,eco_isic4_c,2022,341.829
bol,sex_f,age_ythadult_yge15,eco_isic4_c,2023,363.949
bol,sex_f,age_ythadult_yge15,eco_isic4_c,2024,414.663
bol,sex_f,age_ythadult_yge15,eco_isic4_d,2012,3.219
bol,sex_f,age_ythadult_yge15,eco_isic4_d,2014,1.993
bol,sex_f,age_ythadult_yge15,eco_isic4_d,2015,2.867
bol,sex_f,age_ythadult_yge15,eco_isic4_d,2016,1.746
bol,sex_f,age_ythadult_yge15,eco_isic4_d,2017,0.831
bol,sex_f,age_ythadult_yge15,eco_isic4_d,2018,1.084
bol,sex_f,age_ythadult_yge15,eco_isic4_d,2019,1.456
bol,sex_f,age_ythadult_yge15,eco_isic4_d,2020,2.256
bol,sex_f,age_ythadult_yge15,eco_isic4_d,2021,3.575
bol,sex_f,age_ythadult_yge15,eco_isic4_d,2022,4.546
bol,sex_f,age_ythadult_yge15,eco_isic4_d,2023,4.922
bol,sex_f,age_ythadult_yge15,eco_isic4_d,2024,6.074
bol,sex_f,age_ythadult_yge15,eco_isic4_e,2012,4.163
bol,sex_f,age_ythadult_yge15,eco_isic4_e,2013,2.316
bol,sex_f,age_ythadult_yge15,eco_isic4_e,2014,1.476
bol,sex_f,age_ythadult_yge15,eco_isic4_e,2016,0.66
bol,sex_f,age_ythadult_yge15,eco_isic4_e,2017,1.172
bol,sex_f,age_ythadult_yge15,eco_isic4_e,2018,1.315
bol,sex_f,age_ythadult_yge15,eco_isic4_e,2019,1.346
bol,sex_f,age_ythadult_yge15,eco_isic4_e,2021,2.141
bol,sex_f,age_ythadult_yge15,eco_isic4_e,2022,1.736
bol,sex_f,age_ythadult_yge15,eco_isic4_e,2023,2.291
bol,sex_f,age_ythadult_yge15,eco_isic4_e,2024,1.371
bol,sex_f,age_ythadult_yge15,eco_isic4_f,2011,15.931
bol,sex_f,age_ythadult_yge15,eco_isic4_f,2012,14.659
bol,sex_f,age_ythadult_yge15,eco_isic4_f,2013,11.917
bol,sex_f,age_ythadult_yge15,eco_isic4_f,2014,21.482
bol,sex_f,age_ythadult_yge15,eco_isic4_f,2015,16.118
bol,sex_f,age_ythadult_yge15,eco_isic4_f,2016,14.186
bol,sex_f,age_ythadult_yge15,eco_isic4_f,2017,12.495
bol,sex_f,age_ythadult_yge15,eco_isic4_f,2018,12.954
bol,sex_f,age_ythadult_yge15,eco_isic4_f,2019,13.794
bol,sex_f,age_ythadult_yge15,eco_isic4_f,2020,9.212
bol,sex_f,age_ythadult_yge15,eco_isic4_f,2021,13.922
bol,sex_f,age_ythadult_yge15,eco_isic4_f,2022,13.938
bol,sex_f,age_ythadult_yge15,eco_isic4_f,2023,15.119
bol,sex_f,age_ythadult_yge15,eco_isic4_f,2024,18.191
bol,sex_f,age_ythadult_yge15,eco_isic4_g,2011,485.242
bol,sex_f,age_ythadult_yge15,eco_isic4_g,2012,485.752
bol,sex_f,age_ythadult_yge15,eco_isic4_g,2013,493.125
bol,sex_f,age_ythadult_yge15,eco_isic4_g,2014,514.216
bol,sex_f,age_ythadult_yge15,eco_isic4_g,2015,466.504
bol,sex_f,age_ythadult_yge15,eco_isic4_g,2016,483.133
bol,sex_f,age_ythadult_yge15,eco_isic4_g,2017,512.427
bol,sex_f,age_ythadult_yge15,eco_isic4_g,2018,569.733
bol,sex_f,age_ythadult_yge15,eco_isic4_g,2019,591.293
bol,sex_f,age_ythadult_yge15,eco_isic4_g,2020,600.922
bol,sex_f,age_ythadult_yge15,eco_isic4_g,2021,709.814
bol,sex_f,age_ythadult_yge15,eco_isic4_g,2022,733.923
bol,sex_f,age_ythadult_yge15,eco_isic4_g,2023,734.241
bol,sex_f,age_ythadult_yge15,eco_isic4_g,2024,751.206
bol,sex_f,age_ythadult_yge15,eco_isic4_h,2011,18.133
bol,sex_f,age_ythadult_yge15,eco_isic4_h,2012,15.727
bol,sex_f,age_ythadult_yge15,eco_isic4_h,2013,14.056
bol,sex_f,age_ythadult_yge15,eco_isic4_h,2014,16.732
bol,sex_f,age_ythadult_yge15,eco_isic4_h,2015,17.896
bol,sex_f,age_ythadult_yge15,eco_isic4_h,2016,16.277
bol,sex_f,age_ythadult_yge15,eco_isic4_h,2017,17.006
bol,sex_f,age_ythadult_yge15,eco_isic4_h,2018,17.253
bol,sex_f,age_ythadult_yge15,eco_isic4_h,2019,15.512
bol,sex_f,age_ythadult_yge15,eco_isic4_h,2020,13.549
bol,sex_f,age_ythadult_yge15,eco_isic4_h,2021,17.946
bol,sex_f,age_ythadult_yge15,eco_isic4_h,2022,17.785
bol,sex_f,age_ythadult_yge15,eco_isic4_h,2023,20.457
bol,sex_f,age_ythadult_yge15,eco_isic4_h,2024,25.552
bol,sex_f,age_ythadult_yge15,eco_isic4_i,2011,182.261
bol,sex_f,age_ythadult_yge15,eco_isic4_i,2012,199.718
bol,sex_f,age_ythadult_yge15,eco_isic4_i,2013,196.9
bol,sex_f,age_ythadult_yge15,eco_isic4_i,2014,208.327
bol,sex_f,age_ythadult_yge15,eco_isic4_i,2015,238.889
bol,sex_f,age_ythadult_yge15,eco_isic4_i,2016,232.543
bol,sex_f,age_ythadult_yge15,eco_isic4_i,2017,257.273
bol,sex_f,age_ythadult_yge15,eco_isic4_i,2018,290.913
bol,sex_f,age_ythadult_yge15,eco_isic4_i,2019,326.188
bol,sex_f,age_ythadult_yge15,eco_isic4_i,2020,272.592
bol,sex_f,age_ythadult_yge15,eco_isic4_i,2021,359.522
bol,sex_f,age_ythadult_yge15,eco_isic4_i,2022,424.924
bol,sex_f,age_ythadult_yge15,eco_isic4_i,2023,425.557
bol,sex_f,age_ythadult_yge15,eco_isic4_i,2024,462.729
bol,sex_f,age_ythadult_yge15,eco_isic4_j,2011,20.585
bol,sex_f,age_ythadult_yge15,eco_isic4_j,2012,16.915
bol,sex_f,age_ythadult_yge15,eco_isic4_j,2013,16.743
bol,sex_f,age_ythadult_yge15,eco_isic4_j,2014,20.421
bol,sex_f,age_ythadult_yge15,eco_isic4_j,2015,13.341
bol,sex_f,age_ythadult_yge15,eco_isic4_j,2016,12.893
bol,sex_f,age_ythadult_yge15,eco_isic4_j,2017,12.773
bol,sex_f,age_ythadult_yge15,eco_isic4_j,2018,13.607
bol,sex_f,age_ythadult_yge15,eco_isic4_j,2019,11.854
bol,sex_f,age_ythadult_yge15,eco_isic4_j,2020,8.892
bol,sex_f,age_ythadult_yge15,eco_isic4_j,2021,6.947
bol,sex_f,age_ythadult_yge15,eco_isic4_j,2022,7.034
bol,sex_f,age_ythadult_yge15,eco_isic4_j,2023,8.181
bol,sex_f,age_ythadult_yge15,eco_isic4_j,2024,8.14
bol,sex_f,age_ythadult_yge15,eco_isic4_k,2011,21.23
bol,sex_f,age_ythadult_yge15,eco_isic4_k,2012,19.212
bol,sex_f,age_ythadult_yge15,eco_isic4_k,2013,29.966
bol,sex_f,age_ythadult_yge15,eco_isic4_k,2014,22.823
bol,sex_f,age_ythadult_yge15,eco_isic4_k,2015,22.928
bol,sex_f,age_ythadult_yge15,eco_isic4_k,2016,19.499
bol,sex_f,age_ythadult_yge15,eco_isic4_k,2017,22.043
bol,sex_f,age_ythadult_yge15,eco_isic4_k,2018,21.83
bol,sex_f,age_ythadult_yge15,eco_isic4_k,2019,18.271
bol,sex_f,age_ythadult_yge15,eco_isic4_k,2020,27.166
bol,sex_f,age_ythadult_yge15,eco_isic4_k,2021,26.685
bol,sex_f,age_ythadult_yge15,eco_isic4_k,2022,24.765
bol,sex_f,age_ythadult_yge15,eco_isic4_k,2023,23.515
bol,sex_f,age_ythadult_yge15,eco_isic4_k,2024,22.718
bol,sex_f,age_ythadult_yge15,eco_isic4_l,2011,3.871
bol,sex_f,age_ythadult_yge15,eco_isic4_l,2012,3.313
bol,sex_f,age_ythadult_yge15,eco_isic4_l,2013,3.403
bol,sex_f,age_ythadult_yge15,eco_isic4_l,2014,3.947
bol,sex_f,age_ythadult_yge15,eco_isic4_l,2015,3.596
bol,sex_f,age_ythadult_yge15,eco_isic4_l,2016,10.03
bol,sex_f,age_ythadult_yge15,eco_isic4_l,2017,13.397
bol,sex_f,age_ythadult_yge15,eco_isic4_l,2018,13.58
bol,sex_f,age_ythadult_yge15,eco_isic4_l,2019,14.155
bol,sex_f,age_ythadult_yge15,eco_isic4_l,2020,5.733
bol,sex_f,age_ythadult_yge15,eco_isic4_l,2021,15.96
bol,sex_f,age_ythadult_yge15,eco_isic4_l,2022,13.028
bol,sex_f,age_ythadult_yge15,eco_isic4_l,2023,16.6
bol,sex_f,age_ythadult_yge15,eco_isic4_l,2024,16.006
bol,sex_f,age_ythadult_yge15,eco_isic4_m,2011,41.996
bol,sex_f,age_ythadult_yge15,eco_isic4_m,2012,47.161
bol,sex_f,age_ythadult_yge15,eco_isic4_m,2013,45.427
bol,sex_f,age_ythadult_yge15,eco_isic4_m,2014,42.61
bol,sex_f,age_ythadult_yge15,eco_isic4_m,2015,41.117
bol,sex_f,age_ythadult_yge15,eco_isic4_m,2016,34.206
bol,sex_f,age_ythadult_yge15,eco_isic4_m,2017,34.246
bol,sex_f,age_ythadult_yge15,eco_isic4_m,2018,34.453
bol,sex_f,age_ythadult_yge15,eco_isic4_m,2019,37.754
bol,sex_f,age_ythadult_yge15,eco_isic4_m,2020,51.091
bol,sex_f,age_ythadult_yge15,eco_isic4_m,2021,45.36
bol,sex_f,age_ythadult_yge15,eco_isic4_m,2022,56.062
bol,sex_f,age_ythadult_yge15,eco_isic4_m,2023,57.531
bol,sex_f,age_ythadult_yge15,eco_isic4_m,2024,56.397
bol,sex_f,age_ythadult_yge15,eco_isic4_n,2011,19.989
bol,sex_f,age_ythadult_yge15,eco_isic4_n,2012,27.808
bol,sex_f,age_ythadult_yge15,eco_isic4_n,2013,23.829
bol,sex_f,age_ythadult_yge15,eco_isic4_n,2014,23.896
bol,sex_f,age_ythadult_yge15,eco_isic4_n,2015,28.367
bol,sex_f,age_ythadult_yge15,eco_isic4_n,2016,25.861
bol,sex_f,age_ythadult_yge15,eco_isic4_n,2017,26.342
bol,sex_f,age_ythadult_yge15,eco_isic4_n,2018,36.167
bol,sex_f,age_ythadult_yge15,eco_isic4_n,2019,43.723
bol,sex_f,age_ythadult_yge15,eco_isic4_n,2020,31.028
bol,sex_f,age_ythadult_yge15,eco_isic4_n,2021,51.56
bol,sex_f,age_ythadult_yge15,eco_isic4_n,2022,56.243
bol,sex_f,age_ythadult_yge15,eco_isic4_n,2023,64.587
bol,sex_f,age_ythadult_yge15,eco_isic4_n,2024,72.448
bol,sex_f,age_ythadult_yge15,eco_isic4_o,2011,52.461
bol,sex_f,age_ythadult_yge15,eco_isic4_o,2012,46.194
bol,sex_f,age_ythadult_yge15,eco_isic4_o,2013,61.364
bol,sex_f,age_ythadult_yge15,eco_isic4_o,2014,60.434
bol,sex_f,age_ythadult_yge15,eco_isic4_o,2015,58.132
bol,sex_f,age_ythadult_yge15,eco_isic4_o,2016,48.244
bol,sex_f,age_ythadult_yge15,eco_isic4_o,2017,40.832
bol,sex_f,age_ythadult_yge15,eco_isic4_o,2018,49.492
bol,sex_f,age_ythadult_yge15,eco_isic4_o,2019,50.322
bol,sex_f,age_ythadult_yge15,eco_isic4_o,2020,52.206
bol,sex_f,age_ythadult_yge15,eco_isic4_o,2021,40.792
bol,sex_f,age_ythadult_yge15,eco_isic4_o,2022,46.456
bol,sex_f,age_ythadult_yge15,eco_isic4_o,2023,47.052
bol,sex_f,age_ythadult_yge15,eco_isic4_o,2024,51.315
bol,sex_f,age_ythadult_yge15,eco_isic4_p,2011,145.837
bol,sex_f,age_ythadult_yge15,eco_isic4_p,2012,146.256
bol,sex_f,age_ythadult_yge15,eco_isic4_p,2013,148.904
bol,sex_f,age_ythadult_yge15,eco_isic4_p,2014,139.593
bol,sex_f,age_ythadult_yge15,eco_isic4_p,2015,121.079
bol,sex_f,age_ythadult_yge15,eco_isic4_p,2016,142.009
bol,sex_f,age_ythadult_yge15,eco_isic4_p,2017,140.509
bol,sex_f,age_ythadult_yge15,eco_isic4_p,2018,141.145
bol,sex_f,age_ythadult_yge15,eco_isic4_p,2019,156.541
bol,sex_f,age_ythadult_yge15,eco_isic4_p,2020,133.783
bol,sex_f,age_ythadult_yge15,eco_isic4_p,2021,141.615
bol,sex_f,age_ythadult_yge15,eco_isic4_p,2022,154.824
bol,sex_f,age_ythadult_yge15,eco_isic4_p,2023,181.351
bol,sex_f,age_ythadult_yge15,eco_isic4_p,2024,175.666
bol,sex_f,age_ythadult_yge15,eco_isic4_q,2011,85.338
bol,sex_f,age_ythadult_yge15,eco_isic4_q,2012,83.937
bol,sex_f,age_ythadult_yge15,eco_isic4_q,2013,111.552
bol,sex_f,age_ythadult_yge15,eco_isic4_q,2014,88.714
bol,sex_f,age_ythadult_yge15,eco_isic4_q,2015,81.618
bol,sex_f,age_ythadult_yge15,eco_isic4_q,2016,87.524
bol,sex_f,age_ythadult_yge15,eco_isic4_q,2017,84.88
bol,sex_f,age_ythadult_yge15,eco_isic4_q,2018,89.169
bol,sex_f,age_ythadult_yge15,eco_isic4_q,2019,100.694
bol,sex_f,age_ythadult_yge15,eco_isic4_q,2020,109.81
bol,sex_f,age_ythadult_yge15,eco_isic4_q,2021,109.241
bol,sex_f,age_ythadult_yge15,eco_isic4_q,2022,123.963
bol,sex_f,age_ythadult_yge15,eco_isic4_q,2023,131.745
bol,sex_f,age_ythadult_yge15,eco_isic4_q,2024,144.752
bol,sex_f,age_ythadult_yge15,eco_isic4_r,2011,9.129
bol,sex_f,age_ythadult_yge15,eco_isic4_r,2012,6.444
bol,sex_f,age_ythadult_yge15,eco_isic4_r,2013,8.884
bol,sex_f,age_ythadult_yge15,eco_isic4_r,2014,8.364
bol,sex_f,age_ythadult_yge15,eco_isic4_r,2015,5.944
bol,sex_f,age_ythadult_yge15,eco_isic4_r,2016,6.736
bol,sex_f,age_ythadult_yge15,eco_isic4_r,2017,8.962
bol,sex_f,age_ythadult_yge15,eco_isic4_r,2018,9.312
bol,sex_f,age_ythadult_yge15,eco_isic4_r,2019,10.144
bol,sex_f,age_ythadult_yge15,eco_isic4_r,2020,6.17
bol,sex_f,age_ythadult_yge15,eco_isic4_r,2021,7.02
bol,sex_f,age_ythadult_yge15,eco_isic4_r,2022,8.429
bol,sex_f,age_ythadult_yge15,eco_isic4_r,2023,11.684
bol,sex_f,age_ythadult_yge15,eco_isic4_r,2024,13.29
bol,sex_f,age_ythadult_yge15,eco_isic4_s,2011,61.258
bol,sex_f,age_ythadult_yge15,eco_isic4_s,2012,46.563
bol,sex_f,age_ythadult_yge15,eco_isic4_s,2013,55.45
bol,sex_f,age_ythadult_yge15,eco_isic4_s,2014,59.373
bol,sex_f,age_ythadult_yge15,eco_isic4_s,2015,52.584
bol,sex_f,age_ythadult_yge15,eco_isic4_s,2016,51.423
bol,sex_f,age_ythadult_yge15,eco_isic4_s,2017,53.572
bol,sex_f,age_ythadult_yge15,eco_isic4_s,2018,59.481
bol,sex_f,age_ythadult_yge15,eco_isic4_s,2019,77.331
bol,sex_f,age_ythadult_yge15,eco_isic4_s,2020,64.344
bol,sex_f,age_ythadult_yge15,eco_isic4_s,2021,80.723
bol,sex_f,age_ythadult_yge15,eco_isic4_s,2022,92.914
bol,sex_f,age_ythadult_yge15,eco_isic4_s,2023,91.213
bol,sex_f,age_ythadult_yge15,eco_isic4_s,2024,111.637
bol,sex_f,age_ythadult_yge15,eco_isic4_t,2011,92.466
bol,sex_f,age_ythadult_yge15,eco_isic4_t,2012,118.98
bol,sex_f,age_ythadult_yge15,eco_isic4_t,2013,107.263
bol,sex_f,age_ythadult_yge15,eco_isic4_t,2014,98.854
bol,sex_f,age_ythadult_yge15,eco_isic4_t,2015,75.482
bol,sex_f,age_ythadult_yge15,eco_isic4_t,2016,86.605
bol,sex_f,age_ythadult_yge15,eco_isic4_t,2017,95.454
bol,sex_f,age_ythadult_yge15,eco_isic4_t,2018,87.254
bol,sex_f,age_ythadult_yge15,eco_isic4_t,2019,98.811
bol,sex_f,age_ythadult_yge15,eco_isic4_t,2020,72.615
bol,sex_f,age_ythadult_yge15,eco_isic4_t,2021,98.527
bol,sex_f,age_ythadult_yge15,eco_isic4_t,2022,118.339
bol,sex_f,age_ythadult_yge15,eco_isic4_t,2023,128.581
bol,sex_f,age_ythadult_yge15,eco_isic4_t,2024,133.049
bol,sex_f,age_ythadult_yge15,eco_isic4_total,2011,2116.048
bol,sex_f,age_ythadult_yge15,eco_isic4_total,2012,2061.848
bol,sex_f,age_ythadult_yge15,eco_isic4_total,2013,2182.954
bol,sex_f,age_ythadult_yge15,eco_isic4_total,2014,2231.151
bol,sex_f,age_ythadult_yge15,eco_isic4_total,2015,2038.195
bol,sex_f,age_ythadult_yge15,eco_isic4_total,2016,2085.87
bol,sex_f,age_ythadult_yge15,eco_isic4_total,2017,2222.857
bol,sex_f,age_ythadult_yge15,eco_isic4_total,2018,2451.17
bol,sex_f,age_ythadult_yge15,eco_isic4_total,2019,2562.175
bol,sex_f,age_ythadult_yge15,eco_isic4_total,2020,2358.598
bol,sex_f,age_ythadult_yge15,eco_isic4_total,2021,2874.465
bol,sex_f,age_ythadult_yge15,eco_isic4_total,2022,2996.99
bol,sex_f,age_ythadult_yge15,eco_isic4_total,2023,3120.202
bol,sex_f,age_ythadult_yge15,eco_isic4_total,2024,3258.324
bol,sex_f,age_ythadult_yge15,eco_isic4_u,2014,1.244
bol,sex_f,age_ythadult_yge15,eco_isic4_u,2015,2.307
bol,sex_f,age_ythadult_yge15,eco_isic4_u,2016,0.964
bol,sex_f,age_ythadult_yge15,eco_isic4_u,2017,0.254
bol,sex_f,age_ythadult_yge15,eco_isic4_u,2019,0.481
bol,sex_f,age_ythadult_yge15,eco_isic4_u,2021,0.247
bol,sex_f,age_ythadult_yge15,eco_isic4_u,2022,0.521
bol,sex_f,age_ythadult_yge15,eco_isic4_u,2024,0.416
bol,sex_f,age_ythadult_yge15,eco_isic4_x,2014,1.325
bol,sex_f,age_ythadult_yge15,eco_isic4_x,2015,1.237
bol,sex_f,age_ythadult_yge15,eco_isic4_x,2017,0.403
bol,sex_f,age_ythadult_yge15,eco_isic4_x,2020,1.934
bol,sex_f,age_ythadult_yge15,eco_isic4_x,2021,0.702
bol,sex_f,age_ythadult_yge15,eco_isic4_x,2022,0.907
bol,sex_f,age_ythadult_yge15,eco_isic4_x,2023,0.864
bol,sex_f,age_ythadult_yge15,eco_isic4_x,2024,0.695
bol,sex_f,age_ythadult_yge15,eco_sector_agr,1991,3.977
bol,sex_f,age_ythadult_yge15,eco_sector_agr,1992,4.89
bol,sex_f,age_ythadult_yge15,eco_sector_agr,1993,2.969
bol,sex_f,age_ythadult_yge15,eco_sector_agr,1994,2.428
bol,sex_f,age_ythadult_yge15,eco_sector_agr,1995,5.947
bol,sex_f,age_ythadult_yge15,eco_sector_agr,2000,526.651
bol,sex_f,age_ythadult_yge15,eco_sector_agr,2001,635.52
bol,sex_f,age_ythadult_yge15,eco_sector_agr,2002,559.281
bol,sex_f,age_ythadult_yge15,eco_sector_agr,2005,634.598
bol,sex_f,age_ythadult_yge15,eco_sector_agr,2006,668.749
bol,sex_f,age_ythadult_yge15,eco_sector_agr,2007,696.866
bol,sex_f,age_ythadult_yge15,eco_sector_agr,2008,649.194
bol,sex_f,age_ythadult_yge15,eco_sector_agr,2009,650.919
bol,sex_f,age_ythadult_yge15,eco_sector_agr,2011,735.44
bol,sex_f,age_ythadult_yge15,eco_sector_agr,2012,643.434
bol,sex_f,age_ythadult_yge15,eco_sector_agr,2013,724.969
bol,sex_f,age_ythadult_yge15,eco_sector_agr,2014,705.696
bol,sex_f,age_ythadult_yge15,eco_sector_agr,2015,625.73
bol,sex_f,age_ythadult_yge15,eco_sector_agr,2016,611.269
bol,sex_f,age_ythadult_yge15,eco_sector_agr,2017,682.077
bol,sex_f,age_ythadult_yge15,eco_sector_agr,2018,764.4
bol,sex_f,age_ythadult_yge15,eco_sector_agr,2019,709.567
bol,sex_f,age_ythadult_yge15,eco_sector_agr,2020,693.808
bol,sex_f,age_ythadult_yge15,eco_sector_agr,2021,802.853
bol,sex_f,age_ythadult_yge15,eco_sector_agr,2022,745.124
bol,sex_f,age_ythadult_yge15,eco_sector_agr,2023,782.436
bol,sex_f,age_ythadult_yge15,eco_sector_agr,2024,763.459
bol,sex_f,age_ythadult_yge15,eco_sector_ind,1989,40.7
bol,sex_f,age_ythadult_yge15,eco_sector_ind,1990,39.552
bol,sex_f,age_ythadult_yge15,eco_sector_ind,1991,59.149
bol,sex_f,age_ythadult_yge15,eco_sector_ind,1992,66.251
bol,sex_f,age_ythadult_yge15,eco_sector_ind,1993,69.869
bol,sex_f,age_ythadult_yge15,eco_sector_ind,1994,79.425
bol,sex_f,age_ythadult_yge15,eco_sector_ind,1995,85.089
bol,sex_f,age_ythadult_yge15,eco_sector_ind,1999,231.185
bol,sex_f,age_ythadult_yge15,eco_sector_ind,2000,153.018
bol,sex_f,age_ythadult_yge15,eco_sector_ind,2001,153.31
bol,sex_f,age_ythadult_yge15,eco_sector_ind,2002,175.21
bol,sex_f,age_ythadult_yge15,eco_sector_ind,2005,200.36
bol,sex_f,age_ythadult_yge15,eco_sector_ind,2006,196.536
bol,sex_f,age_ythadult_yge15,eco_sector_ind,2007,185.87
bol,sex_f,age_ythadult_yge15,eco_sector_ind,2008,227.93
bol,sex_f,age_ythadult_yge15,eco_sector_ind,2009,225.575
bol,sex_f,age_ythadult_yge15,eco_sector_ind,2011,140.594
bol,sex_f,age_ythadult_yge15,eco_sector_ind,2012,154.241
bol,sex_f,age_ythadult_yge15,eco_sector_ind,2013,141.119
bol,sex_f,age_ythadult_yge15,eco_sector_ind,2014,214.582
bol,sex_f,age_ythadult_yge15,eco_sector_ind,2015,181.444
bol,sex_f,age_ythadult_yge15,eco_sector_ind,2016,216.54
bol,sex_f,age_ythadult_yge15,eco_sector_ind,2017,220.408
bol,sex_f,age_ythadult_yge15,eco_sector_ind,2018,253.382
bol,sex_f,age_ythadult_yge15,eco_sector_ind,2019,299.534
bol,sex_f,age_ythadult_yge15,eco_sector_ind,2020,211.686
bol,sex_f,age_ythadult_yge15,eco_sector_ind,2021,358.951
bol,sex_f,age_ythadult_yge15,eco_sector_ind,2022,371.75
bol,sex_f,age_ythadult_yge15,eco_sector_ind,2023,394.297
bol,sex_f,age_ythadult_yge15,eco_sector_ind,2024,448.849
bol,sex_f,age_ythadult_yge15,eco_sector_nag,1989,369.656
bol,sex_f,age_ythadult_yge15,eco_sector_nag,1990,367.315
bol,sex_f,age_ythadult_yge15,eco_sector_nag,1991,393.048
bol,sex_f,age_ythadult_yge15,eco_sector_nag,1992,402.917
bol,sex_f,age_ythadult_yge15,eco_sector_nag,1993,456.625
bol,sex_f,age_ythadult_yge15,eco_sector_nag,1994,496.822
bol,sex_f,age_ythadult_yge15,eco_sector_nag,1995,518.496
bol,sex_f,age_ythadult_yge15,eco_sector_nag,1999,1650.858
bol,sex_f,age_ythadult_yge15,eco_sector_nag,2000,966.095
bol,sex_f,age_ythadult_yge15,eco_sector_nag,2001,961.616
bol,sex_f,age_ythadult_yge15,eco_sector_nag,2002,988.518
bol,sex_f,age_ythadult_yge15,eco_sector_nag,2005,1127.083
bol,sex_f,age_ythadult_yge15,eco_sector_nag,2006,1202.027
bol,sex_f,age_ythadult_yge15,eco_sector_nag,2007,1260.171
bol,sex_f,age_ythadult_yge15,eco_sector_nag,2008,1418.065
bol,sex_f,age_ythadult_yge15,eco_sector_nag,2009,1461.876
bol,sex_f,age_ythadult_yge15,eco_sector_nag,2011,1380.608
bol,sex_f,age_ythadult_yge15,eco_sector_nag,2012,1418.414
bol,sex_f,age_ythadult_yge15,eco_sector_nag,2013,1457.985
bol,sex_f,age_ythadult_yge15,eco_sector_nag,2014,1525.455
bol,sex_f,age_ythadult_yge15,eco_sector_nag,2015,1412.465
bol,sex_f,age_ythadult_yge15,eco_sector_nag,2016,1474.601
bol,sex_f,age_ythadult_yge15,eco_sector_nag,2017,1540.781
bol,sex_f,age_ythadult_yge15,eco_sector_nag,2018,1686.77
bol,sex_f,age_ythadult_yge15,eco_sector_nag,2019,1852.608
bol,sex_f,age_ythadult_yge15,eco_sector_nag,2020,1664.79
bol,sex_f,age_ythadult_yge15,eco_sector_nag,2021,2071.612
bol,sex_f,age_ythadult_yge15,eco_sector_nag,2022,2251.866
bol,sex_f,age_ythadult_yge15,eco_sector_nag,2023,2337.766
bol,sex_f,age_ythadult_yge15,eco_sector_nag,2024,2494.865
bol,sex_f,age_ythadult_yge15,eco_sector_ser,1989,324.615
bol,sex_f,age_ythadult_yge15,eco_sector_ser,1990,321.855
bol,sex_f,age_ythadult_yge15,eco_sector_ser,1991,333.876
bol,sex_f,age_ythadult_yge15,eco_sector_ser,1992,336.519
bol,sex_f,age_ythadult_yge15,eco_sector_ser,1993,386.756
bol,sex_f,age_ythadult_yge15,eco_sector_ser,1994,417.226
bol,sex_f,age_ythadult_yge15,eco_sector_ser,1995,433.076
bol,sex_f,age_ythadult_yge15,eco_sector_ser,1999,1397.547
bol,sex_f,age_ythadult_yge15,eco_sector_ser,2000,791.077
bol,sex_f,age_ythadult_yge15,eco_sector_ser,2001,794.942
bol,sex_f,age_ythadult_yge15,eco_sector_ser,2002,813.308
bol,sex_f,age_ythadult_yge15,eco_sector_ser,2005,926.723
bol,sex_f,age_ythadult_yge15,eco_sector_ser,2006,1005.491
bol,sex_f,age_ythadult_yge15,eco_sector_ser,2007,1074.301
bol,sex_f,age_ythadult_yge15,eco_sector_ser,2008,1190.135
bol,sex_f,age_ythadult_yge15,eco_sector_ser,2009,1236.301
bol,sex_f,age_ythadult_yge15,eco_sector_ser,2011,1240.014
bol,sex_f,age_ythadult_yge15,eco_sector_ser,2012,1264.173
bol,sex_f,age_ythadult_yge15,eco_sector_ser,2013,1316.866
bol,sex_f,age_ythadult_yge15,eco_sector_ser,2014,1309.548
bol,sex_f,age_ythadult_yge15,eco_sector_ser,2015,1229.784
bol,sex_f,age_ythadult_yge15,eco_sector_ser,2016,1257.948
bol,sex_f,age_ythadult_yge15,eco_sector_ser,2017,1319.97
bol,sex_f,age_ythadult_yge15,eco_sector_ser,2018,1433.388
bol,sex_f,age_ythadult_yge15,eco_sector_ser,2019,1553.074
bol,sex_f,age_ythadult_yge15,eco_sector_ser,2020,1451.17
bol,sex_f,age_ythadult_yge15,eco_sector_ser,2021,1711.96
bol,sex_f,age_ythadult_yge15,eco_sector_ser,2022,1879.209
bol,sex_f,age_ythadult_yge15,eco_sector_ser,2023,1942.606
bol,sex_f,age_ythadult_yge15,eco_sector_ser,2024,2045.321
bol,sex_f,age_ythadult_yge15,eco_sector_total,1989,369.656
bol,sex_f,age_ythadult_yge15,eco_sector_total,1990,367.315
bol,sex_f,age_ythadult_yge15,eco_sector_total,1991,397.025
bol,sex_f,age_ythadult_yge15,eco_sector_total,1992,407.807
bol,sex_f,age_ythadult_yge15,eco_sector_total,1993,459.594
bol,sex_f,age_ythadult_yge15,eco_sector_total,1994,499.25
bol,sex_f,age_ythadult_yge15,eco_sector_total,1995,524.443
bol,sex_f,age_ythadult_yge15,eco_sector_total,1999,1650.858
bol,sex_f,age_ythadult_yge15,eco_sector_total,2000,1492.746
bol,sex_f,age_ythadult_yge15,eco_sector_total,2001,1597.136
bol,sex_f,age_ythadult_yge15,eco_sector_total,2002,1547.799
bol,sex_f,age_ythadult_yge15,eco_sector_total,2005,1761.681
bol,sex_f,age_ythadult_yge15,eco_sector_total,2006,1870.776
bol,sex_f,age_ythadult_yge15,eco_sector_total,2007,1957.037
bol,sex_f,age_ythadult_yge15,eco_sector_total,2008,2067.259
bol,sex_f,age_ythadult_yge15,eco_sector_total,2009,2112.795
bol,sex_f,age_ythadult_yge15,eco_sector_total,2011,2116.048
bol,sex_f,age_ythadult_yge15,eco_sector_total,2012,2061.848
bol,sex_f,age_ythadult_yge15,eco_sector_total,2013,2182.954
bol,sex_f,age_ythadult_yge15,eco_sector_total,2014,2231.151
bol,sex_f,age_ythadult_yge15,eco_sector_total,2015,2038.195
bol,sex_f,age_ythadult_yge15,eco_sector_total,2016,2085.87
bol,sex_f,age_ythadult_yge15,eco_sector_total,2017,2222.857
bol,sex_f,age_ythadult_yge15,eco_sector_total,2018,2451.17
bol,sex_f,age_ythadult_yge15,eco_sector_total,2019,2562.175
bol,sex_f,age_ythadult_yge15,eco_sector_total,2020,2358.598
bol,sex_f,age_ythadult_yge15,eco_sector_total,2021,2874.465
bol,sex_f,age_ythadult_yge15,eco_sector_total,2022,2996.99
bol,sex_f,age_ythadult_yge15,eco_sector_total,2023,3120.202
bol,sex_f,age_ythadult_yge15,eco_sector_total,2024,3258.324
bol,sex_f,age_ythadult_yge15,eco_sector_x,1989,4.343
bol,sex_f,age_ythadult_yge15,eco_sector_x,1990,5.908
bol,sex_f,age_ythadult_yge15,eco_sector_x,1999,22.126
bol,sex_f,age_ythadult_yge15,eco_sector_x,2000,22
bol,sex_f,age_ythadult_yge15,eco_sector_x,2001,13.364
bol,sex_f,age_ythadult_yge15,eco_sector_x,2014,1.325
bol,sex_f,age_ythadult_yge15,eco_sector_x,2015,1.237
bol,sex_f,age_ythadult_yge15,eco_sector_x,2017,0.403
bol,sex_f,age_ythadult_yge15,eco_sector_x,2020,1.934
bol,sex_f,age_ythadult_yge15,eco_sector_x,2021,0.702
bol,sex_f,age_ythadult_yge15,eco_sector_x,2022,0.907
bol,sex_f,age_ythadult_yge15,eco_sector_x,2023,0.864
bol,sex_f,age_ythadult_yge15,eco_sector_x,2024,0.695
bol,sex_f,age_ythadult_yge25,eco_aggregate_agr,1991,2.721
bol,sex_f,age_ythadult_yge25,eco_aggregate_agr,1992,4.34
bol,sex_f,age_ythadult_yge25,eco_aggregate_agr,1993,2.434
bol,sex_f,age_ythadult_yge25,eco_aggregate_agr,1994,1.48
bol,sex_f,age_ythadult_yge25,eco_aggregate_agr,1995,4.849
bol,sex_f,age_ythadult_yge25,eco_aggregate_agr,2000,402.945
bol,sex_f,age_ythadult_yge25,eco_aggregate_agr,2001,476.295
bol,sex_f,age_ythadult_yge25,eco_aggregate_agr,2002,421.736
bol,sex_f,age_ythadult_yge25,eco_aggregate_agr,2005,507.113
bol,sex_f,age_ythadult_yge25,eco_aggregate_agr,2006,517.253
bol,sex_f,age_ythadult_yge25,eco_aggregate_agr,2007,535.875
bol,sex_f,age_ythadult_yge25,eco_aggregate_agr,2008,507.315
bol,sex_f,age_ythadult_yge25,eco_aggregate_agr,2009,520.388
bol,sex_f,age_ythadult_yge25,eco_aggregate_agr,2011,578.376
bol,sex_f,age_ythadult_yge25,eco_aggregate_agr,2012,513.467
bol,sex_f,age_ythadult_yge25,eco_aggregate_agr,2013,591.079
bol,sex_f,age_ythadult_yge25,eco_aggregate_agr,2014,565.357
bol,sex_f,age_ythadult_yge25,eco_aggregate_agr,2015,515.761
bol,sex_f,age_ythadult_yge25,eco_aggregate_agr,2016,498.358
bol,sex_f,age_ythadult_yge25,eco_aggregate_agr,2017,557.863
bol,sex_f,age_ythadult_yge25,eco_aggregate_agr,2018,628.64
bol,sex_f,age_ythadult_yge25,eco_aggregate_agr,2019,590.588
bol,sex_f,age_ythadult_yge25,eco_aggregate_agr,2020,575.274
bol,sex_f,age_ythadult_yge25,eco_aggregate_agr,2021,647.365
bol,sex_f,age_ythadult_yge25,eco_aggregate_agr,2022,608.798
bol,sex_f,age_ythadult_yge25,eco_aggregate_agr,2023,648.211
bol,sex_f,age_ythadult_yge25,eco_aggregate_agr,2024,641.707
bol,sex_f,age_ythadult_yge25,eco_aggregate_con,1991,2.069
bol,sex_f,age_ythadult_yge25,eco_aggregate_con,1992,0.937
bol,sex_f,age_ythadult_yge25,eco_aggregate_con,1993,0.732
bol,sex_f,age_ythadult_yge25,eco_aggregate_con,1994,1.524
bol,sex_f,age_ythadult_yge25,eco_aggregate_con,1995,1.498
bol,sex_f,age_ythadult_yge25,eco_aggregate_con,2000,6.45
bol,sex_f,age_ythadult_yge25,eco_aggregate_con,2001,4.459
bol,sex_f,age_ythadult_yge25,eco_aggregate_con,2002,8.42
bol,sex_f,age_ythadult_yge25,eco_aggregate_con,2005,18.457
bol,sex_f,age_ythadult_yge25,eco_aggregate_con,2007,5.923
bol,sex_f,age_ythadult_yge25,eco_aggregate_con,2008,13.149
bol,sex_f,age_ythadult_yge25,eco_aggregate_con,2009,11.132
bol,sex_f,age_ythadult_yge25,eco_aggregate_con,2011,11.86
bol,sex_f,age_ythadult_yge25,eco_aggregate_con,2012,12.316
bol,sex_f,age_ythadult_yge25,eco_aggregate_con,2013,10.262
bol,sex_f,age_ythadult_yge25,eco_aggregate_con,2014,17.793
bol,sex_f,age_ythadult_yge25,eco_aggregate_con,2015,14.319
bol,sex_f,age_ythadult_yge25,eco_aggregate_con,2016,11.759
bol,sex_f,age_ythadult_yge25,eco_aggregate_con,2017,10.067
bol,sex_f,age_ythadult_yge25,eco_aggregate_con,2018,11.285
bol,sex_f,age_ythadult_yge25,eco_aggregate_con,2019,11.777
bol,sex_f,age_ythadult_yge25,eco_aggregate_con,2020,8.392
bol,sex_f,age_ythadult_yge25,eco_aggregate_con,2021,11.8
bol,sex_f,age_ythadult_yge25,eco_aggregate_con,2022,12.623
bol,sex_f,age_ythadult_yge25,eco_aggregate_con,2023,13.271
bol,sex_f,age_ythadult_yge25,eco_aggregate_con,2024,15.332
bol,sex_f,age_ythadult_yge25,eco_aggregate_man,1989,27.337
bol,sex_f,age_ythadult_yge25,eco_aggregate_man,1990,28.546
bol,sex_f,age_ythadult_yge25,eco_aggregate_man,1991,38.054
bol,sex_f,age_ythadult_yge25,eco_aggregate_man,1992,47.882
bol,sex_f,age_ythadult_yge25,eco_aggregate_man,1993,45.831
bol,sex_f,age_ythadult_yge25,eco_aggregate_man,1994,53.1
bol,sex_f,age_ythadult_yge25,eco_aggregate_man,1995,54.847
bol,sex_f,age_ythadult_yge25,eco_aggregate_man,1999,142.519
bol,sex_f,age_ythadult_yge25,eco_aggregate_man,2000,97.149
bol,sex_f,age_ythadult_yge25,eco_aggregate_man,2001,109.031
bol,sex_f,age_ythadult_yge25,eco_aggregate_man,2002,128.935
bol,sex_f,age_ythadult_yge25,eco_aggregate_man,2005,129.401
bol,sex_f,age_ythadult_yge25,eco_aggregate_man,2006,141.322
bol,sex_f,age_ythadult_yge25,eco_aggregate_man,2007,145.945
bol,sex_f,age_ythadult_yge25,eco_aggregate_man,2008,169.341
bol,sex_f,age_ythadult_yge25,eco_aggregate_man,2009,156.739
bol,sex_f,age_ythadult_yge25,eco_aggregate_man,2011,81.659
bol,sex_f,age_ythadult_yge25,eco_aggregate_man,2012,98.875
bol,sex_f,age_ythadult_yge25,eco_aggregate_man,2013,84.739
bol,sex_f,age_ythadult_yge25,eco_aggregate_man,2014,145.49
bol,sex_f,age_ythadult_yge25,eco_aggregate_man,2015,125.548
bol,sex_f,age_ythadult_yge25,eco_aggregate_man,2016,158.519
bol,sex_f,age_ythadult_yge25,eco_aggregate_man,2017,166.605
bol,sex_f,age_ythadult_yge25,eco_aggregate_man,2018,189.111
bol,sex_f,age_ythadult_yge25,eco_aggregate_man,2019,231.776
bol,sex_f,age_ythadult_yge25,eco_aggregate_man,2020,163.522
bol,sex_f,age_ythadult_yge25,eco_aggregate_man,2021,266.268
bol,sex_f,age_ythadult_yge25,eco_aggregate_man,2022,276.513
bol,sex_f,age_ythadult_yge25,eco_aggregate_man,2023,300.903
bol,sex_f,age_ythadult_yge25,eco_aggregate_man,2024,338.869
bol,sex_f,age_ythadult_yge25,eco_aggregate_mel,1989,3.512
bol,sex_f,age_ythadult_yge25,eco_aggregate_mel,1990,1.047
bol,sex_f,age_ythadult_yge25,eco_aggregate_mel,1991,2.191
bol,sex_f,age_ythadult_yge25,eco_aggregate_mel,1992,1.645
bol,sex_f,age_ythadult_yge25,eco_aggregate_mel,1993,1.46
bol,sex_f,age_ythadult_yge25,eco_aggregate_mel,1994,1.329
bol,sex_f,age_ythadult_yge25,eco_aggregate_mel,1995,2.599
bol,sex_f,age_ythadult_yge25,eco_aggregate_mel,1999,61.082
bol,sex_f,age_ythadult_yge25,eco_aggregate_mel,2000,6.453
bol,sex_f,age_ythadult_yge25,eco_aggregate_mel,2001,5.065
bol,sex_f,age_ythadult_yge25,eco_aggregate_mel,2002,4.858
bol,sex_f,age_ythadult_yge25,eco_aggregate_mel,2005,9.687
bol,sex_f,age_ythadult_yge25,eco_aggregate_mel,2006,4.495
bol,sex_f,age_ythadult_yge25,eco_aggregate_mel,2007,2.361
bol,sex_f,age_ythadult_yge25,eco_aggregate_mel,2008,6.41
bol,sex_f,age_ythadult_yge25,eco_aggregate_mel,2009,4.156
bol,sex_f,age_ythadult_yge25,eco_aggregate_mel,2011,13.499
bol,sex_f,age_ythadult_yge25,eco_aggregate_mel,2012,24.192
bol,sex_f,age_ythadult_yge25,eco_aggregate_mel,2013,17.745
bol,sex_f,age_ythadult_yge25,eco_aggregate_mel,2014,10.076
bol,sex_f,age_ythadult_yge25,eco_aggregate_mel,2015,14.694
bol,sex_f,age_ythadult_yge25,eco_aggregate_mel,2016,10.269
bol,sex_f,age_ythadult_yge25,eco_aggregate_mel,2017,8.945
bol,sex_f,age_ythadult_yge25,eco_aggregate_mel,2018,9.366
bol,sex_f,age_ythadult_yge25,eco_aggregate_mel,2019,6.698
bol,sex_f,age_ythadult_yge25,eco_aggregate_mel,2020,9.876
bol,sex_f,age_ythadult_yge25,eco_aggregate_mel,2021,9.746
bol,sex_f,age_ythadult_yge25,eco_aggregate_mel,2022,13.916
bol,sex_f,age_ythadult_yge25,eco_aggregate_mel,2023,13.272
bol,sex_f,age_ythadult_yge25,eco_aggregate_mel,2024,13.452
bol,sex_f,age_ythadult_yge25,eco_aggregate_mkt,1989,139.101
bol,sex_f,age_ythadult_yge25,eco_aggregate_mkt,1990,133.742
bol,sex_f,age_ythadult_yge25,eco_aggregate_mkt,1991,149.947
bol,sex_f,age_ythadult_yge25,eco_aggregate_mkt,1992,152.085
bol,sex_f,age_ythadult_yge25,eco_aggregate_mkt,1993,173.774
bol,sex_f,age_ythadult_yge25,eco_aggregate_mkt,1994,201.9
bol,sex_f,age_ythadult_yge25,eco_aggregate_mkt,1995,203.441
bol,sex_f,age_ythadult_yge25,eco_aggregate_mkt,1999,951.419
bol,sex_f,age_ythadult_yge25,eco_aggregate_mkt,2000,392.465
bol,sex_f,age_ythadult_yge25,eco_aggregate_mkt,2001,365.684
bol,sex_f,age_ythadult_yge25,eco_aggregate_mkt,2002,396.305
bol,sex_f,age_ythadult_yge25,eco_aggregate_mkt,2005,463.27
bol,sex_f,age_ythadult_yge25,eco_aggregate_mkt,2006,478.329
bol,sex_f,age_ythadult_yge25,eco_aggregate_mkt,2007,496.287
bol,sex_f,age_ythadult_yge25,eco_aggregate_mkt,2008,617.96
bol,sex_f,age_ythadult_yge25,eco_aggregate_mkt,2009,591.665
bol,sex_f,age_ythadult_yge25,eco_aggregate_mkt,2011,625.867
bol,sex_f,age_ythadult_yge25,eco_aggregate_mkt,2012,672.302
bol,sex_f,age_ythadult_yge25,eco_aggregate_mkt,2013,677.958
bol,sex_f,age_ythadult_yge25,eco_aggregate_mkt,2014,696.492
bol,sex_f,age_ythadult_yge25,eco_aggregate_mkt,2015,695.329
bol,sex_f,age_ythadult_yge25,eco_aggregate_mkt,2016,691.313
bol,sex_f,age_ythadult_yge25,eco_aggregate_mkt,2017,742.742
bol,sex_f,age_ythadult_yge25,eco_aggregate_mkt,2018,810.238
bol,sex_f,age_ythadult_yge25,eco_aggregate_mkt,2019,849.961
bol,sex_f,age_ythadult_yge25,eco_aggregate_mkt,2020,847.97
bol,sex_f,age_ythadult_yge25,eco_aggregate_mkt,2021,953.45
bol,sex_f,age_ythadult_yge25,eco_aggregate_mkt,2022,1042.602
bol,sex_f,age_ythadult_yge25,eco_aggregate_mkt,2023,1064.582
bol,sex_f,age_ythadult_yge25,eco_aggregate_mkt,2024,1110.882
bol,sex_f,age_ythadult_yge25,eco_aggregate_pub,1989,107.933
bol,sex_f,age_ythadult_yge25,eco_aggregate_pub,1990,111.395
bol,sex_f,age_ythadult_yge25,eco_aggregate_pub,1991,102.028
bol,sex_f,age_ythadult_yge25,eco_aggregate_pub,1992,99.648
bol,sex_f,age_ythadult_yge25,eco_aggregate_pub,1993,112.871
bol,sex_f,age_ythadult_yge25,eco_aggregate_pub,1994,114.685
bol,sex_f,age_ythadult_yge25,eco_aggregate_pub,1995,121.62
bol,sex_f,age_ythadult_yge25,eco_aggregate_pub,1999,116.915
bol,sex_f,age_ythadult_yge25,eco_aggregate_pub,2000,239.526
bol,sex_f,age_ythadult_yge25,eco_aggregate_pub,2001,226.777
bol,sex_f,age_ythadult_yge25,eco_aggregate_pub,2002,232.591
bol,sex_f,age_ythadult_yge25,eco_aggregate_pub,2005,270.418
bol,sex_f,age_ythadult_yge25,eco_aggregate_pub,2006,327.262
bol,sex_f,age_ythadult_yge25,eco_aggregate_pub,2007,384.137
bol,sex_f,age_ythadult_yge25,eco_aggregate_pub,2008,330.383
bol,sex_f,age_ythadult_yge25,eco_aggregate_pub,2009,403.379
bol,sex_f,age_ythadult_yge25,eco_aggregate_pub,2011,386.022
bol,sex_f,age_ythadult_yge25,eco_aggregate_pub,2012,386.928
bol,sex_f,age_ythadult_yge25,eco_aggregate_pub,2013,428.965
bol,sex_f,age_ythadult_yge25,eco_aggregate_pub,2014,389.792
bol,sex_f,age_ythadult_yge25,eco_aggregate_pub,2015,344.191
bol,sex_f,age_ythadult_yge25,eco_aggregate_pub,2016,365.036
bol,sex_f,age_ythadult_yge25,eco_aggregate_pub,2017,372.922
bol,sex_f,age_ythadult_yge25,eco_aggregate_pub,2018,384.677
bol,sex_f,age_ythadult_yge25,eco_aggregate_pub,2019,434.548
bol,sex_f,age_ythadult_yge25,eco_aggregate_pub,2020,404.669
bol,sex_f,age_ythadult_yge25,eco_aggregate_pub,2021,422.23
bol,sex_f,age_ythadult_yge25,eco_aggregate_pub,2022,475.591
bol,sex_f,age_ythadult_yge25,eco_aggregate_pub,2023,517.219
bol,sex_f,age_ythadult_yge25,eco_aggregate_pub,2024,551.189
bol,sex_f,age_ythadult_yge25,eco_aggregate_total,1989,281.124
bol,sex_f,age_ythadult_yge25,eco_aggregate_total,1990,278.634
bol,sex_f,age_ythadult_yge25,eco_aggregate_total,1991,297.01
bol,sex_f,age_ythadult_yge25,eco_aggregate_total,1992,306.684
bol,sex_f,age_ythadult_yge25,eco_aggregate_total,1993,337.102
bol,sex_f,age_ythadult_yge25,eco_aggregate_total,1994,374.189
bol,sex_f,age_ythadult_yge25,eco_aggregate_total,1995,389.116
bol,sex_f,age_ythadult_yge25,eco_aggregate_total,1999,1284.576
bol,sex_f,age_ythadult_yge25,eco_aggregate_total,2000,1162.232
bol,sex_f,age_ythadult_yge25,eco_aggregate_total,2001,1198.315
bol,sex_f,age_ythadult_yge25,eco_aggregate_total,2002,1192.845
bol,sex_f,age_ythadult_yge25,eco_aggregate_total,2005,1398.346
bol,sex_f,age_ythadult_yge25,eco_aggregate_total,2006,1470.462
bol,sex_f,age_ythadult_yge25,eco_aggregate_total,2007,1570.528
bol,sex_f,age_ythadult_yge25,eco_aggregate_total,2008,1644.558
bol,sex_f,age_ythadult_yge25,eco_aggregate_total,2009,1687.459
bol,sex_f,age_ythadult_yge25,eco_aggregate_total,2011,1697.283
bol,sex_f,age_ythadult_yge25,eco_aggregate_total,2012,1708.08
bol,sex_f,age_ythadult_yge25,eco_aggregate_total,2013,1810.748
bol,sex_f,age_ythadult_yge25,eco_aggregate_total,2014,1826.009
bol,sex_f,age_ythadult_yge25,eco_aggregate_total,2015,1710.421
bol,sex_f,age_ythadult_yge25,eco_aggregate_total,2016,1735.333
bol,sex_f,age_ythadult_yge25,eco_aggregate_total,2017,1859.311
bol,sex_f,age_ythadult_yge25,eco_aggregate_total,2018,2033.318
bol,sex_f,age_ythadult_yge25,eco_aggregate_total,2019,2125.347
bol,sex_f,age_ythadult_yge25,eco_aggregate_total,2020,2011.24
bol,sex_f,age_ythadult_yge25,eco_aggregate_total,2021,2311.15
bol,sex_f,age_ythadult_yge25,eco_aggregate_total,2022,2430.671
bol,sex_f,age_ythadult_yge25,eco_aggregate_total,2023,2558.127
bol,sex_f,age_ythadult_yge25,eco_aggregate_total,2024,2671.724
bol,sex_f,age_ythadult_yge25,eco_aggregate_x,1989,3.241
bol,sex_f,age_ythadult_yge25,eco_aggregate_x,1990,3.904
bol,sex_f,age_ythadult_yge25,eco_aggregate_x,1999,12.641
bol,sex_f,age_ythadult_yge25,eco_aggregate_x,2000,17.244
bol,sex_f,age_ythadult_yge25,eco_aggregate_x,2001,11.004
bol,sex_f,age_ythadult_yge25,eco_aggregate_x,2014,1.009
bol,sex_f,age_ythadult_yge25,eco_aggregate_x,2017,0.167
bol,sex_f,age_ythadult_yge25,eco_aggregate_x,2021,0.291
bol,sex_f,age_ythadult_yge25,eco_aggregate_x,2022,0.629
bol,sex_f,age_ythadult_yge25,eco_aggregate_x,2023,0.668
bol,sex_f,age_ythadult_yge25,eco_aggregate_x,2024,0.293
bol,sex_f,age_ythadult_yge25,eco_isic3_a,1991,2.721
bol,sex_f,age_ythadult_yge25,eco_isic3_a,1992,4.34
bol,sex_f,age_ythadult_yge25,eco_isic3_a,1993,2.434
bol,sex_f,age_ythadult_yge25,eco_isic3_a,1994,1.48
bol,sex_f,age_ythadult_yge25,eco_isic3_a,1995,4.849
bol,sex_f,age_ythadult_yge25,eco_isic3_a,2000,402.945
bol,sex_f,age_ythadult_yge25,eco_isic3_a,2001,476.295
bol,sex_f,age_ythadult_yge25,eco_isic3_a,2002,421.736
bol,sex_f,age_ythadult_yge25,eco_isic3_a,2005,506.54
bol,sex_f,age_ythadult_yge25,eco_isic3_a,2006,517.253
bol,sex_f,age_ythadult_yge25,eco_isic3_a,2007,535.875
bol,sex_f,age_ythadult_yge25,eco_isic3_a,2008,505.629
bol,sex_f,age_ythadult_yge25,eco_isic3_a,2009,517.788
bol,sex_f,age_ythadult_yge25,eco_isic3_c,1989,3.229
bol,sex_f,age_ythadult_yge25,eco_isic3_c,1990,0.784
bol,sex_f,age_ythadult_yge25,eco_isic3_c,1991,1.676
bol,sex_f,age_ythadult_yge25,eco_isic3_c,1992,0.753
bol,sex_f,age_ythadult_yge25,eco_isic3_c,1993,1.116
bol,sex_f,age_ythadult_yge25,eco_isic3_c,1994,0.888
bol,sex_f,age_ythadult_yge25,eco_isic3_c,1995,1.532
bol,sex_f,age_ythadult_yge25,eco_isic3_c,1999,20.074
bol,sex_f,age_ythadult_yge25,eco_isic3_c,2000,4.514
bol,sex_f,age_ythadult_yge25,eco_isic3_c,2001,2.332
bol,sex_f,age_ythadult_yge25,eco_isic3_c,2002,3.601
bol,sex_f,age_ythadult_yge25,eco_isic3_c,2005,7.1
bol,sex_f,age_ythadult_yge25,eco_isic3_c,2006,4.091
bol,sex_f,age_ythadult_yge25,eco_isic3_d,1989,27.337
bol,sex_f,age_ythadult_yge25,eco_isic3_d,1990,28.546
bol,sex_f,age_ythadult_yge25,eco_isic3_d,1991,38.054
bol,sex_f,age_ythadult_yge25,eco_isic3_d,1992,47.882
bol,sex_f,age_ythadult_yge25,eco_isic3_d,1993,45.831
bol,sex_f,age_ythadult_yge25,eco_isic3_d,1994,53.1
bol,sex_f,age_ythadult_yge25,eco_isic3_d,1995,54.847
bol,sex_f,age_ythadult_yge25,eco_isic3_d,1999,142.519
bol,sex_f,age_ythadult_yge25,eco_isic3_d,2000,97.149
bol,sex_f,age_ythadult_yge25,eco_isic3_d,2001,109.031
bol,sex_f,age_ythadult_yge25,eco_isic3_d,2002,128.935
bol,sex_f,age_ythadult_yge25,eco_isic3_d,2005,129.401
bol,sex_f,age_ythadult_yge25,eco_isic3_d,2006,141.322
bol,sex_f,age_ythadult_yge25,eco_isic3_d,2007,145.945
bol,sex_f,age_ythadult_yge25,eco_isic3_d,2008,169.341
bol,sex_f,age_ythadult_yge25,eco_isic3_d,2009,156.739
bol,sex_f,age_ythadult_yge25,eco_isic3_e,1989,0.283
bol,sex_f,age_ythadult_yge25,eco_isic3_e,1991,0.515
bol,sex_f,age_ythadult_yge25,eco_isic3_e,1992,0.892
bol,sex_f,age_ythadult_yge25,eco_isic3_e,1995,1.067
bol,sex_f,age_ythadult_yge25,eco_isic3_e,1999,41.008
bol,sex_f,age_ythadult_yge25,eco_isic3_e,2000,1.939
bol,sex_f,age_ythadult_yge25,eco_isic3_e,2001,2.733
bol,sex_f,age_ythadult_yge25,eco_isic3_e,2002,1.257
bol,sex_f,age_ythadult_yge25,eco_isic3_e,2008,2.972
bol,sex_f,age_ythadult_yge25,eco_isic3_f,1991,2.069
bol,sex_f,age_ythadult_yge25,eco_isic3_f,1992,0.937
bol,sex_f,age_ythadult_yge25,eco_isic3_f,1993,0.732
bol,sex_f,age_ythadult_yge25,eco_isic3_f,1994,1.524
bol,sex_f,age_ythadult_yge25,eco_isic3_f,1995,1.498
bol,sex_f,age_ythadult_yge25,eco_isic3_f,2000,6.45
bol,sex_f,age_ythadult_yge25,eco_isic3_f,2001,4.459
bol,sex_f,age_ythadult_yge25,eco_isic3_f,2002,8.42
bol,sex_f,age_ythadult_yge25,eco_isic3_f,2005,18.457
bol,sex_f,age_ythadult_yge25,eco_isic3_f,2007,5.923
bol,sex_f,age_ythadult_yge25,eco_isic3_f,2008,13.149
bol,sex_f,age_ythadult_yge25,eco_isic3_f,2009,11.132
bol,sex_f,age_ythadult_yge25,eco_isic3_g,1989,1.203
bol,sex_f,age_ythadult_yge25,eco_isic3_g,1990,1.282
bol,sex_f,age_ythadult_yge25,eco_isic3_g,1991,117.37
bol,sex_f,age_ythadult_yge25,eco_isic3_g,1992,119.726
bol,sex_f,age_ythadult_yge25,eco_isic3_g,1993,130.283
bol,sex_f,age_ythadult_yge25,eco_isic3_g,1994,149.026
bol,sex_f,age_ythadult_yge25,eco_isic3_g,1995,151.079
bol,sex_f,age_ythadult_yge25,eco_isic3_g,1999,335.561
bol,sex_f,age_ythadult_yge25,eco_isic3_g,2000,281.873
bol,sex_f,age_ythadult_yge25,eco_isic3_g,2001,249.901
bol,sex_f,age_ythadult_yge25,eco_isic3_g,2002,259.013
bol,sex_f,age_ythadult_yge25,eco_isic3_g,2005,320.893
bol,sex_f,age_ythadult_yge25,eco_isic3_g,2006,310.04
bol,sex_f,age_ythadult_yge25,eco_isic3_g,2007,323.143
bol,sex_f,age_ythadult_yge25,eco_isic3_g,2008,412.91
bol,sex_f,age_ythadult_yge25,eco_isic3_g,2009,360.03
bol,sex_f,age_ythadult_yge25,eco_isic3_h,1991,21.708
bol,sex_f,age_ythadult_yge25,eco_isic3_h,1992,19.789
bol,sex_f,age_ythadult_yge25,eco_isic3_h,1993,28.562
bol,sex_f,age_ythadult_yge25,eco_isic3_h,1994,37.365
bol,sex_f,age_ythadult_yge25,eco_isic3_h,1995,36.493
bol,sex_f,age_ythadult_yge25,eco_isic3_h,2000,71.399
bol,sex_f,age_ythadult_yge25,eco_isic3_h,2001,69.864
bol,sex_f,age_ythadult_yge25,eco_isic3_h,2002,99.981
bol,sex_f,age_ythadult_yge25,eco_isic3_h,2005,91.729
bol,sex_f,age_ythadult_yge25,eco_isic3_h,2006,96.594
bol,sex_f,age_ythadult_yge25,eco_isic3_h,2007,104.17
bol,sex_f,age_ythadult_yge25,eco_isic3_h,2008,114.673
bol,sex_f,age_ythadult_yge25,eco_isic3_h,2009,126.512
bol,sex_f,age_ythadult_yge25,eco_isic3_i,1989,133.803
bol,sex_f,age_ythadult_yge25,eco_isic3_i,1990,129.525
bol,sex_f,age_ythadult_yge25,eco_isic3_i,1991,3.182
bol,sex_f,age_ythadult_yge25,eco_isic3_i,1992,3.329
bol,sex_f,age_ythadult_yge25,eco_isic3_i,1993,3.917
bol,sex_f,age_ythadult_yge25,eco_isic3_i,1994,4.264
bol,sex_f,age_ythadult_yge25,eco_isic3_i,1995,4.566
bol,sex_f,age_ythadult_yge25,eco_isic3_i,1999,501.837
bol,sex_f,age_ythadult_yge25,eco_isic3_i,2000,13.056
bol,sex_f,age_ythadult_yge25,eco_isic3_i,2001,15.603
bol,sex_f,age_ythadult_yge25,eco_isic3_i,2002,9.32
bol,sex_f,age_ythadult_yge25,eco_isic3_i,2005,15.837
bol,sex_f,age_ythadult_yge25,eco_isic3_i,2006,22.189
bol,sex_f,age_ythadult_yge25,eco_isic3_i,2007,22.993
bol,sex_f,age_ythadult_yge25,eco_isic3_i,2008,34.468
bol,sex_f,age_ythadult_yge25,eco_isic3_i,2009,30.288
bol,sex_f,age_ythadult_yge25,eco_isic3_j,1991,3.24
bol,sex_f,age_ythadult_yge25,eco_isic3_j,1992,3.249
bol,sex_f,age_ythadult_yge25,eco_isic3_j,1993,4.247
bol,sex_f,age_ythadult_yge25,eco_isic3_j,1994,3.262
bol,sex_f,age_ythadult_yge25,eco_isic3_j,1995,4.52
bol,sex_f,age_ythadult_yge25,eco_isic3_j,2000,5.711
bol,sex_f,age_ythadult_yge25,eco_isic3_j,2001,4.661
bol,sex_f,age_ythadult_yge25,eco_isic3_j,2002,6.859
bol,sex_f,age_ythadult_yge25,eco_isic3_j,2005,4.742
bol,sex_f,age_ythadult_yge25,eco_isic3_j,2006,9.215
bol,sex_f,age_ythadult_yge25,eco_isic3_j,2007,8.796
bol,sex_f,age_ythadult_yge25,eco_isic3_j,2008,12.316
bol,sex_f,age_ythadult_yge25,eco_isic3_j,2009,13.895
bol,sex_f,age_ythadult_yge25,eco_isic3_k,1989,4.094
bol,sex_f,age_ythadult_yge25,eco_isic3_k,1990,2.935
bol,sex_f,age_ythadult_yge25,eco_isic3_k,1991,4.447
bol,sex_f,age_ythadult_yge25,eco_isic3_k,1992,5.992
bol,sex_f,age_ythadult_yge25,eco_isic3_k,1993,6.765
bol,sex_f,age_ythadult_yge25,eco_isic3_k,1994,7.983
bol,sex_f,age_ythadult_yge25,eco_isic3_k,1995,6.783
bol,sex_f,age_ythadult_yge25,eco_isic3_k,1999,114.021
bol,sex_f,age_ythadult_yge25,eco_isic3_k,2000,20.426
bol,sex_f,age_ythadult_yge25,eco_isic3_k,2001,25.655
bol,sex_f,age_ythadult_yge25,eco_isic3_k,2002,21.132
bol,sex_f,age_ythadult_yge25,eco_isic3_k,2005,30.069
bol,sex_f,age_ythadult_yge25,eco_isic3_k,2006,40.291
bol,sex_f,age_ythadult_yge25,eco_isic3_k,2007,37.185
bol,sex_f,age_ythadult_yge25,eco_isic3_k,2008,43.593
bol,sex_f,age_ythadult_yge25,eco_isic3_k,2009,60.94
bol,sex_f,age_ythadult_yge25,eco_isic3_l,1991,10.088
bol,sex_f,age_ythadult_yge25,eco_isic3_l,1992,9.586
bol,sex_f,age_ythadult_yge25,eco_isic3_l,1993,11.805
bol,sex_f,age_ythadult_yge25,eco_isic3_l,1994,10.62
bol,sex_f,age_ythadult_yge25,eco_isic3_l,1995,12.499
bol,sex_f,age_ythadult_yge25,eco_isic3_l,2000,13.544
bol,sex_f,age_ythadult_yge25,eco_isic3_l,2001,12.532
bol,sex_f,age_ythadult_yge25,eco_isic3_l,2002,13.961
bol,sex_f,age_ythadult_yge25,eco_isic3_l,2005,23.738
bol,sex_f,age_ythadult_yge25,eco_isic3_l,2006,26.948
bol,sex_f,age_ythadult_yge25,eco_isic3_l,2007,35.031
bol,sex_f,age_ythadult_yge25,eco_isic3_l,2008,46.813
bol,sex_f,age_ythadult_yge25,eco_isic3_l,2009,37.208
bol,sex_f,age_ythadult_yge25,eco_isic3_m,1989,5.133
bol,sex_f,age_ythadult_yge25,eco_isic3_m,1990,7.195
bol,sex_f,age_ythadult_yge25,eco_isic3_m,1991,37.325
bol,sex_f,age_ythadult_yge25,eco_isic3_m,1992,33.861
bol,sex_f,age_ythadult_yge25,eco_isic3_m,1993,38.621
bol,sex_f,age_ythadult_yge25,eco_isic3_m,1994,40.74
bol,sex_f,age_ythadult_yge25,eco_isic3_m,1995,38.397
bol,sex_f,age_ythadult_yge25,eco_isic3_m,2000,80.418
bol,sex_f,age_ythadult_yge25,eco_isic3_m,2001,75.318
bol,sex_f,age_ythadult_yge25,eco_isic3_m,2002,72.188
bol,sex_f,age_ythadult_yge25,eco_isic3_m,2005,90.939
bol,sex_f,age_ythadult_yge25,eco_isic3_m,2006,113.638
bol,sex_f,age_ythadult_yge25,eco_isic3_m,2007,121.317
bol,sex_f,age_ythadult_yge25,eco_isic3_m,2008,120.326
bol,sex_f,age_ythadult_yge25,eco_isic3_m,2009,150.939
bol,sex_f,age_ythadult_yge25,eco_isic3_n,1991,13.778
bol,sex_f,age_ythadult_yge25,eco_isic3_n,1992,12.827
bol,sex_f,age_ythadult_yge25,eco_isic3_n,1993,18.096
bol,sex_f,age_ythadult_yge25,eco_isic3_n,1994,16.966
bol,sex_f,age_ythadult_yge25,eco_isic3_n,1995,19.943
bol,sex_f,age_ythadult_yge25,eco_isic3_n,2000,26.02
bol,sex_f,age_ythadult_yge25,eco_isic3_n,2001,27.946
bol,sex_f,age_ythadult_yge25,eco_isic3_n,2002,37.021
bol,sex_f,age_ythadult_yge25,eco_isic3_n,2005,36.698
bol,sex_f,age_ythadult_yge25,eco_isic3_n,2006,56.096
bol,sex_f,age_ythadult_yge25,eco_isic3_n,2007,57.987
bol,sex_f,age_ythadult_yge25,eco_isic3_n,2008,56.138
bol,sex_f,age_ythadult_yge25,eco_isic3_n,2009,79.643
bol,sex_f,age_ythadult_yge25,eco_isic3_o,1989,57.962
bol,sex_f,age_ythadult_yge25,eco_isic3_o,1990,57.57
bol,sex_f,age_ythadult_yge25,eco_isic3_o,1991,18.015
bol,sex_f,age_ythadult_yge25,eco_isic3_o,1992,19.465
bol,sex_f,age_ythadult_yge25,eco_isic3_o,1993,11.024
bol,sex_f,age_ythadult_yge25,eco_isic3_o,1994,13.768
bol,sex_f,age_ythadult_yge25,eco_isic3_o,1995,12.548
bol,sex_f,age_ythadult_yge25,eco_isic3_o,1999,116.915
bol,sex_f,age_ythadult_yge25,eco_isic3_o,2000,45.592
bol,sex_f,age_ythadult_yge25,eco_isic3_o,2001,42.868
bol,sex_f,age_ythadult_yge25,eco_isic3_o,2002,48.94
bol,sex_f,age_ythadult_yge25,eco_isic3_o,2005,67.41
bol,sex_f,age_ythadult_yge25,eco_isic3_o,2006,60.925
bol,sex_f,age_ythadult_yge25,eco_isic3_o,2007,70.546
bol,sex_f,age_ythadult_yge25,eco_isic3_o,2008,46.889
bol,sex_f,age_ythadult_yge25,eco_isic3_o,2009,58.202
bol,sex_f,age_ythadult_yge25,eco_isic3_p,1989,44.837
bol,sex_f,age_ythadult_yge25,eco_isic3_p,1990,46.63
bol,sex_f,age_ythadult_yge25,eco_isic3_p,1991,21.911
bol,sex_f,age_ythadult_yge25,eco_isic3_p,1992,21.364
bol,sex_f,age_ythadult_yge25,eco_isic3_p,1993,32.546
bol,sex_f,age_ythadult_yge25,eco_isic3_p,1994,31.653
bol,sex_f,age_ythadult_yge25,eco_isic3_p,1995,37.112
bol,sex_f,age_ythadult_yge25,eco_isic3_p,2000,72.816
bol,sex_f,age_ythadult_yge25,eco_isic3_p,2001,68.113
bol,sex_f,age_ythadult_yge25,eco_isic3_p,2002,58.717
bol,sex_f,age_ythadult_yge25,eco_isic3_p,2005,51.437
bol,sex_f,age_ythadult_yge25,eco_isic3_p,2006,69.655
bol,sex_f,age_ythadult_yge25,eco_isic3_p,2007,97.581
bol,sex_f,age_ythadult_yge25,eco_isic3_p,2008,59.448
bol,sex_f,age_ythadult_yge25,eco_isic3_p,2009,72.903
bol,sex_f,age_ythadult_yge25,eco_isic3_q,1991,0.911
bol,sex_f,age_ythadult_yge25,eco_isic3_q,1992,2.545
bol,sex_f,age_ythadult_yge25,eco_isic3_q,1994,0.938
bol,sex_f,age_ythadult_yge25,eco_isic3_q,1995,1.121
bol,sex_f,age_ythadult_yge25,eco_isic3_q,2002,1.764
bol,sex_f,age_ythadult_yge25,eco_isic3_q,2009,4.484
bol,sex_f,age_ythadult_yge25,eco_isic3_total,1989,281.124
bol,sex_f,age_ythadult_yge25,eco_isic3_total,1990,278.634
bol,sex_f,age_ythadult_yge25,eco_isic3_total,1991,297.01
bol,sex_f,age_ythadult_yge25,eco_isic3_total,1992,306.684
bol,sex_f,age_ythadult_yge25,eco_isic3_total,1993,337.102
bol,sex_f,age_ythadult_yge25,eco_isic3_total,1994,374.189
bol,sex_f,age_ythadult_yge25,eco_isic3_total,1995,389.116
bol,sex_f,age_ythadult_yge25,eco_isic3_total,1999,1284.576
bol,sex_f,age_ythadult_yge25,eco_isic3_total,2000,1162.232
bol,sex_f,age_ythadult_yge25,eco_isic3_total,2001,1198.315
bol,sex_f,age_ythadult_yge25,eco_isic3_total,2002,1192.845
bol,sex_f,age_ythadult_yge25,eco_isic3_total,2005,1398.346
bol,sex_f,age_ythadult_yge25,eco_isic3_total,2006,1470.462
bol,sex_f,age_ythadult_yge25,eco_isic3_total,2007,1570.528
bol,sex_f,age_ythadult_yge25,eco_isic3_total,2008,1644.558
bol,sex_f,age_ythadult_yge25,eco_isic3_total,2009,1687.459
bol,sex_f,age_ythadult_yge25,eco_isic3_x,1989,3.241
bol,sex_f,age_ythadult_yge25,eco_isic3_x,1990,3.904
bol,sex_f,age_ythadult_yge25,eco_isic3_x,1999,12.641
bol,sex_f,age_ythadult_yge25,eco_isic3_x,2000,17.244
bol,sex_f,age_ythadult_yge25,eco_isic3_x,2001,11.004
bol,sex_f,age_ythadult_yge25,eco_isic4_a,2011,578.376
bol,sex_f,age_ythadult_yge25,eco_isic4_a,2012,513.467
bol,sex_f,age_ythadult_yge25,eco_isic4_a,2013,591.079
bol,sex_f,age_ythadult_yge25,eco_isic4_a,2014,565.357
bol,sex_f,age_ythadult_yge25,eco_isic4_a,2015,515.761
bol,sex_f,age_ythadult_yge25,eco_isic4_a,2016,498.358
bol,sex_f,age_ythadult_yge25,eco_isic4_a,2017,557.863
bol,sex_f,age_ythadult_yge25,eco_isic4_a,2018,628.64
bol,sex_f,age_ythadult_yge25,eco_isic4_a,2019,590.588
bol,sex_f,age_ythadult_yge25,eco_isic4_a,2020,575.274
bol,sex_f,age_ythadult_yge25,eco_isic4_a,2021,647.365
bol,sex_f,age_ythadult_yge25,eco_isic4_a,2022,608.798
bol,sex_f,age_ythadult_yge25,eco_isic4_a,2023,648.211
bol,sex_f,age_ythadult_yge25,eco_isic4_a,2024,641.707
bol,sex_f,age_ythadult_yge25,eco_isic4_b,2011,11.911
bol,sex_f,age_ythadult_yge25,eco_isic4_b,2012,17.335
bol,sex_f,age_ythadult_yge25,eco_isic4_b,2013,15.429
bol,sex_f,age_ythadult_yge25,eco_isic4_b,2014,7.915
bol,sex_f,age_ythadult_yge25,eco_isic4_b,2015,10.905
bol,sex_f,age_ythadult_yge25,eco_isic4_b,2016,8.026
bol,sex_f,age_ythadult_yge25,eco_isic4_b,2017,7.017
bol,sex_f,age_ythadult_yge25,eco_isic4_b,2018,7.322
bol,sex_f,age_ythadult_yge25,eco_isic4_b,2019,4.165
bol,sex_f,age_ythadult_yge25,eco_isic4_b,2020,6.915
bol,sex_f,age_ythadult_yge25,eco_isic4_b,2021,5.286
bol,sex_f,age_ythadult_yge25,eco_isic4_b,2022,8.381
bol,sex_f,age_ythadult_yge25,eco_isic4_b,2023,6.826
bol,sex_f,age_ythadult_yge25,eco_isic4_b,2024,7.048
bol,sex_f,age_ythadult_yge25,eco_isic4_c,2011,81.659
bol,sex_f,age_ythadult_yge25,eco_isic4_c,2012,98.875
bol,sex_f,age_ythadult_yge25,eco_isic4_c,2013,84.739
bol,sex_f,age_ythadult_yge25,eco_isic4_c,2014,145.49
bol,sex_f,age_ythadult_yge25,eco_isic4_c,2015,125.548
bol,sex_f,age_ythadult_yge25,eco_isic4_c,2016,158.519
bol,sex_f,age_ythadult_yge25,eco_isic4_c,2017,166.605
bol,sex_f,age_ythadult_yge25,eco_isic4_c,2018,189.111
bol,sex_f,age_ythadult_yge25,eco_isic4_c,2019,231.776
bol,sex_f,age_ythadult_yge25,eco_isic4_c,2020,163.522
bol,sex_f,age_ythadult_yge25,eco_isic4_c,2021,266.268
bol,sex_f,age_ythadult_yge25,eco_isic4_c,2022,276.513
bol,sex_f,age_ythadult_yge25,eco_isic4_c,2023,300.903
bol,sex_f,age_ythadult_yge25,eco_isic4_c,2024,338.869
bol,sex_f,age_ythadult_yge25,eco_isic4_d,2012,3.219
bol,sex_f,age_ythadult_yge25,eco_isic4_d,2013,0
bol,sex_f,age_ythadult_yge25,eco_isic4_d,2014,1.993
bol,sex_f,age_ythadult_yge25,eco_isic4_d,2015,2.28
bol,sex_f,age_ythadult_yge25,eco_isic4_d,2016,1.614
bol,sex_f,age_ythadult_yge25,eco_isic4_d,2017,0.817
bol,sex_f,age_ythadult_yge25,eco_isic4_d,2018,1.063
bol,sex_f,age_ythadult_yge25,eco_isic4_d,2019,1.199
bol,sex_f,age_ythadult_yge25,eco_isic4_d,2020,2.256
bol,sex_f,age_ythadult_yge25,eco_isic4_d,2021,2.705
bol,sex_f,age_ythadult_yge25,eco_isic4_d,2022,3.954
bol,sex_f,age_ythadult_yge25,eco_isic4_d,2023,4.355
bol,sex_f,age_ythadult_yge25,eco_isic4_d,2024,5.26
bol,sex_f,age_ythadult_yge25,eco_isic4_e,2012,3.638
bol,sex_f,age_ythadult_yge25,eco_isic4_e,2013,2.316
bol,sex_f,age_ythadult_yge25,eco_isic4_e,2016,0.63
bol,sex_f,age_ythadult_yge25,eco_isic4_e,2017,1.111
bol,sex_f,age_ythadult_yge25,eco_isic4_e,2018,0.981
bol,sex_f,age_ythadult_yge25,eco_isic4_e,2019,1.334
bol,sex_f,age_ythadult_yge25,eco_isic4_e,2021,1.755
bol,sex_f,age_ythadult_yge25,eco_isic4_e,2022,1.581
bol,sex_f,age_ythadult_yge25,eco_isic4_e,2023,2.091
bol,sex_f,age_ythadult_yge25,eco_isic4_e,2024,1.144
bol,sex_f,age_ythadult_yge25,eco_isic4_f,2011,11.86
bol,sex_f,age_ythadult_yge25,eco_isic4_f,2012,12.316
bol,sex_f,age_ythadult_yge25,eco_isic4_f,2013,10.262
bol,sex_f,age_ythadult_yge25,eco_isic4_f,2014,17.793
bol,sex_f,age_ythadult_yge25,eco_isic4_f,2015,14.319
bol,sex_f,age_ythadult_yge25,eco_isic4_f,2016,11.759
bol,sex_f,age_ythadult_yge25,eco_isic4_f,2017,10.067
bol,sex_f,age_ythadult_yge25,eco_isic4_f,2018,11.285
bol,sex_f,age_ythadult_yge25,eco_isic4_f,2019,11.777
bol,sex_f,age_ythadult_yge25,eco_isic4_f,2020,8.392
bol,sex_f,age_ythadult_yge25,eco_isic4_f,2021,11.8
bol,sex_f,age_ythadult_yge25,eco_isic4_f,2022,12.623
bol,sex_f,age_ythadult_yge25,eco_isic4_f,2023,13.271
bol,sex_f,age_ythadult_yge25,eco_isic4_f,2024,15.332
bol,sex_f,age_ythadult_yge25,eco_isic4_g,2011,395.605
bol,sex_f,age_ythadult_yge25,eco_isic4_g,2012,414.427
bol,sex_f,age_ythadult_yge25,eco_isic4_g,2013,412.897
bol,sex_f,age_ythadult_yge25,eco_isic4_g,2014,420.754
bol,sex_f,age_ythadult_yge25,eco_isic4_g,2015,392.22
bol,sex_f,age_ythadult_yge25,eco_isic4_g,2016,406.268
bol,sex_f,age_ythadult_yge25,eco_isic4_g,2017,435.353
bol,sex_f,age_ythadult_yge25,eco_isic4_g,2018,469.603
bol,sex_f,age_ythadult_yge25,eco_isic4_g,2019,479.405
bol,sex_f,age_ythadult_yge25,eco_isic4_g,2020,513.618
bol,sex_f,age_ythadult_yge25,eco_isic4_g,2021,551.596
bol,sex_f,age_ythadult_yge25,eco_isic4_g,2022,575.208
bol,sex_f,age_ythadult_yge25,eco_isic4_g,2023,584.642
bol,sex_f,age_ythadult_yge25,eco_isic4_g,2024,593.415
bol,sex_f,age_ythadult_yge25,eco_isic4_h,2011,13.626
bol,sex_f,age_ythadult_yge25,eco_isic4_h,2012,11.97
bol,sex_f,age_ythadult_yge25,eco_isic4_h,2013,13.076
bol,sex_f,age_ythadult_yge25,eco_isic4_h,2014,12.09
bol,sex_f,age_ythadult_yge25,eco_isic4_h,2015,14.484
bol,sex_f,age_ythadult_yge25,eco_isic4_h,2016,13.6
bol,sex_f,age_ythadult_yge25,eco_isic4_h,2017,14.369
bol,sex_f,age_ythadult_yge25,eco_isic4_h,2018,13.646
bol,sex_f,age_ythadult_yge25,eco_isic4_h,2019,12.655
bol,sex_f,age_ythadult_yge25,eco_isic4_h,2020,12.969
bol,sex_f,age_ythadult_yge25,eco_isic4_h,2021,14.732
bol,sex_f,age_ythadult_yge25,eco_isic4_h,2022,14.506
bol,sex_f,age_ythadult_yge25,eco_isic4_h,2023,15.789
bol,sex_f,age_ythadult_yge25,eco_isic4_h,2024,21.387
bol,sex_f,age_ythadult_yge25,eco_isic4_i,2011,135.692
bol,sex_f,age_ythadult_yge25,eco_isic4_i,2012,154.464
bol,sex_f,age_ythadult_yge25,eco_isic4_i,2013,154.268
bol,sex_f,age_ythadult_yge25,eco_isic4_i,2014,166.478
bol,sex_f,age_ythadult_yge25,eco_isic4_i,2015,193.913
bol,sex_f,age_ythadult_yge25,eco_isic4_i,2016,184.937
bol,sex_f,age_ythadult_yge25,eco_isic4_i,2017,199.725
bol,sex_f,age_ythadult_yge25,eco_isic4_i,2018,221.471
bol,sex_f,age_ythadult_yge25,eco_isic4_i,2019,250.162
bol,sex_f,age_ythadult_yge25,eco_isic4_i,2020,211.053
bol,sex_f,age_ythadult_yge25,eco_isic4_i,2021,259.872
bol,sex_f,age_ythadult_yge25,eco_isic4_i,2022,317.212
bol,sex_f,age_ythadult_yge25,eco_isic4_i,2023,318.097
bol,sex_f,age_ythadult_yge25,eco_isic4_i,2024,342.99
bol,sex_f,age_ythadult_yge25,eco_isic4_j,2011,12.987
bol,sex_f,age_ythadult_yge25,eco_isic4_j,2012,12.109
bol,sex_f,age_ythadult_yge25,eco_isic4_j,2013,12.274
bol,sex_f,age_ythadult_yge25,eco_isic4_j,2014,13.319
bol,sex_f,age_ythadult_yge25,eco_isic4_j,2015,9.978
bol,sex_f,age_ythadult_yge25,eco_isic4_j,2016,9.105
bol,sex_f,age_ythadult_yge25,eco_isic4_j,2017,9.126
bol,sex_f,age_ythadult_yge25,eco_isic4_j,2018,10.654
bol,sex_f,age_ythadult_yge25,eco_isic4_j,2019,9.044
bol,sex_f,age_ythadult_yge25,eco_isic4_j,2020,7.024
bol,sex_f,age_ythadult_yge25,eco_isic4_j,2021,5.017
bol,sex_f,age_ythadult_yge25,eco_isic4_j,2022,5.191
bol,sex_f,age_ythadult_yge25,eco_isic4_j,2023,6.371
bol,sex_f,age_ythadult_yge25,eco_isic4_j,2024,6.533
bol,sex_f,age_ythadult_yge25,eco_isic4_k,2011,16.051
bol,sex_f,age_ythadult_yge25,eco_isic4_k,2012,16.848
bol,sex_f,age_ythadult_yge25,eco_isic4_k,2013,22.93
bol,sex_f,age_ythadult_yge25,eco_isic4_k,2014,20.688
bol,sex_f,age_ythadult_yge25,eco_isic4_k,2015,20.075
bol,sex_f,age_ythadult_yge25,eco_isic4_k,2016,17.83
bol,sex_f,age_ythadult_yge25,eco_isic4_k,2017,19.464
bol,sex_f,age_ythadult_yge25,eco_isic4_k,2018,19.897
bol,sex_f,age_ythadult_yge25,eco_isic4_k,2019,16.136
bol,sex_f,age_ythadult_yge25,eco_isic4_k,2020,26.451
bol,sex_f,age_ythadult_yge25,eco_isic4_k,2021,24.843
bol,sex_f,age_ythadult_yge25,eco_isic4_k,2022,22.487
bol,sex_f,age_ythadult_yge25,eco_isic4_k,2023,21.079
bol,sex_f,age_ythadult_yge25,eco_isic4_k,2024,22.05
bol,sex_f,age_ythadult_yge25,eco_isic4_l,2011,2.344
bol,sex_f,age_ythadult_yge25,eco_isic4_l,2012,2.43
bol,sex_f,age_ythadult_yge25,eco_isic4_l,2013,3.252
bol,sex_f,age_ythadult_yge25,eco_isic4_l,2014,3.529
bol,sex_f,age_ythadult_yge25,eco_isic4_l,2015,2.604
bol,sex_f,age_ythadult_yge25,eco_isic4_l,2016,8.998
bol,sex_f,age_ythadult_yge25,eco_isic4_l,2017,12.319
bol,sex_f,age_ythadult_yge25,eco_isic4_l,2018,12.843
bol,sex_f,age_ythadult_yge25,eco_isic4_l,2019,13.284
bol,sex_f,age_ythadult_yge25,eco_isic4_l,2020,4.417
bol,sex_f,age_ythadult_yge25,eco_isic4_l,2021,14.786
bol,sex_f,age_ythadult_yge25,eco_isic4_l,2022,12.247
bol,sex_f,age_ythadult_yge25,eco_isic4_l,2023,15.38
bol,sex_f,age_ythadult_yge25,eco_isic4_l,2024,14.736
bol,sex_f,age_ythadult_yge25,eco_isic4_m,2011,34.756
bol,sex_f,age_ythadult_yge25,eco_isic4_m,2012,41.135
bol,sex_f,age_ythadult_yge25,eco_isic4_m,2013,40.743
bol,sex_f,age_ythadult_yge25,eco_isic4_m,2014,38.615
bol,sex_f,age_ythadult_yge25,eco_isic4_m,2015,37.457
bol,sex_f,age_ythadult_yge25,eco_isic4_m,2016,29.885
bol,sex_f,age_ythadult_yge25,eco_isic4_m,2017,30.032
bol,sex_f,age_ythadult_yge25,eco_isic4_m,2018,30.569
bol,sex_f,age_ythadult_yge25,eco_isic4_m,2019,33.231
bol,sex_f,age_ythadult_yge25,eco_isic4_m,2020,48.677
bol,sex_f,age_ythadult_yge25,eco_isic4_m,2021,39.324
bol,sex_f,age_ythadult_yge25,eco_isic4_m,2022,47.991
bol,sex_f,age_ythadult_yge25,eco_isic4_m,2023,49.902
bol,sex_f,age_ythadult_yge25,eco_isic4_m,2024,48.951
bol,sex_f,age_ythadult_yge25,eco_isic4_n,2011,14.806
bol,sex_f,age_ythadult_yge25,eco_isic4_n,2012,18.919
bol,sex_f,age_ythadult_yge25,eco_isic4_n,2013,18.518
bol,sex_f,age_ythadult_yge25,eco_isic4_n,2014,21.019
bol,sex_f,age_ythadult_yge25,eco_isic4_n,2015,24.598
bol,sex_f,age_ythadult_yge25,eco_isic4_n,2016,20.69
bol,sex_f,age_ythadult_yge25,eco_isic4_n,2017,22.353
bol,sex_f,age_ythadult_yge25,eco_isic4_n,2018,31.555
bol,sex_f,age_ythadult_yge25,eco_isic4_n,2019,36.044
bol,sex_f,age_ythadult_yge25,eco_isic4_n,2020,23.761
bol,sex_f,age_ythadult_yge25,eco_isic4_n,2021,43.28
bol,sex_f,age_ythadult_yge25,eco_isic4_n,2022,47.76
bol,sex_f,age_ythadult_yge25,eco_isic4_n,2023,53.322
bol,sex_f,age_ythadult_yge25,eco_isic4_n,2024,60.82
bol,sex_f,age_ythadult_yge25,eco_isic4_o,2011,46.389
bol,sex_f,age_ythadult_yge25,eco_isic4_o,2012,40.444
bol,sex_f,age_ythadult_yge25,eco_isic4_o,2013,54.947
bol,sex_f,age_ythadult_yge25,eco_isic4_o,2014,52.914
bol,sex_f,age_ythadult_yge25,eco_isic4_o,2015,52.04
bol,sex_f,age_ythadult_yge25,eco_isic4_o,2016,41.897
bol,sex_f,age_ythadult_yge25,eco_isic4_o,2017,36.929
bol,sex_f,age_ythadult_yge25,eco_isic4_o,2018,45.069
bol,sex_f,age_ythadult_yge25,eco_isic4_o,2019,46.898
bol,sex_f,age_ythadult_yge25,eco_isic4_o,2020,50.535
bol,sex_f,age_ythadult_yge25,eco_isic4_o,2021,38.065
bol,sex_f,age_ythadult_yge25,eco_isic4_o,2022,42.173
bol,sex_f,age_ythadult_yge25,eco_isic4_o,2023,43.655
bol,sex_f,age_ythadult_yge25,eco_isic4_o,2024,47.948
bol,sex_f,age_ythadult_yge25,eco_isic4_p,2011,134.728
bol,sex_f,age_ythadult_yge25,eco_isic4_p,2012,136.739
bol,sex_f,age_ythadult_yge25,eco_isic4_p,2013,142.229
bol,sex_f,age_ythadult_yge25,eco_isic4_p,2014,132.018
bol,sex_f,age_ythadult_yge25,eco_isic4_p,2015,115.794
bol,sex_f,age_ythadult_yge25,eco_isic4_p,2016,134.301
bol,sex_f,age_ythadult_yge25,eco_isic4_p,2017,135.326
bol,sex_f,age_ythadult_yge25,eco_isic4_p,2018,134.483
bol,sex_f,age_ythadult_yge25,eco_isic4_p,2019,150.893
bol,sex_f,age_ythadult_yge25,eco_isic4_p,2020,132.478
bol,sex_f,age_ythadult_yge25,eco_isic4_p,2021,136.533
bol,sex_f,age_ythadult_yge25,eco_isic4_p,2022,146.979
bol,sex_f,age_ythadult_yge25,eco_isic4_p,2023,173.728
bol,sex_f,age_ythadult_yge25,eco_isic4_p,2024,168.036
bol,sex_f,age_ythadult_yge25,eco_isic4_q,2011,79.075
bol,sex_f,age_ythadult_yge25,eco_isic4_q,2012,78.25
bol,sex_f,age_ythadult_yge25,eco_isic4_q,2013,100.715
bol,sex_f,age_ythadult_yge25,eco_isic4_q,2014,80.782
bol,sex_f,age_ythadult_yge25,eco_isic4_q,2015,73.433
bol,sex_f,age_ythadult_yge25,eco_isic4_q,2016,78.055
bol,sex_f,age_ythadult_yge25,eco_isic4_q,2017,77.574
bol,sex_f,age_ythadult_yge25,eco_isic4_q,2018,81.579
bol,sex_f,age_ythadult_yge25,eco_isic4_q,2019,92.346
bol,sex_f,age_ythadult_yge25,eco_isic4_q,2020,101.806
bol,sex_f,age_ythadult_yge25,eco_isic4_q,2021,99.636
bol,sex_f,age_ythadult_yge25,eco_isic4_q,2022,113.31
bol,sex_f,age_ythadult_yge25,eco_isic4_q,2023,117.56
bol,sex_f,age_ythadult_yge25,eco_isic4_q,2024,130.824
bol,sex_f,age_ythadult_yge25,eco_isic4_r,2011,3.332
bol,sex_f,age_ythadult_yge25,eco_isic4_r,2012,3.98
bol,sex_f,age_ythadult_yge25,eco_isic4_r,2013,6.12
bol,sex_f,age_ythadult_yge25,eco_isic4_r,2014,6.262
bol,sex_f,age_ythadult_yge25,eco_isic4_r,2015,3.99
bol,sex_f,age_ythadult_yge25,eco_isic4_r,2016,4.745
bol,sex_f,age_ythadult_yge25,eco_isic4_r,2017,6.048
bol,sex_f,age_ythadult_yge25,eco_isic4_r,2018,6.272
bol,sex_f,age_ythadult_yge25,eco_isic4_r,2019,5.886
bol,sex_f,age_ythadult_yge25,eco_isic4_r,2020,4.349
bol,sex_f,age_ythadult_yge25,eco_isic4_r,2021,4.393
bol,sex_f,age_ythadult_yge25,eco_isic4_r,2022,4.59
bol,sex_f,age_ythadult_yge25,eco_isic4_r,2023,7.005
bol,sex_f,age_ythadult_yge25,eco_isic4_r,2024,7.523
bol,sex_f,age_ythadult_yge25,eco_isic4_s,2011,53.5
bol,sex_f,age_ythadult_yge25,eco_isic4_s,2012,41.43
bol,sex_f,age_ythadult_yge25,eco_isic4_s,2013,44.527
bol,sex_f,age_ythadult_yge25,eco_isic4_s,2014,47.888
bol,sex_f,age_ythadult_yge25,eco_isic4_s,2015,39.671
bol,sex_f,age_ythadult_yge25,eco_isic4_s,2016,43.249
bol,sex_f,age_ythadult_yge25,eco_isic4_s,2017,46.041
bol,sex_f,age_ythadult_yge25,eco_isic4_s,2018,49.94
bol,sex_f,age_ythadult_yge25,eco_isic4_s,2019,62.922
bol,sex_f,age_ythadult_yge25,eco_isic4_s,2020,55.458
bol,sex_f,age_ythadult_yge25,eco_isic4_s,2021,67.357
bol,sex_f,age_ythadult_yge25,eco_isic4_s,2022,73.906
bol,sex_f,age_ythadult_yge25,eco_isic4_s,2023,74.993
bol,sex_f,age_ythadult_yge25,eco_isic4_s,2024,89.087
bol,sex_f,age_ythadult_yge25,eco_isic4_t,2011,68.78
bol,sex_f,age_ythadult_yge25,eco_isic4_t,2012,85.892
bol,sex_f,age_ythadult_yge25,eco_isic4_t,2013,80.427
bol,sex_f,age_ythadult_yge25,eco_isic4_t,2014,68.881
bol,sex_f,age_ythadult_yge25,eco_isic4_t,2015,57.399
bol,sex_f,age_ythadult_yge25,eco_isic4_t,2016,62.015
bol,sex_f,age_ythadult_yge25,eco_isic4_t,2017,70.75
bol,sex_f,age_ythadult_yge25,eco_isic4_t,2018,67.335
bol,sex_f,age_ythadult_yge25,eco_isic4_t,2019,75.367
bol,sex_f,age_ythadult_yge25,eco_isic4_t,2020,58.776
bol,sex_f,age_ythadult_yge25,eco_isic4_t,2021,75.999
bol,sex_f,age_ythadult_yge25,eco_isic4_t,2022,94.151
bol,sex_f,age_ythadult_yge25,eco_isic4_t,2023,99.969
bol,sex_f,age_ythadult_yge25,eco_isic4_t,2024,107.355
bol,sex_f,age_ythadult_yge25,eco_isic4_total,2011,1697.283
bol,sex_f,age_ythadult_yge25,eco_isic4_total,2012,1708.08
bol,sex_f,age_ythadult_yge25,eco_isic4_total,2013,1810.748
bol,sex_f,age_ythadult_yge25,eco_isic4_total,2014,1826.009
bol,sex_f,age_ythadult_yge25,eco_isic4_total,2015,1710.421
bol,sex_f,age_ythadult_yge25,eco_isic4_total,2016,1735.333
bol,sex_f,age_ythadult_yge25,eco_isic4_total,2017,1859.311
bol,sex_f,age_ythadult_yge25,eco_isic4_total,2018,2033.318
bol,sex_f,age_ythadult_yge25,eco_isic4_total,2019,2125.347
bol,sex_f,age_ythadult_yge25,eco_isic4_total,2020,2011.24
bol,sex_f,age_ythadult_yge25,eco_isic4_total,2021,2311.15
bol,sex_f,age_ythadult_yge25,eco_isic4_total,2022,2430.671
bol,sex_f,age_ythadult_yge25,eco_isic4_total,2023,2558.127
bol,sex_f,age_ythadult_yge25,eco_isic4_total,2024,2671.724
bol,sex_f,age_ythadult_yge25,eco_isic4_u,2015,1.864
bol,sex_f,age_ythadult_yge25,eco_isic4_u,2016,0.773
bol,sex_f,age_ythadult_yge25,eco_isic4_u,2017,0.254
bol,sex_f,age_ythadult_yge25,eco_isic4_u,2019,0.236
bol,sex_f,age_ythadult_yge25,eco_isic4_u,2021,0.247
bol,sex_f,age_ythadult_yge25,eco_isic4_u,2024,0.416
bol,sex_f,age_ythadult_yge25,eco_isic4_x,2014,1.009
bol,sex_f,age_ythadult_yge25,eco_isic4_x,2017,0.167
bol,sex_f,age_ythadult_yge25,eco_isic4_x,2021,0.291
bol,sex_f,age_ythadult_yge25,eco_isic4_x,2022,0.629
bol,sex_f,age_ythadult_yge25,eco_isic4_x,2023,0.668
bol,sex_f,age_ythadult_yge25,eco_isic4_x,2024,0.293
bol,sex_f,age_ythadult_yge25,eco_sector_agr,1991,2.721
bol,sex_f,age_ythadult_yge25,eco_sector_agr,1992,4.34
bol,sex_f,age_ythadult_yge25,eco_sector_agr,1993,2.434
bol,sex_f,age_ythadult_yge25,eco_sector_agr,1994,1.48
bol,sex_f,age_ythadult_yge25,eco_sector_agr,1995,4.849
bol,sex_f,age_ythadult_yge25,eco_sector_agr,2000,402.945
bol,sex_f,age_ythadult_yge25,eco_sector_agr,2001,476.295
bol,sex_f,age_ythadult_yge25,eco_sector_agr,2002,421.736
bol,sex_f,age_ythadult_yge25,eco_sector_agr,2005,507.113
bol,sex_f,age_ythadult_yge25,eco_sector_agr,2006,517.253
bol,sex_f,age_ythadult_yge25,eco_sector_agr,2007,535.875
bol,sex_f,age_ythadult_yge25,eco_sector_agr,2008,507.315
bol,sex_f,age_ythadult_yge25,eco_sector_agr,2009,520.388
bol,sex_f,age_ythadult_yge25,eco_sector_agr,2011,578.376
bol,sex_f,age_ythadult_yge25,eco_sector_agr,2012,513.467
bol,sex_f,age_ythadult_yge25,eco_sector_agr,2013,591.079
bol,sex_f,age_ythadult_yge25,eco_sector_agr,2014,565.357
bol,sex_f,age_ythadult_yge25,eco_sector_agr,2015,515.761
bol,sex_f,age_ythadult_yge25,eco_sector_agr,2016,498.358
bol,sex_f,age_ythadult_yge25,eco_sector_agr,2017,557.863
bol,sex_f,age_ythadult_yge25,eco_sector_agr,2018,628.64
bol,sex_f,age_ythadult_yge25,eco_sector_agr,2019,590.588
bol,sex_f,age_ythadult_yge25,eco_sector_agr,2020,575.274
bol,sex_f,age_ythadult_yge25,eco_sector_agr,2021,647.365
bol,sex_f,age_ythadult_yge25,eco_sector_agr,2022,608.798
bol,sex_f,age_ythadult_yge25,eco_sector_agr,2023,648.211
bol,sex_f,age_ythadult_yge25,eco_sector_agr,2024,641.707
bol,sex_f,age_ythadult_yge25,eco_sector_ind,1989,30.849
bol,sex_f,age_ythadult_yge25,eco_sector_ind,1990,29.593
bol,sex_f,age_ythadult_yge25,eco_sector_ind,1991,42.314
bol,sex_f,age_ythadult_yge25,eco_sector_ind,1992,50.464
bol,sex_f,age_ythadult_yge25,eco_sector_ind,1993,48.023
bol,sex_f,age_ythadult_yge25,eco_sector_ind,1994,55.953
bol,sex_f,age_ythadult_yge25,eco_sector_ind,1995,58.944
bol,sex_f,age_ythadult_yge25,eco_sector_ind,1999,203.601
bol,sex_f,age_ythadult_yge25,eco_sector_ind,2000,110.052
bol,sex_f,age_ythadult_yge25,eco_sector_ind,2001,118.555
bol,sex_f,age_ythadult_yge25,eco_sector_ind,2002,142.213
bol,sex_f,age_ythadult_yge25,eco_sector_ind,2005,157.545
bol,sex_f,age_ythadult_yge25,eco_sector_ind,2006,147.618
bol,sex_f,age_ythadult_yge25,eco_sector_ind,2007,154.229
bol,sex_f,age_ythadult_yge25,eco_sector_ind,2008,188.9
bol,sex_f,age_ythadult_yge25,eco_sector_ind,2009,172.027
bol,sex_f,age_ythadult_yge25,eco_sector_ind,2011,107.018
bol,sex_f,age_ythadult_yge25,eco_sector_ind,2012,135.383
bol,sex_f,age_ythadult_yge25,eco_sector_ind,2013,112.746
bol,sex_f,age_ythadult_yge25,eco_sector_ind,2014,173.359
bol,sex_f,age_ythadult_yge25,eco_sector_ind,2015,154.561
bol,sex_f,age_ythadult_yge25,eco_sector_ind,2016,180.547
bol,sex_f,age_ythadult_yge25,eco_sector_ind,2017,185.617
bol,sex_f,age_ythadult_yge25,eco_sector_ind,2018,209.762
bol,sex_f,age_ythadult_yge25,eco_sector_ind,2019,250.251
bol,sex_f,age_ythadult_yge25,eco_sector_ind,2020,181.789
bol,sex_f,age_ythadult_yge25,eco_sector_ind,2021,287.814
bol,sex_f,age_ythadult_yge25,eco_sector_ind,2022,303.052
bol,sex_f,age_ythadult_yge25,eco_sector_ind,2023,327.447
bol,sex_f,age_ythadult_yge25,eco_sector_ind,2024,367.652
bol,sex_f,age_ythadult_yge25,eco_sector_nag,1989,281.124
bol,sex_f,age_ythadult_yge25,eco_sector_nag,1990,278.634
bol,sex_f,age_ythadult_yge25,eco_sector_nag,1991,294.289
bol,sex_f,age_ythadult_yge25,eco_sector_nag,1992,302.344
bol,sex_f,age_ythadult_yge25,eco_sector_nag,1993,334.668
bol,sex_f,age_ythadult_yge25,eco_sector_nag,1994,372.709
bol,sex_f,age_ythadult_yge25,eco_sector_nag,1995,384.267
bol,sex_f,age_ythadult_yge25,eco_sector_nag,1999,1284.576
bol,sex_f,age_ythadult_yge25,eco_sector_nag,2000,759.287
bol,sex_f,age_ythadult_yge25,eco_sector_nag,2001,722.02
bol,sex_f,age_ythadult_yge25,eco_sector_nag,2002,771.109
bol,sex_f,age_ythadult_yge25,eco_sector_nag,2005,891.233
bol,sex_f,age_ythadult_yge25,eco_sector_nag,2006,953.209
bol,sex_f,age_ythadult_yge25,eco_sector_nag,2007,1034.653
bol,sex_f,age_ythadult_yge25,eco_sector_nag,2008,1137.243
bol,sex_f,age_ythadult_yge25,eco_sector_nag,2009,1167.071
bol,sex_f,age_ythadult_yge25,eco_sector_nag,2011,1118.907
bol,sex_f,age_ythadult_yge25,eco_sector_nag,2012,1194.613
bol,sex_f,age_ythadult_yge25,eco_sector_nag,2013,1219.669
bol,sex_f,age_ythadult_yge25,eco_sector_nag,2014,1260.652
bol,sex_f,age_ythadult_yge25,eco_sector_nag,2015,1194.66
bol,sex_f,age_ythadult_yge25,eco_sector_nag,2016,1236.975
bol,sex_f,age_ythadult_yge25,eco_sector_nag,2017,1301.448
bol,sex_f,age_ythadult_yge25,eco_sector_nag,2018,1404.678
bol,sex_f,age_ythadult_yge25,eco_sector_nag,2019,1534.759
bol,sex_f,age_ythadult_yge25,eco_sector_nag,2020,1435.965
bol,sex_f,age_ythadult_yge25,eco_sector_nag,2021,1663.785
bol,sex_f,age_ythadult_yge25,eco_sector_nag,2022,1821.873
bol,sex_f,age_ythadult_yge25,eco_sector_nag,2023,1909.916
bol,sex_f,age_ythadult_yge25,eco_sector_nag,2024,2030.016
bol,sex_f,age_ythadult_yge25,eco_sector_ser,1989,247.034
bol,sex_f,age_ythadult_yge25,eco_sector_ser,1990,245.137
bol,sex_f,age_ythadult_yge25,eco_sector_ser,1991,251.975
bol,sex_f,age_ythadult_yge25,eco_sector_ser,1992,251.733
bol,sex_f,age_ythadult_yge25,eco_sector_ser,1993,286.645
bol,sex_f,age_ythadult_yge25,eco_sector_ser,1994,316.585
bol,sex_f,age_ythadult_yge25,eco_sector_ser,1995,325.061
bol,sex_f,age_ythadult_yge25,eco_sector_ser,1999,1068.334
bol,sex_f,age_ythadult_yge25,eco_sector_ser,2000,631.991
bol,sex_f,age_ythadult_yge25,eco_sector_ser,2001,592.461
bol,sex_f,age_ythadult_yge25,eco_sector_ser,2002,628.896
bol,sex_f,age_ythadult_yge25,eco_sector_ser,2005,733.688
bol,sex_f,age_ythadult_yge25,eco_sector_ser,2006,805.591
bol,sex_f,age_ythadult_yge25,eco_sector_ser,2007,880.424
bol,sex_f,age_ythadult_yge25,eco_sector_ser,2008,948.343
bol,sex_f,age_ythadult_yge25,eco_sector_ser,2009,995.044
bol,sex_f,age_ythadult_yge25,eco_sector_ser,2011,1011.889
bol,sex_f,age_ythadult_yge25,eco_sector_ser,2012,1059.23
bol,sex_f,age_ythadult_yge25,eco_sector_ser,2013,1106.923
bol,sex_f,age_ythadult_yge25,eco_sector_ser,2014,1086.284
bol,sex_f,age_ythadult_yge25,eco_sector_ser,2015,1039.52
bol,sex_f,age_ythadult_yge25,eco_sector_ser,2016,1056.349
bol,sex_f,age_ythadult_yge25,eco_sector_ser,2017,1115.664
bol,sex_f,age_ythadult_yge25,eco_sector_ser,2018,1194.916
bol,sex_f,age_ythadult_yge25,eco_sector_ser,2019,1284.509
bol,sex_f,age_ythadult_yge25,eco_sector_ser,2020,1252.639
bol,sex_f,age_ythadult_yge25,eco_sector_ser,2021,1375.68
bol,sex_f,age_ythadult_yge25,eco_sector_ser,2022,1518.193
bol,sex_f,age_ythadult_yge25,eco_sector_ser,2023,1581.801
bol,sex_f,age_ythadult_yge25,eco_sector_ser,2024,1662.071
bol,sex_f,age_ythadult_yge25,eco_sector_total,1989,281.124
bol,sex_f,age_ythadult_yge25,eco_sector_total,1990,278.634
bol,sex_f,age_ythadult_yge25,eco_sector_total,1991,297.01
bol,sex_f,age_ythadult_yge25,eco_sector_total,1992,306.684
bol,sex_f,age_ythadult_yge25,eco_sector_total,1993,337.102
bol,sex_f,age_ythadult_yge25,eco_sector_total,1994,374.189
bol,sex_f,age_ythadult_yge25,eco_sector_total,1995,389.116
bol,sex_f,age_ythadult_yge25,eco_sector_total,1999,1284.576
bol,sex_f,age_ythadult_yge25,eco_sector_total,2000,1162.232
bol,sex_f,age_ythadult_yge25,eco_sector_total,2001,1198.315
bol,sex_f,age_ythadult_yge25,eco_sector_total,2002,1192.845
bol,sex_f,age_ythadult_yge25,eco_sector_total,2005,1398.346
bol,sex_f,age_ythadult_yge25,eco_sector_total,2006,1470.462
bol,sex_f,age_ythadult_yge25,eco_sector_total,2007,1570.528
bol,sex_f,age_ythadult_yge25,eco_sector_total,2008,1644.558
bol,sex_f,age_ythadult_yge25,eco_sector_total,2009,1687.459
bol,sex_f,age_ythadult_yge25,eco_sector_total,2011,1697.283
bol,sex_f,age_ythadult_yge25,eco_sector_total,2012,1708.08
bol,sex_f,age_ythadult_yge25,eco_sector_total,2013,1810.748
bol,sex_f,age_ythadult_yge25,eco_sector_total,2014,1826.009
bol,sex_f,age_ythadult_yge25,eco_sector_total,2015,1710.421
bol,sex_f,age_ythadult_yge25,eco_sector_total,2016,1735.333
bol,sex_f,age_ythadult_yge25,eco_sector_total,2017,1859.311
bol,sex_f,age_ythadult_yge25,eco_sector_total,2018,2033.318
bol,sex_f,age_ythadult_yge25,eco_sector_total,2019,2125.347
bol,sex_f,age_ythadult_yge25,eco_sector_total,2020,2011.24
bol,sex_f,age_ythadult_yge25,eco_sector_total,2021,2311.15
bol,sex_f,age_ythadult_yge25,eco_sector_total,2022,2430.671
bol,sex_f,age_ythadult_yge25,eco_sector_total,2023,2558.127
bol,sex_f,age_ythadult_yge25,eco_sector_total,2024,2671.724
bol,sex_f,age_ythadult_yge25,eco_sector_x,1989,3.241
bol,sex_f,age_ythadult_yge25,eco_sector_x,1990,3.904
bol,sex_f,age_ythadult_yge25,eco_sector_x,1999,12.641
bol,sex_f,age_ythadult_yge25,eco_sector_x,2000,17.244
bol,sex_f,age_ythadult_yge25,eco_sector_x,2001,11.004
bol,sex_f,age_ythadult_yge25,eco_sector_x,2014,1.009
bol,sex_f,age_ythadult_yge25,eco_sector_x,2017,0.167
bol,sex_f,age_ythadult_yge25,eco_sector_x,2021,0.291
bol,sex_f,age_ythadult_yge25,eco_sector_x,2022,0.629
bol,sex_f,age_ythadult_yge25,eco_sector_x,2023,0.668
bol,sex_f,age_ythadult_yge25,eco_sector_x,2024,0.293
bol,sex_m,age_10yrbands_total,eco_aggregate_agr,1991,12.787
bol,sex_m,age_10yrbands_total,eco_aggregate_agr,1992,15.725
bol,sex_m,age_10yrbands_total,eco_aggregate_agr,1993,16.846
bol,sex_m,age_10yrbands_total,eco_aggregate_agr,1994,15.392
bol,sex_m,age_10yrbands_total,eco_aggregate_agr,1995,21.195
bol,sex_m,age_10yrbands_total,eco_aggregate_agr,1999,7.389
bol,sex_m,age_10yrbands_total,eco_aggregate_agr,2000,718.102
bol,sex_m,age_10yrbands_total,eco_aggregate_agr,2001,827.084
bol,sex_m,age_10yrbands_total,eco_aggregate_agr,2002,844.887
bol,sex_m,age_10yrbands_total,eco_aggregate_agr,2005,751.199
bol,sex_m,age_10yrbands_total,eco_aggregate_agr,2006,844.285
bol,sex_m,age_10yrbands_total,eco_aggregate_agr,2007,741.46
bol,sex_m,age_10yrbands_total,eco_aggregate_agr,2008,776.898
bol,sex_m,age_10yrbands_total,eco_aggregate_agr,2009,769.851
bol,sex_m,age_10yrbands_total,eco_aggregate_agr,2011,855.712
bol,sex_m,age_10yrbands_total,eco_aggregate_agr,2012,804.711
bol,sex_m,age_10yrbands_total,eco_aggregate_agr,2013,895.21
bol,sex_m,age_10yrbands_total,eco_aggregate_agr,2014,868.738
bol,sex_m,age_10yrbands_total,eco_aggregate_agr,2015,826.891
bol,sex_m,age_10yrbands_total,eco_aggregate_agr,2016,831.662
bol,sex_m,age_10yrbands_total,eco_aggregate_agr,2017,854.032
bol,sex_m,age_10yrbands_total,eco_aggregate_agr,2018,902.813
bol,sex_m,age_10yrbands_total,eco_aggregate_agr,2019,831.7
bol,sex_m,age_10yrbands_total,eco_aggregate_agr,2020,934.951
bol,sex_m,age_10yrbands_total,eco_aggregate_agr,2021,895.112
bol,sex_m,age_10yrbands_total,eco_aggregate_agr,2022,842.434
bol,sex_m,age_10yrbands_total,eco_aggregate_agr,2023,865.822
bol,sex_m,age_10yrbands_total,eco_aggregate_agr,2024,818.472
bol,sex_m,age_10yrbands_total,eco_aggregate_con,1991,81.062
bol,sex_m,age_10yrbands_total,eco_aggregate_con,1992,90.659
bol,sex_m,age_10yrbands_total,eco_aggregate_con,1993,85.079
bol,sex_m,age_10yrbands_total,eco_aggregate_con,1994,110.591
bol,sex_m,age_10yrbands_total,eco_aggregate_con,1995,101.92
bol,sex_m,age_10yrbands_total,eco_aggregate_con,2000,229.294
bol,sex_m,age_10yrbands_total,eco_aggregate_con,2001,181.721
bol,sex_m,age_10yrbands_total,eco_aggregate_con,2002,194.466
bol,sex_m,age_10yrbands_total,eco_aggregate_con,2005,248.464
bol,sex_m,age_10yrbands_total,eco_aggregate_con,2006,238.897
bol,sex_m,age_10yrbands_total,eco_aggregate_con,2007,302.977
bol,sex_m,age_10yrbands_total,eco_aggregate_con,2008,310.502
bol,sex_m,age_10yrbands_total,eco_aggregate_con,2009,350.297
bol,sex_m,age_10yrbands_total,eco_aggregate_con,2011,359.744
bol,sex_m,age_10yrbands_total,eco_aggregate_con,2012,339.295
bol,sex_m,age_10yrbands_total,eco_aggregate_con,2013,330.02
bol,sex_m,age_10yrbands_total,eco_aggregate_con,2014,424.534
bol,sex_m,age_10yrbands_total,eco_aggregate_con,2015,451.043
bol,sex_m,age_10yrbands_total,eco_aggregate_con,2016,410.027
bol,sex_m,age_10yrbands_total,eco_aggregate_con,2017,416.388
bol,sex_m,age_10yrbands_total,eco_aggregate_con,2018,391.839
bol,sex_m,age_10yrbands_total,eco_aggregate_con,2019,427.791
bol,sex_m,age_10yrbands_total,eco_aggregate_con,2020,422.1
bol,sex_m,age_10yrbands_total,eco_aggregate_con,2021,437.283
bol,sex_m,age_10yrbands_total,eco_aggregate_con,2022,458.334
bol,sex_m,age_10yrbands_total,eco_aggregate_con,2023,444.746
bol,sex_m,age_10yrbands_total,eco_aggregate_con,2024,474.565
bol,sex_m,age_10yrbands_total,eco_aggregate_man,1989,91.102
bol,sex_m,age_10yrbands_total,eco_aggregate_man,1990,111.822
bol,sex_m,age_10yrbands_total,eco_aggregate_man,1991,116.994
bol,sex_m,age_10yrbands_total,eco_aggregate_man,1992,129.358
bol,sex_m,age_10yrbands_total,eco_aggregate_man,1993,125.737
bol,sex_m,age_10yrbands_total,eco_aggregate_man,1994,133.063
bol,sex_m,age_10yrbands_total,eco_aggregate_man,1995,140.65
bol,sex_m,age_10yrbands_total,eco_aggregate_man,1999,219.024
bol,sex_m,age_10yrbands_total,eco_aggregate_man,2000,220.265
bol,sex_m,age_10yrbands_total,eco_aggregate_man,2001,198.594
bol,sex_m,age_10yrbands_total,eco_aggregate_man,2002,257.144
bol,sex_m,age_10yrbands_total,eco_aggregate_man,2005,283.457
bol,sex_m,age_10yrbands_total,eco_aggregate_man,2006,267.979
bol,sex_m,age_10yrbands_total,eco_aggregate_man,2007,318.836
bol,sex_m,age_10yrbands_total,eco_aggregate_man,2008,311.849
bol,sex_m,age_10yrbands_total,eco_aggregate_man,2009,344.413
bol,sex_m,age_10yrbands_total,eco_aggregate_man,2011,238.066
bol,sex_m,age_10yrbands_total,eco_aggregate_man,2012,217.879
bol,sex_m,age_10yrbands_total,eco_aggregate_man,2013,229.676
bol,sex_m,age_10yrbands_total,eco_aggregate_man,2014,297.541
bol,sex_m,age_10yrbands_total,eco_aggregate_man,2015,273.175
bol,sex_m,age_10yrbands_total,eco_aggregate_man,2016,291.805
bol,sex_m,age_10yrbands_total,eco_aggregate_man,2017,298.86
bol,sex_m,age_10yrbands_total,eco_aggregate_man,2018,307.235
bol,sex_m,age_10yrbands_total,eco_aggregate_man,2019,352.721
bol,sex_m,age_10yrbands_total,eco_aggregate_man,2020,284.344
bol,sex_m,age_10yrbands_total,eco_aggregate_man,2021,369.554
bol,sex_m,age_10yrbands_total,eco_aggregate_man,2022,390.301
bol,sex_m,age_10yrbands_total,eco_aggregate_man,2023,397.142
bol,sex_m,age_10yrbands_total,eco_aggregate_man,2024,436.515
bol,sex_m,age_10yrbands_total,eco_aggregate_mel,1989,19.27
bol,sex_m,age_10yrbands_total,eco_aggregate_mel,1990,14.371
bol,sex_m,age_10yrbands_total,eco_aggregate_mel,1991,25.148
bol,sex_m,age_10yrbands_total,eco_aggregate_mel,1992,23.946
bol,sex_m,age_10yrbands_total,eco_aggregate_mel,1993,17.834
bol,sex_m,age_10yrbands_total,eco_aggregate_mel,1994,18.202
bol,sex_m,age_10yrbands_total,eco_aggregate_mel,1995,20.679
bol,sex_m,age_10yrbands_total,eco_aggregate_mel,1999,103.692
bol,sex_m,age_10yrbands_total,eco_aggregate_mel,2000,61.366
bol,sex_m,age_10yrbands_total,eco_aggregate_mel,2001,53.193
bol,sex_m,age_10yrbands_total,eco_aggregate_mel,2002,40.496
bol,sex_m,age_10yrbands_total,eco_aggregate_mel,2005,70.728
bol,sex_m,age_10yrbands_total,eco_aggregate_mel,2006,63.386
bol,sex_m,age_10yrbands_total,eco_aggregate_mel,2007,80.165
bol,sex_m,age_10yrbands_total,eco_aggregate_mel,2008,68.997
bol,sex_m,age_10yrbands_total,eco_aggregate_mel,2009,57.462
bol,sex_m,age_10yrbands_total,eco_aggregate_mel,2011,110.459
bol,sex_m,age_10yrbands_total,eco_aggregate_mel,2012,125.626
bol,sex_m,age_10yrbands_total,eco_aggregate_mel,2013,125.861
bol,sex_m,age_10yrbands_total,eco_aggregate_mel,2014,110.678
bol,sex_m,age_10yrbands_total,eco_aggregate_mel,2015,119.723
bol,sex_m,age_10yrbands_total,eco_aggregate_mel,2016,94.569
bol,sex_m,age_10yrbands_total,eco_aggregate_mel,2017,78.764
bol,sex_m,age_10yrbands_total,eco_aggregate_mel,2018,98.284
bol,sex_m,age_10yrbands_total,eco_aggregate_mel,2019,84.772
bol,sex_m,age_10yrbands_total,eco_aggregate_mel,2020,62.45
bol,sex_m,age_10yrbands_total,eco_aggregate_mel,2021,89.018
bol,sex_m,age_10yrbands_total,eco_aggregate_mel,2022,92.321
bol,sex_m,age_10yrbands_total,eco_aggregate_mel,2023,85.734
bol,sex_m,age_10yrbands_total,eco_aggregate_mel,2024,105.439
bol,sex_m,age_10yrbands_total,eco_aggregate_mkt,1989,196.38
bol,sex_m,age_10yrbands_total,eco_aggregate_mkt,1990,192.887
bol,sex_m,age_10yrbands_total,eco_aggregate_mkt,1991,195.784
bol,sex_m,age_10yrbands_total,eco_aggregate_mkt,1992,206.47
bol,sex_m,age_10yrbands_total,eco_aggregate_mkt,1993,242.106
bol,sex_m,age_10yrbands_total,eco_aggregate_mkt,1994,255.705
bol,sex_m,age_10yrbands_total,eco_aggregate_mkt,1995,268.966
bol,sex_m,age_10yrbands_total,eco_aggregate_mkt,1999,1448.345
bol,sex_m,age_10yrbands_total,eco_aggregate_mkt,2000,451.352
bol,sex_m,age_10yrbands_total,eco_aggregate_mkt,2001,457.935
bol,sex_m,age_10yrbands_total,eco_aggregate_mkt,2002,455.209
bol,sex_m,age_10yrbands_total,eco_aggregate_mkt,2005,571.241
bol,sex_m,age_10yrbands_total,eco_aggregate_mkt,2006,612.429
bol,sex_m,age_10yrbands_total,eco_aggregate_mkt,2007,629.011
bol,sex_m,age_10yrbands_total,eco_aggregate_mkt,2008,739.021
bol,sex_m,age_10yrbands_total,eco_aggregate_mkt,2009,735.679
bol,sex_m,age_10yrbands_total,eco_aggregate_mkt,2011,777.168
bol,sex_m,age_10yrbands_total,eco_aggregate_mkt,2012,809.996
bol,sex_m,age_10yrbands_total,eco_aggregate_mkt,2013,803.469
bol,sex_m,age_10yrbands_total,eco_aggregate_mkt,2014,831.978
bol,sex_m,age_10yrbands_total,eco_aggregate_mkt,2015,848.353
bol,sex_m,age_10yrbands_total,eco_aggregate_mkt,2016,815.752
bol,sex_m,age_10yrbands_total,eco_aggregate_mkt,2017,850.746
bol,sex_m,age_10yrbands_total,eco_aggregate_mkt,2018,891.97
bol,sex_m,age_10yrbands_total,eco_aggregate_mkt,2019,1012.058
bol,sex_m,age_10yrbands_total,eco_aggregate_mkt,2020,1023.901
bol,sex_m,age_10yrbands_total,eco_aggregate_mkt,2021,1121.883
bol,sex_m,age_10yrbands_total,eco_aggregate_mkt,2022,1248.269
bol,sex_m,age_10yrbands_total,eco_aggregate_mkt,2023,1255.884
bol,sex_m,age_10yrbands_total,eco_aggregate_mkt,2024,1311.507
bol,sex_m,age_10yrbands_total,eco_aggregate_pub,1989,175.337
bol,sex_m,age_10yrbands_total,eco_aggregate_pub,1990,188.936
bol,sex_m,age_10yrbands_total,eco_aggregate_pub,1991,126.524
bol,sex_m,age_10yrbands_total,eco_aggregate_pub,1992,113.596
bol,sex_m,age_10yrbands_total,eco_aggregate_pub,1993,112.878
bol,sex_m,age_10yrbands_total,eco_aggregate_pub,1994,121.114
bol,sex_m,age_10yrbands_total,eco_aggregate_pub,1995,124.225
bol,sex_m,age_10yrbands_total,eco_aggregate_pub,1999,125.514
bol,sex_m,age_10yrbands_total,eco_aggregate_pub,2000,215.028
bol,sex_m,age_10yrbands_total,eco_aggregate_pub,2001,199.888
bol,sex_m,age_10yrbands_total,eco_aggregate_pub,2002,216.014
bol,sex_m,age_10yrbands_total,eco_aggregate_pub,2005,251.801
bol,sex_m,age_10yrbands_total,eco_aggregate_pub,2006,286.502
bol,sex_m,age_10yrbands_total,eco_aggregate_pub,2007,308.302
bol,sex_m,age_10yrbands_total,eco_aggregate_pub,2008,301.522
bol,sex_m,age_10yrbands_total,eco_aggregate_pub,2009,354.703
bol,sex_m,age_10yrbands_total,eco_aggregate_pub,2011,338.649
bol,sex_m,age_10yrbands_total,eco_aggregate_pub,2012,333.949
bol,sex_m,age_10yrbands_total,eco_aggregate_pub,2013,378.354
bol,sex_m,age_10yrbands_total,eco_aggregate_pub,2014,317.517
bol,sex_m,age_10yrbands_total,eco_aggregate_pub,2015,338.565
bol,sex_m,age_10yrbands_total,eco_aggregate_pub,2016,321.79
bol,sex_m,age_10yrbands_total,eco_aggregate_pub,2017,316.801
bol,sex_m,age_10yrbands_total,eco_aggregate_pub,2018,322.672
bol,sex_m,age_10yrbands_total,eco_aggregate_pub,2019,350.888
bol,sex_m,age_10yrbands_total,eco_aggregate_pub,2020,344.668
bol,sex_m,age_10yrbands_total,eco_aggregate_pub,2021,354.884
bol,sex_m,age_10yrbands_total,eco_aggregate_pub,2022,371.602
bol,sex_m,age_10yrbands_total,eco_aggregate_pub,2023,403.619
bol,sex_m,age_10yrbands_total,eco_aggregate_pub,2024,405.193
bol,sex_m,age_10yrbands_total,eco_aggregate_total,1989,499.767
bol,sex_m,age_10yrbands_total,eco_aggregate_total,1990,529.488
bol,sex_m,age_10yrbands_total,eco_aggregate_total,1991,558.334
bol,sex_m,age_10yrbands_total,eco_aggregate_total,1992,580.808
bol,sex_m,age_10yrbands_total,eco_aggregate_total,1993,600.547
bol,sex_m,age_10yrbands_total,eco_aggregate_total,1994,654.067
bol,sex_m,age_10yrbands_total,eco_aggregate_total,1995,678.981
bol,sex_m,age_10yrbands_total,eco_aggregate_total,1999,2098.292
bol,sex_m,age_10yrbands_total,eco_aggregate_total,2000,1905.272
bol,sex_m,age_10yrbands_total,eco_aggregate_total,2001,1932.373
bol,sex_m,age_10yrbands_total,eco_aggregate_total,2002,2008.216
bol,sex_m,age_10yrbands_total,eco_aggregate_total,2005,2176.89
bol,sex_m,age_10yrbands_total,eco_aggregate_total,2006,2313.478
bol,sex_m,age_10yrbands_total,eco_aggregate_total,2007,2380.751
bol,sex_m,age_10yrbands_total,eco_aggregate_total,2008,2510.133
bol,sex_m,age_10yrbands_total,eco_aggregate_total,2009,2612.405
bol,sex_m,age_10yrbands_total,eco_aggregate_total,2011,2679.798
bol,sex_m,age_10yrbands_total,eco_aggregate_total,2012,2631.456
bol,sex_m,age_10yrbands_total,eco_aggregate_total,2013,2762.75
bol,sex_m,age_10yrbands_total,eco_aggregate_total,2014,2851.183
bol,sex_m,age_10yrbands_total,eco_aggregate_total,2015,2860.593
bol,sex_m,age_10yrbands_total,eco_aggregate_total,2016,2765.604
bol,sex_m,age_10yrbands_total,eco_aggregate_total,2017,2816.052
bol,sex_m,age_10yrbands_total,eco_aggregate_total,2018,2914.814
bol,sex_m,age_10yrbands_total,eco_aggregate_total,2019,3059.93
bol,sex_m,age_10yrbands_total,eco_aggregate_total,2020,3079.264
bol,sex_m,age_10yrbands_total,eco_aggregate_total,2021,3274.59
bol,sex_m,age_10yrbands_total,eco_aggregate_total,2022,3412.124
bol,sex_m,age_10yrbands_total,eco_aggregate_total,2023,3460.792
bol,sex_m,age_10yrbands_total,eco_aggregate_total,2024,3564.275
bol,sex_m,age_10yrbands_total,eco_aggregate_x,1989,17.679
bol,sex_m,age_10yrbands_total,eco_aggregate_x,1990,21.472
bol,sex_m,age_10yrbands_total,eco_aggregate_x,1992,1.054
bol,sex_m,age_10yrbands_total,eco_aggregate_x,1995,1.346
bol,sex_m,age_10yrbands_total,eco_aggregate_x,1999,194.328
bol,sex_m,age_10yrbands_total,eco_aggregate_x,2000,9.865
bol,sex_m,age_10yrbands_total,eco_aggregate_x,2001,13.958
bol,sex_m,age_10yrbands_total,eco_aggregate_x,2015,2.843
bol,sex_m,age_10yrbands_total,eco_aggregate_x,2017,0.461
bol,sex_m,age_10yrbands_total,eco_aggregate_x,2020,6.848
bol,sex_m,age_10yrbands_total,eco_aggregate_x,2021,6.857
bol,sex_m,age_10yrbands_total,eco_aggregate_x,2022,8.864
bol,sex_m,age_10yrbands_total,eco_aggregate_x,2023,7.845
bol,sex_m,age_10yrbands_total,eco_aggregate_x,2024,12.584
bol,sex_m,age_10yrbands_total,eco_sector_agr,1991,12.787
bol,sex_m,age_10yrbands_total,eco_sector_agr,1992,15.725
bol,sex_m,age_10yrbands_total,eco_sector_agr,1993,16.846
bol,sex_m,age_10yrbands_total,eco_sector_agr,1994,15.392
bol,sex_m,age_10yrbands_total,eco_sector_agr,1995,21.195
bol,sex_m,age_10yrbands_total,eco_sector_agr,1999,7.389
bol,sex_m,age_10yrbands_total,eco_sector_agr,2000,718.102
bol,sex_m,age_10yrbands_total,eco_sector_agr,2001,827.084
bol,sex_m,age_10yrbands_total,eco_sector_agr,2002,844.887
bol,sex_m,age_10yrbands_total,eco_sector_agr,2005,751.199
bol,sex_m,age_10yrbands_total,eco_sector_agr,2006,844.285
bol,sex_m,age_10yrbands_total,eco_sector_agr,2007,741.46
bol,sex_m,age_10yrbands_total,eco_sector_agr,2008,776.898
bol,sex_m,age_10yrbands_total,eco_sector_agr,2009,769.851
bol,sex_m,age_10yrbands_total,eco_sector_agr,2011,855.712
bol,sex_m,age_10yrbands_total,eco_sector_agr,2012,804.711
bol,sex_m,age_10yrbands_total,eco_sector_agr,2013,895.21
bol,sex_m,age_10yrbands_total,eco_sector_agr,2014,868.738
bol,sex_m,age_10yrbands_total,eco_sector_agr,2015,826.891
bol,sex_m,age_10yrbands_total,eco_sector_agr,2016,831.662
bol,sex_m,age_10yrbands_total,eco_sector_agr,2017,854.032
bol,sex_m,age_10yrbands_total,eco_sector_agr,2018,902.813
bol,sex_m,age_10yrbands_total,eco_sector_agr,2019,831.7
bol,sex_m,age_10yrbands_total,eco_sector_agr,2020,934.951
bol,sex_m,age_10yrbands_total,eco_sector_agr,2021,895.112
bol,sex_m,age_10yrbands_total,eco_sector_agr,2022,842.434
bol,sex_m,age_10yrbands_total,eco_sector_agr,2023,865.822
bol,sex_m,age_10yrbands_total,eco_sector_agr,2024,818.472
bol,sex_m,age_10yrbands_total,eco_sector_ind,1989,110.372
bol,sex_m,age_10yrbands_total,eco_sector_ind,1990,126.193
bol,sex_m,age_10yrbands_total,eco_sector_ind,1991,223.204
bol,sex_m,age_10yrbands_total,eco_sector_ind,1992,243.963
bol,sex_m,age_10yrbands_total,eco_sector_ind,1993,228.65
bol,sex_m,age_10yrbands_total,eco_sector_ind,1994,261.856
bol,sex_m,age_10yrbands_total,eco_sector_ind,1995,263.249
bol,sex_m,age_10yrbands_total,eco_sector_ind,1999,322.716
bol,sex_m,age_10yrbands_total,eco_sector_ind,2000,510.925
bol,sex_m,age_10yrbands_total,eco_sector_ind,2001,433.508
bol,sex_m,age_10yrbands_total,eco_sector_ind,2002,492.106
bol,sex_m,age_10yrbands_total,eco_sector_ind,2005,602.649
bol,sex_m,age_10yrbands_total,eco_sector_ind,2006,570.262
bol,sex_m,age_10yrbands_total,eco_sector_ind,2007,701.978
bol,sex_m,age_10yrbands_total,eco_sector_ind,2008,691.348
bol,sex_m,age_10yrbands_total,eco_sector_ind,2009,752.172
bol,sex_m,age_10yrbands_total,eco_sector_ind,2011,708.269
bol,sex_m,age_10yrbands_total,eco_sector_ind,2012,682.8
bol,sex_m,age_10yrbands_total,eco_sector_ind,2013,685.557
bol,sex_m,age_10yrbands_total,eco_sector_ind,2014,832.753
bol,sex_m,age_10yrbands_total,eco_sector_ind,2015,843.941
bol,sex_m,age_10yrbands_total,eco_sector_ind,2016,796.401
bol,sex_m,age_10yrbands_total,eco_sector_ind,2017,794.012
bol,sex_m,age_10yrbands_total,eco_sector_ind,2018,797.358
bol,sex_m,age_10yrbands_total,eco_sector_ind,2019,865.284
bol,sex_m,age_10yrbands_total,eco_sector_ind,2020,768.895
bol,sex_m,age_10yrbands_total,eco_sector_ind,2021,895.855
bol,sex_m,age_10yrbands_total,eco_sector_ind,2022,940.955
bol,sex_m,age_10yrbands_total,eco_sector_ind,2023,927.622
bol,sex_m,age_10yrbands_total,eco_sector_ind,2024,1016.52
bol,sex_m,age_10yrbands_total,eco_sector_nag,1989,499.767
bol,sex_m,age_10yrbands_total,eco_sector_nag,1990,529.488
bol,sex_m,age_10yrbands_total,eco_sector_nag,1991,545.547
bol,sex_m,age_10yrbands_total,eco_sector_nag,1992,565.083
bol,sex_m,age_10yrbands_total,eco_sector_nag,1993,583.701
bol,sex_m,age_10yrbands_total,eco_sector_nag,1994,638.675
bol,sex_m,age_10yrbands_total,eco_sector_nag,1995,657.786
bol,sex_m,age_10yrbands_total,eco_sector_nag,1999,2090.903
bol,sex_m,age_10yrbands_total,eco_sector_nag,2000,1187.17
bol,sex_m,age_10yrbands_total,eco_sector_nag,2001,1105.289
bol,sex_m,age_10yrbands_total,eco_sector_nag,2002,1163.329
bol,sex_m,age_10yrbands_total,eco_sector_nag,2005,1425.691
bol,sex_m,age_10yrbands_total,eco_sector_nag,2006,1469.193
bol,sex_m,age_10yrbands_total,eco_sector_nag,2007,1639.291
bol,sex_m,age_10yrbands_total,eco_sector_nag,2008,1733.235
bol,sex_m,age_10yrbands_total,eco_sector_nag,2009,1842.554
bol,sex_m,age_10yrbands_total,eco_sector_nag,2011,1824.086
bol,sex_m,age_10yrbands_total,eco_sector_nag,2012,1826.745
bol,sex_m,age_10yrbands_total,eco_sector_nag,2013,1867.54
bol,sex_m,age_10yrbands_total,eco_sector_nag,2014,1982.445
bol,sex_m,age_10yrbands_total,eco_sector_nag,2015,2033.702
bol,sex_m,age_10yrbands_total,eco_sector_nag,2016,1933.942
bol,sex_m,age_10yrbands_total,eco_sector_nag,2017,1962.02
bol,sex_m,age_10yrbands_total,eco_sector_nag,2018,2012.001
bol,sex_m,age_10yrbands_total,eco_sector_nag,2019,2228.23
bol,sex_m,age_10yrbands_total,eco_sector_nag,2020,2144.313
bol,sex_m,age_10yrbands_total,eco_sector_nag,2021,2379.478
bol,sex_m,age_10yrbands_total,eco_sector_nag,2022,2569.69
bol,sex_m,age_10yrbands_total,eco_sector_nag,2023,2594.97
bol,sex_m,age_10yrbands_total,eco_sector_nag,2024,2745.803
bol,sex_m,age_10yrbands_total,eco_sector_ser,1989,371.716
bol,sex_m,age_10yrbands_total,eco_sector_ser,1990,381.823
bol,sex_m,age_10yrbands_total,eco_sector_ser,1991,322.308
bol,sex_m,age_10yrbands_total,eco_sector_ser,1992,320.066
bol,sex_m,age_10yrbands_total,eco_sector_ser,1993,354.984
bol,sex_m,age_10yrbands_total,eco_sector_ser,1994,376.819
bol,sex_m,age_10yrbands_total,eco_sector_ser,1995,393.191
bol,sex_m,age_10yrbands_total,eco_sector_ser,1999,1573.859
bol,sex_m,age_10yrbands_total,eco_sector_ser,2000,666.38
bol,sex_m,age_10yrbands_total,eco_sector_ser,2001,657.823
bol,sex_m,age_10yrbands_total,eco_sector_ser,2002,671.223
bol,sex_m,age_10yrbands_total,eco_sector_ser,2005,823.042
bol,sex_m,age_10yrbands_total,eco_sector_ser,2006,898.931
bol,sex_m,age_10yrbands_total,eco_sector_ser,2007,937.313
bol,sex_m,age_10yrbands_total,eco_sector_ser,2008,1040.543
bol,sex_m,age_10yrbands_total,eco_sector_ser,2009,1090.382
bol,sex_m,age_10yrbands_total,eco_sector_ser,2011,1115.817
bol,sex_m,age_10yrbands_total,eco_sector_ser,2012,1143.945
bol,sex_m,age_10yrbands_total,eco_sector_ser,2013,1181.823
bol,sex_m,age_10yrbands_total,eco_sector_ser,2014,1149.495
bol,sex_m,age_10yrbands_total,eco_sector_ser,2015,1186.918
bol,sex_m,age_10yrbands_total,eco_sector_ser,2016,1137.541
bol,sex_m,age_10yrbands_total,eco_sector_ser,2017,1167.547
bol,sex_m,age_10yrbands_total,eco_sector_ser,2018,1214.643
bol,sex_m,age_10yrbands_total,eco_sector_ser,2019,1362.946
bol,sex_m,age_10yrbands_total,eco_sector_ser,2020,1368.569
bol,sex_m,age_10yrbands_total,eco_sector_ser,2021,1476.766
bol,sex_m,age_10yrbands_total,eco_sector_ser,2022,1619.871
bol,sex_m,age_10yrbands_total,eco_sector_ser,2023,1659.503
bol,sex_m,age_10yrbands_total,eco_sector_ser,2024,1716.699
bol,sex_m,age_10yrbands_total,eco_sector_total,1989,499.767
bol,sex_m,age_10yrbands_total,eco_sector_total,1990,529.488
bol,sex_m,age_10yrbands_total,eco_sector_total,1991,558.334
bol,sex_m,age_10yrbands_total,eco_sector_total,1992,580.808
bol,sex_m,age_10yrbands_total,eco_sector_total,1993,600.547
bol,sex_m,age_10yrbands_total,eco_sector_total,1994,654.067
bol,sex_m,age_10yrbands_total,eco_sector_total,1995,678.981
bol,sex_m,age_10yrbands_total,eco_sector_total,1999,2098.292
bol,sex_m,age_10yrbands_total,eco_sector_total,2000,1905.272
bol,sex_m,age_10yrbands_total,eco_sector_total,2001,1932.373
bol,sex_m,age_10yrbands_total,eco_sector_total,2002,2008.216
bol,sex_m,age_10yrbands_total,eco_sector_total,2005,2176.89
bol,sex_m,age_10yrbands_total,eco_sector_total,2006,2313.478
bol,sex_m,age_10yrbands_total,eco_sector_total,2007,2380.751
bol,sex_m,age_10yrbands_total,eco_sector_total,2008,2510.133
bol,sex_m,age_10yrbands_total,eco_sector_total,2009,2612.405
bol,sex_m,age_10yrbands_total,eco_sector_total,2011,2679.798
bol,sex_m,age_10yrbands_total,eco_sector_total,2012,2631.456
bol,sex_m,age_10yrbands_total,eco_sector_total,2013,2762.75
bol,sex_m,age_10yrbands_total,eco_sector_total,2014,2851.183
bol,sex_m,age_10yrbands_total,eco_sector_total,2015,2860.593
bol,sex_m,age_10yrbands_total,eco_sector_total,2016,2765.604
bol,sex_m,age_10yrbands_total,eco_sector_total,2017,2816.052
bol,sex_m,age_10yrbands_total,eco_sector_total,2018,2914.814
bol,sex_m,age_10yrbands_total,eco_sector_total,2019,3059.93
bol,sex_m,age_10yrbands_total,eco_sector_total,2020,3079.264
bol,sex_m,age_10yrbands_total,eco_sector_total,2021,3274.59
bol,sex_m,age_10yrbands_total,eco_sector_total,2022,3412.124
bol,sex_m,age_10yrbands_total,eco_sector_total,2023,3460.792
bol,sex_m,age_10yrbands_total,eco_sector_total,2024,3564.275
bol,sex_m,age_10yrbands_total,eco_sector_x,1989,17.679
bol,sex_m,age_10yrbands_total,eco_sector_x,1990,21.472
bol,sex_m,age_10yrbands_total,eco_sector_x,1992,1.054
bol,sex_m,age_10yrbands_total,eco_sector_x,1995,1.346
bol,sex_m,age_10yrbands_total,eco_sector_x,1999,194.328
bol,sex_m,age_10yrbands_total,eco_sector_x,2000,9.865
bol,sex_m,age_10yrbands_total,eco_sector_x,2001,13.958
bol,sex_m,age_10yrbands_total,eco_sector_x,2015,2.843
bol,sex_m,age_10yrbands_total,eco_sector_x,2017,0.461
bol,sex_m,age_10yrbands_total,eco_sector_x,2020,6.848
bol,sex_m,age_10yrbands_total,eco_sector_x,2021,6.857
bol,sex_m,age_10yrbands_total,eco_sector_x,2022,8.864
bol,sex_m,age_10yrbands_total,eco_sector_x,2023,7.845
bol,sex_m,age_10yrbands_total,eco_sector_x,2024,12.584
bol,sex_m,age_10yrbands_y15_24,eco_aggregate_agr,1991,2.222
bol,sex_m,age_10yrbands_y15_24,eco_aggregate_agr,1992,1.967
bol,sex_m,age_10yrbands_y15_24,eco_aggregate_agr,1993,3.03
bol,sex_m,age_10yrbands_y15_24,eco_aggregate_agr,1994,2.253
bol,sex_m,age_10yrbands_y15_24,eco_aggregate_agr,1995,2.994
bol,sex_m,age_10yrbands_y15_24,eco_aggregate_agr,2000,177.121
bol,sex_m,age_10yrbands_y15_24,eco_aggregate_agr,2001,229.719
bol,sex_m,age_10yrbands_y15_24,eco_aggregate_agr,2002,247.479
bol,sex_m,age_10yrbands_y15_24,eco_aggregate_agr,2005,170.2
bol,sex_m,age_10yrbands_y15_24,eco_aggregate_agr,2006,212.516
bol,sex_m,age_10yrbands_y15_24,eco_aggregate_agr,2007,198.929
bol,sex_m,age_10yrbands_y15_24,eco_aggregate_agr,2008,176.253
bol,sex_m,age_10yrbands_y15_24,eco_aggregate_agr,2009,162.291
bol,sex_m,age_10yrbands_y15_24,eco_aggregate_agr,2011,204.81
bol,sex_m,age_10yrbands_y15_24,eco_aggregate_agr,2012,176.098
bol,sex_m,age_10yrbands_y15_24,eco_aggregate_agr,2013,160.744
bol,sex_m,age_10yrbands_y15_24,eco_aggregate_agr,2014,171.694
bol,sex_m,age_10yrbands_y15_24,eco_aggregate_agr,2015,148.765
bol,sex_m,age_10yrbands_y15_24,eco_aggregate_agr,2016,164.111
bol,sex_m,age_10yrbands_y15_24,eco_aggregate_agr,2017,169.97
bol,sex_m,age_10yrbands_y15_24,eco_aggregate_agr,2018,170.116
bol,sex_m,age_10yrbands_y15_24,eco_aggregate_agr,2019,156.177
bol,sex_m,age_10yrbands_y15_24,eco_aggregate_agr,2020,172.957
bol,sex_m,age_10yrbands_y15_24,eco_aggregate_agr,2021,180.715
bol,sex_m,age_10yrbands_y15_24,eco_aggregate_agr,2022,166.452
bol,sex_m,age_10yrbands_y15_24,eco_aggregate_agr,2023,171.655
bol,sex_m,age_10yrbands_y15_24,eco_aggregate_agr,2024,148.38
bol,sex_m,age_10yrbands_y15_24,eco_aggregate_con,1991,21.194
bol,sex_m,age_10yrbands_y15_24,eco_aggregate_con,1992,22.673
bol,sex_m,age_10yrbands_y15_24,eco_aggregate_con,1993,20.641
bol,sex_m,age_10yrbands_y15_24,eco_aggregate_con,1994,28.043
bol,sex_m,age_10yrbands_y15_24,eco_aggregate_con,1995,25.728
bol,sex_m,age_10yrbands_y15_24,eco_aggregate_con,2000,56.21
bol,sex_m,age_10yrbands_y15_24,eco_aggregate_con,2001,39.297
bol,sex_m,age_10yrbands_y15_24,eco_aggregate_con,2002,39.066
bol,sex_m,age_10yrbands_y15_24,eco_aggregate_con,2005,43.72
bol,sex_m,age_10yrbands_y15_24,eco_aggregate_con,2006,61.454
bol,sex_m,age_10yrbands_y15_24,eco_aggregate_con,2007,85.923
bol,sex_m,age_10yrbands_y15_24,eco_aggregate_con,2008,67.664
bol,sex_m,age_10yrbands_y15_24,eco_aggregate_con,2009,80.867
bol,sex_m,age_10yrbands_y15_24,eco_aggregate_con,2011,94.814
bol,sex_m,age_10yrbands_y15_24,eco_aggregate_con,2012,67.154
bol,sex_m,age_10yrbands_y15_24,eco_aggregate_con,2013,72.802
bol,sex_m,age_10yrbands_y15_24,eco_aggregate_con,2014,106.124
bol,sex_m,age_10yrbands_y15_24,eco_aggregate_con,2015,103.83
bol,sex_m,age_10yrbands_y15_24,eco_aggregate_con,2016,92.412
bol,sex_m,age_10yrbands_y15_24,eco_aggregate_con,2017,92.027
bol,sex_m,age_10yrbands_y15_24,eco_aggregate_con,2018,82.116
bol,sex_m,age_10yrbands_y15_24,eco_aggregate_con,2019,85.115
bol,sex_m,age_10yrbands_y15_24,eco_aggregate_con,2020,81.216
bol,sex_m,age_10yrbands_y15_24,eco_aggregate_con,2021,88.029
bol,sex_m,age_10yrbands_y15_24,eco_aggregate_con,2022,80.355
bol,sex_m,age_10yrbands_y15_24,eco_aggregate_con,2023,76.697
bol,sex_m,age_10yrbands_y15_24,eco_aggregate_con,2024,80.7
bol,sex_m,age_10yrbands_y15_24,eco_aggregate_man,1989,20.017
bol,sex_m,age_10yrbands_y15_24,eco_aggregate_man,1990,31.508
bol,sex_m,age_10yrbands_y15_24,eco_aggregate_man,1991,32.182
bol,sex_m,age_10yrbands_y15_24,eco_aggregate_man,1992,38.214
bol,sex_m,age_10yrbands_y15_24,eco_aggregate_man,1993,35.64
bol,sex_m,age_10yrbands_y15_24,eco_aggregate_man,1994,38.894
bol,sex_m,age_10yrbands_y15_24,eco_aggregate_man,1995,42.782
bol,sex_m,age_10yrbands_y15_24,eco_aggregate_man,1999,26.738
bol,sex_m,age_10yrbands_y15_24,eco_aggregate_man,2000,58.559
bol,sex_m,age_10yrbands_y15_24,eco_aggregate_man,2001,60.644
bol,sex_m,age_10yrbands_y15_24,eco_aggregate_man,2002,59.498
bol,sex_m,age_10yrbands_y15_24,eco_aggregate_man,2005,73.421
bol,sex_m,age_10yrbands_y15_24,eco_aggregate_man,2006,58.758
bol,sex_m,age_10yrbands_y15_24,eco_aggregate_man,2007,79.966
bol,sex_m,age_10yrbands_y15_24,eco_aggregate_man,2008,72.721
bol,sex_m,age_10yrbands_y15_24,eco_aggregate_man,2009,85.178
bol,sex_m,age_10yrbands_y15_24,eco_aggregate_man,2011,58.308
bol,sex_m,age_10yrbands_y15_24,eco_aggregate_man,2012,55.071
bol,sex_m,age_10yrbands_y15_24,eco_aggregate_man,2013,49.627
bol,sex_m,age_10yrbands_y15_24,eco_aggregate_man,2014,73.858
bol,sex_m,age_10yrbands_y15_24,eco_aggregate_man,2015,56.777
bol,sex_m,age_10yrbands_y15_24,eco_aggregate_man,2016,59.774
bol,sex_m,age_10yrbands_y15_24,eco_aggregate_man,2017,57.234
bol,sex_m,age_10yrbands_y15_24,eco_aggregate_man,2018,58.053
bol,sex_m,age_10yrbands_y15_24,eco_aggregate_man,2019,72.606
bol,sex_m,age_10yrbands_y15_24,eco_aggregate_man,2020,51.724
bol,sex_m,age_10yrbands_y15_24,eco_aggregate_man,2021,80.471
bol,sex_m,age_10yrbands_y15_24,eco_aggregate_man,2022,82.653
bol,sex_m,age_10yrbands_y15_24,eco_aggregate_man,2023,83.683
bol,sex_m,age_10yrbands_y15_24,eco_aggregate_man,2024,89.499
bol,sex_m,age_10yrbands_y15_24,eco_aggregate_mel,1989,2.603
bol,sex_m,age_10yrbands_y15_24,eco_aggregate_mel,1990,1.667
bol,sex_m,age_10yrbands_y15_24,eco_aggregate_mel,1991,3.14
bol,sex_m,age_10yrbands_y15_24,eco_aggregate_mel,1992,2.551
bol,sex_m,age_10yrbands_y15_24,eco_aggregate_mel,1993,2.214
bol,sex_m,age_10yrbands_y15_24,eco_aggregate_mel,1994,2.074
bol,sex_m,age_10yrbands_y15_24,eco_aggregate_mel,1995,1.635
bol,sex_m,age_10yrbands_y15_24,eco_aggregate_mel,1999,12.114
bol,sex_m,age_10yrbands_y15_24,eco_aggregate_mel,2000,10.868
bol,sex_m,age_10yrbands_y15_24,eco_aggregate_mel,2001,6.204
bol,sex_m,age_10yrbands_y15_24,eco_aggregate_mel,2002,4.774
bol,sex_m,age_10yrbands_y15_24,eco_aggregate_mel,2005,12.795
bol,sex_m,age_10yrbands_y15_24,eco_aggregate_mel,2006,12.749
bol,sex_m,age_10yrbands_y15_24,eco_aggregate_mel,2007,15.043
bol,sex_m,age_10yrbands_y15_24,eco_aggregate_mel,2008,15.332
bol,sex_m,age_10yrbands_y15_24,eco_aggregate_mel,2009,10.684
bol,sex_m,age_10yrbands_y15_24,eco_aggregate_mel,2011,14.108
bol,sex_m,age_10yrbands_y15_24,eco_aggregate_mel,2012,21.752
bol,sex_m,age_10yrbands_y15_24,eco_aggregate_mel,2013,19.19
bol,sex_m,age_10yrbands_y15_24,eco_aggregate_mel,2014,18.273
bol,sex_m,age_10yrbands_y15_24,eco_aggregate_mel,2015,21.68
bol,sex_m,age_10yrbands_y15_24,eco_aggregate_mel,2016,13.2
bol,sex_m,age_10yrbands_y15_24,eco_aggregate_mel,2017,10.752
bol,sex_m,age_10yrbands_y15_24,eco_aggregate_mel,2018,14.332
bol,sex_m,age_10yrbands_y15_24,eco_aggregate_mel,2019,12.298
bol,sex_m,age_10yrbands_y15_24,eco_aggregate_mel,2020,4.198
bol,sex_m,age_10yrbands_y15_24,eco_aggregate_mel,2021,17.263
bol,sex_m,age_10yrbands_y15_24,eco_aggregate_mel,2022,15.117
bol,sex_m,age_10yrbands_y15_24,eco_aggregate_mel,2023,10.068
bol,sex_m,age_10yrbands_y15_24,eco_aggregate_mel,2024,17.045
bol,sex_m,age_10yrbands_y15_24,eco_aggregate_mkt,1989,41.292
bol,sex_m,age_10yrbands_y15_24,eco_aggregate_mkt,1990,42.489
bol,sex_m,age_10yrbands_y15_24,eco_aggregate_mkt,1991,40.739
bol,sex_m,age_10yrbands_y15_24,eco_aggregate_mkt,1992,44.056
bol,sex_m,age_10yrbands_y15_24,eco_aggregate_mkt,1993,57.034
bol,sex_m,age_10yrbands_y15_24,eco_aggregate_mkt,1994,58.5
bol,sex_m,age_10yrbands_y15_24,eco_aggregate_mkt,1995,64.866
bol,sex_m,age_10yrbands_y15_24,eco_aggregate_mkt,1999,368.959
bol,sex_m,age_10yrbands_y15_24,eco_aggregate_mkt,2000,91.245
bol,sex_m,age_10yrbands_y15_24,eco_aggregate_mkt,2001,107.167
bol,sex_m,age_10yrbands_y15_24,eco_aggregate_mkt,2002,107.382
bol,sex_m,age_10yrbands_y15_24,eco_aggregate_mkt,2005,106.024
bol,sex_m,age_10yrbands_y15_24,eco_aggregate_mkt,2006,131.661
bol,sex_m,age_10yrbands_y15_24,eco_aggregate_mkt,2007,117.892
bol,sex_m,age_10yrbands_y15_24,eco_aggregate_mkt,2008,147.143
bol,sex_m,age_10yrbands_y15_24,eco_aggregate_mkt,2009,139.797
bol,sex_m,age_10yrbands_y15_24,eco_aggregate_mkt,2011,162.725
bol,sex_m,age_10yrbands_y15_24,eco_aggregate_mkt,2012,149.583
bol,sex_m,age_10yrbands_y15_24,eco_aggregate_mkt,2013,136.536
bol,sex_m,age_10yrbands_y15_24,eco_aggregate_mkt,2014,161.571
bol,sex_m,age_10yrbands_y15_24,eco_aggregate_mkt,2015,146.995
bol,sex_m,age_10yrbands_y15_24,eco_aggregate_mkt,2016,136.273
bol,sex_m,age_10yrbands_y15_24,eco_aggregate_mkt,2017,148.472
bol,sex_m,age_10yrbands_y15_24,eco_aggregate_mkt,2018,165.213
bol,sex_m,age_10yrbands_y15_24,eco_aggregate_mkt,2019,195.517
bol,sex_m,age_10yrbands_y15_24,eco_aggregate_mkt,2020,132.633
bol,sex_m,age_10yrbands_y15_24,eco_aggregate_mkt,2021,241.887
bol,sex_m,age_10yrbands_y15_24,eco_aggregate_mkt,2022,275.449
bol,sex_m,age_10yrbands_y15_24,eco_aggregate_mkt,2023,269.009
bol,sex_m,age_10yrbands_y15_24,eco_aggregate_mkt,2024,290.573
bol,sex_m,age_10yrbands_y15_24,eco_aggregate_pub,1989,29.957
bol,sex_m,age_10yrbands_y15_24,eco_aggregate_pub,1990,34.74
bol,sex_m,age_10yrbands_y15_24,eco_aggregate_pub,1991,22.006
bol,sex_m,age_10yrbands_y15_24,eco_aggregate_pub,1992,15.843
bol,sex_m,age_10yrbands_y15_24,eco_aggregate_pub,1993,18.664
bol,sex_m,age_10yrbands_y15_24,eco_aggregate_pub,1994,17.336
bol,sex_m,age_10yrbands_y15_24,eco_aggregate_pub,1995,21.364
bol,sex_m,age_10yrbands_y15_24,eco_aggregate_pub,1999,38.997
bol,sex_m,age_10yrbands_y15_24,eco_aggregate_pub,2000,24.982
bol,sex_m,age_10yrbands_y15_24,eco_aggregate_pub,2001,33.048
bol,sex_m,age_10yrbands_y15_24,eco_aggregate_pub,2002,29.041
bol,sex_m,age_10yrbands_y15_24,eco_aggregate_pub,2005,29.717
bol,sex_m,age_10yrbands_y15_24,eco_aggregate_pub,2006,39.393
bol,sex_m,age_10yrbands_y15_24,eco_aggregate_pub,2007,31.521
bol,sex_m,age_10yrbands_y15_24,eco_aggregate_pub,2008,33.417
bol,sex_m,age_10yrbands_y15_24,eco_aggregate_pub,2009,46.621
bol,sex_m,age_10yrbands_y15_24,eco_aggregate_pub,2011,31.637
bol,sex_m,age_10yrbands_y15_24,eco_aggregate_pub,2012,36.393
bol,sex_m,age_10yrbands_y15_24,eco_aggregate_pub,2013,31.201
bol,sex_m,age_10yrbands_y15_24,eco_aggregate_pub,2014,34.807
bol,sex_m,age_10yrbands_y15_24,eco_aggregate_pub,2015,33.178
bol,sex_m,age_10yrbands_y15_24,eco_aggregate_pub,2016,32.298
bol,sex_m,age_10yrbands_y15_24,eco_aggregate_pub,2017,28.238
bol,sex_m,age_10yrbands_y15_24,eco_aggregate_pub,2018,29.088
bol,sex_m,age_10yrbands_y15_24,eco_aggregate_pub,2019,34.24
bol,sex_m,age_10yrbands_y15_24,eco_aggregate_pub,2020,22.701
bol,sex_m,age_10yrbands_y15_24,eco_aggregate_pub,2021,34.782
bol,sex_m,age_10yrbands_y15_24,eco_aggregate_pub,2022,41.446
bol,sex_m,age_10yrbands_y15_24,eco_aggregate_pub,2023,46.133
bol,sex_m,age_10yrbands_y15_24,eco_aggregate_pub,2024,53.139
bol,sex_m,age_10yrbands_y15_24,eco_aggregate_total,1989,98.67
bol,sex_m,age_10yrbands_y15_24,eco_aggregate_total,1990,116.31
bol,sex_m,age_10yrbands_y15_24,eco_aggregate_total,1991,121.483
bol,sex_m,age_10yrbands_y15_24,eco_aggregate_total,1992,125.475
bol,sex_m,age_10yrbands_y15_24,eco_aggregate_total,1993,137.223
bol,sex_m,age_10yrbands_y15_24,eco_aggregate_total,1994,147.1
bol,sex_m,age_10yrbands_y15_24,eco_aggregate_total,1995,159.369
bol,sex_m,age_10yrbands_y15_24,eco_aggregate_total,1999,479.382
bol,sex_m,age_10yrbands_y15_24,eco_aggregate_total,2000,423.087
bol,sex_m,age_10yrbands_y15_24,eco_aggregate_total,2001,482.145
bol,sex_m,age_10yrbands_y15_24,eco_aggregate_total,2002,487.24
bol,sex_m,age_10yrbands_y15_24,eco_aggregate_total,2005,435.877
bol,sex_m,age_10yrbands_y15_24,eco_aggregate_total,2006,516.531
bol,sex_m,age_10yrbands_y15_24,eco_aggregate_total,2007,529.274
bol,sex_m,age_10yrbands_y15_24,eco_aggregate_total,2008,512.53
bol,sex_m,age_10yrbands_y15_24,eco_aggregate_total,2009,525.438
bol,sex_m,age_10yrbands_y15_24,eco_aggregate_total,2011,566.402
bol,sex_m,age_10yrbands_y15_24,eco_aggregate_total,2012,506.051
bol,sex_m,age_10yrbands_y15_24,eco_aggregate_total,2013,470.1
bol,sex_m,age_10yrbands_y15_24,eco_aggregate_total,2014,566.327
bol,sex_m,age_10yrbands_y15_24,eco_aggregate_total,2015,512.35
bol,sex_m,age_10yrbands_y15_24,eco_aggregate_total,2016,498.067
bol,sex_m,age_10yrbands_y15_24,eco_aggregate_total,2017,507.033
bol,sex_m,age_10yrbands_y15_24,eco_aggregate_total,2018,518.917
bol,sex_m,age_10yrbands_y15_24,eco_aggregate_total,2019,555.952
bol,sex_m,age_10yrbands_y15_24,eco_aggregate_total,2020,467.51
bol,sex_m,age_10yrbands_y15_24,eco_aggregate_total,2021,645.44
bol,sex_m,age_10yrbands_y15_24,eco_aggregate_total,2022,664.556
bol,sex_m,age_10yrbands_y15_24,eco_aggregate_total,2023,660.555
bol,sex_m,age_10yrbands_y15_24,eco_aggregate_total,2024,684.092
bol,sex_m,age_10yrbands_y15_24,eco_aggregate_x,1989,4.802
bol,sex_m,age_10yrbands_y15_24,eco_aggregate_x,1990,5.906
bol,sex_m,age_10yrbands_y15_24,eco_aggregate_x,1999,32.574
bol,sex_m,age_10yrbands_y15_24,eco_aggregate_x,2000,4.102
bol,sex_m,age_10yrbands_y15_24,eco_aggregate_x,2001,6.066
bol,sex_m,age_10yrbands_y15_24,eco_aggregate_x,2017,0.341
bol,sex_m,age_10yrbands_y15_24,eco_aggregate_x,2020,2.081
bol,sex_m,age_10yrbands_y15_24,eco_aggregate_x,2021,2.292
bol,sex_m,age_10yrbands_y15_24,eco_aggregate_x,2022,3.085
bol,sex_m,age_10yrbands_y15_24,eco_aggregate_x,2023,3.309
bol,sex_m,age_10yrbands_y15_24,eco_aggregate_x,2024,4.756
bol,sex_m,age_10yrbands_y15_24,eco_sector_agr,1991,2.222
bol,sex_m,age_10yrbands_y15_24,eco_sector_agr,1992,1.967
bol,sex_m,age_10yrbands_y15_24,eco_sector_agr,1993,3.03
bol,sex_m,age_10yrbands_y15_24,eco_sector_agr,1994,2.253
bol,sex_m,age_10yrbands_y15_24,eco_sector_agr,1995,2.994
bol,sex_m,age_10yrbands_y15_24,eco_sector_agr,2000,177.121
bol,sex_m,age_10yrbands_y15_24,eco_sector_agr,2001,229.719
bol,sex_m,age_10yrbands_y15_24,eco_sector_agr,2002,247.479
bol,sex_m,age_10yrbands_y15_24,eco_sector_agr,2005,170.2
bol,sex_m,age_10yrbands_y15_24,eco_sector_agr,2006,212.516
bol,sex_m,age_10yrbands_y15_24,eco_sector_agr,2007,198.929
bol,sex_m,age_10yrbands_y15_24,eco_sector_agr,2008,176.253
bol,sex_m,age_10yrbands_y15_24,eco_sector_agr,2009,162.291
bol,sex_m,age_10yrbands_y15_24,eco_sector_agr,2011,204.81
bol,sex_m,age_10yrbands_y15_24,eco_sector_agr,2012,176.098
bol,sex_m,age_10yrbands_y15_24,eco_sector_agr,2013,160.744
bol,sex_m,age_10yrbands_y15_24,eco_sector_agr,2014,171.694
bol,sex_m,age_10yrbands_y15_24,eco_sector_agr,2015,148.765
bol,sex_m,age_10yrbands_y15_24,eco_sector_agr,2016,164.111
bol,sex_m,age_10yrbands_y15_24,eco_sector_agr,2017,169.97
bol,sex_m,age_10yrbands_y15_24,eco_sector_agr,2018,170.116
bol,sex_m,age_10yrbands_y15_24,eco_sector_agr,2019,156.177
bol,sex_m,age_10yrbands_y15_24,eco_sector_agr,2020,172.957
bol,sex_m,age_10yrbands_y15_24,eco_sector_agr,2021,180.715
bol,sex_m,age_10yrbands_y15_24,eco_sector_agr,2022,166.452
bol,sex_m,age_10yrbands_y15_24,eco_sector_agr,2023,171.655
bol,sex_m,age_10yrbands_y15_24,eco_sector_agr,2024,148.38
bol,sex_m,age_10yrbands_y15_24,eco_sector_ind,1989,22.62
bol,sex_m,age_10yrbands_y15_24,eco_sector_ind,1990,33.175
bol,sex_m,age_10yrbands_y15_24,eco_sector_ind,1991,56.516
bol,sex_m,age_10yrbands_y15_24,eco_sector_ind,1992,63.438
bol,sex_m,age_10yrbands_y15_24,eco_sector_ind,1993,58.495
bol,sex_m,age_10yrbands_y15_24,eco_sector_ind,1994,69.011
bol,sex_m,age_10yrbands_y15_24,eco_sector_ind,1995,70.145
bol,sex_m,age_10yrbands_y15_24,eco_sector_ind,1999,38.852
bol,sex_m,age_10yrbands_y15_24,eco_sector_ind,2000,125.637
bol,sex_m,age_10yrbands_y15_24,eco_sector_ind,2001,106.145
bol,sex_m,age_10yrbands_y15_24,eco_sector_ind,2002,103.338
bol,sex_m,age_10yrbands_y15_24,eco_sector_ind,2005,129.936
bol,sex_m,age_10yrbands_y15_24,eco_sector_ind,2006,132.961
bol,sex_m,age_10yrbands_y15_24,eco_sector_ind,2007,180.932
bol,sex_m,age_10yrbands_y15_24,eco_sector_ind,2008,155.717
bol,sex_m,age_10yrbands_y15_24,eco_sector_ind,2009,176.729
bol,sex_m,age_10yrbands_y15_24,eco_sector_ind,2011,167.23
bol,sex_m,age_10yrbands_y15_24,eco_sector_ind,2012,143.977
bol,sex_m,age_10yrbands_y15_24,eco_sector_ind,2013,141.619
bol,sex_m,age_10yrbands_y15_24,eco_sector_ind,2014,198.255
bol,sex_m,age_10yrbands_y15_24,eco_sector_ind,2015,182.287
bol,sex_m,age_10yrbands_y15_24,eco_sector_ind,2016,165.386
bol,sex_m,age_10yrbands_y15_24,eco_sector_ind,2017,160.012
bol,sex_m,age_10yrbands_y15_24,eco_sector_ind,2018,154.5
bol,sex_m,age_10yrbands_y15_24,eco_sector_ind,2019,170.019
bol,sex_m,age_10yrbands_y15_24,eco_sector_ind,2020,137.138
bol,sex_m,age_10yrbands_y15_24,eco_sector_ind,2021,185.763
bol,sex_m,age_10yrbands_y15_24,eco_sector_ind,2022,178.124
bol,sex_m,age_10yrbands_y15_24,eco_sector_ind,2023,170.449
bol,sex_m,age_10yrbands_y15_24,eco_sector_ind,2024,187.244
bol,sex_m,age_10yrbands_y15_24,eco_sector_nag,1989,98.67
bol,sex_m,age_10yrbands_y15_24,eco_sector_nag,1990,116.31
bol,sex_m,age_10yrbands_y15_24,eco_sector_nag,1991,119.261
bol,sex_m,age_10yrbands_y15_24,eco_sector_nag,1992,123.508
bol,sex_m,age_10yrbands_y15_24,eco_sector_nag,1993,134.193
bol,sex_m,age_10yrbands_y15_24,eco_sector_nag,1994,144.847
bol,sex_m,age_10yrbands_y15_24,eco_sector_nag,1995,156.375
bol,sex_m,age_10yrbands_y15_24,eco_sector_nag,1999,479.382
bol,sex_m,age_10yrbands_y15_24,eco_sector_nag,2000,245.966
bol,sex_m,age_10yrbands_y15_24,eco_sector_nag,2001,252.426
bol,sex_m,age_10yrbands_y15_24,eco_sector_nag,2002,239.761
bol,sex_m,age_10yrbands_y15_24,eco_sector_nag,2005,265.677
bol,sex_m,age_10yrbands_y15_24,eco_sector_nag,2006,304.015
bol,sex_m,age_10yrbands_y15_24,eco_sector_nag,2007,330.345
bol,sex_m,age_10yrbands_y15_24,eco_sector_nag,2008,336.277
bol,sex_m,age_10yrbands_y15_24,eco_sector_nag,2009,363.147
bol,sex_m,age_10yrbands_y15_24,eco_sector_nag,2011,361.592
bol,sex_m,age_10yrbands_y15_24,eco_sector_nag,2012,329.953
bol,sex_m,age_10yrbands_y15_24,eco_sector_nag,2013,309.356
bol,sex_m,age_10yrbands_y15_24,eco_sector_nag,2014,394.633
bol,sex_m,age_10yrbands_y15_24,eco_sector_nag,2015,363.585
bol,sex_m,age_10yrbands_y15_24,eco_sector_nag,2016,333.957
bol,sex_m,age_10yrbands_y15_24,eco_sector_nag,2017,337.064
bol,sex_m,age_10yrbands_y15_24,eco_sector_nag,2018,348.801
bol,sex_m,age_10yrbands_y15_24,eco_sector_nag,2019,399.775
bol,sex_m,age_10yrbands_y15_24,eco_sector_nag,2020,294.554
bol,sex_m,age_10yrbands_y15_24,eco_sector_nag,2021,464.725
bol,sex_m,age_10yrbands_y15_24,eco_sector_nag,2022,498.104
bol,sex_m,age_10yrbands_y15_24,eco_sector_nag,2023,488.901
bol,sex_m,age_10yrbands_y15_24,eco_sector_nag,2024,535.712
bol,sex_m,age_10yrbands_y15_24,eco_sector_ser,1989,71.249
bol,sex_m,age_10yrbands_y15_24,eco_sector_ser,1990,77.229
bol,sex_m,age_10yrbands_y15_24,eco_sector_ser,1991,62.745
bol,sex_m,age_10yrbands_y15_24,eco_sector_ser,1992,59.899
bol,sex_m,age_10yrbands_y15_24,eco_sector_ser,1993,75.698
bol,sex_m,age_10yrbands_y15_24,eco_sector_ser,1994,75.836
bol,sex_m,age_10yrbands_y15_24,eco_sector_ser,1995,86.23
bol,sex_m,age_10yrbands_y15_24,eco_sector_ser,1999,407.956
bol,sex_m,age_10yrbands_y15_24,eco_sector_ser,2000,116.227
bol,sex_m,age_10yrbands_y15_24,eco_sector_ser,2001,140.215
bol,sex_m,age_10yrbands_y15_24,eco_sector_ser,2002,136.423
bol,sex_m,age_10yrbands_y15_24,eco_sector_ser,2005,135.741
bol,sex_m,age_10yrbands_y15_24,eco_sector_ser,2006,171.054
bol,sex_m,age_10yrbands_y15_24,eco_sector_ser,2007,149.413
bol,sex_m,age_10yrbands_y15_24,eco_sector_ser,2008,180.56
bol,sex_m,age_10yrbands_y15_24,eco_sector_ser,2009,186.418
bol,sex_m,age_10yrbands_y15_24,eco_sector_ser,2011,194.362
bol,sex_m,age_10yrbands_y15_24,eco_sector_ser,2012,185.976
bol,sex_m,age_10yrbands_y15_24,eco_sector_ser,2013,167.737
bol,sex_m,age_10yrbands_y15_24,eco_sector_ser,2014,196.378
bol,sex_m,age_10yrbands_y15_24,eco_sector_ser,2015,180.173
bol,sex_m,age_10yrbands_y15_24,eco_sector_ser,2016,168.571
bol,sex_m,age_10yrbands_y15_24,eco_sector_ser,2017,176.711
bol,sex_m,age_10yrbands_y15_24,eco_sector_ser,2018,194.301
bol,sex_m,age_10yrbands_y15_24,eco_sector_ser,2019,229.756
bol,sex_m,age_10yrbands_y15_24,eco_sector_ser,2020,155.334
bol,sex_m,age_10yrbands_y15_24,eco_sector_ser,2021,276.67
bol,sex_m,age_10yrbands_y15_24,eco_sector_ser,2022,316.895
bol,sex_m,age_10yrbands_y15_24,eco_sector_ser,2023,315.142
bol,sex_m,age_10yrbands_y15_24,eco_sector_ser,2024,343.712
bol,sex_m,age_10yrbands_y15_24,eco_sector_total,1989,98.67
bol,sex_m,age_10yrbands_y15_24,eco_sector_total,1990,116.31
bol,sex_m,age_10yrbands_y15_24,eco_sector_total,1991,121.483
bol,sex_m,age_10yrbands_y15_24,eco_sector_total,1992,125.475
bol,sex_m,age_10yrbands_y15_24,eco_sector_total,1993,137.223
bol,sex_m,age_10yrbands_y15_24,eco_sector_total,1994,147.1
bol,sex_m,age_10yrbands_y15_24,eco_sector_total,1995,159.369
bol,sex_m,age_10yrbands_y15_24,eco_sector_total,1999,479.382
bol,sex_m,age_10yrbands_y15_24,eco_sector_total,2000,423.087
bol,sex_m,age_10yrbands_y15_24,eco_sector_total,2001,482.145
bol,sex_m,age_10yrbands_y15_24,eco_sector_total,2002,487.24
bol,sex_m,age_10yrbands_y15_24,eco_sector_total,2005,435.877
bol,sex_m,age_10yrbands_y15_24,eco_sector_total,2006,516.531
bol,sex_m,age_10yrbands_y15_24,eco_sector_total,2007,529.274
bol,sex_m,age_10yrbands_y15_24,eco_sector_total,2008,512.53
bol,sex_m,age_10yrbands_y15_24,eco_sector_total,2009,525.438
bol,sex_m,age_10yrbands_y15_24,eco_sector_total,2011,566.402
bol,sex_m,age_10yrbands_y15_24,eco_sector_total,2012,506.051
bol,sex_m,age_10yrbands_y15_24,eco_sector_total,2013,470.1
bol,sex_m,age_10yrbands_y15_24,eco_sector_total,2014,566.327
bol,sex_m,age_10yrbands_y15_24,eco_sector_total,2015,512.35
bol,sex_m,age_10yrbands_y15_24,eco_sector_total,2016,498.067
bol,sex_m,age_10yrbands_y15_24,eco_sector_total,2017,507.033
bol,sex_m,age_10yrbands_y15_24,eco_sector_total,2018,518.917
bol,sex_m,age_10yrbands_y15_24,eco_sector_total,2019,555.952
bol,sex_m,age_10yrbands_y15_24,eco_sector_total,2020,467.51
bol,sex_m,age_10yrbands_y15_24,eco_sector_total,2021,645.44
bol,sex_m,age_10yrbands_y15_24,eco_sector_total,2022,664.556
bol,sex_m,age_10yrbands_y15_24,eco_sector_total,2023,660.555
bol,sex_m,age_10yrbands_y15_24,eco_sector_total,2024,684.092
bol,sex_m,age_10yrbands_y15_24,eco_sector_x,1989,4.802
bol,sex_m,age_10yrbands_y15_24,eco_sector_x,1990,5.906
bol,sex_m,age_10yrbands_y15_24,eco_sector_x,1999,32.574
bol,sex_m,age_10yrbands_y15_24,eco_sector_x,2000,4.102
bol,sex_m,age_10yrbands_y15_24,eco_sector_x,2001,6.066
bol,sex_m,age_10yrbands_y15_24,eco_sector_x,2017,0.341
bol,sex_m,age_10yrbands_y15_24,eco_sector_x,2020,2.081
bol,sex_m,age_10yrbands_y15_24,eco_sector_x,2021,2.292
bol,sex_m,age_10yrbands_y15_24,eco_sector_x,2022,3.085
bol,sex_m,age_10yrbands_y15_24,eco_sector_x,2023,3.309
bol,sex_m,age_10yrbands_y15_24,eco_sector_x,2024,4.756
bol,sex_m,age_10yrbands_y25_34,eco_aggregate_agr,1991,2.38
bol,sex_m,age_10yrbands_y25_34,eco_aggregate_agr,1992,3.259
bol,sex_m,age_10yrbands_y25_34,eco_aggregate_agr,1993,3.93
bol,sex_m,age_10yrbands_y25_34,eco_aggregate_agr,1994,3.278
bol,sex_m,age_10yrbands_y25_34,eco_aggregate_agr,1995,5.285
bol,sex_m,age_10yrbands_y25_34,eco_aggregate_agr,2000,137.516
bol,sex_m,age_10yrbands_y25_34,eco_aggregate_agr,2001,156.168
bol,sex_m,age_10yrbands_y25_34,eco_aggregate_agr,2002,154.446
bol,sex_m,age_10yrbands_y25_34,eco_aggregate_agr,2005,131.495
bol,sex_m,age_10yrbands_y25_34,eco_aggregate_agr,2006,120.398
bol,sex_m,age_10yrbands_y25_34,eco_aggregate_agr,2007,120.696
bol,sex_m,age_10yrbands_y25_34,eco_aggregate_agr,2008,110.157
bol,sex_m,age_10yrbands_y25_34,eco_aggregate_agr,2009,122.565
bol,sex_m,age_10yrbands_y25_34,eco_aggregate_agr,2011,146.384
bol,sex_m,age_10yrbands_y25_34,eco_aggregate_agr,2012,136.968
bol,sex_m,age_10yrbands_y25_34,eco_aggregate_agr,2013,139.385
bol,sex_m,age_10yrbands_y25_34,eco_aggregate_agr,2014,140.095
bol,sex_m,age_10yrbands_y25_34,eco_aggregate_agr,2015,121.654
bol,sex_m,age_10yrbands_y25_34,eco_aggregate_agr,2016,126.346
bol,sex_m,age_10yrbands_y25_34,eco_aggregate_agr,2017,117.093
bol,sex_m,age_10yrbands_y25_34,eco_aggregate_agr,2018,130.2
bol,sex_m,age_10yrbands_y25_34,eco_aggregate_agr,2019,116.903
bol,sex_m,age_10yrbands_y25_34,eco_aggregate_agr,2020,111.358
bol,sex_m,age_10yrbands_y25_34,eco_aggregate_agr,2021,132.08
bol,sex_m,age_10yrbands_y25_34,eco_aggregate_agr,2022,123.852
bol,sex_m,age_10yrbands_y25_34,eco_aggregate_agr,2023,126.293
bol,sex_m,age_10yrbands_y25_34,eco_aggregate_agr,2024,122.688
bol,sex_m,age_10yrbands_y25_34,eco_aggregate_con,1991,23.721
bol,sex_m,age_10yrbands_y25_34,eco_aggregate_con,1992,29.14
bol,sex_m,age_10yrbands_y25_34,eco_aggregate_con,1993,22.819
bol,sex_m,age_10yrbands_y25_34,eco_aggregate_con,1994,32.264
bol,sex_m,age_10yrbands_y25_34,eco_aggregate_con,1995,32.314
bol,sex_m,age_10yrbands_y25_34,eco_aggregate_con,2000,56.075
bol,sex_m,age_10yrbands_y25_34,eco_aggregate_con,2001,54.763
bol,sex_m,age_10yrbands_y25_34,eco_aggregate_con,2002,55.779
bol,sex_m,age_10yrbands_y25_34,eco_aggregate_con,2005,77.073
bol,sex_m,age_10yrbands_y25_34,eco_aggregate_con,2006,69.433
bol,sex_m,age_10yrbands_y25_34,eco_aggregate_con,2007,76.823
bol,sex_m,age_10yrbands_y25_34,eco_aggregate_con,2008,79.045
bol,sex_m,age_10yrbands_y25_34,eco_aggregate_con,2009,96.96
bol,sex_m,age_10yrbands_y25_34,eco_aggregate_con,2011,95.355
bol,sex_m,age_10yrbands_y25_34,eco_aggregate_con,2012,94.294
bol,sex_m,age_10yrbands_y25_34,eco_aggregate_con,2013,91.243
bol,sex_m,age_10yrbands_y25_34,eco_aggregate_con,2014,121.277
bol,sex_m,age_10yrbands_y25_34,eco_aggregate_con,2015,130.045
bol,sex_m,age_10yrbands_y25_34,eco_aggregate_con,2016,115.612
bol,sex_m,age_10yrbands_y25_34,eco_aggregate_con,2017,116.021
bol,sex_m,age_10yrbands_y25_34,eco_aggregate_con,2018,111.618
bol,sex_m,age_10yrbands_y25_34,eco_aggregate_con,2019,130.163
bol,sex_m,age_10yrbands_y25_34,eco_aggregate_con,2020,119.637
bol,sex_m,age_10yrbands_y25_34,eco_aggregate_con,2021,130.411
bol,sex_m,age_10yrbands_y25_34,eco_aggregate_con,2022,137.821
bol,sex_m,age_10yrbands_y25_34,eco_aggregate_con,2023,130.441
bol,sex_m,age_10yrbands_y25_34,eco_aggregate_con,2024,138.573
bol,sex_m,age_10yrbands_y25_34,eco_aggregate_man,1989,30.216
bol,sex_m,age_10yrbands_y25_34,eco_aggregate_man,1990,33.922
bol,sex_m,age_10yrbands_y25_34,eco_aggregate_man,1991,36.399
bol,sex_m,age_10yrbands_y25_34,eco_aggregate_man,1992,41.636
bol,sex_m,age_10yrbands_y25_34,eco_aggregate_man,1993,38.816
bol,sex_m,age_10yrbands_y25_34,eco_aggregate_man,1994,43.936
bol,sex_m,age_10yrbands_y25_34,eco_aggregate_man,1995,41.252
bol,sex_m,age_10yrbands_y25_34,eco_aggregate_man,1999,67.285
bol,sex_m,age_10yrbands_y25_34,eco_aggregate_man,2000,65.386
bol,sex_m,age_10yrbands_y25_34,eco_aggregate_man,2001,60.683
bol,sex_m,age_10yrbands_y25_34,eco_aggregate_man,2002,86.725
bol,sex_m,age_10yrbands_y25_34,eco_aggregate_man,2005,94.136
bol,sex_m,age_10yrbands_y25_34,eco_aggregate_man,2006,89.854
bol,sex_m,age_10yrbands_y25_34,eco_aggregate_man,2007,84.692
bol,sex_m,age_10yrbands_y25_34,eco_aggregate_man,2008,69.264
bol,sex_m,age_10yrbands_y25_34,eco_aggregate_man,2009,105.903
bol,sex_m,age_10yrbands_y25_34,eco_aggregate_man,2011,66.038
bol,sex_m,age_10yrbands_y25_34,eco_aggregate_man,2012,60.642
bol,sex_m,age_10yrbands_y25_34,eco_aggregate_man,2013,66.268
bol,sex_m,age_10yrbands_y25_34,eco_aggregate_man,2014,85.515
bol,sex_m,age_10yrbands_y25_34,eco_aggregate_man,2015,80.262
bol,sex_m,age_10yrbands_y25_34,eco_aggregate_man,2016,80.334
bol,sex_m,age_10yrbands_y25_34,eco_aggregate_man,2017,79.571
bol,sex_m,age_10yrbands_y25_34,eco_aggregate_man,2018,84.28
bol,sex_m,age_10yrbands_y25_34,eco_aggregate_man,2019,97.247
bol,sex_m,age_10yrbands_y25_34,eco_aggregate_man,2020,76.048
bol,sex_m,age_10yrbands_y25_34,eco_aggregate_man,2021,101.712
bol,sex_m,age_10yrbands_y25_34,eco_aggregate_man,2022,110.675
bol,sex_m,age_10yrbands_y25_34,eco_aggregate_man,2023,103.55
bol,sex_m,age_10yrbands_y25_34,eco_aggregate_man,2024,118.374
bol,sex_m,age_10yrbands_y25_34,eco_aggregate_mel,1989,5.024
bol,sex_m,age_10yrbands_y25_34,eco_aggregate_mel,1990,4.763
bol,sex_m,age_10yrbands_y25_34,eco_aggregate_mel,1991,7.637
bol,sex_m,age_10yrbands_y25_34,eco_aggregate_mel,1992,6.638
bol,sex_m,age_10yrbands_y25_34,eco_aggregate_mel,1993,4.389
bol,sex_m,age_10yrbands_y25_34,eco_aggregate_mel,1994,5.091
bol,sex_m,age_10yrbands_y25_34,eco_aggregate_mel,1995,5.912
bol,sex_m,age_10yrbands_y25_34,eco_aggregate_mel,1999,31.969
bol,sex_m,age_10yrbands_y25_34,eco_aggregate_mel,2000,18.119
bol,sex_m,age_10yrbands_y25_34,eco_aggregate_mel,2001,16.994
bol,sex_m,age_10yrbands_y25_34,eco_aggregate_mel,2002,13.199
bol,sex_m,age_10yrbands_y25_34,eco_aggregate_mel,2005,22.579
bol,sex_m,age_10yrbands_y25_34,eco_aggregate_mel,2006,13.789
bol,sex_m,age_10yrbands_y25_34,eco_aggregate_mel,2007,25.072
bol,sex_m,age_10yrbands_y25_34,eco_aggregate_mel,2008,24.179
bol,sex_m,age_10yrbands_y25_34,eco_aggregate_mel,2009,17.443
bol,sex_m,age_10yrbands_y25_34,eco_aggregate_mel,2011,40.938
bol,sex_m,age_10yrbands_y25_34,eco_aggregate_mel,2012,39.089
bol,sex_m,age_10yrbands_y25_34,eco_aggregate_mel,2013,35.543
bol,sex_m,age_10yrbands_y25_34,eco_aggregate_mel,2014,38.453
bol,sex_m,age_10yrbands_y25_34,eco_aggregate_mel,2015,37.238
bol,sex_m,age_10yrbands_y25_34,eco_aggregate_mel,2016,28.852
bol,sex_m,age_10yrbands_y25_34,eco_aggregate_mel,2017,22.924
bol,sex_m,age_10yrbands_y25_34,eco_aggregate_mel,2018,28.87
bol,sex_m,age_10yrbands_y25_34,eco_aggregate_mel,2019,27.26
bol,sex_m,age_10yrbands_y25_34,eco_aggregate_mel,2020,14.351
bol,sex_m,age_10yrbands_y25_34,eco_aggregate_mel,2021,23.05
bol,sex_m,age_10yrbands_y25_34,eco_aggregate_mel,2022,28.981
bol,sex_m,age_10yrbands_y25_34,eco_aggregate_mel,2023,29.907
bol,sex_m,age_10yrbands_y25_34,eco_aggregate_mel,2024,32.377
bol,sex_m,age_10yrbands_y25_34,eco_aggregate_mkt,1989,62.337
bol,sex_m,age_10yrbands_y25_34,eco_aggregate_mkt,1990,63.074
bol,sex_m,age_10yrbands_y25_34,eco_aggregate_mkt,1991,64.79
bol,sex_m,age_10yrbands_y25_34,eco_aggregate_mkt,1992,69.484
bol,sex_m,age_10yrbands_y25_34,eco_aggregate_mkt,1993,77.571
bol,sex_m,age_10yrbands_y25_34,eco_aggregate_mkt,1994,80.99
bol,sex_m,age_10yrbands_y25_34,eco_aggregate_mkt,1995,78.365
bol,sex_m,age_10yrbands_y25_34,eco_aggregate_mkt,1999,307.068
bol,sex_m,age_10yrbands_y25_34,eco_aggregate_mkt,2000,125.833
bol,sex_m,age_10yrbands_y25_34,eco_aggregate_mkt,2001,132.587
bol,sex_m,age_10yrbands_y25_34,eco_aggregate_mkt,2002,113.093
bol,sex_m,age_10yrbands_y25_34,eco_aggregate_mkt,2005,151.812
bol,sex_m,age_10yrbands_y25_34,eco_aggregate_mkt,2006,182.949
bol,sex_m,age_10yrbands_y25_34,eco_aggregate_mkt,2007,178.283
bol,sex_m,age_10yrbands_y25_34,eco_aggregate_mkt,2008,201.531
bol,sex_m,age_10yrbands_y25_34,eco_aggregate_mkt,2009,207.617
bol,sex_m,age_10yrbands_y25_34,eco_aggregate_mkt,2011,221.525
bol,sex_m,age_10yrbands_y25_34,eco_aggregate_mkt,2012,225.841
bol,sex_m,age_10yrbands_y25_34,eco_aggregate_mkt,2013,218.946
bol,sex_m,age_10yrbands_y25_34,eco_aggregate_mkt,2014,232.095
bol,sex_m,age_10yrbands_y25_34,eco_aggregate_mkt,2015,224.78
bol,sex_m,age_10yrbands_y25_34,eco_aggregate_mkt,2016,218.851
bol,sex_m,age_10yrbands_y25_34,eco_aggregate_mkt,2017,221.358
bol,sex_m,age_10yrbands_y25_34,eco_aggregate_mkt,2018,237.88
bol,sex_m,age_10yrbands_y25_34,eco_aggregate_mkt,2019,279.576
bol,sex_m,age_10yrbands_y25_34,eco_aggregate_mkt,2020,278.974
bol,sex_m,age_10yrbands_y25_34,eco_aggregate_mkt,2021,309.33
bol,sex_m,age_10yrbands_y25_34,eco_aggregate_mkt,2022,351.115
bol,sex_m,age_10yrbands_y25_34,eco_aggregate_mkt,2023,344.565
bol,sex_m,age_10yrbands_y25_34,eco_aggregate_mkt,2024,334.897
bol,sex_m,age_10yrbands_y25_34,eco_aggregate_pub,1989,58.179
bol,sex_m,age_10yrbands_y25_34,eco_aggregate_pub,1990,56.968
bol,sex_m,age_10yrbands_y25_34,eco_aggregate_pub,1991,40.154
bol,sex_m,age_10yrbands_y25_34,eco_aggregate_pub,1992,34.974
bol,sex_m,age_10yrbands_y25_34,eco_aggregate_pub,1993,33.608
bol,sex_m,age_10yrbands_y25_34,eco_aggregate_pub,1994,38.901
bol,sex_m,age_10yrbands_y25_34,eco_aggregate_pub,1995,35.355
bol,sex_m,age_10yrbands_y25_34,eco_aggregate_pub,1999,27.809
bol,sex_m,age_10yrbands_y25_34,eco_aggregate_pub,2000,56.66
bol,sex_m,age_10yrbands_y25_34,eco_aggregate_pub,2001,57.197
bol,sex_m,age_10yrbands_y25_34,eco_aggregate_pub,2002,59.233
bol,sex_m,age_10yrbands_y25_34,eco_aggregate_pub,2005,74.198
bol,sex_m,age_10yrbands_y25_34,eco_aggregate_pub,2006,71.574
bol,sex_m,age_10yrbands_y25_34,eco_aggregate_pub,2007,72.223
bol,sex_m,age_10yrbands_y25_34,eco_aggregate_pub,2008,90.306
bol,sex_m,age_10yrbands_y25_34,eco_aggregate_pub,2009,109.693
bol,sex_m,age_10yrbands_y25_34,eco_aggregate_pub,2011,100.71
bol,sex_m,age_10yrbands_y25_34,eco_aggregate_pub,2012,91.596
bol,sex_m,age_10yrbands_y25_34,eco_aggregate_pub,2013,112.788
bol,sex_m,age_10yrbands_y25_34,eco_aggregate_pub,2014,96.353
bol,sex_m,age_10yrbands_y25_34,eco_aggregate_pub,2015,88.854
bol,sex_m,age_10yrbands_y25_34,eco_aggregate_pub,2016,85.332
bol,sex_m,age_10yrbands_y25_34,eco_aggregate_pub,2017,78.799
bol,sex_m,age_10yrbands_y25_34,eco_aggregate_pub,2018,80.326
bol,sex_m,age_10yrbands_y25_34,eco_aggregate_pub,2019,82.221
bol,sex_m,age_10yrbands_y25_34,eco_aggregate_pub,2020,83.063
bol,sex_m,age_10yrbands_y25_34,eco_aggregate_pub,2021,86.76
bol,sex_m,age_10yrbands_y25_34,eco_aggregate_pub,2022,90.73
bol,sex_m,age_10yrbands_y25_34,eco_aggregate_pub,2023,94.668
bol,sex_m,age_10yrbands_y25_34,eco_aggregate_pub,2024,94.331
bol,sex_m,age_10yrbands_y25_34,eco_aggregate_total,1989,161.09
bol,sex_m,age_10yrbands_y25_34,eco_aggregate_total,1990,167.931
bol,sex_m,age_10yrbands_y25_34,eco_aggregate_total,1991,175.081
bol,sex_m,age_10yrbands_y25_34,eco_aggregate_total,1992,185.686
bol,sex_m,age_10yrbands_y25_34,eco_aggregate_total,1993,181.133
bol,sex_m,age_10yrbands_y25_34,eco_aggregate_total,1994,204.46
bol,sex_m,age_10yrbands_y25_34,eco_aggregate_total,1995,199.084
bol,sex_m,age_10yrbands_y25_34,eco_aggregate_total,1999,483.284
bol,sex_m,age_10yrbands_y25_34,eco_aggregate_total,2000,462.837
bol,sex_m,age_10yrbands_y25_34,eco_aggregate_total,2001,480.382
bol,sex_m,age_10yrbands_y25_34,eco_aggregate_total,2002,482.475
bol,sex_m,age_10yrbands_y25_34,eco_aggregate_total,2005,551.293
bol,sex_m,age_10yrbands_y25_34,eco_aggregate_total,2006,547.997
bol,sex_m,age_10yrbands_y25_34,eco_aggregate_total,2007,557.789
bol,sex_m,age_10yrbands_y25_34,eco_aggregate_total,2008,575.826
bol,sex_m,age_10yrbands_y25_34,eco_aggregate_total,2009,660.181
bol,sex_m,age_10yrbands_y25_34,eco_aggregate_total,2011,670.95
bol,sex_m,age_10yrbands_y25_34,eco_aggregate_total,2012,648.43
bol,sex_m,age_10yrbands_y25_34,eco_aggregate_total,2013,664.173
bol,sex_m,age_10yrbands_y25_34,eco_aggregate_total,2014,713.985
bol,sex_m,age_10yrbands_y25_34,eco_aggregate_total,2015,683.145
bol,sex_m,age_10yrbands_y25_34,eco_aggregate_total,2016,655.326
bol,sex_m,age_10yrbands_y25_34,eco_aggregate_total,2017,635.886
bol,sex_m,age_10yrbands_y25_34,eco_aggregate_total,2018,673.173
bol,sex_m,age_10yrbands_y25_34,eco_aggregate_total,2019,733.37
bol,sex_m,age_10yrbands_y25_34,eco_aggregate_total,2020,687.234
bol,sex_m,age_10yrbands_y25_34,eco_aggregate_total,2021,786.983
bol,sex_m,age_10yrbands_y25_34,eco_aggregate_total,2022,847.579
bol,sex_m,age_10yrbands_y25_34,eco_aggregate_total,2023,832.856
bol,sex_m,age_10yrbands_y25_34,eco_aggregate_total,2024,846.796
bol,sex_m,age_10yrbands_y25_34,eco_aggregate_x,1989,5.335
bol,sex_m,age_10yrbands_y25_34,eco_aggregate_x,1990,9.204
bol,sex_m,age_10yrbands_y25_34,eco_aggregate_x,1992,0.555
bol,sex_m,age_10yrbands_y25_34,eco_aggregate_x,1995,0.601
bol,sex_m,age_10yrbands_y25_34,eco_aggregate_x,1999,48.92
bol,sex_m,age_10yrbands_y25_34,eco_aggregate_x,2000,3.248
bol,sex_m,age_10yrbands_y25_34,eco_aggregate_x,2001,1.99
bol,sex_m,age_10yrbands_y25_34,eco_aggregate_x,2020,3.802
bol,sex_m,age_10yrbands_y25_34,eco_aggregate_x,2021,3.64
bol,sex_m,age_10yrbands_y25_34,eco_aggregate_x,2022,4.404
bol,sex_m,age_10yrbands_y25_34,eco_aggregate_x,2023,3.432
bol,sex_m,age_10yrbands_y25_34,eco_aggregate_x,2024,5.557
bol,sex_m,age_10yrbands_y25_34,eco_sector_agr,1991,2.38
bol,sex_m,age_10yrbands_y25_34,eco_sector_agr,1992,3.259
bol,sex_m,age_10yrbands_y25_34,eco_sector_agr,1993,3.93
bol,sex_m,age_10yrbands_y25_34,eco_sector_agr,1994,3.278
bol,sex_m,age_10yrbands_y25_34,eco_sector_agr,1995,5.285
bol,sex_m,age_10yrbands_y25_34,eco_sector_agr,2000,137.516
bol,sex_m,age_10yrbands_y25_34,eco_sector_agr,2001,156.168
bol,sex_m,age_10yrbands_y25_34,eco_sector_agr,2002,154.446
bol,sex_m,age_10yrbands_y25_34,eco_sector_agr,2005,131.495
bol,sex_m,age_10yrbands_y25_34,eco_sector_agr,2006,120.398
bol,sex_m,age_10yrbands_y25_34,eco_sector_agr,2007,120.696
bol,sex_m,age_10yrbands_y25_34,eco_sector_agr,2008,110.157
bol,sex_m,age_10yrbands_y25_34,eco_sector_agr,2009,122.565
bol,sex_m,age_10yrbands_y25_34,eco_sector_agr,2011,146.384
bol,sex_m,age_10yrbands_y25_34,eco_sector_agr,2012,136.968
bol,sex_m,age_10yrbands_y25_34,eco_sector_agr,2013,139.385
bol,sex_m,age_10yrbands_y25_34,eco_sector_agr,2014,140.095
bol,sex_m,age_10yrbands_y25_34,eco_sector_agr,2015,121.654
bol,sex_m,age_10yrbands_y25_34,eco_sector_agr,2016,126.346
bol,sex_m,age_10yrbands_y25_34,eco_sector_agr,2017,117.093
bol,sex_m,age_10yrbands_y25_34,eco_sector_agr,2018,130.2
bol,sex_m,age_10yrbands_y25_34,eco_sector_agr,2019,116.903
bol,sex_m,age_10yrbands_y25_34,eco_sector_agr,2020,111.358
bol,sex_m,age_10yrbands_y25_34,eco_sector_agr,2021,132.08
bol,sex_m,age_10yrbands_y25_34,eco_sector_agr,2022,123.852
bol,sex_m,age_10yrbands_y25_34,eco_sector_agr,2023,126.293
bol,sex_m,age_10yrbands_y25_34,eco_sector_agr,2024,122.688
bol,sex_m,age_10yrbands_y25_34,eco_sector_ind,1989,35.24
bol,sex_m,age_10yrbands_y25_34,eco_sector_ind,1990,38.685
bol,sex_m,age_10yrbands_y25_34,eco_sector_ind,1991,67.757
bol,sex_m,age_10yrbands_y25_34,eco_sector_ind,1992,77.414
bol,sex_m,age_10yrbands_y25_34,eco_sector_ind,1993,66.024
bol,sex_m,age_10yrbands_y25_34,eco_sector_ind,1994,81.291
bol,sex_m,age_10yrbands_y25_34,eco_sector_ind,1995,79.478
bol,sex_m,age_10yrbands_y25_34,eco_sector_ind,1999,99.254
bol,sex_m,age_10yrbands_y25_34,eco_sector_ind,2000,139.58
bol,sex_m,age_10yrbands_y25_34,eco_sector_ind,2001,132.44
bol,sex_m,age_10yrbands_y25_34,eco_sector_ind,2002,155.703
bol,sex_m,age_10yrbands_y25_34,eco_sector_ind,2005,193.788
bol,sex_m,age_10yrbands_y25_34,eco_sector_ind,2006,173.076
bol,sex_m,age_10yrbands_y25_34,eco_sector_ind,2007,186.587
bol,sex_m,age_10yrbands_y25_34,eco_sector_ind,2008,172.488
bol,sex_m,age_10yrbands_y25_34,eco_sector_ind,2009,220.306
bol,sex_m,age_10yrbands_y25_34,eco_sector_ind,2011,202.331
bol,sex_m,age_10yrbands_y25_34,eco_sector_ind,2012,194.025
bol,sex_m,age_10yrbands_y25_34,eco_sector_ind,2013,193.054
bol,sex_m,age_10yrbands_y25_34,eco_sector_ind,2014,245.245
bol,sex_m,age_10yrbands_y25_34,eco_sector_ind,2015,247.545
bol,sex_m,age_10yrbands_y25_34,eco_sector_ind,2016,224.797
bol,sex_m,age_10yrbands_y25_34,eco_sector_ind,2017,218.516
bol,sex_m,age_10yrbands_y25_34,eco_sector_ind,2018,224.768
bol,sex_m,age_10yrbands_y25_34,eco_sector_ind,2019,254.67
bol,sex_m,age_10yrbands_y25_34,eco_sector_ind,2020,210.036
bol,sex_m,age_10yrbands_y25_34,eco_sector_ind,2021,255.173
bol,sex_m,age_10yrbands_y25_34,eco_sector_ind,2022,277.478
bol,sex_m,age_10yrbands_y25_34,eco_sector_ind,2023,263.898
bol,sex_m,age_10yrbands_y25_34,eco_sector_ind,2024,289.323
bol,sex_m,age_10yrbands_y25_34,eco_sector_nag,1989,161.09
bol,sex_m,age_10yrbands_y25_34,eco_sector_nag,1990,167.931
bol,sex_m,age_10yrbands_y25_34,eco_sector_nag,1991,172.701
bol,sex_m,age_10yrbands_y25_34,eco_sector_nag,1992,182.427
bol,sex_m,age_10yrbands_y25_34,eco_sector_nag,1993,177.203
bol,sex_m,age_10yrbands_y25_34,eco_sector_nag,1994,201.182
bol,sex_m,age_10yrbands_y25_34,eco_sector_nag,1995,193.799
bol,sex_m,age_10yrbands_y25_34,eco_sector_nag,1999,483.051
bol,sex_m,age_10yrbands_y25_34,eco_sector_nag,2000,325.321
bol,sex_m,age_10yrbands_y25_34,eco_sector_nag,2001,324.214
bol,sex_m,age_10yrbands_y25_34,eco_sector_nag,2002,328.029
bol,sex_m,age_10yrbands_y25_34,eco_sector_nag,2005,419.798
bol,sex_m,age_10yrbands_y25_34,eco_sector_nag,2006,427.599
bol,sex_m,age_10yrbands_y25_34,eco_sector_nag,2007,437.093
bol,sex_m,age_10yrbands_y25_34,eco_sector_nag,2008,465.669
bol,sex_m,age_10yrbands_y25_34,eco_sector_nag,2009,537.616
bol,sex_m,age_10yrbands_y25_34,eco_sector_nag,2011,524.566
bol,sex_m,age_10yrbands_y25_34,eco_sector_nag,2012,511.462
bol,sex_m,age_10yrbands_y25_34,eco_sector_nag,2013,524.788
bol,sex_m,age_10yrbands_y25_34,eco_sector_nag,2014,573.89
bol,sex_m,age_10yrbands_y25_34,eco_sector_nag,2015,561.491
bol,sex_m,age_10yrbands_y25_34,eco_sector_nag,2016,528.979
bol,sex_m,age_10yrbands_y25_34,eco_sector_nag,2017,518.794
bol,sex_m,age_10yrbands_y25_34,eco_sector_nag,2018,542.973
bol,sex_m,age_10yrbands_y25_34,eco_sector_nag,2019,616.467
bol,sex_m,age_10yrbands_y25_34,eco_sector_nag,2020,575.875
bol,sex_m,age_10yrbands_y25_34,eco_sector_nag,2021,654.903
bol,sex_m,age_10yrbands_y25_34,eco_sector_nag,2022,723.727
bol,sex_m,age_10yrbands_y25_34,eco_sector_nag,2023,706.563
bol,sex_m,age_10yrbands_y25_34,eco_sector_nag,2024,724.108
bol,sex_m,age_10yrbands_y25_34,eco_sector_ser,1989,120.516
bol,sex_m,age_10yrbands_y25_34,eco_sector_ser,1990,120.042
bol,sex_m,age_10yrbands_y25_34,eco_sector_ser,1991,104.944
bol,sex_m,age_10yrbands_y25_34,eco_sector_ser,1992,104.458
bol,sex_m,age_10yrbands_y25_34,eco_sector_ser,1993,111.179
bol,sex_m,age_10yrbands_y25_34,eco_sector_ser,1994,119.891
bol,sex_m,age_10yrbands_y25_34,eco_sector_ser,1995,113.72
bol,sex_m,age_10yrbands_y25_34,eco_sector_ser,1999,334.877
bol,sex_m,age_10yrbands_y25_34,eco_sector_ser,2000,182.493
bol,sex_m,age_10yrbands_y25_34,eco_sector_ser,2001,189.784
bol,sex_m,age_10yrbands_y25_34,eco_sector_ser,2002,172.326
bol,sex_m,age_10yrbands_y25_34,eco_sector_ser,2005,226.01
bol,sex_m,age_10yrbands_y25_34,eco_sector_ser,2006,254.523
bol,sex_m,age_10yrbands_y25_34,eco_sector_ser,2007,250.506
bol,sex_m,age_10yrbands_y25_34,eco_sector_ser,2008,291.837
bol,sex_m,age_10yrbands_y25_34,eco_sector_ser,2009,317.31
bol,sex_m,age_10yrbands_y25_34,eco_sector_ser,2011,322.235
bol,sex_m,age_10yrbands_y25_34,eco_sector_ser,2012,317.437
bol,sex_m,age_10yrbands_y25_34,eco_sector_ser,2013,331.734
bol,sex_m,age_10yrbands_y25_34,eco_sector_ser,2014,328.448
bol,sex_m,age_10yrbands_y25_34,eco_sector_ser,2015,313.634
bol,sex_m,age_10yrbands_y25_34,eco_sector_ser,2016,304.182
bol,sex_m,age_10yrbands_y25_34,eco_sector_ser,2017,300.158
bol,sex_m,age_10yrbands_y25_34,eco_sector_ser,2018,318.205
bol,sex_m,age_10yrbands_y25_34,eco_sector_ser,2019,361.797
bol,sex_m,age_10yrbands_y25_34,eco_sector_ser,2020,362.037
bol,sex_m,age_10yrbands_y25_34,eco_sector_ser,2021,396.09
bol,sex_m,age_10yrbands_y25_34,eco_sector_ser,2022,441.845
bol,sex_m,age_10yrbands_y25_34,eco_sector_ser,2023,439.233
bol,sex_m,age_10yrbands_y25_34,eco_sector_ser,2024,429.228
bol,sex_m,age_10yrbands_y25_34,eco_sector_total,1989,161.09
bol,sex_m,age_10yrbands_y25_34,eco_sector_total,1990,167.931
bol,sex_m,age_10yrbands_y25_34,eco_sector_total,1991,175.081
bol,sex_m,age_10yrbands_y25_34,eco_sector_total,1992,185.686
bol,sex_m,age_10yrbands_y25_34,eco_sector_total,1993,181.133
bol,sex_m,age_10yrbands_y25_34,eco_sector_total,1994,204.46
bol,sex_m,age_10yrbands_y25_34,eco_sector_total,1995,199.084
bol,sex_m,age_10yrbands_y25_34,eco_sector_total,1999,483.284
bol,sex_m,age_10yrbands_y25_34,eco_sector_total,2000,462.837
bol,sex_m,age_10yrbands_y25_34,eco_sector_total,2001,480.382
bol,sex_m,age_10yrbands_y25_34,eco_sector_total,2002,482.475
bol,sex_m,age_10yrbands_y25_34,eco_sector_total,2005,551.293
bol,sex_m,age_10yrbands_y25_34,eco_sector_total,2006,547.997
bol,sex_m,age_10yrbands_y25_34,eco_sector_total,2007,557.789
bol,sex_m,age_10yrbands_y25_34,eco_sector_total,2008,575.826
bol,sex_m,age_10yrbands_y25_34,eco_sector_total,2009,660.181
bol,sex_m,age_10yrbands_y25_34,eco_sector_total,2011,670.95
bol,sex_m,age_10yrbands_y25_34,eco_sector_total,2012,648.43
bol,sex_m,age_10yrbands_y25_34,eco_sector_total,2013,664.173
bol,sex_m,age_10yrbands_y25_34,eco_sector_total,2014,713.985
bol,sex_m,age_10yrbands_y25_34,eco_sector_total,2015,683.145
bol,sex_m,age_10yrbands_y25_34,eco_sector_total,2016,655.326
bol,sex_m,age_10yrbands_y25_34,eco_sector_total,2017,635.886
bol,sex_m,age_10yrbands_y25_34,eco_sector_total,2018,673.173
bol,sex_m,age_10yrbands_y25_34,eco_sector_total,2019,733.37
bol,sex_m,age_10yrbands_y25_34,eco_sector_total,2020,687.234
bol,sex_m,age_10yrbands_y25_34,eco_sector_total,2021,786.983
bol,sex_m,age_10yrbands_y25_34,eco_sector_total,2022,847.579
bol,sex_m,age_10yrbands_y25_34,eco_sector_total,2023,832.856
bol,sex_m,age_10yrbands_y25_34,eco_sector_total,2024,846.796
bol,sex_m,age_10yrbands_y25_34,eco_sector_x,1989,5.335
bol,sex_m,age_10yrbands_y25_34,eco_sector_x,1990,9.204
bol,sex_m,age_10yrbands_y25_34,eco_sector_x,1992,0.555
bol,sex_m,age_10yrbands_y25_34,eco_sector_x,1995,0.601
bol,sex_m,age_10yrbands_y25_34,eco_sector_x,1999,48.92
bol,sex_m,age_10yrbands_y25_34,eco_sector_x,2000,3.248
bol,sex_m,age_10yrbands_y25_34,eco_sector_x,2001,1.99
bol,sex_m,age_10yrbands_y25_34,eco_sector_x,2020,3.802
bol,sex_m,age_10yrbands_y25_34,eco_sector_x,2021,3.64
bol,sex_m,age_10yrbands_y25_34,eco_sector_x,2022,4.404
bol,sex_m,age_10yrbands_y25_34,eco_sector_x,2023,3.432
bol,sex_m,age_10yrbands_y25_34,eco_sector_x,2024,5.557
bol,sex_m,age_10yrbands_y35_44,eco_aggregate_agr,1991,2.958
bol,sex_m,age_10yrbands_y35_44,eco_aggregate_agr,1992,3.993
bol,sex_m,age_10yrbands_y35_44,eco_aggregate_agr,1993,4.061
bol,sex_m,age_10yrbands_y35_44,eco_aggregate_agr,1994,3.858
bol,sex_m,age_10yrbands_y35_44,eco_aggregate_agr,1995,4.464
bol,sex_m,age_10yrbands_y35_44,eco_aggregate_agr,1999,5.543
bol,sex_m,age_10yrbands_y35_44,eco_aggregate_agr,2000,137.312
bol,sex_m,age_10yrbands_y35_44,eco_aggregate_agr,2001,143.759
bol,sex_m,age_10yrbands_y35_44,eco_aggregate_agr,2002,127.822
bol,sex_m,age_10yrbands_y35_44,eco_aggregate_agr,2005,129.651
bol,sex_m,age_10yrbands_y35_44,eco_aggregate_agr,2006,156.839
bol,sex_m,age_10yrbands_y35_44,eco_aggregate_agr,2007,110.636
bol,sex_m,age_10yrbands_y35_44,eco_aggregate_agr,2008,127.55
bol,sex_m,age_10yrbands_y35_44,eco_aggregate_agr,2009,127.374
bol,sex_m,age_10yrbands_y35_44,eco_aggregate_agr,2011,147.624
bol,sex_m,age_10yrbands_y35_44,eco_aggregate_agr,2012,133.522
bol,sex_m,age_10yrbands_y35_44,eco_aggregate_agr,2013,149.792
bol,sex_m,age_10yrbands_y35_44,eco_aggregate_agr,2014,132.75
bol,sex_m,age_10yrbands_y35_44,eco_aggregate_agr,2015,138.503
bol,sex_m,age_10yrbands_y35_44,eco_aggregate_agr,2016,140.489
bol,sex_m,age_10yrbands_y35_44,eco_aggregate_agr,2017,138.166
bol,sex_m,age_10yrbands_y35_44,eco_aggregate_agr,2018,137.361
bol,sex_m,age_10yrbands_y35_44,eco_aggregate_agr,2019,140.874
bol,sex_m,age_10yrbands_y35_44,eco_aggregate_agr,2020,147.436
bol,sex_m,age_10yrbands_y35_44,eco_aggregate_agr,2021,136.458
bol,sex_m,age_10yrbands_y35_44,eco_aggregate_agr,2022,127.978
bol,sex_m,age_10yrbands_y35_44,eco_aggregate_agr,2023,125.881
bol,sex_m,age_10yrbands_y35_44,eco_aggregate_agr,2024,114.554
bol,sex_m,age_10yrbands_y35_44,eco_aggregate_con,1991,20.241
bol,sex_m,age_10yrbands_y35_44,eco_aggregate_con,1992,21.819
bol,sex_m,age_10yrbands_y35_44,eco_aggregate_con,1993,21.316
bol,sex_m,age_10yrbands_y35_44,eco_aggregate_con,1994,28.412
bol,sex_m,age_10yrbands_y35_44,eco_aggregate_con,1995,24.658
bol,sex_m,age_10yrbands_y35_44,eco_aggregate_con,2000,55.942
bol,sex_m,age_10yrbands_y35_44,eco_aggregate_con,2001,37.213
bol,sex_m,age_10yrbands_y35_44,eco_aggregate_con,2002,48.969
bol,sex_m,age_10yrbands_y35_44,eco_aggregate_con,2005,66.003
bol,sex_m,age_10yrbands_y35_44,eco_aggregate_con,2006,47.026
bol,sex_m,age_10yrbands_y35_44,eco_aggregate_con,2007,56.404
bol,sex_m,age_10yrbands_y35_44,eco_aggregate_con,2008,77.508
bol,sex_m,age_10yrbands_y35_44,eco_aggregate_con,2009,67.932
bol,sex_m,age_10yrbands_y35_44,eco_aggregate_con,2011,67.718
bol,sex_m,age_10yrbands_y35_44,eco_aggregate_con,2012,83.106
bol,sex_m,age_10yrbands_y35_44,eco_aggregate_con,2013,71.054
bol,sex_m,age_10yrbands_y35_44,eco_aggregate_con,2014,89.763
bol,sex_m,age_10yrbands_y35_44,eco_aggregate_con,2015,112.587
bol,sex_m,age_10yrbands_y35_44,eco_aggregate_con,2016,94.057
bol,sex_m,age_10yrbands_y35_44,eco_aggregate_con,2017,98.994
bol,sex_m,age_10yrbands_y35_44,eco_aggregate_con,2018,91.351
bol,sex_m,age_10yrbands_y35_44,eco_aggregate_con,2019,101.484
bol,sex_m,age_10yrbands_y35_44,eco_aggregate_con,2020,100.067
bol,sex_m,age_10yrbands_y35_44,eco_aggregate_con,2021,98.209
bol,sex_m,age_10yrbands_y35_44,eco_aggregate_con,2022,115.314
bol,sex_m,age_10yrbands_y35_44,eco_aggregate_con,2023,109.314
bol,sex_m,age_10yrbands_y35_44,eco_aggregate_con,2024,106.514
bol,sex_m,age_10yrbands_y35_44,eco_aggregate_man,1989,20.202
bol,sex_m,age_10yrbands_y35_44,eco_aggregate_man,1990,26.993
bol,sex_m,age_10yrbands_y35_44,eco_aggregate_man,1991,25.663
bol,sex_m,age_10yrbands_y35_44,eco_aggregate_man,1992,25.332
bol,sex_m,age_10yrbands_y35_44,eco_aggregate_man,1993,29.08
bol,sex_m,age_10yrbands_y35_44,eco_aggregate_man,1994,28.541
bol,sex_m,age_10yrbands_y35_44,eco_aggregate_man,1995,31.282
bol,sex_m,age_10yrbands_y35_44,eco_aggregate_man,1999,57.051
bol,sex_m,age_10yrbands_y35_44,eco_aggregate_man,2000,50.507
bol,sex_m,age_10yrbands_y35_44,eco_aggregate_man,2001,38.82
bol,sex_m,age_10yrbands_y35_44,eco_aggregate_man,2002,51.928
bol,sex_m,age_10yrbands_y35_44,eco_aggregate_man,2005,50.747
bol,sex_m,age_10yrbands_y35_44,eco_aggregate_man,2006,54.072
bol,sex_m,age_10yrbands_y35_44,eco_aggregate_man,2007,77.058
bol,sex_m,age_10yrbands_y35_44,eco_aggregate_man,2008,82.394
bol,sex_m,age_10yrbands_y35_44,eco_aggregate_man,2009,82.019
bol,sex_m,age_10yrbands_y35_44,eco_aggregate_man,2011,51.194
bol,sex_m,age_10yrbands_y35_44,eco_aggregate_man,2012,41.08
bol,sex_m,age_10yrbands_y35_44,eco_aggregate_man,2013,43.194
bol,sex_m,age_10yrbands_y35_44,eco_aggregate_man,2014,61.677
bol,sex_m,age_10yrbands_y35_44,eco_aggregate_man,2015,63.933
bol,sex_m,age_10yrbands_y35_44,eco_aggregate_man,2016,66.731
bol,sex_m,age_10yrbands_y35_44,eco_aggregate_man,2017,72.838
bol,sex_m,age_10yrbands_y35_44,eco_aggregate_man,2018,72.628
bol,sex_m,age_10yrbands_y35_44,eco_aggregate_man,2019,72.749
bol,sex_m,age_10yrbands_y35_44,eco_aggregate_man,2020,74.587
bol,sex_m,age_10yrbands_y35_44,eco_aggregate_man,2021,78.965
bol,sex_m,age_10yrbands_y35_44,eco_aggregate_man,2022,87.644
bol,sex_m,age_10yrbands_y35_44,eco_aggregate_man,2023,89.252
bol,sex_m,age_10yrbands_y35_44,eco_aggregate_man,2024,91.075
bol,sex_m,age_10yrbands_y35_44,eco_aggregate_mel,1989,5.272
bol,sex_m,age_10yrbands_y35_44,eco_aggregate_mel,1990,3.812
bol,sex_m,age_10yrbands_y35_44,eco_aggregate_mel,1991,7.345
bol,sex_m,age_10yrbands_y35_44,eco_aggregate_mel,1992,8.716
bol,sex_m,age_10yrbands_y35_44,eco_aggregate_mel,1993,6.611
bol,sex_m,age_10yrbands_y35_44,eco_aggregate_mel,1994,5.927
bol,sex_m,age_10yrbands_y35_44,eco_aggregate_mel,1995,7.316
bol,sex_m,age_10yrbands_y35_44,eco_aggregate_mel,1999,25.706
bol,sex_m,age_10yrbands_y35_44,eco_aggregate_mel,2000,18.617
bol,sex_m,age_10yrbands_y35_44,eco_aggregate_mel,2001,14.458
bol,sex_m,age_10yrbands_y35_44,eco_aggregate_mel,2002,10.981
bol,sex_m,age_10yrbands_y35_44,eco_aggregate_mel,2005,21.997
bol,sex_m,age_10yrbands_y35_44,eco_aggregate_mel,2006,18.032
bol,sex_m,age_10yrbands_y35_44,eco_aggregate_mel,2007,18.951
bol,sex_m,age_10yrbands_y35_44,eco_aggregate_mel,2008,12.201
bol,sex_m,age_10yrbands_y35_44,eco_aggregate_mel,2009,8.103
bol,sex_m,age_10yrbands_y35_44,eco_aggregate_mel,2011,25.444
bol,sex_m,age_10yrbands_y35_44,eco_aggregate_mel,2012,28.976
bol,sex_m,age_10yrbands_y35_44,eco_aggregate_mel,2013,31.55
bol,sex_m,age_10yrbands_y35_44,eco_aggregate_mel,2014,26.183
bol,sex_m,age_10yrbands_y35_44,eco_aggregate_mel,2015,24.651
bol,sex_m,age_10yrbands_y35_44,eco_aggregate_mel,2016,24.837
bol,sex_m,age_10yrbands_y35_44,eco_aggregate_mel,2017,21.179
bol,sex_m,age_10yrbands_y35_44,eco_aggregate_mel,2018,24.684
bol,sex_m,age_10yrbands_y35_44,eco_aggregate_mel,2019,21.557
bol,sex_m,age_10yrbands_y35_44,eco_aggregate_mel,2020,21.271
bol,sex_m,age_10yrbands_y35_44,eco_aggregate_mel,2021,22.405
bol,sex_m,age_10yrbands_y35_44,eco_aggregate_mel,2022,23.358
bol,sex_m,age_10yrbands_y35_44,eco_aggregate_mel,2023,21.962
bol,sex_m,age_10yrbands_y35_44,eco_aggregate_mel,2024,26.459
bol,sex_m,age_10yrbands_y35_44,eco_aggregate_mkt,1989,47.074
bol,sex_m,age_10yrbands_y35_44,eco_aggregate_mkt,1990,44.665
bol,sex_m,age_10yrbands_y35_44,eco_aggregate_mkt,1991,46.72
bol,sex_m,age_10yrbands_y35_44,eco_aggregate_mkt,1992,50.539
bol,sex_m,age_10yrbands_y35_44,eco_aggregate_mkt,1993,54.749
bol,sex_m,age_10yrbands_y35_44,eco_aggregate_mkt,1994,59.059
bol,sex_m,age_10yrbands_y35_44,eco_aggregate_mkt,1995,68.998
bol,sex_m,age_10yrbands_y35_44,eco_aggregate_mkt,1999,284.209
bol,sex_m,age_10yrbands_y35_44,eco_aggregate_mkt,2000,112.838
bol,sex_m,age_10yrbands_y35_44,eco_aggregate_mkt,2001,108.539
bol,sex_m,age_10yrbands_y35_44,eco_aggregate_mkt,2002,115.8
bol,sex_m,age_10yrbands_y35_44,eco_aggregate_mkt,2005,136.595
bol,sex_m,age_10yrbands_y35_44,eco_aggregate_mkt,2006,137.386
bol,sex_m,age_10yrbands_y35_44,eco_aggregate_mkt,2007,168.334
bol,sex_m,age_10yrbands_y35_44,eco_aggregate_mkt,2008,193.191
bol,sex_m,age_10yrbands_y35_44,eco_aggregate_mkt,2009,174.681
bol,sex_m,age_10yrbands_y35_44,eco_aggregate_mkt,2011,160.002
bol,sex_m,age_10yrbands_y35_44,eco_aggregate_mkt,2012,184.863
bol,sex_m,age_10yrbands_y35_44,eco_aggregate_mkt,2013,193.945
bol,sex_m,age_10yrbands_y35_44,eco_aggregate_mkt,2014,193.102
bol,sex_m,age_10yrbands_y35_44,eco_aggregate_mkt,2015,208.294
bol,sex_m,age_10yrbands_y35_44,eco_aggregate_mkt,2016,195.125
bol,sex_m,age_10yrbands_y35_44,eco_aggregate_mkt,2017,203.541
bol,sex_m,age_10yrbands_y35_44,eco_aggregate_mkt,2018,205.274
bol,sex_m,age_10yrbands_y35_44,eco_aggregate_mkt,2019,223.963
bol,sex_m,age_10yrbands_y35_44,eco_aggregate_mkt,2020,247.965
bol,sex_m,age_10yrbands_y35_44,eco_aggregate_mkt,2021,240.818
bol,sex_m,age_10yrbands_y35_44,eco_aggregate_mkt,2022,265.537
bol,sex_m,age_10yrbands_y35_44,eco_aggregate_mkt,2023,264.254
bol,sex_m,age_10yrbands_y35_44,eco_aggregate_mkt,2024,284.441
bol,sex_m,age_10yrbands_y35_44,eco_aggregate_pub,1989,45.746
bol,sex_m,age_10yrbands_y35_44,eco_aggregate_pub,1990,51.42
bol,sex_m,age_10yrbands_y35_44,eco_aggregate_pub,1991,35.116
bol,sex_m,age_10yrbands_y35_44,eco_aggregate_pub,1992,34.665
bol,sex_m,age_10yrbands_y35_44,eco_aggregate_pub,1993,31.261
bol,sex_m,age_10yrbands_y35_44,eco_aggregate_pub,1994,32.124
bol,sex_m,age_10yrbands_y35_44,eco_aggregate_pub,1995,36.163
bol,sex_m,age_10yrbands_y35_44,eco_aggregate_pub,1999,25.282
bol,sex_m,age_10yrbands_y35_44,eco_aggregate_pub,2000,66.125
bol,sex_m,age_10yrbands_y35_44,eco_aggregate_pub,2001,50.469
bol,sex_m,age_10yrbands_y35_44,eco_aggregate_pub,2002,57.146
bol,sex_m,age_10yrbands_y35_44,eco_aggregate_pub,2005,58.224
bol,sex_m,age_10yrbands_y35_44,eco_aggregate_pub,2006,73.309
bol,sex_m,age_10yrbands_y35_44,eco_aggregate_pub,2007,82.483
bol,sex_m,age_10yrbands_y35_44,eco_aggregate_pub,2008,63.265
bol,sex_m,age_10yrbands_y35_44,eco_aggregate_pub,2009,87.08
bol,sex_m,age_10yrbands_y35_44,eco_aggregate_pub,2011,80.691
bol,sex_m,age_10yrbands_y35_44,eco_aggregate_pub,2012,87.908
bol,sex_m,age_10yrbands_y35_44,eco_aggregate_pub,2013,98.515
bol,sex_m,age_10yrbands_y35_44,eco_aggregate_pub,2014,72.075
bol,sex_m,age_10yrbands_y35_44,eco_aggregate_pub,2015,84.346
bol,sex_m,age_10yrbands_y35_44,eco_aggregate_pub,2016,83.169
bol,sex_m,age_10yrbands_y35_44,eco_aggregate_pub,2017,86.762
bol,sex_m,age_10yrbands_y35_44,eco_aggregate_pub,2018,87.096
bol,sex_m,age_10yrbands_y35_44,eco_aggregate_pub,2019,94.736
bol,sex_m,age_10yrbands_y35_44,eco_aggregate_pub,2020,101.579
bol,sex_m,age_10yrbands_y35_44,eco_aggregate_pub,2021,101.632
bol,sex_m,age_10yrbands_y35_44,eco_aggregate_pub,2022,104.368
bol,sex_m,age_10yrbands_y35_44,eco_aggregate_pub,2023,114.331
bol,sex_m,age_10yrbands_y35_44,eco_aggregate_pub,2024,106.412
bol,sex_m,age_10yrbands_y35_44,eco_aggregate_total,1989,122.605
bol,sex_m,age_10yrbands_y35_44,eco_aggregate_total,1990,130.469
bol,sex_m,age_10yrbands_y35_44,eco_aggregate_total,1991,138.078
bol,sex_m,age_10yrbands_y35_44,eco_aggregate_total,1992,145.241
bol,sex_m,age_10yrbands_y35_44,eco_aggregate_total,1993,147.145
bol,sex_m,age_10yrbands_y35_44,eco_aggregate_total,1994,157.921
bol,sex_m,age_10yrbands_y35_44,eco_aggregate_total,1995,173.234
bol,sex_m,age_10yrbands_y35_44,eco_aggregate_total,1999,464.634
bol,sex_m,age_10yrbands_y35_44,eco_aggregate_total,2000,442.018
bol,sex_m,age_10yrbands_y35_44,eco_aggregate_total,2001,397.248
bol,sex_m,age_10yrbands_y35_44,eco_aggregate_total,2002,412.646
bol,sex_m,age_10yrbands_y35_44,eco_aggregate_total,2005,463.217
bol,sex_m,age_10yrbands_y35_44,eco_aggregate_total,2006,486.664
bol,sex_m,age_10yrbands_y35_44,eco_aggregate_total,2007,513.866
bol,sex_m,age_10yrbands_y35_44,eco_aggregate_total,2008,556.109
bol,sex_m,age_10yrbands_y35_44,eco_aggregate_total,2009,547.189
bol,sex_m,age_10yrbands_y35_44,eco_aggregate_total,2011,532.673
bol,sex_m,age_10yrbands_y35_44,eco_aggregate_total,2012,559.455
bol,sex_m,age_10yrbands_y35_44,eco_aggregate_total,2013,588.05
bol,sex_m,age_10yrbands_y35_44,eco_aggregate_total,2014,575.55
bol,sex_m,age_10yrbands_y35_44,eco_aggregate_total,2015,633.011
bol,sex_m,age_10yrbands_y35_44,eco_aggregate_total,2016,604.409
bol,sex_m,age_10yrbands_y35_44,eco_aggregate_total,2017,621.479
bol,sex_m,age_10yrbands_y35_44,eco_aggregate_total,2018,618.394
bol,sex_m,age_10yrbands_y35_44,eco_aggregate_total,2019,655.364
bol,sex_m,age_10yrbands_y35_44,eco_aggregate_total,2020,693.487
bol,sex_m,age_10yrbands_y35_44,eco_aggregate_total,2021,679.151
bol,sex_m,age_10yrbands_y35_44,eco_aggregate_total,2022,725.251
bol,sex_m,age_10yrbands_y35_44,eco_aggregate_total,2023,726.007
bol,sex_m,age_10yrbands_y35_44,eco_aggregate_total,2024,731.391
bol,sex_m,age_10yrbands_y35_44,eco_aggregate_x,1989,4.311
bol,sex_m,age_10yrbands_y35_44,eco_aggregate_x,1990,3.579
bol,sex_m,age_10yrbands_y35_44,eco_aggregate_x,1999,66.843
bol,sex_m,age_10yrbands_y35_44,eco_aggregate_x,2001,3.99
bol,sex_m,age_10yrbands_y35_44,eco_aggregate_x,2021,0.665
bol,sex_m,age_10yrbands_y35_44,eco_aggregate_x,2022,1.052
bol,sex_m,age_10yrbands_y35_44,eco_aggregate_x,2023,1.014
bol,sex_m,age_10yrbands_y35_44,eco_aggregate_x,2024,1.936
bol,sex_m,age_10yrbands_y35_44,eco_sector_agr,1991,2.958
bol,sex_m,age_10yrbands_y35_44,eco_sector_agr,1992,3.993
bol,sex_m,age_10yrbands_y35_44,eco_sector_agr,1993,4.061
bol,sex_m,age_10yrbands_y35_44,eco_sector_agr,1994,3.858
bol,sex_m,age_10yrbands_y35_44,eco_sector_agr,1995,4.464
bol,sex_m,age_10yrbands_y35_44,eco_sector_agr,1999,5.543
bol,sex_m,age_10yrbands_y35_44,eco_sector_agr,2000,137.312
bol,sex_m,age_10yrbands_y35_44,eco_sector_agr,2001,143.759
bol,sex_m,age_10yrbands_y35_44,eco_sector_agr,2002,127.822
bol,sex_m,age_10yrbands_y35_44,eco_sector_agr,2005,129.651
bol,sex_m,age_10yrbands_y35_44,eco_sector_agr,2006,156.839
bol,sex_m,age_10yrbands_y35_44,eco_sector_agr,2007,110.636
bol,sex_m,age_10yrbands_y35_44,eco_sector_agr,2008,127.55
bol,sex_m,age_10yrbands_y35_44,eco_sector_agr,2009,127.374
bol,sex_m,age_10yrbands_y35_44,eco_sector_agr,2011,147.624
bol,sex_m,age_10yrbands_y35_44,eco_sector_agr,2012,133.522
bol,sex_m,age_10yrbands_y35_44,eco_sector_agr,2013,149.792
bol,sex_m,age_10yrbands_y35_44,eco_sector_agr,2014,132.75
bol,sex_m,age_10yrbands_y35_44,eco_sector_agr,2015,138.503
bol,sex_m,age_10yrbands_y35_44,eco_sector_agr,2016,140.489
bol,sex_m,age_10yrbands_y35_44,eco_sector_agr,2017,138.166
bol,sex_m,age_10yrbands_y35_44,eco_sector_agr,2018,137.361
bol,sex_m,age_10yrbands_y35_44,eco_sector_agr,2019,140.874
bol,sex_m,age_10yrbands_y35_44,eco_sector_agr,2020,147.436
bol,sex_m,age_10yrbands_y35_44,eco_sector_agr,2021,136.458
bol,sex_m,age_10yrbands_y35_44,eco_sector_agr,2022,127.978
bol,sex_m,age_10yrbands_y35_44,eco_sector_agr,2023,125.881
bol,sex_m,age_10yrbands_y35_44,eco_sector_agr,2024,114.554
bol,sex_m,age_10yrbands_y35_44,eco_sector_ind,1989,25.474
bol,sex_m,age_10yrbands_y35_44,eco_sector_ind,1990,30.805
bol,sex_m,age_10yrbands_y35_44,eco_sector_ind,1991,53.249
bol,sex_m,age_10yrbands_y35_44,eco_sector_ind,1992,55.867
bol,sex_m,age_10yrbands_y35_44,eco_sector_ind,1993,57.007
bol,sex_m,age_10yrbands_y35_44,eco_sector_ind,1994,62.88
bol,sex_m,age_10yrbands_y35_44,eco_sector_ind,1995,63.256
bol,sex_m,age_10yrbands_y35_44,eco_sector_ind,1999,82.757
bol,sex_m,age_10yrbands_y35_44,eco_sector_ind,2000,125.066
bol,sex_m,age_10yrbands_y35_44,eco_sector_ind,2001,90.491
bol,sex_m,age_10yrbands_y35_44,eco_sector_ind,2002,111.878
bol,sex_m,age_10yrbands_y35_44,eco_sector_ind,2005,138.747
bol,sex_m,age_10yrbands_y35_44,eco_sector_ind,2006,119.13
bol,sex_m,age_10yrbands_y35_44,eco_sector_ind,2007,152.413
bol,sex_m,age_10yrbands_y35_44,eco_sector_ind,2008,172.103
bol,sex_m,age_10yrbands_y35_44,eco_sector_ind,2009,158.054
bol,sex_m,age_10yrbands_y35_44,eco_sector_ind,2011,144.356
bol,sex_m,age_10yrbands_y35_44,eco_sector_ind,2012,153.162
bol,sex_m,age_10yrbands_y35_44,eco_sector_ind,2013,145.798
bol,sex_m,age_10yrbands_y35_44,eco_sector_ind,2014,177.623
bol,sex_m,age_10yrbands_y35_44,eco_sector_ind,2015,201.171
bol,sex_m,age_10yrbands_y35_44,eco_sector_ind,2016,185.626
bol,sex_m,age_10yrbands_y35_44,eco_sector_ind,2017,193.011
bol,sex_m,age_10yrbands_y35_44,eco_sector_ind,2018,188.663
bol,sex_m,age_10yrbands_y35_44,eco_sector_ind,2019,195.79
bol,sex_m,age_10yrbands_y35_44,eco_sector_ind,2020,195.925
bol,sex_m,age_10yrbands_y35_44,eco_sector_ind,2021,199.578
bol,sex_m,age_10yrbands_y35_44,eco_sector_ind,2022,226.317
bol,sex_m,age_10yrbands_y35_44,eco_sector_ind,2023,220.528
bol,sex_m,age_10yrbands_y35_44,eco_sector_ind,2024,224.049
bol,sex_m,age_10yrbands_y35_44,eco_sector_nag,1989,122.605
bol,sex_m,age_10yrbands_y35_44,eco_sector_nag,1990,130.469
bol,sex_m,age_10yrbands_y35_44,eco_sector_nag,1991,135.12
bol,sex_m,age_10yrbands_y35_44,eco_sector_nag,1992,141.248
bol,sex_m,age_10yrbands_y35_44,eco_sector_nag,1993,143.084
bol,sex_m,age_10yrbands_y35_44,eco_sector_nag,1994,154.063
bol,sex_m,age_10yrbands_y35_44,eco_sector_nag,1995,168.77
bol,sex_m,age_10yrbands_y35_44,eco_sector_nag,1999,459.091
bol,sex_m,age_10yrbands_y35_44,eco_sector_nag,2000,304.706
bol,sex_m,age_10yrbands_y35_44,eco_sector_nag,2001,253.489
bol,sex_m,age_10yrbands_y35_44,eco_sector_nag,2002,284.824
bol,sex_m,age_10yrbands_y35_44,eco_sector_nag,2005,333.566
bol,sex_m,age_10yrbands_y35_44,eco_sector_nag,2006,329.825
bol,sex_m,age_10yrbands_y35_44,eco_sector_nag,2007,403.23
bol,sex_m,age_10yrbands_y35_44,eco_sector_nag,2008,428.559
bol,sex_m,age_10yrbands_y35_44,eco_sector_nag,2009,419.815
bol,sex_m,age_10yrbands_y35_44,eco_sector_nag,2011,385.049
bol,sex_m,age_10yrbands_y35_44,eco_sector_nag,2012,425.933
bol,sex_m,age_10yrbands_y35_44,eco_sector_nag,2013,438.258
bol,sex_m,age_10yrbands_y35_44,eco_sector_nag,2014,442.8
bol,sex_m,age_10yrbands_y35_44,eco_sector_nag,2015,494.508
bol,sex_m,age_10yrbands_y35_44,eco_sector_nag,2016,463.92
bol,sex_m,age_10yrbands_y35_44,eco_sector_nag,2017,483.313
bol,sex_m,age_10yrbands_y35_44,eco_sector_nag,2018,481.033
bol,sex_m,age_10yrbands_y35_44,eco_sector_nag,2019,514.489
bol,sex_m,age_10yrbands_y35_44,eco_sector_nag,2020,546.051
bol,sex_m,age_10yrbands_y35_44,eco_sector_nag,2021,542.693
bol,sex_m,age_10yrbands_y35_44,eco_sector_nag,2022,597.274
bol,sex_m,age_10yrbands_y35_44,eco_sector_nag,2023,600.126
bol,sex_m,age_10yrbands_y35_44,eco_sector_nag,2024,616.837
bol,sex_m,age_10yrbands_y35_44,eco_sector_ser,1989,92.82
bol,sex_m,age_10yrbands_y35_44,eco_sector_ser,1990,96.085
bol,sex_m,age_10yrbands_y35_44,eco_sector_ser,1991,81.836
bol,sex_m,age_10yrbands_y35_44,eco_sector_ser,1992,85.204
bol,sex_m,age_10yrbands_y35_44,eco_sector_ser,1993,86.01
bol,sex_m,age_10yrbands_y35_44,eco_sector_ser,1994,91.183
bol,sex_m,age_10yrbands_y35_44,eco_sector_ser,1995,105.161
bol,sex_m,age_10yrbands_y35_44,eco_sector_ser,1999,309.491
bol,sex_m,age_10yrbands_y35_44,eco_sector_ser,2000,178.963
bol,sex_m,age_10yrbands_y35_44,eco_sector_ser,2001,159.008
bol,sex_m,age_10yrbands_y35_44,eco_sector_ser,2002,172.946
bol,sex_m,age_10yrbands_y35_44,eco_sector_ser,2005,194.819
bol,sex_m,age_10yrbands_y35_44,eco_sector_ser,2006,210.695
bol,sex_m,age_10yrbands_y35_44,eco_sector_ser,2007,250.817
bol,sex_m,age_10yrbands_y35_44,eco_sector_ser,2008,256.456
bol,sex_m,age_10yrbands_y35_44,eco_sector_ser,2009,261.761
bol,sex_m,age_10yrbands_y35_44,eco_sector_ser,2011,240.693
bol,sex_m,age_10yrbands_y35_44,eco_sector_ser,2012,272.771
bol,sex_m,age_10yrbands_y35_44,eco_sector_ser,2013,292.46
bol,sex_m,age_10yrbands_y35_44,eco_sector_ser,2014,265.177
bol,sex_m,age_10yrbands_y35_44,eco_sector_ser,2015,292.64
bol,sex_m,age_10yrbands_y35_44,eco_sector_ser,2016,278.294
bol,sex_m,age_10yrbands_y35_44,eco_sector_ser,2017,290.302
bol,sex_m,age_10yrbands_y35_44,eco_sector_ser,2018,292.37
bol,sex_m,age_10yrbands_y35_44,eco_sector_ser,2019,318.7
bol,sex_m,age_10yrbands_y35_44,eco_sector_ser,2020,349.544
bol,sex_m,age_10yrbands_y35_44,eco_sector_ser,2021,342.449
bol,sex_m,age_10yrbands_y35_44,eco_sector_ser,2022,369.904
bol,sex_m,age_10yrbands_y35_44,eco_sector_ser,2023,378.585
bol,sex_m,age_10yrbands_y35_44,eco_sector_ser,2024,390.852
bol,sex_m,age_10yrbands_y35_44,eco_sector_total,1989,122.605
bol,sex_m,age_10yrbands_y35_44,eco_sector_total,1990,130.469
bol,sex_m,age_10yrbands_y35_44,eco_sector_total,1991,138.078
bol,sex_m,age_10yrbands_y35_44,eco_sector_total,1992,145.241
bol,sex_m,age_10yrbands_y35_44,eco_sector_total,1993,147.145
bol,sex_m,age_10yrbands_y35_44,eco_sector_total,1994,157.921
bol,sex_m,age_10yrbands_y35_44,eco_sector_total,1995,173.234
bol,sex_m,age_10yrbands_y35_44,eco_sector_total,1999,464.634
bol,sex_m,age_10yrbands_y35_44,eco_sector_total,2000,442.018
bol,sex_m,age_10yrbands_y35_44,eco_sector_total,2001,397.248
bol,sex_m,age_10yrbands_y35_44,eco_sector_total,2002,412.646
bol,sex_m,age_10yrbands_y35_44,eco_sector_total,2005,463.217
bol,sex_m,age_10yrbands_y35_44,eco_sector_total,2006,486.664
bol,sex_m,age_10yrbands_y35_44,eco_sector_total,2007,513.866
bol,sex_m,age_10yrbands_y35_44,eco_sector_total,2008,556.109
bol,sex_m,age_10yrbands_y35_44,eco_sector_total,2009,547.189
bol,sex_m,age_10yrbands_y35_44,eco_sector_total,2011,532.673
bol,sex_m,age_10yrbands_y35_44,eco_sector_total,2012,559.455
bol,sex_m,age_10yrbands_y35_44,eco_sector_total,2013,588.05
bol,sex_m,age_10yrbands_y35_44,eco_sector_total,2014,575.55
bol,sex_m,age_10yrbands_y35_44,eco_sector_total,2015,633.011
bol,sex_m,age_10yrbands_y35_44,eco_sector_total,2016,604.409
bol,sex_m,age_10yrbands_y35_44,eco_sector_total,2017,621.479
bol,sex_m,age_10yrbands_y35_44,eco_sector_total,2018,618.394
bol,sex_m,age_10yrbands_y35_44,eco_sector_total,2019,655.364
bol,sex_m,age_10yrbands_y35_44,eco_sector_total,2020,693.487
bol,sex_m,age_10yrbands_y35_44,eco_sector_total,2021,679.151
bol,sex_m,age_10yrbands_y35_44,eco_sector_total,2022,725.251
bol,sex_m,age_10yrbands_y35_44,eco_sector_total,2023,726.007
bol,sex_m,age_10yrbands_y35_44,eco_sector_total,2024,731.391
bol,sex_m,age_10yrbands_y35_44,eco_sector_x,1989,4.311
bol,sex_m,age_10yrbands_y35_44,eco_sector_x,1990,3.579
bol,sex_m,age_10yrbands_y35_44,eco_sector_x,1999,66.843
bol,sex_m,age_10yrbands_y35_44,eco_sector_x,2001,3.99
bol,sex_m,age_10yrbands_y35_44,eco_sector_x,2021,0.665
bol,sex_m,age_10yrbands_y35_44,eco_sector_x,2022,1.052
bol,sex_m,age_10yrbands_y35_44,eco_sector_x,2023,1.014
bol,sex_m,age_10yrbands_y35_44,eco_sector_x,2024,1.936
bol,sex_m,age_10yrbands_y45_54,eco_aggregate_agr,1991,2.406
bol,sex_m,age_10yrbands_y45_54,eco_aggregate_agr,1992,3.973
bol,sex_m,age_10yrbands_y45_54,eco_aggregate_agr,1993,2.703
bol,sex_m,age_10yrbands_y45_54,eco_aggregate_agr,1994,2.631
bol,sex_m,age_10yrbands_y45_54,eco_aggregate_agr,1995,3.633
bol,sex_m,age_10yrbands_y45_54,eco_aggregate_agr,2000,106.358
bol,sex_m,age_10yrbands_y45_54,eco_aggregate_agr,2001,117.527
bol,sex_m,age_10yrbands_y45_54,eco_aggregate_agr,2002,139.669
bol,sex_m,age_10yrbands_y45_54,eco_aggregate_agr,2005,120.92
bol,sex_m,age_10yrbands_y45_54,eco_aggregate_agr,2006,140.981
bol,sex_m,age_10yrbands_y45_54,eco_aggregate_agr,2007,114.585
bol,sex_m,age_10yrbands_y45_54,eco_aggregate_agr,2008,122.003
bol,sex_m,age_10yrbands_y45_54,eco_aggregate_agr,2009,114.476
bol,sex_m,age_10yrbands_y45_54,eco_aggregate_agr,2011,136.706
bol,sex_m,age_10yrbands_y45_54,eco_aggregate_agr,2012,129.559
bol,sex_m,age_10yrbands_y45_54,eco_aggregate_agr,2013,147.053
bol,sex_m,age_10yrbands_y45_54,eco_aggregate_agr,2014,155.945
bol,sex_m,age_10yrbands_y45_54,eco_aggregate_agr,2015,138.479
bol,sex_m,age_10yrbands_y45_54,eco_aggregate_agr,2016,142.411
bol,sex_m,age_10yrbands_y45_54,eco_aggregate_agr,2017,138.592
bol,sex_m,age_10yrbands_y45_54,eco_aggregate_agr,2018,148.291
bol,sex_m,age_10yrbands_y45_54,eco_aggregate_agr,2019,133.536
bol,sex_m,age_10yrbands_y45_54,eco_aggregate_agr,2020,155.261
bol,sex_m,age_10yrbands_y45_54,eco_aggregate_agr,2021,138.623
bol,sex_m,age_10yrbands_y45_54,eco_aggregate_agr,2022,133.702
bol,sex_m,age_10yrbands_y45_54,eco_aggregate_agr,2023,135.906
bol,sex_m,age_10yrbands_y45_54,eco_aggregate_agr,2024,118.429
bol,sex_m,age_10yrbands_y45_54,eco_aggregate_con,1991,9.317
bol,sex_m,age_10yrbands_y45_54,eco_aggregate_con,1992,10.398
bol,sex_m,age_10yrbands_y45_54,eco_aggregate_con,1993,13.791
bol,sex_m,age_10yrbands_y45_54,eco_aggregate_con,1994,15.33
bol,sex_m,age_10yrbands_y45_54,eco_aggregate_con,1995,12.91
bol,sex_m,age_10yrbands_y45_54,eco_aggregate_con,2000,41.647
bol,sex_m,age_10yrbands_y45_54,eco_aggregate_con,2001,27.722
bol,sex_m,age_10yrbands_y45_54,eco_aggregate_con,2002,33.755
bol,sex_m,age_10yrbands_y45_54,eco_aggregate_con,2005,42.276
bol,sex_m,age_10yrbands_y45_54,eco_aggregate_con,2006,41.74
bol,sex_m,age_10yrbands_y45_54,eco_aggregate_con,2007,56.927
bol,sex_m,age_10yrbands_y45_54,eco_aggregate_con,2008,55.503
bol,sex_m,age_10yrbands_y45_54,eco_aggregate_con,2009,62.837
bol,sex_m,age_10yrbands_y45_54,eco_aggregate_con,2011,59.335
bol,sex_m,age_10yrbands_y45_54,eco_aggregate_con,2012,56.9
bol,sex_m,age_10yrbands_y45_54,eco_aggregate_con,2013,55.088
bol,sex_m,age_10yrbands_y45_54,eco_aggregate_con,2014,59.934
bol,sex_m,age_10yrbands_y45_54,eco_aggregate_con,2015,63.567
bol,sex_m,age_10yrbands_y45_54,eco_aggregate_con,2016,65.115
bol,sex_m,age_10yrbands_y45_54,eco_aggregate_con,2017,64.951
bol,sex_m,age_10yrbands_y45_54,eco_aggregate_con,2018,65.717
bol,sex_m,age_10yrbands_y45_54,eco_aggregate_con,2019,64.307
bol,sex_m,age_10yrbands_y45_54,eco_aggregate_con,2020,71.858
bol,sex_m,age_10yrbands_y45_54,eco_aggregate_con,2021,71.654
bol,sex_m,age_10yrbands_y45_54,eco_aggregate_con,2022,70.031
bol,sex_m,age_10yrbands_y45_54,eco_aggregate_con,2023,75.414
bol,sex_m,age_10yrbands_y45_54,eco_aggregate_con,2024,89.696
bol,sex_m,age_10yrbands_y45_54,eco_aggregate_man,1989,12.659
bol,sex_m,age_10yrbands_y45_54,eco_aggregate_man,1990,12.404
bol,sex_m,age_10yrbands_y45_54,eco_aggregate_man,1991,15.294
bol,sex_m,age_10yrbands_y45_54,eco_aggregate_man,1992,15.005
bol,sex_m,age_10yrbands_y45_54,eco_aggregate_man,1993,14.21
bol,sex_m,age_10yrbands_y45_54,eco_aggregate_man,1994,14.499
bol,sex_m,age_10yrbands_y45_54,eco_aggregate_man,1995,14.468
bol,sex_m,age_10yrbands_y45_54,eco_aggregate_man,1999,44.107
bol,sex_m,age_10yrbands_y45_54,eco_aggregate_man,2000,23.032
bol,sex_m,age_10yrbands_y45_54,eco_aggregate_man,2001,25.405
bol,sex_m,age_10yrbands_y45_54,eco_aggregate_man,2002,37.494
bol,sex_m,age_10yrbands_y45_54,eco_aggregate_man,2005,28.404
bol,sex_m,age_10yrbands_y45_54,eco_aggregate_man,2006,33.147
bol,sex_m,age_10yrbands_y45_54,eco_aggregate_man,2007,39.828
bol,sex_m,age_10yrbands_y45_54,eco_aggregate_man,2008,46.832
bol,sex_m,age_10yrbands_y45_54,eco_aggregate_man,2009,36.434
bol,sex_m,age_10yrbands_y45_54,eco_aggregate_man,2011,37.067
bol,sex_m,age_10yrbands_y45_54,eco_aggregate_man,2012,34.049
bol,sex_m,age_10yrbands_y45_54,eco_aggregate_man,2013,38.618
bol,sex_m,age_10yrbands_y45_54,eco_aggregate_man,2014,42.435
bol,sex_m,age_10yrbands_y45_54,eco_aggregate_man,2015,40.372
bol,sex_m,age_10yrbands_y45_54,eco_aggregate_man,2016,48.026
bol,sex_m,age_10yrbands_y45_54,eco_aggregate_man,2017,49.34
bol,sex_m,age_10yrbands_y45_54,eco_aggregate_man,2018,47.797
bol,sex_m,age_10yrbands_y45_54,eco_aggregate_man,2019,56.422
bol,sex_m,age_10yrbands_y45_54,eco_aggregate_man,2020,46.459
bol,sex_m,age_10yrbands_y45_54,eco_aggregate_man,2021,60.824
bol,sex_m,age_10yrbands_y45_54,eco_aggregate_man,2022,55.013
bol,sex_m,age_10yrbands_y45_54,eco_aggregate_man,2023,62.932
bol,sex_m,age_10yrbands_y45_54,eco_aggregate_man,2024,69.011
bol,sex_m,age_10yrbands_y45_54,eco_aggregate_mel,1989,3.509
bol,sex_m,age_10yrbands_y45_54,eco_aggregate_mel,1990,2.189
bol,sex_m,age_10yrbands_y45_54,eco_aggregate_mel,1991,5.195
bol,sex_m,age_10yrbands_y45_54,eco_aggregate_mel,1992,4.019
bol,sex_m,age_10yrbands_y45_54,eco_aggregate_mel,1993,3.508
bol,sex_m,age_10yrbands_y45_54,eco_aggregate_mel,1994,4.26
bol,sex_m,age_10yrbands_y45_54,eco_aggregate_mel,1995,4.623
bol,sex_m,age_10yrbands_y45_54,eco_aggregate_mel,1999,26.945
bol,sex_m,age_10yrbands_y45_54,eco_aggregate_mel,2000,8.543
bol,sex_m,age_10yrbands_y45_54,eco_aggregate_mel,2001,8.043
bol,sex_m,age_10yrbands_y45_54,eco_aggregate_mel,2002,7.844
bol,sex_m,age_10yrbands_y45_54,eco_aggregate_mel,2005,10.329
bol,sex_m,age_10yrbands_y45_54,eco_aggregate_mel,2006,15.019
bol,sex_m,age_10yrbands_y45_54,eco_aggregate_mel,2007,15.188
bol,sex_m,age_10yrbands_y45_54,eco_aggregate_mel,2008,8.593
bol,sex_m,age_10yrbands_y45_54,eco_aggregate_mel,2009,14.068
bol,sex_m,age_10yrbands_y45_54,eco_aggregate_mel,2011,16.194
bol,sex_m,age_10yrbands_y45_54,eco_aggregate_mel,2012,24.464
bol,sex_m,age_10yrbands_y45_54,eco_aggregate_mel,2013,26.113
bol,sex_m,age_10yrbands_y45_54,eco_aggregate_mel,2014,19.063
bol,sex_m,age_10yrbands_y45_54,eco_aggregate_mel,2015,22.493
bol,sex_m,age_10yrbands_y45_54,eco_aggregate_mel,2016,17.184
bol,sex_m,age_10yrbands_y45_54,eco_aggregate_mel,2017,15.57
bol,sex_m,age_10yrbands_y45_54,eco_aggregate_mel,2018,18.23
bol,sex_m,age_10yrbands_y45_54,eco_aggregate_mel,2019,13.933
bol,sex_m,age_10yrbands_y45_54,eco_aggregate_mel,2020,13.9
bol,sex_m,age_10yrbands_y45_54,eco_aggregate_mel,2021,15.293
bol,sex_m,age_10yrbands_y45_54,eco_aggregate_mel,2022,14.806
bol,sex_m,age_10yrbands_y45_54,eco_aggregate_mel,2023,14.234
bol,sex_m,age_10yrbands_y45_54,eco_aggregate_mel,2024,16.812
bol,sex_m,age_10yrbands_y45_54,eco_aggregate_mkt,1989,27.24
bol,sex_m,age_10yrbands_y45_54,eco_aggregate_mkt,1990,25.457
bol,sex_m,age_10yrbands_y45_54,eco_aggregate_mkt,1991,25.74
bol,sex_m,age_10yrbands_y45_54,eco_aggregate_mkt,1992,26.121
bol,sex_m,age_10yrbands_y45_54,eco_aggregate_mkt,1993,31.131
bol,sex_m,age_10yrbands_y45_54,eco_aggregate_mkt,1994,36.203
bol,sex_m,age_10yrbands_y45_54,eco_aggregate_mkt,1995,34.675
bol,sex_m,age_10yrbands_y45_54,eco_aggregate_mkt,1999,241.662
bol,sex_m,age_10yrbands_y45_54,eco_aggregate_mkt,2000,75.272
bol,sex_m,age_10yrbands_y45_54,eco_aggregate_mkt,2001,70.795
bol,sex_m,age_10yrbands_y45_54,eco_aggregate_mkt,2002,74.49
bol,sex_m,age_10yrbands_y45_54,eco_aggregate_mkt,2005,103.028
bol,sex_m,age_10yrbands_y45_54,eco_aggregate_mkt,2006,96.144
bol,sex_m,age_10yrbands_y45_54,eco_aggregate_mkt,2007,98.693
bol,sex_m,age_10yrbands_y45_54,eco_aggregate_mkt,2008,99.28
bol,sex_m,age_10yrbands_y45_54,eco_aggregate_mkt,2009,125.278
bol,sex_m,age_10yrbands_y45_54,eco_aggregate_mkt,2011,124.739
bol,sex_m,age_10yrbands_y45_54,eco_aggregate_mkt,2012,129.655
bol,sex_m,age_10yrbands_y45_54,eco_aggregate_mkt,2013,134.37
bol,sex_m,age_10yrbands_y45_54,eco_aggregate_mkt,2014,131.239
bol,sex_m,age_10yrbands_y45_54,eco_aggregate_mkt,2015,139.728
bol,sex_m,age_10yrbands_y45_54,eco_aggregate_mkt,2016,137.016
bol,sex_m,age_10yrbands_y45_54,eco_aggregate_mkt,2017,141.542
bol,sex_m,age_10yrbands_y45_54,eco_aggregate_mkt,2018,138.42
bol,sex_m,age_10yrbands_y45_54,eco_aggregate_mkt,2019,150.027
bol,sex_m,age_10yrbands_y45_54,eco_aggregate_mkt,2020,203.162
bol,sex_m,age_10yrbands_y45_54,eco_aggregate_mkt,2021,164.06
bol,sex_m,age_10yrbands_y45_54,eco_aggregate_mkt,2022,173.503
bol,sex_m,age_10yrbands_y45_54,eco_aggregate_mkt,2023,179.338
bol,sex_m,age_10yrbands_y45_54,eco_aggregate_mkt,2024,190.003
bol,sex_m,age_10yrbands_y45_54,eco_aggregate_pub,1989,25.226
bol,sex_m,age_10yrbands_y45_54,eco_aggregate_pub,1990,27.829
bol,sex_m,age_10yrbands_y45_54,eco_aggregate_pub,1991,17.845
bol,sex_m,age_10yrbands_y45_54,eco_aggregate_pub,1992,19.763
bol,sex_m,age_10yrbands_y45_54,eco_aggregate_pub,1993,19.497
bol,sex_m,age_10yrbands_y45_54,eco_aggregate_pub,1994,22.42
bol,sex_m,age_10yrbands_y45_54,eco_aggregate_pub,1995,20.557
bol,sex_m,age_10yrbands_y45_54,eco_aggregate_pub,1999,18.186
bol,sex_m,age_10yrbands_y45_54,eco_aggregate_pub,2000,43.127
bol,sex_m,age_10yrbands_y45_54,eco_aggregate_pub,2001,37.379
bol,sex_m,age_10yrbands_y45_54,eco_aggregate_pub,2002,46.124
bol,sex_m,age_10yrbands_y45_54,eco_aggregate_pub,2005,54.029
bol,sex_m,age_10yrbands_y45_54,eco_aggregate_pub,2006,65.747
bol,sex_m,age_10yrbands_y45_54,eco_aggregate_pub,2007,83.777
bol,sex_m,age_10yrbands_y45_54,eco_aggregate_pub,2008,79.93
bol,sex_m,age_10yrbands_y45_54,eco_aggregate_pub,2009,64.383
bol,sex_m,age_10yrbands_y45_54,eco_aggregate_pub,2011,69.916
bol,sex_m,age_10yrbands_y45_54,eco_aggregate_pub,2012,60.138
bol,sex_m,age_10yrbands_y45_54,eco_aggregate_pub,2013,74.214
bol,sex_m,age_10yrbands_y45_54,eco_aggregate_pub,2014,55.837
bol,sex_m,age_10yrbands_y45_54,eco_aggregate_pub,2015,69.809
bol,sex_m,age_10yrbands_y45_54,eco_aggregate_pub,2016,60.534
bol,sex_m,age_10yrbands_y45_54,eco_aggregate_pub,2017,62.407
bol,sex_m,age_10yrbands_y45_54,eco_aggregate_pub,2018,64.062
bol,sex_m,age_10yrbands_y45_54,eco_aggregate_pub,2019,71.087
bol,sex_m,age_10yrbands_y45_54,eco_aggregate_pub,2020,70.11
bol,sex_m,age_10yrbands_y45_54,eco_aggregate_pub,2021,68.238
bol,sex_m,age_10yrbands_y45_54,eco_aggregate_pub,2022,68.3
bol,sex_m,age_10yrbands_y45_54,eco_aggregate_pub,2023,75.272
bol,sex_m,age_10yrbands_y45_54,eco_aggregate_pub,2024,77.353
bol,sex_m,age_10yrbands_y45_54,eco_aggregate_total,1989,70.521
bol,sex_m,age_10yrbands_y45_54,eco_aggregate_total,1990,69.522
bol,sex_m,age_10yrbands_y45_54,eco_aggregate_total,1991,75.797
bol,sex_m,age_10yrbands_y45_54,eco_aggregate_total,1992,79.43
bol,sex_m,age_10yrbands_y45_54,eco_aggregate_total,1993,84.84
bol,sex_m,age_10yrbands_y45_54,eco_aggregate_total,1994,95.343
bol,sex_m,age_10yrbands_y45_54,eco_aggregate_total,1995,91.054
bol,sex_m,age_10yrbands_y45_54,eco_aggregate_total,1999,361.385
bol,sex_m,age_10yrbands_y45_54,eco_aggregate_total,2000,299.187
bol,sex_m,age_10yrbands_y45_54,eco_aggregate_total,2001,288.006
bol,sex_m,age_10yrbands_y45_54,eco_aggregate_total,2002,339.376
bol,sex_m,age_10yrbands_y45_54,eco_aggregate_total,2005,358.986
bol,sex_m,age_10yrbands_y45_54,eco_aggregate_total,2006,392.778
bol,sex_m,age_10yrbands_y45_54,eco_aggregate_total,2007,408.998
bol,sex_m,age_10yrbands_y45_54,eco_aggregate_total,2008,412.141
bol,sex_m,age_10yrbands_y45_54,eco_aggregate_total,2009,417.476
bol,sex_m,age_10yrbands_y45_54,eco_aggregate_total,2011,443.957
bol,sex_m,age_10yrbands_y45_54,eco_aggregate_total,2012,434.765
bol,sex_m,age_10yrbands_y45_54,eco_aggregate_total,2013,475.616
bol,sex_m,age_10yrbands_y45_54,eco_aggregate_total,2014,464.453
bol,sex_m,age_10yrbands_y45_54,eco_aggregate_total,2015,474.703
bol,sex_m,age_10yrbands_y45_54,eco_aggregate_total,2016,470.287
bol,sex_m,age_10yrbands_y45_54,eco_aggregate_total,2017,472.402
bol,sex_m,age_10yrbands_y45_54,eco_aggregate_total,2018,482.518
bol,sex_m,age_10yrbands_y45_54,eco_aggregate_total,2019,489.312
bol,sex_m,age_10yrbands_y45_54,eco_aggregate_total,2020,561.134
bol,sex_m,age_10yrbands_y45_54,eco_aggregate_total,2021,518.951
bol,sex_m,age_10yrbands_y45_54,eco_aggregate_total,2022,515.677
bol,sex_m,age_10yrbands_y45_54,eco_aggregate_total,2023,543.185
bol,sex_m,age_10yrbands_y45_54,eco_aggregate_total,2024,561.406
bol,sex_m,age_10yrbands_y45_54,eco_aggregate_x,1989,1.888
bol,sex_m,age_10yrbands_y45_54,eco_aggregate_x,1990,1.643
bol,sex_m,age_10yrbands_y45_54,eco_aggregate_x,1999,28.872
bol,sex_m,age_10yrbands_y45_54,eco_aggregate_x,2001,1.135
bol,sex_m,age_10yrbands_y45_54,eco_sector_agr,1991,2.406
bol,sex_m,age_10yrbands_y45_54,eco_sector_agr,1992,3.973
bol,sex_m,age_10yrbands_y45_54,eco_sector_agr,1993,2.703
bol,sex_m,age_10yrbands_y45_54,eco_sector_agr,1994,2.631
bol,sex_m,age_10yrbands_y45_54,eco_sector_agr,1995,3.633
bol,sex_m,age_10yrbands_y45_54,eco_sector_agr,2000,106.358
bol,sex_m,age_10yrbands_y45_54,eco_sector_agr,2001,117.527
bol,sex_m,age_10yrbands_y45_54,eco_sector_agr,2002,139.669
bol,sex_m,age_10yrbands_y45_54,eco_sector_agr,2005,120.92
bol,sex_m,age_10yrbands_y45_54,eco_sector_agr,2006,140.981
bol,sex_m,age_10yrbands_y45_54,eco_sector_agr,2007,114.585
bol,sex_m,age_10yrbands_y45_54,eco_sector_agr,2008,122.003
bol,sex_m,age_10yrbands_y45_54,eco_sector_agr,2009,114.476
bol,sex_m,age_10yrbands_y45_54,eco_sector_agr,2011,136.706
bol,sex_m,age_10yrbands_y45_54,eco_sector_agr,2012,129.559
bol,sex_m,age_10yrbands_y45_54,eco_sector_agr,2013,147.053
bol,sex_m,age_10yrbands_y45_54,eco_sector_agr,2014,155.945
bol,sex_m,age_10yrbands_y45_54,eco_sector_agr,2015,138.479
bol,sex_m,age_10yrbands_y45_54,eco_sector_agr,2016,142.411
bol,sex_m,age_10yrbands_y45_54,eco_sector_agr,2017,138.592
bol,sex_m,age_10yrbands_y45_54,eco_sector_agr,2018,148.291
bol,sex_m,age_10yrbands_y45_54,eco_sector_agr,2019,133.536
bol,sex_m,age_10yrbands_y45_54,eco_sector_agr,2020,155.261
bol,sex_m,age_10yrbands_y45_54,eco_sector_agr,2021,138.623
bol,sex_m,age_10yrbands_y45_54,eco_sector_agr,2022,133.702
bol,sex_m,age_10yrbands_y45_54,eco_sector_agr,2023,135.906
bol,sex_m,age_10yrbands_y45_54,eco_sector_agr,2024,118.429
bol,sex_m,age_10yrbands_y45_54,eco_sector_ind,1989,16.168
bol,sex_m,age_10yrbands_y45_54,eco_sector_ind,1990,14.593
bol,sex_m,age_10yrbands_y45_54,eco_sector_ind,1991,29.806
bol,sex_m,age_10yrbands_y45_54,eco_sector_ind,1992,29.422
bol,sex_m,age_10yrbands_y45_54,eco_sector_ind,1993,31.509
bol,sex_m,age_10yrbands_y45_54,eco_sector_ind,1994,34.089
bol,sex_m,age_10yrbands_y45_54,eco_sector_ind,1995,32.001
bol,sex_m,age_10yrbands_y45_54,eco_sector_ind,1999,71.052
bol,sex_m,age_10yrbands_y45_54,eco_sector_ind,2000,73.222
bol,sex_m,age_10yrbands_y45_54,eco_sector_ind,2001,61.17
bol,sex_m,age_10yrbands_y45_54,eco_sector_ind,2002,79.093
bol,sex_m,age_10yrbands_y45_54,eco_sector_ind,2005,81.009
bol,sex_m,age_10yrbands_y45_54,eco_sector_ind,2006,89.906
bol,sex_m,age_10yrbands_y45_54,eco_sector_ind,2007,111.943
bol,sex_m,age_10yrbands_y45_54,eco_sector_ind,2008,110.928
bol,sex_m,age_10yrbands_y45_54,eco_sector_ind,2009,113.339
bol,sex_m,age_10yrbands_y45_54,eco_sector_ind,2011,112.596
bol,sex_m,age_10yrbands_y45_54,eco_sector_ind,2012,115.413
bol,sex_m,age_10yrbands_y45_54,eco_sector_ind,2013,119.819
bol,sex_m,age_10yrbands_y45_54,eco_sector_ind,2014,121.432
bol,sex_m,age_10yrbands_y45_54,eco_sector_ind,2015,126.432
bol,sex_m,age_10yrbands_y45_54,eco_sector_ind,2016,130.325
bol,sex_m,age_10yrbands_y45_54,eco_sector_ind,2017,129.861
bol,sex_m,age_10yrbands_y45_54,eco_sector_ind,2018,131.745
bol,sex_m,age_10yrbands_y45_54,eco_sector_ind,2019,134.662
bol,sex_m,age_10yrbands_y45_54,eco_sector_ind,2020,132.217
bol,sex_m,age_10yrbands_y45_54,eco_sector_ind,2021,147.772
bol,sex_m,age_10yrbands_y45_54,eco_sector_ind,2022,139.85
bol,sex_m,age_10yrbands_y45_54,eco_sector_ind,2023,152.579
bol,sex_m,age_10yrbands_y45_54,eco_sector_ind,2024,175.519
bol,sex_m,age_10yrbands_y45_54,eco_sector_nag,1989,70.521
bol,sex_m,age_10yrbands_y45_54,eco_sector_nag,1990,69.522
bol,sex_m,age_10yrbands_y45_54,eco_sector_nag,1991,73.391
bol,sex_m,age_10yrbands_y45_54,eco_sector_nag,1992,75.457
bol,sex_m,age_10yrbands_y45_54,eco_sector_nag,1993,82.137
bol,sex_m,age_10yrbands_y45_54,eco_sector_nag,1994,92.712
bol,sex_m,age_10yrbands_y45_54,eco_sector_nag,1995,87.421
bol,sex_m,age_10yrbands_y45_54,eco_sector_nag,1999,359.772
bol,sex_m,age_10yrbands_y45_54,eco_sector_nag,2000,192.829
bol,sex_m,age_10yrbands_y45_54,eco_sector_nag,2001,170.479
bol,sex_m,age_10yrbands_y45_54,eco_sector_nag,2002,199.707
bol,sex_m,age_10yrbands_y45_54,eco_sector_nag,2005,238.066
bol,sex_m,age_10yrbands_y45_54,eco_sector_nag,2006,251.797
bol,sex_m,age_10yrbands_y45_54,eco_sector_nag,2007,294.413
bol,sex_m,age_10yrbands_y45_54,eco_sector_nag,2008,290.138
bol,sex_m,age_10yrbands_y45_54,eco_sector_nag,2009,303
bol,sex_m,age_10yrbands_y45_54,eco_sector_nag,2011,307.251
bol,sex_m,age_10yrbands_y45_54,eco_sector_nag,2012,305.206
bol,sex_m,age_10yrbands_y45_54,eco_sector_nag,2013,328.563
bol,sex_m,age_10yrbands_y45_54,eco_sector_nag,2014,308.508
bol,sex_m,age_10yrbands_y45_54,eco_sector_nag,2015,336.224
bol,sex_m,age_10yrbands_y45_54,eco_sector_nag,2016,327.876
bol,sex_m,age_10yrbands_y45_54,eco_sector_nag,2017,333.809
bol,sex_m,age_10yrbands_y45_54,eco_sector_nag,2018,334.227
bol,sex_m,age_10yrbands_y45_54,eco_sector_nag,2019,355.776
bol,sex_m,age_10yrbands_y45_54,eco_sector_nag,2020,405.873
bol,sex_m,age_10yrbands_y45_54,eco_sector_nag,2021,380.328
bol,sex_m,age_10yrbands_y45_54,eco_sector_nag,2022,381.975
bol,sex_m,age_10yrbands_y45_54,eco_sector_nag,2023,407.279
bol,sex_m,age_10yrbands_y45_54,eco_sector_nag,2024,442.977
bol,sex_m,age_10yrbands_y45_54,eco_sector_ser,1989,52.465
bol,sex_m,age_10yrbands_y45_54,eco_sector_ser,1990,53.286
bol,sex_m,age_10yrbands_y45_54,eco_sector_ser,1991,43.585
bol,sex_m,age_10yrbands_y45_54,eco_sector_ser,1992,45.884
bol,sex_m,age_10yrbands_y45_54,eco_sector_ser,1993,50.628
bol,sex_m,age_10yrbands_y45_54,eco_sector_ser,1994,58.623
bol,sex_m,age_10yrbands_y45_54,eco_sector_ser,1995,55.232
bol,sex_m,age_10yrbands_y45_54,eco_sector_ser,1999,259.848
bol,sex_m,age_10yrbands_y45_54,eco_sector_ser,2000,118.399
bol,sex_m,age_10yrbands_y45_54,eco_sector_ser,2001,108.174
bol,sex_m,age_10yrbands_y45_54,eco_sector_ser,2002,120.614
bol,sex_m,age_10yrbands_y45_54,eco_sector_ser,2005,157.057
bol,sex_m,age_10yrbands_y45_54,eco_sector_ser,2006,161.891
bol,sex_m,age_10yrbands_y45_54,eco_sector_ser,2007,182.47
bol,sex_m,age_10yrbands_y45_54,eco_sector_ser,2008,179.21
bol,sex_m,age_10yrbands_y45_54,eco_sector_ser,2009,189.661
bol,sex_m,age_10yrbands_y45_54,eco_sector_ser,2011,194.655
bol,sex_m,age_10yrbands_y45_54,eco_sector_ser,2012,189.793
bol,sex_m,age_10yrbands_y45_54,eco_sector_ser,2013,208.584
bol,sex_m,age_10yrbands_y45_54,eco_sector_ser,2014,187.076
bol,sex_m,age_10yrbands_y45_54,eco_sector_ser,2015,209.537
bol,sex_m,age_10yrbands_y45_54,eco_sector_ser,2016,197.551
bol,sex_m,age_10yrbands_y45_54,eco_sector_ser,2017,203.948
bol,sex_m,age_10yrbands_y45_54,eco_sector_ser,2018,202.482
bol,sex_m,age_10yrbands_y45_54,eco_sector_ser,2019,221.114
bol,sex_m,age_10yrbands_y45_54,eco_sector_ser,2020,273.273
bol,sex_m,age_10yrbands_y45_54,eco_sector_ser,2021,232.298
bol,sex_m,age_10yrbands_y45_54,eco_sector_ser,2022,241.803
bol,sex_m,age_10yrbands_y45_54,eco_sector_ser,2023,254.609
bol,sex_m,age_10yrbands_y45_54,eco_sector_ser,2024,267.356
bol,sex_m,age_10yrbands_y45_54,eco_sector_total,1989,70.521
bol,sex_m,age_10yrbands_y45_54,eco_sector_total,1990,69.522
bol,sex_m,age_10yrbands_y45_54,eco_sector_total,1991,75.797
bol,sex_m,age_10yrbands_y45_54,eco_sector_total,1992,79.43
bol,sex_m,age_10yrbands_y45_54,eco_sector_total,1993,84.84
bol,sex_m,age_10yrbands_y45_54,eco_sector_total,1994,95.343
bol,sex_m,age_10yrbands_y45_54,eco_sector_total,1995,91.054
bol,sex_m,age_10yrbands_y45_54,eco_sector_total,1999,361.385
bol,sex_m,age_10yrbands_y45_54,eco_sector_total,2000,299.187
bol,sex_m,age_10yrbands_y45_54,eco_sector_total,2001,288.006
bol,sex_m,age_10yrbands_y45_54,eco_sector_total,2002,339.376
bol,sex_m,age_10yrbands_y45_54,eco_sector_total,2005,358.986
bol,sex_m,age_10yrbands_y45_54,eco_sector_total,2006,392.778
bol,sex_m,age_10yrbands_y45_54,eco_sector_total,2007,408.998
bol,sex_m,age_10yrbands_y45_54,eco_sector_total,2008,412.141
bol,sex_m,age_10yrbands_y45_54,eco_sector_total,2009,417.476
bol,sex_m,age_10yrbands_y45_54,eco_sector_total,2011,443.957
bol,sex_m,age_10yrbands_y45_54,eco_sector_total,2012,434.765
bol,sex_m,age_10yrbands_y45_54,eco_sector_total,2013,475.616
bol,sex_m,age_10yrbands_y45_54,eco_sector_total,2014,464.453
bol,sex_m,age_10yrbands_y45_54,eco_sector_total,2015,474.703
bol,sex_m,age_10yrbands_y45_54,eco_sector_total,2016,470.287
bol,sex_m,age_10yrbands_y45_54,eco_sector_total,2017,472.402
bol,sex_m,age_10yrbands_y45_54,eco_sector_total,2018,482.518
bol,sex_m,age_10yrbands_y45_54,eco_sector_total,2019,489.312
bol,sex_m,age_10yrbands_y45_54,eco_sector_total,2020,561.134
bol,sex_m,age_10yrbands_y45_54,eco_sector_total,2021,518.951
bol,sex_m,age_10yrbands_y45_54,eco_sector_total,2022,515.677
bol,sex_m,age_10yrbands_y45_54,eco_sector_total,2023,543.185
bol,sex_m,age_10yrbands_y45_54,eco_sector_total,2024,561.406
bol,sex_m,age_10yrbands_y45_54,eco_sector_x,1989,1.888
bol,sex_m,age_10yrbands_y45_54,eco_sector_x,1990,1.643
bol,sex_m,age_10yrbands_y45_54,eco_sector_x,1999,28.872
bol,sex_m,age_10yrbands_y45_54,eco_sector_x,2001,1.135
bol,sex_m,age_10yrbands_y55_64,eco_aggregate_agr,1991,1.726
bol,sex_m,age_10yrbands_y55_64,eco_aggregate_agr,1992,1.474
bol,sex_m,age_10yrbands_y55_64,eco_aggregate_agr,1993,2.007
bol,sex_m,age_10yrbands_y55_64,eco_aggregate_agr,1994,2.069
bol,sex_m,age_10yrbands_y55_64,eco_aggregate_agr,1995,3.125
bol,sex_m,age_10yrbands_y55_64,eco_aggregate_agr,2000,83.783
bol,sex_m,age_10yrbands_y55_64,eco_aggregate_agr,2001,94.02
bol,sex_m,age_10yrbands_y55_64,eco_aggregate_agr,2002,87.901
bol,sex_m,age_10yrbands_y55_64,eco_aggregate_agr,2005,85.849
bol,sex_m,age_10yrbands_y55_64,eco_aggregate_agr,2006,107.769
bol,sex_m,age_10yrbands_y55_64,eco_aggregate_agr,2007,87.36
bol,sex_m,age_10yrbands_y55_64,eco_aggregate_agr,2008,127.633
bol,sex_m,age_10yrbands_y55_64,eco_aggregate_agr,2009,123.497
bol,sex_m,age_10yrbands_y55_64,eco_aggregate_agr,2011,117.502
bol,sex_m,age_10yrbands_y55_64,eco_aggregate_agr,2012,108.52
bol,sex_m,age_10yrbands_y55_64,eco_aggregate_agr,2013,134.986
bol,sex_m,age_10yrbands_y55_64,eco_aggregate_agr,2014,128.907
bol,sex_m,age_10yrbands_y55_64,eco_aggregate_agr,2015,143.218
bol,sex_m,age_10yrbands_y55_64,eco_aggregate_agr,2016,132.655
bol,sex_m,age_10yrbands_y55_64,eco_aggregate_agr,2017,141.858
bol,sex_m,age_10yrbands_y55_64,eco_aggregate_agr,2018,152.918
bol,sex_m,age_10yrbands_y55_64,eco_aggregate_agr,2019,138.521
bol,sex_m,age_10yrbands_y55_64,eco_aggregate_agr,2020,154.402
bol,sex_m,age_10yrbands_y55_64,eco_aggregate_agr,2021,139.177
bol,sex_m,age_10yrbands_y55_64,eco_aggregate_agr,2022,136.312
bol,sex_m,age_10yrbands_y55_64,eco_aggregate_agr,2023,145.008
bol,sex_m,age_10yrbands_y55_64,eco_aggregate_agr,2024,144.363
bol,sex_m,age_10yrbands_y55_64,eco_aggregate_con,1991,4.649
bol,sex_m,age_10yrbands_y55_64,eco_aggregate_con,1992,3.795
bol,sex_m,age_10yrbands_y55_64,eco_aggregate_con,1993,5.359
bol,sex_m,age_10yrbands_y55_64,eco_aggregate_con,1994,4.843
bol,sex_m,age_10yrbands_y55_64,eco_aggregate_con,1995,2.854
bol,sex_m,age_10yrbands_y55_64,eco_aggregate_con,2000,11.619
bol,sex_m,age_10yrbands_y55_64,eco_aggregate_con,2001,16.902
bol,sex_m,age_10yrbands_y55_64,eco_aggregate_con,2002,12.806
bol,sex_m,age_10yrbands_y55_64,eco_aggregate_con,2005,12.667
bol,sex_m,age_10yrbands_y55_64,eco_aggregate_con,2006,16.005
bol,sex_m,age_10yrbands_y55_64,eco_aggregate_con,2007,20.38
bol,sex_m,age_10yrbands_y55_64,eco_aggregate_con,2008,24.974
bol,sex_m,age_10yrbands_y55_64,eco_aggregate_con,2009,31.464
bol,sex_m,age_10yrbands_y55_64,eco_aggregate_con,2011,32.813
bol,sex_m,age_10yrbands_y55_64,eco_aggregate_con,2012,28.277
bol,sex_m,age_10yrbands_y55_64,eco_aggregate_con,2013,31.164
bol,sex_m,age_10yrbands_y55_64,eco_aggregate_con,2014,35.458
bol,sex_m,age_10yrbands_y55_64,eco_aggregate_con,2015,31.883
bol,sex_m,age_10yrbands_y55_64,eco_aggregate_con,2016,33.142
bol,sex_m,age_10yrbands_y55_64,eco_aggregate_con,2017,35.951
bol,sex_m,age_10yrbands_y55_64,eco_aggregate_con,2018,31.506
bol,sex_m,age_10yrbands_y55_64,eco_aggregate_con,2019,35.145
bol,sex_m,age_10yrbands_y55_64,eco_aggregate_con,2020,39.015
bol,sex_m,age_10yrbands_y55_64,eco_aggregate_con,2021,39.023
bol,sex_m,age_10yrbands_y55_64,eco_aggregate_con,2022,41.797
bol,sex_m,age_10yrbands_y55_64,eco_aggregate_con,2023,39.849
bol,sex_m,age_10yrbands_y55_64,eco_aggregate_con,2024,41.955
bol,sex_m,age_10yrbands_y55_64,eco_aggregate_man,1989,5.455
bol,sex_m,age_10yrbands_y55_64,eco_aggregate_man,1990,4.988
bol,sex_m,age_10yrbands_y55_64,eco_aggregate_man,1991,5.415
bol,sex_m,age_10yrbands_y55_64,eco_aggregate_man,1992,6.334
bol,sex_m,age_10yrbands_y55_64,eco_aggregate_man,1993,4.401
bol,sex_m,age_10yrbands_y55_64,eco_aggregate_man,1994,4.474
bol,sex_m,age_10yrbands_y55_64,eco_aggregate_man,1995,7.339
bol,sex_m,age_10yrbands_y55_64,eco_aggregate_man,1999,17.219
bol,sex_m,age_10yrbands_y55_64,eco_aggregate_man,2000,17.097
bol,sex_m,age_10yrbands_y55_64,eco_aggregate_man,2001,6.835
bol,sex_m,age_10yrbands_y55_64,eco_aggregate_man,2002,16.958
bol,sex_m,age_10yrbands_y55_64,eco_aggregate_man,2005,24.483
bol,sex_m,age_10yrbands_y55_64,eco_aggregate_man,2006,21.311
bol,sex_m,age_10yrbands_y55_64,eco_aggregate_man,2007,23.975
bol,sex_m,age_10yrbands_y55_64,eco_aggregate_man,2008,24.848
bol,sex_m,age_10yrbands_y55_64,eco_aggregate_man,2009,24.815
bol,sex_m,age_10yrbands_y55_64,eco_aggregate_man,2011,15.02
bol,sex_m,age_10yrbands_y55_64,eco_aggregate_man,2012,18.95
bol,sex_m,age_10yrbands_y55_64,eco_aggregate_man,2013,21.554
bol,sex_m,age_10yrbands_y55_64,eco_aggregate_man,2014,21.832
bol,sex_m,age_10yrbands_y55_64,eco_aggregate_man,2015,24.506
bol,sex_m,age_10yrbands_y55_64,eco_aggregate_man,2016,25.565
bol,sex_m,age_10yrbands_y55_64,eco_aggregate_man,2017,28.35
bol,sex_m,age_10yrbands_y55_64,eco_aggregate_man,2018,30.527
bol,sex_m,age_10yrbands_y55_64,eco_aggregate_man,2019,36.668
bol,sex_m,age_10yrbands_y55_64,eco_aggregate_man,2020,24.285
bol,sex_m,age_10yrbands_y55_64,eco_aggregate_man,2021,33.208
bol,sex_m,age_10yrbands_y55_64,eco_aggregate_man,2022,36.069
bol,sex_m,age_10yrbands_y55_64,eco_aggregate_man,2023,35.672
bol,sex_m,age_10yrbands_y55_64,eco_aggregate_man,2024,42.401
bol,sex_m,age_10yrbands_y55_64,eco_aggregate_mel,1989,1.9
bol,sex_m,age_10yrbands_y55_64,eco_aggregate_mel,1990,0.934
bol,sex_m,age_10yrbands_y55_64,eco_aggregate_mel,1991,1.604
bol,sex_m,age_10yrbands_y55_64,eco_aggregate_mel,1992,1.751
bol,sex_m,age_10yrbands_y55_64,eco_aggregate_mel,1993,0.931
bol,sex_m,age_10yrbands_y55_64,eco_aggregate_mel,1994,0.764
bol,sex_m,age_10yrbands_y55_64,eco_aggregate_mel,1995,1.021
bol,sex_m,age_10yrbands_y55_64,eco_aggregate_mel,1999,6.321
bol,sex_m,age_10yrbands_y55_64,eco_aggregate_mel,2000,3.63
bol,sex_m,age_10yrbands_y55_64,eco_aggregate_mel,2001,5.426
bol,sex_m,age_10yrbands_y55_64,eco_aggregate_mel,2002,3.019
bol,sex_m,age_10yrbands_y55_64,eco_aggregate_mel,2005,3.028
bol,sex_m,age_10yrbands_y55_64,eco_aggregate_mel,2006,3.62
bol,sex_m,age_10yrbands_y55_64,eco_aggregate_mel,2007,5.191
bol,sex_m,age_10yrbands_y55_64,eco_aggregate_mel,2008,6.431
bol,sex_m,age_10yrbands_y55_64,eco_aggregate_mel,2009,6.457
bol,sex_m,age_10yrbands_y55_64,eco_aggregate_mel,2011,10.081
bol,sex_m,age_10yrbands_y55_64,eco_aggregate_mel,2012,10.142
bol,sex_m,age_10yrbands_y55_64,eco_aggregate_mel,2013,10.726
bol,sex_m,age_10yrbands_y55_64,eco_aggregate_mel,2014,7.079
bol,sex_m,age_10yrbands_y55_64,eco_aggregate_mel,2015,11.674
bol,sex_m,age_10yrbands_y55_64,eco_aggregate_mel,2016,8.541
bol,sex_m,age_10yrbands_y55_64,eco_aggregate_mel,2017,6.303
bol,sex_m,age_10yrbands_y55_64,eco_aggregate_mel,2018,9.824
bol,sex_m,age_10yrbands_y55_64,eco_aggregate_mel,2019,7.093
bol,sex_m,age_10yrbands_y55_64,eco_aggregate_mel,2020,6.047
bol,sex_m,age_10yrbands_y55_64,eco_aggregate_mel,2021,9.064
bol,sex_m,age_10yrbands_y55_64,eco_aggregate_mel,2022,8.968
bol,sex_m,age_10yrbands_y55_64,eco_aggregate_mel,2023,6.842
bol,sex_m,age_10yrbands_y55_64,eco_aggregate_mel,2024,9.48
bol,sex_m,age_10yrbands_y55_64,eco_aggregate_mkt,1989,12.766
bol,sex_m,age_10yrbands_y55_64,eco_aggregate_mkt,1990,11.349
bol,sex_m,age_10yrbands_y55_64,eco_aggregate_mkt,1991,12.026
bol,sex_m,age_10yrbands_y55_64,eco_aggregate_mkt,1992,10.568
bol,sex_m,age_10yrbands_y55_64,eco_aggregate_mkt,1993,13.884
bol,sex_m,age_10yrbands_y55_64,eco_aggregate_mkt,1994,14.632
bol,sex_m,age_10yrbands_y55_64,eco_aggregate_mkt,1995,14.767
bol,sex_m,age_10yrbands_y55_64,eco_aggregate_mkt,1999,130.995
bol,sex_m,age_10yrbands_y55_64,eco_aggregate_mkt,2000,26.68
bol,sex_m,age_10yrbands_y55_64,eco_aggregate_mkt,2001,27.549
bol,sex_m,age_10yrbands_y55_64,eco_aggregate_mkt,2002,30.029
bol,sex_m,age_10yrbands_y55_64,eco_aggregate_mkt,2005,50.491
bol,sex_m,age_10yrbands_y55_64,eco_aggregate_mkt,2006,42.966
bol,sex_m,age_10yrbands_y55_64,eco_aggregate_mkt,2007,40.836
bol,sex_m,age_10yrbands_y55_64,eco_aggregate_mkt,2008,70.23
bol,sex_m,age_10yrbands_y55_64,eco_aggregate_mkt,2009,59.484
bol,sex_m,age_10yrbands_y55_64,eco_aggregate_mkt,2011,71.932
bol,sex_m,age_10yrbands_y55_64,eco_aggregate_mkt,2012,85.075
bol,sex_m,age_10yrbands_y55_64,eco_aggregate_mkt,2013,81.158
bol,sex_m,age_10yrbands_y55_64,eco_aggregate_mkt,2014,77.642
bol,sex_m,age_10yrbands_y55_64,eco_aggregate_mkt,2015,89.222
bol,sex_m,age_10yrbands_y55_64,eco_aggregate_mkt,2016,87.698
bol,sex_m,age_10yrbands_y55_64,eco_aggregate_mkt,2017,89.853
bol,sex_m,age_10yrbands_y55_64,eco_aggregate_mkt,2018,95.259
bol,sex_m,age_10yrbands_y55_64,eco_aggregate_mkt,2019,109.825
bol,sex_m,age_10yrbands_y55_64,eco_aggregate_mkt,2020,110.978
bol,sex_m,age_10yrbands_y55_64,eco_aggregate_mkt,2021,105.636
bol,sex_m,age_10yrbands_y55_64,eco_aggregate_mkt,2022,111.943
bol,sex_m,age_10yrbands_y55_64,eco_aggregate_mkt,2023,117.972
bol,sex_m,age_10yrbands_y55_64,eco_aggregate_mkt,2024,129.186
bol,sex_m,age_10yrbands_y55_64,eco_aggregate_pub,1989,11.896
bol,sex_m,age_10yrbands_y55_64,eco_aggregate_pub,1990,12.27
bol,sex_m,age_10yrbands_y55_64,eco_aggregate_pub,1991,9.701
bol,sex_m,age_10yrbands_y55_64,eco_aggregate_pub,1992,6.68
bol,sex_m,age_10yrbands_y55_64,eco_aggregate_pub,1993,7.456
bol,sex_m,age_10yrbands_y55_64,eco_aggregate_pub,1994,7.419
bol,sex_m,age_10yrbands_y55_64,eco_aggregate_pub,1995,7.699
bol,sex_m,age_10yrbands_y55_64,eco_aggregate_pub,1999,11.923
bol,sex_m,age_10yrbands_y55_64,eco_aggregate_pub,2000,18.949
bol,sex_m,age_10yrbands_y55_64,eco_aggregate_pub,2001,15.285
bol,sex_m,age_10yrbands_y55_64,eco_aggregate_pub,2002,19.785
bol,sex_m,age_10yrbands_y55_64,eco_aggregate_pub,2005,28.827
bol,sex_m,age_10yrbands_y55_64,eco_aggregate_pub,2006,30.491
bol,sex_m,age_10yrbands_y55_64,eco_aggregate_pub,2007,25.591
bol,sex_m,age_10yrbands_y55_64,eco_aggregate_pub,2008,27.572
bol,sex_m,age_10yrbands_y55_64,eco_aggregate_pub,2009,38.992
bol,sex_m,age_10yrbands_y55_64,eco_aggregate_pub,2011,44.515
bol,sex_m,age_10yrbands_y55_64,eco_aggregate_pub,2012,45.25
bol,sex_m,age_10yrbands_y55_64,eco_aggregate_pub,2013,45.284
bol,sex_m,age_10yrbands_y55_64,eco_aggregate_pub,2014,45.182
bol,sex_m,age_10yrbands_y55_64,eco_aggregate_pub,2015,48.178
bol,sex_m,age_10yrbands_y55_64,eco_aggregate_pub,2016,44.831
bol,sex_m,age_10yrbands_y55_64,eco_aggregate_pub,2017,44.193
bol,sex_m,age_10yrbands_y55_64,eco_aggregate_pub,2018,41.711
bol,sex_m,age_10yrbands_y55_64,eco_aggregate_pub,2019,46.693
bol,sex_m,age_10yrbands_y55_64,eco_aggregate_pub,2020,43.312
bol,sex_m,age_10yrbands_y55_64,eco_aggregate_pub,2021,42.896
bol,sex_m,age_10yrbands_y55_64,eco_aggregate_pub,2022,47.394
bol,sex_m,age_10yrbands_y55_64,eco_aggregate_pub,2023,49.56
bol,sex_m,age_10yrbands_y55_64,eco_aggregate_pub,2024,48.099
bol,sex_m,age_10yrbands_y55_64,eco_aggregate_total,1989,33.02
bol,sex_m,age_10yrbands_y55_64,eco_aggregate_total,1990,30.005
bol,sex_m,age_10yrbands_y55_64,eco_aggregate_total,1991,35.121
bol,sex_m,age_10yrbands_y55_64,eco_aggregate_total,1992,30.602
bol,sex_m,age_10yrbands_y55_64,eco_aggregate_total,1993,34.038
bol,sex_m,age_10yrbands_y55_64,eco_aggregate_total,1994,34.201
bol,sex_m,age_10yrbands_y55_64,eco_aggregate_total,1995,36.947
bol,sex_m,age_10yrbands_y55_64,eco_aggregate_total,1999,178.336
bol,sex_m,age_10yrbands_y55_64,eco_aggregate_total,2000,162.388
bol,sex_m,age_10yrbands_y55_64,eco_aggregate_total,2001,166.208
bol,sex_m,age_10yrbands_y55_64,eco_aggregate_total,2002,170.498
bol,sex_m,age_10yrbands_y55_64,eco_aggregate_total,2005,205.345
bol,sex_m,age_10yrbands_y55_64,eco_aggregate_total,2006,222.162
bol,sex_m,age_10yrbands_y55_64,eco_aggregate_total,2007,203.333
bol,sex_m,age_10yrbands_y55_64,eco_aggregate_total,2008,281.688
bol,sex_m,age_10yrbands_y55_64,eco_aggregate_total,2009,284.709
bol,sex_m,age_10yrbands_y55_64,eco_aggregate_total,2011,291.863
bol,sex_m,age_10yrbands_y55_64,eco_aggregate_total,2012,296.214
bol,sex_m,age_10yrbands_y55_64,eco_aggregate_total,2013,324.872
bol,sex_m,age_10yrbands_y55_64,eco_aggregate_total,2014,316.1
bol,sex_m,age_10yrbands_y55_64,eco_aggregate_total,2015,348.912
bol,sex_m,age_10yrbands_y55_64,eco_aggregate_total,2016,332.432
bol,sex_m,age_10yrbands_y55_64,eco_aggregate_total,2017,346.507
bol,sex_m,age_10yrbands_y55_64,eco_aggregate_total,2018,361.746
bol,sex_m,age_10yrbands_y55_64,eco_aggregate_total,2019,373.945
bol,sex_m,age_10yrbands_y55_64,eco_aggregate_total,2020,378.039
bol,sex_m,age_10yrbands_y55_64,eco_aggregate_total,2021,369.003
bol,sex_m,age_10yrbands_y55_64,eco_aggregate_total,2022,382.484
bol,sex_m,age_10yrbands_y55_64,eco_aggregate_total,2023,394.903
bol,sex_m,age_10yrbands_y55_64,eco_aggregate_total,2024,415.483
bol,sex_m,age_10yrbands_y55_64,eco_aggregate_x,1989,1.003
bol,sex_m,age_10yrbands_y55_64,eco_aggregate_x,1990,0.464
bol,sex_m,age_10yrbands_y55_64,eco_aggregate_x,1999,11.878
bol,sex_m,age_10yrbands_y55_64,eco_sector_agr,1991,1.726
bol,sex_m,age_10yrbands_y55_64,eco_sector_agr,1992,1.474
bol,sex_m,age_10yrbands_y55_64,eco_sector_agr,1993,2.007
bol,sex_m,age_10yrbands_y55_64,eco_sector_agr,1994,2.069
bol,sex_m,age_10yrbands_y55_64,eco_sector_agr,1995,3.125
bol,sex_m,age_10yrbands_y55_64,eco_sector_agr,2000,83.783
bol,sex_m,age_10yrbands_y55_64,eco_sector_agr,2001,94.02
bol,sex_m,age_10yrbands_y55_64,eco_sector_agr,2002,87.901
bol,sex_m,age_10yrbands_y55_64,eco_sector_agr,2005,85.849
bol,sex_m,age_10yrbands_y55_64,eco_sector_agr,2006,107.769
bol,sex_m,age_10yrbands_y55_64,eco_sector_agr,2007,87.36
bol,sex_m,age_10yrbands_y55_64,eco_sector_agr,2008,127.633
bol,sex_m,age_10yrbands_y55_64,eco_sector_agr,2009,123.497
bol,sex_m,age_10yrbands_y55_64,eco_sector_agr,2011,117.502
bol,sex_m,age_10yrbands_y55_64,eco_sector_agr,2012,108.52
bol,sex_m,age_10yrbands_y55_64,eco_sector_agr,2013,134.986
bol,sex_m,age_10yrbands_y55_64,eco_sector_agr,2014,128.907
bol,sex_m,age_10yrbands_y55_64,eco_sector_agr,2015,143.218
bol,sex_m,age_10yrbands_y55_64,eco_sector_agr,2016,132.655
bol,sex_m,age_10yrbands_y55_64,eco_sector_agr,2017,141.858
bol,sex_m,age_10yrbands_y55_64,eco_sector_agr,2018,152.918
bol,sex_m,age_10yrbands_y55_64,eco_sector_agr,2019,138.521
bol,sex_m,age_10yrbands_y55_64,eco_sector_agr,2020,154.402
bol,sex_m,age_10yrbands_y55_64,eco_sector_agr,2021,139.177
bol,sex_m,age_10yrbands_y55_64,eco_sector_agr,2022,136.312
bol,sex_m,age_10yrbands_y55_64,eco_sector_agr,2023,145.008
bol,sex_m,age_10yrbands_y55_64,eco_sector_agr,2024,144.363
bol,sex_m,age_10yrbands_y55_64,eco_sector_ind,1989,7.356
bol,sex_m,age_10yrbands_y55_64,eco_sector_ind,1990,5.922
bol,sex_m,age_10yrbands_y55_64,eco_sector_ind,1991,11.668
bol,sex_m,age_10yrbands_y55_64,eco_sector_ind,1992,11.88
bol,sex_m,age_10yrbands_y55_64,eco_sector_ind,1993,10.691
bol,sex_m,age_10yrbands_y55_64,eco_sector_ind,1994,10.081
bol,sex_m,age_10yrbands_y55_64,eco_sector_ind,1995,11.214
bol,sex_m,age_10yrbands_y55_64,eco_sector_ind,1999,23.54
bol,sex_m,age_10yrbands_y55_64,eco_sector_ind,2000,32.346
bol,sex_m,age_10yrbands_y55_64,eco_sector_ind,2001,29.163
bol,sex_m,age_10yrbands_y55_64,eco_sector_ind,2002,32.783
bol,sex_m,age_10yrbands_y55_64,eco_sector_ind,2005,40.178
bol,sex_m,age_10yrbands_y55_64,eco_sector_ind,2006,40.936
bol,sex_m,age_10yrbands_y55_64,eco_sector_ind,2007,49.546
bol,sex_m,age_10yrbands_y55_64,eco_sector_ind,2008,56.253
bol,sex_m,age_10yrbands_y55_64,eco_sector_ind,2009,62.736
bol,sex_m,age_10yrbands_y55_64,eco_sector_ind,2011,57.914
bol,sex_m,age_10yrbands_y55_64,eco_sector_ind,2012,57.369
bol,sex_m,age_10yrbands_y55_64,eco_sector_ind,2013,63.444
bol,sex_m,age_10yrbands_y55_64,eco_sector_ind,2014,64.369
bol,sex_m,age_10yrbands_y55_64,eco_sector_ind,2015,68.063
bol,sex_m,age_10yrbands_y55_64,eco_sector_ind,2016,67.248
bol,sex_m,age_10yrbands_y55_64,eco_sector_ind,2017,70.604
bol,sex_m,age_10yrbands_y55_64,eco_sector_ind,2018,71.857
bol,sex_m,age_10yrbands_y55_64,eco_sector_ind,2019,78.906
bol,sex_m,age_10yrbands_y55_64,eco_sector_ind,2020,69.347
bol,sex_m,age_10yrbands_y55_64,eco_sector_ind,2021,81.295
bol,sex_m,age_10yrbands_y55_64,eco_sector_ind,2022,86.834
bol,sex_m,age_10yrbands_y55_64,eco_sector_ind,2023,82.363
bol,sex_m,age_10yrbands_y55_64,eco_sector_ind,2024,93.835
bol,sex_m,age_10yrbands_y55_64,eco_sector_nag,1989,33.02
bol,sex_m,age_10yrbands_y55_64,eco_sector_nag,1990,30.005
bol,sex_m,age_10yrbands_y55_64,eco_sector_nag,1991,33.395
bol,sex_m,age_10yrbands_y55_64,eco_sector_nag,1992,29.128
bol,sex_m,age_10yrbands_y55_64,eco_sector_nag,1993,32.031
bol,sex_m,age_10yrbands_y55_64,eco_sector_nag,1994,32.132
bol,sex_m,age_10yrbands_y55_64,eco_sector_nag,1995,33.822
bol,sex_m,age_10yrbands_y55_64,eco_sector_nag,1999,178.336
bol,sex_m,age_10yrbands_y55_64,eco_sector_nag,2000,78.605
bol,sex_m,age_10yrbands_y55_64,eco_sector_nag,2001,72.188
bol,sex_m,age_10yrbands_y55_64,eco_sector_nag,2002,82.597
bol,sex_m,age_10yrbands_y55_64,eco_sector_nag,2005,119.496
bol,sex_m,age_10yrbands_y55_64,eco_sector_nag,2006,114.393
bol,sex_m,age_10yrbands_y55_64,eco_sector_nag,2007,115.973
bol,sex_m,age_10yrbands_y55_64,eco_sector_nag,2008,154.055
bol,sex_m,age_10yrbands_y55_64,eco_sector_nag,2009,161.212
bol,sex_m,age_10yrbands_y55_64,eco_sector_nag,2011,174.361
bol,sex_m,age_10yrbands_y55_64,eco_sector_nag,2012,187.694
bol,sex_m,age_10yrbands_y55_64,eco_sector_nag,2013,189.886
bol,sex_m,age_10yrbands_y55_64,eco_sector_nag,2014,187.193
bol,sex_m,age_10yrbands_y55_64,eco_sector_nag,2015,205.694
bol,sex_m,age_10yrbands_y55_64,eco_sector_nag,2016,199.776
bol,sex_m,age_10yrbands_y55_64,eco_sector_nag,2017,204.649
bol,sex_m,age_10yrbands_y55_64,eco_sector_nag,2018,208.828
bol,sex_m,age_10yrbands_y55_64,eco_sector_nag,2019,235.424
bol,sex_m,age_10yrbands_y55_64,eco_sector_nag,2020,223.637
bol,sex_m,age_10yrbands_y55_64,eco_sector_nag,2021,229.826
bol,sex_m,age_10yrbands_y55_64,eco_sector_nag,2022,246.171
bol,sex_m,age_10yrbands_y55_64,eco_sector_nag,2023,249.894
bol,sex_m,age_10yrbands_y55_64,eco_sector_nag,2024,271.121
bol,sex_m,age_10yrbands_y55_64,eco_sector_ser,1989,24.662
bol,sex_m,age_10yrbands_y55_64,eco_sector_ser,1990,23.619
bol,sex_m,age_10yrbands_y55_64,eco_sector_ser,1991,21.727
bol,sex_m,age_10yrbands_y55_64,eco_sector_ser,1992,17.248
bol,sex_m,age_10yrbands_y55_64,eco_sector_ser,1993,21.34
bol,sex_m,age_10yrbands_y55_64,eco_sector_ser,1994,22.051
bol,sex_m,age_10yrbands_y55_64,eco_sector_ser,1995,22.466
bol,sex_m,age_10yrbands_y55_64,eco_sector_ser,1999,142.918
bol,sex_m,age_10yrbands_y55_64,eco_sector_ser,2000,45.629
bol,sex_m,age_10yrbands_y55_64,eco_sector_ser,2001,42.834
bol,sex_m,age_10yrbands_y55_64,eco_sector_ser,2002,49.814
bol,sex_m,age_10yrbands_y55_64,eco_sector_ser,2005,79.318
bol,sex_m,age_10yrbands_y55_64,eco_sector_ser,2006,73.457
bol,sex_m,age_10yrbands_y55_64,eco_sector_ser,2007,66.427
bol,sex_m,age_10yrbands_y55_64,eco_sector_ser,2008,97.802
bol,sex_m,age_10yrbands_y55_64,eco_sector_ser,2009,98.476
bol,sex_m,age_10yrbands_y55_64,eco_sector_ser,2011,116.447
bol,sex_m,age_10yrbands_y55_64,eco_sector_ser,2012,130.325
bol,sex_m,age_10yrbands_y55_64,eco_sector_ser,2013,126.442
bol,sex_m,age_10yrbands_y55_64,eco_sector_ser,2014,122.824
bol,sex_m,age_10yrbands_y55_64,eco_sector_ser,2015,137.4
bol,sex_m,age_10yrbands_y55_64,eco_sector_ser,2016,132.529
bol,sex_m,age_10yrbands_y55_64,eco_sector_ser,2017,134.045
bol,sex_m,age_10yrbands_y55_64,eco_sector_ser,2018,136.97
bol,sex_m,age_10yrbands_y55_64,eco_sector_ser,2019,156.518
bol,sex_m,age_10yrbands_y55_64,eco_sector_ser,2020,154.29
bol,sex_m,age_10yrbands_y55_64,eco_sector_ser,2021,148.531
bol,sex_m,age_10yrbands_y55_64,eco_sector_ser,2022,159.337
bol,sex_m,age_10yrbands_y55_64,eco_sector_ser,2023,167.532
bol,sex_m,age_10yrbands_y55_64,eco_sector_ser,2024,177.285
bol,sex_m,age_10yrbands_y55_64,eco_sector_total,1989,33.02
bol,sex_m,age_10yrbands_y55_64,eco_sector_total,1990,30.005
bol,sex_m,age_10yrbands_y55_64,eco_sector_total,1991,35.121
bol,sex_m,age_10yrbands_y55_64,eco_sector_total,1992,30.602
bol,sex_m,age_10yrbands_y55_64,eco_sector_total,1993,34.038
bol,sex_m,age_10yrbands_y55_64,eco_sector_total,1994,34.201
bol,sex_m,age_10yrbands_y55_64,eco_sector_total,1995,36.947
bol,sex_m,age_10yrbands_y55_64,eco_sector_total,1999,178.336
bol,sex_m,age_10yrbands_y55_64,eco_sector_total,2000,162.388
bol,sex_m,age_10yrbands_y55_64,eco_sector_total,2001,166.208
bol,sex_m,age_10yrbands_y55_64,eco_sector_total,2002,170.498
bol,sex_m,age_10yrbands_y55_64,eco_sector_total,2005,205.345
bol,sex_m,age_10yrbands_y55_64,eco_sector_total,2006,222.162
bol,sex_m,age_10yrbands_y55_64,eco_sector_total,2007,203.333
bol,sex_m,age_10yrbands_y55_64,eco_sector_total,2008,281.688
bol,sex_m,age_10yrbands_y55_64,eco_sector_total,2009,284.709
bol,sex_m,age_10yrbands_y55_64,eco_sector_total,2011,291.863
bol,sex_m,age_10yrbands_y55_64,eco_sector_total,2012,296.214
bol,sex_m,age_10yrbands_y55_64,eco_sector_total,2013,324.872
bol,sex_m,age_10yrbands_y55_64,eco_sector_total,2014,316.1
bol,sex_m,age_10yrbands_y55_64,eco_sector_total,2015,348.912
bol,sex_m,age_10yrbands_y55_64,eco_sector_total,2016,332.432
bol,sex_m,age_10yrbands_y55_64,eco_sector_total,2017,346.507
bol,sex_m,age_10yrbands_y55_64,eco_sector_total,2018,361.746
bol,sex_m,age_10yrbands_y55_64,eco_sector_total,2019,373.945
bol,sex_m,age_10yrbands_y55_64,eco_sector_total,2020,378.039
bol,sex_m,age_10yrbands_y55_64,eco_sector_total,2021,369.003
bol,sex_m,age_10yrbands_y55_64,eco_sector_total,2022,382.484
bol,sex_m,age_10yrbands_y55_64,eco_sector_total,2023,394.903
bol,sex_m,age_10yrbands_y55_64,eco_sector_total,2024,415.483
bol,sex_m,age_10yrbands_y55_64,eco_sector_x,1989,1.003
bol,sex_m,age_10yrbands_y55_64,eco_sector_x,1990,0.464
bol,sex_m,age_10yrbands_y55_64,eco_sector_x,1999,11.878
bol,sex_m,age_10yrbands_yge65,eco_aggregate_agr,1991,1.095
bol,sex_m,age_10yrbands_yge65,eco_aggregate_agr,1992,1.059
bol,sex_m,age_10yrbands_yge65,eco_aggregate_agr,1993,1.115
bol,sex_m,age_10yrbands_yge65,eco_aggregate_agr,1994,1.303
bol,sex_m,age_10yrbands_yge65,eco_aggregate_agr,1995,1.694
bol,sex_m,age_10yrbands_yge65,eco_aggregate_agr,2000,76.012
bol,sex_m,age_10yrbands_yge65,eco_aggregate_agr,2001,85.891
bol,sex_m,age_10yrbands_yge65,eco_aggregate_agr,2002,87.57
bol,sex_m,age_10yrbands_yge65,eco_aggregate_agr,2005,113.084
bol,sex_m,age_10yrbands_yge65,eco_aggregate_agr,2006,105.782
bol,sex_m,age_10yrbands_yge65,eco_aggregate_agr,2007,109.254
bol,sex_m,age_10yrbands_yge65,eco_aggregate_agr,2008,113.302
bol,sex_m,age_10yrbands_yge65,eco_aggregate_agr,2009,119.648
bol,sex_m,age_10yrbands_yge65,eco_aggregate_agr,2011,102.686
bol,sex_m,age_10yrbands_yge65,eco_aggregate_agr,2012,120.044
bol,sex_m,age_10yrbands_yge65,eco_aggregate_agr,2013,163.25
bol,sex_m,age_10yrbands_yge65,eco_aggregate_agr,2014,139.347
bol,sex_m,age_10yrbands_yge65,eco_aggregate_agr,2015,136.272
bol,sex_m,age_10yrbands_yge65,eco_aggregate_agr,2016,125.649
bol,sex_m,age_10yrbands_yge65,eco_aggregate_agr,2017,148.352
bol,sex_m,age_10yrbands_yge65,eco_aggregate_agr,2018,163.927
bol,sex_m,age_10yrbands_yge65,eco_aggregate_agr,2019,145.689
bol,sex_m,age_10yrbands_yge65,eco_aggregate_agr,2020,193.536
bol,sex_m,age_10yrbands_yge65,eco_aggregate_agr,2021,168.06
bol,sex_m,age_10yrbands_yge65,eco_aggregate_agr,2022,154.138
bol,sex_m,age_10yrbands_yge65,eco_aggregate_agr,2023,161.079
bol,sex_m,age_10yrbands_yge65,eco_aggregate_agr,2024,170.057
bol,sex_m,age_10yrbands_yge65,eco_aggregate_con,1991,1.94
bol,sex_m,age_10yrbands_yge65,eco_aggregate_con,1992,2.834
bol,sex_m,age_10yrbands_yge65,eco_aggregate_con,1993,1.153
bol,sex_m,age_10yrbands_yge65,eco_aggregate_con,1994,1.699
bol,sex_m,age_10yrbands_yge65,eco_aggregate_con,1995,3.456
bol,sex_m,age_10yrbands_yge65,eco_aggregate_con,2000,7.801
bol,sex_m,age_10yrbands_yge65,eco_aggregate_con,2001,5.824
bol,sex_m,age_10yrbands_yge65,eco_aggregate_con,2002,4.091
bol,sex_m,age_10yrbands_yge65,eco_aggregate_con,2005,6.725
bol,sex_m,age_10yrbands_yge65,eco_aggregate_con,2006,3.239
bol,sex_m,age_10yrbands_yge65,eco_aggregate_con,2007,6.52
bol,sex_m,age_10yrbands_yge65,eco_aggregate_con,2008,5.808
bol,sex_m,age_10yrbands_yge65,eco_aggregate_con,2009,10.237
bol,sex_m,age_10yrbands_yge65,eco_aggregate_con,2011,9.709
bol,sex_m,age_10yrbands_yge65,eco_aggregate_con,2012,9.564
bol,sex_m,age_10yrbands_yge65,eco_aggregate_con,2013,8.669
bol,sex_m,age_10yrbands_yge65,eco_aggregate_con,2014,11.978
bol,sex_m,age_10yrbands_yge65,eco_aggregate_con,2015,9.131
bol,sex_m,age_10yrbands_yge65,eco_aggregate_con,2016,9.69
bol,sex_m,age_10yrbands_yge65,eco_aggregate_con,2017,8.444
bol,sex_m,age_10yrbands_yge65,eco_aggregate_con,2018,9.531
bol,sex_m,age_10yrbands_yge65,eco_aggregate_con,2019,11.578
bol,sex_m,age_10yrbands_yge65,eco_aggregate_con,2020,10.308
bol,sex_m,age_10yrbands_yge65,eco_aggregate_con,2021,9.957
bol,sex_m,age_10yrbands_yge65,eco_aggregate_con,2022,13.014
bol,sex_m,age_10yrbands_yge65,eco_aggregate_con,2023,13.031
bol,sex_m,age_10yrbands_yge65,eco_aggregate_con,2024,17.128
bol,sex_m,age_10yrbands_yge65,eco_aggregate_man,1989,2.553
bol,sex_m,age_10yrbands_yge65,eco_aggregate_man,1990,2.007
bol,sex_m,age_10yrbands_yge65,eco_aggregate_man,1991,2.041
bol,sex_m,age_10yrbands_yge65,eco_aggregate_man,1992,2.837
bol,sex_m,age_10yrbands_yge65,eco_aggregate_man,1993,3.59
bol,sex_m,age_10yrbands_yge65,eco_aggregate_man,1994,2.719
bol,sex_m,age_10yrbands_yge65,eco_aggregate_man,1995,3.527
bol,sex_m,age_10yrbands_yge65,eco_aggregate_man,1999,6.624
bol,sex_m,age_10yrbands_yge65,eco_aggregate_man,2000,5.684
bol,sex_m,age_10yrbands_yge65,eco_aggregate_man,2001,6.207
bol,sex_m,age_10yrbands_yge65,eco_aggregate_man,2002,4.541
bol,sex_m,age_10yrbands_yge65,eco_aggregate_man,2005,12.266
bol,sex_m,age_10yrbands_yge65,eco_aggregate_man,2006,10.837
bol,sex_m,age_10yrbands_yge65,eco_aggregate_man,2007,13.317
bol,sex_m,age_10yrbands_yge65,eco_aggregate_man,2008,15.79
bol,sex_m,age_10yrbands_yge65,eco_aggregate_man,2009,10.064
bol,sex_m,age_10yrbands_yge65,eco_aggregate_man,2011,10.439
bol,sex_m,age_10yrbands_yge65,eco_aggregate_man,2012,8.087
bol,sex_m,age_10yrbands_yge65,eco_aggregate_man,2013,10.415
bol,sex_m,age_10yrbands_yge65,eco_aggregate_man,2014,12.224
bol,sex_m,age_10yrbands_yge65,eco_aggregate_man,2015,7.325
bol,sex_m,age_10yrbands_yge65,eco_aggregate_man,2016,11.376
bol,sex_m,age_10yrbands_yge65,eco_aggregate_man,2017,11.528
bol,sex_m,age_10yrbands_yge65,eco_aggregate_man,2018,13.949
bol,sex_m,age_10yrbands_yge65,eco_aggregate_man,2019,17.029
bol,sex_m,age_10yrbands_yge65,eco_aggregate_man,2020,11.241
bol,sex_m,age_10yrbands_yge65,eco_aggregate_man,2021,14.374
bol,sex_m,age_10yrbands_yge65,eco_aggregate_man,2022,18.246
bol,sex_m,age_10yrbands_yge65,eco_aggregate_man,2023,22.053
bol,sex_m,age_10yrbands_yge65,eco_aggregate_man,2024,26.156
bol,sex_m,age_10yrbands_yge65,eco_aggregate_mel,1989,0.961
bol,sex_m,age_10yrbands_yge65,eco_aggregate_mel,1990,1.006
bol,sex_m,age_10yrbands_yge65,eco_aggregate_mel,2001,2.068
bol,sex_m,age_10yrbands_yge65,eco_aggregate_mel,2011,3.694
bol,sex_m,age_10yrbands_yge65,eco_aggregate_mel,2013,2.739
bol,sex_m,age_10yrbands_yge65,eco_aggregate_mel,2014,1.627
bol,sex_m,age_10yrbands_yge65,eco_aggregate_mel,2015,1.987
bol,sex_m,age_10yrbands_yge65,eco_aggregate_mel,2016,1.954
bol,sex_m,age_10yrbands_yge65,eco_aggregate_mel,2017,2.037
bol,sex_m,age_10yrbands_yge65,eco_aggregate_mel,2018,2.344
bol,sex_m,age_10yrbands_yge65,eco_aggregate_mel,2019,2.632
bol,sex_m,age_10yrbands_yge65,eco_aggregate_mel,2021,1.944
bol,sex_m,age_10yrbands_yge65,eco_aggregate_mel,2022,1.091
bol,sex_m,age_10yrbands_yge65,eco_aggregate_mel,2023,2.721
bol,sex_m,age_10yrbands_yge65,eco_aggregate_mel,2024,3.266
bol,sex_m,age_10yrbands_yge65,eco_aggregate_mkt,1989,5.672
bol,sex_m,age_10yrbands_yge65,eco_aggregate_mkt,1990,5.853
bol,sex_m,age_10yrbands_yge65,eco_aggregate_mkt,1991,5.769
bol,sex_m,age_10yrbands_yge65,eco_aggregate_mkt,1992,5.702
bol,sex_m,age_10yrbands_yge65,eco_aggregate_mkt,1993,7.737
bol,sex_m,age_10yrbands_yge65,eco_aggregate_mkt,1994,6.321
bol,sex_m,age_10yrbands_yge65,eco_aggregate_mkt,1995,7.295
bol,sex_m,age_10yrbands_yge65,eco_aggregate_mkt,1999,115.452
bol,sex_m,age_10yrbands_yge65,eco_aggregate_mkt,2000,19.484
bol,sex_m,age_10yrbands_yge65,eco_aggregate_mkt,2001,11.298
bol,sex_m,age_10yrbands_yge65,eco_aggregate_mkt,2002,14.415
bol,sex_m,age_10yrbands_yge65,eco_aggregate_mkt,2005,23.291
bol,sex_m,age_10yrbands_yge65,eco_aggregate_mkt,2006,21.323
bol,sex_m,age_10yrbands_yge65,eco_aggregate_mkt,2007,24.973
bol,sex_m,age_10yrbands_yge65,eco_aggregate_mkt,2008,27.646
bol,sex_m,age_10yrbands_yge65,eco_aggregate_mkt,2009,28.822
bol,sex_m,age_10yrbands_yge65,eco_aggregate_mkt,2011,36.245
bol,sex_m,age_10yrbands_yge65,eco_aggregate_mkt,2012,34.979
bol,sex_m,age_10yrbands_yge65,eco_aggregate_mkt,2013,38.514
bol,sex_m,age_10yrbands_yge65,eco_aggregate_mkt,2014,36.329
bol,sex_m,age_10yrbands_yge65,eco_aggregate_mkt,2015,39.334
bol,sex_m,age_10yrbands_yge65,eco_aggregate_mkt,2016,40.789
bol,sex_m,age_10yrbands_yge65,eco_aggregate_mkt,2017,45.981
bol,sex_m,age_10yrbands_yge65,eco_aggregate_mkt,2018,49.925
bol,sex_m,age_10yrbands_yge65,eco_aggregate_mkt,2019,53.15
bol,sex_m,age_10yrbands_yge65,eco_aggregate_mkt,2020,50.187
bol,sex_m,age_10yrbands_yge65,eco_aggregate_mkt,2021,60.152
bol,sex_m,age_10yrbands_yge65,eco_aggregate_mkt,2022,70.723
bol,sex_m,age_10yrbands_yge65,eco_aggregate_mkt,2023,80.746
bol,sex_m,age_10yrbands_yge65,eco_aggregate_mkt,2024,82.407
bol,sex_m,age_10yrbands_yge65,eco_aggregate_pub,1989,4.334
bol,sex_m,age_10yrbands_yge65,eco_aggregate_pub,1990,5.709
bol,sex_m,age_10yrbands_yge65,eco_aggregate_pub,1991,1.702
bol,sex_m,age_10yrbands_yge65,eco_aggregate_pub,1992,1.671
bol,sex_m,age_10yrbands_yge65,eco_aggregate_pub,1993,2.392
bol,sex_m,age_10yrbands_yge65,eco_aggregate_pub,1994,2.914
bol,sex_m,age_10yrbands_yge65,eco_aggregate_pub,1995,3.087
bol,sex_m,age_10yrbands_yge65,eco_aggregate_pub,1999,3.317
bol,sex_m,age_10yrbands_yge65,eco_aggregate_pub,2000,5.185
bol,sex_m,age_10yrbands_yge65,eco_aggregate_pub,2001,6.51
bol,sex_m,age_10yrbands_yge65,eco_aggregate_pub,2002,4.685
bol,sex_m,age_10yrbands_yge65,eco_aggregate_pub,2005,6.806
bol,sex_m,age_10yrbands_yge65,eco_aggregate_pub,2006,5.988
bol,sex_m,age_10yrbands_yge65,eco_aggregate_pub,2007,12.707
bol,sex_m,age_10yrbands_yge65,eco_aggregate_pub,2008,7.032
bol,sex_m,age_10yrbands_yge65,eco_aggregate_pub,2009,7.934
bol,sex_m,age_10yrbands_yge65,eco_aggregate_pub,2011,11.18
bol,sex_m,age_10yrbands_yge65,eco_aggregate_pub,2012,12.664
bol,sex_m,age_10yrbands_yge65,eco_aggregate_pub,2013,16.352
bol,sex_m,age_10yrbands_yge65,eco_aggregate_pub,2014,13.263
bol,sex_m,age_10yrbands_yge65,eco_aggregate_pub,2015,14.2
bol,sex_m,age_10yrbands_yge65,eco_aggregate_pub,2016,15.626
bol,sex_m,age_10yrbands_yge65,eco_aggregate_pub,2017,16.403
bol,sex_m,age_10yrbands_yge65,eco_aggregate_pub,2018,20.39
bol,sex_m,age_10yrbands_yge65,eco_aggregate_pub,2019,21.911
bol,sex_m,age_10yrbands_yge65,eco_aggregate_pub,2020,23.903
bol,sex_m,age_10yrbands_yge65,eco_aggregate_pub,2021,20.576
bol,sex_m,age_10yrbands_yge65,eco_aggregate_pub,2022,19.364
bol,sex_m,age_10yrbands_yge65,eco_aggregate_pub,2023,23.656
bol,sex_m,age_10yrbands_yge65,eco_aggregate_pub,2024,25.859
bol,sex_m,age_10yrbands_yge65,eco_aggregate_total,1989,13.86
bol,sex_m,age_10yrbands_yge65,eco_aggregate_total,1990,15.251
bol,sex_m,age_10yrbands_yge65,eco_aggregate_total,1991,12.774
bol,sex_m,age_10yrbands_yge65,eco_aggregate_total,1992,14.374
bol,sex_m,age_10yrbands_yge65,eco_aggregate_total,1993,16.168
bol,sex_m,age_10yrbands_yge65,eco_aggregate_total,1994,15.042
bol,sex_m,age_10yrbands_yge65,eco_aggregate_total,1995,19.293
bol,sex_m,age_10yrbands_yge65,eco_aggregate_total,1999,131.271
bol,sex_m,age_10yrbands_yge65,eco_aggregate_total,2000,115.755
bol,sex_m,age_10yrbands_yge65,eco_aggregate_total,2001,118.384
bol,sex_m,age_10yrbands_yge65,eco_aggregate_total,2002,115.981
bol,sex_m,age_10yrbands_yge65,eco_aggregate_total,2005,162.172
bol,sex_m,age_10yrbands_yge65,eco_aggregate_total,2006,147.346
bol,sex_m,age_10yrbands_yge65,eco_aggregate_total,2007,167.491
bol,sex_m,age_10yrbands_yge65,eco_aggregate_total,2008,171.839
bol,sex_m,age_10yrbands_yge65,eco_aggregate_total,2009,177.412
bol,sex_m,age_10yrbands_yge65,eco_aggregate_total,2011,173.953
bol,sex_m,age_10yrbands_yge65,eco_aggregate_total,2012,186.541
bol,sex_m,age_10yrbands_yge65,eco_aggregate_total,2013,239.939
bol,sex_m,age_10yrbands_yge65,eco_aggregate_total,2014,214.768
bol,sex_m,age_10yrbands_yge65,eco_aggregate_total,2015,208.472
bol,sex_m,age_10yrbands_yge65,eco_aggregate_total,2016,205.083
bol,sex_m,age_10yrbands_yge65,eco_aggregate_total,2017,232.744
bol,sex_m,age_10yrbands_yge65,eco_aggregate_total,2018,260.066
bol,sex_m,age_10yrbands_yge65,eco_aggregate_total,2019,251.988
bol,sex_m,age_10yrbands_yge65,eco_aggregate_total,2020,291.858
bol,sex_m,age_10yrbands_yge65,eco_aggregate_total,2021,275.062
bol,sex_m,age_10yrbands_yge65,eco_aggregate_total,2022,276.577
bol,sex_m,age_10yrbands_yge65,eco_aggregate_total,2023,303.286
bol,sex_m,age_10yrbands_yge65,eco_aggregate_total,2024,325.105
bol,sex_m,age_10yrbands_yge65,eco_aggregate_x,1989,0.341
bol,sex_m,age_10yrbands_yge65,eco_aggregate_x,1990,0.676
bol,sex_m,age_10yrbands_yge65,eco_aggregate_x,1999,5.241
bol,sex_m,age_10yrbands_yge65,eco_aggregate_x,2024,0.233
bol,sex_m,age_10yrbands_yge65,eco_sector_agr,1991,1.095
bol,sex_m,age_10yrbands_yge65,eco_sector_agr,1992,1.059
bol,sex_m,age_10yrbands_yge65,eco_sector_agr,1993,1.115
bol,sex_m,age_10yrbands_yge65,eco_sector_agr,1994,1.303
bol,sex_m,age_10yrbands_yge65,eco_sector_agr,1995,1.694
bol,sex_m,age_10yrbands_yge65,eco_sector_agr,2000,76.012
bol,sex_m,age_10yrbands_yge65,eco_sector_agr,2001,85.891
bol,sex_m,age_10yrbands_yge65,eco_sector_agr,2002,87.57
bol,sex_m,age_10yrbands_yge65,eco_sector_agr,2005,113.084
bol,sex_m,age_10yrbands_yge65,eco_sector_agr,2006,105.782
bol,sex_m,age_10yrbands_yge65,eco_sector_agr,2007,109.254
bol,sex_m,age_10yrbands_yge65,eco_sector_agr,2008,113.302
bol,sex_m,age_10yrbands_yge65,eco_sector_agr,2009,119.648
bol,sex_m,age_10yrbands_yge65,eco_sector_agr,2011,102.686
bol,sex_m,age_10yrbands_yge65,eco_sector_agr,2012,120.044
bol,sex_m,age_10yrbands_yge65,eco_sector_agr,2013,163.25
bol,sex_m,age_10yrbands_yge65,eco_sector_agr,2014,139.347
bol,sex_m,age_10yrbands_yge65,eco_sector_agr,2015,136.272
bol,sex_m,age_10yrbands_yge65,eco_sector_agr,2016,125.649
bol,sex_m,age_10yrbands_yge65,eco_sector_agr,2017,148.352
bol,sex_m,age_10yrbands_yge65,eco_sector_agr,2018,163.927
bol,sex_m,age_10yrbands_yge65,eco_sector_agr,2019,145.689
bol,sex_m,age_10yrbands_yge65,eco_sector_agr,2020,193.536
bol,sex_m,age_10yrbands_yge65,eco_sector_agr,2021,168.06
bol,sex_m,age_10yrbands_yge65,eco_sector_agr,2022,154.138
bol,sex_m,age_10yrbands_yge65,eco_sector_agr,2023,161.079
bol,sex_m,age_10yrbands_yge65,eco_sector_agr,2024,170.057
bol,sex_m,age_10yrbands_yge65,eco_sector_ind,1989,3.514
bol,sex_m,age_10yrbands_yge65,eco_sector_ind,1990,3.013
bol,sex_m,age_10yrbands_yge65,eco_sector_ind,1991,4.208
bol,sex_m,age_10yrbands_yge65,eco_sector_ind,1992,5.942
bol,sex_m,age_10yrbands_yge65,eco_sector_ind,1993,4.924
bol,sex_m,age_10yrbands_yge65,eco_sector_ind,1994,4.504
bol,sex_m,age_10yrbands_yge65,eco_sector_ind,1995,7.155
bol,sex_m,age_10yrbands_yge65,eco_sector_ind,1999,7.261
bol,sex_m,age_10yrbands_yge65,eco_sector_ind,2000,15.074
bol,sex_m,age_10yrbands_yge65,eco_sector_ind,2001,14.099
bol,sex_m,age_10yrbands_yge65,eco_sector_ind,2002,9.311
bol,sex_m,age_10yrbands_yge65,eco_sector_ind,2005,18.991
bol,sex_m,age_10yrbands_yge65,eco_sector_ind,2006,14.253
bol,sex_m,age_10yrbands_yge65,eco_sector_ind,2007,20.557
bol,sex_m,age_10yrbands_yge65,eco_sector_ind,2008,23.859
bol,sex_m,age_10yrbands_yge65,eco_sector_ind,2009,21.008
bol,sex_m,age_10yrbands_yge65,eco_sector_ind,2011,23.842
bol,sex_m,age_10yrbands_yge65,eco_sector_ind,2012,18.854
bol,sex_m,age_10yrbands_yge65,eco_sector_ind,2013,21.823
bol,sex_m,age_10yrbands_yge65,eco_sector_ind,2014,25.829
bol,sex_m,age_10yrbands_yge65,eco_sector_ind,2015,18.443
bol,sex_m,age_10yrbands_yge65,eco_sector_ind,2016,23.019
bol,sex_m,age_10yrbands_yge65,eco_sector_ind,2017,22.008
bol,sex_m,age_10yrbands_yge65,eco_sector_ind,2018,25.825
bol,sex_m,age_10yrbands_yge65,eco_sector_ind,2019,31.238
bol,sex_m,age_10yrbands_yge65,eco_sector_ind,2020,24.232
bol,sex_m,age_10yrbands_yge65,eco_sector_ind,2021,26.275
bol,sex_m,age_10yrbands_yge65,eco_sector_ind,2022,32.352
bol,sex_m,age_10yrbands_yge65,eco_sector_ind,2023,37.805
bol,sex_m,age_10yrbands_yge65,eco_sector_ind,2024,46.55
bol,sex_m,age_10yrbands_yge65,eco_sector_nag,1989,13.86
bol,sex_m,age_10yrbands_yge65,eco_sector_nag,1990,15.251
bol,sex_m,age_10yrbands_yge65,eco_sector_nag,1991,11.679
bol,sex_m,age_10yrbands_yge65,eco_sector_nag,1992,13.315
bol,sex_m,age_10yrbands_yge65,eco_sector_nag,1993,15.053
bol,sex_m,age_10yrbands_yge65,eco_sector_nag,1994,13.739
bol,sex_m,age_10yrbands_yge65,eco_sector_nag,1995,17.599
bol,sex_m,age_10yrbands_yge65,eco_sector_nag,1999,131.271
bol,sex_m,age_10yrbands_yge65,eco_sector_nag,2000,39.743
bol,sex_m,age_10yrbands_yge65,eco_sector_nag,2001,32.493
bol,sex_m,age_10yrbands_yge65,eco_sector_nag,2002,28.411
bol,sex_m,age_10yrbands_yge65,eco_sector_nag,2005,49.088
bol,sex_m,age_10yrbands_yge65,eco_sector_nag,2006,41.564
bol,sex_m,age_10yrbands_yge65,eco_sector_nag,2007,58.237
bol,sex_m,age_10yrbands_yge65,eco_sector_nag,2008,58.537
bol,sex_m,age_10yrbands_yge65,eco_sector_nag,2009,57.764
bol,sex_m,age_10yrbands_yge65,eco_sector_nag,2011,71.267
bol,sex_m,age_10yrbands_yge65,eco_sector_nag,2012,66.497
bol,sex_m,age_10yrbands_yge65,eco_sector_nag,2013,76.689
bol,sex_m,age_10yrbands_yge65,eco_sector_nag,2014,75.421
bol,sex_m,age_10yrbands_yge65,eco_sector_nag,2015,72.2
bol,sex_m,age_10yrbands_yge65,eco_sector_nag,2016,79.434
bol,sex_m,age_10yrbands_yge65,eco_sector_nag,2017,84.392
bol,sex_m,age_10yrbands_yge65,eco_sector_nag,2018,96.139
bol,sex_m,age_10yrbands_yge65,eco_sector_nag,2019,106.299
bol,sex_m,age_10yrbands_yge65,eco_sector_nag,2020,98.322
bol,sex_m,age_10yrbands_yge65,eco_sector_nag,2021,107.002
bol,sex_m,age_10yrbands_yge65,eco_sector_nag,2022,122.439
bol,sex_m,age_10yrbands_yge65,eco_sector_nag,2023,142.207
bol,sex_m,age_10yrbands_yge65,eco_sector_nag,2024,155.048
bol,sex_m,age_10yrbands_yge65,eco_sector_ser,1989,10.005
bol,sex_m,age_10yrbands_yge65,eco_sector_ser,1990,11.562
bol,sex_m,age_10yrbands_yge65,eco_sector_ser,1991,7.471
bol,sex_m,age_10yrbands_yge65,eco_sector_ser,1992,7.373
bol,sex_m,age_10yrbands_yge65,eco_sector_ser,1993,10.129
bol,sex_m,age_10yrbands_yge65,eco_sector_ser,1994,9.235
bol,sex_m,age_10yrbands_yge65,eco_sector_ser,1995,10.382
bol,sex_m,age_10yrbands_yge65,eco_sector_ser,1999,118.769
bol,sex_m,age_10yrbands_yge65,eco_sector_ser,2000,24.669
bol,sex_m,age_10yrbands_yge65,eco_sector_ser,2001,17.808
bol,sex_m,age_10yrbands_yge65,eco_sector_ser,2002,19.1
bol,sex_m,age_10yrbands_yge65,eco_sector_ser,2005,30.097
bol,sex_m,age_10yrbands_yge65,eco_sector_ser,2006,27.311
bol,sex_m,age_10yrbands_yge65,eco_sector_ser,2007,37.68
bol,sex_m,age_10yrbands_yge65,eco_sector_ser,2008,34.678
bol,sex_m,age_10yrbands_yge65,eco_sector_ser,2009,36.756
bol,sex_m,age_10yrbands_yge65,eco_sector_ser,2011,47.425
bol,sex_m,age_10yrbands_yge65,eco_sector_ser,2012,47.643
bol,sex_m,age_10yrbands_yge65,eco_sector_ser,2013,54.866
bol,sex_m,age_10yrbands_yge65,eco_sector_ser,2014,49.592
bol,sex_m,age_10yrbands_yge65,eco_sector_ser,2015,53.534
bol,sex_m,age_10yrbands_yge65,eco_sector_ser,2016,56.414
bol,sex_m,age_10yrbands_yge65,eco_sector_ser,2017,62.383
bol,sex_m,age_10yrbands_yge65,eco_sector_ser,2018,70.314
bol,sex_m,age_10yrbands_yge65,eco_sector_ser,2019,75.061
bol,sex_m,age_10yrbands_yge65,eco_sector_ser,2020,74.09
bol,sex_m,age_10yrbands_yge65,eco_sector_ser,2021,80.728
bol,sex_m,age_10yrbands_yge65,eco_sector_ser,2022,90.087
bol,sex_m,age_10yrbands_yge65,eco_sector_ser,2023,104.402
bol,sex_m,age_10yrbands_yge65,eco_sector_ser,2024,108.266
bol,sex_m,age_10yrbands_yge65,eco_sector_total,1989,13.86
bol,sex_m,age_10yrbands_yge65,eco_sector_total,1990,15.251
bol,sex_m,age_10yrbands_yge65,eco_sector_total,1991,12.774
bol,sex_m,age_10yrbands_yge65,eco_sector_total,1992,14.374
bol,sex_m,age_10yrbands_yge65,eco_sector_total,1993,16.168
bol,sex_m,age_10yrbands_yge65,eco_sector_total,1994,15.042
bol,sex_m,age_10yrbands_yge65,eco_sector_total,1995,19.293
bol,sex_m,age_10yrbands_yge65,eco_sector_total,1999,131.271
bol,sex_m,age_10yrbands_yge65,eco_sector_total,2000,115.755
bol,sex_m,age_10yrbands_yge65,eco_sector_total,2001,118.384
bol,sex_m,age_10yrbands_yge65,eco_sector_total,2002,115.981
bol,sex_m,age_10yrbands_yge65,eco_sector_total,2005,162.172
bol,sex_m,age_10yrbands_yge65,eco_sector_total,2006,147.346
bol,sex_m,age_10yrbands_yge65,eco_sector_total,2007,167.491
bol,sex_m,age_10yrbands_yge65,eco_sector_total,2008,171.839
bol,sex_m,age_10yrbands_yge65,eco_sector_total,2009,177.412
bol,sex_m,age_10yrbands_yge65,eco_sector_total,2011,173.953
bol,sex_m,age_10yrbands_yge65,eco_sector_total,2012,186.541
bol,sex_m,age_10yrbands_yge65,eco_sector_total,2013,239.939
bol,sex_m,age_10yrbands_yge65,eco_sector_total,2014,214.768
bol,sex_m,age_10yrbands_yge65,eco_sector_total,2015,208.472
bol,sex_m,age_10yrbands_yge65,eco_sector_total,2016,205.083
bol,sex_m,age_10yrbands_yge65,eco_sector_total,2017,232.744
bol,sex_m,age_10yrbands_yge65,eco_sector_total,2018,260.066
bol,sex_m,age_10yrbands_yge65,eco_sector_total,2019,251.988
bol,sex_m,age_10yrbands_yge65,eco_sector_total,2020,291.858
bol,sex_m,age_10yrbands_yge65,eco_sector_total,2021,275.062
bol,sex_m,age_10yrbands_yge65,eco_sector_total,2022,276.577
bol,sex_m,age_10yrbands_yge65,eco_sector_total,2023,303.286
bol,sex_m,age_10yrbands_yge65,eco_sector_total,2024,325.105
bol,sex_m,age_10yrbands_yge65,eco_sector_x,1989,0.341
bol,sex_m,age_10yrbands_yge65,eco_sector_x,1990,0.676
bol,sex_m,age_10yrbands_yge65,eco_sector_x,1999,5.241
bol,sex_m,age_10yrbands_yge65,eco_sector_x,2024,0.233
bol,sex_m,age_aggregate_total,eco_aggregate_agr,1991,12.787
bol,sex_m,age_aggregate_total,eco_aggregate_agr,1992,15.725
bol,sex_m,age_aggregate_total,eco_aggregate_agr,1993,16.846
bol,sex_m,age_aggregate_total,eco_aggregate_agr,1994,15.392
bol,sex_m,age_aggregate_total,eco_aggregate_agr,1995,21.195
bol,sex_m,age_aggregate_total,eco_aggregate_agr,1999,7.389
bol,sex_m,age_aggregate_total,eco_aggregate_agr,2000,718.102
bol,sex_m,age_aggregate_total,eco_aggregate_agr,2001,827.084
bol,sex_m,age_aggregate_total,eco_aggregate_agr,2002,844.887
bol,sex_m,age_aggregate_total,eco_aggregate_agr,2005,751.199
bol,sex_m,age_aggregate_total,eco_aggregate_agr,2006,844.285
bol,sex_m,age_aggregate_total,eco_aggregate_agr,2007,741.46
bol,sex_m,age_aggregate_total,eco_aggregate_agr,2008,776.898
bol,sex_m,age_aggregate_total,eco_aggregate_agr,2009,769.851
bol,sex_m,age_aggregate_total,eco_aggregate_agr,2011,855.712
bol,sex_m,age_aggregate_total,eco_aggregate_agr,2012,804.711
bol,sex_m,age_aggregate_total,eco_aggregate_agr,2013,895.21
bol,sex_m,age_aggregate_total,eco_aggregate_agr,2014,868.738
bol,sex_m,age_aggregate_total,eco_aggregate_agr,2015,826.891
bol,sex_m,age_aggregate_total,eco_aggregate_agr,2016,831.662
bol,sex_m,age_aggregate_total,eco_aggregate_agr,2017,854.032
bol,sex_m,age_aggregate_total,eco_aggregate_agr,2018,902.813
bol,sex_m,age_aggregate_total,eco_aggregate_agr,2019,831.7
bol,sex_m,age_aggregate_total,eco_aggregate_agr,2020,934.951
bol,sex_m,age_aggregate_total,eco_aggregate_agr,2021,895.112
bol,sex_m,age_aggregate_total,eco_aggregate_agr,2022,842.434
bol,sex_m,age_aggregate_total,eco_aggregate_agr,2023,865.822
bol,sex_m,age_aggregate_total,eco_aggregate_agr,2024,818.472
bol,sex_m,age_aggregate_total,eco_aggregate_con,1991,81.062
bol,sex_m,age_aggregate_total,eco_aggregate_con,1992,90.659
bol,sex_m,age_aggregate_total,eco_aggregate_con,1993,85.079
bol,sex_m,age_aggregate_total,eco_aggregate_con,1994,110.591
bol,sex_m,age_aggregate_total,eco_aggregate_con,1995,101.92
bol,sex_m,age_aggregate_total,eco_aggregate_con,2000,229.294
bol,sex_m,age_aggregate_total,eco_aggregate_con,2001,181.721
bol,sex_m,age_aggregate_total,eco_aggregate_con,2002,194.466
bol,sex_m,age_aggregate_total,eco_aggregate_con,2005,248.464
bol,sex_m,age_aggregate_total,eco_aggregate_con,2006,238.897
bol,sex_m,age_aggregate_total,eco_aggregate_con,2007,302.977
bol,sex_m,age_aggregate_total,eco_aggregate_con,2008,310.502
bol,sex_m,age_aggregate_total,eco_aggregate_con,2009,350.297
bol,sex_m,age_aggregate_total,eco_aggregate_con,2011,359.744
bol,sex_m,age_aggregate_total,eco_aggregate_con,2012,339.295
bol,sex_m,age_aggregate_total,eco_aggregate_con,2013,330.02
bol,sex_m,age_aggregate_total,eco_aggregate_con,2014,424.534
bol,sex_m,age_aggregate_total,eco_aggregate_con,2015,451.043
bol,sex_m,age_aggregate_total,eco_aggregate_con,2016,410.027
bol,sex_m,age_aggregate_total,eco_aggregate_con,2017,416.388
bol,sex_m,age_aggregate_total,eco_aggregate_con,2018,391.839
bol,sex_m,age_aggregate_total,eco_aggregate_con,2019,427.791
bol,sex_m,age_aggregate_total,eco_aggregate_con,2020,422.1
bol,sex_m,age_aggregate_total,eco_aggregate_con,2021,437.283
bol,sex_m,age_aggregate_total,eco_aggregate_con,2022,458.334
bol,sex_m,age_aggregate_total,eco_aggregate_con,2023,444.746
bol,sex_m,age_aggregate_total,eco_aggregate_con,2024,474.565
bol,sex_m,age_aggregate_total,eco_aggregate_man,1989,91.102
bol,sex_m,age_aggregate_total,eco_aggregate_man,1990,111.822
bol,sex_m,age_aggregate_total,eco_aggregate_man,1991,116.994
bol,sex_m,age_aggregate_total,eco_aggregate_man,1992,129.358
bol,sex_m,age_aggregate_total,eco_aggregate_man,1993,125.737
bol,sex_m,age_aggregate_total,eco_aggregate_man,1994,133.063
bol,sex_m,age_aggregate_total,eco_aggregate_man,1995,140.65
bol,sex_m,age_aggregate_total,eco_aggregate_man,1999,219.024
bol,sex_m,age_aggregate_total,eco_aggregate_man,2000,220.265
bol,sex_m,age_aggregate_total,eco_aggregate_man,2001,198.594
bol,sex_m,age_aggregate_total,eco_aggregate_man,2002,257.144
bol,sex_m,age_aggregate_total,eco_aggregate_man,2005,283.457
bol,sex_m,age_aggregate_total,eco_aggregate_man,2006,267.979
bol,sex_m,age_aggregate_total,eco_aggregate_man,2007,318.836
bol,sex_m,age_aggregate_total,eco_aggregate_man,2008,311.849
bol,sex_m,age_aggregate_total,eco_aggregate_man,2009,344.413
bol,sex_m,age_aggregate_total,eco_aggregate_man,2011,238.066
bol,sex_m,age_aggregate_total,eco_aggregate_man,2012,217.879
bol,sex_m,age_aggregate_total,eco_aggregate_man,2013,229.676
bol,sex_m,age_aggregate_total,eco_aggregate_man,2014,297.541
bol,sex_m,age_aggregate_total,eco_aggregate_man,2015,273.175
bol,sex_m,age_aggregate_total,eco_aggregate_man,2016,291.805
bol,sex_m,age_aggregate_total,eco_aggregate_man,2017,298.86
bol,sex_m,age_aggregate_total,eco_aggregate_man,2018,307.235
bol,sex_m,age_aggregate_total,eco_aggregate_man,2019,352.721
bol,sex_m,age_aggregate_total,eco_aggregate_man,2020,284.344
bol,sex_m,age_aggregate_total,eco_aggregate_man,2021,369.554
bol,sex_m,age_aggregate_total,eco_aggregate_man,2022,390.301
bol,sex_m,age_aggregate_total,eco_aggregate_man,2023,397.142
bol,sex_m,age_aggregate_total,eco_aggregate_man,2024,436.515
bol,sex_m,age_aggregate_total,eco_aggregate_mel,1989,19.27
bol,sex_m,age_aggregate_total,eco_aggregate_mel,1990,14.371
bol,sex_m,age_aggregate_total,eco_aggregate_mel,1991,25.148
bol,sex_m,age_aggregate_total,eco_aggregate_mel,1992,23.946
bol,sex_m,age_aggregate_total,eco_aggregate_mel,1993,17.834
bol,sex_m,age_aggregate_total,eco_aggregate_mel,1994,18.202
bol,sex_m,age_aggregate_total,eco_aggregate_mel,1995,20.679
bol,sex_m,age_aggregate_total,eco_aggregate_mel,1999,103.692
bol,sex_m,age_aggregate_total,eco_aggregate_mel,2000,61.366
bol,sex_m,age_aggregate_total,eco_aggregate_mel,2001,53.193
bol,sex_m,age_aggregate_total,eco_aggregate_mel,2002,40.496
bol,sex_m,age_aggregate_total,eco_aggregate_mel,2005,70.728
bol,sex_m,age_aggregate_total,eco_aggregate_mel,2006,63.386
bol,sex_m,age_aggregate_total,eco_aggregate_mel,2007,80.165
bol,sex_m,age_aggregate_total,eco_aggregate_mel,2008,68.997
bol,sex_m,age_aggregate_total,eco_aggregate_mel,2009,57.462
bol,sex_m,age_aggregate_total,eco_aggregate_mel,2011,110.459
bol,sex_m,age_aggregate_total,eco_aggregate_mel,2012,125.626
bol,sex_m,age_aggregate_total,eco_aggregate_mel,2013,125.861
bol,sex_m,age_aggregate_total,eco_aggregate_mel,2014,110.678
bol,sex_m,age_aggregate_total,eco_aggregate_mel,2015,119.723
bol,sex_m,age_aggregate_total,eco_aggregate_mel,2016,94.569
bol,sex_m,age_aggregate_total,eco_aggregate_mel,2017,78.764
bol,sex_m,age_aggregate_total,eco_aggregate_mel,2018,98.284
bol,sex_m,age_aggregate_total,eco_aggregate_mel,2019,84.772
bol,sex_m,age_aggregate_total,eco_aggregate_mel,2020,62.45
bol,sex_m,age_aggregate_total,eco_aggregate_mel,2021,89.018
bol,sex_m,age_aggregate_total,eco_aggregate_mel,2022,92.321
bol,sex_m,age_aggregate_total,eco_aggregate_mel,2023,85.734
bol,sex_m,age_aggregate_total,eco_aggregate_mel,2024,105.439
bol,sex_m,age_aggregate_total,eco_aggregate_mkt,1989,196.38
bol,sex_m,age_aggregate_total,eco_aggregate_mkt,1990,192.887
bol,sex_m,age_aggregate_total,eco_aggregate_mkt,1991,195.784
bol,sex_m,age_aggregate_total,eco_aggregate_mkt,1992,206.47
bol,sex_m,age_aggregate_total,eco_aggregate_mkt,1993,242.106
bol,sex_m,age_aggregate_total,eco_aggregate_mkt,1994,255.705
bol,sex_m,age_aggregate_total,eco_aggregate_mkt,1995,268.966
bol,sex_m,age_aggregate_total,eco_aggregate_mkt,1999,1448.345
bol,sex_m,age_aggregate_total,eco_aggregate_mkt,2000,451.352
bol,sex_m,age_aggregate_total,eco_aggregate_mkt,2001,457.935
bol,sex_m,age_aggregate_total,eco_aggregate_mkt,2002,455.209
bol,sex_m,age_aggregate_total,eco_aggregate_mkt,2005,571.241
bol,sex_m,age_aggregate_total,eco_aggregate_mkt,2006,612.429
bol,sex_m,age_aggregate_total,eco_aggregate_mkt,2007,629.011
bol,sex_m,age_aggregate_total,eco_aggregate_mkt,2008,739.021
bol,sex_m,age_aggregate_total,eco_aggregate_mkt,2009,735.679
bol,sex_m,age_aggregate_total,eco_aggregate_mkt,2011,777.168
bol,sex_m,age_aggregate_total,eco_aggregate_mkt,2012,809.996
bol,sex_m,age_aggregate_total,eco_aggregate_mkt,2013,803.469
bol,sex_m,age_aggregate_total,eco_aggregate_mkt,2014,831.978
bol,sex_m,age_aggregate_total,eco_aggregate_mkt,2015,848.353
bol,sex_m,age_aggregate_total,eco_aggregate_mkt,2016,815.752
bol,sex_m,age_aggregate_total,eco_aggregate_mkt,2017,850.746
bol,sex_m,age_aggregate_total,eco_aggregate_mkt,2018,891.97
bol,sex_m,age_aggregate_total,eco_aggregate_mkt,2019,1012.058
bol,sex_m,age_aggregate_total,eco_aggregate_mkt,2020,1023.901
bol,sex_m,age_aggregate_total,eco_aggregate_mkt,2021,1121.883
bol,sex_m,age_aggregate_total,eco_aggregate_mkt,2022,1248.269
bol,sex_m,age_aggregate_total,eco_aggregate_mkt,2023,1255.884
bol,sex_m,age_aggregate_total,eco_aggregate_mkt,2024,1311.507
bol,sex_m,age_aggregate_total,eco_aggregate_pub,1989,175.337
bol,sex_m,age_aggregate_total,eco_aggregate_pub,1990,188.936
bol,sex_m,age_aggregate_total,eco_aggregate_pub,1991,126.524
bol,sex_m,age_aggregate_total,eco_aggregate_pub,1992,113.596
bol,sex_m,age_aggregate_total,eco_aggregate_pub,1993,112.878
bol,sex_m,age_aggregate_total,eco_aggregate_pub,1994,121.114
bol,sex_m,age_aggregate_total,eco_aggregate_pub,1995,124.225
bol,sex_m,age_aggregate_total,eco_aggregate_pub,1999,125.514
bol,sex_m,age_aggregate_total,eco_aggregate_pub,2000,215.028
bol,sex_m,age_aggregate_total,eco_aggregate_pub,2001,199.888
bol,sex_m,age_aggregate_total,eco_aggregate_pub,2002,216.014
bol,sex_m,age_aggregate_total,eco_aggregate_pub,2005,251.801
bol,sex_m,age_aggregate_total,eco_aggregate_pub,2006,286.502
bol,sex_m,age_aggregate_total,eco_aggregate_pub,2007,308.302
bol,sex_m,age_aggregate_total,eco_aggregate_pub,2008,301.522
bol,sex_m,age_aggregate_total,eco_aggregate_pub,2009,354.703
bol,sex_m,age_aggregate_total,eco_aggregate_pub,2011,338.649
bol,sex_m,age_aggregate_total,eco_aggregate_pub,2012,333.949
bol,sex_m,age_aggregate_total,eco_aggregate_pub,2013,378.354
bol,sex_m,age_aggregate_total,eco_aggregate_pub,2014,317.517
bol,sex_m,age_aggregate_total,eco_aggregate_pub,2015,338.565
bol,sex_m,age_aggregate_total,eco_aggregate_pub,2016,321.79
bol,sex_m,age_aggregate_total,eco_aggregate_pub,2017,316.801
bol,sex_m,age_aggregate_total,eco_aggregate_pub,2018,322.672
bol,sex_m,age_aggregate_total,eco_aggregate_pub,2019,350.888
bol,sex_m,age_aggregate_total,eco_aggregate_pub,2020,344.668
bol,sex_m,age_aggregate_total,eco_aggregate_pub,2021,354.884
bol,sex_m,age_aggregate_total,eco_aggregate_pub,2022,371.602
bol,sex_m,age_aggregate_total,eco_aggregate_pub,2023,403.619
bol,sex_m,age_aggregate_total,eco_aggregate_pub,2024,405.193
bol,sex_m,age_aggregate_total,eco_aggregate_total,1989,499.767
bol,sex_m,age_aggregate_total,eco_aggregate_total,1990,529.488
bol,sex_m,age_aggregate_total,eco_aggregate_total,1991,558.334
bol,sex_m,age_aggregate_total,eco_aggregate_total,1992,580.808
bol,sex_m,age_aggregate_total,eco_aggregate_total,1993,600.547
bol,sex_m,age_aggregate_total,eco_aggregate_total,1994,654.067
bol,sex_m,age_aggregate_total,eco_aggregate_total,1995,678.981
bol,sex_m,age_aggregate_total,eco_aggregate_total,1999,2098.292
bol,sex_m,age_aggregate_total,eco_aggregate_total,2000,1905.272
bol,sex_m,age_aggregate_total,eco_aggregate_total,2001,1932.373
bol,sex_m,age_aggregate_total,eco_aggregate_total,2002,2008.216
bol,sex_m,age_aggregate_total,eco_aggregate_total,2005,2176.89
bol,sex_m,age_aggregate_total,eco_aggregate_total,2006,2313.478
bol,sex_m,age_aggregate_total,eco_aggregate_total,2007,2380.751
bol,sex_m,age_aggregate_total,eco_aggregate_total,2008,2510.133
bol,sex_m,age_aggregate_total,eco_aggregate_total,2009,2612.405
bol,sex_m,age_aggregate_total,eco_aggregate_total,2011,2679.798
bol,sex_m,age_aggregate_total,eco_aggregate_total,2012,2631.456
bol,sex_m,age_aggregate_total,eco_aggregate_total,2013,2762.75
bol,sex_m,age_aggregate_total,eco_aggregate_total,2014,2851.183
bol,sex_m,age_aggregate_total,eco_aggregate_total,2015,2860.593
bol,sex_m,age_aggregate_total,eco_aggregate_total,2016,2765.604
bol,sex_m,age_aggregate_total,eco_aggregate_total,2017,2816.052
bol,sex_m,age_aggregate_total,eco_aggregate_total,2018,2914.814
bol,sex_m,age_aggregate_total,eco_aggregate_total,2019,3059.93
bol,sex_m,age_aggregate_total,eco_aggregate_total,2020,3079.264
bol,sex_m,age_aggregate_total,eco_aggregate_total,2021,3274.59
bol,sex_m,age_aggregate_total,eco_aggregate_total,2022,3412.124
bol,sex_m,age_aggregate_total,eco_aggregate_total,2023,3460.792
bol,sex_m,age_aggregate_total,eco_aggregate_total,2024,3564.275
bol,sex_m,age_aggregate_total,eco_aggregate_x,1989,17.679
bol,sex_m,age_aggregate_total,eco_aggregate_x,1990,21.472
bol,sex_m,age_aggregate_total,eco_aggregate_x,1992,1.054
bol,sex_m,age_aggregate_total,eco_aggregate_x,1995,1.346
bol,sex_m,age_aggregate_total,eco_aggregate_x,1999,194.328
bol,sex_m,age_aggregate_total,eco_aggregate_x,2000,9.865
bol,sex_m,age_aggregate_total,eco_aggregate_x,2001,13.958
bol,sex_m,age_aggregate_total,eco_aggregate_x,2015,2.843
bol,sex_m,age_aggregate_total,eco_aggregate_x,2017,0.461
bol,sex_m,age_aggregate_total,eco_aggregate_x,2020,6.848
bol,sex_m,age_aggregate_total,eco_aggregate_x,2021,6.857
bol,sex_m,age_aggregate_total,eco_aggregate_x,2022,8.864
bol,sex_m,age_aggregate_total,eco_aggregate_x,2023,7.845
bol,sex_m,age_aggregate_total,eco_aggregate_x,2024,12.584
bol,sex_m,age_aggregate_total,eco_isic3_a,1991,12.734
bol,sex_m,age_aggregate_total,eco_isic3_a,1992,15.725
bol,sex_m,age_aggregate_total,eco_isic3_a,1993,16.788
bol,sex_m,age_aggregate_total,eco_isic3_a,1994,15.253
bol,sex_m,age_aggregate_total,eco_isic3_a,1995,21.119
bol,sex_m,age_aggregate_total,eco_isic3_a,1999,7.389
bol,sex_m,age_aggregate_total,eco_isic3_a,2000,718.102
bol,sex_m,age_aggregate_total,eco_isic3_a,2001,827.084
bol,sex_m,age_aggregate_total,eco_isic3_a,2002,842.335
bol,sex_m,age_aggregate_total,eco_isic3_a,2005,747.218
bol,sex_m,age_aggregate_total,eco_isic3_a,2006,835.493
bol,sex_m,age_aggregate_total,eco_isic3_a,2007,739.865
bol,sex_m,age_aggregate_total,eco_isic3_a,2008,773.234
bol,sex_m,age_aggregate_total,eco_isic3_a,2009,765.579
bol,sex_m,age_aggregate_total,eco_isic3_b,2002,2.552
bol,sex_m,age_aggregate_total,eco_isic3_b,2005,3.981
bol,sex_m,age_aggregate_total,eco_isic3_b,2006,8.792
bol,sex_m,age_aggregate_total,eco_isic3_b,2008,3.664
bol,sex_m,age_aggregate_total,eco_isic3_b,2009,4.272
bol,sex_m,age_aggregate_total,eco_isic3_c,1989,16.076
bol,sex_m,age_aggregate_total,eco_isic3_c,1990,10.516
bol,sex_m,age_aggregate_total,eco_isic3_c,1991,18.45
bol,sex_m,age_aggregate_total,eco_isic3_c,1992,17.282
bol,sex_m,age_aggregate_total,eco_isic3_c,1993,13.707
bol,sex_m,age_aggregate_total,eco_isic3_c,1994,13.397
bol,sex_m,age_aggregate_total,eco_isic3_c,1995,16.921
bol,sex_m,age_aggregate_total,eco_isic3_c,1999,59.443
bol,sex_m,age_aggregate_total,eco_isic3_c,2000,46.062
bol,sex_m,age_aggregate_total,eco_isic3_c,2001,45.337
bol,sex_m,age_aggregate_total,eco_isic3_c,2002,33.696
bol,sex_m,age_aggregate_total,eco_isic3_c,2005,59.758
bol,sex_m,age_aggregate_total,eco_isic3_c,2006,50.78
bol,sex_m,age_aggregate_total,eco_isic3_c,2007,66.992
bol,sex_m,age_aggregate_total,eco_isic3_c,2008,54.012
bol,sex_m,age_aggregate_total,eco_isic3_c,2009,47.091
bol,sex_m,age_aggregate_total,eco_isic3_d,1989,91.102
bol,sex_m,age_aggregate_total,eco_isic3_d,1990,111.822
bol,sex_m,age_aggregate_total,eco_isic3_d,1991,116.994
bol,sex_m,age_aggregate_total,eco_isic3_d,1992,129.358
bol,sex_m,age_aggregate_total,eco_isic3_d,1993,125.737
bol,sex_m,age_aggregate_total,eco_isic3_d,1994,133.063
bol,sex_m,age_aggregate_total,eco_isic3_d,1995,140.65
bol,sex_m,age_aggregate_total,eco_isic3_d,1999,219.024
bol,sex_m,age_aggregate_total,eco_isic3_d,2000,220.265
bol,sex_m,age_aggregate_total,eco_isic3_d,2001,198.594
bol,sex_m,age_aggregate_total,eco_isic3_d,2002,257.144
bol,sex_m,age_aggregate_total,eco_isic3_d,2005,283.457
bol,sex_m,age_aggregate_total,eco_isic3_d,2006,267.979
bol,sex_m,age_aggregate_total,eco_isic3_d,2007,318.836
bol,sex_m,age_aggregate_total,eco_isic3_d,2008,311.849
bol,sex_m,age_aggregate_total,eco_isic3_d,2009,344.413
bol,sex_m,age_aggregate_total,eco_isic3_e,1989,3.194
bol,sex_m,age_aggregate_total,eco_isic3_e,1990,3.855
bol,sex_m,age_aggregate_total,eco_isic3_e,1991,6.698
bol,sex_m,age_aggregate_total,eco_isic3_e,1992,6.664
bol,sex_m,age_aggregate_total,eco_isic3_e,1993,4.127
bol,sex_m,age_aggregate_total,eco_isic3_e,1994,4.805
bol,sex_m,age_aggregate_total,eco_isic3_e,1995,3.758
bol,sex_m,age_aggregate_total,eco_isic3_e,1999,44.249
bol,sex_m,age_aggregate_total,eco_isic3_e,2000,15.304
bol,sex_m,age_aggregate_total,eco_isic3_e,2001,7.856
bol,sex_m,age_aggregate_total,eco_isic3_e,2002,6.8
bol,sex_m,age_aggregate_total,eco_isic3_e,2005,10.97
bol,sex_m,age_aggregate_total,eco_isic3_e,2006,12.606
bol,sex_m,age_aggregate_total,eco_isic3_e,2007,13.173
bol,sex_m,age_aggregate_total,eco_isic3_e,2008,14.985
bol,sex_m,age_aggregate_total,eco_isic3_e,2009,10.371
bol,sex_m,age_aggregate_total,eco_isic3_f,1991,81.062
bol,sex_m,age_aggregate_total,eco_isic3_f,1992,90.659
bol,sex_m,age_aggregate_total,eco_isic3_f,1993,85.079
bol,sex_m,age_aggregate_total,eco_isic3_f,1994,110.591
bol,sex_m,age_aggregate_total,eco_isic3_f,1995,101.92
bol,sex_m,age_aggregate_total,eco_isic3_f,2000,229.294
bol,sex_m,age_aggregate_total,eco_isic3_f,2001,181.721
bol,sex_m,age_aggregate_total,eco_isic3_f,2002,194.466
bol,sex_m,age_aggregate_total,eco_isic3_f,2005,248.464
bol,sex_m,age_aggregate_total,eco_isic3_f,2006,238.897
bol,sex_m,age_aggregate_total,eco_isic3_f,2007,302.977
bol,sex_m,age_aggregate_total,eco_isic3_f,2008,310.502
bol,sex_m,age_aggregate_total,eco_isic3_f,2009,350.297
bol,sex_m,age_aggregate_total,eco_isic3_g,1989,60.908
bol,sex_m,age_aggregate_total,eco_isic3_g,1990,58.111
bol,sex_m,age_aggregate_total,eco_isic3_g,1991,94.319
bol,sex_m,age_aggregate_total,eco_isic3_g,1992,102.669
bol,sex_m,age_aggregate_total,eco_isic3_g,1993,110.08
bol,sex_m,age_aggregate_total,eco_isic3_g,1994,126.323
bol,sex_m,age_aggregate_total,eco_isic3_g,1995,135.946
bol,sex_m,age_aggregate_total,eco_isic3_g,1999,129.897
bol,sex_m,age_aggregate_total,eco_isic3_g,2000,200.171
bol,sex_m,age_aggregate_total,eco_isic3_g,2001,189.891
bol,sex_m,age_aggregate_total,eco_isic3_g,2002,196.151
bol,sex_m,age_aggregate_total,eco_isic3_g,2005,237.097
bol,sex_m,age_aggregate_total,eco_isic3_g,2006,241.451
bol,sex_m,age_aggregate_total,eco_isic3_g,2007,250.274
bol,sex_m,age_aggregate_total,eco_isic3_g,2008,303.74
bol,sex_m,age_aggregate_total,eco_isic3_g,2009,290.591
bol,sex_m,age_aggregate_total,eco_isic3_h,1991,12.564
bol,sex_m,age_aggregate_total,eco_isic3_h,1992,11.7
bol,sex_m,age_aggregate_total,eco_isic3_h,1993,14.557
bol,sex_m,age_aggregate_total,eco_isic3_h,1994,16.096
bol,sex_m,age_aggregate_total,eco_isic3_h,1995,15.424
bol,sex_m,age_aggregate_total,eco_isic3_h,2000,24.031
bol,sex_m,age_aggregate_total,eco_isic3_h,2001,29.381
bol,sex_m,age_aggregate_total,eco_isic3_h,2002,37.581
bol,sex_m,age_aggregate_total,eco_isic3_h,2005,37.231
bol,sex_m,age_aggregate_total,eco_isic3_h,2006,43.794
bol,sex_m,age_aggregate_total,eco_isic3_h,2007,30.181
bol,sex_m,age_aggregate_total,eco_isic3_h,2008,51.118
bol,sex_m,age_aggregate_total,eco_isic3_h,2009,48.083
bol,sex_m,age_aggregate_total,eco_isic3_i,1989,73.243
bol,sex_m,age_aggregate_total,eco_isic3_i,1990,70.628
bol,sex_m,age_aggregate_total,eco_isic3_i,1991,63.375
bol,sex_m,age_aggregate_total,eco_isic3_i,1992,66.235
bol,sex_m,age_aggregate_total,eco_isic3_i,1993,84.725
bol,sex_m,age_aggregate_total,eco_isic3_i,1994,81.035
bol,sex_m,age_aggregate_total,eco_isic3_i,1995,86.045
bol,sex_m,age_aggregate_total,eco_isic3_i,1999,809.271
bol,sex_m,age_aggregate_total,eco_isic3_i,2000,141.421
bol,sex_m,age_aggregate_total,eco_isic3_i,2001,158.05
bol,sex_m,age_aggregate_total,eco_isic3_i,2002,160.179
bol,sex_m,age_aggregate_total,eco_isic3_i,2005,227.672
bol,sex_m,age_aggregate_total,eco_isic3_i,2006,212.399
bol,sex_m,age_aggregate_total,eco_isic3_i,2007,238.974
bol,sex_m,age_aggregate_total,eco_isic3_i,2008,285.411
bol,sex_m,age_aggregate_total,eco_isic3_i,2009,285.252
bol,sex_m,age_aggregate_total,eco_isic3_j,1991,5.711
bol,sex_m,age_aggregate_total,eco_isic3_j,1992,4.273
bol,sex_m,age_aggregate_total,eco_isic3_j,1993,8.275
bol,sex_m,age_aggregate_total,eco_isic3_j,1994,8.774
bol,sex_m,age_aggregate_total,eco_isic3_j,1995,7.663
bol,sex_m,age_aggregate_total,eco_isic3_j,2000,13.531
bol,sex_m,age_aggregate_total,eco_isic3_j,2001,15.483
bol,sex_m,age_aggregate_total,eco_isic3_j,2002,10.176
bol,sex_m,age_aggregate_total,eco_isic3_j,2005,4.068
bol,sex_m,age_aggregate_total,eco_isic3_j,2006,13.564
bol,sex_m,age_aggregate_total,eco_isic3_j,2007,17.243
bol,sex_m,age_aggregate_total,eco_isic3_j,2008,17.111
bol,sex_m,age_aggregate_total,eco_isic3_j,2009,21.335
bol,sex_m,age_aggregate_total,eco_isic3_k,1989,62.23
bol,sex_m,age_aggregate_total,eco_isic3_k,1990,64.148
bol,sex_m,age_aggregate_total,eco_isic3_k,1991,19.815
bol,sex_m,age_aggregate_total,eco_isic3_k,1992,21.593
bol,sex_m,age_aggregate_total,eco_isic3_k,1993,24.469
bol,sex_m,age_aggregate_total,eco_isic3_k,1994,23.477
bol,sex_m,age_aggregate_total,eco_isic3_k,1995,23.888
bol,sex_m,age_aggregate_total,eco_isic3_k,1999,509.177
bol,sex_m,age_aggregate_total,eco_isic3_k,2000,72.198
bol,sex_m,age_aggregate_total,eco_isic3_k,2001,65.13
bol,sex_m,age_aggregate_total,eco_isic3_k,2002,51.122
bol,sex_m,age_aggregate_total,eco_isic3_k,2005,65.173
bol,sex_m,age_aggregate_total,eco_isic3_k,2006,101.221
bol,sex_m,age_aggregate_total,eco_isic3_k,2007,92.339
bol,sex_m,age_aggregate_total,eco_isic3_k,2008,81.641
bol,sex_m,age_aggregate_total,eco_isic3_k,2009,90.418
bol,sex_m,age_aggregate_total,eco_isic3_l,1991,45.402
bol,sex_m,age_aggregate_total,eco_isic3_l,1992,46.397
bol,sex_m,age_aggregate_total,eco_isic3_l,1993,43.462
bol,sex_m,age_aggregate_total,eco_isic3_l,1994,45.615
bol,sex_m,age_aggregate_total,eco_isic3_l,1995,43.013
bol,sex_m,age_aggregate_total,eco_isic3_l,2000,61.497
bol,sex_m,age_aggregate_total,eco_isic3_l,2001,55.18
bol,sex_m,age_aggregate_total,eco_isic3_l,2002,57.876
bol,sex_m,age_aggregate_total,eco_isic3_l,2005,62.494
bol,sex_m,age_aggregate_total,eco_isic3_l,2006,80.91
bol,sex_m,age_aggregate_total,eco_isic3_l,2007,107.625
bol,sex_m,age_aggregate_total,eco_isic3_l,2008,102.047
bol,sex_m,age_aggregate_total,eco_isic3_l,2009,102.381
bol,sex_m,age_aggregate_total,eco_isic3_m,1989,15.602
bol,sex_m,age_aggregate_total,eco_isic3_m,1990,18.883
bol,sex_m,age_aggregate_total,eco_isic3_m,1991,27.337
bol,sex_m,age_aggregate_total,eco_isic3_m,1992,25.811
bol,sex_m,age_aggregate_total,eco_isic3_m,1993,28.121
bol,sex_m,age_aggregate_total,eco_isic3_m,1994,29.604
bol,sex_m,age_aggregate_total,eco_isic3_m,1995,31.284
bol,sex_m,age_aggregate_total,eco_isic3_m,2000,73.409
bol,sex_m,age_aggregate_total,eco_isic3_m,2001,65.533
bol,sex_m,age_aggregate_total,eco_isic3_m,2002,69.535
bol,sex_m,age_aggregate_total,eco_isic3_m,2005,91.387
bol,sex_m,age_aggregate_total,eco_isic3_m,2006,93.12
bol,sex_m,age_aggregate_total,eco_isic3_m,2007,92.083
bol,sex_m,age_aggregate_total,eco_isic3_m,2008,94.864
bol,sex_m,age_aggregate_total,eco_isic3_m,2009,119.393
bol,sex_m,age_aggregate_total,eco_isic3_n,1991,10.368
bol,sex_m,age_aggregate_total,eco_isic3_n,1992,9.749
bol,sex_m,age_aggregate_total,eco_isic3_n,1993,13.297
bol,sex_m,age_aggregate_total,eco_isic3_n,1994,12.238
bol,sex_m,age_aggregate_total,eco_isic3_n,1995,12.331
bol,sex_m,age_aggregate_total,eco_isic3_n,2000,22.378
bol,sex_m,age_aggregate_total,eco_isic3_n,2001,28.726
bol,sex_m,age_aggregate_total,eco_isic3_n,2002,22.208
bol,sex_m,age_aggregate_total,eco_isic3_n,2005,21.664
bol,sex_m,age_aggregate_total,eco_isic3_n,2006,33.844
bol,sex_m,age_aggregate_total,eco_isic3_n,2007,38.886
bol,sex_m,age_aggregate_total,eco_isic3_n,2008,35.358
bol,sex_m,age_aggregate_total,eco_isic3_n,2009,34.951
bol,sex_m,age_aggregate_total,eco_isic3_o,1989,89.546
bol,sex_m,age_aggregate_total,eco_isic3_o,1990,97.289
bol,sex_m,age_aggregate_total,eco_isic3_o,1991,34.952
bol,sex_m,age_aggregate_total,eco_isic3_o,1992,24.458
bol,sex_m,age_aggregate_total,eco_isic3_o,1993,22.439
bol,sex_m,age_aggregate_total,eco_isic3_o,1994,27.168
bol,sex_m,age_aggregate_total,eco_isic3_o,1995,30.875
bol,sex_m,age_aggregate_total,eco_isic3_o,1999,125.514
bol,sex_m,age_aggregate_total,eco_isic3_o,2000,49.349
bol,sex_m,age_aggregate_total,eco_isic3_o,2001,44.34
bol,sex_m,age_aggregate_total,eco_isic3_o,2002,51.63
bol,sex_m,age_aggregate_total,eco_isic3_o,2005,69.321
bol,sex_m,age_aggregate_total,eco_isic3_o,2006,69.839
bol,sex_m,age_aggregate_total,eco_isic3_o,2007,63.877
bol,sex_m,age_aggregate_total,eco_isic3_o,2008,55.613
bol,sex_m,age_aggregate_total,eco_isic3_o,2009,81.431
bol,sex_m,age_aggregate_total,eco_isic3_p,1989,70.189
bol,sex_m,age_aggregate_total,eco_isic3_p,1990,72.764
bol,sex_m,age_aggregate_total,eco_isic3_p,1991,6.757
bol,sex_m,age_aggregate_total,eco_isic3_p,1992,3.597
bol,sex_m,age_aggregate_total,eco_isic3_p,1993,4.839
bol,sex_m,age_aggregate_total,eco_isic3_p,1994,4.683
bol,sex_m,age_aggregate_total,eco_isic3_p,1995,4.741
bol,sex_m,age_aggregate_total,eco_isic3_p,2000,7.41
bol,sex_m,age_aggregate_total,eco_isic3_p,2001,5.5
bol,sex_m,age_aggregate_total,eco_isic3_p,2002,12.916
bol,sex_m,age_aggregate_total,eco_isic3_p,2005,3.099
bol,sex_m,age_aggregate_total,eco_isic3_p,2006,8.241
bol,sex_m,age_aggregate_total,eco_isic3_p,2007,5.51
bol,sex_m,age_aggregate_total,eco_isic3_p,2008,12.547
bol,sex_m,age_aggregate_total,eco_isic3_p,2009,11.808
bol,sex_m,age_aggregate_total,eco_isic3_q,1991,1.708
bol,sex_m,age_aggregate_total,eco_isic3_q,1992,3.584
bol,sex_m,age_aggregate_total,eco_isic3_q,1994,1.806
bol,sex_m,age_aggregate_total,eco_isic3_q,1995,1.981
bol,sex_m,age_aggregate_total,eco_isic3_q,2009,4.739
bol,sex_m,age_aggregate_total,eco_isic3_total,1989,499.767
bol,sex_m,age_aggregate_total,eco_isic3_total,1990,529.488
bol,sex_m,age_aggregate_total,eco_isic3_total,1991,558.334
bol,sex_m,age_aggregate_total,eco_isic3_total,1992,580.808
bol,sex_m,age_aggregate_total,eco_isic3_total,1993,600.547
bol,sex_m,age_aggregate_total,eco_isic3_total,1994,654.067
bol,sex_m,age_aggregate_total,eco_isic3_total,1995,678.981
bol,sex_m,age_aggregate_total,eco_isic3_total,1999,2098.292
bol,sex_m,age_aggregate_total,eco_isic3_total,2000,1905.272
bol,sex_m,age_aggregate_total,eco_isic3_total,2001,1932.373
bol,sex_m,age_aggregate_total,eco_isic3_total,2002,2008.216
bol,sex_m,age_aggregate_total,eco_isic3_total,2005,2176.89
bol,sex_m,age_aggregate_total,eco_isic3_total,2006,2313.478
bol,sex_m,age_aggregate_total,eco_isic3_total,2007,2380.751
bol,sex_m,age_aggregate_total,eco_isic3_total,2008,2510.133
bol,sex_m,age_aggregate_total,eco_isic3_total,2009,2612.405
bol,sex_m,age_aggregate_total,eco_isic3_x,1989,17.679
bol,sex_m,age_aggregate_total,eco_isic3_x,1990,21.472
bol,sex_m,age_aggregate_total,eco_isic3_x,1992,1.054
bol,sex_m,age_aggregate_total,eco_isic3_x,1995,1.346
bol,sex_m,age_aggregate_total,eco_isic3_x,1999,194.328
bol,sex_m,age_aggregate_total,eco_isic3_x,2000,9.865
bol,sex_m,age_aggregate_total,eco_isic3_x,2001,13.958
bol,sex_m,age_aggregate_total,eco_isic4_a,2011,855.712
bol,sex_m,age_aggregate_total,eco_isic4_a,2012,804.711
bol,sex_m,age_aggregate_total,eco_isic4_a,2013,895.21
bol,sex_m,age_aggregate_total,eco_isic4_a,2014,868.738
bol,sex_m,age_aggregate_total,eco_isic4_a,2015,826.891
bol,sex_m,age_aggregate_total,eco_isic4_a,2016,831.662
bol,sex_m,age_aggregate_total,eco_isic4_a,2017,854.032
bol,sex_m,age_aggregate_total,eco_isic4_a,2018,902.813
bol,sex_m,age_aggregate_total,eco_isic4_a,2019,831.7
bol,sex_m,age_aggregate_total,eco_isic4_a,2020,934.951
bol,sex_m,age_aggregate_total,eco_isic4_a,2021,895.112
bol,sex_m,age_aggregate_total,eco_isic4_a,2022,842.434
bol,sex_m,age_aggregate_total,eco_isic4_a,2023,865.822
bol,sex_m,age_aggregate_total,eco_isic4_a,2024,818.472
bol,sex_m,age_aggregate_total,eco_isic4_b,2011,97.086
bol,sex_m,age_aggregate_total,eco_isic4_b,2012,105.609
bol,sex_m,age_aggregate_total,eco_isic4_b,2013,111.226
bol,sex_m,age_aggregate_total,eco_isic4_b,2014,97.888
bol,sex_m,age_aggregate_total,eco_isic4_b,2015,105.707
bol,sex_m,age_aggregate_total,eco_isic4_b,2016,78.643
bol,sex_m,age_aggregate_total,eco_isic4_b,2017,66.682
bol,sex_m,age_aggregate_total,eco_isic4_b,2018,84.203
bol,sex_m,age_aggregate_total,eco_isic4_b,2019,70.249
bol,sex_m,age_aggregate_total,eco_isic4_b,2020,50.483
bol,sex_m,age_aggregate_total,eco_isic4_b,2021,73.975
bol,sex_m,age_aggregate_total,eco_isic4_b,2022,76.575
bol,sex_m,age_aggregate_total,eco_isic4_b,2023,72.61
bol,sex_m,age_aggregate_total,eco_isic4_b,2024,89.95
bol,sex_m,age_aggregate_total,eco_isic4_c,2011,238.066
bol,sex_m,age_aggregate_total,eco_isic4_c,2012,217.879
bol,sex_m,age_aggregate_total,eco_isic4_c,2013,229.676
bol,sex_m,age_aggregate_total,eco_isic4_c,2014,297.541
bol,sex_m,age_aggregate_total,eco_isic4_c,2015,273.175
bol,sex_m,age_aggregate_total,eco_isic4_c,2016,291.805
bol,sex_m,age_aggregate_total,eco_isic4_c,2017,298.86
bol,sex_m,age_aggregate_total,eco_isic4_c,2018,307.235
bol,sex_m,age_aggregate_total,eco_isic4_c,2019,352.721
bol,sex_m,age_aggregate_total,eco_isic4_c,2020,284.344
bol,sex_m,age_aggregate_total,eco_isic4_c,2021,369.554
bol,sex_m,age_aggregate_total,eco_isic4_c,2022,390.301
bol,sex_m,age_aggregate_total,eco_isic4_c,2023,397.142
bol,sex_m,age_aggregate_total,eco_isic4_c,2024,436.515
bol,sex_m,age_aggregate_total,eco_isic4_d,2011,6.988
bol,sex_m,age_aggregate_total,eco_isic4_d,2012,13.098
bol,sex_m,age_aggregate_total,eco_isic4_d,2013,9.25
bol,sex_m,age_aggregate_total,eco_isic4_d,2014,7.641
bol,sex_m,age_aggregate_total,eco_isic4_d,2015,6.799
bol,sex_m,age_aggregate_total,eco_isic4_d,2016,9.058
bol,sex_m,age_aggregate_total,eco_isic4_d,2017,6.29
bol,sex_m,age_aggregate_total,eco_isic4_d,2018,7.527
bol,sex_m,age_aggregate_total,eco_isic4_d,2019,8.672
bol,sex_m,age_aggregate_total,eco_isic4_d,2020,8.155
bol,sex_m,age_aggregate_total,eco_isic4_d,2021,8.389
bol,sex_m,age_aggregate_total,eco_isic4_d,2022,8.939
bol,sex_m,age_aggregate_total,eco_isic4_d,2023,6.241
bol,sex_m,age_aggregate_total,eco_isic4_d,2024,8.81
bol,sex_m,age_aggregate_total,eco_isic4_e,2011,6.385
bol,sex_m,age_aggregate_total,eco_isic4_e,2012,6.919
bol,sex_m,age_aggregate_total,eco_isic4_e,2013,5.385
bol,sex_m,age_aggregate_total,eco_isic4_e,2014,5.149
bol,sex_m,age_aggregate_total,eco_isic4_e,2015,7.217
bol,sex_m,age_aggregate_total,eco_isic4_e,2016,6.868
bol,sex_m,age_aggregate_total,eco_isic4_e,2017,5.791
bol,sex_m,age_aggregate_total,eco_isic4_e,2018,6.554
bol,sex_m,age_aggregate_total,eco_isic4_e,2019,5.851
bol,sex_m,age_aggregate_total,eco_isic4_e,2020,3.812
bol,sex_m,age_aggregate_total,eco_isic4_e,2021,6.655
bol,sex_m,age_aggregate_total,eco_isic4_e,2022,6.808
bol,sex_m,age_aggregate_total,eco_isic4_e,2023,6.883
bol,sex_m,age_aggregate_total,eco_isic4_e,2024,6.679
bol,sex_m,age_aggregate_total,eco_isic4_f,2011,359.744
bol,sex_m,age_aggregate_total,eco_isic4_f,2012,339.295
bol,sex_m,age_aggregate_total,eco_isic4_f,2013,330.02
bol,sex_m,age_aggregate_total,eco_isic4_f,2014,424.534
bol,sex_m,age_aggregate_total,eco_isic4_f,2015,451.043
bol,sex_m,age_aggregate_total,eco_isic4_f,2016,410.027
bol,sex_m,age_aggregate_total,eco_isic4_f,2017,416.388
bol,sex_m,age_aggregate_total,eco_isic4_f,2018,391.839
bol,sex_m,age_aggregate_total,eco_isic4_f,2019,427.791
bol,sex_m,age_aggregate_total,eco_isic4_f,2020,422.1
bol,sex_m,age_aggregate_total,eco_isic4_f,2021,437.283
bol,sex_m,age_aggregate_total,eco_isic4_f,2022,458.334
bol,sex_m,age_aggregate_total,eco_isic4_f,2023,444.746
bol,sex_m,age_aggregate_total,eco_isic4_f,2024,474.565
bol,sex_m,age_aggregate_total,eco_isic4_g,2011,308.564
bol,sex_m,age_aggregate_total,eco_isic4_g,2012,313.581
bol,sex_m,age_aggregate_total,eco_isic4_g,2013,299.33
bol,sex_m,age_aggregate_total,eco_isic4_g,2014,327.28
bol,sex_m,age_aggregate_total,eco_isic4_g,2015,323.246
bol,sex_m,age_aggregate_total,eco_isic4_g,2016,300.925
bol,sex_m,age_aggregate_total,eco_isic4_g,2017,311.272
bol,sex_m,age_aggregate_total,eco_isic4_g,2018,332.543
bol,sex_m,age_aggregate_total,eco_isic4_g,2019,371.425
bol,sex_m,age_aggregate_total,eco_isic4_g,2020,420.625
bol,sex_m,age_aggregate_total,eco_isic4_g,2021,452.262
bol,sex_m,age_aggregate_total,eco_isic4_g,2022,478.12
bol,sex_m,age_aggregate_total,eco_isic4_g,2023,486.64
bol,sex_m,age_aggregate_total,eco_isic4_g,2024,510.036
bol,sex_m,age_aggregate_total,eco_isic4_h,2011,265.03
bol,sex_m,age_aggregate_total,eco_isic4_h,2012,279.135
bol,sex_m,age_aggregate_total,eco_isic4_h,2013,266.815
bol,sex_m,age_aggregate_total,eco_isic4_h,2014,280.925
bol,sex_m,age_aggregate_total,eco_isic4_h,2015,298.359
bol,sex_m,age_aggregate_total,eco_isic4_h,2016,309.584
bol,sex_m,age_aggregate_total,eco_isic4_h,2017,325.749
bol,sex_m,age_aggregate_total,eco_isic4_h,2018,327.338
bol,sex_m,age_aggregate_total,eco_isic4_h,2019,380.847
bol,sex_m,age_aggregate_total,eco_isic4_h,2020,310.329
bol,sex_m,age_aggregate_total,eco_isic4_h,2021,386.53
bol,sex_m,age_aggregate_total,eco_isic4_h,2022,441.662
bol,sex_m,age_aggregate_total,eco_isic4_h,2023,434.481
bol,sex_m,age_aggregate_total,eco_isic4_h,2024,449.274
bol,sex_m,age_aggregate_total,eco_isic4_i,2011,54.669
bol,sex_m,age_aggregate_total,eco_isic4_i,2012,60.197
bol,sex_m,age_aggregate_total,eco_isic4_i,2013,58.016
bol,sex_m,age_aggregate_total,eco_isic4_i,2014,58.634
bol,sex_m,age_aggregate_total,eco_isic4_i,2015,60.217
bol,sex_m,age_aggregate_total,eco_isic4_i,2016,56.752
bol,sex_m,age_aggregate_total,eco_isic4_i,2017,63.614
bol,sex_m,age_aggregate_total,eco_isic4_i,2018,77.57
bol,sex_m,age_aggregate_total,eco_isic4_i,2019,86.894
bol,sex_m,age_aggregate_total,eco_isic4_i,2020,85.566
bol,sex_m,age_aggregate_total,eco_isic4_i,2021,96.759
bol,sex_m,age_aggregate_total,eco_isic4_i,2022,118.13
bol,sex_m,age_aggregate_total,eco_isic4_i,2023,118.885
bol,sex_m,age_aggregate_total,eco_isic4_i,2024,134.207
bol,sex_m,age_aggregate_total,eco_isic4_j,2011,37.196
bol,sex_m,age_aggregate_total,eco_isic4_j,2012,33.805
bol,sex_m,age_aggregate_total,eco_isic4_j,2013,32.754
bol,sex_m,age_aggregate_total,eco_isic4_j,2014,33.546
bol,sex_m,age_aggregate_total,eco_isic4_j,2015,27.812
bol,sex_m,age_aggregate_total,eco_isic4_j,2016,26.267
bol,sex_m,age_aggregate_total,eco_isic4_j,2017,26.564
bol,sex_m,age_aggregate_total,eco_isic4_j,2018,25.957
bol,sex_m,age_aggregate_total,eco_isic4_j,2019,28.959
bol,sex_m,age_aggregate_total,eco_isic4_j,2020,32.668
bol,sex_m,age_aggregate_total,eco_isic4_j,2021,20.564
bol,sex_m,age_aggregate_total,eco_isic4_j,2022,22.186
bol,sex_m,age_aggregate_total,eco_isic4_j,2023,23.703
bol,sex_m,age_aggregate_total,eco_isic4_j,2024,28.001
bol,sex_m,age_aggregate_total,eco_isic4_k,2011,15.816
bol,sex_m,age_aggregate_total,eco_isic4_k,2012,21.361
bol,sex_m,age_aggregate_total,eco_isic4_k,2013,30.11
bol,sex_m,age_aggregate_total,eco_isic4_k,2014,24.664
bol,sex_m,age_aggregate_total,eco_isic4_k,2015,25.918
bol,sex_m,age_aggregate_total,eco_isic4_k,2016,20.675
bol,sex_m,age_aggregate_total,eco_isic4_k,2017,20.023
bol,sex_m,age_aggregate_total,eco_isic4_k,2018,20.757
bol,sex_m,age_aggregate_total,eco_isic4_k,2019,20.706
bol,sex_m,age_aggregate_total,eco_isic4_k,2020,31.515
bol,sex_m,age_aggregate_total,eco_isic4_k,2021,21.706
bol,sex_m,age_aggregate_total,eco_isic4_k,2022,25.091
bol,sex_m,age_aggregate_total,eco_isic4_k,2023,25.073
bol,sex_m,age_aggregate_total,eco_isic4_k,2024,27.662
bol,sex_m,age_aggregate_total,eco_isic4_l,2011,4.261
bol,sex_m,age_aggregate_total,eco_isic4_l,2012,2.656
bol,sex_m,age_aggregate_total,eco_isic4_l,2013,3.21
bol,sex_m,age_aggregate_total,eco_isic4_l,2014,5.018
bol,sex_m,age_aggregate_total,eco_isic4_l,2015,5.345
bol,sex_m,age_aggregate_total,eco_isic4_l,2016,9.913
bol,sex_m,age_aggregate_total,eco_isic4_l,2017,14.194
bol,sex_m,age_aggregate_total,eco_isic4_l,2018,13.152
bol,sex_m,age_aggregate_total,eco_isic4_l,2019,12.188
bol,sex_m,age_aggregate_total,eco_isic4_l,2020,8.646
bol,sex_m,age_aggregate_total,eco_isic4_l,2021,15.907
bol,sex_m,age_aggregate_total,eco_isic4_l,2022,15.973
bol,sex_m,age_aggregate_total,eco_isic4_l,2023,16.633
bol,sex_m,age_aggregate_total,eco_isic4_l,2024,16.942
bol,sex_m,age_aggregate_total,eco_isic4_m,2011,68.082
bol,sex_m,age_aggregate_total,eco_isic4_m,2012,68.632
bol,sex_m,age_aggregate_total,eco_isic4_m,2013,77.183
bol,sex_m,age_aggregate_total,eco_isic4_m,2014,64.546
bol,sex_m,age_aggregate_total,eco_isic4_m,2015,68.249
bol,sex_m,age_aggregate_total,eco_isic4_m,2016,55.295
bol,sex_m,age_aggregate_total,eco_isic4_m,2017,56.902
bol,sex_m,age_aggregate_total,eco_isic4_m,2018,56.774
bol,sex_m,age_aggregate_total,eco_isic4_m,2019,59.718
bol,sex_m,age_aggregate_total,eco_isic4_m,2020,93.842
bol,sex_m,age_aggregate_total,eco_isic4_m,2021,71.067
bol,sex_m,age_aggregate_total,eco_isic4_m,2022,78.958
bol,sex_m,age_aggregate_total,eco_isic4_m,2023,78.475
bol,sex_m,age_aggregate_total,eco_isic4_m,2024,74.567
bol,sex_m,age_aggregate_total,eco_isic4_n,2011,23.55
bol,sex_m,age_aggregate_total,eco_isic4_n,2012,30.629
bol,sex_m,age_aggregate_total,eco_isic4_n,2013,36.051
bol,sex_m,age_aggregate_total,eco_isic4_n,2014,37.365
bol,sex_m,age_aggregate_total,eco_isic4_n,2015,39.207
bol,sex_m,age_aggregate_total,eco_isic4_n,2016,36.341
bol,sex_m,age_aggregate_total,eco_isic4_n,2017,32.426
bol,sex_m,age_aggregate_total,eco_isic4_n,2018,37.879
bol,sex_m,age_aggregate_total,eco_isic4_n,2019,51.322
bol,sex_m,age_aggregate_total,eco_isic4_n,2020,40.71
bol,sex_m,age_aggregate_total,eco_isic4_n,2021,57.089
bol,sex_m,age_aggregate_total,eco_isic4_n,2022,68.15
bol,sex_m,age_aggregate_total,eco_isic4_n,2023,71.994
bol,sex_m,age_aggregate_total,eco_isic4_n,2024,70.818
bol,sex_m,age_aggregate_total,eco_isic4_o,2011,111.394
bol,sex_m,age_aggregate_total,eco_isic4_o,2012,101.429
bol,sex_m,age_aggregate_total,eco_isic4_o,2013,119.007
bol,sex_m,age_aggregate_total,eco_isic4_o,2014,102.113
bol,sex_m,age_aggregate_total,eco_isic4_o,2015,110.069
bol,sex_m,age_aggregate_total,eco_isic4_o,2016,104.644
bol,sex_m,age_aggregate_total,eco_isic4_o,2017,97.954
bol,sex_m,age_aggregate_total,eco_isic4_o,2018,91.458
bol,sex_m,age_aggregate_total,eco_isic4_o,2019,96.438
bol,sex_m,age_aggregate_total,eco_isic4_o,2020,97.133
bol,sex_m,age_aggregate_total,eco_isic4_o,2021,95.236
bol,sex_m,age_aggregate_total,eco_isic4_o,2022,102.374
bol,sex_m,age_aggregate_total,eco_isic4_o,2023,101.106
bol,sex_m,age_aggregate_total,eco_isic4_o,2024,97.854
bol,sex_m,age_aggregate_total,eco_isic4_p,2011,102.478
bol,sex_m,age_aggregate_total,eco_isic4_p,2012,101.418
bol,sex_m,age_aggregate_total,eco_isic4_p,2013,123.365
bol,sex_m,age_aggregate_total,eco_isic4_p,2014,104.729
bol,sex_m,age_aggregate_total,eco_isic4_p,2015,86.019
bol,sex_m,age_aggregate_total,eco_isic4_p,2016,95.874
bol,sex_m,age_aggregate_total,eco_isic4_p,2017,96.507
bol,sex_m,age_aggregate_total,eco_isic4_p,2018,98.266
bol,sex_m,age_aggregate_total,eco_isic4_p,2019,105.889
bol,sex_m,age_aggregate_total,eco_isic4_p,2020,83.673
bol,sex_m,age_aggregate_total,eco_isic4_p,2021,108.872
bol,sex_m,age_aggregate_total,eco_isic4_p,2022,114.738
bol,sex_m,age_aggregate_total,eco_isic4_p,2023,129.928
bol,sex_m,age_aggregate_total,eco_isic4_p,2024,123.233
bol,sex_m,age_aggregate_total,eco_isic4_q,2011,41.976
bol,sex_m,age_aggregate_total,eco_isic4_q,2012,41.34
bol,sex_m,age_aggregate_total,eco_isic4_q,2013,54.485
bol,sex_m,age_aggregate_total,eco_isic4_q,2014,37.846
bol,sex_m,age_aggregate_total,eco_isic4_q,2015,47.44
bol,sex_m,age_aggregate_total,eco_isic4_q,2016,41.543
bol,sex_m,age_aggregate_total,eco_isic4_q,2017,39.401
bol,sex_m,age_aggregate_total,eco_isic4_q,2018,39.452
bol,sex_m,age_aggregate_total,eco_isic4_q,2019,42.007
bol,sex_m,age_aggregate_total,eco_isic4_q,2020,58.064
bol,sex_m,age_aggregate_total,eco_isic4_q,2021,47.394
bol,sex_m,age_aggregate_total,eco_isic4_q,2022,47.096
bol,sex_m,age_aggregate_total,eco_isic4_q,2023,57.451
bol,sex_m,age_aggregate_total,eco_isic4_q,2024,63.064
bol,sex_m,age_aggregate_total,eco_isic4_r,2011,27.976
bol,sex_m,age_aggregate_total,eco_isic4_r,2012,30.075
bol,sex_m,age_aggregate_total,eco_isic4_r,2013,30.133
bol,sex_m,age_aggregate_total,eco_isic4_r,2014,23.817
bol,sex_m,age_aggregate_total,eco_isic4_r,2015,27.421
bol,sex_m,age_aggregate_total,eco_isic4_r,2016,27.081
bol,sex_m,age_aggregate_total,eco_isic4_r,2017,26.41
bol,sex_m,age_aggregate_total,eco_isic4_r,2018,29.819
bol,sex_m,age_aggregate_total,eco_isic4_r,2019,29.718
bol,sex_m,age_aggregate_total,eco_isic4_r,2020,18.574
bol,sex_m,age_aggregate_total,eco_isic4_r,2021,23.22
bol,sex_m,age_aggregate_total,eco_isic4_r,2022,34.683
bol,sex_m,age_aggregate_total,eco_isic4_r,2023,45.981
bol,sex_m,age_aggregate_total,eco_isic4_r,2024,43.109
bol,sex_m,age_aggregate_total,eco_isic4_s,2011,49.267
bol,sex_m,age_aggregate_total,eco_isic4_s,2012,53.586
bol,sex_m,age_aggregate_total,eco_isic4_s,2013,48.01
bol,sex_m,age_aggregate_total,eco_isic4_s,2014,44.303
bol,sex_m,age_aggregate_total,eco_isic4_s,2015,59.254
bol,sex_m,age_aggregate_total,eco_isic4_s,2016,49.509
bol,sex_m,age_aggregate_total,eco_isic4_s,2017,51.802
bol,sex_m,age_aggregate_total,eco_isic4_s,2018,57.748
bol,sex_m,age_aggregate_total,eco_isic4_s,2019,69.804
bol,sex_m,age_aggregate_total,eco_isic4_s,2020,83.793
bol,sex_m,age_aggregate_total,eco_isic4_s,2021,72.746
bol,sex_m,age_aggregate_total,eco_isic4_s,2022,65.604
bol,sex_m,age_aggregate_total,eco_isic4_s,2023,63.158
bol,sex_m,age_aggregate_total,eco_isic4_s,2024,72.484
bol,sex_m,age_aggregate_total,eco_isic4_t,2011,4.359
bol,sex_m,age_aggregate_total,eco_isic4_t,2012,4.482
bol,sex_m,age_aggregate_total,eco_isic4_t,2013,3.233
bol,sex_m,age_aggregate_total,eco_isic4_t,2014,4.491
bol,sex_m,age_aggregate_total,eco_isic4_t,2015,7.709
bol,sex_m,age_aggregate_total,eco_isic4_t,2016,2.693
bol,sex_m,age_aggregate_total,eco_isic4_t,2017,3.938
bol,sex_m,age_aggregate_total,eco_isic4_t,2018,5.134
bol,sex_m,age_aggregate_total,eco_isic4_t,2019,6.378
bol,sex_m,age_aggregate_total,eco_isic4_t,2020,2.442
bol,sex_m,age_aggregate_total,eco_isic4_t,2021,7.313
bol,sex_m,age_aggregate_total,eco_isic4_t,2022,6.29
bol,sex_m,age_aggregate_total,eco_isic4_t,2023,5.742
bol,sex_m,age_aggregate_total,eco_isic4_t,2024,4.849
bol,sex_m,age_aggregate_total,eco_isic4_total,2011,2679.798
bol,sex_m,age_aggregate_total,eco_isic4_total,2012,2631.456
bol,sex_m,age_aggregate_total,eco_isic4_total,2013,2762.75
bol,sex_m,age_aggregate_total,eco_isic4_total,2014,2851.183
bol,sex_m,age_aggregate_total,eco_isic4_total,2015,2860.593
bol,sex_m,age_aggregate_total,eco_isic4_total,2016,2765.604
bol,sex_m,age_aggregate_total,eco_isic4_total,2017,2816.052
bol,sex_m,age_aggregate_total,eco_isic4_total,2018,2914.814
bol,sex_m,age_aggregate_total,eco_isic4_total,2019,3059.93
bol,sex_m,age_aggregate_total,eco_isic4_total,2020,3079.264
bol,sex_m,age_aggregate_total,eco_isic4_total,2021,3274.59
bol,sex_m,age_aggregate_total,eco_isic4_total,2022,3412.124
bol,sex_m,age_aggregate_total,eco_isic4_total,2023,3460.792
bol,sex_m,age_aggregate_total,eco_isic4_total,2024,3564.275
bol,sex_m,age_aggregate_total,eco_isic4_u,2012,1.619
bol,sex_m,age_aggregate_total,eco_isic4_u,2016,0.447
bol,sex_m,age_aggregate_total,eco_isic4_u,2017,0.79
bol,sex_m,age_aggregate_total,eco_isic4_u,2018,0.795
bol,sex_m,age_aggregate_total,eco_isic4_u,2019,0.654
bol,sex_m,age_aggregate_total,eco_isic4_u,2022,0.816
bol,sex_m,age_aggregate_total,eco_isic4_u,2024,0.6
bol,sex_m,age_aggregate_total,eco_isic4_x,2015,2.843
bol,sex_m,age_aggregate_total,eco_isic4_x,2017,0.461
bol,sex_m,age_aggregate_total,eco_isic4_x,2020,6.848
bol,sex_m,age_aggregate_total,eco_isic4_x,2021,6.857
bol,sex_m,age_aggregate_total,eco_isic4_x,2022,8.864
bol,sex_m,age_aggregate_total,eco_isic4_x,2023,7.845
bol,sex_m,age_aggregate_total,eco_isic4_x,2024,12.584
bol,sex_m,age_aggregate_total,eco_sector_agr,1991,12.787
bol,sex_m,age_aggregate_total,eco_sector_agr,1992,15.725
bol,sex_m,age_aggregate_total,eco_sector_agr,1993,16.846
bol,sex_m,age_aggregate_total,eco_sector_agr,1994,15.392
bol,sex_m,age_aggregate_total,eco_sector_agr,1995,21.195
bol,sex_m,age_aggregate_total,eco_sector_agr,1999,7.389
bol,sex_m,age_aggregate_total,eco_sector_agr,2000,718.102
bol,sex_m,age_aggregate_total,eco_sector_agr,2001,827.084
bol,sex_m,age_aggregate_total,eco_sector_agr,2002,844.887
bol,sex_m,age_aggregate_total,eco_sector_agr,2005,751.199
bol,sex_m,age_aggregate_total,eco_sector_agr,2006,844.285
bol,sex_m,age_aggregate_total,eco_sector_agr,2007,741.46
bol,sex_m,age_aggregate_total,eco_sector_agr,2008,776.898
bol,sex_m,age_aggregate_total,eco_sector_agr,2009,769.851
bol,sex_m,age_aggregate_total,eco_sector_agr,2011,855.712
bol,sex_m,age_aggregate_total,eco_sector_agr,2012,804.711
bol,sex_m,age_aggregate_total,eco_sector_agr,2013,895.21
bol,sex_m,age_aggregate_total,eco_sector_agr,2014,868.738
bol,sex_m,age_aggregate_total,eco_sector_agr,2015,826.891
bol,sex_m,age_aggregate_total,eco_sector_agr,2016,831.662
bol,sex_m,age_aggregate_total,eco_sector_agr,2017,854.032
bol,sex_m,age_aggregate_total,eco_sector_agr,2018,902.813
bol,sex_m,age_aggregate_total,eco_sector_agr,2019,831.7
bol,sex_m,age_aggregate_total,eco_sector_agr,2020,934.951
bol,sex_m,age_aggregate_total,eco_sector_agr,2021,895.112
bol,sex_m,age_aggregate_total,eco_sector_agr,2022,842.434
bol,sex_m,age_aggregate_total,eco_sector_agr,2023,865.822
bol,sex_m,age_aggregate_total,eco_sector_agr,2024,818.472
bol,sex_m,age_aggregate_total,eco_sector_ind,1989,110.372
bol,sex_m,age_aggregate_total,eco_sector_ind,1990,126.193
bol,sex_m,age_aggregate_total,eco_sector_ind,1991,223.204
bol,sex_m,age_aggregate_total,eco_sector_ind,1992,243.963
bol,sex_m,age_aggregate_total,eco_sector_ind,1993,228.65
bol,sex_m,age_aggregate_total,eco_sector_ind,1994,261.856
bol,sex_m,age_aggregate_total,eco_sector_ind,1995,263.249
bol,sex_m,age_aggregate_total,eco_sector_ind,1999,322.716
bol,sex_m,age_aggregate_total,eco_sector_ind,2000,510.925
bol,sex_m,age_aggregate_total,eco_sector_ind,2001,433.508
bol,sex_m,age_aggregate_total,eco_sector_ind,2002,492.106
bol,sex_m,age_aggregate_total,eco_sector_ind,2005,602.649
bol,sex_m,age_aggregate_total,eco_sector_ind,2006,570.262
bol,sex_m,age_aggregate_total,eco_sector_ind,2007,701.978
bol,sex_m,age_aggregate_total,eco_sector_ind,2008,691.348
bol,sex_m,age_aggregate_total,eco_sector_ind,2009,752.172
bol,sex_m,age_aggregate_total,eco_sector_ind,2011,708.269
bol,sex_m,age_aggregate_total,eco_sector_ind,2012,682.8
bol,sex_m,age_aggregate_total,eco_sector_ind,2013,685.557
bol,sex_m,age_aggregate_total,eco_sector_ind,2014,832.753
bol,sex_m,age_aggregate_total,eco_sector_ind,2015,843.941
bol,sex_m,age_aggregate_total,eco_sector_ind,2016,796.401
bol,sex_m,age_aggregate_total,eco_sector_ind,2017,794.012
bol,sex_m,age_aggregate_total,eco_sector_ind,2018,797.358
bol,sex_m,age_aggregate_total,eco_sector_ind,2019,865.284
bol,sex_m,age_aggregate_total,eco_sector_ind,2020,768.895
bol,sex_m,age_aggregate_total,eco_sector_ind,2021,895.855
bol,sex_m,age_aggregate_total,eco_sector_ind,2022,940.955
bol,sex_m,age_aggregate_total,eco_sector_ind,2023,927.622
bol,sex_m,age_aggregate_total,eco_sector_ind,2024,1016.52
bol,sex_m,age_aggregate_total,eco_sector_nag,1989,499.767
bol,sex_m,age_aggregate_total,eco_sector_nag,1990,529.488
bol,sex_m,age_aggregate_total,eco_sector_nag,1991,545.547
bol,sex_m,age_aggregate_total,eco_sector_nag,1992,565.083
bol,sex_m,age_aggregate_total,eco_sector_nag,1993,583.701
bol,sex_m,age_aggregate_total,eco_sector_nag,1994,638.675
bol,sex_m,age_aggregate_total,eco_sector_nag,1995,657.786
bol,sex_m,age_aggregate_total,eco_sector_nag,1999,2090.903
bol,sex_m,age_aggregate_total,eco_sector_nag,2000,1187.17
bol,sex_m,age_aggregate_total,eco_sector_nag,2001,1105.289
bol,sex_m,age_aggregate_total,eco_sector_nag,2002,1163.329
bol,sex_m,age_aggregate_total,eco_sector_nag,2005,1425.691
bol,sex_m,age_aggregate_total,eco_sector_nag,2006,1469.193
bol,sex_m,age_aggregate_total,eco_sector_nag,2007,1639.291
bol,sex_m,age_aggregate_total,eco_sector_nag,2008,1733.235
bol,sex_m,age_aggregate_total,eco_sector_nag,2009,1842.554
bol,sex_m,age_aggregate_total,eco_sector_nag,2011,1824.086
bol,sex_m,age_aggregate_total,eco_sector_nag,2012,1826.745
bol,sex_m,age_aggregate_total,eco_sector_nag,2013,1867.54
bol,sex_m,age_aggregate_total,eco_sector_nag,2014,1982.445
bol,sex_m,age_aggregate_total,eco_sector_nag,2015,2033.702
bol,sex_m,age_aggregate_total,eco_sector_nag,2016,1933.942
bol,sex_m,age_aggregate_total,eco_sector_nag,2017,1962.02
bol,sex_m,age_aggregate_total,eco_sector_nag,2018,2012.001
bol,sex_m,age_aggregate_total,eco_sector_nag,2019,2228.23
bol,sex_m,age_aggregate_total,eco_sector_nag,2020,2144.313
bol,sex_m,age_aggregate_total,eco_sector_nag,2021,2379.478
bol,sex_m,age_aggregate_total,eco_sector_nag,2022,2569.69
bol,sex_m,age_aggregate_total,eco_sector_nag,2023,2594.97
bol,sex_m,age_aggregate_total,eco_sector_nag,2024,2745.803
bol,sex_m,age_aggregate_total,eco_sector_ser,1989,371.716
bol,sex_m,age_aggregate_total,eco_sector_ser,1990,381.823
bol,sex_m,age_aggregate_total,eco_sector_ser,1991,322.308
bol,sex_m,age_aggregate_total,eco_sector_ser,1992,320.066
bol,sex_m,age_aggregate_total,eco_sector_ser,1993,354.984
bol,sex_m,age_aggregate_total,eco_sector_ser,1994,376.819
bol,sex_m,age_aggregate_total,eco_sector_ser,1995,393.191
bol,sex_m,age_aggregate_total,eco_sector_ser,1999,1573.859
bol,sex_m,age_aggregate_total,eco_sector_ser,2000,666.38
bol,sex_m,age_aggregate_total,eco_sector_ser,2001,657.823
bol,sex_m,age_aggregate_total,eco_sector_ser,2002,671.223
bol,sex_m,age_aggregate_total,eco_sector_ser,2005,823.042
bol,sex_m,age_aggregate_total,eco_sector_ser,2006,898.931
bol,sex_m,age_aggregate_total,eco_sector_ser,2007,937.313
bol,sex_m,age_aggregate_total,eco_sector_ser,2008,1040.543
bol,sex_m,age_aggregate_total,eco_sector_ser,2009,1090.382
bol,sex_m,age_aggregate_total,eco_sector_ser,2011,1115.817
bol,sex_m,age_aggregate_total,eco_sector_ser,2012,1143.945
bol,sex_m,age_aggregate_total,eco_sector_ser,2013,1181.823
bol,sex_m,age_aggregate_total,eco_sector_ser,2014,1149.495
bol,sex_m,age_aggregate_total,eco_sector_ser,2015,1186.918
bol,sex_m,age_aggregate_total,eco_sector_ser,2016,1137.541
bol,sex_m,age_aggregate_total,eco_sector_ser,2017,1167.547
bol,sex_m,age_aggregate_total,eco_sector_ser,2018,1214.643
bol,sex_m,age_aggregate_total,eco_sector_ser,2019,1362.946
bol,sex_m,age_aggregate_total,eco_sector_ser,2020,1368.569
bol,sex_m,age_aggregate_total,eco_sector_ser,2021,1476.766
bol,sex_m,age_aggregate_total,eco_sector_ser,2022,1619.871
bol,sex_m,age_aggregate_total,eco_sector_ser,2023,1659.503
bol,sex_m,age_aggregate_total,eco_sector_ser,2024,1716.699
bol,sex_m,age_aggregate_total,eco_sector_total,1989,499.767
bol,sex_m,age_aggregate_total,eco_sector_total,1990,529.488
bol,sex_m,age_aggregate_total,eco_sector_total,1991,558.334
bol,sex_m,age_aggregate_total,eco_sector_total,1992,580.808
bol,sex_m,age_aggregate_total,eco_sector_total,1993,600.547
bol,sex_m,age_aggregate_total,eco_sector_total,1994,654.067
bol,sex_m,age_aggregate_total,eco_sector_total,1995,678.981
bol,sex_m,age_aggregate_total,eco_sector_total,1999,2098.292
bol,sex_m,age_aggregate_total,eco_sector_total,2000,1905.272
bol,sex_m,age_aggregate_total,eco_sector_total,2001,1932.373
bol,sex_m,age_aggregate_total,eco_sector_total,2002,2008.216
bol,sex_m,age_aggregate_total,eco_sector_total,2005,2176.89
bol,sex_m,age_aggregate_total,eco_sector_total,2006,2313.478
bol,sex_m,age_aggregate_total,eco_sector_total,2007,2380.751
bol,sex_m,age_aggregate_total,eco_sector_total,2008,2510.133
bol,sex_m,age_aggregate_total,eco_sector_total,2009,2612.405
bol,sex_m,age_aggregate_total,eco_sector_total,2011,2679.798
bol,sex_m,age_aggregate_total,eco_sector_total,2012,2631.456
bol,sex_m,age_aggregate_total,eco_sector_total,2013,2762.75
bol,sex_m,age_aggregate_total,eco_sector_total,2014,2851.183
bol,sex_m,age_aggregate_total,eco_sector_total,2015,2860.593
bol,sex_m,age_aggregate_total,eco_sector_total,2016,2765.604
bol,sex_m,age_aggregate_total,eco_sector_total,2017,2816.052
bol,sex_m,age_aggregate_total,eco_sector_total,2018,2914.814
bol,sex_m,age_aggregate_total,eco_sector_total,2019,3059.93
bol,sex_m,age_aggregate_total,eco_sector_total,2020,3079.264
bol,sex_m,age_aggregate_total,eco_sector_total,2021,3274.59
bol,sex_m,age_aggregate_total,eco_sector_total,2022,3412.124
bol,sex_m,age_aggregate_total,eco_sector_total,2023,3460.792
bol,sex_m,age_aggregate_total,eco_sector_total,2024,3564.275
bol,sex_m,age_aggregate_total,eco_sector_x,1989,17.679
bol,sex_m,age_aggregate_total,eco_sector_x,1990,21.472
bol,sex_m,age_aggregate_total,eco_sector_x,1992,1.054
bol,sex_m,age_aggregate_total,eco_sector_x,1995,1.346
bol,sex_m,age_aggregate_total,eco_sector_x,1999,194.328
bol,sex_m,age_aggregate_total,eco_sector_x,2000,9.865
bol,sex_m,age_aggregate_total,eco_sector_x,2001,13.958
bol,sex_m,age_aggregate_total,eco_sector_x,2015,2.843
bol,sex_m,age_aggregate_total,eco_sector_x,2017,0.461
bol,sex_m,age_aggregate_total,eco_sector_x,2020,6.848
bol,sex_m,age_aggregate_total,eco_sector_x,2021,6.857
bol,sex_m,age_aggregate_total,eco_sector_x,2022,8.864
bol,sex_m,age_aggregate_total,eco_sector_x,2023,7.845
bol,sex_m,age_aggregate_total,eco_sector_x,2024,12.584
bol,sex_m,age_aggregate_y15_24,eco_aggregate_agr,1991,2.222
bol,sex_m,age_aggregate_y15_24,eco_aggregate_agr,1992,1.967
bol,sex_m,age_aggregate_y15_24,eco_aggregate_agr,1993,3.03
bol,sex_m,age_aggregate_y15_24,eco_aggregate_agr,1994,2.253
bol,sex_m,age_aggregate_y15_24,eco_aggregate_agr,1995,2.994
bol,sex_m,age_aggregate_y15_24,eco_aggregate_agr,2000,177.121
bol,sex_m,age_aggregate_y15_24,eco_aggregate_agr,2001,229.719
bol,sex_m,age_aggregate_y15_24,eco_aggregate_agr,2002,247.479
bol,sex_m,age_aggregate_y15_24,eco_aggregate_agr,2005,170.2
bol,sex_m,age_aggregate_y15_24,eco_aggregate_agr,2006,212.516
bol,sex_m,age_aggregate_y15_24,eco_aggregate_agr,2007,198.929
bol,sex_m,age_aggregate_y15_24,eco_aggregate_agr,2008,176.253
bol,sex_m,age_aggregate_y15_24,eco_aggregate_agr,2009,162.291
bol,sex_m,age_aggregate_y15_24,eco_aggregate_agr,2011,204.81
bol,sex_m,age_aggregate_y15_24,eco_aggregate_agr,2012,176.098
bol,sex_m,age_aggregate_y15_24,eco_aggregate_agr,2013,160.744
bol,sex_m,age_aggregate_y15_24,eco_aggregate_agr,2014,171.694
bol,sex_m,age_aggregate_y15_24,eco_aggregate_agr,2015,148.765
bol,sex_m,age_aggregate_y15_24,eco_aggregate_agr,2016,164.111
bol,sex_m,age_aggregate_y15_24,eco_aggregate_agr,2017,169.97
bol,sex_m,age_aggregate_y15_24,eco_aggregate_agr,2018,170.116
bol,sex_m,age_aggregate_y15_24,eco_aggregate_agr,2019,156.177
bol,sex_m,age_aggregate_y15_24,eco_aggregate_agr,2020,172.957
bol,sex_m,age_aggregate_y15_24,eco_aggregate_agr,2021,180.715
bol,sex_m,age_aggregate_y15_24,eco_aggregate_agr,2022,166.452
bol,sex_m,age_aggregate_y15_24,eco_aggregate_agr,2023,171.655
bol,sex_m,age_aggregate_y15_24,eco_aggregate_agr,2024,148.38
bol,sex_m,age_aggregate_y15_24,eco_aggregate_con,1991,21.194
bol,sex_m,age_aggregate_y15_24,eco_aggregate_con,1992,22.673
bol,sex_m,age_aggregate_y15_24,eco_aggregate_con,1993,20.641
bol,sex_m,age_aggregate_y15_24,eco_aggregate_con,1994,28.043
bol,sex_m,age_aggregate_y15_24,eco_aggregate_con,1995,25.728
bol,sex_m,age_aggregate_y15_24,eco_aggregate_con,2000,56.21
bol,sex_m,age_aggregate_y15_24,eco_aggregate_con,2001,39.297
bol,sex_m,age_aggregate_y15_24,eco_aggregate_con,2002,39.066
bol,sex_m,age_aggregate_y15_24,eco_aggregate_con,2005,43.72
bol,sex_m,age_aggregate_y15_24,eco_aggregate_con,2006,61.454
bol,sex_m,age_aggregate_y15_24,eco_aggregate_con,2007,85.923
bol,sex_m,age_aggregate_y15_24,eco_aggregate_con,2008,67.664
bol,sex_m,age_aggregate_y15_24,eco_aggregate_con,2009,80.867
bol,sex_m,age_aggregate_y15_24,eco_aggregate_con,2011,94.814
bol,sex_m,age_aggregate_y15_24,eco_aggregate_con,2012,67.154
bol,sex_m,age_aggregate_y15_24,eco_aggregate_con,2013,72.802
bol,sex_m,age_aggregate_y15_24,eco_aggregate_con,2014,106.124
bol,sex_m,age_aggregate_y15_24,eco_aggregate_con,2015,103.83
bol,sex_m,age_aggregate_y15_24,eco_aggregate_con,2016,92.412
bol,sex_m,age_aggregate_y15_24,eco_aggregate_con,2017,92.027
bol,sex_m,age_aggregate_y15_24,eco_aggregate_con,2018,82.116
bol,sex_m,age_aggregate_y15_24,eco_aggregate_con,2019,85.115
bol,sex_m,age_aggregate_y15_24,eco_aggregate_con,2020,81.216
bol,sex_m,age_aggregate_y15_24,eco_aggregate_con,2021,88.029
bol,sex_m,age_aggregate_y15_24,eco_aggregate_con,2022,80.355
bol,sex_m,age_aggregate_y15_24,eco_aggregate_con,2023,76.697
bol,sex_m,age_aggregate_y15_24,eco_aggregate_con,2024,80.7
bol,sex_m,age_aggregate_y15_24,eco_aggregate_man,1989,20.017
bol,sex_m,age_aggregate_y15_24,eco_aggregate_man,1990,31.508
bol,sex_m,age_aggregate_y15_24,eco_aggregate_man,1991,32.182
bol,sex_m,age_aggregate_y15_24,eco_aggregate_man,1992,38.214
bol,sex_m,age_aggregate_y15_24,eco_aggregate_man,1993,35.64
bol,sex_m,age_aggregate_y15_24,eco_aggregate_man,1994,38.894
bol,sex_m,age_aggregate_y15_24,eco_aggregate_man,1995,42.782
bol,sex_m,age_aggregate_y15_24,eco_aggregate_man,1999,26.738
bol,sex_m,age_aggregate_y15_24,eco_aggregate_man,2000,58.559
bol,sex_m,age_aggregate_y15_24,eco_aggregate_man,2001,60.644
bol,sex_m,age_aggregate_y15_24,eco_aggregate_man,2002,59.498
bol,sex_m,age_aggregate_y15_24,eco_aggregate_man,2005,73.421
bol,sex_m,age_aggregate_y15_24,eco_aggregate_man,2006,58.758
bol,sex_m,age_aggregate_y15_24,eco_aggregate_man,2007,79.966
bol,sex_m,age_aggregate_y15_24,eco_aggregate_man,2008,72.721
bol,sex_m,age_aggregate_y15_24,eco_aggregate_man,2009,85.178
bol,sex_m,age_aggregate_y15_24,eco_aggregate_man,2011,58.308
bol,sex_m,age_aggregate_y15_24,eco_aggregate_man,2012,55.071
bol,sex_m,age_aggregate_y15_24,eco_aggregate_man,2013,49.627
bol,sex_m,age_aggregate_y15_24,eco_aggregate_man,2014,73.858
bol,sex_m,age_aggregate_y15_24,eco_aggregate_man,2015,56.777
bol,sex_m,age_aggregate_y15_24,eco_aggregate_man,2016,59.774
bol,sex_m,age_aggregate_y15_24,eco_aggregate_man,2017,57.234
bol,sex_m,age_aggregate_y15_24,eco_aggregate_man,2018,58.053
bol,sex_m,age_aggregate_y15_24,eco_aggregate_man,2019,72.606
bol,sex_m,age_aggregate_y15_24,eco_aggregate_man,2020,51.724
bol,sex_m,age_aggregate_y15_24,eco_aggregate_man,2021,80.471
bol,sex_m,age_aggregate_y15_24,eco_aggregate_man,2022,82.653
bol,sex_m,age_aggregate_y15_24,eco_aggregate_man,2023,83.683
bol,sex_m,age_aggregate_y15_24,eco_aggregate_man,2024,89.499
bol,sex_m,age_aggregate_y15_24,eco_aggregate_mel,1989,2.603
bol,sex_m,age_aggregate_y15_24,eco_aggregate_mel,1990,1.667
bol,sex_m,age_aggregate_y15_24,eco_aggregate_mel,1991,3.14
bol,sex_m,age_aggregate_y15_24,eco_aggregate_mel,1992,2.551
bol,sex_m,age_aggregate_y15_24,eco_aggregate_mel,1993,2.214
bol,sex_m,age_aggregate_y15_24,eco_aggregate_mel,1994,2.074
bol,sex_m,age_aggregate_y15_24,eco_aggregate_mel,1995,1.635
bol,sex_m,age_aggregate_y15_24,eco_aggregate_mel,1999,12.114
bol,sex_m,age_aggregate_y15_24,eco_aggregate_mel,2000,10.868
bol,sex_m,age_aggregate_y15_24,eco_aggregate_mel,2001,6.204
bol,sex_m,age_aggregate_y15_24,eco_aggregate_mel,2002,4.774
bol,sex_m,age_aggregate_y15_24,eco_aggregate_mel,2005,12.795
bol,sex_m,age_aggregate_y15_24,eco_aggregate_mel,2006,12.749
bol,sex_m,age_aggregate_y15_24,eco_aggregate_mel,2007,15.043
bol,sex_m,age_aggregate_y15_24,eco_aggregate_mel,2008,15.332
bol,sex_m,age_aggregate_y15_24,eco_aggregate_mel,2009,10.684
bol,sex_m,age_aggregate_y15_24,eco_aggregate_mel,2011,14.108
bol,sex_m,age_aggregate_y15_24,eco_aggregate_mel,2012,21.752
bol,sex_m,age_aggregate_y15_24,eco_aggregate_mel,2013,19.19
bol,sex_m,age_aggregate_y15_24,eco_aggregate_mel,2014,18.273
bol,sex_m,age_aggregate_y15_24,eco_aggregate_mel,2015,21.68
bol,sex_m,age_aggregate_y15_24,eco_aggregate_mel,2016,13.2
bol,sex_m,age_aggregate_y15_24,eco_aggregate_mel,2017,10.752
bol,sex_m,age_aggregate_y15_24,eco_aggregate_mel,2018,14.332
bol,sex_m,age_aggregate_y15_24,eco_aggregate_mel,2019,12.298
bol,sex_m,age_aggregate_y15_24,eco_aggregate_mel,2020,4.198
bol,sex_m,age_aggregate_y15_24,eco_aggregate_mel,2021,17.263
bol,sex_m,age_aggregate_y15_24,eco_aggregate_mel,2022,15.117
bol,sex_m,age_aggregate_y15_24,eco_aggregate_mel,2023,10.068
bol,sex_m,age_aggregate_y15_24,eco_aggregate_mel,2024,17.045
bol,sex_m,age_aggregate_y15_24,eco_aggregate_mkt,1989,41.292
bol,sex_m,age_aggregate_y15_24,eco_aggregate_mkt,1990,42.489
bol,sex_m,age_aggregate_y15_24,eco_aggregate_mkt,1991,40.739
bol,sex_m,age_aggregate_y15_24,eco_aggregate_mkt,1992,44.056
bol,sex_m,age_aggregate_y15_24,eco_aggregate_mkt,1993,57.034
bol,sex_m,age_aggregate_y15_24,eco_aggregate_mkt,1994,58.5
bol,sex_m,age_aggregate_y15_24,eco_aggregate_mkt,1995,64.866
bol,sex_m,age_aggregate_y15_24,eco_aggregate_mkt,1999,368.959
bol,sex_m,age_aggregate_y15_24,eco_aggregate_mkt,2000,91.245
bol,sex_m,age_aggregate_y15_24,eco_aggregate_mkt,2001,107.167
bol,sex_m,age_aggregate_y15_24,eco_aggregate_mkt,2002,107.382
bol,sex_m,age_aggregate_y15_24,eco_aggregate_mkt,2005,106.024
bol,sex_m,age_aggregate_y15_24,eco_aggregate_mkt,2006,131.661
bol,sex_m,age_aggregate_y15_24,eco_aggregate_mkt,2007,117.892
bol,sex_m,age_aggregate_y15_24,eco_aggregate_mkt,2008,147.143
bol,sex_m,age_aggregate_y15_24,eco_aggregate_mkt,2009,139.797
bol,sex_m,age_aggregate_y15_24,eco_aggregate_mkt,2011,162.725
bol,sex_m,age_aggregate_y15_24,eco_aggregate_mkt,2012,149.583
bol,sex_m,age_aggregate_y15_24,eco_aggregate_mkt,2013,136.536
bol,sex_m,age_aggregate_y15_24,eco_aggregate_mkt,2014,161.571
bol,sex_m,age_aggregate_y15_24,eco_aggregate_mkt,2015,146.995
bol,sex_m,age_aggregate_y15_24,eco_aggregate_mkt,2016,136.273
bol,sex_m,age_aggregate_y15_24,eco_aggregate_mkt,2017,148.472
bol,sex_m,age_aggregate_y15_24,eco_aggregate_mkt,2018,165.213
bol,sex_m,age_aggregate_y15_24,eco_aggregate_mkt,2019,195.517
bol,sex_m,age_aggregate_y15_24,eco_aggregate_mkt,2020,132.633
bol,sex_m,age_aggregate_y15_24,eco_aggregate_mkt,2021,241.887
bol,sex_m,age_aggregate_y15_24,eco_aggregate_mkt,2022,275.449
bol,sex_m,age_aggregate_y15_24,eco_aggregate_mkt,2023,269.009
bol,sex_m,age_aggregate_y15_24,eco_aggregate_mkt,2024,290.573
bol,sex_m,age_aggregate_y15_24,eco_aggregate_pub,1989,29.957
bol,sex_m,age_aggregate_y15_24,eco_aggregate_pub,1990,34.74
bol,sex_m,age_aggregate_y15_24,eco_aggregate_pub,1991,22.006
bol,sex_m,age_aggregate_y15_24,eco_aggregate_pub,1992,15.843
bol,sex_m,age_aggregate_y15_24,eco_aggregate_pub,1993,18.664
bol,sex_m,age_aggregate_y15_24,eco_aggregate_pub,1994,17.336
bol,sex_m,age_aggregate_y15_24,eco_aggregate_pub,1995,21.364
bol,sex_m,age_aggregate_y15_24,eco_aggregate_pub,1999,38.997
bol,sex_m,age_aggregate_y15_24,eco_aggregate_pub,2000,24.982
bol,sex_m,age_aggregate_y15_24,eco_aggregate_pub,2001,33.048
bol,sex_m,age_aggregate_y15_24,eco_aggregate_pub,2002,29.041
bol,sex_m,age_aggregate_y15_24,eco_aggregate_pub,2005,29.717
bol,sex_m,age_aggregate_y15_24,eco_aggregate_pub,2006,39.393
bol,sex_m,age_aggregate_y15_24,eco_aggregate_pub,2007,31.521
bol,sex_m,age_aggregate_y15_24,eco_aggregate_pub,2008,33.417
bol,sex_m,age_aggregate_y15_24,eco_aggregate_pub,2009,46.621
bol,sex_m,age_aggregate_y15_24,eco_aggregate_pub,2011,31.637
bol,sex_m,age_aggregate_y15_24,eco_aggregate_pub,2012,36.393
bol,sex_m,age_aggregate_y15_24,eco_aggregate_pub,2013,31.201
bol,sex_m,age_aggregate_y15_24,eco_aggregate_pub,2014,34.807
bol,sex_m,age_aggregate_y15_24,eco_aggregate_pub,2015,33.178
bol,sex_m,age_aggregate_y15_24,eco_aggregate_pub,2016,32.298
bol,sex_m,age_aggregate_y15_24,eco_aggregate_pub,2017,28.238
bol,sex_m,age_aggregate_y15_24,eco_aggregate_pub,2018,29.088
bol,sex_m,age_aggregate_y15_24,eco_aggregate_pub,2019,34.24
bol,sex_m,age_aggregate_y15_24,eco_aggregate_pub,2020,22.701
bol,sex_m,age_aggregate_y15_24,eco_aggregate_pub,2021,34.782
bol,sex_m,age_aggregate_y15_24,eco_aggregate_pub,2022,41.446
bol,sex_m,age_aggregate_y15_24,eco_aggregate_pub,2023,46.133
bol,sex_m,age_aggregate_y15_24,eco_aggregate_pub,2024,53.139
bol,sex_m,age_aggregate_y15_24,eco_aggregate_total,1989,98.67
bol,sex_m,age_aggregate_y15_24,eco_aggregate_total,1990,116.31
bol,sex_m,age_aggregate_y15_24,eco_aggregate_total,1991,121.483
bol,sex_m,age_aggregate_y15_24,eco_aggregate_total,1992,125.475
bol,sex_m,age_aggregate_y15_24,eco_aggregate_total,1993,137.223
bol,sex_m,age_aggregate_y15_24,eco_aggregate_total,1994,147.1
bol,sex_m,age_aggregate_y15_24,eco_aggregate_total,1995,159.369
bol,sex_m,age_aggregate_y15_24,eco_aggregate_total,1999,479.382
bol,sex_m,age_aggregate_y15_24,eco_aggregate_total,2000,423.087
bol,sex_m,age_aggregate_y15_24,eco_aggregate_total,2001,482.145
bol,sex_m,age_aggregate_y15_24,eco_aggregate_total,2002,487.24
bol,sex_m,age_aggregate_y15_24,eco_aggregate_total,2005,435.877
bol,sex_m,age_aggregate_y15_24,eco_aggregate_total,2006,516.531
bol,sex_m,age_aggregate_y15_24,eco_aggregate_total,2007,529.274
bol,sex_m,age_aggregate_y15_24,eco_aggregate_total,2008,512.53
bol,sex_m,age_aggregate_y15_24,eco_aggregate_total,2009,525.438
bol,sex_m,age_aggregate_y15_24,eco_aggregate_total,2011,566.402
bol,sex_m,age_aggregate_y15_24,eco_aggregate_total,2012,506.051
bol,sex_m,age_aggregate_y15_24,eco_aggregate_total,2013,470.1
bol,sex_m,age_aggregate_y15_24,eco_aggregate_total,2014,566.327
bol,sex_m,age_aggregate_y15_24,eco_aggregate_total,2015,512.35
bol,sex_m,age_aggregate_y15_24,eco_aggregate_total,2016,498.067
bol,sex_m,age_aggregate_y15_24,eco_aggregate_total,2017,507.033
bol,sex_m,age_aggregate_y15_24,eco_aggregate_total,2018,518.917
bol,sex_m,age_aggregate_y15_24,eco_aggregate_total,2019,555.952
bol,sex_m,age_aggregate_y15_24,eco_aggregate_total,2020,467.51
bol,sex_m,age_aggregate_y15_24,eco_aggregate_total,2021,645.44
bol,sex_m,age_aggregate_y15_24,eco_aggregate_total,2022,664.556
bol,sex_m,age_aggregate_y15_24,eco_aggregate_total,2023,660.555
bol,sex_m,age_aggregate_y15_24,eco_aggregate_total,2024,684.092
bol,sex_m,age_aggregate_y15_24,eco_aggregate_x,1989,4.802
bol,sex_m,age_aggregate_y15_24,eco_aggregate_x,1990,5.906
bol,sex_m,age_aggregate_y15_24,eco_aggregate_x,1999,32.574
bol,sex_m,age_aggregate_y15_24,eco_aggregate_x,2000,4.102
bol,sex_m,age_aggregate_y15_24,eco_aggregate_x,2001,6.066
bol,sex_m,age_aggregate_y15_24,eco_aggregate_x,2017,0.341
bol,sex_m,age_aggregate_y15_24,eco_aggregate_x,2020,2.081
bol,sex_m,age_aggregate_y15_24,eco_aggregate_x,2021,2.292
bol,sex_m,age_aggregate_y15_24,eco_aggregate_x,2022,3.085
bol,sex_m,age_aggregate_y15_24,eco_aggregate_x,2023,3.309
bol,sex_m,age_aggregate_y15_24,eco_aggregate_x,2024,4.756
bol,sex_m,age_aggregate_y15_24,eco_isic3_a,1991,2.222
bol,sex_m,age_aggregate_y15_24,eco_isic3_a,1992,1.967
bol,sex_m,age_aggregate_y15_24,eco_isic3_a,1993,3.03
bol,sex_m,age_aggregate_y15_24,eco_isic3_a,1994,2.253
bol,sex_m,age_aggregate_y15_24,eco_isic3_a,1995,2.994
bol,sex_m,age_aggregate_y15_24,eco_isic3_a,2000,177.121
bol,sex_m,age_aggregate_y15_24,eco_isic3_a,2001,229.719
bol,sex_m,age_aggregate_y15_24,eco_isic3_a,2002,247.479
bol,sex_m,age_aggregate_y15_24,eco_isic3_a,2005,170.2
bol,sex_m,age_aggregate_y15_24,eco_isic3_a,2006,209.5
bol,sex_m,age_aggregate_y15_24,eco_isic3_a,2007,198.719
bol,sex_m,age_aggregate_y15_24,eco_isic3_a,2008,175.41
bol,sex_m,age_aggregate_y15_24,eco_isic3_a,2009,160.92
bol,sex_m,age_aggregate_y15_24,eco_isic3_c,1989,2.406
bol,sex_m,age_aggregate_y15_24,eco_isic3_c,1990,0.814
bol,sex_m,age_aggregate_y15_24,eco_isic3_c,1991,2.184
bol,sex_m,age_aggregate_y15_24,eco_isic3_c,1992,1.437
bol,sex_m,age_aggregate_y15_24,eco_isic3_c,1993,1.855
bol,sex_m,age_aggregate_y15_24,eco_isic3_c,1994,1.447
bol,sex_m,age_aggregate_y15_24,eco_isic3_c,1995,1.506
bol,sex_m,age_aggregate_y15_24,eco_isic3_c,2000,7.654
bol,sex_m,age_aggregate_y15_24,eco_isic3_c,2001,5.435
bol,sex_m,age_aggregate_y15_24,eco_isic3_c,2002,4.28
bol,sex_m,age_aggregate_y15_24,eco_isic3_c,2005,12.795
bol,sex_m,age_aggregate_y15_24,eco_isic3_c,2006,10.315
bol,sex_m,age_aggregate_y15_24,eco_isic3_c,2007,12.738
bol,sex_m,age_aggregate_y15_24,eco_isic3_c,2008,13.692
bol,sex_m,age_aggregate_y15_24,eco_isic3_c,2009,9.016
bol,sex_m,age_aggregate_y15_24,eco_isic3_d,1989,20.017
bol,sex_m,age_aggregate_y15_24,eco_isic3_d,1990,31.508
bol,sex_m,age_aggregate_y15_24,eco_isic3_d,1991,32.182
bol,sex_m,age_aggregate_y15_24,eco_isic3_d,1992,38.214
bol,sex_m,age_aggregate_y15_24,eco_isic3_d,1993,35.64
bol,sex_m,age_aggregate_y15_24,eco_isic3_d,1994,38.894
bol,sex_m,age_aggregate_y15_24,eco_isic3_d,1995,42.782
bol,sex_m,age_aggregate_y15_24,eco_isic3_d,1999,26.738
bol,sex_m,age_aggregate_y15_24,eco_isic3_d,2000,58.559
bol,sex_m,age_aggregate_y15_24,eco_isic3_d,2001,60.644
bol,sex_m,age_aggregate_y15_24,eco_isic3_d,2002,59.498
bol,sex_m,age_aggregate_y15_24,eco_isic3_d,2005,73.421
bol,sex_m,age_aggregate_y15_24,eco_isic3_d,2006,58.758
bol,sex_m,age_aggregate_y15_24,eco_isic3_d,2007,79.966
bol,sex_m,age_aggregate_y15_24,eco_isic3_d,2008,72.721
bol,sex_m,age_aggregate_y15_24,eco_isic3_d,2009,85.178
bol,sex_m,age_aggregate_y15_24,eco_isic3_e,1989,0.198
bol,sex_m,age_aggregate_y15_24,eco_isic3_e,1990,0.853
bol,sex_m,age_aggregate_y15_24,eco_isic3_e,1991,0.956
bol,sex_m,age_aggregate_y15_24,eco_isic3_e,1992,1.114
bol,sex_m,age_aggregate_y15_24,eco_isic3_e,1994,0.627
bol,sex_m,age_aggregate_y15_24,eco_isic3_e,1999,10.213
bol,sex_m,age_aggregate_y15_24,eco_isic3_e,2000,3.214
bol,sex_m,age_aggregate_y15_24,eco_isic3_f,1991,21.194
bol,sex_m,age_aggregate_y15_24,eco_isic3_f,1992,22.673
bol,sex_m,age_aggregate_y15_24,eco_isic3_f,1993,20.641
bol,sex_m,age_aggregate_y15_24,eco_isic3_f,1994,28.043
bol,sex_m,age_aggregate_y15_24,eco_isic3_f,1995,25.728
bol,sex_m,age_aggregate_y15_24,eco_isic3_f,2000,56.21
bol,sex_m,age_aggregate_y15_24,eco_isic3_f,2001,39.297
bol,sex_m,age_aggregate_y15_24,eco_isic3_f,2002,39.066
bol,sex_m,age_aggregate_y15_24,eco_isic3_f,2005,43.72
bol,sex_m,age_aggregate_y15_24,eco_isic3_f,2006,61.454
bol,sex_m,age_aggregate_y15_24,eco_isic3_f,2007,85.923
bol,sex_m,age_aggregate_y15_24,eco_isic3_f,2008,67.664
bol,sex_m,age_aggregate_y15_24,eco_isic3_f,2009,80.867
bol,sex_m,age_aggregate_y15_24,eco_isic3_g,1989,14.89
bol,sex_m,age_aggregate_y15_24,eco_isic3_g,1990,14.523
bol,sex_m,age_aggregate_y15_24,eco_isic3_g,1991,20.487
bol,sex_m,age_aggregate_y15_24,eco_isic3_g,1992,26.661
bol,sex_m,age_aggregate_y15_24,eco_isic3_g,1993,30.305
bol,sex_m,age_aggregate_y15_24,eco_isic3_g,1994,33.971
bol,sex_m,age_aggregate_y15_24,eco_isic3_g,1995,35.504
bol,sex_m,age_aggregate_y15_24,eco_isic3_g,1999,38.66
bol,sex_m,age_aggregate_y15_24,eco_isic3_g,2000,49.64
bol,sex_m,age_aggregate_y15_24,eco_isic3_g,2001,61.222
bol,sex_m,age_aggregate_y15_24,eco_isic3_g,2002,44.074
bol,sex_m,age_aggregate_y15_24,eco_isic3_g,2005,52.887
bol,sex_m,age_aggregate_y15_24,eco_isic3_g,2006,55.823
bol,sex_m,age_aggregate_y15_24,eco_isic3_g,2007,50.735
bol,sex_m,age_aggregate_y15_24,eco_isic3_g,2008,66.377
bol,sex_m,age_aggregate_y15_24,eco_isic3_g,2009,63.036
bol,sex_m,age_aggregate_y15_24,eco_isic3_h,1991,3.984
bol,sex_m,age_aggregate_y15_24,eco_isic3_h,1992,3.584
bol,sex_m,age_aggregate_y15_24,eco_isic3_h,1993,3.917
bol,sex_m,age_aggregate_y15_24,eco_isic3_h,1994,4.41
bol,sex_m,age_aggregate_y15_24,eco_isic3_h,1995,5.766
bol,sex_m,age_aggregate_y15_24,eco_isic3_h,2000,5.085
bol,sex_m,age_aggregate_y15_24,eco_isic3_h,2001,7.567
bol,sex_m,age_aggregate_y15_24,eco_isic3_h,2002,14.715
bol,sex_m,age_aggregate_y15_24,eco_isic3_h,2005,8.485
bol,sex_m,age_aggregate_y15_24,eco_isic3_h,2006,15.765
bol,sex_m,age_aggregate_y15_24,eco_isic3_h,2007,9.883
bol,sex_m,age_aggregate_y15_24,eco_isic3_h,2008,15.131
bol,sex_m,age_aggregate_y15_24,eco_isic3_h,2009,18.743
bol,sex_m,age_aggregate_y15_24,eco_isic3_i,1989,15.153
bol,sex_m,age_aggregate_y15_24,eco_isic3_i,1990,14.762
bol,sex_m,age_aggregate_y15_24,eco_isic3_i,1991,12.022
bol,sex_m,age_aggregate_y15_24,eco_isic3_i,1992,9.145
bol,sex_m,age_aggregate_y15_24,eco_isic3_i,1993,15.759
bol,sex_m,age_aggregate_y15_24,eco_isic3_i,1994,15.202
bol,sex_m,age_aggregate_y15_24,eco_isic3_i,1995,18.756
bol,sex_m,age_aggregate_y15_24,eco_isic3_i,1999,193.151
bol,sex_m,age_aggregate_y15_24,eco_isic3_i,2000,25.031
bol,sex_m,age_aggregate_y15_24,eco_isic3_i,2001,23.759
bol,sex_m,age_aggregate_y15_24,eco_isic3_i,2002,37.818
bol,sex_m,age_aggregate_y15_24,eco_isic3_i,2005,32.484
bol,sex_m,age_aggregate_y15_24,eco_isic3_i,2006,42.67
bol,sex_m,age_aggregate_y15_24,eco_isic3_i,2007,37.575
bol,sex_m,age_aggregate_y15_24,eco_isic3_i,2008,58.079
bol,sex_m,age_aggregate_y15_24,eco_isic3_i,2009,48.435
bol,sex_m,age_aggregate_y15_24,eco_isic3_j,1991,0.673
bol,sex_m,age_aggregate_y15_24,eco_isic3_j,1992,1.055
bol,sex_m,age_aggregate_y15_24,eco_isic3_j,1993,1.516
bol,sex_m,age_aggregate_y15_24,eco_isic3_j,1994,2.226
bol,sex_m,age_aggregate_y15_24,eco_isic3_j,1995,0.99
bol,sex_m,age_aggregate_y15_24,eco_isic3_k,1989,11.248
bol,sex_m,age_aggregate_y15_24,eco_isic3_k,1990,13.204
bol,sex_m,age_aggregate_y15_24,eco_isic3_k,1991,3.573
bol,sex_m,age_aggregate_y15_24,eco_isic3_k,1992,3.611
bol,sex_m,age_aggregate_y15_24,eco_isic3_k,1993,5.537
bol,sex_m,age_aggregate_y15_24,eco_isic3_k,1994,2.691
bol,sex_m,age_aggregate_y15_24,eco_isic3_k,1995,3.85
bol,sex_m,age_aggregate_y15_24,eco_isic3_k,1999,137.148
bol,sex_m,age_aggregate_y15_24,eco_isic3_k,2000,11.489
bol,sex_m,age_aggregate_y15_24,eco_isic3_k,2001,14.424
bol,sex_m,age_aggregate_y15_24,eco_isic3_k,2002,10.066
bol,sex_m,age_aggregate_y15_24,eco_isic3_k,2005,12.168
bol,sex_m,age_aggregate_y15_24,eco_isic3_k,2006,16.519
bol,sex_m,age_aggregate_y15_24,eco_isic3_k,2007,14.227
bol,sex_m,age_aggregate_y15_24,eco_isic3_k,2008,5.644
bol,sex_m,age_aggregate_y15_24,eco_isic3_k,2009,8.188
bol,sex_m,age_aggregate_y15_24,eco_isic3_l,1991,4.967
bol,sex_m,age_aggregate_y15_24,eco_isic3_l,1992,4.712
bol,sex_m,age_aggregate_y15_24,eco_isic3_l,1993,4.307
bol,sex_m,age_aggregate_y15_24,eco_isic3_l,1994,5.602
bol,sex_m,age_aggregate_y15_24,eco_isic3_l,1995,5.868
bol,sex_m,age_aggregate_y15_24,eco_isic3_l,2000,4.672
bol,sex_m,age_aggregate_y15_24,eco_isic3_l,2001,6.658
bol,sex_m,age_aggregate_y15_24,eco_isic3_l,2002,2.829
bol,sex_m,age_aggregate_y15_24,eco_isic3_l,2005,5.673
bol,sex_m,age_aggregate_y15_24,eco_isic3_l,2006,9.303
bol,sex_m,age_aggregate_y15_24,eco_isic3_l,2007,6.045
bol,sex_m,age_aggregate_y15_24,eco_isic3_l,2008,8.451
bol,sex_m,age_aggregate_y15_24,eco_isic3_l,2009,14.17
bol,sex_m,age_aggregate_y15_24,eco_isic3_m,1989,1.484
bol,sex_m,age_aggregate_y15_24,eco_isic3_m,1990,1.702
bol,sex_m,age_aggregate_y15_24,eco_isic3_m,1991,2.445
bol,sex_m,age_aggregate_y15_24,eco_isic3_m,1992,2.587
bol,sex_m,age_aggregate_y15_24,eco_isic3_m,1993,3.753
bol,sex_m,age_aggregate_y15_24,eco_isic3_m,1994,3.044
bol,sex_m,age_aggregate_y15_24,eco_isic3_m,1995,2.758
bol,sex_m,age_aggregate_y15_24,eco_isic3_m,2000,3.664
bol,sex_m,age_aggregate_y15_24,eco_isic3_m,2001,8.371
bol,sex_m,age_aggregate_y15_24,eco_isic3_m,2002,6.953
bol,sex_m,age_aggregate_y15_24,eco_isic3_m,2005,2.822
bol,sex_m,age_aggregate_y15_24,eco_isic3_m,2006,5.454
bol,sex_m,age_aggregate_y15_24,eco_isic3_m,2007,4.027
bol,sex_m,age_aggregate_y15_24,eco_isic3_m,2008,8.032
bol,sex_m,age_aggregate_y15_24,eco_isic3_m,2009,7.91
bol,sex_m,age_aggregate_y15_24,eco_isic3_n,1991,0.913
bol,sex_m,age_aggregate_y15_24,eco_isic3_n,1992,0.77
bol,sex_m,age_aggregate_y15_24,eco_isic3_n,1993,2.277
bol,sex_m,age_aggregate_y15_24,eco_isic3_n,1994,0.838
bol,sex_m,age_aggregate_y15_24,eco_isic3_n,1995,1.148
bol,sex_m,age_aggregate_y15_24,eco_isic3_n,2006,3.4
bol,sex_m,age_aggregate_y15_24,eco_isic3_o,1989,8.9
bol,sex_m,age_aggregate_y15_24,eco_isic3_o,1990,11.409
bol,sex_m,age_aggregate_y15_24,eco_isic3_o,1991,10.145
bol,sex_m,age_aggregate_y15_24,eco_isic3_o,1992,5.86
bol,sex_m,age_aggregate_y15_24,eco_isic3_o,1993,7.027
bol,sex_m,age_aggregate_y15_24,eco_isic3_o,1994,6.79
bol,sex_m,age_aggregate_y15_24,eco_isic3_o,1995,9.683
bol,sex_m,age_aggregate_y15_24,eco_isic3_o,1999,38.997
bol,sex_m,age_aggregate_y15_24,eco_isic3_o,2000,12.778
bol,sex_m,age_aggregate_y15_24,eco_isic3_o,2001,13.74
bol,sex_m,age_aggregate_y15_24,eco_isic3_o,2002,14.47
bol,sex_m,age_aggregate_y15_24,eco_isic3_o,2005,15.935
bol,sex_m,age_aggregate_y15_24,eco_isic3_o,2006,19.135
bol,sex_m,age_aggregate_y15_24,eco_isic3_o,2007,18.84
bol,sex_m,age_aggregate_y15_24,eco_isic3_o,2008,13.429
bol,sex_m,age_aggregate_y15_24,eco_isic3_o,2009,21.588
bol,sex_m,age_aggregate_y15_24,eco_isic3_p,1989,19.573
bol,sex_m,age_aggregate_y15_24,eco_isic3_p,1990,21.629
bol,sex_m,age_aggregate_y15_24,eco_isic3_p,1991,3.536
bol,sex_m,age_aggregate_y15_24,eco_isic3_p,1992,1.501
bol,sex_m,age_aggregate_y15_24,eco_isic3_p,1993,1.3
bol,sex_m,age_aggregate_y15_24,eco_isic3_p,1994,1.062
bol,sex_m,age_aggregate_y15_24,eco_isic3_p,1995,1.786
bol,sex_m,age_aggregate_y15_24,eco_isic3_p,2002,2.895
bol,sex_m,age_aggregate_y15_24,eco_isic3_total,1989,98.67
bol,sex_m,age_aggregate_y15_24,eco_isic3_total,1990,116.31
bol,sex_m,age_aggregate_y15_24,eco_isic3_total,1991,121.483
bol,sex_m,age_aggregate_y15_24,eco_isic3_total,1992,125.475
bol,sex_m,age_aggregate_y15_24,eco_isic3_total,1993,137.223
bol,sex_m,age_aggregate_y15_24,eco_isic3_total,1994,147.1
bol,sex_m,age_aggregate_y15_24,eco_isic3_total,1995,159.369
bol,sex_m,age_aggregate_y15_24,eco_isic3_total,1999,479.382
bol,sex_m,age_aggregate_y15_24,eco_isic3_total,2000,423.087
bol,sex_m,age_aggregate_y15_24,eco_isic3_total,2001,482.145
bol,sex_m,age_aggregate_y15_24,eco_isic3_total,2002,487.24
bol,sex_m,age_aggregate_y15_24,eco_isic3_total,2005,435.877
bol,sex_m,age_aggregate_y15_24,eco_isic3_total,2006,516.531
bol,sex_m,age_aggregate_y15_24,eco_isic3_total,2007,529.274
bol,sex_m,age_aggregate_y15_24,eco_isic3_total,2008,512.53
bol,sex_m,age_aggregate_y15_24,eco_isic3_total,2009,525.438
bol,sex_m,age_aggregate_y15_24,eco_isic3_x,1989,4.802
bol,sex_m,age_aggregate_y15_24,eco_isic3_x,1990,5.906
bol,sex_m,age_aggregate_y15_24,eco_isic3_x,1999,32.574
bol,sex_m,age_aggregate_y15_24,eco_isic3_x,2000,4.102
bol,sex_m,age_aggregate_y15_24,eco_isic3_x,2001,6.066
bol,sex_m,age_aggregate_y15_24,eco_isic4_a,2011,204.81
bol,sex_m,age_aggregate_y15_24,eco_isic4_a,2012,176.098
bol,sex_m,age_aggregate_y15_24,eco_isic4_a,2013,160.744
bol,sex_m,age_aggregate_y15_24,eco_isic4_a,2014,171.694
bol,sex_m,age_aggregate_y15_24,eco_isic4_a,2015,148.765
bol,sex_m,age_aggregate_y15_24,eco_isic4_a,2016,164.111
bol,sex_m,age_aggregate_y15_24,eco_isic4_a,2017,169.97
bol,sex_m,age_aggregate_y15_24,eco_isic4_a,2018,170.116
bol,sex_m,age_aggregate_y15_24,eco_isic4_a,2019,156.177
bol,sex_m,age_aggregate_y15_24,eco_isic4_a,2020,172.957
bol,sex_m,age_aggregate_y15_24,eco_isic4_a,2021,180.715
bol,sex_m,age_aggregate_y15_24,eco_isic4_a,2022,166.452
bol,sex_m,age_aggregate_y15_24,eco_isic4_a,2023,171.655
bol,sex_m,age_aggregate_y15_24,eco_isic4_a,2024,148.38
bol,sex_m,age_aggregate_y15_24,eco_isic4_b,2011,13.315
bol,sex_m,age_aggregate_y15_24,eco_isic4_b,2012,18.611
bol,sex_m,age_aggregate_y15_24,eco_isic4_b,2013,18.03
bol,sex_m,age_aggregate_y15_24,eco_isic4_b,2014,17.059
bol,sex_m,age_aggregate_y15_24,eco_isic4_b,2015,20.168
bol,sex_m,age_aggregate_y15_24,eco_isic4_b,2016,12.106
bol,sex_m,age_aggregate_y15_24,eco_isic4_b,2017,10.054
bol,sex_m,age_aggregate_y15_24,eco_isic4_b,2018,13.002
bol,sex_m,age_aggregate_y15_24,eco_isic4_b,2019,11.029
bol,sex_m,age_aggregate_y15_24,eco_isic4_b,2020,4.138
bol,sex_m,age_aggregate_y15_24,eco_isic4_b,2021,16.061
bol,sex_m,age_aggregate_y15_24,eco_isic4_b,2022,14.317
bol,sex_m,age_aggregate_y15_24,eco_isic4_b,2023,9.568
bol,sex_m,age_aggregate_y15_24,eco_isic4_b,2024,15.004
bol,sex_m,age_aggregate_y15_24,eco_isic4_c,2011,58.308
bol,sex_m,age_aggregate_y15_24,eco_isic4_c,2012,55.071
bol,sex_m,age_aggregate_y15_24,eco_isic4_c,2013,49.627
bol,sex_m,age_aggregate_y15_24,eco_isic4_c,2014,73.858
bol,sex_m,age_aggregate_y15_24,eco_isic4_c,2015,56.777
bol,sex_m,age_aggregate_y15_24,eco_isic4_c,2016,59.774
bol,sex_m,age_aggregate_y15_24,eco_isic4_c,2017,57.234
bol,sex_m,age_aggregate_y15_24,eco_isic4_c,2018,58.053
bol,sex_m,age_aggregate_y15_24,eco_isic4_c,2019,72.606
bol,sex_m,age_aggregate_y15_24,eco_isic4_c,2020,51.724
bol,sex_m,age_aggregate_y15_24,eco_isic4_c,2021,80.471
bol,sex_m,age_aggregate_y15_24,eco_isic4_c,2022,82.653
bol,sex_m,age_aggregate_y15_24,eco_isic4_c,2023,83.683
bol,sex_m,age_aggregate_y15_24,eco_isic4_c,2024,89.499
bol,sex_m,age_aggregate_y15_24,eco_isic4_d,2012,1.348
bol,sex_m,age_aggregate_y15_24,eco_isic4_d,2015,1.119
bol,sex_m,age_aggregate_y15_24,eco_isic4_d,2016,0.608
bol,sex_m,age_aggregate_y15_24,eco_isic4_d,2017,0.368
bol,sex_m,age_aggregate_y15_24,eco_isic4_d,2018,0.562
bol,sex_m,age_aggregate_y15_24,eco_isic4_d,2019,0.931
bol,sex_m,age_aggregate_y15_24,eco_isic4_d,2021,0.598
bol,sex_m,age_aggregate_y15_24,eco_isic4_d,2022,0.32
bol,sex_m,age_aggregate_y15_24,eco_isic4_d,2024,0.736
bol,sex_m,age_aggregate_y15_24,eco_isic4_e,2016,0.486
bol,sex_m,age_aggregate_y15_24,eco_isic4_e,2017,0.33
bol,sex_m,age_aggregate_y15_24,eco_isic4_e,2018,0.767
bol,sex_m,age_aggregate_y15_24,eco_isic4_e,2019,0.338
bol,sex_m,age_aggregate_y15_24,eco_isic4_e,2021,0.604
bol,sex_m,age_aggregate_y15_24,eco_isic4_e,2022,0.479
bol,sex_m,age_aggregate_y15_24,eco_isic4_e,2023,0.248
bol,sex_m,age_aggregate_y15_24,eco_isic4_e,2024,1.304
bol,sex_m,age_aggregate_y15_24,eco_isic4_f,2011,94.814
bol,sex_m,age_aggregate_y15_24,eco_isic4_f,2012,67.154
bol,sex_m,age_aggregate_y15_24,eco_isic4_f,2013,72.802
bol,sex_m,age_aggregate_y15_24,eco_isic4_f,2014,106.124
bol,sex_m,age_aggregate_y15_24,eco_isic4_f,2015,103.83
bol,sex_m,age_aggregate_y15_24,eco_isic4_f,2016,92.412
bol,sex_m,age_aggregate_y15_24,eco_isic4_f,2017,92.027
bol,sex_m,age_aggregate_y15_24,eco_isic4_f,2018,82.116
bol,sex_m,age_aggregate_y15_24,eco_isic4_f,2019,85.115
bol,sex_m,age_aggregate_y15_24,eco_isic4_f,2020,81.216
bol,sex_m,age_aggregate_y15_24,eco_isic4_f,2021,88.029
bol,sex_m,age_aggregate_y15_24,eco_isic4_f,2022,80.355
bol,sex_m,age_aggregate_y15_24,eco_isic4_f,2023,76.697
bol,sex_m,age_aggregate_y15_24,eco_isic4_f,2024,80.7
bol,sex_m,age_aggregate_y15_24,eco_isic4_g,2011,82.444
bol,sex_m,age_aggregate_y15_24,eco_isic4_g,2012,68.403
bol,sex_m,age_aggregate_y15_24,eco_isic4_g,2013,62.898
bol,sex_m,age_aggregate_y15_24,eco_isic4_g,2014,83.048
bol,sex_m,age_aggregate_y15_24,eco_isic4_g,2015,70.046
bol,sex_m,age_aggregate_y15_24,eco_isic4_g,2016,69.228
bol,sex_m,age_aggregate_y15_24,eco_isic4_g,2017,73.227
bol,sex_m,age_aggregate_y15_24,eco_isic4_g,2018,82.798
bol,sex_m,age_aggregate_y15_24,eco_isic4_g,2019,93.274
bol,sex_m,age_aggregate_y15_24,eco_isic4_g,2020,73.831
bol,sex_m,age_aggregate_y15_24,eco_isic4_g,2021,133.147
bol,sex_m,age_aggregate_y15_24,eco_isic4_g,2022,141.039
bol,sex_m,age_aggregate_y15_24,eco_isic4_g,2023,134.352
bol,sex_m,age_aggregate_y15_24,eco_isic4_g,2024,147.41
bol,sex_m,age_aggregate_y15_24,eco_isic4_h,2011,38.022
bol,sex_m,age_aggregate_y15_24,eco_isic4_h,2012,33.938
bol,sex_m,age_aggregate_y15_24,eco_isic4_h,2013,26.405
bol,sex_m,age_aggregate_y15_24,eco_isic4_h,2014,30.011
bol,sex_m,age_aggregate_y15_24,eco_isic4_h,2015,35.17
bol,sex_m,age_aggregate_y15_24,eco_isic4_h,2016,28.514
bol,sex_m,age_aggregate_y15_24,eco_isic4_h,2017,34.486
bol,sex_m,age_aggregate_y15_24,eco_isic4_h,2018,35.161
bol,sex_m,age_aggregate_y15_24,eco_isic4_h,2019,42.359
bol,sex_m,age_aggregate_y15_24,eco_isic4_h,2020,18.422
bol,sex_m,age_aggregate_y15_24,eco_isic4_h,2021,42.879
bol,sex_m,age_aggregate_y15_24,eco_isic4_h,2022,47.328
bol,sex_m,age_aggregate_y15_24,eco_isic4_h,2023,50.528
bol,sex_m,age_aggregate_y15_24,eco_isic4_h,2024,48.357
bol,sex_m,age_aggregate_y15_24,eco_isic4_i,2011,18.583
bol,sex_m,age_aggregate_y15_24,eco_isic4_i,2012,19.051
bol,sex_m,age_aggregate_y15_24,eco_isic4_i,2013,19.347
bol,sex_m,age_aggregate_y15_24,eco_isic4_i,2014,18.718
bol,sex_m,age_aggregate_y15_24,eco_isic4_i,2015,20.205
bol,sex_m,age_aggregate_y15_24,eco_isic4_i,2016,18.073
bol,sex_m,age_aggregate_y15_24,eco_isic4_i,2017,22.106
bol,sex_m,age_aggregate_y15_24,eco_isic4_i,2018,28.679
bol,sex_m,age_aggregate_y15_24,eco_isic4_i,2019,34.621
bol,sex_m,age_aggregate_y15_24,eco_isic4_i,2020,25.019
bol,sex_m,age_aggregate_y15_24,eco_isic4_i,2021,42.436
bol,sex_m,age_aggregate_y15_24,eco_isic4_i,2022,55.36
bol,sex_m,age_aggregate_y15_24,eco_isic4_i,2023,48.83
bol,sex_m,age_aggregate_y15_24,eco_isic4_i,2024,61.803
bol,sex_m,age_aggregate_y15_24,eco_isic4_j,2011,12.193
bol,sex_m,age_aggregate_y15_24,eco_isic4_j,2012,12.853
bol,sex_m,age_aggregate_y15_24,eco_isic4_j,2013,9.943
bol,sex_m,age_aggregate_y15_24,eco_isic4_j,2014,9.031
bol,sex_m,age_aggregate_y15_24,eco_isic4_j,2015,7.303
bol,sex_m,age_aggregate_y15_24,eco_isic4_j,2016,5.076
bol,sex_m,age_aggregate_y15_24,eco_isic4_j,2017,5.564
bol,sex_m,age_aggregate_y15_24,eco_isic4_j,2018,4.689
bol,sex_m,age_aggregate_y15_24,eco_isic4_j,2019,5.896
bol,sex_m,age_aggregate_y15_24,eco_isic4_j,2020,3.347
bol,sex_m,age_aggregate_y15_24,eco_isic4_j,2021,4.25
bol,sex_m,age_aggregate_y15_24,eco_isic4_j,2022,2.697
bol,sex_m,age_aggregate_y15_24,eco_isic4_j,2023,4.374
bol,sex_m,age_aggregate_y15_24,eco_isic4_j,2024,3.739
bol,sex_m,age_aggregate_y15_24,eco_isic4_k,2011,1.113
bol,sex_m,age_aggregate_y15_24,eco_isic4_k,2012,1.401
bol,sex_m,age_aggregate_y15_24,eco_isic4_k,2014,2.688
bol,sex_m,age_aggregate_y15_24,eco_isic4_k,2015,1.955
bol,sex_m,age_aggregate_y15_24,eco_isic4_k,2016,1.781
bol,sex_m,age_aggregate_y15_24,eco_isic4_k,2017,1.931
bol,sex_m,age_aggregate_y15_24,eco_isic4_k,2018,1.746
bol,sex_m,age_aggregate_y15_24,eco_isic4_k,2019,1.217
bol,sex_m,age_aggregate_y15_24,eco_isic4_k,2021,1.356
bol,sex_m,age_aggregate_y15_24,eco_isic4_k,2022,1.225
bol,sex_m,age_aggregate_y15_24,eco_isic4_k,2023,1.708
bol,sex_m,age_aggregate_y15_24,eco_isic4_k,2024,2.44
bol,sex_m,age_aggregate_y15_24,eco_isic4_l,2014,1.824
bol,sex_m,age_aggregate_y15_24,eco_isic4_l,2016,1.284
bol,sex_m,age_aggregate_y15_24,eco_isic4_l,2017,0.961
bol,sex_m,age_aggregate_y15_24,eco_isic4_l,2018,0.917
bol,sex_m,age_aggregate_y15_24,eco_isic4_l,2019,0.524
bol,sex_m,age_aggregate_y15_24,eco_isic4_l,2021,0.534
bol,sex_m,age_aggregate_y15_24,eco_isic4_l,2022,1.921
bol,sex_m,age_aggregate_y15_24,eco_isic4_l,2023,1.181
bol,sex_m,age_aggregate_y15_24,eco_isic4_l,2024,1.768
bol,sex_m,age_aggregate_y15_24,eco_isic4_m,2011,4.33
bol,sex_m,age_aggregate_y15_24,eco_isic4_m,2012,8.753
bol,sex_m,age_aggregate_y15_24,eco_isic4_m,2013,5.974
bol,sex_m,age_aggregate_y15_24,eco_isic4_m,2014,6.431
bol,sex_m,age_aggregate_y15_24,eco_isic4_m,2015,4.632
bol,sex_m,age_aggregate_y15_24,eco_isic4_m,2016,5.015
bol,sex_m,age_aggregate_y15_24,eco_isic4_m,2017,4.564
bol,sex_m,age_aggregate_y15_24,eco_isic4_m,2018,3.986
bol,sex_m,age_aggregate_y15_24,eco_isic4_m,2019,7.202
bol,sex_m,age_aggregate_y15_24,eco_isic4_m,2020,3.131
bol,sex_m,age_aggregate_y15_24,eco_isic4_m,2021,4.085
bol,sex_m,age_aggregate_y15_24,eco_isic4_m,2022,8.245
bol,sex_m,age_aggregate_y15_24,eco_isic4_m,2023,8.188
bol,sex_m,age_aggregate_y15_24,eco_isic4_m,2024,8.809
bol,sex_m,age_aggregate_y15_24,eco_isic4_n,2011,6.04
bol,sex_m,age_aggregate_y15_24,eco_isic4_n,2012,5.184
bol,sex_m,age_aggregate_y15_24,eco_isic4_n,2013,10.697
bol,sex_m,age_aggregate_y15_24,eco_isic4_n,2014,9.82
bol,sex_m,age_aggregate_y15_24,eco_isic4_n,2015,6.998
bol,sex_m,age_aggregate_y15_24,eco_isic4_n,2016,7.301
bol,sex_m,age_aggregate_y15_24,eco_isic4_n,2017,5.633
bol,sex_m,age_aggregate_y15_24,eco_isic4_n,2018,7.237
bol,sex_m,age_aggregate_y15_24,eco_isic4_n,2019,10.423
bol,sex_m,age_aggregate_y15_24,eco_isic4_n,2020,7.288
bol,sex_m,age_aggregate_y15_24,eco_isic4_n,2021,13.2
bol,sex_m,age_aggregate_y15_24,eco_isic4_n,2022,17.633
bol,sex_m,age_aggregate_y15_24,eco_isic4_n,2023,19.848
bol,sex_m,age_aggregate_y15_24,eco_isic4_n,2024,16.249
bol,sex_m,age_aggregate_y15_24,eco_isic4_o,2011,8.15
bol,sex_m,age_aggregate_y15_24,eco_isic4_o,2012,8.273
bol,sex_m,age_aggregate_y15_24,eco_isic4_o,2013,9.642
bol,sex_m,age_aggregate_y15_24,eco_isic4_o,2014,7.467
bol,sex_m,age_aggregate_y15_24,eco_isic4_o,2015,10.885
bol,sex_m,age_aggregate_y15_24,eco_isic4_o,2016,8.225
bol,sex_m,age_aggregate_y15_24,eco_isic4_o,2017,5.641
bol,sex_m,age_aggregate_y15_24,eco_isic4_o,2018,5.227
bol,sex_m,age_aggregate_y15_24,eco_isic4_o,2019,4.493
bol,sex_m,age_aggregate_y15_24,eco_isic4_o,2020,4.361
bol,sex_m,age_aggregate_y15_24,eco_isic4_o,2021,4.232
bol,sex_m,age_aggregate_y15_24,eco_isic4_o,2022,4.537
bol,sex_m,age_aggregate_y15_24,eco_isic4_o,2023,4.199
bol,sex_m,age_aggregate_y15_24,eco_isic4_o,2024,5.069
bol,sex_m,age_aggregate_y15_24,eco_isic4_p,2011,3.837
bol,sex_m,age_aggregate_y15_24,eco_isic4_p,2012,4.163
bol,sex_m,age_aggregate_y15_24,eco_isic4_p,2013,5.225
bol,sex_m,age_aggregate_y15_24,eco_isic4_p,2014,7.134
bol,sex_m,age_aggregate_y15_24,eco_isic4_p,2015,2.752
bol,sex_m,age_aggregate_y15_24,eco_isic4_p,2016,4.048
bol,sex_m,age_aggregate_y15_24,eco_isic4_p,2017,3.256
bol,sex_m,age_aggregate_y15_24,eco_isic4_p,2018,3.362
bol,sex_m,age_aggregate_y15_24,eco_isic4_p,2019,3.768
bol,sex_m,age_aggregate_y15_24,eco_isic4_p,2020,1.775
bol,sex_m,age_aggregate_y15_24,eco_isic4_p,2021,4.738
bol,sex_m,age_aggregate_y15_24,eco_isic4_p,2022,6.564
bol,sex_m,age_aggregate_y15_24,eco_isic4_p,2023,7.982
bol,sex_m,age_aggregate_y15_24,eco_isic4_p,2024,7.26
bol,sex_m,age_aggregate_y15_24,eco_isic4_q,2011,1.73
bol,sex_m,age_aggregate_y15_24,eco_isic4_q,2012,3.121
bol,sex_m,age_aggregate_y15_24,eco_isic4_q,2013,2.383
bol,sex_m,age_aggregate_y15_24,eco_isic4_q,2014,3.141
bol,sex_m,age_aggregate_y15_24,eco_isic4_q,2015,2.644
bol,sex_m,age_aggregate_y15_24,eco_isic4_q,2016,2.274
bol,sex_m,age_aggregate_y15_24,eco_isic4_q,2017,1.222
bol,sex_m,age_aggregate_y15_24,eco_isic4_q,2018,0.941
bol,sex_m,age_aggregate_y15_24,eco_isic4_q,2019,1.913
bol,sex_m,age_aggregate_y15_24,eco_isic4_q,2020,1.917
bol,sex_m,age_aggregate_y15_24,eco_isic4_q,2021,2.106
bol,sex_m,age_aggregate_y15_24,eco_isic4_q,2022,2.555
bol,sex_m,age_aggregate_y15_24,eco_isic4_q,2023,4.616
bol,sex_m,age_aggregate_y15_24,eco_isic4_q,2024,4.232
bol,sex_m,age_aggregate_y15_24,eco_isic4_r,2011,7.837
bol,sex_m,age_aggregate_y15_24,eco_isic4_r,2012,10.669
bol,sex_m,age_aggregate_y15_24,eco_isic4_r,2013,8.23
bol,sex_m,age_aggregate_y15_24,eco_isic4_r,2014,7.34
bol,sex_m,age_aggregate_y15_24,eco_isic4_r,2015,7.449
bol,sex_m,age_aggregate_y15_24,eco_isic4_r,2016,8.579
bol,sex_m,age_aggregate_y15_24,eco_isic4_r,2017,8.625
bol,sex_m,age_aggregate_y15_24,eco_isic4_r,2018,8.762
bol,sex_m,age_aggregate_y15_24,eco_isic4_r,2019,9.718
bol,sex_m,age_aggregate_y15_24,eco_isic4_r,2020,3.584
bol,sex_m,age_aggregate_y15_24,eco_isic4_r,2021,8.817
bol,sex_m,age_aggregate_y15_24,eco_isic4_r,2022,12.004
bol,sex_m,age_aggregate_y15_24,eco_isic4_r,2023,15.753
bol,sex_m,age_aggregate_y15_24,eco_isic4_r,2024,14.028
bol,sex_m,age_aggregate_y15_24,eco_isic4_s,2011,9.542
bol,sex_m,age_aggregate_y15_24,eco_isic4_s,2012,10.167
bol,sex_m,age_aggregate_y15_24,eco_isic4_s,2013,5.313
bol,sex_m,age_aggregate_y15_24,eco_isic4_s,2014,9.259
bol,sex_m,age_aggregate_y15_24,eco_isic4_s,2015,8.658
bol,sex_m,age_aggregate_y15_24,eco_isic4_s,2016,8.52
bol,sex_m,age_aggregate_y15_24,eco_isic4_s,2017,8.888
bol,sex_m,age_aggregate_y15_24,eco_isic4_s,2018,10.132
bol,sex_m,age_aggregate_y15_24,eco_isic4_s,2019,13.075
bol,sex_m,age_aggregate_y15_24,eco_isic4_s,2020,10.902
bol,sex_m,age_aggregate_y15_24,eco_isic4_s,2021,13.816
bol,sex_m,age_aggregate_y15_24,eco_isic4_s,2022,14.499
bol,sex_m,age_aggregate_y15_24,eco_isic4_s,2023,12.34
bol,sex_m,age_aggregate_y15_24,eco_isic4_s,2024,21.771
bol,sex_m,age_aggregate_y15_24,eco_isic4_t,2012,0
bol,sex_m,age_aggregate_y15_24,eco_isic4_t,2016,0.647
bol,sex_m,age_aggregate_y15_24,eco_isic4_t,2017,0.494
bol,sex_m,age_aggregate_y15_24,eco_isic4_t,2018,0.663
bol,sex_m,age_aggregate_y15_24,eco_isic4_t,2019,1.273
bol,sex_m,age_aggregate_y15_24,eco_isic4_t,2021,1.073
bol,sex_m,age_aggregate_y15_24,eco_isic4_t,2022,1.288
bol,sex_m,age_aggregate_y15_24,eco_isic4_t,2023,1.244
bol,sex_m,age_aggregate_y15_24,eco_isic4_t,2024,0.779
bol,sex_m,age_aggregate_y15_24,eco_isic4_total,2011,566.402
bol,sex_m,age_aggregate_y15_24,eco_isic4_total,2012,506.051
bol,sex_m,age_aggregate_y15_24,eco_isic4_total,2013,470.1
bol,sex_m,age_aggregate_y15_24,eco_isic4_total,2014,566.327
bol,sex_m,age_aggregate_y15_24,eco_isic4_total,2015,512.35
bol,sex_m,age_aggregate_y15_24,eco_isic4_total,2016,498.067
bol,sex_m,age_aggregate_y15_24,eco_isic4_total,2017,507.033
bol,sex_m,age_aggregate_y15_24,eco_isic4_total,2018,518.917
bol,sex_m,age_aggregate_y15_24,eco_isic4_total,2019,555.952
bol,sex_m,age_aggregate_y15_24,eco_isic4_total,2020,467.51
bol,sex_m,age_aggregate_y15_24,eco_isic4_total,2021,645.44
bol,sex_m,age_aggregate_y15_24,eco_isic4_total,2022,664.556
bol,sex_m,age_aggregate_y15_24,eco_isic4_total,2023,660.555
bol,sex_m,age_aggregate_y15_24,eco_isic4_total,2024,684.092
bol,sex_m,age_aggregate_y15_24,eco_isic4_x,2017,0.341
bol,sex_m,age_aggregate_y15_24,eco_isic4_x,2020,2.081
bol,sex_m,age_aggregate_y15_24,eco_isic4_x,2021,2.292
bol,sex_m,age_aggregate_y15_24,eco_isic4_x,2022,3.085
bol,sex_m,age_aggregate_y15_24,eco_isic4_x,2023,3.309
bol,sex_m,age_aggregate_y15_24,eco_isic4_x,2024,4.756
bol,sex_m,age_aggregate_y15_24,eco_sector_agr,1991,2.222
bol,sex_m,age_aggregate_y15_24,eco_sector_agr,1992,1.967
bol,sex_m,age_aggregate_y15_24,eco_sector_agr,1993,3.03
bol,sex_m,age_aggregate_y15_24,eco_sector_agr,1994,2.253
bol,sex_m,age_aggregate_y15_24,eco_sector_agr,1995,2.994
bol,sex_m,age_aggregate_y15_24,eco_sector_agr,2000,177.121
bol,sex_m,age_aggregate_y15_24,eco_sector_agr,2001,229.719
bol,sex_m,age_aggregate_y15_24,eco_sector_agr,2002,247.479
bol,sex_m,age_aggregate_y15_24,eco_sector_agr,2005,170.2
bol,sex_m,age_aggregate_y15_24,eco_sector_agr,2006,212.516
bol,sex_m,age_aggregate_y15_24,eco_sector_agr,2007,198.929
bol,sex_m,age_aggregate_y15_24,eco_sector_agr,2008,176.253
bol,sex_m,age_aggregate_y15_24,eco_sector_agr,2009,162.291
bol,sex_m,age_aggregate_y15_24,eco_sector_agr,2011,204.81
bol,sex_m,age_aggregate_y15_24,eco_sector_agr,2012,176.098
bol,sex_m,age_aggregate_y15_24,eco_sector_agr,2013,160.744
bol,sex_m,age_aggregate_y15_24,eco_sector_agr,2014,171.694
bol,sex_m,age_aggregate_y15_24,eco_sector_agr,2015,148.765
bol,sex_m,age_aggregate_y15_24,eco_sector_agr,2016,164.111
bol,sex_m,age_aggregate_y15_24,eco_sector_agr,2017,169.97
bol,sex_m,age_aggregate_y15_24,eco_sector_agr,2018,170.116
bol,sex_m,age_aggregate_y15_24,eco_sector_agr,2019,156.177
bol,sex_m,age_aggregate_y15_24,eco_sector_agr,2020,172.957
bol,sex_m,age_aggregate_y15_24,eco_sector_agr,2021,180.715
bol,sex_m,age_aggregate_y15_24,eco_sector_agr,2022,166.452
bol,sex_m,age_aggregate_y15_24,eco_sector_agr,2023,171.655
bol,sex_m,age_aggregate_y15_24,eco_sector_agr,2024,148.38
bol,sex_m,age_aggregate_y15_24,eco_sector_ind,1989,22.62
bol,sex_m,age_aggregate_y15_24,eco_sector_ind,1990,33.175
bol,sex_m,age_aggregate_y15_24,eco_sector_ind,1991,56.516
bol,sex_m,age_aggregate_y15_24,eco_sector_ind,1992,63.438
bol,sex_m,age_aggregate_y15_24,eco_sector_ind,1993,58.495
bol,sex_m,age_aggregate_y15_24,eco_sector_ind,1994,69.011
bol,sex_m,age_aggregate_y15_24,eco_sector_ind,1995,70.145
bol,sex_m,age_aggregate_y15_24,eco_sector_ind,1999,38.852
bol,sex_m,age_aggregate_y15_24,eco_sector_ind,2000,125.637
bol,sex_m,age_aggregate_y15_24,eco_sector_ind,2001,106.145
bol,sex_m,age_aggregate_y15_24,eco_sector_ind,2002,103.338
bol,sex_m,age_aggregate_y15_24,eco_sector_ind,2005,129.936
bol,sex_m,age_aggregate_y15_24,eco_sector_ind,2006,132.961
bol,sex_m,age_aggregate_y15_24,eco_sector_ind,2007,180.932
bol,sex_m,age_aggregate_y15_24,eco_sector_ind,2008,155.717
bol,sex_m,age_aggregate_y15_24,eco_sector_ind,2009,176.729
bol,sex_m,age_aggregate_y15_24,eco_sector_ind,2011,167.23
bol,sex_m,age_aggregate_y15_24,eco_sector_ind,2012,143.977
bol,sex_m,age_aggregate_y15_24,eco_sector_ind,2013,141.619
bol,sex_m,age_aggregate_y15_24,eco_sector_ind,2014,198.255
bol,sex_m,age_aggregate_y15_24,eco_sector_ind,2015,182.287
bol,sex_m,age_aggregate_y15_24,eco_sector_ind,2016,165.386
bol,sex_m,age_aggregate_y15_24,eco_sector_ind,2017,160.012
bol,sex_m,age_aggregate_y15_24,eco_sector_ind,2018,154.5
bol,sex_m,age_aggregate_y15_24,eco_sector_ind,2019,170.019
bol,sex_m,age_aggregate_y15_24,eco_sector_ind,2020,137.138
bol,sex_m,age_aggregate_y15_24,eco_sector_ind,2021,185.763
bol,sex_m,age_aggregate_y15_24,eco_sector_ind,2022,178.124
bol,sex_m,age_aggregate_y15_24,eco_sector_ind,2023,170.449
bol,sex_m,age_aggregate_y15_24,eco_sector_ind,2024,187.244
bol,sex_m,age_aggregate_y15_24,eco_sector_nag,1989,98.67
bol,sex_m,age_aggregate_y15_24,eco_sector_nag,1990,116.31
bol,sex_m,age_aggregate_y15_24,eco_sector_nag,1991,119.261
bol,sex_m,age_aggregate_y15_24,eco_sector_nag,1992,123.508
bol,sex_m,age_aggregate_y15_24,eco_sector_nag,1993,134.193
bol,sex_m,age_aggregate_y15_24,eco_sector_nag,1994,144.847
bol,sex_m,age_aggregate_y15_24,eco_sector_nag,1995,156.375
bol,sex_m,age_aggregate_y15_24,eco_sector_nag,1999,479.382
bol,sex_m,age_aggregate_y15_24,eco_sector_nag,2000,245.966
bol,sex_m,age_aggregate_y15_24,eco_sector_nag,2001,252.426
bol,sex_m,age_aggregate_y15_24,eco_sector_nag,2002,239.761
bol,sex_m,age_aggregate_y15_24,eco_sector_nag,2005,265.677
bol,sex_m,age_aggregate_y15_24,eco_sector_nag,2006,304.015
bol,sex_m,age_aggregate_y15_24,eco_sector_nag,2007,330.345
bol,sex_m,age_aggregate_y15_24,eco_sector_nag,2008,336.277
bol,sex_m,age_aggregate_y15_24,eco_sector_nag,2009,363.147
bol,sex_m,age_aggregate_y15_24,eco_sector_nag,2011,361.592
bol,sex_m,age_aggregate_y15_24,eco_sector_nag,2012,329.953
bol,sex_m,age_aggregate_y15_24,eco_sector_nag,2013,309.356
bol,sex_m,age_aggregate_y15_24,eco_sector_nag,2014,394.633
bol,sex_m,age_aggregate_y15_24,eco_sector_nag,2015,363.585
bol,sex_m,age_aggregate_y15_24,eco_sector_nag,2016,333.957
bol,sex_m,age_aggregate_y15_24,eco_sector_nag,2017,337.064
bol,sex_m,age_aggregate_y15_24,eco_sector_nag,2018,348.801
bol,sex_m,age_aggregate_y15_24,eco_sector_nag,2019,399.775
bol,sex_m,age_aggregate_y15_24,eco_sector_nag,2020,294.554
bol,sex_m,age_aggregate_y15_24,eco_sector_nag,2021,464.725
bol,sex_m,age_aggregate_y15_24,eco_sector_nag,2022,498.104
bol,sex_m,age_aggregate_y15_24,eco_sector_nag,2023,488.901
bol,sex_m,age_aggregate_y15_24,eco_sector_nag,2024,535.712
bol,sex_m,age_aggregate_y15_24,eco_sector_ser,1989,71.249
bol,sex_m,age_aggregate_y15_24,eco_sector_ser,1990,77.229
bol,sex_m,age_aggregate_y15_24,eco_sector_ser,1991,62.745
bol,sex_m,age_aggregate_y15_24,eco_sector_ser,1992,59.899
bol,sex_m,age_aggregate_y15_24,eco_sector_ser,1993,75.698
bol,sex_m,age_aggregate_y15_24,eco_sector_ser,1994,75.836
bol,sex_m,age_aggregate_y15_24,eco_sector_ser,1995,86.23
bol,sex_m,age_aggregate_y15_24,eco_sector_ser,1999,407.956
bol,sex_m,age_aggregate_y15_24,eco_sector_ser,2000,116.227
bol,sex_m,age_aggregate_y15_24,eco_sector_ser,2001,140.215
bol,sex_m,age_aggregate_y15_24,eco_sector_ser,2002,136.423
bol,sex_m,age_aggregate_y15_24,eco_sector_ser,2005,135.741
bol,sex_m,age_aggregate_y15_24,eco_sector_ser,2006,171.054
bol,sex_m,age_aggregate_y15_24,eco_sector_ser,2007,149.413
bol,sex_m,age_aggregate_y15_24,eco_sector_ser,2008,180.56
bol,sex_m,age_aggregate_y15_24,eco_sector_ser,2009,186.418
bol,sex_m,age_aggregate_y15_24,eco_sector_ser,2011,194.362
bol,sex_m,age_aggregate_y15_24,eco_sector_ser,2012,185.976
bol,sex_m,age_aggregate_y15_24,eco_sector_ser,2013,167.737
bol,sex_m,age_aggregate_y15_24,eco_sector_ser,2014,196.378
bol,sex_m,age_aggregate_y15_24,eco_sector_ser,2015,180.173
bol,sex_m,age_aggregate_y15_24,eco_sector_ser,2016,168.571
bol,sex_m,age_aggregate_y15_24,eco_sector_ser,2017,176.711
bol,sex_m,age_aggregate_y15_24,eco_sector_ser,2018,194.301
bol,sex_m,age_aggregate_y15_24,eco_sector_ser,2019,229.756
bol,sex_m,age_aggregate_y15_24,eco_sector_ser,2020,155.334
bol,sex_m,age_aggregate_y15_24,eco_sector_ser,2021,276.67
bol,sex_m,age_aggregate_y15_24,eco_sector_ser,2022,316.895
bol,sex_m,age_aggregate_y15_24,eco_sector_ser,2023,315.142
bol,sex_m,age_aggregate_y15_24,eco_sector_ser,2024,343.712
bol,sex_m,age_aggregate_y15_24,eco_sector_total,1989,98.67
bol,sex_m,age_aggregate_y15_24,eco_sector_total,1990,116.31
bol,sex_m,age_aggregate_y15_24,eco_sector_total,1991,121.483
bol,sex_m,age_aggregate_y15_24,eco_sector_total,1992,125.475
bol,sex_m,age_aggregate_y15_24,eco_sector_total,1993,137.223
bol,sex_m,age_aggregate_y15_24,eco_sector_total,1994,147.1
bol,sex_m,age_aggregate_y15_24,eco_sector_total,1995,159.369
bol,sex_m,age_aggregate_y15_24,eco_sector_total,1999,479.382
bol,sex_m,age_aggregate_y15_24,eco_sector_total,2000,423.087
bol,sex_m,age_aggregate_y15_24,eco_sector_total,2001,482.145
bol,sex_m,age_aggregate_y15_24,eco_sector_total,2002,487.24
bol,sex_m,age_aggregate_y15_24,eco_sector_total,2005,435.877
bol,sex_m,age_aggregate_y15_24,eco_sector_total,2006,516.531
bol,sex_m,age_aggregate_y15_24,eco_sector_total,2007,529.274
bol,sex_m,age_aggregate_y15_24,eco_sector_total,2008,512.53
bol,sex_m,age_aggregate_y15_24,eco_sector_total,2009,525.438
bol,sex_m,age_aggregate_y15_24,eco_sector_total,2011,566.402
bol,sex_m,age_aggregate_y15_24,eco_sector_total,2012,506.051
bol,sex_m,age_aggregate_y15_24,eco_sector_total,2013,470.1
bol,sex_m,age_aggregate_y15_24,eco_sector_total,2014,566.327
bol,sex_m,age_aggregate_y15_24,eco_sector_total,2015,512.35
bol,sex_m,age_aggregate_y15_24,eco_sector_total,2016,498.067
bol,sex_m,age_aggregate_y15_24,eco_sector_total,2017,507.033
bol,sex_m,age_aggregate_y15_24,eco_sector_total,2018,518.917
bol,sex_m,age_aggregate_y15_24,eco_sector_total,2019,555.952
bol,sex_m,age_aggregate_y15_24,eco_sector_total,2020,467.51
bol,sex_m,age_aggregate_y15_24,eco_sector_total,2021,645.44
bol,sex_m,age_aggregate_y15_24,eco_sector_total,2022,664.556
bol,sex_m,age_aggregate_y15_24,eco_sector_total,2023,660.555
bol,sex_m,age_aggregate_y15_24,eco_sector_total,2024,684.092
bol,sex_m,age_aggregate_y15_24,eco_sector_x,1989,4.802
bol,sex_m,age_aggregate_y15_24,eco_sector_x,1990,5.906
bol,sex_m,age_aggregate_y15_24,eco_sector_x,1999,32.574
bol,sex_m,age_aggregate_y15_24,eco_sector_x,2000,4.102
bol,sex_m,age_aggregate_y15_24,eco_sector_x,2001,6.066
bol,sex_m,age_aggregate_y15_24,eco_sector_x,2017,0.341
bol,sex_m,age_aggregate_y15_24,eco_sector_x,2020,2.081
bol,sex_m,age_aggregate_y15_24,eco_sector_x,2021,2.292
bol,sex_m,age_aggregate_y15_24,eco_sector_x,2022,3.085
bol,sex_m,age_aggregate_y15_24,eco_sector_x,2023,3.309
bol,sex_m,age_aggregate_y15_24,eco_sector_x,2024,4.756
bol,sex_m,age_aggregate_y25_54,eco_aggregate_agr,1991,7.744
bol,sex_m,age_aggregate_y25_54,eco_aggregate_agr,1992,11.225
bol,sex_m,age_aggregate_y25_54,eco_aggregate_agr,1993,10.694
bol,sex_m,age_aggregate_y25_54,eco_aggregate_agr,1994,9.767
bol,sex_m,age_aggregate_y25_54,eco_aggregate_agr,1995,13.382
bol,sex_m,age_aggregate_y25_54,eco_aggregate_agr,1999,7.389
bol,sex_m,age_aggregate_y25_54,eco_aggregate_agr,2000,381.186
bol,sex_m,age_aggregate_y25_54,eco_aggregate_agr,2001,417.454
bol,sex_m,age_aggregate_y25_54,eco_aggregate_agr,2002,421.937
bol,sex_m,age_aggregate_y25_54,eco_aggregate_agr,2005,382.066
bol,sex_m,age_aggregate_y25_54,eco_aggregate_agr,2006,418.218
bol,sex_m,age_aggregate_y25_54,eco_aggregate_agr,2007,345.917
bol,sex_m,age_aggregate_y25_54,eco_aggregate_agr,2008,359.71
bol,sex_m,age_aggregate_y25_54,eco_aggregate_agr,2009,364.415
bol,sex_m,age_aggregate_y25_54,eco_aggregate_agr,2011,430.714
bol,sex_m,age_aggregate_y25_54,eco_aggregate_agr,2012,400.049
bol,sex_m,age_aggregate_y25_54,eco_aggregate_agr,2013,436.23
bol,sex_m,age_aggregate_y25_54,eco_aggregate_agr,2014,428.79
bol,sex_m,age_aggregate_y25_54,eco_aggregate_agr,2015,398.636
bol,sex_m,age_aggregate_y25_54,eco_aggregate_agr,2016,409.247
bol,sex_m,age_aggregate_y25_54,eco_aggregate_agr,2017,393.851
bol,sex_m,age_aggregate_y25_54,eco_aggregate_agr,2018,415.852
bol,sex_m,age_aggregate_y25_54,eco_aggregate_agr,2019,391.313
bol,sex_m,age_aggregate_y25_54,eco_aggregate_agr,2020,414.055
bol,sex_m,age_aggregate_y25_54,eco_aggregate_agr,2021,407.161
bol,sex_m,age_aggregate_y25_54,eco_aggregate_agr,2022,385.532
bol,sex_m,age_aggregate_y25_54,eco_aggregate_agr,2023,388.08
bol,sex_m,age_aggregate_y25_54,eco_aggregate_agr,2024,355.672
bol,sex_m,age_aggregate_y25_54,eco_aggregate_con,1991,53.279
bol,sex_m,age_aggregate_y25_54,eco_aggregate_con,1992,61.357
bol,sex_m,age_aggregate_y25_54,eco_aggregate_con,1993,57.926
bol,sex_m,age_aggregate_y25_54,eco_aggregate_con,1994,76.006
bol,sex_m,age_aggregate_y25_54,eco_aggregate_con,1995,69.882
bol,sex_m,age_aggregate_y25_54,eco_aggregate_con,2000,153.664
bol,sex_m,age_aggregate_y25_54,eco_aggregate_con,2001,119.698
bol,sex_m,age_aggregate_y25_54,eco_aggregate_con,2002,138.503
bol,sex_m,age_aggregate_y25_54,eco_aggregate_con,2005,185.352
bol,sex_m,age_aggregate_y25_54,eco_aggregate_con,2006,158.199
bol,sex_m,age_aggregate_y25_54,eco_aggregate_con,2007,190.154
bol,sex_m,age_aggregate_y25_54,eco_aggregate_con,2008,212.056
bol,sex_m,age_aggregate_y25_54,eco_aggregate_con,2009,227.729
bol,sex_m,age_aggregate_y25_54,eco_aggregate_con,2011,222.408
bol,sex_m,age_aggregate_y25_54,eco_aggregate_con,2012,234.3
bol,sex_m,age_aggregate_y25_54,eco_aggregate_con,2013,217.385
bol,sex_m,age_aggregate_y25_54,eco_aggregate_con,2014,270.974
bol,sex_m,age_aggregate_y25_54,eco_aggregate_con,2015,306.199
bol,sex_m,age_aggregate_y25_54,eco_aggregate_con,2016,274.784
bol,sex_m,age_aggregate_y25_54,eco_aggregate_con,2017,279.966
bol,sex_m,age_aggregate_y25_54,eco_aggregate_con,2018,268.686
bol,sex_m,age_aggregate_y25_54,eco_aggregate_con,2019,295.954
bol,sex_m,age_aggregate_y25_54,eco_aggregate_con,2020,291.562
bol,sex_m,age_aggregate_y25_54,eco_aggregate_con,2021,300.274
bol,sex_m,age_aggregate_y25_54,eco_aggregate_con,2022,323.167
bol,sex_m,age_aggregate_y25_54,eco_aggregate_con,2023,315.169
bol,sex_m,age_aggregate_y25_54,eco_aggregate_con,2024,334.783
bol,sex_m,age_aggregate_y25_54,eco_aggregate_man,1989,63.077
bol,sex_m,age_aggregate_y25_54,eco_aggregate_man,1990,73.319
bol,sex_m,age_aggregate_y25_54,eco_aggregate_man,1991,77.356
bol,sex_m,age_aggregate_y25_54,eco_aggregate_man,1992,81.973
bol,sex_m,age_aggregate_y25_54,eco_aggregate_man,1993,82.106
bol,sex_m,age_aggregate_y25_54,eco_aggregate_man,1994,86.976
bol,sex_m,age_aggregate_y25_54,eco_aggregate_man,1995,87.002
bol,sex_m,age_aggregate_y25_54,eco_aggregate_man,1999,168.443
bol,sex_m,age_aggregate_y25_54,eco_aggregate_man,2000,138.925
bol,sex_m,age_aggregate_y25_54,eco_aggregate_man,2001,124.908
bol,sex_m,age_aggregate_y25_54,eco_aggregate_man,2002,176.147
bol,sex_m,age_aggregate_y25_54,eco_aggregate_man,2005,173.287
bol,sex_m,age_aggregate_y25_54,eco_aggregate_man,2006,177.073
bol,sex_m,age_aggregate_y25_54,eco_aggregate_man,2007,201.578
bol,sex_m,age_aggregate_y25_54,eco_aggregate_man,2008,198.49
bol,sex_m,age_aggregate_y25_54,eco_aggregate_man,2009,224.356
bol,sex_m,age_aggregate_y25_54,eco_aggregate_man,2011,154.299
bol,sex_m,age_aggregate_y25_54,eco_aggregate_man,2012,135.771
bol,sex_m,age_aggregate_y25_54,eco_aggregate_man,2013,148.08
bol,sex_m,age_aggregate_y25_54,eco_aggregate_man,2014,189.627
bol,sex_m,age_aggregate_y25_54,eco_aggregate_man,2015,184.567
bol,sex_m,age_aggregate_y25_54,eco_aggregate_man,2016,195.091
bol,sex_m,age_aggregate_y25_54,eco_aggregate_man,2017,201.749
bol,sex_m,age_aggregate_y25_54,eco_aggregate_man,2018,204.705
bol,sex_m,age_aggregate_y25_54,eco_aggregate_man,2019,226.418
bol,sex_m,age_aggregate_y25_54,eco_aggregate_man,2020,197.094
bol,sex_m,age_aggregate_y25_54,eco_aggregate_man,2021,241.501
bol,sex_m,age_aggregate_y25_54,eco_aggregate_man,2022,253.333
bol,sex_m,age_aggregate_y25_54,eco_aggregate_man,2023,255.733
bol,sex_m,age_aggregate_y25_54,eco_aggregate_man,2024,278.459
bol,sex_m,age_aggregate_y25_54,eco_aggregate_mel,1989,13.805
bol,sex_m,age_aggregate_y25_54,eco_aggregate_mel,1990,10.764
bol,sex_m,age_aggregate_y25_54,eco_aggregate_mel,1991,20.177
bol,sex_m,age_aggregate_y25_54,eco_aggregate_mel,1992,19.373
bol,sex_m,age_aggregate_y25_54,eco_aggregate_mel,1993,14.508
bol,sex_m,age_aggregate_y25_54,eco_aggregate_mel,1994,15.278
bol,sex_m,age_aggregate_y25_54,eco_aggregate_mel,1995,17.851
bol,sex_m,age_aggregate_y25_54,eco_aggregate_mel,1999,84.62
bol,sex_m,age_aggregate_y25_54,eco_aggregate_mel,2000,45.279
bol,sex_m,age_aggregate_y25_54,eco_aggregate_mel,2001,39.495
bol,sex_m,age_aggregate_y25_54,eco_aggregate_mel,2002,32.024
bol,sex_m,age_aggregate_y25_54,eco_aggregate_mel,2005,54.905
bol,sex_m,age_aggregate_y25_54,eco_aggregate_mel,2006,46.84
bol,sex_m,age_aggregate_y25_54,eco_aggregate_mel,2007,59.211
bol,sex_m,age_aggregate_y25_54,eco_aggregate_mel,2008,44.973
bol,sex_m,age_aggregate_y25_54,eco_aggregate_mel,2009,39.614
bol,sex_m,age_aggregate_y25_54,eco_aggregate_mel,2011,82.576
bol,sex_m,age_aggregate_y25_54,eco_aggregate_mel,2012,92.529
bol,sex_m,age_aggregate_y25_54,eco_aggregate_mel,2013,93.206
bol,sex_m,age_aggregate_y25_54,eco_aggregate_mel,2014,83.699
bol,sex_m,age_aggregate_y25_54,eco_aggregate_mel,2015,84.382
bol,sex_m,age_aggregate_y25_54,eco_aggregate_mel,2016,70.873
bol,sex_m,age_aggregate_y25_54,eco_aggregate_mel,2017,59.673
bol,sex_m,age_aggregate_y25_54,eco_aggregate_mel,2018,71.784
bol,sex_m,age_aggregate_y25_54,eco_aggregate_mel,2019,62.75
bol,sex_m,age_aggregate_y25_54,eco_aggregate_mel,2020,49.522
bol,sex_m,age_aggregate_y25_54,eco_aggregate_mel,2021,60.748
bol,sex_m,age_aggregate_y25_54,eco_aggregate_mel,2022,67.145
bol,sex_m,age_aggregate_y25_54,eco_aggregate_mel,2023,66.103
bol,sex_m,age_aggregate_y25_54,eco_aggregate_mel,2024,75.648
bol,sex_m,age_aggregate_y25_54,eco_aggregate_mkt,1989,136.65
bol,sex_m,age_aggregate_y25_54,eco_aggregate_mkt,1990,133.196
bol,sex_m,age_aggregate_y25_54,eco_aggregate_mkt,1991,137.25
bol,sex_m,age_aggregate_y25_54,eco_aggregate_mkt,1992,146.144
bol,sex_m,age_aggregate_y25_54,eco_aggregate_mkt,1993,163.451
bol,sex_m,age_aggregate_y25_54,eco_aggregate_mkt,1994,176.252
bol,sex_m,age_aggregate_y25_54,eco_aggregate_mkt,1995,182.038
bol,sex_m,age_aggregate_y25_54,eco_aggregate_mkt,1999,832.939
bol,sex_m,age_aggregate_y25_54,eco_aggregate_mkt,2000,313.943
bol,sex_m,age_aggregate_y25_54,eco_aggregate_mkt,2001,311.921
bol,sex_m,age_aggregate_y25_54,eco_aggregate_mkt,2002,303.383
bol,sex_m,age_aggregate_y25_54,eco_aggregate_mkt,2005,391.435
bol,sex_m,age_aggregate_y25_54,eco_aggregate_mkt,2006,416.479
bol,sex_m,age_aggregate_y25_54,eco_aggregate_mkt,2007,445.31
bol,sex_m,age_aggregate_y25_54,eco_aggregate_mkt,2008,494.002
bol,sex_m,age_aggregate_y25_54,eco_aggregate_mkt,2009,507.576
bol,sex_m,age_aggregate_y25_54,eco_aggregate_mkt,2011,506.266
bol,sex_m,age_aggregate_y25_54,eco_aggregate_mkt,2012,540.359
bol,sex_m,age_aggregate_y25_54,eco_aggregate_mkt,2013,547.261
bol,sex_m,age_aggregate_y25_54,eco_aggregate_mkt,2014,556.436
bol,sex_m,age_aggregate_y25_54,eco_aggregate_mkt,2015,572.802
bol,sex_m,age_aggregate_y25_54,eco_aggregate_mkt,2016,550.992
bol,sex_m,age_aggregate_y25_54,eco_aggregate_mkt,2017,566.44
bol,sex_m,age_aggregate_y25_54,eco_aggregate_mkt,2018,581.574
bol,sex_m,age_aggregate_y25_54,eco_aggregate_mkt,2019,653.566
bol,sex_m,age_aggregate_y25_54,eco_aggregate_mkt,2020,730.102
bol,sex_m,age_aggregate_y25_54,eco_aggregate_mkt,2021,714.208
bol,sex_m,age_aggregate_y25_54,eco_aggregate_mkt,2022,790.155
bol,sex_m,age_aggregate_y25_54,eco_aggregate_mkt,2023,788.157
bol,sex_m,age_aggregate_y25_54,eco_aggregate_mkt,2024,809.34
bol,sex_m,age_aggregate_y25_54,eco_aggregate_pub,1989,129.151
bol,sex_m,age_aggregate_y25_54,eco_aggregate_pub,1990,136.217
bol,sex_m,age_aggregate_y25_54,eco_aggregate_pub,1991,93.115
bol,sex_m,age_aggregate_y25_54,eco_aggregate_pub,1992,89.402
bol,sex_m,age_aggregate_y25_54,eco_aggregate_pub,1993,84.366
bol,sex_m,age_aggregate_y25_54,eco_aggregate_pub,1994,93.445
bol,sex_m,age_aggregate_y25_54,eco_aggregate_pub,1995,92.075
bol,sex_m,age_aggregate_y25_54,eco_aggregate_pub,1999,71.277
bol,sex_m,age_aggregate_y25_54,eco_aggregate_pub,2000,165.912
bol,sex_m,age_aggregate_y25_54,eco_aggregate_pub,2001,145.045
bol,sex_m,age_aggregate_y25_54,eco_aggregate_pub,2002,162.503
bol,sex_m,age_aggregate_y25_54,eco_aggregate_pub,2005,186.451
bol,sex_m,age_aggregate_y25_54,eco_aggregate_pub,2006,210.63
bol,sex_m,age_aggregate_y25_54,eco_aggregate_pub,2007,238.483
bol,sex_m,age_aggregate_y25_54,eco_aggregate_pub,2008,233.501
bol,sex_m,age_aggregate_y25_54,eco_aggregate_pub,2009,261.156
bol,sex_m,age_aggregate_y25_54,eco_aggregate_pub,2011,251.317
bol,sex_m,age_aggregate_y25_54,eco_aggregate_pub,2012,239.642
bol,sex_m,age_aggregate_y25_54,eco_aggregate_pub,2013,285.517
bol,sex_m,age_aggregate_y25_54,eco_aggregate_pub,2014,224.265
bol,sex_m,age_aggregate_y25_54,eco_aggregate_pub,2015,243.009
bol,sex_m,age_aggregate_y25_54,eco_aggregate_pub,2016,229.035
bol,sex_m,age_aggregate_y25_54,eco_aggregate_pub,2017,227.968
bol,sex_m,age_aggregate_y25_54,eco_aggregate_pub,2018,231.484
bol,sex_m,age_aggregate_y25_54,eco_aggregate_pub,2019,248.044
bol,sex_m,age_aggregate_y25_54,eco_aggregate_pub,2020,254.752
bol,sex_m,age_aggregate_y25_54,eco_aggregate_pub,2021,256.63
bol,sex_m,age_aggregate_y25_54,eco_aggregate_pub,2022,263.398
bol,sex_m,age_aggregate_y25_54,eco_aggregate_pub,2023,284.27
bol,sex_m,age_aggregate_y25_54,eco_aggregate_pub,2024,278.096
bol,sex_m,age_aggregate_y25_54,eco_aggregate_total,1989,354.216
bol,sex_m,age_aggregate_y25_54,eco_aggregate_total,1990,367.922
bol,sex_m,age_aggregate_y25_54,eco_aggregate_total,1991,388.956
bol,sex_m,age_aggregate_y25_54,eco_aggregate_total,1992,410.357
bol,sex_m,age_aggregate_y25_54,eco_aggregate_total,1993,413.118
bol,sex_m,age_aggregate_y25_54,eco_aggregate_total,1994,457.724
bol,sex_m,age_aggregate_y25_54,eco_aggregate_total,1995,463.372
bol,sex_m,age_aggregate_y25_54,eco_aggregate_total,1999,1309.303
bol,sex_m,age_aggregate_y25_54,eco_aggregate_total,2000,1204.042
bol,sex_m,age_aggregate_y25_54,eco_aggregate_total,2001,1165.636
bol,sex_m,age_aggregate_y25_54,eco_aggregate_total,2002,1234.497
bol,sex_m,age_aggregate_y25_54,eco_aggregate_total,2005,1373.496
bol,sex_m,age_aggregate_y25_54,eco_aggregate_total,2006,1427.439
bol,sex_m,age_aggregate_y25_54,eco_aggregate_total,2007,1480.653
bol,sex_m,age_aggregate_y25_54,eco_aggregate_total,2008,1544.076
bol,sex_m,age_aggregate_y25_54,eco_aggregate_total,2009,1624.846
bol,sex_m,age_aggregate_y25_54,eco_aggregate_total,2011,1647.58
bol,sex_m,age_aggregate_y25_54,eco_aggregate_total,2012,1642.65
bol,sex_m,age_aggregate_y25_54,eco_aggregate_total,2013,1727.839
bol,sex_m,age_aggregate_y25_54,eco_aggregate_total,2014,1753.988
bol,sex_m,age_aggregate_y25_54,eco_aggregate_total,2015,1790.859
bol,sex_m,age_aggregate_y25_54,eco_aggregate_total,2016,1730.022
bol,sex_m,age_aggregate_y25_54,eco_aggregate_total,2017,1729.767
bol,sex_m,age_aggregate_y25_54,eco_aggregate_total,2018,1774.085
bol,sex_m,age_aggregate_y25_54,eco_aggregate_total,2019,1878.045
bol,sex_m,age_aggregate_y25_54,eco_aggregate_total,2020,1941.855
bol,sex_m,age_aggregate_y25_54,eco_aggregate_total,2021,1985.085
bol,sex_m,age_aggregate_y25_54,eco_aggregate_total,2022,2088.508
bol,sex_m,age_aggregate_y25_54,eco_aggregate_total,2023,2102.048
bol,sex_m,age_aggregate_y25_54,eco_aggregate_total,2024,2139.594
bol,sex_m,age_aggregate_y25_54,eco_aggregate_x,1989,11.534
bol,sex_m,age_aggregate_y25_54,eco_aggregate_x,1990,14.426
bol,sex_m,age_aggregate_y25_54,eco_aggregate_x,1992,0.883
bol,sex_m,age_aggregate_y25_54,eco_aggregate_x,1995,1.142
bol,sex_m,age_aggregate_y25_54,eco_aggregate_x,1999,144.635
bol,sex_m,age_aggregate_y25_54,eco_aggregate_x,2000,5.133
bol,sex_m,age_aggregate_y25_54,eco_aggregate_x,2001,7.115
bol,sex_m,age_aggregate_y25_54,eco_aggregate_x,2020,4.768
bol,sex_m,age_aggregate_y25_54,eco_aggregate_x,2021,4.564
bol,sex_m,age_aggregate_y25_54,eco_aggregate_x,2022,5.779
bol,sex_m,age_aggregate_y25_54,eco_aggregate_x,2023,4.536
bol,sex_m,age_aggregate_y25_54,eco_aggregate_x,2024,7.595
bol,sex_m,age_aggregate_y25_54,eco_isic3_a,1991,7.691
bol,sex_m,age_aggregate_y25_54,eco_isic3_a,1992,11.225
bol,sex_m,age_aggregate_y25_54,eco_isic3_a,1993,10.636
bol,sex_m,age_aggregate_y25_54,eco_isic3_a,1994,9.628
bol,sex_m,age_aggregate_y25_54,eco_isic3_a,1995,13.306
bol,sex_m,age_aggregate_y25_54,eco_isic3_a,1999,7.389
bol,sex_m,age_aggregate_y25_54,eco_isic3_a,2000,381.186
bol,sex_m,age_aggregate_y25_54,eco_isic3_a,2001,417.454
bol,sex_m,age_aggregate_y25_54,eco_isic3_a,2002,419.577
bol,sex_m,age_aggregate_y25_54,eco_isic3_a,2005,378.085
bol,sex_m,age_aggregate_y25_54,eco_isic3_a,2006,414.175
bol,sex_m,age_aggregate_y25_54,eco_isic3_a,2007,344.532
bol,sex_m,age_aggregate_y25_54,eco_isic3_a,2008,356.889
bol,sex_m,age_aggregate_y25_54,eco_isic3_a,2009,361.971
bol,sex_m,age_aggregate_y25_54,eco_isic3_b,2002,2.36
bol,sex_m,age_aggregate_y25_54,eco_isic3_b,2005,3.981
bol,sex_m,age_aggregate_y25_54,eco_isic3_b,2006,4.043
bol,sex_m,age_aggregate_y25_54,eco_isic3_b,2008,2.821
bol,sex_m,age_aggregate_y25_54,eco_isic3_c,1989,10.976
bol,sex_m,age_aggregate_y25_54,eco_isic3_c,1990,7.82
bol,sex_m,age_aggregate_y25_54,eco_isic3_c,1991,15.058
bol,sex_m,age_aggregate_y25_54,eco_isic3_c,1992,14.221
bol,sex_m,age_aggregate_y25_54,eco_isic3_c,1993,10.87
bol,sex_m,age_aggregate_y25_54,eco_isic3_c,1994,11.369
bol,sex_m,age_aggregate_y25_54,eco_isic3_c,1995,14.351
bol,sex_m,age_aggregate_y25_54,eco_isic3_c,1999,53.733
bol,sex_m,age_aggregate_y25_54,eco_isic3_c,2000,33.569
bol,sex_m,age_aggregate_y25_54,eco_isic3_c,2001,33.817
bol,sex_m,age_aggregate_y25_54,eco_isic3_c,2002,26.856
bol,sex_m,age_aggregate_y25_54,eco_isic3_c,2005,45.145
bol,sex_m,age_aggregate_y25_54,eco_isic3_c,2006,37.305
bol,sex_m,age_aggregate_y25_54,eco_isic3_c,2007,48.343
bol,sex_m,age_aggregate_y25_54,eco_isic3_c,2008,34.335
bol,sex_m,age_aggregate_y25_54,eco_isic3_c,2009,31.473
bol,sex_m,age_aggregate_y25_54,eco_isic3_d,1989,63.077
bol,sex_m,age_aggregate_y25_54,eco_isic3_d,1990,73.319
bol,sex_m,age_aggregate_y25_54,eco_isic3_d,1991,77.356
bol,sex_m,age_aggregate_y25_54,eco_isic3_d,1992,81.973
bol,sex_m,age_aggregate_y25_54,eco_isic3_d,1993,82.106
bol,sex_m,age_aggregate_y25_54,eco_isic3_d,1994,86.976
bol,sex_m,age_aggregate_y25_54,eco_isic3_d,1995,87.002
bol,sex_m,age_aggregate_y25_54,eco_isic3_d,1999,168.443
bol,sex_m,age_aggregate_y25_54,eco_isic3_d,2000,138.925
bol,sex_m,age_aggregate_y25_54,eco_isic3_d,2001,124.908
bol,sex_m,age_aggregate_y25_54,eco_isic3_d,2002,176.147
bol,sex_m,age_aggregate_y25_54,eco_isic3_d,2005,173.287
bol,sex_m,age_aggregate_y25_54,eco_isic3_d,2006,177.073
bol,sex_m,age_aggregate_y25_54,eco_isic3_d,2007,201.578
bol,sex_m,age_aggregate_y25_54,eco_isic3_d,2008,198.49
bol,sex_m,age_aggregate_y25_54,eco_isic3_d,2009,224.356
bol,sex_m,age_aggregate_y25_54,eco_isic3_e,1989,2.829
bol,sex_m,age_aggregate_y25_54,eco_isic3_e,1990,2.944
bol,sex_m,age_aggregate_y25_54,eco_isic3_e,1991,5.119
bol,sex_m,age_aggregate_y25_54,eco_isic3_e,1992,5.152
bol,sex_m,age_aggregate_y25_54,eco_isic3_e,1993,3.638
bol,sex_m,age_aggregate_y25_54,eco_isic3_e,1994,3.909
bol,sex_m,age_aggregate_y25_54,eco_isic3_e,1995,3.5
bol,sex_m,age_aggregate_y25_54,eco_isic3_e,1999,30.887
bol,sex_m,age_aggregate_y25_54,eco_isic3_e,2000,11.71
bol,sex_m,age_aggregate_y25_54,eco_isic3_e,2001,5.678
bol,sex_m,age_aggregate_y25_54,eco_isic3_e,2002,5.168
bol,sex_m,age_aggregate_y25_54,eco_isic3_e,2005,9.76
bol,sex_m,age_aggregate_y25_54,eco_isic3_e,2006,9.535
bol,sex_m,age_aggregate_y25_54,eco_isic3_e,2007,10.868
bol,sex_m,age_aggregate_y25_54,eco_isic3_e,2008,10.638
bol,sex_m,age_aggregate_y25_54,eco_isic3_e,2009,8.141
bol,sex_m,age_aggregate_y25_54,eco_isic3_f,1991,53.279
bol,sex_m,age_aggregate_y25_54,eco_isic3_f,1992,61.357
bol,sex_m,age_aggregate_y25_54,eco_isic3_f,1993,57.926
bol,sex_m,age_aggregate_y25_54,eco_isic3_f,1994,76.006
bol,sex_m,age_aggregate_y25_54,eco_isic3_f,1995,69.882
bol,sex_m,age_aggregate_y25_54,eco_isic3_f,2000,153.664
bol,sex_m,age_aggregate_y25_54,eco_isic3_f,2001,119.698
bol,sex_m,age_aggregate_y25_54,eco_isic3_f,2002,138.503
bol,sex_m,age_aggregate_y25_54,eco_isic3_f,2005,185.352
bol,sex_m,age_aggregate_y25_54,eco_isic3_f,2006,158.199
bol,sex_m,age_aggregate_y25_54,eco_isic3_f,2007,190.154
bol,sex_m,age_aggregate_y25_54,eco_isic3_f,2008,212.056
bol,sex_m,age_aggregate_y25_54,eco_isic3_f,2009,227.729
bol,sex_m,age_aggregate_y25_54,eco_isic3_g,1989,41.229
bol,sex_m,age_aggregate_y25_54,eco_isic3_g,1990,39.405
bol,sex_m,age_aggregate_y25_54,eco_isic3_g,1991,64.321
bol,sex_m,age_aggregate_y25_54,eco_isic3_g,1992,67.398
bol,sex_m,age_aggregate_y25_54,eco_isic3_g,1993,68.889
bol,sex_m,age_aggregate_y25_54,eco_isic3_g,1994,80.653
bol,sex_m,age_aggregate_y25_54,eco_isic3_g,1995,87.941
bol,sex_m,age_aggregate_y25_54,eco_isic3_g,1999,76.733
bol,sex_m,age_aggregate_y25_54,eco_isic3_g,2000,123.653
bol,sex_m,age_aggregate_y25_54,eco_isic3_g,2001,110.622
bol,sex_m,age_aggregate_y25_54,eco_isic3_g,2002,130.154
bol,sex_m,age_aggregate_y25_54,eco_isic3_g,2005,142.145
bol,sex_m,age_aggregate_y25_54,eco_isic3_g,2006,162.397
bol,sex_m,age_aggregate_y25_54,eco_isic3_g,2007,169.17
bol,sex_m,age_aggregate_y25_54,eco_isic3_g,2008,189.259
bol,sex_m,age_aggregate_y25_54,eco_isic3_g,2009,179.25
bol,sex_m,age_aggregate_y25_54,eco_isic3_h,1991,6.788
bol,sex_m,age_aggregate_y25_54,eco_isic3_h,1992,6.969
bol,sex_m,age_aggregate_y25_54,eco_isic3_h,1993,9.661
bol,sex_m,age_aggregate_y25_54,eco_isic3_h,1994,9.851
bol,sex_m,age_aggregate_y25_54,eco_isic3_h,1995,8.027
bol,sex_m,age_aggregate_y25_54,eco_isic3_h,2000,12.521
bol,sex_m,age_aggregate_y25_54,eco_isic3_h,2001,19.363
bol,sex_m,age_aggregate_y25_54,eco_isic3_h,2002,19.744
bol,sex_m,age_aggregate_y25_54,eco_isic3_h,2005,21.836
bol,sex_m,age_aggregate_y25_54,eco_isic3_h,2006,19.554
bol,sex_m,age_aggregate_y25_54,eco_isic3_h,2007,13.794
bol,sex_m,age_aggregate_y25_54,eco_isic3_h,2008,31.218
bol,sex_m,age_aggregate_y25_54,eco_isic3_h,2009,21.545
bol,sex_m,age_aggregate_y25_54,eco_isic3_i,1989,48.666
bol,sex_m,age_aggregate_y25_54,eco_isic3_i,1990,47.384
bol,sex_m,age_aggregate_y25_54,eco_isic3_i,1991,46.308
bol,sex_m,age_aggregate_y25_54,eco_isic3_i,1992,53.04
bol,sex_m,age_aggregate_y25_54,eco_isic3_i,1993,62.827
bol,sex_m,age_aggregate_y25_54,eco_isic3_i,1994,60.792
bol,sex_m,age_aggregate_y25_54,eco_isic3_i,1995,61.977
bol,sex_m,age_aggregate_y25_54,eco_isic3_i,1999,426.389
bol,sex_m,age_aggregate_y25_54,eco_isic3_i,2000,106.891
bol,sex_m,age_aggregate_y25_54,eco_isic3_i,2001,120.403
bol,sex_m,age_aggregate_y25_54,eco_isic3_i,2002,110.348
bol,sex_m,age_aggregate_y25_54,eco_isic3_i,2005,174.913
bol,sex_m,age_aggregate_y25_54,eco_isic3_i,2006,148.382
bol,sex_m,age_aggregate_y25_54,eco_isic3_i,2007,180.783
bol,sex_m,age_aggregate_y25_54,eco_isic3_i,2008,198.705
bol,sex_m,age_aggregate_y25_54,eco_isic3_i,2009,211.712
bol,sex_m,age_aggregate_y25_54,eco_isic3_j,1991,5.006
bol,sex_m,age_aggregate_y25_54,eco_isic3_j,1992,3.176
bol,sex_m,age_aggregate_y25_54,eco_isic3_j,1993,6.565
bol,sex_m,age_aggregate_y25_54,eco_isic3_j,1994,6.548
bol,sex_m,age_aggregate_y25_54,eco_isic3_j,1995,6.438
bol,sex_m,age_aggregate_y25_54,eco_isic3_j,2000,13.164
bol,sex_m,age_aggregate_y25_54,eco_isic3_j,2001,15.068
bol,sex_m,age_aggregate_y25_54,eco_isic3_j,2002,9.467
bol,sex_m,age_aggregate_y25_54,eco_isic3_j,2005,4.068
bol,sex_m,age_aggregate_y25_54,eco_isic3_j,2006,12.68
bol,sex_m,age_aggregate_y25_54,eco_isic3_j,2007,11.071
bol,sex_m,age_aggregate_y25_54,eco_isic3_j,2008,14.672
bol,sex_m,age_aggregate_y25_54,eco_isic3_j,2009,19.581
bol,sex_m,age_aggregate_y25_54,eco_isic3_k,1989,46.755
bol,sex_m,age_aggregate_y25_54,eco_isic3_k,1990,46.407
bol,sex_m,age_aggregate_y25_54,eco_isic3_k,1991,14.827
bol,sex_m,age_aggregate_y25_54,eco_isic3_k,1992,15.561
bol,sex_m,age_aggregate_y25_54,eco_isic3_k,1993,15.509
bol,sex_m,age_aggregate_y25_54,eco_isic3_k,1994,18.408
bol,sex_m,age_aggregate_y25_54,eco_isic3_k,1995,17.655
bol,sex_m,age_aggregate_y25_54,eco_isic3_k,1999,329.817
bol,sex_m,age_aggregate_y25_54,eco_isic3_k,2000,57.714
bol,sex_m,age_aggregate_y25_54,eco_isic3_k,2001,46.465
bol,sex_m,age_aggregate_y25_54,eco_isic3_k,2002,33.67
bol,sex_m,age_aggregate_y25_54,eco_isic3_k,2005,48.473
bol,sex_m,age_aggregate_y25_54,eco_isic3_k,2006,73.466
bol,sex_m,age_aggregate_y25_54,eco_isic3_k,2007,70.492
bol,sex_m,age_aggregate_y25_54,eco_isic3_k,2008,60.148
bol,sex_m,age_aggregate_y25_54,eco_isic3_k,2009,75.488
bol,sex_m,age_aggregate_y25_54,eco_isic3_l,1991,37.964
bol,sex_m,age_aggregate_y25_54,eco_isic3_l,1992,39.434
bol,sex_m,age_aggregate_y25_54,eco_isic3_l,1993,36.433
bol,sex_m,age_aggregate_y25_54,eco_isic3_l,1994,37.218
bol,sex_m,age_aggregate_y25_54,eco_isic3_l,1995,34.868
bol,sex_m,age_aggregate_y25_54,eco_isic3_l,2000,49.39
bol,sex_m,age_aggregate_y25_54,eco_isic3_l,2001,43.538
bol,sex_m,age_aggregate_y25_54,eco_isic3_l,2002,51.78
bol,sex_m,age_aggregate_y25_54,eco_isic3_l,2005,49.835
bol,sex_m,age_aggregate_y25_54,eco_isic3_l,2006,63.376
bol,sex_m,age_aggregate_y25_54,eco_isic3_l,2007,92.194
bol,sex_m,age_aggregate_y25_54,eco_isic3_l,2008,85.328
bol,sex_m,age_aggregate_y25_54,eco_isic3_l,2009,80.028
bol,sex_m,age_aggregate_y25_54,eco_isic3_m,1989,12.249
bol,sex_m,age_aggregate_y25_54,eco_isic3_m,1990,13.507
bol,sex_m,age_aggregate_y25_54,eco_isic3_m,1991,22.593
bol,sex_m,age_aggregate_y25_54,eco_isic3_m,1992,21.493
bol,sex_m,age_aggregate_y25_54,eco_isic3_m,1993,22.273
bol,sex_m,age_aggregate_y25_54,eco_isic3_m,1994,23.762
bol,sex_m,age_aggregate_y25_54,eco_isic3_m,1995,25.896
bol,sex_m,age_aggregate_y25_54,eco_isic3_m,2000,63.744
bol,sex_m,age_aggregate_y25_54,eco_isic3_m,2001,53.176
bol,sex_m,age_aggregate_y25_54,eco_isic3_m,2002,54.893
bol,sex_m,age_aggregate_y25_54,eco_isic3_m,2005,73.369
bol,sex_m,age_aggregate_y25_54,eco_isic3_m,2006,73.352
bol,sex_m,age_aggregate_y25_54,eco_isic3_m,2007,79.246
bol,sex_m,age_aggregate_y25_54,eco_isic3_m,2008,73.554
bol,sex_m,age_aggregate_y25_54,eco_isic3_m,2009,93.026
bol,sex_m,age_aggregate_y25_54,eco_isic3_n,1991,7.972
bol,sex_m,age_aggregate_y25_54,eco_isic3_n,1992,7.51
bol,sex_m,age_aggregate_y25_54,eco_isic3_n,1993,8.975
bol,sex_m,age_aggregate_y25_54,eco_isic3_n,1994,9.942
bol,sex_m,age_aggregate_y25_54,eco_isic3_n,1995,9.439
bol,sex_m,age_aggregate_y25_54,eco_isic3_n,2000,16.138
bol,sex_m,age_aggregate_y25_54,eco_isic3_n,2001,20.619
bol,sex_m,age_aggregate_y25_54,eco_isic3_n,2002,17.349
bol,sex_m,age_aggregate_y25_54,eco_isic3_n,2005,15.469
bol,sex_m,age_aggregate_y25_54,eco_isic3_n,2006,26.635
bol,sex_m,age_aggregate_y25_54,eco_isic3_n,2007,29.426
bol,sex_m,age_aggregate_y25_54,eco_isic3_n,2008,29.922
bol,sex_m,age_aggregate_y25_54,eco_isic3_n,2009,26.047
bol,sex_m,age_aggregate_y25_54,eco_isic3_o,1989,73.265
bol,sex_m,age_aggregate_y25_54,eco_isic3_o,1990,78.355
bol,sex_m,age_aggregate_y25_54,eco_isic3_o,1991,20.614
bol,sex_m,age_aggregate_y25_54,eco_isic3_o,1992,16.273
bol,sex_m,age_aggregate_y25_54,eco_isic3_o,1993,13.777
bol,sex_m,age_aggregate_y25_54,eco_isic3_o,1994,18.044
bol,sex_m,age_aggregate_y25_54,eco_isic3_o,1995,17.802
bol,sex_m,age_aggregate_y25_54,eco_isic3_o,1999,71.277
bol,sex_m,age_aggregate_y25_54,eco_isic3_o,2000,30.539
bol,sex_m,age_aggregate_y25_54,eco_isic3_o,2001,25.759
bol,sex_m,age_aggregate_y25_54,eco_isic3_o,2002,30.301
bol,sex_m,age_aggregate_y25_54,eco_isic3_o,2005,45.201
bol,sex_m,age_aggregate_y25_54,eco_isic3_o,2006,42.57
bol,sex_m,age_aggregate_y25_54,eco_isic3_o,2007,34.337
bol,sex_m,age_aggregate_y25_54,eco_isic3_o,2008,34.865
bol,sex_m,age_aggregate_y25_54,eco_isic3_o,2009,51.383
bol,sex_m,age_aggregate_y25_54,eco_isic3_p,1989,43.636
bol,sex_m,age_aggregate_y25_54,eco_isic3_p,1990,44.355
bol,sex_m,age_aggregate_y25_54,eco_isic3_p,1991,2.58
bol,sex_m,age_aggregate_y25_54,eco_isic3_p,1992,1.911
bol,sex_m,age_aggregate_y25_54,eco_isic3_p,1993,2.298
bol,sex_m,age_aggregate_y25_54,eco_isic3_p,1994,2.788
bol,sex_m,age_aggregate_y25_54,eco_isic3_p,1995,2.3
bol,sex_m,age_aggregate_y25_54,eco_isic3_p,2000,5.116
bol,sex_m,age_aggregate_y25_54,eco_isic3_p,2002,6.574
bol,sex_m,age_aggregate_y25_54,eco_isic3_p,2006,4.149
bol,sex_m,age_aggregate_y25_54,eco_isic3_p,2007,2.959
bol,sex_m,age_aggregate_y25_54,eco_isic3_p,2008,9.832
bol,sex_m,age_aggregate_y25_54,eco_isic3_p,2009,5.933
bol,sex_m,age_aggregate_y25_54,eco_isic3_q,1991,1.392
bol,sex_m,age_aggregate_y25_54,eco_isic3_q,1992,2.781
bol,sex_m,age_aggregate_y25_54,eco_isic3_q,1994,1.691
bol,sex_m,age_aggregate_y25_54,eco_isic3_q,1995,1.77
bol,sex_m,age_aggregate_y25_54,eco_isic3_q,2009,4.739
bol,sex_m,age_aggregate_y25_54,eco_isic3_total,1989,354.216
bol,sex_m,age_aggregate_y25_54,eco_isic3_total,1990,367.922
bol,sex_m,age_aggregate_y25_54,eco_isic3_total,1991,388.956
bol,sex_m,age_aggregate_y25_54,eco_isic3_total,1992,410.357
bol,sex_m,age_aggregate_y25_54,eco_isic3_total,1993,413.118
bol,sex_m,age_aggregate_y25_54,eco_isic3_total,1994,457.724
bol,sex_m,age_aggregate_y25_54,eco_isic3_total,1995,463.372
bol,sex_m,age_aggregate_y25_54,eco_isic3_total,1999,1309.303
bol,sex_m,age_aggregate_y25_54,eco_isic3_total,2000,1204.042
bol,sex_m,age_aggregate_y25_54,eco_isic3_total,2001,1165.636
bol,sex_m,age_aggregate_y25_54,eco_isic3_total,2002,1234.497
bol,sex_m,age_aggregate_y25_54,eco_isic3_total,2005,1373.496
bol,sex_m,age_aggregate_y25_54,eco_isic3_total,2006,1427.439
bol,sex_m,age_aggregate_y25_54,eco_isic3_total,2007,1480.653
bol,sex_m,age_aggregate_y25_54,eco_isic3_total,2008,1544.076
bol,sex_m,age_aggregate_y25_54,eco_isic3_total,2009,1624.846
bol,sex_m,age_aggregate_y25_54,eco_isic3_x,1989,11.534
bol,sex_m,age_aggregate_y25_54,eco_isic3_x,1990,14.426
bol,sex_m,age_aggregate_y25_54,eco_isic3_x,1992,0.883
bol,sex_m,age_aggregate_y25_54,eco_isic3_x,1995,1.142
bol,sex_m,age_aggregate_y25_54,eco_isic3_x,1999,144.635
bol,sex_m,age_aggregate_y25_54,eco_isic3_x,2000,5.133
bol,sex_m,age_aggregate_y25_54,eco_isic3_x,2001,7.115
bol,sex_m,age_aggregate_y25_54,eco_isic4_a,2011,430.714
bol,sex_m,age_aggregate_y25_54,eco_isic4_a,2012,400.049
bol,sex_m,age_aggregate_y25_54,eco_isic4_a,2013,436.23
bol,sex_m,age_aggregate_y25_54,eco_isic4_a,2014,428.79
bol,sex_m,age_aggregate_y25_54,eco_isic4_a,2015,398.636
bol,sex_m,age_aggregate_y25_54,eco_isic4_a,2016,409.247
bol,sex_m,age_aggregate_y25_54,eco_isic4_a,2017,393.851
bol,sex_m,age_aggregate_y25_54,eco_isic4_a,2018,415.852
bol,sex_m,age_aggregate_y25_54,eco_isic4_a,2019,391.313
bol,sex_m,age_aggregate_y25_54,eco_isic4_a,2020,414.055
bol,sex_m,age_aggregate_y25_54,eco_isic4_a,2021,407.161
bol,sex_m,age_aggregate_y25_54,eco_isic4_a,2022,385.532
bol,sex_m,age_aggregate_y25_54,eco_isic4_a,2023,388.08
bol,sex_m,age_aggregate_y25_54,eco_isic4_a,2024,355.672
bol,sex_m,age_aggregate_y25_54,eco_isic4_b,2011,72.629
bol,sex_m,age_aggregate_y25_54,eco_isic4_b,2012,80.003
bol,sex_m,age_aggregate_y25_54,eco_isic4_b,2013,81.882
bol,sex_m,age_aggregate_y25_54,eco_isic4_b,2014,73.868
bol,sex_m,age_aggregate_y25_54,eco_isic4_b,2015,73.796
bol,sex_m,age_aggregate_y25_54,eco_isic4_b,2016,58.362
bol,sex_m,age_aggregate_y25_54,eco_isic4_b,2017,50.24
bol,sex_m,age_aggregate_y25_54,eco_isic4_b,2018,61.857
bol,sex_m,age_aggregate_y25_54,eco_isic4_b,2019,51.882
bol,sex_m,age_aggregate_y25_54,eco_isic4_b,2020,39.538
bol,sex_m,age_aggregate_y25_54,eco_isic4_b,2021,50.388
bol,sex_m,age_aggregate_y25_54,eco_isic4_b,2022,54.261
bol,sex_m,age_aggregate_y25_54,eco_isic4_b,2023,56.547
bol,sex_m,age_aggregate_y25_54,eco_isic4_b,2024,65.606
bol,sex_m,age_aggregate_y25_54,eco_isic4_c,2011,154.299
bol,sex_m,age_aggregate_y25_54,eco_isic4_c,2012,135.771
bol,sex_m,age_aggregate_y25_54,eco_isic4_c,2013,148.08
bol,sex_m,age_aggregate_y25_54,eco_isic4_c,2014,189.627
bol,sex_m,age_aggregate_y25_54,eco_isic4_c,2015,184.567
bol,sex_m,age_aggregate_y25_54,eco_isic4_c,2016,195.091
bol,sex_m,age_aggregate_y25_54,eco_isic4_c,2017,201.749
bol,sex_m,age_aggregate_y25_54,eco_isic4_c,2018,204.705
bol,sex_m,age_aggregate_y25_54,eco_isic4_c,2019,226.418
bol,sex_m,age_aggregate_y25_54,eco_isic4_c,2020,197.094
bol,sex_m,age_aggregate_y25_54,eco_isic4_c,2021,241.501
bol,sex_m,age_aggregate_y25_54,eco_isic4_c,2022,253.333
bol,sex_m,age_aggregate_y25_54,eco_isic4_c,2023,255.733
bol,sex_m,age_aggregate_y25_54,eco_isic4_c,2024,278.459
bol,sex_m,age_aggregate_y25_54,eco_isic4_d,2011,5.621
bol,sex_m,age_aggregate_y25_54,eco_isic4_d,2012,9.199
bol,sex_m,age_aggregate_y25_54,eco_isic4_d,2013,6.988
bol,sex_m,age_aggregate_y25_54,eco_isic4_d,2014,6.071
bol,sex_m,age_aggregate_y25_54,eco_isic4_d,2015,4.959
bol,sex_m,age_aggregate_y25_54,eco_isic4_d,2016,7.614
bol,sex_m,age_aggregate_y25_54,eco_isic4_d,2017,4.982
bol,sex_m,age_aggregate_y25_54,eco_isic4_d,2018,5.812
bol,sex_m,age_aggregate_y25_54,eco_isic4_d,2019,6.795
bol,sex_m,age_aggregate_y25_54,eco_isic4_d,2020,7.425
bol,sex_m,age_aggregate_y25_54,eco_isic4_d,2021,5.828
bol,sex_m,age_aggregate_y25_54,eco_isic4_d,2022,6.709
bol,sex_m,age_aggregate_y25_54,eco_isic4_d,2023,4.42
bol,sex_m,age_aggregate_y25_54,eco_isic4_d,2024,6.346
bol,sex_m,age_aggregate_y25_54,eco_isic4_e,2011,4.326
bol,sex_m,age_aggregate_y25_54,eco_isic4_e,2012,3.327
bol,sex_m,age_aggregate_y25_54,eco_isic4_e,2013,4.336
bol,sex_m,age_aggregate_y25_54,eco_isic4_e,2014,3.76
bol,sex_m,age_aggregate_y25_54,eco_isic4_e,2015,5.627
bol,sex_m,age_aggregate_y25_54,eco_isic4_e,2016,4.898
bol,sex_m,age_aggregate_y25_54,eco_isic4_e,2017,4.451
bol,sex_m,age_aggregate_y25_54,eco_isic4_e,2018,4.115
bol,sex_m,age_aggregate_y25_54,eco_isic4_e,2019,4.072
bol,sex_m,age_aggregate_y25_54,eco_isic4_e,2020,2.559
bol,sex_m,age_aggregate_y25_54,eco_isic4_e,2021,4.532
bol,sex_m,age_aggregate_y25_54,eco_isic4_e,2022,6.175
bol,sex_m,age_aggregate_y25_54,eco_isic4_e,2023,5.136
bol,sex_m,age_aggregate_y25_54,eco_isic4_e,2024,3.696
bol,sex_m,age_aggregate_y25_54,eco_isic4_f,2011,222.408
bol,sex_m,age_aggregate_y25_54,eco_isic4_f,2012,234.3
bol,sex_m,age_aggregate_y25_54,eco_isic4_f,2013,217.385
bol,sex_m,age_aggregate_y25_54,eco_isic4_f,2014,270.974
bol,sex_m,age_aggregate_y25_54,eco_isic4_f,2015,306.199
bol,sex_m,age_aggregate_y25_54,eco_isic4_f,2016,274.784
bol,sex_m,age_aggregate_y25_54,eco_isic4_f,2017,279.966
bol,sex_m,age_aggregate_y25_54,eco_isic4_f,2018,268.686
bol,sex_m,age_aggregate_y25_54,eco_isic4_f,2019,295.954
bol,sex_m,age_aggregate_y25_54,eco_isic4_f,2020,291.562
bol,sex_m,age_aggregate_y25_54,eco_isic4_f,2021,300.274
bol,sex_m,age_aggregate_y25_54,eco_isic4_f,2022,323.167
bol,sex_m,age_aggregate_y25_54,eco_isic4_f,2023,315.169
bol,sex_m,age_aggregate_y25_54,eco_isic4_f,2024,334.783
bol,sex_m,age_aggregate_y25_54,eco_isic4_g,2011,176.019
bol,sex_m,age_aggregate_y25_54,eco_isic4_g,2012,190.087
bol,sex_m,age_aggregate_y25_54,eco_isic4_g,2013,184.713
bol,sex_m,age_aggregate_y25_54,eco_isic4_g,2014,195.155
bol,sex_m,age_aggregate_y25_54,eco_isic4_g,2015,196.744
bol,sex_m,age_aggregate_y25_54,eco_isic4_g,2016,181.08
bol,sex_m,age_aggregate_y25_54,eco_isic4_g,2017,184.244
bol,sex_m,age_aggregate_y25_54,eco_isic4_g,2018,190.408
bol,sex_m,age_aggregate_y25_54,eco_isic4_g,2019,213.384
bol,sex_m,age_aggregate_y25_54,eco_isic4_g,2020,275.259
bol,sex_m,age_aggregate_y25_54,eco_isic4_g,2021,255.644
bol,sex_m,age_aggregate_y25_54,eco_isic4_g,2022,267.697
bol,sex_m,age_aggregate_y25_54,eco_isic4_g,2023,272.635
bol,sex_m,age_aggregate_y25_54,eco_isic4_g,2024,285.046
bol,sex_m,age_aggregate_y25_54,eco_isic4_h,2011,194.506
bol,sex_m,age_aggregate_y25_54,eco_isic4_h,2012,210.184
bol,sex_m,age_aggregate_y25_54,eco_isic4_h,2013,207.201
bol,sex_m,age_aggregate_y25_54,eco_isic4_h,2014,214.406
bol,sex_m,age_aggregate_y25_54,eco_isic4_h,2015,221.582
bol,sex_m,age_aggregate_y25_54,eco_isic4_h,2016,234.19
bol,sex_m,age_aggregate_y25_54,eco_isic4_h,2017,247.23
bol,sex_m,age_aggregate_y25_54,eco_isic4_h,2018,244.938
bol,sex_m,age_aggregate_y25_54,eco_isic4_h,2019,282.432
bol,sex_m,age_aggregate_y25_54,eco_isic4_h,2020,243.728
bol,sex_m,age_aggregate_y25_54,eco_isic4_h,2021,285.961
bol,sex_m,age_aggregate_y25_54,eco_isic4_h,2022,330.344
bol,sex_m,age_aggregate_y25_54,eco_isic4_h,2023,315.736
bol,sex_m,age_aggregate_y25_54,eco_isic4_h,2024,325.154
bol,sex_m,age_aggregate_y25_54,eco_isic4_i,2011,27.779
bol,sex_m,age_aggregate_y25_54,eco_isic4_i,2012,30.49
bol,sex_m,age_aggregate_y25_54,eco_isic4_i,2013,29.773
bol,sex_m,age_aggregate_y25_54,eco_isic4_i,2014,32.438
bol,sex_m,age_aggregate_y25_54,eco_isic4_i,2015,31.828
bol,sex_m,age_aggregate_y25_54,eco_isic4_i,2016,29.207
bol,sex_m,age_aggregate_y25_54,eco_isic4_i,2017,30.687
bol,sex_m,age_aggregate_y25_54,eco_isic4_i,2018,37.12
bol,sex_m,age_aggregate_y25_54,eco_isic4_i,2019,36.853
bol,sex_m,age_aggregate_y25_54,eco_isic4_i,2020,46.705
bol,sex_m,age_aggregate_y25_54,eco_isic4_i,2021,41.329
bol,sex_m,age_aggregate_y25_54,eco_isic4_i,2022,48.96
bol,sex_m,age_aggregate_y25_54,eco_isic4_i,2023,53.369
bol,sex_m,age_aggregate_y25_54,eco_isic4_i,2024,51.602
bol,sex_m,age_aggregate_y25_54,eco_isic4_j,2011,23.677
bol,sex_m,age_aggregate_y25_54,eco_isic4_j,2012,18.162
bol,sex_m,age_aggregate_y25_54,eco_isic4_j,2013,19.684
bol,sex_m,age_aggregate_y25_54,eco_isic4_j,2014,22.674
bol,sex_m,age_aggregate_y25_54,eco_isic4_j,2015,19.293
bol,sex_m,age_aggregate_y25_54,eco_isic4_j,2016,18.922
bol,sex_m,age_aggregate_y25_54,eco_isic4_j,2017,18.668
bol,sex_m,age_aggregate_y25_54,eco_isic4_j,2018,18.864
bol,sex_m,age_aggregate_y25_54,eco_isic4_j,2019,20.483
bol,sex_m,age_aggregate_y25_54,eco_isic4_j,2020,25.029
bol,sex_m,age_aggregate_y25_54,eco_isic4_j,2021,13.572
bol,sex_m,age_aggregate_y25_54,eco_isic4_j,2022,16.678
bol,sex_m,age_aggregate_y25_54,eco_isic4_j,2023,17.546
bol,sex_m,age_aggregate_y25_54,eco_isic4_j,2024,19.465
bol,sex_m,age_aggregate_y25_54,eco_isic4_k,2011,12.736
bol,sex_m,age_aggregate_y25_54,eco_isic4_k,2012,17.952
bol,sex_m,age_aggregate_y25_54,eco_isic4_k,2013,27.113
bol,sex_m,age_aggregate_y25_54,eco_isic4_k,2014,20.053
bol,sex_m,age_aggregate_y25_54,eco_isic4_k,2015,22.671
bol,sex_m,age_aggregate_y25_54,eco_isic4_k,2016,17.706
bol,sex_m,age_aggregate_y25_54,eco_isic4_k,2017,16.463
bol,sex_m,age_aggregate_y25_54,eco_isic4_k,2018,17.565
bol,sex_m,age_aggregate_y25_54,eco_isic4_k,2019,17.832
bol,sex_m,age_aggregate_y25_54,eco_isic4_k,2020,25.873
bol,sex_m,age_aggregate_y25_54,eco_isic4_k,2021,19.802
bol,sex_m,age_aggregate_y25_54,eco_isic4_k,2022,22.392
bol,sex_m,age_aggregate_y25_54,eco_isic4_k,2023,21.559
bol,sex_m,age_aggregate_y25_54,eco_isic4_k,2024,23.711
bol,sex_m,age_aggregate_y25_54,eco_isic4_l,2011,3.407
bol,sex_m,age_aggregate_y25_54,eco_isic4_l,2012,1.725
bol,sex_m,age_aggregate_y25_54,eco_isic4_l,2013,2.154
bol,sex_m,age_aggregate_y25_54,eco_isic4_l,2014,2.242
bol,sex_m,age_aggregate_y25_54,eco_isic4_l,2015,3.16
bol,sex_m,age_aggregate_y25_54,eco_isic4_l,2016,4.685
bol,sex_m,age_aggregate_y25_54,eco_isic4_l,2017,6.077
bol,sex_m,age_aggregate_y25_54,eco_isic4_l,2018,6.452
bol,sex_m,age_aggregate_y25_54,eco_isic4_l,2019,6.427
bol,sex_m,age_aggregate_y25_54,eco_isic4_l,2020,6.045
bol,sex_m,age_aggregate_y25_54,eco_isic4_l,2021,8.809
bol,sex_m,age_aggregate_y25_54,eco_isic4_l,2022,7.96
bol,sex_m,age_aggregate_y25_54,eco_isic4_l,2023,9.237
bol,sex_m,age_aggregate_y25_54,eco_isic4_l,2024,9.214
bol,sex_m,age_aggregate_y25_54,eco_isic4_m,2011,53.485
bol,sex_m,age_aggregate_y25_54,eco_isic4_m,2012,50.353
bol,sex_m,age_aggregate_y25_54,eco_isic4_m,2013,56.69
bol,sex_m,age_aggregate_y25_54,eco_isic4_m,2014,48.099
bol,sex_m,age_aggregate_y25_54,eco_isic4_m,2015,51.889
bol,sex_m,age_aggregate_y25_54,eco_isic4_m,2016,41.196
bol,sex_m,age_aggregate_y25_54,eco_isic4_m,2017,40.759
bol,sex_m,age_aggregate_y25_54,eco_isic4_m,2018,40.814
bol,sex_m,age_aggregate_y25_54,eco_isic4_m,2019,42.44
bol,sex_m,age_aggregate_y25_54,eco_isic4_m,2020,79.537
bol,sex_m,age_aggregate_y25_54,eco_isic4_m,2021,55.108
bol,sex_m,age_aggregate_y25_54,eco_isic4_m,2022,57.62
bol,sex_m,age_aggregate_y25_54,eco_isic4_m,2023,56.026
bol,sex_m,age_aggregate_y25_54,eco_isic4_m,2024,52.459
bol,sex_m,age_aggregate_y25_54,eco_isic4_n,2011,14.657
bol,sex_m,age_aggregate_y25_54,eco_isic4_n,2012,21.406
bol,sex_m,age_aggregate_y25_54,eco_isic4_n,2013,19.933
bol,sex_m,age_aggregate_y25_54,eco_isic4_n,2014,21.369
bol,sex_m,age_aggregate_y25_54,eco_isic4_n,2015,25.635
bol,sex_m,age_aggregate_y25_54,eco_isic4_n,2016,24.006
bol,sex_m,age_aggregate_y25_54,eco_isic4_n,2017,22.312
bol,sex_m,age_aggregate_y25_54,eco_isic4_n,2018,25.413
bol,sex_m,age_aggregate_y25_54,eco_isic4_n,2019,33.716
bol,sex_m,age_aggregate_y25_54,eco_isic4_n,2020,27.926
bol,sex_m,age_aggregate_y25_54,eco_isic4_n,2021,33.983
bol,sex_m,age_aggregate_y25_54,eco_isic4_n,2022,38.503
bol,sex_m,age_aggregate_y25_54,eco_isic4_n,2023,42.048
bol,sex_m,age_aggregate_y25_54,eco_isic4_n,2024,42.69
bol,sex_m,age_aggregate_y25_54,eco_isic4_o,2011,92.01
bol,sex_m,age_aggregate_y25_54,eco_isic4_o,2012,80.981
bol,sex_m,age_aggregate_y25_54,eco_isic4_o,2013,98.126
bol,sex_m,age_aggregate_y25_54,eco_isic4_o,2014,84.325
bol,sex_m,age_aggregate_y25_54,eco_isic4_o,2015,85.894
bol,sex_m,age_aggregate_y25_54,eco_isic4_o,2016,82.415
bol,sex_m,age_aggregate_y25_54,eco_isic4_o,2017,79.396
bol,sex_m,age_aggregate_y25_54,eco_isic4_o,2018,75.782
bol,sex_m,age_aggregate_y25_54,eco_isic4_o,2019,79.23
bol,sex_m,age_aggregate_y25_54,eco_isic4_o,2020,83.331
bol,sex_m,age_aggregate_y25_54,eco_isic4_o,2021,79.982
bol,sex_m,age_aggregate_y25_54,eco_isic4_o,2022,85.871
bol,sex_m,age_aggregate_y25_54,eco_isic4_o,2023,84.523
bol,sex_m,age_aggregate_y25_54,eco_isic4_o,2024,79.433
bol,sex_m,age_aggregate_y25_54,eco_isic4_p,2011,79.201
bol,sex_m,age_aggregate_y25_54,eco_isic4_p,2012,76.642
bol,sex_m,age_aggregate_y25_54,eco_isic4_p,2013,90.818
bol,sex_m,age_aggregate_y25_54,eco_isic4_p,2014,75.746
bol,sex_m,age_aggregate_y25_54,eco_isic4_p,2015,66.846
bol,sex_m,age_aggregate_y25_54,eco_isic4_p,2016,69.411
bol,sex_m,age_aggregate_y25_54,eco_isic4_p,2017,69.531
bol,sex_m,age_aggregate_y25_54,eco_isic4_p,2018,71.765
bol,sex_m,age_aggregate_y25_54,eco_isic4_p,2019,77.198
bol,sex_m,age_aggregate_y25_54,eco_isic4_p,2020,60.713
bol,sex_m,age_aggregate_y25_54,eco_isic4_p,2021,75.974
bol,sex_m,age_aggregate_y25_54,eco_isic4_p,2022,77.419
bol,sex_m,age_aggregate_y25_54,eco_isic4_p,2023,89.013
bol,sex_m,age_aggregate_y25_54,eco_isic4_p,2024,84.683
bol,sex_m,age_aggregate_y25_54,eco_isic4_q,2011,29.932
bol,sex_m,age_aggregate_y25_54,eco_isic4_q,2012,27.213
bol,sex_m,age_aggregate_y25_54,eco_isic4_q,2013,42.695
bol,sex_m,age_aggregate_y25_54,eco_isic4_q,2014,23.487
bol,sex_m,age_aggregate_y25_54,eco_isic4_q,2015,33.076
bol,sex_m,age_aggregate_y25_54,eco_isic4_q,2016,29.887
bol,sex_m,age_aggregate_y25_54,eco_isic4_q,2017,29.635
bol,sex_m,age_aggregate_y25_54,eco_isic4_q,2018,29.354
bol,sex_m,age_aggregate_y25_54,eco_isic4_q,2019,31.903
bol,sex_m,age_aggregate_y25_54,eco_isic4_q,2020,41.9
bol,sex_m,age_aggregate_y25_54,eco_isic4_q,2021,38.845
bol,sex_m,age_aggregate_y25_54,eco_isic4_q,2022,36.858
bol,sex_m,age_aggregate_y25_54,eco_isic4_q,2023,42.419
bol,sex_m,age_aggregate_y25_54,eco_isic4_q,2024,48.34
bol,sex_m,age_aggregate_y25_54,eco_isic4_r,2011,16.528
bol,sex_m,age_aggregate_y25_54,eco_isic4_r,2012,16.391
bol,sex_m,age_aggregate_y25_54,eco_isic4_r,2013,17.61
bol,sex_m,age_aggregate_y25_54,eco_isic4_r,2014,13.435
bol,sex_m,age_aggregate_y25_54,eco_isic4_r,2015,15.797
bol,sex_m,age_aggregate_y25_54,eco_isic4_r,2016,14.856
bol,sex_m,age_aggregate_y25_54,eco_isic4_r,2017,15.003
bol,sex_m,age_aggregate_y25_54,eco_isic4_r,2018,17.42
bol,sex_m,age_aggregate_y25_54,eco_isic4_r,2019,16.328
bol,sex_m,age_aggregate_y25_54,eco_isic4_r,2020,12.685
bol,sex_m,age_aggregate_y25_54,eco_isic4_r,2021,12.967
bol,sex_m,age_aggregate_y25_54,eco_isic4_r,2022,19.38
bol,sex_m,age_aggregate_y25_54,eco_isic4_r,2023,26.92
bol,sex_m,age_aggregate_y25_54,eco_isic4_r,2024,25.133
bol,sex_m,age_aggregate_y25_54,eco_isic4_s,2011,30.27
bol,sex_m,age_aggregate_y25_54,eco_isic4_s,2012,34.831
bol,sex_m,age_aggregate_y25_54,eco_isic4_s,2013,34.088
bol,sex_m,age_aggregate_y25_54,eco_isic4_s,2014,26.07
bol,sex_m,age_aggregate_y25_54,eco_isic4_s,2015,36.974
bol,sex_m,age_aggregate_y25_54,eco_isic4_s,2016,31.009
bol,sex_m,age_aggregate_y25_54,eco_isic4_s,2017,31.535
bol,sex_m,age_aggregate_y25_54,eco_isic4_s,2018,33.583
bol,sex_m,age_aggregate_y25_54,eco_isic4_s,2019,39.8
bol,sex_m,age_aggregate_y25_54,eco_isic4_s,2020,54.775
bol,sex_m,age_aggregate_y25_54,eco_isic4_s,2021,45.228
bol,sex_m,age_aggregate_y25_54,eco_isic4_s,2022,40.355
bol,sex_m,age_aggregate_y25_54,eco_isic4_s,2023,38.466
bol,sex_m,age_aggregate_y25_54,eco_isic4_s,2024,37.285
bol,sex_m,age_aggregate_y25_54,eco_isic4_t,2011,2.177
bol,sex_m,age_aggregate_y25_54,eco_isic4_t,2012,2.576
bol,sex_m,age_aggregate_y25_54,eco_isic4_t,2013,2.118
bol,sex_m,age_aggregate_y25_54,eco_isic4_t,2015,4.11
bol,sex_m,age_aggregate_y25_54,eco_isic4_t,2016,1.13
bol,sex_m,age_aggregate_y25_54,eco_isic4_t,2017,2.284
bol,sex_m,age_aggregate_y25_54,eco_isic4_t,2018,2.784
bol,sex_m,age_aggregate_y25_54,eco_isic4_t,2019,3.136
bol,sex_m,age_aggregate_y25_54,eco_isic4_t,2021,3.635
bol,sex_m,age_aggregate_y25_54,eco_isic4_t,2022,2.873
bol,sex_m,age_aggregate_y25_54,eco_isic4_t,2023,2.929
bol,sex_m,age_aggregate_y25_54,eco_isic4_t,2024,2.622
bol,sex_m,age_aggregate_y25_54,eco_isic4_total,2011,1647.58
bol,sex_m,age_aggregate_y25_54,eco_isic4_total,2012,1642.65
bol,sex_m,age_aggregate_y25_54,eco_isic4_total,2013,1727.839
bol,sex_m,age_aggregate_y25_54,eco_isic4_total,2014,1753.988
bol,sex_m,age_aggregate_y25_54,eco_isic4_total,2015,1790.859
bol,sex_m,age_aggregate_y25_54,eco_isic4_total,2016,1730.022
bol,sex_m,age_aggregate_y25_54,eco_isic4_total,2017,1729.767
bol,sex_m,age_aggregate_y25_54,eco_isic4_total,2018,1774.085
bol,sex_m,age_aggregate_y25_54,eco_isic4_total,2019,1878.045
bol,sex_m,age_aggregate_y25_54,eco_isic4_total,2020,1941.855
bol,sex_m,age_aggregate_y25_54,eco_isic4_total,2021,1985.085
bol,sex_m,age_aggregate_y25_54,eco_isic4_total,2022,2088.508
bol,sex_m,age_aggregate_y25_54,eco_isic4_total,2023,2102.048
bol,sex_m,age_aggregate_y25_54,eco_isic4_total,2024,2139.594
bol,sex_m,age_aggregate_y25_54,eco_isic4_u,2016,0.326
bol,sex_m,age_aggregate_y25_54,eco_isic4_u,2017,0.583
bol,sex_m,age_aggregate_y25_54,eco_isic4_u,2018,0.795
bol,sex_m,age_aggregate_y25_54,eco_isic4_u,2019,0.449
bol,sex_m,age_aggregate_y25_54,eco_isic4_u,2022,0.641
bol,sex_m,age_aggregate_y25_54,eco_isic4_u,2024,0.6
bol,sex_m,age_aggregate_y25_54,eco_isic4_x,2020,4.768
bol,sex_m,age_aggregate_y25_54,eco_isic4_x,2021,4.564
bol,sex_m,age_aggregate_y25_54,eco_isic4_x,2022,5.779
bol,sex_m,age_aggregate_y25_54,eco_isic4_x,2023,4.536
bol,sex_m,age_aggregate_y25_54,eco_isic4_x,2024,7.595
bol,sex_m,age_aggregate_y25_54,eco_sector_agr,1991,7.744
bol,sex_m,age_aggregate_y25_54,eco_sector_agr,1992,11.225
bol,sex_m,age_aggregate_y25_54,eco_sector_agr,1993,10.694
bol,sex_m,age_aggregate_y25_54,eco_sector_agr,1994,9.767
bol,sex_m,age_aggregate_y25_54,eco_sector_agr,1995,13.382
bol,sex_m,age_aggregate_y25_54,eco_sector_agr,1999,7.389
bol,sex_m,age_aggregate_y25_54,eco_sector_agr,2000,381.186
bol,sex_m,age_aggregate_y25_54,eco_sector_agr,2001,417.454
bol,sex_m,age_aggregate_y25_54,eco_sector_agr,2002,421.937
bol,sex_m,age_aggregate_y25_54,eco_sector_agr,2005,382.066
bol,sex_m,age_aggregate_y25_54,eco_sector_agr,2006,418.218
bol,sex_m,age_aggregate_y25_54,eco_sector_agr,2007,345.917
bol,sex_m,age_aggregate_y25_54,eco_sector_agr,2008,359.71
bol,sex_m,age_aggregate_y25_54,eco_sector_agr,2009,364.415
bol,sex_m,age_aggregate_y25_54,eco_sector_agr,2011,430.714
bol,sex_m,age_aggregate_y25_54,eco_sector_agr,2012,400.049
bol,sex_m,age_aggregate_y25_54,eco_sector_agr,2013,436.23
bol,sex_m,age_aggregate_y25_54,eco_sector_agr,2014,428.79
bol,sex_m,age_aggregate_y25_54,eco_sector_agr,2015,398.636
bol,sex_m,age_aggregate_y25_54,eco_sector_agr,2016,409.247
bol,sex_m,age_aggregate_y25_54,eco_sector_agr,2017,393.851
bol,sex_m,age_aggregate_y25_54,eco_sector_agr,2018,415.852
bol,sex_m,age_aggregate_y25_54,eco_sector_agr,2019,391.313
bol,sex_m,age_aggregate_y25_54,eco_sector_agr,2020,414.055
bol,sex_m,age_aggregate_y25_54,eco_sector_agr,2021,407.161
bol,sex_m,age_aggregate_y25_54,eco_sector_agr,2022,385.532
bol,sex_m,age_aggregate_y25_54,eco_sector_agr,2023,388.08
bol,sex_m,age_aggregate_y25_54,eco_sector_agr,2024,355.672
bol,sex_m,age_aggregate_y25_54,eco_sector_ind,1989,76.882
bol,sex_m,age_aggregate_y25_54,eco_sector_ind,1990,84.083
bol,sex_m,age_aggregate_y25_54,eco_sector_ind,1991,150.812
bol,sex_m,age_aggregate_y25_54,eco_sector_ind,1992,162.703
bol,sex_m,age_aggregate_y25_54,eco_sector_ind,1993,154.54
bol,sex_m,age_aggregate_y25_54,eco_sector_ind,1994,178.26
bol,sex_m,age_aggregate_y25_54,eco_sector_ind,1995,174.735
bol,sex_m,age_aggregate_y25_54,eco_sector_ind,1999,253.063
bol,sex_m,age_aggregate_y25_54,eco_sector_ind,2000,337.868
bol,sex_m,age_aggregate_y25_54,eco_sector_ind,2001,284.101
bol,sex_m,age_aggregate_y25_54,eco_sector_ind,2002,346.674
bol,sex_m,age_aggregate_y25_54,eco_sector_ind,2005,413.544
bol,sex_m,age_aggregate_y25_54,eco_sector_ind,2006,382.112
bol,sex_m,age_aggregate_y25_54,eco_sector_ind,2007,450.943
bol,sex_m,age_aggregate_y25_54,eco_sector_ind,2008,455.519
bol,sex_m,age_aggregate_y25_54,eco_sector_ind,2009,491.699
bol,sex_m,age_aggregate_y25_54,eco_sector_ind,2011,459.283
bol,sex_m,age_aggregate_y25_54,eco_sector_ind,2012,462.6
bol,sex_m,age_aggregate_y25_54,eco_sector_ind,2013,458.671
bol,sex_m,age_aggregate_y25_54,eco_sector_ind,2014,544.3
bol,sex_m,age_aggregate_y25_54,eco_sector_ind,2015,575.148
bol,sex_m,age_aggregate_y25_54,eco_sector_ind,2016,540.748
bol,sex_m,age_aggregate_y25_54,eco_sector_ind,2017,541.387
bol,sex_m,age_aggregate_y25_54,eco_sector_ind,2018,545.176
bol,sex_m,age_aggregate_y25_54,eco_sector_ind,2019,585.122
bol,sex_m,age_aggregate_y25_54,eco_sector_ind,2020,538.178
bol,sex_m,age_aggregate_y25_54,eco_sector_ind,2021,602.523
bol,sex_m,age_aggregate_y25_54,eco_sector_ind,2022,643.645
bol,sex_m,age_aggregate_y25_54,eco_sector_ind,2023,637.005
bol,sex_m,age_aggregate_y25_54,eco_sector_ind,2024,688.891
bol,sex_m,age_aggregate_y25_54,eco_sector_nag,1989,354.216
bol,sex_m,age_aggregate_y25_54,eco_sector_nag,1990,367.922
bol,sex_m,age_aggregate_y25_54,eco_sector_nag,1991,381.212
bol,sex_m,age_aggregate_y25_54,eco_sector_nag,1992,399.132
bol,sex_m,age_aggregate_y25_54,eco_sector_nag,1993,402.424
bol,sex_m,age_aggregate_y25_54,eco_sector_nag,1994,447.957
bol,sex_m,age_aggregate_y25_54,eco_sector_nag,1995,449.99
bol,sex_m,age_aggregate_y25_54,eco_sector_nag,1999,1301.914
bol,sex_m,age_aggregate_y25_54,eco_sector_nag,2000,822.856
bol,sex_m,age_aggregate_y25_54,eco_sector_nag,2001,748.182
bol,sex_m,age_aggregate_y25_54,eco_sector_nag,2002,812.56
bol,sex_m,age_aggregate_y25_54,eco_sector_nag,2005,991.43
bol,sex_m,age_aggregate_y25_54,eco_sector_nag,2006,1009.221
bol,sex_m,age_aggregate_y25_54,eco_sector_nag,2007,1134.736
bol,sex_m,age_aggregate_y25_54,eco_sector_nag,2008,1184.366
bol,sex_m,age_aggregate_y25_54,eco_sector_nag,2009,1260.431
bol,sex_m,age_aggregate_y25_54,eco_sector_nag,2011,1216.866
bol,sex_m,age_aggregate_y25_54,eco_sector_nag,2012,1242.601
bol,sex_m,age_aggregate_y25_54,eco_sector_nag,2013,1291.609
bol,sex_m,age_aggregate_y25_54,eco_sector_nag,2014,1325.198
bol,sex_m,age_aggregate_y25_54,eco_sector_nag,2015,1392.223
bol,sex_m,age_aggregate_y25_54,eco_sector_nag,2016,1320.775
bol,sex_m,age_aggregate_y25_54,eco_sector_nag,2017,1335.916
bol,sex_m,age_aggregate_y25_54,eco_sector_nag,2018,1358.233
bol,sex_m,age_aggregate_y25_54,eco_sector_nag,2019,1486.732
bol,sex_m,age_aggregate_y25_54,eco_sector_nag,2020,1527.8
bol,sex_m,age_aggregate_y25_54,eco_sector_nag,2021,1577.925
bol,sex_m,age_aggregate_y25_54,eco_sector_nag,2022,1702.976
bol,sex_m,age_aggregate_y25_54,eco_sector_nag,2023,1713.968
bol,sex_m,age_aggregate_y25_54,eco_sector_nag,2024,1783.922
bol,sex_m,age_aggregate_y25_54,eco_sector_ser,1989,265.801
bol,sex_m,age_aggregate_y25_54,eco_sector_ser,1990,269.413
bol,sex_m,age_aggregate_y25_54,eco_sector_ser,1991,230.365
bol,sex_m,age_aggregate_y25_54,eco_sector_ser,1992,235.546
bol,sex_m,age_aggregate_y25_54,eco_sector_ser,1993,247.817
bol,sex_m,age_aggregate_y25_54,eco_sector_ser,1994,269.697
bol,sex_m,age_aggregate_y25_54,eco_sector_ser,1995,274.113
bol,sex_m,age_aggregate_y25_54,eco_sector_ser,1999,904.216
bol,sex_m,age_aggregate_y25_54,eco_sector_ser,2000,479.855
bol,sex_m,age_aggregate_y25_54,eco_sector_ser,2001,456.966
bol,sex_m,age_aggregate_y25_54,eco_sector_ser,2002,465.886
bol,sex_m,age_aggregate_y25_54,eco_sector_ser,2005,577.886
bol,sex_m,age_aggregate_y25_54,eco_sector_ser,2006,627.109
bol,sex_m,age_aggregate_y25_54,eco_sector_ser,2007,683.793
bol,sex_m,age_aggregate_y25_54,eco_sector_ser,2008,727.503
bol,sex_m,age_aggregate_y25_54,eco_sector_ser,2009,768.732
bol,sex_m,age_aggregate_y25_54,eco_sector_ser,2011,757.583
bol,sex_m,age_aggregate_y25_54,eco_sector_ser,2012,780.001
bol,sex_m,age_aggregate_y25_54,eco_sector_ser,2013,832.778
bol,sex_m,age_aggregate_y25_54,eco_sector_ser,2014,780.701
bol,sex_m,age_aggregate_y25_54,eco_sector_ser,2015,815.811
bol,sex_m,age_aggregate_y25_54,eco_sector_ser,2016,780.028
bol,sex_m,age_aggregate_y25_54,eco_sector_ser,2017,794.408
bol,sex_m,age_aggregate_y25_54,eco_sector_ser,2018,813.058
bol,sex_m,age_aggregate_y25_54,eco_sector_ser,2019,901.61
bol,sex_m,age_aggregate_y25_54,eco_sector_ser,2020,984.854
bol,sex_m,age_aggregate_y25_54,eco_sector_ser,2021,970.837
bol,sex_m,age_aggregate_y25_54,eco_sector_ser,2022,1053.553
bol,sex_m,age_aggregate_y25_54,eco_sector_ser,2023,1072.427
bol,sex_m,age_aggregate_y25_54,eco_sector_ser,2024,1087.437
bol,sex_m,age_aggregate_y25_54,eco_sector_total,1989,354.216
bol,sex_m,age_aggregate_y25_54,eco_sector_total,1990,367.922
bol,sex_m,age_aggregate_y25_54,eco_sector_total,1991,388.956
bol,sex_m,age_aggregate_y25_54,eco_sector_total,1992,410.357
bol,sex_m,age_aggregate_y25_54,eco_sector_total,1993,413.118
bol,sex_m,age_aggregate_y25_54,eco_sector_total,1994,457.724
bol,sex_m,age_aggregate_y25_54,eco_sector_total,1995,463.372
bol,sex_m,age_aggregate_y25_54,eco_sector_total,1999,1309.303
bol,sex_m,age_aggregate_y25_54,eco_sector_total,2000,1204.042
bol,sex_m,age_aggregate_y25_54,eco_sector_total,2001,1165.636
bol,sex_m,age_aggregate_y25_54,eco_sector_total,2002,1234.497
bol,sex_m,age_aggregate_y25_54,eco_sector_total,2005,1373.496
bol,sex_m,age_aggregate_y25_54,eco_sector_total,2006,1427.439
bol,sex_m,age_aggregate_y25_54,eco_sector_total,2007,1480.653
bol,sex_m,age_aggregate_y25_54,eco_sector_total,2008,1544.076
bol,sex_m,age_aggregate_y25_54,eco_sector_total,2009,1624.846
bol,sex_m,age_aggregate_y25_54,eco_sector_total,2011,1647.58
bol,sex_m,age_aggregate_y25_54,eco_sector_total,2012,1642.65
bol,sex_m,age_aggregate_y25_54,eco_sector_total,2013,1727.839
bol,sex_m,age_aggregate_y25_54,eco_sector_total,2014,1753.988
bol,sex_m,age_aggregate_y25_54,eco_sector_total,2015,1790.859
bol,sex_m,age_aggregate_y25_54,eco_sector_total,2016,1730.022
bol,sex_m,age_aggregate_y25_54,eco_sector_total,2017,1729.767
bol,sex_m,age_aggregate_y25_54,eco_sector_total,2018,1774.085
bol,sex_m,age_aggregate_y25_54,eco_sector_total,2019,1878.045
bol,sex_m,age_aggregate_y25_54,eco_sector_total,2020,1941.855
bol,sex_m,age_aggregate_y25_54,eco_sector_total,2021,1985.085
bol,sex_m,age_aggregate_y25_54,eco_sector_total,2022,2088.508
bol,sex_m,age_aggregate_y25_54,eco_sector_total,2023,2102.048
bol,sex_m,age_aggregate_y25_54,eco_sector_total,2024,2139.594
bol,sex_m,age_aggregate_y25_54,eco_sector_x,1989,11.534
bol,sex_m,age_aggregate_y25_54,eco_sector_x,1990,14.426
bol,sex_m,age_aggregate_y25_54,eco_sector_x,1992,0.883
bol,sex_m,age_aggregate_y25_54,eco_sector_x,1995,1.142
bol,sex_m,age_aggregate_y25_54,eco_sector_x,1999,144.635
bol,sex_m,age_aggregate_y25_54,eco_sector_x,2000,5.133
bol,sex_m,age_aggregate_y25_54,eco_sector_x,2001,7.115
bol,sex_m,age_aggregate_y25_54,eco_sector_x,2020,4.768
bol,sex_m,age_aggregate_y25_54,eco_sector_x,2021,4.564
bol,sex_m,age_aggregate_y25_54,eco_sector_x,2022,5.779
bol,sex_m,age_aggregate_y25_54,eco_sector_x,2023,4.536
bol,sex_m,age_aggregate_y25_54,eco_sector_x,2024,7.595
bol,sex_m,age_aggregate_y55_64,eco_aggregate_agr,1991,1.726
bol,sex_m,age_aggregate_y55_64,eco_aggregate_agr,1992,1.474
bol,sex_m,age_aggregate_y55_64,eco_aggregate_agr,1993,2.007
bol,sex_m,age_aggregate_y55_64,eco_aggregate_agr,1994,2.069
bol,sex_m,age_aggregate_y55_64,eco_aggregate_agr,1995,3.125
bol,sex_m,age_aggregate_y55_64,eco_aggregate_agr,2000,83.783
bol,sex_m,age_aggregate_y55_64,eco_aggregate_agr,2001,94.02
bol,sex_m,age_aggregate_y55_64,eco_aggregate_agr,2002,87.901
bol,sex_m,age_aggregate_y55_64,eco_aggregate_agr,2005,85.849
bol,sex_m,age_aggregate_y55_64,eco_aggregate_agr,2006,107.769
bol,sex_m,age_aggregate_y55_64,eco_aggregate_agr,2007,87.36
bol,sex_m,age_aggregate_y55_64,eco_aggregate_agr,2008,127.633
bol,sex_m,age_aggregate_y55_64,eco_aggregate_agr,2009,123.497
bol,sex_m,age_aggregate_y55_64,eco_aggregate_agr,2011,117.502
bol,sex_m,age_aggregate_y55_64,eco_aggregate_agr,2012,108.52
bol,sex_m,age_aggregate_y55_64,eco_aggregate_agr,2013,134.986
bol,sex_m,age_aggregate_y55_64,eco_aggregate_agr,2014,128.907
bol,sex_m,age_aggregate_y55_64,eco_aggregate_agr,2015,143.218
bol,sex_m,age_aggregate_y55_64,eco_aggregate_agr,2016,132.655
bol,sex_m,age_aggregate_y55_64,eco_aggregate_agr,2017,141.858
bol,sex_m,age_aggregate_y55_64,eco_aggregate_agr,2018,152.918
bol,sex_m,age_aggregate_y55_64,eco_aggregate_agr,2019,138.521
bol,sex_m,age_aggregate_y55_64,eco_aggregate_agr,2020,154.402
bol,sex_m,age_aggregate_y55_64,eco_aggregate_agr,2021,139.177
bol,sex_m,age_aggregate_y55_64,eco_aggregate_agr,2022,136.312
bol,sex_m,age_aggregate_y55_64,eco_aggregate_agr,2023,145.008
bol,sex_m,age_aggregate_y55_64,eco_aggregate_agr,2024,144.363
bol,sex_m,age_aggregate_y55_64,eco_aggregate_con,1991,4.649
bol,sex_m,age_aggregate_y55_64,eco_aggregate_con,1992,3.795
bol,sex_m,age_aggregate_y55_64,eco_aggregate_con,1993,5.359
bol,sex_m,age_aggregate_y55_64,eco_aggregate_con,1994,4.843
bol,sex_m,age_aggregate_y55_64,eco_aggregate_con,1995,2.854
bol,sex_m,age_aggregate_y55_64,eco_aggregate_con,2000,11.619
bol,sex_m,age_aggregate_y55_64,eco_aggregate_con,2001,16.902
bol,sex_m,age_aggregate_y55_64,eco_aggregate_con,2002,12.806
bol,sex_m,age_aggregate_y55_64,eco_aggregate_con,2005,12.667
bol,sex_m,age_aggregate_y55_64,eco_aggregate_con,2006,16.005
bol,sex_m,age_aggregate_y55_64,eco_aggregate_con,2007,20.38
bol,sex_m,age_aggregate_y55_64,eco_aggregate_con,2008,24.974
bol,sex_m,age_aggregate_y55_64,eco_aggregate_con,2009,31.464
bol,sex_m,age_aggregate_y55_64,eco_aggregate_con,2011,32.813
bol,sex_m,age_aggregate_y55_64,eco_aggregate_con,2012,28.277
bol,sex_m,age_aggregate_y55_64,eco_aggregate_con,2013,31.164
bol,sex_m,age_aggregate_y55_64,eco_aggregate_con,2014,35.458
bol,sex_m,age_aggregate_y55_64,eco_aggregate_con,2015,31.883
bol,sex_m,age_aggregate_y55_64,eco_aggregate_con,2016,33.142
bol,sex_m,age_aggregate_y55_64,eco_aggregate_con,2017,35.951
bol,sex_m,age_aggregate_y55_64,eco_aggregate_con,2018,31.506
bol,sex_m,age_aggregate_y55_64,eco_aggregate_con,2019,35.145
bol,sex_m,age_aggregate_y55_64,eco_aggregate_con,2020,39.015
bol,sex_m,age_aggregate_y55_64,eco_aggregate_con,2021,39.023
bol,sex_m,age_aggregate_y55_64,eco_aggregate_con,2022,41.797
bol,sex_m,age_aggregate_y55_64,eco_aggregate_con,2023,39.849
bol,sex_m,age_aggregate_y55_64,eco_aggregate_con,2024,41.955
bol,sex_m,age_aggregate_y55_64,eco_aggregate_man,1989,5.455
bol,sex_m,age_aggregate_y55_64,eco_aggregate_man,1990,4.988
bol,sex_m,age_aggregate_y55_64,eco_aggregate_man,1991,5.415
bol,sex_m,age_aggregate_y55_64,eco_aggregate_man,1992,6.334
bol,sex_m,age_aggregate_y55_64,eco_aggregate_man,1993,4.401
bol,sex_m,age_aggregate_y55_64,eco_aggregate_man,1994,4.474
bol,sex_m,age_aggregate_y55_64,eco_aggregate_man,1995,7.339
bol,sex_m,age_aggregate_y55_64,eco_aggregate_man,1999,17.219
bol,sex_m,age_aggregate_y55_64,eco_aggregate_man,2000,17.097
bol,sex_m,age_aggregate_y55_64,eco_aggregate_man,2001,6.835
bol,sex_m,age_aggregate_y55_64,eco_aggregate_man,2002,16.958
bol,sex_m,age_aggregate_y55_64,eco_aggregate_man,2005,24.483
bol,sex_m,age_aggregate_y55_64,eco_aggregate_man,2006,21.311
bol,sex_m,age_aggregate_y55_64,eco_aggregate_man,2007,23.975
bol,sex_m,age_aggregate_y55_64,eco_aggregate_man,2008,24.848
bol,sex_m,age_aggregate_y55_64,eco_aggregate_man,2009,24.815
bol,sex_m,age_aggregate_y55_64,eco_aggregate_man,2011,15.02
bol,sex_m,age_aggregate_y55_64,eco_aggregate_man,2012,18.95
bol,sex_m,age_aggregate_y55_64,eco_aggregate_man,2013,21.554
bol,sex_m,age_aggregate_y55_64,eco_aggregate_man,2014,21.832
bol,sex_m,age_aggregate_y55_64,eco_aggregate_man,2015,24.506
bol,sex_m,age_aggregate_y55_64,eco_aggregate_man,2016,25.565
bol,sex_m,age_aggregate_y55_64,eco_aggregate_man,2017,28.35
bol,sex_m,age_aggregate_y55_64,eco_aggregate_man,2018,30.527
bol,sex_m,age_aggregate_y55_64,eco_aggregate_man,2019,36.668
bol,sex_m,age_aggregate_y55_64,eco_aggregate_man,2020,24.285
bol,sex_m,age_aggregate_y55_64,eco_aggregate_man,2021,33.208
bol,sex_m,age_aggregate_y55_64,eco_aggregate_man,2022,36.069
bol,sex_m,age_aggregate_y55_64,eco_aggregate_man,2023,35.672
bol,sex_m,age_aggregate_y55_64,eco_aggregate_man,2024,42.401
bol,sex_m,age_aggregate_y55_64,eco_aggregate_mel,1989,1.9
bol,sex_m,age_aggregate_y55_64,eco_aggregate_mel,1990,0.934
bol,sex_m,age_aggregate_y55_64,eco_aggregate_mel,1991,1.604
bol,sex_m,age_aggregate_y55_64,eco_aggregate_mel,1992,1.751
bol,sex_m,age_aggregate_y55_64,eco_aggregate_mel,1993,0.931
bol,sex_m,age_aggregate_y55_64,eco_aggregate_mel,1994,0.764
bol,sex_m,age_aggregate_y55_64,eco_aggregate_mel,1995,1.021
bol,sex_m,age_aggregate_y55_64,eco_aggregate_mel,1999,6.321
bol,sex_m,age_aggregate_y55_64,eco_aggregate_mel,2000,3.63
bol,sex_m,age_aggregate_y55_64,eco_aggregate_mel,2001,5.426
bol,sex_m,age_aggregate_y55_64,eco_aggregate_mel,2002,3.019
bol,sex_m,age_aggregate_y55_64,eco_aggregate_mel,2005,3.028
bol,sex_m,age_aggregate_y55_64,eco_aggregate_mel,2006,3.62
bol,sex_m,age_aggregate_y55_64,eco_aggregate_mel,2007,5.191
bol,sex_m,age_aggregate_y55_64,eco_aggregate_mel,2008,6.431
bol,sex_m,age_aggregate_y55_64,eco_aggregate_mel,2009,6.457
bol,sex_m,age_aggregate_y55_64,eco_aggregate_mel,2011,10.081
bol,sex_m,age_aggregate_y55_64,eco_aggregate_mel,2012,10.142
bol,sex_m,age_aggregate_y55_64,eco_aggregate_mel,2013,10.726
bol,sex_m,age_aggregate_y55_64,eco_aggregate_mel,2014,7.079
bol,sex_m,age_aggregate_y55_64,eco_aggregate_mel,2015,11.674
bol,sex_m,age_aggregate_y55_64,eco_aggregate_mel,2016,8.541
bol,sex_m,age_aggregate_y55_64,eco_aggregate_mel,2017,6.303
bol,sex_m,age_aggregate_y55_64,eco_aggregate_mel,2018,9.824
bol,sex_m,age_aggregate_y55_64,eco_aggregate_mel,2019,7.093
bol,sex_m,age_aggregate_y55_64,eco_aggregate_mel,2020,6.047
bol,sex_m,age_aggregate_y55_64,eco_aggregate_mel,2021,9.064
bol,sex_m,age_aggregate_y55_64,eco_aggregate_mel,2022,8.968
bol,sex_m,age_aggregate_y55_64,eco_aggregate_mel,2023,6.842
bol,sex_m,age_aggregate_y55_64,eco_aggregate_mel,2024,9.48
bol,sex_m,age_aggregate_y55_64,eco_aggregate_mkt,1989,12.766
bol,sex_m,age_aggregate_y55_64,eco_aggregate_mkt,1990,11.349
bol,sex_m,age_aggregate_y55_64,eco_aggregate_mkt,1991,12.026
bol,sex_m,age_aggregate_y55_64,eco_aggregate_mkt,1992,10.568
bol,sex_m,age_aggregate_y55_64,eco_aggregate_mkt,1993,13.884
bol,sex_m,age_aggregate_y55_64,eco_aggregate_mkt,1994,14.632
bol,sex_m,age_aggregate_y55_64,eco_aggregate_mkt,1995,14.767
bol,sex_m,age_aggregate_y55_64,eco_aggregate_mkt,1999,130.995
bol,sex_m,age_aggregate_y55_64,eco_aggregate_mkt,2000,26.68
bol,sex_m,age_aggregate_y55_64,eco_aggregate_mkt,2001,27.549
bol,sex_m,age_aggregate_y55_64,eco_aggregate_mkt,2002,30.029
bol,sex_m,age_aggregate_y55_64,eco_aggregate_mkt,2005,50.491
bol,sex_m,age_aggregate_y55_64,eco_aggregate_mkt,2006,42.966
bol,sex_m,age_aggregate_y55_64,eco_aggregate_mkt,2007,40.836
bol,sex_m,age_aggregate_y55_64,eco_aggregate_mkt,2008,70.23
bol,sex_m,age_aggregate_y55_64,eco_aggregate_mkt,2009,59.484
bol,sex_m,age_aggregate_y55_64,eco_aggregate_mkt,2011,71.932
bol,sex_m,age_aggregate_y55_64,eco_aggregate_mkt,2012,85.075
bol,sex_m,age_aggregate_y55_64,eco_aggregate_mkt,2013,81.158
bol,sex_m,age_aggregate_y55_64,eco_aggregate_mkt,2014,77.642
bol,sex_m,age_aggregate_y55_64,eco_aggregate_mkt,2015,89.222
bol,sex_m,age_aggregate_y55_64,eco_aggregate_mkt,2016,87.698
bol,sex_m,age_aggregate_y55_64,eco_aggregate_mkt,2017,89.853
bol,sex_m,age_aggregate_y55_64,eco_aggregate_mkt,2018,95.259
bol,sex_m,age_aggregate_y55_64,eco_aggregate_mkt,2019,109.825
bol,sex_m,age_aggregate_y55_64,eco_aggregate_mkt,2020,110.978
bol,sex_m,age_aggregate_y55_64,eco_aggregate_mkt,2021,105.636
bol,sex_m,age_aggregate_y55_64,eco_aggregate_mkt,2022,111.943
bol,sex_m,age_aggregate_y55_64,eco_aggregate_mkt,2023,117.972
bol,sex_m,age_aggregate_y55_64,eco_aggregate_mkt,2024,129.186
bol,sex_m,age_aggregate_y55_64,eco_aggregate_pub,1989,11.896
bol,sex_m,age_aggregate_y55_64,eco_aggregate_pub,1990,12.27
bol,sex_m,age_aggregate_y55_64,eco_aggregate_pub,1991,9.701
bol,sex_m,age_aggregate_y55_64,eco_aggregate_pub,1992,6.68
bol,sex_m,age_aggregate_y55_64,eco_aggregate_pub,1993,7.456
bol,sex_m,age_aggregate_y55_64,eco_aggregate_pub,1994,7.419
bol,sex_m,age_aggregate_y55_64,eco_aggregate_pub,1995,7.699
bol,sex_m,age_aggregate_y55_64,eco_aggregate_pub,1999,11.923
bol,sex_m,age_aggregate_y55_64,eco_aggregate_pub,2000,18.949
bol,sex_m,age_aggregate_y55_64,eco_aggregate_pub,2001,15.285
bol,sex_m,age_aggregate_y55_64,eco_aggregate_pub,2002,19.785
bol,sex_m,age_aggregate_y55_64,eco_aggregate_pub,2005,28.827
bol,sex_m,age_aggregate_y55_64,eco_aggregate_pub,2006,30.491
bol,sex_m,age_aggregate_y55_64,eco_aggregate_pub,2007,25.591
bol,sex_m,age_aggregate_y55_64,eco_aggregate_pub,2008,27.572
bol,sex_m,age_aggregate_y55_64,eco_aggregate_pub,2009,38.992
bol,sex_m,age_aggregate_y55_64,eco_aggregate_pub,2011,44.515
bol,sex_m,age_aggregate_y55_64,eco_aggregate_pub,2012,45.25
bol,sex_m,age_aggregate_y55_64,eco_aggregate_pub,2013,45.284
bol,sex_m,age_aggregate_y55_64,eco_aggregate_pub,2014,45.182
bol,sex_m,age_aggregate_y55_64,eco_aggregate_pub,2015,48.178
bol,sex_m,age_aggregate_y55_64,eco_aggregate_pub,2016,44.831
bol,sex_m,age_aggregate_y55_64,eco_aggregate_pub,2017,44.193
bol,sex_m,age_aggregate_y55_64,eco_aggregate_pub,2018,41.711
bol,sex_m,age_aggregate_y55_64,eco_aggregate_pub,2019,46.693
bol,sex_m,age_aggregate_y55_64,eco_aggregate_pub,2020,43.312
bol,sex_m,age_aggregate_y55_64,eco_aggregate_pub,2021,42.896
bol,sex_m,age_aggregate_y55_64,eco_aggregate_pub,2022,47.394
bol,sex_m,age_aggregate_y55_64,eco_aggregate_pub,2023,49.56
bol,sex_m,age_aggregate_y55_64,eco_aggregate_pub,2024,48.099
bol,sex_m,age_aggregate_y55_64,eco_aggregate_total,1989,33.02
bol,sex_m,age_aggregate_y55_64,eco_aggregate_total,1990,30.005
bol,sex_m,age_aggregate_y55_64,eco_aggregate_total,1991,35.121
bol,sex_m,age_aggregate_y55_64,eco_aggregate_total,1992,30.602
bol,sex_m,age_aggregate_y55_64,eco_aggregate_total,1993,34.038
bol,sex_m,age_aggregate_y55_64,eco_aggregate_total,1994,34.201
bol,sex_m,age_aggregate_y55_64,eco_aggregate_total,1995,36.947
bol,sex_m,age_aggregate_y55_64,eco_aggregate_total,1999,178.336
bol,sex_m,age_aggregate_y55_64,eco_aggregate_total,2000,162.388
bol,sex_m,age_aggregate_y55_64,eco_aggregate_total,2001,166.208
bol,sex_m,age_aggregate_y55_64,eco_aggregate_total,2002,170.498
bol,sex_m,age_aggregate_y55_64,eco_aggregate_total,2005,205.345
bol,sex_m,age_aggregate_y55_64,eco_aggregate_total,2006,222.162
bol,sex_m,age_aggregate_y55_64,eco_aggregate_total,2007,203.333
bol,sex_m,age_aggregate_y55_64,eco_aggregate_total,2008,281.688
bol,sex_m,age_aggregate_y55_64,eco_aggregate_total,2009,284.709
bol,sex_m,age_aggregate_y55_64,eco_aggregate_total,2011,291.863
bol,sex_m,age_aggregate_y55_64,eco_aggregate_total,2012,296.214
bol,sex_m,age_aggregate_y55_64,eco_aggregate_total,2013,324.872
bol,sex_m,age_aggregate_y55_64,eco_aggregate_total,2014,316.1
bol,sex_m,age_aggregate_y55_64,eco_aggregate_total,2015,348.912
bol,sex_m,age_aggregate_y55_64,eco_aggregate_total,2016,332.432
bol,sex_m,age_aggregate_y55_64,eco_aggregate_total,2017,346.507
bol,sex_m,age_aggregate_y55_64,eco_aggregate_total,2018,361.746
bol,sex_m,age_aggregate_y55_64,eco_aggregate_total,2019,373.945
bol,sex_m,age_aggregate_y55_64,eco_aggregate_total,2020,378.039
bol,sex_m,age_aggregate_y55_64,eco_aggregate_total,2021,369.003
bol,sex_m,age_aggregate_y55_64,eco_aggregate_total,2022,382.484
bol,sex_m,age_aggregate_y55_64,eco_aggregate_total,2023,394.903
bol,sex_m,age_aggregate_y55_64,eco_aggregate_total,2024,415.483
bol,sex_m,age_aggregate_y55_64,eco_aggregate_x,1989,1.003
bol,sex_m,age_aggregate_y55_64,eco_aggregate_x,1990,0.464
bol,sex_m,age_aggregate_y55_64,eco_aggregate_x,1999,11.878
bol,sex_m,age_aggregate_y55_64,eco_isic3_a,1991,1.726
bol,sex_m,age_aggregate_y55_64,eco_isic3_a,1992,1.474
bol,sex_m,age_aggregate_y55_64,eco_isic3_a,1993,2.007
bol,sex_m,age_aggregate_y55_64,eco_isic3_a,1994,2.069
bol,sex_m,age_aggregate_y55_64,eco_isic3_a,1995,3.125
bol,sex_m,age_aggregate_y55_64,eco_isic3_a,2000,83.783
bol,sex_m,age_aggregate_y55_64,eco_isic3_a,2001,94.02
bol,sex_m,age_aggregate_y55_64,eco_isic3_a,2002,87.709
bol,sex_m,age_aggregate_y55_64,eco_isic3_a,2005,85.849
bol,sex_m,age_aggregate_y55_64,eco_isic3_a,2006,106.036
bol,sex_m,age_aggregate_y55_64,eco_isic3_a,2007,87.36
bol,sex_m,age_aggregate_y55_64,eco_isic3_a,2008,127.633
bol,sex_m,age_aggregate_y55_64,eco_isic3_a,2009,123.497
bol,sex_m,age_aggregate_y55_64,eco_isic3_c,1989,1.733
bol,sex_m,age_aggregate_y55_64,eco_isic3_c,1990,0.914
bol,sex_m,age_aggregate_y55_64,eco_isic3_c,1991,1.044
bol,sex_m,age_aggregate_y55_64,eco_isic3_c,1992,1.353
bol,sex_m,age_aggregate_y55_64,eco_isic3_c,1993,0.801
bol,sex_m,age_aggregate_y55_64,eco_isic3_c,1994,0.495
bol,sex_m,age_aggregate_y55_64,eco_isic3_c,1995,0.892
bol,sex_m,age_aggregate_y55_64,eco_isic3_c,2000,3.25
bol,sex_m,age_aggregate_y55_64,eco_isic3_c,2001,4.017
bol,sex_m,age_aggregate_y55_64,eco_isic3_c,2002,1.881
bol,sex_m,age_aggregate_y55_64,eco_isic3_c,2005,1.818
bol,sex_m,age_aggregate_y55_64,eco_isic3_c,2006,2.983
bol,sex_m,age_aggregate_y55_64,eco_isic3_c,2007,5.191
bol,sex_m,age_aggregate_y55_64,eco_isic3_c,2008,5.251
bol,sex_m,age_aggregate_y55_64,eco_isic3_c,2009,5.895
bol,sex_m,age_aggregate_y55_64,eco_isic3_d,1989,5.455
bol,sex_m,age_aggregate_y55_64,eco_isic3_d,1990,4.988
bol,sex_m,age_aggregate_y55_64,eco_isic3_d,1991,5.415
bol,sex_m,age_aggregate_y55_64,eco_isic3_d,1992,6.334
bol,sex_m,age_aggregate_y55_64,eco_isic3_d,1993,4.401
bol,sex_m,age_aggregate_y55_64,eco_isic3_d,1994,4.474
bol,sex_m,age_aggregate_y55_64,eco_isic3_d,1995,7.339
bol,sex_m,age_aggregate_y55_64,eco_isic3_d,1999,17.219
bol,sex_m,age_aggregate_y55_64,eco_isic3_d,2000,17.097
bol,sex_m,age_aggregate_y55_64,eco_isic3_d,2001,6.835
bol,sex_m,age_aggregate_y55_64,eco_isic3_d,2002,16.958
bol,sex_m,age_aggregate_y55_64,eco_isic3_d,2005,24.483
bol,sex_m,age_aggregate_y55_64,eco_isic3_d,2006,21.311
bol,sex_m,age_aggregate_y55_64,eco_isic3_d,2007,23.975
bol,sex_m,age_aggregate_y55_64,eco_isic3_d,2008,24.848
bol,sex_m,age_aggregate_y55_64,eco_isic3_d,2009,24.815
bol,sex_m,age_aggregate_y55_64,eco_isic3_e,1989,0.167
bol,sex_m,age_aggregate_y55_64,eco_isic3_e,1991,0.56
bol,sex_m,age_aggregate_y55_64,eco_isic3_e,1992,0.398
bol,sex_m,age_aggregate_y55_64,eco_isic3_e,1999,3.149
bol,sex_m,age_aggregate_y55_64,eco_isic3_f,1991,4.649
bol,sex_m,age_aggregate_y55_64,eco_isic3_f,1992,3.795
bol,sex_m,age_aggregate_y55_64,eco_isic3_f,1993,5.359
bol,sex_m,age_aggregate_y55_64,eco_isic3_f,1994,4.843
bol,sex_m,age_aggregate_y55_64,eco_isic3_f,1995,2.854
bol,sex_m,age_aggregate_y55_64,eco_isic3_f,2000,11.619
bol,sex_m,age_aggregate_y55_64,eco_isic3_f,2001,16.902
bol,sex_m,age_aggregate_y55_64,eco_isic3_f,2002,12.806
bol,sex_m,age_aggregate_y55_64,eco_isic3_f,2005,12.667
bol,sex_m,age_aggregate_y55_64,eco_isic3_f,2006,16.005
bol,sex_m,age_aggregate_y55_64,eco_isic3_f,2007,20.38
bol,sex_m,age_aggregate_y55_64,eco_isic3_f,2008,24.974
bol,sex_m,age_aggregate_y55_64,eco_isic3_f,2009,31.464
bol,sex_m,age_aggregate_y55_64,eco_isic3_g,1989,3.732
bol,sex_m,age_aggregate_y55_64,eco_isic3_g,1990,2.949
bol,sex_m,age_aggregate_y55_64,eco_isic3_g,1991,5.798
bol,sex_m,age_aggregate_y55_64,eco_isic3_g,1992,5.268
bol,sex_m,age_aggregate_y55_64,eco_isic3_g,1993,6.446
bol,sex_m,age_aggregate_y55_64,eco_isic3_g,1994,7.807
bol,sex_m,age_aggregate_y55_64,eco_isic3_g,1995,8.231
bol,sex_m,age_aggregate_y55_64,eco_isic3_g,1999,9.971
bol,sex_m,age_aggregate_y55_64,eco_isic3_g,2000,12.769
bol,sex_m,age_aggregate_y55_64,eco_isic3_g,2001,11.645
bol,sex_m,age_aggregate_y55_64,eco_isic3_g,2002,13.749
bol,sex_m,age_aggregate_y55_64,eco_isic3_g,2005,29.191
bol,sex_m,age_aggregate_y55_64,eco_isic3_g,2006,10.737
bol,sex_m,age_aggregate_y55_64,eco_isic3_g,2007,15.827
bol,sex_m,age_aggregate_y55_64,eco_isic3_g,2008,30.655
bol,sex_m,age_aggregate_y55_64,eco_isic3_g,2009,30.269
bol,sex_m,age_aggregate_y55_64,eco_isic3_h,1991,1.243
bol,sex_m,age_aggregate_y55_64,eco_isic3_h,1992,0.669
bol,sex_m,age_aggregate_y55_64,eco_isic3_h,1994,0.874
bol,sex_m,age_aggregate_y55_64,eco_isic3_h,1995,0.989
bol,sex_m,age_aggregate_y55_64,eco_isic3_h,2000,4.04
bol,sex_m,age_aggregate_y55_64,eco_isic3_h,2006,6.626
bol,sex_m,age_aggregate_y55_64,eco_isic3_h,2007,3.288
bol,sex_m,age_aggregate_y55_64,eco_isic3_h,2008,3.841
bol,sex_m,age_aggregate_y55_64,eco_isic3_h,2009,4.457
bol,sex_m,age_aggregate_y55_64,eco_isic3_i,1989,5.474
bol,sex_m,age_aggregate_y55_64,eco_isic3_i,1990,5.151
bol,sex_m,age_aggregate_y55_64,eco_isic3_i,1991,4.117
bol,sex_m,age_aggregate_y55_64,eco_isic3_i,1992,2.942
bol,sex_m,age_aggregate_y55_64,eco_isic3_i,1993,5.089
bol,sex_m,age_aggregate_y55_64,eco_isic3_i,1994,4.125
bol,sex_m,age_aggregate_y55_64,eco_isic3_i,1995,3.96
bol,sex_m,age_aggregate_y55_64,eco_isic3_i,1999,92.137
bol,sex_m,age_aggregate_y55_64,eco_isic3_i,2000,7.044
bol,sex_m,age_aggregate_y55_64,eco_isic3_i,2001,10.854
bol,sex_m,age_aggregate_y55_64,eco_isic3_i,2002,9.236
bol,sex_m,age_aggregate_y55_64,eco_isic3_i,2005,16.417
bol,sex_m,age_aggregate_y55_64,eco_isic3_i,2006,18.366
bol,sex_m,age_aggregate_y55_64,eco_isic3_i,2007,15.461
bol,sex_m,age_aggregate_y55_64,eco_isic3_i,2008,26.941
bol,sex_m,age_aggregate_y55_64,eco_isic3_i,2009,17.657
bol,sex_m,age_aggregate_y55_64,eco_isic3_k,1989,3.559
bol,sex_m,age_aggregate_y55_64,eco_isic3_k,1990,3.249
bol,sex_m,age_aggregate_y55_64,eco_isic3_k,1991,0.868
bol,sex_m,age_aggregate_y55_64,eco_isic3_k,1992,1.689
bol,sex_m,age_aggregate_y55_64,eco_isic3_k,1993,1.902
bol,sex_m,age_aggregate_y55_64,eco_isic3_k,1994,1.826
bol,sex_m,age_aggregate_y55_64,eco_isic3_k,1995,1.352
bol,sex_m,age_aggregate_y55_64,eco_isic3_k,1999,28.887
bol,sex_m,age_aggregate_y55_64,eco_isic3_k,2000,2.46
bol,sex_m,age_aggregate_y55_64,eco_isic3_k,2001,3.469
bol,sex_m,age_aggregate_y55_64,eco_isic3_k,2002,5.995
bol,sex_m,age_aggregate_y55_64,eco_isic3_k,2006,7.237
bol,sex_m,age_aggregate_y55_64,eco_isic3_k,2007,5.56
bol,sex_m,age_aggregate_y55_64,eco_isic3_k,2008,8.266
bol,sex_m,age_aggregate_y55_64,eco_isic3_k,2009,6.742
bol,sex_m,age_aggregate_y55_64,eco_isic3_l,1991,2.372
bol,sex_m,age_aggregate_y55_64,eco_isic3_l,1992,1.95
bol,sex_m,age_aggregate_y55_64,eco_isic3_l,1993,2.016
bol,sex_m,age_aggregate_y55_64,eco_isic3_l,1994,2.232
bol,sex_m,age_aggregate_y55_64,eco_isic3_l,1995,1.862
bol,sex_m,age_aggregate_y55_64,eco_isic3_l,2000,6.692
bol,sex_m,age_aggregate_y55_64,eco_isic3_l,2001,4.326
bol,sex_m,age_aggregate_y55_64,eco_isic3_l,2002,1.897
bol,sex_m,age_aggregate_y55_64,eco_isic3_l,2005,5.79
bol,sex_m,age_aggregate_y55_64,eco_isic3_l,2006,6.944
bol,sex_m,age_aggregate_y55_64,eco_isic3_l,2007,9.364
bol,sex_m,age_aggregate_y55_64,eco_isic3_l,2008,7.865
bol,sex_m,age_aggregate_y55_64,eco_isic3_l,2009,8.183
bol,sex_m,age_aggregate_y55_64,eco_isic3_m,1989,1.432
bol,sex_m,age_aggregate_y55_64,eco_isic3_m,1990,2.53
bol,sex_m,age_aggregate_y55_64,eco_isic3_m,1991,1.987
bol,sex_m,age_aggregate_y55_64,eco_isic3_m,1992,1.426
bol,sex_m,age_aggregate_y55_64,eco_isic3_m,1993,1.786
bol,sex_m,age_aggregate_y55_64,eco_isic3_m,1994,2.208
bol,sex_m,age_aggregate_y55_64,eco_isic3_m,1995,2.303
bol,sex_m,age_aggregate_y55_64,eco_isic3_m,2000,6.001
bol,sex_m,age_aggregate_y55_64,eco_isic3_m,2001,3.169
bol,sex_m,age_aggregate_y55_64,eco_isic3_m,2002,7.342
bol,sex_m,age_aggregate_y55_64,eco_isic3_m,2005,13.729
bol,sex_m,age_aggregate_y55_64,eco_isic3_m,2006,12.701
bol,sex_m,age_aggregate_y55_64,eco_isic3_m,2007,7.418
bol,sex_m,age_aggregate_y55_64,eco_isic3_m,2008,9.637
bol,sex_m,age_aggregate_y55_64,eco_isic3_m,2009,15.008
bol,sex_m,age_aggregate_y55_64,eco_isic3_n,1991,1.42
bol,sex_m,age_aggregate_y55_64,eco_isic3_n,1992,1.202
bol,sex_m,age_aggregate_y55_64,eco_isic3_n,1993,1.118
bol,sex_m,age_aggregate_y55_64,eco_isic3_n,1994,1.178
bol,sex_m,age_aggregate_y55_64,eco_isic3_n,1995,1.36
bol,sex_m,age_aggregate_y55_64,eco_isic3_n,2000,2.566
bol,sex_m,age_aggregate_y55_64,eco_isic3_n,2001,3.071
bol,sex_m,age_aggregate_y55_64,eco_isic3_n,2002,2.089
bol,sex_m,age_aggregate_y55_64,eco_isic3_n,2005,2.93
bol,sex_m,age_aggregate_y55_64,eco_isic3_n,2006,3.129
bol,sex_m,age_aggregate_y55_64,eco_isic3_n,2007,4.259
bol,sex_m,age_aggregate_y55_64,eco_isic3_n,2008,3.545
bol,sex_m,age_aggregate_y55_64,eco_isic3_n,2009,6.415
bol,sex_m,age_aggregate_y55_64,eco_isic3_o,1989,5.904
bol,sex_m,age_aggregate_y55_64,eco_isic3_o,1990,4.999
bol,sex_m,age_aggregate_y55_64,eco_isic3_o,1991,3.041
bol,sex_m,age_aggregate_y55_64,eco_isic3_o,1992,1.77
bol,sex_m,age_aggregate_y55_64,eco_isic3_o,1993,1.269
bol,sex_m,age_aggregate_y55_64,eco_isic3_o,1994,1.542
bol,sex_m,age_aggregate_y55_64,eco_isic3_o,1995,1.842
bol,sex_m,age_aggregate_y55_64,eco_isic3_o,1999,11.923
bol,sex_m,age_aggregate_y55_64,eco_isic3_o,2000,3.69
bol,sex_m,age_aggregate_y55_64,eco_isic3_o,2001,2.249
bol,sex_m,age_aggregate_y55_64,eco_isic3_o,2002,6.026
bol,sex_m,age_aggregate_y55_64,eco_isic3_o,2005,6.378
bol,sex_m,age_aggregate_y55_64,eco_isic3_o,2006,6.309
bol,sex_m,age_aggregate_y55_64,eco_isic3_o,2007,3.797
bol,sex_m,age_aggregate_y55_64,eco_isic3_o,2008,5.64
bol,sex_m,age_aggregate_y55_64,eco_isic3_o,2009,6.834
bol,sex_m,age_aggregate_y55_64,eco_isic3_p,1989,4.56
bol,sex_m,age_aggregate_y55_64,eco_isic3_p,1990,4.741
bol,sex_m,age_aggregate_y55_64,eco_isic3_p,1991,0.565
bol,sex_m,age_aggregate_y55_64,eco_isic3_p,1993,1.157
bol,sex_m,age_aggregate_y55_64,eco_isic3_p,2002,2.431
bol,sex_m,age_aggregate_y55_64,eco_isic3_total,1989,33.02
bol,sex_m,age_aggregate_y55_64,eco_isic3_total,1990,30.005
bol,sex_m,age_aggregate_y55_64,eco_isic3_total,1991,35.121
bol,sex_m,age_aggregate_y55_64,eco_isic3_total,1992,30.602
bol,sex_m,age_aggregate_y55_64,eco_isic3_total,1993,34.038
bol,sex_m,age_aggregate_y55_64,eco_isic3_total,1994,34.201
bol,sex_m,age_aggregate_y55_64,eco_isic3_total,1995,36.947
bol,sex_m,age_aggregate_y55_64,eco_isic3_total,1999,178.336
bol,sex_m,age_aggregate_y55_64,eco_isic3_total,2000,162.388
bol,sex_m,age_aggregate_y55_64,eco_isic3_total,2001,166.208
bol,sex_m,age_aggregate_y55_64,eco_isic3_total,2002,170.498
bol,sex_m,age_aggregate_y55_64,eco_isic3_total,2005,205.345
bol,sex_m,age_aggregate_y55_64,eco_isic3_total,2006,222.162
bol,sex_m,age_aggregate_y55_64,eco_isic3_total,2007,203.333
bol,sex_m,age_aggregate_y55_64,eco_isic3_total,2008,281.688
bol,sex_m,age_aggregate_y55_64,eco_isic3_total,2009,284.709
bol,sex_m,age_aggregate_y55_64,eco_isic3_x,1989,1.003
bol,sex_m,age_aggregate_y55_64,eco_isic3_x,1990,0.464
bol,sex_m,age_aggregate_y55_64,eco_isic3_x,1999,11.878
bol,sex_m,age_aggregate_y55_64,eco_isic4_a,2011,117.502
bol,sex_m,age_aggregate_y55_64,eco_isic4_a,2012,108.52
bol,sex_m,age_aggregate_y55_64,eco_isic4_a,2013,134.986
bol,sex_m,age_aggregate_y55_64,eco_isic4_a,2014,128.907
bol,sex_m,age_aggregate_y55_64,eco_isic4_a,2015,143.218
bol,sex_m,age_aggregate_y55_64,eco_isic4_a,2016,132.655
bol,sex_m,age_aggregate_y55_64,eco_isic4_a,2017,141.858
bol,sex_m,age_aggregate_y55_64,eco_isic4_a,2018,152.918
bol,sex_m,age_aggregate_y55_64,eco_isic4_a,2019,138.521
bol,sex_m,age_aggregate_y55_64,eco_isic4_a,2020,154.402
bol,sex_m,age_aggregate_y55_64,eco_isic4_a,2021,139.177
bol,sex_m,age_aggregate_y55_64,eco_isic4_a,2022,136.312
bol,sex_m,age_aggregate_y55_64,eco_isic4_a,2023,145.008
bol,sex_m,age_aggregate_y55_64,eco_isic4_a,2024,144.363
bol,sex_m,age_aggregate_y55_64,eco_isic4_b,2011,7.448
bol,sex_m,age_aggregate_y55_64,eco_isic4_b,2012,6.563
bol,sex_m,age_aggregate_y55_64,eco_isic4_b,2013,8.575
bol,sex_m,age_aggregate_y55_64,eco_isic4_b,2014,5.497
bol,sex_m,age_aggregate_y55_64,eco_isic4_b,2015,9.756
bol,sex_m,age_aggregate_y55_64,eco_isic4_b,2016,6.625
bol,sex_m,age_aggregate_y55_64,eco_isic4_b,2017,4.597
bol,sex_m,age_aggregate_y55_64,eco_isic4_b,2018,7.324
bol,sex_m,age_aggregate_y55_64,eco_isic4_b,2019,5.33
bol,sex_m,age_aggregate_y55_64,eco_isic4_b,2020,4.124
bol,sex_m,age_aggregate_y55_64,eco_isic4_b,2021,5.975
bol,sex_m,age_aggregate_y55_64,eco_isic4_b,2022,6.979
bol,sex_m,age_aggregate_y55_64,eco_isic4_b,2023,4.013
bol,sex_m,age_aggregate_y55_64,eco_isic4_b,2024,7.234
bol,sex_m,age_aggregate_y55_64,eco_isic4_c,2011,15.02
bol,sex_m,age_aggregate_y55_64,eco_isic4_c,2012,18.95
bol,sex_m,age_aggregate_y55_64,eco_isic4_c,2013,21.554
bol,sex_m,age_aggregate_y55_64,eco_isic4_c,2014,21.832
bol,sex_m,age_aggregate_y55_64,eco_isic4_c,2015,24.506
bol,sex_m,age_aggregate_y55_64,eco_isic4_c,2016,25.565
bol,sex_m,age_aggregate_y55_64,eco_isic4_c,2017,28.35
bol,sex_m,age_aggregate_y55_64,eco_isic4_c,2018,30.527
bol,sex_m,age_aggregate_y55_64,eco_isic4_c,2019,36.668
bol,sex_m,age_aggregate_y55_64,eco_isic4_c,2020,24.285
bol,sex_m,age_aggregate_y55_64,eco_isic4_c,2021,33.208
bol,sex_m,age_aggregate_y55_64,eco_isic4_c,2022,36.069
bol,sex_m,age_aggregate_y55_64,eco_isic4_c,2023,35.672
bol,sex_m,age_aggregate_y55_64,eco_isic4_c,2024,42.401
bol,sex_m,age_aggregate_y55_64,eco_isic4_d,2013,1.607
bol,sex_m,age_aggregate_y55_64,eco_isic4_d,2016,0.748
bol,sex_m,age_aggregate_y55_64,eco_isic4_d,2017,0.79
bol,sex_m,age_aggregate_y55_64,eco_isic4_d,2018,1.061
bol,sex_m,age_aggregate_y55_64,eco_isic4_d,2019,0.946
bol,sex_m,age_aggregate_y55_64,eco_isic4_d,2021,1.786
bol,sex_m,age_aggregate_y55_64,eco_isic4_d,2022,1.836
bol,sex_m,age_aggregate_y55_64,eco_isic4_d,2023,1.477
bol,sex_m,age_aggregate_y55_64,eco_isic4_d,2024,1.027
bol,sex_m,age_aggregate_y55_64,eco_isic4_e,2011,1.531
bol,sex_m,age_aggregate_y55_64,eco_isic4_e,2014,1.139
bol,sex_m,age_aggregate_y55_64,eco_isic4_e,2015,1.197
bol,sex_m,age_aggregate_y55_64,eco_isic4_e,2016,1.169
bol,sex_m,age_aggregate_y55_64,eco_isic4_e,2017,0.915
bol,sex_m,age_aggregate_y55_64,eco_isic4_e,2018,1.439
bol,sex_m,age_aggregate_y55_64,eco_isic4_e,2019,0.817
bol,sex_m,age_aggregate_y55_64,eco_isic4_e,2021,1.303
bol,sex_m,age_aggregate_y55_64,eco_isic4_e,2022,0.153
bol,sex_m,age_aggregate_y55_64,eco_isic4_e,2023,1.352
bol,sex_m,age_aggregate_y55_64,eco_isic4_e,2024,1.219
bol,sex_m,age_aggregate_y55_64,eco_isic4_f,2011,32.813
bol,sex_m,age_aggregate_y55_64,eco_isic4_f,2012,28.277
bol,sex_m,age_aggregate_y55_64,eco_isic4_f,2013,31.164
bol,sex_m,age_aggregate_y55_64,eco_isic4_f,2014,35.458
bol,sex_m,age_aggregate_y55_64,eco_isic4_f,2015,31.883
bol,sex_m,age_aggregate_y55_64,eco_isic4_f,2016,33.142
bol,sex_m,age_aggregate_y55_64,eco_isic4_f,2017,35.951
bol,sex_m,age_aggregate_y55_64,eco_isic4_f,2018,31.506
bol,sex_m,age_aggregate_y55_64,eco_isic4_f,2019,35.145
bol,sex_m,age_aggregate_y55_64,eco_isic4_f,2020,39.015
bol,sex_m,age_aggregate_y55_64,eco_isic4_f,2021,39.023
bol,sex_m,age_aggregate_y55_64,eco_isic4_f,2022,41.797
bol,sex_m,age_aggregate_y55_64,eco_isic4_f,2023,39.849
bol,sex_m,age_aggregate_y55_64,eco_isic4_f,2024,41.955
bol,sex_m,age_aggregate_y55_64,eco_isic4_g,2011,31.271
bol,sex_m,age_aggregate_y55_64,eco_isic4_g,2012,37.055
bol,sex_m,age_aggregate_y55_64,eco_isic4_g,2013,31.562
bol,sex_m,age_aggregate_y55_64,eco_isic4_g,2014,28.606
bol,sex_m,age_aggregate_y55_64,eco_isic4_g,2015,37.551
bol,sex_m,age_aggregate_y55_64,eco_isic4_g,2016,29.693
bol,sex_m,age_aggregate_y55_64,eco_isic4_g,2017,32.174
bol,sex_m,age_aggregate_y55_64,eco_isic4_g,2018,34.06
bol,sex_m,age_aggregate_y55_64,eco_isic4_g,2019,38.517
bol,sex_m,age_aggregate_y55_64,eco_isic4_g,2020,45.124
bol,sex_m,age_aggregate_y55_64,eco_isic4_g,2021,36.51
bol,sex_m,age_aggregate_y55_64,eco_isic4_g,2022,39.533
bol,sex_m,age_aggregate_y55_64,eco_isic4_g,2023,41.414
bol,sex_m,age_aggregate_y55_64,eco_isic4_g,2024,41.658
bol,sex_m,age_aggregate_y55_64,eco_isic4_h,2011,21.624
bol,sex_m,age_aggregate_y55_64,eco_isic4_h,2012,27.96
bol,sex_m,age_aggregate_y55_64,eco_isic4_h,2013,24.786
bol,sex_m,age_aggregate_y55_64,eco_isic4_h,2014,28.025
bol,sex_m,age_aggregate_y55_64,eco_isic4_h,2015,32.264
bol,sex_m,age_aggregate_y55_64,eco_isic4_h,2016,37.936
bol,sex_m,age_aggregate_y55_64,eco_isic4_h,2017,33.63
bol,sex_m,age_aggregate_y55_64,eco_isic4_h,2018,37.201
bol,sex_m,age_aggregate_y55_64,eco_isic4_h,2019,44.403
bol,sex_m,age_aggregate_y55_64,eco_isic4_h,2020,38.556
bol,sex_m,age_aggregate_y55_64,eco_isic4_h,2021,43.147
bol,sex_m,age_aggregate_y55_64,eco_isic4_h,2022,45.45
bol,sex_m,age_aggregate_y55_64,eco_isic4_h,2023,46.712
bol,sex_m,age_aggregate_y55_64,eco_isic4_h,2024,55.235
bol,sex_m,age_aggregate_y55_64,eco_isic4_i,2011,6.551
bol,sex_m,age_aggregate_y55_64,eco_isic4_i,2012,4.572
bol,sex_m,age_aggregate_y55_64,eco_isic4_i,2013,7.127
bol,sex_m,age_aggregate_y55_64,eco_isic4_i,2014,5.211
bol,sex_m,age_aggregate_y55_64,eco_isic4_i,2015,4.609
bol,sex_m,age_aggregate_y55_64,eco_isic4_i,2016,5.906
bol,sex_m,age_aggregate_y55_64,eco_isic4_i,2017,6.488
bol,sex_m,age_aggregate_y55_64,eco_isic4_i,2018,6.556
bol,sex_m,age_aggregate_y55_64,eco_isic4_i,2019,10.028
bol,sex_m,age_aggregate_y55_64,eco_isic4_i,2020,7.19
bol,sex_m,age_aggregate_y55_64,eco_isic4_i,2021,7.647
bol,sex_m,age_aggregate_y55_64,eco_isic4_i,2022,6.596
bol,sex_m,age_aggregate_y55_64,eco_isic4_i,2023,10.033
bol,sex_m,age_aggregate_y55_64,eco_isic4_i,2024,10.346
bol,sex_m,age_aggregate_y55_64,eco_isic4_j,2012,1.854
bol,sex_m,age_aggregate_y55_64,eco_isic4_j,2013,2.913
bol,sex_m,age_aggregate_y55_64,eco_isic4_j,2014,1.658
bol,sex_m,age_aggregate_y55_64,eco_isic4_j,2016,2.098
bol,sex_m,age_aggregate_y55_64,eco_isic4_j,2017,2.185
bol,sex_m,age_aggregate_y55_64,eco_isic4_j,2018,1.897
bol,sex_m,age_aggregate_y55_64,eco_isic4_j,2019,1.623
bol,sex_m,age_aggregate_y55_64,eco_isic4_j,2020,4.292
bol,sex_m,age_aggregate_y55_64,eco_isic4_j,2021,2.248
bol,sex_m,age_aggregate_y55_64,eco_isic4_j,2022,1.701
bol,sex_m,age_aggregate_y55_64,eco_isic4_j,2023,1.435
bol,sex_m,age_aggregate_y55_64,eco_isic4_j,2024,3.798
bol,sex_m,age_aggregate_y55_64,eco_isic4_k,2014,1.923
bol,sex_m,age_aggregate_y55_64,eco_isic4_k,2015,1.292
bol,sex_m,age_aggregate_y55_64,eco_isic4_k,2016,0.812
bol,sex_m,age_aggregate_y55_64,eco_isic4_k,2017,1.292
bol,sex_m,age_aggregate_y55_64,eco_isic4_k,2018,0.934
bol,sex_m,age_aggregate_y55_64,eco_isic4_k,2019,1.358
bol,sex_m,age_aggregate_y55_64,eco_isic4_k,2020,3.282
bol,sex_m,age_aggregate_y55_64,eco_isic4_k,2021,0.367
bol,sex_m,age_aggregate_y55_64,eco_isic4_k,2022,1.274
bol,sex_m,age_aggregate_y55_64,eco_isic4_k,2023,1.539
bol,sex_m,age_aggregate_y55_64,eco_isic4_k,2024,0.864
bol,sex_m,age_aggregate_y55_64,eco_isic4_l,2016,1.875
bol,sex_m,age_aggregate_y55_64,eco_isic4_l,2017,3.232
bol,sex_m,age_aggregate_y55_64,eco_isic4_l,2018,2.068
bol,sex_m,age_aggregate_y55_64,eco_isic4_l,2019,1.424
bol,sex_m,age_aggregate_y55_64,eco_isic4_l,2021,2.137
bol,sex_m,age_aggregate_y55_64,eco_isic4_l,2022,1.777
bol,sex_m,age_aggregate_y55_64,eco_isic4_l,2023,2.403
bol,sex_m,age_aggregate_y55_64,eco_isic4_l,2024,2.261
bol,sex_m,age_aggregate_y55_64,eco_isic4_m,2011,6.746
bol,sex_m,age_aggregate_y55_64,eco_isic4_m,2012,8.601
bol,sex_m,age_aggregate_y55_64,eco_isic4_m,2013,9.438
bol,sex_m,age_aggregate_y55_64,eco_isic4_m,2014,7.435
bol,sex_m,age_aggregate_y55_64,eco_isic4_m,2015,7.394
bol,sex_m,age_aggregate_y55_64,eco_isic4_m,2016,6.061
bol,sex_m,age_aggregate_y55_64,eco_isic4_m,2017,7.897
bol,sex_m,age_aggregate_y55_64,eco_isic4_m,2018,8.669
bol,sex_m,age_aggregate_y55_64,eco_isic4_m,2019,7.309
bol,sex_m,age_aggregate_y55_64,eco_isic4_m,2020,7.203
bol,sex_m,age_aggregate_y55_64,eco_isic4_m,2021,7.968
bol,sex_m,age_aggregate_y55_64,eco_isic4_m,2022,8.241
bol,sex_m,age_aggregate_y55_64,eco_isic4_m,2023,7.831
bol,sex_m,age_aggregate_y55_64,eco_isic4_m,2024,7.84
bol,sex_m,age_aggregate_y55_64,eco_isic4_n,2011,2.2
bol,sex_m,age_aggregate_y55_64,eco_isic4_n,2012,2.841
bol,sex_m,age_aggregate_y55_64,eco_isic4_n,2013,3.847
bol,sex_m,age_aggregate_y55_64,eco_isic4_n,2014,3.832
bol,sex_m,age_aggregate_y55_64,eco_isic4_n,2015,4.877
bol,sex_m,age_aggregate_y55_64,eco_isic4_n,2016,3.317
bol,sex_m,age_aggregate_y55_64,eco_isic4_n,2017,2.955
bol,sex_m,age_aggregate_y55_64,eco_isic4_n,2018,3.875
bol,sex_m,age_aggregate_y55_64,eco_isic4_n,2019,5.163
bol,sex_m,age_aggregate_y55_64,eco_isic4_n,2020,3.393
bol,sex_m,age_aggregate_y55_64,eco_isic4_n,2021,5.611
bol,sex_m,age_aggregate_y55_64,eco_isic4_n,2022,7.371
bol,sex_m,age_aggregate_y55_64,eco_isic4_n,2023,6.606
bol,sex_m,age_aggregate_y55_64,eco_isic4_n,2024,7.185
bol,sex_m,age_aggregate_y55_64,eco_isic4_o,2011,10.805
bol,sex_m,age_aggregate_y55_64,eco_isic4_o,2012,11.146
bol,sex_m,age_aggregate_y55_64,eco_isic4_o,2013,10.074
bol,sex_m,age_aggregate_y55_64,eco_isic4_o,2014,8.499
bol,sex_m,age_aggregate_y55_64,eco_isic4_o,2015,11.324
bol,sex_m,age_aggregate_y55_64,eco_isic4_o,2016,11.327
bol,sex_m,age_aggregate_y55_64,eco_isic4_o,2017,10.673
bol,sex_m,age_aggregate_y55_64,eco_isic4_o,2018,8.329
bol,sex_m,age_aggregate_y55_64,eco_isic4_o,2019,10.109
bol,sex_m,age_aggregate_y55_64,eco_isic4_o,2020,7.641
bol,sex_m,age_aggregate_y55_64,eco_isic4_o,2021,8.821
bol,sex_m,age_aggregate_y55_64,eco_isic4_o,2022,10.67
bol,sex_m,age_aggregate_y55_64,eco_isic4_o,2023,10.735
bol,sex_m,age_aggregate_y55_64,eco_isic4_o,2024,10.802
bol,sex_m,age_aggregate_y55_64,eco_isic4_p,2011,16.313
bol,sex_m,age_aggregate_y55_64,eco_isic4_p,2012,16.557
bol,sex_m,age_aggregate_y55_64,eco_isic4_p,2013,21.001
bol,sex_m,age_aggregate_y55_64,eco_isic4_p,2014,16.608
bol,sex_m,age_aggregate_y55_64,eco_isic4_p,2015,13.791
bol,sex_m,age_aggregate_y55_64,eco_isic4_p,2016,17.973
bol,sex_m,age_aggregate_y55_64,eco_isic4_p,2017,19.183
bol,sex_m,age_aggregate_y55_64,eco_isic4_p,2018,17.673
bol,sex_m,age_aggregate_y55_64,eco_isic4_p,2019,19.507
bol,sex_m,age_aggregate_y55_64,eco_isic4_p,2020,14.344
bol,sex_m,age_aggregate_y55_64,eco_isic4_p,2021,19.431
bol,sex_m,age_aggregate_y55_64,eco_isic4_p,2022,22.05
bol,sex_m,age_aggregate_y55_64,eco_isic4_p,2023,21.383
bol,sex_m,age_aggregate_y55_64,eco_isic4_p,2024,19.603
bol,sex_m,age_aggregate_y55_64,eco_isic4_q,2011,9.119
bol,sex_m,age_aggregate_y55_64,eco_isic4_q,2012,8.007
bol,sex_m,age_aggregate_y55_64,eco_isic4_q,2013,6.457
bol,sex_m,age_aggregate_y55_64,eco_isic4_q,2014,8.392
bol,sex_m,age_aggregate_y55_64,eco_isic4_q,2015,8.119
bol,sex_m,age_aggregate_y55_64,eco_isic4_q,2016,6.627
bol,sex_m,age_aggregate_y55_64,eco_isic4_q,2017,5.617
bol,sex_m,age_aggregate_y55_64,eco_isic4_q,2018,4.711
bol,sex_m,age_aggregate_y55_64,eco_isic4_q,2019,4.479
bol,sex_m,age_aggregate_y55_64,eco_isic4_q,2020,8.061
bol,sex_m,age_aggregate_y55_64,eco_isic4_q,2021,4.371
bol,sex_m,age_aggregate_y55_64,eco_isic4_q,2022,5.975
bol,sex_m,age_aggregate_y55_64,eco_isic4_q,2023,7.262
bol,sex_m,age_aggregate_y55_64,eco_isic4_q,2024,7.388
bol,sex_m,age_aggregate_y55_64,eco_isic4_r,2011,2.771
bol,sex_m,age_aggregate_y55_64,eco_isic4_r,2012,2.393
bol,sex_m,age_aggregate_y55_64,eco_isic4_r,2013,3.238
bol,sex_m,age_aggregate_y55_64,eco_isic4_r,2014,2.257
bol,sex_m,age_aggregate_y55_64,eco_isic4_r,2015,2.877
bol,sex_m,age_aggregate_y55_64,eco_isic4_r,2016,2.537
bol,sex_m,age_aggregate_y55_64,eco_isic4_r,2017,2.077
bol,sex_m,age_aggregate_y55_64,eco_isic4_r,2018,1.885
bol,sex_m,age_aggregate_y55_64,eco_isic4_r,2019,1.785
bol,sex_m,age_aggregate_y55_64,eco_isic4_r,2021,0.787
bol,sex_m,age_aggregate_y55_64,eco_isic4_r,2022,1.861
bol,sex_m,age_aggregate_y55_64,eco_isic4_r,2023,2.274
bol,sex_m,age_aggregate_y55_64,eco_isic4_r,2024,2.459
bol,sex_m,age_aggregate_y55_64,eco_isic4_s,2011,4.699
bol,sex_m,age_aggregate_y55_64,eco_isic4_s,2012,6.078
bol,sex_m,age_aggregate_y55_64,eco_isic4_s,2013,4.335
bol,sex_m,age_aggregate_y55_64,eco_isic4_s,2014,7.05
bol,sex_m,age_aggregate_y55_64,eco_isic4_s,2015,10.406
bol,sex_m,age_aggregate_y55_64,eco_isic4_s,2016,5.955
bol,sex_m,age_aggregate_y55_64,eco_isic4_s,2017,5.929
bol,sex_m,age_aggregate_y55_64,eco_isic4_s,2018,8.292
bol,sex_m,age_aggregate_y55_64,eco_isic4_s,2019,9.465
bol,sex_m,age_aggregate_y55_64,eco_isic4_s,2020,11.379
bol,sex_m,age_aggregate_y55_64,eco_isic4_s,2021,7.517
bol,sex_m,age_aggregate_y55_64,eco_isic4_s,2022,5.386
bol,sex_m,age_aggregate_y55_64,eco_isic4_s,2023,6.274
bol,sex_m,age_aggregate_y55_64,eco_isic4_s,2024,6.999
bol,sex_m,age_aggregate_y55_64,eco_isic4_t,2014,2.376
bol,sex_m,age_aggregate_y55_64,eco_isic4_t,2016,0.297
bol,sex_m,age_aggregate_y55_64,eco_isic4_t,2017,0.62
bol,sex_m,age_aggregate_y55_64,eco_isic4_t,2018,0.821
bol,sex_m,age_aggregate_y55_64,eco_isic4_t,2019,1.142
bol,sex_m,age_aggregate_y55_64,eco_isic4_t,2021,1.865
bol,sex_m,age_aggregate_y55_64,eco_isic4_t,2022,1.276
bol,sex_m,age_aggregate_y55_64,eco_isic4_t,2023,1.379
bol,sex_m,age_aggregate_y55_64,eco_isic4_t,2024,0.848
bol,sex_m,age_aggregate_y55_64,eco_isic4_total,2011,291.863
bol,sex_m,age_aggregate_y55_64,eco_isic4_total,2012,296.214
bol,sex_m,age_aggregate_y55_64,eco_isic4_total,2013,324.872
bol,sex_m,age_aggregate_y55_64,eco_isic4_total,2014,316.1
bol,sex_m,age_aggregate_y55_64,eco_isic4_total,2015,348.912
bol,sex_m,age_aggregate_y55_64,eco_isic4_total,2016,332.432
bol,sex_m,age_aggregate_y55_64,eco_isic4_total,2017,346.507
bol,sex_m,age_aggregate_y55_64,eco_isic4_total,2018,361.746
bol,sex_m,age_aggregate_y55_64,eco_isic4_total,2019,373.945
bol,sex_m,age_aggregate_y55_64,eco_isic4_total,2020,378.039
bol,sex_m,age_aggregate_y55_64,eco_isic4_total,2021,369.003
bol,sex_m,age_aggregate_y55_64,eco_isic4_total,2022,382.484
bol,sex_m,age_aggregate_y55_64,eco_isic4_total,2023,394.903
bol,sex_m,age_aggregate_y55_64,eco_isic4_total,2024,415.483
bol,sex_m,age_aggregate_y55_64,eco_isic4_u,2019,0.205
bol,sex_m,age_aggregate_y55_64,eco_sector_agr,1991,1.726
bol,sex_m,age_aggregate_y55_64,eco_sector_agr,1992,1.474
bol,sex_m,age_aggregate_y55_64,eco_sector_agr,1993,2.007
bol,sex_m,age_aggregate_y55_64,eco_sector_agr,1994,2.069
bol,sex_m,age_aggregate_y55_64,eco_sector_agr,1995,3.125
bol,sex_m,age_aggregate_y55_64,eco_sector_agr,2000,83.783
bol,sex_m,age_aggregate_y55_64,eco_sector_agr,2001,94.02
bol,sex_m,age_aggregate_y55_64,eco_sector_agr,2002,87.901
bol,sex_m,age_aggregate_y55_64,eco_sector_agr,2005,85.849
bol,sex_m,age_aggregate_y55_64,eco_sector_agr,2006,107.769
bol,sex_m,age_aggregate_y55_64,eco_sector_agr,2007,87.36
bol,sex_m,age_aggregate_y55_64,eco_sector_agr,2008,127.633
bol,sex_m,age_aggregate_y55_64,eco_sector_agr,2009,123.497
bol,sex_m,age_aggregate_y55_64,eco_sector_agr,2011,117.502
bol,sex_m,age_aggregate_y55_64,eco_sector_agr,2012,108.52
bol,sex_m,age_aggregate_y55_64,eco_sector_agr,2013,134.986
bol,sex_m,age_aggregate_y55_64,eco_sector_agr,2014,128.907
bol,sex_m,age_aggregate_y55_64,eco_sector_agr,2015,143.218
bol,sex_m,age_aggregate_y55_64,eco_sector_agr,2016,132.655
bol,sex_m,age_aggregate_y55_64,eco_sector_agr,2017,141.858
bol,sex_m,age_aggregate_y55_64,eco_sector_agr,2018,152.918
bol,sex_m,age_aggregate_y55_64,eco_sector_agr,2019,138.521
bol,sex_m,age_aggregate_y55_64,eco_sector_agr,2020,154.402
bol,sex_m,age_aggregate_y55_64,eco_sector_agr,2021,139.177
bol,sex_m,age_aggregate_y55_64,eco_sector_agr,2022,136.312
bol,sex_m,age_aggregate_y55_64,eco_sector_agr,2023,145.008
bol,sex_m,age_aggregate_y55_64,eco_sector_agr,2024,144.363
bol,sex_m,age_aggregate_y55_64,eco_sector_ind,1989,7.356
bol,sex_m,age_aggregate_y55_64,eco_sector_ind,1990,5.922
bol,sex_m,age_aggregate_y55_64,eco_sector_ind,1991,11.668
bol,sex_m,age_aggregate_y55_64,eco_sector_ind,1992,11.88
bol,sex_m,age_aggregate_y55_64,eco_sector_ind,1993,10.691
bol,sex_m,age_aggregate_y55_64,eco_sector_ind,1994,10.081
bol,sex_m,age_aggregate_y55_64,eco_sector_ind,1995,11.214
bol,sex_m,age_aggregate_y55_64,eco_sector_ind,1999,23.54
bol,sex_m,age_aggregate_y55_64,eco_sector_ind,2000,32.346
bol,sex_m,age_aggregate_y55_64,eco_sector_ind,2001,29.163
bol,sex_m,age_aggregate_y55_64,eco_sector_ind,2002,32.783
bol,sex_m,age_aggregate_y55_64,eco_sector_ind,2005,40.178
bol,sex_m,age_aggregate_y55_64,eco_sector_ind,2006,40.936
bol,sex_m,age_aggregate_y55_64,eco_sector_ind,2007,49.546
bol,sex_m,age_aggregate_y55_64,eco_sector_ind,2008,56.253
bol,sex_m,age_aggregate_y55_64,eco_sector_ind,2009,62.736
bol,sex_m,age_aggregate_y55_64,eco_sector_ind,2011,57.914
bol,sex_m,age_aggregate_y55_64,eco_sector_ind,2012,57.369
bol,sex_m,age_aggregate_y55_64,eco_sector_ind,2013,63.444
bol,sex_m,age_aggregate_y55_64,eco_sector_ind,2014,64.369
bol,sex_m,age_aggregate_y55_64,eco_sector_ind,2015,68.063
bol,sex_m,age_aggregate_y55_64,eco_sector_ind,2016,67.248
bol,sex_m,age_aggregate_y55_64,eco_sector_ind,2017,70.604
bol,sex_m,age_aggregate_y55_64,eco_sector_ind,2018,71.857
bol,sex_m,age_aggregate_y55_64,eco_sector_ind,2019,78.906
bol,sex_m,age_aggregate_y55_64,eco_sector_ind,2020,69.347
bol,sex_m,age_aggregate_y55_64,eco_sector_ind,2021,81.295
bol,sex_m,age_aggregate_y55_64,eco_sector_ind,2022,86.834
bol,sex_m,age_aggregate_y55_64,eco_sector_ind,2023,82.363
bol,sex_m,age_aggregate_y55_64,eco_sector_ind,2024,93.835
bol,sex_m,age_aggregate_y55_64,eco_sector_nag,1989,33.02
bol,sex_m,age_aggregate_y55_64,eco_sector_nag,1990,30.005
bol,sex_m,age_aggregate_y55_64,eco_sector_nag,1991,33.395
bol,sex_m,age_aggregate_y55_64,eco_sector_nag,1992,29.128
bol,sex_m,age_aggregate_y55_64,eco_sector_nag,1993,32.031
bol,sex_m,age_aggregate_y55_64,eco_sector_nag,1994,32.132
bol,sex_m,age_aggregate_y55_64,eco_sector_nag,1995,33.822
bol,sex_m,age_aggregate_y55_64,eco_sector_nag,1999,178.336
bol,sex_m,age_aggregate_y55_64,eco_sector_nag,2000,78.605
bol,sex_m,age_aggregate_y55_64,eco_sector_nag,2001,72.188
bol,sex_m,age_aggregate_y55_64,eco_sector_nag,2002,82.597
bol,sex_m,age_aggregate_y55_64,eco_sector_nag,2005,119.496
bol,sex_m,age_aggregate_y55_64,eco_sector_nag,2006,114.393
bol,sex_m,age_aggregate_y55_64,eco_sector_nag,2007,115.973
bol,sex_m,age_aggregate_y55_64,eco_sector_nag,2008,154.055
bol,sex_m,age_aggregate_y55_64,eco_sector_nag,2009,161.212
bol,sex_m,age_aggregate_y55_64,eco_sector_nag,2011,174.361
bol,sex_m,age_aggregate_y55_64,eco_sector_nag,2012,187.694
bol,sex_m,age_aggregate_y55_64,eco_sector_nag,2013,189.886
bol,sex_m,age_aggregate_y55_64,eco_sector_nag,2014,187.193
bol,sex_m,age_aggregate_y55_64,eco_sector_nag,2015,205.694
bol,sex_m,age_aggregate_y55_64,eco_sector_nag,2016,199.776
bol,sex_m,age_aggregate_y55_64,eco_sector_nag,2017,204.649
bol,sex_m,age_aggregate_y55_64,eco_sector_nag,2018,208.828
bol,sex_m,age_aggregate_y55_64,eco_sector_nag,2019,235.424
bol,sex_m,age_aggregate_y55_64,eco_sector_nag,2020,223.637
bol,sex_m,age_aggregate_y55_64,eco_sector_nag,2021,229.826
bol,sex_m,age_aggregate_y55_64,eco_sector_nag,2022,246.171
bol,sex_m,age_aggregate_y55_64,eco_sector_nag,2023,249.894
bol,sex_m,age_aggregate_y55_64,eco_sector_nag,2024,271.121
bol,sex_m,age_aggregate_y55_64,eco_sector_ser,1989,24.662
bol,sex_m,age_aggregate_y55_64,eco_sector_ser,1990,23.619
bol,sex_m,age_aggregate_y55_64,eco_sector_ser,1991,21.727
bol,sex_m,age_aggregate_y55_64,eco_sector_ser,1992,17.248
bol,sex_m,age_aggregate_y55_64,eco_sector_ser,1993,21.34
bol,sex_m,age_aggregate_y55_64,eco_sector_ser,1994,22.051
bol,sex_m,age_aggregate_y55_64,eco_sector_ser,1995,22.466
bol,sex_m,age_aggregate_y55_64,eco_sector_ser,1999,142.918
bol,sex_m,age_aggregate_y55_64,eco_sector_ser,2000,45.629
bol,sex_m,age_aggregate_y55_64,eco_sector_ser,2001,42.834
bol,sex_m,age_aggregate_y55_64,eco_sector_ser,2002,49.814
bol,sex_m,age_aggregate_y55_64,eco_sector_ser,2005,79.318
bol,sex_m,age_aggregate_y55_64,eco_sector_ser,2006,73.457
bol,sex_m,age_aggregate_y55_64,eco_sector_ser,2007,66.427
bol,sex_m,age_aggregate_y55_64,eco_sector_ser,2008,97.802
bol,sex_m,age_aggregate_y55_64,eco_sector_ser,2009,98.476
bol,sex_m,age_aggregate_y55_64,eco_sector_ser,2011,116.447
bol,sex_m,age_aggregate_y55_64,eco_sector_ser,2012,130.325
bol,sex_m,age_aggregate_y55_64,eco_sector_ser,2013,126.442
bol,sex_m,age_aggregate_y55_64,eco_sector_ser,2014,122.824
bol,sex_m,age_aggregate_y55_64,eco_sector_ser,2015,137.4
bol,sex_m,age_aggregate_y55_64,eco_sector_ser,2016,132.529
bol,sex_m,age_aggregate_y55_64,eco_sector_ser,2017,134.045
bol,sex_m,age_aggregate_y55_64,eco_sector_ser,2018,136.97
bol,sex_m,age_aggregate_y55_64,eco_sector_ser,2019,156.518
bol,sex_m,age_aggregate_y55_64,eco_sector_ser,2020,154.29
bol,sex_m,age_aggregate_y55_64,eco_sector_ser,2021,148.531
bol,sex_m,age_aggregate_y55_64,eco_sector_ser,2022,159.337
bol,sex_m,age_aggregate_y55_64,eco_sector_ser,2023,167.532
bol,sex_m,age_aggregate_y55_64,eco_sector_ser,2024,177.285
bol,sex_m,age_aggregate_y55_64,eco_sector_total,1989,33.02
bol,sex_m,age_aggregate_y55_64,eco_sector_total,1990,30.005
bol,sex_m,age_aggregate_y55_64,eco_sector_total,1991,35.121
bol,sex_m,age_aggregate_y55_64,eco_sector_total,1992,30.602
bol,sex_m,age_aggregate_y55_64,eco_sector_total,1993,34.038
bol,sex_m,age_aggregate_y55_64,eco_sector_total,1994,34.201
bol,sex_m,age_aggregate_y55_64,eco_sector_total,1995,36.947
bol,sex_m,age_aggregate_y55_64,eco_sector_total,1999,178.336
bol,sex_m,age_aggregate_y55_64,eco_sector_total,2000,162.388
bol,sex_m,age_aggregate_y55_64,eco_sector_total,2001,166.208
bol,sex_m,age_aggregate_y55_64,eco_sector_total,2002,170.498
bol,sex_m,age_aggregate_y55_64,eco_sector_total,2005,205.345
bol,sex_m,age_aggregate_y55_64,eco_sector_total,2006,222.162
bol,sex_m,age_aggregate_y55_64,eco_sector_total,2007,203.333
bol,sex_m,age_aggregate_y55_64,eco_sector_total,2008,281.688
bol,sex_m,age_aggregate_y55_64,eco_sector_total,2009,284.709
bol,sex_m,age_aggregate_y55_64,eco_sector_total,2011,291.863
bol,sex_m,age_aggregate_y55_64,eco_sector_total,2012,296.214
bol,sex_m,age_aggregate_y55_64,eco_sector_total,2013,324.872
bol,sex_m,age_aggregate_y55_64,eco_sector_total,2014,316.1
bol,sex_m,age_aggregate_y55_64,eco_sector_total,2015,348.912
bol,sex_m,age_aggregate_y55_64,eco_sector_total,2016,332.432
bol,sex_m,age_aggregate_y55_64,eco_sector_total,2017,346.507
bol,sex_m,age_aggregate_y55_64,eco_sector_total,2018,361.746
bol,sex_m,age_aggregate_y55_64,eco_sector_total,2019,373.945
bol,sex_m,age_aggregate_y55_64,eco_sector_total,2020,378.039
bol,sex_m,age_aggregate_y55_64,eco_sector_total,2021,369.003
bol,sex_m,age_aggregate_y55_64,eco_sector_total,2022,382.484
bol,sex_m,age_aggregate_y55_64,eco_sector_total,2023,394.903
bol,sex_m,age_aggregate_y55_64,eco_sector_total,2024,415.483
bol,sex_m,age_aggregate_y55_64,eco_sector_x,1989,1.003
bol,sex_m,age_aggregate_y55_64,eco_sector_x,1990,0.464
bol,sex_m,age_aggregate_y55_64,eco_sector_x,1999,11.878
bol,sex_m,age_aggregate_yge65,eco_aggregate_agr,1991,1.095
bol,sex_m,age_aggregate_yge65,eco_aggregate_agr,1992,1.059
bol,sex_m,age_aggregate_yge65,eco_aggregate_agr,1993,1.115
bol,sex_m,age_aggregate_yge65,eco_aggregate_agr,1994,1.303
bol,sex_m,age_aggregate_yge65,eco_aggregate_agr,1995,1.694
bol,sex_m,age_aggregate_yge65,eco_aggregate_agr,2000,76.012
bol,sex_m,age_aggregate_yge65,eco_aggregate_agr,2001,85.891
bol,sex_m,age_aggregate_yge65,eco_aggregate_agr,2002,87.57
bol,sex_m,age_aggregate_yge65,eco_aggregate_agr,2005,113.084
bol,sex_m,age_aggregate_yge65,eco_aggregate_agr,2006,105.782
bol,sex_m,age_aggregate_yge65,eco_aggregate_agr,2007,109.254
bol,sex_m,age_aggregate_yge65,eco_aggregate_agr,2008,113.302
bol,sex_m,age_aggregate_yge65,eco_aggregate_agr,2009,119.648
bol,sex_m,age_aggregate_yge65,eco_aggregate_agr,2011,102.686
bol,sex_m,age_aggregate_yge65,eco_aggregate_agr,2012,120.044
bol,sex_m,age_aggregate_yge65,eco_aggregate_agr,2013,163.25
bol,sex_m,age_aggregate_yge65,eco_aggregate_agr,2014,139.347
bol,sex_m,age_aggregate_yge65,eco_aggregate_agr,2015,136.272
bol,sex_m,age_aggregate_yge65,eco_aggregate_agr,2016,125.649
bol,sex_m,age_aggregate_yge65,eco_aggregate_agr,2017,148.352
bol,sex_m,age_aggregate_yge65,eco_aggregate_agr,2018,163.927
bol,sex_m,age_aggregate_yge65,eco_aggregate_agr,2019,145.689
bol,sex_m,age_aggregate_yge65,eco_aggregate_agr,2020,193.536
bol,sex_m,age_aggregate_yge65,eco_aggregate_agr,2021,168.06
bol,sex_m,age_aggregate_yge65,eco_aggregate_agr,2022,154.138
bol,sex_m,age_aggregate_yge65,eco_aggregate_agr,2023,161.079
bol,sex_m,age_aggregate_yge65,eco_aggregate_agr,2024,170.057
bol,sex_m,age_aggregate_yge65,eco_aggregate_con,1991,1.94
bol,sex_m,age_aggregate_yge65,eco_aggregate_con,1992,2.834
bol,sex_m,age_aggregate_yge65,eco_aggregate_con,1993,1.153
bol,sex_m,age_aggregate_yge65,eco_aggregate_con,1994,1.699
bol,sex_m,age_aggregate_yge65,eco_aggregate_con,1995,3.456
bol,sex_m,age_aggregate_yge65,eco_aggregate_con,2000,7.801
bol,sex_m,age_aggregate_yge65,eco_aggregate_con,2001,5.824
bol,sex_m,age_aggregate_yge65,eco_aggregate_con,2002,4.091
bol,sex_m,age_aggregate_yge65,eco_aggregate_con,2005,6.725
bol,sex_m,age_aggregate_yge65,eco_aggregate_con,2006,3.239
bol,sex_m,age_aggregate_yge65,eco_aggregate_con,2007,6.52
bol,sex_m,age_aggregate_yge65,eco_aggregate_con,2008,5.808
bol,sex_m,age_aggregate_yge65,eco_aggregate_con,2009,10.237
bol,sex_m,age_aggregate_yge65,eco_aggregate_con,2011,9.709
bol,sex_m,age_aggregate_yge65,eco_aggregate_con,2012,9.564
bol,sex_m,age_aggregate_yge65,eco_aggregate_con,2013,8.669
bol,sex_m,age_aggregate_yge65,eco_aggregate_con,2014,11.978
bol,sex_m,age_aggregate_yge65,eco_aggregate_con,2015,9.131
bol,sex_m,age_aggregate_yge65,eco_aggregate_con,2016,9.69
bol,sex_m,age_aggregate_yge65,eco_aggregate_con,2017,8.444
bol,sex_m,age_aggregate_yge65,eco_aggregate_con,2018,9.531
bol,sex_m,age_aggregate_yge65,eco_aggregate_con,2019,11.578
bol,sex_m,age_aggregate_yge65,eco_aggregate_con,2020,10.308
bol,sex_m,age_aggregate_yge65,eco_aggregate_con,2021,9.957
bol,sex_m,age_aggregate_yge65,eco_aggregate_con,2022,13.014
bol,sex_m,age_aggregate_yge65,eco_aggregate_con,2023,13.031
bol,sex_m,age_aggregate_yge65,eco_aggregate_con,2024,17.128
bol,sex_m,age_aggregate_yge65,eco_aggregate_man,1989,2.553
bol,sex_m,age_aggregate_yge65,eco_aggregate_man,1990,2.007
bol,sex_m,age_aggregate_yge65,eco_aggregate_man,1991,2.041
bol,sex_m,age_aggregate_yge65,eco_aggregate_man,1992,2.837
bol,sex_m,age_aggregate_yge65,eco_aggregate_man,1993,3.59
bol,sex_m,age_aggregate_yge65,eco_aggregate_man,1994,2.719
bol,sex_m,age_aggregate_yge65,eco_aggregate_man,1995,3.527
bol,sex_m,age_aggregate_yge65,eco_aggregate_man,1999,6.624
bol,sex_m,age_aggregate_yge65,eco_aggregate_man,2000,5.684
bol,sex_m,age_aggregate_yge65,eco_aggregate_man,2001,6.207
bol,sex_m,age_aggregate_yge65,eco_aggregate_man,2002,4.541
bol,sex_m,age_aggregate_yge65,eco_aggregate_man,2005,12.266
bol,sex_m,age_aggregate_yge65,eco_aggregate_man,2006,10.837
bol,sex_m,age_aggregate_yge65,eco_aggregate_man,2007,13.317
bol,sex_m,age_aggregate_yge65,eco_aggregate_man,2008,15.79
bol,sex_m,age_aggregate_yge65,eco_aggregate_man,2009,10.064
bol,sex_m,age_aggregate_yge65,eco_aggregate_man,2011,10.439
bol,sex_m,age_aggregate_yge65,eco_aggregate_man,2012,8.087
bol,sex_m,age_aggregate_yge65,eco_aggregate_man,2013,10.415
bol,sex_m,age_aggregate_yge65,eco_aggregate_man,2014,12.224
bol,sex_m,age_aggregate_yge65,eco_aggregate_man,2015,7.325
bol,sex_m,age_aggregate_yge65,eco_aggregate_man,2016,11.376
bol,sex_m,age_aggregate_yge65,eco_aggregate_man,2017,11.528
bol,sex_m,age_aggregate_yge65,eco_aggregate_man,2018,13.949
bol,sex_m,age_aggregate_yge65,eco_aggregate_man,2019,17.029
bol,sex_m,age_aggregate_yge65,eco_aggregate_man,2020,11.241
bol,sex_m,age_aggregate_yge65,eco_aggregate_man,2021,14.374
bol,sex_m,age_aggregate_yge65,eco_aggregate_man,2022,18.246
bol,sex_m,age_aggregate_yge65,eco_aggregate_man,2023,22.053
bol,sex_m,age_aggregate_yge65,eco_aggregate_man,2024,26.156
bol,sex_m,age_aggregate_yge65,eco_aggregate_mel,1989,0.961
bol,sex_m,age_aggregate_yge65,eco_aggregate_mel,1990,1.006
bol,sex_m,age_aggregate_yge65,eco_aggregate_mel,2001,2.068
bol,sex_m,age_aggregate_yge65,eco_aggregate_mel,2011,3.694
bol,sex_m,age_aggregate_yge65,eco_aggregate_mel,2013,2.739
bol,sex_m,age_aggregate_yge65,eco_aggregate_mel,2014,1.627
bol,sex_m,age_aggregate_yge65,eco_aggregate_mel,2015,1.987
bol,sex_m,age_aggregate_yge65,eco_aggregate_mel,2016,1.954
bol,sex_m,age_aggregate_yge65,eco_aggregate_mel,2017,2.037
bol,sex_m,age_aggregate_yge65,eco_aggregate_mel,2018,2.344
bol,sex_m,age_aggregate_yge65,eco_aggregate_mel,2019,2.632
bol,sex_m,age_aggregate_yge65,eco_aggregate_mel,2021,1.944
bol,sex_m,age_aggregate_yge65,eco_aggregate_mel,2022,1.091
bol,sex_m,age_aggregate_yge65,eco_aggregate_mel,2023,2.721
bol,sex_m,age_aggregate_yge65,eco_aggregate_mel,2024,3.266
bol,sex_m,age_aggregate_yge65,eco_aggregate_mkt,1989,5.672
bol,sex_m,age_aggregate_yge65,eco_aggregate_mkt,1990,5.853
bol,sex_m,age_aggregate_yge65,eco_aggregate_mkt,1991,5.769
bol,sex_m,age_aggregate_yge65,eco_aggregate_mkt,1992,5.702
bol,sex_m,age_aggregate_yge65,eco_aggregate_mkt,1993,7.737
bol,sex_m,age_aggregate_yge65,eco_aggregate_mkt,1994,6.321
bol,sex_m,age_aggregate_yge65,eco_aggregate_mkt,1995,7.295
bol,sex_m,age_aggregate_yge65,eco_aggregate_mkt,1999,115.452
bol,sex_m,age_aggregate_yge65,eco_aggregate_mkt,2000,19.484
bol,sex_m,age_aggregate_yge65,eco_aggregate_mkt,2001,11.298
bol,sex_m,age_aggregate_yge65,eco_aggregate_mkt,2002,14.415
bol,sex_m,age_aggregate_yge65,eco_aggregate_mkt,2005,23.291
bol,sex_m,age_aggregate_yge65,eco_aggregate_mkt,2006,21.323
bol,sex_m,age_aggregate_yge65,eco_aggregate_mkt,2007,24.973
bol,sex_m,age_aggregate_yge65,eco_aggregate_mkt,2008,27.646
bol,sex_m,age_aggregate_yge65,eco_aggregate_mkt,2009,28.822
bol,sex_m,age_aggregate_yge65,eco_aggregate_mkt,2011,36.245
bol,sex_m,age_aggregate_yge65,eco_aggregate_mkt,2012,34.979
bol,sex_m,age_aggregate_yge65,eco_aggregate_mkt,2013,38.514
bol,sex_m,age_aggregate_yge65,eco_aggregate_mkt,2014,36.329
bol,sex_m,age_aggregate_yge65,eco_aggregate_mkt,2015,39.334
bol,sex_m,age_aggregate_yge65,eco_aggregate_mkt,2016,40.789
bol,sex_m,age_aggregate_yge65,eco_aggregate_mkt,2017,45.981
bol,sex_m,age_aggregate_yge65,eco_aggregate_mkt,2018,49.925
bol,sex_m,age_aggregate_yge65,eco_aggregate_mkt,2019,53.15
bol,sex_m,age_aggregate_yge65,eco_aggregate_mkt,2020,50.187
bol,sex_m,age_aggregate_yge65,eco_aggregate_mkt,2021,60.152
bol,sex_m,age_aggregate_yge65,eco_aggregate_mkt,2022,70.723
bol,sex_m,age_aggregate_yge65,eco_aggregate_mkt,2023,80.746
bol,sex_m,age_aggregate_yge65,eco_aggregate_mkt,2024,82.407
bol,sex_m,age_aggregate_yge65,eco_aggregate_pub,1989,4.334
bol,sex_m,age_aggregate_yge65,eco_aggregate_pub,1990,5.709
bol,sex_m,age_aggregate_yge65,eco_aggregate_pub,1991,1.702
bol,sex_m,age_aggregate_yge65,eco_aggregate_pub,1992,1.671
bol,sex_m,age_aggregate_yge65,eco_aggregate_pub,1993,2.392
bol,sex_m,age_aggregate_yge65,eco_aggregate_pub,1994,2.914
bol,sex_m,age_aggregate_yge65,eco_aggregate_pub,1995,3.087
bol,sex_m,age_aggregate_yge65,eco_aggregate_pub,1999,3.317
bol,sex_m,age_aggregate_yge65,eco_aggregate_pub,2000,5.185
bol,sex_m,age_aggregate_yge65,eco_aggregate_pub,2001,6.51
bol,sex_m,age_aggregate_yge65,eco_aggregate_pub,2002,4.685
bol,sex_m,age_aggregate_yge65,eco_aggregate_pub,2005,6.806
bol,sex_m,age_aggregate_yge65,eco_aggregate_pub,2006,5.988
bol,sex_m,age_aggregate_yge65,eco_aggregate_pub,2007,12.707
bol,sex_m,age_aggregate_yge65,eco_aggregate_pub,2008,7.032
bol,sex_m,age_aggregate_yge65,eco_aggregate_pub,2009,7.934
bol,sex_m,age_aggregate_yge65,eco_aggregate_pub,2011,11.18
bol,sex_m,age_aggregate_yge65,eco_aggregate_pub,2012,12.664
bol,sex_m,age_aggregate_yge65,eco_aggregate_pub,2013,16.352
bol,sex_m,age_aggregate_yge65,eco_aggregate_pub,2014,13.263
bol,sex_m,age_aggregate_yge65,eco_aggregate_pub,2015,14.2
bol,sex_m,age_aggregate_yge65,eco_aggregate_pub,2016,15.626
bol,sex_m,age_aggregate_yge65,eco_aggregate_pub,2017,16.403
bol,sex_m,age_aggregate_yge65,eco_aggregate_pub,2018,20.39
bol,sex_m,age_aggregate_yge65,eco_aggregate_pub,2019,21.911
bol,sex_m,age_aggregate_yge65,eco_aggregate_pub,2020,23.903
bol,sex_m,age_aggregate_yge65,eco_aggregate_pub,2021,20.576
bol,sex_m,age_aggregate_yge65,eco_aggregate_pub,2022,19.364
bol,sex_m,age_aggregate_yge65,eco_aggregate_pub,2023,23.656
bol,sex_m,age_aggregate_yge65,eco_aggregate_pub,2024,25.859
bol,sex_m,age_aggregate_yge65,eco_aggregate_total,1989,13.86
bol,sex_m,age_aggregate_yge65,eco_aggregate_total,1990,15.251
bol,sex_m,age_aggregate_yge65,eco_aggregate_total,1991,12.774
bol,sex_m,age_aggregate_yge65,eco_aggregate_total,1992,14.374
bol,sex_m,age_aggregate_yge65,eco_aggregate_total,1993,16.168
bol,sex_m,age_aggregate_yge65,eco_aggregate_total,1994,15.042
bol,sex_m,age_aggregate_yge65,eco_aggregate_total,1995,19.293
bol,sex_m,age_aggregate_yge65,eco_aggregate_total,1999,131.271
bol,sex_m,age_aggregate_yge65,eco_aggregate_total,2000,115.755
bol,sex_m,age_aggregate_yge65,eco_aggregate_total,2001,118.384
bol,sex_m,age_aggregate_yge65,eco_aggregate_total,2002,115.981
bol,sex_m,age_aggregate_yge65,eco_aggregate_total,2005,162.172
bol,sex_m,age_aggregate_yge65,eco_aggregate_total,2006,147.346
bol,sex_m,age_aggregate_yge65,eco_aggregate_total,2007,167.491
bol,sex_m,age_aggregate_yge65,eco_aggregate_total,2008,171.839
bol,sex_m,age_aggregate_yge65,eco_aggregate_total,2009,177.412
bol,sex_m,age_aggregate_yge65,eco_aggregate_total,2011,173.953
bol,sex_m,age_aggregate_yge65,eco_aggregate_total,2012,186.541
bol,sex_m,age_aggregate_yge65,eco_aggregate_total,2013,239.939
bol,sex_m,age_aggregate_yge65,eco_aggregate_total,2014,214.768
bol,sex_m,age_aggregate_yge65,eco_aggregate_total,2015,208.472
bol,sex_m,age_aggregate_yge65,eco_aggregate_total,2016,205.083
bol,sex_m,age_aggregate_yge65,eco_aggregate_total,2017,232.744
bol,sex_m,age_aggregate_yge65,eco_aggregate_total,2018,260.066
bol,sex_m,age_aggregate_yge65,eco_aggregate_total,2019,251.988
bol,sex_m,age_aggregate_yge65,eco_aggregate_total,2020,291.858
bol,sex_m,age_aggregate_yge65,eco_aggregate_total,2021,275.062
bol,sex_m,age_aggregate_yge65,eco_aggregate_total,2022,276.577
bol,sex_m,age_aggregate_yge65,eco_aggregate_total,2023,303.286
bol,sex_m,age_aggregate_yge65,eco_aggregate_total,2024,325.105
bol,sex_m,age_aggregate_yge65,eco_aggregate_x,1989,0.341
bol,sex_m,age_aggregate_yge65,eco_aggregate_x,1990,0.676
bol,sex_m,age_aggregate_yge65,eco_aggregate_x,1999,5.241
bol,sex_m,age_aggregate_yge65,eco_aggregate_x,2024,0.233
bol,sex_m,age_aggregate_yge65,eco_isic3_a,1991,1.095
bol,sex_m,age_aggregate_yge65,eco_isic3_a,1992,1.059
bol,sex_m,age_aggregate_yge65,eco_isic3_a,1993,1.115
bol,sex_m,age_aggregate_yge65,eco_isic3_a,1994,1.303
bol,sex_m,age_aggregate_yge65,eco_isic3_a,1995,1.694
bol,sex_m,age_aggregate_yge65,eco_isic3_a,2000,76.012
bol,sex_m,age_aggregate_yge65,eco_isic3_a,2001,85.891
bol,sex_m,age_aggregate_yge65,eco_isic3_a,2002,87.57
bol,sex_m,age_aggregate_yge65,eco_isic3_a,2005,113.084
bol,sex_m,age_aggregate_yge65,eco_isic3_a,2006,105.782
bol,sex_m,age_aggregate_yge65,eco_isic3_a,2007,109.254
bol,sex_m,age_aggregate_yge65,eco_isic3_a,2008,113.302
bol,sex_m,age_aggregate_yge65,eco_isic3_a,2009,119.191
bol,sex_m,age_aggregate_yge65,eco_isic3_c,1989,0.961
bol,sex_m,age_aggregate_yge65,eco_isic3_c,1990,0.968
bol,sex_m,age_aggregate_yge65,eco_isic3_c,2001,2.068
bol,sex_m,age_aggregate_yge65,eco_isic3_d,1989,2.553
bol,sex_m,age_aggregate_yge65,eco_isic3_d,1990,2.007
bol,sex_m,age_aggregate_yge65,eco_isic3_d,1991,2.041
bol,sex_m,age_aggregate_yge65,eco_isic3_d,1992,2.837
bol,sex_m,age_aggregate_yge65,eco_isic3_d,1993,3.59
bol,sex_m,age_aggregate_yge65,eco_isic3_d,1994,2.719
bol,sex_m,age_aggregate_yge65,eco_isic3_d,1995,3.527
bol,sex_m,age_aggregate_yge65,eco_isic3_d,1999,6.624
bol,sex_m,age_aggregate_yge65,eco_isic3_d,2000,5.684
bol,sex_m,age_aggregate_yge65,eco_isic3_d,2001,6.207
bol,sex_m,age_aggregate_yge65,eco_isic3_d,2002,4.541
bol,sex_m,age_aggregate_yge65,eco_isic3_d,2005,12.266
bol,sex_m,age_aggregate_yge65,eco_isic3_d,2006,10.837
bol,sex_m,age_aggregate_yge65,eco_isic3_d,2007,13.317
bol,sex_m,age_aggregate_yge65,eco_isic3_d,2008,15.79
bol,sex_m,age_aggregate_yge65,eco_isic3_d,2009,10.064
bol,sex_m,age_aggregate_yge65,eco_isic3_f,1991,1.94
bol,sex_m,age_aggregate_yge65,eco_isic3_f,1992,2.834
bol,sex_m,age_aggregate_yge65,eco_isic3_f,1993,1.153
bol,sex_m,age_aggregate_yge65,eco_isic3_f,1994,1.699
bol,sex_m,age_aggregate_yge65,eco_isic3_f,1995,3.456
bol,sex_m,age_aggregate_yge65,eco_isic3_f,2000,7.801
bol,sex_m,age_aggregate_yge65,eco_isic3_f,2001,5.824
bol,sex_m,age_aggregate_yge65,eco_isic3_f,2002,4.091
bol,sex_m,age_aggregate_yge65,eco_isic3_f,2005,6.725
bol,sex_m,age_aggregate_yge65,eco_isic3_f,2006,3.239
bol,sex_m,age_aggregate_yge65,eco_isic3_f,2007,6.52
bol,sex_m,age_aggregate_yge65,eco_isic3_f,2008,5.808
bol,sex_m,age_aggregate_yge65,eco_isic3_f,2009,10.237
bol,sex_m,age_aggregate_yge65,eco_isic3_g,1989,1.056
bol,sex_m,age_aggregate_yge65,eco_isic3_g,1990,1.234
bol,sex_m,age_aggregate_yge65,eco_isic3_g,1991,3.713
bol,sex_m,age_aggregate_yge65,eco_isic3_g,1992,3.342
bol,sex_m,age_aggregate_yge65,eco_isic3_g,1993,4.44
bol,sex_m,age_aggregate_yge65,eco_isic3_g,1994,3.892
bol,sex_m,age_aggregate_yge65,eco_isic3_g,1995,4.27
bol,sex_m,age_aggregate_yge65,eco_isic3_g,1999,4.533
bol,sex_m,age_aggregate_yge65,eco_isic3_g,2000,14.109
bol,sex_m,age_aggregate_yge65,eco_isic3_g,2001,6.402
bol,sex_m,age_aggregate_yge65,eco_isic3_g,2002,8.174
bol,sex_m,age_aggregate_yge65,eco_isic3_g,2005,12.874
bol,sex_m,age_aggregate_yge65,eco_isic3_g,2006,12.494
bol,sex_m,age_aggregate_yge65,eco_isic3_g,2007,14.542
bol,sex_m,age_aggregate_yge65,eco_isic3_g,2008,17.449
bol,sex_m,age_aggregate_yge65,eco_isic3_g,2009,18.036
bol,sex_m,age_aggregate_yge65,eco_isic3_h,1991,0.549
bol,sex_m,age_aggregate_yge65,eco_isic3_h,1994,0.961
bol,sex_m,age_aggregate_yge65,eco_isic3_h,1995,0.642
bol,sex_m,age_aggregate_yge65,eco_isic3_h,2000,2.385
bol,sex_m,age_aggregate_yge65,eco_isic3_h,2002,2.073
bol,sex_m,age_aggregate_yge65,eco_isic3_h,2005,4.486
bol,sex_m,age_aggregate_yge65,eco_isic3_h,2009,3.338
bol,sex_m,age_aggregate_yge65,eco_isic3_i,1989,3.95
bol,sex_m,age_aggregate_yge65,eco_isic3_i,1990,3.331
bol,sex_m,age_aggregate_yge65,eco_isic3_i,1991,0.928
bol,sex_m,age_aggregate_yge65,eco_isic3_i,1992,1.108
bol,sex_m,age_aggregate_yge65,eco_isic3_i,1993,1.05
bol,sex_m,age_aggregate_yge65,eco_isic3_i,1994,0.916
bol,sex_m,age_aggregate_yge65,eco_isic3_i,1995,1.352
bol,sex_m,age_aggregate_yge65,eco_isic3_i,1999,97.594
bol,sex_m,age_aggregate_yge65,eco_isic3_i,2001,3.034
bol,sex_m,age_aggregate_yge65,eco_isic3_i,2002,2.777
bol,sex_m,age_aggregate_yge65,eco_isic3_i,2005,3.858
bol,sex_m,age_aggregate_yge65,eco_isic3_i,2006,2.981
bol,sex_m,age_aggregate_yge65,eco_isic3_i,2007,5.155
bol,sex_m,age_aggregate_yge65,eco_isic3_i,2009,7.448
bol,sex_m,age_aggregate_yge65,eco_isic3_k,1989,0.667
bol,sex_m,age_aggregate_yge65,eco_isic3_k,1990,1.288
bol,sex_m,age_aggregate_yge65,eco_isic3_k,1991,0.547
bol,sex_m,age_aggregate_yge65,eco_isic3_k,1992,0.732
bol,sex_m,age_aggregate_yge65,eco_isic3_k,1993,1.521
bol,sex_m,age_aggregate_yge65,eco_isic3_k,1994,0.552
bol,sex_m,age_aggregate_yge65,eco_isic3_k,1995,1.031
bol,sex_m,age_aggregate_yge65,eco_isic3_k,1999,13.325
bol,sex_m,age_aggregate_yge65,eco_isic3_k,2006,3.999
bol,sex_m,age_aggregate_yge65,eco_isic3_k,2008,7.583
bol,sex_m,age_aggregate_yge65,eco_isic3_l,1993,0.706
bol,sex_m,age_aggregate_yge65,eco_isic3_l,1994,0.563
bol,sex_m,age_aggregate_yge65,eco_isic3_l,1995,0.415
bol,sex_m,age_aggregate_yge65,eco_isic3_l,2002,1.37
bol,sex_m,age_aggregate_yge65,eco_isic3_m,1989,0.436
bol,sex_m,age_aggregate_yge65,eco_isic3_m,1991,0.312
bol,sex_m,age_aggregate_yge65,eco_isic3_m,1994,0.59
bol,sex_m,age_aggregate_yge65,eco_isic3_m,2005,1.467
bol,sex_m,age_aggregate_yge65,eco_isic3_m,2008,3.641
bol,sex_m,age_aggregate_yge65,eco_isic3_m,2009,3.449
bol,sex_m,age_aggregate_yge65,eco_isic3_n,1993,0.927
bol,sex_m,age_aggregate_yge65,eco_isic3_n,2000,2.002
bol,sex_m,age_aggregate_yge65,eco_isic3_n,2001,2.443
bol,sex_m,age_aggregate_yge65,eco_isic3_n,2007,4.046
bol,sex_m,age_aggregate_yge65,eco_isic3_o,1989,1.476
bol,sex_m,age_aggregate_yge65,eco_isic3_o,1990,2.526
bol,sex_m,age_aggregate_yge65,eco_isic3_o,1991,1.152
bol,sex_m,age_aggregate_yge65,eco_isic3_o,1992,0.555
bol,sex_m,age_aggregate_yge65,eco_isic3_o,1994,0.792
bol,sex_m,age_aggregate_yge65,eco_isic3_o,1995,1.548
bol,sex_m,age_aggregate_yge65,eco_isic3_o,1999,3.317
bol,sex_m,age_aggregate_yge65,eco_isic3_o,2000,2.342
bol,sex_m,age_aggregate_yge65,eco_isic3_o,2001,2.592
bol,sex_m,age_aggregate_yge65,eco_isic3_o,2007,6.903
bol,sex_m,age_aggregate_yge65,eco_isic3_p,1989,2.421
bol,sex_m,age_aggregate_yge65,eco_isic3_p,1990,2.039
bol,sex_m,age_aggregate_yge65,eco_isic3_p,1994,0.574
bol,sex_m,age_aggregate_yge65,eco_isic3_total,1989,13.86
bol,sex_m,age_aggregate_yge65,eco_isic3_total,1990,15.251
bol,sex_m,age_aggregate_yge65,eco_isic3_total,1991,12.774
bol,sex_m,age_aggregate_yge65,eco_isic3_total,1992,14.374
bol,sex_m,age_aggregate_yge65,eco_isic3_total,1993,16.168
bol,sex_m,age_aggregate_yge65,eco_isic3_total,1994,15.042
bol,sex_m,age_aggregate_yge65,eco_isic3_total,1995,19.293
bol,sex_m,age_aggregate_yge65,eco_isic3_total,1999,131.271
bol,sex_m,age_aggregate_yge65,eco_isic3_total,2000,115.755
bol,sex_m,age_aggregate_yge65,eco_isic3_total,2001,118.384
bol,sex_m,age_aggregate_yge65,eco_isic3_total,2002,115.981
bol,sex_m,age_aggregate_yge65,eco_isic3_total,2005,162.172
bol,sex_m,age_aggregate_yge65,eco_isic3_total,2006,147.346
bol,sex_m,age_aggregate_yge65,eco_isic3_total,2007,167.491
bol,sex_m,age_aggregate_yge65,eco_isic3_total,2008,171.839
bol,sex_m,age_aggregate_yge65,eco_isic3_total,2009,177.412
bol,sex_m,age_aggregate_yge65,eco_isic3_x,1989,0.341
bol,sex_m,age_aggregate_yge65,eco_isic3_x,1990,0.676
bol,sex_m,age_aggregate_yge65,eco_isic3_x,1999,5.241
bol,sex_m,age_aggregate_yge65,eco_isic4_a,2011,102.686
bol,sex_m,age_aggregate_yge65,eco_isic4_a,2012,120.044
bol,sex_m,age_aggregate_yge65,eco_isic4_a,2013,163.25
bol,sex_m,age_aggregate_yge65,eco_isic4_a,2014,139.347
bol,sex_m,age_aggregate_yge65,eco_isic4_a,2015,136.272
bol,sex_m,age_aggregate_yge65,eco_isic4_a,2016,125.649
bol,sex_m,age_aggregate_yge65,eco_isic4_a,2017,148.352
bol,sex_m,age_aggregate_yge65,eco_isic4_a,2018,163.927
bol,sex_m,age_aggregate_yge65,eco_isic4_a,2019,145.689
bol,sex_m,age_aggregate_yge65,eco_isic4_a,2020,193.536
bol,sex_m,age_aggregate_yge65,eco_isic4_a,2021,168.06
bol,sex_m,age_aggregate_yge65,eco_isic4_a,2022,154.138
bol,sex_m,age_aggregate_yge65,eco_isic4_a,2023,161.079
bol,sex_m,age_aggregate_yge65,eco_isic4_a,2024,170.057
bol,sex_m,age_aggregate_yge65,eco_isic4_b,2011,3.694
bol,sex_m,age_aggregate_yge65,eco_isic4_b,2013,2.739
bol,sex_m,age_aggregate_yge65,eco_isic4_b,2014,1.464
bol,sex_m,age_aggregate_yge65,eco_isic4_b,2015,1.987
bol,sex_m,age_aggregate_yge65,eco_isic4_b,2016,1.55
bol,sex_m,age_aggregate_yge65,eco_isic4_b,2017,1.792
bol,sex_m,age_aggregate_yge65,eco_isic4_b,2018,2.019
bol,sex_m,age_aggregate_yge65,eco_isic4_b,2019,2.008
bol,sex_m,age_aggregate_yge65,eco_isic4_b,2021,1.551
bol,sex_m,age_aggregate_yge65,eco_isic4_b,2022,1.018
bol,sex_m,age_aggregate_yge65,eco_isic4_b,2023,2.481
bol,sex_m,age_aggregate_yge65,eco_isic4_b,2024,2.105
bol,sex_m,age_aggregate_yge65,eco_isic4_c,2011,10.439
bol,sex_m,age_aggregate_yge65,eco_isic4_c,2012,8.087
bol,sex_m,age_aggregate_yge65,eco_isic4_c,2013,10.415
bol,sex_m,age_aggregate_yge65,eco_isic4_c,2014,12.224
bol,sex_m,age_aggregate_yge65,eco_isic4_c,2015,7.325
bol,sex_m,age_aggregate_yge65,eco_isic4_c,2016,11.376
bol,sex_m,age_aggregate_yge65,eco_isic4_c,2017,11.528
bol,sex_m,age_aggregate_yge65,eco_isic4_c,2018,13.949
bol,sex_m,age_aggregate_yge65,eco_isic4_c,2019,17.029
bol,sex_m,age_aggregate_yge65,eco_isic4_c,2020,11.241
bol,sex_m,age_aggregate_yge65,eco_isic4_c,2021,14.374
bol,sex_m,age_aggregate_yge65,eco_isic4_c,2022,18.246
bol,sex_m,age_aggregate_yge65,eco_isic4_c,2023,22.053
bol,sex_m,age_aggregate_yge65,eco_isic4_c,2024,26.156
bol,sex_m,age_aggregate_yge65,eco_isic4_d,2021,0.177
bol,sex_m,age_aggregate_yge65,eco_isic4_d,2022,0.074
bol,sex_m,age_aggregate_yge65,eco_isic4_d,2023,0.092
bol,sex_m,age_aggregate_yge65,eco_isic4_d,2024,0.701
bol,sex_m,age_aggregate_yge65,eco_isic4_e,2016,0.316
bol,sex_m,age_aggregate_yge65,eco_isic4_e,2017,0.095
bol,sex_m,age_aggregate_yge65,eco_isic4_e,2018,0.233
bol,sex_m,age_aggregate_yge65,eco_isic4_e,2019,0.624
bol,sex_m,age_aggregate_yge65,eco_isic4_e,2021,0.216
bol,sex_m,age_aggregate_yge65,eco_isic4_e,2023,0.148
bol,sex_m,age_aggregate_yge65,eco_isic4_e,2024,0.46
bol,sex_m,age_aggregate_yge65,eco_isic4_f,2011,9.709
bol,sex_m,age_aggregate_yge65,eco_isic4_f,2012,9.564
bol,sex_m,age_aggregate_yge65,eco_isic4_f,2013,8.669
bol,sex_m,age_aggregate_yge65,eco_isic4_f,2014,11.978
bol,sex_m,age_aggregate_yge65,eco_isic4_f,2015,9.131
bol,sex_m,age_aggregate_yge65,eco_isic4_f,2016,9.69
bol,sex_m,age_aggregate_yge65,eco_isic4_f,2017,8.444
bol,sex_m,age_aggregate_yge65,eco_isic4_f,2018,9.531
bol,sex_m,age_aggregate_yge65,eco_isic4_f,2019,11.578
bol,sex_m,age_aggregate_yge65,eco_isic4_f,2020,10.308
bol,sex_m,age_aggregate_yge65,eco_isic4_f,2021,9.957
bol,sex_m,age_aggregate_yge65,eco_isic4_f,2022,13.014
bol,sex_m,age_aggregate_yge65,eco_isic4_f,2023,13.031
bol,sex_m,age_aggregate_yge65,eco_isic4_f,2024,17.128
bol,sex_m,age_aggregate_yge65,eco_isic4_g,2011,18.83
bol,sex_m,age_aggregate_yge65,eco_isic4_g,2012,18.036
bol,sex_m,age_aggregate_yge65,eco_isic4_g,2013,20.157
bol,sex_m,age_aggregate_yge65,eco_isic4_g,2014,20.471
bol,sex_m,age_aggregate_yge65,eco_isic4_g,2015,18.905
bol,sex_m,age_aggregate_yge65,eco_isic4_g,2016,20.923
bol,sex_m,age_aggregate_yge65,eco_isic4_g,2017,21.628
bol,sex_m,age_aggregate_yge65,eco_isic4_g,2018,25.276
bol,sex_m,age_aggregate_yge65,eco_isic4_g,2019,26.25
bol,sex_m,age_aggregate_yge65,eco_isic4_g,2020,26.41
bol,sex_m,age_aggregate_yge65,eco_isic4_g,2021,26.961
bol,sex_m,age_aggregate_yge65,eco_isic4_g,2022,29.85
bol,sex_m,age_aggregate_yge65,eco_isic4_g,2023,38.238
bol,sex_m,age_aggregate_yge65,eco_isic4_g,2024,35.923
bol,sex_m,age_aggregate_yge65,eco_isic4_h,2011,10.878
bol,sex_m,age_aggregate_yge65,eco_isic4_h,2012,7.053
bol,sex_m,age_aggregate_yge65,eco_isic4_h,2013,8.423
bol,sex_m,age_aggregate_yge65,eco_isic4_h,2014,8.483
bol,sex_m,age_aggregate_yge65,eco_isic4_h,2015,9.343
bol,sex_m,age_aggregate_yge65,eco_isic4_h,2016,8.944
bol,sex_m,age_aggregate_yge65,eco_isic4_h,2017,10.403
bol,sex_m,age_aggregate_yge65,eco_isic4_h,2018,10.038
bol,sex_m,age_aggregate_yge65,eco_isic4_h,2019,11.653
bol,sex_m,age_aggregate_yge65,eco_isic4_h,2020,9.624
bol,sex_m,age_aggregate_yge65,eco_isic4_h,2021,14.543
bol,sex_m,age_aggregate_yge65,eco_isic4_h,2022,18.54
bol,sex_m,age_aggregate_yge65,eco_isic4_h,2023,21.506
bol,sex_m,age_aggregate_yge65,eco_isic4_h,2024,20.53
bol,sex_m,age_aggregate_yge65,eco_isic4_i,2011,1.756
bol,sex_m,age_aggregate_yge65,eco_isic4_i,2012,6.084
bol,sex_m,age_aggregate_yge65,eco_isic4_i,2013,1.769
bol,sex_m,age_aggregate_yge65,eco_isic4_i,2014,2.267
bol,sex_m,age_aggregate_yge65,eco_isic4_i,2015,3.575
bol,sex_m,age_aggregate_yge65,eco_isic4_i,2016,3.566
bol,sex_m,age_aggregate_yge65,eco_isic4_i,2017,4.333
bol,sex_m,age_aggregate_yge65,eco_isic4_i,2018,5.215
bol,sex_m,age_aggregate_yge65,eco_isic4_i,2019,5.391
bol,sex_m,age_aggregate_yge65,eco_isic4_i,2020,6.652
bol,sex_m,age_aggregate_yge65,eco_isic4_i,2021,5.346
bol,sex_m,age_aggregate_yge65,eco_isic4_i,2022,7.214
bol,sex_m,age_aggregate_yge65,eco_isic4_i,2023,6.654
bol,sex_m,age_aggregate_yge65,eco_isic4_i,2024,10.455
bol,sex_m,age_aggregate_yge65,eco_isic4_j,2017,0.148
bol,sex_m,age_aggregate_yge65,eco_isic4_j,2018,0.508
bol,sex_m,age_aggregate_yge65,eco_isic4_j,2019,0.957
bol,sex_m,age_aggregate_yge65,eco_isic4_j,2021,0.494
bol,sex_m,age_aggregate_yge65,eco_isic4_j,2022,1.11
bol,sex_m,age_aggregate_yge65,eco_isic4_j,2024,0.999
bol,sex_m,age_aggregate_yge65,eco_isic4_k,2016,0.377
bol,sex_m,age_aggregate_yge65,eco_isic4_k,2017,0.337
bol,sex_m,age_aggregate_yge65,eco_isic4_k,2018,0.513
bol,sex_m,age_aggregate_yge65,eco_isic4_k,2019,0.299
bol,sex_m,age_aggregate_yge65,eco_isic4_k,2024,0.647
bol,sex_m,age_aggregate_yge65,eco_isic4_l,2016,2.07
bol,sex_m,age_aggregate_yge65,eco_isic4_l,2017,3.923
bol,sex_m,age_aggregate_yge65,eco_isic4_l,2018,3.715
bol,sex_m,age_aggregate_yge65,eco_isic4_l,2019,3.813
bol,sex_m,age_aggregate_yge65,eco_isic4_l,2021,4.427
bol,sex_m,age_aggregate_yge65,eco_isic4_l,2022,4.315
bol,sex_m,age_aggregate_yge65,eco_isic4_l,2023,3.812
bol,sex_m,age_aggregate_yge65,eco_isic4_l,2024,3.699
bol,sex_m,age_aggregate_yge65,eco_isic4_m,2011,3.521
bol,sex_m,age_aggregate_yge65,eco_isic4_m,2013,5.081
bol,sex_m,age_aggregate_yge65,eco_isic4_m,2014,2.581
bol,sex_m,age_aggregate_yge65,eco_isic4_m,2015,4.334
bol,sex_m,age_aggregate_yge65,eco_isic4_m,2016,3.023
bol,sex_m,age_aggregate_yge65,eco_isic4_m,2017,3.683
bol,sex_m,age_aggregate_yge65,eco_isic4_m,2018,3.305
bol,sex_m,age_aggregate_yge65,eco_isic4_m,2019,2.767
bol,sex_m,age_aggregate_yge65,eco_isic4_m,2020,3.97
bol,sex_m,age_aggregate_yge65,eco_isic4_m,2021,3.905
bol,sex_m,age_aggregate_yge65,eco_isic4_m,2022,4.852
bol,sex_m,age_aggregate_yge65,eco_isic4_m,2023,6.429
bol,sex_m,age_aggregate_yge65,eco_isic4_m,2024,5.46
bol,sex_m,age_aggregate_yge65,eco_isic4_n,2012,1.198
bol,sex_m,age_aggregate_yge65,eco_isic4_n,2013,1.574
bol,sex_m,age_aggregate_yge65,eco_isic4_n,2014,2.344
bol,sex_m,age_aggregate_yge65,eco_isic4_n,2015,1.697
bol,sex_m,age_aggregate_yge65,eco_isic4_n,2016,1.717
bol,sex_m,age_aggregate_yge65,eco_isic4_n,2017,1.526
bol,sex_m,age_aggregate_yge65,eco_isic4_n,2018,1.354
bol,sex_m,age_aggregate_yge65,eco_isic4_n,2019,2.019
bol,sex_m,age_aggregate_yge65,eco_isic4_n,2020,2.102
bol,sex_m,age_aggregate_yge65,eco_isic4_n,2021,4.295
bol,sex_m,age_aggregate_yge65,eco_isic4_n,2022,4.643
bol,sex_m,age_aggregate_yge65,eco_isic4_n,2023,3.493
bol,sex_m,age_aggregate_yge65,eco_isic4_n,2024,4.695
bol,sex_m,age_aggregate_yge65,eco_isic4_o,2013,1.165
bol,sex_m,age_aggregate_yge65,eco_isic4_o,2014,1.822
bol,sex_m,age_aggregate_yge65,eco_isic4_o,2015,1.966
bol,sex_m,age_aggregate_yge65,eco_isic4_o,2016,2.677
bol,sex_m,age_aggregate_yge65,eco_isic4_o,2017,2.244
bol,sex_m,age_aggregate_yge65,eco_isic4_o,2018,2.12
bol,sex_m,age_aggregate_yge65,eco_isic4_o,2019,2.606
bol,sex_m,age_aggregate_yge65,eco_isic4_o,2020,1.8
bol,sex_m,age_aggregate_yge65,eco_isic4_o,2021,2.201
bol,sex_m,age_aggregate_yge65,eco_isic4_o,2022,1.295
bol,sex_m,age_aggregate_yge65,eco_isic4_o,2023,1.65
bol,sex_m,age_aggregate_yge65,eco_isic4_o,2024,2.55
bol,sex_m,age_aggregate_yge65,eco_isic4_p,2011,3.127
bol,sex_m,age_aggregate_yge65,eco_isic4_p,2012,4.056
bol,sex_m,age_aggregate_yge65,eco_isic4_p,2013,6.321
bol,sex_m,age_aggregate_yge65,eco_isic4_p,2014,5.241
bol,sex_m,age_aggregate_yge65,eco_isic4_p,2015,2.63
bol,sex_m,age_aggregate_yge65,eco_isic4_p,2016,4.442
bol,sex_m,age_aggregate_yge65,eco_isic4_p,2017,4.537
bol,sex_m,age_aggregate_yge65,eco_isic4_p,2018,5.466
bol,sex_m,age_aggregate_yge65,eco_isic4_p,2019,5.416
bol,sex_m,age_aggregate_yge65,eco_isic4_p,2020,6.84
bol,sex_m,age_aggregate_yge65,eco_isic4_p,2021,8.728
bol,sex_m,age_aggregate_yge65,eco_isic4_p,2022,8.705
bol,sex_m,age_aggregate_yge65,eco_isic4_p,2023,11.55
bol,sex_m,age_aggregate_yge65,eco_isic4_p,2024,11.687
bol,sex_m,age_aggregate_yge65,eco_isic4_q,2011,1.195
bol,sex_m,age_aggregate_yge65,eco_isic4_q,2012,2.999
bol,sex_m,age_aggregate_yge65,eco_isic4_q,2013,2.95
bol,sex_m,age_aggregate_yge65,eco_isic4_q,2014,2.826
bol,sex_m,age_aggregate_yge65,eco_isic4_q,2015,3.601
bol,sex_m,age_aggregate_yge65,eco_isic4_q,2016,2.755
bol,sex_m,age_aggregate_yge65,eco_isic4_q,2017,2.926
bol,sex_m,age_aggregate_yge65,eco_isic4_q,2018,4.446
bol,sex_m,age_aggregate_yge65,eco_isic4_q,2019,3.711
bol,sex_m,age_aggregate_yge65,eco_isic4_q,2020,6.185
bol,sex_m,age_aggregate_yge65,eco_isic4_q,2021,2.071
bol,sex_m,age_aggregate_yge65,eco_isic4_q,2022,1.709
bol,sex_m,age_aggregate_yge65,eco_isic4_q,2023,3.154
bol,sex_m,age_aggregate_yge65,eco_isic4_q,2024,3.104
bol,sex_m,age_aggregate_yge65,eco_isic4_r,2016,1.109
bol,sex_m,age_aggregate_yge65,eco_isic4_r,2017,0.706
bol,sex_m,age_aggregate_yge65,eco_isic4_r,2018,1.752
bol,sex_m,age_aggregate_yge65,eco_isic4_r,2019,1.887
bol,sex_m,age_aggregate_yge65,eco_isic4_r,2021,0.648
bol,sex_m,age_aggregate_yge65,eco_isic4_r,2022,1.438
bol,sex_m,age_aggregate_yge65,eco_isic4_r,2023,1.034
bol,sex_m,age_aggregate_yge65,eco_isic4_r,2024,1.489
bol,sex_m,age_aggregate_yge65,eco_isic4_s,2011,4.756
bol,sex_m,age_aggregate_yge65,eco_isic4_s,2012,2.51
bol,sex_m,age_aggregate_yge65,eco_isic4_s,2013,4.274
bol,sex_m,age_aggregate_yge65,eco_isic4_s,2014,1.924
bol,sex_m,age_aggregate_yge65,eco_isic4_s,2015,3.216
bol,sex_m,age_aggregate_yge65,eco_isic4_s,2016,4.024
bol,sex_m,age_aggregate_yge65,eco_isic4_s,2017,5.45
bol,sex_m,age_aggregate_yge65,eco_isic4_s,2018,5.74
bol,sex_m,age_aggregate_yge65,eco_isic4_s,2019,7.464
bol,sex_m,age_aggregate_yge65,eco_isic4_s,2020,6.737
bol,sex_m,age_aggregate_yge65,eco_isic4_s,2021,6.186
bol,sex_m,age_aggregate_yge65,eco_isic4_s,2022,5.364
bol,sex_m,age_aggregate_yge65,eco_isic4_s,2023,6.077
bol,sex_m,age_aggregate_yge65,eco_isic4_s,2024,6.429
bol,sex_m,age_aggregate_yge65,eco_isic4_t,2016,0.618
bol,sex_m,age_aggregate_yge65,eco_isic4_t,2017,0.54
bol,sex_m,age_aggregate_yge65,eco_isic4_t,2018,0.865
bol,sex_m,age_aggregate_yge65,eco_isic4_t,2019,0.827
bol,sex_m,age_aggregate_yge65,eco_isic4_t,2021,0.741
bol,sex_m,age_aggregate_yge65,eco_isic4_t,2022,0.853
bol,sex_m,age_aggregate_yge65,eco_isic4_t,2024,0.6
bol,sex_m,age_aggregate_yge65,eco_isic4_total,2011,173.953
bol,sex_m,age_aggregate_yge65,eco_isic4_total,2012,186.541
bol,sex_m,age_aggregate_yge65,eco_isic4_total,2013,239.939
bol,sex_m,age_aggregate_yge65,eco_isic4_total,2014,214.768
bol,sex_m,age_aggregate_yge65,eco_isic4_total,2015,208.472
bol,sex_m,age_aggregate_yge65,eco_isic4_total,2016,205.083
bol,sex_m,age_aggregate_yge65,eco_isic4_total,2017,232.744
bol,sex_m,age_aggregate_yge65,eco_isic4_total,2018,260.066
bol,sex_m,age_aggregate_yge65,eco_isic4_total,2019,251.988
bol,sex_m,age_aggregate_yge65,eco_isic4_total,2020,291.858
bol,sex_m,age_aggregate_yge65,eco_isic4_total,2021,275.062
bol,sex_m,age_aggregate_yge65,eco_isic4_total,2022,276.577
bol,sex_m,age_aggregate_yge65,eco_isic4_total,2023,303.286
bol,sex_m,age_aggregate_yge65,eco_isic4_total,2024,325.105
bol,sex_m,age_aggregate_yge65,eco_isic4_x,2024,0.233
bol,sex_m,age_aggregate_yge65,eco_sector_agr,1991,1.095
bol,sex_m,age_aggregate_yge65,eco_sector_agr,1992,1.059
bol,sex_m,age_aggregate_yge65,eco_sector_agr,1993,1.115
bol,sex_m,age_aggregate_yge65,eco_sector_agr,1994,1.303
bol,sex_m,age_aggregate_yge65,eco_sector_agr,1995,1.694
bol,sex_m,age_aggregate_yge65,eco_sector_agr,2000,76.012
bol,sex_m,age_aggregate_yge65,eco_sector_agr,2001,85.891
bol,sex_m,age_aggregate_yge65,eco_sector_agr,2002,87.57
bol,sex_m,age_aggregate_yge65,eco_sector_agr,2005,113.084
bol,sex_m,age_aggregate_yge65,eco_sector_agr,2006,105.782
bol,sex_m,age_aggregate_yge65,eco_sector_agr,2007,109.254
bol,sex_m,age_aggregate_yge65,eco_sector_agr,2008,113.302
bol,sex_m,age_aggregate_yge65,eco_sector_agr,2009,119.648
bol,sex_m,age_aggregate_yge65,eco_sector_agr,2011,102.686
bol,sex_m,age_aggregate_yge65,eco_sector_agr,2012,120.044
bol,sex_m,age_aggregate_yge65,eco_sector_agr,2013,163.25
bol,sex_m,age_aggregate_yge65,eco_sector_agr,2014,139.347
bol,sex_m,age_aggregate_yge65,eco_sector_agr,2015,136.272
bol,sex_m,age_aggregate_yge65,eco_sector_agr,2016,125.649
bol,sex_m,age_aggregate_yge65,eco_sector_agr,2017,148.352
bol,sex_m,age_aggregate_yge65,eco_sector_agr,2018,163.927
bol,sex_m,age_aggregate_yge65,eco_sector_agr,2019,145.689
bol,sex_m,age_aggregate_yge65,eco_sector_agr,2020,193.536
bol,sex_m,age_aggregate_yge65,eco_sector_agr,2021,168.06
bol,sex_m,age_aggregate_yge65,eco_sector_agr,2022,154.138
bol,sex_m,age_aggregate_yge65,eco_sector_agr,2023,161.079
bol,sex_m,age_aggregate_yge65,eco_sector_agr,2024,170.057
bol,sex_m,age_aggregate_yge65,eco_sector_ind,1989,3.514
bol,sex_m,age_aggregate_yge65,eco_sector_ind,1990,3.013
bol,sex_m,age_aggregate_yge65,eco_sector_ind,1991,4.208
bol,sex_m,age_aggregate_yge65,eco_sector_ind,1992,5.942
bol,sex_m,age_aggregate_yge65,eco_sector_ind,1993,4.924
bol,sex_m,age_aggregate_yge65,eco_sector_ind,1994,4.504
bol,sex_m,age_aggregate_yge65,eco_sector_ind,1995,7.155
bol,sex_m,age_aggregate_yge65,eco_sector_ind,1999,7.261
bol,sex_m,age_aggregate_yge65,eco_sector_ind,2000,15.074
bol,sex_m,age_aggregate_yge65,eco_sector_ind,2001,14.099
bol,sex_m,age_aggregate_yge65,eco_sector_ind,2002,9.311
bol,sex_m,age_aggregate_yge65,eco_sector_ind,2005,18.991
bol,sex_m,age_aggregate_yge65,eco_sector_ind,2006,14.253
bol,sex_m,age_aggregate_yge65,eco_sector_ind,2007,20.557
bol,sex_m,age_aggregate_yge65,eco_sector_ind,2008,23.859
bol,sex_m,age_aggregate_yge65,eco_sector_ind,2009,21.008
bol,sex_m,age_aggregate_yge65,eco_sector_ind,2011,23.842
bol,sex_m,age_aggregate_yge65,eco_sector_ind,2012,18.854
bol,sex_m,age_aggregate_yge65,eco_sector_ind,2013,21.823
bol,sex_m,age_aggregate_yge65,eco_sector_ind,2014,25.829
bol,sex_m,age_aggregate_yge65,eco_sector_ind,2015,18.443
bol,sex_m,age_aggregate_yge65,eco_sector_ind,2016,23.019
bol,sex_m,age_aggregate_yge65,eco_sector_ind,2017,22.008
bol,sex_m,age_aggregate_yge65,eco_sector_ind,2018,25.825
bol,sex_m,age_aggregate_yge65,eco_sector_ind,2019,31.238
bol,sex_m,age_aggregate_yge65,eco_sector_ind,2020,24.232
bol,sex_m,age_aggregate_yge65,eco_sector_ind,2021,26.275
bol,sex_m,age_aggregate_yge65,eco_sector_ind,2022,32.352
bol,sex_m,age_aggregate_yge65,eco_sector_ind,2023,37.805
bol,sex_m,age_aggregate_yge65,eco_sector_ind,2024,46.55
bol,sex_m,age_aggregate_yge65,eco_sector_nag,1989,13.86
bol,sex_m,age_aggregate_yge65,eco_sector_nag,1990,15.251
bol,sex_m,age_aggregate_yge65,eco_sector_nag,1991,11.679
bol,sex_m,age_aggregate_yge65,eco_sector_nag,1992,13.315
bol,sex_m,age_aggregate_yge65,eco_sector_nag,1993,15.053
bol,sex_m,age_aggregate_yge65,eco_sector_nag,1994,13.739
bol,sex_m,age_aggregate_yge65,eco_sector_nag,1995,17.599
bol,sex_m,age_aggregate_yge65,eco_sector_nag,1999,131.271
bol,sex_m,age_aggregate_yge65,eco_sector_nag,2000,39.743
bol,sex_m,age_aggregate_yge65,eco_sector_nag,2001,32.493
bol,sex_m,age_aggregate_yge65,eco_sector_nag,2002,28.411
bol,sex_m,age_aggregate_yge65,eco_sector_nag,2005,49.088
bol,sex_m,age_aggregate_yge65,eco_sector_nag,2006,41.564
bol,sex_m,age_aggregate_yge65,eco_sector_nag,2007,58.237
bol,sex_m,age_aggregate_yge65,eco_sector_nag,2008,58.537
bol,sex_m,age_aggregate_yge65,eco_sector_nag,2009,57.764
bol,sex_m,age_aggregate_yge65,eco_sector_nag,2011,71.267
bol,sex_m,age_aggregate_yge65,eco_sector_nag,2012,66.497
bol,sex_m,age_aggregate_yge65,eco_sector_nag,2013,76.689
bol,sex_m,age_aggregate_yge65,eco_sector_nag,2014,75.421
bol,sex_m,age_aggregate_yge65,eco_sector_nag,2015,72.2
bol,sex_m,age_aggregate_yge65,eco_sector_nag,2016,79.434
bol,sex_m,age_aggregate_yge65,eco_sector_nag,2017,84.392
bol,sex_m,age_aggregate_yge65,eco_sector_nag,2018,96.139
bol,sex_m,age_aggregate_yge65,eco_sector_nag,2019,106.299
bol,sex_m,age_aggregate_yge65,eco_sector_nag,2020,98.322
bol,sex_m,age_aggregate_yge65,eco_sector_nag,2021,107.002
bol,sex_m,age_aggregate_yge65,eco_sector_nag,2022,122.439
bol,sex_m,age_aggregate_yge65,eco_sector_nag,2023,142.207
bol,sex_m,age_aggregate_yge65,eco_sector_nag,2024,155.048
bol,sex_m,age_aggregate_yge65,eco_sector_ser,1989,10.005
bol,sex_m,age_aggregate_yge65,eco_sector_ser,1990,11.562
bol,sex_m,age_aggregate_yge65,eco_sector_ser,1991,7.471
bol,sex_m,age_aggregate_yge65,eco_sector_ser,1992,7.373
bol,sex_m,age_aggregate_yge65,eco_sector_ser,1993,10.129
bol,sex_m,age_aggregate_yge65,eco_sector_ser,1994,9.235
bol,sex_m,age_aggregate_yge65,eco_sector_ser,1995,10.382
bol,sex_m,age_aggregate_yge65,eco_sector_ser,1999,118.769
bol,sex_m,age_aggregate_yge65,eco_sector_ser,2000,24.669
bol,sex_m,age_aggregate_yge65,eco_sector_ser,2001,17.808
bol,sex_m,age_aggregate_yge65,eco_sector_ser,2002,19.1
bol,sex_m,age_aggregate_yge65,eco_sector_ser,2005,30.097
bol,sex_m,age_aggregate_yge65,eco_sector_ser,2006,27.311
bol,sex_m,age_aggregate_yge65,eco_sector_ser,2007,37.68
bol,sex_m,age_aggregate_yge65,eco_sector_ser,2008,34.678
bol,sex_m,age_aggregate_yge65,eco_sector_ser,2009,36.756
bol,sex_m,age_aggregate_yge65,eco_sector_ser,2011,47.425
bol,sex_m,age_aggregate_yge65,eco_sector_ser,2012,47.643
bol,sex_m,age_aggregate_yge65,eco_sector_ser,2013,54.866
bol,sex_m,age_aggregate_yge65,eco_sector_ser,2014,49.592
bol,sex_m,age_aggregate_yge65,eco_sector_ser,2015,53.534
bol,sex_m,age_aggregate_yge65,eco_sector_ser,2016,56.414
bol,sex_m,age_aggregate_yge65,eco_sector_ser,2017,62.383
bol,sex_m,age_aggregate_yge65,eco_sector_ser,2018,70.314
bol,sex_m,age_aggregate_yge65,eco_sector_ser,2019,75.061
bol,sex_m,age_aggregate_yge65,eco_sector_ser,2020,74.09
bol,sex_m,age_aggregate_yge65,eco_sector_ser,2021,80.728
bol,sex_m,age_aggregate_yge65,eco_sector_ser,2022,90.087
bol,sex_m,age_aggregate_yge65,eco_sector_ser,2023,104.402
bol,sex_m,age_aggregate_yge65,eco_sector_ser,2024,108.266
bol,sex_m,age_aggregate_yge65,eco_sector_total,1989,13.86
bol,sex_m,age_aggregate_yge65,eco_sector_total,1990,15.251
bol,sex_m,age_aggregate_yge65,eco_sector_total,1991,12.774
bol,sex_m,age_aggregate_yge65,eco_sector_total,1992,14.374
bol,sex_m,age_aggregate_yge65,eco_sector_total,1993,16.168
bol,sex_m,age_aggregate_yge65,eco_sector_total,1994,15.042
bol,sex_m,age_aggregate_yge65,eco_sector_total,1995,19.293
bol,sex_m,age_aggregate_yge65,eco_sector_total,1999,131.271
bol,sex_m,age_aggregate_yge65,eco_sector_total,2000,115.755
bol,sex_m,age_aggregate_yge65,eco_sector_total,2001,118.384
bol,sex_m,age_aggregate_yge65,eco_sector_total,2002,115.981
bol,sex_m,age_aggregate_yge65,eco_sector_total,2005,162.172
bol,sex_m,age_aggregate_yge65,eco_sector_total,2006,147.346
bol,sex_m,age_aggregate_yge65,eco_sector_total,2007,167.491
bol,sex_m,age_aggregate_yge65,eco_sector_total,2008,171.839
bol,sex_m,age_aggregate_yge65,eco_sector_total,2009,177.412
bol,sex_m,age_aggregate_yge65,eco_sector_total,2011,173.953
bol,sex_m,age_aggregate_yge65,eco_sector_total,2012,186.541
bol,sex_m,age_aggregate_yge65,eco_sector_total,2013,239.939
bol,sex_m,age_aggregate_yge65,eco_sector_total,2014,214.768
bol,sex_m,age_aggregate_yge65,eco_sector_total,2015,208.472
bol,sex_m,age_aggregate_yge65,eco_sector_total,2016,205.083
bol,sex_m,age_aggregate_yge65,eco_sector_total,2017,232.744
bol,sex_m,age_aggregate_yge65,eco_sector_total,2018,260.066
bol,sex_m,age_aggregate_yge65,eco_sector_total,2019,251.988
bol,sex_m,age_aggregate_yge65,eco_sector_total,2020,291.858
bol,sex_m,age_aggregate_yge65,eco_sector_total,2021,275.062
bol,sex_m,age_aggregate_yge65,eco_sector_total,2022,276.577
bol,sex_m,age_aggregate_yge65,eco_sector_total,2023,303.286
bol,sex_m,age_aggregate_yge65,eco_sector_total,2024,325.105
bol,sex_m,age_aggregate_yge65,eco_sector_x,1989,0.341
bol,sex_m,age_aggregate_yge65,eco_sector_x,1990,0.676
bol,sex_m,age_aggregate_yge65,eco_sector_x,1999,5.241
bol,sex_m,age_aggregate_yge65,eco_sector_x,2024,0.233
bol,sex_m,age_ythadult_y15_24,eco_aggregate_agr,1991,2.222
bol,sex_m,age_ythadult_y15_24,eco_aggregate_agr,1992,1.967
bol,sex_m,age_ythadult_y15_24,eco_aggregate_agr,1993,3.03
bol,sex_m,age_ythadult_y15_24,eco_aggregate_agr,1994,2.253
bol,sex_m,age_ythadult_y15_24,eco_aggregate_agr,1995,2.994
bol,sex_m,age_ythadult_y15_24,eco_aggregate_agr,2000,177.121
bol,sex_m,age_ythadult_y15_24,eco_aggregate_agr,2001,229.719
bol,sex_m,age_ythadult_y15_24,eco_aggregate_agr,2002,247.479
bol,sex_m,age_ythadult_y15_24,eco_aggregate_agr,2005,170.2
bol,sex_m,age_ythadult_y15_24,eco_aggregate_agr,2006,212.516
bol,sex_m,age_ythadult_y15_24,eco_aggregate_agr,2007,198.929
bol,sex_m,age_ythadult_y15_24,eco_aggregate_agr,2008,176.253
bol,sex_m,age_ythadult_y15_24,eco_aggregate_agr,2009,162.291
bol,sex_m,age_ythadult_y15_24,eco_aggregate_agr,2011,204.81
bol,sex_m,age_ythadult_y15_24,eco_aggregate_agr,2012,176.098
bol,sex_m,age_ythadult_y15_24,eco_aggregate_agr,2013,160.744
bol,sex_m,age_ythadult_y15_24,eco_aggregate_agr,2014,171.694
bol,sex_m,age_ythadult_y15_24,eco_aggregate_agr,2015,148.765
bol,sex_m,age_ythadult_y15_24,eco_aggregate_agr,2016,164.111
bol,sex_m,age_ythadult_y15_24,eco_aggregate_agr,2017,169.97
bol,sex_m,age_ythadult_y15_24,eco_aggregate_agr,2018,170.116
bol,sex_m,age_ythadult_y15_24,eco_aggregate_agr,2019,156.177
bol,sex_m,age_ythadult_y15_24,eco_aggregate_agr,2020,172.957
bol,sex_m,age_ythadult_y15_24,eco_aggregate_agr,2021,180.715
bol,sex_m,age_ythadult_y15_24,eco_aggregate_agr,2022,166.452
bol,sex_m,age_ythadult_y15_24,eco_aggregate_agr,2023,171.655
bol,sex_m,age_ythadult_y15_24,eco_aggregate_agr,2024,148.38
bol,sex_m,age_ythadult_y15_24,eco_aggregate_con,1991,21.194
bol,sex_m,age_ythadult_y15_24,eco_aggregate_con,1992,22.673
bol,sex_m,age_ythadult_y15_24,eco_aggregate_con,1993,20.641
bol,sex_m,age_ythadult_y15_24,eco_aggregate_con,1994,28.043
bol,sex_m,age_ythadult_y15_24,eco_aggregate_con,1995,25.728
bol,sex_m,age_ythadult_y15_24,eco_aggregate_con,2000,56.21
bol,sex_m,age_ythadult_y15_24,eco_aggregate_con,2001,39.297
bol,sex_m,age_ythadult_y15_24,eco_aggregate_con,2002,39.066
bol,sex_m,age_ythadult_y15_24,eco_aggregate_con,2005,43.72
bol,sex_m,age_ythadult_y15_24,eco_aggregate_con,2006,61.454
bol,sex_m,age_ythadult_y15_24,eco_aggregate_con,2007,85.923
bol,sex_m,age_ythadult_y15_24,eco_aggregate_con,2008,67.664
bol,sex_m,age_ythadult_y15_24,eco_aggregate_con,2009,80.867
bol,sex_m,age_ythadult_y15_24,eco_aggregate_con,2011,94.814
bol,sex_m,age_ythadult_y15_24,eco_aggregate_con,2012,67.154
bol,sex_m,age_ythadult_y15_24,eco_aggregate_con,2013,72.802
bol,sex_m,age_ythadult_y15_24,eco_aggregate_con,2014,106.124
bol,sex_m,age_ythadult_y15_24,eco_aggregate_con,2015,103.83
bol,sex_m,age_ythadult_y15_24,eco_aggregate_con,2016,92.412
bol,sex_m,age_ythadult_y15_24,eco_aggregate_con,2017,92.027
bol,sex_m,age_ythadult_y15_24,eco_aggregate_con,2018,82.116
bol,sex_m,age_ythadult_y15_24,eco_aggregate_con,2019,85.115
bol,sex_m,age_ythadult_y15_24,eco_aggregate_con,2020,81.216
bol,sex_m,age_ythadult_y15_24,eco_aggregate_con,2021,88.029
bol,sex_m,age_ythadult_y15_24,eco_aggregate_con,2022,80.355
bol,sex_m,age_ythadult_y15_24,eco_aggregate_con,2023,76.697
bol,sex_m,age_ythadult_y15_24,eco_aggregate_con,2024,80.7
bol,sex_m,age_ythadult_y15_24,eco_aggregate_man,1989,20.017
bol,sex_m,age_ythadult_y15_24,eco_aggregate_man,1990,31.508
bol,sex_m,age_ythadult_y15_24,eco_aggregate_man,1991,32.182
bol,sex_m,age_ythadult_y15_24,eco_aggregate_man,1992,38.214
bol,sex_m,age_ythadult_y15_24,eco_aggregate_man,1993,35.64
bol,sex_m,age_ythadult_y15_24,eco_aggregate_man,1994,38.894
bol,sex_m,age_ythadult_y15_24,eco_aggregate_man,1995,42.782
bol,sex_m,age_ythadult_y15_24,eco_aggregate_man,1999,26.738
bol,sex_m,age_ythadult_y15_24,eco_aggregate_man,2000,58.559
bol,sex_m,age_ythadult_y15_24,eco_aggregate_man,2001,60.644
bol,sex_m,age_ythadult_y15_24,eco_aggregate_man,2002,59.498
bol,sex_m,age_ythadult_y15_24,eco_aggregate_man,2005,73.421
bol,sex_m,age_ythadult_y15_24,eco_aggregate_man,2006,58.758
bol,sex_m,age_ythadult_y15_24,eco_aggregate_man,2007,79.966
bol,sex_m,age_ythadult_y15_24,eco_aggregate_man,2008,72.721
bol,sex_m,age_ythadult_y15_24,eco_aggregate_man,2009,85.178
bol,sex_m,age_ythadult_y15_24,eco_aggregate_man,2011,58.308
bol,sex_m,age_ythadult_y15_24,eco_aggregate_man,2012,55.071
bol,sex_m,age_ythadult_y15_24,eco_aggregate_man,2013,49.627
bol,sex_m,age_ythadult_y15_24,eco_aggregate_man,2014,73.858
bol,sex_m,age_ythadult_y15_24,eco_aggregate_man,2015,56.777
bol,sex_m,age_ythadult_y15_24,eco_aggregate_man,2016,59.774
bol,sex_m,age_ythadult_y15_24,eco_aggregate_man,2017,57.234
bol,sex_m,age_ythadult_y15_24,eco_aggregate_man,2018,58.053
bol,sex_m,age_ythadult_y15_24,eco_aggregate_man,2019,72.606
bol,sex_m,age_ythadult_y15_24,eco_aggregate_man,2020,51.724
bol,sex_m,age_ythadult_y15_24,eco_aggregate_man,2021,80.471
bol,sex_m,age_ythadult_y15_24,eco_aggregate_man,2022,82.653
bol,sex_m,age_ythadult_y15_24,eco_aggregate_man,2023,83.683
bol,sex_m,age_ythadult_y15_24,eco_aggregate_man,2024,89.499
bol,sex_m,age_ythadult_y15_24,eco_aggregate_mel,1989,2.603
bol,sex_m,age_ythadult_y15_24,eco_aggregate_mel,1990,1.667
bol,sex_m,age_ythadult_y15_24,eco_aggregate_mel,1991,3.14
bol,sex_m,age_ythadult_y15_24,eco_aggregate_mel,1992,2.551
bol,sex_m,age_ythadult_y15_24,eco_aggregate_mel,1993,2.214
bol,sex_m,age_ythadult_y15_24,eco_aggregate_mel,1994,2.074
bol,sex_m,age_ythadult_y15_24,eco_aggregate_mel,1995,1.635
bol,sex_m,age_ythadult_y15_24,eco_aggregate_mel,1999,12.114
bol,sex_m,age_ythadult_y15_24,eco_aggregate_mel,2000,10.868
bol,sex_m,age_ythadult_y15_24,eco_aggregate_mel,2001,6.204
bol,sex_m,age_ythadult_y15_24,eco_aggregate_mel,2002,4.774
bol,sex_m,age_ythadult_y15_24,eco_aggregate_mel,2005,12.795
bol,sex_m,age_ythadult_y15_24,eco_aggregate_mel,2006,12.749
bol,sex_m,age_ythadult_y15_24,eco_aggregate_mel,2007,15.043
bol,sex_m,age_ythadult_y15_24,eco_aggregate_mel,2008,15.332
bol,sex_m,age_ythadult_y15_24,eco_aggregate_mel,2009,10.684
bol,sex_m,age_ythadult_y15_24,eco_aggregate_mel,2011,14.108
bol,sex_m,age_ythadult_y15_24,eco_aggregate_mel,2012,21.752
bol,sex_m,age_ythadult_y15_24,eco_aggregate_mel,2013,19.19
bol,sex_m,age_ythadult_y15_24,eco_aggregate_mel,2014,18.273
bol,sex_m,age_ythadult_y15_24,eco_aggregate_mel,2015,21.68
bol,sex_m,age_ythadult_y15_24,eco_aggregate_mel,2016,13.2
bol,sex_m,age_ythadult_y15_24,eco_aggregate_mel,2017,10.752
bol,sex_m,age_ythadult_y15_24,eco_aggregate_mel,2018,14.332
bol,sex_m,age_ythadult_y15_24,eco_aggregate_mel,2019,12.298
bol,sex_m,age_ythadult_y15_24,eco_aggregate_mel,2020,4.198
bol,sex_m,age_ythadult_y15_24,eco_aggregate_mel,2021,17.263
bol,sex_m,age_ythadult_y15_24,eco_aggregate_mel,2022,15.117
bol,sex_m,age_ythadult_y15_24,eco_aggregate_mel,2023,10.068
bol,sex_m,age_ythadult_y15_24,eco_aggregate_mel,2024,17.045
bol,sex_m,age_ythadult_y15_24,eco_aggregate_mkt,1989,41.292
bol,sex_m,age_ythadult_y15_24,eco_aggregate_mkt,1990,42.489
bol,sex_m,age_ythadult_y15_24,eco_aggregate_mkt,1991,40.739
bol,sex_m,age_ythadult_y15_24,eco_aggregate_mkt,1992,44.056
bol,sex_m,age_ythadult_y15_24,eco_aggregate_mkt,1993,57.034
bol,sex_m,age_ythadult_y15_24,eco_aggregate_mkt,1994,58.5
bol,sex_m,age_ythadult_y15_24,eco_aggregate_mkt,1995,64.866
bol,sex_m,age_ythadult_y15_24,eco_aggregate_mkt,1999,368.959
bol,sex_m,age_ythadult_y15_24,eco_aggregate_mkt,2000,91.245
bol,sex_m,age_ythadult_y15_24,eco_aggregate_mkt,2001,107.167
bol,sex_m,age_ythadult_y15_24,eco_aggregate_mkt,2002,107.382
bol,sex_m,age_ythadult_y15_24,eco_aggregate_mkt,2005,106.024
bol,sex_m,age_ythadult_y15_24,eco_aggregate_mkt,2006,131.661
bol,sex_m,age_ythadult_y15_24,eco_aggregate_mkt,2007,117.892
bol,sex_m,age_ythadult_y15_24,eco_aggregate_mkt,2008,147.143
bol,sex_m,age_ythadult_y15_24,eco_aggregate_mkt,2009,139.797
bol,sex_m,age_ythadult_y15_24,eco_aggregate_mkt,2011,162.725
bol,sex_m,age_ythadult_y15_24,eco_aggregate_mkt,2012,149.583
bol,sex_m,age_ythadult_y15_24,eco_aggregate_mkt,2013,136.536
bol,sex_m,age_ythadult_y15_24,eco_aggregate_mkt,2014,161.571
bol,sex_m,age_ythadult_y15_24,eco_aggregate_mkt,2015,146.995
bol,sex_m,age_ythadult_y15_24,eco_aggregate_mkt,2016,136.273
bol,sex_m,age_ythadult_y15_24,eco_aggregate_mkt,2017,148.472
bol,sex_m,age_ythadult_y15_24,eco_aggregate_mkt,2018,165.213
bol,sex_m,age_ythadult_y15_24,eco_aggregate_mkt,2019,195.517
bol,sex_m,age_ythadult_y15_24,eco_aggregate_mkt,2020,132.633
bol,sex_m,age_ythadult_y15_24,eco_aggregate_mkt,2021,241.887
bol,sex_m,age_ythadult_y15_24,eco_aggregate_mkt,2022,275.449
bol,sex_m,age_ythadult_y15_24,eco_aggregate_mkt,2023,269.009
bol,sex_m,age_ythadult_y15_24,eco_aggregate_mkt,2024,290.573
bol,sex_m,age_ythadult_y15_24,eco_aggregate_pub,1989,29.957
bol,sex_m,age_ythadult_y15_24,eco_aggregate_pub,1990,34.74
bol,sex_m,age_ythadult_y15_24,eco_aggregate_pub,1991,22.006
bol,sex_m,age_ythadult_y15_24,eco_aggregate_pub,1992,15.843
bol,sex_m,age_ythadult_y15_24,eco_aggregate_pub,1993,18.664
bol,sex_m,age_ythadult_y15_24,eco_aggregate_pub,1994,17.336
bol,sex_m,age_ythadult_y15_24,eco_aggregate_pub,1995,21.364
bol,sex_m,age_ythadult_y15_24,eco_aggregate_pub,1999,38.997
bol,sex_m,age_ythadult_y15_24,eco_aggregate_pub,2000,24.982
bol,sex_m,age_ythadult_y15_24,eco_aggregate_pub,2001,33.048
bol,sex_m,age_ythadult_y15_24,eco_aggregate_pub,2002,29.041
bol,sex_m,age_ythadult_y15_24,eco_aggregate_pub,2005,29.717
bol,sex_m,age_ythadult_y15_24,eco_aggregate_pub,2006,39.393
bol,sex_m,age_ythadult_y15_24,eco_aggregate_pub,2007,31.521
bol,sex_m,age_ythadult_y15_24,eco_aggregate_pub,2008,33.417
bol,sex_m,age_ythadult_y15_24,eco_aggregate_pub,2009,46.621
bol,sex_m,age_ythadult_y15_24,eco_aggregate_pub,2011,31.637
bol,sex_m,age_ythadult_y15_24,eco_aggregate_pub,2012,36.393
bol,sex_m,age_ythadult_y15_24,eco_aggregate_pub,2013,31.201
bol,sex_m,age_ythadult_y15_24,eco_aggregate_pub,2014,34.807
bol,sex_m,age_ythadult_y15_24,eco_aggregate_pub,2015,33.178
bol,sex_m,age_ythadult_y15_24,eco_aggregate_pub,2016,32.298
bol,sex_m,age_ythadult_y15_24,eco_aggregate_pub,2017,28.238
bol,sex_m,age_ythadult_y15_24,eco_aggregate_pub,2018,29.088
bol,sex_m,age_ythadult_y15_24,eco_aggregate_pub,2019,34.24
bol,sex_m,age_ythadult_y15_24,eco_aggregate_pub,2020,22.701
bol,sex_m,age_ythadult_y15_24,eco_aggregate_pub,2021,34.782
bol,sex_m,age_ythadult_y15_24,eco_aggregate_pub,2022,41.446
bol,sex_m,age_ythadult_y15_24,eco_aggregate_pub,2023,46.133
bol,sex_m,age_ythadult_y15_24,eco_aggregate_pub,2024,53.139
bol,sex_m,age_ythadult_y15_24,eco_aggregate_total,1989,98.67
bol,sex_m,age_ythadult_y15_24,eco_aggregate_total,1990,116.31
bol,sex_m,age_ythadult_y15_24,eco_aggregate_total,1991,121.483
bol,sex_m,age_ythadult_y15_24,eco_aggregate_total,1992,125.475
bol,sex_m,age_ythadult_y15_24,eco_aggregate_total,1993,137.223
bol,sex_m,age_ythadult_y15_24,eco_aggregate_total,1994,147.1
bol,sex_m,age_ythadult_y15_24,eco_aggregate_total,1995,159.369
bol,sex_m,age_ythadult_y15_24,eco_aggregate_total,1999,479.382
bol,sex_m,age_ythadult_y15_24,eco_aggregate_total,2000,423.087
bol,sex_m,age_ythadult_y15_24,eco_aggregate_total,2001,482.145
bol,sex_m,age_ythadult_y15_24,eco_aggregate_total,2002,487.24
bol,sex_m,age_ythadult_y15_24,eco_aggregate_total,2005,435.877
bol,sex_m,age_ythadult_y15_24,eco_aggregate_total,2006,516.531
bol,sex_m,age_ythadult_y15_24,eco_aggregate_total,2007,529.274
bol,sex_m,age_ythadult_y15_24,eco_aggregate_total,2008,512.53
bol,sex_m,age_ythadult_y15_24,eco_aggregate_total,2009,525.438
bol,sex_m,age_ythadult_y15_24,eco_aggregate_total,2011,566.402
bol,sex_m,age_ythadult_y15_24,eco_aggregate_total,2012,506.051
bol,sex_m,age_ythadult_y15_24,eco_aggregate_total,2013,470.1
bol,sex_m,age_ythadult_y15_24,eco_aggregate_total,2014,566.327
bol,sex_m,age_ythadult_y15_24,eco_aggregate_total,2015,512.35
bol,sex_m,age_ythadult_y15_24,eco_aggregate_total,2016,498.067
bol,sex_m,age_ythadult_y15_24,eco_aggregate_total,2017,507.033
bol,sex_m,age_ythadult_y15_24,eco_aggregate_total,2018,518.917
bol,sex_m,age_ythadult_y15_24,eco_aggregate_total,2019,555.952
bol,sex_m,age_ythadult_y15_24,eco_aggregate_total,2020,467.51
bol,sex_m,age_ythadult_y15_24,eco_aggregate_total,2021,645.44
bol,sex_m,age_ythadult_y15_24,eco_aggregate_total,2022,664.556
bol,sex_m,age_ythadult_y15_24,eco_aggregate_total,2023,660.555
bol,sex_m,age_ythadult_y15_24,eco_aggregate_total,2024,684.092
bol,sex_m,age_ythadult_y15_24,eco_aggregate_x,1989,4.802
bol,sex_m,age_ythadult_y15_24,eco_aggregate_x,1990,5.906
bol,sex_m,age_ythadult_y15_24,eco_aggregate_x,1999,32.574
bol,sex_m,age_ythadult_y15_24,eco_aggregate_x,2000,4.102
bol,sex_m,age_ythadult_y15_24,eco_aggregate_x,2001,6.066
bol,sex_m,age_ythadult_y15_24,eco_aggregate_x,2017,0.341
bol,sex_m,age_ythadult_y15_24,eco_aggregate_x,2020,2.081
bol,sex_m,age_ythadult_y15_24,eco_aggregate_x,2021,2.292
bol,sex_m,age_ythadult_y15_24,eco_aggregate_x,2022,3.085
bol,sex_m,age_ythadult_y15_24,eco_aggregate_x,2023,3.309
bol,sex_m,age_ythadult_y15_24,eco_aggregate_x,2024,4.756
bol,sex_m,age_ythadult_y15_24,eco_isic3_a,1991,2.222
bol,sex_m,age_ythadult_y15_24,eco_isic3_a,1992,1.967
bol,sex_m,age_ythadult_y15_24,eco_isic3_a,1993,3.03
bol,sex_m,age_ythadult_y15_24,eco_isic3_a,1994,2.253
bol,sex_m,age_ythadult_y15_24,eco_isic3_a,1995,2.994
bol,sex_m,age_ythadult_y15_24,eco_isic3_a,2000,177.121
bol,sex_m,age_ythadult_y15_24,eco_isic3_a,2001,229.719
bol,sex_m,age_ythadult_y15_24,eco_isic3_a,2002,247.479
bol,sex_m,age_ythadult_y15_24,eco_isic3_a,2005,170.2
bol,sex_m,age_ythadult_y15_24,eco_isic3_a,2006,209.5
bol,sex_m,age_ythadult_y15_24,eco_isic3_a,2007,198.719
bol,sex_m,age_ythadult_y15_24,eco_isic3_a,2008,175.41
bol,sex_m,age_ythadult_y15_24,eco_isic3_a,2009,160.92
bol,sex_m,age_ythadult_y15_24,eco_isic3_c,1989,2.406
bol,sex_m,age_ythadult_y15_24,eco_isic3_c,1990,0.814
bol,sex_m,age_ythadult_y15_24,eco_isic3_c,1991,2.184
bol,sex_m,age_ythadult_y15_24,eco_isic3_c,1992,1.437
bol,sex_m,age_ythadult_y15_24,eco_isic3_c,1993,1.855
bol,sex_m,age_ythadult_y15_24,eco_isic3_c,1994,1.447
bol,sex_m,age_ythadult_y15_24,eco_isic3_c,1995,1.506
bol,sex_m,age_ythadult_y15_24,eco_isic3_c,2000,7.654
bol,sex_m,age_ythadult_y15_24,eco_isic3_c,2001,5.435
bol,sex_m,age_ythadult_y15_24,eco_isic3_c,2002,4.28
bol,sex_m,age_ythadult_y15_24,eco_isic3_c,2005,12.795
bol,sex_m,age_ythadult_y15_24,eco_isic3_c,2006,10.315
bol,sex_m,age_ythadult_y15_24,eco_isic3_c,2007,12.738
bol,sex_m,age_ythadult_y15_24,eco_isic3_c,2008,13.692
bol,sex_m,age_ythadult_y15_24,eco_isic3_c,2009,9.016
bol,sex_m,age_ythadult_y15_24,eco_isic3_d,1989,20.017
bol,sex_m,age_ythadult_y15_24,eco_isic3_d,1990,31.508
bol,sex_m,age_ythadult_y15_24,eco_isic3_d,1991,32.182
bol,sex_m,age_ythadult_y15_24,eco_isic3_d,1992,38.214
bol,sex_m,age_ythadult_y15_24,eco_isic3_d,1993,35.64
bol,sex_m,age_ythadult_y15_24,eco_isic3_d,1994,38.894
bol,sex_m,age_ythadult_y15_24,eco_isic3_d,1995,42.782
bol,sex_m,age_ythadult_y15_24,eco_isic3_d,1999,26.738
bol,sex_m,age_ythadult_y15_24,eco_isic3_d,2000,58.559
bol,sex_m,age_ythadult_y15_24,eco_isic3_d,2001,60.644
bol,sex_m,age_ythadult_y15_24,eco_isic3_d,2002,59.498
bol,sex_m,age_ythadult_y15_24,eco_isic3_d,2005,73.421
bol,sex_m,age_ythadult_y15_24,eco_isic3_d,2006,58.758
bol,sex_m,age_ythadult_y15_24,eco_isic3_d,2007,79.966
bol,sex_m,age_ythadult_y15_24,eco_isic3_d,2008,72.721
bol,sex_m,age_ythadult_y15_24,eco_isic3_d,2009,85.178
bol,sex_m,age_ythadult_y15_24,eco_isic3_e,1989,0.198
bol,sex_m,age_ythadult_y15_24,eco_isic3_e,1990,0.853
bol,sex_m,age_ythadult_y15_24,eco_isic3_e,1991,0.956
bol,sex_m,age_ythadult_y15_24,eco_isic3_e,1992,1.114
bol,sex_m,age_ythadult_y15_24,eco_isic3_e,1994,0.627
bol,sex_m,age_ythadult_y15_24,eco_isic3_e,1999,10.213
bol,sex_m,age_ythadult_y15_24,eco_isic3_e,2000,3.214
bol,sex_m,age_ythadult_y15_24,eco_isic3_f,1991,21.194
bol,sex_m,age_ythadult_y15_24,eco_isic3_f,1992,22.673
bol,sex_m,age_ythadult_y15_24,eco_isic3_f,1993,20.641
bol,sex_m,age_ythadult_y15_24,eco_isic3_f,1994,28.043
bol,sex_m,age_ythadult_y15_24,eco_isic3_f,1995,25.728
bol,sex_m,age_ythadult_y15_24,eco_isic3_f,2000,56.21
bol,sex_m,age_ythadult_y15_24,eco_isic3_f,2001,39.297
bol,sex_m,age_ythadult_y15_24,eco_isic3_f,2002,39.066
bol,sex_m,age_ythadult_y15_24,eco_isic3_f,2005,43.72
bol,sex_m,age_ythadult_y15_24,eco_isic3_f,2006,61.454
bol,sex_m,age_ythadult_y15_24,eco_isic3_f,2007,85.923
bol,sex_m,age_ythadult_y15_24,eco_isic3_f,2008,67.664
bol,sex_m,age_ythadult_y15_24,eco_isic3_f,2009,80.867
bol,sex_m,age_ythadult_y15_24,eco_isic3_g,1989,14.89
bol,sex_m,age_ythadult_y15_24,eco_isic3_g,1990,14.523
bol,sex_m,age_ythadult_y15_24,eco_isic3_g,1991,20.487
bol,sex_m,age_ythadult_y15_24,eco_isic3_g,1992,26.661
bol,sex_m,age_ythadult_y15_24,eco_isic3_g,1993,30.305
bol,sex_m,age_ythadult_y15_24,eco_isic3_g,1994,33.971
bol,sex_m,age_ythadult_y15_24,eco_isic3_g,1995,35.504
bol,sex_m,age_ythadult_y15_24,eco_isic3_g,1999,38.66
bol,sex_m,age_ythadult_y15_24,eco_isic3_g,2000,49.64
bol,sex_m,age_ythadult_y15_24,eco_isic3_g,2001,61.222
bol,sex_m,age_ythadult_y15_24,eco_isic3_g,2002,44.074
bol,sex_m,age_ythadult_y15_24,eco_isic3_g,2005,52.887
bol,sex_m,age_ythadult_y15_24,eco_isic3_g,2006,55.823
bol,sex_m,age_ythadult_y15_24,eco_isic3_g,2007,50.735
bol,sex_m,age_ythadult_y15_24,eco_isic3_g,2008,66.377
bol,sex_m,age_ythadult_y15_24,eco_isic3_g,2009,63.036
bol,sex_m,age_ythadult_y15_24,eco_isic3_h,1991,3.984
bol,sex_m,age_ythadult_y15_24,eco_isic3_h,1992,3.584
bol,sex_m,age_ythadult_y15_24,eco_isic3_h,1993,3.917
bol,sex_m,age_ythadult_y15_24,eco_isic3_h,1994,4.41
bol,sex_m,age_ythadult_y15_24,eco_isic3_h,1995,5.766
bol,sex_m,age_ythadult_y15_24,eco_isic3_h,2000,5.085
bol,sex_m,age_ythadult_y15_24,eco_isic3_h,2001,7.567
bol,sex_m,age_ythadult_y15_24,eco_isic3_h,2002,14.715
bol,sex_m,age_ythadult_y15_24,eco_isic3_h,2005,8.485
bol,sex_m,age_ythadult_y15_24,eco_isic3_h,2006,15.765
bol,sex_m,age_ythadult_y15_24,eco_isic3_h,2007,9.883
bol,sex_m,age_ythadult_y15_24,eco_isic3_h,2008,15.131
bol,sex_m,age_ythadult_y15_24,eco_isic3_h,2009,18.743
bol,sex_m,age_ythadult_y15_24,eco_isic3_i,1989,15.153
bol,sex_m,age_ythadult_y15_24,eco_isic3_i,1990,14.762
bol,sex_m,age_ythadult_y15_24,eco_isic3_i,1991,12.022
bol,sex_m,age_ythadult_y15_24,eco_isic3_i,1992,9.145
bol,sex_m,age_ythadult_y15_24,eco_isic3_i,1993,15.759
bol,sex_m,age_ythadult_y15_24,eco_isic3_i,1994,15.202
bol,sex_m,age_ythadult_y15_24,eco_isic3_i,1995,18.756
bol,sex_m,age_ythadult_y15_24,eco_isic3_i,1999,193.151
bol,sex_m,age_ythadult_y15_24,eco_isic3_i,2000,25.031
bol,sex_m,age_ythadult_y15_24,eco_isic3_i,2001,23.759
bol,sex_m,age_ythadult_y15_24,eco_isic3_i,2002,37.818
bol,sex_m,age_ythadult_y15_24,eco_isic3_i,2005,32.484
bol,sex_m,age_ythadult_y15_24,eco_isic3_i,2006,42.67
bol,sex_m,age_ythadult_y15_24,eco_isic3_i,2007,37.575
bol,sex_m,age_ythadult_y15_24,eco_isic3_i,2008,58.079
bol,sex_m,age_ythadult_y15_24,eco_isic3_i,2009,48.435
bol,sex_m,age_ythadult_y15_24,eco_isic3_j,1991,0.673
bol,sex_m,age_ythadult_y15_24,eco_isic3_j,1992,1.055
bol,sex_m,age_ythadult_y15_24,eco_isic3_j,1993,1.516
bol,sex_m,age_ythadult_y15_24,eco_isic3_j,1994,2.226
bol,sex_m,age_ythadult_y15_24,eco_isic3_j,1995,0.99
bol,sex_m,age_ythadult_y15_24,eco_isic3_k,1989,11.248
bol,sex_m,age_ythadult_y15_24,eco_isic3_k,1990,13.204
bol,sex_m,age_ythadult_y15_24,eco_isic3_k,1991,3.573
bol,sex_m,age_ythadult_y15_24,eco_isic3_k,1992,3.611
bol,sex_m,age_ythadult_y15_24,eco_isic3_k,1993,5.537
bol,sex_m,age_ythadult_y15_24,eco_isic3_k,1994,2.691
bol,sex_m,age_ythadult_y15_24,eco_isic3_k,1995,3.85
bol,sex_m,age_ythadult_y15_24,eco_isic3_k,1999,137.148
bol,sex_m,age_ythadult_y15_24,eco_isic3_k,2000,11.489
bol,sex_m,age_ythadult_y15_24,eco_isic3_k,2001,14.424
bol,sex_m,age_ythadult_y15_24,eco_isic3_k,2002,10.066
bol,sex_m,age_ythadult_y15_24,eco_isic3_k,2005,12.168
bol,sex_m,age_ythadult_y15_24,eco_isic3_k,2006,16.519
bol,sex_m,age_ythadult_y15_24,eco_isic3_k,2007,14.227
bol,sex_m,age_ythadult_y15_24,eco_isic3_k,2008,5.644
bol,sex_m,age_ythadult_y15_24,eco_isic3_k,2009,8.188
bol,sex_m,age_ythadult_y15_24,eco_isic3_l,1991,4.967
bol,sex_m,age_ythadult_y15_24,eco_isic3_l,1992,4.712
bol,sex_m,age_ythadult_y15_24,eco_isic3_l,1993,4.307
bol,sex_m,age_ythadult_y15_24,eco_isic3_l,1994,5.602
bol,sex_m,age_ythadult_y15_24,eco_isic3_l,1995,5.868
bol,sex_m,age_ythadult_y15_24,eco_isic3_l,2000,4.672
bol,sex_m,age_ythadult_y15_24,eco_isic3_l,2001,6.658
bol,sex_m,age_ythadult_y15_24,eco_isic3_l,2002,2.829
bol,sex_m,age_ythadult_y15_24,eco_isic3_l,2005,5.673
bol,sex_m,age_ythadult_y15_24,eco_isic3_l,2006,9.303
bol,sex_m,age_ythadult_y15_24,eco_isic3_l,2007,6.045
bol,sex_m,age_ythadult_y15_24,eco_isic3_l,2008,8.451
bol,sex_m,age_ythadult_y15_24,eco_isic3_l,2009,14.17
bol,sex_m,age_ythadult_y15_24,eco_isic3_m,1989,1.484
bol,sex_m,age_ythadult_y15_24,eco_isic3_m,1990,1.702
bol,sex_m,age_ythadult_y15_24,eco_isic3_m,1991,2.445
bol,sex_m,age_ythadult_y15_24,eco_isic3_m,1992,2.587
bol,sex_m,age_ythadult_y15_24,eco_isic3_m,1993,3.753
bol,sex_m,age_ythadult_y15_24,eco_isic3_m,1994,3.044
bol,sex_m,age_ythadult_y15_24,eco_isic3_m,1995,2.758
bol,sex_m,age_ythadult_y15_24,eco_isic3_m,2000,3.664
bol,sex_m,age_ythadult_y15_24,eco_isic3_m,2001,8.371
bol,sex_m,age_ythadult_y15_24,eco_isic3_m,2002,6.953
bol,sex_m,age_ythadult_y15_24,eco_isic3_m,2005,2.822
bol,sex_m,age_ythadult_y15_24,eco_isic3_m,2006,5.454
bol,sex_m,age_ythadult_y15_24,eco_isic3_m,2007,4.027
bol,sex_m,age_ythadult_y15_24,eco_isic3_m,2008,8.032
bol,sex_m,age_ythadult_y15_24,eco_isic3_m,2009,7.91
bol,sex_m,age_ythadult_y15_24,eco_isic3_n,1991,0.913
bol,sex_m,age_ythadult_y15_24,eco_isic3_n,1992,0.77
bol,sex_m,age_ythadult_y15_24,eco_isic3_n,1993,2.277
bol,sex_m,age_ythadult_y15_24,eco_isic3_n,1994,0.838
bol,sex_m,age_ythadult_y15_24,eco_isic3_n,1995,1.148
bol,sex_m,age_ythadult_y15_24,eco_isic3_n,2006,3.4
bol,sex_m,age_ythadult_y15_24,eco_isic3_o,1989,8.9
bol,sex_m,age_ythadult_y15_24,eco_isic3_o,1990,11.409
bol,sex_m,age_ythadult_y15_24,eco_isic3_o,1991,10.145
bol,sex_m,age_ythadult_y15_24,eco_isic3_o,1992,5.86
bol,sex_m,age_ythadult_y15_24,eco_isic3_o,1993,7.027
bol,sex_m,age_ythadult_y15_24,eco_isic3_o,1994,6.79
bol,sex_m,age_ythadult_y15_24,eco_isic3_o,1995,9.683
bol,sex_m,age_ythadult_y15_24,eco_isic3_o,1999,38.997
bol,sex_m,age_ythadult_y15_24,eco_isic3_o,2000,12.778
bol,sex_m,age_ythadult_y15_24,eco_isic3_o,2001,13.74
bol,sex_m,age_ythadult_y15_24,eco_isic3_o,2002,14.47
bol,sex_m,age_ythadult_y15_24,eco_isic3_o,2005,15.935
bol,sex_m,age_ythadult_y15_24,eco_isic3_o,2006,19.135
bol,sex_m,age_ythadult_y15_24,eco_isic3_o,2007,18.84
bol,sex_m,age_ythadult_y15_24,eco_isic3_o,2008,13.429
bol,sex_m,age_ythadult_y15_24,eco_isic3_o,2009,21.588
bol,sex_m,age_ythadult_y15_24,eco_isic3_p,1989,19.573
bol,sex_m,age_ythadult_y15_24,eco_isic3_p,1990,21.629
bol,sex_m,age_ythadult_y15_24,eco_isic3_p,1991,3.536
bol,sex_m,age_ythadult_y15_24,eco_isic3_p,1992,1.501
bol,sex_m,age_ythadult_y15_24,eco_isic3_p,1993,1.3
bol,sex_m,age_ythadult_y15_24,eco_isic3_p,1994,1.062
bol,sex_m,age_ythadult_y15_24,eco_isic3_p,1995,1.786
bol,sex_m,age_ythadult_y15_24,eco_isic3_p,2002,2.895
bol,sex_m,age_ythadult_y15_24,eco_isic3_total,1989,98.67
bol,sex_m,age_ythadult_y15_24,eco_isic3_total,1990,116.31
bol,sex_m,age_ythadult_y15_24,eco_isic3_total,1991,121.483
bol,sex_m,age_ythadult_y15_24,eco_isic3_total,1992,125.475
bol,sex_m,age_ythadult_y15_24,eco_isic3_total,1993,137.223
bol,sex_m,age_ythadult_y15_24,eco_isic3_total,1994,147.1
bol,sex_m,age_ythadult_y15_24,eco_isic3_total,1995,159.369
bol,sex_m,age_ythadult_y15_24,eco_isic3_total,1999,479.382
bol,sex_m,age_ythadult_y15_24,eco_isic3_total,2000,423.087
bol,sex_m,age_ythadult_y15_24,eco_isic3_total,2001,482.145
bol,sex_m,age_ythadult_y15_24,eco_isic3_total,2002,487.24
bol,sex_m,age_ythadult_y15_24,eco_isic3_total,2005,435.877
bol,sex_m,age_ythadult_y15_24,eco_isic3_total,2006,516.531
bol,sex_m,age_ythadult_y15_24,eco_isic3_total,2007,529.274
bol,sex_m,age_ythadult_y15_24,eco_isic3_total,2008,512.53
bol,sex_m,age_ythadult_y15_24,eco_isic3_total,2009,525.438
bol,sex_m,age_ythadult_y15_24,eco_isic3_x,1989,4.802
bol,sex_m,age_ythadult_y15_24,eco_isic3_x,1990,5.906
bol,sex_m,age_ythadult_y15_24,eco_isic3_x,1999,32.574
bol,sex_m,age_ythadult_y15_24,eco_isic3_x,2000,4.102
bol,sex_m,age_ythadult_y15_24,eco_isic3_x,2001,6.066
bol,sex_m,age_ythadult_y15_24,eco_isic4_a,2011,204.81
bol,sex_m,age_ythadult_y15_24,eco_isic4_a,2012,176.098
bol,sex_m,age_ythadult_y15_24,eco_isic4_a,2013,160.744
bol,sex_m,age_ythadult_y15_24,eco_isic4_a,2014,171.694
bol,sex_m,age_ythadult_y15_24,eco_isic4_a,2015,148.765
bol,sex_m,age_ythadult_y15_24,eco_isic4_a,2016,164.111
bol,sex_m,age_ythadult_y15_24,eco_isic4_a,2017,169.97
bol,sex_m,age_ythadult_y15_24,eco_isic4_a,2018,170.116
bol,sex_m,age_ythadult_y15_24,eco_isic4_a,2019,156.177
bol,sex_m,age_ythadult_y15_24,eco_isic4_a,2020,172.957
bol,sex_m,age_ythadult_y15_24,eco_isic4_a,2021,180.715
bol,sex_m,age_ythadult_y15_24,eco_isic4_a,2022,166.452
bol,sex_m,age_ythadult_y15_24,eco_isic4_a,2023,171.655
bol,sex_m,age_ythadult_y15_24,eco_isic4_a,2024,148.38
bol,sex_m,age_ythadult_y15_24,eco_isic4_b,2011,13.315
bol,sex_m,age_ythadult_y15_24,eco_isic4_b,2012,18.611
bol,sex_m,age_ythadult_y15_24,eco_isic4_b,2013,18.03
bol,sex_m,age_ythadult_y15_24,eco_isic4_b,2014,17.059
bol,sex_m,age_ythadult_y15_24,eco_isic4_b,2015,20.168
bol,sex_m,age_ythadult_y15_24,eco_isic4_b,2016,12.106
bol,sex_m,age_ythadult_y15_24,eco_isic4_b,2017,10.054
bol,sex_m,age_ythadult_y15_24,eco_isic4_b,2018,13.002
bol,sex_m,age_ythadult_y15_24,eco_isic4_b,2019,11.029
bol,sex_m,age_ythadult_y15_24,eco_isic4_b,2020,4.138
bol,sex_m,age_ythadult_y15_24,eco_isic4_b,2021,16.061
bol,sex_m,age_ythadult_y15_24,eco_isic4_b,2022,14.317
bol,sex_m,age_ythadult_y15_24,eco_isic4_b,2023,9.568
bol,sex_m,age_ythadult_y15_24,eco_isic4_b,2024,15.004
bol,sex_m,age_ythadult_y15_24,eco_isic4_c,2011,58.308
bol,sex_m,age_ythadult_y15_24,eco_isic4_c,2012,55.071
bol,sex_m,age_ythadult_y15_24,eco_isic4_c,2013,49.627
bol,sex_m,age_ythadult_y15_24,eco_isic4_c,2014,73.858
bol,sex_m,age_ythadult_y15_24,eco_isic4_c,2015,56.777
bol,sex_m,age_ythadult_y15_24,eco_isic4_c,2016,59.774
bol,sex_m,age_ythadult_y15_24,eco_isic4_c,2017,57.234
bol,sex_m,age_ythadult_y15_24,eco_isic4_c,2018,58.053
bol,sex_m,age_ythadult_y15_24,eco_isic4_c,2019,72.606
bol,sex_m,age_ythadult_y15_24,eco_isic4_c,2020,51.724
bol,sex_m,age_ythadult_y15_24,eco_isic4_c,2021,80.471
bol,sex_m,age_ythadult_y15_24,eco_isic4_c,2022,82.653
bol,sex_m,age_ythadult_y15_24,eco_isic4_c,2023,83.683
bol,sex_m,age_ythadult_y15_24,eco_isic4_c,2024,89.499
bol,sex_m,age_ythadult_y15_24,eco_isic4_d,2012,1.348
bol,sex_m,age_ythadult_y15_24,eco_isic4_d,2015,1.119
bol,sex_m,age_ythadult_y15_24,eco_isic4_d,2016,0.608
bol,sex_m,age_ythadult_y15_24,eco_isic4_d,2017,0.368
bol,sex_m,age_ythadult_y15_24,eco_isic4_d,2018,0.562
bol,sex_m,age_ythadult_y15_24,eco_isic4_d,2019,0.931
bol,sex_m,age_ythadult_y15_24,eco_isic4_d,2021,0.598
bol,sex_m,age_ythadult_y15_24,eco_isic4_d,2022,0.32
bol,sex_m,age_ythadult_y15_24,eco_isic4_d,2024,0.736
bol,sex_m,age_ythadult_y15_24,eco_isic4_e,2016,0.486
bol,sex_m,age_ythadult_y15_24,eco_isic4_e,2017,0.33
bol,sex_m,age_ythadult_y15_24,eco_isic4_e,2018,0.767
bol,sex_m,age_ythadult_y15_24,eco_isic4_e,2019,0.338
bol,sex_m,age_ythadult_y15_24,eco_isic4_e,2021,0.604
bol,sex_m,age_ythadult_y15_24,eco_isic4_e,2022,0.479
bol,sex_m,age_ythadult_y15_24,eco_isic4_e,2023,0.248
bol,sex_m,age_ythadult_y15_24,eco_isic4_e,2024,1.304
bol,sex_m,age_ythadult_y15_24,eco_isic4_f,2011,94.814
bol,sex_m,age_ythadult_y15_24,eco_isic4_f,2012,67.154
bol,sex_m,age_ythadult_y15_24,eco_isic4_f,2013,72.802
bol,sex_m,age_ythadult_y15_24,eco_isic4_f,2014,106.124
bol,sex_m,age_ythadult_y15_24,eco_isic4_f,2015,103.83
bol,sex_m,age_ythadult_y15_24,eco_isic4_f,2016,92.412
bol,sex_m,age_ythadult_y15_24,eco_isic4_f,2017,92.027
bol,sex_m,age_ythadult_y15_24,eco_isic4_f,2018,82.116
bol,sex_m,age_ythadult_y15_24,eco_isic4_f,2019,85.115
bol,sex_m,age_ythadult_y15_24,eco_isic4_f,2020,81.216
bol,sex_m,age_ythadult_y15_24,eco_isic4_f,2021,88.029
bol,sex_m,age_ythadult_y15_24,eco_isic4_f,2022,80.355
bol,sex_m,age_ythadult_y15_24,eco_isic4_f,2023,76.697
bol,sex_m,age_ythadult_y15_24,eco_isic4_f,2024,80.7
bol,sex_m,age_ythadult_y15_24,eco_isic4_g,2011,82.444
bol,sex_m,age_ythadult_y15_24,eco_isic4_g,2012,68.403
bol,sex_m,age_ythadult_y15_24,eco_isic4_g,2013,62.898
bol,sex_m,age_ythadult_y15_24,eco_isic4_g,2014,83.048
bol,sex_m,age_ythadult_y15_24,eco_isic4_g,2015,70.046
bol,sex_m,age_ythadult_y15_24,eco_isic4_g,2016,69.228
bol,sex_m,age_ythadult_y15_24,eco_isic4_g,2017,73.227
bol,sex_m,age_ythadult_y15_24,eco_isic4_g,2018,82.798
bol,sex_m,age_ythadult_y15_24,eco_isic4_g,2019,93.274
bol,sex_m,age_ythadult_y15_24,eco_isic4_g,2020,73.831
bol,sex_m,age_ythadult_y15_24,eco_isic4_g,2021,133.147
bol,sex_m,age_ythadult_y15_24,eco_isic4_g,2022,141.039
bol,sex_m,age_ythadult_y15_24,eco_isic4_g,2023,134.352
bol,sex_m,age_ythadult_y15_24,eco_isic4_g,2024,147.41
bol,sex_m,age_ythadult_y15_24,eco_isic4_h,2011,38.022
bol,sex_m,age_ythadult_y15_24,eco_isic4_h,2012,33.938
bol,sex_m,age_ythadult_y15_24,eco_isic4_h,2013,26.405
bol,sex_m,age_ythadult_y15_24,eco_isic4_h,2014,30.011
bol,sex_m,age_ythadult_y15_24,eco_isic4_h,2015,35.17
bol,sex_m,age_ythadult_y15_24,eco_isic4_h,2016,28.514
bol,sex_m,age_ythadult_y15_24,eco_isic4_h,2017,34.486
bol,sex_m,age_ythadult_y15_24,eco_isic4_h,2018,35.161
bol,sex_m,age_ythadult_y15_24,eco_isic4_h,2019,42.359
bol,sex_m,age_ythadult_y15_24,eco_isic4_h,2020,18.422
bol,sex_m,age_ythadult_y15_24,eco_isic4_h,2021,42.879
bol,sex_m,age_ythadult_y15_24,eco_isic4_h,2022,47.328
bol,sex_m,age_ythadult_y15_24,eco_isic4_h,2023,50.528
bol,sex_m,age_ythadult_y15_24,eco_isic4_h,2024,48.357
bol,sex_m,age_ythadult_y15_24,eco_isic4_i,2011,18.583
bol,sex_m,age_ythadult_y15_24,eco_isic4_i,2012,19.051
bol,sex_m,age_ythadult_y15_24,eco_isic4_i,2013,19.347
bol,sex_m,age_ythadult_y15_24,eco_isic4_i,2014,18.718
bol,sex_m,age_ythadult_y15_24,eco_isic4_i,2015,20.205
bol,sex_m,age_ythadult_y15_24,eco_isic4_i,2016,18.073
bol,sex_m,age_ythadult_y15_24,eco_isic4_i,2017,22.106
bol,sex_m,age_ythadult_y15_24,eco_isic4_i,2018,28.679
bol,sex_m,age_ythadult_y15_24,eco_isic4_i,2019,34.621
bol,sex_m,age_ythadult_y15_24,eco_isic4_i,2020,25.019
bol,sex_m,age_ythadult_y15_24,eco_isic4_i,2021,42.436
bol,sex_m,age_ythadult_y15_24,eco_isic4_i,2022,55.36
bol,sex_m,age_ythadult_y15_24,eco_isic4_i,2023,48.83
bol,sex_m,age_ythadult_y15_24,eco_isic4_i,2024,61.803
bol,sex_m,age_ythadult_y15_24,eco_isic4_j,2011,12.193
bol,sex_m,age_ythadult_y15_24,eco_isic4_j,2012,12.853
bol,sex_m,age_ythadult_y15_24,eco_isic4_j,2013,9.943
bol,sex_m,age_ythadult_y15_24,eco_isic4_j,2014,9.031
bol,sex_m,age_ythadult_y15_24,eco_isic4_j,2015,7.303
bol,sex_m,age_ythadult_y15_24,eco_isic4_j,2016,5.076
bol,sex_m,age_ythadult_y15_24,eco_isic4_j,2017,5.564
bol,sex_m,age_ythadult_y15_24,eco_isic4_j,2018,4.689
bol,sex_m,age_ythadult_y15_24,eco_isic4_j,2019,5.896
bol,sex_m,age_ythadult_y15_24,eco_isic4_j,2020,3.347
bol,sex_m,age_ythadult_y15_24,eco_isic4_j,2021,4.25
bol,sex_m,age_ythadult_y15_24,eco_isic4_j,2022,2.697
bol,sex_m,age_ythadult_y15_24,eco_isic4_j,2023,4.374
bol,sex_m,age_ythadult_y15_24,eco_isic4_j,2024,3.739
bol,sex_m,age_ythadult_y15_24,eco_isic4_k,2011,1.113
bol,sex_m,age_ythadult_y15_24,eco_isic4_k,2012,1.401
bol,sex_m,age_ythadult_y15_24,eco_isic4_k,2014,2.688
bol,sex_m,age_ythadult_y15_24,eco_isic4_k,2015,1.955
bol,sex_m,age_ythadult_y15_24,eco_isic4_k,2016,1.781
bol,sex_m,age_ythadult_y15_24,eco_isic4_k,2017,1.931
bol,sex_m,age_ythadult_y15_24,eco_isic4_k,2018,1.746
bol,sex_m,age_ythadult_y15_24,eco_isic4_k,2019,1.217
bol,sex_m,age_ythadult_y15_24,eco_isic4_k,2021,1.356
bol,sex_m,age_ythadult_y15_24,eco_isic4_k,2022,1.225
bol,sex_m,age_ythadult_y15_24,eco_isic4_k,2023,1.708
bol,sex_m,age_ythadult_y15_24,eco_isic4_k,2024,2.44
bol,sex_m,age_ythadult_y15_24,eco_isic4_l,2014,1.824
bol,sex_m,age_ythadult_y15_24,eco_isic4_l,2016,1.284
bol,sex_m,age_ythadult_y15_24,eco_isic4_l,2017,0.961
bol,sex_m,age_ythadult_y15_24,eco_isic4_l,2018,0.917
bol,sex_m,age_ythadult_y15_24,eco_isic4_l,2019,0.524
bol,sex_m,age_ythadult_y15_24,eco_isic4_l,2021,0.534
bol,sex_m,age_ythadult_y15_24,eco_isic4_l,2022,1.921
bol,sex_m,age_ythadult_y15_24,eco_isic4_l,2023,1.181
bol,sex_m,age_ythadult_y15_24,eco_isic4_l,2024,1.768
bol,sex_m,age_ythadult_y15_24,eco_isic4_m,2011,4.33
bol,sex_m,age_ythadult_y15_24,eco_isic4_m,2012,8.753
bol,sex_m,age_ythadult_y15_24,eco_isic4_m,2013,5.974
bol,sex_m,age_ythadult_y15_24,eco_isic4_m,2014,6.431
bol,sex_m,age_ythadult_y15_24,eco_isic4_m,2015,4.632
bol,sex_m,age_ythadult_y15_24,eco_isic4_m,2016,5.015
bol,sex_m,age_ythadult_y15_24,eco_isic4_m,2017,4.564
bol,sex_m,age_ythadult_y15_24,eco_isic4_m,2018,3.986
bol,sex_m,age_ythadult_y15_24,eco_isic4_m,2019,7.202
bol,sex_m,age_ythadult_y15_24,eco_isic4_m,2020,3.131
bol,sex_m,age_ythadult_y15_24,eco_isic4_m,2021,4.085
bol,sex_m,age_ythadult_y15_24,eco_isic4_m,2022,8.245
bol,sex_m,age_ythadult_y15_24,eco_isic4_m,2023,8.188
bol,sex_m,age_ythadult_y15_24,eco_isic4_m,2024,8.809
bol,sex_m,age_ythadult_y15_24,eco_isic4_n,2011,6.04
bol,sex_m,age_ythadult_y15_24,eco_isic4_n,2012,5.184
bol,sex_m,age_ythadult_y15_24,eco_isic4_n,2013,10.697
bol,sex_m,age_ythadult_y15_24,eco_isic4_n,2014,9.82
bol,sex_m,age_ythadult_y15_24,eco_isic4_n,2015,6.998
bol,sex_m,age_ythadult_y15_24,eco_isic4_n,2016,7.301
bol,sex_m,age_ythadult_y15_24,eco_isic4_n,2017,5.633
bol,sex_m,age_ythadult_y15_24,eco_isic4_n,2018,7.237
bol,sex_m,age_ythadult_y15_24,eco_isic4_n,2019,10.423
bol,sex_m,age_ythadult_y15_24,eco_isic4_n,2020,7.288
bol,sex_m,age_ythadult_y15_24,eco_isic4_n,2021,13.2
bol,sex_m,age_ythadult_y15_24,eco_isic4_n,2022,17.633
bol,sex_m,age_ythadult_y15_24,eco_isic4_n,2023,19.848
bol,sex_m,age_ythadult_y15_24,eco_isic4_n,2024,16.249
bol,sex_m,age_ythadult_y15_24,eco_isic4_o,2011,8.15
bol,sex_m,age_ythadult_y15_24,eco_isic4_o,2012,8.273
bol,sex_m,age_ythadult_y15_24,eco_isic4_o,2013,9.642
bol,sex_m,age_ythadult_y15_24,eco_isic4_o,2014,7.467
bol,sex_m,age_ythadult_y15_24,eco_isic4_o,2015,10.885
bol,sex_m,age_ythadult_y15_24,eco_isic4_o,2016,8.225
bol,sex_m,age_ythadult_y15_24,eco_isic4_o,2017,5.641
bol,sex_m,age_ythadult_y15_24,eco_isic4_o,2018,5.227
bol,sex_m,age_ythadult_y15_24,eco_isic4_o,2019,4.493
bol,sex_m,age_ythadult_y15_24,eco_isic4_o,2020,4.361
bol,sex_m,age_ythadult_y15_24,eco_isic4_o,2021,4.232
bol,sex_m,age_ythadult_y15_24,eco_isic4_o,2022,4.537
bol,sex_m,age_ythadult_y15_24,eco_isic4_o,2023,4.199
bol,sex_m,age_ythadult_y15_24,eco_isic4_o,2024,5.069
bol,sex_m,age_ythadult_y15_24,eco_isic4_p,2011,3.837
bol,sex_m,age_ythadult_y15_24,eco_isic4_p,2012,4.163
bol,sex_m,age_ythadult_y15_24,eco_isic4_p,2013,5.225
bol,sex_m,age_ythadult_y15_24,eco_isic4_p,2014,7.134
bol,sex_m,age_ythadult_y15_24,eco_isic4_p,2015,2.752
bol,sex_m,age_ythadult_y15_24,eco_isic4_p,2016,4.048
bol,sex_m,age_ythadult_y15_24,eco_isic4_p,2017,3.256
bol,sex_m,age_ythadult_y15_24,eco_isic4_p,2018,3.362
bol,sex_m,age_ythadult_y15_24,eco_isic4_p,2019,3.768
bol,sex_m,age_ythadult_y15_24,eco_isic4_p,2020,1.775
bol,sex_m,age_ythadult_y15_24,eco_isic4_p,2021,4.738
bol,sex_m,age_ythadult_y15_24,eco_isic4_p,2022,6.564
bol,sex_m,age_ythadult_y15_24,eco_isic4_p,2023,7.982
bol,sex_m,age_ythadult_y15_24,eco_isic4_p,2024,7.26
bol,sex_m,age_ythadult_y15_24,eco_isic4_q,2011,1.73
bol,sex_m,age_ythadult_y15_24,eco_isic4_q,2012,3.121
bol,sex_m,age_ythadult_y15_24,eco_isic4_q,2013,2.383
bol,sex_m,age_ythadult_y15_24,eco_isic4_q,2014,3.141
bol,sex_m,age_ythadult_y15_24,eco_isic4_q,2015,2.644
bol,sex_m,age_ythadult_y15_24,eco_isic4_q,2016,2.274
bol,sex_m,age_ythadult_y15_24,eco_isic4_q,2017,1.222
bol,sex_m,age_ythadult_y15_24,eco_isic4_q,2018,0.941
bol,sex_m,age_ythadult_y15_24,eco_isic4_q,2019,1.913
bol,sex_m,age_ythadult_y15_24,eco_isic4_q,2020,1.917
bol,sex_m,age_ythadult_y15_24,eco_isic4_q,2021,2.106
bol,sex_m,age_ythadult_y15_24,eco_isic4_q,2022,2.555
bol,sex_m,age_ythadult_y15_24,eco_isic4_q,2023,4.616
bol,sex_m,age_ythadult_y15_24,eco_isic4_q,2024,4.232
bol,sex_m,age_ythadult_y15_24,eco_isic4_r,2011,7.837
bol,sex_m,age_ythadult_y15_24,eco_isic4_r,2012,10.669
bol,sex_m,age_ythadult_y15_24,eco_isic4_r,2013,8.23
bol,sex_m,age_ythadult_y15_24,eco_isic4_r,2014,7.34
bol,sex_m,age_ythadult_y15_24,eco_isic4_r,2015,7.449
bol,sex_m,age_ythadult_y15_24,eco_isic4_r,2016,8.579
bol,sex_m,age_ythadult_y15_24,eco_isic4_r,2017,8.625
bol,sex_m,age_ythadult_y15_24,eco_isic4_r,2018,8.762
bol,sex_m,age_ythadult_y15_24,eco_isic4_r,2019,9.718
bol,sex_m,age_ythadult_y15_24,eco_isic4_r,2020,3.584
bol,sex_m,age_ythadult_y15_24,eco_isic4_r,2021,8.817
bol,sex_m,age_ythadult_y15_24,eco_isic4_r,2022,12.004
bol,sex_m,age_ythadult_y15_24,eco_isic4_r,2023,15.753
bol,sex_m,age_ythadult_y15_24,eco_isic4_r,2024,14.028
bol,sex_m,age_ythadult_y15_24,eco_isic4_s,2011,9.542
bol,sex_m,age_ythadult_y15_24,eco_isic4_s,2012,10.167
bol,sex_m,age_ythadult_y15_24,eco_isic4_s,2013,5.313
bol,sex_m,age_ythadult_y15_24,eco_isic4_s,2014,9.259
bol,sex_m,age_ythadult_y15_24,eco_isic4_s,2015,8.658
bol,sex_m,age_ythadult_y15_24,eco_isic4_s,2016,8.52
bol,sex_m,age_ythadult_y15_24,eco_isic4_s,2017,8.888
bol,sex_m,age_ythadult_y15_24,eco_isic4_s,2018,10.132
bol,sex_m,age_ythadult_y15_24,eco_isic4_s,2019,13.075
bol,sex_m,age_ythadult_y15_24,eco_isic4_s,2020,10.902
bol,sex_m,age_ythadult_y15_24,eco_isic4_s,2021,13.816
bol,sex_m,age_ythadult_y15_24,eco_isic4_s,2022,14.499
bol,sex_m,age_ythadult_y15_24,eco_isic4_s,2023,12.34
bol,sex_m,age_ythadult_y15_24,eco_isic4_s,2024,21.771
bol,sex_m,age_ythadult_y15_24,eco_isic4_t,2012,0
bol,sex_m,age_ythadult_y15_24,eco_isic4_t,2016,0.647
bol,sex_m,age_ythadult_y15_24,eco_isic4_t,2017,0.494
bol,sex_m,age_ythadult_y15_24,eco_isic4_t,2018,0.663
bol,sex_m,age_ythadult_y15_24,eco_isic4_t,2019,1.273
bol,sex_m,age_ythadult_y15_24,eco_isic4_t,2021,1.073
bol,sex_m,age_ythadult_y15_24,eco_isic4_t,2022,1.288
bol,sex_m,age_ythadult_y15_24,eco_isic4_t,2023,1.244
bol,sex_m,age_ythadult_y15_24,eco_isic4_t,2024,0.779
bol,sex_m,age_ythadult_y15_24,eco_isic4_total,2011,566.402
bol,sex_m,age_ythadult_y15_24,eco_isic4_total,2012,506.051
bol,sex_m,age_ythadult_y15_24,eco_isic4_total,2013,470.1
bol,sex_m,age_ythadult_y15_24,eco_isic4_total,2014,566.327
bol,sex_m,age_ythadult_y15_24,eco_isic4_total,2015,512.35
bol,sex_m,age_ythadult_y15_24,eco_isic4_total,2016,498.067
bol,sex_m,age_ythadult_y15_24,eco_isic4_total,2017,507.033
bol,sex_m,age_ythadult_y15_24,eco_isic4_total,2018,518.917
bol,sex_m,age_ythadult_y15_24,eco_isic4_total,2019,555.952
bol,sex_m,age_ythadult_y15_24,eco_isic4_total,2020,467.51
bol,sex_m,age_ythadult_y15_24,eco_isic4_total,2021,645.44
bol,sex_m,age_ythadult_y15_24,eco_isic4_total,2022,664.556
bol,sex_m,age_ythadult_y15_24,eco_isic4_total,2023,660.555
bol,sex_m,age_ythadult_y15_24,eco_isic4_total,2024,684.092
bol,sex_m,age_ythadult_y15_24,eco_isic4_x,2017,0.341
bol,sex_m,age_ythadult_y15_24,eco_isic4_x,2020,2.081
bol,sex_m,age_ythadult_y15_24,eco_isic4_x,2021,2.292
bol,sex_m,age_ythadult_y15_24,eco_isic4_x,2022,3.085
bol,sex_m,age_ythadult_y15_24,eco_isic4_x,2023,3.309
bol,sex_m,age_ythadult_y15_24,eco_isic4_x,2024,4.756
bol,sex_m,age_ythadult_y15_24,eco_sector_agr,1991,2.222
bol,sex_m,age_ythadult_y15_24,eco_sector_agr,1992,1.967
bol,sex_m,age_ythadult_y15_24,eco_sector_agr,1993,3.03
bol,sex_m,age_ythadult_y15_24,eco_sector_agr,1994,2.253
bol,sex_m,age_ythadult_y15_24,eco_sector_agr,1995,2.994
bol,sex_m,age_ythadult_y15_24,eco_sector_agr,2000,177.121
bol,sex_m,age_ythadult_y15_24,eco_sector_agr,2001,229.719
bol,sex_m,age_ythadult_y15_24,eco_sector_agr,2002,247.479
bol,sex_m,age_ythadult_y15_24,eco_sector_agr,2005,170.2
bol,sex_m,age_ythadult_y15_24,eco_sector_agr,2006,212.516
bol,sex_m,age_ythadult_y15_24,eco_sector_agr,2007,198.929
bol,sex_m,age_ythadult_y15_24,eco_sector_agr,2008,176.253
bol,sex_m,age_ythadult_y15_24,eco_sector_agr,2009,162.291
bol,sex_m,age_ythadult_y15_24,eco_sector_agr,2011,204.81
bol,sex_m,age_ythadult_y15_24,eco_sector_agr,2012,176.098
bol,sex_m,age_ythadult_y15_24,eco_sector_agr,2013,160.744
bol,sex_m,age_ythadult_y15_24,eco_sector_agr,2014,171.694
bol,sex_m,age_ythadult_y15_24,eco_sector_agr,2015,148.765
bol,sex_m,age_ythadult_y15_24,eco_sector_agr,2016,164.111
bol,sex_m,age_ythadult_y15_24,eco_sector_agr,2017,169.97
bol,sex_m,age_ythadult_y15_24,eco_sector_agr,2018,170.116
bol,sex_m,age_ythadult_y15_24,eco_sector_agr,2019,156.177
bol,sex_m,age_ythadult_y15_24,eco_sector_agr,2020,172.957
bol,sex_m,age_ythadult_y15_24,eco_sector_agr,2021,180.715
bol,sex_m,age_ythadult_y15_24,eco_sector_agr,2022,166.452
bol,sex_m,age_ythadult_y15_24,eco_sector_agr,2023,171.655
bol,sex_m,age_ythadult_y15_24,eco_sector_agr,2024,148.38
bol,sex_m,age_ythadult_y15_24,eco_sector_ind,1989,22.62
bol,sex_m,age_ythadult_y15_24,eco_sector_ind,1990,33.175
bol,sex_m,age_ythadult_y15_24,eco_sector_ind,1991,56.516
bol,sex_m,age_ythadult_y15_24,eco_sector_ind,1992,63.438
bol,sex_m,age_ythadult_y15_24,eco_sector_ind,1993,58.495
bol,sex_m,age_ythadult_y15_24,eco_sector_ind,1994,69.011
bol,sex_m,age_ythadult_y15_24,eco_sector_ind,1995,70.145
bol,sex_m,age_ythadult_y15_24,eco_sector_ind,1999,38.852
bol,sex_m,age_ythadult_y15_24,eco_sector_ind,2000,125.637
bol,sex_m,age_ythadult_y15_24,eco_sector_ind,2001,106.145
bol,sex_m,age_ythadult_y15_24,eco_sector_ind,2002,103.338
bol,sex_m,age_ythadult_y15_24,eco_sector_ind,2005,129.936
bol,sex_m,age_ythadult_y15_24,eco_sector_ind,2006,132.961
bol,sex_m,age_ythadult_y15_24,eco_sector_ind,2007,180.932
bol,sex_m,age_ythadult_y15_24,eco_sector_ind,2008,155.717
bol,sex_m,age_ythadult_y15_24,eco_sector_ind,2009,176.729
bol,sex_m,age_ythadult_y15_24,eco_sector_ind,2011,167.23
bol,sex_m,age_ythadult_y15_24,eco_sector_ind,2012,143.977
bol,sex_m,age_ythadult_y15_24,eco_sector_ind,2013,141.619
bol,sex_m,age_ythadult_y15_24,eco_sector_ind,2014,198.255
bol,sex_m,age_ythadult_y15_24,eco_sector_ind,2015,182.287
bol,sex_m,age_ythadult_y15_24,eco_sector_ind,2016,165.386
bol,sex_m,age_ythadult_y15_24,eco_sector_ind,2017,160.012
bol,sex_m,age_ythadult_y15_24,eco_sector_ind,2018,154.5
bol,sex_m,age_ythadult_y15_24,eco_sector_ind,2019,170.019
bol,sex_m,age_ythadult_y15_24,eco_sector_ind,2020,137.138
bol,sex_m,age_ythadult_y15_24,eco_sector_ind,2021,185.763
bol,sex_m,age_ythadult_y15_24,eco_sector_ind,2022,178.124
bol,sex_m,age_ythadult_y15_24,eco_sector_ind,2023,170.449
bol,sex_m,age_ythadult_y15_24,eco_sector_ind,2024,187.244
bol,sex_m,age_ythadult_y15_24,eco_sector_nag,1989,98.67
bol,sex_m,age_ythadult_y15_24,eco_sector_nag,1990,116.31
bol,sex_m,age_ythadult_y15_24,eco_sector_nag,1991,119.261
bol,sex_m,age_ythadult_y15_24,eco_sector_nag,1992,123.508
bol,sex_m,age_ythadult_y15_24,eco_sector_nag,1993,134.193
bol,sex_m,age_ythadult_y15_24,eco_sector_nag,1994,144.847
bol,sex_m,age_ythadult_y15_24,eco_sector_nag,1995,156.375
bol,sex_m,age_ythadult_y15_24,eco_sector_nag,1999,479.382
bol,sex_m,age_ythadult_y15_24,eco_sector_nag,2000,245.966
bol,sex_m,age_ythadult_y15_24,eco_sector_nag,2001,252.426
bol,sex_m,age_ythadult_y15_24,eco_sector_nag,2002,239.761
bol,sex_m,age_ythadult_y15_24,eco_sector_nag,2005,265.677
bol,sex_m,age_ythadult_y15_24,eco_sector_nag,2006,304.015
bol,sex_m,age_ythadult_y15_24,eco_sector_nag,2007,330.345
bol,sex_m,age_ythadult_y15_24,eco_sector_nag,2008,336.277
bol,sex_m,age_ythadult_y15_24,eco_sector_nag,2009,363.147
bol,sex_m,age_ythadult_y15_24,eco_sector_nag,2011,361.592
bol,sex_m,age_ythadult_y15_24,eco_sector_nag,2012,329.953
bol,sex_m,age_ythadult_y15_24,eco_sector_nag,2013,309.356
bol,sex_m,age_ythadult_y15_24,eco_sector_nag,2014,394.633
bol,sex_m,age_ythadult_y15_24,eco_sector_nag,2015,363.585
bol,sex_m,age_ythadult_y15_24,eco_sector_nag,2016,333.957
bol,sex_m,age_ythadult_y15_24,eco_sector_nag,2017,337.064
bol,sex_m,age_ythadult_y15_24,eco_sector_nag,2018,348.801
bol,sex_m,age_ythadult_y15_24,eco_sector_nag,2019,399.775
bol,sex_m,age_ythadult_y15_24,eco_sector_nag,2020,294.554
bol,sex_m,age_ythadult_y15_24,eco_sector_nag,2021,464.725
bol,sex_m,age_ythadult_y15_24,eco_sector_nag,2022,498.104
bol,sex_m,age_ythadult_y15_24,eco_sector_nag,2023,488.901
bol,sex_m,age_ythadult_y15_24,eco_sector_nag,2024,535.712
bol,sex_m,age_ythadult_y15_24,eco_sector_ser,1989,71.249
bol,sex_m,age_ythadult_y15_24,eco_sector_ser,1990,77.229
bol,sex_m,age_ythadult_y15_24,eco_sector_ser,1991,62.745
bol,sex_m,age_ythadult_y15_24,eco_sector_ser,1992,59.899
bol,sex_m,age_ythadult_y15_24,eco_sector_ser,1993,75.698
bol,sex_m,age_ythadult_y15_24,eco_sector_ser,1994,75.836
bol,sex_m,age_ythadult_y15_24,eco_sector_ser,1995,86.23
bol,sex_m,age_ythadult_y15_24,eco_sector_ser,1999,407.956
bol,sex_m,age_ythadult_y15_24,eco_sector_ser,2000,116.227
bol,sex_m,age_ythadult_y15_24,eco_sector_ser,2001,140.215
bol,sex_m,age_ythadult_y15_24,eco_sector_ser,2002,136.423
bol,sex_m,age_ythadult_y15_24,eco_sector_ser,2005,135.741
bol,sex_m,age_ythadult_y15_24,eco_sector_ser,2006,171.054
bol,sex_m,age_ythadult_y15_24,eco_sector_ser,2007,149.413
bol,sex_m,age_ythadult_y15_24,eco_sector_ser,2008,180.56
bol,sex_m,age_ythadult_y15_24,eco_sector_ser,2009,186.418
bol,sex_m,age_ythadult_y15_24,eco_sector_ser,2011,194.362
bol,sex_m,age_ythadult_y15_24,eco_sector_ser,2012,185.976
bol,sex_m,age_ythadult_y15_24,eco_sector_ser,2013,167.737
bol,sex_m,age_ythadult_y15_24,eco_sector_ser,2014,196.378
bol,sex_m,age_ythadult_y15_24,eco_sector_ser,2015,180.173
bol,sex_m,age_ythadult_y15_24,eco_sector_ser,2016,168.571
bol,sex_m,age_ythadult_y15_24,eco_sector_ser,2017,176.711
bol,sex_m,age_ythadult_y15_24,eco_sector_ser,2018,194.301
bol,sex_m,age_ythadult_y15_24,eco_sector_ser,2019,229.756
bol,sex_m,age_ythadult_y15_24,eco_sector_ser,2020,155.334
bol,sex_m,age_ythadult_y15_24,eco_sector_ser,2021,276.67
bol,sex_m,age_ythadult_y15_24,eco_sector_ser,2022,316.895
bol,sex_m,age_ythadult_y15_24,eco_sector_ser,2023,315.142
bol,sex_m,age_ythadult_y15_24,eco_sector_ser,2024,343.712
bol,sex_m,age_ythadult_y15_24,eco_sector_total,1989,98.67
bol,sex_m,age_ythadult_y15_24,eco_sector_total,1990,116.31
bol,sex_m,age_ythadult_y15_24,eco_sector_total,1991,121.483
bol,sex_m,age_ythadult_y15_24,eco_sector_total,1992,125.475
bol,sex_m,age_ythadult_y15_24,eco_sector_total,1993,137.223
bol,sex_m,age_ythadult_y15_24,eco_sector_total,1994,147.1
bol,sex_m,age_ythadult_y15_24,eco_sector_total,1995,159.369
bol,sex_m,age_ythadult_y15_24,eco_sector_total,1999,479.382
bol,sex_m,age_ythadult_y15_24,eco_sector_total,2000,423.087
bol,sex_m,age_ythadult_y15_24,eco_sector_total,2001,482.145
bol,sex_m,age_ythadult_y15_24,eco_sector_total,2002,487.24
bol,sex_m,age_ythadult_y15_24,eco_sector_total,2005,435.877
bol,sex_m,age_ythadult_y15_24,eco_sector_total,2006,516.531
bol,sex_m,age_ythadult_y15_24,eco_sector_total,2007,529.274
bol,sex_m,age_ythadult_y15_24,eco_sector_total,2008,512.53
bol,sex_m,age_ythadult_y15_24,eco_sector_total,2009,525.438
bol,sex_m,age_ythadult_y15_24,eco_sector_total,2011,566.402
bol,sex_m,age_ythadult_y15_24,eco_sector_total,2012,506.051
bol,sex_m,age_ythadult_y15_24,eco_sector_total,2013,470.1
bol,sex_m,age_ythadult_y15_24,eco_sector_total,2014,566.327
bol,sex_m,age_ythadult_y15_24,eco_sector_total,2015,512.35
bol,sex_m,age_ythadult_y15_24,eco_sector_total,2016,498.067
bol,sex_m,age_ythadult_y15_24,eco_sector_total,2017,507.033
bol,sex_m,age_ythadult_y15_24,eco_sector_total,2018,518.917
bol,sex_m,age_ythadult_y15_24,eco_sector_total,2019,555.952
bol,sex_m,age_ythadult_y15_24,eco_sector_total,2020,467.51
bol,sex_m,age_ythadult_y15_24,eco_sector_total,2021,645.44
bol,sex_m,age_ythadult_y15_24,eco_sector_total,2022,664.556
bol,sex_m,age_ythadult_y15_24,eco_sector_total,2023,660.555
bol,sex_m,age_ythadult_y15_24,eco_sector_total,2024,684.092
bol,sex_m,age_ythadult_y15_24,eco_sector_x,1989,4.802
bol,sex_m,age_ythadult_y15_24,eco_sector_x,1990,5.906
bol,sex_m,age_ythadult_y15_24,eco_sector_x,1999,32.574
bol,sex_m,age_ythadult_y15_24,eco_sector_x,2000,4.102
bol,sex_m,age_ythadult_y15_24,eco_sector_x,2001,6.066
bol,sex_m,age_ythadult_y15_24,eco_sector_x,2017,0.341
bol,sex_m,age_ythadult_y15_24,eco_sector_x,2020,2.081
bol,sex_m,age_ythadult_y15_24,eco_sector_x,2021,2.292
bol,sex_m,age_ythadult_y15_24,eco_sector_x,2022,3.085
bol,sex_m,age_ythadult_y15_24,eco_sector_x,2023,3.309
bol,sex_m,age_ythadult_y15_24,eco_sector_x,2024,4.756
bol,sex_m,age_ythadult_y15_64,eco_aggregate_agr,1991,11.692
bol,sex_m,age_ythadult_y15_64,eco_aggregate_agr,1992,14.666
bol,sex_m,age_ythadult_y15_64,eco_aggregate_agr,1993,15.731
bol,sex_m,age_ythadult_y15_64,eco_aggregate_agr,1994,14.089
bol,sex_m,age_ythadult_y15_64,eco_aggregate_agr,1995,19.501
bol,sex_m,age_ythadult_y15_64,eco_aggregate_agr,2000,642.09
bol,sex_m,age_ythadult_y15_64,eco_aggregate_agr,2001,741.193
bol,sex_m,age_ythadult_y15_64,eco_aggregate_agr,2002,757.317
bol,sex_m,age_ythadult_y15_64,eco_aggregate_agr,2005,638.115
bol,sex_m,age_ythadult_y15_64,eco_aggregate_agr,2006,738.503
bol,sex_m,age_ythadult_y15_64,eco_aggregate_agr,2007,632.206
bol,sex_m,age_ythadult_y15_64,eco_aggregate_agr,2008,663.596
bol,sex_m,age_ythadult_y15_64,eco_aggregate_agr,2009,650.203
bol,sex_m,age_ythadult_y15_64,eco_aggregate_agr,2011,753.026
bol,sex_m,age_ythadult_y15_64,eco_aggregate_agr,2012,684.667
bol,sex_m,age_ythadult_y15_64,eco_aggregate_agr,2013,731.96
bol,sex_m,age_ythadult_y15_64,eco_aggregate_agr,2014,729.391
bol,sex_m,age_ythadult_y15_64,eco_aggregate_agr,2015,690.619
bol,sex_m,age_ythadult_y15_64,eco_aggregate_agr,2016,706.013
bol,sex_m,age_ythadult_y15_64,eco_aggregate_agr,2017,705.679
bol,sex_m,age_ythadult_y15_64,eco_aggregate_agr,2018,738.886
bol,sex_m,age_ythadult_y15_64,eco_aggregate_agr,2019,686.011
bol,sex_m,age_ythadult_y15_64,eco_aggregate_agr,2020,741.414
bol,sex_m,age_ythadult_y15_64,eco_aggregate_agr,2021,727.052
bol,sex_m,age_ythadult_y15_64,eco_aggregate_agr,2022,688.296
bol,sex_m,age_ythadult_y15_64,eco_aggregate_agr,2023,704.743
bol,sex_m,age_ythadult_y15_64,eco_aggregate_agr,2024,648.415
bol,sex_m,age_ythadult_y15_64,eco_aggregate_con,1991,79.122
bol,sex_m,age_ythadult_y15_64,eco_aggregate_con,1992,87.825
bol,sex_m,age_ythadult_y15_64,eco_aggregate_con,1993,83.926
bol,sex_m,age_ythadult_y15_64,eco_aggregate_con,1994,108.892
bol,sex_m,age_ythadult_y15_64,eco_aggregate_con,1995,98.464
bol,sex_m,age_ythadult_y15_64,eco_aggregate_con,2000,221.493
bol,sex_m,age_ythadult_y15_64,eco_aggregate_con,2001,175.897
bol,sex_m,age_ythadult_y15_64,eco_aggregate_con,2002,190.375
bol,sex_m,age_ythadult_y15_64,eco_aggregate_con,2005,241.739
bol,sex_m,age_ythadult_y15_64,eco_aggregate_con,2006,235.658
bol,sex_m,age_ythadult_y15_64,eco_aggregate_con,2007,296.457
bol,sex_m,age_ythadult_y15_64,eco_aggregate_con,2008,304.694
bol,sex_m,age_ythadult_y15_64,eco_aggregate_con,2009,340.06
bol,sex_m,age_ythadult_y15_64,eco_aggregate_con,2011,350.035
bol,sex_m,age_ythadult_y15_64,eco_aggregate_con,2012,329.731
bol,sex_m,age_ythadult_y15_64,eco_aggregate_con,2013,321.351
bol,sex_m,age_ythadult_y15_64,eco_aggregate_con,2014,412.556
bol,sex_m,age_ythadult_y15_64,eco_aggregate_con,2015,441.912
bol,sex_m,age_ythadult_y15_64,eco_aggregate_con,2016,400.337
bol,sex_m,age_ythadult_y15_64,eco_aggregate_con,2017,407.944
bol,sex_m,age_ythadult_y15_64,eco_aggregate_con,2018,382.308
bol,sex_m,age_ythadult_y15_64,eco_aggregate_con,2019,416.214
bol,sex_m,age_ythadult_y15_64,eco_aggregate_con,2020,411.793
bol,sex_m,age_ythadult_y15_64,eco_aggregate_con,2021,427.325
bol,sex_m,age_ythadult_y15_64,eco_aggregate_con,2022,445.319
bol,sex_m,age_ythadult_y15_64,eco_aggregate_con,2023,431.715
bol,sex_m,age_ythadult_y15_64,eco_aggregate_con,2024,457.438
bol,sex_m,age_ythadult_y15_64,eco_aggregate_man,1989,88.549
bol,sex_m,age_ythadult_y15_64,eco_aggregate_man,1990,109.815
bol,sex_m,age_ythadult_y15_64,eco_aggregate_man,1991,114.953
bol,sex_m,age_ythadult_y15_64,eco_aggregate_man,1992,126.521
bol,sex_m,age_ythadult_y15_64,eco_aggregate_man,1993,122.147
bol,sex_m,age_ythadult_y15_64,eco_aggregate_man,1994,130.344
bol,sex_m,age_ythadult_y15_64,eco_aggregate_man,1995,137.123
bol,sex_m,age_ythadult_y15_64,eco_aggregate_man,1999,212.4
bol,sex_m,age_ythadult_y15_64,eco_aggregate_man,2000,214.581
bol,sex_m,age_ythadult_y15_64,eco_aggregate_man,2001,192.387
bol,sex_m,age_ythadult_y15_64,eco_aggregate_man,2002,252.603
bol,sex_m,age_ythadult_y15_64,eco_aggregate_man,2005,271.191
bol,sex_m,age_ythadult_y15_64,eco_aggregate_man,2006,257.142
bol,sex_m,age_ythadult_y15_64,eco_aggregate_man,2007,305.519
bol,sex_m,age_ythadult_y15_64,eco_aggregate_man,2008,296.059
bol,sex_m,age_ythadult_y15_64,eco_aggregate_man,2009,334.349
bol,sex_m,age_ythadult_y15_64,eco_aggregate_man,2011,227.627
bol,sex_m,age_ythadult_y15_64,eco_aggregate_man,2012,209.792
bol,sex_m,age_ythadult_y15_64,eco_aggregate_man,2013,219.261
bol,sex_m,age_ythadult_y15_64,eco_aggregate_man,2014,285.317
bol,sex_m,age_ythadult_y15_64,eco_aggregate_man,2015,265.85
bol,sex_m,age_ythadult_y15_64,eco_aggregate_man,2016,280.429
bol,sex_m,age_ythadult_y15_64,eco_aggregate_man,2017,287.333
bol,sex_m,age_ythadult_y15_64,eco_aggregate_man,2018,293.285
bol,sex_m,age_ythadult_y15_64,eco_aggregate_man,2019,335.692
bol,sex_m,age_ythadult_y15_64,eco_aggregate_man,2020,273.103
bol,sex_m,age_ythadult_y15_64,eco_aggregate_man,2021,355.18
bol,sex_m,age_ythadult_y15_64,eco_aggregate_man,2022,372.054
bol,sex_m,age_ythadult_y15_64,eco_aggregate_man,2023,375.089
bol,sex_m,age_ythadult_y15_64,eco_aggregate_man,2024,410.359
bol,sex_m,age_ythadult_y15_64,eco_aggregate_mel,1989,18.308
bol,sex_m,age_ythadult_y15_64,eco_aggregate_mel,1990,13.365
bol,sex_m,age_ythadult_y15_64,eco_aggregate_mel,1991,24.921
bol,sex_m,age_ythadult_y15_64,eco_aggregate_mel,1992,23.675
bol,sex_m,age_ythadult_y15_64,eco_aggregate_mel,1993,17.653
bol,sex_m,age_ythadult_y15_64,eco_aggregate_mel,1994,18.116
bol,sex_m,age_ythadult_y15_64,eco_aggregate_mel,1995,20.507
bol,sex_m,age_ythadult_y15_64,eco_aggregate_mel,1999,103.055
bol,sex_m,age_ythadult_y15_64,eco_aggregate_mel,2000,59.777
bol,sex_m,age_ythadult_y15_64,eco_aggregate_mel,2001,51.125
bol,sex_m,age_ythadult_y15_64,eco_aggregate_mel,2002,39.817
bol,sex_m,age_ythadult_y15_64,eco_aggregate_mel,2005,70.728
bol,sex_m,age_ythadult_y15_64,eco_aggregate_mel,2006,63.209
bol,sex_m,age_ythadult_y15_64,eco_aggregate_mel,2007,79.445
bol,sex_m,age_ythadult_y15_64,eco_aggregate_mel,2008,66.736
bol,sex_m,age_ythadult_y15_64,eco_aggregate_mel,2009,56.755
bol,sex_m,age_ythadult_y15_64,eco_aggregate_mel,2011,106.765
bol,sex_m,age_ythadult_y15_64,eco_aggregate_mel,2012,124.423
bol,sex_m,age_ythadult_y15_64,eco_aggregate_mel,2013,123.122
bol,sex_m,age_ythadult_y15_64,eco_aggregate_mel,2014,109.051
bol,sex_m,age_ythadult_y15_64,eco_aggregate_mel,2015,117.736
bol,sex_m,age_ythadult_y15_64,eco_aggregate_mel,2016,92.615
bol,sex_m,age_ythadult_y15_64,eco_aggregate_mel,2017,76.727
bol,sex_m,age_ythadult_y15_64,eco_aggregate_mel,2018,95.94
bol,sex_m,age_ythadult_y15_64,eco_aggregate_mel,2019,82.141
bol,sex_m,age_ythadult_y15_64,eco_aggregate_mel,2020,59.768
bol,sex_m,age_ythadult_y15_64,eco_aggregate_mel,2021,87.075
bol,sex_m,age_ythadult_y15_64,eco_aggregate_mel,2022,91.23
bol,sex_m,age_ythadult_y15_64,eco_aggregate_mel,2023,83.013
bol,sex_m,age_ythadult_y15_64,eco_aggregate_mel,2024,102.172
bol,sex_m,age_ythadult_y15_64,eco_aggregate_mkt,1989,190.708
bol,sex_m,age_ythadult_y15_64,eco_aggregate_mkt,1990,187.034
bol,sex_m,age_ythadult_y15_64,eco_aggregate_mkt,1991,190.015
bol,sex_m,age_ythadult_y15_64,eco_aggregate_mkt,1992,200.768
bol,sex_m,age_ythadult_y15_64,eco_aggregate_mkt,1993,234.369
bol,sex_m,age_ythadult_y15_64,eco_aggregate_mkt,1994,249.384
bol,sex_m,age_ythadult_y15_64,eco_aggregate_mkt,1995,261.671
bol,sex_m,age_ythadult_y15_64,eco_aggregate_mkt,1999,1332.893
bol,sex_m,age_ythadult_y15_64,eco_aggregate_mkt,2000,431.868
bol,sex_m,age_ythadult_y15_64,eco_aggregate_mkt,2001,446.637
bol,sex_m,age_ythadult_y15_64,eco_aggregate_mkt,2002,440.794
bol,sex_m,age_ythadult_y15_64,eco_aggregate_mkt,2005,547.95
bol,sex_m,age_ythadult_y15_64,eco_aggregate_mkt,2006,591.106
bol,sex_m,age_ythadult_y15_64,eco_aggregate_mkt,2007,604.038
bol,sex_m,age_ythadult_y15_64,eco_aggregate_mkt,2008,711.375
bol,sex_m,age_ythadult_y15_64,eco_aggregate_mkt,2009,706.857
bol,sex_m,age_ythadult_y15_64,eco_aggregate_mkt,2011,740.923
bol,sex_m,age_ythadult_y15_64,eco_aggregate_mkt,2012,775.017
bol,sex_m,age_ythadult_y15_64,eco_aggregate_mkt,2013,764.955
bol,sex_m,age_ythadult_y15_64,eco_aggregate_mkt,2014,795.649
bol,sex_m,age_ythadult_y15_64,eco_aggregate_mkt,2015,809.019
bol,sex_m,age_ythadult_y15_64,eco_aggregate_mkt,2016,774.963
bol,sex_m,age_ythadult_y15_64,eco_aggregate_mkt,2017,804.765
bol,sex_m,age_ythadult_y15_64,eco_aggregate_mkt,2018,842.046
bol,sex_m,age_ythadult_y15_64,eco_aggregate_mkt,2019,958.908
bol,sex_m,age_ythadult_y15_64,eco_aggregate_mkt,2020,973.713
bol,sex_m,age_ythadult_y15_64,eco_aggregate_mkt,2021,1061.731
bol,sex_m,age_ythadult_y15_64,eco_aggregate_mkt,2022,1177.547
bol,sex_m,age_ythadult_y15_64,eco_aggregate_mkt,2023,1175.138
bol,sex_m,age_ythadult_y15_64,eco_aggregate_mkt,2024,1229.1
bol,sex_m,age_ythadult_y15_64,eco_aggregate_pub,1989,171.004
bol,sex_m,age_ythadult_y15_64,eco_aggregate_pub,1990,183.227
bol,sex_m,age_ythadult_y15_64,eco_aggregate_pub,1991,124.822
bol,sex_m,age_ythadult_y15_64,eco_aggregate_pub,1992,111.925
bol,sex_m,age_ythadult_y15_64,eco_aggregate_pub,1993,110.486
bol,sex_m,age_ythadult_y15_64,eco_aggregate_pub,1994,118.2
bol,sex_m,age_ythadult_y15_64,eco_aggregate_pub,1995,121.138
bol,sex_m,age_ythadult_y15_64,eco_aggregate_pub,1999,122.197
bol,sex_m,age_ythadult_y15_64,eco_aggregate_pub,2000,209.843
bol,sex_m,age_ythadult_y15_64,eco_aggregate_pub,2001,193.378
bol,sex_m,age_ythadult_y15_64,eco_aggregate_pub,2002,211.329
bol,sex_m,age_ythadult_y15_64,eco_aggregate_pub,2005,244.995
bol,sex_m,age_ythadult_y15_64,eco_aggregate_pub,2006,280.514
bol,sex_m,age_ythadult_y15_64,eco_aggregate_pub,2007,295.595
bol,sex_m,age_ythadult_y15_64,eco_aggregate_pub,2008,294.49
bol,sex_m,age_ythadult_y15_64,eco_aggregate_pub,2009,346.769
bol,sex_m,age_ythadult_y15_64,eco_aggregate_pub,2011,327.469
bol,sex_m,age_ythadult_y15_64,eco_aggregate_pub,2012,321.285
bol,sex_m,age_ythadult_y15_64,eco_aggregate_pub,2013,362.002
bol,sex_m,age_ythadult_y15_64,eco_aggregate_pub,2014,304.254
bol,sex_m,age_ythadult_y15_64,eco_aggregate_pub,2015,324.365
bol,sex_m,age_ythadult_y15_64,eco_aggregate_pub,2016,306.164
bol,sex_m,age_ythadult_y15_64,eco_aggregate_pub,2017,300.399
bol,sex_m,age_ythadult_y15_64,eco_aggregate_pub,2018,302.283
bol,sex_m,age_ythadult_y15_64,eco_aggregate_pub,2019,328.977
bol,sex_m,age_ythadult_y15_64,eco_aggregate_pub,2020,320.766
bol,sex_m,age_ythadult_y15_64,eco_aggregate_pub,2021,334.308
bol,sex_m,age_ythadult_y15_64,eco_aggregate_pub,2022,352.237
bol,sex_m,age_ythadult_y15_64,eco_aggregate_pub,2023,379.964
bol,sex_m,age_ythadult_y15_64,eco_aggregate_pub,2024,379.334
bol,sex_m,age_ythadult_y15_64,eco_aggregate_total,1989,485.906
bol,sex_m,age_ythadult_y15_64,eco_aggregate_total,1990,514.237
bol,sex_m,age_ythadult_y15_64,eco_aggregate_total,1991,545.56
bol,sex_m,age_ythadult_y15_64,eco_aggregate_total,1992,566.434
bol,sex_m,age_ythadult_y15_64,eco_aggregate_total,1993,584.379
bol,sex_m,age_ythadult_y15_64,eco_aggregate_total,1994,639.025
bol,sex_m,age_ythadult_y15_64,eco_aggregate_total,1995,659.688
bol,sex_m,age_ythadult_y15_64,eco_aggregate_total,1999,1967.021
bol,sex_m,age_ythadult_y15_64,eco_aggregate_total,2000,1789.517
bol,sex_m,age_ythadult_y15_64,eco_aggregate_total,2001,1813.989
bol,sex_m,age_ythadult_y15_64,eco_aggregate_total,2002,1892.235
bol,sex_m,age_ythadult_y15_64,eco_aggregate_total,2005,2014.718
bol,sex_m,age_ythadult_y15_64,eco_aggregate_total,2006,2166.132
bol,sex_m,age_ythadult_y15_64,eco_aggregate_total,2007,2213.26
bol,sex_m,age_ythadult_y15_64,eco_aggregate_total,2008,2338.294
bol,sex_m,age_ythadult_y15_64,eco_aggregate_total,2009,2434.993
bol,sex_m,age_ythadult_y15_64,eco_aggregate_total,2011,2505.845
bol,sex_m,age_ythadult_y15_64,eco_aggregate_total,2012,2444.915
bol,sex_m,age_ythadult_y15_64,eco_aggregate_total,2013,2522.811
bol,sex_m,age_ythadult_y15_64,eco_aggregate_total,2014,2636.415
bol,sex_m,age_ythadult_y15_64,eco_aggregate_total,2015,2652.121
bol,sex_m,age_ythadult_y15_64,eco_aggregate_total,2016,2560.521
bol,sex_m,age_ythadult_y15_64,eco_aggregate_total,2017,2583.308
bol,sex_m,age_ythadult_y15_64,eco_aggregate_total,2018,2654.748
bol,sex_m,age_ythadult_y15_64,eco_aggregate_total,2019,2807.942
bol,sex_m,age_ythadult_y15_64,eco_aggregate_total,2020,2787.405
bol,sex_m,age_ythadult_y15_64,eco_aggregate_total,2021,2999.528
bol,sex_m,age_ythadult_y15_64,eco_aggregate_total,2022,3135.547
bol,sex_m,age_ythadult_y15_64,eco_aggregate_total,2023,3157.506
bol,sex_m,age_ythadult_y15_64,eco_aggregate_total,2024,3239.169
bol,sex_m,age_ythadult_y15_64,eco_aggregate_x,1989,17.338
bol,sex_m,age_ythadult_y15_64,eco_aggregate_x,1990,20.796
bol,sex_m,age_ythadult_y15_64,eco_aggregate_x,1999,189.087
bol,sex_m,age_ythadult_y15_64,eco_aggregate_x,2000,9.865
bol,sex_m,age_ythadult_y15_64,eco_aggregate_x,2001,13.372
bol,sex_m,age_ythadult_y15_64,eco_aggregate_x,2014,0.197
bol,sex_m,age_ythadult_y15_64,eco_aggregate_x,2015,2.62
bol,sex_m,age_ythadult_y15_64,eco_isic3_a,1991,11.639
bol,sex_m,age_ythadult_y15_64,eco_isic3_a,1992,14.666
bol,sex_m,age_ythadult_y15_64,eco_isic3_a,1993,15.673
bol,sex_m,age_ythadult_y15_64,eco_isic3_a,1994,13.95
bol,sex_m,age_ythadult_y15_64,eco_isic3_a,1995,19.425
bol,sex_m,age_ythadult_y15_64,eco_isic3_a,2000,642.09
bol,sex_m,age_ythadult_y15_64,eco_isic3_a,2001,741.193
bol,sex_m,age_ythadult_y15_64,eco_isic3_a,2002,754.765
bol,sex_m,age_ythadult_y15_64,eco_isic3_a,2005,634.134
bol,sex_m,age_ythadult_y15_64,eco_isic3_a,2006,729.711
bol,sex_m,age_ythadult_y15_64,eco_isic3_a,2007,630.611
bol,sex_m,age_ythadult_y15_64,eco_isic3_a,2008,659.932
bol,sex_m,age_ythadult_y15_64,eco_isic3_a,2009,646.388
bol,sex_m,age_ythadult_y15_64,eco_isic3_b,2006,8.792
bol,sex_m,age_ythadult_y15_64,eco_isic3_c,1989,15.114
bol,sex_m,age_ythadult_y15_64,eco_isic3_c,1990,9.548
bol,sex_m,age_ythadult_y15_64,eco_isic3_c,1991,18.286
bol,sex_m,age_ythadult_y15_64,eco_isic3_c,1992,17.011
bol,sex_m,age_ythadult_y15_64,eco_isic3_c,1993,13.526
bol,sex_m,age_ythadult_y15_64,eco_isic3_c,1994,13.311
bol,sex_m,age_ythadult_y15_64,eco_isic3_c,1995,16.749
bol,sex_m,age_ythadult_y15_64,eco_isic3_c,1999,58.806
bol,sex_m,age_ythadult_y15_64,eco_isic3_c,2000,44.473
bol,sex_m,age_ythadult_y15_64,eco_isic3_c,2001,43.269
bol,sex_m,age_ythadult_y15_64,eco_isic3_c,2002,33.017
bol,sex_m,age_ythadult_y15_64,eco_isic3_c,2005,59.758
bol,sex_m,age_ythadult_y15_64,eco_isic3_c,2006,50.603
bol,sex_m,age_ythadult_y15_64,eco_isic3_c,2007,66.272
bol,sex_m,age_ythadult_y15_64,eco_isic3_c,2008,53.278
bol,sex_m,age_ythadult_y15_64,eco_isic3_c,2009,46.384
bol,sex_m,age_ythadult_y15_64,eco_isic3_d,1989,88.549
bol,sex_m,age_ythadult_y15_64,eco_isic3_d,1990,109.815
bol,sex_m,age_ythadult_y15_64,eco_isic3_d,1991,114.953
bol,sex_m,age_ythadult_y15_64,eco_isic3_d,1992,126.521
bol,sex_m,age_ythadult_y15_64,eco_isic3_d,1993,122.147
bol,sex_m,age_ythadult_y15_64,eco_isic3_d,1994,130.344
bol,sex_m,age_ythadult_y15_64,eco_isic3_d,1995,137.123
bol,sex_m,age_ythadult_y15_64,eco_isic3_d,1999,212.4
bol,sex_m,age_ythadult_y15_64,eco_isic3_d,2000,214.581
bol,sex_m,age_ythadult_y15_64,eco_isic3_d,2001,192.387
bol,sex_m,age_ythadult_y15_64,eco_isic3_d,2002,252.603
bol,sex_m,age_ythadult_y15_64,eco_isic3_d,2005,271.191
bol,sex_m,age_ythadult_y15_64,eco_isic3_d,2006,257.142
bol,sex_m,age_ythadult_y15_64,eco_isic3_d,2007,305.519
bol,sex_m,age_ythadult_y15_64,eco_isic3_d,2008,296.059
bol,sex_m,age_ythadult_y15_64,eco_isic3_d,2009,334.349
bol,sex_m,age_ythadult_y15_64,eco_isic3_e,1989,3.194
bol,sex_m,age_ythadult_y15_64,eco_isic3_e,1990,3.817
bol,sex_m,age_ythadult_y15_64,eco_isic3_e,1991,6.635
bol,sex_m,age_ythadult_y15_64,eco_isic3_e,1992,6.664
bol,sex_m,age_ythadult_y15_64,eco_isic3_e,1993,4.127
bol,sex_m,age_ythadult_y15_64,eco_isic3_e,1994,4.805
bol,sex_m,age_ythadult_y15_64,eco_isic3_e,1995,3.758
bol,sex_m,age_ythadult_y15_64,eco_isic3_e,1999,44.249
bol,sex_m,age_ythadult_y15_64,eco_isic3_e,2000,15.304
bol,sex_m,age_ythadult_y15_64,eco_isic3_e,2001,7.856
bol,sex_m,age_ythadult_y15_64,eco_isic3_e,2002,6.8
bol,sex_m,age_ythadult_y15_64,eco_isic3_e,2006,12.606
bol,sex_m,age_ythadult_y15_64,eco_isic3_e,2008,13.458
bol,sex_m,age_ythadult_y15_64,eco_isic3_e,2009,10.371
bol,sex_m,age_ythadult_y15_64,eco_isic3_f,1991,79.122
bol,sex_m,age_ythadult_y15_64,eco_isic3_f,1992,87.825
bol,sex_m,age_ythadult_y15_64,eco_isic3_f,1993,83.926
bol,sex_m,age_ythadult_y15_64,eco_isic3_f,1994,108.892
bol,sex_m,age_ythadult_y15_64,eco_isic3_f,1995,98.464
bol,sex_m,age_ythadult_y15_64,eco_isic3_f,2000,221.493
bol,sex_m,age_ythadult_y15_64,eco_isic3_f,2001,175.897
bol,sex_m,age_ythadult_y15_64,eco_isic3_f,2002,190.375
bol,sex_m,age_ythadult_y15_64,eco_isic3_f,2005,241.739
bol,sex_m,age_ythadult_y15_64,eco_isic3_f,2006,235.658
bol,sex_m,age_ythadult_y15_64,eco_isic3_f,2007,296.457
bol,sex_m,age_ythadult_y15_64,eco_isic3_f,2008,304.694
bol,sex_m,age_ythadult_y15_64,eco_isic3_f,2009,340.06
bol,sex_m,age_ythadult_y15_64,eco_isic3_g,1989,59.852
bol,sex_m,age_ythadult_y15_64,eco_isic3_g,1990,56.877
bol,sex_m,age_ythadult_y15_64,eco_isic3_g,1991,90.606
bol,sex_m,age_ythadult_y15_64,eco_isic3_g,1992,99.327
bol,sex_m,age_ythadult_y15_64,eco_isic3_g,1993,105.64
bol,sex_m,age_ythadult_y15_64,eco_isic3_g,1994,122.431
bol,sex_m,age_ythadult_y15_64,eco_isic3_g,1995,131.676
bol,sex_m,age_ythadult_y15_64,eco_isic3_g,1999,125.364
bol,sex_m,age_ythadult_y15_64,eco_isic3_g,2000,186.062
bol,sex_m,age_ythadult_y15_64,eco_isic3_g,2001,183.489
bol,sex_m,age_ythadult_y15_64,eco_isic3_g,2002,187.977
bol,sex_m,age_ythadult_y15_64,eco_isic3_g,2005,224.223
bol,sex_m,age_ythadult_y15_64,eco_isic3_g,2006,228.957
bol,sex_m,age_ythadult_y15_64,eco_isic3_g,2007,235.732
bol,sex_m,age_ythadult_y15_64,eco_isic3_g,2008,286.291
bol,sex_m,age_ythadult_y15_64,eco_isic3_g,2009,272.555
bol,sex_m,age_ythadult_y15_64,eco_isic3_h,1991,12.015
bol,sex_m,age_ythadult_y15_64,eco_isic3_h,1992,11.222
bol,sex_m,age_ythadult_y15_64,eco_isic3_h,1993,14.025
bol,sex_m,age_ythadult_y15_64,eco_isic3_h,1994,15.135
bol,sex_m,age_ythadult_y15_64,eco_isic3_h,1995,14.782
bol,sex_m,age_ythadult_y15_64,eco_isic3_h,2000,21.646
bol,sex_m,age_ythadult_y15_64,eco_isic3_h,2001,28.511
bol,sex_m,age_ythadult_y15_64,eco_isic3_h,2002,35.508
bol,sex_m,age_ythadult_y15_64,eco_isic3_h,2005,32.745
bol,sex_m,age_ythadult_y15_64,eco_isic3_h,2006,41.945
bol,sex_m,age_ythadult_y15_64,eco_isic3_h,2007,26.965
bol,sex_m,age_ythadult_y15_64,eco_isic3_h,2008,50.19
bol,sex_m,age_ythadult_y15_64,eco_isic3_h,2009,44.745
bol,sex_m,age_ythadult_y15_64,eco_isic3_i,1989,69.293
bol,sex_m,age_ythadult_y15_64,eco_isic3_i,1990,67.297
bol,sex_m,age_ythadult_y15_64,eco_isic3_i,1991,62.447
bol,sex_m,age_ythadult_y15_64,eco_isic3_i,1992,65.127
bol,sex_m,age_ythadult_y15_64,eco_isic3_i,1993,83.675
bol,sex_m,age_ythadult_y15_64,eco_isic3_i,1994,80.119
bol,sex_m,age_ythadult_y15_64,eco_isic3_i,1995,84.693
bol,sex_m,age_ythadult_y15_64,eco_isic3_i,1999,711.677
bol,sex_m,age_ythadult_y15_64,eco_isic3_i,2000,138.966
bol,sex_m,age_ythadult_y15_64,eco_isic3_i,2001,155.016
bol,sex_m,age_ythadult_y15_64,eco_isic3_i,2002,157.402
bol,sex_m,age_ythadult_y15_64,eco_isic3_i,2005,223.814
bol,sex_m,age_ythadult_y15_64,eco_isic3_i,2006,209.418
bol,sex_m,age_ythadult_y15_64,eco_isic3_i,2007,233.819
bol,sex_m,age_ythadult_y15_64,eco_isic3_i,2008,283.725
bol,sex_m,age_ythadult_y15_64,eco_isic3_i,2009,277.804
bol,sex_m,age_ythadult_y15_64,eco_isic3_j,1993,8.081
bol,sex_m,age_ythadult_y15_64,eco_isic3_j,1995,7.663
bol,sex_m,age_ythadult_y15_64,eco_isic3_j,2005,4.068
bol,sex_m,age_ythadult_y15_64,eco_isic3_j,2006,13.564
bol,sex_m,age_ythadult_y15_64,eco_isic3_j,2007,17.243
bol,sex_m,age_ythadult_y15_64,eco_isic3_j,2008,17.111
bol,sex_m,age_ythadult_y15_64,eco_isic3_j,2009,21.335
bol,sex_m,age_ythadult_y15_64,eco_isic3_k,1989,61.562
bol,sex_m,age_ythadult_y15_64,eco_isic3_k,1990,62.86
bol,sex_m,age_ythadult_y15_64,eco_isic3_k,1991,19.268
bol,sex_m,age_ythadult_y15_64,eco_isic3_k,1992,20.861
bol,sex_m,age_ythadult_y15_64,eco_isic3_k,1993,22.948
bol,sex_m,age_ythadult_y15_64,eco_isic3_k,1994,22.925
bol,sex_m,age_ythadult_y15_64,eco_isic3_k,1995,22.857
bol,sex_m,age_ythadult_y15_64,eco_isic3_k,1999,495.852
bol,sex_m,age_ythadult_y15_64,eco_isic3_k,2000,71.663
bol,sex_m,age_ythadult_y15_64,eco_isic3_k,2001,64.358
bol,sex_m,age_ythadult_y15_64,eco_isic3_k,2002,49.731
bol,sex_m,age_ythadult_y15_64,eco_isic3_k,2005,63.1
bol,sex_m,age_ythadult_y15_64,eco_isic3_k,2006,97.222
bol,sex_m,age_ythadult_y15_64,eco_isic3_k,2007,90.279
bol,sex_m,age_ythadult_y15_64,eco_isic3_k,2008,74.058
bol,sex_m,age_ythadult_y15_64,eco_isic3_k,2009,90.418
bol,sex_m,age_ythadult_y15_64,eco_isic3_l,1991,45.303
bol,sex_m,age_ythadult_y15_64,eco_isic3_l,1992,46.096
bol,sex_m,age_ythadult_y15_64,eco_isic3_l,1993,42.756
bol,sex_m,age_ythadult_y15_64,eco_isic3_l,1994,45.052
bol,sex_m,age_ythadult_y15_64,eco_isic3_l,1995,42.598
bol,sex_m,age_ythadult_y15_64,eco_isic3_l,2000,60.754
bol,sex_m,age_ythadult_y15_64,eco_isic3_l,2001,54.522
bol,sex_m,age_ythadult_y15_64,eco_isic3_l,2002,56.506
bol,sex_m,age_ythadult_y15_64,eco_isic3_l,2005,61.298
bol,sex_m,age_ythadult_y15_64,eco_isic3_l,2006,79.623
bol,sex_m,age_ythadult_y15_64,eco_isic3_l,2007,107.603
bol,sex_m,age_ythadult_y15_64,eco_isic3_l,2008,101.644
bol,sex_m,age_ythadult_y15_64,eco_isic3_l,2009,102.381
bol,sex_m,age_ythadult_y15_64,eco_isic3_m,1989,15.166
bol,sex_m,age_ythadult_y15_64,eco_isic3_m,1990,17.739
bol,sex_m,age_ythadult_y15_64,eco_isic3_m,1991,27.025
bol,sex_m,age_ythadult_y15_64,eco_isic3_m,1992,25.506
bol,sex_m,age_ythadult_y15_64,eco_isic3_m,1993,27.812
bol,sex_m,age_ythadult_y15_64,eco_isic3_m,1994,29.014
bol,sex_m,age_ythadult_y15_64,eco_isic3_m,1995,30.957
bol,sex_m,age_ythadult_y15_64,eco_isic3_m,2000,73.409
bol,sex_m,age_ythadult_y15_64,eco_isic3_m,2001,64.716
bol,sex_m,age_ythadult_y15_64,eco_isic3_m,2002,69.188
bol,sex_m,age_ythadult_y15_64,eco_isic3_m,2005,89.92
bol,sex_m,age_ythadult_y15_64,eco_isic3_m,2006,91.507
bol,sex_m,age_ythadult_y15_64,eco_isic3_m,2007,90.691
bol,sex_m,age_ythadult_y15_64,eco_isic3_m,2008,91.223
bol,sex_m,age_ythadult_y15_64,eco_isic3_m,2009,115.944
bol,sex_m,age_ythadult_y15_64,eco_isic3_n,1991,10.305
bol,sex_m,age_ythadult_y15_64,eco_isic3_n,1992,9.482
bol,sex_m,age_ythadult_y15_64,eco_isic3_n,1993,12.37
bol,sex_m,age_ythadult_y15_64,eco_isic3_n,1994,11.958
bol,sex_m,age_ythadult_y15_64,eco_isic3_n,1995,11.947
bol,sex_m,age_ythadult_y15_64,eco_isic3_n,2000,20.376
bol,sex_m,age_ythadult_y15_64,eco_isic3_n,2001,26.283
bol,sex_m,age_ythadult_y15_64,eco_isic3_n,2002,21.089
bol,sex_m,age_ythadult_y15_64,eco_isic3_n,2005,20.315
bol,sex_m,age_ythadult_y15_64,eco_isic3_n,2006,33.164
bol,sex_m,age_ythadult_y15_64,eco_isic3_n,2007,34.84
bol,sex_m,age_ythadult_y15_64,eco_isic3_n,2008,34.708
bol,sex_m,age_ythadult_y15_64,eco_isic3_n,2009,34.248
bol,sex_m,age_ythadult_y15_64,eco_isic3_o,1989,88.07
bol,sex_m,age_ythadult_y15_64,eco_isic3_o,1990,94.763
bol,sex_m,age_ythadult_y15_64,eco_isic3_o,1991,33.8
bol,sex_m,age_ythadult_y15_64,eco_isic3_o,1992,23.903
bol,sex_m,age_ythadult_y15_64,eco_isic3_o,1993,22.073
bol,sex_m,age_ythadult_y15_64,eco_isic3_o,1994,26.376
bol,sex_m,age_ythadult_y15_64,eco_isic3_o,1995,29.327
bol,sex_m,age_ythadult_y15_64,eco_isic3_o,1999,122.197
bol,sex_m,age_ythadult_y15_64,eco_isic3_o,2000,47.007
bol,sex_m,age_ythadult_y15_64,eco_isic3_o,2001,41.748
bol,sex_m,age_ythadult_y15_64,eco_isic3_o,2002,50.797
bol,sex_m,age_ythadult_y15_64,eco_isic3_o,2005,67.514
bol,sex_m,age_ythadult_y15_64,eco_isic3_o,2006,68.014
bol,sex_m,age_ythadult_y15_64,eco_isic3_o,2007,56.974
bol,sex_m,age_ythadult_y15_64,eco_isic3_o,2008,53.934
bol,sex_m,age_ythadult_y15_64,eco_isic3_o,2009,79.805
bol,sex_m,age_ythadult_y15_64,eco_isic3_p,1989,67.768
bol,sex_m,age_ythadult_y15_64,eco_isic3_p,1990,70.725
bol,sex_m,age_ythadult_y15_64,eco_isic3_p,1991,6.681
bol,sex_m,age_ythadult_y15_64,eco_isic3_p,1992,3.533
bol,sex_m,age_ythadult_y15_64,eco_isic3_p,1993,4.755
bol,sex_m,age_ythadult_y15_64,eco_isic3_p,1994,4.109
bol,sex_m,age_ythadult_y15_64,eco_isic3_p,1995,4.328
bol,sex_m,age_ythadult_y15_64,eco_isic3_p,2000,7.312
bol,sex_m,age_ythadult_y15_64,eco_isic3_p,2001,5.5
bol,sex_m,age_ythadult_y15_64,eco_isic3_p,2002,11.9
bol,sex_m,age_ythadult_y15_64,eco_isic3_p,2005,2.112
bol,sex_m,age_ythadult_y15_64,eco_isic3_p,2006,7.658
bol,sex_m,age_ythadult_y15_64,eco_isic3_p,2007,5.166
bol,sex_m,age_ythadult_y15_64,eco_isic3_p,2008,12.287
bol,sex_m,age_ythadult_y15_64,eco_isic3_p,2009,9.652
bol,sex_m,age_ythadult_y15_64,eco_isic3_q,1992,3.405
bol,sex_m,age_ythadult_y15_64,eco_isic3_q,1995,1.981
bol,sex_m,age_ythadult_y15_64,eco_isic3_q,2009,4.739
bol,sex_m,age_ythadult_y15_64,eco_isic3_total,1989,485.906
bol,sex_m,age_ythadult_y15_64,eco_isic3_total,1990,514.237
bol,sex_m,age_ythadult_y15_64,eco_isic3_total,1991,545.56
bol,sex_m,age_ythadult_y15_64,eco_isic3_total,1992,566.434
bol,sex_m,age_ythadult_y15_64,eco_isic3_total,1993,584.379
bol,sex_m,age_ythadult_y15_64,eco_isic3_total,1994,639.025
bol,sex_m,age_ythadult_y15_64,eco_isic3_total,1995,659.688
bol,sex_m,age_ythadult_y15_64,eco_isic3_total,1999,1967.021
bol,sex_m,age_ythadult_y15_64,eco_isic3_total,2000,1789.517
bol,sex_m,age_ythadult_y15_64,eco_isic3_total,2001,1813.989
bol,sex_m,age_ythadult_y15_64,eco_isic3_total,2002,1892.235
bol,sex_m,age_ythadult_y15_64,eco_isic3_total,2005,2014.718
bol,sex_m,age_ythadult_y15_64,eco_isic3_total,2006,2166.132
bol,sex_m,age_ythadult_y15_64,eco_isic3_total,2007,2213.26
bol,sex_m,age_ythadult_y15_64,eco_isic3_total,2008,2338.294
bol,sex_m,age_ythadult_y15_64,eco_isic3_total,2009,2434.993
bol,sex_m,age_ythadult_y15_64,eco_isic3_x,1989,17.338
bol,sex_m,age_ythadult_y15_64,eco_isic3_x,1990,20.796
bol,sex_m,age_ythadult_y15_64,eco_isic3_x,1999,189.087
bol,sex_m,age_ythadult_y15_64,eco_isic3_x,2000,9.865
bol,sex_m,age_ythadult_y15_64,eco_isic3_x,2001,13.372
bol,sex_m,age_ythadult_y15_64,eco_isic4_a,2011,753.026
bol,sex_m,age_ythadult_y15_64,eco_isic4_a,2012,684.667
bol,sex_m,age_ythadult_y15_64,eco_isic4_a,2013,731.96
bol,sex_m,age_ythadult_y15_64,eco_isic4_a,2014,729.391
bol,sex_m,age_ythadult_y15_64,eco_isic4_a,2015,690.619
bol,sex_m,age_ythadult_y15_64,eco_isic4_a,2016,706.013
bol,sex_m,age_ythadult_y15_64,eco_isic4_a,2017,705.679
bol,sex_m,age_ythadult_y15_64,eco_isic4_a,2018,738.886
bol,sex_m,age_ythadult_y15_64,eco_isic4_a,2019,686.011
bol,sex_m,age_ythadult_y15_64,eco_isic4_a,2020,741.414
bol,sex_m,age_ythadult_y15_64,eco_isic4_a,2021,727.052
bol,sex_m,age_ythadult_y15_64,eco_isic4_a,2022,688.296
bol,sex_m,age_ythadult_y15_64,eco_isic4_a,2023,704.743
bol,sex_m,age_ythadult_y15_64,eco_isic4_a,2024,648.415
bol,sex_m,age_ythadult_y15_64,eco_isic4_b,2011,93.392
bol,sex_m,age_ythadult_y15_64,eco_isic4_b,2012,105.177
bol,sex_m,age_ythadult_y15_64,eco_isic4_b,2013,108.487
bol,sex_m,age_ythadult_y15_64,eco_isic4_b,2014,96.424
bol,sex_m,age_ythadult_y15_64,eco_isic4_b,2015,103.72
bol,sex_m,age_ythadult_y15_64,eco_isic4_b,2016,77.092
bol,sex_m,age_ythadult_y15_64,eco_isic4_b,2017,64.891
bol,sex_m,age_ythadult_y15_64,eco_isic4_b,2018,82.184
bol,sex_m,age_ythadult_y15_64,eco_isic4_b,2019,68.241
bol,sex_m,age_ythadult_y15_64,eco_isic4_b,2020,47.8
bol,sex_m,age_ythadult_y15_64,eco_isic4_b,2021,72.424
bol,sex_m,age_ythadult_y15_64,eco_isic4_b,2022,75.557
bol,sex_m,age_ythadult_y15_64,eco_isic4_b,2023,70.128
bol,sex_m,age_ythadult_y15_64,eco_isic4_b,2024,87.844
bol,sex_m,age_ythadult_y15_64,eco_isic4_c,2011,227.627
bol,sex_m,age_ythadult_y15_64,eco_isic4_c,2012,209.792
bol,sex_m,age_ythadult_y15_64,eco_isic4_c,2013,219.261
bol,sex_m,age_ythadult_y15_64,eco_isic4_c,2014,285.317
bol,sex_m,age_ythadult_y15_64,eco_isic4_c,2015,265.85
bol,sex_m,age_ythadult_y15_64,eco_isic4_c,2016,280.429
bol,sex_m,age_ythadult_y15_64,eco_isic4_c,2017,287.333
bol,sex_m,age_ythadult_y15_64,eco_isic4_c,2018,293.285
bol,sex_m,age_ythadult_y15_64,eco_isic4_c,2019,335.692
bol,sex_m,age_ythadult_y15_64,eco_isic4_c,2020,273.103
bol,sex_m,age_ythadult_y15_64,eco_isic4_c,2021,355.18
bol,sex_m,age_ythadult_y15_64,eco_isic4_c,2022,372.054
bol,sex_m,age_ythadult_y15_64,eco_isic4_c,2023,375.089
bol,sex_m,age_ythadult_y15_64,eco_isic4_c,2024,410.359
bol,sex_m,age_ythadult_y15_64,eco_isic4_d,2011,6.988
bol,sex_m,age_ythadult_y15_64,eco_isic4_d,2012,12.327
bol,sex_m,age_ythadult_y15_64,eco_isic4_d,2013,9.25
bol,sex_m,age_ythadult_y15_64,eco_isic4_d,2014,7.478
bol,sex_m,age_ythadult_y15_64,eco_isic4_d,2015,6.799
bol,sex_m,age_ythadult_y15_64,eco_isic4_d,2016,8.97
bol,sex_m,age_ythadult_y15_64,eco_isic4_d,2017,6.14
bol,sex_m,age_ythadult_y15_64,eco_isic4_d,2018,7.435
bol,sex_m,age_ythadult_y15_64,eco_isic4_d,2019,8.672
bol,sex_m,age_ythadult_y15_64,eco_isic4_d,2020,8.155
bol,sex_m,age_ythadult_y15_64,eco_isic4_d,2021,8.212
bol,sex_m,age_ythadult_y15_64,eco_isic4_d,2022,8.865
bol,sex_m,age_ythadult_y15_64,eco_isic4_d,2023,6.149
bol,sex_m,age_ythadult_y15_64,eco_isic4_d,2024,8.109
bol,sex_m,age_ythadult_y15_64,eco_isic4_e,2011,6.385
bol,sex_m,age_ythadult_y15_64,eco_isic4_e,2012,6.919
bol,sex_m,age_ythadult_y15_64,eco_isic4_e,2013,5.385
bol,sex_m,age_ythadult_y15_64,eco_isic4_e,2014,5.149
bol,sex_m,age_ythadult_y15_64,eco_isic4_e,2015,7.217
bol,sex_m,age_ythadult_y15_64,eco_isic4_e,2016,6.552
bol,sex_m,age_ythadult_y15_64,eco_isic4_e,2017,5.696
bol,sex_m,age_ythadult_y15_64,eco_isic4_e,2018,6.321
bol,sex_m,age_ythadult_y15_64,eco_isic4_e,2019,5.228
bol,sex_m,age_ythadult_y15_64,eco_isic4_e,2021,6.439
bol,sex_m,age_ythadult_y15_64,eco_isic4_e,2022,6.808
bol,sex_m,age_ythadult_y15_64,eco_isic4_e,2023,6.735
bol,sex_m,age_ythadult_y15_64,eco_isic4_e,2024,6.219
bol,sex_m,age_ythadult_y15_64,eco_isic4_f,2011,350.035
bol,sex_m,age_ythadult_y15_64,eco_isic4_f,2012,329.731
bol,sex_m,age_ythadult_y15_64,eco_isic4_f,2013,321.351
bol,sex_m,age_ythadult_y15_64,eco_isic4_f,2014,412.556
bol,sex_m,age_ythadult_y15_64,eco_isic4_f,2015,441.912
bol,sex_m,age_ythadult_y15_64,eco_isic4_f,2016,400.337
bol,sex_m,age_ythadult_y15_64,eco_isic4_f,2017,407.944
bol,sex_m,age_ythadult_y15_64,eco_isic4_f,2018,382.308
bol,sex_m,age_ythadult_y15_64,eco_isic4_f,2019,416.214
bol,sex_m,age_ythadult_y15_64,eco_isic4_f,2020,411.793
bol,sex_m,age_ythadult_y15_64,eco_isic4_f,2021,427.325
bol,sex_m,age_ythadult_y15_64,eco_isic4_f,2022,445.319
bol,sex_m,age_ythadult_y15_64,eco_isic4_f,2023,431.715
bol,sex_m,age_ythadult_y15_64,eco_isic4_f,2024,457.438
bol,sex_m,age_ythadult_y15_64,eco_isic4_g,2011,289.734
bol,sex_m,age_ythadult_y15_64,eco_isic4_g,2012,295.545
bol,sex_m,age_ythadult_y15_64,eco_isic4_g,2013,279.173
bol,sex_m,age_ythadult_y15_64,eco_isic4_g,2014,306.809
bol,sex_m,age_ythadult_y15_64,eco_isic4_g,2015,304.341
bol,sex_m,age_ythadult_y15_64,eco_isic4_g,2016,280.001
bol,sex_m,age_ythadult_y15_64,eco_isic4_g,2017,289.645
bol,sex_m,age_ythadult_y15_64,eco_isic4_g,2018,307.266
bol,sex_m,age_ythadult_y15_64,eco_isic4_g,2019,345.175
bol,sex_m,age_ythadult_y15_64,eco_isic4_g,2020,394.215
bol,sex_m,age_ythadult_y15_64,eco_isic4_g,2021,425.301
bol,sex_m,age_ythadult_y15_64,eco_isic4_g,2022,448.269
bol,sex_m,age_ythadult_y15_64,eco_isic4_g,2023,448.401
bol,sex_m,age_ythadult_y15_64,eco_isic4_g,2024,474.113
bol,sex_m,age_ythadult_y15_64,eco_isic4_h,2011,254.152
bol,sex_m,age_ythadult_y15_64,eco_isic4_h,2012,272.082
bol,sex_m,age_ythadult_y15_64,eco_isic4_h,2013,258.392
bol,sex_m,age_ythadult_y15_64,eco_isic4_h,2014,272.442
bol,sex_m,age_ythadult_y15_64,eco_isic4_h,2015,289.016
bol,sex_m,age_ythadult_y15_64,eco_isic4_h,2016,300.64
bol,sex_m,age_ythadult_y15_64,eco_isic4_h,2017,315.346
bol,sex_m,age_ythadult_y15_64,eco_isic4_h,2018,317.301
bol,sex_m,age_ythadult_y15_64,eco_isic4_h,2019,369.193
bol,sex_m,age_ythadult_y15_64,eco_isic4_h,2020,300.706
bol,sex_m,age_ythadult_y15_64,eco_isic4_h,2021,371.987
bol,sex_m,age_ythadult_y15_64,eco_isic4_h,2022,423.122
bol,sex_m,age_ythadult_y15_64,eco_isic4_h,2023,412.975
bol,sex_m,age_ythadult_y15_64,eco_isic4_h,2024,428.745
bol,sex_m,age_ythadult_y15_64,eco_isic4_i,2011,52.913
bol,sex_m,age_ythadult_y15_64,eco_isic4_i,2012,54.113
bol,sex_m,age_ythadult_y15_64,eco_isic4_i,2013,56.247
bol,sex_m,age_ythadult_y15_64,eco_isic4_i,2014,56.367
bol,sex_m,age_ythadult_y15_64,eco_isic4_i,2015,56.642
bol,sex_m,age_ythadult_y15_64,eco_isic4_i,2016,53.186
bol,sex_m,age_ythadult_y15_64,eco_isic4_i,2017,59.282
bol,sex_m,age_ythadult_y15_64,eco_isic4_i,2018,72.355
bol,sex_m,age_ythadult_y15_64,eco_isic4_i,2019,81.503
bol,sex_m,age_ythadult_y15_64,eco_isic4_i,2020,78.914
bol,sex_m,age_ythadult_y15_64,eco_isic4_i,2021,91.412
bol,sex_m,age_ythadult_y15_64,eco_isic4_i,2022,110.916
bol,sex_m,age_ythadult_y15_64,eco_isic4_i,2023,112.232
bol,sex_m,age_ythadult_y15_64,eco_isic4_i,2024,123.751
bol,sex_m,age_ythadult_y15_64,eco_isic4_j,2011,36.941
bol,sex_m,age_ythadult_y15_64,eco_isic4_j,2012,32.869
bol,sex_m,age_ythadult_y15_64,eco_isic4_j,2013,32.54
bol,sex_m,age_ythadult_y15_64,eco_isic4_j,2014,33.363
bol,sex_m,age_ythadult_y15_64,eco_isic4_j,2015,27.279
bol,sex_m,age_ythadult_y15_64,eco_isic4_j,2016,26.096
bol,sex_m,age_ythadult_y15_64,eco_isic4_j,2017,26.417
bol,sex_m,age_ythadult_y15_64,eco_isic4_j,2018,25.449
bol,sex_m,age_ythadult_y15_64,eco_isic4_j,2019,28.002
bol,sex_m,age_ythadult_y15_64,eco_isic4_j,2020,32.668
bol,sex_m,age_ythadult_y15_64,eco_isic4_j,2021,20.07
bol,sex_m,age_ythadult_y15_64,eco_isic4_j,2022,21.076
bol,sex_m,age_ythadult_y15_64,eco_isic4_j,2023,23.355
bol,sex_m,age_ythadult_y15_64,eco_isic4_j,2024,27.002
bol,sex_m,age_ythadult_y15_64,eco_isic4_k,2011,15.464
bol,sex_m,age_ythadult_y15_64,eco_isic4_k,2012,21.063
bol,sex_m,age_ythadult_y15_64,eco_isic4_k,2013,29.097
bol,sex_m,age_ythadult_y15_64,eco_isic4_k,2014,24.664
bol,sex_m,age_ythadult_y15_64,eco_isic4_k,2015,25.918
bol,sex_m,age_ythadult_y15_64,eco_isic4_k,2016,20.299
bol,sex_m,age_ythadult_y15_64,eco_isic4_k,2017,19.686
bol,sex_m,age_ythadult_y15_64,eco_isic4_k,2018,20.245
bol,sex_m,age_ythadult_y15_64,eco_isic4_k,2019,20.407
bol,sex_m,age_ythadult_y15_64,eco_isic4_k,2020,30.588
bol,sex_m,age_ythadult_y15_64,eco_isic4_k,2021,21.525
bol,sex_m,age_ythadult_y15_64,eco_isic4_k,2022,24.892
bol,sex_m,age_ythadult_y15_64,eco_isic4_k,2023,24.806
bol,sex_m,age_ythadult_y15_64,eco_isic4_k,2024,27.015
bol,sex_m,age_ythadult_y15_64,eco_isic4_l,2012,2.207
bol,sex_m,age_ythadult_y15_64,eco_isic4_l,2013,2.927
bol,sex_m,age_ythadult_y15_64,eco_isic4_l,2014,5.018
bol,sex_m,age_ythadult_y15_64,eco_isic4_l,2015,4.398
bol,sex_m,age_ythadult_y15_64,eco_isic4_l,2016,7.844
bol,sex_m,age_ythadult_y15_64,eco_isic4_l,2017,10.271
bol,sex_m,age_ythadult_y15_64,eco_isic4_l,2018,9.437
bol,sex_m,age_ythadult_y15_64,eco_isic4_l,2019,8.374
bol,sex_m,age_ythadult_y15_64,eco_isic4_l,2020,8.144
bol,sex_m,age_ythadult_y15_64,eco_isic4_l,2021,11.48
bol,sex_m,age_ythadult_y15_64,eco_isic4_l,2022,11.658
bol,sex_m,age_ythadult_y15_64,eco_isic4_l,2023,12.822
bol,sex_m,age_ythadult_y15_64,eco_isic4_l,2024,13.243
bol,sex_m,age_ythadult_y15_64,eco_isic4_m,2011,64.561
bol,sex_m,age_ythadult_y15_64,eco_isic4_m,2012,67.707
bol,sex_m,age_ythadult_y15_64,eco_isic4_m,2013,72.102
bol,sex_m,age_ythadult_y15_64,eco_isic4_m,2014,61.965
bol,sex_m,age_ythadult_y15_64,eco_isic4_m,2015,63.915
bol,sex_m,age_ythadult_y15_64,eco_isic4_m,2016,52.272
bol,sex_m,age_ythadult_y15_64,eco_isic4_m,2017,53.219
bol,sex_m,age_ythadult_y15_64,eco_isic4_m,2018,53.468
bol,sex_m,age_ythadult_y15_64,eco_isic4_m,2019,56.951
bol,sex_m,age_ythadult_y15_64,eco_isic4_m,2020,89.871
bol,sex_m,age_ythadult_y15_64,eco_isic4_m,2021,67.161
bol,sex_m,age_ythadult_y15_64,eco_isic4_m,2022,74.106
bol,sex_m,age_ythadult_y15_64,eco_isic4_m,2023,72.046
bol,sex_m,age_ythadult_y15_64,eco_isic4_m,2024,69.107
bol,sex_m,age_ythadult_y15_64,eco_isic4_n,2011,22.897
bol,sex_m,age_ythadult_y15_64,eco_isic4_n,2012,29.431
bol,sex_m,age_ythadult_y15_64,eco_isic4_n,2013,34.477
bol,sex_m,age_ythadult_y15_64,eco_isic4_n,2014,35.021
bol,sex_m,age_ythadult_y15_64,eco_isic4_n,2015,37.51
bol,sex_m,age_ythadult_y15_64,eco_isic4_n,2016,34.624
bol,sex_m,age_ythadult_y15_64,eco_isic4_n,2017,30.9
bol,sex_m,age_ythadult_y15_64,eco_isic4_n,2018,36.525
bol,sex_m,age_ythadult_y15_64,eco_isic4_n,2019,49.303
bol,sex_m,age_ythadult_y15_64,eco_isic4_n,2020,38.608
bol,sex_m,age_ythadult_y15_64,eco_isic4_n,2021,52.794
bol,sex_m,age_ythadult_y15_64,eco_isic4_n,2022,63.508
bol,sex_m,age_ythadult_y15_64,eco_isic4_n,2023,68.501
bol,sex_m,age_ythadult_y15_64,eco_isic4_n,2024,66.124
bol,sex_m,age_ythadult_y15_64,eco_isic4_o,2011,110.965
bol,sex_m,age_ythadult_y15_64,eco_isic4_o,2012,100.4
bol,sex_m,age_ythadult_y15_64,eco_isic4_o,2013,117.842
bol,sex_m,age_ythadult_y15_64,eco_isic4_o,2014,100.291
bol,sex_m,age_ythadult_y15_64,eco_isic4_o,2015,108.103
bol,sex_m,age_ythadult_y15_64,eco_isic4_o,2016,101.966
bol,sex_m,age_ythadult_y15_64,eco_isic4_o,2017,95.709
bol,sex_m,age_ythadult_y15_64,eco_isic4_o,2018,89.338
bol,sex_m,age_ythadult_y15_64,eco_isic4_o,2019,93.832
bol,sex_m,age_ythadult_y15_64,eco_isic4_o,2020,95.333
bol,sex_m,age_ythadult_y15_64,eco_isic4_o,2021,93.034
bol,sex_m,age_ythadult_y15_64,eco_isic4_o,2022,101.079
bol,sex_m,age_ythadult_y15_64,eco_isic4_o,2023,99.457
bol,sex_m,age_ythadult_y15_64,eco_isic4_o,2024,95.304
bol,sex_m,age_ythadult_y15_64,eco_isic4_p,2011,99.351
bol,sex_m,age_ythadult_y15_64,eco_isic4_p,2012,97.362
bol,sex_m,age_ythadult_y15_64,eco_isic4_p,2013,117.044
bol,sex_m,age_ythadult_y15_64,eco_isic4_p,2014,99.488
bol,sex_m,age_ythadult_y15_64,eco_isic4_p,2015,83.389
bol,sex_m,age_ythadult_y15_64,eco_isic4_p,2016,91.432
bol,sex_m,age_ythadult_y15_64,eco_isic4_p,2017,91.97
bol,sex_m,age_ythadult_y15_64,eco_isic4_p,2018,92.8
bol,sex_m,age_ythadult_y15_64,eco_isic4_p,2019,100.473
bol,sex_m,age_ythadult_y15_64,eco_isic4_p,2020,76.832
bol,sex_m,age_ythadult_y15_64,eco_isic4_p,2021,100.143
bol,sex_m,age_ythadult_y15_64,eco_isic4_p,2022,106.033
bol,sex_m,age_ythadult_y15_64,eco_isic4_p,2023,118.378
bol,sex_m,age_ythadult_y15_64,eco_isic4_p,2024,111.546
bol,sex_m,age_ythadult_y15_64,eco_isic4_q,2011,40.781
bol,sex_m,age_ythadult_y15_64,eco_isic4_q,2012,38.341
bol,sex_m,age_ythadult_y15_64,eco_isic4_q,2013,51.535
bol,sex_m,age_ythadult_y15_64,eco_isic4_q,2014,35.02
bol,sex_m,age_ythadult_y15_64,eco_isic4_q,2015,43.839
bol,sex_m,age_ythadult_y15_64,eco_isic4_q,2016,38.788
bol,sex_m,age_ythadult_y15_64,eco_isic4_q,2017,36.475
bol,sex_m,age_ythadult_y15_64,eco_isic4_q,2018,35.006
bol,sex_m,age_ythadult_y15_64,eco_isic4_q,2019,38.296
bol,sex_m,age_ythadult_y15_64,eco_isic4_q,2020,51.878
bol,sex_m,age_ythadult_y15_64,eco_isic4_q,2021,45.323
bol,sex_m,age_ythadult_y15_64,eco_isic4_q,2022,45.387
bol,sex_m,age_ythadult_y15_64,eco_isic4_q,2023,54.297
bol,sex_m,age_ythadult_y15_64,eco_isic4_q,2024,59.96
bol,sex_m,age_ythadult_y15_64,eco_isic4_r,2011,27.136
bol,sex_m,age_ythadult_y15_64,eco_isic4_r,2012,29.453
bol,sex_m,age_ythadult_y15_64,eco_isic4_r,2013,29.078
bol,sex_m,age_ythadult_y15_64,eco_isic4_r,2014,23.032
bol,sex_m,age_ythadult_y15_64,eco_isic4_r,2015,26.123
bol,sex_m,age_ythadult_y15_64,eco_isic4_r,2016,25.972
bol,sex_m,age_ythadult_y15_64,eco_isic4_r,2017,25.704
bol,sex_m,age_ythadult_y15_64,eco_isic4_r,2018,28.067
bol,sex_m,age_ythadult_y15_64,eco_isic4_r,2019,27.831
bol,sex_m,age_ythadult_y15_64,eco_isic4_r,2020,17.087
bol,sex_m,age_ythadult_y15_64,eco_isic4_r,2021,22.571
bol,sex_m,age_ythadult_y15_64,eco_isic4_r,2022,33.246
bol,sex_m,age_ythadult_y15_64,eco_isic4_r,2023,44.947
bol,sex_m,age_ythadult_y15_64,eco_isic4_r,2024,41.62
bol,sex_m,age_ythadult_y15_64,eco_isic4_s,2011,44.511
bol,sex_m,age_ythadult_y15_64,eco_isic4_s,2012,51.076
bol,sex_m,age_ythadult_y15_64,eco_isic4_s,2013,43.736
bol,sex_m,age_ythadult_y15_64,eco_isic4_s,2014,42.379
bol,sex_m,age_ythadult_y15_64,eco_isic4_s,2015,56.038
bol,sex_m,age_ythadult_y15_64,eco_isic4_s,2016,45.485
bol,sex_m,age_ythadult_y15_64,eco_isic4_s,2017,46.352
bol,sex_m,age_ythadult_y15_64,eco_isic4_s,2018,52.008
bol,sex_m,age_ythadult_y15_64,eco_isic4_s,2019,62.34
bol,sex_m,age_ythadult_y15_64,eco_isic4_s,2020,77.056
bol,sex_m,age_ythadult_y15_64,eco_isic4_s,2021,66.56
bol,sex_m,age_ythadult_y15_64,eco_isic4_s,2022,60.24
bol,sex_m,age_ythadult_y15_64,eco_isic4_s,2023,57.08
bol,sex_m,age_ythadult_y15_64,eco_isic4_s,2024,66.055
bol,sex_m,age_ythadult_y15_64,eco_isic4_t,2011,3.526
bol,sex_m,age_ythadult_y15_64,eco_isic4_t,2012,3.034
bol,sex_m,age_ythadult_y15_64,eco_isic4_t,2013,2.646
bol,sex_m,age_ythadult_y15_64,eco_isic4_t,2014,3.826
bol,sex_m,age_ythadult_y15_64,eco_isic4_t,2015,6.22
bol,sex_m,age_ythadult_y15_64,eco_isic4_t,2016,2.075
bol,sex_m,age_ythadult_y15_64,eco_isic4_t,2017,3.398
bol,sex_m,age_ythadult_y15_64,eco_isic4_t,2018,4.269
bol,sex_m,age_ythadult_y15_64,eco_isic4_t,2019,5.551
bol,sex_m,age_ythadult_y15_64,eco_isic4_t,2020,1.589
bol,sex_m,age_ythadult_y15_64,eco_isic4_t,2021,6.572
bol,sex_m,age_ythadult_y15_64,eco_isic4_t,2022,5.437
bol,sex_m,age_ythadult_y15_64,eco_isic4_t,2023,5.552
bol,sex_m,age_ythadult_y15_64,eco_isic4_t,2024,4.248
bol,sex_m,age_ythadult_y15_64,eco_isic4_total,2011,2505.845
bol,sex_m,age_ythadult_y15_64,eco_isic4_total,2012,2444.915
bol,sex_m,age_ythadult_y15_64,eco_isic4_total,2013,2522.811
bol,sex_m,age_ythadult_y15_64,eco_isic4_total,2014,2636.415
bol,sex_m,age_ythadult_y15_64,eco_isic4_total,2015,2652.121
bol,sex_m,age_ythadult_y15_64,eco_isic4_total,2016,2560.521
bol,sex_m,age_ythadult_y15_64,eco_isic4_total,2017,2583.308
bol,sex_m,age_ythadult_y15_64,eco_isic4_total,2018,2654.748
bol,sex_m,age_ythadult_y15_64,eco_isic4_total,2019,2807.942
bol,sex_m,age_ythadult_y15_64,eco_isic4_total,2020,2787.405
bol,sex_m,age_ythadult_y15_64,eco_isic4_total,2021,2999.528
bol,sex_m,age_ythadult_y15_64,eco_isic4_total,2022,3135.547
bol,sex_m,age_ythadult_y15_64,eco_isic4_total,2023,3157.506
bol,sex_m,age_ythadult_y15_64,eco_isic4_total,2024,3239.169
bol,sex_m,age_ythadult_y15_64,eco_isic4_u,2015,0.653
bol,sex_m,age_ythadult_y15_64,eco_isic4_u,2016,0.447
bol,sex_m,age_ythadult_y15_64,eco_isic4_u,2017,0.79
bol,sex_m,age_ythadult_y15_64,eco_isic4_u,2019,0.654
bol,sex_m,age_ythadult_y15_64,eco_isic4_x,2014,0.197
bol,sex_m,age_ythadult_y15_64,eco_isic4_x,2015,2.62
bol,sex_m,age_ythadult_y15_64,eco_sector_agr,1991,11.692
bol,sex_m,age_ythadult_y15_64,eco_sector_agr,1992,14.666
bol,sex_m,age_ythadult_y15_64,eco_sector_agr,1993,15.731
bol,sex_m,age_ythadult_y15_64,eco_sector_agr,1994,14.089
bol,sex_m,age_ythadult_y15_64,eco_sector_agr,1995,19.501
bol,sex_m,age_ythadult_y15_64,eco_sector_agr,2000,642.09
bol,sex_m,age_ythadult_y15_64,eco_sector_agr,2001,741.193
bol,sex_m,age_ythadult_y15_64,eco_sector_agr,2002,757.317
bol,sex_m,age_ythadult_y15_64,eco_sector_agr,2005,638.115
bol,sex_m,age_ythadult_y15_64,eco_sector_agr,2006,738.503
bol,sex_m,age_ythadult_y15_64,eco_sector_agr,2007,632.206
bol,sex_m,age_ythadult_y15_64,eco_sector_agr,2008,663.596
bol,sex_m,age_ythadult_y15_64,eco_sector_agr,2009,650.203
bol,sex_m,age_ythadult_y15_64,eco_sector_agr,2011,753.026
bol,sex_m,age_ythadult_y15_64,eco_sector_agr,2012,684.667
bol,sex_m,age_ythadult_y15_64,eco_sector_agr,2013,731.96
bol,sex_m,age_ythadult_y15_64,eco_sector_agr,2014,729.391
bol,sex_m,age_ythadult_y15_64,eco_sector_agr,2015,690.619
bol,sex_m,age_ythadult_y15_64,eco_sector_agr,2016,706.013
bol,sex_m,age_ythadult_y15_64,eco_sector_agr,2017,705.679
bol,sex_m,age_ythadult_y15_64,eco_sector_agr,2018,738.886
bol,sex_m,age_ythadult_y15_64,eco_sector_agr,2019,686.011
bol,sex_m,age_ythadult_y15_64,eco_sector_agr,2020,741.414
bol,sex_m,age_ythadult_y15_64,eco_sector_agr,2021,727.052
bol,sex_m,age_ythadult_y15_64,eco_sector_agr,2022,688.296
bol,sex_m,age_ythadult_y15_64,eco_sector_agr,2023,704.743
bol,sex_m,age_ythadult_y15_64,eco_sector_agr,2024,648.415
bol,sex_m,age_ythadult_y15_64,eco_sector_ind,1989,106.858
bol,sex_m,age_ythadult_y15_64,eco_sector_ind,1990,123.18
bol,sex_m,age_ythadult_y15_64,eco_sector_ind,1991,218.996
bol,sex_m,age_ythadult_y15_64,eco_sector_ind,1992,238.021
bol,sex_m,age_ythadult_y15_64,eco_sector_ind,1993,223.726
bol,sex_m,age_ythadult_y15_64,eco_sector_ind,1994,257.352
bol,sex_m,age_ythadult_y15_64,eco_sector_ind,1995,256.094
bol,sex_m,age_ythadult_y15_64,eco_sector_ind,1999,315.455
bol,sex_m,age_ythadult_y15_64,eco_sector_ind,2000,495.851
bol,sex_m,age_ythadult_y15_64,eco_sector_ind,2001,419.409
bol,sex_m,age_ythadult_y15_64,eco_sector_ind,2002,482.795
bol,sex_m,age_ythadult_y15_64,eco_sector_ind,2005,583.658
bol,sex_m,age_ythadult_y15_64,eco_sector_ind,2006,556.009
bol,sex_m,age_ythadult_y15_64,eco_sector_ind,2007,681.421
bol,sex_m,age_ythadult_y15_64,eco_sector_ind,2008,667.489
bol,sex_m,age_ythadult_y15_64,eco_sector_ind,2009,731.164
bol,sex_m,age_ythadult_y15_64,eco_sector_ind,2011,684.427
bol,sex_m,age_ythadult_y15_64,eco_sector_ind,2012,663.946
bol,sex_m,age_ythadult_y15_64,eco_sector_ind,2013,663.734
bol,sex_m,age_ythadult_y15_64,eco_sector_ind,2014,806.924
bol,sex_m,age_ythadult_y15_64,eco_sector_ind,2015,825.498
bol,sex_m,age_ythadult_y15_64,eco_sector_ind,2016,773.381
bol,sex_m,age_ythadult_y15_64,eco_sector_ind,2017,772.004
bol,sex_m,age_ythadult_y15_64,eco_sector_ind,2018,771.533
bol,sex_m,age_ythadult_y15_64,eco_sector_ind,2019,834.047
bol,sex_m,age_ythadult_y15_64,eco_sector_ind,2020,744.664
bol,sex_m,age_ythadult_y15_64,eco_sector_ind,2021,869.58
bol,sex_m,age_ythadult_y15_64,eco_sector_ind,2022,908.603
bol,sex_m,age_ythadult_y15_64,eco_sector_ind,2023,889.817
bol,sex_m,age_ythadult_y15_64,eco_sector_ind,2024,969.969
bol,sex_m,age_ythadult_y15_64,eco_sector_nag,1989,485.906
bol,sex_m,age_ythadult_y15_64,eco_sector_nag,1990,514.237
bol,sex_m,age_ythadult_y15_64,eco_sector_nag,1991,533.868
bol,sex_m,age_ythadult_y15_64,eco_sector_nag,1992,551.768
bol,sex_m,age_ythadult_y15_64,eco_sector_nag,1993,568.648
bol,sex_m,age_ythadult_y15_64,eco_sector_nag,1994,624.936
bol,sex_m,age_ythadult_y15_64,eco_sector_nag,1995,640.187
bol,sex_m,age_ythadult_y15_64,eco_sector_nag,1999,1959.632
bol,sex_m,age_ythadult_y15_64,eco_sector_nag,2000,1147.427
bol,sex_m,age_ythadult_y15_64,eco_sector_nag,2001,1072.796
bol,sex_m,age_ythadult_y15_64,eco_sector_nag,2002,1134.918
bol,sex_m,age_ythadult_y15_64,eco_sector_nag,2005,1376.603
bol,sex_m,age_ythadult_y15_64,eco_sector_nag,2006,1427.629
bol,sex_m,age_ythadult_y15_64,eco_sector_nag,2007,1581.054
bol,sex_m,age_ythadult_y15_64,eco_sector_nag,2008,1674.698
bol,sex_m,age_ythadult_y15_64,eco_sector_nag,2009,1784.79
bol,sex_m,age_ythadult_y15_64,eco_sector_nag,2011,1752.819
bol,sex_m,age_ythadult_y15_64,eco_sector_nag,2012,1760.248
bol,sex_m,age_ythadult_y15_64,eco_sector_nag,2013,1790.851
bol,sex_m,age_ythadult_y15_64,eco_sector_nag,2014,1907.024
bol,sex_m,age_ythadult_y15_64,eco_sector_nag,2015,1961.502
bol,sex_m,age_ythadult_y15_64,eco_sector_nag,2016,1854.508
bol,sex_m,age_ythadult_y15_64,eco_sector_nag,2017,1877.629
bol,sex_m,age_ythadult_y15_64,eco_sector_nag,2018,1915.862
bol,sex_m,age_ythadult_y15_64,eco_sector_nag,2019,2121.931
bol,sex_m,age_ythadult_y15_64,eco_sector_nag,2020,2045.991
bol,sex_m,age_ythadult_y15_64,eco_sector_nag,2021,2272.476
bol,sex_m,age_ythadult_y15_64,eco_sector_nag,2022,2447.251
bol,sex_m,age_ythadult_y15_64,eco_sector_nag,2023,2452.763
bol,sex_m,age_ythadult_y15_64,eco_sector_nag,2024,2590.755
bol,sex_m,age_ythadult_y15_64,eco_sector_ser,1989,361.711
bol,sex_m,age_ythadult_y15_64,eco_sector_ser,1990,370.261
bol,sex_m,age_ythadult_y15_64,eco_sector_ser,1991,314.837
bol,sex_m,age_ythadult_y15_64,eco_sector_ser,1992,312.693
bol,sex_m,age_ythadult_y15_64,eco_sector_ser,1993,344.855
bol,sex_m,age_ythadult_y15_64,eco_sector_ser,1994,367.584
bol,sex_m,age_ythadult_y15_64,eco_sector_ser,1995,382.809
bol,sex_m,age_ythadult_y15_64,eco_sector_ser,1999,1455.09
bol,sex_m,age_ythadult_y15_64,eco_sector_ser,2000,641.711
bol,sex_m,age_ythadult_y15_64,eco_sector_ser,2001,640.015
bol,sex_m,age_ythadult_y15_64,eco_sector_ser,2002,652.123
bol,sex_m,age_ythadult_y15_64,eco_sector_ser,2005,792.945
bol,sex_m,age_ythadult_y15_64,eco_sector_ser,2006,871.62
bol,sex_m,age_ythadult_y15_64,eco_sector_ser,2007,899.633
bol,sex_m,age_ythadult_y15_64,eco_sector_ser,2008,1005.865
bol,sex_m,age_ythadult_y15_64,eco_sector_ser,2009,1053.626
bol,sex_m,age_ythadult_y15_64,eco_sector_ser,2011,1068.392
bol,sex_m,age_ythadult_y15_64,eco_sector_ser,2012,1096.302
bol,sex_m,age_ythadult_y15_64,eco_sector_ser,2013,1126.957
bol,sex_m,age_ythadult_y15_64,eco_sector_ser,2014,1099.903
bol,sex_m,age_ythadult_y15_64,eco_sector_ser,2015,1133.384
bol,sex_m,age_ythadult_y15_64,eco_sector_ser,2016,1081.127
bol,sex_m,age_ythadult_y15_64,eco_sector_ser,2017,1105.164
bol,sex_m,age_ythadult_y15_64,eco_sector_ser,2018,1144.329
bol,sex_m,age_ythadult_y15_64,eco_sector_ser,2019,1287.884
bol,sex_m,age_ythadult_y15_64,eco_sector_ser,2020,1294.479
bol,sex_m,age_ythadult_y15_64,eco_sector_ser,2021,1396.039
bol,sex_m,age_ythadult_y15_64,eco_sector_ser,2022,1529.784
bol,sex_m,age_ythadult_y15_64,eco_sector_ser,2023,1555.101
bol,sex_m,age_ythadult_y15_64,eco_sector_ser,2024,1608.434
bol,sex_m,age_ythadult_y15_64,eco_sector_total,1989,485.906
bol,sex_m,age_ythadult_y15_64,eco_sector_total,1990,514.237
bol,sex_m,age_ythadult_y15_64,eco_sector_total,1991,545.56
bol,sex_m,age_ythadult_y15_64,eco_sector_total,1992,566.434
bol,sex_m,age_ythadult_y15_64,eco_sector_total,1993,584.379
bol,sex_m,age_ythadult_y15_64,eco_sector_total,1994,639.025
bol,sex_m,age_ythadult_y15_64,eco_sector_total,1995,659.688
bol,sex_m,age_ythadult_y15_64,eco_sector_total,1999,1967.021
bol,sex_m,age_ythadult_y15_64,eco_sector_total,2000,1789.517
bol,sex_m,age_ythadult_y15_64,eco_sector_total,2001,1813.989
bol,sex_m,age_ythadult_y15_64,eco_sector_total,2002,1892.235
bol,sex_m,age_ythadult_y15_64,eco_sector_total,2005,2014.718
bol,sex_m,age_ythadult_y15_64,eco_sector_total,2006,2166.132
bol,sex_m,age_ythadult_y15_64,eco_sector_total,2007,2213.26
bol,sex_m,age_ythadult_y15_64,eco_sector_total,2008,2338.294
bol,sex_m,age_ythadult_y15_64,eco_sector_total,2009,2434.993
bol,sex_m,age_ythadult_y15_64,eco_sector_total,2011,2505.845
bol,sex_m,age_ythadult_y15_64,eco_sector_total,2012,2444.915
bol,sex_m,age_ythadult_y15_64,eco_sector_total,2013,2522.811
bol,sex_m,age_ythadult_y15_64,eco_sector_total,2014,2636.415
bol,sex_m,age_ythadult_y15_64,eco_sector_total,2015,2652.121
bol,sex_m,age_ythadult_y15_64,eco_sector_total,2016,2560.521
bol,sex_m,age_ythadult_y15_64,eco_sector_total,2017,2583.308
bol,sex_m,age_ythadult_y15_64,eco_sector_total,2018,2654.748
bol,sex_m,age_ythadult_y15_64,eco_sector_total,2019,2807.942
bol,sex_m,age_ythadult_y15_64,eco_sector_total,2020,2787.405
bol,sex_m,age_ythadult_y15_64,eco_sector_total,2021,2999.528
bol,sex_m,age_ythadult_y15_64,eco_sector_total,2022,3135.547
bol,sex_m,age_ythadult_y15_64,eco_sector_total,2023,3157.506
bol,sex_m,age_ythadult_y15_64,eco_sector_total,2024,3239.169
bol,sex_m,age_ythadult_y15_64,eco_sector_x,1989,17.338
bol,sex_m,age_ythadult_y15_64,eco_sector_x,1990,20.796
bol,sex_m,age_ythadult_y15_64,eco_sector_x,1999,189.087
bol,sex_m,age_ythadult_y15_64,eco_sector_x,2000,9.865
bol,sex_m,age_ythadult_y15_64,eco_sector_x,2001,13.372
bol,sex_m,age_ythadult_y15_64,eco_sector_x,2014,0.197
bol,sex_m,age_ythadult_y15_64,eco_sector_x,2015,2.62
bol,sex_m,age_ythadult_yge15,eco_aggregate_agr,1991,12.787
bol,sex_m,age_ythadult_yge15,eco_aggregate_agr,1992,15.725
bol,sex_m,age_ythadult_yge15,eco_aggregate_agr,1993,16.846
bol,sex_m,age_ythadult_yge15,eco_aggregate_agr,1994,15.392
bol,sex_m,age_ythadult_yge15,eco_aggregate_agr,1995,21.195
bol,sex_m,age_ythadult_yge15,eco_aggregate_agr,1999,7.389
bol,sex_m,age_ythadult_yge15,eco_aggregate_agr,2000,718.102
bol,sex_m,age_ythadult_yge15,eco_aggregate_agr,2001,827.084
bol,sex_m,age_ythadult_yge15,eco_aggregate_agr,2002,844.887
bol,sex_m,age_ythadult_yge15,eco_aggregate_agr,2005,751.199
bol,sex_m,age_ythadult_yge15,eco_aggregate_agr,2006,844.285
bol,sex_m,age_ythadult_yge15,eco_aggregate_agr,2007,741.46
bol,sex_m,age_ythadult_yge15,eco_aggregate_agr,2008,776.898
bol,sex_m,age_ythadult_yge15,eco_aggregate_agr,2009,769.851
bol,sex_m,age_ythadult_yge15,eco_aggregate_agr,2011,855.712
bol,sex_m,age_ythadult_yge15,eco_aggregate_agr,2012,804.711
bol,sex_m,age_ythadult_yge15,eco_aggregate_agr,2013,895.21
bol,sex_m,age_ythadult_yge15,eco_aggregate_agr,2014,868.738
bol,sex_m,age_ythadult_yge15,eco_aggregate_agr,2015,826.891
bol,sex_m,age_ythadult_yge15,eco_aggregate_agr,2016,831.662
bol,sex_m,age_ythadult_yge15,eco_aggregate_agr,2017,854.032
bol,sex_m,age_ythadult_yge15,eco_aggregate_agr,2018,902.813
bol,sex_m,age_ythadult_yge15,eco_aggregate_agr,2019,831.7
bol,sex_m,age_ythadult_yge15,eco_aggregate_agr,2020,934.951
bol,sex_m,age_ythadult_yge15,eco_aggregate_agr,2021,895.112
bol,sex_m,age_ythadult_yge15,eco_aggregate_agr,2022,842.434
bol,sex_m,age_ythadult_yge15,eco_aggregate_agr,2023,865.822
bol,sex_m,age_ythadult_yge15,eco_aggregate_agr,2024,818.472
bol,sex_m,age_ythadult_yge15,eco_aggregate_con,1991,81.062
bol,sex_m,age_ythadult_yge15,eco_aggregate_con,1992,90.659
bol,sex_m,age_ythadult_yge15,eco_aggregate_con,1993,85.079
bol,sex_m,age_ythadult_yge15,eco_aggregate_con,1994,110.591
bol,sex_m,age_ythadult_yge15,eco_aggregate_con,1995,101.92
bol,sex_m,age_ythadult_yge15,eco_aggregate_con,2000,229.294
bol,sex_m,age_ythadult_yge15,eco_aggregate_con,2001,181.721
bol,sex_m,age_ythadult_yge15,eco_aggregate_con,2002,194.466
bol,sex_m,age_ythadult_yge15,eco_aggregate_con,2005,248.464
bol,sex_m,age_ythadult_yge15,eco_aggregate_con,2006,238.897
bol,sex_m,age_ythadult_yge15,eco_aggregate_con,2007,302.977
bol,sex_m,age_ythadult_yge15,eco_aggregate_con,2008,310.502
bol,sex_m,age_ythadult_yge15,eco_aggregate_con,2009,350.297
bol,sex_m,age_ythadult_yge15,eco_aggregate_con,2011,359.744
bol,sex_m,age_ythadult_yge15,eco_aggregate_con,2012,339.295
bol,sex_m,age_ythadult_yge15,eco_aggregate_con,2013,330.02
bol,sex_m,age_ythadult_yge15,eco_aggregate_con,2014,424.534
bol,sex_m,age_ythadult_yge15,eco_aggregate_con,2015,451.043
bol,sex_m,age_ythadult_yge15,eco_aggregate_con,2016,410.027
bol,sex_m,age_ythadult_yge15,eco_aggregate_con,2017,416.388
bol,sex_m,age_ythadult_yge15,eco_aggregate_con,2018,391.839
bol,sex_m,age_ythadult_yge15,eco_aggregate_con,2019,427.791
bol,sex_m,age_ythadult_yge15,eco_aggregate_con,2020,422.1
bol,sex_m,age_ythadult_yge15,eco_aggregate_con,2021,437.283
bol,sex_m,age_ythadult_yge15,eco_aggregate_con,2022,458.334
bol,sex_m,age_ythadult_yge15,eco_aggregate_con,2023,444.746
bol,sex_m,age_ythadult_yge15,eco_aggregate_con,2024,474.565
bol,sex_m,age_ythadult_yge15,eco_aggregate_man,1989,91.102
bol,sex_m,age_ythadult_yge15,eco_aggregate_man,1990,111.822
bol,sex_m,age_ythadult_yge15,eco_aggregate_man,1991,116.994
bol,sex_m,age_ythadult_yge15,eco_aggregate_man,1992,129.358
bol,sex_m,age_ythadult_yge15,eco_aggregate_man,1993,125.737
bol,sex_m,age_ythadult_yge15,eco_aggregate_man,1994,133.063
bol,sex_m,age_ythadult_yge15,eco_aggregate_man,1995,140.65
bol,sex_m,age_ythadult_yge15,eco_aggregate_man,1999,219.024
bol,sex_m,age_ythadult_yge15,eco_aggregate_man,2000,220.265
bol,sex_m,age_ythadult_yge15,eco_aggregate_man,2001,198.594
bol,sex_m,age_ythadult_yge15,eco_aggregate_man,2002,257.144
bol,sex_m,age_ythadult_yge15,eco_aggregate_man,2005,283.457
bol,sex_m,age_ythadult_yge15,eco_aggregate_man,2006,267.979
bol,sex_m,age_ythadult_yge15,eco_aggregate_man,2007,318.836
bol,sex_m,age_ythadult_yge15,eco_aggregate_man,2008,311.849
bol,sex_m,age_ythadult_yge15,eco_aggregate_man,2009,344.413
bol,sex_m,age_ythadult_yge15,eco_aggregate_man,2011,238.066
bol,sex_m,age_ythadult_yge15,eco_aggregate_man,2012,217.879
bol,sex_m,age_ythadult_yge15,eco_aggregate_man,2013,229.676
bol,sex_m,age_ythadult_yge15,eco_aggregate_man,2014,297.541
bol,sex_m,age_ythadult_yge15,eco_aggregate_man,2015,273.175
bol,sex_m,age_ythadult_yge15,eco_aggregate_man,2016,291.805
bol,sex_m,age_ythadult_yge15,eco_aggregate_man,2017,298.86
bol,sex_m,age_ythadult_yge15,eco_aggregate_man,2018,307.235
bol,sex_m,age_ythadult_yge15,eco_aggregate_man,2019,352.721
bol,sex_m,age_ythadult_yge15,eco_aggregate_man,2020,284.344
bol,sex_m,age_ythadult_yge15,eco_aggregate_man,2021,369.554
bol,sex_m,age_ythadult_yge15,eco_aggregate_man,2022,390.301
bol,sex_m,age_ythadult_yge15,eco_aggregate_man,2023,397.142
bol,sex_m,age_ythadult_yge15,eco_aggregate_man,2024,436.515
bol,sex_m,age_ythadult_yge15,eco_aggregate_mel,1989,19.27
bol,sex_m,age_ythadult_yge15,eco_aggregate_mel,1990,14.371
bol,sex_m,age_ythadult_yge15,eco_aggregate_mel,1991,25.148
bol,sex_m,age_ythadult_yge15,eco_aggregate_mel,1992,23.946
bol,sex_m,age_ythadult_yge15,eco_aggregate_mel,1993,17.834
bol,sex_m,age_ythadult_yge15,eco_aggregate_mel,1994,18.202
bol,sex_m,age_ythadult_yge15,eco_aggregate_mel,1995,20.679
bol,sex_m,age_ythadult_yge15,eco_aggregate_mel,1999,103.692
bol,sex_m,age_ythadult_yge15,eco_aggregate_mel,2000,61.366
bol,sex_m,age_ythadult_yge15,eco_aggregate_mel,2001,53.193
bol,sex_m,age_ythadult_yge15,eco_aggregate_mel,2002,40.496
bol,sex_m,age_ythadult_yge15,eco_aggregate_mel,2005,70.728
bol,sex_m,age_ythadult_yge15,eco_aggregate_mel,2006,63.386
bol,sex_m,age_ythadult_yge15,eco_aggregate_mel,2007,80.165
bol,sex_m,age_ythadult_yge15,eco_aggregate_mel,2008,68.997
bol,sex_m,age_ythadult_yge15,eco_aggregate_mel,2009,57.462
bol,sex_m,age_ythadult_yge15,eco_aggregate_mel,2011,110.459
bol,sex_m,age_ythadult_yge15,eco_aggregate_mel,2012,125.626
bol,sex_m,age_ythadult_yge15,eco_aggregate_mel,2013,125.861
bol,sex_m,age_ythadult_yge15,eco_aggregate_mel,2014,110.678
bol,sex_m,age_ythadult_yge15,eco_aggregate_mel,2015,119.723
bol,sex_m,age_ythadult_yge15,eco_aggregate_mel,2016,94.569
bol,sex_m,age_ythadult_yge15,eco_aggregate_mel,2017,78.764
bol,sex_m,age_ythadult_yge15,eco_aggregate_mel,2018,98.284
bol,sex_m,age_ythadult_yge15,eco_aggregate_mel,2019,84.772
bol,sex_m,age_ythadult_yge15,eco_aggregate_mel,2020,62.45
bol,sex_m,age_ythadult_yge15,eco_aggregate_mel,2021,89.018
bol,sex_m,age_ythadult_yge15,eco_aggregate_mel,2022,92.321
bol,sex_m,age_ythadult_yge15,eco_aggregate_mel,2023,85.734
bol,sex_m,age_ythadult_yge15,eco_aggregate_mel,2024,105.439
bol,sex_m,age_ythadult_yge15,eco_aggregate_mkt,1989,196.38
bol,sex_m,age_ythadult_yge15,eco_aggregate_mkt,1990,192.887
bol,sex_m,age_ythadult_yge15,eco_aggregate_mkt,1991,195.784
bol,sex_m,age_ythadult_yge15,eco_aggregate_mkt,1992,206.47
bol,sex_m,age_ythadult_yge15,eco_aggregate_mkt,1993,242.106
bol,sex_m,age_ythadult_yge15,eco_aggregate_mkt,1994,255.705
bol,sex_m,age_ythadult_yge15,eco_aggregate_mkt,1995,268.966
bol,sex_m,age_ythadult_yge15,eco_aggregate_mkt,1999,1448.345
bol,sex_m,age_ythadult_yge15,eco_aggregate_mkt,2000,451.352
bol,sex_m,age_ythadult_yge15,eco_aggregate_mkt,2001,457.935
bol,sex_m,age_ythadult_yge15,eco_aggregate_mkt,2002,455.209
bol,sex_m,age_ythadult_yge15,eco_aggregate_mkt,2005,571.241
bol,sex_m,age_ythadult_yge15,eco_aggregate_mkt,2006,612.429
bol,sex_m,age_ythadult_yge15,eco_aggregate_mkt,2007,629.011
bol,sex_m,age_ythadult_yge15,eco_aggregate_mkt,2008,739.021
bol,sex_m,age_ythadult_yge15,eco_aggregate_mkt,2009,735.679
bol,sex_m,age_ythadult_yge15,eco_aggregate_mkt,2011,777.168
bol,sex_m,age_ythadult_yge15,eco_aggregate_mkt,2012,809.996
bol,sex_m,age_ythadult_yge15,eco_aggregate_mkt,2013,803.469
bol,sex_m,age_ythadult_yge15,eco_aggregate_mkt,2014,831.978
bol,sex_m,age_ythadult_yge15,eco_aggregate_mkt,2015,848.353
bol,sex_m,age_ythadult_yge15,eco_aggregate_mkt,2016,815.752
bol,sex_m,age_ythadult_yge15,eco_aggregate_mkt,2017,850.746
bol,sex_m,age_ythadult_yge15,eco_aggregate_mkt,2018,891.97
bol,sex_m,age_ythadult_yge15,eco_aggregate_mkt,2019,1012.058
bol,sex_m,age_ythadult_yge15,eco_aggregate_mkt,2020,1023.901
bol,sex_m,age_ythadult_yge15,eco_aggregate_mkt,2021,1121.883
bol,sex_m,age_ythadult_yge15,eco_aggregate_mkt,2022,1248.269
bol,sex_m,age_ythadult_yge15,eco_aggregate_mkt,2023,1255.884
bol,sex_m,age_ythadult_yge15,eco_aggregate_mkt,2024,1311.507
bol,sex_m,age_ythadult_yge15,eco_aggregate_pub,1989,175.337
bol,sex_m,age_ythadult_yge15,eco_aggregate_pub,1990,188.936
bol,sex_m,age_ythadult_yge15,eco_aggregate_pub,1991,126.524
bol,sex_m,age_ythadult_yge15,eco_aggregate_pub,1992,113.596
bol,sex_m,age_ythadult_yge15,eco_aggregate_pub,1993,112.878
bol,sex_m,age_ythadult_yge15,eco_aggregate_pub,1994,121.114
bol,sex_m,age_ythadult_yge15,eco_aggregate_pub,1995,124.225
bol,sex_m,age_ythadult_yge15,eco_aggregate_pub,1999,125.514
bol,sex_m,age_ythadult_yge15,eco_aggregate_pub,2000,215.028
bol,sex_m,age_ythadult_yge15,eco_aggregate_pub,2001,199.888
bol,sex_m,age_ythadult_yge15,eco_aggregate_pub,2002,216.014
bol,sex_m,age_ythadult_yge15,eco_aggregate_pub,2005,251.801
bol,sex_m,age_ythadult_yge15,eco_aggregate_pub,2006,286.502
bol,sex_m,age_ythadult_yge15,eco_aggregate_pub,2007,308.302
bol,sex_m,age_ythadult_yge15,eco_aggregate_pub,2008,301.522
bol,sex_m,age_ythadult_yge15,eco_aggregate_pub,2009,354.703
bol,sex_m,age_ythadult_yge15,eco_aggregate_pub,2011,338.649
bol,sex_m,age_ythadult_yge15,eco_aggregate_pub,2012,333.949
bol,sex_m,age_ythadult_yge15,eco_aggregate_pub,2013,378.354
bol,sex_m,age_ythadult_yge15,eco_aggregate_pub,2014,317.517
bol,sex_m,age_ythadult_yge15,eco_aggregate_pub,2015,338.565
bol,sex_m,age_ythadult_yge15,eco_aggregate_pub,2016,321.79
bol,sex_m,age_ythadult_yge15,eco_aggregate_pub,2017,316.801
bol,sex_m,age_ythadult_yge15,eco_aggregate_pub,2018,322.672
bol,sex_m,age_ythadult_yge15,eco_aggregate_pub,2019,350.888
bol,sex_m,age_ythadult_yge15,eco_aggregate_pub,2020,344.668
bol,sex_m,age_ythadult_yge15,eco_aggregate_pub,2021,354.884
bol,sex_m,age_ythadult_yge15,eco_aggregate_pub,2022,371.602
bol,sex_m,age_ythadult_yge15,eco_aggregate_pub,2023,403.619
bol,sex_m,age_ythadult_yge15,eco_aggregate_pub,2024,405.193
bol,sex_m,age_ythadult_yge15,eco_aggregate_total,1989,499.767
bol,sex_m,age_ythadult_yge15,eco_aggregate_total,1990,529.488
bol,sex_m,age_ythadult_yge15,eco_aggregate_total,1991,558.334
bol,sex_m,age_ythadult_yge15,eco_aggregate_total,1992,580.808
bol,sex_m,age_ythadult_yge15,eco_aggregate_total,1993,600.547
bol,sex_m,age_ythadult_yge15,eco_aggregate_total,1994,654.067
bol,sex_m,age_ythadult_yge15,eco_aggregate_total,1995,678.981
bol,sex_m,age_ythadult_yge15,eco_aggregate_total,1999,2098.292
bol,sex_m,age_ythadult_yge15,eco_aggregate_total,2000,1905.272
bol,sex_m,age_ythadult_yge15,eco_aggregate_total,2001,1932.373
bol,sex_m,age_ythadult_yge15,eco_aggregate_total,2002,2008.216
bol,sex_m,age_ythadult_yge15,eco_aggregate_total,2005,2176.89
bol,sex_m,age_ythadult_yge15,eco_aggregate_total,2006,2313.478
bol,sex_m,age_ythadult_yge15,eco_aggregate_total,2007,2380.751
bol,sex_m,age_ythadult_yge15,eco_aggregate_total,2008,2510.133
bol,sex_m,age_ythadult_yge15,eco_aggregate_total,2009,2612.405
bol,sex_m,age_ythadult_yge15,eco_aggregate_total,2011,2679.798
bol,sex_m,age_ythadult_yge15,eco_aggregate_total,2012,2631.456
bol,sex_m,age_ythadult_yge15,eco_aggregate_total,2013,2762.75
bol,sex_m,age_ythadult_yge15,eco_aggregate_total,2014,2851.183
bol,sex_m,age_ythadult_yge15,eco_aggregate_total,2015,2860.593
bol,sex_m,age_ythadult_yge15,eco_aggregate_total,2016,2765.604
bol,sex_m,age_ythadult_yge15,eco_aggregate_total,2017,2816.052
bol,sex_m,age_ythadult_yge15,eco_aggregate_total,2018,2914.814
bol,sex_m,age_ythadult_yge15,eco_aggregate_total,2019,3059.93
bol,sex_m,age_ythadult_yge15,eco_aggregate_total,2020,3079.264
bol,sex_m,age_ythadult_yge15,eco_aggregate_total,2021,3274.59
bol,sex_m,age_ythadult_yge15,eco_aggregate_total,2022,3412.124
bol,sex_m,age_ythadult_yge15,eco_aggregate_total,2023,3460.792
bol,sex_m,age_ythadult_yge15,eco_aggregate_total,2024,3564.275
bol,sex_m,age_ythadult_yge15,eco_aggregate_x,1989,17.679
bol,sex_m,age_ythadult_yge15,eco_aggregate_x,1990,21.472
bol,sex_m,age_ythadult_yge15,eco_aggregate_x,1992,1.054
bol,sex_m,age_ythadult_yge15,eco_aggregate_x,1995,1.346
bol,sex_m,age_ythadult_yge15,eco_aggregate_x,1999,194.328
bol,sex_m,age_ythadult_yge15,eco_aggregate_x,2000,9.865
bol,sex_m,age_ythadult_yge15,eco_aggregate_x,2001,13.958
bol,sex_m,age_ythadult_yge15,eco_aggregate_x,2015,2.843
bol,sex_m,age_ythadult_yge15,eco_aggregate_x,2017,0.461
bol,sex_m,age_ythadult_yge15,eco_aggregate_x,2020,6.848
bol,sex_m,age_ythadult_yge15,eco_aggregate_x,2021,6.857
bol,sex_m,age_ythadult_yge15,eco_aggregate_x,2022,8.864
bol,sex_m,age_ythadult_yge15,eco_aggregate_x,2023,7.845
bol,sex_m,age_ythadult_yge15,eco_aggregate_x,2024,12.584
bol,sex_m,age_ythadult_yge15,eco_isic3_a,1991,12.734
bol,sex_m,age_ythadult_yge15,eco_isic3_a,1992,15.725
bol,sex_m,age_ythadult_yge15,eco_isic3_a,1993,16.788
bol,sex_m,age_ythadult_yge15,eco_isic3_a,1994,15.253
bol,sex_m,age_ythadult_yge15,eco_isic3_a,1995,21.119
bol,sex_m,age_ythadult_yge15,eco_isic3_a,1999,7.389
bol,sex_m,age_ythadult_yge15,eco_isic3_a,2000,718.102
bol,sex_m,age_ythadult_yge15,eco_isic3_a,2001,827.084
bol,sex_m,age_ythadult_yge15,eco_isic3_a,2002,842.335
bol,sex_m,age_ythadult_yge15,eco_isic3_a,2005,747.218
bol,sex_m,age_ythadult_yge15,eco_isic3_a,2006,835.493
bol,sex_m,age_ythadult_yge15,eco_isic3_a,2007,739.865
bol,sex_m,age_ythadult_yge15,eco_isic3_a,2008,773.234
bol,sex_m,age_ythadult_yge15,eco_isic3_a,2009,765.579
bol,sex_m,age_ythadult_yge15,eco_isic3_b,2002,2.552
bol,sex_m,age_ythadult_yge15,eco_isic3_b,2005,3.981
bol,sex_m,age_ythadult_yge15,eco_isic3_b,2006,8.792
bol,sex_m,age_ythadult_yge15,eco_isic3_b,2008,3.664
bol,sex_m,age_ythadult_yge15,eco_isic3_b,2009,4.272
bol,sex_m,age_ythadult_yge15,eco_isic3_c,1989,16.076
bol,sex_m,age_ythadult_yge15,eco_isic3_c,1990,10.516
bol,sex_m,age_ythadult_yge15,eco_isic3_c,1991,18.45
bol,sex_m,age_ythadult_yge15,eco_isic3_c,1992,17.282
bol,sex_m,age_ythadult_yge15,eco_isic3_c,1993,13.707
bol,sex_m,age_ythadult_yge15,eco_isic3_c,1994,13.397
bol,sex_m,age_ythadult_yge15,eco_isic3_c,1995,16.921
bol,sex_m,age_ythadult_yge15,eco_isic3_c,1999,59.443
bol,sex_m,age_ythadult_yge15,eco_isic3_c,2000,46.062
bol,sex_m,age_ythadult_yge15,eco_isic3_c,2001,45.337
bol,sex_m,age_ythadult_yge15,eco_isic3_c,2002,33.696
bol,sex_m,age_ythadult_yge15,eco_isic3_c,2005,59.758
bol,sex_m,age_ythadult_yge15,eco_isic3_c,2006,50.78
bol,sex_m,age_ythadult_yge15,eco_isic3_c,2007,66.992
bol,sex_m,age_ythadult_yge15,eco_isic3_c,2008,54.012
bol,sex_m,age_ythadult_yge15,eco_isic3_c,2009,47.091
bol,sex_m,age_ythadult_yge15,eco_isic3_d,1989,91.102
bol,sex_m,age_ythadult_yge15,eco_isic3_d,1990,111.822
bol,sex_m,age_ythadult_yge15,eco_isic3_d,1991,116.994
bol,sex_m,age_ythadult_yge15,eco_isic3_d,1992,129.358
bol,sex_m,age_ythadult_yge15,eco_isic3_d,1993,125.737
bol,sex_m,age_ythadult_yge15,eco_isic3_d,1994,133.063
bol,sex_m,age_ythadult_yge15,eco_isic3_d,1995,140.65
bol,sex_m,age_ythadult_yge15,eco_isic3_d,1999,219.024
bol,sex_m,age_ythadult_yge15,eco_isic3_d,2000,220.265
bol,sex_m,age_ythadult_yge15,eco_isic3_d,2001,198.594
bol,sex_m,age_ythadult_yge15,eco_isic3_d,2002,257.144
bol,sex_m,age_ythadult_yge15,eco_isic3_d,2005,283.457
bol,sex_m,age_ythadult_yge15,eco_isic3_d,2006,267.979
bol,sex_m,age_ythadult_yge15,eco_isic3_d,2007,318.836
bol,sex_m,age_ythadult_yge15,eco_isic3_d,2008,311.849
bol,sex_m,age_ythadult_yge15,eco_isic3_d,2009,344.413
bol,sex_m,age_ythadult_yge15,eco_isic3_e,1989,3.194
bol,sex_m,age_ythadult_yge15,eco_isic3_e,1990,3.855
bol,sex_m,age_ythadult_yge15,eco_isic3_e,1991,6.698
bol,sex_m,age_ythadult_yge15,eco_isic3_e,1992,6.664
bol,sex_m,age_ythadult_yge15,eco_isic3_e,1993,4.127
bol,sex_m,age_ythadult_yge15,eco_isic3_e,1994,4.805
bol,sex_m,age_ythadult_yge15,eco_isic3_e,1995,3.758
bol,sex_m,age_ythadult_yge15,eco_isic3_e,1999,44.249
bol,sex_m,age_ythadult_yge15,eco_isic3_e,2000,15.304
bol,sex_m,age_ythadult_yge15,eco_isic3_e,2001,7.856
bol,sex_m,age_ythadult_yge15,eco_isic3_e,2002,6.8
bol,sex_m,age_ythadult_yge15,eco_isic3_e,2005,10.97
bol,sex_m,age_ythadult_yge15,eco_isic3_e,2006,12.606
bol,sex_m,age_ythadult_yge15,eco_isic3_e,2007,13.173
bol,sex_m,age_ythadult_yge15,eco_isic3_e,2008,14.985
bol,sex_m,age_ythadult_yge15,eco_isic3_e,2009,10.371
bol,sex_m,age_ythadult_yge15,eco_isic3_f,1991,81.062
bol,sex_m,age_ythadult_yge15,eco_isic3_f,1992,90.659
bol,sex_m,age_ythadult_yge15,eco_isic3_f,1993,85.079
bol,sex_m,age_ythadult_yge15,eco_isic3_f,1994,110.591
bol,sex_m,age_ythadult_yge15,eco_isic3_f,1995,101.92
bol,sex_m,age_ythadult_yge15,eco_isic3_f,2000,229.294
bol,sex_m,age_ythadult_yge15,eco_isic3_f,2001,181.721
bol,sex_m,age_ythadult_yge15,eco_isic3_f,2002,194.466
bol,sex_m,age_ythadult_yge15,eco_isic3_f,2005,248.464
bol,sex_m,age_ythadult_yge15,eco_isic3_f,2006,238.897
bol,sex_m,age_ythadult_yge15,eco_isic3_f,2007,302.977
bol,sex_m,age_ythadult_yge15,eco_isic3_f,2008,310.502
bol,sex_m,age_ythadult_yge15,eco_isic3_f,2009,350.297
bol,sex_m,age_ythadult_yge15,eco_isic3_g,1989,60.908
bol,sex_m,age_ythadult_yge15,eco_isic3_g,1990,58.111
bol,sex_m,age_ythadult_yge15,eco_isic3_g,1991,94.319
bol,sex_m,age_ythadult_yge15,eco_isic3_g,1992,102.669
bol,sex_m,age_ythadult_yge15,eco_isic3_g,1993,110.08
bol,sex_m,age_ythadult_yge15,eco_isic3_g,1994,126.323
bol,sex_m,age_ythadult_yge15,eco_isic3_g,1995,135.946
bol,sex_m,age_ythadult_yge15,eco_isic3_g,1999,129.897
bol,sex_m,age_ythadult_yge15,eco_isic3_g,2000,200.171
bol,sex_m,age_ythadult_yge15,eco_isic3_g,2001,189.891
bol,sex_m,age_ythadult_yge15,eco_isic3_g,2002,196.151
bol,sex_m,age_ythadult_yge15,eco_isic3_g,2005,237.097
bol,sex_m,age_ythadult_yge15,eco_isic3_g,2006,241.451
bol,sex_m,age_ythadult_yge15,eco_isic3_g,2007,250.274
bol,sex_m,age_ythadult_yge15,eco_isic3_g,2008,303.74
bol,sex_m,age_ythadult_yge15,eco_isic3_g,2009,290.591
bol,sex_m,age_ythadult_yge15,eco_isic3_h,1991,12.564
bol,sex_m,age_ythadult_yge15,eco_isic3_h,1992,11.7
bol,sex_m,age_ythadult_yge15,eco_isic3_h,1993,14.557
bol,sex_m,age_ythadult_yge15,eco_isic3_h,1994,16.096
bol,sex_m,age_ythadult_yge15,eco_isic3_h,1995,15.424
bol,sex_m,age_ythadult_yge15,eco_isic3_h,2000,24.031
bol,sex_m,age_ythadult_yge15,eco_isic3_h,2001,29.381
bol,sex_m,age_ythadult_yge15,eco_isic3_h,2002,37.581
bol,sex_m,age_ythadult_yge15,eco_isic3_h,2005,37.231
bol,sex_m,age_ythadult_yge15,eco_isic3_h,2006,43.794
bol,sex_m,age_ythadult_yge15,eco_isic3_h,2007,30.181
bol,sex_m,age_ythadult_yge15,eco_isic3_h,2008,51.118
bol,sex_m,age_ythadult_yge15,eco_isic3_h,2009,48.083
bol,sex_m,age_ythadult_yge15,eco_isic3_i,1989,73.243
bol,sex_m,age_ythadult_yge15,eco_isic3_i,1990,70.628
bol,sex_m,age_ythadult_yge15,eco_isic3_i,1991,63.375
bol,sex_m,age_ythadult_yge15,eco_isic3_i,1992,66.235
bol,sex_m,age_ythadult_yge15,eco_isic3_i,1993,84.725
bol,sex_m,age_ythadult_yge15,eco_isic3_i,1994,81.035
bol,sex_m,age_ythadult_yge15,eco_isic3_i,1995,86.045
bol,sex_m,age_ythadult_yge15,eco_isic3_i,1999,809.271
bol,sex_m,age_ythadult_yge15,eco_isic3_i,2000,141.421
bol,sex_m,age_ythadult_yge15,eco_isic3_i,2001,158.05
bol,sex_m,age_ythadult_yge15,eco_isic3_i,2002,160.179
bol,sex_m,age_ythadult_yge15,eco_isic3_i,2005,227.672
bol,sex_m,age_ythadult_yge15,eco_isic3_i,2006,212.399
bol,sex_m,age_ythadult_yge15,eco_isic3_i,2007,238.974
bol,sex_m,age_ythadult_yge15,eco_isic3_i,2008,285.411
bol,sex_m,age_ythadult_yge15,eco_isic3_i,2009,285.252
bol,sex_m,age_ythadult_yge15,eco_isic3_j,1991,5.711
bol,sex_m,age_ythadult_yge15,eco_isic3_j,1992,4.273
bol,sex_m,age_ythadult_yge15,eco_isic3_j,1993,8.275
bol,sex_m,age_ythadult_yge15,eco_isic3_j,1994,8.774
bol,sex_m,age_ythadult_yge15,eco_isic3_j,1995,7.663
bol,sex_m,age_ythadult_yge15,eco_isic3_j,2000,13.531
bol,sex_m,age_ythadult_yge15,eco_isic3_j,2001,15.483
bol,sex_m,age_ythadult_yge15,eco_isic3_j,2002,10.176
bol,sex_m,age_ythadult_yge15,eco_isic3_j,2005,4.068
bol,sex_m,age_ythadult_yge15,eco_isic3_j,2006,13.564
bol,sex_m,age_ythadult_yge15,eco_isic3_j,2007,17.243
bol,sex_m,age_ythadult_yge15,eco_isic3_j,2008,17.111
bol,sex_m,age_ythadult_yge15,eco_isic3_j,2009,21.335
bol,sex_m,age_ythadult_yge15,eco_isic3_k,1989,62.23
bol,sex_m,age_ythadult_yge15,eco_isic3_k,1990,64.148
bol,sex_m,age_ythadult_yge15,eco_isic3_k,1991,19.815
bol,sex_m,age_ythadult_yge15,eco_isic3_k,1992,21.593
bol,sex_m,age_ythadult_yge15,eco_isic3_k,1993,24.469
bol,sex_m,age_ythadult_yge15,eco_isic3_k,1994,23.477
bol,sex_m,age_ythadult_yge15,eco_isic3_k,1995,23.888
bol,sex_m,age_ythadult_yge15,eco_isic3_k,1999,509.177
bol,sex_m,age_ythadult_yge15,eco_isic3_k,2000,72.198
bol,sex_m,age_ythadult_yge15,eco_isic3_k,2001,65.13
bol,sex_m,age_ythadult_yge15,eco_isic3_k,2002,51.122
bol,sex_m,age_ythadult_yge15,eco_isic3_k,2005,65.173
bol,sex_m,age_ythadult_yge15,eco_isic3_k,2006,101.221
bol,sex_m,age_ythadult_yge15,eco_isic3_k,2007,92.339
bol,sex_m,age_ythadult_yge15,eco_isic3_k,2008,81.641
bol,sex_m,age_ythadult_yge15,eco_isic3_k,2009,90.418
bol,sex_m,age_ythadult_yge15,eco_isic3_l,1991,45.402
bol,sex_m,age_ythadult_yge15,eco_isic3_l,1992,46.397
bol,sex_m,age_ythadult_yge15,eco_isic3_l,1993,43.462
bol,sex_m,age_ythadult_yge15,eco_isic3_l,1994,45.615
bol,sex_m,age_ythadult_yge15,eco_isic3_l,1995,43.013
bol,sex_m,age_ythadult_yge15,eco_isic3_l,2000,61.497
bol,sex_m,age_ythadult_yge15,eco_isic3_l,2001,55.18
bol,sex_m,age_ythadult_yge15,eco_isic3_l,2002,57.876
bol,sex_m,age_ythadult_yge15,eco_isic3_l,2005,62.494
bol,sex_m,age_ythadult_yge15,eco_isic3_l,2006,80.91
bol,sex_m,age_ythadult_yge15,eco_isic3_l,2007,107.625
bol,sex_m,age_ythadult_yge15,eco_isic3_l,2008,102.047
bol,sex_m,age_ythadult_yge15,eco_isic3_l,2009,102.381
bol,sex_m,age_ythadult_yge15,eco_isic3_m,1989,15.602
bol,sex_m,age_ythadult_yge15,eco_isic3_m,1990,18.883
bol,sex_m,age_ythadult_yge15,eco_isic3_m,1991,27.337
bol,sex_m,age_ythadult_yge15,eco_isic3_m,1992,25.811
bol,sex_m,age_ythadult_yge15,eco_isic3_m,1993,28.121
bol,sex_m,age_ythadult_yge15,eco_isic3_m,1994,29.604
bol,sex_m,age_ythadult_yge15,eco_isic3_m,1995,31.284
bol,sex_m,age_ythadult_yge15,eco_isic3_m,2000,73.409
bol,sex_m,age_ythadult_yge15,eco_isic3_m,2001,65.533
bol,sex_m,age_ythadult_yge15,eco_isic3_m,2002,69.535
bol,sex_m,age_ythadult_yge15,eco_isic3_m,2005,91.387
bol,sex_m,age_ythadult_yge15,eco_isic3_m,2006,93.12
bol,sex_m,age_ythadult_yge15,eco_isic3_m,2007,92.083
bol,sex_m,age_ythadult_yge15,eco_isic3_m,2008,94.864
bol,sex_m,age_ythadult_yge15,eco_isic3_m,2009,119.393
bol,sex_m,age_ythadult_yge15,eco_isic3_n,1991,10.368
bol,sex_m,age_ythadult_yge15,eco_isic3_n,1992,9.749
bol,sex_m,age_ythadult_yge15,eco_isic3_n,1993,13.297
bol,sex_m,age_ythadult_yge15,eco_isic3_n,1994,12.238
bol,sex_m,age_ythadult_yge15,eco_isic3_n,1995,12.331
bol,sex_m,age_ythadult_yge15,eco_isic3_n,2000,22.378
bol,sex_m,age_ythadult_yge15,eco_isic3_n,2001,28.726
bol,sex_m,age_ythadult_yge15,eco_isic3_n,2002,22.208
bol,sex_m,age_ythadult_yge15,eco_isic3_n,2005,21.664
bol,sex_m,age_ythadult_yge15,eco_isic3_n,2006,33.844
bol,sex_m,age_ythadult_yge15,eco_isic3_n,2007,38.886
bol,sex_m,age_ythadult_yge15,eco_isic3_n,2008,35.358
bol,sex_m,age_ythadult_yge15,eco_isic3_n,2009,34.951
bol,sex_m,age_ythadult_yge15,eco_isic3_o,1989,89.546
bol,sex_m,age_ythadult_yge15,eco_isic3_o,1990,97.289
bol,sex_m,age_ythadult_yge15,eco_isic3_o,1991,34.952
bol,sex_m,age_ythadult_yge15,eco_isic3_o,1992,24.458
bol,sex_m,age_ythadult_yge15,eco_isic3_o,1993,22.439
bol,sex_m,age_ythadult_yge15,eco_isic3_o,1994,27.168
bol,sex_m,age_ythadult_yge15,eco_isic3_o,1995,30.875
bol,sex_m,age_ythadult_yge15,eco_isic3_o,1999,125.514
bol,sex_m,age_ythadult_yge15,eco_isic3_o,2000,49.349
bol,sex_m,age_ythadult_yge15,eco_isic3_o,2001,44.34
bol,sex_m,age_ythadult_yge15,eco_isic3_o,2002,51.63
bol,sex_m,age_ythadult_yge15,eco_isic3_o,2005,69.321
bol,sex_m,age_ythadult_yge15,eco_isic3_o,2006,69.839
bol,sex_m,age_ythadult_yge15,eco_isic3_o,2007,63.877
bol,sex_m,age_ythadult_yge15,eco_isic3_o,2008,55.613
bol,sex_m,age_ythadult_yge15,eco_isic3_o,2009,81.431
bol,sex_m,age_ythadult_yge15,eco_isic3_p,1989,70.189
bol,sex_m,age_ythadult_yge15,eco_isic3_p,1990,72.764
bol,sex_m,age_ythadult_yge15,eco_isic3_p,1991,6.757
bol,sex_m,age_ythadult_yge15,eco_isic3_p,1992,3.597
bol,sex_m,age_ythadult_yge15,eco_isic3_p,1993,4.839
bol,sex_m,age_ythadult_yge15,eco_isic3_p,1994,4.683
bol,sex_m,age_ythadult_yge15,eco_isic3_p,1995,4.741
bol,sex_m,age_ythadult_yge15,eco_isic3_p,2000,7.41
bol,sex_m,age_ythadult_yge15,eco_isic3_p,2001,5.5
bol,sex_m,age_ythadult_yge15,eco_isic3_p,2002,12.916
bol,sex_m,age_ythadult_yge15,eco_isic3_p,2005,3.099
bol,sex_m,age_ythadult_yge15,eco_isic3_p,2006,8.241
bol,sex_m,age_ythadult_yge15,eco_isic3_p,2007,5.51
bol,sex_m,age_ythadult_yge15,eco_isic3_p,2008,12.547
bol,sex_m,age_ythadult_yge15,eco_isic3_p,2009,11.808
bol,sex_m,age_ythadult_yge15,eco_isic3_q,1991,1.708
bol,sex_m,age_ythadult_yge15,eco_isic3_q,1992,3.584
bol,sex_m,age_ythadult_yge15,eco_isic3_q,1994,1.806
bol,sex_m,age_ythadult_yge15,eco_isic3_q,1995,1.981
bol,sex_m,age_ythadult_yge15,eco_isic3_q,2009,4.739
bol,sex_m,age_ythadult_yge15,eco_isic3_total,1989,499.767
bol,sex_m,age_ythadult_yge15,eco_isic3_total,1990,529.488
bol,sex_m,age_ythadult_yge15,eco_isic3_total,1991,558.334
bol,sex_m,age_ythadult_yge15,eco_isic3_total,1992,580.808
bol,sex_m,age_ythadult_yge15,eco_isic3_total,1993,600.547
bol,sex_m,age_ythadult_yge15,eco_isic3_total,1994,654.067
bol,sex_m,age_ythadult_yge15,eco_isic3_total,1995,678.981
bol,sex_m,age_ythadult_yge15,eco_isic3_total,1999,2098.292
bol,sex_m,age_ythadult_yge15,eco_isic3_total,2000,1905.272
bol,sex_m,age_ythadult_yge15,eco_isic3_total,2001,1932.373
bol,sex_m,age_ythadult_yge15,eco_isic3_total,2002,2008.216
bol,sex_m,age_ythadult_yge15,eco_isic3_total,2005,2176.89
bol,sex_m,age_ythadult_yge15,eco_isic3_total,2006,2313.478
bol,sex_m,age_ythadult_yge15,eco_isic3_total,2007,2380.751
bol,sex_m,age_ythadult_yge15,eco_isic3_total,2008,2510.133
bol,sex_m,age_ythadult_yge15,eco_isic3_total,2009,2612.405
bol,sex_m,age_ythadult_yge15,eco_isic3_x,1989,17.679
bol,sex_m,age_ythadult_yge15,eco_isic3_x,1990,21.472
bol,sex_m,age_ythadult_yge15,eco_isic3_x,1992,1.054
bol,sex_m,age_ythadult_yge15,eco_isic3_x,1995,1.346
bol,sex_m,age_ythadult_yge15,eco_isic3_x,1999,194.328
bol,sex_m,age_ythadult_yge15,eco_isic3_x,2000,9.865
bol,sex_m,age_ythadult_yge15,eco_isic3_x,2001,13.958
bol,sex_m,age_ythadult_yge15,eco_isic4_a,2011,855.712
bol,sex_m,age_ythadult_yge15,eco_isic4_a,2012,804.711
bol,sex_m,age_ythadult_yge15,eco_isic4_a,2013,895.21
bol,sex_m,age_ythadult_yge15,eco_isic4_a,2014,868.738
bol,sex_m,age_ythadult_yge15,eco_isic4_a,2015,826.891
bol,sex_m,age_ythadult_yge15,eco_isic4_a,2016,831.662
bol,sex_m,age_ythadult_yge15,eco_isic4_a,2017,854.032
bol,sex_m,age_ythadult_yge15,eco_isic4_a,2018,902.813
bol,sex_m,age_ythadult_yge15,eco_isic4_a,2019,831.7
bol,sex_m,age_ythadult_yge15,eco_isic4_a,2020,934.951
bol,sex_m,age_ythadult_yge15,eco_isic4_a,2021,895.112
bol,sex_m,age_ythadult_yge15,eco_isic4_a,2022,842.434
bol,sex_m,age_ythadult_yge15,eco_isic4_a,2023,865.822
bol,sex_m,age_ythadult_yge15,eco_isic4_a,2024,818.472
bol,sex_m,age_ythadult_yge15,eco_isic4_b,2011,97.086
bol,sex_m,age_ythadult_yge15,eco_isic4_b,2012,105.609
bol,sex_m,age_ythadult_yge15,eco_isic4_b,2013,111.226
bol,sex_m,age_ythadult_yge15,eco_isic4_b,2014,97.888
bol,sex_m,age_ythadult_yge15,eco_isic4_b,2015,105.707
bol,sex_m,age_ythadult_yge15,eco_isic4_b,2016,78.643
bol,sex_m,age_ythadult_yge15,eco_isic4_b,2017,66.682
bol,sex_m,age_ythadult_yge15,eco_isic4_b,2018,84.203
bol,sex_m,age_ythadult_yge15,eco_isic4_b,2019,70.249
bol,sex_m,age_ythadult_yge15,eco_isic4_b,2020,50.483
bol,sex_m,age_ythadult_yge15,eco_isic4_b,2021,73.975
bol,sex_m,age_ythadult_yge15,eco_isic4_b,2022,76.575
bol,sex_m,age_ythadult_yge15,eco_isic4_b,2023,72.61
bol,sex_m,age_ythadult_yge15,eco_isic4_b,2024,89.95
bol,sex_m,age_ythadult_yge15,eco_isic4_c,2011,238.066
bol,sex_m,age_ythadult_yge15,eco_isic4_c,2012,217.879
bol,sex_m,age_ythadult_yge15,eco_isic4_c,2013,229.676
bol,sex_m,age_ythadult_yge15,eco_isic4_c,2014,297.541
bol,sex_m,age_ythadult_yge15,eco_isic4_c,2015,273.175
bol,sex_m,age_ythadult_yge15,eco_isic4_c,2016,291.805
bol,sex_m,age_ythadult_yge15,eco_isic4_c,2017,298.86
bol,sex_m,age_ythadult_yge15,eco_isic4_c,2018,307.235
bol,sex_m,age_ythadult_yge15,eco_isic4_c,2019,352.721
bol,sex_m,age_ythadult_yge15,eco_isic4_c,2020,284.344
bol,sex_m,age_ythadult_yge15,eco_isic4_c,2021,369.554
bol,sex_m,age_ythadult_yge15,eco_isic4_c,2022,390.301
bol,sex_m,age_ythadult_yge15,eco_isic4_c,2023,397.142
bol,sex_m,age_ythadult_yge15,eco_isic4_c,2024,436.515
bol,sex_m,age_ythadult_yge15,eco_isic4_d,2011,6.988
bol,sex_m,age_ythadult_yge15,eco_isic4_d,2012,13.098
bol,sex_m,age_ythadult_yge15,eco_isic4_d,2013,9.25
bol,sex_m,age_ythadult_yge15,eco_isic4_d,2014,7.641
bol,sex_m,age_ythadult_yge15,eco_isic4_d,2015,6.799
bol,sex_m,age_ythadult_yge15,eco_isic4_d,2016,9.058
bol,sex_m,age_ythadult_yge15,eco_isic4_d,2017,6.29
bol,sex_m,age_ythadult_yge15,eco_isic4_d,2018,7.527
bol,sex_m,age_ythadult_yge15,eco_isic4_d,2019,8.672
bol,sex_m,age_ythadult_yge15,eco_isic4_d,2020,8.155
bol,sex_m,age_ythadult_yge15,eco_isic4_d,2021,8.389
bol,sex_m,age_ythadult_yge15,eco_isic4_d,2022,8.939
bol,sex_m,age_ythadult_yge15,eco_isic4_d,2023,6.241
bol,sex_m,age_ythadult_yge15,eco_isic4_d,2024,8.81
bol,sex_m,age_ythadult_yge15,eco_isic4_e,2011,6.385
bol,sex_m,age_ythadult_yge15,eco_isic4_e,2012,6.919
bol,sex_m,age_ythadult_yge15,eco_isic4_e,2013,5.385
bol,sex_m,age_ythadult_yge15,eco_isic4_e,2014,5.149
bol,sex_m,age_ythadult_yge15,eco_isic4_e,2015,7.217
bol,sex_m,age_ythadult_yge15,eco_isic4_e,2016,6.868
bol,sex_m,age_ythadult_yge15,eco_isic4_e,2017,5.791
bol,sex_m,age_ythadult_yge15,eco_isic4_e,2018,6.554
bol,sex_m,age_ythadult_yge15,eco_isic4_e,2019,5.851
bol,sex_m,age_ythadult_yge15,eco_isic4_e,2020,3.812
bol,sex_m,age_ythadult_yge15,eco_isic4_e,2021,6.655
bol,sex_m,age_ythadult_yge15,eco_isic4_e,2022,6.808
bol,sex_m,age_ythadult_yge15,eco_isic4_e,2023,6.883
bol,sex_m,age_ythadult_yge15,eco_isic4_e,2024,6.679
bol,sex_m,age_ythadult_yge15,eco_isic4_f,2011,359.744
bol,sex_m,age_ythadult_yge15,eco_isic4_f,2012,339.295
bol,sex_m,age_ythadult_yge15,eco_isic4_f,2013,330.02
bol,sex_m,age_ythadult_yge15,eco_isic4_f,2014,424.534
bol,sex_m,age_ythadult_yge15,eco_isic4_f,2015,451.043
bol,sex_m,age_ythadult_yge15,eco_isic4_f,2016,410.027
bol,sex_m,age_ythadult_yge15,eco_isic4_f,2017,416.388
bol,sex_m,age_ythadult_yge15,eco_isic4_f,2018,391.839
bol,sex_m,age_ythadult_yge15,eco_isic4_f,2019,427.791
bol,sex_m,age_ythadult_yge15,eco_isic4_f,2020,422.1
bol,sex_m,age_ythadult_yge15,eco_isic4_f,2021,437.283
bol,sex_m,age_ythadult_yge15,eco_isic4_f,2022,458.334
bol,sex_m,age_ythadult_yge15,eco_isic4_f,2023,444.746
bol,sex_m,age_ythadult_yge15,eco_isic4_f,2024,474.565
bol,sex_m,age_ythadult_yge15,eco_isic4_g,2011,308.564
bol,sex_m,age_ythadult_yge15,eco_isic4_g,2012,313.581
bol,sex_m,age_ythadult_yge15,eco_isic4_g,2013,299.33
bol,sex_m,age_ythadult_yge15,eco_isic4_g,2014,327.28
bol,sex_m,age_ythadult_yge15,eco_isic4_g,2015,323.246
bol,sex_m,age_ythadult_yge15,eco_isic4_g,2016,300.925
bol,sex_m,age_ythadult_yge15,eco_isic4_g,2017,311.272
bol,sex_m,age_ythadult_yge15,eco_isic4_g,2018,332.543
bol,sex_m,age_ythadult_yge15,eco_isic4_g,2019,371.425
bol,sex_m,age_ythadult_yge15,eco_isic4_g,2020,420.625
bol,sex_m,age_ythadult_yge15,eco_isic4_g,2021,452.262
bol,sex_m,age_ythadult_yge15,eco_isic4_g,2022,478.12
bol,sex_m,age_ythadult_yge15,eco_isic4_g,2023,486.64
bol,sex_m,age_ythadult_yge15,eco_isic4_g,2024,510.036
bol,sex_m,age_ythadult_yge15,eco_isic4_h,2011,265.03
bol,sex_m,age_ythadult_yge15,eco_isic4_h,2012,279.135
bol,sex_m,age_ythadult_yge15,eco_isic4_h,2013,266.815
bol,sex_m,age_ythadult_yge15,eco_isic4_h,2014,280.925
bol,sex_m,age_ythadult_yge15,eco_isic4_h,2015,298.359
bol,sex_m,age_ythadult_yge15,eco_isic4_h,2016,309.584
bol,sex_m,age_ythadult_yge15,eco_isic4_h,2017,325.749
bol,sex_m,age_ythadult_yge15,eco_isic4_h,2018,327.338
bol,sex_m,age_ythadult_yge15,eco_isic4_h,2019,380.847
bol,sex_m,age_ythadult_yge15,eco_isic4_h,2020,310.329
bol,sex_m,age_ythadult_yge15,eco_isic4_h,2021,386.53
bol,sex_m,age_ythadult_yge15,eco_isic4_h,2022,441.662
bol,sex_m,age_ythadult_yge15,eco_isic4_h,2023,434.481
bol,sex_m,age_ythadult_yge15,eco_isic4_h,2024,449.274
bol,sex_m,age_ythadult_yge15,eco_isic4_i,2011,54.669
bol,sex_m,age_ythadult_yge15,eco_isic4_i,2012,60.197
bol,sex_m,age_ythadult_yge15,eco_isic4_i,2013,58.016
bol,sex_m,age_ythadult_yge15,eco_isic4_i,2014,58.634
bol,sex_m,age_ythadult_yge15,eco_isic4_i,2015,60.217
bol,sex_m,age_ythadult_yge15,eco_isic4_i,2016,56.752
bol,sex_m,age_ythadult_yge15,eco_isic4_i,2017,63.614
bol,sex_m,age_ythadult_yge15,eco_isic4_i,2018,77.57
bol,sex_m,age_ythadult_yge15,eco_isic4_i,2019,86.894
bol,sex_m,age_ythadult_yge15,eco_isic4_i,2020,85.566
bol,sex_m,age_ythadult_yge15,eco_isic4_i,2021,96.759
bol,sex_m,age_ythadult_yge15,eco_isic4_i,2022,118.13
bol,sex_m,age_ythadult_yge15,eco_isic4_i,2023,118.885
bol,sex_m,age_ythadult_yge15,eco_isic4_i,2024,134.207
bol,sex_m,age_ythadult_yge15,eco_isic4_j,2011,37.196
bol,sex_m,age_ythadult_yge15,eco_isic4_j,2012,33.805
bol,sex_m,age_ythadult_yge15,eco_isic4_j,2013,32.754
bol,sex_m,age_ythadult_yge15,eco_isic4_j,2014,33.546
bol,sex_m,age_ythadult_yge15,eco_isic4_j,2015,27.812
bol,sex_m,age_ythadult_yge15,eco_isic4_j,2016,26.267
bol,sex_m,age_ythadult_yge15,eco_isic4_j,2017,26.564
bol,sex_m,age_ythadult_yge15,eco_isic4_j,2018,25.957
bol,sex_m,age_ythadult_yge15,eco_isic4_j,2019,28.959
bol,sex_m,age_ythadult_yge15,eco_isic4_j,2020,32.668
bol,sex_m,age_ythadult_yge15,eco_isic4_j,2021,20.564
bol,sex_m,age_ythadult_yge15,eco_isic4_j,2022,22.186
bol,sex_m,age_ythadult_yge15,eco_isic4_j,2023,23.703
bol,sex_m,age_ythadult_yge15,eco_isic4_j,2024,28.001
bol,sex_m,age_ythadult_yge15,eco_isic4_k,2011,15.816
bol,sex_m,age_ythadult_yge15,eco_isic4_k,2012,21.361
bol,sex_m,age_ythadult_yge15,eco_isic4_k,2013,30.11
bol,sex_m,age_ythadult_yge15,eco_isic4_k,2014,24.664
bol,sex_m,age_ythadult_yge15,eco_isic4_k,2015,25.918
bol,sex_m,age_ythadult_yge15,eco_isic4_k,2016,20.675
bol,sex_m,age_ythadult_yge15,eco_isic4_k,2017,20.023
bol,sex_m,age_ythadult_yge15,eco_isic4_k,2018,20.757
bol,sex_m,age_ythadult_yge15,eco_isic4_k,2019,20.706
bol,sex_m,age_ythadult_yge15,eco_isic4_k,2020,31.515
bol,sex_m,age_ythadult_yge15,eco_isic4_k,2021,21.706
bol,sex_m,age_ythadult_yge15,eco_isic4_k,2022,25.091
bol,sex_m,age_ythadult_yge15,eco_isic4_k,2023,25.073
bol,sex_m,age_ythadult_yge15,eco_isic4_k,2024,27.662
bol,sex_m,age_ythadult_yge15,eco_isic4_l,2011,4.261
bol,sex_m,age_ythadult_yge15,eco_isic4_l,2012,2.656
bol,sex_m,age_ythadult_yge15,eco_isic4_l,2013,3.21
bol,sex_m,age_ythadult_yge15,eco_isic4_l,2014,5.018
bol,sex_m,age_ythadult_yge15,eco_isic4_l,2015,5.345
bol,sex_m,age_ythadult_yge15,eco_isic4_l,2016,9.913
bol,sex_m,age_ythadult_yge15,eco_isic4_l,2017,14.194
bol,sex_m,age_ythadult_yge15,eco_isic4_l,2018,13.152
bol,sex_m,age_ythadult_yge15,eco_isic4_l,2019,12.188
bol,sex_m,age_ythadult_yge15,eco_isic4_l,2020,8.646
bol,sex_m,age_ythadult_yge15,eco_isic4_l,2021,15.907
bol,sex_m,age_ythadult_yge15,eco_isic4_l,2022,15.973
bol,sex_m,age_ythadult_yge15,eco_isic4_l,2023,16.633
bol,sex_m,age_ythadult_yge15,eco_isic4_l,2024,16.942
bol,sex_m,age_ythadult_yge15,eco_isic4_m,2011,68.082
bol,sex_m,age_ythadult_yge15,eco_isic4_m,2012,68.632
bol,sex_m,age_ythadult_yge15,eco_isic4_m,2013,77.183
bol,sex_m,age_ythadult_yge15,eco_isic4_m,2014,64.546
bol,sex_m,age_ythadult_yge15,eco_isic4_m,2015,68.249
bol,sex_m,age_ythadult_yge15,eco_isic4_m,2016,55.295
bol,sex_m,age_ythadult_yge15,eco_isic4_m,2017,56.902
bol,sex_m,age_ythadult_yge15,eco_isic4_m,2018,56.774
bol,sex_m,age_ythadult_yge15,eco_isic4_m,2019,59.718
bol,sex_m,age_ythadult_yge15,eco_isic4_m,2020,93.842
bol,sex_m,age_ythadult_yge15,eco_isic4_m,2021,71.067
bol,sex_m,age_ythadult_yge15,eco_isic4_m,2022,78.958
bol,sex_m,age_ythadult_yge15,eco_isic4_m,2023,78.475
bol,sex_m,age_ythadult_yge15,eco_isic4_m,2024,74.567
bol,sex_m,age_ythadult_yge15,eco_isic4_n,2011,23.55
bol,sex_m,age_ythadult_yge15,eco_isic4_n,2012,30.629
bol,sex_m,age_ythadult_yge15,eco_isic4_n,2013,36.051
bol,sex_m,age_ythadult_yge15,eco_isic4_n,2014,37.365
bol,sex_m,age_ythadult_yge15,eco_isic4_n,2015,39.207
bol,sex_m,age_ythadult_yge15,eco_isic4_n,2016,36.341
bol,sex_m,age_ythadult_yge15,eco_isic4_n,2017,32.426
bol,sex_m,age_ythadult_yge15,eco_isic4_n,2018,37.879
bol,sex_m,age_ythadult_yge15,eco_isic4_n,2019,51.322
bol,sex_m,age_ythadult_yge15,eco_isic4_n,2020,40.71
bol,sex_m,age_ythadult_yge15,eco_isic4_n,2021,57.089
bol,sex_m,age_ythadult_yge15,eco_isic4_n,2022,68.15
bol,sex_m,age_ythadult_yge15,eco_isic4_n,2023,71.994
bol,sex_m,age_ythadult_yge15,eco_isic4_n,2024,70.818
bol,sex_m,age_ythadult_yge15,eco_isic4_o,2011,111.394
bol,sex_m,age_ythadult_yge15,eco_isic4_o,2012,101.429
bol,sex_m,age_ythadult_yge15,eco_isic4_o,2013,119.007
bol,sex_m,age_ythadult_yge15,eco_isic4_o,2014,102.113
bol,sex_m,age_ythadult_yge15,eco_isic4_o,2015,110.069
bol,sex_m,age_ythadult_yge15,eco_isic4_o,2016,104.644
bol,sex_m,age_ythadult_yge15,eco_isic4_o,2017,97.954
bol,sex_m,age_ythadult_yge15,eco_isic4_o,2018,91.458
bol,sex_m,age_ythadult_yge15,eco_isic4_o,2019,96.438
bol,sex_m,age_ythadult_yge15,eco_isic4_o,2020,97.133
bol,sex_m,age_ythadult_yge15,eco_isic4_o,2021,95.236
bol,sex_m,age_ythadult_yge15,eco_isic4_o,2022,102.374
bol,sex_m,age_ythadult_yge15,eco_isic4_o,2023,101.106
bol,sex_m,age_ythadult_yge15,eco_isic4_o,2024,97.854
bol,sex_m,age_ythadult_yge15,eco_isic4_p,2011,102.478
bol,sex_m,age_ythadult_yge15,eco_isic4_p,2012,101.418
bol,sex_m,age_ythadult_yge15,eco_isic4_p,2013,123.365
bol,sex_m,age_ythadult_yge15,eco_isic4_p,2014,104.729
bol,sex_m,age_ythadult_yge15,eco_isic4_p,2015,86.019
bol,sex_m,age_ythadult_yge15,eco_isic4_p,2016,95.874
bol,sex_m,age_ythadult_yge15,eco_isic4_p,2017,96.507
bol,sex_m,age_ythadult_yge15,eco_isic4_p,2018,98.266
bol,sex_m,age_ythadult_yge15,eco_isic4_p,2019,105.889
bol,sex_m,age_ythadult_yge15,eco_isic4_p,2020,83.673
bol,sex_m,age_ythadult_yge15,eco_isic4_p,2021,108.872
bol,sex_m,age_ythadult_yge15,eco_isic4_p,2022,114.738
bol,sex_m,age_ythadult_yge15,eco_isic4_p,2023,129.928
bol,sex_m,age_ythadult_yge15,eco_isic4_p,2024,123.233
bol,sex_m,age_ythadult_yge15,eco_isic4_q,2011,41.976
bol,sex_m,age_ythadult_yge15,eco_isic4_q,2012,41.34
bol,sex_m,age_ythadult_yge15,eco_isic4_q,2013,54.485
bol,sex_m,age_ythadult_yge15,eco_isic4_q,2014,37.846
bol,sex_m,age_ythadult_yge15,eco_isic4_q,2015,47.44
bol,sex_m,age_ythadult_yge15,eco_isic4_q,2016,41.543
bol,sex_m,age_ythadult_yge15,eco_isic4_q,2017,39.401
bol,sex_m,age_ythadult_yge15,eco_isic4_q,2018,39.452
bol,sex_m,age_ythadult_yge15,eco_isic4_q,2019,42.007
bol,sex_m,age_ythadult_yge15,eco_isic4_q,2020,58.064
bol,sex_m,age_ythadult_yge15,eco_isic4_q,2021,47.394
bol,sex_m,age_ythadult_yge15,eco_isic4_q,2022,47.096
bol,sex_m,age_ythadult_yge15,eco_isic4_q,2023,57.451
bol,sex_m,age_ythadult_yge15,eco_isic4_q,2024,63.064
bol,sex_m,age_ythadult_yge15,eco_isic4_r,2011,27.976
bol,sex_m,age_ythadult_yge15,eco_isic4_r,2012,30.075
bol,sex_m,age_ythadult_yge15,eco_isic4_r,2013,30.133
bol,sex_m,age_ythadult_yge15,eco_isic4_r,2014,23.817
bol,sex_m,age_ythadult_yge15,eco_isic4_r,2015,27.421
bol,sex_m,age_ythadult_yge15,eco_isic4_r,2016,27.081
bol,sex_m,age_ythadult_yge15,eco_isic4_r,2017,26.41
bol,sex_m,age_ythadult_yge15,eco_isic4_r,2018,29.819
bol,sex_m,age_ythadult_yge15,eco_isic4_r,2019,29.718
bol,sex_m,age_ythadult_yge15,eco_isic4_r,2020,18.574
bol,sex_m,age_ythadult_yge15,eco_isic4_r,2021,23.22
bol,sex_m,age_ythadult_yge15,eco_isic4_r,2022,34.683
bol,sex_m,age_ythadult_yge15,eco_isic4_r,2023,45.981
bol,sex_m,age_ythadult_yge15,eco_isic4_r,2024,43.109
bol,sex_m,age_ythadult_yge15,eco_isic4_s,2011,49.267
bol,sex_m,age_ythadult_yge15,eco_isic4_s,2012,53.586
bol,sex_m,age_ythadult_yge15,eco_isic4_s,2013,48.01
bol,sex_m,age_ythadult_yge15,eco_isic4_s,2014,44.303
bol,sex_m,age_ythadult_yge15,eco_isic4_s,2015,59.254
bol,sex_m,age_ythadult_yge15,eco_isic4_s,2016,49.509
bol,sex_m,age_ythadult_yge15,eco_isic4_s,2017,51.802
bol,sex_m,age_ythadult_yge15,eco_isic4_s,2018,57.748
bol,sex_m,age_ythadult_yge15,eco_isic4_s,2019,69.804
bol,sex_m,age_ythadult_yge15,eco_isic4_s,2020,83.793
bol,sex_m,age_ythadult_yge15,eco_isic4_s,2021,72.746
bol,sex_m,age_ythadult_yge15,eco_isic4_s,2022,65.604
bol,sex_m,age_ythadult_yge15,eco_isic4_s,2023,63.158
bol,sex_m,age_ythadult_yge15,eco_isic4_s,2024,72.484
bol,sex_m,age_ythadult_yge15,eco_isic4_t,2011,4.359
bol,sex_m,age_ythadult_yge15,eco_isic4_t,2012,4.482
bol,sex_m,age_ythadult_yge15,eco_isic4_t,2013,3.233
bol,sex_m,age_ythadult_yge15,eco_isic4_t,2014,4.491
bol,sex_m,age_ythadult_yge15,eco_isic4_t,2015,7.709
bol,sex_m,age_ythadult_yge15,eco_isic4_t,2016,2.693
bol,sex_m,age_ythadult_yge15,eco_isic4_t,2017,3.938
bol,sex_m,age_ythadult_yge15,eco_isic4_t,2018,5.134
bol,sex_m,age_ythadult_yge15,eco_isic4_t,2019,6.378
bol,sex_m,age_ythadult_yge15,eco_isic4_t,2020,2.442
bol,sex_m,age_ythadult_yge15,eco_isic4_t,2021,7.313
bol,sex_m,age_ythadult_yge15,eco_isic4_t,2022,6.29
bol,sex_m,age_ythadult_yge15,eco_isic4_t,2023,5.742
bol,sex_m,age_ythadult_yge15,eco_isic4_t,2024,4.849
bol,sex_m,age_ythadult_yge15,eco_isic4_total,2011,2679.798
bol,sex_m,age_ythadult_yge15,eco_isic4_total,2012,2631.456
bol,sex_m,age_ythadult_yge15,eco_isic4_total,2013,2762.75
bol,sex_m,age_ythadult_yge15,eco_isic4_total,2014,2851.183
bol,sex_m,age_ythadult_yge15,eco_isic4_total,2015,2860.593
bol,sex_m,age_ythadult_yge15,eco_isic4_total,2016,2765.604
bol,sex_m,age_ythadult_yge15,eco_isic4_total,2017,2816.052
bol,sex_m,age_ythadult_yge15,eco_isic4_total,2018,2914.814
bol,sex_m,age_ythadult_yge15,eco_isic4_total,2019,3059.93
bol,sex_m,age_ythadult_yge15,eco_isic4_total,2020,3079.264
bol,sex_m,age_ythadult_yge15,eco_isic4_total,2021,3274.59
bol,sex_m,age_ythadult_yge15,eco_isic4_total,2022,3412.124
bol,sex_m,age_ythadult_yge15,eco_isic4_total,2023,3460.792
bol,sex_m,age_ythadult_yge15,eco_isic4_total,2024,3564.275
bol,sex_m,age_ythadult_yge15,eco_isic4_u,2012,1.619
bol,sex_m,age_ythadult_yge15,eco_isic4_u,2016,0.447
bol,sex_m,age_ythadult_yge15,eco_isic4_u,2017,0.79
bol,sex_m,age_ythadult_yge15,eco_isic4_u,2018,0.795
bol,sex_m,age_ythadult_yge15,eco_isic4_u,2019,0.654
bol,sex_m,age_ythadult_yge15,eco_isic4_u,2022,0.816
bol,sex_m,age_ythadult_yge15,eco_isic4_u,2024,0.6
bol,sex_m,age_ythadult_yge15,eco_isic4_x,2015,2.843
bol,sex_m,age_ythadult_yge15,eco_isic4_x,2017,0.461
bol,sex_m,age_ythadult_yge15,eco_isic4_x,2020,6.848
bol,sex_m,age_ythadult_yge15,eco_isic4_x,2021,6.857
bol,sex_m,age_ythadult_yge15,eco_isic4_x,2022,8.864
bol,sex_m,age_ythadult_yge15,eco_isic4_x,2023,7.845
bol,sex_m,age_ythadult_yge15,eco_isic4_x,2024,12.584
bol,sex_m,age_ythadult_yge15,eco_sector_agr,1991,12.787
bol,sex_m,age_ythadult_yge15,eco_sector_agr,1992,15.725
bol,sex_m,age_ythadult_yge15,eco_sector_agr,1993,16.846
bol,sex_m,age_ythadult_yge15,eco_sector_agr,1994,15.392
bol,sex_m,age_ythadult_yge15,eco_sector_agr,1995,21.195
bol,sex_m,age_ythadult_yge15,eco_sector_agr,1999,7.389
bol,sex_m,age_ythadult_yge15,eco_sector_agr,2000,718.102
bol,sex_m,age_ythadult_yge15,eco_sector_agr,2001,827.084
bol,sex_m,age_ythadult_yge15,eco_sector_agr,2002,844.887
bol,sex_m,age_ythadult_yge15,eco_sector_agr,2005,751.199
bol,sex_m,age_ythadult_yge15,eco_sector_agr,2006,844.285
bol,sex_m,age_ythadult_yge15,eco_sector_agr,2007,741.46
bol,sex_m,age_ythadult_yge15,eco_sector_agr,2008,776.898
bol,sex_m,age_ythadult_yge15,eco_sector_agr,2009,769.851
bol,sex_m,age_ythadult_yge15,eco_sector_agr,2011,855.712
bol,sex_m,age_ythadult_yge15,eco_sector_agr,2012,804.711
bol,sex_m,age_ythadult_yge15,eco_sector_agr,2013,895.21
bol,sex_m,age_ythadult_yge15,eco_sector_agr,2014,868.738
bol,sex_m,age_ythadult_yge15,eco_sector_agr,2015,826.891
bol,sex_m,age_ythadult_yge15,eco_sector_agr,2016,831.662
bol,sex_m,age_ythadult_yge15,eco_sector_agr,2017,854.032
bol,sex_m,age_ythadult_yge15,eco_sector_agr,2018,902.813
bol,sex_m,age_ythadult_yge15,eco_sector_agr,2019,831.7
bol,sex_m,age_ythadult_yge15,eco_sector_agr,2020,934.951
bol,sex_m,age_ythadult_yge15,eco_sector_agr,2021,895.112
bol,sex_m,age_ythadult_yge15,eco_sector_agr,2022,842.434
bol,sex_m,age_ythadult_yge15,eco_sector_agr,2023,865.822
bol,sex_m,age_ythadult_yge15,eco_sector_agr,2024,818.472
bol,sex_m,age_ythadult_yge15,eco_sector_ind,1989,110.372
bol,sex_m,age_ythadult_yge15,eco_sector_ind,1990,126.193
bol,sex_m,age_ythadult_yge15,eco_sector_ind,1991,223.204
bol,sex_m,age_ythadult_yge15,eco_sector_ind,1992,243.963
bol,sex_m,age_ythadult_yge15,eco_sector_ind,1993,228.65
bol,sex_m,age_ythadult_yge15,eco_sector_ind,1994,261.856
bol,sex_m,age_ythadult_yge15,eco_sector_ind,1995,263.249
bol,sex_m,age_ythadult_yge15,eco_sector_ind,1999,322.716
bol,sex_m,age_ythadult_yge15,eco_sector_ind,2000,510.925
bol,sex_m,age_ythadult_yge15,eco_sector_ind,2001,433.508
bol,sex_m,age_ythadult_yge15,eco_sector_ind,2002,492.106
bol,sex_m,age_ythadult_yge15,eco_sector_ind,2005,602.649
bol,sex_m,age_ythadult_yge15,eco_sector_ind,2006,570.262
bol,sex_m,age_ythadult_yge15,eco_sector_ind,2007,701.978
bol,sex_m,age_ythadult_yge15,eco_sector_ind,2008,691.348
bol,sex_m,age_ythadult_yge15,eco_sector_ind,2009,752.172
bol,sex_m,age_ythadult_yge15,eco_sector_ind,2011,708.269
bol,sex_m,age_ythadult_yge15,eco_sector_ind,2012,682.8
bol,sex_m,age_ythadult_yge15,eco_sector_ind,2013,685.557
bol,sex_m,age_ythadult_yge15,eco_sector_ind,2014,832.753
bol,sex_m,age_ythadult_yge15,eco_sector_ind,2015,843.941
bol,sex_m,age_ythadult_yge15,eco_sector_ind,2016,796.401
bol,sex_m,age_ythadult_yge15,eco_sector_ind,2017,794.012
bol,sex_m,age_ythadult_yge15,eco_sector_ind,2018,797.358
bol,sex_m,age_ythadult_yge15,eco_sector_ind,2019,865.284
bol,sex_m,age_ythadult_yge15,eco_sector_ind,2020,768.895
bol,sex_m,age_ythadult_yge15,eco_sector_ind,2021,895.855
bol,sex_m,age_ythadult_yge15,eco_sector_ind,2022,940.955
bol,sex_m,age_ythadult_yge15,eco_sector_ind,2023,927.622
bol,sex_m,age_ythadult_yge15,eco_sector_ind,2024,1016.52
bol,sex_m,age_ythadult_yge15,eco_sector_nag,1989,499.767
bol,sex_m,age_ythadult_yge15,eco_sector_nag,1990,529.488
bol,sex_m,age_ythadult_yge15,eco_sector_nag,1991,545.547
bol,sex_m,age_ythadult_yge15,eco_sector_nag,1992,565.083
bol,sex_m,age_ythadult_yge15,eco_sector_nag,1993,583.701
bol,sex_m,age_ythadult_yge15,eco_sector_nag,1994,638.675
bol,sex_m,age_ythadult_yge15,eco_sector_nag,1995,657.786
bol,sex_m,age_ythadult_yge15,eco_sector_nag,1999,2090.903
bol,sex_m,age_ythadult_yge15,eco_sector_nag,2000,1187.17
bol,sex_m,age_ythadult_yge15,eco_sector_nag,2001,1105.289
bol,sex_m,age_ythadult_yge15,eco_sector_nag,2002,1163.329
bol,sex_m,age_ythadult_yge15,eco_sector_nag,2005,1425.691
bol,sex_m,age_ythadult_yge15,eco_sector_nag,2006,1469.193
bol,sex_m,age_ythadult_yge15,eco_sector_nag,2007,1639.291
bol,sex_m,age_ythadult_yge15,eco_sector_nag,2008,1733.235
bol,sex_m,age_ythadult_yge15,eco_sector_nag,2009,1842.554
bol,sex_m,age_ythadult_yge15,eco_sector_nag,2011,1824.086
bol,sex_m,age_ythadult_yge15,eco_sector_nag,2012,1826.745
bol,sex_m,age_ythadult_yge15,eco_sector_nag,2013,1867.54
bol,sex_m,age_ythadult_yge15,eco_sector_nag,2014,1982.445
bol,sex_m,age_ythadult_yge15,eco_sector_nag,2015,2033.702
bol,sex_m,age_ythadult_yge15,eco_sector_nag,2016,1933.942
bol,sex_m,age_ythadult_yge15,eco_sector_nag,2017,1962.02
bol,sex_m,age_ythadult_yge15,eco_sector_nag,2018,2012.001
bol,sex_m,age_ythadult_yge15,eco_sector_nag,2019,2228.23
bol,sex_m,age_ythadult_yge15,eco_sector_nag,2020,2144.313
bol,sex_m,age_ythadult_yge15,eco_sector_nag,2021,2379.478
bol,sex_m,age_ythadult_yge15,eco_sector_nag,2022,2569.69
bol,sex_m,age_ythadult_yge15,eco_sector_nag,2023,2594.97
bol,sex_m,age_ythadult_yge15,eco_sector_nag,2024,2745.803
bol,sex_m,age_ythadult_yge15,eco_sector_ser,1989,371.716
bol,sex_m,age_ythadult_yge15,eco_sector_ser,1990,381.823
bol,sex_m,age_ythadult_yge15,eco_sector_ser,1991,322.308
bol,sex_m,age_ythadult_yge15,eco_sector_ser,1992,320.066
bol,sex_m,age_ythadult_yge15,eco_sector_ser,1993,354.984
bol,sex_m,age_ythadult_yge15,eco_sector_ser,1994,376.819
bol,sex_m,age_ythadult_yge15,eco_sector_ser,1995,393.191
bol,sex_m,age_ythadult_yge15,eco_sector_ser,1999,1573.859
bol,sex_m,age_ythadult_yge15,eco_sector_ser,2000,666.38
bol,sex_m,age_ythadult_yge15,eco_sector_ser,2001,657.823
bol,sex_m,age_ythadult_yge15,eco_sector_ser,2002,671.223
bol,sex_m,age_ythadult_yge15,eco_sector_ser,2005,823.042
bol,sex_m,age_ythadult_yge15,eco_sector_ser,2006,898.931
bol,sex_m,age_ythadult_yge15,eco_sector_ser,2007,937.313
bol,sex_m,age_ythadult_yge15,eco_sector_ser,2008,1040.543
bol,sex_m,age_ythadult_yge15,eco_sector_ser,2009,1090.382
bol,sex_m,age_ythadult_yge15,eco_sector_ser,2011,1115.817
bol,sex_m,age_ythadult_yge15,eco_sector_ser,2012,1143.945
bol,sex_m,age_ythadult_yge15,eco_sector_ser,2013,1181.823
bol,sex_m,age_ythadult_yge15,eco_sector_ser,2014,1149.495
bol,sex_m,age_ythadult_yge15,eco_sector_ser,2015,1186.918
bol,sex_m,age_ythadult_yge15,eco_sector_ser,2016,1137.541
bol,sex_m,age_ythadult_yge15,eco_sector_ser,2017,1167.547
bol,sex_m,age_ythadult_yge15,eco_sector_ser,2018,1214.643
bol,sex_m,age_ythadult_yge15,eco_sector_ser,2019,1362.946
bol,sex_m,age_ythadult_yge15,eco_sector_ser,2020,1368.569
bol,sex_m,age_ythadult_yge15,eco_sector_ser,2021,1476.766
bol,sex_m,age_ythadult_yge15,eco_sector_ser,2022,1619.871
bol,sex_m,age_ythadult_yge15,eco_sector_ser,2023,1659.503
bol,sex_m,age_ythadult_yge15,eco_sector_ser,2024,1716.699
bol,sex_m,age_ythadult_yge15,eco_sector_total,1989,499.767
bol,sex_m,age_ythadult_yge15,eco_sector_total,1990,529.488
bol,sex_m,age_ythadult_yge15,eco_sector_total,1991,558.334
bol,sex_m,age_ythadult_yge15,eco_sector_total,1992,580.808
bol,sex_m,age_ythadult_yge15,eco_sector_total,1993,600.547
bol,sex_m,age_ythadult_yge15,eco_sector_total,1994,654.067
bol,sex_m,age_ythadult_yge15,eco_sector_total,1995,678.981
bol,sex_m,age_ythadult_yge15,eco_sector_total,1999,2098.292
bol,sex_m,age_ythadult_yge15,eco_sector_total,2000,1905.272
bol,sex_m,age_ythadult_yge15,eco_sector_total,2001,1932.373
bol,sex_m,age_ythadult_yge15,eco_sector_total,2002,2008.216
bol,sex_m,age_ythadult_yge15,eco_sector_total,2005,2176.89
bol,sex_m,age_ythadult_yge15,eco_sector_total,2006,2313.478
bol,sex_m,age_ythadult_yge15,eco_sector_total,2007,2380.751
bol,sex_m,age_ythadult_yge15,eco_sector_total,2008,2510.133
bol,sex_m,age_ythadult_yge15,eco_sector_total,2009,2612.405
bol,sex_m,age_ythadult_yge15,eco_sector_total,2011,2679.798
bol,sex_m,age_ythadult_yge15,eco_sector_total,2012,2631.456
bol,sex_m,age_ythadult_yge15,eco_sector_total,2013,2762.75
bol,sex_m,age_ythadult_yge15,eco_sector_total,2014,2851.183
bol,sex_m,age_ythadult_yge15,eco_sector_total,2015,2860.593
bol,sex_m,age_ythadult_yge15,eco_sector_total,2016,2765.604
bol,sex_m,age_ythadult_yge15,eco_sector_total,2017,2816.052
bol,sex_m,age_ythadult_yge15,eco_sector_total,2018,2914.814
bol,sex_m,age_ythadult_yge15,eco_sector_total,2019,3059.93
bol,sex_m,age_ythadult_yge15,eco_sector_total,2020,3079.264
bol,sex_m,age_ythadult_yge15,eco_sector_total,2021,3274.59
bol,sex_m,age_ythadult_yge15,eco_sector_total,2022,3412.124
bol,sex_m,age_ythadult_yge15,eco_sector_total,2023,3460.792
bol,sex_m,age_ythadult_yge15,eco_sector_total,2024,3564.275
bol,sex_m,age_ythadult_yge15,eco_sector_x,1989,17.679
bol,sex_m,age_ythadult_yge15,eco_sector_x,1990,21.472
bol,sex_m,age_ythadult_yge15,eco_sector_x,1992,1.054
bol,sex_m,age_ythadult_yge15,eco_sector_x,1995,1.346
bol,sex_m,age_ythadult_yge15,eco_sector_x,1999,194.328
bol,sex_m,age_ythadult_yge15,eco_sector_x,2000,9.865
bol,sex_m,age_ythadult_yge15,eco_sector_x,2001,13.958
bol,sex_m,age_ythadult_yge15,eco_sector_x,2015,2.843
bol,sex_m,age_ythadult_yge15,eco_sector_x,2017,0.461
bol,sex_m,age_ythadult_yge15,eco_sector_x,2020,6.848
bol,sex_m,age_ythadult_yge15,eco_sector_x,2021,6.857
bol,sex_m,age_ythadult_yge15,eco_sector_x,2022,8.864
bol,sex_m,age_ythadult_yge15,eco_sector_x,2023,7.845
bol,sex_m,age_ythadult_yge15,eco_sector_x,2024,12.584
bol,sex_m,age_ythadult_yge25,eco_aggregate_agr,1991,10.565
bol,sex_m,age_ythadult_yge25,eco_aggregate_agr,1992,13.758
bol,sex_m,age_ythadult_yge25,eco_aggregate_agr,1993,13.816
bol,sex_m,age_ythadult_yge25,eco_aggregate_agr,1994,13.139
bol,sex_m,age_ythadult_yge25,eco_aggregate_agr,1995,18.201
bol,sex_m,age_ythadult_yge25,eco_aggregate_agr,1999,7.389
bol,sex_m,age_ythadult_yge25,eco_aggregate_agr,2000,540.981
bol,sex_m,age_ythadult_yge25,eco_aggregate_agr,2001,597.365
bol,sex_m,age_ythadult_yge25,eco_aggregate_agr,2002,597.408
bol,sex_m,age_ythadult_yge25,eco_aggregate_agr,2005,580.999
bol,sex_m,age_ythadult_yge25,eco_aggregate_agr,2006,631.769
bol,sex_m,age_ythadult_yge25,eco_aggregate_agr,2007,542.531
bol,sex_m,age_ythadult_yge25,eco_aggregate_agr,2008,600.645
bol,sex_m,age_ythadult_yge25,eco_aggregate_agr,2009,607.56
bol,sex_m,age_ythadult_yge25,eco_aggregate_agr,2011,650.902
bol,sex_m,age_ythadult_yge25,eco_aggregate_agr,2012,628.613
bol,sex_m,age_ythadult_yge25,eco_aggregate_agr,2013,734.466
bol,sex_m,age_ythadult_yge25,eco_aggregate_agr,2014,697.044
bol,sex_m,age_ythadult_yge25,eco_aggregate_agr,2015,678.126
bol,sex_m,age_ythadult_yge25,eco_aggregate_agr,2016,667.551
bol,sex_m,age_ythadult_yge25,eco_aggregate_agr,2017,684.062
bol,sex_m,age_ythadult_yge25,eco_aggregate_agr,2018,732.697
bol,sex_m,age_ythadult_yge25,eco_aggregate_agr,2019,675.523
bol,sex_m,age_ythadult_yge25,eco_aggregate_agr,2020,761.994
bol,sex_m,age_ythadult_yge25,eco_aggregate_agr,2021,714.397
bol,sex_m,age_ythadult_yge25,eco_aggregate_agr,2022,675.982
bol,sex_m,age_ythadult_yge25,eco_aggregate_agr,2023,694.167
bol,sex_m,age_ythadult_yge25,eco_aggregate_agr,2024,670.091
bol,sex_m,age_ythadult_yge25,eco_aggregate_con,1991,59.868
bol,sex_m,age_ythadult_yge25,eco_aggregate_con,1992,67.986
bol,sex_m,age_ythadult_yge25,eco_aggregate_con,1993,64.438
bol,sex_m,age_ythadult_yge25,eco_aggregate_con,1994,82.548
bol,sex_m,age_ythadult_yge25,eco_aggregate_con,1995,76.192
bol,sex_m,age_ythadult_yge25,eco_aggregate_con,2000,173.084
bol,sex_m,age_ythadult_yge25,eco_aggregate_con,2001,142.424
bol,sex_m,age_ythadult_yge25,eco_aggregate_con,2002,155.4
bol,sex_m,age_ythadult_yge25,eco_aggregate_con,2005,204.744
bol,sex_m,age_ythadult_yge25,eco_aggregate_con,2006,177.443
bol,sex_m,age_ythadult_yge25,eco_aggregate_con,2007,217.054
bol,sex_m,age_ythadult_yge25,eco_aggregate_con,2008,242.838
bol,sex_m,age_ythadult_yge25,eco_aggregate_con,2009,269.43
bol,sex_m,age_ythadult_yge25,eco_aggregate_con,2011,264.93
bol,sex_m,age_ythadult_yge25,eco_aggregate_con,2012,272.141
bol,sex_m,age_ythadult_yge25,eco_aggregate_con,2013,257.218
bol,sex_m,age_ythadult_yge25,eco_aggregate_con,2014,318.41
bol,sex_m,age_ythadult_yge25,eco_aggregate_con,2015,347.213
bol,sex_m,age_ythadult_yge25,eco_aggregate_con,2016,317.615
bol,sex_m,age_ythadult_yge25,eco_aggregate_con,2017,324.36
bol,sex_m,age_ythadult_yge25,eco_aggregate_con,2018,309.723
bol,sex_m,age_ythadult_yge25,eco_aggregate_con,2019,342.676
bol,sex_m,age_ythadult_yge25,eco_aggregate_con,2020,340.884
bol,sex_m,age_ythadult_yge25,eco_aggregate_con,2021,349.254
bol,sex_m,age_ythadult_yge25,eco_aggregate_con,2022,377.979
bol,sex_m,age_ythadult_yge25,eco_aggregate_con,2023,368.049
bol,sex_m,age_ythadult_yge25,eco_aggregate_con,2024,393.865
bol,sex_m,age_ythadult_yge25,eco_aggregate_man,1989,71.086
bol,sex_m,age_ythadult_yge25,eco_aggregate_man,1990,80.314
bol,sex_m,age_ythadult_yge25,eco_aggregate_man,1991,84.812
bol,sex_m,age_ythadult_yge25,eco_aggregate_man,1992,91.144
bol,sex_m,age_ythadult_yge25,eco_aggregate_man,1993,90.097
bol,sex_m,age_ythadult_yge25,eco_aggregate_man,1994,94.169
bol,sex_m,age_ythadult_yge25,eco_aggregate_man,1995,97.868
bol,sex_m,age_ythadult_yge25,eco_aggregate_man,1999,192.286
bol,sex_m,age_ythadult_yge25,eco_aggregate_man,2000,161.706
bol,sex_m,age_ythadult_yge25,eco_aggregate_man,2001,137.95
bol,sex_m,age_ythadult_yge25,eco_aggregate_man,2002,197.646
bol,sex_m,age_ythadult_yge25,eco_aggregate_man,2005,210.036
bol,sex_m,age_ythadult_yge25,eco_aggregate_man,2006,209.221
bol,sex_m,age_ythadult_yge25,eco_aggregate_man,2007,238.87
bol,sex_m,age_ythadult_yge25,eco_aggregate_man,2008,239.128
bol,sex_m,age_ythadult_yge25,eco_aggregate_man,2009,259.235
bol,sex_m,age_ythadult_yge25,eco_aggregate_man,2011,179.758
bol,sex_m,age_ythadult_yge25,eco_aggregate_man,2012,162.808
bol,sex_m,age_ythadult_yge25,eco_aggregate_man,2013,180.049
bol,sex_m,age_ythadult_yge25,eco_aggregate_man,2014,223.683
bol,sex_m,age_ythadult_yge25,eco_aggregate_man,2015,216.398
bol,sex_m,age_ythadult_yge25,eco_aggregate_man,2016,232.031
bol,sex_m,age_ythadult_yge25,eco_aggregate_man,2017,241.627
bol,sex_m,age_ythadult_yge25,eco_aggregate_man,2018,249.182
bol,sex_m,age_ythadult_yge25,eco_aggregate_man,2019,280.115
bol,sex_m,age_ythadult_yge25,eco_aggregate_man,2020,232.62
bol,sex_m,age_ythadult_yge25,eco_aggregate_man,2021,289.083
bol,sex_m,age_ythadult_yge25,eco_aggregate_man,2022,307.648
bol,sex_m,age_ythadult_yge25,eco_aggregate_man,2023,313.459
bol,sex_m,age_ythadult_yge25,eco_aggregate_man,2024,347.016
bol,sex_m,age_ythadult_yge25,eco_aggregate_mel,1989,16.666
bol,sex_m,age_ythadult_yge25,eco_aggregate_mel,1990,12.704
bol,sex_m,age_ythadult_yge25,eco_aggregate_mel,1991,22.008
bol,sex_m,age_ythadult_yge25,eco_aggregate_mel,1992,21.395
bol,sex_m,age_ythadult_yge25,eco_aggregate_mel,1993,15.62
bol,sex_m,age_ythadult_yge25,eco_aggregate_mel,1994,16.128
bol,sex_m,age_ythadult_yge25,eco_aggregate_mel,1995,19.044
bol,sex_m,age_ythadult_yge25,eco_aggregate_mel,1999,91.578
bol,sex_m,age_ythadult_yge25,eco_aggregate_mel,2000,50.498
bol,sex_m,age_ythadult_yge25,eco_aggregate_mel,2001,46.989
bol,sex_m,age_ythadult_yge25,eco_aggregate_mel,2002,35.722
bol,sex_m,age_ythadult_yge25,eco_aggregate_mel,2005,57.933
bol,sex_m,age_ythadult_yge25,eco_aggregate_mel,2006,50.637
bol,sex_m,age_ythadult_yge25,eco_aggregate_mel,2007,65.122
bol,sex_m,age_ythadult_yge25,eco_aggregate_mel,2008,53.665
bol,sex_m,age_ythadult_yge25,eco_aggregate_mel,2009,46.778
bol,sex_m,age_ythadult_yge25,eco_aggregate_mel,2011,96.351
bol,sex_m,age_ythadult_yge25,eco_aggregate_mel,2012,103.874
bol,sex_m,age_ythadult_yge25,eco_aggregate_mel,2013,106.671
bol,sex_m,age_ythadult_yge25,eco_aggregate_mel,2014,92.405
bol,sex_m,age_ythadult_yge25,eco_aggregate_mel,2015,98.043
bol,sex_m,age_ythadult_yge25,eco_aggregate_mel,2016,81.368
bol,sex_m,age_ythadult_yge25,eco_aggregate_mel,2017,68.013
bol,sex_m,age_ythadult_yge25,eco_aggregate_mel,2018,83.953
bol,sex_m,age_ythadult_yge25,eco_aggregate_mel,2019,72.474
bol,sex_m,age_ythadult_yge25,eco_aggregate_mel,2020,58.252
bol,sex_m,age_ythadult_yge25,eco_aggregate_mel,2021,71.756
bol,sex_m,age_ythadult_yge25,eco_aggregate_mel,2022,77.204
bol,sex_m,age_ythadult_yge25,eco_aggregate_mel,2023,75.666
bol,sex_m,age_ythadult_yge25,eco_aggregate_mel,2024,88.394
bol,sex_m,age_ythadult_yge25,eco_aggregate_mkt,1989,155.088
bol,sex_m,age_ythadult_yge25,eco_aggregate_mkt,1990,150.398
bol,sex_m,age_ythadult_yge25,eco_aggregate_mkt,1991,155.045
bol,sex_m,age_ythadult_yge25,eco_aggregate_mkt,1992,162.414
bol,sex_m,age_ythadult_yge25,eco_aggregate_mkt,1993,185.072
bol,sex_m,age_ythadult_yge25,eco_aggregate_mkt,1994,197.205
bol,sex_m,age_ythadult_yge25,eco_aggregate_mkt,1995,204.1
bol,sex_m,age_ythadult_yge25,eco_aggregate_mkt,1999,1079.386
bol,sex_m,age_ythadult_yge25,eco_aggregate_mkt,2000,360.107
bol,sex_m,age_ythadult_yge25,eco_aggregate_mkt,2001,350.768
bol,sex_m,age_ythadult_yge25,eco_aggregate_mkt,2002,347.827
bol,sex_m,age_ythadult_yge25,eco_aggregate_mkt,2005,465.217
bol,sex_m,age_ythadult_yge25,eco_aggregate_mkt,2006,480.768
bol,sex_m,age_ythadult_yge25,eco_aggregate_mkt,2007,511.119
bol,sex_m,age_ythadult_yge25,eco_aggregate_mkt,2008,591.878
bol,sex_m,age_ythadult_yge25,eco_aggregate_mkt,2009,595.882
bol,sex_m,age_ythadult_yge25,eco_aggregate_mkt,2011,614.443
bol,sex_m,age_ythadult_yge25,eco_aggregate_mkt,2012,660.413
bol,sex_m,age_ythadult_yge25,eco_aggregate_mkt,2013,666.933
bol,sex_m,age_ythadult_yge25,eco_aggregate_mkt,2014,670.407
bol,sex_m,age_ythadult_yge25,eco_aggregate_mkt,2015,701.358
bol,sex_m,age_ythadult_yge25,eco_aggregate_mkt,2016,679.479
bol,sex_m,age_ythadult_yge25,eco_aggregate_mkt,2017,702.274
bol,sex_m,age_ythadult_yge25,eco_aggregate_mkt,2018,726.758
bol,sex_m,age_ythadult_yge25,eco_aggregate_mkt,2019,816.541
bol,sex_m,age_ythadult_yge25,eco_aggregate_mkt,2020,891.268
bol,sex_m,age_ythadult_yge25,eco_aggregate_mkt,2021,879.995
bol,sex_m,age_ythadult_yge25,eco_aggregate_mkt,2022,972.821
bol,sex_m,age_ythadult_yge25,eco_aggregate_mkt,2023,986.875
bol,sex_m,age_ythadult_yge25,eco_aggregate_mkt,2024,1020.934
bol,sex_m,age_ythadult_yge25,eco_aggregate_pub,1989,145.38
bol,sex_m,age_ythadult_yge25,eco_aggregate_pub,1990,154.196
bol,sex_m,age_ythadult_yge25,eco_aggregate_pub,1991,104.518
bol,sex_m,age_ythadult_yge25,eco_aggregate_pub,1992,97.753
bol,sex_m,age_ythadult_yge25,eco_aggregate_pub,1993,94.214
bol,sex_m,age_ythadult_yge25,eco_aggregate_pub,1994,103.778
bol,sex_m,age_ythadult_yge25,eco_aggregate_pub,1995,102.861
bol,sex_m,age_ythadult_yge25,eco_aggregate_pub,1999,86.517
bol,sex_m,age_ythadult_yge25,eco_aggregate_pub,2000,190.046
bol,sex_m,age_ythadult_yge25,eco_aggregate_pub,2001,166.84
bol,sex_m,age_ythadult_yge25,eco_aggregate_pub,2002,186.973
bol,sex_m,age_ythadult_yge25,eco_aggregate_pub,2005,222.084
bol,sex_m,age_ythadult_yge25,eco_aggregate_pub,2006,247.109
bol,sex_m,age_ythadult_yge25,eco_aggregate_pub,2007,276.781
bol,sex_m,age_ythadult_yge25,eco_aggregate_pub,2008,268.105
bol,sex_m,age_ythadult_yge25,eco_aggregate_pub,2009,308.082
bol,sex_m,age_ythadult_yge25,eco_aggregate_pub,2011,307.012
bol,sex_m,age_ythadult_yge25,eco_aggregate_pub,2012,297.556
bol,sex_m,age_ythadult_yge25,eco_aggregate_pub,2013,347.153
bol,sex_m,age_ythadult_yge25,eco_aggregate_pub,2014,282.71
bol,sex_m,age_ythadult_yge25,eco_aggregate_pub,2015,305.387
bol,sex_m,age_ythadult_yge25,eco_aggregate_pub,2016,289.491
bol,sex_m,age_ythadult_yge25,eco_aggregate_pub,2017,288.563
bol,sex_m,age_ythadult_yge25,eco_aggregate_pub,2018,293.585
bol,sex_m,age_ythadult_yge25,eco_aggregate_pub,2019,316.648
bol,sex_m,age_ythadult_yge25,eco_aggregate_pub,2020,321.967
bol,sex_m,age_ythadult_yge25,eco_aggregate_pub,2021,320.101
bol,sex_m,age_ythadult_yge25,eco_aggregate_pub,2022,330.156
bol,sex_m,age_ythadult_yge25,eco_aggregate_pub,2023,357.486
bol,sex_m,age_ythadult_yge25,eco_aggregate_pub,2024,352.054
bol,sex_m,age_ythadult_yge25,eco_aggregate_total,1989,401.097
bol,sex_m,age_ythadult_yge25,eco_aggregate_total,1990,413.178
bol,sex_m,age_ythadult_yge25,eco_aggregate_total,1991,436.851
bol,sex_m,age_ythadult_yge25,eco_aggregate_total,1992,455.333
bol,sex_m,age_ythadult_yge25,eco_aggregate_total,1993,463.324
bol,sex_m,age_ythadult_yge25,eco_aggregate_total,1994,506.967
bol,sex_m,age_ythadult_yge25,eco_aggregate_total,1995,519.612
bol,sex_m,age_ythadult_yge25,eco_aggregate_total,1999,1618.91
bol,sex_m,age_ythadult_yge25,eco_aggregate_total,2000,1482.185
bol,sex_m,age_ythadult_yge25,eco_aggregate_total,2001,1450.228
bol,sex_m,age_ythadult_yge25,eco_aggregate_total,2002,1520.976
bol,sex_m,age_ythadult_yge25,eco_aggregate_total,2005,1741.013
bol,sex_m,age_ythadult_yge25,eco_aggregate_total,2006,1796.947
bol,sex_m,age_ythadult_yge25,eco_aggregate_total,2007,1851.477
bol,sex_m,age_ythadult_yge25,eco_aggregate_total,2008,1997.603
bol,sex_m,age_ythadult_yge25,eco_aggregate_total,2009,2086.967
bol,sex_m,age_ythadult_yge25,eco_aggregate_total,2011,2113.396
bol,sex_m,age_ythadult_yge25,eco_aggregate_total,2012,2125.405
bol,sex_m,age_ythadult_yge25,eco_aggregate_total,2013,2292.65
bol,sex_m,age_ythadult_yge25,eco_aggregate_total,2014,2284.856
bol,sex_m,age_ythadult_yge25,eco_aggregate_total,2015,2348.243
bol,sex_m,age_ythadult_yge25,eco_aggregate_total,2016,2267.536
bol,sex_m,age_ythadult_yge25,eco_aggregate_total,2017,2309.019
bol,sex_m,age_ythadult_yge25,eco_aggregate_total,2018,2395.897
bol,sex_m,age_ythadult_yge25,eco_aggregate_total,2019,2503.978
bol,sex_m,age_ythadult_yge25,eco_aggregate_total,2020,2611.753
bol,sex_m,age_ythadult_yge25,eco_aggregate_total,2021,2629.151
bol,sex_m,age_ythadult_yge25,eco_aggregate_total,2022,2747.568
bol,sex_m,age_ythadult_yge25,eco_aggregate_total,2023,2800.236
bol,sex_m,age_ythadult_yge25,eco_aggregate_total,2024,2880.182
bol,sex_m,age_ythadult_yge25,eco_aggregate_x,1989,12.877
bol,sex_m,age_ythadult_yge25,eco_aggregate_x,1990,15.566
bol,sex_m,age_ythadult_yge25,eco_aggregate_x,1992,0.883
bol,sex_m,age_ythadult_yge25,eco_aggregate_x,1995,1.346
bol,sex_m,age_ythadult_yge25,eco_aggregate_x,1999,161.754
bol,sex_m,age_ythadult_yge25,eco_aggregate_x,2000,5.763
bol,sex_m,age_ythadult_yge25,eco_aggregate_x,2001,7.892
bol,sex_m,age_ythadult_yge25,eco_aggregate_x,2015,1.718
bol,sex_m,age_ythadult_yge25,eco_aggregate_x,2020,4.768
bol,sex_m,age_ythadult_yge25,eco_aggregate_x,2021,4.564
bol,sex_m,age_ythadult_yge25,eco_aggregate_x,2022,5.779
bol,sex_m,age_ythadult_yge25,eco_aggregate_x,2023,4.536
bol,sex_m,age_ythadult_yge25,eco_aggregate_x,2024,7.828
bol,sex_m,age_ythadult_yge25,eco_isic3_a,1991,10.512
bol,sex_m,age_ythadult_yge25,eco_isic3_a,1992,13.758
bol,sex_m,age_ythadult_yge25,eco_isic3_a,1993,13.758
bol,sex_m,age_ythadult_yge25,eco_isic3_a,1994,13
bol,sex_m,age_ythadult_yge25,eco_isic3_a,1995,18.125
bol,sex_m,age_ythadult_yge25,eco_isic3_a,1999,7.389
bol,sex_m,age_ythadult_yge25,eco_isic3_a,2000,540.981
bol,sex_m,age_ythadult_yge25,eco_isic3_a,2001,597.365
bol,sex_m,age_ythadult_yge25,eco_isic3_a,2002,594.856
bol,sex_m,age_ythadult_yge25,eco_isic3_a,2005,577.018
bol,sex_m,age_ythadult_yge25,eco_isic3_a,2006,625.993
bol,sex_m,age_ythadult_yge25,eco_isic3_a,2007,541.146
bol,sex_m,age_ythadult_yge25,eco_isic3_a,2008,597.824
bol,sex_m,age_ythadult_yge25,eco_isic3_a,2009,604.659
bol,sex_m,age_ythadult_yge25,eco_isic3_b,2002,2.552
bol,sex_m,age_ythadult_yge25,eco_isic3_b,2005,3.981
bol,sex_m,age_ythadult_yge25,eco_isic3_b,2006,5.776
bol,sex_m,age_ythadult_yge25,eco_isic3_b,2008,2.821
bol,sex_m,age_ythadult_yge25,eco_isic3_c,1989,13.67
bol,sex_m,age_ythadult_yge25,eco_isic3_c,1990,9.702
bol,sex_m,age_ythadult_yge25,eco_isic3_c,1991,16.266
bol,sex_m,age_ythadult_yge25,eco_isic3_c,1992,15.845
bol,sex_m,age_ythadult_yge25,eco_isic3_c,1993,11.852
bol,sex_m,age_ythadult_yge25,eco_isic3_c,1994,11.95
bol,sex_m,age_ythadult_yge25,eco_isic3_c,1995,15.415
bol,sex_m,age_ythadult_yge25,eco_isic3_c,1999,57.542
bol,sex_m,age_ythadult_yge25,eco_isic3_c,2000,38.408
bol,sex_m,age_ythadult_yge25,eco_isic3_c,2001,39.902
bol,sex_m,age_ythadult_yge25,eco_isic3_c,2002,29.416
bol,sex_m,age_ythadult_yge25,eco_isic3_c,2005,46.963
bol,sex_m,age_ythadult_yge25,eco_isic3_c,2006,40.465
bol,sex_m,age_ythadult_yge25,eco_isic3_c,2007,54.254
bol,sex_m,age_ythadult_yge25,eco_isic3_c,2008,40.32
bol,sex_m,age_ythadult_yge25,eco_isic3_c,2009,38.075
bol,sex_m,age_ythadult_yge25,eco_isic3_d,1989,71.086
bol,sex_m,age_ythadult_yge25,eco_isic3_d,1990,80.314
bol,sex_m,age_ythadult_yge25,eco_isic3_d,1991,84.812
bol,sex_m,age_ythadult_yge25,eco_isic3_d,1992,91.144
bol,sex_m,age_ythadult_yge25,eco_isic3_d,1993,90.097
bol,sex_m,age_ythadult_yge25,eco_isic3_d,1994,94.169
bol,sex_m,age_ythadult_yge25,eco_isic3_d,1995,97.868
bol,sex_m,age_ythadult_yge25,eco_isic3_d,1999,192.286
bol,sex_m,age_ythadult_yge25,eco_isic3_d,2000,161.706
bol,sex_m,age_ythadult_yge25,eco_isic3_d,2001,137.95
bol,sex_m,age_ythadult_yge25,eco_isic3_d,2002,197.646
bol,sex_m,age_ythadult_yge25,eco_isic3_d,2005,210.036
bol,sex_m,age_ythadult_yge25,eco_isic3_d,2006,209.221
bol,sex_m,age_ythadult_yge25,eco_isic3_d,2007,238.87
bol,sex_m,age_ythadult_yge25,eco_isic3_d,2008,239.128
bol,sex_m,age_ythadult_yge25,eco_isic3_d,2009,259.235
bol,sex_m,age_ythadult_yge25,eco_isic3_e,1989,2.996
bol,sex_m,age_ythadult_yge25,eco_isic3_e,1990,3.002
bol,sex_m,age_ythadult_yge25,eco_isic3_e,1991,5.742
bol,sex_m,age_ythadult_yge25,eco_isic3_e,1992,5.55
bol,sex_m,age_ythadult_yge25,eco_isic3_e,1993,3.768
bol,sex_m,age_ythadult_yge25,eco_isic3_e,1994,4.178
bol,sex_m,age_ythadult_yge25,eco_isic3_e,1995,3.629
bol,sex_m,age_ythadult_yge25,eco_isic3_e,1999,34.036
bol,sex_m,age_ythadult_yge25,eco_isic3_e,2000,12.09
bol,sex_m,age_ythadult_yge25,eco_isic3_e,2001,7.087
bol,sex_m,age_ythadult_yge25,eco_isic3_e,2002,6.306
bol,sex_m,age_ythadult_yge25,eco_isic3_e,2005,10.97
bol,sex_m,age_ythadult_yge25,eco_isic3_e,2006,10.172
bol,sex_m,age_ythadult_yge25,eco_isic3_e,2007,10.868
bol,sex_m,age_ythadult_yge25,eco_isic3_e,2008,13.345
bol,sex_m,age_ythadult_yge25,eco_isic3_e,2009,8.703
bol,sex_m,age_ythadult_yge25,eco_isic3_f,1991,59.868
bol,sex_m,age_ythadult_yge25,eco_isic3_f,1992,67.986
bol,sex_m,age_ythadult_yge25,eco_isic3_f,1993,64.438
bol,sex_m,age_ythadult_yge25,eco_isic3_f,1994,82.548
bol,sex_m,age_ythadult_yge25,eco_isic3_f,1995,76.192
bol,sex_m,age_ythadult_yge25,eco_isic3_f,2000,173.084
bol,sex_m,age_ythadult_yge25,eco_isic3_f,2001,142.424
bol,sex_m,age_ythadult_yge25,eco_isic3_f,2002,155.4
bol,sex_m,age_ythadult_yge25,eco_isic3_f,2005,204.744
bol,sex_m,age_ythadult_yge25,eco_isic3_f,2006,177.443
bol,sex_m,age_ythadult_yge25,eco_isic3_f,2007,217.054
bol,sex_m,age_ythadult_yge25,eco_isic3_f,2008,242.838
bol,sex_m,age_ythadult_yge25,eco_isic3_f,2009,269.43
bol,sex_m,age_ythadult_yge25,eco_isic3_g,1989,46.017
bol,sex_m,age_ythadult_yge25,eco_isic3_g,1990,43.588
bol,sex_m,age_ythadult_yge25,eco_isic3_g,1991,73.832
bol,sex_m,age_ythadult_yge25,eco_isic3_g,1992,76.008
bol,sex_m,age_ythadult_yge25,eco_isic3_g,1993,79.775
bol,sex_m,age_ythadult_yge25,eco_isic3_g,1994,92.352
bol,sex_m,age_ythadult_yge25,eco_isic3_g,1995,100.442
bol,sex_m,age_ythadult_yge25,eco_isic3_g,1999,91.237
bol,sex_m,age_ythadult_yge25,eco_isic3_g,2000,150.531
bol,sex_m,age_ythadult_yge25,eco_isic3_g,2001,128.669
bol,sex_m,age_ythadult_yge25,eco_isic3_g,2002,152.077
bol,sex_m,age_ythadult_yge25,eco_isic3_g,2005,184.21
bol,sex_m,age_ythadult_yge25,eco_isic3_g,2006,185.628
bol,sex_m,age_ythadult_yge25,eco_isic3_g,2007,199.539
bol,sex_m,age_ythadult_yge25,eco_isic3_g,2008,237.363
bol,sex_m,age_ythadult_yge25,eco_isic3_g,2009,227.555
bol,sex_m,age_ythadult_yge25,eco_isic3_h,1991,8.58
bol,sex_m,age_ythadult_yge25,eco_isic3_h,1992,8.116
bol,sex_m,age_ythadult_yge25,eco_isic3_h,1993,10.64
bol,sex_m,age_ythadult_yge25,eco_isic3_h,1994,11.686
bol,sex_m,age_ythadult_yge25,eco_isic3_h,1995,9.658
bol,sex_m,age_ythadult_yge25,eco_isic3_h,2000,18.946
bol,sex_m,age_ythadult_yge25,eco_isic3_h,2001,21.814
bol,sex_m,age_ythadult_yge25,eco_isic3_h,2002,22.866
bol,sex_m,age_ythadult_yge25,eco_isic3_h,2005,28.746
bol,sex_m,age_ythadult_yge25,eco_isic3_h,2006,28.029
bol,sex_m,age_ythadult_yge25,eco_isic3_h,2007,20.298
bol,sex_m,age_ythadult_yge25,eco_isic3_h,2008,35.987
bol,sex_m,age_ythadult_yge25,eco_isic3_h,2009,29.34
bol,sex_m,age_ythadult_yge25,eco_isic3_i,1989,58.09
bol,sex_m,age_ythadult_yge25,eco_isic3_i,1990,55.866
bol,sex_m,age_ythadult_yge25,eco_isic3_i,1991,51.353
bol,sex_m,age_ythadult_yge25,eco_isic3_i,1992,57.09
bol,sex_m,age_ythadult_yge25,eco_isic3_i,1993,68.966
bol,sex_m,age_ythadult_yge25,eco_isic3_i,1994,65.833
bol,sex_m,age_ythadult_yge25,eco_isic3_i,1995,67.289
bol,sex_m,age_ythadult_yge25,eco_isic3_i,1999,616.12
bol,sex_m,age_ythadult_yge25,eco_isic3_i,2000,116.39
bol,sex_m,age_ythadult_yge25,eco_isic3_i,2001,134.291
bol,sex_m,age_ythadult_yge25,eco_isic3_i,2002,122.361
bol,sex_m,age_ythadult_yge25,eco_isic3_i,2005,195.188
bol,sex_m,age_ythadult_yge25,eco_isic3_i,2006,169.729
bol,sex_m,age_ythadult_yge25,eco_isic3_i,2007,201.399
bol,sex_m,age_ythadult_yge25,eco_isic3_i,2008,227.332
bol,sex_m,age_ythadult_yge25,eco_isic3_i,2009,236.817
bol,sex_m,age_ythadult_yge25,eco_isic3_j,1991,5.038
bol,sex_m,age_ythadult_yge25,eco_isic3_j,1992,3.218
bol,sex_m,age_ythadult_yge25,eco_isic3_j,1993,6.759
bol,sex_m,age_ythadult_yge25,eco_isic3_j,1994,6.548
bol,sex_m,age_ythadult_yge25,eco_isic3_j,1995,6.673
bol,sex_m,age_ythadult_yge25,eco_isic3_j,2000,13.531
bol,sex_m,age_ythadult_yge25,eco_isic3_j,2001,15.288
bol,sex_m,age_ythadult_yge25,eco_isic3_j,2002,9.467
bol,sex_m,age_ythadult_yge25,eco_isic3_j,2005,4.068
bol,sex_m,age_ythadult_yge25,eco_isic3_j,2006,12.68
bol,sex_m,age_ythadult_yge25,eco_isic3_j,2007,11.771
bol,sex_m,age_ythadult_yge25,eco_isic3_j,2008,15.199
bol,sex_m,age_ythadult_yge25,eco_isic3_j,2009,19.94
bol,sex_m,age_ythadult_yge25,eco_isic3_k,1989,50.981
bol,sex_m,age_ythadult_yge25,eco_isic3_k,1990,50.944
bol,sex_m,age_ythadult_yge25,eco_isic3_k,1991,16.242
bol,sex_m,age_ythadult_yge25,eco_isic3_k,1992,17.982
bol,sex_m,age_ythadult_yge25,eco_isic3_k,1993,18.932
bol,sex_m,age_ythadult_yge25,eco_isic3_k,1994,20.786
bol,sex_m,age_ythadult_yge25,eco_isic3_k,1995,20.038
bol,sex_m,age_ythadult_yge25,eco_isic3_k,1999,372.029
bol,sex_m,age_ythadult_yge25,eco_isic3_k,2000,60.709
bol,sex_m,age_ythadult_yge25,eco_isic3_k,2001,50.706
bol,sex_m,age_ythadult_yge25,eco_isic3_k,2002,41.056
bol,sex_m,age_ythadult_yge25,eco_isic3_k,2005,53.005
bol,sex_m,age_ythadult_yge25,eco_isic3_k,2006,84.702
bol,sex_m,age_ythadult_yge25,eco_isic3_k,2007,78.112
bol,sex_m,age_ythadult_yge25,eco_isic3_k,2008,75.997
bol,sex_m,age_ythadult_yge25,eco_isic3_k,2009,82.23
bol,sex_m,age_ythadult_yge25,eco_isic3_l,1991,40.435
bol,sex_m,age_ythadult_yge25,eco_isic3_l,1992,41.685
bol,sex_m,age_ythadult_yge25,eco_isic3_l,1993,39.155
bol,sex_m,age_ythadult_yge25,eco_isic3_l,1994,40.013
bol,sex_m,age_ythadult_yge25,eco_isic3_l,1995,37.145
bol,sex_m,age_ythadult_yge25,eco_isic3_l,2000,56.825
bol,sex_m,age_ythadult_yge25,eco_isic3_l,2001,48.522
bol,sex_m,age_ythadult_yge25,eco_isic3_l,2002,55.047
bol,sex_m,age_ythadult_yge25,eco_isic3_l,2005,56.821
bol,sex_m,age_ythadult_yge25,eco_isic3_l,2006,71.607
bol,sex_m,age_ythadult_yge25,eco_isic3_l,2007,101.58
bol,sex_m,age_ythadult_yge25,eco_isic3_l,2008,93.596
bol,sex_m,age_ythadult_yge25,eco_isic3_l,2009,88.211
bol,sex_m,age_ythadult_yge25,eco_isic3_m,1989,14.117
bol,sex_m,age_ythadult_yge25,eco_isic3_m,1990,17.181
bol,sex_m,age_ythadult_yge25,eco_isic3_m,1991,24.892
bol,sex_m,age_ythadult_yge25,eco_isic3_m,1992,23.224
bol,sex_m,age_ythadult_yge25,eco_isic3_m,1993,24.368
bol,sex_m,age_ythadult_yge25,eco_isic3_m,1994,26.56
bol,sex_m,age_ythadult_yge25,eco_isic3_m,1995,28.526
bol,sex_m,age_ythadult_yge25,eco_isic3_m,2000,69.745
bol,sex_m,age_ythadult_yge25,eco_isic3_m,2001,57.162
bol,sex_m,age_ythadult_yge25,eco_isic3_m,2002,62.582
bol,sex_m,age_ythadult_yge25,eco_isic3_m,2005,88.565
bol,sex_m,age_ythadult_yge25,eco_isic3_m,2006,87.666
bol,sex_m,age_ythadult_yge25,eco_isic3_m,2007,88.056
bol,sex_m,age_ythadult_yge25,eco_isic3_m,2008,86.832
bol,sex_m,age_ythadult_yge25,eco_isic3_m,2009,111.483
bol,sex_m,age_ythadult_yge25,eco_isic3_n,1991,9.455
bol,sex_m,age_ythadult_yge25,eco_isic3_n,1992,8.979
bol,sex_m,age_ythadult_yge25,eco_isic3_n,1993,11.02
bol,sex_m,age_ythadult_yge25,eco_isic3_n,1994,11.4
bol,sex_m,age_ythadult_yge25,eco_isic3_n,1995,11.183
bol,sex_m,age_ythadult_yge25,eco_isic3_n,2000,20.706
bol,sex_m,age_ythadult_yge25,eco_isic3_n,2001,26.133
bol,sex_m,age_ythadult_yge25,eco_isic3_n,2002,20.557
bol,sex_m,age_ythadult_yge25,eco_isic3_n,2005,19.748
bol,sex_m,age_ythadult_yge25,eco_isic3_n,2006,30.444
bol,sex_m,age_ythadult_yge25,eco_isic3_n,2007,37.731
bol,sex_m,age_ythadult_yge25,eco_isic3_n,2008,34.117
bol,sex_m,age_ythadult_yge25,eco_isic3_n,2009,33.165
bol,sex_m,age_ythadult_yge25,eco_isic3_o,1989,80.646
bol,sex_m,age_ythadult_yge25,eco_isic3_o,1990,85.88
bol,sex_m,age_ythadult_yge25,eco_isic3_o,1991,24.807
bol,sex_m,age_ythadult_yge25,eco_isic3_o,1992,18.598
bol,sex_m,age_ythadult_yge25,eco_isic3_o,1993,15.412
bol,sex_m,age_ythadult_yge25,eco_isic3_o,1994,20.378
bol,sex_m,age_ythadult_yge25,eco_isic3_o,1995,21.192
bol,sex_m,age_ythadult_yge25,eco_isic3_o,1999,86.517
bol,sex_m,age_ythadult_yge25,eco_isic3_o,2000,36.571
bol,sex_m,age_ythadult_yge25,eco_isic3_o,2001,30.6
bol,sex_m,age_ythadult_yge25,eco_isic3_o,2002,37.16
bol,sex_m,age_ythadult_yge25,eco_isic3_o,2005,53.386
bol,sex_m,age_ythadult_yge25,eco_isic3_o,2006,50.704
bol,sex_m,age_ythadult_yge25,eco_isic3_o,2007,45.037
bol,sex_m,age_ythadult_yge25,eco_isic3_o,2008,42.184
bol,sex_m,age_ythadult_yge25,eco_isic3_o,2009,59.843
bol,sex_m,age_ythadult_yge25,eco_isic3_p,1989,50.617
bol,sex_m,age_ythadult_yge25,eco_isic3_p,1990,51.135
bol,sex_m,age_ythadult_yge25,eco_isic3_p,1991,3.221
bol,sex_m,age_ythadult_yge25,eco_isic3_p,1992,2.096
bol,sex_m,age_ythadult_yge25,eco_isic3_p,1993,3.539
bol,sex_m,age_ythadult_yge25,eco_isic3_p,1994,3.621
bol,sex_m,age_ythadult_yge25,eco_isic3_p,1995,2.955
bol,sex_m,age_ythadult_yge25,eco_isic3_p,2000,5.214
bol,sex_m,age_ythadult_yge25,eco_isic3_p,2001,3.814
bol,sex_m,age_ythadult_yge25,eco_isic3_p,2002,10.021
bol,sex_m,age_ythadult_yge25,eco_isic3_p,2005,2.619
bol,sex_m,age_ythadult_yge25,eco_isic3_p,2006,6.14
bol,sex_m,age_ythadult_yge25,eco_isic3_p,2007,4.056
bol,sex_m,age_ythadult_yge25,eco_isic3_p,2008,10.977
bol,sex_m,age_ythadult_yge25,eco_isic3_p,2009,10.641
bol,sex_m,age_ythadult_yge25,eco_isic3_q,1991,1.708
bol,sex_m,age_ythadult_yge25,eco_isic3_q,1992,3.171
bol,sex_m,age_ythadult_yge25,eco_isic3_q,1994,1.806
bol,sex_m,age_ythadult_yge25,eco_isic3_q,1995,1.86
bol,sex_m,age_ythadult_yge25,eco_isic3_q,2009,4.739
bol,sex_m,age_ythadult_yge25,eco_isic3_total,1989,401.097
bol,sex_m,age_ythadult_yge25,eco_isic3_total,1990,413.178
bol,sex_m,age_ythadult_yge25,eco_isic3_total,1991,436.851
bol,sex_m,age_ythadult_yge25,eco_isic3_total,1992,455.333
bol,sex_m,age_ythadult_yge25,eco_isic3_total,1993,463.324
bol,sex_m,age_ythadult_yge25,eco_isic3_total,1994,506.967
bol,sex_m,age_ythadult_yge25,eco_isic3_total,1995,519.612
bol,sex_m,age_ythadult_yge25,eco_isic3_total,1999,1618.91
bol,sex_m,age_ythadult_yge25,eco_isic3_total,2000,1482.185
bol,sex_m,age_ythadult_yge25,eco_isic3_total,2001,1450.228
bol,sex_m,age_ythadult_yge25,eco_isic3_total,2002,1520.976
bol,sex_m,age_ythadult_yge25,eco_isic3_total,2005,1741.013
bol,sex_m,age_ythadult_yge25,eco_isic3_total,2006,1796.947
bol,sex_m,age_ythadult_yge25,eco_isic3_total,2007,1851.477
bol,sex_m,age_ythadult_yge25,eco_isic3_total,2008,1997.603
bol,sex_m,age_ythadult_yge25,eco_isic3_total,2009,2086.967
bol,sex_m,age_ythadult_yge25,eco_isic3_x,1989,12.877
bol,sex_m,age_ythadult_yge25,eco_isic3_x,1990,15.566
bol,sex_m,age_ythadult_yge25,eco_isic3_x,1992,0.883
bol,sex_m,age_ythadult_yge25,eco_isic3_x,1995,1.346
bol,sex_m,age_ythadult_yge25,eco_isic3_x,1999,161.754
bol,sex_m,age_ythadult_yge25,eco_isic3_x,2000,5.763
bol,sex_m,age_ythadult_yge25,eco_isic3_x,2001,7.892
bol,sex_m,age_ythadult_yge25,eco_isic4_a,2011,650.902
bol,sex_m,age_ythadult_yge25,eco_isic4_a,2012,628.613
bol,sex_m,age_ythadult_yge25,eco_isic4_a,2013,734.466
bol,sex_m,age_ythadult_yge25,eco_isic4_a,2014,697.044
bol,sex_m,age_ythadult_yge25,eco_isic4_a,2015,678.126
bol,sex_m,age_ythadult_yge25,eco_isic4_a,2016,667.551
bol,sex_m,age_ythadult_yge25,eco_isic4_a,2017,684.062
bol,sex_m,age_ythadult_yge25,eco_isic4_a,2018,732.697
bol,sex_m,age_ythadult_yge25,eco_isic4_a,2019,675.523
bol,sex_m,age_ythadult_yge25,eco_isic4_a,2020,761.994
bol,sex_m,age_ythadult_yge25,eco_isic4_a,2021,714.397
bol,sex_m,age_ythadult_yge25,eco_isic4_a,2022,675.982
bol,sex_m,age_ythadult_yge25,eco_isic4_a,2023,694.167
bol,sex_m,age_ythadult_yge25,eco_isic4_a,2024,670.091
bol,sex_m,age_ythadult_yge25,eco_isic4_b,2011,83.771
bol,sex_m,age_ythadult_yge25,eco_isic4_b,2012,86.998
bol,sex_m,age_ythadult_yge25,eco_isic4_b,2013,93.196
bol,sex_m,age_ythadult_yge25,eco_isic4_b,2014,80.829
bol,sex_m,age_ythadult_yge25,eco_isic4_b,2015,85.539
bol,sex_m,age_ythadult_yge25,eco_isic4_b,2016,66.536
bol,sex_m,age_ythadult_yge25,eco_isic4_b,2017,56.629
bol,sex_m,age_ythadult_yge25,eco_isic4_b,2018,71.201
bol,sex_m,age_ythadult_yge25,eco_isic4_b,2019,59.22
bol,sex_m,age_ythadult_yge25,eco_isic4_b,2020,46.345
bol,sex_m,age_ythadult_yge25,eco_isic4_b,2021,57.914
bol,sex_m,age_ythadult_yge25,eco_isic4_b,2022,62.257
bol,sex_m,age_ythadult_yge25,eco_isic4_b,2023,63.041
bol,sex_m,age_ythadult_yge25,eco_isic4_b,2024,74.945
bol,sex_m,age_ythadult_yge25,eco_isic4_c,2011,179.758
bol,sex_m,age_ythadult_yge25,eco_isic4_c,2012,162.808
bol,sex_m,age_ythadult_yge25,eco_isic4_c,2013,180.049
bol,sex_m,age_ythadult_yge25,eco_isic4_c,2014,223.683
bol,sex_m,age_ythadult_yge25,eco_isic4_c,2015,216.398
bol,sex_m,age_ythadult_yge25,eco_isic4_c,2016,232.031
bol,sex_m,age_ythadult_yge25,eco_isic4_c,2017,241.627
bol,sex_m,age_ythadult_yge25,eco_isic4_c,2018,249.182
bol,sex_m,age_ythadult_yge25,eco_isic4_c,2019,280.115
bol,sex_m,age_ythadult_yge25,eco_isic4_c,2020,232.62
bol,sex_m,age_ythadult_yge25,eco_isic4_c,2021,289.083
bol,sex_m,age_ythadult_yge25,eco_isic4_c,2022,307.648
bol,sex_m,age_ythadult_yge25,eco_isic4_c,2023,313.459
bol,sex_m,age_ythadult_yge25,eco_isic4_c,2024,347.016
bol,sex_m,age_ythadult_yge25,eco_isic4_d,2011,6.723
bol,sex_m,age_ythadult_yge25,eco_isic4_d,2012,11.75
bol,sex_m,age_ythadult_yge25,eco_isic4_d,2013,8.595
bol,sex_m,age_ythadult_yge25,eco_isic4_d,2014,6.677
bol,sex_m,age_ythadult_yge25,eco_isic4_d,2015,5.68
bol,sex_m,age_ythadult_yge25,eco_isic4_d,2016,8.45
bol,sex_m,age_ythadult_yge25,eco_isic4_d,2017,5.923
bol,sex_m,age_ythadult_yge25,eco_isic4_d,2018,6.965
bol,sex_m,age_ythadult_yge25,eco_isic4_d,2019,7.741
bol,sex_m,age_ythadult_yge25,eco_isic4_d,2020,8.095
bol,sex_m,age_ythadult_yge25,eco_isic4_d,2021,7.791
bol,sex_m,age_ythadult_yge25,eco_isic4_d,2022,8.619
bol,sex_m,age_ythadult_yge25,eco_isic4_d,2023,5.989
bol,sex_m,age_ythadult_yge25,eco_isic4_d,2024,8.074
bol,sex_m,age_ythadult_yge25,eco_isic4_e,2011,5.857
bol,sex_m,age_ythadult_yge25,eco_isic4_e,2012,5.126
bol,sex_m,age_ythadult_yge25,eco_isic4_e,2013,4.88
bol,sex_m,age_ythadult_yge25,eco_isic4_e,2014,4.899
bol,sex_m,age_ythadult_yge25,eco_isic4_e,2015,6.824
bol,sex_m,age_ythadult_yge25,eco_isic4_e,2016,6.383
bol,sex_m,age_ythadult_yge25,eco_isic4_e,2017,5.461
bol,sex_m,age_ythadult_yge25,eco_isic4_e,2018,5.787
bol,sex_m,age_ythadult_yge25,eco_isic4_e,2019,5.513
bol,sex_m,age_ythadult_yge25,eco_isic4_e,2020,3.812
bol,sex_m,age_ythadult_yge25,eco_isic4_e,2021,6.051
bol,sex_m,age_ythadult_yge25,eco_isic4_e,2022,6.328
bol,sex_m,age_ythadult_yge25,eco_isic4_e,2023,6.635
bol,sex_m,age_ythadult_yge25,eco_isic4_e,2024,5.375
bol,sex_m,age_ythadult_yge25,eco_isic4_f,2011,264.93
bol,sex_m,age_ythadult_yge25,eco_isic4_f,2012,272.141
bol,sex_m,age_ythadult_yge25,eco_isic4_f,2013,257.218
bol,sex_m,age_ythadult_yge25,eco_isic4_f,2014,318.41
bol,sex_m,age_ythadult_yge25,eco_isic4_f,2015,347.213
bol,sex_m,age_ythadult_yge25,eco_isic4_f,2016,317.615
bol,sex_m,age_ythadult_yge25,eco_isic4_f,2017,324.36
bol,sex_m,age_ythadult_yge25,eco_isic4_f,2018,309.723
bol,sex_m,age_ythadult_yge25,eco_isic4_f,2019,342.676
bol,sex_m,age_ythadult_yge25,eco_isic4_f,2020,340.884
bol,sex_m,age_ythadult_yge25,eco_isic4_f,2021,349.254
bol,sex_m,age_ythadult_yge25,eco_isic4_f,2022,377.979
bol,sex_m,age_ythadult_yge25,eco_isic4_f,2023,368.049
bol,sex_m,age_ythadult_yge25,eco_isic4_f,2024,393.865
bol,sex_m,age_ythadult_yge25,eco_isic4_g,2011,226.12
bol,sex_m,age_ythadult_yge25,eco_isic4_g,2012,245.178
bol,sex_m,age_ythadult_yge25,eco_isic4_g,2013,236.432
bol,sex_m,age_ythadult_yge25,eco_isic4_g,2014,244.232
bol,sex_m,age_ythadult_yge25,eco_isic4_g,2015,253.2
bol,sex_m,age_ythadult_yge25,eco_isic4_g,2016,231.697
bol,sex_m,age_ythadult_yge25,eco_isic4_g,2017,238.046
bol,sex_m,age_ythadult_yge25,eco_isic4_g,2018,249.744
bol,sex_m,age_ythadult_yge25,eco_isic4_g,2019,278.151
bol,sex_m,age_ythadult_yge25,eco_isic4_g,2020,346.794
bol,sex_m,age_ythadult_yge25,eco_isic4_g,2021,319.115
bol,sex_m,age_ythadult_yge25,eco_isic4_g,2022,337.08
bol,sex_m,age_ythadult_yge25,eco_isic4_g,2023,352.288
bol,sex_m,age_ythadult_yge25,eco_isic4_g,2024,362.627
bol,sex_m,age_ythadult_yge25,eco_isic4_h,2011,227.008
bol,sex_m,age_ythadult_yge25,eco_isic4_h,2012,245.197
bol,sex_m,age_ythadult_yge25,eco_isic4_h,2013,240.41
bol,sex_m,age_ythadult_yge25,eco_isic4_h,2014,250.914
bol,sex_m,age_ythadult_yge25,eco_isic4_h,2015,263.189
bol,sex_m,age_ythadult_yge25,eco_isic4_h,2016,281.07
bol,sex_m,age_ythadult_yge25,eco_isic4_h,2017,291.263
bol,sex_m,age_ythadult_yge25,eco_isic4_h,2018,292.177
bol,sex_m,age_ythadult_yge25,eco_isic4_h,2019,338.488
bol,sex_m,age_ythadult_yge25,eco_isic4_h,2020,291.908
bol,sex_m,age_ythadult_yge25,eco_isic4_h,2021,343.651
bol,sex_m,age_ythadult_yge25,eco_isic4_h,2022,394.334
bol,sex_m,age_ythadult_yge25,eco_isic4_h,2023,383.954
bol,sex_m,age_ythadult_yge25,eco_isic4_h,2024,400.918
bol,sex_m,age_ythadult_yge25,eco_isic4_i,2011,36.086
bol,sex_m,age_ythadult_yge25,eco_isic4_i,2012,41.146
bol,sex_m,age_ythadult_yge25,eco_isic4_i,2013,38.669
bol,sex_m,age_ythadult_yge25,eco_isic4_i,2014,39.916
bol,sex_m,age_ythadult_yge25,eco_isic4_i,2015,40.012
bol,sex_m,age_ythadult_yge25,eco_isic4_i,2016,38.679
bol,sex_m,age_ythadult_yge25,eco_isic4_i,2017,41.508
bol,sex_m,age_ythadult_yge25,eco_isic4_i,2018,48.891
bol,sex_m,age_ythadult_yge25,eco_isic4_i,2019,52.273
bol,sex_m,age_ythadult_yge25,eco_isic4_i,2020,60.547
bol,sex_m,age_ythadult_yge25,eco_isic4_i,2021,54.322
bol,sex_m,age_ythadult_yge25,eco_isic4_i,2022,62.77
bol,sex_m,age_ythadult_yge25,eco_isic4_i,2023,70.055
bol,sex_m,age_ythadult_yge25,eco_isic4_i,2024,72.404
bol,sex_m,age_ythadult_yge25,eco_isic4_j,2011,25.003
bol,sex_m,age_ythadult_yge25,eco_isic4_j,2012,20.952
bol,sex_m,age_ythadult_yge25,eco_isic4_j,2013,22.811
bol,sex_m,age_ythadult_yge25,eco_isic4_j,2014,24.515
bol,sex_m,age_ythadult_yge25,eco_isic4_j,2015,20.509
bol,sex_m,age_ythadult_yge25,eco_isic4_j,2016,21.191
bol,sex_m,age_ythadult_yge25,eco_isic4_j,2017,21
bol,sex_m,age_ythadult_yge25,eco_isic4_j,2018,21.269
bol,sex_m,age_ythadult_yge25,eco_isic4_j,2019,23.062
bol,sex_m,age_ythadult_yge25,eco_isic4_j,2020,29.32
bol,sex_m,age_ythadult_yge25,eco_isic4_j,2021,16.314
bol,sex_m,age_ythadult_yge25,eco_isic4_j,2022,19.489
bol,sex_m,age_ythadult_yge25,eco_isic4_j,2023,19.329
bol,sex_m,age_ythadult_yge25,eco_isic4_j,2024,24.262
bol,sex_m,age_ythadult_yge25,eco_isic4_k,2011,14.703
bol,sex_m,age_ythadult_yge25,eco_isic4_k,2012,19.96
bol,sex_m,age_ythadult_yge25,eco_isic4_k,2013,29.092
bol,sex_m,age_ythadult_yge25,eco_isic4_k,2014,21.976
bol,sex_m,age_ythadult_yge25,eco_isic4_k,2015,23.963
bol,sex_m,age_ythadult_yge25,eco_isic4_k,2016,18.894
bol,sex_m,age_ythadult_yge25,eco_isic4_k,2017,18.092
bol,sex_m,age_ythadult_yge25,eco_isic4_k,2018,19.011
bol,sex_m,age_ythadult_yge25,eco_isic4_k,2019,19.489
bol,sex_m,age_ythadult_yge25,eco_isic4_k,2020,30.082
bol,sex_m,age_ythadult_yge25,eco_isic4_k,2021,20.35
bol,sex_m,age_ythadult_yge25,eco_isic4_k,2022,23.866
bol,sex_m,age_ythadult_yge25,eco_isic4_k,2023,23.365
bol,sex_m,age_ythadult_yge25,eco_isic4_k,2024,25.222
bol,sex_m,age_ythadult_yge25,eco_isic4_l,2011,4.261
bol,sex_m,age_ythadult_yge25,eco_isic4_l,2012,2.656
bol,sex_m,age_ythadult_yge25,eco_isic4_l,2013,2.956
bol,sex_m,age_ythadult_yge25,eco_isic4_l,2014,3.194
bol,sex_m,age_ythadult_yge25,eco_isic4_l,2015,4.659
bol,sex_m,age_ythadult_yge25,eco_isic4_l,2016,8.629
bol,sex_m,age_ythadult_yge25,eco_isic4_l,2017,13.233
bol,sex_m,age_ythadult_yge25,eco_isic4_l,2018,12.235
bol,sex_m,age_ythadult_yge25,eco_isic4_l,2019,11.664
bol,sex_m,age_ythadult_yge25,eco_isic4_l,2020,8.485
bol,sex_m,age_ythadult_yge25,eco_isic4_l,2021,15.373
bol,sex_m,age_ythadult_yge25,eco_isic4_l,2022,14.052
bol,sex_m,age_ythadult_yge25,eco_isic4_l,2023,15.452
bol,sex_m,age_ythadult_yge25,eco_isic4_l,2024,15.174
bol,sex_m,age_ythadult_yge25,eco_isic4_m,2011,63.752
bol,sex_m,age_ythadult_yge25,eco_isic4_m,2012,59.879
bol,sex_m,age_ythadult_yge25,eco_isic4_m,2013,71.209
bol,sex_m,age_ythadult_yge25,eco_isic4_m,2014,58.115
bol,sex_m,age_ythadult_yge25,eco_isic4_m,2015,63.617
bol,sex_m,age_ythadult_yge25,eco_isic4_m,2016,50.28
bol,sex_m,age_ythadult_yge25,eco_isic4_m,2017,52.338
bol,sex_m,age_ythadult_yge25,eco_isic4_m,2018,52.788
bol,sex_m,age_ythadult_yge25,eco_isic4_m,2019,52.515
bol,sex_m,age_ythadult_yge25,eco_isic4_m,2020,90.711
bol,sex_m,age_ythadult_yge25,eco_isic4_m,2021,66.981
bol,sex_m,age_ythadult_yge25,eco_isic4_m,2022,70.713
bol,sex_m,age_ythadult_yge25,eco_isic4_m,2023,70.287
bol,sex_m,age_ythadult_yge25,eco_isic4_m,2024,65.758
bol,sex_m,age_ythadult_yge25,eco_isic4_n,2011,17.51
bol,sex_m,age_ythadult_yge25,eco_isic4_n,2012,25.445
bol,sex_m,age_ythadult_yge25,eco_isic4_n,2013,25.354
bol,sex_m,age_ythadult_yge25,eco_isic4_n,2014,27.545
bol,sex_m,age_ythadult_yge25,eco_isic4_n,2015,32.209
bol,sex_m,age_ythadult_yge25,eco_isic4_n,2016,29.04
bol,sex_m,age_ythadult_yge25,eco_isic4_n,2017,26.793
bol,sex_m,age_ythadult_yge25,eco_isic4_n,2018,30.643
bol,sex_m,age_ythadult_yge25,eco_isic4_n,2019,40.899
bol,sex_m,age_ythadult_yge25,eco_isic4_n,2020,33.422
bol,sex_m,age_ythadult_yge25,eco_isic4_n,2021,43.889
bol,sex_m,age_ythadult_yge25,eco_isic4_n,2022,50.517
bol,sex_m,age_ythadult_yge25,eco_isic4_n,2023,52.146
bol,sex_m,age_ythadult_yge25,eco_isic4_n,2024,54.57
bol,sex_m,age_ythadult_yge25,eco_isic4_o,2011,103.244
bol,sex_m,age_ythadult_yge25,eco_isic4_o,2012,93.156
bol,sex_m,age_ythadult_yge25,eco_isic4_o,2013,109.365
bol,sex_m,age_ythadult_yge25,eco_isic4_o,2014,94.646
bol,sex_m,age_ythadult_yge25,eco_isic4_o,2015,99.184
bol,sex_m,age_ythadult_yge25,eco_isic4_o,2016,96.419
bol,sex_m,age_ythadult_yge25,eco_isic4_o,2017,92.312
bol,sex_m,age_ythadult_yge25,eco_isic4_o,2018,86.231
bol,sex_m,age_ythadult_yge25,eco_isic4_o,2019,91.945
bol,sex_m,age_ythadult_yge25,eco_isic4_o,2020,92.772
bol,sex_m,age_ythadult_yge25,eco_isic4_o,2021,91.004
bol,sex_m,age_ythadult_yge25,eco_isic4_o,2022,97.837
bol,sex_m,age_ythadult_yge25,eco_isic4_o,2023,96.907
bol,sex_m,age_ythadult_yge25,eco_isic4_o,2024,92.785
bol,sex_m,age_ythadult_yge25,eco_isic4_p,2011,98.641
bol,sex_m,age_ythadult_yge25,eco_isic4_p,2012,97.255
bol,sex_m,age_ythadult_yge25,eco_isic4_p,2013,118.14
bol,sex_m,age_ythadult_yge25,eco_isic4_p,2014,97.595
bol,sex_m,age_ythadult_yge25,eco_isic4_p,2015,83.267
bol,sex_m,age_ythadult_yge25,eco_isic4_p,2016,91.826
bol,sex_m,age_ythadult_yge25,eco_isic4_p,2017,93.251
bol,sex_m,age_ythadult_yge25,eco_isic4_p,2018,94.904
bol,sex_m,age_ythadult_yge25,eco_isic4_p,2019,102.121
bol,sex_m,age_ythadult_yge25,eco_isic4_p,2020,81.897
bol,sex_m,age_ythadult_yge25,eco_isic4_p,2021,104.133
bol,sex_m,age_ythadult_yge25,eco_isic4_p,2022,108.175
bol,sex_m,age_ythadult_yge25,eco_isic4_p,2023,121.946
bol,sex_m,age_ythadult_yge25,eco_isic4_p,2024,115.973
bol,sex_m,age_ythadult_yge25,eco_isic4_q,2011,40.246
bol,sex_m,age_ythadult_yge25,eco_isic4_q,2012,38.219
bol,sex_m,age_ythadult_yge25,eco_isic4_q,2013,52.102
bol,sex_m,age_ythadult_yge25,eco_isic4_q,2014,34.705
bol,sex_m,age_ythadult_yge25,eco_isic4_q,2015,44.796
bol,sex_m,age_ythadult_yge25,eco_isic4_q,2016,39.269
bol,sex_m,age_ythadult_yge25,eco_isic4_q,2017,38.179
bol,sex_m,age_ythadult_yge25,eco_isic4_q,2018,38.511
bol,sex_m,age_ythadult_yge25,eco_isic4_q,2019,40.094
bol,sex_m,age_ythadult_yge25,eco_isic4_q,2020,56.146
bol,sex_m,age_ythadult_yge25,eco_isic4_q,2021,45.288
bol,sex_m,age_ythadult_yge25,eco_isic4_q,2022,44.541
bol,sex_m,age_ythadult_yge25,eco_isic4_q,2023,52.835
bol,sex_m,age_ythadult_yge25,eco_isic4_q,2024,58.832
bol,sex_m,age_ythadult_yge25,eco_isic4_r,2011,20.139
bol,sex_m,age_ythadult_yge25,eco_isic4_r,2012,19.406
bol,sex_m,age_ythadult_yge25,eco_isic4_r,2013,21.903
bol,sex_m,age_ythadult_yge25,eco_isic4_r,2014,16.477
bol,sex_m,age_ythadult_yge25,eco_isic4_r,2015,19.972
bol,sex_m,age_ythadult_yge25,eco_isic4_r,2016,18.502
bol,sex_m,age_ythadult_yge25,eco_isic4_r,2017,17.785
bol,sex_m,age_ythadult_yge25,eco_isic4_r,2018,21.056
bol,sex_m,age_ythadult_yge25,eco_isic4_r,2019,20
bol,sex_m,age_ythadult_yge25,eco_isic4_r,2020,14.989
bol,sex_m,age_ythadult_yge25,eco_isic4_r,2021,14.402
bol,sex_m,age_ythadult_yge25,eco_isic4_r,2022,22.68
bol,sex_m,age_ythadult_yge25,eco_isic4_r,2023,30.229
bol,sex_m,age_ythadult_yge25,eco_isic4_r,2024,29.081
bol,sex_m,age_ythadult_yge25,eco_isic4_s,2011,39.725
bol,sex_m,age_ythadult_yge25,eco_isic4_s,2012,43.419
bol,sex_m,age_ythadult_yge25,eco_isic4_s,2013,42.697
bol,sex_m,age_ythadult_yge25,eco_isic4_s,2014,35.044
bol,sex_m,age_ythadult_yge25,eco_isic4_s,2015,50.596
bol,sex_m,age_ythadult_yge25,eco_isic4_s,2016,40.989
bol,sex_m,age_ythadult_yge25,eco_isic4_s,2017,42.914
bol,sex_m,age_ythadult_yge25,eco_isic4_s,2018,47.616
bol,sex_m,age_ythadult_yge25,eco_isic4_s,2019,56.729
bol,sex_m,age_ythadult_yge25,eco_isic4_s,2020,72.891
bol,sex_m,age_ythadult_yge25,eco_isic4_s,2021,58.93
bol,sex_m,age_ythadult_yge25,eco_isic4_s,2022,51.105
bol,sex_m,age_ythadult_yge25,eco_isic4_s,2023,50.818
bol,sex_m,age_ythadult_yge25,eco_isic4_s,2024,50.712
bol,sex_m,age_ythadult_yge25,eco_isic4_t,2011,3.818
bol,sex_m,age_ythadult_yge25,eco_isic4_t,2012,4.482
bol,sex_m,age_ythadult_yge25,eco_isic4_t,2013,2.884
bol,sex_m,age_ythadult_yge25,eco_isic4_t,2014,4.025
bol,sex_m,age_ythadult_yge25,eco_isic4_t,2015,7.26
bol,sex_m,age_ythadult_yge25,eco_isic4_t,2016,2.046
bol,sex_m,age_ythadult_yge25,eco_isic4_t,2017,3.444
bol,sex_m,age_ythadult_yge25,eco_isic4_t,2018,4.471
bol,sex_m,age_ythadult_yge25,eco_isic4_t,2019,5.105
bol,sex_m,age_ythadult_yge25,eco_isic4_t,2020,2.281
bol,sex_m,age_ythadult_yge25,eco_isic4_t,2021,6.24
bol,sex_m,age_ythadult_yge25,eco_isic4_t,2022,5.003
bol,sex_m,age_ythadult_yge25,eco_isic4_t,2023,4.498
bol,sex_m,age_ythadult_yge25,eco_isic4_t,2024,4.07
bol,sex_m,age_ythadult_yge25,eco_isic4_total,2011,2113.396
bol,sex_m,age_ythadult_yge25,eco_isic4_total,2012,2125.405
bol,sex_m,age_ythadult_yge25,eco_isic4_total,2013,2292.65
bol,sex_m,age_ythadult_yge25,eco_isic4_total,2014,2284.856
bol,sex_m,age_ythadult_yge25,eco_isic4_total,2015,2348.243
bol,sex_m,age_ythadult_yge25,eco_isic4_total,2016,2267.536
bol,sex_m,age_ythadult_yge25,eco_isic4_total,2017,2309.019
bol,sex_m,age_ythadult_yge25,eco_isic4_total,2018,2395.897
bol,sex_m,age_ythadult_yge25,eco_isic4_total,2019,2503.978
bol,sex_m,age_ythadult_yge25,eco_isic4_total,2020,2611.753
bol,sex_m,age_ythadult_yge25,eco_isic4_total,2021,2629.151
bol,sex_m,age_ythadult_yge25,eco_isic4_total,2022,2747.568
bol,sex_m,age_ythadult_yge25,eco_isic4_total,2023,2800.236
bol,sex_m,age_ythadult_yge25,eco_isic4_total,2024,2880.182
bol,sex_m,age_ythadult_yge25,eco_isic4_u,2012,1.619
bol,sex_m,age_ythadult_yge25,eco_isic4_u,2016,0.441
bol,sex_m,age_ythadult_yge25,eco_isic4_u,2017,0.678
bol,sex_m,age_ythadult_yge25,eco_isic4_u,2018,0.795
bol,sex_m,age_ythadult_yge25,eco_isic4_u,2019,0.654
bol,sex_m,age_ythadult_yge25,eco_isic4_u,2022,0.816
bol,sex_m,age_ythadult_yge25,eco_isic4_u,2024,0.6
bol,sex_m,age_ythadult_yge25,eco_isic4_x,2015,1.718
bol,sex_m,age_ythadult_yge25,eco_isic4_x,2020,4.768
bol,sex_m,age_ythadult_yge25,eco_isic4_x,2021,4.564
bol,sex_m,age_ythadult_yge25,eco_isic4_x,2022,5.779
bol,sex_m,age_ythadult_yge25,eco_isic4_x,2023,4.536
bol,sex_m,age_ythadult_yge25,eco_isic4_x,2024,7.828
bol,sex_m,age_ythadult_yge25,eco_sector_agr,1991,10.565
bol,sex_m,age_ythadult_yge25,eco_sector_agr,1992,13.758
bol,sex_m,age_ythadult_yge25,eco_sector_agr,1993,13.816
bol,sex_m,age_ythadult_yge25,eco_sector_agr,1994,13.139
bol,sex_m,age_ythadult_yge25,eco_sector_agr,1995,18.201
bol,sex_m,age_ythadult_yge25,eco_sector_agr,1999,7.389
bol,sex_m,age_ythadult_yge25,eco_sector_agr,2000,540.981
bol,sex_m,age_ythadult_yge25,eco_sector_agr,2001,597.365
bol,sex_m,age_ythadult_yge25,eco_sector_agr,2002,597.408
bol,sex_m,age_ythadult_yge25,eco_sector_agr,2005,580.999
bol,sex_m,age_ythadult_yge25,eco_sector_agr,2006,631.769
bol,sex_m,age_ythadult_yge25,eco_sector_agr,2007,542.531
bol,sex_m,age_ythadult_yge25,eco_sector_agr,2008,600.645
bol,sex_m,age_ythadult_yge25,eco_sector_agr,2009,607.56
bol,sex_m,age_ythadult_yge25,eco_sector_agr,2011,650.902
bol,sex_m,age_ythadult_yge25,eco_sector_agr,2012,628.613
bol,sex_m,age_ythadult_yge25,eco_sector_agr,2013,734.466
bol,sex_m,age_ythadult_yge25,eco_sector_agr,2014,697.044
bol,sex_m,age_ythadult_yge25,eco_sector_agr,2015,678.126
bol,sex_m,age_ythadult_yge25,eco_sector_agr,2016,667.551
bol,sex_m,age_ythadult_yge25,eco_sector_agr,2017,684.062
bol,sex_m,age_ythadult_yge25,eco_sector_agr,2018,732.697
bol,sex_m,age_ythadult_yge25,eco_sector_agr,2019,675.523
bol,sex_m,age_ythadult_yge25,eco_sector_agr,2020,761.994
bol,sex_m,age_ythadult_yge25,eco_sector_agr,2021,714.397
bol,sex_m,age_ythadult_yge25,eco_sector_agr,2022,675.982
bol,sex_m,age_ythadult_yge25,eco_sector_agr,2023,694.167
bol,sex_m,age_ythadult_yge25,eco_sector_agr,2024,670.091
bol,sex_m,age_ythadult_yge25,eco_sector_ind,1989,87.751
bol,sex_m,age_ythadult_yge25,eco_sector_ind,1990,93.018
bol,sex_m,age_ythadult_yge25,eco_sector_ind,1991,166.688
bol,sex_m,age_ythadult_yge25,eco_sector_ind,1992,180.525
bol,sex_m,age_ythadult_yge25,eco_sector_ind,1993,170.155
bol,sex_m,age_ythadult_yge25,eco_sector_ind,1994,192.845
bol,sex_m,age_ythadult_yge25,eco_sector_ind,1995,193.104
bol,sex_m,age_ythadult_yge25,eco_sector_ind,1999,283.864
bol,sex_m,age_ythadult_yge25,eco_sector_ind,2000,385.288
bol,sex_m,age_ythadult_yge25,eco_sector_ind,2001,327.363
bol,sex_m,age_ythadult_yge25,eco_sector_ind,2002,388.768
bol,sex_m,age_ythadult_yge25,eco_sector_ind,2005,472.713
bol,sex_m,age_ythadult_yge25,eco_sector_ind,2006,437.301
bol,sex_m,age_ythadult_yge25,eco_sector_ind,2007,521.046
bol,sex_m,age_ythadult_yge25,eco_sector_ind,2008,535.631
bol,sex_m,age_ythadult_yge25,eco_sector_ind,2009,575.443
bol,sex_m,age_ythadult_yge25,eco_sector_ind,2011,541.039
bol,sex_m,age_ythadult_yge25,eco_sector_ind,2012,538.823
bol,sex_m,age_ythadult_yge25,eco_sector_ind,2013,543.938
bol,sex_m,age_ythadult_yge25,eco_sector_ind,2014,634.498
bol,sex_m,age_ythadult_yge25,eco_sector_ind,2015,661.654
bol,sex_m,age_ythadult_yge25,eco_sector_ind,2016,631.015
bol,sex_m,age_ythadult_yge25,eco_sector_ind,2017,634
bol,sex_m,age_ythadult_yge25,eco_sector_ind,2018,642.858
bol,sex_m,age_ythadult_yge25,eco_sector_ind,2019,695.265
bol,sex_m,age_ythadult_yge25,eco_sector_ind,2020,631.757
bol,sex_m,age_ythadult_yge25,eco_sector_ind,2021,710.092
bol,sex_m,age_ythadult_yge25,eco_sector_ind,2022,762.831
bol,sex_m,age_ythadult_yge25,eco_sector_ind,2023,757.173
bol,sex_m,age_ythadult_yge25,eco_sector_ind,2024,829.276
bol,sex_m,age_ythadult_yge25,eco_sector_nag,1989,401.097
bol,sex_m,age_ythadult_yge25,eco_sector_nag,1990,413.178
bol,sex_m,age_ythadult_yge25,eco_sector_nag,1991,426.286
bol,sex_m,age_ythadult_yge25,eco_sector_nag,1992,441.575
bol,sex_m,age_ythadult_yge25,eco_sector_nag,1993,449.508
bol,sex_m,age_ythadult_yge25,eco_sector_nag,1994,493.828
bol,sex_m,age_ythadult_yge25,eco_sector_nag,1995,501.411
bol,sex_m,age_ythadult_yge25,eco_sector_nag,1999,1611.521
bol,sex_m,age_ythadult_yge25,eco_sector_nag,2000,941.204
bol,sex_m,age_ythadult_yge25,eco_sector_nag,2001,852.863
bol,sex_m,age_ythadult_yge25,eco_sector_nag,2002,923.568
bol,sex_m,age_ythadult_yge25,eco_sector_nag,2005,1160.014
bol,sex_m,age_ythadult_yge25,eco_sector_nag,2006,1165.178
bol,sex_m,age_ythadult_yge25,eco_sector_nag,2007,1308.946
bol,sex_m,age_ythadult_yge25,eco_sector_nag,2008,1396.958
bol,sex_m,age_ythadult_yge25,eco_sector_nag,2009,1479.407
bol,sex_m,age_ythadult_yge25,eco_sector_nag,2011,1462.494
bol,sex_m,age_ythadult_yge25,eco_sector_nag,2012,1496.792
bol,sex_m,age_ythadult_yge25,eco_sector_nag,2013,1558.184
bol,sex_m,age_ythadult_yge25,eco_sector_nag,2014,1587.812
bol,sex_m,age_ythadult_yge25,eco_sector_nag,2015,1670.117
bol,sex_m,age_ythadult_yge25,eco_sector_nag,2016,1599.985
bol,sex_m,age_ythadult_yge25,eco_sector_nag,2017,1624.957
bol,sex_m,age_ythadult_yge25,eco_sector_nag,2018,1663.2
bol,sex_m,age_ythadult_yge25,eco_sector_nag,2019,1828.455
bol,sex_m,age_ythadult_yge25,eco_sector_nag,2020,1849.759
bol,sex_m,age_ythadult_yge25,eco_sector_nag,2021,1914.753
bol,sex_m,age_ythadult_yge25,eco_sector_nag,2022,2071.586
bol,sex_m,age_ythadult_yge25,eco_sector_nag,2023,2106.069
bol,sex_m,age_ythadult_yge25,eco_sector_nag,2024,2210.091
bol,sex_m,age_ythadult_yge25,eco_sector_ser,1989,300.468
bol,sex_m,age_ythadult_yge25,eco_sector_ser,1990,304.594
bol,sex_m,age_ythadult_yge25,eco_sector_ser,1991,259.563
bol,sex_m,age_ythadult_yge25,eco_sector_ser,1992,260.167
bol,sex_m,age_ythadult_yge25,eco_sector_ser,1993,279.286
bol,sex_m,age_ythadult_yge25,eco_sector_ser,1994,300.983
bol,sex_m,age_ythadult_yge25,eco_sector_ser,1995,306.961
bol,sex_m,age_ythadult_yge25,eco_sector_ser,1999,1165.903
bol,sex_m,age_ythadult_yge25,eco_sector_ser,2000,550.153
bol,sex_m,age_ythadult_yge25,eco_sector_ser,2001,517.608
bol,sex_m,age_ythadult_yge25,eco_sector_ser,2002,534.8
bol,sex_m,age_ythadult_yge25,eco_sector_ser,2005,687.301
bol,sex_m,age_ythadult_yge25,eco_sector_ser,2006,727.877
bol,sex_m,age_ythadult_yge25,eco_sector_ser,2007,787.9
bol,sex_m,age_ythadult_yge25,eco_sector_ser,2008,859.983
bol,sex_m,age_ythadult_yge25,eco_sector_ser,2009,903.964
bol,sex_m,age_ythadult_yge25,eco_sector_ser,2011,921.455
bol,sex_m,age_ythadult_yge25,eco_sector_ser,2012,957.969
bol,sex_m,age_ythadult_yge25,eco_sector_ser,2013,1014.086
bol,sex_m,age_ythadult_yge25,eco_sector_ser,2014,953.117
bol,sex_m,age_ythadult_yge25,eco_sector_ser,2015,1006.745
bol,sex_m,age_ythadult_yge25,eco_sector_ser,2016,968.97
bol,sex_m,age_ythadult_yge25,eco_sector_ser,2017,990.837
bol,sex_m,age_ythadult_yge25,eco_sector_ser,2018,1020.342
bol,sex_m,age_ythadult_yge25,eco_sector_ser,2019,1133.19
bol,sex_m,age_ythadult_yge25,eco_sector_ser,2020,1213.235
bol,sex_m,age_ythadult_yge25,eco_sector_ser,2021,1200.096
bol,sex_m,age_ythadult_yge25,eco_sector_ser,2022,1302.976
bol,sex_m,age_ythadult_yge25,eco_sector_ser,2023,1344.361
bol,sex_m,age_ythadult_yge25,eco_sector_ser,2024,1372.987
bol,sex_m,age_ythadult_yge25,eco_sector_total,1989,401.097
bol,sex_m,age_ythadult_yge25,eco_sector_total,1990,413.178
bol,sex_m,age_ythadult_yge25,eco_sector_total,1991,436.851
bol,sex_m,age_ythadult_yge25,eco_sector_total,1992,455.333
bol,sex_m,age_ythadult_yge25,eco_sector_total,1993,463.324
bol,sex_m,age_ythadult_yge25,eco_sector_total,1994,506.967
bol,sex_m,age_ythadult_yge25,eco_sector_total,1995,519.612
bol,sex_m,age_ythadult_yge25,eco_sector_total,1999,1618.91
bol,sex_m,age_ythadult_yge25,eco_sector_total,2000,1482.185
bol,sex_m,age_ythadult_yge25,eco_sector_total,2001,1450.228
bol,sex_m,age_ythadult_yge25,eco_sector_total,2002,1520.976
bol,sex_m,age_ythadult_yge25,eco_sector_total,2005,1741.013
bol,sex_m,age_ythadult_yge25,eco_sector_total,2006,1796.947
bol,sex_m,age_ythadult_yge25,eco_sector_total,2007,1851.477
bol,sex_m,age_ythadult_yge25,eco_sector_total,2008,1997.603
bol,sex_m,age_ythadult_yge25,eco_sector_total,2009,2086.967
bol,sex_m,age_ythadult_yge25,eco_sector_total,2011,2113.396
bol,sex_m,age_ythadult_yge25,eco_sector_total,2012,2125.405
bol,sex_m,age_ythadult_yge25,eco_sector_total,2013,2292.65
bol,sex_m,age_ythadult_yge25,eco_sector_total,2014,2284.856
bol,sex_m,age_ythadult_yge25,eco_sector_total,2015,2348.243
bol,sex_m,age_ythadult_yge25,eco_sector_total,2016,2267.536
bol,sex_m,age_ythadult_yge25,eco_sector_total,2017,2309.019
bol,sex_m,age_ythadult_yge25,eco_sector_total,2018,2395.897
bol,sex_m,age_ythadult_yge25,eco_sector_total,2019,2503.978
bol,sex_m,age_ythadult_yge25,eco_sector_total,2020,2611.753
bol,sex_m,age_ythadult_yge25,eco_sector_total,2021,2629.151
bol,sex_m,age_ythadult_yge25,eco_sector_total,2022,2747.568
bol,sex_m,age_ythadult_yge25,eco_sector_total,2023,2800.236
bol,sex_m,age_ythadult_yge25,eco_sector_total,2024,2880.182
bol,sex_m,age_ythadult_yge25,eco_sector_x,1989,12.877
bol,sex_m,age_ythadult_yge25,eco_sector_x,1990,15.566
bol,sex_m,age_ythadult_yge25,eco_sector_x,1992,0.883
bol,sex_m,age_ythadult_yge25,eco_sector_x,1995,1.346
bol,sex_m,age_ythadult_yge25,eco_sector_x,1999,161.754
bol,sex_m,age_ythadult_yge25,eco_sector_x,2000,5.763
bol,sex_m,age_ythadult_yge25,eco_sector_x,2001,7.892
bol,sex_m,age_ythadult_yge25,eco_sector_x,2015,1.718
bol,sex_m,age_ythadult_yge25,eco_sector_x,2020,4.768
bol,sex_m,age_ythadult_yge25,eco_sector_x,2021,4.564
bol,sex_m,age_ythadult_yge25,eco_sector_x,2022,5.779
bol,sex_m,age_ythadult_yge25,eco_sector_x,2023,4.536
bol,sex_m,age_ythadult_yge25,eco_sector_x,2024,7.828
bol,sex_t,age_10yrbands_total,eco_aggregate_agr,1991,16.764
bol,sex_t,age_10yrbands_total,eco_aggregate_agr,1992,20.615
bol,sex_t,age_10yrbands_total,eco_aggregate_agr,1993,19.815
bol,sex_t,age_10yrbands_total,eco_aggregate_agr,1994,17.82
bol,sex_t,age_10yrbands_total,eco_aggregate_agr,1995,27.142
bol,sex_t,age_10yrbands_total,eco_aggregate_agr,1999,7.389
bol,sex_t,age_10yrbands_total,eco_aggregate_agr,2000,1244.753
bol,sex_t,age_10yrbands_total,eco_aggregate_agr,2001,1462.604
bol,sex_t,age_10yrbands_total,eco_aggregate_agr,2002,1404.168
bol,sex_t,age_10yrbands_total,eco_aggregate_agr,2005,1385.797
bol,sex_t,age_10yrbands_total,eco_aggregate_agr,2006,1513.034
bol,sex_t,age_10yrbands_total,eco_aggregate_agr,2007,1438.326
bol,sex_t,age_10yrbands_total,eco_aggregate_agr,2008,1426.092
bol,sex_t,age_10yrbands_total,eco_aggregate_agr,2009,1420.77
bol,sex_t,age_10yrbands_total,eco_aggregate_agr,2011,1591.152
bol,sex_t,age_10yrbands_total,eco_aggregate_agr,2012,1448.145
bol,sex_t,age_10yrbands_total,eco_aggregate_agr,2013,1620.179
bol,sex_t,age_10yrbands_total,eco_aggregate_agr,2014,1574.434
bol,sex_t,age_10yrbands_total,eco_aggregate_agr,2015,1452.621
bol,sex_t,age_10yrbands_total,eco_aggregate_agr,2016,1442.93
bol,sex_t,age_10yrbands_total,eco_aggregate_agr,2017,1536.108
bol,sex_t,age_10yrbands_total,eco_aggregate_agr,2018,1667.213
bol,sex_t,age_10yrbands_total,eco_aggregate_agr,2019,1541.267
bol,sex_t,age_10yrbands_total,eco_aggregate_agr,2020,1628.759
bol,sex_t,age_10yrbands_total,eco_aggregate_agr,2021,1697.965
bol,sex_t,age_10yrbands_total,eco_aggregate_agr,2022,1587.558
bol,sex_t,age_10yrbands_total,eco_aggregate_agr,2023,1648.257
bol,sex_t,age_10yrbands_total,eco_aggregate_agr,2024,1581.931
bol,sex_t,age_10yrbands_total,eco_aggregate_con,1991,83.564
bol,sex_t,age_10yrbands_total,eco_aggregate_con,1992,91.92
bol,sex_t,age_10yrbands_total,eco_aggregate_con,1993,86.24
bol,sex_t,age_10yrbands_total,eco_aggregate_con,1994,112.654
bol,sex_t,age_10yrbands_total,eco_aggregate_con,1995,103.991
bol,sex_t,age_10yrbands_total,eco_aggregate_con,2000,237.647
bol,sex_t,age_10yrbands_total,eco_aggregate_con,2001,187.631
bol,sex_t,age_10yrbands_total,eco_aggregate_con,2002,204.898
bol,sex_t,age_10yrbands_total,eco_aggregate_con,2005,269.877
bol,sex_t,age_10yrbands_total,eco_aggregate_con,2006,241.772
bol,sex_t,age_10yrbands_total,eco_aggregate_con,2007,308.9
bol,sex_t,age_10yrbands_total,eco_aggregate_con,2008,324.149
bol,sex_t,age_10yrbands_total,eco_aggregate_con,2009,363.63
bol,sex_t,age_10yrbands_total,eco_aggregate_con,2011,375.675
bol,sex_t,age_10yrbands_total,eco_aggregate_con,2012,353.954
bol,sex_t,age_10yrbands_total,eco_aggregate_con,2013,341.937
bol,sex_t,age_10yrbands_total,eco_aggregate_con,2014,446.016
bol,sex_t,age_10yrbands_total,eco_aggregate_con,2015,467.161
bol,sex_t,age_10yrbands_total,eco_aggregate_con,2016,424.213
bol,sex_t,age_10yrbands_total,eco_aggregate_con,2017,428.883
bol,sex_t,age_10yrbands_total,eco_aggregate_con,2018,404.793
bol,sex_t,age_10yrbands_total,eco_aggregate_con,2019,441.585
bol,sex_t,age_10yrbands_total,eco_aggregate_con,2020,431.312
bol,sex_t,age_10yrbands_total,eco_aggregate_con,2021,451.205
bol,sex_t,age_10yrbands_total,eco_aggregate_con,2022,472.271
bol,sex_t,age_10yrbands_total,eco_aggregate_con,2023,459.865
bol,sex_t,age_10yrbands_total,eco_aggregate_con,2024,492.756
bol,sex_t,age_10yrbands_total,eco_aggregate_man,1989,127.204
bol,sex_t,age_10yrbands_total,eco_aggregate_man,1990,150.327
bol,sex_t,age_10yrbands_total,eco_aggregate_man,1991,171.219
bol,sex_t,age_10yrbands_total,eco_aggregate_man,1992,192.544
bol,sex_t,age_10yrbands_total,eco_aggregate_man,1993,192.985
bol,sex_t,age_10yrbands_total,eco_aggregate_man,1994,208.481
bol,sex_t,age_10yrbands_total,eco_aggregate_man,1995,220.83
bol,sex_t,age_10yrbands_total,eco_aggregate_man,1999,374.198
bol,sex_t,age_10yrbands_total,eco_aggregate_man,2000,356.881
bol,sex_t,age_10yrbands_total,eco_aggregate_man,2001,339.415
bol,sex_t,age_10yrbands_total,eco_aggregate_man,2002,417.064
bol,sex_t,age_10yrbands_total,eco_aggregate_man,2005,448.335
bol,sex_t,age_10yrbands_total,eco_aggregate_man,2006,456.498
bol,sex_t,age_10yrbands_total,eco_aggregate_man,2007,495.457
bol,sex_t,age_10yrbands_total,eco_aggregate_man,2008,517.609
bol,sex_t,age_10yrbands_total,eco_aggregate_man,2009,551.658
bol,sex_t,age_10yrbands_total,eco_aggregate_man,2011,346.934
bol,sex_t,age_10yrbands_total,eco_aggregate_man,2012,330.458
bol,sex_t,age_10yrbands_total,eco_aggregate_man,2013,338.721
bol,sex_t,age_10yrbands_total,eco_aggregate_man,2014,478.174
bol,sex_t,age_10yrbands_total,eco_aggregate_man,2015,422.4
bol,sex_t,age_10yrbands_total,eco_aggregate_man,2016,482.295
bol,sex_t,age_10yrbands_total,eco_aggregate_man,2017,497.148
bol,sex_t,age_10yrbands_total,eco_aggregate_man,2018,537.143
bol,sex_t,age_10yrbands_total,eco_aggregate_man,2019,630.741
bol,sex_t,age_10yrbands_total,eco_aggregate_man,2020,476.579
bol,sex_t,age_10yrbands_total,eco_aggregate_man,2021,702.705
bol,sex_t,age_10yrbands_total,eco_aggregate_man,2022,732.13
bol,sex_t,age_10yrbands_total,eco_aggregate_man,2023,761.091
bol,sex_t,age_10yrbands_total,eco_aggregate_man,2024,851.178
bol,sex_t,age_10yrbands_total,eco_aggregate_mel,1989,23.866
bol,sex_t,age_10yrbands_total,eco_aggregate_mel,1990,15.418
bol,sex_t,age_10yrbands_total,eco_aggregate_mel,1991,27.57
bol,sex_t,age_10yrbands_total,eco_aggregate_mel,1992,25.75
bol,sex_t,age_10yrbands_total,eco_aggregate_mel,1993,19.294
bol,sex_t,age_10yrbands_total,eco_aggregate_mel,1994,20.146
bol,sex_t,age_10yrbands_total,eco_aggregate_mel,1995,23.517
bol,sex_t,age_10yrbands_total,eco_aggregate_mel,1999,179.703
bol,sex_t,age_10yrbands_total,eco_aggregate_mel,2000,69.415
bol,sex_t,age_10yrbands_total,eco_aggregate_mel,2001,59.772
bol,sex_t,age_10yrbands_total,eco_aggregate_mel,2002,45.354
bol,sex_t,age_10yrbands_total,eco_aggregate_mel,2005,84.797
bol,sex_t,age_10yrbands_total,eco_aggregate_mel,2006,68.528
bol,sex_t,age_10yrbands_total,eco_aggregate_mel,2007,83.491
bol,sex_t,age_10yrbands_total,eco_aggregate_mel,2008,77.52
bol,sex_t,age_10yrbands_total,eco_aggregate_mel,2009,62.459
bol,sex_t,age_10yrbands_total,eco_aggregate_mel,2011,126.254
bol,sex_t,age_10yrbands_total,eco_aggregate_mel,2012,152.629
bol,sex_t,age_10yrbands_total,eco_aggregate_mel,2013,146.018
bol,sex_t,age_10yrbands_total,eco_aggregate_mel,2014,123.145
bol,sex_t,age_10yrbands_total,eco_aggregate_mel,2015,135.824
bol,sex_t,age_10yrbands_total,eco_aggregate_mel,2016,106.433
bol,sex_t,age_10yrbands_total,eco_aggregate_mel,2017,88.389
bol,sex_t,age_10yrbands_total,eco_aggregate_mel,2018,108.804
bol,sex_t,age_10yrbands_total,eco_aggregate_mel,2019,92.492
bol,sex_t,age_10yrbands_total,eco_aggregate_mel,2020,72.69
bol,sex_t,age_10yrbands_total,eco_aggregate_mel,2021,100.896
bol,sex_t,age_10yrbands_total,eco_aggregate_mel,2022,108.305
bol,sex_t,age_10yrbands_total,eco_aggregate_mel,2023,100.963
bol,sex_t,age_10yrbands_total,eco_aggregate_mel,2024,121.434
bol,sex_t,age_10yrbands_total,eco_aggregate_mkt,1989,366.32
bol,sex_t,age_10yrbands_total,eco_aggregate_mkt,1990,352.924
bol,sex_t,age_10yrbands_total,eco_aggregate_mkt,1991,381.887
bol,sex_t,age_10yrbands_total,eco_aggregate_mkt,1992,396.67
bol,sex_t,age_10yrbands_total,eco_aggregate_mkt,1993,461.852
bol,sex_t,age_10yrbands_total,eco_aggregate_mkt,1994,512.08
bol,sex_t,age_10yrbands_total,eco_aggregate_mkt,1995,532.439
bol,sex_t,age_10yrbands_total,eco_aggregate_mkt,1999,2663.722
bol,sex_t,age_10yrbands_total,eco_aggregate_mkt,2000,920.264
bol,sex_t,age_10yrbands_total,eco_aggregate_mkt,2001,941.151
bol,sex_t,age_10yrbands_total,eco_aggregate_mkt,2002,963.529
bol,sex_t,age_10yrbands_total,eco_aggregate_mkt,2005,1146.576
bol,sex_t,age_10yrbands_total,eco_aggregate_mkt,2006,1215.326
bol,sex_t,age_10yrbands_total,eco_aggregate_mkt,2007,1223.676
bol,sex_t,age_10yrbands_total,eco_aggregate_mkt,2008,1512.894
bol,sex_t,age_10yrbands_total,eco_aggregate_mkt,2009,1489.062
bol,sex_t,age_10yrbands_total,eco_aggregate_mkt,2011,1570.475
bol,sex_t,age_10yrbands_total,eco_aggregate_mkt,2012,1625.602
bol,sex_t,age_10yrbands_total,eco_aggregate_mkt,2013,1626.918
bol,sex_t,age_10yrbands_total,eco_aggregate_mkt,2014,1684.95
bol,sex_t,age_10yrbands_total,eco_aggregate_mkt,2015,1680.991
bol,sex_t,age_10yrbands_total,eco_aggregate_mkt,2016,1650.195
bol,sex_t,age_10yrbands_total,eco_aggregate_mkt,2017,1746.252
bol,sex_t,age_10yrbands_total,eco_aggregate_mkt,2018,1889.506
bol,sex_t,age_10yrbands_total,eco_aggregate_mkt,2019,2070.808
bol,sex_t,age_10yrbands_total,eco_aggregate_mkt,2020,2034.874
bol,sex_t,age_10yrbands_total,eco_aggregate_mkt,2021,2355.677
bol,sex_t,age_10yrbands_total,eco_aggregate_mkt,2022,2582.033
bol,sex_t,age_10yrbands_total,eco_aggregate_mkt,2023,2606.554
bol,sex_t,age_10yrbands_total,eco_aggregate_mkt,2024,2726.702
bol,sex_t,age_10yrbands_total,eco_aggregate_pub,1989,330.011
bol,sex_t,age_10yrbands_total,eco_aggregate_pub,1990,350.754
bol,sex_t,age_10yrbands_total,eco_aggregate_pub,1991,274.297
bol,sex_t,age_10yrbands_total,eco_aggregate_pub,1992,259.915
bol,sex_t,age_10yrbands_total,eco_aggregate_pub,1993,279.888
bol,sex_t,age_10yrbands_total,eco_aggregate_pub,1994,281.965
bol,sex_t,age_10yrbands_total,eco_aggregate_pub,1995,293.828
bol,sex_t,age_10yrbands_total,eco_aggregate_pub,1999,307.684
bol,sex_t,age_10yrbands_total,eco_aggregate_pub,2000,537.193
bol,sex_t,age_10yrbands_total,eco_aggregate_pub,2001,511.614
bol,sex_t,age_10yrbands_total,eco_aggregate_pub,2002,521.002
bol,sex_t,age_10yrbands_total,eco_aggregate_pub,2005,603.189
bol,sex_t,age_10yrbands_total,eco_aggregate_pub,2006,689.096
bol,sex_t,age_10yrbands_total,eco_aggregate_pub,2007,787.938
bol,sex_t,age_10yrbands_total,eco_aggregate_pub,2008,717.784
bol,sex_t,age_10yrbands_total,eco_aggregate_pub,2009,837.621
bol,sex_t,age_10yrbands_total,eco_aggregate_pub,2011,785.356
bol,sex_t,age_10yrbands_total,eco_aggregate_pub,2012,782.516
bol,sex_t,age_10yrbands_total,eco_aggregate_pub,2013,871.771
bol,sex_t,age_10yrbands_total,eco_aggregate_pub,2014,774.093
bol,sex_t,age_10yrbands_total,eco_aggregate_pub,2015,735.711
bol,sex_t,age_10yrbands_total,eco_aggregate_pub,2016,745.294
bol,sex_t,age_10yrbands_total,eco_aggregate_pub,2017,741.265
bol,sex_t,age_10yrbands_total,eco_aggregate_pub,2018,758.525
bol,sex_t,age_10yrbands_total,eco_aggregate_pub,2019,845.212
bol,sex_t,age_10yrbands_total,eco_aggregate_pub,2020,784.865
bol,sex_t,age_10yrbands_total,eco_aggregate_pub,2021,833.049
bol,sex_t,age_10yrbands_total,eco_aggregate_pub,2022,917.047
bol,sex_t,age_10yrbands_total,eco_aggregate_pub,2023,995.555
bol,sex_t,age_10yrbands_total,eco_aggregate_pub,2024,1035.318
bol,sex_t,age_10yrbands_total,eco_aggregate_total,1989,869.424
bol,sex_t,age_10yrbands_total,eco_aggregate_total,1990,896.803
bol,sex_t,age_10yrbands_total,eco_aggregate_total,1991,955.359
bol,sex_t,age_10yrbands_total,eco_aggregate_total,1992,988.615
bol,sex_t,age_10yrbands_total,eco_aggregate_total,1993,1060.141
bol,sex_t,age_10yrbands_total,eco_aggregate_total,1994,1153.317
bol,sex_t,age_10yrbands_total,eco_aggregate_total,1995,1203.424
bol,sex_t,age_10yrbands_total,eco_aggregate_total,1999,3749.15
bol,sex_t,age_10yrbands_total,eco_aggregate_total,2000,3398.018
bol,sex_t,age_10yrbands_total,eco_aggregate_total,2001,3529.509
bol,sex_t,age_10yrbands_total,eco_aggregate_total,2002,3556.015
bol,sex_t,age_10yrbands_total,eco_aggregate_total,2005,3938.571
bol,sex_t,age_10yrbands_total,eco_aggregate_total,2006,4184.254
bol,sex_t,age_10yrbands_total,eco_aggregate_total,2007,4337.788
bol,sex_t,age_10yrbands_total,eco_aggregate_total,2008,4577.392
bol,sex_t,age_10yrbands_total,eco_aggregate_total,2009,4725.2
bol,sex_t,age_10yrbands_total,eco_aggregate_total,2011,4795.846
bol,sex_t,age_10yrbands_total,eco_aggregate_total,2012,4693.304
bol,sex_t,age_10yrbands_total,eco_aggregate_total,2013,4945.704
bol,sex_t,age_10yrbands_total,eco_aggregate_total,2014,5082.334
bol,sex_t,age_10yrbands_total,eco_aggregate_total,2015,4898.788
bol,sex_t,age_10yrbands_total,eco_aggregate_total,2016,4851.473
bol,sex_t,age_10yrbands_total,eco_aggregate_total,2017,5038.909
bol,sex_t,age_10yrbands_total,eco_aggregate_total,2018,5365.984
bol,sex_t,age_10yrbands_total,eco_aggregate_total,2019,5622.105
bol,sex_t,age_10yrbands_total,eco_aggregate_total,2020,5437.862
bol,sex_t,age_10yrbands_total,eco_aggregate_total,2021,6149.056
bol,sex_t,age_10yrbands_total,eco_aggregate_total,2022,6409.114
bol,sex_t,age_10yrbands_total,eco_aggregate_total,2023,6580.994
bol,sex_t,age_10yrbands_total,eco_aggregate_total,2024,6822.598
bol,sex_t,age_10yrbands_total,eco_aggregate_x,1989,22.022
bol,sex_t,age_10yrbands_total,eco_aggregate_x,1990,27.38
bol,sex_t,age_10yrbands_total,eco_aggregate_x,1992,1.201
bol,sex_t,age_10yrbands_total,eco_aggregate_x,1995,1.677
bol,sex_t,age_10yrbands_total,eco_aggregate_x,1999,216.454
bol,sex_t,age_10yrbands_total,eco_aggregate_x,2000,31.865
bol,sex_t,age_10yrbands_total,eco_aggregate_x,2001,27.322
bol,sex_t,age_10yrbands_total,eco_aggregate_x,2014,1.522
bol,sex_t,age_10yrbands_total,eco_aggregate_x,2015,4.08
bol,sex_t,age_10yrbands_total,eco_aggregate_x,2017,0.864
bol,sex_t,age_10yrbands_total,eco_aggregate_x,2020,8.782
bol,sex_t,age_10yrbands_total,eco_aggregate_x,2021,7.559
bol,sex_t,age_10yrbands_total,eco_aggregate_x,2022,9.771
bol,sex_t,age_10yrbands_total,eco_aggregate_x,2023,8.709
bol,sex_t,age_10yrbands_total,eco_aggregate_x,2024,13.279
bol,sex_t,age_10yrbands_total,eco_sector_agr,1991,16.764
bol,sex_t,age_10yrbands_total,eco_sector_agr,1992,20.615
bol,sex_t,age_10yrbands_total,eco_sector_agr,1993,19.815
bol,sex_t,age_10yrbands_total,eco_sector_agr,1994,17.82
bol,sex_t,age_10yrbands_total,eco_sector_agr,1995,27.142
bol,sex_t,age_10yrbands_total,eco_sector_agr,1999,7.389
bol,sex_t,age_10yrbands_total,eco_sector_agr,2000,1244.753
bol,sex_t,age_10yrbands_total,eco_sector_agr,2001,1462.604
bol,sex_t,age_10yrbands_total,eco_sector_agr,2002,1404.168
bol,sex_t,age_10yrbands_total,eco_sector_agr,2005,1385.797
bol,sex_t,age_10yrbands_total,eco_sector_agr,2006,1513.034
bol,sex_t,age_10yrbands_total,eco_sector_agr,2007,1438.326
bol,sex_t,age_10yrbands_total,eco_sector_agr,2008,1426.092
bol,sex_t,age_10yrbands_total,eco_sector_agr,2009,1420.77
bol,sex_t,age_10yrbands_total,eco_sector_agr,2011,1591.152
bol,sex_t,age_10yrbands_total,eco_sector_agr,2012,1448.145
bol,sex_t,age_10yrbands_total,eco_sector_agr,2013,1620.179
bol,sex_t,age_10yrbands_total,eco_sector_agr,2014,1574.434
bol,sex_t,age_10yrbands_total,eco_sector_agr,2015,1452.621
bol,sex_t,age_10yrbands_total,eco_sector_agr,2016,1442.93
bol,sex_t,age_10yrbands_total,eco_sector_agr,2017,1536.108
bol,sex_t,age_10yrbands_total,eco_sector_agr,2018,1667.213
bol,sex_t,age_10yrbands_total,eco_sector_agr,2019,1541.267
bol,sex_t,age_10yrbands_total,eco_sector_agr,2020,1628.759
bol,sex_t,age_10yrbands_total,eco_sector_agr,2021,1697.965
bol,sex_t,age_10yrbands_total,eco_sector_agr,2022,1587.558
bol,sex_t,age_10yrbands_total,eco_sector_agr,2023,1648.257
bol,sex_t,age_10yrbands_total,eco_sector_agr,2024,1581.931
bol,sex_t,age_10yrbands_total,eco_sector_ind,1989,151.071
bol,sex_t,age_10yrbands_total,eco_sector_ind,1990,165.745
bol,sex_t,age_10yrbands_total,eco_sector_ind,1991,282.353
bol,sex_t,age_10yrbands_total,eco_sector_ind,1992,310.214
bol,sex_t,age_10yrbands_total,eco_sector_ind,1993,298.519
bol,sex_t,age_10yrbands_total,eco_sector_ind,1994,341.281
bol,sex_t,age_10yrbands_total,eco_sector_ind,1995,348.338
bol,sex_t,age_10yrbands_total,eco_sector_ind,1999,553.901
bol,sex_t,age_10yrbands_total,eco_sector_ind,2000,663.943
bol,sex_t,age_10yrbands_total,eco_sector_ind,2001,586.818
bol,sex_t,age_10yrbands_total,eco_sector_ind,2002,667.316
bol,sex_t,age_10yrbands_total,eco_sector_ind,2005,803.009
bol,sex_t,age_10yrbands_total,eco_sector_ind,2006,766.798
bol,sex_t,age_10yrbands_total,eco_sector_ind,2007,887.848
bol,sex_t,age_10yrbands_total,eco_sector_ind,2008,919.278
bol,sex_t,age_10yrbands_total,eco_sector_ind,2009,977.747
bol,sex_t,age_10yrbands_total,eco_sector_ind,2011,848.863
bol,sex_t,age_10yrbands_total,eco_sector_ind,2012,837.041
bol,sex_t,age_10yrbands_total,eco_sector_ind,2013,826.676
bol,sex_t,age_10yrbands_total,eco_sector_ind,2014,1047.335
bol,sex_t,age_10yrbands_total,eco_sector_ind,2015,1025.385
bol,sex_t,age_10yrbands_total,eco_sector_ind,2016,1012.94
bol,sex_t,age_10yrbands_total,eco_sector_ind,2017,1014.42
bol,sex_t,age_10yrbands_total,eco_sector_ind,2018,1050.74
bol,sex_t,age_10yrbands_total,eco_sector_ind,2019,1164.818
bol,sex_t,age_10yrbands_total,eco_sector_ind,2020,980.581
bol,sex_t,age_10yrbands_total,eco_sector_ind,2021,1254.806
bol,sex_t,age_10yrbands_total,eco_sector_ind,2022,1312.706
bol,sex_t,age_10yrbands_total,eco_sector_ind,2023,1321.918
bol,sex_t,age_10yrbands_total,eco_sector_ind,2024,1465.369
bol,sex_t,age_10yrbands_total,eco_sector_nag,1989,869.424
bol,sex_t,age_10yrbands_total,eco_sector_nag,1990,896.803
bol,sex_t,age_10yrbands_total,eco_sector_nag,1991,938.595
bol,sex_t,age_10yrbands_total,eco_sector_nag,1992,968
bol,sex_t,age_10yrbands_total,eco_sector_nag,1993,1040.326
bol,sex_t,age_10yrbands_total,eco_sector_nag,1994,1135.497
bol,sex_t,age_10yrbands_total,eco_sector_nag,1995,1176.282
bol,sex_t,age_10yrbands_total,eco_sector_nag,1999,3741.761
bol,sex_t,age_10yrbands_total,eco_sector_nag,2000,2153.265
bol,sex_t,age_10yrbands_total,eco_sector_nag,2001,2066.905
bol,sex_t,age_10yrbands_total,eco_sector_nag,2002,2151.847
bol,sex_t,age_10yrbands_total,eco_sector_nag,2005,2552.774
bol,sex_t,age_10yrbands_total,eco_sector_nag,2006,2671.22
bol,sex_t,age_10yrbands_total,eco_sector_nag,2007,2899.462
bol,sex_t,age_10yrbands_total,eco_sector_nag,2008,3151.3
bol,sex_t,age_10yrbands_total,eco_sector_nag,2009,3304.43
bol,sex_t,age_10yrbands_total,eco_sector_nag,2011,3204.694
bol,sex_t,age_10yrbands_total,eco_sector_nag,2012,3245.159
bol,sex_t,age_10yrbands_total,eco_sector_nag,2013,3325.525
bol,sex_t,age_10yrbands_total,eco_sector_nag,2014,3507.9
bol,sex_t,age_10yrbands_total,eco_sector_nag,2015,3446.167
bol,sex_t,age_10yrbands_total,eco_sector_nag,2016,3408.543
bol,sex_t,age_10yrbands_total,eco_sector_nag,2017,3502.801
bol,sex_t,age_10yrbands_total,eco_sector_nag,2018,3698.771
bol,sex_t,age_10yrbands_total,eco_sector_nag,2019,4080.838
bol,sex_t,age_10yrbands_total,eco_sector_nag,2020,3809.103
bol,sex_t,age_10yrbands_total,eco_sector_nag,2021,4451.091
bol,sex_t,age_10yrbands_total,eco_sector_nag,2022,4821.556
bol,sex_t,age_10yrbands_total,eco_sector_nag,2023,4932.736
bol,sex_t,age_10yrbands_total,eco_sector_nag,2024,5240.668
bol,sex_t,age_10yrbands_total,eco_sector_ser,1989,696.331
bol,sex_t,age_10yrbands_total,eco_sector_ser,1990,703.678
bol,sex_t,age_10yrbands_total,eco_sector_ser,1991,656.184
bol,sex_t,age_10yrbands_total,eco_sector_ser,1992,656.585
bol,sex_t,age_10yrbands_total,eco_sector_ser,1993,741.74
bol,sex_t,age_10yrbands_total,eco_sector_ser,1994,794.045
bol,sex_t,age_10yrbands_total,eco_sector_ser,1995,826.267
bol,sex_t,age_10yrbands_total,eco_sector_ser,1999,2971.406
bol,sex_t,age_10yrbands_total,eco_sector_ser,2000,1457.457
bol,sex_t,age_10yrbands_total,eco_sector_ser,2001,1452.765
bol,sex_t,age_10yrbands_total,eco_sector_ser,2002,1484.531
bol,sex_t,age_10yrbands_total,eco_sector_ser,2005,1749.765
bol,sex_t,age_10yrbands_total,eco_sector_ser,2006,1904.422
bol,sex_t,age_10yrbands_total,eco_sector_ser,2007,2011.614
bol,sex_t,age_10yrbands_total,eco_sector_ser,2008,2230.678
bol,sex_t,age_10yrbands_total,eco_sector_ser,2009,2326.683
bol,sex_t,age_10yrbands_total,eco_sector_ser,2011,2355.831
bol,sex_t,age_10yrbands_total,eco_sector_ser,2012,2408.118
bol,sex_t,age_10yrbands_total,eco_sector_ser,2013,2498.689
bol,sex_t,age_10yrbands_total,eco_sector_ser,2014,2459.043
bol,sex_t,age_10yrbands_total,eco_sector_ser,2015,2416.702
bol,sex_t,age_10yrbands_total,eco_sector_ser,2016,2395.489
bol,sex_t,age_10yrbands_total,eco_sector_ser,2017,2487.517
bol,sex_t,age_10yrbands_total,eco_sector_ser,2018,2648.031
bol,sex_t,age_10yrbands_total,eco_sector_ser,2019,2916.02
bol,sex_t,age_10yrbands_total,eco_sector_ser,2020,2819.739
bol,sex_t,age_10yrbands_total,eco_sector_ser,2021,3188.726
bol,sex_t,age_10yrbands_total,eco_sector_ser,2022,3499.08
bol,sex_t,age_10yrbands_total,eco_sector_ser,2023,3602.109
bol,sex_t,age_10yrbands_total,eco_sector_ser,2024,3762.02
bol,sex_t,age_10yrbands_total,eco_sector_total,1989,869.424
bol,sex_t,age_10yrbands_total,eco_sector_total,1990,896.803
bol,sex_t,age_10yrbands_total,eco_sector_total,1991,955.359
bol,sex_t,age_10yrbands_total,eco_sector_total,1992,988.615
bol,sex_t,age_10yrbands_total,eco_sector_total,1993,1060.141
bol,sex_t,age_10yrbands_total,eco_sector_total,1994,1153.317
bol,sex_t,age_10yrbands_total,eco_sector_total,1995,1203.424
bol,sex_t,age_10yrbands_total,eco_sector_total,1999,3749.15
bol,sex_t,age_10yrbands_total,eco_sector_total,2000,3398.018
bol,sex_t,age_10yrbands_total,eco_sector_total,2001,3529.509
bol,sex_t,age_10yrbands_total,eco_sector_total,2002,3556.015
bol,sex_t,age_10yrbands_total,eco_sector_total,2005,3938.571
bol,sex_t,age_10yrbands_total,eco_sector_total,2006,4184.254
bol,sex_t,age_10yrbands_total,eco_sector_total,2007,4337.788
bol,sex_t,age_10yrbands_total,eco_sector_total,2008,4577.392
bol,sex_t,age_10yrbands_total,eco_sector_total,2009,4725.2
bol,sex_t,age_10yrbands_total,eco_sector_total,2011,4795.846
bol,sex_t,age_10yrbands_total,eco_sector_total,2012,4693.304
bol,sex_t,age_10yrbands_total,eco_sector_total,2013,4945.704
bol,sex_t,age_10yrbands_total,eco_sector_total,2014,5082.334
bol,sex_t,age_10yrbands_total,eco_sector_total,2015,4898.788
bol,sex_t,age_10yrbands_total,eco_sector_total,2016,4851.473
bol,sex_t,age_10yrbands_total,eco_sector_total,2017,5038.909
bol,sex_t,age_10yrbands_total,eco_sector_total,2018,5365.984
bol,sex_t,age_10yrbands_total,eco_sector_total,2019,5622.105
bol,sex_t,age_10yrbands_total,eco_sector_total,2020,5437.862
bol,sex_t,age_10yrbands_total,eco_sector_total,2021,6149.056
bol,sex_t,age_10yrbands_total,eco_sector_total,2022,6409.114
bol,sex_t,age_10yrbands_total,eco_sector_total,2023,6580.994
bol,sex_t,age_10yrbands_total,eco_sector_total,2024,6822.598
bol,sex_t,age_10yrbands_total,eco_sector_x,1989,22.022
bol,sex_t,age_10yrbands_total,eco_sector_x,1990,27.38
bol,sex_t,age_10yrbands_total,eco_sector_x,1992,1.201
bol,sex_t,age_10yrbands_total,eco_sector_x,1995,1.677
bol,sex_t,age_10yrbands_total,eco_sector_x,1999,216.454
bol,sex_t,age_10yrbands_total,eco_sector_x,2000,31.865
bol,sex_t,age_10yrbands_total,eco_sector_x,2001,27.322
bol,sex_t,age_10yrbands_total,eco_sector_x,2014,1.522
bol,sex_t,age_10yrbands_total,eco_sector_x,2015,4.08
bol,sex_t,age_10yrbands_total,eco_sector_x,2017,0.864
bol,sex_t,age_10yrbands_total,eco_sector_x,2020,8.782
bol,sex_t,age_10yrbands_total,eco_sector_x,2021,7.559
bol,sex_t,age_10yrbands_total,eco_sector_x,2022,9.771
bol,sex_t,age_10yrbands_total,eco_sector_x,2023,8.709
bol,sex_t,age_10yrbands_total,eco_sector_x,2024,13.279
bol,sex_t,age_10yrbands_y15_24,eco_aggregate_agr,1991,3.478
bol,sex_t,age_10yrbands_y15_24,eco_aggregate_agr,1992,2.517
bol,sex_t,age_10yrbands_y15_24,eco_aggregate_agr,1993,3.565
bol,sex_t,age_10yrbands_y15_24,eco_aggregate_agr,1994,3.201
bol,sex_t,age_10yrbands_y15_24,eco_aggregate_agr,1995,4.092
bol,sex_t,age_10yrbands_y15_24,eco_aggregate_agr,2000,300.827
bol,sex_t,age_10yrbands_y15_24,eco_aggregate_agr,2001,388.944
bol,sex_t,age_10yrbands_y15_24,eco_aggregate_agr,2002,385.024
bol,sex_t,age_10yrbands_y15_24,eco_aggregate_agr,2005,297.685
bol,sex_t,age_10yrbands_y15_24,eco_aggregate_agr,2006,364.012
bol,sex_t,age_10yrbands_y15_24,eco_aggregate_agr,2007,359.92
bol,sex_t,age_10yrbands_y15_24,eco_aggregate_agr,2008,318.132
bol,sex_t,age_10yrbands_y15_24,eco_aggregate_agr,2009,292.822
bol,sex_t,age_10yrbands_y15_24,eco_aggregate_agr,2011,361.874
bol,sex_t,age_10yrbands_y15_24,eco_aggregate_agr,2012,306.065
bol,sex_t,age_10yrbands_y15_24,eco_aggregate_agr,2013,294.634
bol,sex_t,age_10yrbands_y15_24,eco_aggregate_agr,2014,312.033
bol,sex_t,age_10yrbands_y15_24,eco_aggregate_agr,2015,258.734
bol,sex_t,age_10yrbands_y15_24,eco_aggregate_agr,2016,277.021
bol,sex_t,age_10yrbands_y15_24,eco_aggregate_agr,2017,294.184
bol,sex_t,age_10yrbands_y15_24,eco_aggregate_agr,2018,305.876
bol,sex_t,age_10yrbands_y15_24,eco_aggregate_agr,2019,275.156
bol,sex_t,age_10yrbands_y15_24,eco_aggregate_agr,2020,291.491
bol,sex_t,age_10yrbands_y15_24,eco_aggregate_agr,2021,336.203
bol,sex_t,age_10yrbands_y15_24,eco_aggregate_agr,2022,302.778
bol,sex_t,age_10yrbands_y15_24,eco_aggregate_agr,2023,305.879
bol,sex_t,age_10yrbands_y15_24,eco_aggregate_agr,2024,270.132
bol,sex_t,age_10yrbands_y15_24,eco_aggregate_con,1991,21.627
bol,sex_t,age_10yrbands_y15_24,eco_aggregate_con,1992,22.997
bol,sex_t,age_10yrbands_y15_24,eco_aggregate_con,1993,21.07
bol,sex_t,age_10yrbands_y15_24,eco_aggregate_con,1994,28.582
bol,sex_t,age_10yrbands_y15_24,eco_aggregate_con,1995,26.301
bol,sex_t,age_10yrbands_y15_24,eco_aggregate_con,2000,58.113
bol,sex_t,age_10yrbands_y15_24,eco_aggregate_con,2001,40.748
bol,sex_t,age_10yrbands_y15_24,eco_aggregate_con,2002,41.078
bol,sex_t,age_10yrbands_y15_24,eco_aggregate_con,2005,46.676
bol,sex_t,age_10yrbands_y15_24,eco_aggregate_con,2006,62.528
bol,sex_t,age_10yrbands_y15_24,eco_aggregate_con,2007,85.923
bol,sex_t,age_10yrbands_y15_24,eco_aggregate_con,2008,68.162
bol,sex_t,age_10yrbands_y15_24,eco_aggregate_con,2009,83.068
bol,sex_t,age_10yrbands_y15_24,eco_aggregate_con,2011,98.885
bol,sex_t,age_10yrbands_y15_24,eco_aggregate_con,2012,69.497
bol,sex_t,age_10yrbands_y15_24,eco_aggregate_con,2013,74.457
bol,sex_t,age_10yrbands_y15_24,eco_aggregate_con,2014,109.813
bol,sex_t,age_10yrbands_y15_24,eco_aggregate_con,2015,105.629
bol,sex_t,age_10yrbands_y15_24,eco_aggregate_con,2016,94.839
bol,sex_t,age_10yrbands_y15_24,eco_aggregate_con,2017,94.455
bol,sex_t,age_10yrbands_y15_24,eco_aggregate_con,2018,83.784
bol,sex_t,age_10yrbands_y15_24,eco_aggregate_con,2019,87.132
bol,sex_t,age_10yrbands_y15_24,eco_aggregate_con,2020,82.036
bol,sex_t,age_10yrbands_y15_24,eco_aggregate_con,2021,90.151
bol,sex_t,age_10yrbands_y15_24,eco_aggregate_con,2022,81.67
bol,sex_t,age_10yrbands_y15_24,eco_aggregate_con,2023,78.545
bol,sex_t,age_10yrbands_y15_24,eco_aggregate_con,2024,83.559
bol,sex_t,age_10yrbands_y15_24,eco_aggregate_man,1989,28.782
bol,sex_t,age_10yrbands_y15_24,eco_aggregate_man,1990,41.467
bol,sex_t,age_10yrbands_y15_24,eco_aggregate_man,1991,48.353
bol,sex_t,age_10yrbands_y15_24,eco_aggregate_man,1992,53.518
bol,sex_t,age_10yrbands_y15_24,eco_aggregate_man,1993,57.057
bol,sex_t,age_10yrbands_y15_24,eco_aggregate_man,1994,61.212
bol,sex_t,age_10yrbands_y15_24,eco_aggregate_man,1995,68.115
bol,sex_t,age_10yrbands_y15_24,eco_aggregate_man,1999,39.393
bol,sex_t,age_10yrbands_y15_24,eco_aggregate_man,2000,98.026
bol,sex_t,age_10yrbands_y15_24,eco_aggregate_man,2001,92.434
bol,sex_t,age_10yrbands_y15_24,eco_aggregate_man,2002,90.483
bol,sex_t,age_10yrbands_y15_24,eco_aggregate_man,2005,108.898
bol,sex_t,age_10yrbands_y15_24,eco_aggregate_man,2006,105.955
bol,sex_t,age_10yrbands_y15_24,eco_aggregate_man,2007,110.642
bol,sex_t,age_10yrbands_y15_24,eco_aggregate_man,2008,109.14
bol,sex_t,age_10yrbands_y15_24,eco_aggregate_man,2009,135.684
bol,sex_t,age_10yrbands_y15_24,eco_aggregate_man,2011,85.517
bol,sex_t,age_10yrbands_y15_24,eco_aggregate_man,2012,68.775
bol,sex_t,age_10yrbands_y15_24,eco_aggregate_man,2013,73.933
bol,sex_t,age_10yrbands_y15_24,eco_aggregate_man,2014,109.001
bol,sex_t,age_10yrbands_y15_24,eco_aggregate_man,2015,80.454
bol,sex_t,age_10yrbands_y15_24,eco_aggregate_man,2016,91.744
bol,sex_t,age_10yrbands_y15_24,eco_aggregate_man,2017,88.916
bol,sex_t,age_10yrbands_y15_24,eco_aggregate_man,2018,98.85
bol,sex_t,age_10yrbands_y15_24,eco_aggregate_man,2019,118.85
bol,sex_t,age_10yrbands_y15_24,eco_aggregate_man,2020,80.438
bol,sex_t,age_10yrbands_y15_24,eco_aggregate_man,2021,147.354
bol,sex_t,age_10yrbands_y15_24,eco_aggregate_man,2022,147.969
bol,sex_t,age_10yrbands_y15_24,eco_aggregate_man,2023,146.729
bol,sex_t,age_10yrbands_y15_24,eco_aggregate_man,2024,165.293
bol,sex_t,age_10yrbands_y15_24,eco_aggregate_mel,1989,3.688
bol,sex_t,age_10yrbands_y15_24,eco_aggregate_mel,1990,1.667
bol,sex_t,age_10yrbands_y15_24,eco_aggregate_mel,1991,3.371
bol,sex_t,age_10yrbands_y15_24,eco_aggregate_mel,1992,2.71
bol,sex_t,age_10yrbands_y15_24,eco_aggregate_mel,1993,2.214
bol,sex_t,age_10yrbands_y15_24,eco_aggregate_mel,1994,2.689
bol,sex_t,age_10yrbands_y15_24,eco_aggregate_mel,1995,1.874
bol,sex_t,age_10yrbands_y15_24,eco_aggregate_mel,1999,27.043
bol,sex_t,age_10yrbands_y15_24,eco_aggregate_mel,2000,12.464
bol,sex_t,age_10yrbands_y15_24,eco_aggregate_mel,2001,7.718
bol,sex_t,age_10yrbands_y15_24,eco_aggregate_mel,2002,4.774
bol,sex_t,age_10yrbands_y15_24,eco_aggregate_mel,2005,17.177
bol,sex_t,age_10yrbands_y15_24,eco_aggregate_mel,2006,13.396
bol,sex_t,age_10yrbands_y15_24,eco_aggregate_mel,2007,16.008
bol,sex_t,age_10yrbands_y15_24,eco_aggregate_mel,2008,17.445
bol,sex_t,age_10yrbands_y15_24,eco_aggregate_mel,2009,11.525
bol,sex_t,age_10yrbands_y15_24,eco_aggregate_mel,2011,16.404
bol,sex_t,age_10yrbands_y15_24,eco_aggregate_mel,2012,24.563
bol,sex_t,age_10yrbands_y15_24,eco_aggregate_mel,2013,21.602
bol,sex_t,age_10yrbands_y15_24,eco_aggregate_mel,2014,20.664
bol,sex_t,age_10yrbands_y15_24,eco_aggregate_mel,2015,23.087
bol,sex_t,age_10yrbands_y15_24,eco_aggregate_mel,2016,14.795
bol,sex_t,age_10yrbands_y15_24,eco_aggregate_mel,2017,11.432
bol,sex_t,age_10yrbands_y15_24,eco_aggregate_mel,2018,15.486
bol,sex_t,age_10yrbands_y15_24,eco_aggregate_mel,2019,13.319
bol,sex_t,age_10yrbands_y15_24,eco_aggregate_mel,2020,4.562
bol,sex_t,age_10yrbands_y15_24,eco_aggregate_mel,2021,19.394
bol,sex_t,age_10yrbands_y15_24,eco_aggregate_mel,2022,17.185
bol,sex_t,age_10yrbands_y15_24,eco_aggregate_mel,2023,12.025
bol,sex_t,age_10yrbands_y15_24,eco_aggregate_mel,2024,19.588
bol,sex_t,age_10yrbands_y15_24,eco_aggregate_mkt,1989,72.132
bol,sex_t,age_10yrbands_y15_24,eco_aggregate_mkt,1990,68.784
bol,sex_t,age_10yrbands_y15_24,eco_aggregate_mkt,1991,76.895
bol,sex_t,age_10yrbands_y15_24,eco_aggregate_mkt,1992,82.171
bol,sex_t,age_10yrbands_y15_24,eco_aggregate_mkt,1993,103.006
bol,sex_t,age_10yrbands_y15_24,eco_aggregate_mkt,1994,112.975
bol,sex_t,age_10yrbands_y15_24,eco_aggregate_mkt,1995,124.898
bol,sex_t,age_10yrbands_y15_24,eco_aggregate_mkt,1999,632.917
bol,sex_t,age_10yrbands_y15_24,eco_aggregate_mkt,2000,167.692
bol,sex_t,age_10yrbands_y15_24,eco_aggregate_mkt,2001,224.699
bol,sex_t,age_10yrbands_y15_24,eco_aggregate_mkt,2002,219.397
bol,sex_t,age_10yrbands_y15_24,eco_aggregate_mkt,2005,218.089
bol,sex_t,age_10yrbands_y15_24,eco_aggregate_mkt,2006,256.229
bol,sex_t,age_10yrbands_y15_24,eco_aggregate_mkt,2007,216.27
bol,sex_t,age_10yrbands_y15_24,eco_aggregate_mkt,2008,303.056
bol,sex_t,age_10yrbands_y15_24,eco_aggregate_mkt,2009,301.515
bol,sex_t,age_10yrbands_y15_24,eco_aggregate_mkt,2011,330.165
bol,sex_t,age_10yrbands_y15_24,eco_aggregate_mkt,2012,292.887
bol,sex_t,age_10yrbands_y15_24,eco_aggregate_mkt,2013,282.027
bol,sex_t,age_10yrbands_y15_24,eco_aggregate_mkt,2014,318.051
bol,sex_t,age_10yrbands_y15_24,eco_aggregate_mkt,2015,284.304
bol,sex_t,age_10yrbands_y15_24,eco_aggregate_mkt,2016,279.402
bol,sex_t,age_10yrbands_y15_24,eco_aggregate_mkt,2017,301.236
bol,sex_t,age_10yrbands_y15_24,eco_aggregate_mkt,2018,352.51
bol,sex_t,age_10yrbands_y15_24,eco_aggregate_mkt,2019,404.306
bol,sex_t,age_10yrbands_y15_24,eco_aggregate_mkt,2020,295.636
bol,sex_t,age_10yrbands_y15_24,eco_aggregate_mkt,2021,522.231
bol,sex_t,age_10yrbands_y15_24,eco_aggregate_mkt,2022,566.61
bol,sex_t,age_10yrbands_y15_24,eco_aggregate_mkt,2023,555.098
bol,sex_t,age_10yrbands_y15_24,eco_aggregate_mkt,2024,594.886
bol,sex_t,age_10yrbands_y15_24,eco_aggregate_pub,1989,76.698
bol,sex_t,age_10yrbands_y15_24,eco_aggregate_pub,1990,85.163
bol,sex_t,age_10yrbands_y15_24,eco_aggregate_pub,1991,67.751
bol,sex_t,age_10yrbands_y15_24,eco_aggregate_pub,1992,62.514
bol,sex_t,age_10yrbands_y15_24,eco_aggregate_pub,1993,72.803
bol,sex_t,age_10yrbands_y15_24,eco_aggregate_pub,1994,63.502
bol,sex_t,age_10yrbands_y15_24,eco_aggregate_pub,1995,69.347
bol,sex_t,age_10yrbands_y15_24,eco_aggregate_pub,1999,104.252
bol,sex_t,age_10yrbands_y15_24,eco_aggregate_pub,2000,107.621
bol,sex_t,age_10yrbands_y15_24,eco_aggregate_pub,2001,117.997
bol,sex_t,age_10yrbands_y15_24,eco_aggregate_pub,2002,101.438
bol,sex_t,age_10yrbands_y15_24,eco_aggregate_pub,2005,110.687
bol,sex_t,age_10yrbands_y15_24,eco_aggregate_pub,2006,114.725
bol,sex_t,age_10yrbands_y15_24,eco_aggregate_pub,2007,127.02
bol,sex_t,age_10yrbands_y15_24,eco_aggregate_pub,2008,119.296
bol,sex_t,age_10yrbands_y15_24,eco_aggregate_pub,2009,126.16
bol,sex_t,age_10yrbands_y15_24,eco_aggregate_pub,2011,92.322
bol,sex_t,age_10yrbands_y15_24,eco_aggregate_pub,2012,98.032
bol,sex_t,age_10yrbands_y15_24,eco_aggregate_pub,2013,95.653
bol,sex_t,age_10yrbands_y15_24,eco_aggregate_pub,2014,101.591
bol,sex_t,age_10yrbands_y15_24,eco_aggregate_pub,2015,86.133
bol,sex_t,age_10yrbands_y15_24,eco_aggregate_pub,2016,90.767
bol,sex_t,age_10yrbands_y15_24,eco_aggregate_pub,2017,79.78
bol,sex_t,age_10yrbands_y15_24,eco_aggregate_pub,2018,80.263
bol,sex_t,age_10yrbands_y15_24,eco_aggregate_pub,2019,94.016
bol,sex_t,age_10yrbands_y15_24,eco_aggregate_pub,2020,58.229
bol,sex_t,age_10yrbands_y15_24,eco_aggregate_pub,2021,90.718
bol,sex_t,age_10yrbands_y15_24,eco_aggregate_pub,2022,111.301
bol,sex_t,age_10yrbands_y15_24,eco_aggregate_pub,2023,120.85
bol,sex_t,age_10yrbands_y15_24,eco_aggregate_pub,2024,132.075
bol,sex_t,age_10yrbands_y15_24,eco_aggregate_total,1989,187.202
bol,sex_t,age_10yrbands_y15_24,eco_aggregate_total,1990,204.991
bol,sex_t,age_10yrbands_y15_24,eco_aggregate_total,1991,221.498
bol,sex_t,age_10yrbands_y15_24,eco_aggregate_total,1992,226.598
bol,sex_t,age_10yrbands_y15_24,eco_aggregate_total,1993,259.715
bol,sex_t,age_10yrbands_y15_24,eco_aggregate_total,1994,272.161
bol,sex_t,age_10yrbands_y15_24,eco_aggregate_total,1995,294.696
bol,sex_t,age_10yrbands_y15_24,eco_aggregate_total,1999,845.664
bol,sex_t,age_10yrbands_y15_24,eco_aggregate_total,2000,753.601
bol,sex_t,age_10yrbands_y15_24,eco_aggregate_total,2001,880.966
bol,sex_t,age_10yrbands_y15_24,eco_aggregate_total,2002,842.194
bol,sex_t,age_10yrbands_y15_24,eco_aggregate_total,2005,799.212
bol,sex_t,age_10yrbands_y15_24,eco_aggregate_total,2006,916.845
bol,sex_t,age_10yrbands_y15_24,eco_aggregate_total,2007,915.783
bol,sex_t,age_10yrbands_y15_24,eco_aggregate_total,2008,935.231
bol,sex_t,age_10yrbands_y15_24,eco_aggregate_total,2009,950.774
bol,sex_t,age_10yrbands_y15_24,eco_aggregate_total,2011,985.167
bol,sex_t,age_10yrbands_y15_24,eco_aggregate_total,2012,859.819
bol,sex_t,age_10yrbands_y15_24,eco_aggregate_total,2013,842.306
bol,sex_t,age_10yrbands_y15_24,eco_aggregate_total,2014,971.469
bol,sex_t,age_10yrbands_y15_24,eco_aggregate_total,2015,840.124
bol,sex_t,age_10yrbands_y15_24,eco_aggregate_total,2016,848.604
bol,sex_t,age_10yrbands_y15_24,eco_aggregate_total,2017,870.58
bol,sex_t,age_10yrbands_y15_24,eco_aggregate_total,2018,936.769
bol,sex_t,age_10yrbands_y15_24,eco_aggregate_total,2019,992.779
bol,sex_t,age_10yrbands_y15_24,eco_aggregate_total,2020,814.869
bol,sex_t,age_10yrbands_y15_24,eco_aggregate_total,2021,1208.755
bol,sex_t,age_10yrbands_y15_24,eco_aggregate_total,2022,1230.875
bol,sex_t,age_10yrbands_y15_24,eco_aggregate_total,2023,1222.63
bol,sex_t,age_10yrbands_y15_24,eco_aggregate_total,2024,1270.692
bol,sex_t,age_10yrbands_y15_24,eco_aggregate_x,1989,5.902
bol,sex_t,age_10yrbands_y15_24,eco_aggregate_x,1990,7.91
bol,sex_t,age_10yrbands_y15_24,eco_aggregate_x,1999,42.059
bol,sex_t,age_10yrbands_y15_24,eco_aggregate_x,2000,8.858
bol,sex_t,age_10yrbands_y15_24,eco_aggregate_x,2001,8.426
bol,sex_t,age_10yrbands_y15_24,eco_aggregate_x,2015,1.783
bol,sex_t,age_10yrbands_y15_24,eco_aggregate_x,2017,0.577
bol,sex_t,age_10yrbands_y15_24,eco_aggregate_x,2020,2.478
bol,sex_t,age_10yrbands_y15_24,eco_aggregate_x,2021,2.703
bol,sex_t,age_10yrbands_y15_24,eco_aggregate_x,2022,3.363
bol,sex_t,age_10yrbands_y15_24,eco_aggregate_x,2023,3.505
bol,sex_t,age_10yrbands_y15_24,eco_aggregate_x,2024,5.158
bol,sex_t,age_10yrbands_y15_24,eco_sector_agr,1991,3.478
bol,sex_t,age_10yrbands_y15_24,eco_sector_agr,1992,2.517
bol,sex_t,age_10yrbands_y15_24,eco_sector_agr,1993,3.565
bol,sex_t,age_10yrbands_y15_24,eco_sector_agr,1994,3.201
bol,sex_t,age_10yrbands_y15_24,eco_sector_agr,1995,4.092
bol,sex_t,age_10yrbands_y15_24,eco_sector_agr,2000,300.827
bol,sex_t,age_10yrbands_y15_24,eco_sector_agr,2001,388.944
bol,sex_t,age_10yrbands_y15_24,eco_sector_agr,2002,385.024
bol,sex_t,age_10yrbands_y15_24,eco_sector_agr,2005,297.685
bol,sex_t,age_10yrbands_y15_24,eco_sector_agr,2006,364.012
bol,sex_t,age_10yrbands_y15_24,eco_sector_agr,2007,359.92
bol,sex_t,age_10yrbands_y15_24,eco_sector_agr,2008,318.132
bol,sex_t,age_10yrbands_y15_24,eco_sector_agr,2009,292.822
bol,sex_t,age_10yrbands_y15_24,eco_sector_agr,2011,361.874
bol,sex_t,age_10yrbands_y15_24,eco_sector_agr,2012,306.065
bol,sex_t,age_10yrbands_y15_24,eco_sector_agr,2013,294.634
bol,sex_t,age_10yrbands_y15_24,eco_sector_agr,2014,312.033
bol,sex_t,age_10yrbands_y15_24,eco_sector_agr,2015,258.734
bol,sex_t,age_10yrbands_y15_24,eco_sector_agr,2016,277.021
bol,sex_t,age_10yrbands_y15_24,eco_sector_agr,2017,294.184
bol,sex_t,age_10yrbands_y15_24,eco_sector_agr,2018,305.876
bol,sex_t,age_10yrbands_y15_24,eco_sector_agr,2019,275.156
bol,sex_t,age_10yrbands_y15_24,eco_sector_agr,2020,291.491
bol,sex_t,age_10yrbands_y15_24,eco_sector_agr,2021,336.203
bol,sex_t,age_10yrbands_y15_24,eco_sector_agr,2022,302.778
bol,sex_t,age_10yrbands_y15_24,eco_sector_agr,2023,305.879
bol,sex_t,age_10yrbands_y15_24,eco_sector_agr,2024,270.132
bol,sex_t,age_10yrbands_y15_24,eco_sector_ind,1989,32.471
bol,sex_t,age_10yrbands_y15_24,eco_sector_ind,1990,43.134
bol,sex_t,age_10yrbands_y15_24,eco_sector_ind,1991,73.351
bol,sex_t,age_10yrbands_y15_24,eco_sector_ind,1992,79.225
bol,sex_t,age_10yrbands_y15_24,eco_sector_ind,1993,80.341
bol,sex_t,age_10yrbands_y15_24,eco_sector_ind,1994,92.483
bol,sex_t,age_10yrbands_y15_24,eco_sector_ind,1995,96.29
bol,sex_t,age_10yrbands_y15_24,eco_sector_ind,1999,66.436
bol,sex_t,age_10yrbands_y15_24,eco_sector_ind,2000,168.603
bol,sex_t,age_10yrbands_y15_24,eco_sector_ind,2001,140.9
bol,sex_t,age_10yrbands_y15_24,eco_sector_ind,2002,136.335
bol,sex_t,age_10yrbands_y15_24,eco_sector_ind,2005,172.751
bol,sex_t,age_10yrbands_y15_24,eco_sector_ind,2006,181.879
bol,sex_t,age_10yrbands_y15_24,eco_sector_ind,2007,212.573
bol,sex_t,age_10yrbands_y15_24,eco_sector_ind,2008,194.747
bol,sex_t,age_10yrbands_y15_24,eco_sector_ind,2009,230.277
bol,sex_t,age_10yrbands_y15_24,eco_sector_ind,2011,200.806
bol,sex_t,age_10yrbands_y15_24,eco_sector_ind,2012,162.835
bol,sex_t,age_10yrbands_y15_24,eco_sector_ind,2013,169.992
bol,sex_t,age_10yrbands_y15_24,eco_sector_ind,2014,239.478
bol,sex_t,age_10yrbands_y15_24,eco_sector_ind,2015,209.17
bol,sex_t,age_10yrbands_y15_24,eco_sector_ind,2016,201.379
bol,sex_t,age_10yrbands_y15_24,eco_sector_ind,2017,194.803
bol,sex_t,age_10yrbands_y15_24,eco_sector_ind,2018,198.12
bol,sex_t,age_10yrbands_y15_24,eco_sector_ind,2019,219.302
bol,sex_t,age_10yrbands_y15_24,eco_sector_ind,2020,167.035
bol,sex_t,age_10yrbands_y15_24,eco_sector_ind,2021,256.9
bol,sex_t,age_10yrbands_y15_24,eco_sector_ind,2022,246.823
bol,sex_t,age_10yrbands_y15_24,eco_sector_ind,2023,237.299
bol,sex_t,age_10yrbands_y15_24,eco_sector_ind,2024,268.44
bol,sex_t,age_10yrbands_y15_24,eco_sector_nag,1989,187.202
bol,sex_t,age_10yrbands_y15_24,eco_sector_nag,1990,204.991
bol,sex_t,age_10yrbands_y15_24,eco_sector_nag,1991,218.02
bol,sex_t,age_10yrbands_y15_24,eco_sector_nag,1992,224.081
bol,sex_t,age_10yrbands_y15_24,eco_sector_nag,1993,256.15
bol,sex_t,age_10yrbands_y15_24,eco_sector_nag,1994,268.96
bol,sex_t,age_10yrbands_y15_24,eco_sector_nag,1995,290.604
bol,sex_t,age_10yrbands_y15_24,eco_sector_nag,1999,845.664
bol,sex_t,age_10yrbands_y15_24,eco_sector_nag,2000,452.774
bol,sex_t,age_10yrbands_y15_24,eco_sector_nag,2001,492.022
bol,sex_t,age_10yrbands_y15_24,eco_sector_nag,2002,457.17
bol,sex_t,age_10yrbands_y15_24,eco_sector_nag,2005,501.527
bol,sex_t,age_10yrbands_y15_24,eco_sector_nag,2006,552.833
bol,sex_t,age_10yrbands_y15_24,eco_sector_nag,2007,555.863
bol,sex_t,age_10yrbands_y15_24,eco_sector_nag,2008,617.099
bol,sex_t,age_10yrbands_y15_24,eco_sector_nag,2009,657.952
bol,sex_t,age_10yrbands_y15_24,eco_sector_nag,2011,623.293
bol,sex_t,age_10yrbands_y15_24,eco_sector_nag,2012,553.754
bol,sex_t,age_10yrbands_y15_24,eco_sector_nag,2013,547.672
bol,sex_t,age_10yrbands_y15_24,eco_sector_nag,2014,659.436
bol,sex_t,age_10yrbands_y15_24,eco_sector_nag,2015,581.39
bol,sex_t,age_10yrbands_y15_24,eco_sector_nag,2016,571.582
bol,sex_t,age_10yrbands_y15_24,eco_sector_nag,2017,576.396
bol,sex_t,age_10yrbands_y15_24,eco_sector_nag,2018,630.893
bol,sex_t,age_10yrbands_y15_24,eco_sector_nag,2019,717.623
bol,sex_t,age_10yrbands_y15_24,eco_sector_nag,2020,523.378
bol,sex_t,age_10yrbands_y15_24,eco_sector_nag,2021,872.552
bol,sex_t,age_10yrbands_y15_24,eco_sector_nag,2022,928.097
bol,sex_t,age_10yrbands_y15_24,eco_sector_nag,2023,916.751
bol,sex_t,age_10yrbands_y15_24,eco_sector_nag,2024,1000.56
bol,sex_t,age_10yrbands_y15_24,eco_sector_ser,1989,148.829
bol,sex_t,age_10yrbands_y15_24,eco_sector_ser,1990,153.947
bol,sex_t,age_10yrbands_y15_24,eco_sector_ser,1991,144.646
bol,sex_t,age_10yrbands_y15_24,eco_sector_ser,1992,144.685
bol,sex_t,age_10yrbands_y15_24,eco_sector_ser,1993,175.809
bol,sex_t,age_10yrbands_y15_24,eco_sector_ser,1994,176.477
bol,sex_t,age_10yrbands_y15_24,eco_sector_ser,1995,194.245
bol,sex_t,age_10yrbands_y15_24,eco_sector_ser,1999,737.169
bol,sex_t,age_10yrbands_y15_24,eco_sector_ser,2000,275.313
bol,sex_t,age_10yrbands_y15_24,eco_sector_ser,2001,342.696
bol,sex_t,age_10yrbands_y15_24,eco_sector_ser,2002,320.835
bol,sex_t,age_10yrbands_y15_24,eco_sector_ser,2005,328.776
bol,sex_t,age_10yrbands_y15_24,eco_sector_ser,2006,370.954
bol,sex_t,age_10yrbands_y15_24,eco_sector_ser,2007,343.29
bol,sex_t,age_10yrbands_y15_24,eco_sector_ser,2008,422.352
bol,sex_t,age_10yrbands_y15_24,eco_sector_ser,2009,427.675
bol,sex_t,age_10yrbands_y15_24,eco_sector_ser,2011,422.487
bol,sex_t,age_10yrbands_y15_24,eco_sector_ser,2012,390.919
bol,sex_t,age_10yrbands_y15_24,eco_sector_ser,2013,377.68
bol,sex_t,age_10yrbands_y15_24,eco_sector_ser,2014,419.642
bol,sex_t,age_10yrbands_y15_24,eco_sector_ser,2015,370.437
bol,sex_t,age_10yrbands_y15_24,eco_sector_ser,2016,370.17
bol,sex_t,age_10yrbands_y15_24,eco_sector_ser,2017,381.016
bol,sex_t,age_10yrbands_y15_24,eco_sector_ser,2018,432.773
bol,sex_t,age_10yrbands_y15_24,eco_sector_ser,2019,498.321
bol,sex_t,age_10yrbands_y15_24,eco_sector_ser,2020,353.865
bol,sex_t,age_10yrbands_y15_24,eco_sector_ser,2021,612.949
bol,sex_t,age_10yrbands_y15_24,eco_sector_ser,2022,677.911
bol,sex_t,age_10yrbands_y15_24,eco_sector_ser,2023,675.948
bol,sex_t,age_10yrbands_y15_24,eco_sector_ser,2024,726.962
bol,sex_t,age_10yrbands_y15_24,eco_sector_total,1989,187.202
bol,sex_t,age_10yrbands_y15_24,eco_sector_total,1990,204.991
bol,sex_t,age_10yrbands_y15_24,eco_sector_total,1991,221.498
bol,sex_t,age_10yrbands_y15_24,eco_sector_total,1992,226.598
bol,sex_t,age_10yrbands_y15_24,eco_sector_total,1993,259.715
bol,sex_t,age_10yrbands_y15_24,eco_sector_total,1994,272.161
bol,sex_t,age_10yrbands_y15_24,eco_sector_total,1995,294.696
bol,sex_t,age_10yrbands_y15_24,eco_sector_total,1999,845.664
bol,sex_t,age_10yrbands_y15_24,eco_sector_total,2000,753.601
bol,sex_t,age_10yrbands_y15_24,eco_sector_total,2001,880.966
bol,sex_t,age_10yrbands_y15_24,eco_sector_total,2002,842.194
bol,sex_t,age_10yrbands_y15_24,eco_sector_total,2005,799.212
bol,sex_t,age_10yrbands_y15_24,eco_sector_total,2006,916.845
bol,sex_t,age_10yrbands_y15_24,eco_sector_total,2007,915.783
bol,sex_t,age_10yrbands_y15_24,eco_sector_total,2008,935.231
bol,sex_t,age_10yrbands_y15_24,eco_sector_total,2009,950.774
bol,sex_t,age_10yrbands_y15_24,eco_sector_total,2011,985.167
bol,sex_t,age_10yrbands_y15_24,eco_sector_total,2012,859.819
bol,sex_t,age_10yrbands_y15_24,eco_sector_total,2013,842.306
bol,sex_t,age_10yrbands_y15_24,eco_sector_total,2014,971.469
bol,sex_t,age_10yrbands_y15_24,eco_sector_total,2015,840.124
bol,sex_t,age_10yrbands_y15_24,eco_sector_total,2016,848.604
bol,sex_t,age_10yrbands_y15_24,eco_sector_total,2017,870.58
bol,sex_t,age_10yrbands_y15_24,eco_sector_total,2018,936.769
bol,sex_t,age_10yrbands_y15_24,eco_sector_total,2019,992.779
bol,sex_t,age_10yrbands_y15_24,eco_sector_total,2020,814.869
bol,sex_t,age_10yrbands_y15_24,eco_sector_total,2021,1208.755
bol,sex_t,age_10yrbands_y15_24,eco_sector_total,2022,1230.875
bol,sex_t,age_10yrbands_y15_24,eco_sector_total,2023,1222.63
bol,sex_t,age_10yrbands_y15_24,eco_sector_total,2024,1270.692
bol,sex_t,age_10yrbands_y15_24,eco_sector_x,1989,5.902
bol,sex_t,age_10yrbands_y15_24,eco_sector_x,1990,7.91
bol,sex_t,age_10yrbands_y15_24,eco_sector_x,1999,42.059
bol,sex_t,age_10yrbands_y15_24,eco_sector_x,2000,8.858
bol,sex_t,age_10yrbands_y15_24,eco_sector_x,2001,8.426
bol,sex_t,age_10yrbands_y15_24,eco_sector_x,2015,1.783
bol,sex_t,age_10yrbands_y15_24,eco_sector_x,2017,0.577
bol,sex_t,age_10yrbands_y15_24,eco_sector_x,2020,2.478
bol,sex_t,age_10yrbands_y15_24,eco_sector_x,2021,2.703
bol,sex_t,age_10yrbands_y15_24,eco_sector_x,2022,3.363
bol,sex_t,age_10yrbands_y15_24,eco_sector_x,2023,3.505
bol,sex_t,age_10yrbands_y15_24,eco_sector_x,2024,5.158
bol,sex_t,age_10yrbands_y25_34,eco_aggregate_agr,1991,3.483
bol,sex_t,age_10yrbands_y25_34,eco_aggregate_agr,1992,4.459
bol,sex_t,age_10yrbands_y25_34,eco_aggregate_agr,1993,4.437
bol,sex_t,age_10yrbands_y25_34,eco_aggregate_agr,1994,4.026
bol,sex_t,age_10yrbands_y25_34,eco_aggregate_agr,1995,6.206
bol,sex_t,age_10yrbands_y25_34,eco_aggregate_agr,2000,238.474
bol,sex_t,age_10yrbands_y25_34,eco_aggregate_agr,2001,273.511
bol,sex_t,age_10yrbands_y25_34,eco_aggregate_agr,2002,253.844
bol,sex_t,age_10yrbands_y25_34,eco_aggregate_agr,2005,236.555
bol,sex_t,age_10yrbands_y25_34,eco_aggregate_agr,2006,234.49
bol,sex_t,age_10yrbands_y25_34,eco_aggregate_agr,2007,220.83
bol,sex_t,age_10yrbands_y25_34,eco_aggregate_agr,2008,211.205
bol,sex_t,age_10yrbands_y25_34,eco_aggregate_agr,2009,229.037
bol,sex_t,age_10yrbands_y25_34,eco_aggregate_agr,2011,285.423
bol,sex_t,age_10yrbands_y25_34,eco_aggregate_agr,2012,254.85
bol,sex_t,age_10yrbands_y25_34,eco_aggregate_agr,2013,242.801
bol,sex_t,age_10yrbands_y25_34,eco_aggregate_agr,2014,248.584
bol,sex_t,age_10yrbands_y25_34,eco_aggregate_agr,2015,217.668
bol,sex_t,age_10yrbands_y25_34,eco_aggregate_agr,2016,216.474
bol,sex_t,age_10yrbands_y25_34,eco_aggregate_agr,2017,211.521
bol,sex_t,age_10yrbands_y25_34,eco_aggregate_agr,2018,239.618
bol,sex_t,age_10yrbands_y25_34,eco_aggregate_agr,2019,221.204
bol,sex_t,age_10yrbands_y25_34,eco_aggregate_agr,2020,192.618
bol,sex_t,age_10yrbands_y25_34,eco_aggregate_agr,2021,250.807
bol,sex_t,age_10yrbands_y25_34,eco_aggregate_agr,2022,243.198
bol,sex_t,age_10yrbands_y25_34,eco_aggregate_agr,2023,247.995
bol,sex_t,age_10yrbands_y25_34,eco_aggregate_agr,2024,238.85
bol,sex_t,age_10yrbands_y25_34,eco_aggregate_con,1991,24.821
bol,sex_t,age_10yrbands_y25_34,eco_aggregate_con,1992,29.56
bol,sex_t,age_10yrbands_y25_34,eco_aggregate_con,1993,23.258
bol,sex_t,age_10yrbands_y25_34,eco_aggregate_con,1994,32.848
bol,sex_t,age_10yrbands_y25_34,eco_aggregate_con,1995,32.947
bol,sex_t,age_10yrbands_y25_34,eco_aggregate_con,2000,58.963
bol,sex_t,age_10yrbands_y25_34,eco_aggregate_con,2001,56.047
bol,sex_t,age_10yrbands_y25_34,eco_aggregate_con,2002,59.082
bol,sex_t,age_10yrbands_y25_34,eco_aggregate_con,2005,81.731
bol,sex_t,age_10yrbands_y25_34,eco_aggregate_con,2006,71.14
bol,sex_t,age_10yrbands_y25_34,eco_aggregate_con,2007,78.789
bol,sex_t,age_10yrbands_y25_34,eco_aggregate_con,2008,85.012
bol,sex_t,age_10yrbands_y25_34,eco_aggregate_con,2009,101.934
bol,sex_t,age_10yrbands_y25_34,eco_aggregate_con,2011,100.658
bol,sex_t,age_10yrbands_y25_34,eco_aggregate_con,2012,99.765
bol,sex_t,age_10yrbands_y25_34,eco_aggregate_con,2013,94.732
bol,sex_t,age_10yrbands_y25_34,eco_aggregate_con,2014,126.27
bol,sex_t,age_10yrbands_y25_34,eco_aggregate_con,2015,134.898
bol,sex_t,age_10yrbands_y25_34,eco_aggregate_con,2016,121.212
bol,sex_t,age_10yrbands_y25_34,eco_aggregate_con,2017,119.961
bol,sex_t,age_10yrbands_y25_34,eco_aggregate_con,2018,115.638
bol,sex_t,age_10yrbands_y25_34,eco_aggregate_con,2019,135.109
bol,sex_t,age_10yrbands_y25_34,eco_aggregate_con,2020,122.271
bol,sex_t,age_10yrbands_y25_34,eco_aggregate_con,2021,135.189
bol,sex_t,age_10yrbands_y25_34,eco_aggregate_con,2022,143.196
bol,sex_t,age_10yrbands_y25_34,eco_aggregate_con,2023,136.098
bol,sex_t,age_10yrbands_y25_34,eco_aggregate_con,2024,145.168
bol,sex_t,age_10yrbands_y25_34,eco_aggregate_man,1989,41.009
bol,sex_t,age_10yrbands_y25_34,eco_aggregate_man,1990,45.146
bol,sex_t,age_10yrbands_y25_34,eco_aggregate_man,1991,53.008
bol,sex_t,age_10yrbands_y25_34,eco_aggregate_man,1992,62.444
bol,sex_t,age_10yrbands_y25_34,eco_aggregate_man,1993,56.222
bol,sex_t,age_10yrbands_y25_34,eco_aggregate_man,1994,70.123
bol,sex_t,age_10yrbands_y25_34,eco_aggregate_man,1995,65.412
bol,sex_t,age_10yrbands_y25_34,eco_aggregate_man,1999,127.032
bol,sex_t,age_10yrbands_y25_34,eco_aggregate_man,2000,105.947
bol,sex_t,age_10yrbands_y25_34,eco_aggregate_man,2001,100.087
bol,sex_t,age_10yrbands_y25_34,eco_aggregate_man,2002,139.155
bol,sex_t,age_10yrbands_y25_34,eco_aggregate_man,2005,131.174
bol,sex_t,age_10yrbands_y25_34,eco_aggregate_man,2006,135.484
bol,sex_t,age_10yrbands_y25_34,eco_aggregate_man,2007,128.912
bol,sex_t,age_10yrbands_y25_34,eco_aggregate_man,2008,129.666
bol,sex_t,age_10yrbands_y25_34,eco_aggregate_man,2009,159.642
bol,sex_t,age_10yrbands_y25_34,eco_aggregate_man,2011,99.224
bol,sex_t,age_10yrbands_y25_34,eco_aggregate_man,2012,88.488
bol,sex_t,age_10yrbands_y25_34,eco_aggregate_man,2013,90.636
bol,sex_t,age_10yrbands_y25_34,eco_aggregate_man,2014,137.648
bol,sex_t,age_10yrbands_y25_34,eco_aggregate_man,2015,120.88
bol,sex_t,age_10yrbands_y25_34,eco_aggregate_man,2016,130.583
bol,sex_t,age_10yrbands_y25_34,eco_aggregate_man,2017,129.527
bol,sex_t,age_10yrbands_y25_34,eco_aggregate_man,2018,140.533
bol,sex_t,age_10yrbands_y25_34,eco_aggregate_man,2019,171.423
bol,sex_t,age_10yrbands_y25_34,eco_aggregate_man,2020,125.46
bol,sex_t,age_10yrbands_y25_34,eco_aggregate_man,2021,177.343
bol,sex_t,age_10yrbands_y25_34,eco_aggregate_man,2022,198.252
bol,sex_t,age_10yrbands_y25_34,eco_aggregate_man,2023,200.144
bol,sex_t,age_10yrbands_y25_34,eco_aggregate_man,2024,228.088
bol,sex_t,age_10yrbands_y25_34,eco_aggregate_mel,1989,6.077
bol,sex_t,age_10yrbands_y25_34,eco_aggregate_mel,1990,5.096
bol,sex_t,age_10yrbands_y25_34,eco_aggregate_mel,1991,8.653
bol,sex_t,age_10yrbands_y25_34,eco_aggregate_mel,1992,7.325
bol,sex_t,age_10yrbands_y25_34,eco_aggregate_mel,1993,4.62
bol,sex_t,age_10yrbands_y25_34,eco_aggregate_mel,1994,5.889
bol,sex_t,age_10yrbands_y25_34,eco_aggregate_mel,1995,7.026
bol,sex_t,age_10yrbands_y25_34,eco_aggregate_mel,1999,59.498
bol,sex_t,age_10yrbands_y25_34,eco_aggregate_mel,2000,21.649
bol,sex_t,age_10yrbands_y25_34,eco_aggregate_mel,2001,19.009
bol,sex_t,age_10yrbands_y25_34,eco_aggregate_mel,2002,15.44
bol,sex_t,age_10yrbands_y25_34,eco_aggregate_mel,2005,26.843
bol,sex_t,age_10yrbands_y25_34,eco_aggregate_mel,2006,16.805
bol,sex_t,age_10yrbands_y25_34,eco_aggregate_mel,2007,25.18
bol,sex_t,age_10yrbands_y25_34,eco_aggregate_mel,2008,24.179
bol,sex_t,age_10yrbands_y25_34,eco_aggregate_mel,2009,17.443
bol,sex_t,age_10yrbands_y25_34,eco_aggregate_mel,2011,45.575
bol,sex_t,age_10yrbands_y25_34,eco_aggregate_mel,2012,47.856
bol,sex_t,age_10yrbands_y25_34,eco_aggregate_mel,2013,44.495
bol,sex_t,age_10yrbands_y25_34,eco_aggregate_mel,2014,43
bol,sex_t,age_10yrbands_y25_34,eco_aggregate_mel,2015,42.886
bol,sex_t,age_10yrbands_y25_34,eco_aggregate_mel,2016,32.587
bol,sex_t,age_10yrbands_y25_34,eco_aggregate_mel,2017,25.542
bol,sex_t,age_10yrbands_y25_34,eco_aggregate_mel,2018,32.067
bol,sex_t,age_10yrbands_y25_34,eco_aggregate_mel,2019,29.516
bol,sex_t,age_10yrbands_y25_34,eco_aggregate_mel,2020,15.869
bol,sex_t,age_10yrbands_y25_34,eco_aggregate_mel,2021,27.06
bol,sex_t,age_10yrbands_y25_34,eco_aggregate_mel,2022,33.734
bol,sex_t,age_10yrbands_y25_34,eco_aggregate_mel,2023,34.368
bol,sex_t,age_10yrbands_y25_34,eco_aggregate_mel,2024,36.608
bol,sex_t,age_10yrbands_y25_34,eco_aggregate_mkt,1989,113.065
bol,sex_t,age_10yrbands_y25_34,eco_aggregate_mkt,1990,111.258
bol,sex_t,age_10yrbands_y25_34,eco_aggregate_mkt,1991,119.194
bol,sex_t,age_10yrbands_y25_34,eco_aggregate_mkt,1992,127.315
bol,sex_t,age_10yrbands_y25_34,eco_aggregate_mkt,1993,137.566
bol,sex_t,age_10yrbands_y25_34,eco_aggregate_mkt,1994,156.362
bol,sex_t,age_10yrbands_y25_34,eco_aggregate_mkt,1995,150.69
bol,sex_t,age_10yrbands_y25_34,eco_aggregate_mkt,1999,544.434
bol,sex_t,age_10yrbands_y25_34,eco_aggregate_mkt,2000,238.33
bol,sex_t,age_10yrbands_y25_34,eco_aggregate_mkt,2001,254.726
bol,sex_t,age_10yrbands_y25_34,eco_aggregate_mkt,2002,242.081
bol,sex_t,age_10yrbands_y25_34,eco_aggregate_mkt,2005,277.922
bol,sex_t,age_10yrbands_y25_34,eco_aggregate_mkt,2006,338.568
bol,sex_t,age_10yrbands_y25_34,eco_aggregate_mkt,2007,338.395
bol,sex_t,age_10yrbands_y25_34,eco_aggregate_mkt,2008,395.657
bol,sex_t,age_10yrbands_y25_34,eco_aggregate_mkt,2009,406.504
bol,sex_t,age_10yrbands_y25_34,eco_aggregate_mkt,2011,414.063
bol,sex_t,age_10yrbands_y25_34,eco_aggregate_mkt,2012,439.828
bol,sex_t,age_10yrbands_y25_34,eco_aggregate_mkt,2013,423.622
bol,sex_t,age_10yrbands_y25_34,eco_aggregate_mkt,2014,444.626
bol,sex_t,age_10yrbands_y25_34,eco_aggregate_mkt,2015,421.782
bol,sex_t,age_10yrbands_y25_34,eco_aggregate_mkt,2016,416.276
bol,sex_t,age_10yrbands_y25_34,eco_aggregate_mkt,2017,427.572
bol,sex_t,age_10yrbands_y25_34,eco_aggregate_mkt,2018,474.294
bol,sex_t,age_10yrbands_y25_34,eco_aggregate_mkt,2019,523.375
bol,sex_t,age_10yrbands_y25_34,eco_aggregate_mkt,2020,517.056
bol,sex_t,age_10yrbands_y25_34,eco_aggregate_mkt,2021,606.459
bol,sex_t,age_10yrbands_y25_34,eco_aggregate_mkt,2022,687.099
bol,sex_t,age_10yrbands_y25_34,eco_aggregate_mkt,2023,694.154
bol,sex_t,age_10yrbands_y25_34,eco_aggregate_mkt,2024,679.951
bol,sex_t,age_10yrbands_y25_34,eco_aggregate_pub,1989,109.001
bol,sex_t,age_10yrbands_y25_34,eco_aggregate_pub,1990,104.943
bol,sex_t,age_10yrbands_y25_34,eco_aggregate_pub,1991,85.967
bol,sex_t,age_10yrbands_y25_34,eco_aggregate_pub,1992,77.378
bol,sex_t,age_10yrbands_y25_34,eco_aggregate_pub,1993,84.962
bol,sex_t,age_10yrbands_y25_34,eco_aggregate_pub,1994,88.321
bol,sex_t,age_10yrbands_y25_34,eco_aggregate_pub,1995,87.018
bol,sex_t,age_10yrbands_y25_34,eco_aggregate_pub,1999,74.291
bol,sex_t,age_10yrbands_y25_34,eco_aggregate_pub,2000,150.765
bol,sex_t,age_10yrbands_y25_34,eco_aggregate_pub,2001,147.825
bol,sex_t,age_10yrbands_y25_34,eco_aggregate_pub,2002,155.349
bol,sex_t,age_10yrbands_y25_34,eco_aggregate_pub,2005,178.722
bol,sex_t,age_10yrbands_y25_34,eco_aggregate_pub,2006,200.467
bol,sex_t,age_10yrbands_y25_34,eco_aggregate_pub,2007,215.208
bol,sex_t,age_10yrbands_y25_34,eco_aggregate_pub,2008,201.152
bol,sex_t,age_10yrbands_y25_34,eco_aggregate_pub,2009,283.115
bol,sex_t,age_10yrbands_y25_34,eco_aggregate_pub,2011,243.263
bol,sex_t,age_10yrbands_y25_34,eco_aggregate_pub,2012,227.624
bol,sex_t,age_10yrbands_y25_34,eco_aggregate_pub,2013,256.366
bol,sex_t,age_10yrbands_y25_34,eco_aggregate_pub,2014,230.173
bol,sex_t,age_10yrbands_y25_34,eco_aggregate_pub,2015,204.836
bol,sex_t,age_10yrbands_y25_34,eco_aggregate_pub,2016,206.6
bol,sex_t,age_10yrbands_y25_34,eco_aggregate_pub,2017,199.127
bol,sex_t,age_10yrbands_y25_34,eco_aggregate_pub,2018,202.996
bol,sex_t,age_10yrbands_y25_34,eco_aggregate_pub,2019,223.606
bol,sex_t,age_10yrbands_y25_34,eco_aggregate_pub,2020,202.773
bol,sex_t,age_10yrbands_y25_34,eco_aggregate_pub,2021,219.037
bol,sex_t,age_10yrbands_y25_34,eco_aggregate_pub,2022,242.116
bol,sex_t,age_10yrbands_y25_34,eco_aggregate_pub,2023,253.764
bol,sex_t,age_10yrbands_y25_34,eco_aggregate_pub,2024,268.578
bol,sex_t,age_10yrbands_y25_34,eco_aggregate_total,1989,275.99
bol,sex_t,age_10yrbands_y25_34,eco_aggregate_total,1990,277.408
bol,sex_t,age_10yrbands_y25_34,eco_aggregate_total,1991,295.126
bol,sex_t,age_10yrbands_y25_34,eco_aggregate_total,1992,309.036
bol,sex_t,age_10yrbands_y25_34,eco_aggregate_total,1993,311.065
bol,sex_t,age_10yrbands_y25_34,eco_aggregate_total,1994,357.74
bol,sex_t,age_10yrbands_y25_34,eco_aggregate_total,1995,350.047
bol,sex_t,age_10yrbands_y25_34,eco_aggregate_total,1999,860.598
bol,sex_t,age_10yrbands_y25_34,eco_aggregate_total,2000,820.281
bol,sex_t,age_10yrbands_y25_34,eco_aggregate_total,2001,854.822
bol,sex_t,age_10yrbands_y25_34,eco_aggregate_total,2002,864.951
bol,sex_t,age_10yrbands_y25_34,eco_aggregate_total,2005,932.947
bol,sex_t,age_10yrbands_y25_34,eco_aggregate_total,2006,996.954
bol,sex_t,age_10yrbands_y25_34,eco_aggregate_total,2007,1007.314
bol,sex_t,age_10yrbands_y25_34,eco_aggregate_total,2008,1048.215
bol,sex_t,age_10yrbands_y25_34,eco_aggregate_total,2009,1197.675
bol,sex_t,age_10yrbands_y25_34,eco_aggregate_total,2011,1188.206
bol,sex_t,age_10yrbands_y25_34,eco_aggregate_total,2012,1158.411
bol,sex_t,age_10yrbands_y25_34,eco_aggregate_total,2013,1152.652
bol,sex_t,age_10yrbands_y25_34,eco_aggregate_total,2014,1230.498
bol,sex_t,age_10yrbands_y25_34,eco_aggregate_total,2015,1143.457
bol,sex_t,age_10yrbands_y25_34,eco_aggregate_total,2016,1123.774
bol,sex_t,age_10yrbands_y25_34,eco_aggregate_total,2017,1113.414
bol,sex_t,age_10yrbands_y25_34,eco_aggregate_total,2018,1205.147
bol,sex_t,age_10yrbands_y25_34,eco_aggregate_total,2019,1304.232
bol,sex_t,age_10yrbands_y25_34,eco_aggregate_total,2020,1180.333
bol,sex_t,age_10yrbands_y25_34,eco_aggregate_total,2021,1419.748
bol,sex_t,age_10yrbands_y25_34,eco_aggregate_total,2022,1552.628
bol,sex_t,age_10yrbands_y25_34,eco_aggregate_total,2023,1570.39
bol,sex_t,age_10yrbands_y25_34,eco_aggregate_total,2024,1603.03
bol,sex_t,age_10yrbands_y25_34,eco_aggregate_x,1989,6.838
bol,sex_t,age_10yrbands_y25_34,eco_aggregate_x,1990,10.965
bol,sex_t,age_10yrbands_y25_34,eco_aggregate_x,1992,0.555
bol,sex_t,age_10yrbands_y25_34,eco_aggregate_x,1995,0.748
bol,sex_t,age_10yrbands_y25_34,eco_aggregate_x,1999,55.11
bol,sex_t,age_10yrbands_y25_34,eco_aggregate_x,2000,6.153
bol,sex_t,age_10yrbands_y25_34,eco_aggregate_x,2001,3.617
bol,sex_t,age_10yrbands_y25_34,eco_aggregate_x,2017,0.163
bol,sex_t,age_10yrbands_y25_34,eco_aggregate_x,2020,4.287
bol,sex_t,age_10yrbands_y25_34,eco_aggregate_x,2021,3.853
bol,sex_t,age_10yrbands_y25_34,eco_aggregate_x,2022,5.032
bol,sex_t,age_10yrbands_y25_34,eco_aggregate_x,2023,3.867
bol,sex_t,age_10yrbands_y25_34,eco_aggregate_x,2024,5.787
bol,sex_t,age_10yrbands_y25_34,eco_sector_agr,1991,3.483
bol,sex_t,age_10yrbands_y25_34,eco_sector_agr,1992,4.459
bol,sex_t,age_10yrbands_y25_34,eco_sector_agr,1993,4.437
bol,sex_t,age_10yrbands_y25_34,eco_sector_agr,1994,4.026
bol,sex_t,age_10yrbands_y25_34,eco_sector_agr,1995,6.206
bol,sex_t,age_10yrbands_y25_34,eco_sector_agr,2000,238.474
bol,sex_t,age_10yrbands_y25_34,eco_sector_agr,2001,273.511
bol,sex_t,age_10yrbands_y25_34,eco_sector_agr,2002,253.844
bol,sex_t,age_10yrbands_y25_34,eco_sector_agr,2005,236.555
bol,sex_t,age_10yrbands_y25_34,eco_sector_agr,2006,234.49
bol,sex_t,age_10yrbands_y25_34,eco_sector_agr,2007,220.83
bol,sex_t,age_10yrbands_y25_34,eco_sector_agr,2008,211.205
bol,sex_t,age_10yrbands_y25_34,eco_sector_agr,2009,229.037
bol,sex_t,age_10yrbands_y25_34,eco_sector_agr,2011,285.423
bol,sex_t,age_10yrbands_y25_34,eco_sector_agr,2012,254.85
bol,sex_t,age_10yrbands_y25_34,eco_sector_agr,2013,242.801
bol,sex_t,age_10yrbands_y25_34,eco_sector_agr,2014,248.584
bol,sex_t,age_10yrbands_y25_34,eco_sector_agr,2015,217.668
bol,sex_t,age_10yrbands_y25_34,eco_sector_agr,2016,216.474
bol,sex_t,age_10yrbands_y25_34,eco_sector_agr,2017,211.521
bol,sex_t,age_10yrbands_y25_34,eco_sector_agr,2018,239.618
bol,sex_t,age_10yrbands_y25_34,eco_sector_agr,2019,221.204
bol,sex_t,age_10yrbands_y25_34,eco_sector_agr,2020,192.618
bol,sex_t,age_10yrbands_y25_34,eco_sector_agr,2021,250.807
bol,sex_t,age_10yrbands_y25_34,eco_sector_agr,2022,243.198
bol,sex_t,age_10yrbands_y25_34,eco_sector_agr,2023,247.995
bol,sex_t,age_10yrbands_y25_34,eco_sector_agr,2024,238.85
bol,sex_t,age_10yrbands_y25_34,eco_sector_ind,1989,47.086
bol,sex_t,age_10yrbands_y25_34,eco_sector_ind,1990,50.242
bol,sex_t,age_10yrbands_y25_34,eco_sector_ind,1991,86.482
bol,sex_t,age_10yrbands_y25_34,eco_sector_ind,1992,99.329
bol,sex_t,age_10yrbands_y25_34,eco_sector_ind,1993,84.1
bol,sex_t,age_10yrbands_y25_34,eco_sector_ind,1994,108.86
bol,sex_t,age_10yrbands_y25_34,eco_sector_ind,1995,105.385
bol,sex_t,age_10yrbands_y25_34,eco_sector_ind,1999,186.53
bol,sex_t,age_10yrbands_y25_34,eco_sector_ind,2000,186.559
bol,sex_t,age_10yrbands_y25_34,eco_sector_ind,2001,175.143
bol,sex_t,age_10yrbands_y25_34,eco_sector_ind,2002,213.677
bol,sex_t,age_10yrbands_y25_34,eco_sector_ind,2005,239.748
bol,sex_t,age_10yrbands_y25_34,eco_sector_ind,2006,223.429
bol,sex_t,age_10yrbands_y25_34,eco_sector_ind,2007,232.881
bol,sex_t,age_10yrbands_y25_34,eco_sector_ind,2008,238.857
bol,sex_t,age_10yrbands_y25_34,eco_sector_ind,2009,279.019
bol,sex_t,age_10yrbands_y25_34,eco_sector_ind,2011,245.457
bol,sex_t,age_10yrbands_y25_34,eco_sector_ind,2012,236.109
bol,sex_t,age_10yrbands_y25_34,eco_sector_ind,2013,229.863
bol,sex_t,age_10yrbands_y25_34,eco_sector_ind,2014,306.918
bol,sex_t,age_10yrbands_y25_34,eco_sector_ind,2015,298.664
bol,sex_t,age_10yrbands_y25_34,eco_sector_ind,2016,284.382
bol,sex_t,age_10yrbands_y25_34,eco_sector_ind,2017,275.03
bol,sex_t,age_10yrbands_y25_34,eco_sector_ind,2018,288.238
bol,sex_t,age_10yrbands_y25_34,eco_sector_ind,2019,336.047
bol,sex_t,age_10yrbands_y25_34,eco_sector_ind,2020,263.601
bol,sex_t,age_10yrbands_y25_34,eco_sector_ind,2021,339.592
bol,sex_t,age_10yrbands_y25_34,eco_sector_ind,2022,375.182
bol,sex_t,age_10yrbands_y25_34,eco_sector_ind,2023,370.61
bol,sex_t,age_10yrbands_y25_34,eco_sector_ind,2024,409.864
bol,sex_t,age_10yrbands_y25_34,eco_sector_nag,1989,275.99
bol,sex_t,age_10yrbands_y25_34,eco_sector_nag,1990,277.408
bol,sex_t,age_10yrbands_y25_34,eco_sector_nag,1991,291.643
bol,sex_t,age_10yrbands_y25_34,eco_sector_nag,1992,304.577
bol,sex_t,age_10yrbands_y25_34,eco_sector_nag,1993,306.628
bol,sex_t,age_10yrbands_y25_34,eco_sector_nag,1994,353.714
bol,sex_t,age_10yrbands_y25_34,eco_sector_nag,1995,343.841
bol,sex_t,age_10yrbands_y25_34,eco_sector_nag,1999,860.365
bol,sex_t,age_10yrbands_y25_34,eco_sector_nag,2000,581.807
bol,sex_t,age_10yrbands_y25_34,eco_sector_nag,2001,581.311
bol,sex_t,age_10yrbands_y25_34,eco_sector_nag,2002,611.107
bol,sex_t,age_10yrbands_y25_34,eco_sector_nag,2005,696.392
bol,sex_t,age_10yrbands_y25_34,eco_sector_nag,2006,762.464
bol,sex_t,age_10yrbands_y25_34,eco_sector_nag,2007,786.484
bol,sex_t,age_10yrbands_y25_34,eco_sector_nag,2008,837.01
bol,sex_t,age_10yrbands_y25_34,eco_sector_nag,2009,968.638
bol,sex_t,age_10yrbands_y25_34,eco_sector_nag,2011,902.783
bol,sex_t,age_10yrbands_y25_34,eco_sector_nag,2012,903.561
bol,sex_t,age_10yrbands_y25_34,eco_sector_nag,2013,909.851
bol,sex_t,age_10yrbands_y25_34,eco_sector_nag,2014,981.914
bol,sex_t,age_10yrbands_y25_34,eco_sector_nag,2015,925.789
bol,sex_t,age_10yrbands_y25_34,eco_sector_nag,2016,907.3
bol,sex_t,age_10yrbands_y25_34,eco_sector_nag,2017,901.893
bol,sex_t,age_10yrbands_y25_34,eco_sector_nag,2018,965.528
bol,sex_t,age_10yrbands_y25_34,eco_sector_nag,2019,1083.028
bol,sex_t,age_10yrbands_y25_34,eco_sector_nag,2020,987.716
bol,sex_t,age_10yrbands_y25_34,eco_sector_nag,2021,1168.941
bol,sex_t,age_10yrbands_y25_34,eco_sector_nag,2022,1309.43
bol,sex_t,age_10yrbands_y25_34,eco_sector_nag,2023,1322.395
bol,sex_t,age_10yrbands_y25_34,eco_sector_nag,2024,1364.18
bol,sex_t,age_10yrbands_y25_34,eco_sector_ser,1989,222.066
bol,sex_t,age_10yrbands_y25_34,eco_sector_ser,1990,216.201
bol,sex_t,age_10yrbands_y25_34,eco_sector_ser,1991,205.161
bol,sex_t,age_10yrbands_y25_34,eco_sector_ser,1992,204.693
bol,sex_t,age_10yrbands_y25_34,eco_sector_ser,1993,222.528
bol,sex_t,age_10yrbands_y25_34,eco_sector_ser,1994,244.683
bol,sex_t,age_10yrbands_y25_34,eco_sector_ser,1995,237.708
bol,sex_t,age_10yrbands_y25_34,eco_sector_ser,1999,618.725
bol,sex_t,age_10yrbands_y25_34,eco_sector_ser,2000,389.095
bol,sex_t,age_10yrbands_y25_34,eco_sector_ser,2001,402.551
bol,sex_t,age_10yrbands_y25_34,eco_sector_ser,2002,397.43
bol,sex_t,age_10yrbands_y25_34,eco_sector_ser,2005,456.644
bol,sex_t,age_10yrbands_y25_34,eco_sector_ser,2006,539.035
bol,sex_t,age_10yrbands_y25_34,eco_sector_ser,2007,553.603
bol,sex_t,age_10yrbands_y25_34,eco_sector_ser,2008,596.809
bol,sex_t,age_10yrbands_y25_34,eco_sector_ser,2009,689.619
bol,sex_t,age_10yrbands_y25_34,eco_sector_ser,2011,657.326
bol,sex_t,age_10yrbands_y25_34,eco_sector_ser,2012,667.452
bol,sex_t,age_10yrbands_y25_34,eco_sector_ser,2013,679.988
bol,sex_t,age_10yrbands_y25_34,eco_sector_ser,2014,674.799
bol,sex_t,age_10yrbands_y25_34,eco_sector_ser,2015,626.618
bol,sex_t,age_10yrbands_y25_34,eco_sector_ser,2016,622.876
bol,sex_t,age_10yrbands_y25_34,eco_sector_ser,2017,626.699
bol,sex_t,age_10yrbands_y25_34,eco_sector_ser,2018,677.29
bol,sex_t,age_10yrbands_y25_34,eco_sector_ser,2019,746.981
bol,sex_t,age_10yrbands_y25_34,eco_sector_ser,2020,719.828
bol,sex_t,age_10yrbands_y25_34,eco_sector_ser,2021,825.496
bol,sex_t,age_10yrbands_y25_34,eco_sector_ser,2022,929.215
bol,sex_t,age_10yrbands_y25_34,eco_sector_ser,2023,947.918
bol,sex_t,age_10yrbands_y25_34,eco_sector_ser,2024,948.529
bol,sex_t,age_10yrbands_y25_34,eco_sector_total,1989,275.99
bol,sex_t,age_10yrbands_y25_34,eco_sector_total,1990,277.408
bol,sex_t,age_10yrbands_y25_34,eco_sector_total,1991,295.126
bol,sex_t,age_10yrbands_y25_34,eco_sector_total,1992,309.036
bol,sex_t,age_10yrbands_y25_34,eco_sector_total,1993,311.065
bol,sex_t,age_10yrbands_y25_34,eco_sector_total,1994,357.74
bol,sex_t,age_10yrbands_y25_34,eco_sector_total,1995,350.047
bol,sex_t,age_10yrbands_y25_34,eco_sector_total,1999,860.598
bol,sex_t,age_10yrbands_y25_34,eco_sector_total,2000,820.281
bol,sex_t,age_10yrbands_y25_34,eco_sector_total,2001,854.822
bol,sex_t,age_10yrbands_y25_34,eco_sector_total,2002,864.951
bol,sex_t,age_10yrbands_y25_34,eco_sector_total,2005,932.947
bol,sex_t,age_10yrbands_y25_34,eco_sector_total,2006,996.954
bol,sex_t,age_10yrbands_y25_34,eco_sector_total,2007,1007.314
bol,sex_t,age_10yrbands_y25_34,eco_sector_total,2008,1048.215
bol,sex_t,age_10yrbands_y25_34,eco_sector_total,2009,1197.675
bol,sex_t,age_10yrbands_y25_34,eco_sector_total,2011,1188.206
bol,sex_t,age_10yrbands_y25_34,eco_sector_total,2012,1158.411
bol,sex_t,age_10yrbands_y25_34,eco_sector_total,2013,1152.652
bol,sex_t,age_10yrbands_y25_34,eco_sector_total,2014,1230.498
bol,sex_t,age_10yrbands_y25_34,eco_sector_total,2015,1143.457
bol,sex_t,age_10yrbands_y25_34,eco_sector_total,2016,1123.774
bol,sex_t,age_10yrbands_y25_34,eco_sector_total,2017,1113.414
bol,sex_t,age_10yrbands_y25_34,eco_sector_total,2018,1205.147
bol,sex_t,age_10yrbands_y25_34,eco_sector_total,2019,1304.232
bol,sex_t,age_10yrbands_y25_34,eco_sector_total,2020,1180.333
bol,sex_t,age_10yrbands_y25_34,eco_sector_total,2021,1419.748
bol,sex_t,age_10yrbands_y25_34,eco_sector_total,2022,1552.628
bol,sex_t,age_10yrbands_y25_34,eco_sector_total,2023,1570.39
bol,sex_t,age_10yrbands_y25_34,eco_sector_total,2024,1603.03
bol,sex_t,age_10yrbands_y25_34,eco_sector_x,1989,6.838
bol,sex_t,age_10yrbands_y25_34,eco_sector_x,1990,10.965
bol,sex_t,age_10yrbands_y25_34,eco_sector_x,1992,0.555
bol,sex_t,age_10yrbands_y25_34,eco_sector_x,1995,0.748
bol,sex_t,age_10yrbands_y25_34,eco_sector_x,1999,55.11
bol,sex_t,age_10yrbands_y25_34,eco_sector_x,2000,6.153
bol,sex_t,age_10yrbands_y25_34,eco_sector_x,2001,3.617
bol,sex_t,age_10yrbands_y25_34,eco_sector_x,2017,0.163
bol,sex_t,age_10yrbands_y25_34,eco_sector_x,2020,4.287
bol,sex_t,age_10yrbands_y25_34,eco_sector_x,2021,3.853
bol,sex_t,age_10yrbands_y25_34,eco_sector_x,2022,5.032
bol,sex_t,age_10yrbands_y25_34,eco_sector_x,2023,3.867
bol,sex_t,age_10yrbands_y25_34,eco_sector_x,2024,5.787
bol,sex_t,age_10yrbands_y35_44,eco_aggregate_agr,1991,3.265
bol,sex_t,age_10yrbands_y35_44,eco_aggregate_agr,1992,5.271
bol,sex_t,age_10yrbands_y35_44,eco_aggregate_agr,1993,4.432
bol,sex_t,age_10yrbands_y35_44,eco_aggregate_agr,1994,4.198
bol,sex_t,age_10yrbands_y35_44,eco_aggregate_agr,1995,6.08
bol,sex_t,age_10yrbands_y35_44,eco_aggregate_agr,1999,5.543
bol,sex_t,age_10yrbands_y35_44,eco_aggregate_agr,2000,234.228
bol,sex_t,age_10yrbands_y35_44,eco_aggregate_agr,2001,260.502
bol,sex_t,age_10yrbands_y35_44,eco_aggregate_agr,2002,238.437
bol,sex_t,age_10yrbands_y35_44,eco_aggregate_agr,2005,255.97
bol,sex_t,age_10yrbands_y35_44,eco_aggregate_agr,2006,282.843
bol,sex_t,age_10yrbands_y35_44,eco_aggregate_agr,2007,241.253
bol,sex_t,age_10yrbands_y35_44,eco_aggregate_agr,2008,252.64
bol,sex_t,age_10yrbands_y35_44,eco_aggregate_agr,2009,234.713
bol,sex_t,age_10yrbands_y35_44,eco_aggregate_agr,2011,281.989
bol,sex_t,age_10yrbands_y35_44,eco_aggregate_agr,2012,256.824
bol,sex_t,age_10yrbands_y35_44,eco_aggregate_agr,2013,280.032
bol,sex_t,age_10yrbands_y35_44,eco_aggregate_agr,2014,242.859
bol,sex_t,age_10yrbands_y35_44,eco_aggregate_agr,2015,234.886
bol,sex_t,age_10yrbands_y35_44,eco_aggregate_agr,2016,249.058
bol,sex_t,age_10yrbands_y35_44,eco_aggregate_agr,2017,250.353
bol,sex_t,age_10yrbands_y35_44,eco_aggregate_agr,2018,257.683
bol,sex_t,age_10yrbands_y35_44,eco_aggregate_agr,2019,265.712
bol,sex_t,age_10yrbands_y35_44,eco_aggregate_agr,2020,266.665
bol,sex_t,age_10yrbands_y35_44,eco_aggregate_agr,2021,261.134
bol,sex_t,age_10yrbands_y35_44,eco_aggregate_agr,2022,253.284
bol,sex_t,age_10yrbands_y35_44,eco_aggregate_agr,2023,250.026
bol,sex_t,age_10yrbands_y35_44,eco_aggregate_agr,2024,237.334
bol,sex_t,age_10yrbands_y35_44,eco_aggregate_con,1991,20.849
bol,sex_t,age_10yrbands_y35_44,eco_aggregate_con,1992,22.187
bol,sex_t,age_10yrbands_y35_44,eco_aggregate_con,1993,21.609
bol,sex_t,age_10yrbands_y35_44,eco_aggregate_con,1994,29.135
bol,sex_t,age_10yrbands_y35_44,eco_aggregate_con,1995,25.167
bol,sex_t,age_10yrbands_y35_44,eco_aggregate_con,2000,58.705
bol,sex_t,age_10yrbands_y35_44,eco_aggregate_con,2001,39.581
bol,sex_t,age_10yrbands_y35_44,eco_aggregate_con,2002,52.485
bol,sex_t,age_10yrbands_y35_44,eco_aggregate_con,2005,70.99
bol,sex_t,age_10yrbands_y35_44,eco_aggregate_con,2006,47.12
bol,sex_t,age_10yrbands_y35_44,eco_aggregate_con,2007,58.481
bol,sex_t,age_10yrbands_y35_44,eco_aggregate_con,2008,83.491
bol,sex_t,age_10yrbands_y35_44,eco_aggregate_con,2009,74.09
bol,sex_t,age_10yrbands_y35_44,eco_aggregate_con,2011,71.989
bol,sex_t,age_10yrbands_y35_44,eco_aggregate_con,2012,88.792
bol,sex_t,age_10yrbands_y35_44,eco_aggregate_con,2013,76.46
bol,sex_t,age_10yrbands_y35_44,eco_aggregate_con,2014,97.449
bol,sex_t,age_10yrbands_y35_44,eco_aggregate_con,2015,118.495
bol,sex_t,age_10yrbands_y35_44,eco_aggregate_con,2016,97.845
bol,sex_t,age_10yrbands_y35_44,eco_aggregate_con,2017,103.105
bol,sex_t,age_10yrbands_y35_44,eco_aggregate_con,2018,94.961
bol,sex_t,age_10yrbands_y35_44,eco_aggregate_con,2019,104.531
bol,sex_t,age_10yrbands_y35_44,eco_aggregate_con,2020,104.713
bol,sex_t,age_10yrbands_y35_44,eco_aggregate_con,2021,101.999
bol,sex_t,age_10yrbands_y35_44,eco_aggregate_con,2022,119.186
bol,sex_t,age_10yrbands_y35_44,eco_aggregate_con,2023,113.19
bol,sex_t,age_10yrbands_y35_44,eco_aggregate_con,2024,110.414
bol,sex_t,age_10yrbands_y35_44,eco_aggregate_man,1989,28.306
bol,sex_t,age_10yrbands_y35_44,eco_aggregate_man,1990,37.342
bol,sex_t,age_10yrbands_y35_44,eco_aggregate_man,1991,39.112
bol,sex_t,age_10yrbands_y35_44,eco_aggregate_man,1992,42.236
bol,sex_t,age_10yrbands_y35_44,eco_aggregate_man,1993,45.479
bol,sex_t,age_10yrbands_y35_44,eco_aggregate_man,1994,44.922
bol,sex_t,age_10yrbands_y35_44,eco_aggregate_man,1995,49.926
bol,sex_t,age_10yrbands_y35_44,eco_aggregate_man,1999,107.465
bol,sex_t,age_10yrbands_y35_44,eco_aggregate_man,2000,79.796
bol,sex_t,age_10yrbands_y35_44,eco_aggregate_man,2001,69.729
bol,sex_t,age_10yrbands_y35_44,eco_aggregate_man,2002,90.984
bol,sex_t,age_10yrbands_y35_44,eco_aggregate_man,2005,94.069
bol,sex_t,age_10yrbands_y35_44,eco_aggregate_man,2006,92.846
bol,sex_t,age_10yrbands_y35_44,eco_aggregate_man,2007,118.901
bol,sex_t,age_10yrbands_y35_44,eco_aggregate_man,2008,122.602
bol,sex_t,age_10yrbands_y35_44,eco_aggregate_man,2009,127.544
bol,sex_t,age_10yrbands_y35_44,eco_aggregate_man,2011,72.639
bol,sex_t,age_10yrbands_y35_44,eco_aggregate_man,2012,70.084
bol,sex_t,age_10yrbands_y35_44,eco_aggregate_man,2013,63.704
bol,sex_t,age_10yrbands_y35_44,eco_aggregate_man,2014,99.876
bol,sex_t,age_10yrbands_y35_44,eco_aggregate_man,2015,101.268
bol,sex_t,age_10yrbands_y35_44,eco_aggregate_man,2016,112.884
bol,sex_t,age_10yrbands_y35_44,eco_aggregate_man,2017,123.286
bol,sex_t,age_10yrbands_y35_44,eco_aggregate_man,2018,128.037
bol,sex_t,age_10yrbands_y35_44,eco_aggregate_man,2019,138.64
bol,sex_t,age_10yrbands_y35_44,eco_aggregate_man,2020,128.724
bol,sex_t,age_10yrbands_y35_44,eco_aggregate_man,2021,155.203
bol,sex_t,age_10yrbands_y35_44,eco_aggregate_man,2022,167.471
bol,sex_t,age_10yrbands_y35_44,eco_aggregate_man,2023,173.852
bol,sex_t,age_10yrbands_y35_44,eco_aggregate_man,2024,182.139
bol,sex_t,age_10yrbands_y35_44,eco_aggregate_mel,1989,6.241
bol,sex_t,age_10yrbands_y35_44,eco_aggregate_mel,1990,4.154
bol,sex_t,age_10yrbands_y35_44,eco_aggregate_mel,1991,8.002
bol,sex_t,age_10yrbands_y35_44,eco_aggregate_mel,1992,9.507
bol,sex_t,age_10yrbands_y35_44,eco_aggregate_mel,1993,7.236
bol,sex_t,age_10yrbands_y35_44,eco_aggregate_mel,1994,6.211
bol,sex_t,age_10yrbands_y35_44,eco_aggregate_mel,1995,8.141
bol,sex_t,age_10yrbands_y35_44,eco_aggregate_mel,1999,45.677
bol,sex_t,age_10yrbands_y35_44,eco_aggregate_mel,2000,20.381
bol,sex_t,age_10yrbands_y35_44,eco_aggregate_mel,2001,16.093
bol,sex_t,age_10yrbands_y35_44,eco_aggregate_mel,2002,12.551
bol,sex_t,age_10yrbands_y35_44,eco_aggregate_mel,2005,23.704
bol,sex_t,age_10yrbands_y35_44,eco_aggregate_mel,2006,19.219
bol,sex_t,age_10yrbands_y35_44,eco_aggregate_mel,2007,20.247
bol,sex_t,age_10yrbands_y35_44,eco_aggregate_mel,2008,17.53
bol,sex_t,age_10yrbands_y35_44,eco_aggregate_mel,2009,9.604
bol,sex_t,age_10yrbands_y35_44,eco_aggregate_mel,2011,27.773
bol,sex_t,age_10yrbands_y35_44,eco_aggregate_mel,2012,35.621
bol,sex_t,age_10yrbands_y35_44,eco_aggregate_mel,2013,34.721
bol,sex_t,age_10yrbands_y35_44,eco_aggregate_mel,2014,27.619
bol,sex_t,age_10yrbands_y35_44,eco_aggregate_mel,2015,30.817
bol,sex_t,age_10yrbands_y35_44,eco_aggregate_mel,2016,28.14
bol,sex_t,age_10yrbands_y35_44,eco_aggregate_mel,2017,24.21
bol,sex_t,age_10yrbands_y35_44,eco_aggregate_mel,2018,27.776
bol,sex_t,age_10yrbands_y35_44,eco_aggregate_mel,2019,23.692
bol,sex_t,age_10yrbands_y35_44,eco_aggregate_mel,2020,24.768
bol,sex_t,age_10yrbands_y35_44,eco_aggregate_mel,2021,25.564
bol,sex_t,age_10yrbands_y35_44,eco_aggregate_mel,2022,28.464
bol,sex_t,age_10yrbands_y35_44,eco_aggregate_mel,2023,24.997
bol,sex_t,age_10yrbands_y35_44,eco_aggregate_mel,2024,30.643
bol,sex_t,age_10yrbands_y35_44,eco_aggregate_mkt,1989,86.258
bol,sex_t,age_10yrbands_y35_44,eco_aggregate_mkt,1990,85.958
bol,sex_t,age_10yrbands_y35_44,eco_aggregate_mkt,1991,93.742
bol,sex_t,age_10yrbands_y35_44,eco_aggregate_mkt,1992,96.064
bol,sex_t,age_10yrbands_y35_44,eco_aggregate_mkt,1993,111.518
bol,sex_t,age_10yrbands_y35_44,eco_aggregate_mkt,1994,125.605
bol,sex_t,age_10yrbands_y35_44,eco_aggregate_mkt,1995,136.041
bol,sex_t,age_10yrbands_y35_44,eco_aggregate_mkt,1999,562.235
bol,sex_t,age_10yrbands_y35_44,eco_aggregate_mkt,2000,240.836
bol,sex_t,age_10yrbands_y35_44,eco_aggregate_mkt,2001,219.412
bol,sex_t,age_10yrbands_y35_44,eco_aggregate_mkt,2002,235.52
bol,sex_t,age_10yrbands_y35_44,eco_aggregate_mkt,2005,280.243
bol,sex_t,age_10yrbands_y35_44,eco_aggregate_mkt,2006,291.112
bol,sex_t,age_10yrbands_y35_44,eco_aggregate_mkt,2007,323.579
bol,sex_t,age_10yrbands_y35_44,eco_aggregate_mkt,2008,391.626
bol,sex_t,age_10yrbands_y35_44,eco_aggregate_mkt,2009,334.991
bol,sex_t,age_10yrbands_y35_44,eco_aggregate_mkt,2011,330.566
bol,sex_t,age_10yrbands_y35_44,eco_aggregate_mkt,2012,373.707
bol,sex_t,age_10yrbands_y35_44,eco_aggregate_mkt,2013,377.606
bol,sex_t,age_10yrbands_y35_44,eco_aggregate_mkt,2014,391.404
bol,sex_t,age_10yrbands_y35_44,eco_aggregate_mkt,2015,419.871
bol,sex_t,age_10yrbands_y35_44,eco_aggregate_mkt,2016,382.27
bol,sex_t,age_10yrbands_y35_44,eco_aggregate_mkt,2017,410.485
bol,sex_t,age_10yrbands_y35_44,eco_aggregate_mkt,2018,425.583
bol,sex_t,age_10yrbands_y35_44,eco_aggregate_mkt,2019,455.963
bol,sex_t,age_10yrbands_y35_44,eco_aggregate_mkt,2020,498.688
bol,sex_t,age_10yrbands_y35_44,eco_aggregate_mkt,2021,502.194
bol,sex_t,age_10yrbands_y35_44,eco_aggregate_mkt,2022,552.635
bol,sex_t,age_10yrbands_y35_44,eco_aggregate_mkt,2023,543.679
bol,sex_t,age_10yrbands_y35_44,eco_aggregate_mkt,2024,575.346
bol,sex_t,age_10yrbands_y35_44,eco_aggregate_pub,1989,81.534
bol,sex_t,age_10yrbands_y35_44,eco_aggregate_pub,1990,92.156
bol,sex_t,age_10yrbands_y35_44,eco_aggregate_pub,1991,68.316
bol,sex_t,age_10yrbands_y35_44,eco_aggregate_pub,1992,70.672
bol,sex_t,age_10yrbands_y35_44,eco_aggregate_pub,1993,67.704
bol,sex_t,age_10yrbands_y35_44,eco_aggregate_pub,1994,70.807
bol,sex_t,age_10yrbands_y35_44,eco_aggregate_pub,1995,78.855
bol,sex_t,age_10yrbands_y35_44,eco_aggregate_pub,1999,56.977
bol,sex_t,age_10yrbands_y35_44,eco_aggregate_pub,2000,142.557
bol,sex_t,age_10yrbands_y35_44,eco_aggregate_pub,2001,124.544
bol,sex_t,age_10yrbands_y35_44,eco_aggregate_pub,2002,135.812
bol,sex_t,age_10yrbands_y35_44,eco_aggregate_pub,2005,140.591
bol,sex_t,age_10yrbands_y35_44,eco_aggregate_pub,2006,176.631
bol,sex_t,age_10yrbands_y35_44,eco_aggregate_pub,2007,200.541
bol,sex_t,age_10yrbands_y35_44,eco_aggregate_pub,2008,175.249
bol,sex_t,age_10yrbands_y35_44,eco_aggregate_pub,2009,195.393
bol,sex_t,age_10yrbands_y35_44,eco_aggregate_pub,2011,193.477
bol,sex_t,age_10yrbands_y35_44,eco_aggregate_pub,2012,209.088
bol,sex_t,age_10yrbands_y35_44,eco_aggregate_pub,2013,229.831
bol,sex_t,age_10yrbands_y35_44,eco_aggregate_pub,2014,195.81
bol,sex_t,age_10yrbands_y35_44,eco_aggregate_pub,2015,192.497
bol,sex_t,age_10yrbands_y35_44,eco_aggregate_pub,2016,197.817
bol,sex_t,age_10yrbands_y35_44,eco_aggregate_pub,2017,204.178
bol,sex_t,age_10yrbands_y35_44,eco_aggregate_pub,2018,206.924
bol,sex_t,age_10yrbands_y35_44,eco_aggregate_pub,2019,229.586
bol,sex_t,age_10yrbands_y35_44,eco_aggregate_pub,2020,230.603
bol,sex_t,age_10yrbands_y35_44,eco_aggregate_pub,2021,241.154
bol,sex_t,age_10yrbands_y35_44,eco_aggregate_pub,2022,252.099
bol,sex_t,age_10yrbands_y35_44,eco_aggregate_pub,2023,278.869
bol,sex_t,age_10yrbands_y35_44,eco_aggregate_pub,2024,282.402
bol,sex_t,age_10yrbands_y35_44,eco_aggregate_total,1989,207.736
bol,sex_t,age_10yrbands_y35_44,eco_aggregate_total,1990,224.524
bol,sex_t,age_10yrbands_y35_44,eco_aggregate_total,1991,233.321
bol,sex_t,age_10yrbands_y35_44,eco_aggregate_total,1992,246.261
bol,sex_t,age_10yrbands_y35_44,eco_aggregate_total,1993,258.045
bol,sex_t,age_10yrbands_y35_44,eco_aggregate_total,1994,280.878
bol,sex_t,age_10yrbands_y35_44,eco_aggregate_total,1995,304.563
bol,sex_t,age_10yrbands_y35_44,eco_aggregate_total,1999,848.364
bol,sex_t,age_10yrbands_y35_44,eco_aggregate_total,2000,783.205
bol,sex_t,age_10yrbands_y35_44,eco_aggregate_total,2001,736.414
bol,sex_t,age_10yrbands_y35_44,eco_aggregate_total,2002,765.789
bol,sex_t,age_10yrbands_y35_44,eco_aggregate_total,2005,865.567
bol,sex_t,age_10yrbands_y35_44,eco_aggregate_total,2006,909.771
bol,sex_t,age_10yrbands_y35_44,eco_aggregate_total,2007,963.002
bol,sex_t,age_10yrbands_y35_44,eco_aggregate_total,2008,1043.138
bol,sex_t,age_10yrbands_y35_44,eco_aggregate_total,2009,976.335
bol,sex_t,age_10yrbands_y35_44,eco_aggregate_total,2011,978.433
bol,sex_t,age_10yrbands_y35_44,eco_aggregate_total,2012,1034.116
bol,sex_t,age_10yrbands_y35_44,eco_aggregate_total,2013,1062.354
bol,sex_t,age_10yrbands_y35_44,eco_aggregate_total,2014,1055.2
bol,sex_t,age_10yrbands_y35_44,eco_aggregate_total,2015,1098.723
bol,sex_t,age_10yrbands_y35_44,eco_aggregate_total,2016,1068.014
bol,sex_t,age_10yrbands_y35_44,eco_aggregate_total,2017,1115.698
bol,sex_t,age_10yrbands_y35_44,eco_aggregate_total,2018,1140.963
bol,sex_t,age_10yrbands_y35_44,eco_aggregate_total,2019,1218.125
bol,sex_t,age_10yrbands_y35_44,eco_aggregate_total,2020,1255.571
bol,sex_t,age_10yrbands_y35_44,eco_aggregate_total,2021,1287.992
bol,sex_t,age_10yrbands_y35_44,eco_aggregate_total,2022,1374.193
bol,sex_t,age_10yrbands_y35_44,eco_aggregate_total,2023,1385.749
bol,sex_t,age_10yrbands_y35_44,eco_aggregate_total,2024,1420.214
bol,sex_t,age_10yrbands_y35_44,eco_aggregate_x,1989,5.396
bol,sex_t,age_10yrbands_y35_44,eco_aggregate_x,1990,4.914
bol,sex_t,age_10yrbands_y35_44,eco_aggregate_x,1999,70.467
bol,sex_t,age_10yrbands_y35_44,eco_aggregate_x,2000,6.702
bol,sex_t,age_10yrbands_y35_44,eco_aggregate_x,2001,6.553
bol,sex_t,age_10yrbands_y35_44,eco_aggregate_x,2021,0.744
bol,sex_t,age_10yrbands_y35_44,eco_aggregate_x,2022,1.052
bol,sex_t,age_10yrbands_y35_44,eco_aggregate_x,2023,1.136
bol,sex_t,age_10yrbands_y35_44,eco_aggregate_x,2024,1.936
bol,sex_t,age_10yrbands_y35_44,eco_sector_agr,1991,3.265
bol,sex_t,age_10yrbands_y35_44,eco_sector_agr,1992,5.271
bol,sex_t,age_10yrbands_y35_44,eco_sector_agr,1993,4.432
bol,sex_t,age_10yrbands_y35_44,eco_sector_agr,1994,4.198
bol,sex_t,age_10yrbands_y35_44,eco_sector_agr,1995,6.08
bol,sex_t,age_10yrbands_y35_44,eco_sector_agr,1999,5.543
bol,sex_t,age_10yrbands_y35_44,eco_sector_agr,2000,234.228
bol,sex_t,age_10yrbands_y35_44,eco_sector_agr,2001,260.502
bol,sex_t,age_10yrbands_y35_44,eco_sector_agr,2002,238.437
bol,sex_t,age_10yrbands_y35_44,eco_sector_agr,2005,255.97
bol,sex_t,age_10yrbands_y35_44,eco_sector_agr,2006,282.843
bol,sex_t,age_10yrbands_y35_44,eco_sector_agr,2007,241.253
bol,sex_t,age_10yrbands_y35_44,eco_sector_agr,2008,252.64
bol,sex_t,age_10yrbands_y35_44,eco_sector_agr,2009,234.713
bol,sex_t,age_10yrbands_y35_44,eco_sector_agr,2011,281.989
bol,sex_t,age_10yrbands_y35_44,eco_sector_agr,2012,256.824
bol,sex_t,age_10yrbands_y35_44,eco_sector_agr,2013,280.032
bol,sex_t,age_10yrbands_y35_44,eco_sector_agr,2014,242.859
bol,sex_t,age_10yrbands_y35_44,eco_sector_agr,2015,234.886
bol,sex_t,age_10yrbands_y35_44,eco_sector_agr,2016,249.058
bol,sex_t,age_10yrbands_y35_44,eco_sector_agr,2017,250.353
bol,sex_t,age_10yrbands_y35_44,eco_sector_agr,2018,257.683
bol,sex_t,age_10yrbands_y35_44,eco_sector_agr,2019,265.712
bol,sex_t,age_10yrbands_y35_44,eco_sector_agr,2020,266.665
bol,sex_t,age_10yrbands_y35_44,eco_sector_agr,2021,261.134
bol,sex_t,age_10yrbands_y35_44,eco_sector_agr,2022,253.284
bol,sex_t,age_10yrbands_y35_44,eco_sector_agr,2023,250.026
bol,sex_t,age_10yrbands_y35_44,eco_sector_agr,2024,237.334
bol,sex_t,age_10yrbands_y35_44,eco_sector_ind,1989,34.547
bol,sex_t,age_10yrbands_y35_44,eco_sector_ind,1990,41.496
bol,sex_t,age_10yrbands_y35_44,eco_sector_ind,1991,67.963
bol,sex_t,age_10yrbands_y35_44,eco_sector_ind,1992,73.93
bol,sex_t,age_10yrbands_y35_44,eco_sector_ind,1993,74.324
bol,sex_t,age_10yrbands_y35_44,eco_sector_ind,1994,80.268
bol,sex_t,age_10yrbands_y35_44,eco_sector_ind,1995,83.234
bol,sex_t,age_10yrbands_y35_44,eco_sector_ind,1999,153.142
bol,sex_t,age_10yrbands_y35_44,eco_sector_ind,2000,158.882
bol,sex_t,age_10yrbands_y35_44,eco_sector_ind,2001,125.403
bol,sex_t,age_10yrbands_y35_44,eco_sector_ind,2002,156.02
bol,sex_t,age_10yrbands_y35_44,eco_sector_ind,2005,188.763
bol,sex_t,age_10yrbands_y35_44,eco_sector_ind,2006,159.185
bol,sex_t,age_10yrbands_y35_44,eco_sector_ind,2007,197.629
bol,sex_t,age_10yrbands_y35_44,eco_sector_ind,2008,223.623
bol,sex_t,age_10yrbands_y35_44,eco_sector_ind,2009,211.238
bol,sex_t,age_10yrbands_y35_44,eco_sector_ind,2011,172.401
bol,sex_t,age_10yrbands_y35_44,eco_sector_ind,2012,194.497
bol,sex_t,age_10yrbands_y35_44,eco_sector_ind,2013,174.885
bol,sex_t,age_10yrbands_y35_44,eco_sector_ind,2014,224.944
bol,sex_t,age_10yrbands_y35_44,eco_sector_ind,2015,250.58
bol,sex_t,age_10yrbands_y35_44,eco_sector_ind,2016,238.868
bol,sex_t,age_10yrbands_y35_44,eco_sector_ind,2017,250.601
bol,sex_t,age_10yrbands_y35_44,eco_sector_ind,2018,250.774
bol,sex_t,age_10yrbands_y35_44,eco_sector_ind,2019,266.863
bol,sex_t,age_10yrbands_y35_44,eco_sector_ind,2020,258.204
bol,sex_t,age_10yrbands_y35_44,eco_sector_ind,2021,282.766
bol,sex_t,age_10yrbands_y35_44,eco_sector_ind,2022,315.122
bol,sex_t,age_10yrbands_y35_44,eco_sector_ind,2023,312.039
bol,sex_t,age_10yrbands_y35_44,eco_sector_ind,2024,323.195
bol,sex_t,age_10yrbands_y35_44,eco_sector_nag,1989,207.736
bol,sex_t,age_10yrbands_y35_44,eco_sector_nag,1990,224.524
bol,sex_t,age_10yrbands_y35_44,eco_sector_nag,1991,230.056
bol,sex_t,age_10yrbands_y35_44,eco_sector_nag,1992,240.99
bol,sex_t,age_10yrbands_y35_44,eco_sector_nag,1993,253.613
bol,sex_t,age_10yrbands_y35_44,eco_sector_nag,1994,276.68
bol,sex_t,age_10yrbands_y35_44,eco_sector_nag,1995,298.483
bol,sex_t,age_10yrbands_y35_44,eco_sector_nag,1999,842.821
bol,sex_t,age_10yrbands_y35_44,eco_sector_nag,2000,548.977
bol,sex_t,age_10yrbands_y35_44,eco_sector_nag,2001,475.912
bol,sex_t,age_10yrbands_y35_44,eco_sector_nag,2002,527.352
bol,sex_t,age_10yrbands_y35_44,eco_sector_nag,2005,609.597
bol,sex_t,age_10yrbands_y35_44,eco_sector_nag,2006,626.928
bol,sex_t,age_10yrbands_y35_44,eco_sector_nag,2007,721.749
bol,sex_t,age_10yrbands_y35_44,eco_sector_nag,2008,790.498
bol,sex_t,age_10yrbands_y35_44,eco_sector_nag,2009,741.622
bol,sex_t,age_10yrbands_y35_44,eco_sector_nag,2011,696.444
bol,sex_t,age_10yrbands_y35_44,eco_sector_nag,2012,777.292
bol,sex_t,age_10yrbands_y35_44,eco_sector_nag,2013,782.322
bol,sex_t,age_10yrbands_y35_44,eco_sector_nag,2014,812.341
bol,sex_t,age_10yrbands_y35_44,eco_sector_nag,2015,863.837
bol,sex_t,age_10yrbands_y35_44,eco_sector_nag,2016,818.956
bol,sex_t,age_10yrbands_y35_44,eco_sector_nag,2017,865.346
bol,sex_t,age_10yrbands_y35_44,eco_sector_nag,2018,883.28
bol,sex_t,age_10yrbands_y35_44,eco_sector_nag,2019,952.412
bol,sex_t,age_10yrbands_y35_44,eco_sector_nag,2020,988.906
bol,sex_t,age_10yrbands_y35_44,eco_sector_nag,2021,1026.858
bol,sex_t,age_10yrbands_y35_44,eco_sector_nag,2022,1120.908
bol,sex_t,age_10yrbands_y35_44,eco_sector_nag,2023,1135.723
bol,sex_t,age_10yrbands_y35_44,eco_sector_nag,2024,1182.88
bol,sex_t,age_10yrbands_y35_44,eco_sector_ser,1989,167.792
bol,sex_t,age_10yrbands_y35_44,eco_sector_ser,1990,178.114
bol,sex_t,age_10yrbands_y35_44,eco_sector_ser,1991,162.058
bol,sex_t,age_10yrbands_y35_44,eco_sector_ser,1992,166.736
bol,sex_t,age_10yrbands_y35_44,eco_sector_ser,1993,179.222
bol,sex_t,age_10yrbands_y35_44,eco_sector_ser,1994,196.412
bol,sex_t,age_10yrbands_y35_44,eco_sector_ser,1995,214.896
bol,sex_t,age_10yrbands_y35_44,eco_sector_ser,1999,619.212
bol,sex_t,age_10yrbands_y35_44,eco_sector_ser,2000,383.393
bol,sex_t,age_10yrbands_y35_44,eco_sector_ser,2001,343.956
bol,sex_t,age_10yrbands_y35_44,eco_sector_ser,2002,371.332
bol,sex_t,age_10yrbands_y35_44,eco_sector_ser,2005,420.834
bol,sex_t,age_10yrbands_y35_44,eco_sector_ser,2006,467.743
bol,sex_t,age_10yrbands_y35_44,eco_sector_ser,2007,524.12
bol,sex_t,age_10yrbands_y35_44,eco_sector_ser,2008,566.875
bol,sex_t,age_10yrbands_y35_44,eco_sector_ser,2009,530.384
bol,sex_t,age_10yrbands_y35_44,eco_sector_ser,2011,524.043
bol,sex_t,age_10yrbands_y35_44,eco_sector_ser,2012,582.795
bol,sex_t,age_10yrbands_y35_44,eco_sector_ser,2013,607.437
bol,sex_t,age_10yrbands_y35_44,eco_sector_ser,2014,587.214
bol,sex_t,age_10yrbands_y35_44,eco_sector_ser,2015,612.368
bol,sex_t,age_10yrbands_y35_44,eco_sector_ser,2016,580.087
bol,sex_t,age_10yrbands_y35_44,eco_sector_ser,2017,614.662
bol,sex_t,age_10yrbands_y35_44,eco_sector_ser,2018,632.507
bol,sex_t,age_10yrbands_y35_44,eco_sector_ser,2019,685.549
bol,sex_t,age_10yrbands_y35_44,eco_sector_ser,2020,729.291
bol,sex_t,age_10yrbands_y35_44,eco_sector_ser,2021,743.348
bol,sex_t,age_10yrbands_y35_44,eco_sector_ser,2022,804.734
bol,sex_t,age_10yrbands_y35_44,eco_sector_ser,2023,822.548
bol,sex_t,age_10yrbands_y35_44,eco_sector_ser,2024,857.748
bol,sex_t,age_10yrbands_y35_44,eco_sector_total,1989,207.736
bol,sex_t,age_10yrbands_y35_44,eco_sector_total,1990,224.524
bol,sex_t,age_10yrbands_y35_44,eco_sector_total,1991,233.321
bol,sex_t,age_10yrbands_y35_44,eco_sector_total,1992,246.261
bol,sex_t,age_10yrbands_y35_44,eco_sector_total,1993,258.045
bol,sex_t,age_10yrbands_y35_44,eco_sector_total,1994,280.878
bol,sex_t,age_10yrbands_y35_44,eco_sector_total,1995,304.563
bol,sex_t,age_10yrbands_y35_44,eco_sector_total,1999,848.364
bol,sex_t,age_10yrbands_y35_44,eco_sector_total,2000,783.205
bol,sex_t,age_10yrbands_y35_44,eco_sector_total,2001,736.414
bol,sex_t,age_10yrbands_y35_44,eco_sector_total,2002,765.789
bol,sex_t,age_10yrbands_y35_44,eco_sector_total,2005,865.567
bol,sex_t,age_10yrbands_y35_44,eco_sector_total,2006,909.771
bol,sex_t,age_10yrbands_y35_44,eco_sector_total,2007,963.002
bol,sex_t,age_10yrbands_y35_44,eco_sector_total,2008,1043.138
bol,sex_t,age_10yrbands_y35_44,eco_sector_total,2009,976.335
bol,sex_t,age_10yrbands_y35_44,eco_sector_total,2011,978.433
bol,sex_t,age_10yrbands_y35_44,eco_sector_total,2012,1034.116
bol,sex_t,age_10yrbands_y35_44,eco_sector_total,2013,1062.354
bol,sex_t,age_10yrbands_y35_44,eco_sector_total,2014,1055.2
bol,sex_t,age_10yrbands_y35_44,eco_sector_total,2015,1098.723
bol,sex_t,age_10yrbands_y35_44,eco_sector_total,2016,1068.014
bol,sex_t,age_10yrbands_y35_44,eco_sector_total,2017,1115.698
bol,sex_t,age_10yrbands_y35_44,eco_sector_total,2018,1140.963
bol,sex_t,age_10yrbands_y35_44,eco_sector_total,2019,1218.125
bol,sex_t,age_10yrbands_y35_44,eco_sector_total,2020,1255.571
bol,sex_t,age_10yrbands_y35_44,eco_sector_total,2021,1287.992
bol,sex_t,age_10yrbands_y35_44,eco_sector_total,2022,1374.193
bol,sex_t,age_10yrbands_y35_44,eco_sector_total,2023,1385.749
bol,sex_t,age_10yrbands_y35_44,eco_sector_total,2024,1420.214
bol,sex_t,age_10yrbands_y35_44,eco_sector_x,1989,5.396
bol,sex_t,age_10yrbands_y35_44,eco_sector_x,1990,4.914
bol,sex_t,age_10yrbands_y35_44,eco_sector_x,1999,70.467
bol,sex_t,age_10yrbands_y35_44,eco_sector_x,2000,6.702
bol,sex_t,age_10yrbands_y35_44,eco_sector_x,2001,6.553
bol,sex_t,age_10yrbands_y35_44,eco_sector_x,2021,0.744
bol,sex_t,age_10yrbands_y35_44,eco_sector_x,2022,1.052
bol,sex_t,age_10yrbands_y35_44,eco_sector_x,2023,1.136
bol,sex_t,age_10yrbands_y35_44,eco_sector_x,2024,1.936
bol,sex_t,age_10yrbands_y45_54,eco_aggregate_agr,1991,2.992
bol,sex_t,age_10yrbands_y45_54,eco_aggregate_agr,1992,4.515
bol,sex_t,age_10yrbands_y45_54,eco_aggregate_agr,1993,3.609
bol,sex_t,age_10yrbands_y45_54,eco_aggregate_agr,1994,2.806
bol,sex_t,age_10yrbands_y45_54,eco_aggregate_agr,1995,5.392
bol,sex_t,age_10yrbands_y45_54,eco_aggregate_agr,2000,190.503
bol,sex_t,age_10yrbands_y45_54,eco_aggregate_agr,2001,219.355
bol,sex_t,age_10yrbands_y45_54,eco_aggregate_agr,2002,233.196
bol,sex_t,age_10yrbands_y45_54,eco_aggregate_agr,2005,221.805
bol,sex_t,age_10yrbands_y45_54,eco_aggregate_agr,2006,263.786
bol,sex_t,age_10yrbands_y45_54,eco_aggregate_agr,2007,221.099
bol,sex_t,age_10yrbands_y45_54,eco_aggregate_agr,2008,229.777
bol,sex_t,age_10yrbands_y45_54,eco_aggregate_agr,2009,243.322
bol,sex_t,age_10yrbands_y45_54,eco_aggregate_agr,2011,262.978
bol,sex_t,age_10yrbands_y45_54,eco_aggregate_agr,2012,233.494
bol,sex_t,age_10yrbands_y45_54,eco_aggregate_agr,2013,271.16
bol,sex_t,age_10yrbands_y45_54,eco_aggregate_agr,2014,281.155
bol,sex_t,age_10yrbands_y45_54,eco_aggregate_agr,2015,251.96
bol,sex_t,age_10yrbands_y45_54,eco_aggregate_agr,2016,252.567
bol,sex_t,age_10yrbands_y45_54,eco_aggregate_agr,2017,255.836
bol,sex_t,age_10yrbands_y45_54,eco_aggregate_agr,2018,283.887
bol,sex_t,age_10yrbands_y45_54,eco_aggregate_agr,2019,254.435
bol,sex_t,age_10yrbands_y45_54,eco_aggregate_agr,2020,278.929
bol,sex_t,age_10yrbands_y45_54,eco_aggregate_agr,2021,269.647
bol,sex_t,age_10yrbands_y45_54,eco_aggregate_agr,2022,254.028
bol,sex_t,age_10yrbands_y45_54,eco_aggregate_agr,2023,272.905
bol,sex_t,age_10yrbands_y45_54,eco_aggregate_agr,2024,240.712
bol,sex_t,age_10yrbands_y45_54,eco_aggregate_con,1991,9.449
bol,sex_t,age_10yrbands_y45_54,eco_aggregate_con,1992,10.398
bol,sex_t,age_10yrbands_y45_54,eco_aggregate_con,1993,13.791
bol,sex_t,age_10yrbands_y45_54,eco_aggregate_con,1994,15.547
bol,sex_t,age_10yrbands_y45_54,eco_aggregate_con,1995,13.266
bol,sex_t,age_10yrbands_y45_54,eco_aggregate_con,2000,42.446
bol,sex_t,age_10yrbands_y45_54,eco_aggregate_con,2001,28.529
bol,sex_t,age_10yrbands_y45_54,eco_aggregate_con,2002,35.356
bol,sex_t,age_10yrbands_y45_54,eco_aggregate_con,2005,49.417
bol,sex_t,age_10yrbands_y45_54,eco_aggregate_con,2006,41.74
bol,sex_t,age_10yrbands_y45_54,eco_aggregate_con,2007,58.807
bol,sex_t,age_10yrbands_y45_54,eco_aggregate_con,2008,56.702
bol,sex_t,age_10yrbands_y45_54,eco_aggregate_con,2009,62.837
bol,sex_t,age_10yrbands_y45_54,eco_aggregate_con,2011,61.059
bol,sex_t,age_10yrbands_y45_54,eco_aggregate_con,2012,57.848
bol,sex_t,age_10yrbands_y45_54,eco_aggregate_con,2013,56.304
bol,sex_t,age_10yrbands_y45_54,eco_aggregate_con,2014,63.983
bol,sex_t,age_10yrbands_y45_54,eco_aggregate_con,2015,66.915
bol,sex_t,age_10yrbands_y45_54,eco_aggregate_con,2016,66.933
bol,sex_t,age_10yrbands_y45_54,eco_aggregate_con,2017,66.814
bol,sex_t,age_10yrbands_y45_54,eco_aggregate_con,2018,68.696
bol,sex_t,age_10yrbands_y45_54,eco_aggregate_con,2019,67.017
bol,sex_t,age_10yrbands_y45_54,eco_aggregate_con,2020,72.736
bol,sex_t,age_10yrbands_y45_54,eco_aggregate_con,2021,74.174
bol,sex_t,age_10yrbands_y45_54,eco_aggregate_con,2022,72.783
bol,sex_t,age_10yrbands_y45_54,eco_aggregate_con,2023,77.93
bol,sex_t,age_10yrbands_y45_54,eco_aggregate_con,2024,93.59
bol,sex_t,age_10yrbands_y45_54,eco_aggregate_man,1989,17.27
bol,sex_t,age_10yrbands_y45_54,eco_aggregate_man,1990,17.119
bol,sex_t,age_10yrbands_y45_54,eco_aggregate_man,1991,20.792
bol,sex_t,age_10yrbands_y45_54,eco_aggregate_man,1992,21.168
bol,sex_t,age_10yrbands_y45_54,eco_aggregate_man,1993,22.067
bol,sex_t,age_10yrbands_y45_54,eco_aggregate_man,1994,20.722
bol,sex_t,age_10yrbands_y45_54,eco_aggregate_man,1995,21.164
bol,sex_t,age_10yrbands_y45_54,eco_aggregate_man,1999,68.721
bol,sex_t,age_10yrbands_y45_54,eco_aggregate_man,2000,39.479
bol,sex_t,age_10yrbands_y45_54,eco_aggregate_man,2001,50.072
bol,sex_t,age_10yrbands_y45_54,eco_aggregate_man,2002,59.122
bol,sex_t,age_10yrbands_y45_54,eco_aggregate_man,2005,56.409
bol,sex_t,age_10yrbands_y45_54,eco_aggregate_man,2006,65.954
bol,sex_t,age_10yrbands_y45_54,eco_aggregate_man,2007,74.311
bol,sex_t,age_10yrbands_y45_54,eco_aggregate_man,2008,86.23
bol,sex_t,age_10yrbands_y45_54,eco_aggregate_man,2009,72.334
bol,sex_t,age_10yrbands_y45_54,eco_aggregate_man,2011,52.434
bol,sex_t,age_10yrbands_y45_54,eco_aggregate_man,2012,55.729
bol,sex_t,age_10yrbands_y45_54,eco_aggregate_man,2013,61.638
bol,sex_t,age_10yrbands_y45_54,eco_aggregate_man,2014,72.118
bol,sex_t,age_10yrbands_y45_54,eco_aggregate_man,2015,69.705
bol,sex_t,age_10yrbands_y45_54,eco_aggregate_man,2016,80.8
bol,sex_t,age_10yrbands_y45_54,eco_aggregate_man,2017,83.65
bol,sex_t,age_10yrbands_y45_54,eco_aggregate_man,2018,90.021
bol,sex_t,age_10yrbands_y45_54,eco_aggregate_man,2019,104.272
bol,sex_t,age_10yrbands_y45_54,eco_aggregate_man,2020,81.239
bol,sex_t,age_10yrbands_y45_54,eco_aggregate_man,2021,119.109
bol,sex_t,age_10yrbands_y45_54,eco_aggregate_man,2022,104.153
bol,sex_t,age_10yrbands_y45_54,eco_aggregate_man,2023,122.106
bol,sex_t,age_10yrbands_y45_54,eco_aggregate_man,2024,135.548
bol,sex_t,age_10yrbands_y45_54,eco_aggregate_mel,1989,4.458
bol,sex_t,age_10yrbands_y45_54,eco_aggregate_mel,1990,2.49
bol,sex_t,age_10yrbands_y45_54,eco_aggregate_mel,1991,5.678
bol,sex_t,age_10yrbands_y45_54,eco_aggregate_mel,1992,4.097
bol,sex_t,age_10yrbands_y45_54,eco_aggregate_mel,1993,4.112
bol,sex_t,age_10yrbands_y45_54,eco_aggregate_mel,1994,4.444
bol,sex_t,age_10yrbands_y45_54,eco_aggregate_mel,1995,5.177
bol,sex_t,age_10yrbands_y45_54,eco_aggregate_mel,1999,36.512
bol,sex_t,age_10yrbands_y45_54,eco_aggregate_mel,2000,9.702
bol,sex_t,age_10yrbands_y45_54,eco_aggregate_mel,2001,9.236
bol,sex_t,age_10yrbands_y45_54,eco_aggregate_mel,2002,8.435
bol,sex_t,age_10yrbands_y45_54,eco_aggregate_mel,2005,11.422
bol,sex_t,age_10yrbands_y45_54,eco_aggregate_mel,2006,15.311
bol,sex_t,age_10yrbands_y45_54,eco_aggregate_mel,2007,16.145
bol,sex_t,age_10yrbands_y45_54,eco_aggregate_mel,2008,9.674
bol,sex_t,age_10yrbands_y45_54,eco_aggregate_mel,2009,16.723
bol,sex_t,age_10yrbands_y45_54,eco_aggregate_mel,2011,20.172
bol,sex_t,age_10yrbands_y45_54,eco_aggregate_mel,2012,29.939
bol,sex_t,age_10yrbands_y45_54,eco_aggregate_mel,2013,28.907
bol,sex_t,age_10yrbands_y45_54,eco_aggregate_mel,2014,20.874
bol,sex_t,age_10yrbands_y45_54,eco_aggregate_mel,2015,24.078
bol,sex_t,age_10yrbands_y45_54,eco_aggregate_mel,2016,19.574
bol,sex_t,age_10yrbands_y45_54,eco_aggregate_mel,2017,18.055
bol,sex_t,age_10yrbands_y45_54,eco_aggregate_mel,2018,20.157
bol,sex_t,age_10yrbands_y45_54,eco_aggregate_mel,2019,15.304
bol,sex_t,age_10yrbands_y45_54,eco_aggregate_mel,2020,17.934
bol,sex_t,age_10yrbands_y45_54,eco_aggregate_mel,2021,16.472
bol,sex_t,age_10yrbands_y45_54,eco_aggregate_mel,2022,16.964
bol,sex_t,age_10yrbands_y45_54,eco_aggregate_mel,2023,17.406
bol,sex_t,age_10yrbands_y45_54,eco_aggregate_mel,2024,19.319
bol,sex_t,age_10yrbands_y45_54,eco_aggregate_mkt,1989,53.26
bol,sex_t,age_10yrbands_y45_54,eco_aggregate_mkt,1990,48.692
bol,sex_t,age_10yrbands_y45_54,eco_aggregate_mkt,1991,51.79
bol,sex_t,age_10yrbands_y45_54,eco_aggregate_mkt,1992,53.099
bol,sex_t,age_10yrbands_y45_54,eco_aggregate_mkt,1993,62.378
bol,sex_t,age_10yrbands_y45_54,eco_aggregate_mkt,1994,71.701
bol,sex_t,age_10yrbands_y45_54,eco_aggregate_mkt,1995,74.352
bol,sex_t,age_10yrbands_y45_54,eco_aggregate_mkt,1999,448.143
bol,sex_t,age_10yrbands_y45_54,eco_aggregate_mkt,2000,165.541
bol,sex_t,age_10yrbands_y45_54,eco_aggregate_mkt,2001,148.196
bol,sex_t,age_10yrbands_y45_54,eco_aggregate_mkt,2002,157.962
bol,sex_t,age_10yrbands_y45_54,eco_aggregate_mkt,2005,198.451
bol,sex_t,age_10yrbands_y45_54,eco_aggregate_mkt,2006,196.972
bol,sex_t,age_10yrbands_y45_54,eco_aggregate_mkt,2007,190.339
bol,sex_t,age_10yrbands_y45_54,eco_aggregate_mkt,2008,216.604
bol,sex_t,age_10yrbands_y45_54,eco_aggregate_mkt,2009,262.565
bol,sex_t,age_10yrbands_y45_54,eco_aggregate_mkt,2011,264.607
bol,sex_t,age_10yrbands_y45_54,eco_aggregate_mkt,2012,278.299
bol,sex_t,age_10yrbands_y45_54,eco_aggregate_mkt,2013,282.956
bol,sex_t,age_10yrbands_y45_54,eco_aggregate_mkt,2014,281.31
bol,sex_t,age_10yrbands_y45_54,eco_aggregate_mkt,2015,290.831
bol,sex_t,age_10yrbands_y45_54,eco_aggregate_mkt,2016,289.596
bol,sex_t,age_10yrbands_y45_54,eco_aggregate_mkt,2017,300.914
bol,sex_t,age_10yrbands_y45_54,eco_aggregate_mkt,2018,303.282
bol,sex_t,age_10yrbands_y45_54,eco_aggregate_mkt,2019,328.848
bol,sex_t,age_10yrbands_y45_54,eco_aggregate_mkt,2020,390.026
bol,sex_t,age_10yrbands_y45_54,eco_aggregate_mkt,2021,366.524
bol,sex_t,age_10yrbands_y45_54,eco_aggregate_mkt,2022,382.664
bol,sex_t,age_10yrbands_y45_54,eco_aggregate_mkt,2023,388.13
bol,sex_t,age_10yrbands_y45_54,eco_aggregate_mkt,2024,418.832
bol,sex_t,age_10yrbands_y45_54,eco_aggregate_pub,1989,41.135
bol,sex_t,age_10yrbands_y45_54,eco_aggregate_pub,1990,45.341
bol,sex_t,age_10yrbands_y45_54,eco_aggregate_pub,1991,33.445
bol,sex_t,age_10yrbands_y45_54,eco_aggregate_pub,1992,34.398
bol,sex_t,age_10yrbands_y45_54,eco_aggregate_pub,1993,37.114
bol,sex_t,age_10yrbands_y45_54,eco_aggregate_pub,1994,43.535
bol,sex_t,age_10yrbands_y45_54,eco_aggregate_pub,1995,40.422
bol,sex_t,age_10yrbands_y45_54,eco_aggregate_pub,1999,41.608
bol,sex_t,age_10yrbands_y45_54,eco_aggregate_pub,2000,95.436
bol,sex_t,age_10yrbands_y45_54,eco_aggregate_pub,2001,83.134
bol,sex_t,age_10yrbands_y45_54,eco_aggregate_pub,2002,92.584
bol,sex_t,age_10yrbands_y45_54,eco_aggregate_pub,2005,116.377
bol,sex_t,age_10yrbands_y45_54,eco_aggregate_pub,2006,134.918
bol,sex_t,age_10yrbands_y45_54,eco_aggregate_pub,2007,167.825
bol,sex_t,age_10yrbands_y45_54,eco_aggregate_pub,2008,159.069
bol,sex_t,age_10yrbands_y45_54,eco_aggregate_pub,2009,139.55
bol,sex_t,age_10yrbands_y45_54,eco_aggregate_pub,2011,154.525
bol,sex_t,age_10yrbands_y45_54,eco_aggregate_pub,2012,139.684
bol,sex_t,age_10yrbands_y45_54,eco_aggregate_pub,2013,175.982
bol,sex_t,age_10yrbands_y45_54,eco_aggregate_pub,2014,139.13
bol,sex_t,age_10yrbands_y45_54,eco_aggregate_pub,2015,142.156
bol,sex_t,age_10yrbands_y45_54,eco_aggregate_pub,2016,138.786
bol,sex_t,age_10yrbands_y45_54,eco_aggregate_pub,2017,145.068
bol,sex_t,age_10yrbands_y45_54,eco_aggregate_pub,2018,151.586
bol,sex_t,age_10yrbands_y45_54,eco_aggregate_pub,2019,166.013
bol,sex_t,age_10yrbands_y45_54,eco_aggregate_pub,2020,166.336
bol,sex_t,age_10yrbands_y45_54,eco_aggregate_pub,2021,161.347
bol,sex_t,age_10yrbands_y45_54,eco_aggregate_pub,2022,173.694
bol,sex_t,age_10yrbands_y45_54,eco_aggregate_pub,2023,189.856
bol,sex_t,age_10yrbands_y45_54,eco_aggregate_pub,2024,192.77
bol,sex_t,age_10yrbands_y45_54,eco_aggregate_total,1989,118.348
bol,sex_t,age_10yrbands_y45_54,eco_aggregate_total,1990,115.763
bol,sex_t,age_10yrbands_y45_54,eco_aggregate_total,1991,124.146
bol,sex_t,age_10yrbands_y45_54,eco_aggregate_total,1992,127.826
bol,sex_t,age_10yrbands_y45_54,eco_aggregate_total,1993,143.071
bol,sex_t,age_10yrbands_y45_54,eco_aggregate_total,1994,158.755
bol,sex_t,age_10yrbands_y45_54,eco_aggregate_total,1995,160.076
bol,sex_t,age_10yrbands_y45_54,eco_aggregate_total,1999,628.28
bol,sex_t,age_10yrbands_y45_54,eco_aggregate_total,2000,549.862
bol,sex_t,age_10yrbands_y45_54,eco_aggregate_total,2001,542.378
bol,sex_t,age_10yrbands_y45_54,eco_aggregate_total,2002,586.655
bol,sex_t,age_10yrbands_y45_54,eco_aggregate_total,2005,653.881
bol,sex_t,age_10yrbands_y45_54,eco_aggregate_total,2006,718.681
bol,sex_t,age_10yrbands_y45_54,eco_aggregate_total,2007,728.526
bol,sex_t,age_10yrbands_y45_54,eco_aggregate_total,2008,758.056
bol,sex_t,age_10yrbands_y45_54,eco_aggregate_total,2009,797.331
bol,sex_t,age_10yrbands_y45_54,eco_aggregate_total,2011,815.775
bol,sex_t,age_10yrbands_y45_54,eco_aggregate_total,2012,794.993
bol,sex_t,age_10yrbands_y45_54,eco_aggregate_total,2013,877.107
bol,sex_t,age_10yrbands_y45_54,eco_aggregate_total,2014,858.57
bol,sex_t,age_10yrbands_y45_54,eco_aggregate_total,2015,846.092
bol,sex_t,age_10yrbands_y45_54,eco_aggregate_total,2016,848.257
bol,sex_t,age_10yrbands_y45_54,eco_aggregate_total,2017,870.38
bol,sex_t,age_10yrbands_y45_54,eco_aggregate_total,2018,917.629
bol,sex_t,age_10yrbands_y45_54,eco_aggregate_total,2019,935.889
bol,sex_t,age_10yrbands_y45_54,eco_aggregate_total,2020,1007.807
bol,sex_t,age_10yrbands_y45_54,eco_aggregate_total,2021,1007.532
bol,sex_t,age_10yrbands_y45_54,eco_aggregate_total,2022,1004.609
bol,sex_t,age_10yrbands_y45_54,eco_aggregate_total,2023,1068.535
bol,sex_t,age_10yrbands_y45_54,eco_aggregate_total,2024,1100.937
bol,sex_t,age_10yrbands_y45_54,eco_aggregate_x,1989,2.224
bol,sex_t,age_10yrbands_y45_54,eco_aggregate_x,1990,2.121
bol,sex_t,age_10yrbands_y45_54,eco_aggregate_x,1999,31.683
bol,sex_t,age_10yrbands_y45_54,eco_aggregate_x,2000,6.755
bol,sex_t,age_10yrbands_y45_54,eco_aggregate_x,2001,3.856
bol,sex_t,age_10yrbands_y45_54,eco_sector_agr,1991,2.992
bol,sex_t,age_10yrbands_y45_54,eco_sector_agr,1992,4.515
bol,sex_t,age_10yrbands_y45_54,eco_sector_agr,1993,3.609
bol,sex_t,age_10yrbands_y45_54,eco_sector_agr,1994,2.806
bol,sex_t,age_10yrbands_y45_54,eco_sector_agr,1995,5.392
bol,sex_t,age_10yrbands_y45_54,eco_sector_agr,2000,190.503
bol,sex_t,age_10yrbands_y45_54,eco_sector_agr,2001,219.355
bol,sex_t,age_10yrbands_y45_54,eco_sector_agr,2002,233.196
bol,sex_t,age_10yrbands_y45_54,eco_sector_agr,2005,221.805
bol,sex_t,age_10yrbands_y45_54,eco_sector_agr,2006,263.786
bol,sex_t,age_10yrbands_y45_54,eco_sector_agr,2007,221.099
bol,sex_t,age_10yrbands_y45_54,eco_sector_agr,2008,229.777
bol,sex_t,age_10yrbands_y45_54,eco_sector_agr,2009,243.322
bol,sex_t,age_10yrbands_y45_54,eco_sector_agr,2011,262.978
bol,sex_t,age_10yrbands_y45_54,eco_sector_agr,2012,233.494
bol,sex_t,age_10yrbands_y45_54,eco_sector_agr,2013,271.16
bol,sex_t,age_10yrbands_y45_54,eco_sector_agr,2014,281.155
bol,sex_t,age_10yrbands_y45_54,eco_sector_agr,2015,251.96
bol,sex_t,age_10yrbands_y45_54,eco_sector_agr,2016,252.567
bol,sex_t,age_10yrbands_y45_54,eco_sector_agr,2017,255.836
bol,sex_t,age_10yrbands_y45_54,eco_sector_agr,2018,283.887
bol,sex_t,age_10yrbands_y45_54,eco_sector_agr,2019,254.435
bol,sex_t,age_10yrbands_y45_54,eco_sector_agr,2020,278.929
bol,sex_t,age_10yrbands_y45_54,eco_sector_agr,2021,269.647
bol,sex_t,age_10yrbands_y45_54,eco_sector_agr,2022,254.028
bol,sex_t,age_10yrbands_y45_54,eco_sector_agr,2023,272.905
bol,sex_t,age_10yrbands_y45_54,eco_sector_agr,2024,240.712
bol,sex_t,age_10yrbands_y45_54,eco_sector_ind,1989,21.728
bol,sex_t,age_10yrbands_y45_54,eco_sector_ind,1990,19.609
bol,sex_t,age_10yrbands_y45_54,eco_sector_ind,1991,35.919
bol,sex_t,age_10yrbands_y45_54,eco_sector_ind,1992,35.663
bol,sex_t,age_10yrbands_y45_54,eco_sector_ind,1993,39.97
bol,sex_t,age_10yrbands_y45_54,eco_sector_ind,1994,40.713
bol,sex_t,age_10yrbands_y45_54,eco_sector_ind,1995,39.607
bol,sex_t,age_10yrbands_y45_54,eco_sector_ind,1999,105.233
bol,sex_t,age_10yrbands_y45_54,eco_sector_ind,2000,91.627
bol,sex_t,age_10yrbands_y45_54,eco_sector_ind,2001,87.837
bol,sex_t,age_10yrbands_y45_54,eco_sector_ind,2002,102.913
bol,sex_t,age_10yrbands_y45_54,eco_sector_ind,2005,117.248
bol,sex_t,age_10yrbands_y45_54,eco_sector_ind,2006,123.005
bol,sex_t,age_10yrbands_y45_54,eco_sector_ind,2007,149.263
bol,sex_t,age_10yrbands_y45_54,eco_sector_ind,2008,152.606
bol,sex_t,age_10yrbands_y45_54,eco_sector_ind,2009,151.894
bol,sex_t,age_10yrbands_y45_54,eco_sector_ind,2011,133.665
bol,sex_t,age_10yrbands_y45_54,eco_sector_ind,2012,143.516
bol,sex_t,age_10yrbands_y45_54,eco_sector_ind,2013,146.849
bol,sex_t,age_10yrbands_y45_54,eco_sector_ind,2014,156.975
bol,sex_t,age_10yrbands_y45_54,eco_sector_ind,2015,160.698
bol,sex_t,age_10yrbands_y45_54,eco_sector_ind,2016,167.307
bol,sex_t,age_10yrbands_y45_54,eco_sector_ind,2017,168.519
bol,sex_t,age_10yrbands_y45_54,eco_sector_ind,2018,178.874
bol,sex_t,age_10yrbands_y45_54,eco_sector_ind,2019,186.593
bol,sex_t,age_10yrbands_y45_54,eco_sector_ind,2020,171.909
bol,sex_t,age_10yrbands_y45_54,eco_sector_ind,2021,209.755
bol,sex_t,age_10yrbands_y45_54,eco_sector_ind,2022,193.9
bol,sex_t,age_10yrbands_y45_54,eco_sector_ind,2023,217.443
bol,sex_t,age_10yrbands_y45_54,eco_sector_ind,2024,248.457
bol,sex_t,age_10yrbands_y45_54,eco_sector_nag,1989,118.348
bol,sex_t,age_10yrbands_y45_54,eco_sector_nag,1990,115.763
bol,sex_t,age_10yrbands_y45_54,eco_sector_nag,1991,121.154
bol,sex_t,age_10yrbands_y45_54,eco_sector_nag,1992,123.311
bol,sex_t,age_10yrbands_y45_54,eco_sector_nag,1993,139.462
bol,sex_t,age_10yrbands_y45_54,eco_sector_nag,1994,155.949
bol,sex_t,age_10yrbands_y45_54,eco_sector_nag,1995,154.684
bol,sex_t,age_10yrbands_y45_54,eco_sector_nag,1999,626.667
bol,sex_t,age_10yrbands_y45_54,eco_sector_nag,2000,359.359
bol,sex_t,age_10yrbands_y45_54,eco_sector_nag,2001,323.023
bol,sex_t,age_10yrbands_y45_54,eco_sector_nag,2002,353.459
bol,sex_t,age_10yrbands_y45_54,eco_sector_nag,2005,432.076
bol,sex_t,age_10yrbands_y45_54,eco_sector_nag,2006,454.895
bol,sex_t,age_10yrbands_y45_54,eco_sector_nag,2007,507.427
bol,sex_t,age_10yrbands_y45_54,eco_sector_nag,2008,528.279
bol,sex_t,age_10yrbands_y45_54,eco_sector_nag,2009,554.009
bol,sex_t,age_10yrbands_y45_54,eco_sector_nag,2011,552.797
bol,sex_t,age_10yrbands_y45_54,eco_sector_nag,2012,561.499
bol,sex_t,age_10yrbands_y45_54,eco_sector_nag,2013,605.947
bol,sex_t,age_10yrbands_y45_54,eco_sector_nag,2014,577.415
bol,sex_t,age_10yrbands_y45_54,eco_sector_nag,2015,594.132
bol,sex_t,age_10yrbands_y45_54,eco_sector_nag,2016,595.69
bol,sex_t,age_10yrbands_y45_54,eco_sector_nag,2017,614.543
bol,sex_t,age_10yrbands_y45_54,eco_sector_nag,2018,633.742
bol,sex_t,age_10yrbands_y45_54,eco_sector_nag,2019,681.455
bol,sex_t,age_10yrbands_y45_54,eco_sector_nag,2020,728.878
bol,sex_t,age_10yrbands_y45_54,eco_sector_nag,2021,737.885
bol,sex_t,age_10yrbands_y45_54,eco_sector_nag,2022,750.582
bol,sex_t,age_10yrbands_y45_54,eco_sector_nag,2023,795.63
bol,sex_t,age_10yrbands_y45_54,eco_sector_nag,2024,860.225
bol,sex_t,age_10yrbands_y45_54,eco_sector_ser,1989,94.396
bol,sex_t,age_10yrbands_y45_54,eco_sector_ser,1990,94.033
bol,sex_t,age_10yrbands_y45_54,eco_sector_ser,1991,85.235
bol,sex_t,age_10yrbands_y45_54,eco_sector_ser,1992,87.497
bol,sex_t,age_10yrbands_y45_54,eco_sector_ser,1993,99.492
bol,sex_t,age_10yrbands_y45_54,eco_sector_ser,1994,115.236
bol,sex_t,age_10yrbands_y45_54,eco_sector_ser,1995,114.774
bol,sex_t,age_10yrbands_y45_54,eco_sector_ser,1999,489.751
bol,sex_t,age_10yrbands_y45_54,eco_sector_ser,2000,260.977
bol,sex_t,age_10yrbands_y45_54,eco_sector_ser,2001,231.33
bol,sex_t,age_10yrbands_y45_54,eco_sector_ser,2002,250.546
bol,sex_t,age_10yrbands_y45_54,eco_sector_ser,2005,314.828
bol,sex_t,age_10yrbands_y45_54,eco_sector_ser,2006,331.89
bol,sex_t,age_10yrbands_y45_54,eco_sector_ser,2007,358.164
bol,sex_t,age_10yrbands_y45_54,eco_sector_ser,2008,375.673
bol,sex_t,age_10yrbands_y45_54,eco_sector_ser,2009,402.115
bol,sex_t,age_10yrbands_y45_54,eco_sector_ser,2011,419.132
bol,sex_t,age_10yrbands_y45_54,eco_sector_ser,2012,417.983
bol,sex_t,age_10yrbands_y45_54,eco_sector_ser,2013,458.938
bol,sex_t,age_10yrbands_y45_54,eco_sector_ser,2014,420.44
bol,sex_t,age_10yrbands_y45_54,eco_sector_ser,2015,432.987
bol,sex_t,age_10yrbands_y45_54,eco_sector_ser,2016,428.383
bol,sex_t,age_10yrbands_y45_54,eco_sector_ser,2017,445.982
bol,sex_t,age_10yrbands_y45_54,eco_sector_ser,2018,454.868
bol,sex_t,age_10yrbands_y45_54,eco_sector_ser,2019,494.861
bol,sex_t,age_10yrbands_y45_54,eco_sector_ser,2020,556.362
bol,sex_t,age_10yrbands_y45_54,eco_sector_ser,2021,527.871
bol,sex_t,age_10yrbands_y45_54,eco_sector_ser,2022,556.359
bol,sex_t,age_10yrbands_y45_54,eco_sector_ser,2023,577.986
bol,sex_t,age_10yrbands_y45_54,eco_sector_ser,2024,611.603
bol,sex_t,age_10yrbands_y45_54,eco_sector_total,1989,118.348
bol,sex_t,age_10yrbands_y45_54,eco_sector_total,1990,115.763
bol,sex_t,age_10yrbands_y45_54,eco_sector_total,1991,124.146
bol,sex_t,age_10yrbands_y45_54,eco_sector_total,1992,127.826
bol,sex_t,age_10yrbands_y45_54,eco_sector_total,1993,143.071
bol,sex_t,age_10yrbands_y45_54,eco_sector_total,1994,158.755
bol,sex_t,age_10yrbands_y45_54,eco_sector_total,1995,160.076
bol,sex_t,age_10yrbands_y45_54,eco_sector_total,1999,628.28
bol,sex_t,age_10yrbands_y45_54,eco_sector_total,2000,549.862
bol,sex_t,age_10yrbands_y45_54,eco_sector_total,2001,542.378
bol,sex_t,age_10yrbands_y45_54,eco_sector_total,2002,586.655
bol,sex_t,age_10yrbands_y45_54,eco_sector_total,2005,653.881
bol,sex_t,age_10yrbands_y45_54,eco_sector_total,2006,718.681
bol,sex_t,age_10yrbands_y45_54,eco_sector_total,2007,728.526
bol,sex_t,age_10yrbands_y45_54,eco_sector_total,2008,758.056
bol,sex_t,age_10yrbands_y45_54,eco_sector_total,2009,797.331
bol,sex_t,age_10yrbands_y45_54,eco_sector_total,2011,815.775
bol,sex_t,age_10yrbands_y45_54,eco_sector_total,2012,794.993
bol,sex_t,age_10yrbands_y45_54,eco_sector_total,2013,877.107
bol,sex_t,age_10yrbands_y45_54,eco_sector_total,2014,858.57
bol,sex_t,age_10yrbands_y45_54,eco_sector_total,2015,846.092
bol,sex_t,age_10yrbands_y45_54,eco_sector_total,2016,848.257
bol,sex_t,age_10yrbands_y45_54,eco_sector_total,2017,870.38
bol,sex_t,age_10yrbands_y45_54,eco_sector_total,2018,917.629
bol,sex_t,age_10yrbands_y45_54,eco_sector_total,2019,935.889
bol,sex_t,age_10yrbands_y45_54,eco_sector_total,2020,1007.807
bol,sex_t,age_10yrbands_y45_54,eco_sector_total,2021,1007.532
bol,sex_t,age_10yrbands_y45_54,eco_sector_total,2022,1004.609
bol,sex_t,age_10yrbands_y45_54,eco_sector_total,2023,1068.535
bol,sex_t,age_10yrbands_y45_54,eco_sector_total,2024,1100.937
bol,sex_t,age_10yrbands_y45_54,eco_sector_x,1989,2.224
bol,sex_t,age_10yrbands_y45_54,eco_sector_x,1990,2.121
bol,sex_t,age_10yrbands_y45_54,eco_sector_x,1999,31.683
bol,sex_t,age_10yrbands_y45_54,eco_sector_x,2000,6.755
bol,sex_t,age_10yrbands_y45_54,eco_sector_x,2001,3.856
bol,sex_t,age_10yrbands_y55_64,eco_aggregate_agr,1991,2.159
bol,sex_t,age_10yrbands_y55_64,eco_aggregate_agr,1992,2.377
bol,sex_t,age_10yrbands_y55_64,eco_aggregate_agr,1993,2.449
bol,sex_t,age_10yrbands_y55_64,eco_aggregate_agr,1994,2.286
bol,sex_t,age_10yrbands_y55_64,eco_aggregate_agr,1995,3.678
bol,sex_t,age_10yrbands_y55_64,eco_aggregate_agr,2000,149.358
bol,sex_t,age_10yrbands_y55_64,eco_aggregate_agr,2001,163.308
bol,sex_t,age_10yrbands_y55_64,eco_aggregate_agr,2002,146.331
bol,sex_t,age_10yrbands_y55_64,eco_aggregate_agr,2005,170.843
bol,sex_t,age_10yrbands_y55_64,eco_aggregate_agr,2006,187.556
bol,sex_t,age_10yrbands_y55_64,eco_aggregate_agr,2007,184.795
bol,sex_t,age_10yrbands_y55_64,eco_aggregate_agr,2008,223.37
bol,sex_t,age_10yrbands_y55_64,eco_aggregate_agr,2009,223.405
bol,sex_t,age_10yrbands_y55_64,eco_aggregate_agr,2011,219.03
bol,sex_t,age_10yrbands_y55_64,eco_aggregate_agr,2012,201.621
bol,sex_t,age_10yrbands_y55_64,eco_aggregate_agr,2013,249.78
bol,sex_t,age_10yrbands_y55_64,eco_aggregate_agr,2014,253.582
bol,sex_t,age_10yrbands_y55_64,eco_aggregate_agr,2015,255.609
bol,sex_t,age_10yrbands_y55_64,eco_aggregate_agr,2016,232.834
bol,sex_t,age_10yrbands_y55_64,eco_aggregate_agr,2017,259.589
bol,sex_t,age_10yrbands_y55_64,eco_aggregate_agr,2018,282.742
bol,sex_t,age_10yrbands_y55_64,eco_aggregate_agr,2019,263.486
bol,sex_t,age_10yrbands_y55_64,eco_aggregate_agr,2020,278.833
bol,sex_t,age_10yrbands_y55_64,eco_aggregate_agr,2021,269.294
bol,sex_t,age_10yrbands_y55_64,eco_aggregate_agr,2022,261.675
bol,sex_t,age_10yrbands_y55_64,eco_aggregate_agr,2023,271.365
bol,sex_t,age_10yrbands_y55_64,eco_aggregate_agr,2024,280.495
bol,sex_t,age_10yrbands_y55_64,eco_aggregate_con,1991,4.649
bol,sex_t,age_10yrbands_y55_64,eco_aggregate_con,1992,3.944
bol,sex_t,age_10yrbands_y55_64,eco_aggregate_con,1993,5.359
bol,sex_t,age_10yrbands_y55_64,eco_aggregate_con,1994,4.843
bol,sex_t,age_10yrbands_y55_64,eco_aggregate_con,1995,2.854
bol,sex_t,age_10yrbands_y55_64,eco_aggregate_con,2000,11.619
bol,sex_t,age_10yrbands_y55_64,eco_aggregate_con,2001,16.902
bol,sex_t,age_10yrbands_y55_64,eco_aggregate_con,2002,12.806
bol,sex_t,age_10yrbands_y55_64,eco_aggregate_con,2005,13.076
bol,sex_t,age_10yrbands_y55_64,eco_aggregate_con,2006,16.005
bol,sex_t,age_10yrbands_y55_64,eco_aggregate_con,2007,20.38
bol,sex_t,age_10yrbands_y55_64,eco_aggregate_con,2008,24.974
bol,sex_t,age_10yrbands_y55_64,eco_aggregate_con,2009,31.464
bol,sex_t,age_10yrbands_y55_64,eco_aggregate_con,2011,33.375
bol,sex_t,age_10yrbands_y55_64,eco_aggregate_con,2012,28.488
bol,sex_t,age_10yrbands_y55_64,eco_aggregate_con,2013,31.315
bol,sex_t,age_10yrbands_y55_64,eco_aggregate_con,2014,36.523
bol,sex_t,age_10yrbands_y55_64,eco_aggregate_con,2015,31.883
bol,sex_t,age_10yrbands_y55_64,eco_aggregate_con,2016,33.543
bol,sex_t,age_10yrbands_y55_64,eco_aggregate_con,2017,36.074
bol,sex_t,age_10yrbands_y55_64,eco_aggregate_con,2018,32.099
bol,sex_t,age_10yrbands_y55_64,eco_aggregate_con,2019,36.157
bol,sex_t,age_10yrbands_y55_64,eco_aggregate_con,2020,39.249
bol,sex_t,age_10yrbands_y55_64,eco_aggregate_con,2021,39.589
bol,sex_t,age_10yrbands_y55_64,eco_aggregate_con,2022,42.332
bol,sex_t,age_10yrbands_y55_64,eco_aggregate_con,2023,40.897
bol,sex_t,age_10yrbands_y55_64,eco_aggregate_con,2024,42.59
bol,sex_t,age_10yrbands_y55_64,eco_aggregate_man,1989,8.23
bol,sex_t,age_10yrbands_y55_64,eco_aggregate_man,1990,6.506
bol,sex_t,age_10yrbands_y55_64,eco_aggregate_man,1991,7.137
bol,sex_t,age_10yrbands_y55_64,eco_aggregate_man,1992,9.272
bol,sex_t,age_10yrbands_y55_64,eco_aggregate_man,1993,7.776
bol,sex_t,age_10yrbands_y55_64,eco_aggregate_man,1994,7.718
bol,sex_t,age_10yrbands_y55_64,eco_aggregate_man,1995,10.686
bol,sex_t,age_10yrbands_y55_64,eco_aggregate_man,1999,24.129
bol,sex_t,age_10yrbands_y55_64,eco_aggregate_man,2000,23.365
bol,sex_t,age_10yrbands_y55_64,eco_aggregate_man,2001,14.143
bol,sex_t,age_10yrbands_y55_64,eco_aggregate_man,2002,28.623
bol,sex_t,age_10yrbands_y55_64,eco_aggregate_man,2005,37.398
bol,sex_t,age_10yrbands_y55_64,eco_aggregate_man,2006,34.472
bol,sex_t,age_10yrbands_y55_64,eco_aggregate_man,2007,35.185
bol,sex_t,age_10yrbands_y55_64,eco_aggregate_man,2008,41.456
bol,sex_t,age_10yrbands_y55_64,eco_aggregate_man,2009,37.1
bol,sex_t,age_10yrbands_y55_64,eco_aggregate_man,2011,23.273
bol,sex_t,age_10yrbands_y55_64,eco_aggregate_man,2012,31.185
bol,sex_t,age_10yrbands_y55_64,eco_aggregate_man,2013,34.016
bol,sex_t,age_10yrbands_y55_64,eco_aggregate_man,2014,38.407
bol,sex_t,age_10yrbands_y55_64,eco_aggregate_man,2015,35.968
bol,sex_t,age_10yrbands_y55_64,eco_aggregate_man,2016,45.962
bol,sex_t,age_10yrbands_y55_64,eco_aggregate_man,2017,48.845
bol,sex_t,age_10yrbands_y55_64,eco_aggregate_man,2018,54.429
bol,sex_t,age_10yrbands_y55_64,eco_aggregate_man,2019,66.847
bol,sex_t,age_10yrbands_y55_64,eco_aggregate_man,2020,42.648
bol,sex_t,age_10yrbands_y55_64,eco_aggregate_man,2021,68.856
bol,sex_t,age_10yrbands_y55_64,eco_aggregate_man,2022,76.794
bol,sex_t,age_10yrbands_y55_64,eco_aggregate_man,2023,73.913
bol,sex_t,age_10yrbands_y55_64,eco_aggregate_man,2024,86.616
bol,sex_t,age_10yrbands_y55_64,eco_aggregate_mel,1989,2.292
bol,sex_t,age_10yrbands_y55_64,eco_aggregate_mel,1990,0.964
bol,sex_t,age_10yrbands_y55_64,eco_aggregate_mel,1991,1.604
bol,sex_t,age_10yrbands_y55_64,eco_aggregate_mel,1992,1.84
bol,sex_t,age_10yrbands_y55_64,eco_aggregate_mel,1993,0.931
bol,sex_t,age_10yrbands_y55_64,eco_aggregate_mel,1994,0.764
bol,sex_t,age_10yrbands_y55_64,eco_aggregate_mel,1995,1.127
bol,sex_t,age_10yrbands_y55_64,eco_aggregate_mel,1999,9.727
bol,sex_t,age_10yrbands_y55_64,eco_aggregate_mel,2000,3.63
bol,sex_t,age_10yrbands_y55_64,eco_aggregate_mel,2001,5.426
bol,sex_t,age_10yrbands_y55_64,eco_aggregate_mel,2002,3.323
bol,sex_t,age_10yrbands_y55_64,eco_aggregate_mel,2005,5.163
bol,sex_t,age_10yrbands_y55_64,eco_aggregate_mel,2006,3.62
bol,sex_t,age_10yrbands_y55_64,eco_aggregate_mel,2007,5.191
bol,sex_t,age_10yrbands_y55_64,eco_aggregate_mel,2008,6.431
bol,sex_t,age_10yrbands_y55_64,eco_aggregate_mel,2009,6.457
bol,sex_t,age_10yrbands_y55_64,eco_aggregate_mel,2011,12.554
bol,sex_t,age_10yrbands_y55_64,eco_aggregate_mel,2012,13.214
bol,sex_t,age_10yrbands_y55_64,eco_aggregate_mel,2013,12.618
bol,sex_t,age_10yrbands_y55_64,eco_aggregate_mel,2014,8.513
bol,sex_t,age_10yrbands_y55_64,eco_aggregate_mel,2015,12.335
bol,sex_t,age_10yrbands_y55_64,eco_aggregate_mel,2016,9.339
bol,sex_t,age_10yrbands_y55_64,eco_aggregate_mel,2017,6.994
bol,sex_t,age_10yrbands_y55_64,eco_aggregate_mel,2018,10.719
bol,sex_t,age_10yrbands_y55_64,eco_aggregate_mel,2019,7.886
bol,sex_t,age_10yrbands_y55_64,eco_aggregate_mel,2020,6.874
bol,sex_t,age_10yrbands_y55_64,eco_aggregate_mel,2021,9.862
bol,sex_t,age_10yrbands_y55_64,eco_aggregate_mel,2022,10.21
bol,sex_t,age_10yrbands_y55_64,eco_aggregate_mel,2023,8.741
bol,sex_t,age_10yrbands_y55_64,eco_aggregate_mel,2024,10.87
bol,sex_t,age_10yrbands_y55_64,eco_aggregate_mkt,1989,27.532
bol,sex_t,age_10yrbands_y55_64,eco_aggregate_mkt,1990,26.113
bol,sex_t,age_10yrbands_y55_64,eco_aggregate_mkt,1991,25.253
bol,sex_t,age_10yrbands_y55_64,eco_aggregate_mkt,1992,24.395
bol,sex_t,age_10yrbands_y55_64,eco_aggregate_mkt,1993,32.64
bol,sex_t,age_10yrbands_y55_64,eco_aggregate_mkt,1994,28.557
bol,sex_t,age_10yrbands_y55_64,eco_aggregate_mkt,1995,29.835
bol,sex_t,age_10yrbands_y55_64,eco_aggregate_mkt,1999,264.154
bol,sex_t,age_10yrbands_y55_64,eco_aggregate_mkt,2000,66.14
bol,sex_t,age_10yrbands_y55_64,eco_aggregate_mkt,2001,60.004
bol,sex_t,age_10yrbands_y55_64,eco_aggregate_mkt,2002,71.982
bol,sex_t,age_10yrbands_y55_64,eco_aggregate_mkt,2005,124.513
bol,sex_t,age_10yrbands_y55_64,eco_aggregate_mkt,2006,85.761
bol,sex_t,age_10yrbands_y55_64,eco_aggregate_mkt,2007,90.615
bol,sex_t,age_10yrbands_y55_64,eco_aggregate_mkt,2008,140.689
bol,sex_t,age_10yrbands_y55_64,eco_aggregate_mkt,2009,121.737
bol,sex_t,age_10yrbands_y55_64,eco_aggregate_mkt,2011,153.865
bol,sex_t,age_10yrbands_y55_64,eco_aggregate_mkt,2012,163.04
bol,sex_t,age_10yrbands_y55_64,eco_aggregate_mkt,2013,174.247
bol,sex_t,age_10yrbands_y55_64,eco_aggregate_mkt,2014,167.548
bol,sex_t,age_10yrbands_y55_64,eco_aggregate_mkt,2015,177.808
bol,sex_t,age_10yrbands_y55_64,eco_aggregate_mkt,2016,186.833
bol,sex_t,age_10yrbands_y55_64,eco_aggregate_mkt,2017,198.107
bol,sex_t,age_10yrbands_y55_64,eco_aggregate_mkt,2018,215.993
bol,sex_t,age_10yrbands_y55_64,eco_aggregate_mkt,2019,238.28
bol,sex_t,age_10yrbands_y55_64,eco_aggregate_mkt,2020,229.067
bol,sex_t,age_10yrbands_y55_64,eco_aggregate_mkt,2021,229.203
bol,sex_t,age_10yrbands_y55_64,eco_aggregate_mkt,2022,242.893
bol,sex_t,age_10yrbands_y55_64,eco_aggregate_mkt,2023,259.719
bol,sex_t,age_10yrbands_y55_64,eco_aggregate_mkt,2024,280.226
bol,sex_t,age_10yrbands_y55_64,eco_aggregate_pub,1989,15.743
bol,sex_t,age_10yrbands_y55_64,eco_aggregate_pub,1990,16.388
bol,sex_t,age_10yrbands_y55_64,eco_aggregate_pub,1991,15.333
bol,sex_t,age_10yrbands_y55_64,eco_aggregate_pub,1992,11.591
bol,sex_t,age_10yrbands_y55_64,eco_aggregate_pub,1993,14.027
bol,sex_t,age_10yrbands_y55_64,eco_aggregate_pub,1994,11.824
bol,sex_t,age_10yrbands_y55_64,eco_aggregate_pub,1995,13.165
bol,sex_t,age_10yrbands_y55_64,eco_aggregate_pub,1999,23.73
bol,sex_t,age_10yrbands_y55_64,eco_aggregate_pub,2000,33.146
bol,sex_t,age_10yrbands_y55_64,eco_aggregate_pub,2001,26.501
bol,sex_t,age_10yrbands_y55_64,eco_aggregate_pub,2002,27.976
bol,sex_t,age_10yrbands_y55_64,eco_aggregate_pub,2005,42.329
bol,sex_t,age_10yrbands_y55_64,eco_aggregate_pub,2006,50.598
bol,sex_t,age_10yrbands_y55_64,eco_aggregate_pub,2007,56.293
bol,sex_t,age_10yrbands_y55_64,eco_aggregate_pub,2008,49.965
bol,sex_t,age_10yrbands_y55_64,eco_aggregate_pub,2009,77.456
bol,sex_t,age_10yrbands_y55_64,eco_aggregate_pub,2011,82.363
bol,sex_t,age_10yrbands_y55_64,eco_aggregate_pub,2012,86.927
bol,sex_t,age_10yrbands_y55_64,eco_aggregate_pub,2013,89.013
bol,sex_t,age_10yrbands_y55_64,eco_aggregate_pub,2014,85.681
bol,sex_t,age_10yrbands_y55_64,eco_aggregate_pub,2015,88.614
bol,sex_t,age_10yrbands_y55_64,eco_aggregate_pub,2016,86.45
bol,sex_t,age_10yrbands_y55_64,eco_aggregate_pub,2017,87.033
bol,sex_t,age_10yrbands_y55_64,eco_aggregate_pub,2018,88.52
bol,sex_t,age_10yrbands_y55_64,eco_aggregate_pub,2019,97.996
bol,sex_t,age_10yrbands_y55_64,eco_aggregate_pub,2020,91.054
bol,sex_t,age_10yrbands_y55_64,eco_aggregate_pub,2021,90.238
bol,sex_t,age_10yrbands_y55_64,eco_aggregate_pub,2022,104.218
bol,sex_t,age_10yrbands_y55_64,eco_aggregate_pub,2023,112.096
bol,sex_t,age_10yrbands_y55_64,eco_aggregate_pub,2024,117.322
bol,sex_t,age_10yrbands_y55_64,eco_aggregate_total,1989,55.118
bol,sex_t,age_10yrbands_y55_64,eco_aggregate_total,1990,50.765
bol,sex_t,age_10yrbands_y55_64,eco_aggregate_total,1991,56.135
bol,sex_t,age_10yrbands_y55_64,eco_aggregate_total,1992,53.419
bol,sex_t,age_10yrbands_y55_64,eco_aggregate_total,1993,63.182
bol,sex_t,age_10yrbands_y55_64,eco_aggregate_total,1994,55.992
bol,sex_t,age_10yrbands_y55_64,eco_aggregate_total,1995,61.487
bol,sex_t,age_10yrbands_y55_64,eco_aggregate_total,1999,333.634
bol,sex_t,age_10yrbands_y55_64,eco_aggregate_total,2000,289.956
bol,sex_t,age_10yrbands_y55_64,eco_aggregate_total,2001,289.855
bol,sex_t,age_10yrbands_y55_64,eco_aggregate_total,2002,291.041
bol,sex_t,age_10yrbands_y55_64,eco_aggregate_total,2005,393.322
bol,sex_t,age_10yrbands_y55_64,eco_aggregate_total,2006,378.012
bol,sex_t,age_10yrbands_y55_64,eco_aggregate_total,2007,392.459
bol,sex_t,age_10yrbands_y55_64,eco_aggregate_total,2008,486.885
bol,sex_t,age_10yrbands_y55_64,eco_aggregate_total,2009,497.619
bol,sex_t,age_10yrbands_y55_64,eco_aggregate_total,2011,524.46
bol,sex_t,age_10yrbands_y55_64,eco_aggregate_total,2012,524.475
bol,sex_t,age_10yrbands_y55_64,eco_aggregate_total,2013,590.989
bol,sex_t,age_10yrbands_y55_64,eco_aggregate_total,2014,590.567
bol,sex_t,age_10yrbands_y55_64,eco_aggregate_total,2015,602.448
bol,sex_t,age_10yrbands_y55_64,eco_aggregate_total,2016,594.96
bol,sex_t,age_10yrbands_y55_64,eco_aggregate_total,2017,636.641
bol,sex_t,age_10yrbands_y55_64,eco_aggregate_total,2018,684.502
bol,sex_t,age_10yrbands_y55_64,eco_aggregate_total,2019,710.651
bol,sex_t,age_10yrbands_y55_64,eco_aggregate_total,2020,687.724
bol,sex_t,age_10yrbands_y55_64,eco_aggregate_total,2021,707.041
bol,sex_t,age_10yrbands_y55_64,eco_aggregate_total,2022,738.121
bol,sex_t,age_10yrbands_y55_64,eco_aggregate_total,2023,766.73
bol,sex_t,age_10yrbands_y55_64,eco_aggregate_total,2024,818.12
bol,sex_t,age_10yrbands_y55_64,eco_aggregate_x,1989,1.32
bol,sex_t,age_10yrbands_y55_64,eco_aggregate_x,1990,0.794
bol,sex_t,age_10yrbands_y55_64,eco_aggregate_x,1999,11.894
bol,sex_t,age_10yrbands_y55_64,eco_aggregate_x,2000,2.698
bol,sex_t,age_10yrbands_y55_64,eco_aggregate_x,2001,3.571
bol,sex_t,age_10yrbands_y55_64,eco_sector_agr,1991,2.159
bol,sex_t,age_10yrbands_y55_64,eco_sector_agr,1992,2.377
bol,sex_t,age_10yrbands_y55_64,eco_sector_agr,1993,2.449
bol,sex_t,age_10yrbands_y55_64,eco_sector_agr,1994,2.286
bol,sex_t,age_10yrbands_y55_64,eco_sector_agr,1995,3.678
bol,sex_t,age_10yrbands_y55_64,eco_sector_agr,2000,149.358
bol,sex_t,age_10yrbands_y55_64,eco_sector_agr,2001,163.308
bol,sex_t,age_10yrbands_y55_64,eco_sector_agr,2002,146.331
bol,sex_t,age_10yrbands_y55_64,eco_sector_agr,2005,170.843
bol,sex_t,age_10yrbands_y55_64,eco_sector_agr,2006,187.556
bol,sex_t,age_10yrbands_y55_64,eco_sector_agr,2007,184.795
bol,sex_t,age_10yrbands_y55_64,eco_sector_agr,2008,223.37
bol,sex_t,age_10yrbands_y55_64,eco_sector_agr,2009,223.405
bol,sex_t,age_10yrbands_y55_64,eco_sector_agr,2011,219.03
bol,sex_t,age_10yrbands_y55_64,eco_sector_agr,2012,201.621
bol,sex_t,age_10yrbands_y55_64,eco_sector_agr,2013,249.78
bol,sex_t,age_10yrbands_y55_64,eco_sector_agr,2014,253.582
bol,sex_t,age_10yrbands_y55_64,eco_sector_agr,2015,255.609
bol,sex_t,age_10yrbands_y55_64,eco_sector_agr,2016,232.834
bol,sex_t,age_10yrbands_y55_64,eco_sector_agr,2017,259.589
bol,sex_t,age_10yrbands_y55_64,eco_sector_agr,2018,282.742
bol,sex_t,age_10yrbands_y55_64,eco_sector_agr,2019,263.486
bol,sex_t,age_10yrbands_y55_64,eco_sector_agr,2020,278.833
bol,sex_t,age_10yrbands_y55_64,eco_sector_agr,2021,269.294
bol,sex_t,age_10yrbands_y55_64,eco_sector_agr,2022,261.675
bol,sex_t,age_10yrbands_y55_64,eco_sector_agr,2023,271.365
bol,sex_t,age_10yrbands_y55_64,eco_sector_agr,2024,280.495
bol,sex_t,age_10yrbands_y55_64,eco_sector_ind,1989,10.521
bol,sex_t,age_10yrbands_y55_64,eco_sector_ind,1990,7.47
bol,sex_t,age_10yrbands_y55_64,eco_sector_ind,1991,13.39
bol,sex_t,age_10yrbands_y55_64,eco_sector_ind,1992,15.056
bol,sex_t,age_10yrbands_y55_64,eco_sector_ind,1993,14.066
bol,sex_t,age_10yrbands_y55_64,eco_sector_ind,1994,13.325
bol,sex_t,age_10yrbands_y55_64,eco_sector_ind,1995,14.667
bol,sex_t,age_10yrbands_y55_64,eco_sector_ind,1999,33.856
bol,sex_t,age_10yrbands_y55_64,eco_sector_ind,2000,38.614
bol,sex_t,age_10yrbands_y55_64,eco_sector_ind,2001,36.471
bol,sex_t,age_10yrbands_y55_64,eco_sector_ind,2002,44.752
bol,sex_t,age_10yrbands_y55_64,eco_sector_ind,2005,55.637
bol,sex_t,age_10yrbands_y55_64,eco_sector_ind,2006,54.097
bol,sex_t,age_10yrbands_y55_64,eco_sector_ind,2007,60.756
bol,sex_t,age_10yrbands_y55_64,eco_sector_ind,2008,72.861
bol,sex_t,age_10yrbands_y55_64,eco_sector_ind,2009,75.021
bol,sex_t,age_10yrbands_y55_64,eco_sector_ind,2011,69.202
bol,sex_t,age_10yrbands_y55_64,eco_sector_ind,2012,72.887
bol,sex_t,age_10yrbands_y55_64,eco_sector_ind,2013,77.949
bol,sex_t,age_10yrbands_y55_64,eco_sector_ind,2014,83.443
bol,sex_t,age_10yrbands_y55_64,eco_sector_ind,2015,80.186
bol,sex_t,age_10yrbands_y55_64,eco_sector_ind,2016,88.844
bol,sex_t,age_10yrbands_y55_64,eco_sector_ind,2017,91.912
bol,sex_t,age_10yrbands_y55_64,eco_sector_ind,2018,97.246
bol,sex_t,age_10yrbands_y55_64,eco_sector_ind,2019,110.89
bol,sex_t,age_10yrbands_y55_64,eco_sector_ind,2020,88.77
bol,sex_t,age_10yrbands_y55_64,eco_sector_ind,2021,118.306
bol,sex_t,age_10yrbands_y55_64,eco_sector_ind,2022,129.336
bol,sex_t,age_10yrbands_y55_64,eco_sector_ind,2023,123.55
bol,sex_t,age_10yrbands_y55_64,eco_sector_ind,2024,140.077
bol,sex_t,age_10yrbands_y55_64,eco_sector_nag,1989,55.118
bol,sex_t,age_10yrbands_y55_64,eco_sector_nag,1990,50.765
bol,sex_t,age_10yrbands_y55_64,eco_sector_nag,1991,53.976
bol,sex_t,age_10yrbands_y55_64,eco_sector_nag,1992,51.042
bol,sex_t,age_10yrbands_y55_64,eco_sector_nag,1993,60.733
bol,sex_t,age_10yrbands_y55_64,eco_sector_nag,1994,53.706
bol,sex_t,age_10yrbands_y55_64,eco_sector_nag,1995,57.809
bol,sex_t,age_10yrbands_y55_64,eco_sector_nag,1999,333.634
bol,sex_t,age_10yrbands_y55_64,eco_sector_nag,2000,140.598
bol,sex_t,age_10yrbands_y55_64,eco_sector_nag,2001,126.547
bol,sex_t,age_10yrbands_y55_64,eco_sector_nag,2002,144.71
bol,sex_t,age_10yrbands_y55_64,eco_sector_nag,2005,222.479
bol,sex_t,age_10yrbands_y55_64,eco_sector_nag,2006,190.456
bol,sex_t,age_10yrbands_y55_64,eco_sector_nag,2007,207.664
bol,sex_t,age_10yrbands_y55_64,eco_sector_nag,2008,263.515
bol,sex_t,age_10yrbands_y55_64,eco_sector_nag,2009,274.214
bol,sex_t,age_10yrbands_y55_64,eco_sector_nag,2011,305.43
bol,sex_t,age_10yrbands_y55_64,eco_sector_nag,2012,322.854
bol,sex_t,age_10yrbands_y55_64,eco_sector_nag,2013,341.209
bol,sex_t,age_10yrbands_y55_64,eco_sector_nag,2014,336.985
bol,sex_t,age_10yrbands_y55_64,eco_sector_nag,2015,346.839
bol,sex_t,age_10yrbands_y55_64,eco_sector_nag,2016,362.127
bol,sex_t,age_10yrbands_y55_64,eco_sector_nag,2017,377.052
bol,sex_t,age_10yrbands_y55_64,eco_sector_nag,2018,401.76
bol,sex_t,age_10yrbands_y55_64,eco_sector_nag,2019,447.166
bol,sex_t,age_10yrbands_y55_64,eco_sector_nag,2020,408.891
bol,sex_t,age_10yrbands_y55_64,eco_sector_nag,2021,437.747
bol,sex_t,age_10yrbands_y55_64,eco_sector_nag,2022,476.446
bol,sex_t,age_10yrbands_y55_64,eco_sector_nag,2023,495.366
bol,sex_t,age_10yrbands_y55_64,eco_sector_nag,2024,537.625
bol,sex_t,age_10yrbands_y55_64,eco_sector_ser,1989,43.276
bol,sex_t,age_10yrbands_y55_64,eco_sector_ser,1990,42.501
bol,sex_t,age_10yrbands_y55_64,eco_sector_ser,1991,40.586
bol,sex_t,age_10yrbands_y55_64,eco_sector_ser,1992,35.986
bol,sex_t,age_10yrbands_y55_64,eco_sector_ser,1993,46.667
bol,sex_t,age_10yrbands_y55_64,eco_sector_ser,1994,40.381
bol,sex_t,age_10yrbands_y55_64,eco_sector_ser,1995,43
bol,sex_t,age_10yrbands_y55_64,eco_sector_ser,1999,287.884
bol,sex_t,age_10yrbands_y55_64,eco_sector_ser,2000,99.286
bol,sex_t,age_10yrbands_y55_64,eco_sector_ser,2001,86.505
bol,sex_t,age_10yrbands_y55_64,eco_sector_ser,2002,99.958
bol,sex_t,age_10yrbands_y55_64,eco_sector_ser,2005,166.842
bol,sex_t,age_10yrbands_y55_64,eco_sector_ser,2006,136.359
bol,sex_t,age_10yrbands_y55_64,eco_sector_ser,2007,146.908
bol,sex_t,age_10yrbands_y55_64,eco_sector_ser,2008,190.654
bol,sex_t,age_10yrbands_y55_64,eco_sector_ser,2009,199.193
bol,sex_t,age_10yrbands_y55_64,eco_sector_ser,2011,236.228
bol,sex_t,age_10yrbands_y55_64,eco_sector_ser,2012,249.967
bol,sex_t,age_10yrbands_y55_64,eco_sector_ser,2013,263.26
bol,sex_t,age_10yrbands_y55_64,eco_sector_ser,2014,253.229
bol,sex_t,age_10yrbands_y55_64,eco_sector_ser,2015,266.422
bol,sex_t,age_10yrbands_y55_64,eco_sector_ser,2016,273.282
bol,sex_t,age_10yrbands_y55_64,eco_sector_ser,2017,285.14
bol,sex_t,age_10yrbands_y55_64,eco_sector_ser,2018,304.513
bol,sex_t,age_10yrbands_y55_64,eco_sector_ser,2019,336.276
bol,sex_t,age_10yrbands_y55_64,eco_sector_ser,2020,320.121
bol,sex_t,age_10yrbands_y55_64,eco_sector_ser,2021,319.441
bol,sex_t,age_10yrbands_y55_64,eco_sector_ser,2022,347.11
bol,sex_t,age_10yrbands_y55_64,eco_sector_ser,2023,371.815
bol,sex_t,age_10yrbands_y55_64,eco_sector_ser,2024,397.548
bol,sex_t,age_10yrbands_y55_64,eco_sector_total,1989,55.118
bol,sex_t,age_10yrbands_y55_64,eco_sector_total,1990,50.765
bol,sex_t,age_10yrbands_y55_64,eco_sector_total,1991,56.135
bol,sex_t,age_10yrbands_y55_64,eco_sector_total,1992,53.419
bol,sex_t,age_10yrbands_y55_64,eco_sector_total,1993,63.182
bol,sex_t,age_10yrbands_y55_64,eco_sector_total,1994,55.992
bol,sex_t,age_10yrbands_y55_64,eco_sector_total,1995,61.487
bol,sex_t,age_10yrbands_y55_64,eco_sector_total,1999,333.634
bol,sex_t,age_10yrbands_y55_64,eco_sector_total,2000,289.956
bol,sex_t,age_10yrbands_y55_64,eco_sector_total,2001,289.855
bol,sex_t,age_10yrbands_y55_64,eco_sector_total,2002,291.041
bol,sex_t,age_10yrbands_y55_64,eco_sector_total,2005,393.322
bol,sex_t,age_10yrbands_y55_64,eco_sector_total,2006,378.012
bol,sex_t,age_10yrbands_y55_64,eco_sector_total,2007,392.459
bol,sex_t,age_10yrbands_y55_64,eco_sector_total,2008,486.885
bol,sex_t,age_10yrbands_y55_64,eco_sector_total,2009,497.619
bol,sex_t,age_10yrbands_y55_64,eco_sector_total,2011,524.46
bol,sex_t,age_10yrbands_y55_64,eco_sector_total,2012,524.475
bol,sex_t,age_10yrbands_y55_64,eco_sector_total,2013,590.989
bol,sex_t,age_10yrbands_y55_64,eco_sector_total,2014,590.567
bol,sex_t,age_10yrbands_y55_64,eco_sector_total,2015,602.448
bol,sex_t,age_10yrbands_y55_64,eco_sector_total,2016,594.96
bol,sex_t,age_10yrbands_y55_64,eco_sector_total,2017,636.641
bol,sex_t,age_10yrbands_y55_64,eco_sector_total,2018,684.502
bol,sex_t,age_10yrbands_y55_64,eco_sector_total,2019,710.651
bol,sex_t,age_10yrbands_y55_64,eco_sector_total,2020,687.724
bol,sex_t,age_10yrbands_y55_64,eco_sector_total,2021,707.041
bol,sex_t,age_10yrbands_y55_64,eco_sector_total,2022,738.121
bol,sex_t,age_10yrbands_y55_64,eco_sector_total,2023,766.73
bol,sex_t,age_10yrbands_y55_64,eco_sector_total,2024,818.12
bol,sex_t,age_10yrbands_y55_64,eco_sector_x,1989,1.32
bol,sex_t,age_10yrbands_y55_64,eco_sector_x,1990,0.794
bol,sex_t,age_10yrbands_y55_64,eco_sector_x,1999,11.894
bol,sex_t,age_10yrbands_y55_64,eco_sector_x,2000,2.698
bol,sex_t,age_10yrbands_y55_64,eco_sector_x,2001,3.571
bol,sex_t,age_10yrbands_yge65,eco_aggregate_agr,1991,1.387
bol,sex_t,age_10yrbands_yge65,eco_aggregate_agr,1992,1.476
bol,sex_t,age_10yrbands_yge65,eco_aggregate_agr,1993,1.323
bol,sex_t,age_10yrbands_yge65,eco_aggregate_agr,1994,1.303
bol,sex_t,age_10yrbands_yge65,eco_aggregate_agr,1995,1.694
bol,sex_t,age_10yrbands_yge65,eco_aggregate_agr,2000,131.363
bol,sex_t,age_10yrbands_yge65,eco_aggregate_agr,2001,156.984
bol,sex_t,age_10yrbands_yge65,eco_aggregate_agr,2002,147.336
bol,sex_t,age_10yrbands_yge65,eco_aggregate_agr,2005,202.939
bol,sex_t,age_10yrbands_yge65,eco_aggregate_agr,2006,180.347
bol,sex_t,age_10yrbands_yge65,eco_aggregate_agr,2007,210.429
bol,sex_t,age_10yrbands_yge65,eco_aggregate_agr,2008,190.968
bol,sex_t,age_10yrbands_yge65,eco_aggregate_agr,2009,197.471
bol,sex_t,age_10yrbands_yge65,eco_aggregate_agr,2011,179.858
bol,sex_t,age_10yrbands_yge65,eco_aggregate_agr,2012,195.291
bol,sex_t,age_10yrbands_yge65,eco_aggregate_agr,2013,281.772
bol,sex_t,age_10yrbands_yge65,eco_aggregate_agr,2014,236.221
bol,sex_t,age_10yrbands_yge65,eco_aggregate_agr,2015,233.764
bol,sex_t,age_10yrbands_yge65,eco_aggregate_agr,2016,214.976
bol,sex_t,age_10yrbands_yge65,eco_aggregate_agr,2017,264.626
bol,sex_t,age_10yrbands_yge65,eco_aggregate_agr,2018,297.407
bol,sex_t,age_10yrbands_yge65,eco_aggregate_agr,2019,261.275
bol,sex_t,age_10yrbands_yge65,eco_aggregate_agr,2020,320.223
bol,sex_t,age_10yrbands_yge65,eco_aggregate_agr,2021,310.88
bol,sex_t,age_10yrbands_yge65,eco_aggregate_agr,2022,272.595
bol,sex_t,age_10yrbands_yge65,eco_aggregate_agr,2023,300.088
bol,sex_t,age_10yrbands_yge65,eco_aggregate_agr,2024,314.407
bol,sex_t,age_10yrbands_yge65,eco_aggregate_con,1991,2.169
bol,sex_t,age_10yrbands_yge65,eco_aggregate_con,1992,2.834
bol,sex_t,age_10yrbands_yge65,eco_aggregate_con,1993,1.153
bol,sex_t,age_10yrbands_yge65,eco_aggregate_con,1994,1.699
bol,sex_t,age_10yrbands_yge65,eco_aggregate_con,1995,3.456
bol,sex_t,age_10yrbands_yge65,eco_aggregate_con,2000,7.801
bol,sex_t,age_10yrbands_yge65,eco_aggregate_con,2001,5.824
bol,sex_t,age_10yrbands_yge65,eco_aggregate_con,2002,4.091
bol,sex_t,age_10yrbands_yge65,eco_aggregate_con,2005,7.987
bol,sex_t,age_10yrbands_yge65,eco_aggregate_con,2006,3.239
bol,sex_t,age_10yrbands_yge65,eco_aggregate_con,2007,6.52
bol,sex_t,age_10yrbands_yge65,eco_aggregate_con,2008,5.808
bol,sex_t,age_10yrbands_yge65,eco_aggregate_con,2009,10.237
bol,sex_t,age_10yrbands_yge65,eco_aggregate_con,2011,9.709
bol,sex_t,age_10yrbands_yge65,eco_aggregate_con,2012,9.564
bol,sex_t,age_10yrbands_yge65,eco_aggregate_con,2013,8.669
bol,sex_t,age_10yrbands_yge65,eco_aggregate_con,2014,11.978
bol,sex_t,age_10yrbands_yge65,eco_aggregate_con,2015,9.341
bol,sex_t,age_10yrbands_yge65,eco_aggregate_con,2016,9.841
bol,sex_t,age_10yrbands_yge65,eco_aggregate_con,2017,8.473
bol,sex_t,age_10yrbands_yge65,eco_aggregate_con,2018,9.615
bol,sex_t,age_10yrbands_yge65,eco_aggregate_con,2019,11.639
bol,sex_t,age_10yrbands_yge65,eco_aggregate_con,2020,10.308
bol,sex_t,age_10yrbands_yge65,eco_aggregate_con,2021,10.103
bol,sex_t,age_10yrbands_yge65,eco_aggregate_con,2022,13.104
bol,sex_t,age_10yrbands_yge65,eco_aggregate_con,2023,13.204
bol,sex_t,age_10yrbands_yge65,eco_aggregate_con,2024,17.436
bol,sex_t,age_10yrbands_yge65,eco_aggregate_man,1989,3.607
bol,sex_t,age_10yrbands_yge65,eco_aggregate_man,1990,2.747
bol,sex_t,age_10yrbands_yge65,eco_aggregate_man,1991,2.817
bol,sex_t,age_10yrbands_yge65,eco_aggregate_man,1992,3.906
bol,sex_t,age_10yrbands_yge65,eco_aggregate_man,1993,4.384
bol,sex_t,age_10yrbands_yge65,eco_aggregate_man,1994,3.784
bol,sex_t,age_10yrbands_yge65,eco_aggregate_man,1995,5.527
bol,sex_t,age_10yrbands_yge65,eco_aggregate_man,1999,7.458
bol,sex_t,age_10yrbands_yge65,eco_aggregate_man,2000,10.268
bol,sex_t,age_10yrbands_yge65,eco_aggregate_man,2001,12.95
bol,sex_t,age_10yrbands_yge65,eco_aggregate_man,2002,8.697
bol,sex_t,age_10yrbands_yge65,eco_aggregate_man,2005,20.387
bol,sex_t,age_10yrbands_yge65,eco_aggregate_man,2006,21.787
bol,sex_t,age_10yrbands_yge65,eco_aggregate_man,2007,27.506
bol,sex_t,age_10yrbands_yge65,eco_aggregate_man,2008,28.515
bol,sex_t,age_10yrbands_yge65,eco_aggregate_man,2009,19.354
bol,sex_t,age_10yrbands_yge65,eco_aggregate_man,2011,13.847
bol,sex_t,age_10yrbands_yge65,eco_aggregate_man,2012,16.197
bol,sex_t,age_10yrbands_yge65,eco_aggregate_man,2013,14.794
bol,sex_t,age_10yrbands_yge65,eco_aggregate_man,2014,21.124
bol,sex_t,age_10yrbands_yge65,eco_aggregate_man,2015,14.125
bol,sex_t,age_10yrbands_yge65,eco_aggregate_man,2016,20.321
bol,sex_t,age_10yrbands_yge65,eco_aggregate_man,2017,22.923
bol,sex_t,age_10yrbands_yge65,eco_aggregate_man,2018,25.273
bol,sex_t,age_10yrbands_yge65,eco_aggregate_man,2019,30.71
bol,sex_t,age_10yrbands_yge65,eco_aggregate_man,2020,18.071
bol,sex_t,age_10yrbands_yge65,eco_aggregate_man,2021,34.84
bol,sex_t,age_10yrbands_yge65,eco_aggregate_man,2022,37.49
bol,sex_t,age_10yrbands_yge65,eco_aggregate_man,2023,44.346
bol,sex_t,age_10yrbands_yge65,eco_aggregate_man,2024,53.494
bol,sex_t,age_10yrbands_yge65,eco_aggregate_mel,1989,1.109
bol,sex_t,age_10yrbands_yge65,eco_aggregate_mel,1990,1.047
bol,sex_t,age_10yrbands_yge65,eco_aggregate_mel,2001,2.29
bol,sex_t,age_10yrbands_yge65,eco_aggregate_mel,2002,0.831
bol,sex_t,age_10yrbands_yge65,eco_aggregate_mel,2011,3.776
bol,sex_t,age_10yrbands_yge65,eco_aggregate_mel,2012,1.436
bol,sex_t,age_10yrbands_yge65,eco_aggregate_mel,2013,3.675
bol,sex_t,age_10yrbands_yge65,eco_aggregate_mel,2014,2.475
bol,sex_t,age_10yrbands_yge65,eco_aggregate_mel,2015,2.621
bol,sex_t,age_10yrbands_yge65,eco_aggregate_mel,2016,1.998
bol,sex_t,age_10yrbands_yge65,eco_aggregate_mel,2017,2.157
bol,sex_t,age_10yrbands_yge65,eco_aggregate_mel,2018,2.6
bol,sex_t,age_10yrbands_yge65,eco_aggregate_mel,2019,2.773
bol,sex_t,age_10yrbands_yge65,eco_aggregate_mel,2021,2.543
bol,sex_t,age_10yrbands_yge65,eco_aggregate_mel,2022,1.749
bol,sex_t,age_10yrbands_yge65,eco_aggregate_mel,2023,3.427
bol,sex_t,age_10yrbands_yge65,eco_aggregate_mel,2024,4.406
bol,sex_t,age_10yrbands_yge65,eco_aggregate_mkt,1989,14.072
bol,sex_t,age_10yrbands_yge65,eco_aggregate_mkt,1990,12.119
bol,sex_t,age_10yrbands_yge65,eco_aggregate_mkt,1991,15.013
bol,sex_t,age_10yrbands_yge65,eco_aggregate_mkt,1992,13.626
bol,sex_t,age_10yrbands_yge65,eco_aggregate_mkt,1993,14.744
bol,sex_t,age_10yrbands_yge65,eco_aggregate_mkt,1994,16.88
bol,sex_t,age_10yrbands_yge65,eco_aggregate_mkt,1995,16.623
bol,sex_t,age_10yrbands_yge65,eco_aggregate_mkt,1999,211.839
bol,sex_t,age_10yrbands_yge65,eco_aggregate_mkt,2000,41.725
bol,sex_t,age_10yrbands_yge65,eco_aggregate_mkt,2001,34.114
bol,sex_t,age_10yrbands_yge65,eco_aggregate_mkt,2002,36.587
bol,sex_t,age_10yrbands_yge65,eco_aggregate_mkt,2005,47.358
bol,sex_t,age_10yrbands_yge65,eco_aggregate_mkt,2006,46.684
bol,sex_t,age_10yrbands_yge65,eco_aggregate_mkt,2007,64.478
bol,sex_t,age_10yrbands_yge65,eco_aggregate_mkt,2008,65.262
bol,sex_t,age_10yrbands_yge65,eco_aggregate_mkt,2009,61.75
bol,sex_t,age_10yrbands_yge65,eco_aggregate_mkt,2011,77.209
bol,sex_t,age_10yrbands_yge65,eco_aggregate_mkt,2012,77.841
bol,sex_t,age_10yrbands_yge65,eco_aggregate_mkt,2013,86.46
bol,sex_t,age_10yrbands_yge65,eco_aggregate_mkt,2014,82.011
bol,sex_t,age_10yrbands_yge65,eco_aggregate_mkt,2015,86.395
bol,sex_t,age_10yrbands_yge65,eco_aggregate_mkt,2016,95.817
bol,sex_t,age_10yrbands_yge65,eco_aggregate_mkt,2017,107.937
bol,sex_t,age_10yrbands_yge65,eco_aggregate_mkt,2018,117.844
bol,sex_t,age_10yrbands_yge65,eco_aggregate_mkt,2019,120.036
bol,sex_t,age_10yrbands_yge65,eco_aggregate_mkt,2020,104.401
bol,sex_t,age_10yrbands_yge65,eco_aggregate_mkt,2021,129.065
bol,sex_t,age_10yrbands_yge65,eco_aggregate_mkt,2022,150.133
bol,sex_t,age_10yrbands_yge65,eco_aggregate_mkt,2023,165.775
bol,sex_t,age_10yrbands_yge65,eco_aggregate_mkt,2024,177.46
bol,sex_t,age_10yrbands_yge65,eco_aggregate_pub,1989,5.899
bol,sex_t,age_10yrbands_yge65,eco_aggregate_pub,1990,6.763
bol,sex_t,age_10yrbands_yge65,eco_aggregate_pub,1991,3.485
bol,sex_t,age_10yrbands_yge65,eco_aggregate_pub,1992,3.362
bol,sex_t,age_10yrbands_yge65,eco_aggregate_pub,1993,3.278
bol,sex_t,age_10yrbands_yge65,eco_aggregate_pub,1994,3.976
bol,sex_t,age_10yrbands_yge65,eco_aggregate_pub,1995,5.021
bol,sex_t,age_10yrbands_yge65,eco_aggregate_pub,1999,6.826
bol,sex_t,age_10yrbands_yge65,eco_aggregate_pub,2000,7.668
bol,sex_t,age_10yrbands_yge65,eco_aggregate_pub,2001,11.613
bol,sex_t,age_10yrbands_yge65,eco_aggregate_pub,2002,7.843
bol,sex_t,age_10yrbands_yge65,eco_aggregate_pub,2005,14.483
bol,sex_t,age_10yrbands_yge65,eco_aggregate_pub,2006,11.757
bol,sex_t,age_10yrbands_yge65,eco_aggregate_pub,2007,21.051
bol,sex_t,age_10yrbands_yge65,eco_aggregate_pub,2008,13.053
bol,sex_t,age_10yrbands_yge65,eco_aggregate_pub,2009,15.947
bol,sex_t,age_10yrbands_yge65,eco_aggregate_pub,2011,19.406
bol,sex_t,age_10yrbands_yge65,eco_aggregate_pub,2012,21.161
bol,sex_t,age_10yrbands_yge65,eco_aggregate_pub,2013,24.926
bol,sex_t,age_10yrbands_yge65,eco_aggregate_pub,2014,21.708
bol,sex_t,age_10yrbands_yge65,eco_aggregate_pub,2015,21.475
bol,sex_t,age_10yrbands_yge65,eco_aggregate_pub,2016,24.874
bol,sex_t,age_10yrbands_yge65,eco_aggregate_pub,2017,26.081
bol,sex_t,age_10yrbands_yge65,eco_aggregate_pub,2018,28.235
bol,sex_t,age_10yrbands_yge65,eco_aggregate_pub,2019,33.995
bol,sex_t,age_10yrbands_yge65,eco_aggregate_pub,2020,35.87
bol,sex_t,age_10yrbands_yge65,eco_aggregate_pub,2021,30.556
bol,sex_t,age_10yrbands_yge65,eco_aggregate_pub,2022,33.619
bol,sex_t,age_10yrbands_yge65,eco_aggregate_pub,2023,40.12
bol,sex_t,age_10yrbands_yge65,eco_aggregate_pub,2024,42.17
bol,sex_t,age_10yrbands_yge65,eco_aggregate_total,1989,25.03
bol,sex_t,age_10yrbands_yge65,eco_aggregate_total,1990,23.352
bol,sex_t,age_10yrbands_yge65,eco_aggregate_total,1991,25.133
bol,sex_t,age_10yrbands_yge65,eco_aggregate_total,1992,25.475
bol,sex_t,age_10yrbands_yge65,eco_aggregate_total,1993,25.063
bol,sex_t,age_10yrbands_yge65,eco_aggregate_total,1994,27.791
bol,sex_t,age_10yrbands_yge65,eco_aggregate_total,1995,32.555
bol,sex_t,age_10yrbands_yge65,eco_aggregate_total,1999,232.61
bol,sex_t,age_10yrbands_yge65,eco_aggregate_total,2000,201.113
bol,sex_t,age_10yrbands_yge65,eco_aggregate_total,2001,225.074
bol,sex_t,age_10yrbands_yge65,eco_aggregate_total,2002,205.385
bol,sex_t,age_10yrbands_yge65,eco_aggregate_total,2005,293.642
bol,sex_t,age_10yrbands_yge65,eco_aggregate_total,2006,263.991
bol,sex_t,age_10yrbands_yge65,eco_aggregate_total,2007,330.704
bol,sex_t,age_10yrbands_yge65,eco_aggregate_total,2008,305.867
bol,sex_t,age_10yrbands_yge65,eco_aggregate_total,2009,305.466
bol,sex_t,age_10yrbands_yge65,eco_aggregate_total,2011,303.805
bol,sex_t,age_10yrbands_yge65,eco_aggregate_total,2012,321.49
bol,sex_t,age_10yrbands_yge65,eco_aggregate_total,2013,420.296
bol,sex_t,age_10yrbands_yge65,eco_aggregate_total,2014,376.03
bol,sex_t,age_10yrbands_yge65,eco_aggregate_total,2015,367.944
bol,sex_t,age_10yrbands_yge65,eco_aggregate_total,2016,367.864
bol,sex_t,age_10yrbands_yge65,eco_aggregate_total,2017,432.197
bol,sex_t,age_10yrbands_yge65,eco_aggregate_total,2018,480.974
bol,sex_t,age_10yrbands_yge65,eco_aggregate_total,2019,460.429
bol,sex_t,age_10yrbands_yge65,eco_aggregate_total,2020,491.557
bol,sex_t,age_10yrbands_yge65,eco_aggregate_total,2021,517.988
bol,sex_t,age_10yrbands_yge65,eco_aggregate_total,2022,508.689
bol,sex_t,age_10yrbands_yge65,eco_aggregate_total,2023,566.96
bol,sex_t,age_10yrbands_yge65,eco_aggregate_total,2024,609.605
bol,sex_t,age_10yrbands_yge65,eco_aggregate_x,1989,0.341
bol,sex_t,age_10yrbands_yge65,eco_aggregate_x,1990,0.676
bol,sex_t,age_10yrbands_yge65,eco_aggregate_x,1999,5.241
bol,sex_t,age_10yrbands_yge65,eco_aggregate_x,2001,1.299
bol,sex_t,age_10yrbands_yge65,eco_aggregate_x,2024,0.233
bol,sex_t,age_10yrbands_yge65,eco_sector_agr,1991,1.387
bol,sex_t,age_10yrbands_yge65,eco_sector_agr,1992,1.476
bol,sex_t,age_10yrbands_yge65,eco_sector_agr,1993,1.323
bol,sex_t,age_10yrbands_yge65,eco_sector_agr,1994,1.303
bol,sex_t,age_10yrbands_yge65,eco_sector_agr,1995,1.694
bol,sex_t,age_10yrbands_yge65,eco_sector_agr,2000,131.363
bol,sex_t,age_10yrbands_yge65,eco_sector_agr,2001,156.984
bol,sex_t,age_10yrbands_yge65,eco_sector_agr,2002,147.336
bol,sex_t,age_10yrbands_yge65,eco_sector_agr,2005,202.939
bol,sex_t,age_10yrbands_yge65,eco_sector_agr,2006,180.347
bol,sex_t,age_10yrbands_yge65,eco_sector_agr,2007,210.429
bol,sex_t,age_10yrbands_yge65,eco_sector_agr,2008,190.968
bol,sex_t,age_10yrbands_yge65,eco_sector_agr,2009,197.471
bol,sex_t,age_10yrbands_yge65,eco_sector_agr,2011,179.858
bol,sex_t,age_10yrbands_yge65,eco_sector_agr,2012,195.291
bol,sex_t,age_10yrbands_yge65,eco_sector_agr,2013,281.772
bol,sex_t,age_10yrbands_yge65,eco_sector_agr,2014,236.221
bol,sex_t,age_10yrbands_yge65,eco_sector_agr,2015,233.764
bol,sex_t,age_10yrbands_yge65,eco_sector_agr,2016,214.976
bol,sex_t,age_10yrbands_yge65,eco_sector_agr,2017,264.626
bol,sex_t,age_10yrbands_yge65,eco_sector_agr,2018,297.407
bol,sex_t,age_10yrbands_yge65,eco_sector_agr,2019,261.275
bol,sex_t,age_10yrbands_yge65,eco_sector_agr,2020,320.223
bol,sex_t,age_10yrbands_yge65,eco_sector_agr,2021,310.88
bol,sex_t,age_10yrbands_yge65,eco_sector_agr,2022,272.595
bol,sex_t,age_10yrbands_yge65,eco_sector_agr,2023,300.088
bol,sex_t,age_10yrbands_yge65,eco_sector_agr,2024,314.407
bol,sex_t,age_10yrbands_yge65,eco_sector_ind,1989,4.717
bol,sex_t,age_10yrbands_yge65,eco_sector_ind,1990,3.794
bol,sex_t,age_10yrbands_yge65,eco_sector_ind,1991,5.248
bol,sex_t,age_10yrbands_yge65,eco_sector_ind,1992,7.011
bol,sex_t,age_10yrbands_yge65,eco_sector_ind,1993,5.718
bol,sex_t,age_10yrbands_yge65,eco_sector_ind,1994,5.632
bol,sex_t,age_10yrbands_yge65,eco_sector_ind,1995,9.155
bol,sex_t,age_10yrbands_yge65,eco_sector_ind,1999,8.704
bol,sex_t,age_10yrbands_yge65,eco_sector_ind,2000,19.658
bol,sex_t,age_10yrbands_yge65,eco_sector_ind,2001,21.064
bol,sex_t,age_10yrbands_yge65,eco_sector_ind,2002,13.619
bol,sex_t,age_10yrbands_yge65,eco_sector_ind,2005,28.862
bol,sex_t,age_10yrbands_yge65,eco_sector_ind,2006,25.203
bol,sex_t,age_10yrbands_yge65,eco_sector_ind,2007,34.746
bol,sex_t,age_10yrbands_yge65,eco_sector_ind,2008,36.584
bol,sex_t,age_10yrbands_yge65,eco_sector_ind,2009,30.298
bol,sex_t,age_10yrbands_yge65,eco_sector_ind,2011,27.332
bol,sex_t,age_10yrbands_yge65,eco_sector_ind,2012,27.197
bol,sex_t,age_10yrbands_yge65,eco_sector_ind,2013,27.138
bol,sex_t,age_10yrbands_yge65,eco_sector_ind,2014,35.577
bol,sex_t,age_10yrbands_yge65,eco_sector_ind,2015,26.087
bol,sex_t,age_10yrbands_yge65,eco_sector_ind,2016,32.16
bol,sex_t,age_10yrbands_yge65,eco_sector_ind,2017,33.553
bol,sex_t,age_10yrbands_yge65,eco_sector_ind,2018,37.488
bol,sex_t,age_10yrbands_yge65,eco_sector_ind,2019,45.123
bol,sex_t,age_10yrbands_yge65,eco_sector_ind,2020,31.062
bol,sex_t,age_10yrbands_yge65,eco_sector_ind,2021,47.487
bol,sex_t,age_10yrbands_yge65,eco_sector_ind,2022,52.343
bol,sex_t,age_10yrbands_yge65,eco_sector_ind,2023,60.977
bol,sex_t,age_10yrbands_yge65,eco_sector_ind,2024,75.336
bol,sex_t,age_10yrbands_yge65,eco_sector_nag,1989,25.03
bol,sex_t,age_10yrbands_yge65,eco_sector_nag,1990,23.352
bol,sex_t,age_10yrbands_yge65,eco_sector_nag,1991,23.746
bol,sex_t,age_10yrbands_yge65,eco_sector_nag,1992,23.999
bol,sex_t,age_10yrbands_yge65,eco_sector_nag,1993,23.74
bol,sex_t,age_10yrbands_yge65,eco_sector_nag,1994,26.488
bol,sex_t,age_10yrbands_yge65,eco_sector_nag,1995,30.861
bol,sex_t,age_10yrbands_yge65,eco_sector_nag,1999,232.61
bol,sex_t,age_10yrbands_yge65,eco_sector_nag,2000,69.75
bol,sex_t,age_10yrbands_yge65,eco_sector_nag,2001,68.09
bol,sex_t,age_10yrbands_yge65,eco_sector_nag,2002,58.049
bol,sex_t,age_10yrbands_yge65,eco_sector_nag,2005,90.703
bol,sex_t,age_10yrbands_yge65,eco_sector_nag,2006,83.644
bol,sex_t,age_10yrbands_yge65,eco_sector_nag,2007,120.275
bol,sex_t,age_10yrbands_yge65,eco_sector_nag,2008,114.899
bol,sex_t,age_10yrbands_yge65,eco_sector_nag,2009,107.995
bol,sex_t,age_10yrbands_yge65,eco_sector_nag,2011,123.947
bol,sex_t,age_10yrbands_yge65,eco_sector_nag,2012,126.199
bol,sex_t,age_10yrbands_yge65,eco_sector_nag,2013,138.524
bol,sex_t,age_10yrbands_yge65,eco_sector_nag,2014,139.809
bol,sex_t,age_10yrbands_yge65,eco_sector_nag,2015,134.18
bol,sex_t,age_10yrbands_yge65,eco_sector_nag,2016,152.888
bol,sex_t,age_10yrbands_yge65,eco_sector_nag,2017,167.571
bol,sex_t,age_10yrbands_yge65,eco_sector_nag,2018,183.567
bol,sex_t,age_10yrbands_yge65,eco_sector_nag,2019,199.154
bol,sex_t,age_10yrbands_yge65,eco_sector_nag,2020,171.333
bol,sex_t,age_10yrbands_yge65,eco_sector_nag,2021,207.108
bol,sex_t,age_10yrbands_yge65,eco_sector_nag,2022,236.094
bol,sex_t,age_10yrbands_yge65,eco_sector_nag,2023,266.872
bol,sex_t,age_10yrbands_yge65,eco_sector_nag,2024,295.198
bol,sex_t,age_10yrbands_yge65,eco_sector_ser,1989,19.972
bol,sex_t,age_10yrbands_yge65,eco_sector_ser,1990,18.882
bol,sex_t,age_10yrbands_yge65,eco_sector_ser,1991,18.498
bol,sex_t,age_10yrbands_yge65,eco_sector_ser,1992,16.988
bol,sex_t,age_10yrbands_yge65,eco_sector_ser,1993,18.022
bol,sex_t,age_10yrbands_yge65,eco_sector_ser,1994,20.856
bol,sex_t,age_10yrbands_yge65,eco_sector_ser,1995,21.644
bol,sex_t,age_10yrbands_yge65,eco_sector_ser,1999,218.665
bol,sex_t,age_10yrbands_yge65,eco_sector_ser,2000,49.393
bol,sex_t,age_10yrbands_yge65,eco_sector_ser,2001,45.727
bol,sex_t,age_10yrbands_yge65,eco_sector_ser,2002,44.43
bol,sex_t,age_10yrbands_yge65,eco_sector_ser,2005,61.841
bol,sex_t,age_10yrbands_yge65,eco_sector_ser,2006,58.441
bol,sex_t,age_10yrbands_yge65,eco_sector_ser,2007,85.529
bol,sex_t,age_10yrbands_yge65,eco_sector_ser,2008,78.315
bol,sex_t,age_10yrbands_yge65,eco_sector_ser,2009,77.697
bol,sex_t,age_10yrbands_yge65,eco_sector_ser,2011,96.615
bol,sex_t,age_10yrbands_yge65,eco_sector_ser,2012,99.002
bol,sex_t,age_10yrbands_yge65,eco_sector_ser,2013,111.386
bol,sex_t,age_10yrbands_yge65,eco_sector_ser,2014,103.719
bol,sex_t,age_10yrbands_yge65,eco_sector_ser,2015,107.87
bol,sex_t,age_10yrbands_yge65,eco_sector_ser,2016,120.691
bol,sex_t,age_10yrbands_yge65,eco_sector_ser,2017,134.018
bol,sex_t,age_10yrbands_yge65,eco_sector_ser,2018,146.079
bol,sex_t,age_10yrbands_yge65,eco_sector_ser,2019,154.031
bol,sex_t,age_10yrbands_yge65,eco_sector_ser,2020,140.272
bol,sex_t,age_10yrbands_yge65,eco_sector_ser,2021,159.621
bol,sex_t,age_10yrbands_yge65,eco_sector_ser,2022,183.751
bol,sex_t,age_10yrbands_yge65,eco_sector_ser,2023,205.895
bol,sex_t,age_10yrbands_yge65,eco_sector_ser,2024,219.63
bol,sex_t,age_10yrbands_yge65,eco_sector_total,1989,25.03
bol,sex_t,age_10yrbands_yge65,eco_sector_total,1990,23.352
bol,sex_t,age_10yrbands_yge65,eco_sector_total,1991,25.133
bol,sex_t,age_10yrbands_yge65,eco_sector_total,1992,25.475
bol,sex_t,age_10yrbands_yge65,eco_sector_total,1993,25.063
bol,sex_t,age_10yrbands_yge65,eco_sector_total,1994,27.791
bol,sex_t,age_10yrbands_yge65,eco_sector_total,1995,32.555
bol,sex_t,age_10yrbands_yge65,eco_sector_total,1999,232.61
bol,sex_t,age_10yrbands_yge65,eco_sector_total,2000,201.113
bol,sex_t,age_10yrbands_yge65,eco_sector_total,2001,225.074
bol,sex_t,age_10yrbands_yge65,eco_sector_total,2002,205.385
bol,sex_t,age_10yrbands_yge65,eco_sector_total,2005,293.642
bol,sex_t,age_10yrbands_yge65,eco_sector_total,2006,263.991
bol,sex_t,age_10yrbands_yge65,eco_sector_total,2007,330.704
bol,sex_t,age_10yrbands_yge65,eco_sector_total,2008,305.867
bol,sex_t,age_10yrbands_yge65,eco_sector_total,2009,305.466
bol,sex_t,age_10yrbands_yge65,eco_sector_total,2011,303.805
bol,sex_t,age_10yrbands_yge65,eco_sector_total,2012,321.49
bol,sex_t,age_10yrbands_yge65,eco_sector_total,2013,420.296
bol,sex_t,age_10yrbands_yge65,eco_sector_total,2014,376.03
bol,sex_t,age_10yrbands_yge65,eco_sector_total,2015,367.944
bol,sex_t,age_10yrbands_yge65,eco_sector_total,2016,367.864
bol,sex_t,age_10yrbands_yge65,eco_sector_total,2017,432.197
bol,sex_t,age_10yrbands_yge65,eco_sector_total,2018,480.974
bol,sex_t,age_10yrbands_yge65,eco_sector_total,2019,460.429
bol,sex_t,age_10yrbands_yge65,eco_sector_total,2020,491.557
bol,sex_t,age_10yrbands_yge65,eco_sector_total,2021,517.988
bol,sex_t,age_10yrbands_yge65,eco_sector_total,2022,508.689
bol,sex_t,age_10yrbands_yge65,eco_sector_total,2023,566.96
bol,sex_t,age_10yrbands_yge65,eco_sector_total,2024,609.605
bol,sex_t,age_10yrbands_yge65,eco_sector_x,1989,0.341
bol,sex_t,age_10yrbands_yge65,eco_sector_x,1990,0.676
bol,sex_t,age_10yrbands_yge65,eco_sector_x,1999,5.241
bol,sex_t,age_10yrbands_yge65,eco_sector_x,2001,1.299
bol,sex_t,age_10yrbands_yge65,eco_sector_x,2024,0.233
bol,sex_t,age_aggregate_total,eco_aggregate_agr,1991,16.764
bol,sex_t,age_aggregate_total,eco_aggregate_agr,1992,20.615
bol,sex_t,age_aggregate_total,eco_aggregate_agr,1993,19.815
bol,sex_t,age_aggregate_total,eco_aggregate_agr,1994,17.82
bol,sex_t,age_aggregate_total,eco_aggregate_agr,1995,27.142
bol,sex_t,age_aggregate_total,eco_aggregate_agr,1999,7.389
bol,sex_t,age_aggregate_total,eco_aggregate_agr,2000,1244.753
bol,sex_t,age_aggregate_total,eco_aggregate_agr,2001,1462.604
bol,sex_t,age_aggregate_total,eco_aggregate_agr,2002,1404.168
bol,sex_t,age_aggregate_total,eco_aggregate_agr,2005,1385.797
bol,sex_t,age_aggregate_total,eco_aggregate_agr,2006,1513.034
bol,sex_t,age_aggregate_total,eco_aggregate_agr,2007,1438.326
bol,sex_t,age_aggregate_total,eco_aggregate_agr,2008,1426.092
bol,sex_t,age_aggregate_total,eco_aggregate_agr,2009,1420.77
bol,sex_t,age_aggregate_total,eco_aggregate_agr,2011,1591.152
bol,sex_t,age_aggregate_total,eco_aggregate_agr,2012,1448.145
bol,sex_t,age_aggregate_total,eco_aggregate_agr,2013,1620.179
bol,sex_t,age_aggregate_total,eco_aggregate_agr,2014,1574.434
bol,sex_t,age_aggregate_total,eco_aggregate_agr,2015,1452.621
bol,sex_t,age_aggregate_total,eco_aggregate_agr,2016,1442.93
bol,sex_t,age_aggregate_total,eco_aggregate_agr,2017,1536.108
bol,sex_t,age_aggregate_total,eco_aggregate_agr,2018,1667.213
bol,sex_t,age_aggregate_total,eco_aggregate_agr,2019,1541.267
bol,sex_t,age_aggregate_total,eco_aggregate_agr,2020,1628.759
bol,sex_t,age_aggregate_total,eco_aggregate_agr,2021,1697.965
bol,sex_t,age_aggregate_total,eco_aggregate_agr,2022,1587.558
bol,sex_t,age_aggregate_total,eco_aggregate_agr,2023,1648.257
bol,sex_t,age_aggregate_total,eco_aggregate_agr,2024,1581.931
bol,sex_t,age_aggregate_total,eco_aggregate_con,1991,83.564
bol,sex_t,age_aggregate_total,eco_aggregate_con,1992,91.92
bol,sex_t,age_aggregate_total,eco_aggregate_con,1993,86.24
bol,sex_t,age_aggregate_total,eco_aggregate_con,1994,112.654
bol,sex_t,age_aggregate_total,eco_aggregate_con,1995,103.991
bol,sex_t,age_aggregate_total,eco_aggregate_con,2000,237.647
bol,sex_t,age_aggregate_total,eco_aggregate_con,2001,187.631
bol,sex_t,age_aggregate_total,eco_aggregate_con,2002,204.898
bol,sex_t,age_aggregate_total,eco_aggregate_con,2005,269.877
bol,sex_t,age_aggregate_total,eco_aggregate_con,2006,241.772
bol,sex_t,age_aggregate_total,eco_aggregate_con,2007,308.9
bol,sex_t,age_aggregate_total,eco_aggregate_con,2008,324.149
bol,sex_t,age_aggregate_total,eco_aggregate_con,2009,363.63
bol,sex_t,age_aggregate_total,eco_aggregate_con,2011,375.675
bol,sex_t,age_aggregate_total,eco_aggregate_con,2012,353.954
bol,sex_t,age_aggregate_total,eco_aggregate_con,2013,341.937
bol,sex_t,age_aggregate_total,eco_aggregate_con,2014,446.016
bol,sex_t,age_aggregate_total,eco_aggregate_con,2015,467.161
bol,sex_t,age_aggregate_total,eco_aggregate_con,2016,424.213
bol,sex_t,age_aggregate_total,eco_aggregate_con,2017,428.883
bol,sex_t,age_aggregate_total,eco_aggregate_con,2018,404.793
bol,sex_t,age_aggregate_total,eco_aggregate_con,2019,441.585
bol,sex_t,age_aggregate_total,eco_aggregate_con,2020,431.312
bol,sex_t,age_aggregate_total,eco_aggregate_con,2021,451.205
bol,sex_t,age_aggregate_total,eco_aggregate_con,2022,472.271
bol,sex_t,age_aggregate_total,eco_aggregate_con,2023,459.865
bol,sex_t,age_aggregate_total,eco_aggregate_con,2024,492.756
bol,sex_t,age_aggregate_total,eco_aggregate_man,1989,127.204
bol,sex_t,age_aggregate_total,eco_aggregate_man,1990,150.327
bol,sex_t,age_aggregate_total,eco_aggregate_man,1991,171.219
bol,sex_t,age_aggregate_total,eco_aggregate_man,1992,192.544
bol,sex_t,age_aggregate_total,eco_aggregate_man,1993,192.985
bol,sex_t,age_aggregate_total,eco_aggregate_man,1994,208.481
bol,sex_t,age_aggregate_total,eco_aggregate_man,1995,220.83
bol,sex_t,age_aggregate_total,eco_aggregate_man,1999,374.198
bol,sex_t,age_aggregate_total,eco_aggregate_man,2000,356.881
bol,sex_t,age_aggregate_total,eco_aggregate_man,2001,339.415
bol,sex_t,age_aggregate_total,eco_aggregate_man,2002,417.064
bol,sex_t,age_aggregate_total,eco_aggregate_man,2005,448.335
bol,sex_t,age_aggregate_total,eco_aggregate_man,2006,456.498
bol,sex_t,age_aggregate_total,eco_aggregate_man,2007,495.457
bol,sex_t,age_aggregate_total,eco_aggregate_man,2008,517.609
bol,sex_t,age_aggregate_total,eco_aggregate_man,2009,551.658
bol,sex_t,age_aggregate_total,eco_aggregate_man,2011,346.934
bol,sex_t,age_aggregate_total,eco_aggregate_man,2012,330.458
bol,sex_t,age_aggregate_total,eco_aggregate_man,2013,338.721
bol,sex_t,age_aggregate_total,eco_aggregate_man,2014,478.174
bol,sex_t,age_aggregate_total,eco_aggregate_man,2015,422.4
bol,sex_t,age_aggregate_total,eco_aggregate_man,2016,482.295
bol,sex_t,age_aggregate_total,eco_aggregate_man,2017,497.148
bol,sex_t,age_aggregate_total,eco_aggregate_man,2018,537.143
bol,sex_t,age_aggregate_total,eco_aggregate_man,2019,630.741
bol,sex_t,age_aggregate_total,eco_aggregate_man,2020,476.579
bol,sex_t,age_aggregate_total,eco_aggregate_man,2021,702.705
bol,sex_t,age_aggregate_total,eco_aggregate_man,2022,732.13
bol,sex_t,age_aggregate_total,eco_aggregate_man,2023,761.091
bol,sex_t,age_aggregate_total,eco_aggregate_man,2024,851.178
bol,sex_t,age_aggregate_total,eco_aggregate_mel,1989,23.866
bol,sex_t,age_aggregate_total,eco_aggregate_mel,1990,15.418
bol,sex_t,age_aggregate_total,eco_aggregate_mel,1991,27.57
bol,sex_t,age_aggregate_total,eco_aggregate_mel,1992,25.75
bol,sex_t,age_aggregate_total,eco_aggregate_mel,1993,19.294
bol,sex_t,age_aggregate_total,eco_aggregate_mel,1994,20.146
bol,sex_t,age_aggregate_total,eco_aggregate_mel,1995,23.517
bol,sex_t,age_aggregate_total,eco_aggregate_mel,1999,179.703
bol,sex_t,age_aggregate_total,eco_aggregate_mel,2000,69.415
bol,sex_t,age_aggregate_total,eco_aggregate_mel,2001,59.772
bol,sex_t,age_aggregate_total,eco_aggregate_mel,2002,45.354
bol,sex_t,age_aggregate_total,eco_aggregate_mel,2005,84.797
bol,sex_t,age_aggregate_total,eco_aggregate_mel,2006,68.528
bol,sex_t,age_aggregate_total,eco_aggregate_mel,2007,83.491
bol,sex_t,age_aggregate_total,eco_aggregate_mel,2008,77.52
bol,sex_t,age_aggregate_total,eco_aggregate_mel,2009,62.459
bol,sex_t,age_aggregate_total,eco_aggregate_mel,2011,126.254
bol,sex_t,age_aggregate_total,eco_aggregate_mel,2012,152.629
bol,sex_t,age_aggregate_total,eco_aggregate_mel,2013,146.018
bol,sex_t,age_aggregate_total,eco_aggregate_mel,2014,123.145
bol,sex_t,age_aggregate_total,eco_aggregate_mel,2015,135.824
bol,sex_t,age_aggregate_total,eco_aggregate_mel,2016,106.433
bol,sex_t,age_aggregate_total,eco_aggregate_mel,2017,88.389
bol,sex_t,age_aggregate_total,eco_aggregate_mel,2018,108.804
bol,sex_t,age_aggregate_total,eco_aggregate_mel,2019,92.492
bol,sex_t,age_aggregate_total,eco_aggregate_mel,2020,72.69
bol,sex_t,age_aggregate_total,eco_aggregate_mel,2021,100.896
bol,sex_t,age_aggregate_total,eco_aggregate_mel,2022,108.305
bol,sex_t,age_aggregate_total,eco_aggregate_mel,2023,100.963
bol,sex_t,age_aggregate_total,eco_aggregate_mel,2024,121.434
bol,sex_t,age_aggregate_total,eco_aggregate_mkt,1989,366.32
bol,sex_t,age_aggregate_total,eco_aggregate_mkt,1990,352.924
bol,sex_t,age_aggregate_total,eco_aggregate_mkt,1991,381.887
bol,sex_t,age_aggregate_total,eco_aggregate_mkt,1992,396.67
bol,sex_t,age_aggregate_total,eco_aggregate_mkt,1993,461.852
bol,sex_t,age_aggregate_total,eco_aggregate_mkt,1994,512.08
bol,sex_t,age_aggregate_total,eco_aggregate_mkt,1995,532.439
bol,sex_t,age_aggregate_total,eco_aggregate_mkt,1999,2663.722
bol,sex_t,age_aggregate_total,eco_aggregate_mkt,2000,920.264
bol,sex_t,age_aggregate_total,eco_aggregate_mkt,2001,941.151
bol,sex_t,age_aggregate_total,eco_aggregate_mkt,2002,963.529
bol,sex_t,age_aggregate_total,eco_aggregate_mkt,2005,1146.576
bol,sex_t,age_aggregate_total,eco_aggregate_mkt,2006,1215.326
bol,sex_t,age_aggregate_total,eco_aggregate_mkt,2007,1223.676
bol,sex_t,age_aggregate_total,eco_aggregate_mkt,2008,1512.894
bol,sex_t,age_aggregate_total,eco_aggregate_mkt,2009,1489.062
bol,sex_t,age_aggregate_total,eco_aggregate_mkt,2011,1570.475
bol,sex_t,age_aggregate_total,eco_aggregate_mkt,2012,1625.602
bol,sex_t,age_aggregate_total,eco_aggregate_mkt,2013,1626.918
bol,sex_t,age_aggregate_total,eco_aggregate_mkt,2014,1684.95
bol,sex_t,age_aggregate_total,eco_aggregate_mkt,2015,1680.991
bol,sex_t,age_aggregate_total,eco_aggregate_mkt,2016,1650.195
bol,sex_t,age_aggregate_total,eco_aggregate_mkt,2017,1746.252
bol,sex_t,age_aggregate_total,eco_aggregate_mkt,2018,1889.506
bol,sex_t,age_aggregate_total,eco_aggregate_mkt,2019,2070.808
bol,sex_t,age_aggregate_total,eco_aggregate_mkt,2020,2034.874
bol,sex_t,age_aggregate_total,eco_aggregate_mkt,2021,2355.677
bol,sex_t,age_aggregate_total,eco_aggregate_mkt,2022,2582.033
bol,sex_t,age_aggregate_total,eco_aggregate_mkt,2023,2606.554
bol,sex_t,age_aggregate_total,eco_aggregate_mkt,2024,2726.702
bol,sex_t,age_aggregate_total,eco_aggregate_pub,1989,330.011
bol,sex_t,age_aggregate_total,eco_aggregate_pub,1990,350.754
bol,sex_t,age_aggregate_total,eco_aggregate_pub,1991,274.297
bol,sex_t,age_aggregate_total,eco_aggregate_pub,1992,259.915
bol,sex_t,age_aggregate_total,eco_aggregate_pub,1993,279.888
bol,sex_t,age_aggregate_total,eco_aggregate_pub,1994,281.965
bol,sex_t,age_aggregate_total,eco_aggregate_pub,1995,293.828
bol,sex_t,age_aggregate_total,eco_aggregate_pub,1999,307.684
bol,sex_t,age_aggregate_total,eco_aggregate_pub,2000,537.193
bol,sex_t,age_aggregate_total,eco_aggregate_pub,2001,511.614
bol,sex_t,age_aggregate_total,eco_aggregate_pub,2002,521.002
bol,sex_t,age_aggregate_total,eco_aggregate_pub,2005,603.189
bol,sex_t,age_aggregate_total,eco_aggregate_pub,2006,689.096
bol,sex_t,age_aggregate_total,eco_aggregate_pub,2007,787.938
bol,sex_t,age_aggregate_total,eco_aggregate_pub,2008,717.784
bol,sex_t,age_aggregate_total,eco_aggregate_pub,2009,837.621
bol,sex_t,age_aggregate_total,eco_aggregate_pub,2011,785.356
bol,sex_t,age_aggregate_total,eco_aggregate_pub,2012,782.516
bol,sex_t,age_aggregate_total,eco_aggregate_pub,2013,871.771
bol,sex_t,age_aggregate_total,eco_aggregate_pub,2014,774.093
bol,sex_t,age_aggregate_total,eco_aggregate_pub,2015,735.711
bol,sex_t,age_aggregate_total,eco_aggregate_pub,2016,745.294
bol,sex_t,age_aggregate_total,eco_aggregate_pub,2017,741.265
bol,sex_t,age_aggregate_total,eco_aggregate_pub,2018,758.525
bol,sex_t,age_aggregate_total,eco_aggregate_pub,2019,845.212
bol,sex_t,age_aggregate_total,eco_aggregate_pub,2020,784.865
bol,sex_t,age_aggregate_total,eco_aggregate_pub,2021,833.049
bol,sex_t,age_aggregate_total,eco_aggregate_pub,2022,917.047
bol,sex_t,age_aggregate_total,eco_aggregate_pub,2023,995.555
bol,sex_t,age_aggregate_total,eco_aggregate_pub,2024,1035.318
bol,sex_t,age_aggregate_total,eco_aggregate_total,1989,869.424
bol,sex_t,age_aggregate_total,eco_aggregate_total,1990,896.803
bol,sex_t,age_aggregate_total,eco_aggregate_total,1991,955.359
bol,sex_t,age_aggregate_total,eco_aggregate_total,1992,988.615
bol,sex_t,age_aggregate_total,eco_aggregate_total,1993,1060.141
bol,sex_t,age_aggregate_total,eco_aggregate_total,1994,1153.317
bol,sex_t,age_aggregate_total,eco_aggregate_total,1995,1203.424
bol,sex_t,age_aggregate_total,eco_aggregate_total,1999,3749.15
bol,sex_t,age_aggregate_total,eco_aggregate_total,2000,3398.018
bol,sex_t,age_aggregate_total,eco_aggregate_total,2001,3529.509
bol,sex_t,age_aggregate_total,eco_aggregate_total,2002,3556.015
bol,sex_t,age_aggregate_total,eco_aggregate_total,2005,3938.571
bol,sex_t,age_aggregate_total,eco_aggregate_total,2006,4184.254
bol,sex_t,age_aggregate_total,eco_aggregate_total,2007,4337.788
bol,sex_t,age_aggregate_total,eco_aggregate_total,2008,4577.392
bol,sex_t,age_aggregate_total,eco_aggregate_total,2009,4725.2
bol,sex_t,age_aggregate_total,eco_aggregate_total,2011,4795.846
bol,sex_t,age_aggregate_total,eco_aggregate_total,2012,4693.304
bol,sex_t,age_aggregate_total,eco_aggregate_total,2013,4945.704
bol,sex_t,age_aggregate_total,eco_aggregate_total,2014,5082.334
bol,sex_t,age_aggregate_total,eco_aggregate_total,2015,4898.788
bol,sex_t,age_aggregate_total,eco_aggregate_total,2016,4851.473
bol,sex_t,age_aggregate_total,eco_aggregate_total,2017,5038.909
bol,sex_t,age_aggregate_total,eco_aggregate_total,2018,5365.984
bol,sex_t,age_aggregate_total,eco_aggregate_total,2019,5622.105
bol,sex_t,age_aggregate_total,eco_aggregate_total,2020,5437.862
bol,sex_t,age_aggregate_total,eco_aggregate_total,2021,6149.056
bol,sex_t,age_aggregate_total,eco_aggregate_total,2022,6409.114
bol,sex_t,age_aggregate_total,eco_aggregate_total,2023,6580.994
bol,sex_t,age_aggregate_total,eco_aggregate_total,2024,6822.598
bol,sex_t,age_aggregate_total,eco_aggregate_x,1989,22.022
bol,sex_t,age_aggregate_total,eco_aggregate_x,1990,27.38
bol,sex_t,age_aggregate_total,eco_aggregate_x,1992,1.201
bol,sex_t,age_aggregate_total,eco_aggregate_x,1995,1.677
bol,sex_t,age_aggregate_total,eco_aggregate_x,1999,216.454
bol,sex_t,age_aggregate_total,eco_aggregate_x,2000,31.865
bol,sex_t,age_aggregate_total,eco_aggregate_x,2001,27.322
bol,sex_t,age_aggregate_total,eco_aggregate_x,2014,1.522
bol,sex_t,age_aggregate_total,eco_aggregate_x,2015,4.08
bol,sex_t,age_aggregate_total,eco_aggregate_x,2017,0.864
bol,sex_t,age_aggregate_total,eco_aggregate_x,2020,8.782
bol,sex_t,age_aggregate_total,eco_aggregate_x,2021,7.559
bol,sex_t,age_aggregate_total,eco_aggregate_x,2022,9.771
bol,sex_t,age_aggregate_total,eco_aggregate_x,2023,8.709
bol,sex_t,age_aggregate_total,eco_aggregate_x,2024,13.279
bol,sex_t,age_aggregate_total,eco_isic3_a,1991,16.711
bol,sex_t,age_aggregate_total,eco_isic3_a,1992,20.615
bol,sex_t,age_aggregate_total,eco_isic3_a,1993,19.757
bol,sex_t,age_aggregate_total,eco_isic3_a,1994,17.681
bol,sex_t,age_aggregate_total,eco_isic3_a,1995,27.066
bol,sex_t,age_aggregate_total,eco_isic3_a,1999,7.389
bol,sex_t,age_aggregate_total,eco_isic3_a,2000,1244.753
bol,sex_t,age_aggregate_total,eco_isic3_a,2001,1462.604
bol,sex_t,age_aggregate_total,eco_isic3_a,2002,1401.095
bol,sex_t,age_aggregate_total,eco_isic3_a,2005,1381.243
bol,sex_t,age_aggregate_total,eco_isic3_a,2006,1500.67
bol,sex_t,age_aggregate_total,eco_isic3_a,2007,1436.731
bol,sex_t,age_aggregate_total,eco_isic3_a,2008,1419.899
bol,sex_t,age_aggregate_total,eco_isic3_a,2009,1413.898
bol,sex_t,age_aggregate_total,eco_isic3_b,2002,3.073
bol,sex_t,age_aggregate_total,eco_isic3_b,2005,4.554
bol,sex_t,age_aggregate_total,eco_isic3_b,2006,12.364
bol,sex_t,age_aggregate_total,eco_isic3_b,2008,6.193
bol,sex_t,age_aggregate_total,eco_isic3_b,2009,6.872
bol,sex_t,age_aggregate_total,eco_isic3_c,1989,20.064
bol,sex_t,age_aggregate_total,eco_isic3_c,1990,11.3
bol,sex_t,age_aggregate_total,eco_isic3_c,1991,20.201
bol,sex_t,age_aggregate_total,eco_isic3_c,1992,18.143
bol,sex_t,age_aggregate_total,eco_isic3_c,1993,14.823
bol,sex_t,age_aggregate_total,eco_isic3_c,1994,14.773
bol,sex_t,age_aggregate_total,eco_isic3_c,1995,18.536
bol,sex_t,age_aggregate_total,eco_isic3_c,1999,79.517
bol,sex_t,age_aggregate_total,eco_isic3_c,2000,52.172
bol,sex_t,age_aggregate_total,eco_isic3_c,2001,48.9
bol,sex_t,age_aggregate_total,eco_isic3_c,2002,37.297
bol,sex_t,age_aggregate_total,eco_isic3_c,2005,70.917
bol,sex_t,age_aggregate_total,eco_isic3_c,2006,55.518
bol,sex_t,age_aggregate_total,eco_isic3_c,2007,68.704
bol,sex_t,age_aggregate_total,eco_isic3_c,2008,59.244
bol,sex_t,age_aggregate_total,eco_isic3_c,2009,50.118
bol,sex_t,age_aggregate_total,eco_isic3_d,1989,127.204
bol,sex_t,age_aggregate_total,eco_isic3_d,1990,150.327
bol,sex_t,age_aggregate_total,eco_isic3_d,1991,171.219
bol,sex_t,age_aggregate_total,eco_isic3_d,1992,192.544
bol,sex_t,age_aggregate_total,eco_isic3_d,1993,192.985
bol,sex_t,age_aggregate_total,eco_isic3_d,1994,208.481
bol,sex_t,age_aggregate_total,eco_isic3_d,1995,220.83
bol,sex_t,age_aggregate_total,eco_isic3_d,1999,374.198
bol,sex_t,age_aggregate_total,eco_isic3_d,2000,356.881
bol,sex_t,age_aggregate_total,eco_isic3_d,2001,339.415
bol,sex_t,age_aggregate_total,eco_isic3_d,2002,417.064
bol,sex_t,age_aggregate_total,eco_isic3_d,2005,448.335
bol,sex_t,age_aggregate_total,eco_isic3_d,2006,456.498
bol,sex_t,age_aggregate_total,eco_isic3_d,2007,495.457
bol,sex_t,age_aggregate_total,eco_isic3_d,2008,517.609
bol,sex_t,age_aggregate_total,eco_isic3_d,2009,551.658
bol,sex_t,age_aggregate_total,eco_isic3_e,1989,3.803
bol,sex_t,age_aggregate_total,eco_isic3_e,1990,4.118
bol,sex_t,age_aggregate_total,eco_isic3_e,1991,7.369
bol,sex_t,age_aggregate_total,eco_isic3_e,1992,7.607
bol,sex_t,age_aggregate_total,eco_isic3_e,1993,4.471
bol,sex_t,age_aggregate_total,eco_isic3_e,1994,5.373
bol,sex_t,age_aggregate_total,eco_isic3_e,1995,4.981
bol,sex_t,age_aggregate_total,eco_isic3_e,1999,100.186
bol,sex_t,age_aggregate_total,eco_isic3_e,2000,17.243
bol,sex_t,age_aggregate_total,eco_isic3_e,2001,10.872
bol,sex_t,age_aggregate_total,eco_isic3_e,2002,8.057
bol,sex_t,age_aggregate_total,eco_isic3_e,2005,13.88
bol,sex_t,age_aggregate_total,eco_isic3_e,2006,13.01
bol,sex_t,age_aggregate_total,eco_isic3_e,2007,14.787
bol,sex_t,age_aggregate_total,eco_isic3_e,2008,18.276
bol,sex_t,age_aggregate_total,eco_isic3_e,2009,12.341
bol,sex_t,age_aggregate_total,eco_isic3_f,1991,83.564
bol,sex_t,age_aggregate_total,eco_isic3_f,1992,91.92
bol,sex_t,age_aggregate_total,eco_isic3_f,1993,86.24
bol,sex_t,age_aggregate_total,eco_isic3_f,1994,112.654
bol,sex_t,age_aggregate_total,eco_isic3_f,1995,103.991
bol,sex_t,age_aggregate_total,eco_isic3_f,2000,237.647
bol,sex_t,age_aggregate_total,eco_isic3_f,2001,187.631
bol,sex_t,age_aggregate_total,eco_isic3_f,2002,204.898
bol,sex_t,age_aggregate_total,eco_isic3_f,2005,269.877
bol,sex_t,age_aggregate_total,eco_isic3_f,2006,241.772
bol,sex_t,age_aggregate_total,eco_isic3_f,2007,308.9
bol,sex_t,age_aggregate_total,eco_isic3_f,2008,324.149
bol,sex_t,age_aggregate_total,eco_isic3_f,2009,363.63
bol,sex_t,age_aggregate_total,eco_isic3_g,1989,62.419
bol,sex_t,age_aggregate_total,eco_isic3_g,1990,59.64
bol,sex_t,age_aggregate_total,eco_isic3_g,1991,235.742
bol,sex_t,age_aggregate_total,eco_isic3_g,1992,248.962
bol,sex_t,age_aggregate_total,eco_isic3_g,1993,271.903
bol,sex_t,age_aggregate_total,eco_isic3_g,1994,311.546
bol,sex_t,age_aggregate_total,eco_isic3_g,1995,326.958
bol,sex_t,age_aggregate_total,eco_isic3_g,1999,542.764
bol,sex_t,age_aggregate_total,eco_isic3_g,2000,542.454
bol,sex_t,age_aggregate_total,eco_isic3_g,2001,519.005
bol,sex_t,age_aggregate_total,eco_isic3_g,2002,526.775
bol,sex_t,age_aggregate_total,eco_isic3_g,2005,614.464
bol,sex_t,age_aggregate_total,eco_isic3_g,2006,622.322
bol,sex_t,age_aggregate_total,eco_isic3_g,2007,643.086
bol,sex_t,age_aggregate_total,eco_isic3_g,2008,812.28
bol,sex_t,age_aggregate_total,eco_isic3_g,2009,741.929
bol,sex_t,age_aggregate_total,eco_isic3_h,1991,41.507
bol,sex_t,age_aggregate_total,eco_isic3_h,1992,37.379
bol,sex_t,age_aggregate_total,eco_isic3_h,1993,52.567
bol,sex_t,age_aggregate_total,eco_isic3_h,1994,65.609
bol,sex_t,age_aggregate_total,eco_isic3_h,1995,65.125
bol,sex_t,age_aggregate_total,eco_isic3_h,2000,105.832
bol,sex_t,age_aggregate_total,eco_isic3_h,2001,125.938
bol,sex_t,age_aggregate_total,eco_isic3_h,2002,168.809
bol,sex_t,age_aggregate_total,eco_isic3_h,2005,162.2
bol,sex_t,age_aggregate_total,eco_isic3_h,2006,171.571
bol,sex_t,age_aggregate_total,eco_isic3_h,2007,148.162
bol,sex_t,age_aggregate_total,eco_isic3_h,2008,200.317
bol,sex_t,age_aggregate_total,eco_isic3_h,2009,220.951
bol,sex_t,age_aggregate_total,eco_isic3_i,1989,236.369
bol,sex_t,age_aggregate_total,eco_isic3_i,1990,225.63
bol,sex_t,age_aggregate_total,eco_isic3_i,1991,68.058
bol,sex_t,age_aggregate_total,eco_isic3_i,1992,70.916
bol,sex_t,age_aggregate_total,eco_isic3_i,1993,89.619
bol,sex_t,age_aggregate_total,eco_isic3_i,1994,86.995
bol,sex_t,age_aggregate_total,eco_isic3_i,1995,91.942
bol,sex_t,age_aggregate_total,eco_isic3_i,1999,1465.703
bol,sex_t,age_aggregate_total,eco_isic3_i,2000,155.868
bol,sex_t,age_aggregate_total,eco_isic3_i,2001,178.415
bol,sex_t,age_aggregate_total,eco_isic3_i,2002,172.653
bol,sex_t,age_aggregate_total,eco_isic3_i,2005,252.644
bol,sex_t,age_aggregate_total,eco_isic3_i,2006,246.478
bol,sex_t,age_aggregate_total,eco_isic3_i,2007,269.179
bol,sex_t,age_aggregate_total,eco_isic3_i,2008,337.595
bol,sex_t,age_aggregate_total,eco_isic3_i,2009,327.911
bol,sex_t,age_aggregate_total,eco_isic3_j,1991,9.547
bol,sex_t,age_aggregate_total,eco_isic3_j,1992,8.225
bol,sex_t,age_aggregate_total,eco_isic3_j,1993,13.527
bol,sex_t,age_aggregate_total,eco_isic3_j,1994,12.915
bol,sex_t,age_aggregate_total,eco_isic3_j,1995,13.362
bol,sex_t,age_aggregate_total,eco_isic3_j,2000,19.967
bol,sex_t,age_aggregate_total,eco_isic3_j,2001,20.144
bol,sex_t,age_aggregate_total,eco_isic3_j,2002,17.34
bol,sex_t,age_aggregate_total,eco_isic3_j,2005,13.124
bol,sex_t,age_aggregate_total,eco_isic3_j,2006,23.337
bol,sex_t,age_aggregate_total,eco_isic3_j,2007,28.073
bol,sex_t,age_aggregate_total,eco_isic3_j,2008,32.375
bol,sex_t,age_aggregate_total,eco_isic3_j,2009,38.815
bol,sex_t,age_aggregate_total,eco_isic3_k,1989,67.532
bol,sex_t,age_aggregate_total,eco_isic3_k,1990,67.654
bol,sex_t,age_aggregate_total,eco_isic3_k,1991,27.033
bol,sex_t,age_aggregate_total,eco_isic3_k,1992,31.188
bol,sex_t,age_aggregate_total,eco_isic3_k,1993,34.236
bol,sex_t,age_aggregate_total,eco_isic3_k,1994,35.015
bol,sex_t,age_aggregate_total,eco_isic3_k,1995,35.052
bol,sex_t,age_aggregate_total,eco_isic3_k,1999,655.255
bol,sex_t,age_aggregate_total,eco_isic3_k,2000,96.143
bol,sex_t,age_aggregate_total,eco_isic3_k,2001,97.649
bol,sex_t,age_aggregate_total,eco_isic3_k,2002,77.952
bol,sex_t,age_aggregate_total,eco_isic3_k,2005,104.144
bol,sex_t,age_aggregate_total,eco_isic3_k,2006,151.618
bol,sex_t,age_aggregate_total,eco_isic3_k,2007,135.176
bol,sex_t,age_aggregate_total,eco_isic3_k,2008,130.327
bol,sex_t,age_aggregate_total,eco_isic3_k,2009,159.456
bol,sex_t,age_aggregate_total,eco_isic3_l,1991,57.299
bol,sex_t,age_aggregate_total,eco_isic3_l,1992,57.9
bol,sex_t,age_aggregate_total,eco_isic3_l,1993,57.587
bol,sex_t,age_aggregate_total,eco_isic3_l,1994,57.566
bol,sex_t,age_aggregate_total,eco_isic3_l,1995,56.563
bol,sex_t,age_aggregate_total,eco_isic3_l,2000,80.599
bol,sex_t,age_aggregate_total,eco_isic3_l,2001,69.557
bol,sex_t,age_aggregate_total,eco_isic3_l,2002,75.31
bol,sex_t,age_aggregate_total,eco_isic3_l,2005,91.046
bol,sex_t,age_aggregate_total,eco_isic3_l,2006,114.794
bol,sex_t,age_aggregate_total,eco_isic3_l,2007,152.114
bol,sex_t,age_aggregate_total,eco_isic3_l,2008,163.38
bol,sex_t,age_aggregate_total,eco_isic3_l,2009,143.353
bol,sex_t,age_aggregate_total,eco_isic3_m,1989,21.967
bol,sex_t,age_aggregate_total,eco_isic3_m,1990,27.528
bol,sex_t,age_aggregate_total,eco_isic3_m,1991,68.507
bol,sex_t,age_aggregate_total,eco_isic3_m,1992,63.174
bol,sex_t,age_aggregate_total,eco_isic3_m,1993,70.754
bol,sex_t,age_aggregate_total,eco_isic3_m,1994,74.905
bol,sex_t,age_aggregate_total,eco_isic3_m,1995,73.073
bol,sex_t,age_aggregate_total,eco_isic3_m,2000,164.14
bol,sex_t,age_aggregate_total,eco_isic3_m,2001,155.787
bol,sex_t,age_aggregate_total,eco_isic3_m,2002,149.44
bol,sex_t,age_aggregate_total,eco_isic3_m,2005,192.72
bol,sex_t,age_aggregate_total,eco_isic3_m,2006,217.437
bol,sex_t,age_aggregate_total,eco_isic3_m,2007,223.064
bol,sex_t,age_aggregate_total,eco_isic3_m,2008,222.947
bol,sex_t,age_aggregate_total,eco_isic3_m,2009,280.137
bol,sex_t,age_aggregate_total,eco_isic3_n,1991,26.432
bol,sex_t,age_aggregate_total,eco_isic3_n,1992,25.45
bol,sex_t,age_aggregate_total,eco_isic3_n,1993,33.579
bol,sex_t,age_aggregate_total,eco_isic3_n,1994,32.252
bol,sex_t,age_aggregate_total,eco_isic3_n,1995,34.425
bol,sex_t,age_aggregate_total,eco_isic3_n,2000,52.908
bol,sex_t,age_aggregate_total,eco_isic3_n,2001,60.038
bol,sex_t,age_aggregate_total,eco_isic3_n,2002,62.32
bol,sex_t,age_aggregate_total,eco_isic3_n,2005,64.044
bol,sex_t,age_aggregate_total,eco_isic3_n,2006,96.936
bol,sex_t,age_aggregate_total,eco_isic3_n,2007,108.476
bol,sex_t,age_aggregate_total,eco_isic3_n,2008,103.805
bol,sex_t,age_aggregate_total,eco_isic3_n,2009,125.985
bol,sex_t,age_aggregate_total,eco_isic3_o,1989,157.598
bol,sex_t,age_aggregate_total,eco_isic3_o,1990,164.124
bol,sex_t,age_aggregate_total,eco_isic3_o,1991,57.158
bol,sex_t,age_aggregate_total,eco_isic3_o,1992,50.523
bol,sex_t,age_aggregate_total,eco_isic3_o,1993,38.476
bol,sex_t,age_aggregate_total,eco_isic3_o,1994,45.138
bol,sex_t,age_aggregate_total,eco_isic3_o,1995,47.466
bol,sex_t,age_aggregate_total,eco_isic3_o,1999,307.684
bol,sex_t,age_aggregate_total,eco_isic3_o,2000,104.038
bol,sex_t,age_aggregate_total,eco_isic3_o,2001,98.32
bol,sex_t,age_aggregate_total,eco_isic3_o,2002,112.614
bol,sex_t,age_aggregate_total,eco_isic3_o,2005,149.43
bol,sex_t,age_aggregate_total,eco_isic3_o,2006,142.838
bol,sex_t,age_aggregate_total,eco_isic3_o,2007,145.615
bol,sex_t,age_aggregate_total,eco_isic3_o,2008,116.331
bol,sex_t,age_aggregate_total,eco_isic3_o,2009,156.599
bol,sex_t,age_aggregate_total,eco_isic3_p,1989,150.446
bol,sex_t,age_aggregate_total,eco_isic3_p,1990,159.102
bol,sex_t,age_aggregate_total,eco_isic3_p,1991,62.282
bol,sex_t,age_aggregate_total,eco_isic3_p,1992,56.274
bol,sex_t,age_aggregate_total,eco_isic3_p,1993,77.937
bol,sex_t,age_aggregate_total,eco_isic3_p,1994,69.36
bol,sex_t,age_aggregate_total,eco_isic3_p,1995,79.003
bol,sex_t,age_aggregate_total,eco_isic3_p,2000,132.641
bol,sex_t,age_aggregate_total,eco_isic3_p,2001,127.303
bol,sex_t,age_aggregate_total,eco_isic3_p,2002,117.394
bol,sex_t,age_aggregate_total,eco_isic3_p,2005,101.917
bol,sex_t,age_aggregate_total,eco_isic3_p,2006,116.543
bol,sex_t,age_aggregate_total,eco_isic3_p,2007,156.673
bol,sex_t,age_aggregate_total,eco_isic3_p,2008,107.996
bol,sex_t,age_aggregate_total,eco_isic3_p,2009,121.589
bol,sex_t,age_aggregate_total,eco_isic3_q,1991,2.619
bol,sex_t,age_aggregate_total,eco_isic3_q,1992,6.594
bol,sex_t,age_aggregate_total,eco_isic3_q,1993,1.555
bol,sex_t,age_aggregate_total,eco_isic3_q,1994,2.744
bol,sex_t,age_aggregate_total,eco_isic3_q,1995,3.298
bol,sex_t,age_aggregate_total,eco_isic3_q,2002,3.924
bol,sex_t,age_aggregate_total,eco_isic3_q,2008,3.325
bol,sex_t,age_aggregate_total,eco_isic3_q,2009,9.958
bol,sex_t,age_aggregate_total,eco_isic3_total,1989,869.424
bol,sex_t,age_aggregate_total,eco_isic3_total,1990,896.803
bol,sex_t,age_aggregate_total,eco_isic3_total,1991,955.359
bol,sex_t,age_aggregate_total,eco_isic3_total,1992,988.615
bol,sex_t,age_aggregate_total,eco_isic3_total,1993,1060.141
bol,sex_t,age_aggregate_total,eco_isic3_total,1994,1153.317
bol,sex_t,age_aggregate_total,eco_isic3_total,1995,1203.424
bol,sex_t,age_aggregate_total,eco_isic3_total,1999,3749.15
bol,sex_t,age_aggregate_total,eco_isic3_total,2000,3398.018
bol,sex_t,age_aggregate_total,eco_isic3_total,2001,3529.509
bol,sex_t,age_aggregate_total,eco_isic3_total,2002,3556.015
bol,sex_t,age_aggregate_total,eco_isic3_total,2005,3938.571
bol,sex_t,age_aggregate_total,eco_isic3_total,2006,4184.254
bol,sex_t,age_aggregate_total,eco_isic3_total,2007,4337.788
bol,sex_t,age_aggregate_total,eco_isic3_total,2008,4577.392
bol,sex_t,age_aggregate_total,eco_isic3_total,2009,4725.2
bol,sex_t,age_aggregate_total,eco_isic3_x,1989,22.022
bol,sex_t,age_aggregate_total,eco_isic3_x,1990,27.38
bol,sex_t,age_aggregate_total,eco_isic3_x,1992,1.201
bol,sex_t,age_aggregate_total,eco_isic3_x,1995,1.677
bol,sex_t,age_aggregate_total,eco_isic3_x,1999,216.454
bol,sex_t,age_aggregate_total,eco_isic3_x,2000,31.865
bol,sex_t,age_aggregate_total,eco_isic3_x,2001,27.322
bol,sex_t,age_aggregate_total,eco_isic4_a,2011,1591.152
bol,sex_t,age_aggregate_total,eco_isic4_a,2012,1448.145
bol,sex_t,age_aggregate_total,eco_isic4_a,2013,1620.179
bol,sex_t,age_aggregate_total,eco_isic4_a,2014,1574.434
bol,sex_t,age_aggregate_total,eco_isic4_a,2015,1452.621
bol,sex_t,age_aggregate_total,eco_isic4_a,2016,1442.93
bol,sex_t,age_aggregate_total,eco_isic4_a,2017,1536.108
bol,sex_t,age_aggregate_total,eco_isic4_a,2018,1667.213
bol,sex_t,age_aggregate_total,eco_isic4_a,2019,1541.267
bol,sex_t,age_aggregate_total,eco_isic4_a,2020,1628.759
bol,sex_t,age_aggregate_total,eco_isic4_a,2021,1697.965
bol,sex_t,age_aggregate_total,eco_isic4_a,2022,1587.558
bol,sex_t,age_aggregate_total,eco_isic4_a,2023,1648.257
bol,sex_t,age_aggregate_total,eco_isic4_a,2024,1581.931
bol,sex_t,age_aggregate_total,eco_isic4_b,2011,110.618
bol,sex_t,age_aggregate_total,eco_isic4_b,2012,125.23
bol,sex_t,age_aggregate_total,eco_isic4_b,2013,128.831
bol,sex_t,age_aggregate_total,eco_isic4_b,2014,106.886
bol,sex_t,age_aggregate_total,eco_isic4_b,2015,117.237
bol,sex_t,age_aggregate_total,eco_isic4_b,2016,88.1
bol,sex_t,age_aggregate_total,eco_isic4_b,2017,74.304
bol,sex_t,age_aggregate_total,eco_isic4_b,2018,92.324
bol,sex_t,age_aggregate_total,eco_isic4_b,2019,75.167
bol,sex_t,age_aggregate_total,eco_isic4_b,2020,57.762
bol,sex_t,age_aggregate_total,eco_isic4_b,2021,80.136
bol,sex_t,age_aggregate_total,eco_isic4_b,2022,86.277
bol,sex_t,age_aggregate_total,eco_isic4_b,2023,80.626
bol,sex_t,age_aggregate_total,eco_isic4_b,2024,98.5
bol,sex_t,age_aggregate_total,eco_isic4_c,2011,346.934
bol,sex_t,age_aggregate_total,eco_isic4_c,2012,330.458
bol,sex_t,age_aggregate_total,eco_isic4_c,2013,338.721
bol,sex_t,age_aggregate_total,eco_isic4_c,2014,478.174
bol,sex_t,age_aggregate_total,eco_isic4_c,2015,422.4
bol,sex_t,age_aggregate_total,eco_isic4_c,2016,482.295
bol,sex_t,age_aggregate_total,eco_isic4_c,2017,497.148
bol,sex_t,age_aggregate_total,eco_isic4_c,2018,537.143
bol,sex_t,age_aggregate_total,eco_isic4_c,2019,630.741
bol,sex_t,age_aggregate_total,eco_isic4_c,2020,476.579
bol,sex_t,age_aggregate_total,eco_isic4_c,2021,702.705
bol,sex_t,age_aggregate_total,eco_isic4_c,2022,732.13
bol,sex_t,age_aggregate_total,eco_isic4_c,2023,761.091
bol,sex_t,age_aggregate_total,eco_isic4_c,2024,851.178
bol,sex_t,age_aggregate_total,eco_isic4_d,2011,7.912
bol,sex_t,age_aggregate_total,eco_isic4_d,2012,16.317
bol,sex_t,age_aggregate_total,eco_isic4_d,2013,9.486
bol,sex_t,age_aggregate_total,eco_isic4_d,2014,9.634
bol,sex_t,age_aggregate_total,eco_isic4_d,2015,9.666
bol,sex_t,age_aggregate_total,eco_isic4_d,2016,10.804
bol,sex_t,age_aggregate_total,eco_isic4_d,2017,7.122
bol,sex_t,age_aggregate_total,eco_isic4_d,2018,8.611
bol,sex_t,age_aggregate_total,eco_isic4_d,2019,10.128
bol,sex_t,age_aggregate_total,eco_isic4_d,2020,10.411
bol,sex_t,age_aggregate_total,eco_isic4_d,2021,11.963
bol,sex_t,age_aggregate_total,eco_isic4_d,2022,13.485
bol,sex_t,age_aggregate_total,eco_isic4_d,2023,11.163
bol,sex_t,age_aggregate_total,eco_isic4_d,2024,14.884
bol,sex_t,age_aggregate_total,eco_isic4_e,2011,7.724
bol,sex_t,age_aggregate_total,eco_isic4_e,2012,11.082
bol,sex_t,age_aggregate_total,eco_isic4_e,2013,7.701
bol,sex_t,age_aggregate_total,eco_isic4_e,2014,6.625
bol,sex_t,age_aggregate_total,eco_isic4_e,2015,8.921
bol,sex_t,age_aggregate_total,eco_isic4_e,2016,7.528
bol,sex_t,age_aggregate_total,eco_isic4_e,2017,6.963
bol,sex_t,age_aggregate_total,eco_isic4_e,2018,7.869
bol,sex_t,age_aggregate_total,eco_isic4_e,2019,7.197
bol,sex_t,age_aggregate_total,eco_isic4_e,2020,4.517
bol,sex_t,age_aggregate_total,eco_isic4_e,2021,8.796
bol,sex_t,age_aggregate_total,eco_isic4_e,2022,8.544
bol,sex_t,age_aggregate_total,eco_isic4_e,2023,9.174
bol,sex_t,age_aggregate_total,eco_isic4_e,2024,8.05
bol,sex_t,age_aggregate_total,eco_isic4_f,2011,375.675
bol,sex_t,age_aggregate_total,eco_isic4_f,2012,353.954
bol,sex_t,age_aggregate_total,eco_isic4_f,2013,341.937
bol,sex_t,age_aggregate_total,eco_isic4_f,2014,446.016
bol,sex_t,age_aggregate_total,eco_isic4_f,2015,467.161
bol,sex_t,age_aggregate_total,eco_isic4_f,2016,424.213
bol,sex_t,age_aggregate_total,eco_isic4_f,2017,428.883
bol,sex_t,age_aggregate_total,eco_isic4_f,2018,404.793
bol,sex_t,age_aggregate_total,eco_isic4_f,2019,441.585
bol,sex_t,age_aggregate_total,eco_isic4_f,2020,431.312
bol,sex_t,age_aggregate_total,eco_isic4_f,2021,451.205
bol,sex_t,age_aggregate_total,eco_isic4_f,2022,472.271
bol,sex_t,age_aggregate_total,eco_isic4_f,2023,459.865
bol,sex_t,age_aggregate_total,eco_isic4_f,2024,492.756
bol,sex_t,age_aggregate_total,eco_isic4_g,2011,793.806
bol,sex_t,age_aggregate_total,eco_isic4_g,2012,799.333
bol,sex_t,age_aggregate_total,eco_isic4_g,2013,792.455
bol,sex_t,age_aggregate_total,eco_isic4_g,2014,841.496
bol,sex_t,age_aggregate_total,eco_isic4_g,2015,789.75
bol,sex_t,age_aggregate_total,eco_isic4_g,2016,784.058
bol,sex_t,age_aggregate_total,eco_isic4_g,2017,823.699
bol,sex_t,age_aggregate_total,eco_isic4_g,2018,902.276
bol,sex_t,age_aggregate_total,eco_isic4_g,2019,962.718
bol,sex_t,age_aggregate_total,eco_isic4_g,2020,1021.548
bol,sex_t,age_aggregate_total,eco_isic4_g,2021,1162.077
bol,sex_t,age_aggregate_total,eco_isic4_g,2022,1212.042
bol,sex_t,age_aggregate_total,eco_isic4_g,2023,1220.88
bol,sex_t,age_aggregate_total,eco_isic4_g,2024,1261.242
bol,sex_t,age_aggregate_total,eco_isic4_h,2011,283.163
bol,sex_t,age_aggregate_total,eco_isic4_h,2012,294.862
bol,sex_t,age_aggregate_total,eco_isic4_h,2013,280.871
bol,sex_t,age_aggregate_total,eco_isic4_h,2014,297.657
bol,sex_t,age_aggregate_total,eco_isic4_h,2015,316.255
bol,sex_t,age_aggregate_total,eco_isic4_h,2016,325.861
bol,sex_t,age_aggregate_total,eco_isic4_h,2017,342.755
bol,sex_t,age_aggregate_total,eco_isic4_h,2018,344.591
bol,sex_t,age_aggregate_total,eco_isic4_h,2019,396.359
bol,sex_t,age_aggregate_total,eco_isic4_h,2020,323.879
bol,sex_t,age_aggregate_total,eco_isic4_h,2021,404.475
bol,sex_t,age_aggregate_total,eco_isic4_h,2022,459.447
bol,sex_t,age_aggregate_total,eco_isic4_h,2023,454.938
bol,sex_t,age_aggregate_total,eco_isic4_h,2024,474.826
bol,sex_t,age_aggregate_total,eco_isic4_i,2011,236.93
bol,sex_t,age_aggregate_total,eco_isic4_i,2012,259.915
bol,sex_t,age_aggregate_total,eco_isic4_i,2013,254.916
bol,sex_t,age_aggregate_total,eco_isic4_i,2014,266.961
bol,sex_t,age_aggregate_total,eco_isic4_i,2015,299.106
bol,sex_t,age_aggregate_total,eco_isic4_i,2016,289.295
bol,sex_t,age_aggregate_total,eco_isic4_i,2017,320.887
bol,sex_t,age_aggregate_total,eco_isic4_i,2018,368.483
bol,sex_t,age_aggregate_total,eco_isic4_i,2019,413.082
bol,sex_t,age_aggregate_total,eco_isic4_i,2020,358.158
bol,sex_t,age_aggregate_total,eco_isic4_i,2021,456.281
bol,sex_t,age_aggregate_total,eco_isic4_i,2022,543.053
bol,sex_t,age_aggregate_total,eco_isic4_i,2023,544.443
bol,sex_t,age_aggregate_total,eco_isic4_i,2024,596.935
bol,sex_t,age_aggregate_total,eco_isic4_j,2011,57.781
bol,sex_t,age_aggregate_total,eco_isic4_j,2012,50.72
bol,sex_t,age_aggregate_total,eco_isic4_j,2013,49.497
bol,sex_t,age_aggregate_total,eco_isic4_j,2014,53.967
bol,sex_t,age_aggregate_total,eco_isic4_j,2015,41.153
bol,sex_t,age_aggregate_total,eco_isic4_j,2016,39.16
bol,sex_t,age_aggregate_total,eco_isic4_j,2017,39.338
bol,sex_t,age_aggregate_total,eco_isic4_j,2018,39.564
bol,sex_t,age_aggregate_total,eco_isic4_j,2019,40.813
bol,sex_t,age_aggregate_total,eco_isic4_j,2020,41.56
bol,sex_t,age_aggregate_total,eco_isic4_j,2021,27.511
bol,sex_t,age_aggregate_total,eco_isic4_j,2022,29.221
bol,sex_t,age_aggregate_total,eco_isic4_j,2023,31.884
bol,sex_t,age_aggregate_total,eco_isic4_j,2024,36.141
bol,sex_t,age_aggregate_total,eco_isic4_k,2011,37.046
bol,sex_t,age_aggregate_total,eco_isic4_k,2012,40.573
bol,sex_t,age_aggregate_total,eco_isic4_k,2013,60.076
bol,sex_t,age_aggregate_total,eco_isic4_k,2014,47.487
bol,sex_t,age_aggregate_total,eco_isic4_k,2015,48.846
bol,sex_t,age_aggregate_total,eco_isic4_k,2016,40.174
bol,sex_t,age_aggregate_total,eco_isic4_k,2017,42.066
bol,sex_t,age_aggregate_total,eco_isic4_k,2018,42.587
bol,sex_t,age_aggregate_total,eco_isic4_k,2019,38.977
bol,sex_t,age_aggregate_total,eco_isic4_k,2020,58.68
bol,sex_t,age_aggregate_total,eco_isic4_k,2021,48.391
bol,sex_t,age_aggregate_total,eco_isic4_k,2022,49.856
bol,sex_t,age_aggregate_total,eco_isic4_k,2023,48.589
bol,sex_t,age_aggregate_total,eco_isic4_k,2024,50.38
bol,sex_t,age_aggregate_total,eco_isic4_l,2011,8.132
bol,sex_t,age_aggregate_total,eco_isic4_l,2012,5.969
bol,sex_t,age_aggregate_total,eco_isic4_l,2013,6.613
bol,sex_t,age_aggregate_total,eco_isic4_l,2014,8.965
bol,sex_t,age_aggregate_total,eco_isic4_l,2015,8.941
bol,sex_t,age_aggregate_total,eco_isic4_l,2016,19.943
bol,sex_t,age_aggregate_total,eco_isic4_l,2017,27.591
bol,sex_t,age_aggregate_total,eco_isic4_l,2018,26.732
bol,sex_t,age_aggregate_total,eco_isic4_l,2019,26.343
bol,sex_t,age_aggregate_total,eco_isic4_l,2020,14.379
bol,sex_t,age_aggregate_total,eco_isic4_l,2021,31.867
bol,sex_t,age_aggregate_total,eco_isic4_l,2022,29
bol,sex_t,age_aggregate_total,eco_isic4_l,2023,33.233
bol,sex_t,age_aggregate_total,eco_isic4_l,2024,32.948
bol,sex_t,age_aggregate_total,eco_isic4_m,2011,110.078
bol,sex_t,age_aggregate_total,eco_isic4_m,2012,115.793
bol,sex_t,age_aggregate_total,eco_isic4_m,2013,122.61
bol,sex_t,age_aggregate_total,eco_isic4_m,2014,107.156
bol,sex_t,age_aggregate_total,eco_isic4_m,2015,109.366
bol,sex_t,age_aggregate_total,eco_isic4_m,2016,89.501
bol,sex_t,age_aggregate_total,eco_isic4_m,2017,91.148
bol,sex_t,age_aggregate_total,eco_isic4_m,2018,91.227
bol,sex_t,age_aggregate_total,eco_isic4_m,2019,97.472
bol,sex_t,age_aggregate_total,eco_isic4_m,2020,144.932
bol,sex_t,age_aggregate_total,eco_isic4_m,2021,116.426
bol,sex_t,age_aggregate_total,eco_isic4_m,2022,135.02
bol,sex_t,age_aggregate_total,eco_isic4_m,2023,136.006
bol,sex_t,age_aggregate_total,eco_isic4_m,2024,130.964
bol,sex_t,age_aggregate_total,eco_isic4_n,2011,43.539
bol,sex_t,age_aggregate_total,eco_isic4_n,2012,58.437
bol,sex_t,age_aggregate_total,eco_isic4_n,2013,59.88
bol,sex_t,age_aggregate_total,eco_isic4_n,2014,61.261
bol,sex_t,age_aggregate_total,eco_isic4_n,2015,67.574
bol,sex_t,age_aggregate_total,eco_isic4_n,2016,62.202
bol,sex_t,age_aggregate_total,eco_isic4_n,2017,58.768
bol,sex_t,age_aggregate_total,eco_isic4_n,2018,74.046
bol,sex_t,age_aggregate_total,eco_isic4_n,2019,95.045
bol,sex_t,age_aggregate_total,eco_isic4_n,2020,71.738
bol,sex_t,age_aggregate_total,eco_isic4_n,2021,108.649
bol,sex_t,age_aggregate_total,eco_isic4_n,2022,124.394
bol,sex_t,age_aggregate_total,eco_isic4_n,2023,136.581
bol,sex_t,age_aggregate_total,eco_isic4_n,2024,143.266
bol,sex_t,age_aggregate_total,eco_isic4_o,2011,163.855
bol,sex_t,age_aggregate_total,eco_isic4_o,2012,147.623
bol,sex_t,age_aggregate_total,eco_isic4_o,2013,180.371
bol,sex_t,age_aggregate_total,eco_isic4_o,2014,162.547
bol,sex_t,age_aggregate_total,eco_isic4_o,2015,168.201
bol,sex_t,age_aggregate_total,eco_isic4_o,2016,152.888
bol,sex_t,age_aggregate_total,eco_isic4_o,2017,138.786
bol,sex_t,age_aggregate_total,eco_isic4_o,2018,140.951
bol,sex_t,age_aggregate_total,eco_isic4_o,2019,146.76
bol,sex_t,age_aggregate_total,eco_isic4_o,2020,149.339
bol,sex_t,age_aggregate_total,eco_isic4_o,2021,136.028
bol,sex_t,age_aggregate_total,eco_isic4_o,2022,148.83
bol,sex_t,age_aggregate_total,eco_isic4_o,2023,148.158
bol,sex_t,age_aggregate_total,eco_isic4_o,2024,149.168
bol,sex_t,age_aggregate_total,eco_isic4_p,2011,248.315
bol,sex_t,age_aggregate_total,eco_isic4_p,2012,247.674
bol,sex_t,age_aggregate_total,eco_isic4_p,2013,272.269
bol,sex_t,age_aggregate_total,eco_isic4_p,2014,244.322
bol,sex_t,age_aggregate_total,eco_isic4_p,2015,207.098
bol,sex_t,age_aggregate_total,eco_isic4_p,2016,237.882
bol,sex_t,age_aggregate_total,eco_isic4_p,2017,237.016
bol,sex_t,age_aggregate_total,eco_isic4_p,2018,239.411
bol,sex_t,age_aggregate_total,eco_isic4_p,2019,262.43
bol,sex_t,age_aggregate_total,eco_isic4_p,2020,217.456
bol,sex_t,age_aggregate_total,eco_isic4_p,2021,250.487
bol,sex_t,age_aggregate_total,eco_isic4_p,2022,269.562
bol,sex_t,age_aggregate_total,eco_isic4_p,2023,311.279
bol,sex_t,age_aggregate_total,eco_isic4_p,2024,298.899
bol,sex_t,age_aggregate_total,eco_isic4_q,2011,127.314
bol,sex_t,age_aggregate_total,eco_isic4_q,2012,125.277
bol,sex_t,age_aggregate_total,eco_isic4_q,2013,166.037
bol,sex_t,age_aggregate_total,eco_isic4_q,2014,126.56
bol,sex_t,age_aggregate_total,eco_isic4_q,2015,129.058
bol,sex_t,age_aggregate_total,eco_isic4_q,2016,129.067
bol,sex_t,age_aggregate_total,eco_isic4_q,2017,124.281
bol,sex_t,age_aggregate_total,eco_isic4_q,2018,128.621
bol,sex_t,age_aggregate_total,eco_isic4_q,2019,142.701
bol,sex_t,age_aggregate_total,eco_isic4_q,2020,167.874
bol,sex_t,age_aggregate_total,eco_isic4_q,2021,156.635
bol,sex_t,age_aggregate_total,eco_isic4_q,2022,171.059
bol,sex_t,age_aggregate_total,eco_isic4_q,2023,189.196
bol,sex_t,age_aggregate_total,eco_isic4_q,2024,207.817
bol,sex_t,age_aggregate_total,eco_isic4_r,2011,37.105
bol,sex_t,age_aggregate_total,eco_isic4_r,2012,36.519
bol,sex_t,age_aggregate_total,eco_isic4_r,2013,39.017
bol,sex_t,age_aggregate_total,eco_isic4_r,2014,32.181
bol,sex_t,age_aggregate_total,eco_isic4_r,2015,33.365
bol,sex_t,age_aggregate_total,eco_isic4_r,2016,33.817
bol,sex_t,age_aggregate_total,eco_isic4_r,2017,35.372
bol,sex_t,age_aggregate_total,eco_isic4_r,2018,39.13
bol,sex_t,age_aggregate_total,eco_isic4_r,2019,39.862
bol,sex_t,age_aggregate_total,eco_isic4_r,2020,24.743
bol,sex_t,age_aggregate_total,eco_isic4_r,2021,30.24
bol,sex_t,age_aggregate_total,eco_isic4_r,2022,43.112
bol,sex_t,age_aggregate_total,eco_isic4_r,2023,57.666
bol,sex_t,age_aggregate_total,eco_isic4_r,2024,56.399
bol,sex_t,age_aggregate_total,eco_isic4_s,2011,110.525
bol,sex_t,age_aggregate_total,eco_isic4_s,2012,100.149
bol,sex_t,age_aggregate_total,eco_isic4_s,2013,103.46
bol,sex_t,age_aggregate_total,eco_isic4_s,2014,103.676
bol,sex_t,age_aggregate_total,eco_isic4_s,2015,111.838
bol,sex_t,age_aggregate_total,eco_isic4_s,2016,100.931
bol,sex_t,age_aggregate_total,eco_isic4_s,2017,105.374
bol,sex_t,age_aggregate_total,eco_isic4_s,2018,117.23
bol,sex_t,age_aggregate_total,eco_isic4_s,2019,147.135
bol,sex_t,age_aggregate_total,eco_isic4_s,2020,148.137
bol,sex_t,age_aggregate_total,eco_isic4_s,2021,153.469
bol,sex_t,age_aggregate_total,eco_isic4_s,2022,158.518
bol,sex_t,age_aggregate_total,eco_isic4_s,2023,154.371
bol,sex_t,age_aggregate_total,eco_isic4_s,2024,184.12
bol,sex_t,age_aggregate_total,eco_isic4_t,2011,96.825
bol,sex_t,age_aggregate_total,eco_isic4_t,2012,123.462
bol,sex_t,age_aggregate_total,eco_isic4_t,2013,110.496
bol,sex_t,age_aggregate_total,eco_isic4_t,2014,103.345
bol,sex_t,age_aggregate_total,eco_isic4_t,2015,83.191
bol,sex_t,age_aggregate_total,eco_isic4_t,2016,89.298
bol,sex_t,age_aggregate_total,eco_isic4_t,2017,99.392
bol,sex_t,age_aggregate_total,eco_isic4_t,2018,92.387
bol,sex_t,age_aggregate_total,eco_isic4_t,2019,105.188
bol,sex_t,age_aggregate_total,eco_isic4_t,2020,75.057
bol,sex_t,age_aggregate_total,eco_isic4_t,2021,105.84
bol,sex_t,age_aggregate_total,eco_isic4_t,2022,124.629
bol,sex_t,age_aggregate_total,eco_isic4_t,2023,134.323
bol,sex_t,age_aggregate_total,eco_isic4_t,2024,137.898
bol,sex_t,age_aggregate_total,eco_isic4_total,2011,4795.846
bol,sex_t,age_aggregate_total,eco_isic4_total,2012,4693.304
bol,sex_t,age_aggregate_total,eco_isic4_total,2013,4945.704
bol,sex_t,age_aggregate_total,eco_isic4_total,2014,5082.334
bol,sex_t,age_aggregate_total,eco_isic4_total,2015,4898.788
bol,sex_t,age_aggregate_total,eco_isic4_total,2016,4851.473
bol,sex_t,age_aggregate_total,eco_isic4_total,2017,5038.909
bol,sex_t,age_aggregate_total,eco_isic4_total,2018,5365.984
bol,sex_t,age_aggregate_total,eco_isic4_total,2019,5622.105
bol,sex_t,age_aggregate_total,eco_isic4_total,2020,5437.862
bol,sex_t,age_aggregate_total,eco_isic4_total,2021,6149.056
bol,sex_t,age_aggregate_total,eco_isic4_total,2022,6409.114
bol,sex_t,age_aggregate_total,eco_isic4_total,2023,6580.994
bol,sex_t,age_aggregate_total,eco_isic4_total,2024,6822.598
bol,sex_t,age_aggregate_total,eco_isic4_u,2012,1.812
bol,sex_t,age_aggregate_total,eco_isic4_u,2014,1.462
bol,sex_t,age_aggregate_total,eco_isic4_u,2015,2.96
bol,sex_t,age_aggregate_total,eco_isic4_u,2016,1.411
bol,sex_t,age_aggregate_total,eco_isic4_u,2017,1.045
bol,sex_t,age_aggregate_total,eco_isic4_u,2018,0.795
bol,sex_t,age_aggregate_total,eco_isic4_u,2019,1.135
bol,sex_t,age_aggregate_total,eco_isic4_u,2020,2.258
bol,sex_t,age_aggregate_total,eco_isic4_u,2021,0.35
bol,sex_t,age_aggregate_total,eco_isic4_u,2022,1.337
bol,sex_t,age_aggregate_total,eco_isic4_u,2023,0.562
bol,sex_t,age_aggregate_total,eco_isic4_u,2024,1.016
bol,sex_t,age_aggregate_total,eco_isic4_x,2014,1.522
bol,sex_t,age_aggregate_total,eco_isic4_x,2015,4.08
bol,sex_t,age_aggregate_total,eco_isic4_x,2017,0.864
bol,sex_t,age_aggregate_total,eco_isic4_x,2020,8.782
bol,sex_t,age_aggregate_total,eco_isic4_x,2021,7.559
bol,sex_t,age_aggregate_total,eco_isic4_x,2022,9.771
bol,sex_t,age_aggregate_total,eco_isic4_x,2023,8.709
bol,sex_t,age_aggregate_total,eco_isic4_x,2024,13.279
bol,sex_t,age_aggregate_total,eco_sector_agr,1991,16.764
bol,sex_t,age_aggregate_total,eco_sector_agr,1992,20.615
bol,sex_t,age_aggregate_total,eco_sector_agr,1993,19.815
bol,sex_t,age_aggregate_total,eco_sector_agr,1994,17.82
bol,sex_t,age_aggregate_total,eco_sector_agr,1995,27.142
bol,sex_t,age_aggregate_total,eco_sector_agr,1999,7.389
bol,sex_t,age_aggregate_total,eco_sector_agr,2000,1244.753
bol,sex_t,age_aggregate_total,eco_sector_agr,2001,1462.604
bol,sex_t,age_aggregate_total,eco_sector_agr,2002,1404.168
bol,sex_t,age_aggregate_total,eco_sector_agr,2005,1385.797
bol,sex_t,age_aggregate_total,eco_sector_agr,2006,1513.034
bol,sex_t,age_aggregate_total,eco_sector_agr,2007,1438.326
bol,sex_t,age_aggregate_total,eco_sector_agr,2008,1426.092
bol,sex_t,age_aggregate_total,eco_sector_agr,2009,1420.77
bol,sex_t,age_aggregate_total,eco_sector_agr,2011,1591.152
bol,sex_t,age_aggregate_total,eco_sector_agr,2012,1448.145
bol,sex_t,age_aggregate_total,eco_sector_agr,2013,1620.179
bol,sex_t,age_aggregate_total,eco_sector_agr,2014,1574.434
bol,sex_t,age_aggregate_total,eco_sector_agr,2015,1452.621
bol,sex_t,age_aggregate_total,eco_sector_agr,2016,1442.93
bol,sex_t,age_aggregate_total,eco_sector_agr,2017,1536.108
bol,sex_t,age_aggregate_total,eco_sector_agr,2018,1667.213
bol,sex_t,age_aggregate_total,eco_sector_agr,2019,1541.267
bol,sex_t,age_aggregate_total,eco_sector_agr,2020,1628.759
bol,sex_t,age_aggregate_total,eco_sector_agr,2021,1697.965
bol,sex_t,age_aggregate_total,eco_sector_agr,2022,1587.558
bol,sex_t,age_aggregate_total,eco_sector_agr,2023,1648.257
bol,sex_t,age_aggregate_total,eco_sector_agr,2024,1581.931
bol,sex_t,age_aggregate_total,eco_sector_ind,1989,151.071
bol,sex_t,age_aggregate_total,eco_sector_ind,1990,165.745
bol,sex_t,age_aggregate_total,eco_sector_ind,1991,282.353
bol,sex_t,age_aggregate_total,eco_sector_ind,1992,310.214
bol,sex_t,age_aggregate_total,eco_sector_ind,1993,298.519
bol,sex_t,age_aggregate_total,eco_sector_ind,1994,341.281
bol,sex_t,age_aggregate_total,eco_sector_ind,1995,348.338
bol,sex_t,age_aggregate_total,eco_sector_ind,1999,553.901
bol,sex_t,age_aggregate_total,eco_sector_ind,2000,663.943
bol,sex_t,age_aggregate_total,eco_sector_ind,2001,586.818
bol,sex_t,age_aggregate_total,eco_sector_ind,2002,667.316
bol,sex_t,age_aggregate_total,eco_sector_ind,2005,803.009
bol,sex_t,age_aggregate_total,eco_sector_ind,2006,766.798
bol,sex_t,age_aggregate_total,eco_sector_ind,2007,887.848
bol,sex_t,age_aggregate_total,eco_sector_ind,2008,919.278
bol,sex_t,age_aggregate_total,eco_sector_ind,2009,977.747
bol,sex_t,age_aggregate_total,eco_sector_ind,2011,848.863
bol,sex_t,age_aggregate_total,eco_sector_ind,2012,837.041
bol,sex_t,age_aggregate_total,eco_sector_ind,2013,826.676
bol,sex_t,age_aggregate_total,eco_sector_ind,2014,1047.335
bol,sex_t,age_aggregate_total,eco_sector_ind,2015,1025.385
bol,sex_t,age_aggregate_total,eco_sector_ind,2016,1012.94
bol,sex_t,age_aggregate_total,eco_sector_ind,2017,1014.42
bol,sex_t,age_aggregate_total,eco_sector_ind,2018,1050.74
bol,sex_t,age_aggregate_total,eco_sector_ind,2019,1164.818
bol,sex_t,age_aggregate_total,eco_sector_ind,2020,980.581
bol,sex_t,age_aggregate_total,eco_sector_ind,2021,1254.806
bol,sex_t,age_aggregate_total,eco_sector_ind,2022,1312.706
bol,sex_t,age_aggregate_total,eco_sector_ind,2023,1321.918
bol,sex_t,age_aggregate_total,eco_sector_ind,2024,1465.369
bol,sex_t,age_aggregate_total,eco_sector_nag,1989,869.424
bol,sex_t,age_aggregate_total,eco_sector_nag,1990,896.803
bol,sex_t,age_aggregate_total,eco_sector_nag,1991,938.595
bol,sex_t,age_aggregate_total,eco_sector_nag,1992,968
bol,sex_t,age_aggregate_total,eco_sector_nag,1993,1040.326
bol,sex_t,age_aggregate_total,eco_sector_nag,1994,1135.497
bol,sex_t,age_aggregate_total,eco_sector_nag,1995,1176.282
bol,sex_t,age_aggregate_total,eco_sector_nag,1999,3741.761
bol,sex_t,age_aggregate_total,eco_sector_nag,2000,2153.265
bol,sex_t,age_aggregate_total,eco_sector_nag,2001,2066.905
bol,sex_t,age_aggregate_total,eco_sector_nag,2002,2151.847
bol,sex_t,age_aggregate_total,eco_sector_nag,2005,2552.774
bol,sex_t,age_aggregate_total,eco_sector_nag,2006,2671.22
bol,sex_t,age_aggregate_total,eco_sector_nag,2007,2899.462
bol,sex_t,age_aggregate_total,eco_sector_nag,2008,3151.3
bol,sex_t,age_aggregate_total,eco_sector_nag,2009,3304.43
bol,sex_t,age_aggregate_total,eco_sector_nag,2011,3204.694
bol,sex_t,age_aggregate_total,eco_sector_nag,2012,3245.159
bol,sex_t,age_aggregate_total,eco_sector_nag,2013,3325.525
bol,sex_t,age_aggregate_total,eco_sector_nag,2014,3507.9
bol,sex_t,age_aggregate_total,eco_sector_nag,2015,3446.167
bol,sex_t,age_aggregate_total,eco_sector_nag,2016,3408.543
bol,sex_t,age_aggregate_total,eco_sector_nag,2017,3502.801
bol,sex_t,age_aggregate_total,eco_sector_nag,2018,3698.771
bol,sex_t,age_aggregate_total,eco_sector_nag,2019,4080.838
bol,sex_t,age_aggregate_total,eco_sector_nag,2020,3809.103
bol,sex_t,age_aggregate_total,eco_sector_nag,2021,4451.091
bol,sex_t,age_aggregate_total,eco_sector_nag,2022,4821.556
bol,sex_t,age_aggregate_total,eco_sector_nag,2023,4932.736
bol,sex_t,age_aggregate_total,eco_sector_nag,2024,5240.668
bol,sex_t,age_aggregate_total,eco_sector_ser,1989,696.331
bol,sex_t,age_aggregate_total,eco_sector_ser,1990,703.678
bol,sex_t,age_aggregate_total,eco_sector_ser,1991,656.184
bol,sex_t,age_aggregate_total,eco_sector_ser,1992,656.585
bol,sex_t,age_aggregate_total,eco_sector_ser,1993,741.74
bol,sex_t,age_aggregate_total,eco_sector_ser,1994,794.045
bol,sex_t,age_aggregate_total,eco_sector_ser,1995,826.267
bol,sex_t,age_aggregate_total,eco_sector_ser,1999,2971.406
bol,sex_t,age_aggregate_total,eco_sector_ser,2000,1457.457
bol,sex_t,age_aggregate_total,eco_sector_ser,2001,1452.765
bol,sex_t,age_aggregate_total,eco_sector_ser,2002,1484.531
bol,sex_t,age_aggregate_total,eco_sector_ser,2005,1749.765
bol,sex_t,age_aggregate_total,eco_sector_ser,2006,1904.422
bol,sex_t,age_aggregate_total,eco_sector_ser,2007,2011.614
bol,sex_t,age_aggregate_total,eco_sector_ser,2008,2230.678
bol,sex_t,age_aggregate_total,eco_sector_ser,2009,2326.683
bol,sex_t,age_aggregate_total,eco_sector_ser,2011,2355.831
bol,sex_t,age_aggregate_total,eco_sector_ser,2012,2408.118
bol,sex_t,age_aggregate_total,eco_sector_ser,2013,2498.689
bol,sex_t,age_aggregate_total,eco_sector_ser,2014,2459.043
bol,sex_t,age_aggregate_total,eco_sector_ser,2015,2416.702
bol,sex_t,age_aggregate_total,eco_sector_ser,2016,2395.489
bol,sex_t,age_aggregate_total,eco_sector_ser,2017,2487.517
bol,sex_t,age_aggregate_total,eco_sector_ser,2018,2648.031
bol,sex_t,age_aggregate_total,eco_sector_ser,2019,2916.02
bol,sex_t,age_aggregate_total,eco_sector_ser,2020,2819.739
bol,sex_t,age_aggregate_total,eco_sector_ser,2021,3188.726
bol,sex_t,age_aggregate_total,eco_sector_ser,2022,3499.08
bol,sex_t,age_aggregate_total,eco_sector_ser,2023,3602.109
bol,sex_t,age_aggregate_total,eco_sector_ser,2024,3762.02
bol,sex_t,age_aggregate_total,eco_sector_total,1989,869.424
bol,sex_t,age_aggregate_total,eco_sector_total,1990,896.803
bol,sex_t,age_aggregate_total,eco_sector_total,1991,955.359
bol,sex_t,age_aggregate_total,eco_sector_total,1992,988.615
bol,sex_t,age_aggregate_total,eco_sector_total,1993,1060.141
bol,sex_t,age_aggregate_total,eco_sector_total,1994,1153.317
bol,sex_t,age_aggregate_total,eco_sector_total,1995,1203.424
bol,sex_t,age_aggregate_total,eco_sector_total,1999,3749.15
bol,sex_t,age_aggregate_total,eco_sector_total,2000,3398.018
bol,sex_t,age_aggregate_total,eco_sector_total,2001,3529.509
bol,sex_t,age_aggregate_total,eco_sector_total,2002,3556.015
bol,sex_t,age_aggregate_total,eco_sector_total,2005,3938.571
bol,sex_t,age_aggregate_total,eco_sector_total,2006,4184.254
bol,sex_t,age_aggregate_total,eco_sector_total,2007,4337.788
bol,sex_t,age_aggregate_total,eco_sector_total,2008,4577.392
bol,sex_t,age_aggregate_total,eco_sector_total,2009,4725.2
bol,sex_t,age_aggregate_total,eco_sector_total,2011,4795.846
bol,sex_t,age_aggregate_total,eco_sector_total,2012,4693.304
bol,sex_t,age_aggregate_total,eco_sector_total,2013,4945.704
bol,sex_t,age_aggregate_total,eco_sector_total,2014,5082.334
bol,sex_t,age_aggregate_total,eco_sector_total,2015,4898.788
bol,sex_t,age_aggregate_total,eco_sector_total,2016,4851.473
bol,sex_t,age_aggregate_total,eco_sector_total,2017,5038.909
bol,sex_t,age_aggregate_total,eco_sector_total,2018,5365.984
bol,sex_t,age_aggregate_total,eco_sector_total,2019,5622.105
bol,sex_t,age_aggregate_total,eco_sector_total,2020,5437.862
bol,sex_t,age_aggregate_total,eco_sector_total,2021,6149.056
bol,sex_t,age_aggregate_total,eco_sector_total,2022,6409.114
bol,sex_t,age_aggregate_total,eco_sector_total,2023,6580.994
bol,sex_t,age_aggregate_total,eco_sector_total,2024,6822.598
bol,sex_t,age_aggregate_total,eco_sector_x,1989,22.022
bol,sex_t,age_aggregate_total,eco_sector_x,1990,27.38
bol,sex_t,age_aggregate_total,eco_sector_x,1992,1.201
bol,sex_t,age_aggregate_total,eco_sector_x,1995,1.677
bol,sex_t,age_aggregate_total,eco_sector_x,1999,216.454
bol,sex_t,age_aggregate_total,eco_sector_x,2000,31.865
bol,sex_t,age_aggregate_total,eco_sector_x,2001,27.322
bol,sex_t,age_aggregate_total,eco_sector_x,2014,1.522
bol,sex_t,age_aggregate_total,eco_sector_x,2015,4.08
bol,sex_t,age_aggregate_total,eco_sector_x,2017,0.864
bol,sex_t,age_aggregate_total,eco_sector_x,2020,8.782
bol,sex_t,age_aggregate_total,eco_sector_x,2021,7.559
bol,sex_t,age_aggregate_total,eco_sector_x,2022,9.771
bol,sex_t,age_aggregate_total,eco_sector_x,2023,8.709
bol,sex_t,age_aggregate_total,eco_sector_x,2024,13.279
bol,sex_t,age_aggregate_y15_24,eco_aggregate_agr,1991,3.478
bol,sex_t,age_aggregate_y15_24,eco_aggregate_agr,1992,2.517
bol,sex_t,age_aggregate_y15_24,eco_aggregate_agr,1993,3.565
bol,sex_t,age_aggregate_y15_24,eco_aggregate_agr,1994,3.201
bol,sex_t,age_aggregate_y15_24,eco_aggregate_agr,1995,4.092
bol,sex_t,age_aggregate_y15_24,eco_aggregate_agr,2000,300.827
bol,sex_t,age_aggregate_y15_24,eco_aggregate_agr,2001,388.944
bol,sex_t,age_aggregate_y15_24,eco_aggregate_agr,2002,385.024
bol,sex_t,age_aggregate_y15_24,eco_aggregate_agr,2005,297.685
bol,sex_t,age_aggregate_y15_24,eco_aggregate_agr,2006,364.012
bol,sex_t,age_aggregate_y15_24,eco_aggregate_agr,2007,359.92
bol,sex_t,age_aggregate_y15_24,eco_aggregate_agr,2008,318.132
bol,sex_t,age_aggregate_y15_24,eco_aggregate_agr,2009,292.822
bol,sex_t,age_aggregate_y15_24,eco_aggregate_agr,2011,361.874
bol,sex_t,age_aggregate_y15_24,eco_aggregate_agr,2012,306.065
bol,sex_t,age_aggregate_y15_24,eco_aggregate_agr,2013,294.634
bol,sex_t,age_aggregate_y15_24,eco_aggregate_agr,2014,312.033
bol,sex_t,age_aggregate_y15_24,eco_aggregate_agr,2015,258.734
bol,sex_t,age_aggregate_y15_24,eco_aggregate_agr,2016,277.021
bol,sex_t,age_aggregate_y15_24,eco_aggregate_agr,2017,294.184
bol,sex_t,age_aggregate_y15_24,eco_aggregate_agr,2018,305.876
bol,sex_t,age_aggregate_y15_24,eco_aggregate_agr,2019,275.156
bol,sex_t,age_aggregate_y15_24,eco_aggregate_agr,2020,291.491
bol,sex_t,age_aggregate_y15_24,eco_aggregate_agr,2021,336.203
bol,sex_t,age_aggregate_y15_24,eco_aggregate_agr,2022,302.778
bol,sex_t,age_aggregate_y15_24,eco_aggregate_agr,2023,305.879
bol,sex_t,age_aggregate_y15_24,eco_aggregate_agr,2024,270.132
bol,sex_t,age_aggregate_y15_24,eco_aggregate_con,1991,21.627
bol,sex_t,age_aggregate_y15_24,eco_aggregate_con,1992,22.997
bol,sex_t,age_aggregate_y15_24,eco_aggregate_con,1993,21.07
bol,sex_t,age_aggregate_y15_24,eco_aggregate_con,1994,28.582
bol,sex_t,age_aggregate_y15_24,eco_aggregate_con,1995,26.301
bol,sex_t,age_aggregate_y15_24,eco_aggregate_con,2000,58.113
bol,sex_t,age_aggregate_y15_24,eco_aggregate_con,2001,40.748
bol,sex_t,age_aggregate_y15_24,eco_aggregate_con,2002,41.078
bol,sex_t,age_aggregate_y15_24,eco_aggregate_con,2005,46.676
bol,sex_t,age_aggregate_y15_24,eco_aggregate_con,2006,62.528
bol,sex_t,age_aggregate_y15_24,eco_aggregate_con,2007,85.923
bol,sex_t,age_aggregate_y15_24,eco_aggregate_con,2008,68.162
bol,sex_t,age_aggregate_y15_24,eco_aggregate_con,2009,83.068
bol,sex_t,age_aggregate_y15_24,eco_aggregate_con,2011,98.885
bol,sex_t,age_aggregate_y15_24,eco_aggregate_con,2012,69.497
bol,sex_t,age_aggregate_y15_24,eco_aggregate_con,2013,74.457
bol,sex_t,age_aggregate_y15_24,eco_aggregate_con,2014,109.813
bol,sex_t,age_aggregate_y15_24,eco_aggregate_con,2015,105.629
bol,sex_t,age_aggregate_y15_24,eco_aggregate_con,2016,94.839
bol,sex_t,age_aggregate_y15_24,eco_aggregate_con,2017,94.455
bol,sex_t,age_aggregate_y15_24,eco_aggregate_con,2018,83.784
bol,sex_t,age_aggregate_y15_24,eco_aggregate_con,2019,87.132
bol,sex_t,age_aggregate_y15_24,eco_aggregate_con,2020,82.036
bol,sex_t,age_aggregate_y15_24,eco_aggregate_con,2021,90.151
bol,sex_t,age_aggregate_y15_24,eco_aggregate_con,2022,81.67
bol,sex_t,age_aggregate_y15_24,eco_aggregate_con,2023,78.545
bol,sex_t,age_aggregate_y15_24,eco_aggregate_con,2024,83.559
bol,sex_t,age_aggregate_y15_24,eco_aggregate_man,1989,28.782
bol,sex_t,age_aggregate_y15_24,eco_aggregate_man,1990,41.467
bol,sex_t,age_aggregate_y15_24,eco_aggregate_man,1991,48.353
bol,sex_t,age_aggregate_y15_24,eco_aggregate_man,1992,53.518
bol,sex_t,age_aggregate_y15_24,eco_aggregate_man,1993,57.057
bol,sex_t,age_aggregate_y15_24,eco_aggregate_man,1994,61.212
bol,sex_t,age_aggregate_y15_24,eco_aggregate_man,1995,68.115
bol,sex_t,age_aggregate_y15_24,eco_aggregate_man,1999,39.393
bol,sex_t,age_aggregate_y15_24,eco_aggregate_man,2000,98.026
bol,sex_t,age_aggregate_y15_24,eco_aggregate_man,2001,92.434
bol,sex_t,age_aggregate_y15_24,eco_aggregate_man,2002,90.483
bol,sex_t,age_aggregate_y15_24,eco_aggregate_man,2005,108.898
bol,sex_t,age_aggregate_y15_24,eco_aggregate_man,2006,105.955
bol,sex_t,age_aggregate_y15_24,eco_aggregate_man,2007,110.642
bol,sex_t,age_aggregate_y15_24,eco_aggregate_man,2008,109.14
bol,sex_t,age_aggregate_y15_24,eco_aggregate_man,2009,135.684
bol,sex_t,age_aggregate_y15_24,eco_aggregate_man,2011,85.517
bol,sex_t,age_aggregate_y15_24,eco_aggregate_man,2012,68.775
bol,sex_t,age_aggregate_y15_24,eco_aggregate_man,2013,73.933
bol,sex_t,age_aggregate_y15_24,eco_aggregate_man,2014,109.001
bol,sex_t,age_aggregate_y15_24,eco_aggregate_man,2015,80.454
bol,sex_t,age_aggregate_y15_24,eco_aggregate_man,2016,91.744
bol,sex_t,age_aggregate_y15_24,eco_aggregate_man,2017,88.916
bol,sex_t,age_aggregate_y15_24,eco_aggregate_man,2018,98.85
bol,sex_t,age_aggregate_y15_24,eco_aggregate_man,2019,118.85
bol,sex_t,age_aggregate_y15_24,eco_aggregate_man,2020,80.438
bol,sex_t,age_aggregate_y15_24,eco_aggregate_man,2021,147.354
bol,sex_t,age_aggregate_y15_24,eco_aggregate_man,2022,147.969
bol,sex_t,age_aggregate_y15_24,eco_aggregate_man,2023,146.729
bol,sex_t,age_aggregate_y15_24,eco_aggregate_man,2024,165.293
bol,sex_t,age_aggregate_y15_24,eco_aggregate_mel,1989,3.688
bol,sex_t,age_aggregate_y15_24,eco_aggregate_mel,1990,1.667
bol,sex_t,age_aggregate_y15_24,eco_aggregate_mel,1991,3.371
bol,sex_t,age_aggregate_y15_24,eco_aggregate_mel,1992,2.71
bol,sex_t,age_aggregate_y15_24,eco_aggregate_mel,1993,2.214
bol,sex_t,age_aggregate_y15_24,eco_aggregate_mel,1994,2.689
bol,sex_t,age_aggregate_y15_24,eco_aggregate_mel,1995,1.874
bol,sex_t,age_aggregate_y15_24,eco_aggregate_mel,1999,27.043
bol,sex_t,age_aggregate_y15_24,eco_aggregate_mel,2000,12.464
bol,sex_t,age_aggregate_y15_24,eco_aggregate_mel,2001,7.718
bol,sex_t,age_aggregate_y15_24,eco_aggregate_mel,2002,4.774
bol,sex_t,age_aggregate_y15_24,eco_aggregate_mel,2005,17.177
bol,sex_t,age_aggregate_y15_24,eco_aggregate_mel,2006,13.396
bol,sex_t,age_aggregate_y15_24,eco_aggregate_mel,2007,16.008
bol,sex_t,age_aggregate_y15_24,eco_aggregate_mel,2008,17.445
bol,sex_t,age_aggregate_y15_24,eco_aggregate_mel,2009,11.525
bol,sex_t,age_aggregate_y15_24,eco_aggregate_mel,2011,16.404
bol,sex_t,age_aggregate_y15_24,eco_aggregate_mel,2012,24.563
bol,sex_t,age_aggregate_y15_24,eco_aggregate_mel,2013,21.602
bol,sex_t,age_aggregate_y15_24,eco_aggregate_mel,2014,20.664
bol,sex_t,age_aggregate_y15_24,eco_aggregate_mel,2015,23.087
bol,sex_t,age_aggregate_y15_24,eco_aggregate_mel,2016,14.795
bol,sex_t,age_aggregate_y15_24,eco_aggregate_mel,2017,11.432
bol,sex_t,age_aggregate_y15_24,eco_aggregate_mel,2018,15.486
bol,sex_t,age_aggregate_y15_24,eco_aggregate_mel,2019,13.319
bol,sex_t,age_aggregate_y15_24,eco_aggregate_mel,2020,4.562
bol,sex_t,age_aggregate_y15_24,eco_aggregate_mel,2021,19.394
bol,sex_t,age_aggregate_y15_24,eco_aggregate_mel,2022,17.185
bol,sex_t,age_aggregate_y15_24,eco_aggregate_mel,2023,12.025
bol,sex_t,age_aggregate_y15_24,eco_aggregate_mel,2024,19.588
bol,sex_t,age_aggregate_y15_24,eco_aggregate_mkt,1989,72.132
bol,sex_t,age_aggregate_y15_24,eco_aggregate_mkt,1990,68.784
bol,sex_t,age_aggregate_y15_24,eco_aggregate_mkt,1991,76.895
bol,sex_t,age_aggregate_y15_24,eco_aggregate_mkt,1992,82.171
bol,sex_t,age_aggregate_y15_24,eco_aggregate_mkt,1993,103.006
bol,sex_t,age_aggregate_y15_24,eco_aggregate_mkt,1994,112.975
bol,sex_t,age_aggregate_y15_24,eco_aggregate_mkt,1995,124.898
bol,sex_t,age_aggregate_y15_24,eco_aggregate_mkt,1999,632.917
bol,sex_t,age_aggregate_y15_24,eco_aggregate_mkt,2000,167.692
bol,sex_t,age_aggregate_y15_24,eco_aggregate_mkt,2001,224.699
bol,sex_t,age_aggregate_y15_24,eco_aggregate_mkt,2002,219.397
bol,sex_t,age_aggregate_y15_24,eco_aggregate_mkt,2005,218.089
bol,sex_t,age_aggregate_y15_24,eco_aggregate_mkt,2006,256.229
bol,sex_t,age_aggregate_y15_24,eco_aggregate_mkt,2007,216.27
bol,sex_t,age_aggregate_y15_24,eco_aggregate_mkt,2008,303.056
bol,sex_t,age_aggregate_y15_24,eco_aggregate_mkt,2009,301.515
bol,sex_t,age_aggregate_y15_24,eco_aggregate_mkt,2011,330.165
bol,sex_t,age_aggregate_y15_24,eco_aggregate_mkt,2012,292.887
bol,sex_t,age_aggregate_y15_24,eco_aggregate_mkt,2013,282.027
bol,sex_t,age_aggregate_y15_24,eco_aggregate_mkt,2014,318.051
bol,sex_t,age_aggregate_y15_24,eco_aggregate_mkt,2015,284.304
bol,sex_t,age_aggregate_y15_24,eco_aggregate_mkt,2016,279.402
bol,sex_t,age_aggregate_y15_24,eco_aggregate_mkt,2017,301.236
bol,sex_t,age_aggregate_y15_24,eco_aggregate_mkt,2018,352.51
bol,sex_t,age_aggregate_y15_24,eco_aggregate_mkt,2019,404.306
bol,sex_t,age_aggregate_y15_24,eco_aggregate_mkt,2020,295.636
bol,sex_t,age_aggregate_y15_24,eco_aggregate_mkt,2021,522.231
bol,sex_t,age_aggregate_y15_24,eco_aggregate_mkt,2022,566.61
bol,sex_t,age_aggregate_y15_24,eco_aggregate_mkt,2023,555.098
bol,sex_t,age_aggregate_y15_24,eco_aggregate_mkt,2024,594.886
bol,sex_t,age_aggregate_y15_24,eco_aggregate_pub,1989,76.698
bol,sex_t,age_aggregate_y15_24,eco_aggregate_pub,1990,85.163
bol,sex_t,age_aggregate_y15_24,eco_aggregate_pub,1991,67.751
bol,sex_t,age_aggregate_y15_24,eco_aggregate_pub,1992,62.514
bol,sex_t,age_aggregate_y15_24,eco_aggregate_pub,1993,72.803
bol,sex_t,age_aggregate_y15_24,eco_aggregate_pub,1994,63.502
bol,sex_t,age_aggregate_y15_24,eco_aggregate_pub,1995,69.347
bol,sex_t,age_aggregate_y15_24,eco_aggregate_pub,1999,104.252
bol,sex_t,age_aggregate_y15_24,eco_aggregate_pub,2000,107.621
bol,sex_t,age_aggregate_y15_24,eco_aggregate_pub,2001,117.997
bol,sex_t,age_aggregate_y15_24,eco_aggregate_pub,2002,101.438
bol,sex_t,age_aggregate_y15_24,eco_aggregate_pub,2005,110.687
bol,sex_t,age_aggregate_y15_24,eco_aggregate_pub,2006,114.725
bol,sex_t,age_aggregate_y15_24,eco_aggregate_pub,2007,127.02
bol,sex_t,age_aggregate_y15_24,eco_aggregate_pub,2008,119.296
bol,sex_t,age_aggregate_y15_24,eco_aggregate_pub,2009,126.16
bol,sex_t,age_aggregate_y15_24,eco_aggregate_pub,2011,92.322
bol,sex_t,age_aggregate_y15_24,eco_aggregate_pub,2012,98.032
bol,sex_t,age_aggregate_y15_24,eco_aggregate_pub,2013,95.653
bol,sex_t,age_aggregate_y15_24,eco_aggregate_pub,2014,101.591
bol,sex_t,age_aggregate_y15_24,eco_aggregate_pub,2015,86.133
bol,sex_t,age_aggregate_y15_24,eco_aggregate_pub,2016,90.767
bol,sex_t,age_aggregate_y15_24,eco_aggregate_pub,2017,79.78
bol,sex_t,age_aggregate_y15_24,eco_aggregate_pub,2018,80.263
bol,sex_t,age_aggregate_y15_24,eco_aggregate_pub,2019,94.016
bol,sex_t,age_aggregate_y15_24,eco_aggregate_pub,2020,58.229
bol,sex_t,age_aggregate_y15_24,eco_aggregate_pub,2021,90.718
bol,sex_t,age_aggregate_y15_24,eco_aggregate_pub,2022,111.301
bol,sex_t,age_aggregate_y15_24,eco_aggregate_pub,2023,120.85
bol,sex_t,age_aggregate_y15_24,eco_aggregate_pub,2024,132.075
bol,sex_t,age_aggregate_y15_24,eco_aggregate_total,1989,187.202
bol,sex_t,age_aggregate_y15_24,eco_aggregate_total,1990,204.991
bol,sex_t,age_aggregate_y15_24,eco_aggregate_total,1991,221.498
bol,sex_t,age_aggregate_y15_24,eco_aggregate_total,1992,226.598
bol,sex_t,age_aggregate_y15_24,eco_aggregate_total,1993,259.715
bol,sex_t,age_aggregate_y15_24,eco_aggregate_total,1994,272.161
bol,sex_t,age_aggregate_y15_24,eco_aggregate_total,1995,294.696
bol,sex_t,age_aggregate_y15_24,eco_aggregate_total,1999,845.664
bol,sex_t,age_aggregate_y15_24,eco_aggregate_total,2000,753.601
bol,sex_t,age_aggregate_y15_24,eco_aggregate_total,2001,880.966
bol,sex_t,age_aggregate_y15_24,eco_aggregate_total,2002,842.194
bol,sex_t,age_aggregate_y15_24,eco_aggregate_total,2005,799.212
bol,sex_t,age_aggregate_y15_24,eco_aggregate_total,2006,916.845
bol,sex_t,age_aggregate_y15_24,eco_aggregate_total,2007,915.783
bol,sex_t,age_aggregate_y15_24,eco_aggregate_total,2008,935.231
bol,sex_t,age_aggregate_y15_24,eco_aggregate_total,2009,950.774
bol,sex_t,age_aggregate_y15_24,eco_aggregate_total,2011,985.167
bol,sex_t,age_aggregate_y15_24,eco_aggregate_total,2012,859.819
bol,sex_t,age_aggregate_y15_24,eco_aggregate_total,2013,842.306
bol,sex_t,age_aggregate_y15_24,eco_aggregate_total,2014,971.469
bol,sex_t,age_aggregate_y15_24,eco_aggregate_total,2015,840.124
bol,sex_t,age_aggregate_y15_24,eco_aggregate_total,2016,848.604
bol,sex_t,age_aggregate_y15_24,eco_aggregate_total,2017,870.58
bol,sex_t,age_aggregate_y15_24,eco_aggregate_total,2018,936.769
bol,sex_t,age_aggregate_y15_24,eco_aggregate_total,2019,992.779
bol,sex_t,age_aggregate_y15_24,eco_aggregate_total,2020,814.869
bol,sex_t,age_aggregate_y15_24,eco_aggregate_total,2021,1208.755
bol,sex_t,age_aggregate_y15_24,eco_aggregate_total,2022,1230.875
bol,sex_t,age_aggregate_y15_24,eco_aggregate_total,2023,1222.63
bol,sex_t,age_aggregate_y15_24,eco_aggregate_total,2024,1270.692
bol,sex_t,age_aggregate_y15_24,eco_aggregate_x,1989,5.902
bol,sex_t,age_aggregate_y15_24,eco_aggregate_x,1990,7.91
bol,sex_t,age_aggregate_y15_24,eco_aggregate_x,1999,42.059
bol,sex_t,age_aggregate_y15_24,eco_aggregate_x,2000,8.858
bol,sex_t,age_aggregate_y15_24,eco_aggregate_x,2001,8.426
bol,sex_t,age_aggregate_y15_24,eco_aggregate_x,2015,1.783
bol,sex_t,age_aggregate_y15_24,eco_aggregate_x,2017,0.577
bol,sex_t,age_aggregate_y15_24,eco_aggregate_x,2020,2.478
bol,sex_t,age_aggregate_y15_24,eco_aggregate_x,2021,2.703
bol,sex_t,age_aggregate_y15_24,eco_aggregate_x,2022,3.363
bol,sex_t,age_aggregate_y15_24,eco_aggregate_x,2023,3.505
bol,sex_t,age_aggregate_y15_24,eco_aggregate_x,2024,5.158
bol,sex_t,age_aggregate_y15_24,eco_isic3_a,1991,3.478
bol,sex_t,age_aggregate_y15_24,eco_isic3_a,1992,2.517
bol,sex_t,age_aggregate_y15_24,eco_isic3_a,1993,3.565
bol,sex_t,age_aggregate_y15_24,eco_isic3_a,1994,3.201
bol,sex_t,age_aggregate_y15_24,eco_isic3_a,1995,4.092
bol,sex_t,age_aggregate_y15_24,eco_isic3_a,2000,300.827
bol,sex_t,age_aggregate_y15_24,eco_isic3_a,2001,388.944
bol,sex_t,age_aggregate_y15_24,eco_isic3_a,2002,384.503
bol,sex_t,age_aggregate_y15_24,eco_isic3_a,2005,297.685
bol,sex_t,age_aggregate_y15_24,eco_isic3_a,2006,357.424
bol,sex_t,age_aggregate_y15_24,eco_isic3_a,2007,359.71
bol,sex_t,age_aggregate_y15_24,eco_isic3_a,2008,316.446
bol,sex_t,age_aggregate_y15_24,eco_isic3_a,2009,291.451
bol,sex_t,age_aggregate_y15_24,eco_isic3_b,2006,6.588
bol,sex_t,age_aggregate_y15_24,eco_isic3_c,1989,3.164
bol,sex_t,age_aggregate_y15_24,eco_isic3_c,1990,0.814
bol,sex_t,age_aggregate_y15_24,eco_isic3_c,1991,2.259
bol,sex_t,age_aggregate_y15_24,eco_isic3_c,1992,1.545
bol,sex_t,age_aggregate_y15_24,eco_isic3_c,1993,1.855
bol,sex_t,age_aggregate_y15_24,eco_isic3_c,1994,1.935
bol,sex_t,age_aggregate_y15_24,eco_isic3_c,1995,1.589
bol,sex_t,age_aggregate_y15_24,eco_isic3_c,2000,9.25
bol,sex_t,age_aggregate_y15_24,eco_isic3_c,2001,6.666
bol,sex_t,age_aggregate_y15_24,eco_isic3_c,2002,4.28
bol,sex_t,age_aggregate_y15_24,eco_isic3_c,2005,16.854
bol,sex_t,age_aggregate_y15_24,eco_isic3_c,2006,10.962
bol,sex_t,age_aggregate_y15_24,eco_isic3_c,2007,12.738
bol,sex_t,age_aggregate_y15_24,eco_isic3_c,2008,15.486
bol,sex_t,age_aggregate_y15_24,eco_isic3_c,2009,9.278
bol,sex_t,age_aggregate_y15_24,eco_isic3_d,1989,28.782
bol,sex_t,age_aggregate_y15_24,eco_isic3_d,1990,41.467
bol,sex_t,age_aggregate_y15_24,eco_isic3_d,1991,48.353
bol,sex_t,age_aggregate_y15_24,eco_isic3_d,1992,53.518
bol,sex_t,age_aggregate_y15_24,eco_isic3_d,1993,57.057
bol,sex_t,age_aggregate_y15_24,eco_isic3_d,1994,61.212
bol,sex_t,age_aggregate_y15_24,eco_isic3_d,1995,68.115
bol,sex_t,age_aggregate_y15_24,eco_isic3_d,1999,39.393
bol,sex_t,age_aggregate_y15_24,eco_isic3_d,2000,98.026
bol,sex_t,age_aggregate_y15_24,eco_isic3_d,2001,92.434
bol,sex_t,age_aggregate_y15_24,eco_isic3_d,2002,90.483
bol,sex_t,age_aggregate_y15_24,eco_isic3_d,2005,108.898
bol,sex_t,age_aggregate_y15_24,eco_isic3_d,2006,105.955
bol,sex_t,age_aggregate_y15_24,eco_isic3_d,2007,110.642
bol,sex_t,age_aggregate_y15_24,eco_isic3_d,2008,109.14
bol,sex_t,age_aggregate_y15_24,eco_isic3_d,2009,135.684
bol,sex_t,age_aggregate_y15_24,eco_isic3_e,1989,0.524
bol,sex_t,age_aggregate_y15_24,eco_isic3_e,1990,0.853
bol,sex_t,age_aggregate_y15_24,eco_isic3_e,1991,1.112
bol,sex_t,age_aggregate_y15_24,eco_isic3_e,1992,1.165
bol,sex_t,age_aggregate_y15_24,eco_isic3_e,1994,0.754
bol,sex_t,age_aggregate_y15_24,eco_isic3_e,1999,25.142
bol,sex_t,age_aggregate_y15_24,eco_isic3_e,2000,3.214
bol,sex_t,age_aggregate_y15_24,eco_isic3_f,1991,21.627
bol,sex_t,age_aggregate_y15_24,eco_isic3_f,1992,22.997
bol,sex_t,age_aggregate_y15_24,eco_isic3_f,1993,21.07
bol,sex_t,age_aggregate_y15_24,eco_isic3_f,1994,28.582
bol,sex_t,age_aggregate_y15_24,eco_isic3_f,1995,26.301
bol,sex_t,age_aggregate_y15_24,eco_isic3_f,2000,58.113
bol,sex_t,age_aggregate_y15_24,eco_isic3_f,2001,40.748
bol,sex_t,age_aggregate_y15_24,eco_isic3_f,2002,41.078
bol,sex_t,age_aggregate_y15_24,eco_isic3_f,2005,46.676
bol,sex_t,age_aggregate_y15_24,eco_isic3_f,2006,62.528
bol,sex_t,age_aggregate_y15_24,eco_isic3_f,2007,85.923
bol,sex_t,age_aggregate_y15_24,eco_isic3_f,2008,68.162
bol,sex_t,age_aggregate_y15_24,eco_isic3_f,2009,83.068
bol,sex_t,age_aggregate_y15_24,eco_isic3_g,1989,15.198
bol,sex_t,age_aggregate_y15_24,eco_isic3_g,1990,14.77
bol,sex_t,age_aggregate_y15_24,eco_isic3_g,1991,44.54
bol,sex_t,age_aggregate_y15_24,eco_isic3_g,1992,53.228
bol,sex_t,age_aggregate_y15_24,eco_isic3_g,1993,61.845
bol,sex_t,age_aggregate_y15_24,eco_isic3_g,1994,70.168
bol,sex_t,age_aggregate_y15_24,eco_isic3_g,1995,75.437
bol,sex_t,age_aggregate_y15_24,eco_isic3_g,1999,115.966
bol,sex_t,age_aggregate_y15_24,eco_isic3_g,2000,110.05
bol,sex_t,age_aggregate_y15_24,eco_isic3_g,2001,140.435
bol,sex_t,age_aggregate_y15_24,eco_isic3_g,2002,115.685
bol,sex_t,age_aggregate_y15_24,eco_isic3_g,2005,109.361
bol,sex_t,age_aggregate_y15_24,eco_isic3_g,2006,126.654
bol,sex_t,age_aggregate_y15_24,eco_isic3_g,2007,120.404
bol,sex_t,age_aggregate_y15_24,eco_isic3_g,2008,162.007
bol,sex_t,age_aggregate_y15_24,eco_isic3_g,2009,154.344
bol,sex_t,age_aggregate_y15_24,eco_isic3_h,1991,11.219
bol,sex_t,age_aggregate_y15_24,eco_isic3_h,1992,9.474
bol,sex_t,age_aggregate_y15_24,eco_isic3_h,1993,13.365
bol,sex_t,age_aggregate_y15_24,eco_isic3_h,1994,16.558
bol,sex_t,age_aggregate_y15_24,eco_isic3_h,1995,18.974
bol,sex_t,age_aggregate_y15_24,eco_isic3_h,2000,15.487
bol,sex_t,age_aggregate_y15_24,eco_isic3_h,2001,34.26
bol,sex_t,age_aggregate_y15_24,eco_isic3_h,2002,45.962
bol,sex_t,age_aggregate_y15_24,eco_isic3_h,2005,41.725
bol,sex_t,age_aggregate_y15_24,eco_isic3_h,2006,46.948
bol,sex_t,age_aggregate_y15_24,eco_isic3_h,2007,23.694
bol,sex_t,age_aggregate_y15_24,eco_isic3_h,2008,49.657
bol,sex_t,age_aggregate_y15_24,eco_isic3_h,2009,65.099
bol,sex_t,age_aggregate_y15_24,eco_isic3_i,1989,44.477
bol,sex_t,age_aggregate_y15_24,eco_isic3_i,1990,40.239
bol,sex_t,age_aggregate_y15_24,eco_isic3_i,1991,13.523
bol,sex_t,age_aggregate_y15_24,eco_isic3_i,1992,10.497
bol,sex_t,age_aggregate_y15_24,eco_isic3_i,1993,16.736
bol,sex_t,age_aggregate_y15_24,eco_isic3_i,1994,16.898
bol,sex_t,age_aggregate_y15_24,eco_isic3_i,1995,20.087
bol,sex_t,age_aggregate_y15_24,eco_isic3_i,1999,347.746
bol,sex_t,age_aggregate_y15_24,eco_isic3_i,2000,26.422
bol,sex_t,age_aggregate_y15_24,eco_isic3_i,2001,28.521
bol,sex_t,age_aggregate_y15_24,eco_isic3_i,2002,40.972
bol,sex_t,age_aggregate_y15_24,eco_isic3_i,2005,41.619
bol,sex_t,age_aggregate_y15_24,eco_isic3_i,2006,54.56
bol,sex_t,age_aggregate_y15_24,eco_isic3_i,2007,44.787
bol,sex_t,age_aggregate_y15_24,eco_isic3_i,2008,75.795
bol,sex_t,age_aggregate_y15_24,eco_isic3_i,2009,60.806
bol,sex_t,age_aggregate_y15_24,eco_isic3_j,1991,1.269
bol,sex_t,age_aggregate_y15_24,eco_isic3_j,1992,1.758
bol,sex_t,age_aggregate_y15_24,eco_isic3_j,1993,2.521
bol,sex_t,age_aggregate_y15_24,eco_isic3_j,1994,3.105
bol,sex_t,age_aggregate_y15_24,eco_isic3_j,1995,2.169
bol,sex_t,age_aggregate_y15_24,eco_isic3_j,2007,7.506
bol,sex_t,age_aggregate_y15_24,eco_isic3_j,2008,4.86
bol,sex_t,age_aggregate_y15_24,eco_isic3_j,2009,4.98
bol,sex_t,age_aggregate_y15_24,eco_isic3_k,1989,12.456
bol,sex_t,age_aggregate_y15_24,eco_isic3_k,1990,13.775
bol,sex_t,age_aggregate_y15_24,eco_isic3_k,1991,6.344
bol,sex_t,age_aggregate_y15_24,eco_isic3_k,1992,7.214
bol,sex_t,age_aggregate_y15_24,eco_isic3_k,1993,8.539
bol,sex_t,age_aggregate_y15_24,eco_isic3_k,1994,6.246
bol,sex_t,age_aggregate_y15_24,eco_isic3_k,1995,8.231
bol,sex_t,age_aggregate_y15_24,eco_isic3_k,1999,169.205
bol,sex_t,age_aggregate_y15_24,eco_isic3_k,2000,15.008
bol,sex_t,age_aggregate_y15_24,eco_isic3_k,2001,21.288
bol,sex_t,age_aggregate_y15_24,eco_isic3_k,2002,15.764
bol,sex_t,age_aggregate_y15_24,eco_isic3_k,2005,21.07
bol,sex_t,age_aggregate_y15_24,eco_isic3_k,2006,26.625
bol,sex_t,age_aggregate_y15_24,eco_isic3_k,2007,19.879
bol,sex_t,age_aggregate_y15_24,eco_isic3_k,2008,10.737
bol,sex_t,age_aggregate_y15_24,eco_isic3_k,2009,16.286
bol,sex_t,age_aggregate_y15_24,eco_isic3_l,1991,6.776
bol,sex_t,age_aggregate_y15_24,eco_isic3_l,1992,6.629
bol,sex_t,age_aggregate_y15_24,eco_isic3_l,1993,6.627
bol,sex_t,age_aggregate_y15_24,eco_isic3_l,1994,6.933
bol,sex_t,age_aggregate_y15_24,eco_isic3_l,1995,6.919
bol,sex_t,age_aggregate_y15_24,eco_isic3_l,2000,10.23
bol,sex_t,age_aggregate_y15_24,eco_isic3_l,2001,8.503
bol,sex_t,age_aggregate_y15_24,eco_isic3_l,2002,6.302
bol,sex_t,age_aggregate_y15_24,eco_isic3_l,2005,10.487
bol,sex_t,age_aggregate_y15_24,eco_isic3_l,2006,16.239
bol,sex_t,age_aggregate_y15_24,eco_isic3_l,2007,15.503
bol,sex_t,age_aggregate_y15_24,eco_isic3_l,2008,22.971
bol,sex_t,age_aggregate_y15_24,eco_isic3_l,2009,17.934
bol,sex_t,age_aggregate_y15_24,eco_isic3_m,1989,2.716
bol,sex_t,age_aggregate_y15_24,eco_isic3_m,1990,3.152
bol,sex_t,age_aggregate_y15_24,eco_isic3_m,1991,6.29
bol,sex_t,age_aggregate_y15_24,eco_isic3_m,1992,6.089
bol,sex_t,age_aggregate_y15_24,eco_isic3_m,1993,7.765
bol,sex_t,age_aggregate_y15_24,eco_isic3_m,1994,7.605
bol,sex_t,age_aggregate_y15_24,eco_isic3_m,1995,6.15
bol,sex_t,age_aggregate_y15_24,eco_isic3_m,2000,13.977
bol,sex_t,age_aggregate_y15_24,eco_isic3_m,2001,23.307
bol,sex_t,age_aggregate_y15_24,eco_isic3_m,2002,14.67
bol,sex_t,age_aggregate_y15_24,eco_isic3_m,2005,13.216
bol,sex_t,age_aggregate_y15_24,eco_isic3_m,2006,16.133
bol,sex_t,age_aggregate_y15_24,eco_isic3_m,2007,13.691
bol,sex_t,age_aggregate_y15_24,eco_isic3_m,2008,15.789
bol,sex_t,age_aggregate_y15_24,eco_isic3_m,2009,17.715
bol,sex_t,age_aggregate_y15_24,eco_isic3_n,1991,3.199
bol,sex_t,age_aggregate_y15_24,eco_isic3_n,1992,3.644
bol,sex_t,age_aggregate_y15_24,eco_isic3_n,1993,4.463
bol,sex_t,age_aggregate_y15_24,eco_isic3_n,1994,3.886
bol,sex_t,age_aggregate_y15_24,eco_isic3_n,1995,3.299
bol,sex_t,age_aggregate_y15_24,eco_isic3_n,2000,6.182
bol,sex_t,age_aggregate_y15_24,eco_isic3_n,2001,5.959
bol,sex_t,age_aggregate_y15_24,eco_isic3_n,2002,4.742
bol,sex_t,age_aggregate_y15_24,eco_isic3_n,2005,7.598
bol,sex_t,age_aggregate_y15_24,eco_isic3_n,2006,10.396
bol,sex_t,age_aggregate_y15_24,eco_isic3_n,2007,12.758
bol,sex_t,age_aggregate_y15_24,eco_isic3_n,2008,13.55
bol,sex_t,age_aggregate_y15_24,eco_isic3_n,2009,13.177
bol,sex_t,age_aggregate_y15_24,eco_isic3_o,1989,18.99
bol,sex_t,age_aggregate_y15_24,eco_isic3_o,1990,20.674
bol,sex_t,age_aggregate_y15_24,eco_isic3_o,1991,14.336
bol,sex_t,age_aggregate_y15_24,eco_isic3_o,1992,12.46
bol,sex_t,age_aggregate_y15_24,eco_isic3_o,1993,12.04
bol,sex_t,age_aggregate_y15_24,eco_isic3_o,1994,10.992
bol,sex_t,age_aggregate_y15_24,eco_isic3_o,1995,13.726
bol,sex_t,age_aggregate_y15_24,eco_isic3_o,1999,104.252
bol,sex_t,age_aggregate_y15_24,eco_isic3_o,2000,21.875
bol,sex_t,age_aggregate_y15_24,eco_isic3_o,2001,24.852
bol,sex_t,age_aggregate_y15_24,eco_isic3_o,2002,26.514
bol,sex_t,age_aggregate_y15_24,eco_isic3_o,2005,28.634
bol,sex_t,age_aggregate_y15_24,eco_isic3_o,2006,31.209
bol,sex_t,age_aggregate_y15_24,eco_isic3_o,2007,30.032
bol,sex_t,age_aggregate_y15_24,eco_isic3_o,2008,27.258
bol,sex_t,age_aggregate_y15_24,eco_isic3_o,2009,38.554
bol,sex_t,age_aggregate_y15_24,eco_isic3_p,1989,54.992
bol,sex_t,age_aggregate_y15_24,eco_isic3_p,1990,61.337
bol,sex_t,age_aggregate_y15_24,eco_isic3_p,1991,37.15
bol,sex_t,age_aggregate_y15_24,eco_isic3_p,1992,32.814
bol,sex_t,age_aggregate_y15_24,eco_isic3_p,1993,41.852
bol,sex_t,age_aggregate_y15_24,eco_isic3_p,1994,34.086
bol,sex_t,age_aggregate_y15_24,eco_isic3_p,1995,38.936
bol,sex_t,age_aggregate_y15_24,eco_isic3_p,2000,54.611
bol,sex_t,age_aggregate_y15_24,eco_isic3_p,2001,55.376
bol,sex_t,age_aggregate_y15_24,eco_isic3_p,2002,48.656
bol,sex_t,age_aggregate_y15_24,eco_isic3_p,2005,47.861
bol,sex_t,age_aggregate_y15_24,eco_isic3_p,2006,40.748
bol,sex_t,age_aggregate_y15_24,eco_isic3_p,2007,55.036
bol,sex_t,age_aggregate_y15_24,eco_isic3_p,2008,37.571
bol,sex_t,age_aggregate_y15_24,eco_isic3_p,2009,38.045
bol,sex_t,age_aggregate_y15_24,eco_isic3_q,1992,0.878
bol,sex_t,age_aggregate_y15_24,eco_isic3_total,1989,187.202
bol,sex_t,age_aggregate_y15_24,eco_isic3_total,1990,204.991
bol,sex_t,age_aggregate_y15_24,eco_isic3_total,1991,221.498
bol,sex_t,age_aggregate_y15_24,eco_isic3_total,1992,226.598
bol,sex_t,age_aggregate_y15_24,eco_isic3_total,1993,259.715
bol,sex_t,age_aggregate_y15_24,eco_isic3_total,1994,272.161
bol,sex_t,age_aggregate_y15_24,eco_isic3_total,1995,294.696
bol,sex_t,age_aggregate_y15_24,eco_isic3_total,1999,845.664
bol,sex_t,age_aggregate_y15_24,eco_isic3_total,2000,753.601
bol,sex_t,age_aggregate_y15_24,eco_isic3_total,2001,880.966
bol,sex_t,age_aggregate_y15_24,eco_isic3_total,2002,842.194
bol,sex_t,age_aggregate_y15_24,eco_isic3_total,2005,799.212
bol,sex_t,age_aggregate_y15_24,eco_isic3_total,2006,916.845
bol,sex_t,age_aggregate_y15_24,eco_isic3_total,2007,915.783
bol,sex_t,age_aggregate_y15_24,eco_isic3_total,2008,935.231
bol,sex_t,age_aggregate_y15_24,eco_isic3_total,2009,950.774
bol,sex_t,age_aggregate_y15_24,eco_isic3_x,1989,5.902
bol,sex_t,age_aggregate_y15_24,eco_isic3_x,1990,7.91
bol,sex_t,age_aggregate_y15_24,eco_isic3_x,1999,42.059
bol,sex_t,age_aggregate_y15_24,eco_isic3_x,2000,8.858
bol,sex_t,age_aggregate_y15_24,eco_isic3_x,2001,8.426
bol,sex_t,age_aggregate_y15_24,eco_isic4_a,2011,361.874
bol,sex_t,age_aggregate_y15_24,eco_isic4_a,2012,306.065
bol,sex_t,age_aggregate_y15_24,eco_isic4_a,2013,294.634
bol,sex_t,age_aggregate_y15_24,eco_isic4_a,2014,312.033
bol,sex_t,age_aggregate_y15_24,eco_isic4_a,2015,258.734
bol,sex_t,age_aggregate_y15_24,eco_isic4_a,2016,277.021
bol,sex_t,age_aggregate_y15_24,eco_isic4_a,2017,294.184
bol,sex_t,age_aggregate_y15_24,eco_isic4_a,2018,305.876
bol,sex_t,age_aggregate_y15_24,eco_isic4_a,2019,275.156
bol,sex_t,age_aggregate_y15_24,eco_isic4_a,2020,291.491
bol,sex_t,age_aggregate_y15_24,eco_isic4_a,2021,336.203
bol,sex_t,age_aggregate_y15_24,eco_isic4_a,2022,302.778
bol,sex_t,age_aggregate_y15_24,eco_isic4_a,2023,305.879
bol,sex_t,age_aggregate_y15_24,eco_isic4_a,2024,270.132
bol,sex_t,age_aggregate_y15_24,eco_isic4_b,2011,14.936
bol,sex_t,age_aggregate_y15_24,eco_isic4_b,2012,20.897
bol,sex_t,age_aggregate_y15_24,eco_isic4_b,2013,20.206
bol,sex_t,age_aggregate_y15_24,eco_isic4_b,2014,18.142
bol,sex_t,age_aggregate_y15_24,eco_isic4_b,2015,20.793
bol,sex_t,age_aggregate_y15_24,eco_isic4_b,2016,13.538
bol,sex_t,age_aggregate_y15_24,eco_isic4_b,2017,10.659
bol,sex_t,age_aggregate_y15_24,eco_isic4_b,2018,13.801
bol,sex_t,age_aggregate_y15_24,eco_isic4_b,2019,11.782
bol,sex_t,age_aggregate_y15_24,eco_isic4_b,2020,4.502
bol,sex_t,age_aggregate_y15_24,eco_isic4_b,2021,16.936
bol,sex_t,age_aggregate_y15_24,eco_isic4_b,2022,15.639
bol,sex_t,age_aggregate_y15_24,eco_isic4_b,2023,10.759
bol,sex_t,age_aggregate_y15_24,eco_isic4_b,2024,16.506
bol,sex_t,age_aggregate_y15_24,eco_isic4_c,2011,85.517
bol,sex_t,age_aggregate_y15_24,eco_isic4_c,2012,68.775
bol,sex_t,age_aggregate_y15_24,eco_isic4_c,2013,73.933
bol,sex_t,age_aggregate_y15_24,eco_isic4_c,2014,109.001
bol,sex_t,age_aggregate_y15_24,eco_isic4_c,2015,80.454
bol,sex_t,age_aggregate_y15_24,eco_isic4_c,2016,91.744
bol,sex_t,age_aggregate_y15_24,eco_isic4_c,2017,88.916
bol,sex_t,age_aggregate_y15_24,eco_isic4_c,2018,98.85
bol,sex_t,age_aggregate_y15_24,eco_isic4_c,2019,118.85
bol,sex_t,age_aggregate_y15_24,eco_isic4_c,2020,80.438
bol,sex_t,age_aggregate_y15_24,eco_isic4_c,2021,147.354
bol,sex_t,age_aggregate_y15_24,eco_isic4_c,2022,147.969
bol,sex_t,age_aggregate_y15_24,eco_isic4_c,2023,146.729
bol,sex_t,age_aggregate_y15_24,eco_isic4_c,2024,165.293
bol,sex_t,age_aggregate_y15_24,eco_isic4_d,2012,1.348
bol,sex_t,age_aggregate_y15_24,eco_isic4_d,2015,1.706
bol,sex_t,age_aggregate_y15_24,eco_isic4_d,2016,0.741
bol,sex_t,age_aggregate_y15_24,eco_isic4_d,2017,0.382
bol,sex_t,age_aggregate_y15_24,eco_isic4_d,2018,0.584
bol,sex_t,age_aggregate_y15_24,eco_isic4_d,2019,1.188
bol,sex_t,age_aggregate_y15_24,eco_isic4_d,2021,1.468
bol,sex_t,age_aggregate_y15_24,eco_isic4_d,2022,0.912
bol,sex_t,age_aggregate_y15_24,eco_isic4_d,2023,0.819
bol,sex_t,age_aggregate_y15_24,eco_isic4_d,2024,1.55
bol,sex_t,age_aggregate_y15_24,eco_isic4_e,2012,2.318
bol,sex_t,age_aggregate_y15_24,eco_isic4_e,2014,1.558
bol,sex_t,age_aggregate_y15_24,eco_isic4_e,2016,0.516
bol,sex_t,age_aggregate_y15_24,eco_isic4_e,2017,0.39
bol,sex_t,age_aggregate_y15_24,eco_isic4_e,2018,1.101
bol,sex_t,age_aggregate_y15_24,eco_isic4_e,2019,0.349
bol,sex_t,age_aggregate_y15_24,eco_isic4_e,2021,0.99
bol,sex_t,age_aggregate_y15_24,eco_isic4_e,2022,0.634
bol,sex_t,age_aggregate_y15_24,eco_isic4_e,2023,0.448
bol,sex_t,age_aggregate_y15_24,eco_isic4_e,2024,1.532
bol,sex_t,age_aggregate_y15_24,eco_isic4_f,2011,98.885
bol,sex_t,age_aggregate_y15_24,eco_isic4_f,2012,69.497
bol,sex_t,age_aggregate_y15_24,eco_isic4_f,2013,74.457
bol,sex_t,age_aggregate_y15_24,eco_isic4_f,2014,109.813
bol,sex_t,age_aggregate_y15_24,eco_isic4_f,2015,105.629
bol,sex_t,age_aggregate_y15_24,eco_isic4_f,2016,94.839
bol,sex_t,age_aggregate_y15_24,eco_isic4_f,2017,94.455
bol,sex_t,age_aggregate_y15_24,eco_isic4_f,2018,83.784
bol,sex_t,age_aggregate_y15_24,eco_isic4_f,2019,87.132
bol,sex_t,age_aggregate_y15_24,eco_isic4_f,2020,82.036
bol,sex_t,age_aggregate_y15_24,eco_isic4_f,2021,90.151
bol,sex_t,age_aggregate_y15_24,eco_isic4_f,2022,81.67
bol,sex_t,age_aggregate_y15_24,eco_isic4_f,2023,78.545
bol,sex_t,age_aggregate_y15_24,eco_isic4_f,2024,83.559
bol,sex_t,age_aggregate_y15_24,eco_isic4_g,2011,172.081
bol,sex_t,age_aggregate_y15_24,eco_isic4_g,2012,139.728
bol,sex_t,age_aggregate_y15_24,eco_isic4_g,2013,143.126
bol,sex_t,age_aggregate_y15_24,eco_isic4_g,2014,176.51
bol,sex_t,age_aggregate_y15_24,eco_isic4_g,2015,144.33
bol,sex_t,age_aggregate_y15_24,eco_isic4_g,2016,146.093
bol,sex_t,age_aggregate_y15_24,eco_isic4_g,2017,150.3
bol,sex_t,age_aggregate_y15_24,eco_isic4_g,2018,182.929
bol,sex_t,age_aggregate_y15_24,eco_isic4_g,2019,205.162
bol,sex_t,age_aggregate_y15_24,eco_isic4_g,2020,161.135
bol,sex_t,age_aggregate_y15_24,eco_isic4_g,2021,291.365
bol,sex_t,age_aggregate_y15_24,eco_isic4_g,2022,299.754
bol,sex_t,age_aggregate_y15_24,eco_isic4_g,2023,283.951
bol,sex_t,age_aggregate_y15_24,eco_isic4_g,2024,305.2
bol,sex_t,age_aggregate_y15_24,eco_isic4_h,2011,42.529
bol,sex_t,age_aggregate_y15_24,eco_isic4_h,2012,37.695
bol,sex_t,age_aggregate_y15_24,eco_isic4_h,2013,27.385
bol,sex_t,age_aggregate_y15_24,eco_isic4_h,2014,34.653
bol,sex_t,age_aggregate_y15_24,eco_isic4_h,2015,38.582
bol,sex_t,age_aggregate_y15_24,eco_isic4_h,2016,31.191
bol,sex_t,age_aggregate_y15_24,eco_isic4_h,2017,37.123
bol,sex_t,age_aggregate_y15_24,eco_isic4_h,2018,38.768
bol,sex_t,age_aggregate_y15_24,eco_isic4_h,2019,45.217
bol,sex_t,age_aggregate_y15_24,eco_isic4_h,2020,19.003
bol,sex_t,age_aggregate_y15_24,eco_isic4_h,2021,46.093
bol,sex_t,age_aggregate_y15_24,eco_isic4_h,2022,50.607
bol,sex_t,age_aggregate_y15_24,eco_isic4_h,2023,55.196
bol,sex_t,age_aggregate_y15_24,eco_isic4_h,2024,52.521
bol,sex_t,age_aggregate_y15_24,eco_isic4_i,2011,65.152
bol,sex_t,age_aggregate_y15_24,eco_isic4_i,2012,64.305
bol,sex_t,age_aggregate_y15_24,eco_isic4_i,2013,61.979
bol,sex_t,age_aggregate_y15_24,eco_isic4_i,2014,60.567
bol,sex_t,age_aggregate_y15_24,eco_isic4_i,2015,65.181
bol,sex_t,age_aggregate_y15_24,eco_isic4_i,2016,65.68
bol,sex_t,age_aggregate_y15_24,eco_isic4_i,2017,79.653
bol,sex_t,age_aggregate_y15_24,eco_isic4_i,2018,98.12
bol,sex_t,age_aggregate_y15_24,eco_isic4_i,2019,110.646
bol,sex_t,age_aggregate_y15_24,eco_isic4_i,2020,86.558
bol,sex_t,age_aggregate_y15_24,eco_isic4_i,2021,142.087
bol,sex_t,age_aggregate_y15_24,eco_isic4_i,2022,163.072
bol,sex_t,age_aggregate_y15_24,eco_isic4_i,2023,156.291
bol,sex_t,age_aggregate_y15_24,eco_isic4_i,2024,181.542
bol,sex_t,age_aggregate_y15_24,eco_isic4_j,2011,19.791
bol,sex_t,age_aggregate_y15_24,eco_isic4_j,2012,17.659
bol,sex_t,age_aggregate_y15_24,eco_isic4_j,2013,14.412
bol,sex_t,age_aggregate_y15_24,eco_isic4_j,2014,16.133
bol,sex_t,age_aggregate_y15_24,eco_isic4_j,2015,10.666
bol,sex_t,age_aggregate_y15_24,eco_isic4_j,2016,8.864
bol,sex_t,age_aggregate_y15_24,eco_isic4_j,2017,9.211
bol,sex_t,age_aggregate_y15_24,eco_isic4_j,2018,7.641
bol,sex_t,age_aggregate_y15_24,eco_isic4_j,2019,8.707
bol,sex_t,age_aggregate_y15_24,eco_isic4_j,2020,5.216
bol,sex_t,age_aggregate_y15_24,eco_isic4_j,2021,6.18
bol,sex_t,age_aggregate_y15_24,eco_isic4_j,2022,4.541
bol,sex_t,age_aggregate_y15_24,eco_isic4_j,2023,6.184
bol,sex_t,age_aggregate_y15_24,eco_isic4_j,2024,5.346
bol,sex_t,age_aggregate_y15_24,eco_isic4_k,2011,6.292
bol,sex_t,age_aggregate_y15_24,eco_isic4_k,2012,3.765
bol,sex_t,age_aggregate_y15_24,eco_isic4_k,2013,8.054
bol,sex_t,age_aggregate_y15_24,eco_isic4_k,2014,4.823
bol,sex_t,age_aggregate_y15_24,eco_isic4_k,2015,4.808
bol,sex_t,age_aggregate_y15_24,eco_isic4_k,2016,3.45
bol,sex_t,age_aggregate_y15_24,eco_isic4_k,2017,4.51
bol,sex_t,age_aggregate_y15_24,eco_isic4_k,2018,3.679
bol,sex_t,age_aggregate_y15_24,eco_isic4_k,2019,3.353
bol,sex_t,age_aggregate_y15_24,eco_isic4_k,2020,2.147
bol,sex_t,age_aggregate_y15_24,eco_isic4_k,2021,3.197
bol,sex_t,age_aggregate_y15_24,eco_isic4_k,2022,3.503
bol,sex_t,age_aggregate_y15_24,eco_isic4_k,2023,4.145
bol,sex_t,age_aggregate_y15_24,eco_isic4_k,2024,3.109
bol,sex_t,age_aggregate_y15_24,eco_isic4_l,2014,2.242
bol,sex_t,age_aggregate_y15_24,eco_isic4_l,2015,1.678
bol,sex_t,age_aggregate_y15_24,eco_isic4_l,2016,2.316
bol,sex_t,age_aggregate_y15_24,eco_isic4_l,2017,2.039
bol,sex_t,age_aggregate_y15_24,eco_isic4_l,2018,1.655
bol,sex_t,age_aggregate_y15_24,eco_isic4_l,2019,1.395
bol,sex_t,age_aggregate_y15_24,eco_isic4_l,2021,1.708
bol,sex_t,age_aggregate_y15_24,eco_isic4_l,2022,2.701
bol,sex_t,age_aggregate_y15_24,eco_isic4_l,2023,2.401
bol,sex_t,age_aggregate_y15_24,eco_isic4_l,2024,3.038
bol,sex_t,age_aggregate_y15_24,eco_isic4_m,2011,11.57
bol,sex_t,age_aggregate_y15_24,eco_isic4_m,2012,14.779
bol,sex_t,age_aggregate_y15_24,eco_isic4_m,2013,10.658
bol,sex_t,age_aggregate_y15_24,eco_isic4_m,2014,10.426
bol,sex_t,age_aggregate_y15_24,eco_isic4_m,2015,8.292
bol,sex_t,age_aggregate_y15_24,eco_isic4_m,2016,9.336
bol,sex_t,age_aggregate_y15_24,eco_isic4_m,2017,8.778
bol,sex_t,age_aggregate_y15_24,eco_isic4_m,2018,7.87
bol,sex_t,age_aggregate_y15_24,eco_isic4_m,2019,11.725
bol,sex_t,age_aggregate_y15_24,eco_isic4_m,2020,5.545
bol,sex_t,age_aggregate_y15_24,eco_isic4_m,2021,10.121
bol,sex_t,age_aggregate_y15_24,eco_isic4_m,2022,16.316
bol,sex_t,age_aggregate_y15_24,eco_isic4_m,2023,15.817
bol,sex_t,age_aggregate_y15_24,eco_isic4_m,2024,16.254
bol,sex_t,age_aggregate_y15_24,eco_isic4_n,2011,11.223
bol,sex_t,age_aggregate_y15_24,eco_isic4_n,2012,14.073
bol,sex_t,age_aggregate_y15_24,eco_isic4_n,2013,16.008
bol,sex_t,age_aggregate_y15_24,eco_isic4_n,2014,12.697
bol,sex_t,age_aggregate_y15_24,eco_isic4_n,2015,10.767
bol,sex_t,age_aggregate_y15_24,eco_isic4_n,2016,12.472
bol,sex_t,age_aggregate_y15_24,eco_isic4_n,2017,9.622
bol,sex_t,age_aggregate_y15_24,eco_isic4_n,2018,11.848
bol,sex_t,age_aggregate_y15_24,eco_isic4_n,2019,18.102
bol,sex_t,age_aggregate_y15_24,eco_isic4_n,2020,14.555
bol,sex_t,age_aggregate_y15_24,eco_isic4_n,2021,21.48
bol,sex_t,age_aggregate_y15_24,eco_isic4_n,2022,26.116
bol,sex_t,age_aggregate_y15_24,eco_isic4_n,2023,31.113
bol,sex_t,age_aggregate_y15_24,eco_isic4_n,2024,27.876
bol,sex_t,age_aggregate_y15_24,eco_isic4_o,2011,14.222
bol,sex_t,age_aggregate_y15_24,eco_isic4_o,2012,14.023
bol,sex_t,age_aggregate_y15_24,eco_isic4_o,2013,16.059
bol,sex_t,age_aggregate_y15_24,eco_isic4_o,2014,14.987
bol,sex_t,age_aggregate_y15_24,eco_isic4_o,2015,16.977
bol,sex_t,age_aggregate_y15_24,eco_isic4_o,2016,14.573
bol,sex_t,age_aggregate_y15_24,eco_isic4_o,2017,9.544
bol,sex_t,age_aggregate_y15_24,eco_isic4_o,2018,9.65
bol,sex_t,age_aggregate_y15_24,eco_isic4_o,2019,7.917
bol,sex_t,age_aggregate_y15_24,eco_isic4_o,2020,6.033
bol,sex_t,age_aggregate_y15_24,eco_isic4_o,2021,6.959
bol,sex_t,age_aggregate_y15_24,eco_isic4_o,2022,8.82
bol,sex_t,age_aggregate_y15_24,eco_isic4_o,2023,7.596
bol,sex_t,age_aggregate_y15_24,eco_isic4_o,2024,8.435
bol,sex_t,age_aggregate_y15_24,eco_isic4_p,2011,14.946
bol,sex_t,age_aggregate_y15_24,eco_isic4_p,2012,13.68
bol,sex_t,age_aggregate_y15_24,eco_isic4_p,2013,11.9
bol,sex_t,age_aggregate_y15_24,eco_isic4_p,2014,14.709
bol,sex_t,age_aggregate_y15_24,eco_isic4_p,2015,8.037
bol,sex_t,age_aggregate_y15_24,eco_isic4_p,2016,11.755
bol,sex_t,age_aggregate_y15_24,eco_isic4_p,2017,8.438
bol,sex_t,age_aggregate_y15_24,eco_isic4_p,2018,10.024
bol,sex_t,age_aggregate_y15_24,eco_isic4_p,2019,9.416
bol,sex_t,age_aggregate_y15_24,eco_isic4_p,2020,3.081
bol,sex_t,age_aggregate_y15_24,eco_isic4_p,2021,9.82
bol,sex_t,age_aggregate_y15_24,eco_isic4_p,2022,14.408
bol,sex_t,age_aggregate_y15_24,eco_isic4_p,2023,15.604
bol,sex_t,age_aggregate_y15_24,eco_isic4_p,2024,14.891
bol,sex_t,age_aggregate_y15_24,eco_isic4_q,2011,7.993
bol,sex_t,age_aggregate_y15_24,eco_isic4_q,2012,8.808
bol,sex_t,age_aggregate_y15_24,eco_isic4_q,2013,13.22
bol,sex_t,age_aggregate_y15_24,eco_isic4_q,2014,11.073
bol,sex_t,age_aggregate_y15_24,eco_isic4_q,2015,10.829
bol,sex_t,age_aggregate_y15_24,eco_isic4_q,2016,11.743
bol,sex_t,age_aggregate_y15_24,eco_isic4_q,2017,8.529
bol,sex_t,age_aggregate_y15_24,eco_isic4_q,2018,8.531
bol,sex_t,age_aggregate_y15_24,eco_isic4_q,2019,10.261
bol,sex_t,age_aggregate_y15_24,eco_isic4_q,2020,9.921
bol,sex_t,age_aggregate_y15_24,eco_isic4_q,2021,11.71
bol,sex_t,age_aggregate_y15_24,eco_isic4_q,2022,13.208
bol,sex_t,age_aggregate_y15_24,eco_isic4_q,2023,18.801
bol,sex_t,age_aggregate_y15_24,eco_isic4_q,2024,18.161
bol,sex_t,age_aggregate_y15_24,eco_isic4_r,2011,13.634
bol,sex_t,age_aggregate_y15_24,eco_isic4_r,2012,13.133
bol,sex_t,age_aggregate_y15_24,eco_isic4_r,2013,10.994
bol,sex_t,age_aggregate_y15_24,eco_isic4_r,2014,9.442
bol,sex_t,age_aggregate_y15_24,eco_isic4_r,2015,9.403
bol,sex_t,age_aggregate_y15_24,eco_isic4_r,2016,10.569
bol,sex_t,age_aggregate_y15_24,eco_isic4_r,2017,11.539
bol,sex_t,age_aggregate_y15_24,eco_isic4_r,2018,11.802
bol,sex_t,age_aggregate_y15_24,eco_isic4_r,2019,13.977
bol,sex_t,age_aggregate_y15_24,eco_isic4_r,2020,5.405
bol,sex_t,age_aggregate_y15_24,eco_isic4_r,2021,11.445
bol,sex_t,age_aggregate_y15_24,eco_isic4_r,2022,15.843
bol,sex_t,age_aggregate_y15_24,eco_isic4_r,2023,20.432
bol,sex_t,age_aggregate_y15_24,eco_isic4_r,2024,19.795
bol,sex_t,age_aggregate_y15_24,eco_isic4_s,2011,17.3
bol,sex_t,age_aggregate_y15_24,eco_isic4_s,2012,15.3
bol,sex_t,age_aggregate_y15_24,eco_isic4_s,2013,16.236
bol,sex_t,age_aggregate_y15_24,eco_isic4_s,2014,20.744
bol,sex_t,age_aggregate_y15_24,eco_isic4_s,2015,21.571
bol,sex_t,age_aggregate_y15_24,eco_isic4_s,2016,16.694
bol,sex_t,age_aggregate_y15_24,eco_isic4_s,2017,16.419
bol,sex_t,age_aggregate_y15_24,eco_isic4_s,2018,19.673
bol,sex_t,age_aggregate_y15_24,eco_isic4_s,2019,27.483
bol,sex_t,age_aggregate_y15_24,eco_isic4_s,2020,19.789
bol,sex_t,age_aggregate_y15_24,eco_isic4_s,2021,27.182
bol,sex_t,age_aggregate_y15_24,eco_isic4_s,2022,33.506
bol,sex_t,age_aggregate_y15_24,eco_isic4_s,2023,28.56
bol,sex_t,age_aggregate_y15_24,eco_isic4_s,2024,44.321
bol,sex_t,age_aggregate_y15_24,eco_isic4_t,2011,24.227
bol,sex_t,age_aggregate_y15_24,eco_isic4_t,2012,33.088
bol,sex_t,age_aggregate_y15_24,eco_isic4_t,2013,27.185
bol,sex_t,age_aggregate_y15_24,eco_isic4_t,2014,30.439
bol,sex_t,age_aggregate_y15_24,eco_isic4_t,2015,18.532
bol,sex_t,age_aggregate_y15_24,eco_isic4_t,2016,25.237
bol,sex_t,age_aggregate_y15_24,eco_isic4_t,2017,25.199
bol,sex_t,age_aggregate_y15_24,eco_isic4_t,2018,20.582
bol,sex_t,age_aggregate_y15_24,eco_isic4_t,2019,24.716
bol,sex_t,age_aggregate_y15_24,eco_isic4_t,2020,14.001
bol,sex_t,age_aggregate_y15_24,eco_isic4_t,2021,23.601
bol,sex_t,age_aggregate_y15_24,eco_isic4_t,2022,25.475
bol,sex_t,age_aggregate_y15_24,eco_isic4_t,2023,29.857
bol,sex_t,age_aggregate_y15_24,eco_isic4_t,2024,26.472
bol,sex_t,age_aggregate_y15_24,eco_isic4_total,2011,985.167
bol,sex_t,age_aggregate_y15_24,eco_isic4_total,2012,859.819
bol,sex_t,age_aggregate_y15_24,eco_isic4_total,2013,842.306
bol,sex_t,age_aggregate_y15_24,eco_isic4_total,2014,971.469
bol,sex_t,age_aggregate_y15_24,eco_isic4_total,2015,840.124
bol,sex_t,age_aggregate_y15_24,eco_isic4_total,2016,848.604
bol,sex_t,age_aggregate_y15_24,eco_isic4_total,2017,870.58
bol,sex_t,age_aggregate_y15_24,eco_isic4_total,2018,936.769
bol,sex_t,age_aggregate_y15_24,eco_isic4_total,2019,992.779
bol,sex_t,age_aggregate_y15_24,eco_isic4_total,2020,814.869
bol,sex_t,age_aggregate_y15_24,eco_isic4_total,2021,1208.755
bol,sex_t,age_aggregate_y15_24,eco_isic4_total,2022,1230.875
bol,sex_t,age_aggregate_y15_24,eco_isic4_total,2023,1222.63
bol,sex_t,age_aggregate_y15_24,eco_isic4_total,2024,1270.692
bol,sex_t,age_aggregate_y15_24,eco_isic4_u,2016,0.197
bol,sex_t,age_aggregate_y15_24,eco_isic4_x,2015,1.783
bol,sex_t,age_aggregate_y15_24,eco_isic4_x,2017,0.577
bol,sex_t,age_aggregate_y15_24,eco_isic4_x,2020,2.478
bol,sex_t,age_aggregate_y15_24,eco_isic4_x,2021,2.703
bol,sex_t,age_aggregate_y15_24,eco_isic4_x,2022,3.363
bol,sex_t,age_aggregate_y15_24,eco_isic4_x,2023,3.505
bol,sex_t,age_aggregate_y15_24,eco_isic4_x,2024,5.158
bol,sex_t,age_aggregate_y15_24,eco_sector_agr,1991,3.478
bol,sex_t,age_aggregate_y15_24,eco_sector_agr,1992,2.517
bol,sex_t,age_aggregate_y15_24,eco_sector_agr,1993,3.565
bol,sex_t,age_aggregate_y15_24,eco_sector_agr,1994,3.201
bol,sex_t,age_aggregate_y15_24,eco_sector_agr,1995,4.092
bol,sex_t,age_aggregate_y15_24,eco_sector_agr,2000,300.827
bol,sex_t,age_aggregate_y15_24,eco_sector_agr,2001,388.944
bol,sex_t,age_aggregate_y15_24,eco_sector_agr,2002,385.024
bol,sex_t,age_aggregate_y15_24,eco_sector_agr,2005,297.685
bol,sex_t,age_aggregate_y15_24,eco_sector_agr,2006,364.012
bol,sex_t,age_aggregate_y15_24,eco_sector_agr,2007,359.92
bol,sex_t,age_aggregate_y15_24,eco_sector_agr,2008,318.132
bol,sex_t,age_aggregate_y15_24,eco_sector_agr,2009,292.822
bol,sex_t,age_aggregate_y15_24,eco_sector_agr,2011,361.874
bol,sex_t,age_aggregate_y15_24,eco_sector_agr,2012,306.065
bol,sex_t,age_aggregate_y15_24,eco_sector_agr,2013,294.634
bol,sex_t,age_aggregate_y15_24,eco_sector_agr,2014,312.033
bol,sex_t,age_aggregate_y15_24,eco_sector_agr,2015,258.734
bol,sex_t,age_aggregate_y15_24,eco_sector_agr,2016,277.021
bol,sex_t,age_aggregate_y15_24,eco_sector_agr,2017,294.184
bol,sex_t,age_aggregate_y15_24,eco_sector_agr,2018,305.876
bol,sex_t,age_aggregate_y15_24,eco_sector_agr,2019,275.156
bol,sex_t,age_aggregate_y15_24,eco_sector_agr,2020,291.491
bol,sex_t,age_aggregate_y15_24,eco_sector_agr,2021,336.203
bol,sex_t,age_aggregate_y15_24,eco_sector_agr,2022,302.778
bol,sex_t,age_aggregate_y15_24,eco_sector_agr,2023,305.879
bol,sex_t,age_aggregate_y15_24,eco_sector_agr,2024,270.132
bol,sex_t,age_aggregate_y15_24,eco_sector_ind,1989,32.471
bol,sex_t,age_aggregate_y15_24,eco_sector_ind,1990,43.134
bol,sex_t,age_aggregate_y15_24,eco_sector_ind,1991,73.351
bol,sex_t,age_aggregate_y15_24,eco_sector_ind,1992,79.225
bol,sex_t,age_aggregate_y15_24,eco_sector_ind,1993,80.341
bol,sex_t,age_aggregate_y15_24,eco_sector_ind,1994,92.483
bol,sex_t,age_aggregate_y15_24,eco_sector_ind,1995,96.29
bol,sex_t,age_aggregate_y15_24,eco_sector_ind,1999,66.436
bol,sex_t,age_aggregate_y15_24,eco_sector_ind,2000,168.603
bol,sex_t,age_aggregate_y15_24,eco_sector_ind,2001,140.9
bol,sex_t,age_aggregate_y15_24,eco_sector_ind,2002,136.335
bol,sex_t,age_aggregate_y15_24,eco_sector_ind,2005,172.751
bol,sex_t,age_aggregate_y15_24,eco_sector_ind,2006,181.879
bol,sex_t,age_aggregate_y15_24,eco_sector_ind,2007,212.573
bol,sex_t,age_aggregate_y15_24,eco_sector_ind,2008,194.747
bol,sex_t,age_aggregate_y15_24,eco_sector_ind,2009,230.277
bol,sex_t,age_aggregate_y15_24,eco_sector_ind,2011,200.806
bol,sex_t,age_aggregate_y15_24,eco_sector_ind,2012,162.835
bol,sex_t,age_aggregate_y15_24,eco_sector_ind,2013,169.992
bol,sex_t,age_aggregate_y15_24,eco_sector_ind,2014,239.478
bol,sex_t,age_aggregate_y15_24,eco_sector_ind,2015,209.17
bol,sex_t,age_aggregate_y15_24,eco_sector_ind,2016,201.379
bol,sex_t,age_aggregate_y15_24,eco_sector_ind,2017,194.803
bol,sex_t,age_aggregate_y15_24,eco_sector_ind,2018,198.12
bol,sex_t,age_aggregate_y15_24,eco_sector_ind,2019,219.302
bol,sex_t,age_aggregate_y15_24,eco_sector_ind,2020,167.035
bol,sex_t,age_aggregate_y15_24,eco_sector_ind,2021,256.9
bol,sex_t,age_aggregate_y15_24,eco_sector_ind,2022,246.823
bol,sex_t,age_aggregate_y15_24,eco_sector_ind,2023,237.299
bol,sex_t,age_aggregate_y15_24,eco_sector_ind,2024,268.44
bol,sex_t,age_aggregate_y15_24,eco_sector_nag,1989,187.202
bol,sex_t,age_aggregate_y15_24,eco_sector_nag,1990,204.991
bol,sex_t,age_aggregate_y15_24,eco_sector_nag,1991,218.02
bol,sex_t,age_aggregate_y15_24,eco_sector_nag,1992,224.081
bol,sex_t,age_aggregate_y15_24,eco_sector_nag,1993,256.15
bol,sex_t,age_aggregate_y15_24,eco_sector_nag,1994,268.96
bol,sex_t,age_aggregate_y15_24,eco_sector_nag,1995,290.604
bol,sex_t,age_aggregate_y15_24,eco_sector_nag,1999,845.664
bol,sex_t,age_aggregate_y15_24,eco_sector_nag,2000,452.774
bol,sex_t,age_aggregate_y15_24,eco_sector_nag,2001,492.022
bol,sex_t,age_aggregate_y15_24,eco_sector_nag,2002,457.17
bol,sex_t,age_aggregate_y15_24,eco_sector_nag,2005,501.527
bol,sex_t,age_aggregate_y15_24,eco_sector_nag,2006,552.833
bol,sex_t,age_aggregate_y15_24,eco_sector_nag,2007,555.863
bol,sex_t,age_aggregate_y15_24,eco_sector_nag,2008,617.099
bol,sex_t,age_aggregate_y15_24,eco_sector_nag,2009,657.952
bol,sex_t,age_aggregate_y15_24,eco_sector_nag,2011,623.293
bol,sex_t,age_aggregate_y15_24,eco_sector_nag,2012,553.754
bol,sex_t,age_aggregate_y15_24,eco_sector_nag,2013,547.672
bol,sex_t,age_aggregate_y15_24,eco_sector_nag,2014,659.436
bol,sex_t,age_aggregate_y15_24,eco_sector_nag,2015,581.39
bol,sex_t,age_aggregate_y15_24,eco_sector_nag,2016,571.582
bol,sex_t,age_aggregate_y15_24,eco_sector_nag,2017,576.396
bol,sex_t,age_aggregate_y15_24,eco_sector_nag,2018,630.893
bol,sex_t,age_aggregate_y15_24,eco_sector_nag,2019,717.623
bol,sex_t,age_aggregate_y15_24,eco_sector_nag,2020,523.378
bol,sex_t,age_aggregate_y15_24,eco_sector_nag,2021,872.552
bol,sex_t,age_aggregate_y15_24,eco_sector_nag,2022,928.097
bol,sex_t,age_aggregate_y15_24,eco_sector_nag,2023,916.751
bol,sex_t,age_aggregate_y15_24,eco_sector_nag,2024,1000.56
bol,sex_t,age_aggregate_y15_24,eco_sector_ser,1989,148.829
bol,sex_t,age_aggregate_y15_24,eco_sector_ser,1990,153.947
bol,sex_t,age_aggregate_y15_24,eco_sector_ser,1991,144.646
bol,sex_t,age_aggregate_y15_24,eco_sector_ser,1992,144.685
bol,sex_t,age_aggregate_y15_24,eco_sector_ser,1993,175.809
bol,sex_t,age_aggregate_y15_24,eco_sector_ser,1994,176.477
bol,sex_t,age_aggregate_y15_24,eco_sector_ser,1995,194.245
bol,sex_t,age_aggregate_y15_24,eco_sector_ser,1999,737.169
bol,sex_t,age_aggregate_y15_24,eco_sector_ser,2000,275.313
bol,sex_t,age_aggregate_y15_24,eco_sector_ser,2001,342.696
bol,sex_t,age_aggregate_y15_24,eco_sector_ser,2002,320.835
bol,sex_t,age_aggregate_y15_24,eco_sector_ser,2005,328.776
bol,sex_t,age_aggregate_y15_24,eco_sector_ser,2006,370.954
bol,sex_t,age_aggregate_y15_24,eco_sector_ser,2007,343.29
bol,sex_t,age_aggregate_y15_24,eco_sector_ser,2008,422.352
bol,sex_t,age_aggregate_y15_24,eco_sector_ser,2009,427.675
bol,sex_t,age_aggregate_y15_24,eco_sector_ser,2011,422.487
bol,sex_t,age_aggregate_y15_24,eco_sector_ser,2012,390.919
bol,sex_t,age_aggregate_y15_24,eco_sector_ser,2013,377.68
bol,sex_t,age_aggregate_y15_24,eco_sector_ser,2014,419.642
bol,sex_t,age_aggregate_y15_24,eco_sector_ser,2015,370.437
bol,sex_t,age_aggregate_y15_24,eco_sector_ser,2016,370.17
bol,sex_t,age_aggregate_y15_24,eco_sector_ser,2017,381.016
bol,sex_t,age_aggregate_y15_24,eco_sector_ser,2018,432.773
bol,sex_t,age_aggregate_y15_24,eco_sector_ser,2019,498.321
bol,sex_t,age_aggregate_y15_24,eco_sector_ser,2020,353.865
bol,sex_t,age_aggregate_y15_24,eco_sector_ser,2021,612.949
bol,sex_t,age_aggregate_y15_24,eco_sector_ser,2022,677.911
bol,sex_t,age_aggregate_y15_24,eco_sector_ser,2023,675.948
bol,sex_t,age_aggregate_y15_24,eco_sector_ser,2024,726.962
bol,sex_t,age_aggregate_y15_24,eco_sector_total,1989,187.202
bol,sex_t,age_aggregate_y15_24,eco_sector_total,1990,204.991
bol,sex_t,age_aggregate_y15_24,eco_sector_total,1991,221.498
bol,sex_t,age_aggregate_y15_24,eco_sector_total,1992,226.598
bol,sex_t,age_aggregate_y15_24,eco_sector_total,1993,259.715
bol,sex_t,age_aggregate_y15_24,eco_sector_total,1994,272.161
bol,sex_t,age_aggregate_y15_24,eco_sector_total,1995,294.696
bol,sex_t,age_aggregate_y15_24,eco_sector_total,1999,845.664
bol,sex_t,age_aggregate_y15_24,eco_sector_total,2000,753.601
bol,sex_t,age_aggregate_y15_24,eco_sector_total,2001,880.966
bol,sex_t,age_aggregate_y15_24,eco_sector_total,2002,842.194
bol,sex_t,age_aggregate_y15_24,eco_sector_total,2005,799.212
bol,sex_t,age_aggregate_y15_24,eco_sector_total,2006,916.845
bol,sex_t,age_aggregate_y15_24,eco_sector_total,2007,915.783
bol,sex_t,age_aggregate_y15_24,eco_sector_total,2008,935.231
bol,sex_t,age_aggregate_y15_24,eco_sector_total,2009,950.774
bol,sex_t,age_aggregate_y15_24,eco_sector_total,2011,985.167
bol,sex_t,age_aggregate_y15_24,eco_sector_total,2012,859.819
bol,sex_t,age_aggregate_y15_24,eco_sector_total,2013,842.306
bol,sex_t,age_aggregate_y15_24,eco_sector_total,2014,971.469
bol,sex_t,age_aggregate_y15_24,eco_sector_total,2015,840.124
bol,sex_t,age_aggregate_y15_24,eco_sector_total,2016,848.604
bol,sex_t,age_aggregate_y15_24,eco_sector_total,2017,870.58
bol,sex_t,age_aggregate_y15_24,eco_sector_total,2018,936.769
bol,sex_t,age_aggregate_y15_24,eco_sector_total,2019,992.779
bol,sex_t,age_aggregate_y15_24,eco_sector_total,2020,814.869
bol,sex_t,age_aggregate_y15_24,eco_sector_total,2021,1208.755
bol,sex_t,age_aggregate_y15_24,eco_sector_total,2022,1230.875
bol,sex_t,age_aggregate_y15_24,eco_sector_total,2023,1222.63
bol,sex_t,age_aggregate_y15_24,eco_sector_total,2024,1270.692
bol,sex_t,age_aggregate_y15_24,eco_sector_x,1989,5.902
bol,sex_t,age_aggregate_y15_24,eco_sector_x,1990,7.91
bol,sex_t,age_aggregate_y15_24,eco_sector_x,1999,42.059
bol,sex_t,age_aggregate_y15_24,eco_sector_x,2000,8.858
bol,sex_t,age_aggregate_y15_24,eco_sector_x,2001,8.426
bol,sex_t,age_aggregate_y15_24,eco_sector_x,2015,1.783
bol,sex_t,age_aggregate_y15_24,eco_sector_x,2017,0.577
bol,sex_t,age_aggregate_y15_24,eco_sector_x,2020,2.478
bol,sex_t,age_aggregate_y15_24,eco_sector_x,2021,2.703
bol,sex_t,age_aggregate_y15_24,eco_sector_x,2022,3.363
bol,sex_t,age_aggregate_y15_24,eco_sector_x,2023,3.505
bol,sex_t,age_aggregate_y15_24,eco_sector_x,2024,5.158
bol,sex_t,age_aggregate_y25_54,eco_aggregate_agr,1991,9.74
bol,sex_t,age_aggregate_y25_54,eco_aggregate_agr,1992,14.245
bol,sex_t,age_aggregate_y25_54,eco_aggregate_agr,1993,12.478
bol,sex_t,age_aggregate_y25_54,eco_aggregate_agr,1994,11.03
bol,sex_t,age_aggregate_y25_54,eco_aggregate_agr,1995,17.678
bol,sex_t,age_aggregate_y25_54,eco_aggregate_agr,1999,7.389
bol,sex_t,age_aggregate_y25_54,eco_aggregate_agr,2000,663.205
bol,sex_t,age_aggregate_y25_54,eco_aggregate_agr,2001,753.368
bol,sex_t,age_aggregate_y25_54,eco_aggregate_agr,2002,725.477
bol,sex_t,age_aggregate_y25_54,eco_aggregate_agr,2005,714.33
bol,sex_t,age_aggregate_y25_54,eco_aggregate_agr,2006,781.119
bol,sex_t,age_aggregate_y25_54,eco_aggregate_agr,2007,683.182
bol,sex_t,age_aggregate_y25_54,eco_aggregate_agr,2008,693.622
bol,sex_t,age_aggregate_y25_54,eco_aggregate_agr,2009,707.072
bol,sex_t,age_aggregate_y25_54,eco_aggregate_agr,2011,830.39
bol,sex_t,age_aggregate_y25_54,eco_aggregate_agr,2012,745.168
bol,sex_t,age_aggregate_y25_54,eco_aggregate_agr,2013,793.993
bol,sex_t,age_aggregate_y25_54,eco_aggregate_agr,2014,772.598
bol,sex_t,age_aggregate_y25_54,eco_aggregate_agr,2015,704.514
bol,sex_t,age_aggregate_y25_54,eco_aggregate_agr,2016,718.099
bol,sex_t,age_aggregate_y25_54,eco_aggregate_agr,2017,717.71
bol,sex_t,age_aggregate_y25_54,eco_aggregate_agr,2018,781.188
bol,sex_t,age_aggregate_y25_54,eco_aggregate_agr,2019,741.351
bol,sex_t,age_aggregate_y25_54,eco_aggregate_agr,2020,738.212
bol,sex_t,age_aggregate_y25_54,eco_aggregate_agr,2021,781.588
bol,sex_t,age_aggregate_y25_54,eco_aggregate_agr,2022,750.51
bol,sex_t,age_aggregate_y25_54,eco_aggregate_agr,2023,770.926
bol,sex_t,age_aggregate_y25_54,eco_aggregate_agr,2024,716.896
bol,sex_t,age_aggregate_y25_54,eco_aggregate_con,1991,55.119
bol,sex_t,age_aggregate_y25_54,eco_aggregate_con,1992,62.145
bol,sex_t,age_aggregate_y25_54,eco_aggregate_con,1993,58.658
bol,sex_t,age_aggregate_y25_54,eco_aggregate_con,1994,77.53
bol,sex_t,age_aggregate_y25_54,eco_aggregate_con,1995,71.38
bol,sex_t,age_aggregate_y25_54,eco_aggregate_con,2000,160.114
bol,sex_t,age_aggregate_y25_54,eco_aggregate_con,2001,124.157
bol,sex_t,age_aggregate_y25_54,eco_aggregate_con,2002,146.923
bol,sex_t,age_aggregate_y25_54,eco_aggregate_con,2005,202.138
bol,sex_t,age_aggregate_y25_54,eco_aggregate_con,2006,160
bol,sex_t,age_aggregate_y25_54,eco_aggregate_con,2007,196.077
bol,sex_t,age_aggregate_y25_54,eco_aggregate_con,2008,225.205
bol,sex_t,age_aggregate_y25_54,eco_aggregate_con,2009,238.861
bol,sex_t,age_aggregate_y25_54,eco_aggregate_con,2011,233.706
bol,sex_t,age_aggregate_y25_54,eco_aggregate_con,2012,246.405
bol,sex_t,age_aggregate_y25_54,eco_aggregate_con,2013,227.496
bol,sex_t,age_aggregate_y25_54,eco_aggregate_con,2014,287.702
bol,sex_t,age_aggregate_y25_54,eco_aggregate_con,2015,320.308
bol,sex_t,age_aggregate_y25_54,eco_aggregate_con,2016,285.99
bol,sex_t,age_aggregate_y25_54,eco_aggregate_con,2017,289.88
bol,sex_t,age_aggregate_y25_54,eco_aggregate_con,2018,279.295
bol,sex_t,age_aggregate_y25_54,eco_aggregate_con,2019,306.657
bol,sex_t,age_aggregate_y25_54,eco_aggregate_con,2020,299.72
bol,sex_t,age_aggregate_y25_54,eco_aggregate_con,2021,311.362
bol,sex_t,age_aggregate_y25_54,eco_aggregate_con,2022,335.165
bol,sex_t,age_aggregate_y25_54,eco_aggregate_con,2023,327.218
bol,sex_t,age_aggregate_y25_54,eco_aggregate_con,2024,349.171
bol,sex_t,age_aggregate_y25_54,eco_aggregate_man,1989,86.586
bol,sex_t,age_aggregate_y25_54,eco_aggregate_man,1990,99.607
bol,sex_t,age_aggregate_y25_54,eco_aggregate_man,1991,112.912
bol,sex_t,age_aggregate_y25_54,eco_aggregate_man,1992,125.848
bol,sex_t,age_aggregate_y25_54,eco_aggregate_man,1993,123.768
bol,sex_t,age_aggregate_y25_54,eco_aggregate_man,1994,135.767
bol,sex_t,age_aggregate_y25_54,eco_aggregate_man,1995,136.502
bol,sex_t,age_aggregate_y25_54,eco_aggregate_man,1999,303.218
bol,sex_t,age_aggregate_y25_54,eco_aggregate_man,2000,225.222
bol,sex_t,age_aggregate_y25_54,eco_aggregate_man,2001,219.888
bol,sex_t,age_aggregate_y25_54,eco_aggregate_man,2002,289.261
bol,sex_t,age_aggregate_y25_54,eco_aggregate_man,2005,281.652
bol,sex_t,age_aggregate_y25_54,eco_aggregate_man,2006,294.284
bol,sex_t,age_aggregate_y25_54,eco_aggregate_man,2007,322.124
bol,sex_t,age_aggregate_y25_54,eco_aggregate_man,2008,338.498
bol,sex_t,age_aggregate_y25_54,eco_aggregate_man,2009,359.52
bol,sex_t,age_aggregate_y25_54,eco_aggregate_man,2011,224.297
bol,sex_t,age_aggregate_y25_54,eco_aggregate_man,2012,214.301
bol,sex_t,age_aggregate_y25_54,eco_aggregate_man,2013,215.978
bol,sex_t,age_aggregate_y25_54,eco_aggregate_man,2014,309.642
bol,sex_t,age_aggregate_y25_54,eco_aggregate_man,2015,291.853
bol,sex_t,age_aggregate_y25_54,eco_aggregate_man,2016,324.267
bol,sex_t,age_aggregate_y25_54,eco_aggregate_man,2017,336.463
bol,sex_t,age_aggregate_y25_54,eco_aggregate_man,2018,358.59
bol,sex_t,age_aggregate_y25_54,eco_aggregate_man,2019,414.334
bol,sex_t,age_aggregate_y25_54,eco_aggregate_man,2020,335.422
bol,sex_t,age_aggregate_y25_54,eco_aggregate_man,2021,451.655
bol,sex_t,age_aggregate_y25_54,eco_aggregate_man,2022,469.877
bol,sex_t,age_aggregate_y25_54,eco_aggregate_man,2023,496.103
bol,sex_t,age_aggregate_y25_54,eco_aggregate_man,2024,545.775
bol,sex_t,age_aggregate_y25_54,eco_aggregate_mel,1989,16.776
bol,sex_t,age_aggregate_y25_54,eco_aggregate_mel,1990,11.74
bol,sex_t,age_aggregate_y25_54,eco_aggregate_mel,1991,22.333
bol,sex_t,age_aggregate_y25_54,eco_aggregate_mel,1992,20.929
bol,sex_t,age_aggregate_y25_54,eco_aggregate_mel,1993,15.968
bol,sex_t,age_aggregate_y25_54,eco_aggregate_mel,1994,16.544
bol,sex_t,age_aggregate_y25_54,eco_aggregate_mel,1995,20.344
bol,sex_t,age_aggregate_y25_54,eco_aggregate_mel,1999,141.687
bol,sex_t,age_aggregate_y25_54,eco_aggregate_mel,2000,51.732
bol,sex_t,age_aggregate_y25_54,eco_aggregate_mel,2001,44.338
bol,sex_t,age_aggregate_y25_54,eco_aggregate_mel,2002,36.426
bol,sex_t,age_aggregate_y25_54,eco_aggregate_mel,2005,61.969
bol,sex_t,age_aggregate_y25_54,eco_aggregate_mel,2006,51.335
bol,sex_t,age_aggregate_y25_54,eco_aggregate_mel,2007,61.572
bol,sex_t,age_aggregate_y25_54,eco_aggregate_mel,2008,51.383
bol,sex_t,age_aggregate_y25_54,eco_aggregate_mel,2009,43.77
bol,sex_t,age_aggregate_y25_54,eco_aggregate_mel,2011,93.52
bol,sex_t,age_aggregate_y25_54,eco_aggregate_mel,2012,113.416
bol,sex_t,age_aggregate_y25_54,eco_aggregate_mel,2013,108.123
bol,sex_t,age_aggregate_y25_54,eco_aggregate_mel,2014,91.493
bol,sex_t,age_aggregate_y25_54,eco_aggregate_mel,2015,97.781
bol,sex_t,age_aggregate_y25_54,eco_aggregate_mel,2016,80.3
bol,sex_t,age_aggregate_y25_54,eco_aggregate_mel,2017,67.807
bol,sex_t,age_aggregate_y25_54,eco_aggregate_mel,2018,80
bol,sex_t,age_aggregate_y25_54,eco_aggregate_mel,2019,68.512
bol,sex_t,age_aggregate_y25_54,eco_aggregate_mel,2020,58.572
bol,sex_t,age_aggregate_y25_54,eco_aggregate_mel,2021,69.096
bol,sex_t,age_aggregate_y25_54,eco_aggregate_mel,2022,79.162
bol,sex_t,age_aggregate_y25_54,eco_aggregate_mel,2023,76.77
bol,sex_t,age_aggregate_y25_54,eco_aggregate_mel,2024,86.57
bol,sex_t,age_aggregate_y25_54,eco_aggregate_mkt,1989,252.583
bol,sex_t,age_aggregate_y25_54,eco_aggregate_mkt,1990,245.908
bol,sex_t,age_aggregate_y25_54,eco_aggregate_mkt,1991,264.726
bol,sex_t,age_aggregate_y25_54,eco_aggregate_mkt,1992,276.478
bol,sex_t,age_aggregate_y25_54,eco_aggregate_mkt,1993,311.462
bol,sex_t,age_aggregate_y25_54,eco_aggregate_mkt,1994,353.668
bol,sex_t,age_aggregate_y25_54,eco_aggregate_mkt,1995,361.083
bol,sex_t,age_aggregate_y25_54,eco_aggregate_mkt,1999,1554.812
bol,sex_t,age_aggregate_y25_54,eco_aggregate_mkt,2000,644.707
bol,sex_t,age_aggregate_y25_54,eco_aggregate_mkt,2001,622.334
bol,sex_t,age_aggregate_y25_54,eco_aggregate_mkt,2002,635.563
bol,sex_t,age_aggregate_y25_54,eco_aggregate_mkt,2005,756.616
bol,sex_t,age_aggregate_y25_54,eco_aggregate_mkt,2006,826.652
bol,sex_t,age_aggregate_y25_54,eco_aggregate_mkt,2007,852.313
bol,sex_t,age_aggregate_y25_54,eco_aggregate_mkt,2008,1003.887
bol,sex_t,age_aggregate_y25_54,eco_aggregate_mkt,2009,1004.06
bol,sex_t,age_aggregate_y25_54,eco_aggregate_mkt,2011,1009.236
bol,sex_t,age_aggregate_y25_54,eco_aggregate_mkt,2012,1091.834
bol,sex_t,age_aggregate_y25_54,eco_aggregate_mkt,2013,1084.184
bol,sex_t,age_aggregate_y25_54,eco_aggregate_mkt,2014,1117.34
bol,sex_t,age_aggregate_y25_54,eco_aggregate_mkt,2015,1132.484
bol,sex_t,age_aggregate_y25_54,eco_aggregate_mkt,2016,1088.143
bol,sex_t,age_aggregate_y25_54,eco_aggregate_mkt,2017,1138.971
bol,sex_t,age_aggregate_y25_54,eco_aggregate_mkt,2018,1203.159
bol,sex_t,age_aggregate_y25_54,eco_aggregate_mkt,2019,1308.187
bol,sex_t,age_aggregate_y25_54,eco_aggregate_mkt,2020,1405.769
bol,sex_t,age_aggregate_y25_54,eco_aggregate_mkt,2021,1475.177
bol,sex_t,age_aggregate_y25_54,eco_aggregate_mkt,2022,1622.398
bol,sex_t,age_aggregate_y25_54,eco_aggregate_mkt,2023,1625.962
bol,sex_t,age_aggregate_y25_54,eco_aggregate_mkt,2024,1674.13
bol,sex_t,age_aggregate_y25_54,eco_aggregate_pub,1989,231.671
bol,sex_t,age_aggregate_y25_54,eco_aggregate_pub,1990,242.44
bol,sex_t,age_aggregate_y25_54,eco_aggregate_pub,1991,187.728
bol,sex_t,age_aggregate_y25_54,eco_aggregate_pub,1992,182.448
bol,sex_t,age_aggregate_y25_54,eco_aggregate_pub,1993,189.78
bol,sex_t,age_aggregate_y25_54,eco_aggregate_pub,1994,202.663
bol,sex_t,age_aggregate_y25_54,eco_aggregate_pub,1995,206.295
bol,sex_t,age_aggregate_y25_54,eco_aggregate_pub,1999,172.876
bol,sex_t,age_aggregate_y25_54,eco_aggregate_pub,2000,388.758
bol,sex_t,age_aggregate_y25_54,eco_aggregate_pub,2001,355.503
bol,sex_t,age_aggregate_y25_54,eco_aggregate_pub,2002,383.745
bol,sex_t,age_aggregate_y25_54,eco_aggregate_pub,2005,435.69
bol,sex_t,age_aggregate_y25_54,eco_aggregate_pub,2006,512.016
bol,sex_t,age_aggregate_y25_54,eco_aggregate_pub,2007,583.574
bol,sex_t,age_aggregate_y25_54,eco_aggregate_pub,2008,535.47
bol,sex_t,age_aggregate_y25_54,eco_aggregate_pub,2009,618.058
bol,sex_t,age_aggregate_y25_54,eco_aggregate_pub,2011,591.265
bol,sex_t,age_aggregate_y25_54,eco_aggregate_pub,2012,576.396
bol,sex_t,age_aggregate_y25_54,eco_aggregate_pub,2013,662.179
bol,sex_t,age_aggregate_y25_54,eco_aggregate_pub,2014,565.113
bol,sex_t,age_aggregate_y25_54,eco_aggregate_pub,2015,539.489
bol,sex_t,age_aggregate_y25_54,eco_aggregate_pub,2016,543.203
bol,sex_t,age_aggregate_y25_54,eco_aggregate_pub,2017,548.372
bol,sex_t,age_aggregate_y25_54,eco_aggregate_pub,2018,561.506
bol,sex_t,age_aggregate_y25_54,eco_aggregate_pub,2019,619.205
bol,sex_t,age_aggregate_y25_54,eco_aggregate_pub,2020,599.712
bol,sex_t,age_aggregate_y25_54,eco_aggregate_pub,2021,621.538
bol,sex_t,age_aggregate_y25_54,eco_aggregate_pub,2022,667.91
bol,sex_t,age_aggregate_y25_54,eco_aggregate_pub,2023,722.49
bol,sex_t,age_aggregate_y25_54,eco_aggregate_pub,2024,743.751
bol,sex_t,age_aggregate_y25_54,eco_aggregate_total,1989,602.074
bol,sex_t,age_aggregate_y25_54,eco_aggregate_total,1990,617.695
bol,sex_t,age_aggregate_y25_54,eco_aggregate_total,1991,652.593
bol,sex_t,age_aggregate_y25_54,eco_aggregate_total,1992,683.123
bol,sex_t,age_aggregate_y25_54,eco_aggregate_total,1993,712.181
bol,sex_t,age_aggregate_y25_54,eco_aggregate_total,1994,797.373
bol,sex_t,age_aggregate_y25_54,eco_aggregate_total,1995,814.686
bol,sex_t,age_aggregate_y25_54,eco_aggregate_total,1999,2337.242
bol,sex_t,age_aggregate_y25_54,eco_aggregate_total,2000,2153.348
bol,sex_t,age_aggregate_y25_54,eco_aggregate_total,2001,2133.614
bol,sex_t,age_aggregate_y25_54,eco_aggregate_total,2002,2217.395
bol,sex_t,age_aggregate_y25_54,eco_aggregate_total,2005,2452.395
bol,sex_t,age_aggregate_y25_54,eco_aggregate_total,2006,2625.406
bol,sex_t,age_aggregate_y25_54,eco_aggregate_total,2007,2698.842
bol,sex_t,age_aggregate_y25_54,eco_aggregate_total,2008,2849.409
bol,sex_t,age_aggregate_y25_54,eco_aggregate_total,2009,2971.341
bol,sex_t,age_aggregate_y25_54,eco_aggregate_total,2011,2982.414
bol,sex_t,age_aggregate_y25_54,eco_aggregate_total,2012,2987.52
bol,sex_t,age_aggregate_y25_54,eco_aggregate_total,2013,3092.113
bol,sex_t,age_aggregate_y25_54,eco_aggregate_total,2014,3144.268
bol,sex_t,age_aggregate_y25_54,eco_aggregate_total,2015,3088.272
bol,sex_t,age_aggregate_y25_54,eco_aggregate_total,2016,3040.045
bol,sex_t,age_aggregate_y25_54,eco_aggregate_total,2017,3099.492
bol,sex_t,age_aggregate_y25_54,eco_aggregate_total,2018,3263.739
bol,sex_t,age_aggregate_y25_54,eco_aggregate_total,2019,3458.246
bol,sex_t,age_aggregate_y25_54,eco_aggregate_total,2020,3443.712
bol,sex_t,age_aggregate_y25_54,eco_aggregate_total,2021,3715.271
bol,sex_t,age_aggregate_y25_54,eco_aggregate_total,2022,3931.43
bol,sex_t,age_aggregate_y25_54,eco_aggregate_total,2023,4024.674
bol,sex_t,age_aggregate_y25_54,eco_aggregate_total,2024,4124.181
bol,sex_t,age_aggregate_y25_54,eco_aggregate_x,1989,14.457
bol,sex_t,age_aggregate_y25_54,eco_aggregate_x,1990,18
bol,sex_t,age_aggregate_y25_54,eco_aggregate_x,1992,1.03
bol,sex_t,age_aggregate_y25_54,eco_aggregate_x,1995,1.404
bol,sex_t,age_aggregate_y25_54,eco_aggregate_x,1999,157.26
bol,sex_t,age_aggregate_y25_54,eco_aggregate_x,2000,19.61
bol,sex_t,age_aggregate_y25_54,eco_aggregate_x,2001,14.026
bol,sex_t,age_aggregate_y25_54,eco_aggregate_x,2015,1.843
bol,sex_t,age_aggregate_y25_54,eco_aggregate_x,2017,0.287
bol,sex_t,age_aggregate_y25_54,eco_aggregate_x,2020,6.304
bol,sex_t,age_aggregate_y25_54,eco_aggregate_x,2021,4.856
bol,sex_t,age_aggregate_y25_54,eco_aggregate_x,2022,6.407
bol,sex_t,age_aggregate_y25_54,eco_aggregate_x,2023,5.204
bol,sex_t,age_aggregate_y25_54,eco_aggregate_x,2024,7.888
bol,sex_t,age_aggregate_y25_54,eco_isic3_a,1991,9.687
bol,sex_t,age_aggregate_y25_54,eco_isic3_a,1992,14.245
bol,sex_t,age_aggregate_y25_54,eco_isic3_a,1993,12.42
bol,sex_t,age_aggregate_y25_54,eco_isic3_a,1994,10.891
bol,sex_t,age_aggregate_y25_54,eco_isic3_a,1995,17.602
bol,sex_t,age_aggregate_y25_54,eco_isic3_a,1999,7.389
bol,sex_t,age_aggregate_y25_54,eco_isic3_a,2000,663.205
bol,sex_t,age_aggregate_y25_54,eco_isic3_a,2001,753.368
bol,sex_t,age_aggregate_y25_54,eco_isic3_a,2002,723.117
bol,sex_t,age_aggregate_y25_54,eco_isic3_a,2005,709.776
bol,sex_t,age_aggregate_y25_54,eco_isic3_a,2006,777.076
bol,sex_t,age_aggregate_y25_54,eco_isic3_a,2007,681.797
bol,sex_t,age_aggregate_y25_54,eco_isic3_a,2008,689.115
bol,sex_t,age_aggregate_y25_54,eco_isic3_a,2009,702.028
bol,sex_t,age_aggregate_y25_54,eco_isic3_b,2002,2.36
bol,sex_t,age_aggregate_y25_54,eco_isic3_b,2005,4.554
bol,sex_t,age_aggregate_y25_54,eco_isic3_b,2006,4.043
bol,sex_t,age_aggregate_y25_54,eco_isic3_b,2008,4.507
bol,sex_t,age_aggregate_y25_54,eco_isic3_b,2009,5.044
bol,sex_t,age_aggregate_y25_54,eco_isic3_c,1989,13.665
bol,sex_t,age_aggregate_y25_54,eco_isic3_c,1990,8.533
bol,sex_t,age_aggregate_y25_54,eco_isic3_c,1991,16.699
bol,sex_t,age_aggregate_y25_54,eco_isic3_c,1992,14.885
bol,sex_t,age_aggregate_y25_54,eco_isic3_c,1993,11.986
bol,sex_t,age_aggregate_y25_54,eco_isic3_c,1994,12.194
bol,sex_t,age_aggregate_y25_54,eco_isic3_c,1995,15.883
bol,sex_t,age_aggregate_y25_54,eco_isic3_c,1999,71.601
bol,sex_t,age_aggregate_y25_54,eco_isic3_c,2000,38.083
bol,sex_t,age_aggregate_y25_54,eco_isic3_c,2001,35.927
bol,sex_t,age_aggregate_y25_54,eco_isic3_c,2002,30.001
bol,sex_t,age_aggregate_y25_54,eco_isic3_c,2005,49.622
bol,sex_t,age_aggregate_y25_54,eco_isic3_c,2006,41.396
bol,sex_t,age_aggregate_y25_54,eco_isic3_c,2007,50.055
bol,sex_t,age_aggregate_y25_54,eco_isic3_c,2008,37.773
bol,sex_t,age_aggregate_y25_54,eco_isic3_c,2009,34.238
bol,sex_t,age_aggregate_y25_54,eco_isic3_d,1989,86.586
bol,sex_t,age_aggregate_y25_54,eco_isic3_d,1990,99.607
bol,sex_t,age_aggregate_y25_54,eco_isic3_d,1991,112.912
bol,sex_t,age_aggregate_y25_54,eco_isic3_d,1992,125.848
bol,sex_t,age_aggregate_y25_54,eco_isic3_d,1993,123.768
bol,sex_t,age_aggregate_y25_54,eco_isic3_d,1994,135.767
bol,sex_t,age_aggregate_y25_54,eco_isic3_d,1995,136.502
bol,sex_t,age_aggregate_y25_54,eco_isic3_d,1999,303.218
bol,sex_t,age_aggregate_y25_54,eco_isic3_d,2000,225.222
bol,sex_t,age_aggregate_y25_54,eco_isic3_d,2001,219.888
bol,sex_t,age_aggregate_y25_54,eco_isic3_d,2002,289.261
bol,sex_t,age_aggregate_y25_54,eco_isic3_d,2005,281.652
bol,sex_t,age_aggregate_y25_54,eco_isic3_d,2006,294.284
bol,sex_t,age_aggregate_y25_54,eco_isic3_d,2007,322.124
bol,sex_t,age_aggregate_y25_54,eco_isic3_d,2008,338.498
bol,sex_t,age_aggregate_y25_54,eco_isic3_d,2009,359.52
bol,sex_t,age_aggregate_y25_54,eco_isic3_e,1989,3.112
bol,sex_t,age_aggregate_y25_54,eco_isic3_e,1990,3.207
bol,sex_t,age_aggregate_y25_54,eco_isic3_e,1991,5.634
bol,sex_t,age_aggregate_y25_54,eco_isic3_e,1992,6.044
bol,sex_t,age_aggregate_y25_54,eco_isic3_e,1993,3.982
bol,sex_t,age_aggregate_y25_54,eco_isic3_e,1994,4.35
bol,sex_t,age_aggregate_y25_54,eco_isic3_e,1995,4.461
bol,sex_t,age_aggregate_y25_54,eco_isic3_e,1999,70.086
bol,sex_t,age_aggregate_y25_54,eco_isic3_e,2000,13.649
bol,sex_t,age_aggregate_y25_54,eco_isic3_e,2001,8.411
bol,sex_t,age_aggregate_y25_54,eco_isic3_e,2002,6.425
bol,sex_t,age_aggregate_y25_54,eco_isic3_e,2005,12.347
bol,sex_t,age_aggregate_y25_54,eco_isic3_e,2006,9.939
bol,sex_t,age_aggregate_y25_54,eco_isic3_e,2007,11.517
bol,sex_t,age_aggregate_y25_54,eco_isic3_e,2008,13.61
bol,sex_t,age_aggregate_y25_54,eco_isic3_e,2009,9.532
bol,sex_t,age_aggregate_y25_54,eco_isic3_f,1991,55.119
bol,sex_t,age_aggregate_y25_54,eco_isic3_f,1992,62.145
bol,sex_t,age_aggregate_y25_54,eco_isic3_f,1993,58.658
bol,sex_t,age_aggregate_y25_54,eco_isic3_f,1994,77.53
bol,sex_t,age_aggregate_y25_54,eco_isic3_f,1995,71.38
bol,sex_t,age_aggregate_y25_54,eco_isic3_f,2000,160.114
bol,sex_t,age_aggregate_y25_54,eco_isic3_f,2001,124.157
bol,sex_t,age_aggregate_y25_54,eco_isic3_f,2002,146.923
bol,sex_t,age_aggregate_y25_54,eco_isic3_f,2005,202.138
bol,sex_t,age_aggregate_y25_54,eco_isic3_f,2006,160
bol,sex_t,age_aggregate_y25_54,eco_isic3_f,2007,196.077
bol,sex_t,age_aggregate_y25_54,eco_isic3_f,2008,225.205
bol,sex_t,age_aggregate_y25_54,eco_isic3_f,2009,238.861
bol,sex_t,age_aggregate_y25_54,eco_isic3_g,1989,42.432
bol,sex_t,age_aggregate_y25_54,eco_isic3_g,1990,40.687
bol,sex_t,age_aggregate_y25_54,eco_isic3_g,1991,163.513
bol,sex_t,age_aggregate_y25_54,eco_isic3_g,1992,167.251
bol,sex_t,age_aggregate_y25_54,eco_isic3_g,1993,178.694
bol,sex_t,age_aggregate_y25_54,eco_isic3_g,1994,209.794
bol,sex_t,age_aggregate_y25_54,eco_isic3_g,1995,218.408
bol,sex_t,age_aggregate_y25_54,eco_isic3_g,1999,347.965
bol,sex_t,age_aggregate_y25_54,eco_isic3_g,2000,349.747
bol,sex_t,age_aggregate_y25_54,eco_isic3_g,2001,319.373
bol,sex_t,age_aggregate_y25_54,eco_isic3_g,2002,349.291
bol,sex_t,age_aggregate_y25_54,eco_isic3_g,2005,388.349
bol,sex_t,age_aggregate_y25_54,eco_isic3_g,2006,417.675
bol,sex_t,age_aggregate_y25_54,eco_isic3_g,2007,423.969
bol,sex_t,age_aggregate_y25_54,eco_isic3_g,2008,517.623
bol,sex_t,age_aggregate_y25_54,eco_isic3_g,2009,474.525
bol,sex_t,age_aggregate_y25_54,eco_isic3_h,1991,24.674
bol,sex_t,age_aggregate_y25_54,eco_isic3_h,1992,24.913
bol,sex_t,age_aggregate_y25_54,eco_isic3_h,1993,33.91
bol,sex_t,age_aggregate_y25_54,eco_isic3_h,1994,42.861
bol,sex_t,age_aggregate_y25_54,eco_isic3_h,1995,40.882
bol,sex_t,age_aggregate_y25_54,eco_isic3_h,2000,78.079
bol,sex_t,age_aggregate_y25_54,eco_isic3_h,2001,78.729
bol,sex_t,age_aggregate_y25_54,eco_isic3_h,2002,97.937
bol,sex_t,age_aggregate_y25_54,eco_isic3_h,2005,92.497
bol,sex_t,age_aggregate_y25_54,eco_isic3_h,2006,105.491
bol,sex_t,age_aggregate_y25_54,eco_isic3_h,2007,100.075
bol,sex_t,age_aggregate_y25_54,eco_isic3_h,2008,125.9
bol,sex_t,age_aggregate_y25_54,eco_isic3_h,2009,123.273
bol,sex_t,age_aggregate_y25_54,eco_isic3_i,1989,159.445
bol,sex_t,age_aggregate_y25_54,eco_isic3_i,1990,156.056
bol,sex_t,age_aggregate_y25_54,eco_isic3_i,1991,49.176
bol,sex_t,age_aggregate_y25_54,eco_isic3_i,1992,56.336
bol,sex_t,age_aggregate_y25_54,eco_isic3_i,1993,66.47
bol,sex_t,age_aggregate_y25_54,eco_isic3_i,1994,65.056
bol,sex_t,age_aggregate_y25_54,eco_isic3_i,1995,66.543
bol,sex_t,age_aggregate_y25_54,eco_isic3_i,1999,781.584
bol,sex_t,age_aggregate_y25_54,eco_isic3_i,2000,119.947
bol,sex_t,age_aggregate_y25_54,eco_isic3_i,2001,134.831
bol,sex_t,age_aggregate_y25_54,eco_isic3_i,2002,119.318
bol,sex_t,age_aggregate_y25_54,eco_isic3_i,2005,190.75
bol,sex_t,age_aggregate_y25_54,eco_isic3_i,2006,169.361
bol,sex_t,age_aggregate_y25_54,eco_isic3_i,2007,202.98
bol,sex_t,age_aggregate_y25_54,eco_isic3_i,2008,231.759
bol,sex_t,age_aggregate_y25_54,eco_isic3_i,2009,240.289
bol,sex_t,age_aggregate_y25_54,eco_isic3_j,1991,8.246
bol,sex_t,age_aggregate_y25_54,eco_isic3_j,1992,6.425
bol,sex_t,age_aggregate_y25_54,eco_isic3_j,1993,10.585
bol,sex_t,age_aggregate_y25_54,eco_isic3_j,1994,9.81
bol,sex_t,age_aggregate_y25_54,eco_isic3_j,1995,10.958
bol,sex_t,age_aggregate_y25_54,eco_isic3_j,2000,18.875
bol,sex_t,age_aggregate_y25_54,eco_isic3_j,2001,19.729
bol,sex_t,age_aggregate_y25_54,eco_isic3_j,2002,16.087
bol,sex_t,age_aggregate_y25_54,eco_isic3_j,2005,8.618
bol,sex_t,age_aggregate_y25_54,eco_isic3_j,2006,21.532
bol,sex_t,age_aggregate_y25_54,eco_isic3_j,2007,19.867
bol,sex_t,age_aggregate_y25_54,eco_isic3_j,2008,26.56
bol,sex_t,age_aggregate_y25_54,eco_isic3_j,2009,33.101
bol,sex_t,age_aggregate_y25_54,eco_isic3_k,1989,50.707
bol,sex_t,age_aggregate_y25_54,eco_isic3_k,1990,49.165
bol,sex_t,age_aggregate_y25_54,eco_isic3_k,1991,19.117
bol,sex_t,age_aggregate_y25_54,eco_isic3_k,1992,21.553
bol,sex_t,age_aggregate_y25_54,eco_isic3_k,1993,21.803
bol,sex_t,age_aggregate_y25_54,eco_isic3_k,1994,26.147
bol,sex_t,age_aggregate_y25_54,eco_isic3_k,1995,24.292
bol,sex_t,age_aggregate_y25_54,eco_isic3_k,1999,425.263
bol,sex_t,age_aggregate_y25_54,eco_isic3_k,2000,78.059
bol,sex_t,age_aggregate_y25_54,eco_isic3_k,2001,69.672
bol,sex_t,age_aggregate_y25_54,eco_isic3_k,2002,52.93
bol,sex_t,age_aggregate_y25_54,eco_isic3_k,2005,76.402
bol,sex_t,age_aggregate_y25_54,eco_isic3_k,2006,112.593
bol,sex_t,age_aggregate_y25_54,eco_isic3_k,2007,105.422
bol,sex_t,age_aggregate_y25_54,eco_isic3_k,2008,102.045
bol,sex_t,age_aggregate_y25_54,eco_isic3_k,2009,132.872
bol,sex_t,age_aggregate_y25_54,eco_isic3_l,1991,47.909
bol,sex_t,age_aggregate_y25_54,eco_isic3_l,1992,48.92
bol,sex_t,age_aggregate_y25_54,eco_isic3_l,1993,47.47
bol,sex_t,age_aggregate_y25_54,eco_isic3_l,1994,47.665
bol,sex_t,age_aggregate_y25_54,eco_isic3_l,1995,46.348
bol,sex_t,age_aggregate_y25_54,eco_isic3_l,2000,62.214
bol,sex_t,age_aggregate_y25_54,eco_isic3_l,2001,55.614
bol,sex_t,age_aggregate_y25_54,eco_isic3_l,2002,65.493
bol,sex_t,age_aggregate_y25_54,eco_isic3_l,2005,73.045
bol,sex_t,age_aggregate_y25_54,eco_isic3_l,2006,90.098
bol,sex_t,age_aggregate_y25_54,eco_isic3_l,2007,124.787
bol,sex_t,age_aggregate_y25_54,eco_isic3_l,2008,129.789
bol,sex_t,age_aggregate_y25_54,eco_isic3_l,2009,114.927
bol,sex_t,age_aggregate_y25_54,eco_isic3_m,1989,17.294
bol,sex_t,age_aggregate_y25_54,eco_isic3_m,1990,20.534
bol,sex_t,age_aggregate_y25_54,eco_isic3_m,1991,58.063
bol,sex_t,age_aggregate_y25_54,eco_isic3_m,1992,53.685
bol,sex_t,age_aggregate_y25_54,eco_isic3_m,1993,59.233
bol,sex_t,age_aggregate_y25_54,eco_isic3_m,1994,63.328
bol,sex_t,age_aggregate_y25_54,eco_isic3_m,1995,62.68
bol,sex_t,age_aggregate_y25_54,eco_isic3_m,2000,139.843
bol,sex_t,age_aggregate_y25_54,eco_isic3_m,2001,125.878
bol,sex_t,age_aggregate_y25_54,eco_isic3_m,2002,124.535
bol,sex_t,age_aggregate_y25_54,eco_isic3_m,2005,158.166
bol,sex_t,age_aggregate_y25_54,eco_isic3_m,2006,177.503
bol,sex_t,age_aggregate_y25_54,eco_isic3_m,2007,186.827
bol,sex_t,age_aggregate_y25_54,eco_isic3_m,2008,181.499
bol,sex_t,age_aggregate_y25_54,eco_isic3_m,2009,227.868
bol,sex_t,age_aggregate_y25_54,eco_isic3_n,1991,20.061
bol,sex_t,age_aggregate_y25_54,eco_isic3_n,1992,19.855
bol,sex_t,age_aggregate_y25_54,eco_isic3_n,1993,26.115
bol,sex_t,age_aggregate_y25_54,eco_isic3_n,1994,26.629
bol,sex_t,age_aggregate_y25_54,eco_isic3_n,1995,28.793
bol,sex_t,age_aggregate_y25_54,eco_isic3_n,2000,40.849
bol,sex_t,age_aggregate_y25_54,eco_isic3_n,2001,48.118
bol,sex_t,age_aggregate_y25_54,eco_isic3_n,2002,51.772
bol,sex_t,age_aggregate_y25_54,eco_isic3_n,2005,51.093
bol,sex_t,age_aggregate_y25_54,eco_isic3_n,2006,80.37
bol,sex_t,age_aggregate_y25_54,eco_isic3_n,2007,84.032
bol,sex_t,age_aggregate_y25_54,eco_isic3_n,2008,83.275
bol,sex_t,age_aggregate_y25_54,eco_isic3_n,2009,100.209
bol,sex_t,age_aggregate_y25_54,eco_isic3_o,1989,129.292
bol,sex_t,age_aggregate_y25_54,eco_isic3_o,1990,133.8
bol,sex_t,age_aggregate_y25_54,eco_isic3_o,1991,36.866
bol,sex_t,age_aggregate_y25_54,eco_isic3_o,1992,33.917
bol,sex_t,age_aggregate_y25_54,eco_isic3_o,1993,23.488
bol,sex_t,age_aggregate_y25_54,eco_isic3_o,1994,30.927
bol,sex_t,age_aggregate_y25_54,eco_isic3_o,1995,29.648
bol,sex_t,age_aggregate_y25_54,eco_isic3_o,1999,172.876
bol,sex_t,age_aggregate_y25_54,eco_isic3_o,2000,70.474
bol,sex_t,age_aggregate_y25_54,eco_isic3_o,2001,63.104
bol,sex_t,age_aggregate_y25_54,eco_isic3_o,2002,76.271
bol,sex_t,age_aggregate_y25_54,eco_isic3_o,2005,103.54
bol,sex_t,age_aggregate_y25_54,eco_isic3_o,2006,96.752
bol,sex_t,age_aggregate_y25_54,eco_isic3_o,2007,92.454
bol,sex_t,age_aggregate_y25_54,eco_isic3_o,2008,75.307
bol,sex_t,age_aggregate_y25_54,eco_isic3_o,2009,96.142
bol,sex_t,age_aggregate_y25_54,eco_isic3_p,1989,85.085
bol,sex_t,age_aggregate_y25_54,eco_isic3_p,1990,88.106
bol,sex_t,age_aggregate_y25_54,eco_isic3_p,1991,22.526
bol,sex_t,age_aggregate_y25_54,eco_isic3_p,1992,20.876
bol,sex_t,age_aggregate_y25_54,eco_isic3_p,1993,32.085
bol,sex_t,age_aggregate_y25_54,eco_isic3_p,1994,31.485
bol,sex_t,age_aggregate_y25_54,eco_isic3_p,1995,35.935
bol,sex_t,age_aggregate_y25_54,eco_isic3_p,2000,73.257
bol,sex_t,age_aggregate_y25_54,eco_isic3_p,2001,62.18
bol,sex_t,age_aggregate_y25_54,eco_isic3_p,2002,62.304
bol,sex_t,age_aggregate_y25_54,eco_isic3_p,2005,48.705
bol,sex_t,age_aggregate_y25_54,eco_isic3_p,2006,66.745
bol,sex_t,age_aggregate_y25_54,eco_isic3_p,2007,93.478
bol,sex_t,age_aggregate_y25_54,eco_isic3_p,2008,64.831
bol,sex_t,age_aggregate_y25_54,eco_isic3_p,2009,70.179
bol,sex_t,age_aggregate_y25_54,eco_isic3_q,1991,2.303
bol,sex_t,age_aggregate_y25_54,eco_isic3_q,1992,5.195
bol,sex_t,age_aggregate_y25_54,eco_isic3_q,1993,1.389
bol,sex_t,age_aggregate_y25_54,eco_isic3_q,1994,2.629
bol,sex_t,age_aggregate_y25_54,eco_isic3_q,1995,2.891
bol,sex_t,age_aggregate_y25_54,eco_isic3_q,2002,3.37
bol,sex_t,age_aggregate_y25_54,eco_isic3_q,2009,8.733
bol,sex_t,age_aggregate_y25_54,eco_isic3_total,1989,602.074
bol,sex_t,age_aggregate_y25_54,eco_isic3_total,1990,617.695
bol,sex_t,age_aggregate_y25_54,eco_isic3_total,1991,652.593
bol,sex_t,age_aggregate_y25_54,eco_isic3_total,1992,683.123
bol,sex_t,age_aggregate_y25_54,eco_isic3_total,1993,712.181
bol,sex_t,age_aggregate_y25_54,eco_isic3_total,1994,797.373
bol,sex_t,age_aggregate_y25_54,eco_isic3_total,1995,814.686
bol,sex_t,age_aggregate_y25_54,eco_isic3_total,1999,2337.242
bol,sex_t,age_aggregate_y25_54,eco_isic3_total,2000,2153.348
bol,sex_t,age_aggregate_y25_54,eco_isic3_total,2001,2133.614
bol,sex_t,age_aggregate_y25_54,eco_isic3_total,2002,2217.395
bol,sex_t,age_aggregate_y25_54,eco_isic3_total,2005,2452.395
bol,sex_t,age_aggregate_y25_54,eco_isic3_total,2006,2625.406
bol,sex_t,age_aggregate_y25_54,eco_isic3_total,2007,2698.842
bol,sex_t,age_aggregate_y25_54,eco_isic3_total,2008,2849.409
bol,sex_t,age_aggregate_y25_54,eco_isic3_total,2009,2971.341
bol,sex_t,age_aggregate_y25_54,eco_isic3_x,1989,14.457
bol,sex_t,age_aggregate_y25_54,eco_isic3_x,1990,18
bol,sex_t,age_aggregate_y25_54,eco_isic3_x,1992,1.03
bol,sex_t,age_aggregate_y25_54,eco_isic3_x,1995,1.404
bol,sex_t,age_aggregate_y25_54,eco_isic3_x,1999,157.26
bol,sex_t,age_aggregate_y25_54,eco_isic3_x,2000,19.61
bol,sex_t,age_aggregate_y25_54,eco_isic3_x,2001,14.026
bol,sex_t,age_aggregate_y25_54,eco_isic4_a,2011,830.39
bol,sex_t,age_aggregate_y25_54,eco_isic4_a,2012,745.168
bol,sex_t,age_aggregate_y25_54,eco_isic4_a,2013,793.993
bol,sex_t,age_aggregate_y25_54,eco_isic4_a,2014,772.598
bol,sex_t,age_aggregate_y25_54,eco_isic4_a,2015,704.514
bol,sex_t,age_aggregate_y25_54,eco_isic4_a,2016,718.099
bol,sex_t,age_aggregate_y25_54,eco_isic4_a,2017,717.71
bol,sex_t,age_aggregate_y25_54,eco_isic4_a,2018,781.188
bol,sex_t,age_aggregate_y25_54,eco_isic4_a,2019,741.351
bol,sex_t,age_aggregate_y25_54,eco_isic4_a,2020,738.212
bol,sex_t,age_aggregate_y25_54,eco_isic4_a,2021,781.588
bol,sex_t,age_aggregate_y25_54,eco_isic4_a,2022,750.51
bol,sex_t,age_aggregate_y25_54,eco_isic4_a,2023,770.926
bol,sex_t,age_aggregate_y25_54,eco_isic4_a,2024,716.896
bol,sex_t,age_aggregate_y25_54,eco_isic4_b,2011,81.985
bol,sex_t,age_aggregate_y25_54,eco_isic4_b,2012,94.921
bol,sex_t,age_aggregate_y25_54,eco_isic4_b,2013,94.483
bol,sex_t,age_aggregate_y25_54,eco_isic4_b,2014,79.981
bol,sex_t,age_aggregate_y25_54,eco_isic4_b,2015,84.457
bol,sex_t,age_aggregate_y25_54,eco_isic4_b,2016,65.75
bol,sex_t,age_aggregate_y25_54,eco_isic4_b,2017,56.491
bol,sex_t,age_aggregate_y25_54,eco_isic4_b,2018,68.321
bol,sex_t,age_aggregate_y25_54,eco_isic4_b,2019,55.612
bol,sex_t,age_aggregate_y25_54,eco_isic4_b,2020,45.795
bol,sex_t,age_aggregate_y25_54,eco_isic4_b,2021,55.258
bol,sex_t,age_aggregate_y25_54,eco_isic4_b,2022,61.875
bol,sex_t,age_aggregate_y25_54,eco_isic4_b,2023,62.55
bol,sex_t,age_aggregate_y25_54,eco_isic4_b,2024,72.194
bol,sex_t,age_aggregate_y25_54,eco_isic4_c,2011,224.297
bol,sex_t,age_aggregate_y25_54,eco_isic4_c,2012,214.301
bol,sex_t,age_aggregate_y25_54,eco_isic4_c,2013,215.978
bol,sex_t,age_aggregate_y25_54,eco_isic4_c,2014,309.642
bol,sex_t,age_aggregate_y25_54,eco_isic4_c,2015,291.853
bol,sex_t,age_aggregate_y25_54,eco_isic4_c,2016,324.267
bol,sex_t,age_aggregate_y25_54,eco_isic4_c,2017,336.463
bol,sex_t,age_aggregate_y25_54,eco_isic4_c,2018,358.59
bol,sex_t,age_aggregate_y25_54,eco_isic4_c,2019,414.334
bol,sex_t,age_aggregate_y25_54,eco_isic4_c,2020,335.422
bol,sex_t,age_aggregate_y25_54,eco_isic4_c,2021,451.655
bol,sex_t,age_aggregate_y25_54,eco_isic4_c,2022,469.877
bol,sex_t,age_aggregate_y25_54,eco_isic4_c,2023,496.103
bol,sex_t,age_aggregate_y25_54,eco_isic4_c,2024,545.775
bol,sex_t,age_aggregate_y25_54,eco_isic4_d,2011,5.87
bol,sex_t,age_aggregate_y25_54,eco_isic4_d,2012,12.418
bol,sex_t,age_aggregate_y25_54,eco_isic4_d,2013,6.988
bol,sex_t,age_aggregate_y25_54,eco_isic4_d,2014,7.584
bol,sex_t,age_aggregate_y25_54,eco_isic4_d,2015,6.533
bol,sex_t,age_aggregate_y25_54,eco_isic4_d,2016,9.091
bol,sex_t,age_aggregate_y25_54,eco_isic4_d,2017,5.776
bol,sex_t,age_aggregate_y25_54,eco_isic4_d,2018,6.731
bol,sex_t,age_aggregate_y25_54,eco_isic4_d,2019,7.706
bol,sex_t,age_aggregate_y25_54,eco_isic4_d,2020,9.513
bol,sex_t,age_aggregate_y25_54,eco_isic4_d,2021,7.854
bol,sex_t,age_aggregate_y25_54,eco_isic4_d,2022,9.653
bol,sex_t,age_aggregate_y25_54,eco_isic4_d,2023,6.994
bol,sex_t,age_aggregate_y25_54,eco_isic4_d,2024,9.536
bol,sex_t,age_aggregate_y25_54,eco_isic4_e,2011,5.665
bol,sex_t,age_aggregate_y25_54,eco_isic4_e,2012,6.077
bol,sex_t,age_aggregate_y25_54,eco_isic4_e,2013,6.652
bol,sex_t,age_aggregate_y25_54,eco_isic4_e,2014,3.928
bol,sex_t,age_aggregate_y25_54,eco_isic4_e,2015,6.791
bol,sex_t,age_aggregate_y25_54,eco_isic4_e,2016,5.46
bol,sex_t,age_aggregate_y25_54,eco_isic4_e,2017,5.54
bol,sex_t,age_aggregate_y25_54,eco_isic4_e,2018,4.949
bol,sex_t,age_aggregate_y25_54,eco_isic4_e,2019,5.194
bol,sex_t,age_aggregate_y25_54,eco_isic4_e,2020,3.264
bol,sex_t,age_aggregate_y25_54,eco_isic4_e,2021,5.984
bol,sex_t,age_aggregate_y25_54,eco_isic4_e,2022,7.635
bol,sex_t,age_aggregate_y25_54,eco_isic4_e,2023,7.227
bol,sex_t,age_aggregate_y25_54,eco_isic4_e,2024,4.84
bol,sex_t,age_aggregate_y25_54,eco_isic4_f,2011,233.706
bol,sex_t,age_aggregate_y25_54,eco_isic4_f,2012,246.405
bol,sex_t,age_aggregate_y25_54,eco_isic4_f,2013,227.496
bol,sex_t,age_aggregate_y25_54,eco_isic4_f,2014,287.702
bol,sex_t,age_aggregate_y25_54,eco_isic4_f,2015,320.308
bol,sex_t,age_aggregate_y25_54,eco_isic4_f,2016,285.99
bol,sex_t,age_aggregate_y25_54,eco_isic4_f,2017,289.88
bol,sex_t,age_aggregate_y25_54,eco_isic4_f,2018,279.295
bol,sex_t,age_aggregate_y25_54,eco_isic4_f,2019,306.657
bol,sex_t,age_aggregate_y25_54,eco_isic4_f,2020,299.72
bol,sex_t,age_aggregate_y25_54,eco_isic4_f,2021,311.362
bol,sex_t,age_aggregate_y25_54,eco_isic4_f,2022,335.165
bol,sex_t,age_aggregate_y25_54,eco_isic4_f,2023,327.218
bol,sex_t,age_aggregate_y25_54,eco_isic4_f,2024,349.171
bol,sex_t,age_aggregate_y25_54,eco_isic4_g,2011,479.137
bol,sex_t,age_aggregate_y25_54,eco_isic4_g,2012,513.253
bol,sex_t,age_aggregate_y25_54,eco_isic4_g,2013,499.821
bol,sex_t,age_aggregate_y25_54,eco_isic4_g,2014,519.946
bol,sex_t,age_aggregate_y25_54,eco_isic4_g,2015,495.147
bol,sex_t,age_aggregate_y25_54,eco_isic4_g,2016,482.197
bol,sex_t,age_aggregate_y25_54,eco_isic4_g,2017,503.885
bol,sex_t,age_aggregate_y25_54,eco_isic4_g,2018,533.457
bol,sex_t,age_aggregate_y25_54,eco_isic4_g,2019,560.181
bol,sex_t,age_aggregate_y25_54,eco_isic4_g,2020,667.695
bol,sex_t,age_aggregate_y25_54,eco_isic4_g,2021,678.623
bol,sex_t,age_aggregate_y25_54,eco_isic4_g,2022,705.947
bol,sex_t,age_aggregate_y25_54,eco_isic4_g,2023,711.281
bol,sex_t,age_aggregate_y25_54,eco_isic4_g,2024,724.701
bol,sex_t,age_aggregate_y25_54,eco_isic4_h,2011,207.548
bol,sex_t,age_aggregate_y25_54,eco_isic4_h,2012,220.833
bol,sex_t,age_aggregate_y25_54,eco_isic4_h,2013,219.433
bol,sex_t,age_aggregate_y25_54,eco_isic4_h,2014,225.185
bol,sex_t,age_aggregate_y25_54,eco_isic4_h,2015,234.896
bol,sex_t,age_aggregate_y25_54,eco_isic4_h,2016,246.644
bol,sex_t,age_aggregate_y25_54,eco_isic4_h,2017,260.183
bol,sex_t,age_aggregate_y25_54,eco_isic4_h,2018,257.316
bol,sex_t,age_aggregate_y25_54,eco_isic4_h,2019,293.812
bol,sex_t,age_aggregate_y25_54,eco_isic4_h,2020,255.512
bol,sex_t,age_aggregate_y25_54,eco_isic4_h,2021,299.902
bol,sex_t,age_aggregate_y25_54,eco_isic4_h,2022,343.74
bol,sex_t,age_aggregate_y25_54,eco_isic4_h,2023,330.089
bol,sex_t,age_aggregate_y25_54,eco_isic4_h,2024,344.167
bol,sex_t,age_aggregate_y25_54,eco_isic4_i,2011,137.88
bol,sex_t,age_aggregate_y25_54,eco_isic4_i,2012,162.169
bol,sex_t,age_aggregate_y25_54,eco_isic4_i,2013,152.682
bol,sex_t,age_aggregate_y25_54,eco_isic4_i,2014,168.468
bol,sex_t,age_aggregate_y25_54,eco_isic4_i,2015,191.115
bol,sex_t,age_aggregate_y25_54,eco_isic4_i,2016,176.79
bol,sex_t,age_aggregate_y25_54,eco_isic4_i,2017,188.532
bol,sex_t,age_aggregate_y25_54,eco_isic4_i,2018,211.125
bol,sex_t,age_aggregate_y25_54,eco_isic4_i,2019,238.828
bol,sex_t,age_aggregate_y25_54,eco_isic4_i,2020,215.568
bol,sex_t,age_aggregate_y25_54,eco_isic4_i,2021,254.345
bol,sex_t,age_aggregate_y25_54,eco_isic4_i,2022,307.077
bol,sex_t,age_aggregate_y25_54,eco_isic4_i,2023,310.769
bol,sex_t,age_aggregate_y25_54,eco_isic4_i,2024,325.153
bol,sex_t,age_aggregate_y25_54,eco_isic4_j,2011,36.471
bol,sex_t,age_aggregate_y25_54,eco_isic4_j,2012,28.891
bol,sex_t,age_aggregate_y25_54,eco_isic4_j,2013,31.159
bol,sex_t,age_aggregate_y25_54,eco_isic4_j,2014,35.003
bol,sex_t,age_aggregate_y25_54,eco_isic4_j,2015,28.409
bol,sex_t,age_aggregate_y25_54,eco_isic4_j,2016,27.431
bol,sex_t,age_aggregate_y25_54,eco_isic4_j,2017,27.503
bol,sex_t,age_aggregate_y25_54,eco_isic4_j,2018,29.249
bol,sex_t,age_aggregate_y25_54,eco_isic4_j,2019,28.302
bol,sex_t,age_aggregate_y25_54,eco_isic4_j,2020,31.706
bol,sex_t,age_aggregate_y25_54,eco_isic4_j,2021,18.219
bol,sex_t,age_aggregate_y25_54,eco_isic4_j,2022,21.263
bol,sex_t,age_aggregate_y25_54,eco_isic4_j,2023,22.882
bol,sex_t,age_aggregate_y25_54,eco_isic4_j,2024,25.538
bol,sex_t,age_aggregate_y25_54,eco_isic4_k,2011,27.77
bol,sex_t,age_aggregate_y25_54,eco_isic4_k,2012,34.434
bol,sex_t,age_aggregate_y25_54,eco_isic4_k,2013,46.705
bol,sex_t,age_aggregate_y25_54,eco_isic4_k,2014,40.053
bol,sex_t,age_aggregate_y25_54,eco_isic4_k,2015,42.208
bol,sex_t,age_aggregate_y25_54,eco_isic4_k,2016,34.636
bol,sex_t,age_aggregate_y25_54,eco_isic4_k,2017,35.238
bol,sex_t,age_aggregate_y25_54,eco_isic4_k,2018,36.75
bol,sex_t,age_aggregate_y25_54,eco_isic4_k,2019,33.518
bol,sex_t,age_aggregate_y25_54,eco_isic4_k,2020,52.073
bol,sex_t,age_aggregate_y25_54,eco_isic4_k,2021,43.967
bol,sex_t,age_aggregate_y25_54,eco_isic4_k,2022,44.132
bol,sex_t,age_aggregate_y25_54,eco_isic4_k,2023,41.889
bol,sex_t,age_aggregate_y25_54,eco_isic4_k,2024,44.79
bol,sex_t,age_aggregate_y25_54,eco_isic4_l,2011,5.751
bol,sex_t,age_aggregate_y25_54,eco_isic4_l,2012,3.886
bol,sex_t,age_aggregate_y25_54,eco_isic4_l,2013,4.66
bol,sex_t,age_aggregate_y25_54,eco_isic4_l,2014,4.345
bol,sex_t,age_aggregate_y25_54,eco_isic4_l,2015,5.764
bol,sex_t,age_aggregate_y25_54,eco_isic4_l,2016,10.298
bol,sex_t,age_aggregate_y25_54,eco_isic4_l,2017,12.401
bol,sex_t,age_aggregate_y25_54,eco_isic4_l,2018,12.815
bol,sex_t,age_aggregate_y25_54,eco_isic4_l,2019,14.52
bol,sex_t,age_aggregate_y25_54,eco_isic4_l,2020,9.567
bol,sex_t,age_aggregate_y25_54,eco_isic4_l,2021,16.281
bol,sex_t,age_aggregate_y25_54,eco_isic4_l,2022,16.082
bol,sex_t,age_aggregate_y25_54,eco_isic4_l,2023,17.974
bol,sex_t,age_aggregate_y25_54,eco_isic4_l,2024,16.426
bol,sex_t,age_aggregate_y25_54,eco_isic4_m,2011,87.092
bol,sex_t,age_aggregate_y25_54,eco_isic4_m,2012,88.973
bol,sex_t,age_aggregate_y25_54,eco_isic4_m,2013,92.18
bol,sex_t,age_aggregate_y25_54,eco_isic4_m,2014,84.462
bol,sex_t,age_aggregate_y25_54,eco_isic4_m,2015,86.89
bol,sex_t,age_aggregate_y25_54,eco_isic4_m,2016,68.94
bol,sex_t,age_aggregate_y25_54,eco_isic4_m,2017,68.938
bol,sex_t,age_aggregate_y25_54,eco_isic4_m,2018,68.512
bol,sex_t,age_aggregate_y25_54,eco_isic4_m,2019,73.107
bol,sex_t,age_aggregate_y25_54,eco_isic4_m,2020,124.779
bol,sex_t,age_aggregate_y25_54,eco_isic4_m,2021,91.306
bol,sex_t,age_aggregate_y25_54,eco_isic4_m,2022,102.851
bol,sex_t,age_aggregate_y25_54,eco_isic4_m,2023,101.816
bol,sex_t,age_aggregate_y25_54,eco_isic4_m,2024,97.349
bol,sex_t,age_aggregate_y25_54,eco_isic4_n,2011,27.587
bol,sex_t,age_aggregate_y25_54,eco_isic4_n,2012,39.395
bol,sex_t,age_aggregate_y25_54,eco_isic4_n,2013,37.544
bol,sex_t,age_aggregate_y25_54,eco_isic4_n,2014,39.878
bol,sex_t,age_aggregate_y25_54,eco_isic4_n,2015,48.055
bol,sex_t,age_aggregate_y25_54,eco_isic4_n,2016,41.206
bol,sex_t,age_aggregate_y25_54,eco_isic4_n,2017,42.292
bol,sex_t,age_aggregate_y25_54,eco_isic4_n,2018,53.936
bol,sex_t,age_aggregate_y25_54,eco_isic4_n,2019,65.919
bol,sex_t,age_aggregate_y25_54,eco_isic4_n,2020,48.87
bol,sex_t,age_aggregate_y25_54,eco_isic4_n,2021,72.536
bol,sex_t,age_aggregate_y25_54,eco_isic4_n,2022,81.307
bol,sex_t,age_aggregate_y25_54,eco_isic4_n,2023,89.262
bol,sex_t,age_aggregate_y25_54,eco_isic4_n,2024,96.006
bol,sex_t,age_aggregate_y25_54,eco_isic4_o,2011,133.106
bol,sex_t,age_aggregate_y25_54,eco_isic4_o,2012,118.823
bol,sex_t,age_aggregate_y25_54,eco_isic4_o,2013,149.677
bol,sex_t,age_aggregate_y25_54,eco_isic4_o,2014,132.331
bol,sex_t,age_aggregate_y25_54,eco_isic4_o,2015,134.359
bol,sex_t,age_aggregate_y25_54,eco_isic4_o,2016,121.63
bol,sex_t,age_aggregate_y25_54,eco_isic4_o,2017,113.664
bol,sex_t,age_aggregate_y25_54,eco_isic4_o,2018,117.185
bol,sex_t,age_aggregate_y25_54,eco_isic4_o,2019,122.361
bol,sex_t,age_aggregate_y25_54,eco_isic4_o,2020,127.814
bol,sex_t,age_aggregate_y25_54,eco_isic4_o,2021,114.985
bol,sex_t,age_aggregate_y25_54,eco_isic4_o,2022,124.032
bol,sex_t,age_aggregate_y25_54,eco_isic4_o,2023,123.932
bol,sex_t,age_aggregate_y25_54,eco_isic4_o,2024,122.999
bol,sex_t,age_aggregate_y25_54,eco_isic4_p,2011,195.422
bol,sex_t,age_aggregate_y25_54,eco_isic4_p,2012,192.286
bol,sex_t,age_aggregate_y25_54,eco_isic4_p,2013,209.902
bol,sex_t,age_aggregate_y25_54,eco_isic4_p,2014,193.304
bol,sex_t,age_aggregate_y25_54,eco_isic4_p,2015,163.183
bol,sex_t,age_aggregate_y25_54,eco_isic4_p,2016,181.569
bol,sex_t,age_aggregate_y25_54,eco_isic4_p,2017,182.711
bol,sex_t,age_aggregate_y25_54,eco_isic4_p,2018,182.101
bol,sex_t,age_aggregate_y25_54,eco_isic4_p,2019,199.998
bol,sex_t,age_aggregate_y25_54,eco_isic4_p,2020,167.434
bol,sex_t,age_aggregate_y25_54,eco_isic4_p,2021,189.27
bol,sex_t,age_aggregate_y25_54,eco_isic4_p,2022,197.079
bol,sex_t,age_aggregate_y25_54,eco_isic4_p,2023,227.597
bol,sex_t,age_aggregate_y25_54,eco_isic4_p,2024,221.276
bol,sex_t,age_aggregate_y25_54,eco_isic4_q,2011,102.564
bol,sex_t,age_aggregate_y25_54,eco_isic4_q,2012,97.957
bol,sex_t,age_aggregate_y25_54,eco_isic4_q,2013,131.865
bol,sex_t,age_aggregate_y25_54,eco_isic4_q,2014,94.885
bol,sex_t,age_aggregate_y25_54,eco_isic4_q,2015,99.047
bol,sex_t,age_aggregate_y25_54,eco_isic4_q,2016,99.14
bol,sex_t,age_aggregate_y25_54,eco_isic4_q,2017,98.2
bol,sex_t,age_aggregate_y25_54,eco_isic4_q,2018,102.725
bol,sex_t,age_aggregate_y25_54,eco_isic4_q,2019,114.46
bol,sex_t,age_aggregate_y25_54,eco_isic4_q,2020,132.243
bol,sex_t,age_aggregate_y25_54,eco_isic4_q,2021,128.117
bol,sex_t,age_aggregate_y25_54,eco_isic4_q,2022,139.237
bol,sex_t,age_aggregate_y25_54,eco_isic4_q,2023,147.335
bol,sex_t,age_aggregate_y25_54,eco_isic4_q,2024,161.009
bol,sex_t,age_aggregate_y25_54,eco_isic4_r,2011,19.345
bol,sex_t,age_aggregate_y25_54,eco_isic4_r,2012,19.753
bol,sex_t,age_aggregate_y25_54,eco_isic4_r,2013,22.175
bol,sex_t,age_aggregate_y25_54,eco_isic4_r,2014,19.077
bol,sex_t,age_aggregate_y25_54,eco_isic4_r,2015,19.268
bol,sex_t,age_aggregate_y25_54,eco_isic4_r,2016,18.823
bol,sex_t,age_aggregate_y25_54,eco_isic4_r,2017,20.394
bol,sex_t,age_aggregate_y25_54,eco_isic4_r,2018,22.495
bol,sex_t,age_aggregate_y25_54,eco_isic4_r,2019,21.135
bol,sex_t,age_aggregate_y25_54,eco_isic4_r,2020,16.358
bol,sex_t,age_aggregate_y25_54,eco_isic4_r,2021,16.688
bol,sex_t,age_aggregate_y25_54,eco_isic4_r,2022,23.521
bol,sex_t,age_aggregate_y25_54,eco_isic4_r,2023,33.461
bol,sex_t,age_aggregate_y25_54,eco_isic4_r,2024,32.056
bol,sex_t,age_aggregate_y25_54,eco_isic4_s,2011,74.671
bol,sex_t,age_aggregate_y25_54,eco_isic4_s,2012,67.078
bol,sex_t,age_aggregate_y25_54,eco_isic4_s,2013,72.763
bol,sex_t,age_aggregate_y25_54,eco_isic4_s,2014,63.411
bol,sex_t,age_aggregate_y25_54,eco_isic4_s,2015,68.253
bol,sex_t,age_aggregate_y25_54,eco_isic4_s,2016,66.353
bol,sex_t,age_aggregate_y25_54,eco_isic4_s,2017,69.432
bol,sex_t,age_aggregate_y25_54,eco_isic4_s,2018,75.125
bol,sex_t,age_aggregate_y25_54,eco_isic4_s,2019,93.014
bol,sex_t,age_aggregate_y25_54,eco_isic4_s,2020,100.042
bol,sex_t,age_aggregate_y25_54,eco_isic4_s,2021,101.996
bol,sex_t,age_aggregate_y25_54,eco_isic4_s,2022,101.162
bol,sex_t,age_aggregate_y25_54,eco_isic4_s,2023,102.113
bol,sex_t,age_aggregate_y25_54,eco_isic4_s,2024,110.319
bol,sex_t,age_aggregate_y25_54,eco_isic4_t,2011,64.74
bol,sex_t,age_aggregate_y25_54,eco_isic4_t,2012,79.298
bol,sex_t,age_aggregate_y25_54,eco_isic4_t,2013,75.735
bol,sex_t,age_aggregate_y25_54,eco_isic4_t,2014,61.49
bol,sex_t,age_aggregate_y25_54,eco_isic4_t,2015,53.599
bol,sex_t,age_aggregate_y25_54,eco_isic4_t,2016,54.705
bol,sex_t,age_aggregate_y25_54,eco_isic4_t,2017,63.208
bol,sex_t,age_aggregate_y25_54,eco_isic4_t,2018,61.079
bol,sex_t,age_aggregate_y25_54,eco_isic4_t,2019,67.697
bol,sex_t,age_aggregate_y25_54,eco_isic4_t,2020,54.18
bol,sex_t,age_aggregate_y25_54,eco_isic4_t,2021,70.255
bol,sex_t,age_aggregate_y25_54,eco_isic4_t,2022,81.756
bol,sex_t,age_aggregate_y25_54,eco_isic4_t,2023,87.743
bol,sex_t,age_aggregate_y25_54,eco_isic4_t,2024,95.075
bol,sex_t,age_aggregate_y25_54,eco_isic4_total,2011,2982.414
bol,sex_t,age_aggregate_y25_54,eco_isic4_total,2012,2987.52
bol,sex_t,age_aggregate_y25_54,eco_isic4_total,2013,3092.113
bol,sex_t,age_aggregate_y25_54,eco_isic4_total,2014,3144.268
bol,sex_t,age_aggregate_y25_54,eco_isic4_total,2015,3088.272
bol,sex_t,age_aggregate_y25_54,eco_isic4_total,2016,3040.045
bol,sex_t,age_aggregate_y25_54,eco_isic4_total,2017,3099.492
bol,sex_t,age_aggregate_y25_54,eco_isic4_total,2018,3263.739
bol,sex_t,age_aggregate_y25_54,eco_isic4_total,2019,3458.246
bol,sex_t,age_aggregate_y25_54,eco_isic4_total,2020,3443.712
bol,sex_t,age_aggregate_y25_54,eco_isic4_total,2021,3715.271
bol,sex_t,age_aggregate_y25_54,eco_isic4_total,2022,3931.43
bol,sex_t,age_aggregate_y25_54,eco_isic4_total,2023,4024.674
bol,sex_t,age_aggregate_y25_54,eco_isic4_total,2024,4124.181
bol,sex_t,age_aggregate_y25_54,eco_isic4_u,2012,1.201
bol,sex_t,age_aggregate_y25_54,eco_isic4_u,2015,1.78
bol,sex_t,age_aggregate_y25_54,eco_isic4_u,2016,0.985
bol,sex_t,age_aggregate_y25_54,eco_isic4_u,2017,0.763
bol,sex_t,age_aggregate_y25_54,eco_isic4_u,2018,0.795
bol,sex_t,age_aggregate_y25_54,eco_isic4_u,2019,0.54
bol,sex_t,age_aggregate_y25_54,eco_isic4_u,2020,1.641
bol,sex_t,age_aggregate_y25_54,eco_isic4_u,2022,1.123
bol,sex_t,age_aggregate_y25_54,eco_isic4_u,2024,1.016
bol,sex_t,age_aggregate_y25_54,eco_isic4_x,2015,1.843
bol,sex_t,age_aggregate_y25_54,eco_isic4_x,2017,0.287
bol,sex_t,age_aggregate_y25_54,eco_isic4_x,2020,6.304
bol,sex_t,age_aggregate_y25_54,eco_isic4_x,2021,4.856
bol,sex_t,age_aggregate_y25_54,eco_isic4_x,2022,6.407
bol,sex_t,age_aggregate_y25_54,eco_isic4_x,2023,5.204
bol,sex_t,age_aggregate_y25_54,eco_isic4_x,2024,7.888
bol,sex_t,age_aggregate_y25_54,eco_sector_agr,1991,9.74
bol,sex_t,age_aggregate_y25_54,eco_sector_agr,1992,14.245
bol,sex_t,age_aggregate_y25_54,eco_sector_agr,1993,12.478
bol,sex_t,age_aggregate_y25_54,eco_sector_agr,1994,11.03
bol,sex_t,age_aggregate_y25_54,eco_sector_agr,1995,17.678
bol,sex_t,age_aggregate_y25_54,eco_sector_agr,1999,7.389
bol,sex_t,age_aggregate_y25_54,eco_sector_agr,2000,663.205
bol,sex_t,age_aggregate_y25_54,eco_sector_agr,2001,753.368
bol,sex_t,age_aggregate_y25_54,eco_sector_agr,2002,725.477
bol,sex_t,age_aggregate_y25_54,eco_sector_agr,2005,714.33
bol,sex_t,age_aggregate_y25_54,eco_sector_agr,2006,781.119
bol,sex_t,age_aggregate_y25_54,eco_sector_agr,2007,683.182
bol,sex_t,age_aggregate_y25_54,eco_sector_agr,2008,693.622
bol,sex_t,age_aggregate_y25_54,eco_sector_agr,2009,707.072
bol,sex_t,age_aggregate_y25_54,eco_sector_agr,2011,830.39
bol,sex_t,age_aggregate_y25_54,eco_sector_agr,2012,745.168
bol,sex_t,age_aggregate_y25_54,eco_sector_agr,2013,793.993
bol,sex_t,age_aggregate_y25_54,eco_sector_agr,2014,772.598
bol,sex_t,age_aggregate_y25_54,eco_sector_agr,2015,704.514
bol,sex_t,age_aggregate_y25_54,eco_sector_agr,2016,718.099
bol,sex_t,age_aggregate_y25_54,eco_sector_agr,2017,717.71
bol,sex_t,age_aggregate_y25_54,eco_sector_agr,2018,781.188
bol,sex_t,age_aggregate_y25_54,eco_sector_agr,2019,741.351
bol,sex_t,age_aggregate_y25_54,eco_sector_agr,2020,738.212
bol,sex_t,age_aggregate_y25_54,eco_sector_agr,2021,781.588
bol,sex_t,age_aggregate_y25_54,eco_sector_agr,2022,750.51
bol,sex_t,age_aggregate_y25_54,eco_sector_agr,2023,770.926
bol,sex_t,age_aggregate_y25_54,eco_sector_agr,2024,716.896
bol,sex_t,age_aggregate_y25_54,eco_sector_ind,1989,103.362
bol,sex_t,age_aggregate_y25_54,eco_sector_ind,1990,111.347
bol,sex_t,age_aggregate_y25_54,eco_sector_ind,1991,190.364
bol,sex_t,age_aggregate_y25_54,eco_sector_ind,1992,208.922
bol,sex_t,age_aggregate_y25_54,eco_sector_ind,1993,198.394
bol,sex_t,age_aggregate_y25_54,eco_sector_ind,1994,229.841
bol,sex_t,age_aggregate_y25_54,eco_sector_ind,1995,228.226
bol,sex_t,age_aggregate_y25_54,eco_sector_ind,1999,444.905
bol,sex_t,age_aggregate_y25_54,eco_sector_ind,2000,437.068
bol,sex_t,age_aggregate_y25_54,eco_sector_ind,2001,388.383
bol,sex_t,age_aggregate_y25_54,eco_sector_ind,2002,472.61
bol,sex_t,age_aggregate_y25_54,eco_sector_ind,2005,545.759
bol,sex_t,age_aggregate_y25_54,eco_sector_ind,2006,505.619
bol,sex_t,age_aggregate_y25_54,eco_sector_ind,2007,579.773
bol,sex_t,age_aggregate_y25_54,eco_sector_ind,2008,615.086
bol,sex_t,age_aggregate_y25_54,eco_sector_ind,2009,642.151
bol,sex_t,age_aggregate_y25_54,eco_sector_ind,2011,551.523
bol,sex_t,age_aggregate_y25_54,eco_sector_ind,2012,574.122
bol,sex_t,age_aggregate_y25_54,eco_sector_ind,2013,551.597
bol,sex_t,age_aggregate_y25_54,eco_sector_ind,2014,688.837
bol,sex_t,age_aggregate_y25_54,eco_sector_ind,2015,709.942
bol,sex_t,age_aggregate_y25_54,eco_sector_ind,2016,690.558
bol,sex_t,age_aggregate_y25_54,eco_sector_ind,2017,694.151
bol,sex_t,age_aggregate_y25_54,eco_sector_ind,2018,717.886
bol,sex_t,age_aggregate_y25_54,eco_sector_ind,2019,789.503
bol,sex_t,age_aggregate_y25_54,eco_sector_ind,2020,693.714
bol,sex_t,age_aggregate_y25_54,eco_sector_ind,2021,832.113
bol,sex_t,age_aggregate_y25_54,eco_sector_ind,2022,884.204
bol,sex_t,age_aggregate_y25_54,eco_sector_ind,2023,900.092
bol,sex_t,age_aggregate_y25_54,eco_sector_ind,2024,981.516
bol,sex_t,age_aggregate_y25_54,eco_sector_nag,1989,602.074
bol,sex_t,age_aggregate_y25_54,eco_sector_nag,1990,617.695
bol,sex_t,age_aggregate_y25_54,eco_sector_nag,1991,642.853
bol,sex_t,age_aggregate_y25_54,eco_sector_nag,1992,668.878
bol,sex_t,age_aggregate_y25_54,eco_sector_nag,1993,699.703
bol,sex_t,age_aggregate_y25_54,eco_sector_nag,1994,786.343
bol,sex_t,age_aggregate_y25_54,eco_sector_nag,1995,797.008
bol,sex_t,age_aggregate_y25_54,eco_sector_nag,1999,2329.853
bol,sex_t,age_aggregate_y25_54,eco_sector_nag,2000,1490.143
bol,sex_t,age_aggregate_y25_54,eco_sector_nag,2001,1380.246
bol,sex_t,age_aggregate_y25_54,eco_sector_nag,2002,1491.918
bol,sex_t,age_aggregate_y25_54,eco_sector_nag,2005,1738.065
bol,sex_t,age_aggregate_y25_54,eco_sector_nag,2006,1844.287
bol,sex_t,age_aggregate_y25_54,eco_sector_nag,2007,2015.66
bol,sex_t,age_aggregate_y25_54,eco_sector_nag,2008,2155.787
bol,sex_t,age_aggregate_y25_54,eco_sector_nag,2009,2264.269
bol,sex_t,age_aggregate_y25_54,eco_sector_nag,2011,2152.024
bol,sex_t,age_aggregate_y25_54,eco_sector_nag,2012,2242.352
bol,sex_t,age_aggregate_y25_54,eco_sector_nag,2013,2298.12
bol,sex_t,age_aggregate_y25_54,eco_sector_nag,2014,2371.67
bol,sex_t,age_aggregate_y25_54,eco_sector_nag,2015,2383.758
bol,sex_t,age_aggregate_y25_54,eco_sector_nag,2016,2321.946
bol,sex_t,age_aggregate_y25_54,eco_sector_nag,2017,2381.782
bol,sex_t,age_aggregate_y25_54,eco_sector_nag,2018,2482.551
bol,sex_t,age_aggregate_y25_54,eco_sector_nag,2019,2716.895
bol,sex_t,age_aggregate_y25_54,eco_sector_nag,2020,2705.5
bol,sex_t,age_aggregate_y25_54,eco_sector_nag,2021,2933.684
bol,sex_t,age_aggregate_y25_54,eco_sector_nag,2022,3180.919
bol,sex_t,age_aggregate_y25_54,eco_sector_nag,2023,3253.748
bol,sex_t,age_aggregate_y25_54,eco_sector_nag,2024,3407.284
bol,sex_t,age_aggregate_y25_54,eco_sector_ser,1989,484.254
bol,sex_t,age_aggregate_y25_54,eco_sector_ser,1990,488.348
bol,sex_t,age_aggregate_y25_54,eco_sector_ser,1991,452.454
bol,sex_t,age_aggregate_y25_54,eco_sector_ser,1992,458.926
bol,sex_t,age_aggregate_y25_54,eco_sector_ser,1993,501.242
bol,sex_t,age_aggregate_y25_54,eco_sector_ser,1994,556.331
bol,sex_t,age_aggregate_y25_54,eco_sector_ser,1995,567.378
bol,sex_t,age_aggregate_y25_54,eco_sector_ser,1999,1727.688
bol,sex_t,age_aggregate_y25_54,eco_sector_ser,2000,1033.465
bol,sex_t,age_aggregate_y25_54,eco_sector_ser,2001,977.837
bol,sex_t,age_aggregate_y25_54,eco_sector_ser,2002,1019.308
bol,sex_t,age_aggregate_y25_54,eco_sector_ser,2005,1192.306
bol,sex_t,age_aggregate_y25_54,eco_sector_ser,2006,1338.668
bol,sex_t,age_aggregate_y25_54,eco_sector_ser,2007,1435.887
bol,sex_t,age_aggregate_y25_54,eco_sector_ser,2008,1539.357
bol,sex_t,age_aggregate_y25_54,eco_sector_ser,2009,1622.118
bol,sex_t,age_aggregate_y25_54,eco_sector_ser,2011,1600.501
bol,sex_t,age_aggregate_y25_54,eco_sector_ser,2012,1668.23
bol,sex_t,age_aggregate_y25_54,eco_sector_ser,2013,1746.363
bol,sex_t,age_aggregate_y25_54,eco_sector_ser,2014,1682.453
bol,sex_t,age_aggregate_y25_54,eco_sector_ser,2015,1671.973
bol,sex_t,age_aggregate_y25_54,eco_sector_ser,2016,1631.346
bol,sex_t,age_aggregate_y25_54,eco_sector_ser,2017,1687.343
bol,sex_t,age_aggregate_y25_54,eco_sector_ser,2018,1764.665
bol,sex_t,age_aggregate_y25_54,eco_sector_ser,2019,1927.392
bol,sex_t,age_aggregate_y25_54,eco_sector_ser,2020,2005.481
bol,sex_t,age_aggregate_y25_54,eco_sector_ser,2021,2096.715
bol,sex_t,age_aggregate_y25_54,eco_sector_ser,2022,2290.308
bol,sex_t,age_aggregate_y25_54,eco_sector_ser,2023,2348.452
bol,sex_t,age_aggregate_y25_54,eco_sector_ser,2024,2417.881
bol,sex_t,age_aggregate_y25_54,eco_sector_total,1989,602.074
bol,sex_t,age_aggregate_y25_54,eco_sector_total,1990,617.695
bol,sex_t,age_aggregate_y25_54,eco_sector_total,1991,652.593
bol,sex_t,age_aggregate_y25_54,eco_sector_total,1992,683.123
bol,sex_t,age_aggregate_y25_54,eco_sector_total,1993,712.181
bol,sex_t,age_aggregate_y25_54,eco_sector_total,1994,797.373
bol,sex_t,age_aggregate_y25_54,eco_sector_total,1995,814.686
bol,sex_t,age_aggregate_y25_54,eco_sector_total,1999,2337.242
bol,sex_t,age_aggregate_y25_54,eco_sector_total,2000,2153.348
bol,sex_t,age_aggregate_y25_54,eco_sector_total,2001,2133.614
bol,sex_t,age_aggregate_y25_54,eco_sector_total,2002,2217.395
bol,sex_t,age_aggregate_y25_54,eco_sector_total,2005,2452.395
bol,sex_t,age_aggregate_y25_54,eco_sector_total,2006,2625.406
bol,sex_t,age_aggregate_y25_54,eco_sector_total,2007,2698.842
bol,sex_t,age_aggregate_y25_54,eco_sector_total,2008,2849.409
bol,sex_t,age_aggregate_y25_54,eco_sector_total,2009,2971.341
bol,sex_t,age_aggregate_y25_54,eco_sector_total,2011,2982.414
bol,sex_t,age_aggregate_y25_54,eco_sector_total,2012,2987.52
bol,sex_t,age_aggregate_y25_54,eco_sector_total,2013,3092.113
bol,sex_t,age_aggregate_y25_54,eco_sector_total,2014,3144.268
bol,sex_t,age_aggregate_y25_54,eco_sector_total,2015,3088.272
bol,sex_t,age_aggregate_y25_54,eco_sector_total,2016,3040.045
bol,sex_t,age_aggregate_y25_54,eco_sector_total,2017,3099.492
bol,sex_t,age_aggregate_y25_54,eco_sector_total,2018,3263.739
bol,sex_t,age_aggregate_y25_54,eco_sector_total,2019,3458.246
bol,sex_t,age_aggregate_y25_54,eco_sector_total,2020,3443.712
bol,sex_t,age_aggregate_y25_54,eco_sector_total,2021,3715.271
bol,sex_t,age_aggregate_y25_54,eco_sector_total,2022,3931.43
bol,sex_t,age_aggregate_y25_54,eco_sector_total,2023,4024.674
bol,sex_t,age_aggregate_y25_54,eco_sector_total,2024,4124.181
bol,sex_t,age_aggregate_y25_54,eco_sector_x,1989,14.457
bol,sex_t,age_aggregate_y25_54,eco_sector_x,1990,18
bol,sex_t,age_aggregate_y25_54,eco_sector_x,1992,1.03
bol,sex_t,age_aggregate_y25_54,eco_sector_x,1995,1.404
bol,sex_t,age_aggregate_y25_54,eco_sector_x,1999,157.26
bol,sex_t,age_aggregate_y25_54,eco_sector_x,2000,19.61
bol,sex_t,age_aggregate_y25_54,eco_sector_x,2001,14.026
bol,sex_t,age_aggregate_y25_54,eco_sector_x,2015,1.843
bol,sex_t,age_aggregate_y25_54,eco_sector_x,2017,0.287
bol,sex_t,age_aggregate_y25_54,eco_sector_x,2020,6.304
bol,sex_t,age_aggregate_y25_54,eco_sector_x,2021,4.856
bol,sex_t,age_aggregate_y25_54,eco_sector_x,2022,6.407
bol,sex_t,age_aggregate_y25_54,eco_sector_x,2023,5.204
bol,sex_t,age_aggregate_y25_54,eco_sector_x,2024,7.888
bol,sex_t,age_aggregate_y55_64,eco_aggregate_agr,1991,2.159
bol,sex_t,age_aggregate_y55_64,eco_aggregate_agr,1992,2.377
bol,sex_t,age_aggregate_y55_64,eco_aggregate_agr,1993,2.449
bol,sex_t,age_aggregate_y55_64,eco_aggregate_agr,1994,2.286
bol,sex_t,age_aggregate_y55_64,eco_aggregate_agr,1995,3.678
bol,sex_t,age_aggregate_y55_64,eco_aggregate_agr,2000,149.358
bol,sex_t,age_aggregate_y55_64,eco_aggregate_agr,2001,163.308
bol,sex_t,age_aggregate_y55_64,eco_aggregate_agr,2002,146.331
bol,sex_t,age_aggregate_y55_64,eco_aggregate_agr,2005,170.843
bol,sex_t,age_aggregate_y55_64,eco_aggregate_agr,2006,187.556
bol,sex_t,age_aggregate_y55_64,eco_aggregate_agr,2007,184.795
bol,sex_t,age_aggregate_y55_64,eco_aggregate_agr,2008,223.37
bol,sex_t,age_aggregate_y55_64,eco_aggregate_agr,2009,223.405
bol,sex_t,age_aggregate_y55_64,eco_aggregate_agr,2011,219.03
bol,sex_t,age_aggregate_y55_64,eco_aggregate_agr,2012,201.621
bol,sex_t,age_aggregate_y55_64,eco_aggregate_agr,2013,249.78
bol,sex_t,age_aggregate_y55_64,eco_aggregate_agr,2014,253.582
bol,sex_t,age_aggregate_y55_64,eco_aggregate_agr,2015,255.609
bol,sex_t,age_aggregate_y55_64,eco_aggregate_agr,2016,232.834
bol,sex_t,age_aggregate_y55_64,eco_aggregate_agr,2017,259.589
bol,sex_t,age_aggregate_y55_64,eco_aggregate_agr,2018,282.742
bol,sex_t,age_aggregate_y55_64,eco_aggregate_agr,2019,263.486
bol,sex_t,age_aggregate_y55_64,eco_aggregate_agr,2020,278.833
bol,sex_t,age_aggregate_y55_64,eco_aggregate_agr,2021,269.294
bol,sex_t,age_aggregate_y55_64,eco_aggregate_agr,2022,261.675
bol,sex_t,age_aggregate_y55_64,eco_aggregate_agr,2023,271.365
bol,sex_t,age_aggregate_y55_64,eco_aggregate_agr,2024,280.495
bol,sex_t,age_aggregate_y55_64,eco_aggregate_con,1991,4.649
bol,sex_t,age_aggregate_y55_64,eco_aggregate_con,1992,3.944
bol,sex_t,age_aggregate_y55_64,eco_aggregate_con,1993,5.359
bol,sex_t,age_aggregate_y55_64,eco_aggregate_con,1994,4.843
bol,sex_t,age_aggregate_y55_64,eco_aggregate_con,1995,2.854
bol,sex_t,age_aggregate_y55_64,eco_aggregate_con,2000,11.619
bol,sex_t,age_aggregate_y55_64,eco_aggregate_con,2001,16.902
bol,sex_t,age_aggregate_y55_64,eco_aggregate_con,2002,12.806
bol,sex_t,age_aggregate_y55_64,eco_aggregate_con,2005,13.076
bol,sex_t,age_aggregate_y55_64,eco_aggregate_con,2006,16.005
bol,sex_t,age_aggregate_y55_64,eco_aggregate_con,2007,20.38
bol,sex_t,age_aggregate_y55_64,eco_aggregate_con,2008,24.974
bol,sex_t,age_aggregate_y55_64,eco_aggregate_con,2009,31.464
bol,sex_t,age_aggregate_y55_64,eco_aggregate_con,2011,33.375
bol,sex_t,age_aggregate_y55_64,eco_aggregate_con,2012,28.488
bol,sex_t,age_aggregate_y55_64,eco_aggregate_con,2013,31.315
bol,sex_t,age_aggregate_y55_64,eco_aggregate_con,2014,36.523
bol,sex_t,age_aggregate_y55_64,eco_aggregate_con,2015,31.883
bol,sex_t,age_aggregate_y55_64,eco_aggregate_con,2016,33.543
bol,sex_t,age_aggregate_y55_64,eco_aggregate_con,2017,36.074
bol,sex_t,age_aggregate_y55_64,eco_aggregate_con,2018,32.099
bol,sex_t,age_aggregate_y55_64,eco_aggregate_con,2019,36.157
bol,sex_t,age_aggregate_y55_64,eco_aggregate_con,2020,39.249
bol,sex_t,age_aggregate_y55_64,eco_aggregate_con,2021,39.589
bol,sex_t,age_aggregate_y55_64,eco_aggregate_con,2022,42.332
bol,sex_t,age_aggregate_y55_64,eco_aggregate_con,2023,40.897
bol,sex_t,age_aggregate_y55_64,eco_aggregate_con,2024,42.59
bol,sex_t,age_aggregate_y55_64,eco_aggregate_man,1989,8.23
bol,sex_t,age_aggregate_y55_64,eco_aggregate_man,1990,6.506
bol,sex_t,age_aggregate_y55_64,eco_aggregate_man,1991,7.137
bol,sex_t,age_aggregate_y55_64,eco_aggregate_man,1992,9.272
bol,sex_t,age_aggregate_y55_64,eco_aggregate_man,1993,7.776
bol,sex_t,age_aggregate_y55_64,eco_aggregate_man,1994,7.718
bol,sex_t,age_aggregate_y55_64,eco_aggregate_man,1995,10.686
bol,sex_t,age_aggregate_y55_64,eco_aggregate_man,1999,24.129
bol,sex_t,age_aggregate_y55_64,eco_aggregate_man,2000,23.365
bol,sex_t,age_aggregate_y55_64,eco_aggregate_man,2001,14.143
bol,sex_t,age_aggregate_y55_64,eco_aggregate_man,2002,28.623
bol,sex_t,age_aggregate_y55_64,eco_aggregate_man,2005,37.398
bol,sex_t,age_aggregate_y55_64,eco_aggregate_man,2006,34.472
bol,sex_t,age_aggregate_y55_64,eco_aggregate_man,2007,35.185
bol,sex_t,age_aggregate_y55_64,eco_aggregate_man,2008,41.456
bol,sex_t,age_aggregate_y55_64,eco_aggregate_man,2009,37.1
bol,sex_t,age_aggregate_y55_64,eco_aggregate_man,2011,23.273
bol,sex_t,age_aggregate_y55_64,eco_aggregate_man,2012,31.185
bol,sex_t,age_aggregate_y55_64,eco_aggregate_man,2013,34.016
bol,sex_t,age_aggregate_y55_64,eco_aggregate_man,2014,38.407
bol,sex_t,age_aggregate_y55_64,eco_aggregate_man,2015,35.968
bol,sex_t,age_aggregate_y55_64,eco_aggregate_man,2016,45.962
bol,sex_t,age_aggregate_y55_64,eco_aggregate_man,2017,48.845
bol,sex_t,age_aggregate_y55_64,eco_aggregate_man,2018,54.429
bol,sex_t,age_aggregate_y55_64,eco_aggregate_man,2019,66.847
bol,sex_t,age_aggregate_y55_64,eco_aggregate_man,2020,42.648
bol,sex_t,age_aggregate_y55_64,eco_aggregate_man,2021,68.856
bol,sex_t,age_aggregate_y55_64,eco_aggregate_man,2022,76.794
bol,sex_t,age_aggregate_y55_64,eco_aggregate_man,2023,73.913
bol,sex_t,age_aggregate_y55_64,eco_aggregate_man,2024,86.616
bol,sex_t,age_aggregate_y55_64,eco_aggregate_mel,1989,2.292
bol,sex_t,age_aggregate_y55_64,eco_aggregate_mel,1990,0.964
bol,sex_t,age_aggregate_y55_64,eco_aggregate_mel,1991,1.604
bol,sex_t,age_aggregate_y55_64,eco_aggregate_mel,1992,1.84
bol,sex_t,age_aggregate_y55_64,eco_aggregate_mel,1993,0.931
bol,sex_t,age_aggregate_y55_64,eco_aggregate_mel,1994,0.764
bol,sex_t,age_aggregate_y55_64,eco_aggregate_mel,1995,1.127
bol,sex_t,age_aggregate_y55_64,eco_aggregate_mel,1999,9.727
bol,sex_t,age_aggregate_y55_64,eco_aggregate_mel,2000,3.63
bol,sex_t,age_aggregate_y55_64,eco_aggregate_mel,2001,5.426
bol,sex_t,age_aggregate_y55_64,eco_aggregate_mel,2002,3.323
bol,sex_t,age_aggregate_y55_64,eco_aggregate_mel,2005,5.163
bol,sex_t,age_aggregate_y55_64,eco_aggregate_mel,2006,3.62
bol,sex_t,age_aggregate_y55_64,eco_aggregate_mel,2007,5.191
bol,sex_t,age_aggregate_y55_64,eco_aggregate_mel,2008,6.431
bol,sex_t,age_aggregate_y55_64,eco_aggregate_mel,2009,6.457
bol,sex_t,age_aggregate_y55_64,eco_aggregate_mel,2011,12.554
bol,sex_t,age_aggregate_y55_64,eco_aggregate_mel,2012,13.214
bol,sex_t,age_aggregate_y55_64,eco_aggregate_mel,2013,12.618
bol,sex_t,age_aggregate_y55_64,eco_aggregate_mel,2014,8.513
bol,sex_t,age_aggregate_y55_64,eco_aggregate_mel,2015,12.335
bol,sex_t,age_aggregate_y55_64,eco_aggregate_mel,2016,9.339
bol,sex_t,age_aggregate_y55_64,eco_aggregate_mel,2017,6.994
bol,sex_t,age_aggregate_y55_64,eco_aggregate_mel,2018,10.719
bol,sex_t,age_aggregate_y55_64,eco_aggregate_mel,2019,7.886
bol,sex_t,age_aggregate_y55_64,eco_aggregate_mel,2020,6.874
bol,sex_t,age_aggregate_y55_64,eco_aggregate_mel,2021,9.862
bol,sex_t,age_aggregate_y55_64,eco_aggregate_mel,2022,10.21
bol,sex_t,age_aggregate_y55_64,eco_aggregate_mel,2023,8.741
bol,sex_t,age_aggregate_y55_64,eco_aggregate_mel,2024,10.87
bol,sex_t,age_aggregate_y55_64,eco_aggregate_mkt,1989,27.532
bol,sex_t,age_aggregate_y55_64,eco_aggregate_mkt,1990,26.113
bol,sex_t,age_aggregate_y55_64,eco_aggregate_mkt,1991,25.253
bol,sex_t,age_aggregate_y55_64,eco_aggregate_mkt,1992,24.395
bol,sex_t,age_aggregate_y55_64,eco_aggregate_mkt,1993,32.64
bol,sex_t,age_aggregate_y55_64,eco_aggregate_mkt,1994,28.557
bol,sex_t,age_aggregate_y55_64,eco_aggregate_mkt,1995,29.835
bol,sex_t,age_aggregate_y55_64,eco_aggregate_mkt,1999,264.154
bol,sex_t,age_aggregate_y55_64,eco_aggregate_mkt,2000,66.14
bol,sex_t,age_aggregate_y55_64,eco_aggregate_mkt,2001,60.004
bol,sex_t,age_aggregate_y55_64,eco_aggregate_mkt,2002,71.982
bol,sex_t,age_aggregate_y55_64,eco_aggregate_mkt,2005,124.513
bol,sex_t,age_aggregate_y55_64,eco_aggregate_mkt,2006,85.761
bol,sex_t,age_aggregate_y55_64,eco_aggregate_mkt,2007,90.615
bol,sex_t,age_aggregate_y55_64,eco_aggregate_mkt,2008,140.689
bol,sex_t,age_aggregate_y55_64,eco_aggregate_mkt,2009,121.737
bol,sex_t,age_aggregate_y55_64,eco_aggregate_mkt,2011,153.865
bol,sex_t,age_aggregate_y55_64,eco_aggregate_mkt,2012,163.04
bol,sex_t,age_aggregate_y55_64,eco_aggregate_mkt,2013,174.247
bol,sex_t,age_aggregate_y55_64,eco_aggregate_mkt,2014,167.548
bol,sex_t,age_aggregate_y55_64,eco_aggregate_mkt,2015,177.808
bol,sex_t,age_aggregate_y55_64,eco_aggregate_mkt,2016,186.833
bol,sex_t,age_aggregate_y55_64,eco_aggregate_mkt,2017,198.107
bol,sex_t,age_aggregate_y55_64,eco_aggregate_mkt,2018,215.993
bol,sex_t,age_aggregate_y55_64,eco_aggregate_mkt,2019,238.28
bol,sex_t,age_aggregate_y55_64,eco_aggregate_mkt,2020,229.067
bol,sex_t,age_aggregate_y55_64,eco_aggregate_mkt,2021,229.203
bol,sex_t,age_aggregate_y55_64,eco_aggregate_mkt,2022,242.893
bol,sex_t,age_aggregate_y55_64,eco_aggregate_mkt,2023,259.719
bol,sex_t,age_aggregate_y55_64,eco_aggregate_mkt,2024,280.226
bol,sex_t,age_aggregate_y55_64,eco_aggregate_pub,1989,15.743
bol,sex_t,age_aggregate_y55_64,eco_aggregate_pub,1990,16.388
bol,sex_t,age_aggregate_y55_64,eco_aggregate_pub,1991,15.333
bol,sex_t,age_aggregate_y55_64,eco_aggregate_pub,1992,11.591
bol,sex_t,age_aggregate_y55_64,eco_aggregate_pub,1993,14.027
bol,sex_t,age_aggregate_y55_64,eco_aggregate_pub,1994,11.824
bol,sex_t,age_aggregate_y55_64,eco_aggregate_pub,1995,13.165
bol,sex_t,age_aggregate_y55_64,eco_aggregate_pub,1999,23.73
bol,sex_t,age_aggregate_y55_64,eco_aggregate_pub,2000,33.146
bol,sex_t,age_aggregate_y55_64,eco_aggregate_pub,2001,26.501
bol,sex_t,age_aggregate_y55_64,eco_aggregate_pub,2002,27.976
bol,sex_t,age_aggregate_y55_64,eco_aggregate_pub,2005,42.329
bol,sex_t,age_aggregate_y55_64,eco_aggregate_pub,2006,50.598
bol,sex_t,age_aggregate_y55_64,eco_aggregate_pub,2007,56.293
bol,sex_t,age_aggregate_y55_64,eco_aggregate_pub,2008,49.965
bol,sex_t,age_aggregate_y55_64,eco_aggregate_pub,2009,77.456
bol,sex_t,age_aggregate_y55_64,eco_aggregate_pub,2011,82.363
bol,sex_t,age_aggregate_y55_64,eco_aggregate_pub,2012,86.927
bol,sex_t,age_aggregate_y55_64,eco_aggregate_pub,2013,89.013
bol,sex_t,age_aggregate_y55_64,eco_aggregate_pub,2014,85.681
bol,sex_t,age_aggregate_y55_64,eco_aggregate_pub,2015,88.614
bol,sex_t,age_aggregate_y55_64,eco_aggregate_pub,2016,86.45
bol,sex_t,age_aggregate_y55_64,eco_aggregate_pub,2017,87.033
bol,sex_t,age_aggregate_y55_64,eco_aggregate_pub,2018,88.52
bol,sex_t,age_aggregate_y55_64,eco_aggregate_pub,2019,97.996
bol,sex_t,age_aggregate_y55_64,eco_aggregate_pub,2020,91.054
bol,sex_t,age_aggregate_y55_64,eco_aggregate_pub,2021,90.238
bol,sex_t,age_aggregate_y55_64,eco_aggregate_pub,2022,104.218
bol,sex_t,age_aggregate_y55_64,eco_aggregate_pub,2023,112.096
bol,sex_t,age_aggregate_y55_64,eco_aggregate_pub,2024,117.322
bol,sex_t,age_aggregate_y55_64,eco_aggregate_total,1989,55.118
bol,sex_t,age_aggregate_y55_64,eco_aggregate_total,1990,50.765
bol,sex_t,age_aggregate_y55_64,eco_aggregate_total,1991,56.135
bol,sex_t,age_aggregate_y55_64,eco_aggregate_total,1992,53.419
bol,sex_t,age_aggregate_y55_64,eco_aggregate_total,1993,63.182
bol,sex_t,age_aggregate_y55_64,eco_aggregate_total,1994,55.992
bol,sex_t,age_aggregate_y55_64,eco_aggregate_total,1995,61.487
bol,sex_t,age_aggregate_y55_64,eco_aggregate_total,1999,333.634
bol,sex_t,age_aggregate_y55_64,eco_aggregate_total,2000,289.956
bol,sex_t,age_aggregate_y55_64,eco_aggregate_total,2001,289.855
bol,sex_t,age_aggregate_y55_64,eco_aggregate_total,2002,291.041
bol,sex_t,age_aggregate_y55_64,eco_aggregate_total,2005,393.322
bol,sex_t,age_aggregate_y55_64,eco_aggregate_total,2006,378.012
bol,sex_t,age_aggregate_y55_64,eco_aggregate_total,2007,392.459
bol,sex_t,age_aggregate_y55_64,eco_aggregate_total,2008,486.885
bol,sex_t,age_aggregate_y55_64,eco_aggregate_total,2009,497.619
bol,sex_t,age_aggregate_y55_64,eco_aggregate_total,2011,524.46
bol,sex_t,age_aggregate_y55_64,eco_aggregate_total,2012,524.475
bol,sex_t,age_aggregate_y55_64,eco_aggregate_total,2013,590.989
bol,sex_t,age_aggregate_y55_64,eco_aggregate_total,2014,590.567
bol,sex_t,age_aggregate_y55_64,eco_aggregate_total,2015,602.448
bol,sex_t,age_aggregate_y55_64,eco_aggregate_total,2016,594.96
bol,sex_t,age_aggregate_y55_64,eco_aggregate_total,2017,636.641
bol,sex_t,age_aggregate_y55_64,eco_aggregate_total,2018,684.502
bol,sex_t,age_aggregate_y55_64,eco_aggregate_total,2019,710.651
bol,sex_t,age_aggregate_y55_64,eco_aggregate_total,2020,687.724
bol,sex_t,age_aggregate_y55_64,eco_aggregate_total,2021,707.041
bol,sex_t,age_aggregate_y55_64,eco_aggregate_total,2022,738.121
bol,sex_t,age_aggregate_y55_64,eco_aggregate_total,2023,766.73
bol,sex_t,age_aggregate_y55_64,eco_aggregate_total,2024,818.12
bol,sex_t,age_aggregate_y55_64,eco_aggregate_x,1989,1.32
bol,sex_t,age_aggregate_y55_64,eco_aggregate_x,1990,0.794
bol,sex_t,age_aggregate_y55_64,eco_aggregate_x,1999,11.894
bol,sex_t,age_aggregate_y55_64,eco_aggregate_x,2000,2.698
bol,sex_t,age_aggregate_y55_64,eco_aggregate_x,2001,3.571
bol,sex_t,age_aggregate_y55_64,eco_isic3_a,1991,2.159
bol,sex_t,age_aggregate_y55_64,eco_isic3_a,1992,2.377
bol,sex_t,age_aggregate_y55_64,eco_isic3_a,1993,2.449
bol,sex_t,age_aggregate_y55_64,eco_isic3_a,1994,2.286
bol,sex_t,age_aggregate_y55_64,eco_isic3_a,1995,3.678
bol,sex_t,age_aggregate_y55_64,eco_isic3_a,2000,149.358
bol,sex_t,age_aggregate_y55_64,eco_isic3_a,2001,163.308
bol,sex_t,age_aggregate_y55_64,eco_isic3_a,2002,146.139
bol,sex_t,age_aggregate_y55_64,eco_isic3_a,2005,170.843
bol,sex_t,age_aggregate_y55_64,eco_isic3_a,2006,185.823
bol,sex_t,age_aggregate_y55_64,eco_isic3_a,2007,184.795
bol,sex_t,age_aggregate_y55_64,eco_isic3_a,2008,223.37
bol,sex_t,age_aggregate_y55_64,eco_isic3_a,2009,223.405
bol,sex_t,age_aggregate_y55_64,eco_isic3_c,1989,2.125
bol,sex_t,age_aggregate_y55_64,eco_isic3_c,1990,0.944
bol,sex_t,age_aggregate_y55_64,eco_isic3_c,1991,1.044
bol,sex_t,age_aggregate_y55_64,eco_isic3_c,1992,1.442
bol,sex_t,age_aggregate_y55_64,eco_isic3_c,1993,0.801
bol,sex_t,age_aggregate_y55_64,eco_isic3_c,1994,0.495
bol,sex_t,age_aggregate_y55_64,eco_isic3_c,1995,0.892
bol,sex_t,age_aggregate_y55_64,eco_isic3_c,1999,4.769
bol,sex_t,age_aggregate_y55_64,eco_isic3_c,2000,3.25
bol,sex_t,age_aggregate_y55_64,eco_isic3_c,2001,4.017
bol,sex_t,age_aggregate_y55_64,eco_isic3_c,2002,2.185
bol,sex_t,age_aggregate_y55_64,eco_isic3_c,2005,3.953
bol,sex_t,age_aggregate_y55_64,eco_isic3_c,2006,2.983
bol,sex_t,age_aggregate_y55_64,eco_isic3_c,2007,5.191
bol,sex_t,age_aggregate_y55_64,eco_isic3_c,2008,5.251
bol,sex_t,age_aggregate_y55_64,eco_isic3_c,2009,5.895
bol,sex_t,age_aggregate_y55_64,eco_isic3_d,1989,8.23
bol,sex_t,age_aggregate_y55_64,eco_isic3_d,1990,6.506
bol,sex_t,age_aggregate_y55_64,eco_isic3_d,1991,7.137
bol,sex_t,age_aggregate_y55_64,eco_isic3_d,1992,9.272
bol,sex_t,age_aggregate_y55_64,eco_isic3_d,1993,7.776
bol,sex_t,age_aggregate_y55_64,eco_isic3_d,1994,7.718
bol,sex_t,age_aggregate_y55_64,eco_isic3_d,1995,10.686
bol,sex_t,age_aggregate_y55_64,eco_isic3_d,1999,24.129
bol,sex_t,age_aggregate_y55_64,eco_isic3_d,2000,23.365
bol,sex_t,age_aggregate_y55_64,eco_isic3_d,2001,14.143
bol,sex_t,age_aggregate_y55_64,eco_isic3_d,2002,28.623
bol,sex_t,age_aggregate_y55_64,eco_isic3_d,2005,37.398
bol,sex_t,age_aggregate_y55_64,eco_isic3_d,2006,34.472
bol,sex_t,age_aggregate_y55_64,eco_isic3_d,2007,35.185
bol,sex_t,age_aggregate_y55_64,eco_isic3_d,2008,41.456
bol,sex_t,age_aggregate_y55_64,eco_isic3_d,2009,37.1
bol,sex_t,age_aggregate_y55_64,eco_isic3_e,1989,0.167
bol,sex_t,age_aggregate_y55_64,eco_isic3_e,1991,0.56
bol,sex_t,age_aggregate_y55_64,eco_isic3_e,1992,0.398
bol,sex_t,age_aggregate_y55_64,eco_isic3_e,1999,4.958
bol,sex_t,age_aggregate_y55_64,eco_isic3_f,1991,4.649
bol,sex_t,age_aggregate_y55_64,eco_isic3_f,1992,3.944
bol,sex_t,age_aggregate_y55_64,eco_isic3_f,1993,5.359
bol,sex_t,age_aggregate_y55_64,eco_isic3_f,1994,4.843
bol,sex_t,age_aggregate_y55_64,eco_isic3_f,1995,2.854
bol,sex_t,age_aggregate_y55_64,eco_isic3_f,2000,11.619
bol,sex_t,age_aggregate_y55_64,eco_isic3_f,2001,16.902
bol,sex_t,age_aggregate_y55_64,eco_isic3_f,2002,12.806
bol,sex_t,age_aggregate_y55_64,eco_isic3_f,2005,13.076
bol,sex_t,age_aggregate_y55_64,eco_isic3_f,2006,16.005
bol,sex_t,age_aggregate_y55_64,eco_isic3_f,2007,20.38
bol,sex_t,age_aggregate_y55_64,eco_isic3_f,2008,24.974
bol,sex_t,age_aggregate_y55_64,eco_isic3_f,2009,31.464
bol,sex_t,age_aggregate_y55_64,eco_isic3_g,1989,3.732
bol,sex_t,age_aggregate_y55_64,eco_isic3_g,1990,2.949
bol,sex_t,age_aggregate_y55_64,eco_isic3_g,1991,15.172
bol,sex_t,age_aggregate_y55_64,eco_isic3_g,1992,18.197
bol,sex_t,age_aggregate_y55_64,eco_isic3_g,1993,21.925
bol,sex_t,age_aggregate_y55_64,eco_isic3_g,1994,19.192
bol,sex_t,age_aggregate_y55_64,eco_isic3_g,1995,20.918
bol,sex_t,age_aggregate_y55_64,eco_isic3_g,1999,50.07
bol,sex_t,age_aggregate_y55_64,eco_isic3_g,2000,47.192
bol,sex_t,age_aggregate_y55_64,eco_isic3_g,2001,33.207
bol,sex_t,age_aggregate_y55_64,eco_isic3_g,2002,40.831
bol,sex_t,age_aggregate_y55_64,eco_isic3_g,2005,83.721
bol,sex_t,age_aggregate_y55_64,eco_isic3_g,2006,43.137
bol,sex_t,age_aggregate_y55_64,eco_isic3_g,2007,52.838
bol,sex_t,age_aggregate_y55_64,eco_isic3_g,2008,83.13
bol,sex_t,age_aggregate_y55_64,eco_isic3_g,2009,71.09
bol,sex_t,age_aggregate_y55_64,eco_isic3_h,1991,4.625
bol,sex_t,age_aggregate_y55_64,eco_isic3_h,1992,1.534
bol,sex_t,age_aggregate_y55_64,eco_isic3_h,1993,3.177
bol,sex_t,age_aggregate_y55_64,eco_isic3_h,1994,3.17
bol,sex_t,age_aggregate_y55_64,eco_isic3_h,1995,3.37
bol,sex_t,age_aggregate_y55_64,eco_isic3_h,2000,9.077
bol,sex_t,age_aggregate_y55_64,eco_isic3_h,2001,8.851
bol,sex_t,age_aggregate_y55_64,eco_isic3_h,2002,13.698
bol,sex_t,age_aggregate_y55_64,eco_isic3_h,2005,20.529
bol,sex_t,age_aggregate_y55_64,eco_isic3_h,2006,14.284
bol,sex_t,age_aggregate_y55_64,eco_isic3_h,2007,14.668
bol,sex_t,age_aggregate_y55_64,eco_isic3_h,2008,18.287
bol,sex_t,age_aggregate_y55_64,eco_isic3_h,2009,21.145
bol,sex_t,age_aggregate_y55_64,eco_isic3_i,1989,20.142
bol,sex_t,age_aggregate_y55_64,eco_isic3_i,1990,19.858
bol,sex_t,age_aggregate_y55_64,eco_isic3_i,1991,4.431
bol,sex_t,age_aggregate_y55_64,eco_isic3_i,1992,2.975
bol,sex_t,age_aggregate_y55_64,eco_isic3_i,1993,5.363
bol,sex_t,age_aggregate_y55_64,eco_isic3_i,1994,4.125
bol,sex_t,age_aggregate_y55_64,eco_isic3_i,1995,3.96
bol,sex_t,age_aggregate_y55_64,eco_isic3_i,1999,173.088
bol,sex_t,age_aggregate_y55_64,eco_isic3_i,2000,7.044
bol,sex_t,age_aggregate_y55_64,eco_isic3_i,2001,12.029
bol,sex_t,age_aggregate_y55_64,eco_isic3_i,2002,9.586
bol,sex_t,age_aggregate_y55_64,eco_isic3_i,2005,16.417
bol,sex_t,age_aggregate_y55_64,eco_isic3_i,2006,19.576
bol,sex_t,age_aggregate_y55_64,eco_isic3_i,2007,15.461
bol,sex_t,age_aggregate_y55_64,eco_isic3_i,2008,28.355
bol,sex_t,age_aggregate_y55_64,eco_isic3_i,2009,19.368
bol,sex_t,age_aggregate_y55_64,eco_isic3_k,1989,3.658
bol,sex_t,age_aggregate_y55_64,eco_isic3_k,1990,3.306
bol,sex_t,age_aggregate_y55_64,eco_isic3_k,1991,1.025
bol,sex_t,age_aggregate_y55_64,eco_isic3_k,1992,1.689
bol,sex_t,age_aggregate_y55_64,eco_isic3_k,1993,2.023
bol,sex_t,age_aggregate_y55_64,eco_isic3_k,1994,2.07
bol,sex_t,age_aggregate_y55_64,eco_isic3_k,1995,1.352
bol,sex_t,age_aggregate_y55_64,eco_isic3_k,1999,40.996
bol,sex_t,age_aggregate_y55_64,eco_isic3_k,2000,2.46
bol,sex_t,age_aggregate_y55_64,eco_isic3_k,2001,5.917
bol,sex_t,age_aggregate_y55_64,eco_isic3_k,2002,7.867
bol,sex_t,age_aggregate_y55_64,eco_isic3_k,2005,3.654
bol,sex_t,age_aggregate_y55_64,eco_isic3_k,2006,8.401
bol,sex_t,age_aggregate_y55_64,eco_isic3_k,2007,6.948
bol,sex_t,age_aggregate_y55_64,eco_isic3_k,2008,9.962
bol,sex_t,age_aggregate_y55_64,eco_isic3_k,2009,9.775
bol,sex_t,age_aggregate_y55_64,eco_isic3_l,1991,2.467
bol,sex_t,age_aggregate_y55_64,eco_isic3_l,1992,2.05
bol,sex_t,age_aggregate_y55_64,eco_isic3_l,1993,2.784
bol,sex_t,age_aggregate_y55_64,eco_isic3_l,1994,2.405
bol,sex_t,age_aggregate_y55_64,eco_isic3_l,1995,2.881
bol,sex_t,age_aggregate_y55_64,eco_isic3_l,2000,7.412
bol,sex_t,age_aggregate_y55_64,eco_isic3_l,2001,4.782
bol,sex_t,age_aggregate_y55_64,eco_isic3_l,2002,2.145
bol,sex_t,age_aggregate_y55_64,eco_isic3_l,2005,5.79
bol,sex_t,age_aggregate_y55_64,eco_isic3_l,2006,7.17
bol,sex_t,age_aggregate_y55_64,eco_isic3_l,2007,11.536
bol,sex_t,age_aggregate_y55_64,eco_isic3_l,2008,10.217
bol,sex_t,age_aggregate_y55_64,eco_isic3_l,2009,10.492
bol,sex_t,age_aggregate_y55_64,eco_isic3_m,1989,1.432
bol,sex_t,age_aggregate_y55_64,eco_isic3_m,1990,2.698
bol,sex_t,age_aggregate_y55_64,eco_isic3_m,1991,3.587
bol,sex_t,age_aggregate_y55_64,eco_isic3_m,1992,3.071
bol,sex_t,age_aggregate_y55_64,eco_isic3_m,1993,3.175
bol,sex_t,age_aggregate_y55_64,eco_isic3_m,1994,3.244
bol,sex_t,age_aggregate_y55_64,eco_isic3_m,1995,3.531
bol,sex_t,age_aggregate_y55_64,eco_isic3_m,2000,10.32
bol,sex_t,age_aggregate_y55_64,eco_isic3_m,2001,4.77
bol,sex_t,age_aggregate_y55_64,eco_isic3_m,2002,8.819
bol,sex_t,age_aggregate_y55_64,eco_isic3_m,2005,19.325
bol,sex_t,age_aggregate_y55_64,eco_isic3_m,2006,21.982
bol,sex_t,age_aggregate_y55_64,eco_isic3_m,2007,21.154
bol,sex_t,age_aggregate_y55_64,eco_isic3_m,2008,18.778
bol,sex_t,age_aggregate_y55_64,eco_isic3_m,2009,29.462
bol,sex_t,age_aggregate_y55_64,eco_isic3_n,1991,2.884
bol,sex_t,age_aggregate_y55_64,eco_isic3_n,1992,1.513
bol,sex_t,age_aggregate_y55_64,eco_isic3_n,1993,1.89
bol,sex_t,age_aggregate_y55_64,eco_isic3_n,1994,1.362
bol,sex_t,age_aggregate_y55_64,eco_isic3_n,1995,1.949
bol,sex_t,age_aggregate_y55_64,eco_isic3_n,2000,3.875
bol,sex_t,age_aggregate_y55_64,eco_isic3_n,2001,3.369
bol,sex_t,age_aggregate_y55_64,eco_isic3_n,2002,4.429
bol,sex_t,age_aggregate_y55_64,eco_isic3_n,2005,3.669
bol,sex_t,age_aggregate_y55_64,eco_isic3_n,2006,5.49
bol,sex_t,age_aggregate_y55_64,eco_isic3_n,2007,6.524
bol,sex_t,age_aggregate_y55_64,eco_isic3_n,2008,5.767
bol,sex_t,age_aggregate_y55_64,eco_isic3_n,2009,11.896
bol,sex_t,age_aggregate_y55_64,eco_isic3_o,1989,7.296
bol,sex_t,age_aggregate_y55_64,eco_isic3_o,1990,7.063
bol,sex_t,age_aggregate_y55_64,eco_isic3_o,1991,4.311
bol,sex_t,age_aggregate_y55_64,eco_isic3_o,1992,2.954
bol,sex_t,age_aggregate_y55_64,eco_isic3_o,1993,2.466
bol,sex_t,age_aggregate_y55_64,eco_isic3_o,1994,2.181
bol,sex_t,age_aggregate_y55_64,eco_isic3_o,1995,2.246
bol,sex_t,age_aggregate_y55_64,eco_isic3_o,1999,23.73
bol,sex_t,age_aggregate_y55_64,eco_isic3_o,2000,8.781
bol,sex_t,age_aggregate_y55_64,eco_isic3_o,2001,5.537
bol,sex_t,age_aggregate_y55_64,eco_isic3_o,2002,7.35
bol,sex_t,age_aggregate_y55_64,eco_isic3_o,2005,10.958
bol,sex_t,age_aggregate_y55_64,eco_isic3_o,2006,10.296
bol,sex_t,age_aggregate_y55_64,eco_isic3_o,2007,10.677
bol,sex_t,age_aggregate_y55_64,eco_isic3_o,2008,10.04
bol,sex_t,age_aggregate_y55_64,eco_isic3_o,2009,15.851
bol,sex_t,age_aggregate_y55_64,eco_isic3_p,1989,7.016
bol,sex_t,age_aggregate_y55_64,eco_isic3_p,1990,6.627
bol,sex_t,age_aggregate_y55_64,eco_isic3_p,1991,1.768
bol,sex_t,age_aggregate_y55_64,eco_isic3_p,1992,1.737
bol,sex_t,age_aggregate_y55_64,eco_isic3_p,1993,3.602
bol,sex_t,age_aggregate_y55_64,eco_isic3_p,1994,2.632
bol,sex_t,age_aggregate_y55_64,eco_isic3_p,1995,2.468
bol,sex_t,age_aggregate_y55_64,eco_isic3_p,2000,2.758
bol,sex_t,age_aggregate_y55_64,eco_isic3_p,2001,8.043
bol,sex_t,age_aggregate_y55_64,eco_isic3_p,2002,5.233
bol,sex_t,age_aggregate_y55_64,eco_isic3_p,2005,2.587
bol,sex_t,age_aggregate_y55_64,eco_isic3_p,2006,5.66
bol,sex_t,age_aggregate_y55_64,eco_isic3_p,2007,6.402
bol,sex_t,age_aggregate_y55_64,eco_isic3_p,2008,5.163
bol,sex_t,age_aggregate_y55_64,eco_isic3_p,2009,9.265
bol,sex_t,age_aggregate_y55_64,eco_isic3_total,1989,55.118
bol,sex_t,age_aggregate_y55_64,eco_isic3_total,1990,50.765
bol,sex_t,age_aggregate_y55_64,eco_isic3_total,1991,56.135
bol,sex_t,age_aggregate_y55_64,eco_isic3_total,1992,53.419
bol,sex_t,age_aggregate_y55_64,eco_isic3_total,1993,63.182
bol,sex_t,age_aggregate_y55_64,eco_isic3_total,1994,55.992
bol,sex_t,age_aggregate_y55_64,eco_isic3_total,1995,61.487
bol,sex_t,age_aggregate_y55_64,eco_isic3_total,1999,333.634
bol,sex_t,age_aggregate_y55_64,eco_isic3_total,2000,289.956
bol,sex_t,age_aggregate_y55_64,eco_isic3_total,2001,289.855
bol,sex_t,age_aggregate_y55_64,eco_isic3_total,2002,291.041
bol,sex_t,age_aggregate_y55_64,eco_isic3_total,2005,393.322
bol,sex_t,age_aggregate_y55_64,eco_isic3_total,2006,378.012
bol,sex_t,age_aggregate_y55_64,eco_isic3_total,2007,392.459
bol,sex_t,age_aggregate_y55_64,eco_isic3_total,2008,486.885
bol,sex_t,age_aggregate_y55_64,eco_isic3_total,2009,497.619
bol,sex_t,age_aggregate_y55_64,eco_isic3_x,1989,1.32
bol,sex_t,age_aggregate_y55_64,eco_isic3_x,1990,0.794
bol,sex_t,age_aggregate_y55_64,eco_isic3_x,1999,11.894
bol,sex_t,age_aggregate_y55_64,eco_isic3_x,2000,2.698
bol,sex_t,age_aggregate_y55_64,eco_isic3_x,2001,3.571
bol,sex_t,age_aggregate_y55_64,eco_isic4_a,2011,219.03
bol,sex_t,age_aggregate_y55_64,eco_isic4_a,2012,201.621
bol,sex_t,age_aggregate_y55_64,eco_isic4_a,2013,249.78
bol,sex_t,age_aggregate_y55_64,eco_isic4_a,2014,253.582
bol,sex_t,age_aggregate_y55_64,eco_isic4_a,2015,255.609
bol,sex_t,age_aggregate_y55_64,eco_isic4_a,2016,232.834
bol,sex_t,age_aggregate_y55_64,eco_isic4_a,2017,259.589
bol,sex_t,age_aggregate_y55_64,eco_isic4_a,2018,282.742
bol,sex_t,age_aggregate_y55_64,eco_isic4_a,2019,263.486
bol,sex_t,age_aggregate_y55_64,eco_isic4_a,2020,278.833
bol,sex_t,age_aggregate_y55_64,eco_isic4_a,2021,269.294
bol,sex_t,age_aggregate_y55_64,eco_isic4_a,2022,261.675
bol,sex_t,age_aggregate_y55_64,eco_isic4_a,2023,271.365
bol,sex_t,age_aggregate_y55_64,eco_isic4_a,2024,280.495
bol,sex_t,age_aggregate_y55_64,eco_isic4_b,2011,9.921
bol,sex_t,age_aggregate_y55_64,eco_isic4_b,2012,8.747
bol,sex_t,age_aggregate_y55_64,eco_isic4_b,2013,10.467
bol,sex_t,age_aggregate_y55_64,eco_isic4_b,2014,6.451
bol,sex_t,age_aggregate_y55_64,eco_isic4_b,2015,10
bol,sex_t,age_aggregate_y55_64,eco_isic4_b,2016,7.262
bol,sex_t,age_aggregate_y55_64,eco_isic4_b,2017,5.243
bol,sex_t,age_aggregate_y55_64,eco_isic4_b,2018,8.044
bol,sex_t,age_aggregate_y55_64,eco_isic4_b,2019,5.628
bol,sex_t,age_aggregate_y55_64,eco_isic4_b,2020,4.783
bol,sex_t,age_aggregate_y55_64,eco_isic4_b,2021,6.206
bol,sex_t,age_aggregate_y55_64,eco_isic4_b,2022,7.7
bol,sex_t,age_aggregate_y55_64,eco_isic4_b,2023,4.743
bol,sex_t,age_aggregate_y55_64,eco_isic4_b,2024,7.573
bol,sex_t,age_aggregate_y55_64,eco_isic4_c,2011,23.273
bol,sex_t,age_aggregate_y55_64,eco_isic4_c,2012,31.185
bol,sex_t,age_aggregate_y55_64,eco_isic4_c,2013,34.016
bol,sex_t,age_aggregate_y55_64,eco_isic4_c,2014,38.407
bol,sex_t,age_aggregate_y55_64,eco_isic4_c,2015,35.968
bol,sex_t,age_aggregate_y55_64,eco_isic4_c,2016,45.962
bol,sex_t,age_aggregate_y55_64,eco_isic4_c,2017,48.845
bol,sex_t,age_aggregate_y55_64,eco_isic4_c,2018,54.429
bol,sex_t,age_aggregate_y55_64,eco_isic4_c,2019,66.847
bol,sex_t,age_aggregate_y55_64,eco_isic4_c,2020,42.648
bol,sex_t,age_aggregate_y55_64,eco_isic4_c,2021,68.856
bol,sex_t,age_aggregate_y55_64,eco_isic4_c,2022,76.794
bol,sex_t,age_aggregate_y55_64,eco_isic4_c,2023,73.913
bol,sex_t,age_aggregate_y55_64,eco_isic4_c,2024,86.616
bol,sex_t,age_aggregate_y55_64,eco_isic4_d,2013,1.607
bol,sex_t,age_aggregate_y55_64,eco_isic4_d,2016,0.885
bol,sex_t,age_aggregate_y55_64,eco_isic4_d,2017,0.813
bol,sex_t,age_aggregate_y55_64,eco_isic4_d,2018,1.088
bol,sex_t,age_aggregate_y55_64,eco_isic4_d,2019,1.229
bol,sex_t,age_aggregate_y55_64,eco_isic4_d,2021,2.252
bol,sex_t,age_aggregate_y55_64,eco_isic4_d,2022,2.316
bol,sex_t,age_aggregate_y55_64,eco_isic4_d,2023,2.646
bol,sex_t,age_aggregate_y55_64,eco_isic4_d,2024,2.079
bol,sex_t,age_aggregate_y55_64,eco_isic4_e,2011,1.531
bol,sex_t,age_aggregate_y55_64,eco_isic4_e,2012,2.687
bol,sex_t,age_aggregate_y55_64,eco_isic4_e,2014,1.139
bol,sex_t,age_aggregate_y55_64,eco_isic4_e,2015,1.197
bol,sex_t,age_aggregate_y55_64,eco_isic4_e,2016,1.192
bol,sex_t,age_aggregate_y55_64,eco_isic4_e,2017,0.938
bol,sex_t,age_aggregate_y55_64,eco_isic4_e,2018,1.586
bol,sex_t,age_aggregate_y55_64,eco_isic4_e,2019,1.03
bol,sex_t,age_aggregate_y55_64,eco_isic4_e,2021,1.403
bol,sex_t,age_aggregate_y55_64,eco_isic4_e,2022,0.194
bol,sex_t,age_aggregate_y55_64,eco_isic4_e,2023,1.352
bol,sex_t,age_aggregate_y55_64,eco_isic4_e,2024,1.219
bol,sex_t,age_aggregate_y55_64,eco_isic4_f,2011,33.375
bol,sex_t,age_aggregate_y55_64,eco_isic4_f,2012,28.488
bol,sex_t,age_aggregate_y55_64,eco_isic4_f,2013,31.315
bol,sex_t,age_aggregate_y55_64,eco_isic4_f,2014,36.523
bol,sex_t,age_aggregate_y55_64,eco_isic4_f,2015,31.883
bol,sex_t,age_aggregate_y55_64,eco_isic4_f,2016,33.543
bol,sex_t,age_aggregate_y55_64,eco_isic4_f,2017,36.074
bol,sex_t,age_aggregate_y55_64,eco_isic4_f,2018,32.099
bol,sex_t,age_aggregate_y55_64,eco_isic4_f,2019,36.157
bol,sex_t,age_aggregate_y55_64,eco_isic4_f,2020,39.249
bol,sex_t,age_aggregate_y55_64,eco_isic4_f,2021,39.589
bol,sex_t,age_aggregate_y55_64,eco_isic4_f,2022,42.332
bol,sex_t,age_aggregate_y55_64,eco_isic4_f,2023,40.897
bol,sex_t,age_aggregate_y55_64,eco_isic4_f,2024,42.59
bol,sex_t,age_aggregate_y55_64,eco_isic4_g,2011,92.135
bol,sex_t,age_aggregate_y55_64,eco_isic4_g,2012,92.477
bol,sex_t,age_aggregate_y55_64,eco_isic4_g,2013,88.938
bol,sex_t,age_aggregate_y55_64,eco_isic4_g,2014,88.095
bol,sex_t,age_aggregate_y55_64,eco_isic4_g,2015,96.63
bol,sex_t,age_aggregate_y55_64,eco_isic4_g,2016,94.141
bol,sex_t,age_aggregate_y55_64,eco_isic4_g,2017,103.283
bol,sex_t,age_aggregate_y55_64,eco_isic4_g,2018,111.945
bol,sex_t,age_aggregate_y55_64,eco_isic4_g,2019,120.326
bol,sex_t,age_aggregate_y55_64,eco_isic4_g,2020,122.095
bol,sex_t,age_aggregate_y55_64,eco_isic4_g,2021,115.547
bol,sex_t,age_aggregate_y55_64,eco_isic4_g,2022,118.48
bol,sex_t,age_aggregate_y55_64,eco_isic4_g,2023,126.349
bol,sex_t,age_aggregate_y55_64,eco_isic4_g,2024,134.657
bol,sex_t,age_aggregate_y55_64,eco_isic4_h,2011,22.208
bol,sex_t,age_aggregate_y55_64,eco_isic4_h,2012,28.784
bol,sex_t,age_aggregate_y55_64,eco_isic4_h,2013,25.261
bol,sex_t,age_aggregate_y55_64,eco_isic4_h,2014,29.118
bol,sex_t,age_aggregate_y55_64,eco_isic4_h,2015,33.089
bol,sex_t,age_aggregate_y55_64,eco_isic4_h,2016,38.918
bol,sex_t,age_aggregate_y55_64,eco_isic4_h,2017,34.475
bol,sex_t,age_aggregate_y55_64,eco_isic4_h,2018,38.117
bol,sex_t,age_aggregate_y55_64,eco_isic4_h,2019,45.413
bol,sex_t,age_aggregate_y55_64,eco_isic4_h,2020,39.74
bol,sex_t,age_aggregate_y55_64,eco_isic4_h,2021,43.747
bol,sex_t,age_aggregate_y55_64,eco_isic4_h,2022,46.366
bol,sex_t,age_aggregate_y55_64,eco_isic4_h,2023,47.976
bol,sex_t,age_aggregate_y55_64,eco_isic4_h,2024,57.182
bol,sex_t,age_aggregate_y55_64,eco_isic4_i,2011,23.433
bol,sex_t,age_aggregate_y55_64,eco_isic4_i,2012,21.099
bol,sex_t,age_aggregate_y55_64,eco_isic4_i,2013,32.922
bol,sex_t,age_aggregate_y55_64,eco_isic4_i,2014,26.832
bol,sex_t,age_aggregate_y55_64,eco_isic4_i,2015,27.881
bol,sex_t,age_aggregate_y55_64,eco_isic4_i,2016,32.269
bol,sex_t,age_aggregate_y55_64,eco_isic4_i,2017,36.006
bol,sex_t,age_aggregate_y55_64,eco_isic4_i,2018,40.137
bol,sex_t,age_aggregate_y55_64,eco_isic4_i,2019,46.922
bol,sex_t,age_aggregate_y55_64,eco_isic4_i,2020,39.622
bol,sex_t,age_aggregate_y55_64,eco_isic4_i,2021,40.363
bol,sex_t,age_aggregate_y55_64,eco_isic4_i,2022,48.064
bol,sex_t,age_aggregate_y55_64,eco_isic4_i,2023,52.409
bol,sex_t,age_aggregate_y55_64,eco_isic4_i,2024,52.808
bol,sex_t,age_aggregate_y55_64,eco_isic4_j,2011,1.264
bol,sex_t,age_aggregate_y55_64,eco_isic4_j,2012,3.234
bol,sex_t,age_aggregate_y55_64,eco_isic4_j,2013,3.712
bol,sex_t,age_aggregate_y55_64,eco_isic4_j,2014,2.648
bol,sex_t,age_aggregate_y55_64,eco_isic4_j,2015,1.545
bol,sex_t,age_aggregate_y55_64,eco_isic4_j,2016,2.501
bol,sex_t,age_aggregate_y55_64,eco_isic4_j,2017,2.458
bol,sex_t,age_aggregate_y55_64,eco_isic4_j,2018,2.042
bol,sex_t,age_aggregate_y55_64,eco_isic4_j,2019,2.657
bol,sex_t,age_aggregate_y55_64,eco_isic4_j,2020,4.639
bol,sex_t,age_aggregate_y55_64,eco_isic4_j,2021,2.618
bol,sex_t,age_aggregate_y55_64,eco_isic4_j,2022,2.306
bol,sex_t,age_aggregate_y55_64,eco_isic4_j,2023,2.446
bol,sex_t,age_aggregate_y55_64,eco_isic4_j,2024,4.12
bol,sex_t,age_aggregate_y55_64,eco_isic4_k,2011,2.632
bol,sex_t,age_aggregate_y55_64,eco_isic4_k,2012,1.808
bol,sex_t,age_aggregate_y55_64,eco_isic4_k,2013,3.346
bol,sex_t,age_aggregate_y55_64,eco_isic4_k,2014,2.611
bol,sex_t,age_aggregate_y55_64,eco_isic4_k,2015,1.83
bol,sex_t,age_aggregate_y55_64,eco_isic4_k,2016,1.544
bol,sex_t,age_aggregate_y55_64,eco_isic4_k,2017,1.784
bol,sex_t,age_aggregate_y55_64,eco_isic4_k,2018,1.54
bol,sex_t,age_aggregate_y55_64,eco_isic4_k,2019,1.582
bol,sex_t,age_aggregate_y55_64,eco_isic4_k,2020,3.533
bol,sex_t,age_aggregate_y55_64,eco_isic4_k,2021,1.046
bol,sex_t,age_aggregate_y55_64,eco_isic4_k,2022,1.95
bol,sex_t,age_aggregate_y55_64,eco_isic4_k,2023,2.288
bol,sex_t,age_aggregate_y55_64,eco_isic4_k,2024,1.585
bol,sex_t,age_aggregate_y55_64,eco_isic4_l,2014,2.378
bol,sex_t,age_aggregate_y55_64,eco_isic4_l,2016,3.233
bol,sex_t,age_aggregate_y55_64,eco_isic4_l,2017,5.779
bol,sex_t,age_aggregate_y55_64,eco_isic4_l,2018,4.904
bol,sex_t,age_aggregate_y55_64,eco_isic4_l,2019,3.768
bol,sex_t,age_aggregate_y55_64,eco_isic4_l,2020,2.834
bol,sex_t,age_aggregate_y55_64,eco_isic4_l,2021,5.209
bol,sex_t,age_aggregate_y55_64,eco_isic4_l,2022,3.609
bol,sex_t,age_aggregate_y55_64,eco_isic4_l,2023,5.44
bol,sex_t,age_aggregate_y55_64,eco_isic4_l,2024,5.262
bol,sex_t,age_aggregate_y55_64,eco_isic4_m,2011,7.435
bol,sex_t,age_aggregate_y55_64,eco_isic4_m,2012,11.116
bol,sex_t,age_aggregate_y55_64,eco_isic4_m,2013,14.049
bol,sex_t,age_aggregate_y55_64,eco_isic4_m,2014,9.687
bol,sex_t,age_aggregate_y55_64,eco_isic4_m,2015,9.85
bol,sex_t,age_aggregate_y55_64,eco_isic4_m,2016,7.962
bol,sex_t,age_aggregate_y55_64,eco_isic4_m,2017,9.499
bol,sex_t,age_aggregate_y55_64,eco_isic4_m,2018,11.108
bol,sex_t,age_aggregate_y55_64,eco_isic4_m,2019,9.136
bol,sex_t,age_aggregate_y55_64,eco_isic4_m,2020,10.639
bol,sex_t,age_aggregate_y55_64,eco_isic4_m,2021,10.788
bol,sex_t,age_aggregate_y55_64,eco_isic4_m,2022,10.261
bol,sex_t,age_aggregate_y55_64,eco_isic4_m,2023,11.142
bol,sex_t,age_aggregate_y55_64,eco_isic4_m,2024,11.101
bol,sex_t,age_aggregate_y55_64,eco_isic4_n,2011,3.904
bol,sex_t,age_aggregate_y55_64,eco_isic4_n,2012,3.771
bol,sex_t,age_aggregate_y55_64,eco_isic4_n,2013,4.754
bol,sex_t,age_aggregate_y55_64,eco_isic4_n,2014,6.179
bol,sex_t,age_aggregate_y55_64,eco_isic4_n,2015,6.431
bol,sex_t,age_aggregate_y55_64,eco_isic4_n,2016,6.265
bol,sex_t,age_aggregate_y55_64,eco_isic4_n,2017,4.824
bol,sex_t,age_aggregate_y55_64,eco_isic4_n,2018,6.2
bol,sex_t,age_aggregate_y55_64,eco_isic4_n,2019,8.476
bol,sex_t,age_aggregate_y55_64,eco_isic4_n,2020,5.966
bol,sex_t,age_aggregate_y55_64,eco_isic4_n,2021,9.886
bol,sex_t,age_aggregate_y55_64,eco_isic4_n,2022,11.856
bol,sex_t,age_aggregate_y55_64,eco_isic4_n,2023,11.669
bol,sex_t,age_aggregate_y55_64,eco_isic4_n,2024,13.511
bol,sex_t,age_aggregate_y55_64,eco_isic4_o,2011,15.276
bol,sex_t,age_aggregate_y55_64,eco_isic4_o,2012,13.748
bol,sex_t,age_aggregate_y55_64,eco_isic4_o,2013,12.922
bol,sex_t,age_aggregate_y55_64,eco_isic4_o,2014,13.223
bol,sex_t,age_aggregate_y55_64,eco_isic4_o,2015,14.271
bol,sex_t,age_aggregate_y55_64,eco_isic4_o,2016,13.7
bol,sex_t,age_aggregate_y55_64,eco_isic4_o,2017,13.076
bol,sex_t,age_aggregate_y55_64,eco_isic4_o,2018,11.929
bol,sex_t,age_aggregate_y55_64,eco_isic4_o,2019,13.116
bol,sex_t,age_aggregate_y55_64,eco_isic4_o,2020,12.65
bol,sex_t,age_aggregate_y55_64,eco_isic4_o,2021,11.398
bol,sex_t,age_aggregate_y55_64,eco_isic4_o,2022,14.185
bol,sex_t,age_aggregate_y55_64,eco_isic4_o,2023,14.631
bol,sex_t,age_aggregate_y55_64,eco_isic4_o,2024,14.616
bol,sex_t,age_aggregate_y55_64,eco_isic4_p,2011,31.666
bol,sex_t,age_aggregate_y55_64,eco_isic4_p,2012,35.33
bol,sex_t,age_aggregate_y55_64,eco_isic4_p,2013,41.134
bol,sex_t,age_aggregate_y55_64,eco_isic4_p,2014,29.559
bol,sex_t,age_aggregate_y55_64,eco_isic4_p,2015,32.025
bol,sex_t,age_aggregate_y55_64,eco_isic4_p,2016,37.142
bol,sex_t,age_aggregate_y55_64,eco_isic4_p,2017,39.095
bol,sex_t,age_aggregate_y55_64,eco_isic4_p,2018,38.69
bol,sex_t,age_aggregate_y55_64,eco_isic4_p,2019,43.874
bol,sex_t,age_aggregate_y55_64,eco_isic4_p,2020,36.234
bol,sex_t,age_aggregate_y55_64,eco_isic4_p,2021,39.243
bol,sex_t,age_aggregate_y55_64,eco_isic4_p,2022,45.145
bol,sex_t,age_aggregate_y55_64,eco_isic4_p,2023,49.411
bol,sex_t,age_aggregate_y55_64,eco_isic4_p,2024,46.002
bol,sex_t,age_aggregate_y55_64,eco_isic4_q,2011,14.849
bol,sex_t,age_aggregate_y55_64,eco_isic4_q,2012,15.288
bol,sex_t,age_aggregate_y55_64,eco_isic4_q,2013,16.865
bol,sex_t,age_aggregate_y55_64,eco_isic4_q,2014,16.762
bol,sex_t,age_aggregate_y55_64,eco_isic4_q,2015,14.046
bol,sex_t,age_aggregate_y55_64,eco_isic4_q,2016,13.656
bol,sex_t,age_aggregate_y55_64,eco_isic4_q,2017,12.918
bol,sex_t,age_aggregate_y55_64,eco_isic4_q,2018,11.901
bol,sex_t,age_aggregate_y55_64,eco_isic4_q,2019,11.639
bol,sex_t,age_aggregate_y55_64,eco_isic4_q,2020,18.823
bol,sex_t,age_aggregate_y55_64,eco_isic4_q,2021,13.517
bol,sex_t,age_aggregate_y55_64,eco_isic4_q,2022,15.108
bol,sex_t,age_aggregate_y55_64,eco_isic4_q,2023,17.655
bol,sex_t,age_aggregate_y55_64,eco_isic4_q,2024,22.563
bol,sex_t,age_aggregate_y55_64,eco_isic4_r,2011,3.286
bol,sex_t,age_aggregate_y55_64,eco_isic4_r,2012,2.602
bol,sex_t,age_aggregate_y55_64,eco_isic4_r,2013,3.537
bol,sex_t,age_aggregate_y55_64,eco_isic4_r,2014,2.554
bol,sex_t,age_aggregate_y55_64,eco_isic4_r,2015,3.084
bol,sex_t,age_aggregate_y55_64,eco_isic4_r,2016,3.282
bol,sex_t,age_aggregate_y55_64,eco_isic4_r,2017,2.439
bol,sex_t,age_aggregate_y55_64,eco_isic4_r,2018,3.002
bol,sex_t,age_aggregate_y55_64,eco_isic4_r,2019,2.804
bol,sex_t,age_aggregate_y55_64,eco_isic4_r,2020,1.493
bol,sex_t,age_aggregate_y55_64,eco_isic4_r,2021,1.31
bol,sex_t,age_aggregate_y55_64,eco_isic4_r,2022,2.31
bol,sex_t,age_aggregate_y55_64,eco_isic4_r,2023,2.655
bol,sex_t,age_aggregate_y55_64,eco_isic4_r,2024,2.908
bol,sex_t,age_aggregate_y55_64,eco_isic4_s,2011,11.106
bol,sex_t,age_aggregate_y55_64,eco_isic4_s,2012,11.803
bol,sex_t,age_aggregate_y55_64,eco_isic4_s,2013,8.371
bol,sex_t,age_aggregate_y55_64,eco_isic4_s,2014,13.495
bol,sex_t,age_aggregate_y55_64,eco_isic4_s,2015,17.048
bol,sex_t,age_aggregate_y55_64,eco_isic4_s,2016,11.68
bol,sex_t,age_aggregate_y55_64,eco_isic4_s,2017,10.839
bol,sex_t,age_aggregate_y55_64,eco_isic4_s,2018,14.727
bol,sex_t,age_aggregate_y55_64,eco_isic4_s,2019,16.195
bol,sex_t,age_aggregate_y55_64,eco_isic4_s,2020,17.602
bol,sex_t,age_aggregate_y55_64,eco_isic4_s,2021,14.928
bol,sex_t,age_aggregate_y55_64,eco_isic4_s,2022,13.453
bol,sex_t,age_aggregate_y55_64,eco_isic4_s,2023,13.545
bol,sex_t,age_aggregate_y55_64,eco_isic4_s,2024,17.988
bol,sex_t,age_aggregate_y55_64,eco_isic4_t,2011,6.18
bol,sex_t,age_aggregate_y55_64,eco_isic4_t,2012,7.545
bol,sex_t,age_aggregate_y55_64,eco_isic4_t,2013,6.184
bol,sex_t,age_aggregate_y55_64,eco_isic4_t,2014,10.088
bol,sex_t,age_aggregate_y55_64,eco_isic4_t,2015,7.744
bol,sex_t,age_aggregate_y55_64,eco_isic4_t,2016,6.76
bol,sex_t,age_aggregate_y55_64,eco_isic4_t,2017,8.571
bol,sex_t,age_aggregate_y55_64,eco_isic4_t,2018,8.272
bol,sex_t,age_aggregate_y55_64,eco_isic4_t,2019,10.022
bol,sex_t,age_aggregate_y55_64,eco_isic4_t,2020,3.634
bol,sex_t,age_aggregate_y55_64,eco_isic4_t,2021,9.717
bol,sex_t,age_aggregate_y55_64,eco_isic4_t,2022,13.842
bol,sex_t,age_aggregate_y55_64,eco_isic4_t,2023,13.946
bol,sex_t,age_aggregate_y55_64,eco_isic4_t,2024,13.246
bol,sex_t,age_aggregate_y55_64,eco_isic4_total,2011,524.46
bol,sex_t,age_aggregate_y55_64,eco_isic4_total,2012,524.475
bol,sex_t,age_aggregate_y55_64,eco_isic4_total,2013,590.989
bol,sex_t,age_aggregate_y55_64,eco_isic4_total,2014,590.567
bol,sex_t,age_aggregate_y55_64,eco_isic4_total,2015,602.448
bol,sex_t,age_aggregate_y55_64,eco_isic4_total,2016,594.96
bol,sex_t,age_aggregate_y55_64,eco_isic4_total,2017,636.641
bol,sex_t,age_aggregate_y55_64,eco_isic4_total,2018,684.502
bol,sex_t,age_aggregate_y55_64,eco_isic4_total,2019,710.651
bol,sex_t,age_aggregate_y55_64,eco_isic4_total,2020,687.724
bol,sex_t,age_aggregate_y55_64,eco_isic4_total,2021,707.041
bol,sex_t,age_aggregate_y55_64,eco_isic4_total,2022,738.121
bol,sex_t,age_aggregate_y55_64,eco_isic4_total,2023,766.73
bol,sex_t,age_aggregate_y55_64,eco_isic4_total,2024,818.12
bol,sex_t,age_aggregate_y55_64,eco_isic4_u,2016,0.23
bol,sex_t,age_aggregate_y55_64,eco_isic4_u,2019,0.344
bol,sex_t,age_aggregate_y55_64,eco_isic4_u,2021,0.124
bol,sex_t,age_aggregate_y55_64,eco_sector_agr,1991,2.159
bol,sex_t,age_aggregate_y55_64,eco_sector_agr,1992,2.377
bol,sex_t,age_aggregate_y55_64,eco_sector_agr,1993,2.449
bol,sex_t,age_aggregate_y55_64,eco_sector_agr,1994,2.286
bol,sex_t,age_aggregate_y55_64,eco_sector_agr,1995,3.678
bol,sex_t,age_aggregate_y55_64,eco_sector_agr,2000,149.358
bol,sex_t,age_aggregate_y55_64,eco_sector_agr,2001,163.308
bol,sex_t,age_aggregate_y55_64,eco_sector_agr,2002,146.331
bol,sex_t,age_aggregate_y55_64,eco_sector_agr,2005,170.843
bol,sex_t,age_aggregate_y55_64,eco_sector_agr,2006,187.556
bol,sex_t,age_aggregate_y55_64,eco_sector_agr,2007,184.795
bol,sex_t,age_aggregate_y55_64,eco_sector_agr,2008,223.37
bol,sex_t,age_aggregate_y55_64,eco_sector_agr,2009,223.405
bol,sex_t,age_aggregate_y55_64,eco_sector_agr,2011,219.03
bol,sex_t,age_aggregate_y55_64,eco_sector_agr,2012,201.621
bol,sex_t,age_aggregate_y55_64,eco_sector_agr,2013,249.78
bol,sex_t,age_aggregate_y55_64,eco_sector_agr,2014,253.582
bol,sex_t,age_aggregate_y55_64,eco_sector_agr,2015,255.609
bol,sex_t,age_aggregate_y55_64,eco_sector_agr,2016,232.834
bol,sex_t,age_aggregate_y55_64,eco_sector_agr,2017,259.589
bol,sex_t,age_aggregate_y55_64,eco_sector_agr,2018,282.742
bol,sex_t,age_aggregate_y55_64,eco_sector_agr,2019,263.486
bol,sex_t,age_aggregate_y55_64,eco_sector_agr,2020,278.833
bol,sex_t,age_aggregate_y55_64,eco_sector_agr,2021,269.294
bol,sex_t,age_aggregate_y55_64,eco_sector_agr,2022,261.675
bol,sex_t,age_aggregate_y55_64,eco_sector_agr,2023,271.365
bol,sex_t,age_aggregate_y55_64,eco_sector_agr,2024,280.495
bol,sex_t,age_aggregate_y55_64,eco_sector_ind,1989,10.521
bol,sex_t,age_aggregate_y55_64,eco_sector_ind,1990,7.47
bol,sex_t,age_aggregate_y55_64,eco_sector_ind,1991,13.39
bol,sex_t,age_aggregate_y55_64,eco_sector_ind,1992,15.056
bol,sex_t,age_aggregate_y55_64,eco_sector_ind,1993,14.066
bol,sex_t,age_aggregate_y55_64,eco_sector_ind,1994,13.325
bol,sex_t,age_aggregate_y55_64,eco_sector_ind,1995,14.667
bol,sex_t,age_aggregate_y55_64,eco_sector_ind,1999,33.856
bol,sex_t,age_aggregate_y55_64,eco_sector_ind,2000,38.614
bol,sex_t,age_aggregate_y55_64,eco_sector_ind,2001,36.471
bol,sex_t,age_aggregate_y55_64,eco_sector_ind,2002,44.752
bol,sex_t,age_aggregate_y55_64,eco_sector_ind,2005,55.637
bol,sex_t,age_aggregate_y55_64,eco_sector_ind,2006,54.097
bol,sex_t,age_aggregate_y55_64,eco_sector_ind,2007,60.756
bol,sex_t,age_aggregate_y55_64,eco_sector_ind,2008,72.861
bol,sex_t,age_aggregate_y55_64,eco_sector_ind,2009,75.021
bol,sex_t,age_aggregate_y55_64,eco_sector_ind,2011,69.202
bol,sex_t,age_aggregate_y55_64,eco_sector_ind,2012,72.887
bol,sex_t,age_aggregate_y55_64,eco_sector_ind,2013,77.949
bol,sex_t,age_aggregate_y55_64,eco_sector_ind,2014,83.443
bol,sex_t,age_aggregate_y55_64,eco_sector_ind,2015,80.186
bol,sex_t,age_aggregate_y55_64,eco_sector_ind,2016,88.844
bol,sex_t,age_aggregate_y55_64,eco_sector_ind,2017,91.912
bol,sex_t,age_aggregate_y55_64,eco_sector_ind,2018,97.246
bol,sex_t,age_aggregate_y55_64,eco_sector_ind,2019,110.89
bol,sex_t,age_aggregate_y55_64,eco_sector_ind,2020,88.77
bol,sex_t,age_aggregate_y55_64,eco_sector_ind,2021,118.306
bol,sex_t,age_aggregate_y55_64,eco_sector_ind,2022,129.336
bol,sex_t,age_aggregate_y55_64,eco_sector_ind,2023,123.55
bol,sex_t,age_aggregate_y55_64,eco_sector_ind,2024,140.077
bol,sex_t,age_aggregate_y55_64,eco_sector_nag,1989,55.118
bol,sex_t,age_aggregate_y55_64,eco_sector_nag,1990,50.765
bol,sex_t,age_aggregate_y55_64,eco_sector_nag,1991,53.976
bol,sex_t,age_aggregate_y55_64,eco_sector_nag,1992,51.042
bol,sex_t,age_aggregate_y55_64,eco_sector_nag,1993,60.733
bol,sex_t,age_aggregate_y55_64,eco_sector_nag,1994,53.706
bol,sex_t,age_aggregate_y55_64,eco_sector_nag,1995,57.809
bol,sex_t,age_aggregate_y55_64,eco_sector_nag,1999,333.634
bol,sex_t,age_aggregate_y55_64,eco_sector_nag,2000,140.598
bol,sex_t,age_aggregate_y55_64,eco_sector_nag,2001,126.547
bol,sex_t,age_aggregate_y55_64,eco_sector_nag,2002,144.71
bol,sex_t,age_aggregate_y55_64,eco_sector_nag,2005,222.479
bol,sex_t,age_aggregate_y55_64,eco_sector_nag,2006,190.456
bol,sex_t,age_aggregate_y55_64,eco_sector_nag,2007,207.664
bol,sex_t,age_aggregate_y55_64,eco_sector_nag,2008,263.515
bol,sex_t,age_aggregate_y55_64,eco_sector_nag,2009,274.214
bol,sex_t,age_aggregate_y55_64,eco_sector_nag,2011,305.43
bol,sex_t,age_aggregate_y55_64,eco_sector_nag,2012,322.854
bol,sex_t,age_aggregate_y55_64,eco_sector_nag,2013,341.209
bol,sex_t,age_aggregate_y55_64,eco_sector_nag,2014,336.985
bol,sex_t,age_aggregate_y55_64,eco_sector_nag,2015,346.839
bol,sex_t,age_aggregate_y55_64,eco_sector_nag,2016,362.127
bol,sex_t,age_aggregate_y55_64,eco_sector_nag,2017,377.052
bol,sex_t,age_aggregate_y55_64,eco_sector_nag,2018,401.76
bol,sex_t,age_aggregate_y55_64,eco_sector_nag,2019,447.166
bol,sex_t,age_aggregate_y55_64,eco_sector_nag,2020,408.891
bol,sex_t,age_aggregate_y55_64,eco_sector_nag,2021,437.747
bol,sex_t,age_aggregate_y55_64,eco_sector_nag,2022,476.446
bol,sex_t,age_aggregate_y55_64,eco_sector_nag,2023,495.366
bol,sex_t,age_aggregate_y55_64,eco_sector_nag,2024,537.625
bol,sex_t,age_aggregate_y55_64,eco_sector_ser,1989,43.276
bol,sex_t,age_aggregate_y55_64,eco_sector_ser,1990,42.501
bol,sex_t,age_aggregate_y55_64,eco_sector_ser,1991,40.586
bol,sex_t,age_aggregate_y55_64,eco_sector_ser,1992,35.986
bol,sex_t,age_aggregate_y55_64,eco_sector_ser,1993,46.667
bol,sex_t,age_aggregate_y55_64,eco_sector_ser,1994,40.381
bol,sex_t,age_aggregate_y55_64,eco_sector_ser,1995,43
bol,sex_t,age_aggregate_y55_64,eco_sector_ser,1999,287.884
bol,sex_t,age_aggregate_y55_64,eco_sector_ser,2000,99.286
bol,sex_t,age_aggregate_y55_64,eco_sector_ser,2001,86.505
bol,sex_t,age_aggregate_y55_64,eco_sector_ser,2002,99.958
bol,sex_t,age_aggregate_y55_64,eco_sector_ser,2005,166.842
bol,sex_t,age_aggregate_y55_64,eco_sector_ser,2006,136.359
bol,sex_t,age_aggregate_y55_64,eco_sector_ser,2007,146.908
bol,sex_t,age_aggregate_y55_64,eco_sector_ser,2008,190.654
bol,sex_t,age_aggregate_y55_64,eco_sector_ser,2009,199.193
bol,sex_t,age_aggregate_y55_64,eco_sector_ser,2011,236.228
bol,sex_t,age_aggregate_y55_64,eco_sector_ser,2012,249.967
bol,sex_t,age_aggregate_y55_64,eco_sector_ser,2013,263.26
bol,sex_t,age_aggregate_y55_64,eco_sector_ser,2014,253.229
bol,sex_t,age_aggregate_y55_64,eco_sector_ser,2015,266.422
bol,sex_t,age_aggregate_y55_64,eco_sector_ser,2016,273.282
bol,sex_t,age_aggregate_y55_64,eco_sector_ser,2017,285.14
bol,sex_t,age_aggregate_y55_64,eco_sector_ser,2018,304.513
bol,sex_t,age_aggregate_y55_64,eco_sector_ser,2019,336.276
bol,sex_t,age_aggregate_y55_64,eco_sector_ser,2020,320.121
bol,sex_t,age_aggregate_y55_64,eco_sector_ser,2021,319.441
bol,sex_t,age_aggregate_y55_64,eco_sector_ser,2022,347.11
bol,sex_t,age_aggregate_y55_64,eco_sector_ser,2023,371.815
bol,sex_t,age_aggregate_y55_64,eco_sector_ser,2024,397.548
bol,sex_t,age_aggregate_y55_64,eco_sector_total,1989,55.118
bol,sex_t,age_aggregate_y55_64,eco_sector_total,1990,50.765
bol,sex_t,age_aggregate_y55_64,eco_sector_total,1991,56.135
bol,sex_t,age_aggregate_y55_64,eco_sector_total,1992,53.419
bol,sex_t,age_aggregate_y55_64,eco_sector_total,1993,63.182
bol,sex_t,age_aggregate_y55_64,eco_sector_total,1994,55.992
bol,sex_t,age_aggregate_y55_64,eco_sector_total,1995,61.487
bol,sex_t,age_aggregate_y55_64,eco_sector_total,1999,333.634
bol,sex_t,age_aggregate_y55_64,eco_sector_total,2000,289.956
bol,sex_t,age_aggregate_y55_64,eco_sector_total,2001,289.855
bol,sex_t,age_aggregate_y55_64,eco_sector_total,2002,291.041
bol,sex_t,age_aggregate_y55_64,eco_sector_total,2005,393.322
bol,sex_t,age_aggregate_y55_64,eco_sector_total,2006,378.012
bol,sex_t,age_aggregate_y55_64,eco_sector_total,2007,392.459
bol,sex_t,age_aggregate_y55_64,eco_sector_total,2008,486.885
bol,sex_t,age_aggregate_y55_64,eco_sector_total,2009,497.619
bol,sex_t,age_aggregate_y55_64,eco_sector_total,2011,524.46
bol,sex_t,age_aggregate_y55_64,eco_sector_total,2012,524.475
bol,sex_t,age_aggregate_y55_64,eco_sector_total,2013,590.989
bol,sex_t,age_aggregate_y55_64,eco_sector_total,2014,590.567
bol,sex_t,age_aggregate_y55_64,eco_sector_total,2015,602.448
bol,sex_t,age_aggregate_y55_64,eco_sector_total,2016,594.96
bol,sex_t,age_aggregate_y55_64,eco_sector_total,2017,636.641
bol,sex_t,age_aggregate_y55_64,eco_sector_total,2018,684.502
bol,sex_t,age_aggregate_y55_64,eco_sector_total,2019,710.651
bol,sex_t,age_aggregate_y55_64,eco_sector_total,2020,687.724
bol,sex_t,age_aggregate_y55_64,eco_sector_total,2021,707.041
bol,sex_t,age_aggregate_y55_64,eco_sector_total,2022,738.121
bol,sex_t,age_aggregate_y55_64,eco_sector_total,2023,766.73
bol,sex_t,age_aggregate_y55_64,eco_sector_total,2024,818.12
bol,sex_t,age_aggregate_y55_64,eco_sector_x,1989,1.32
bol,sex_t,age_aggregate_y55_64,eco_sector_x,1990,0.794
bol,sex_t,age_aggregate_y55_64,eco_sector_x,1999,11.894
bol,sex_t,age_aggregate_y55_64,eco_sector_x,2000,2.698
bol,sex_t,age_aggregate_y55_64,eco_sector_x,2001,3.571
bol,sex_t,age_aggregate_yge65,eco_aggregate_agr,1991,1.387
bol,sex_t,age_aggregate_yge65,eco_aggregate_agr,1992,1.476
bol,sex_t,age_aggregate_yge65,eco_aggregate_agr,1993,1.323
bol,sex_t,age_aggregate_yge65,eco_aggregate_agr,1994,1.303
bol,sex_t,age_aggregate_yge65,eco_aggregate_agr,1995,1.694
bol,sex_t,age_aggregate_yge65,eco_aggregate_agr,2000,131.363
bol,sex_t,age_aggregate_yge65,eco_aggregate_agr,2001,156.984
bol,sex_t,age_aggregate_yge65,eco_aggregate_agr,2002,147.336
bol,sex_t,age_aggregate_yge65,eco_aggregate_agr,2005,202.939
bol,sex_t,age_aggregate_yge65,eco_aggregate_agr,2006,180.347
bol,sex_t,age_aggregate_yge65,eco_aggregate_agr,2007,210.429
bol,sex_t,age_aggregate_yge65,eco_aggregate_agr,2008,190.968
bol,sex_t,age_aggregate_yge65,eco_aggregate_agr,2009,197.471
bol,sex_t,age_aggregate_yge65,eco_aggregate_agr,2011,179.858
bol,sex_t,age_aggregate_yge65,eco_aggregate_agr,2012,195.291
bol,sex_t,age_aggregate_yge65,eco_aggregate_agr,2013,281.772
bol,sex_t,age_aggregate_yge65,eco_aggregate_agr,2014,236.221
bol,sex_t,age_aggregate_yge65,eco_aggregate_agr,2015,233.764
bol,sex_t,age_aggregate_yge65,eco_aggregate_agr,2016,214.976
bol,sex_t,age_aggregate_yge65,eco_aggregate_agr,2017,264.626
bol,sex_t,age_aggregate_yge65,eco_aggregate_agr,2018,297.407
bol,sex_t,age_aggregate_yge65,eco_aggregate_agr,2019,261.275
bol,sex_t,age_aggregate_yge65,eco_aggregate_agr,2020,320.223
bol,sex_t,age_aggregate_yge65,eco_aggregate_agr,2021,310.88
bol,sex_t,age_aggregate_yge65,eco_aggregate_agr,2022,272.595
bol,sex_t,age_aggregate_yge65,eco_aggregate_agr,2023,300.088
bol,sex_t,age_aggregate_yge65,eco_aggregate_agr,2024,314.407
bol,sex_t,age_aggregate_yge65,eco_aggregate_con,1991,2.169
bol,sex_t,age_aggregate_yge65,eco_aggregate_con,1992,2.834
bol,sex_t,age_aggregate_yge65,eco_aggregate_con,1993,1.153
bol,sex_t,age_aggregate_yge65,eco_aggregate_con,1994,1.699
bol,sex_t,age_aggregate_yge65,eco_aggregate_con,1995,3.456
bol,sex_t,age_aggregate_yge65,eco_aggregate_con,2000,7.801
bol,sex_t,age_aggregate_yge65,eco_aggregate_con,2001,5.824
bol,sex_t,age_aggregate_yge65,eco_aggregate_con,2002,4.091
bol,sex_t,age_aggregate_yge65,eco_aggregate_con,2005,7.987
bol,sex_t,age_aggregate_yge65,eco_aggregate_con,2006,3.239
bol,sex_t,age_aggregate_yge65,eco_aggregate_con,2007,6.52
bol,sex_t,age_aggregate_yge65,eco_aggregate_con,2008,5.808
bol,sex_t,age_aggregate_yge65,eco_aggregate_con,2009,10.237
bol,sex_t,age_aggregate_yge65,eco_aggregate_con,2011,9.709
bol,sex_t,age_aggregate_yge65,eco_aggregate_con,2012,9.564
bol,sex_t,age_aggregate_yge65,eco_aggregate_con,2013,8.669
bol,sex_t,age_aggregate_yge65,eco_aggregate_con,2014,11.978
bol,sex_t,age_aggregate_yge65,eco_aggregate_con,2015,9.341
bol,sex_t,age_aggregate_yge65,eco_aggregate_con,2016,9.841
bol,sex_t,age_aggregate_yge65,eco_aggregate_con,2017,8.473
bol,sex_t,age_aggregate_yge65,eco_aggregate_con,2018,9.615
bol,sex_t,age_aggregate_yge65,eco_aggregate_con,2019,11.639
bol,sex_t,age_aggregate_yge65,eco_aggregate_con,2020,10.308
bol,sex_t,age_aggregate_yge65,eco_aggregate_con,2021,10.103
bol,sex_t,age_aggregate_yge65,eco_aggregate_con,2022,13.104
bol,sex_t,age_aggregate_yge65,eco_aggregate_con,2023,13.204
bol,sex_t,age_aggregate_yge65,eco_aggregate_con,2024,17.436
bol,sex_t,age_aggregate_yge65,eco_aggregate_man,1989,3.607
bol,sex_t,age_aggregate_yge65,eco_aggregate_man,1990,2.747
bol,sex_t,age_aggregate_yge65,eco_aggregate_man,1991,2.817
bol,sex_t,age_aggregate_yge65,eco_aggregate_man,1992,3.906
bol,sex_t,age_aggregate_yge65,eco_aggregate_man,1993,4.384
bol,sex_t,age_aggregate_yge65,eco_aggregate_man,1994,3.784
bol,sex_t,age_aggregate_yge65,eco_aggregate_man,1995,5.527
bol,sex_t,age_aggregate_yge65,eco_aggregate_man,1999,7.458
bol,sex_t,age_aggregate_yge65,eco_aggregate_man,2000,10.268
bol,sex_t,age_aggregate_yge65,eco_aggregate_man,2001,12.95
bol,sex_t,age_aggregate_yge65,eco_aggregate_man,2002,8.697
bol,sex_t,age_aggregate_yge65,eco_aggregate_man,2005,20.387
bol,sex_t,age_aggregate_yge65,eco_aggregate_man,2006,21.787
bol,sex_t,age_aggregate_yge65,eco_aggregate_man,2007,27.506
bol,sex_t,age_aggregate_yge65,eco_aggregate_man,2008,28.515
bol,sex_t,age_aggregate_yge65,eco_aggregate_man,2009,19.354
bol,sex_t,age_aggregate_yge65,eco_aggregate_man,2011,13.847
bol,sex_t,age_aggregate_yge65,eco_aggregate_man,2012,16.197
bol,sex_t,age_aggregate_yge65,eco_aggregate_man,2013,14.794
bol,sex_t,age_aggregate_yge65,eco_aggregate_man,2014,21.124
bol,sex_t,age_aggregate_yge65,eco_aggregate_man,2015,14.125
bol,sex_t,age_aggregate_yge65,eco_aggregate_man,2016,20.321
bol,sex_t,age_aggregate_yge65,eco_aggregate_man,2017,22.923
bol,sex_t,age_aggregate_yge65,eco_aggregate_man,2018,25.273
bol,sex_t,age_aggregate_yge65,eco_aggregate_man,2019,30.71
bol,sex_t,age_aggregate_yge65,eco_aggregate_man,2020,18.071
bol,sex_t,age_aggregate_yge65,eco_aggregate_man,2021,34.84
bol,sex_t,age_aggregate_yge65,eco_aggregate_man,2022,37.49
bol,sex_t,age_aggregate_yge65,eco_aggregate_man,2023,44.346
bol,sex_t,age_aggregate_yge65,eco_aggregate_man,2024,53.494
bol,sex_t,age_aggregate_yge65,eco_aggregate_mel,1989,1.109
bol,sex_t,age_aggregate_yge65,eco_aggregate_mel,1990,1.047
bol,sex_t,age_aggregate_yge65,eco_aggregate_mel,2001,2.29
bol,sex_t,age_aggregate_yge65,eco_aggregate_mel,2002,0.831
bol,sex_t,age_aggregate_yge65,eco_aggregate_mel,2011,3.776
bol,sex_t,age_aggregate_yge65,eco_aggregate_mel,2012,1.436
bol,sex_t,age_aggregate_yge65,eco_aggregate_mel,2013,3.675
bol,sex_t,age_aggregate_yge65,eco_aggregate_mel,2014,2.475
bol,sex_t,age_aggregate_yge65,eco_aggregate_mel,2015,2.621
bol,sex_t,age_aggregate_yge65,eco_aggregate_mel,2016,1.998
bol,sex_t,age_aggregate_yge65,eco_aggregate_mel,2017,2.157
bol,sex_t,age_aggregate_yge65,eco_aggregate_mel,2018,2.6
bol,sex_t,age_aggregate_yge65,eco_aggregate_mel,2019,2.773
bol,sex_t,age_aggregate_yge65,eco_aggregate_mel,2021,2.543
bol,sex_t,age_aggregate_yge65,eco_aggregate_mel,2022,1.749
bol,sex_t,age_aggregate_yge65,eco_aggregate_mel,2023,3.427
bol,sex_t,age_aggregate_yge65,eco_aggregate_mel,2024,4.406
bol,sex_t,age_aggregate_yge65,eco_aggregate_mkt,1989,14.072
bol,sex_t,age_aggregate_yge65,eco_aggregate_mkt,1990,12.119
bol,sex_t,age_aggregate_yge65,eco_aggregate_mkt,1991,15.013
bol,sex_t,age_aggregate_yge65,eco_aggregate_mkt,1992,13.626
bol,sex_t,age_aggregate_yge65,eco_aggregate_mkt,1993,14.744
bol,sex_t,age_aggregate_yge65,eco_aggregate_mkt,1994,16.88
bol,sex_t,age_aggregate_yge65,eco_aggregate_mkt,1995,16.623
bol,sex_t,age_aggregate_yge65,eco_aggregate_mkt,1999,211.839
bol,sex_t,age_aggregate_yge65,eco_aggregate_mkt,2000,41.725
bol,sex_t,age_aggregate_yge65,eco_aggregate_mkt,2001,34.114
bol,sex_t,age_aggregate_yge65,eco_aggregate_mkt,2002,36.587
bol,sex_t,age_aggregate_yge65,eco_aggregate_mkt,2005,47.358
bol,sex_t,age_aggregate_yge65,eco_aggregate_mkt,2006,46.684
bol,sex_t,age_aggregate_yge65,eco_aggregate_mkt,2007,64.478
bol,sex_t,age_aggregate_yge65,eco_aggregate_mkt,2008,65.262
bol,sex_t,age_aggregate_yge65,eco_aggregate_mkt,2009,61.75
bol,sex_t,age_aggregate_yge65,eco_aggregate_mkt,2011,77.209
bol,sex_t,age_aggregate_yge65,eco_aggregate_mkt,2012,77.841
bol,sex_t,age_aggregate_yge65,eco_aggregate_mkt,2013,86.46
bol,sex_t,age_aggregate_yge65,eco_aggregate_mkt,2014,82.011
bol,sex_t,age_aggregate_yge65,eco_aggregate_mkt,2015,86.395
bol,sex_t,age_aggregate_yge65,eco_aggregate_mkt,2016,95.817
bol,sex_t,age_aggregate_yge65,eco_aggregate_mkt,2017,107.937
bol,sex_t,age_aggregate_yge65,eco_aggregate_mkt,2018,117.844
bol,sex_t,age_aggregate_yge65,eco_aggregate_mkt,2019,120.036
bol,sex_t,age_aggregate_yge65,eco_aggregate_mkt,2020,104.401
bol,sex_t,age_aggregate_yge65,eco_aggregate_mkt,2021,129.065
bol,sex_t,age_aggregate_yge65,eco_aggregate_mkt,2022,150.133
bol,sex_t,age_aggregate_yge65,eco_aggregate_mkt,2023,165.775
bol,sex_t,age_aggregate_yge65,eco_aggregate_mkt,2024,177.46
bol,sex_t,age_aggregate_yge65,eco_aggregate_pub,1989,5.899
bol,sex_t,age_aggregate_yge65,eco_aggregate_pub,1990,6.763
bol,sex_t,age_aggregate_yge65,eco_aggregate_pub,1991,3.485
bol,sex_t,age_aggregate_yge65,eco_aggregate_pub,1992,3.362
bol,sex_t,age_aggregate_yge65,eco_aggregate_pub,1993,3.278
bol,sex_t,age_aggregate_yge65,eco_aggregate_pub,1994,3.976
bol,sex_t,age_aggregate_yge65,eco_aggregate_pub,1995,5.021
bol,sex_t,age_aggregate_yge65,eco_aggregate_pub,1999,6.826
bol,sex_t,age_aggregate_yge65,eco_aggregate_pub,2000,7.668
bol,sex_t,age_aggregate_yge65,eco_aggregate_pub,2001,11.613
bol,sex_t,age_aggregate_yge65,eco_aggregate_pub,2002,7.843
bol,sex_t,age_aggregate_yge65,eco_aggregate_pub,2005,14.483
bol,sex_t,age_aggregate_yge65,eco_aggregate_pub,2006,11.757
bol,sex_t,age_aggregate_yge65,eco_aggregate_pub,2007,21.051
bol,sex_t,age_aggregate_yge65,eco_aggregate_pub,2008,13.053
bol,sex_t,age_aggregate_yge65,eco_aggregate_pub,2009,15.947
bol,sex_t,age_aggregate_yge65,eco_aggregate_pub,2011,19.406
bol,sex_t,age_aggregate_yge65,eco_aggregate_pub,2012,21.161
bol,sex_t,age_aggregate_yge65,eco_aggregate_pub,2013,24.926
bol,sex_t,age_aggregate_yge65,eco_aggregate_pub,2014,21.708
bol,sex_t,age_aggregate_yge65,eco_aggregate_pub,2015,21.475
bol,sex_t,age_aggregate_yge65,eco_aggregate_pub,2016,24.874
bol,sex_t,age_aggregate_yge65,eco_aggregate_pub,2017,26.081
bol,sex_t,age_aggregate_yge65,eco_aggregate_pub,2018,28.235
bol,sex_t,age_aggregate_yge65,eco_aggregate_pub,2019,33.995
bol,sex_t,age_aggregate_yge65,eco_aggregate_pub,2020,35.87
bol,sex_t,age_aggregate_yge65,eco_aggregate_pub,2021,30.556
bol,sex_t,age_aggregate_yge65,eco_aggregate_pub,2022,33.619
bol,sex_t,age_aggregate_yge65,eco_aggregate_pub,2023,40.12
bol,sex_t,age_aggregate_yge65,eco_aggregate_pub,2024,42.17
bol,sex_t,age_aggregate_yge65,eco_aggregate_total,1989,25.03
bol,sex_t,age_aggregate_yge65,eco_aggregate_total,1990,23.352
bol,sex_t,age_aggregate_yge65,eco_aggregate_total,1991,25.133
bol,sex_t,age_aggregate_yge65,eco_aggregate_total,1992,25.475
bol,sex_t,age_aggregate_yge65,eco_aggregate_total,1993,25.063
bol,sex_t,age_aggregate_yge65,eco_aggregate_total,1994,27.791
bol,sex_t,age_aggregate_yge65,eco_aggregate_total,1995,32.555
bol,sex_t,age_aggregate_yge65,eco_aggregate_total,1999,232.61
bol,sex_t,age_aggregate_yge65,eco_aggregate_total,2000,201.113
bol,sex_t,age_aggregate_yge65,eco_aggregate_total,2001,225.074
bol,sex_t,age_aggregate_yge65,eco_aggregate_total,2002,205.385
bol,sex_t,age_aggregate_yge65,eco_aggregate_total,2005,293.642
bol,sex_t,age_aggregate_yge65,eco_aggregate_total,2006,263.991
bol,sex_t,age_aggregate_yge65,eco_aggregate_total,2007,330.704
bol,sex_t,age_aggregate_yge65,eco_aggregate_total,2008,305.867
bol,sex_t,age_aggregate_yge65,eco_aggregate_total,2009,305.466
bol,sex_t,age_aggregate_yge65,eco_aggregate_total,2011,303.805
bol,sex_t,age_aggregate_yge65,eco_aggregate_total,2012,321.49
bol,sex_t,age_aggregate_yge65,eco_aggregate_total,2013,420.296
bol,sex_t,age_aggregate_yge65,eco_aggregate_total,2014,376.03
bol,sex_t,age_aggregate_yge65,eco_aggregate_total,2015,367.944
bol,sex_t,age_aggregate_yge65,eco_aggregate_total,2016,367.864
bol,sex_t,age_aggregate_yge65,eco_aggregate_total,2017,432.197
bol,sex_t,age_aggregate_yge65,eco_aggregate_total,2018,480.974
bol,sex_t,age_aggregate_yge65,eco_aggregate_total,2019,460.429
bol,sex_t,age_aggregate_yge65,eco_aggregate_total,2020,491.557
bol,sex_t,age_aggregate_yge65,eco_aggregate_total,2021,517.988
bol,sex_t,age_aggregate_yge65,eco_aggregate_total,2022,508.689
bol,sex_t,age_aggregate_yge65,eco_aggregate_total,2023,566.96
bol,sex_t,age_aggregate_yge65,eco_aggregate_total,2024,609.605
bol,sex_t,age_aggregate_yge65,eco_aggregate_x,1989,0.341
bol,sex_t,age_aggregate_yge65,eco_aggregate_x,1990,0.676
bol,sex_t,age_aggregate_yge65,eco_aggregate_x,1999,5.241
bol,sex_t,age_aggregate_yge65,eco_aggregate_x,2001,1.299
bol,sex_t,age_aggregate_yge65,eco_aggregate_x,2024,0.233
bol,sex_t,age_aggregate_yge65,eco_isic3_a,1991,1.387
bol,sex_t,age_aggregate_yge65,eco_isic3_a,1992,1.476
bol,sex_t,age_aggregate_yge65,eco_isic3_a,1993,1.323
bol,sex_t,age_aggregate_yge65,eco_isic3_a,1994,1.303
bol,sex_t,age_aggregate_yge65,eco_isic3_a,1995,1.694
bol,sex_t,age_aggregate_yge65,eco_isic3_a,2000,131.363
bol,sex_t,age_aggregate_yge65,eco_isic3_a,2001,156.984
bol,sex_t,age_aggregate_yge65,eco_isic3_a,2002,147.336
bol,sex_t,age_aggregate_yge65,eco_isic3_a,2005,202.939
bol,sex_t,age_aggregate_yge65,eco_isic3_a,2006,180.347
bol,sex_t,age_aggregate_yge65,eco_isic3_a,2007,210.429
bol,sex_t,age_aggregate_yge65,eco_isic3_a,2008,190.968
bol,sex_t,age_aggregate_yge65,eco_isic3_a,2009,197.014
bol,sex_t,age_aggregate_yge65,eco_isic3_c,1989,1.109
bol,sex_t,age_aggregate_yge65,eco_isic3_c,1990,1.009
bol,sex_t,age_aggregate_yge65,eco_isic3_c,2001,2.29
bol,sex_t,age_aggregate_yge65,eco_isic3_c,2002,0.831
bol,sex_t,age_aggregate_yge65,eco_isic3_d,1989,3.607
bol,sex_t,age_aggregate_yge65,eco_isic3_d,1990,2.747
bol,sex_t,age_aggregate_yge65,eco_isic3_d,1991,2.817
bol,sex_t,age_aggregate_yge65,eco_isic3_d,1992,3.906
bol,sex_t,age_aggregate_yge65,eco_isic3_d,1993,4.384
bol,sex_t,age_aggregate_yge65,eco_isic3_d,1994,3.784
bol,sex_t,age_aggregate_yge65,eco_isic3_d,1995,5.527
bol,sex_t,age_aggregate_yge65,eco_isic3_d,1999,7.458
bol,sex_t,age_aggregate_yge65,eco_isic3_d,2000,10.268
bol,sex_t,age_aggregate_yge65,eco_isic3_d,2001,12.95
bol,sex_t,age_aggregate_yge65,eco_isic3_d,2002,8.697
bol,sex_t,age_aggregate_yge65,eco_isic3_d,2005,20.387
bol,sex_t,age_aggregate_yge65,eco_isic3_d,2006,21.787
bol,sex_t,age_aggregate_yge65,eco_isic3_d,2007,27.506
bol,sex_t,age_aggregate_yge65,eco_isic3_d,2008,28.515
bol,sex_t,age_aggregate_yge65,eco_isic3_d,2009,19.354
bol,sex_t,age_aggregate_yge65,eco_isic3_f,1991,2.169
bol,sex_t,age_aggregate_yge65,eco_isic3_f,1992,2.834
bol,sex_t,age_aggregate_yge65,eco_isic3_f,1993,1.153
bol,sex_t,age_aggregate_yge65,eco_isic3_f,1994,1.699
bol,sex_t,age_aggregate_yge65,eco_isic3_f,1995,3.456
bol,sex_t,age_aggregate_yge65,eco_isic3_f,2000,7.801
bol,sex_t,age_aggregate_yge65,eco_isic3_f,2001,5.824
bol,sex_t,age_aggregate_yge65,eco_isic3_f,2002,4.091
bol,sex_t,age_aggregate_yge65,eco_isic3_f,2005,7.987
bol,sex_t,age_aggregate_yge65,eco_isic3_f,2006,3.239
bol,sex_t,age_aggregate_yge65,eco_isic3_f,2007,6.52
bol,sex_t,age_aggregate_yge65,eco_isic3_f,2008,5.808
bol,sex_t,age_aggregate_yge65,eco_isic3_f,2009,10.237
bol,sex_t,age_aggregate_yge65,eco_isic3_g,1989,1.056
bol,sex_t,age_aggregate_yge65,eco_isic3_g,1990,1.234
bol,sex_t,age_aggregate_yge65,eco_isic3_g,1991,12.517
bol,sex_t,age_aggregate_yge65,eco_isic3_g,1992,10.286
bol,sex_t,age_aggregate_yge65,eco_isic3_g,1993,9.439
bol,sex_t,age_aggregate_yge65,eco_isic3_g,1994,12.392
bol,sex_t,age_aggregate_yge65,eco_isic3_g,1995,12.195
bol,sex_t,age_aggregate_yge65,eco_isic3_g,1999,28.763
bol,sex_t,age_aggregate_yge65,eco_isic3_g,2000,35.465
bol,sex_t,age_aggregate_yge65,eco_isic3_g,2001,25.99
bol,sex_t,age_aggregate_yge65,eco_isic3_g,2002,20.968
bol,sex_t,age_aggregate_yge65,eco_isic3_g,2005,33.033
bol,sex_t,age_aggregate_yge65,eco_isic3_g,2006,34.856
bol,sex_t,age_aggregate_yge65,eco_isic3_g,2007,45.875
bol,sex_t,age_aggregate_yge65,eco_isic3_g,2008,49.52
bol,sex_t,age_aggregate_yge65,eco_isic3_g,2009,41.97
bol,sex_t,age_aggregate_yge65,eco_isic3_h,1991,0.989
bol,sex_t,age_aggregate_yge65,eco_isic3_h,1992,1.458
bol,sex_t,age_aggregate_yge65,eco_isic3_h,1993,2.115
bol,sex_t,age_aggregate_yge65,eco_isic3_h,1994,3.02
bol,sex_t,age_aggregate_yge65,eco_isic3_h,1995,1.899
bol,sex_t,age_aggregate_yge65,eco_isic3_h,2000,3.189
bol,sex_t,age_aggregate_yge65,eco_isic3_h,2001,4.098
bol,sex_t,age_aggregate_yge65,eco_isic3_h,2002,11.212
bol,sex_t,age_aggregate_yge65,eco_isic3_h,2005,7.449
bol,sex_t,age_aggregate_yge65,eco_isic3_h,2006,4.848
bol,sex_t,age_aggregate_yge65,eco_isic3_h,2007,9.725
bol,sex_t,age_aggregate_yge65,eco_isic3_h,2008,6.473
bol,sex_t,age_aggregate_yge65,eco_isic3_h,2009,11.434
bol,sex_t,age_aggregate_yge65,eco_isic3_i,1989,12.306
bol,sex_t,age_aggregate_yge65,eco_isic3_i,1990,9.477
bol,sex_t,age_aggregate_yge65,eco_isic3_i,1991,0.928
bol,sex_t,age_aggregate_yge65,eco_isic3_i,1992,1.108
bol,sex_t,age_aggregate_yge65,eco_isic3_i,1993,1.05
bol,sex_t,age_aggregate_yge65,eco_isic3_i,1994,0.916
bol,sex_t,age_aggregate_yge65,eco_isic3_i,1995,1.352
bol,sex_t,age_aggregate_yge65,eco_isic3_i,1999,163.285
bol,sex_t,age_aggregate_yge65,eco_isic3_i,2001,3.034
bol,sex_t,age_aggregate_yge65,eco_isic3_i,2002,2.777
bol,sex_t,age_aggregate_yge65,eco_isic3_i,2005,3.858
bol,sex_t,age_aggregate_yge65,eco_isic3_i,2006,2.981
bol,sex_t,age_aggregate_yge65,eco_isic3_i,2007,5.951
bol,sex_t,age_aggregate_yge65,eco_isic3_i,2009,7.448
bol,sex_t,age_aggregate_yge65,eco_isic3_k,1989,0.711
bol,sex_t,age_aggregate_yge65,eco_isic3_k,1990,1.408
bol,sex_t,age_aggregate_yge65,eco_isic3_k,1991,0.547
bol,sex_t,age_aggregate_yge65,eco_isic3_k,1992,0.732
bol,sex_t,age_aggregate_yge65,eco_isic3_k,1993,1.871
bol,sex_t,age_aggregate_yge65,eco_isic3_k,1994,0.552
bol,sex_t,age_aggregate_yge65,eco_isic3_k,1995,1.177
bol,sex_t,age_aggregate_yge65,eco_isic3_k,1999,19.791
bol,sex_t,age_aggregate_yge65,eco_isic3_k,2006,3.999
bol,sex_t,age_aggregate_yge65,eco_isic3_k,2007,2.927
bol,sex_t,age_aggregate_yge65,eco_isic3_k,2008,7.583
bol,sex_t,age_aggregate_yge65,eco_isic3_l,1993,0.706
bol,sex_t,age_aggregate_yge65,eco_isic3_l,1994,0.563
bol,sex_t,age_aggregate_yge65,eco_isic3_l,1995,0.415
bol,sex_t,age_aggregate_yge65,eco_isic3_l,2002,1.37
bol,sex_t,age_aggregate_yge65,eco_isic3_m,1989,0.526
bol,sex_t,age_aggregate_yge65,eco_isic3_m,1991,0.567
bol,sex_t,age_aggregate_yge65,eco_isic3_m,1994,0.728
bol,sex_t,age_aggregate_yge65,eco_isic3_m,1995,0.712
bol,sex_t,age_aggregate_yge65,eco_isic3_m,2002,1.416
bol,sex_t,age_aggregate_yge65,eco_isic3_m,2005,2.013
bol,sex_t,age_aggregate_yge65,eco_isic3_m,2006,1.819
bol,sex_t,age_aggregate_yge65,eco_isic3_m,2008,6.881
bol,sex_t,age_aggregate_yge65,eco_isic3_m,2009,5.092
bol,sex_t,age_aggregate_yge65,eco_isic3_n,1993,1.111
bol,sex_t,age_aggregate_yge65,eco_isic3_n,2000,2.002
bol,sex_t,age_aggregate_yge65,eco_isic3_n,2001,2.592
bol,sex_t,age_aggregate_yge65,eco_isic3_n,2002,1.377
bol,sex_t,age_aggregate_yge65,eco_isic3_n,2005,1.684
bol,sex_t,age_aggregate_yge65,eco_isic3_n,2007,5.162
bol,sex_t,age_aggregate_yge65,eco_isic3_o,1989,2.02
bol,sex_t,age_aggregate_yge65,eco_isic3_o,1990,2.587
bol,sex_t,age_aggregate_yge65,eco_isic3_o,1991,1.645
bol,sex_t,age_aggregate_yge65,eco_isic3_o,1992,1.192
bol,sex_t,age_aggregate_yge65,eco_isic3_o,1994,1.038
bol,sex_t,age_aggregate_yge65,eco_isic3_o,1995,1.846
bol,sex_t,age_aggregate_yge65,eco_isic3_o,1999,6.826
bol,sex_t,age_aggregate_yge65,eco_isic3_o,2000,2.908
bol,sex_t,age_aggregate_yge65,eco_isic3_o,2001,4.827
bol,sex_t,age_aggregate_yge65,eco_isic3_o,2002,2.479
bol,sex_t,age_aggregate_yge65,eco_isic3_o,2005,6.298
bol,sex_t,age_aggregate_yge65,eco_isic3_o,2006,4.581
bol,sex_t,age_aggregate_yge65,eco_isic3_o,2007,12.452
bol,sex_t,age_aggregate_yge65,eco_isic3_o,2009,6.052
bol,sex_t,age_aggregate_yge65,eco_isic3_p,1989,3.353
bol,sex_t,age_aggregate_yge65,eco_isic3_p,1990,3.032
bol,sex_t,age_aggregate_yge65,eco_isic3_p,1991,0.838
bol,sex_t,age_aggregate_yge65,eco_isic3_p,1992,0.847
bol,sex_t,age_aggregate_yge65,eco_isic3_p,1994,1.157
bol,sex_t,age_aggregate_yge65,eco_isic3_p,1995,1.664
bol,sex_t,age_aggregate_yge65,eco_isic3_p,2000,2.015
bol,sex_t,age_aggregate_yge65,eco_isic3_p,2001,1.704
bol,sex_t,age_aggregate_yge65,eco_isic3_p,2006,3.39
bol,sex_t,age_aggregate_yge65,eco_isic3_p,2009,4.1
bol,sex_t,age_aggregate_yge65,eco_isic3_total,1989,25.03
bol,sex_t,age_aggregate_yge65,eco_isic3_total,1990,23.352
bol,sex_t,age_aggregate_yge65,eco_isic3_total,1991,25.133
bol,sex_t,age_aggregate_yge65,eco_isic3_total,1992,25.475
bol,sex_t,age_aggregate_yge65,eco_isic3_total,1993,25.063
bol,sex_t,age_aggregate_yge65,eco_isic3_total,1994,27.791
bol,sex_t,age_aggregate_yge65,eco_isic3_total,1995,32.555
bol,sex_t,age_aggregate_yge65,eco_isic3_total,1999,232.61
bol,sex_t,age_aggregate_yge65,eco_isic3_total,2000,201.113
bol,sex_t,age_aggregate_yge65,eco_isic3_total,2001,225.074
bol,sex_t,age_aggregate_yge65,eco_isic3_total,2002,205.385
bol,sex_t,age_aggregate_yge65,eco_isic3_total,2005,293.642
bol,sex_t,age_aggregate_yge65,eco_isic3_total,2006,263.991
bol,sex_t,age_aggregate_yge65,eco_isic3_total,2007,330.704
bol,sex_t,age_aggregate_yge65,eco_isic3_total,2008,305.867
bol,sex_t,age_aggregate_yge65,eco_isic3_total,2009,305.466
bol,sex_t,age_aggregate_yge65,eco_isic3_x,1989,0.341
bol,sex_t,age_aggregate_yge65,eco_isic3_x,1990,0.676
bol,sex_t,age_aggregate_yge65,eco_isic3_x,1999,5.241
bol,sex_t,age_aggregate_yge65,eco_isic3_x,2001,1.299
bol,sex_t,age_aggregate_yge65,eco_isic4_a,2011,179.858
bol,sex_t,age_aggregate_yge65,eco_isic4_a,2012,195.291
bol,sex_t,age_aggregate_yge65,eco_isic4_a,2013,281.772
bol,sex_t,age_aggregate_yge65,eco_isic4_a,2014,236.221
bol,sex_t,age_aggregate_yge65,eco_isic4_a,2015,233.764
bol,sex_t,age_aggregate_yge65,eco_isic4_a,2016,214.976
bol,sex_t,age_aggregate_yge65,eco_isic4_a,2017,264.626
bol,sex_t,age_aggregate_yge65,eco_isic4_a,2018,297.407
bol,sex_t,age_aggregate_yge65,eco_isic4_a,2019,261.275
bol,sex_t,age_aggregate_yge65,eco_isic4_a,2020,320.223
bol,sex_t,age_aggregate_yge65,eco_isic4_a,2021,310.88
bol,sex_t,age_aggregate_yge65,eco_isic4_a,2022,272.595
bol,sex_t,age_aggregate_yge65,eco_isic4_a,2023,300.088
bol,sex_t,age_aggregate_yge65,eco_isic4_a,2024,314.407
bol,sex_t,age_aggregate_yge65,eco_isic4_b,2011,3.776
bol,sex_t,age_aggregate_yge65,eco_isic4_b,2013,3.675
bol,sex_t,age_aggregate_yge65,eco_isic4_b,2014,2.312
bol,sex_t,age_aggregate_yge65,eco_isic4_b,2015,1.987
bol,sex_t,age_aggregate_yge65,eco_isic4_b,2016,1.55
bol,sex_t,age_aggregate_yge65,eco_isic4_b,2017,1.911
bol,sex_t,age_aggregate_yge65,eco_isic4_b,2018,2.158
bol,sex_t,age_aggregate_yge65,eco_isic4_b,2019,2.145
bol,sex_t,age_aggregate_yge65,eco_isic4_b,2021,1.735
bol,sex_t,age_aggregate_yge65,eco_isic4_b,2022,1.063
bol,sex_t,age_aggregate_yge65,eco_isic4_b,2023,2.574
bol,sex_t,age_aggregate_yge65,eco_isic4_b,2024,2.227
bol,sex_t,age_aggregate_yge65,eco_isic4_c,2011,13.847
bol,sex_t,age_aggregate_yge65,eco_isic4_c,2012,16.197
bol,sex_t,age_aggregate_yge65,eco_isic4_c,2013,14.794
bol,sex_t,age_aggregate_yge65,eco_isic4_c,2014,21.124
bol,sex_t,age_aggregate_yge65,eco_isic4_c,2015,14.125
bol,sex_t,age_aggregate_yge65,eco_isic4_c,2016,20.321
bol,sex_t,age_aggregate_yge65,eco_isic4_c,2017,22.923
bol,sex_t,age_aggregate_yge65,eco_isic4_c,2018,25.273
bol,sex_t,age_aggregate_yge65,eco_isic4_c,2019,30.71
bol,sex_t,age_aggregate_yge65,eco_isic4_c,2020,18.071
bol,sex_t,age_aggregate_yge65,eco_isic4_c,2021,34.84
bol,sex_t,age_aggregate_yge65,eco_isic4_c,2022,37.49
bol,sex_t,age_aggregate_yge65,eco_isic4_c,2023,44.346
bol,sex_t,age_aggregate_yge65,eco_isic4_c,2024,53.494
bol,sex_t,age_aggregate_yge65,eco_isic4_d,2018,0.209
bol,sex_t,age_aggregate_yge65,eco_isic4_d,2021,0.39
bol,sex_t,age_aggregate_yge65,eco_isic4_d,2022,0.604
bol,sex_t,age_aggregate_yge65,eco_isic4_d,2023,0.705
bol,sex_t,age_aggregate_yge65,eco_isic4_d,2024,1.719
bol,sex_t,age_aggregate_yge65,eco_isic4_e,2016,0.36
bol,sex_t,age_aggregate_yge65,eco_isic4_e,2017,0.095
bol,sex_t,age_aggregate_yge65,eco_isic4_e,2018,0.233
bol,sex_t,age_aggregate_yge65,eco_isic4_e,2019,0.624
bol,sex_t,age_aggregate_yge65,eco_isic4_e,2021,0.418
bol,sex_t,age_aggregate_yge65,eco_isic4_e,2023,0.148
bol,sex_t,age_aggregate_yge65,eco_isic4_e,2024,0.46
bol,sex_t,age_aggregate_yge65,eco_isic4_f,2011,9.709
bol,sex_t,age_aggregate_yge65,eco_isic4_f,2012,9.564
bol,sex_t,age_aggregate_yge65,eco_isic4_f,2013,8.669
bol,sex_t,age_aggregate_yge65,eco_isic4_f,2014,11.978
bol,sex_t,age_aggregate_yge65,eco_isic4_f,2015,9.341
bol,sex_t,age_aggregate_yge65,eco_isic4_f,2016,9.841
bol,sex_t,age_aggregate_yge65,eco_isic4_f,2017,8.473
bol,sex_t,age_aggregate_yge65,eco_isic4_f,2018,9.615
bol,sex_t,age_aggregate_yge65,eco_isic4_f,2019,11.639
bol,sex_t,age_aggregate_yge65,eco_isic4_f,2020,10.308
bol,sex_t,age_aggregate_yge65,eco_isic4_f,2021,10.103
bol,sex_t,age_aggregate_yge65,eco_isic4_f,2022,13.104
bol,sex_t,age_aggregate_yge65,eco_isic4_f,2023,13.204
bol,sex_t,age_aggregate_yge65,eco_isic4_f,2024,17.436
bol,sex_t,age_aggregate_yge65,eco_isic4_g,2011,50.453
bol,sex_t,age_aggregate_yge65,eco_isic4_g,2012,53.875
bol,sex_t,age_aggregate_yge65,eco_isic4_g,2013,60.57
bol,sex_t,age_aggregate_yge65,eco_isic4_g,2014,56.945
bol,sex_t,age_aggregate_yge65,eco_isic4_g,2015,53.643
bol,sex_t,age_aggregate_yge65,eco_isic4_g,2016,61.627
bol,sex_t,age_aggregate_yge65,eco_isic4_g,2017,66.231
bol,sex_t,age_aggregate_yge65,eco_isic4_g,2018,73.946
bol,sex_t,age_aggregate_yge65,eco_isic4_g,2019,77.05
bol,sex_t,age_aggregate_yge65,eco_isic4_g,2020,70.622
bol,sex_t,age_aggregate_yge65,eco_isic4_g,2021,76.542
bol,sex_t,age_aggregate_yge65,eco_isic4_g,2022,87.861
bol,sex_t,age_aggregate_yge65,eco_isic4_g,2023,99.3
bol,sex_t,age_aggregate_yge65,eco_isic4_g,2024,96.684
bol,sex_t,age_aggregate_yge65,eco_isic4_h,2011,10.878
bol,sex_t,age_aggregate_yge65,eco_isic4_h,2012,7.55
bol,sex_t,age_aggregate_yge65,eco_isic4_h,2013,8.792
bol,sex_t,age_aggregate_yge65,eco_isic4_h,2014,8.701
bol,sex_t,age_aggregate_yge65,eco_isic4_h,2015,9.688
bol,sex_t,age_aggregate_yge65,eco_isic4_h,2016,9.108
bol,sex_t,age_aggregate_yge65,eco_isic4_h,2017,10.975
bol,sex_t,age_aggregate_yge65,eco_isic4_h,2018,10.391
bol,sex_t,age_aggregate_yge65,eco_isic4_h,2019,11.917
bol,sex_t,age_aggregate_yge65,eco_isic4_h,2020,9.624
bol,sex_t,age_aggregate_yge65,eco_isic4_h,2021,14.733
bol,sex_t,age_aggregate_yge65,eco_isic4_h,2022,18.734
bol,sex_t,age_aggregate_yge65,eco_isic4_h,2023,21.677
bol,sex_t,age_aggregate_yge65,eco_isic4_h,2024,20.955
bol,sex_t,age_aggregate_yge65,eco_isic4_i,2011,10.465
bol,sex_t,age_aggregate_yge65,eco_isic4_i,2012,12.342
bol,sex_t,age_aggregate_yge65,eco_isic4_i,2013,7.333
bol,sex_t,age_aggregate_yge65,eco_isic4_i,2014,11.094
bol,sex_t,age_aggregate_yge65,eco_isic4_i,2015,14.929
bol,sex_t,age_aggregate_yge65,eco_isic4_i,2016,14.556
bol,sex_t,age_aggregate_yge65,eco_isic4_i,2017,16.695
bol,sex_t,age_aggregate_yge65,eco_isic4_i,2018,19.101
bol,sex_t,age_aggregate_yge65,eco_isic4_i,2019,16.685
bol,sex_t,age_aggregate_yge65,eco_isic4_i,2020,16.41
bol,sex_t,age_aggregate_yge65,eco_isic4_i,2021,19.486
bol,sex_t,age_aggregate_yge65,eco_isic4_i,2022,24.841
bol,sex_t,age_aggregate_yge65,eco_isic4_i,2023,24.974
bol,sex_t,age_aggregate_yge65,eco_isic4_i,2024,37.433
bol,sex_t,age_aggregate_yge65,eco_isic4_j,2016,0.363
bol,sex_t,age_aggregate_yge65,eco_isic4_j,2017,0.166
bol,sex_t,age_aggregate_yge65,eco_isic4_j,2018,0.632
bol,sex_t,age_aggregate_yge65,eco_isic4_j,2019,1.147
bol,sex_t,age_aggregate_yge65,eco_isic4_j,2021,0.494
bol,sex_t,age_aggregate_yge65,eco_isic4_j,2022,1.11
bol,sex_t,age_aggregate_yge65,eco_isic4_j,2024,1.137
bol,sex_t,age_aggregate_yge65,eco_isic4_k,2013,1.971
bol,sex_t,age_aggregate_yge65,eco_isic4_k,2016,0.544
bol,sex_t,age_aggregate_yge65,eco_isic4_k,2017,0.533
bol,sex_t,age_aggregate_yge65,eco_isic4_k,2018,0.618
bol,sex_t,age_aggregate_yge65,eco_isic4_k,2019,0.524
bol,sex_t,age_aggregate_yge65,eco_isic4_k,2022,0.271
bol,sex_t,age_aggregate_yge65,eco_isic4_k,2024,0.896
bol,sex_t,age_aggregate_yge65,eco_isic4_l,2016,4.096
bol,sex_t,age_aggregate_yge65,eco_isic4_l,2017,7.372
bol,sex_t,age_aggregate_yge65,eco_isic4_l,2018,7.359
bol,sex_t,age_aggregate_yge65,eco_isic4_l,2019,6.66
bol,sex_t,age_aggregate_yge65,eco_isic4_l,2021,8.67
bol,sex_t,age_aggregate_yge65,eco_isic4_l,2022,6.609
bol,sex_t,age_aggregate_yge65,eco_isic4_l,2023,7.418
bol,sex_t,age_aggregate_yge65,eco_isic4_l,2024,8.222
bol,sex_t,age_aggregate_yge65,eco_isic4_m,2011,3.981
bol,sex_t,age_aggregate_yge65,eco_isic4_m,2013,5.723
bol,sex_t,age_aggregate_yge65,eco_isic4_m,2014,2.581
bol,sex_t,age_aggregate_yge65,eco_isic4_m,2015,4.334
bol,sex_t,age_aggregate_yge65,eco_isic4_m,2016,3.264
bol,sex_t,age_aggregate_yge65,eco_isic4_m,2017,3.934
bol,sex_t,age_aggregate_yge65,eco_isic4_m,2018,3.736
bol,sex_t,age_aggregate_yge65,eco_isic4_m,2019,3.504
bol,sex_t,age_aggregate_yge65,eco_isic4_m,2020,3.97
bol,sex_t,age_aggregate_yge65,eco_isic4_m,2021,4.212
bol,sex_t,age_aggregate_yge65,eco_isic4_m,2022,5.592
bol,sex_t,age_aggregate_yge65,eco_isic4_m,2023,7.231
bol,sex_t,age_aggregate_yge65,eco_isic4_m,2024,6.26
bol,sex_t,age_aggregate_yge65,eco_isic4_n,2012,1.198
bol,sex_t,age_aggregate_yge65,eco_isic4_n,2013,1.574
bol,sex_t,age_aggregate_yge65,eco_isic4_n,2014,2.507
bol,sex_t,age_aggregate_yge65,eco_isic4_n,2015,2.321
bol,sex_t,age_aggregate_yge65,eco_isic4_n,2016,2.259
bol,sex_t,age_aggregate_yge65,eco_isic4_n,2017,2.031
bol,sex_t,age_aggregate_yge65,eco_isic4_n,2018,2.061
bol,sex_t,age_aggregate_yge65,eco_isic4_n,2019,2.548
bol,sex_t,age_aggregate_yge65,eco_isic4_n,2020,2.347
bol,sex_t,age_aggregate_yge65,eco_isic4_n,2021,4.748
bol,sex_t,age_aggregate_yge65,eco_isic4_n,2022,5.115
bol,sex_t,age_aggregate_yge65,eco_isic4_n,2023,4.537
bol,sex_t,age_aggregate_yge65,eco_isic4_n,2024,5.873
bol,sex_t,age_aggregate_yge65,eco_isic4_o,2011,1.251
bol,sex_t,age_aggregate_yge65,eco_isic4_o,2013,1.713
bol,sex_t,age_aggregate_yge65,eco_isic4_o,2014,2.006
bol,sex_t,age_aggregate_yge65,eco_isic4_o,2015,2.594
bol,sex_t,age_aggregate_yge65,eco_isic4_o,2016,2.985
bol,sex_t,age_aggregate_yge65,eco_isic4_o,2017,2.502
bol,sex_t,age_aggregate_yge65,eco_isic4_o,2018,2.187
bol,sex_t,age_aggregate_yge65,eco_isic4_o,2019,3.366
bol,sex_t,age_aggregate_yge65,eco_isic4_o,2020,2.842
bol,sex_t,age_aggregate_yge65,eco_isic4_o,2021,2.686
bol,sex_t,age_aggregate_yge65,eco_isic4_o,2022,1.793
bol,sex_t,age_aggregate_yge65,eco_isic4_o,2023,1.999
bol,sex_t,age_aggregate_yge65,eco_isic4_o,2024,3.118
bol,sex_t,age_aggregate_yge65,eco_isic4_p,2011,6.281
bol,sex_t,age_aggregate_yge65,eco_isic4_p,2012,6.378
bol,sex_t,age_aggregate_yge65,eco_isic4_p,2013,9.333
bol,sex_t,age_aggregate_yge65,eco_isic4_p,2014,6.75
bol,sex_t,age_aggregate_yge65,eco_isic4_p,2015,3.853
bol,sex_t,age_aggregate_yge65,eco_isic4_p,2016,7.416
bol,sex_t,age_aggregate_yge65,eco_isic4_p,2017,6.771
bol,sex_t,age_aggregate_yge65,eco_isic4_p,2018,8.596
bol,sex_t,age_aggregate_yge65,eco_isic4_p,2019,9.142
bol,sex_t,age_aggregate_yge65,eco_isic4_p,2020,10.708
bol,sex_t,age_aggregate_yge65,eco_isic4_p,2021,12.154
bol,sex_t,age_aggregate_yge65,eco_isic4_p,2022,12.929
bol,sex_t,age_aggregate_yge65,eco_isic4_p,2023,18.667
bol,sex_t,age_aggregate_yge65,eco_isic4_p,2024,16.731
bol,sex_t,age_aggregate_yge65,eco_isic4_q,2011,1.908
bol,sex_t,age_aggregate_yge65,eco_isic4_q,2012,3.224
bol,sex_t,age_aggregate_yge65,eco_isic4_q,2013,4.087
bol,sex_t,age_aggregate_yge65,eco_isic4_q,2014,3.84
bol,sex_t,age_aggregate_yge65,eco_isic4_q,2015,5.136
bol,sex_t,age_aggregate_yge65,eco_isic4_q,2016,4.528
bol,sex_t,age_aggregate_yge65,eco_isic4_q,2017,4.634
bol,sex_t,age_aggregate_yge65,eco_isic4_q,2018,5.463
bol,sex_t,age_aggregate_yge65,eco_isic4_q,2019,6.34
bol,sex_t,age_aggregate_yge65,eco_isic4_q,2020,6.887
bol,sex_t,age_aggregate_yge65,eco_isic4_q,2021,3.289
bol,sex_t,age_aggregate_yge65,eco_isic4_q,2022,3.506
bol,sex_t,age_aggregate_yge65,eco_isic4_q,2023,5.406
bol,sex_t,age_aggregate_yge65,eco_isic4_q,2024,6.083
bol,sex_t,age_aggregate_yge65,eco_isic4_r,2012,1.031
bol,sex_t,age_aggregate_yge65,eco_isic4_r,2013,2.311
bol,sex_t,age_aggregate_yge65,eco_isic4_r,2014,1.108
bol,sex_t,age_aggregate_yge65,eco_isic4_r,2016,1.144
bol,sex_t,age_aggregate_yge65,eco_isic4_r,2017,1
bol,sex_t,age_aggregate_yge65,eco_isic4_r,2018,1.832
bol,sex_t,age_aggregate_yge65,eco_isic4_r,2019,1.946
bol,sex_t,age_aggregate_yge65,eco_isic4_r,2021,0.796
bol,sex_t,age_aggregate_yge65,eco_isic4_r,2022,1.438
bol,sex_t,age_aggregate_yge65,eco_isic4_r,2023,1.118
bol,sex_t,age_aggregate_yge65,eco_isic4_r,2024,1.64
bol,sex_t,age_aggregate_yge65,eco_isic4_s,2011,7.448
bol,sex_t,age_aggregate_yge65,eco_isic4_s,2012,5.968
bol,sex_t,age_aggregate_yge65,eco_isic4_s,2013,6.09
bol,sex_t,age_aggregate_yge65,eco_isic4_s,2014,6.026
bol,sex_t,age_aggregate_yge65,eco_isic4_s,2015,4.966
bol,sex_t,age_aggregate_yge65,eco_isic4_s,2016,6.206
bol,sex_t,age_aggregate_yge65,eco_isic4_s,2017,8.684
bol,sex_t,age_aggregate_yge65,eco_isic4_s,2018,7.704
bol,sex_t,age_aggregate_yge65,eco_isic4_s,2019,10.441
bol,sex_t,age_aggregate_yge65,eco_isic4_s,2020,10.704
bol,sex_t,age_aggregate_yge65,eco_isic4_s,2021,9.362
bol,sex_t,age_aggregate_yge65,eco_isic4_s,2022,10.396
bol,sex_t,age_aggregate_yge65,eco_isic4_s,2023,10.153
bol,sex_t,age_aggregate_yge65,eco_isic4_s,2024,11.493
bol,sex_t,age_aggregate_yge65,eco_isic4_t,2011,1.678
bol,sex_t,age_aggregate_yge65,eco_isic4_t,2012,3.531
bol,sex_t,age_aggregate_yge65,eco_isic4_t,2013,1.392
bol,sex_t,age_aggregate_yge65,eco_isic4_t,2014,1.328
bol,sex_t,age_aggregate_yge65,eco_isic4_t,2015,3.316
bol,sex_t,age_aggregate_yge65,eco_isic4_t,2016,2.596
bol,sex_t,age_aggregate_yge65,eco_isic4_t,2017,2.414
bol,sex_t,age_aggregate_yge65,eco_isic4_t,2018,2.454
bol,sex_t,age_aggregate_yge65,eco_isic4_t,2019,2.753
bol,sex_t,age_aggregate_yge65,eco_isic4_t,2020,3.243
bol,sex_t,age_aggregate_yge65,eco_isic4_t,2021,2.267
bol,sex_t,age_aggregate_yge65,eco_isic4_t,2022,3.556
bol,sex_t,age_aggregate_yge65,eco_isic4_t,2023,2.777
bol,sex_t,age_aggregate_yge65,eco_isic4_t,2024,3.105
bol,sex_t,age_aggregate_yge65,eco_isic4_total,2011,303.805
bol,sex_t,age_aggregate_yge65,eco_isic4_total,2012,321.49
bol,sex_t,age_aggregate_yge65,eco_isic4_total,2013,420.296
bol,sex_t,age_aggregate_yge65,eco_isic4_total,2014,376.03
bol,sex_t,age_aggregate_yge65,eco_isic4_total,2015,367.944
bol,sex_t,age_aggregate_yge65,eco_isic4_total,2016,367.864
bol,sex_t,age_aggregate_yge65,eco_isic4_total,2017,432.197
bol,sex_t,age_aggregate_yge65,eco_isic4_total,2018,480.974
bol,sex_t,age_aggregate_yge65,eco_isic4_total,2019,460.429
bol,sex_t,age_aggregate_yge65,eco_isic4_total,2020,491.557
bol,sex_t,age_aggregate_yge65,eco_isic4_total,2021,517.988
bol,sex_t,age_aggregate_yge65,eco_isic4_total,2022,508.689
bol,sex_t,age_aggregate_yge65,eco_isic4_total,2023,566.96
bol,sex_t,age_aggregate_yge65,eco_isic4_total,2024,609.605
bol,sex_t,age_aggregate_yge65,eco_isic4_x,2024,0.233
bol,sex_t,age_aggregate_yge65,eco_sector_agr,1991,1.387
bol,sex_t,age_aggregate_yge65,eco_sector_agr,1992,1.476
bol,sex_t,age_aggregate_yge65,eco_sector_agr,1993,1.323
bol,sex_t,age_aggregate_yge65,eco_sector_agr,1994,1.303
bol,sex_t,age_aggregate_yge65,eco_sector_agr,1995,1.694
bol,sex_t,age_aggregate_yge65,eco_sector_agr,2000,131.363
bol,sex_t,age_aggregate_yge65,eco_sector_agr,2001,156.984
bol,sex_t,age_aggregate_yge65,eco_sector_agr,2002,147.336
bol,sex_t,age_aggregate_yge65,eco_sector_agr,2005,202.939
bol,sex_t,age_aggregate_yge65,eco_sector_agr,2006,180.347
bol,sex_t,age_aggregate_yge65,eco_sector_agr,2007,210.429
bol,sex_t,age_aggregate_yge65,eco_sector_agr,2008,190.968
bol,sex_t,age_aggregate_yge65,eco_sector_agr,2009,197.471
bol,sex_t,age_aggregate_yge65,eco_sector_agr,2011,179.858
bol,sex_t,age_aggregate_yge65,eco_sector_agr,2012,195.291
bol,sex_t,age_aggregate_yge65,eco_sector_agr,2013,281.772
bol,sex_t,age_aggregate_yge65,eco_sector_agr,2014,236.221
bol,sex_t,age_aggregate_yge65,eco_sector_agr,2015,233.764
bol,sex_t,age_aggregate_yge65,eco_sector_agr,2016,214.976
bol,sex_t,age_aggregate_yge65,eco_sector_agr,2017,264.626
bol,sex_t,age_aggregate_yge65,eco_sector_agr,2018,297.407
bol,sex_t,age_aggregate_yge65,eco_sector_agr,2019,261.275
bol,sex_t,age_aggregate_yge65,eco_sector_agr,2020,320.223
bol,sex_t,age_aggregate_yge65,eco_sector_agr,2021,310.88
bol,sex_t,age_aggregate_yge65,eco_sector_agr,2022,272.595
bol,sex_t,age_aggregate_yge65,eco_sector_agr,2023,300.088
bol,sex_t,age_aggregate_yge65,eco_sector_agr,2024,314.407
bol,sex_t,age_aggregate_yge65,eco_sector_ind,1989,4.717
bol,sex_t,age_aggregate_yge65,eco_sector_ind,1990,3.794
bol,sex_t,age_aggregate_yge65,eco_sector_ind,1991,5.248
bol,sex_t,age_aggregate_yge65,eco_sector_ind,1992,7.011
bol,sex_t,age_aggregate_yge65,eco_sector_ind,1993,5.718
bol,sex_t,age_aggregate_yge65,eco_sector_ind,1994,5.632
bol,sex_t,age_aggregate_yge65,eco_sector_ind,1995,9.155
bol,sex_t,age_aggregate_yge65,eco_sector_ind,1999,8.704
bol,sex_t,age_aggregate_yge65,eco_sector_ind,2000,19.658
bol,sex_t,age_aggregate_yge65,eco_sector_ind,2001,21.064
bol,sex_t,age_aggregate_yge65,eco_sector_ind,2002,13.619
bol,sex_t,age_aggregate_yge65,eco_sector_ind,2005,28.862
bol,sex_t,age_aggregate_yge65,eco_sector_ind,2006,25.203
bol,sex_t,age_aggregate_yge65,eco_sector_ind,2007,34.746
bol,sex_t,age_aggregate_yge65,eco_sector_ind,2008,36.584
bol,sex_t,age_aggregate_yge65,eco_sector_ind,2009,30.298
bol,sex_t,age_aggregate_yge65,eco_sector_ind,2011,27.332
bol,sex_t,age_aggregate_yge65,eco_sector_ind,2012,27.197
bol,sex_t,age_aggregate_yge65,eco_sector_ind,2013,27.138
bol,sex_t,age_aggregate_yge65,eco_sector_ind,2014,35.577
bol,sex_t,age_aggregate_yge65,eco_sector_ind,2015,26.087
bol,sex_t,age_aggregate_yge65,eco_sector_ind,2016,32.16
bol,sex_t,age_aggregate_yge65,eco_sector_ind,2017,33.553
bol,sex_t,age_aggregate_yge65,eco_sector_ind,2018,37.488
bol,sex_t,age_aggregate_yge65,eco_sector_ind,2019,45.123
bol,sex_t,age_aggregate_yge65,eco_sector_ind,2020,31.062
bol,sex_t,age_aggregate_yge65,eco_sector_ind,2021,47.487
bol,sex_t,age_aggregate_yge65,eco_sector_ind,2022,52.343
bol,sex_t,age_aggregate_yge65,eco_sector_ind,2023,60.977
bol,sex_t,age_aggregate_yge65,eco_sector_ind,2024,75.336
bol,sex_t,age_aggregate_yge65,eco_sector_nag,1989,25.03
bol,sex_t,age_aggregate_yge65,eco_sector_nag,1990,23.352
bol,sex_t,age_aggregate_yge65,eco_sector_nag,1991,23.746
bol,sex_t,age_aggregate_yge65,eco_sector_nag,1992,23.999
bol,sex_t,age_aggregate_yge65,eco_sector_nag,1993,23.74
bol,sex_t,age_aggregate_yge65,eco_sector_nag,1994,26.488
bol,sex_t,age_aggregate_yge65,eco_sector_nag,1995,30.861
bol,sex_t,age_aggregate_yge65,eco_sector_nag,1999,232.61
bol,sex_t,age_aggregate_yge65,eco_sector_nag,2000,69.75
bol,sex_t,age_aggregate_yge65,eco_sector_nag,2001,68.09
bol,sex_t,age_aggregate_yge65,eco_sector_nag,2002,58.049
bol,sex_t,age_aggregate_yge65,eco_sector_nag,2005,90.703
bol,sex_t,age_aggregate_yge65,eco_sector_nag,2006,83.644
bol,sex_t,age_aggregate_yge65,eco_sector_nag,2007,120.275
bol,sex_t,age_aggregate_yge65,eco_sector_nag,2008,114.899
bol,sex_t,age_aggregate_yge65,eco_sector_nag,2009,107.995
bol,sex_t,age_aggregate_yge65,eco_sector_nag,2011,123.947
bol,sex_t,age_aggregate_yge65,eco_sector_nag,2012,126.199
bol,sex_t,age_aggregate_yge65,eco_sector_nag,2013,138.524
bol,sex_t,age_aggregate_yge65,eco_sector_nag,2014,139.809
bol,sex_t,age_aggregate_yge65,eco_sector_nag,2015,134.18
bol,sex_t,age_aggregate_yge65,eco_sector_nag,2016,152.888
bol,sex_t,age_aggregate_yge65,eco_sector_nag,2017,167.571
bol,sex_t,age_aggregate_yge65,eco_sector_nag,2018,183.567
bol,sex_t,age_aggregate_yge65,eco_sector_nag,2019,199.154
bol,sex_t,age_aggregate_yge65,eco_sector_nag,2020,171.333
bol,sex_t,age_aggregate_yge65,eco_sector_nag,2021,207.108
bol,sex_t,age_aggregate_yge65,eco_sector_nag,2022,236.094
bol,sex_t,age_aggregate_yge65,eco_sector_nag,2023,266.872
bol,sex_t,age_aggregate_yge65,eco_sector_nag,2024,295.198
bol,sex_t,age_aggregate_yge65,eco_sector_ser,1989,19.972
bol,sex_t,age_aggregate_yge65,eco_sector_ser,1990,18.882
bol,sex_t,age_aggregate_yge65,eco_sector_ser,1991,18.498
bol,sex_t,age_aggregate_yge65,eco_sector_ser,1992,16.988
bol,sex_t,age_aggregate_yge65,eco_sector_ser,1993,18.022
bol,sex_t,age_aggregate_yge65,eco_sector_ser,1994,20.856
bol,sex_t,age_aggregate_yge65,eco_sector_ser,1995,21.644
bol,sex_t,age_aggregate_yge65,eco_sector_ser,1999,218.665
bol,sex_t,age_aggregate_yge65,eco_sector_ser,2000,49.393
bol,sex_t,age_aggregate_yge65,eco_sector_ser,2001,45.727
bol,sex_t,age_aggregate_yge65,eco_sector_ser,2002,44.43
bol,sex_t,age_aggregate_yge65,eco_sector_ser,2005,61.841
bol,sex_t,age_aggregate_yge65,eco_sector_ser,2006,58.441
bol,sex_t,age_aggregate_yge65,eco_sector_ser,2007,85.529
bol,sex_t,age_aggregate_yge65,eco_sector_ser,2008,78.315
bol,sex_t,age_aggregate_yge65,eco_sector_ser,2009,77.697
bol,sex_t,age_aggregate_yge65,eco_sector_ser,2011,96.615
bol,sex_t,age_aggregate_yge65,eco_sector_ser,2012,99.002
bol,sex_t,age_aggregate_yge65,eco_sector_ser,2013,111.386
bol,sex_t,age_aggregate_yge65,eco_sector_ser,2014,103.719
bol,sex_t,age_aggregate_yge65,eco_sector_ser,2015,107.87
bol,sex_t,age_aggregate_yge65,eco_sector_ser,2016,120.691
bol,sex_t,age_aggregate_yge65,eco_sector_ser,2017,134.018
bol,sex_t,age_aggregate_yge65,eco_sector_ser,2018,146.079
bol,sex_t,age_aggregate_yge65,eco_sector_ser,2019,154.031
bol,sex_t,age_aggregate_yge65,eco_sector_ser,2020,140.272
bol,sex_t,age_aggregate_yge65,eco_sector_ser,2021,159.621
bol,sex_t,age_aggregate_yge65,eco_sector_ser,2022,183.751
bol,sex_t,age_aggregate_yge65,eco_sector_ser,2023,205.895
bol,sex_t,age_aggregate_yge65,eco_sector_ser,2024,219.63
bol,sex_t,age_aggregate_yge65,eco_sector_total,1989,25.03
bol,sex_t,age_aggregate_yge65,eco_sector_total,1990,23.352
bol,sex_t,age_aggregate_yge65,eco_sector_total,1991,25.133
bol,sex_t,age_aggregate_yge65,eco_sector_total,1992,25.475
bol,sex_t,age_aggregate_yge65,eco_sector_total,1993,25.063
bol,sex_t,age_aggregate_yge65,eco_sector_total,1994,27.791
bol,sex_t,age_aggregate_yge65,eco_sector_total,1995,32.555
bol,sex_t,age_aggregate_yge65,eco_sector_total,1999,232.61
bol,sex_t,age_aggregate_yge65,eco_sector_total,2000,201.113
bol,sex_t,age_aggregate_yge65,eco_sector_total,2001,225.074
bol,sex_t,age_aggregate_yge65,eco_sector_total,2002,205.385
bol,sex_t,age_aggregate_yge65,eco_sector_total,2005,293.642
bol,sex_t,age_aggregate_yge65,eco_sector_total,2006,263.991
bol,sex_t,age_aggregate_yge65,eco_sector_total,2007,330.704
bol,sex_t,age_aggregate_yge65,eco_sector_total,2008,305.867
bol,sex_t,age_aggregate_yge65,eco_sector_total,2009,305.466
bol,sex_t,age_aggregate_yge65,eco_sector_total,2011,303.805
bol,sex_t,age_aggregate_yge65,eco_sector_total,2012,321.49
bol,sex_t,age_aggregate_yge65,eco_sector_total,2013,420.296
bol,sex_t,age_aggregate_yge65,eco_sector_total,2014,376.03
bol,sex_t,age_aggregate_yge65,eco_sector_total,2015,367.944
bol,sex_t,age_aggregate_yge65,eco_sector_total,2016,367.864
bol,sex_t,age_aggregate_yge65,eco_sector_total,2017,432.197
bol,sex_t,age_aggregate_yge65,eco_sector_total,2018,480.974
bol,sex_t,age_aggregate_yge65,eco_sector_total,2019,460.429
bol,sex_t,age_aggregate_yge65,eco_sector_total,2020,491.557
bol,sex_t,age_aggregate_yge65,eco_sector_total,2021,517.988
bol,sex_t,age_aggregate_yge65,eco_sector_total,2022,508.689
bol,sex_t,age_aggregate_yge65,eco_sector_total,2023,566.96
bol,sex_t,age_aggregate_yge65,eco_sector_total,2024,609.605
bol,sex_t,age_aggregate_yge65,eco_sector_x,1989,0.341
bol,sex_t,age_aggregate_yge65,eco_sector_x,1990,0.676
bol,sex_t,age_aggregate_yge65,eco_sector_x,1999,5.241
bol,sex_t,age_aggregate_yge65,eco_sector_x,2001,1.299
bol,sex_t,age_aggregate_yge65,eco_sector_x,2024,0.233
bol,sex_t,age_ythadult_y15_24,eco_aggregate_agr,1991,3.478
bol,sex_t,age_ythadult_y15_24,eco_aggregate_agr,1992,2.517
bol,sex_t,age_ythadult_y15_24,eco_aggregate_agr,1993,3.565
bol,sex_t,age_ythadult_y15_24,eco_aggregate_agr,1994,3.201
bol,sex_t,age_ythadult_y15_24,eco_aggregate_agr,1995,4.092
bol,sex_t,age_ythadult_y15_24,eco_aggregate_agr,2000,300.827
bol,sex_t,age_ythadult_y15_24,eco_aggregate_agr,2001,388.944
bol,sex_t,age_ythadult_y15_24,eco_aggregate_agr,2002,385.024
bol,sex_t,age_ythadult_y15_24,eco_aggregate_agr,2005,297.685
bol,sex_t,age_ythadult_y15_24,eco_aggregate_agr,2006,364.012
bol,sex_t,age_ythadult_y15_24,eco_aggregate_agr,2007,359.92
bol,sex_t,age_ythadult_y15_24,eco_aggregate_agr,2008,318.132
bol,sex_t,age_ythadult_y15_24,eco_aggregate_agr,2009,292.822
bol,sex_t,age_ythadult_y15_24,eco_aggregate_agr,2011,361.874
bol,sex_t,age_ythadult_y15_24,eco_aggregate_agr,2012,306.065
bol,sex_t,age_ythadult_y15_24,eco_aggregate_agr,2013,294.634
bol,sex_t,age_ythadult_y15_24,eco_aggregate_agr,2014,312.033
bol,sex_t,age_ythadult_y15_24,eco_aggregate_agr,2015,258.734
bol,sex_t,age_ythadult_y15_24,eco_aggregate_agr,2016,277.021
bol,sex_t,age_ythadult_y15_24,eco_aggregate_agr,2017,294.184
bol,sex_t,age_ythadult_y15_24,eco_aggregate_agr,2018,305.876
bol,sex_t,age_ythadult_y15_24,eco_aggregate_agr,2019,275.156
bol,sex_t,age_ythadult_y15_24,eco_aggregate_agr,2020,291.491
bol,sex_t,age_ythadult_y15_24,eco_aggregate_agr,2021,336.203
bol,sex_t,age_ythadult_y15_24,eco_aggregate_agr,2022,302.778
bol,sex_t,age_ythadult_y15_24,eco_aggregate_agr,2023,305.879
bol,sex_t,age_ythadult_y15_24,eco_aggregate_agr,2024,270.132
bol,sex_t,age_ythadult_y15_24,eco_aggregate_con,1991,21.627
bol,sex_t,age_ythadult_y15_24,eco_aggregate_con,1992,22.997
bol,sex_t,age_ythadult_y15_24,eco_aggregate_con,1993,21.07
bol,sex_t,age_ythadult_y15_24,eco_aggregate_con,1994,28.582
bol,sex_t,age_ythadult_y15_24,eco_aggregate_con,1995,26.301
bol,sex_t,age_ythadult_y15_24,eco_aggregate_con,2000,58.113
bol,sex_t,age_ythadult_y15_24,eco_aggregate_con,2001,40.748
bol,sex_t,age_ythadult_y15_24,eco_aggregate_con,2002,41.078
bol,sex_t,age_ythadult_y15_24,eco_aggregate_con,2005,46.676
bol,sex_t,age_ythadult_y15_24,eco_aggregate_con,2006,62.528
bol,sex_t,age_ythadult_y15_24,eco_aggregate_con,2007,85.923
bol,sex_t,age_ythadult_y15_24,eco_aggregate_con,2008,68.162
bol,sex_t,age_ythadult_y15_24,eco_aggregate_con,2009,83.068
bol,sex_t,age_ythadult_y15_24,eco_aggregate_con,2011,98.885
bol,sex_t,age_ythadult_y15_24,eco_aggregate_con,2012,69.497
bol,sex_t,age_ythadult_y15_24,eco_aggregate_con,2013,74.457
bol,sex_t,age_ythadult_y15_24,eco_aggregate_con,2014,109.813
bol,sex_t,age_ythadult_y15_24,eco_aggregate_con,2015,105.629
bol,sex_t,age_ythadult_y15_24,eco_aggregate_con,2016,94.839
bol,sex_t,age_ythadult_y15_24,eco_aggregate_con,2017,94.455
bol,sex_t,age_ythadult_y15_24,eco_aggregate_con,2018,83.784
bol,sex_t,age_ythadult_y15_24,eco_aggregate_con,2019,87.132
bol,sex_t,age_ythadult_y15_24,eco_aggregate_con,2020,82.036
bol,sex_t,age_ythadult_y15_24,eco_aggregate_con,2021,90.151
bol,sex_t,age_ythadult_y15_24,eco_aggregate_con,2022,81.67
bol,sex_t,age_ythadult_y15_24,eco_aggregate_con,2023,78.545
bol,sex_t,age_ythadult_y15_24,eco_aggregate_con,2024,83.559
bol,sex_t,age_ythadult_y15_24,eco_aggregate_man,1989,28.782
bol,sex_t,age_ythadult_y15_24,eco_aggregate_man,1990,41.467
bol,sex_t,age_ythadult_y15_24,eco_aggregate_man,1991,48.353
bol,sex_t,age_ythadult_y15_24,eco_aggregate_man,1992,53.518
bol,sex_t,age_ythadult_y15_24,eco_aggregate_man,1993,57.057
bol,sex_t,age_ythadult_y15_24,eco_aggregate_man,1994,61.212
bol,sex_t,age_ythadult_y15_24,eco_aggregate_man,1995,68.115
bol,sex_t,age_ythadult_y15_24,eco_aggregate_man,1999,39.393
bol,sex_t,age_ythadult_y15_24,eco_aggregate_man,2000,98.026
bol,sex_t,age_ythadult_y15_24,eco_aggregate_man,2001,92.434
bol,sex_t,age_ythadult_y15_24,eco_aggregate_man,2002,90.483
bol,sex_t,age_ythadult_y15_24,eco_aggregate_man,2005,108.898
bol,sex_t,age_ythadult_y15_24,eco_aggregate_man,2006,105.955
bol,sex_t,age_ythadult_y15_24,eco_aggregate_man,2007,110.642
bol,sex_t,age_ythadult_y15_24,eco_aggregate_man,2008,109.14
bol,sex_t,age_ythadult_y15_24,eco_aggregate_man,2009,135.684
bol,sex_t,age_ythadult_y15_24,eco_aggregate_man,2011,85.517
bol,sex_t,age_ythadult_y15_24,eco_aggregate_man,2012,68.775
bol,sex_t,age_ythadult_y15_24,eco_aggregate_man,2013,73.933
bol,sex_t,age_ythadult_y15_24,eco_aggregate_man,2014,109.001
bol,sex_t,age_ythadult_y15_24,eco_aggregate_man,2015,80.454
bol,sex_t,age_ythadult_y15_24,eco_aggregate_man,2016,91.744
bol,sex_t,age_ythadult_y15_24,eco_aggregate_man,2017,88.916
bol,sex_t,age_ythadult_y15_24,eco_aggregate_man,2018,98.85
bol,sex_t,age_ythadult_y15_24,eco_aggregate_man,2019,118.85
bol,sex_t,age_ythadult_y15_24,eco_aggregate_man,2020,80.438
bol,sex_t,age_ythadult_y15_24,eco_aggregate_man,2021,147.354
bol,sex_t,age_ythadult_y15_24,eco_aggregate_man,2022,147.969
bol,sex_t,age_ythadult_y15_24,eco_aggregate_man,2023,146.729
bol,sex_t,age_ythadult_y15_24,eco_aggregate_man,2024,165.293
bol,sex_t,age_ythadult_y15_24,eco_aggregate_mel,1989,3.688
bol,sex_t,age_ythadult_y15_24,eco_aggregate_mel,1990,1.667
bol,sex_t,age_ythadult_y15_24,eco_aggregate_mel,1991,3.371
bol,sex_t,age_ythadult_y15_24,eco_aggregate_mel,1992,2.71
bol,sex_t,age_ythadult_y15_24,eco_aggregate_mel,1993,2.214
bol,sex_t,age_ythadult_y15_24,eco_aggregate_mel,1994,2.689
bol,sex_t,age_ythadult_y15_24,eco_aggregate_mel,1995,1.874
bol,sex_t,age_ythadult_y15_24,eco_aggregate_mel,1999,27.043
bol,sex_t,age_ythadult_y15_24,eco_aggregate_mel,2000,12.464
bol,sex_t,age_ythadult_y15_24,eco_aggregate_mel,2001,7.718
bol,sex_t,age_ythadult_y15_24,eco_aggregate_mel,2002,4.774
bol,sex_t,age_ythadult_y15_24,eco_aggregate_mel,2005,17.177
bol,sex_t,age_ythadult_y15_24,eco_aggregate_mel,2006,13.396
bol,sex_t,age_ythadult_y15_24,eco_aggregate_mel,2007,16.008
bol,sex_t,age_ythadult_y15_24,eco_aggregate_mel,2008,17.445
bol,sex_t,age_ythadult_y15_24,eco_aggregate_mel,2009,11.525
bol,sex_t,age_ythadult_y15_24,eco_aggregate_mel,2011,16.404
bol,sex_t,age_ythadult_y15_24,eco_aggregate_mel,2012,24.563
bol,sex_t,age_ythadult_y15_24,eco_aggregate_mel,2013,21.602
bol,sex_t,age_ythadult_y15_24,eco_aggregate_mel,2014,20.664
bol,sex_t,age_ythadult_y15_24,eco_aggregate_mel,2015,23.087
bol,sex_t,age_ythadult_y15_24,eco_aggregate_mel,2016,14.795
bol,sex_t,age_ythadult_y15_24,eco_aggregate_mel,2017,11.432
bol,sex_t,age_ythadult_y15_24,eco_aggregate_mel,2018,15.486
bol,sex_t,age_ythadult_y15_24,eco_aggregate_mel,2019,13.319
bol,sex_t,age_ythadult_y15_24,eco_aggregate_mel,2020,4.562
bol,sex_t,age_ythadult_y15_24,eco_aggregate_mel,2021,19.394
bol,sex_t,age_ythadult_y15_24,eco_aggregate_mel,2022,17.185
bol,sex_t,age_ythadult_y15_24,eco_aggregate_mel,2023,12.025
bol,sex_t,age_ythadult_y15_24,eco_aggregate_mel,2024,19.588
bol,sex_t,age_ythadult_y15_24,eco_aggregate_mkt,1989,72.132
bol,sex_t,age_ythadult_y15_24,eco_aggregate_mkt,1990,68.784
bol,sex_t,age_ythadult_y15_24,eco_aggregate_mkt,1991,76.895
bol,sex_t,age_ythadult_y15_24,eco_aggregate_mkt,1992,82.171
bol,sex_t,age_ythadult_y15_24,eco_aggregate_mkt,1993,103.006
bol,sex_t,age_ythadult_y15_24,eco_aggregate_mkt,1994,112.975
bol,sex_t,age_ythadult_y15_24,eco_aggregate_mkt,1995,124.898
bol,sex_t,age_ythadult_y15_24,eco_aggregate_mkt,1999,632.917
bol,sex_t,age_ythadult_y15_24,eco_aggregate_mkt,2000,167.692
bol,sex_t,age_ythadult_y15_24,eco_aggregate_mkt,2001,224.699
bol,sex_t,age_ythadult_y15_24,eco_aggregate_mkt,2002,219.397
bol,sex_t,age_ythadult_y15_24,eco_aggregate_mkt,2005,218.089
bol,sex_t,age_ythadult_y15_24,eco_aggregate_mkt,2006,256.229
bol,sex_t,age_ythadult_y15_24,eco_aggregate_mkt,2007,216.27
bol,sex_t,age_ythadult_y15_24,eco_aggregate_mkt,2008,303.056
bol,sex_t,age_ythadult_y15_24,eco_aggregate_mkt,2009,301.515
bol,sex_t,age_ythadult_y15_24,eco_aggregate_mkt,2011,330.165
bol,sex_t,age_ythadult_y15_24,eco_aggregate_mkt,2012,292.887
bol,sex_t,age_ythadult_y15_24,eco_aggregate_mkt,2013,282.027
bol,sex_t,age_ythadult_y15_24,eco_aggregate_mkt,2014,318.051
bol,sex_t,age_ythadult_y15_24,eco_aggregate_mkt,2015,284.304
bol,sex_t,age_ythadult_y15_24,eco_aggregate_mkt,2016,279.402
bol,sex_t,age_ythadult_y15_24,eco_aggregate_mkt,2017,301.236
bol,sex_t,age_ythadult_y15_24,eco_aggregate_mkt,2018,352.51
bol,sex_t,age_ythadult_y15_24,eco_aggregate_mkt,2019,404.306
bol,sex_t,age_ythadult_y15_24,eco_aggregate_mkt,2020,295.636
bol,sex_t,age_ythadult_y15_24,eco_aggregate_mkt,2021,522.231
bol,sex_t,age_ythadult_y15_24,eco_aggregate_mkt,2022,566.61
bol,sex_t,age_ythadult_y15_24,eco_aggregate_mkt,2023,555.098
bol,sex_t,age_ythadult_y15_24,eco_aggregate_mkt,2024,594.886
bol,sex_t,age_ythadult_y15_24,eco_aggregate_pub,1989,76.698
bol,sex_t,age_ythadult_y15_24,eco_aggregate_pub,1990,85.163
bol,sex_t,age_ythadult_y15_24,eco_aggregate_pub,1991,67.751
bol,sex_t,age_ythadult_y15_24,eco_aggregate_pub,1992,62.514
bol,sex_t,age_ythadult_y15_24,eco_aggregate_pub,1993,72.803
bol,sex_t,age_ythadult_y15_24,eco_aggregate_pub,1994,63.502
bol,sex_t,age_ythadult_y15_24,eco_aggregate_pub,1995,69.347
bol,sex_t,age_ythadult_y15_24,eco_aggregate_pub,1999,104.252
bol,sex_t,age_ythadult_y15_24,eco_aggregate_pub,2000,107.621
bol,sex_t,age_ythadult_y15_24,eco_aggregate_pub,2001,117.997
bol,sex_t,age_ythadult_y15_24,eco_aggregate_pub,2002,101.438
bol,sex_t,age_ythadult_y15_24,eco_aggregate_pub,2005,110.687
bol,sex_t,age_ythadult_y15_24,eco_aggregate_pub,2006,114.725
bol,sex_t,age_ythadult_y15_24,eco_aggregate_pub,2007,127.02
bol,sex_t,age_ythadult_y15_24,eco_aggregate_pub,2008,119.296
bol,sex_t,age_ythadult_y15_24,eco_aggregate_pub,2009,126.16
bol,sex_t,age_ythadult_y15_24,eco_aggregate_pub,2011,92.322
bol,sex_t,age_ythadult_y15_24,eco_aggregate_pub,2012,98.032
bol,sex_t,age_ythadult_y15_24,eco_aggregate_pub,2013,95.653
bol,sex_t,age_ythadult_y15_24,eco_aggregate_pub,2014,101.591
bol,sex_t,age_ythadult_y15_24,eco_aggregate_pub,2015,86.133
bol,sex_t,age_ythadult_y15_24,eco_aggregate_pub,2016,90.767
bol,sex_t,age_ythadult_y15_24,eco_aggregate_pub,2017,79.78
bol,sex_t,age_ythadult_y15_24,eco_aggregate_pub,2018,80.263
bol,sex_t,age_ythadult_y15_24,eco_aggregate_pub,2019,94.016
bol,sex_t,age_ythadult_y15_24,eco_aggregate_pub,2020,58.229
bol,sex_t,age_ythadult_y15_24,eco_aggregate_pub,2021,90.718
bol,sex_t,age_ythadult_y15_24,eco_aggregate_pub,2022,111.301
bol,sex_t,age_ythadult_y15_24,eco_aggregate_pub,2023,120.85
bol,sex_t,age_ythadult_y15_24,eco_aggregate_pub,2024,132.075
bol,sex_t,age_ythadult_y15_24,eco_aggregate_total,1989,187.202
bol,sex_t,age_ythadult_y15_24,eco_aggregate_total,1990,204.991
bol,sex_t,age_ythadult_y15_24,eco_aggregate_total,1991,221.498
bol,sex_t,age_ythadult_y15_24,eco_aggregate_total,1992,226.598
bol,sex_t,age_ythadult_y15_24,eco_aggregate_total,1993,259.715
bol,sex_t,age_ythadult_y15_24,eco_aggregate_total,1994,272.161
bol,sex_t,age_ythadult_y15_24,eco_aggregate_total,1995,294.696
bol,sex_t,age_ythadult_y15_24,eco_aggregate_total,1999,845.664
bol,sex_t,age_ythadult_y15_24,eco_aggregate_total,2000,753.601
bol,sex_t,age_ythadult_y15_24,eco_aggregate_total,2001,880.966
bol,sex_t,age_ythadult_y15_24,eco_aggregate_total,2002,842.194
bol,sex_t,age_ythadult_y15_24,eco_aggregate_total,2005,799.212
bol,sex_t,age_ythadult_y15_24,eco_aggregate_total,2006,916.845
bol,sex_t,age_ythadult_y15_24,eco_aggregate_total,2007,915.783
bol,sex_t,age_ythadult_y15_24,eco_aggregate_total,2008,935.231
bol,sex_t,age_ythadult_y15_24,eco_aggregate_total,2009,950.774
bol,sex_t,age_ythadult_y15_24,eco_aggregate_total,2011,985.167
bol,sex_t,age_ythadult_y15_24,eco_aggregate_total,2012,859.819
bol,sex_t,age_ythadult_y15_24,eco_aggregate_total,2013,842.306
bol,sex_t,age_ythadult_y15_24,eco_aggregate_total,2014,971.469
bol,sex_t,age_ythadult_y15_24,eco_aggregate_total,2015,840.124
bol,sex_t,age_ythadult_y15_24,eco_aggregate_total,2016,848.604
bol,sex_t,age_ythadult_y15_24,eco_aggregate_total,2017,870.58
bol,sex_t,age_ythadult_y15_24,eco_aggregate_total,2018,936.769
bol,sex_t,age_ythadult_y15_24,eco_aggregate_total,2019,992.779
bol,sex_t,age_ythadult_y15_24,eco_aggregate_total,2020,814.869
bol,sex_t,age_ythadult_y15_24,eco_aggregate_total,2021,1208.755
bol,sex_t,age_ythadult_y15_24,eco_aggregate_total,2022,1230.875
bol,sex_t,age_ythadult_y15_24,eco_aggregate_total,2023,1222.63
bol,sex_t,age_ythadult_y15_24,eco_aggregate_total,2024,1270.692
bol,sex_t,age_ythadult_y15_24,eco_aggregate_x,1989,5.902
bol,sex_t,age_ythadult_y15_24,eco_aggregate_x,1990,7.91
bol,sex_t,age_ythadult_y15_24,eco_aggregate_x,1999,42.059
bol,sex_t,age_ythadult_y15_24,eco_aggregate_x,2000,8.858
bol,sex_t,age_ythadult_y15_24,eco_aggregate_x,2001,8.426
bol,sex_t,age_ythadult_y15_24,eco_aggregate_x,2015,1.783
bol,sex_t,age_ythadult_y15_24,eco_aggregate_x,2017,0.577
bol,sex_t,age_ythadult_y15_24,eco_aggregate_x,2020,2.478
bol,sex_t,age_ythadult_y15_24,eco_aggregate_x,2021,2.703
bol,sex_t,age_ythadult_y15_24,eco_aggregate_x,2022,3.363
bol,sex_t,age_ythadult_y15_24,eco_aggregate_x,2023,3.505
bol,sex_t,age_ythadult_y15_24,eco_aggregate_x,2024,5.158
bol,sex_t,age_ythadult_y15_24,eco_isic3_a,1991,3.478
bol,sex_t,age_ythadult_y15_24,eco_isic3_a,1992,2.517
bol,sex_t,age_ythadult_y15_24,eco_isic3_a,1993,3.565
bol,sex_t,age_ythadult_y15_24,eco_isic3_a,1994,3.201
bol,sex_t,age_ythadult_y15_24,eco_isic3_a,1995,4.092
bol,sex_t,age_ythadult_y15_24,eco_isic3_a,2000,300.827
bol,sex_t,age_ythadult_y15_24,eco_isic3_a,2001,388.944
bol,sex_t,age_ythadult_y15_24,eco_isic3_a,2002,384.503
bol,sex_t,age_ythadult_y15_24,eco_isic3_a,2005,297.685
bol,sex_t,age_ythadult_y15_24,eco_isic3_a,2006,357.424
bol,sex_t,age_ythadult_y15_24,eco_isic3_a,2007,359.71
bol,sex_t,age_ythadult_y15_24,eco_isic3_a,2008,316.446
bol,sex_t,age_ythadult_y15_24,eco_isic3_a,2009,291.451
bol,sex_t,age_ythadult_y15_24,eco_isic3_b,2006,6.588
bol,sex_t,age_ythadult_y15_24,eco_isic3_c,1989,3.164
bol,sex_t,age_ythadult_y15_24,eco_isic3_c,1990,0.814
bol,sex_t,age_ythadult_y15_24,eco_isic3_c,1991,2.259
bol,sex_t,age_ythadult_y15_24,eco_isic3_c,1992,1.545
bol,sex_t,age_ythadult_y15_24,eco_isic3_c,1993,1.855
bol,sex_t,age_ythadult_y15_24,eco_isic3_c,1994,1.935
bol,sex_t,age_ythadult_y15_24,eco_isic3_c,1995,1.589
bol,sex_t,age_ythadult_y15_24,eco_isic3_c,2000,9.25
bol,sex_t,age_ythadult_y15_24,eco_isic3_c,2001,6.666
bol,sex_t,age_ythadult_y15_24,eco_isic3_c,2002,4.28
bol,sex_t,age_ythadult_y15_24,eco_isic3_c,2005,16.854
bol,sex_t,age_ythadult_y15_24,eco_isic3_c,2006,10.962
bol,sex_t,age_ythadult_y15_24,eco_isic3_c,2007,12.738
bol,sex_t,age_ythadult_y15_24,eco_isic3_c,2008,15.486
bol,sex_t,age_ythadult_y15_24,eco_isic3_c,2009,9.278
bol,sex_t,age_ythadult_y15_24,eco_isic3_d,1989,28.782
bol,sex_t,age_ythadult_y15_24,eco_isic3_d,1990,41.467
bol,sex_t,age_ythadult_y15_24,eco_isic3_d,1991,48.353
bol,sex_t,age_ythadult_y15_24,eco_isic3_d,1992,53.518
bol,sex_t,age_ythadult_y15_24,eco_isic3_d,1993,57.057
bol,sex_t,age_ythadult_y15_24,eco_isic3_d,1994,61.212
bol,sex_t,age_ythadult_y15_24,eco_isic3_d,1995,68.115
bol,sex_t,age_ythadult_y15_24,eco_isic3_d,1999,39.393
bol,sex_t,age_ythadult_y15_24,eco_isic3_d,2000,98.026
bol,sex_t,age_ythadult_y15_24,eco_isic3_d,2001,92.434
bol,sex_t,age_ythadult_y15_24,eco_isic3_d,2002,90.483
bol,sex_t,age_ythadult_y15_24,eco_isic3_d,2005,108.898
bol,sex_t,age_ythadult_y15_24,eco_isic3_d,2006,105.955
bol,sex_t,age_ythadult_y15_24,eco_isic3_d,2007,110.642
bol,sex_t,age_ythadult_y15_24,eco_isic3_d,2008,109.14
bol,sex_t,age_ythadult_y15_24,eco_isic3_d,2009,135.684
bol,sex_t,age_ythadult_y15_24,eco_isic3_e,1989,0.524
bol,sex_t,age_ythadult_y15_24,eco_isic3_e,1990,0.853
bol,sex_t,age_ythadult_y15_24,eco_isic3_e,1991,1.112
bol,sex_t,age_ythadult_y15_24,eco_isic3_e,1992,1.165
bol,sex_t,age_ythadult_y15_24,eco_isic3_e,1994,0.754
bol,sex_t,age_ythadult_y15_24,eco_isic3_e,1999,25.142
bol,sex_t,age_ythadult_y15_24,eco_isic3_e,2000,3.214
bol,sex_t,age_ythadult_y15_24,eco_isic3_f,1991,21.627
bol,sex_t,age_ythadult_y15_24,eco_isic3_f,1992,22.997
bol,sex_t,age_ythadult_y15_24,eco_isic3_f,1993,21.07
bol,sex_t,age_ythadult_y15_24,eco_isic3_f,1994,28.582
bol,sex_t,age_ythadult_y15_24,eco_isic3_f,1995,26.301
bol,sex_t,age_ythadult_y15_24,eco_isic3_f,2000,58.113
bol,sex_t,age_ythadult_y15_24,eco_isic3_f,2001,40.748
bol,sex_t,age_ythadult_y15_24,eco_isic3_f,2002,41.078
bol,sex_t,age_ythadult_y15_24,eco_isic3_f,2005,46.676
bol,sex_t,age_ythadult_y15_24,eco_isic3_f,2006,62.528
bol,sex_t,age_ythadult_y15_24,eco_isic3_f,2007,85.923
bol,sex_t,age_ythadult_y15_24,eco_isic3_f,2008,68.162
bol,sex_t,age_ythadult_y15_24,eco_isic3_f,2009,83.068
bol,sex_t,age_ythadult_y15_24,eco_isic3_g,1989,15.198
bol,sex_t,age_ythadult_y15_24,eco_isic3_g,1990,14.77
bol,sex_t,age_ythadult_y15_24,eco_isic3_g,1991,44.54
bol,sex_t,age_ythadult_y15_24,eco_isic3_g,1992,53.228
bol,sex_t,age_ythadult_y15_24,eco_isic3_g,1993,61.845
bol,sex_t,age_ythadult_y15_24,eco_isic3_g,1994,70.168
bol,sex_t,age_ythadult_y15_24,eco_isic3_g,1995,75.437
bol,sex_t,age_ythadult_y15_24,eco_isic3_g,1999,115.966
bol,sex_t,age_ythadult_y15_24,eco_isic3_g,2000,110.05
bol,sex_t,age_ythadult_y15_24,eco_isic3_g,2001,140.435
bol,sex_t,age_ythadult_y15_24,eco_isic3_g,2002,115.685
bol,sex_t,age_ythadult_y15_24,eco_isic3_g,2005,109.361
bol,sex_t,age_ythadult_y15_24,eco_isic3_g,2006,126.654
bol,sex_t,age_ythadult_y15_24,eco_isic3_g,2007,120.404
bol,sex_t,age_ythadult_y15_24,eco_isic3_g,2008,162.007
bol,sex_t,age_ythadult_y15_24,eco_isic3_g,2009,154.344
bol,sex_t,age_ythadult_y15_24,eco_isic3_h,1991,11.219
bol,sex_t,age_ythadult_y15_24,eco_isic3_h,1992,9.474
bol,sex_t,age_ythadult_y15_24,eco_isic3_h,1993,13.365
bol,sex_t,age_ythadult_y15_24,eco_isic3_h,1994,16.558
bol,sex_t,age_ythadult_y15_24,eco_isic3_h,1995,18.974
bol,sex_t,age_ythadult_y15_24,eco_isic3_h,2000,15.487
bol,sex_t,age_ythadult_y15_24,eco_isic3_h,2001,34.26
bol,sex_t,age_ythadult_y15_24,eco_isic3_h,2002,45.962
bol,sex_t,age_ythadult_y15_24,eco_isic3_h,2005,41.725
bol,sex_t,age_ythadult_y15_24,eco_isic3_h,2006,46.948
bol,sex_t,age_ythadult_y15_24,eco_isic3_h,2007,23.694
bol,sex_t,age_ythadult_y15_24,eco_isic3_h,2008,49.657
bol,sex_t,age_ythadult_y15_24,eco_isic3_h,2009,65.099
bol,sex_t,age_ythadult_y15_24,eco_isic3_i,1989,44.477
bol,sex_t,age_ythadult_y15_24,eco_isic3_i,1990,40.239
bol,sex_t,age_ythadult_y15_24,eco_isic3_i,1991,13.523
bol,sex_t,age_ythadult_y15_24,eco_isic3_i,1992,10.497
bol,sex_t,age_ythadult_y15_24,eco_isic3_i,1993,16.736
bol,sex_t,age_ythadult_y15_24,eco_isic3_i,1994,16.898
bol,sex_t,age_ythadult_y15_24,eco_isic3_i,1995,20.087
bol,sex_t,age_ythadult_y15_24,eco_isic3_i,1999,347.746
bol,sex_t,age_ythadult_y15_24,eco_isic3_i,2000,26.422
bol,sex_t,age_ythadult_y15_24,eco_isic3_i,2001,28.521
bol,sex_t,age_ythadult_y15_24,eco_isic3_i,2002,40.972
bol,sex_t,age_ythadult_y15_24,eco_isic3_i,2005,41.619
bol,sex_t,age_ythadult_y15_24,eco_isic3_i,2006,54.56
bol,sex_t,age_ythadult_y15_24,eco_isic3_i,2007,44.787
bol,sex_t,age_ythadult_y15_24,eco_isic3_i,2008,75.795
bol,sex_t,age_ythadult_y15_24,eco_isic3_i,2009,60.806
bol,sex_t,age_ythadult_y15_24,eco_isic3_j,1991,1.269
bol,sex_t,age_ythadult_y15_24,eco_isic3_j,1992,1.758
bol,sex_t,age_ythadult_y15_24,eco_isic3_j,1993,2.521
bol,sex_t,age_ythadult_y15_24,eco_isic3_j,1994,3.105
bol,sex_t,age_ythadult_y15_24,eco_isic3_j,1995,2.169
bol,sex_t,age_ythadult_y15_24,eco_isic3_j,2007,7.506
bol,sex_t,age_ythadult_y15_24,eco_isic3_j,2008,4.86
bol,sex_t,age_ythadult_y15_24,eco_isic3_j,2009,4.98
bol,sex_t,age_ythadult_y15_24,eco_isic3_k,1989,12.456
bol,sex_t,age_ythadult_y15_24,eco_isic3_k,1990,13.775
bol,sex_t,age_ythadult_y15_24,eco_isic3_k,1991,6.344
bol,sex_t,age_ythadult_y15_24,eco_isic3_k,1992,7.214
bol,sex_t,age_ythadult_y15_24,eco_isic3_k,1993,8.539
bol,sex_t,age_ythadult_y15_24,eco_isic3_k,1994,6.246
bol,sex_t,age_ythadult_y15_24,eco_isic3_k,1995,8.231
bol,sex_t,age_ythadult_y15_24,eco_isic3_k,1999,169.205
bol,sex_t,age_ythadult_y15_24,eco_isic3_k,2000,15.008
bol,sex_t,age_ythadult_y15_24,eco_isic3_k,2001,21.288
bol,sex_t,age_ythadult_y15_24,eco_isic3_k,2002,15.764
bol,sex_t,age_ythadult_y15_24,eco_isic3_k,2005,21.07
bol,sex_t,age_ythadult_y15_24,eco_isic3_k,2006,26.625
bol,sex_t,age_ythadult_y15_24,eco_isic3_k,2007,19.879
bol,sex_t,age_ythadult_y15_24,eco_isic3_k,2008,10.737
bol,sex_t,age_ythadult_y15_24,eco_isic3_k,2009,16.286
bol,sex_t,age_ythadult_y15_24,eco_isic3_l,1991,6.776
bol,sex_t,age_ythadult_y15_24,eco_isic3_l,1992,6.629
bol,sex_t,age_ythadult_y15_24,eco_isic3_l,1993,6.627
bol,sex_t,age_ythadult_y15_24,eco_isic3_l,1994,6.933
bol,sex_t,age_ythadult_y15_24,eco_isic3_l,1995,6.919
bol,sex_t,age_ythadult_y15_24,eco_isic3_l,2000,10.23
bol,sex_t,age_ythadult_y15_24,eco_isic3_l,2001,8.503
bol,sex_t,age_ythadult_y15_24,eco_isic3_l,2002,6.302
bol,sex_t,age_ythadult_y15_24,eco_isic3_l,2005,10.487
bol,sex_t,age_ythadult_y15_24,eco_isic3_l,2006,16.239
bol,sex_t,age_ythadult_y15_24,eco_isic3_l,2007,15.503
bol,sex_t,age_ythadult_y15_24,eco_isic3_l,2008,22.971
bol,sex_t,age_ythadult_y15_24,eco_isic3_l,2009,17.934
bol,sex_t,age_ythadult_y15_24,eco_isic3_m,1989,2.716
bol,sex_t,age_ythadult_y15_24,eco_isic3_m,1990,3.152
bol,sex_t,age_ythadult_y15_24,eco_isic3_m,1991,6.29
bol,sex_t,age_ythadult_y15_24,eco_isic3_m,1992,6.089
bol,sex_t,age_ythadult_y15_24,eco_isic3_m,1993,7.765
bol,sex_t,age_ythadult_y15_24,eco_isic3_m,1994,7.605
bol,sex_t,age_ythadult_y15_24,eco_isic3_m,1995,6.15
bol,sex_t,age_ythadult_y15_24,eco_isic3_m,2000,13.977
bol,sex_t,age_ythadult_y15_24,eco_isic3_m,2001,23.307
bol,sex_t,age_ythadult_y15_24,eco_isic3_m,2002,14.67
bol,sex_t,age_ythadult_y15_24,eco_isic3_m,2005,13.216
bol,sex_t,age_ythadult_y15_24,eco_isic3_m,2006,16.133
bol,sex_t,age_ythadult_y15_24,eco_isic3_m,2007,13.691
bol,sex_t,age_ythadult_y15_24,eco_isic3_m,2008,15.789
bol,sex_t,age_ythadult_y15_24,eco_isic3_m,2009,17.715
bol,sex_t,age_ythadult_y15_24,eco_isic3_n,1991,3.199
bol,sex_t,age_ythadult_y15_24,eco_isic3_n,1992,3.644
bol,sex_t,age_ythadult_y15_24,eco_isic3_n,1993,4.463
bol,sex_t,age_ythadult_y15_24,eco_isic3_n,1994,3.886
bol,sex_t,age_ythadult_y15_24,eco_isic3_n,1995,3.299
bol,sex_t,age_ythadult_y15_24,eco_isic3_n,2000,6.182
bol,sex_t,age_ythadult_y15_24,eco_isic3_n,2001,5.959
bol,sex_t,age_ythadult_y15_24,eco_isic3_n,2002,4.742
bol,sex_t,age_ythadult_y15_24,eco_isic3_n,2005,7.598
bol,sex_t,age_ythadult_y15_24,eco_isic3_n,2006,10.396
bol,sex_t,age_ythadult_y15_24,eco_isic3_n,2007,12.758
bol,sex_t,age_ythadult_y15_24,eco_isic3_n,2008,13.55
bol,sex_t,age_ythadult_y15_24,eco_isic3_n,2009,13.177
bol,sex_t,age_ythadult_y15_24,eco_isic3_o,1989,18.99
bol,sex_t,age_ythadult_y15_24,eco_isic3_o,1990,20.674
bol,sex_t,age_ythadult_y15_24,eco_isic3_o,1991,14.336
bol,sex_t,age_ythadult_y15_24,eco_isic3_o,1992,12.46
bol,sex_t,age_ythadult_y15_24,eco_isic3_o,1993,12.04
bol,sex_t,age_ythadult_y15_24,eco_isic3_o,1994,10.992
bol,sex_t,age_ythadult_y15_24,eco_isic3_o,1995,13.726
bol,sex_t,age_ythadult_y15_24,eco_isic3_o,1999,104.252
bol,sex_t,age_ythadult_y15_24,eco_isic3_o,2000,21.875
bol,sex_t,age_ythadult_y15_24,eco_isic3_o,2001,24.852
bol,sex_t,age_ythadult_y15_24,eco_isic3_o,2002,26.514
bol,sex_t,age_ythadult_y15_24,eco_isic3_o,2005,28.634
bol,sex_t,age_ythadult_y15_24,eco_isic3_o,2006,31.209
bol,sex_t,age_ythadult_y15_24,eco_isic3_o,2007,30.032
bol,sex_t,age_ythadult_y15_24,eco_isic3_o,2008,27.258
bol,sex_t,age_ythadult_y15_24,eco_isic3_o,2009,38.554
bol,sex_t,age_ythadult_y15_24,eco_isic3_p,1989,54.992
bol,sex_t,age_ythadult_y15_24,eco_isic3_p,1990,61.337
bol,sex_t,age_ythadult_y15_24,eco_isic3_p,1991,37.15
bol,sex_t,age_ythadult_y15_24,eco_isic3_p,1992,32.814
bol,sex_t,age_ythadult_y15_24,eco_isic3_p,1993,41.852
bol,sex_t,age_ythadult_y15_24,eco_isic3_p,1994,34.086
bol,sex_t,age_ythadult_y15_24,eco_isic3_p,1995,38.936
bol,sex_t,age_ythadult_y15_24,eco_isic3_p,2000,54.611
bol,sex_t,age_ythadult_y15_24,eco_isic3_p,2001,55.376
bol,sex_t,age_ythadult_y15_24,eco_isic3_p,2002,48.656
bol,sex_t,age_ythadult_y15_24,eco_isic3_p,2005,47.861
bol,sex_t,age_ythadult_y15_24,eco_isic3_p,2006,40.748
bol,sex_t,age_ythadult_y15_24,eco_isic3_p,2007,55.036
bol,sex_t,age_ythadult_y15_24,eco_isic3_p,2008,37.571
bol,sex_t,age_ythadult_y15_24,eco_isic3_p,2009,38.045
bol,sex_t,age_ythadult_y15_24,eco_isic3_q,1992,0.878
bol,sex_t,age_ythadult_y15_24,eco_isic3_total,1989,187.202
bol,sex_t,age_ythadult_y15_24,eco_isic3_total,1990,204.991
bol,sex_t,age_ythadult_y15_24,eco_isic3_total,1991,221.498
bol,sex_t,age_ythadult_y15_24,eco_isic3_total,1992,226.598
bol,sex_t,age_ythadult_y15_24,eco_isic3_total,1993,259.715
bol,sex_t,age_ythadult_y15_24,eco_isic3_total,1994,272.161
bol,sex_t,age_ythadult_y15_24,eco_isic3_total,1995,294.696
bol,sex_t,age_ythadult_y15_24,eco_isic3_total,1999,845.664
bol,sex_t,age_ythadult_y15_24,eco_isic3_total,2000,753.601
bol,sex_t,age_ythadult_y15_24,eco_isic3_total,2001,880.966
bol,sex_t,age_ythadult_y15_24,eco_isic3_total,2002,842.194
bol,sex_t,age_ythadult_y15_24,eco_isic3_total,2005,799.212
bol,sex_t,age_ythadult_y15_24,eco_isic3_total,2006,916.845
bol,sex_t,age_ythadult_y15_24,eco_isic3_total,2007,915.783
bol,sex_t,age_ythadult_y15_24,eco_isic3_total,2008,935.231
bol,sex_t,age_ythadult_y15_24,eco_isic3_total,2009,950.774
bol,sex_t,age_ythadult_y15_24,eco_isic3_x,1989,5.902
bol,sex_t,age_ythadult_y15_24,eco_isic3_x,1990,7.91
bol,sex_t,age_ythadult_y15_24,eco_isic3_x,1999,42.059
bol,sex_t,age_ythadult_y15_24,eco_isic3_x,2000,8.858
bol,sex_t,age_ythadult_y15_24,eco_isic3_x,2001,8.426
bol,sex_t,age_ythadult_y15_24,eco_isic4_a,2011,361.874
bol,sex_t,age_ythadult_y15_24,eco_isic4_a,2012,306.065
bol,sex_t,age_ythadult_y15_24,eco_isic4_a,2013,294.634
bol,sex_t,age_ythadult_y15_24,eco_isic4_a,2014,312.033
bol,sex_t,age_ythadult_y15_24,eco_isic4_a,2015,258.734
bol,sex_t,age_ythadult_y15_24,eco_isic4_a,2016,277.021
bol,sex_t,age_ythadult_y15_24,eco_isic4_a,2017,294.184
bol,sex_t,age_ythadult_y15_24,eco_isic4_a,2018,305.876
bol,sex_t,age_ythadult_y15_24,eco_isic4_a,2019,275.156
bol,sex_t,age_ythadult_y15_24,eco_isic4_a,2020,291.491
bol,sex_t,age_ythadult_y15_24,eco_isic4_a,2021,336.203
bol,sex_t,age_ythadult_y15_24,eco_isic4_a,2022,302.778
bol,sex_t,age_ythadult_y15_24,eco_isic4_a,2023,305.879
bol,sex_t,age_ythadult_y15_24,eco_isic4_a,2024,270.132
bol,sex_t,age_ythadult_y15_24,eco_isic4_b,2011,14.936
bol,sex_t,age_ythadult_y15_24,eco_isic4_b,2012,20.897
bol,sex_t,age_ythadult_y15_24,eco_isic4_b,2013,20.206
bol,sex_t,age_ythadult_y15_24,eco_isic4_b,2014,18.142
bol,sex_t,age_ythadult_y15_24,eco_isic4_b,2015,20.793
bol,sex_t,age_ythadult_y15_24,eco_isic4_b,2016,13.538
bol,sex_t,age_ythadult_y15_24,eco_isic4_b,2017,10.659
bol,sex_t,age_ythadult_y15_24,eco_isic4_b,2018,13.801
bol,sex_t,age_ythadult_y15_24,eco_isic4_b,2019,11.782
bol,sex_t,age_ythadult_y15_24,eco_isic4_b,2020,4.502
bol,sex_t,age_ythadult_y15_24,eco_isic4_b,2021,16.936
bol,sex_t,age_ythadult_y15_24,eco_isic4_b,2022,15.639
bol,sex_t,age_ythadult_y15_24,eco_isic4_b,2023,10.759
bol,sex_t,age_ythadult_y15_24,eco_isic4_b,2024,16.506
bol,sex_t,age_ythadult_y15_24,eco_isic4_c,2011,85.517
bol,sex_t,age_ythadult_y15_24,eco_isic4_c,2012,68.775
bol,sex_t,age_ythadult_y15_24,eco_isic4_c,2013,73.933
bol,sex_t,age_ythadult_y15_24,eco_isic4_c,2014,109.001
bol,sex_t,age_ythadult_y15_24,eco_isic4_c,2015,80.454
bol,sex_t,age_ythadult_y15_24,eco_isic4_c,2016,91.744
bol,sex_t,age_ythadult_y15_24,eco_isic4_c,2017,88.916
bol,sex_t,age_ythadult_y15_24,eco_isic4_c,2018,98.85
bol,sex_t,age_ythadult_y15_24,eco_isic4_c,2019,118.85
bol,sex_t,age_ythadult_y15_24,eco_isic4_c,2020,80.438
bol,sex_t,age_ythadult_y15_24,eco_isic4_c,2021,147.354
bol,sex_t,age_ythadult_y15_24,eco_isic4_c,2022,147.969
bol,sex_t,age_ythadult_y15_24,eco_isic4_c,2023,146.729
bol,sex_t,age_ythadult_y15_24,eco_isic4_c,2024,165.293
bol,sex_t,age_ythadult_y15_24,eco_isic4_d,2012,1.348
bol,sex_t,age_ythadult_y15_24,eco_isic4_d,2015,1.706
bol,sex_t,age_ythadult_y15_24,eco_isic4_d,2016,0.741
bol,sex_t,age_ythadult_y15_24,eco_isic4_d,2017,0.382
bol,sex_t,age_ythadult_y15_24,eco_isic4_d,2018,0.584
bol,sex_t,age_ythadult_y15_24,eco_isic4_d,2019,1.188
bol,sex_t,age_ythadult_y15_24,eco_isic4_d,2021,1.468
bol,sex_t,age_ythadult_y15_24,eco_isic4_d,2022,0.912
bol,sex_t,age_ythadult_y15_24,eco_isic4_d,2023,0.819
bol,sex_t,age_ythadult_y15_24,eco_isic4_d,2024,1.55
bol,sex_t,age_ythadult_y15_24,eco_isic4_e,2012,2.318
bol,sex_t,age_ythadult_y15_24,eco_isic4_e,2014,1.558
bol,sex_t,age_ythadult_y15_24,eco_isic4_e,2016,0.516
bol,sex_t,age_ythadult_y15_24,eco_isic4_e,2017,0.39
bol,sex_t,age_ythadult_y15_24,eco_isic4_e,2018,1.101
bol,sex_t,age_ythadult_y15_24,eco_isic4_e,2019,0.349
bol,sex_t,age_ythadult_y15_24,eco_isic4_e,2021,0.99
bol,sex_t,age_ythadult_y15_24,eco_isic4_e,2022,0.634
bol,sex_t,age_ythadult_y15_24,eco_isic4_e,2023,0.448
bol,sex_t,age_ythadult_y15_24,eco_isic4_e,2024,1.532
bol,sex_t,age_ythadult_y15_24,eco_isic4_f,2011,98.885
bol,sex_t,age_ythadult_y15_24,eco_isic4_f,2012,69.497
bol,sex_t,age_ythadult_y15_24,eco_isic4_f,2013,74.457
bol,sex_t,age_ythadult_y15_24,eco_isic4_f,2014,109.813
bol,sex_t,age_ythadult_y15_24,eco_isic4_f,2015,105.629
bol,sex_t,age_ythadult_y15_24,eco_isic4_f,2016,94.839
bol,sex_t,age_ythadult_y15_24,eco_isic4_f,2017,94.455
bol,sex_t,age_ythadult_y15_24,eco_isic4_f,2018,83.784
bol,sex_t,age_ythadult_y15_24,eco_isic4_f,2019,87.132
bol,sex_t,age_ythadult_y15_24,eco_isic4_f,2020,82.036
bol,sex_t,age_ythadult_y15_24,eco_isic4_f,2021,90.151
bol,sex_t,age_ythadult_y15_24,eco_isic4_f,2022,81.67
bol,sex_t,age_ythadult_y15_24,eco_isic4_f,2023,78.545
bol,sex_t,age_ythadult_y15_24,eco_isic4_f,2024,83.559
bol,sex_t,age_ythadult_y15_24,eco_isic4_g,2011,172.081
bol,sex_t,age_ythadult_y15_24,eco_isic4_g,2012,139.728
bol,sex_t,age_ythadult_y15_24,eco_isic4_g,2013,143.126
bol,sex_t,age_ythadult_y15_24,eco_isic4_g,2014,176.51
bol,sex_t,age_ythadult_y15_24,eco_isic4_g,2015,144.33
bol,sex_t,age_ythadult_y15_24,eco_isic4_g,2016,146.093
bol,sex_t,age_ythadult_y15_24,eco_isic4_g,2017,150.3
bol,sex_t,age_ythadult_y15_24,eco_isic4_g,2018,182.929
bol,sex_t,age_ythadult_y15_24,eco_isic4_g,2019,205.162
bol,sex_t,age_ythadult_y15_24,eco_isic4_g,2020,161.135
bol,sex_t,age_ythadult_y15_24,eco_isic4_g,2021,291.365
bol,sex_t,age_ythadult_y15_24,eco_isic4_g,2022,299.754
bol,sex_t,age_ythadult_y15_24,eco_isic4_g,2023,283.951
bol,sex_t,age_ythadult_y15_24,eco_isic4_g,2024,305.2
bol,sex_t,age_ythadult_y15_24,eco_isic4_h,2011,42.529
bol,sex_t,age_ythadult_y15_24,eco_isic4_h,2012,37.695
bol,sex_t,age_ythadult_y15_24,eco_isic4_h,2013,27.385
bol,sex_t,age_ythadult_y15_24,eco_isic4_h,2014,34.653
bol,sex_t,age_ythadult_y15_24,eco_isic4_h,2015,38.582
bol,sex_t,age_ythadult_y15_24,eco_isic4_h,2016,31.191
bol,sex_t,age_ythadult_y15_24,eco_isic4_h,2017,37.123
bol,sex_t,age_ythadult_y15_24,eco_isic4_h,2018,38.768
bol,sex_t,age_ythadult_y15_24,eco_isic4_h,2019,45.217
bol,sex_t,age_ythadult_y15_24,eco_isic4_h,2020,19.003
bol,sex_t,age_ythadult_y15_24,eco_isic4_h,2021,46.093
bol,sex_t,age_ythadult_y15_24,eco_isic4_h,2022,50.607
bol,sex_t,age_ythadult_y15_24,eco_isic4_h,2023,55.196
bol,sex_t,age_ythadult_y15_24,eco_isic4_h,2024,52.521
bol,sex_t,age_ythadult_y15_24,eco_isic4_i,2011,65.152
bol,sex_t,age_ythadult_y15_24,eco_isic4_i,2012,64.305
bol,sex_t,age_ythadult_y15_24,eco_isic4_i,2013,61.979
bol,sex_t,age_ythadult_y15_24,eco_isic4_i,2014,60.567
bol,sex_t,age_ythadult_y15_24,eco_isic4_i,2015,65.181
bol,sex_t,age_ythadult_y15_24,eco_isic4_i,2016,65.68
bol,sex_t,age_ythadult_y15_24,eco_isic4_i,2017,79.653
bol,sex_t,age_ythadult_y15_24,eco_isic4_i,2018,98.12
bol,sex_t,age_ythadult_y15_24,eco_isic4_i,2019,110.646
bol,sex_t,age_ythadult_y15_24,eco_isic4_i,2020,86.558
bol,sex_t,age_ythadult_y15_24,eco_isic4_i,2021,142.087
bol,sex_t,age_ythadult_y15_24,eco_isic4_i,2022,163.072
bol,sex_t,age_ythadult_y15_24,eco_isic4_i,2023,156.291
bol,sex_t,age_ythadult_y15_24,eco_isic4_i,2024,181.542
bol,sex_t,age_ythadult_y15_24,eco_isic4_j,2011,19.791
bol,sex_t,age_ythadult_y15_24,eco_isic4_j,2012,17.659
bol,sex_t,age_ythadult_y15_24,eco_isic4_j,2013,14.412
bol,sex_t,age_ythadult_y15_24,eco_isic4_j,2014,16.133
bol,sex_t,age_ythadult_y15_24,eco_isic4_j,2015,10.666
bol,sex_t,age_ythadult_y15_24,eco_isic4_j,2016,8.864
bol,sex_t,age_ythadult_y15_24,eco_isic4_j,2017,9.211
bol,sex_t,age_ythadult_y15_24,eco_isic4_j,2018,7.641
bol,sex_t,age_ythadult_y15_24,eco_isic4_j,2019,8.707
bol,sex_t,age_ythadult_y15_24,eco_isic4_j,2020,5.216
bol,sex_t,age_ythadult_y15_24,eco_isic4_j,2021,6.18
bol,sex_t,age_ythadult_y15_24,eco_isic4_j,2022,4.541
bol,sex_t,age_ythadult_y15_24,eco_isic4_j,2023,6.184
bol,sex_t,age_ythadult_y15_24,eco_isic4_j,2024,5.346
bol,sex_t,age_ythadult_y15_24,eco_isic4_k,2011,6.292
bol,sex_t,age_ythadult_y15_24,eco_isic4_k,2012,3.765
bol,sex_t,age_ythadult_y15_24,eco_isic4_k,2013,8.054
bol,sex_t,age_ythadult_y15_24,eco_isic4_k,2014,4.823
bol,sex_t,age_ythadult_y15_24,eco_isic4_k,2015,4.808
bol,sex_t,age_ythadult_y15_24,eco_isic4_k,2016,3.45
bol,sex_t,age_ythadult_y15_24,eco_isic4_k,2017,4.51
bol,sex_t,age_ythadult_y15_24,eco_isic4_k,2018,3.679
bol,sex_t,age_ythadult_y15_24,eco_isic4_k,2019,3.353
bol,sex_t,age_ythadult_y15_24,eco_isic4_k,2020,2.147
bol,sex_t,age_ythadult_y15_24,eco_isic4_k,2021,3.197
bol,sex_t,age_ythadult_y15_24,eco_isic4_k,2022,3.503
bol,sex_t,age_ythadult_y15_24,eco_isic4_k,2023,4.145
bol,sex_t,age_ythadult_y15_24,eco_isic4_k,2024,3.109
bol,sex_t,age_ythadult_y15_24,eco_isic4_l,2014,2.242
bol,sex_t,age_ythadult_y15_24,eco_isic4_l,2015,1.678
bol,sex_t,age_ythadult_y15_24,eco_isic4_l,2016,2.316
bol,sex_t,age_ythadult_y15_24,eco_isic4_l,2017,2.039
bol,sex_t,age_ythadult_y15_24,eco_isic4_l,2018,1.655
bol,sex_t,age_ythadult_y15_24,eco_isic4_l,2019,1.395
bol,sex_t,age_ythadult_y15_24,eco_isic4_l,2021,1.708
bol,sex_t,age_ythadult_y15_24,eco_isic4_l,2022,2.701
bol,sex_t,age_ythadult_y15_24,eco_isic4_l,2023,2.401
bol,sex_t,age_ythadult_y15_24,eco_isic4_l,2024,3.038
bol,sex_t,age_ythadult_y15_24,eco_isic4_m,2011,11.57
bol,sex_t,age_ythadult_y15_24,eco_isic4_m,2012,14.779
bol,sex_t,age_ythadult_y15_24,eco_isic4_m,2013,10.658
bol,sex_t,age_ythadult_y15_24,eco_isic4_m,2014,10.426
bol,sex_t,age_ythadult_y15_24,eco_isic4_m,2015,8.292
bol,sex_t,age_ythadult_y15_24,eco_isic4_m,2016,9.336
bol,sex_t,age_ythadult_y15_24,eco_isic4_m,2017,8.778
bol,sex_t,age_ythadult_y15_24,eco_isic4_m,2018,7.87
bol,sex_t,age_ythadult_y15_24,eco_isic4_m,2019,11.725
bol,sex_t,age_ythadult_y15_24,eco_isic4_m,2020,5.545
bol,sex_t,age_ythadult_y15_24,eco_isic4_m,2021,10.121
bol,sex_t,age_ythadult_y15_24,eco_isic4_m,2022,16.316
bol,sex_t,age_ythadult_y15_24,eco_isic4_m,2023,15.817
bol,sex_t,age_ythadult_y15_24,eco_isic4_m,2024,16.254
bol,sex_t,age_ythadult_y15_24,eco_isic4_n,2011,11.223
bol,sex_t,age_ythadult_y15_24,eco_isic4_n,2012,14.073
bol,sex_t,age_ythadult_y15_24,eco_isic4_n,2013,16.008
bol,sex_t,age_ythadult_y15_24,eco_isic4_n,2014,12.697
bol,sex_t,age_ythadult_y15_24,eco_isic4_n,2015,10.767
bol,sex_t,age_ythadult_y15_24,eco_isic4_n,2016,12.472
bol,sex_t,age_ythadult_y15_24,eco_isic4_n,2017,9.622
bol,sex_t,age_ythadult_y15_24,eco_isic4_n,2018,11.848
bol,sex_t,age_ythadult_y15_24,eco_isic4_n,2019,18.102
bol,sex_t,age_ythadult_y15_24,eco_isic4_n,2020,14.555
bol,sex_t,age_ythadult_y15_24,eco_isic4_n,2021,21.48
bol,sex_t,age_ythadult_y15_24,eco_isic4_n,2022,26.116
bol,sex_t,age_ythadult_y15_24,eco_isic4_n,2023,31.113
bol,sex_t,age_ythadult_y15_24,eco_isic4_n,2024,27.876
bol,sex_t,age_ythadult_y15_24,eco_isic4_o,2011,14.222
bol,sex_t,age_ythadult_y15_24,eco_isic4_o,2012,14.023
bol,sex_t,age_ythadult_y15_24,eco_isic4_o,2013,16.059
bol,sex_t,age_ythadult_y15_24,eco_isic4_o,2014,14.987
bol,sex_t,age_ythadult_y15_24,eco_isic4_o,2015,16.977
bol,sex_t,age_ythadult_y15_24,eco_isic4_o,2016,14.573
bol,sex_t,age_ythadult_y15_24,eco_isic4_o,2017,9.544
bol,sex_t,age_ythadult_y15_24,eco_isic4_o,2018,9.65
bol,sex_t,age_ythadult_y15_24,eco_isic4_o,2019,7.917
bol,sex_t,age_ythadult_y15_24,eco_isic4_o,2020,6.033
bol,sex_t,age_ythadult_y15_24,eco_isic4_o,2021,6.959
bol,sex_t,age_ythadult_y15_24,eco_isic4_o,2022,8.82
bol,sex_t,age_ythadult_y15_24,eco_isic4_o,2023,7.596
bol,sex_t,age_ythadult_y15_24,eco_isic4_o,2024,8.435
bol,sex_t,age_ythadult_y15_24,eco_isic4_p,2011,14.946
bol,sex_t,age_ythadult_y15_24,eco_isic4_p,2012,13.68
bol,sex_t,age_ythadult_y15_24,eco_isic4_p,2013,11.9
bol,sex_t,age_ythadult_y15_24,eco_isic4_p,2014,14.709
bol,sex_t,age_ythadult_y15_24,eco_isic4_p,2015,8.037
bol,sex_t,age_ythadult_y15_24,eco_isic4_p,2016,11.755
bol,sex_t,age_ythadult_y15_24,eco_isic4_p,2017,8.438
bol,sex_t,age_ythadult_y15_24,eco_isic4_p,2018,10.024
bol,sex_t,age_ythadult_y15_24,eco_isic4_p,2019,9.416
bol,sex_t,age_ythadult_y15_24,eco_isic4_p,2020,3.081
bol,sex_t,age_ythadult_y15_24,eco_isic4_p,2021,9.82
bol,sex_t,age_ythadult_y15_24,eco_isic4_p,2022,14.408
bol,sex_t,age_ythadult_y15_24,eco_isic4_p,2023,15.604
bol,sex_t,age_ythadult_y15_24,eco_isic4_p,2024,14.891
bol,sex_t,age_ythadult_y15_24,eco_isic4_q,2011,7.993
bol,sex_t,age_ythadult_y15_24,eco_isic4_q,2012,8.808
bol,sex_t,age_ythadult_y15_24,eco_isic4_q,2013,13.22
bol,sex_t,age_ythadult_y15_24,eco_isic4_q,2014,11.073
bol,sex_t,age_ythadult_y15_24,eco_isic4_q,2015,10.829
bol,sex_t,age_ythadult_y15_24,eco_isic4_q,2016,11.743
bol,sex_t,age_ythadult_y15_24,eco_isic4_q,2017,8.529
bol,sex_t,age_ythadult_y15_24,eco_isic4_q,2018,8.531
bol,sex_t,age_ythadult_y15_24,eco_isic4_q,2019,10.261
bol,sex_t,age_ythadult_y15_24,eco_isic4_q,2020,9.921
bol,sex_t,age_ythadult_y15_24,eco_isic4_q,2021,11.71
bol,sex_t,age_ythadult_y15_24,eco_isic4_q,2022,13.208
bol,sex_t,age_ythadult_y15_24,eco_isic4_q,2023,18.801
bol,sex_t,age_ythadult_y15_24,eco_isic4_q,2024,18.161
bol,sex_t,age_ythadult_y15_24,eco_isic4_r,2011,13.634
bol,sex_t,age_ythadult_y15_24,eco_isic4_r,2012,13.133
bol,sex_t,age_ythadult_y15_24,eco_isic4_r,2013,10.994
bol,sex_t,age_ythadult_y15_24,eco_isic4_r,2014,9.442
bol,sex_t,age_ythadult_y15_24,eco_isic4_r,2015,9.403
bol,sex_t,age_ythadult_y15_24,eco_isic4_r,2016,10.569
bol,sex_t,age_ythadult_y15_24,eco_isic4_r,2017,11.539
bol,sex_t,age_ythadult_y15_24,eco_isic4_r,2018,11.802
bol,sex_t,age_ythadult_y15_24,eco_isic4_r,2019,13.977
bol,sex_t,age_ythadult_y15_24,eco_isic4_r,2020,5.405
bol,sex_t,age_ythadult_y15_24,eco_isic4_r,2021,11.445
bol,sex_t,age_ythadult_y15_24,eco_isic4_r,2022,15.843
bol,sex_t,age_ythadult_y15_24,eco_isic4_r,2023,20.432
bol,sex_t,age_ythadult_y15_24,eco_isic4_r,2024,19.795
bol,sex_t,age_ythadult_y15_24,eco_isic4_s,2011,17.3
bol,sex_t,age_ythadult_y15_24,eco_isic4_s,2012,15.3
bol,sex_t,age_ythadult_y15_24,eco_isic4_s,2013,16.236
bol,sex_t,age_ythadult_y15_24,eco_isic4_s,2014,20.744
bol,sex_t,age_ythadult_y15_24,eco_isic4_s,2015,21.571
bol,sex_t,age_ythadult_y15_24,eco_isic4_s,2016,16.694
bol,sex_t,age_ythadult_y15_24,eco_isic4_s,2017,16.419
bol,sex_t,age_ythadult_y15_24,eco_isic4_s,2018,19.673
bol,sex_t,age_ythadult_y15_24,eco_isic4_s,2019,27.483
bol,sex_t,age_ythadult_y15_24,eco_isic4_s,2020,19.789
bol,sex_t,age_ythadult_y15_24,eco_isic4_s,2021,27.182
bol,sex_t,age_ythadult_y15_24,eco_isic4_s,2022,33.506
bol,sex_t,age_ythadult_y15_24,eco_isic4_s,2023,28.56
bol,sex_t,age_ythadult_y15_24,eco_isic4_s,2024,44.321
bol,sex_t,age_ythadult_y15_24,eco_isic4_t,2011,24.227
bol,sex_t,age_ythadult_y15_24,eco_isic4_t,2012,33.088
bol,sex_t,age_ythadult_y15_24,eco_isic4_t,2013,27.185
bol,sex_t,age_ythadult_y15_24,eco_isic4_t,2014,30.439
bol,sex_t,age_ythadult_y15_24,eco_isic4_t,2015,18.532
bol,sex_t,age_ythadult_y15_24,eco_isic4_t,2016,25.237
bol,sex_t,age_ythadult_y15_24,eco_isic4_t,2017,25.199
bol,sex_t,age_ythadult_y15_24,eco_isic4_t,2018,20.582
bol,sex_t,age_ythadult_y15_24,eco_isic4_t,2019,24.716
bol,sex_t,age_ythadult_y15_24,eco_isic4_t,2020,14.001
bol,sex_t,age_ythadult_y15_24,eco_isic4_t,2021,23.601
bol,sex_t,age_ythadult_y15_24,eco_isic4_t,2022,25.475
bol,sex_t,age_ythadult_y15_24,eco_isic4_t,2023,29.857
bol,sex_t,age_ythadult_y15_24,eco_isic4_t,2024,26.472
bol,sex_t,age_ythadult_y15_24,eco_isic4_total,2011,985.167
bol,sex_t,age_ythadult_y15_24,eco_isic4_total,2012,859.819
bol,sex_t,age_ythadult_y15_24,eco_isic4_total,2013,842.306
bol,sex_t,age_ythadult_y15_24,eco_isic4_total,2014,971.469
bol,sex_t,age_ythadult_y15_24,eco_isic4_total,2015,840.124
bol,sex_t,age_ythadult_y15_24,eco_isic4_total,2016,848.604
bol,sex_t,age_ythadult_y15_24,eco_isic4_total,2017,870.58
bol,sex_t,age_ythadult_y15_24,eco_isic4_total,2018,936.769
bol,sex_t,age_ythadult_y15_24,eco_isic4_total,2019,992.779
bol,sex_t,age_ythadult_y15_24,eco_isic4_total,2020,814.869
bol,sex_t,age_ythadult_y15_24,eco_isic4_total,2021,1208.755
bol,sex_t,age_ythadult_y15_24,eco_isic4_total,2022,1230.875
bol,sex_t,age_ythadult_y15_24,eco_isic4_total,2023,1222.63
bol,sex_t,age_ythadult_y15_24,eco_isic4_total,2024,1270.692
bol,sex_t,age_ythadult_y15_24,eco_isic4_u,2016,0.197
bol,sex_t,age_ythadult_y15_24,eco_isic4_x,2015,1.783
bol,sex_t,age_ythadult_y15_24,eco_isic4_x,2017,0.577
bol,sex_t,age_ythadult_y15_24,eco_isic4_x,2020,2.478
bol,sex_t,age_ythadult_y15_24,eco_isic4_x,2021,2.703
bol,sex_t,age_ythadult_y15_24,eco_isic4_x,2022,3.363
bol,sex_t,age_ythadult_y15_24,eco_isic4_x,2023,3.505
bol,sex_t,age_ythadult_y15_24,eco_isic4_x,2024,5.158
bol,sex_t,age_ythadult_y15_24,eco_sector_agr,1991,3.478
bol,sex_t,age_ythadult_y15_24,eco_sector_agr,1992,2.517
bol,sex_t,age_ythadult_y15_24,eco_sector_agr,1993,3.565
bol,sex_t,age_ythadult_y15_24,eco_sector_agr,1994,3.201
bol,sex_t,age_ythadult_y15_24,eco_sector_agr,1995,4.092
bol,sex_t,age_ythadult_y15_24,eco_sector_agr,2000,300.827
bol,sex_t,age_ythadult_y15_24,eco_sector_agr,2001,388.944
bol,sex_t,age_ythadult_y15_24,eco_sector_agr,2002,385.024
bol,sex_t,age_ythadult_y15_24,eco_sector_agr,2005,297.685
bol,sex_t,age_ythadult_y15_24,eco_sector_agr,2006,364.012
bol,sex_t,age_ythadult_y15_24,eco_sector_agr,2007,359.92
bol,sex_t,age_ythadult_y15_24,eco_sector_agr,2008,318.132
bol,sex_t,age_ythadult_y15_24,eco_sector_agr,2009,292.822
bol,sex_t,age_ythadult_y15_24,eco_sector_agr,2011,361.874
bol,sex_t,age_ythadult_y15_24,eco_sector_agr,2012,306.065
bol,sex_t,age_ythadult_y15_24,eco_sector_agr,2013,294.634
bol,sex_t,age_ythadult_y15_24,eco_sector_agr,2014,312.033
bol,sex_t,age_ythadult_y15_24,eco_sector_agr,2015,258.734
bol,sex_t,age_ythadult_y15_24,eco_sector_agr,2016,277.021
bol,sex_t,age_ythadult_y15_24,eco_sector_agr,2017,294.184
bol,sex_t,age_ythadult_y15_24,eco_sector_agr,2018,305.876
bol,sex_t,age_ythadult_y15_24,eco_sector_agr,2019,275.156
bol,sex_t,age_ythadult_y15_24,eco_sector_agr,2020,291.491
bol,sex_t,age_ythadult_y15_24,eco_sector_agr,2021,336.203
bol,sex_t,age_ythadult_y15_24,eco_sector_agr,2022,302.778
bol,sex_t,age_ythadult_y15_24,eco_sector_agr,2023,305.879
bol,sex_t,age_ythadult_y15_24,eco_sector_agr,2024,270.132
bol,sex_t,age_ythadult_y15_24,eco_sector_ind,1989,32.471
bol,sex_t,age_ythadult_y15_24,eco_sector_ind,1990,43.134
bol,sex_t,age_ythadult_y15_24,eco_sector_ind,1991,73.351
bol,sex_t,age_ythadult_y15_24,eco_sector_ind,1992,79.225
bol,sex_t,age_ythadult_y15_24,eco_sector_ind,1993,80.341
bol,sex_t,age_ythadult_y15_24,eco_sector_ind,1994,92.483
bol,sex_t,age_ythadult_y15_24,eco_sector_ind,1995,96.29
bol,sex_t,age_ythadult_y15_24,eco_sector_ind,1999,66.436
bol,sex_t,age_ythadult_y15_24,eco_sector_ind,2000,168.603
bol,sex_t,age_ythadult_y15_24,eco_sector_ind,2001,140.9
bol,sex_t,age_ythadult_y15_24,eco_sector_ind,2002,136.335
bol,sex_t,age_ythadult_y15_24,eco_sector_ind,2005,172.751
bol,sex_t,age_ythadult_y15_24,eco_sector_ind,2006,181.879
bol,sex_t,age_ythadult_y15_24,eco_sector_ind,2007,212.573
bol,sex_t,age_ythadult_y15_24,eco_sector_ind,2008,194.747
bol,sex_t,age_ythadult_y15_24,eco_sector_ind,2009,230.277
bol,sex_t,age_ythadult_y15_24,eco_sector_ind,2011,200.806
bol,sex_t,age_ythadult_y15_24,eco_sector_ind,2012,162.835
bol,sex_t,age_ythadult_y15_24,eco_sector_ind,2013,169.992
bol,sex_t,age_ythadult_y15_24,eco_sector_ind,2014,239.478
bol,sex_t,age_ythadult_y15_24,eco_sector_ind,2015,209.17
bol,sex_t,age_ythadult_y15_24,eco_sector_ind,2016,201.379
bol,sex_t,age_ythadult_y15_24,eco_sector_ind,2017,194.803
bol,sex_t,age_ythadult_y15_24,eco_sector_ind,2018,198.12
bol,sex_t,age_ythadult_y15_24,eco_sector_ind,2019,219.302
bol,sex_t,age_ythadult_y15_24,eco_sector_ind,2020,167.035
bol,sex_t,age_ythadult_y15_24,eco_sector_ind,2021,256.9
bol,sex_t,age_ythadult_y15_24,eco_sector_ind,2022,246.823
bol,sex_t,age_ythadult_y15_24,eco_sector_ind,2023,237.299
bol,sex_t,age_ythadult_y15_24,eco_sector_ind,2024,268.44
bol,sex_t,age_ythadult_y15_24,eco_sector_nag,1989,187.202
bol,sex_t,age_ythadult_y15_24,eco_sector_nag,1990,204.991
bol,sex_t,age_ythadult_y15_24,eco_sector_nag,1991,218.02
bol,sex_t,age_ythadult_y15_24,eco_sector_nag,1992,224.081
bol,sex_t,age_ythadult_y15_24,eco_sector_nag,1993,256.15
bol,sex_t,age_ythadult_y15_24,eco_sector_nag,1994,268.96
bol,sex_t,age_ythadult_y15_24,eco_sector_nag,1995,290.604
bol,sex_t,age_ythadult_y15_24,eco_sector_nag,1999,845.664
bol,sex_t,age_ythadult_y15_24,eco_sector_nag,2000,452.774
bol,sex_t,age_ythadult_y15_24,eco_sector_nag,2001,492.022
bol,sex_t,age_ythadult_y15_24,eco_sector_nag,2002,457.17
bol,sex_t,age_ythadult_y15_24,eco_sector_nag,2005,501.527
bol,sex_t,age_ythadult_y15_24,eco_sector_nag,2006,552.833
bol,sex_t,age_ythadult_y15_24,eco_sector_nag,2007,555.863
bol,sex_t,age_ythadult_y15_24,eco_sector_nag,2008,617.099
bol,sex_t,age_ythadult_y15_24,eco_sector_nag,2009,657.952
bol,sex_t,age_ythadult_y15_24,eco_sector_nag,2011,623.293
bol,sex_t,age_ythadult_y15_24,eco_sector_nag,2012,553.754
bol,sex_t,age_ythadult_y15_24,eco_sector_nag,2013,547.672
bol,sex_t,age_ythadult_y15_24,eco_sector_nag,2014,659.436
bol,sex_t,age_ythadult_y15_24,eco_sector_nag,2015,581.39
bol,sex_t,age_ythadult_y15_24,eco_sector_nag,2016,571.582
bol,sex_t,age_ythadult_y15_24,eco_sector_nag,2017,576.396
bol,sex_t,age_ythadult_y15_24,eco_sector_nag,2018,630.893
bol,sex_t,age_ythadult_y15_24,eco_sector_nag,2019,717.623
bol,sex_t,age_ythadult_y15_24,eco_sector_nag,2020,523.378
bol,sex_t,age_ythadult_y15_24,eco_sector_nag,2021,872.552
bol,sex_t,age_ythadult_y15_24,eco_sector_nag,2022,928.097
bol,sex_t,age_ythadult_y15_24,eco_sector_nag,2023,916.751
bol,sex_t,age_ythadult_y15_24,eco_sector_nag,2024,1000.56
bol,sex_t,age_ythadult_y15_24,eco_sector_ser,1989,148.829
bol,sex_t,age_ythadult_y15_24,eco_sector_ser,1990,153.947
bol,sex_t,age_ythadult_y15_24,eco_sector_ser,1991,144.646
bol,sex_t,age_ythadult_y15_24,eco_sector_ser,1992,144.685
bol,sex_t,age_ythadult_y15_24,eco_sector_ser,1993,175.809
bol,sex_t,age_ythadult_y15_24,eco_sector_ser,1994,176.477
bol,sex_t,age_ythadult_y15_24,eco_sector_ser,1995,194.245
bol,sex_t,age_ythadult_y15_24,eco_sector_ser,1999,737.169
bol,sex_t,age_ythadult_y15_24,eco_sector_ser,2000,275.313
bol,sex_t,age_ythadult_y15_24,eco_sector_ser,2001,342.696
bol,sex_t,age_ythadult_y15_24,eco_sector_ser,2002,320.835
bol,sex_t,age_ythadult_y15_24,eco_sector_ser,2005,328.776
bol,sex_t,age_ythadult_y15_24,eco_sector_ser,2006,370.954
bol,sex_t,age_ythadult_y15_24,eco_sector_ser,2007,343.29
bol,sex_t,age_ythadult_y15_24,eco_sector_ser,2008,422.352
bol,sex_t,age_ythadult_y15_24,eco_sector_ser,2009,427.675
bol,sex_t,age_ythadult_y15_24,eco_sector_ser,2011,422.487
bol,sex_t,age_ythadult_y15_24,eco_sector_ser,2012,390.919
bol,sex_t,age_ythadult_y15_24,eco_sector_ser,2013,377.68
bol,sex_t,age_ythadult_y15_24,eco_sector_ser,2014,419.642
bol,sex_t,age_ythadult_y15_24,eco_sector_ser,2015,370.437
bol,sex_t,age_ythadult_y15_24,eco_sector_ser,2016,370.17
bol,sex_t,age_ythadult_y15_24,eco_sector_ser,2017,381.016
bol,sex_t,age_ythadult_y15_24,eco_sector_ser,2018,432.773
bol,sex_t,age_ythadult_y15_24,eco_sector_ser,2019,498.321
bol,sex_t,age_ythadult_y15_24,eco_sector_ser,2020,353.865
bol,sex_t,age_ythadult_y15_24,eco_sector_ser,2021,612.949
bol,sex_t,age_ythadult_y15_24,eco_sector_ser,2022,677.911
bol,sex_t,age_ythadult_y15_24,eco_sector_ser,2023,675.948
bol,sex_t,age_ythadult_y15_24,eco_sector_ser,2024,726.962
bol,sex_t,age_ythadult_y15_24,eco_sector_total,1989,187.202
bol,sex_t,age_ythadult_y15_24,eco_sector_total,1990,204.991
bol,sex_t,age_ythadult_y15_24,eco_sector_total,1991,221.498
bol,sex_t,age_ythadult_y15_24,eco_sector_total,1992,226.598
bol,sex_t,age_ythadult_y15_24,eco_sector_total,1993,259.715
bol,sex_t,age_ythadult_y15_24,eco_sector_total,1994,272.161
bol,sex_t,age_ythadult_y15_24,eco_sector_total,1995,294.696
bol,sex_t,age_ythadult_y15_24,eco_sector_total,1999,845.664
bol,sex_t,age_ythadult_y15_24,eco_sector_total,2000,753.601
bol,sex_t,age_ythadult_y15_24,eco_sector_total,2001,880.966
bol,sex_t,age_ythadult_y15_24,eco_sector_total,2002,842.194
bol,sex_t,age_ythadult_y15_24,eco_sector_total,2005,799.212
bol,sex_t,age_ythadult_y15_24,eco_sector_total,2006,916.845
bol,sex_t,age_ythadult_y15_24,eco_sector_total,2007,915.783
bol,sex_t,age_ythadult_y15_24,eco_sector_total,2008,935.231
bol,sex_t,age_ythadult_y15_24,eco_sector_total,2009,950.774
bol,sex_t,age_ythadult_y15_24,eco_sector_total,2011,985.167
bol,sex_t,age_ythadult_y15_24,eco_sector_total,2012,859.819
bol,sex_t,age_ythadult_y15_24,eco_sector_total,2013,842.306
bol,sex_t,age_ythadult_y15_24,eco_sector_total,2014,971.469
bol,sex_t,age_ythadult_y15_24,eco_sector_total,2015,840.124
bol,sex_t,age_ythadult_y15_24,eco_sector_total,2016,848.604
bol,sex_t,age_ythadult_y15_24,eco_sector_total,2017,870.58
bol,sex_t,age_ythadult_y15_24,eco_sector_total,2018,936.769
bol,sex_t,age_ythadult_y15_24,eco_sector_total,2019,992.779
bol,sex_t,age_ythadult_y15_24,eco_sector_total,2020,814.869
bol,sex_t,age_ythadult_y15_24,eco_sector_total,2021,1208.755
bol,sex_t,age_ythadult_y15_24,eco_sector_total,2022,1230.875
bol,sex_t,age_ythadult_y15_24,eco_sector_total,2023,1222.63
bol,sex_t,age_ythadult_y15_24,eco_sector_total,2024,1270.692
bol,sex_t,age_ythadult_y15_24,eco_sector_x,1989,5.902
bol,sex_t,age_ythadult_y15_24,eco_sector_x,1990,7.91
bol,sex_t,age_ythadult_y15_24,eco_sector_x,1999,42.059
bol,sex_t,age_ythadult_y15_24,eco_sector_x,2000,8.858
bol,sex_t,age_ythadult_y15_24,eco_sector_x,2001,8.426
bol,sex_t,age_ythadult_y15_24,eco_sector_x,2015,1.783
bol,sex_t,age_ythadult_y15_24,eco_sector_x,2017,0.577
bol,sex_t,age_ythadult_y15_24,eco_sector_x,2020,2.478
bol,sex_t,age_ythadult_y15_24,eco_sector_x,2021,2.703
bol,sex_t,age_ythadult_y15_24,eco_sector_x,2022,3.363
bol,sex_t,age_ythadult_y15_24,eco_sector_x,2023,3.505
bol,sex_t,age_ythadult_y15_24,eco_sector_x,2024,5.158
bol,sex_t,age_ythadult_y15_64,eco_aggregate_agr,1991,15.377
bol,sex_t,age_ythadult_y15_64,eco_aggregate_agr,1992,19.139
bol,sex_t,age_ythadult_y15_64,eco_aggregate_agr,1993,18.492
bol,sex_t,age_ythadult_y15_64,eco_aggregate_agr,1994,16.517
bol,sex_t,age_ythadult_y15_64,eco_aggregate_agr,1995,25.448
bol,sex_t,age_ythadult_y15_64,eco_aggregate_agr,2000,1113.39
bol,sex_t,age_ythadult_y15_64,eco_aggregate_agr,2001,1305.62
bol,sex_t,age_ythadult_y15_64,eco_aggregate_agr,2002,1256.832
bol,sex_t,age_ythadult_y15_64,eco_aggregate_agr,2005,1182.858
bol,sex_t,age_ythadult_y15_64,eco_aggregate_agr,2006,1332.687
bol,sex_t,age_ythadult_y15_64,eco_aggregate_agr,2007,1227.897
bol,sex_t,age_ythadult_y15_64,eco_aggregate_agr,2008,1235.124
bol,sex_t,age_ythadult_y15_64,eco_aggregate_agr,2009,1223.299
bol,sex_t,age_ythadult_y15_64,eco_aggregate_agr,2011,1411.294
bol,sex_t,age_ythadult_y15_64,eco_aggregate_agr,2012,1252.854
bol,sex_t,age_ythadult_y15_64,eco_aggregate_agr,2013,1338.407
bol,sex_t,age_ythadult_y15_64,eco_aggregate_agr,2014,1338.213
bol,sex_t,age_ythadult_y15_64,eco_aggregate_agr,2015,1218.857
bol,sex_t,age_ythadult_y15_64,eco_aggregate_agr,2016,1227.954
bol,sex_t,age_ythadult_y15_64,eco_aggregate_agr,2017,1271.483
bol,sex_t,age_ythadult_y15_64,eco_aggregate_agr,2018,1369.806
bol,sex_t,age_ythadult_y15_64,eco_aggregate_agr,2019,1279.993
bol,sex_t,age_ythadult_y15_64,eco_aggregate_agr,2020,1308.536
bol,sex_t,age_ythadult_y15_64,eco_aggregate_agr,2021,1387.085
bol,sex_t,age_ythadult_y15_64,eco_aggregate_agr,2022,1314.963
bol,sex_t,age_ythadult_y15_64,eco_aggregate_agr,2023,1348.169
bol,sex_t,age_ythadult_y15_64,eco_aggregate_agr,2024,1267.524
bol,sex_t,age_ythadult_y15_64,eco_aggregate_con,1991,81.395
bol,sex_t,age_ythadult_y15_64,eco_aggregate_con,1992,89.086
bol,sex_t,age_ythadult_y15_64,eco_aggregate_con,1993,85.087
bol,sex_t,age_ythadult_y15_64,eco_aggregate_con,1994,110.955
bol,sex_t,age_ythadult_y15_64,eco_aggregate_con,1995,100.535
bol,sex_t,age_ythadult_y15_64,eco_aggregate_con,2000,229.846
bol,sex_t,age_ythadult_y15_64,eco_aggregate_con,2001,181.807
bol,sex_t,age_ythadult_y15_64,eco_aggregate_con,2002,200.807
bol,sex_t,age_ythadult_y15_64,eco_aggregate_con,2005,261.89
bol,sex_t,age_ythadult_y15_64,eco_aggregate_con,2006,238.533
bol,sex_t,age_ythadult_y15_64,eco_aggregate_con,2007,302.38
bol,sex_t,age_ythadult_y15_64,eco_aggregate_con,2008,318.341
bol,sex_t,age_ythadult_y15_64,eco_aggregate_con,2009,353.393
bol,sex_t,age_ythadult_y15_64,eco_aggregate_con,2011,365.966
bol,sex_t,age_ythadult_y15_64,eco_aggregate_con,2012,344.39
bol,sex_t,age_ythadult_y15_64,eco_aggregate_con,2013,333.268
bol,sex_t,age_ythadult_y15_64,eco_aggregate_con,2014,434.038
bol,sex_t,age_ythadult_y15_64,eco_aggregate_con,2015,457.82
bol,sex_t,age_ythadult_y15_64,eco_aggregate_con,2016,414.372
bol,sex_t,age_ythadult_y15_64,eco_aggregate_con,2017,420.41
bol,sex_t,age_ythadult_y15_64,eco_aggregate_con,2018,395.178
bol,sex_t,age_ythadult_y15_64,eco_aggregate_con,2019,429.946
bol,sex_t,age_ythadult_y15_64,eco_aggregate_con,2020,421.004
bol,sex_t,age_ythadult_y15_64,eco_aggregate_con,2021,441.102
bol,sex_t,age_ythadult_y15_64,eco_aggregate_con,2022,459.167
bol,sex_t,age_ythadult_y15_64,eco_aggregate_con,2023,446.66
bol,sex_t,age_ythadult_y15_64,eco_aggregate_con,2024,475.321
bol,sex_t,age_ythadult_y15_64,eco_aggregate_man,1989,123.597
bol,sex_t,age_ythadult_y15_64,eco_aggregate_man,1990,147.58
bol,sex_t,age_ythadult_y15_64,eco_aggregate_man,1991,168.402
bol,sex_t,age_ythadult_y15_64,eco_aggregate_man,1992,188.638
bol,sex_t,age_ythadult_y15_64,eco_aggregate_man,1993,188.601
bol,sex_t,age_ythadult_y15_64,eco_aggregate_man,1994,204.697
bol,sex_t,age_ythadult_y15_64,eco_aggregate_man,1995,215.303
bol,sex_t,age_ythadult_y15_64,eco_aggregate_man,1999,366.74
bol,sex_t,age_ythadult_y15_64,eco_aggregate_man,2000,346.613
bol,sex_t,age_ythadult_y15_64,eco_aggregate_man,2001,326.465
bol,sex_t,age_ythadult_y15_64,eco_aggregate_man,2002,408.367
bol,sex_t,age_ythadult_y15_64,eco_aggregate_man,2005,427.948
bol,sex_t,age_ythadult_y15_64,eco_aggregate_man,2006,434.711
bol,sex_t,age_ythadult_y15_64,eco_aggregate_man,2007,467.951
bol,sex_t,age_ythadult_y15_64,eco_aggregate_man,2008,489.094
bol,sex_t,age_ythadult_y15_64,eco_aggregate_man,2009,532.304
bol,sex_t,age_ythadult_y15_64,eco_aggregate_man,2011,333.087
bol,sex_t,age_ythadult_y15_64,eco_aggregate_man,2012,314.261
bol,sex_t,age_ythadult_y15_64,eco_aggregate_man,2013,323.927
bol,sex_t,age_ythadult_y15_64,eco_aggregate_man,2014,457.05
bol,sex_t,age_ythadult_y15_64,eco_aggregate_man,2015,408.275
bol,sex_t,age_ythadult_y15_64,eco_aggregate_man,2016,461.974
bol,sex_t,age_ythadult_y15_64,eco_aggregate_man,2017,474.224
bol,sex_t,age_ythadult_y15_64,eco_aggregate_man,2018,511.87
bol,sex_t,age_ythadult_y15_64,eco_aggregate_man,2019,600.031
bol,sex_t,age_ythadult_y15_64,eco_aggregate_man,2020,458.508
bol,sex_t,age_ythadult_y15_64,eco_aggregate_man,2021,667.865
bol,sex_t,age_ythadult_y15_64,eco_aggregate_man,2022,694.64
bol,sex_t,age_ythadult_y15_64,eco_aggregate_man,2023,716.745
bol,sex_t,age_ythadult_y15_64,eco_aggregate_man,2024,797.684
bol,sex_t,age_ythadult_y15_64,eco_aggregate_mel,1989,22.757
bol,sex_t,age_ythadult_y15_64,eco_aggregate_mel,1990,14.371
bol,sex_t,age_ythadult_y15_64,eco_aggregate_mel,1991,27.308
bol,sex_t,age_ythadult_y15_64,eco_aggregate_mel,1992,25.479
bol,sex_t,age_ythadult_y15_64,eco_aggregate_mel,1993,19.113
bol,sex_t,age_ythadult_y15_64,eco_aggregate_mel,1994,19.997
bol,sex_t,age_ythadult_y15_64,eco_aggregate_mel,1995,23.345
bol,sex_t,age_ythadult_y15_64,eco_aggregate_mel,1999,178.457
bol,sex_t,age_ythadult_y15_64,eco_aggregate_mel,2000,67.826
bol,sex_t,age_ythadult_y15_64,eco_aggregate_mel,2001,57.482
bol,sex_t,age_ythadult_y15_64,eco_aggregate_mel,2002,44.523
bol,sex_t,age_ythadult_y15_64,eco_aggregate_mel,2005,84.309
bol,sex_t,age_ythadult_y15_64,eco_aggregate_mel,2006,68.351
bol,sex_t,age_ythadult_y15_64,eco_aggregate_mel,2007,82.771
bol,sex_t,age_ythadult_y15_64,eco_aggregate_mel,2008,75.259
bol,sex_t,age_ythadult_y15_64,eco_aggregate_mel,2009,61.752
bol,sex_t,age_ythadult_y15_64,eco_aggregate_mel,2011,122.478
bol,sex_t,age_ythadult_y15_64,eco_aggregate_mel,2012,151.193
bol,sex_t,age_ythadult_y15_64,eco_aggregate_mel,2013,142.343
bol,sex_t,age_ythadult_y15_64,eco_aggregate_mel,2014,120.67
bol,sex_t,age_ythadult_y15_64,eco_aggregate_mel,2015,133.203
bol,sex_t,age_ythadult_y15_64,eco_aggregate_mel,2016,104.434
bol,sex_t,age_ythadult_y15_64,eco_aggregate_mel,2017,86.232
bol,sex_t,age_ythadult_y15_64,eco_aggregate_mel,2018,106.205
bol,sex_t,age_ythadult_y15_64,eco_aggregate_mel,2019,89.718
bol,sex_t,age_ythadult_y15_64,eco_aggregate_mel,2020,70.007
bol,sex_t,age_ythadult_y15_64,eco_aggregate_mel,2021,98.352
bol,sex_t,age_ythadult_y15_64,eco_aggregate_mel,2022,106.556
bol,sex_t,age_ythadult_y15_64,eco_aggregate_mel,2023,97.536
bol,sex_t,age_ythadult_y15_64,eco_aggregate_mel,2024,117.028
bol,sex_t,age_ythadult_y15_64,eco_aggregate_mkt,1989,352.248
bol,sex_t,age_ythadult_y15_64,eco_aggregate_mkt,1990,340.805
bol,sex_t,age_ythadult_y15_64,eco_aggregate_mkt,1991,366.874
bol,sex_t,age_ythadult_y15_64,eco_aggregate_mkt,1992,383.044
bol,sex_t,age_ythadult_y15_64,eco_aggregate_mkt,1993,447.108
bol,sex_t,age_ythadult_y15_64,eco_aggregate_mkt,1994,495.2
bol,sex_t,age_ythadult_y15_64,eco_aggregate_mkt,1995,515.816
bol,sex_t,age_ythadult_y15_64,eco_aggregate_mkt,1999,2451.883
bol,sex_t,age_ythadult_y15_64,eco_aggregate_mkt,2000,878.539
bol,sex_t,age_ythadult_y15_64,eco_aggregate_mkt,2001,907.037
bol,sex_t,age_ythadult_y15_64,eco_aggregate_mkt,2002,926.942
bol,sex_t,age_ythadult_y15_64,eco_aggregate_mkt,2005,1099.218
bol,sex_t,age_ythadult_y15_64,eco_aggregate_mkt,2006,1168.642
bol,sex_t,age_ythadult_y15_64,eco_aggregate_mkt,2007,1159.198
bol,sex_t,age_ythadult_y15_64,eco_aggregate_mkt,2008,1447.632
bol,sex_t,age_ythadult_y15_64,eco_aggregate_mkt,2009,1427.312
bol,sex_t,age_ythadult_y15_64,eco_aggregate_mkt,2011,1493.266
bol,sex_t,age_ythadult_y15_64,eco_aggregate_mkt,2012,1547.761
bol,sex_t,age_ythadult_y15_64,eco_aggregate_mkt,2013,1540.458
bol,sex_t,age_ythadult_y15_64,eco_aggregate_mkt,2014,1602.939
bol,sex_t,age_ythadult_y15_64,eco_aggregate_mkt,2015,1594.596
bol,sex_t,age_ythadult_y15_64,eco_aggregate_mkt,2016,1554.378
bol,sex_t,age_ythadult_y15_64,eco_aggregate_mkt,2017,1638.315
bol,sex_t,age_ythadult_y15_64,eco_aggregate_mkt,2018,1771.662
bol,sex_t,age_ythadult_y15_64,eco_aggregate_mkt,2019,1950.773
bol,sex_t,age_ythadult_y15_64,eco_aggregate_mkt,2020,1930.473
bol,sex_t,age_ythadult_y15_64,eco_aggregate_mkt,2021,2226.612
bol,sex_t,age_ythadult_y15_64,eco_aggregate_mkt,2022,2431.9
bol,sex_t,age_ythadult_y15_64,eco_aggregate_mkt,2023,2440.779
bol,sex_t,age_ythadult_y15_64,eco_aggregate_mkt,2024,2549.242
bol,sex_t,age_ythadult_y15_64,eco_aggregate_pub,1989,324.111
bol,sex_t,age_ythadult_y15_64,eco_aggregate_pub,1990,343.991
bol,sex_t,age_ythadult_y15_64,eco_aggregate_pub,1991,270.812
bol,sex_t,age_ythadult_y15_64,eco_aggregate_pub,1992,256.553
bol,sex_t,age_ythadult_y15_64,eco_aggregate_pub,1993,276.61
bol,sex_t,age_ythadult_y15_64,eco_aggregate_pub,1994,277.989
bol,sex_t,age_ythadult_y15_64,eco_aggregate_pub,1995,288.807
bol,sex_t,age_ythadult_y15_64,eco_aggregate_pub,1999,300.858
bol,sex_t,age_ythadult_y15_64,eco_aggregate_pub,2000,529.525
bol,sex_t,age_ythadult_y15_64,eco_aggregate_pub,2001,500.001
bol,sex_t,age_ythadult_y15_64,eco_aggregate_pub,2002,513.159
bol,sex_t,age_ythadult_y15_64,eco_aggregate_pub,2005,588.706
bol,sex_t,age_ythadult_y15_64,eco_aggregate_pub,2006,677.339
bol,sex_t,age_ythadult_y15_64,eco_aggregate_pub,2007,766.887
bol,sex_t,age_ythadult_y15_64,eco_aggregate_pub,2008,704.731
bol,sex_t,age_ythadult_y15_64,eco_aggregate_pub,2009,821.674
bol,sex_t,age_ythadult_y15_64,eco_aggregate_pub,2011,765.95
bol,sex_t,age_ythadult_y15_64,eco_aggregate_pub,2012,761.355
bol,sex_t,age_ythadult_y15_64,eco_aggregate_pub,2013,846.845
bol,sex_t,age_ythadult_y15_64,eco_aggregate_pub,2014,752.385
bol,sex_t,age_ythadult_y15_64,eco_aggregate_pub,2015,714.236
bol,sex_t,age_ythadult_y15_64,eco_aggregate_pub,2016,720.42
bol,sex_t,age_ythadult_y15_64,eco_aggregate_pub,2017,715.184
bol,sex_t,age_ythadult_y15_64,eco_aggregate_pub,2018,730.29
bol,sex_t,age_ythadult_y15_64,eco_aggregate_pub,2019,811.216
bol,sex_t,age_ythadult_y15_64,eco_aggregate_pub,2020,748.995
bol,sex_t,age_ythadult_y15_64,eco_aggregate_pub,2021,802.493
bol,sex_t,age_ythadult_y15_64,eco_aggregate_pub,2022,883.428
bol,sex_t,age_ythadult_y15_64,eco_aggregate_pub,2023,955.435
bol,sex_t,age_ythadult_y15_64,eco_aggregate_pub,2024,993.148
bol,sex_t,age_ythadult_y15_64,eco_aggregate_total,1989,844.394
bol,sex_t,age_ythadult_y15_64,eco_aggregate_total,1990,873.451
bol,sex_t,age_ythadult_y15_64,eco_aggregate_total,1991,930.226
bol,sex_t,age_ythadult_y15_64,eco_aggregate_total,1992,963.14
bol,sex_t,age_ythadult_y15_64,eco_aggregate_total,1993,1035.078
bol,sex_t,age_ythadult_y15_64,eco_aggregate_total,1994,1125.526
bol,sex_t,age_ythadult_y15_64,eco_aggregate_total,1995,1170.869
bol,sex_t,age_ythadult_y15_64,eco_aggregate_total,1999,3516.54
bol,sex_t,age_ythadult_y15_64,eco_aggregate_total,2000,3196.905
bol,sex_t,age_ythadult_y15_64,eco_aggregate_total,2001,3304.435
bol,sex_t,age_ythadult_y15_64,eco_aggregate_total,2002,3350.63
bol,sex_t,age_ythadult_y15_64,eco_aggregate_total,2005,3644.929
bol,sex_t,age_ythadult_y15_64,eco_aggregate_total,2006,3920.263
bol,sex_t,age_ythadult_y15_64,eco_aggregate_total,2007,4007.084
bol,sex_t,age_ythadult_y15_64,eco_aggregate_total,2008,4271.525
bol,sex_t,age_ythadult_y15_64,eco_aggregate_total,2009,4419.734
bol,sex_t,age_ythadult_y15_64,eco_aggregate_total,2011,4492.041
bol,sex_t,age_ythadult_y15_64,eco_aggregate_total,2012,4371.814
bol,sex_t,age_ythadult_y15_64,eco_aggregate_total,2013,4525.408
bol,sex_t,age_ythadult_y15_64,eco_aggregate_total,2014,4706.304
bol,sex_t,age_ythadult_y15_64,eco_aggregate_total,2015,4530.844
bol,sex_t,age_ythadult_y15_64,eco_aggregate_total,2016,4483.609
bol,sex_t,age_ythadult_y15_64,eco_aggregate_total,2017,4606.712
bol,sex_t,age_ythadult_y15_64,eco_aggregate_total,2018,4885.01
bol,sex_t,age_ythadult_y15_64,eco_aggregate_total,2019,5161.676
bol,sex_t,age_ythadult_y15_64,eco_aggregate_total,2020,4946.305
bol,sex_t,age_ythadult_y15_64,eco_aggregate_total,2021,5631.067
bol,sex_t,age_ythadult_y15_64,eco_aggregate_total,2022,5900.425
bol,sex_t,age_ythadult_y15_64,eco_aggregate_total,2023,6014.034
bol,sex_t,age_ythadult_y15_64,eco_aggregate_total,2024,6212.993
bol,sex_t,age_ythadult_y15_64,eco_aggregate_x,1989,21.68
bol,sex_t,age_ythadult_y15_64,eco_aggregate_x,1990,26.704
bol,sex_t,age_ythadult_y15_64,eco_aggregate_x,1995,1.615
bol,sex_t,age_ythadult_y15_64,eco_aggregate_x,1999,211.213
bol,sex_t,age_ythadult_y15_64,eco_aggregate_x,2000,31.166
bol,sex_t,age_ythadult_y15_64,eco_aggregate_x,2001,26.023
bol,sex_t,age_ythadult_y15_64,eco_aggregate_x,2014,1.009
bol,sex_t,age_ythadult_y15_64,eco_aggregate_x,2015,3.857
bol,sex_t,age_ythadult_y15_64,eco_isic3_a,1991,15.324
bol,sex_t,age_ythadult_y15_64,eco_isic3_a,1992,19.139
bol,sex_t,age_ythadult_y15_64,eco_isic3_a,1993,18.434
bol,sex_t,age_ythadult_y15_64,eco_isic3_a,1994,16.378
bol,sex_t,age_ythadult_y15_64,eco_isic3_a,1995,25.372
bol,sex_t,age_ythadult_y15_64,eco_isic3_a,2000,1113.39
bol,sex_t,age_ythadult_y15_64,eco_isic3_a,2001,1305.62
bol,sex_t,age_ythadult_y15_64,eco_isic3_a,2002,1253.759
bol,sex_t,age_ythadult_y15_64,eco_isic3_a,2005,1178.304
bol,sex_t,age_ythadult_y15_64,eco_isic3_a,2006,1320.323
bol,sex_t,age_ythadult_y15_64,eco_isic3_a,2007,1226.302
bol,sex_t,age_ythadult_y15_64,eco_isic3_a,2008,1228.931
bol,sex_t,age_ythadult_y15_64,eco_isic3_a,2009,1216.884
bol,sex_t,age_ythadult_y15_64,eco_isic3_b,2002,3.073
bol,sex_t,age_ythadult_y15_64,eco_isic3_b,2006,12.364
bol,sex_t,age_ythadult_y15_64,eco_isic3_c,1989,18.954
bol,sex_t,age_ythadult_y15_64,eco_isic3_c,1990,10.291
bol,sex_t,age_ythadult_y15_64,eco_isic3_c,1991,20.002
bol,sex_t,age_ythadult_y15_64,eco_isic3_c,1992,17.872
bol,sex_t,age_ythadult_y15_64,eco_isic3_c,1993,14.642
bol,sex_t,age_ythadult_y15_64,eco_isic3_c,1994,14.624
bol,sex_t,age_ythadult_y15_64,eco_isic3_c,1995,18.364
bol,sex_t,age_ythadult_y15_64,eco_isic3_c,1999,78.271
bol,sex_t,age_ythadult_y15_64,eco_isic3_c,2000,50.583
bol,sex_t,age_ythadult_y15_64,eco_isic3_c,2001,46.61
bol,sex_t,age_ythadult_y15_64,eco_isic3_c,2002,36.466
bol,sex_t,age_ythadult_y15_64,eco_isic3_c,2005,70.429
bol,sex_t,age_ythadult_y15_64,eco_isic3_c,2006,55.341
bol,sex_t,age_ythadult_y15_64,eco_isic3_c,2007,67.984
bol,sex_t,age_ythadult_y15_64,eco_isic3_c,2008,58.51
bol,sex_t,age_ythadult_y15_64,eco_isic3_c,2009,49.411
bol,sex_t,age_ythadult_y15_64,eco_isic3_d,1989,123.597
bol,sex_t,age_ythadult_y15_64,eco_isic3_d,1990,147.58
bol,sex_t,age_ythadult_y15_64,eco_isic3_d,1991,168.402
bol,sex_t,age_ythadult_y15_64,eco_isic3_d,1992,188.638
bol,sex_t,age_ythadult_y15_64,eco_isic3_d,1993,188.601
bol,sex_t,age_ythadult_y15_64,eco_isic3_d,1994,204.697
bol,sex_t,age_ythadult_y15_64,eco_isic3_d,1995,215.303
bol,sex_t,age_ythadult_y15_64,eco_isic3_d,1999,366.74
bol,sex_t,age_ythadult_y15_64,eco_isic3_d,2000,346.613
bol,sex_t,age_ythadult_y15_64,eco_isic3_d,2001,326.465
bol,sex_t,age_ythadult_y15_64,eco_isic3_d,2002,408.367
bol,sex_t,age_ythadult_y15_64,eco_isic3_d,2005,427.948
bol,sex_t,age_ythadult_y15_64,eco_isic3_d,2006,434.711
bol,sex_t,age_ythadult_y15_64,eco_isic3_d,2007,467.951
bol,sex_t,age_ythadult_y15_64,eco_isic3_d,2008,489.094
bol,sex_t,age_ythadult_y15_64,eco_isic3_d,2009,532.304
bol,sex_t,age_ythadult_y15_64,eco_isic3_e,1989,3.803
bol,sex_t,age_ythadult_y15_64,eco_isic3_e,1990,4.08
bol,sex_t,age_ythadult_y15_64,eco_isic3_e,1991,7.306
bol,sex_t,age_ythadult_y15_64,eco_isic3_e,1992,7.607
bol,sex_t,age_ythadult_y15_64,eco_isic3_e,1993,4.471
bol,sex_t,age_ythadult_y15_64,eco_isic3_e,1994,5.373
bol,sex_t,age_ythadult_y15_64,eco_isic3_e,1995,4.981
bol,sex_t,age_ythadult_y15_64,eco_isic3_e,1999,100.186
bol,sex_t,age_ythadult_y15_64,eco_isic3_e,2000,17.243
bol,sex_t,age_ythadult_y15_64,eco_isic3_e,2001,10.872
bol,sex_t,age_ythadult_y15_64,eco_isic3_e,2002,8.057
bol,sex_t,age_ythadult_y15_64,eco_isic3_e,2005,13.88
bol,sex_t,age_ythadult_y15_64,eco_isic3_e,2006,13.01
bol,sex_t,age_ythadult_y15_64,eco_isic3_e,2008,16.749
bol,sex_t,age_ythadult_y15_64,eco_isic3_e,2009,12.341
bol,sex_t,age_ythadult_y15_64,eco_isic3_f,1991,81.395
bol,sex_t,age_ythadult_y15_64,eco_isic3_f,1992,89.086
bol,sex_t,age_ythadult_y15_64,eco_isic3_f,1993,85.087
bol,sex_t,age_ythadult_y15_64,eco_isic3_f,1994,110.955
bol,sex_t,age_ythadult_y15_64,eco_isic3_f,1995,100.535
bol,sex_t,age_ythadult_y15_64,eco_isic3_f,2000,229.846
bol,sex_t,age_ythadult_y15_64,eco_isic3_f,2001,181.807
bol,sex_t,age_ythadult_y15_64,eco_isic3_f,2002,200.807
bol,sex_t,age_ythadult_y15_64,eco_isic3_f,2005,261.89
bol,sex_t,age_ythadult_y15_64,eco_isic3_f,2006,238.533
bol,sex_t,age_ythadult_y15_64,eco_isic3_f,2007,302.38
bol,sex_t,age_ythadult_y15_64,eco_isic3_f,2008,318.341
bol,sex_t,age_ythadult_y15_64,eco_isic3_f,2009,353.393
bol,sex_t,age_ythadult_y15_64,eco_isic3_g,1989,61.363
bol,sex_t,age_ythadult_y15_64,eco_isic3_g,1990,58.406
bol,sex_t,age_ythadult_y15_64,eco_isic3_g,1991,223.225
bol,sex_t,age_ythadult_y15_64,eco_isic3_g,1992,238.676
bol,sex_t,age_ythadult_y15_64,eco_isic3_g,1993,262.464
bol,sex_t,age_ythadult_y15_64,eco_isic3_g,1994,299.154
bol,sex_t,age_ythadult_y15_64,eco_isic3_g,1995,314.763
bol,sex_t,age_ythadult_y15_64,eco_isic3_g,1999,514.001
bol,sex_t,age_ythadult_y15_64,eco_isic3_g,2000,506.989
bol,sex_t,age_ythadult_y15_64,eco_isic3_g,2001,493.015
bol,sex_t,age_ythadult_y15_64,eco_isic3_g,2002,505.807
bol,sex_t,age_ythadult_y15_64,eco_isic3_g,2005,581.431
bol,sex_t,age_ythadult_y15_64,eco_isic3_g,2006,587.466
bol,sex_t,age_ythadult_y15_64,eco_isic3_g,2007,597.211
bol,sex_t,age_ythadult_y15_64,eco_isic3_g,2008,762.76
bol,sex_t,age_ythadult_y15_64,eco_isic3_g,2009,699.959
bol,sex_t,age_ythadult_y15_64,eco_isic3_h,1991,40.518
bol,sex_t,age_ythadult_y15_64,eco_isic3_h,1992,35.921
bol,sex_t,age_ythadult_y15_64,eco_isic3_h,1993,50.452
bol,sex_t,age_ythadult_y15_64,eco_isic3_h,1994,62.589
bol,sex_t,age_ythadult_y15_64,eco_isic3_h,1995,63.226
bol,sex_t,age_ythadult_y15_64,eco_isic3_h,2000,102.643
bol,sex_t,age_ythadult_y15_64,eco_isic3_h,2001,121.84
bol,sex_t,age_ythadult_y15_64,eco_isic3_h,2002,157.597
bol,sex_t,age_ythadult_y15_64,eco_isic3_h,2005,154.751
bol,sex_t,age_ythadult_y15_64,eco_isic3_h,2006,166.723
bol,sex_t,age_ythadult_y15_64,eco_isic3_h,2007,138.437
bol,sex_t,age_ythadult_y15_64,eco_isic3_h,2008,193.844
bol,sex_t,age_ythadult_y15_64,eco_isic3_h,2009,209.517
bol,sex_t,age_ythadult_y15_64,eco_isic3_i,1989,224.063
bol,sex_t,age_ythadult_y15_64,eco_isic3_i,1990,216.153
bol,sex_t,age_ythadult_y15_64,eco_isic3_i,1991,67.13
bol,sex_t,age_ythadult_y15_64,eco_isic3_i,1992,69.808
bol,sex_t,age_ythadult_y15_64,eco_isic3_i,1993,88.569
bol,sex_t,age_ythadult_y15_64,eco_isic3_i,1994,86.079
bol,sex_t,age_ythadult_y15_64,eco_isic3_i,1995,90.59
bol,sex_t,age_ythadult_y15_64,eco_isic3_i,1999,1302.418
bol,sex_t,age_ythadult_y15_64,eco_isic3_i,2000,153.413
bol,sex_t,age_ythadult_y15_64,eco_isic3_i,2001,175.381
bol,sex_t,age_ythadult_y15_64,eco_isic3_i,2002,169.876
bol,sex_t,age_ythadult_y15_64,eco_isic3_i,2005,248.786
bol,sex_t,age_ythadult_y15_64,eco_isic3_i,2006,243.497
bol,sex_t,age_ythadult_y15_64,eco_isic3_i,2007,263.228
bol,sex_t,age_ythadult_y15_64,eco_isic3_i,2008,335.909
bol,sex_t,age_ythadult_y15_64,eco_isic3_i,2009,320.463
bol,sex_t,age_ythadult_y15_64,eco_isic3_j,1993,13.258
bol,sex_t,age_ythadult_y15_64,eco_isic3_j,1995,13.362
bol,sex_t,age_ythadult_y15_64,eco_isic3_j,2000,19.967
bol,sex_t,age_ythadult_y15_64,eco_isic3_j,2005,13.124
bol,sex_t,age_ythadult_y15_64,eco_isic3_j,2006,23.337
bol,sex_t,age_ythadult_y15_64,eco_isic3_j,2007,28.073
bol,sex_t,age_ythadult_y15_64,eco_isic3_j,2008,32.375
bol,sex_t,age_ythadult_y15_64,eco_isic3_j,2009,38.44
bol,sex_t,age_ythadult_y15_64,eco_isic3_k,1989,66.822
bol,sex_t,age_ythadult_y15_64,eco_isic3_k,1990,66.246
bol,sex_t,age_ythadult_y15_64,eco_isic3_k,1991,26.486
bol,sex_t,age_ythadult_y15_64,eco_isic3_k,1992,30.456
bol,sex_t,age_ythadult_y15_64,eco_isic3_k,1993,32.365
bol,sex_t,age_ythadult_y15_64,eco_isic3_k,1994,34.463
bol,sex_t,age_ythadult_y15_64,eco_isic3_k,1995,33.875
bol,sex_t,age_ythadult_y15_64,eco_isic3_k,1999,635.464
bol,sex_t,age_ythadult_y15_64,eco_isic3_k,2000,95.527
bol,sex_t,age_ythadult_y15_64,eco_isic3_k,2001,96.877
bol,sex_t,age_ythadult_y15_64,eco_isic3_k,2002,76.561
bol,sex_t,age_ythadult_y15_64,eco_isic3_k,2005,101.126
bol,sex_t,age_ythadult_y15_64,eco_isic3_k,2006,147.619
bol,sex_t,age_ythadult_y15_64,eco_isic3_k,2007,132.249
bol,sex_t,age_ythadult_y15_64,eco_isic3_k,2008,122.744
bol,sex_t,age_ythadult_y15_64,eco_isic3_k,2009,158.933
bol,sex_t,age_ythadult_y15_64,eco_isic3_l,1991,57.152
bol,sex_t,age_ythadult_y15_64,eco_isic3_l,1992,57.599
bol,sex_t,age_ythadult_y15_64,eco_isic3_l,1993,56.881
bol,sex_t,age_ythadult_y15_64,eco_isic3_l,1994,57.003
bol,sex_t,age_ythadult_y15_64,eco_isic3_l,1995,56.148
bol,sex_t,age_ythadult_y15_64,eco_isic3_l,2000,79.856
bol,sex_t,age_ythadult_y15_64,eco_isic3_l,2001,68.899
bol,sex_t,age_ythadult_y15_64,eco_isic3_l,2002,73.94
bol,sex_t,age_ythadult_y15_64,eco_isic3_l,2005,89.322
bol,sex_t,age_ythadult_y15_64,eco_isic3_l,2006,113.507
bol,sex_t,age_ythadult_y15_64,eco_isic3_l,2007,151.826
bol,sex_t,age_ythadult_y15_64,eco_isic3_l,2008,162.977
bol,sex_t,age_ythadult_y15_64,eco_isic3_l,2009,143.353
bol,sex_t,age_ythadult_y15_64,eco_isic3_m,1989,21.441
bol,sex_t,age_ythadult_y15_64,eco_isic3_m,1990,26.384
bol,sex_t,age_ythadult_y15_64,eco_isic3_m,1991,67.94
bol,sex_t,age_ythadult_y15_64,eco_isic3_m,1992,62.845
bol,sex_t,age_ythadult_y15_64,eco_isic3_m,1993,70.173
bol,sex_t,age_ythadult_y15_64,eco_isic3_m,1994,74.177
bol,sex_t,age_ythadult_y15_64,eco_isic3_m,1995,72.361
bol,sex_t,age_ythadult_y15_64,eco_isic3_m,2000,164.14
bol,sex_t,age_ythadult_y15_64,eco_isic3_m,2001,153.955
bol,sex_t,age_ythadult_y15_64,eco_isic3_m,2002,148.024
bol,sex_t,age_ythadult_y15_64,eco_isic3_m,2005,190.707
bol,sex_t,age_ythadult_y15_64,eco_isic3_m,2006,215.618
bol,sex_t,age_ythadult_y15_64,eco_isic3_m,2007,221.672
bol,sex_t,age_ythadult_y15_64,eco_isic3_m,2008,216.066
bol,sex_t,age_ythadult_y15_64,eco_isic3_m,2009,275.045
bol,sex_t,age_ythadult_y15_64,eco_isic3_n,1991,26.144
bol,sex_t,age_ythadult_y15_64,eco_isic3_n,1992,25.012
bol,sex_t,age_ythadult_y15_64,eco_isic3_n,1993,32.468
bol,sex_t,age_ythadult_y15_64,eco_isic3_n,1994,31.877
bol,sex_t,age_ythadult_y15_64,eco_isic3_n,1995,34.041
bol,sex_t,age_ythadult_y15_64,eco_isic3_n,2000,50.906
bol,sex_t,age_ythadult_y15_64,eco_isic3_n,2001,57.446
bol,sex_t,age_ythadult_y15_64,eco_isic3_n,2002,60.943
bol,sex_t,age_ythadult_y15_64,eco_isic3_n,2005,62.36
bol,sex_t,age_ythadult_y15_64,eco_isic3_n,2006,96.256
bol,sex_t,age_ythadult_y15_64,eco_isic3_n,2007,103.314
bol,sex_t,age_ythadult_y15_64,eco_isic3_n,2008,102.592
bol,sex_t,age_ythadult_y15_64,eco_isic3_n,2009,125.282
bol,sex_t,age_ythadult_y15_64,eco_isic3_o,1989,155.578
bol,sex_t,age_ythadult_y15_64,eco_isic3_o,1990,161.537
bol,sex_t,age_ythadult_y15_64,eco_isic3_o,1991,55.513
bol,sex_t,age_ythadult_y15_64,eco_isic3_o,1992,49.331
bol,sex_t,age_ythadult_y15_64,eco_isic3_o,1993,37.994
bol,sex_t,age_ythadult_y15_64,eco_isic3_o,1994,44.1
bol,sex_t,age_ythadult_y15_64,eco_isic3_o,1995,45.62
bol,sex_t,age_ythadult_y15_64,eco_isic3_o,1999,300.858
bol,sex_t,age_ythadult_y15_64,eco_isic3_o,2000,101.13
bol,sex_t,age_ythadult_y15_64,eco_isic3_o,2001,93.493
bol,sex_t,age_ythadult_y15_64,eco_isic3_o,2002,110.135
bol,sex_t,age_ythadult_y15_64,eco_isic3_o,2005,143.132
bol,sex_t,age_ythadult_y15_64,eco_isic3_o,2006,138.257
bol,sex_t,age_ythadult_y15_64,eco_isic3_o,2007,133.163
bol,sex_t,age_ythadult_y15_64,eco_isic3_o,2008,112.605
bol,sex_t,age_ythadult_y15_64,eco_isic3_o,2009,150.547
bol,sex_t,age_ythadult_y15_64,eco_isic3_p,1989,147.092
bol,sex_t,age_ythadult_y15_64,eco_isic3_p,1990,156.07
bol,sex_t,age_ythadult_y15_64,eco_isic3_p,1991,61.444
bol,sex_t,age_ythadult_y15_64,eco_isic3_p,1992,55.427
bol,sex_t,age_ythadult_y15_64,eco_isic3_p,1993,77.539
bol,sex_t,age_ythadult_y15_64,eco_isic3_p,1994,68.203
bol,sex_t,age_ythadult_y15_64,eco_isic3_p,1995,77.339
bol,sex_t,age_ythadult_y15_64,eco_isic3_p,2000,130.626
bol,sex_t,age_ythadult_y15_64,eco_isic3_p,2001,125.599
bol,sex_t,age_ythadult_y15_64,eco_isic3_p,2002,116.193
bol,sex_t,age_ythadult_y15_64,eco_isic3_p,2005,99.153
bol,sex_t,age_ythadult_y15_64,eco_isic3_p,2006,113.153
bol,sex_t,age_ythadult_y15_64,eco_isic3_p,2007,154.916
bol,sex_t,age_ythadult_y15_64,eco_isic3_p,2008,107.565
bol,sex_t,age_ythadult_y15_64,eco_isic3_p,2009,117.489
bol,sex_t,age_ythadult_y15_64,eco_isic3_q,1992,6.339
bol,sex_t,age_ythadult_y15_64,eco_isic3_q,1993,1.555
bol,sex_t,age_ythadult_y15_64,eco_isic3_q,1995,3.298
bol,sex_t,age_ythadult_y15_64,eco_isic3_q,2009,9.958
bol,sex_t,age_ythadult_y15_64,eco_isic3_total,1989,844.394
bol,sex_t,age_ythadult_y15_64,eco_isic3_total,1990,873.451
bol,sex_t,age_ythadult_y15_64,eco_isic3_total,1991,930.226
bol,sex_t,age_ythadult_y15_64,eco_isic3_total,1992,963.14
bol,sex_t,age_ythadult_y15_64,eco_isic3_total,1993,1035.078
bol,sex_t,age_ythadult_y15_64,eco_isic3_total,1994,1125.526
bol,sex_t,age_ythadult_y15_64,eco_isic3_total,1995,1170.869
bol,sex_t,age_ythadult_y15_64,eco_isic3_total,1999,3516.54
bol,sex_t,age_ythadult_y15_64,eco_isic3_total,2000,3196.905
bol,sex_t,age_ythadult_y15_64,eco_isic3_total,2001,3304.435
bol,sex_t,age_ythadult_y15_64,eco_isic3_total,2002,3350.63
bol,sex_t,age_ythadult_y15_64,eco_isic3_total,2005,3644.929
bol,sex_t,age_ythadult_y15_64,eco_isic3_total,2006,3920.263
bol,sex_t,age_ythadult_y15_64,eco_isic3_total,2007,4007.084
bol,sex_t,age_ythadult_y15_64,eco_isic3_total,2008,4271.525
bol,sex_t,age_ythadult_y15_64,eco_isic3_total,2009,4419.734
bol,sex_t,age_ythadult_y15_64,eco_isic3_x,1989,21.68
bol,sex_t,age_ythadult_y15_64,eco_isic3_x,1990,26.704
bol,sex_t,age_ythadult_y15_64,eco_isic3_x,1995,1.615
bol,sex_t,age_ythadult_y15_64,eco_isic3_x,1999,211.213
bol,sex_t,age_ythadult_y15_64,eco_isic3_x,2000,31.166
bol,sex_t,age_ythadult_y15_64,eco_isic3_x,2001,26.023
bol,sex_t,age_ythadult_y15_64,eco_isic4_a,2011,1411.294
bol,sex_t,age_ythadult_y15_64,eco_isic4_a,2012,1252.854
bol,sex_t,age_ythadult_y15_64,eco_isic4_a,2013,1338.407
bol,sex_t,age_ythadult_y15_64,eco_isic4_a,2014,1338.213
bol,sex_t,age_ythadult_y15_64,eco_isic4_a,2015,1218.857
bol,sex_t,age_ythadult_y15_64,eco_isic4_a,2016,1227.954
bol,sex_t,age_ythadult_y15_64,eco_isic4_a,2017,1271.483
bol,sex_t,age_ythadult_y15_64,eco_isic4_a,2018,1369.806
bol,sex_t,age_ythadult_y15_64,eco_isic4_a,2019,1279.993
bol,sex_t,age_ythadult_y15_64,eco_isic4_a,2020,1308.536
bol,sex_t,age_ythadult_y15_64,eco_isic4_a,2021,1387.085
bol,sex_t,age_ythadult_y15_64,eco_isic4_a,2022,1314.963
bol,sex_t,age_ythadult_y15_64,eco_isic4_a,2023,1348.169
bol,sex_t,age_ythadult_y15_64,eco_isic4_a,2024,1267.524
bol,sex_t,age_ythadult_y15_64,eco_isic4_b,2011,106.842
bol,sex_t,age_ythadult_y15_64,eco_isic4_b,2012,124.565
bol,sex_t,age_ythadult_y15_64,eco_isic4_b,2013,125.156
bol,sex_t,age_ythadult_y15_64,eco_isic4_b,2014,104.574
bol,sex_t,age_ythadult_y15_64,eco_isic4_b,2015,115.25
bol,sex_t,age_ythadult_y15_64,eco_isic4_b,2016,86.55
bol,sex_t,age_ythadult_y15_64,eco_isic4_b,2017,72.393
bol,sex_t,age_ythadult_y15_64,eco_isic4_b,2018,90.166
bol,sex_t,age_ythadult_y15_64,eco_isic4_b,2019,73.022
bol,sex_t,age_ythadult_y15_64,eco_isic4_b,2020,55.079
bol,sex_t,age_ythadult_y15_64,eco_isic4_b,2021,78.401
bol,sex_t,age_ythadult_y15_64,eco_isic4_b,2022,85.214
bol,sex_t,age_ythadult_y15_64,eco_isic4_b,2023,78.052
bol,sex_t,age_ythadult_y15_64,eco_isic4_b,2024,96.273
bol,sex_t,age_ythadult_y15_64,eco_isic4_c,2011,333.087
bol,sex_t,age_ythadult_y15_64,eco_isic4_c,2012,314.261
bol,sex_t,age_ythadult_y15_64,eco_isic4_c,2013,323.927
bol,sex_t,age_ythadult_y15_64,eco_isic4_c,2014,457.05
bol,sex_t,age_ythadult_y15_64,eco_isic4_c,2015,408.275
bol,sex_t,age_ythadult_y15_64,eco_isic4_c,2016,461.974
bol,sex_t,age_ythadult_y15_64,eco_isic4_c,2017,474.224
bol,sex_t,age_ythadult_y15_64,eco_isic4_c,2018,511.87
bol,sex_t,age_ythadult_y15_64,eco_isic4_c,2019,600.031
bol,sex_t,age_ythadult_y15_64,eco_isic4_c,2020,458.508
bol,sex_t,age_ythadult_y15_64,eco_isic4_c,2021,667.865
bol,sex_t,age_ythadult_y15_64,eco_isic4_c,2022,694.64
bol,sex_t,age_ythadult_y15_64,eco_isic4_c,2023,716.745
bol,sex_t,age_ythadult_y15_64,eco_isic4_c,2024,797.684
bol,sex_t,age_ythadult_y15_64,eco_isic4_d,2011,7.912
bol,sex_t,age_ythadult_y15_64,eco_isic4_d,2012,15.546
bol,sex_t,age_ythadult_y15_64,eco_isic4_d,2013,9.486
bol,sex_t,age_ythadult_y15_64,eco_isic4_d,2014,9.471
bol,sex_t,age_ythadult_y15_64,eco_isic4_d,2015,9.377
bol,sex_t,age_ythadult_y15_64,eco_isic4_d,2016,10.717
bol,sex_t,age_ythadult_y15_64,eco_isic4_d,2017,6.971
bol,sex_t,age_ythadult_y15_64,eco_isic4_d,2018,8.403
bol,sex_t,age_ythadult_y15_64,eco_isic4_d,2019,10.123
bol,sex_t,age_ythadult_y15_64,eco_isic4_d,2020,10.411
bol,sex_t,age_ythadult_y15_64,eco_isic4_d,2021,11.574
bol,sex_t,age_ythadult_y15_64,eco_isic4_d,2022,12.881
bol,sex_t,age_ythadult_y15_64,eco_isic4_d,2023,10.458
bol,sex_t,age_ythadult_y15_64,eco_isic4_d,2024,13.165
bol,sex_t,age_ythadult_y15_64,eco_isic4_e,2011,7.724
bol,sex_t,age_ythadult_y15_64,eco_isic4_e,2012,11.082
bol,sex_t,age_ythadult_y15_64,eco_isic4_e,2013,7.701
bol,sex_t,age_ythadult_y15_64,eco_isic4_e,2014,6.625
bol,sex_t,age_ythadult_y15_64,eco_isic4_e,2015,8.576
bol,sex_t,age_ythadult_y15_64,eco_isic4_e,2016,7.168
bol,sex_t,age_ythadult_y15_64,eco_isic4_e,2017,6.867
bol,sex_t,age_ythadult_y15_64,eco_isic4_e,2018,7.636
bol,sex_t,age_ythadult_y15_64,eco_isic4_e,2019,6.573
bol,sex_t,age_ythadult_y15_64,eco_isic4_e,2021,8.377
bol,sex_t,age_ythadult_y15_64,eco_isic4_e,2022,8.462
bol,sex_t,age_ythadult_y15_64,eco_isic4_e,2023,9.026
bol,sex_t,age_ythadult_y15_64,eco_isic4_e,2024,7.59
bol,sex_t,age_ythadult_y15_64,eco_isic4_f,2011,365.966
bol,sex_t,age_ythadult_y15_64,eco_isic4_f,2012,344.39
bol,sex_t,age_ythadult_y15_64,eco_isic4_f,2013,333.268
bol,sex_t,age_ythadult_y15_64,eco_isic4_f,2014,434.038
bol,sex_t,age_ythadult_y15_64,eco_isic4_f,2015,457.82
bol,sex_t,age_ythadult_y15_64,eco_isic4_f,2016,414.372
bol,sex_t,age_ythadult_y15_64,eco_isic4_f,2017,420.41
bol,sex_t,age_ythadult_y15_64,eco_isic4_f,2018,395.178
bol,sex_t,age_ythadult_y15_64,eco_isic4_f,2019,429.946
bol,sex_t,age_ythadult_y15_64,eco_isic4_f,2020,421.004
bol,sex_t,age_ythadult_y15_64,eco_isic4_f,2021,441.102
bol,sex_t,age_ythadult_y15_64,eco_isic4_f,2022,459.167
bol,sex_t,age_ythadult_y15_64,eco_isic4_f,2023,446.66
bol,sex_t,age_ythadult_y15_64,eco_isic4_f,2024,475.321
bol,sex_t,age_ythadult_y15_64,eco_isic4_g,2011,743.353
bol,sex_t,age_ythadult_y15_64,eco_isic4_g,2012,745.458
bol,sex_t,age_ythadult_y15_64,eco_isic4_g,2013,731.885
bol,sex_t,age_ythadult_y15_64,eco_isic4_g,2014,784.551
bol,sex_t,age_ythadult_y15_64,eco_isic4_g,2015,736.107
bol,sex_t,age_ythadult_y15_64,eco_isic4_g,2016,722.431
bol,sex_t,age_ythadult_y15_64,eco_isic4_g,2017,757.468
bol,sex_t,age_ythadult_y15_64,eco_isic4_g,2018,828.33
bol,sex_t,age_ythadult_y15_64,eco_isic4_g,2019,885.668
bol,sex_t,age_ythadult_y15_64,eco_isic4_g,2020,950.925
bol,sex_t,age_ythadult_y15_64,eco_isic4_g,2021,1085.535
bol,sex_t,age_ythadult_y15_64,eco_isic4_g,2022,1124.181
bol,sex_t,age_ythadult_y15_64,eco_isic4_g,2023,1121.58
bol,sex_t,age_ythadult_y15_64,eco_isic4_g,2024,1164.557
bol,sex_t,age_ythadult_y15_64,eco_isic4_h,2011,272.285
bol,sex_t,age_ythadult_y15_64,eco_isic4_h,2012,287.312
bol,sex_t,age_ythadult_y15_64,eco_isic4_h,2013,272.079
bol,sex_t,age_ythadult_y15_64,eco_isic4_h,2014,288.956
bol,sex_t,age_ythadult_y15_64,eco_isic4_h,2015,306.567
bol,sex_t,age_ythadult_y15_64,eco_isic4_h,2016,316.753
bol,sex_t,age_ythadult_y15_64,eco_isic4_h,2017,331.781
bol,sex_t,age_ythadult_y15_64,eco_isic4_h,2018,334.2
bol,sex_t,age_ythadult_y15_64,eco_isic4_h,2019,384.442
bol,sex_t,age_ythadult_y15_64,eco_isic4_h,2020,314.255
bol,sex_t,age_ythadult_y15_64,eco_isic4_h,2021,389.742
bol,sex_t,age_ythadult_y15_64,eco_isic4_h,2022,440.713
bol,sex_t,age_ythadult_y15_64,eco_isic4_h,2023,433.261
bol,sex_t,age_ythadult_y15_64,eco_isic4_h,2024,453.871
bol,sex_t,age_ythadult_y15_64,eco_isic4_i,2011,226.465
bol,sex_t,age_ythadult_y15_64,eco_isic4_i,2012,247.573
bol,sex_t,age_ythadult_y15_64,eco_isic4_i,2013,247.583
bol,sex_t,age_ythadult_y15_64,eco_isic4_i,2014,255.867
bol,sex_t,age_ythadult_y15_64,eco_isic4_i,2015,284.177
bol,sex_t,age_ythadult_y15_64,eco_isic4_i,2016,274.739
bol,sex_t,age_ythadult_y15_64,eco_isic4_i,2017,304.192
bol,sex_t,age_ythadult_y15_64,eco_isic4_i,2018,349.382
bol,sex_t,age_ythadult_y15_64,eco_isic4_i,2019,396.397
bol,sex_t,age_ythadult_y15_64,eco_isic4_i,2020,341.749
bol,sex_t,age_ythadult_y15_64,eco_isic4_i,2021,436.795
bol,sex_t,age_ythadult_y15_64,eco_isic4_i,2022,518.213
bol,sex_t,age_ythadult_y15_64,eco_isic4_i,2023,519.469
bol,sex_t,age_ythadult_y15_64,eco_isic4_i,2024,559.502
bol,sex_t,age_ythadult_y15_64,eco_isic4_j,2011,57.526
bol,sex_t,age_ythadult_y15_64,eco_isic4_j,2012,49.784
bol,sex_t,age_ythadult_y15_64,eco_isic4_j,2013,49.283
bol,sex_t,age_ythadult_y15_64,eco_isic4_j,2014,53.784
bol,sex_t,age_ythadult_y15_64,eco_isic4_j,2015,40.62
bol,sex_t,age_ythadult_y15_64,eco_isic4_j,2016,38.797
bol,sex_t,age_ythadult_y15_64,eco_isic4_j,2017,39.172
bol,sex_t,age_ythadult_y15_64,eco_isic4_j,2018,38.932
bol,sex_t,age_ythadult_y15_64,eco_isic4_j,2019,39.665
bol,sex_t,age_ythadult_y15_64,eco_isic4_j,2020,41.56
bol,sex_t,age_ythadult_y15_64,eco_isic4_j,2021,27.017
bol,sex_t,age_ythadult_y15_64,eco_isic4_j,2022,28.11
bol,sex_t,age_ythadult_y15_64,eco_isic4_j,2023,31.512
bol,sex_t,age_ythadult_y15_64,eco_isic4_j,2024,35.004
bol,sex_t,age_ythadult_y15_64,eco_isic4_k,2011,36.694
bol,sex_t,age_ythadult_y15_64,eco_isic4_k,2012,40.007
bol,sex_t,age_ythadult_y15_64,eco_isic4_k,2013,58.105
bol,sex_t,age_ythadult_y15_64,eco_isic4_k,2014,47.487
bol,sex_t,age_ythadult_y15_64,eco_isic4_k,2015,48.846
bol,sex_t,age_ythadult_y15_64,eco_isic4_k,2016,39.63
bol,sex_t,age_ythadult_y15_64,eco_isic4_k,2017,41.532
bol,sex_t,age_ythadult_y15_64,eco_isic4_k,2018,41.968
bol,sex_t,age_ythadult_y15_64,eco_isic4_k,2019,38.453
bol,sex_t,age_ythadult_y15_64,eco_isic4_k,2020,57.753
bol,sex_t,age_ythadult_y15_64,eco_isic4_k,2021,48.21
bol,sex_t,age_ythadult_y15_64,eco_isic4_k,2022,49.585
bol,sex_t,age_ythadult_y15_64,eco_isic4_k,2023,48.322
bol,sex_t,age_ythadult_y15_64,eco_isic4_k,2024,49.484
bol,sex_t,age_ythadult_y15_64,eco_isic4_l,2011,8.132
bol,sex_t,age_ythadult_y15_64,eco_isic4_l,2012,5.52
bol,sex_t,age_ythadult_y15_64,eco_isic4_l,2013,6.33
bol,sex_t,age_ythadult_y15_64,eco_isic4_l,2014,8.965
bol,sex_t,age_ythadult_y15_64,eco_isic4_l,2015,7.994
bol,sex_t,age_ythadult_y15_64,eco_isic4_l,2016,15.848
bol,sex_t,age_ythadult_y15_64,eco_isic4_l,2017,20.219
bol,sex_t,age_ythadult_y15_64,eco_isic4_l,2018,19.374
bol,sex_t,age_ythadult_y15_64,eco_isic4_l,2019,19.683
bol,sex_t,age_ythadult_y15_64,eco_isic4_l,2020,13.878
bol,sex_t,age_ythadult_y15_64,eco_isic4_l,2021,23.197
bol,sex_t,age_ythadult_y15_64,eco_isic4_l,2022,22.392
bol,sex_t,age_ythadult_y15_64,eco_isic4_l,2023,25.816
bol,sex_t,age_ythadult_y15_64,eco_isic4_l,2024,24.727
bol,sex_t,age_ythadult_y15_64,eco_isic4_m,2011,106.097
bol,sex_t,age_ythadult_y15_64,eco_isic4_m,2012,114.868
bol,sex_t,age_ythadult_y15_64,eco_isic4_m,2013,116.887
bol,sex_t,age_ythadult_y15_64,eco_isic4_m,2014,104.575
bol,sex_t,age_ythadult_y15_64,eco_isic4_m,2015,105.032
bol,sex_t,age_ythadult_y15_64,eco_isic4_m,2016,86.237
bol,sex_t,age_ythadult_y15_64,eco_isic4_m,2017,87.214
bol,sex_t,age_ythadult_y15_64,eco_isic4_m,2018,87.491
bol,sex_t,age_ythadult_y15_64,eco_isic4_m,2019,93.968
bol,sex_t,age_ythadult_y15_64,eco_isic4_m,2020,140.962
bol,sex_t,age_ythadult_y15_64,eco_isic4_m,2021,112.214
bol,sex_t,age_ythadult_y15_64,eco_isic4_m,2022,129.428
bol,sex_t,age_ythadult_y15_64,eco_isic4_m,2023,128.775
bol,sex_t,age_ythadult_y15_64,eco_isic4_m,2024,124.704
bol,sex_t,age_ythadult_y15_64,eco_isic4_n,2011,42.714
bol,sex_t,age_ythadult_y15_64,eco_isic4_n,2012,57.239
bol,sex_t,age_ythadult_y15_64,eco_isic4_n,2013,58.306
bol,sex_t,age_ythadult_y15_64,eco_isic4_n,2014,58.754
bol,sex_t,age_ythadult_y15_64,eco_isic4_n,2015,65.253
bol,sex_t,age_ythadult_y15_64,eco_isic4_n,2016,59.943
bol,sex_t,age_ythadult_y15_64,eco_isic4_n,2017,56.737
bol,sex_t,age_ythadult_y15_64,eco_isic4_n,2018,71.985
bol,sex_t,age_ythadult_y15_64,eco_isic4_n,2019,92.497
bol,sex_t,age_ythadult_y15_64,eco_isic4_n,2020,69.391
bol,sex_t,age_ythadult_y15_64,eco_isic4_n,2021,103.901
bol,sex_t,age_ythadult_y15_64,eco_isic4_n,2022,119.279
bol,sex_t,age_ythadult_y15_64,eco_isic4_n,2023,132.044
bol,sex_t,age_ythadult_y15_64,eco_isic4_n,2024,137.393
bol,sex_t,age_ythadult_y15_64,eco_isic4_o,2011,162.604
bol,sex_t,age_ythadult_y15_64,eco_isic4_o,2012,146.594
bol,sex_t,age_ythadult_y15_64,eco_isic4_o,2013,178.658
bol,sex_t,age_ythadult_y15_64,eco_isic4_o,2014,160.541
bol,sex_t,age_ythadult_y15_64,eco_isic4_o,2015,165.607
bol,sex_t,age_ythadult_y15_64,eco_isic4_o,2016,149.903
bol,sex_t,age_ythadult_y15_64,eco_isic4_o,2017,136.284
bol,sex_t,age_ythadult_y15_64,eco_isic4_o,2018,138.764
bol,sex_t,age_ythadult_y15_64,eco_isic4_o,2019,143.394
bol,sex_t,age_ythadult_y15_64,eco_isic4_o,2020,146.498
bol,sex_t,age_ythadult_y15_64,eco_isic4_o,2021,133.342
bol,sex_t,age_ythadult_y15_64,eco_isic4_o,2022,147.037
bol,sex_t,age_ythadult_y15_64,eco_isic4_o,2023,146.16
bol,sex_t,age_ythadult_y15_64,eco_isic4_o,2024,146.05
bol,sex_t,age_ythadult_y15_64,eco_isic4_p,2011,242.034
bol,sex_t,age_ythadult_y15_64,eco_isic4_p,2012,241.296
bol,sex_t,age_ythadult_y15_64,eco_isic4_p,2013,262.936
bol,sex_t,age_ythadult_y15_64,eco_isic4_p,2014,237.572
bol,sex_t,age_ythadult_y15_64,eco_isic4_p,2015,203.245
bol,sex_t,age_ythadult_y15_64,eco_isic4_p,2016,230.466
bol,sex_t,age_ythadult_y15_64,eco_isic4_p,2017,230.245
bol,sex_t,age_ythadult_y15_64,eco_isic4_p,2018,230.815
bol,sex_t,age_ythadult_y15_64,eco_isic4_p,2019,253.289
bol,sex_t,age_ythadult_y15_64,eco_isic4_p,2020,206.748
bol,sex_t,age_ythadult_y15_64,eco_isic4_p,2021,238.333
bol,sex_t,age_ythadult_y15_64,eco_isic4_p,2022,256.633
bol,sex_t,age_ythadult_y15_64,eco_isic4_p,2023,292.612
bol,sex_t,age_ythadult_y15_64,eco_isic4_p,2024,282.168
bol,sex_t,age_ythadult_y15_64,eco_isic4_q,2011,125.406
bol,sex_t,age_ythadult_y15_64,eco_isic4_q,2012,122.053
bol,sex_t,age_ythadult_y15_64,eco_isic4_q,2013,161.95
bol,sex_t,age_ythadult_y15_64,eco_isic4_q,2014,122.72
bol,sex_t,age_ythadult_y15_64,eco_isic4_q,2015,123.922
bol,sex_t,age_ythadult_y15_64,eco_isic4_q,2016,124.539
bol,sex_t,age_ythadult_y15_64,eco_isic4_q,2017,119.647
bol,sex_t,age_ythadult_y15_64,eco_isic4_q,2018,123.158
bol,sex_t,age_ythadult_y15_64,eco_isic4_q,2019,136.36
bol,sex_t,age_ythadult_y15_64,eco_isic4_q,2020,160.987
bol,sex_t,age_ythadult_y15_64,eco_isic4_q,2021,153.345
bol,sex_t,age_ythadult_y15_64,eco_isic4_q,2022,167.553
bol,sex_t,age_ythadult_y15_64,eco_isic4_q,2023,183.79
bol,sex_t,age_ythadult_y15_64,eco_isic4_q,2024,201.733
bol,sex_t,age_ythadult_y15_64,eco_isic4_r,2011,36.265
bol,sex_t,age_ythadult_y15_64,eco_isic4_r,2012,35.488
bol,sex_t,age_ythadult_y15_64,eco_isic4_r,2013,36.706
bol,sex_t,age_ythadult_y15_64,eco_isic4_r,2014,31.073
bol,sex_t,age_ythadult_y15_64,eco_isic4_r,2015,31.755
bol,sex_t,age_ythadult_y15_64,eco_isic4_r,2016,32.673
bol,sex_t,age_ythadult_y15_64,eco_isic4_r,2017,34.371
bol,sex_t,age_ythadult_y15_64,eco_isic4_r,2018,37.298
bol,sex_t,age_ythadult_y15_64,eco_isic4_r,2019,37.916
bol,sex_t,age_ythadult_y15_64,eco_isic4_r,2020,23.256
bol,sex_t,age_ythadult_y15_64,eco_isic4_r,2021,29.444
bol,sex_t,age_ythadult_y15_64,eco_isic4_r,2022,41.675
bol,sex_t,age_ythadult_y15_64,eco_isic4_r,2023,56.548
bol,sex_t,age_ythadult_y15_64,eco_isic4_r,2024,54.759
bol,sex_t,age_ythadult_y15_64,eco_isic4_s,2011,103.077
bol,sex_t,age_ythadult_y15_64,eco_isic4_s,2012,94.181
bol,sex_t,age_ythadult_y15_64,eco_isic4_s,2013,97.37
bol,sex_t,age_ythadult_y15_64,eco_isic4_s,2014,97.65
bol,sex_t,age_ythadult_y15_64,eco_isic4_s,2015,106.872
bol,sex_t,age_ythadult_y15_64,eco_isic4_s,2016,94.726
bol,sex_t,age_ythadult_y15_64,eco_isic4_s,2017,96.69
bol,sex_t,age_ythadult_y15_64,eco_isic4_s,2018,109.525
bol,sex_t,age_ythadult_y15_64,eco_isic4_s,2019,136.693
bol,sex_t,age_ythadult_y15_64,eco_isic4_s,2020,137.434
bol,sex_t,age_ythadult_y15_64,eco_isic4_s,2021,144.107
bol,sex_t,age_ythadult_y15_64,eco_isic4_s,2022,148.121
bol,sex_t,age_ythadult_y15_64,eco_isic4_s,2023,144.217
bol,sex_t,age_ythadult_y15_64,eco_isic4_s,2024,172.627
bol,sex_t,age_ythadult_y15_64,eco_isic4_t,2011,95.147
bol,sex_t,age_ythadult_y15_64,eco_isic4_t,2012,119.931
bol,sex_t,age_ythadult_y15_64,eco_isic4_t,2013,109.104
bol,sex_t,age_ythadult_y15_64,eco_isic4_t,2014,102.017
bol,sex_t,age_ythadult_y15_64,eco_isic4_t,2015,79.875
bol,sex_t,age_ythadult_y15_64,eco_isic4_t,2016,86.702
bol,sex_t,age_ythadult_y15_64,eco_isic4_t,2017,96.978
bol,sex_t,age_ythadult_y15_64,eco_isic4_t,2018,89.933
bol,sex_t,age_ythadult_y15_64,eco_isic4_t,2019,102.435
bol,sex_t,age_ythadult_y15_64,eco_isic4_t,2020,71.815
bol,sex_t,age_ythadult_y15_64,eco_isic4_t,2021,103.573
bol,sex_t,age_ythadult_y15_64,eco_isic4_t,2022,121.072
bol,sex_t,age_ythadult_y15_64,eco_isic4_t,2023,131.546
bol,sex_t,age_ythadult_y15_64,eco_isic4_t,2024,134.793
bol,sex_t,age_ythadult_y15_64,eco_isic4_total,2011,4492.041
bol,sex_t,age_ythadult_y15_64,eco_isic4_total,2012,4371.814
bol,sex_t,age_ythadult_y15_64,eco_isic4_total,2013,4525.408
bol,sex_t,age_ythadult_y15_64,eco_isic4_total,2014,4706.304
bol,sex_t,age_ythadult_y15_64,eco_isic4_total,2015,4530.844
bol,sex_t,age_ythadult_y15_64,eco_isic4_total,2016,4483.609
bol,sex_t,age_ythadult_y15_64,eco_isic4_total,2017,4606.712
bol,sex_t,age_ythadult_y15_64,eco_isic4_total,2018,4885.01
bol,sex_t,age_ythadult_y15_64,eco_isic4_total,2019,5161.676
bol,sex_t,age_ythadult_y15_64,eco_isic4_total,2020,4946.305
bol,sex_t,age_ythadult_y15_64,eco_isic4_total,2021,5631.067
bol,sex_t,age_ythadult_y15_64,eco_isic4_total,2022,5900.425
bol,sex_t,age_ythadult_y15_64,eco_isic4_total,2023,6014.034
bol,sex_t,age_ythadult_y15_64,eco_isic4_total,2024,6212.993
bol,sex_t,age_ythadult_y15_64,eco_isic4_u,2015,2.96
bol,sex_t,age_ythadult_y15_64,eco_isic4_u,2016,1.411
bol,sex_t,age_ythadult_y15_64,eco_isic4_u,2017,0.97
bol,sex_t,age_ythadult_y15_64,eco_isic4_u,2019,1.128
bol,sex_t,age_ythadult_y15_64,eco_isic4_u,2022,1.337
bol,sex_t,age_ythadult_y15_64,eco_isic4_x,2014,1.009
bol,sex_t,age_ythadult_y15_64,eco_isic4_x,2015,3.857
bol,sex_t,age_ythadult_y15_64,eco_sector_agr,1991,15.377
bol,sex_t,age_ythadult_y15_64,eco_sector_agr,1992,19.139
bol,sex_t,age_ythadult_y15_64,eco_sector_agr,1993,18.492
bol,sex_t,age_ythadult_y15_64,eco_sector_agr,1994,16.517
bol,sex_t,age_ythadult_y15_64,eco_sector_agr,1995,25.448
bol,sex_t,age_ythadult_y15_64,eco_sector_agr,2000,1113.39
bol,sex_t,age_ythadult_y15_64,eco_sector_agr,2001,1305.62
bol,sex_t,age_ythadult_y15_64,eco_sector_agr,2002,1256.832
bol,sex_t,age_ythadult_y15_64,eco_sector_agr,2005,1182.858
bol,sex_t,age_ythadult_y15_64,eco_sector_agr,2006,1332.687
bol,sex_t,age_ythadult_y15_64,eco_sector_agr,2007,1227.897
bol,sex_t,age_ythadult_y15_64,eco_sector_agr,2008,1235.124
bol,sex_t,age_ythadult_y15_64,eco_sector_agr,2009,1223.299
bol,sex_t,age_ythadult_y15_64,eco_sector_agr,2011,1411.294
bol,sex_t,age_ythadult_y15_64,eco_sector_agr,2012,1252.854
bol,sex_t,age_ythadult_y15_64,eco_sector_agr,2013,1338.407
bol,sex_t,age_ythadult_y15_64,eco_sector_agr,2014,1338.213
bol,sex_t,age_ythadult_y15_64,eco_sector_agr,2015,1218.857
bol,sex_t,age_ythadult_y15_64,eco_sector_agr,2016,1227.954
bol,sex_t,age_ythadult_y15_64,eco_sector_agr,2017,1271.483
bol,sex_t,age_ythadult_y15_64,eco_sector_agr,2018,1369.806
bol,sex_t,age_ythadult_y15_64,eco_sector_agr,2019,1279.993
bol,sex_t,age_ythadult_y15_64,eco_sector_agr,2020,1308.536
bol,sex_t,age_ythadult_y15_64,eco_sector_agr,2021,1387.085
bol,sex_t,age_ythadult_y15_64,eco_sector_agr,2022,1314.963
bol,sex_t,age_ythadult_y15_64,eco_sector_agr,2023,1348.169
bol,sex_t,age_ythadult_y15_64,eco_sector_agr,2024,1267.524
bol,sex_t,age_ythadult_y15_64,eco_sector_ind,1989,146.354
bol,sex_t,age_ythadult_y15_64,eco_sector_ind,1990,161.951
bol,sex_t,age_ythadult_y15_64,eco_sector_ind,1991,277.105
bol,sex_t,age_ythadult_y15_64,eco_sector_ind,1992,303.203
bol,sex_t,age_ythadult_y15_64,eco_sector_ind,1993,292.801
bol,sex_t,age_ythadult_y15_64,eco_sector_ind,1994,335.649
bol,sex_t,age_ythadult_y15_64,eco_sector_ind,1995,339.183
bol,sex_t,age_ythadult_y15_64,eco_sector_ind,1999,545.197
bol,sex_t,age_ythadult_y15_64,eco_sector_ind,2000,644.285
bol,sex_t,age_ythadult_y15_64,eco_sector_ind,2001,565.754
bol,sex_t,age_ythadult_y15_64,eco_sector_ind,2002,653.697
bol,sex_t,age_ythadult_y15_64,eco_sector_ind,2005,774.147
bol,sex_t,age_ythadult_y15_64,eco_sector_ind,2006,741.595
bol,sex_t,age_ythadult_y15_64,eco_sector_ind,2007,853.102
bol,sex_t,age_ythadult_y15_64,eco_sector_ind,2008,882.694
bol,sex_t,age_ythadult_y15_64,eco_sector_ind,2009,947.449
bol,sex_t,age_ythadult_y15_64,eco_sector_ind,2011,821.531
bol,sex_t,age_ythadult_y15_64,eco_sector_ind,2012,809.844
bol,sex_t,age_ythadult_y15_64,eco_sector_ind,2013,799.538
bol,sex_t,age_ythadult_y15_64,eco_sector_ind,2014,1011.758
bol,sex_t,age_ythadult_y15_64,eco_sector_ind,2015,999.298
bol,sex_t,age_ythadult_y15_64,eco_sector_ind,2016,980.78
bol,sex_t,age_ythadult_y15_64,eco_sector_ind,2017,980.866
bol,sex_t,age_ythadult_y15_64,eco_sector_ind,2018,1013.253
bol,sex_t,age_ythadult_y15_64,eco_sector_ind,2019,1119.695
bol,sex_t,age_ythadult_y15_64,eco_sector_ind,2020,949.519
bol,sex_t,age_ythadult_y15_64,eco_sector_ind,2021,1207.319
bol,sex_t,age_ythadult_y15_64,eco_sector_ind,2022,1260.363
bol,sex_t,age_ythadult_y15_64,eco_sector_ind,2023,1260.941
bol,sex_t,age_ythadult_y15_64,eco_sector_ind,2024,1390.033
bol,sex_t,age_ythadult_y15_64,eco_sector_nag,1989,844.394
bol,sex_t,age_ythadult_y15_64,eco_sector_nag,1990,873.451
bol,sex_t,age_ythadult_y15_64,eco_sector_nag,1991,914.849
bol,sex_t,age_ythadult_y15_64,eco_sector_nag,1992,944.001
bol,sex_t,age_ythadult_y15_64,eco_sector_nag,1993,1016.586
bol,sex_t,age_ythadult_y15_64,eco_sector_nag,1994,1109.009
bol,sex_t,age_ythadult_y15_64,eco_sector_nag,1995,1145.421
bol,sex_t,age_ythadult_y15_64,eco_sector_nag,1999,3509.151
bol,sex_t,age_ythadult_y15_64,eco_sector_nag,2000,2083.515
bol,sex_t,age_ythadult_y15_64,eco_sector_nag,2001,1998.815
bol,sex_t,age_ythadult_y15_64,eco_sector_nag,2002,2093.798
bol,sex_t,age_ythadult_y15_64,eco_sector_nag,2005,2462.071
bol,sex_t,age_ythadult_y15_64,eco_sector_nag,2006,2587.576
bol,sex_t,age_ythadult_y15_64,eco_sector_nag,2007,2779.187
bol,sex_t,age_ythadult_y15_64,eco_sector_nag,2008,3036.401
bol,sex_t,age_ythadult_y15_64,eco_sector_nag,2009,3196.435
bol,sex_t,age_ythadult_y15_64,eco_sector_nag,2011,3080.747
bol,sex_t,age_ythadult_y15_64,eco_sector_nag,2012,3118.96
bol,sex_t,age_ythadult_y15_64,eco_sector_nag,2013,3187.001
bol,sex_t,age_ythadult_y15_64,eco_sector_nag,2014,3368.091
bol,sex_t,age_ythadult_y15_64,eco_sector_nag,2015,3311.987
bol,sex_t,age_ythadult_y15_64,eco_sector_nag,2016,3255.655
bol,sex_t,age_ythadult_y15_64,eco_sector_nag,2017,3335.23
bol,sex_t,age_ythadult_y15_64,eco_sector_nag,2018,3515.204
bol,sex_t,age_ythadult_y15_64,eco_sector_nag,2019,3881.684
bol,sex_t,age_ythadult_y15_64,eco_sector_nag,2020,3637.769
bol,sex_t,age_ythadult_y15_64,eco_sector_nag,2021,4243.983
bol,sex_t,age_ythadult_y15_64,eco_sector_nag,2022,4585.462
bol,sex_t,age_ythadult_y15_64,eco_sector_nag,2023,4665.864
bol,sex_t,age_ythadult_y15_64,eco_sector_nag,2024,4945.469
bol,sex_t,age_ythadult_y15_64,eco_sector_ser,1989,676.359
bol,sex_t,age_ythadult_y15_64,eco_sector_ser,1990,684.796
bol,sex_t,age_ythadult_y15_64,eco_sector_ser,1991,637.686
bol,sex_t,age_ythadult_y15_64,eco_sector_ser,1992,639.597
bol,sex_t,age_ythadult_y15_64,eco_sector_ser,1993,723.718
bol,sex_t,age_ythadult_y15_64,eco_sector_ser,1994,773.189
bol,sex_t,age_ythadult_y15_64,eco_sector_ser,1995,804.623
bol,sex_t,age_ythadult_y15_64,eco_sector_ser,1999,2752.741
bol,sex_t,age_ythadult_y15_64,eco_sector_ser,2000,1408.064
bol,sex_t,age_ythadult_y15_64,eco_sector_ser,2001,1407.038
bol,sex_t,age_ythadult_y15_64,eco_sector_ser,2002,1440.101
bol,sex_t,age_ythadult_y15_64,eco_sector_ser,2005,1687.924
bol,sex_t,age_ythadult_y15_64,eco_sector_ser,2006,1845.981
bol,sex_t,age_ythadult_y15_64,eco_sector_ser,2007,1926.085
bol,sex_t,age_ythadult_y15_64,eco_sector_ser,2008,2152.363
bol,sex_t,age_ythadult_y15_64,eco_sector_ser,2009,2248.986
bol,sex_t,age_ythadult_y15_64,eco_sector_ser,2011,2259.216
bol,sex_t,age_ythadult_y15_64,eco_sector_ser,2012,2309.116
bol,sex_t,age_ythadult_y15_64,eco_sector_ser,2013,2387.303
bol,sex_t,age_ythadult_y15_64,eco_sector_ser,2014,2355.324
bol,sex_t,age_ythadult_y15_64,eco_sector_ser,2015,2308.832
bol,sex_t,age_ythadult_y15_64,eco_sector_ser,2016,2274.798
bol,sex_t,age_ythadult_y15_64,eco_sector_ser,2017,2353.5
bol,sex_t,age_ythadult_y15_64,eco_sector_ser,2018,2501.951
bol,sex_t,age_ythadult_y15_64,eco_sector_ser,2019,2761.989
bol,sex_t,age_ythadult_y15_64,eco_sector_ser,2020,2679.468
bol,sex_t,age_ythadult_y15_64,eco_sector_ser,2021,3029.105
bol,sex_t,age_ythadult_y15_64,eco_sector_ser,2022,3315.329
bol,sex_t,age_ythadult_y15_64,eco_sector_ser,2023,3396.215
bol,sex_t,age_ythadult_y15_64,eco_sector_ser,2024,3542.39
bol,sex_t,age_ythadult_y15_64,eco_sector_total,1989,844.394
bol,sex_t,age_ythadult_y15_64,eco_sector_total,1990,873.451
bol,sex_t,age_ythadult_y15_64,eco_sector_total,1991,930.226
bol,sex_t,age_ythadult_y15_64,eco_sector_total,1992,963.14
bol,sex_t,age_ythadult_y15_64,eco_sector_total,1993,1035.078
bol,sex_t,age_ythadult_y15_64,eco_sector_total,1994,1125.526
bol,sex_t,age_ythadult_y15_64,eco_sector_total,1995,1170.869
bol,sex_t,age_ythadult_y15_64,eco_sector_total,1999,3516.54
bol,sex_t,age_ythadult_y15_64,eco_sector_total,2000,3196.905
bol,sex_t,age_ythadult_y15_64,eco_sector_total,2001,3304.435
bol,sex_t,age_ythadult_y15_64,eco_sector_total,2002,3350.63
bol,sex_t,age_ythadult_y15_64,eco_sector_total,2005,3644.929
bol,sex_t,age_ythadult_y15_64,eco_sector_total,2006,3920.263
bol,sex_t,age_ythadult_y15_64,eco_sector_total,2007,4007.084
bol,sex_t,age_ythadult_y15_64,eco_sector_total,2008,4271.525
bol,sex_t,age_ythadult_y15_64,eco_sector_total,2009,4419.734
bol,sex_t,age_ythadult_y15_64,eco_sector_total,2011,4492.041
bol,sex_t,age_ythadult_y15_64,eco_sector_total,2012,4371.814
bol,sex_t,age_ythadult_y15_64,eco_sector_total,2013,4525.408
bol,sex_t,age_ythadult_y15_64,eco_sector_total,2014,4706.304
bol,sex_t,age_ythadult_y15_64,eco_sector_total,2015,4530.844
bol,sex_t,age_ythadult_y15_64,eco_sector_total,2016,4483.609
bol,sex_t,age_ythadult_y15_64,eco_sector_total,2017,4606.712
bol,sex_t,age_ythadult_y15_64,eco_sector_total,2018,4885.01
bol,sex_t,age_ythadult_y15_64,eco_sector_total,2019,5161.676
bol,sex_t,age_ythadult_y15_64,eco_sector_total,2020,4946.305
bol,sex_t,age_ythadult_y15_64,eco_sector_total,2021,5631.067
bol,sex_t,age_ythadult_y15_64,eco_sector_total,2022,5900.425
bol,sex_t,age_ythadult_y15_64,eco_sector_total,2023,6014.034
bol,sex_t,age_ythadult_y15_64,eco_sector_total,2024,6212.993
bol,sex_t,age_ythadult_y15_64,eco_sector_x,1989,21.68
bol,sex_t,age_ythadult_y15_64,eco_sector_x,1990,26.704
bol,sex_t,age_ythadult_y15_64,eco_sector_x,1995,1.615
bol,sex_t,age_ythadult_y15_64,eco_sector_x,1999,211.213
bol,sex_t,age_ythadult_y15_64,eco_sector_x,2000,31.166
bol,sex_t,age_ythadult_y15_64,eco_sector_x,2001,26.023
bol,sex_t,age_ythadult_y15_64,eco_sector_x,2014,1.009
bol,sex_t,age_ythadult_y15_64,eco_sector_x,2015,3.857
bol,sex_t,age_ythadult_yge15,eco_aggregate_agr,1991,16.764
bol,sex_t,age_ythadult_yge15,eco_aggregate_agr,1992,20.615
bol,sex_t,age_ythadult_yge15,eco_aggregate_agr,1993,19.815
bol,sex_t,age_ythadult_yge15,eco_aggregate_agr,1994,17.82
bol,sex_t,age_ythadult_yge15,eco_aggregate_agr,1995,27.142
bol,sex_t,age_ythadult_yge15,eco_aggregate_agr,1999,7.389
bol,sex_t,age_ythadult_yge15,eco_aggregate_agr,2000,1244.753
bol,sex_t,age_ythadult_yge15,eco_aggregate_agr,2001,1462.604
bol,sex_t,age_ythadult_yge15,eco_aggregate_agr,2002,1404.168
bol,sex_t,age_ythadult_yge15,eco_aggregate_agr,2005,1385.797
bol,sex_t,age_ythadult_yge15,eco_aggregate_agr,2006,1513.034
bol,sex_t,age_ythadult_yge15,eco_aggregate_agr,2007,1438.326
bol,sex_t,age_ythadult_yge15,eco_aggregate_agr,2008,1426.092
bol,sex_t,age_ythadult_yge15,eco_aggregate_agr,2009,1420.77
bol,sex_t,age_ythadult_yge15,eco_aggregate_agr,2011,1591.152
bol,sex_t,age_ythadult_yge15,eco_aggregate_agr,2012,1448.145
bol,sex_t,age_ythadult_yge15,eco_aggregate_agr,2013,1620.179
bol,sex_t,age_ythadult_yge15,eco_aggregate_agr,2014,1574.434
bol,sex_t,age_ythadult_yge15,eco_aggregate_agr,2015,1452.621
bol,sex_t,age_ythadult_yge15,eco_aggregate_agr,2016,1442.93
bol,sex_t,age_ythadult_yge15,eco_aggregate_agr,2017,1536.108
bol,sex_t,age_ythadult_yge15,eco_aggregate_agr,2018,1667.213
bol,sex_t,age_ythadult_yge15,eco_aggregate_agr,2019,1541.267
bol,sex_t,age_ythadult_yge15,eco_aggregate_agr,2020,1628.759
bol,sex_t,age_ythadult_yge15,eco_aggregate_agr,2021,1697.965
bol,sex_t,age_ythadult_yge15,eco_aggregate_agr,2022,1587.558
bol,sex_t,age_ythadult_yge15,eco_aggregate_agr,2023,1648.257
bol,sex_t,age_ythadult_yge15,eco_aggregate_agr,2024,1581.931
bol,sex_t,age_ythadult_yge15,eco_aggregate_con,1991,83.564
bol,sex_t,age_ythadult_yge15,eco_aggregate_con,1992,91.92
bol,sex_t,age_ythadult_yge15,eco_aggregate_con,1993,86.24
bol,sex_t,age_ythadult_yge15,eco_aggregate_con,1994,112.654
bol,sex_t,age_ythadult_yge15,eco_aggregate_con,1995,103.991
bol,sex_t,age_ythadult_yge15,eco_aggregate_con,2000,237.647
bol,sex_t,age_ythadult_yge15,eco_aggregate_con,2001,187.631
bol,sex_t,age_ythadult_yge15,eco_aggregate_con,2002,204.898
bol,sex_t,age_ythadult_yge15,eco_aggregate_con,2005,269.877
bol,sex_t,age_ythadult_yge15,eco_aggregate_con,2006,241.772
bol,sex_t,age_ythadult_yge15,eco_aggregate_con,2007,308.9
bol,sex_t,age_ythadult_yge15,eco_aggregate_con,2008,324.149
bol,sex_t,age_ythadult_yge15,eco_aggregate_con,2009,363.63
bol,sex_t,age_ythadult_yge15,eco_aggregate_con,2011,375.675
bol,sex_t,age_ythadult_yge15,eco_aggregate_con,2012,353.954
bol,sex_t,age_ythadult_yge15,eco_aggregate_con,2013,341.937
bol,sex_t,age_ythadult_yge15,eco_aggregate_con,2014,446.016
bol,sex_t,age_ythadult_yge15,eco_aggregate_con,2015,467.161
bol,sex_t,age_ythadult_yge15,eco_aggregate_con,2016,424.213
bol,sex_t,age_ythadult_yge15,eco_aggregate_con,2017,428.883
bol,sex_t,age_ythadult_yge15,eco_aggregate_con,2018,404.793
bol,sex_t,age_ythadult_yge15,eco_aggregate_con,2019,441.585
bol,sex_t,age_ythadult_yge15,eco_aggregate_con,2020,431.312
bol,sex_t,age_ythadult_yge15,eco_aggregate_con,2021,451.205
bol,sex_t,age_ythadult_yge15,eco_aggregate_con,2022,472.271
bol,sex_t,age_ythadult_yge15,eco_aggregate_con,2023,459.865
bol,sex_t,age_ythadult_yge15,eco_aggregate_con,2024,492.756
bol,sex_t,age_ythadult_yge15,eco_aggregate_man,1989,127.204
bol,sex_t,age_ythadult_yge15,eco_aggregate_man,1990,150.327
bol,sex_t,age_ythadult_yge15,eco_aggregate_man,1991,171.219
bol,sex_t,age_ythadult_yge15,eco_aggregate_man,1992,192.544
bol,sex_t,age_ythadult_yge15,eco_aggregate_man,1993,192.985
bol,sex_t,age_ythadult_yge15,eco_aggregate_man,1994,208.481
bol,sex_t,age_ythadult_yge15,eco_aggregate_man,1995,220.83
bol,sex_t,age_ythadult_yge15,eco_aggregate_man,1999,374.198
bol,sex_t,age_ythadult_yge15,eco_aggregate_man,2000,356.881
bol,sex_t,age_ythadult_yge15,eco_aggregate_man,2001,339.415
bol,sex_t,age_ythadult_yge15,eco_aggregate_man,2002,417.064
bol,sex_t,age_ythadult_yge15,eco_aggregate_man,2005,448.335
bol,sex_t,age_ythadult_yge15,eco_aggregate_man,2006,456.498
bol,sex_t,age_ythadult_yge15,eco_aggregate_man,2007,495.457
bol,sex_t,age_ythadult_yge15,eco_aggregate_man,2008,517.609
bol,sex_t,age_ythadult_yge15,eco_aggregate_man,2009,551.658
bol,sex_t,age_ythadult_yge15,eco_aggregate_man,2011,346.934
bol,sex_t,age_ythadult_yge15,eco_aggregate_man,2012,330.458
bol,sex_t,age_ythadult_yge15,eco_aggregate_man,2013,338.721
bol,sex_t,age_ythadult_yge15,eco_aggregate_man,2014,478.174
bol,sex_t,age_ythadult_yge15,eco_aggregate_man,2015,422.4
bol,sex_t,age_ythadult_yge15,eco_aggregate_man,2016,482.295
bol,sex_t,age_ythadult_yge15,eco_aggregate_man,2017,497.148
bol,sex_t,age_ythadult_yge15,eco_aggregate_man,2018,537.143
bol,sex_t,age_ythadult_yge15,eco_aggregate_man,2019,630.741
bol,sex_t,age_ythadult_yge15,eco_aggregate_man,2020,476.579
bol,sex_t,age_ythadult_yge15,eco_aggregate_man,2021,702.705
bol,sex_t,age_ythadult_yge15,eco_aggregate_man,2022,732.13
bol,sex_t,age_ythadult_yge15,eco_aggregate_man,2023,761.091
bol,sex_t,age_ythadult_yge15,eco_aggregate_man,2024,851.178
bol,sex_t,age_ythadult_yge15,eco_aggregate_mel,1989,23.866
bol,sex_t,age_ythadult_yge15,eco_aggregate_mel,1990,15.418
bol,sex_t,age_ythadult_yge15,eco_aggregate_mel,1991,27.57
bol,sex_t,age_ythadult_yge15,eco_aggregate_mel,1992,25.75
bol,sex_t,age_ythadult_yge15,eco_aggregate_mel,1993,19.294
bol,sex_t,age_ythadult_yge15,eco_aggregate_mel,1994,20.146
bol,sex_t,age_ythadult_yge15,eco_aggregate_mel,1995,23.517
bol,sex_t,age_ythadult_yge15,eco_aggregate_mel,1999,179.703
bol,sex_t,age_ythadult_yge15,eco_aggregate_mel,2000,69.415
bol,sex_t,age_ythadult_yge15,eco_aggregate_mel,2001,59.772
bol,sex_t,age_ythadult_yge15,eco_aggregate_mel,2002,45.354
bol,sex_t,age_ythadult_yge15,eco_aggregate_mel,2005,84.797
bol,sex_t,age_ythadult_yge15,eco_aggregate_mel,2006,68.528
bol,sex_t,age_ythadult_yge15,eco_aggregate_mel,2007,83.491
bol,sex_t,age_ythadult_yge15,eco_aggregate_mel,2008,77.52
bol,sex_t,age_ythadult_yge15,eco_aggregate_mel,2009,62.459
bol,sex_t,age_ythadult_yge15,eco_aggregate_mel,2011,126.254
bol,sex_t,age_ythadult_yge15,eco_aggregate_mel,2012,152.629
bol,sex_t,age_ythadult_yge15,eco_aggregate_mel,2013,146.018
bol,sex_t,age_ythadult_yge15,eco_aggregate_mel,2014,123.145
bol,sex_t,age_ythadult_yge15,eco_aggregate_mel,2015,135.824
bol,sex_t,age_ythadult_yge15,eco_aggregate_mel,2016,106.433
bol,sex_t,age_ythadult_yge15,eco_aggregate_mel,2017,88.389
bol,sex_t,age_ythadult_yge15,eco_aggregate_mel,2018,108.804
bol,sex_t,age_ythadult_yge15,eco_aggregate_mel,2019,92.492
bol,sex_t,age_ythadult_yge15,eco_aggregate_mel,2020,72.69
bol,sex_t,age_ythadult_yge15,eco_aggregate_mel,2021,100.896
bol,sex_t,age_ythadult_yge15,eco_aggregate_mel,2022,108.305
bol,sex_t,age_ythadult_yge15,eco_aggregate_mel,2023,100.963
bol,sex_t,age_ythadult_yge15,eco_aggregate_mel,2024,121.434
bol,sex_t,age_ythadult_yge15,eco_aggregate_mkt,1989,366.32
bol,sex_t,age_ythadult_yge15,eco_aggregate_mkt,1990,352.924
bol,sex_t,age_ythadult_yge15,eco_aggregate_mkt,1991,381.887
bol,sex_t,age_ythadult_yge15,eco_aggregate_mkt,1992,396.67
bol,sex_t,age_ythadult_yge15,eco_aggregate_mkt,1993,461.852
bol,sex_t,age_ythadult_yge15,eco_aggregate_mkt,1994,512.08
bol,sex_t,age_ythadult_yge15,eco_aggregate_mkt,1995,532.439
bol,sex_t,age_ythadult_yge15,eco_aggregate_mkt,1999,2663.722
bol,sex_t,age_ythadult_yge15,eco_aggregate_mkt,2000,920.264
bol,sex_t,age_ythadult_yge15,eco_aggregate_mkt,2001,941.151
bol,sex_t,age_ythadult_yge15,eco_aggregate_mkt,2002,963.529
bol,sex_t,age_ythadult_yge15,eco_aggregate_mkt,2005,1146.576
bol,sex_t,age_ythadult_yge15,eco_aggregate_mkt,2006,1215.326
bol,sex_t,age_ythadult_yge15,eco_aggregate_mkt,2007,1223.676
bol,sex_t,age_ythadult_yge15,eco_aggregate_mkt,2008,1512.894
bol,sex_t,age_ythadult_yge15,eco_aggregate_mkt,2009,1489.062
bol,sex_t,age_ythadult_yge15,eco_aggregate_mkt,2011,1570.475
bol,sex_t,age_ythadult_yge15,eco_aggregate_mkt,2012,1625.602
bol,sex_t,age_ythadult_yge15,eco_aggregate_mkt,2013,1626.918
bol,sex_t,age_ythadult_yge15,eco_aggregate_mkt,2014,1684.95
bol,sex_t,age_ythadult_yge15,eco_aggregate_mkt,2015,1680.991
bol,sex_t,age_ythadult_yge15,eco_aggregate_mkt,2016,1650.195
bol,sex_t,age_ythadult_yge15,eco_aggregate_mkt,2017,1746.252
bol,sex_t,age_ythadult_yge15,eco_aggregate_mkt,2018,1889.506
bol,sex_t,age_ythadult_yge15,eco_aggregate_mkt,2019,2070.808
bol,sex_t,age_ythadult_yge15,eco_aggregate_mkt,2020,2034.874
bol,sex_t,age_ythadult_yge15,eco_aggregate_mkt,2021,2355.677
bol,sex_t,age_ythadult_yge15,eco_aggregate_mkt,2022,2582.033
bol,sex_t,age_ythadult_yge15,eco_aggregate_mkt,2023,2606.554
bol,sex_t,age_ythadult_yge15,eco_aggregate_mkt,2024,2726.702
bol,sex_t,age_ythadult_yge15,eco_aggregate_pub,1989,330.011
bol,sex_t,age_ythadult_yge15,eco_aggregate_pub,1990,350.754
bol,sex_t,age_ythadult_yge15,eco_aggregate_pub,1991,274.297
bol,sex_t,age_ythadult_yge15,eco_aggregate_pub,1992,259.915
bol,sex_t,age_ythadult_yge15,eco_aggregate_pub,1993,279.888
bol,sex_t,age_ythadult_yge15,eco_aggregate_pub,1994,281.965
bol,sex_t,age_ythadult_yge15,eco_aggregate_pub,1995,293.828
bol,sex_t,age_ythadult_yge15,eco_aggregate_pub,1999,307.684
bol,sex_t,age_ythadult_yge15,eco_aggregate_pub,2000,537.193
bol,sex_t,age_ythadult_yge15,eco_aggregate_pub,2001,511.614
bol,sex_t,age_ythadult_yge15,eco_aggregate_pub,2002,521.002
bol,sex_t,age_ythadult_yge15,eco_aggregate_pub,2005,603.189
bol,sex_t,age_ythadult_yge15,eco_aggregate_pub,2006,689.096
bol,sex_t,age_ythadult_yge15,eco_aggregate_pub,2007,787.938
bol,sex_t,age_ythadult_yge15,eco_aggregate_pub,2008,717.784
bol,sex_t,age_ythadult_yge15,eco_aggregate_pub,2009,837.621
bol,sex_t,age_ythadult_yge15,eco_aggregate_pub,2011,785.356
bol,sex_t,age_ythadult_yge15,eco_aggregate_pub,2012,782.516
bol,sex_t,age_ythadult_yge15,eco_aggregate_pub,2013,871.771
bol,sex_t,age_ythadult_yge15,eco_aggregate_pub,2014,774.093
bol,sex_t,age_ythadult_yge15,eco_aggregate_pub,2015,735.711
bol,sex_t,age_ythadult_yge15,eco_aggregate_pub,2016,745.294
bol,sex_t,age_ythadult_yge15,eco_aggregate_pub,2017,741.265
bol,sex_t,age_ythadult_yge15,eco_aggregate_pub,2018,758.525
bol,sex_t,age_ythadult_yge15,eco_aggregate_pub,2019,845.212
bol,sex_t,age_ythadult_yge15,eco_aggregate_pub,2020,784.865
bol,sex_t,age_ythadult_yge15,eco_aggregate_pub,2021,833.049
bol,sex_t,age_ythadult_yge15,eco_aggregate_pub,2022,917.047
bol,sex_t,age_ythadult_yge15,eco_aggregate_pub,2023,995.555
bol,sex_t,age_ythadult_yge15,eco_aggregate_pub,2024,1035.318
bol,sex_t,age_ythadult_yge15,eco_aggregate_total,1989,869.424
bol,sex_t,age_ythadult_yge15,eco_aggregate_total,1990,896.803
bol,sex_t,age_ythadult_yge15,eco_aggregate_total,1991,955.359
bol,sex_t,age_ythadult_yge15,eco_aggregate_total,1992,988.615
bol,sex_t,age_ythadult_yge15,eco_aggregate_total,1993,1060.141
bol,sex_t,age_ythadult_yge15,eco_aggregate_total,1994,1153.317
bol,sex_t,age_ythadult_yge15,eco_aggregate_total,1995,1203.424
bol,sex_t,age_ythadult_yge15,eco_aggregate_total,1999,3749.15
bol,sex_t,age_ythadult_yge15,eco_aggregate_total,2000,3398.018
bol,sex_t,age_ythadult_yge15,eco_aggregate_total,2001,3529.509
bol,sex_t,age_ythadult_yge15,eco_aggregate_total,2002,3556.015
bol,sex_t,age_ythadult_yge15,eco_aggregate_total,2005,3938.571
bol,sex_t,age_ythadult_yge15,eco_aggregate_total,2006,4184.254
bol,sex_t,age_ythadult_yge15,eco_aggregate_total,2007,4337.788
bol,sex_t,age_ythadult_yge15,eco_aggregate_total,2008,4577.392
bol,sex_t,age_ythadult_yge15,eco_aggregate_total,2009,4725.2
bol,sex_t,age_ythadult_yge15,eco_aggregate_total,2011,4795.846
bol,sex_t,age_ythadult_yge15,eco_aggregate_total,2012,4693.304
bol,sex_t,age_ythadult_yge15,eco_aggregate_total,2013,4945.704
bol,sex_t,age_ythadult_yge15,eco_aggregate_total,2014,5082.334
bol,sex_t,age_ythadult_yge15,eco_aggregate_total,2015,4898.788
bol,sex_t,age_ythadult_yge15,eco_aggregate_total,2016,4851.473
bol,sex_t,age_ythadult_yge15,eco_aggregate_total,2017,5038.909
bol,sex_t,age_ythadult_yge15,eco_aggregate_total,2018,5365.984
bol,sex_t,age_ythadult_yge15,eco_aggregate_total,2019,5622.105
bol,sex_t,age_ythadult_yge15,eco_aggregate_total,2020,5437.862
bol,sex_t,age_ythadult_yge15,eco_aggregate_total,2021,6149.056
bol,sex_t,age_ythadult_yge15,eco_aggregate_total,2022,6409.114
bol,sex_t,age_ythadult_yge15,eco_aggregate_total,2023,6580.994
bol,sex_t,age_ythadult_yge15,eco_aggregate_total,2024,6822.598
bol,sex_t,age_ythadult_yge15,eco_aggregate_x,1989,22.022
bol,sex_t,age_ythadult_yge15,eco_aggregate_x,1990,27.38
bol,sex_t,age_ythadult_yge15,eco_aggregate_x,1992,1.201
bol,sex_t,age_ythadult_yge15,eco_aggregate_x,1995,1.677
bol,sex_t,age_ythadult_yge15,eco_aggregate_x,1999,216.454
bol,sex_t,age_ythadult_yge15,eco_aggregate_x,2000,31.865
bol,sex_t,age_ythadult_yge15,eco_aggregate_x,2001,27.322
bol,sex_t,age_ythadult_yge15,eco_aggregate_x,2014,1.522
bol,sex_t,age_ythadult_yge15,eco_aggregate_x,2015,4.08
bol,sex_t,age_ythadult_yge15,eco_aggregate_x,2017,0.864
bol,sex_t,age_ythadult_yge15,eco_aggregate_x,2020,8.782
bol,sex_t,age_ythadult_yge15,eco_aggregate_x,2021,7.559
bol,sex_t,age_ythadult_yge15,eco_aggregate_x,2022,9.771
bol,sex_t,age_ythadult_yge15,eco_aggregate_x,2023,8.709
bol,sex_t,age_ythadult_yge15,eco_aggregate_x,2024,13.279
bol,sex_t,age_ythadult_yge15,eco_isic3_a,1991,16.711
bol,sex_t,age_ythadult_yge15,eco_isic3_a,1992,20.615
bol,sex_t,age_ythadult_yge15,eco_isic3_a,1993,19.757
bol,sex_t,age_ythadult_yge15,eco_isic3_a,1994,17.681
bol,sex_t,age_ythadult_yge15,eco_isic3_a,1995,27.066
bol,sex_t,age_ythadult_yge15,eco_isic3_a,1999,7.389
bol,sex_t,age_ythadult_yge15,eco_isic3_a,2000,1244.753
bol,sex_t,age_ythadult_yge15,eco_isic3_a,2001,1462.604
bol,sex_t,age_ythadult_yge15,eco_isic3_a,2002,1401.095
bol,sex_t,age_ythadult_yge15,eco_isic3_a,2005,1381.243
bol,sex_t,age_ythadult_yge15,eco_isic3_a,2006,1500.67
bol,sex_t,age_ythadult_yge15,eco_isic3_a,2007,1436.731
bol,sex_t,age_ythadult_yge15,eco_isic3_a,2008,1419.899
bol,sex_t,age_ythadult_yge15,eco_isic3_a,2009,1413.898
bol,sex_t,age_ythadult_yge15,eco_isic3_b,2002,3.073
bol,sex_t,age_ythadult_yge15,eco_isic3_b,2005,4.554
bol,sex_t,age_ythadult_yge15,eco_isic3_b,2006,12.364
bol,sex_t,age_ythadult_yge15,eco_isic3_b,2008,6.193
bol,sex_t,age_ythadult_yge15,eco_isic3_b,2009,6.872
bol,sex_t,age_ythadult_yge15,eco_isic3_c,1989,20.064
bol,sex_t,age_ythadult_yge15,eco_isic3_c,1990,11.3
bol,sex_t,age_ythadult_yge15,eco_isic3_c,1991,20.201
bol,sex_t,age_ythadult_yge15,eco_isic3_c,1992,18.143
bol,sex_t,age_ythadult_yge15,eco_isic3_c,1993,14.823
bol,sex_t,age_ythadult_yge15,eco_isic3_c,1994,14.773
bol,sex_t,age_ythadult_yge15,eco_isic3_c,1995,18.536
bol,sex_t,age_ythadult_yge15,eco_isic3_c,1999,79.517
bol,sex_t,age_ythadult_yge15,eco_isic3_c,2000,52.172
bol,sex_t,age_ythadult_yge15,eco_isic3_c,2001,48.9
bol,sex_t,age_ythadult_yge15,eco_isic3_c,2002,37.297
bol,sex_t,age_ythadult_yge15,eco_isic3_c,2005,70.917
bol,sex_t,age_ythadult_yge15,eco_isic3_c,2006,55.518
bol,sex_t,age_ythadult_yge15,eco_isic3_c,2007,68.704
bol,sex_t,age_ythadult_yge15,eco_isic3_c,2008,59.244
bol,sex_t,age_ythadult_yge15,eco_isic3_c,2009,50.118
bol,sex_t,age_ythadult_yge15,eco_isic3_d,1989,127.204
bol,sex_t,age_ythadult_yge15,eco_isic3_d,1990,150.327
bol,sex_t,age_ythadult_yge15,eco_isic3_d,1991,171.219
bol,sex_t,age_ythadult_yge15,eco_isic3_d,1992,192.544
bol,sex_t,age_ythadult_yge15,eco_isic3_d,1993,192.985
bol,sex_t,age_ythadult_yge15,eco_isic3_d,1994,208.481
bol,sex_t,age_ythadult_yge15,eco_isic3_d,1995,220.83
bol,sex_t,age_ythadult_yge15,eco_isic3_d,1999,374.198
bol,sex_t,age_ythadult_yge15,eco_isic3_d,2000,356.881
bol,sex_t,age_ythadult_yge15,eco_isic3_d,2001,339.415
bol,sex_t,age_ythadult_yge15,eco_isic3_d,2002,417.064
bol,sex_t,age_ythadult_yge15,eco_isic3_d,2005,448.335
bol,sex_t,age_ythadult_yge15,eco_isic3_d,2006,456.498
bol,sex_t,age_ythadult_yge15,eco_isic3_d,2007,495.457
bol,sex_t,age_ythadult_yge15,eco_isic3_d,2008,517.609
bol,sex_t,age_ythadult_yge15,eco_isic3_d,2009,551.658
bol,sex_t,age_ythadult_yge15,eco_isic3_e,1989,3.803
bol,sex_t,age_ythadult_yge15,eco_isic3_e,1990,4.118
bol,sex_t,age_ythadult_yge15,eco_isic3_e,1991,7.369
bol,sex_t,age_ythadult_yge15,eco_isic3_e,1992,7.607
bol,sex_t,age_ythadult_yge15,eco_isic3_e,1993,4.471
bol,sex_t,age_ythadult_yge15,eco_isic3_e,1994,5.373
bol,sex_t,age_ythadult_yge15,eco_isic3_e,1995,4.981
bol,sex_t,age_ythadult_yge15,eco_isic3_e,1999,100.186
bol,sex_t,age_ythadult_yge15,eco_isic3_e,2000,17.243
bol,sex_t,age_ythadult_yge15,eco_isic3_e,2001,10.872
bol,sex_t,age_ythadult_yge15,eco_isic3_e,2002,8.057
bol,sex_t,age_ythadult_yge15,eco_isic3_e,2005,13.88
bol,sex_t,age_ythadult_yge15,eco_isic3_e,2006,13.01
bol,sex_t,age_ythadult_yge15,eco_isic3_e,2007,14.787
bol,sex_t,age_ythadult_yge15,eco_isic3_e,2008,18.276
bol,sex_t,age_ythadult_yge15,eco_isic3_e,2009,12.341
bol,sex_t,age_ythadult_yge15,eco_isic3_f,1991,83.564
bol,sex_t,age_ythadult_yge15,eco_isic3_f,1992,91.92
bol,sex_t,age_ythadult_yge15,eco_isic3_f,1993,86.24
bol,sex_t,age_ythadult_yge15,eco_isic3_f,1994,112.654
bol,sex_t,age_ythadult_yge15,eco_isic3_f,1995,103.991
bol,sex_t,age_ythadult_yge15,eco_isic3_f,2000,237.647
bol,sex_t,age_ythadult_yge15,eco_isic3_f,2001,187.631
bol,sex_t,age_ythadult_yge15,eco_isic3_f,2002,204.898
bol,sex_t,age_ythadult_yge15,eco_isic3_f,2005,269.877
bol,sex_t,age_ythadult_yge15,eco_isic3_f,2006,241.772
bol,sex_t,age_ythadult_yge15,eco_isic3_f,2007,308.9
bol,sex_t,age_ythadult_yge15,eco_isic3_f,2008,324.149
bol,sex_t,age_ythadult_yge15,eco_isic3_f,2009,363.63
bol,sex_t,age_ythadult_yge15,eco_isic3_g,1989,62.419
bol,sex_t,age_ythadult_yge15,eco_isic3_g,1990,59.64
bol,sex_t,age_ythadult_yge15,eco_isic3_g,1991,235.742
bol,sex_t,age_ythadult_yge15,eco_isic3_g,1992,248.962
bol,sex_t,age_ythadult_yge15,eco_isic3_g,1993,271.903
bol,sex_t,age_ythadult_yge15,eco_isic3_g,1994,311.546
bol,sex_t,age_ythadult_yge15,eco_isic3_g,1995,326.958
bol,sex_t,age_ythadult_yge15,eco_isic3_g,1999,542.764
bol,sex_t,age_ythadult_yge15,eco_isic3_g,2000,542.454
bol,sex_t,age_ythadult_yge15,eco_isic3_g,2001,519.005
bol,sex_t,age_ythadult_yge15,eco_isic3_g,2002,526.775
bol,sex_t,age_ythadult_yge15,eco_isic3_g,2005,614.464
bol,sex_t,age_ythadult_yge15,eco_isic3_g,2006,622.322
bol,sex_t,age_ythadult_yge15,eco_isic3_g,2007,643.086
bol,sex_t,age_ythadult_yge15,eco_isic3_g,2008,812.28
bol,sex_t,age_ythadult_yge15,eco_isic3_g,2009,741.929
bol,sex_t,age_ythadult_yge15,eco_isic3_h,1991,41.507
bol,sex_t,age_ythadult_yge15,eco_isic3_h,1992,37.379
bol,sex_t,age_ythadult_yge15,eco_isic3_h,1993,52.567
bol,sex_t,age_ythadult_yge15,eco_isic3_h,1994,65.609
bol,sex_t,age_ythadult_yge15,eco_isic3_h,1995,65.125
bol,sex_t,age_ythadult_yge15,eco_isic3_h,2000,105.832
bol,sex_t,age_ythadult_yge15,eco_isic3_h,2001,125.938
bol,sex_t,age_ythadult_yge15,eco_isic3_h,2002,168.809
bol,sex_t,age_ythadult_yge15,eco_isic3_h,2005,162.2
bol,sex_t,age_ythadult_yge15,eco_isic3_h,2006,171.571
bol,sex_t,age_ythadult_yge15,eco_isic3_h,2007,148.162
bol,sex_t,age_ythadult_yge15,eco_isic3_h,2008,200.317
bol,sex_t,age_ythadult_yge15,eco_isic3_h,2009,220.951
bol,sex_t,age_ythadult_yge15,eco_isic3_i,1989,236.369
bol,sex_t,age_ythadult_yge15,eco_isic3_i,1990,225.63
bol,sex_t,age_ythadult_yge15,eco_isic3_i,1991,68.058
bol,sex_t,age_ythadult_yge15,eco_isic3_i,1992,70.916
bol,sex_t,age_ythadult_yge15,eco_isic3_i,1993,89.619
bol,sex_t,age_ythadult_yge15,eco_isic3_i,1994,86.995
bol,sex_t,age_ythadult_yge15,eco_isic3_i,1995,91.942
bol,sex_t,age_ythadult_yge15,eco_isic3_i,1999,1465.703
bol,sex_t,age_ythadult_yge15,eco_isic3_i,2000,155.868
bol,sex_t,age_ythadult_yge15,eco_isic3_i,2001,178.415
bol,sex_t,age_ythadult_yge15,eco_isic3_i,2002,172.653
bol,sex_t,age_ythadult_yge15,eco_isic3_i,2005,252.644
bol,sex_t,age_ythadult_yge15,eco_isic3_i,2006,246.478
bol,sex_t,age_ythadult_yge15,eco_isic3_i,2007,269.179
bol,sex_t,age_ythadult_yge15,eco_isic3_i,2008,337.595
bol,sex_t,age_ythadult_yge15,eco_isic3_i,2009,327.911
bol,sex_t,age_ythadult_yge15,eco_isic3_j,1991,9.547
bol,sex_t,age_ythadult_yge15,eco_isic3_j,1992,8.225
bol,sex_t,age_ythadult_yge15,eco_isic3_j,1993,13.527
bol,sex_t,age_ythadult_yge15,eco_isic3_j,1994,12.915
bol,sex_t,age_ythadult_yge15,eco_isic3_j,1995,13.362
bol,sex_t,age_ythadult_yge15,eco_isic3_j,2000,19.967
bol,sex_t,age_ythadult_yge15,eco_isic3_j,2001,20.144
bol,sex_t,age_ythadult_yge15,eco_isic3_j,2002,17.34
bol,sex_t,age_ythadult_yge15,eco_isic3_j,2005,13.124
bol,sex_t,age_ythadult_yge15,eco_isic3_j,2006,23.337
bol,sex_t,age_ythadult_yge15,eco_isic3_j,2007,28.073
bol,sex_t,age_ythadult_yge15,eco_isic3_j,2008,32.375
bol,sex_t,age_ythadult_yge15,eco_isic3_j,2009,38.815
bol,sex_t,age_ythadult_yge15,eco_isic3_k,1989,67.532
bol,sex_t,age_ythadult_yge15,eco_isic3_k,1990,67.654
bol,sex_t,age_ythadult_yge15,eco_isic3_k,1991,27.033
bol,sex_t,age_ythadult_yge15,eco_isic3_k,1992,31.188
bol,sex_t,age_ythadult_yge15,eco_isic3_k,1993,34.236
bol,sex_t,age_ythadult_yge15,eco_isic3_k,1994,35.015
bol,sex_t,age_ythadult_yge15,eco_isic3_k,1995,35.052
bol,sex_t,age_ythadult_yge15,eco_isic3_k,1999,655.255
bol,sex_t,age_ythadult_yge15,eco_isic3_k,2000,96.143
bol,sex_t,age_ythadult_yge15,eco_isic3_k,2001,97.649
bol,sex_t,age_ythadult_yge15,eco_isic3_k,2002,77.952
bol,sex_t,age_ythadult_yge15,eco_isic3_k,2005,104.144
bol,sex_t,age_ythadult_yge15,eco_isic3_k,2006,151.618
bol,sex_t,age_ythadult_yge15,eco_isic3_k,2007,135.176
bol,sex_t,age_ythadult_yge15,eco_isic3_k,2008,130.327
bol,sex_t,age_ythadult_yge15,eco_isic3_k,2009,159.456
bol,sex_t,age_ythadult_yge15,eco_isic3_l,1991,57.299
bol,sex_t,age_ythadult_yge15,eco_isic3_l,1992,57.9
bol,sex_t,age_ythadult_yge15,eco_isic3_l,1993,57.587
bol,sex_t,age_ythadult_yge15,eco_isic3_l,1994,57.566
bol,sex_t,age_ythadult_yge15,eco_isic3_l,1995,56.563
bol,sex_t,age_ythadult_yge15,eco_isic3_l,2000,80.599
bol,sex_t,age_ythadult_yge15,eco_isic3_l,2001,69.557
bol,sex_t,age_ythadult_yge15,eco_isic3_l,2002,75.31
bol,sex_t,age_ythadult_yge15,eco_isic3_l,2005,91.046
bol,sex_t,age_ythadult_yge15,eco_isic3_l,2006,114.794
bol,sex_t,age_ythadult_yge15,eco_isic3_l,2007,152.114
bol,sex_t,age_ythadult_yge15,eco_isic3_l,2008,163.38
bol,sex_t,age_ythadult_yge15,eco_isic3_l,2009,143.353
bol,sex_t,age_ythadult_yge15,eco_isic3_m,1989,21.967
bol,sex_t,age_ythadult_yge15,eco_isic3_m,1990,27.528
bol,sex_t,age_ythadult_yge15,eco_isic3_m,1991,68.507
bol,sex_t,age_ythadult_yge15,eco_isic3_m,1992,63.174
bol,sex_t,age_ythadult_yge15,eco_isic3_m,1993,70.754
bol,sex_t,age_ythadult_yge15,eco_isic3_m,1994,74.905
bol,sex_t,age_ythadult_yge15,eco_isic3_m,1995,73.073
bol,sex_t,age_ythadult_yge15,eco_isic3_m,2000,164.14
bol,sex_t,age_ythadult_yge15,eco_isic3_m,2001,155.787
bol,sex_t,age_ythadult_yge15,eco_isic3_m,2002,149.44
bol,sex_t,age_ythadult_yge15,eco_isic3_m,2005,192.72
bol,sex_t,age_ythadult_yge15,eco_isic3_m,2006,217.437
bol,sex_t,age_ythadult_yge15,eco_isic3_m,2007,223.064
bol,sex_t,age_ythadult_yge15,eco_isic3_m,2008,222.947
bol,sex_t,age_ythadult_yge15,eco_isic3_m,2009,280.137
bol,sex_t,age_ythadult_yge15,eco_isic3_n,1991,26.432
bol,sex_t,age_ythadult_yge15,eco_isic3_n,1992,25.45
bol,sex_t,age_ythadult_yge15,eco_isic3_n,1993,33.579
bol,sex_t,age_ythadult_yge15,eco_isic3_n,1994,32.252
bol,sex_t,age_ythadult_yge15,eco_isic3_n,1995,34.425
bol,sex_t,age_ythadult_yge15,eco_isic3_n,2000,52.908
bol,sex_t,age_ythadult_yge15,eco_isic3_n,2001,60.038
bol,sex_t,age_ythadult_yge15,eco_isic3_n,2002,62.32
bol,sex_t,age_ythadult_yge15,eco_isic3_n,2005,64.044
bol,sex_t,age_ythadult_yge15,eco_isic3_n,2006,96.936
bol,sex_t,age_ythadult_yge15,eco_isic3_n,2007,108.476
bol,sex_t,age_ythadult_yge15,eco_isic3_n,2008,103.805
bol,sex_t,age_ythadult_yge15,eco_isic3_n,2009,125.985
bol,sex_t,age_ythadult_yge15,eco_isic3_o,1989,157.598
bol,sex_t,age_ythadult_yge15,eco_isic3_o,1990,164.124
bol,sex_t,age_ythadult_yge15,eco_isic3_o,1991,57.158
bol,sex_t,age_ythadult_yge15,eco_isic3_o,1992,50.523
bol,sex_t,age_ythadult_yge15,eco_isic3_o,1993,38.476
bol,sex_t,age_ythadult_yge15,eco_isic3_o,1994,45.138
bol,sex_t,age_ythadult_yge15,eco_isic3_o,1995,47.466
bol,sex_t,age_ythadult_yge15,eco_isic3_o,1999,307.684
bol,sex_t,age_ythadult_yge15,eco_isic3_o,2000,104.038
bol,sex_t,age_ythadult_yge15,eco_isic3_o,2001,98.32
bol,sex_t,age_ythadult_yge15,eco_isic3_o,2002,112.614
bol,sex_t,age_ythadult_yge15,eco_isic3_o,2005,149.43
bol,sex_t,age_ythadult_yge15,eco_isic3_o,2006,142.838
bol,sex_t,age_ythadult_yge15,eco_isic3_o,2007,145.615
bol,sex_t,age_ythadult_yge15,eco_isic3_o,2008,116.331
bol,sex_t,age_ythadult_yge15,eco_isic3_o,2009,156.599
bol,sex_t,age_ythadult_yge15,eco_isic3_p,1989,150.446
bol,sex_t,age_ythadult_yge15,eco_isic3_p,1990,159.102
bol,sex_t,age_ythadult_yge15,eco_isic3_p,1991,62.282
bol,sex_t,age_ythadult_yge15,eco_isic3_p,1992,56.274
bol,sex_t,age_ythadult_yge15,eco_isic3_p,1993,77.937
bol,sex_t,age_ythadult_yge15,eco_isic3_p,1994,69.36
bol,sex_t,age_ythadult_yge15,eco_isic3_p,1995,79.003
bol,sex_t,age_ythadult_yge15,eco_isic3_p,2000,132.641
bol,sex_t,age_ythadult_yge15,eco_isic3_p,2001,127.303
bol,sex_t,age_ythadult_yge15,eco_isic3_p,2002,117.394
bol,sex_t,age_ythadult_yge15,eco_isic3_p,2005,101.917
bol,sex_t,age_ythadult_yge15,eco_isic3_p,2006,116.543
bol,sex_t,age_ythadult_yge15,eco_isic3_p,2007,156.673
bol,sex_t,age_ythadult_yge15,eco_isic3_p,2008,107.996
bol,sex_t,age_ythadult_yge15,eco_isic3_p,2009,121.589
bol,sex_t,age_ythadult_yge15,eco_isic3_q,1991,2.619
bol,sex_t,age_ythadult_yge15,eco_isic3_q,1992,6.594
bol,sex_t,age_ythadult_yge15,eco_isic3_q,1993,1.555
bol,sex_t,age_ythadult_yge15,eco_isic3_q,1994,2.744
bol,sex_t,age_ythadult_yge15,eco_isic3_q,1995,3.298
bol,sex_t,age_ythadult_yge15,eco_isic3_q,2002,3.924
bol,sex_t,age_ythadult_yge15,eco_isic3_q,2008,3.325
bol,sex_t,age_ythadult_yge15,eco_isic3_q,2009,9.958
bol,sex_t,age_ythadult_yge15,eco_isic3_total,1989,869.424
bol,sex_t,age_ythadult_yge15,eco_isic3_total,1990,896.803
bol,sex_t,age_ythadult_yge15,eco_isic3_total,1991,955.359
bol,sex_t,age_ythadult_yge15,eco_isic3_total,1992,988.615
bol,sex_t,age_ythadult_yge15,eco_isic3_total,1993,1060.141
bol,sex_t,age_ythadult_yge15,eco_isic3_total,1994,1153.317
bol,sex_t,age_ythadult_yge15,eco_isic3_total,1995,1203.424
bol,sex_t,age_ythadult_yge15,eco_isic3_total,1999,3749.15
bol,sex_t,age_ythadult_yge15,eco_isic3_total,2000,3398.018
bol,sex_t,age_ythadult_yge15,eco_isic3_total,2001,3529.509
bol,sex_t,age_ythadult_yge15,eco_isic3_total,2002,3556.015
bol,sex_t,age_ythadult_yge15,eco_isic3_total,2005,3938.571
bol,sex_t,age_ythadult_yge15,eco_isic3_total,2006,4184.254
bol,sex_t,age_ythadult_yge15,eco_isic3_total,2007,4337.788
bol,sex_t,age_ythadult_yge15,eco_isic3_total,2008,4577.392
bol,sex_t,age_ythadult_yge15,eco_isic3_total,2009,4725.2
bol,sex_t,age_ythadult_yge15,eco_isic3_x,1989,22.022
bol,sex_t,age_ythadult_yge15,eco_isic3_x,1990,27.38
bol,sex_t,age_ythadult_yge15,eco_isic3_x,1992,1.201
bol,sex_t,age_ythadult_yge15,eco_isic3_x,1995,1.677
bol,sex_t,age_ythadult_yge15,eco_isic3_x,1999,216.454
bol,sex_t,age_ythadult_yge15,eco_isic3_x,2000,31.865
bol,sex_t,age_ythadult_yge15,eco_isic3_x,2001,27.322
bol,sex_t,age_ythadult_yge15,eco_isic4_a,2011,1591.152
bol,sex_t,age_ythadult_yge15,eco_isic4_a,2012,1448.145
bol,sex_t,age_ythadult_yge15,eco_isic4_a,2013,1620.179
bol,sex_t,age_ythadult_yge15,eco_isic4_a,2014,1574.434
bol,sex_t,age_ythadult_yge15,eco_isic4_a,2015,1452.621
bol,sex_t,age_ythadult_yge15,eco_isic4_a,2016,1442.93
bol,sex_t,age_ythadult_yge15,eco_isic4_a,2017,1536.108
bol,sex_t,age_ythadult_yge15,eco_isic4_a,2018,1667.213
bol,sex_t,age_ythadult_yge15,eco_isic4_a,2019,1541.267
bol,sex_t,age_ythadult_yge15,eco_isic4_a,2020,1628.759
bol,sex_t,age_ythadult_yge15,eco_isic4_a,2021,1697.965
bol,sex_t,age_ythadult_yge15,eco_isic4_a,2022,1587.558
bol,sex_t,age_ythadult_yge15,eco_isic4_a,2023,1648.257
bol,sex_t,age_ythadult_yge15,eco_isic4_a,2024,1581.931
bol,sex_t,age_ythadult_yge15,eco_isic4_b,2011,110.618
bol,sex_t,age_ythadult_yge15,eco_isic4_b,2012,125.23
bol,sex_t,age_ythadult_yge15,eco_isic4_b,2013,128.831
bol,sex_t,age_ythadult_yge15,eco_isic4_b,2014,106.886
bol,sex_t,age_ythadult_yge15,eco_isic4_b,2015,117.237
bol,sex_t,age_ythadult_yge15,eco_isic4_b,2016,88.1
bol,sex_t,age_ythadult_yge15,eco_isic4_b,2017,74.304
bol,sex_t,age_ythadult_yge15,eco_isic4_b,2018,92.324
bol,sex_t,age_ythadult_yge15,eco_isic4_b,2019,75.167
bol,sex_t,age_ythadult_yge15,eco_isic4_b,2020,57.762
bol,sex_t,age_ythadult_yge15,eco_isic4_b,2021,80.136
bol,sex_t,age_ythadult_yge15,eco_isic4_b,2022,86.277
bol,sex_t,age_ythadult_yge15,eco_isic4_b,2023,80.626
bol,sex_t,age_ythadult_yge15,eco_isic4_b,2024,98.5
bol,sex_t,age_ythadult_yge15,eco_isic4_c,2011,346.934
bol,sex_t,age_ythadult_yge15,eco_isic4_c,2012,330.458
bol,sex_t,age_ythadult_yge15,eco_isic4_c,2013,338.721
bol,sex_t,age_ythadult_yge15,eco_isic4_c,2014,478.174
bol,sex_t,age_ythadult_yge15,eco_isic4_c,2015,422.4
bol,sex_t,age_ythadult_yge15,eco_isic4_c,2016,482.295
bol,sex_t,age_ythadult_yge15,eco_isic4_c,2017,497.148
bol,sex_t,age_ythadult_yge15,eco_isic4_c,2018,537.143
bol,sex_t,age_ythadult_yge15,eco_isic4_c,2019,630.741
bol,sex_t,age_ythadult_yge15,eco_isic4_c,2020,476.579
bol,sex_t,age_ythadult_yge15,eco_isic4_c,2021,702.705
bol,sex_t,age_ythadult_yge15,eco_isic4_c,2022,732.13
bol,sex_t,age_ythadult_yge15,eco_isic4_c,2023,761.091
bol,sex_t,age_ythadult_yge15,eco_isic4_c,2024,851.178
bol,sex_t,age_ythadult_yge15,eco_isic4_d,2011,7.912
bol,sex_t,age_ythadult_yge15,eco_isic4_d,2012,16.317
bol,sex_t,age_ythadult_yge15,eco_isic4_d,2013,9.486
bol,sex_t,age_ythadult_yge15,eco_isic4_d,2014,9.634
bol,sex_t,age_ythadult_yge15,eco_isic4_d,2015,9.666
bol,sex_t,age_ythadult_yge15,eco_isic4_d,2016,10.804
bol,sex_t,age_ythadult_yge15,eco_isic4_d,2017,7.122
bol,sex_t,age_ythadult_yge15,eco_isic4_d,2018,8.611
bol,sex_t,age_ythadult_yge15,eco_isic4_d,2019,10.128
bol,sex_t,age_ythadult_yge15,eco_isic4_d,2020,10.411
bol,sex_t,age_ythadult_yge15,eco_isic4_d,2021,11.963
bol,sex_t,age_ythadult_yge15,eco_isic4_d,2022,13.485
bol,sex_t,age_ythadult_yge15,eco_isic4_d,2023,11.163
bol,sex_t,age_ythadult_yge15,eco_isic4_d,2024,14.884
bol,sex_t,age_ythadult_yge15,eco_isic4_e,2011,7.724
bol,sex_t,age_ythadult_yge15,eco_isic4_e,2012,11.082
bol,sex_t,age_ythadult_yge15,eco_isic4_e,2013,7.701
bol,sex_t,age_ythadult_yge15,eco_isic4_e,2014,6.625
bol,sex_t,age_ythadult_yge15,eco_isic4_e,2015,8.921
bol,sex_t,age_ythadult_yge15,eco_isic4_e,2016,7.528
bol,sex_t,age_ythadult_yge15,eco_isic4_e,2017,6.963
bol,sex_t,age_ythadult_yge15,eco_isic4_e,2018,7.869
bol,sex_t,age_ythadult_yge15,eco_isic4_e,2019,7.197
bol,sex_t,age_ythadult_yge15,eco_isic4_e,2020,4.517
bol,sex_t,age_ythadult_yge15,eco_isic4_e,2021,8.796
bol,sex_t,age_ythadult_yge15,eco_isic4_e,2022,8.544
bol,sex_t,age_ythadult_yge15,eco_isic4_e,2023,9.174
bol,sex_t,age_ythadult_yge15,eco_isic4_e,2024,8.05
bol,sex_t,age_ythadult_yge15,eco_isic4_f,2011,375.675
bol,sex_t,age_ythadult_yge15,eco_isic4_f,2012,353.954
bol,sex_t,age_ythadult_yge15,eco_isic4_f,2013,341.937
bol,sex_t,age_ythadult_yge15,eco_isic4_f,2014,446.016
bol,sex_t,age_ythadult_yge15,eco_isic4_f,2015,467.161
bol,sex_t,age_ythadult_yge15,eco_isic4_f,2016,424.213
bol,sex_t,age_ythadult_yge15,eco_isic4_f,2017,428.883
bol,sex_t,age_ythadult_yge15,eco_isic4_f,2018,404.793
bol,sex_t,age_ythadult_yge15,eco_isic4_f,2019,441.585
bol,sex_t,age_ythadult_yge15,eco_isic4_f,2020,431.312
bol,sex_t,age_ythadult_yge15,eco_isic4_f,2021,451.205
bol,sex_t,age_ythadult_yge15,eco_isic4_f,2022,472.271
bol,sex_t,age_ythadult_yge15,eco_isic4_f,2023,459.865
bol,sex_t,age_ythadult_yge15,eco_isic4_f,2024,492.756
bol,sex_t,age_ythadult_yge15,eco_isic4_g,2011,793.806
bol,sex_t,age_ythadult_yge15,eco_isic4_g,2012,799.333
bol,sex_t,age_ythadult_yge15,eco_isic4_g,2013,792.455
bol,sex_t,age_ythadult_yge15,eco_isic4_g,2014,841.496
bol,sex_t,age_ythadult_yge15,eco_isic4_g,2015,789.75
bol,sex_t,age_ythadult_yge15,eco_isic4_g,2016,784.058
bol,sex_t,age_ythadult_yge15,eco_isic4_g,2017,823.699
bol,sex_t,age_ythadult_yge15,eco_isic4_g,2018,902.276
bol,sex_t,age_ythadult_yge15,eco_isic4_g,2019,962.718
bol,sex_t,age_ythadult_yge15,eco_isic4_g,2020,1021.548
bol,sex_t,age_ythadult_yge15,eco_isic4_g,2021,1162.077
bol,sex_t,age_ythadult_yge15,eco_isic4_g,2022,1212.042
bol,sex_t,age_ythadult_yge15,eco_isic4_g,2023,1220.88
bol,sex_t,age_ythadult_yge15,eco_isic4_g,2024,1261.242
bol,sex_t,age_ythadult_yge15,eco_isic4_h,2011,283.163
bol,sex_t,age_ythadult_yge15,eco_isic4_h,2012,294.862
bol,sex_t,age_ythadult_yge15,eco_isic4_h,2013,280.871
bol,sex_t,age_ythadult_yge15,eco_isic4_h,2014,297.657
bol,sex_t,age_ythadult_yge15,eco_isic4_h,2015,316.255
bol,sex_t,age_ythadult_yge15,eco_isic4_h,2016,325.861
bol,sex_t,age_ythadult_yge15,eco_isic4_h,2017,342.755
bol,sex_t,age_ythadult_yge15,eco_isic4_h,2018,344.591
bol,sex_t,age_ythadult_yge15,eco_isic4_h,2019,396.359
bol,sex_t,age_ythadult_yge15,eco_isic4_h,2020,323.879
bol,sex_t,age_ythadult_yge15,eco_isic4_h,2021,404.475
bol,sex_t,age_ythadult_yge15,eco_isic4_h,2022,459.447
bol,sex_t,age_ythadult_yge15,eco_isic4_h,2023,454.938
bol,sex_t,age_ythadult_yge15,eco_isic4_h,2024,474.826
bol,sex_t,age_ythadult_yge15,eco_isic4_i,2011,236.93
bol,sex_t,age_ythadult_yge15,eco_isic4_i,2012,259.915
bol,sex_t,age_ythadult_yge15,eco_isic4_i,2013,254.916
bol,sex_t,age_ythadult_yge15,eco_isic4_i,2014,266.961
bol,sex_t,age_ythadult_yge15,eco_isic4_i,2015,299.106
bol,sex_t,age_ythadult_yge15,eco_isic4_i,2016,289.295
bol,sex_t,age_ythadult_yge15,eco_isic4_i,2017,320.887
bol,sex_t,age_ythadult_yge15,eco_isic4_i,2018,368.483
bol,sex_t,age_ythadult_yge15,eco_isic4_i,2019,413.082
bol,sex_t,age_ythadult_yge15,eco_isic4_i,2020,358.158
bol,sex_t,age_ythadult_yge15,eco_isic4_i,2021,456.281
bol,sex_t,age_ythadult_yge15,eco_isic4_i,2022,543.053
bol,sex_t,age_ythadult_yge15,eco_isic4_i,2023,544.443
bol,sex_t,age_ythadult_yge15,eco_isic4_i,2024,596.935
bol,sex_t,age_ythadult_yge15,eco_isic4_j,2011,57.781
bol,sex_t,age_ythadult_yge15,eco_isic4_j,2012,50.72
bol,sex_t,age_ythadult_yge15,eco_isic4_j,2013,49.497
bol,sex_t,age_ythadult_yge15,eco_isic4_j,2014,53.967
bol,sex_t,age_ythadult_yge15,eco_isic4_j,2015,41.153
bol,sex_t,age_ythadult_yge15,eco_isic4_j,2016,39.16
bol,sex_t,age_ythadult_yge15,eco_isic4_j,2017,39.338
bol,sex_t,age_ythadult_yge15,eco_isic4_j,2018,39.564
bol,sex_t,age_ythadult_yge15,eco_isic4_j,2019,40.813
bol,sex_t,age_ythadult_yge15,eco_isic4_j,2020,41.56
bol,sex_t,age_ythadult_yge15,eco_isic4_j,2021,27.511
bol,sex_t,age_ythadult_yge15,eco_isic4_j,2022,29.221
bol,sex_t,age_ythadult_yge15,eco_isic4_j,2023,31.884
bol,sex_t,age_ythadult_yge15,eco_isic4_j,2024,36.141
bol,sex_t,age_ythadult_yge15,eco_isic4_k,2011,37.046
bol,sex_t,age_ythadult_yge15,eco_isic4_k,2012,40.573
bol,sex_t,age_ythadult_yge15,eco_isic4_k,2013,60.076
bol,sex_t,age_ythadult_yge15,eco_isic4_k,2014,47.487
bol,sex_t,age_ythadult_yge15,eco_isic4_k,2015,48.846
bol,sex_t,age_ythadult_yge15,eco_isic4_k,2016,40.174
bol,sex_t,age_ythadult_yge15,eco_isic4_k,2017,42.066
bol,sex_t,age_ythadult_yge15,eco_isic4_k,2018,42.587
bol,sex_t,age_ythadult_yge15,eco_isic4_k,2019,38.977
bol,sex_t,age_ythadult_yge15,eco_isic4_k,2020,58.68
bol,sex_t,age_ythadult_yge15,eco_isic4_k,2021,48.391
bol,sex_t,age_ythadult_yge15,eco_isic4_k,2022,49.856
bol,sex_t,age_ythadult_yge15,eco_isic4_k,2023,48.589
bol,sex_t,age_ythadult_yge15,eco_isic4_k,2024,50.38
bol,sex_t,age_ythadult_yge15,eco_isic4_l,2011,8.132
bol,sex_t,age_ythadult_yge15,eco_isic4_l,2012,5.969
bol,sex_t,age_ythadult_yge15,eco_isic4_l,2013,6.613
bol,sex_t,age_ythadult_yge15,eco_isic4_l,2014,8.965
bol,sex_t,age_ythadult_yge15,eco_isic4_l,2015,8.941
bol,sex_t,age_ythadult_yge15,eco_isic4_l,2016,19.943
bol,sex_t,age_ythadult_yge15,eco_isic4_l,2017,27.591
bol,sex_t,age_ythadult_yge15,eco_isic4_l,2018,26.732
bol,sex_t,age_ythadult_yge15,eco_isic4_l,2019,26.343
bol,sex_t,age_ythadult_yge15,eco_isic4_l,2020,14.379
bol,sex_t,age_ythadult_yge15,eco_isic4_l,2021,31.867
bol,sex_t,age_ythadult_yge15,eco_isic4_l,2022,29
bol,sex_t,age_ythadult_yge15,eco_isic4_l,2023,33.233
bol,sex_t,age_ythadult_yge15,eco_isic4_l,2024,32.948
bol,sex_t,age_ythadult_yge15,eco_isic4_m,2011,110.078
bol,sex_t,age_ythadult_yge15,eco_isic4_m,2012,115.793
bol,sex_t,age_ythadult_yge15,eco_isic4_m,2013,122.61
bol,sex_t,age_ythadult_yge15,eco_isic4_m,2014,107.156
bol,sex_t,age_ythadult_yge15,eco_isic4_m,2015,109.366
bol,sex_t,age_ythadult_yge15,eco_isic4_m,2016,89.501
bol,sex_t,age_ythadult_yge15,eco_isic4_m,2017,91.148
bol,sex_t,age_ythadult_yge15,eco_isic4_m,2018,91.227
bol,sex_t,age_ythadult_yge15,eco_isic4_m,2019,97.472
bol,sex_t,age_ythadult_yge15,eco_isic4_m,2020,144.932
bol,sex_t,age_ythadult_yge15,eco_isic4_m,2021,116.426
bol,sex_t,age_ythadult_yge15,eco_isic4_m,2022,135.02
bol,sex_t,age_ythadult_yge15,eco_isic4_m,2023,136.006
bol,sex_t,age_ythadult_yge15,eco_isic4_m,2024,130.964
bol,sex_t,age_ythadult_yge15,eco_isic4_n,2011,43.539
bol,sex_t,age_ythadult_yge15,eco_isic4_n,2012,58.437
bol,sex_t,age_ythadult_yge15,eco_isic4_n,2013,59.88
bol,sex_t,age_ythadult_yge15,eco_isic4_n,2014,61.261
bol,sex_t,age_ythadult_yge15,eco_isic4_n,2015,67.574
bol,sex_t,age_ythadult_yge15,eco_isic4_n,2016,62.202
bol,sex_t,age_ythadult_yge15,eco_isic4_n,2017,58.768
bol,sex_t,age_ythadult_yge15,eco_isic4_n,2018,74.046
bol,sex_t,age_ythadult_yge15,eco_isic4_n,2019,95.045
bol,sex_t,age_ythadult_yge15,eco_isic4_n,2020,71.738
bol,sex_t,age_ythadult_yge15,eco_isic4_n,2021,108.649
bol,sex_t,age_ythadult_yge15,eco_isic4_n,2022,124.394
bol,sex_t,age_ythadult_yge15,eco_isic4_n,2023,136.581
bol,sex_t,age_ythadult_yge15,eco_isic4_n,2024,143.266
bol,sex_t,age_ythadult_yge15,eco_isic4_o,2011,163.855
bol,sex_t,age_ythadult_yge15,eco_isic4_o,2012,147.623
bol,sex_t,age_ythadult_yge15,eco_isic4_o,2013,180.371
bol,sex_t,age_ythadult_yge15,eco_isic4_o,2014,162.547
bol,sex_t,age_ythadult_yge15,eco_isic4_o,2015,168.201
bol,sex_t,age_ythadult_yge15,eco_isic4_o,2016,152.888
bol,sex_t,age_ythadult_yge15,eco_isic4_o,2017,138.786
bol,sex_t,age_ythadult_yge15,eco_isic4_o,2018,140.951
bol,sex_t,age_ythadult_yge15,eco_isic4_o,2019,146.76
bol,sex_t,age_ythadult_yge15,eco_isic4_o,2020,149.339
bol,sex_t,age_ythadult_yge15,eco_isic4_o,2021,136.028
bol,sex_t,age_ythadult_yge15,eco_isic4_o,2022,148.83
bol,sex_t,age_ythadult_yge15,eco_isic4_o,2023,148.158
bol,sex_t,age_ythadult_yge15,eco_isic4_o,2024,149.168
bol,sex_t,age_ythadult_yge15,eco_isic4_p,2011,248.315
bol,sex_t,age_ythadult_yge15,eco_isic4_p,2012,247.674
bol,sex_t,age_ythadult_yge15,eco_isic4_p,2013,272.269
bol,sex_t,age_ythadult_yge15,eco_isic4_p,2014,244.322
bol,sex_t,age_ythadult_yge15,eco_isic4_p,2015,207.098
bol,sex_t,age_ythadult_yge15,eco_isic4_p,2016,237.882
bol,sex_t,age_ythadult_yge15,eco_isic4_p,2017,237.016
bol,sex_t,age_ythadult_yge15,eco_isic4_p,2018,239.411
bol,sex_t,age_ythadult_yge15,eco_isic4_p,2019,262.43
bol,sex_t,age_ythadult_yge15,eco_isic4_p,2020,217.456
bol,sex_t,age_ythadult_yge15,eco_isic4_p,2021,250.487
bol,sex_t,age_ythadult_yge15,eco_isic4_p,2022,269.562
bol,sex_t,age_ythadult_yge15,eco_isic4_p,2023,311.279
bol,sex_t,age_ythadult_yge15,eco_isic4_p,2024,298.899
bol,sex_t,age_ythadult_yge15,eco_isic4_q,2011,127.314
bol,sex_t,age_ythadult_yge15,eco_isic4_q,2012,125.277
bol,sex_t,age_ythadult_yge15,eco_isic4_q,2013,166.037
bol,sex_t,age_ythadult_yge15,eco_isic4_q,2014,126.56
bol,sex_t,age_ythadult_yge15,eco_isic4_q,2015,129.058
bol,sex_t,age_ythadult_yge15,eco_isic4_q,2016,129.067
bol,sex_t,age_ythadult_yge15,eco_isic4_q,2017,124.281
bol,sex_t,age_ythadult_yge15,eco_isic4_q,2018,128.621
bol,sex_t,age_ythadult_yge15,eco_isic4_q,2019,142.701
bol,sex_t,age_ythadult_yge15,eco_isic4_q,2020,167.874
bol,sex_t,age_ythadult_yge15,eco_isic4_q,2021,156.635
bol,sex_t,age_ythadult_yge15,eco_isic4_q,2022,171.059
bol,sex_t,age_ythadult_yge15,eco_isic4_q,2023,189.196
bol,sex_t,age_ythadult_yge15,eco_isic4_q,2024,207.817
bol,sex_t,age_ythadult_yge15,eco_isic4_r,2011,37.105
bol,sex_t,age_ythadult_yge15,eco_isic4_r,2012,36.519
bol,sex_t,age_ythadult_yge15,eco_isic4_r,2013,39.017
bol,sex_t,age_ythadult_yge15,eco_isic4_r,2014,32.181
bol,sex_t,age_ythadult_yge15,eco_isic4_r,2015,33.365
bol,sex_t,age_ythadult_yge15,eco_isic4_r,2016,33.817
bol,sex_t,age_ythadult_yge15,eco_isic4_r,2017,35.372
bol,sex_t,age_ythadult_yge15,eco_isic4_r,2018,39.13
bol,sex_t,age_ythadult_yge15,eco_isic4_r,2019,39.862
bol,sex_t,age_ythadult_yge15,eco_isic4_r,2020,24.743
bol,sex_t,age_ythadult_yge15,eco_isic4_r,2021,30.24
bol,sex_t,age_ythadult_yge15,eco_isic4_r,2022,43.112
bol,sex_t,age_ythadult_yge15,eco_isic4_r,2023,57.666
bol,sex_t,age_ythadult_yge15,eco_isic4_r,2024,56.399
bol,sex_t,age_ythadult_yge15,eco_isic4_s,2011,110.525
bol,sex_t,age_ythadult_yge15,eco_isic4_s,2012,100.149
bol,sex_t,age_ythadult_yge15,eco_isic4_s,2013,103.46
bol,sex_t,age_ythadult_yge15,eco_isic4_s,2014,103.676
bol,sex_t,age_ythadult_yge15,eco_isic4_s,2015,111.838
bol,sex_t,age_ythadult_yge15,eco_isic4_s,2016,100.931
bol,sex_t,age_ythadult_yge15,eco_isic4_s,2017,105.374
bol,sex_t,age_ythadult_yge15,eco_isic4_s,2018,117.23
bol,sex_t,age_ythadult_yge15,eco_isic4_s,2019,147.135
bol,sex_t,age_ythadult_yge15,eco_isic4_s,2020,148.137
bol,sex_t,age_ythadult_yge15,eco_isic4_s,2021,153.469
bol,sex_t,age_ythadult_yge15,eco_isic4_s,2022,158.518
bol,sex_t,age_ythadult_yge15,eco_isic4_s,2023,154.371
bol,sex_t,age_ythadult_yge15,eco_isic4_s,2024,184.12
bol,sex_t,age_ythadult_yge15,eco_isic4_t,2011,96.825
bol,sex_t,age_ythadult_yge15,eco_isic4_t,2012,123.462
bol,sex_t,age_ythadult_yge15,eco_isic4_t,2013,110.496
bol,sex_t,age_ythadult_yge15,eco_isic4_t,2014,103.345
bol,sex_t,age_ythadult_yge15,eco_isic4_t,2015,83.191
bol,sex_t,age_ythadult_yge15,eco_isic4_t,2016,89.298
bol,sex_t,age_ythadult_yge15,eco_isic4_t,2017,99.392
bol,sex_t,age_ythadult_yge15,eco_isic4_t,2018,92.387
bol,sex_t,age_ythadult_yge15,eco_isic4_t,2019,105.188
bol,sex_t,age_ythadult_yge15,eco_isic4_t,2020,75.057
bol,sex_t,age_ythadult_yge15,eco_isic4_t,2021,105.84
bol,sex_t,age_ythadult_yge15,eco_isic4_t,2022,124.629
bol,sex_t,age_ythadult_yge15,eco_isic4_t,2023,134.323
bol,sex_t,age_ythadult_yge15,eco_isic4_t,2024,137.898
bol,sex_t,age_ythadult_yge15,eco_isic4_total,2011,4795.846
bol,sex_t,age_ythadult_yge15,eco_isic4_total,2012,4693.304
bol,sex_t,age_ythadult_yge15,eco_isic4_total,2013,4945.704
bol,sex_t,age_ythadult_yge15,eco_isic4_total,2014,5082.334
bol,sex_t,age_ythadult_yge15,eco_isic4_total,2015,4898.788
bol,sex_t,age_ythadult_yge15,eco_isic4_total,2016,4851.473
bol,sex_t,age_ythadult_yge15,eco_isic4_total,2017,5038.909
bol,sex_t,age_ythadult_yge15,eco_isic4_total,2018,5365.984
bol,sex_t,age_ythadult_yge15,eco_isic4_total,2019,5622.105
bol,sex_t,age_ythadult_yge15,eco_isic4_total,2020,5437.862
bol,sex_t,age_ythadult_yge15,eco_isic4_total,2021,6149.056
bol,sex_t,age_ythadult_yge15,eco_isic4_total,2022,6409.114
bol,sex_t,age_ythadult_yge15,eco_isic4_total,2023,6580.994
bol,sex_t,age_ythadult_yge15,eco_isic4_total,2024,6822.598
bol,sex_t,age_ythadult_yge15,eco_isic4_u,2012,1.812
bol,sex_t,age_ythadult_yge15,eco_isic4_u,2014,1.462
bol,sex_t,age_ythadult_yge15,eco_isic4_u,2015,2.96
bol,sex_t,age_ythadult_yge15,eco_isic4_u,2016,1.411
bol,sex_t,age_ythadult_yge15,eco_isic4_u,2017,1.045
bol,sex_t,age_ythadult_yge15,eco_isic4_u,2018,0.795
bol,sex_t,age_ythadult_yge15,eco_isic4_u,2019,1.135
bol,sex_t,age_ythadult_yge15,eco_isic4_u,2020,2.258
bol,sex_t,age_ythadult_yge15,eco_isic4_u,2021,0.35
bol,sex_t,age_ythadult_yge15,eco_isic4_u,2022,1.337
bol,sex_t,age_ythadult_yge15,eco_isic4_u,2023,0.562
bol,sex_t,age_ythadult_yge15,eco_isic4_u,2024,1.016
bol,sex_t,age_ythadult_yge15,eco_isic4_x,2014,1.522
bol,sex_t,age_ythadult_yge15,eco_isic4_x,2015,4.08
bol,sex_t,age_ythadult_yge15,eco_isic4_x,2017,0.864
bol,sex_t,age_ythadult_yge15,eco_isic4_x,2020,8.782
bol,sex_t,age_ythadult_yge15,eco_isic4_x,2021,7.559
bol,sex_t,age_ythadult_yge15,eco_isic4_x,2022,9.771
bol,sex_t,age_ythadult_yge15,eco_isic4_x,2023,8.709
bol,sex_t,age_ythadult_yge15,eco_isic4_x,2024,13.279
bol,sex_t,age_ythadult_yge15,eco_sector_agr,1991,16.764
bol,sex_t,age_ythadult_yge15,eco_sector_agr,1992,20.615
bol,sex_t,age_ythadult_yge15,eco_sector_agr,1993,19.815
bol,sex_t,age_ythadult_yge15,eco_sector_agr,1994,17.82
bol,sex_t,age_ythadult_yge15,eco_sector_agr,1995,27.142
bol,sex_t,age_ythadult_yge15,eco_sector_agr,1999,7.389
bol,sex_t,age_ythadult_yge15,eco_sector_agr,2000,1244.753
bol,sex_t,age_ythadult_yge15,eco_sector_agr,2001,1462.604
bol,sex_t,age_ythadult_yge15,eco_sector_agr,2002,1404.168
bol,sex_t,age_ythadult_yge15,eco_sector_agr,2005,1385.797
bol,sex_t,age_ythadult_yge15,eco_sector_agr,2006,1513.034
bol,sex_t,age_ythadult_yge15,eco_sector_agr,2007,1438.326
bol,sex_t,age_ythadult_yge15,eco_sector_agr,2008,1426.092
bol,sex_t,age_ythadult_yge15,eco_sector_agr,2009,1420.77
bol,sex_t,age_ythadult_yge15,eco_sector_agr,2011,1591.152
bol,sex_t,age_ythadult_yge15,eco_sector_agr,2012,1448.145
bol,sex_t,age_ythadult_yge15,eco_sector_agr,2013,1620.179
bol,sex_t,age_ythadult_yge15,eco_sector_agr,2014,1574.434
bol,sex_t,age_ythadult_yge15,eco_sector_agr,2015,1452.621
bol,sex_t,age_ythadult_yge15,eco_sector_agr,2016,1442.93
bol,sex_t,age_ythadult_yge15,eco_sector_agr,2017,1536.108
bol,sex_t,age_ythadult_yge15,eco_sector_agr,2018,1667.213
bol,sex_t,age_ythadult_yge15,eco_sector_agr,2019,1541.267
bol,sex_t,age_ythadult_yge15,eco_sector_agr,2020,1628.759
bol,sex_t,age_ythadult_yge15,eco_sector_agr,2021,1697.965
bol,sex_t,age_ythadult_yge15,eco_sector_agr,2022,1587.558
bol,sex_t,age_ythadult_yge15,eco_sector_agr,2023,1648.257
bol,sex_t,age_ythadult_yge15,eco_sector_agr,2024,1581.931
bol,sex_t,age_ythadult_yge15,eco_sector_ind,1989,151.071
bol,sex_t,age_ythadult_yge15,eco_sector_ind,1990,165.745
bol,sex_t,age_ythadult_yge15,eco_sector_ind,1991,282.353
bol,sex_t,age_ythadult_yge15,eco_sector_ind,1992,310.214
bol,sex_t,age_ythadult_yge15,eco_sector_ind,1993,298.519
bol,sex_t,age_ythadult_yge15,eco_sector_ind,1994,341.281
bol,sex_t,age_ythadult_yge15,eco_sector_ind,1995,348.338
bol,sex_t,age_ythadult_yge15,eco_sector_ind,1999,553.901
bol,sex_t,age_ythadult_yge15,eco_sector_ind,2000,663.943
bol,sex_t,age_ythadult_yge15,eco_sector_ind,2001,586.818
bol,sex_t,age_ythadult_yge15,eco_sector_ind,2002,667.316
bol,sex_t,age_ythadult_yge15,eco_sector_ind,2005,803.009
bol,sex_t,age_ythadult_yge15,eco_sector_ind,2006,766.798
bol,sex_t,age_ythadult_yge15,eco_sector_ind,2007,887.848
bol,sex_t,age_ythadult_yge15,eco_sector_ind,2008,919.278
bol,sex_t,age_ythadult_yge15,eco_sector_ind,2009,977.747
bol,sex_t,age_ythadult_yge15,eco_sector_ind,2011,848.863
bol,sex_t,age_ythadult_yge15,eco_sector_ind,2012,837.041
bol,sex_t,age_ythadult_yge15,eco_sector_ind,2013,826.676
bol,sex_t,age_ythadult_yge15,eco_sector_ind,2014,1047.335
bol,sex_t,age_ythadult_yge15,eco_sector_ind,2015,1025.385
bol,sex_t,age_ythadult_yge15,eco_sector_ind,2016,1012.94
bol,sex_t,age_ythadult_yge15,eco_sector_ind,2017,1014.42
bol,sex_t,age_ythadult_yge15,eco_sector_ind,2018,1050.74
bol,sex_t,age_ythadult_yge15,eco_sector_ind,2019,1164.818
bol,sex_t,age_ythadult_yge15,eco_sector_ind,2020,980.581
bol,sex_t,age_ythadult_yge15,eco_sector_ind,2021,1254.806
bol,sex_t,age_ythadult_yge15,eco_sector_ind,2022,1312.706
bol,sex_t,age_ythadult_yge15,eco_sector_ind,2023,1321.918
bol,sex_t,age_ythadult_yge15,eco_sector_ind,2024,1465.369
bol,sex_t,age_ythadult_yge15,eco_sector_nag,1989,869.424
bol,sex_t,age_ythadult_yge15,eco_sector_nag,1990,896.803
bol,sex_t,age_ythadult_yge15,eco_sector_nag,1991,938.595
bol,sex_t,age_ythadult_yge15,eco_sector_nag,1992,968
bol,sex_t,age_ythadult_yge15,eco_sector_nag,1993,1040.326
bol,sex_t,age_ythadult_yge15,eco_sector_nag,1994,1135.497
bol,sex_t,age_ythadult_yge15,eco_sector_nag,1995,1176.282
bol,sex_t,age_ythadult_yge15,eco_sector_nag,1999,3741.761
bol,sex_t,age_ythadult_yge15,eco_sector_nag,2000,2153.265
bol,sex_t,age_ythadult_yge15,eco_sector_nag,2001,2066.905
bol,sex_t,age_ythadult_yge15,eco_sector_nag,2002,2151.847
bol,sex_t,age_ythadult_yge15,eco_sector_nag,2005,2552.774
bol,sex_t,age_ythadult_yge15,eco_sector_nag,2006,2671.22
bol,sex_t,age_ythadult_yge15,eco_sector_nag,2007,2899.462
bol,sex_t,age_ythadult_yge15,eco_sector_nag,2008,3151.3
bol,sex_t,age_ythadult_yge15,eco_sector_nag,2009,3304.43
bol,sex_t,age_ythadult_yge15,eco_sector_nag,2011,3204.694
bol,sex_t,age_ythadult_yge15,eco_sector_nag,2012,3245.159
bol,sex_t,age_ythadult_yge15,eco_sector_nag,2013,3325.525
bol,sex_t,age_ythadult_yge15,eco_sector_nag,2014,3507.9
bol,sex_t,age_ythadult_yge15,eco_sector_nag,2015,3446.167
bol,sex_t,age_ythadult_yge15,eco_sector_nag,2016,3408.543
bol,sex_t,age_ythadult_yge15,eco_sector_nag,2017,3502.801
bol,sex_t,age_ythadult_yge15,eco_sector_nag,2018,3698.771
bol,sex_t,age_ythadult_yge15,eco_sector_nag,2019,4080.838
bol,sex_t,age_ythadult_yge15,eco_sector_nag,2020,3809.103
bol,sex_t,age_ythadult_yge15,eco_sector_nag,2021,4451.091
bol,sex_t,age_ythadult_yge15,eco_sector_nag,2022,4821.556
bol,sex_t,age_ythadult_yge15,eco_sector_nag,2023,4932.736
bol,sex_t,age_ythadult_yge15,eco_sector_nag,2024,5240.668
bol,sex_t,age_ythadult_yge15,eco_sector_ser,1989,696.331
bol,sex_t,age_ythadult_yge15,eco_sector_ser,1990,703.678
bol,sex_t,age_ythadult_yge15,eco_sector_ser,1991,656.184
bol,sex_t,age_ythadult_yge15,eco_sector_ser,1992,656.585
bol,sex_t,age_ythadult_yge15,eco_sector_ser,1993,741.74
bol,sex_t,age_ythadult_yge15,eco_sector_ser,1994,794.045
bol,sex_t,age_ythadult_yge15,eco_sector_ser,1995,826.267
bol,sex_t,age_ythadult_yge15,eco_sector_ser,1999,2971.406
bol,sex_t,age_ythadult_yge15,eco_sector_ser,2000,1457.457
bol,sex_t,age_ythadult_yge15,eco_sector_ser,2001,1452.765
bol,sex_t,age_ythadult_yge15,eco_sector_ser,2002,1484.531
bol,sex_t,age_ythadult_yge15,eco_sector_ser,2005,1749.765
bol,sex_t,age_ythadult_yge15,eco_sector_ser,2006,1904.422
bol,sex_t,age_ythadult_yge15,eco_sector_ser,2007,2011.614
bol,sex_t,age_ythadult_yge15,eco_sector_ser,2008,2230.678
bol,sex_t,age_ythadult_yge15,eco_sector_ser,2009,2326.683
bol,sex_t,age_ythadult_yge15,eco_sector_ser,2011,2355.831
bol,sex_t,age_ythadult_yge15,eco_sector_ser,2012,2408.118
bol,sex_t,age_ythadult_yge15,eco_sector_ser,2013,2498.689
bol,sex_t,age_ythadult_yge15,eco_sector_ser,2014,2459.043
bol,sex_t,age_ythadult_yge15,eco_sector_ser,2015,2416.702
bol,sex_t,age_ythadult_yge15,eco_sector_ser,2016,2395.489
bol,sex_t,age_ythadult_yge15,eco_sector_ser,2017,2487.517
bol,sex_t,age_ythadult_yge15,eco_sector_ser,2018,2648.031
bol,sex_t,age_ythadult_yge15,eco_sector_ser,2019,2916.02
bol,sex_t,age_ythadult_yge15,eco_sector_ser,2020,2819.739
bol,sex_t,age_ythadult_yge15,eco_sector_ser,2021,3188.726
bol,sex_t,age_ythadult_yge15,eco_sector_ser,2022,3499.08
bol,sex_t,age_ythadult_yge15,eco_sector_ser,2023,3602.109
bol,sex_t,age_ythadult_yge15,eco_sector_ser,2024,3762.02
bol,sex_t,age_ythadult_yge15,eco_sector_total,1989,869.424
bol,sex_t,age_ythadult_yge15,eco_sector_total,1990,896.803
bol,sex_t,age_ythadult_yge15,eco_sector_total,1991,955.359
bol,sex_t,age_ythadult_yge15,eco_sector_total,1992,988.615
bol,sex_t,age_ythadult_yge15,eco_sector_total,1993,1060.141
bol,sex_t,age_ythadult_yge15,eco_sector_total,1994,1153.317
bol,sex_t,age_ythadult_yge15,eco_sector_total,1995,1203.424
bol,sex_t,age_ythadult_yge15,eco_sector_total,1999,3749.15
bol,sex_t,age_ythadult_yge15,eco_sector_total,2000,3398.018
bol,sex_t,age_ythadult_yge15,eco_sector_total,2001,3529.509
bol,sex_t,age_ythadult_yge15,eco_sector_total,2002,3556.015
bol,sex_t,age_ythadult_yge15,eco_sector_total,2005,3938.571
bol,sex_t,age_ythadult_yge15,eco_sector_total,2006,4184.254
bol,sex_t,age_ythadult_yge15,eco_sector_total,2007,4337.788
bol,sex_t,age_ythadult_yge15,eco_sector_total,2008,4577.392
bol,sex_t,age_ythadult_yge15,eco_sector_total,2009,4725.2
bol,sex_t,age_ythadult_yge15,eco_sector_total,2011,4795.846
bol,sex_t,age_ythadult_yge15,eco_sector_total,2012,4693.304
bol,sex_t,age_ythadult_yge15,eco_sector_total,2013,4945.704
bol,sex_t,age_ythadult_yge15,eco_sector_total,2014,5082.334
bol,sex_t,age_ythadult_yge15,eco_sector_total,2015,4898.788
bol,sex_t,age_ythadult_yge15,eco_sector_total,2016,4851.473
bol,sex_t,age_ythadult_yge15,eco_sector_total,2017,5038.909
bol,sex_t,age_ythadult_yge15,eco_sector_total,2018,5365.984
bol,sex_t,age_ythadult_yge15,eco_sector_total,2019,5622.105
bol,sex_t,age_ythadult_yge15,eco_sector_total,2020,5437.862
bol,sex_t,age_ythadult_yge15,eco_sector_total,2021,6149.056
bol,sex_t,age_ythadult_yge15,eco_sector_total,2022,6409.114
bol,sex_t,age_ythadult_yge15,eco_sector_total,2023,6580.994
bol,sex_t,age_ythadult_yge15,eco_sector_total,2024,6822.598
bol,sex_t,age_ythadult_yge15,eco_sector_x,1989,22.022
bol,sex_t,age_ythadult_yge15,eco_sector_x,1990,27.38
bol,sex_t,age_ythadult_yge15,eco_sector_x,1992,1.201
bol,sex_t,age_ythadult_yge15,eco_sector_x,1995,1.677
bol,sex_t,age_ythadult_yge15,eco_sector_x,1999,216.454
bol,sex_t,age_ythadult_yge15,eco_sector_x,2000,31.865
bol,sex_t,age_ythadult_yge15,eco_sector_x,2001,27.322
bol,sex_t,age_ythadult_yge15,eco_sector_x,2014,1.522
bol,sex_t,age_ythadult_yge15,eco_sector_x,2015,4.08
bol,sex_t,age_ythadult_yge15,eco_sector_x,2017,0.864
bol,sex_t,age_ythadult_yge15,eco_sector_x,2020,8.782
bol,sex_t,age_ythadult_yge15,eco_sector_x,2021,7.559
bol,sex_t,age_ythadult_yge15,eco_sector_x,2022,9.771
bol,sex_t,age_ythadult_yge15,eco_sector_x,2023,8.709
bol,sex_t,age_ythadult_yge15,eco_sector_x,2024,13.279
bol,sex_t,age_ythadult_yge25,eco_aggregate_agr,1991,13.286
bol,sex_t,age_ythadult_yge25,eco_aggregate_agr,1992,18.098
bol,sex_t,age_ythadult_yge25,eco_aggregate_agr,1993,16.25
bol,sex_t,age_ythadult_yge25,eco_aggregate_agr,1994,14.619
bol,sex_t,age_ythadult_yge25,eco_aggregate_agr,1995,23.05
bol,sex_t,age_ythadult_yge25,eco_aggregate_agr,1999,7.389
bol,sex_t,age_ythadult_yge25,eco_aggregate_agr,2000,943.926
bol,sex_t,age_ythadult_yge25,eco_aggregate_agr,2001,1073.66
bol,sex_t,age_ythadult_yge25,eco_aggregate_agr,2002,1019.144
bol,sex_t,age_ythadult_yge25,eco_aggregate_agr,2005,1088.112
bol,sex_t,age_ythadult_yge25,eco_aggregate_agr,2006,1149.022
bol,sex_t,age_ythadult_yge25,eco_aggregate_agr,2007,1078.406
bol,sex_t,age_ythadult_yge25,eco_aggregate_agr,2008,1107.96
bol,sex_t,age_ythadult_yge25,eco_aggregate_agr,2009,1127.948
bol,sex_t,age_ythadult_yge25,eco_aggregate_agr,2011,1229.278
bol,sex_t,age_ythadult_yge25,eco_aggregate_agr,2012,1142.08
bol,sex_t,age_ythadult_yge25,eco_aggregate_agr,2013,1325.545
bol,sex_t,age_ythadult_yge25,eco_aggregate_agr,2014,1262.401
bol,sex_t,age_ythadult_yge25,eco_aggregate_agr,2015,1193.887
bol,sex_t,age_ythadult_yge25,eco_aggregate_agr,2016,1165.909
bol,sex_t,age_ythadult_yge25,eco_aggregate_agr,2017,1241.925
bol,sex_t,age_ythadult_yge25,eco_aggregate_agr,2018,1361.338
bol,sex_t,age_ythadult_yge25,eco_aggregate_agr,2019,1266.111
bol,sex_t,age_ythadult_yge25,eco_aggregate_agr,2020,1337.268
bol,sex_t,age_ythadult_yge25,eco_aggregate_agr,2021,1361.762
bol,sex_t,age_ythadult_yge25,eco_aggregate_agr,2022,1284.78
bol,sex_t,age_ythadult_yge25,eco_aggregate_agr,2023,1342.378
bol,sex_t,age_ythadult_yge25,eco_aggregate_agr,2024,1311.798
bol,sex_t,age_ythadult_yge25,eco_aggregate_con,1991,61.937
bol,sex_t,age_ythadult_yge25,eco_aggregate_con,1992,68.923
bol,sex_t,age_ythadult_yge25,eco_aggregate_con,1993,65.17
bol,sex_t,age_ythadult_yge25,eco_aggregate_con,1994,84.072
bol,sex_t,age_ythadult_yge25,eco_aggregate_con,1995,77.69
bol,sex_t,age_ythadult_yge25,eco_aggregate_con,2000,179.534
bol,sex_t,age_ythadult_yge25,eco_aggregate_con,2001,146.883
bol,sex_t,age_ythadult_yge25,eco_aggregate_con,2002,163.82
bol,sex_t,age_ythadult_yge25,eco_aggregate_con,2005,223.201
bol,sex_t,age_ythadult_yge25,eco_aggregate_con,2006,179.244
bol,sex_t,age_ythadult_yge25,eco_aggregate_con,2007,222.977
bol,sex_t,age_ythadult_yge25,eco_aggregate_con,2008,255.987
bol,sex_t,age_ythadult_yge25,eco_aggregate_con,2009,280.562
bol,sex_t,age_ythadult_yge25,eco_aggregate_con,2011,276.79
bol,sex_t,age_ythadult_yge25,eco_aggregate_con,2012,284.457
bol,sex_t,age_ythadult_yge25,eco_aggregate_con,2013,267.48
bol,sex_t,age_ythadult_yge25,eco_aggregate_con,2014,336.203
bol,sex_t,age_ythadult_yge25,eco_aggregate_con,2015,361.532
bol,sex_t,age_ythadult_yge25,eco_aggregate_con,2016,329.374
bol,sex_t,age_ythadult_yge25,eco_aggregate_con,2017,334.428
bol,sex_t,age_ythadult_yge25,eco_aggregate_con,2018,321.009
bol,sex_t,age_ythadult_yge25,eco_aggregate_con,2019,354.453
bol,sex_t,age_ythadult_yge25,eco_aggregate_con,2020,349.277
bol,sex_t,age_ythadult_yge25,eco_aggregate_con,2021,361.054
bol,sex_t,age_ythadult_yge25,eco_aggregate_con,2022,390.602
bol,sex_t,age_ythadult_yge25,eco_aggregate_con,2023,381.32
bol,sex_t,age_ythadult_yge25,eco_aggregate_con,2024,409.197
bol,sex_t,age_ythadult_yge25,eco_aggregate_man,1989,98.422
bol,sex_t,age_ythadult_yge25,eco_aggregate_man,1990,108.86
bol,sex_t,age_ythadult_yge25,eco_aggregate_man,1991,122.866
bol,sex_t,age_ythadult_yge25,eco_aggregate_man,1992,139.026
bol,sex_t,age_ythadult_yge25,eco_aggregate_man,1993,135.928
bol,sex_t,age_ythadult_yge25,eco_aggregate_man,1994,147.269
bol,sex_t,age_ythadult_yge25,eco_aggregate_man,1995,152.715
bol,sex_t,age_ythadult_yge25,eco_aggregate_man,1999,334.805
bol,sex_t,age_ythadult_yge25,eco_aggregate_man,2000,258.855
bol,sex_t,age_ythadult_yge25,eco_aggregate_man,2001,246.981
bol,sex_t,age_ythadult_yge25,eco_aggregate_man,2002,326.581
bol,sex_t,age_ythadult_yge25,eco_aggregate_man,2005,339.437
bol,sex_t,age_ythadult_yge25,eco_aggregate_man,2006,350.543
bol,sex_t,age_ythadult_yge25,eco_aggregate_man,2007,384.815
bol,sex_t,age_ythadult_yge25,eco_aggregate_man,2008,408.469
bol,sex_t,age_ythadult_yge25,eco_aggregate_man,2009,415.974
bol,sex_t,age_ythadult_yge25,eco_aggregate_man,2011,261.417
bol,sex_t,age_ythadult_yge25,eco_aggregate_man,2012,261.683
bol,sex_t,age_ythadult_yge25,eco_aggregate_man,2013,264.788
bol,sex_t,age_ythadult_yge25,eco_aggregate_man,2014,369.173
bol,sex_t,age_ythadult_yge25,eco_aggregate_man,2015,341.946
bol,sex_t,age_ythadult_yge25,eco_aggregate_man,2016,390.55
bol,sex_t,age_ythadult_yge25,eco_aggregate_man,2017,408.231
bol,sex_t,age_ythadult_yge25,eco_aggregate_man,2018,438.293
bol,sex_t,age_ythadult_yge25,eco_aggregate_man,2019,511.891
bol,sex_t,age_ythadult_yge25,eco_aggregate_man,2020,396.141
bol,sex_t,age_ythadult_yge25,eco_aggregate_man,2021,555.351
bol,sex_t,age_ythadult_yge25,eco_aggregate_man,2022,584.161
bol,sex_t,age_ythadult_yge25,eco_aggregate_man,2023,614.362
bol,sex_t,age_ythadult_yge25,eco_aggregate_man,2024,685.885
bol,sex_t,age_ythadult_yge25,eco_aggregate_mel,1989,20.178
bol,sex_t,age_ythadult_yge25,eco_aggregate_mel,1990,13.751
bol,sex_t,age_ythadult_yge25,eco_aggregate_mel,1991,24.199
bol,sex_t,age_ythadult_yge25,eco_aggregate_mel,1992,23.04
bol,sex_t,age_ythadult_yge25,eco_aggregate_mel,1993,17.08
bol,sex_t,age_ythadult_yge25,eco_aggregate_mel,1994,17.457
bol,sex_t,age_ythadult_yge25,eco_aggregate_mel,1995,21.643
bol,sex_t,age_ythadult_yge25,eco_aggregate_mel,1999,152.66
bol,sex_t,age_ythadult_yge25,eco_aggregate_mel,2000,56.951
bol,sex_t,age_ythadult_yge25,eco_aggregate_mel,2001,52.054
bol,sex_t,age_ythadult_yge25,eco_aggregate_mel,2002,40.58
bol,sex_t,age_ythadult_yge25,eco_aggregate_mel,2005,67.62
bol,sex_t,age_ythadult_yge25,eco_aggregate_mel,2006,55.132
bol,sex_t,age_ythadult_yge25,eco_aggregate_mel,2007,67.483
bol,sex_t,age_ythadult_yge25,eco_aggregate_mel,2008,60.075
bol,sex_t,age_ythadult_yge25,eco_aggregate_mel,2009,50.934
bol,sex_t,age_ythadult_yge25,eco_aggregate_mel,2011,109.85
bol,sex_t,age_ythadult_yge25,eco_aggregate_mel,2012,128.066
bol,sex_t,age_ythadult_yge25,eco_aggregate_mel,2013,124.416
bol,sex_t,age_ythadult_yge25,eco_aggregate_mel,2014,102.481
bol,sex_t,age_ythadult_yge25,eco_aggregate_mel,2015,112.737
bol,sex_t,age_ythadult_yge25,eco_aggregate_mel,2016,91.638
bol,sex_t,age_ythadult_yge25,eco_aggregate_mel,2017,76.958
bol,sex_t,age_ythadult_yge25,eco_aggregate_mel,2018,93.318
bol,sex_t,age_ythadult_yge25,eco_aggregate_mel,2019,79.172
bol,sex_t,age_ythadult_yge25,eco_aggregate_mel,2020,68.128
bol,sex_t,age_ythadult_yge25,eco_aggregate_mel,2021,81.502
bol,sex_t,age_ythadult_yge25,eco_aggregate_mel,2022,91.121
bol,sex_t,age_ythadult_yge25,eco_aggregate_mel,2023,88.938
bol,sex_t,age_ythadult_yge25,eco_aggregate_mel,2024,101.846
bol,sex_t,age_ythadult_yge25,eco_aggregate_mkt,1989,294.188
bol,sex_t,age_ythadult_yge25,eco_aggregate_mkt,1990,284.14
bol,sex_t,age_ythadult_yge25,eco_aggregate_mkt,1991,304.992
bol,sex_t,age_ythadult_yge25,eco_aggregate_mkt,1992,314.499
bol,sex_t,age_ythadult_yge25,eco_aggregate_mkt,1993,358.846
bol,sex_t,age_ythadult_yge25,eco_aggregate_mkt,1994,399.105
bol,sex_t,age_ythadult_yge25,eco_aggregate_mkt,1995,407.541
bol,sex_t,age_ythadult_yge25,eco_aggregate_mkt,1999,2030.805
bol,sex_t,age_ythadult_yge25,eco_aggregate_mkt,2000,752.572
bol,sex_t,age_ythadult_yge25,eco_aggregate_mkt,2001,716.452
bol,sex_t,age_ythadult_yge25,eco_aggregate_mkt,2002,744.132
bol,sex_t,age_ythadult_yge25,eco_aggregate_mkt,2005,928.487
bol,sex_t,age_ythadult_yge25,eco_aggregate_mkt,2006,959.097
bol,sex_t,age_ythadult_yge25,eco_aggregate_mkt,2007,1007.406
bol,sex_t,age_ythadult_yge25,eco_aggregate_mkt,2008,1209.838
bol,sex_t,age_ythadult_yge25,eco_aggregate_mkt,2009,1187.547
bol,sex_t,age_ythadult_yge25,eco_aggregate_mkt,2011,1240.31
bol,sex_t,age_ythadult_yge25,eco_aggregate_mkt,2012,1332.715
bol,sex_t,age_ythadult_yge25,eco_aggregate_mkt,2013,1344.891
bol,sex_t,age_ythadult_yge25,eco_aggregate_mkt,2014,1366.899
bol,sex_t,age_ythadult_yge25,eco_aggregate_mkt,2015,1396.687
bol,sex_t,age_ythadult_yge25,eco_aggregate_mkt,2016,1370.792
bol,sex_t,age_ythadult_yge25,eco_aggregate_mkt,2017,1445.015
bol,sex_t,age_ythadult_yge25,eco_aggregate_mkt,2018,1536.996
bol,sex_t,age_ythadult_yge25,eco_aggregate_mkt,2019,1666.503
bol,sex_t,age_ythadult_yge25,eco_aggregate_mkt,2020,1739.238
bol,sex_t,age_ythadult_yge25,eco_aggregate_mkt,2021,1833.445
bol,sex_t,age_ythadult_yge25,eco_aggregate_mkt,2022,2015.423
bol,sex_t,age_ythadult_yge25,eco_aggregate_mkt,2023,2051.457
bol,sex_t,age_ythadult_yge25,eco_aggregate_mkt,2024,2131.816
bol,sex_t,age_ythadult_yge25,eco_aggregate_pub,1989,253.313
bol,sex_t,age_ythadult_yge25,eco_aggregate_pub,1990,265.591
bol,sex_t,age_ythadult_yge25,eco_aggregate_pub,1991,206.546
bol,sex_t,age_ythadult_yge25,eco_aggregate_pub,1992,197.401
bol,sex_t,age_ythadult_yge25,eco_aggregate_pub,1993,207.085
bol,sex_t,age_ythadult_yge25,eco_aggregate_pub,1994,218.463
bol,sex_t,age_ythadult_yge25,eco_aggregate_pub,1995,224.481
bol,sex_t,age_ythadult_yge25,eco_aggregate_pub,1999,203.432
bol,sex_t,age_ythadult_yge25,eco_aggregate_pub,2000,429.572
bol,sex_t,age_ythadult_yge25,eco_aggregate_pub,2001,393.617
bol,sex_t,age_ythadult_yge25,eco_aggregate_pub,2002,419.564
bol,sex_t,age_ythadult_yge25,eco_aggregate_pub,2005,492.502
bol,sex_t,age_ythadult_yge25,eco_aggregate_pub,2006,574.371
bol,sex_t,age_ythadult_yge25,eco_aggregate_pub,2007,660.918
bol,sex_t,age_ythadult_yge25,eco_aggregate_pub,2008,598.488
bol,sex_t,age_ythadult_yge25,eco_aggregate_pub,2009,711.461
bol,sex_t,age_ythadult_yge25,eco_aggregate_pub,2011,693.034
bol,sex_t,age_ythadult_yge25,eco_aggregate_pub,2012,684.484
bol,sex_t,age_ythadult_yge25,eco_aggregate_pub,2013,776.118
bol,sex_t,age_ythadult_yge25,eco_aggregate_pub,2014,672.502
bol,sex_t,age_ythadult_yge25,eco_aggregate_pub,2015,649.578
bol,sex_t,age_ythadult_yge25,eco_aggregate_pub,2016,654.527
bol,sex_t,age_ythadult_yge25,eco_aggregate_pub,2017,661.486
bol,sex_t,age_ythadult_yge25,eco_aggregate_pub,2018,678.262
bol,sex_t,age_ythadult_yge25,eco_aggregate_pub,2019,751.196
bol,sex_t,age_ythadult_yge25,eco_aggregate_pub,2020,726.636
bol,sex_t,age_ythadult_yge25,eco_aggregate_pub,2021,742.331
bol,sex_t,age_ythadult_yge25,eco_aggregate_pub,2022,805.746
bol,sex_t,age_ythadult_yge25,eco_aggregate_pub,2023,874.705
bol,sex_t,age_ythadult_yge25,eco_aggregate_pub,2024,903.243
bol,sex_t,age_ythadult_yge25,eco_aggregate_total,1989,682.221
bol,sex_t,age_ythadult_yge25,eco_aggregate_total,1990,691.812
bol,sex_t,age_ythadult_yge25,eco_aggregate_total,1991,733.861
bol,sex_t,age_ythadult_yge25,eco_aggregate_total,1992,762.017
bol,sex_t,age_ythadult_yge25,eco_aggregate_total,1993,800.426
bol,sex_t,age_ythadult_yge25,eco_aggregate_total,1994,881.156
bol,sex_t,age_ythadult_yge25,eco_aggregate_total,1995,908.728
bol,sex_t,age_ythadult_yge25,eco_aggregate_total,1999,2903.486
bol,sex_t,age_ythadult_yge25,eco_aggregate_total,2000,2644.417
bol,sex_t,age_ythadult_yge25,eco_aggregate_total,2001,2648.543
bol,sex_t,age_ythadult_yge25,eco_aggregate_total,2002,2713.821
bol,sex_t,age_ythadult_yge25,eco_aggregate_total,2005,3139.359
bol,sex_t,age_ythadult_yge25,eco_aggregate_total,2006,3267.409
bol,sex_t,age_ythadult_yge25,eco_aggregate_total,2007,3422.005
bol,sex_t,age_ythadult_yge25,eco_aggregate_total,2008,3642.161
bol,sex_t,age_ythadult_yge25,eco_aggregate_total,2009,3774.426
bol,sex_t,age_ythadult_yge25,eco_aggregate_total,2011,3810.679
bol,sex_t,age_ythadult_yge25,eco_aggregate_total,2012,3833.485
bol,sex_t,age_ythadult_yge25,eco_aggregate_total,2013,4103.398
bol,sex_t,age_ythadult_yge25,eco_aggregate_total,2014,4110.865
bol,sex_t,age_ythadult_yge25,eco_aggregate_total,2015,4058.664
bol,sex_t,age_ythadult_yge25,eco_aggregate_total,2016,4002.87
bol,sex_t,age_ythadult_yge25,eco_aggregate_total,2017,4168.33
bol,sex_t,age_ythadult_yge25,eco_aggregate_total,2018,4429.215
bol,sex_t,age_ythadult_yge25,eco_aggregate_total,2019,4629.326
bol,sex_t,age_ythadult_yge25,eco_aggregate_total,2020,4622.993
bol,sex_t,age_ythadult_yge25,eco_aggregate_total,2021,4940.301
bol,sex_t,age_ythadult_yge25,eco_aggregate_total,2022,5178.239
bol,sex_t,age_ythadult_yge25,eco_aggregate_total,2023,5358.364
bol,sex_t,age_ythadult_yge25,eco_aggregate_total,2024,5551.906
bol,sex_t,age_ythadult_yge25,eco_aggregate_x,1989,16.119
bol,sex_t,age_ythadult_yge25,eco_aggregate_x,1990,19.47
bol,sex_t,age_ythadult_yge25,eco_aggregate_x,1992,1.03
bol,sex_t,age_ythadult_yge25,eco_aggregate_x,1995,1.608
bol,sex_t,age_ythadult_yge25,eco_aggregate_x,1999,174.395
bol,sex_t,age_ythadult_yge25,eco_aggregate_x,2000,23.007
bol,sex_t,age_ythadult_yge25,eco_aggregate_x,2001,18.896
bol,sex_t,age_ythadult_yge25,eco_aggregate_x,2014,1.206
bol,sex_t,age_ythadult_yge25,eco_aggregate_x,2015,2.297
bol,sex_t,age_ythadult_yge25,eco_aggregate_x,2017,0.287
bol,sex_t,age_ythadult_yge25,eco_aggregate_x,2020,6.304
bol,sex_t,age_ythadult_yge25,eco_aggregate_x,2021,4.856
bol,sex_t,age_ythadult_yge25,eco_aggregate_x,2022,6.407
bol,sex_t,age_ythadult_yge25,eco_aggregate_x,2023,5.204
bol,sex_t,age_ythadult_yge25,eco_aggregate_x,2024,8.12
bol,sex_t,age_ythadult_yge25,eco_isic3_a,1991,13.233
bol,sex_t,age_ythadult_yge25,eco_isic3_a,1992,18.098
bol,sex_t,age_ythadult_yge25,eco_isic3_a,1993,16.192
bol,sex_t,age_ythadult_yge25,eco_isic3_a,1994,14.48
bol,sex_t,age_ythadult_yge25,eco_isic3_a,1995,22.974
bol,sex_t,age_ythadult_yge25,eco_isic3_a,1999,7.389
bol,sex_t,age_ythadult_yge25,eco_isic3_a,2000,943.926
bol,sex_t,age_ythadult_yge25,eco_isic3_a,2001,1073.66
bol,sex_t,age_ythadult_yge25,eco_isic3_a,2002,1016.592
bol,sex_t,age_ythadult_yge25,eco_isic3_a,2005,1083.558
bol,sex_t,age_ythadult_yge25,eco_isic3_a,2006,1143.246
bol,sex_t,age_ythadult_yge25,eco_isic3_a,2007,1077.021
bol,sex_t,age_ythadult_yge25,eco_isic3_a,2008,1103.453
bol,sex_t,age_ythadult_yge25,eco_isic3_a,2009,1122.447
bol,sex_t,age_ythadult_yge25,eco_isic3_b,2002,2.552
bol,sex_t,age_ythadult_yge25,eco_isic3_b,2005,4.554
bol,sex_t,age_ythadult_yge25,eco_isic3_b,2006,5.776
bol,sex_t,age_ythadult_yge25,eco_isic3_b,2008,4.507
bol,sex_t,age_ythadult_yge25,eco_isic3_b,2009,5.501
bol,sex_t,age_ythadult_yge25,eco_isic3_c,1989,16.899
bol,sex_t,age_ythadult_yge25,eco_isic3_c,1990,10.486
bol,sex_t,age_ythadult_yge25,eco_isic3_c,1991,17.942
bol,sex_t,age_ythadult_yge25,eco_isic3_c,1992,16.598
bol,sex_t,age_ythadult_yge25,eco_isic3_c,1993,12.968
bol,sex_t,age_ythadult_yge25,eco_isic3_c,1994,12.838
bol,sex_t,age_ythadult_yge25,eco_isic3_c,1995,16.947
bol,sex_t,age_ythadult_yge25,eco_isic3_c,1999,77.616
bol,sex_t,age_ythadult_yge25,eco_isic3_c,2000,42.922
bol,sex_t,age_ythadult_yge25,eco_isic3_c,2001,42.234
bol,sex_t,age_ythadult_yge25,eco_isic3_c,2002,33.017
bol,sex_t,age_ythadult_yge25,eco_isic3_c,2005,54.063
bol,sex_t,age_ythadult_yge25,eco_isic3_c,2006,44.556
bol,sex_t,age_ythadult_yge25,eco_isic3_c,2007,55.966
bol,sex_t,age_ythadult_yge25,eco_isic3_c,2008,43.758
bol,sex_t,age_ythadult_yge25,eco_isic3_c,2009,40.84
bol,sex_t,age_ythadult_yge25,eco_isic3_d,1989,98.422
bol,sex_t,age_ythadult_yge25,eco_isic3_d,1990,108.86
bol,sex_t,age_ythadult_yge25,eco_isic3_d,1991,122.866
bol,sex_t,age_ythadult_yge25,eco_isic3_d,1992,139.026
bol,sex_t,age_ythadult_yge25,eco_isic3_d,1993,135.928
bol,sex_t,age_ythadult_yge25,eco_isic3_d,1994,147.269
bol,sex_t,age_ythadult_yge25,eco_isic3_d,1995,152.715
bol,sex_t,age_ythadult_yge25,eco_isic3_d,1999,334.805
bol,sex_t,age_ythadult_yge25,eco_isic3_d,2000,258.855
bol,sex_t,age_ythadult_yge25,eco_isic3_d,2001,246.981
bol,sex_t,age_ythadult_yge25,eco_isic3_d,2002,326.581
bol,sex_t,age_ythadult_yge25,eco_isic3_d,2005,339.437
bol,sex_t,age_ythadult_yge25,eco_isic3_d,2006,350.543
bol,sex_t,age_ythadult_yge25,eco_isic3_d,2007,384.815
bol,sex_t,age_ythadult_yge25,eco_isic3_d,2008,408.469
bol,sex_t,age_ythadult_yge25,eco_isic3_d,2009,415.974
bol,sex_t,age_ythadult_yge25,eco_isic3_e,1989,3.279
bol,sex_t,age_ythadult_yge25,eco_isic3_e,1990,3.265
bol,sex_t,age_ythadult_yge25,eco_isic3_e,1991,6.257
bol,sex_t,age_ythadult_yge25,eco_isic3_e,1992,6.442
bol,sex_t,age_ythadult_yge25,eco_isic3_e,1993,4.112
bol,sex_t,age_ythadult_yge25,eco_isic3_e,1994,4.619
bol,sex_t,age_ythadult_yge25,eco_isic3_e,1995,4.696
bol,sex_t,age_ythadult_yge25,eco_isic3_e,1999,75.044
bol,sex_t,age_ythadult_yge25,eco_isic3_e,2000,14.029
bol,sex_t,age_ythadult_yge25,eco_isic3_e,2001,9.82
bol,sex_t,age_ythadult_yge25,eco_isic3_e,2002,7.563
bol,sex_t,age_ythadult_yge25,eco_isic3_e,2005,13.557
bol,sex_t,age_ythadult_yge25,eco_isic3_e,2006,10.576
bol,sex_t,age_ythadult_yge25,eco_isic3_e,2007,11.517
bol,sex_t,age_ythadult_yge25,eco_isic3_e,2008,16.317
bol,sex_t,age_ythadult_yge25,eco_isic3_e,2009,10.094
bol,sex_t,age_ythadult_yge25,eco_isic3_f,1991,61.937
bol,sex_t,age_ythadult_yge25,eco_isic3_f,1992,68.923
bol,sex_t,age_ythadult_yge25,eco_isic3_f,1993,65.17
bol,sex_t,age_ythadult_yge25,eco_isic3_f,1994,84.072
bol,sex_t,age_ythadult_yge25,eco_isic3_f,1995,77.69
bol,sex_t,age_ythadult_yge25,eco_isic3_f,2000,179.534
bol,sex_t,age_ythadult_yge25,eco_isic3_f,2001,146.883
bol,sex_t,age_ythadult_yge25,eco_isic3_f,2002,163.82
bol,sex_t,age_ythadult_yge25,eco_isic3_f,2005,223.201
bol,sex_t,age_ythadult_yge25,eco_isic3_f,2006,179.244
bol,sex_t,age_ythadult_yge25,eco_isic3_f,2007,222.977
bol,sex_t,age_ythadult_yge25,eco_isic3_f,2008,255.987
bol,sex_t,age_ythadult_yge25,eco_isic3_f,2009,280.562
bol,sex_t,age_ythadult_yge25,eco_isic3_g,1989,47.22
bol,sex_t,age_ythadult_yge25,eco_isic3_g,1990,44.87
bol,sex_t,age_ythadult_yge25,eco_isic3_g,1991,191.202
bol,sex_t,age_ythadult_yge25,eco_isic3_g,1992,195.734
bol,sex_t,age_ythadult_yge25,eco_isic3_g,1993,210.058
bol,sex_t,age_ythadult_yge25,eco_isic3_g,1994,241.378
bol,sex_t,age_ythadult_yge25,eco_isic3_g,1995,251.521
bol,sex_t,age_ythadult_yge25,eco_isic3_g,1999,426.798
bol,sex_t,age_ythadult_yge25,eco_isic3_g,2000,432.404
bol,sex_t,age_ythadult_yge25,eco_isic3_g,2001,378.57
bol,sex_t,age_ythadult_yge25,eco_isic3_g,2002,411.09
bol,sex_t,age_ythadult_yge25,eco_isic3_g,2005,505.103
bol,sex_t,age_ythadult_yge25,eco_isic3_g,2006,495.668
bol,sex_t,age_ythadult_yge25,eco_isic3_g,2007,522.682
bol,sex_t,age_ythadult_yge25,eco_isic3_g,2008,650.273
bol,sex_t,age_ythadult_yge25,eco_isic3_g,2009,587.585
bol,sex_t,age_ythadult_yge25,eco_isic3_h,1991,30.288
bol,sex_t,age_ythadult_yge25,eco_isic3_h,1992,27.905
bol,sex_t,age_ythadult_yge25,eco_isic3_h,1993,39.202
bol,sex_t,age_ythadult_yge25,eco_isic3_h,1994,49.051
bol,sex_t,age_ythadult_yge25,eco_isic3_h,1995,46.151
bol,sex_t,age_ythadult_yge25,eco_isic3_h,2000,90.345
bol,sex_t,age_ythadult_yge25,eco_isic3_h,2001,91.678
bol,sex_t,age_ythadult_yge25,eco_isic3_h,2002,122.847
bol,sex_t,age_ythadult_yge25,eco_isic3_h,2005,120.475
bol,sex_t,age_ythadult_yge25,eco_isic3_h,2006,124.623
bol,sex_t,age_ythadult_yge25,eco_isic3_h,2007,124.468
bol,sex_t,age_ythadult_yge25,eco_isic3_h,2008,150.66
bol,sex_t,age_ythadult_yge25,eco_isic3_h,2009,155.852
bol,sex_t,age_ythadult_yge25,eco_isic3_i,1989,191.893
bol,sex_t,age_ythadult_yge25,eco_isic3_i,1990,185.391
bol,sex_t,age_ythadult_yge25,eco_isic3_i,1991,54.535
bol,sex_t,age_ythadult_yge25,eco_isic3_i,1992,60.419
bol,sex_t,age_ythadult_yge25,eco_isic3_i,1993,72.883
bol,sex_t,age_ythadult_yge25,eco_isic3_i,1994,70.097
bol,sex_t,age_ythadult_yge25,eco_isic3_i,1995,71.855
bol,sex_t,age_ythadult_yge25,eco_isic3_i,1999,1117.957
bol,sex_t,age_ythadult_yge25,eco_isic3_i,2000,129.446
bol,sex_t,age_ythadult_yge25,eco_isic3_i,2001,149.894
bol,sex_t,age_ythadult_yge25,eco_isic3_i,2002,131.681
bol,sex_t,age_ythadult_yge25,eco_isic3_i,2005,211.025
bol,sex_t,age_ythadult_yge25,eco_isic3_i,2006,191.918
bol,sex_t,age_ythadult_yge25,eco_isic3_i,2007,224.392
bol,sex_t,age_ythadult_yge25,eco_isic3_i,2008,261.8
bol,sex_t,age_ythadult_yge25,eco_isic3_i,2009,267.105
bol,sex_t,age_ythadult_yge25,eco_isic3_j,1991,8.278
bol,sex_t,age_ythadult_yge25,eco_isic3_j,1992,6.467
bol,sex_t,age_ythadult_yge25,eco_isic3_j,1993,11.006
bol,sex_t,age_ythadult_yge25,eco_isic3_j,1994,9.81
bol,sex_t,age_ythadult_yge25,eco_isic3_j,1995,11.193
bol,sex_t,age_ythadult_yge25,eco_isic3_j,2000,19.242
bol,sex_t,age_ythadult_yge25,eco_isic3_j,2001,19.949
bol,sex_t,age_ythadult_yge25,eco_isic3_j,2002,16.326
bol,sex_t,age_ythadult_yge25,eco_isic3_j,2005,8.81
bol,sex_t,age_ythadult_yge25,eco_isic3_j,2006,21.895
bol,sex_t,age_ythadult_yge25,eco_isic3_j,2007,20.567
bol,sex_t,age_ythadult_yge25,eco_isic3_j,2008,27.515
bol,sex_t,age_ythadult_yge25,eco_isic3_j,2009,33.835
bol,sex_t,age_ythadult_yge25,eco_isic3_k,1989,55.076
bol,sex_t,age_ythadult_yge25,eco_isic3_k,1990,53.879
bol,sex_t,age_ythadult_yge25,eco_isic3_k,1991,20.689
bol,sex_t,age_ythadult_yge25,eco_isic3_k,1992,23.974
bol,sex_t,age_ythadult_yge25,eco_isic3_k,1993,25.697
bol,sex_t,age_ythadult_yge25,eco_isic3_k,1994,28.769
bol,sex_t,age_ythadult_yge25,eco_isic3_k,1995,26.821
bol,sex_t,age_ythadult_yge25,eco_isic3_k,1999,486.05
bol,sex_t,age_ythadult_yge25,eco_isic3_k,2000,81.135
bol,sex_t,age_ythadult_yge25,eco_isic3_k,2001,76.361
bol,sex_t,age_ythadult_yge25,eco_isic3_k,2002,62.188
bol,sex_t,age_ythadult_yge25,eco_isic3_k,2005,83.074
bol,sex_t,age_ythadult_yge25,eco_isic3_k,2006,124.993
bol,sex_t,age_ythadult_yge25,eco_isic3_k,2007,115.297
bol,sex_t,age_ythadult_yge25,eco_isic3_k,2008,119.59
bol,sex_t,age_ythadult_yge25,eco_isic3_k,2009,143.17
bol,sex_t,age_ythadult_yge25,eco_isic3_l,1991,50.523
bol,sex_t,age_ythadult_yge25,eco_isic3_l,1992,51.271
bol,sex_t,age_ythadult_yge25,eco_isic3_l,1993,50.96
bol,sex_t,age_ythadult_yge25,eco_isic3_l,1994,50.633
bol,sex_t,age_ythadult_yge25,eco_isic3_l,1995,49.644
bol,sex_t,age_ythadult_yge25,eco_isic3_l,2000,70.369
bol,sex_t,age_ythadult_yge25,eco_isic3_l,2001,61.054
bol,sex_t,age_ythadult_yge25,eco_isic3_l,2002,69.008
bol,sex_t,age_ythadult_yge25,eco_isic3_l,2005,80.559
bol,sex_t,age_ythadult_yge25,eco_isic3_l,2006,98.555
bol,sex_t,age_ythadult_yge25,eco_isic3_l,2007,136.611
bol,sex_t,age_ythadult_yge25,eco_isic3_l,2008,140.409
bol,sex_t,age_ythadult_yge25,eco_isic3_l,2009,125.419
bol,sex_t,age_ythadult_yge25,eco_isic3_m,1989,19.251
bol,sex_t,age_ythadult_yge25,eco_isic3_m,1990,24.376
bol,sex_t,age_ythadult_yge25,eco_isic3_m,1991,62.217
bol,sex_t,age_ythadult_yge25,eco_isic3_m,1992,57.085
bol,sex_t,age_ythadult_yge25,eco_isic3_m,1993,62.989
bol,sex_t,age_ythadult_yge25,eco_isic3_m,1994,67.3
bol,sex_t,age_ythadult_yge25,eco_isic3_m,1995,66.923
bol,sex_t,age_ythadult_yge25,eco_isic3_m,2000,150.163
bol,sex_t,age_ythadult_yge25,eco_isic3_m,2001,132.48
bol,sex_t,age_ythadult_yge25,eco_isic3_m,2002,134.77
bol,sex_t,age_ythadult_yge25,eco_isic3_m,2005,179.504
bol,sex_t,age_ythadult_yge25,eco_isic3_m,2006,201.304
bol,sex_t,age_ythadult_yge25,eco_isic3_m,2007,209.373
bol,sex_t,age_ythadult_yge25,eco_isic3_m,2008,207.158
bol,sex_t,age_ythadult_yge25,eco_isic3_m,2009,262.422
bol,sex_t,age_ythadult_yge25,eco_isic3_n,1991,23.233
bol,sex_t,age_ythadult_yge25,eco_isic3_n,1992,21.806
bol,sex_t,age_ythadult_yge25,eco_isic3_n,1993,29.116
bol,sex_t,age_ythadult_yge25,eco_isic3_n,1994,28.366
bol,sex_t,age_ythadult_yge25,eco_isic3_n,1995,31.126
bol,sex_t,age_ythadult_yge25,eco_isic3_n,2000,46.726
bol,sex_t,age_ythadult_yge25,eco_isic3_n,2001,54.079
bol,sex_t,age_ythadult_yge25,eco_isic3_n,2002,57.578
bol,sex_t,age_ythadult_yge25,eco_isic3_n,2005,56.446
bol,sex_t,age_ythadult_yge25,eco_isic3_n,2006,86.54
bol,sex_t,age_ythadult_yge25,eco_isic3_n,2007,95.718
bol,sex_t,age_ythadult_yge25,eco_isic3_n,2008,90.255
bol,sex_t,age_ythadult_yge25,eco_isic3_n,2009,112.808
bol,sex_t,age_ythadult_yge25,eco_isic3_o,1989,138.608
bol,sex_t,age_ythadult_yge25,eco_isic3_o,1990,143.45
bol,sex_t,age_ythadult_yge25,eco_isic3_o,1991,42.822
bol,sex_t,age_ythadult_yge25,eco_isic3_o,1992,38.063
bol,sex_t,age_ythadult_yge25,eco_isic3_o,1993,26.436
bol,sex_t,age_ythadult_yge25,eco_isic3_o,1994,34.146
bol,sex_t,age_ythadult_yge25,eco_isic3_o,1995,33.74
bol,sex_t,age_ythadult_yge25,eco_isic3_o,1999,203.432
bol,sex_t,age_ythadult_yge25,eco_isic3_o,2000,82.163
bol,sex_t,age_ythadult_yge25,eco_isic3_o,2001,73.468
bol,sex_t,age_ythadult_yge25,eco_isic3_o,2002,86.1
bol,sex_t,age_ythadult_yge25,eco_isic3_o,2005,120.796
bol,sex_t,age_ythadult_yge25,eco_isic3_o,2006,111.629
bol,sex_t,age_ythadult_yge25,eco_isic3_o,2007,115.583
bol,sex_t,age_ythadult_yge25,eco_isic3_o,2008,89.073
bol,sex_t,age_ythadult_yge25,eco_isic3_o,2009,118.045
bol,sex_t,age_ythadult_yge25,eco_isic3_p,1989,95.454
bol,sex_t,age_ythadult_yge25,eco_isic3_p,1990,97.765
bol,sex_t,age_ythadult_yge25,eco_isic3_p,1991,25.132
bol,sex_t,age_ythadult_yge25,eco_isic3_p,1992,23.46
bol,sex_t,age_ythadult_yge25,eco_isic3_p,1993,36.085
bol,sex_t,age_ythadult_yge25,eco_isic3_p,1994,35.274
bol,sex_t,age_ythadult_yge25,eco_isic3_p,1995,40.067
bol,sex_t,age_ythadult_yge25,eco_isic3_p,2000,78.03
bol,sex_t,age_ythadult_yge25,eco_isic3_p,2001,71.927
bol,sex_t,age_ythadult_yge25,eco_isic3_p,2002,68.738
bol,sex_t,age_ythadult_yge25,eco_isic3_p,2005,54.056
bol,sex_t,age_ythadult_yge25,eco_isic3_p,2006,75.795
bol,sex_t,age_ythadult_yge25,eco_isic3_p,2007,101.637
bol,sex_t,age_ythadult_yge25,eco_isic3_p,2008,70.425
bol,sex_t,age_ythadult_yge25,eco_isic3_p,2009,83.544
bol,sex_t,age_ythadult_yge25,eco_isic3_q,1991,2.619
bol,sex_t,age_ythadult_yge25,eco_isic3_q,1992,5.716
bol,sex_t,age_ythadult_yge25,eco_isic3_q,1993,1.499
bol,sex_t,age_ythadult_yge25,eco_isic3_q,1994,2.744
bol,sex_t,age_ythadult_yge25,eco_isic3_q,1995,2.981
bol,sex_t,age_ythadult_yge25,eco_isic3_q,2002,3.37
bol,sex_t,age_ythadult_yge25,eco_isic3_q,2009,9.223
bol,sex_t,age_ythadult_yge25,eco_isic3_total,1989,682.221
bol,sex_t,age_ythadult_yge25,eco_isic3_total,1990,691.812
bol,sex_t,age_ythadult_yge25,eco_isic3_total,1991,733.861
bol,sex_t,age_ythadult_yge25,eco_isic3_total,1992,762.017
bol,sex_t,age_ythadult_yge25,eco_isic3_total,1993,800.426
bol,sex_t,age_ythadult_yge25,eco_isic3_total,1994,881.156
bol,sex_t,age_ythadult_yge25,eco_isic3_total,1995,908.728
bol,sex_t,age_ythadult_yge25,eco_isic3_total,1999,2903.486
bol,sex_t,age_ythadult_yge25,eco_isic3_total,2000,2644.417
bol,sex_t,age_ythadult_yge25,eco_isic3_total,2001,2648.543
bol,sex_t,age_ythadult_yge25,eco_isic3_total,2002,2713.821
bol,sex_t,age_ythadult_yge25,eco_isic3_total,2005,3139.359
bol,sex_t,age_ythadult_yge25,eco_isic3_total,2006,3267.409
bol,sex_t,age_ythadult_yge25,eco_isic3_total,2007,3422.005
bol,sex_t,age_ythadult_yge25,eco_isic3_total,2008,3642.161
bol,sex_t,age_ythadult_yge25,eco_isic3_total,2009,3774.426
bol,sex_t,age_ythadult_yge25,eco_isic3_x,1989,16.119
bol,sex_t,age_ythadult_yge25,eco_isic3_x,1990,19.47
bol,sex_t,age_ythadult_yge25,eco_isic3_x,1992,1.03
bol,sex_t,age_ythadult_yge25,eco_isic3_x,1995,1.608
bol,sex_t,age_ythadult_yge25,eco_isic3_x,1999,174.395
bol,sex_t,age_ythadult_yge25,eco_isic3_x,2000,23.007
bol,sex_t,age_ythadult_yge25,eco_isic3_x,2001,18.896
bol,sex_t,age_ythadult_yge25,eco_isic4_a,2011,1229.278
bol,sex_t,age_ythadult_yge25,eco_isic4_a,2012,1142.08
bol,sex_t,age_ythadult_yge25,eco_isic4_a,2013,1325.545
bol,sex_t,age_ythadult_yge25,eco_isic4_a,2014,1262.401
bol,sex_t,age_ythadult_yge25,eco_isic4_a,2015,1193.887
bol,sex_t,age_ythadult_yge25,eco_isic4_a,2016,1165.909
bol,sex_t,age_ythadult_yge25,eco_isic4_a,2017,1241.925
bol,sex_t,age_ythadult_yge25,eco_isic4_a,2018,1361.338
bol,sex_t,age_ythadult_yge25,eco_isic4_a,2019,1266.111
bol,sex_t,age_ythadult_yge25,eco_isic4_a,2020,1337.268
bol,sex_t,age_ythadult_yge25,eco_isic4_a,2021,1361.762
bol,sex_t,age_ythadult_yge25,eco_isic4_a,2022,1284.78
bol,sex_t,age_ythadult_yge25,eco_isic4_a,2023,1342.378
bol,sex_t,age_ythadult_yge25,eco_isic4_a,2024,1311.798
bol,sex_t,age_ythadult_yge25,eco_isic4_b,2011,95.682
bol,sex_t,age_ythadult_yge25,eco_isic4_b,2012,104.333
bol,sex_t,age_ythadult_yge25,eco_isic4_b,2013,108.625
bol,sex_t,age_ythadult_yge25,eco_isic4_b,2014,88.744
bol,sex_t,age_ythadult_yge25,eco_isic4_b,2015,96.444
bol,sex_t,age_ythadult_yge25,eco_isic4_b,2016,74.562
bol,sex_t,age_ythadult_yge25,eco_isic4_b,2017,63.645
bol,sex_t,age_ythadult_yge25,eco_isic4_b,2018,78.523
bol,sex_t,age_ythadult_yge25,eco_isic4_b,2019,63.385
bol,sex_t,age_ythadult_yge25,eco_isic4_b,2020,53.26
bol,sex_t,age_ythadult_yge25,eco_isic4_b,2021,63.2
bol,sex_t,age_ythadult_yge25,eco_isic4_b,2022,70.638
bol,sex_t,age_ythadult_yge25,eco_isic4_b,2023,69.867
bol,sex_t,age_ythadult_yge25,eco_isic4_b,2024,81.994
bol,sex_t,age_ythadult_yge25,eco_isic4_c,2011,261.417
bol,sex_t,age_ythadult_yge25,eco_isic4_c,2012,261.683
bol,sex_t,age_ythadult_yge25,eco_isic4_c,2013,264.788
bol,sex_t,age_ythadult_yge25,eco_isic4_c,2014,369.173
bol,sex_t,age_ythadult_yge25,eco_isic4_c,2015,341.946
bol,sex_t,age_ythadult_yge25,eco_isic4_c,2016,390.55
bol,sex_t,age_ythadult_yge25,eco_isic4_c,2017,408.231
bol,sex_t,age_ythadult_yge25,eco_isic4_c,2018,438.293
bol,sex_t,age_ythadult_yge25,eco_isic4_c,2019,511.891
bol,sex_t,age_ythadult_yge25,eco_isic4_c,2020,396.141
bol,sex_t,age_ythadult_yge25,eco_isic4_c,2021,555.351
bol,sex_t,age_ythadult_yge25,eco_isic4_c,2022,584.161
bol,sex_t,age_ythadult_yge25,eco_isic4_c,2023,614.362
bol,sex_t,age_ythadult_yge25,eco_isic4_c,2024,685.885
bol,sex_t,age_ythadult_yge25,eco_isic4_d,2011,6.972
bol,sex_t,age_ythadult_yge25,eco_isic4_d,2012,14.969
bol,sex_t,age_ythadult_yge25,eco_isic4_d,2013,8.595
bol,sex_t,age_ythadult_yge25,eco_isic4_d,2014,8.67
bol,sex_t,age_ythadult_yge25,eco_isic4_d,2015,7.96
bol,sex_t,age_ythadult_yge25,eco_isic4_d,2016,10.064
bol,sex_t,age_ythadult_yge25,eco_isic4_d,2017,6.739
bol,sex_t,age_ythadult_yge25,eco_isic4_d,2018,8.028
bol,sex_t,age_ythadult_yge25,eco_isic4_d,2019,8.94
bol,sex_t,age_ythadult_yge25,eco_isic4_d,2020,10.351
bol,sex_t,age_ythadult_yge25,eco_isic4_d,2021,10.496
bol,sex_t,age_ythadult_yge25,eco_isic4_d,2022,12.573
bol,sex_t,age_ythadult_yge25,eco_isic4_d,2023,10.344
bol,sex_t,age_ythadult_yge25,eco_isic4_d,2024,13.334
bol,sex_t,age_ythadult_yge25,eco_isic4_e,2011,7.196
bol,sex_t,age_ythadult_yge25,eco_isic4_e,2012,8.764
bol,sex_t,age_ythadult_yge25,eco_isic4_e,2013,7.196
bol,sex_t,age_ythadult_yge25,eco_isic4_e,2014,5.067
bol,sex_t,age_ythadult_yge25,eco_isic4_e,2015,8.333
bol,sex_t,age_ythadult_yge25,eco_isic4_e,2016,7.012
bol,sex_t,age_ythadult_yge25,eco_isic4_e,2017,6.573
bol,sex_t,age_ythadult_yge25,eco_isic4_e,2018,6.768
bol,sex_t,age_ythadult_yge25,eco_isic4_e,2019,6.848
bol,sex_t,age_ythadult_yge25,eco_isic4_e,2020,4.517
bol,sex_t,age_ythadult_yge25,eco_isic4_e,2021,7.806
bol,sex_t,age_ythadult_yge25,eco_isic4_e,2022,7.91
bol,sex_t,age_ythadult_yge25,eco_isic4_e,2023,8.726
bol,sex_t,age_ythadult_yge25,eco_isic4_e,2024,6.519
bol,sex_t,age_ythadult_yge25,eco_isic4_f,2011,276.79
bol,sex_t,age_ythadult_yge25,eco_isic4_f,2012,284.457
bol,sex_t,age_ythadult_yge25,eco_isic4_f,2013,267.48
bol,sex_t,age_ythadult_yge25,eco_isic4_f,2014,336.203
bol,sex_t,age_ythadult_yge25,eco_isic4_f,2015,361.532
bol,sex_t,age_ythadult_yge25,eco_isic4_f,2016,329.374
bol,sex_t,age_ythadult_yge25,eco_isic4_f,2017,334.428
bol,sex_t,age_ythadult_yge25,eco_isic4_f,2018,321.009
bol,sex_t,age_ythadult_yge25,eco_isic4_f,2019,354.453
bol,sex_t,age_ythadult_yge25,eco_isic4_f,2020,349.277
bol,sex_t,age_ythadult_yge25,eco_isic4_f,2021,361.054
bol,sex_t,age_ythadult_yge25,eco_isic4_f,2022,390.602
bol,sex_t,age_ythadult_yge25,eco_isic4_f,2023,381.32
bol,sex_t,age_ythadult_yge25,eco_isic4_f,2024,409.197
bol,sex_t,age_ythadult_yge25,eco_isic4_g,2011,621.725
bol,sex_t,age_ythadult_yge25,eco_isic4_g,2012,659.605
bol,sex_t,age_ythadult_yge25,eco_isic4_g,2013,649.329
bol,sex_t,age_ythadult_yge25,eco_isic4_g,2014,664.986
bol,sex_t,age_ythadult_yge25,eco_isic4_g,2015,645.42
bol,sex_t,age_ythadult_yge25,eco_isic4_g,2016,637.965
bol,sex_t,age_ythadult_yge25,eco_isic4_g,2017,673.399
bol,sex_t,age_ythadult_yge25,eco_isic4_g,2018,719.347
bol,sex_t,age_ythadult_yge25,eco_isic4_g,2019,757.556
bol,sex_t,age_ythadult_yge25,eco_isic4_g,2020,860.412
bol,sex_t,age_ythadult_yge25,eco_isic4_g,2021,870.711
bol,sex_t,age_ythadult_yge25,eco_isic4_g,2022,912.288
bol,sex_t,age_ythadult_yge25,eco_isic4_g,2023,936.93
bol,sex_t,age_ythadult_yge25,eco_isic4_g,2024,956.042
bol,sex_t,age_ythadult_yge25,eco_isic4_h,2011,240.634
bol,sex_t,age_ythadult_yge25,eco_isic4_h,2012,257.167
bol,sex_t,age_ythadult_yge25,eco_isic4_h,2013,253.486
bol,sex_t,age_ythadult_yge25,eco_isic4_h,2014,263.004
bol,sex_t,age_ythadult_yge25,eco_isic4_h,2015,277.673
bol,sex_t,age_ythadult_yge25,eco_isic4_h,2016,294.67
bol,sex_t,age_ythadult_yge25,eco_isic4_h,2017,305.632
bol,sex_t,age_ythadult_yge25,eco_isic4_h,2018,305.823
bol,sex_t,age_ythadult_yge25,eco_isic4_h,2019,351.142
bol,sex_t,age_ythadult_yge25,eco_isic4_h,2020,304.876
bol,sex_t,age_ythadult_yge25,eco_isic4_h,2021,358.382
bol,sex_t,age_ythadult_yge25,eco_isic4_h,2022,408.84
bol,sex_t,age_ythadult_yge25,eco_isic4_h,2023,399.743
bol,sex_t,age_ythadult_yge25,eco_isic4_h,2024,422.305
bol,sex_t,age_ythadult_yge25,eco_isic4_i,2011,171.778
bol,sex_t,age_ythadult_yge25,eco_isic4_i,2012,195.61
bol,sex_t,age_ythadult_yge25,eco_isic4_i,2013,192.937
bol,sex_t,age_ythadult_yge25,eco_isic4_i,2014,206.394
bol,sex_t,age_ythadult_yge25,eco_isic4_i,2015,233.925
bol,sex_t,age_ythadult_yge25,eco_isic4_i,2016,223.615
bol,sex_t,age_ythadult_yge25,eco_isic4_i,2017,241.233
bol,sex_t,age_ythadult_yge25,eco_isic4_i,2018,270.363
bol,sex_t,age_ythadult_yge25,eco_isic4_i,2019,302.436
bol,sex_t,age_ythadult_yge25,eco_isic4_i,2020,271.6
bol,sex_t,age_ythadult_yge25,eco_isic4_i,2021,314.194
bol,sex_t,age_ythadult_yge25,eco_isic4_i,2022,379.982
bol,sex_t,age_ythadult_yge25,eco_isic4_i,2023,388.152
bol,sex_t,age_ythadult_yge25,eco_isic4_i,2024,415.394
bol,sex_t,age_ythadult_yge25,eco_isic4_j,2011,37.99
bol,sex_t,age_ythadult_yge25,eco_isic4_j,2012,33.061
bol,sex_t,age_ythadult_yge25,eco_isic4_j,2013,35.085
bol,sex_t,age_ythadult_yge25,eco_isic4_j,2014,37.834
bol,sex_t,age_ythadult_yge25,eco_isic4_j,2015,30.487
bol,sex_t,age_ythadult_yge25,eco_isic4_j,2016,30.296
bol,sex_t,age_ythadult_yge25,eco_isic4_j,2017,30.127
bol,sex_t,age_ythadult_yge25,eco_isic4_j,2018,31.923
bol,sex_t,age_ythadult_yge25,eco_isic4_j,2019,32.106
bol,sex_t,age_ythadult_yge25,eco_isic4_j,2020,36.344
bol,sex_t,age_ythadult_yge25,eco_isic4_j,2021,21.331
bol,sex_t,age_ythadult_yge25,eco_isic4_j,2022,24.68
bol,sex_t,age_ythadult_yge25,eco_isic4_j,2023,25.7
bol,sex_t,age_ythadult_yge25,eco_isic4_j,2024,30.795
bol,sex_t,age_ythadult_yge25,eco_isic4_k,2011,30.754
bol,sex_t,age_ythadult_yge25,eco_isic4_k,2012,36.808
bol,sex_t,age_ythadult_yge25,eco_isic4_k,2013,52.022
bol,sex_t,age_ythadult_yge25,eco_isic4_k,2014,42.664
bol,sex_t,age_ythadult_yge25,eco_isic4_k,2015,44.038
bol,sex_t,age_ythadult_yge25,eco_isic4_k,2016,36.725
bol,sex_t,age_ythadult_yge25,eco_isic4_k,2017,37.556
bol,sex_t,age_ythadult_yge25,eco_isic4_k,2018,38.908
bol,sex_t,age_ythadult_yge25,eco_isic4_k,2019,35.624
bol,sex_t,age_ythadult_yge25,eco_isic4_k,2020,56.533
bol,sex_t,age_ythadult_yge25,eco_isic4_k,2021,45.193
bol,sex_t,age_ythadult_yge25,eco_isic4_k,2022,46.353
bol,sex_t,age_ythadult_yge25,eco_isic4_k,2023,44.444
bol,sex_t,age_ythadult_yge25,eco_isic4_k,2024,47.271
bol,sex_t,age_ythadult_yge25,eco_isic4_l,2011,6.605
bol,sex_t,age_ythadult_yge25,eco_isic4_l,2012,5.086
bol,sex_t,age_ythadult_yge25,eco_isic4_l,2013,6.208
bol,sex_t,age_ythadult_yge25,eco_isic4_l,2014,6.723
bol,sex_t,age_ythadult_yge25,eco_isic4_l,2015,7.263
bol,sex_t,age_ythadult_yge25,eco_isic4_l,2016,17.627
bol,sex_t,age_ythadult_yge25,eco_isic4_l,2017,25.552
bol,sex_t,age_ythadult_yge25,eco_isic4_l,2018,25.077
bol,sex_t,age_ythadult_yge25,eco_isic4_l,2019,24.948
bol,sex_t,age_ythadult_yge25,eco_isic4_l,2020,12.902
bol,sex_t,age_ythadult_yge25,eco_isic4_l,2021,30.159
bol,sex_t,age_ythadult_yge25,eco_isic4_l,2022,26.299
bol,sex_t,age_ythadult_yge25,eco_isic4_l,2023,30.832
bol,sex_t,age_ythadult_yge25,eco_isic4_l,2024,29.91
bol,sex_t,age_ythadult_yge25,eco_isic4_m,2011,98.508
bol,sex_t,age_ythadult_yge25,eco_isic4_m,2012,101.014
bol,sex_t,age_ythadult_yge25,eco_isic4_m,2013,111.952
bol,sex_t,age_ythadult_yge25,eco_isic4_m,2014,96.73
bol,sex_t,age_ythadult_yge25,eco_isic4_m,2015,101.074
bol,sex_t,age_ythadult_yge25,eco_isic4_m,2016,80.165
bol,sex_t,age_ythadult_yge25,eco_isic4_m,2017,82.37
bol,sex_t,age_ythadult_yge25,eco_isic4_m,2018,83.357
bol,sex_t,age_ythadult_yge25,eco_isic4_m,2019,85.746
bol,sex_t,age_ythadult_yge25,eco_isic4_m,2020,139.388
bol,sex_t,age_ythadult_yge25,eco_isic4_m,2021,106.305
bol,sex_t,age_ythadult_yge25,eco_isic4_m,2022,118.704
bol,sex_t,age_ythadult_yge25,eco_isic4_m,2023,120.189
bol,sex_t,age_ythadult_yge25,eco_isic4_m,2024,114.71
bol,sex_t,age_ythadult_yge25,eco_isic4_n,2011,32.316
bol,sex_t,age_ythadult_yge25,eco_isic4_n,2012,44.364
bol,sex_t,age_ythadult_yge25,eco_isic4_n,2013,43.872
bol,sex_t,age_ythadult_yge25,eco_isic4_n,2014,48.564
bol,sex_t,age_ythadult_yge25,eco_isic4_n,2015,56.807
bol,sex_t,age_ythadult_yge25,eco_isic4_n,2016,49.73
bol,sex_t,age_ythadult_yge25,eco_isic4_n,2017,49.146
bol,sex_t,age_ythadult_yge25,eco_isic4_n,2018,62.197
bol,sex_t,age_ythadult_yge25,eco_isic4_n,2019,76.944
bol,sex_t,age_ythadult_yge25,eco_isic4_n,2020,57.182
bol,sex_t,age_ythadult_yge25,eco_isic4_n,2021,87.169
bol,sex_t,age_ythadult_yge25,eco_isic4_n,2022,98.278
bol,sex_t,age_ythadult_yge25,eco_isic4_n,2023,105.468
bol,sex_t,age_ythadult_yge25,eco_isic4_n,2024,115.39
bol,sex_t,age_ythadult_yge25,eco_isic4_o,2011,149.633
bol,sex_t,age_ythadult_yge25,eco_isic4_o,2012,133.6
bol,sex_t,age_ythadult_yge25,eco_isic4_o,2013,164.312
bol,sex_t,age_ythadult_yge25,eco_isic4_o,2014,147.56
bol,sex_t,age_ythadult_yge25,eco_isic4_o,2015,151.224
bol,sex_t,age_ythadult_yge25,eco_isic4_o,2016,138.315
bol,sex_t,age_ythadult_yge25,eco_isic4_o,2017,129.242
bol,sex_t,age_ythadult_yge25,eco_isic4_o,2018,131.301
bol,sex_t,age_ythadult_yge25,eco_isic4_o,2019,138.843
bol,sex_t,age_ythadult_yge25,eco_isic4_o,2020,143.307
bol,sex_t,age_ythadult_yge25,eco_isic4_o,2021,129.07
bol,sex_t,age_ythadult_yge25,eco_isic4_o,2022,140.01
bol,sex_t,age_ythadult_yge25,eco_isic4_o,2023,140.562
bol,sex_t,age_ythadult_yge25,eco_isic4_o,2024,140.733
bol,sex_t,age_ythadult_yge25,eco_isic4_p,2011,233.369
bol,sex_t,age_ythadult_yge25,eco_isic4_p,2012,233.994
bol,sex_t,age_ythadult_yge25,eco_isic4_p,2013,260.369
bol,sex_t,age_ythadult_yge25,eco_isic4_p,2014,229.613
bol,sex_t,age_ythadult_yge25,eco_isic4_p,2015,199.061
bol,sex_t,age_ythadult_yge25,eco_isic4_p,2016,226.127
bol,sex_t,age_ythadult_yge25,eco_isic4_p,2017,228.578
bol,sex_t,age_ythadult_yge25,eco_isic4_p,2018,229.387
bol,sex_t,age_ythadult_yge25,eco_isic4_p,2019,253.014
bol,sex_t,age_ythadult_yge25,eco_isic4_p,2020,214.375
bol,sex_t,age_ythadult_yge25,eco_isic4_p,2021,240.667
bol,sex_t,age_ythadult_yge25,eco_isic4_p,2022,255.154
bol,sex_t,age_ythadult_yge25,eco_isic4_p,2023,295.675
bol,sex_t,age_ythadult_yge25,eco_isic4_p,2024,284.008
bol,sex_t,age_ythadult_yge25,eco_isic4_q,2011,119.321
bol,sex_t,age_ythadult_yge25,eco_isic4_q,2012,116.469
bol,sex_t,age_ythadult_yge25,eco_isic4_q,2013,152.817
bol,sex_t,age_ythadult_yge25,eco_isic4_q,2014,115.487
bol,sex_t,age_ythadult_yge25,eco_isic4_q,2015,118.229
bol,sex_t,age_ythadult_yge25,eco_isic4_q,2016,117.324
bol,sex_t,age_ythadult_yge25,eco_isic4_q,2017,115.752
bol,sex_t,age_ythadult_yge25,eco_isic4_q,2018,120.089
bol,sex_t,age_ythadult_yge25,eco_isic4_q,2019,132.44
bol,sex_t,age_ythadult_yge25,eco_isic4_q,2020,157.953
bol,sex_t,age_ythadult_yge25,eco_isic4_q,2021,144.924
bol,sex_t,age_ythadult_yge25,eco_isic4_q,2022,157.851
bol,sex_t,age_ythadult_yge25,eco_isic4_q,2023,170.395
bol,sex_t,age_ythadult_yge25,eco_isic4_q,2024,189.656
bol,sex_t,age_ythadult_yge25,eco_isic4_r,2011,23.471
bol,sex_t,age_ythadult_yge25,eco_isic4_r,2012,23.386
bol,sex_t,age_ythadult_yge25,eco_isic4_r,2013,28.023
bol,sex_t,age_ythadult_yge25,eco_isic4_r,2014,22.739
bol,sex_t,age_ythadult_yge25,eco_isic4_r,2015,23.962
bol,sex_t,age_ythadult_yge25,eco_isic4_r,2016,23.248
bol,sex_t,age_ythadult_yge25,eco_isic4_r,2017,23.833
bol,sex_t,age_ythadult_yge25,eco_isic4_r,2018,27.328
bol,sex_t,age_ythadult_yge25,eco_isic4_r,2019,25.885
bol,sex_t,age_ythadult_yge25,eco_isic4_r,2020,19.339
bol,sex_t,age_ythadult_yge25,eco_isic4_r,2021,18.795
bol,sex_t,age_ythadult_yge25,eco_isic4_r,2022,27.269
bol,sex_t,age_ythadult_yge25,eco_isic4_r,2023,37.234
bol,sex_t,age_ythadult_yge25,eco_isic4_r,2024,36.604
bol,sex_t,age_ythadult_yge25,eco_isic4_s,2011,93.225
bol,sex_t,age_ythadult_yge25,eco_isic4_s,2012,84.849
bol,sex_t,age_ythadult_yge25,eco_isic4_s,2013,87.224
bol,sex_t,age_ythadult_yge25,eco_isic4_s,2014,82.932
bol,sex_t,age_ythadult_yge25,eco_isic4_s,2015,90.267
bol,sex_t,age_ythadult_yge25,eco_isic4_s,2016,84.238
bol,sex_t,age_ythadult_yge25,eco_isic4_s,2017,88.955
bol,sex_t,age_ythadult_yge25,eco_isic4_s,2018,97.557
bol,sex_t,age_ythadult_yge25,eco_isic4_s,2019,119.651
bol,sex_t,age_ythadult_yge25,eco_isic4_s,2020,128.349
bol,sex_t,age_ythadult_yge25,eco_isic4_s,2021,126.287
bol,sex_t,age_ythadult_yge25,eco_isic4_s,2022,125.011
bol,sex_t,age_ythadult_yge25,eco_isic4_s,2023,125.811
bol,sex_t,age_ythadult_yge25,eco_isic4_s,2024,139.799
bol,sex_t,age_ythadult_yge25,eco_isic4_t,2011,72.598
bol,sex_t,age_ythadult_yge25,eco_isic4_t,2012,90.374
bol,sex_t,age_ythadult_yge25,eco_isic4_t,2013,83.311
bol,sex_t,age_ythadult_yge25,eco_isic4_t,2014,72.906
bol,sex_t,age_ythadult_yge25,eco_isic4_t,2015,64.659
bol,sex_t,age_ythadult_yge25,eco_isic4_t,2016,64.061
bol,sex_t,age_ythadult_yge25,eco_isic4_t,2017,74.193
bol,sex_t,age_ythadult_yge25,eco_isic4_t,2018,71.805
bol,sex_t,age_ythadult_yge25,eco_isic4_t,2019,80.472
bol,sex_t,age_ythadult_yge25,eco_isic4_t,2020,61.057
bol,sex_t,age_ythadult_yge25,eco_isic4_t,2021,82.239
bol,sex_t,age_ythadult_yge25,eco_isic4_t,2022,99.154
bol,sex_t,age_ythadult_yge25,eco_isic4_t,2023,104.466
bol,sex_t,age_ythadult_yge25,eco_isic4_t,2024,111.425
bol,sex_t,age_ythadult_yge25,eco_isic4_total,2011,3810.679
bol,sex_t,age_ythadult_yge25,eco_isic4_total,2012,3833.485
bol,sex_t,age_ythadult_yge25,eco_isic4_total,2013,4103.398
bol,sex_t,age_ythadult_yge25,eco_isic4_total,2014,4110.865
bol,sex_t,age_ythadult_yge25,eco_isic4_total,2015,4058.664
bol,sex_t,age_ythadult_yge25,eco_isic4_total,2016,4002.87
bol,sex_t,age_ythadult_yge25,eco_isic4_total,2017,4168.33
bol,sex_t,age_ythadult_yge25,eco_isic4_total,2018,4429.215
bol,sex_t,age_ythadult_yge25,eco_isic4_total,2019,4629.326
bol,sex_t,age_ythadult_yge25,eco_isic4_total,2020,4622.993
bol,sex_t,age_ythadult_yge25,eco_isic4_total,2021,4940.301
bol,sex_t,age_ythadult_yge25,eco_isic4_total,2022,5178.239
bol,sex_t,age_ythadult_yge25,eco_isic4_total,2023,5358.364
bol,sex_t,age_ythadult_yge25,eco_isic4_total,2024,5551.906
bol,sex_t,age_ythadult_yge25,eco_isic4_u,2012,1.812
bol,sex_t,age_ythadult_yge25,eco_isic4_u,2014,1.265
bol,sex_t,age_ythadult_yge25,eco_isic4_u,2015,2.176
bol,sex_t,age_ythadult_yge25,eco_isic4_u,2016,1.214
bol,sex_t,age_ythadult_yge25,eco_isic4_u,2017,0.932
bol,sex_t,age_ythadult_yge25,eco_isic4_u,2018,0.795
bol,sex_t,age_ythadult_yge25,eco_isic4_u,2019,0.891
bol,sex_t,age_ythadult_yge25,eco_isic4_u,2020,2.258
bol,sex_t,age_ythadult_yge25,eco_isic4_u,2021,0.35
bol,sex_t,age_ythadult_yge25,eco_isic4_u,2022,1.297
bol,sex_t,age_ythadult_yge25,eco_isic4_u,2023,0.562
bol,sex_t,age_ythadult_yge25,eco_isic4_u,2024,1.016
bol,sex_t,age_ythadult_yge25,eco_isic4_x,2014,1.206
bol,sex_t,age_ythadult_yge25,eco_isic4_x,2015,2.297
bol,sex_t,age_ythadult_yge25,eco_isic4_x,2017,0.287
bol,sex_t,age_ythadult_yge25,eco_isic4_x,2020,6.304
bol,sex_t,age_ythadult_yge25,eco_isic4_x,2021,4.856
bol,sex_t,age_ythadult_yge25,eco_isic4_x,2022,6.407
bol,sex_t,age_ythadult_yge25,eco_isic4_x,2023,5.204
bol,sex_t,age_ythadult_yge25,eco_isic4_x,2024,8.12
bol,sex_t,age_ythadult_yge25,eco_sector_agr,1991,13.286
bol,sex_t,age_ythadult_yge25,eco_sector_agr,1992,18.098
bol,sex_t,age_ythadult_yge25,eco_sector_agr,1993,16.25
bol,sex_t,age_ythadult_yge25,eco_sector_agr,1994,14.619
bol,sex_t,age_ythadult_yge25,eco_sector_agr,1995,23.05
bol,sex_t,age_ythadult_yge25,eco_sector_agr,1999,7.389
bol,sex_t,age_ythadult_yge25,eco_sector_agr,2000,943.926
bol,sex_t,age_ythadult_yge25,eco_sector_agr,2001,1073.66
bol,sex_t,age_ythadult_yge25,eco_sector_agr,2002,1019.144
bol,sex_t,age_ythadult_yge25,eco_sector_agr,2005,1088.112
bol,sex_t,age_ythadult_yge25,eco_sector_agr,2006,1149.022
bol,sex_t,age_ythadult_yge25,eco_sector_agr,2007,1078.406
bol,sex_t,age_ythadult_yge25,eco_sector_agr,2008,1107.96
bol,sex_t,age_ythadult_yge25,eco_sector_agr,2009,1127.948
bol,sex_t,age_ythadult_yge25,eco_sector_agr,2011,1229.278
bol,sex_t,age_ythadult_yge25,eco_sector_agr,2012,1142.08
bol,sex_t,age_ythadult_yge25,eco_sector_agr,2013,1325.545
bol,sex_t,age_ythadult_yge25,eco_sector_agr,2014,1262.401
bol,sex_t,age_ythadult_yge25,eco_sector_agr,2015,1193.887
bol,sex_t,age_ythadult_yge25,eco_sector_agr,2016,1165.909
bol,sex_t,age_ythadult_yge25,eco_sector_agr,2017,1241.925
bol,sex_t,age_ythadult_yge25,eco_sector_agr,2018,1361.338
bol,sex_t,age_ythadult_yge25,eco_sector_agr,2019,1266.111
bol,sex_t,age_ythadult_yge25,eco_sector_agr,2020,1337.268
bol,sex_t,age_ythadult_yge25,eco_sector_agr,2021,1361.762
bol,sex_t,age_ythadult_yge25,eco_sector_agr,2022,1284.78
bol,sex_t,age_ythadult_yge25,eco_sector_agr,2023,1342.378
bol,sex_t,age_ythadult_yge25,eco_sector_agr,2024,1311.798
bol,sex_t,age_ythadult_yge25,eco_sector_ind,1989,118.6
bol,sex_t,age_ythadult_yge25,eco_sector_ind,1990,122.611
bol,sex_t,age_ythadult_yge25,eco_sector_ind,1991,209.002
bol,sex_t,age_ythadult_yge25,eco_sector_ind,1992,230.989
bol,sex_t,age_ythadult_yge25,eco_sector_ind,1993,218.178
bol,sex_t,age_ythadult_yge25,eco_sector_ind,1994,248.798
bol,sex_t,age_ythadult_yge25,eco_sector_ind,1995,252.048
bol,sex_t,age_ythadult_yge25,eco_sector_ind,1999,487.465
bol,sex_t,age_ythadult_yge25,eco_sector_ind,2000,495.34
bol,sex_t,age_ythadult_yge25,eco_sector_ind,2001,445.918
bol,sex_t,age_ythadult_yge25,eco_sector_ind,2002,530.981
bol,sex_t,age_ythadult_yge25,eco_sector_ind,2005,630.258
bol,sex_t,age_ythadult_yge25,eco_sector_ind,2006,584.919
bol,sex_t,age_ythadult_yge25,eco_sector_ind,2007,675.275
bol,sex_t,age_ythadult_yge25,eco_sector_ind,2008,724.531
bol,sex_t,age_ythadult_yge25,eco_sector_ind,2009,747.47
bol,sex_t,age_ythadult_yge25,eco_sector_ind,2011,648.057
bol,sex_t,age_ythadult_yge25,eco_sector_ind,2012,674.206
bol,sex_t,age_ythadult_yge25,eco_sector_ind,2013,656.684
bol,sex_t,age_ythadult_yge25,eco_sector_ind,2014,807.857
bol,sex_t,age_ythadult_yge25,eco_sector_ind,2015,816.215
bol,sex_t,age_ythadult_yge25,eco_sector_ind,2016,811.562
bol,sex_t,age_ythadult_yge25,eco_sector_ind,2017,819.617
bol,sex_t,age_ythadult_yge25,eco_sector_ind,2018,852.62
bol,sex_t,age_ythadult_yge25,eco_sector_ind,2019,945.516
bol,sex_t,age_ythadult_yge25,eco_sector_ind,2020,813.546
bol,sex_t,age_ythadult_yge25,eco_sector_ind,2021,997.906
bol,sex_t,age_ythadult_yge25,eco_sector_ind,2022,1065.883
bol,sex_t,age_ythadult_yge25,eco_sector_ind,2023,1084.62
bol,sex_t,age_ythadult_yge25,eco_sector_ind,2024,1196.928
bol,sex_t,age_ythadult_yge25,eco_sector_nag,1989,682.221
bol,sex_t,age_ythadult_yge25,eco_sector_nag,1990,691.812
bol,sex_t,age_ythadult_yge25,eco_sector_nag,1991,720.575
bol,sex_t,age_ythadult_yge25,eco_sector_nag,1992,743.919
bol,sex_t,age_ythadult_yge25,eco_sector_nag,1993,784.176
bol,sex_t,age_ythadult_yge25,eco_sector_nag,1994,866.537
bol,sex_t,age_ythadult_yge25,eco_sector_nag,1995,885.678
bol,sex_t,age_ythadult_yge25,eco_sector_nag,1999,2896.097
bol,sex_t,age_ythadult_yge25,eco_sector_nag,2000,1700.491
bol,sex_t,age_ythadult_yge25,eco_sector_nag,2001,1574.883
bol,sex_t,age_ythadult_yge25,eco_sector_nag,2002,1694.677
bol,sex_t,age_ythadult_yge25,eco_sector_nag,2005,2051.247
bol,sex_t,age_ythadult_yge25,eco_sector_nag,2006,2118.387
bol,sex_t,age_ythadult_yge25,eco_sector_nag,2007,2343.599
bol,sex_t,age_ythadult_yge25,eco_sector_nag,2008,2534.201
bol,sex_t,age_ythadult_yge25,eco_sector_nag,2009,2646.478
bol,sex_t,age_ythadult_yge25,eco_sector_nag,2011,2581.401
bol,sex_t,age_ythadult_yge25,eco_sector_nag,2012,2691.405
bol,sex_t,age_ythadult_yge25,eco_sector_nag,2013,2777.853
bol,sex_t,age_ythadult_yge25,eco_sector_nag,2014,2848.464
bol,sex_t,age_ythadult_yge25,eco_sector_nag,2015,2864.777
bol,sex_t,age_ythadult_yge25,eco_sector_nag,2016,2836.961
bol,sex_t,age_ythadult_yge25,eco_sector_nag,2017,2926.405
bol,sex_t,age_ythadult_yge25,eco_sector_nag,2018,3067.878
bol,sex_t,age_ythadult_yge25,eco_sector_nag,2019,3363.214
bol,sex_t,age_ythadult_yge25,eco_sector_nag,2020,3285.724
bol,sex_t,age_ythadult_yge25,eco_sector_nag,2021,3578.539
bol,sex_t,age_ythadult_yge25,eco_sector_nag,2022,3893.46
bol,sex_t,age_ythadult_yge25,eco_sector_nag,2023,4015.985
bol,sex_t,age_ythadult_yge25,eco_sector_nag,2024,4240.108
bol,sex_t,age_ythadult_yge25,eco_sector_ser,1989,547.502
bol,sex_t,age_ythadult_yge25,eco_sector_ser,1990,549.731
bol,sex_t,age_ythadult_yge25,eco_sector_ser,1991,511.538
bol,sex_t,age_ythadult_yge25,eco_sector_ser,1992,511.9
bol,sex_t,age_ythadult_yge25,eco_sector_ser,1993,565.931
bol,sex_t,age_ythadult_yge25,eco_sector_ser,1994,617.568
bol,sex_t,age_ythadult_yge25,eco_sector_ser,1995,632.022
bol,sex_t,age_ythadult_yge25,eco_sector_ser,1999,2234.237
bol,sex_t,age_ythadult_yge25,eco_sector_ser,2000,1182.144
bol,sex_t,age_ythadult_yge25,eco_sector_ser,2001,1110.069
bol,sex_t,age_ythadult_yge25,eco_sector_ser,2002,1163.696
bol,sex_t,age_ythadult_yge25,eco_sector_ser,2005,1420.989
bol,sex_t,age_ythadult_yge25,eco_sector_ser,2006,1533.468
bol,sex_t,age_ythadult_yge25,eco_sector_ser,2007,1668.324
bol,sex_t,age_ythadult_yge25,eco_sector_ser,2008,1808.326
bol,sex_t,age_ythadult_yge25,eco_sector_ser,2009,1899.008
bol,sex_t,age_ythadult_yge25,eco_sector_ser,2011,1933.344
bol,sex_t,age_ythadult_yge25,eco_sector_ser,2012,2017.199
bol,sex_t,age_ythadult_yge25,eco_sector_ser,2013,2121.009
bol,sex_t,age_ythadult_yge25,eco_sector_ser,2014,2039.401
bol,sex_t,age_ythadult_yge25,eco_sector_ser,2015,2046.265
bol,sex_t,age_ythadult_yge25,eco_sector_ser,2016,2025.319
bol,sex_t,age_ythadult_yge25,eco_sector_ser,2017,2106.501
bol,sex_t,age_ythadult_yge25,eco_sector_ser,2018,2215.258
bol,sex_t,age_ythadult_yge25,eco_sector_ser,2019,2417.699
bol,sex_t,age_ythadult_yge25,eco_sector_ser,2020,2465.874
bol,sex_t,age_ythadult_yge25,eco_sector_ser,2021,2575.777
bol,sex_t,age_ythadult_yge25,eco_sector_ser,2022,2821.169
bol,sex_t,age_ythadult_yge25,eco_sector_ser,2023,2926.162
bol,sex_t,age_ythadult_yge25,eco_sector_ser,2024,3035.059
bol,sex_t,age_ythadult_yge25,eco_sector_total,1989,682.221
bol,sex_t,age_ythadult_yge25,eco_sector_total,1990,691.812
bol,sex_t,age_ythadult_yge25,eco_sector_total,1991,733.861
bol,sex_t,age_ythadult_yge25,eco_sector_total,1992,762.017
bol,sex_t,age_ythadult_yge25,eco_sector_total,1993,800.426
bol,sex_t,age_ythadult_yge25,eco_sector_total,1994,881.156
bol,sex_t,age_ythadult_yge25,eco_sector_total,1995,908.728
bol,sex_t,age_ythadult_yge25,eco_sector_total,1999,2903.486
bol,sex_t,age_ythadult_yge25,eco_sector_total,2000,2644.417
bol,sex_t,age_ythadult_yge25,eco_sector_total,2001,2648.543
bol,sex_t,age_ythadult_yge25,eco_sector_total,2002,2713.821
bol,sex_t,age_ythadult_yge25,eco_sector_total,2005,3139.359
bol,sex_t,age_ythadult_yge25,eco_sector_total,2006,3267.409
bol,sex_t,age_ythadult_yge25,eco_sector_total,2007,3422.005
bol,sex_t,age_ythadult_yge25,eco_sector_total,2008,3642.161
bol,sex_t,age_ythadult_yge25,eco_sector_total,2009,3774.426
bol,sex_t,age_ythadult_yge25,eco_sector_total,2011,3810.679
bol,sex_t,age_ythadult_yge25,eco_sector_total,2012,3833.485
bol,sex_t,age_ythadult_yge25,eco_sector_total,2013,4103.398
bol,sex_t,age_ythadult_yge25,eco_sector_total,2014,4110.865
bol,sex_t,age_ythadult_yge25,eco_sector_total,2015,4058.664
bol,sex_t,age_ythadult_yge25,eco_sector_total,2016,4002.87
bol,sex_t,age_ythadult_yge25,eco_sector_total,2017,4168.33
bol,sex_t,age_ythadult_yge25,eco_sector_total,2018,4429.215
bol,sex_t,age_ythadult_yge25,eco_sector_total,2019,4629.326
bol,sex_t,age_ythadult_yge25,eco_sector_total,2020,4622.993
bol,sex_t,age_ythadult_yge25,eco_sector_total,2021,4940.301
bol,sex_t,age_ythadult_yge25,eco_sector_total,2022,5178.239
bol,sex_t,age_ythadult_yge25,eco_sector_total,2023,5358.364
bol,sex_t,age_ythadult_yge25,eco_sector_total,2024,5551.906
bol,sex_t,age_ythadult_yge25,eco_sector_x,1989,16.119
bol,sex_t,age_ythadult_yge25,eco_sector_x,1990,19.47
bol,sex_t,age_ythadult_yge25,eco_sector_x,1992,1.03
bol,sex_t,age_ythadult_yge25,eco_sector_x,1995,1.608
bol,sex_t,age_ythadult_yge25,eco_sector_x,1999,174.395
bol,sex_t,age_ythadult_yge25,eco_sector_x,2000,23.007
bol,sex_t,age_ythadult_yge25,eco_sector_x,2001,18.896
bol,sex_t,age_ythadult_yge25,eco_sector_x,2014,1.206
bol,sex_t,age_ythadult_yge25,eco_sector_x,2015,2.297
bol,sex_t,age_ythadult_yge25,eco_sector_x,2017,0.287
bol,sex_t,age_ythadult_yge25,eco_sector_x,2020,6.304
bol,sex_t,age_ythadult_yge25,eco_sector_x,2021,4.856
bol,sex_t,age_ythadult_yge25,eco_sector_x,2022,6.407
bol,sex_t,age_ythadult_yge25,eco_sector_x,2023,5.204
bol,sex_t,age_ythadult_yge25,eco_sector_x,2024,8.12
