ref_area,sex,classif1,classif2,time,emp_pifl_sex_eco_mts_nb
ton,sex_f,eco_aggregate_agr,mts_aggregate_1,2018,0.557
ton,sex_f,eco_aggregate_agr,mts_aggregate_1,2021,0.714
ton,sex_f,eco_aggregate_agr,mts_aggregate_1,2023,0.511
ton,sex_f,eco_aggregate_agr,mts_aggregate_2,2018,1.188
ton,sex_f,eco_aggregate_agr,mts_aggregate_2,2021,1.326
ton,sex_f,eco_aggregate_agr,mts_aggregate_2,2023,1.356
ton,sex_f,eco_aggregate_agr,mts_aggregate_total,2018,1.745
ton,sex_f,eco_aggregate_agr,mts_aggregate_total,2021,2.04
ton,sex_f,eco_aggregate_agr,mts_aggregate_total,2023,1.867
ton,sex_f,eco_aggregate_agr,mts_details_mrd,2018,1.172
ton,sex_f,eco_aggregate_agr,mts_details_mrd,2021,1.319
ton,sex_f,eco_aggregate_agr,mts_details_mrd,2023,1.356
ton,sex_f,eco_aggregate_agr,mts_details_sep,2021,0.072
ton,sex_f,eco_aggregate_agr,mts_details_sep,2023,0.053
ton,sex_f,eco_aggregate_agr,mts_details_sgle,2018,0.194
ton,sex_f,eco_aggregate_agr,mts_details_sgle,2021,0.256
ton,sex_f,eco_aggregate_agr,mts_details_sgle,2023,0.185
ton,sex_f,eco_aggregate_agr,mts_details_total,2018,1.745
ton,sex_f,eco_aggregate_agr,mts_details_total,2021,2.04
ton,sex_f,eco_aggregate_agr,mts_details_total,2023,1.867
ton,sex_f,eco_aggregate_agr,mts_details_wid,2018,0.343
ton,sex_f,eco_aggregate_agr,mts_details_wid,2021,0.386
ton,sex_f,eco_aggregate_agr,mts_details_wid,2023,0.273
ton,sex_f,eco_aggregate_con,mts_aggregate_1,2021,0
ton,sex_f,eco_aggregate_con,mts_aggregate_2,2021,0
ton,sex_f,eco_aggregate_con,mts_aggregate_2,2023,0
ton,sex_f,eco_aggregate_con,mts_aggregate_total,2021,0
ton,sex_f,eco_aggregate_con,mts_details_mrd,2021,0
ton,sex_f,eco_aggregate_con,mts_details_mrd,2023,0
ton,sex_f,eco_aggregate_con,mts_details_sgle,2021,0
ton,sex_f,eco_aggregate_con,mts_details_total,2021,0
ton,sex_f,eco_aggregate_man,mts_aggregate_1,2018,1.197
ton,sex_f,eco_aggregate_man,mts_aggregate_1,2021,1.443
ton,sex_f,eco_aggregate_man,mts_aggregate_1,2023,0.886
ton,sex_f,eco_aggregate_man,mts_aggregate_2,2018,3.317
ton,sex_f,eco_aggregate_man,mts_aggregate_2,2021,4.265
ton,sex_f,eco_aggregate_man,mts_aggregate_2,2023,2.531
ton,sex_f,eco_aggregate_man,mts_aggregate_total,2018,4.514
ton,sex_f,eco_aggregate_man,mts_aggregate_total,2021,5.708
ton,sex_f,eco_aggregate_man,mts_aggregate_total,2023,3.417
ton,sex_f,eco_aggregate_man,mts_details_mrd,2018,3.235
ton,sex_f,eco_aggregate_man,mts_details_mrd,2021,4.205
ton,sex_f,eco_aggregate_man,mts_details_mrd,2023,2.45
ton,sex_f,eco_aggregate_man,mts_details_sep,2018,0.155
ton,sex_f,eco_aggregate_man,mts_details_sep,2021,0.24
ton,sex_f,eco_aggregate_man,mts_details_sep,2023,0.24
ton,sex_f,eco_aggregate_man,mts_details_sgle,2018,0.609
ton,sex_f,eco_aggregate_man,mts_details_sgle,2021,0.578
ton,sex_f,eco_aggregate_man,mts_details_sgle,2023,0.305
ton,sex_f,eco_aggregate_man,mts_details_total,2018,4.514
ton,sex_f,eco_aggregate_man,mts_details_total,2021,5.708
ton,sex_f,eco_aggregate_man,mts_details_total,2023,3.417
ton,sex_f,eco_aggregate_man,mts_details_union,2018,0.082
ton,sex_f,eco_aggregate_man,mts_details_union,2023,0.08
ton,sex_f,eco_aggregate_man,mts_details_wid,2018,0.434
ton,sex_f,eco_aggregate_man,mts_details_wid,2021,0.625
ton,sex_f,eco_aggregate_man,mts_details_wid,2023,0.341
ton,sex_f,eco_aggregate_mkt,mts_aggregate_1,2018,0.81
ton,sex_f,eco_aggregate_mkt,mts_aggregate_1,2021,0.604
ton,sex_f,eco_aggregate_mkt,mts_aggregate_1,2023,0.223
ton,sex_f,eco_aggregate_mkt,mts_aggregate_2,2018,1.179
ton,sex_f,eco_aggregate_mkt,mts_aggregate_2,2021,0.982
ton,sex_f,eco_aggregate_mkt,mts_aggregate_2,2023,0.431
ton,sex_f,eco_aggregate_mkt,mts_aggregate_total,2018,1.989
ton,sex_f,eco_aggregate_mkt,mts_aggregate_total,2021,1.585
ton,sex_f,eco_aggregate_mkt,mts_aggregate_total,2023,0.653
ton,sex_f,eco_aggregate_mkt,mts_details_mrd,2018,1.164
ton,sex_f,eco_aggregate_mkt,mts_details_mrd,2021,0.956
ton,sex_f,eco_aggregate_mkt,mts_details_mrd,2023,0.424
ton,sex_f,eco_aggregate_mkt,mts_details_sep,2018,0.078
ton,sex_f,eco_aggregate_mkt,mts_details_sep,2021,0.047
ton,sex_f,eco_aggregate_mkt,mts_details_sgle,2018,0.663
ton,sex_f,eco_aggregate_mkt,mts_details_sgle,2021,0.427
ton,sex_f,eco_aggregate_mkt,mts_details_sgle,2023,0.152
ton,sex_f,eco_aggregate_mkt,mts_details_total,2018,1.989
ton,sex_f,eco_aggregate_mkt,mts_details_total,2021,1.585
ton,sex_f,eco_aggregate_mkt,mts_details_total,2023,0.653
ton,sex_f,eco_aggregate_mkt,mts_details_wid,2018,0.068
ton,sex_f,eco_aggregate_mkt,mts_details_wid,2021,0.129
ton,sex_f,eco_aggregate_mkt,mts_details_wid,2023,0.037
ton,sex_f,eco_aggregate_pub,mts_aggregate_1,2018,0.24
ton,sex_f,eco_aggregate_pub,mts_aggregate_1,2021,0.158
ton,sex_f,eco_aggregate_pub,mts_aggregate_1,2023,0.174
ton,sex_f,eco_aggregate_pub,mts_aggregate_2,2018,0.297
ton,sex_f,eco_aggregate_pub,mts_aggregate_2,2021,0.204
ton,sex_f,eco_aggregate_pub,mts_aggregate_2,2023,0.115
ton,sex_f,eco_aggregate_pub,mts_aggregate_total,2018,0.537
ton,sex_f,eco_aggregate_pub,mts_aggregate_total,2021,0.362
ton,sex_f,eco_aggregate_pub,mts_aggregate_total,2023,0.288
ton,sex_f,eco_aggregate_pub,mts_details_mrd,2018,0.297
ton,sex_f,eco_aggregate_pub,mts_details_mrd,2021,0.189
ton,sex_f,eco_aggregate_pub,mts_details_mrd,2023,0.115
ton,sex_f,eco_aggregate_pub,mts_details_sep,2023,0.072
ton,sex_f,eco_aggregate_pub,mts_details_sgle,2018,0.138
ton,sex_f,eco_aggregate_pub,mts_details_sgle,2021,0.123
ton,sex_f,eco_aggregate_pub,mts_details_sgle,2023,0.102
ton,sex_f,eco_aggregate_pub,mts_details_total,2018,0.537
ton,sex_f,eco_aggregate_pub,mts_details_total,2021,0.362
ton,sex_f,eco_aggregate_pub,mts_details_total,2023,0.288
ton,sex_f,eco_aggregate_total,mts_aggregate_1,2018,2.845
ton,sex_f,eco_aggregate_total,mts_aggregate_1,2021,3
ton,sex_f,eco_aggregate_total,mts_aggregate_1,2023,1.842
ton,sex_f,eco_aggregate_total,mts_aggregate_2,2018,6.026
ton,sex_f,eco_aggregate_total,mts_aggregate_2,2021,6.938
ton,sex_f,eco_aggregate_total,mts_aggregate_2,2023,4.44
ton,sex_f,eco_aggregate_total,mts_aggregate_total,2018,8.871
ton,sex_f,eco_aggregate_total,mts_aggregate_total,2021,9.937
ton,sex_f,eco_aggregate_total,mts_aggregate_total,2023,6.282
ton,sex_f,eco_aggregate_total,mts_details_mrd,2018,5.913
ton,sex_f,eco_aggregate_total,mts_details_mrd,2021,6.829
ton,sex_f,eco_aggregate_total,mts_details_mrd,2023,4.353
ton,sex_f,eco_aggregate_total,mts_details_sep,2018,0.299
ton,sex_f,eco_aggregate_total,mts_details_sep,2021,0.395
ton,sex_f,eco_aggregate_total,mts_details_sep,2023,0.399
ton,sex_f,eco_aggregate_total,mts_details_sgle,2018,1.633
ton,sex_f,eco_aggregate_total,mts_details_sgle,2021,1.423
ton,sex_f,eco_aggregate_total,mts_details_sgle,2023,0.792
ton,sex_f,eco_aggregate_total,mts_details_total,2018,8.871
ton,sex_f,eco_aggregate_total,mts_details_total,2021,9.937
ton,sex_f,eco_aggregate_total,mts_details_total,2023,6.282
ton,sex_f,eco_aggregate_total,mts_details_union,2018,0.113
ton,sex_f,eco_aggregate_total,mts_details_union,2021,0.108
ton,sex_f,eco_aggregate_total,mts_details_union,2023,0.087
ton,sex_f,eco_aggregate_total,mts_details_wid,2018,0.912
ton,sex_f,eco_aggregate_total,mts_details_wid,2021,1.182
ton,sex_f,eco_aggregate_total,mts_details_wid,2023,0.651
ton,sex_f,eco_aggregate_x,mts_aggregate_1,2021,0.063
ton,sex_f,eco_aggregate_x,mts_aggregate_2,2018,0.045
ton,sex_f,eco_aggregate_x,mts_aggregate_2,2021,0.161
ton,sex_f,eco_aggregate_x,mts_aggregate_total,2018,0.056
ton,sex_f,eco_aggregate_x,mts_aggregate_total,2021,0.224
ton,sex_f,eco_aggregate_x,mts_details_mrd,2018,0.045
ton,sex_f,eco_aggregate_x,mts_details_mrd,2021,0.161
ton,sex_f,eco_aggregate_x,mts_details_total,2018,0.056
ton,sex_f,eco_aggregate_x,mts_details_total,2021,0.224
ton,sex_f,eco_aggregate_x,mts_details_wid,2021,0.042
ton,sex_f,eco_sector_agr,mts_aggregate_1,2018,0.557
ton,sex_f,eco_sector_agr,mts_aggregate_1,2021,0.714
ton,sex_f,eco_sector_agr,mts_aggregate_1,2023,0.511
ton,sex_f,eco_sector_agr,mts_aggregate_2,2018,1.188
ton,sex_f,eco_sector_agr,mts_aggregate_2,2021,1.326
ton,sex_f,eco_sector_agr,mts_aggregate_2,2023,1.356
ton,sex_f,eco_sector_agr,mts_aggregate_total,2018,1.745
ton,sex_f,eco_sector_agr,mts_aggregate_total,2021,2.04
ton,sex_f,eco_sector_agr,mts_aggregate_total,2023,1.867
ton,sex_f,eco_sector_agr,mts_details_mrd,2018,1.172
ton,sex_f,eco_sector_agr,mts_details_mrd,2021,1.319
ton,sex_f,eco_sector_agr,mts_details_mrd,2023,1.356
ton,sex_f,eco_sector_agr,mts_details_sep,2021,0.072
ton,sex_f,eco_sector_agr,mts_details_sep,2023,0.053
ton,sex_f,eco_sector_agr,mts_details_sgle,2018,0.194
ton,sex_f,eco_sector_agr,mts_details_sgle,2021,0.256
ton,sex_f,eco_sector_agr,mts_details_sgle,2023,0.185
ton,sex_f,eco_sector_agr,mts_details_total,2018,1.745
ton,sex_f,eco_sector_agr,mts_details_total,2021,2.04
ton,sex_f,eco_sector_agr,mts_details_total,2023,1.867
ton,sex_f,eco_sector_agr,mts_details_wid,2018,0.343
ton,sex_f,eco_sector_agr,mts_details_wid,2021,0.386
ton,sex_f,eco_sector_agr,mts_details_wid,2023,0.273
ton,sex_f,eco_sector_ind,mts_aggregate_1,2018,1.227
ton,sex_f,eco_sector_ind,mts_aggregate_1,2021,1.461
ton,sex_f,eco_sector_ind,mts_aggregate_1,2023,0.934
ton,sex_f,eco_sector_ind,mts_aggregate_2,2018,3.317
ton,sex_f,eco_sector_ind,mts_aggregate_2,2021,4.265
ton,sex_f,eco_sector_ind,mts_aggregate_2,2023,2.531
ton,sex_f,eco_sector_ind,mts_aggregate_total,2018,4.543
ton,sex_f,eco_sector_ind,mts_aggregate_total,2021,5.726
ton,sex_f,eco_sector_ind,mts_aggregate_total,2023,3.466
ton,sex_f,eco_sector_ind,mts_details_mrd,2018,3.235
ton,sex_f,eco_sector_ind,mts_details_mrd,2021,4.205
ton,sex_f,eco_sector_ind,mts_details_mrd,2023,2.45
ton,sex_f,eco_sector_ind,mts_details_sep,2018,0.155
ton,sex_f,eco_sector_ind,mts_details_sep,2021,0.24
ton,sex_f,eco_sector_ind,mts_details_sep,2023,0.24
ton,sex_f,eco_sector_ind,mts_details_sgle,2018,0.633
ton,sex_f,eco_sector_ind,mts_details_sgle,2021,0.595
ton,sex_f,eco_sector_ind,mts_details_sgle,2023,0.353
ton,sex_f,eco_sector_ind,mts_details_total,2018,4.543
ton,sex_f,eco_sector_ind,mts_details_total,2021,5.726
ton,sex_f,eco_sector_ind,mts_details_total,2023,3.466
ton,sex_f,eco_sector_ind,mts_details_union,2018,0.082
ton,sex_f,eco_sector_ind,mts_details_union,2023,0.08
ton,sex_f,eco_sector_ind,mts_details_wid,2018,0.439
ton,sex_f,eco_sector_ind,mts_details_wid,2021,0.625
ton,sex_f,eco_sector_ind,mts_details_wid,2023,0.341
ton,sex_f,eco_sector_nag,mts_aggregate_1,2018,2.287
ton,sex_f,eco_sector_nag,mts_aggregate_1,2021,2.286
ton,sex_f,eco_sector_nag,mts_aggregate_1,2023,1.331
ton,sex_f,eco_sector_nag,mts_aggregate_2,2018,4.838
ton,sex_f,eco_sector_nag,mts_aggregate_2,2021,5.612
ton,sex_f,eco_sector_nag,mts_aggregate_2,2023,3.083
ton,sex_f,eco_sector_nag,mts_aggregate_total,2018,7.125
ton,sex_f,eco_sector_nag,mts_aggregate_total,2021,7.897
ton,sex_f,eco_sector_nag,mts_aggregate_total,2023,4.414
ton,sex_f,eco_sector_nag,mts_details_mrd,2018,4.74
ton,sex_f,eco_sector_nag,mts_details_mrd,2021,5.511
ton,sex_f,eco_sector_nag,mts_details_mrd,2023,2.997
ton,sex_f,eco_sector_nag,mts_details_sep,2021,0.323
ton,sex_f,eco_sector_nag,mts_details_sep,2023,0.346
ton,sex_f,eco_sector_nag,mts_details_sgle,2018,1.439
ton,sex_f,eco_sector_nag,mts_details_sgle,2021,1.167
ton,sex_f,eco_sector_nag,mts_details_sgle,2023,0.607
ton,sex_f,eco_sector_nag,mts_details_total,2018,7.125
ton,sex_f,eco_sector_nag,mts_details_total,2021,7.897
ton,sex_f,eco_sector_nag,mts_details_total,2023,4.414
ton,sex_f,eco_sector_nag,mts_details_union,2023,0.087
ton,sex_f,eco_sector_nag,mts_details_wid,2018,0.569
ton,sex_f,eco_sector_nag,mts_details_wid,2021,0.796
ton,sex_f,eco_sector_nag,mts_details_wid,2023,0.378
ton,sex_f,eco_sector_ser,mts_aggregate_1,2018,1.049
ton,sex_f,eco_sector_ser,mts_aggregate_1,2021,0.762
ton,sex_f,eco_sector_ser,mts_aggregate_1,2023,0.396
ton,sex_f,eco_sector_ser,mts_aggregate_2,2018,1.476
ton,sex_f,eco_sector_ser,mts_aggregate_2,2021,1.186
ton,sex_f,eco_sector_ser,mts_aggregate_2,2023,0.545
ton,sex_f,eco_sector_ser,mts_aggregate_total,2018,2.526
ton,sex_f,eco_sector_ser,mts_aggregate_total,2021,1.948
ton,sex_f,eco_sector_ser,mts_aggregate_total,2023,0.942
ton,sex_f,eco_sector_ser,mts_details_mrd,2018,1.461
ton,sex_f,eco_sector_ser,mts_details_mrd,2021,1.146
ton,sex_f,eco_sector_ser,mts_details_mrd,2023,0.539
ton,sex_f,eco_sector_ser,mts_details_sep,2018,0.124
ton,sex_f,eco_sector_ser,mts_details_sep,2021,0.083
ton,sex_f,eco_sector_ser,mts_details_sep,2023,0.105
ton,sex_f,eco_sector_ser,mts_details_sgle,2018,0.802
ton,sex_f,eco_sector_ser,mts_details_sgle,2021,0.55
ton,sex_f,eco_sector_ser,mts_details_sgle,2023,0.254
ton,sex_f,eco_sector_ser,mts_details_total,2018,2.526
ton,sex_f,eco_sector_ser,mts_details_total,2021,1.948
ton,sex_f,eco_sector_ser,mts_details_total,2023,0.942
ton,sex_f,eco_sector_ser,mts_details_wid,2018,0.123
ton,sex_f,eco_sector_ser,mts_details_wid,2021,0.129
ton,sex_f,eco_sector_ser,mts_details_wid,2023,0.037
ton,sex_f,eco_sector_total,mts_aggregate_1,2018,2.845
ton,sex_f,eco_sector_total,mts_aggregate_1,2021,3
ton,sex_f,eco_sector_total,mts_aggregate_1,2023,1.842
ton,sex_f,eco_sector_total,mts_aggregate_2,2018,6.026
ton,sex_f,eco_sector_total,mts_aggregate_2,2021,6.938
ton,sex_f,eco_sector_total,mts_aggregate_2,2023,4.44
ton,sex_f,eco_sector_total,mts_aggregate_total,2018,8.871
ton,sex_f,eco_sector_total,mts_aggregate_total,2021,9.937
ton,sex_f,eco_sector_total,mts_aggregate_total,2023,6.282
ton,sex_f,eco_sector_total,mts_details_mrd,2018,5.913
ton,sex_f,eco_sector_total,mts_details_mrd,2021,6.829
ton,sex_f,eco_sector_total,mts_details_mrd,2023,4.353
ton,sex_f,eco_sector_total,mts_details_sep,2018,0.299
ton,sex_f,eco_sector_total,mts_details_sep,2021,0.395
ton,sex_f,eco_sector_total,mts_details_sep,2023,0.399
ton,sex_f,eco_sector_total,mts_details_sgle,2018,1.633
ton,sex_f,eco_sector_total,mts_details_sgle,2021,1.423
ton,sex_f,eco_sector_total,mts_details_sgle,2023,0.792
ton,sex_f,eco_sector_total,mts_details_total,2018,8.871
ton,sex_f,eco_sector_total,mts_details_total,2021,9.937
ton,sex_f,eco_sector_total,mts_details_total,2023,6.282
ton,sex_f,eco_sector_total,mts_details_union,2018,0.113
ton,sex_f,eco_sector_total,mts_details_union,2021,0.108
ton,sex_f,eco_sector_total,mts_details_union,2023,0.087
ton,sex_f,eco_sector_total,mts_details_wid,2018,0.912
ton,sex_f,eco_sector_total,mts_details_wid,2021,1.182
ton,sex_f,eco_sector_total,mts_details_wid,2023,0.651
ton,sex_f,eco_sector_x,mts_aggregate_1,2021,0.063
ton,sex_f,eco_sector_x,mts_aggregate_2,2018,0.045
ton,sex_f,eco_sector_x,mts_aggregate_2,2021,0.161
ton,sex_f,eco_sector_x,mts_aggregate_total,2018,0.056
ton,sex_f,eco_sector_x,mts_aggregate_total,2021,0.224
ton,sex_f,eco_sector_x,mts_details_mrd,2018,0.045
ton,sex_f,eco_sector_x,mts_details_mrd,2021,0.161
ton,sex_f,eco_sector_x,mts_details_total,2018,0.056
ton,sex_f,eco_sector_x,mts_details_total,2021,0.224
ton,sex_f,eco_sector_x,mts_details_wid,2021,0.042
ton,sex_m,eco_aggregate_agr,mts_aggregate_1,2018,2.365
ton,sex_m,eco_aggregate_agr,mts_aggregate_1,2021,1.986
ton,sex_m,eco_aggregate_agr,mts_aggregate_1,2023,1.402
ton,sex_m,eco_aggregate_agr,mts_aggregate_2,2018,5.611
ton,sex_m,eco_aggregate_agr,mts_aggregate_2,2021,5.431
ton,sex_m,eco_aggregate_agr,mts_aggregate_2,2023,4.325
ton,sex_m,eco_aggregate_agr,mts_aggregate_total,2018,7.976
ton,sex_m,eco_aggregate_agr,mts_aggregate_total,2021,7.417
ton,sex_m,eco_aggregate_agr,mts_aggregate_total,2023,5.726
ton,sex_m,eco_aggregate_agr,mts_details_mrd,2018,5.554
ton,sex_m,eco_aggregate_agr,mts_details_mrd,2021,5.364
ton,sex_m,eco_aggregate_agr,mts_details_mrd,2023,4.266
ton,sex_m,eco_aggregate_agr,mts_details_sep,2018,0.127
ton,sex_m,eco_aggregate_agr,mts_details_sep,2021,0.158
ton,sex_m,eco_aggregate_agr,mts_details_sep,2023,0.124
ton,sex_m,eco_aggregate_agr,mts_details_sgle,2018,1.855
ton,sex_m,eco_aggregate_agr,mts_details_sgle,2021,1.471
ton,sex_m,eco_aggregate_agr,mts_details_sgle,2023,0.919
ton,sex_m,eco_aggregate_agr,mts_details_total,2018,7.976
ton,sex_m,eco_aggregate_agr,mts_details_total,2021,7.417
ton,sex_m,eco_aggregate_agr,mts_details_total,2023,5.726
ton,sex_m,eco_aggregate_agr,mts_details_union,2018,0.058
ton,sex_m,eco_aggregate_agr,mts_details_union,2021,0.067
ton,sex_m,eco_aggregate_agr,mts_details_union,2023,0.059
ton,sex_m,eco_aggregate_agr,mts_details_wid,2018,0.382
ton,sex_m,eco_aggregate_agr,mts_details_wid,2021,0.356
ton,sex_m,eco_aggregate_agr,mts_details_wid,2023,0.359
ton,sex_m,eco_aggregate_con,mts_aggregate_1,2018,0.532
ton,sex_m,eco_aggregate_con,mts_aggregate_1,2021,0.463
ton,sex_m,eco_aggregate_con,mts_aggregate_1,2023,0.276
ton,sex_m,eco_aggregate_con,mts_aggregate_2,2018,1.302
ton,sex_m,eco_aggregate_con,mts_aggregate_2,2021,0.714
ton,sex_m,eco_aggregate_con,mts_aggregate_2,2023,0.411
ton,sex_m,eco_aggregate_con,mts_aggregate_total,2018,1.834
ton,sex_m,eco_aggregate_con,mts_aggregate_total,2021,1.177
ton,sex_m,eco_aggregate_con,mts_aggregate_total,2023,0.687
ton,sex_m,eco_aggregate_con,mts_details_mrd,2018,1.267
ton,sex_m,eco_aggregate_con,mts_details_mrd,2021,0.699
ton,sex_m,eco_aggregate_con,mts_details_mrd,2023,0.403
ton,sex_m,eco_aggregate_con,mts_details_sgle,2018,0.49
ton,sex_m,eco_aggregate_con,mts_details_sgle,2021,0.442
ton,sex_m,eco_aggregate_con,mts_details_sgle,2023,0.247
ton,sex_m,eco_aggregate_con,mts_details_total,2018,1.834
ton,sex_m,eco_aggregate_con,mts_details_total,2021,1.177
ton,sex_m,eco_aggregate_con,mts_details_total,2023,0.687
ton,sex_m,eco_aggregate_man,mts_aggregate_1,2018,0.146
ton,sex_m,eco_aggregate_man,mts_aggregate_1,2021,0.158
ton,sex_m,eco_aggregate_man,mts_aggregate_1,2023,0.034
ton,sex_m,eco_aggregate_man,mts_aggregate_2,2018,0.36
ton,sex_m,eco_aggregate_man,mts_aggregate_2,2021,0.259
ton,sex_m,eco_aggregate_man,mts_aggregate_2,2023,0.117
ton,sex_m,eco_aggregate_man,mts_aggregate_total,2018,0.505
ton,sex_m,eco_aggregate_man,mts_aggregate_total,2021,0.417
ton,sex_m,eco_aggregate_man,mts_aggregate_total,2023,0.152
ton,sex_m,eco_aggregate_man,mts_details_mrd,2018,0.36
ton,sex_m,eco_aggregate_man,mts_details_mrd,2021,0.241
ton,sex_m,eco_aggregate_man,mts_details_mrd,2023,0.117
ton,sex_m,eco_aggregate_man,mts_details_sep,2021,0
ton,sex_m,eco_aggregate_man,mts_details_sgle,2018,0.119
ton,sex_m,eco_aggregate_man,mts_details_sgle,2021,0.134
ton,sex_m,eco_aggregate_man,mts_details_total,2018,0.505
ton,sex_m,eco_aggregate_man,mts_details_total,2021,0.417
ton,sex_m,eco_aggregate_man,mts_details_total,2023,0.152
ton,sex_m,eco_aggregate_mel,mts_aggregate_2,2018,0.089
ton,sex_m,eco_aggregate_mel,mts_aggregate_2,2021,0.069
ton,sex_m,eco_aggregate_mel,mts_aggregate_total,2018,0.114
ton,sex_m,eco_aggregate_mel,mts_aggregate_total,2021,0.076
ton,sex_m,eco_aggregate_mel,mts_details_mrd,2018,0.089
ton,sex_m,eco_aggregate_mel,mts_details_mrd,2021,0.069
ton,sex_m,eco_aggregate_mel,mts_details_total,2018,0.114
ton,sex_m,eco_aggregate_mel,mts_details_total,2021,0.076
ton,sex_m,eco_aggregate_mkt,mts_aggregate_1,2018,0.641
ton,sex_m,eco_aggregate_mkt,mts_aggregate_1,2021,0.491
ton,sex_m,eco_aggregate_mkt,mts_aggregate_1,2023,0.15
ton,sex_m,eco_aggregate_mkt,mts_aggregate_2,2018,1.315
ton,sex_m,eco_aggregate_mkt,mts_aggregate_2,2021,1.035
ton,sex_m,eco_aggregate_mkt,mts_aggregate_2,2023,0.298
ton,sex_m,eco_aggregate_mkt,mts_aggregate_total,2018,1.956
ton,sex_m,eco_aggregate_mkt,mts_aggregate_total,2021,1.526
ton,sex_m,eco_aggregate_mkt,mts_aggregate_total,2023,0.448
ton,sex_m,eco_aggregate_mkt,mts_details_mrd,2018,1.307
ton,sex_m,eco_aggregate_mkt,mts_details_mrd,2021,1.002
ton,sex_m,eco_aggregate_mkt,mts_details_mrd,2023,0.298
ton,sex_m,eco_aggregate_mkt,mts_details_sgle,2018,0.536
ton,sex_m,eco_aggregate_mkt,mts_details_sgle,2021,0.377
ton,sex_m,eco_aggregate_mkt,mts_details_sgle,2023,0.115
ton,sex_m,eco_aggregate_mkt,mts_details_total,2018,1.956
ton,sex_m,eco_aggregate_mkt,mts_details_total,2021,1.526
ton,sex_m,eco_aggregate_mkt,mts_details_total,2023,0.448
ton,sex_m,eco_aggregate_mkt,mts_details_wid,2018,0.065
ton,sex_m,eco_aggregate_mkt,mts_details_wid,2021,0.08
ton,sex_m,eco_aggregate_pub,mts_aggregate_1,2018,0.095
ton,sex_m,eco_aggregate_pub,mts_aggregate_1,2021,0.103
ton,sex_m,eco_aggregate_pub,mts_aggregate_1,2023,0.13
ton,sex_m,eco_aggregate_pub,mts_aggregate_2,2018,0.288
ton,sex_m,eco_aggregate_pub,mts_aggregate_2,2021,0.108
ton,sex_m,eco_aggregate_pub,mts_aggregate_2,2023,0.133
ton,sex_m,eco_aggregate_pub,mts_aggregate_total,2018,0.383
ton,sex_m,eco_aggregate_pub,mts_aggregate_total,2021,0.212
ton,sex_m,eco_aggregate_pub,mts_aggregate_total,2023,0.262
ton,sex_m,eco_aggregate_pub,mts_details_mrd,2018,0.288
ton,sex_m,eco_aggregate_pub,mts_details_mrd,2021,0.108
ton,sex_m,eco_aggregate_pub,mts_details_mrd,2023,0.133
ton,sex_m,eco_aggregate_pub,mts_details_sgle,2018,0.074
ton,sex_m,eco_aggregate_pub,mts_details_sgle,2021,0.071
ton,sex_m,eco_aggregate_pub,mts_details_sgle,2023,0.13
ton,sex_m,eco_aggregate_pub,mts_details_total,2018,0.383
ton,sex_m,eco_aggregate_pub,mts_details_total,2021,0.212
ton,sex_m,eco_aggregate_pub,mts_details_total,2023,0.262
ton,sex_m,eco_aggregate_total,mts_aggregate_1,2018,3.86
ton,sex_m,eco_aggregate_total,mts_aggregate_1,2021,3.263
ton,sex_m,eco_aggregate_total,mts_aggregate_1,2023,1.992
ton,sex_m,eco_aggregate_total,mts_aggregate_2,2018,9.13
ton,sex_m,eco_aggregate_total,mts_aggregate_2,2021,7.717
ton,sex_m,eco_aggregate_total,mts_aggregate_2,2023,5.284
ton,sex_m,eco_aggregate_total,mts_aggregate_total,2018,12.99
ton,sex_m,eco_aggregate_total,mts_aggregate_total,2021,10.98
ton,sex_m,eco_aggregate_total,mts_aggregate_total,2023,7.276
ton,sex_m,eco_aggregate_total,mts_details_mrd,2018,9.031
ton,sex_m,eco_aggregate_total,mts_details_mrd,2021,7.585
ton,sex_m,eco_aggregate_total,mts_details_mrd,2023,5.217
ton,sex_m,eco_aggregate_total,mts_details_sep,2018,0.201
ton,sex_m,eco_aggregate_total,mts_details_sep,2021,0.219
ton,sex_m,eco_aggregate_total,mts_details_sep,2023,0.148
ton,sex_m,eco_aggregate_total,mts_details_sgle,2018,3.152
ton,sex_m,eco_aggregate_total,mts_details_sgle,2021,2.55
ton,sex_m,eco_aggregate_total,mts_details_sgle,2023,1.44
ton,sex_m,eco_aggregate_total,mts_details_total,2018,12.99
ton,sex_m,eco_aggregate_total,mts_details_total,2021,10.98
ton,sex_m,eco_aggregate_total,mts_details_total,2023,7.276
ton,sex_m,eco_aggregate_total,mts_details_union,2018,0.099
ton,sex_m,eco_aggregate_total,mts_details_union,2021,0.132
ton,sex_m,eco_aggregate_total,mts_details_union,2023,0.067
ton,sex_m,eco_aggregate_total,mts_details_wid,2018,0.507
ton,sex_m,eco_aggregate_total,mts_details_wid,2021,0.494
ton,sex_m,eco_aggregate_total,mts_details_wid,2023,0.404
ton,sex_m,eco_aggregate_x,mts_aggregate_1,2018,0.056
ton,sex_m,eco_aggregate_x,mts_aggregate_1,2021,0.054
ton,sex_m,eco_aggregate_x,mts_aggregate_2,2018,0.167
ton,sex_m,eco_aggregate_x,mts_aggregate_2,2021,0.101
ton,sex_m,eco_aggregate_x,mts_aggregate_total,2018,0.223
ton,sex_m,eco_aggregate_x,mts_aggregate_total,2021,0.155
ton,sex_m,eco_aggregate_x,mts_details_mrd,2018,0.167
ton,sex_m,eco_aggregate_x,mts_details_mrd,2021,0.101
ton,sex_m,eco_aggregate_x,mts_details_sgle,2018,0.053
ton,sex_m,eco_aggregate_x,mts_details_sgle,2021,0.048
ton,sex_m,eco_aggregate_x,mts_details_total,2018,0.223
ton,sex_m,eco_aggregate_x,mts_details_total,2021,0.155
ton,sex_m,eco_sector_agr,mts_aggregate_1,2018,2.365
ton,sex_m,eco_sector_agr,mts_aggregate_1,2021,1.986
ton,sex_m,eco_sector_agr,mts_aggregate_1,2023,1.402
ton,sex_m,eco_sector_agr,mts_aggregate_2,2018,5.611
ton,sex_m,eco_sector_agr,mts_aggregate_2,2021,5.431
ton,sex_m,eco_sector_agr,mts_aggregate_2,2023,4.325
ton,sex_m,eco_sector_agr,mts_aggregate_total,2018,7.976
ton,sex_m,eco_sector_agr,mts_aggregate_total,2021,7.417
ton,sex_m,eco_sector_agr,mts_aggregate_total,2023,5.726
ton,sex_m,eco_sector_agr,mts_details_mrd,2018,5.554
ton,sex_m,eco_sector_agr,mts_details_mrd,2021,5.364
ton,sex_m,eco_sector_agr,mts_details_mrd,2023,4.266
ton,sex_m,eco_sector_agr,mts_details_sep,2018,0.127
ton,sex_m,eco_sector_agr,mts_details_sep,2021,0.158
ton,sex_m,eco_sector_agr,mts_details_sep,2023,0.124
ton,sex_m,eco_sector_agr,mts_details_sgle,2018,1.855
ton,sex_m,eco_sector_agr,mts_details_sgle,2021,1.471
ton,sex_m,eco_sector_agr,mts_details_sgle,2023,0.919
ton,sex_m,eco_sector_agr,mts_details_total,2018,7.976
ton,sex_m,eco_sector_agr,mts_details_total,2021,7.417
ton,sex_m,eco_sector_agr,mts_details_total,2023,5.726
ton,sex_m,eco_sector_agr,mts_details_union,2018,0.058
ton,sex_m,eco_sector_agr,mts_details_union,2021,0.067
ton,sex_m,eco_sector_agr,mts_details_union,2023,0.059
ton,sex_m,eco_sector_agr,mts_details_wid,2018,0.382
ton,sex_m,eco_sector_agr,mts_details_wid,2021,0.356
ton,sex_m,eco_sector_agr,mts_details_wid,2023,0.359
ton,sex_m,eco_sector_ind,mts_aggregate_1,2018,0.703
ton,sex_m,eco_sector_ind,mts_aggregate_1,2021,0.628
ton,sex_m,eco_sector_ind,mts_aggregate_1,2023,0.31
ton,sex_m,eco_sector_ind,mts_aggregate_2,2018,1.75
ton,sex_m,eco_sector_ind,mts_aggregate_2,2021,1.042
ton,sex_m,eco_sector_ind,mts_aggregate_2,2023,0.528
ton,sex_m,eco_sector_ind,mts_aggregate_total,2018,2.453
ton,sex_m,eco_sector_ind,mts_aggregate_total,2021,1.67
ton,sex_m,eco_sector_ind,mts_aggregate_total,2023,0.839
ton,sex_m,eco_sector_ind,mts_details_mrd,2018,1.716
ton,sex_m,eco_sector_ind,mts_details_mrd,2021,1.009
ton,sex_m,eco_sector_ind,mts_details_mrd,2023,0.52
ton,sex_m,eco_sector_ind,mts_details_sgle,2018,0.634
ton,sex_m,eco_sector_ind,mts_details_sgle,2021,0.584
ton,sex_m,eco_sector_ind,mts_details_sgle,2023,0.276
ton,sex_m,eco_sector_ind,mts_details_total,2018,2.453
ton,sex_m,eco_sector_ind,mts_details_total,2021,1.67
ton,sex_m,eco_sector_ind,mts_details_total,2023,0.839
ton,sex_m,eco_sector_ind,mts_details_wid,2021,0.033
ton,sex_m,eco_sector_nag,mts_aggregate_1,2018,1.495
ton,sex_m,eco_sector_nag,mts_aggregate_1,2021,1.277
ton,sex_m,eco_sector_nag,mts_aggregate_1,2023,0.59
ton,sex_m,eco_sector_nag,mts_aggregate_2,2018,3.519
ton,sex_m,eco_sector_nag,mts_aggregate_2,2021,2.286
ton,sex_m,eco_sector_nag,mts_aggregate_2,2023,0.959
ton,sex_m,eco_sector_nag,mts_aggregate_total,2018,5.014
ton,sex_m,eco_sector_nag,mts_aggregate_total,2021,3.563
ton,sex_m,eco_sector_nag,mts_aggregate_total,2023,1.549
ton,sex_m,eco_sector_nag,mts_details_mrd,2018,3.477
ton,sex_m,eco_sector_nag,mts_details_mrd,2021,2.22
ton,sex_m,eco_sector_nag,mts_details_mrd,2023,0.951
ton,sex_m,eco_sector_nag,mts_details_sep,2018,0.074
ton,sex_m,eco_sector_nag,mts_details_sep,2021,0.06
ton,sex_m,eco_sector_nag,mts_details_sep,2023,0.024
ton,sex_m,eco_sector_nag,mts_details_sgle,2018,1.297
ton,sex_m,eco_sector_nag,mts_details_sgle,2021,1.079
ton,sex_m,eco_sector_nag,mts_details_sgle,2023,0.52
ton,sex_m,eco_sector_nag,mts_details_total,2018,5.014
ton,sex_m,eco_sector_nag,mts_details_total,2021,3.563
ton,sex_m,eco_sector_nag,mts_details_total,2023,1.549
ton,sex_m,eco_sector_nag,mts_details_union,2018,0.042
ton,sex_m,eco_sector_nag,mts_details_union,2021,0.065
ton,sex_m,eco_sector_nag,mts_details_union,2023,0.008
ton,sex_m,eco_sector_nag,mts_details_wid,2018,0.124
ton,sex_m,eco_sector_nag,mts_details_wid,2021,0.138
ton,sex_m,eco_sector_nag,mts_details_wid,2023,0.046
ton,sex_m,eco_sector_ser,mts_aggregate_1,2018,0.736
ton,sex_m,eco_sector_ser,mts_aggregate_1,2021,0.595
ton,sex_m,eco_sector_ser,mts_aggregate_1,2023,0.28
ton,sex_m,eco_sector_ser,mts_aggregate_2,2018,1.602
ton,sex_m,eco_sector_ser,mts_aggregate_2,2021,1.144
ton,sex_m,eco_sector_ser,mts_aggregate_2,2023,0.431
ton,sex_m,eco_sector_ser,mts_aggregate_total,2018,2.338
ton,sex_m,eco_sector_ser,mts_aggregate_total,2021,1.738
ton,sex_m,eco_sector_ser,mts_aggregate_total,2023,0.711
ton,sex_m,eco_sector_ser,mts_details_mrd,2018,1.595
ton,sex_m,eco_sector_ser,mts_details_mrd,2021,1.111
ton,sex_m,eco_sector_ser,mts_details_mrd,2023,0.431
ton,sex_m,eco_sector_ser,mts_details_sep,2018,0.047
ton,sex_m,eco_sector_ser,mts_details_sep,2021,0.042
ton,sex_m,eco_sector_ser,mts_details_sgle,2018,0.61
ton,sex_m,eco_sector_ser,mts_details_sgle,2021,0.448
ton,sex_m,eco_sector_ser,mts_details_sgle,2023,0.244
ton,sex_m,eco_sector_ser,mts_details_total,2018,2.338
ton,sex_m,eco_sector_ser,mts_details_total,2021,1.738
ton,sex_m,eco_sector_ser,mts_details_total,2023,0.711
ton,sex_m,eco_sector_ser,mts_details_wid,2018,0.079
ton,sex_m,eco_sector_ser,mts_details_wid,2021,0.105
ton,sex_m,eco_sector_total,mts_aggregate_1,2018,3.86
ton,sex_m,eco_sector_total,mts_aggregate_1,2021,3.263
ton,sex_m,eco_sector_total,mts_aggregate_1,2023,1.992
ton,sex_m,eco_sector_total,mts_aggregate_2,2018,9.13
ton,sex_m,eco_sector_total,mts_aggregate_2,2021,7.717
ton,sex_m,eco_sector_total,mts_aggregate_2,2023,5.284
ton,sex_m,eco_sector_total,mts_aggregate_total,2018,12.99
ton,sex_m,eco_sector_total,mts_aggregate_total,2021,10.98
ton,sex_m,eco_sector_total,mts_aggregate_total,2023,7.276
ton,sex_m,eco_sector_total,mts_details_mrd,2018,9.031
ton,sex_m,eco_sector_total,mts_details_mrd,2021,7.585
ton,sex_m,eco_sector_total,mts_details_mrd,2023,5.217
ton,sex_m,eco_sector_total,mts_details_sep,2018,0.201
ton,sex_m,eco_sector_total,mts_details_sep,2021,0.219
ton,sex_m,eco_sector_total,mts_details_sep,2023,0.148
ton,sex_m,eco_sector_total,mts_details_sgle,2018,3.152
ton,sex_m,eco_sector_total,mts_details_sgle,2021,2.55
ton,sex_m,eco_sector_total,mts_details_sgle,2023,1.44
ton,sex_m,eco_sector_total,mts_details_total,2018,12.99
ton,sex_m,eco_sector_total,mts_details_total,2021,10.98
ton,sex_m,eco_sector_total,mts_details_total,2023,7.276
ton,sex_m,eco_sector_total,mts_details_union,2018,0.099
ton,sex_m,eco_sector_total,mts_details_union,2021,0.132
ton,sex_m,eco_sector_total,mts_details_union,2023,0.067
ton,sex_m,eco_sector_total,mts_details_wid,2018,0.507
ton,sex_m,eco_sector_total,mts_details_wid,2021,0.494
ton,sex_m,eco_sector_total,mts_details_wid,2023,0.404
ton,sex_m,eco_sector_x,mts_aggregate_1,2018,0.056
ton,sex_m,eco_sector_x,mts_aggregate_1,2021,0.054
ton,sex_m,eco_sector_x,mts_aggregate_2,2018,0.167
ton,sex_m,eco_sector_x,mts_aggregate_2,2021,0.101
ton,sex_m,eco_sector_x,mts_aggregate_total,2018,0.223
ton,sex_m,eco_sector_x,mts_aggregate_total,2021,0.155
ton,sex_m,eco_sector_x,mts_details_mrd,2018,0.167
ton,sex_m,eco_sector_x,mts_details_mrd,2021,0.101
ton,sex_m,eco_sector_x,mts_details_sgle,2018,0.053
ton,sex_m,eco_sector_x,mts_details_sgle,2021,0.048
ton,sex_m,eco_sector_x,mts_details_total,2018,0.223
ton,sex_m,eco_sector_x,mts_details_total,2021,0.155
ton,sex_t,eco_aggregate_agr,mts_aggregate_1,2018,2.922
ton,sex_t,eco_aggregate_agr,mts_aggregate_1,2021,2.7
ton,sex_t,eco_aggregate_agr,mts_aggregate_1,2023,1.913
ton,sex_t,eco_aggregate_agr,mts_aggregate_2,2018,6.799
ton,sex_t,eco_aggregate_agr,mts_aggregate_2,2021,6.757
ton,sex_t,eco_aggregate_agr,mts_aggregate_2,2023,5.681
ton,sex_t,eco_aggregate_agr,mts_aggregate_total,2018,9.721
ton,sex_t,eco_aggregate_agr,mts_aggregate_total,2021,9.457
ton,sex_t,eco_aggregate_agr,mts_aggregate_total,2023,7.594
ton,sex_t,eco_aggregate_agr,mts_details_mrd,2018,6.726
ton,sex_t,eco_aggregate_agr,mts_details_mrd,2021,6.683
ton,sex_t,eco_aggregate_agr,mts_details_mrd,2023,5.622
ton,sex_t,eco_aggregate_agr,mts_details_sep,2018,0.147
ton,sex_t,eco_aggregate_agr,mts_details_sep,2021,0.231
ton,sex_t,eco_aggregate_agr,mts_details_sep,2023,0.177
ton,sex_t,eco_aggregate_agr,mts_details_sgle,2018,2.049
ton,sex_t,eco_aggregate_agr,mts_details_sgle,2021,1.727
ton,sex_t,eco_aggregate_agr,mts_details_sgle,2023,1.104
ton,sex_t,eco_aggregate_agr,mts_details_total,2018,9.721
ton,sex_t,eco_aggregate_agr,mts_details_total,2021,9.457
ton,sex_t,eco_aggregate_agr,mts_details_total,2023,7.594
ton,sex_t,eco_aggregate_agr,mts_details_union,2018,0.073
ton,sex_t,eco_aggregate_agr,mts_details_union,2021,0.074
ton,sex_t,eco_aggregate_agr,mts_details_union,2023,0.059
ton,sex_t,eco_aggregate_agr,mts_details_wid,2018,0.726
ton,sex_t,eco_aggregate_agr,mts_details_wid,2021,0.742
ton,sex_t,eco_aggregate_agr,mts_details_wid,2023,0.632
ton,sex_t,eco_aggregate_con,mts_aggregate_1,2018,0.562
ton,sex_t,eco_aggregate_con,mts_aggregate_1,2021,0.463
ton,sex_t,eco_aggregate_con,mts_aggregate_1,2023,0.318
ton,sex_t,eco_aggregate_con,mts_aggregate_2,2018,1.302
ton,sex_t,eco_aggregate_con,mts_aggregate_2,2021,0.714
ton,sex_t,eco_aggregate_con,mts_aggregate_2,2023,0.411
ton,sex_t,eco_aggregate_con,mts_aggregate_total,2018,1.864
ton,sex_t,eco_aggregate_con,mts_aggregate_total,2021,1.177
ton,sex_t,eco_aggregate_con,mts_aggregate_total,2023,0.729
ton,sex_t,eco_aggregate_con,mts_details_mrd,2018,1.267
ton,sex_t,eco_aggregate_con,mts_details_mrd,2021,0.699
ton,sex_t,eco_aggregate_con,mts_details_mrd,2023,0.403
ton,sex_t,eco_aggregate_con,mts_details_sgle,2018,0.515
ton,sex_t,eco_aggregate_con,mts_details_sgle,2021,0.442
ton,sex_t,eco_aggregate_con,mts_details_sgle,2023,0.29
ton,sex_t,eco_aggregate_con,mts_details_total,2018,1.864
ton,sex_t,eco_aggregate_con,mts_details_total,2021,1.177
ton,sex_t,eco_aggregate_con,mts_details_total,2023,0.729
ton,sex_t,eco_aggregate_man,mts_aggregate_1,2018,1.343
ton,sex_t,eco_aggregate_man,mts_aggregate_1,2021,1.601
ton,sex_t,eco_aggregate_man,mts_aggregate_1,2023,0.921
ton,sex_t,eco_aggregate_man,mts_aggregate_2,2018,3.676
ton,sex_t,eco_aggregate_man,mts_aggregate_2,2021,4.524
ton,sex_t,eco_aggregate_man,mts_aggregate_2,2023,2.648
ton,sex_t,eco_aggregate_man,mts_aggregate_total,2018,5.019
ton,sex_t,eco_aggregate_man,mts_aggregate_total,2021,6.125
ton,sex_t,eco_aggregate_man,mts_aggregate_total,2023,3.569
ton,sex_t,eco_aggregate_man,mts_details_mrd,2018,3.594
ton,sex_t,eco_aggregate_man,mts_details_mrd,2021,4.446
ton,sex_t,eco_aggregate_man,mts_details_mrd,2023,2.568
ton,sex_t,eco_aggregate_man,mts_details_sep,2018,0.158
ton,sex_t,eco_aggregate_man,mts_details_sep,2021,0.24
ton,sex_t,eco_aggregate_man,mts_details_sep,2023,0.242
ton,sex_t,eco_aggregate_man,mts_details_sgle,2018,0.727
ton,sex_t,eco_aggregate_man,mts_details_sgle,2021,0.712
ton,sex_t,eco_aggregate_man,mts_details_sgle,2023,0.333
ton,sex_t,eco_aggregate_man,mts_details_total,2018,5.019
ton,sex_t,eco_aggregate_man,mts_details_total,2021,6.125
ton,sex_t,eco_aggregate_man,mts_details_total,2023,3.569
ton,sex_t,eco_aggregate_man,mts_details_union,2018,0.082
ton,sex_t,eco_aggregate_man,mts_details_union,2021,0.079
ton,sex_t,eco_aggregate_man,mts_details_union,2023,0.08
ton,sex_t,eco_aggregate_man,mts_details_wid,2018,0.457
ton,sex_t,eco_aggregate_man,mts_details_wid,2021,0.649
ton,sex_t,eco_aggregate_man,mts_details_wid,2023,0.345
ton,sex_t,eco_aggregate_mel,mts_aggregate_2,2018,0.089
ton,sex_t,eco_aggregate_mel,mts_aggregate_2,2021,0.069
ton,sex_t,eco_aggregate_mel,mts_aggregate_total,2018,0.114
ton,sex_t,eco_aggregate_mel,mts_aggregate_total,2021,0.094
ton,sex_t,eco_aggregate_mel,mts_details_mrd,2018,0.089
ton,sex_t,eco_aggregate_mel,mts_details_mrd,2021,0.069
ton,sex_t,eco_aggregate_mel,mts_details_total,2018,0.114
ton,sex_t,eco_aggregate_mel,mts_details_total,2021,0.094
ton,sex_t,eco_aggregate_mkt,mts_aggregate_1,2018,1.451
ton,sex_t,eco_aggregate_mkt,mts_aggregate_1,2021,1.095
ton,sex_t,eco_aggregate_mkt,mts_aggregate_1,2023,0.372
ton,sex_t,eco_aggregate_mkt,mts_aggregate_2,2018,2.494
ton,sex_t,eco_aggregate_mkt,mts_aggregate_2,2021,2.017
ton,sex_t,eco_aggregate_mkt,mts_aggregate_2,2023,0.729
ton,sex_t,eco_aggregate_mkt,mts_aggregate_total,2018,3.944
ton,sex_t,eco_aggregate_mkt,mts_aggregate_total,2021,3.111
ton,sex_t,eco_aggregate_mkt,mts_aggregate_total,2023,1.101
ton,sex_t,eco_aggregate_mkt,mts_details_mrd,2018,2.471
ton,sex_t,eco_aggregate_mkt,mts_details_mrd,2021,1.959
ton,sex_t,eco_aggregate_mkt,mts_details_mrd,2023,0.723
ton,sex_t,eco_aggregate_mkt,mts_details_sep,2018,0.118
ton,sex_t,eco_aggregate_mkt,mts_details_sep,2021,0.082
ton,sex_t,eco_aggregate_mkt,mts_details_sep,2023,0.045
ton,sex_t,eco_aggregate_mkt,mts_details_sgle,2018,1.199
ton,sex_t,eco_aggregate_mkt,mts_details_sgle,2021,0.804
ton,sex_t,eco_aggregate_mkt,mts_details_sgle,2023,0.267
ton,sex_t,eco_aggregate_mkt,mts_details_total,2018,3.944
ton,sex_t,eco_aggregate_mkt,mts_details_total,2021,3.111
ton,sex_t,eco_aggregate_mkt,mts_details_total,2023,1.101
ton,sex_t,eco_aggregate_mkt,mts_details_union,2021,0.058
ton,sex_t,eco_aggregate_mkt,mts_details_wid,2018,0.133
ton,sex_t,eco_aggregate_mkt,mts_details_wid,2021,0.209
ton,sex_t,eco_aggregate_mkt,mts_details_wid,2023,0.061
ton,sex_t,eco_aggregate_pub,mts_aggregate_1,2018,0.335
ton,sex_t,eco_aggregate_pub,mts_aggregate_1,2021,0.262
ton,sex_t,eco_aggregate_pub,mts_aggregate_1,2023,0.303
ton,sex_t,eco_aggregate_pub,mts_aggregate_2,2018,0.585
ton,sex_t,eco_aggregate_pub,mts_aggregate_2,2021,0.312
ton,sex_t,eco_aggregate_pub,mts_aggregate_2,2023,0.248
ton,sex_t,eco_aggregate_pub,mts_aggregate_total,2018,0.919
ton,sex_t,eco_aggregate_pub,mts_aggregate_total,2021,0.574
ton,sex_t,eco_aggregate_pub,mts_aggregate_total,2023,0.551
ton,sex_t,eco_aggregate_pub,mts_details_mrd,2018,0.585
ton,sex_t,eco_aggregate_pub,mts_details_mrd,2021,0.298
ton,sex_t,eco_aggregate_pub,mts_details_mrd,2023,0.248
ton,sex_t,eco_aggregate_pub,mts_details_sep,2018,0.053
ton,sex_t,eco_aggregate_pub,mts_details_sep,2023,0.072
ton,sex_t,eco_aggregate_pub,mts_details_sgle,2018,0.212
ton,sex_t,eco_aggregate_pub,mts_details_sgle,2021,0.194
ton,sex_t,eco_aggregate_pub,mts_details_sgle,2023,0.232
ton,sex_t,eco_aggregate_pub,mts_details_total,2018,0.919
ton,sex_t,eco_aggregate_pub,mts_details_total,2021,0.574
ton,sex_t,eco_aggregate_pub,mts_details_total,2023,0.551
ton,sex_t,eco_aggregate_pub,mts_details_wid,2018,0.07
ton,sex_t,eco_aggregate_total,mts_aggregate_1,2018,6.705
ton,sex_t,eco_aggregate_total,mts_aggregate_1,2021,6.263
ton,sex_t,eco_aggregate_total,mts_aggregate_1,2023,3.834
ton,sex_t,eco_aggregate_total,mts_aggregate_2,2018,15.156
ton,sex_t,eco_aggregate_total,mts_aggregate_2,2021,14.654
ton,sex_t,eco_aggregate_total,mts_aggregate_2,2023,9.723
ton,sex_t,eco_aggregate_total,mts_aggregate_total,2018,21.861
ton,sex_t,eco_aggregate_total,mts_aggregate_total,2021,20.917
ton,sex_t,eco_aggregate_total,mts_aggregate_total,2023,13.557
ton,sex_t,eco_aggregate_total,mts_details_mrd,2018,14.944
ton,sex_t,eco_aggregate_total,mts_details_mrd,2021,14.414
ton,sex_t,eco_aggregate_total,mts_details_mrd,2023,9.57
ton,sex_t,eco_aggregate_total,mts_details_sep,2018,0.501
ton,sex_t,eco_aggregate_total,mts_details_sep,2021,0.614
ton,sex_t,eco_aggregate_total,mts_details_sep,2023,0.547
ton,sex_t,eco_aggregate_total,mts_details_sgle,2018,4.785
ton,sex_t,eco_aggregate_total,mts_details_sgle,2021,3.973
ton,sex_t,eco_aggregate_total,mts_details_sgle,2023,2.231
ton,sex_t,eco_aggregate_total,mts_details_total,2018,21.861
ton,sex_t,eco_aggregate_total,mts_details_total,2021,20.917
ton,sex_t,eco_aggregate_total,mts_details_total,2023,13.557
ton,sex_t,eco_aggregate_total,mts_details_union,2018,0.212
ton,sex_t,eco_aggregate_total,mts_details_union,2021,0.24
ton,sex_t,eco_aggregate_total,mts_details_union,2023,0.154
ton,sex_t,eco_aggregate_total,mts_details_wid,2018,1.419
ton,sex_t,eco_aggregate_total,mts_details_wid,2021,1.676
ton,sex_t,eco_aggregate_total,mts_details_wid,2023,1.055
ton,sex_t,eco_aggregate_x,mts_aggregate_1,2018,0.068
ton,sex_t,eco_aggregate_x,mts_aggregate_1,2021,0.117
ton,sex_t,eco_aggregate_x,mts_aggregate_2,2018,0.212
ton,sex_t,eco_aggregate_x,mts_aggregate_2,2021,0.261
ton,sex_t,eco_aggregate_x,mts_aggregate_total,2018,0.28
ton,sex_t,eco_aggregate_x,mts_aggregate_total,2021,0.379
ton,sex_t,eco_aggregate_x,mts_details_mrd,2018,0.212
ton,sex_t,eco_aggregate_x,mts_details_mrd,2021,0.261
ton,sex_t,eco_aggregate_x,mts_details_sgle,2018,0.057
ton,sex_t,eco_aggregate_x,mts_details_sgle,2021,0.069
ton,sex_t,eco_aggregate_x,mts_details_total,2018,0.28
ton,sex_t,eco_aggregate_x,mts_details_total,2021,0.379
ton,sex_t,eco_aggregate_x,mts_details_wid,2021,0.042
ton,sex_t,eco_sector_agr,mts_aggregate_1,2018,2.922
ton,sex_t,eco_sector_agr,mts_aggregate_1,2021,2.7
ton,sex_t,eco_sector_agr,mts_aggregate_1,2023,1.913
ton,sex_t,eco_sector_agr,mts_aggregate_2,2018,6.799
ton,sex_t,eco_sector_agr,mts_aggregate_2,2021,6.757
ton,sex_t,eco_sector_agr,mts_aggregate_2,2023,5.681
ton,sex_t,eco_sector_agr,mts_aggregate_total,2018,9.721
ton,sex_t,eco_sector_agr,mts_aggregate_total,2021,9.457
ton,sex_t,eco_sector_agr,mts_aggregate_total,2023,7.594
ton,sex_t,eco_sector_agr,mts_details_mrd,2018,6.726
ton,sex_t,eco_sector_agr,mts_details_mrd,2021,6.683
ton,sex_t,eco_sector_agr,mts_details_mrd,2023,5.622
ton,sex_t,eco_sector_agr,mts_details_sep,2018,0.147
ton,sex_t,eco_sector_agr,mts_details_sep,2021,0.231
ton,sex_t,eco_sector_agr,mts_details_sep,2023,0.177
ton,sex_t,eco_sector_agr,mts_details_sgle,2018,2.049
ton,sex_t,eco_sector_agr,mts_details_sgle,2021,1.727
ton,sex_t,eco_sector_agr,mts_details_sgle,2023,1.104
ton,sex_t,eco_sector_agr,mts_details_total,2018,9.721
ton,sex_t,eco_sector_agr,mts_details_total,2021,9.457
ton,sex_t,eco_sector_agr,mts_details_total,2023,7.594
ton,sex_t,eco_sector_agr,mts_details_union,2018,0.073
ton,sex_t,eco_sector_agr,mts_details_union,2021,0.074
ton,sex_t,eco_sector_agr,mts_details_union,2023,0.059
ton,sex_t,eco_sector_agr,mts_details_wid,2018,0.726
ton,sex_t,eco_sector_agr,mts_details_wid,2021,0.742
ton,sex_t,eco_sector_agr,mts_details_wid,2023,0.632
ton,sex_t,eco_sector_ind,mts_aggregate_1,2018,1.93
ton,sex_t,eco_sector_ind,mts_aggregate_1,2021,2.089
ton,sex_t,eco_sector_ind,mts_aggregate_1,2023,1.245
ton,sex_t,eco_sector_ind,mts_aggregate_2,2018,5.067
ton,sex_t,eco_sector_ind,mts_aggregate_2,2021,5.307
ton,sex_t,eco_sector_ind,mts_aggregate_2,2023,3.059
ton,sex_t,eco_sector_ind,mts_aggregate_total,2018,6.996
ton,sex_t,eco_sector_ind,mts_aggregate_total,2021,7.396
ton,sex_t,eco_sector_ind,mts_aggregate_total,2023,4.304
ton,sex_t,eco_sector_ind,mts_details_mrd,2018,4.95
ton,sex_t,eco_sector_ind,mts_details_mrd,2021,5.214
ton,sex_t,eco_sector_ind,mts_details_mrd,2023,2.97
ton,sex_t,eco_sector_ind,mts_details_sep,2018,0.179
ton,sex_t,eco_sector_ind,mts_details_sep,2021,0.252
ton,sex_t,eco_sector_ind,mts_details_sep,2023,0.254
ton,sex_t,eco_sector_ind,mts_details_sgle,2018,1.267
ton,sex_t,eco_sector_ind,mts_details_sgle,2021,1.179
ton,sex_t,eco_sector_ind,mts_details_sgle,2023,0.629
ton,sex_t,eco_sector_ind,mts_details_total,2018,6.996
ton,sex_t,eco_sector_ind,mts_details_total,2021,7.396
ton,sex_t,eco_sector_ind,mts_details_total,2023,4.304
ton,sex_t,eco_sector_ind,mts_details_union,2018,0.116
ton,sex_t,eco_sector_ind,mts_details_union,2021,0.094
ton,sex_t,eco_sector_ind,mts_details_union,2023,0.089
ton,sex_t,eco_sector_ind,mts_details_wid,2018,0.483
ton,sex_t,eco_sector_ind,mts_details_wid,2021,0.658
ton,sex_t,eco_sector_ind,mts_details_wid,2023,0.362
ton,sex_t,eco_sector_nag,mts_aggregate_1,2018,3.783
ton,sex_t,eco_sector_nag,mts_aggregate_1,2021,3.563
ton,sex_t,eco_sector_nag,mts_aggregate_1,2023,1.921
ton,sex_t,eco_sector_nag,mts_aggregate_2,2018,8.357
ton,sex_t,eco_sector_nag,mts_aggregate_2,2021,7.897
ton,sex_t,eco_sector_nag,mts_aggregate_2,2023,4.043
ton,sex_t,eco_sector_nag,mts_aggregate_total,2018,12.14
ton,sex_t,eco_sector_nag,mts_aggregate_total,2021,11.46
ton,sex_t,eco_sector_nag,mts_aggregate_total,2023,5.963
ton,sex_t,eco_sector_nag,mts_details_mrd,2018,8.218
ton,sex_t,eco_sector_nag,mts_details_mrd,2021,7.731
ton,sex_t,eco_sector_nag,mts_details_mrd,2023,3.947
ton,sex_t,eco_sector_nag,mts_details_sep,2018,0.354
ton,sex_t,eco_sector_nag,mts_details_sep,2021,0.384
ton,sex_t,eco_sector_nag,mts_details_sep,2023,0.37
ton,sex_t,eco_sector_nag,mts_details_sgle,2018,2.736
ton,sex_t,eco_sector_nag,mts_details_sgle,2021,2.246
ton,sex_t,eco_sector_nag,mts_details_sgle,2023,1.127
ton,sex_t,eco_sector_nag,mts_details_total,2018,12.14
ton,sex_t,eco_sector_nag,mts_details_total,2021,11.46
ton,sex_t,eco_sector_nag,mts_details_total,2023,5.963
ton,sex_t,eco_sector_nag,mts_details_union,2018,0.139
ton,sex_t,eco_sector_nag,mts_details_union,2021,0.166
ton,sex_t,eco_sector_nag,mts_details_union,2023,0.095
ton,sex_t,eco_sector_nag,mts_details_wid,2018,0.693
ton,sex_t,eco_sector_nag,mts_details_wid,2021,0.933
ton,sex_t,eco_sector_nag,mts_details_wid,2023,0.423
ton,sex_t,eco_sector_ser,mts_aggregate_1,2018,1.785
ton,sex_t,eco_sector_ser,mts_aggregate_1,2021,1.356
ton,sex_t,eco_sector_ser,mts_aggregate_1,2023,0.676
ton,sex_t,eco_sector_ser,mts_aggregate_2,2018,3.078
ton,sex_t,eco_sector_ser,mts_aggregate_2,2021,2.329
ton,sex_t,eco_sector_ser,mts_aggregate_2,2023,0.977
ton,sex_t,eco_sector_ser,mts_aggregate_total,2018,4.864
ton,sex_t,eco_sector_ser,mts_aggregate_total,2021,3.686
ton,sex_t,eco_sector_ser,mts_aggregate_total,2023,1.652
ton,sex_t,eco_sector_ser,mts_details_mrd,2018,3.056
ton,sex_t,eco_sector_ser,mts_details_mrd,2021,2.256
ton,sex_t,eco_sector_ser,mts_details_mrd,2023,0.97
ton,sex_t,eco_sector_ser,mts_details_sep,2018,0.171
ton,sex_t,eco_sector_ser,mts_details_sep,2021,0.125
ton,sex_t,eco_sector_ser,mts_details_sep,2023,0.117
ton,sex_t,eco_sector_ser,mts_details_sgle,2018,1.411
ton,sex_t,eco_sector_ser,mts_details_sgle,2021,0.998
ton,sex_t,eco_sector_ser,mts_details_sgle,2023,0.498
ton,sex_t,eco_sector_ser,mts_details_total,2018,4.864
ton,sex_t,eco_sector_ser,mts_details_total,2021,3.686
ton,sex_t,eco_sector_ser,mts_details_total,2023,1.652
ton,sex_t,eco_sector_ser,mts_details_union,2021,0.073
ton,sex_t,eco_sector_ser,mts_details_wid,2018,0.203
ton,sex_t,eco_sector_ser,mts_details_wid,2021,0.234
ton,sex_t,eco_sector_ser,mts_details_wid,2023,0.061
ton,sex_t,eco_sector_total,mts_aggregate_1,2018,6.705
ton,sex_t,eco_sector_total,mts_aggregate_1,2021,6.263
ton,sex_t,eco_sector_total,mts_aggregate_1,2023,3.834
ton,sex_t,eco_sector_total,mts_aggregate_2,2018,15.156
ton,sex_t,eco_sector_total,mts_aggregate_2,2021,14.654
ton,sex_t,eco_sector_total,mts_aggregate_2,2023,9.723
ton,sex_t,eco_sector_total,mts_aggregate_total,2018,21.861
ton,sex_t,eco_sector_total,mts_aggregate_total,2021,20.917
ton,sex_t,eco_sector_total,mts_aggregate_total,2023,13.557
ton,sex_t,eco_sector_total,mts_details_mrd,2018,14.944
ton,sex_t,eco_sector_total,mts_details_mrd,2021,14.414
ton,sex_t,eco_sector_total,mts_details_mrd,2023,9.57
ton,sex_t,eco_sector_total,mts_details_sep,2018,0.501
ton,sex_t,eco_sector_total,mts_details_sep,2021,0.614
ton,sex_t,eco_sector_total,mts_details_sep,2023,0.547
ton,sex_t,eco_sector_total,mts_details_sgle,2018,4.785
ton,sex_t,eco_sector_total,mts_details_sgle,2021,3.973
ton,sex_t,eco_sector_total,mts_details_sgle,2023,2.231
ton,sex_t,eco_sector_total,mts_details_total,2018,21.861
ton,sex_t,eco_sector_total,mts_details_total,2021,20.917
ton,sex_t,eco_sector_total,mts_details_total,2023,13.557
ton,sex_t,eco_sector_total,mts_details_union,2018,0.212
ton,sex_t,eco_sector_total,mts_details_union,2021,0.24
ton,sex_t,eco_sector_total,mts_details_union,2023,0.154
ton,sex_t,eco_sector_total,mts_details_wid,2018,1.419
ton,sex_t,eco_sector_total,mts_details_wid,2021,1.676
ton,sex_t,eco_sector_total,mts_details_wid,2023,1.055
ton,sex_t,eco_sector_x,mts_aggregate_1,2018,0.068
ton,sex_t,eco_sector_x,mts_aggregate_1,2021,0.117
ton,sex_t,eco_sector_x,mts_aggregate_2,2018,0.212
ton,sex_t,eco_sector_x,mts_aggregate_2,2021,0.261
ton,sex_t,eco_sector_x,mts_aggregate_total,2018,0.28
ton,sex_t,eco_sector_x,mts_aggregate_total,2021,0.379
ton,sex_t,eco_sector_x,mts_details_mrd,2018,0.212
ton,sex_t,eco_sector_x,mts_details_mrd,2021,0.261
ton,sex_t,eco_sector_x,mts_details_sgle,2018,0.057
ton,sex_t,eco_sector_x,mts_details_sgle,2021,0.069
ton,sex_t,eco_sector_x,mts_details_total,2018,0.28
ton,sex_t,eco_sector_x,mts_details_total,2021,0.379
ton,sex_t,eco_sector_x,mts_details_wid,2021,0.042
