ref_area,sex,classif1,classif2,time,how_temp_sex_ocu_mts_nb
btn,sex_f,ocu_isco08_0,mts_aggregate_total,2022,54.96
btn,sex_f,ocu_isco08_0,mts_details_total,2022,54.96
btn,sex_f,ocu_isco08_1,mts_aggregate_1,2018,49.28
btn,sex_f,ocu_isco08_1,mts_aggregate_1,2019,60.21
btn,sex_f,ocu_isco08_1,mts_aggregate_1,2020,53.29
btn,sex_f,ocu_isco08_1,mts_aggregate_1,2021,48.86
btn,sex_f,ocu_isco08_1,mts_aggregate_1,2022,58.47
btn,sex_f,ocu_isco08_1,mts_aggregate_2,2018,51.76
btn,sex_f,ocu_isco08_1,mts_aggregate_2,2019,57.99
btn,sex_f,ocu_isco08_1,mts_aggregate_2,2020,58.26
btn,sex_f,ocu_isco08_1,mts_aggregate_2,2021,53.64
btn,sex_f,ocu_isco08_1,mts_aggregate_2,2022,60.25
btn,sex_f,ocu_isco08_1,mts_aggregate_total,2018,51.17
btn,sex_f,ocu_isco08_1,mts_aggregate_total,2019,58.56
btn,sex_f,ocu_isco08_1,mts_aggregate_total,2020,56.97
btn,sex_f,ocu_isco08_1,mts_aggregate_total,2021,52.18
btn,sex_f,ocu_isco08_1,mts_aggregate_total,2022,59.84
btn,sex_f,ocu_isco08_1,mts_details_mrd,2018,51.72
btn,sex_f,ocu_isco08_1,mts_details_mrd,2019,57.99
btn,sex_f,ocu_isco08_1,mts_details_mrd,2020,58.26
btn,sex_f,ocu_isco08_1,mts_details_mrd,2021,53.65
btn,sex_f,ocu_isco08_1,mts_details_mrd,2022,60.25
btn,sex_f,ocu_isco08_1,mts_details_sep,2018,61.28
btn,sex_f,ocu_isco08_1,mts_details_sep,2019,57.73
btn,sex_f,ocu_isco08_1,mts_details_sep,2020,59.29
btn,sex_f,ocu_isco08_1,mts_details_sep,2021,53.72
btn,sex_f,ocu_isco08_1,mts_details_sep,2022,62.58
btn,sex_f,ocu_isco08_1,mts_details_sgle,2018,42.2
btn,sex_f,ocu_isco08_1,mts_details_sgle,2019,60
btn,sex_f,ocu_isco08_1,mts_details_sgle,2020,49.83
btn,sex_f,ocu_isco08_1,mts_details_sgle,2021,50.75
btn,sex_f,ocu_isco08_1,mts_details_sgle,2022,54.34
btn,sex_f,ocu_isco08_1,mts_details_total,2018,51.17
btn,sex_f,ocu_isco08_1,mts_details_total,2019,58.56
btn,sex_f,ocu_isco08_1,mts_details_total,2020,56.97
btn,sex_f,ocu_isco08_1,mts_details_total,2021,52.18
btn,sex_f,ocu_isco08_1,mts_details_total,2022,59.84
btn,sex_f,ocu_isco08_1,mts_details_wid,2019,67.09
btn,sex_f,ocu_isco08_1,mts_details_wid,2021,35.79
btn,sex_f,ocu_isco08_1,mts_details_wid,2022,60.16
btn,sex_f,ocu_isco08_2,mts_aggregate_1,2018,44.08
btn,sex_f,ocu_isco08_2,mts_aggregate_1,2019,45.58
btn,sex_f,ocu_isco08_2,mts_aggregate_1,2020,39.89
btn,sex_f,ocu_isco08_2,mts_aggregate_1,2021,42.84
btn,sex_f,ocu_isco08_2,mts_aggregate_1,2022,47.57
btn,sex_f,ocu_isco08_2,mts_aggregate_2,2018,44.43
btn,sex_f,ocu_isco08_2,mts_aggregate_2,2019,44.23
btn,sex_f,ocu_isco08_2,mts_aggregate_2,2020,41.28
btn,sex_f,ocu_isco08_2,mts_aggregate_2,2021,43.62
btn,sex_f,ocu_isco08_2,mts_aggregate_2,2022,46.39
btn,sex_f,ocu_isco08_2,mts_aggregate_total,2018,44.34
btn,sex_f,ocu_isco08_2,mts_aggregate_total,2019,44.65
btn,sex_f,ocu_isco08_2,mts_aggregate_total,2020,40.87
btn,sex_f,ocu_isco08_2,mts_aggregate_total,2021,43.36
btn,sex_f,ocu_isco08_2,mts_aggregate_total,2022,46.77
btn,sex_f,ocu_isco08_2,mts_details_mrd,2018,44.39
btn,sex_f,ocu_isco08_2,mts_details_mrd,2019,44.33
btn,sex_f,ocu_isco08_2,mts_details_mrd,2020,41.33
btn,sex_f,ocu_isco08_2,mts_details_mrd,2021,43.7
btn,sex_f,ocu_isco08_2,mts_details_mrd,2022,46.17
btn,sex_f,ocu_isco08_2,mts_details_sep,2018,46.58
btn,sex_f,ocu_isco08_2,mts_details_sep,2019,42.28
btn,sex_f,ocu_isco08_2,mts_details_sep,2020,33.9
btn,sex_f,ocu_isco08_2,mts_details_sep,2021,40.36
btn,sex_f,ocu_isco08_2,mts_details_sep,2022,45.56
btn,sex_f,ocu_isco08_2,mts_details_sgle,2018,43.55
btn,sex_f,ocu_isco08_2,mts_details_sgle,2019,46.3
btn,sex_f,ocu_isco08_2,mts_details_sgle,2020,40.95
btn,sex_f,ocu_isco08_2,mts_details_sgle,2021,43.5
btn,sex_f,ocu_isco08_2,mts_details_sgle,2022,47.93
btn,sex_f,ocu_isco08_2,mts_details_total,2018,44.34
btn,sex_f,ocu_isco08_2,mts_details_total,2019,44.65
btn,sex_f,ocu_isco08_2,mts_details_total,2020,40.87
btn,sex_f,ocu_isco08_2,mts_details_total,2021,43.36
btn,sex_f,ocu_isco08_2,mts_details_total,2022,46.77
btn,sex_f,ocu_isco08_2,mts_details_wid,2019,43.56
btn,sex_f,ocu_isco08_2,mts_details_wid,2020,44.8
btn,sex_f,ocu_isco08_3,mts_aggregate_1,2018,50.36
btn,sex_f,ocu_isco08_3,mts_aggregate_1,2019,46.32
btn,sex_f,ocu_isco08_3,mts_aggregate_1,2020,40.93
btn,sex_f,ocu_isco08_3,mts_aggregate_1,2021,47.05
btn,sex_f,ocu_isco08_3,mts_aggregate_1,2022,50.51
btn,sex_f,ocu_isco08_3,mts_aggregate_2,2018,46.08
btn,sex_f,ocu_isco08_3,mts_aggregate_2,2019,45.67
btn,sex_f,ocu_isco08_3,mts_aggregate_2,2020,42.86
btn,sex_f,ocu_isco08_3,mts_aggregate_2,2021,44.79
btn,sex_f,ocu_isco08_3,mts_aggregate_2,2022,47.77
btn,sex_f,ocu_isco08_3,mts_aggregate_total,2018,47.17
btn,sex_f,ocu_isco08_3,mts_aggregate_total,2019,45.8
btn,sex_f,ocu_isco08_3,mts_aggregate_total,2020,42.41
btn,sex_f,ocu_isco08_3,mts_aggregate_total,2021,45.42
btn,sex_f,ocu_isco08_3,mts_aggregate_total,2022,48.47
btn,sex_f,ocu_isco08_3,mts_details_mrd,2018,46.11
btn,sex_f,ocu_isco08_3,mts_details_mrd,2019,45.67
btn,sex_f,ocu_isco08_3,mts_details_mrd,2020,42.88
btn,sex_f,ocu_isco08_3,mts_details_mrd,2021,44.79
btn,sex_f,ocu_isco08_3,mts_details_mrd,2022,47.77
btn,sex_f,ocu_isco08_3,mts_details_sep,2018,46.19
btn,sex_f,ocu_isco08_3,mts_details_sep,2019,48.07
btn,sex_f,ocu_isco08_3,mts_details_sep,2020,39.23
btn,sex_f,ocu_isco08_3,mts_details_sep,2021,46.05
btn,sex_f,ocu_isco08_3,mts_details_sep,2022,49.84
btn,sex_f,ocu_isco08_3,mts_details_sgle,2018,51.1
btn,sex_f,ocu_isco08_3,mts_details_sgle,2019,46.29
btn,sex_f,ocu_isco08_3,mts_details_sgle,2020,41.39
btn,sex_f,ocu_isco08_3,mts_details_sgle,2021,47.61
btn,sex_f,ocu_isco08_3,mts_details_sgle,2022,50.17
btn,sex_f,ocu_isco08_3,mts_details_total,2018,47.17
btn,sex_f,ocu_isco08_3,mts_details_total,2019,45.8
btn,sex_f,ocu_isco08_3,mts_details_total,2020,42.41
btn,sex_f,ocu_isco08_3,mts_details_total,2021,45.42
btn,sex_f,ocu_isco08_3,mts_details_total,2022,48.47
btn,sex_f,ocu_isco08_3,mts_details_wid,2021,45
btn,sex_f,ocu_isco08_4,mts_aggregate_1,2018,48.08
btn,sex_f,ocu_isco08_4,mts_aggregate_1,2019,47.97
btn,sex_f,ocu_isco08_4,mts_aggregate_1,2020,45.28
btn,sex_f,ocu_isco08_4,mts_aggregate_1,2021,45.79
btn,sex_f,ocu_isco08_4,mts_aggregate_1,2022,47.61
btn,sex_f,ocu_isco08_4,mts_aggregate_2,2018,48.63
btn,sex_f,ocu_isco08_4,mts_aggregate_2,2019,46.53
btn,sex_f,ocu_isco08_4,mts_aggregate_2,2020,42.42
btn,sex_f,ocu_isco08_4,mts_aggregate_2,2021,45.8
btn,sex_f,ocu_isco08_4,mts_aggregate_2,2022,47.47
btn,sex_f,ocu_isco08_4,mts_aggregate_total,2018,48.43
btn,sex_f,ocu_isco08_4,mts_aggregate_total,2019,46.96
btn,sex_f,ocu_isco08_4,mts_aggregate_total,2020,43.28
btn,sex_f,ocu_isco08_4,mts_aggregate_total,2021,45.8
btn,sex_f,ocu_isco08_4,mts_aggregate_total,2022,47.51
btn,sex_f,ocu_isco08_4,mts_details_mrd,2018,48.63
btn,sex_f,ocu_isco08_4,mts_details_mrd,2019,46.53
btn,sex_f,ocu_isco08_4,mts_details_mrd,2020,42.36
btn,sex_f,ocu_isco08_4,mts_details_mrd,2021,45.77
btn,sex_f,ocu_isco08_4,mts_details_mrd,2022,47.51
btn,sex_f,ocu_isco08_4,mts_details_sep,2018,53.94
btn,sex_f,ocu_isco08_4,mts_details_sep,2019,49.18
btn,sex_f,ocu_isco08_4,mts_details_sep,2020,44.04
btn,sex_f,ocu_isco08_4,mts_details_sep,2021,40.85
btn,sex_f,ocu_isco08_4,mts_details_sep,2022,46.4
btn,sex_f,ocu_isco08_4,mts_details_sgle,2018,46.96
btn,sex_f,ocu_isco08_4,mts_details_sgle,2019,47.59
btn,sex_f,ocu_isco08_4,mts_details_sgle,2020,46.12
btn,sex_f,ocu_isco08_4,mts_details_sgle,2021,47.49
btn,sex_f,ocu_isco08_4,mts_details_sgle,2022,48.41
btn,sex_f,ocu_isco08_4,mts_details_total,2018,48.43
btn,sex_f,ocu_isco08_4,mts_details_total,2019,46.96
btn,sex_f,ocu_isco08_4,mts_details_total,2020,43.28
btn,sex_f,ocu_isco08_4,mts_details_total,2021,45.8
btn,sex_f,ocu_isco08_4,mts_details_total,2022,47.51
btn,sex_f,ocu_isco08_5,mts_aggregate_1,2018,60.04
btn,sex_f,ocu_isco08_5,mts_aggregate_1,2019,61.74
btn,sex_f,ocu_isco08_5,mts_aggregate_1,2020,57.43
btn,sex_f,ocu_isco08_5,mts_aggregate_1,2021,59.81
btn,sex_f,ocu_isco08_5,mts_aggregate_1,2022,66.06
btn,sex_f,ocu_isco08_5,mts_aggregate_2,2018,59.24
btn,sex_f,ocu_isco08_5,mts_aggregate_2,2019,61.56
btn,sex_f,ocu_isco08_5,mts_aggregate_2,2020,58.49
btn,sex_f,ocu_isco08_5,mts_aggregate_2,2021,60.89
btn,sex_f,ocu_isco08_5,mts_aggregate_2,2022,65.56
btn,sex_f,ocu_isco08_5,mts_aggregate_total,2018,59.47
btn,sex_f,ocu_isco08_5,mts_aggregate_total,2019,61.61
btn,sex_f,ocu_isco08_5,mts_aggregate_total,2020,58.16
btn,sex_f,ocu_isco08_5,mts_aggregate_total,2021,60.59
btn,sex_f,ocu_isco08_5,mts_aggregate_total,2022,65.7
btn,sex_f,ocu_isco08_5,mts_details_mrd,2018,59.28
btn,sex_f,ocu_isco08_5,mts_details_mrd,2019,61.56
btn,sex_f,ocu_isco08_5,mts_details_mrd,2020,58.46
btn,sex_f,ocu_isco08_5,mts_details_mrd,2021,60.89
btn,sex_f,ocu_isco08_5,mts_details_mrd,2022,65.64
btn,sex_f,ocu_isco08_5,mts_details_sep,2018,61.53
btn,sex_f,ocu_isco08_5,mts_details_sep,2019,59.82
btn,sex_f,ocu_isco08_5,mts_details_sep,2020,60.12
btn,sex_f,ocu_isco08_5,mts_details_sep,2021,59.91
btn,sex_f,ocu_isco08_5,mts_details_sep,2022,65.31
btn,sex_f,ocu_isco08_5,mts_details_sgle,2018,60.71
btn,sex_f,ocu_isco08_5,mts_details_sgle,2019,62.9
btn,sex_f,ocu_isco08_5,mts_details_sgle,2020,56.72
btn,sex_f,ocu_isco08_5,mts_details_sgle,2021,60.03
btn,sex_f,ocu_isco08_5,mts_details_sgle,2022,65.94
btn,sex_f,ocu_isco08_5,mts_details_total,2018,59.47
btn,sex_f,ocu_isco08_5,mts_details_total,2019,61.61
btn,sex_f,ocu_isco08_5,mts_details_total,2020,58.16
btn,sex_f,ocu_isco08_5,mts_details_total,2021,60.59
btn,sex_f,ocu_isco08_5,mts_details_total,2022,65.7
btn,sex_f,ocu_isco08_5,mts_details_union,2018,54.6
btn,sex_f,ocu_isco08_5,mts_details_wid,2018,54.98
btn,sex_f,ocu_isco08_5,mts_details_wid,2019,61.66
btn,sex_f,ocu_isco08_5,mts_details_wid,2020,53.85
btn,sex_f,ocu_isco08_5,mts_details_wid,2021,58.75
btn,sex_f,ocu_isco08_5,mts_details_wid,2022,69.04
btn,sex_f,ocu_isco08_6,mts_aggregate_1,2018,49.93
btn,sex_f,ocu_isco08_6,mts_aggregate_1,2019,49.87
btn,sex_f,ocu_isco08_6,mts_aggregate_1,2020,46.6
btn,sex_f,ocu_isco08_6,mts_aggregate_1,2021,49.2
btn,sex_f,ocu_isco08_6,mts_aggregate_1,2022,53.52
btn,sex_f,ocu_isco08_6,mts_aggregate_2,2018,49.26
btn,sex_f,ocu_isco08_6,mts_aggregate_2,2019,50.66
btn,sex_f,ocu_isco08_6,mts_aggregate_2,2020,47.41
btn,sex_f,ocu_isco08_6,mts_aggregate_2,2021,49.57
btn,sex_f,ocu_isco08_6,mts_aggregate_2,2022,53.08
btn,sex_f,ocu_isco08_6,mts_aggregate_total,2018,49.4
btn,sex_f,ocu_isco08_6,mts_aggregate_total,2019,50.52
btn,sex_f,ocu_isco08_6,mts_aggregate_total,2020,47.26
btn,sex_f,ocu_isco08_6,mts_aggregate_total,2021,49.5
btn,sex_f,ocu_isco08_6,mts_aggregate_total,2022,53.16
btn,sex_f,ocu_isco08_6,mts_details_mrd,2018,49.26
btn,sex_f,ocu_isco08_6,mts_details_mrd,2019,50.66
btn,sex_f,ocu_isco08_6,mts_details_mrd,2020,47.42
btn,sex_f,ocu_isco08_6,mts_details_mrd,2021,49.57
btn,sex_f,ocu_isco08_6,mts_details_mrd,2022,53.08
btn,sex_f,ocu_isco08_6,mts_details_sep,2018,51.78
btn,sex_f,ocu_isco08_6,mts_details_sep,2019,51.3
btn,sex_f,ocu_isco08_6,mts_details_sep,2020,48.46
btn,sex_f,ocu_isco08_6,mts_details_sep,2021,51.49
btn,sex_f,ocu_isco08_6,mts_details_sep,2022,54.96
btn,sex_f,ocu_isco08_6,mts_details_sgle,2018,49.11
btn,sex_f,ocu_isco08_6,mts_details_sgle,2019,50.38
btn,sex_f,ocu_isco08_6,mts_details_sgle,2020,47.69
btn,sex_f,ocu_isco08_6,mts_details_sgle,2021,48.87
btn,sex_f,ocu_isco08_6,mts_details_sgle,2022,53.7
btn,sex_f,ocu_isco08_6,mts_details_total,2018,49.4
btn,sex_f,ocu_isco08_6,mts_details_total,2019,50.52
btn,sex_f,ocu_isco08_6,mts_details_total,2020,47.26
btn,sex_f,ocu_isco08_6,mts_details_total,2021,49.5
btn,sex_f,ocu_isco08_6,mts_details_total,2022,53.16
btn,sex_f,ocu_isco08_6,mts_details_union,2018,48.16
btn,sex_f,ocu_isco08_6,mts_details_wid,2018,48.62
btn,sex_f,ocu_isco08_6,mts_details_wid,2019,48.23
btn,sex_f,ocu_isco08_6,mts_details_wid,2020,44.36
btn,sex_f,ocu_isco08_6,mts_details_wid,2021,47.41
btn,sex_f,ocu_isco08_6,mts_details_wid,2022,51.66
btn,sex_f,ocu_isco08_7,mts_aggregate_1,2018,45.18
btn,sex_f,ocu_isco08_7,mts_aggregate_1,2019,46.68
btn,sex_f,ocu_isco08_7,mts_aggregate_1,2020,42.35
btn,sex_f,ocu_isco08_7,mts_aggregate_1,2021,46.77
btn,sex_f,ocu_isco08_7,mts_aggregate_1,2022,52.11
btn,sex_f,ocu_isco08_7,mts_aggregate_2,2018,40.71
btn,sex_f,ocu_isco08_7,mts_aggregate_2,2019,37.85
btn,sex_f,ocu_isco08_7,mts_aggregate_2,2020,33.75
btn,sex_f,ocu_isco08_7,mts_aggregate_2,2021,37.11
btn,sex_f,ocu_isco08_7,mts_aggregate_2,2022,40.27
btn,sex_f,ocu_isco08_7,mts_aggregate_total,2018,41.63
btn,sex_f,ocu_isco08_7,mts_aggregate_total,2019,39.15
btn,sex_f,ocu_isco08_7,mts_aggregate_total,2020,34.98
btn,sex_f,ocu_isco08_7,mts_aggregate_total,2021,38.71
btn,sex_f,ocu_isco08_7,mts_aggregate_total,2022,42.35
btn,sex_f,ocu_isco08_7,mts_details_mrd,2018,40.71
btn,sex_f,ocu_isco08_7,mts_details_mrd,2019,37.85
btn,sex_f,ocu_isco08_7,mts_details_mrd,2020,33.71
btn,sex_f,ocu_isco08_7,mts_details_mrd,2021,37.07
btn,sex_f,ocu_isco08_7,mts_details_mrd,2022,40.29
btn,sex_f,ocu_isco08_7,mts_details_sep,2018,44.03
btn,sex_f,ocu_isco08_7,mts_details_sep,2019,46.71
btn,sex_f,ocu_isco08_7,mts_details_sep,2020,40.87
btn,sex_f,ocu_isco08_7,mts_details_sep,2021,46.55
btn,sex_f,ocu_isco08_7,mts_details_sep,2022,50.35
btn,sex_f,ocu_isco08_7,mts_details_sgle,2018,47.09
btn,sex_f,ocu_isco08_7,mts_details_sgle,2019,47.53
btn,sex_f,ocu_isco08_7,mts_details_sgle,2020,48.24
btn,sex_f,ocu_isco08_7,mts_details_sgle,2021,47.33
btn,sex_f,ocu_isco08_7,mts_details_sgle,2022,53.64
btn,sex_f,ocu_isco08_7,mts_details_total,2018,41.63
btn,sex_f,ocu_isco08_7,mts_details_total,2019,39.15
btn,sex_f,ocu_isco08_7,mts_details_total,2020,34.98
btn,sex_f,ocu_isco08_7,mts_details_total,2021,38.71
btn,sex_f,ocu_isco08_7,mts_details_total,2022,42.35
btn,sex_f,ocu_isco08_7,mts_details_wid,2018,43.34
btn,sex_f,ocu_isco08_7,mts_details_wid,2019,44.67
btn,sex_f,ocu_isco08_7,mts_details_wid,2020,37.25
btn,sex_f,ocu_isco08_7,mts_details_wid,2021,46.42
btn,sex_f,ocu_isco08_7,mts_details_wid,2022,53.49
btn,sex_f,ocu_isco08_8,mts_aggregate_1,2018,56.71
btn,sex_f,ocu_isco08_8,mts_aggregate_1,2020,35.87
btn,sex_f,ocu_isco08_8,mts_aggregate_2,2018,52.08
btn,sex_f,ocu_isco08_8,mts_aggregate_2,2019,51.85
btn,sex_f,ocu_isco08_8,mts_aggregate_2,2020,48.87
btn,sex_f,ocu_isco08_8,mts_aggregate_2,2021,51.14
btn,sex_f,ocu_isco08_8,mts_aggregate_2,2022,39.51
btn,sex_f,ocu_isco08_8,mts_aggregate_total,2018,54.01
btn,sex_f,ocu_isco08_8,mts_aggregate_total,2019,50.41
btn,sex_f,ocu_isco08_8,mts_aggregate_total,2020,42.11
btn,sex_f,ocu_isco08_8,mts_aggregate_total,2021,47.15
btn,sex_f,ocu_isco08_8,mts_aggregate_total,2022,39.38
btn,sex_f,ocu_isco08_8,mts_details_mrd,2018,52.08
btn,sex_f,ocu_isco08_8,mts_details_mrd,2019,51.85
btn,sex_f,ocu_isco08_8,mts_details_mrd,2020,48.87
btn,sex_f,ocu_isco08_8,mts_details_mrd,2021,51.14
btn,sex_f,ocu_isco08_8,mts_details_mrd,2022,39.51
btn,sex_f,ocu_isco08_8,mts_details_sgle,2020,38.3
btn,sex_f,ocu_isco08_8,mts_details_total,2018,54.01
btn,sex_f,ocu_isco08_8,mts_details_total,2019,50.41
btn,sex_f,ocu_isco08_8,mts_details_total,2020,42.11
btn,sex_f,ocu_isco08_8,mts_details_total,2021,47.15
btn,sex_f,ocu_isco08_8,mts_details_total,2022,39.38
btn,sex_f,ocu_isco08_9,mts_aggregate_1,2018,51.14
btn,sex_f,ocu_isco08_9,mts_aggregate_1,2019,54.09
btn,sex_f,ocu_isco08_9,mts_aggregate_1,2020,50.77
btn,sex_f,ocu_isco08_9,mts_aggregate_1,2021,50.59
btn,sex_f,ocu_isco08_9,mts_aggregate_1,2022,51.93
btn,sex_f,ocu_isco08_9,mts_aggregate_2,2018,48.93
btn,sex_f,ocu_isco08_9,mts_aggregate_2,2019,49.56
btn,sex_f,ocu_isco08_9,mts_aggregate_2,2020,46.96
btn,sex_f,ocu_isco08_9,mts_aggregate_2,2021,47.82
btn,sex_f,ocu_isco08_9,mts_aggregate_2,2022,51.34
btn,sex_f,ocu_isco08_9,mts_aggregate_total,2018,49.54
btn,sex_f,ocu_isco08_9,mts_aggregate_total,2019,50.82
btn,sex_f,ocu_isco08_9,mts_aggregate_total,2020,48.15
btn,sex_f,ocu_isco08_9,mts_aggregate_total,2021,48.55
btn,sex_f,ocu_isco08_9,mts_aggregate_total,2022,51.49
btn,sex_f,ocu_isco08_9,mts_details_mrd,2018,48.9
btn,sex_f,ocu_isco08_9,mts_details_mrd,2019,49.56
btn,sex_f,ocu_isco08_9,mts_details_mrd,2020,47.03
btn,sex_f,ocu_isco08_9,mts_details_mrd,2021,47.82
btn,sex_f,ocu_isco08_9,mts_details_mrd,2022,51.34
btn,sex_f,ocu_isco08_9,mts_details_sep,2018,54.52
btn,sex_f,ocu_isco08_9,mts_details_sep,2019,51.46
btn,sex_f,ocu_isco08_9,mts_details_sep,2020,50.39
btn,sex_f,ocu_isco08_9,mts_details_sep,2021,45.92
btn,sex_f,ocu_isco08_9,mts_details_sep,2022,52.58
btn,sex_f,ocu_isco08_9,mts_details_sgle,2018,49.41
btn,sex_f,ocu_isco08_9,mts_details_sgle,2019,59.87
btn,sex_f,ocu_isco08_9,mts_details_sgle,2020,52.31
btn,sex_f,ocu_isco08_9,mts_details_sgle,2021,57.94
btn,sex_f,ocu_isco08_9,mts_details_sgle,2022,51.57
btn,sex_f,ocu_isco08_9,mts_details_total,2018,49.54
btn,sex_f,ocu_isco08_9,mts_details_total,2019,50.82
btn,sex_f,ocu_isco08_9,mts_details_total,2020,48.15
btn,sex_f,ocu_isco08_9,mts_details_total,2021,48.55
btn,sex_f,ocu_isco08_9,mts_details_total,2022,51.49
btn,sex_f,ocu_isco08_9,mts_details_wid,2018,48.18
btn,sex_f,ocu_isco08_9,mts_details_wid,2019,47.3
btn,sex_f,ocu_isco08_9,mts_details_wid,2020,46.02
btn,sex_f,ocu_isco08_9,mts_details_wid,2021,51.33
btn,sex_f,ocu_isco08_9,mts_details_wid,2022,51.57
btn,sex_f,ocu_isco08_total,mts_aggregate_1,2018,51.08
btn,sex_f,ocu_isco08_total,mts_aggregate_1,2019,51.5
btn,sex_f,ocu_isco08_total,mts_aggregate_1,2020,47.9
btn,sex_f,ocu_isco08_total,mts_aggregate_1,2021,50.09
btn,sex_f,ocu_isco08_total,mts_aggregate_1,2022,54.79
btn,sex_f,ocu_isco08_total,mts_aggregate_2,2018,49.64
btn,sex_f,ocu_isco08_total,mts_aggregate_2,2019,50.26
btn,sex_f,ocu_isco08_total,mts_aggregate_2,2020,46.96
btn,sex_f,ocu_isco08_total,mts_aggregate_2,2021,49.35
btn,sex_f,ocu_isco08_total,mts_aggregate_2,2022,53.25
btn,sex_f,ocu_isco08_total,mts_aggregate_total,2018,49.97
btn,sex_f,ocu_isco08_total,mts_aggregate_total,2019,50.52
btn,sex_f,ocu_isco08_total,mts_aggregate_total,2020,47.17
btn,sex_f,ocu_isco08_total,mts_aggregate_total,2021,49.52
btn,sex_f,ocu_isco08_total,mts_aggregate_total,2022,53.59
btn,sex_f,ocu_isco08_total,mts_details_mrd,2018,49.64
btn,sex_f,ocu_isco08_total,mts_details_mrd,2019,50.27
btn,sex_f,ocu_isco08_total,mts_details_mrd,2020,46.96
btn,sex_f,ocu_isco08_total,mts_details_mrd,2021,49.35
btn,sex_f,ocu_isco08_total,mts_details_mrd,2022,53.25
btn,sex_f,ocu_isco08_total,mts_details_sep,2018,53.01
btn,sex_f,ocu_isco08_total,mts_details_sep,2019,52.14
btn,sex_f,ocu_isco08_total,mts_details_sep,2020,49.67
btn,sex_f,ocu_isco08_total,mts_details_sep,2021,51.08
btn,sex_f,ocu_isco08_total,mts_details_sep,2022,55.84
btn,sex_f,ocu_isco08_total,mts_details_sgle,2018,50.9
btn,sex_f,ocu_isco08_total,mts_details_sgle,2019,52.17
btn,sex_f,ocu_isco08_total,mts_details_sgle,2020,48.54
btn,sex_f,ocu_isco08_total,mts_details_sgle,2021,50.52
btn,sex_f,ocu_isco08_total,mts_details_sgle,2022,54.49
btn,sex_f,ocu_isco08_total,mts_details_total,2018,49.97
btn,sex_f,ocu_isco08_total,mts_details_total,2019,50.52
btn,sex_f,ocu_isco08_total,mts_details_total,2020,47.17
btn,sex_f,ocu_isco08_total,mts_details_total,2021,49.52
btn,sex_f,ocu_isco08_total,mts_details_total,2022,53.59
btn,sex_f,ocu_isco08_total,mts_details_union,2018,49.96
btn,sex_f,ocu_isco08_total,mts_details_union,2019,43.5
btn,sex_f,ocu_isco08_total,mts_details_union,2020,46.96
btn,sex_f,ocu_isco08_total,mts_details_union,2021,50.04
btn,sex_f,ocu_isco08_total,mts_details_union,2022,50.62
btn,sex_f,ocu_isco08_total,mts_details_wid,2018,48.89
btn,sex_f,ocu_isco08_total,mts_details_wid,2019,49.64
btn,sex_f,ocu_isco08_total,mts_details_wid,2020,44.68
btn,sex_f,ocu_isco08_total,mts_details_wid,2021,48.09
btn,sex_f,ocu_isco08_total,mts_details_wid,2022,53.72
btn,sex_f,ocu_isco08_x,mts_aggregate_1,2020,43.63
btn,sex_f,ocu_isco08_x,mts_aggregate_1,2021,48.87
btn,sex_f,ocu_isco08_x,mts_aggregate_1,2022,52.21
btn,sex_f,ocu_isco08_x,mts_aggregate_2,2020,42.78
btn,sex_f,ocu_isco08_x,mts_aggregate_2,2021,47.63
btn,sex_f,ocu_isco08_x,mts_aggregate_2,2022,49.47
btn,sex_f,ocu_isco08_x,mts_aggregate_total,2020,43.44
btn,sex_f,ocu_isco08_x,mts_aggregate_total,2021,48.64
btn,sex_f,ocu_isco08_x,mts_aggregate_total,2022,51.7
btn,sex_f,ocu_isco08_x,mts_details_mrd,2020,42.78
btn,sex_f,ocu_isco08_x,mts_details_mrd,2021,47.63
btn,sex_f,ocu_isco08_x,mts_details_mrd,2022,49.68
btn,sex_f,ocu_isco08_x,mts_details_sep,2021,47.5
btn,sex_f,ocu_isco08_x,mts_details_sgle,2020,43.24
btn,sex_f,ocu_isco08_x,mts_details_sgle,2021,48.95
btn,sex_f,ocu_isco08_x,mts_details_sgle,2022,52.14
btn,sex_f,ocu_isco08_x,mts_details_total,2020,43.44
btn,sex_f,ocu_isco08_x,mts_details_total,2021,48.64
btn,sex_f,ocu_isco08_x,mts_details_total,2022,51.7
btn,sex_f,ocu_skill_l1,mts_aggregate_1,2018,51.14
btn,sex_f,ocu_skill_l1,mts_aggregate_1,2019,54.09
btn,sex_f,ocu_skill_l1,mts_aggregate_1,2020,50.77
btn,sex_f,ocu_skill_l1,mts_aggregate_1,2021,50.59
btn,sex_f,ocu_skill_l1,mts_aggregate_1,2022,51.93
btn,sex_f,ocu_skill_l1,mts_aggregate_2,2018,48.93
btn,sex_f,ocu_skill_l1,mts_aggregate_2,2019,49.56
btn,sex_f,ocu_skill_l1,mts_aggregate_2,2020,46.96
btn,sex_f,ocu_skill_l1,mts_aggregate_2,2021,47.82
btn,sex_f,ocu_skill_l1,mts_aggregate_2,2022,51.34
btn,sex_f,ocu_skill_l1,mts_aggregate_total,2018,49.54
btn,sex_f,ocu_skill_l1,mts_aggregate_total,2019,50.82
btn,sex_f,ocu_skill_l1,mts_aggregate_total,2020,48.15
btn,sex_f,ocu_skill_l1,mts_aggregate_total,2021,48.55
btn,sex_f,ocu_skill_l1,mts_aggregate_total,2022,51.49
btn,sex_f,ocu_skill_l1,mts_details_mrd,2018,48.9
btn,sex_f,ocu_skill_l1,mts_details_mrd,2019,49.56
btn,sex_f,ocu_skill_l1,mts_details_mrd,2020,47.03
btn,sex_f,ocu_skill_l1,mts_details_mrd,2021,47.82
btn,sex_f,ocu_skill_l1,mts_details_mrd,2022,51.34
btn,sex_f,ocu_skill_l1,mts_details_sep,2018,54.52
btn,sex_f,ocu_skill_l1,mts_details_sep,2019,51.46
btn,sex_f,ocu_skill_l1,mts_details_sep,2020,50.39
btn,sex_f,ocu_skill_l1,mts_details_sep,2021,45.92
btn,sex_f,ocu_skill_l1,mts_details_sep,2022,52.58
btn,sex_f,ocu_skill_l1,mts_details_sgle,2018,49.41
btn,sex_f,ocu_skill_l1,mts_details_sgle,2019,59.87
btn,sex_f,ocu_skill_l1,mts_details_sgle,2020,52.31
btn,sex_f,ocu_skill_l1,mts_details_sgle,2021,57.94
btn,sex_f,ocu_skill_l1,mts_details_sgle,2022,51.57
btn,sex_f,ocu_skill_l1,mts_details_total,2018,49.54
btn,sex_f,ocu_skill_l1,mts_details_total,2019,50.82
btn,sex_f,ocu_skill_l1,mts_details_total,2020,48.15
btn,sex_f,ocu_skill_l1,mts_details_total,2021,48.55
btn,sex_f,ocu_skill_l1,mts_details_total,2022,51.49
btn,sex_f,ocu_skill_l1,mts_details_wid,2018,48.18
btn,sex_f,ocu_skill_l1,mts_details_wid,2019,47.3
btn,sex_f,ocu_skill_l1,mts_details_wid,2020,46.02
btn,sex_f,ocu_skill_l1,mts_details_wid,2021,51.33
btn,sex_f,ocu_skill_l1,mts_details_wid,2022,51.57
btn,sex_f,ocu_skill_l2,mts_aggregate_1,2018,51.58
btn,sex_f,ocu_skill_l2,mts_aggregate_1,2019,51.85
btn,sex_f,ocu_skill_l2,mts_aggregate_1,2020,48.59
btn,sex_f,ocu_skill_l2,mts_aggregate_1,2021,51.12
btn,sex_f,ocu_skill_l2,mts_aggregate_1,2022,56.25
btn,sex_f,ocu_skill_l2,mts_aggregate_2,2018,50.03
btn,sex_f,ocu_skill_l2,mts_aggregate_2,2019,50.57
btn,sex_f,ocu_skill_l2,mts_aggregate_2,2020,47.04
btn,sex_f,ocu_skill_l2,mts_aggregate_2,2021,49.75
btn,sex_f,ocu_skill_l2,mts_aggregate_2,2022,53.78
btn,sex_f,ocu_skill_l2,mts_aggregate_total,2018,50.37
btn,sex_f,ocu_skill_l2,mts_aggregate_total,2019,50.82
btn,sex_f,ocu_skill_l2,mts_aggregate_total,2020,47.37
btn,sex_f,ocu_skill_l2,mts_aggregate_total,2021,50.02
btn,sex_f,ocu_skill_l2,mts_aggregate_total,2022,54.28
btn,sex_f,ocu_skill_l2,mts_details_mrd,2018,50.02
btn,sex_f,ocu_skill_l2,mts_details_mrd,2019,50.56
btn,sex_f,ocu_skill_l2,mts_details_mrd,2020,47.03
btn,sex_f,ocu_skill_l2,mts_details_mrd,2021,49.74
btn,sex_f,ocu_skill_l2,mts_details_mrd,2022,53.79
btn,sex_f,ocu_skill_l2,mts_details_sep,2018,52.95
btn,sex_f,ocu_skill_l2,mts_details_sep,2019,52.48
btn,sex_f,ocu_skill_l2,mts_details_sep,2020,50.01
btn,sex_f,ocu_skill_l2,mts_details_sep,2021,52.25
btn,sex_f,ocu_skill_l2,mts_details_sep,2022,56.37
btn,sex_f,ocu_skill_l2,mts_details_sgle,2018,52.24
btn,sex_f,ocu_skill_l2,mts_details_sgle,2019,53.22
btn,sex_f,ocu_skill_l2,mts_details_sgle,2020,50.64
btn,sex_f,ocu_skill_l2,mts_details_sgle,2021,52.24
btn,sex_f,ocu_skill_l2,mts_details_sgle,2022,57.89
btn,sex_f,ocu_skill_l2,mts_details_total,2018,50.37
btn,sex_f,ocu_skill_l2,mts_details_total,2019,50.82
btn,sex_f,ocu_skill_l2,mts_details_total,2020,47.37
btn,sex_f,ocu_skill_l2,mts_details_total,2021,50.02
btn,sex_f,ocu_skill_l2,mts_details_total,2022,54.28
btn,sex_f,ocu_skill_l2,mts_details_union,2018,51.15
btn,sex_f,ocu_skill_l2,mts_details_union,2020,57.4
btn,sex_f,ocu_skill_l2,mts_details_union,2021,56.75
btn,sex_f,ocu_skill_l2,mts_details_union,2022,42.88
btn,sex_f,ocu_skill_l2,mts_details_wid,2018,49.03
btn,sex_f,ocu_skill_l2,mts_details_wid,2019,49.43
btn,sex_f,ocu_skill_l2,mts_details_wid,2020,44.67
btn,sex_f,ocu_skill_l2,mts_details_wid,2021,48.51
btn,sex_f,ocu_skill_l2,mts_details_wid,2022,53.53
btn,sex_f,ocu_skill_l3_4,mts_aggregate_1,2018,47.21
btn,sex_f,ocu_skill_l3_4,mts_aggregate_1,2019,49.09
btn,sex_f,ocu_skill_l3_4,mts_aggregate_1,2020,43.66
btn,sex_f,ocu_skill_l3_4,mts_aggregate_1,2021,45.6
btn,sex_f,ocu_skill_l3_4,mts_aggregate_1,2022,50.79
btn,sex_f,ocu_skill_l3_4,mts_aggregate_2,2018,46.41
btn,sex_f,ocu_skill_l3_4,mts_aggregate_2,2019,48.06
btn,sex_f,ocu_skill_l3_4,mts_aggregate_2,2020,46.38
btn,sex_f,ocu_skill_l3_4,mts_aggregate_2,2021,46.82
btn,sex_f,ocu_skill_l3_4,mts_aggregate_2,2022,50.98
btn,sex_f,ocu_skill_l3_4,mts_aggregate_total,2018,46.61
btn,sex_f,ocu_skill_l3_4,mts_aggregate_total,2019,48.34
btn,sex_f,ocu_skill_l3_4,mts_aggregate_total,2020,45.66
btn,sex_f,ocu_skill_l3_4,mts_aggregate_total,2021,46.44
btn,sex_f,ocu_skill_l3_4,mts_aggregate_total,2022,50.93
btn,sex_f,ocu_skill_l3_4,mts_details_mrd,2018,46.39
btn,sex_f,ocu_skill_l3_4,mts_details_mrd,2019,48.14
btn,sex_f,ocu_skill_l3_4,mts_details_mrd,2020,46.44
btn,sex_f,ocu_skill_l3_4,mts_details_mrd,2021,46.85
btn,sex_f,ocu_skill_l3_4,mts_details_mrd,2022,50.91
btn,sex_f,ocu_skill_l3_4,mts_details_sep,2018,52.68
btn,sex_f,ocu_skill_l3_4,mts_details_sep,2019,49.66
btn,sex_f,ocu_skill_l3_4,mts_details_sep,2020,46.3
btn,sex_f,ocu_skill_l3_4,mts_details_sep,2021,47.31
btn,sex_f,ocu_skill_l3_4,mts_details_sep,2022,53.8
btn,sex_f,ocu_skill_l3_4,mts_details_sgle,2018,46.11
btn,sex_f,ocu_skill_l3_4,mts_details_sgle,2019,48.26
btn,sex_f,ocu_skill_l3_4,mts_details_sgle,2020,42.88
btn,sex_f,ocu_skill_l3_4,mts_details_sgle,2021,45.83
btn,sex_f,ocu_skill_l3_4,mts_details_sgle,2022,49.36
btn,sex_f,ocu_skill_l3_4,mts_details_total,2018,46.61
btn,sex_f,ocu_skill_l3_4,mts_details_total,2019,48.34
btn,sex_f,ocu_skill_l3_4,mts_details_total,2020,45.66
btn,sex_f,ocu_skill_l3_4,mts_details_total,2021,46.44
btn,sex_f,ocu_skill_l3_4,mts_details_total,2022,50.93
btn,sex_f,ocu_skill_l3_4,mts_details_union,2018,47.8
btn,sex_f,ocu_skill_l3_4,mts_details_union,2019,39.27
btn,sex_f,ocu_skill_l3_4,mts_details_union,2020,37.75
btn,sex_f,ocu_skill_l3_4,mts_details_wid,2018,42.11
btn,sex_f,ocu_skill_l3_4,mts_details_wid,2019,58.22
btn,sex_f,ocu_skill_l3_4,mts_details_wid,2020,43.5
btn,sex_f,ocu_skill_l3_4,mts_details_wid,2021,37.98
btn,sex_f,ocu_skill_l3_4,mts_details_wid,2022,59.2
btn,sex_f,ocu_skill_total,mts_aggregate_1,2018,51.08
btn,sex_f,ocu_skill_total,mts_aggregate_1,2019,51.5
btn,sex_f,ocu_skill_total,mts_aggregate_1,2020,47.9
btn,sex_f,ocu_skill_total,mts_aggregate_1,2021,50.09
btn,sex_f,ocu_skill_total,mts_aggregate_1,2022,54.79
btn,sex_f,ocu_skill_total,mts_aggregate_2,2018,49.64
btn,sex_f,ocu_skill_total,mts_aggregate_2,2019,50.26
btn,sex_f,ocu_skill_total,mts_aggregate_2,2020,46.96
btn,sex_f,ocu_skill_total,mts_aggregate_2,2021,49.35
btn,sex_f,ocu_skill_total,mts_aggregate_2,2022,53.25
btn,sex_f,ocu_skill_total,mts_aggregate_total,2018,49.97
btn,sex_f,ocu_skill_total,mts_aggregate_total,2019,50.52
btn,sex_f,ocu_skill_total,mts_aggregate_total,2020,47.17
btn,sex_f,ocu_skill_total,mts_aggregate_total,2021,49.52
btn,sex_f,ocu_skill_total,mts_aggregate_total,2022,53.59
btn,sex_f,ocu_skill_total,mts_details_mrd,2018,49.64
btn,sex_f,ocu_skill_total,mts_details_mrd,2019,50.27
btn,sex_f,ocu_skill_total,mts_details_mrd,2020,46.96
btn,sex_f,ocu_skill_total,mts_details_mrd,2021,49.35
btn,sex_f,ocu_skill_total,mts_details_mrd,2022,53.25
btn,sex_f,ocu_skill_total,mts_details_sep,2018,53.01
btn,sex_f,ocu_skill_total,mts_details_sep,2019,52.14
btn,sex_f,ocu_skill_total,mts_details_sep,2020,49.67
btn,sex_f,ocu_skill_total,mts_details_sep,2021,51.08
btn,sex_f,ocu_skill_total,mts_details_sep,2022,55.84
btn,sex_f,ocu_skill_total,mts_details_sgle,2018,50.9
btn,sex_f,ocu_skill_total,mts_details_sgle,2019,52.17
btn,sex_f,ocu_skill_total,mts_details_sgle,2020,48.54
btn,sex_f,ocu_skill_total,mts_details_sgle,2021,50.52
btn,sex_f,ocu_skill_total,mts_details_sgle,2022,54.49
btn,sex_f,ocu_skill_total,mts_details_total,2018,49.97
btn,sex_f,ocu_skill_total,mts_details_total,2019,50.52
btn,sex_f,ocu_skill_total,mts_details_total,2020,47.17
btn,sex_f,ocu_skill_total,mts_details_total,2021,49.52
btn,sex_f,ocu_skill_total,mts_details_total,2022,53.59
btn,sex_f,ocu_skill_total,mts_details_union,2018,49.96
btn,sex_f,ocu_skill_total,mts_details_union,2019,43.5
btn,sex_f,ocu_skill_total,mts_details_union,2020,46.96
btn,sex_f,ocu_skill_total,mts_details_union,2021,50.04
btn,sex_f,ocu_skill_total,mts_details_union,2022,50.62
btn,sex_f,ocu_skill_total,mts_details_wid,2018,48.89
btn,sex_f,ocu_skill_total,mts_details_wid,2019,49.64
btn,sex_f,ocu_skill_total,mts_details_wid,2020,44.68
btn,sex_f,ocu_skill_total,mts_details_wid,2021,48.09
btn,sex_f,ocu_skill_total,mts_details_wid,2022,53.72
btn,sex_f,ocu_skill_x,mts_aggregate_1,2020,43.63
btn,sex_f,ocu_skill_x,mts_aggregate_1,2021,49.01
btn,sex_f,ocu_skill_x,mts_aggregate_1,2022,52.4
btn,sex_f,ocu_skill_x,mts_aggregate_2,2020,42.7
btn,sex_f,ocu_skill_x,mts_aggregate_2,2021,47.63
btn,sex_f,ocu_skill_x,mts_aggregate_2,2022,49.29
btn,sex_f,ocu_skill_x,mts_aggregate_total,2020,43.43
btn,sex_f,ocu_skill_x,mts_aggregate_total,2021,48.75
btn,sex_f,ocu_skill_x,mts_aggregate_total,2022,51.84
btn,sex_f,ocu_skill_x,mts_details_mrd,2020,42.7
btn,sex_f,ocu_skill_x,mts_details_mrd,2021,47.63
btn,sex_f,ocu_skill_x,mts_details_mrd,2022,49.47
btn,sex_f,ocu_skill_x,mts_details_sep,2021,47.5
btn,sex_f,ocu_skill_x,mts_details_sgle,2020,43.26
btn,sex_f,ocu_skill_x,mts_details_sgle,2021,49.09
btn,sex_f,ocu_skill_x,mts_details_sgle,2022,52.3
btn,sex_f,ocu_skill_x,mts_details_total,2020,43.43
btn,sex_f,ocu_skill_x,mts_details_total,2021,48.75
btn,sex_f,ocu_skill_x,mts_details_total,2022,51.84
btn,sex_m,ocu_isco08_0,mts_aggregate_1,2018,51.02
btn,sex_m,ocu_isco08_0,mts_aggregate_1,2019,57.28
btn,sex_m,ocu_isco08_0,mts_aggregate_1,2020,50.47
btn,sex_m,ocu_isco08_0,mts_aggregate_1,2021,51.92
btn,sex_m,ocu_isco08_0,mts_aggregate_1,2022,55.82
btn,sex_m,ocu_isco08_0,mts_aggregate_2,2018,53.51
btn,sex_m,ocu_isco08_0,mts_aggregate_2,2019,52.84
btn,sex_m,ocu_isco08_0,mts_aggregate_2,2020,55.21
btn,sex_m,ocu_isco08_0,mts_aggregate_2,2021,55.16
btn,sex_m,ocu_isco08_0,mts_aggregate_2,2022,57.03
btn,sex_m,ocu_isco08_0,mts_aggregate_total,2018,53.34
btn,sex_m,ocu_isco08_0,mts_aggregate_total,2019,53.05
btn,sex_m,ocu_isco08_0,mts_aggregate_total,2020,54.84
btn,sex_m,ocu_isco08_0,mts_aggregate_total,2021,54.79
btn,sex_m,ocu_isco08_0,mts_aggregate_total,2022,56.97
btn,sex_m,ocu_isco08_0,mts_details_mrd,2018,53.51
btn,sex_m,ocu_isco08_0,mts_details_mrd,2019,52.84
btn,sex_m,ocu_isco08_0,mts_details_mrd,2020,55.21
btn,sex_m,ocu_isco08_0,mts_details_mrd,2021,55.16
btn,sex_m,ocu_isco08_0,mts_details_mrd,2022,57.03
btn,sex_m,ocu_isco08_0,mts_details_sep,2020,52.13
btn,sex_m,ocu_isco08_0,mts_details_sep,2021,51.74
btn,sex_m,ocu_isco08_0,mts_details_sep,2022,62.41
btn,sex_m,ocu_isco08_0,mts_details_sgle,2018,47.82
btn,sex_m,ocu_isco08_0,mts_details_sgle,2019,57.58
btn,sex_m,ocu_isco08_0,mts_details_sgle,2020,49.29
btn,sex_m,ocu_isco08_0,mts_details_sgle,2021,50.07
btn,sex_m,ocu_isco08_0,mts_details_sgle,2022,51.83
btn,sex_m,ocu_isco08_0,mts_details_total,2018,53.34
btn,sex_m,ocu_isco08_0,mts_details_total,2019,53.05
btn,sex_m,ocu_isco08_0,mts_details_total,2020,54.84
btn,sex_m,ocu_isco08_0,mts_details_total,2021,54.79
btn,sex_m,ocu_isco08_0,mts_details_total,2022,56.97
btn,sex_m,ocu_isco08_1,mts_aggregate_1,2018,49.88
btn,sex_m,ocu_isco08_1,mts_aggregate_1,2019,53.56
btn,sex_m,ocu_isco08_1,mts_aggregate_1,2020,52.57
btn,sex_m,ocu_isco08_1,mts_aggregate_1,2021,50.9
btn,sex_m,ocu_isco08_1,mts_aggregate_1,2022,53.32
btn,sex_m,ocu_isco08_1,mts_aggregate_2,2018,47.58
btn,sex_m,ocu_isco08_1,mts_aggregate_2,2019,51.19
btn,sex_m,ocu_isco08_1,mts_aggregate_2,2020,47.87
btn,sex_m,ocu_isco08_1,mts_aggregate_2,2021,51.32
btn,sex_m,ocu_isco08_1,mts_aggregate_2,2022,54.68
btn,sex_m,ocu_isco08_1,mts_aggregate_total,2018,47.78
btn,sex_m,ocu_isco08_1,mts_aggregate_total,2019,51.49
btn,sex_m,ocu_isco08_1,mts_aggregate_total,2020,48.33
btn,sex_m,ocu_isco08_1,mts_aggregate_total,2021,51.26
btn,sex_m,ocu_isco08_1,mts_aggregate_total,2022,54.54
btn,sex_m,ocu_isco08_1,mts_details_mrd,2018,47.54
btn,sex_m,ocu_isco08_1,mts_details_mrd,2019,51.17
btn,sex_m,ocu_isco08_1,mts_details_mrd,2020,47.89
btn,sex_m,ocu_isco08_1,mts_details_mrd,2021,51.28
btn,sex_m,ocu_isco08_1,mts_details_mrd,2022,54.43
btn,sex_m,ocu_isco08_1,mts_details_sep,2019,48.61
btn,sex_m,ocu_isco08_1,mts_details_sep,2020,52.27
btn,sex_m,ocu_isco08_1,mts_details_sep,2021,46.61
btn,sex_m,ocu_isco08_1,mts_details_sep,2022,49
btn,sex_m,ocu_isco08_1,mts_details_sgle,2018,49.38
btn,sex_m,ocu_isco08_1,mts_details_sgle,2019,55.55
btn,sex_m,ocu_isco08_1,mts_details_sgle,2020,53.33
btn,sex_m,ocu_isco08_1,mts_details_sgle,2021,53.05
btn,sex_m,ocu_isco08_1,mts_details_sgle,2022,55.41
btn,sex_m,ocu_isco08_1,mts_details_total,2018,47.78
btn,sex_m,ocu_isco08_1,mts_details_total,2019,51.49
btn,sex_m,ocu_isco08_1,mts_details_total,2020,48.33
btn,sex_m,ocu_isco08_1,mts_details_total,2021,51.26
btn,sex_m,ocu_isco08_1,mts_details_total,2022,54.54
btn,sex_m,ocu_isco08_1,mts_details_wid,2022,52.22
btn,sex_m,ocu_isco08_2,mts_aggregate_1,2018,46.97
btn,sex_m,ocu_isco08_2,mts_aggregate_1,2019,47.02
btn,sex_m,ocu_isco08_2,mts_aggregate_1,2020,43.66
btn,sex_m,ocu_isco08_2,mts_aggregate_1,2021,45.84
btn,sex_m,ocu_isco08_2,mts_aggregate_1,2022,51.35
btn,sex_m,ocu_isco08_2,mts_aggregate_2,2018,47.04
btn,sex_m,ocu_isco08_2,mts_aggregate_2,2019,45.85
btn,sex_m,ocu_isco08_2,mts_aggregate_2,2020,43.58
btn,sex_m,ocu_isco08_2,mts_aggregate_2,2021,45.64
btn,sex_m,ocu_isco08_2,mts_aggregate_2,2022,48.13
btn,sex_m,ocu_isco08_2,mts_aggregate_total,2018,47.03
btn,sex_m,ocu_isco08_2,mts_aggregate_total,2019,46.06
btn,sex_m,ocu_isco08_2,mts_aggregate_total,2020,43.59
btn,sex_m,ocu_isco08_2,mts_aggregate_total,2021,45.68
btn,sex_m,ocu_isco08_2,mts_aggregate_total,2022,48.77
btn,sex_m,ocu_isco08_2,mts_details_mrd,2018,47.05
btn,sex_m,ocu_isco08_2,mts_details_mrd,2019,45.85
btn,sex_m,ocu_isco08_2,mts_details_mrd,2020,43.57
btn,sex_m,ocu_isco08_2,mts_details_mrd,2021,45.65
btn,sex_m,ocu_isco08_2,mts_details_mrd,2022,48.14
btn,sex_m,ocu_isco08_2,mts_details_sep,2018,48.64
btn,sex_m,ocu_isco08_2,mts_details_sep,2019,43.63
btn,sex_m,ocu_isco08_2,mts_details_sep,2020,40.2
btn,sex_m,ocu_isco08_2,mts_details_sep,2021,38.76
btn,sex_m,ocu_isco08_2,mts_details_sep,2022,42.46
btn,sex_m,ocu_isco08_2,mts_details_sgle,2018,46.6
btn,sex_m,ocu_isco08_2,mts_details_sgle,2019,47.62
btn,sex_m,ocu_isco08_2,mts_details_sgle,2020,43.84
btn,sex_m,ocu_isco08_2,mts_details_sgle,2021,46.44
btn,sex_m,ocu_isco08_2,mts_details_sgle,2022,52.35
btn,sex_m,ocu_isco08_2,mts_details_total,2018,47.03
btn,sex_m,ocu_isco08_2,mts_details_total,2019,46.06
btn,sex_m,ocu_isco08_2,mts_details_total,2020,43.59
btn,sex_m,ocu_isco08_2,mts_details_total,2021,45.68
btn,sex_m,ocu_isco08_2,mts_details_total,2022,48.77
btn,sex_m,ocu_isco08_2,mts_details_wid,2018,48.54
btn,sex_m,ocu_isco08_2,mts_details_wid,2019,42.11
btn,sex_m,ocu_isco08_2,mts_details_wid,2020,43.95
btn,sex_m,ocu_isco08_2,mts_details_wid,2021,44.35
btn,sex_m,ocu_isco08_3,mts_aggregate_1,2018,50.19
btn,sex_m,ocu_isco08_3,mts_aggregate_1,2019,47.25
btn,sex_m,ocu_isco08_3,mts_aggregate_1,2020,45.43
btn,sex_m,ocu_isco08_3,mts_aggregate_1,2021,44.79
btn,sex_m,ocu_isco08_3,mts_aggregate_1,2022,53.7
btn,sex_m,ocu_isco08_3,mts_aggregate_2,2018,48.37
btn,sex_m,ocu_isco08_3,mts_aggregate_2,2019,49.46
btn,sex_m,ocu_isco08_3,mts_aggregate_2,2020,45.67
btn,sex_m,ocu_isco08_3,mts_aggregate_2,2021,46.41
btn,sex_m,ocu_isco08_3,mts_aggregate_2,2022,51.91
btn,sex_m,ocu_isco08_3,mts_aggregate_total,2018,48.67
btn,sex_m,ocu_isco08_3,mts_aggregate_total,2019,49.08
btn,sex_m,ocu_isco08_3,mts_aggregate_total,2020,45.63
btn,sex_m,ocu_isco08_3,mts_aggregate_total,2021,46.19
btn,sex_m,ocu_isco08_3,mts_aggregate_total,2022,52.17
btn,sex_m,ocu_isco08_3,mts_details_mrd,2018,48.38
btn,sex_m,ocu_isco08_3,mts_details_mrd,2019,49.46
btn,sex_m,ocu_isco08_3,mts_details_mrd,2020,45.65
btn,sex_m,ocu_isco08_3,mts_details_mrd,2021,46.41
btn,sex_m,ocu_isco08_3,mts_details_mrd,2022,51.9
btn,sex_m,ocu_isco08_3,mts_details_sep,2018,46.65
btn,sex_m,ocu_isco08_3,mts_details_sep,2019,43.21
btn,sex_m,ocu_isco08_3,mts_details_sep,2020,47.02
btn,sex_m,ocu_isco08_3,mts_details_sep,2021,45.65
btn,sex_m,ocu_isco08_3,mts_details_sep,2022,58.15
btn,sex_m,ocu_isco08_3,mts_details_sgle,2018,49.63
btn,sex_m,ocu_isco08_3,mts_details_sgle,2019,47.8
btn,sex_m,ocu_isco08_3,mts_details_sgle,2020,45.04
btn,sex_m,ocu_isco08_3,mts_details_sgle,2021,44.45
btn,sex_m,ocu_isco08_3,mts_details_sgle,2022,53.21
btn,sex_m,ocu_isco08_3,mts_details_total,2018,48.67
btn,sex_m,ocu_isco08_3,mts_details_total,2019,49.08
btn,sex_m,ocu_isco08_3,mts_details_total,2020,45.63
btn,sex_m,ocu_isco08_3,mts_details_total,2021,46.19
btn,sex_m,ocu_isco08_3,mts_details_total,2022,52.17
btn,sex_m,ocu_isco08_3,mts_details_union,2018,47.61
btn,sex_m,ocu_isco08_3,mts_details_wid,2019,45.49
btn,sex_m,ocu_isco08_3,mts_details_wid,2021,47.47
btn,sex_m,ocu_isco08_3,mts_details_wid,2022,50
btn,sex_m,ocu_isco08_4,mts_aggregate_1,2018,46.18
btn,sex_m,ocu_isco08_4,mts_aggregate_1,2019,49.01
btn,sex_m,ocu_isco08_4,mts_aggregate_1,2020,44.08
btn,sex_m,ocu_isco08_4,mts_aggregate_1,2021,49.13
btn,sex_m,ocu_isco08_4,mts_aggregate_1,2022,55.4
btn,sex_m,ocu_isco08_4,mts_aggregate_2,2018,48.94
btn,sex_m,ocu_isco08_4,mts_aggregate_2,2019,47.64
btn,sex_m,ocu_isco08_4,mts_aggregate_2,2020,44.44
btn,sex_m,ocu_isco08_4,mts_aggregate_2,2021,45.06
btn,sex_m,ocu_isco08_4,mts_aggregate_2,2022,51.62
btn,sex_m,ocu_isco08_4,mts_aggregate_total,2018,48.39
btn,sex_m,ocu_isco08_4,mts_aggregate_total,2019,47.96
btn,sex_m,ocu_isco08_4,mts_aggregate_total,2020,44.35
btn,sex_m,ocu_isco08_4,mts_aggregate_total,2021,45.88
btn,sex_m,ocu_isco08_4,mts_aggregate_total,2022,52.34
btn,sex_m,ocu_isco08_4,mts_details_mrd,2018,48.63
btn,sex_m,ocu_isco08_4,mts_details_mrd,2019,47.62
btn,sex_m,ocu_isco08_4,mts_details_mrd,2020,44.63
btn,sex_m,ocu_isco08_4,mts_details_mrd,2021,45.06
btn,sex_m,ocu_isco08_4,mts_details_mrd,2022,51.62
btn,sex_m,ocu_isco08_4,mts_details_sep,2019,43.21
btn,sex_m,ocu_isco08_4,mts_details_sep,2020,40.81
btn,sex_m,ocu_isco08_4,mts_details_sep,2022,48.39
btn,sex_m,ocu_isco08_4,mts_details_sgle,2018,46.05
btn,sex_m,ocu_isco08_4,mts_details_sgle,2019,49.7
btn,sex_m,ocu_isco08_4,mts_details_sgle,2020,44.64
btn,sex_m,ocu_isco08_4,mts_details_sgle,2021,50.48
btn,sex_m,ocu_isco08_4,mts_details_sgle,2022,57.25
btn,sex_m,ocu_isco08_4,mts_details_total,2018,48.39
btn,sex_m,ocu_isco08_4,mts_details_total,2019,47.96
btn,sex_m,ocu_isco08_4,mts_details_total,2020,44.35
btn,sex_m,ocu_isco08_4,mts_details_total,2021,45.88
btn,sex_m,ocu_isco08_4,mts_details_total,2022,52.34
btn,sex_m,ocu_isco08_5,mts_aggregate_1,2018,57.7
btn,sex_m,ocu_isco08_5,mts_aggregate_1,2019,58
btn,sex_m,ocu_isco08_5,mts_aggregate_1,2020,55.13
btn,sex_m,ocu_isco08_5,mts_aggregate_1,2021,55.9
btn,sex_m,ocu_isco08_5,mts_aggregate_1,2022,59.16
btn,sex_m,ocu_isco08_5,mts_aggregate_2,2018,57.69
btn,sex_m,ocu_isco08_5,mts_aggregate_2,2019,58.81
btn,sex_m,ocu_isco08_5,mts_aggregate_2,2020,57.19
btn,sex_m,ocu_isco08_5,mts_aggregate_2,2021,57.97
btn,sex_m,ocu_isco08_5,mts_aggregate_2,2022,62.4
btn,sex_m,ocu_isco08_5,mts_aggregate_total,2018,57.7
btn,sex_m,ocu_isco08_5,mts_aggregate_total,2019,58.65
btn,sex_m,ocu_isco08_5,mts_aggregate_total,2020,56.87
btn,sex_m,ocu_isco08_5,mts_aggregate_total,2021,57.64
btn,sex_m,ocu_isco08_5,mts_aggregate_total,2022,61.93
btn,sex_m,ocu_isco08_5,mts_details_mrd,2018,57.64
btn,sex_m,ocu_isco08_5,mts_details_mrd,2019,58.81
btn,sex_m,ocu_isco08_5,mts_details_mrd,2020,57.22
btn,sex_m,ocu_isco08_5,mts_details_mrd,2021,57.97
btn,sex_m,ocu_isco08_5,mts_details_mrd,2022,62.64
btn,sex_m,ocu_isco08_5,mts_details_sep,2018,56.77
btn,sex_m,ocu_isco08_5,mts_details_sep,2019,59.74
btn,sex_m,ocu_isco08_5,mts_details_sep,2020,55.88
btn,sex_m,ocu_isco08_5,mts_details_sep,2021,53.05
btn,sex_m,ocu_isco08_5,mts_details_sep,2022,66.47
btn,sex_m,ocu_isco08_5,mts_details_sgle,2018,57.97
btn,sex_m,ocu_isco08_5,mts_details_sgle,2019,56.56
btn,sex_m,ocu_isco08_5,mts_details_sgle,2020,54.74
btn,sex_m,ocu_isco08_5,mts_details_sgle,2021,57.38
btn,sex_m,ocu_isco08_5,mts_details_sgle,2022,57.74
btn,sex_m,ocu_isco08_5,mts_details_total,2018,57.7
btn,sex_m,ocu_isco08_5,mts_details_total,2019,58.65
btn,sex_m,ocu_isco08_5,mts_details_total,2020,56.87
btn,sex_m,ocu_isco08_5,mts_details_total,2021,57.64
btn,sex_m,ocu_isco08_5,mts_details_total,2022,61.93
btn,sex_m,ocu_isco08_5,mts_details_union,2022,31.61
btn,sex_m,ocu_isco08_5,mts_details_wid,2018,57.01
btn,sex_m,ocu_isco08_5,mts_details_wid,2019,71.81
btn,sex_m,ocu_isco08_5,mts_details_wid,2020,59.55
btn,sex_m,ocu_isco08_5,mts_details_wid,2021,44.15
btn,sex_m,ocu_isco08_5,mts_details_wid,2022,63.37
btn,sex_m,ocu_isco08_6,mts_aggregate_1,2018,52.13
btn,sex_m,ocu_isco08_6,mts_aggregate_1,2019,50.01
btn,sex_m,ocu_isco08_6,mts_aggregate_1,2020,47.9
btn,sex_m,ocu_isco08_6,mts_aggregate_1,2021,50.78
btn,sex_m,ocu_isco08_6,mts_aggregate_1,2022,53.38
btn,sex_m,ocu_isco08_6,mts_aggregate_2,2018,52.53
btn,sex_m,ocu_isco08_6,mts_aggregate_2,2019,53.63
btn,sex_m,ocu_isco08_6,mts_aggregate_2,2020,50.92
btn,sex_m,ocu_isco08_6,mts_aggregate_2,2021,51.95
btn,sex_m,ocu_isco08_6,mts_aggregate_2,2022,54.39
btn,sex_m,ocu_isco08_6,mts_aggregate_total,2018,52.45
btn,sex_m,ocu_isco08_6,mts_aggregate_total,2019,52.97
btn,sex_m,ocu_isco08_6,mts_aggregate_total,2020,50.37
btn,sex_m,ocu_isco08_6,mts_aggregate_total,2021,51.72
btn,sex_m,ocu_isco08_6,mts_aggregate_total,2022,54.23
btn,sex_m,ocu_isco08_6,mts_details_mrd,2018,52.58
btn,sex_m,ocu_isco08_6,mts_details_mrd,2019,53.64
btn,sex_m,ocu_isco08_6,mts_details_mrd,2020,50.92
btn,sex_m,ocu_isco08_6,mts_details_mrd,2021,51.95
btn,sex_m,ocu_isco08_6,mts_details_mrd,2022,54.38
btn,sex_m,ocu_isco08_6,mts_details_sep,2018,50.53
btn,sex_m,ocu_isco08_6,mts_details_sep,2019,51.1
btn,sex_m,ocu_isco08_6,mts_details_sep,2020,48.52
btn,sex_m,ocu_isco08_6,mts_details_sep,2021,51.56
btn,sex_m,ocu_isco08_6,mts_details_sep,2022,53.55
btn,sex_m,ocu_isco08_6,mts_details_sgle,2018,52.7
btn,sex_m,ocu_isco08_6,mts_details_sgle,2019,50.53
btn,sex_m,ocu_isco08_6,mts_details_sgle,2020,49
btn,sex_m,ocu_isco08_6,mts_details_sgle,2021,51.48
btn,sex_m,ocu_isco08_6,mts_details_sgle,2022,53.6
btn,sex_m,ocu_isco08_6,mts_details_total,2018,52.45
btn,sex_m,ocu_isco08_6,mts_details_total,2019,52.97
btn,sex_m,ocu_isco08_6,mts_details_total,2020,50.37
btn,sex_m,ocu_isco08_6,mts_details_total,2021,51.72
btn,sex_m,ocu_isco08_6,mts_details_total,2022,54.23
btn,sex_m,ocu_isco08_6,mts_details_union,2018,26.27
btn,sex_m,ocu_isco08_6,mts_details_wid,2018,51.42
btn,sex_m,ocu_isco08_6,mts_details_wid,2019,47.51
btn,sex_m,ocu_isco08_6,mts_details_wid,2020,43.33
btn,sex_m,ocu_isco08_6,mts_details_wid,2021,47.78
btn,sex_m,ocu_isco08_6,mts_details_wid,2022,52.31
btn,sex_m,ocu_isco08_7,mts_aggregate_1,2018,51.34
btn,sex_m,ocu_isco08_7,mts_aggregate_1,2019,53.16
btn,sex_m,ocu_isco08_7,mts_aggregate_1,2020,50.41
btn,sex_m,ocu_isco08_7,mts_aggregate_1,2021,53.08
btn,sex_m,ocu_isco08_7,mts_aggregate_1,2022,53.5
btn,sex_m,ocu_isco08_7,mts_aggregate_2,2018,52.66
btn,sex_m,ocu_isco08_7,mts_aggregate_2,2019,53.8
btn,sex_m,ocu_isco08_7,mts_aggregate_2,2020,51.75
btn,sex_m,ocu_isco08_7,mts_aggregate_2,2021,53.72
btn,sex_m,ocu_isco08_7,mts_aggregate_2,2022,55.64
btn,sex_m,ocu_isco08_7,mts_aggregate_total,2018,52.44
btn,sex_m,ocu_isco08_7,mts_aggregate_total,2019,53.68
btn,sex_m,ocu_isco08_7,mts_aggregate_total,2020,51.47
btn,sex_m,ocu_isco08_7,mts_aggregate_total,2021,53.59
btn,sex_m,ocu_isco08_7,mts_aggregate_total,2022,55.32
btn,sex_m,ocu_isco08_7,mts_details_mrd,2018,52.66
btn,sex_m,ocu_isco08_7,mts_details_mrd,2019,53.78
btn,sex_m,ocu_isco08_7,mts_details_mrd,2020,51.77
btn,sex_m,ocu_isco08_7,mts_details_mrd,2021,53.74
btn,sex_m,ocu_isco08_7,mts_details_mrd,2022,55.65
btn,sex_m,ocu_isco08_7,mts_details_sep,2018,51.94
btn,sex_m,ocu_isco08_7,mts_details_sep,2019,50.32
btn,sex_m,ocu_isco08_7,mts_details_sep,2020,46.63
btn,sex_m,ocu_isco08_7,mts_details_sep,2021,55.65
btn,sex_m,ocu_isco08_7,mts_details_sep,2022,49.86
btn,sex_m,ocu_isco08_7,mts_details_sgle,2018,51.71
btn,sex_m,ocu_isco08_7,mts_details_sgle,2019,54.15
btn,sex_m,ocu_isco08_7,mts_details_sgle,2020,50.99
btn,sex_m,ocu_isco08_7,mts_details_sgle,2021,52.98
btn,sex_m,ocu_isco08_7,mts_details_sgle,2022,54.82
btn,sex_m,ocu_isco08_7,mts_details_total,2018,52.44
btn,sex_m,ocu_isco08_7,mts_details_total,2019,53.68
btn,sex_m,ocu_isco08_7,mts_details_total,2020,51.47
btn,sex_m,ocu_isco08_7,mts_details_total,2021,53.59
btn,sex_m,ocu_isco08_7,mts_details_total,2022,55.32
btn,sex_m,ocu_isco08_7,mts_details_wid,2018,48.31
btn,sex_m,ocu_isco08_7,mts_details_wid,2019,49.51
btn,sex_m,ocu_isco08_7,mts_details_wid,2020,52.08
btn,sex_m,ocu_isco08_7,mts_details_wid,2021,48.87
btn,sex_m,ocu_isco08_7,mts_details_wid,2022,45.84
btn,sex_m,ocu_isco08_8,mts_aggregate_1,2018,52.55
btn,sex_m,ocu_isco08_8,mts_aggregate_1,2019,56.06
btn,sex_m,ocu_isco08_8,mts_aggregate_1,2020,51.87
btn,sex_m,ocu_isco08_8,mts_aggregate_1,2021,52.29
btn,sex_m,ocu_isco08_8,mts_aggregate_1,2022,54.6
btn,sex_m,ocu_isco08_8,mts_aggregate_2,2018,54.44
btn,sex_m,ocu_isco08_8,mts_aggregate_2,2019,57.16
btn,sex_m,ocu_isco08_8,mts_aggregate_2,2020,52.5
btn,sex_m,ocu_isco08_8,mts_aggregate_2,2021,53.87
btn,sex_m,ocu_isco08_8,mts_aggregate_2,2022,56.74
btn,sex_m,ocu_isco08_8,mts_aggregate_total,2018,54.2
btn,sex_m,ocu_isco08_8,mts_aggregate_total,2019,57.03
btn,sex_m,ocu_isco08_8,mts_aggregate_total,2020,52.43
btn,sex_m,ocu_isco08_8,mts_aggregate_total,2021,53.68
btn,sex_m,ocu_isco08_8,mts_aggregate_total,2022,56.51
btn,sex_m,ocu_isco08_8,mts_details_mrd,2018,54.43
btn,sex_m,ocu_isco08_8,mts_details_mrd,2019,57.16
btn,sex_m,ocu_isco08_8,mts_details_mrd,2020,52.5
btn,sex_m,ocu_isco08_8,mts_details_mrd,2021,53.87
btn,sex_m,ocu_isco08_8,mts_details_mrd,2022,56.75
btn,sex_m,ocu_isco08_8,mts_details_sep,2018,57.38
btn,sex_m,ocu_isco08_8,mts_details_sep,2019,52.5
btn,sex_m,ocu_isco08_8,mts_details_sep,2020,52.38
btn,sex_m,ocu_isco08_8,mts_details_sep,2021,55.53
btn,sex_m,ocu_isco08_8,mts_details_sep,2022,50.62
btn,sex_m,ocu_isco08_8,mts_details_sgle,2018,52
btn,sex_m,ocu_isco08_8,mts_details_sgle,2019,56.53
btn,sex_m,ocu_isco08_8,mts_details_sgle,2020,52.02
btn,sex_m,ocu_isco08_8,mts_details_sgle,2021,49.79
btn,sex_m,ocu_isco08_8,mts_details_sgle,2022,55.79
btn,sex_m,ocu_isco08_8,mts_details_total,2018,54.2
btn,sex_m,ocu_isco08_8,mts_details_total,2019,57.03
btn,sex_m,ocu_isco08_8,mts_details_total,2020,52.43
btn,sex_m,ocu_isco08_8,mts_details_total,2021,53.68
btn,sex_m,ocu_isco08_8,mts_details_total,2022,56.51
btn,sex_m,ocu_isco08_8,mts_details_wid,2021,57.81
btn,sex_m,ocu_isco08_9,mts_aggregate_1,2018,50.38
btn,sex_m,ocu_isco08_9,mts_aggregate_1,2019,54.47
btn,sex_m,ocu_isco08_9,mts_aggregate_1,2020,50.61
btn,sex_m,ocu_isco08_9,mts_aggregate_1,2021,53.51
btn,sex_m,ocu_isco08_9,mts_aggregate_1,2022,58.37
btn,sex_m,ocu_isco08_9,mts_aggregate_2,2018,51.61
btn,sex_m,ocu_isco08_9,mts_aggregate_2,2019,52.96
btn,sex_m,ocu_isco08_9,mts_aggregate_2,2020,52.65
btn,sex_m,ocu_isco08_9,mts_aggregate_2,2021,53.38
btn,sex_m,ocu_isco08_9,mts_aggregate_2,2022,57.83
btn,sex_m,ocu_isco08_9,mts_aggregate_total,2018,51.28
btn,sex_m,ocu_isco08_9,mts_aggregate_total,2019,53.35
btn,sex_m,ocu_isco08_9,mts_aggregate_total,2020,52.03
btn,sex_m,ocu_isco08_9,mts_aggregate_total,2021,53.42
btn,sex_m,ocu_isco08_9,mts_aggregate_total,2022,57.97
btn,sex_m,ocu_isco08_9,mts_details_mrd,2018,51.61
btn,sex_m,ocu_isco08_9,mts_details_mrd,2019,52.95
btn,sex_m,ocu_isco08_9,mts_details_mrd,2020,52.68
btn,sex_m,ocu_isco08_9,mts_details_mrd,2021,53.35
btn,sex_m,ocu_isco08_9,mts_details_mrd,2022,57.87
btn,sex_m,ocu_isco08_9,mts_details_sep,2018,50.8
btn,sex_m,ocu_isco08_9,mts_details_sep,2019,63.32
btn,sex_m,ocu_isco08_9,mts_details_sep,2020,55.25
btn,sex_m,ocu_isco08_9,mts_details_sep,2021,52.72
btn,sex_m,ocu_isco08_9,mts_details_sep,2022,59.54
btn,sex_m,ocu_isco08_9,mts_details_sgle,2018,50.32
btn,sex_m,ocu_isco08_9,mts_details_sgle,2019,53.01
btn,sex_m,ocu_isco08_9,mts_details_sgle,2020,50.3
btn,sex_m,ocu_isco08_9,mts_details_sgle,2021,53.69
btn,sex_m,ocu_isco08_9,mts_details_sgle,2022,58.26
btn,sex_m,ocu_isco08_9,mts_details_total,2018,51.28
btn,sex_m,ocu_isco08_9,mts_details_total,2019,53.35
btn,sex_m,ocu_isco08_9,mts_details_total,2020,52.03
btn,sex_m,ocu_isco08_9,mts_details_total,2021,53.42
btn,sex_m,ocu_isco08_9,mts_details_total,2022,57.97
btn,sex_m,ocu_isco08_9,mts_details_wid,2020,46.35
btn,sex_m,ocu_isco08_total,mts_aggregate_1,2018,51.94
btn,sex_m,ocu_isco08_total,mts_aggregate_1,2019,51.53
btn,sex_m,ocu_isco08_total,mts_aggregate_1,2020,48.52
btn,sex_m,ocu_isco08_total,mts_aggregate_1,2021,50.98
btn,sex_m,ocu_isco08_total,mts_aggregate_1,2022,54.42
btn,sex_m,ocu_isco08_total,mts_aggregate_2,2018,52.19
btn,sex_m,ocu_isco08_total,mts_aggregate_2,2019,53.14
btn,sex_m,ocu_isco08_total,mts_aggregate_2,2020,50.71
btn,sex_m,ocu_isco08_total,mts_aggregate_2,2021,51.99
btn,sex_m,ocu_isco08_total,mts_aggregate_2,2022,55.21
btn,sex_m,ocu_isco08_total,mts_aggregate_total,2018,52.15
btn,sex_m,ocu_isco08_total,mts_aggregate_total,2019,52.86
btn,sex_m,ocu_isco08_total,mts_aggregate_total,2020,50.32
btn,sex_m,ocu_isco08_total,mts_aggregate_total,2021,51.8
btn,sex_m,ocu_isco08_total,mts_aggregate_total,2022,55.08
btn,sex_m,ocu_isco08_total,mts_details_mrd,2018,52.21
btn,sex_m,ocu_isco08_total,mts_details_mrd,2019,53.14
btn,sex_m,ocu_isco08_total,mts_details_mrd,2020,50.72
btn,sex_m,ocu_isco08_total,mts_details_mrd,2021,51.99
btn,sex_m,ocu_isco08_total,mts_details_mrd,2022,55.21
btn,sex_m,ocu_isco08_total,mts_details_sep,2018,51.61
btn,sex_m,ocu_isco08_total,mts_details_sep,2019,51.9
btn,sex_m,ocu_isco08_total,mts_details_sep,2020,49.48
btn,sex_m,ocu_isco08_total,mts_details_sep,2021,51.52
btn,sex_m,ocu_isco08_total,mts_details_sep,2022,53.8
btn,sex_m,ocu_isco08_total,mts_details_sgle,2018,51.99
btn,sex_m,ocu_isco08_total,mts_details_sgle,2019,51.84
btn,sex_m,ocu_isco08_total,mts_details_sgle,2020,48.86
btn,sex_m,ocu_isco08_total,mts_details_sgle,2021,51.25
btn,sex_m,ocu_isco08_total,mts_details_sgle,2022,54.72
btn,sex_m,ocu_isco08_total,mts_details_total,2018,52.15
btn,sex_m,ocu_isco08_total,mts_details_total,2019,52.86
btn,sex_m,ocu_isco08_total,mts_details_total,2020,50.32
btn,sex_m,ocu_isco08_total,mts_details_total,2021,51.8
btn,sex_m,ocu_isco08_total,mts_details_total,2022,55.08
btn,sex_m,ocu_isco08_total,mts_details_union,2018,49.01
btn,sex_m,ocu_isco08_total,mts_details_union,2019,54.45
btn,sex_m,ocu_isco08_total,mts_details_union,2020,46.59
btn,sex_m,ocu_isco08_total,mts_details_union,2021,50.22
btn,sex_m,ocu_isco08_total,mts_details_union,2022,52.85
btn,sex_m,ocu_isco08_total,mts_details_wid,2018,52.06
btn,sex_m,ocu_isco08_total,mts_details_wid,2019,49.16
btn,sex_m,ocu_isco08_total,mts_details_wid,2020,44.89
btn,sex_m,ocu_isco08_total,mts_details_wid,2021,48.5
btn,sex_m,ocu_isco08_total,mts_details_wid,2022,52.75
btn,sex_m,ocu_isco08_x,mts_aggregate_1,2020,41.8
btn,sex_m,ocu_isco08_x,mts_aggregate_1,2021,50.02
btn,sex_m,ocu_isco08_x,mts_aggregate_1,2022,52.6
btn,sex_m,ocu_isco08_x,mts_aggregate_2,2020,44.75
btn,sex_m,ocu_isco08_x,mts_aggregate_2,2021,48.42
btn,sex_m,ocu_isco08_x,mts_aggregate_2,2022,49.25
btn,sex_m,ocu_isco08_x,mts_aggregate_total,2020,42.51
btn,sex_m,ocu_isco08_x,mts_aggregate_total,2021,49.46
btn,sex_m,ocu_isco08_x,mts_aggregate_total,2022,51.61
btn,sex_m,ocu_isco08_x,mts_details_mrd,2020,44.99
btn,sex_m,ocu_isco08_x,mts_details_mrd,2021,48.86
btn,sex_m,ocu_isco08_x,mts_details_mrd,2022,49.05
btn,sex_m,ocu_isco08_x,mts_details_sep,2021,50.22
btn,sex_m,ocu_isco08_x,mts_details_sgle,2020,41.8
btn,sex_m,ocu_isco08_x,mts_details_sgle,2021,50
btn,sex_m,ocu_isco08_x,mts_details_sgle,2022,52.6
btn,sex_m,ocu_isco08_x,mts_details_total,2020,42.51
btn,sex_m,ocu_isco08_x,mts_details_total,2021,49.46
btn,sex_m,ocu_isco08_x,mts_details_total,2022,51.61
btn,sex_m,ocu_skill_l1,mts_aggregate_1,2018,50.38
btn,sex_m,ocu_skill_l1,mts_aggregate_1,2019,54.47
btn,sex_m,ocu_skill_l1,mts_aggregate_1,2020,50.61
btn,sex_m,ocu_skill_l1,mts_aggregate_1,2021,53.51
btn,sex_m,ocu_skill_l1,mts_aggregate_1,2022,58.37
btn,sex_m,ocu_skill_l1,mts_aggregate_2,2018,51.61
btn,sex_m,ocu_skill_l1,mts_aggregate_2,2019,52.96
btn,sex_m,ocu_skill_l1,mts_aggregate_2,2020,52.65
btn,sex_m,ocu_skill_l1,mts_aggregate_2,2021,53.38
btn,sex_m,ocu_skill_l1,mts_aggregate_2,2022,57.83
btn,sex_m,ocu_skill_l1,mts_aggregate_total,2018,51.28
btn,sex_m,ocu_skill_l1,mts_aggregate_total,2019,53.35
btn,sex_m,ocu_skill_l1,mts_aggregate_total,2020,52.03
btn,sex_m,ocu_skill_l1,mts_aggregate_total,2021,53.42
btn,sex_m,ocu_skill_l1,mts_aggregate_total,2022,57.97
btn,sex_m,ocu_skill_l1,mts_details_mrd,2018,51.61
btn,sex_m,ocu_skill_l1,mts_details_mrd,2019,52.95
btn,sex_m,ocu_skill_l1,mts_details_mrd,2020,52.68
btn,sex_m,ocu_skill_l1,mts_details_mrd,2021,53.35
btn,sex_m,ocu_skill_l1,mts_details_mrd,2022,57.87
btn,sex_m,ocu_skill_l1,mts_details_sep,2018,50.8
btn,sex_m,ocu_skill_l1,mts_details_sep,2019,63.32
btn,sex_m,ocu_skill_l1,mts_details_sep,2020,55.25
btn,sex_m,ocu_skill_l1,mts_details_sep,2021,52.72
btn,sex_m,ocu_skill_l1,mts_details_sep,2022,59.54
btn,sex_m,ocu_skill_l1,mts_details_sgle,2018,50.32
btn,sex_m,ocu_skill_l1,mts_details_sgle,2019,53.01
btn,sex_m,ocu_skill_l1,mts_details_sgle,2020,50.3
btn,sex_m,ocu_skill_l1,mts_details_sgle,2021,53.69
btn,sex_m,ocu_skill_l1,mts_details_sgle,2022,58.26
btn,sex_m,ocu_skill_l1,mts_details_total,2018,51.28
btn,sex_m,ocu_skill_l1,mts_details_total,2019,53.35
btn,sex_m,ocu_skill_l1,mts_details_total,2020,52.03
btn,sex_m,ocu_skill_l1,mts_details_total,2021,53.42
btn,sex_m,ocu_skill_l1,mts_details_total,2022,57.97
btn,sex_m,ocu_skill_l1,mts_details_wid,2020,46.35
btn,sex_m,ocu_skill_l2,mts_aggregate_1,2018,52.68
btn,sex_m,ocu_skill_l2,mts_aggregate_1,2019,52.09
btn,sex_m,ocu_skill_l2,mts_aggregate_1,2020,49.33
btn,sex_m,ocu_skill_l2,mts_aggregate_1,2021,51.82
btn,sex_m,ocu_skill_l2,mts_aggregate_1,2022,54.55
btn,sex_m,ocu_skill_l2,mts_aggregate_2,2018,53.42
btn,sex_m,ocu_skill_l2,mts_aggregate_2,2019,54.67
btn,sex_m,ocu_skill_l2,mts_aggregate_2,2020,52.03
btn,sex_m,ocu_skill_l2,mts_aggregate_2,2021,53.19
btn,sex_m,ocu_skill_l2,mts_aggregate_2,2022,56.23
btn,sex_m,ocu_skill_l2,mts_aggregate_total,2018,53.29
btn,sex_m,ocu_skill_l2,mts_aggregate_total,2019,54.21
btn,sex_m,ocu_skill_l2,mts_aggregate_total,2020,51.57
btn,sex_m,ocu_skill_l2,mts_aggregate_total,2021,52.94
btn,sex_m,ocu_skill_l2,mts_aggregate_total,2022,55.98
btn,sex_m,ocu_skill_l2,mts_details_mrd,2018,53.43
btn,sex_m,ocu_skill_l2,mts_details_mrd,2019,54.67
btn,sex_m,ocu_skill_l2,mts_details_mrd,2020,52.04
btn,sex_m,ocu_skill_l2,mts_details_mrd,2021,53.19
btn,sex_m,ocu_skill_l2,mts_details_mrd,2022,56.26
btn,sex_m,ocu_skill_l2,mts_details_sep,2018,52.03
btn,sex_m,ocu_skill_l2,mts_details_sep,2019,52.28
btn,sex_m,ocu_skill_l2,mts_details_sep,2020,49.18
btn,sex_m,ocu_skill_l2,mts_details_sep,2021,52.77
btn,sex_m,ocu_skill_l2,mts_details_sep,2022,54.27
btn,sex_m,ocu_skill_l2,mts_details_sgle,2018,53.01
btn,sex_m,ocu_skill_l2,mts_details_sgle,2019,52.56
btn,sex_m,ocu_skill_l2,mts_details_sgle,2020,50.23
btn,sex_m,ocu_skill_l2,mts_details_sgle,2021,52.36
btn,sex_m,ocu_skill_l2,mts_details_sgle,2022,54.9
btn,sex_m,ocu_skill_l2,mts_details_total,2018,53.29
btn,sex_m,ocu_skill_l2,mts_details_total,2019,54.21
btn,sex_m,ocu_skill_l2,mts_details_total,2020,51.57
btn,sex_m,ocu_skill_l2,mts_details_total,2021,52.94
btn,sex_m,ocu_skill_l2,mts_details_total,2022,55.98
btn,sex_m,ocu_skill_l2,mts_details_union,2018,49.56
btn,sex_m,ocu_skill_l2,mts_details_union,2019,53.72
btn,sex_m,ocu_skill_l2,mts_details_union,2020,48.27
btn,sex_m,ocu_skill_l2,mts_details_union,2021,52.75
btn,sex_m,ocu_skill_l2,mts_details_union,2022,41.26
btn,sex_m,ocu_skill_l2,mts_details_wid,2018,51.65
btn,sex_m,ocu_skill_l2,mts_details_wid,2019,49.62
btn,sex_m,ocu_skill_l2,mts_details_wid,2020,44.81
btn,sex_m,ocu_skill_l2,mts_details_wid,2021,48.3
btn,sex_m,ocu_skill_l2,mts_details_wid,2022,52.71
btn,sex_m,ocu_skill_l3_4,mts_aggregate_1,2018,48.73
btn,sex_m,ocu_skill_l3_4,mts_aggregate_1,2019,48.39
btn,sex_m,ocu_skill_l3_4,mts_aggregate_1,2020,45.72
btn,sex_m,ocu_skill_l3_4,mts_aggregate_1,2021,46.41
btn,sex_m,ocu_skill_l3_4,mts_aggregate_1,2022,52.48
btn,sex_m,ocu_skill_l3_4,mts_aggregate_2,2018,47.58
btn,sex_m,ocu_skill_l3_4,mts_aggregate_2,2019,48.2
btn,sex_m,ocu_skill_l3_4,mts_aggregate_2,2020,45.43
btn,sex_m,ocu_skill_l3_4,mts_aggregate_2,2021,47.33
btn,sex_m,ocu_skill_l3_4,mts_aggregate_2,2022,51.33
btn,sex_m,ocu_skill_l3_4,mts_aggregate_total,2018,47.74
btn,sex_m,ocu_skill_l3_4,mts_aggregate_total,2019,48.23
btn,sex_m,ocu_skill_l3_4,mts_aggregate_total,2020,45.48
btn,sex_m,ocu_skill_l3_4,mts_aggregate_total,2021,47.18
btn,sex_m,ocu_skill_l3_4,mts_aggregate_total,2022,51.51
btn,sex_m,ocu_skill_l3_4,mts_details_mrd,2018,47.58
btn,sex_m,ocu_skill_l3_4,mts_details_mrd,2019,48.19
btn,sex_m,ocu_skill_l3_4,mts_details_mrd,2020,45.44
btn,sex_m,ocu_skill_l3_4,mts_details_mrd,2021,47.32
btn,sex_m,ocu_skill_l3_4,mts_details_mrd,2022,51.25
btn,sex_m,ocu_skill_l3_4,mts_details_sep,2018,49
btn,sex_m,ocu_skill_l3_4,mts_details_sep,2019,45.5
btn,sex_m,ocu_skill_l3_4,mts_details_sep,2020,48.06
btn,sex_m,ocu_skill_l3_4,mts_details_sep,2021,44.8
btn,sex_m,ocu_skill_l3_4,mts_details_sep,2022,49.6
btn,sex_m,ocu_skill_l3_4,mts_details_sgle,2018,48.3
btn,sex_m,ocu_skill_l3_4,mts_details_sgle,2019,49.07
btn,sex_m,ocu_skill_l3_4,mts_details_sgle,2020,45.45
btn,sex_m,ocu_skill_l3_4,mts_details_sgle,2021,46.66
btn,sex_m,ocu_skill_l3_4,mts_details_sgle,2022,53.05
btn,sex_m,ocu_skill_l3_4,mts_details_total,2018,47.74
btn,sex_m,ocu_skill_l3_4,mts_details_total,2019,48.23
btn,sex_m,ocu_skill_l3_4,mts_details_total,2020,45.48
btn,sex_m,ocu_skill_l3_4,mts_details_total,2021,47.18
btn,sex_m,ocu_skill_l3_4,mts_details_total,2022,51.51
btn,sex_m,ocu_skill_l3_4,mts_details_union,2018,48.26
btn,sex_m,ocu_skill_l3_4,mts_details_union,2020,45.3
btn,sex_m,ocu_skill_l3_4,mts_details_union,2021,49.38
btn,sex_m,ocu_skill_l3_4,mts_details_union,2022,66.62
btn,sex_m,ocu_skill_l3_4,mts_details_wid,2018,54.16
btn,sex_m,ocu_skill_l3_4,mts_details_wid,2019,43.35
btn,sex_m,ocu_skill_l3_4,mts_details_wid,2020,44.97
btn,sex_m,ocu_skill_l3_4,mts_details_wid,2021,47.18
btn,sex_m,ocu_skill_l3_4,mts_details_wid,2022,51.03
btn,sex_m,ocu_skill_total,mts_aggregate_1,2018,51.94
btn,sex_m,ocu_skill_total,mts_aggregate_1,2019,51.53
btn,sex_m,ocu_skill_total,mts_aggregate_1,2020,48.52
btn,sex_m,ocu_skill_total,mts_aggregate_1,2021,50.98
btn,sex_m,ocu_skill_total,mts_aggregate_1,2022,54.42
btn,sex_m,ocu_skill_total,mts_aggregate_2,2018,52.19
btn,sex_m,ocu_skill_total,mts_aggregate_2,2019,53.14
btn,sex_m,ocu_skill_total,mts_aggregate_2,2020,50.71
btn,sex_m,ocu_skill_total,mts_aggregate_2,2021,51.99
btn,sex_m,ocu_skill_total,mts_aggregate_2,2022,55.21
btn,sex_m,ocu_skill_total,mts_aggregate_total,2018,52.15
btn,sex_m,ocu_skill_total,mts_aggregate_total,2019,52.86
btn,sex_m,ocu_skill_total,mts_aggregate_total,2020,50.32
btn,sex_m,ocu_skill_total,mts_aggregate_total,2021,51.8
btn,sex_m,ocu_skill_total,mts_aggregate_total,2022,55.08
btn,sex_m,ocu_skill_total,mts_details_mrd,2018,52.21
btn,sex_m,ocu_skill_total,mts_details_mrd,2019,53.14
btn,sex_m,ocu_skill_total,mts_details_mrd,2020,50.72
btn,sex_m,ocu_skill_total,mts_details_mrd,2021,51.99
btn,sex_m,ocu_skill_total,mts_details_mrd,2022,55.21
btn,sex_m,ocu_skill_total,mts_details_sep,2018,51.61
btn,sex_m,ocu_skill_total,mts_details_sep,2019,51.9
btn,sex_m,ocu_skill_total,mts_details_sep,2020,49.48
btn,sex_m,ocu_skill_total,mts_details_sep,2021,51.52
btn,sex_m,ocu_skill_total,mts_details_sep,2022,53.8
btn,sex_m,ocu_skill_total,mts_details_sgle,2018,51.99
btn,sex_m,ocu_skill_total,mts_details_sgle,2019,51.84
btn,sex_m,ocu_skill_total,mts_details_sgle,2020,48.86
btn,sex_m,ocu_skill_total,mts_details_sgle,2021,51.25
btn,sex_m,ocu_skill_total,mts_details_sgle,2022,54.72
btn,sex_m,ocu_skill_total,mts_details_total,2018,52.15
btn,sex_m,ocu_skill_total,mts_details_total,2019,52.86
btn,sex_m,ocu_skill_total,mts_details_total,2020,50.32
btn,sex_m,ocu_skill_total,mts_details_total,2021,51.8
btn,sex_m,ocu_skill_total,mts_details_total,2022,55.08
btn,sex_m,ocu_skill_total,mts_details_union,2018,49.01
btn,sex_m,ocu_skill_total,mts_details_union,2019,54.45
btn,sex_m,ocu_skill_total,mts_details_union,2020,46.59
btn,sex_m,ocu_skill_total,mts_details_union,2021,50.22
btn,sex_m,ocu_skill_total,mts_details_union,2022,52.85
btn,sex_m,ocu_skill_total,mts_details_wid,2018,52.06
btn,sex_m,ocu_skill_total,mts_details_wid,2019,49.16
btn,sex_m,ocu_skill_total,mts_details_wid,2020,44.89
btn,sex_m,ocu_skill_total,mts_details_wid,2021,48.5
btn,sex_m,ocu_skill_total,mts_details_wid,2022,52.75
btn,sex_m,ocu_skill_x,mts_aggregate_1,2018,51.02
btn,sex_m,ocu_skill_x,mts_aggregate_1,2019,57.28
btn,sex_m,ocu_skill_x,mts_aggregate_1,2020,44.64
btn,sex_m,ocu_skill_x,mts_aggregate_1,2021,50.58
btn,sex_m,ocu_skill_x,mts_aggregate_1,2022,53.29
btn,sex_m,ocu_skill_x,mts_aggregate_2,2018,53.51
btn,sex_m,ocu_skill_x,mts_aggregate_2,2019,52.84
btn,sex_m,ocu_skill_x,mts_aggregate_2,2020,54.67
btn,sex_m,ocu_skill_x,mts_aggregate_2,2021,54.18
btn,sex_m,ocu_skill_x,mts_aggregate_2,2022,56.44
btn,sex_m,ocu_skill_x,mts_aggregate_total,2018,53.34
btn,sex_m,ocu_skill_x,mts_aggregate_total,2019,53.05
btn,sex_m,ocu_skill_x,mts_aggregate_total,2020,52.7
btn,sex_m,ocu_skill_x,mts_aggregate_total,2021,53.19
btn,sex_m,ocu_skill_x,mts_aggregate_total,2022,55.86
btn,sex_m,ocu_skill_x,mts_details_mrd,2018,53.51
btn,sex_m,ocu_skill_x,mts_details_mrd,2019,52.84
btn,sex_m,ocu_skill_x,mts_details_mrd,2020,54.72
btn,sex_m,ocu_skill_x,mts_details_mrd,2021,54.32
btn,sex_m,ocu_skill_x,mts_details_mrd,2022,56.44
btn,sex_m,ocu_skill_x,mts_details_sep,2020,52.13
btn,sex_m,ocu_skill_x,mts_details_sep,2021,51.15
btn,sex_m,ocu_skill_x,mts_details_sep,2022,62.41
btn,sex_m,ocu_skill_x,mts_details_sgle,2018,47.82
btn,sex_m,ocu_skill_x,mts_details_sgle,2019,57.58
btn,sex_m,ocu_skill_x,mts_details_sgle,2020,43.44
btn,sex_m,ocu_skill_x,mts_details_sgle,2021,50.01
btn,sex_m,ocu_skill_x,mts_details_sgle,2022,52.5
btn,sex_m,ocu_skill_x,mts_details_total,2018,53.34
btn,sex_m,ocu_skill_x,mts_details_total,2019,53.05
btn,sex_m,ocu_skill_x,mts_details_total,2020,52.7
btn,sex_m,ocu_skill_x,mts_details_total,2021,53.19
btn,sex_m,ocu_skill_x,mts_details_total,2022,55.86
btn,sex_t,ocu_isco08_0,mts_aggregate_1,2018,51.04
btn,sex_t,ocu_isco08_0,mts_aggregate_1,2019,57.28
btn,sex_t,ocu_isco08_0,mts_aggregate_1,2020,50.13
btn,sex_t,ocu_isco08_0,mts_aggregate_1,2021,52.24
btn,sex_t,ocu_isco08_0,mts_aggregate_1,2022,55.89
btn,sex_t,ocu_isco08_0,mts_aggregate_2,2018,53.66
btn,sex_t,ocu_isco08_0,mts_aggregate_2,2019,52.91
btn,sex_t,ocu_isco08_0,mts_aggregate_2,2020,55.19
btn,sex_t,ocu_isco08_0,mts_aggregate_2,2021,55.16
btn,sex_t,ocu_isco08_0,mts_aggregate_2,2022,57.02
btn,sex_t,ocu_isco08_0,mts_aggregate_total,2018,53.49
btn,sex_t,ocu_isco08_0,mts_aggregate_total,2019,53.12
btn,sex_t,ocu_isco08_0,mts_aggregate_total,2020,54.78
btn,sex_t,ocu_isco08_0,mts_aggregate_total,2021,54.82
btn,sex_t,ocu_isco08_0,mts_aggregate_total,2022,56.95
btn,sex_t,ocu_isco08_0,mts_details_mrd,2018,53.66
btn,sex_t,ocu_isco08_0,mts_details_mrd,2019,52.91
btn,sex_t,ocu_isco08_0,mts_details_mrd,2020,55.19
btn,sex_t,ocu_isco08_0,mts_details_mrd,2021,55.16
btn,sex_t,ocu_isco08_0,mts_details_mrd,2022,57.02
btn,sex_t,ocu_isco08_0,mts_details_sep,2020,52.13
btn,sex_t,ocu_isco08_0,mts_details_sep,2021,51.74
btn,sex_t,ocu_isco08_0,mts_details_sep,2022,61.8
btn,sex_t,ocu_isco08_0,mts_details_sgle,2018,47.88
btn,sex_t,ocu_isco08_0,mts_details_sgle,2019,57.58
btn,sex_t,ocu_isco08_0,mts_details_sgle,2020,48.82
btn,sex_t,ocu_isco08_0,mts_details_sgle,2021,50.69
btn,sex_t,ocu_isco08_0,mts_details_sgle,2022,52.76
btn,sex_t,ocu_isco08_0,mts_details_total,2018,53.49
btn,sex_t,ocu_isco08_0,mts_details_total,2019,53.12
btn,sex_t,ocu_isco08_0,mts_details_total,2020,54.78
btn,sex_t,ocu_isco08_0,mts_details_total,2021,54.82
btn,sex_t,ocu_isco08_0,mts_details_total,2022,56.95
btn,sex_t,ocu_isco08_1,mts_aggregate_1,2018,49.6
btn,sex_t,ocu_isco08_1,mts_aggregate_1,2019,56.81
btn,sex_t,ocu_isco08_1,mts_aggregate_1,2020,52.98
btn,sex_t,ocu_isco08_1,mts_aggregate_1,2021,49.66
btn,sex_t,ocu_isco08_1,mts_aggregate_1,2022,56.28
btn,sex_t,ocu_isco08_1,mts_aggregate_2,2018,48.45
btn,sex_t,ocu_isco08_1,mts_aggregate_2,2019,53.18
btn,sex_t,ocu_isco08_1,mts_aggregate_2,2020,50.83
btn,sex_t,ocu_isco08_1,mts_aggregate_2,2021,52.12
btn,sex_t,ocu_isco08_1,mts_aggregate_2,2022,56.55
btn,sex_t,ocu_isco08_1,mts_aggregate_total,2018,48.59
btn,sex_t,ocu_isco08_1,mts_aggregate_total,2019,53.8
btn,sex_t,ocu_isco08_1,mts_aggregate_total,2020,51.16
btn,sex_t,ocu_isco08_1,mts_aggregate_total,2021,51.63
btn,sex_t,ocu_isco08_1,mts_aggregate_total,2022,56.51
btn,sex_t,ocu_isco08_1,mts_details_mrd,2018,48.4
btn,sex_t,ocu_isco08_1,mts_details_mrd,2019,53.17
btn,sex_t,ocu_isco08_1,mts_details_mrd,2020,50.86
btn,sex_t,ocu_isco08_1,mts_details_mrd,2021,52.1
btn,sex_t,ocu_isco08_1,mts_details_mrd,2022,56.4
btn,sex_t,ocu_isco08_1,mts_details_sep,2018,60.37
btn,sex_t,ocu_isco08_1,mts_details_sep,2019,54.11
btn,sex_t,ocu_isco08_1,mts_details_sep,2020,56.39
btn,sex_t,ocu_isco08_1,mts_details_sep,2021,51.22
btn,sex_t,ocu_isco08_1,mts_details_sep,2022,57.92
btn,sex_t,ocu_isco08_1,mts_details_sgle,2018,46.98
btn,sex_t,ocu_isco08_1,mts_details_sgle,2019,57.22
btn,sex_t,ocu_isco08_1,mts_details_sgle,2020,51.4
btn,sex_t,ocu_isco08_1,mts_details_sgle,2021,51.9
btn,sex_t,ocu_isco08_1,mts_details_sgle,2022,54.88
btn,sex_t,ocu_isco08_1,mts_details_total,2018,48.59
btn,sex_t,ocu_isco08_1,mts_details_total,2019,53.8
btn,sex_t,ocu_isco08_1,mts_details_total,2020,51.16
btn,sex_t,ocu_isco08_1,mts_details_total,2021,51.63
btn,sex_t,ocu_isco08_1,mts_details_total,2022,56.51
btn,sex_t,ocu_isco08_1,mts_details_wid,2019,63.93
btn,sex_t,ocu_isco08_1,mts_details_wid,2020,45.33
btn,sex_t,ocu_isco08_1,mts_details_wid,2021,38.42
btn,sex_t,ocu_isco08_1,mts_details_wid,2022,57.81
btn,sex_t,ocu_isco08_2,mts_aggregate_1,2018,45.63
btn,sex_t,ocu_isco08_2,mts_aggregate_1,2019,46.32
btn,sex_t,ocu_isco08_2,mts_aggregate_1,2020,42.03
btn,sex_t,ocu_isco08_2,mts_aggregate_1,2021,44.25
btn,sex_t,ocu_isco08_2,mts_aggregate_1,2022,49.37
btn,sex_t,ocu_isco08_2,mts_aggregate_2,2018,46.27
btn,sex_t,ocu_isco08_2,mts_aggregate_2,2019,45.35
btn,sex_t,ocu_isco08_2,mts_aggregate_2,2020,42.9
btn,sex_t,ocu_isco08_2,mts_aggregate_2,2021,44.91
btn,sex_t,ocu_isco08_2,mts_aggregate_2,2022,47.49
btn,sex_t,ocu_isco08_2,mts_aggregate_total,2018,46.16
btn,sex_t,ocu_isco08_2,mts_aggregate_total,2019,45.57
btn,sex_t,ocu_isco08_2,mts_aggregate_total,2020,42.7
btn,sex_t,ocu_isco08_2,mts_aggregate_total,2021,44.74
btn,sex_t,ocu_isco08_2,mts_aggregate_total,2022,47.95
btn,sex_t,ocu_isco08_2,mts_details_mrd,2018,46.27
btn,sex_t,ocu_isco08_2,mts_details_mrd,2019,45.39
btn,sex_t,ocu_isco08_2,mts_details_mrd,2020,42.91
btn,sex_t,ocu_isco08_2,mts_details_mrd,2021,44.95
btn,sex_t,ocu_isco08_2,mts_details_mrd,2022,47.41
btn,sex_t,ocu_isco08_2,mts_details_sep,2018,47.64
btn,sex_t,ocu_isco08_2,mts_details_sep,2019,42.81
btn,sex_t,ocu_isco08_2,mts_details_sep,2020,35.72
btn,sex_t,ocu_isco08_2,mts_details_sep,2021,40.01
btn,sex_t,ocu_isco08_2,mts_details_sep,2022,44.37
btn,sex_t,ocu_isco08_2,mts_details_sgle,2018,45.16
btn,sex_t,ocu_isco08_2,mts_details_sgle,2019,47
btn,sex_t,ocu_isco08_2,mts_details_sgle,2020,42.63
btn,sex_t,ocu_isco08_2,mts_details_sgle,2021,44.97
btn,sex_t,ocu_isco08_2,mts_details_sgle,2022,50.07
btn,sex_t,ocu_isco08_2,mts_details_total,2018,46.16
btn,sex_t,ocu_isco08_2,mts_details_total,2019,45.57
btn,sex_t,ocu_isco08_2,mts_details_total,2020,42.7
btn,sex_t,ocu_isco08_2,mts_details_total,2021,44.74
btn,sex_t,ocu_isco08_2,mts_details_total,2022,47.95
btn,sex_t,ocu_isco08_2,mts_details_union,2018,46.34
btn,sex_t,ocu_isco08_2,mts_details_union,2020,41.25
btn,sex_t,ocu_isco08_2,mts_details_union,2021,40
btn,sex_t,ocu_isco08_2,mts_details_wid,2018,48.61
btn,sex_t,ocu_isco08_2,mts_details_wid,2019,42.7
btn,sex_t,ocu_isco08_2,mts_details_wid,2020,44.12
btn,sex_t,ocu_isco08_2,mts_details_wid,2021,43.44
btn,sex_t,ocu_isco08_3,mts_aggregate_1,2018,50.26
btn,sex_t,ocu_isco08_3,mts_aggregate_1,2019,46.92
btn,sex_t,ocu_isco08_3,mts_aggregate_1,2020,43.54
btn,sex_t,ocu_isco08_3,mts_aggregate_1,2021,45.74
btn,sex_t,ocu_isco08_3,mts_aggregate_1,2022,52.47
btn,sex_t,ocu_isco08_3,mts_aggregate_2,2018,47.69
btn,sex_t,ocu_isco08_3,mts_aggregate_2,2019,48.3
btn,sex_t,ocu_isco08_3,mts_aggregate_2,2020,44.82
btn,sex_t,ocu_isco08_3,mts_aggregate_2,2021,46.04
btn,sex_t,ocu_isco08_3,mts_aggregate_2,2022,50.92
btn,sex_t,ocu_isco08_3,mts_aggregate_total,2018,48.19
btn,sex_t,ocu_isco08_3,mts_aggregate_total,2019,48.05
btn,sex_t,ocu_isco08_3,mts_aggregate_total,2020,44.58
btn,sex_t,ocu_isco08_3,mts_aggregate_total,2021,45.99
btn,sex_t,ocu_isco08_3,mts_aggregate_total,2022,51.19
btn,sex_t,ocu_isco08_3,mts_details_mrd,2018,47.71
btn,sex_t,ocu_isco08_3,mts_details_mrd,2019,48.32
btn,sex_t,ocu_isco08_3,mts_details_mrd,2020,44.81
btn,sex_t,ocu_isco08_3,mts_details_mrd,2021,46.04
btn,sex_t,ocu_isco08_3,mts_details_mrd,2022,50.92
btn,sex_t,ocu_isco08_3,mts_details_sep,2018,46.39
btn,sex_t,ocu_isco08_3,mts_details_sep,2019,44.9
btn,sex_t,ocu_isco08_3,mts_details_sep,2020,42.96
btn,sex_t,ocu_isco08_3,mts_details_sep,2021,45.88
btn,sex_t,ocu_isco08_3,mts_details_sep,2022,53.69
btn,sex_t,ocu_isco08_3,mts_details_sgle,2018,50.22
btn,sex_t,ocu_isco08_3,mts_details_sgle,2019,47.26
btn,sex_t,ocu_isco08_3,mts_details_sgle,2020,43.56
btn,sex_t,ocu_isco08_3,mts_details_sgle,2021,45.65
btn,sex_t,ocu_isco08_3,mts_details_sgle,2022,52.13
btn,sex_t,ocu_isco08_3,mts_details_total,2018,48.19
btn,sex_t,ocu_isco08_3,mts_details_total,2019,48.05
btn,sex_t,ocu_isco08_3,mts_details_total,2020,44.58
btn,sex_t,ocu_isco08_3,mts_details_total,2021,45.99
btn,sex_t,ocu_isco08_3,mts_details_total,2022,51.19
btn,sex_t,ocu_isco08_3,mts_details_union,2018,46.66
btn,sex_t,ocu_isco08_3,mts_details_wid,2018,61.5
btn,sex_t,ocu_isco08_3,mts_details_wid,2019,44.7
btn,sex_t,ocu_isco08_3,mts_details_wid,2021,46.45
btn,sex_t,ocu_isco08_3,mts_details_wid,2022,53.68
btn,sex_t,ocu_isco08_4,mts_aggregate_1,2018,47.35
btn,sex_t,ocu_isco08_4,mts_aggregate_1,2019,48.45
btn,sex_t,ocu_isco08_4,mts_aggregate_1,2020,44.85
btn,sex_t,ocu_isco08_4,mts_aggregate_1,2021,46.65
btn,sex_t,ocu_isco08_4,mts_aggregate_1,2022,49.84
btn,sex_t,ocu_isco08_4,mts_aggregate_2,2018,48.81
btn,sex_t,ocu_isco08_4,mts_aggregate_2,2019,47.13
btn,sex_t,ocu_isco08_4,mts_aggregate_2,2020,43.24
btn,sex_t,ocu_isco08_4,mts_aggregate_2,2021,45.51
btn,sex_t,ocu_isco08_4,mts_aggregate_2,2022,49.07
btn,sex_t,ocu_isco08_4,mts_aggregate_total,2018,48.41
btn,sex_t,ocu_isco08_4,mts_aggregate_total,2019,47.47
btn,sex_t,ocu_isco08_4,mts_aggregate_total,2020,43.7
btn,sex_t,ocu_isco08_4,mts_aggregate_total,2021,45.83
btn,sex_t,ocu_isco08_4,mts_aggregate_total,2022,49.26
btn,sex_t,ocu_isco08_4,mts_details_mrd,2018,48.63
btn,sex_t,ocu_isco08_4,mts_details_mrd,2019,47.11
btn,sex_t,ocu_isco08_4,mts_details_mrd,2020,43.27
btn,sex_t,ocu_isco08_4,mts_details_mrd,2021,45.49
btn,sex_t,ocu_isco08_4,mts_details_mrd,2022,49.11
btn,sex_t,ocu_isco08_4,mts_details_sep,2018,53.5
btn,sex_t,ocu_isco08_4,mts_details_sep,2019,47.56
btn,sex_t,ocu_isco08_4,mts_details_sep,2020,43.35
btn,sex_t,ocu_isco08_4,mts_details_sep,2021,40.71
btn,sex_t,ocu_isco08_4,mts_details_sep,2022,46.81
btn,sex_t,ocu_isco08_4,mts_details_sgle,2018,46.56
btn,sex_t,ocu_isco08_4,mts_details_sgle,2019,48.65
btn,sex_t,ocu_isco08_4,mts_details_sgle,2020,45.52
btn,sex_t,ocu_isco08_4,mts_details_sgle,2021,48.35
btn,sex_t,ocu_isco08_4,mts_details_sgle,2022,51.33
btn,sex_t,ocu_isco08_4,mts_details_total,2018,48.41
btn,sex_t,ocu_isco08_4,mts_details_total,2019,47.47
btn,sex_t,ocu_isco08_4,mts_details_total,2020,43.7
btn,sex_t,ocu_isco08_4,mts_details_total,2021,45.83
btn,sex_t,ocu_isco08_4,mts_details_total,2022,49.26
btn,sex_t,ocu_isco08_4,mts_details_wid,2020,41.61
btn,sex_t,ocu_isco08_5,mts_aggregate_1,2018,59.2
btn,sex_t,ocu_isco08_5,mts_aggregate_1,2019,60.22
btn,sex_t,ocu_isco08_5,mts_aggregate_1,2020,56.75
btn,sex_t,ocu_isco08_5,mts_aggregate_1,2021,58.58
btn,sex_t,ocu_isco08_5,mts_aggregate_1,2022,63.63
btn,sex_t,ocu_isco08_5,mts_aggregate_2,2018,58.45
btn,sex_t,ocu_isco08_5,mts_aggregate_2,2019,60.12
btn,sex_t,ocu_isco08_5,mts_aggregate_2,2020,57.82
btn,sex_t,ocu_isco08_5,mts_aggregate_2,2021,59.49
btn,sex_t,ocu_isco08_5,mts_aggregate_2,2022,63.84
btn,sex_t,ocu_isco08_5,mts_aggregate_total,2018,58.63
btn,sex_t,ocu_isco08_5,mts_aggregate_total,2019,60.15
btn,sex_t,ocu_isco08_5,mts_aggregate_total,2020,57.57
btn,sex_t,ocu_isco08_5,mts_aggregate_total,2021,59.29
btn,sex_t,ocu_isco08_5,mts_aggregate_total,2022,63.8
btn,sex_t,ocu_isco08_5,mts_details_mrd,2018,58.44
btn,sex_t,ocu_isco08_5,mts_details_mrd,2019,60.12
btn,sex_t,ocu_isco08_5,mts_details_mrd,2020,57.83
btn,sex_t,ocu_isco08_5,mts_details_mrd,2021,59.49
btn,sex_t,ocu_isco08_5,mts_details_mrd,2022,64.01
btn,sex_t,ocu_isco08_5,mts_details_sep,2018,60.52
btn,sex_t,ocu_isco08_5,mts_details_sep,2019,59.8
btn,sex_t,ocu_isco08_5,mts_details_sep,2020,59.55
btn,sex_t,ocu_isco08_5,mts_details_sep,2021,58.47
btn,sex_t,ocu_isco08_5,mts_details_sep,2022,65.52
btn,sex_t,ocu_isco08_5,mts_details_sgle,2018,59.52
btn,sex_t,ocu_isco08_5,mts_details_sgle,2019,59.7
btn,sex_t,ocu_isco08_5,mts_details_sgle,2020,55.96
btn,sex_t,ocu_isco08_5,mts_details_sgle,2021,59
btn,sex_t,ocu_isco08_5,mts_details_sgle,2022,62.32
btn,sex_t,ocu_isco08_5,mts_details_total,2018,58.63
btn,sex_t,ocu_isco08_5,mts_details_total,2019,60.15
btn,sex_t,ocu_isco08_5,mts_details_total,2020,57.57
btn,sex_t,ocu_isco08_5,mts_details_total,2021,59.29
btn,sex_t,ocu_isco08_5,mts_details_total,2022,63.8
btn,sex_t,ocu_isco08_5,mts_details_union,2018,60.19
btn,sex_t,ocu_isco08_5,mts_details_union,2020,56.93
btn,sex_t,ocu_isco08_5,mts_details_union,2022,34.27
btn,sex_t,ocu_isco08_5,mts_details_wid,2018,55.53
btn,sex_t,ocu_isco08_5,mts_details_wid,2019,63.82
btn,sex_t,ocu_isco08_5,mts_details_wid,2020,54.75
btn,sex_t,ocu_isco08_5,mts_details_wid,2021,56.6
btn,sex_t,ocu_isco08_5,mts_details_wid,2022,68.05
btn,sex_t,ocu_isco08_6,mts_aggregate_1,2018,50.91
btn,sex_t,ocu_isco08_6,mts_aggregate_1,2019,49.93
btn,sex_t,ocu_isco08_6,mts_aggregate_1,2020,47.14
btn,sex_t,ocu_isco08_6,mts_aggregate_1,2021,49.92
btn,sex_t,ocu_isco08_6,mts_aggregate_1,2022,53.46
btn,sex_t,ocu_isco08_6,mts_aggregate_2,2018,50.81
btn,sex_t,ocu_isco08_6,mts_aggregate_2,2019,51.95
btn,sex_t,ocu_isco08_6,mts_aggregate_2,2020,48.93
btn,sex_t,ocu_isco08_6,mts_aggregate_2,2021,50.6
btn,sex_t,ocu_isco08_6,mts_aggregate_2,2022,53.71
btn,sex_t,ocu_isco08_6,mts_aggregate_total,2018,50.83
btn,sex_t,ocu_isco08_6,mts_aggregate_total,2019,51.58
btn,sex_t,ocu_isco08_6,mts_aggregate_total,2020,48.59
btn,sex_t,ocu_isco08_6,mts_aggregate_total,2021,50.47
btn,sex_t,ocu_isco08_6,mts_aggregate_total,2022,53.67
btn,sex_t,ocu_isco08_6,mts_details_mrd,2018,50.84
btn,sex_t,ocu_isco08_6,mts_details_mrd,2019,51.95
btn,sex_t,ocu_isco08_6,mts_details_mrd,2020,48.93
btn,sex_t,ocu_isco08_6,mts_details_mrd,2021,50.59
btn,sex_t,ocu_isco08_6,mts_details_mrd,2022,53.71
btn,sex_t,ocu_isco08_6,mts_details_sep,2018,51.45
btn,sex_t,ocu_isco08_6,mts_details_sep,2019,51.24
btn,sex_t,ocu_isco08_6,mts_details_sep,2020,48.48
btn,sex_t,ocu_isco08_6,mts_details_sep,2021,51.51
btn,sex_t,ocu_isco08_6,mts_details_sep,2022,54.64
btn,sex_t,ocu_isco08_6,mts_details_sgle,2018,51.46
btn,sex_t,ocu_isco08_6,mts_details_sgle,2019,50.47
btn,sex_t,ocu_isco08_6,mts_details_sgle,2020,48.52
btn,sex_t,ocu_isco08_6,mts_details_sgle,2021,50.6
btn,sex_t,ocu_isco08_6,mts_details_sgle,2022,53.64
btn,sex_t,ocu_isco08_6,mts_details_total,2018,50.83
btn,sex_t,ocu_isco08_6,mts_details_total,2019,51.58
btn,sex_t,ocu_isco08_6,mts_details_total,2020,48.59
btn,sex_t,ocu_isco08_6,mts_details_total,2021,50.47
btn,sex_t,ocu_isco08_6,mts_details_total,2022,53.67
btn,sex_t,ocu_isco08_6,mts_details_union,2018,36.62
btn,sex_t,ocu_isco08_6,mts_details_union,2019,53.69
btn,sex_t,ocu_isco08_6,mts_details_union,2021,59.18
btn,sex_t,ocu_isco08_6,mts_details_union,2022,57.56
btn,sex_t,ocu_isco08_6,mts_details_wid,2018,49.42
btn,sex_t,ocu_isco08_6,mts_details_wid,2019,48.02
btn,sex_t,ocu_isco08_6,mts_details_wid,2020,44.11
btn,sex_t,ocu_isco08_6,mts_details_wid,2021,47.52
btn,sex_t,ocu_isco08_6,mts_details_wid,2022,51.84
btn,sex_t,ocu_isco08_7,mts_aggregate_1,2018,48.1
btn,sex_t,ocu_isco08_7,mts_aggregate_1,2019,50.49
btn,sex_t,ocu_isco08_7,mts_aggregate_1,2020,46.73
btn,sex_t,ocu_isco08_7,mts_aggregate_1,2021,50.38
btn,sex_t,ocu_isco08_7,mts_aggregate_1,2022,52.93
btn,sex_t,ocu_isco08_7,mts_aggregate_2,2018,47.16
btn,sex_t,ocu_isco08_7,mts_aggregate_2,2019,46.14
btn,sex_t,ocu_isco08_7,mts_aggregate_2,2020,41.5
btn,sex_t,ocu_isco08_7,mts_aggregate_2,2021,45.41
btn,sex_t,ocu_isco08_7,mts_aggregate_2,2022,50.03
btn,sex_t,ocu_isco08_7,mts_aggregate_total,2018,47.33
btn,sex_t,ocu_isco08_7,mts_aggregate_total,2019,46.87
btn,sex_t,ocu_isco08_7,mts_aggregate_total,2020,42.4
btn,sex_t,ocu_isco08_7,mts_aggregate_total,2021,46.35
btn,sex_t,ocu_isco08_7,mts_aggregate_total,2022,50.5
btn,sex_t,ocu_isco08_7,mts_details_mrd,2018,47.15
btn,sex_t,ocu_isco08_7,mts_details_mrd,2019,46.11
btn,sex_t,ocu_isco08_7,mts_details_mrd,2020,41.48
btn,sex_t,ocu_isco08_7,mts_details_mrd,2021,45.4
btn,sex_t,ocu_isco08_7,mts_details_mrd,2022,50.05
btn,sex_t,ocu_isco08_7,mts_details_sep,2018,45.69
btn,sex_t,ocu_isco08_7,mts_details_sep,2019,48
btn,sex_t,ocu_isco08_7,mts_details_sep,2020,42.69
btn,sex_t,ocu_isco08_7,mts_details_sep,2021,50.05
btn,sex_t,ocu_isco08_7,mts_details_sep,2022,50.19
btn,sex_t,ocu_isco08_7,mts_details_sgle,2018,49.96
btn,sex_t,ocu_isco08_7,mts_details_sgle,2019,52.13
btn,sex_t,ocu_isco08_7,mts_details_sgle,2020,50.26
btn,sex_t,ocu_isco08_7,mts_details_sgle,2021,51.52
btn,sex_t,ocu_isco08_7,mts_details_sgle,2022,54.51
btn,sex_t,ocu_isco08_7,mts_details_total,2018,47.33
btn,sex_t,ocu_isco08_7,mts_details_total,2019,46.87
btn,sex_t,ocu_isco08_7,mts_details_total,2020,42.4
btn,sex_t,ocu_isco08_7,mts_details_total,2021,46.35
btn,sex_t,ocu_isco08_7,mts_details_total,2022,50.5
btn,sex_t,ocu_isco08_7,mts_details_wid,2018,44.97
btn,sex_t,ocu_isco08_7,mts_details_wid,2019,46.8
btn,sex_t,ocu_isco08_7,mts_details_wid,2020,40.43
btn,sex_t,ocu_isco08_7,mts_details_wid,2021,47.34
btn,sex_t,ocu_isco08_7,mts_details_wid,2022,50.5
btn,sex_t,ocu_isco08_8,mts_aggregate_1,2018,52.77
btn,sex_t,ocu_isco08_8,mts_aggregate_1,2019,55.67
btn,sex_t,ocu_isco08_8,mts_aggregate_1,2020,50.04
btn,sex_t,ocu_isco08_8,mts_aggregate_1,2021,51.69
btn,sex_t,ocu_isco08_8,mts_aggregate_1,2022,54.06
btn,sex_t,ocu_isco08_8,mts_aggregate_2,2018,54.42
btn,sex_t,ocu_isco08_8,mts_aggregate_2,2019,57.09
btn,sex_t,ocu_isco08_8,mts_aggregate_2,2020,52.45
btn,sex_t,ocu_isco08_8,mts_aggregate_2,2021,53.84
btn,sex_t,ocu_isco08_8,mts_aggregate_2,2022,56.26
btn,sex_t,ocu_isco08_8,mts_aggregate_total,2018,54.2
btn,sex_t,ocu_isco08_8,mts_aggregate_total,2019,56.91
btn,sex_t,ocu_isco08_8,mts_aggregate_total,2020,52.16
btn,sex_t,ocu_isco08_8,mts_aggregate_total,2021,53.56
btn,sex_t,ocu_isco08_8,mts_aggregate_total,2022,56.02
btn,sex_t,ocu_isco08_8,mts_details_mrd,2018,54.4
btn,sex_t,ocu_isco08_8,mts_details_mrd,2019,57.09
btn,sex_t,ocu_isco08_8,mts_details_mrd,2020,52.45
btn,sex_t,ocu_isco08_8,mts_details_mrd,2021,53.84
btn,sex_t,ocu_isco08_8,mts_details_mrd,2022,56.26
btn,sex_t,ocu_isco08_8,mts_details_sep,2018,58.28
btn,sex_t,ocu_isco08_8,mts_details_sep,2019,51.35
btn,sex_t,ocu_isco08_8,mts_details_sep,2020,49.02
btn,sex_t,ocu_isco08_8,mts_details_sep,2021,55.59
btn,sex_t,ocu_isco08_8,mts_details_sep,2022,50.29
btn,sex_t,ocu_isco08_8,mts_details_sgle,2018,51.9
btn,sex_t,ocu_isco08_8,mts_details_sgle,2019,56.48
btn,sex_t,ocu_isco08_8,mts_details_sgle,2020,50.7
btn,sex_t,ocu_isco08_8,mts_details_sgle,2021,48.95
btn,sex_t,ocu_isco08_8,mts_details_sgle,2022,55.63
btn,sex_t,ocu_isco08_8,mts_details_total,2018,54.2
btn,sex_t,ocu_isco08_8,mts_details_total,2019,56.91
btn,sex_t,ocu_isco08_8,mts_details_total,2020,52.16
btn,sex_t,ocu_isco08_8,mts_details_total,2021,53.56
btn,sex_t,ocu_isco08_8,mts_details_total,2022,56.02
btn,sex_t,ocu_isco08_8,mts_details_wid,2021,57.81
btn,sex_t,ocu_isco08_9,mts_aggregate_1,2018,50.74
btn,sex_t,ocu_isco08_9,mts_aggregate_1,2019,54.31
btn,sex_t,ocu_isco08_9,mts_aggregate_1,2020,50.68
btn,sex_t,ocu_isco08_9,mts_aggregate_1,2021,52.42
btn,sex_t,ocu_isco08_9,mts_aggregate_1,2022,56.42
btn,sex_t,ocu_isco08_9,mts_aggregate_2,2018,50.37
btn,sex_t,ocu_isco08_9,mts_aggregate_2,2019,51.66
btn,sex_t,ocu_isco08_9,mts_aggregate_2,2020,50.27
btn,sex_t,ocu_isco08_9,mts_aggregate_2,2021,51.14
btn,sex_t,ocu_isco08_9,mts_aggregate_2,2022,55.76
btn,sex_t,ocu_isco08_9,mts_aggregate_total,2018,50.47
btn,sex_t,ocu_isco08_9,mts_aggregate_total,2019,52.36
btn,sex_t,ocu_isco08_9,mts_aggregate_total,2020,50.39
btn,sex_t,ocu_isco08_9,mts_aggregate_total,2021,51.5
btn,sex_t,ocu_isco08_9,mts_aggregate_total,2022,55.93
btn,sex_t,ocu_isco08_9,mts_details_mrd,2018,50.36
btn,sex_t,ocu_isco08_9,mts_details_mrd,2019,51.65
btn,sex_t,ocu_isco08_9,mts_details_mrd,2020,50.31
btn,sex_t,ocu_isco08_9,mts_details_mrd,2021,51.12
btn,sex_t,ocu_isco08_9,mts_details_mrd,2022,55.78
btn,sex_t,ocu_isco08_9,mts_details_sep,2018,53.62
btn,sex_t,ocu_isco08_9,mts_details_sep,2019,56.66
btn,sex_t,ocu_isco08_9,mts_details_sep,2020,51.54
btn,sex_t,ocu_isco08_9,mts_details_sep,2021,48.29
btn,sex_t,ocu_isco08_9,mts_details_sep,2022,54.85
btn,sex_t,ocu_isco08_9,mts_details_sgle,2018,50.09
btn,sex_t,ocu_isco08_9,mts_details_sgle,2019,54.91
btn,sex_t,ocu_isco08_9,mts_details_sgle,2020,50.86
btn,sex_t,ocu_isco08_9,mts_details_sgle,2021,54.39
btn,sex_t,ocu_isco08_9,mts_details_sgle,2022,56.97
btn,sex_t,ocu_isco08_9,mts_details_total,2018,50.47
btn,sex_t,ocu_isco08_9,mts_details_total,2019,52.36
btn,sex_t,ocu_isco08_9,mts_details_total,2020,50.39
btn,sex_t,ocu_isco08_9,mts_details_total,2021,51.5
btn,sex_t,ocu_isco08_9,mts_details_total,2022,55.93
btn,sex_t,ocu_isco08_9,mts_details_wid,2018,48.47
btn,sex_t,ocu_isco08_9,mts_details_wid,2019,47.79
btn,sex_t,ocu_isco08_9,mts_details_wid,2020,46.16
btn,sex_t,ocu_isco08_9,mts_details_wid,2021,51.41
btn,sex_t,ocu_isco08_9,mts_details_wid,2022,53.81
btn,sex_t,ocu_isco08_total,mts_aggregate_1,2018,51.49
btn,sex_t,ocu_isco08_total,mts_aggregate_1,2019,51.52
btn,sex_t,ocu_isco08_total,mts_aggregate_1,2020,48.18
btn,sex_t,ocu_isco08_total,mts_aggregate_1,2021,50.52
btn,sex_t,ocu_isco08_total,mts_aggregate_1,2022,54.61
btn,sex_t,ocu_isco08_total,mts_aggregate_2,2018,51.09
btn,sex_t,ocu_isco08_total,mts_aggregate_2,2019,51.82
btn,sex_t,ocu_isco08_total,mts_aggregate_2,2020,48.95
btn,sex_t,ocu_isco08_total,mts_aggregate_2,2021,50.76
btn,sex_t,ocu_isco08_total,mts_aggregate_2,2022,54.4
btn,sex_t,ocu_isco08_total,mts_aggregate_total,2018,51.17
btn,sex_t,ocu_isco08_total,mts_aggregate_total,2019,51.76
btn,sex_t,ocu_isco08_total,mts_aggregate_total,2020,48.8
btn,sex_t,ocu_isco08_total,mts_aggregate_total,2021,50.71
btn,sex_t,ocu_isco08_total,mts_aggregate_total,2022,54.44
btn,sex_t,ocu_isco08_total,mts_details_mrd,2018,51.09
btn,sex_t,ocu_isco08_total,mts_details_mrd,2019,51.82
btn,sex_t,ocu_isco08_total,mts_details_mrd,2020,48.96
btn,sex_t,ocu_isco08_total,mts_details_mrd,2021,50.76
btn,sex_t,ocu_isco08_total,mts_details_mrd,2022,54.41
btn,sex_t,ocu_isco08_total,mts_details_sep,2018,52.62
btn,sex_t,ocu_isco08_total,mts_details_sep,2019,52.06
btn,sex_t,ocu_isco08_total,mts_details_sep,2020,49.61
btn,sex_t,ocu_isco08_total,mts_details_sep,2021,51.23
btn,sex_t,ocu_isco08_total,mts_details_sep,2022,55.25
btn,sex_t,ocu_isco08_total,mts_details_sgle,2018,51.57
btn,sex_t,ocu_isco08_total,mts_details_sgle,2019,51.97
btn,sex_t,ocu_isco08_total,mts_details_sgle,2020,48.73
btn,sex_t,ocu_isco08_total,mts_details_sgle,2021,50.96
btn,sex_t,ocu_isco08_total,mts_details_sgle,2022,54.63
btn,sex_t,ocu_isco08_total,mts_details_total,2018,51.17
btn,sex_t,ocu_isco08_total,mts_details_total,2019,51.76
btn,sex_t,ocu_isco08_total,mts_details_total,2020,48.8
btn,sex_t,ocu_isco08_total,mts_details_total,2021,50.71
btn,sex_t,ocu_isco08_total,mts_details_total,2022,54.44
btn,sex_t,ocu_isco08_total,mts_details_union,2018,49.39
btn,sex_t,ocu_isco08_total,mts_details_union,2019,49.49
btn,sex_t,ocu_isco08_total,mts_details_union,2020,46.7
btn,sex_t,ocu_isco08_total,mts_details_union,2021,50.15
btn,sex_t,ocu_isco08_total,mts_details_union,2022,51.93
btn,sex_t,ocu_isco08_total,mts_details_wid,2018,49.84
btn,sex_t,ocu_isco08_total,mts_details_wid,2019,49.5
btn,sex_t,ocu_isco08_total,mts_details_wid,2020,44.73
btn,sex_t,ocu_isco08_total,mts_details_wid,2021,48.21
btn,sex_t,ocu_isco08_total,mts_details_wid,2022,53.44
btn,sex_t,ocu_isco08_x,mts_aggregate_1,2020,42.66
btn,sex_t,ocu_isco08_x,mts_aggregate_1,2021,49.41
btn,sex_t,ocu_isco08_x,mts_aggregate_1,2022,52.41
btn,sex_t,ocu_isco08_x,mts_aggregate_2,2020,43.87
btn,sex_t,ocu_isco08_x,mts_aggregate_2,2021,48.16
btn,sex_t,ocu_isco08_x,mts_aggregate_2,2022,49.32
btn,sex_t,ocu_isco08_x,mts_aggregate_total,2020,42.94
btn,sex_t,ocu_isco08_x,mts_aggregate_total,2021,49.07
btn,sex_t,ocu_isco08_x,mts_aggregate_total,2022,51.65
btn,sex_t,ocu_isco08_x,mts_details_mrd,2020,43.96
btn,sex_t,ocu_isco08_x,mts_details_mrd,2021,48.43
btn,sex_t,ocu_isco08_x,mts_details_mrd,2022,49.25
btn,sex_t,ocu_isco08_x,mts_details_sep,2021,49.09
btn,sex_t,ocu_isco08_x,mts_details_sgle,2020,42.45
btn,sex_t,ocu_isco08_x,mts_details_sgle,2021,49.43
btn,sex_t,ocu_isco08_x,mts_details_sgle,2022,52.38
btn,sex_t,ocu_isco08_x,mts_details_total,2020,42.94
btn,sex_t,ocu_isco08_x,mts_details_total,2021,49.07
btn,sex_t,ocu_isco08_x,mts_details_total,2022,51.65
btn,sex_t,ocu_skill_l1,mts_aggregate_1,2018,50.74
btn,sex_t,ocu_skill_l1,mts_aggregate_1,2019,54.31
btn,sex_t,ocu_skill_l1,mts_aggregate_1,2020,50.68
btn,sex_t,ocu_skill_l1,mts_aggregate_1,2021,52.42
btn,sex_t,ocu_skill_l1,mts_aggregate_1,2022,56.42
btn,sex_t,ocu_skill_l1,mts_aggregate_2,2018,50.37
btn,sex_t,ocu_skill_l1,mts_aggregate_2,2019,51.66
btn,sex_t,ocu_skill_l1,mts_aggregate_2,2020,50.27
btn,sex_t,ocu_skill_l1,mts_aggregate_2,2021,51.14
btn,sex_t,ocu_skill_l1,mts_aggregate_2,2022,55.76
btn,sex_t,ocu_skill_l1,mts_aggregate_total,2018,50.47
btn,sex_t,ocu_skill_l1,mts_aggregate_total,2019,52.36
btn,sex_t,ocu_skill_l1,mts_aggregate_total,2020,50.39
btn,sex_t,ocu_skill_l1,mts_aggregate_total,2021,51.5
btn,sex_t,ocu_skill_l1,mts_aggregate_total,2022,55.93
btn,sex_t,ocu_skill_l1,mts_details_mrd,2018,50.36
btn,sex_t,ocu_skill_l1,mts_details_mrd,2019,51.65
btn,sex_t,ocu_skill_l1,mts_details_mrd,2020,50.31
btn,sex_t,ocu_skill_l1,mts_details_mrd,2021,51.12
btn,sex_t,ocu_skill_l1,mts_details_mrd,2022,55.78
btn,sex_t,ocu_skill_l1,mts_details_sep,2018,53.62
btn,sex_t,ocu_skill_l1,mts_details_sep,2019,56.66
btn,sex_t,ocu_skill_l1,mts_details_sep,2020,51.54
btn,sex_t,ocu_skill_l1,mts_details_sep,2021,48.29
btn,sex_t,ocu_skill_l1,mts_details_sep,2022,54.85
btn,sex_t,ocu_skill_l1,mts_details_sgle,2018,50.09
btn,sex_t,ocu_skill_l1,mts_details_sgle,2019,54.91
btn,sex_t,ocu_skill_l1,mts_details_sgle,2020,50.86
btn,sex_t,ocu_skill_l1,mts_details_sgle,2021,54.39
btn,sex_t,ocu_skill_l1,mts_details_sgle,2022,56.97
btn,sex_t,ocu_skill_l1,mts_details_total,2018,50.47
btn,sex_t,ocu_skill_l1,mts_details_total,2019,52.36
btn,sex_t,ocu_skill_l1,mts_details_total,2020,50.39
btn,sex_t,ocu_skill_l1,mts_details_total,2021,51.5
btn,sex_t,ocu_skill_l1,mts_details_total,2022,55.93
btn,sex_t,ocu_skill_l1,mts_details_wid,2018,48.47
btn,sex_t,ocu_skill_l1,mts_details_wid,2019,47.79
btn,sex_t,ocu_skill_l1,mts_details_wid,2020,46.16
btn,sex_t,ocu_skill_l1,mts_details_wid,2021,51.41
btn,sex_t,ocu_skill_l1,mts_details_wid,2022,53.81
btn,sex_t,ocu_skill_l2,mts_aggregate_1,2018,52.08
btn,sex_t,ocu_skill_l2,mts_aggregate_1,2019,51.96
btn,sex_t,ocu_skill_l2,mts_aggregate_1,2020,48.9
btn,sex_t,ocu_skill_l2,mts_aggregate_1,2021,51.44
btn,sex_t,ocu_skill_l2,mts_aggregate_1,2022,55.48
btn,sex_t,ocu_skill_l2,mts_aggregate_2,2018,51.81
btn,sex_t,ocu_skill_l2,mts_aggregate_2,2019,52.59
btn,sex_t,ocu_skill_l2,mts_aggregate_2,2020,49.43
btn,sex_t,ocu_skill_l2,mts_aggregate_2,2021,51.41
btn,sex_t,ocu_skill_l2,mts_aggregate_2,2022,55.11
btn,sex_t,ocu_skill_l2,mts_aggregate_total,2018,51.87
btn,sex_t,ocu_skill_l2,mts_aggregate_total,2019,52.48
btn,sex_t,ocu_skill_l2,mts_aggregate_total,2020,49.33
btn,sex_t,ocu_skill_l2,mts_aggregate_total,2021,51.41
btn,sex_t,ocu_skill_l2,mts_aggregate_total,2022,55.17
btn,sex_t,ocu_skill_l2,mts_details_mrd,2018,51.82
btn,sex_t,ocu_skill_l2,mts_details_mrd,2019,52.59
btn,sex_t,ocu_skill_l2,mts_details_mrd,2020,49.43
btn,sex_t,ocu_skill_l2,mts_details_mrd,2021,51.41
btn,sex_t,ocu_skill_l2,mts_details_mrd,2022,55.13
btn,sex_t,ocu_skill_l2,mts_details_sep,2018,52.7
btn,sex_t,ocu_skill_l2,mts_details_sep,2019,52.42
btn,sex_t,ocu_skill_l2,mts_details_sep,2020,49.78
btn,sex_t,ocu_skill_l2,mts_details_sep,2021,52.41
btn,sex_t,ocu_skill_l2,mts_details_sep,2022,55.83
btn,sex_t,ocu_skill_l2,mts_details_sgle,2018,52.71
btn,sex_t,ocu_skill_l2,mts_details_sgle,2019,52.82
btn,sex_t,ocu_skill_l2,mts_details_sgle,2020,50.4
btn,sex_t,ocu_skill_l2,mts_details_sgle,2021,52.31
btn,sex_t,ocu_skill_l2,mts_details_sgle,2022,56.06
btn,sex_t,ocu_skill_l2,mts_details_total,2018,51.87
btn,sex_t,ocu_skill_l2,mts_details_total,2019,52.48
btn,sex_t,ocu_skill_l2,mts_details_total,2020,49.33
btn,sex_t,ocu_skill_l2,mts_details_total,2021,51.41
btn,sex_t,ocu_skill_l2,mts_details_total,2022,55.17
btn,sex_t,ocu_skill_l2,mts_details_union,2018,50.18
btn,sex_t,ocu_skill_l2,mts_details_union,2019,53.75
btn,sex_t,ocu_skill_l2,mts_details_union,2020,50.93
btn,sex_t,ocu_skill_l2,mts_details_union,2021,54.71
btn,sex_t,ocu_skill_l2,mts_details_union,2022,41.89
btn,sex_t,ocu_skill_l2,mts_details_wid,2018,49.79
btn,sex_t,ocu_skill_l2,mts_details_wid,2019,49.49
btn,sex_t,ocu_skill_l2,mts_details_wid,2020,44.7
btn,sex_t,ocu_skill_l2,mts_details_wid,2021,48.45
btn,sex_t,ocu_skill_l2,mts_details_wid,2022,53.31
btn,sex_t,ocu_skill_l3_4,mts_aggregate_1,2018,48.05
btn,sex_t,ocu_skill_l3_4,mts_aggregate_1,2019,48.71
btn,sex_t,ocu_skill_l3_4,mts_aggregate_1,2020,44.78
btn,sex_t,ocu_skill_l3_4,mts_aggregate_1,2021,45.99
btn,sex_t,ocu_skill_l3_4,mts_aggregate_1,2022,51.64
btn,sex_t,ocu_skill_l3_4,mts_aggregate_2,2018,47.26
btn,sex_t,ocu_skill_l3_4,mts_aggregate_2,2019,48.16
btn,sex_t,ocu_skill_l3_4,mts_aggregate_2,2020,45.71
btn,sex_t,ocu_skill_l3_4,mts_aggregate_2,2021,47.17
btn,sex_t,ocu_skill_l3_4,mts_aggregate_2,2022,51.22
btn,sex_t,ocu_skill_l3_4,mts_aggregate_total,2018,47.4
btn,sex_t,ocu_skill_l3_4,mts_aggregate_total,2019,48.27
btn,sex_t,ocu_skill_l3_4,mts_aggregate_total,2020,45.54
btn,sex_t,ocu_skill_l3_4,mts_aggregate_total,2021,46.93
btn,sex_t,ocu_skill_l3_4,mts_aggregate_total,2022,51.3
btn,sex_t,ocu_skill_l3_4,mts_details_mrd,2018,47.25
btn,sex_t,ocu_skill_l3_4,mts_details_mrd,2019,48.18
btn,sex_t,ocu_skill_l3_4,mts_details_mrd,2020,45.73
btn,sex_t,ocu_skill_l3_4,mts_details_mrd,2021,47.18
btn,sex_t,ocu_skill_l3_4,mts_details_mrd,2022,51.14
btn,sex_t,ocu_skill_l3_4,mts_details_sep,2018,51.27
btn,sex_t,ocu_skill_l3_4,mts_details_sep,2019,47.87
btn,sex_t,ocu_skill_l3_4,mts_details_sep,2020,46.99
btn,sex_t,ocu_skill_l3_4,mts_details_sep,2021,46.46
btn,sex_t,ocu_skill_l3_4,mts_details_sep,2022,52.17
btn,sex_t,ocu_skill_l3_4,mts_details_sgle,2018,47.37
btn,sex_t,ocu_skill_l3_4,mts_details_sgle,2019,48.73
btn,sex_t,ocu_skill_l3_4,mts_details_sgle,2020,44.33
btn,sex_t,ocu_skill_l3_4,mts_details_sgle,2021,46.28
btn,sex_t,ocu_skill_l3_4,mts_details_sgle,2022,51.32
btn,sex_t,ocu_skill_l3_4,mts_details_total,2018,47.4
btn,sex_t,ocu_skill_l3_4,mts_details_total,2019,48.27
btn,sex_t,ocu_skill_l3_4,mts_details_total,2020,45.54
btn,sex_t,ocu_skill_l3_4,mts_details_total,2021,46.93
btn,sex_t,ocu_skill_l3_4,mts_details_total,2022,51.3
btn,sex_t,ocu_skill_l3_4,mts_details_union,2018,48.09
btn,sex_t,ocu_skill_l3_4,mts_details_union,2019,42.49
btn,sex_t,ocu_skill_l3_4,mts_details_union,2020,42.73
btn,sex_t,ocu_skill_l3_4,mts_details_union,2021,46.06
btn,sex_t,ocu_skill_l3_4,mts_details_union,2022,63.38
btn,sex_t,ocu_skill_l3_4,mts_details_wid,2018,50.34
btn,sex_t,ocu_skill_l3_4,mts_details_wid,2019,51.14
btn,sex_t,ocu_skill_l3_4,mts_details_wid,2020,44.57
btn,sex_t,ocu_skill_l3_4,mts_details_wid,2021,41.58
btn,sex_t,ocu_skill_l3_4,mts_details_wid,2022,55.2
btn,sex_t,ocu_skill_total,mts_aggregate_1,2018,51.49
btn,sex_t,ocu_skill_total,mts_aggregate_1,2019,51.52
btn,sex_t,ocu_skill_total,mts_aggregate_1,2020,48.18
btn,sex_t,ocu_skill_total,mts_aggregate_1,2021,50.52
btn,sex_t,ocu_skill_total,mts_aggregate_1,2022,54.61
btn,sex_t,ocu_skill_total,mts_aggregate_2,2018,51.09
btn,sex_t,ocu_skill_total,mts_aggregate_2,2019,51.82
btn,sex_t,ocu_skill_total,mts_aggregate_2,2020,48.95
btn,sex_t,ocu_skill_total,mts_aggregate_2,2021,50.76
btn,sex_t,ocu_skill_total,mts_aggregate_2,2022,54.4
btn,sex_t,ocu_skill_total,mts_aggregate_total,2018,51.17
btn,sex_t,ocu_skill_total,mts_aggregate_total,2019,51.76
btn,sex_t,ocu_skill_total,mts_aggregate_total,2020,48.8
btn,sex_t,ocu_skill_total,mts_aggregate_total,2021,50.71
btn,sex_t,ocu_skill_total,mts_aggregate_total,2022,54.44
btn,sex_t,ocu_skill_total,mts_details_mrd,2018,51.09
btn,sex_t,ocu_skill_total,mts_details_mrd,2019,51.82
btn,sex_t,ocu_skill_total,mts_details_mrd,2020,48.96
btn,sex_t,ocu_skill_total,mts_details_mrd,2021,50.76
btn,sex_t,ocu_skill_total,mts_details_mrd,2022,54.41
btn,sex_t,ocu_skill_total,mts_details_sep,2018,52.62
btn,sex_t,ocu_skill_total,mts_details_sep,2019,52.06
btn,sex_t,ocu_skill_total,mts_details_sep,2020,49.61
btn,sex_t,ocu_skill_total,mts_details_sep,2021,51.23
btn,sex_t,ocu_skill_total,mts_details_sep,2022,55.25
btn,sex_t,ocu_skill_total,mts_details_sgle,2018,51.57
btn,sex_t,ocu_skill_total,mts_details_sgle,2019,51.97
btn,sex_t,ocu_skill_total,mts_details_sgle,2020,48.73
btn,sex_t,ocu_skill_total,mts_details_sgle,2021,50.96
btn,sex_t,ocu_skill_total,mts_details_sgle,2022,54.63
btn,sex_t,ocu_skill_total,mts_details_total,2018,51.17
btn,sex_t,ocu_skill_total,mts_details_total,2019,51.76
btn,sex_t,ocu_skill_total,mts_details_total,2020,48.8
btn,sex_t,ocu_skill_total,mts_details_total,2021,50.71
btn,sex_t,ocu_skill_total,mts_details_total,2022,54.44
btn,sex_t,ocu_skill_total,mts_details_union,2018,49.39
btn,sex_t,ocu_skill_total,mts_details_union,2019,49.49
btn,sex_t,ocu_skill_total,mts_details_union,2020,46.7
btn,sex_t,ocu_skill_total,mts_details_union,2021,50.15
btn,sex_t,ocu_skill_total,mts_details_union,2022,51.93
btn,sex_t,ocu_skill_total,mts_details_wid,2018,49.84
btn,sex_t,ocu_skill_total,mts_details_wid,2019,49.5
btn,sex_t,ocu_skill_total,mts_details_wid,2020,44.73
btn,sex_t,ocu_skill_total,mts_details_wid,2021,48.21
btn,sex_t,ocu_skill_total,mts_details_wid,2022,53.44
btn,sex_t,ocu_skill_x,mts_aggregate_1,2018,51.04
btn,sex_t,ocu_skill_x,mts_aggregate_1,2019,57.28
btn,sex_t,ocu_skill_x,mts_aggregate_1,2020,44.26
btn,sex_t,ocu_skill_x,mts_aggregate_1,2021,49.87
btn,sex_t,ocu_skill_x,mts_aggregate_1,2022,52.9
btn,sex_t,ocu_skill_x,mts_aggregate_2,2018,53.66
btn,sex_t,ocu_skill_x,mts_aggregate_2,2019,52.91
btn,sex_t,ocu_skill_x,mts_aggregate_2,2020,54.18
btn,sex_t,ocu_skill_x,mts_aggregate_2,2021,53.75
btn,sex_t,ocu_skill_x,mts_aggregate_2,2022,56.17
btn,sex_t,ocu_skill_x,mts_aggregate_total,2018,53.49
btn,sex_t,ocu_skill_x,mts_aggregate_total,2019,53.12
btn,sex_t,ocu_skill_x,mts_aggregate_total,2020,51.45
btn,sex_t,ocu_skill_x,mts_aggregate_total,2021,52.23
btn,sex_t,ocu_skill_x,mts_aggregate_total,2022,55.25
btn,sex_t,ocu_skill_x,mts_details_mrd,2018,53.66
btn,sex_t,ocu_skill_x,mts_details_mrd,2019,52.91
btn,sex_t,ocu_skill_x,mts_details_mrd,2020,54.23
btn,sex_t,ocu_skill_x,mts_details_mrd,2021,53.87
btn,sex_t,ocu_skill_x,mts_details_mrd,2022,56.21
btn,sex_t,ocu_skill_x,mts_details_sep,2020,51.35
btn,sex_t,ocu_skill_x,mts_details_sep,2021,50.35
btn,sex_t,ocu_skill_x,mts_details_sep,2022,60.58
btn,sex_t,ocu_skill_x,mts_details_sgle,2018,47.88
btn,sex_t,ocu_skill_x,mts_details_sgle,2019,57.58
btn,sex_t,ocu_skill_x,mts_details_sgle,2020,43.37
btn,sex_t,ocu_skill_x,mts_details_sgle,2021,49.57
btn,sex_t,ocu_skill_x,mts_details_sgle,2022,52.41
btn,sex_t,ocu_skill_x,mts_details_total,2018,53.49
btn,sex_t,ocu_skill_x,mts_details_total,2019,53.12
btn,sex_t,ocu_skill_x,mts_details_total,2020,51.45
btn,sex_t,ocu_skill_x,mts_details_total,2021,52.23
btn,sex_t,ocu_skill_x,mts_details_total,2022,55.25
