ref_area,sex,classif1,classif2,time,emp_nifl_sex_ocu_edu_nb
tur,sex_f,ocu_isco08_1,edu_aggregate_adv,2012,3.194
tur,sex_f,ocu_isco08_1,edu_aggregate_adv,2013,2.234
tur,sex_f,ocu_isco08_1,edu_aggregate_adv,2014,2.816
tur,sex_f,ocu_isco08_1,edu_aggregate_adv,2015,3.667
tur,sex_f,ocu_isco08_1,edu_aggregate_adv,2016,2.808
tur,sex_f,ocu_isco08_1,edu_aggregate_adv,2017,2.894
tur,sex_f,ocu_isco08_1,edu_aggregate_adv,2018,3.211
tur,sex_f,ocu_isco08_1,edu_aggregate_adv,2019,6.806
tur,sex_f,ocu_isco08_1,edu_aggregate_adv,2020,6.863
tur,sex_f,ocu_isco08_1,edu_aggregate_adv,2021,5.981
tur,sex_f,ocu_isco08_1,edu_aggregate_adv,2022,6.527
tur,sex_f,ocu_isco08_1,edu_aggregate_adv,2023,7.724
tur,sex_f,ocu_isco08_1,edu_aggregate_bas,2012,5.53
tur,sex_f,ocu_isco08_1,edu_aggregate_bas,2013,2.661
tur,sex_f,ocu_isco08_1,edu_aggregate_bas,2014,5.144
tur,sex_f,ocu_isco08_1,edu_aggregate_bas,2015,2.788
tur,sex_f,ocu_isco08_1,edu_aggregate_bas,2016,3.77
tur,sex_f,ocu_isco08_1,edu_aggregate_bas,2017,3.391
tur,sex_f,ocu_isco08_1,edu_aggregate_bas,2018,6.203
tur,sex_f,ocu_isco08_1,edu_aggregate_bas,2019,6.05
tur,sex_f,ocu_isco08_1,edu_aggregate_bas,2020,7.364
tur,sex_f,ocu_isco08_1,edu_aggregate_bas,2021,3.458
tur,sex_f,ocu_isco08_1,edu_aggregate_bas,2022,5.787
tur,sex_f,ocu_isco08_1,edu_aggregate_bas,2023,6.93
tur,sex_f,ocu_isco08_1,edu_aggregate_int,2012,4.29
tur,sex_f,ocu_isco08_1,edu_aggregate_int,2013,1.992
tur,sex_f,ocu_isco08_1,edu_aggregate_int,2014,2.709
tur,sex_f,ocu_isco08_1,edu_aggregate_int,2015,3.265
tur,sex_f,ocu_isco08_1,edu_aggregate_int,2016,2.446
tur,sex_f,ocu_isco08_1,edu_aggregate_int,2017,2.105
tur,sex_f,ocu_isco08_1,edu_aggregate_int,2018,2.944
tur,sex_f,ocu_isco08_1,edu_aggregate_int,2019,4.941
tur,sex_f,ocu_isco08_1,edu_aggregate_int,2020,7.094
tur,sex_f,ocu_isco08_1,edu_aggregate_int,2021,4.29
tur,sex_f,ocu_isco08_1,edu_aggregate_int,2022,2.392
tur,sex_f,ocu_isco08_1,edu_aggregate_int,2023,3.643
tur,sex_f,ocu_isco08_1,edu_aggregate_ltb,2018,1.502
tur,sex_f,ocu_isco08_1,edu_aggregate_ltb,2019,1.307
tur,sex_f,ocu_isco08_1,edu_aggregate_ltb,2020,0.403
tur,sex_f,ocu_isco08_1,edu_aggregate_ltb,2023,1.118
tur,sex_f,ocu_isco08_1,edu_aggregate_total,2012,13.231
tur,sex_f,ocu_isco08_1,edu_aggregate_total,2013,7.066
tur,sex_f,ocu_isco08_1,edu_aggregate_total,2014,11.52
tur,sex_f,ocu_isco08_1,edu_aggregate_total,2015,10.114
tur,sex_f,ocu_isco08_1,edu_aggregate_total,2016,9.686
tur,sex_f,ocu_isco08_1,edu_aggregate_total,2017,8.592
tur,sex_f,ocu_isco08_1,edu_aggregate_total,2018,13.859
tur,sex_f,ocu_isco08_1,edu_aggregate_total,2019,19.103
tur,sex_f,ocu_isco08_1,edu_aggregate_total,2020,21.723
tur,sex_f,ocu_isco08_1,edu_aggregate_total,2021,14.039
tur,sex_f,ocu_isco08_1,edu_aggregate_total,2022,14.968
tur,sex_f,ocu_isco08_1,edu_aggregate_total,2023,19.416
tur,sex_f,ocu_isco08_1,edu_isced11_0,2023,0.844
tur,sex_f,ocu_isco08_1,edu_isced11_1,2021,2.101
tur,sex_f,ocu_isco08_1,edu_isced11_1,2022,4.519
tur,sex_f,ocu_isco08_1,edu_isced11_1,2023,5.948
tur,sex_f,ocu_isco08_1,edu_isced11_2,2021,1.357
tur,sex_f,ocu_isco08_1,edu_isced11_2,2022,1.268
tur,sex_f,ocu_isco08_1,edu_isced11_2,2023,0.983
tur,sex_f,ocu_isco08_1,edu_isced11_3,2021,4.29
tur,sex_f,ocu_isco08_1,edu_isced11_3,2022,2.392
tur,sex_f,ocu_isco08_1,edu_isced11_3,2023,3.643
tur,sex_f,ocu_isco08_1,edu_isced11_6,2021,1.847
tur,sex_f,ocu_isco08_1,edu_isced11_6,2022,1.676
tur,sex_f,ocu_isco08_1,edu_isced11_6,2023,1.042
tur,sex_f,ocu_isco08_1,edu_isced11_7,2021,4.029
tur,sex_f,ocu_isco08_1,edu_isced11_7,2022,4.506
tur,sex_f,ocu_isco08_1,edu_isced11_7,2023,4.474
tur,sex_f,ocu_isco08_1,edu_isced11_8,2023,2.208
tur,sex_f,ocu_isco08_1,edu_isced11_total,2021,14.039
tur,sex_f,ocu_isco08_1,edu_isced11_total,2022,14.968
tur,sex_f,ocu_isco08_1,edu_isced11_total,2023,19.416
tur,sex_f,ocu_isco08_2,edu_aggregate_adv,2012,20.904
tur,sex_f,ocu_isco08_2,edu_aggregate_adv,2013,15.814
tur,sex_f,ocu_isco08_2,edu_aggregate_adv,2014,19.915
tur,sex_f,ocu_isco08_2,edu_aggregate_adv,2015,21.393
tur,sex_f,ocu_isco08_2,edu_aggregate_adv,2016,26.594
tur,sex_f,ocu_isco08_2,edu_aggregate_adv,2017,33.903
tur,sex_f,ocu_isco08_2,edu_aggregate_adv,2018,36.575
tur,sex_f,ocu_isco08_2,edu_aggregate_adv,2019,42.121
tur,sex_f,ocu_isco08_2,edu_aggregate_adv,2020,49.215
tur,sex_f,ocu_isco08_2,edu_aggregate_adv,2021,44.136
tur,sex_f,ocu_isco08_2,edu_aggregate_adv,2022,41.045
tur,sex_f,ocu_isco08_2,edu_aggregate_adv,2023,56.695
tur,sex_f,ocu_isco08_2,edu_aggregate_bas,2012,3.619
tur,sex_f,ocu_isco08_2,edu_aggregate_bas,2013,2.591
tur,sex_f,ocu_isco08_2,edu_aggregate_bas,2014,4.002
tur,sex_f,ocu_isco08_2,edu_aggregate_bas,2015,3.783
tur,sex_f,ocu_isco08_2,edu_aggregate_bas,2016,6.043
tur,sex_f,ocu_isco08_2,edu_aggregate_bas,2017,3.248
tur,sex_f,ocu_isco08_2,edu_aggregate_bas,2018,4.782
tur,sex_f,ocu_isco08_2,edu_aggregate_bas,2019,2.199
tur,sex_f,ocu_isco08_2,edu_aggregate_bas,2020,1.903
tur,sex_f,ocu_isco08_2,edu_aggregate_bas,2021,1.686
tur,sex_f,ocu_isco08_2,edu_aggregate_bas,2022,1.082
tur,sex_f,ocu_isco08_2,edu_aggregate_bas,2023,2.187
tur,sex_f,ocu_isco08_2,edu_aggregate_int,2012,7.772
tur,sex_f,ocu_isco08_2,edu_aggregate_int,2013,4.838
tur,sex_f,ocu_isco08_2,edu_aggregate_int,2014,4.39
tur,sex_f,ocu_isco08_2,edu_aggregate_int,2015,4.992
tur,sex_f,ocu_isco08_2,edu_aggregate_int,2016,5.414
tur,sex_f,ocu_isco08_2,edu_aggregate_int,2017,6.24
tur,sex_f,ocu_isco08_2,edu_aggregate_int,2018,8.641
tur,sex_f,ocu_isco08_2,edu_aggregate_int,2019,9.153
tur,sex_f,ocu_isco08_2,edu_aggregate_int,2020,7.029
tur,sex_f,ocu_isco08_2,edu_aggregate_int,2021,5.267
tur,sex_f,ocu_isco08_2,edu_aggregate_int,2022,10.428
tur,sex_f,ocu_isco08_2,edu_aggregate_int,2023,8.663
tur,sex_f,ocu_isco08_2,edu_aggregate_ltb,2012,0.599
tur,sex_f,ocu_isco08_2,edu_aggregate_total,2012,32.894
tur,sex_f,ocu_isco08_2,edu_aggregate_total,2013,23.507
tur,sex_f,ocu_isco08_2,edu_aggregate_total,2014,28.307
tur,sex_f,ocu_isco08_2,edu_aggregate_total,2015,30.357
tur,sex_f,ocu_isco08_2,edu_aggregate_total,2016,38.051
tur,sex_f,ocu_isco08_2,edu_aggregate_total,2017,43.736
tur,sex_f,ocu_isco08_2,edu_aggregate_total,2018,50.106
tur,sex_f,ocu_isco08_2,edu_aggregate_total,2019,53.984
tur,sex_f,ocu_isco08_2,edu_aggregate_total,2020,58.449
tur,sex_f,ocu_isco08_2,edu_aggregate_total,2021,51.089
tur,sex_f,ocu_isco08_2,edu_aggregate_total,2022,52.729
tur,sex_f,ocu_isco08_2,edu_aggregate_total,2023,67.544
tur,sex_f,ocu_isco08_2,edu_isced11_2,2021,1.613
tur,sex_f,ocu_isco08_2,edu_isced11_2,2022,1.007
tur,sex_f,ocu_isco08_2,edu_isced11_2,2023,2.05
tur,sex_f,ocu_isco08_2,edu_isced11_3,2021,5.267
tur,sex_f,ocu_isco08_2,edu_isced11_3,2022,10.428
tur,sex_f,ocu_isco08_2,edu_isced11_3,2023,8.663
tur,sex_f,ocu_isco08_2,edu_isced11_6,2021,5.38
tur,sex_f,ocu_isco08_2,edu_isced11_6,2022,6.606
tur,sex_f,ocu_isco08_2,edu_isced11_6,2023,5.189
tur,sex_f,ocu_isco08_2,edu_isced11_7,2021,32.184
tur,sex_f,ocu_isco08_2,edu_isced11_7,2022,28.388
tur,sex_f,ocu_isco08_2,edu_isced11_7,2023,39.33
tur,sex_f,ocu_isco08_2,edu_isced11_8,2021,6.572
tur,sex_f,ocu_isco08_2,edu_isced11_8,2022,6.052
tur,sex_f,ocu_isco08_2,edu_isced11_8,2023,12.176
tur,sex_f,ocu_isco08_2,edu_isced11_total,2021,51.089
tur,sex_f,ocu_isco08_2,edu_isced11_total,2022,52.729
tur,sex_f,ocu_isco08_2,edu_isced11_total,2023,67.544
tur,sex_f,ocu_isco08_3,edu_aggregate_adv,2012,10.553
tur,sex_f,ocu_isco08_3,edu_aggregate_adv,2013,6.02
tur,sex_f,ocu_isco08_3,edu_aggregate_adv,2014,6.812
tur,sex_f,ocu_isco08_3,edu_aggregate_adv,2015,8.055
tur,sex_f,ocu_isco08_3,edu_aggregate_adv,2016,7.438
tur,sex_f,ocu_isco08_3,edu_aggregate_adv,2017,7.913
tur,sex_f,ocu_isco08_3,edu_aggregate_adv,2018,13.259
tur,sex_f,ocu_isco08_3,edu_aggregate_adv,2019,10.187
tur,sex_f,ocu_isco08_3,edu_aggregate_adv,2020,16.429
tur,sex_f,ocu_isco08_3,edu_aggregate_adv,2021,13.221
tur,sex_f,ocu_isco08_3,edu_aggregate_adv,2022,11.711
tur,sex_f,ocu_isco08_3,edu_aggregate_adv,2023,13.901
tur,sex_f,ocu_isco08_3,edu_aggregate_bas,2012,13.322
tur,sex_f,ocu_isco08_3,edu_aggregate_bas,2013,7.123
tur,sex_f,ocu_isco08_3,edu_aggregate_bas,2014,8.062
tur,sex_f,ocu_isco08_3,edu_aggregate_bas,2015,9.86
tur,sex_f,ocu_isco08_3,edu_aggregate_bas,2016,10.729
tur,sex_f,ocu_isco08_3,edu_aggregate_bas,2017,11.531
tur,sex_f,ocu_isco08_3,edu_aggregate_bas,2018,11.481
tur,sex_f,ocu_isco08_3,edu_aggregate_bas,2019,9.833
tur,sex_f,ocu_isco08_3,edu_aggregate_bas,2020,3.046
tur,sex_f,ocu_isco08_3,edu_aggregate_bas,2021,3.009
tur,sex_f,ocu_isco08_3,edu_aggregate_bas,2022,4.172
tur,sex_f,ocu_isco08_3,edu_aggregate_bas,2023,5.135
tur,sex_f,ocu_isco08_3,edu_aggregate_int,2012,10.139
tur,sex_f,ocu_isco08_3,edu_aggregate_int,2013,8.743
tur,sex_f,ocu_isco08_3,edu_aggregate_int,2014,11.346
tur,sex_f,ocu_isco08_3,edu_aggregate_int,2015,12.493
tur,sex_f,ocu_isco08_3,edu_aggregate_int,2016,10.893
tur,sex_f,ocu_isco08_3,edu_aggregate_int,2017,14.207
tur,sex_f,ocu_isco08_3,edu_aggregate_int,2018,12.203
tur,sex_f,ocu_isco08_3,edu_aggregate_int,2019,12.161
tur,sex_f,ocu_isco08_3,edu_aggregate_int,2020,8.528
tur,sex_f,ocu_isco08_3,edu_aggregate_int,2021,13.253
tur,sex_f,ocu_isco08_3,edu_aggregate_int,2022,13.058
tur,sex_f,ocu_isco08_3,edu_aggregate_int,2023,10.751
tur,sex_f,ocu_isco08_3,edu_aggregate_ltb,2012,0.61
tur,sex_f,ocu_isco08_3,edu_aggregate_total,2012,34.624
tur,sex_f,ocu_isco08_3,edu_aggregate_total,2013,22.342
tur,sex_f,ocu_isco08_3,edu_aggregate_total,2014,26.351
tur,sex_f,ocu_isco08_3,edu_aggregate_total,2015,30.407
tur,sex_f,ocu_isco08_3,edu_aggregate_total,2016,29.196
tur,sex_f,ocu_isco08_3,edu_aggregate_total,2017,34.205
tur,sex_f,ocu_isco08_3,edu_aggregate_total,2018,37.487
tur,sex_f,ocu_isco08_3,edu_aggregate_total,2019,33.096
tur,sex_f,ocu_isco08_3,edu_aggregate_total,2020,28.148
tur,sex_f,ocu_isco08_3,edu_aggregate_total,2021,29.968
tur,sex_f,ocu_isco08_3,edu_aggregate_total,2022,28.975
tur,sex_f,ocu_isco08_3,edu_aggregate_total,2023,29.787
tur,sex_f,ocu_isco08_3,edu_isced11_1,2022,1.901
tur,sex_f,ocu_isco08_3,edu_isced11_1,2023,0.993
tur,sex_f,ocu_isco08_3,edu_isced11_2,2021,2.483
tur,sex_f,ocu_isco08_3,edu_isced11_2,2022,2.271
tur,sex_f,ocu_isco08_3,edu_isced11_2,2023,4.142
tur,sex_f,ocu_isco08_3,edu_isced11_3,2021,13.253
tur,sex_f,ocu_isco08_3,edu_isced11_3,2022,13.058
tur,sex_f,ocu_isco08_3,edu_isced11_3,2023,10.751
tur,sex_f,ocu_isco08_3,edu_isced11_6,2021,5.327
tur,sex_f,ocu_isco08_3,edu_isced11_6,2022,3.526
tur,sex_f,ocu_isco08_3,edu_isced11_6,2023,4.878
tur,sex_f,ocu_isco08_3,edu_isced11_7,2021,6.21
tur,sex_f,ocu_isco08_3,edu_isced11_7,2022,6.528
tur,sex_f,ocu_isco08_3,edu_isced11_7,2023,8.054
tur,sex_f,ocu_isco08_3,edu_isced11_8,2021,1.684
tur,sex_f,ocu_isco08_3,edu_isced11_8,2022,1.657
tur,sex_f,ocu_isco08_3,edu_isced11_8,2023,0.969
tur,sex_f,ocu_isco08_3,edu_isced11_total,2021,29.968
tur,sex_f,ocu_isco08_3,edu_isced11_total,2022,28.975
tur,sex_f,ocu_isco08_3,edu_isced11_total,2023,29.787
tur,sex_f,ocu_isco08_4,edu_aggregate_adv,2012,11.227
tur,sex_f,ocu_isco08_4,edu_aggregate_adv,2013,11.561
tur,sex_f,ocu_isco08_4,edu_aggregate_adv,2014,11.165
tur,sex_f,ocu_isco08_4,edu_aggregate_adv,2015,12.53
tur,sex_f,ocu_isco08_4,edu_aggregate_adv,2016,11.859
tur,sex_f,ocu_isco08_4,edu_aggregate_adv,2017,15.851
tur,sex_f,ocu_isco08_4,edu_aggregate_adv,2018,18.716
tur,sex_f,ocu_isco08_4,edu_aggregate_adv,2019,15.12
tur,sex_f,ocu_isco08_4,edu_aggregate_adv,2020,15.383
tur,sex_f,ocu_isco08_4,edu_aggregate_adv,2021,15.703
tur,sex_f,ocu_isco08_4,edu_aggregate_adv,2022,14.522
tur,sex_f,ocu_isco08_4,edu_aggregate_adv,2023,13.373
tur,sex_f,ocu_isco08_4,edu_aggregate_bas,2012,20.947
tur,sex_f,ocu_isco08_4,edu_aggregate_bas,2013,17.094
tur,sex_f,ocu_isco08_4,edu_aggregate_bas,2014,18.965
tur,sex_f,ocu_isco08_4,edu_aggregate_bas,2015,16.499
tur,sex_f,ocu_isco08_4,edu_aggregate_bas,2016,22.976
tur,sex_f,ocu_isco08_4,edu_aggregate_bas,2017,21.572
tur,sex_f,ocu_isco08_4,edu_aggregate_bas,2018,26.015
tur,sex_f,ocu_isco08_4,edu_aggregate_bas,2019,21.78
tur,sex_f,ocu_isco08_4,edu_aggregate_bas,2020,7.242
tur,sex_f,ocu_isco08_4,edu_aggregate_bas,2021,6.502
tur,sex_f,ocu_isco08_4,edu_aggregate_bas,2022,7.226
tur,sex_f,ocu_isco08_4,edu_aggregate_bas,2023,6.048
tur,sex_f,ocu_isco08_4,edu_aggregate_int,2012,21.955
tur,sex_f,ocu_isco08_4,edu_aggregate_int,2013,24.188
tur,sex_f,ocu_isco08_4,edu_aggregate_int,2014,21.919
tur,sex_f,ocu_isco08_4,edu_aggregate_int,2015,22.674
tur,sex_f,ocu_isco08_4,edu_aggregate_int,2016,22.126
tur,sex_f,ocu_isco08_4,edu_aggregate_int,2017,21.74
tur,sex_f,ocu_isco08_4,edu_aggregate_int,2018,25.237
tur,sex_f,ocu_isco08_4,edu_aggregate_int,2019,21.063
tur,sex_f,ocu_isco08_4,edu_aggregate_int,2020,14.542
tur,sex_f,ocu_isco08_4,edu_aggregate_int,2021,14.133
tur,sex_f,ocu_isco08_4,edu_aggregate_int,2022,19.946
tur,sex_f,ocu_isco08_4,edu_aggregate_int,2023,20.261
tur,sex_f,ocu_isco08_4,edu_aggregate_ltb,2012,0.6
tur,sex_f,ocu_isco08_4,edu_aggregate_total,2012,54.73
tur,sex_f,ocu_isco08_4,edu_aggregate_total,2013,53.367
tur,sex_f,ocu_isco08_4,edu_aggregate_total,2014,52.472
tur,sex_f,ocu_isco08_4,edu_aggregate_total,2015,51.702
tur,sex_f,ocu_isco08_4,edu_aggregate_total,2016,57.398
tur,sex_f,ocu_isco08_4,edu_aggregate_total,2017,59.382
tur,sex_f,ocu_isco08_4,edu_aggregate_total,2018,70.062
tur,sex_f,ocu_isco08_4,edu_aggregate_total,2019,58.69
tur,sex_f,ocu_isco08_4,edu_aggregate_total,2020,37.31
tur,sex_f,ocu_isco08_4,edu_aggregate_total,2021,36.577
tur,sex_f,ocu_isco08_4,edu_aggregate_total,2022,42.504
tur,sex_f,ocu_isco08_4,edu_aggregate_total,2023,39.906
tur,sex_f,ocu_isco08_4,edu_isced11_1,2021,2.821
tur,sex_f,ocu_isco08_4,edu_isced11_1,2022,3.1
tur,sex_f,ocu_isco08_4,edu_isced11_1,2023,2.51
tur,sex_f,ocu_isco08_4,edu_isced11_2,2021,3.681
tur,sex_f,ocu_isco08_4,edu_isced11_2,2022,4.126
tur,sex_f,ocu_isco08_4,edu_isced11_2,2023,3.538
tur,sex_f,ocu_isco08_4,edu_isced11_3,2021,14.133
tur,sex_f,ocu_isco08_4,edu_isced11_3,2022,19.946
tur,sex_f,ocu_isco08_4,edu_isced11_3,2023,20.261
tur,sex_f,ocu_isco08_4,edu_isced11_6,2021,7.972
tur,sex_f,ocu_isco08_4,edu_isced11_6,2022,5.878
tur,sex_f,ocu_isco08_4,edu_isced11_6,2023,5.235
tur,sex_f,ocu_isco08_4,edu_isced11_7,2021,7.623
tur,sex_f,ocu_isco08_4,edu_isced11_7,2022,7.187
tur,sex_f,ocu_isco08_4,edu_isced11_7,2023,7.557
tur,sex_f,ocu_isco08_4,edu_isced11_8,2022,1.457
tur,sex_f,ocu_isco08_4,edu_isced11_total,2021,36.577
tur,sex_f,ocu_isco08_4,edu_isced11_total,2022,42.504
tur,sex_f,ocu_isco08_4,edu_isced11_total,2023,39.906
tur,sex_f,ocu_isco08_5,edu_aggregate_adv,2012,20.458
tur,sex_f,ocu_isco08_5,edu_aggregate_adv,2013,22.027
tur,sex_f,ocu_isco08_5,edu_aggregate_adv,2014,26.855
tur,sex_f,ocu_isco08_5,edu_aggregate_adv,2015,25.45
tur,sex_f,ocu_isco08_5,edu_aggregate_adv,2016,27.701
tur,sex_f,ocu_isco08_5,edu_aggregate_adv,2017,41.006
tur,sex_f,ocu_isco08_5,edu_aggregate_adv,2018,43.298
tur,sex_f,ocu_isco08_5,edu_aggregate_adv,2019,53.037
tur,sex_f,ocu_isco08_5,edu_aggregate_adv,2020,45.914
tur,sex_f,ocu_isco08_5,edu_aggregate_adv,2021,53.969
tur,sex_f,ocu_isco08_5,edu_aggregate_adv,2022,63.426
tur,sex_f,ocu_isco08_5,edu_aggregate_adv,2023,70.912
tur,sex_f,ocu_isco08_5,edu_aggregate_bas,2012,359.169
tur,sex_f,ocu_isco08_5,edu_aggregate_bas,2013,384.218
tur,sex_f,ocu_isco08_5,edu_aggregate_bas,2014,417.344
tur,sex_f,ocu_isco08_5,edu_aggregate_bas,2015,420.744
tur,sex_f,ocu_isco08_5,edu_aggregate_bas,2016,443.285
tur,sex_f,ocu_isco08_5,edu_aggregate_bas,2017,480.369
tur,sex_f,ocu_isco08_5,edu_aggregate_bas,2018,511.332
tur,sex_f,ocu_isco08_5,edu_aggregate_bas,2019,510.136
tur,sex_f,ocu_isco08_5,edu_aggregate_bas,2020,385.367
tur,sex_f,ocu_isco08_5,edu_aggregate_bas,2021,379.266
tur,sex_f,ocu_isco08_5,edu_aggregate_bas,2022,464.358
tur,sex_f,ocu_isco08_5,edu_aggregate_bas,2023,472.637
tur,sex_f,ocu_isco08_5,edu_aggregate_int,2012,109.834
tur,sex_f,ocu_isco08_5,edu_aggregate_int,2013,114.741
tur,sex_f,ocu_isco08_5,edu_aggregate_int,2014,108.778
tur,sex_f,ocu_isco08_5,edu_aggregate_int,2015,118.565
tur,sex_f,ocu_isco08_5,edu_aggregate_int,2016,124.386
tur,sex_f,ocu_isco08_5,edu_aggregate_int,2017,135.246
tur,sex_f,ocu_isco08_5,edu_aggregate_int,2018,150.776
tur,sex_f,ocu_isco08_5,edu_aggregate_int,2019,159.12
tur,sex_f,ocu_isco08_5,edu_aggregate_int,2020,119.288
tur,sex_f,ocu_isco08_5,edu_aggregate_int,2021,133.294
tur,sex_f,ocu_isco08_5,edu_aggregate_int,2022,169.304
tur,sex_f,ocu_isco08_5,edu_aggregate_int,2023,175.801
tur,sex_f,ocu_isco08_5,edu_aggregate_ltb,2012,72.792
tur,sex_f,ocu_isco08_5,edu_aggregate_ltb,2013,84.874
tur,sex_f,ocu_isco08_5,edu_aggregate_ltb,2014,127.582
tur,sex_f,ocu_isco08_5,edu_aggregate_ltb,2015,147.823
tur,sex_f,ocu_isco08_5,edu_aggregate_ltb,2016,166.267
tur,sex_f,ocu_isco08_5,edu_aggregate_ltb,2017,168.573
tur,sex_f,ocu_isco08_5,edu_aggregate_ltb,2018,186.667
tur,sex_f,ocu_isco08_5,edu_aggregate_ltb,2019,186.31
tur,sex_f,ocu_isco08_5,edu_aggregate_ltb,2020,163.775
tur,sex_f,ocu_isco08_5,edu_aggregate_ltb,2021,152.757
tur,sex_f,ocu_isco08_5,edu_aggregate_ltb,2022,225.695
tur,sex_f,ocu_isco08_5,edu_aggregate_ltb,2023,238.593
tur,sex_f,ocu_isco08_5,edu_aggregate_total,2012,562.253
tur,sex_f,ocu_isco08_5,edu_aggregate_total,2013,605.861
tur,sex_f,ocu_isco08_5,edu_aggregate_total,2014,680.558
tur,sex_f,ocu_isco08_5,edu_aggregate_total,2015,712.583
tur,sex_f,ocu_isco08_5,edu_aggregate_total,2016,761.638
tur,sex_f,ocu_isco08_5,edu_aggregate_total,2017,825.194
tur,sex_f,ocu_isco08_5,edu_aggregate_total,2018,892.072
tur,sex_f,ocu_isco08_5,edu_aggregate_total,2019,908.603
tur,sex_f,ocu_isco08_5,edu_aggregate_total,2020,714.344
tur,sex_f,ocu_isco08_5,edu_aggregate_total,2021,719.286
tur,sex_f,ocu_isco08_5,edu_aggregate_total,2022,922.783
tur,sex_f,ocu_isco08_5,edu_aggregate_total,2023,957.943
tur,sex_f,ocu_isco08_5,edu_isced11_0,2021,48.297
tur,sex_f,ocu_isco08_5,edu_isced11_0,2022,74.504
tur,sex_f,ocu_isco08_5,edu_isced11_0,2023,84.232
tur,sex_f,ocu_isco08_5,edu_isced11_1,2021,272.392
tur,sex_f,ocu_isco08_5,edu_isced11_1,2022,336.932
tur,sex_f,ocu_isco08_5,edu_isced11_1,2023,338.175
tur,sex_f,ocu_isco08_5,edu_isced11_2,2021,106.873
tur,sex_f,ocu_isco08_5,edu_isced11_2,2022,127.426
tur,sex_f,ocu_isco08_5,edu_isced11_2,2023,134.462
tur,sex_f,ocu_isco08_5,edu_isced11_3,2021,133.294
tur,sex_f,ocu_isco08_5,edu_isced11_3,2022,169.304
tur,sex_f,ocu_isco08_5,edu_isced11_3,2023,175.801
tur,sex_f,ocu_isco08_5,edu_isced11_6,2021,26.752
tur,sex_f,ocu_isco08_5,edu_isced11_6,2022,31.074
tur,sex_f,ocu_isco08_5,edu_isced11_6,2023,36.06
tur,sex_f,ocu_isco08_5,edu_isced11_7,2021,25.819
tur,sex_f,ocu_isco08_5,edu_isced11_7,2022,29.417
tur,sex_f,ocu_isco08_5,edu_isced11_7,2023,33.052
tur,sex_f,ocu_isco08_5,edu_isced11_8,2021,1.398
tur,sex_f,ocu_isco08_5,edu_isced11_8,2022,2.934
tur,sex_f,ocu_isco08_5,edu_isced11_8,2023,1.8
tur,sex_f,ocu_isco08_5,edu_isced11_total,2021,719.286
tur,sex_f,ocu_isco08_5,edu_isced11_total,2022,922.783
tur,sex_f,ocu_isco08_5,edu_isced11_total,2023,957.943
tur,sex_f,ocu_isco08_5,edu_isced11_x,2021,104.46
tur,sex_f,ocu_isco08_5,edu_isced11_x,2022,151.19
tur,sex_f,ocu_isco08_5,edu_isced11_x,2023,154.361
tur,sex_f,ocu_isco08_6,edu_aggregate_adv,2012,8.443
tur,sex_f,ocu_isco08_6,edu_aggregate_adv,2013,9.468
tur,sex_f,ocu_isco08_6,edu_aggregate_adv,2014,9.807
tur,sex_f,ocu_isco08_6,edu_aggregate_adv,2015,10.729
tur,sex_f,ocu_isco08_6,edu_aggregate_adv,2016,14.556
tur,sex_f,ocu_isco08_6,edu_aggregate_adv,2017,16.854
tur,sex_f,ocu_isco08_6,edu_aggregate_adv,2018,18.058
tur,sex_f,ocu_isco08_6,edu_aggregate_adv,2019,23.699
tur,sex_f,ocu_isco08_6,edu_aggregate_adv,2020,23.428
tur,sex_f,ocu_isco08_6,edu_aggregate_adv,2021,25.619
tur,sex_f,ocu_isco08_6,edu_aggregate_adv,2022,25.59
tur,sex_f,ocu_isco08_6,edu_aggregate_adv,2023,21.583
tur,sex_f,ocu_isco08_6,edu_aggregate_bas,2012,1174.019
tur,sex_f,ocu_isco08_6,edu_aggregate_bas,2013,1134.662
tur,sex_f,ocu_isco08_6,edu_aggregate_bas,2014,964.309
tur,sex_f,ocu_isco08_6,edu_aggregate_bas,2015,924.822
tur,sex_f,ocu_isco08_6,edu_aggregate_bas,2016,888.123
tur,sex_f,ocu_isco08_6,edu_aggregate_bas,2017,912.452
tur,sex_f,ocu_isco08_6,edu_aggregate_bas,2018,851.073
tur,sex_f,ocu_isco08_6,edu_aggregate_bas,2019,859.79
tur,sex_f,ocu_isco08_6,edu_aggregate_bas,2020,754.467
tur,sex_f,ocu_isco08_6,edu_aggregate_bas,2021,763.86
tur,sex_f,ocu_isco08_6,edu_aggregate_bas,2022,731.282
tur,sex_f,ocu_isco08_6,edu_aggregate_bas,2023,697.65
tur,sex_f,ocu_isco08_6,edu_aggregate_int,2012,52.903
tur,sex_f,ocu_isco08_6,edu_aggregate_int,2013,57.996
tur,sex_f,ocu_isco08_6,edu_aggregate_int,2014,48.708
tur,sex_f,ocu_isco08_6,edu_aggregate_int,2015,52.591
tur,sex_f,ocu_isco08_6,edu_aggregate_int,2016,57.414
tur,sex_f,ocu_isco08_6,edu_aggregate_int,2017,57.066
tur,sex_f,ocu_isco08_6,edu_aggregate_int,2018,65.4
tur,sex_f,ocu_isco08_6,edu_aggregate_int,2019,68.259
tur,sex_f,ocu_isco08_6,edu_aggregate_int,2020,71.536
tur,sex_f,ocu_isco08_6,edu_aggregate_int,2021,73.882
tur,sex_f,ocu_isco08_6,edu_aggregate_int,2022,70.669
tur,sex_f,ocu_isco08_6,edu_aggregate_int,2023,77.733
tur,sex_f,ocu_isco08_6,edu_aggregate_ltb,2012,853.998
tur,sex_f,ocu_isco08_6,edu_aggregate_ltb,2013,804.972
tur,sex_f,ocu_isco08_6,edu_aggregate_ltb,2014,708.685
tur,sex_f,ocu_isco08_6,edu_aggregate_ltb,2015,665.151
tur,sex_f,ocu_isco08_6,edu_aggregate_ltb,2016,557.673
tur,sex_f,ocu_isco08_6,edu_aggregate_ltb,2017,574.66
tur,sex_f,ocu_isco08_6,edu_aggregate_ltb,2018,569.702
tur,sex_f,ocu_isco08_6,edu_aggregate_ltb,2019,518.026
tur,sex_f,ocu_isco08_6,edu_aggregate_ltb,2020,366.858
tur,sex_f,ocu_isco08_6,edu_aggregate_ltb,2021,378.116
tur,sex_f,ocu_isco08_6,edu_aggregate_ltb,2022,383.554
tur,sex_f,ocu_isco08_6,edu_aggregate_ltb,2023,360.369
tur,sex_f,ocu_isco08_6,edu_aggregate_total,2012,2089.363
tur,sex_f,ocu_isco08_6,edu_aggregate_total,2013,2007.099
tur,sex_f,ocu_isco08_6,edu_aggregate_total,2014,1731.51
tur,sex_f,ocu_isco08_6,edu_aggregate_total,2015,1653.294
tur,sex_f,ocu_isco08_6,edu_aggregate_total,2016,1517.765
tur,sex_f,ocu_isco08_6,edu_aggregate_total,2017,1561.033
tur,sex_f,ocu_isco08_6,edu_aggregate_total,2018,1504.233
tur,sex_f,ocu_isco08_6,edu_aggregate_total,2019,1469.774
tur,sex_f,ocu_isco08_6,edu_aggregate_total,2020,1216.288
tur,sex_f,ocu_isco08_6,edu_aggregate_total,2021,1241.477
tur,sex_f,ocu_isco08_6,edu_aggregate_total,2022,1211.095
tur,sex_f,ocu_isco08_6,edu_aggregate_total,2023,1157.335
tur,sex_f,ocu_isco08_6,edu_isced11_0,2021,133.414
tur,sex_f,ocu_isco08_6,edu_isced11_0,2022,141.86
tur,sex_f,ocu_isco08_6,edu_isced11_0,2023,133.365
tur,sex_f,ocu_isco08_6,edu_isced11_1,2021,606.083
tur,sex_f,ocu_isco08_6,edu_isced11_1,2022,574.644
tur,sex_f,ocu_isco08_6,edu_isced11_1,2023,552.744
tur,sex_f,ocu_isco08_6,edu_isced11_2,2021,157.777
tur,sex_f,ocu_isco08_6,edu_isced11_2,2022,156.638
tur,sex_f,ocu_isco08_6,edu_isced11_2,2023,144.906
tur,sex_f,ocu_isco08_6,edu_isced11_3,2021,73.882
tur,sex_f,ocu_isco08_6,edu_isced11_3,2022,70.669
tur,sex_f,ocu_isco08_6,edu_isced11_3,2023,77.733
tur,sex_f,ocu_isco08_6,edu_isced11_6,2021,13.552
tur,sex_f,ocu_isco08_6,edu_isced11_6,2022,12.534
tur,sex_f,ocu_isco08_6,edu_isced11_6,2023,10.237
tur,sex_f,ocu_isco08_6,edu_isced11_7,2021,10.623
tur,sex_f,ocu_isco08_6,edu_isced11_7,2022,12.709
tur,sex_f,ocu_isco08_6,edu_isced11_7,2023,10.665
tur,sex_f,ocu_isco08_6,edu_isced11_8,2021,1.445
tur,sex_f,ocu_isco08_6,edu_isced11_8,2022,0.347
tur,sex_f,ocu_isco08_6,edu_isced11_8,2023,0.681
tur,sex_f,ocu_isco08_6,edu_isced11_total,2021,1241.477
tur,sex_f,ocu_isco08_6,edu_isced11_total,2022,1211.095
tur,sex_f,ocu_isco08_6,edu_isced11_total,2023,1157.335
tur,sex_f,ocu_isco08_6,edu_isced11_x,2021,244.701
tur,sex_f,ocu_isco08_6,edu_isced11_x,2022,241.694
tur,sex_f,ocu_isco08_6,edu_isced11_x,2023,227.004
tur,sex_f,ocu_isco08_7,edu_aggregate_adv,2012,2.474
tur,sex_f,ocu_isco08_7,edu_aggregate_adv,2013,3.52
tur,sex_f,ocu_isco08_7,edu_aggregate_adv,2014,2.79
tur,sex_f,ocu_isco08_7,edu_aggregate_adv,2015,3.774
tur,sex_f,ocu_isco08_7,edu_aggregate_adv,2016,4.27
tur,sex_f,ocu_isco08_7,edu_aggregate_adv,2017,5.721
tur,sex_f,ocu_isco08_7,edu_aggregate_adv,2018,6.468
tur,sex_f,ocu_isco08_7,edu_aggregate_adv,2019,7.261
tur,sex_f,ocu_isco08_7,edu_aggregate_adv,2020,11.517
tur,sex_f,ocu_isco08_7,edu_aggregate_adv,2021,14.062
tur,sex_f,ocu_isco08_7,edu_aggregate_adv,2022,12.634
tur,sex_f,ocu_isco08_7,edu_aggregate_adv,2023,10.849
tur,sex_f,ocu_isco08_7,edu_aggregate_bas,2012,162.778
tur,sex_f,ocu_isco08_7,edu_aggregate_bas,2013,182.646
tur,sex_f,ocu_isco08_7,edu_aggregate_bas,2014,181.106
tur,sex_f,ocu_isco08_7,edu_aggregate_bas,2015,162.214
tur,sex_f,ocu_isco08_7,edu_aggregate_bas,2016,175.237
tur,sex_f,ocu_isco08_7,edu_aggregate_bas,2017,189.867
tur,sex_f,ocu_isco08_7,edu_aggregate_bas,2018,188.193
tur,sex_f,ocu_isco08_7,edu_aggregate_bas,2019,146.017
tur,sex_f,ocu_isco08_7,edu_aggregate_bas,2020,138.278
tur,sex_f,ocu_isco08_7,edu_aggregate_bas,2021,138.045
tur,sex_f,ocu_isco08_7,edu_aggregate_bas,2022,129.254
tur,sex_f,ocu_isco08_7,edu_aggregate_bas,2023,135.192
tur,sex_f,ocu_isco08_7,edu_aggregate_int,2012,21.854
tur,sex_f,ocu_isco08_7,edu_aggregate_int,2013,28.998
tur,sex_f,ocu_isco08_7,edu_aggregate_int,2014,27.871
tur,sex_f,ocu_isco08_7,edu_aggregate_int,2015,27.139
tur,sex_f,ocu_isco08_7,edu_aggregate_int,2016,31.936
tur,sex_f,ocu_isco08_7,edu_aggregate_int,2017,37.422
tur,sex_f,ocu_isco08_7,edu_aggregate_int,2018,36.728
tur,sex_f,ocu_isco08_7,edu_aggregate_int,2019,37.687
tur,sex_f,ocu_isco08_7,edu_aggregate_int,2020,36.088
tur,sex_f,ocu_isco08_7,edu_aggregate_int,2021,35.701
tur,sex_f,ocu_isco08_7,edu_aggregate_int,2022,49.427
tur,sex_f,ocu_isco08_7,edu_aggregate_int,2023,49.78
tur,sex_f,ocu_isco08_7,edu_aggregate_ltb,2012,35.679
tur,sex_f,ocu_isco08_7,edu_aggregate_ltb,2013,41.442
tur,sex_f,ocu_isco08_7,edu_aggregate_ltb,2014,42.481
tur,sex_f,ocu_isco08_7,edu_aggregate_ltb,2015,38.848
tur,sex_f,ocu_isco08_7,edu_aggregate_ltb,2016,41.682
tur,sex_f,ocu_isco08_7,edu_aggregate_ltb,2017,42.18
tur,sex_f,ocu_isco08_7,edu_aggregate_ltb,2018,41.805
tur,sex_f,ocu_isco08_7,edu_aggregate_ltb,2019,41.385
tur,sex_f,ocu_isco08_7,edu_aggregate_ltb,2020,29.675
tur,sex_f,ocu_isco08_7,edu_aggregate_ltb,2021,24.311
tur,sex_f,ocu_isco08_7,edu_aggregate_ltb,2022,25.925
tur,sex_f,ocu_isco08_7,edu_aggregate_ltb,2023,33.386
tur,sex_f,ocu_isco08_7,edu_aggregate_total,2012,222.786
tur,sex_f,ocu_isco08_7,edu_aggregate_total,2013,256.606
tur,sex_f,ocu_isco08_7,edu_aggregate_total,2014,254.248
tur,sex_f,ocu_isco08_7,edu_aggregate_total,2015,231.975
tur,sex_f,ocu_isco08_7,edu_aggregate_total,2016,253.125
tur,sex_f,ocu_isco08_7,edu_aggregate_total,2017,275.19
tur,sex_f,ocu_isco08_7,edu_aggregate_total,2018,273.194
tur,sex_f,ocu_isco08_7,edu_aggregate_total,2019,232.351
tur,sex_f,ocu_isco08_7,edu_aggregate_total,2020,215.558
tur,sex_f,ocu_isco08_7,edu_aggregate_total,2021,212.118
tur,sex_f,ocu_isco08_7,edu_aggregate_total,2022,217.239
tur,sex_f,ocu_isco08_7,edu_aggregate_total,2023,229.207
tur,sex_f,ocu_isco08_7,edu_isced11_0,2021,13.674
tur,sex_f,ocu_isco08_7,edu_isced11_0,2022,15.088
tur,sex_f,ocu_isco08_7,edu_isced11_0,2023,19.051
tur,sex_f,ocu_isco08_7,edu_isced11_1,2021,92.791
tur,sex_f,ocu_isco08_7,edu_isced11_1,2022,85.87
tur,sex_f,ocu_isco08_7,edu_isced11_1,2023,89.532
tur,sex_f,ocu_isco08_7,edu_isced11_2,2021,45.254
tur,sex_f,ocu_isco08_7,edu_isced11_2,2022,43.384
tur,sex_f,ocu_isco08_7,edu_isced11_2,2023,45.66
tur,sex_f,ocu_isco08_7,edu_isced11_3,2021,35.701
tur,sex_f,ocu_isco08_7,edu_isced11_3,2022,49.427
tur,sex_f,ocu_isco08_7,edu_isced11_3,2023,49.78
tur,sex_f,ocu_isco08_7,edu_isced11_6,2021,7.346
tur,sex_f,ocu_isco08_7,edu_isced11_6,2022,5.705
tur,sex_f,ocu_isco08_7,edu_isced11_6,2023,5.685
tur,sex_f,ocu_isco08_7,edu_isced11_7,2021,6.272
tur,sex_f,ocu_isco08_7,edu_isced11_7,2022,6.642
tur,sex_f,ocu_isco08_7,edu_isced11_7,2023,4.906
tur,sex_f,ocu_isco08_7,edu_isced11_total,2021,212.118
tur,sex_f,ocu_isco08_7,edu_isced11_total,2022,217.239
tur,sex_f,ocu_isco08_7,edu_isced11_total,2023,229.207
tur,sex_f,ocu_isco08_7,edu_isced11_x,2021,10.636
tur,sex_f,ocu_isco08_7,edu_isced11_x,2022,10.837
tur,sex_f,ocu_isco08_7,edu_isced11_x,2023,14.335
tur,sex_f,ocu_isco08_8,edu_aggregate_adv,2015,1.208
tur,sex_f,ocu_isco08_8,edu_aggregate_adv,2016,1.139
tur,sex_f,ocu_isco08_8,edu_aggregate_adv,2017,2.869
tur,sex_f,ocu_isco08_8,edu_aggregate_adv,2019,1.234
tur,sex_f,ocu_isco08_8,edu_aggregate_adv,2020,1.277
tur,sex_f,ocu_isco08_8,edu_aggregate_adv,2021,1.246
tur,sex_f,ocu_isco08_8,edu_aggregate_adv,2022,0.815
tur,sex_f,ocu_isco08_8,edu_aggregate_adv,2023,1.907
tur,sex_f,ocu_isco08_8,edu_aggregate_bas,2012,46.076
tur,sex_f,ocu_isco08_8,edu_aggregate_bas,2013,41.07
tur,sex_f,ocu_isco08_8,edu_aggregate_bas,2014,38.724
tur,sex_f,ocu_isco08_8,edu_aggregate_bas,2015,38.893
tur,sex_f,ocu_isco08_8,edu_aggregate_bas,2016,36.768
tur,sex_f,ocu_isco08_8,edu_aggregate_bas,2017,38.331
tur,sex_f,ocu_isco08_8,edu_aggregate_bas,2018,39.083
tur,sex_f,ocu_isco08_8,edu_aggregate_bas,2019,43.603
tur,sex_f,ocu_isco08_8,edu_aggregate_bas,2020,23.092
tur,sex_f,ocu_isco08_8,edu_aggregate_bas,2021,23.346
tur,sex_f,ocu_isco08_8,edu_aggregate_bas,2022,24.309
tur,sex_f,ocu_isco08_8,edu_aggregate_bas,2023,27.982
tur,sex_f,ocu_isco08_8,edu_aggregate_int,2012,5.248
tur,sex_f,ocu_isco08_8,edu_aggregate_int,2013,3.746
tur,sex_f,ocu_isco08_8,edu_aggregate_int,2014,5.166
tur,sex_f,ocu_isco08_8,edu_aggregate_int,2015,4.324
tur,sex_f,ocu_isco08_8,edu_aggregate_int,2016,5.403
tur,sex_f,ocu_isco08_8,edu_aggregate_int,2017,6.151
tur,sex_f,ocu_isco08_8,edu_aggregate_int,2018,6.799
tur,sex_f,ocu_isco08_8,edu_aggregate_int,2019,6.967
tur,sex_f,ocu_isco08_8,edu_aggregate_int,2020,6.51
tur,sex_f,ocu_isco08_8,edu_aggregate_int,2021,6.837
tur,sex_f,ocu_isco08_8,edu_aggregate_int,2022,6.586
tur,sex_f,ocu_isco08_8,edu_aggregate_int,2023,6.384
tur,sex_f,ocu_isco08_8,edu_aggregate_ltb,2012,15.349
tur,sex_f,ocu_isco08_8,edu_aggregate_ltb,2013,14.805
tur,sex_f,ocu_isco08_8,edu_aggregate_ltb,2014,13.267
tur,sex_f,ocu_isco08_8,edu_aggregate_ltb,2015,13.229
tur,sex_f,ocu_isco08_8,edu_aggregate_ltb,2016,18.179
tur,sex_f,ocu_isco08_8,edu_aggregate_ltb,2017,16.235
tur,sex_f,ocu_isco08_8,edu_aggregate_ltb,2018,17.446
tur,sex_f,ocu_isco08_8,edu_aggregate_ltb,2019,13.892
tur,sex_f,ocu_isco08_8,edu_aggregate_ltb,2020,10.426
tur,sex_f,ocu_isco08_8,edu_aggregate_ltb,2021,6.12
tur,sex_f,ocu_isco08_8,edu_aggregate_ltb,2022,7.75
tur,sex_f,ocu_isco08_8,edu_aggregate_ltb,2023,3.993
tur,sex_f,ocu_isco08_8,edu_aggregate_total,2012,67.266
tur,sex_f,ocu_isco08_8,edu_aggregate_total,2013,59.986
tur,sex_f,ocu_isco08_8,edu_aggregate_total,2014,57.364
tur,sex_f,ocu_isco08_8,edu_aggregate_total,2015,57.653
tur,sex_f,ocu_isco08_8,edu_aggregate_total,2016,61.49
tur,sex_f,ocu_isco08_8,edu_aggregate_total,2017,63.586
tur,sex_f,ocu_isco08_8,edu_aggregate_total,2018,64.162
tur,sex_f,ocu_isco08_8,edu_aggregate_total,2019,65.695
tur,sex_f,ocu_isco08_8,edu_aggregate_total,2020,41.306
tur,sex_f,ocu_isco08_8,edu_aggregate_total,2021,37.549
tur,sex_f,ocu_isco08_8,edu_aggregate_total,2022,39.459
tur,sex_f,ocu_isco08_8,edu_aggregate_total,2023,40.266
tur,sex_f,ocu_isco08_8,edu_isced11_0,2021,5.004
tur,sex_f,ocu_isco08_8,edu_isced11_0,2022,5.876
tur,sex_f,ocu_isco08_8,edu_isced11_0,2023,2.582
tur,sex_f,ocu_isco08_8,edu_isced11_1,2021,14.159
tur,sex_f,ocu_isco08_8,edu_isced11_1,2022,14.654
tur,sex_f,ocu_isco08_8,edu_isced11_1,2023,17.62
tur,sex_f,ocu_isco08_8,edu_isced11_2,2021,9.187
tur,sex_f,ocu_isco08_8,edu_isced11_2,2022,9.656
tur,sex_f,ocu_isco08_8,edu_isced11_2,2023,10.362
tur,sex_f,ocu_isco08_8,edu_isced11_3,2021,6.837
tur,sex_f,ocu_isco08_8,edu_isced11_3,2022,6.586
tur,sex_f,ocu_isco08_8,edu_isced11_3,2023,6.384
tur,sex_f,ocu_isco08_8,edu_isced11_6,2021,0.811
tur,sex_f,ocu_isco08_8,edu_isced11_6,2022,0.589
tur,sex_f,ocu_isco08_8,edu_isced11_total,2021,37.549
tur,sex_f,ocu_isco08_8,edu_isced11_total,2022,39.459
tur,sex_f,ocu_isco08_8,edu_isced11_total,2023,40.266
tur,sex_f,ocu_isco08_8,edu_isced11_x,2022,1.874
tur,sex_f,ocu_isco08_9,edu_aggregate_adv,2012,6.396
tur,sex_f,ocu_isco08_9,edu_aggregate_adv,2013,8.152
tur,sex_f,ocu_isco08_9,edu_aggregate_adv,2014,8.799
tur,sex_f,ocu_isco08_9,edu_aggregate_adv,2015,11.94
tur,sex_f,ocu_isco08_9,edu_aggregate_adv,2016,14.545
tur,sex_f,ocu_isco08_9,edu_aggregate_adv,2017,18.779
tur,sex_f,ocu_isco08_9,edu_aggregate_adv,2018,19.548
tur,sex_f,ocu_isco08_9,edu_aggregate_adv,2019,18.271
tur,sex_f,ocu_isco08_9,edu_aggregate_adv,2020,20.612
tur,sex_f,ocu_isco08_9,edu_aggregate_adv,2021,28.726
tur,sex_f,ocu_isco08_9,edu_aggregate_adv,2022,25.093
tur,sex_f,ocu_isco08_9,edu_aggregate_adv,2023,28.451
tur,sex_f,ocu_isco08_9,edu_aggregate_bas,2012,720.494
tur,sex_f,ocu_isco08_9,edu_aggregate_bas,2013,756.53
tur,sex_f,ocu_isco08_9,edu_aggregate_bas,2014,752.701
tur,sex_f,ocu_isco08_9,edu_aggregate_bas,2015,780.748
tur,sex_f,ocu_isco08_9,edu_aggregate_bas,2016,778.281
tur,sex_f,ocu_isco08_9,edu_aggregate_bas,2017,824.644
tur,sex_f,ocu_isco08_9,edu_aggregate_bas,2018,795.666
tur,sex_f,ocu_isco08_9,edu_aggregate_bas,2019,725.476
tur,sex_f,ocu_isco08_9,edu_aggregate_bas,2020,599.136
tur,sex_f,ocu_isco08_9,edu_aggregate_bas,2021,716.409
tur,sex_f,ocu_isco08_9,edu_aggregate_bas,2022,739.966
tur,sex_f,ocu_isco08_9,edu_aggregate_bas,2023,692.905
tur,sex_f,ocu_isco08_9,edu_aggregate_int,2012,49.648
tur,sex_f,ocu_isco08_9,edu_aggregate_int,2013,50.321
tur,sex_f,ocu_isco08_9,edu_aggregate_int,2014,50.278
tur,sex_f,ocu_isco08_9,edu_aggregate_int,2015,60.915
tur,sex_f,ocu_isco08_9,edu_aggregate_int,2016,60.201
tur,sex_f,ocu_isco08_9,edu_aggregate_int,2017,72.607
tur,sex_f,ocu_isco08_9,edu_aggregate_int,2018,77.444
tur,sex_f,ocu_isco08_9,edu_aggregate_int,2019,73.993
tur,sex_f,ocu_isco08_9,edu_aggregate_int,2020,70.525
tur,sex_f,ocu_isco08_9,edu_aggregate_int,2021,94.786
tur,sex_f,ocu_isco08_9,edu_aggregate_int,2022,102.292
tur,sex_f,ocu_isco08_9,edu_aggregate_int,2023,113.592
tur,sex_f,ocu_isco08_9,edu_aggregate_ltb,2012,249.903
tur,sex_f,ocu_isco08_9,edu_aggregate_ltb,2013,256.029
tur,sex_f,ocu_isco08_9,edu_aggregate_ltb,2014,249.916
tur,sex_f,ocu_isco08_9,edu_aggregate_ltb,2015,258.628
tur,sex_f,ocu_isco08_9,edu_aggregate_ltb,2016,266.345
tur,sex_f,ocu_isco08_9,edu_aggregate_ltb,2017,274.698
tur,sex_f,ocu_isco08_9,edu_aggregate_ltb,2018,256.715
tur,sex_f,ocu_isco08_9,edu_aggregate_ltb,2019,226.321
tur,sex_f,ocu_isco08_9,edu_aggregate_ltb,2020,183.545
tur,sex_f,ocu_isco08_9,edu_aggregate_ltb,2021,189.764
tur,sex_f,ocu_isco08_9,edu_aggregate_ltb,2022,210.938
tur,sex_f,ocu_isco08_9,edu_aggregate_ltb,2023,184.454
tur,sex_f,ocu_isco08_9,edu_aggregate_total,2012,1026.441
tur,sex_f,ocu_isco08_9,edu_aggregate_total,2013,1071.031
tur,sex_f,ocu_isco08_9,edu_aggregate_total,2014,1061.693
tur,sex_f,ocu_isco08_9,edu_aggregate_total,2015,1112.232
tur,sex_f,ocu_isco08_9,edu_aggregate_total,2016,1119.372
tur,sex_f,ocu_isco08_9,edu_aggregate_total,2017,1190.727
tur,sex_f,ocu_isco08_9,edu_aggregate_total,2018,1149.372
tur,sex_f,ocu_isco08_9,edu_aggregate_total,2019,1044.06
tur,sex_f,ocu_isco08_9,edu_aggregate_total,2020,873.819
tur,sex_f,ocu_isco08_9,edu_aggregate_total,2021,1029.685
tur,sex_f,ocu_isco08_9,edu_aggregate_total,2022,1078.289
tur,sex_f,ocu_isco08_9,edu_aggregate_total,2023,1019.402
tur,sex_f,ocu_isco08_9,edu_isced11_0,2021,72.152
tur,sex_f,ocu_isco08_9,edu_isced11_0,2022,84.781
tur,sex_f,ocu_isco08_9,edu_isced11_0,2023,71.869
tur,sex_f,ocu_isco08_9,edu_isced11_1,2021,530.77
tur,sex_f,ocu_isco08_9,edu_isced11_1,2022,548.899
tur,sex_f,ocu_isco08_9,edu_isced11_1,2023,515.435
tur,sex_f,ocu_isco08_9,edu_isced11_2,2021,185.639
tur,sex_f,ocu_isco08_9,edu_isced11_2,2022,191.068
tur,sex_f,ocu_isco08_9,edu_isced11_2,2023,177.47
tur,sex_f,ocu_isco08_9,edu_isced11_3,2021,94.786
tur,sex_f,ocu_isco08_9,edu_isced11_3,2022,102.292
tur,sex_f,ocu_isco08_9,edu_isced11_3,2023,113.592
tur,sex_f,ocu_isco08_9,edu_isced11_6,2021,16.613
tur,sex_f,ocu_isco08_9,edu_isced11_6,2022,14.37
tur,sex_f,ocu_isco08_9,edu_isced11_6,2023,16.847
tur,sex_f,ocu_isco08_9,edu_isced11_7,2021,11.983
tur,sex_f,ocu_isco08_9,edu_isced11_7,2022,10.421
tur,sex_f,ocu_isco08_9,edu_isced11_7,2023,10.885
tur,sex_f,ocu_isco08_9,edu_isced11_8,2023,0.718
tur,sex_f,ocu_isco08_9,edu_isced11_total,2021,1029.685
tur,sex_f,ocu_isco08_9,edu_isced11_total,2022,1078.289
tur,sex_f,ocu_isco08_9,edu_isced11_total,2023,1019.402
tur,sex_f,ocu_isco08_9,edu_isced11_x,2021,117.611
tur,sex_f,ocu_isco08_9,edu_isced11_x,2022,126.156
tur,sex_f,ocu_isco08_9,edu_isced11_x,2023,112.585
tur,sex_f,ocu_isco08_total,edu_aggregate_adv,2012,84.243
tur,sex_f,ocu_isco08_total,edu_aggregate_adv,2013,79.163
tur,sex_f,ocu_isco08_total,edu_aggregate_adv,2014,89.165
tur,sex_f,ocu_isco08_total,edu_aggregate_adv,2015,98.744
tur,sex_f,ocu_isco08_total,edu_aggregate_adv,2016,110.91
tur,sex_f,ocu_isco08_total,edu_aggregate_adv,2017,145.79
tur,sex_f,ocu_isco08_total,edu_aggregate_adv,2018,159.967
tur,sex_f,ocu_isco08_total,edu_aggregate_adv,2019,177.734
tur,sex_f,ocu_isco08_total,edu_aggregate_adv,2020,190.637
tur,sex_f,ocu_isco08_total,edu_aggregate_adv,2021,202.663
tur,sex_f,ocu_isco08_total,edu_aggregate_adv,2022,201.361
tur,sex_f,ocu_isco08_total,edu_aggregate_adv,2023,225.394
tur,sex_f,ocu_isco08_total,edu_aggregate_bas,2012,2505.955
tur,sex_f,ocu_isco08_total,edu_aggregate_bas,2013,2528.595
tur,sex_f,ocu_isco08_total,edu_aggregate_bas,2014,2390.356
tur,sex_f,ocu_isco08_total,edu_aggregate_bas,2015,2360.352
tur,sex_f,ocu_isco08_total,edu_aggregate_bas,2016,2365.21
tur,sex_f,ocu_isco08_total,edu_aggregate_bas,2017,2485.404
tur,sex_f,ocu_isco08_total,edu_aggregate_bas,2018,2433.827
tur,sex_f,ocu_isco08_total,edu_aggregate_bas,2019,2324.884
tur,sex_f,ocu_isco08_total,edu_aggregate_bas,2020,1919.895
tur,sex_f,ocu_isco08_total,edu_aggregate_bas,2021,2035.581
tur,sex_f,ocu_isco08_total,edu_aggregate_bas,2022,2107.436
tur,sex_f,ocu_isco08_total,edu_aggregate_bas,2023,2046.666
tur,sex_f,ocu_isco08_total,edu_aggregate_int,2012,283.643
tur,sex_f,ocu_isco08_total,edu_aggregate_int,2013,295.562
tur,sex_f,ocu_isco08_total,edu_aggregate_int,2014,281.165
tur,sex_f,ocu_isco08_total,edu_aggregate_int,2015,306.958
tur,sex_f,ocu_isco08_total,edu_aggregate_int,2016,320.22
tur,sex_f,ocu_isco08_total,edu_aggregate_int,2017,352.784
tur,sex_f,ocu_isco08_total,edu_aggregate_int,2018,386.171
tur,sex_f,ocu_isco08_total,edu_aggregate_int,2019,393.344
tur,sex_f,ocu_isco08_total,edu_aggregate_int,2020,341.141
tur,sex_f,ocu_isco08_total,edu_aggregate_int,2021,381.442
tur,sex_f,ocu_isco08_total,edu_aggregate_int,2022,444.103
tur,sex_f,ocu_isco08_total,edu_aggregate_int,2023,466.608
tur,sex_f,ocu_isco08_total,edu_aggregate_ltb,2012,1229.746
tur,sex_f,ocu_isco08_total,edu_aggregate_ltb,2013,1203.544
tur,sex_f,ocu_isco08_total,edu_aggregate_ltb,2014,1143.337
tur,sex_f,ocu_isco08_total,edu_aggregate_ltb,2015,1124.262
tur,sex_f,ocu_isco08_total,edu_aggregate_ltb,2016,1051.381
tur,sex_f,ocu_isco08_total,edu_aggregate_ltb,2017,1077.666
tur,sex_f,ocu_isco08_total,edu_aggregate_ltb,2018,1074.581
tur,sex_f,ocu_isco08_total,edu_aggregate_ltb,2019,989.395
tur,sex_f,ocu_isco08_total,edu_aggregate_ltb,2020,755.272
tur,sex_f,ocu_isco08_total,edu_aggregate_ltb,2021,752.1
tur,sex_f,ocu_isco08_total,edu_aggregate_ltb,2022,855.141
tur,sex_f,ocu_isco08_total,edu_aggregate_ltb,2023,822.137
tur,sex_f,ocu_isco08_total,edu_aggregate_total,2012,4103.587
tur,sex_f,ocu_isco08_total,edu_aggregate_total,2013,4106.864
tur,sex_f,ocu_isco08_total,edu_aggregate_total,2014,3904.024
tur,sex_f,ocu_isco08_total,edu_aggregate_total,2015,3890.316
tur,sex_f,ocu_isco08_total,edu_aggregate_total,2016,3847.722
tur,sex_f,ocu_isco08_total,edu_aggregate_total,2017,4061.645
tur,sex_f,ocu_isco08_total,edu_aggregate_total,2018,4054.546
tur,sex_f,ocu_isco08_total,edu_aggregate_total,2019,3885.357
tur,sex_f,ocu_isco08_total,edu_aggregate_total,2020,3206.944
tur,sex_f,ocu_isco08_total,edu_aggregate_total,2021,3371.787
tur,sex_f,ocu_isco08_total,edu_aggregate_total,2022,3608.041
tur,sex_f,ocu_isco08_total,edu_aggregate_total,2023,3560.805
tur,sex_f,ocu_isco08_total,edu_isced11_0,2021,273.082
tur,sex_f,ocu_isco08_total,edu_isced11_0,2022,323.39
tur,sex_f,ocu_isco08_total,edu_isced11_0,2023,312.166
tur,sex_f,ocu_isco08_total,edu_isced11_1,2021,1521.716
tur,sex_f,ocu_isco08_total,edu_isced11_1,2022,1570.591
tur,sex_f,ocu_isco08_total,edu_isced11_1,2023,1523.093
tur,sex_f,ocu_isco08_total,edu_isced11_2,2021,513.865
tur,sex_f,ocu_isco08_total,edu_isced11_2,2022,536.845
tur,sex_f,ocu_isco08_total,edu_isced11_2,2023,523.573
tur,sex_f,ocu_isco08_total,edu_isced11_3,2021,381.442
tur,sex_f,ocu_isco08_total,edu_isced11_3,2022,444.103
tur,sex_f,ocu_isco08_total,edu_isced11_3,2023,466.608
tur,sex_f,ocu_isco08_total,edu_isced11_6,2021,85.598
tur,sex_f,ocu_isco08_total,edu_isced11_6,2022,81.958
tur,sex_f,ocu_isco08_total,edu_isced11_6,2023,86.422
tur,sex_f,ocu_isco08_total,edu_isced11_7,2021,105.177
tur,sex_f,ocu_isco08_total,edu_isced11_7,2022,105.836
tur,sex_f,ocu_isco08_total,edu_isced11_7,2023,119.581
tur,sex_f,ocu_isco08_total,edu_isced11_8,2021,11.887
tur,sex_f,ocu_isco08_total,edu_isced11_8,2022,13.568
tur,sex_f,ocu_isco08_total,edu_isced11_8,2023,19.39
tur,sex_f,ocu_isco08_total,edu_isced11_total,2021,3371.787
tur,sex_f,ocu_isco08_total,edu_isced11_total,2022,3608.041
tur,sex_f,ocu_isco08_total,edu_isced11_total,2023,3560.805
tur,sex_f,ocu_isco08_total,edu_isced11_x,2021,479.018
tur,sex_f,ocu_isco08_total,edu_isced11_x,2022,531.751
tur,sex_f,ocu_isco08_total,edu_isced11_x,2023,509.971
tur,sex_f,ocu_isco88_1,edu_aggregate_adv,2004,4.734
tur,sex_f,ocu_isco88_1,edu_aggregate_adv,2005,6.054
tur,sex_f,ocu_isco88_1,edu_aggregate_adv,2006,4.561
tur,sex_f,ocu_isco88_1,edu_aggregate_adv,2007,4.788
tur,sex_f,ocu_isco88_1,edu_aggregate_adv,2008,3.818
tur,sex_f,ocu_isco88_1,edu_aggregate_adv,2009,6.882
tur,sex_f,ocu_isco88_1,edu_aggregate_adv,2010,6.974
tur,sex_f,ocu_isco88_1,edu_aggregate_adv,2011,5.185
tur,sex_f,ocu_isco88_1,edu_aggregate_bas,2000,9.427
tur,sex_f,ocu_isco88_1,edu_aggregate_bas,2002,7.835
tur,sex_f,ocu_isco88_1,edu_aggregate_bas,2003,10.675
tur,sex_f,ocu_isco88_1,edu_aggregate_bas,2004,12.736
tur,sex_f,ocu_isco88_1,edu_aggregate_bas,2005,25.157
tur,sex_f,ocu_isco88_1,edu_aggregate_bas,2006,19.74
tur,sex_f,ocu_isco88_1,edu_aggregate_bas,2007,15.114
tur,sex_f,ocu_isco88_1,edu_aggregate_bas,2008,15.53
tur,sex_f,ocu_isco88_1,edu_aggregate_bas,2009,12.874
tur,sex_f,ocu_isco88_1,edu_aggregate_bas,2010,13.34
tur,sex_f,ocu_isco88_1,edu_aggregate_bas,2011,13.482
tur,sex_f,ocu_isco88_1,edu_aggregate_int,2000,10.123
tur,sex_f,ocu_isco88_1,edu_aggregate_int,2002,6.765
tur,sex_f,ocu_isco88_1,edu_aggregate_int,2003,7.505
tur,sex_f,ocu_isco88_1,edu_aggregate_int,2004,9.671
tur,sex_f,ocu_isco88_1,edu_aggregate_int,2005,8.626
tur,sex_f,ocu_isco88_1,edu_aggregate_int,2006,9.086
tur,sex_f,ocu_isco88_1,edu_aggregate_int,2007,7.722
tur,sex_f,ocu_isco88_1,edu_aggregate_int,2008,10.901
tur,sex_f,ocu_isco88_1,edu_aggregate_int,2009,9.084
tur,sex_f,ocu_isco88_1,edu_aggregate_int,2010,7.51
tur,sex_f,ocu_isco88_1,edu_aggregate_int,2011,6.83
tur,sex_f,ocu_isco88_1,edu_aggregate_ltb,2002,1.184
tur,sex_f,ocu_isco88_1,edu_aggregate_ltb,2003,1.812
tur,sex_f,ocu_isco88_1,edu_aggregate_ltb,2004,1.18
tur,sex_f,ocu_isco88_1,edu_aggregate_ltb,2005,6.795
tur,sex_f,ocu_isco88_1,edu_aggregate_ltb,2006,2.55
tur,sex_f,ocu_isco88_1,edu_aggregate_ltb,2007,1.848
tur,sex_f,ocu_isco88_1,edu_aggregate_ltb,2008,3
tur,sex_f,ocu_isco88_1,edu_aggregate_ltb,2009,2.505
tur,sex_f,ocu_isco88_1,edu_aggregate_ltb,2010,3.711
tur,sex_f,ocu_isco88_1,edu_aggregate_ltb,2011,2.856
tur,sex_f,ocu_isco88_1,edu_aggregate_total,2000,34.438
tur,sex_f,ocu_isco88_1,edu_aggregate_total,2002,18.511
tur,sex_f,ocu_isco88_1,edu_aggregate_total,2003,24.167
tur,sex_f,ocu_isco88_1,edu_aggregate_total,2004,28.321
tur,sex_f,ocu_isco88_1,edu_aggregate_total,2005,46.632
tur,sex_f,ocu_isco88_1,edu_aggregate_total,2006,35.937
tur,sex_f,ocu_isco88_1,edu_aggregate_total,2007,29.472
tur,sex_f,ocu_isco88_1,edu_aggregate_total,2008,33.25
tur,sex_f,ocu_isco88_1,edu_aggregate_total,2009,31.344
tur,sex_f,ocu_isco88_1,edu_aggregate_total,2010,31.535
tur,sex_f,ocu_isco88_1,edu_aggregate_total,2011,28.354
tur,sex_f,ocu_isco88_1,edu_aggregate_x,2000,14.454
tur,sex_f,ocu_isco88_1,edu_aggregate_x,2002,2.727
tur,sex_f,ocu_isco88_1,edu_aggregate_x,2003,4.176
tur,sex_f,ocu_isco88_2,edu_aggregate_adv,2004,24.234
tur,sex_f,ocu_isco88_2,edu_aggregate_adv,2005,21.706
tur,sex_f,ocu_isco88_2,edu_aggregate_adv,2006,21.235
tur,sex_f,ocu_isco88_2,edu_aggregate_adv,2007,23.297
tur,sex_f,ocu_isco88_2,edu_aggregate_adv,2008,22.68
tur,sex_f,ocu_isco88_2,edu_aggregate_adv,2009,24.734
tur,sex_f,ocu_isco88_2,edu_aggregate_adv,2010,22.116
tur,sex_f,ocu_isco88_2,edu_aggregate_adv,2011,17.839
tur,sex_f,ocu_isco88_2,edu_aggregate_bas,2002,1.042
tur,sex_f,ocu_isco88_2,edu_aggregate_bas,2003,1.55
tur,sex_f,ocu_isco88_2,edu_aggregate_bas,2004,1.789
tur,sex_f,ocu_isco88_2,edu_aggregate_bas,2005,2.606
tur,sex_f,ocu_isco88_2,edu_aggregate_bas,2006,3.661
tur,sex_f,ocu_isco88_2,edu_aggregate_bas,2007,1.018
tur,sex_f,ocu_isco88_2,edu_aggregate_bas,2008,1.081
tur,sex_f,ocu_isco88_2,edu_aggregate_bas,2011,1.017
tur,sex_f,ocu_isco88_2,edu_aggregate_int,2002,5.554
tur,sex_f,ocu_isco88_2,edu_aggregate_int,2003,4.457
tur,sex_f,ocu_isco88_2,edu_aggregate_int,2004,6.774
tur,sex_f,ocu_isco88_2,edu_aggregate_int,2005,6.973
tur,sex_f,ocu_isco88_2,edu_aggregate_int,2006,7.249
tur,sex_f,ocu_isco88_2,edu_aggregate_int,2007,5.197
tur,sex_f,ocu_isco88_2,edu_aggregate_int,2008,2.087
tur,sex_f,ocu_isco88_2,edu_aggregate_int,2009,2.078
tur,sex_f,ocu_isco88_2,edu_aggregate_int,2010,3.081
tur,sex_f,ocu_isco88_2,edu_aggregate_int,2011,2.874
tur,sex_f,ocu_isco88_2,edu_aggregate_ltb,2004,0
tur,sex_f,ocu_isco88_2,edu_aggregate_total,2000,1.816
tur,sex_f,ocu_isco88_2,edu_aggregate_total,2002,27.24
tur,sex_f,ocu_isco88_2,edu_aggregate_total,2003,21.894
tur,sex_f,ocu_isco88_2,edu_aggregate_total,2004,32.797
tur,sex_f,ocu_isco88_2,edu_aggregate_total,2005,31.844
tur,sex_f,ocu_isco88_2,edu_aggregate_total,2006,32.267
tur,sex_f,ocu_isco88_2,edu_aggregate_total,2007,29.512
tur,sex_f,ocu_isco88_2,edu_aggregate_total,2008,26.301
tur,sex_f,ocu_isco88_2,edu_aggregate_total,2009,27.076
tur,sex_f,ocu_isco88_2,edu_aggregate_total,2010,25.39
tur,sex_f,ocu_isco88_2,edu_aggregate_total,2011,21.73
tur,sex_f,ocu_isco88_2,edu_aggregate_x,2000,0.928
tur,sex_f,ocu_isco88_2,edu_aggregate_x,2002,20.644
tur,sex_f,ocu_isco88_2,edu_aggregate_x,2003,15.888
tur,sex_f,ocu_isco88_3,edu_aggregate_adv,2004,4.914
tur,sex_f,ocu_isco88_3,edu_aggregate_adv,2005,10.329
tur,sex_f,ocu_isco88_3,edu_aggregate_adv,2006,10.826
tur,sex_f,ocu_isco88_3,edu_aggregate_adv,2007,7.018
tur,sex_f,ocu_isco88_3,edu_aggregate_adv,2008,8.624
tur,sex_f,ocu_isco88_3,edu_aggregate_adv,2009,9.735
tur,sex_f,ocu_isco88_3,edu_aggregate_adv,2010,9.254
tur,sex_f,ocu_isco88_3,edu_aggregate_adv,2011,10.033
tur,sex_f,ocu_isco88_3,edu_aggregate_bas,2000,18.958
tur,sex_f,ocu_isco88_3,edu_aggregate_bas,2002,10.592
tur,sex_f,ocu_isco88_3,edu_aggregate_bas,2003,12.793
tur,sex_f,ocu_isco88_3,edu_aggregate_bas,2004,16.944
tur,sex_f,ocu_isco88_3,edu_aggregate_bas,2005,20.213
tur,sex_f,ocu_isco88_3,edu_aggregate_bas,2006,20.401
tur,sex_f,ocu_isco88_3,edu_aggregate_bas,2007,19
tur,sex_f,ocu_isco88_3,edu_aggregate_bas,2008,13.528
tur,sex_f,ocu_isco88_3,edu_aggregate_bas,2009,18.144
tur,sex_f,ocu_isco88_3,edu_aggregate_bas,2010,16.148
tur,sex_f,ocu_isco88_3,edu_aggregate_bas,2011,21.805
tur,sex_f,ocu_isco88_3,edu_aggregate_int,2000,32.69
tur,sex_f,ocu_isco88_3,edu_aggregate_int,2002,12.544
tur,sex_f,ocu_isco88_3,edu_aggregate_int,2003,12.973
tur,sex_f,ocu_isco88_3,edu_aggregate_int,2004,15.744
tur,sex_f,ocu_isco88_3,edu_aggregate_int,2005,18.959
tur,sex_f,ocu_isco88_3,edu_aggregate_int,2006,20.746
tur,sex_f,ocu_isco88_3,edu_aggregate_int,2007,22.406
tur,sex_f,ocu_isco88_3,edu_aggregate_int,2008,18.412
tur,sex_f,ocu_isco88_3,edu_aggregate_int,2009,25.091
tur,sex_f,ocu_isco88_3,edu_aggregate_int,2010,19.049
tur,sex_f,ocu_isco88_3,edu_aggregate_int,2011,18.145
tur,sex_f,ocu_isco88_3,edu_aggregate_ltb,2003,1.029
tur,sex_f,ocu_isco88_3,edu_aggregate_ltb,2005,2.75
tur,sex_f,ocu_isco88_3,edu_aggregate_ltb,2006,3.616
tur,sex_f,ocu_isco88_3,edu_aggregate_ltb,2007,3.252
tur,sex_f,ocu_isco88_3,edu_aggregate_ltb,2008,1.479
tur,sex_f,ocu_isco88_3,edu_aggregate_ltb,2009,1.837
tur,sex_f,ocu_isco88_3,edu_aggregate_ltb,2010,1.875
tur,sex_f,ocu_isco88_3,edu_aggregate_ltb,2011,2.028
tur,sex_f,ocu_isco88_3,edu_aggregate_total,2000,54.582
tur,sex_f,ocu_isco88_3,edu_aggregate_total,2002,30.856
tur,sex_f,ocu_isco88_3,edu_aggregate_total,2003,33.008
tur,sex_f,ocu_isco88_3,edu_aggregate_total,2004,38.176
tur,sex_f,ocu_isco88_3,edu_aggregate_total,2005,52.251
tur,sex_f,ocu_isco88_3,edu_aggregate_total,2006,55.589
tur,sex_f,ocu_isco88_3,edu_aggregate_total,2007,51.676
tur,sex_f,ocu_isco88_3,edu_aggregate_total,2008,42.042
tur,sex_f,ocu_isco88_3,edu_aggregate_total,2009,54.808
tur,sex_f,ocu_isco88_3,edu_aggregate_total,2010,46.327
tur,sex_f,ocu_isco88_3,edu_aggregate_total,2011,52.01
tur,sex_f,ocu_isco88_3,edu_aggregate_x,2000,2.935
tur,sex_f,ocu_isco88_3,edu_aggregate_x,2002,7.013
tur,sex_f,ocu_isco88_3,edu_aggregate_x,2003,6.213
tur,sex_f,ocu_isco88_4,edu_aggregate_adv,2004,8.769
tur,sex_f,ocu_isco88_4,edu_aggregate_adv,2005,12.436
tur,sex_f,ocu_isco88_4,edu_aggregate_adv,2006,12.182
tur,sex_f,ocu_isco88_4,edu_aggregate_adv,2007,11.082
tur,sex_f,ocu_isco88_4,edu_aggregate_adv,2008,9.873
tur,sex_f,ocu_isco88_4,edu_aggregate_adv,2009,16.288
tur,sex_f,ocu_isco88_4,edu_aggregate_adv,2010,12.445
tur,sex_f,ocu_isco88_4,edu_aggregate_adv,2011,17.65
tur,sex_f,ocu_isco88_4,edu_aggregate_bas,2000,62.044
tur,sex_f,ocu_isco88_4,edu_aggregate_bas,2002,22.655
tur,sex_f,ocu_isco88_4,edu_aggregate_bas,2003,16.406
tur,sex_f,ocu_isco88_4,edu_aggregate_bas,2004,25.48
tur,sex_f,ocu_isco88_4,edu_aggregate_bas,2005,26.198
tur,sex_f,ocu_isco88_4,edu_aggregate_bas,2006,28.796
tur,sex_f,ocu_isco88_4,edu_aggregate_bas,2007,26.693
tur,sex_f,ocu_isco88_4,edu_aggregate_bas,2008,25.783
tur,sex_f,ocu_isco88_4,edu_aggregate_bas,2009,28.786
tur,sex_f,ocu_isco88_4,edu_aggregate_bas,2010,32.626
tur,sex_f,ocu_isco88_4,edu_aggregate_bas,2011,35.113
tur,sex_f,ocu_isco88_4,edu_aggregate_int,2000,37.349
tur,sex_f,ocu_isco88_4,edu_aggregate_int,2002,42.976
tur,sex_f,ocu_isco88_4,edu_aggregate_int,2003,48.955
tur,sex_f,ocu_isco88_4,edu_aggregate_int,2004,47.387
tur,sex_f,ocu_isco88_4,edu_aggregate_int,2005,50.363
tur,sex_f,ocu_isco88_4,edu_aggregate_int,2006,50.154
tur,sex_f,ocu_isco88_4,edu_aggregate_int,2007,46.492
tur,sex_f,ocu_isco88_4,edu_aggregate_int,2008,40.971
tur,sex_f,ocu_isco88_4,edu_aggregate_int,2009,37.27
tur,sex_f,ocu_isco88_4,edu_aggregate_int,2010,39.745
tur,sex_f,ocu_isco88_4,edu_aggregate_int,2011,40.081
tur,sex_f,ocu_isco88_4,edu_aggregate_ltb,2000,10.649
tur,sex_f,ocu_isco88_4,edu_aggregate_ltb,2006,1.251
tur,sex_f,ocu_isco88_4,edu_aggregate_ltb,2007,1.3
tur,sex_f,ocu_isco88_4,edu_aggregate_ltb,2008,2.641
tur,sex_f,ocu_isco88_4,edu_aggregate_ltb,2009,2.338
tur,sex_f,ocu_isco88_4,edu_aggregate_ltb,2010,1.81
tur,sex_f,ocu_isco88_4,edu_aggregate_ltb,2011,1.386
tur,sex_f,ocu_isco88_4,edu_aggregate_total,2000,113.789
tur,sex_f,ocu_isco88_4,edu_aggregate_total,2002,70.546
tur,sex_f,ocu_isco88_4,edu_aggregate_total,2003,75.335
tur,sex_f,ocu_isco88_4,edu_aggregate_total,2004,81.685
tur,sex_f,ocu_isco88_4,edu_aggregate_total,2005,89.645
tur,sex_f,ocu_isco88_4,edu_aggregate_total,2006,92.384
tur,sex_f,ocu_isco88_4,edu_aggregate_total,2007,85.567
tur,sex_f,ocu_isco88_4,edu_aggregate_total,2008,79.267
tur,sex_f,ocu_isco88_4,edu_aggregate_total,2009,84.682
tur,sex_f,ocu_isco88_4,edu_aggregate_total,2010,86.628
tur,sex_f,ocu_isco88_4,edu_aggregate_total,2011,94.23
tur,sex_f,ocu_isco88_4,edu_aggregate_x,2000,3.747
tur,sex_f,ocu_isco88_4,edu_aggregate_x,2002,4.914
tur,sex_f,ocu_isco88_4,edu_aggregate_x,2003,9.331
tur,sex_f,ocu_isco88_5,edu_aggregate_adv,2004,8.451
tur,sex_f,ocu_isco88_5,edu_aggregate_adv,2005,11.345
tur,sex_f,ocu_isco88_5,edu_aggregate_adv,2006,10.263
tur,sex_f,ocu_isco88_5,edu_aggregate_adv,2007,8.714
tur,sex_f,ocu_isco88_5,edu_aggregate_adv,2008,11.235
tur,sex_f,ocu_isco88_5,edu_aggregate_adv,2009,10.972
tur,sex_f,ocu_isco88_5,edu_aggregate_adv,2010,13.169
tur,sex_f,ocu_isco88_5,edu_aggregate_adv,2011,14.666
tur,sex_f,ocu_isco88_5,edu_aggregate_bas,2000,94.768
tur,sex_f,ocu_isco88_5,edu_aggregate_bas,2002,135.515
tur,sex_f,ocu_isco88_5,edu_aggregate_bas,2003,137.149
tur,sex_f,ocu_isco88_5,edu_aggregate_bas,2004,147.194
tur,sex_f,ocu_isco88_5,edu_aggregate_bas,2005,165.168
tur,sex_f,ocu_isco88_5,edu_aggregate_bas,2006,183.967
tur,sex_f,ocu_isco88_5,edu_aggregate_bas,2007,192.086
tur,sex_f,ocu_isco88_5,edu_aggregate_bas,2008,189.871
tur,sex_f,ocu_isco88_5,edu_aggregate_bas,2009,218.325
tur,sex_f,ocu_isco88_5,edu_aggregate_bas,2010,225.442
tur,sex_f,ocu_isco88_5,edu_aggregate_bas,2011,265.366
tur,sex_f,ocu_isco88_5,edu_aggregate_int,2000,16.018
tur,sex_f,ocu_isco88_5,edu_aggregate_int,2002,51.118
tur,sex_f,ocu_isco88_5,edu_aggregate_int,2003,57.992
tur,sex_f,ocu_isco88_5,edu_aggregate_int,2004,64.39
tur,sex_f,ocu_isco88_5,edu_aggregate_int,2005,71.368
tur,sex_f,ocu_isco88_5,edu_aggregate_int,2006,88.341
tur,sex_f,ocu_isco88_5,edu_aggregate_int,2007,85.714
tur,sex_f,ocu_isco88_5,edu_aggregate_int,2008,81.072
tur,sex_f,ocu_isco88_5,edu_aggregate_int,2009,93.924
tur,sex_f,ocu_isco88_5,edu_aggregate_int,2010,83.564
tur,sex_f,ocu_isco88_5,edu_aggregate_int,2011,94.257
tur,sex_f,ocu_isco88_5,edu_aggregate_ltb,2000,28.298
tur,sex_f,ocu_isco88_5,edu_aggregate_ltb,2002,14.337
tur,sex_f,ocu_isco88_5,edu_aggregate_ltb,2003,14.607
tur,sex_f,ocu_isco88_5,edu_aggregate_ltb,2004,15.231
tur,sex_f,ocu_isco88_5,edu_aggregate_ltb,2005,20.271
tur,sex_f,ocu_isco88_5,edu_aggregate_ltb,2006,23.497
tur,sex_f,ocu_isco88_5,edu_aggregate_ltb,2007,27.718
tur,sex_f,ocu_isco88_5,edu_aggregate_ltb,2008,24.177
tur,sex_f,ocu_isco88_5,edu_aggregate_ltb,2009,29.695
tur,sex_f,ocu_isco88_5,edu_aggregate_ltb,2010,30.991
tur,sex_f,ocu_isco88_5,edu_aggregate_ltb,2011,48.898
tur,sex_f,ocu_isco88_5,edu_aggregate_total,2000,140.212
tur,sex_f,ocu_isco88_5,edu_aggregate_total,2002,206.131
tur,sex_f,ocu_isco88_5,edu_aggregate_total,2003,217.287
tur,sex_f,ocu_isco88_5,edu_aggregate_total,2004,235.266
tur,sex_f,ocu_isco88_5,edu_aggregate_total,2005,268.151
tur,sex_f,ocu_isco88_5,edu_aggregate_total,2006,306.068
tur,sex_f,ocu_isco88_5,edu_aggregate_total,2007,314.232
tur,sex_f,ocu_isco88_5,edu_aggregate_total,2008,306.355
tur,sex_f,ocu_isco88_5,edu_aggregate_total,2009,352.916
tur,sex_f,ocu_isco88_5,edu_aggregate_total,2010,353.167
tur,sex_f,ocu_isco88_5,edu_aggregate_total,2011,423.188
tur,sex_f,ocu_isco88_5,edu_aggregate_x,2000,1.127
tur,sex_f,ocu_isco88_5,edu_aggregate_x,2002,5.162
tur,sex_f,ocu_isco88_5,edu_aggregate_x,2003,7.54
tur,sex_f,ocu_isco88_6,edu_aggregate_adv,2004,3.151
tur,sex_f,ocu_isco88_6,edu_aggregate_adv,2005,4.019
tur,sex_f,ocu_isco88_6,edu_aggregate_adv,2006,4.653
tur,sex_f,ocu_isco88_6,edu_aggregate_adv,2007,3.486
tur,sex_f,ocu_isco88_6,edu_aggregate_adv,2008,4.238
tur,sex_f,ocu_isco88_6,edu_aggregate_adv,2009,5.889
tur,sex_f,ocu_isco88_6,edu_aggregate_adv,2010,7.072
tur,sex_f,ocu_isco88_6,edu_aggregate_adv,2011,8.312
tur,sex_f,ocu_isco88_6,edu_aggregate_bas,2000,2063.586
tur,sex_f,ocu_isco88_6,edu_aggregate_bas,2002,2037.413
tur,sex_f,ocu_isco88_6,edu_aggregate_bas,2003,2071.703
tur,sex_f,ocu_isco88_6,edu_aggregate_bas,2004,1280.861
tur,sex_f,ocu_isco88_6,edu_aggregate_bas,2005,1164.61
tur,sex_f,ocu_isco88_6,edu_aggregate_bas,2006,1044.098
tur,sex_f,ocu_isco88_6,edu_aggregate_bas,2007,1007.278
tur,sex_f,ocu_isco88_6,edu_aggregate_bas,2008,1008.193
tur,sex_f,ocu_isco88_6,edu_aggregate_bas,2009,1047.054
tur,sex_f,ocu_isco88_6,edu_aggregate_bas,2010,1189.28
tur,sex_f,ocu_isco88_6,edu_aggregate_bas,2011,1217.229
tur,sex_f,ocu_isco88_6,edu_aggregate_int,2000,48.863
tur,sex_f,ocu_isco88_6,edu_aggregate_int,2002,45.36
tur,sex_f,ocu_isco88_6,edu_aggregate_int,2003,58.76
tur,sex_f,ocu_isco88_6,edu_aggregate_int,2004,53.55
tur,sex_f,ocu_isco88_6,edu_aggregate_int,2005,56.295
tur,sex_f,ocu_isco88_6,edu_aggregate_int,2006,48.216
tur,sex_f,ocu_isco88_6,edu_aggregate_int,2007,50.739
tur,sex_f,ocu_isco88_6,edu_aggregate_int,2008,50.285
tur,sex_f,ocu_isco88_6,edu_aggregate_int,2009,47.099
tur,sex_f,ocu_isco88_6,edu_aggregate_int,2010,53.054
tur,sex_f,ocu_isco88_6,edu_aggregate_int,2011,54.754
tur,sex_f,ocu_isco88_6,edu_aggregate_ltb,2000,1371.886
tur,sex_f,ocu_isco88_6,edu_aggregate_ltb,2002,1187.061
tur,sex_f,ocu_isco88_6,edu_aggregate_ltb,2003,1116.502
tur,sex_f,ocu_isco88_6,edu_aggregate_ltb,2004,798.3
tur,sex_f,ocu_isco88_6,edu_aggregate_ltb,2005,769.18
tur,sex_f,ocu_isco88_6,edu_aggregate_ltb,2006,732.973
tur,sex_f,ocu_isco88_6,edu_aggregate_ltb,2007,715.588
tur,sex_f,ocu_isco88_6,edu_aggregate_ltb,2008,716.408
tur,sex_f,ocu_isco88_6,edu_aggregate_ltb,2009,740.204
tur,sex_f,ocu_isco88_6,edu_aggregate_ltb,2010,830.564
tur,sex_f,ocu_isco88_6,edu_aggregate_ltb,2011,864.042
tur,sex_f,ocu_isco88_6,edu_aggregate_total,2000,3486.177
tur,sex_f,ocu_isco88_6,edu_aggregate_total,2002,3272.458
tur,sex_f,ocu_isco88_6,edu_aggregate_total,2003,3250.805
tur,sex_f,ocu_isco88_6,edu_aggregate_total,2004,2135.861
tur,sex_f,ocu_isco88_6,edu_aggregate_total,2005,1994.103
tur,sex_f,ocu_isco88_6,edu_aggregate_total,2006,1829.939
tur,sex_f,ocu_isco88_6,edu_aggregate_total,2007,1777.092
tur,sex_f,ocu_isco88_6,edu_aggregate_total,2008,1779.125
tur,sex_f,ocu_isco88_6,edu_aggregate_total,2009,1840.245
tur,sex_f,ocu_isco88_6,edu_aggregate_total,2010,2079.969
tur,sex_f,ocu_isco88_6,edu_aggregate_total,2011,2144.337
tur,sex_f,ocu_isco88_6,edu_aggregate_x,2000,1.843
tur,sex_f,ocu_isco88_6,edu_aggregate_x,2002,2.623
tur,sex_f,ocu_isco88_6,edu_aggregate_x,2003,3.84
tur,sex_f,ocu_isco88_7,edu_aggregate_adv,2004,1.117
tur,sex_f,ocu_isco88_7,edu_aggregate_adv,2005,1.574
tur,sex_f,ocu_isco88_7,edu_aggregate_adv,2006,1.926
tur,sex_f,ocu_isco88_7,edu_aggregate_adv,2007,1.063
tur,sex_f,ocu_isco88_7,edu_aggregate_adv,2008,1.004
tur,sex_f,ocu_isco88_7,edu_aggregate_adv,2009,3.337
tur,sex_f,ocu_isco88_7,edu_aggregate_adv,2010,1.194
tur,sex_f,ocu_isco88_7,edu_aggregate_adv,2011,2.161
tur,sex_f,ocu_isco88_7,edu_aggregate_bas,2000,259.828
tur,sex_f,ocu_isco88_7,edu_aggregate_bas,2002,209.392
tur,sex_f,ocu_isco88_7,edu_aggregate_bas,2003,176.772
tur,sex_f,ocu_isco88_7,edu_aggregate_bas,2004,176.042
tur,sex_f,ocu_isco88_7,edu_aggregate_bas,2005,177.013
tur,sex_f,ocu_isco88_7,edu_aggregate_bas,2006,159.53
tur,sex_f,ocu_isco88_7,edu_aggregate_bas,2007,130.513
tur,sex_f,ocu_isco88_7,edu_aggregate_bas,2008,136.608
tur,sex_f,ocu_isco88_7,edu_aggregate_bas,2009,172.078
tur,sex_f,ocu_isco88_7,edu_aggregate_bas,2010,205.219
tur,sex_f,ocu_isco88_7,edu_aggregate_bas,2011,189.629
tur,sex_f,ocu_isco88_7,edu_aggregate_int,2000,24.612
tur,sex_f,ocu_isco88_7,edu_aggregate_int,2002,20.568
tur,sex_f,ocu_isco88_7,edu_aggregate_int,2003,20.567
tur,sex_f,ocu_isco88_7,edu_aggregate_int,2004,20.74
tur,sex_f,ocu_isco88_7,edu_aggregate_int,2005,23.62
tur,sex_f,ocu_isco88_7,edu_aggregate_int,2006,22.968
tur,sex_f,ocu_isco88_7,edu_aggregate_int,2007,25.968
tur,sex_f,ocu_isco88_7,edu_aggregate_int,2008,22.414
tur,sex_f,ocu_isco88_7,edu_aggregate_int,2009,27.148
tur,sex_f,ocu_isco88_7,edu_aggregate_int,2010,26.787
tur,sex_f,ocu_isco88_7,edu_aggregate_int,2011,24.345
tur,sex_f,ocu_isco88_7,edu_aggregate_ltb,2000,29.89
tur,sex_f,ocu_isco88_7,edu_aggregate_ltb,2002,26.029
tur,sex_f,ocu_isco88_7,edu_aggregate_ltb,2003,26.517
tur,sex_f,ocu_isco88_7,edu_aggregate_ltb,2004,31.366
tur,sex_f,ocu_isco88_7,edu_aggregate_ltb,2005,36.014
tur,sex_f,ocu_isco88_7,edu_aggregate_ltb,2006,46.751
tur,sex_f,ocu_isco88_7,edu_aggregate_ltb,2007,37.634
tur,sex_f,ocu_isco88_7,edu_aggregate_ltb,2008,35.406
tur,sex_f,ocu_isco88_7,edu_aggregate_ltb,2009,46.551
tur,sex_f,ocu_isco88_7,edu_aggregate_ltb,2010,49.486
tur,sex_f,ocu_isco88_7,edu_aggregate_ltb,2011,42.079
tur,sex_f,ocu_isco88_7,edu_aggregate_total,2000,316.32
tur,sex_f,ocu_isco88_7,edu_aggregate_total,2002,258.063
tur,sex_f,ocu_isco88_7,edu_aggregate_total,2003,225.152
tur,sex_f,ocu_isco88_7,edu_aggregate_total,2004,229.264
tur,sex_f,ocu_isco88_7,edu_aggregate_total,2005,238.22
tur,sex_f,ocu_isco88_7,edu_aggregate_total,2006,231.175
tur,sex_f,ocu_isco88_7,edu_aggregate_total,2007,195.177
tur,sex_f,ocu_isco88_7,edu_aggregate_total,2008,195.432
tur,sex_f,ocu_isco88_7,edu_aggregate_total,2009,249.114
tur,sex_f,ocu_isco88_7,edu_aggregate_total,2010,282.687
tur,sex_f,ocu_isco88_7,edu_aggregate_total,2011,258.214
tur,sex_f,ocu_isco88_7,edu_aggregate_x,2000,1.992
tur,sex_f,ocu_isco88_7,edu_aggregate_x,2002,2.073
tur,sex_f,ocu_isco88_7,edu_aggregate_x,2003,1.296
tur,sex_f,ocu_isco88_8,edu_aggregate_adv,2006,0.91
tur,sex_f,ocu_isco88_8,edu_aggregate_adv,2009,0.657
tur,sex_f,ocu_isco88_8,edu_aggregate_adv,2011,1.603
tur,sex_f,ocu_isco88_8,edu_aggregate_bas,2000,8.176
tur,sex_f,ocu_isco88_8,edu_aggregate_bas,2002,39.001
tur,sex_f,ocu_isco88_8,edu_aggregate_bas,2003,60.456
tur,sex_f,ocu_isco88_8,edu_aggregate_bas,2004,64.435
tur,sex_f,ocu_isco88_8,edu_aggregate_bas,2005,70.712
tur,sex_f,ocu_isco88_8,edu_aggregate_bas,2006,70.008
tur,sex_f,ocu_isco88_8,edu_aggregate_bas,2007,63.163
tur,sex_f,ocu_isco88_8,edu_aggregate_bas,2008,42.688
tur,sex_f,ocu_isco88_8,edu_aggregate_bas,2009,45.821
tur,sex_f,ocu_isco88_8,edu_aggregate_bas,2010,53.604
tur,sex_f,ocu_isco88_8,edu_aggregate_bas,2011,50.261
tur,sex_f,ocu_isco88_8,edu_aggregate_int,2002,5.02
tur,sex_f,ocu_isco88_8,edu_aggregate_int,2003,6.27
tur,sex_f,ocu_isco88_8,edu_aggregate_int,2004,4.81
tur,sex_f,ocu_isco88_8,edu_aggregate_int,2005,9.121
tur,sex_f,ocu_isco88_8,edu_aggregate_int,2006,8.521
tur,sex_f,ocu_isco88_8,edu_aggregate_int,2007,8.213
tur,sex_f,ocu_isco88_8,edu_aggregate_int,2008,8.707
tur,sex_f,ocu_isco88_8,edu_aggregate_int,2009,7.417
tur,sex_f,ocu_isco88_8,edu_aggregate_int,2010,5.746
tur,sex_f,ocu_isco88_8,edu_aggregate_int,2011,7.022
tur,sex_f,ocu_isco88_8,edu_aggregate_ltb,2000,3.2
tur,sex_f,ocu_isco88_8,edu_aggregate_ltb,2002,4.516
tur,sex_f,ocu_isco88_8,edu_aggregate_ltb,2003,4.027
tur,sex_f,ocu_isco88_8,edu_aggregate_ltb,2004,5.108
tur,sex_f,ocu_isco88_8,edu_aggregate_ltb,2005,15.698
tur,sex_f,ocu_isco88_8,edu_aggregate_ltb,2006,16.53
tur,sex_f,ocu_isco88_8,edu_aggregate_ltb,2007,22.985
tur,sex_f,ocu_isco88_8,edu_aggregate_ltb,2008,17.453
tur,sex_f,ocu_isco88_8,edu_aggregate_ltb,2009,13.406
tur,sex_f,ocu_isco88_8,edu_aggregate_ltb,2010,17.88
tur,sex_f,ocu_isco88_8,edu_aggregate_ltb,2011,18.548
tur,sex_f,ocu_isco88_8,edu_aggregate_total,2000,11.88
tur,sex_f,ocu_isco88_8,edu_aggregate_total,2002,48.977
tur,sex_f,ocu_isco88_8,edu_aggregate_total,2003,71.175
tur,sex_f,ocu_isco88_8,edu_aggregate_total,2004,74.598
tur,sex_f,ocu_isco88_8,edu_aggregate_total,2005,95.994
tur,sex_f,ocu_isco88_8,edu_aggregate_total,2006,95.969
tur,sex_f,ocu_isco88_8,edu_aggregate_total,2007,94.588
tur,sex_f,ocu_isco88_8,edu_aggregate_total,2008,68.941
tur,sex_f,ocu_isco88_8,edu_aggregate_total,2009,67.301
tur,sex_f,ocu_isco88_8,edu_aggregate_total,2010,77.529
tur,sex_f,ocu_isco88_8,edu_aggregate_total,2011,77.436
tur,sex_f,ocu_isco88_9,edu_aggregate_adv,2004,1.559
tur,sex_f,ocu_isco88_9,edu_aggregate_adv,2005,2.2
tur,sex_f,ocu_isco88_9,edu_aggregate_adv,2006,3.445
tur,sex_f,ocu_isco88_9,edu_aggregate_adv,2007,2.858
tur,sex_f,ocu_isco88_9,edu_aggregate_adv,2008,2.721
tur,sex_f,ocu_isco88_9,edu_aggregate_adv,2009,3.335
tur,sex_f,ocu_isco88_9,edu_aggregate_adv,2010,6.174
tur,sex_f,ocu_isco88_9,edu_aggregate_adv,2011,10.056
tur,sex_f,ocu_isco88_9,edu_aggregate_bas,2002,361.888
tur,sex_f,ocu_isco88_9,edu_aggregate_bas,2003,209.488
tur,sex_f,ocu_isco88_9,edu_aggregate_bas,2004,393.252
tur,sex_f,ocu_isco88_9,edu_aggregate_bas,2005,342.3
tur,sex_f,ocu_isco88_9,edu_aggregate_bas,2006,430.724
tur,sex_f,ocu_isco88_9,edu_aggregate_bas,2007,463.851
tur,sex_f,ocu_isco88_9,edu_aggregate_bas,2008,500.979
tur,sex_f,ocu_isco88_9,edu_aggregate_bas,2009,564.11
tur,sex_f,ocu_isco88_9,edu_aggregate_bas,2010,597.382
tur,sex_f,ocu_isco88_9,edu_aggregate_bas,2011,724.065
tur,sex_f,ocu_isco88_9,edu_aggregate_int,2002,16.46
tur,sex_f,ocu_isco88_9,edu_aggregate_int,2003,13.496
tur,sex_f,ocu_isco88_9,edu_aggregate_int,2004,20.579
tur,sex_f,ocu_isco88_9,edu_aggregate_int,2005,23.209
tur,sex_f,ocu_isco88_9,edu_aggregate_int,2006,27.689
tur,sex_f,ocu_isco88_9,edu_aggregate_int,2007,31.593
tur,sex_f,ocu_isco88_9,edu_aggregate_int,2008,37.244
tur,sex_f,ocu_isco88_9,edu_aggregate_int,2009,40.999
tur,sex_f,ocu_isco88_9,edu_aggregate_int,2010,47.808
tur,sex_f,ocu_isco88_9,edu_aggregate_int,2011,50.087
tur,sex_f,ocu_isco88_9,edu_aggregate_ltb,2002,153.446
tur,sex_f,ocu_isco88_9,edu_aggregate_ltb,2003,86.987
tur,sex_f,ocu_isco88_9,edu_aggregate_ltb,2004,172.008
tur,sex_f,ocu_isco88_9,edu_aggregate_ltb,2005,189.966
tur,sex_f,ocu_isco88_9,edu_aggregate_ltb,2006,206.736
tur,sex_f,ocu_isco88_9,edu_aggregate_ltb,2007,206.654
tur,sex_f,ocu_isco88_9,edu_aggregate_ltb,2008,232.758
tur,sex_f,ocu_isco88_9,edu_aggregate_ltb,2009,235.789
tur,sex_f,ocu_isco88_9,edu_aggregate_ltb,2010,254.167
tur,sex_f,ocu_isco88_9,edu_aggregate_ltb,2011,290.508
tur,sex_f,ocu_isco88_9,edu_aggregate_total,2002,533.152
tur,sex_f,ocu_isco88_9,edu_aggregate_total,2003,310.356
tur,sex_f,ocu_isco88_9,edu_aggregate_total,2004,587.398
tur,sex_f,ocu_isco88_9,edu_aggregate_total,2005,557.675
tur,sex_f,ocu_isco88_9,edu_aggregate_total,2006,668.593
tur,sex_f,ocu_isco88_9,edu_aggregate_total,2007,704.957
tur,sex_f,ocu_isco88_9,edu_aggregate_total,2008,773.702
tur,sex_f,ocu_isco88_9,edu_aggregate_total,2009,844.233
tur,sex_f,ocu_isco88_9,edu_aggregate_total,2010,905.531
tur,sex_f,ocu_isco88_9,edu_aggregate_total,2011,1074.716
tur,sex_f,ocu_isco88_9,edu_aggregate_x,2002,1.358
tur,sex_f,ocu_isco88_total,edu_aggregate_adv,2004,57.173
tur,sex_f,ocu_isco88_total,edu_aggregate_adv,2005,70.125
tur,sex_f,ocu_isco88_total,edu_aggregate_adv,2006,70.001
tur,sex_f,ocu_isco88_total,edu_aggregate_adv,2007,62.531
tur,sex_f,ocu_isco88_total,edu_aggregate_adv,2008,64.284
tur,sex_f,ocu_isco88_total,edu_aggregate_adv,2009,81.828
tur,sex_f,ocu_isco88_total,edu_aggregate_adv,2010,78.699
tur,sex_f,ocu_isco88_total,edu_aggregate_adv,2011,87.504
tur,sex_f,ocu_isco88_total,edu_aggregate_bas,2000,2517.261
tur,sex_f,ocu_isco88_total,edu_aggregate_bas,2002,2825.333
tur,sex_f,ocu_isco88_total,edu_aggregate_bas,2003,2696.991
tur,sex_f,ocu_isco88_total,edu_aggregate_bas,2004,2118.733
tur,sex_f,ocu_isco88_total,edu_aggregate_bas,2005,1993.975
tur,sex_f,ocu_isco88_total,edu_aggregate_bas,2006,1960.924
tur,sex_f,ocu_isco88_total,edu_aggregate_bas,2007,1918.718
tur,sex_f,ocu_isco88_total,edu_aggregate_bas,2008,1934.262
tur,sex_f,ocu_isco88_total,edu_aggregate_bas,2009,2107.456
tur,sex_f,ocu_isco88_total,edu_aggregate_bas,2010,2333.234
tur,sex_f,ocu_isco88_total,edu_aggregate_bas,2011,2517.969
tur,sex_f,ocu_isco88_total,edu_aggregate_int,2000,170.57
tur,sex_f,ocu_isco88_total,edu_aggregate_int,2002,206.364
tur,sex_f,ocu_isco88_total,edu_aggregate_int,2003,230.974
tur,sex_f,ocu_isco88_total,edu_aggregate_int,2004,243.645
tur,sex_f,ocu_isco88_total,edu_aggregate_int,2005,268.534
tur,sex_f,ocu_isco88_total,edu_aggregate_int,2006,282.97
tur,sex_f,ocu_isco88_total,edu_aggregate_int,2007,284.043
tur,sex_f,ocu_isco88_total,edu_aggregate_int,2008,272.093
tur,sex_f,ocu_isco88_total,edu_aggregate_int,2009,290.109
tur,sex_f,ocu_isco88_total,edu_aggregate_int,2010,286.344
tur,sex_f,ocu_isco88_total,edu_aggregate_int,2011,298.397
tur,sex_f,ocu_isco88_total,edu_aggregate_ltb,2000,1444.356
tur,sex_f,ocu_isco88_total,edu_aggregate_ltb,2002,1387.281
tur,sex_f,ocu_isco88_total,edu_aggregate_ltb,2003,1252.123
tur,sex_f,ocu_isco88_total,edu_aggregate_ltb,2004,1023.814
tur,sex_f,ocu_isco88_total,edu_aggregate_ltb,2005,1041.881
tur,sex_f,ocu_isco88_total,edu_aggregate_ltb,2006,1034.026
tur,sex_f,ocu_isco88_total,edu_aggregate_ltb,2007,1016.98
tur,sex_f,ocu_isco88_total,edu_aggregate_ltb,2008,1033.775
tur,sex_f,ocu_isco88_total,edu_aggregate_ltb,2009,1072.325
tur,sex_f,ocu_isco88_total,edu_aggregate_ltb,2010,1190.485
tur,sex_f,ocu_isco88_total,edu_aggregate_ltb,2011,1270.345
tur,sex_f,ocu_isco88_total,edu_aggregate_total,2000,4159.214
tur,sex_f,ocu_isco88_total,edu_aggregate_total,2002,4465.933
tur,sex_f,ocu_isco88_total,edu_aggregate_total,2003,4229.18
tur,sex_f,ocu_isco88_total,edu_aggregate_total,2004,3443.366
tur,sex_f,ocu_isco88_total,edu_aggregate_total,2005,3374.515
tur,sex_f,ocu_isco88_total,edu_aggregate_total,2006,3347.921
tur,sex_f,ocu_isco88_total,edu_aggregate_total,2007,3282.271
tur,sex_f,ocu_isco88_total,edu_aggregate_total,2008,3304.415
tur,sex_f,ocu_isco88_total,edu_aggregate_total,2009,3551.718
tur,sex_f,ocu_isco88_total,edu_aggregate_total,2010,3888.762
tur,sex_f,ocu_isco88_total,edu_aggregate_total,2011,4174.215
tur,sex_f,ocu_isco88_total,edu_aggregate_x,2000,27.026
tur,sex_f,ocu_isco88_total,edu_aggregate_x,2002,46.955
tur,sex_f,ocu_isco88_total,edu_aggregate_x,2003,49.091
tur,sex_f,ocu_skill_l1,edu_aggregate_adv,2004,1.559
tur,sex_f,ocu_skill_l1,edu_aggregate_adv,2005,2.2
tur,sex_f,ocu_skill_l1,edu_aggregate_adv,2006,3.445
tur,sex_f,ocu_skill_l1,edu_aggregate_adv,2007,2.858
tur,sex_f,ocu_skill_l1,edu_aggregate_adv,2008,2.721
tur,sex_f,ocu_skill_l1,edu_aggregate_adv,2009,3.335
tur,sex_f,ocu_skill_l1,edu_aggregate_adv,2010,6.174
tur,sex_f,ocu_skill_l1,edu_aggregate_adv,2011,10.056
tur,sex_f,ocu_skill_l1,edu_aggregate_adv,2012,6.396
tur,sex_f,ocu_skill_l1,edu_aggregate_adv,2013,8.152
tur,sex_f,ocu_skill_l1,edu_aggregate_adv,2014,8.799
tur,sex_f,ocu_skill_l1,edu_aggregate_adv,2015,11.94
tur,sex_f,ocu_skill_l1,edu_aggregate_adv,2016,14.545
tur,sex_f,ocu_skill_l1,edu_aggregate_adv,2017,18.779
tur,sex_f,ocu_skill_l1,edu_aggregate_adv,2018,19.548
tur,sex_f,ocu_skill_l1,edu_aggregate_adv,2019,18.271
tur,sex_f,ocu_skill_l1,edu_aggregate_adv,2020,20.612
tur,sex_f,ocu_skill_l1,edu_aggregate_adv,2021,28.726
tur,sex_f,ocu_skill_l1,edu_aggregate_adv,2022,25.093
tur,sex_f,ocu_skill_l1,edu_aggregate_adv,2023,28.451
tur,sex_f,ocu_skill_l1,edu_aggregate_bas,2002,361.888
tur,sex_f,ocu_skill_l1,edu_aggregate_bas,2003,209.488
tur,sex_f,ocu_skill_l1,edu_aggregate_bas,2004,393.252
tur,sex_f,ocu_skill_l1,edu_aggregate_bas,2005,342.3
tur,sex_f,ocu_skill_l1,edu_aggregate_bas,2006,430.724
tur,sex_f,ocu_skill_l1,edu_aggregate_bas,2007,463.851
tur,sex_f,ocu_skill_l1,edu_aggregate_bas,2008,500.979
tur,sex_f,ocu_skill_l1,edu_aggregate_bas,2009,564.11
tur,sex_f,ocu_skill_l1,edu_aggregate_bas,2010,597.382
tur,sex_f,ocu_skill_l1,edu_aggregate_bas,2011,724.065
tur,sex_f,ocu_skill_l1,edu_aggregate_bas,2012,720.494
tur,sex_f,ocu_skill_l1,edu_aggregate_bas,2013,756.53
tur,sex_f,ocu_skill_l1,edu_aggregate_bas,2014,752.701
tur,sex_f,ocu_skill_l1,edu_aggregate_bas,2015,780.748
tur,sex_f,ocu_skill_l1,edu_aggregate_bas,2016,778.281
tur,sex_f,ocu_skill_l1,edu_aggregate_bas,2017,824.644
tur,sex_f,ocu_skill_l1,edu_aggregate_bas,2018,795.666
tur,sex_f,ocu_skill_l1,edu_aggregate_bas,2019,725.476
tur,sex_f,ocu_skill_l1,edu_aggregate_bas,2020,599.136
tur,sex_f,ocu_skill_l1,edu_aggregate_bas,2021,716.409
tur,sex_f,ocu_skill_l1,edu_aggregate_bas,2022,739.966
tur,sex_f,ocu_skill_l1,edu_aggregate_bas,2023,692.905
tur,sex_f,ocu_skill_l1,edu_aggregate_int,2002,16.46
tur,sex_f,ocu_skill_l1,edu_aggregate_int,2003,13.496
tur,sex_f,ocu_skill_l1,edu_aggregate_int,2004,20.579
tur,sex_f,ocu_skill_l1,edu_aggregate_int,2005,23.209
tur,sex_f,ocu_skill_l1,edu_aggregate_int,2006,27.689
tur,sex_f,ocu_skill_l1,edu_aggregate_int,2007,31.593
tur,sex_f,ocu_skill_l1,edu_aggregate_int,2008,37.244
tur,sex_f,ocu_skill_l1,edu_aggregate_int,2009,40.999
tur,sex_f,ocu_skill_l1,edu_aggregate_int,2010,47.808
tur,sex_f,ocu_skill_l1,edu_aggregate_int,2011,50.087
tur,sex_f,ocu_skill_l1,edu_aggregate_int,2012,49.648
tur,sex_f,ocu_skill_l1,edu_aggregate_int,2013,50.321
tur,sex_f,ocu_skill_l1,edu_aggregate_int,2014,50.278
tur,sex_f,ocu_skill_l1,edu_aggregate_int,2015,60.915
tur,sex_f,ocu_skill_l1,edu_aggregate_int,2016,60.201
tur,sex_f,ocu_skill_l1,edu_aggregate_int,2017,72.607
tur,sex_f,ocu_skill_l1,edu_aggregate_int,2018,77.444
tur,sex_f,ocu_skill_l1,edu_aggregate_int,2019,73.993
tur,sex_f,ocu_skill_l1,edu_aggregate_int,2020,70.525
tur,sex_f,ocu_skill_l1,edu_aggregate_int,2021,94.786
tur,sex_f,ocu_skill_l1,edu_aggregate_int,2022,102.292
tur,sex_f,ocu_skill_l1,edu_aggregate_int,2023,113.592
tur,sex_f,ocu_skill_l1,edu_aggregate_ltb,2002,153.446
tur,sex_f,ocu_skill_l1,edu_aggregate_ltb,2003,86.987
tur,sex_f,ocu_skill_l1,edu_aggregate_ltb,2004,172.008
tur,sex_f,ocu_skill_l1,edu_aggregate_ltb,2005,189.966
tur,sex_f,ocu_skill_l1,edu_aggregate_ltb,2006,206.736
tur,sex_f,ocu_skill_l1,edu_aggregate_ltb,2007,206.654
tur,sex_f,ocu_skill_l1,edu_aggregate_ltb,2008,232.758
tur,sex_f,ocu_skill_l1,edu_aggregate_ltb,2009,235.789
tur,sex_f,ocu_skill_l1,edu_aggregate_ltb,2010,254.167
tur,sex_f,ocu_skill_l1,edu_aggregate_ltb,2011,290.508
tur,sex_f,ocu_skill_l1,edu_aggregate_ltb,2012,249.903
tur,sex_f,ocu_skill_l1,edu_aggregate_ltb,2013,256.029
tur,sex_f,ocu_skill_l1,edu_aggregate_ltb,2014,249.916
tur,sex_f,ocu_skill_l1,edu_aggregate_ltb,2015,258.628
tur,sex_f,ocu_skill_l1,edu_aggregate_ltb,2016,266.345
tur,sex_f,ocu_skill_l1,edu_aggregate_ltb,2017,274.698
tur,sex_f,ocu_skill_l1,edu_aggregate_ltb,2018,256.715
tur,sex_f,ocu_skill_l1,edu_aggregate_ltb,2019,226.321
tur,sex_f,ocu_skill_l1,edu_aggregate_ltb,2020,183.545
tur,sex_f,ocu_skill_l1,edu_aggregate_ltb,2021,189.764
tur,sex_f,ocu_skill_l1,edu_aggregate_ltb,2022,210.938
tur,sex_f,ocu_skill_l1,edu_aggregate_ltb,2023,184.454
tur,sex_f,ocu_skill_l1,edu_aggregate_total,2002,533.152
tur,sex_f,ocu_skill_l1,edu_aggregate_total,2003,310.356
tur,sex_f,ocu_skill_l1,edu_aggregate_total,2004,587.398
tur,sex_f,ocu_skill_l1,edu_aggregate_total,2005,557.675
tur,sex_f,ocu_skill_l1,edu_aggregate_total,2006,668.593
tur,sex_f,ocu_skill_l1,edu_aggregate_total,2007,704.957
tur,sex_f,ocu_skill_l1,edu_aggregate_total,2008,773.702
tur,sex_f,ocu_skill_l1,edu_aggregate_total,2009,844.233
tur,sex_f,ocu_skill_l1,edu_aggregate_total,2010,905.531
tur,sex_f,ocu_skill_l1,edu_aggregate_total,2011,1074.716
tur,sex_f,ocu_skill_l1,edu_aggregate_total,2012,1026.441
tur,sex_f,ocu_skill_l1,edu_aggregate_total,2013,1071.031
tur,sex_f,ocu_skill_l1,edu_aggregate_total,2014,1061.693
tur,sex_f,ocu_skill_l1,edu_aggregate_total,2015,1112.232
tur,sex_f,ocu_skill_l1,edu_aggregate_total,2016,1119.372
tur,sex_f,ocu_skill_l1,edu_aggregate_total,2017,1190.727
tur,sex_f,ocu_skill_l1,edu_aggregate_total,2018,1149.372
tur,sex_f,ocu_skill_l1,edu_aggregate_total,2019,1044.06
tur,sex_f,ocu_skill_l1,edu_aggregate_total,2020,873.819
tur,sex_f,ocu_skill_l1,edu_aggregate_total,2021,1029.685
tur,sex_f,ocu_skill_l1,edu_aggregate_total,2022,1078.289
tur,sex_f,ocu_skill_l1,edu_aggregate_total,2023,1019.402
tur,sex_f,ocu_skill_l1,edu_aggregate_x,2002,1.358
tur,sex_f,ocu_skill_l1,edu_isced11_0,2021,72.152
tur,sex_f,ocu_skill_l1,edu_isced11_0,2022,84.781
tur,sex_f,ocu_skill_l1,edu_isced11_0,2023,71.869
tur,sex_f,ocu_skill_l1,edu_isced11_1,2021,530.77
tur,sex_f,ocu_skill_l1,edu_isced11_1,2022,548.899
tur,sex_f,ocu_skill_l1,edu_isced11_1,2023,515.435
tur,sex_f,ocu_skill_l1,edu_isced11_2,2021,185.639
tur,sex_f,ocu_skill_l1,edu_isced11_2,2022,191.068
tur,sex_f,ocu_skill_l1,edu_isced11_2,2023,177.47
tur,sex_f,ocu_skill_l1,edu_isced11_3,2021,94.786
tur,sex_f,ocu_skill_l1,edu_isced11_3,2022,102.292
tur,sex_f,ocu_skill_l1,edu_isced11_3,2023,113.592
tur,sex_f,ocu_skill_l1,edu_isced11_6,2021,16.613
tur,sex_f,ocu_skill_l1,edu_isced11_6,2022,14.37
tur,sex_f,ocu_skill_l1,edu_isced11_6,2023,16.847
tur,sex_f,ocu_skill_l1,edu_isced11_7,2021,11.983
tur,sex_f,ocu_skill_l1,edu_isced11_7,2022,10.421
tur,sex_f,ocu_skill_l1,edu_isced11_7,2023,10.885
tur,sex_f,ocu_skill_l1,edu_isced11_8,2023,0.718
tur,sex_f,ocu_skill_l1,edu_isced11_total,2021,1029.685
tur,sex_f,ocu_skill_l1,edu_isced11_total,2022,1078.289
tur,sex_f,ocu_skill_l1,edu_isced11_total,2023,1019.402
tur,sex_f,ocu_skill_l1,edu_isced11_x,2021,117.611
tur,sex_f,ocu_skill_l1,edu_isced11_x,2022,126.156
tur,sex_f,ocu_skill_l1,edu_isced11_x,2023,112.585
tur,sex_f,ocu_skill_l2,edu_aggregate_adv,2004,21.732
tur,sex_f,ocu_skill_l2,edu_aggregate_adv,2005,29.836
tur,sex_f,ocu_skill_l2,edu_aggregate_adv,2006,29.934
tur,sex_f,ocu_skill_l2,edu_aggregate_adv,2007,24.571
tur,sex_f,ocu_skill_l2,edu_aggregate_adv,2008,26.442
tur,sex_f,ocu_skill_l2,edu_aggregate_adv,2009,37.142
tur,sex_f,ocu_skill_l2,edu_aggregate_adv,2010,34.18
tur,sex_f,ocu_skill_l2,edu_aggregate_adv,2011,44.392
tur,sex_f,ocu_skill_l2,edu_aggregate_adv,2012,43.196
tur,sex_f,ocu_skill_l2,edu_aggregate_adv,2013,46.943
tur,sex_f,ocu_skill_l2,edu_aggregate_adv,2014,50.824
tur,sex_f,ocu_skill_l2,edu_aggregate_adv,2015,53.69
tur,sex_f,ocu_skill_l2,edu_aggregate_adv,2016,59.525
tur,sex_f,ocu_skill_l2,edu_aggregate_adv,2017,82.301
tur,sex_f,ocu_skill_l2,edu_aggregate_adv,2018,87.374
tur,sex_f,ocu_skill_l2,edu_aggregate_adv,2019,100.35
tur,sex_f,ocu_skill_l2,edu_aggregate_adv,2020,97.518
tur,sex_f,ocu_skill_l2,edu_aggregate_adv,2021,110.599
tur,sex_f,ocu_skill_l2,edu_aggregate_adv,2022,116.986
tur,sex_f,ocu_skill_l2,edu_aggregate_adv,2023,118.624
tur,sex_f,ocu_skill_l2,edu_aggregate_bas,2000,2488.401
tur,sex_f,ocu_skill_l2,edu_aggregate_bas,2002,2443.977
tur,sex_f,ocu_skill_l2,edu_aggregate_bas,2003,2462.485
tur,sex_f,ocu_skill_l2,edu_aggregate_bas,2004,1694.012
tur,sex_f,ocu_skill_l2,edu_aggregate_bas,2005,1603.7
tur,sex_f,ocu_skill_l2,edu_aggregate_bas,2006,1486.398
tur,sex_f,ocu_skill_l2,edu_aggregate_bas,2007,1419.734
tur,sex_f,ocu_skill_l2,edu_aggregate_bas,2008,1403.144
tur,sex_f,ocu_skill_l2,edu_aggregate_bas,2009,1512.064
tur,sex_f,ocu_skill_l2,edu_aggregate_bas,2010,1706.171
tur,sex_f,ocu_skill_l2,edu_aggregate_bas,2011,1757.599
tur,sex_f,ocu_skill_l2,edu_aggregate_bas,2012,1762.989
tur,sex_f,ocu_skill_l2,edu_aggregate_bas,2013,1759.691
tur,sex_f,ocu_skill_l2,edu_aggregate_bas,2014,1620.448
tur,sex_f,ocu_skill_l2,edu_aggregate_bas,2015,1563.173
tur,sex_f,ocu_skill_l2,edu_aggregate_bas,2016,1566.388
tur,sex_f,ocu_skill_l2,edu_aggregate_bas,2017,1642.592
tur,sex_f,ocu_skill_l2,edu_aggregate_bas,2018,1615.695
tur,sex_f,ocu_skill_l2,edu_aggregate_bas,2019,1581.326
tur,sex_f,ocu_skill_l2,edu_aggregate_bas,2020,1308.445
tur,sex_f,ocu_skill_l2,edu_aggregate_bas,2021,1311.018
tur,sex_f,ocu_skill_l2,edu_aggregate_bas,2022,1356.429
tur,sex_f,ocu_skill_l2,edu_aggregate_bas,2023,1339.509
tur,sex_f,ocu_skill_l2,edu_aggregate_int,2000,127.345
tur,sex_f,ocu_skill_l2,edu_aggregate_int,2002,165.041
tur,sex_f,ocu_skill_l2,edu_aggregate_int,2003,192.543
tur,sex_f,ocu_skill_l2,edu_aggregate_int,2004,190.878
tur,sex_f,ocu_skill_l2,edu_aggregate_int,2005,210.767
tur,sex_f,ocu_skill_l2,edu_aggregate_int,2006,218.201
tur,sex_f,ocu_skill_l2,edu_aggregate_int,2007,217.124
tur,sex_f,ocu_skill_l2,edu_aggregate_int,2008,203.449
tur,sex_f,ocu_skill_l2,edu_aggregate_int,2009,212.857
tur,sex_f,ocu_skill_l2,edu_aggregate_int,2010,208.896
tur,sex_f,ocu_skill_l2,edu_aggregate_int,2011,220.46
tur,sex_f,ocu_skill_l2,edu_aggregate_int,2012,211.795
tur,sex_f,ocu_skill_l2,edu_aggregate_int,2013,229.668
tur,sex_f,ocu_skill_l2,edu_aggregate_int,2014,212.442
tur,sex_f,ocu_skill_l2,edu_aggregate_int,2015,225.293
tur,sex_f,ocu_skill_l2,edu_aggregate_int,2016,241.266
tur,sex_f,ocu_skill_l2,edu_aggregate_int,2017,257.625
tur,sex_f,ocu_skill_l2,edu_aggregate_int,2018,284.94
tur,sex_f,ocu_skill_l2,edu_aggregate_int,2019,293.096
tur,sex_f,ocu_skill_l2,edu_aggregate_int,2020,247.965
tur,sex_f,ocu_skill_l2,edu_aggregate_int,2021,263.847
tur,sex_f,ocu_skill_l2,edu_aggregate_int,2022,315.933
tur,sex_f,ocu_skill_l2,edu_aggregate_int,2023,329.959
tur,sex_f,ocu_skill_l2,edu_aggregate_ltb,2000,1443.923
tur,sex_f,ocu_skill_l2,edu_aggregate_ltb,2002,1231.943
tur,sex_f,ocu_skill_l2,edu_aggregate_ltb,2003,1162.296
tur,sex_f,ocu_skill_l2,edu_aggregate_ltb,2004,850.053
tur,sex_f,ocu_skill_l2,edu_aggregate_ltb,2005,841.811
tur,sex_f,ocu_skill_l2,edu_aggregate_ltb,2006,821.002
tur,sex_f,ocu_skill_l2,edu_aggregate_ltb,2007,805.226
tur,sex_f,ocu_skill_l2,edu_aggregate_ltb,2008,796.084
tur,sex_f,ocu_skill_l2,edu_aggregate_ltb,2009,832.194
tur,sex_f,ocu_skill_l2,edu_aggregate_ltb,2010,930.731
tur,sex_f,ocu_skill_l2,edu_aggregate_ltb,2011,974.953
tur,sex_f,ocu_skill_l2,edu_aggregate_ltb,2012,978.418
tur,sex_f,ocu_skill_l2,edu_aggregate_ltb,2013,946.617
tur,sex_f,ocu_skill_l2,edu_aggregate_ltb,2014,892.437
tur,sex_f,ocu_skill_l2,edu_aggregate_ltb,2015,865.051
tur,sex_f,ocu_skill_l2,edu_aggregate_ltb,2016,784.238
tur,sex_f,ocu_skill_l2,edu_aggregate_ltb,2017,801.868
tur,sex_f,ocu_skill_l2,edu_aggregate_ltb,2018,815.713
tur,sex_f,ocu_skill_l2,edu_aggregate_ltb,2019,760.341
tur,sex_f,ocu_skill_l2,edu_aggregate_ltb,2020,570.877
tur,sex_f,ocu_skill_l2,edu_aggregate_ltb,2021,561.542
tur,sex_f,ocu_skill_l2,edu_aggregate_ltb,2022,643.733
tur,sex_f,ocu_skill_l2,edu_aggregate_ltb,2023,636.565
tur,sex_f,ocu_skill_l2,edu_aggregate_total,2000,4068.378
tur,sex_f,ocu_skill_l2,edu_aggregate_total,2002,3856.174
tur,sex_f,ocu_skill_l2,edu_aggregate_total,2003,3839.754
tur,sex_f,ocu_skill_l2,edu_aggregate_total,2004,2756.674
tur,sex_f,ocu_skill_l2,edu_aggregate_total,2005,2686.114
tur,sex_f,ocu_skill_l2,edu_aggregate_total,2006,2555.535
tur,sex_f,ocu_skill_l2,edu_aggregate_total,2007,2466.655
tur,sex_f,ocu_skill_l2,edu_aggregate_total,2008,2429.119
tur,sex_f,ocu_skill_l2,edu_aggregate_total,2009,2594.257
tur,sex_f,ocu_skill_l2,edu_aggregate_total,2010,2879.979
tur,sex_f,ocu_skill_l2,edu_aggregate_total,2011,2997.405
tur,sex_f,ocu_skill_l2,edu_aggregate_total,2012,2996.398
tur,sex_f,ocu_skill_l2,edu_aggregate_total,2013,2982.918
tur,sex_f,ocu_skill_l2,edu_aggregate_total,2014,2776.151
tur,sex_f,ocu_skill_l2,edu_aggregate_total,2015,2707.207
tur,sex_f,ocu_skill_l2,edu_aggregate_total,2016,2651.416
tur,sex_f,ocu_skill_l2,edu_aggregate_total,2017,2784.386
tur,sex_f,ocu_skill_l2,edu_aggregate_total,2018,2803.723
tur,sex_f,ocu_skill_l2,edu_aggregate_total,2019,2735.113
tur,sex_f,ocu_skill_l2,edu_aggregate_total,2020,2224.806
tur,sex_f,ocu_skill_l2,edu_aggregate_total,2021,2247.007
tur,sex_f,ocu_skill_l2,edu_aggregate_total,2022,2433.08
tur,sex_f,ocu_skill_l2,edu_aggregate_total,2023,2424.657
tur,sex_f,ocu_skill_l2,edu_aggregate_x,2000,8.709
tur,sex_f,ocu_skill_l2,edu_aggregate_x,2002,15.213
tur,sex_f,ocu_skill_l2,edu_aggregate_x,2003,22.43
tur,sex_f,ocu_skill_l2,edu_isced11_0,2021,200.628
tur,sex_f,ocu_skill_l2,edu_isced11_0,2022,238.138
tur,sex_f,ocu_skill_l2,edu_isced11_0,2023,239.453
tur,sex_f,ocu_skill_l2,edu_isced11_1,2021,988.247
tur,sex_f,ocu_skill_l2,edu_isced11_1,2022,1015.199
tur,sex_f,ocu_skill_l2,edu_isced11_1,2023,1000.58
tur,sex_f,ocu_skill_l2,edu_isced11_2,2021,322.772
tur,sex_f,ocu_skill_l2,edu_isced11_2,2022,341.23
tur,sex_f,ocu_skill_l2,edu_isced11_2,2023,338.929
tur,sex_f,ocu_skill_l2,edu_isced11_3,2021,263.847
tur,sex_f,ocu_skill_l2,edu_isced11_3,2022,315.933
tur,sex_f,ocu_skill_l2,edu_isced11_3,2023,329.959
tur,sex_f,ocu_skill_l2,edu_isced11_6,2021,56.432
tur,sex_f,ocu_skill_l2,edu_isced11_6,2022,55.781
tur,sex_f,ocu_skill_l2,edu_isced11_6,2023,58.467
tur,sex_f,ocu_skill_l2,edu_isced11_7,2021,50.772
tur,sex_f,ocu_skill_l2,edu_isced11_7,2022,55.993
tur,sex_f,ocu_skill_l2,edu_isced11_7,2023,56.837
tur,sex_f,ocu_skill_l2,edu_isced11_8,2021,3.395
tur,sex_f,ocu_skill_l2,edu_isced11_8,2022,5.212
tur,sex_f,ocu_skill_l2,edu_isced11_8,2023,3.32
tur,sex_f,ocu_skill_l2,edu_isced11_total,2021,2247.007
tur,sex_f,ocu_skill_l2,edu_isced11_total,2022,2433.08
tur,sex_f,ocu_skill_l2,edu_isced11_total,2023,2424.657
tur,sex_f,ocu_skill_l2,edu_isced11_x,2021,360.914
tur,sex_f,ocu_skill_l2,edu_isced11_x,2022,405.595
tur,sex_f,ocu_skill_l2,edu_isced11_x,2023,397.112
tur,sex_f,ocu_skill_l3_4,edu_aggregate_adv,2004,33.882
tur,sex_f,ocu_skill_l3_4,edu_aggregate_adv,2005,38.089
tur,sex_f,ocu_skill_l3_4,edu_aggregate_adv,2006,36.622
tur,sex_f,ocu_skill_l3_4,edu_aggregate_adv,2007,35.102
tur,sex_f,ocu_skill_l3_4,edu_aggregate_adv,2008,35.122
tur,sex_f,ocu_skill_l3_4,edu_aggregate_adv,2009,41.351
tur,sex_f,ocu_skill_l3_4,edu_aggregate_adv,2010,38.344
tur,sex_f,ocu_skill_l3_4,edu_aggregate_adv,2011,33.056
tur,sex_f,ocu_skill_l3_4,edu_aggregate_adv,2012,34.65
tur,sex_f,ocu_skill_l3_4,edu_aggregate_adv,2013,24.068
tur,sex_f,ocu_skill_l3_4,edu_aggregate_adv,2014,29.542
tur,sex_f,ocu_skill_l3_4,edu_aggregate_adv,2015,33.114
tur,sex_f,ocu_skill_l3_4,edu_aggregate_adv,2016,36.84
tur,sex_f,ocu_skill_l3_4,edu_aggregate_adv,2017,44.71
tur,sex_f,ocu_skill_l3_4,edu_aggregate_adv,2018,53.045
tur,sex_f,ocu_skill_l3_4,edu_aggregate_adv,2019,59.114
tur,sex_f,ocu_skill_l3_4,edu_aggregate_adv,2020,72.506
tur,sex_f,ocu_skill_l3_4,edu_aggregate_adv,2021,63.338
tur,sex_f,ocu_skill_l3_4,edu_aggregate_adv,2022,59.283
tur,sex_f,ocu_skill_l3_4,edu_aggregate_adv,2023,78.319
tur,sex_f,ocu_skill_l3_4,edu_aggregate_bas,2000,28.861
tur,sex_f,ocu_skill_l3_4,edu_aggregate_bas,2002,19.469
tur,sex_f,ocu_skill_l3_4,edu_aggregate_bas,2003,25.018
tur,sex_f,ocu_skill_l3_4,edu_aggregate_bas,2004,31.469
tur,sex_f,ocu_skill_l3_4,edu_aggregate_bas,2005,47.975
tur,sex_f,ocu_skill_l3_4,edu_aggregate_bas,2006,43.802
tur,sex_f,ocu_skill_l3_4,edu_aggregate_bas,2007,35.133
tur,sex_f,ocu_skill_l3_4,edu_aggregate_bas,2008,30.139
tur,sex_f,ocu_skill_l3_4,edu_aggregate_bas,2009,31.282
tur,sex_f,ocu_skill_l3_4,edu_aggregate_bas,2010,29.681
tur,sex_f,ocu_skill_l3_4,edu_aggregate_bas,2011,36.304
tur,sex_f,ocu_skill_l3_4,edu_aggregate_bas,2012,22.472
tur,sex_f,ocu_skill_l3_4,edu_aggregate_bas,2013,12.375
tur,sex_f,ocu_skill_l3_4,edu_aggregate_bas,2014,17.207
tur,sex_f,ocu_skill_l3_4,edu_aggregate_bas,2015,16.431
tur,sex_f,ocu_skill_l3_4,edu_aggregate_bas,2016,20.541
tur,sex_f,ocu_skill_l3_4,edu_aggregate_bas,2017,18.169
tur,sex_f,ocu_skill_l3_4,edu_aggregate_bas,2018,22.465
tur,sex_f,ocu_skill_l3_4,edu_aggregate_bas,2019,18.082
tur,sex_f,ocu_skill_l3_4,edu_aggregate_bas,2020,12.313
tur,sex_f,ocu_skill_l3_4,edu_aggregate_bas,2021,8.154
tur,sex_f,ocu_skill_l3_4,edu_aggregate_bas,2022,11.04
tur,sex_f,ocu_skill_l3_4,edu_aggregate_bas,2023,14.252
tur,sex_f,ocu_skill_l3_4,edu_aggregate_int,2000,43.224
tur,sex_f,ocu_skill_l3_4,edu_aggregate_int,2002,24.863
tur,sex_f,ocu_skill_l3_4,edu_aggregate_int,2003,24.935
tur,sex_f,ocu_skill_l3_4,edu_aggregate_int,2004,32.189
tur,sex_f,ocu_skill_l3_4,edu_aggregate_int,2005,34.558
tur,sex_f,ocu_skill_l3_4,edu_aggregate_int,2006,37.08
tur,sex_f,ocu_skill_l3_4,edu_aggregate_int,2007,35.325
tur,sex_f,ocu_skill_l3_4,edu_aggregate_int,2008,31.4
tur,sex_f,ocu_skill_l3_4,edu_aggregate_int,2009,36.253
tur,sex_f,ocu_skill_l3_4,edu_aggregate_int,2010,29.639
tur,sex_f,ocu_skill_l3_4,edu_aggregate_int,2011,27.849
tur,sex_f,ocu_skill_l3_4,edu_aggregate_int,2012,22.201
tur,sex_f,ocu_skill_l3_4,edu_aggregate_int,2013,15.573
tur,sex_f,ocu_skill_l3_4,edu_aggregate_int,2014,18.446
tur,sex_f,ocu_skill_l3_4,edu_aggregate_int,2015,20.75
tur,sex_f,ocu_skill_l3_4,edu_aggregate_int,2016,18.754
tur,sex_f,ocu_skill_l3_4,edu_aggregate_int,2017,22.553
tur,sex_f,ocu_skill_l3_4,edu_aggregate_int,2018,23.788
tur,sex_f,ocu_skill_l3_4,edu_aggregate_int,2019,26.254
tur,sex_f,ocu_skill_l3_4,edu_aggregate_int,2020,22.65
tur,sex_f,ocu_skill_l3_4,edu_aggregate_int,2021,22.81
tur,sex_f,ocu_skill_l3_4,edu_aggregate_int,2022,25.878
tur,sex_f,ocu_skill_l3_4,edu_aggregate_int,2023,23.057
tur,sex_f,ocu_skill_l3_4,edu_aggregate_ltb,2002,1.891
tur,sex_f,ocu_skill_l3_4,edu_aggregate_ltb,2003,2.84
tur,sex_f,ocu_skill_l3_4,edu_aggregate_ltb,2004,1.754
tur,sex_f,ocu_skill_l3_4,edu_aggregate_ltb,2005,10.104
tur,sex_f,ocu_skill_l3_4,edu_aggregate_ltb,2006,6.288
tur,sex_f,ocu_skill_l3_4,edu_aggregate_ltb,2007,5.1
tur,sex_f,ocu_skill_l3_4,edu_aggregate_ltb,2008,4.933
tur,sex_f,ocu_skill_l3_4,edu_aggregate_ltb,2009,4.342
tur,sex_f,ocu_skill_l3_4,edu_aggregate_ltb,2010,5.587
tur,sex_f,ocu_skill_l3_4,edu_aggregate_ltb,2011,4.884
tur,sex_f,ocu_skill_l3_4,edu_aggregate_ltb,2012,1.425
tur,sex_f,ocu_skill_l3_4,edu_aggregate_ltb,2013,0.898
tur,sex_f,ocu_skill_l3_4,edu_aggregate_ltb,2014,0.984
tur,sex_f,ocu_skill_l3_4,edu_aggregate_ltb,2016,0.798
tur,sex_f,ocu_skill_l3_4,edu_aggregate_ltb,2017,1.1
tur,sex_f,ocu_skill_l3_4,edu_aggregate_ltb,2018,2.153
tur,sex_f,ocu_skill_l3_4,edu_aggregate_ltb,2019,2.734
tur,sex_f,ocu_skill_l3_4,edu_aggregate_ltb,2020,0.85
tur,sex_f,ocu_skill_l3_4,edu_aggregate_ltb,2021,0.794
tur,sex_f,ocu_skill_l3_4,edu_aggregate_ltb,2022,0.47
tur,sex_f,ocu_skill_l3_4,edu_aggregate_ltb,2023,1.118
tur,sex_f,ocu_skill_l3_4,edu_aggregate_total,2000,90.836
tur,sex_f,ocu_skill_l3_4,edu_aggregate_total,2002,76.607
tur,sex_f,ocu_skill_l3_4,edu_aggregate_total,2003,79.07
tur,sex_f,ocu_skill_l3_4,edu_aggregate_total,2004,99.294
tur,sex_f,ocu_skill_l3_4,edu_aggregate_total,2005,130.726
tur,sex_f,ocu_skill_l3_4,edu_aggregate_total,2006,123.792
tur,sex_f,ocu_skill_l3_4,edu_aggregate_total,2007,110.66
tur,sex_f,ocu_skill_l3_4,edu_aggregate_total,2008,101.594
tur,sex_f,ocu_skill_l3_4,edu_aggregate_total,2009,113.228
tur,sex_f,ocu_skill_l3_4,edu_aggregate_total,2010,103.251
tur,sex_f,ocu_skill_l3_4,edu_aggregate_total,2011,102.094
tur,sex_f,ocu_skill_l3_4,edu_aggregate_total,2012,80.749
tur,sex_f,ocu_skill_l3_4,edu_aggregate_total,2013,52.914
tur,sex_f,ocu_skill_l3_4,edu_aggregate_total,2014,66.179
tur,sex_f,ocu_skill_l3_4,edu_aggregate_total,2015,70.878
tur,sex_f,ocu_skill_l3_4,edu_aggregate_total,2016,76.933
tur,sex_f,ocu_skill_l3_4,edu_aggregate_total,2017,86.532
tur,sex_f,ocu_skill_l3_4,edu_aggregate_total,2018,101.451
tur,sex_f,ocu_skill_l3_4,edu_aggregate_total,2019,106.184
tur,sex_f,ocu_skill_l3_4,edu_aggregate_total,2020,108.32
tur,sex_f,ocu_skill_l3_4,edu_aggregate_total,2021,95.095
tur,sex_f,ocu_skill_l3_4,edu_aggregate_total,2022,96.672
tur,sex_f,ocu_skill_l3_4,edu_aggregate_total,2023,116.747
tur,sex_f,ocu_skill_l3_4,edu_aggregate_x,2000,18.317
tur,sex_f,ocu_skill_l3_4,edu_aggregate_x,2002,30.384
tur,sex_f,ocu_skill_l3_4,edu_aggregate_x,2003,26.277
tur,sex_f,ocu_skill_l3_4,edu_isced11_0,2022,0.47
tur,sex_f,ocu_skill_l3_4,edu_isced11_0,2023,0.844
tur,sex_f,ocu_skill_l3_4,edu_isced11_1,2021,2.7
tur,sex_f,ocu_skill_l3_4,edu_isced11_1,2022,6.494
tur,sex_f,ocu_skill_l3_4,edu_isced11_1,2023,7.077
tur,sex_f,ocu_skill_l3_4,edu_isced11_2,2021,5.454
tur,sex_f,ocu_skill_l3_4,edu_isced11_2,2022,4.547
tur,sex_f,ocu_skill_l3_4,edu_isced11_2,2023,7.174
tur,sex_f,ocu_skill_l3_4,edu_isced11_3,2021,22.81
tur,sex_f,ocu_skill_l3_4,edu_isced11_3,2022,25.878
tur,sex_f,ocu_skill_l3_4,edu_isced11_3,2023,23.057
tur,sex_f,ocu_skill_l3_4,edu_isced11_6,2021,12.553
tur,sex_f,ocu_skill_l3_4,edu_isced11_6,2022,11.807
tur,sex_f,ocu_skill_l3_4,edu_isced11_6,2023,11.109
tur,sex_f,ocu_skill_l3_4,edu_isced11_7,2021,42.423
tur,sex_f,ocu_skill_l3_4,edu_isced11_7,2022,39.422
tur,sex_f,ocu_skill_l3_4,edu_isced11_7,2023,51.858
tur,sex_f,ocu_skill_l3_4,edu_isced11_8,2021,8.362
tur,sex_f,ocu_skill_l3_4,edu_isced11_8,2022,8.054
tur,sex_f,ocu_skill_l3_4,edu_isced11_8,2023,15.352
tur,sex_f,ocu_skill_l3_4,edu_isced11_total,2021,95.095
tur,sex_f,ocu_skill_l3_4,edu_isced11_total,2022,96.672
tur,sex_f,ocu_skill_l3_4,edu_isced11_total,2023,116.747
tur,sex_f,ocu_skill_total,edu_aggregate_adv,2004,57.173
tur,sex_f,ocu_skill_total,edu_aggregate_adv,2005,70.125
tur,sex_f,ocu_skill_total,edu_aggregate_adv,2006,70.001
tur,sex_f,ocu_skill_total,edu_aggregate_adv,2007,62.531
tur,sex_f,ocu_skill_total,edu_aggregate_adv,2008,64.284
tur,sex_f,ocu_skill_total,edu_aggregate_adv,2009,81.828
tur,sex_f,ocu_skill_total,edu_aggregate_adv,2010,78.699
tur,sex_f,ocu_skill_total,edu_aggregate_adv,2011,87.504
tur,sex_f,ocu_skill_total,edu_aggregate_adv,2012,84.243
tur,sex_f,ocu_skill_total,edu_aggregate_adv,2013,79.163
tur,sex_f,ocu_skill_total,edu_aggregate_adv,2014,89.165
tur,sex_f,ocu_skill_total,edu_aggregate_adv,2015,98.744
tur,sex_f,ocu_skill_total,edu_aggregate_adv,2016,110.91
tur,sex_f,ocu_skill_total,edu_aggregate_adv,2017,145.79
tur,sex_f,ocu_skill_total,edu_aggregate_adv,2018,159.967
tur,sex_f,ocu_skill_total,edu_aggregate_adv,2019,177.734
tur,sex_f,ocu_skill_total,edu_aggregate_adv,2020,190.637
tur,sex_f,ocu_skill_total,edu_aggregate_adv,2021,202.663
tur,sex_f,ocu_skill_total,edu_aggregate_adv,2022,201.361
tur,sex_f,ocu_skill_total,edu_aggregate_adv,2023,225.394
tur,sex_f,ocu_skill_total,edu_aggregate_bas,2000,2517.261
tur,sex_f,ocu_skill_total,edu_aggregate_bas,2002,2825.333
tur,sex_f,ocu_skill_total,edu_aggregate_bas,2003,2696.991
tur,sex_f,ocu_skill_total,edu_aggregate_bas,2004,2118.733
tur,sex_f,ocu_skill_total,edu_aggregate_bas,2005,1993.975
tur,sex_f,ocu_skill_total,edu_aggregate_bas,2006,1960.924
tur,sex_f,ocu_skill_total,edu_aggregate_bas,2007,1918.718
tur,sex_f,ocu_skill_total,edu_aggregate_bas,2008,1934.262
tur,sex_f,ocu_skill_total,edu_aggregate_bas,2009,2107.456
tur,sex_f,ocu_skill_total,edu_aggregate_bas,2010,2333.234
tur,sex_f,ocu_skill_total,edu_aggregate_bas,2011,2517.969
tur,sex_f,ocu_skill_total,edu_aggregate_bas,2012,2505.955
tur,sex_f,ocu_skill_total,edu_aggregate_bas,2013,2528.595
tur,sex_f,ocu_skill_total,edu_aggregate_bas,2014,2390.356
tur,sex_f,ocu_skill_total,edu_aggregate_bas,2015,2360.352
tur,sex_f,ocu_skill_total,edu_aggregate_bas,2016,2365.21
tur,sex_f,ocu_skill_total,edu_aggregate_bas,2017,2485.404
tur,sex_f,ocu_skill_total,edu_aggregate_bas,2018,2433.827
tur,sex_f,ocu_skill_total,edu_aggregate_bas,2019,2324.884
tur,sex_f,ocu_skill_total,edu_aggregate_bas,2020,1919.895
tur,sex_f,ocu_skill_total,edu_aggregate_bas,2021,2035.581
tur,sex_f,ocu_skill_total,edu_aggregate_bas,2022,2107.436
tur,sex_f,ocu_skill_total,edu_aggregate_bas,2023,2046.666
tur,sex_f,ocu_skill_total,edu_aggregate_int,2000,170.57
tur,sex_f,ocu_skill_total,edu_aggregate_int,2002,206.364
tur,sex_f,ocu_skill_total,edu_aggregate_int,2003,230.974
tur,sex_f,ocu_skill_total,edu_aggregate_int,2004,243.645
tur,sex_f,ocu_skill_total,edu_aggregate_int,2005,268.534
tur,sex_f,ocu_skill_total,edu_aggregate_int,2006,282.97
tur,sex_f,ocu_skill_total,edu_aggregate_int,2007,284.043
tur,sex_f,ocu_skill_total,edu_aggregate_int,2008,272.093
tur,sex_f,ocu_skill_total,edu_aggregate_int,2009,290.109
tur,sex_f,ocu_skill_total,edu_aggregate_int,2010,286.344
tur,sex_f,ocu_skill_total,edu_aggregate_int,2011,298.397
tur,sex_f,ocu_skill_total,edu_aggregate_int,2012,283.643
tur,sex_f,ocu_skill_total,edu_aggregate_int,2013,295.562
tur,sex_f,ocu_skill_total,edu_aggregate_int,2014,281.165
tur,sex_f,ocu_skill_total,edu_aggregate_int,2015,306.958
tur,sex_f,ocu_skill_total,edu_aggregate_int,2016,320.22
tur,sex_f,ocu_skill_total,edu_aggregate_int,2017,352.784
tur,sex_f,ocu_skill_total,edu_aggregate_int,2018,386.171
tur,sex_f,ocu_skill_total,edu_aggregate_int,2019,393.344
tur,sex_f,ocu_skill_total,edu_aggregate_int,2020,341.141
tur,sex_f,ocu_skill_total,edu_aggregate_int,2021,381.442
tur,sex_f,ocu_skill_total,edu_aggregate_int,2022,444.103
tur,sex_f,ocu_skill_total,edu_aggregate_int,2023,466.608
tur,sex_f,ocu_skill_total,edu_aggregate_ltb,2000,1444.356
tur,sex_f,ocu_skill_total,edu_aggregate_ltb,2002,1387.281
tur,sex_f,ocu_skill_total,edu_aggregate_ltb,2003,1252.123
tur,sex_f,ocu_skill_total,edu_aggregate_ltb,2004,1023.814
tur,sex_f,ocu_skill_total,edu_aggregate_ltb,2005,1041.881
tur,sex_f,ocu_skill_total,edu_aggregate_ltb,2006,1034.026
tur,sex_f,ocu_skill_total,edu_aggregate_ltb,2007,1016.98
tur,sex_f,ocu_skill_total,edu_aggregate_ltb,2008,1033.775
tur,sex_f,ocu_skill_total,edu_aggregate_ltb,2009,1072.325
tur,sex_f,ocu_skill_total,edu_aggregate_ltb,2010,1190.485
tur,sex_f,ocu_skill_total,edu_aggregate_ltb,2011,1270.345
tur,sex_f,ocu_skill_total,edu_aggregate_ltb,2012,1229.746
tur,sex_f,ocu_skill_total,edu_aggregate_ltb,2013,1203.544
tur,sex_f,ocu_skill_total,edu_aggregate_ltb,2014,1143.337
tur,sex_f,ocu_skill_total,edu_aggregate_ltb,2015,1124.262
tur,sex_f,ocu_skill_total,edu_aggregate_ltb,2016,1051.381
tur,sex_f,ocu_skill_total,edu_aggregate_ltb,2017,1077.666
tur,sex_f,ocu_skill_total,edu_aggregate_ltb,2018,1074.581
tur,sex_f,ocu_skill_total,edu_aggregate_ltb,2019,989.395
tur,sex_f,ocu_skill_total,edu_aggregate_ltb,2020,755.272
tur,sex_f,ocu_skill_total,edu_aggregate_ltb,2021,752.1
tur,sex_f,ocu_skill_total,edu_aggregate_ltb,2022,855.141
tur,sex_f,ocu_skill_total,edu_aggregate_ltb,2023,822.137
tur,sex_f,ocu_skill_total,edu_aggregate_total,2000,4159.214
tur,sex_f,ocu_skill_total,edu_aggregate_total,2002,4465.933
tur,sex_f,ocu_skill_total,edu_aggregate_total,2003,4229.18
tur,sex_f,ocu_skill_total,edu_aggregate_total,2004,3443.366
tur,sex_f,ocu_skill_total,edu_aggregate_total,2005,3374.515
tur,sex_f,ocu_skill_total,edu_aggregate_total,2006,3347.921
tur,sex_f,ocu_skill_total,edu_aggregate_total,2007,3282.271
tur,sex_f,ocu_skill_total,edu_aggregate_total,2008,3304.415
tur,sex_f,ocu_skill_total,edu_aggregate_total,2009,3551.718
tur,sex_f,ocu_skill_total,edu_aggregate_total,2010,3888.762
tur,sex_f,ocu_skill_total,edu_aggregate_total,2011,4174.215
tur,sex_f,ocu_skill_total,edu_aggregate_total,2012,4103.587
tur,sex_f,ocu_skill_total,edu_aggregate_total,2013,4106.864
tur,sex_f,ocu_skill_total,edu_aggregate_total,2014,3904.024
tur,sex_f,ocu_skill_total,edu_aggregate_total,2015,3890.316
tur,sex_f,ocu_skill_total,edu_aggregate_total,2016,3847.722
tur,sex_f,ocu_skill_total,edu_aggregate_total,2017,4061.645
tur,sex_f,ocu_skill_total,edu_aggregate_total,2018,4054.546
tur,sex_f,ocu_skill_total,edu_aggregate_total,2019,3885.357
tur,sex_f,ocu_skill_total,edu_aggregate_total,2020,3206.944
tur,sex_f,ocu_skill_total,edu_aggregate_total,2021,3371.787
tur,sex_f,ocu_skill_total,edu_aggregate_total,2022,3608.041
tur,sex_f,ocu_skill_total,edu_aggregate_total,2023,3560.805
tur,sex_f,ocu_skill_total,edu_aggregate_x,2000,27.026
tur,sex_f,ocu_skill_total,edu_aggregate_x,2002,46.955
tur,sex_f,ocu_skill_total,edu_aggregate_x,2003,49.091
tur,sex_f,ocu_skill_total,edu_isced11_0,2021,273.082
tur,sex_f,ocu_skill_total,edu_isced11_0,2022,323.39
tur,sex_f,ocu_skill_total,edu_isced11_0,2023,312.166
tur,sex_f,ocu_skill_total,edu_isced11_1,2021,1521.716
tur,sex_f,ocu_skill_total,edu_isced11_1,2022,1570.591
tur,sex_f,ocu_skill_total,edu_isced11_1,2023,1523.093
tur,sex_f,ocu_skill_total,edu_isced11_2,2021,513.865
tur,sex_f,ocu_skill_total,edu_isced11_2,2022,536.845
tur,sex_f,ocu_skill_total,edu_isced11_2,2023,523.573
tur,sex_f,ocu_skill_total,edu_isced11_3,2021,381.442
tur,sex_f,ocu_skill_total,edu_isced11_3,2022,444.103
tur,sex_f,ocu_skill_total,edu_isced11_3,2023,466.608
tur,sex_f,ocu_skill_total,edu_isced11_6,2021,85.598
tur,sex_f,ocu_skill_total,edu_isced11_6,2022,81.958
tur,sex_f,ocu_skill_total,edu_isced11_6,2023,86.422
tur,sex_f,ocu_skill_total,edu_isced11_7,2021,105.177
tur,sex_f,ocu_skill_total,edu_isced11_7,2022,105.836
tur,sex_f,ocu_skill_total,edu_isced11_7,2023,119.581
tur,sex_f,ocu_skill_total,edu_isced11_8,2021,11.887
tur,sex_f,ocu_skill_total,edu_isced11_8,2022,13.568
tur,sex_f,ocu_skill_total,edu_isced11_8,2023,19.39
tur,sex_f,ocu_skill_total,edu_isced11_total,2021,3371.787
tur,sex_f,ocu_skill_total,edu_isced11_total,2022,3608.041
tur,sex_f,ocu_skill_total,edu_isced11_total,2023,3560.805
tur,sex_f,ocu_skill_total,edu_isced11_x,2021,479.018
tur,sex_f,ocu_skill_total,edu_isced11_x,2022,531.751
tur,sex_f,ocu_skill_total,edu_isced11_x,2023,509.971
tur,sex_m,ocu_isco08_1,edu_aggregate_adv,2012,27.389
tur,sex_m,ocu_isco08_1,edu_aggregate_adv,2013,16.111
tur,sex_m,ocu_isco08_1,edu_aggregate_adv,2014,16.974
tur,sex_m,ocu_isco08_1,edu_aggregate_adv,2015,17.674
tur,sex_m,ocu_isco08_1,edu_aggregate_adv,2016,21.665
tur,sex_m,ocu_isco08_1,edu_aggregate_adv,2017,26.526
tur,sex_m,ocu_isco08_1,edu_aggregate_adv,2018,28.073
tur,sex_m,ocu_isco08_1,edu_aggregate_adv,2019,43.655
tur,sex_m,ocu_isco08_1,edu_aggregate_adv,2020,50.95
tur,sex_m,ocu_isco08_1,edu_aggregate_adv,2021,31.239
tur,sex_m,ocu_isco08_1,edu_aggregate_adv,2022,21.571
tur,sex_m,ocu_isco08_1,edu_aggregate_adv,2023,28.966
tur,sex_m,ocu_isco08_1,edu_aggregate_bas,2012,117.632
tur,sex_m,ocu_isco08_1,edu_aggregate_bas,2013,72.523
tur,sex_m,ocu_isco08_1,edu_aggregate_bas,2014,93.32
tur,sex_m,ocu_isco08_1,edu_aggregate_bas,2015,87.576
tur,sex_m,ocu_isco08_1,edu_aggregate_bas,2016,86.948
tur,sex_m,ocu_isco08_1,edu_aggregate_bas,2017,86.302
tur,sex_m,ocu_isco08_1,edu_aggregate_bas,2018,105.324
tur,sex_m,ocu_isco08_1,edu_aggregate_bas,2019,124.449
tur,sex_m,ocu_isco08_1,edu_aggregate_bas,2020,105.738
tur,sex_m,ocu_isco08_1,edu_aggregate_bas,2021,80.648
tur,sex_m,ocu_isco08_1,edu_aggregate_bas,2022,63.995
tur,sex_m,ocu_isco08_1,edu_aggregate_bas,2023,70.421
tur,sex_m,ocu_isco08_1,edu_aggregate_int,2012,50.641
tur,sex_m,ocu_isco08_1,edu_aggregate_int,2013,28.872
tur,sex_m,ocu_isco08_1,edu_aggregate_int,2014,37.302
tur,sex_m,ocu_isco08_1,edu_aggregate_int,2015,31.087
tur,sex_m,ocu_isco08_1,edu_aggregate_int,2016,41.839
tur,sex_m,ocu_isco08_1,edu_aggregate_int,2017,38.807
tur,sex_m,ocu_isco08_1,edu_aggregate_int,2018,44.696
tur,sex_m,ocu_isco08_1,edu_aggregate_int,2019,58.567
tur,sex_m,ocu_isco08_1,edu_aggregate_int,2020,55.186
tur,sex_m,ocu_isco08_1,edu_aggregate_int,2021,42.27
tur,sex_m,ocu_isco08_1,edu_aggregate_int,2022,27.073
tur,sex_m,ocu_isco08_1,edu_aggregate_int,2023,32.869
tur,sex_m,ocu_isco08_1,edu_aggregate_ltb,2012,5.003
tur,sex_m,ocu_isco08_1,edu_aggregate_ltb,2013,3.739
tur,sex_m,ocu_isco08_1,edu_aggregate_ltb,2014,3.386
tur,sex_m,ocu_isco08_1,edu_aggregate_ltb,2015,4.446
tur,sex_m,ocu_isco08_1,edu_aggregate_ltb,2016,3.364
tur,sex_m,ocu_isco08_1,edu_aggregate_ltb,2017,2.738
tur,sex_m,ocu_isco08_1,edu_aggregate_ltb,2018,3.999
tur,sex_m,ocu_isco08_1,edu_aggregate_ltb,2019,5.232
tur,sex_m,ocu_isco08_1,edu_aggregate_ltb,2020,1.364
tur,sex_m,ocu_isco08_1,edu_aggregate_ltb,2021,1.773
tur,sex_m,ocu_isco08_1,edu_aggregate_ltb,2022,2.667
tur,sex_m,ocu_isco08_1,edu_aggregate_ltb,2023,1.422
tur,sex_m,ocu_isco08_1,edu_aggregate_total,2012,200.664
tur,sex_m,ocu_isco08_1,edu_aggregate_total,2013,121.244
tur,sex_m,ocu_isco08_1,edu_aggregate_total,2014,150.982
tur,sex_m,ocu_isco08_1,edu_aggregate_total,2015,140.783
tur,sex_m,ocu_isco08_1,edu_aggregate_total,2016,153.816
tur,sex_m,ocu_isco08_1,edu_aggregate_total,2017,154.373
tur,sex_m,ocu_isco08_1,edu_aggregate_total,2018,182.091
tur,sex_m,ocu_isco08_1,edu_aggregate_total,2019,231.904
tur,sex_m,ocu_isco08_1,edu_aggregate_total,2020,213.237
tur,sex_m,ocu_isco08_1,edu_aggregate_total,2021,155.929
tur,sex_m,ocu_isco08_1,edu_aggregate_total,2022,115.305
tur,sex_m,ocu_isco08_1,edu_aggregate_total,2023,133.678
tur,sex_m,ocu_isco08_1,edu_isced11_0,2021,1.203
tur,sex_m,ocu_isco08_1,edu_isced11_0,2022,1.534
tur,sex_m,ocu_isco08_1,edu_isced11_0,2023,0.926
tur,sex_m,ocu_isco08_1,edu_isced11_1,2021,57.791
tur,sex_m,ocu_isco08_1,edu_isced11_1,2022,46.312
tur,sex_m,ocu_isco08_1,edu_isced11_1,2023,45.529
tur,sex_m,ocu_isco08_1,edu_isced11_2,2021,22.857
tur,sex_m,ocu_isco08_1,edu_isced11_2,2022,17.684
tur,sex_m,ocu_isco08_1,edu_isced11_2,2023,24.892
tur,sex_m,ocu_isco08_1,edu_isced11_3,2021,42.27
tur,sex_m,ocu_isco08_1,edu_isced11_3,2022,27.073
tur,sex_m,ocu_isco08_1,edu_isced11_3,2023,32.869
tur,sex_m,ocu_isco08_1,edu_isced11_6,2021,6.834
tur,sex_m,ocu_isco08_1,edu_isced11_6,2022,5.158
tur,sex_m,ocu_isco08_1,edu_isced11_6,2023,7.999
tur,sex_m,ocu_isco08_1,edu_isced11_7,2021,21.474
tur,sex_m,ocu_isco08_1,edu_isced11_7,2022,14.026
tur,sex_m,ocu_isco08_1,edu_isced11_7,2023,18.834
tur,sex_m,ocu_isco08_1,edu_isced11_8,2021,2.931
tur,sex_m,ocu_isco08_1,edu_isced11_8,2022,2.387
tur,sex_m,ocu_isco08_1,edu_isced11_8,2023,2.133
tur,sex_m,ocu_isco08_1,edu_isced11_total,2021,155.929
tur,sex_m,ocu_isco08_1,edu_isced11_total,2022,115.305
tur,sex_m,ocu_isco08_1,edu_isced11_total,2023,133.678
tur,sex_m,ocu_isco08_1,edu_isced11_x,2021,0.569
tur,sex_m,ocu_isco08_1,edu_isced11_x,2022,1.132
tur,sex_m,ocu_isco08_1,edu_isced11_x,2023,0.495
tur,sex_m,ocu_isco08_2,edu_aggregate_adv,2012,35.476
tur,sex_m,ocu_isco08_2,edu_aggregate_adv,2013,30.322
tur,sex_m,ocu_isco08_2,edu_aggregate_adv,2014,36.021
tur,sex_m,ocu_isco08_2,edu_aggregate_adv,2015,39.614
tur,sex_m,ocu_isco08_2,edu_aggregate_adv,2016,47.663
tur,sex_m,ocu_isco08_2,edu_aggregate_adv,2017,53.493
tur,sex_m,ocu_isco08_2,edu_aggregate_adv,2018,61.345
tur,sex_m,ocu_isco08_2,edu_aggregate_adv,2019,86.153
tur,sex_m,ocu_isco08_2,edu_aggregate_adv,2020,90.686
tur,sex_m,ocu_isco08_2,edu_aggregate_adv,2021,54.997
tur,sex_m,ocu_isco08_2,edu_aggregate_adv,2022,64.165
tur,sex_m,ocu_isco08_2,edu_aggregate_adv,2023,67.297
tur,sex_m,ocu_isco08_2,edu_aggregate_bas,2012,10.604
tur,sex_m,ocu_isco08_2,edu_aggregate_bas,2013,10.462
tur,sex_m,ocu_isco08_2,edu_aggregate_bas,2014,11.915
tur,sex_m,ocu_isco08_2,edu_aggregate_bas,2015,10.826
tur,sex_m,ocu_isco08_2,edu_aggregate_bas,2016,9.703
tur,sex_m,ocu_isco08_2,edu_aggregate_bas,2017,8.781
tur,sex_m,ocu_isco08_2,edu_aggregate_bas,2018,14.932
tur,sex_m,ocu_isco08_2,edu_aggregate_bas,2019,14.164
tur,sex_m,ocu_isco08_2,edu_aggregate_bas,2020,5.821
tur,sex_m,ocu_isco08_2,edu_aggregate_bas,2021,6.489
tur,sex_m,ocu_isco08_2,edu_aggregate_bas,2022,8.904
tur,sex_m,ocu_isco08_2,edu_aggregate_bas,2023,10.693
tur,sex_m,ocu_isco08_2,edu_aggregate_int,2012,10.564
tur,sex_m,ocu_isco08_2,edu_aggregate_int,2013,8.731
tur,sex_m,ocu_isco08_2,edu_aggregate_int,2014,14.497
tur,sex_m,ocu_isco08_2,edu_aggregate_int,2015,10.384
tur,sex_m,ocu_isco08_2,edu_aggregate_int,2016,10.672
tur,sex_m,ocu_isco08_2,edu_aggregate_int,2017,11.982
tur,sex_m,ocu_isco08_2,edu_aggregate_int,2018,18.892
tur,sex_m,ocu_isco08_2,edu_aggregate_int,2019,24.037
tur,sex_m,ocu_isco08_2,edu_aggregate_int,2020,14.326
tur,sex_m,ocu_isco08_2,edu_aggregate_int,2021,14.789
tur,sex_m,ocu_isco08_2,edu_aggregate_int,2022,17.602
tur,sex_m,ocu_isco08_2,edu_aggregate_int,2023,19.179
tur,sex_m,ocu_isco08_2,edu_aggregate_ltb,2012,1.723
tur,sex_m,ocu_isco08_2,edu_aggregate_ltb,2013,1.575
tur,sex_m,ocu_isco08_2,edu_aggregate_ltb,2014,1.621
tur,sex_m,ocu_isco08_2,edu_aggregate_ltb,2015,1.143
tur,sex_m,ocu_isco08_2,edu_aggregate_ltb,2016,0.841
tur,sex_m,ocu_isco08_2,edu_aggregate_ltb,2018,2.163
tur,sex_m,ocu_isco08_2,edu_aggregate_ltb,2019,1.045
tur,sex_m,ocu_isco08_2,edu_aggregate_ltb,2022,1.655
tur,sex_m,ocu_isco08_2,edu_aggregate_ltb,2023,0.954
tur,sex_m,ocu_isco08_2,edu_aggregate_total,2012,58.367
tur,sex_m,ocu_isco08_2,edu_aggregate_total,2013,51.09
tur,sex_m,ocu_isco08_2,edu_aggregate_total,2014,64.054
tur,sex_m,ocu_isco08_2,edu_aggregate_total,2015,61.967
tur,sex_m,ocu_isco08_2,edu_aggregate_total,2016,68.878
tur,sex_m,ocu_isco08_2,edu_aggregate_total,2017,74.612
tur,sex_m,ocu_isco08_2,edu_aggregate_total,2018,97.332
tur,sex_m,ocu_isco08_2,edu_aggregate_total,2019,125.399
tur,sex_m,ocu_isco08_2,edu_aggregate_total,2020,111.306
tur,sex_m,ocu_isco08_2,edu_aggregate_total,2021,77.219
tur,sex_m,ocu_isco08_2,edu_aggregate_total,2022,92.326
tur,sex_m,ocu_isco08_2,edu_aggregate_total,2023,98.123
tur,sex_m,ocu_isco08_2,edu_isced11_0,2022,1.443
tur,sex_m,ocu_isco08_2,edu_isced11_0,2023,0.779
tur,sex_m,ocu_isco08_2,edu_isced11_1,2021,2.433
tur,sex_m,ocu_isco08_2,edu_isced11_1,2022,3.905
tur,sex_m,ocu_isco08_2,edu_isced11_1,2023,4.426
tur,sex_m,ocu_isco08_2,edu_isced11_2,2021,4.056
tur,sex_m,ocu_isco08_2,edu_isced11_2,2022,4.998
tur,sex_m,ocu_isco08_2,edu_isced11_2,2023,6.268
tur,sex_m,ocu_isco08_2,edu_isced11_3,2021,14.789
tur,sex_m,ocu_isco08_2,edu_isced11_3,2022,17.602
tur,sex_m,ocu_isco08_2,edu_isced11_3,2023,19.179
tur,sex_m,ocu_isco08_2,edu_isced11_6,2021,4.617
tur,sex_m,ocu_isco08_2,edu_isced11_6,2022,6.206
tur,sex_m,ocu_isco08_2,edu_isced11_6,2023,5.476
tur,sex_m,ocu_isco08_2,edu_isced11_7,2021,43.402
tur,sex_m,ocu_isco08_2,edu_isced11_7,2022,46.867
tur,sex_m,ocu_isco08_2,edu_isced11_7,2023,49.576
tur,sex_m,ocu_isco08_2,edu_isced11_8,2021,6.978
tur,sex_m,ocu_isco08_2,edu_isced11_8,2022,11.091
tur,sex_m,ocu_isco08_2,edu_isced11_8,2023,12.244
tur,sex_m,ocu_isco08_2,edu_isced11_total,2021,77.219
tur,sex_m,ocu_isco08_2,edu_isced11_total,2022,92.326
tur,sex_m,ocu_isco08_2,edu_isced11_total,2023,98.123
tur,sex_m,ocu_isco08_3,edu_aggregate_adv,2012,21.391
tur,sex_m,ocu_isco08_3,edu_aggregate_adv,2013,15.555
tur,sex_m,ocu_isco08_3,edu_aggregate_adv,2014,19.93
tur,sex_m,ocu_isco08_3,edu_aggregate_adv,2015,20.188
tur,sex_m,ocu_isco08_3,edu_aggregate_adv,2016,23.232
tur,sex_m,ocu_isco08_3,edu_aggregate_adv,2017,34.371
tur,sex_m,ocu_isco08_3,edu_aggregate_adv,2018,30.852
tur,sex_m,ocu_isco08_3,edu_aggregate_adv,2019,36.234
tur,sex_m,ocu_isco08_3,edu_aggregate_adv,2020,38.943
tur,sex_m,ocu_isco08_3,edu_aggregate_adv,2021,37.172
tur,sex_m,ocu_isco08_3,edu_aggregate_adv,2022,31.002
tur,sex_m,ocu_isco08_3,edu_aggregate_adv,2023,38.349
tur,sex_m,ocu_isco08_3,edu_aggregate_bas,2012,43.056
tur,sex_m,ocu_isco08_3,edu_aggregate_bas,2013,38.14
tur,sex_m,ocu_isco08_3,edu_aggregate_bas,2014,48.194
tur,sex_m,ocu_isco08_3,edu_aggregate_bas,2015,43.314
tur,sex_m,ocu_isco08_3,edu_aggregate_bas,2016,46.262
tur,sex_m,ocu_isco08_3,edu_aggregate_bas,2017,50.484
tur,sex_m,ocu_isco08_3,edu_aggregate_bas,2018,68.565
tur,sex_m,ocu_isco08_3,edu_aggregate_bas,2019,56.602
tur,sex_m,ocu_isco08_3,edu_aggregate_bas,2020,42.678
tur,sex_m,ocu_isco08_3,edu_aggregate_bas,2021,39.781
tur,sex_m,ocu_isco08_3,edu_aggregate_bas,2022,34.939
tur,sex_m,ocu_isco08_3,edu_aggregate_bas,2023,43.177
tur,sex_m,ocu_isco08_3,edu_aggregate_int,2012,35.541
tur,sex_m,ocu_isco08_3,edu_aggregate_int,2013,32.568
tur,sex_m,ocu_isco08_3,edu_aggregate_int,2014,40.897
tur,sex_m,ocu_isco08_3,edu_aggregate_int,2015,39.121
tur,sex_m,ocu_isco08_3,edu_aggregate_int,2016,41.582
tur,sex_m,ocu_isco08_3,edu_aggregate_int,2017,49.013
tur,sex_m,ocu_isco08_3,edu_aggregate_int,2018,52.397
tur,sex_m,ocu_isco08_3,edu_aggregate_int,2019,55.588
tur,sex_m,ocu_isco08_3,edu_aggregate_int,2020,48.227
tur,sex_m,ocu_isco08_3,edu_aggregate_int,2021,47.157
tur,sex_m,ocu_isco08_3,edu_aggregate_int,2022,50.199
tur,sex_m,ocu_isco08_3,edu_aggregate_int,2023,52.902
tur,sex_m,ocu_isco08_3,edu_aggregate_ltb,2012,1.3
tur,sex_m,ocu_isco08_3,edu_aggregate_ltb,2013,1.494
tur,sex_m,ocu_isco08_3,edu_aggregate_ltb,2014,1.793
tur,sex_m,ocu_isco08_3,edu_aggregate_ltb,2015,1.48
tur,sex_m,ocu_isco08_3,edu_aggregate_ltb,2018,1.669
tur,sex_m,ocu_isco08_3,edu_aggregate_ltb,2019,3.533
tur,sex_m,ocu_isco08_3,edu_aggregate_ltb,2021,2.17
tur,sex_m,ocu_isco08_3,edu_aggregate_ltb,2022,0.865
tur,sex_m,ocu_isco08_3,edu_aggregate_ltb,2023,1.59
tur,sex_m,ocu_isco08_3,edu_aggregate_total,2012,101.289
tur,sex_m,ocu_isco08_3,edu_aggregate_total,2013,87.757
tur,sex_m,ocu_isco08_3,edu_aggregate_total,2014,110.814
tur,sex_m,ocu_isco08_3,edu_aggregate_total,2015,104.104
tur,sex_m,ocu_isco08_3,edu_aggregate_total,2016,112.068
tur,sex_m,ocu_isco08_3,edu_aggregate_total,2017,134.603
tur,sex_m,ocu_isco08_3,edu_aggregate_total,2018,153.482
tur,sex_m,ocu_isco08_3,edu_aggregate_total,2019,151.958
tur,sex_m,ocu_isco08_3,edu_aggregate_total,2020,130.483
tur,sex_m,ocu_isco08_3,edu_aggregate_total,2021,126.28
tur,sex_m,ocu_isco08_3,edu_aggregate_total,2022,117.005
tur,sex_m,ocu_isco08_3,edu_aggregate_total,2023,136.018
tur,sex_m,ocu_isco08_3,edu_isced11_0,2021,1.829
tur,sex_m,ocu_isco08_3,edu_isced11_0,2022,0.865
tur,sex_m,ocu_isco08_3,edu_isced11_0,2023,1.481
tur,sex_m,ocu_isco08_3,edu_isced11_1,2021,17.927
tur,sex_m,ocu_isco08_3,edu_isced11_1,2022,16.828
tur,sex_m,ocu_isco08_3,edu_isced11_1,2023,23.617
tur,sex_m,ocu_isco08_3,edu_isced11_2,2021,21.854
tur,sex_m,ocu_isco08_3,edu_isced11_2,2022,18.111
tur,sex_m,ocu_isco08_3,edu_isced11_2,2023,19.561
tur,sex_m,ocu_isco08_3,edu_isced11_3,2021,47.157
tur,sex_m,ocu_isco08_3,edu_isced11_3,2022,50.199
tur,sex_m,ocu_isco08_3,edu_isced11_3,2023,52.902
tur,sex_m,ocu_isco08_3,edu_isced11_6,2021,11.998
tur,sex_m,ocu_isco08_3,edu_isced11_6,2022,8.831
tur,sex_m,ocu_isco08_3,edu_isced11_6,2023,12.007
tur,sex_m,ocu_isco08_3,edu_isced11_7,2021,22.516
tur,sex_m,ocu_isco08_3,edu_isced11_7,2022,19.188
tur,sex_m,ocu_isco08_3,edu_isced11_7,2023,24.746
tur,sex_m,ocu_isco08_3,edu_isced11_8,2021,2.658
tur,sex_m,ocu_isco08_3,edu_isced11_8,2022,2.982
tur,sex_m,ocu_isco08_3,edu_isced11_8,2023,1.596
tur,sex_m,ocu_isco08_3,edu_isced11_total,2021,126.28
tur,sex_m,ocu_isco08_3,edu_isced11_total,2022,117.005
tur,sex_m,ocu_isco08_3,edu_isced11_total,2023,136.018
tur,sex_m,ocu_isco08_4,edu_aggregate_adv,2012,15.114
tur,sex_m,ocu_isco08_4,edu_aggregate_adv,2013,12.171
tur,sex_m,ocu_isco08_4,edu_aggregate_adv,2014,9.729
tur,sex_m,ocu_isco08_4,edu_aggregate_adv,2015,9.471
tur,sex_m,ocu_isco08_4,edu_aggregate_adv,2016,11.506
tur,sex_m,ocu_isco08_4,edu_aggregate_adv,2017,12.945
tur,sex_m,ocu_isco08_4,edu_aggregate_adv,2018,18.605
tur,sex_m,ocu_isco08_4,edu_aggregate_adv,2019,14.086
tur,sex_m,ocu_isco08_4,edu_aggregate_adv,2020,12.948
tur,sex_m,ocu_isco08_4,edu_aggregate_adv,2021,12.486
tur,sex_m,ocu_isco08_4,edu_aggregate_adv,2022,10.036
tur,sex_m,ocu_isco08_4,edu_aggregate_adv,2023,10.646
tur,sex_m,ocu_isco08_4,edu_aggregate_bas,2012,21.382
tur,sex_m,ocu_isco08_4,edu_aggregate_bas,2013,23.478
tur,sex_m,ocu_isco08_4,edu_aggregate_bas,2014,31.098
tur,sex_m,ocu_isco08_4,edu_aggregate_bas,2015,26.053
tur,sex_m,ocu_isco08_4,edu_aggregate_bas,2016,38.373
tur,sex_m,ocu_isco08_4,edu_aggregate_bas,2017,38.961
tur,sex_m,ocu_isco08_4,edu_aggregate_bas,2018,37.067
tur,sex_m,ocu_isco08_4,edu_aggregate_bas,2019,37.902
tur,sex_m,ocu_isco08_4,edu_aggregate_bas,2020,17.648
tur,sex_m,ocu_isco08_4,edu_aggregate_bas,2021,16.411
tur,sex_m,ocu_isco08_4,edu_aggregate_bas,2022,14.443
tur,sex_m,ocu_isco08_4,edu_aggregate_bas,2023,18.681
tur,sex_m,ocu_isco08_4,edu_aggregate_int,2012,23.897
tur,sex_m,ocu_isco08_4,edu_aggregate_int,2013,21.89
tur,sex_m,ocu_isco08_4,edu_aggregate_int,2014,21.08
tur,sex_m,ocu_isco08_4,edu_aggregate_int,2015,23.191
tur,sex_m,ocu_isco08_4,edu_aggregate_int,2016,28.154
tur,sex_m,ocu_isco08_4,edu_aggregate_int,2017,30.748
tur,sex_m,ocu_isco08_4,edu_aggregate_int,2018,25.59
tur,sex_m,ocu_isco08_4,edu_aggregate_int,2019,33.002
tur,sex_m,ocu_isco08_4,edu_aggregate_int,2020,23.904
tur,sex_m,ocu_isco08_4,edu_aggregate_int,2021,19.422
tur,sex_m,ocu_isco08_4,edu_aggregate_int,2022,21.787
tur,sex_m,ocu_isco08_4,edu_aggregate_int,2023,26.337
tur,sex_m,ocu_isco08_4,edu_aggregate_ltb,2012,1.156
tur,sex_m,ocu_isco08_4,edu_aggregate_ltb,2013,0.727
tur,sex_m,ocu_isco08_4,edu_aggregate_ltb,2016,1.217
tur,sex_m,ocu_isco08_4,edu_aggregate_ltb,2017,1.236
tur,sex_m,ocu_isco08_4,edu_aggregate_ltb,2018,1.435
tur,sex_m,ocu_isco08_4,edu_aggregate_total,2012,61.549
tur,sex_m,ocu_isco08_4,edu_aggregate_total,2013,58.266
tur,sex_m,ocu_isco08_4,edu_aggregate_total,2014,62.286
tur,sex_m,ocu_isco08_4,edu_aggregate_total,2015,59.748
tur,sex_m,ocu_isco08_4,edu_aggregate_total,2016,79.25
tur,sex_m,ocu_isco08_4,edu_aggregate_total,2017,83.891
tur,sex_m,ocu_isco08_4,edu_aggregate_total,2018,82.696
tur,sex_m,ocu_isco08_4,edu_aggregate_total,2019,86.338
tur,sex_m,ocu_isco08_4,edu_aggregate_total,2020,55.897
tur,sex_m,ocu_isco08_4,edu_aggregate_total,2021,48.318
tur,sex_m,ocu_isco08_4,edu_aggregate_total,2022,46.849
tur,sex_m,ocu_isco08_4,edu_aggregate_total,2023,56.124
tur,sex_m,ocu_isco08_4,edu_isced11_1,2021,5.451
tur,sex_m,ocu_isco08_4,edu_isced11_1,2022,5.23
tur,sex_m,ocu_isco08_4,edu_isced11_1,2023,7.58
tur,sex_m,ocu_isco08_4,edu_isced11_2,2021,10.96
tur,sex_m,ocu_isco08_4,edu_isced11_2,2022,9.213
tur,sex_m,ocu_isco08_4,edu_isced11_2,2023,11.101
tur,sex_m,ocu_isco08_4,edu_isced11_3,2021,19.422
tur,sex_m,ocu_isco08_4,edu_isced11_3,2022,21.787
tur,sex_m,ocu_isco08_4,edu_isced11_3,2023,26.337
tur,sex_m,ocu_isco08_4,edu_isced11_6,2021,2.764
tur,sex_m,ocu_isco08_4,edu_isced11_6,2022,2.582
tur,sex_m,ocu_isco08_4,edu_isced11_6,2023,2.591
tur,sex_m,ocu_isco08_4,edu_isced11_7,2021,9.37
tur,sex_m,ocu_isco08_4,edu_isced11_7,2022,6.258
tur,sex_m,ocu_isco08_4,edu_isced11_7,2023,7.093
tur,sex_m,ocu_isco08_4,edu_isced11_8,2022,1.196
tur,sex_m,ocu_isco08_4,edu_isced11_total,2021,48.318
tur,sex_m,ocu_isco08_4,edu_isced11_total,2022,46.849
tur,sex_m,ocu_isco08_4,edu_isced11_total,2023,56.124
tur,sex_m,ocu_isco08_5,edu_aggregate_adv,2012,42.678
tur,sex_m,ocu_isco08_5,edu_aggregate_adv,2013,38.914
tur,sex_m,ocu_isco08_5,edu_aggregate_adv,2014,49.161
tur,sex_m,ocu_isco08_5,edu_aggregate_adv,2015,55.893
tur,sex_m,ocu_isco08_5,edu_aggregate_adv,2016,63.443
tur,sex_m,ocu_isco08_5,edu_aggregate_adv,2017,73.436
tur,sex_m,ocu_isco08_5,edu_aggregate_adv,2018,77.077
tur,sex_m,ocu_isco08_5,edu_aggregate_adv,2019,86.609
tur,sex_m,ocu_isco08_5,edu_aggregate_adv,2020,76.741
tur,sex_m,ocu_isco08_5,edu_aggregate_adv,2021,83.768
tur,sex_m,ocu_isco08_5,edu_aggregate_adv,2022,82.522
tur,sex_m,ocu_isco08_5,edu_aggregate_adv,2023,75.907
tur,sex_m,ocu_isco08_5,edu_aggregate_bas,2012,627.792
tur,sex_m,ocu_isco08_5,edu_aggregate_bas,2013,617.271
tur,sex_m,ocu_isco08_5,edu_aggregate_bas,2014,601.381
tur,sex_m,ocu_isco08_5,edu_aggregate_bas,2015,591.046
tur,sex_m,ocu_isco08_5,edu_aggregate_bas,2016,615.423
tur,sex_m,ocu_isco08_5,edu_aggregate_bas,2017,626.268
tur,sex_m,ocu_isco08_5,edu_aggregate_bas,2018,613.255
tur,sex_m,ocu_isco08_5,edu_aggregate_bas,2019,657.594
tur,sex_m,ocu_isco08_5,edu_aggregate_bas,2020,503.42
tur,sex_m,ocu_isco08_5,edu_aggregate_bas,2021,482.135
tur,sex_m,ocu_isco08_5,edu_aggregate_bas,2022,460.702
tur,sex_m,ocu_isco08_5,edu_aggregate_bas,2023,479.25
tur,sex_m,ocu_isco08_5,edu_aggregate_int,2012,186.34
tur,sex_m,ocu_isco08_5,edu_aggregate_int,2013,186.263
tur,sex_m,ocu_isco08_5,edu_aggregate_int,2014,184.859
tur,sex_m,ocu_isco08_5,edu_aggregate_int,2015,172.336
tur,sex_m,ocu_isco08_5,edu_aggregate_int,2016,185.266
tur,sex_m,ocu_isco08_5,edu_aggregate_int,2017,219.267
tur,sex_m,ocu_isco08_5,edu_aggregate_int,2018,219.281
tur,sex_m,ocu_isco08_5,edu_aggregate_int,2019,250.61
tur,sex_m,ocu_isco08_5,edu_aggregate_int,2020,198.757
tur,sex_m,ocu_isco08_5,edu_aggregate_int,2021,214.322
tur,sex_m,ocu_isco08_5,edu_aggregate_int,2022,229.905
tur,sex_m,ocu_isco08_5,edu_aggregate_int,2023,234.337
tur,sex_m,ocu_isco08_5,edu_aggregate_ltb,2012,75.548
tur,sex_m,ocu_isco08_5,edu_aggregate_ltb,2013,69.609
tur,sex_m,ocu_isco08_5,edu_aggregate_ltb,2014,68.928
tur,sex_m,ocu_isco08_5,edu_aggregate_ltb,2015,66.994
tur,sex_m,ocu_isco08_5,edu_aggregate_ltb,2016,66.216
tur,sex_m,ocu_isco08_5,edu_aggregate_ltb,2017,57.269
tur,sex_m,ocu_isco08_5,edu_aggregate_ltb,2018,53.452
tur,sex_m,ocu_isco08_5,edu_aggregate_ltb,2019,61.306
tur,sex_m,ocu_isco08_5,edu_aggregate_ltb,2020,37.214
tur,sex_m,ocu_isco08_5,edu_aggregate_ltb,2021,38.926
tur,sex_m,ocu_isco08_5,edu_aggregate_ltb,2022,44.717
tur,sex_m,ocu_isco08_5,edu_aggregate_ltb,2023,41.162
tur,sex_m,ocu_isco08_5,edu_aggregate_total,2012,932.359
tur,sex_m,ocu_isco08_5,edu_aggregate_total,2013,912.056
tur,sex_m,ocu_isco08_5,edu_aggregate_total,2014,904.329
tur,sex_m,ocu_isco08_5,edu_aggregate_total,2015,886.269
tur,sex_m,ocu_isco08_5,edu_aggregate_total,2016,930.348
tur,sex_m,ocu_isco08_5,edu_aggregate_total,2017,976.24
tur,sex_m,ocu_isco08_5,edu_aggregate_total,2018,963.065
tur,sex_m,ocu_isco08_5,edu_aggregate_total,2019,1056.119
tur,sex_m,ocu_isco08_5,edu_aggregate_total,2020,816.133
tur,sex_m,ocu_isco08_5,edu_aggregate_total,2021,819.151
tur,sex_m,ocu_isco08_5,edu_aggregate_total,2022,817.846
tur,sex_m,ocu_isco08_5,edu_aggregate_total,2023,830.656
tur,sex_m,ocu_isco08_5,edu_isced11_0,2021,22.908
tur,sex_m,ocu_isco08_5,edu_isced11_0,2022,27.535
tur,sex_m,ocu_isco08_5,edu_isced11_0,2023,25.685
tur,sex_m,ocu_isco08_5,edu_isced11_1,2021,242.164
tur,sex_m,ocu_isco08_5,edu_isced11_1,2022,237.781
tur,sex_m,ocu_isco08_5,edu_isced11_1,2023,238.821
tur,sex_m,ocu_isco08_5,edu_isced11_2,2021,239.971
tur,sex_m,ocu_isco08_5,edu_isced11_2,2022,222.921
tur,sex_m,ocu_isco08_5,edu_isced11_2,2023,240.429
tur,sex_m,ocu_isco08_5,edu_isced11_3,2021,214.322
tur,sex_m,ocu_isco08_5,edu_isced11_3,2022,229.905
tur,sex_m,ocu_isco08_5,edu_isced11_3,2023,234.337
tur,sex_m,ocu_isco08_5,edu_isced11_6,2021,32.95
tur,sex_m,ocu_isco08_5,edu_isced11_6,2022,30.954
tur,sex_m,ocu_isco08_5,edu_isced11_6,2023,36.449
tur,sex_m,ocu_isco08_5,edu_isced11_7,2021,48.146
tur,sex_m,ocu_isco08_5,edu_isced11_7,2022,48.166
tur,sex_m,ocu_isco08_5,edu_isced11_7,2023,36.816
tur,sex_m,ocu_isco08_5,edu_isced11_8,2021,2.672
tur,sex_m,ocu_isco08_5,edu_isced11_8,2022,3.402
tur,sex_m,ocu_isco08_5,edu_isced11_8,2023,2.643
tur,sex_m,ocu_isco08_5,edu_isced11_total,2021,819.151
tur,sex_m,ocu_isco08_5,edu_isced11_total,2022,817.846
tur,sex_m,ocu_isco08_5,edu_isced11_total,2023,830.656
tur,sex_m,ocu_isco08_5,edu_isced11_x,2021,16.018
tur,sex_m,ocu_isco08_5,edu_isced11_x,2022,17.182
tur,sex_m,ocu_isco08_5,edu_isced11_x,2023,15.477
tur,sex_m,ocu_isco08_6,edu_aggregate_adv,2012,39.238
tur,sex_m,ocu_isco08_6,edu_aggregate_adv,2013,38.233
tur,sex_m,ocu_isco08_6,edu_aggregate_adv,2014,43.18
tur,sex_m,ocu_isco08_6,edu_aggregate_adv,2015,47.306
tur,sex_m,ocu_isco08_6,edu_aggregate_adv,2016,54.334
tur,sex_m,ocu_isco08_6,edu_aggregate_adv,2017,63.702
tur,sex_m,ocu_isco08_6,edu_aggregate_adv,2018,65.427
tur,sex_m,ocu_isco08_6,edu_aggregate_adv,2019,80.201
tur,sex_m,ocu_isco08_6,edu_aggregate_adv,2020,93.278
tur,sex_m,ocu_isco08_6,edu_aggregate_adv,2021,96.369
tur,sex_m,ocu_isco08_6,edu_aggregate_adv,2022,82.811
tur,sex_m,ocu_isco08_6,edu_aggregate_adv,2023,88.116
tur,sex_m,ocu_isco08_6,edu_aggregate_bas,2012,1496.31
tur,sex_m,ocu_isco08_6,edu_aggregate_bas,2013,1500.74
tur,sex_m,ocu_isco08_6,edu_aggregate_bas,2014,1352.063
tur,sex_m,ocu_isco08_6,edu_aggregate_bas,2015,1354.471
tur,sex_m,ocu_isco08_6,edu_aggregate_bas,2016,1348.203
tur,sex_m,ocu_isco08_6,edu_aggregate_bas,2017,1425.747
tur,sex_m,ocu_isco08_6,edu_aggregate_bas,2018,1484.041
tur,sex_m,ocu_isco08_6,edu_aggregate_bas,2019,1471.261
tur,sex_m,ocu_isco08_6,edu_aggregate_bas,2020,1341.595
tur,sex_m,ocu_isco08_6,edu_aggregate_bas,2021,1343.72
tur,sex_m,ocu_isco08_6,edu_aggregate_bas,2022,1230.958
tur,sex_m,ocu_isco08_6,edu_aggregate_bas,2023,1220.988
tur,sex_m,ocu_isco08_6,edu_aggregate_int,2012,164.921
tur,sex_m,ocu_isco08_6,edu_aggregate_int,2013,172.875
tur,sex_m,ocu_isco08_6,edu_aggregate_int,2014,160.325
tur,sex_m,ocu_isco08_6,edu_aggregate_int,2015,153.972
tur,sex_m,ocu_isco08_6,edu_aggregate_int,2016,168.682
tur,sex_m,ocu_isco08_6,edu_aggregate_int,2017,183.115
tur,sex_m,ocu_isco08_6,edu_aggregate_int,2018,206.617
tur,sex_m,ocu_isco08_6,edu_aggregate_int,2019,209.281
tur,sex_m,ocu_isco08_6,edu_aggregate_int,2020,240.2
tur,sex_m,ocu_isco08_6,edu_aggregate_int,2021,251.692
tur,sex_m,ocu_isco08_6,edu_aggregate_int,2022,235.249
tur,sex_m,ocu_isco08_6,edu_aggregate_int,2023,241.461
tur,sex_m,ocu_isco08_6,edu_aggregate_ltb,2012,352.32
tur,sex_m,ocu_isco08_6,edu_aggregate_ltb,2013,318.014
tur,sex_m,ocu_isco08_6,edu_aggregate_ltb,2014,301.91
tur,sex_m,ocu_isco08_6,edu_aggregate_ltb,2015,241.564
tur,sex_m,ocu_isco08_6,edu_aggregate_ltb,2016,217.592
tur,sex_m,ocu_isco08_6,edu_aggregate_ltb,2017,216.593
tur,sex_m,ocu_isco08_6,edu_aggregate_ltb,2018,211.624
tur,sex_m,ocu_isco08_6,edu_aggregate_ltb,2019,201.44
tur,sex_m,ocu_isco08_6,edu_aggregate_ltb,2020,155.476
tur,sex_m,ocu_isco08_6,edu_aggregate_ltb,2021,166.794
tur,sex_m,ocu_isco08_6,edu_aggregate_ltb,2022,145.455
tur,sex_m,ocu_isco08_6,edu_aggregate_ltb,2023,131.672
tur,sex_m,ocu_isco08_6,edu_aggregate_total,2012,2052.789
tur,sex_m,ocu_isco08_6,edu_aggregate_total,2013,2029.862
tur,sex_m,ocu_isco08_6,edu_aggregate_total,2014,1857.478
tur,sex_m,ocu_isco08_6,edu_aggregate_total,2015,1797.312
tur,sex_m,ocu_isco08_6,edu_aggregate_total,2016,1788.811
tur,sex_m,ocu_isco08_6,edu_aggregate_total,2017,1889.158
tur,sex_m,ocu_isco08_6,edu_aggregate_total,2018,1967.709
tur,sex_m,ocu_isco08_6,edu_aggregate_total,2019,1962.182
tur,sex_m,ocu_isco08_6,edu_aggregate_total,2020,1830.549
tur,sex_m,ocu_isco08_6,edu_aggregate_total,2021,1858.575
tur,sex_m,ocu_isco08_6,edu_aggregate_total,2022,1694.474
tur,sex_m,ocu_isco08_6,edu_aggregate_total,2023,1682.237
tur,sex_m,ocu_isco08_6,edu_isced11_0,2021,100.991
tur,sex_m,ocu_isco08_6,edu_isced11_0,2022,83.083
tur,sex_m,ocu_isco08_6,edu_isced11_0,2023,71.394
tur,sex_m,ocu_isco08_6,edu_isced11_1,2021,969.168
tur,sex_m,ocu_isco08_6,edu_isced11_1,2022,885.998
tur,sex_m,ocu_isco08_6,edu_isced11_1,2023,896.019
tur,sex_m,ocu_isco08_6,edu_isced11_2,2021,374.552
tur,sex_m,ocu_isco08_6,edu_isced11_2,2022,344.959
tur,sex_m,ocu_isco08_6,edu_isced11_2,2023,324.968
tur,sex_m,ocu_isco08_6,edu_isced11_3,2021,251.692
tur,sex_m,ocu_isco08_6,edu_isced11_3,2022,235.249
tur,sex_m,ocu_isco08_6,edu_isced11_3,2023,241.461
tur,sex_m,ocu_isco08_6,edu_isced11_6,2021,50.129
tur,sex_m,ocu_isco08_6,edu_isced11_6,2022,40.387
tur,sex_m,ocu_isco08_6,edu_isced11_6,2023,44.103
tur,sex_m,ocu_isco08_6,edu_isced11_7,2021,43.071
tur,sex_m,ocu_isco08_6,edu_isced11_7,2022,39.817
tur,sex_m,ocu_isco08_6,edu_isced11_7,2023,40.662
tur,sex_m,ocu_isco08_6,edu_isced11_8,2021,3.169
tur,sex_m,ocu_isco08_6,edu_isced11_8,2022,2.608
tur,sex_m,ocu_isco08_6,edu_isced11_8,2023,3.352
tur,sex_m,ocu_isco08_6,edu_isced11_total,2021,1858.575
tur,sex_m,ocu_isco08_6,edu_isced11_total,2022,1694.474
tur,sex_m,ocu_isco08_6,edu_isced11_total,2023,1682.237
tur,sex_m,ocu_isco08_6,edu_isced11_x,2021,65.803
tur,sex_m,ocu_isco08_6,edu_isced11_x,2022,62.372
tur,sex_m,ocu_isco08_6,edu_isced11_x,2023,60.278
tur,sex_m,ocu_isco08_7,edu_aggregate_adv,2012,18.079
tur,sex_m,ocu_isco08_7,edu_aggregate_adv,2013,14.356
tur,sex_m,ocu_isco08_7,edu_aggregate_adv,2014,21.524
tur,sex_m,ocu_isco08_7,edu_aggregate_adv,2015,20.955
tur,sex_m,ocu_isco08_7,edu_aggregate_adv,2016,22.843
tur,sex_m,ocu_isco08_7,edu_aggregate_adv,2017,26.254
tur,sex_m,ocu_isco08_7,edu_aggregate_adv,2018,32.451
tur,sex_m,ocu_isco08_7,edu_aggregate_adv,2019,32.685
tur,sex_m,ocu_isco08_7,edu_aggregate_adv,2020,34.259
tur,sex_m,ocu_isco08_7,edu_aggregate_adv,2021,37.178
tur,sex_m,ocu_isco08_7,edu_aggregate_adv,2022,33.368
tur,sex_m,ocu_isco08_7,edu_aggregate_adv,2023,32.971
tur,sex_m,ocu_isco08_7,edu_aggregate_bas,2012,733.402
tur,sex_m,ocu_isco08_7,edu_aggregate_bas,2013,689.768
tur,sex_m,ocu_isco08_7,edu_aggregate_bas,2014,707.282
tur,sex_m,ocu_isco08_7,edu_aggregate_bas,2015,694.864
tur,sex_m,ocu_isco08_7,edu_aggregate_bas,2016,708.273
tur,sex_m,ocu_isco08_7,edu_aggregate_bas,2017,713.245
tur,sex_m,ocu_isco08_7,edu_aggregate_bas,2018,722.68
tur,sex_m,ocu_isco08_7,edu_aggregate_bas,2019,698.729
tur,sex_m,ocu_isco08_7,edu_aggregate_bas,2020,584.798
tur,sex_m,ocu_isco08_7,edu_aggregate_bas,2021,563.6
tur,sex_m,ocu_isco08_7,edu_aggregate_bas,2022,537.877
tur,sex_m,ocu_isco08_7,edu_aggregate_bas,2023,577.909
tur,sex_m,ocu_isco08_7,edu_aggregate_int,2012,121.258
tur,sex_m,ocu_isco08_7,edu_aggregate_int,2013,122.359
tur,sex_m,ocu_isco08_7,edu_aggregate_int,2014,114.527
tur,sex_m,ocu_isco08_7,edu_aggregate_int,2015,114.235
tur,sex_m,ocu_isco08_7,edu_aggregate_int,2016,118.774
tur,sex_m,ocu_isco08_7,edu_aggregate_int,2017,133.612
tur,sex_m,ocu_isco08_7,edu_aggregate_int,2018,147.935
tur,sex_m,ocu_isco08_7,edu_aggregate_int,2019,150.595
tur,sex_m,ocu_isco08_7,edu_aggregate_int,2020,130.422
tur,sex_m,ocu_isco08_7,edu_aggregate_int,2021,150.106
tur,sex_m,ocu_isco08_7,edu_aggregate_int,2022,164.774
tur,sex_m,ocu_isco08_7,edu_aggregate_int,2023,167.753
tur,sex_m,ocu_isco08_7,edu_aggregate_ltb,2012,81.859
tur,sex_m,ocu_isco08_7,edu_aggregate_ltb,2013,84.497
tur,sex_m,ocu_isco08_7,edu_aggregate_ltb,2014,75.494
tur,sex_m,ocu_isco08_7,edu_aggregate_ltb,2015,72.646
tur,sex_m,ocu_isco08_7,edu_aggregate_ltb,2016,83.171
tur,sex_m,ocu_isco08_7,edu_aggregate_ltb,2017,79.553
tur,sex_m,ocu_isco08_7,edu_aggregate_ltb,2018,71.079
tur,sex_m,ocu_isco08_7,edu_aggregate_ltb,2019,68.556
tur,sex_m,ocu_isco08_7,edu_aggregate_ltb,2020,46.45
tur,sex_m,ocu_isco08_7,edu_aggregate_ltb,2021,44.305
tur,sex_m,ocu_isco08_7,edu_aggregate_ltb,2022,50.706
tur,sex_m,ocu_isco08_7,edu_aggregate_ltb,2023,52.294
tur,sex_m,ocu_isco08_7,edu_aggregate_total,2012,954.598
tur,sex_m,ocu_isco08_7,edu_aggregate_total,2013,910.979
tur,sex_m,ocu_isco08_7,edu_aggregate_total,2014,918.828
tur,sex_m,ocu_isco08_7,edu_aggregate_total,2015,902.701
tur,sex_m,ocu_isco08_7,edu_aggregate_total,2016,933.061
tur,sex_m,ocu_isco08_7,edu_aggregate_total,2017,952.663
tur,sex_m,ocu_isco08_7,edu_aggregate_total,2018,974.145
tur,sex_m,ocu_isco08_7,edu_aggregate_total,2019,950.565
tur,sex_m,ocu_isco08_7,edu_aggregate_total,2020,795.93
tur,sex_m,ocu_isco08_7,edu_aggregate_total,2021,795.189
tur,sex_m,ocu_isco08_7,edu_aggregate_total,2022,786.725
tur,sex_m,ocu_isco08_7,edu_aggregate_total,2023,830.927
tur,sex_m,ocu_isco08_7,edu_isced11_0,2021,28.617
tur,sex_m,ocu_isco08_7,edu_isced11_0,2022,33.62
tur,sex_m,ocu_isco08_7,edu_isced11_0,2023,36.93
tur,sex_m,ocu_isco08_7,edu_isced11_1,2021,322.204
tur,sex_m,ocu_isco08_7,edu_isced11_1,2022,300.392
tur,sex_m,ocu_isco08_7,edu_isced11_1,2023,313.993
tur,sex_m,ocu_isco08_7,edu_isced11_2,2021,241.396
tur,sex_m,ocu_isco08_7,edu_isced11_2,2022,237.485
tur,sex_m,ocu_isco08_7,edu_isced11_2,2023,263.916
tur,sex_m,ocu_isco08_7,edu_isced11_3,2021,150.106
tur,sex_m,ocu_isco08_7,edu_isced11_3,2022,164.774
tur,sex_m,ocu_isco08_7,edu_isced11_3,2023,167.753
tur,sex_m,ocu_isco08_7,edu_isced11_6,2021,18.618
tur,sex_m,ocu_isco08_7,edu_isced11_6,2022,16.133
tur,sex_m,ocu_isco08_7,edu_isced11_6,2023,17.055
tur,sex_m,ocu_isco08_7,edu_isced11_7,2021,17.912
tur,sex_m,ocu_isco08_7,edu_isced11_7,2022,16.741
tur,sex_m,ocu_isco08_7,edu_isced11_7,2023,15.548
tur,sex_m,ocu_isco08_7,edu_isced11_8,2021,0.648
tur,sex_m,ocu_isco08_7,edu_isced11_8,2022,0.493
tur,sex_m,ocu_isco08_7,edu_isced11_total,2021,795.189
tur,sex_m,ocu_isco08_7,edu_isced11_total,2022,786.725
tur,sex_m,ocu_isco08_7,edu_isced11_total,2023,830.927
tur,sex_m,ocu_isco08_7,edu_isced11_x,2021,15.688
tur,sex_m,ocu_isco08_7,edu_isced11_x,2022,17.087
tur,sex_m,ocu_isco08_7,edu_isced11_x,2023,15.364
tur,sex_m,ocu_isco08_8,edu_aggregate_adv,2012,7.904
tur,sex_m,ocu_isco08_8,edu_aggregate_adv,2013,6.264
tur,sex_m,ocu_isco08_8,edu_aggregate_adv,2014,10.057
tur,sex_m,ocu_isco08_8,edu_aggregate_adv,2015,7.231
tur,sex_m,ocu_isco08_8,edu_aggregate_adv,2016,11.772
tur,sex_m,ocu_isco08_8,edu_aggregate_adv,2017,14.155
tur,sex_m,ocu_isco08_8,edu_aggregate_adv,2018,13.778
tur,sex_m,ocu_isco08_8,edu_aggregate_adv,2019,11.778
tur,sex_m,ocu_isco08_8,edu_aggregate_adv,2020,16.233
tur,sex_m,ocu_isco08_8,edu_aggregate_adv,2021,16.061
tur,sex_m,ocu_isco08_8,edu_aggregate_adv,2022,16.14
tur,sex_m,ocu_isco08_8,edu_aggregate_adv,2023,20.04
tur,sex_m,ocu_isco08_8,edu_aggregate_bas,2012,351.451
tur,sex_m,ocu_isco08_8,edu_aggregate_bas,2013,307.549
tur,sex_m,ocu_isco08_8,edu_aggregate_bas,2014,323.362
tur,sex_m,ocu_isco08_8,edu_aggregate_bas,2015,327.208
tur,sex_m,ocu_isco08_8,edu_aggregate_bas,2016,329.314
tur,sex_m,ocu_isco08_8,edu_aggregate_bas,2017,353.304
tur,sex_m,ocu_isco08_8,edu_aggregate_bas,2018,357.186
tur,sex_m,ocu_isco08_8,edu_aggregate_bas,2019,344.476
tur,sex_m,ocu_isco08_8,edu_aggregate_bas,2020,246.494
tur,sex_m,ocu_isco08_8,edu_aggregate_bas,2021,228.417
tur,sex_m,ocu_isco08_8,edu_aggregate_bas,2022,214.349
tur,sex_m,ocu_isco08_8,edu_aggregate_bas,2023,223.953
tur,sex_m,ocu_isco08_8,edu_aggregate_int,2012,70.527
tur,sex_m,ocu_isco08_8,edu_aggregate_int,2013,58.075
tur,sex_m,ocu_isco08_8,edu_aggregate_int,2014,58.776
tur,sex_m,ocu_isco08_8,edu_aggregate_int,2015,56.007
tur,sex_m,ocu_isco08_8,edu_aggregate_int,2016,66.425
tur,sex_m,ocu_isco08_8,edu_aggregate_int,2017,72.941
tur,sex_m,ocu_isco08_8,edu_aggregate_int,2018,76.735
tur,sex_m,ocu_isco08_8,edu_aggregate_int,2019,82.45
tur,sex_m,ocu_isco08_8,edu_aggregate_int,2020,63.335
tur,sex_m,ocu_isco08_8,edu_aggregate_int,2021,56.964
tur,sex_m,ocu_isco08_8,edu_aggregate_int,2022,69.553
tur,sex_m,ocu_isco08_8,edu_aggregate_int,2023,74.726
tur,sex_m,ocu_isco08_8,edu_aggregate_ltb,2012,30.188
tur,sex_m,ocu_isco08_8,edu_aggregate_ltb,2013,26.67
tur,sex_m,ocu_isco08_8,edu_aggregate_ltb,2014,19.507
tur,sex_m,ocu_isco08_8,edu_aggregate_ltb,2015,18.308
tur,sex_m,ocu_isco08_8,edu_aggregate_ltb,2016,24.346
tur,sex_m,ocu_isco08_8,edu_aggregate_ltb,2017,26.57
tur,sex_m,ocu_isco08_8,edu_aggregate_ltb,2018,32.18
tur,sex_m,ocu_isco08_8,edu_aggregate_ltb,2019,26.564
tur,sex_m,ocu_isco08_8,edu_aggregate_ltb,2020,15.458
tur,sex_m,ocu_isco08_8,edu_aggregate_ltb,2021,19.43
tur,sex_m,ocu_isco08_8,edu_aggregate_ltb,2022,12.663
tur,sex_m,ocu_isco08_8,edu_aggregate_ltb,2023,9.302
tur,sex_m,ocu_isco08_8,edu_aggregate_total,2012,460.07
tur,sex_m,ocu_isco08_8,edu_aggregate_total,2013,398.558
tur,sex_m,ocu_isco08_8,edu_aggregate_total,2014,411.702
tur,sex_m,ocu_isco08_8,edu_aggregate_total,2015,408.754
tur,sex_m,ocu_isco08_8,edu_aggregate_total,2016,431.856
tur,sex_m,ocu_isco08_8,edu_aggregate_total,2017,466.97
tur,sex_m,ocu_isco08_8,edu_aggregate_total,2018,479.879
tur,sex_m,ocu_isco08_8,edu_aggregate_total,2019,465.269
tur,sex_m,ocu_isco08_8,edu_aggregate_total,2020,341.52
tur,sex_m,ocu_isco08_8,edu_aggregate_total,2021,320.872
tur,sex_m,ocu_isco08_8,edu_aggregate_total,2022,312.705
tur,sex_m,ocu_isco08_8,edu_aggregate_total,2023,328.021
tur,sex_m,ocu_isco08_8,edu_isced11_0,2021,13.498
tur,sex_m,ocu_isco08_8,edu_isced11_0,2022,8.729
tur,sex_m,ocu_isco08_8,edu_isced11_0,2023,8.102
tur,sex_m,ocu_isco08_8,edu_isced11_1,2021,139.32
tur,sex_m,ocu_isco08_8,edu_isced11_1,2022,125.48
tur,sex_m,ocu_isco08_8,edu_isced11_1,2023,125.53
tur,sex_m,ocu_isco08_8,edu_isced11_2,2021,89.097
tur,sex_m,ocu_isco08_8,edu_isced11_2,2022,88.868
tur,sex_m,ocu_isco08_8,edu_isced11_2,2023,98.423
tur,sex_m,ocu_isco08_8,edu_isced11_3,2021,56.964
tur,sex_m,ocu_isco08_8,edu_isced11_3,2022,69.553
tur,sex_m,ocu_isco08_8,edu_isced11_3,2023,74.726
tur,sex_m,ocu_isco08_8,edu_isced11_6,2021,7.593
tur,sex_m,ocu_isco08_8,edu_isced11_6,2022,7.626
tur,sex_m,ocu_isco08_8,edu_isced11_6,2023,7.604
tur,sex_m,ocu_isco08_8,edu_isced11_7,2021,8.023
tur,sex_m,ocu_isco08_8,edu_isced11_7,2022,8.051
tur,sex_m,ocu_isco08_8,edu_isced11_7,2023,11.385
tur,sex_m,ocu_isco08_8,edu_isced11_8,2023,1.051
tur,sex_m,ocu_isco08_8,edu_isced11_total,2021,320.872
tur,sex_m,ocu_isco08_8,edu_isced11_total,2022,312.705
tur,sex_m,ocu_isco08_8,edu_isced11_total,2023,328.021
tur,sex_m,ocu_isco08_8,edu_isced11_x,2021,5.932
tur,sex_m,ocu_isco08_8,edu_isced11_x,2022,3.934
tur,sex_m,ocu_isco08_8,edu_isced11_x,2023,1.2
tur,sex_m,ocu_isco08_9,edu_aggregate_adv,2012,15.906
tur,sex_m,ocu_isco08_9,edu_aggregate_adv,2013,19.159
tur,sex_m,ocu_isco08_9,edu_aggregate_adv,2014,18.523
tur,sex_m,ocu_isco08_9,edu_aggregate_adv,2015,24.718
tur,sex_m,ocu_isco08_9,edu_aggregate_adv,2016,31.581
tur,sex_m,ocu_isco08_9,edu_aggregate_adv,2017,36.556
tur,sex_m,ocu_isco08_9,edu_aggregate_adv,2018,34.257
tur,sex_m,ocu_isco08_9,edu_aggregate_adv,2019,44.244
tur,sex_m,ocu_isco08_9,edu_aggregate_adv,2020,41.656
tur,sex_m,ocu_isco08_9,edu_aggregate_adv,2021,50.65
tur,sex_m,ocu_isco08_9,edu_aggregate_adv,2022,42.562
tur,sex_m,ocu_isco08_9,edu_aggregate_adv,2023,40.763
tur,sex_m,ocu_isco08_9,edu_aggregate_bas,2012,728.324
tur,sex_m,ocu_isco08_9,edu_aggregate_bas,2013,687.143
tur,sex_m,ocu_isco08_9,edu_aggregate_bas,2014,731.002
tur,sex_m,ocu_isco08_9,edu_aggregate_bas,2015,715.413
tur,sex_m,ocu_isco08_9,edu_aggregate_bas,2016,731.385
tur,sex_m,ocu_isco08_9,edu_aggregate_bas,2017,760.599
tur,sex_m,ocu_isco08_9,edu_aggregate_bas,2018,701.272
tur,sex_m,ocu_isco08_9,edu_aggregate_bas,2019,661.274
tur,sex_m,ocu_isco08_9,edu_aggregate_bas,2020,622.222
tur,sex_m,ocu_isco08_9,edu_aggregate_bas,2021,683.788
tur,sex_m,ocu_isco08_9,edu_aggregate_bas,2022,675.307
tur,sex_m,ocu_isco08_9,edu_aggregate_bas,2023,644.068
tur,sex_m,ocu_isco08_9,edu_aggregate_int,2012,120.777
tur,sex_m,ocu_isco08_9,edu_aggregate_int,2013,105.182
tur,sex_m,ocu_isco08_9,edu_aggregate_int,2014,114.425
tur,sex_m,ocu_isco08_9,edu_aggregate_int,2015,116.678
tur,sex_m,ocu_isco08_9,edu_aggregate_int,2016,136.739
tur,sex_m,ocu_isco08_9,edu_aggregate_int,2017,131.763
tur,sex_m,ocu_isco08_9,edu_aggregate_int,2018,140.778
tur,sex_m,ocu_isco08_9,edu_aggregate_int,2019,143.798
tur,sex_m,ocu_isco08_9,edu_aggregate_int,2020,143.752
tur,sex_m,ocu_isco08_9,edu_aggregate_int,2021,178.259
tur,sex_m,ocu_isco08_9,edu_aggregate_int,2022,179.369
tur,sex_m,ocu_isco08_9,edu_aggregate_int,2023,183.318
tur,sex_m,ocu_isco08_9,edu_aggregate_ltb,2012,177.25
tur,sex_m,ocu_isco08_9,edu_aggregate_ltb,2013,161.792
tur,sex_m,ocu_isco08_9,edu_aggregate_ltb,2014,164.749
tur,sex_m,ocu_isco08_9,edu_aggregate_ltb,2015,150.726
tur,sex_m,ocu_isco08_9,edu_aggregate_ltb,2016,151.433
tur,sex_m,ocu_isco08_9,edu_aggregate_ltb,2017,143.49
tur,sex_m,ocu_isco08_9,edu_aggregate_ltb,2018,155.28
tur,sex_m,ocu_isco08_9,edu_aggregate_ltb,2019,131.559
tur,sex_m,ocu_isco08_9,edu_aggregate_ltb,2020,114.617
tur,sex_m,ocu_isco08_9,edu_aggregate_ltb,2021,120.473
tur,sex_m,ocu_isco08_9,edu_aggregate_ltb,2022,152.662
tur,sex_m,ocu_isco08_9,edu_aggregate_ltb,2023,113.214
tur,sex_m,ocu_isco08_9,edu_aggregate_total,2012,1042.258
tur,sex_m,ocu_isco08_9,edu_aggregate_total,2013,973.275
tur,sex_m,ocu_isco08_9,edu_aggregate_total,2014,1028.699
tur,sex_m,ocu_isco08_9,edu_aggregate_total,2015,1007.536
tur,sex_m,ocu_isco08_9,edu_aggregate_total,2016,1051.138
tur,sex_m,ocu_isco08_9,edu_aggregate_total,2017,1072.407
tur,sex_m,ocu_isco08_9,edu_aggregate_total,2018,1031.587
tur,sex_m,ocu_isco08_9,edu_aggregate_total,2019,980.875
tur,sex_m,ocu_isco08_9,edu_aggregate_total,2020,922.247
tur,sex_m,ocu_isco08_9,edu_aggregate_total,2021,1033.169
tur,sex_m,ocu_isco08_9,edu_aggregate_total,2022,1049.9
tur,sex_m,ocu_isco08_9,edu_aggregate_total,2023,981.363
tur,sex_m,ocu_isco08_9,edu_isced11_0,2021,72.365
tur,sex_m,ocu_isco08_9,edu_isced11_0,2022,90.235
tur,sex_m,ocu_isco08_9,edu_isced11_0,2023,70.635
tur,sex_m,ocu_isco08_9,edu_isced11_1,2021,328.053
tur,sex_m,ocu_isco08_9,edu_isced11_1,2022,323.339
tur,sex_m,ocu_isco08_9,edu_isced11_1,2023,301.944
tur,sex_m,ocu_isco08_9,edu_isced11_2,2021,355.735
tur,sex_m,ocu_isco08_9,edu_isced11_2,2022,351.967
tur,sex_m,ocu_isco08_9,edu_isced11_2,2023,342.124
tur,sex_m,ocu_isco08_9,edu_isced11_3,2021,178.259
tur,sex_m,ocu_isco08_9,edu_isced11_3,2022,179.369
tur,sex_m,ocu_isco08_9,edu_isced11_3,2023,183.318
tur,sex_m,ocu_isco08_9,edu_isced11_6,2021,26.289
tur,sex_m,ocu_isco08_9,edu_isced11_6,2022,21.296
tur,sex_m,ocu_isco08_9,edu_isced11_6,2023,19.115
tur,sex_m,ocu_isco08_9,edu_isced11_7,2021,23.606
tur,sex_m,ocu_isco08_9,edu_isced11_7,2022,20.714
tur,sex_m,ocu_isco08_9,edu_isced11_7,2023,20.211
tur,sex_m,ocu_isco08_9,edu_isced11_8,2021,0.755
tur,sex_m,ocu_isco08_9,edu_isced11_8,2022,0.552
tur,sex_m,ocu_isco08_9,edu_isced11_8,2023,1.437
tur,sex_m,ocu_isco08_9,edu_isced11_total,2021,1033.169
tur,sex_m,ocu_isco08_9,edu_isced11_total,2022,1049.9
tur,sex_m,ocu_isco08_9,edu_isced11_total,2023,981.363
tur,sex_m,ocu_isco08_9,edu_isced11_x,2021,48.107
tur,sex_m,ocu_isco08_9,edu_isced11_x,2022,62.427
tur,sex_m,ocu_isco08_9,edu_isced11_x,2023,42.579
tur,sex_m,ocu_isco08_total,edu_aggregate_adv,2012,223.175
tur,sex_m,ocu_isco08_total,edu_aggregate_adv,2013,191.085
tur,sex_m,ocu_isco08_total,edu_aggregate_adv,2014,225.099
tur,sex_m,ocu_isco08_total,edu_aggregate_adv,2015,243.05
tur,sex_m,ocu_isco08_total,edu_aggregate_adv,2016,288.038
tur,sex_m,ocu_isco08_total,edu_aggregate_adv,2017,341.437
tur,sex_m,ocu_isco08_total,edu_aggregate_adv,2018,361.864
tur,sex_m,ocu_isco08_total,edu_aggregate_adv,2019,435.646
tur,sex_m,ocu_isco08_total,edu_aggregate_adv,2020,455.694
tur,sex_m,ocu_isco08_total,edu_aggregate_adv,2021,419.919
tur,sex_m,ocu_isco08_total,edu_aggregate_adv,2022,384.176
tur,sex_m,ocu_isco08_total,edu_aggregate_adv,2023,403.055
tur,sex_m,ocu_isco08_total,edu_aggregate_bas,2012,4129.954
tur,sex_m,ocu_isco08_total,edu_aggregate_bas,2013,3947.073
tur,sex_m,ocu_isco08_total,edu_aggregate_bas,2014,3899.619
tur,sex_m,ocu_isco08_total,edu_aggregate_bas,2015,3850.772
tur,sex_m,ocu_isco08_total,edu_aggregate_bas,2016,3913.884
tur,sex_m,ocu_isco08_total,edu_aggregate_bas,2017,4063.69
tur,sex_m,ocu_isco08_total,edu_aggregate_bas,2018,4104.323
tur,sex_m,ocu_isco08_total,edu_aggregate_bas,2019,4066.452
tur,sex_m,ocu_isco08_total,edu_aggregate_bas,2020,3470.414
tur,sex_m,ocu_isco08_total,edu_aggregate_bas,2021,3444.988
tur,sex_m,ocu_isco08_total,edu_aggregate_bas,2022,3241.474
tur,sex_m,ocu_isco08_total,edu_aggregate_bas,2023,3289.14
tur,sex_m,ocu_isco08_total,edu_aggregate_int,2012,784.467
tur,sex_m,ocu_isco08_total,edu_aggregate_int,2013,736.815
tur,sex_m,ocu_isco08_total,edu_aggregate_int,2014,746.687
tur,sex_m,ocu_isco08_total,edu_aggregate_int,2015,717.012
tur,sex_m,ocu_isco08_total,edu_aggregate_int,2016,798.133
tur,sex_m,ocu_isco08_total,edu_aggregate_int,2017,871.249
tur,sex_m,ocu_isco08_total,edu_aggregate_int,2018,932.919
tur,sex_m,ocu_isco08_total,edu_aggregate_int,2019,1007.928
tur,sex_m,ocu_isco08_total,edu_aggregate_int,2020,918.11
tur,sex_m,ocu_isco08_total,edu_aggregate_int,2021,974.98
tur,sex_m,ocu_isco08_total,edu_aggregate_int,2022,995.511
tur,sex_m,ocu_isco08_total,edu_aggregate_int,2023,1032.881
tur,sex_m,ocu_isco08_total,edu_aggregate_ltb,2012,726.348
tur,sex_m,ocu_isco08_total,edu_aggregate_ltb,2013,668.115
tur,sex_m,ocu_isco08_total,edu_aggregate_ltb,2014,637.767
tur,sex_m,ocu_isco08_total,edu_aggregate_ltb,2015,558.34
tur,sex_m,ocu_isco08_total,edu_aggregate_ltb,2016,549.172
tur,sex_m,ocu_isco08_total,edu_aggregate_ltb,2017,528.54
tur,sex_m,ocu_isco08_total,edu_aggregate_ltb,2018,532.88
tur,sex_m,ocu_isco08_total,edu_aggregate_ltb,2019,500.582
tur,sex_m,ocu_isco08_total,edu_aggregate_ltb,2020,373.084
tur,sex_m,ocu_isco08_total,edu_aggregate_ltb,2021,394.815
tur,sex_m,ocu_isco08_total,edu_aggregate_ltb,2022,411.974
tur,sex_m,ocu_isco08_total,edu_aggregate_ltb,2023,352.07
tur,sex_m,ocu_isco08_total,edu_aggregate_total,2012,5863.944
tur,sex_m,ocu_isco08_total,edu_aggregate_total,2013,5543.088
tur,sex_m,ocu_isco08_total,edu_aggregate_total,2014,5509.172
tur,sex_m,ocu_isco08_total,edu_aggregate_total,2015,5369.174
tur,sex_m,ocu_isco08_total,edu_aggregate_total,2016,5549.227
tur,sex_m,ocu_isco08_total,edu_aggregate_total,2017,5804.916
tur,sex_m,ocu_isco08_total,edu_aggregate_total,2018,5931.987
tur,sex_m,ocu_isco08_total,edu_aggregate_total,2019,6010.608
tur,sex_m,ocu_isco08_total,edu_aggregate_total,2020,5217.302
tur,sex_m,ocu_isco08_total,edu_aggregate_total,2021,5234.702
tur,sex_m,ocu_isco08_total,edu_aggregate_total,2022,5033.135
tur,sex_m,ocu_isco08_total,edu_aggregate_total,2023,5077.147
tur,sex_m,ocu_isco08_total,edu_isced11_0,2021,242.356
tur,sex_m,ocu_isco08_total,edu_isced11_0,2022,247.628
tur,sex_m,ocu_isco08_total,edu_isced11_0,2023,216.392
tur,sex_m,ocu_isco08_total,edu_isced11_1,2021,2084.51
tur,sex_m,ocu_isco08_total,edu_isced11_1,2022,1945.265
tur,sex_m,ocu_isco08_total,edu_isced11_1,2023,1957.459
tur,sex_m,ocu_isco08_total,edu_isced11_2,2021,1360.478
tur,sex_m,ocu_isco08_total,edu_isced11_2,2022,1296.208
tur,sex_m,ocu_isco08_total,edu_isced11_2,2023,1331.681
tur,sex_m,ocu_isco08_total,edu_isced11_3,2021,974.98
tur,sex_m,ocu_isco08_total,edu_isced11_3,2022,995.511
tur,sex_m,ocu_isco08_total,edu_isced11_3,2023,1032.881
tur,sex_m,ocu_isco08_total,edu_isced11_6,2021,161.791
tur,sex_m,ocu_isco08_total,edu_isced11_6,2022,139.173
tur,sex_m,ocu_isco08_total,edu_isced11_6,2023,152.399
tur,sex_m,ocu_isco08_total,edu_isced11_7,2021,237.519
tur,sex_m,ocu_isco08_total,edu_isced11_7,2022,219.829
tur,sex_m,ocu_isco08_total,edu_isced11_7,2023,224.871
tur,sex_m,ocu_isco08_total,edu_isced11_8,2021,20.608
tur,sex_m,ocu_isco08_total,edu_isced11_8,2022,25.174
tur,sex_m,ocu_isco08_total,edu_isced11_8,2023,25.785
tur,sex_m,ocu_isco08_total,edu_isced11_total,2021,5234.702
tur,sex_m,ocu_isco08_total,edu_isced11_total,2022,5033.135
tur,sex_m,ocu_isco08_total,edu_isced11_total,2023,5077.147
tur,sex_m,ocu_isco08_total,edu_isced11_x,2021,152.459
tur,sex_m,ocu_isco08_total,edu_isced11_x,2022,164.346
tur,sex_m,ocu_isco08_total,edu_isced11_x,2023,135.678
tur,sex_m,ocu_isco88_1,edu_aggregate_adv,2004,35.767
tur,sex_m,ocu_isco88_1,edu_aggregate_adv,2005,44.971
tur,sex_m,ocu_isco88_1,edu_aggregate_adv,2006,43.666
tur,sex_m,ocu_isco88_1,edu_aggregate_adv,2007,52.639
tur,sex_m,ocu_isco88_1,edu_aggregate_adv,2008,54.045
tur,sex_m,ocu_isco88_1,edu_aggregate_adv,2009,52.025
tur,sex_m,ocu_isco88_1,edu_aggregate_adv,2010,48.218
tur,sex_m,ocu_isco88_1,edu_aggregate_adv,2011,38.425
tur,sex_m,ocu_isco88_1,edu_aggregate_bas,2000,35.442
tur,sex_m,ocu_isco88_1,edu_aggregate_bas,2002,187.565
tur,sex_m,ocu_isco88_1,edu_aggregate_bas,2003,227.77
tur,sex_m,ocu_isco88_1,edu_aggregate_bas,2004,254.983
tur,sex_m,ocu_isco88_1,edu_aggregate_bas,2005,342.269
tur,sex_m,ocu_isco88_1,edu_aggregate_bas,2006,321.793
tur,sex_m,ocu_isco88_1,edu_aggregate_bas,2007,290.478
tur,sex_m,ocu_isco88_1,edu_aggregate_bas,2008,297.69
tur,sex_m,ocu_isco88_1,edu_aggregate_bas,2009,271.531
tur,sex_m,ocu_isco88_1,edu_aggregate_bas,2010,256.679
tur,sex_m,ocu_isco88_1,edu_aggregate_bas,2011,236.949
tur,sex_m,ocu_isco88_1,edu_aggregate_int,2000,22.057
tur,sex_m,ocu_isco88_1,edu_aggregate_int,2002,64.574
tur,sex_m,ocu_isco88_1,edu_aggregate_int,2003,87.963
tur,sex_m,ocu_isco88_1,edu_aggregate_int,2004,87.68
tur,sex_m,ocu_isco88_1,edu_aggregate_int,2005,119.34
tur,sex_m,ocu_isco88_1,edu_aggregate_int,2006,107.854
tur,sex_m,ocu_isco88_1,edu_aggregate_int,2007,105.73
tur,sex_m,ocu_isco88_1,edu_aggregate_int,2008,100.58
tur,sex_m,ocu_isco88_1,edu_aggregate_int,2009,100.738
tur,sex_m,ocu_isco88_1,edu_aggregate_int,2010,89.571
tur,sex_m,ocu_isco88_1,edu_aggregate_int,2011,89.409
tur,sex_m,ocu_isco88_1,edu_aggregate_ltb,2000,2.988
tur,sex_m,ocu_isco88_1,edu_aggregate_ltb,2002,15.987
tur,sex_m,ocu_isco88_1,edu_aggregate_ltb,2003,12.393
tur,sex_m,ocu_isco88_1,edu_aggregate_ltb,2004,25.593
tur,sex_m,ocu_isco88_1,edu_aggregate_ltb,2005,31.146
tur,sex_m,ocu_isco88_1,edu_aggregate_ltb,2006,25.052
tur,sex_m,ocu_isco88_1,edu_aggregate_ltb,2007,20.193
tur,sex_m,ocu_isco88_1,edu_aggregate_ltb,2008,22.995
tur,sex_m,ocu_isco88_1,edu_aggregate_ltb,2009,22.29
tur,sex_m,ocu_isco88_1,edu_aggregate_ltb,2010,22.409
tur,sex_m,ocu_isco88_1,edu_aggregate_ltb,2011,21.145
tur,sex_m,ocu_isco88_1,edu_aggregate_total,2000,82.871
tur,sex_m,ocu_isco88_1,edu_aggregate_total,2002,294.907
tur,sex_m,ocu_isco88_1,edu_aggregate_total,2003,354.677
tur,sex_m,ocu_isco88_1,edu_aggregate_total,2004,404.022
tur,sex_m,ocu_isco88_1,edu_aggregate_total,2005,537.725
tur,sex_m,ocu_isco88_1,edu_aggregate_total,2006,498.365
tur,sex_m,ocu_isco88_1,edu_aggregate_total,2007,469.04
tur,sex_m,ocu_isco88_1,edu_aggregate_total,2008,475.31
tur,sex_m,ocu_isco88_1,edu_aggregate_total,2009,446.583
tur,sex_m,ocu_isco88_1,edu_aggregate_total,2010,416.878
tur,sex_m,ocu_isco88_1,edu_aggregate_total,2011,385.928
tur,sex_m,ocu_isco88_1,edu_aggregate_x,2000,22.384
tur,sex_m,ocu_isco88_1,edu_aggregate_x,2002,26.782
tur,sex_m,ocu_isco88_1,edu_aggregate_x,2003,26.55
tur,sex_m,ocu_isco88_2,edu_aggregate_adv,2004,37.337
tur,sex_m,ocu_isco88_2,edu_aggregate_adv,2005,39.085
tur,sex_m,ocu_isco88_2,edu_aggregate_adv,2006,43.366
tur,sex_m,ocu_isco88_2,edu_aggregate_adv,2007,49.834
tur,sex_m,ocu_isco88_2,edu_aggregate_adv,2008,43.732
tur,sex_m,ocu_isco88_2,edu_aggregate_adv,2009,45.048
tur,sex_m,ocu_isco88_2,edu_aggregate_adv,2010,42.637
tur,sex_m,ocu_isco88_2,edu_aggregate_adv,2011,38.557
tur,sex_m,ocu_isco88_2,edu_aggregate_bas,2000,20.571
tur,sex_m,ocu_isco88_2,edu_aggregate_bas,2002,6.945
tur,sex_m,ocu_isco88_2,edu_aggregate_bas,2003,6.094
tur,sex_m,ocu_isco88_2,edu_aggregate_bas,2004,10.815
tur,sex_m,ocu_isco88_2,edu_aggregate_bas,2005,10.497
tur,sex_m,ocu_isco88_2,edu_aggregate_bas,2006,8.993
tur,sex_m,ocu_isco88_2,edu_aggregate_bas,2007,7.666
tur,sex_m,ocu_isco88_2,edu_aggregate_bas,2008,3.777
tur,sex_m,ocu_isco88_2,edu_aggregate_bas,2009,3.936
tur,sex_m,ocu_isco88_2,edu_aggregate_bas,2010,4.267
tur,sex_m,ocu_isco88_2,edu_aggregate_bas,2011,4.641
tur,sex_m,ocu_isco88_2,edu_aggregate_int,2000,7.857
tur,sex_m,ocu_isco88_2,edu_aggregate_int,2002,8.085
tur,sex_m,ocu_isco88_2,edu_aggregate_int,2003,9.675
tur,sex_m,ocu_isco88_2,edu_aggregate_int,2004,14.879
tur,sex_m,ocu_isco88_2,edu_aggregate_int,2005,13.498
tur,sex_m,ocu_isco88_2,edu_aggregate_int,2006,17.327
tur,sex_m,ocu_isco88_2,edu_aggregate_int,2007,11.616
tur,sex_m,ocu_isco88_2,edu_aggregate_int,2008,4.926
tur,sex_m,ocu_isco88_2,edu_aggregate_int,2009,5.364
tur,sex_m,ocu_isco88_2,edu_aggregate_int,2010,4.16
tur,sex_m,ocu_isco88_2,edu_aggregate_int,2011,4.62
tur,sex_m,ocu_isco88_2,edu_aggregate_ltb,2002,1.235
tur,sex_m,ocu_isco88_2,edu_aggregate_ltb,2003,1.192
tur,sex_m,ocu_isco88_2,edu_aggregate_ltb,2004,2.169
tur,sex_m,ocu_isco88_2,edu_aggregate_ltb,2005,2.599
tur,sex_m,ocu_isco88_2,edu_aggregate_ltb,2006,2.65
tur,sex_m,ocu_isco88_2,edu_aggregate_ltb,2007,2.336
tur,sex_m,ocu_isco88_2,edu_aggregate_ltb,2008,1.314
tur,sex_m,ocu_isco88_2,edu_aggregate_ltb,2011,1.164
tur,sex_m,ocu_isco88_2,edu_aggregate_total,2000,35.479
tur,sex_m,ocu_isco88_2,edu_aggregate_total,2002,46.774
tur,sex_m,ocu_isco88_2,edu_aggregate_total,2003,55.686
tur,sex_m,ocu_isco88_2,edu_aggregate_total,2004,65.2
tur,sex_m,ocu_isco88_2,edu_aggregate_total,2005,65.679
tur,sex_m,ocu_isco88_2,edu_aggregate_total,2006,72.336
tur,sex_m,ocu_isco88_2,edu_aggregate_total,2007,71.452
tur,sex_m,ocu_isco88_2,edu_aggregate_total,2008,53.75
tur,sex_m,ocu_isco88_2,edu_aggregate_total,2009,55.044
tur,sex_m,ocu_isco88_2,edu_aggregate_total,2010,51.345
tur,sex_m,ocu_isco88_2,edu_aggregate_total,2011,48.981
tur,sex_m,ocu_isco88_2,edu_aggregate_x,2000,6.243
tur,sex_m,ocu_isco88_2,edu_aggregate_x,2002,30.509
tur,sex_m,ocu_isco88_2,edu_aggregate_x,2003,38.725
tur,sex_m,ocu_isco88_3,edu_aggregate_adv,2004,15.699
tur,sex_m,ocu_isco88_3,edu_aggregate_adv,2005,21.521
tur,sex_m,ocu_isco88_3,edu_aggregate_adv,2006,20.348
tur,sex_m,ocu_isco88_3,edu_aggregate_adv,2007,22.009
tur,sex_m,ocu_isco88_3,edu_aggregate_adv,2008,25.028
tur,sex_m,ocu_isco88_3,edu_aggregate_adv,2009,20.823
tur,sex_m,ocu_isco88_3,edu_aggregate_adv,2010,20.216
tur,sex_m,ocu_isco88_3,edu_aggregate_adv,2011,22.353
tur,sex_m,ocu_isco88_3,edu_aggregate_bas,2000,24.305
tur,sex_m,ocu_isco88_3,edu_aggregate_bas,2002,56.267
tur,sex_m,ocu_isco88_3,edu_aggregate_bas,2003,50.522
tur,sex_m,ocu_isco88_3,edu_aggregate_bas,2004,67.512
tur,sex_m,ocu_isco88_3,edu_aggregate_bas,2005,69.31
tur,sex_m,ocu_isco88_3,edu_aggregate_bas,2006,74.972
tur,sex_m,ocu_isco88_3,edu_aggregate_bas,2007,62.406
tur,sex_m,ocu_isco88_3,edu_aggregate_bas,2008,63.223
tur,sex_m,ocu_isco88_3,edu_aggregate_bas,2009,58.365
tur,sex_m,ocu_isco88_3,edu_aggregate_bas,2010,54.911
tur,sex_m,ocu_isco88_3,edu_aggregate_bas,2011,58.88
tur,sex_m,ocu_isco88_3,edu_aggregate_int,2000,31.598
tur,sex_m,ocu_isco88_3,edu_aggregate_int,2002,42.819
tur,sex_m,ocu_isco88_3,edu_aggregate_int,2003,49.125
tur,sex_m,ocu_isco88_3,edu_aggregate_int,2004,49.955
tur,sex_m,ocu_isco88_3,edu_aggregate_int,2005,57.515
tur,sex_m,ocu_isco88_3,edu_aggregate_int,2006,61.095
tur,sex_m,ocu_isco88_3,edu_aggregate_int,2007,62.156
tur,sex_m,ocu_isco88_3,edu_aggregate_int,2008,53.178
tur,sex_m,ocu_isco88_3,edu_aggregate_int,2009,49.207
tur,sex_m,ocu_isco88_3,edu_aggregate_int,2010,46.632
tur,sex_m,ocu_isco88_3,edu_aggregate_int,2011,44.117
tur,sex_m,ocu_isco88_3,edu_aggregate_ltb,2002,3.005
tur,sex_m,ocu_isco88_3,edu_aggregate_ltb,2003,1.385
tur,sex_m,ocu_isco88_3,edu_aggregate_ltb,2004,2.278
tur,sex_m,ocu_isco88_3,edu_aggregate_ltb,2005,4.628
tur,sex_m,ocu_isco88_3,edu_aggregate_ltb,2006,4.535
tur,sex_m,ocu_isco88_3,edu_aggregate_ltb,2007,3.219
tur,sex_m,ocu_isco88_3,edu_aggregate_ltb,2008,2.43
tur,sex_m,ocu_isco88_3,edu_aggregate_ltb,2009,3.842
tur,sex_m,ocu_isco88_3,edu_aggregate_ltb,2010,2.53
tur,sex_m,ocu_isco88_3,edu_aggregate_ltb,2011,2.919
tur,sex_m,ocu_isco88_3,edu_aggregate_total,2000,58.807
tur,sex_m,ocu_isco88_3,edu_aggregate_total,2002,117.64
tur,sex_m,ocu_isco88_3,edu_aggregate_total,2003,117.119
tur,sex_m,ocu_isco88_3,edu_aggregate_total,2004,135.444
tur,sex_m,ocu_isco88_3,edu_aggregate_total,2005,152.974
tur,sex_m,ocu_isco88_3,edu_aggregate_total,2006,160.95
tur,sex_m,ocu_isco88_3,edu_aggregate_total,2007,149.79
tur,sex_m,ocu_isco88_3,edu_aggregate_total,2008,143.86
tur,sex_m,ocu_isco88_3,edu_aggregate_total,2009,132.238
tur,sex_m,ocu_isco88_3,edu_aggregate_total,2010,124.289
tur,sex_m,ocu_isco88_3,edu_aggregate_total,2011,128.269
tur,sex_m,ocu_isco88_3,edu_aggregate_x,2000,2.905
tur,sex_m,ocu_isco88_3,edu_aggregate_x,2002,15.548
tur,sex_m,ocu_isco88_3,edu_aggregate_x,2003,16.088
tur,sex_m,ocu_isco88_4,edu_aggregate_adv,2004,11.057
tur,sex_m,ocu_isco88_4,edu_aggregate_adv,2005,12.28
tur,sex_m,ocu_isco88_4,edu_aggregate_adv,2006,14.25
tur,sex_m,ocu_isco88_4,edu_aggregate_adv,2007,13.323
tur,sex_m,ocu_isco88_4,edu_aggregate_adv,2008,15.466
tur,sex_m,ocu_isco88_4,edu_aggregate_adv,2009,15.179
tur,sex_m,ocu_isco88_4,edu_aggregate_adv,2010,16.056
tur,sex_m,ocu_isco88_4,edu_aggregate_adv,2011,16.965
tur,sex_m,ocu_isco88_4,edu_aggregate_bas,2000,520.084
tur,sex_m,ocu_isco88_4,edu_aggregate_bas,2002,35.31
tur,sex_m,ocu_isco88_4,edu_aggregate_bas,2003,31.19
tur,sex_m,ocu_isco88_4,edu_aggregate_bas,2004,37.365
tur,sex_m,ocu_isco88_4,edu_aggregate_bas,2005,43.748
tur,sex_m,ocu_isco88_4,edu_aggregate_bas,2006,49.556
tur,sex_m,ocu_isco88_4,edu_aggregate_bas,2007,48.048
tur,sex_m,ocu_isco88_4,edu_aggregate_bas,2008,43.481
tur,sex_m,ocu_isco88_4,edu_aggregate_bas,2009,49.747
tur,sex_m,ocu_isco88_4,edu_aggregate_bas,2010,44.827
tur,sex_m,ocu_isco88_4,edu_aggregate_bas,2011,39.224
tur,sex_m,ocu_isco88_4,edu_aggregate_int,2000,168.707
tur,sex_m,ocu_isco88_4,edu_aggregate_int,2002,48.995
tur,sex_m,ocu_isco88_4,edu_aggregate_int,2003,42.953
tur,sex_m,ocu_isco88_4,edu_aggregate_int,2004,41.935
tur,sex_m,ocu_isco88_4,edu_aggregate_int,2005,46.373
tur,sex_m,ocu_isco88_4,edu_aggregate_int,2006,58.343
tur,sex_m,ocu_isco88_4,edu_aggregate_int,2007,49.08
tur,sex_m,ocu_isco88_4,edu_aggregate_int,2008,51.356
tur,sex_m,ocu_isco88_4,edu_aggregate_int,2009,46.448
tur,sex_m,ocu_isco88_4,edu_aggregate_int,2010,43.858
tur,sex_m,ocu_isco88_4,edu_aggregate_int,2011,40.948
tur,sex_m,ocu_isco88_4,edu_aggregate_ltb,2000,67.754
tur,sex_m,ocu_isco88_4,edu_aggregate_ltb,2003,1.055
tur,sex_m,ocu_isco88_4,edu_aggregate_ltb,2004,1.951
tur,sex_m,ocu_isco88_4,edu_aggregate_ltb,2005,2.159
tur,sex_m,ocu_isco88_4,edu_aggregate_ltb,2006,3.009
tur,sex_m,ocu_isco88_4,edu_aggregate_ltb,2007,1.584
tur,sex_m,ocu_isco88_4,edu_aggregate_ltb,2008,1.115
tur,sex_m,ocu_isco88_4,edu_aggregate_ltb,2009,2.088
tur,sex_m,ocu_isco88_4,edu_aggregate_ltb,2010,3.344
tur,sex_m,ocu_isco88_4,edu_aggregate_ltb,2011,2.009
tur,sex_m,ocu_isco88_4,edu_aggregate_total,2000,775.939
tur,sex_m,ocu_isco88_4,edu_aggregate_total,2002,92.568
tur,sex_m,ocu_isco88_4,edu_aggregate_total,2003,83.539
tur,sex_m,ocu_isco88_4,edu_aggregate_total,2004,92.309
tur,sex_m,ocu_isco88_4,edu_aggregate_total,2005,104.56
tur,sex_m,ocu_isco88_4,edu_aggregate_total,2006,125.158
tur,sex_m,ocu_isco88_4,edu_aggregate_total,2007,112.035
tur,sex_m,ocu_isco88_4,edu_aggregate_total,2008,111.418
tur,sex_m,ocu_isco88_4,edu_aggregate_total,2009,113.463
tur,sex_m,ocu_isco88_4,edu_aggregate_total,2010,108.086
tur,sex_m,ocu_isco88_4,edu_aggregate_total,2011,99.145
tur,sex_m,ocu_isco88_4,edu_aggregate_x,2000,19.395
tur,sex_m,ocu_isco88_4,edu_aggregate_x,2002,7.888
tur,sex_m,ocu_isco88_4,edu_aggregate_x,2003,8.34
tur,sex_m,ocu_isco88_5,edu_aggregate_adv,2004,21.81
tur,sex_m,ocu_isco88_5,edu_aggregate_adv,2005,23.703
tur,sex_m,ocu_isco88_5,edu_aggregate_adv,2006,27.675
tur,sex_m,ocu_isco88_5,edu_aggregate_adv,2007,27.604
tur,sex_m,ocu_isco88_5,edu_aggregate_adv,2008,21.986
tur,sex_m,ocu_isco88_5,edu_aggregate_adv,2009,27.146
tur,sex_m,ocu_isco88_5,edu_aggregate_adv,2010,31.26
tur,sex_m,ocu_isco88_5,edu_aggregate_adv,2011,31.148
tur,sex_m,ocu_isco88_5,edu_aggregate_bas,2000,324.76
tur,sex_m,ocu_isco88_5,edu_aggregate_bas,2002,573.456
tur,sex_m,ocu_isco88_5,edu_aggregate_bas,2003,562.845
tur,sex_m,ocu_isco88_5,edu_aggregate_bas,2004,538.095
tur,sex_m,ocu_isco88_5,edu_aggregate_bas,2005,514.05
tur,sex_m,ocu_isco88_5,edu_aggregate_bas,2006,560.891
tur,sex_m,ocu_isco88_5,edu_aggregate_bas,2007,541.734
tur,sex_m,ocu_isco88_5,edu_aggregate_bas,2008,487.634
tur,sex_m,ocu_isco88_5,edu_aggregate_bas,2009,520.418
tur,sex_m,ocu_isco88_5,edu_aggregate_bas,2010,528.505
tur,sex_m,ocu_isco88_5,edu_aggregate_bas,2011,518.792
tur,sex_m,ocu_isco88_5,edu_aggregate_int,2000,67.639
tur,sex_m,ocu_isco88_5,edu_aggregate_int,2002,208.048
tur,sex_m,ocu_isco88_5,edu_aggregate_int,2003,204.076
tur,sex_m,ocu_isco88_5,edu_aggregate_int,2004,194.428
tur,sex_m,ocu_isco88_5,edu_aggregate_int,2005,187.936
tur,sex_m,ocu_isco88_5,edu_aggregate_int,2006,200.799
tur,sex_m,ocu_isco88_5,edu_aggregate_int,2007,208.602
tur,sex_m,ocu_isco88_5,edu_aggregate_int,2008,175.339
tur,sex_m,ocu_isco88_5,edu_aggregate_int,2009,174.307
tur,sex_m,ocu_isco88_5,edu_aggregate_int,2010,162.001
tur,sex_m,ocu_isco88_5,edu_aggregate_int,2011,159.174
tur,sex_m,ocu_isco88_5,edu_aggregate_ltb,2000,32.875
tur,sex_m,ocu_isco88_5,edu_aggregate_ltb,2002,26.663
tur,sex_m,ocu_isco88_5,edu_aggregate_ltb,2003,24.974
tur,sex_m,ocu_isco88_5,edu_aggregate_ltb,2004,44.837
tur,sex_m,ocu_isco88_5,edu_aggregate_ltb,2005,41.604
tur,sex_m,ocu_isco88_5,edu_aggregate_ltb,2006,49.212
tur,sex_m,ocu_isco88_5,edu_aggregate_ltb,2007,50.968
tur,sex_m,ocu_isco88_5,edu_aggregate_ltb,2008,48.309
tur,sex_m,ocu_isco88_5,edu_aggregate_ltb,2009,53.942
tur,sex_m,ocu_isco88_5,edu_aggregate_ltb,2010,53.909
tur,sex_m,ocu_isco88_5,edu_aggregate_ltb,2011,56.791
tur,sex_m,ocu_isco88_5,edu_aggregate_total,2000,428.377
tur,sex_m,ocu_isco88_5,edu_aggregate_total,2002,827.624
tur,sex_m,ocu_isco88_5,edu_aggregate_total,2003,810.084
tur,sex_m,ocu_isco88_5,edu_aggregate_total,2004,799.17
tur,sex_m,ocu_isco88_5,edu_aggregate_total,2005,767.294
tur,sex_m,ocu_isco88_5,edu_aggregate_total,2006,838.577
tur,sex_m,ocu_isco88_5,edu_aggregate_total,2007,828.908
tur,sex_m,ocu_isco88_5,edu_aggregate_total,2008,733.268
tur,sex_m,ocu_isco88_5,edu_aggregate_total,2009,775.814
tur,sex_m,ocu_isco88_5,edu_aggregate_total,2010,775.675
tur,sex_m,ocu_isco88_5,edu_aggregate_total,2011,765.904
tur,sex_m,ocu_isco88_5,edu_aggregate_x,2000,3.104
tur,sex_m,ocu_isco88_5,edu_aggregate_x,2002,19.457
tur,sex_m,ocu_isco88_5,edu_aggregate_x,2003,18.189
tur,sex_m,ocu_isco88_6,edu_aggregate_adv,2004,20.513
tur,sex_m,ocu_isco88_6,edu_aggregate_adv,2005,22.814
tur,sex_m,ocu_isco88_6,edu_aggregate_adv,2006,26.045
tur,sex_m,ocu_isco88_6,edu_aggregate_adv,2007,24.64
tur,sex_m,ocu_isco88_6,edu_aggregate_adv,2008,27.763
tur,sex_m,ocu_isco88_6,edu_aggregate_adv,2009,33.937
tur,sex_m,ocu_isco88_6,edu_aggregate_adv,2010,35.709
tur,sex_m,ocu_isco88_6,edu_aggregate_adv,2011,41.102
tur,sex_m,ocu_isco88_6,edu_aggregate_bas,2000,2675.801
tur,sex_m,ocu_isco88_6,edu_aggregate_bas,2002,2126.372
tur,sex_m,ocu_isco88_6,edu_aggregate_bas,2003,2211.324
tur,sex_m,ocu_isco88_6,edu_aggregate_bas,2004,1706.056
tur,sex_m,ocu_isco88_6,edu_aggregate_bas,2005,1422.967
tur,sex_m,ocu_isco88_6,edu_aggregate_bas,2006,1278.91
tur,sex_m,ocu_isco88_6,edu_aggregate_bas,2007,1254.47
tur,sex_m,ocu_isco88_6,edu_aggregate_bas,2008,1284.473
tur,sex_m,ocu_isco88_6,edu_aggregate_bas,2009,1365.447
tur,sex_m,ocu_isco88_6,edu_aggregate_bas,2010,1415.563
tur,sex_m,ocu_isco88_6,edu_aggregate_bas,2011,1431.534
tur,sex_m,ocu_isco88_6,edu_aggregate_int,2000,238.574
tur,sex_m,ocu_isco88_6,edu_aggregate_int,2002,164.324
tur,sex_m,ocu_isco88_6,edu_aggregate_int,2003,204.968
tur,sex_m,ocu_isco88_6,edu_aggregate_int,2004,176.333
tur,sex_m,ocu_isco88_6,edu_aggregate_int,2005,178.521
tur,sex_m,ocu_isco88_6,edu_aggregate_int,2006,156.603
tur,sex_m,ocu_isco88_6,edu_aggregate_int,2007,149.478
tur,sex_m,ocu_isco88_6,edu_aggregate_int,2008,150.105
tur,sex_m,ocu_isco88_6,edu_aggregate_int,2009,157.324
tur,sex_m,ocu_isco88_6,edu_aggregate_int,2010,173.21
tur,sex_m,ocu_isco88_6,edu_aggregate_int,2011,164.451
tur,sex_m,ocu_isco88_6,edu_aggregate_ltb,2000,635.161
tur,sex_m,ocu_isco88_6,edu_aggregate_ltb,2002,483.065
tur,sex_m,ocu_isco88_6,edu_aggregate_ltb,2003,474.801
tur,sex_m,ocu_isco88_6,edu_aggregate_ltb,2004,460.414
tur,sex_m,ocu_isco88_6,edu_aggregate_ltb,2005,383.229
tur,sex_m,ocu_isco88_6,edu_aggregate_ltb,2006,345.894
tur,sex_m,ocu_isco88_6,edu_aggregate_ltb,2007,337.732
tur,sex_m,ocu_isco88_6,edu_aggregate_ltb,2008,331.957
tur,sex_m,ocu_isco88_6,edu_aggregate_ltb,2009,333.81
tur,sex_m,ocu_isco88_6,edu_aggregate_ltb,2010,348.004
tur,sex_m,ocu_isco88_6,edu_aggregate_ltb,2011,349.342
tur,sex_m,ocu_isco88_6,edu_aggregate_total,2000,3561.126
tur,sex_m,ocu_isco88_6,edu_aggregate_total,2002,2787.016
tur,sex_m,ocu_isco88_6,edu_aggregate_total,2003,2906.456
tur,sex_m,ocu_isco88_6,edu_aggregate_total,2004,2363.316
tur,sex_m,ocu_isco88_6,edu_aggregate_total,2005,2007.531
tur,sex_m,ocu_isco88_6,edu_aggregate_total,2006,1807.452
tur,sex_m,ocu_isco88_6,edu_aggregate_total,2007,1766.321
tur,sex_m,ocu_isco88_6,edu_aggregate_total,2008,1794.298
tur,sex_m,ocu_isco88_6,edu_aggregate_total,2009,1890.519
tur,sex_m,ocu_isco88_6,edu_aggregate_total,2010,1972.486
tur,sex_m,ocu_isco88_6,edu_aggregate_total,2011,1986.429
tur,sex_m,ocu_isco88_6,edu_aggregate_x,2000,11.589
tur,sex_m,ocu_isco88_6,edu_aggregate_x,2002,13.255
tur,sex_m,ocu_isco88_6,edu_aggregate_x,2003,15.362
tur,sex_m,ocu_isco88_7,edu_aggregate_adv,2004,11.313
tur,sex_m,ocu_isco88_7,edu_aggregate_adv,2005,13.515
tur,sex_m,ocu_isco88_7,edu_aggregate_adv,2006,12.787
tur,sex_m,ocu_isco88_7,edu_aggregate_adv,2007,14.875
tur,sex_m,ocu_isco88_7,edu_aggregate_adv,2008,13.98
tur,sex_m,ocu_isco88_7,edu_aggregate_adv,2009,15.341
tur,sex_m,ocu_isco88_7,edu_aggregate_adv,2010,14.779
tur,sex_m,ocu_isco88_7,edu_aggregate_adv,2011,18.337
tur,sex_m,ocu_isco88_7,edu_aggregate_bas,2000,1750.688
tur,sex_m,ocu_isco88_7,edu_aggregate_bas,2002,987.27
tur,sex_m,ocu_isco88_7,edu_aggregate_bas,2003,967.701
tur,sex_m,ocu_isco88_7,edu_aggregate_bas,2004,958.742
tur,sex_m,ocu_isco88_7,edu_aggregate_bas,2005,969.375
tur,sex_m,ocu_isco88_7,edu_aggregate_bas,2006,950.296
tur,sex_m,ocu_isco88_7,edu_aggregate_bas,2007,904.632
tur,sex_m,ocu_isco88_7,edu_aggregate_bas,2008,830.486
tur,sex_m,ocu_isco88_7,edu_aggregate_bas,2009,763.024
tur,sex_m,ocu_isco88_7,edu_aggregate_bas,2010,820.047
tur,sex_m,ocu_isco88_7,edu_aggregate_bas,2011,803.279
tur,sex_m,ocu_isco88_7,edu_aggregate_int,2000,187.924
tur,sex_m,ocu_isco88_7,edu_aggregate_int,2002,137.332
tur,sex_m,ocu_isco88_7,edu_aggregate_int,2003,137.971
tur,sex_m,ocu_isco88_7,edu_aggregate_int,2004,144.402
tur,sex_m,ocu_isco88_7,edu_aggregate_int,2005,172.707
tur,sex_m,ocu_isco88_7,edu_aggregate_int,2006,164.729
tur,sex_m,ocu_isco88_7,edu_aggregate_int,2007,163.853
tur,sex_m,ocu_isco88_7,edu_aggregate_int,2008,161.132
tur,sex_m,ocu_isco88_7,edu_aggregate_int,2009,135.978
tur,sex_m,ocu_isco88_7,edu_aggregate_int,2010,134.901
tur,sex_m,ocu_isco88_7,edu_aggregate_int,2011,141.211
tur,sex_m,ocu_isco88_7,edu_aggregate_ltb,2000,155.149
tur,sex_m,ocu_isco88_7,edu_aggregate_ltb,2002,44.98
tur,sex_m,ocu_isco88_7,edu_aggregate_ltb,2003,44.877
tur,sex_m,ocu_isco88_7,edu_aggregate_ltb,2004,64.866
tur,sex_m,ocu_isco88_7,edu_aggregate_ltb,2005,86.844
tur,sex_m,ocu_isco88_7,edu_aggregate_ltb,2006,91.147
tur,sex_m,ocu_isco88_7,edu_aggregate_ltb,2007,92.394
tur,sex_m,ocu_isco88_7,edu_aggregate_ltb,2008,83.788
tur,sex_m,ocu_isco88_7,edu_aggregate_ltb,2009,90.788
tur,sex_m,ocu_isco88_7,edu_aggregate_ltb,2010,87.824
tur,sex_m,ocu_isco88_7,edu_aggregate_ltb,2011,90.414
tur,sex_m,ocu_isco88_7,edu_aggregate_total,2000,2103.772
tur,sex_m,ocu_isco88_7,edu_aggregate_total,2002,1176.549
tur,sex_m,ocu_isco88_7,edu_aggregate_total,2003,1160.905
tur,sex_m,ocu_isco88_7,edu_aggregate_total,2004,1179.323
tur,sex_m,ocu_isco88_7,edu_aggregate_total,2005,1242.441
tur,sex_m,ocu_isco88_7,edu_aggregate_total,2006,1218.959
tur,sex_m,ocu_isco88_7,edu_aggregate_total,2007,1175.753
tur,sex_m,ocu_isco88_7,edu_aggregate_total,2008,1089.385
tur,sex_m,ocu_isco88_7,edu_aggregate_total,2009,1005.131
tur,sex_m,ocu_isco88_7,edu_aggregate_total,2010,1057.551
tur,sex_m,ocu_isco88_7,edu_aggregate_total,2011,1053.242
tur,sex_m,ocu_isco88_7,edu_aggregate_x,2000,10.011
tur,sex_m,ocu_isco88_7,edu_aggregate_x,2002,6.967
tur,sex_m,ocu_isco88_7,edu_aggregate_x,2003,10.356
tur,sex_m,ocu_isco88_8,edu_aggregate_adv,2004,5.068
tur,sex_m,ocu_isco88_8,edu_aggregate_adv,2005,7.943
tur,sex_m,ocu_isco88_8,edu_aggregate_adv,2006,4.858
tur,sex_m,ocu_isco88_8,edu_aggregate_adv,2007,8.736
tur,sex_m,ocu_isco88_8,edu_aggregate_adv,2008,8.467
tur,sex_m,ocu_isco88_8,edu_aggregate_adv,2009,7.259
tur,sex_m,ocu_isco88_8,edu_aggregate_adv,2010,7.421
tur,sex_m,ocu_isco88_8,edu_aggregate_adv,2011,9.067
tur,sex_m,ocu_isco88_8,edu_aggregate_bas,2000,11.194
tur,sex_m,ocu_isco88_8,edu_aggregate_bas,2002,390.418
tur,sex_m,ocu_isco88_8,edu_aggregate_bas,2003,414.191
tur,sex_m,ocu_isco88_8,edu_aggregate_bas,2004,460
tur,sex_m,ocu_isco88_8,edu_aggregate_bas,2005,490.967
tur,sex_m,ocu_isco88_8,edu_aggregate_bas,2006,516.393
tur,sex_m,ocu_isco88_8,edu_aggregate_bas,2007,508.547
tur,sex_m,ocu_isco88_8,edu_aggregate_bas,2008,450.885
tur,sex_m,ocu_isco88_8,edu_aggregate_bas,2009,409.919
tur,sex_m,ocu_isco88_8,edu_aggregate_bas,2010,416.188
tur,sex_m,ocu_isco88_8,edu_aggregate_bas,2011,404.775
tur,sex_m,ocu_isco88_8,edu_aggregate_int,2000,1.243
tur,sex_m,ocu_isco88_8,edu_aggregate_int,2002,66.497
tur,sex_m,ocu_isco88_8,edu_aggregate_int,2003,64.348
tur,sex_m,ocu_isco88_8,edu_aggregate_int,2004,76.565
tur,sex_m,ocu_isco88_8,edu_aggregate_int,2005,86.895
tur,sex_m,ocu_isco88_8,edu_aggregate_int,2006,88.058
tur,sex_m,ocu_isco88_8,edu_aggregate_int,2007,91.911
tur,sex_m,ocu_isco88_8,edu_aggregate_int,2008,80.647
tur,sex_m,ocu_isco88_8,edu_aggregate_int,2009,80.648
tur,sex_m,ocu_isco88_8,edu_aggregate_int,2010,81.159
tur,sex_m,ocu_isco88_8,edu_aggregate_int,2011,75.025
tur,sex_m,ocu_isco88_8,edu_aggregate_ltb,2002,16.76
tur,sex_m,ocu_isco88_8,edu_aggregate_ltb,2003,12.124
tur,sex_m,ocu_isco88_8,edu_aggregate_ltb,2004,23.402
tur,sex_m,ocu_isco88_8,edu_aggregate_ltb,2005,29.482
tur,sex_m,ocu_isco88_8,edu_aggregate_ltb,2006,32.076
tur,sex_m,ocu_isco88_8,edu_aggregate_ltb,2007,36.52
tur,sex_m,ocu_isco88_8,edu_aggregate_ltb,2008,30.68
tur,sex_m,ocu_isco88_8,edu_aggregate_ltb,2009,27.971
tur,sex_m,ocu_isco88_8,edu_aggregate_ltb,2010,29.23
tur,sex_m,ocu_isco88_8,edu_aggregate_ltb,2011,37.011
tur,sex_m,ocu_isco88_8,edu_aggregate_total,2000,12.888
tur,sex_m,ocu_isco88_8,edu_aggregate_total,2002,479.066
tur,sex_m,ocu_isco88_8,edu_aggregate_total,2003,496.616
tur,sex_m,ocu_isco88_8,edu_aggregate_total,2004,565.034
tur,sex_m,ocu_isco88_8,edu_aggregate_total,2005,615.287
tur,sex_m,ocu_isco88_8,edu_aggregate_total,2006,641.385
tur,sex_m,ocu_isco88_8,edu_aggregate_total,2007,645.714
tur,sex_m,ocu_isco88_8,edu_aggregate_total,2008,570.679
tur,sex_m,ocu_isco88_8,edu_aggregate_total,2009,525.796
tur,sex_m,ocu_isco88_8,edu_aggregate_total,2010,533.997
tur,sex_m,ocu_isco88_8,edu_aggregate_total,2011,525.878
tur,sex_m,ocu_isco88_8,edu_aggregate_x,2002,5.391
tur,sex_m,ocu_isco88_8,edu_aggregate_x,2003,5.953
tur,sex_m,ocu_isco88_9,edu_aggregate_adv,2004,4.545
tur,sex_m,ocu_isco88_9,edu_aggregate_adv,2005,8.131
tur,sex_m,ocu_isco88_9,edu_aggregate_adv,2006,5.227
tur,sex_m,ocu_isco88_9,edu_aggregate_adv,2007,9.755
tur,sex_m,ocu_isco88_9,edu_aggregate_adv,2008,8.987
tur,sex_m,ocu_isco88_9,edu_aggregate_adv,2009,9.104
tur,sex_m,ocu_isco88_9,edu_aggregate_adv,2010,15.333
tur,sex_m,ocu_isco88_9,edu_aggregate_adv,2011,17.826
tur,sex_m,ocu_isco88_9,edu_aggregate_bas,2002,715.678
tur,sex_m,ocu_isco88_9,edu_aggregate_bas,2003,627.838
tur,sex_m,ocu_isco88_9,edu_aggregate_bas,2004,694.168
tur,sex_m,ocu_isco88_9,edu_aggregate_bas,2005,681.702
tur,sex_m,ocu_isco88_9,edu_aggregate_bas,2006,730.502
tur,sex_m,ocu_isco88_9,edu_aggregate_bas,2007,736.304
tur,sex_m,ocu_isco88_9,edu_aggregate_bas,2008,759.47
tur,sex_m,ocu_isco88_9,edu_aggregate_bas,2009,764.792
tur,sex_m,ocu_isco88_9,edu_aggregate_bas,2010,777.697
tur,sex_m,ocu_isco88_9,edu_aggregate_bas,2011,877.341
tur,sex_m,ocu_isco88_9,edu_aggregate_int,2002,81.536
tur,sex_m,ocu_isco88_9,edu_aggregate_int,2003,58.348
tur,sex_m,ocu_isco88_9,edu_aggregate_int,2004,104.977
tur,sex_m,ocu_isco88_9,edu_aggregate_int,2005,99.951
tur,sex_m,ocu_isco88_9,edu_aggregate_int,2006,112.07
tur,sex_m,ocu_isco88_9,edu_aggregate_int,2007,115.02
tur,sex_m,ocu_isco88_9,edu_aggregate_int,2008,113.958
tur,sex_m,ocu_isco88_9,edu_aggregate_int,2009,122.304
tur,sex_m,ocu_isco88_9,edu_aggregate_int,2010,110.335
tur,sex_m,ocu_isco88_9,edu_aggregate_int,2011,128.417
tur,sex_m,ocu_isco88_9,edu_aggregate_ltb,2002,124.37
tur,sex_m,ocu_isco88_9,edu_aggregate_ltb,2003,120.17
tur,sex_m,ocu_isco88_9,edu_aggregate_ltb,2004,164.914
tur,sex_m,ocu_isco88_9,edu_aggregate_ltb,2005,184.075
tur,sex_m,ocu_isco88_9,edu_aggregate_ltb,2006,192.272
tur,sex_m,ocu_isco88_9,edu_aggregate_ltb,2007,183.676
tur,sex_m,ocu_isco88_9,edu_aggregate_ltb,2008,194.53
tur,sex_m,ocu_isco88_9,edu_aggregate_ltb,2009,195.377
tur,sex_m,ocu_isco88_9,edu_aggregate_ltb,2010,198.872
tur,sex_m,ocu_isco88_9,edu_aggregate_ltb,2011,224.267
tur,sex_m,ocu_isco88_9,edu_aggregate_total,2002,924.912
tur,sex_m,ocu_isco88_9,edu_aggregate_total,2003,809.443
tur,sex_m,ocu_isco88_9,edu_aggregate_total,2004,968.603
tur,sex_m,ocu_isco88_9,edu_aggregate_total,2005,973.859
tur,sex_m,ocu_isco88_9,edu_aggregate_total,2006,1040.071
tur,sex_m,ocu_isco88_9,edu_aggregate_total,2007,1044.755
tur,sex_m,ocu_isco88_9,edu_aggregate_total,2008,1076.945
tur,sex_m,ocu_isco88_9,edu_aggregate_total,2009,1091.577
tur,sex_m,ocu_isco88_9,edu_aggregate_total,2010,1102.237
tur,sex_m,ocu_isco88_9,edu_aggregate_total,2011,1247.851
tur,sex_m,ocu_isco88_9,edu_aggregate_x,2002,3.328
tur,sex_m,ocu_isco88_9,edu_aggregate_x,2003,3.088
tur,sex_m,ocu_isco88_total,edu_aggregate_adv,2004,163.108
tur,sex_m,ocu_isco88_total,edu_aggregate_adv,2005,193.964
tur,sex_m,ocu_isco88_total,edu_aggregate_adv,2006,198.223
tur,sex_m,ocu_isco88_total,edu_aggregate_adv,2007,223.415
tur,sex_m,ocu_isco88_total,edu_aggregate_adv,2008,219.454
tur,sex_m,ocu_isco88_total,edu_aggregate_adv,2009,225.862
tur,sex_m,ocu_isco88_total,edu_aggregate_adv,2010,231.629
tur,sex_m,ocu_isco88_total,edu_aggregate_adv,2011,233.78
tur,sex_m,ocu_isco88_total,edu_aggregate_bas,2000,5362.843
tur,sex_m,ocu_isco88_total,edu_aggregate_bas,2002,5079.281
tur,sex_m,ocu_isco88_total,edu_aggregate_bas,2003,5099.475
tur,sex_m,ocu_isco88_total,edu_aggregate_bas,2004,4727.735
tur,sex_m,ocu_isco88_total,edu_aggregate_bas,2005,4544.885
tur,sex_m,ocu_isco88_total,edu_aggregate_bas,2006,4492.308
tur,sex_m,ocu_isco88_total,edu_aggregate_bas,2007,4354.285
tur,sex_m,ocu_isco88_total,edu_aggregate_bas,2008,4221.119
tur,sex_m,ocu_isco88_total,edu_aggregate_bas,2009,4207.181
tur,sex_m,ocu_isco88_total,edu_aggregate_bas,2010,4318.686
tur,sex_m,ocu_isco88_total,edu_aggregate_bas,2011,4375.415
tur,sex_m,ocu_isco88_total,edu_aggregate_int,2000,725.6
tur,sex_m,ocu_isco88_total,edu_aggregate_int,2002,822.21
tur,sex_m,ocu_isco88_total,edu_aggregate_int,2003,859.427
tur,sex_m,ocu_isco88_total,edu_aggregate_int,2004,891.153
tur,sex_m,ocu_isco88_total,edu_aggregate_int,2005,962.735
tur,sex_m,ocu_isco88_total,edu_aggregate_int,2006,966.877
tur,sex_m,ocu_isco88_total,edu_aggregate_int,2007,957.446
tur,sex_m,ocu_isco88_total,edu_aggregate_int,2008,891.22
tur,sex_m,ocu_isco88_total,edu_aggregate_int,2009,872.319
tur,sex_m,ocu_isco88_total,edu_aggregate_int,2010,845.828
tur,sex_m,ocu_isco88_total,edu_aggregate_int,2011,847.372
tur,sex_m,ocu_isco88_total,edu_aggregate_ltb,2000,895.185
tur,sex_m,ocu_isco88_total,edu_aggregate_ltb,2002,716.441
tur,sex_m,ocu_isco88_total,edu_aggregate_ltb,2003,692.972
tur,sex_m,ocu_isco88_total,edu_aggregate_ltb,2004,790.424
tur,sex_m,ocu_isco88_total,edu_aggregate_ltb,2005,765.764
tur,sex_m,ocu_isco88_total,edu_aggregate_ltb,2006,745.846
tur,sex_m,ocu_isco88_total,edu_aggregate_ltb,2007,728.621
tur,sex_m,ocu_isco88_total,edu_aggregate_ltb,2008,717.12
tur,sex_m,ocu_isco88_total,edu_aggregate_ltb,2009,730.804
tur,sex_m,ocu_isco88_total,edu_aggregate_ltb,2010,746.402
tur,sex_m,ocu_isco88_total,edu_aggregate_ltb,2011,785.062
tur,sex_m,ocu_isco88_total,edu_aggregate_total,2000,7059.259
tur,sex_m,ocu_isco88_total,edu_aggregate_total,2002,6747.055
tur,sex_m,ocu_isco88_total,edu_aggregate_total,2003,6794.524
tur,sex_m,ocu_isco88_total,edu_aggregate_total,2004,6572.42
tur,sex_m,ocu_isco88_total,edu_aggregate_total,2005,6467.349
tur,sex_m,ocu_isco88_total,edu_aggregate_total,2006,6403.253
tur,sex_m,ocu_isco88_total,edu_aggregate_total,2007,6263.768
tur,sex_m,ocu_isco88_total,edu_aggregate_total,2008,6048.913
tur,sex_m,ocu_isco88_total,edu_aggregate_total,2009,6036.166
tur,sex_m,ocu_isco88_total,edu_aggregate_total,2010,6142.544
tur,sex_m,ocu_isco88_total,edu_aggregate_total,2011,6241.628
tur,sex_m,ocu_isco88_total,edu_aggregate_x,2000,75.63
tur,sex_m,ocu_isco88_total,edu_aggregate_x,2002,129.123
tur,sex_m,ocu_isco88_total,edu_aggregate_x,2003,142.65
tur,sex_m,ocu_skill_l1,edu_aggregate_adv,2004,4.545
tur,sex_m,ocu_skill_l1,edu_aggregate_adv,2005,8.131
tur,sex_m,ocu_skill_l1,edu_aggregate_adv,2006,5.227
tur,sex_m,ocu_skill_l1,edu_aggregate_adv,2007,9.755
tur,sex_m,ocu_skill_l1,edu_aggregate_adv,2008,8.987
tur,sex_m,ocu_skill_l1,edu_aggregate_adv,2009,9.104
tur,sex_m,ocu_skill_l1,edu_aggregate_adv,2010,15.333
tur,sex_m,ocu_skill_l1,edu_aggregate_adv,2011,17.826
tur,sex_m,ocu_skill_l1,edu_aggregate_adv,2012,15.906
tur,sex_m,ocu_skill_l1,edu_aggregate_adv,2013,19.159
tur,sex_m,ocu_skill_l1,edu_aggregate_adv,2014,18.523
tur,sex_m,ocu_skill_l1,edu_aggregate_adv,2015,24.718
tur,sex_m,ocu_skill_l1,edu_aggregate_adv,2016,31.581
tur,sex_m,ocu_skill_l1,edu_aggregate_adv,2017,36.556
tur,sex_m,ocu_skill_l1,edu_aggregate_adv,2018,34.257
tur,sex_m,ocu_skill_l1,edu_aggregate_adv,2019,44.244
tur,sex_m,ocu_skill_l1,edu_aggregate_adv,2020,41.656
tur,sex_m,ocu_skill_l1,edu_aggregate_adv,2021,50.65
tur,sex_m,ocu_skill_l1,edu_aggregate_adv,2022,42.562
tur,sex_m,ocu_skill_l1,edu_aggregate_adv,2023,40.763
tur,sex_m,ocu_skill_l1,edu_aggregate_bas,2002,715.678
tur,sex_m,ocu_skill_l1,edu_aggregate_bas,2003,627.838
tur,sex_m,ocu_skill_l1,edu_aggregate_bas,2004,694.168
tur,sex_m,ocu_skill_l1,edu_aggregate_bas,2005,681.702
tur,sex_m,ocu_skill_l1,edu_aggregate_bas,2006,730.502
tur,sex_m,ocu_skill_l1,edu_aggregate_bas,2007,736.304
tur,sex_m,ocu_skill_l1,edu_aggregate_bas,2008,759.47
tur,sex_m,ocu_skill_l1,edu_aggregate_bas,2009,764.792
tur,sex_m,ocu_skill_l1,edu_aggregate_bas,2010,777.697
tur,sex_m,ocu_skill_l1,edu_aggregate_bas,2011,877.341
tur,sex_m,ocu_skill_l1,edu_aggregate_bas,2012,728.324
tur,sex_m,ocu_skill_l1,edu_aggregate_bas,2013,687.143
tur,sex_m,ocu_skill_l1,edu_aggregate_bas,2014,731.002
tur,sex_m,ocu_skill_l1,edu_aggregate_bas,2015,715.413
tur,sex_m,ocu_skill_l1,edu_aggregate_bas,2016,731.385
tur,sex_m,ocu_skill_l1,edu_aggregate_bas,2017,760.599
tur,sex_m,ocu_skill_l1,edu_aggregate_bas,2018,701.272
tur,sex_m,ocu_skill_l1,edu_aggregate_bas,2019,661.274
tur,sex_m,ocu_skill_l1,edu_aggregate_bas,2020,622.222
tur,sex_m,ocu_skill_l1,edu_aggregate_bas,2021,683.788
tur,sex_m,ocu_skill_l1,edu_aggregate_bas,2022,675.307
tur,sex_m,ocu_skill_l1,edu_aggregate_bas,2023,644.068
tur,sex_m,ocu_skill_l1,edu_aggregate_int,2002,81.536
tur,sex_m,ocu_skill_l1,edu_aggregate_int,2003,58.348
tur,sex_m,ocu_skill_l1,edu_aggregate_int,2004,104.977
tur,sex_m,ocu_skill_l1,edu_aggregate_int,2005,99.951
tur,sex_m,ocu_skill_l1,edu_aggregate_int,2006,112.07
tur,sex_m,ocu_skill_l1,edu_aggregate_int,2007,115.02
tur,sex_m,ocu_skill_l1,edu_aggregate_int,2008,113.958
tur,sex_m,ocu_skill_l1,edu_aggregate_int,2009,122.304
tur,sex_m,ocu_skill_l1,edu_aggregate_int,2010,110.335
tur,sex_m,ocu_skill_l1,edu_aggregate_int,2011,128.417
tur,sex_m,ocu_skill_l1,edu_aggregate_int,2012,120.777
tur,sex_m,ocu_skill_l1,edu_aggregate_int,2013,105.182
tur,sex_m,ocu_skill_l1,edu_aggregate_int,2014,114.425
tur,sex_m,ocu_skill_l1,edu_aggregate_int,2015,116.678
tur,sex_m,ocu_skill_l1,edu_aggregate_int,2016,136.739
tur,sex_m,ocu_skill_l1,edu_aggregate_int,2017,131.763
tur,sex_m,ocu_skill_l1,edu_aggregate_int,2018,140.778
tur,sex_m,ocu_skill_l1,edu_aggregate_int,2019,143.798
tur,sex_m,ocu_skill_l1,edu_aggregate_int,2020,143.752
tur,sex_m,ocu_skill_l1,edu_aggregate_int,2021,178.259
tur,sex_m,ocu_skill_l1,edu_aggregate_int,2022,179.369
tur,sex_m,ocu_skill_l1,edu_aggregate_int,2023,183.318
tur,sex_m,ocu_skill_l1,edu_aggregate_ltb,2002,124.37
tur,sex_m,ocu_skill_l1,edu_aggregate_ltb,2003,120.17
tur,sex_m,ocu_skill_l1,edu_aggregate_ltb,2004,164.914
tur,sex_m,ocu_skill_l1,edu_aggregate_ltb,2005,184.075
tur,sex_m,ocu_skill_l1,edu_aggregate_ltb,2006,192.272
tur,sex_m,ocu_skill_l1,edu_aggregate_ltb,2007,183.676
tur,sex_m,ocu_skill_l1,edu_aggregate_ltb,2008,194.53
tur,sex_m,ocu_skill_l1,edu_aggregate_ltb,2009,195.377
tur,sex_m,ocu_skill_l1,edu_aggregate_ltb,2010,198.872
tur,sex_m,ocu_skill_l1,edu_aggregate_ltb,2011,224.267
tur,sex_m,ocu_skill_l1,edu_aggregate_ltb,2012,177.25
tur,sex_m,ocu_skill_l1,edu_aggregate_ltb,2013,161.792
tur,sex_m,ocu_skill_l1,edu_aggregate_ltb,2014,164.749
tur,sex_m,ocu_skill_l1,edu_aggregate_ltb,2015,150.726
tur,sex_m,ocu_skill_l1,edu_aggregate_ltb,2016,151.433
tur,sex_m,ocu_skill_l1,edu_aggregate_ltb,2017,143.49
tur,sex_m,ocu_skill_l1,edu_aggregate_ltb,2018,155.28
tur,sex_m,ocu_skill_l1,edu_aggregate_ltb,2019,131.559
tur,sex_m,ocu_skill_l1,edu_aggregate_ltb,2020,114.617
tur,sex_m,ocu_skill_l1,edu_aggregate_ltb,2021,120.473
tur,sex_m,ocu_skill_l1,edu_aggregate_ltb,2022,152.662
tur,sex_m,ocu_skill_l1,edu_aggregate_ltb,2023,113.214
tur,sex_m,ocu_skill_l1,edu_aggregate_total,2002,924.912
tur,sex_m,ocu_skill_l1,edu_aggregate_total,2003,809.443
tur,sex_m,ocu_skill_l1,edu_aggregate_total,2004,968.603
tur,sex_m,ocu_skill_l1,edu_aggregate_total,2005,973.859
tur,sex_m,ocu_skill_l1,edu_aggregate_total,2006,1040.071
tur,sex_m,ocu_skill_l1,edu_aggregate_total,2007,1044.755
tur,sex_m,ocu_skill_l1,edu_aggregate_total,2008,1076.945
tur,sex_m,ocu_skill_l1,edu_aggregate_total,2009,1091.577
tur,sex_m,ocu_skill_l1,edu_aggregate_total,2010,1102.237
tur,sex_m,ocu_skill_l1,edu_aggregate_total,2011,1247.851
tur,sex_m,ocu_skill_l1,edu_aggregate_total,2012,1042.258
tur,sex_m,ocu_skill_l1,edu_aggregate_total,2013,973.275
tur,sex_m,ocu_skill_l1,edu_aggregate_total,2014,1028.699
tur,sex_m,ocu_skill_l1,edu_aggregate_total,2015,1007.536
tur,sex_m,ocu_skill_l1,edu_aggregate_total,2016,1051.138
tur,sex_m,ocu_skill_l1,edu_aggregate_total,2017,1072.407
tur,sex_m,ocu_skill_l1,edu_aggregate_total,2018,1031.587
tur,sex_m,ocu_skill_l1,edu_aggregate_total,2019,980.875
tur,sex_m,ocu_skill_l1,edu_aggregate_total,2020,922.247
tur,sex_m,ocu_skill_l1,edu_aggregate_total,2021,1033.169
tur,sex_m,ocu_skill_l1,edu_aggregate_total,2022,1049.9
tur,sex_m,ocu_skill_l1,edu_aggregate_total,2023,981.363
tur,sex_m,ocu_skill_l1,edu_aggregate_x,2002,3.328
tur,sex_m,ocu_skill_l1,edu_aggregate_x,2003,3.088
tur,sex_m,ocu_skill_l1,edu_isced11_0,2021,72.365
tur,sex_m,ocu_skill_l1,edu_isced11_0,2022,90.235
tur,sex_m,ocu_skill_l1,edu_isced11_0,2023,70.635
tur,sex_m,ocu_skill_l1,edu_isced11_1,2021,328.053
tur,sex_m,ocu_skill_l1,edu_isced11_1,2022,323.339
tur,sex_m,ocu_skill_l1,edu_isced11_1,2023,301.944
tur,sex_m,ocu_skill_l1,edu_isced11_2,2021,355.735
tur,sex_m,ocu_skill_l1,edu_isced11_2,2022,351.967
tur,sex_m,ocu_skill_l1,edu_isced11_2,2023,342.124
tur,sex_m,ocu_skill_l1,edu_isced11_3,2021,178.259
tur,sex_m,ocu_skill_l1,edu_isced11_3,2022,179.369
tur,sex_m,ocu_skill_l1,edu_isced11_3,2023,183.318
tur,sex_m,ocu_skill_l1,edu_isced11_6,2021,26.289
tur,sex_m,ocu_skill_l1,edu_isced11_6,2022,21.296
tur,sex_m,ocu_skill_l1,edu_isced11_6,2023,19.115
tur,sex_m,ocu_skill_l1,edu_isced11_7,2021,23.606
tur,sex_m,ocu_skill_l1,edu_isced11_7,2022,20.714
tur,sex_m,ocu_skill_l1,edu_isced11_7,2023,20.211
tur,sex_m,ocu_skill_l1,edu_isced11_8,2021,0.755
tur,sex_m,ocu_skill_l1,edu_isced11_8,2022,0.552
tur,sex_m,ocu_skill_l1,edu_isced11_8,2023,1.437
tur,sex_m,ocu_skill_l1,edu_isced11_total,2021,1033.169
tur,sex_m,ocu_skill_l1,edu_isced11_total,2022,1049.9
tur,sex_m,ocu_skill_l1,edu_isced11_total,2023,981.363
tur,sex_m,ocu_skill_l1,edu_isced11_x,2021,48.107
tur,sex_m,ocu_skill_l1,edu_isced11_x,2022,62.427
tur,sex_m,ocu_skill_l1,edu_isced11_x,2023,42.579
tur,sex_m,ocu_skill_l2,edu_aggregate_adv,2004,69.76
tur,sex_m,ocu_skill_l2,edu_aggregate_adv,2005,80.255
tur,sex_m,ocu_skill_l2,edu_aggregate_adv,2006,85.616
tur,sex_m,ocu_skill_l2,edu_aggregate_adv,2007,89.178
tur,sex_m,ocu_skill_l2,edu_aggregate_adv,2008,87.662
tur,sex_m,ocu_skill_l2,edu_aggregate_adv,2009,98.862
tur,sex_m,ocu_skill_l2,edu_aggregate_adv,2010,105.225
tur,sex_m,ocu_skill_l2,edu_aggregate_adv,2011,116.619
tur,sex_m,ocu_skill_l2,edu_aggregate_adv,2012,123.013
tur,sex_m,ocu_skill_l2,edu_aggregate_adv,2013,109.938
tur,sex_m,ocu_skill_l2,edu_aggregate_adv,2014,133.652
tur,sex_m,ocu_skill_l2,edu_aggregate_adv,2015,140.856
tur,sex_m,ocu_skill_l2,edu_aggregate_adv,2016,163.897
tur,sex_m,ocu_skill_l2,edu_aggregate_adv,2017,190.492
tur,sex_m,ocu_skill_l2,edu_aggregate_adv,2018,207.338
tur,sex_m,ocu_skill_l2,edu_aggregate_adv,2019,225.36
tur,sex_m,ocu_skill_l2,edu_aggregate_adv,2020,233.459
tur,sex_m,ocu_skill_l2,edu_aggregate_adv,2021,245.862
tur,sex_m,ocu_skill_l2,edu_aggregate_adv,2022,224.876
tur,sex_m,ocu_skill_l2,edu_aggregate_adv,2023,227.681
tur,sex_m,ocu_skill_l2,edu_aggregate_bas,2000,5282.526
tur,sex_m,ocu_skill_l2,edu_aggregate_bas,2002,4112.826
tur,sex_m,ocu_skill_l2,edu_aggregate_bas,2003,4187.251
tur,sex_m,ocu_skill_l2,edu_aggregate_bas,2004,3700.259
tur,sex_m,ocu_skill_l2,edu_aggregate_bas,2005,3441.108
tur,sex_m,ocu_skill_l2,edu_aggregate_bas,2006,3356.046
tur,sex_m,ocu_skill_l2,edu_aggregate_bas,2007,3257.431
tur,sex_m,ocu_skill_l2,edu_aggregate_bas,2008,3096.958
tur,sex_m,ocu_skill_l2,edu_aggregate_bas,2009,3108.557
tur,sex_m,ocu_skill_l2,edu_aggregate_bas,2010,3225.131
tur,sex_m,ocu_skill_l2,edu_aggregate_bas,2011,3197.604
tur,sex_m,ocu_skill_l2,edu_aggregate_bas,2012,3230.338
tur,sex_m,ocu_skill_l2,edu_aggregate_bas,2013,3138.805
tur,sex_m,ocu_skill_l2,edu_aggregate_bas,2014,3015.187
tur,sex_m,ocu_skill_l2,edu_aggregate_bas,2015,2993.642
tur,sex_m,ocu_skill_l2,edu_aggregate_bas,2016,3039.586
tur,sex_m,ocu_skill_l2,edu_aggregate_bas,2017,3157.525
tur,sex_m,ocu_skill_l2,edu_aggregate_bas,2018,3214.23
tur,sex_m,ocu_skill_l2,edu_aggregate_bas,2019,3209.962
tur,sex_m,ocu_skill_l2,edu_aggregate_bas,2020,2693.956
tur,sex_m,ocu_skill_l2,edu_aggregate_bas,2021,2634.282
tur,sex_m,ocu_skill_l2,edu_aggregate_bas,2022,2458.329
tur,sex_m,ocu_skill_l2,edu_aggregate_bas,2023,2520.781
tur,sex_m,ocu_skill_l2,edu_aggregate_int,2000,664.088
tur,sex_m,ocu_skill_l2,edu_aggregate_int,2002,625.195
tur,sex_m,ocu_skill_l2,edu_aggregate_int,2003,654.316
tur,sex_m,ocu_skill_l2,edu_aggregate_int,2004,633.663
tur,sex_m,ocu_skill_l2,edu_aggregate_int,2005,672.432
tur,sex_m,ocu_skill_l2,edu_aggregate_int,2006,668.531
tur,sex_m,ocu_skill_l2,edu_aggregate_int,2007,662.924
tur,sex_m,ocu_skill_l2,edu_aggregate_int,2008,618.578
tur,sex_m,ocu_skill_l2,edu_aggregate_int,2009,594.705
tur,sex_m,ocu_skill_l2,edu_aggregate_int,2010,595.129
tur,sex_m,ocu_skill_l2,edu_aggregate_int,2011,580.809
tur,sex_m,ocu_skill_l2,edu_aggregate_int,2012,566.944
tur,sex_m,ocu_skill_l2,edu_aggregate_int,2013,561.462
tur,sex_m,ocu_skill_l2,edu_aggregate_int,2014,539.566
tur,sex_m,ocu_skill_l2,edu_aggregate_int,2015,519.742
tur,sex_m,ocu_skill_l2,edu_aggregate_int,2016,567.3
tur,sex_m,ocu_skill_l2,edu_aggregate_int,2017,639.684
tur,sex_m,ocu_skill_l2,edu_aggregate_int,2018,676.158
tur,sex_m,ocu_skill_l2,edu_aggregate_int,2019,725.938
tur,sex_m,ocu_skill_l2,edu_aggregate_int,2020,656.619
tur,sex_m,ocu_skill_l2,edu_aggregate_int,2021,692.506
tur,sex_m,ocu_skill_l2,edu_aggregate_int,2022,721.268
tur,sex_m,ocu_skill_l2,edu_aggregate_int,2023,744.613
tur,sex_m,ocu_skill_l2,edu_aggregate_ltb,2000,891.389
tur,sex_m,ocu_skill_l2,edu_aggregate_ltb,2002,571.844
tur,sex_m,ocu_skill_l2,edu_aggregate_ltb,2003,557.832
tur,sex_m,ocu_skill_l2,edu_aggregate_ltb,2004,595.47
tur,sex_m,ocu_skill_l2,edu_aggregate_ltb,2005,543.317
tur,sex_m,ocu_skill_l2,edu_aggregate_ltb,2006,521.337
tur,sex_m,ocu_skill_l2,edu_aggregate_ltb,2007,519.198
tur,sex_m,ocu_skill_l2,edu_aggregate_ltb,2008,495.85
tur,sex_m,ocu_skill_l2,edu_aggregate_ltb,2009,508.599
tur,sex_m,ocu_skill_l2,edu_aggregate_ltb,2010,522.31
tur,sex_m,ocu_skill_l2,edu_aggregate_ltb,2011,535.567
tur,sex_m,ocu_skill_l2,edu_aggregate_ltb,2012,541.071
tur,sex_m,ocu_skill_l2,edu_aggregate_ltb,2013,499.516
tur,sex_m,ocu_skill_l2,edu_aggregate_ltb,2014,466.217
tur,sex_m,ocu_skill_l2,edu_aggregate_ltb,2015,400.545
tur,sex_m,ocu_skill_l2,edu_aggregate_ltb,2016,392.542
tur,sex_m,ocu_skill_l2,edu_aggregate_ltb,2017,381.221
tur,sex_m,ocu_skill_l2,edu_aggregate_ltb,2018,369.77
tur,sex_m,ocu_skill_l2,edu_aggregate_ltb,2019,359.213
tur,sex_m,ocu_skill_l2,edu_aggregate_ltb,2020,255.995
tur,sex_m,ocu_skill_l2,edu_aggregate_ltb,2021,269.455
tur,sex_m,ocu_skill_l2,edu_aggregate_ltb,2022,254.125
tur,sex_m,ocu_skill_l2,edu_aggregate_ltb,2023,234.89
tur,sex_m,ocu_skill_l2,edu_aggregate_total,2000,6882.102
tur,sex_m,ocu_skill_l2,edu_aggregate_total,2002,5362.822
tur,sex_m,ocu_skill_l2,edu_aggregate_total,2003,5457.599
tur,sex_m,ocu_skill_l2,edu_aggregate_total,2004,4999.152
tur,sex_m,ocu_skill_l2,edu_aggregate_total,2005,4737.112
tur,sex_m,ocu_skill_l2,edu_aggregate_total,2006,4631.531
tur,sex_m,ocu_skill_l2,edu_aggregate_total,2007,4528.731
tur,sex_m,ocu_skill_l2,edu_aggregate_total,2008,4299.048
tur,sex_m,ocu_skill_l2,edu_aggregate_total,2009,4310.724
tur,sex_m,ocu_skill_l2,edu_aggregate_total,2010,4447.795
tur,sex_m,ocu_skill_l2,edu_aggregate_total,2011,4430.599
tur,sex_m,ocu_skill_l2,edu_aggregate_total,2012,4461.366
tur,sex_m,ocu_skill_l2,edu_aggregate_total,2013,4309.721
tur,sex_m,ocu_skill_l2,edu_aggregate_total,2014,4154.622
tur,sex_m,ocu_skill_l2,edu_aggregate_total,2015,4054.784
tur,sex_m,ocu_skill_l2,edu_aggregate_total,2016,4163.326
tur,sex_m,ocu_skill_l2,edu_aggregate_total,2017,4368.922
tur,sex_m,ocu_skill_l2,edu_aggregate_total,2018,4467.494
tur,sex_m,ocu_skill_l2,edu_aggregate_total,2019,4520.473
tur,sex_m,ocu_skill_l2,edu_aggregate_total,2020,3840.029
tur,sex_m,ocu_skill_l2,edu_aggregate_total,2021,3842.105
tur,sex_m,ocu_skill_l2,edu_aggregate_total,2022,3658.598
tur,sex_m,ocu_skill_l2,edu_aggregate_total,2023,3727.965
tur,sex_m,ocu_skill_l2,edu_aggregate_x,2000,44.099
tur,sex_m,ocu_skill_l2,edu_aggregate_x,2002,52.957
tur,sex_m,ocu_skill_l2,edu_aggregate_x,2003,58.2
tur,sex_m,ocu_skill_l2,edu_isced11_0,2021,166.014
tur,sex_m,ocu_skill_l2,edu_isced11_0,2022,153.55
tur,sex_m,ocu_skill_l2,edu_isced11_0,2023,142.571
tur,sex_m,ocu_skill_l2,edu_isced11_1,2021,1678.305
tur,sex_m,ocu_skill_l2,edu_isced11_1,2022,1554.881
tur,sex_m,ocu_skill_l2,edu_isced11_1,2023,1581.944
tur,sex_m,ocu_skill_l2,edu_isced11_2,2021,955.977
tur,sex_m,ocu_skill_l2,edu_isced11_2,2022,903.447
tur,sex_m,ocu_skill_l2,edu_isced11_2,2023,938.837
tur,sex_m,ocu_skill_l2,edu_isced11_3,2021,692.506
tur,sex_m,ocu_skill_l2,edu_isced11_3,2022,721.268
tur,sex_m,ocu_skill_l2,edu_isced11_3,2023,744.613
tur,sex_m,ocu_skill_l2,edu_isced11_6,2021,112.054
tur,sex_m,ocu_skill_l2,edu_isced11_6,2022,97.682
tur,sex_m,ocu_skill_l2,edu_isced11_6,2023,107.802
tur,sex_m,ocu_skill_l2,edu_isced11_7,2021,126.522
tur,sex_m,ocu_skill_l2,edu_isced11_7,2022,119.033
tur,sex_m,ocu_skill_l2,edu_isced11_7,2023,111.504
tur,sex_m,ocu_skill_l2,edu_isced11_8,2021,7.286
tur,sex_m,ocu_skill_l2,edu_isced11_8,2022,8.161
tur,sex_m,ocu_skill_l2,edu_isced11_8,2023,8.375
tur,sex_m,ocu_skill_l2,edu_isced11_total,2021,3842.105
tur,sex_m,ocu_skill_l2,edu_isced11_total,2022,3658.598
tur,sex_m,ocu_skill_l2,edu_isced11_total,2023,3727.965
tur,sex_m,ocu_skill_l2,edu_isced11_x,2021,103.441
tur,sex_m,ocu_skill_l2,edu_isced11_x,2022,100.575
tur,sex_m,ocu_skill_l2,edu_isced11_x,2023,92.319
tur,sex_m,ocu_skill_l3_4,edu_aggregate_adv,2004,88.803
tur,sex_m,ocu_skill_l3_4,edu_aggregate_adv,2005,105.577
tur,sex_m,ocu_skill_l3_4,edu_aggregate_adv,2006,107.38
tur,sex_m,ocu_skill_l3_4,edu_aggregate_adv,2007,124.482
tur,sex_m,ocu_skill_l3_4,edu_aggregate_adv,2008,122.805
tur,sex_m,ocu_skill_l3_4,edu_aggregate_adv,2009,117.896
tur,sex_m,ocu_skill_l3_4,edu_aggregate_adv,2010,111.072
tur,sex_m,ocu_skill_l3_4,edu_aggregate_adv,2011,99.335
tur,sex_m,ocu_skill_l3_4,edu_aggregate_adv,2012,84.256
tur,sex_m,ocu_skill_l3_4,edu_aggregate_adv,2013,61.988
tur,sex_m,ocu_skill_l3_4,edu_aggregate_adv,2014,72.924
tur,sex_m,ocu_skill_l3_4,edu_aggregate_adv,2015,77.476
tur,sex_m,ocu_skill_l3_4,edu_aggregate_adv,2016,92.56
tur,sex_m,ocu_skill_l3_4,edu_aggregate_adv,2017,114.389
tur,sex_m,ocu_skill_l3_4,edu_aggregate_adv,2018,120.269
tur,sex_m,ocu_skill_l3_4,edu_aggregate_adv,2019,166.043
tur,sex_m,ocu_skill_l3_4,edu_aggregate_adv,2020,180.579
tur,sex_m,ocu_skill_l3_4,edu_aggregate_adv,2021,123.407
tur,sex_m,ocu_skill_l3_4,edu_aggregate_adv,2022,116.737
tur,sex_m,ocu_skill_l3_4,edu_aggregate_adv,2023,134.611
tur,sex_m,ocu_skill_l3_4,edu_aggregate_bas,2000,80.317
tur,sex_m,ocu_skill_l3_4,edu_aggregate_bas,2002,250.777
tur,sex_m,ocu_skill_l3_4,edu_aggregate_bas,2003,284.386
tur,sex_m,ocu_skill_l3_4,edu_aggregate_bas,2004,333.309
tur,sex_m,ocu_skill_l3_4,edu_aggregate_bas,2005,422.075
tur,sex_m,ocu_skill_l3_4,edu_aggregate_bas,2006,405.759
tur,sex_m,ocu_skill_l3_4,edu_aggregate_bas,2007,360.55
tur,sex_m,ocu_skill_l3_4,edu_aggregate_bas,2008,364.691
tur,sex_m,ocu_skill_l3_4,edu_aggregate_bas,2009,333.832
tur,sex_m,ocu_skill_l3_4,edu_aggregate_bas,2010,315.857
tur,sex_m,ocu_skill_l3_4,edu_aggregate_bas,2011,300.47
tur,sex_m,ocu_skill_l3_4,edu_aggregate_bas,2012,171.292
tur,sex_m,ocu_skill_l3_4,edu_aggregate_bas,2013,121.125
tur,sex_m,ocu_skill_l3_4,edu_aggregate_bas,2014,153.429
tur,sex_m,ocu_skill_l3_4,edu_aggregate_bas,2015,141.717
tur,sex_m,ocu_skill_l3_4,edu_aggregate_bas,2016,142.913
tur,sex_m,ocu_skill_l3_4,edu_aggregate_bas,2017,145.567
tur,sex_m,ocu_skill_l3_4,edu_aggregate_bas,2018,188.821
tur,sex_m,ocu_skill_l3_4,edu_aggregate_bas,2019,195.215
tur,sex_m,ocu_skill_l3_4,edu_aggregate_bas,2020,154.236
tur,sex_m,ocu_skill_l3_4,edu_aggregate_bas,2021,126.918
tur,sex_m,ocu_skill_l3_4,edu_aggregate_bas,2022,107.838
tur,sex_m,ocu_skill_l3_4,edu_aggregate_bas,2023,124.292
tur,sex_m,ocu_skill_l3_4,edu_aggregate_int,2000,61.513
tur,sex_m,ocu_skill_l3_4,edu_aggregate_int,2002,115.478
tur,sex_m,ocu_skill_l3_4,edu_aggregate_int,2003,146.763
tur,sex_m,ocu_skill_l3_4,edu_aggregate_int,2004,152.513
tur,sex_m,ocu_skill_l3_4,edu_aggregate_int,2005,190.353
tur,sex_m,ocu_skill_l3_4,edu_aggregate_int,2006,186.276
tur,sex_m,ocu_skill_l3_4,edu_aggregate_int,2007,179.502
tur,sex_m,ocu_skill_l3_4,edu_aggregate_int,2008,158.685
tur,sex_m,ocu_skill_l3_4,edu_aggregate_int,2009,155.31
tur,sex_m,ocu_skill_l3_4,edu_aggregate_int,2010,140.364
tur,sex_m,ocu_skill_l3_4,edu_aggregate_int,2011,138.146
tur,sex_m,ocu_skill_l3_4,edu_aggregate_int,2012,96.746
tur,sex_m,ocu_skill_l3_4,edu_aggregate_int,2013,70.171
tur,sex_m,ocu_skill_l3_4,edu_aggregate_int,2014,92.696
tur,sex_m,ocu_skill_l3_4,edu_aggregate_int,2015,80.592
tur,sex_m,ocu_skill_l3_4,edu_aggregate_int,2016,94.093
tur,sex_m,ocu_skill_l3_4,edu_aggregate_int,2017,99.803
tur,sex_m,ocu_skill_l3_4,edu_aggregate_int,2018,115.984
tur,sex_m,ocu_skill_l3_4,edu_aggregate_int,2019,138.192
tur,sex_m,ocu_skill_l3_4,edu_aggregate_int,2020,117.739
tur,sex_m,ocu_skill_l3_4,edu_aggregate_int,2021,104.216
tur,sex_m,ocu_skill_l3_4,edu_aggregate_int,2022,94.874
tur,sex_m,ocu_skill_l3_4,edu_aggregate_int,2023,104.95
tur,sex_m,ocu_skill_l3_4,edu_aggregate_ltb,2000,3.796
tur,sex_m,ocu_skill_l3_4,edu_aggregate_ltb,2002,20.227
tur,sex_m,ocu_skill_l3_4,edu_aggregate_ltb,2003,14.97
tur,sex_m,ocu_skill_l3_4,edu_aggregate_ltb,2004,30.04
tur,sex_m,ocu_skill_l3_4,edu_aggregate_ltb,2005,38.373
tur,sex_m,ocu_skill_l3_4,edu_aggregate_ltb,2006,32.237
tur,sex_m,ocu_skill_l3_4,edu_aggregate_ltb,2007,25.747
tur,sex_m,ocu_skill_l3_4,edu_aggregate_ltb,2008,26.74
tur,sex_m,ocu_skill_l3_4,edu_aggregate_ltb,2009,26.828
tur,sex_m,ocu_skill_l3_4,edu_aggregate_ltb,2010,25.22
tur,sex_m,ocu_skill_l3_4,edu_aggregate_ltb,2011,25.228
tur,sex_m,ocu_skill_l3_4,edu_aggregate_ltb,2012,8.026
tur,sex_m,ocu_skill_l3_4,edu_aggregate_ltb,2013,6.808
tur,sex_m,ocu_skill_l3_4,edu_aggregate_ltb,2014,6.801
tur,sex_m,ocu_skill_l3_4,edu_aggregate_ltb,2015,7.07
tur,sex_m,ocu_skill_l3_4,edu_aggregate_ltb,2016,5.197
tur,sex_m,ocu_skill_l3_4,edu_aggregate_ltb,2017,3.829
tur,sex_m,ocu_skill_l3_4,edu_aggregate_ltb,2018,7.83
tur,sex_m,ocu_skill_l3_4,edu_aggregate_ltb,2019,9.81
tur,sex_m,ocu_skill_l3_4,edu_aggregate_ltb,2020,2.473
tur,sex_m,ocu_skill_l3_4,edu_aggregate_ltb,2021,4.888
tur,sex_m,ocu_skill_l3_4,edu_aggregate_ltb,2022,5.187
tur,sex_m,ocu_skill_l3_4,edu_aggregate_ltb,2023,3.966
tur,sex_m,ocu_skill_l3_4,edu_aggregate_total,2000,177.157
tur,sex_m,ocu_skill_l3_4,edu_aggregate_total,2002,459.321
tur,sex_m,ocu_skill_l3_4,edu_aggregate_total,2003,527.482
tur,sex_m,ocu_skill_l3_4,edu_aggregate_total,2004,604.665
tur,sex_m,ocu_skill_l3_4,edu_aggregate_total,2005,756.378
tur,sex_m,ocu_skill_l3_4,edu_aggregate_total,2006,731.652
tur,sex_m,ocu_skill_l3_4,edu_aggregate_total,2007,690.282
tur,sex_m,ocu_skill_l3_4,edu_aggregate_total,2008,672.92
tur,sex_m,ocu_skill_l3_4,edu_aggregate_total,2009,633.866
tur,sex_m,ocu_skill_l3_4,edu_aggregate_total,2010,592.512
tur,sex_m,ocu_skill_l3_4,edu_aggregate_total,2011,563.178
tur,sex_m,ocu_skill_l3_4,edu_aggregate_total,2012,360.32
tur,sex_m,ocu_skill_l3_4,edu_aggregate_total,2013,260.092
tur,sex_m,ocu_skill_l3_4,edu_aggregate_total,2014,325.85
tur,sex_m,ocu_skill_l3_4,edu_aggregate_total,2015,306.854
tur,sex_m,ocu_skill_l3_4,edu_aggregate_total,2016,334.763
tur,sex_m,ocu_skill_l3_4,edu_aggregate_total,2017,363.588
tur,sex_m,ocu_skill_l3_4,edu_aggregate_total,2018,432.905
tur,sex_m,ocu_skill_l3_4,edu_aggregate_total,2019,509.26
tur,sex_m,ocu_skill_l3_4,edu_aggregate_total,2020,455.026
tur,sex_m,ocu_skill_l3_4,edu_aggregate_total,2021,359.428
tur,sex_m,ocu_skill_l3_4,edu_aggregate_total,2022,324.637
tur,sex_m,ocu_skill_l3_4,edu_aggregate_total,2023,367.819
tur,sex_m,ocu_skill_l3_4,edu_aggregate_x,2000,31.531
tur,sex_m,ocu_skill_l3_4,edu_aggregate_x,2002,72.838
tur,sex_m,ocu_skill_l3_4,edu_aggregate_x,2003,81.362
tur,sex_m,ocu_skill_l3_4,edu_isced11_0,2021,3.977
tur,sex_m,ocu_skill_l3_4,edu_isced11_0,2022,3.843
tur,sex_m,ocu_skill_l3_4,edu_isced11_0,2023,3.187
tur,sex_m,ocu_skill_l3_4,edu_isced11_1,2021,78.151
tur,sex_m,ocu_skill_l3_4,edu_isced11_1,2022,67.045
tur,sex_m,ocu_skill_l3_4,edu_isced11_1,2023,73.571
tur,sex_m,ocu_skill_l3_4,edu_isced11_2,2021,48.766
tur,sex_m,ocu_skill_l3_4,edu_isced11_2,2022,40.793
tur,sex_m,ocu_skill_l3_4,edu_isced11_2,2023,50.721
tur,sex_m,ocu_skill_l3_4,edu_isced11_3,2021,104.216
tur,sex_m,ocu_skill_l3_4,edu_isced11_3,2022,94.874
tur,sex_m,ocu_skill_l3_4,edu_isced11_3,2023,104.95
tur,sex_m,ocu_skill_l3_4,edu_isced11_6,2021,23.449
tur,sex_m,ocu_skill_l3_4,edu_isced11_6,2022,20.195
tur,sex_m,ocu_skill_l3_4,edu_isced11_6,2023,25.482
tur,sex_m,ocu_skill_l3_4,edu_isced11_7,2021,87.391
tur,sex_m,ocu_skill_l3_4,edu_isced11_7,2022,80.082
tur,sex_m,ocu_skill_l3_4,edu_isced11_7,2023,93.156
tur,sex_m,ocu_skill_l3_4,edu_isced11_8,2021,12.567
tur,sex_m,ocu_skill_l3_4,edu_isced11_8,2022,16.46
tur,sex_m,ocu_skill_l3_4,edu_isced11_8,2023,15.973
tur,sex_m,ocu_skill_l3_4,edu_isced11_total,2021,359.428
tur,sex_m,ocu_skill_l3_4,edu_isced11_total,2022,324.637
tur,sex_m,ocu_skill_l3_4,edu_isced11_total,2023,367.819
tur,sex_m,ocu_skill_l3_4,edu_isced11_x,2021,0.91
tur,sex_m,ocu_skill_l3_4,edu_isced11_x,2022,1.344
tur,sex_m,ocu_skill_l3_4,edu_isced11_x,2023,0.779
tur,sex_m,ocu_skill_total,edu_aggregate_adv,2004,163.108
tur,sex_m,ocu_skill_total,edu_aggregate_adv,2005,193.964
tur,sex_m,ocu_skill_total,edu_aggregate_adv,2006,198.223
tur,sex_m,ocu_skill_total,edu_aggregate_adv,2007,223.415
tur,sex_m,ocu_skill_total,edu_aggregate_adv,2008,219.454
tur,sex_m,ocu_skill_total,edu_aggregate_adv,2009,225.862
tur,sex_m,ocu_skill_total,edu_aggregate_adv,2010,231.629
tur,sex_m,ocu_skill_total,edu_aggregate_adv,2011,233.78
tur,sex_m,ocu_skill_total,edu_aggregate_adv,2012,223.175
tur,sex_m,ocu_skill_total,edu_aggregate_adv,2013,191.085
tur,sex_m,ocu_skill_total,edu_aggregate_adv,2014,225.099
tur,sex_m,ocu_skill_total,edu_aggregate_adv,2015,243.05
tur,sex_m,ocu_skill_total,edu_aggregate_adv,2016,288.038
tur,sex_m,ocu_skill_total,edu_aggregate_adv,2017,341.437
tur,sex_m,ocu_skill_total,edu_aggregate_adv,2018,361.864
tur,sex_m,ocu_skill_total,edu_aggregate_adv,2019,435.646
tur,sex_m,ocu_skill_total,edu_aggregate_adv,2020,455.694
tur,sex_m,ocu_skill_total,edu_aggregate_adv,2021,419.919
tur,sex_m,ocu_skill_total,edu_aggregate_adv,2022,384.176
tur,sex_m,ocu_skill_total,edu_aggregate_adv,2023,403.055
tur,sex_m,ocu_skill_total,edu_aggregate_bas,2000,5362.843
tur,sex_m,ocu_skill_total,edu_aggregate_bas,2002,5079.281
tur,sex_m,ocu_skill_total,edu_aggregate_bas,2003,5099.475
tur,sex_m,ocu_skill_total,edu_aggregate_bas,2004,4727.735
tur,sex_m,ocu_skill_total,edu_aggregate_bas,2005,4544.885
tur,sex_m,ocu_skill_total,edu_aggregate_bas,2006,4492.308
tur,sex_m,ocu_skill_total,edu_aggregate_bas,2007,4354.285
tur,sex_m,ocu_skill_total,edu_aggregate_bas,2008,4221.119
tur,sex_m,ocu_skill_total,edu_aggregate_bas,2009,4207.181
tur,sex_m,ocu_skill_total,edu_aggregate_bas,2010,4318.686
tur,sex_m,ocu_skill_total,edu_aggregate_bas,2011,4375.415
tur,sex_m,ocu_skill_total,edu_aggregate_bas,2012,4129.954
tur,sex_m,ocu_skill_total,edu_aggregate_bas,2013,3947.073
tur,sex_m,ocu_skill_total,edu_aggregate_bas,2014,3899.619
tur,sex_m,ocu_skill_total,edu_aggregate_bas,2015,3850.772
tur,sex_m,ocu_skill_total,edu_aggregate_bas,2016,3913.884
tur,sex_m,ocu_skill_total,edu_aggregate_bas,2017,4063.69
tur,sex_m,ocu_skill_total,edu_aggregate_bas,2018,4104.323
tur,sex_m,ocu_skill_total,edu_aggregate_bas,2019,4066.452
tur,sex_m,ocu_skill_total,edu_aggregate_bas,2020,3470.414
tur,sex_m,ocu_skill_total,edu_aggregate_bas,2021,3444.988
tur,sex_m,ocu_skill_total,edu_aggregate_bas,2022,3241.474
tur,sex_m,ocu_skill_total,edu_aggregate_bas,2023,3289.14
tur,sex_m,ocu_skill_total,edu_aggregate_int,2000,725.6
tur,sex_m,ocu_skill_total,edu_aggregate_int,2002,822.21
tur,sex_m,ocu_skill_total,edu_aggregate_int,2003,859.427
tur,sex_m,ocu_skill_total,edu_aggregate_int,2004,891.153
tur,sex_m,ocu_skill_total,edu_aggregate_int,2005,962.735
tur,sex_m,ocu_skill_total,edu_aggregate_int,2006,966.877
tur,sex_m,ocu_skill_total,edu_aggregate_int,2007,957.446
tur,sex_m,ocu_skill_total,edu_aggregate_int,2008,891.22
tur,sex_m,ocu_skill_total,edu_aggregate_int,2009,872.319
tur,sex_m,ocu_skill_total,edu_aggregate_int,2010,845.828
tur,sex_m,ocu_skill_total,edu_aggregate_int,2011,847.372
tur,sex_m,ocu_skill_total,edu_aggregate_int,2012,784.467
tur,sex_m,ocu_skill_total,edu_aggregate_int,2013,736.815
tur,sex_m,ocu_skill_total,edu_aggregate_int,2014,746.687
tur,sex_m,ocu_skill_total,edu_aggregate_int,2015,717.012
tur,sex_m,ocu_skill_total,edu_aggregate_int,2016,798.133
tur,sex_m,ocu_skill_total,edu_aggregate_int,2017,871.249
tur,sex_m,ocu_skill_total,edu_aggregate_int,2018,932.919
tur,sex_m,ocu_skill_total,edu_aggregate_int,2019,1007.928
tur,sex_m,ocu_skill_total,edu_aggregate_int,2020,918.11
tur,sex_m,ocu_skill_total,edu_aggregate_int,2021,974.98
tur,sex_m,ocu_skill_total,edu_aggregate_int,2022,995.511
tur,sex_m,ocu_skill_total,edu_aggregate_int,2023,1032.881
tur,sex_m,ocu_skill_total,edu_aggregate_ltb,2000,895.185
tur,sex_m,ocu_skill_total,edu_aggregate_ltb,2002,716.441
tur,sex_m,ocu_skill_total,edu_aggregate_ltb,2003,692.972
tur,sex_m,ocu_skill_total,edu_aggregate_ltb,2004,790.424
tur,sex_m,ocu_skill_total,edu_aggregate_ltb,2005,765.764
tur,sex_m,ocu_skill_total,edu_aggregate_ltb,2006,745.846
tur,sex_m,ocu_skill_total,edu_aggregate_ltb,2007,728.621
tur,sex_m,ocu_skill_total,edu_aggregate_ltb,2008,717.12
tur,sex_m,ocu_skill_total,edu_aggregate_ltb,2009,730.804
tur,sex_m,ocu_skill_total,edu_aggregate_ltb,2010,746.402
tur,sex_m,ocu_skill_total,edu_aggregate_ltb,2011,785.062
tur,sex_m,ocu_skill_total,edu_aggregate_ltb,2012,726.348
tur,sex_m,ocu_skill_total,edu_aggregate_ltb,2013,668.115
tur,sex_m,ocu_skill_total,edu_aggregate_ltb,2014,637.767
tur,sex_m,ocu_skill_total,edu_aggregate_ltb,2015,558.34
tur,sex_m,ocu_skill_total,edu_aggregate_ltb,2016,549.172
tur,sex_m,ocu_skill_total,edu_aggregate_ltb,2017,528.54
tur,sex_m,ocu_skill_total,edu_aggregate_ltb,2018,532.88
tur,sex_m,ocu_skill_total,edu_aggregate_ltb,2019,500.582
tur,sex_m,ocu_skill_total,edu_aggregate_ltb,2020,373.084
tur,sex_m,ocu_skill_total,edu_aggregate_ltb,2021,394.815
tur,sex_m,ocu_skill_total,edu_aggregate_ltb,2022,411.974
tur,sex_m,ocu_skill_total,edu_aggregate_ltb,2023,352.07
tur,sex_m,ocu_skill_total,edu_aggregate_total,2000,7059.259
tur,sex_m,ocu_skill_total,edu_aggregate_total,2002,6747.055
tur,sex_m,ocu_skill_total,edu_aggregate_total,2003,6794.524
tur,sex_m,ocu_skill_total,edu_aggregate_total,2004,6572.42
tur,sex_m,ocu_skill_total,edu_aggregate_total,2005,6467.349
tur,sex_m,ocu_skill_total,edu_aggregate_total,2006,6403.253
tur,sex_m,ocu_skill_total,edu_aggregate_total,2007,6263.768
tur,sex_m,ocu_skill_total,edu_aggregate_total,2008,6048.913
tur,sex_m,ocu_skill_total,edu_aggregate_total,2009,6036.166
tur,sex_m,ocu_skill_total,edu_aggregate_total,2010,6142.544
tur,sex_m,ocu_skill_total,edu_aggregate_total,2011,6241.628
tur,sex_m,ocu_skill_total,edu_aggregate_total,2012,5863.944
tur,sex_m,ocu_skill_total,edu_aggregate_total,2013,5543.088
tur,sex_m,ocu_skill_total,edu_aggregate_total,2014,5509.172
tur,sex_m,ocu_skill_total,edu_aggregate_total,2015,5369.174
tur,sex_m,ocu_skill_total,edu_aggregate_total,2016,5549.227
tur,sex_m,ocu_skill_total,edu_aggregate_total,2017,5804.916
tur,sex_m,ocu_skill_total,edu_aggregate_total,2018,5931.987
tur,sex_m,ocu_skill_total,edu_aggregate_total,2019,6010.608
tur,sex_m,ocu_skill_total,edu_aggregate_total,2020,5217.302
tur,sex_m,ocu_skill_total,edu_aggregate_total,2021,5234.702
tur,sex_m,ocu_skill_total,edu_aggregate_total,2022,5033.135
tur,sex_m,ocu_skill_total,edu_aggregate_total,2023,5077.147
tur,sex_m,ocu_skill_total,edu_aggregate_x,2000,75.63
tur,sex_m,ocu_skill_total,edu_aggregate_x,2002,129.123
tur,sex_m,ocu_skill_total,edu_aggregate_x,2003,142.65
tur,sex_m,ocu_skill_total,edu_isced11_0,2021,242.356
tur,sex_m,ocu_skill_total,edu_isced11_0,2022,247.628
tur,sex_m,ocu_skill_total,edu_isced11_0,2023,216.392
tur,sex_m,ocu_skill_total,edu_isced11_1,2021,2084.51
tur,sex_m,ocu_skill_total,edu_isced11_1,2022,1945.265
tur,sex_m,ocu_skill_total,edu_isced11_1,2023,1957.459
tur,sex_m,ocu_skill_total,edu_isced11_2,2021,1360.478
tur,sex_m,ocu_skill_total,edu_isced11_2,2022,1296.208
tur,sex_m,ocu_skill_total,edu_isced11_2,2023,1331.681
tur,sex_m,ocu_skill_total,edu_isced11_3,2021,974.98
tur,sex_m,ocu_skill_total,edu_isced11_3,2022,995.511
tur,sex_m,ocu_skill_total,edu_isced11_3,2023,1032.881
tur,sex_m,ocu_skill_total,edu_isced11_6,2021,161.791
tur,sex_m,ocu_skill_total,edu_isced11_6,2022,139.173
tur,sex_m,ocu_skill_total,edu_isced11_6,2023,152.399
tur,sex_m,ocu_skill_total,edu_isced11_7,2021,237.519
tur,sex_m,ocu_skill_total,edu_isced11_7,2022,219.829
tur,sex_m,ocu_skill_total,edu_isced11_7,2023,224.871
tur,sex_m,ocu_skill_total,edu_isced11_8,2021,20.608
tur,sex_m,ocu_skill_total,edu_isced11_8,2022,25.174
tur,sex_m,ocu_skill_total,edu_isced11_8,2023,25.785
tur,sex_m,ocu_skill_total,edu_isced11_total,2021,5234.702
tur,sex_m,ocu_skill_total,edu_isced11_total,2022,5033.135
tur,sex_m,ocu_skill_total,edu_isced11_total,2023,5077.147
tur,sex_m,ocu_skill_total,edu_isced11_x,2021,152.459
tur,sex_m,ocu_skill_total,edu_isced11_x,2022,164.346
tur,sex_m,ocu_skill_total,edu_isced11_x,2023,135.678
tur,sex_t,ocu_isco08_1,edu_aggregate_adv,2012,30.583
tur,sex_t,ocu_isco08_1,edu_aggregate_adv,2013,18.345
tur,sex_t,ocu_isco08_1,edu_aggregate_adv,2014,19.789
tur,sex_t,ocu_isco08_1,edu_aggregate_adv,2015,21.341
tur,sex_t,ocu_isco08_1,edu_aggregate_adv,2016,24.474
tur,sex_t,ocu_isco08_1,edu_aggregate_adv,2017,29.42
tur,sex_t,ocu_isco08_1,edu_aggregate_adv,2018,31.284
tur,sex_t,ocu_isco08_1,edu_aggregate_adv,2019,50.461
tur,sex_t,ocu_isco08_1,edu_aggregate_adv,2020,57.812
tur,sex_t,ocu_isco08_1,edu_aggregate_adv,2021,37.22
tur,sex_t,ocu_isco08_1,edu_aggregate_adv,2022,28.098
tur,sex_t,ocu_isco08_1,edu_aggregate_adv,2023,36.69
tur,sex_t,ocu_isco08_1,edu_aggregate_bas,2012,123.162
tur,sex_t,ocu_isco08_1,edu_aggregate_bas,2013,75.184
tur,sex_t,ocu_isco08_1,edu_aggregate_bas,2014,98.463
tur,sex_t,ocu_isco08_1,edu_aggregate_bas,2015,90.364
tur,sex_t,ocu_isco08_1,edu_aggregate_bas,2016,90.718
tur,sex_t,ocu_isco08_1,edu_aggregate_bas,2017,89.692
tur,sex_t,ocu_isco08_1,edu_aggregate_bas,2018,111.526
tur,sex_t,ocu_isco08_1,edu_aggregate_bas,2019,130.499
tur,sex_t,ocu_isco08_1,edu_aggregate_bas,2020,113.101
tur,sex_t,ocu_isco08_1,edu_aggregate_bas,2021,84.106
tur,sex_t,ocu_isco08_1,edu_aggregate_bas,2022,69.782
tur,sex_t,ocu_isco08_1,edu_aggregate_bas,2023,77.352
tur,sex_t,ocu_isco08_1,edu_aggregate_int,2012,54.931
tur,sex_t,ocu_isco08_1,edu_aggregate_int,2013,30.864
tur,sex_t,ocu_isco08_1,edu_aggregate_int,2014,40.012
tur,sex_t,ocu_isco08_1,edu_aggregate_int,2015,34.352
tur,sex_t,ocu_isco08_1,edu_aggregate_int,2016,44.286
tur,sex_t,ocu_isco08_1,edu_aggregate_int,2017,40.913
tur,sex_t,ocu_isco08_1,edu_aggregate_int,2018,47.639
tur,sex_t,ocu_isco08_1,edu_aggregate_int,2019,63.508
tur,sex_t,ocu_isco08_1,edu_aggregate_int,2020,62.28
tur,sex_t,ocu_isco08_1,edu_aggregate_int,2021,46.559
tur,sex_t,ocu_isco08_1,edu_aggregate_int,2022,29.465
tur,sex_t,ocu_isco08_1,edu_aggregate_int,2023,36.513
tur,sex_t,ocu_isco08_1,edu_aggregate_ltb,2012,5.219
tur,sex_t,ocu_isco08_1,edu_aggregate_ltb,2013,3.917
tur,sex_t,ocu_isco08_1,edu_aggregate_ltb,2014,4.238
tur,sex_t,ocu_isco08_1,edu_aggregate_ltb,2015,4.84
tur,sex_t,ocu_isco08_1,edu_aggregate_ltb,2016,4.025
tur,sex_t,ocu_isco08_1,edu_aggregate_ltb,2017,2.94
tur,sex_t,ocu_isco08_1,edu_aggregate_ltb,2018,5.501
tur,sex_t,ocu_isco08_1,edu_aggregate_ltb,2019,6.539
tur,sex_t,ocu_isco08_1,edu_aggregate_ltb,2020,1.767
tur,sex_t,ocu_isco08_1,edu_aggregate_ltb,2021,2.082
tur,sex_t,ocu_isco08_1,edu_aggregate_ltb,2022,2.929
tur,sex_t,ocu_isco08_1,edu_aggregate_ltb,2023,2.54
tur,sex_t,ocu_isco08_1,edu_aggregate_total,2012,213.895
tur,sex_t,ocu_isco08_1,edu_aggregate_total,2013,128.31
tur,sex_t,ocu_isco08_1,edu_aggregate_total,2014,162.502
tur,sex_t,ocu_isco08_1,edu_aggregate_total,2015,150.897
tur,sex_t,ocu_isco08_1,edu_aggregate_total,2016,163.503
tur,sex_t,ocu_isco08_1,edu_aggregate_total,2017,162.965
tur,sex_t,ocu_isco08_1,edu_aggregate_total,2018,195.95
tur,sex_t,ocu_isco08_1,edu_aggregate_total,2019,251.007
tur,sex_t,ocu_isco08_1,edu_aggregate_total,2020,234.96
tur,sex_t,ocu_isco08_1,edu_aggregate_total,2021,169.968
tur,sex_t,ocu_isco08_1,edu_aggregate_total,2022,130.274
tur,sex_t,ocu_isco08_1,edu_aggregate_total,2023,153.094
tur,sex_t,ocu_isco08_1,edu_isced11_0,2021,1.386
tur,sex_t,ocu_isco08_1,edu_isced11_0,2022,1.797
tur,sex_t,ocu_isco08_1,edu_isced11_0,2023,1.77
tur,sex_t,ocu_isco08_1,edu_isced11_1,2021,59.892
tur,sex_t,ocu_isco08_1,edu_isced11_1,2022,50.83
tur,sex_t,ocu_isco08_1,edu_isced11_1,2023,51.477
tur,sex_t,ocu_isco08_1,edu_isced11_2,2021,24.214
tur,sex_t,ocu_isco08_1,edu_isced11_2,2022,18.952
tur,sex_t,ocu_isco08_1,edu_isced11_2,2023,25.875
tur,sex_t,ocu_isco08_1,edu_isced11_3,2021,46.559
tur,sex_t,ocu_isco08_1,edu_isced11_3,2022,29.465
tur,sex_t,ocu_isco08_1,edu_isced11_3,2023,36.513
tur,sex_t,ocu_isco08_1,edu_isced11_6,2021,8.68
tur,sex_t,ocu_isco08_1,edu_isced11_6,2022,6.834
tur,sex_t,ocu_isco08_1,edu_isced11_6,2023,9.041
tur,sex_t,ocu_isco08_1,edu_isced11_7,2021,25.503
tur,sex_t,ocu_isco08_1,edu_isced11_7,2022,18.533
tur,sex_t,ocu_isco08_1,edu_isced11_7,2023,23.308
tur,sex_t,ocu_isco08_1,edu_isced11_8,2021,3.036
tur,sex_t,ocu_isco08_1,edu_isced11_8,2022,2.732
tur,sex_t,ocu_isco08_1,edu_isced11_8,2023,4.341
tur,sex_t,ocu_isco08_1,edu_isced11_total,2021,169.968
tur,sex_t,ocu_isco08_1,edu_isced11_total,2022,130.274
tur,sex_t,ocu_isco08_1,edu_isced11_total,2023,153.094
tur,sex_t,ocu_isco08_1,edu_isced11_x,2021,0.697
tur,sex_t,ocu_isco08_1,edu_isced11_x,2022,1.132
tur,sex_t,ocu_isco08_1,edu_isced11_x,2023,0.77
tur,sex_t,ocu_isco08_2,edu_aggregate_adv,2012,56.38
tur,sex_t,ocu_isco08_2,edu_aggregate_adv,2013,46.136
tur,sex_t,ocu_isco08_2,edu_aggregate_adv,2014,55.936
tur,sex_t,ocu_isco08_2,edu_aggregate_adv,2015,61.007
tur,sex_t,ocu_isco08_2,edu_aggregate_adv,2016,74.256
tur,sex_t,ocu_isco08_2,edu_aggregate_adv,2017,87.396
tur,sex_t,ocu_isco08_2,edu_aggregate_adv,2018,97.92
tur,sex_t,ocu_isco08_2,edu_aggregate_adv,2019,128.274
tur,sex_t,ocu_isco08_2,edu_aggregate_adv,2020,139.901
tur,sex_t,ocu_isco08_2,edu_aggregate_adv,2021,99.132
tur,sex_t,ocu_isco08_2,edu_aggregate_adv,2022,105.209
tur,sex_t,ocu_isco08_2,edu_aggregate_adv,2023,123.991
tur,sex_t,ocu_isco08_2,edu_aggregate_bas,2012,14.223
tur,sex_t,ocu_isco08_2,edu_aggregate_bas,2013,13.053
tur,sex_t,ocu_isco08_2,edu_aggregate_bas,2014,15.917
tur,sex_t,ocu_isco08_2,edu_aggregate_bas,2015,14.609
tur,sex_t,ocu_isco08_2,edu_aggregate_bas,2016,15.746
tur,sex_t,ocu_isco08_2,edu_aggregate_bas,2017,12.029
tur,sex_t,ocu_isco08_2,edu_aggregate_bas,2018,19.714
tur,sex_t,ocu_isco08_2,edu_aggregate_bas,2019,16.363
tur,sex_t,ocu_isco08_2,edu_aggregate_bas,2020,7.724
tur,sex_t,ocu_isco08_2,edu_aggregate_bas,2021,8.175
tur,sex_t,ocu_isco08_2,edu_aggregate_bas,2022,9.986
tur,sex_t,ocu_isco08_2,edu_aggregate_bas,2023,12.88
tur,sex_t,ocu_isco08_2,edu_aggregate_int,2012,18.337
tur,sex_t,ocu_isco08_2,edu_aggregate_int,2013,13.569
tur,sex_t,ocu_isco08_2,edu_aggregate_int,2014,18.888
tur,sex_t,ocu_isco08_2,edu_aggregate_int,2015,15.376
tur,sex_t,ocu_isco08_2,edu_aggregate_int,2016,16.087
tur,sex_t,ocu_isco08_2,edu_aggregate_int,2017,18.222
tur,sex_t,ocu_isco08_2,edu_aggregate_int,2018,27.532
tur,sex_t,ocu_isco08_2,edu_aggregate_int,2019,33.19
tur,sex_t,ocu_isco08_2,edu_aggregate_int,2020,21.355
tur,sex_t,ocu_isco08_2,edu_aggregate_int,2021,20.056
tur,sex_t,ocu_isco08_2,edu_aggregate_int,2022,28.031
tur,sex_t,ocu_isco08_2,edu_aggregate_int,2023,27.842
tur,sex_t,ocu_isco08_2,edu_aggregate_ltb,2012,2.322
tur,sex_t,ocu_isco08_2,edu_aggregate_ltb,2013,1.839
tur,sex_t,ocu_isco08_2,edu_aggregate_ltb,2014,1.621
tur,sex_t,ocu_isco08_2,edu_aggregate_ltb,2015,1.332
tur,sex_t,ocu_isco08_2,edu_aggregate_ltb,2016,0.841
tur,sex_t,ocu_isco08_2,edu_aggregate_ltb,2017,0.7
tur,sex_t,ocu_isco08_2,edu_aggregate_ltb,2018,2.271
tur,sex_t,ocu_isco08_2,edu_aggregate_ltb,2019,1.555
tur,sex_t,ocu_isco08_2,edu_aggregate_ltb,2020,0.775
tur,sex_t,ocu_isco08_2,edu_aggregate_ltb,2022,1.829
tur,sex_t,ocu_isco08_2,edu_aggregate_ltb,2023,0.954
tur,sex_t,ocu_isco08_2,edu_aggregate_total,2012,91.261
tur,sex_t,ocu_isco08_2,edu_aggregate_total,2013,74.597
tur,sex_t,ocu_isco08_2,edu_aggregate_total,2014,92.362
tur,sex_t,ocu_isco08_2,edu_aggregate_total,2015,92.324
tur,sex_t,ocu_isco08_2,edu_aggregate_total,2016,106.929
tur,sex_t,ocu_isco08_2,edu_aggregate_total,2017,118.348
tur,sex_t,ocu_isco08_2,edu_aggregate_total,2018,147.437
tur,sex_t,ocu_isco08_2,edu_aggregate_total,2019,179.383
tur,sex_t,ocu_isco08_2,edu_aggregate_total,2020,169.754
tur,sex_t,ocu_isco08_2,edu_aggregate_total,2021,128.308
tur,sex_t,ocu_isco08_2,edu_aggregate_total,2022,145.054
tur,sex_t,ocu_isco08_2,edu_aggregate_total,2023,165.667
tur,sex_t,ocu_isco08_2,edu_isced11_0,2022,1.617
tur,sex_t,ocu_isco08_2,edu_isced11_0,2023,0.779
tur,sex_t,ocu_isco08_2,edu_isced11_1,2021,2.506
tur,sex_t,ocu_isco08_2,edu_isced11_1,2022,3.98
tur,sex_t,ocu_isco08_2,edu_isced11_1,2023,4.562
tur,sex_t,ocu_isco08_2,edu_isced11_2,2021,5.669
tur,sex_t,ocu_isco08_2,edu_isced11_2,2022,6.006
tur,sex_t,ocu_isco08_2,edu_isced11_2,2023,8.317
tur,sex_t,ocu_isco08_2,edu_isced11_3,2021,20.056
tur,sex_t,ocu_isco08_2,edu_isced11_3,2022,28.031
tur,sex_t,ocu_isco08_2,edu_isced11_3,2023,27.842
tur,sex_t,ocu_isco08_2,edu_isced11_6,2021,9.997
tur,sex_t,ocu_isco08_2,edu_isced11_6,2022,12.812
tur,sex_t,ocu_isco08_2,edu_isced11_6,2023,10.665
tur,sex_t,ocu_isco08_2,edu_isced11_7,2021,75.585
tur,sex_t,ocu_isco08_2,edu_isced11_7,2022,75.255
tur,sex_t,ocu_isco08_2,edu_isced11_7,2023,88.906
tur,sex_t,ocu_isco08_2,edu_isced11_8,2021,13.55
tur,sex_t,ocu_isco08_2,edu_isced11_8,2022,17.142
tur,sex_t,ocu_isco08_2,edu_isced11_8,2023,24.42
tur,sex_t,ocu_isco08_2,edu_isced11_total,2021,128.308
tur,sex_t,ocu_isco08_2,edu_isced11_total,2022,145.054
tur,sex_t,ocu_isco08_2,edu_isced11_total,2023,165.667
tur,sex_t,ocu_isco08_3,edu_aggregate_adv,2012,31.944
tur,sex_t,ocu_isco08_3,edu_aggregate_adv,2013,21.575
tur,sex_t,ocu_isco08_3,edu_aggregate_adv,2014,26.742
tur,sex_t,ocu_isco08_3,edu_aggregate_adv,2015,28.243
tur,sex_t,ocu_isco08_3,edu_aggregate_adv,2016,30.67
tur,sex_t,ocu_isco08_3,edu_aggregate_adv,2017,42.283
tur,sex_t,ocu_isco08_3,edu_aggregate_adv,2018,44.112
tur,sex_t,ocu_isco08_3,edu_aggregate_adv,2019,46.421
tur,sex_t,ocu_isco08_3,edu_aggregate_adv,2020,55.371
tur,sex_t,ocu_isco08_3,edu_aggregate_adv,2021,50.393
tur,sex_t,ocu_isco08_3,edu_aggregate_adv,2022,42.713
tur,sex_t,ocu_isco08_3,edu_aggregate_adv,2023,52.249
tur,sex_t,ocu_isco08_3,edu_aggregate_bas,2012,56.379
tur,sex_t,ocu_isco08_3,edu_aggregate_bas,2013,45.263
tur,sex_t,ocu_isco08_3,edu_aggregate_bas,2014,56.256
tur,sex_t,ocu_isco08_3,edu_aggregate_bas,2015,53.174
tur,sex_t,ocu_isco08_3,edu_aggregate_bas,2016,56.99
tur,sex_t,ocu_isco08_3,edu_aggregate_bas,2017,62.014
tur,sex_t,ocu_isco08_3,edu_aggregate_bas,2018,80.046
tur,sex_t,ocu_isco08_3,edu_aggregate_bas,2019,66.435
tur,sex_t,ocu_isco08_3,edu_aggregate_bas,2020,45.724
tur,sex_t,ocu_isco08_3,edu_aggregate_bas,2021,42.79
tur,sex_t,ocu_isco08_3,edu_aggregate_bas,2022,39.111
tur,sex_t,ocu_isco08_3,edu_aggregate_bas,2023,48.313
tur,sex_t,ocu_isco08_3,edu_aggregate_int,2012,45.679
tur,sex_t,ocu_isco08_3,edu_aggregate_int,2013,41.312
tur,sex_t,ocu_isco08_3,edu_aggregate_int,2014,52.242
tur,sex_t,ocu_isco08_3,edu_aggregate_int,2015,51.614
tur,sex_t,ocu_isco08_3,edu_aggregate_int,2016,52.475
tur,sex_t,ocu_isco08_3,edu_aggregate_int,2017,63.221
tur,sex_t,ocu_isco08_3,edu_aggregate_int,2018,64.6
tur,sex_t,ocu_isco08_3,edu_aggregate_int,2019,67.749
tur,sex_t,ocu_isco08_3,edu_aggregate_int,2020,56.755
tur,sex_t,ocu_isco08_3,edu_aggregate_int,2021,60.41
tur,sex_t,ocu_isco08_3,edu_aggregate_int,2022,63.257
tur,sex_t,ocu_isco08_3,edu_aggregate_int,2023,63.653
tur,sex_t,ocu_isco08_3,edu_aggregate_ltb,2012,1.911
tur,sex_t,ocu_isco08_3,edu_aggregate_ltb,2013,1.949
tur,sex_t,ocu_isco08_3,edu_aggregate_ltb,2014,1.926
tur,sex_t,ocu_isco08_3,edu_aggregate_ltb,2015,1.48
tur,sex_t,ocu_isco08_3,edu_aggregate_ltb,2016,1.129
tur,sex_t,ocu_isco08_3,edu_aggregate_ltb,2017,1.289
tur,sex_t,ocu_isco08_3,edu_aggregate_ltb,2018,2.211
tur,sex_t,ocu_isco08_3,edu_aggregate_ltb,2019,4.449
tur,sex_t,ocu_isco08_3,edu_aggregate_ltb,2021,2.655
tur,sex_t,ocu_isco08_3,edu_aggregate_ltb,2022,0.9
tur,sex_t,ocu_isco08_3,edu_aggregate_ltb,2023,1.59
tur,sex_t,ocu_isco08_3,edu_aggregate_total,2012,135.912
tur,sex_t,ocu_isco08_3,edu_aggregate_total,2013,110.099
tur,sex_t,ocu_isco08_3,edu_aggregate_total,2014,137.166
tur,sex_t,ocu_isco08_3,edu_aggregate_total,2015,134.511
tur,sex_t,ocu_isco08_3,edu_aggregate_total,2016,141.264
tur,sex_t,ocu_isco08_3,edu_aggregate_total,2017,168.808
tur,sex_t,ocu_isco08_3,edu_aggregate_total,2018,190.969
tur,sex_t,ocu_isco08_3,edu_aggregate_total,2019,185.054
tur,sex_t,ocu_isco08_3,edu_aggregate_total,2020,158.631
tur,sex_t,ocu_isco08_3,edu_aggregate_total,2021,156.248
tur,sex_t,ocu_isco08_3,edu_aggregate_total,2022,145.981
tur,sex_t,ocu_isco08_3,edu_aggregate_total,2023,165.805
tur,sex_t,ocu_isco08_3,edu_isced11_0,2021,1.948
tur,sex_t,ocu_isco08_3,edu_isced11_0,2022,0.9
tur,sex_t,ocu_isco08_3,edu_isced11_0,2023,1.481
tur,sex_t,ocu_isco08_3,edu_isced11_1,2021,18.453
tur,sex_t,ocu_isco08_3,edu_isced11_1,2022,18.728
tur,sex_t,ocu_isco08_3,edu_isced11_1,2023,24.61
tur,sex_t,ocu_isco08_3,edu_isced11_2,2021,24.337
tur,sex_t,ocu_isco08_3,edu_isced11_2,2022,20.382
tur,sex_t,ocu_isco08_3,edu_isced11_2,2023,23.703
tur,sex_t,ocu_isco08_3,edu_isced11_3,2021,60.41
tur,sex_t,ocu_isco08_3,edu_isced11_3,2022,63.257
tur,sex_t,ocu_isco08_3,edu_isced11_3,2023,63.653
tur,sex_t,ocu_isco08_3,edu_isced11_6,2021,17.325
tur,sex_t,ocu_isco08_3,edu_isced11_6,2022,12.357
tur,sex_t,ocu_isco08_3,edu_isced11_6,2023,16.885
tur,sex_t,ocu_isco08_3,edu_isced11_7,2021,28.726
tur,sex_t,ocu_isco08_3,edu_isced11_7,2022,25.716
tur,sex_t,ocu_isco08_3,edu_isced11_7,2023,32.8
tur,sex_t,ocu_isco08_3,edu_isced11_8,2021,4.343
tur,sex_t,ocu_isco08_3,edu_isced11_8,2022,4.64
tur,sex_t,ocu_isco08_3,edu_isced11_8,2023,2.565
tur,sex_t,ocu_isco08_3,edu_isced11_total,2021,156.248
tur,sex_t,ocu_isco08_3,edu_isced11_total,2022,145.981
tur,sex_t,ocu_isco08_3,edu_isced11_total,2023,165.805
tur,sex_t,ocu_isco08_4,edu_aggregate_adv,2012,26.341
tur,sex_t,ocu_isco08_4,edu_aggregate_adv,2013,23.733
tur,sex_t,ocu_isco08_4,edu_aggregate_adv,2014,20.895
tur,sex_t,ocu_isco08_4,edu_aggregate_adv,2015,22
tur,sex_t,ocu_isco08_4,edu_aggregate_adv,2016,23.365
tur,sex_t,ocu_isco08_4,edu_aggregate_adv,2017,28.797
tur,sex_t,ocu_isco08_4,edu_aggregate_adv,2018,37.32
tur,sex_t,ocu_isco08_4,edu_aggregate_adv,2019,29.206
tur,sex_t,ocu_isco08_4,edu_aggregate_adv,2020,28.331
tur,sex_t,ocu_isco08_4,edu_aggregate_adv,2021,28.189
tur,sex_t,ocu_isco08_4,edu_aggregate_adv,2022,24.558
tur,sex_t,ocu_isco08_4,edu_aggregate_adv,2023,24.02
tur,sex_t,ocu_isco08_4,edu_aggregate_bas,2012,42.329
tur,sex_t,ocu_isco08_4,edu_aggregate_bas,2013,40.572
tur,sex_t,ocu_isco08_4,edu_aggregate_bas,2014,50.064
tur,sex_t,ocu_isco08_4,edu_aggregate_bas,2015,42.553
tur,sex_t,ocu_isco08_4,edu_aggregate_bas,2016,61.349
tur,sex_t,ocu_isco08_4,edu_aggregate_bas,2017,60.533
tur,sex_t,ocu_isco08_4,edu_aggregate_bas,2018,63.083
tur,sex_t,ocu_isco08_4,edu_aggregate_bas,2019,59.683
tur,sex_t,ocu_isco08_4,edu_aggregate_bas,2020,24.89
tur,sex_t,ocu_isco08_4,edu_aggregate_bas,2021,22.913
tur,sex_t,ocu_isco08_4,edu_aggregate_bas,2022,21.668
tur,sex_t,ocu_isco08_4,edu_aggregate_bas,2023,24.729
tur,sex_t,ocu_isco08_4,edu_aggregate_int,2012,45.853
tur,sex_t,ocu_isco08_4,edu_aggregate_int,2013,46.077
tur,sex_t,ocu_isco08_4,edu_aggregate_int,2014,42.998
tur,sex_t,ocu_isco08_4,edu_aggregate_int,2015,45.865
tur,sex_t,ocu_isco08_4,edu_aggregate_int,2016,50.28
tur,sex_t,ocu_isco08_4,edu_aggregate_int,2017,52.488
tur,sex_t,ocu_isco08_4,edu_aggregate_int,2018,50.827
tur,sex_t,ocu_isco08_4,edu_aggregate_int,2019,54.064
tur,sex_t,ocu_isco08_4,edu_aggregate_int,2020,38.446
tur,sex_t,ocu_isco08_4,edu_aggregate_int,2021,33.554
tur,sex_t,ocu_isco08_4,edu_aggregate_int,2022,41.733
tur,sex_t,ocu_isco08_4,edu_aggregate_int,2023,46.597
tur,sex_t,ocu_isco08_4,edu_aggregate_ltb,2012,1.756
tur,sex_t,ocu_isco08_4,edu_aggregate_ltb,2013,1.25
tur,sex_t,ocu_isco08_4,edu_aggregate_ltb,2016,1.654
tur,sex_t,ocu_isco08_4,edu_aggregate_ltb,2017,1.456
tur,sex_t,ocu_isco08_4,edu_aggregate_ltb,2018,1.528
tur,sex_t,ocu_isco08_4,edu_aggregate_ltb,2019,2.075
tur,sex_t,ocu_isco08_4,edu_aggregate_ltb,2020,1.54
tur,sex_t,ocu_isco08_4,edu_aggregate_ltb,2022,1.393
tur,sex_t,ocu_isco08_4,edu_aggregate_ltb,2023,0.683
tur,sex_t,ocu_isco08_4,edu_aggregate_total,2012,116.279
tur,sex_t,ocu_isco08_4,edu_aggregate_total,2013,111.632
tur,sex_t,ocu_isco08_4,edu_aggregate_total,2014,114.757
tur,sex_t,ocu_isco08_4,edu_aggregate_total,2015,111.451
tur,sex_t,ocu_isco08_4,edu_aggregate_total,2016,136.648
tur,sex_t,ocu_isco08_4,edu_aggregate_total,2017,143.273
tur,sex_t,ocu_isco08_4,edu_aggregate_total,2018,152.758
tur,sex_t,ocu_isco08_4,edu_aggregate_total,2019,145.029
tur,sex_t,ocu_isco08_4,edu_aggregate_total,2020,93.207
tur,sex_t,ocu_isco08_4,edu_aggregate_total,2021,84.895
tur,sex_t,ocu_isco08_4,edu_aggregate_total,2022,89.352
tur,sex_t,ocu_isco08_4,edu_aggregate_total,2023,96.03
tur,sex_t,ocu_isco08_4,edu_isced11_0,2022,1.393
tur,sex_t,ocu_isco08_4,edu_isced11_0,2023,0.683
tur,sex_t,ocu_isco08_4,edu_isced11_1,2021,8.272
tur,sex_t,ocu_isco08_4,edu_isced11_1,2022,8.329
tur,sex_t,ocu_isco08_4,edu_isced11_1,2023,10.089
tur,sex_t,ocu_isco08_4,edu_isced11_2,2021,14.641
tur,sex_t,ocu_isco08_4,edu_isced11_2,2022,13.339
tur,sex_t,ocu_isco08_4,edu_isced11_2,2023,14.639
tur,sex_t,ocu_isco08_4,edu_isced11_3,2021,33.554
tur,sex_t,ocu_isco08_4,edu_isced11_3,2022,41.733
tur,sex_t,ocu_isco08_4,edu_isced11_3,2023,46.597
tur,sex_t,ocu_isco08_4,edu_isced11_6,2021,10.737
tur,sex_t,ocu_isco08_4,edu_isced11_6,2022,8.46
tur,sex_t,ocu_isco08_4,edu_isced11_6,2023,7.827
tur,sex_t,ocu_isco08_4,edu_isced11_7,2021,16.993
tur,sex_t,ocu_isco08_4,edu_isced11_7,2022,13.445
tur,sex_t,ocu_isco08_4,edu_isced11_7,2023,14.651
tur,sex_t,ocu_isco08_4,edu_isced11_8,2021,0.459
tur,sex_t,ocu_isco08_4,edu_isced11_8,2022,2.653
tur,sex_t,ocu_isco08_4,edu_isced11_8,2023,1.542
tur,sex_t,ocu_isco08_4,edu_isced11_total,2021,84.895
tur,sex_t,ocu_isco08_4,edu_isced11_total,2022,89.352
tur,sex_t,ocu_isco08_4,edu_isced11_total,2023,96.03
tur,sex_t,ocu_isco08_5,edu_aggregate_adv,2012,63.136
tur,sex_t,ocu_isco08_5,edu_aggregate_adv,2013,60.941
tur,sex_t,ocu_isco08_5,edu_aggregate_adv,2014,76.015
tur,sex_t,ocu_isco08_5,edu_aggregate_adv,2015,81.342
tur,sex_t,ocu_isco08_5,edu_aggregate_adv,2016,91.143
tur,sex_t,ocu_isco08_5,edu_aggregate_adv,2017,114.442
tur,sex_t,ocu_isco08_5,edu_aggregate_adv,2018,120.375
tur,sex_t,ocu_isco08_5,edu_aggregate_adv,2019,139.646
tur,sex_t,ocu_isco08_5,edu_aggregate_adv,2020,122.655
tur,sex_t,ocu_isco08_5,edu_aggregate_adv,2021,137.737
tur,sex_t,ocu_isco08_5,edu_aggregate_adv,2022,145.948
tur,sex_t,ocu_isco08_5,edu_aggregate_adv,2023,146.819
tur,sex_t,ocu_isco08_5,edu_aggregate_bas,2012,986.961
tur,sex_t,ocu_isco08_5,edu_aggregate_bas,2013,1001.49
tur,sex_t,ocu_isco08_5,edu_aggregate_bas,2014,1018.726
tur,sex_t,ocu_isco08_5,edu_aggregate_bas,2015,1011.79
tur,sex_t,ocu_isco08_5,edu_aggregate_bas,2016,1058.708
tur,sex_t,ocu_isco08_5,edu_aggregate_bas,2017,1106.637
tur,sex_t,ocu_isco08_5,edu_aggregate_bas,2018,1124.587
tur,sex_t,ocu_isco08_5,edu_aggregate_bas,2019,1167.73
tur,sex_t,ocu_isco08_5,edu_aggregate_bas,2020,888.787
tur,sex_t,ocu_isco08_5,edu_aggregate_bas,2021,861.4
tur,sex_t,ocu_isco08_5,edu_aggregate_bas,2022,925.06
tur,sex_t,ocu_isco08_5,edu_aggregate_bas,2023,951.887
tur,sex_t,ocu_isco08_5,edu_aggregate_int,2012,296.175
tur,sex_t,ocu_isco08_5,edu_aggregate_int,2013,301.003
tur,sex_t,ocu_isco08_5,edu_aggregate_int,2014,293.636
tur,sex_t,ocu_isco08_5,edu_aggregate_int,2015,290.902
tur,sex_t,ocu_isco08_5,edu_aggregate_int,2016,309.652
tur,sex_t,ocu_isco08_5,edu_aggregate_int,2017,354.514
tur,sex_t,ocu_isco08_5,edu_aggregate_int,2018,370.057
tur,sex_t,ocu_isco08_5,edu_aggregate_int,2019,409.731
tur,sex_t,ocu_isco08_5,edu_aggregate_int,2020,318.046
tur,sex_t,ocu_isco08_5,edu_aggregate_int,2021,347.616
tur,sex_t,ocu_isco08_5,edu_aggregate_int,2022,399.209
tur,sex_t,ocu_isco08_5,edu_aggregate_int,2023,410.138
tur,sex_t,ocu_isco08_5,edu_aggregate_ltb,2012,148.34
tur,sex_t,ocu_isco08_5,edu_aggregate_ltb,2013,154.483
tur,sex_t,ocu_isco08_5,edu_aggregate_ltb,2014,196.51
tur,sex_t,ocu_isco08_5,edu_aggregate_ltb,2015,214.818
tur,sex_t,ocu_isco08_5,edu_aggregate_ltb,2016,232.482
tur,sex_t,ocu_isco08_5,edu_aggregate_ltb,2017,225.842
tur,sex_t,ocu_isco08_5,edu_aggregate_ltb,2018,240.118
tur,sex_t,ocu_isco08_5,edu_aggregate_ltb,2019,247.615
tur,sex_t,ocu_isco08_5,edu_aggregate_ltb,2020,200.989
tur,sex_t,ocu_isco08_5,edu_aggregate_ltb,2021,191.682
tur,sex_t,ocu_isco08_5,edu_aggregate_ltb,2022,270.412
tur,sex_t,ocu_isco08_5,edu_aggregate_ltb,2023,279.755
tur,sex_t,ocu_isco08_5,edu_aggregate_total,2012,1494.612
tur,sex_t,ocu_isco08_5,edu_aggregate_total,2013,1517.917
tur,sex_t,ocu_isco08_5,edu_aggregate_total,2014,1584.887
tur,sex_t,ocu_isco08_5,edu_aggregate_total,2015,1598.852
tur,sex_t,ocu_isco08_5,edu_aggregate_total,2016,1691.986
tur,sex_t,ocu_isco08_5,edu_aggregate_total,2017,1801.434
tur,sex_t,ocu_isco08_5,edu_aggregate_total,2018,1855.137
tur,sex_t,ocu_isco08_5,edu_aggregate_total,2019,1964.722
tur,sex_t,ocu_isco08_5,edu_aggregate_total,2020,1530.477
tur,sex_t,ocu_isco08_5,edu_aggregate_total,2021,1538.437
tur,sex_t,ocu_isco08_5,edu_aggregate_total,2022,1740.629
tur,sex_t,ocu_isco08_5,edu_aggregate_total,2023,1788.599
tur,sex_t,ocu_isco08_5,edu_isced11_0,2021,71.204
tur,sex_t,ocu_isco08_5,edu_isced11_0,2022,102.04
tur,sex_t,ocu_isco08_5,edu_isced11_0,2023,109.917
tur,sex_t,ocu_isco08_5,edu_isced11_1,2021,514.556
tur,sex_t,ocu_isco08_5,edu_isced11_1,2022,574.713
tur,sex_t,ocu_isco08_5,edu_isced11_1,2023,576.996
tur,sex_t,ocu_isco08_5,edu_isced11_2,2021,346.845
tur,sex_t,ocu_isco08_5,edu_isced11_2,2022,350.347
tur,sex_t,ocu_isco08_5,edu_isced11_2,2023,374.891
tur,sex_t,ocu_isco08_5,edu_isced11_3,2021,347.616
tur,sex_t,ocu_isco08_5,edu_isced11_3,2022,399.209
tur,sex_t,ocu_isco08_5,edu_isced11_3,2023,410.138
tur,sex_t,ocu_isco08_5,edu_isced11_6,2021,59.702
tur,sex_t,ocu_isco08_5,edu_isced11_6,2022,62.028
tur,sex_t,ocu_isco08_5,edu_isced11_6,2023,72.508
tur,sex_t,ocu_isco08_5,edu_isced11_7,2021,73.965
tur,sex_t,ocu_isco08_5,edu_isced11_7,2022,77.583
tur,sex_t,ocu_isco08_5,edu_isced11_7,2023,69.868
tur,sex_t,ocu_isco08_5,edu_isced11_8,2021,4.071
tur,sex_t,ocu_isco08_5,edu_isced11_8,2022,6.336
tur,sex_t,ocu_isco08_5,edu_isced11_8,2023,4.442
tur,sex_t,ocu_isco08_5,edu_isced11_total,2021,1538.437
tur,sex_t,ocu_isco08_5,edu_isced11_total,2022,1740.629
tur,sex_t,ocu_isco08_5,edu_isced11_total,2023,1788.599
tur,sex_t,ocu_isco08_5,edu_isced11_x,2021,120.478
tur,sex_t,ocu_isco08_5,edu_isced11_x,2022,168.373
tur,sex_t,ocu_isco08_5,edu_isced11_x,2023,169.838
tur,sex_t,ocu_isco08_6,edu_aggregate_adv,2012,47.681
tur,sex_t,ocu_isco08_6,edu_aggregate_adv,2013,47.701
tur,sex_t,ocu_isco08_6,edu_aggregate_adv,2014,52.987
tur,sex_t,ocu_isco08_6,edu_aggregate_adv,2015,58.035
tur,sex_t,ocu_isco08_6,edu_aggregate_adv,2016,68.889
tur,sex_t,ocu_isco08_6,edu_aggregate_adv,2017,80.556
tur,sex_t,ocu_isco08_6,edu_aggregate_adv,2018,83.485
tur,sex_t,ocu_isco08_6,edu_aggregate_adv,2019,103.9
tur,sex_t,ocu_isco08_6,edu_aggregate_adv,2020,116.705
tur,sex_t,ocu_isco08_6,edu_aggregate_adv,2021,121.988
tur,sex_t,ocu_isco08_6,edu_aggregate_adv,2022,108.401
tur,sex_t,ocu_isco08_6,edu_aggregate_adv,2023,109.699
tur,sex_t,ocu_isco08_6,edu_aggregate_bas,2012,2670.329
tur,sex_t,ocu_isco08_6,edu_aggregate_bas,2013,2635.403
tur,sex_t,ocu_isco08_6,edu_aggregate_bas,2014,2316.372
tur,sex_t,ocu_isco08_6,edu_aggregate_bas,2015,2279.293
tur,sex_t,ocu_isco08_6,edu_aggregate_bas,2016,2236.326
tur,sex_t,ocu_isco08_6,edu_aggregate_bas,2017,2338.2
tur,sex_t,ocu_isco08_6,edu_aggregate_bas,2018,2335.114
tur,sex_t,ocu_isco08_6,edu_aggregate_bas,2019,2331.05
tur,sex_t,ocu_isco08_6,edu_aggregate_bas,2020,2096.062
tur,sex_t,ocu_isco08_6,edu_aggregate_bas,2021,2107.579
tur,sex_t,ocu_isco08_6,edu_aggregate_bas,2022,1962.24
tur,sex_t,ocu_isco08_6,edu_aggregate_bas,2023,1918.638
tur,sex_t,ocu_isco08_6,edu_aggregate_int,2012,217.824
tur,sex_t,ocu_isco08_6,edu_aggregate_int,2013,230.871
tur,sex_t,ocu_isco08_6,edu_aggregate_int,2014,209.033
tur,sex_t,ocu_isco08_6,edu_aggregate_int,2015,206.563
tur,sex_t,ocu_isco08_6,edu_aggregate_int,2016,226.095
tur,sex_t,ocu_isco08_6,edu_aggregate_int,2017,240.182
tur,sex_t,ocu_isco08_6,edu_aggregate_int,2018,272.017
tur,sex_t,ocu_isco08_6,edu_aggregate_int,2019,277.54
tur,sex_t,ocu_isco08_6,edu_aggregate_int,2020,311.736
tur,sex_t,ocu_isco08_6,edu_aggregate_int,2021,325.575
tur,sex_t,ocu_isco08_6,edu_aggregate_int,2022,305.919
tur,sex_t,ocu_isco08_6,edu_aggregate_int,2023,319.194
tur,sex_t,ocu_isco08_6,edu_aggregate_ltb,2012,1206.318
tur,sex_t,ocu_isco08_6,edu_aggregate_ltb,2013,1122.986
tur,sex_t,ocu_isco08_6,edu_aggregate_ltb,2014,1010.595
tur,sex_t,ocu_isco08_6,edu_aggregate_ltb,2015,906.715
tur,sex_t,ocu_isco08_6,edu_aggregate_ltb,2016,775.266
tur,sex_t,ocu_isco08_6,edu_aggregate_ltb,2017,791.254
tur,sex_t,ocu_isco08_6,edu_aggregate_ltb,2018,781.327
tur,sex_t,ocu_isco08_6,edu_aggregate_ltb,2019,719.466
tur,sex_t,ocu_isco08_6,edu_aggregate_ltb,2020,522.334
tur,sex_t,ocu_isco08_6,edu_aggregate_ltb,2021,544.909
tur,sex_t,ocu_isco08_6,edu_aggregate_ltb,2022,529.009
tur,sex_t,ocu_isco08_6,edu_aggregate_ltb,2023,492.041
tur,sex_t,ocu_isco08_6,edu_aggregate_total,2012,4142.153
tur,sex_t,ocu_isco08_6,edu_aggregate_total,2013,4036.961
tur,sex_t,ocu_isco08_6,edu_aggregate_total,2014,3588.988
tur,sex_t,ocu_isco08_6,edu_aggregate_total,2015,3450.606
tur,sex_t,ocu_isco08_6,edu_aggregate_total,2016,3306.576
tur,sex_t,ocu_isco08_6,edu_aggregate_total,2017,3450.192
tur,sex_t,ocu_isco08_6,edu_aggregate_total,2018,3471.942
tur,sex_t,ocu_isco08_6,edu_aggregate_total,2019,3431.956
tur,sex_t,ocu_isco08_6,edu_aggregate_total,2020,3046.837
tur,sex_t,ocu_isco08_6,edu_aggregate_total,2021,3100.051
tur,sex_t,ocu_isco08_6,edu_aggregate_total,2022,2905.568
tur,sex_t,ocu_isco08_6,edu_aggregate_total,2023,2839.573
tur,sex_t,ocu_isco08_6,edu_isced11_0,2021,234.405
tur,sex_t,ocu_isco08_6,edu_isced11_0,2022,224.943
tur,sex_t,ocu_isco08_6,edu_isced11_0,2023,204.759
tur,sex_t,ocu_isco08_6,edu_isced11_1,2021,1575.251
tur,sex_t,ocu_isco08_6,edu_isced11_1,2022,1460.642
tur,sex_t,ocu_isco08_6,edu_isced11_1,2023,1448.763
tur,sex_t,ocu_isco08_6,edu_isced11_2,2021,532.329
tur,sex_t,ocu_isco08_6,edu_isced11_2,2022,501.598
tur,sex_t,ocu_isco08_6,edu_isced11_2,2023,469.875
tur,sex_t,ocu_isco08_6,edu_isced11_3,2021,325.575
tur,sex_t,ocu_isco08_6,edu_isced11_3,2022,305.919
tur,sex_t,ocu_isco08_6,edu_isced11_3,2023,319.194
tur,sex_t,ocu_isco08_6,edu_isced11_6,2021,63.681
tur,sex_t,ocu_isco08_6,edu_isced11_6,2022,52.921
tur,sex_t,ocu_isco08_6,edu_isced11_6,2023,54.34
tur,sex_t,ocu_isco08_6,edu_isced11_7,2021,53.693
tur,sex_t,ocu_isco08_6,edu_isced11_7,2022,52.526
tur,sex_t,ocu_isco08_6,edu_isced11_7,2023,51.327
tur,sex_t,ocu_isco08_6,edu_isced11_8,2021,4.613
tur,sex_t,ocu_isco08_6,edu_isced11_8,2022,2.955
tur,sex_t,ocu_isco08_6,edu_isced11_8,2023,4.033
tur,sex_t,ocu_isco08_6,edu_isced11_total,2021,3100.051
tur,sex_t,ocu_isco08_6,edu_isced11_total,2022,2905.568
tur,sex_t,ocu_isco08_6,edu_isced11_total,2023,2839.573
tur,sex_t,ocu_isco08_6,edu_isced11_x,2021,310.504
tur,sex_t,ocu_isco08_6,edu_isced11_x,2022,304.066
tur,sex_t,ocu_isco08_6,edu_isced11_x,2023,287.282
tur,sex_t,ocu_isco08_7,edu_aggregate_adv,2012,20.553
tur,sex_t,ocu_isco08_7,edu_aggregate_adv,2013,17.876
tur,sex_t,ocu_isco08_7,edu_aggregate_adv,2014,24.315
tur,sex_t,ocu_isco08_7,edu_aggregate_adv,2015,24.729
tur,sex_t,ocu_isco08_7,edu_aggregate_adv,2016,27.113
tur,sex_t,ocu_isco08_7,edu_aggregate_adv,2017,31.975
tur,sex_t,ocu_isco08_7,edu_aggregate_adv,2018,38.92
tur,sex_t,ocu_isco08_7,edu_aggregate_adv,2019,39.946
tur,sex_t,ocu_isco08_7,edu_aggregate_adv,2020,45.776
tur,sex_t,ocu_isco08_7,edu_aggregate_adv,2021,51.24
tur,sex_t,ocu_isco08_7,edu_aggregate_adv,2022,46.001
tur,sex_t,ocu_isco08_7,edu_aggregate_adv,2023,43.82
tur,sex_t,ocu_isco08_7,edu_aggregate_bas,2012,896.18
tur,sex_t,ocu_isco08_7,edu_aggregate_bas,2013,872.414
tur,sex_t,ocu_isco08_7,edu_aggregate_bas,2014,888.388
tur,sex_t,ocu_isco08_7,edu_aggregate_bas,2015,857.078
tur,sex_t,ocu_isco08_7,edu_aggregate_bas,2016,883.51
tur,sex_t,ocu_isco08_7,edu_aggregate_bas,2017,903.112
tur,sex_t,ocu_isco08_7,edu_aggregate_bas,2018,910.873
tur,sex_t,ocu_isco08_7,edu_aggregate_bas,2019,844.746
tur,sex_t,ocu_isco08_7,edu_aggregate_bas,2020,723.076
tur,sex_t,ocu_isco08_7,edu_aggregate_bas,2021,701.645
tur,sex_t,ocu_isco08_7,edu_aggregate_bas,2022,667.131
tur,sex_t,ocu_isco08_7,edu_aggregate_bas,2023,713.101
tur,sex_t,ocu_isco08_7,edu_aggregate_int,2012,143.112
tur,sex_t,ocu_isco08_7,edu_aggregate_int,2013,151.357
tur,sex_t,ocu_isco08_7,edu_aggregate_int,2014,142.398
tur,sex_t,ocu_isco08_7,edu_aggregate_int,2015,141.374
tur,sex_t,ocu_isco08_7,edu_aggregate_int,2016,150.71
tur,sex_t,ocu_isco08_7,edu_aggregate_int,2017,171.034
tur,sex_t,ocu_isco08_7,edu_aggregate_int,2018,184.662
tur,sex_t,ocu_isco08_7,edu_aggregate_int,2019,188.282
tur,sex_t,ocu_isco08_7,edu_aggregate_int,2020,166.511
tur,sex_t,ocu_isco08_7,edu_aggregate_int,2021,185.806
tur,sex_t,ocu_isco08_7,edu_aggregate_int,2022,214.2
tur,sex_t,ocu_isco08_7,edu_aggregate_int,2023,217.533
tur,sex_t,ocu_isco08_7,edu_aggregate_ltb,2012,117.539
tur,sex_t,ocu_isco08_7,edu_aggregate_ltb,2013,125.939
tur,sex_t,ocu_isco08_7,edu_aggregate_ltb,2014,117.975
tur,sex_t,ocu_isco08_7,edu_aggregate_ltb,2015,111.494
tur,sex_t,ocu_isco08_7,edu_aggregate_ltb,2016,124.853
tur,sex_t,ocu_isco08_7,edu_aggregate_ltb,2017,121.732
tur,sex_t,ocu_isco08_7,edu_aggregate_ltb,2018,112.884
tur,sex_t,ocu_isco08_7,edu_aggregate_ltb,2019,109.941
tur,sex_t,ocu_isco08_7,edu_aggregate_ltb,2020,76.124
tur,sex_t,ocu_isco08_7,edu_aggregate_ltb,2021,68.616
tur,sex_t,ocu_isco08_7,edu_aggregate_ltb,2022,76.631
tur,sex_t,ocu_isco08_7,edu_aggregate_ltb,2023,85.679
tur,sex_t,ocu_isco08_7,edu_aggregate_total,2012,1177.384
tur,sex_t,ocu_isco08_7,edu_aggregate_total,2013,1167.585
tur,sex_t,ocu_isco08_7,edu_aggregate_total,2014,1173.075
tur,sex_t,ocu_isco08_7,edu_aggregate_total,2015,1134.676
tur,sex_t,ocu_isco08_7,edu_aggregate_total,2016,1186.186
tur,sex_t,ocu_isco08_7,edu_aggregate_total,2017,1227.853
tur,sex_t,ocu_isco08_7,edu_aggregate_total,2018,1247.339
tur,sex_t,ocu_isco08_7,edu_aggregate_total,2019,1182.916
tur,sex_t,ocu_isco08_7,edu_aggregate_total,2020,1011.487
tur,sex_t,ocu_isco08_7,edu_aggregate_total,2021,1007.307
tur,sex_t,ocu_isco08_7,edu_aggregate_total,2022,1003.964
tur,sex_t,ocu_isco08_7,edu_aggregate_total,2023,1060.134
tur,sex_t,ocu_isco08_7,edu_isced11_0,2021,42.291
tur,sex_t,ocu_isco08_7,edu_isced11_0,2022,48.708
tur,sex_t,ocu_isco08_7,edu_isced11_0,2023,55.98
tur,sex_t,ocu_isco08_7,edu_isced11_1,2021,414.995
tur,sex_t,ocu_isco08_7,edu_isced11_1,2022,386.262
tur,sex_t,ocu_isco08_7,edu_isced11_1,2023,403.525
tur,sex_t,ocu_isco08_7,edu_isced11_2,2021,286.65
tur,sex_t,ocu_isco08_7,edu_isced11_2,2022,280.869
tur,sex_t,ocu_isco08_7,edu_isced11_2,2023,309.576
tur,sex_t,ocu_isco08_7,edu_isced11_3,2021,185.806
tur,sex_t,ocu_isco08_7,edu_isced11_3,2022,214.2
tur,sex_t,ocu_isco08_7,edu_isced11_3,2023,217.533
tur,sex_t,ocu_isco08_7,edu_isced11_6,2021,25.963
tur,sex_t,ocu_isco08_7,edu_isced11_6,2022,21.838
tur,sex_t,ocu_isco08_7,edu_isced11_6,2023,22.74
tur,sex_t,ocu_isco08_7,edu_isced11_7,2021,24.184
tur,sex_t,ocu_isco08_7,edu_isced11_7,2022,23.384
tur,sex_t,ocu_isco08_7,edu_isced11_7,2023,20.454
tur,sex_t,ocu_isco08_7,edu_isced11_8,2021,1.093
tur,sex_t,ocu_isco08_7,edu_isced11_8,2022,0.779
tur,sex_t,ocu_isco08_7,edu_isced11_8,2023,0.627
tur,sex_t,ocu_isco08_7,edu_isced11_total,2021,1007.307
tur,sex_t,ocu_isco08_7,edu_isced11_total,2022,1003.964
tur,sex_t,ocu_isco08_7,edu_isced11_total,2023,1060.134
tur,sex_t,ocu_isco08_7,edu_isced11_x,2021,26.325
tur,sex_t,ocu_isco08_7,edu_isced11_x,2022,27.924
tur,sex_t,ocu_isco08_7,edu_isced11_x,2023,29.699
tur,sex_t,ocu_isco08_8,edu_aggregate_adv,2012,8.496
tur,sex_t,ocu_isco08_8,edu_aggregate_adv,2013,6.629
tur,sex_t,ocu_isco08_8,edu_aggregate_adv,2014,10.264
tur,sex_t,ocu_isco08_8,edu_aggregate_adv,2015,8.439
tur,sex_t,ocu_isco08_8,edu_aggregate_adv,2016,12.911
tur,sex_t,ocu_isco08_8,edu_aggregate_adv,2017,17.024
tur,sex_t,ocu_isco08_8,edu_aggregate_adv,2018,14.612
tur,sex_t,ocu_isco08_8,edu_aggregate_adv,2019,13.012
tur,sex_t,ocu_isco08_8,edu_aggregate_adv,2020,17.51
tur,sex_t,ocu_isco08_8,edu_aggregate_adv,2021,17.307
tur,sex_t,ocu_isco08_8,edu_aggregate_adv,2022,16.954
tur,sex_t,ocu_isco08_8,edu_aggregate_adv,2023,21.947
tur,sex_t,ocu_isco08_8,edu_aggregate_bas,2012,397.527
tur,sex_t,ocu_isco08_8,edu_aggregate_bas,2013,348.618
tur,sex_t,ocu_isco08_8,edu_aggregate_bas,2014,362.086
tur,sex_t,ocu_isco08_8,edu_aggregate_bas,2015,366.101
tur,sex_t,ocu_isco08_8,edu_aggregate_bas,2016,366.082
tur,sex_t,ocu_isco08_8,edu_aggregate_bas,2017,391.635
tur,sex_t,ocu_isco08_8,edu_aggregate_bas,2018,396.269
tur,sex_t,ocu_isco08_8,edu_aggregate_bas,2019,388.079
tur,sex_t,ocu_isco08_8,edu_aggregate_bas,2020,269.586
tur,sex_t,ocu_isco08_8,edu_aggregate_bas,2021,251.763
tur,sex_t,ocu_isco08_8,edu_aggregate_bas,2022,238.658
tur,sex_t,ocu_isco08_8,edu_aggregate_bas,2023,251.935
tur,sex_t,ocu_isco08_8,edu_aggregate_int,2012,75.776
tur,sex_t,ocu_isco08_8,edu_aggregate_int,2013,61.822
tur,sex_t,ocu_isco08_8,edu_aggregate_int,2014,63.942
tur,sex_t,ocu_isco08_8,edu_aggregate_int,2015,60.331
tur,sex_t,ocu_isco08_8,edu_aggregate_int,2016,71.828
tur,sex_t,ocu_isco08_8,edu_aggregate_int,2017,79.092
tur,sex_t,ocu_isco08_8,edu_aggregate_int,2018,83.534
tur,sex_t,ocu_isco08_8,edu_aggregate_int,2019,89.417
tur,sex_t,ocu_isco08_8,edu_aggregate_int,2020,69.845
tur,sex_t,ocu_isco08_8,edu_aggregate_int,2021,63.8
tur,sex_t,ocu_isco08_8,edu_aggregate_int,2022,76.139
tur,sex_t,ocu_isco08_8,edu_aggregate_int,2023,81.11
tur,sex_t,ocu_isco08_8,edu_aggregate_ltb,2012,45.537
tur,sex_t,ocu_isco08_8,edu_aggregate_ltb,2013,41.475
tur,sex_t,ocu_isco08_8,edu_aggregate_ltb,2014,32.774
tur,sex_t,ocu_isco08_8,edu_aggregate_ltb,2015,31.537
tur,sex_t,ocu_isco08_8,edu_aggregate_ltb,2016,42.526
tur,sex_t,ocu_isco08_8,edu_aggregate_ltb,2017,42.805
tur,sex_t,ocu_isco08_8,edu_aggregate_ltb,2018,49.625
tur,sex_t,ocu_isco08_8,edu_aggregate_ltb,2019,40.456
tur,sex_t,ocu_isco08_8,edu_aggregate_ltb,2020,25.884
tur,sex_t,ocu_isco08_8,edu_aggregate_ltb,2021,25.55
tur,sex_t,ocu_isco08_8,edu_aggregate_ltb,2022,20.413
tur,sex_t,ocu_isco08_8,edu_aggregate_ltb,2023,13.296
tur,sex_t,ocu_isco08_8,edu_aggregate_total,2012,527.336
tur,sex_t,ocu_isco08_8,edu_aggregate_total,2013,458.544
tur,sex_t,ocu_isco08_8,edu_aggregate_total,2014,469.066
tur,sex_t,ocu_isco08_8,edu_aggregate_total,2015,466.407
tur,sex_t,ocu_isco08_8,edu_aggregate_total,2016,493.346
tur,sex_t,ocu_isco08_8,edu_aggregate_total,2017,530.555
tur,sex_t,ocu_isco08_8,edu_aggregate_total,2018,544.04
tur,sex_t,ocu_isco08_8,edu_aggregate_total,2019,530.964
tur,sex_t,ocu_isco08_8,edu_aggregate_total,2020,382.826
tur,sex_t,ocu_isco08_8,edu_aggregate_total,2021,358.421
tur,sex_t,ocu_isco08_8,edu_aggregate_total,2022,352.164
tur,sex_t,ocu_isco08_8,edu_aggregate_total,2023,368.287
tur,sex_t,ocu_isco08_8,edu_isced11_0,2021,18.503
tur,sex_t,ocu_isco08_8,edu_isced11_0,2022,14.605
tur,sex_t,ocu_isco08_8,edu_isced11_0,2023,10.683
tur,sex_t,ocu_isco08_8,edu_isced11_1,2021,153.479
tur,sex_t,ocu_isco08_8,edu_isced11_1,2022,140.134
tur,sex_t,ocu_isco08_8,edu_isced11_1,2023,143.15
tur,sex_t,ocu_isco08_8,edu_isced11_2,2021,98.284
tur,sex_t,ocu_isco08_8,edu_isced11_2,2022,98.524
tur,sex_t,ocu_isco08_8,edu_isced11_2,2023,108.785
tur,sex_t,ocu_isco08_8,edu_isced11_3,2021,63.8
tur,sex_t,ocu_isco08_8,edu_isced11_3,2022,76.139
tur,sex_t,ocu_isco08_8,edu_isced11_3,2023,81.11
tur,sex_t,ocu_isco08_8,edu_isced11_6,2021,8.403
tur,sex_t,ocu_isco08_8,edu_isced11_6,2022,8.216
tur,sex_t,ocu_isco08_8,edu_isced11_6,2023,8.854
tur,sex_t,ocu_isco08_8,edu_isced11_7,2021,8.458
tur,sex_t,ocu_isco08_8,edu_isced11_7,2022,8.089
tur,sex_t,ocu_isco08_8,edu_isced11_7,2023,12.043
tur,sex_t,ocu_isco08_8,edu_isced11_8,2022,0.65
tur,sex_t,ocu_isco08_8,edu_isced11_8,2023,1.051
tur,sex_t,ocu_isco08_8,edu_isced11_total,2021,358.421
tur,sex_t,ocu_isco08_8,edu_isced11_total,2022,352.164
tur,sex_t,ocu_isco08_8,edu_isced11_total,2023,368.287
tur,sex_t,ocu_isco08_8,edu_isced11_x,2021,7.048
tur,sex_t,ocu_isco08_8,edu_isced11_x,2022,5.808
tur,sex_t,ocu_isco08_8,edu_isced11_x,2023,2.612
tur,sex_t,ocu_isco08_9,edu_aggregate_adv,2012,22.303
tur,sex_t,ocu_isco08_9,edu_aggregate_adv,2013,27.311
tur,sex_t,ocu_isco08_9,edu_aggregate_adv,2014,27.321
tur,sex_t,ocu_isco08_9,edu_aggregate_adv,2015,36.659
tur,sex_t,ocu_isco08_9,edu_aggregate_adv,2016,46.126
tur,sex_t,ocu_isco08_9,edu_aggregate_adv,2017,55.335
tur,sex_t,ocu_isco08_9,edu_aggregate_adv,2018,53.805
tur,sex_t,ocu_isco08_9,edu_aggregate_adv,2019,62.514
tur,sex_t,ocu_isco08_9,edu_aggregate_adv,2020,62.268
tur,sex_t,ocu_isco08_9,edu_aggregate_adv,2021,79.376
tur,sex_t,ocu_isco08_9,edu_aggregate_adv,2022,67.655
tur,sex_t,ocu_isco08_9,edu_aggregate_adv,2023,69.214
tur,sex_t,ocu_isco08_9,edu_aggregate_bas,2012,1448.819
tur,sex_t,ocu_isco08_9,edu_aggregate_bas,2013,1443.672
tur,sex_t,ocu_isco08_9,edu_aggregate_bas,2014,1483.703
tur,sex_t,ocu_isco08_9,edu_aggregate_bas,2015,1496.161
tur,sex_t,ocu_isco08_9,edu_aggregate_bas,2016,1509.666
tur,sex_t,ocu_isco08_9,edu_aggregate_bas,2017,1585.243
tur,sex_t,ocu_isco08_9,edu_aggregate_bas,2018,1496.938
tur,sex_t,ocu_isco08_9,edu_aggregate_bas,2019,1386.75
tur,sex_t,ocu_isco08_9,edu_aggregate_bas,2020,1221.358
tur,sex_t,ocu_isco08_9,edu_aggregate_bas,2021,1400.197
tur,sex_t,ocu_isco08_9,edu_aggregate_bas,2022,1415.273
tur,sex_t,ocu_isco08_9,edu_aggregate_bas,2023,1336.973
tur,sex_t,ocu_isco08_9,edu_aggregate_int,2012,170.424
tur,sex_t,ocu_isco08_9,edu_aggregate_int,2013,155.503
tur,sex_t,ocu_isco08_9,edu_aggregate_int,2014,164.703
tur,sex_t,ocu_isco08_9,edu_aggregate_int,2015,177.593
tur,sex_t,ocu_isco08_9,edu_aggregate_int,2016,196.94
tur,sex_t,ocu_isco08_9,edu_aggregate_int,2017,204.369
tur,sex_t,ocu_isco08_9,edu_aggregate_int,2018,218.222
tur,sex_t,ocu_isco08_9,edu_aggregate_int,2019,217.791
tur,sex_t,ocu_isco08_9,edu_aggregate_int,2020,214.278
tur,sex_t,ocu_isco08_9,edu_aggregate_int,2021,273.045
tur,sex_t,ocu_isco08_9,edu_aggregate_int,2022,281.661
tur,sex_t,ocu_isco08_9,edu_aggregate_int,2023,296.91
tur,sex_t,ocu_isco08_9,edu_aggregate_ltb,2012,427.153
tur,sex_t,ocu_isco08_9,edu_aggregate_ltb,2013,417.82
tur,sex_t,ocu_isco08_9,edu_aggregate_ltb,2014,414.664
tur,sex_t,ocu_isco08_9,edu_aggregate_ltb,2015,409.354
tur,sex_t,ocu_isco08_9,edu_aggregate_ltb,2016,417.778
tur,sex_t,ocu_isco08_9,edu_aggregate_ltb,2017,418.187
tur,sex_t,ocu_isco08_9,edu_aggregate_ltb,2018,411.995
tur,sex_t,ocu_isco08_9,edu_aggregate_ltb,2019,357.88
tur,sex_t,ocu_isco08_9,edu_aggregate_ltb,2020,298.162
tur,sex_t,ocu_isco08_9,edu_aggregate_ltb,2021,310.236
tur,sex_t,ocu_isco08_9,edu_aggregate_ltb,2022,363.6
tur,sex_t,ocu_isco08_9,edu_aggregate_ltb,2023,297.668
tur,sex_t,ocu_isco08_9,edu_aggregate_total,2012,2068.699
tur,sex_t,ocu_isco08_9,edu_aggregate_total,2013,2044.307
tur,sex_t,ocu_isco08_9,edu_aggregate_total,2014,2090.392
tur,sex_t,ocu_isco08_9,edu_aggregate_total,2015,2119.768
tur,sex_t,ocu_isco08_9,edu_aggregate_total,2016,2170.51
tur,sex_t,ocu_isco08_9,edu_aggregate_total,2017,2263.134
tur,sex_t,ocu_isco08_9,edu_aggregate_total,2018,2180.96
tur,sex_t,ocu_isco08_9,edu_aggregate_total,2019,2024.935
tur,sex_t,ocu_isco08_9,edu_aggregate_total,2020,1796.066
tur,sex_t,ocu_isco08_9,edu_aggregate_total,2021,2062.854
tur,sex_t,ocu_isco08_9,edu_aggregate_total,2022,2128.189
tur,sex_t,ocu_isco08_9,edu_aggregate_total,2023,2000.764
tur,sex_t,ocu_isco08_9,edu_isced11_0,2021,144.518
tur,sex_t,ocu_isco08_9,edu_isced11_0,2022,175.017
tur,sex_t,ocu_isco08_9,edu_isced11_0,2023,142.504
tur,sex_t,ocu_isco08_9,edu_isced11_1,2021,858.823
tur,sex_t,ocu_isco08_9,edu_isced11_1,2022,872.238
tur,sex_t,ocu_isco08_9,edu_isced11_1,2023,817.38
tur,sex_t,ocu_isco08_9,edu_isced11_2,2021,541.375
tur,sex_t,ocu_isco08_9,edu_isced11_2,2022,543.035
tur,sex_t,ocu_isco08_9,edu_isced11_2,2023,519.594
tur,sex_t,ocu_isco08_9,edu_isced11_3,2021,273.045
tur,sex_t,ocu_isco08_9,edu_isced11_3,2022,281.661
tur,sex_t,ocu_isco08_9,edu_isced11_3,2023,296.91
tur,sex_t,ocu_isco08_9,edu_isced11_6,2021,42.901
tur,sex_t,ocu_isco08_9,edu_isced11_6,2022,35.666
tur,sex_t,ocu_isco08_9,edu_isced11_6,2023,35.961
tur,sex_t,ocu_isco08_9,edu_isced11_7,2021,35.588
tur,sex_t,ocu_isco08_9,edu_isced11_7,2022,31.134
tur,sex_t,ocu_isco08_9,edu_isced11_7,2023,31.097
tur,sex_t,ocu_isco08_9,edu_isced11_8,2021,0.886
tur,sex_t,ocu_isco08_9,edu_isced11_8,2022,0.854
tur,sex_t,ocu_isco08_9,edu_isced11_8,2023,2.156
tur,sex_t,ocu_isco08_9,edu_isced11_total,2021,2062.854
tur,sex_t,ocu_isco08_9,edu_isced11_total,2022,2128.189
tur,sex_t,ocu_isco08_9,edu_isced11_total,2023,2000.764
tur,sex_t,ocu_isco08_9,edu_isced11_x,2021,165.719
tur,sex_t,ocu_isco08_9,edu_isced11_x,2022,188.583
tur,sex_t,ocu_isco08_9,edu_isced11_x,2023,155.164
tur,sex_t,ocu_isco08_total,edu_aggregate_adv,2012,307.418
tur,sex_t,ocu_isco08_total,edu_aggregate_adv,2013,270.248
tur,sex_t,ocu_isco08_total,edu_aggregate_adv,2014,314.264
tur,sex_t,ocu_isco08_total,edu_aggregate_adv,2015,341.794
tur,sex_t,ocu_isco08_total,edu_aggregate_adv,2016,398.948
tur,sex_t,ocu_isco08_total,edu_aggregate_adv,2017,487.227
tur,sex_t,ocu_isco08_total,edu_aggregate_adv,2018,521.831
tur,sex_t,ocu_isco08_total,edu_aggregate_adv,2019,613.38
tur,sex_t,ocu_isco08_total,edu_aggregate_adv,2020,646.33
tur,sex_t,ocu_isco08_total,edu_aggregate_adv,2021,622.582
tur,sex_t,ocu_isco08_total,edu_aggregate_adv,2022,585.537
tur,sex_t,ocu_isco08_total,edu_aggregate_adv,2023,628.449
tur,sex_t,ocu_isco08_total,edu_aggregate_bas,2012,6635.909
tur,sex_t,ocu_isco08_total,edu_aggregate_bas,2013,6475.669
tur,sex_t,ocu_isco08_total,edu_aggregate_bas,2014,6289.975
tur,sex_t,ocu_isco08_total,edu_aggregate_bas,2015,6211.124
tur,sex_t,ocu_isco08_total,edu_aggregate_bas,2016,6279.094
tur,sex_t,ocu_isco08_total,edu_aggregate_bas,2017,6549.095
tur,sex_t,ocu_isco08_total,edu_aggregate_bas,2018,6538.15
tur,sex_t,ocu_isco08_total,edu_aggregate_bas,2019,6391.336
tur,sex_t,ocu_isco08_total,edu_aggregate_bas,2020,5390.309
tur,sex_t,ocu_isco08_total,edu_aggregate_bas,2021,5480.569
tur,sex_t,ocu_isco08_total,edu_aggregate_bas,2022,5348.909
tur,sex_t,ocu_isco08_total,edu_aggregate_bas,2023,5335.807
tur,sex_t,ocu_isco08_total,edu_aggregate_int,2012,1068.11
tur,sex_t,ocu_isco08_total,edu_aggregate_int,2013,1032.377
tur,sex_t,ocu_isco08_total,edu_aggregate_int,2014,1027.853
tur,sex_t,ocu_isco08_total,edu_aggregate_int,2015,1023.97
tur,sex_t,ocu_isco08_total,edu_aggregate_int,2016,1118.353
tur,sex_t,ocu_isco08_total,edu_aggregate_int,2017,1224.034
tur,sex_t,ocu_isco08_total,edu_aggregate_int,2018,1319.091
tur,sex_t,ocu_isco08_total,edu_aggregate_int,2019,1401.272
tur,sex_t,ocu_isco08_total,edu_aggregate_int,2020,1259.251
tur,sex_t,ocu_isco08_total,edu_aggregate_int,2021,1356.423
tur,sex_t,ocu_isco08_total,edu_aggregate_int,2022,1439.614
tur,sex_t,ocu_isco08_total,edu_aggregate_int,2023,1499.49
tur,sex_t,ocu_isco08_total,edu_aggregate_ltb,2012,1956.094
tur,sex_t,ocu_isco08_total,edu_aggregate_ltb,2013,1871.659
tur,sex_t,ocu_isco08_total,edu_aggregate_ltb,2014,1781.104
tur,sex_t,ocu_isco08_total,edu_aggregate_ltb,2015,1682.602
tur,sex_t,ocu_isco08_total,edu_aggregate_ltb,2016,1600.553
tur,sex_t,ocu_isco08_total,edu_aggregate_ltb,2017,1606.206
tur,sex_t,ocu_isco08_total,edu_aggregate_ltb,2018,1607.461
tur,sex_t,ocu_isco08_total,edu_aggregate_ltb,2019,1489.977
tur,sex_t,ocu_isco08_total,edu_aggregate_ltb,2020,1128.356
tur,sex_t,ocu_isco08_total,edu_aggregate_ltb,2021,1146.916
tur,sex_t,ocu_isco08_total,edu_aggregate_ltb,2022,1267.116
tur,sex_t,ocu_isco08_total,edu_aggregate_ltb,2023,1174.207
tur,sex_t,ocu_isco08_total,edu_aggregate_total,2012,9967.531
tur,sex_t,ocu_isco08_total,edu_aggregate_total,2013,9649.952
tur,sex_t,ocu_isco08_total,edu_aggregate_total,2014,9413.195
tur,sex_t,ocu_isco08_total,edu_aggregate_total,2015,9259.49
tur,sex_t,ocu_isco08_total,edu_aggregate_total,2016,9396.949
tur,sex_t,ocu_isco08_total,edu_aggregate_total,2017,9866.562
tur,sex_t,ocu_isco08_total,edu_aggregate_total,2018,9986.533
tur,sex_t,ocu_isco08_total,edu_aggregate_total,2019,9895.965
tur,sex_t,ocu_isco08_total,edu_aggregate_total,2020,8424.246
tur,sex_t,ocu_isco08_total,edu_aggregate_total,2021,8606.49
tur,sex_t,ocu_isco08_total,edu_aggregate_total,2022,8641.176
tur,sex_t,ocu_isco08_total,edu_aggregate_total,2023,8637.953
tur,sex_t,ocu_isco08_total,edu_isced11_0,2021,515.438
tur,sex_t,ocu_isco08_total,edu_isced11_0,2022,571.018
tur,sex_t,ocu_isco08_total,edu_isced11_0,2023,528.558
tur,sex_t,ocu_isco08_total,edu_isced11_1,2021,3606.226
tur,sex_t,ocu_isco08_total,edu_isced11_1,2022,3515.856
tur,sex_t,ocu_isco08_total,edu_isced11_1,2023,3480.553
tur,sex_t,ocu_isco08_total,edu_isced11_2,2021,1874.343
tur,sex_t,ocu_isco08_total,edu_isced11_2,2022,1833.053
tur,sex_t,ocu_isco08_total,edu_isced11_2,2023,1855.254
tur,sex_t,ocu_isco08_total,edu_isced11_3,2021,1356.423
tur,sex_t,ocu_isco08_total,edu_isced11_3,2022,1439.614
tur,sex_t,ocu_isco08_total,edu_isced11_3,2023,1499.49
tur,sex_t,ocu_isco08_total,edu_isced11_6,2021,247.39
tur,sex_t,ocu_isco08_total,edu_isced11_6,2022,221.131
tur,sex_t,ocu_isco08_total,edu_isced11_6,2023,238.821
tur,sex_t,ocu_isco08_total,edu_isced11_7,2021,342.697
tur,sex_t,ocu_isco08_total,edu_isced11_7,2022,325.665
tur,sex_t,ocu_isco08_total,edu_isced11_7,2023,344.453
tur,sex_t,ocu_isco08_total,edu_isced11_8,2021,32.496
tur,sex_t,ocu_isco08_total,edu_isced11_8,2022,38.741
tur,sex_t,ocu_isco08_total,edu_isced11_8,2023,45.176
tur,sex_t,ocu_isco08_total,edu_isced11_total,2021,8606.49
tur,sex_t,ocu_isco08_total,edu_isced11_total,2022,8641.176
tur,sex_t,ocu_isco08_total,edu_isced11_total,2023,8637.953
tur,sex_t,ocu_isco08_total,edu_isced11_x,2021,631.477
tur,sex_t,ocu_isco08_total,edu_isced11_x,2022,696.098
tur,sex_t,ocu_isco08_total,edu_isced11_x,2023,645.649
tur,sex_t,ocu_isco88_1,edu_aggregate_adv,2004,40.501
tur,sex_t,ocu_isco88_1,edu_aggregate_adv,2005,51.026
tur,sex_t,ocu_isco88_1,edu_aggregate_adv,2006,48.228
tur,sex_t,ocu_isco88_1,edu_aggregate_adv,2007,57.427
tur,sex_t,ocu_isco88_1,edu_aggregate_adv,2008,57.863
tur,sex_t,ocu_isco88_1,edu_aggregate_adv,2009,58.906
tur,sex_t,ocu_isco88_1,edu_aggregate_adv,2010,55.193
tur,sex_t,ocu_isco88_1,edu_aggregate_adv,2011,43.61
tur,sex_t,ocu_isco88_1,edu_aggregate_bas,2000,44.869
tur,sex_t,ocu_isco88_1,edu_aggregate_bas,2002,195.399
tur,sex_t,ocu_isco88_1,edu_aggregate_bas,2003,238.446
tur,sex_t,ocu_isco88_1,edu_aggregate_bas,2004,267.719
tur,sex_t,ocu_isco88_1,edu_aggregate_bas,2005,367.425
tur,sex_t,ocu_isco88_1,edu_aggregate_bas,2006,341.534
tur,sex_t,ocu_isco88_1,edu_aggregate_bas,2007,305.592
tur,sex_t,ocu_isco88_1,edu_aggregate_bas,2008,313.22
tur,sex_t,ocu_isco88_1,edu_aggregate_bas,2009,284.404
tur,sex_t,ocu_isco88_1,edu_aggregate_bas,2010,270.019
tur,sex_t,ocu_isco88_1,edu_aggregate_bas,2011,250.432
tur,sex_t,ocu_isco88_1,edu_aggregate_int,2000,32.18
tur,sex_t,ocu_isco88_1,edu_aggregate_int,2002,71.339
tur,sex_t,ocu_isco88_1,edu_aggregate_int,2003,95.468
tur,sex_t,ocu_isco88_1,edu_aggregate_int,2004,97.35
tur,sex_t,ocu_isco88_1,edu_aggregate_int,2005,127.966
tur,sex_t,ocu_isco88_1,edu_aggregate_int,2006,116.939
tur,sex_t,ocu_isco88_1,edu_aggregate_int,2007,113.452
tur,sex_t,ocu_isco88_1,edu_aggregate_int,2008,111.482
tur,sex_t,ocu_isco88_1,edu_aggregate_int,2009,109.822
tur,sex_t,ocu_isco88_1,edu_aggregate_int,2010,97.081
tur,sex_t,ocu_isco88_1,edu_aggregate_int,2011,96.239
tur,sex_t,ocu_isco88_1,edu_aggregate_ltb,2000,3.421
tur,sex_t,ocu_isco88_1,edu_aggregate_ltb,2002,17.171
tur,sex_t,ocu_isco88_1,edu_aggregate_ltb,2003,14.205
tur,sex_t,ocu_isco88_1,edu_aggregate_ltb,2004,26.773
tur,sex_t,ocu_isco88_1,edu_aggregate_ltb,2005,37.941
tur,sex_t,ocu_isco88_1,edu_aggregate_ltb,2006,27.602
tur,sex_t,ocu_isco88_1,edu_aggregate_ltb,2007,22.041
tur,sex_t,ocu_isco88_1,edu_aggregate_ltb,2008,25.995
tur,sex_t,ocu_isco88_1,edu_aggregate_ltb,2009,24.794
tur,sex_t,ocu_isco88_1,edu_aggregate_ltb,2010,26.121
tur,sex_t,ocu_isco88_1,edu_aggregate_ltb,2011,24.002
tur,sex_t,ocu_isco88_1,edu_aggregate_total,2000,117.308
tur,sex_t,ocu_isco88_1,edu_aggregate_total,2002,313.418
tur,sex_t,ocu_isco88_1,edu_aggregate_total,2003,378.844
tur,sex_t,ocu_isco88_1,edu_aggregate_total,2004,432.343
tur,sex_t,ocu_isco88_1,edu_aggregate_total,2005,584.357
tur,sex_t,ocu_isco88_1,edu_aggregate_total,2006,534.302
tur,sex_t,ocu_isco88_1,edu_aggregate_total,2007,498.512
tur,sex_t,ocu_isco88_1,edu_aggregate_total,2008,508.56
tur,sex_t,ocu_isco88_1,edu_aggregate_total,2009,477.928
tur,sex_t,ocu_isco88_1,edu_aggregate_total,2010,448.413
tur,sex_t,ocu_isco88_1,edu_aggregate_total,2011,414.282
tur,sex_t,ocu_isco88_1,edu_aggregate_x,2000,36.838
tur,sex_t,ocu_isco88_1,edu_aggregate_x,2002,29.508
tur,sex_t,ocu_isco88_1,edu_aggregate_x,2003,30.726
tur,sex_t,ocu_isco88_2,edu_aggregate_adv,2004,61.571
tur,sex_t,ocu_isco88_2,edu_aggregate_adv,2005,60.79
tur,sex_t,ocu_isco88_2,edu_aggregate_adv,2006,64.601
tur,sex_t,ocu_isco88_2,edu_aggregate_adv,2007,73.131
tur,sex_t,ocu_isco88_2,edu_aggregate_adv,2008,66.412
tur,sex_t,ocu_isco88_2,edu_aggregate_adv,2009,69.781
tur,sex_t,ocu_isco88_2,edu_aggregate_adv,2010,64.752
tur,sex_t,ocu_isco88_2,edu_aggregate_adv,2011,56.396
tur,sex_t,ocu_isco88_2,edu_aggregate_bas,2000,21.047
tur,sex_t,ocu_isco88_2,edu_aggregate_bas,2002,7.987
tur,sex_t,ocu_isco88_2,edu_aggregate_bas,2003,7.644
tur,sex_t,ocu_isco88_2,edu_aggregate_bas,2004,12.603
tur,sex_t,ocu_isco88_2,edu_aggregate_bas,2005,13.102
tur,sex_t,ocu_isco88_2,edu_aggregate_bas,2006,12.654
tur,sex_t,ocu_isco88_2,edu_aggregate_bas,2007,8.684
tur,sex_t,ocu_isco88_2,edu_aggregate_bas,2008,4.858
tur,sex_t,ocu_isco88_2,edu_aggregate_bas,2009,4.2
tur,sex_t,ocu_isco88_2,edu_aggregate_bas,2010,4.46
tur,sex_t,ocu_isco88_2,edu_aggregate_bas,2011,5.658
tur,sex_t,ocu_isco88_2,edu_aggregate_int,2000,8.269
tur,sex_t,ocu_isco88_2,edu_aggregate_int,2002,13.639
tur,sex_t,ocu_isco88_2,edu_aggregate_int,2003,14.132
tur,sex_t,ocu_isco88_2,edu_aggregate_int,2004,21.654
tur,sex_t,ocu_isco88_2,edu_aggregate_int,2005,20.472
tur,sex_t,ocu_isco88_2,edu_aggregate_int,2006,24.576
tur,sex_t,ocu_isco88_2,edu_aggregate_int,2007,16.814
tur,sex_t,ocu_isco88_2,edu_aggregate_int,2008,7.013
tur,sex_t,ocu_isco88_2,edu_aggregate_int,2009,7.443
tur,sex_t,ocu_isco88_2,edu_aggregate_int,2010,7.241
tur,sex_t,ocu_isco88_2,edu_aggregate_int,2011,7.494
tur,sex_t,ocu_isco88_2,edu_aggregate_ltb,2002,1.235
tur,sex_t,ocu_isco88_2,edu_aggregate_ltb,2003,1.192
tur,sex_t,ocu_isco88_2,edu_aggregate_ltb,2004,2.169
tur,sex_t,ocu_isco88_2,edu_aggregate_ltb,2005,3.158
tur,sex_t,ocu_isco88_2,edu_aggregate_ltb,2006,2.772
tur,sex_t,ocu_isco88_2,edu_aggregate_ltb,2007,2.336
tur,sex_t,ocu_isco88_2,edu_aggregate_ltb,2008,1.768
tur,sex_t,ocu_isco88_2,edu_aggregate_ltb,2011,1.164
tur,sex_t,ocu_isco88_2,edu_aggregate_total,2000,37.295
tur,sex_t,ocu_isco88_2,edu_aggregate_total,2002,74.014
tur,sex_t,ocu_isco88_2,edu_aggregate_total,2003,77.58
tur,sex_t,ocu_isco88_2,edu_aggregate_total,2004,97.997
tur,sex_t,ocu_isco88_2,edu_aggregate_total,2005,97.523
tur,sex_t,ocu_isco88_2,edu_aggregate_total,2006,104.603
tur,sex_t,ocu_isco88_2,edu_aggregate_total,2007,100.964
tur,sex_t,ocu_isco88_2,edu_aggregate_total,2008,80.051
tur,sex_t,ocu_isco88_2,edu_aggregate_total,2009,82.121
tur,sex_t,ocu_isco88_2,edu_aggregate_total,2010,76.735
tur,sex_t,ocu_isco88_2,edu_aggregate_total,2011,70.711
tur,sex_t,ocu_isco88_2,edu_aggregate_x,2000,7.171
tur,sex_t,ocu_isco88_2,edu_aggregate_x,2002,51.153
tur,sex_t,ocu_isco88_2,edu_aggregate_x,2003,54.613
tur,sex_t,ocu_isco88_3,edu_aggregate_adv,2004,20.613
tur,sex_t,ocu_isco88_3,edu_aggregate_adv,2005,31.85
tur,sex_t,ocu_isco88_3,edu_aggregate_adv,2006,31.174
tur,sex_t,ocu_isco88_3,edu_aggregate_adv,2007,29.027
tur,sex_t,ocu_isco88_3,edu_aggregate_adv,2008,33.652
tur,sex_t,ocu_isco88_3,edu_aggregate_adv,2009,30.559
tur,sex_t,ocu_isco88_3,edu_aggregate_adv,2010,29.471
tur,sex_t,ocu_isco88_3,edu_aggregate_adv,2011,32.386
tur,sex_t,ocu_isco88_3,edu_aggregate_bas,2000,43.262
tur,sex_t,ocu_isco88_3,edu_aggregate_bas,2002,66.859
tur,sex_t,ocu_isco88_3,edu_aggregate_bas,2003,63.315
tur,sex_t,ocu_isco88_3,edu_aggregate_bas,2004,84.456
tur,sex_t,ocu_isco88_3,edu_aggregate_bas,2005,89.523
tur,sex_t,ocu_isco88_3,edu_aggregate_bas,2006,95.373
tur,sex_t,ocu_isco88_3,edu_aggregate_bas,2007,81.406
tur,sex_t,ocu_isco88_3,edu_aggregate_bas,2008,76.751
tur,sex_t,ocu_isco88_3,edu_aggregate_bas,2009,76.51
tur,sex_t,ocu_isco88_3,edu_aggregate_bas,2010,71.059
tur,sex_t,ocu_isco88_3,edu_aggregate_bas,2011,80.684
tur,sex_t,ocu_isco88_3,edu_aggregate_int,2000,64.288
tur,sex_t,ocu_isco88_3,edu_aggregate_int,2002,55.363
tur,sex_t,ocu_isco88_3,edu_aggregate_int,2003,62.098
tur,sex_t,ocu_isco88_3,edu_aggregate_int,2004,65.699
tur,sex_t,ocu_isco88_3,edu_aggregate_int,2005,76.474
tur,sex_t,ocu_isco88_3,edu_aggregate_int,2006,81.841
tur,sex_t,ocu_isco88_3,edu_aggregate_int,2007,84.562
tur,sex_t,ocu_isco88_3,edu_aggregate_int,2008,71.59
tur,sex_t,ocu_isco88_3,edu_aggregate_int,2009,74.298
tur,sex_t,ocu_isco88_3,edu_aggregate_int,2010,65.681
tur,sex_t,ocu_isco88_3,edu_aggregate_int,2011,62.262
tur,sex_t,ocu_isco88_3,edu_aggregate_ltb,2002,3.712
tur,sex_t,ocu_isco88_3,edu_aggregate_ltb,2003,2.414
tur,sex_t,ocu_isco88_3,edu_aggregate_ltb,2004,2.852
tur,sex_t,ocu_isco88_3,edu_aggregate_ltb,2005,7.378
tur,sex_t,ocu_isco88_3,edu_aggregate_ltb,2006,8.151
tur,sex_t,ocu_isco88_3,edu_aggregate_ltb,2007,6.471
tur,sex_t,ocu_isco88_3,edu_aggregate_ltb,2008,3.909
tur,sex_t,ocu_isco88_3,edu_aggregate_ltb,2009,5.68
tur,sex_t,ocu_isco88_3,edu_aggregate_ltb,2010,4.405
tur,sex_t,ocu_isco88_3,edu_aggregate_ltb,2011,4.947
tur,sex_t,ocu_isco88_3,edu_aggregate_total,2000,113.39
tur,sex_t,ocu_isco88_3,edu_aggregate_total,2002,148.496
tur,sex_t,ocu_isco88_3,edu_aggregate_total,2003,150.128
tur,sex_t,ocu_isco88_3,edu_aggregate_total,2004,173.62
tur,sex_t,ocu_isco88_3,edu_aggregate_total,2005,205.225
tur,sex_t,ocu_isco88_3,edu_aggregate_total,2006,216.539
tur,sex_t,ocu_isco88_3,edu_aggregate_total,2007,201.466
tur,sex_t,ocu_isco88_3,edu_aggregate_total,2008,185.903
tur,sex_t,ocu_isco88_3,edu_aggregate_total,2009,187.045
tur,sex_t,ocu_isco88_3,edu_aggregate_total,2010,170.616
tur,sex_t,ocu_isco88_3,edu_aggregate_total,2011,180.279
tur,sex_t,ocu_isco88_3,edu_aggregate_x,2000,5.839
tur,sex_t,ocu_isco88_3,edu_aggregate_x,2002,22.561
tur,sex_t,ocu_isco88_3,edu_aggregate_x,2003,22.301
tur,sex_t,ocu_isco88_4,edu_aggregate_adv,2004,19.827
tur,sex_t,ocu_isco88_4,edu_aggregate_adv,2005,24.716
tur,sex_t,ocu_isco88_4,edu_aggregate_adv,2006,26.433
tur,sex_t,ocu_isco88_4,edu_aggregate_adv,2007,24.404
tur,sex_t,ocu_isco88_4,edu_aggregate_adv,2008,25.338
tur,sex_t,ocu_isco88_4,edu_aggregate_adv,2009,31.468
tur,sex_t,ocu_isco88_4,edu_aggregate_adv,2010,28.502
tur,sex_t,ocu_isco88_4,edu_aggregate_adv,2011,34.614
tur,sex_t,ocu_isco88_4,edu_aggregate_bas,2000,582.128
tur,sex_t,ocu_isco88_4,edu_aggregate_bas,2002,57.965
tur,sex_t,ocu_isco88_4,edu_aggregate_bas,2003,47.596
tur,sex_t,ocu_isco88_4,edu_aggregate_bas,2004,62.846
tur,sex_t,ocu_isco88_4,edu_aggregate_bas,2005,69.946
tur,sex_t,ocu_isco88_4,edu_aggregate_bas,2006,78.352
tur,sex_t,ocu_isco88_4,edu_aggregate_bas,2007,74.741
tur,sex_t,ocu_isco88_4,edu_aggregate_bas,2008,69.264
tur,sex_t,ocu_isco88_4,edu_aggregate_bas,2009,78.534
tur,sex_t,ocu_isco88_4,edu_aggregate_bas,2010,77.454
tur,sex_t,ocu_isco88_4,edu_aggregate_bas,2011,74.337
tur,sex_t,ocu_isco88_4,edu_aggregate_int,2000,206.055
tur,sex_t,ocu_isco88_4,edu_aggregate_int,2002,91.971
tur,sex_t,ocu_isco88_4,edu_aggregate_int,2003,91.908
tur,sex_t,ocu_isco88_4,edu_aggregate_int,2004,89.322
tur,sex_t,ocu_isco88_4,edu_aggregate_int,2005,96.736
tur,sex_t,ocu_isco88_4,edu_aggregate_int,2006,108.497
tur,sex_t,ocu_isco88_4,edu_aggregate_int,2007,95.571
tur,sex_t,ocu_isco88_4,edu_aggregate_int,2008,92.327
tur,sex_t,ocu_isco88_4,edu_aggregate_int,2009,83.718
tur,sex_t,ocu_isco88_4,edu_aggregate_int,2010,83.603
tur,sex_t,ocu_isco88_4,edu_aggregate_int,2011,81.029
tur,sex_t,ocu_isco88_4,edu_aggregate_ltb,2000,78.403
tur,sex_t,ocu_isco88_4,edu_aggregate_ltb,2003,1.698
tur,sex_t,ocu_isco88_4,edu_aggregate_ltb,2004,1.999
tur,sex_t,ocu_isco88_4,edu_aggregate_ltb,2005,2.807
tur,sex_t,ocu_isco88_4,edu_aggregate_ltb,2006,4.26
tur,sex_t,ocu_isco88_4,edu_aggregate_ltb,2007,2.885
tur,sex_t,ocu_isco88_4,edu_aggregate_ltb,2008,3.756
tur,sex_t,ocu_isco88_4,edu_aggregate_ltb,2009,4.426
tur,sex_t,ocu_isco88_4,edu_aggregate_ltb,2010,5.155
tur,sex_t,ocu_isco88_4,edu_aggregate_ltb,2011,3.395
tur,sex_t,ocu_isco88_4,edu_aggregate_total,2000,889.728
tur,sex_t,ocu_isco88_4,edu_aggregate_total,2002,163.114
tur,sex_t,ocu_isco88_4,edu_aggregate_total,2003,158.873
tur,sex_t,ocu_isco88_4,edu_aggregate_total,2004,173.993
tur,sex_t,ocu_isco88_4,edu_aggregate_total,2005,194.205
tur,sex_t,ocu_isco88_4,edu_aggregate_total,2006,217.542
tur,sex_t,ocu_isco88_4,edu_aggregate_total,2007,197.601
tur,sex_t,ocu_isco88_4,edu_aggregate_total,2008,190.685
tur,sex_t,ocu_isco88_4,edu_aggregate_total,2009,198.145
tur,sex_t,ocu_isco88_4,edu_aggregate_total,2010,194.713
tur,sex_t,ocu_isco88_4,edu_aggregate_total,2011,193.376
tur,sex_t,ocu_isco88_4,edu_aggregate_x,2000,23.142
tur,sex_t,ocu_isco88_4,edu_aggregate_x,2002,12.802
tur,sex_t,ocu_isco88_4,edu_aggregate_x,2003,17.671
tur,sex_t,ocu_isco88_5,edu_aggregate_adv,2004,30.26
tur,sex_t,ocu_isco88_5,edu_aggregate_adv,2005,35.048
tur,sex_t,ocu_isco88_5,edu_aggregate_adv,2006,37.938
tur,sex_t,ocu_isco88_5,edu_aggregate_adv,2007,36.318
tur,sex_t,ocu_isco88_5,edu_aggregate_adv,2008,33.221
tur,sex_t,ocu_isco88_5,edu_aggregate_adv,2009,38.118
tur,sex_t,ocu_isco88_5,edu_aggregate_adv,2010,44.429
tur,sex_t,ocu_isco88_5,edu_aggregate_adv,2011,45.814
tur,sex_t,ocu_isco88_5,edu_aggregate_bas,2000,419.527
tur,sex_t,ocu_isco88_5,edu_aggregate_bas,2002,708.971
tur,sex_t,ocu_isco88_5,edu_aggregate_bas,2003,699.994
tur,sex_t,ocu_isco88_5,edu_aggregate_bas,2004,685.289
tur,sex_t,ocu_isco88_5,edu_aggregate_bas,2005,679.218
tur,sex_t,ocu_isco88_5,edu_aggregate_bas,2006,744.859
tur,sex_t,ocu_isco88_5,edu_aggregate_bas,2007,733.82
tur,sex_t,ocu_isco88_5,edu_aggregate_bas,2008,677.505
tur,sex_t,ocu_isco88_5,edu_aggregate_bas,2009,738.743
tur,sex_t,ocu_isco88_5,edu_aggregate_bas,2010,753.947
tur,sex_t,ocu_isco88_5,edu_aggregate_bas,2011,784.158
tur,sex_t,ocu_isco88_5,edu_aggregate_int,2000,83.657
tur,sex_t,ocu_isco88_5,edu_aggregate_int,2002,259.165
tur,sex_t,ocu_isco88_5,edu_aggregate_int,2003,262.067
tur,sex_t,ocu_isco88_5,edu_aggregate_int,2004,258.818
tur,sex_t,ocu_isco88_5,edu_aggregate_int,2005,259.304
tur,sex_t,ocu_isco88_5,edu_aggregate_int,2006,289.14
tur,sex_t,ocu_isco88_5,edu_aggregate_int,2007,294.316
tur,sex_t,ocu_isco88_5,edu_aggregate_int,2008,256.411
tur,sex_t,ocu_isco88_5,edu_aggregate_int,2009,268.231
tur,sex_t,ocu_isco88_5,edu_aggregate_int,2010,245.565
tur,sex_t,ocu_isco88_5,edu_aggregate_int,2011,253.432
tur,sex_t,ocu_isco88_5,edu_aggregate_ltb,2000,61.173
tur,sex_t,ocu_isco88_5,edu_aggregate_ltb,2002,41
tur,sex_t,ocu_isco88_5,edu_aggregate_ltb,2003,39.581
tur,sex_t,ocu_isco88_5,edu_aggregate_ltb,2004,60.068
tur,sex_t,ocu_isco88_5,edu_aggregate_ltb,2005,61.875
tur,sex_t,ocu_isco88_5,edu_aggregate_ltb,2006,72.708
tur,sex_t,ocu_isco88_5,edu_aggregate_ltb,2007,78.686
tur,sex_t,ocu_isco88_5,edu_aggregate_ltb,2008,72.485
tur,sex_t,ocu_isco88_5,edu_aggregate_ltb,2009,83.637
tur,sex_t,ocu_isco88_5,edu_aggregate_ltb,2010,84.9
tur,sex_t,ocu_isco88_5,edu_aggregate_ltb,2011,105.689
tur,sex_t,ocu_isco88_5,edu_aggregate_total,2000,568.588
tur,sex_t,ocu_isco88_5,edu_aggregate_total,2002,1033.754
tur,sex_t,ocu_isco88_5,edu_aggregate_total,2003,1027.372
tur,sex_t,ocu_isco88_5,edu_aggregate_total,2004,1034.436
tur,sex_t,ocu_isco88_5,edu_aggregate_total,2005,1035.445
tur,sex_t,ocu_isco88_5,edu_aggregate_total,2006,1144.645
tur,sex_t,ocu_isco88_5,edu_aggregate_total,2007,1143.14
tur,sex_t,ocu_isco88_5,edu_aggregate_total,2008,1039.622
tur,sex_t,ocu_isco88_5,edu_aggregate_total,2009,1128.729
tur,sex_t,ocu_isco88_5,edu_aggregate_total,2010,1128.842
tur,sex_t,ocu_isco88_5,edu_aggregate_total,2011,1189.092
tur,sex_t,ocu_isco88_5,edu_aggregate_x,2000,4.231
tur,sex_t,ocu_isco88_5,edu_aggregate_x,2002,24.619
tur,sex_t,ocu_isco88_5,edu_aggregate_x,2003,25.729
tur,sex_t,ocu_isco88_6,edu_aggregate_adv,2004,23.663
tur,sex_t,ocu_isco88_6,edu_aggregate_adv,2005,26.833
tur,sex_t,ocu_isco88_6,edu_aggregate_adv,2006,30.698
tur,sex_t,ocu_isco88_6,edu_aggregate_adv,2007,28.126
tur,sex_t,ocu_isco88_6,edu_aggregate_adv,2008,32.002
tur,sex_t,ocu_isco88_6,edu_aggregate_adv,2009,39.826
tur,sex_t,ocu_isco88_6,edu_aggregate_adv,2010,42.781
tur,sex_t,ocu_isco88_6,edu_aggregate_adv,2011,49.414
tur,sex_t,ocu_isco88_6,edu_aggregate_bas,2000,4739.387
tur,sex_t,ocu_isco88_6,edu_aggregate_bas,2002,4163.785
tur,sex_t,ocu_isco88_6,edu_aggregate_bas,2003,4283.027
tur,sex_t,ocu_isco88_6,edu_aggregate_bas,2004,2986.917
tur,sex_t,ocu_isco88_6,edu_aggregate_bas,2005,2587.577
tur,sex_t,ocu_isco88_6,edu_aggregate_bas,2006,2323.008
tur,sex_t,ocu_isco88_6,edu_aggregate_bas,2007,2261.749
tur,sex_t,ocu_isco88_6,edu_aggregate_bas,2008,2292.666
tur,sex_t,ocu_isco88_6,edu_aggregate_bas,2009,2412.501
tur,sex_t,ocu_isco88_6,edu_aggregate_bas,2010,2604.843
tur,sex_t,ocu_isco88_6,edu_aggregate_bas,2011,2648.762
tur,sex_t,ocu_isco88_6,edu_aggregate_int,2000,287.438
tur,sex_t,ocu_isco88_6,edu_aggregate_int,2002,209.684
tur,sex_t,ocu_isco88_6,edu_aggregate_int,2003,263.728
tur,sex_t,ocu_isco88_6,edu_aggregate_int,2004,229.883
tur,sex_t,ocu_isco88_6,edu_aggregate_int,2005,234.816
tur,sex_t,ocu_isco88_6,edu_aggregate_int,2006,204.819
tur,sex_t,ocu_isco88_6,edu_aggregate_int,2007,200.217
tur,sex_t,ocu_isco88_6,edu_aggregate_int,2008,200.39
tur,sex_t,ocu_isco88_6,edu_aggregate_int,2009,204.423
tur,sex_t,ocu_isco88_6,edu_aggregate_int,2010,226.264
tur,sex_t,ocu_isco88_6,edu_aggregate_int,2011,219.205
tur,sex_t,ocu_isco88_6,edu_aggregate_ltb,2000,2007.047
tur,sex_t,ocu_isco88_6,edu_aggregate_ltb,2002,1670.126
tur,sex_t,ocu_isco88_6,edu_aggregate_ltb,2003,1591.304
tur,sex_t,ocu_isco88_6,edu_aggregate_ltb,2004,1258.714
tur,sex_t,ocu_isco88_6,edu_aggregate_ltb,2005,1152.409
tur,sex_t,ocu_isco88_6,edu_aggregate_ltb,2006,1078.867
tur,sex_t,ocu_isco88_6,edu_aggregate_ltb,2007,1053.321
tur,sex_t,ocu_isco88_6,edu_aggregate_ltb,2008,1048.365
tur,sex_t,ocu_isco88_6,edu_aggregate_ltb,2009,1074.014
tur,sex_t,ocu_isco88_6,edu_aggregate_ltb,2010,1178.568
tur,sex_t,ocu_isco88_6,edu_aggregate_ltb,2011,1213.384
tur,sex_t,ocu_isco88_6,edu_aggregate_total,2000,7047.304
tur,sex_t,ocu_isco88_6,edu_aggregate_total,2002,6059.474
tur,sex_t,ocu_isco88_6,edu_aggregate_total,2003,6157.26
tur,sex_t,ocu_isco88_6,edu_aggregate_total,2004,4499.178
tur,sex_t,ocu_isco88_6,edu_aggregate_total,2005,4001.634
tur,sex_t,ocu_isco88_6,edu_aggregate_total,2006,3637.391
tur,sex_t,ocu_isco88_6,edu_aggregate_total,2007,3543.412
tur,sex_t,ocu_isco88_6,edu_aggregate_total,2008,3573.423
tur,sex_t,ocu_isco88_6,edu_aggregate_total,2009,3730.765
tur,sex_t,ocu_isco88_6,edu_aggregate_total,2010,4052.455
tur,sex_t,ocu_isco88_6,edu_aggregate_total,2011,4130.766
tur,sex_t,ocu_isco88_6,edu_aggregate_x,2000,13.433
tur,sex_t,ocu_isco88_6,edu_aggregate_x,2002,15.879
tur,sex_t,ocu_isco88_6,edu_aggregate_x,2003,19.202
tur,sex_t,ocu_isco88_7,edu_aggregate_adv,2004,12.43
tur,sex_t,ocu_isco88_7,edu_aggregate_adv,2005,15.089
tur,sex_t,ocu_isco88_7,edu_aggregate_adv,2006,14.714
tur,sex_t,ocu_isco88_7,edu_aggregate_adv,2007,15.938
tur,sex_t,ocu_isco88_7,edu_aggregate_adv,2008,14.983
tur,sex_t,ocu_isco88_7,edu_aggregate_adv,2009,18.677
tur,sex_t,ocu_isco88_7,edu_aggregate_adv,2010,15.973
tur,sex_t,ocu_isco88_7,edu_aggregate_adv,2011,20.498
tur,sex_t,ocu_isco88_7,edu_aggregate_bas,2000,2010.515
tur,sex_t,ocu_isco88_7,edu_aggregate_bas,2002,1196.662
tur,sex_t,ocu_isco88_7,edu_aggregate_bas,2003,1144.473
tur,sex_t,ocu_isco88_7,edu_aggregate_bas,2004,1134.784
tur,sex_t,ocu_isco88_7,edu_aggregate_bas,2005,1146.388
tur,sex_t,ocu_isco88_7,edu_aggregate_bas,2006,1109.826
tur,sex_t,ocu_isco88_7,edu_aggregate_bas,2007,1035.145
tur,sex_t,ocu_isco88_7,edu_aggregate_bas,2008,967.094
tur,sex_t,ocu_isco88_7,edu_aggregate_bas,2009,935.103
tur,sex_t,ocu_isco88_7,edu_aggregate_bas,2010,1025.266
tur,sex_t,ocu_isco88_7,edu_aggregate_bas,2011,992.909
tur,sex_t,ocu_isco88_7,edu_aggregate_int,2000,212.536
tur,sex_t,ocu_isco88_7,edu_aggregate_int,2002,157.9
tur,sex_t,ocu_isco88_7,edu_aggregate_int,2003,158.538
tur,sex_t,ocu_isco88_7,edu_aggregate_int,2004,165.142
tur,sex_t,ocu_isco88_7,edu_aggregate_int,2005,196.327
tur,sex_t,ocu_isco88_7,edu_aggregate_int,2006,187.697
tur,sex_t,ocu_isco88_7,edu_aggregate_int,2007,189.821
tur,sex_t,ocu_isco88_7,edu_aggregate_int,2008,183.546
tur,sex_t,ocu_isco88_7,edu_aggregate_int,2009,163.126
tur,sex_t,ocu_isco88_7,edu_aggregate_int,2010,161.689
tur,sex_t,ocu_isco88_7,edu_aggregate_int,2011,165.556
tur,sex_t,ocu_isco88_7,edu_aggregate_ltb,2000,185.038
tur,sex_t,ocu_isco88_7,edu_aggregate_ltb,2002,71.01
tur,sex_t,ocu_isco88_7,edu_aggregate_ltb,2003,71.394
tur,sex_t,ocu_isco88_7,edu_aggregate_ltb,2004,96.232
tur,sex_t,ocu_isco88_7,edu_aggregate_ltb,2005,122.858
tur,sex_t,ocu_isco88_7,edu_aggregate_ltb,2006,137.898
tur,sex_t,ocu_isco88_7,edu_aggregate_ltb,2007,130.027
tur,sex_t,ocu_isco88_7,edu_aggregate_ltb,2008,119.194
tur,sex_t,ocu_isco88_7,edu_aggregate_ltb,2009,137.339
tur,sex_t,ocu_isco88_7,edu_aggregate_ltb,2010,137.309
tur,sex_t,ocu_isco88_7,edu_aggregate_ltb,2011,132.493
tur,sex_t,ocu_isco88_7,edu_aggregate_total,2000,2420.092
tur,sex_t,ocu_isco88_7,edu_aggregate_total,2002,1434.612
tur,sex_t,ocu_isco88_7,edu_aggregate_total,2003,1386.057
tur,sex_t,ocu_isco88_7,edu_aggregate_total,2004,1408.587
tur,sex_t,ocu_isco88_7,edu_aggregate_total,2005,1480.66
tur,sex_t,ocu_isco88_7,edu_aggregate_total,2006,1450.134
tur,sex_t,ocu_isco88_7,edu_aggregate_total,2007,1370.931
tur,sex_t,ocu_isco88_7,edu_aggregate_total,2008,1284.818
tur,sex_t,ocu_isco88_7,edu_aggregate_total,2009,1254.245
tur,sex_t,ocu_isco88_7,edu_aggregate_total,2010,1340.237
tur,sex_t,ocu_isco88_7,edu_aggregate_total,2011,1311.456
tur,sex_t,ocu_isco88_7,edu_aggregate_x,2000,12.002
tur,sex_t,ocu_isco88_7,edu_aggregate_x,2002,9.04
tur,sex_t,ocu_isco88_7,edu_aggregate_x,2003,11.652
tur,sex_t,ocu_isco88_8,edu_aggregate_adv,2004,5.312
tur,sex_t,ocu_isco88_8,edu_aggregate_adv,2005,8.407
tur,sex_t,ocu_isco88_8,edu_aggregate_adv,2006,5.768
tur,sex_t,ocu_isco88_8,edu_aggregate_adv,2007,8.962
tur,sex_t,ocu_isco88_8,edu_aggregate_adv,2008,8.56
tur,sex_t,ocu_isco88_8,edu_aggregate_adv,2009,7.916
tur,sex_t,ocu_isco88_8,edu_aggregate_adv,2010,7.721
tur,sex_t,ocu_isco88_8,edu_aggregate_adv,2011,10.67
tur,sex_t,ocu_isco88_8,edu_aggregate_bas,2000,19.369
tur,sex_t,ocu_isco88_8,edu_aggregate_bas,2002,429.42
tur,sex_t,ocu_isco88_8,edu_aggregate_bas,2003,474.646
tur,sex_t,ocu_isco88_8,edu_aggregate_bas,2004,524.434
tur,sex_t,ocu_isco88_8,edu_aggregate_bas,2005,561.679
tur,sex_t,ocu_isco88_8,edu_aggregate_bas,2006,586.401
tur,sex_t,ocu_isco88_8,edu_aggregate_bas,2007,571.71
tur,sex_t,ocu_isco88_8,edu_aggregate_bas,2008,493.573
tur,sex_t,ocu_isco88_8,edu_aggregate_bas,2009,455.74
tur,sex_t,ocu_isco88_8,edu_aggregate_bas,2010,469.792
tur,sex_t,ocu_isco88_8,edu_aggregate_bas,2011,455.036
tur,sex_t,ocu_isco88_8,edu_aggregate_int,2000,1.747
tur,sex_t,ocu_isco88_8,edu_aggregate_int,2002,71.516
tur,sex_t,ocu_isco88_8,edu_aggregate_int,2003,70.618
tur,sex_t,ocu_isco88_8,edu_aggregate_int,2004,81.375
tur,sex_t,ocu_isco88_8,edu_aggregate_int,2005,96.016
tur,sex_t,ocu_isco88_8,edu_aggregate_int,2006,96.579
tur,sex_t,ocu_isco88_8,edu_aggregate_int,2007,100.124
tur,sex_t,ocu_isco88_8,edu_aggregate_int,2008,89.354
tur,sex_t,ocu_isco88_8,edu_aggregate_int,2009,88.064
tur,sex_t,ocu_isco88_8,edu_aggregate_int,2010,86.904
tur,sex_t,ocu_isco88_8,edu_aggregate_int,2011,82.048
tur,sex_t,ocu_isco88_8,edu_aggregate_ltb,2000,3.651
tur,sex_t,ocu_isco88_8,edu_aggregate_ltb,2002,21.276
tur,sex_t,ocu_isco88_8,edu_aggregate_ltb,2003,16.151
tur,sex_t,ocu_isco88_8,edu_aggregate_ltb,2004,28.509
tur,sex_t,ocu_isco88_8,edu_aggregate_ltb,2005,45.179
tur,sex_t,ocu_isco88_8,edu_aggregate_ltb,2006,48.606
tur,sex_t,ocu_isco88_8,edu_aggregate_ltb,2007,59.506
tur,sex_t,ocu_isco88_8,edu_aggregate_ltb,2008,48.133
tur,sex_t,ocu_isco88_8,edu_aggregate_ltb,2009,41.377
tur,sex_t,ocu_isco88_8,edu_aggregate_ltb,2010,47.109
tur,sex_t,ocu_isco88_8,edu_aggregate_ltb,2011,55.559
tur,sex_t,ocu_isco88_8,edu_aggregate_total,2000,24.768
tur,sex_t,ocu_isco88_8,edu_aggregate_total,2002,528.043
tur,sex_t,ocu_isco88_8,edu_aggregate_total,2003,567.791
tur,sex_t,ocu_isco88_8,edu_aggregate_total,2004,639.632
tur,sex_t,ocu_isco88_8,edu_aggregate_total,2005,711.282
tur,sex_t,ocu_isco88_8,edu_aggregate_total,2006,737.354
tur,sex_t,ocu_isco88_8,edu_aggregate_total,2007,740.302
tur,sex_t,ocu_isco88_8,edu_aggregate_total,2008,639.62
tur,sex_t,ocu_isco88_8,edu_aggregate_total,2009,593.097
tur,sex_t,ocu_isco88_8,edu_aggregate_total,2010,611.526
tur,sex_t,ocu_isco88_8,edu_aggregate_total,2011,603.314
tur,sex_t,ocu_isco88_8,edu_aggregate_x,2002,5.831
tur,sex_t,ocu_isco88_8,edu_aggregate_x,2003,6.376
tur,sex_t,ocu_isco88_9,edu_aggregate_adv,2004,6.104
tur,sex_t,ocu_isco88_9,edu_aggregate_adv,2005,10.332
tur,sex_t,ocu_isco88_9,edu_aggregate_adv,2006,8.672
tur,sex_t,ocu_isco88_9,edu_aggregate_adv,2007,12.613
tur,sex_t,ocu_isco88_9,edu_aggregate_adv,2008,11.707
tur,sex_t,ocu_isco88_9,edu_aggregate_adv,2009,12.438
tur,sex_t,ocu_isco88_9,edu_aggregate_adv,2010,21.507
tur,sex_t,ocu_isco88_9,edu_aggregate_adv,2011,27.882
tur,sex_t,ocu_isco88_9,edu_aggregate_bas,2002,1077.566
tur,sex_t,ocu_isco88_9,edu_aggregate_bas,2003,837.325
tur,sex_t,ocu_isco88_9,edu_aggregate_bas,2004,1087.42
tur,sex_t,ocu_isco88_9,edu_aggregate_bas,2005,1024.002
tur,sex_t,ocu_isco88_9,edu_aggregate_bas,2006,1161.226
tur,sex_t,ocu_isco88_9,edu_aggregate_bas,2007,1200.155
tur,sex_t,ocu_isco88_9,edu_aggregate_bas,2008,1260.449
tur,sex_t,ocu_isco88_9,edu_aggregate_bas,2009,1328.902
tur,sex_t,ocu_isco88_9,edu_aggregate_bas,2010,1375.079
tur,sex_t,ocu_isco88_9,edu_aggregate_bas,2011,1601.407
tur,sex_t,ocu_isco88_9,edu_aggregate_int,2002,97.996
tur,sex_t,ocu_isco88_9,edu_aggregate_int,2003,71.844
tur,sex_t,ocu_isco88_9,edu_aggregate_int,2004,125.556
tur,sex_t,ocu_isco88_9,edu_aggregate_int,2005,123.159
tur,sex_t,ocu_isco88_9,edu_aggregate_int,2006,139.758
tur,sex_t,ocu_isco88_9,edu_aggregate_int,2007,146.614
tur,sex_t,ocu_isco88_9,edu_aggregate_int,2008,151.201
tur,sex_t,ocu_isco88_9,edu_aggregate_int,2009,163.303
tur,sex_t,ocu_isco88_9,edu_aggregate_int,2010,158.143
tur,sex_t,ocu_isco88_9,edu_aggregate_int,2011,178.504
tur,sex_t,ocu_isco88_9,edu_aggregate_ltb,2002,277.816
tur,sex_t,ocu_isco88_9,edu_aggregate_ltb,2003,207.157
tur,sex_t,ocu_isco88_9,edu_aggregate_ltb,2004,336.921
tur,sex_t,ocu_isco88_9,edu_aggregate_ltb,2005,374.042
tur,sex_t,ocu_isco88_9,edu_aggregate_ltb,2006,399.008
tur,sex_t,ocu_isco88_9,edu_aggregate_ltb,2007,390.33
tur,sex_t,ocu_isco88_9,edu_aggregate_ltb,2008,427.288
tur,sex_t,ocu_isco88_9,edu_aggregate_ltb,2009,431.166
tur,sex_t,ocu_isco88_9,edu_aggregate_ltb,2010,453.039
tur,sex_t,ocu_isco88_9,edu_aggregate_ltb,2011,514.775
tur,sex_t,ocu_isco88_9,edu_aggregate_total,2002,1458.063
tur,sex_t,ocu_isco88_9,edu_aggregate_total,2003,1119.799
tur,sex_t,ocu_isco88_9,edu_aggregate_total,2004,1556.001
tur,sex_t,ocu_isco88_9,edu_aggregate_total,2005,1531.534
tur,sex_t,ocu_isco88_9,edu_aggregate_total,2006,1708.664
tur,sex_t,ocu_isco88_9,edu_aggregate_total,2007,1749.712
tur,sex_t,ocu_isco88_9,edu_aggregate_total,2008,1850.647
tur,sex_t,ocu_isco88_9,edu_aggregate_total,2009,1935.81
tur,sex_t,ocu_isco88_9,edu_aggregate_total,2010,2007.768
tur,sex_t,ocu_isco88_9,edu_aggregate_total,2011,2322.567
tur,sex_t,ocu_isco88_9,edu_aggregate_x,2002,4.686
tur,sex_t,ocu_isco88_9,edu_aggregate_x,2003,3.472
tur,sex_t,ocu_isco88_total,edu_aggregate_adv,2004,220.281
tur,sex_t,ocu_isco88_total,edu_aggregate_adv,2005,264.089
tur,sex_t,ocu_isco88_total,edu_aggregate_adv,2006,268.224
tur,sex_t,ocu_isco88_total,edu_aggregate_adv,2007,285.946
tur,sex_t,ocu_isco88_total,edu_aggregate_adv,2008,283.738
tur,sex_t,ocu_isco88_total,edu_aggregate_adv,2009,307.69
tur,sex_t,ocu_isco88_total,edu_aggregate_adv,2010,310.328
tur,sex_t,ocu_isco88_total,edu_aggregate_adv,2011,321.283
tur,sex_t,ocu_isco88_total,edu_aggregate_bas,2000,7880.105
tur,sex_t,ocu_isco88_total,edu_aggregate_bas,2002,7904.614
tur,sex_t,ocu_isco88_total,edu_aggregate_bas,2003,7796.466
tur,sex_t,ocu_isco88_total,edu_aggregate_bas,2004,6846.469
tur,sex_t,ocu_isco88_total,edu_aggregate_bas,2005,6538.861
tur,sex_t,ocu_isco88_total,edu_aggregate_bas,2006,6453.232
tur,sex_t,ocu_isco88_total,edu_aggregate_bas,2007,6273.003
tur,sex_t,ocu_isco88_total,edu_aggregate_bas,2008,6155.381
tur,sex_t,ocu_isco88_total,edu_aggregate_bas,2009,6314.637
tur,sex_t,ocu_isco88_total,edu_aggregate_bas,2010,6651.92
tur,sex_t,ocu_isco88_total,edu_aggregate_bas,2011,6893.384
tur,sex_t,ocu_isco88_total,edu_aggregate_int,2000,896.17
tur,sex_t,ocu_isco88_total,edu_aggregate_int,2002,1028.574
tur,sex_t,ocu_isco88_total,edu_aggregate_int,2003,1090.401
tur,sex_t,ocu_isco88_total,edu_aggregate_int,2004,1134.799
tur,sex_t,ocu_isco88_total,edu_aggregate_int,2005,1231.269
tur,sex_t,ocu_isco88_total,edu_aggregate_int,2006,1249.847
tur,sex_t,ocu_isco88_total,edu_aggregate_int,2007,1241.489
tur,sex_t,ocu_isco88_total,edu_aggregate_int,2008,1163.313
tur,sex_t,ocu_isco88_total,edu_aggregate_int,2009,1162.428
tur,sex_t,ocu_isco88_total,edu_aggregate_int,2010,1132.171
tur,sex_t,ocu_isco88_total,edu_aggregate_int,2011,1145.769
tur,sex_t,ocu_isco88_total,edu_aggregate_ltb,2000,2339.541
tur,sex_t,ocu_isco88_total,edu_aggregate_ltb,2002,2103.721
tur,sex_t,ocu_isco88_total,edu_aggregate_ltb,2003,1945.096
tur,sex_t,ocu_isco88_total,edu_aggregate_ltb,2004,1814.238
tur,sex_t,ocu_isco88_total,edu_aggregate_ltb,2005,1807.646
tur,sex_t,ocu_isco88_total,edu_aggregate_ltb,2006,1779.872
tur,sex_t,ocu_isco88_total,edu_aggregate_ltb,2007,1745.601
tur,sex_t,ocu_isco88_total,edu_aggregate_ltb,2008,1750.895
tur,sex_t,ocu_isco88_total,edu_aggregate_ltb,2009,1803.129
tur,sex_t,ocu_isco88_total,edu_aggregate_ltb,2010,1936.887
tur,sex_t,ocu_isco88_total,edu_aggregate_ltb,2011,2055.408
tur,sex_t,ocu_isco88_total,edu_aggregate_total,2000,11218.472
tur,sex_t,ocu_isco88_total,edu_aggregate_total,2002,11212.988
tur,sex_t,ocu_isco88_total,edu_aggregate_total,2003,11023.704
tur,sex_t,ocu_isco88_total,edu_aggregate_total,2004,10015.786
tur,sex_t,ocu_isco88_total,edu_aggregate_total,2005,9841.864
tur,sex_t,ocu_isco88_total,edu_aggregate_total,2006,9751.174
tur,sex_t,ocu_isco88_total,edu_aggregate_total,2007,9546.039
tur,sex_t,ocu_isco88_total,edu_aggregate_total,2008,9353.327
tur,sex_t,ocu_isco88_total,edu_aggregate_total,2009,9587.884
tur,sex_t,ocu_isco88_total,edu_aggregate_total,2010,10031.306
tur,sex_t,ocu_isco88_total,edu_aggregate_total,2011,10415.843
tur,sex_t,ocu_isco88_total,edu_aggregate_x,2000,102.656
tur,sex_t,ocu_isco88_total,edu_aggregate_x,2002,176.078
tur,sex_t,ocu_isco88_total,edu_aggregate_x,2003,191.742
tur,sex_t,ocu_skill_l1,edu_aggregate_adv,2004,6.104
tur,sex_t,ocu_skill_l1,edu_aggregate_adv,2005,10.332
tur,sex_t,ocu_skill_l1,edu_aggregate_adv,2006,8.672
tur,sex_t,ocu_skill_l1,edu_aggregate_adv,2007,12.613
tur,sex_t,ocu_skill_l1,edu_aggregate_adv,2008,11.707
tur,sex_t,ocu_skill_l1,edu_aggregate_adv,2009,12.438
tur,sex_t,ocu_skill_l1,edu_aggregate_adv,2010,21.507
tur,sex_t,ocu_skill_l1,edu_aggregate_adv,2011,27.882
tur,sex_t,ocu_skill_l1,edu_aggregate_adv,2012,22.303
tur,sex_t,ocu_skill_l1,edu_aggregate_adv,2013,27.311
tur,sex_t,ocu_skill_l1,edu_aggregate_adv,2014,27.321
tur,sex_t,ocu_skill_l1,edu_aggregate_adv,2015,36.659
tur,sex_t,ocu_skill_l1,edu_aggregate_adv,2016,46.126
tur,sex_t,ocu_skill_l1,edu_aggregate_adv,2017,55.335
tur,sex_t,ocu_skill_l1,edu_aggregate_adv,2018,53.805
tur,sex_t,ocu_skill_l1,edu_aggregate_adv,2019,62.514
tur,sex_t,ocu_skill_l1,edu_aggregate_adv,2020,62.268
tur,sex_t,ocu_skill_l1,edu_aggregate_adv,2021,79.376
tur,sex_t,ocu_skill_l1,edu_aggregate_adv,2022,67.655
tur,sex_t,ocu_skill_l1,edu_aggregate_adv,2023,69.214
tur,sex_t,ocu_skill_l1,edu_aggregate_bas,2002,1077.566
tur,sex_t,ocu_skill_l1,edu_aggregate_bas,2003,837.325
tur,sex_t,ocu_skill_l1,edu_aggregate_bas,2004,1087.42
tur,sex_t,ocu_skill_l1,edu_aggregate_bas,2005,1024.002
tur,sex_t,ocu_skill_l1,edu_aggregate_bas,2006,1161.226
tur,sex_t,ocu_skill_l1,edu_aggregate_bas,2007,1200.155
tur,sex_t,ocu_skill_l1,edu_aggregate_bas,2008,1260.449
tur,sex_t,ocu_skill_l1,edu_aggregate_bas,2009,1328.902
tur,sex_t,ocu_skill_l1,edu_aggregate_bas,2010,1375.079
tur,sex_t,ocu_skill_l1,edu_aggregate_bas,2011,1601.407
tur,sex_t,ocu_skill_l1,edu_aggregate_bas,2012,1448.819
tur,sex_t,ocu_skill_l1,edu_aggregate_bas,2013,1443.672
tur,sex_t,ocu_skill_l1,edu_aggregate_bas,2014,1483.703
tur,sex_t,ocu_skill_l1,edu_aggregate_bas,2015,1496.161
tur,sex_t,ocu_skill_l1,edu_aggregate_bas,2016,1509.666
tur,sex_t,ocu_skill_l1,edu_aggregate_bas,2017,1585.243
tur,sex_t,ocu_skill_l1,edu_aggregate_bas,2018,1496.938
tur,sex_t,ocu_skill_l1,edu_aggregate_bas,2019,1386.75
tur,sex_t,ocu_skill_l1,edu_aggregate_bas,2020,1221.358
tur,sex_t,ocu_skill_l1,edu_aggregate_bas,2021,1400.197
tur,sex_t,ocu_skill_l1,edu_aggregate_bas,2022,1415.273
tur,sex_t,ocu_skill_l1,edu_aggregate_bas,2023,1336.973
tur,sex_t,ocu_skill_l1,edu_aggregate_int,2002,97.996
tur,sex_t,ocu_skill_l1,edu_aggregate_int,2003,71.844
tur,sex_t,ocu_skill_l1,edu_aggregate_int,2004,125.556
tur,sex_t,ocu_skill_l1,edu_aggregate_int,2005,123.159
tur,sex_t,ocu_skill_l1,edu_aggregate_int,2006,139.758
tur,sex_t,ocu_skill_l1,edu_aggregate_int,2007,146.614
tur,sex_t,ocu_skill_l1,edu_aggregate_int,2008,151.201
tur,sex_t,ocu_skill_l1,edu_aggregate_int,2009,163.303
tur,sex_t,ocu_skill_l1,edu_aggregate_int,2010,158.143
tur,sex_t,ocu_skill_l1,edu_aggregate_int,2011,178.504
tur,sex_t,ocu_skill_l1,edu_aggregate_int,2012,170.424
tur,sex_t,ocu_skill_l1,edu_aggregate_int,2013,155.503
tur,sex_t,ocu_skill_l1,edu_aggregate_int,2014,164.703
tur,sex_t,ocu_skill_l1,edu_aggregate_int,2015,177.593
tur,sex_t,ocu_skill_l1,edu_aggregate_int,2016,196.94
tur,sex_t,ocu_skill_l1,edu_aggregate_int,2017,204.369
tur,sex_t,ocu_skill_l1,edu_aggregate_int,2018,218.222
tur,sex_t,ocu_skill_l1,edu_aggregate_int,2019,217.791
tur,sex_t,ocu_skill_l1,edu_aggregate_int,2020,214.278
tur,sex_t,ocu_skill_l1,edu_aggregate_int,2021,273.045
tur,sex_t,ocu_skill_l1,edu_aggregate_int,2022,281.661
tur,sex_t,ocu_skill_l1,edu_aggregate_int,2023,296.91
tur,sex_t,ocu_skill_l1,edu_aggregate_ltb,2002,277.816
tur,sex_t,ocu_skill_l1,edu_aggregate_ltb,2003,207.157
tur,sex_t,ocu_skill_l1,edu_aggregate_ltb,2004,336.921
tur,sex_t,ocu_skill_l1,edu_aggregate_ltb,2005,374.042
tur,sex_t,ocu_skill_l1,edu_aggregate_ltb,2006,399.008
tur,sex_t,ocu_skill_l1,edu_aggregate_ltb,2007,390.33
tur,sex_t,ocu_skill_l1,edu_aggregate_ltb,2008,427.288
tur,sex_t,ocu_skill_l1,edu_aggregate_ltb,2009,431.166
tur,sex_t,ocu_skill_l1,edu_aggregate_ltb,2010,453.039
tur,sex_t,ocu_skill_l1,edu_aggregate_ltb,2011,514.775
tur,sex_t,ocu_skill_l1,edu_aggregate_ltb,2012,427.153
tur,sex_t,ocu_skill_l1,edu_aggregate_ltb,2013,417.82
tur,sex_t,ocu_skill_l1,edu_aggregate_ltb,2014,414.664
tur,sex_t,ocu_skill_l1,edu_aggregate_ltb,2015,409.354
tur,sex_t,ocu_skill_l1,edu_aggregate_ltb,2016,417.778
tur,sex_t,ocu_skill_l1,edu_aggregate_ltb,2017,418.187
tur,sex_t,ocu_skill_l1,edu_aggregate_ltb,2018,411.995
tur,sex_t,ocu_skill_l1,edu_aggregate_ltb,2019,357.88
tur,sex_t,ocu_skill_l1,edu_aggregate_ltb,2020,298.162
tur,sex_t,ocu_skill_l1,edu_aggregate_ltb,2021,310.236
tur,sex_t,ocu_skill_l1,edu_aggregate_ltb,2022,363.6
tur,sex_t,ocu_skill_l1,edu_aggregate_ltb,2023,297.668
tur,sex_t,ocu_skill_l1,edu_aggregate_total,2002,1458.063
tur,sex_t,ocu_skill_l1,edu_aggregate_total,2003,1119.799
tur,sex_t,ocu_skill_l1,edu_aggregate_total,2004,1556.001
tur,sex_t,ocu_skill_l1,edu_aggregate_total,2005,1531.534
tur,sex_t,ocu_skill_l1,edu_aggregate_total,2006,1708.664
tur,sex_t,ocu_skill_l1,edu_aggregate_total,2007,1749.712
tur,sex_t,ocu_skill_l1,edu_aggregate_total,2008,1850.647
tur,sex_t,ocu_skill_l1,edu_aggregate_total,2009,1935.81
tur,sex_t,ocu_skill_l1,edu_aggregate_total,2010,2007.768
tur,sex_t,ocu_skill_l1,edu_aggregate_total,2011,2322.567
tur,sex_t,ocu_skill_l1,edu_aggregate_total,2012,2068.699
tur,sex_t,ocu_skill_l1,edu_aggregate_total,2013,2044.307
tur,sex_t,ocu_skill_l1,edu_aggregate_total,2014,2090.392
tur,sex_t,ocu_skill_l1,edu_aggregate_total,2015,2119.768
tur,sex_t,ocu_skill_l1,edu_aggregate_total,2016,2170.51
tur,sex_t,ocu_skill_l1,edu_aggregate_total,2017,2263.134
tur,sex_t,ocu_skill_l1,edu_aggregate_total,2018,2180.96
tur,sex_t,ocu_skill_l1,edu_aggregate_total,2019,2024.935
tur,sex_t,ocu_skill_l1,edu_aggregate_total,2020,1796.066
tur,sex_t,ocu_skill_l1,edu_aggregate_total,2021,2062.854
tur,sex_t,ocu_skill_l1,edu_aggregate_total,2022,2128.189
tur,sex_t,ocu_skill_l1,edu_aggregate_total,2023,2000.764
tur,sex_t,ocu_skill_l1,edu_aggregate_x,2002,4.686
tur,sex_t,ocu_skill_l1,edu_aggregate_x,2003,3.472
tur,sex_t,ocu_skill_l1,edu_isced11_0,2021,144.518
tur,sex_t,ocu_skill_l1,edu_isced11_0,2022,175.017
tur,sex_t,ocu_skill_l1,edu_isced11_0,2023,142.504
tur,sex_t,ocu_skill_l1,edu_isced11_1,2021,858.823
tur,sex_t,ocu_skill_l1,edu_isced11_1,2022,872.238
tur,sex_t,ocu_skill_l1,edu_isced11_1,2023,817.38
tur,sex_t,ocu_skill_l1,edu_isced11_2,2021,541.375
tur,sex_t,ocu_skill_l1,edu_isced11_2,2022,543.035
tur,sex_t,ocu_skill_l1,edu_isced11_2,2023,519.594
tur,sex_t,ocu_skill_l1,edu_isced11_3,2021,273.045
tur,sex_t,ocu_skill_l1,edu_isced11_3,2022,281.661
tur,sex_t,ocu_skill_l1,edu_isced11_3,2023,296.91
tur,sex_t,ocu_skill_l1,edu_isced11_6,2021,42.901
tur,sex_t,ocu_skill_l1,edu_isced11_6,2022,35.666
tur,sex_t,ocu_skill_l1,edu_isced11_6,2023,35.961
tur,sex_t,ocu_skill_l1,edu_isced11_7,2021,35.588
tur,sex_t,ocu_skill_l1,edu_isced11_7,2022,31.134
tur,sex_t,ocu_skill_l1,edu_isced11_7,2023,31.097
tur,sex_t,ocu_skill_l1,edu_isced11_8,2021,0.886
tur,sex_t,ocu_skill_l1,edu_isced11_8,2022,0.854
tur,sex_t,ocu_skill_l1,edu_isced11_8,2023,2.156
tur,sex_t,ocu_skill_l1,edu_isced11_total,2021,2062.854
tur,sex_t,ocu_skill_l1,edu_isced11_total,2022,2128.189
tur,sex_t,ocu_skill_l1,edu_isced11_total,2023,2000.764
tur,sex_t,ocu_skill_l1,edu_isced11_x,2021,165.719
tur,sex_t,ocu_skill_l1,edu_isced11_x,2022,188.583
tur,sex_t,ocu_skill_l1,edu_isced11_x,2023,155.164
tur,sex_t,ocu_skill_l2,edu_aggregate_adv,2004,91.492
tur,sex_t,ocu_skill_l2,edu_aggregate_adv,2005,110.092
tur,sex_t,ocu_skill_l2,edu_aggregate_adv,2006,115.55
tur,sex_t,ocu_skill_l2,edu_aggregate_adv,2007,113.749
tur,sex_t,ocu_skill_l2,edu_aggregate_adv,2008,114.104
tur,sex_t,ocu_skill_l2,edu_aggregate_adv,2009,136.005
tur,sex_t,ocu_skill_l2,edu_aggregate_adv,2010,139.405
tur,sex_t,ocu_skill_l2,edu_aggregate_adv,2011,161.01
tur,sex_t,ocu_skill_l2,edu_aggregate_adv,2012,166.208
tur,sex_t,ocu_skill_l2,edu_aggregate_adv,2013,156.88
tur,sex_t,ocu_skill_l2,edu_aggregate_adv,2014,184.476
tur,sex_t,ocu_skill_l2,edu_aggregate_adv,2015,194.545
tur,sex_t,ocu_skill_l2,edu_aggregate_adv,2016,223.422
tur,sex_t,ocu_skill_l2,edu_aggregate_adv,2017,272.793
tur,sex_t,ocu_skill_l2,edu_aggregate_adv,2018,294.712
tur,sex_t,ocu_skill_l2,edu_aggregate_adv,2019,325.71
tur,sex_t,ocu_skill_l2,edu_aggregate_adv,2020,330.977
tur,sex_t,ocu_skill_l2,edu_aggregate_adv,2021,356.461
tur,sex_t,ocu_skill_l2,edu_aggregate_adv,2022,341.862
tur,sex_t,ocu_skill_l2,edu_aggregate_adv,2023,346.306
tur,sex_t,ocu_skill_l2,edu_aggregate_bas,2000,7770.927
tur,sex_t,ocu_skill_l2,edu_aggregate_bas,2002,6556.803
tur,sex_t,ocu_skill_l2,edu_aggregate_bas,2003,6649.736
tur,sex_t,ocu_skill_l2,edu_aggregate_bas,2004,5394.27
tur,sex_t,ocu_skill_l2,edu_aggregate_bas,2005,5044.808
tur,sex_t,ocu_skill_l2,edu_aggregate_bas,2006,4842.445
tur,sex_t,ocu_skill_l2,edu_aggregate_bas,2007,4677.165
tur,sex_t,ocu_skill_l2,edu_aggregate_bas,2008,4500.102
tur,sex_t,ocu_skill_l2,edu_aggregate_bas,2009,4620.621
tur,sex_t,ocu_skill_l2,edu_aggregate_bas,2010,4931.303
tur,sex_t,ocu_skill_l2,edu_aggregate_bas,2011,4955.203
tur,sex_t,ocu_skill_l2,edu_aggregate_bas,2012,4993.327
tur,sex_t,ocu_skill_l2,edu_aggregate_bas,2013,4898.496
tur,sex_t,ocu_skill_l2,edu_aggregate_bas,2014,4635.635
tur,sex_t,ocu_skill_l2,edu_aggregate_bas,2015,4556.815
tur,sex_t,ocu_skill_l2,edu_aggregate_bas,2016,4605.974
tur,sex_t,ocu_skill_l2,edu_aggregate_bas,2017,4800.116
tur,sex_t,ocu_skill_l2,edu_aggregate_bas,2018,4829.925
tur,sex_t,ocu_skill_l2,edu_aggregate_bas,2019,4791.288
tur,sex_t,ocu_skill_l2,edu_aggregate_bas,2020,4002.402
tur,sex_t,ocu_skill_l2,edu_aggregate_bas,2021,3945.301
tur,sex_t,ocu_skill_l2,edu_aggregate_bas,2022,3814.758
tur,sex_t,ocu_skill_l2,edu_aggregate_bas,2023,3860.29
tur,sex_t,ocu_skill_l2,edu_aggregate_int,2000,791.433
tur,sex_t,ocu_skill_l2,edu_aggregate_int,2002,790.236
tur,sex_t,ocu_skill_l2,edu_aggregate_int,2003,846.859
tur,sex_t,ocu_skill_l2,edu_aggregate_int,2004,824.54
tur,sex_t,ocu_skill_l2,edu_aggregate_int,2005,883.199
tur,sex_t,ocu_skill_l2,edu_aggregate_int,2006,886.732
tur,sex_t,ocu_skill_l2,edu_aggregate_int,2007,880.048
tur,sex_t,ocu_skill_l2,edu_aggregate_int,2008,822.027
tur,sex_t,ocu_skill_l2,edu_aggregate_int,2009,807.562
tur,sex_t,ocu_skill_l2,edu_aggregate_int,2010,804.025
tur,sex_t,ocu_skill_l2,edu_aggregate_int,2011,801.27
tur,sex_t,ocu_skill_l2,edu_aggregate_int,2012,778.739
tur,sex_t,ocu_skill_l2,edu_aggregate_int,2013,791.13
tur,sex_t,ocu_skill_l2,edu_aggregate_int,2014,752.008
tur,sex_t,ocu_skill_l2,edu_aggregate_int,2015,745.035
tur,sex_t,ocu_skill_l2,edu_aggregate_int,2016,808.566
tur,sex_t,ocu_skill_l2,edu_aggregate_int,2017,897.309
tur,sex_t,ocu_skill_l2,edu_aggregate_int,2018,961.097
tur,sex_t,ocu_skill_l2,edu_aggregate_int,2019,1019.034
tur,sex_t,ocu_skill_l2,edu_aggregate_int,2020,904.584
tur,sex_t,ocu_skill_l2,edu_aggregate_int,2021,956.352
tur,sex_t,ocu_skill_l2,edu_aggregate_int,2022,1037.2
tur,sex_t,ocu_skill_l2,edu_aggregate_int,2023,1074.572
tur,sex_t,ocu_skill_l2,edu_aggregate_ltb,2000,2335.312
tur,sex_t,ocu_skill_l2,edu_aggregate_ltb,2002,1803.787
tur,sex_t,ocu_skill_l2,edu_aggregate_ltb,2003,1720.128
tur,sex_t,ocu_skill_l2,edu_aggregate_ltb,2004,1445.523
tur,sex_t,ocu_skill_l2,edu_aggregate_ltb,2005,1385.127
tur,sex_t,ocu_skill_l2,edu_aggregate_ltb,2006,1342.339
tur,sex_t,ocu_skill_l2,edu_aggregate_ltb,2007,1324.424
tur,sex_t,ocu_skill_l2,edu_aggregate_ltb,2008,1291.934
tur,sex_t,ocu_skill_l2,edu_aggregate_ltb,2009,1340.793
tur,sex_t,ocu_skill_l2,edu_aggregate_ltb,2010,1453.041
tur,sex_t,ocu_skill_l2,edu_aggregate_ltb,2011,1510.52
tur,sex_t,ocu_skill_l2,edu_aggregate_ltb,2012,1519.489
tur,sex_t,ocu_skill_l2,edu_aggregate_ltb,2013,1446.133
tur,sex_t,ocu_skill_l2,edu_aggregate_ltb,2014,1358.655
tur,sex_t,ocu_skill_l2,edu_aggregate_ltb,2015,1265.596
tur,sex_t,ocu_skill_l2,edu_aggregate_ltb,2016,1176.78
tur,sex_t,ocu_skill_l2,edu_aggregate_ltb,2017,1183.089
tur,sex_t,ocu_skill_l2,edu_aggregate_ltb,2018,1185.483
tur,sex_t,ocu_skill_l2,edu_aggregate_ltb,2019,1119.554
tur,sex_t,ocu_skill_l2,edu_aggregate_ltb,2020,826.872
tur,sex_t,ocu_skill_l2,edu_aggregate_ltb,2021,830.997
tur,sex_t,ocu_skill_l2,edu_aggregate_ltb,2022,897.858
tur,sex_t,ocu_skill_l2,edu_aggregate_ltb,2023,871.455
tur,sex_t,ocu_skill_l2,edu_aggregate_total,2000,10950.479
tur,sex_t,ocu_skill_l2,edu_aggregate_total,2002,9218.996
tur,sex_t,ocu_skill_l2,edu_aggregate_total,2003,9297.353
tur,sex_t,ocu_skill_l2,edu_aggregate_total,2004,7755.826
tur,sex_t,ocu_skill_l2,edu_aggregate_total,2005,7423.226
tur,sex_t,ocu_skill_l2,edu_aggregate_total,2006,7187.065
tur,sex_t,ocu_skill_l2,edu_aggregate_total,2007,6995.386
tur,sex_t,ocu_skill_l2,edu_aggregate_total,2008,6728.167
tur,sex_t,ocu_skill_l2,edu_aggregate_total,2009,6904.981
tur,sex_t,ocu_skill_l2,edu_aggregate_total,2010,7327.774
tur,sex_t,ocu_skill_l2,edu_aggregate_total,2011,7428.003
tur,sex_t,ocu_skill_l2,edu_aggregate_total,2012,7457.764
tur,sex_t,ocu_skill_l2,edu_aggregate_total,2013,7292.64
tur,sex_t,ocu_skill_l2,edu_aggregate_total,2014,6930.774
tur,sex_t,ocu_skill_l2,edu_aggregate_total,2015,6761.991
tur,sex_t,ocu_skill_l2,edu_aggregate_total,2016,6814.742
tur,sex_t,ocu_skill_l2,edu_aggregate_total,2017,7153.308
tur,sex_t,ocu_skill_l2,edu_aggregate_total,2018,7271.217
tur,sex_t,ocu_skill_l2,edu_aggregate_total,2019,7255.586
tur,sex_t,ocu_skill_l2,edu_aggregate_total,2020,6064.834
tur,sex_t,ocu_skill_l2,edu_aggregate_total,2021,6089.112
tur,sex_t,ocu_skill_l2,edu_aggregate_total,2022,6091.678
tur,sex_t,ocu_skill_l2,edu_aggregate_total,2023,6152.622
tur,sex_t,ocu_skill_l2,edu_aggregate_x,2000,52.807
tur,sex_t,ocu_skill_l2,edu_aggregate_x,2002,68.17
tur,sex_t,ocu_skill_l2,edu_aggregate_x,2003,80.63
tur,sex_t,ocu_skill_l2,edu_isced11_0,2021,366.642
tur,sex_t,ocu_skill_l2,edu_isced11_0,2022,391.688
tur,sex_t,ocu_skill_l2,edu_isced11_0,2023,382.024
tur,sex_t,ocu_skill_l2,edu_isced11_1,2021,2666.552
tur,sex_t,ocu_skill_l2,edu_isced11_1,2022,2570.08
tur,sex_t,ocu_skill_l2,edu_isced11_1,2023,2582.524
tur,sex_t,ocu_skill_l2,edu_isced11_2,2021,1278.748
tur,sex_t,ocu_skill_l2,edu_isced11_2,2022,1244.678
tur,sex_t,ocu_skill_l2,edu_isced11_2,2023,1277.765
tur,sex_t,ocu_skill_l2,edu_isced11_3,2021,956.352
tur,sex_t,ocu_skill_l2,edu_isced11_3,2022,1037.2
tur,sex_t,ocu_skill_l2,edu_isced11_3,2023,1074.572
tur,sex_t,ocu_skill_l2,edu_isced11_6,2021,168.486
tur,sex_t,ocu_skill_l2,edu_isced11_6,2022,153.463
tur,sex_t,ocu_skill_l2,edu_isced11_6,2023,166.269
tur,sex_t,ocu_skill_l2,edu_isced11_7,2021,177.294
tur,sex_t,ocu_skill_l2,edu_isced11_7,2022,175.026
tur,sex_t,ocu_skill_l2,edu_isced11_7,2023,168.342
tur,sex_t,ocu_skill_l2,edu_isced11_8,2021,10.681
tur,sex_t,ocu_skill_l2,edu_isced11_8,2022,13.373
tur,sex_t,ocu_skill_l2,edu_isced11_8,2023,11.695
tur,sex_t,ocu_skill_l2,edu_isced11_total,2021,6089.112
tur,sex_t,ocu_skill_l2,edu_isced11_total,2022,6091.678
tur,sex_t,ocu_skill_l2,edu_isced11_total,2023,6152.622
tur,sex_t,ocu_skill_l2,edu_isced11_x,2021,464.355
tur,sex_t,ocu_skill_l2,edu_isced11_x,2022,506.17
tur,sex_t,ocu_skill_l2,edu_isced11_x,2023,489.431
tur,sex_t,ocu_skill_l3_4,edu_aggregate_adv,2004,122.685
tur,sex_t,ocu_skill_l3_4,edu_aggregate_adv,2005,143.666
tur,sex_t,ocu_skill_l3_4,edu_aggregate_adv,2006,144.002
tur,sex_t,ocu_skill_l3_4,edu_aggregate_adv,2007,159.585
tur,sex_t,ocu_skill_l3_4,edu_aggregate_adv,2008,157.927
tur,sex_t,ocu_skill_l3_4,edu_aggregate_adv,2009,159.247
tur,sex_t,ocu_skill_l3_4,edu_aggregate_adv,2010,149.416
tur,sex_t,ocu_skill_l3_4,edu_aggregate_adv,2011,132.391
tur,sex_t,ocu_skill_l3_4,edu_aggregate_adv,2012,118.907
tur,sex_t,ocu_skill_l3_4,edu_aggregate_adv,2013,86.056
tur,sex_t,ocu_skill_l3_4,edu_aggregate_adv,2014,102.466
tur,sex_t,ocu_skill_l3_4,edu_aggregate_adv,2015,110.59
tur,sex_t,ocu_skill_l3_4,edu_aggregate_adv,2016,129.4
tur,sex_t,ocu_skill_l3_4,edu_aggregate_adv,2017,159.099
tur,sex_t,ocu_skill_l3_4,edu_aggregate_adv,2018,173.315
tur,sex_t,ocu_skill_l3_4,edu_aggregate_adv,2019,225.156
tur,sex_t,ocu_skill_l3_4,edu_aggregate_adv,2020,253.085
tur,sex_t,ocu_skill_l3_4,edu_aggregate_adv,2021,186.745
tur,sex_t,ocu_skill_l3_4,edu_aggregate_adv,2022,176.02
tur,sex_t,ocu_skill_l3_4,edu_aggregate_adv,2023,212.93
tur,sex_t,ocu_skill_l3_4,edu_aggregate_bas,2000,109.178
tur,sex_t,ocu_skill_l3_4,edu_aggregate_bas,2002,270.246
tur,sex_t,ocu_skill_l3_4,edu_aggregate_bas,2003,309.404
tur,sex_t,ocu_skill_l3_4,edu_aggregate_bas,2004,364.778
tur,sex_t,ocu_skill_l3_4,edu_aggregate_bas,2005,470.051
tur,sex_t,ocu_skill_l3_4,edu_aggregate_bas,2006,449.561
tur,sex_t,ocu_skill_l3_4,edu_aggregate_bas,2007,395.682
tur,sex_t,ocu_skill_l3_4,edu_aggregate_bas,2008,394.829
tur,sex_t,ocu_skill_l3_4,edu_aggregate_bas,2009,365.114
tur,sex_t,ocu_skill_l3_4,edu_aggregate_bas,2010,345.538
tur,sex_t,ocu_skill_l3_4,edu_aggregate_bas,2011,336.774
tur,sex_t,ocu_skill_l3_4,edu_aggregate_bas,2012,193.764
tur,sex_t,ocu_skill_l3_4,edu_aggregate_bas,2013,133.5
tur,sex_t,ocu_skill_l3_4,edu_aggregate_bas,2014,170.637
tur,sex_t,ocu_skill_l3_4,edu_aggregate_bas,2015,158.148
tur,sex_t,ocu_skill_l3_4,edu_aggregate_bas,2016,163.454
tur,sex_t,ocu_skill_l3_4,edu_aggregate_bas,2017,163.736
tur,sex_t,ocu_skill_l3_4,edu_aggregate_bas,2018,211.286
tur,sex_t,ocu_skill_l3_4,edu_aggregate_bas,2019,213.297
tur,sex_t,ocu_skill_l3_4,edu_aggregate_bas,2020,166.549
tur,sex_t,ocu_skill_l3_4,edu_aggregate_bas,2021,135.071
tur,sex_t,ocu_skill_l3_4,edu_aggregate_bas,2022,118.878
tur,sex_t,ocu_skill_l3_4,edu_aggregate_bas,2023,138.544
tur,sex_t,ocu_skill_l3_4,edu_aggregate_int,2000,104.737
tur,sex_t,ocu_skill_l3_4,edu_aggregate_int,2002,140.341
tur,sex_t,ocu_skill_l3_4,edu_aggregate_int,2003,171.698
tur,sex_t,ocu_skill_l3_4,edu_aggregate_int,2004,184.702
tur,sex_t,ocu_skill_l3_4,edu_aggregate_int,2005,224.911
tur,sex_t,ocu_skill_l3_4,edu_aggregate_int,2006,223.356
tur,sex_t,ocu_skill_l3_4,edu_aggregate_int,2007,214.827
tur,sex_t,ocu_skill_l3_4,edu_aggregate_int,2008,190.085
tur,sex_t,ocu_skill_l3_4,edu_aggregate_int,2009,191.563
tur,sex_t,ocu_skill_l3_4,edu_aggregate_int,2010,170.003
tur,sex_t,ocu_skill_l3_4,edu_aggregate_int,2011,165.995
tur,sex_t,ocu_skill_l3_4,edu_aggregate_int,2012,118.946
tur,sex_t,ocu_skill_l3_4,edu_aggregate_int,2013,85.744
tur,sex_t,ocu_skill_l3_4,edu_aggregate_int,2014,111.142
tur,sex_t,ocu_skill_l3_4,edu_aggregate_int,2015,101.342
tur,sex_t,ocu_skill_l3_4,edu_aggregate_int,2016,112.847
tur,sex_t,ocu_skill_l3_4,edu_aggregate_int,2017,122.356
tur,sex_t,ocu_skill_l3_4,edu_aggregate_int,2018,139.772
tur,sex_t,ocu_skill_l3_4,edu_aggregate_int,2019,164.447
tur,sex_t,ocu_skill_l3_4,edu_aggregate_int,2020,140.389
tur,sex_t,ocu_skill_l3_4,edu_aggregate_int,2021,127.025
tur,sex_t,ocu_skill_l3_4,edu_aggregate_int,2022,120.753
tur,sex_t,ocu_skill_l3_4,edu_aggregate_int,2023,128.007
tur,sex_t,ocu_skill_l3_4,edu_aggregate_ltb,2000,4.229
tur,sex_t,ocu_skill_l3_4,edu_aggregate_ltb,2002,22.119
tur,sex_t,ocu_skill_l3_4,edu_aggregate_ltb,2003,17.811
tur,sex_t,ocu_skill_l3_4,edu_aggregate_ltb,2004,31.794
tur,sex_t,ocu_skill_l3_4,edu_aggregate_ltb,2005,48.476
tur,sex_t,ocu_skill_l3_4,edu_aggregate_ltb,2006,38.525
tur,sex_t,ocu_skill_l3_4,edu_aggregate_ltb,2007,30.847
tur,sex_t,ocu_skill_l3_4,edu_aggregate_ltb,2008,31.673
tur,sex_t,ocu_skill_l3_4,edu_aggregate_ltb,2009,31.17
tur,sex_t,ocu_skill_l3_4,edu_aggregate_ltb,2010,30.807
tur,sex_t,ocu_skill_l3_4,edu_aggregate_ltb,2011,30.112
tur,sex_t,ocu_skill_l3_4,edu_aggregate_ltb,2012,9.451
tur,sex_t,ocu_skill_l3_4,edu_aggregate_ltb,2013,7.706
tur,sex_t,ocu_skill_l3_4,edu_aggregate_ltb,2014,7.785
tur,sex_t,ocu_skill_l3_4,edu_aggregate_ltb,2015,7.652
tur,sex_t,ocu_skill_l3_4,edu_aggregate_ltb,2016,5.995
tur,sex_t,ocu_skill_l3_4,edu_aggregate_ltb,2017,4.93
tur,sex_t,ocu_skill_l3_4,edu_aggregate_ltb,2018,9.983
tur,sex_t,ocu_skill_l3_4,edu_aggregate_ltb,2019,12.544
tur,sex_t,ocu_skill_l3_4,edu_aggregate_ltb,2020,3.323
tur,sex_t,ocu_skill_l3_4,edu_aggregate_ltb,2021,5.682
tur,sex_t,ocu_skill_l3_4,edu_aggregate_ltb,2022,5.657
tur,sex_t,ocu_skill_l3_4,edu_aggregate_ltb,2023,5.084
tur,sex_t,ocu_skill_l3_4,edu_aggregate_total,2000,267.993
tur,sex_t,ocu_skill_l3_4,edu_aggregate_total,2002,535.928
tur,sex_t,ocu_skill_l3_4,edu_aggregate_total,2003,606.552
tur,sex_t,ocu_skill_l3_4,edu_aggregate_total,2004,703.959
tur,sex_t,ocu_skill_l3_4,edu_aggregate_total,2005,887.104
tur,sex_t,ocu_skill_l3_4,edu_aggregate_total,2006,855.444
tur,sex_t,ocu_skill_l3_4,edu_aggregate_total,2007,800.942
tur,sex_t,ocu_skill_l3_4,edu_aggregate_total,2008,774.514
tur,sex_t,ocu_skill_l3_4,edu_aggregate_total,2009,747.093
tur,sex_t,ocu_skill_l3_4,edu_aggregate_total,2010,695.764
tur,sex_t,ocu_skill_l3_4,edu_aggregate_total,2011,665.273
tur,sex_t,ocu_skill_l3_4,edu_aggregate_total,2012,441.069
tur,sex_t,ocu_skill_l3_4,edu_aggregate_total,2013,313.006
tur,sex_t,ocu_skill_l3_4,edu_aggregate_total,2014,392.03
tur,sex_t,ocu_skill_l3_4,edu_aggregate_total,2015,377.732
tur,sex_t,ocu_skill_l3_4,edu_aggregate_total,2016,411.696
tur,sex_t,ocu_skill_l3_4,edu_aggregate_total,2017,450.12
tur,sex_t,ocu_skill_l3_4,edu_aggregate_total,2018,534.356
tur,sex_t,ocu_skill_l3_4,edu_aggregate_total,2019,615.444
tur,sex_t,ocu_skill_l3_4,edu_aggregate_total,2020,563.346
tur,sex_t,ocu_skill_l3_4,edu_aggregate_total,2021,454.524
tur,sex_t,ocu_skill_l3_4,edu_aggregate_total,2022,421.309
tur,sex_t,ocu_skill_l3_4,edu_aggregate_total,2023,484.566
tur,sex_t,ocu_skill_l3_4,edu_aggregate_x,2000,49.849
tur,sex_t,ocu_skill_l3_4,edu_aggregate_x,2002,103.222
tur,sex_t,ocu_skill_l3_4,edu_aggregate_x,2003,107.639
tur,sex_t,ocu_skill_l3_4,edu_isced11_0,2021,4.279
tur,sex_t,ocu_skill_l3_4,edu_isced11_0,2022,4.313
tur,sex_t,ocu_skill_l3_4,edu_isced11_0,2023,4.031
tur,sex_t,ocu_skill_l3_4,edu_isced11_1,2021,80.852
tur,sex_t,ocu_skill_l3_4,edu_isced11_1,2022,73.538
tur,sex_t,ocu_skill_l3_4,edu_isced11_1,2023,80.649
tur,sex_t,ocu_skill_l3_4,edu_isced11_2,2021,54.22
tur,sex_t,ocu_skill_l3_4,edu_isced11_2,2022,45.34
tur,sex_t,ocu_skill_l3_4,edu_isced11_2,2023,57.895
tur,sex_t,ocu_skill_l3_4,edu_isced11_3,2021,127.025
tur,sex_t,ocu_skill_l3_4,edu_isced11_3,2022,120.753
tur,sex_t,ocu_skill_l3_4,edu_isced11_3,2023,128.007
tur,sex_t,ocu_skill_l3_4,edu_isced11_6,2021,36.002
tur,sex_t,ocu_skill_l3_4,edu_isced11_6,2022,32.002
tur,sex_t,ocu_skill_l3_4,edu_isced11_6,2023,36.591
tur,sex_t,ocu_skill_l3_4,edu_isced11_7,2021,129.814
tur,sex_t,ocu_skill_l3_4,edu_isced11_7,2022,119.504
tur,sex_t,ocu_skill_l3_4,edu_isced11_7,2023,145.014
tur,sex_t,ocu_skill_l3_4,edu_isced11_8,2021,20.929
tur,sex_t,ocu_skill_l3_4,edu_isced11_8,2022,24.514
tur,sex_t,ocu_skill_l3_4,edu_isced11_8,2023,31.325
tur,sex_t,ocu_skill_l3_4,edu_isced11_total,2021,454.524
tur,sex_t,ocu_skill_l3_4,edu_isced11_total,2022,421.309
tur,sex_t,ocu_skill_l3_4,edu_isced11_total,2023,484.566
tur,sex_t,ocu_skill_l3_4,edu_isced11_x,2021,1.403
tur,sex_t,ocu_skill_l3_4,edu_isced11_x,2022,1.344
tur,sex_t,ocu_skill_l3_4,edu_isced11_x,2023,1.054
tur,sex_t,ocu_skill_total,edu_aggregate_adv,2004,220.281
tur,sex_t,ocu_skill_total,edu_aggregate_adv,2005,264.089
tur,sex_t,ocu_skill_total,edu_aggregate_adv,2006,268.224
tur,sex_t,ocu_skill_total,edu_aggregate_adv,2007,285.946
tur,sex_t,ocu_skill_total,edu_aggregate_adv,2008,283.738
tur,sex_t,ocu_skill_total,edu_aggregate_adv,2009,307.69
tur,sex_t,ocu_skill_total,edu_aggregate_adv,2010,310.328
tur,sex_t,ocu_skill_total,edu_aggregate_adv,2011,321.283
tur,sex_t,ocu_skill_total,edu_aggregate_adv,2012,307.418
tur,sex_t,ocu_skill_total,edu_aggregate_adv,2013,270.248
tur,sex_t,ocu_skill_total,edu_aggregate_adv,2014,314.264
tur,sex_t,ocu_skill_total,edu_aggregate_adv,2015,341.794
tur,sex_t,ocu_skill_total,edu_aggregate_adv,2016,398.948
tur,sex_t,ocu_skill_total,edu_aggregate_adv,2017,487.227
tur,sex_t,ocu_skill_total,edu_aggregate_adv,2018,521.831
tur,sex_t,ocu_skill_total,edu_aggregate_adv,2019,613.38
tur,sex_t,ocu_skill_total,edu_aggregate_adv,2020,646.33
tur,sex_t,ocu_skill_total,edu_aggregate_adv,2021,622.582
tur,sex_t,ocu_skill_total,edu_aggregate_adv,2022,585.537
tur,sex_t,ocu_skill_total,edu_aggregate_adv,2023,628.449
tur,sex_t,ocu_skill_total,edu_aggregate_bas,2000,7880.105
tur,sex_t,ocu_skill_total,edu_aggregate_bas,2002,7904.614
tur,sex_t,ocu_skill_total,edu_aggregate_bas,2003,7796.466
tur,sex_t,ocu_skill_total,edu_aggregate_bas,2004,6846.469
tur,sex_t,ocu_skill_total,edu_aggregate_bas,2005,6538.861
tur,sex_t,ocu_skill_total,edu_aggregate_bas,2006,6453.232
tur,sex_t,ocu_skill_total,edu_aggregate_bas,2007,6273.003
tur,sex_t,ocu_skill_total,edu_aggregate_bas,2008,6155.381
tur,sex_t,ocu_skill_total,edu_aggregate_bas,2009,6314.637
tur,sex_t,ocu_skill_total,edu_aggregate_bas,2010,6651.92
tur,sex_t,ocu_skill_total,edu_aggregate_bas,2011,6893.384
tur,sex_t,ocu_skill_total,edu_aggregate_bas,2012,6635.909
tur,sex_t,ocu_skill_total,edu_aggregate_bas,2013,6475.669
tur,sex_t,ocu_skill_total,edu_aggregate_bas,2014,6289.975
tur,sex_t,ocu_skill_total,edu_aggregate_bas,2015,6211.124
tur,sex_t,ocu_skill_total,edu_aggregate_bas,2016,6279.094
tur,sex_t,ocu_skill_total,edu_aggregate_bas,2017,6549.095
tur,sex_t,ocu_skill_total,edu_aggregate_bas,2018,6538.15
tur,sex_t,ocu_skill_total,edu_aggregate_bas,2019,6391.336
tur,sex_t,ocu_skill_total,edu_aggregate_bas,2020,5390.309
tur,sex_t,ocu_skill_total,edu_aggregate_bas,2021,5480.569
tur,sex_t,ocu_skill_total,edu_aggregate_bas,2022,5348.909
tur,sex_t,ocu_skill_total,edu_aggregate_bas,2023,5335.807
tur,sex_t,ocu_skill_total,edu_aggregate_int,2000,896.17
tur,sex_t,ocu_skill_total,edu_aggregate_int,2002,1028.574
tur,sex_t,ocu_skill_total,edu_aggregate_int,2003,1090.401
tur,sex_t,ocu_skill_total,edu_aggregate_int,2004,1134.799
tur,sex_t,ocu_skill_total,edu_aggregate_int,2005,1231.269
tur,sex_t,ocu_skill_total,edu_aggregate_int,2006,1249.847
tur,sex_t,ocu_skill_total,edu_aggregate_int,2007,1241.489
tur,sex_t,ocu_skill_total,edu_aggregate_int,2008,1163.313
tur,sex_t,ocu_skill_total,edu_aggregate_int,2009,1162.428
tur,sex_t,ocu_skill_total,edu_aggregate_int,2010,1132.171
tur,sex_t,ocu_skill_total,edu_aggregate_int,2011,1145.769
tur,sex_t,ocu_skill_total,edu_aggregate_int,2012,1068.11
tur,sex_t,ocu_skill_total,edu_aggregate_int,2013,1032.377
tur,sex_t,ocu_skill_total,edu_aggregate_int,2014,1027.853
tur,sex_t,ocu_skill_total,edu_aggregate_int,2015,1023.97
tur,sex_t,ocu_skill_total,edu_aggregate_int,2016,1118.353
tur,sex_t,ocu_skill_total,edu_aggregate_int,2017,1224.034
tur,sex_t,ocu_skill_total,edu_aggregate_int,2018,1319.091
tur,sex_t,ocu_skill_total,edu_aggregate_int,2019,1401.272
tur,sex_t,ocu_skill_total,edu_aggregate_int,2020,1259.251
tur,sex_t,ocu_skill_total,edu_aggregate_int,2021,1356.423
tur,sex_t,ocu_skill_total,edu_aggregate_int,2022,1439.614
tur,sex_t,ocu_skill_total,edu_aggregate_int,2023,1499.49
tur,sex_t,ocu_skill_total,edu_aggregate_ltb,2000,2339.541
tur,sex_t,ocu_skill_total,edu_aggregate_ltb,2002,2103.721
tur,sex_t,ocu_skill_total,edu_aggregate_ltb,2003,1945.096
tur,sex_t,ocu_skill_total,edu_aggregate_ltb,2004,1814.238
tur,sex_t,ocu_skill_total,edu_aggregate_ltb,2005,1807.646
tur,sex_t,ocu_skill_total,edu_aggregate_ltb,2006,1779.872
tur,sex_t,ocu_skill_total,edu_aggregate_ltb,2007,1745.601
tur,sex_t,ocu_skill_total,edu_aggregate_ltb,2008,1750.895
tur,sex_t,ocu_skill_total,edu_aggregate_ltb,2009,1803.129
tur,sex_t,ocu_skill_total,edu_aggregate_ltb,2010,1936.887
tur,sex_t,ocu_skill_total,edu_aggregate_ltb,2011,2055.408
tur,sex_t,ocu_skill_total,edu_aggregate_ltb,2012,1956.094
tur,sex_t,ocu_skill_total,edu_aggregate_ltb,2013,1871.659
tur,sex_t,ocu_skill_total,edu_aggregate_ltb,2014,1781.104
tur,sex_t,ocu_skill_total,edu_aggregate_ltb,2015,1682.602
tur,sex_t,ocu_skill_total,edu_aggregate_ltb,2016,1600.553
tur,sex_t,ocu_skill_total,edu_aggregate_ltb,2017,1606.206
tur,sex_t,ocu_skill_total,edu_aggregate_ltb,2018,1607.461
tur,sex_t,ocu_skill_total,edu_aggregate_ltb,2019,1489.977
tur,sex_t,ocu_skill_total,edu_aggregate_ltb,2020,1128.356
tur,sex_t,ocu_skill_total,edu_aggregate_ltb,2021,1146.916
tur,sex_t,ocu_skill_total,edu_aggregate_ltb,2022,1267.116
tur,sex_t,ocu_skill_total,edu_aggregate_ltb,2023,1174.207
tur,sex_t,ocu_skill_total,edu_aggregate_total,2000,11218.472
tur,sex_t,ocu_skill_total,edu_aggregate_total,2002,11212.988
tur,sex_t,ocu_skill_total,edu_aggregate_total,2003,11023.704
tur,sex_t,ocu_skill_total,edu_aggregate_total,2004,10015.786
tur,sex_t,ocu_skill_total,edu_aggregate_total,2005,9841.864
tur,sex_t,ocu_skill_total,edu_aggregate_total,2006,9751.174
tur,sex_t,ocu_skill_total,edu_aggregate_total,2007,9546.039
tur,sex_t,ocu_skill_total,edu_aggregate_total,2008,9353.327
tur,sex_t,ocu_skill_total,edu_aggregate_total,2009,9587.884
tur,sex_t,ocu_skill_total,edu_aggregate_total,2010,10031.306
tur,sex_t,ocu_skill_total,edu_aggregate_total,2011,10415.843
tur,sex_t,ocu_skill_total,edu_aggregate_total,2012,9967.531
tur,sex_t,ocu_skill_total,edu_aggregate_total,2013,9649.952
tur,sex_t,ocu_skill_total,edu_aggregate_total,2014,9413.195
tur,sex_t,ocu_skill_total,edu_aggregate_total,2015,9259.49
tur,sex_t,ocu_skill_total,edu_aggregate_total,2016,9396.949
tur,sex_t,ocu_skill_total,edu_aggregate_total,2017,9866.562
tur,sex_t,ocu_skill_total,edu_aggregate_total,2018,9986.533
tur,sex_t,ocu_skill_total,edu_aggregate_total,2019,9895.965
tur,sex_t,ocu_skill_total,edu_aggregate_total,2020,8424.246
tur,sex_t,ocu_skill_total,edu_aggregate_total,2021,8606.49
tur,sex_t,ocu_skill_total,edu_aggregate_total,2022,8641.176
tur,sex_t,ocu_skill_total,edu_aggregate_total,2023,8637.953
tur,sex_t,ocu_skill_total,edu_aggregate_x,2000,102.656
tur,sex_t,ocu_skill_total,edu_aggregate_x,2002,176.078
tur,sex_t,ocu_skill_total,edu_aggregate_x,2003,191.742
tur,sex_t,ocu_skill_total,edu_isced11_0,2021,515.438
tur,sex_t,ocu_skill_total,edu_isced11_0,2022,571.018
tur,sex_t,ocu_skill_total,edu_isced11_0,2023,528.558
tur,sex_t,ocu_skill_total,edu_isced11_1,2021,3606.226
tur,sex_t,ocu_skill_total,edu_isced11_1,2022,3515.856
tur,sex_t,ocu_skill_total,edu_isced11_1,2023,3480.553
tur,sex_t,ocu_skill_total,edu_isced11_2,2021,1874.343
tur,sex_t,ocu_skill_total,edu_isced11_2,2022,1833.053
tur,sex_t,ocu_skill_total,edu_isced11_2,2023,1855.254
tur,sex_t,ocu_skill_total,edu_isced11_3,2021,1356.423
tur,sex_t,ocu_skill_total,edu_isced11_3,2022,1439.614
tur,sex_t,ocu_skill_total,edu_isced11_3,2023,1499.49
tur,sex_t,ocu_skill_total,edu_isced11_6,2021,247.39
tur,sex_t,ocu_skill_total,edu_isced11_6,2022,221.131
tur,sex_t,ocu_skill_total,edu_isced11_6,2023,238.821
tur,sex_t,ocu_skill_total,edu_isced11_7,2021,342.697
tur,sex_t,ocu_skill_total,edu_isced11_7,2022,325.665
tur,sex_t,ocu_skill_total,edu_isced11_7,2023,344.453
tur,sex_t,ocu_skill_total,edu_isced11_8,2021,32.496
tur,sex_t,ocu_skill_total,edu_isced11_8,2022,38.741
tur,sex_t,ocu_skill_total,edu_isced11_8,2023,45.176
tur,sex_t,ocu_skill_total,edu_isced11_total,2021,8606.49
tur,sex_t,ocu_skill_total,edu_isced11_total,2022,8641.176
tur,sex_t,ocu_skill_total,edu_isced11_total,2023,8637.953
tur,sex_t,ocu_skill_total,edu_isced11_x,2021,631.477
tur,sex_t,ocu_skill_total,edu_isced11_x,2022,696.098
tur,sex_t,ocu_skill_total,edu_isced11_x,2023,645.649
