ref_area,sex,classif1,classif2,time,pop_xwap_sex_age_edu_nb
guy,sex_f,age_10yrbands_total,edu_aggregate_adv,2018,14.746
guy,sex_f,age_10yrbands_total,edu_aggregate_adv,2019,16.023
guy,sex_f,age_10yrbands_total,edu_aggregate_bas,2018,130.097
guy,sex_f,age_10yrbands_total,edu_aggregate_bas,2019,134.854
guy,sex_f,age_10yrbands_total,edu_aggregate_int,2018,84.846
guy,sex_f,age_10yrbands_total,edu_aggregate_int,2019,86.73
guy,sex_f,age_10yrbands_total,edu_aggregate_ltb,2018,27.68
guy,sex_f,age_10yrbands_total,edu_aggregate_ltb,2019,26.011
guy,sex_f,age_10yrbands_total,edu_aggregate_total,2018,279.126
guy,sex_f,age_10yrbands_total,edu_aggregate_total,2019,290.496
guy,sex_f,age_10yrbands_total,edu_aggregate_x,2018,21.757
guy,sex_f,age_10yrbands_total,edu_aggregate_x,2019,26.879
guy,sex_f,age_10yrbands_total,edu_isced11_0,2018,24.98
guy,sex_f,age_10yrbands_total,edu_isced11_0,2019,24.225
guy,sex_f,age_10yrbands_total,edu_isced11_1,2018,25.572
guy,sex_f,age_10yrbands_total,edu_isced11_1,2019,23.297
guy,sex_f,age_10yrbands_total,edu_isced11_2,2018,104.525
guy,sex_f,age_10yrbands_total,edu_isced11_2,2019,111.557
guy,sex_f,age_10yrbands_total,edu_isced11_3,2018,72.688
guy,sex_f,age_10yrbands_total,edu_isced11_3,2019,73.717
guy,sex_f,age_10yrbands_total,edu_isced11_4,2018,12.157
guy,sex_f,age_10yrbands_total,edu_isced11_4,2019,13.013
guy,sex_f,age_10yrbands_total,edu_isced11_5,2018,7.628
guy,sex_f,age_10yrbands_total,edu_isced11_5,2019,7.849
guy,sex_f,age_10yrbands_total,edu_isced11_6,2018,6.402
guy,sex_f,age_10yrbands_total,edu_isced11_6,2019,7.347
guy,sex_f,age_10yrbands_total,edu_isced11_7,2018,0.593
guy,sex_f,age_10yrbands_total,edu_isced11_7,2019,0.676
guy,sex_f,age_10yrbands_total,edu_isced11_8,2018,0.122
guy,sex_f,age_10yrbands_total,edu_isced11_8,2019,0.152
guy,sex_f,age_10yrbands_total,edu_isced11_9,2018,21.757
guy,sex_f,age_10yrbands_total,edu_isced11_9,2019,26.879
guy,sex_f,age_10yrbands_total,edu_isced11_total,2018,279.126
guy,sex_f,age_10yrbands_total,edu_isced11_total,2019,290.496
guy,sex_f,age_10yrbands_total,edu_isced11_x,2018,2.7
guy,sex_f,age_10yrbands_total,edu_isced11_x,2019,1.785
guy,sex_f,age_10yrbands_y15_24,edu_aggregate_adv,2018,2.536
guy,sex_f,age_10yrbands_y15_24,edu_aggregate_adv,2019,2.498
guy,sex_f,age_10yrbands_y15_24,edu_aggregate_bas,2018,27.881
guy,sex_f,age_10yrbands_y15_24,edu_aggregate_bas,2019,29.333
guy,sex_f,age_10yrbands_y15_24,edu_aggregate_int,2018,35.803
guy,sex_f,age_10yrbands_y15_24,edu_aggregate_int,2019,34.909
guy,sex_f,age_10yrbands_y15_24,edu_aggregate_ltb,2018,1.087
guy,sex_f,age_10yrbands_y15_24,edu_aggregate_ltb,2019,0.541
guy,sex_f,age_10yrbands_y15_24,edu_aggregate_total,2018,71.884
guy,sex_f,age_10yrbands_y15_24,edu_aggregate_total,2019,73.573
guy,sex_f,age_10yrbands_y15_24,edu_aggregate_x,2018,4.576
guy,sex_f,age_10yrbands_y15_24,edu_aggregate_x,2019,6.293
guy,sex_f,age_10yrbands_y15_24,edu_isced11_0,2018,0.795
guy,sex_f,age_10yrbands_y15_24,edu_isced11_0,2019,0.358
guy,sex_f,age_10yrbands_y15_24,edu_isced11_1,2018,0.99
guy,sex_f,age_10yrbands_y15_24,edu_isced11_1,2019,0.861
guy,sex_f,age_10yrbands_y15_24,edu_isced11_2,2018,26.891
guy,sex_f,age_10yrbands_y15_24,edu_isced11_2,2019,28.472
guy,sex_f,age_10yrbands_y15_24,edu_isced11_3,2018,33.183
guy,sex_f,age_10yrbands_y15_24,edu_isced11_3,2019,31.842
guy,sex_f,age_10yrbands_y15_24,edu_isced11_4,2018,2.62
guy,sex_f,age_10yrbands_y15_24,edu_isced11_4,2019,3.067
guy,sex_f,age_10yrbands_y15_24,edu_isced11_5,2018,1.501
guy,sex_f,age_10yrbands_y15_24,edu_isced11_5,2019,1.62
guy,sex_f,age_10yrbands_y15_24,edu_isced11_6,2018,1.036
guy,sex_f,age_10yrbands_y15_24,edu_isced11_6,2019,0.848
guy,sex_f,age_10yrbands_y15_24,edu_isced11_9,2018,4.576
guy,sex_f,age_10yrbands_y15_24,edu_isced11_9,2019,6.293
guy,sex_f,age_10yrbands_y15_24,edu_isced11_total,2018,71.884
guy,sex_f,age_10yrbands_y15_24,edu_isced11_total,2019,73.573
guy,sex_f,age_10yrbands_y15_24,edu_isced11_x,2018,0.292
guy,sex_f,age_10yrbands_y15_24,edu_isced11_x,2019,0.184
guy,sex_f,age_10yrbands_y25_34,edu_aggregate_adv,2018,4.358
guy,sex_f,age_10yrbands_y25_34,edu_aggregate_adv,2019,4.675
guy,sex_f,age_10yrbands_y25_34,edu_aggregate_bas,2018,19.464
guy,sex_f,age_10yrbands_y25_34,edu_aggregate_bas,2019,19.118
guy,sex_f,age_10yrbands_y25_34,edu_aggregate_int,2018,20.628
guy,sex_f,age_10yrbands_y25_34,edu_aggregate_int,2019,21.831
guy,sex_f,age_10yrbands_y25_34,edu_aggregate_ltb,2018,2.23
guy,sex_f,age_10yrbands_y25_34,edu_aggregate_ltb,2019,1.652
guy,sex_f,age_10yrbands_y25_34,edu_aggregate_total,2018,50.619
guy,sex_f,age_10yrbands_y25_34,edu_aggregate_total,2019,51.914
guy,sex_f,age_10yrbands_y25_34,edu_aggregate_x,2018,3.94
guy,sex_f,age_10yrbands_y25_34,edu_aggregate_x,2019,4.639
guy,sex_f,age_10yrbands_y25_34,edu_isced11_0,2018,2.023
guy,sex_f,age_10yrbands_y25_34,edu_isced11_0,2019,1.506
guy,sex_f,age_10yrbands_y25_34,edu_isced11_1,2018,2.058
guy,sex_f,age_10yrbands_y25_34,edu_isced11_1,2019,1.735
guy,sex_f,age_10yrbands_y25_34,edu_isced11_2,2018,17.406
guy,sex_f,age_10yrbands_y25_34,edu_isced11_2,2019,17.383
guy,sex_f,age_10yrbands_y25_34,edu_isced11_3,2018,17.351
guy,sex_f,age_10yrbands_y25_34,edu_isced11_3,2019,18.457
guy,sex_f,age_10yrbands_y25_34,edu_isced11_4,2018,3.276
guy,sex_f,age_10yrbands_y25_34,edu_isced11_4,2019,3.374
guy,sex_f,age_10yrbands_y25_34,edu_isced11_5,2018,2.307
guy,sex_f,age_10yrbands_y25_34,edu_isced11_5,2019,2.384
guy,sex_f,age_10yrbands_y25_34,edu_isced11_6,2018,1.873
guy,sex_f,age_10yrbands_y25_34,edu_isced11_6,2019,2.034
guy,sex_f,age_10yrbands_y25_34,edu_isced11_7,2018,0.155
guy,sex_f,age_10yrbands_y25_34,edu_isced11_7,2019,0.204
guy,sex_f,age_10yrbands_y25_34,edu_isced11_8,2018,0.022
guy,sex_f,age_10yrbands_y25_34,edu_isced11_8,2019,0.052
guy,sex_f,age_10yrbands_y25_34,edu_isced11_9,2018,3.94
guy,sex_f,age_10yrbands_y25_34,edu_isced11_9,2019,4.639
guy,sex_f,age_10yrbands_y25_34,edu_isced11_total,2018,50.619
guy,sex_f,age_10yrbands_y25_34,edu_isced11_total,2019,51.914
guy,sex_f,age_10yrbands_y25_34,edu_isced11_x,2018,0.207
guy,sex_f,age_10yrbands_y25_34,edu_isced11_x,2019,0.146
guy,sex_f,age_10yrbands_y35_44,edu_aggregate_adv,2018,3.448
guy,sex_f,age_10yrbands_y35_44,edu_aggregate_adv,2019,3.777
guy,sex_f,age_10yrbands_y35_44,edu_aggregate_bas,2018,24.181
guy,sex_f,age_10yrbands_y35_44,edu_aggregate_bas,2019,23.742
guy,sex_f,age_10yrbands_y35_44,edu_aggregate_int,2018,12.355
guy,sex_f,age_10yrbands_y35_44,edu_aggregate_int,2019,12.614
guy,sex_f,age_10yrbands_y35_44,edu_aggregate_ltb,2018,4.909
guy,sex_f,age_10yrbands_y35_44,edu_aggregate_ltb,2019,3.638
guy,sex_f,age_10yrbands_y35_44,edu_aggregate_total,2018,49.195
guy,sex_f,age_10yrbands_y35_44,edu_aggregate_total,2019,48.477
guy,sex_f,age_10yrbands_y35_44,edu_aggregate_x,2018,4.302
guy,sex_f,age_10yrbands_y35_44,edu_aggregate_x,2019,4.706
guy,sex_f,age_10yrbands_y35_44,edu_isced11_0,2018,4.456
guy,sex_f,age_10yrbands_y35_44,edu_isced11_0,2019,3.406
guy,sex_f,age_10yrbands_y35_44,edu_isced11_1,2018,3.786
guy,sex_f,age_10yrbands_y35_44,edu_isced11_1,2019,3.73
guy,sex_f,age_10yrbands_y35_44,edu_isced11_2,2018,20.395
guy,sex_f,age_10yrbands_y35_44,edu_isced11_2,2019,20.012
guy,sex_f,age_10yrbands_y35_44,edu_isced11_3,2018,9.951
guy,sex_f,age_10yrbands_y35_44,edu_isced11_3,2019,10.264
guy,sex_f,age_10yrbands_y35_44,edu_isced11_4,2018,2.404
guy,sex_f,age_10yrbands_y35_44,edu_isced11_4,2019,2.35
guy,sex_f,age_10yrbands_y35_44,edu_isced11_5,2018,1.434
guy,sex_f,age_10yrbands_y35_44,edu_isced11_5,2019,1.524
guy,sex_f,age_10yrbands_y35_44,edu_isced11_6,2018,1.815
guy,sex_f,age_10yrbands_y35_44,edu_isced11_6,2019,2.049
guy,sex_f,age_10yrbands_y35_44,edu_isced11_7,2018,0.153
guy,sex_f,age_10yrbands_y35_44,edu_isced11_7,2019,0.16
guy,sex_f,age_10yrbands_y35_44,edu_isced11_8,2018,0.046
guy,sex_f,age_10yrbands_y35_44,edu_isced11_8,2019,0.044
guy,sex_f,age_10yrbands_y35_44,edu_isced11_9,2018,4.302
guy,sex_f,age_10yrbands_y35_44,edu_isced11_9,2019,4.706
guy,sex_f,age_10yrbands_y35_44,edu_isced11_total,2018,49.195
guy,sex_f,age_10yrbands_y35_44,edu_isced11_total,2019,48.477
guy,sex_f,age_10yrbands_y35_44,edu_isced11_x,2018,0.453
guy,sex_f,age_10yrbands_y35_44,edu_isced11_x,2019,0.232
guy,sex_f,age_10yrbands_y45_54,edu_aggregate_adv,2018,2.15
guy,sex_f,age_10yrbands_y45_54,edu_aggregate_adv,2019,2.205
guy,sex_f,age_10yrbands_y45_54,edu_aggregate_bas,2018,24.717
guy,sex_f,age_10yrbands_y45_54,edu_aggregate_bas,2019,26.512
guy,sex_f,age_10yrbands_y45_54,edu_aggregate_int,2018,7.858
guy,sex_f,age_10yrbands_y45_54,edu_aggregate_int,2019,8.113
guy,sex_f,age_10yrbands_y45_54,edu_aggregate_ltb,2018,5.349
guy,sex_f,age_10yrbands_y45_54,edu_aggregate_ltb,2019,4.791
guy,sex_f,age_10yrbands_y45_54,edu_aggregate_total,2018,43.845
guy,sex_f,age_10yrbands_y45_54,edu_aggregate_total,2019,46.039
guy,sex_f,age_10yrbands_y45_54,edu_aggregate_x,2018,3.771
guy,sex_f,age_10yrbands_y45_54,edu_aggregate_x,2019,4.418
guy,sex_f,age_10yrbands_y45_54,edu_isced11_0,2018,4.798
guy,sex_f,age_10yrbands_y45_54,edu_isced11_0,2019,4.562
guy,sex_f,age_10yrbands_y45_54,edu_isced11_1,2018,5.053
guy,sex_f,age_10yrbands_y45_54,edu_isced11_1,2019,4.665
guy,sex_f,age_10yrbands_y45_54,edu_isced11_2,2018,19.665
guy,sex_f,age_10yrbands_y45_54,edu_isced11_2,2019,21.847
guy,sex_f,age_10yrbands_y45_54,edu_isced11_3,2018,6.327
guy,sex_f,age_10yrbands_y45_54,edu_isced11_3,2019,6.514
guy,sex_f,age_10yrbands_y45_54,edu_isced11_4,2018,1.531
guy,sex_f,age_10yrbands_y45_54,edu_isced11_4,2019,1.599
guy,sex_f,age_10yrbands_y45_54,edu_isced11_5,2018,1.17
guy,sex_f,age_10yrbands_y45_54,edu_isced11_5,2019,1.1
guy,sex_f,age_10yrbands_y45_54,edu_isced11_6,2018,0.88
guy,sex_f,age_10yrbands_y45_54,edu_isced11_6,2019,0.973
guy,sex_f,age_10yrbands_y45_54,edu_isced11_7,2018,0.101
guy,sex_f,age_10yrbands_y45_54,edu_isced11_7,2019,0.132
guy,sex_f,age_10yrbands_y45_54,edu_isced11_9,2018,3.771
guy,sex_f,age_10yrbands_y45_54,edu_isced11_9,2019,4.418
guy,sex_f,age_10yrbands_y45_54,edu_isced11_total,2018,43.845
guy,sex_f,age_10yrbands_y45_54,edu_isced11_total,2019,46.039
guy,sex_f,age_10yrbands_y45_54,edu_isced11_x,2018,0.551
guy,sex_f,age_10yrbands_y45_54,edu_isced11_x,2019,0.229
guy,sex_f,age_10yrbands_y55_64,edu_aggregate_adv,2018,1.478
guy,sex_f,age_10yrbands_y55_64,edu_aggregate_adv,2019,1.807
guy,sex_f,age_10yrbands_y55_64,edu_aggregate_bas,2018,17.843
guy,sex_f,age_10yrbands_y55_64,edu_aggregate_bas,2019,19.224
guy,sex_f,age_10yrbands_y55_64,edu_aggregate_int,2018,5.15
guy,sex_f,age_10yrbands_y55_64,edu_aggregate_int,2019,5.401
guy,sex_f,age_10yrbands_y55_64,edu_aggregate_ltb,2018,6.71
guy,sex_f,age_10yrbands_y55_64,edu_aggregate_ltb,2019,6.433
guy,sex_f,age_10yrbands_y55_64,edu_aggregate_total,2018,33.873
guy,sex_f,age_10yrbands_y55_64,edu_aggregate_total,2019,36.381
guy,sex_f,age_10yrbands_y55_64,edu_aggregate_x,2018,2.693
guy,sex_f,age_10yrbands_y55_64,edu_aggregate_x,2019,3.516
guy,sex_f,age_10yrbands_y55_64,edu_isced11_0,2018,6.27
guy,sex_f,age_10yrbands_y55_64,edu_isced11_0,2019,6.214
guy,sex_f,age_10yrbands_y55_64,edu_isced11_1,2018,5.365
guy,sex_f,age_10yrbands_y55_64,edu_isced11_1,2019,4.57
guy,sex_f,age_10yrbands_y55_64,edu_isced11_2,2018,12.479
guy,sex_f,age_10yrbands_y55_64,edu_isced11_2,2019,14.654
guy,sex_f,age_10yrbands_y55_64,edu_isced11_3,2018,3.878
guy,sex_f,age_10yrbands_y55_64,edu_isced11_3,2019,4.13
guy,sex_f,age_10yrbands_y55_64,edu_isced11_4,2018,1.272
guy,sex_f,age_10yrbands_y55_64,edu_isced11_4,2019,1.271
guy,sex_f,age_10yrbands_y55_64,edu_isced11_5,2018,0.858
guy,sex_f,age_10yrbands_y55_64,edu_isced11_5,2019,0.77
guy,sex_f,age_10yrbands_y55_64,edu_isced11_6,2018,0.569
guy,sex_f,age_10yrbands_y55_64,edu_isced11_6,2019,0.916
guy,sex_f,age_10yrbands_y55_64,edu_isced11_7,2018,0.031
guy,sex_f,age_10yrbands_y55_64,edu_isced11_8,2018,0.021
guy,sex_f,age_10yrbands_y55_64,edu_isced11_9,2018,2.693
guy,sex_f,age_10yrbands_y55_64,edu_isced11_9,2019,3.516
guy,sex_f,age_10yrbands_y55_64,edu_isced11_total,2018,33.873
guy,sex_f,age_10yrbands_y55_64,edu_isced11_total,2019,36.381
guy,sex_f,age_10yrbands_y55_64,edu_isced11_x,2018,0.439
guy,sex_f,age_10yrbands_y55_64,edu_isced11_x,2019,0.219
guy,sex_f,age_10yrbands_yge65,edu_aggregate_adv,2018,0.776
guy,sex_f,age_10yrbands_yge65,edu_aggregate_adv,2019,1.062
guy,sex_f,age_10yrbands_yge65,edu_aggregate_bas,2018,16.011
guy,sex_f,age_10yrbands_yge65,edu_aggregate_bas,2019,16.925
guy,sex_f,age_10yrbands_yge65,edu_aggregate_int,2018,3.051
guy,sex_f,age_10yrbands_yge65,edu_aggregate_int,2019,3.863
guy,sex_f,age_10yrbands_yge65,edu_aggregate_ltb,2018,7.395
guy,sex_f,age_10yrbands_yge65,edu_aggregate_ltb,2019,8.956
guy,sex_f,age_10yrbands_yge65,edu_aggregate_total,2018,29.709
guy,sex_f,age_10yrbands_yge65,edu_aggregate_total,2019,34.112
guy,sex_f,age_10yrbands_yge65,edu_aggregate_x,2018,2.475
guy,sex_f,age_10yrbands_yge65,edu_aggregate_x,2019,3.307
guy,sex_f,age_10yrbands_yge65,edu_isced11_0,2018,6.637
guy,sex_f,age_10yrbands_yge65,edu_isced11_0,2019,8.181
guy,sex_f,age_10yrbands_yge65,edu_isced11_1,2018,8.321
guy,sex_f,age_10yrbands_yge65,edu_isced11_1,2019,7.736
guy,sex_f,age_10yrbands_yge65,edu_isced11_2,2018,7.69
guy,sex_f,age_10yrbands_yge65,edu_isced11_2,2019,9.189
guy,sex_f,age_10yrbands_yge65,edu_isced11_3,2018,1.998
guy,sex_f,age_10yrbands_yge65,edu_isced11_3,2019,2.511
guy,sex_f,age_10yrbands_yge65,edu_isced11_4,2018,1.054
guy,sex_f,age_10yrbands_yge65,edu_isced11_4,2019,1.352
guy,sex_f,age_10yrbands_yge65,edu_isced11_5,2018,0.358
guy,sex_f,age_10yrbands_yge65,edu_isced11_5,2019,0.452
guy,sex_f,age_10yrbands_yge65,edu_isced11_6,2018,0.231
guy,sex_f,age_10yrbands_yge65,edu_isced11_6,2019,0.526
guy,sex_f,age_10yrbands_yge65,edu_isced11_7,2018,0.154
guy,sex_f,age_10yrbands_yge65,edu_isced11_8,2018,0.034
guy,sex_f,age_10yrbands_yge65,edu_isced11_9,2018,2.475
guy,sex_f,age_10yrbands_yge65,edu_isced11_9,2019,3.307
guy,sex_f,age_10yrbands_yge65,edu_isced11_total,2018,29.709
guy,sex_f,age_10yrbands_yge65,edu_isced11_total,2019,34.112
guy,sex_f,age_10yrbands_yge65,edu_isced11_x,2018,0.758
guy,sex_f,age_10yrbands_yge65,edu_isced11_x,2019,0.776
guy,sex_f,age_aggregate_total,edu_aggregate_adv,2018,14.746
guy,sex_f,age_aggregate_total,edu_aggregate_adv,2019,16.023
guy,sex_f,age_aggregate_total,edu_aggregate_bas,2018,130.097
guy,sex_f,age_aggregate_total,edu_aggregate_bas,2019,134.854
guy,sex_f,age_aggregate_total,edu_aggregate_int,2018,84.846
guy,sex_f,age_aggregate_total,edu_aggregate_int,2019,86.73
guy,sex_f,age_aggregate_total,edu_aggregate_ltb,2018,27.68
guy,sex_f,age_aggregate_total,edu_aggregate_ltb,2019,26.011
guy,sex_f,age_aggregate_total,edu_aggregate_total,2018,279.126
guy,sex_f,age_aggregate_total,edu_aggregate_total,2019,290.496
guy,sex_f,age_aggregate_total,edu_aggregate_x,2018,21.757
guy,sex_f,age_aggregate_total,edu_aggregate_x,2019,26.879
guy,sex_f,age_aggregate_total,edu_isced11_0,2018,24.98
guy,sex_f,age_aggregate_total,edu_isced11_0,2019,24.225
guy,sex_f,age_aggregate_total,edu_isced11_1,2018,25.572
guy,sex_f,age_aggregate_total,edu_isced11_1,2019,23.297
guy,sex_f,age_aggregate_total,edu_isced11_2,2018,104.525
guy,sex_f,age_aggregate_total,edu_isced11_2,2019,111.557
guy,sex_f,age_aggregate_total,edu_isced11_3,2018,72.688
guy,sex_f,age_aggregate_total,edu_isced11_3,2019,73.717
guy,sex_f,age_aggregate_total,edu_isced11_4,2018,12.157
guy,sex_f,age_aggregate_total,edu_isced11_4,2019,13.013
guy,sex_f,age_aggregate_total,edu_isced11_5,2018,7.628
guy,sex_f,age_aggregate_total,edu_isced11_5,2019,7.849
guy,sex_f,age_aggregate_total,edu_isced11_6,2018,6.402
guy,sex_f,age_aggregate_total,edu_isced11_6,2019,7.347
guy,sex_f,age_aggregate_total,edu_isced11_7,2018,0.593
guy,sex_f,age_aggregate_total,edu_isced11_7,2019,0.676
guy,sex_f,age_aggregate_total,edu_isced11_8,2018,0.122
guy,sex_f,age_aggregate_total,edu_isced11_8,2019,0.152
guy,sex_f,age_aggregate_total,edu_isced11_9,2018,21.757
guy,sex_f,age_aggregate_total,edu_isced11_9,2019,26.879
guy,sex_f,age_aggregate_total,edu_isced11_total,2018,279.126
guy,sex_f,age_aggregate_total,edu_isced11_total,2019,290.496
guy,sex_f,age_aggregate_total,edu_isced11_x,2018,2.7
guy,sex_f,age_aggregate_total,edu_isced11_x,2019,1.785
guy,sex_f,age_aggregate_y15_24,edu_aggregate_adv,2018,2.536
guy,sex_f,age_aggregate_y15_24,edu_aggregate_adv,2019,2.498
guy,sex_f,age_aggregate_y15_24,edu_aggregate_bas,2018,27.881
guy,sex_f,age_aggregate_y15_24,edu_aggregate_bas,2019,29.333
guy,sex_f,age_aggregate_y15_24,edu_aggregate_int,2018,35.803
guy,sex_f,age_aggregate_y15_24,edu_aggregate_int,2019,34.909
guy,sex_f,age_aggregate_y15_24,edu_aggregate_ltb,2018,1.087
guy,sex_f,age_aggregate_y15_24,edu_aggregate_ltb,2019,0.541
guy,sex_f,age_aggregate_y15_24,edu_aggregate_total,2018,71.884
guy,sex_f,age_aggregate_y15_24,edu_aggregate_total,2019,73.573
guy,sex_f,age_aggregate_y15_24,edu_aggregate_x,2018,4.576
guy,sex_f,age_aggregate_y15_24,edu_aggregate_x,2019,6.293
guy,sex_f,age_aggregate_y15_24,edu_isced11_0,2018,0.795
guy,sex_f,age_aggregate_y15_24,edu_isced11_0,2019,0.358
guy,sex_f,age_aggregate_y15_24,edu_isced11_1,2018,0.99
guy,sex_f,age_aggregate_y15_24,edu_isced11_1,2019,0.861
guy,sex_f,age_aggregate_y15_24,edu_isced11_2,2018,26.891
guy,sex_f,age_aggregate_y15_24,edu_isced11_2,2019,28.472
guy,sex_f,age_aggregate_y15_24,edu_isced11_3,2018,33.183
guy,sex_f,age_aggregate_y15_24,edu_isced11_3,2019,31.842
guy,sex_f,age_aggregate_y15_24,edu_isced11_4,2018,2.62
guy,sex_f,age_aggregate_y15_24,edu_isced11_4,2019,3.067
guy,sex_f,age_aggregate_y15_24,edu_isced11_5,2018,1.501
guy,sex_f,age_aggregate_y15_24,edu_isced11_5,2019,1.62
guy,sex_f,age_aggregate_y15_24,edu_isced11_6,2018,1.036
guy,sex_f,age_aggregate_y15_24,edu_isced11_6,2019,0.848
guy,sex_f,age_aggregate_y15_24,edu_isced11_9,2018,4.576
guy,sex_f,age_aggregate_y15_24,edu_isced11_9,2019,6.293
guy,sex_f,age_aggregate_y15_24,edu_isced11_total,2018,71.884
guy,sex_f,age_aggregate_y15_24,edu_isced11_total,2019,73.573
guy,sex_f,age_aggregate_y15_24,edu_isced11_x,2018,0.292
guy,sex_f,age_aggregate_y15_24,edu_isced11_x,2019,0.184
guy,sex_f,age_aggregate_y25_54,edu_aggregate_adv,2018,9.955
guy,sex_f,age_aggregate_y25_54,edu_aggregate_adv,2019,10.657
guy,sex_f,age_aggregate_y25_54,edu_aggregate_bas,2018,68.362
guy,sex_f,age_aggregate_y25_54,edu_aggregate_bas,2019,69.372
guy,sex_f,age_aggregate_y25_54,edu_aggregate_int,2018,40.841
guy,sex_f,age_aggregate_y25_54,edu_aggregate_int,2019,42.558
guy,sex_f,age_aggregate_y25_54,edu_aggregate_ltb,2018,12.489
guy,sex_f,age_aggregate_y25_54,edu_aggregate_ltb,2019,10.08
guy,sex_f,age_aggregate_y25_54,edu_aggregate_total,2018,143.66
guy,sex_f,age_aggregate_y25_54,edu_aggregate_total,2019,146.429
guy,sex_f,age_aggregate_y25_54,edu_aggregate_x,2018,12.013
guy,sex_f,age_aggregate_y25_54,edu_aggregate_x,2019,13.763
guy,sex_f,age_aggregate_y25_54,edu_isced11_0,2018,11.277
guy,sex_f,age_aggregate_y25_54,edu_isced11_0,2019,9.473
guy,sex_f,age_aggregate_y25_54,edu_isced11_1,2018,10.897
guy,sex_f,age_aggregate_y25_54,edu_isced11_1,2019,10.13
guy,sex_f,age_aggregate_y25_54,edu_isced11_2,2018,57.465
guy,sex_f,age_aggregate_y25_54,edu_isced11_2,2019,59.242
guy,sex_f,age_aggregate_y25_54,edu_isced11_3,2018,33.629
guy,sex_f,age_aggregate_y25_54,edu_isced11_3,2019,35.235
guy,sex_f,age_aggregate_y25_54,edu_isced11_4,2018,7.212
guy,sex_f,age_aggregate_y25_54,edu_isced11_4,2019,7.323
guy,sex_f,age_aggregate_y25_54,edu_isced11_5,2018,4.911
guy,sex_f,age_aggregate_y25_54,edu_isced11_5,2019,5.008
guy,sex_f,age_aggregate_y25_54,edu_isced11_6,2018,4.567
guy,sex_f,age_aggregate_y25_54,edu_isced11_6,2019,5.057
guy,sex_f,age_aggregate_y25_54,edu_isced11_7,2018,0.409
guy,sex_f,age_aggregate_y25_54,edu_isced11_7,2019,0.496
guy,sex_f,age_aggregate_y25_54,edu_isced11_8,2018,0.068
guy,sex_f,age_aggregate_y25_54,edu_isced11_8,2019,0.097
guy,sex_f,age_aggregate_y25_54,edu_isced11_9,2018,12.013
guy,sex_f,age_aggregate_y25_54,edu_isced11_9,2019,13.763
guy,sex_f,age_aggregate_y25_54,edu_isced11_total,2018,143.66
guy,sex_f,age_aggregate_y25_54,edu_isced11_total,2019,146.429
guy,sex_f,age_aggregate_y25_54,edu_isced11_x,2018,1.211
guy,sex_f,age_aggregate_y25_54,edu_isced11_x,2019,0.607
guy,sex_f,age_aggregate_y55_64,edu_aggregate_adv,2018,1.478
guy,sex_f,age_aggregate_y55_64,edu_aggregate_adv,2019,1.807
guy,sex_f,age_aggregate_y55_64,edu_aggregate_bas,2018,17.843
guy,sex_f,age_aggregate_y55_64,edu_aggregate_bas,2019,19.224
guy,sex_f,age_aggregate_y55_64,edu_aggregate_int,2018,5.15
guy,sex_f,age_aggregate_y55_64,edu_aggregate_int,2019,5.401
guy,sex_f,age_aggregate_y55_64,edu_aggregate_ltb,2018,6.71
guy,sex_f,age_aggregate_y55_64,edu_aggregate_ltb,2019,6.433
guy,sex_f,age_aggregate_y55_64,edu_aggregate_total,2018,33.873
guy,sex_f,age_aggregate_y55_64,edu_aggregate_total,2019,36.381
guy,sex_f,age_aggregate_y55_64,edu_aggregate_x,2018,2.693
guy,sex_f,age_aggregate_y55_64,edu_aggregate_x,2019,3.516
guy,sex_f,age_aggregate_y55_64,edu_isced11_0,2018,6.27
guy,sex_f,age_aggregate_y55_64,edu_isced11_0,2019,6.214
guy,sex_f,age_aggregate_y55_64,edu_isced11_1,2018,5.365
guy,sex_f,age_aggregate_y55_64,edu_isced11_1,2019,4.57
guy,sex_f,age_aggregate_y55_64,edu_isced11_2,2018,12.479
guy,sex_f,age_aggregate_y55_64,edu_isced11_2,2019,14.654
guy,sex_f,age_aggregate_y55_64,edu_isced11_3,2018,3.878
guy,sex_f,age_aggregate_y55_64,edu_isced11_3,2019,4.13
guy,sex_f,age_aggregate_y55_64,edu_isced11_4,2018,1.272
guy,sex_f,age_aggregate_y55_64,edu_isced11_4,2019,1.271
guy,sex_f,age_aggregate_y55_64,edu_isced11_5,2018,0.858
guy,sex_f,age_aggregate_y55_64,edu_isced11_5,2019,0.77
guy,sex_f,age_aggregate_y55_64,edu_isced11_6,2018,0.569
guy,sex_f,age_aggregate_y55_64,edu_isced11_6,2019,0.916
guy,sex_f,age_aggregate_y55_64,edu_isced11_7,2018,0.031
guy,sex_f,age_aggregate_y55_64,edu_isced11_8,2018,0.021
guy,sex_f,age_aggregate_y55_64,edu_isced11_9,2018,2.693
guy,sex_f,age_aggregate_y55_64,edu_isced11_9,2019,3.516
guy,sex_f,age_aggregate_y55_64,edu_isced11_total,2018,33.873
guy,sex_f,age_aggregate_y55_64,edu_isced11_total,2019,36.381
guy,sex_f,age_aggregate_y55_64,edu_isced11_x,2018,0.439
guy,sex_f,age_aggregate_y55_64,edu_isced11_x,2019,0.219
guy,sex_f,age_aggregate_yge65,edu_aggregate_adv,2018,0.776
guy,sex_f,age_aggregate_yge65,edu_aggregate_adv,2019,1.062
guy,sex_f,age_aggregate_yge65,edu_aggregate_bas,2018,16.011
guy,sex_f,age_aggregate_yge65,edu_aggregate_bas,2019,16.925
guy,sex_f,age_aggregate_yge65,edu_aggregate_int,2018,3.051
guy,sex_f,age_aggregate_yge65,edu_aggregate_int,2019,3.863
guy,sex_f,age_aggregate_yge65,edu_aggregate_ltb,2018,7.395
guy,sex_f,age_aggregate_yge65,edu_aggregate_ltb,2019,8.956
guy,sex_f,age_aggregate_yge65,edu_aggregate_total,2018,29.709
guy,sex_f,age_aggregate_yge65,edu_aggregate_total,2019,34.112
guy,sex_f,age_aggregate_yge65,edu_aggregate_x,2018,2.475
guy,sex_f,age_aggregate_yge65,edu_aggregate_x,2019,3.307
guy,sex_f,age_aggregate_yge65,edu_isced11_0,2018,6.637
guy,sex_f,age_aggregate_yge65,edu_isced11_0,2019,8.181
guy,sex_f,age_aggregate_yge65,edu_isced11_1,2018,8.321
guy,sex_f,age_aggregate_yge65,edu_isced11_1,2019,7.736
guy,sex_f,age_aggregate_yge65,edu_isced11_2,2018,7.69
guy,sex_f,age_aggregate_yge65,edu_isced11_2,2019,9.189
guy,sex_f,age_aggregate_yge65,edu_isced11_3,2018,1.998
guy,sex_f,age_aggregate_yge65,edu_isced11_3,2019,2.511
guy,sex_f,age_aggregate_yge65,edu_isced11_4,2018,1.054
guy,sex_f,age_aggregate_yge65,edu_isced11_4,2019,1.352
guy,sex_f,age_aggregate_yge65,edu_isced11_5,2018,0.358
guy,sex_f,age_aggregate_yge65,edu_isced11_5,2019,0.452
guy,sex_f,age_aggregate_yge65,edu_isced11_6,2018,0.231
guy,sex_f,age_aggregate_yge65,edu_isced11_6,2019,0.526
guy,sex_f,age_aggregate_yge65,edu_isced11_7,2018,0.154
guy,sex_f,age_aggregate_yge65,edu_isced11_8,2018,0.034
guy,sex_f,age_aggregate_yge65,edu_isced11_9,2018,2.475
guy,sex_f,age_aggregate_yge65,edu_isced11_9,2019,3.307
guy,sex_f,age_aggregate_yge65,edu_isced11_total,2018,29.709
guy,sex_f,age_aggregate_yge65,edu_isced11_total,2019,34.112
guy,sex_f,age_aggregate_yge65,edu_isced11_x,2018,0.758
guy,sex_f,age_aggregate_yge65,edu_isced11_x,2019,0.776
guy,sex_f,age_ythadult_y15_24,edu_aggregate_adv,2018,2.536
guy,sex_f,age_ythadult_y15_24,edu_aggregate_adv,2019,2.498
guy,sex_f,age_ythadult_y15_24,edu_aggregate_bas,2018,27.881
guy,sex_f,age_ythadult_y15_24,edu_aggregate_bas,2019,29.333
guy,sex_f,age_ythadult_y15_24,edu_aggregate_int,2018,35.803
guy,sex_f,age_ythadult_y15_24,edu_aggregate_int,2019,34.909
guy,sex_f,age_ythadult_y15_24,edu_aggregate_ltb,2018,1.087
guy,sex_f,age_ythadult_y15_24,edu_aggregate_ltb,2019,0.541
guy,sex_f,age_ythadult_y15_24,edu_aggregate_total,2018,71.884
guy,sex_f,age_ythadult_y15_24,edu_aggregate_total,2019,73.573
guy,sex_f,age_ythadult_y15_24,edu_aggregate_x,2018,4.576
guy,sex_f,age_ythadult_y15_24,edu_aggregate_x,2019,6.293
guy,sex_f,age_ythadult_y15_24,edu_isced11_0,2018,0.795
guy,sex_f,age_ythadult_y15_24,edu_isced11_0,2019,0.358
guy,sex_f,age_ythadult_y15_24,edu_isced11_1,2018,0.99
guy,sex_f,age_ythadult_y15_24,edu_isced11_1,2019,0.861
guy,sex_f,age_ythadult_y15_24,edu_isced11_2,2018,26.891
guy,sex_f,age_ythadult_y15_24,edu_isced11_2,2019,28.472
guy,sex_f,age_ythadult_y15_24,edu_isced11_3,2018,33.183
guy,sex_f,age_ythadult_y15_24,edu_isced11_3,2019,31.842
guy,sex_f,age_ythadult_y15_24,edu_isced11_4,2018,2.62
guy,sex_f,age_ythadult_y15_24,edu_isced11_4,2019,3.067
guy,sex_f,age_ythadult_y15_24,edu_isced11_5,2018,1.501
guy,sex_f,age_ythadult_y15_24,edu_isced11_5,2019,1.62
guy,sex_f,age_ythadult_y15_24,edu_isced11_6,2018,1.036
guy,sex_f,age_ythadult_y15_24,edu_isced11_6,2019,0.848
guy,sex_f,age_ythadult_y15_24,edu_isced11_9,2018,4.576
guy,sex_f,age_ythadult_y15_24,edu_isced11_9,2019,6.293
guy,sex_f,age_ythadult_y15_24,edu_isced11_total,2018,71.884
guy,sex_f,age_ythadult_y15_24,edu_isced11_total,2019,73.573
guy,sex_f,age_ythadult_y15_24,edu_isced11_x,2018,0.292
guy,sex_f,age_ythadult_y15_24,edu_isced11_x,2019,0.184
guy,sex_f,age_ythadult_y15_64,edu_aggregate_adv,2018,13.97
guy,sex_f,age_ythadult_y15_64,edu_aggregate_adv,2019,14.961
guy,sex_f,age_ythadult_y15_64,edu_aggregate_bas,2018,114.086
guy,sex_f,age_ythadult_y15_64,edu_aggregate_bas,2019,117.928
guy,sex_f,age_ythadult_y15_64,edu_aggregate_int,2018,81.794
guy,sex_f,age_ythadult_y15_64,edu_aggregate_int,2019,82.868
guy,sex_f,age_ythadult_y15_64,edu_aggregate_ltb,2018,20.286
guy,sex_f,age_ythadult_y15_64,edu_aggregate_ltb,2019,17.055
guy,sex_f,age_ythadult_y15_64,edu_aggregate_total,2018,249.417
guy,sex_f,age_ythadult_y15_64,edu_aggregate_total,2019,256.384
guy,sex_f,age_ythadult_y15_64,edu_aggregate_x,2018,19.282
guy,sex_f,age_ythadult_y15_64,edu_aggregate_x,2019,23.572
guy,sex_f,age_ythadult_y15_64,edu_isced11_0,2018,18.343
guy,sex_f,age_ythadult_y15_64,edu_isced11_0,2019,16.045
guy,sex_f,age_ythadult_y15_64,edu_isced11_1,2018,17.251
guy,sex_f,age_ythadult_y15_64,edu_isced11_1,2019,15.561
guy,sex_f,age_ythadult_y15_64,edu_isced11_2,2018,96.835
guy,sex_f,age_ythadult_y15_64,edu_isced11_2,2019,102.368
guy,sex_f,age_ythadult_y15_64,edu_isced11_3,2018,70.691
guy,sex_f,age_ythadult_y15_64,edu_isced11_3,2019,71.207
guy,sex_f,age_ythadult_y15_64,edu_isced11_4,2018,11.104
guy,sex_f,age_ythadult_y15_64,edu_isced11_4,2019,11.661
guy,sex_f,age_ythadult_y15_64,edu_isced11_5,2018,7.27
guy,sex_f,age_ythadult_y15_64,edu_isced11_5,2019,7.397
guy,sex_f,age_ythadult_y15_64,edu_isced11_6,2018,6.171
guy,sex_f,age_ythadult_y15_64,edu_isced11_6,2019,6.821
guy,sex_f,age_ythadult_y15_64,edu_isced11_8,2019,0.152
guy,sex_f,age_ythadult_y15_64,edu_isced11_9,2018,19.282
guy,sex_f,age_ythadult_y15_64,edu_isced11_9,2019,23.572
guy,sex_f,age_ythadult_y15_64,edu_isced11_total,2018,249.417
guy,sex_f,age_ythadult_y15_64,edu_isced11_total,2019,256.384
guy,sex_f,age_ythadult_y15_64,edu_isced11_x,2018,1.943
guy,sex_f,age_ythadult_y15_64,edu_isced11_x,2019,1.01
guy,sex_f,age_ythadult_yge15,edu_aggregate_adv,2018,14.746
guy,sex_f,age_ythadult_yge15,edu_aggregate_adv,2019,16.023
guy,sex_f,age_ythadult_yge15,edu_aggregate_bas,2018,130.097
guy,sex_f,age_ythadult_yge15,edu_aggregate_bas,2019,134.854
guy,sex_f,age_ythadult_yge15,edu_aggregate_int,2018,84.846
guy,sex_f,age_ythadult_yge15,edu_aggregate_int,2019,86.73
guy,sex_f,age_ythadult_yge15,edu_aggregate_ltb,2018,27.68
guy,sex_f,age_ythadult_yge15,edu_aggregate_ltb,2019,26.011
guy,sex_f,age_ythadult_yge15,edu_aggregate_total,2018,279.126
guy,sex_f,age_ythadult_yge15,edu_aggregate_total,2019,290.496
guy,sex_f,age_ythadult_yge15,edu_aggregate_x,2018,21.757
guy,sex_f,age_ythadult_yge15,edu_aggregate_x,2019,26.879
guy,sex_f,age_ythadult_yge15,edu_isced11_0,2018,24.98
guy,sex_f,age_ythadult_yge15,edu_isced11_0,2019,24.225
guy,sex_f,age_ythadult_yge15,edu_isced11_1,2018,25.572
guy,sex_f,age_ythadult_yge15,edu_isced11_1,2019,23.297
guy,sex_f,age_ythadult_yge15,edu_isced11_2,2018,104.525
guy,sex_f,age_ythadult_yge15,edu_isced11_2,2019,111.557
guy,sex_f,age_ythadult_yge15,edu_isced11_3,2018,72.688
guy,sex_f,age_ythadult_yge15,edu_isced11_3,2019,73.717
guy,sex_f,age_ythadult_yge15,edu_isced11_4,2018,12.157
guy,sex_f,age_ythadult_yge15,edu_isced11_4,2019,13.013
guy,sex_f,age_ythadult_yge15,edu_isced11_5,2018,7.628
guy,sex_f,age_ythadult_yge15,edu_isced11_5,2019,7.849
guy,sex_f,age_ythadult_yge15,edu_isced11_6,2018,6.402
guy,sex_f,age_ythadult_yge15,edu_isced11_6,2019,7.347
guy,sex_f,age_ythadult_yge15,edu_isced11_7,2018,0.593
guy,sex_f,age_ythadult_yge15,edu_isced11_7,2019,0.676
guy,sex_f,age_ythadult_yge15,edu_isced11_8,2018,0.122
guy,sex_f,age_ythadult_yge15,edu_isced11_8,2019,0.152
guy,sex_f,age_ythadult_yge15,edu_isced11_9,2018,21.757
guy,sex_f,age_ythadult_yge15,edu_isced11_9,2019,26.879
guy,sex_f,age_ythadult_yge15,edu_isced11_total,2018,279.126
guy,sex_f,age_ythadult_yge15,edu_isced11_total,2019,290.496
guy,sex_f,age_ythadult_yge15,edu_isced11_x,2018,2.7
guy,sex_f,age_ythadult_yge15,edu_isced11_x,2019,1.785
guy,sex_f,age_ythadult_yge25,edu_aggregate_adv,2018,12.21
guy,sex_f,age_ythadult_yge25,edu_aggregate_adv,2019,13.525
guy,sex_f,age_ythadult_yge25,edu_aggregate_bas,2018,102.216
guy,sex_f,age_ythadult_yge25,edu_aggregate_bas,2019,105.521
guy,sex_f,age_ythadult_yge25,edu_aggregate_int,2018,49.042
guy,sex_f,age_ythadult_yge25,edu_aggregate_int,2019,51.822
guy,sex_f,age_ythadult_yge25,edu_aggregate_ltb,2018,26.593
guy,sex_f,age_ythadult_yge25,edu_aggregate_ltb,2019,25.47
guy,sex_f,age_ythadult_yge25,edu_aggregate_total,2018,207.242
guy,sex_f,age_ythadult_yge25,edu_aggregate_total,2019,216.923
guy,sex_f,age_ythadult_yge25,edu_aggregate_x,2018,17.181
guy,sex_f,age_ythadult_yge25,edu_aggregate_x,2019,20.586
guy,sex_f,age_ythadult_yge25,edu_isced11_0,2018,24.185
guy,sex_f,age_ythadult_yge25,edu_isced11_0,2019,23.868
guy,sex_f,age_ythadult_yge25,edu_isced11_1,2018,24.582
guy,sex_f,age_ythadult_yge25,edu_isced11_1,2019,22.436
guy,sex_f,age_ythadult_yge25,edu_isced11_2,2018,77.634
guy,sex_f,age_ythadult_yge25,edu_isced11_2,2019,83.085
guy,sex_f,age_ythadult_yge25,edu_isced11_3,2018,39.505
guy,sex_f,age_ythadult_yge25,edu_isced11_3,2019,41.876
guy,sex_f,age_ythadult_yge25,edu_isced11_4,2018,9.537
guy,sex_f,age_ythadult_yge25,edu_isced11_4,2019,9.946
guy,sex_f,age_ythadult_yge25,edu_isced11_5,2018,6.127
guy,sex_f,age_ythadult_yge25,edu_isced11_5,2019,6.229
guy,sex_f,age_ythadult_yge25,edu_isced11_6,2018,5.367
guy,sex_f,age_ythadult_yge25,edu_isced11_6,2019,6.499
guy,sex_f,age_ythadult_yge25,edu_isced11_7,2018,0.593
guy,sex_f,age_ythadult_yge25,edu_isced11_7,2019,0.676
guy,sex_f,age_ythadult_yge25,edu_isced11_8,2018,0.122
guy,sex_f,age_ythadult_yge25,edu_isced11_8,2019,0.122
guy,sex_f,age_ythadult_yge25,edu_isced11_9,2018,17.181
guy,sex_f,age_ythadult_yge25,edu_isced11_9,2019,20.586
guy,sex_f,age_ythadult_yge25,edu_isced11_total,2018,207.242
guy,sex_f,age_ythadult_yge25,edu_isced11_total,2019,216.923
guy,sex_f,age_ythadult_yge25,edu_isced11_x,2018,2.409
guy,sex_f,age_ythadult_yge25,edu_isced11_x,2019,1.602
guy,sex_m,age_10yrbands_total,edu_aggregate_adv,2018,9.883
guy,sex_m,age_10yrbands_total,edu_aggregate_adv,2019,9.73
guy,sex_m,age_10yrbands_total,edu_aggregate_bas,2018,127.06
guy,sex_m,age_10yrbands_total,edu_aggregate_bas,2019,131.122
guy,sex_m,age_10yrbands_total,edu_aggregate_int,2018,66.616
guy,sex_m,age_10yrbands_total,edu_aggregate_int,2019,64.343
guy,sex_m,age_10yrbands_total,edu_aggregate_ltb,2018,29.515
guy,sex_m,age_10yrbands_total,edu_aggregate_ltb,2019,25.347
guy,sex_m,age_10yrbands_total,edu_aggregate_total,2018,261.585
guy,sex_m,age_10yrbands_total,edu_aggregate_total,2019,266.273
guy,sex_m,age_10yrbands_total,edu_aggregate_x,2018,28.512
guy,sex_m,age_10yrbands_total,edu_aggregate_x,2019,35.731
guy,sex_m,age_10yrbands_total,edu_isced11_0,2018,27.055
guy,sex_m,age_10yrbands_total,edu_isced11_0,2019,23.84
guy,sex_m,age_10yrbands_total,edu_isced11_1,2018,22.178
guy,sex_m,age_10yrbands_total,edu_isced11_1,2019,21.924
guy,sex_m,age_10yrbands_total,edu_isced11_2,2018,104.882
guy,sex_m,age_10yrbands_total,edu_isced11_2,2019,109.198
guy,sex_m,age_10yrbands_total,edu_isced11_3,2018,52.724
guy,sex_m,age_10yrbands_total,edu_isced11_3,2019,51.803
guy,sex_m,age_10yrbands_total,edu_isced11_4,2018,13.891
guy,sex_m,age_10yrbands_total,edu_isced11_4,2019,12.54
guy,sex_m,age_10yrbands_total,edu_isced11_5,2018,4.493
guy,sex_m,age_10yrbands_total,edu_isced11_5,2019,4.471
guy,sex_m,age_10yrbands_total,edu_isced11_6,2018,4.188
guy,sex_m,age_10yrbands_total,edu_isced11_6,2019,4.408
guy,sex_m,age_10yrbands_total,edu_isced11_7,2018,0.996
guy,sex_m,age_10yrbands_total,edu_isced11_7,2019,0.688
guy,sex_m,age_10yrbands_total,edu_isced11_8,2018,0.206
guy,sex_m,age_10yrbands_total,edu_isced11_8,2019,0.163
guy,sex_m,age_10yrbands_total,edu_isced11_9,2018,28.512
guy,sex_m,age_10yrbands_total,edu_isced11_9,2019,35.731
guy,sex_m,age_10yrbands_total,edu_isced11_total,2018,261.585
guy,sex_m,age_10yrbands_total,edu_isced11_total,2019,266.273
guy,sex_m,age_10yrbands_total,edu_isced11_x,2018,2.46
guy,sex_m,age_10yrbands_total,edu_isced11_x,2019,1.507
guy,sex_m,age_10yrbands_y15_24,edu_aggregate_adv,2018,1.358
guy,sex_m,age_10yrbands_y15_24,edu_aggregate_adv,2019,1.225
guy,sex_m,age_10yrbands_y15_24,edu_aggregate_bas,2018,35.603
guy,sex_m,age_10yrbands_y15_24,edu_aggregate_bas,2019,33.94
guy,sex_m,age_10yrbands_y15_24,edu_aggregate_int,2018,25.786
guy,sex_m,age_10yrbands_y15_24,edu_aggregate_int,2019,24.716
guy,sex_m,age_10yrbands_y15_24,edu_aggregate_ltb,2018,1.618
guy,sex_m,age_10yrbands_y15_24,edu_aggregate_ltb,2019,1.129
guy,sex_m,age_10yrbands_y15_24,edu_aggregate_total,2018,71.793
guy,sex_m,age_10yrbands_y15_24,edu_aggregate_total,2019,70.582
guy,sex_m,age_10yrbands_y15_24,edu_aggregate_x,2018,7.428
guy,sex_m,age_10yrbands_y15_24,edu_aggregate_x,2019,9.572
guy,sex_m,age_10yrbands_y15_24,edu_isced11_0,2018,1.433
guy,sex_m,age_10yrbands_y15_24,edu_isced11_0,2019,0.95
guy,sex_m,age_10yrbands_y15_24,edu_isced11_1,2018,1.32
guy,sex_m,age_10yrbands_y15_24,edu_isced11_1,2019,1.085
guy,sex_m,age_10yrbands_y15_24,edu_isced11_2,2018,34.283
guy,sex_m,age_10yrbands_y15_24,edu_isced11_2,2019,32.855
guy,sex_m,age_10yrbands_y15_24,edu_isced11_3,2018,22.071
guy,sex_m,age_10yrbands_y15_24,edu_isced11_3,2019,21.657
guy,sex_m,age_10yrbands_y15_24,edu_isced11_4,2018,3.716
guy,sex_m,age_10yrbands_y15_24,edu_isced11_4,2019,3.059
guy,sex_m,age_10yrbands_y15_24,edu_isced11_5,2018,0.801
guy,sex_m,age_10yrbands_y15_24,edu_isced11_5,2019,0.755
guy,sex_m,age_10yrbands_y15_24,edu_isced11_6,2018,0.523
guy,sex_m,age_10yrbands_y15_24,edu_isced11_6,2019,0.47
guy,sex_m,age_10yrbands_y15_24,edu_isced11_7,2018,0.027
guy,sex_m,age_10yrbands_y15_24,edu_isced11_8,2018,0.008
guy,sex_m,age_10yrbands_y15_24,edu_isced11_9,2018,7.428
guy,sex_m,age_10yrbands_y15_24,edu_isced11_9,2019,9.572
guy,sex_m,age_10yrbands_y15_24,edu_isced11_total,2018,71.793
guy,sex_m,age_10yrbands_y15_24,edu_isced11_total,2019,70.582
guy,sex_m,age_10yrbands_y15_24,edu_isced11_x,2018,0.185
guy,sex_m,age_10yrbands_y15_24,edu_isced11_x,2019,0.179
guy,sex_m,age_10yrbands_y25_34,edu_aggregate_adv,2018,2.506
guy,sex_m,age_10yrbands_y25_34,edu_aggregate_adv,2019,2.503
guy,sex_m,age_10yrbands_y25_34,edu_aggregate_bas,2018,20.061
guy,sex_m,age_10yrbands_y25_34,edu_aggregate_bas,2019,21.644
guy,sex_m,age_10yrbands_y25_34,edu_aggregate_int,2018,16.488
guy,sex_m,age_10yrbands_y25_34,edu_aggregate_int,2019,15.926
guy,sex_m,age_10yrbands_y25_34,edu_aggregate_ltb,2018,3.189
guy,sex_m,age_10yrbands_y25_34,edu_aggregate_ltb,2019,2.397
guy,sex_m,age_10yrbands_y25_34,edu_aggregate_total,2018,48.361
guy,sex_m,age_10yrbands_y25_34,edu_aggregate_total,2019,49.759
guy,sex_m,age_10yrbands_y25_34,edu_aggregate_x,2018,6.117
guy,sex_m,age_10yrbands_y25_34,edu_aggregate_x,2019,7.29
guy,sex_m,age_10yrbands_y25_34,edu_isced11_0,2018,2.885
guy,sex_m,age_10yrbands_y25_34,edu_isced11_0,2019,2.222
guy,sex_m,age_10yrbands_y25_34,edu_isced11_1,2018,2.002
guy,sex_m,age_10yrbands_y25_34,edu_isced11_1,2019,2.273
guy,sex_m,age_10yrbands_y25_34,edu_isced11_2,2018,18.06
guy,sex_m,age_10yrbands_y25_34,edu_isced11_2,2019,19.371
guy,sex_m,age_10yrbands_y25_34,edu_isced11_3,2018,12.852
guy,sex_m,age_10yrbands_y25_34,edu_isced11_3,2019,12.788
guy,sex_m,age_10yrbands_y25_34,edu_isced11_4,2018,3.637
guy,sex_m,age_10yrbands_y25_34,edu_isced11_4,2019,3.138
guy,sex_m,age_10yrbands_y25_34,edu_isced11_5,2018,1.022
guy,sex_m,age_10yrbands_y25_34,edu_isced11_5,2019,1.086
guy,sex_m,age_10yrbands_y25_34,edu_isced11_6,2018,1.288
guy,sex_m,age_10yrbands_y25_34,edu_isced11_6,2019,1.17
guy,sex_m,age_10yrbands_y25_34,edu_isced11_7,2018,0.129
guy,sex_m,age_10yrbands_y25_34,edu_isced11_7,2019,0.157
guy,sex_m,age_10yrbands_y25_34,edu_isced11_8,2018,0.066
guy,sex_m,age_10yrbands_y25_34,edu_isced11_8,2019,0.09
guy,sex_m,age_10yrbands_y25_34,edu_isced11_9,2018,6.117
guy,sex_m,age_10yrbands_y25_34,edu_isced11_9,2019,7.29
guy,sex_m,age_10yrbands_y25_34,edu_isced11_total,2018,48.361
guy,sex_m,age_10yrbands_y25_34,edu_isced11_total,2019,49.759
guy,sex_m,age_10yrbands_y25_34,edu_isced11_x,2018,0.305
guy,sex_m,age_10yrbands_y25_34,edu_isced11_x,2019,0.174
guy,sex_m,age_10yrbands_y35_44,edu_aggregate_adv,2018,1.893
guy,sex_m,age_10yrbands_y35_44,edu_aggregate_adv,2019,2.398
guy,sex_m,age_10yrbands_y35_44,edu_aggregate_bas,2018,21.66
guy,sex_m,age_10yrbands_y35_44,edu_aggregate_bas,2019,20.641
guy,sex_m,age_10yrbands_y35_44,edu_aggregate_int,2018,9.83
guy,sex_m,age_10yrbands_y35_44,edu_aggregate_int,2019,8.965
guy,sex_m,age_10yrbands_y35_44,edu_aggregate_ltb,2018,5.402
guy,sex_m,age_10yrbands_y35_44,edu_aggregate_ltb,2019,4.661
guy,sex_m,age_10yrbands_y35_44,edu_aggregate_total,2018,44.113
guy,sex_m,age_10yrbands_y35_44,edu_aggregate_total,2019,43.111
guy,sex_m,age_10yrbands_y35_44,edu_aggregate_x,2018,5.328
guy,sex_m,age_10yrbands_y35_44,edu_aggregate_x,2019,6.447
guy,sex_m,age_10yrbands_y35_44,edu_isced11_0,2018,4.953
guy,sex_m,age_10yrbands_y35_44,edu_isced11_0,2019,4.401
guy,sex_m,age_10yrbands_y35_44,edu_isced11_1,2018,3.731
guy,sex_m,age_10yrbands_y35_44,edu_isced11_1,2019,3.238
guy,sex_m,age_10yrbands_y35_44,edu_isced11_2,2018,17.929
guy,sex_m,age_10yrbands_y35_44,edu_isced11_2,2019,17.403
guy,sex_m,age_10yrbands_y35_44,edu_isced11_3,2018,7.096
guy,sex_m,age_10yrbands_y35_44,edu_isced11_3,2019,6.372
guy,sex_m,age_10yrbands_y35_44,edu_isced11_4,2018,2.734
guy,sex_m,age_10yrbands_y35_44,edu_isced11_4,2019,2.592
guy,sex_m,age_10yrbands_y35_44,edu_isced11_5,2018,0.854
guy,sex_m,age_10yrbands_y35_44,edu_isced11_5,2019,0.899
guy,sex_m,age_10yrbands_y35_44,edu_isced11_6,2018,0.834
guy,sex_m,age_10yrbands_y35_44,edu_isced11_6,2019,1.326
guy,sex_m,age_10yrbands_y35_44,edu_isced11_7,2018,0.206
guy,sex_m,age_10yrbands_y35_44,edu_isced11_7,2019,0.14
guy,sex_m,age_10yrbands_y35_44,edu_isced11_9,2018,5.328
guy,sex_m,age_10yrbands_y35_44,edu_isced11_9,2019,6.447
guy,sex_m,age_10yrbands_y35_44,edu_isced11_total,2018,44.113
guy,sex_m,age_10yrbands_y35_44,edu_isced11_total,2019,43.111
guy,sex_m,age_10yrbands_y35_44,edu_isced11_x,2018,0.449
guy,sex_m,age_10yrbands_y35_44,edu_isced11_x,2019,0.26
guy,sex_m,age_10yrbands_y45_54,edu_aggregate_adv,2018,1.347
guy,sex_m,age_10yrbands_y45_54,edu_aggregate_adv,2019,1.166
guy,sex_m,age_10yrbands_y45_54,edu_aggregate_bas,2018,23.174
guy,sex_m,age_10yrbands_y45_54,edu_aggregate_bas,2019,24.829
guy,sex_m,age_10yrbands_y45_54,edu_aggregate_int,2018,6.645
guy,sex_m,age_10yrbands_y45_54,edu_aggregate_int,2019,6.843
guy,sex_m,age_10yrbands_y45_54,edu_aggregate_ltb,2018,6.922
guy,sex_m,age_10yrbands_y45_54,edu_aggregate_ltb,2019,5.31
guy,sex_m,age_10yrbands_y45_54,edu_aggregate_total,2018,42.644
guy,sex_m,age_10yrbands_y45_54,edu_aggregate_total,2019,44.122
guy,sex_m,age_10yrbands_y45_54,edu_aggregate_x,2018,4.557
guy,sex_m,age_10yrbands_y45_54,edu_aggregate_x,2019,5.974
guy,sex_m,age_10yrbands_y45_54,edu_isced11_0,2018,6.482
guy,sex_m,age_10yrbands_y45_54,edu_isced11_0,2019,5.134
guy,sex_m,age_10yrbands_y45_54,edu_isced11_1,2018,4.629
guy,sex_m,age_10yrbands_y45_54,edu_isced11_1,2019,5.24
guy,sex_m,age_10yrbands_y45_54,edu_isced11_2,2018,18.545
guy,sex_m,age_10yrbands_y45_54,edu_isced11_2,2019,19.589
guy,sex_m,age_10yrbands_y45_54,edu_isced11_3,2018,5.249
guy,sex_m,age_10yrbands_y45_54,edu_isced11_3,2019,5.376
guy,sex_m,age_10yrbands_y45_54,edu_isced11_4,2018,1.395
guy,sex_m,age_10yrbands_y45_54,edu_isced11_4,2019,1.466
guy,sex_m,age_10yrbands_y45_54,edu_isced11_5,2018,0.553
guy,sex_m,age_10yrbands_y45_54,edu_isced11_5,2019,0.529
guy,sex_m,age_10yrbands_y45_54,edu_isced11_6,2018,0.527
guy,sex_m,age_10yrbands_y45_54,edu_isced11_6,2019,0.562
guy,sex_m,age_10yrbands_y45_54,edu_isced11_7,2018,0.204
guy,sex_m,age_10yrbands_y45_54,edu_isced11_8,2018,0.063
guy,sex_m,age_10yrbands_y45_54,edu_isced11_9,2018,4.557
guy,sex_m,age_10yrbands_y45_54,edu_isced11_9,2019,5.974
guy,sex_m,age_10yrbands_y45_54,edu_isced11_total,2018,42.644
guy,sex_m,age_10yrbands_y45_54,edu_isced11_total,2019,44.122
guy,sex_m,age_10yrbands_y45_54,edu_isced11_x,2018,0.439
guy,sex_m,age_10yrbands_y45_54,edu_isced11_x,2019,0.176
guy,sex_m,age_10yrbands_y55_64,edu_aggregate_adv,2018,1.334
guy,sex_m,age_10yrbands_y55_64,edu_aggregate_adv,2019,1.276
guy,sex_m,age_10yrbands_y55_64,edu_aggregate_bas,2018,14.542
guy,sex_m,age_10yrbands_y55_64,edu_aggregate_bas,2019,16.915
guy,sex_m,age_10yrbands_y55_64,edu_aggregate_int,2018,4.669
guy,sex_m,age_10yrbands_y55_64,edu_aggregate_int,2019,4.879
guy,sex_m,age_10yrbands_y55_64,edu_aggregate_ltb,2018,6.631
guy,sex_m,age_10yrbands_y55_64,edu_aggregate_ltb,2019,5.774
guy,sex_m,age_10yrbands_y55_64,edu_aggregate_total,2018,30.303
guy,sex_m,age_10yrbands_y55_64,edu_aggregate_total,2019,32.514
guy,sex_m,age_10yrbands_y55_64,edu_aggregate_x,2018,3.128
guy,sex_m,age_10yrbands_y55_64,edu_aggregate_x,2019,3.669
guy,sex_m,age_10yrbands_y55_64,edu_isced11_0,2018,6.038
guy,sex_m,age_10yrbands_y55_64,edu_isced11_0,2019,5.644
guy,sex_m,age_10yrbands_y55_64,edu_isced11_1,2018,4.552
guy,sex_m,age_10yrbands_y55_64,edu_isced11_1,2019,4.155
guy,sex_m,age_10yrbands_y55_64,edu_isced11_2,2018,9.991
guy,sex_m,age_10yrbands_y55_64,edu_isced11_2,2019,12.76
guy,sex_m,age_10yrbands_y55_64,edu_isced11_3,2018,3.302
guy,sex_m,age_10yrbands_y55_64,edu_isced11_3,2019,3.79
guy,sex_m,age_10yrbands_y55_64,edu_isced11_4,2018,1.366
guy,sex_m,age_10yrbands_y55_64,edu_isced11_4,2019,1.09
guy,sex_m,age_10yrbands_y55_64,edu_isced11_5,2018,0.562
guy,sex_m,age_10yrbands_y55_64,edu_isced11_5,2019,0.697
guy,sex_m,age_10yrbands_y55_64,edu_isced11_6,2018,0.455
guy,sex_m,age_10yrbands_y55_64,edu_isced11_6,2019,0.383
guy,sex_m,age_10yrbands_y55_64,edu_isced11_7,2018,0.262
guy,sex_m,age_10yrbands_y55_64,edu_isced11_7,2019,0.197
guy,sex_m,age_10yrbands_y55_64,edu_isced11_8,2018,0.055
guy,sex_m,age_10yrbands_y55_64,edu_isced11_9,2018,3.128
guy,sex_m,age_10yrbands_y55_64,edu_isced11_9,2019,3.669
guy,sex_m,age_10yrbands_y55_64,edu_isced11_total,2018,30.303
guy,sex_m,age_10yrbands_y55_64,edu_isced11_total,2019,32.514
guy,sex_m,age_10yrbands_y55_64,edu_isced11_x,2018,0.593
guy,sex_m,age_10yrbands_y55_64,edu_isced11_x,2019,0.13
guy,sex_m,age_10yrbands_yge65,edu_aggregate_adv,2018,1.446
guy,sex_m,age_10yrbands_yge65,edu_aggregate_adv,2019,1.161
guy,sex_m,age_10yrbands_yge65,edu_aggregate_bas,2018,12.02
guy,sex_m,age_10yrbands_yge65,edu_aggregate_bas,2019,13.153
guy,sex_m,age_10yrbands_yge65,edu_aggregate_int,2018,3.198
guy,sex_m,age_10yrbands_yge65,edu_aggregate_int,2019,3.014
guy,sex_m,age_10yrbands_yge65,edu_aggregate_ltb,2018,5.753
guy,sex_m,age_10yrbands_yge65,edu_aggregate_ltb,2019,6.077
guy,sex_m,age_10yrbands_yge65,edu_aggregate_total,2018,24.371
guy,sex_m,age_10yrbands_yge65,edu_aggregate_total,2019,26.185
guy,sex_m,age_10yrbands_yge65,edu_aggregate_x,2018,1.954
guy,sex_m,age_10yrbands_yge65,edu_aggregate_x,2019,2.78
guy,sex_m,age_10yrbands_yge65,edu_isced11_0,2018,5.264
guy,sex_m,age_10yrbands_yge65,edu_isced11_0,2019,5.489
guy,sex_m,age_10yrbands_yge65,edu_isced11_1,2018,5.944
guy,sex_m,age_10yrbands_yge65,edu_isced11_1,2019,5.932
guy,sex_m,age_10yrbands_yge65,edu_isced11_2,2018,6.075
guy,sex_m,age_10yrbands_yge65,edu_isced11_2,2019,7.222
guy,sex_m,age_10yrbands_yge65,edu_isced11_3,2018,2.154
guy,sex_m,age_10yrbands_yge65,edu_isced11_3,2019,1.819
guy,sex_m,age_10yrbands_yge65,edu_isced11_4,2018,1.043
guy,sex_m,age_10yrbands_yge65,edu_isced11_4,2019,1.195
guy,sex_m,age_10yrbands_yge65,edu_isced11_5,2018,0.701
guy,sex_m,age_10yrbands_yge65,edu_isced11_5,2019,0.505
guy,sex_m,age_10yrbands_yge65,edu_isced11_6,2018,0.562
guy,sex_m,age_10yrbands_yge65,edu_isced11_6,2019,0.499
guy,sex_m,age_10yrbands_yge65,edu_isced11_7,2018,0.168
guy,sex_m,age_10yrbands_yge65,edu_isced11_7,2019,0.119
guy,sex_m,age_10yrbands_yge65,edu_isced11_8,2018,0.015
guy,sex_m,age_10yrbands_yge65,edu_isced11_9,2018,1.954
guy,sex_m,age_10yrbands_yge65,edu_isced11_9,2019,2.78
guy,sex_m,age_10yrbands_yge65,edu_isced11_total,2018,24.371
guy,sex_m,age_10yrbands_yge65,edu_isced11_total,2019,26.185
guy,sex_m,age_10yrbands_yge65,edu_isced11_x,2018,0.49
guy,sex_m,age_10yrbands_yge65,edu_isced11_x,2019,0.588
guy,sex_m,age_aggregate_total,edu_aggregate_adv,2018,9.883
guy,sex_m,age_aggregate_total,edu_aggregate_adv,2019,9.73
guy,sex_m,age_aggregate_total,edu_aggregate_bas,2018,127.06
guy,sex_m,age_aggregate_total,edu_aggregate_bas,2019,131.122
guy,sex_m,age_aggregate_total,edu_aggregate_int,2018,66.616
guy,sex_m,age_aggregate_total,edu_aggregate_int,2019,64.343
guy,sex_m,age_aggregate_total,edu_aggregate_ltb,2018,29.515
guy,sex_m,age_aggregate_total,edu_aggregate_ltb,2019,25.347
guy,sex_m,age_aggregate_total,edu_aggregate_total,2018,261.585
guy,sex_m,age_aggregate_total,edu_aggregate_total,2019,266.273
guy,sex_m,age_aggregate_total,edu_aggregate_x,2018,28.512
guy,sex_m,age_aggregate_total,edu_aggregate_x,2019,35.731
guy,sex_m,age_aggregate_total,edu_isced11_0,2018,27.055
guy,sex_m,age_aggregate_total,edu_isced11_0,2019,23.84
guy,sex_m,age_aggregate_total,edu_isced11_1,2018,22.178
guy,sex_m,age_aggregate_total,edu_isced11_1,2019,21.924
guy,sex_m,age_aggregate_total,edu_isced11_2,2018,104.882
guy,sex_m,age_aggregate_total,edu_isced11_2,2019,109.198
guy,sex_m,age_aggregate_total,edu_isced11_3,2018,52.724
guy,sex_m,age_aggregate_total,edu_isced11_3,2019,51.803
guy,sex_m,age_aggregate_total,edu_isced11_4,2018,13.891
guy,sex_m,age_aggregate_total,edu_isced11_4,2019,12.54
guy,sex_m,age_aggregate_total,edu_isced11_5,2018,4.493
guy,sex_m,age_aggregate_total,edu_isced11_5,2019,4.471
guy,sex_m,age_aggregate_total,edu_isced11_6,2018,4.188
guy,sex_m,age_aggregate_total,edu_isced11_6,2019,4.408
guy,sex_m,age_aggregate_total,edu_isced11_7,2018,0.996
guy,sex_m,age_aggregate_total,edu_isced11_7,2019,0.688
guy,sex_m,age_aggregate_total,edu_isced11_8,2018,0.206
guy,sex_m,age_aggregate_total,edu_isced11_8,2019,0.163
guy,sex_m,age_aggregate_total,edu_isced11_9,2018,28.512
guy,sex_m,age_aggregate_total,edu_isced11_9,2019,35.731
guy,sex_m,age_aggregate_total,edu_isced11_total,2018,261.585
guy,sex_m,age_aggregate_total,edu_isced11_total,2019,266.273
guy,sex_m,age_aggregate_total,edu_isced11_x,2018,2.46
guy,sex_m,age_aggregate_total,edu_isced11_x,2019,1.507
guy,sex_m,age_aggregate_y15_24,edu_aggregate_adv,2018,1.358
guy,sex_m,age_aggregate_y15_24,edu_aggregate_adv,2019,1.225
guy,sex_m,age_aggregate_y15_24,edu_aggregate_bas,2018,35.603
guy,sex_m,age_aggregate_y15_24,edu_aggregate_bas,2019,33.94
guy,sex_m,age_aggregate_y15_24,edu_aggregate_int,2018,25.786
guy,sex_m,age_aggregate_y15_24,edu_aggregate_int,2019,24.716
guy,sex_m,age_aggregate_y15_24,edu_aggregate_ltb,2018,1.618
guy,sex_m,age_aggregate_y15_24,edu_aggregate_ltb,2019,1.129
guy,sex_m,age_aggregate_y15_24,edu_aggregate_total,2018,71.793
guy,sex_m,age_aggregate_y15_24,edu_aggregate_total,2019,70.582
guy,sex_m,age_aggregate_y15_24,edu_aggregate_x,2018,7.428
guy,sex_m,age_aggregate_y15_24,edu_aggregate_x,2019,9.572
guy,sex_m,age_aggregate_y15_24,edu_isced11_0,2018,1.433
guy,sex_m,age_aggregate_y15_24,edu_isced11_0,2019,0.95
guy,sex_m,age_aggregate_y15_24,edu_isced11_1,2018,1.32
guy,sex_m,age_aggregate_y15_24,edu_isced11_1,2019,1.085
guy,sex_m,age_aggregate_y15_24,edu_isced11_2,2018,34.283
guy,sex_m,age_aggregate_y15_24,edu_isced11_2,2019,32.855
guy,sex_m,age_aggregate_y15_24,edu_isced11_3,2018,22.071
guy,sex_m,age_aggregate_y15_24,edu_isced11_3,2019,21.657
guy,sex_m,age_aggregate_y15_24,edu_isced11_4,2018,3.716
guy,sex_m,age_aggregate_y15_24,edu_isced11_4,2019,3.059
guy,sex_m,age_aggregate_y15_24,edu_isced11_5,2018,0.801
guy,sex_m,age_aggregate_y15_24,edu_isced11_5,2019,0.755
guy,sex_m,age_aggregate_y15_24,edu_isced11_6,2018,0.523
guy,sex_m,age_aggregate_y15_24,edu_isced11_6,2019,0.47
guy,sex_m,age_aggregate_y15_24,edu_isced11_7,2018,0.027
guy,sex_m,age_aggregate_y15_24,edu_isced11_8,2018,0.008
guy,sex_m,age_aggregate_y15_24,edu_isced11_9,2018,7.428
guy,sex_m,age_aggregate_y15_24,edu_isced11_9,2019,9.572
guy,sex_m,age_aggregate_y15_24,edu_isced11_total,2018,71.793
guy,sex_m,age_aggregate_y15_24,edu_isced11_total,2019,70.582
guy,sex_m,age_aggregate_y15_24,edu_isced11_x,2018,0.185
guy,sex_m,age_aggregate_y15_24,edu_isced11_x,2019,0.179
guy,sex_m,age_aggregate_y25_54,edu_aggregate_adv,2018,5.745
guy,sex_m,age_aggregate_y25_54,edu_aggregate_adv,2019,6.068
guy,sex_m,age_aggregate_y25_54,edu_aggregate_bas,2018,64.895
guy,sex_m,age_aggregate_y25_54,edu_aggregate_bas,2019,67.114
guy,sex_m,age_aggregate_y25_54,edu_aggregate_int,2018,32.963
guy,sex_m,age_aggregate_y25_54,edu_aggregate_int,2019,31.733
guy,sex_m,age_aggregate_y25_54,edu_aggregate_ltb,2018,15.513
guy,sex_m,age_aggregate_y25_54,edu_aggregate_ltb,2019,12.367
guy,sex_m,age_aggregate_y25_54,edu_aggregate_total,2018,135.118
guy,sex_m,age_aggregate_y25_54,edu_aggregate_total,2019,136.992
guy,sex_m,age_aggregate_y25_54,edu_aggregate_x,2018,16.002
guy,sex_m,age_aggregate_y25_54,edu_aggregate_x,2019,19.71
guy,sex_m,age_aggregate_y25_54,edu_isced11_0,2018,14.32
guy,sex_m,age_aggregate_y25_54,edu_isced11_0,2019,11.757
guy,sex_m,age_aggregate_y25_54,edu_isced11_1,2018,10.361
guy,sex_m,age_aggregate_y25_54,edu_isced11_1,2019,10.752
guy,sex_m,age_aggregate_y25_54,edu_isced11_2,2018,54.534
guy,sex_m,age_aggregate_y25_54,edu_isced11_2,2019,56.362
guy,sex_m,age_aggregate_y25_54,edu_isced11_3,2018,25.197
guy,sex_m,age_aggregate_y25_54,edu_isced11_3,2019,24.537
guy,sex_m,age_aggregate_y25_54,edu_isced11_4,2018,7.766
guy,sex_m,age_aggregate_y25_54,edu_isced11_4,2019,7.196
guy,sex_m,age_aggregate_y25_54,edu_isced11_5,2018,2.429
guy,sex_m,age_aggregate_y25_54,edu_isced11_5,2019,2.514
guy,sex_m,age_aggregate_y25_54,edu_isced11_6,2018,2.648
guy,sex_m,age_aggregate_y25_54,edu_isced11_6,2019,3.057
guy,sex_m,age_aggregate_y25_54,edu_isced11_7,2018,0.539
guy,sex_m,age_aggregate_y25_54,edu_isced11_7,2019,0.372
guy,sex_m,age_aggregate_y25_54,edu_isced11_8,2018,0.129
guy,sex_m,age_aggregate_y25_54,edu_isced11_8,2019,0.124
guy,sex_m,age_aggregate_y25_54,edu_isced11_9,2018,16.002
guy,sex_m,age_aggregate_y25_54,edu_isced11_9,2019,19.71
guy,sex_m,age_aggregate_y25_54,edu_isced11_total,2018,135.118
guy,sex_m,age_aggregate_y25_54,edu_isced11_total,2019,136.992
guy,sex_m,age_aggregate_y25_54,edu_isced11_x,2018,1.193
guy,sex_m,age_aggregate_y25_54,edu_isced11_x,2019,0.61
guy,sex_m,age_aggregate_y55_64,edu_aggregate_adv,2018,1.334
guy,sex_m,age_aggregate_y55_64,edu_aggregate_adv,2019,1.276
guy,sex_m,age_aggregate_y55_64,edu_aggregate_bas,2018,14.542
guy,sex_m,age_aggregate_y55_64,edu_aggregate_bas,2019,16.915
guy,sex_m,age_aggregate_y55_64,edu_aggregate_int,2018,4.669
guy,sex_m,age_aggregate_y55_64,edu_aggregate_int,2019,4.879
guy,sex_m,age_aggregate_y55_64,edu_aggregate_ltb,2018,6.631
guy,sex_m,age_aggregate_y55_64,edu_aggregate_ltb,2019,5.774
guy,sex_m,age_aggregate_y55_64,edu_aggregate_total,2018,30.303
guy,sex_m,age_aggregate_y55_64,edu_aggregate_total,2019,32.514
guy,sex_m,age_aggregate_y55_64,edu_aggregate_x,2018,3.128
guy,sex_m,age_aggregate_y55_64,edu_aggregate_x,2019,3.669
guy,sex_m,age_aggregate_y55_64,edu_isced11_0,2018,6.038
guy,sex_m,age_aggregate_y55_64,edu_isced11_0,2019,5.644
guy,sex_m,age_aggregate_y55_64,edu_isced11_1,2018,4.552
guy,sex_m,age_aggregate_y55_64,edu_isced11_1,2019,4.155
guy,sex_m,age_aggregate_y55_64,edu_isced11_2,2018,9.991
guy,sex_m,age_aggregate_y55_64,edu_isced11_2,2019,12.76
guy,sex_m,age_aggregate_y55_64,edu_isced11_3,2018,3.302
guy,sex_m,age_aggregate_y55_64,edu_isced11_3,2019,3.79
guy,sex_m,age_aggregate_y55_64,edu_isced11_4,2018,1.366
guy,sex_m,age_aggregate_y55_64,edu_isced11_4,2019,1.09
guy,sex_m,age_aggregate_y55_64,edu_isced11_5,2018,0.562
guy,sex_m,age_aggregate_y55_64,edu_isced11_5,2019,0.697
guy,sex_m,age_aggregate_y55_64,edu_isced11_6,2018,0.455
guy,sex_m,age_aggregate_y55_64,edu_isced11_6,2019,0.383
guy,sex_m,age_aggregate_y55_64,edu_isced11_7,2018,0.262
guy,sex_m,age_aggregate_y55_64,edu_isced11_7,2019,0.197
guy,sex_m,age_aggregate_y55_64,edu_isced11_8,2018,0.055
guy,sex_m,age_aggregate_y55_64,edu_isced11_9,2018,3.128
guy,sex_m,age_aggregate_y55_64,edu_isced11_9,2019,3.669
guy,sex_m,age_aggregate_y55_64,edu_isced11_total,2018,30.303
guy,sex_m,age_aggregate_y55_64,edu_isced11_total,2019,32.514
guy,sex_m,age_aggregate_y55_64,edu_isced11_x,2018,0.593
guy,sex_m,age_aggregate_y55_64,edu_isced11_x,2019,0.13
guy,sex_m,age_aggregate_yge65,edu_aggregate_adv,2018,1.446
guy,sex_m,age_aggregate_yge65,edu_aggregate_adv,2019,1.161
guy,sex_m,age_aggregate_yge65,edu_aggregate_bas,2018,12.02
guy,sex_m,age_aggregate_yge65,edu_aggregate_bas,2019,13.153
guy,sex_m,age_aggregate_yge65,edu_aggregate_int,2018,3.198
guy,sex_m,age_aggregate_yge65,edu_aggregate_int,2019,3.014
guy,sex_m,age_aggregate_yge65,edu_aggregate_ltb,2018,5.753
guy,sex_m,age_aggregate_yge65,edu_aggregate_ltb,2019,6.077
guy,sex_m,age_aggregate_yge65,edu_aggregate_total,2018,24.371
guy,sex_m,age_aggregate_yge65,edu_aggregate_total,2019,26.185
guy,sex_m,age_aggregate_yge65,edu_aggregate_x,2018,1.954
guy,sex_m,age_aggregate_yge65,edu_aggregate_x,2019,2.78
guy,sex_m,age_aggregate_yge65,edu_isced11_0,2018,5.264
guy,sex_m,age_aggregate_yge65,edu_isced11_0,2019,5.489
guy,sex_m,age_aggregate_yge65,edu_isced11_1,2018,5.944
guy,sex_m,age_aggregate_yge65,edu_isced11_1,2019,5.932
guy,sex_m,age_aggregate_yge65,edu_isced11_2,2018,6.075
guy,sex_m,age_aggregate_yge65,edu_isced11_2,2019,7.222
guy,sex_m,age_aggregate_yge65,edu_isced11_3,2018,2.154
guy,sex_m,age_aggregate_yge65,edu_isced11_3,2019,1.819
guy,sex_m,age_aggregate_yge65,edu_isced11_4,2018,1.043
guy,sex_m,age_aggregate_yge65,edu_isced11_4,2019,1.195
guy,sex_m,age_aggregate_yge65,edu_isced11_5,2018,0.701
guy,sex_m,age_aggregate_yge65,edu_isced11_5,2019,0.505
guy,sex_m,age_aggregate_yge65,edu_isced11_6,2018,0.562
guy,sex_m,age_aggregate_yge65,edu_isced11_6,2019,0.499
guy,sex_m,age_aggregate_yge65,edu_isced11_7,2018,0.168
guy,sex_m,age_aggregate_yge65,edu_isced11_7,2019,0.119
guy,sex_m,age_aggregate_yge65,edu_isced11_8,2018,0.015
guy,sex_m,age_aggregate_yge65,edu_isced11_9,2018,1.954
guy,sex_m,age_aggregate_yge65,edu_isced11_9,2019,2.78
guy,sex_m,age_aggregate_yge65,edu_isced11_total,2018,24.371
guy,sex_m,age_aggregate_yge65,edu_isced11_total,2019,26.185
guy,sex_m,age_aggregate_yge65,edu_isced11_x,2018,0.49
guy,sex_m,age_aggregate_yge65,edu_isced11_x,2019,0.588
guy,sex_m,age_ythadult_y15_24,edu_aggregate_adv,2018,1.358
guy,sex_m,age_ythadult_y15_24,edu_aggregate_adv,2019,1.225
guy,sex_m,age_ythadult_y15_24,edu_aggregate_bas,2018,35.603
guy,sex_m,age_ythadult_y15_24,edu_aggregate_bas,2019,33.94
guy,sex_m,age_ythadult_y15_24,edu_aggregate_int,2018,25.786
guy,sex_m,age_ythadult_y15_24,edu_aggregate_int,2019,24.716
guy,sex_m,age_ythadult_y15_24,edu_aggregate_ltb,2018,1.618
guy,sex_m,age_ythadult_y15_24,edu_aggregate_ltb,2019,1.129
guy,sex_m,age_ythadult_y15_24,edu_aggregate_total,2018,71.793
guy,sex_m,age_ythadult_y15_24,edu_aggregate_total,2019,70.582
guy,sex_m,age_ythadult_y15_24,edu_aggregate_x,2018,7.428
guy,sex_m,age_ythadult_y15_24,edu_aggregate_x,2019,9.572
guy,sex_m,age_ythadult_y15_24,edu_isced11_0,2018,1.433
guy,sex_m,age_ythadult_y15_24,edu_isced11_0,2019,0.95
guy,sex_m,age_ythadult_y15_24,edu_isced11_1,2018,1.32
guy,sex_m,age_ythadult_y15_24,edu_isced11_1,2019,1.085
guy,sex_m,age_ythadult_y15_24,edu_isced11_2,2018,34.283
guy,sex_m,age_ythadult_y15_24,edu_isced11_2,2019,32.855
guy,sex_m,age_ythadult_y15_24,edu_isced11_3,2018,22.071
guy,sex_m,age_ythadult_y15_24,edu_isced11_3,2019,21.657
guy,sex_m,age_ythadult_y15_24,edu_isced11_4,2018,3.716
guy,sex_m,age_ythadult_y15_24,edu_isced11_4,2019,3.059
guy,sex_m,age_ythadult_y15_24,edu_isced11_5,2018,0.801
guy,sex_m,age_ythadult_y15_24,edu_isced11_5,2019,0.755
guy,sex_m,age_ythadult_y15_24,edu_isced11_6,2018,0.523
guy,sex_m,age_ythadult_y15_24,edu_isced11_6,2019,0.47
guy,sex_m,age_ythadult_y15_24,edu_isced11_7,2018,0.027
guy,sex_m,age_ythadult_y15_24,edu_isced11_8,2018,0.008
guy,sex_m,age_ythadult_y15_24,edu_isced11_9,2018,7.428
guy,sex_m,age_ythadult_y15_24,edu_isced11_9,2019,9.572
guy,sex_m,age_ythadult_y15_24,edu_isced11_total,2018,71.793
guy,sex_m,age_ythadult_y15_24,edu_isced11_total,2019,70.582
guy,sex_m,age_ythadult_y15_24,edu_isced11_x,2018,0.185
guy,sex_m,age_ythadult_y15_24,edu_isced11_x,2019,0.179
guy,sex_m,age_ythadult_y15_64,edu_aggregate_adv,2018,8.437
guy,sex_m,age_ythadult_y15_64,edu_aggregate_adv,2019,8.569
guy,sex_m,age_ythadult_y15_64,edu_aggregate_bas,2018,115.04
guy,sex_m,age_ythadult_y15_64,edu_aggregate_bas,2019,117.969
guy,sex_m,age_ythadult_y15_64,edu_aggregate_int,2018,63.418
guy,sex_m,age_ythadult_y15_64,edu_aggregate_int,2019,61.328
guy,sex_m,age_ythadult_y15_64,edu_aggregate_ltb,2018,23.761
guy,sex_m,age_ythadult_y15_64,edu_aggregate_ltb,2019,19.27
guy,sex_m,age_ythadult_y15_64,edu_aggregate_total,2018,237.214
guy,sex_m,age_ythadult_y15_64,edu_aggregate_total,2019,240.088
guy,sex_m,age_ythadult_y15_64,edu_aggregate_x,2018,26.558
guy,sex_m,age_ythadult_y15_64,edu_aggregate_x,2019,32.951
guy,sex_m,age_ythadult_y15_64,edu_isced11_0,2018,21.791
guy,sex_m,age_ythadult_y15_64,edu_isced11_0,2019,18.351
guy,sex_m,age_ythadult_y15_64,edu_isced11_1,2018,16.233
guy,sex_m,age_ythadult_y15_64,edu_isced11_1,2019,15.992
guy,sex_m,age_ythadult_y15_64,edu_isced11_2,2018,98.807
guy,sex_m,age_ythadult_y15_64,edu_isced11_2,2019,101.977
guy,sex_m,age_ythadult_y15_64,edu_isced11_3,2018,50.57
guy,sex_m,age_ythadult_y15_64,edu_isced11_3,2019,49.984
guy,sex_m,age_ythadult_y15_64,edu_isced11_4,2018,12.848
guy,sex_m,age_ythadult_y15_64,edu_isced11_4,2019,11.345
guy,sex_m,age_ythadult_y15_64,edu_isced11_5,2018,3.791
guy,sex_m,age_ythadult_y15_64,edu_isced11_5,2019,3.966
guy,sex_m,age_ythadult_y15_64,edu_isced11_6,2018,3.626
guy,sex_m,age_ythadult_y15_64,edu_isced11_6,2019,3.91
guy,sex_m,age_ythadult_y15_64,edu_isced11_7,2018,0.828
guy,sex_m,age_ythadult_y15_64,edu_isced11_8,2018,0.192
guy,sex_m,age_ythadult_y15_64,edu_isced11_9,2018,26.558
guy,sex_m,age_ythadult_y15_64,edu_isced11_9,2019,32.951
guy,sex_m,age_ythadult_y15_64,edu_isced11_total,2018,237.214
guy,sex_m,age_ythadult_y15_64,edu_isced11_total,2019,240.088
guy,sex_m,age_ythadult_y15_64,edu_isced11_x,2018,1.97
guy,sex_m,age_ythadult_y15_64,edu_isced11_x,2019,0.919
guy,sex_m,age_ythadult_yge15,edu_aggregate_adv,2018,9.883
guy,sex_m,age_ythadult_yge15,edu_aggregate_adv,2019,9.73
guy,sex_m,age_ythadult_yge15,edu_aggregate_bas,2018,127.06
guy,sex_m,age_ythadult_yge15,edu_aggregate_bas,2019,131.122
guy,sex_m,age_ythadult_yge15,edu_aggregate_int,2018,66.616
guy,sex_m,age_ythadult_yge15,edu_aggregate_int,2019,64.343
guy,sex_m,age_ythadult_yge15,edu_aggregate_ltb,2018,29.515
guy,sex_m,age_ythadult_yge15,edu_aggregate_ltb,2019,25.347
guy,sex_m,age_ythadult_yge15,edu_aggregate_total,2018,261.585
guy,sex_m,age_ythadult_yge15,edu_aggregate_total,2019,266.273
guy,sex_m,age_ythadult_yge15,edu_aggregate_x,2018,28.512
guy,sex_m,age_ythadult_yge15,edu_aggregate_x,2019,35.731
guy,sex_m,age_ythadult_yge15,edu_isced11_0,2018,27.055
guy,sex_m,age_ythadult_yge15,edu_isced11_0,2019,23.84
guy,sex_m,age_ythadult_yge15,edu_isced11_1,2018,22.178
guy,sex_m,age_ythadult_yge15,edu_isced11_1,2019,21.924
guy,sex_m,age_ythadult_yge15,edu_isced11_2,2018,104.882
guy,sex_m,age_ythadult_yge15,edu_isced11_2,2019,109.198
guy,sex_m,age_ythadult_yge15,edu_isced11_3,2018,52.724
guy,sex_m,age_ythadult_yge15,edu_isced11_3,2019,51.803
guy,sex_m,age_ythadult_yge15,edu_isced11_4,2018,13.891
guy,sex_m,age_ythadult_yge15,edu_isced11_4,2019,12.54
guy,sex_m,age_ythadult_yge15,edu_isced11_5,2018,4.493
guy,sex_m,age_ythadult_yge15,edu_isced11_5,2019,4.471
guy,sex_m,age_ythadult_yge15,edu_isced11_6,2018,4.188
guy,sex_m,age_ythadult_yge15,edu_isced11_6,2019,4.408
guy,sex_m,age_ythadult_yge15,edu_isced11_7,2018,0.996
guy,sex_m,age_ythadult_yge15,edu_isced11_7,2019,0.688
guy,sex_m,age_ythadult_yge15,edu_isced11_8,2018,0.206
guy,sex_m,age_ythadult_yge15,edu_isced11_8,2019,0.163
guy,sex_m,age_ythadult_yge15,edu_isced11_9,2018,28.512
guy,sex_m,age_ythadult_yge15,edu_isced11_9,2019,35.731
guy,sex_m,age_ythadult_yge15,edu_isced11_total,2018,261.585
guy,sex_m,age_ythadult_yge15,edu_isced11_total,2019,266.273
guy,sex_m,age_ythadult_yge15,edu_isced11_x,2018,2.46
guy,sex_m,age_ythadult_yge15,edu_isced11_x,2019,1.507
guy,sex_m,age_ythadult_yge25,edu_aggregate_adv,2018,8.525
guy,sex_m,age_ythadult_yge25,edu_aggregate_adv,2019,8.505
guy,sex_m,age_ythadult_yge25,edu_aggregate_bas,2018,91.457
guy,sex_m,age_ythadult_yge25,edu_aggregate_bas,2019,97.183
guy,sex_m,age_ythadult_yge25,edu_aggregate_int,2018,40.829
guy,sex_m,age_ythadult_yge25,edu_aggregate_int,2019,39.627
guy,sex_m,age_ythadult_yge25,edu_aggregate_ltb,2018,27.897
guy,sex_m,age_ythadult_yge25,edu_aggregate_ltb,2019,24.218
guy,sex_m,age_ythadult_yge25,edu_aggregate_total,2018,189.792
guy,sex_m,age_ythadult_yge25,edu_aggregate_total,2019,195.691
guy,sex_m,age_ythadult_yge25,edu_aggregate_x,2018,21.084
guy,sex_m,age_ythadult_yge25,edu_aggregate_x,2019,26.159
guy,sex_m,age_ythadult_yge25,edu_isced11_0,2018,25.622
guy,sex_m,age_ythadult_yge25,edu_isced11_0,2019,22.889
guy,sex_m,age_ythadult_yge25,edu_isced11_1,2018,20.857
guy,sex_m,age_ythadult_yge25,edu_isced11_1,2019,20.839
guy,sex_m,age_ythadult_yge25,edu_isced11_2,2018,70.599
guy,sex_m,age_ythadult_yge25,edu_isced11_2,2019,76.344
guy,sex_m,age_ythadult_yge25,edu_isced11_3,2018,30.654
guy,sex_m,age_ythadult_yge25,edu_isced11_3,2019,30.146
guy,sex_m,age_ythadult_yge25,edu_isced11_4,2018,10.176
guy,sex_m,age_ythadult_yge25,edu_isced11_4,2019,9.481
guy,sex_m,age_ythadult_yge25,edu_isced11_5,2018,3.692
guy,sex_m,age_ythadult_yge25,edu_isced11_5,2019,3.716
guy,sex_m,age_ythadult_yge25,edu_isced11_6,2018,3.665
guy,sex_m,age_ythadult_yge25,edu_isced11_6,2019,3.938
guy,sex_m,age_ythadult_yge25,edu_isced11_7,2018,0.97
guy,sex_m,age_ythadult_yge25,edu_isced11_7,2019,0.688
guy,sex_m,age_ythadult_yge25,edu_isced11_8,2018,0.199
guy,sex_m,age_ythadult_yge25,edu_isced11_8,2019,0.163
guy,sex_m,age_ythadult_yge25,edu_isced11_9,2018,21.084
guy,sex_m,age_ythadult_yge25,edu_isced11_9,2019,26.159
guy,sex_m,age_ythadult_yge25,edu_isced11_total,2018,189.792
guy,sex_m,age_ythadult_yge25,edu_isced11_total,2019,195.691
guy,sex_m,age_ythadult_yge25,edu_isced11_x,2018,2.275
guy,sex_m,age_ythadult_yge25,edu_isced11_x,2019,1.329
guy,sex_t,age_10yrbands_total,edu_aggregate_adv,2018,24.629
guy,sex_t,age_10yrbands_total,edu_aggregate_adv,2019,25.753
guy,sex_t,age_10yrbands_total,edu_aggregate_bas,2018,257.156
guy,sex_t,age_10yrbands_total,edu_aggregate_bas,2019,265.976
guy,sex_t,age_10yrbands_total,edu_aggregate_int,2018,151.461
guy,sex_t,age_10yrbands_total,edu_aggregate_int,2019,151.073
guy,sex_t,age_10yrbands_total,edu_aggregate_ltb,2018,57.195
guy,sex_t,age_10yrbands_total,edu_aggregate_ltb,2019,51.357
guy,sex_t,age_10yrbands_total,edu_aggregate_total,2018,540.711
guy,sex_t,age_10yrbands_total,edu_aggregate_total,2019,556.769
guy,sex_t,age_10yrbands_total,edu_aggregate_x,2018,50.269
guy,sex_t,age_10yrbands_total,edu_aggregate_x,2019,62.609
guy,sex_t,age_10yrbands_total,edu_isced11_0,2018,52.035
guy,sex_t,age_10yrbands_total,edu_isced11_0,2019,48.065
guy,sex_t,age_10yrbands_total,edu_isced11_1,2018,47.749
guy,sex_t,age_10yrbands_total,edu_isced11_1,2019,45.221
guy,sex_t,age_10yrbands_total,edu_isced11_2,2018,209.407
guy,sex_t,age_10yrbands_total,edu_isced11_2,2019,220.755
guy,sex_t,age_10yrbands_total,edu_isced11_3,2018,125.413
guy,sex_t,age_10yrbands_total,edu_isced11_3,2019,125.52
guy,sex_t,age_10yrbands_total,edu_isced11_4,2018,26.049
guy,sex_t,age_10yrbands_total,edu_isced11_4,2019,25.553
guy,sex_t,age_10yrbands_total,edu_isced11_5,2018,12.121
guy,sex_t,age_10yrbands_total,edu_isced11_5,2019,12.32
guy,sex_t,age_10yrbands_total,edu_isced11_6,2018,10.59
guy,sex_t,age_10yrbands_total,edu_isced11_6,2019,11.755
guy,sex_t,age_10yrbands_total,edu_isced11_7,2018,1.59
guy,sex_t,age_10yrbands_total,edu_isced11_7,2019,1.363
guy,sex_t,age_10yrbands_total,edu_isced11_8,2018,0.329
guy,sex_t,age_10yrbands_total,edu_isced11_8,2019,0.315
guy,sex_t,age_10yrbands_total,edu_isced11_9,2018,50.269
guy,sex_t,age_10yrbands_total,edu_isced11_9,2019,62.609
guy,sex_t,age_10yrbands_total,edu_isced11_total,2018,540.711
guy,sex_t,age_10yrbands_total,edu_isced11_total,2019,556.769
guy,sex_t,age_10yrbands_total,edu_isced11_x,2018,5.16
guy,sex_t,age_10yrbands_total,edu_isced11_x,2019,3.293
guy,sex_t,age_10yrbands_y15_24,edu_aggregate_adv,2018,3.894
guy,sex_t,age_10yrbands_y15_24,edu_aggregate_adv,2019,3.723
guy,sex_t,age_10yrbands_y15_24,edu_aggregate_bas,2018,63.484
guy,sex_t,age_10yrbands_y15_24,edu_aggregate_bas,2019,63.273
guy,sex_t,age_10yrbands_y15_24,edu_aggregate_int,2018,61.59
guy,sex_t,age_10yrbands_y15_24,edu_aggregate_int,2019,59.624
guy,sex_t,age_10yrbands_y15_24,edu_aggregate_ltb,2018,2.705
guy,sex_t,age_10yrbands_y15_24,edu_aggregate_ltb,2019,1.67
guy,sex_t,age_10yrbands_y15_24,edu_aggregate_total,2018,143.677
guy,sex_t,age_10yrbands_y15_24,edu_aggregate_total,2019,144.156
guy,sex_t,age_10yrbands_y15_24,edu_aggregate_x,2018,12.005
guy,sex_t,age_10yrbands_y15_24,edu_aggregate_x,2019,15.865
guy,sex_t,age_10yrbands_y15_24,edu_isced11_0,2018,2.228
guy,sex_t,age_10yrbands_y15_24,edu_isced11_0,2019,1.308
guy,sex_t,age_10yrbands_y15_24,edu_isced11_1,2018,2.31
guy,sex_t,age_10yrbands_y15_24,edu_isced11_1,2019,1.946
guy,sex_t,age_10yrbands_y15_24,edu_isced11_2,2018,61.174
guy,sex_t,age_10yrbands_y15_24,edu_isced11_2,2019,61.327
guy,sex_t,age_10yrbands_y15_24,edu_isced11_3,2018,55.254
guy,sex_t,age_10yrbands_y15_24,edu_isced11_3,2019,53.498
guy,sex_t,age_10yrbands_y15_24,edu_isced11_4,2018,6.336
guy,sex_t,age_10yrbands_y15_24,edu_isced11_4,2019,6.126
guy,sex_t,age_10yrbands_y15_24,edu_isced11_5,2018,2.301
guy,sex_t,age_10yrbands_y15_24,edu_isced11_5,2019,2.375
guy,sex_t,age_10yrbands_y15_24,edu_isced11_6,2018,1.558
guy,sex_t,age_10yrbands_y15_24,edu_isced11_6,2019,1.318
guy,sex_t,age_10yrbands_y15_24,edu_isced11_7,2018,0.027
guy,sex_t,age_10yrbands_y15_24,edu_isced11_8,2018,0.008
guy,sex_t,age_10yrbands_y15_24,edu_isced11_9,2018,12.005
guy,sex_t,age_10yrbands_y15_24,edu_isced11_9,2019,15.865
guy,sex_t,age_10yrbands_y15_24,edu_isced11_total,2018,143.677
guy,sex_t,age_10yrbands_y15_24,edu_isced11_total,2019,144.156
guy,sex_t,age_10yrbands_y15_24,edu_isced11_x,2018,0.477
guy,sex_t,age_10yrbands_y15_24,edu_isced11_x,2019,0.362
guy,sex_t,age_10yrbands_y25_34,edu_aggregate_adv,2018,6.863
guy,sex_t,age_10yrbands_y25_34,edu_aggregate_adv,2019,7.178
guy,sex_t,age_10yrbands_y25_34,edu_aggregate_bas,2018,39.525
guy,sex_t,age_10yrbands_y25_34,edu_aggregate_bas,2019,40.762
guy,sex_t,age_10yrbands_y25_34,edu_aggregate_int,2018,37.116
guy,sex_t,age_10yrbands_y25_34,edu_aggregate_int,2019,37.757
guy,sex_t,age_10yrbands_y25_34,edu_aggregate_ltb,2018,5.42
guy,sex_t,age_10yrbands_y25_34,edu_aggregate_ltb,2019,4.048
guy,sex_t,age_10yrbands_y25_34,edu_aggregate_total,2018,98.981
guy,sex_t,age_10yrbands_y25_34,edu_aggregate_total,2019,101.673
guy,sex_t,age_10yrbands_y25_34,edu_aggregate_x,2018,10.057
guy,sex_t,age_10yrbands_y25_34,edu_aggregate_x,2019,11.928
guy,sex_t,age_10yrbands_y25_34,edu_isced11_0,2018,4.908
guy,sex_t,age_10yrbands_y25_34,edu_isced11_0,2019,3.728
guy,sex_t,age_10yrbands_y25_34,edu_isced11_1,2018,4.059
guy,sex_t,age_10yrbands_y25_34,edu_isced11_1,2019,4.008
guy,sex_t,age_10yrbands_y25_34,edu_isced11_2,2018,35.466
guy,sex_t,age_10yrbands_y25_34,edu_isced11_2,2019,36.754
guy,sex_t,age_10yrbands_y25_34,edu_isced11_3,2018,30.203
guy,sex_t,age_10yrbands_y25_34,edu_isced11_3,2019,31.246
guy,sex_t,age_10yrbands_y25_34,edu_isced11_4,2018,6.913
guy,sex_t,age_10yrbands_y25_34,edu_isced11_4,2019,6.511
guy,sex_t,age_10yrbands_y25_34,edu_isced11_5,2018,3.33
guy,sex_t,age_10yrbands_y25_34,edu_isced11_5,2019,3.47
guy,sex_t,age_10yrbands_y25_34,edu_isced11_6,2018,3.161
guy,sex_t,age_10yrbands_y25_34,edu_isced11_6,2019,3.204
guy,sex_t,age_10yrbands_y25_34,edu_isced11_7,2018,0.284
guy,sex_t,age_10yrbands_y25_34,edu_isced11_7,2019,0.362
guy,sex_t,age_10yrbands_y25_34,edu_isced11_8,2018,0.088
guy,sex_t,age_10yrbands_y25_34,edu_isced11_8,2019,0.142
guy,sex_t,age_10yrbands_y25_34,edu_isced11_9,2018,10.057
guy,sex_t,age_10yrbands_y25_34,edu_isced11_9,2019,11.928
guy,sex_t,age_10yrbands_y25_34,edu_isced11_total,2018,98.981
guy,sex_t,age_10yrbands_y25_34,edu_isced11_total,2019,101.673
guy,sex_t,age_10yrbands_y25_34,edu_isced11_x,2018,0.512
guy,sex_t,age_10yrbands_y25_34,edu_isced11_x,2019,0.32
guy,sex_t,age_10yrbands_y35_44,edu_aggregate_adv,2018,5.341
guy,sex_t,age_10yrbands_y35_44,edu_aggregate_adv,2019,6.176
guy,sex_t,age_10yrbands_y35_44,edu_aggregate_bas,2018,45.841
guy,sex_t,age_10yrbands_y35_44,edu_aggregate_bas,2019,44.382
guy,sex_t,age_10yrbands_y35_44,edu_aggregate_int,2018,22.186
guy,sex_t,age_10yrbands_y35_44,edu_aggregate_int,2019,21.578
guy,sex_t,age_10yrbands_y35_44,edu_aggregate_ltb,2018,10.312
guy,sex_t,age_10yrbands_y35_44,edu_aggregate_ltb,2019,8.299
guy,sex_t,age_10yrbands_y35_44,edu_aggregate_total,2018,93.308
guy,sex_t,age_10yrbands_y35_44,edu_aggregate_total,2019,91.587
guy,sex_t,age_10yrbands_y35_44,edu_aggregate_x,2018,9.629
guy,sex_t,age_10yrbands_y35_44,edu_aggregate_x,2019,11.153
guy,sex_t,age_10yrbands_y35_44,edu_isced11_0,2018,9.409
guy,sex_t,age_10yrbands_y35_44,edu_isced11_0,2019,7.807
guy,sex_t,age_10yrbands_y35_44,edu_isced11_1,2018,7.517
guy,sex_t,age_10yrbands_y35_44,edu_isced11_1,2019,6.968
guy,sex_t,age_10yrbands_y35_44,edu_isced11_2,2018,38.324
guy,sex_t,age_10yrbands_y35_44,edu_isced11_2,2019,37.415
guy,sex_t,age_10yrbands_y35_44,edu_isced11_3,2018,17.047
guy,sex_t,age_10yrbands_y35_44,edu_isced11_3,2019,16.636
guy,sex_t,age_10yrbands_y35_44,edu_isced11_4,2018,5.139
guy,sex_t,age_10yrbands_y35_44,edu_isced11_4,2019,4.942
guy,sex_t,age_10yrbands_y35_44,edu_isced11_5,2018,2.287
guy,sex_t,age_10yrbands_y35_44,edu_isced11_5,2019,2.423
guy,sex_t,age_10yrbands_y35_44,edu_isced11_6,2018,2.648
guy,sex_t,age_10yrbands_y35_44,edu_isced11_6,2019,3.375
guy,sex_t,age_10yrbands_y35_44,edu_isced11_7,2018,0.359
guy,sex_t,age_10yrbands_y35_44,edu_isced11_7,2019,0.299
guy,sex_t,age_10yrbands_y35_44,edu_isced11_8,2018,0.046
guy,sex_t,age_10yrbands_y35_44,edu_isced11_8,2019,0.078
guy,sex_t,age_10yrbands_y35_44,edu_isced11_9,2018,9.629
guy,sex_t,age_10yrbands_y35_44,edu_isced11_9,2019,11.153
guy,sex_t,age_10yrbands_y35_44,edu_isced11_total,2018,93.308
guy,sex_t,age_10yrbands_y35_44,edu_isced11_total,2019,91.587
guy,sex_t,age_10yrbands_y35_44,edu_isced11_x,2018,0.902
guy,sex_t,age_10yrbands_y35_44,edu_isced11_x,2019,0.492
guy,sex_t,age_10yrbands_y45_54,edu_aggregate_adv,2018,3.497
guy,sex_t,age_10yrbands_y45_54,edu_aggregate_adv,2019,3.371
guy,sex_t,age_10yrbands_y45_54,edu_aggregate_bas,2018,47.891
guy,sex_t,age_10yrbands_y45_54,edu_aggregate_bas,2019,51.341
guy,sex_t,age_10yrbands_y45_54,edu_aggregate_int,2018,14.503
guy,sex_t,age_10yrbands_y45_54,edu_aggregate_int,2019,14.956
guy,sex_t,age_10yrbands_y45_54,edu_aggregate_ltb,2018,12.271
guy,sex_t,age_10yrbands_y45_54,edu_aggregate_ltb,2019,10.101
guy,sex_t,age_10yrbands_y45_54,edu_aggregate_total,2018,86.489
guy,sex_t,age_10yrbands_y45_54,edu_aggregate_total,2019,90.161
guy,sex_t,age_10yrbands_y45_54,edu_aggregate_x,2018,8.328
guy,sex_t,age_10yrbands_y45_54,edu_aggregate_x,2019,10.392
guy,sex_t,age_10yrbands_y45_54,edu_isced11_0,2018,11.281
guy,sex_t,age_10yrbands_y45_54,edu_isced11_0,2019,9.696
guy,sex_t,age_10yrbands_y45_54,edu_isced11_1,2018,9.681
guy,sex_t,age_10yrbands_y45_54,edu_isced11_1,2019,9.905
guy,sex_t,age_10yrbands_y45_54,edu_isced11_2,2018,38.209
guy,sex_t,age_10yrbands_y45_54,edu_isced11_2,2019,41.436
guy,sex_t,age_10yrbands_y45_54,edu_isced11_3,2018,11.577
guy,sex_t,age_10yrbands_y45_54,edu_isced11_3,2019,11.89
guy,sex_t,age_10yrbands_y45_54,edu_isced11_4,2018,2.926
guy,sex_t,age_10yrbands_y45_54,edu_isced11_4,2019,3.066
guy,sex_t,age_10yrbands_y45_54,edu_isced11_5,2018,1.723
guy,sex_t,age_10yrbands_y45_54,edu_isced11_5,2019,1.629
guy,sex_t,age_10yrbands_y45_54,edu_isced11_6,2018,1.406
guy,sex_t,age_10yrbands_y45_54,edu_isced11_6,2019,1.535
guy,sex_t,age_10yrbands_y45_54,edu_isced11_7,2018,0.305
guy,sex_t,age_10yrbands_y45_54,edu_isced11_7,2019,0.207
guy,sex_t,age_10yrbands_y45_54,edu_isced11_8,2018,0.063
guy,sex_t,age_10yrbands_y45_54,edu_isced11_9,2018,8.328
guy,sex_t,age_10yrbands_y45_54,edu_isced11_9,2019,10.392
guy,sex_t,age_10yrbands_y45_54,edu_isced11_total,2018,86.489
guy,sex_t,age_10yrbands_y45_54,edu_isced11_total,2019,90.161
guy,sex_t,age_10yrbands_y45_54,edu_isced11_x,2018,0.99
guy,sex_t,age_10yrbands_y45_54,edu_isced11_x,2019,0.405
guy,sex_t,age_10yrbands_y55_64,edu_aggregate_adv,2018,2.812
guy,sex_t,age_10yrbands_y55_64,edu_aggregate_adv,2019,3.084
guy,sex_t,age_10yrbands_y55_64,edu_aggregate_bas,2018,32.386
guy,sex_t,age_10yrbands_y55_64,edu_aggregate_bas,2019,36.139
guy,sex_t,age_10yrbands_y55_64,edu_aggregate_int,2018,9.819
guy,sex_t,age_10yrbands_y55_64,edu_aggregate_int,2019,10.281
guy,sex_t,age_10yrbands_y55_64,edu_aggregate_ltb,2018,13.34
guy,sex_t,age_10yrbands_y55_64,edu_aggregate_ltb,2019,12.207
guy,sex_t,age_10yrbands_y55_64,edu_aggregate_total,2018,64.176
guy,sex_t,age_10yrbands_y55_64,edu_aggregate_total,2019,68.895
guy,sex_t,age_10yrbands_y55_64,edu_aggregate_x,2018,5.82
guy,sex_t,age_10yrbands_y55_64,edu_aggregate_x,2019,7.185
guy,sex_t,age_10yrbands_y55_64,edu_isced11_0,2018,12.308
guy,sex_t,age_10yrbands_y55_64,edu_isced11_0,2019,11.857
guy,sex_t,age_10yrbands_y55_64,edu_isced11_1,2018,9.916
guy,sex_t,age_10yrbands_y55_64,edu_isced11_1,2019,8.725
guy,sex_t,age_10yrbands_y55_64,edu_isced11_2,2018,22.469
guy,sex_t,age_10yrbands_y55_64,edu_isced11_2,2019,27.414
guy,sex_t,age_10yrbands_y55_64,edu_isced11_3,2018,7.18
guy,sex_t,age_10yrbands_y55_64,edu_isced11_3,2019,7.92
guy,sex_t,age_10yrbands_y55_64,edu_isced11_4,2018,2.638
guy,sex_t,age_10yrbands_y55_64,edu_isced11_4,2019,2.36
guy,sex_t,age_10yrbands_y55_64,edu_isced11_5,2018,1.42
guy,sex_t,age_10yrbands_y55_64,edu_isced11_5,2019,1.467
guy,sex_t,age_10yrbands_y55_64,edu_isced11_6,2018,1.023
guy,sex_t,age_10yrbands_y55_64,edu_isced11_6,2019,1.299
guy,sex_t,age_10yrbands_y55_64,edu_isced11_7,2018,0.293
guy,sex_t,age_10yrbands_y55_64,edu_isced11_7,2019,0.293
guy,sex_t,age_10yrbands_y55_64,edu_isced11_8,2018,0.076
guy,sex_t,age_10yrbands_y55_64,edu_isced11_9,2018,5.82
guy,sex_t,age_10yrbands_y55_64,edu_isced11_9,2019,7.185
guy,sex_t,age_10yrbands_y55_64,edu_isced11_total,2018,64.176
guy,sex_t,age_10yrbands_y55_64,edu_isced11_total,2019,68.895
guy,sex_t,age_10yrbands_y55_64,edu_isced11_x,2018,1.032
guy,sex_t,age_10yrbands_y55_64,edu_isced11_x,2019,0.35
guy,sex_t,age_10yrbands_yge65,edu_aggregate_adv,2018,2.223
guy,sex_t,age_10yrbands_yge65,edu_aggregate_adv,2019,2.222
guy,sex_t,age_10yrbands_yge65,edu_aggregate_bas,2018,28.031
guy,sex_t,age_10yrbands_yge65,edu_aggregate_bas,2019,30.079
guy,sex_t,age_10yrbands_yge65,edu_aggregate_int,2018,6.249
guy,sex_t,age_10yrbands_yge65,edu_aggregate_int,2019,6.877
guy,sex_t,age_10yrbands_yge65,edu_aggregate_ltb,2018,13.148
guy,sex_t,age_10yrbands_yge65,edu_aggregate_ltb,2019,15.033
guy,sex_t,age_10yrbands_yge65,edu_aggregate_total,2018,54.08
guy,sex_t,age_10yrbands_yge65,edu_aggregate_total,2019,60.298
guy,sex_t,age_10yrbands_yge65,edu_aggregate_x,2018,4.429
guy,sex_t,age_10yrbands_yge65,edu_aggregate_x,2019,6.087
guy,sex_t,age_10yrbands_yge65,edu_isced11_0,2018,11.901
guy,sex_t,age_10yrbands_yge65,edu_isced11_0,2019,13.669
guy,sex_t,age_10yrbands_yge65,edu_isced11_1,2018,14.265
guy,sex_t,age_10yrbands_yge65,edu_isced11_1,2019,13.668
guy,sex_t,age_10yrbands_yge65,edu_isced11_2,2018,13.765
guy,sex_t,age_10yrbands_yge65,edu_isced11_2,2019,16.41
guy,sex_t,age_10yrbands_yge65,edu_isced11_3,2018,4.152
guy,sex_t,age_10yrbands_yge65,edu_isced11_3,2019,4.33
guy,sex_t,age_10yrbands_yge65,edu_isced11_4,2018,2.097
guy,sex_t,age_10yrbands_yge65,edu_isced11_4,2019,2.548
guy,sex_t,age_10yrbands_yge65,edu_isced11_5,2018,1.06
guy,sex_t,age_10yrbands_yge65,edu_isced11_5,2019,0.957
guy,sex_t,age_10yrbands_yge65,edu_isced11_6,2018,0.793
guy,sex_t,age_10yrbands_yge65,edu_isced11_6,2019,1.025
guy,sex_t,age_10yrbands_yge65,edu_isced11_7,2018,0.322
guy,sex_t,age_10yrbands_yge65,edu_isced11_7,2019,0.202
guy,sex_t,age_10yrbands_yge65,edu_isced11_8,2018,0.048
guy,sex_t,age_10yrbands_yge65,edu_isced11_9,2018,4.429
guy,sex_t,age_10yrbands_yge65,edu_isced11_9,2019,6.087
guy,sex_t,age_10yrbands_yge65,edu_isced11_total,2018,54.08
guy,sex_t,age_10yrbands_yge65,edu_isced11_total,2019,60.298
guy,sex_t,age_10yrbands_yge65,edu_isced11_x,2018,1.247
guy,sex_t,age_10yrbands_yge65,edu_isced11_x,2019,1.364
guy,sex_t,age_aggregate_total,edu_aggregate_adv,2018,24.629
guy,sex_t,age_aggregate_total,edu_aggregate_adv,2019,25.753
guy,sex_t,age_aggregate_total,edu_aggregate_bas,2018,257.156
guy,sex_t,age_aggregate_total,edu_aggregate_bas,2019,265.976
guy,sex_t,age_aggregate_total,edu_aggregate_int,2018,151.461
guy,sex_t,age_aggregate_total,edu_aggregate_int,2019,151.073
guy,sex_t,age_aggregate_total,edu_aggregate_ltb,2018,57.195
guy,sex_t,age_aggregate_total,edu_aggregate_ltb,2019,51.357
guy,sex_t,age_aggregate_total,edu_aggregate_total,2018,540.711
guy,sex_t,age_aggregate_total,edu_aggregate_total,2019,556.769
guy,sex_t,age_aggregate_total,edu_aggregate_x,2018,50.269
guy,sex_t,age_aggregate_total,edu_aggregate_x,2019,62.609
guy,sex_t,age_aggregate_total,edu_isced11_0,2018,52.035
guy,sex_t,age_aggregate_total,edu_isced11_0,2019,48.065
guy,sex_t,age_aggregate_total,edu_isced11_1,2018,47.749
guy,sex_t,age_aggregate_total,edu_isced11_1,2019,45.221
guy,sex_t,age_aggregate_total,edu_isced11_2,2018,209.407
guy,sex_t,age_aggregate_total,edu_isced11_2,2019,220.755
guy,sex_t,age_aggregate_total,edu_isced11_3,2018,125.413
guy,sex_t,age_aggregate_total,edu_isced11_3,2019,125.52
guy,sex_t,age_aggregate_total,edu_isced11_4,2018,26.049
guy,sex_t,age_aggregate_total,edu_isced11_4,2019,25.553
guy,sex_t,age_aggregate_total,edu_isced11_5,2018,12.121
guy,sex_t,age_aggregate_total,edu_isced11_5,2019,12.32
guy,sex_t,age_aggregate_total,edu_isced11_6,2018,10.59
guy,sex_t,age_aggregate_total,edu_isced11_6,2019,11.755
guy,sex_t,age_aggregate_total,edu_isced11_7,2018,1.59
guy,sex_t,age_aggregate_total,edu_isced11_7,2019,1.363
guy,sex_t,age_aggregate_total,edu_isced11_8,2018,0.329
guy,sex_t,age_aggregate_total,edu_isced11_8,2019,0.315
guy,sex_t,age_aggregate_total,edu_isced11_9,2018,50.269
guy,sex_t,age_aggregate_total,edu_isced11_9,2019,62.609
guy,sex_t,age_aggregate_total,edu_isced11_total,2018,540.711
guy,sex_t,age_aggregate_total,edu_isced11_total,2019,556.769
guy,sex_t,age_aggregate_total,edu_isced11_x,2018,5.16
guy,sex_t,age_aggregate_total,edu_isced11_x,2019,3.293
guy,sex_t,age_aggregate_y15_24,edu_aggregate_adv,2018,3.894
guy,sex_t,age_aggregate_y15_24,edu_aggregate_adv,2019,3.723
guy,sex_t,age_aggregate_y15_24,edu_aggregate_bas,2018,63.484
guy,sex_t,age_aggregate_y15_24,edu_aggregate_bas,2019,63.273
guy,sex_t,age_aggregate_y15_24,edu_aggregate_int,2018,61.59
guy,sex_t,age_aggregate_y15_24,edu_aggregate_int,2019,59.624
guy,sex_t,age_aggregate_y15_24,edu_aggregate_ltb,2018,2.705
guy,sex_t,age_aggregate_y15_24,edu_aggregate_ltb,2019,1.67
guy,sex_t,age_aggregate_y15_24,edu_aggregate_total,2018,143.677
guy,sex_t,age_aggregate_y15_24,edu_aggregate_total,2019,144.156
guy,sex_t,age_aggregate_y15_24,edu_aggregate_x,2018,12.005
guy,sex_t,age_aggregate_y15_24,edu_aggregate_x,2019,15.865
guy,sex_t,age_aggregate_y15_24,edu_isced11_0,2018,2.228
guy,sex_t,age_aggregate_y15_24,edu_isced11_0,2019,1.308
guy,sex_t,age_aggregate_y15_24,edu_isced11_1,2018,2.31
guy,sex_t,age_aggregate_y15_24,edu_isced11_1,2019,1.946
guy,sex_t,age_aggregate_y15_24,edu_isced11_2,2018,61.174
guy,sex_t,age_aggregate_y15_24,edu_isced11_2,2019,61.327
guy,sex_t,age_aggregate_y15_24,edu_isced11_3,2018,55.254
guy,sex_t,age_aggregate_y15_24,edu_isced11_3,2019,53.498
guy,sex_t,age_aggregate_y15_24,edu_isced11_4,2018,6.336
guy,sex_t,age_aggregate_y15_24,edu_isced11_4,2019,6.126
guy,sex_t,age_aggregate_y15_24,edu_isced11_5,2018,2.301
guy,sex_t,age_aggregate_y15_24,edu_isced11_5,2019,2.375
guy,sex_t,age_aggregate_y15_24,edu_isced11_6,2018,1.558
guy,sex_t,age_aggregate_y15_24,edu_isced11_6,2019,1.318
guy,sex_t,age_aggregate_y15_24,edu_isced11_7,2018,0.027
guy,sex_t,age_aggregate_y15_24,edu_isced11_8,2018,0.008
guy,sex_t,age_aggregate_y15_24,edu_isced11_9,2018,12.005
guy,sex_t,age_aggregate_y15_24,edu_isced11_9,2019,15.865
guy,sex_t,age_aggregate_y15_24,edu_isced11_total,2018,143.677
guy,sex_t,age_aggregate_y15_24,edu_isced11_total,2019,144.156
guy,sex_t,age_aggregate_y15_24,edu_isced11_x,2018,0.477
guy,sex_t,age_aggregate_y15_24,edu_isced11_x,2019,0.362
guy,sex_t,age_aggregate_y25_54,edu_aggregate_adv,2018,15.701
guy,sex_t,age_aggregate_y25_54,edu_aggregate_adv,2019,16.724
guy,sex_t,age_aggregate_y25_54,edu_aggregate_bas,2018,133.257
guy,sex_t,age_aggregate_y25_54,edu_aggregate_bas,2019,136.486
guy,sex_t,age_aggregate_y25_54,edu_aggregate_int,2018,73.804
guy,sex_t,age_aggregate_y25_54,edu_aggregate_int,2019,74.291
guy,sex_t,age_aggregate_y25_54,edu_aggregate_ltb,2018,28.002
guy,sex_t,age_aggregate_y25_54,edu_aggregate_ltb,2019,22.448
guy,sex_t,age_aggregate_y25_54,edu_aggregate_total,2018,278.778
guy,sex_t,age_aggregate_y25_54,edu_aggregate_total,2019,283.421
guy,sex_t,age_aggregate_y25_54,edu_aggregate_x,2018,28.015
guy,sex_t,age_aggregate_y25_54,edu_aggregate_x,2019,33.473
guy,sex_t,age_aggregate_y25_54,edu_isced11_0,2018,25.598
guy,sex_t,age_aggregate_y25_54,edu_isced11_0,2019,21.231
guy,sex_t,age_aggregate_y25_54,edu_isced11_1,2018,21.258
guy,sex_t,age_aggregate_y25_54,edu_isced11_1,2019,20.882
guy,sex_t,age_aggregate_y25_54,edu_isced11_2,2018,111.999
guy,sex_t,age_aggregate_y25_54,edu_isced11_2,2019,115.604
guy,sex_t,age_aggregate_y25_54,edu_isced11_3,2018,58.827
guy,sex_t,age_aggregate_y25_54,edu_isced11_3,2019,59.772
guy,sex_t,age_aggregate_y25_54,edu_isced11_4,2018,14.978
guy,sex_t,age_aggregate_y25_54,edu_isced11_4,2019,14.519
guy,sex_t,age_aggregate_y25_54,edu_isced11_5,2018,7.34
guy,sex_t,age_aggregate_y25_54,edu_isced11_5,2019,7.522
guy,sex_t,age_aggregate_y25_54,edu_isced11_6,2018,7.216
guy,sex_t,age_aggregate_y25_54,edu_isced11_6,2019,8.114
guy,sex_t,age_aggregate_y25_54,edu_isced11_7,2018,0.948
guy,sex_t,age_aggregate_y25_54,edu_isced11_7,2019,0.868
guy,sex_t,age_aggregate_y25_54,edu_isced11_8,2018,0.198
guy,sex_t,age_aggregate_y25_54,edu_isced11_8,2019,0.221
guy,sex_t,age_aggregate_y25_54,edu_isced11_9,2018,28.015
guy,sex_t,age_aggregate_y25_54,edu_isced11_9,2019,33.473
guy,sex_t,age_aggregate_y25_54,edu_isced11_total,2018,278.778
guy,sex_t,age_aggregate_y25_54,edu_isced11_total,2019,283.421
guy,sex_t,age_aggregate_y25_54,edu_isced11_x,2018,2.404
guy,sex_t,age_aggregate_y25_54,edu_isced11_x,2019,1.217
guy,sex_t,age_aggregate_y55_64,edu_aggregate_adv,2018,2.812
guy,sex_t,age_aggregate_y55_64,edu_aggregate_adv,2019,3.084
guy,sex_t,age_aggregate_y55_64,edu_aggregate_bas,2018,32.386
guy,sex_t,age_aggregate_y55_64,edu_aggregate_bas,2019,36.139
guy,sex_t,age_aggregate_y55_64,edu_aggregate_int,2018,9.819
guy,sex_t,age_aggregate_y55_64,edu_aggregate_int,2019,10.281
guy,sex_t,age_aggregate_y55_64,edu_aggregate_ltb,2018,13.34
guy,sex_t,age_aggregate_y55_64,edu_aggregate_ltb,2019,12.207
guy,sex_t,age_aggregate_y55_64,edu_aggregate_total,2018,64.176
guy,sex_t,age_aggregate_y55_64,edu_aggregate_total,2019,68.895
guy,sex_t,age_aggregate_y55_64,edu_aggregate_x,2018,5.82
guy,sex_t,age_aggregate_y55_64,edu_aggregate_x,2019,7.185
guy,sex_t,age_aggregate_y55_64,edu_isced11_0,2018,12.308
guy,sex_t,age_aggregate_y55_64,edu_isced11_0,2019,11.857
guy,sex_t,age_aggregate_y55_64,edu_isced11_1,2018,9.916
guy,sex_t,age_aggregate_y55_64,edu_isced11_1,2019,8.725
guy,sex_t,age_aggregate_y55_64,edu_isced11_2,2018,22.469
guy,sex_t,age_aggregate_y55_64,edu_isced11_2,2019,27.414
guy,sex_t,age_aggregate_y55_64,edu_isced11_3,2018,7.18
guy,sex_t,age_aggregate_y55_64,edu_isced11_3,2019,7.92
guy,sex_t,age_aggregate_y55_64,edu_isced11_4,2018,2.638
guy,sex_t,age_aggregate_y55_64,edu_isced11_4,2019,2.36
guy,sex_t,age_aggregate_y55_64,edu_isced11_5,2018,1.42
guy,sex_t,age_aggregate_y55_64,edu_isced11_5,2019,1.467
guy,sex_t,age_aggregate_y55_64,edu_isced11_6,2018,1.023
guy,sex_t,age_aggregate_y55_64,edu_isced11_6,2019,1.299
guy,sex_t,age_aggregate_y55_64,edu_isced11_7,2018,0.293
guy,sex_t,age_aggregate_y55_64,edu_isced11_7,2019,0.293
guy,sex_t,age_aggregate_y55_64,edu_isced11_8,2018,0.076
guy,sex_t,age_aggregate_y55_64,edu_isced11_9,2018,5.82
guy,sex_t,age_aggregate_y55_64,edu_isced11_9,2019,7.185
guy,sex_t,age_aggregate_y55_64,edu_isced11_total,2018,64.176
guy,sex_t,age_aggregate_y55_64,edu_isced11_total,2019,68.895
guy,sex_t,age_aggregate_y55_64,edu_isced11_x,2018,1.032
guy,sex_t,age_aggregate_y55_64,edu_isced11_x,2019,0.35
guy,sex_t,age_aggregate_yge65,edu_aggregate_adv,2018,2.223
guy,sex_t,age_aggregate_yge65,edu_aggregate_adv,2019,2.222
guy,sex_t,age_aggregate_yge65,edu_aggregate_bas,2018,28.031
guy,sex_t,age_aggregate_yge65,edu_aggregate_bas,2019,30.079
guy,sex_t,age_aggregate_yge65,edu_aggregate_int,2018,6.249
guy,sex_t,age_aggregate_yge65,edu_aggregate_int,2019,6.877
guy,sex_t,age_aggregate_yge65,edu_aggregate_ltb,2018,13.148
guy,sex_t,age_aggregate_yge65,edu_aggregate_ltb,2019,15.033
guy,sex_t,age_aggregate_yge65,edu_aggregate_total,2018,54.08
guy,sex_t,age_aggregate_yge65,edu_aggregate_total,2019,60.298
guy,sex_t,age_aggregate_yge65,edu_aggregate_x,2018,4.429
guy,sex_t,age_aggregate_yge65,edu_aggregate_x,2019,6.087
guy,sex_t,age_aggregate_yge65,edu_isced11_0,2018,11.901
guy,sex_t,age_aggregate_yge65,edu_isced11_0,2019,13.669
guy,sex_t,age_aggregate_yge65,edu_isced11_1,2018,14.265
guy,sex_t,age_aggregate_yge65,edu_isced11_1,2019,13.668
guy,sex_t,age_aggregate_yge65,edu_isced11_2,2018,13.765
guy,sex_t,age_aggregate_yge65,edu_isced11_2,2019,16.41
guy,sex_t,age_aggregate_yge65,edu_isced11_3,2018,4.152
guy,sex_t,age_aggregate_yge65,edu_isced11_3,2019,4.33
guy,sex_t,age_aggregate_yge65,edu_isced11_4,2018,2.097
guy,sex_t,age_aggregate_yge65,edu_isced11_4,2019,2.548
guy,sex_t,age_aggregate_yge65,edu_isced11_5,2018,1.06
guy,sex_t,age_aggregate_yge65,edu_isced11_5,2019,0.957
guy,sex_t,age_aggregate_yge65,edu_isced11_6,2018,0.793
guy,sex_t,age_aggregate_yge65,edu_isced11_6,2019,1.025
guy,sex_t,age_aggregate_yge65,edu_isced11_7,2018,0.322
guy,sex_t,age_aggregate_yge65,edu_isced11_7,2019,0.202
guy,sex_t,age_aggregate_yge65,edu_isced11_8,2018,0.048
guy,sex_t,age_aggregate_yge65,edu_isced11_9,2018,4.429
guy,sex_t,age_aggregate_yge65,edu_isced11_9,2019,6.087
guy,sex_t,age_aggregate_yge65,edu_isced11_total,2018,54.08
guy,sex_t,age_aggregate_yge65,edu_isced11_total,2019,60.298
guy,sex_t,age_aggregate_yge65,edu_isced11_x,2018,1.247
guy,sex_t,age_aggregate_yge65,edu_isced11_x,2019,1.364
guy,sex_t,age_ythadult_y15_24,edu_aggregate_adv,2018,3.894
guy,sex_t,age_ythadult_y15_24,edu_aggregate_adv,2019,3.723
guy,sex_t,age_ythadult_y15_24,edu_aggregate_bas,2018,63.484
guy,sex_t,age_ythadult_y15_24,edu_aggregate_bas,2019,63.273
guy,sex_t,age_ythadult_y15_24,edu_aggregate_int,2018,61.59
guy,sex_t,age_ythadult_y15_24,edu_aggregate_int,2019,59.624
guy,sex_t,age_ythadult_y15_24,edu_aggregate_ltb,2018,2.705
guy,sex_t,age_ythadult_y15_24,edu_aggregate_ltb,2019,1.67
guy,sex_t,age_ythadult_y15_24,edu_aggregate_total,2018,143.677
guy,sex_t,age_ythadult_y15_24,edu_aggregate_total,2019,144.156
guy,sex_t,age_ythadult_y15_24,edu_aggregate_x,2018,12.005
guy,sex_t,age_ythadult_y15_24,edu_aggregate_x,2019,15.865
guy,sex_t,age_ythadult_y15_24,edu_isced11_0,2018,2.228
guy,sex_t,age_ythadult_y15_24,edu_isced11_0,2019,1.308
guy,sex_t,age_ythadult_y15_24,edu_isced11_1,2018,2.31
guy,sex_t,age_ythadult_y15_24,edu_isced11_1,2019,1.946
guy,sex_t,age_ythadult_y15_24,edu_isced11_2,2018,61.174
guy,sex_t,age_ythadult_y15_24,edu_isced11_2,2019,61.327
guy,sex_t,age_ythadult_y15_24,edu_isced11_3,2018,55.254
guy,sex_t,age_ythadult_y15_24,edu_isced11_3,2019,53.498
guy,sex_t,age_ythadult_y15_24,edu_isced11_4,2018,6.336
guy,sex_t,age_ythadult_y15_24,edu_isced11_4,2019,6.126
guy,sex_t,age_ythadult_y15_24,edu_isced11_5,2018,2.301
guy,sex_t,age_ythadult_y15_24,edu_isced11_5,2019,2.375
guy,sex_t,age_ythadult_y15_24,edu_isced11_6,2018,1.558
guy,sex_t,age_ythadult_y15_24,edu_isced11_6,2019,1.318
guy,sex_t,age_ythadult_y15_24,edu_isced11_7,2018,0.027
guy,sex_t,age_ythadult_y15_24,edu_isced11_8,2018,0.008
guy,sex_t,age_ythadult_y15_24,edu_isced11_9,2018,12.005
guy,sex_t,age_ythadult_y15_24,edu_isced11_9,2019,15.865
guy,sex_t,age_ythadult_y15_24,edu_isced11_total,2018,143.677
guy,sex_t,age_ythadult_y15_24,edu_isced11_total,2019,144.156
guy,sex_t,age_ythadult_y15_24,edu_isced11_x,2018,0.477
guy,sex_t,age_ythadult_y15_24,edu_isced11_x,2019,0.362
guy,sex_t,age_ythadult_y15_64,edu_aggregate_adv,2018,22.406
guy,sex_t,age_ythadult_y15_64,edu_aggregate_adv,2019,23.531
guy,sex_t,age_ythadult_y15_64,edu_aggregate_bas,2018,229.126
guy,sex_t,age_ythadult_y15_64,edu_aggregate_bas,2019,235.897
guy,sex_t,age_ythadult_y15_64,edu_aggregate_int,2018,145.212
guy,sex_t,age_ythadult_y15_64,edu_aggregate_int,2019,144.196
guy,sex_t,age_ythadult_y15_64,edu_aggregate_ltb,2018,44.047
guy,sex_t,age_ythadult_y15_64,edu_aggregate_ltb,2019,36.325
guy,sex_t,age_ythadult_y15_64,edu_aggregate_total,2018,486.631
guy,sex_t,age_ythadult_y15_64,edu_aggregate_total,2019,496.471
guy,sex_t,age_ythadult_y15_64,edu_aggregate_x,2018,45.84
guy,sex_t,age_ythadult_y15_64,edu_aggregate_x,2019,56.523
guy,sex_t,age_ythadult_y15_64,edu_isced11_0,2018,40.134
guy,sex_t,age_ythadult_y15_64,edu_isced11_0,2019,34.396
guy,sex_t,age_ythadult_y15_64,edu_isced11_1,2018,33.484
guy,sex_t,age_ythadult_y15_64,edu_isced11_1,2019,31.553
guy,sex_t,age_ythadult_y15_64,edu_isced11_2,2018,195.642
guy,sex_t,age_ythadult_y15_64,edu_isced11_2,2019,204.345
guy,sex_t,age_ythadult_y15_64,edu_isced11_3,2018,121.261
guy,sex_t,age_ythadult_y15_64,edu_isced11_3,2019,121.19
guy,sex_t,age_ythadult_y15_64,edu_isced11_4,2018,23.952
guy,sex_t,age_ythadult_y15_64,edu_isced11_4,2019,23.006
guy,sex_t,age_ythadult_y15_64,edu_isced11_5,2018,11.061
guy,sex_t,age_ythadult_y15_64,edu_isced11_5,2019,11.363
guy,sex_t,age_ythadult_y15_64,edu_isced11_6,2018,9.797
guy,sex_t,age_ythadult_y15_64,edu_isced11_6,2019,10.73
guy,sex_t,age_ythadult_y15_64,edu_isced11_7,2018,1.268
guy,sex_t,age_ythadult_y15_64,edu_isced11_8,2018,0.281
guy,sex_t,age_ythadult_y15_64,edu_isced11_8,2019,0.276
guy,sex_t,age_ythadult_y15_64,edu_isced11_9,2018,45.84
guy,sex_t,age_ythadult_y15_64,edu_isced11_9,2019,56.523
guy,sex_t,age_ythadult_y15_64,edu_isced11_total,2018,486.631
guy,sex_t,age_ythadult_y15_64,edu_isced11_total,2019,496.471
guy,sex_t,age_ythadult_y15_64,edu_isced11_x,2018,3.913
guy,sex_t,age_ythadult_y15_64,edu_isced11_x,2019,1.929
guy,sex_t,age_ythadult_yge15,edu_aggregate_adv,2018,24.629
guy,sex_t,age_ythadult_yge15,edu_aggregate_adv,2019,25.753
guy,sex_t,age_ythadult_yge15,edu_aggregate_bas,2018,257.156
guy,sex_t,age_ythadult_yge15,edu_aggregate_bas,2019,265.976
guy,sex_t,age_ythadult_yge15,edu_aggregate_int,2018,151.461
guy,sex_t,age_ythadult_yge15,edu_aggregate_int,2019,151.073
guy,sex_t,age_ythadult_yge15,edu_aggregate_ltb,2018,57.195
guy,sex_t,age_ythadult_yge15,edu_aggregate_ltb,2019,51.357
guy,sex_t,age_ythadult_yge15,edu_aggregate_total,2018,540.711
guy,sex_t,age_ythadult_yge15,edu_aggregate_total,2019,556.769
guy,sex_t,age_ythadult_yge15,edu_aggregate_x,2018,50.269
guy,sex_t,age_ythadult_yge15,edu_aggregate_x,2019,62.609
guy,sex_t,age_ythadult_yge15,edu_isced11_0,2018,52.035
guy,sex_t,age_ythadult_yge15,edu_isced11_0,2019,48.065
guy,sex_t,age_ythadult_yge15,edu_isced11_1,2018,47.749
guy,sex_t,age_ythadult_yge15,edu_isced11_1,2019,45.221
guy,sex_t,age_ythadult_yge15,edu_isced11_2,2018,209.407
guy,sex_t,age_ythadult_yge15,edu_isced11_2,2019,220.755
guy,sex_t,age_ythadult_yge15,edu_isced11_3,2018,125.413
guy,sex_t,age_ythadult_yge15,edu_isced11_3,2019,125.52
guy,sex_t,age_ythadult_yge15,edu_isced11_4,2018,26.049
guy,sex_t,age_ythadult_yge15,edu_isced11_4,2019,25.553
guy,sex_t,age_ythadult_yge15,edu_isced11_5,2018,12.121
guy,sex_t,age_ythadult_yge15,edu_isced11_5,2019,12.32
guy,sex_t,age_ythadult_yge15,edu_isced11_6,2018,10.59
guy,sex_t,age_ythadult_yge15,edu_isced11_6,2019,11.755
guy,sex_t,age_ythadult_yge15,edu_isced11_7,2018,1.59
guy,sex_t,age_ythadult_yge15,edu_isced11_7,2019,1.363
guy,sex_t,age_ythadult_yge15,edu_isced11_8,2018,0.329
guy,sex_t,age_ythadult_yge15,edu_isced11_8,2019,0.315
guy,sex_t,age_ythadult_yge15,edu_isced11_9,2018,50.269
guy,sex_t,age_ythadult_yge15,edu_isced11_9,2019,62.609
guy,sex_t,age_ythadult_yge15,edu_isced11_total,2018,540.711
guy,sex_t,age_ythadult_yge15,edu_isced11_total,2019,556.769
guy,sex_t,age_ythadult_yge15,edu_isced11_x,2018,5.16
guy,sex_t,age_ythadult_yge15,edu_isced11_x,2019,3.293
guy,sex_t,age_ythadult_yge25,edu_aggregate_adv,2018,20.735
guy,sex_t,age_ythadult_yge25,edu_aggregate_adv,2019,22.03
guy,sex_t,age_ythadult_yge25,edu_aggregate_bas,2018,193.673
guy,sex_t,age_ythadult_yge25,edu_aggregate_bas,2019,202.703
guy,sex_t,age_ythadult_yge25,edu_aggregate_int,2018,89.872
guy,sex_t,age_ythadult_yge25,edu_aggregate_int,2019,91.449
guy,sex_t,age_ythadult_yge25,edu_aggregate_ltb,2018,54.49
guy,sex_t,age_ythadult_yge25,edu_aggregate_ltb,2019,49.687
guy,sex_t,age_ythadult_yge25,edu_aggregate_total,2018,397.034
guy,sex_t,age_ythadult_yge25,edu_aggregate_total,2019,412.614
guy,sex_t,age_ythadult_yge25,edu_aggregate_x,2018,38.264
guy,sex_t,age_ythadult_yge25,edu_aggregate_x,2019,46.744
guy,sex_t,age_ythadult_yge25,edu_isced11_0,2018,49.806
guy,sex_t,age_ythadult_yge25,edu_isced11_0,2019,46.757
guy,sex_t,age_ythadult_yge25,edu_isced11_1,2018,45.439
guy,sex_t,age_ythadult_yge25,edu_isced11_1,2019,43.275
guy,sex_t,age_ythadult_yge25,edu_isced11_2,2018,148.233
guy,sex_t,age_ythadult_yge25,edu_isced11_2,2019,159.428
guy,sex_t,age_ythadult_yge25,edu_isced11_3,2018,70.159
guy,sex_t,age_ythadult_yge25,edu_isced11_3,2019,72.022
guy,sex_t,age_ythadult_yge25,edu_isced11_4,2018,19.713
guy,sex_t,age_ythadult_yge25,edu_isced11_4,2019,19.427
guy,sex_t,age_ythadult_yge25,edu_isced11_5,2018,9.819
guy,sex_t,age_ythadult_yge25,edu_isced11_5,2019,9.945
guy,sex_t,age_ythadult_yge25,edu_isced11_6,2018,9.032
guy,sex_t,age_ythadult_yge25,edu_isced11_6,2019,10.437
guy,sex_t,age_ythadult_yge25,edu_isced11_7,2018,1.563
guy,sex_t,age_ythadult_yge25,edu_isced11_7,2019,1.363
guy,sex_t,age_ythadult_yge25,edu_isced11_8,2018,0.321
guy,sex_t,age_ythadult_yge25,edu_isced11_8,2019,0.285
guy,sex_t,age_ythadult_yge25,edu_isced11_9,2018,38.264
guy,sex_t,age_ythadult_yge25,edu_isced11_9,2019,46.744
guy,sex_t,age_ythadult_yge25,edu_isced11_total,2018,397.034
guy,sex_t,age_ythadult_yge25,edu_isced11_total,2019,412.614
guy,sex_t,age_ythadult_yge25,edu_isced11_x,2018,4.684
guy,sex_t,age_ythadult_yge25,edu_isced11_x,2019,2.931
