ref_area,sex,classif1,classif2,time,eap_dwap_sex_age_mts_rt
zwe,sex_f,age_10yrbands_total,mts_aggregate_1,2011,71.808
zwe,sex_f,age_10yrbands_total,mts_aggregate_1,2014,75.52
zwe,sex_f,age_10yrbands_total,mts_aggregate_1,2019,52.364
zwe,sex_f,age_10yrbands_total,mts_aggregate_1,2021,53.32
zwe,sex_f,age_10yrbands_total,mts_aggregate_1,2022,50.905
zwe,sex_f,age_10yrbands_total,mts_aggregate_1,2023,55.466
zwe,sex_f,age_10yrbands_total,mts_aggregate_2,2011,82.079
zwe,sex_f,age_10yrbands_total,mts_aggregate_2,2014,83.756
zwe,sex_f,age_10yrbands_total,mts_aggregate_2,2019,67.498
zwe,sex_f,age_10yrbands_total,mts_aggregate_2,2021,65.537
zwe,sex_f,age_10yrbands_total,mts_aggregate_2,2022,63.962
zwe,sex_f,age_10yrbands_total,mts_aggregate_2,2023,67.24
zwe,sex_f,age_10yrbands_total,mts_aggregate_total,2011,77.47
zwe,sex_f,age_10yrbands_total,mts_aggregate_total,2014,80.253
zwe,sex_f,age_10yrbands_total,mts_aggregate_total,2019,60.691
zwe,sex_f,age_10yrbands_total,mts_aggregate_total,2021,60.014
zwe,sex_f,age_10yrbands_total,mts_aggregate_total,2022,59.708
zwe,sex_f,age_10yrbands_total,mts_aggregate_total,2023,62.099
zwe,sex_f,age_10yrbands_total,mts_aggregate_x,2011,56.935
zwe,sex_f,age_10yrbands_total,mts_aggregate_x,2014,69.999
zwe,sex_f,age_10yrbands_total,mts_aggregate_x,2022,64.359
zwe,sex_f,age_10yrbands_total,mts_aggregate_x,2023,62.069
zwe,sex_f,age_10yrbands_total,mts_details_mrd,2011,82.079
zwe,sex_f,age_10yrbands_total,mts_details_mrd,2014,83.756
zwe,sex_f,age_10yrbands_total,mts_details_mrd,2019,67.498
zwe,sex_f,age_10yrbands_total,mts_details_mrd,2021,65.537
zwe,sex_f,age_10yrbands_total,mts_details_mrd,2022,63.962
zwe,sex_f,age_10yrbands_total,mts_details_mrd,2023,67.24
zwe,sex_f,age_10yrbands_total,mts_details_sep,2011,86.524
zwe,sex_f,age_10yrbands_total,mts_details_sep,2014,89.686
zwe,sex_f,age_10yrbands_total,mts_details_sep,2019,70.435
zwe,sex_f,age_10yrbands_total,mts_details_sep,2021,74.579
zwe,sex_f,age_10yrbands_total,mts_details_sep,2022,75.268
zwe,sex_f,age_10yrbands_total,mts_details_sep,2023,77.113
zwe,sex_f,age_10yrbands_total,mts_details_sgle,2011,62.92
zwe,sex_f,age_10yrbands_total,mts_details_sgle,2014,66.633
zwe,sex_f,age_10yrbands_total,mts_details_sgle,2019,41.55
zwe,sex_f,age_10yrbands_total,mts_details_sgle,2021,43.186
zwe,sex_f,age_10yrbands_total,mts_details_sgle,2022,37.697
zwe,sex_f,age_10yrbands_total,mts_details_sgle,2023,41.709
zwe,sex_f,age_10yrbands_total,mts_details_total,2011,77.47
zwe,sex_f,age_10yrbands_total,mts_details_total,2014,80.253
zwe,sex_f,age_10yrbands_total,mts_details_total,2019,60.691
zwe,sex_f,age_10yrbands_total,mts_details_total,2021,60.014
zwe,sex_f,age_10yrbands_total,mts_details_total,2022,59.708
zwe,sex_f,age_10yrbands_total,mts_details_total,2023,62.099
zwe,sex_f,age_10yrbands_total,mts_details_wid,2011,77.651
zwe,sex_f,age_10yrbands_total,mts_details_wid,2014,80.238
zwe,sex_f,age_10yrbands_total,mts_details_wid,2019,56.353
zwe,sex_f,age_10yrbands_total,mts_details_wid,2021,54.34
zwe,sex_f,age_10yrbands_total,mts_details_wid,2022,54.454
zwe,sex_f,age_10yrbands_total,mts_details_wid,2023,61.483
zwe,sex_f,age_10yrbands_total,mts_details_x,2011,56.935
zwe,sex_f,age_10yrbands_total,mts_details_x,2014,69.999
zwe,sex_f,age_10yrbands_total,mts_details_x,2022,64.359
zwe,sex_f,age_10yrbands_total,mts_details_x,2023,62.069
zwe,sex_f,age_10yrbands_y15_24,mts_aggregate_1,2011,62.439
zwe,sex_f,age_10yrbands_y15_24,mts_aggregate_1,2014,67.07
zwe,sex_f,age_10yrbands_y15_24,mts_aggregate_1,2019,37.966
zwe,sex_f,age_10yrbands_y15_24,mts_aggregate_1,2021,40.083
zwe,sex_f,age_10yrbands_y15_24,mts_aggregate_1,2022,34.593
zwe,sex_f,age_10yrbands_y15_24,mts_aggregate_1,2023,37.843
zwe,sex_f,age_10yrbands_y15_24,mts_aggregate_2,2011,75.719
zwe,sex_f,age_10yrbands_y15_24,mts_aggregate_2,2014,76.828
zwe,sex_f,age_10yrbands_y15_24,mts_aggregate_2,2019,53.148
zwe,sex_f,age_10yrbands_y15_24,mts_aggregate_2,2021,52.275
zwe,sex_f,age_10yrbands_y15_24,mts_aggregate_2,2022,49.748
zwe,sex_f,age_10yrbands_y15_24,mts_aggregate_2,2023,54.926
zwe,sex_f,age_10yrbands_y15_24,mts_aggregate_total,2011,67.592
zwe,sex_f,age_10yrbands_y15_24,mts_aggregate_total,2014,70.879
zwe,sex_f,age_10yrbands_y15_24,mts_aggregate_total,2019,43.085
zwe,sex_f,age_10yrbands_y15_24,mts_aggregate_total,2021,44.108
zwe,sex_f,age_10yrbands_y15_24,mts_aggregate_total,2022,40.762
zwe,sex_f,age_10yrbands_y15_24,mts_aggregate_total,2023,43.434
zwe,sex_f,age_10yrbands_y15_24,mts_aggregate_x,2011,64.797
zwe,sex_f,age_10yrbands_y15_24,mts_aggregate_x,2014,59.654
zwe,sex_f,age_10yrbands_y15_24,mts_aggregate_x,2022,44.492
zwe,sex_f,age_10yrbands_y15_24,mts_aggregate_x,2023,42.41
zwe,sex_f,age_10yrbands_y15_24,mts_details_mrd,2011,75.719
zwe,sex_f,age_10yrbands_y15_24,mts_details_mrd,2014,76.828
zwe,sex_f,age_10yrbands_y15_24,mts_details_mrd,2019,53.148
zwe,sex_f,age_10yrbands_y15_24,mts_details_mrd,2021,52.275
zwe,sex_f,age_10yrbands_y15_24,mts_details_mrd,2022,49.748
zwe,sex_f,age_10yrbands_y15_24,mts_details_mrd,2023,54.926
zwe,sex_f,age_10yrbands_y15_24,mts_details_sep,2011,91.056
zwe,sex_f,age_10yrbands_y15_24,mts_details_sep,2014,89.686
zwe,sex_f,age_10yrbands_y15_24,mts_details_sep,2019,58.703
zwe,sex_f,age_10yrbands_y15_24,mts_details_sep,2021,65.627
zwe,sex_f,age_10yrbands_y15_24,mts_details_sep,2022,65.607
zwe,sex_f,age_10yrbands_y15_24,mts_details_sep,2023,69.841
zwe,sex_f,age_10yrbands_y15_24,mts_details_sgle,2011,59.827
zwe,sex_f,age_10yrbands_y15_24,mts_details_sgle,2014,64.703
zwe,sex_f,age_10yrbands_y15_24,mts_details_sgle,2019,35.625
zwe,sex_f,age_10yrbands_y15_24,mts_details_sgle,2021,37.481
zwe,sex_f,age_10yrbands_y15_24,mts_details_sgle,2022,31.701
zwe,sex_f,age_10yrbands_y15_24,mts_details_sgle,2023,35.121
zwe,sex_f,age_10yrbands_y15_24,mts_details_total,2011,67.592
zwe,sex_f,age_10yrbands_y15_24,mts_details_total,2014,70.879
zwe,sex_f,age_10yrbands_y15_24,mts_details_total,2019,43.085
zwe,sex_f,age_10yrbands_y15_24,mts_details_total,2021,44.108
zwe,sex_f,age_10yrbands_y15_24,mts_details_total,2022,40.762
zwe,sex_f,age_10yrbands_y15_24,mts_details_total,2023,43.434
zwe,sex_f,age_10yrbands_y15_24,mts_details_wid,2011,87.595
zwe,sex_f,age_10yrbands_y15_24,mts_details_wid,2014,100
zwe,sex_f,age_10yrbands_y15_24,mts_details_wid,2021,49.73
zwe,sex_f,age_10yrbands_y15_24,mts_details_wid,2022,60.761
zwe,sex_f,age_10yrbands_y15_24,mts_details_x,2011,64.797
zwe,sex_f,age_10yrbands_y15_24,mts_details_x,2014,59.654
zwe,sex_f,age_10yrbands_y15_24,mts_details_x,2022,44.492
zwe,sex_f,age_10yrbands_y15_24,mts_details_x,2023,42.41
zwe,sex_f,age_10yrbands_y25_34,mts_aggregate_1,2011,85.423
zwe,sex_f,age_10yrbands_y25_34,mts_aggregate_1,2014,85.099
zwe,sex_f,age_10yrbands_y25_34,mts_aggregate_1,2019,73.47
zwe,sex_f,age_10yrbands_y25_34,mts_aggregate_1,2021,75.448
zwe,sex_f,age_10yrbands_y25_34,mts_aggregate_1,2022,74.032
zwe,sex_f,age_10yrbands_y25_34,mts_aggregate_1,2023,76.768
zwe,sex_f,age_10yrbands_y25_34,mts_aggregate_2,2011,80.773
zwe,sex_f,age_10yrbands_y25_34,mts_aggregate_2,2014,81.21
zwe,sex_f,age_10yrbands_y25_34,mts_aggregate_2,2019,69.786
zwe,sex_f,age_10yrbands_y25_34,mts_aggregate_2,2021,65.405
zwe,sex_f,age_10yrbands_y25_34,mts_aggregate_2,2022,63.328
zwe,sex_f,age_10yrbands_y25_34,mts_aggregate_2,2023,64.05
zwe,sex_f,age_10yrbands_y25_34,mts_aggregate_total,2011,81.738
zwe,sex_f,age_10yrbands_y25_34,mts_aggregate_total,2014,81.991
zwe,sex_f,age_10yrbands_y25_34,mts_aggregate_total,2019,70.633
zwe,sex_f,age_10yrbands_y25_34,mts_aggregate_total,2021,68.111
zwe,sex_f,age_10yrbands_y25_34,mts_aggregate_total,2022,67.172
zwe,sex_f,age_10yrbands_y25_34,mts_aggregate_total,2023,67.763
zwe,sex_f,age_10yrbands_y25_34,mts_aggregate_x,2022,70.575
zwe,sex_f,age_10yrbands_y25_34,mts_aggregate_x,2023,68.876
zwe,sex_f,age_10yrbands_y25_34,mts_details_mrd,2011,80.773
zwe,sex_f,age_10yrbands_y25_34,mts_details_mrd,2014,81.21
zwe,sex_f,age_10yrbands_y25_34,mts_details_mrd,2019,69.786
zwe,sex_f,age_10yrbands_y25_34,mts_details_mrd,2021,65.405
zwe,sex_f,age_10yrbands_y25_34,mts_details_mrd,2022,63.328
zwe,sex_f,age_10yrbands_y25_34,mts_details_mrd,2023,64.05
zwe,sex_f,age_10yrbands_y25_34,mts_details_sep,2011,86.757
zwe,sex_f,age_10yrbands_y25_34,mts_details_sep,2014,89.253
zwe,sex_f,age_10yrbands_y25_34,mts_details_sep,2019,75.689
zwe,sex_f,age_10yrbands_y25_34,mts_details_sep,2021,79.325
zwe,sex_f,age_10yrbands_y25_34,mts_details_sep,2022,78.419
zwe,sex_f,age_10yrbands_y25_34,mts_details_sep,2023,79.284
zwe,sex_f,age_10yrbands_y25_34,mts_details_sgle,2011,81.256
zwe,sex_f,age_10yrbands_y25_34,mts_details_sgle,2014,78.002
zwe,sex_f,age_10yrbands_y25_34,mts_details_sgle,2019,71.442
zwe,sex_f,age_10yrbands_y25_34,mts_details_sgle,2021,71.64
zwe,sex_f,age_10yrbands_y25_34,mts_details_sgle,2022,68.999
zwe,sex_f,age_10yrbands_y25_34,mts_details_sgle,2023,73.688
zwe,sex_f,age_10yrbands_y25_34,mts_details_total,2011,81.738
zwe,sex_f,age_10yrbands_y25_34,mts_details_total,2014,81.991
zwe,sex_f,age_10yrbands_y25_34,mts_details_total,2019,70.633
zwe,sex_f,age_10yrbands_y25_34,mts_details_total,2021,68.111
zwe,sex_f,age_10yrbands_y25_34,mts_details_total,2022,67.172
zwe,sex_f,age_10yrbands_y25_34,mts_details_total,2023,67.763
zwe,sex_f,age_10yrbands_y25_34,mts_details_wid,2011,91.091
zwe,sex_f,age_10yrbands_y25_34,mts_details_wid,2014,90.854
zwe,sex_f,age_10yrbands_y25_34,mts_details_wid,2019,68.677
zwe,sex_f,age_10yrbands_y25_34,mts_details_wid,2021,71.849
zwe,sex_f,age_10yrbands_y25_34,mts_details_wid,2022,77.146
zwe,sex_f,age_10yrbands_y25_34,mts_details_wid,2023,79.77
zwe,sex_f,age_10yrbands_y25_34,mts_details_x,2022,70.575
zwe,sex_f,age_10yrbands_y25_34,mts_details_x,2023,68.876
zwe,sex_f,age_10yrbands_y35_44,mts_aggregate_1,2011,90.278
zwe,sex_f,age_10yrbands_y35_44,mts_aggregate_1,2014,91.513
zwe,sex_f,age_10yrbands_y35_44,mts_aggregate_1,2019,78.08
zwe,sex_f,age_10yrbands_y35_44,mts_aggregate_1,2021,78.94
zwe,sex_f,age_10yrbands_y35_44,mts_aggregate_1,2022,77.839
zwe,sex_f,age_10yrbands_y35_44,mts_aggregate_1,2023,80.994
zwe,sex_f,age_10yrbands_y35_44,mts_aggregate_2,2011,87.614
zwe,sex_f,age_10yrbands_y35_44,mts_aggregate_2,2014,89.652
zwe,sex_f,age_10yrbands_y35_44,mts_aggregate_2,2019,75.735
zwe,sex_f,age_10yrbands_y35_44,mts_aggregate_2,2021,72.037
zwe,sex_f,age_10yrbands_y35_44,mts_aggregate_2,2022,71.262
zwe,sex_f,age_10yrbands_y35_44,mts_aggregate_2,2023,75.457
zwe,sex_f,age_10yrbands_y35_44,mts_aggregate_total,2011,88.44
zwe,sex_f,age_10yrbands_y35_44,mts_aggregate_total,2014,90.157
zwe,sex_f,age_10yrbands_y35_44,mts_aggregate_total,2019,76.272
zwe,sex_f,age_10yrbands_y35_44,mts_aggregate_total,2021,73.648
zwe,sex_f,age_10yrbands_y35_44,mts_aggregate_total,2022,74.238
zwe,sex_f,age_10yrbands_y35_44,mts_aggregate_total,2023,76.084
zwe,sex_f,age_10yrbands_y35_44,mts_aggregate_x,2022,78.751
zwe,sex_f,age_10yrbands_y35_44,mts_aggregate_x,2023,74.351
zwe,sex_f,age_10yrbands_y35_44,mts_details_mrd,2011,87.614
zwe,sex_f,age_10yrbands_y35_44,mts_details_mrd,2014,89.652
zwe,sex_f,age_10yrbands_y35_44,mts_details_mrd,2019,75.735
zwe,sex_f,age_10yrbands_y35_44,mts_details_mrd,2021,72.037
zwe,sex_f,age_10yrbands_y35_44,mts_details_mrd,2022,71.262
zwe,sex_f,age_10yrbands_y35_44,mts_details_mrd,2023,75.457
zwe,sex_f,age_10yrbands_y35_44,mts_details_sep,2011,87.577
zwe,sex_f,age_10yrbands_y35_44,mts_details_sep,2014,93.185
zwe,sex_f,age_10yrbands_y35_44,mts_details_sep,2019,78.42
zwe,sex_f,age_10yrbands_y35_44,mts_details_sep,2021,81.004
zwe,sex_f,age_10yrbands_y35_44,mts_details_sep,2022,80.883
zwe,sex_f,age_10yrbands_y35_44,mts_details_sep,2023,83.132
zwe,sex_f,age_10yrbands_y35_44,mts_details_sgle,2011,88.749
zwe,sex_f,age_10yrbands_y35_44,mts_details_sgle,2014,74.85
zwe,sex_f,age_10yrbands_y35_44,mts_details_sgle,2019,76.574
zwe,sex_f,age_10yrbands_y35_44,mts_details_sgle,2021,69.529
zwe,sex_f,age_10yrbands_y35_44,mts_details_sgle,2022,67.58
zwe,sex_f,age_10yrbands_y35_44,mts_details_sgle,2023,72.205
zwe,sex_f,age_10yrbands_y35_44,mts_details_total,2011,88.44
zwe,sex_f,age_10yrbands_y35_44,mts_details_total,2014,90.157
zwe,sex_f,age_10yrbands_y35_44,mts_details_total,2019,76.272
zwe,sex_f,age_10yrbands_y35_44,mts_details_total,2021,73.648
zwe,sex_f,age_10yrbands_y35_44,mts_details_total,2022,74.238
zwe,sex_f,age_10yrbands_y35_44,mts_details_total,2023,76.084
zwe,sex_f,age_10yrbands_y35_44,mts_details_wid,2011,92.09
zwe,sex_f,age_10yrbands_y35_44,mts_details_wid,2014,93.751
zwe,sex_f,age_10yrbands_y35_44,mts_details_wid,2019,78.329
zwe,sex_f,age_10yrbands_y35_44,mts_details_wid,2021,80.836
zwe,sex_f,age_10yrbands_y35_44,mts_details_wid,2022,77.614
zwe,sex_f,age_10yrbands_y35_44,mts_details_wid,2023,82.028
zwe,sex_f,age_10yrbands_y35_44,mts_details_x,2022,78.751
zwe,sex_f,age_10yrbands_y35_44,mts_details_x,2023,74.351
zwe,sex_f,age_10yrbands_y45_54,mts_aggregate_1,2011,88.776
zwe,sex_f,age_10yrbands_y45_54,mts_aggregate_1,2014,89.786
zwe,sex_f,age_10yrbands_y45_54,mts_aggregate_1,2019,75.768
zwe,sex_f,age_10yrbands_y45_54,mts_aggregate_1,2021,74.626
zwe,sex_f,age_10yrbands_y45_54,mts_aggregate_1,2022,74.909
zwe,sex_f,age_10yrbands_y45_54,mts_aggregate_1,2023,79.467
zwe,sex_f,age_10yrbands_y45_54,mts_aggregate_2,2011,88.056
zwe,sex_f,age_10yrbands_y45_54,mts_aggregate_2,2014,91.165
zwe,sex_f,age_10yrbands_y45_54,mts_aggregate_2,2019,73.29
zwe,sex_f,age_10yrbands_y45_54,mts_aggregate_2,2021,74.424
zwe,sex_f,age_10yrbands_y45_54,mts_aggregate_2,2022,72.459
zwe,sex_f,age_10yrbands_y45_54,mts_aggregate_2,2023,76.17
zwe,sex_f,age_10yrbands_y45_54,mts_aggregate_total,2011,88.213
zwe,sex_f,age_10yrbands_y45_54,mts_aggregate_total,2014,90.664
zwe,sex_f,age_10yrbands_y45_54,mts_aggregate_total,2019,74.27
zwe,sex_f,age_10yrbands_y45_54,mts_aggregate_total,2021,74.491
zwe,sex_f,age_10yrbands_y45_54,mts_aggregate_total,2022,75.147
zwe,sex_f,age_10yrbands_y45_54,mts_aggregate_total,2023,76.908
zwe,sex_f,age_10yrbands_y45_54,mts_aggregate_x,2022,80.833
zwe,sex_f,age_10yrbands_y45_54,mts_aggregate_x,2023,75.788
zwe,sex_f,age_10yrbands_y45_54,mts_details_mrd,2011,88.056
zwe,sex_f,age_10yrbands_y45_54,mts_details_mrd,2014,91.165
zwe,sex_f,age_10yrbands_y45_54,mts_details_mrd,2019,73.29
zwe,sex_f,age_10yrbands_y45_54,mts_details_mrd,2021,74.424
zwe,sex_f,age_10yrbands_y45_54,mts_details_mrd,2022,72.459
zwe,sex_f,age_10yrbands_y45_54,mts_details_mrd,2023,76.17
zwe,sex_f,age_10yrbands_y45_54,mts_details_sep,2011,88.853
zwe,sex_f,age_10yrbands_y45_54,mts_details_sep,2014,91.066
zwe,sex_f,age_10yrbands_y45_54,mts_details_sep,2019,72.953
zwe,sex_f,age_10yrbands_y45_54,mts_details_sep,2021,75.101
zwe,sex_f,age_10yrbands_y45_54,mts_details_sep,2022,81.037
zwe,sex_f,age_10yrbands_y45_54,mts_details_sep,2023,83.1
zwe,sex_f,age_10yrbands_y45_54,mts_details_sgle,2011,86.856
zwe,sex_f,age_10yrbands_y45_54,mts_details_sgle,2014,91.373
zwe,sex_f,age_10yrbands_y45_54,mts_details_sgle,2019,74.944
zwe,sex_f,age_10yrbands_y45_54,mts_details_sgle,2021,67.833
zwe,sex_f,age_10yrbands_y45_54,mts_details_sgle,2022,62.581
zwe,sex_f,age_10yrbands_y45_54,mts_details_sgle,2023,62.812
zwe,sex_f,age_10yrbands_y45_54,mts_details_total,2011,88.213
zwe,sex_f,age_10yrbands_y45_54,mts_details_total,2014,90.664
zwe,sex_f,age_10yrbands_y45_54,mts_details_total,2019,74.27
zwe,sex_f,age_10yrbands_y45_54,mts_details_total,2021,74.491
zwe,sex_f,age_10yrbands_y45_54,mts_details_total,2022,75.147
zwe,sex_f,age_10yrbands_y45_54,mts_details_total,2023,76.908
zwe,sex_f,age_10yrbands_y45_54,mts_details_wid,2011,88.856
zwe,sex_f,age_10yrbands_y45_54,mts_details_wid,2014,89.229
zwe,sex_f,age_10yrbands_y45_54,mts_details_wid,2019,77.249
zwe,sex_f,age_10yrbands_y45_54,mts_details_wid,2021,75.236
zwe,sex_f,age_10yrbands_y45_54,mts_details_wid,2022,72.111
zwe,sex_f,age_10yrbands_y45_54,mts_details_wid,2023,78.608
zwe,sex_f,age_10yrbands_y45_54,mts_details_x,2022,80.833
zwe,sex_f,age_10yrbands_y45_54,mts_details_x,2023,75.788
zwe,sex_f,age_10yrbands_y55_64,mts_aggregate_1,2011,81.317
zwe,sex_f,age_10yrbands_y55_64,mts_aggregate_1,2014,87.723
zwe,sex_f,age_10yrbands_y55_64,mts_aggregate_1,2019,68.145
zwe,sex_f,age_10yrbands_y55_64,mts_aggregate_1,2021,66.313
zwe,sex_f,age_10yrbands_y55_64,mts_aggregate_1,2022,68.127
zwe,sex_f,age_10yrbands_y55_64,mts_aggregate_1,2023,66.424
zwe,sex_f,age_10yrbands_y55_64,mts_aggregate_2,2011,89.485
zwe,sex_f,age_10yrbands_y55_64,mts_aggregate_2,2014,89.72
zwe,sex_f,age_10yrbands_y55_64,mts_aggregate_2,2019,69.151
zwe,sex_f,age_10yrbands_y55_64,mts_aggregate_2,2021,66.022
zwe,sex_f,age_10yrbands_y55_64,mts_aggregate_2,2022,63.675
zwe,sex_f,age_10yrbands_y55_64,mts_aggregate_2,2023,66.532
zwe,sex_f,age_10yrbands_y55_64,mts_aggregate_total,2011,85.271
zwe,sex_f,age_10yrbands_y55_64,mts_aggregate_total,2014,88.71
zwe,sex_f,age_10yrbands_y55_64,mts_aggregate_total,2019,68.654
zwe,sex_f,age_10yrbands_y55_64,mts_aggregate_total,2021,66.17
zwe,sex_f,age_10yrbands_y55_64,mts_aggregate_total,2022,67.422
zwe,sex_f,age_10yrbands_y55_64,mts_aggregate_total,2023,67.384
zwe,sex_f,age_10yrbands_y55_64,mts_aggregate_x,2022,72.598
zwe,sex_f,age_10yrbands_y55_64,mts_aggregate_x,2023,70.229
zwe,sex_f,age_10yrbands_y55_64,mts_details_mrd,2011,89.485
zwe,sex_f,age_10yrbands_y55_64,mts_details_mrd,2014,89.72
zwe,sex_f,age_10yrbands_y55_64,mts_details_mrd,2019,69.151
zwe,sex_f,age_10yrbands_y55_64,mts_details_mrd,2021,66.022
zwe,sex_f,age_10yrbands_y55_64,mts_details_mrd,2022,63.675
zwe,sex_f,age_10yrbands_y55_64,mts_details_mrd,2023,66.532
zwe,sex_f,age_10yrbands_y55_64,mts_details_sep,2011,78.129
zwe,sex_f,age_10yrbands_y55_64,mts_details_sep,2014,88.716
zwe,sex_f,age_10yrbands_y55_64,mts_details_sep,2019,72.513
zwe,sex_f,age_10yrbands_y55_64,mts_details_sep,2021,70.223
zwe,sex_f,age_10yrbands_y55_64,mts_details_sep,2022,68.494
zwe,sex_f,age_10yrbands_y55_64,mts_details_sep,2023,67.221
zwe,sex_f,age_10yrbands_y55_64,mts_details_sgle,2011,68.211
zwe,sex_f,age_10yrbands_y55_64,mts_details_sgle,2014,83.143
zwe,sex_f,age_10yrbands_y55_64,mts_details_sgle,2019,73.348
zwe,sex_f,age_10yrbands_y55_64,mts_details_sgle,2021,65.787
zwe,sex_f,age_10yrbands_y55_64,mts_details_sgle,2022,48.147
zwe,sex_f,age_10yrbands_y55_64,mts_details_sgle,2023,73.754
zwe,sex_f,age_10yrbands_y55_64,mts_details_total,2011,85.271
zwe,sex_f,age_10yrbands_y55_64,mts_details_total,2014,88.71
zwe,sex_f,age_10yrbands_y55_64,mts_details_total,2019,68.654
zwe,sex_f,age_10yrbands_y55_64,mts_details_total,2021,66.17
zwe,sex_f,age_10yrbands_y55_64,mts_details_total,2022,67.422
zwe,sex_f,age_10yrbands_y55_64,mts_details_total,2023,67.384
zwe,sex_f,age_10yrbands_y55_64,mts_details_wid,2011,82.027
zwe,sex_f,age_10yrbands_y55_64,mts_details_wid,2014,87.674
zwe,sex_f,age_10yrbands_y55_64,mts_details_wid,2019,66.944
zwe,sex_f,age_10yrbands_y55_64,mts_details_wid,2021,65.508
zwe,sex_f,age_10yrbands_y55_64,mts_details_wid,2022,69.054
zwe,sex_f,age_10yrbands_y55_64,mts_details_wid,2023,65.939
zwe,sex_f,age_10yrbands_y55_64,mts_details_x,2022,72.598
zwe,sex_f,age_10yrbands_y55_64,mts_details_x,2023,70.229
zwe,sex_f,age_10yrbands_yge65,mts_aggregate_1,2011,58.477
zwe,sex_f,age_10yrbands_yge65,mts_aggregate_1,2014,64.493
zwe,sex_f,age_10yrbands_yge65,mts_aggregate_1,2019,39.413
zwe,sex_f,age_10yrbands_yge65,mts_aggregate_1,2021,36.668
zwe,sex_f,age_10yrbands_yge65,mts_aggregate_1,2022,38.032
zwe,sex_f,age_10yrbands_yge65,mts_aggregate_1,2023,48.041
zwe,sex_f,age_10yrbands_yge65,mts_aggregate_2,2011,75.44
zwe,sex_f,age_10yrbands_yge65,mts_aggregate_2,2014,81.243
zwe,sex_f,age_10yrbands_yge65,mts_aggregate_2,2019,48.868
zwe,sex_f,age_10yrbands_yge65,mts_aggregate_2,2021,51.607
zwe,sex_f,age_10yrbands_yge65,mts_aggregate_2,2022,48.652
zwe,sex_f,age_10yrbands_yge65,mts_aggregate_2,2023,57.858
zwe,sex_f,age_10yrbands_yge65,mts_aggregate_total,2011,62.978
zwe,sex_f,age_10yrbands_yge65,mts_aggregate_total,2014,69.045
zwe,sex_f,age_10yrbands_yge65,mts_aggregate_total,2019,42.162
zwe,sex_f,age_10yrbands_yge65,mts_aggregate_total,2021,40.656
zwe,sex_f,age_10yrbands_yge65,mts_aggregate_total,2022,43.828
zwe,sex_f,age_10yrbands_yge65,mts_aggregate_total,2023,50.877
zwe,sex_f,age_10yrbands_yge65,mts_aggregate_x,2022,53.188
zwe,sex_f,age_10yrbands_yge65,mts_aggregate_x,2023,50.964
zwe,sex_f,age_10yrbands_yge65,mts_details_mrd,2011,75.44
zwe,sex_f,age_10yrbands_yge65,mts_details_mrd,2014,81.243
zwe,sex_f,age_10yrbands_yge65,mts_details_mrd,2019,48.868
zwe,sex_f,age_10yrbands_yge65,mts_details_mrd,2021,51.607
zwe,sex_f,age_10yrbands_yge65,mts_details_mrd,2022,48.652
zwe,sex_f,age_10yrbands_yge65,mts_details_mrd,2023,57.858
zwe,sex_f,age_10yrbands_yge65,mts_details_sep,2011,58.797
zwe,sex_f,age_10yrbands_yge65,mts_details_sep,2014,76.777
zwe,sex_f,age_10yrbands_yge65,mts_details_sep,2019,37.318
zwe,sex_f,age_10yrbands_yge65,mts_details_sep,2021,47.945
zwe,sex_f,age_10yrbands_yge65,mts_details_sep,2022,35.901
zwe,sex_f,age_10yrbands_yge65,mts_details_sep,2023,46.026
zwe,sex_f,age_10yrbands_yge65,mts_details_sgle,2011,85.029
zwe,sex_f,age_10yrbands_yge65,mts_details_sgle,2019,41.191
zwe,sex_f,age_10yrbands_yge65,mts_details_sgle,2021,22.457
zwe,sex_f,age_10yrbands_yge65,mts_details_sgle,2022,39.18
zwe,sex_f,age_10yrbands_yge65,mts_details_sgle,2023,18.197
zwe,sex_f,age_10yrbands_yge65,mts_details_total,2011,62.978
zwe,sex_f,age_10yrbands_yge65,mts_details_total,2014,69.045
zwe,sex_f,age_10yrbands_yge65,mts_details_total,2019,42.162
zwe,sex_f,age_10yrbands_yge65,mts_details_total,2021,40.656
zwe,sex_f,age_10yrbands_yge65,mts_details_total,2022,43.828
zwe,sex_f,age_10yrbands_yge65,mts_details_total,2023,50.877
zwe,sex_f,age_10yrbands_yge65,mts_details_wid,2011,58.213
zwe,sex_f,age_10yrbands_yge65,mts_details_wid,2014,63.427
zwe,sex_f,age_10yrbands_yge65,mts_details_wid,2019,39.501
zwe,sex_f,age_10yrbands_yge65,mts_details_wid,2021,36.092
zwe,sex_f,age_10yrbands_yge65,mts_details_wid,2022,38.133
zwe,sex_f,age_10yrbands_yge65,mts_details_wid,2023,48.558
zwe,sex_f,age_10yrbands_yge65,mts_details_x,2022,53.188
zwe,sex_f,age_10yrbands_yge65,mts_details_x,2023,50.964
zwe,sex_f,age_aggregate_total,mts_aggregate_1,2011,71.808
zwe,sex_f,age_aggregate_total,mts_aggregate_1,2014,75.52
zwe,sex_f,age_aggregate_total,mts_aggregate_1,2019,52.364
zwe,sex_f,age_aggregate_total,mts_aggregate_1,2021,53.32
zwe,sex_f,age_aggregate_total,mts_aggregate_1,2022,50.905
zwe,sex_f,age_aggregate_total,mts_aggregate_1,2023,55.466
zwe,sex_f,age_aggregate_total,mts_aggregate_2,2011,82.079
zwe,sex_f,age_aggregate_total,mts_aggregate_2,2014,83.756
zwe,sex_f,age_aggregate_total,mts_aggregate_2,2019,67.498
zwe,sex_f,age_aggregate_total,mts_aggregate_2,2021,65.537
zwe,sex_f,age_aggregate_total,mts_aggregate_2,2022,63.962
zwe,sex_f,age_aggregate_total,mts_aggregate_2,2023,67.24
zwe,sex_f,age_aggregate_total,mts_aggregate_total,2011,77.47
zwe,sex_f,age_aggregate_total,mts_aggregate_total,2014,80.253
zwe,sex_f,age_aggregate_total,mts_aggregate_total,2019,60.691
zwe,sex_f,age_aggregate_total,mts_aggregate_total,2021,60.014
zwe,sex_f,age_aggregate_total,mts_aggregate_total,2022,59.708
zwe,sex_f,age_aggregate_total,mts_aggregate_total,2023,62.099
zwe,sex_f,age_aggregate_total,mts_aggregate_x,2011,56.935
zwe,sex_f,age_aggregate_total,mts_aggregate_x,2014,69.999
zwe,sex_f,age_aggregate_total,mts_aggregate_x,2022,64.359
zwe,sex_f,age_aggregate_total,mts_aggregate_x,2023,62.069
zwe,sex_f,age_aggregate_total,mts_details_mrd,2011,82.079
zwe,sex_f,age_aggregate_total,mts_details_mrd,2014,83.756
zwe,sex_f,age_aggregate_total,mts_details_mrd,2019,67.498
zwe,sex_f,age_aggregate_total,mts_details_mrd,2021,65.537
zwe,sex_f,age_aggregate_total,mts_details_mrd,2022,63.962
zwe,sex_f,age_aggregate_total,mts_details_mrd,2023,67.24
zwe,sex_f,age_aggregate_total,mts_details_sep,2011,86.524
zwe,sex_f,age_aggregate_total,mts_details_sep,2014,89.686
zwe,sex_f,age_aggregate_total,mts_details_sep,2019,70.435
zwe,sex_f,age_aggregate_total,mts_details_sep,2021,74.579
zwe,sex_f,age_aggregate_total,mts_details_sep,2022,75.268
zwe,sex_f,age_aggregate_total,mts_details_sep,2023,77.113
zwe,sex_f,age_aggregate_total,mts_details_sgle,2011,62.92
zwe,sex_f,age_aggregate_total,mts_details_sgle,2014,66.633
zwe,sex_f,age_aggregate_total,mts_details_sgle,2019,41.55
zwe,sex_f,age_aggregate_total,mts_details_sgle,2021,43.186
zwe,sex_f,age_aggregate_total,mts_details_sgle,2022,37.697
zwe,sex_f,age_aggregate_total,mts_details_sgle,2023,41.709
zwe,sex_f,age_aggregate_total,mts_details_total,2011,77.47
zwe,sex_f,age_aggregate_total,mts_details_total,2014,80.253
zwe,sex_f,age_aggregate_total,mts_details_total,2019,60.691
zwe,sex_f,age_aggregate_total,mts_details_total,2021,60.014
zwe,sex_f,age_aggregate_total,mts_details_total,2022,59.708
zwe,sex_f,age_aggregate_total,mts_details_total,2023,62.099
zwe,sex_f,age_aggregate_total,mts_details_wid,2011,77.651
zwe,sex_f,age_aggregate_total,mts_details_wid,2014,80.238
zwe,sex_f,age_aggregate_total,mts_details_wid,2019,56.353
zwe,sex_f,age_aggregate_total,mts_details_wid,2021,54.34
zwe,sex_f,age_aggregate_total,mts_details_wid,2022,54.454
zwe,sex_f,age_aggregate_total,mts_details_wid,2023,61.483
zwe,sex_f,age_aggregate_total,mts_details_x,2011,56.935
zwe,sex_f,age_aggregate_total,mts_details_x,2014,69.999
zwe,sex_f,age_aggregate_total,mts_details_x,2022,64.359
zwe,sex_f,age_aggregate_total,mts_details_x,2023,62.069
zwe,sex_f,age_aggregate_y15_24,mts_aggregate_1,2011,62.439
zwe,sex_f,age_aggregate_y15_24,mts_aggregate_1,2014,67.07
zwe,sex_f,age_aggregate_y15_24,mts_aggregate_1,2019,37.966
zwe,sex_f,age_aggregate_y15_24,mts_aggregate_1,2021,40.083
zwe,sex_f,age_aggregate_y15_24,mts_aggregate_1,2022,34.593
zwe,sex_f,age_aggregate_y15_24,mts_aggregate_1,2023,37.843
zwe,sex_f,age_aggregate_y15_24,mts_aggregate_2,2011,75.719
zwe,sex_f,age_aggregate_y15_24,mts_aggregate_2,2014,76.828
zwe,sex_f,age_aggregate_y15_24,mts_aggregate_2,2019,53.148
zwe,sex_f,age_aggregate_y15_24,mts_aggregate_2,2021,52.275
zwe,sex_f,age_aggregate_y15_24,mts_aggregate_2,2022,49.748
zwe,sex_f,age_aggregate_y15_24,mts_aggregate_2,2023,54.926
zwe,sex_f,age_aggregate_y15_24,mts_aggregate_total,2011,67.592
zwe,sex_f,age_aggregate_y15_24,mts_aggregate_total,2014,70.879
zwe,sex_f,age_aggregate_y15_24,mts_aggregate_total,2019,43.085
zwe,sex_f,age_aggregate_y15_24,mts_aggregate_total,2021,44.108
zwe,sex_f,age_aggregate_y15_24,mts_aggregate_total,2022,40.762
zwe,sex_f,age_aggregate_y15_24,mts_aggregate_total,2023,43.434
zwe,sex_f,age_aggregate_y15_24,mts_aggregate_x,2011,64.797
zwe,sex_f,age_aggregate_y15_24,mts_aggregate_x,2014,59.654
zwe,sex_f,age_aggregate_y15_24,mts_aggregate_x,2022,44.492
zwe,sex_f,age_aggregate_y15_24,mts_aggregate_x,2023,42.41
zwe,sex_f,age_aggregate_y15_24,mts_details_mrd,2011,75.719
zwe,sex_f,age_aggregate_y15_24,mts_details_mrd,2014,76.828
zwe,sex_f,age_aggregate_y15_24,mts_details_mrd,2019,53.148
zwe,sex_f,age_aggregate_y15_24,mts_details_mrd,2021,52.275
zwe,sex_f,age_aggregate_y15_24,mts_details_mrd,2022,49.748
zwe,sex_f,age_aggregate_y15_24,mts_details_mrd,2023,54.926
zwe,sex_f,age_aggregate_y15_24,mts_details_sep,2011,91.056
zwe,sex_f,age_aggregate_y15_24,mts_details_sep,2014,89.686
zwe,sex_f,age_aggregate_y15_24,mts_details_sep,2019,58.703
zwe,sex_f,age_aggregate_y15_24,mts_details_sep,2021,65.627
zwe,sex_f,age_aggregate_y15_24,mts_details_sep,2022,65.607
zwe,sex_f,age_aggregate_y15_24,mts_details_sep,2023,69.841
zwe,sex_f,age_aggregate_y15_24,mts_details_sgle,2011,59.827
zwe,sex_f,age_aggregate_y15_24,mts_details_sgle,2014,64.703
zwe,sex_f,age_aggregate_y15_24,mts_details_sgle,2019,35.625
zwe,sex_f,age_aggregate_y15_24,mts_details_sgle,2021,37.481
zwe,sex_f,age_aggregate_y15_24,mts_details_sgle,2022,31.701
zwe,sex_f,age_aggregate_y15_24,mts_details_sgle,2023,35.121
zwe,sex_f,age_aggregate_y15_24,mts_details_total,2011,67.592
zwe,sex_f,age_aggregate_y15_24,mts_details_total,2014,70.879
zwe,sex_f,age_aggregate_y15_24,mts_details_total,2019,43.085
zwe,sex_f,age_aggregate_y15_24,mts_details_total,2021,44.108
zwe,sex_f,age_aggregate_y15_24,mts_details_total,2022,40.762
zwe,sex_f,age_aggregate_y15_24,mts_details_total,2023,43.434
zwe,sex_f,age_aggregate_y15_24,mts_details_wid,2011,87.595
zwe,sex_f,age_aggregate_y15_24,mts_details_wid,2014,100
zwe,sex_f,age_aggregate_y15_24,mts_details_wid,2021,49.73
zwe,sex_f,age_aggregate_y15_24,mts_details_wid,2022,60.761
zwe,sex_f,age_aggregate_y15_24,mts_details_x,2011,64.797
zwe,sex_f,age_aggregate_y15_24,mts_details_x,2014,59.654
zwe,sex_f,age_aggregate_y15_24,mts_details_x,2022,44.492
zwe,sex_f,age_aggregate_y15_24,mts_details_x,2023,42.41
zwe,sex_f,age_aggregate_y25_54,mts_aggregate_1,2011,87.968
zwe,sex_f,age_aggregate_y25_54,mts_aggregate_1,2014,88.582
zwe,sex_f,age_aggregate_y25_54,mts_aggregate_1,2019,75.653
zwe,sex_f,age_aggregate_y25_54,mts_aggregate_1,2021,76.337
zwe,sex_f,age_aggregate_y25_54,mts_aggregate_1,2022,75.528
zwe,sex_f,age_aggregate_y25_54,mts_aggregate_1,2023,78.866
zwe,sex_f,age_aggregate_y25_54,mts_aggregate_2,2011,83.979
zwe,sex_f,age_aggregate_y25_54,mts_aggregate_2,2014,85.448
zwe,sex_f,age_aggregate_y25_54,mts_aggregate_2,2019,72.67
zwe,sex_f,age_aggregate_y25_54,mts_aggregate_2,2021,69.804
zwe,sex_f,age_aggregate_y25_54,mts_aggregate_2,2022,68.421
zwe,sex_f,age_aggregate_y25_54,mts_aggregate_2,2023,71.026
zwe,sex_f,age_aggregate_y25_54,mts_aggregate_total,2011,85.055
zwe,sex_f,age_aggregate_y25_54,mts_aggregate_total,2014,86.256
zwe,sex_f,age_aggregate_y25_54,mts_aggregate_total,2019,73.457
zwe,sex_f,age_aggregate_y25_54,mts_aggregate_total,2021,71.566
zwe,sex_f,age_aggregate_y25_54,mts_aggregate_total,2022,71.733
zwe,sex_f,age_aggregate_y25_54,mts_aggregate_total,2023,72.987
zwe,sex_f,age_aggregate_y25_54,mts_aggregate_x,2011,60.883
zwe,sex_f,age_aggregate_y25_54,mts_aggregate_x,2014,100
zwe,sex_f,age_aggregate_y25_54,mts_aggregate_x,2022,76.004
zwe,sex_f,age_aggregate_y25_54,mts_aggregate_x,2023,72.602
zwe,sex_f,age_aggregate_y25_54,mts_details_mrd,2011,83.979
zwe,sex_f,age_aggregate_y25_54,mts_details_mrd,2014,85.448
zwe,sex_f,age_aggregate_y25_54,mts_details_mrd,2019,72.67
zwe,sex_f,age_aggregate_y25_54,mts_details_mrd,2021,69.804
zwe,sex_f,age_aggregate_y25_54,mts_details_mrd,2022,68.421
zwe,sex_f,age_aggregate_y25_54,mts_details_mrd,2023,71.026
zwe,sex_f,age_aggregate_y25_54,mts_details_sep,2011,87.428
zwe,sex_f,age_aggregate_y25_54,mts_details_sep,2014,90.917
zwe,sex_f,age_aggregate_y25_54,mts_details_sep,2019,76.116
zwe,sex_f,age_aggregate_y25_54,mts_details_sep,2021,79.125
zwe,sex_f,age_aggregate_y25_54,mts_details_sep,2022,80.034
zwe,sex_f,age_aggregate_y25_54,mts_details_sep,2023,81.604
zwe,sex_f,age_aggregate_y25_54,mts_details_sgle,2011,82.86
zwe,sex_f,age_aggregate_y25_54,mts_details_sgle,2014,78.489
zwe,sex_f,age_aggregate_y25_54,mts_details_sgle,2019,73.009
zwe,sex_f,age_aggregate_y25_54,mts_details_sgle,2021,70.883
zwe,sex_f,age_aggregate_y25_54,mts_details_sgle,2022,68.119
zwe,sex_f,age_aggregate_y25_54,mts_details_sgle,2023,72.593
zwe,sex_f,age_aggregate_y25_54,mts_details_total,2011,85.055
zwe,sex_f,age_aggregate_y25_54,mts_details_total,2014,86.256
zwe,sex_f,age_aggregate_y25_54,mts_details_total,2019,73.457
zwe,sex_f,age_aggregate_y25_54,mts_details_total,2021,71.566
zwe,sex_f,age_aggregate_y25_54,mts_details_total,2022,71.733
zwe,sex_f,age_aggregate_y25_54,mts_details_total,2023,72.987
zwe,sex_f,age_aggregate_y25_54,mts_details_wid,2011,90.463
zwe,sex_f,age_aggregate_y25_54,mts_details_wid,2014,91.242
zwe,sex_f,age_aggregate_y25_54,mts_details_wid,2019,76.944
zwe,sex_f,age_aggregate_y25_54,mts_details_wid,2021,76.593
zwe,sex_f,age_aggregate_y25_54,mts_details_wid,2022,73.787
zwe,sex_f,age_aggregate_y25_54,mts_details_wid,2023,79.648
zwe,sex_f,age_aggregate_y25_54,mts_details_x,2011,60.883
zwe,sex_f,age_aggregate_y25_54,mts_details_x,2014,100
zwe,sex_f,age_aggregate_y25_54,mts_details_x,2022,76.004
zwe,sex_f,age_aggregate_y25_54,mts_details_x,2023,72.602
zwe,sex_f,age_aggregate_y55_64,mts_aggregate_1,2011,81.317
zwe,sex_f,age_aggregate_y55_64,mts_aggregate_1,2014,87.723
zwe,sex_f,age_aggregate_y55_64,mts_aggregate_1,2019,68.145
zwe,sex_f,age_aggregate_y55_64,mts_aggregate_1,2021,66.313
zwe,sex_f,age_aggregate_y55_64,mts_aggregate_1,2022,68.127
zwe,sex_f,age_aggregate_y55_64,mts_aggregate_1,2023,66.424
zwe,sex_f,age_aggregate_y55_64,mts_aggregate_2,2011,89.485
zwe,sex_f,age_aggregate_y55_64,mts_aggregate_2,2014,89.72
zwe,sex_f,age_aggregate_y55_64,mts_aggregate_2,2019,69.151
zwe,sex_f,age_aggregate_y55_64,mts_aggregate_2,2021,66.022
zwe,sex_f,age_aggregate_y55_64,mts_aggregate_2,2022,63.675
zwe,sex_f,age_aggregate_y55_64,mts_aggregate_2,2023,66.532
zwe,sex_f,age_aggregate_y55_64,mts_aggregate_total,2011,85.271
zwe,sex_f,age_aggregate_y55_64,mts_aggregate_total,2014,88.71
zwe,sex_f,age_aggregate_y55_64,mts_aggregate_total,2019,68.654
zwe,sex_f,age_aggregate_y55_64,mts_aggregate_total,2021,66.17
zwe,sex_f,age_aggregate_y55_64,mts_aggregate_total,2022,67.422
zwe,sex_f,age_aggregate_y55_64,mts_aggregate_total,2023,67.384
zwe,sex_f,age_aggregate_y55_64,mts_aggregate_x,2022,72.598
zwe,sex_f,age_aggregate_y55_64,mts_aggregate_x,2023,70.229
zwe,sex_f,age_aggregate_y55_64,mts_details_mrd,2011,89.485
zwe,sex_f,age_aggregate_y55_64,mts_details_mrd,2014,89.72
zwe,sex_f,age_aggregate_y55_64,mts_details_mrd,2019,69.151
zwe,sex_f,age_aggregate_y55_64,mts_details_mrd,2021,66.022
zwe,sex_f,age_aggregate_y55_64,mts_details_mrd,2022,63.675
zwe,sex_f,age_aggregate_y55_64,mts_details_mrd,2023,66.532
zwe,sex_f,age_aggregate_y55_64,mts_details_sep,2011,78.129
zwe,sex_f,age_aggregate_y55_64,mts_details_sep,2014,88.716
zwe,sex_f,age_aggregate_y55_64,mts_details_sep,2019,72.513
zwe,sex_f,age_aggregate_y55_64,mts_details_sep,2021,70.223
zwe,sex_f,age_aggregate_y55_64,mts_details_sep,2022,68.494
zwe,sex_f,age_aggregate_y55_64,mts_details_sep,2023,67.221
zwe,sex_f,age_aggregate_y55_64,mts_details_sgle,2011,68.211
zwe,sex_f,age_aggregate_y55_64,mts_details_sgle,2014,83.143
zwe,sex_f,age_aggregate_y55_64,mts_details_sgle,2019,73.348
zwe,sex_f,age_aggregate_y55_64,mts_details_sgle,2021,65.787
zwe,sex_f,age_aggregate_y55_64,mts_details_sgle,2022,48.147
zwe,sex_f,age_aggregate_y55_64,mts_details_sgle,2023,73.754
zwe,sex_f,age_aggregate_y55_64,mts_details_total,2011,85.271
zwe,sex_f,age_aggregate_y55_64,mts_details_total,2014,88.71
zwe,sex_f,age_aggregate_y55_64,mts_details_total,2019,68.654
zwe,sex_f,age_aggregate_y55_64,mts_details_total,2021,66.17
zwe,sex_f,age_aggregate_y55_64,mts_details_total,2022,67.422
zwe,sex_f,age_aggregate_y55_64,mts_details_total,2023,67.384
zwe,sex_f,age_aggregate_y55_64,mts_details_wid,2011,82.027
zwe,sex_f,age_aggregate_y55_64,mts_details_wid,2014,87.674
zwe,sex_f,age_aggregate_y55_64,mts_details_wid,2019,66.944
zwe,sex_f,age_aggregate_y55_64,mts_details_wid,2021,65.508
zwe,sex_f,age_aggregate_y55_64,mts_details_wid,2022,69.054
zwe,sex_f,age_aggregate_y55_64,mts_details_wid,2023,65.939
zwe,sex_f,age_aggregate_y55_64,mts_details_x,2022,72.598
zwe,sex_f,age_aggregate_y55_64,mts_details_x,2023,70.229
zwe,sex_f,age_aggregate_yge65,mts_aggregate_1,2011,58.477
zwe,sex_f,age_aggregate_yge65,mts_aggregate_1,2014,64.493
zwe,sex_f,age_aggregate_yge65,mts_aggregate_1,2019,39.413
zwe,sex_f,age_aggregate_yge65,mts_aggregate_1,2021,36.668
zwe,sex_f,age_aggregate_yge65,mts_aggregate_1,2022,38.032
zwe,sex_f,age_aggregate_yge65,mts_aggregate_1,2023,48.041
zwe,sex_f,age_aggregate_yge65,mts_aggregate_2,2011,75.44
zwe,sex_f,age_aggregate_yge65,mts_aggregate_2,2014,81.243
zwe,sex_f,age_aggregate_yge65,mts_aggregate_2,2019,48.868
zwe,sex_f,age_aggregate_yge65,mts_aggregate_2,2021,51.607
zwe,sex_f,age_aggregate_yge65,mts_aggregate_2,2022,48.652
zwe,sex_f,age_aggregate_yge65,mts_aggregate_2,2023,57.858
zwe,sex_f,age_aggregate_yge65,mts_aggregate_total,2011,62.978
zwe,sex_f,age_aggregate_yge65,mts_aggregate_total,2014,69.045
zwe,sex_f,age_aggregate_yge65,mts_aggregate_total,2019,42.162
zwe,sex_f,age_aggregate_yge65,mts_aggregate_total,2021,40.656
zwe,sex_f,age_aggregate_yge65,mts_aggregate_total,2022,43.828
zwe,sex_f,age_aggregate_yge65,mts_aggregate_total,2023,50.877
zwe,sex_f,age_aggregate_yge65,mts_aggregate_x,2022,53.188
zwe,sex_f,age_aggregate_yge65,mts_aggregate_x,2023,50.964
zwe,sex_f,age_aggregate_yge65,mts_details_mrd,2011,75.44
zwe,sex_f,age_aggregate_yge65,mts_details_mrd,2014,81.243
zwe,sex_f,age_aggregate_yge65,mts_details_mrd,2019,48.868
zwe,sex_f,age_aggregate_yge65,mts_details_mrd,2021,51.607
zwe,sex_f,age_aggregate_yge65,mts_details_mrd,2022,48.652
zwe,sex_f,age_aggregate_yge65,mts_details_mrd,2023,57.858
zwe,sex_f,age_aggregate_yge65,mts_details_sep,2011,58.797
zwe,sex_f,age_aggregate_yge65,mts_details_sep,2014,76.777
zwe,sex_f,age_aggregate_yge65,mts_details_sep,2019,37.318
zwe,sex_f,age_aggregate_yge65,mts_details_sep,2021,47.945
zwe,sex_f,age_aggregate_yge65,mts_details_sep,2022,35.901
zwe,sex_f,age_aggregate_yge65,mts_details_sep,2023,46.026
zwe,sex_f,age_aggregate_yge65,mts_details_sgle,2011,85.029
zwe,sex_f,age_aggregate_yge65,mts_details_sgle,2019,41.191
zwe,sex_f,age_aggregate_yge65,mts_details_sgle,2021,22.457
zwe,sex_f,age_aggregate_yge65,mts_details_sgle,2022,39.18
zwe,sex_f,age_aggregate_yge65,mts_details_sgle,2023,18.197
zwe,sex_f,age_aggregate_yge65,mts_details_total,2011,62.978
zwe,sex_f,age_aggregate_yge65,mts_details_total,2014,69.045
zwe,sex_f,age_aggregate_yge65,mts_details_total,2019,42.162
zwe,sex_f,age_aggregate_yge65,mts_details_total,2021,40.656
zwe,sex_f,age_aggregate_yge65,mts_details_total,2022,43.828
zwe,sex_f,age_aggregate_yge65,mts_details_total,2023,50.877
zwe,sex_f,age_aggregate_yge65,mts_details_wid,2011,58.213
zwe,sex_f,age_aggregate_yge65,mts_details_wid,2014,63.427
zwe,sex_f,age_aggregate_yge65,mts_details_wid,2019,39.501
zwe,sex_f,age_aggregate_yge65,mts_details_wid,2021,36.092
zwe,sex_f,age_aggregate_yge65,mts_details_wid,2022,38.133
zwe,sex_f,age_aggregate_yge65,mts_details_wid,2023,48.558
zwe,sex_f,age_aggregate_yge65,mts_details_x,2022,53.188
zwe,sex_f,age_aggregate_yge65,mts_details_x,2023,50.964
zwe,sex_f,age_ythadult_y15_24,mts_aggregate_1,2011,62.439
zwe,sex_f,age_ythadult_y15_24,mts_aggregate_1,2014,67.07
zwe,sex_f,age_ythadult_y15_24,mts_aggregate_1,2019,37.966
zwe,sex_f,age_ythadult_y15_24,mts_aggregate_1,2021,40.083
zwe,sex_f,age_ythadult_y15_24,mts_aggregate_1,2022,34.593
zwe,sex_f,age_ythadult_y15_24,mts_aggregate_1,2023,37.843
zwe,sex_f,age_ythadult_y15_24,mts_aggregate_2,2011,75.719
zwe,sex_f,age_ythadult_y15_24,mts_aggregate_2,2014,76.828
zwe,sex_f,age_ythadult_y15_24,mts_aggregate_2,2019,53.148
zwe,sex_f,age_ythadult_y15_24,mts_aggregate_2,2021,52.275
zwe,sex_f,age_ythadult_y15_24,mts_aggregate_2,2022,49.748
zwe,sex_f,age_ythadult_y15_24,mts_aggregate_2,2023,54.926
zwe,sex_f,age_ythadult_y15_24,mts_aggregate_total,2011,67.592
zwe,sex_f,age_ythadult_y15_24,mts_aggregate_total,2014,70.879
zwe,sex_f,age_ythadult_y15_24,mts_aggregate_total,2019,43.085
zwe,sex_f,age_ythadult_y15_24,mts_aggregate_total,2021,44.108
zwe,sex_f,age_ythadult_y15_24,mts_aggregate_total,2022,40.762
zwe,sex_f,age_ythadult_y15_24,mts_aggregate_total,2023,43.434
zwe,sex_f,age_ythadult_y15_24,mts_aggregate_x,2011,64.797
zwe,sex_f,age_ythadult_y15_24,mts_aggregate_x,2014,59.654
zwe,sex_f,age_ythadult_y15_24,mts_aggregate_x,2022,44.492
zwe,sex_f,age_ythadult_y15_24,mts_aggregate_x,2023,42.41
zwe,sex_f,age_ythadult_y15_24,mts_details_mrd,2011,75.719
zwe,sex_f,age_ythadult_y15_24,mts_details_mrd,2014,76.828
zwe,sex_f,age_ythadult_y15_24,mts_details_mrd,2019,53.148
zwe,sex_f,age_ythadult_y15_24,mts_details_mrd,2021,52.275
zwe,sex_f,age_ythadult_y15_24,mts_details_mrd,2022,49.748
zwe,sex_f,age_ythadult_y15_24,mts_details_mrd,2023,54.926
zwe,sex_f,age_ythadult_y15_24,mts_details_sep,2011,91.056
zwe,sex_f,age_ythadult_y15_24,mts_details_sep,2014,89.686
zwe,sex_f,age_ythadult_y15_24,mts_details_sep,2019,58.703
zwe,sex_f,age_ythadult_y15_24,mts_details_sep,2021,65.627
zwe,sex_f,age_ythadult_y15_24,mts_details_sep,2022,65.607
zwe,sex_f,age_ythadult_y15_24,mts_details_sep,2023,69.841
zwe,sex_f,age_ythadult_y15_24,mts_details_sgle,2011,59.827
zwe,sex_f,age_ythadult_y15_24,mts_details_sgle,2014,64.703
zwe,sex_f,age_ythadult_y15_24,mts_details_sgle,2019,35.625
zwe,sex_f,age_ythadult_y15_24,mts_details_sgle,2021,37.481
zwe,sex_f,age_ythadult_y15_24,mts_details_sgle,2022,31.701
zwe,sex_f,age_ythadult_y15_24,mts_details_sgle,2023,35.121
zwe,sex_f,age_ythadult_y15_24,mts_details_total,2011,67.592
zwe,sex_f,age_ythadult_y15_24,mts_details_total,2014,70.879
zwe,sex_f,age_ythadult_y15_24,mts_details_total,2019,43.085
zwe,sex_f,age_ythadult_y15_24,mts_details_total,2021,44.108
zwe,sex_f,age_ythadult_y15_24,mts_details_total,2022,40.762
zwe,sex_f,age_ythadult_y15_24,mts_details_total,2023,43.434
zwe,sex_f,age_ythadult_y15_24,mts_details_wid,2011,87.595
zwe,sex_f,age_ythadult_y15_24,mts_details_wid,2014,100
zwe,sex_f,age_ythadult_y15_24,mts_details_wid,2021,49.73
zwe,sex_f,age_ythadult_y15_24,mts_details_wid,2022,60.761
zwe,sex_f,age_ythadult_y15_24,mts_details_x,2011,64.797
zwe,sex_f,age_ythadult_y15_24,mts_details_x,2014,59.654
zwe,sex_f,age_ythadult_y15_24,mts_details_x,2022,44.492
zwe,sex_f,age_ythadult_y15_24,mts_details_x,2023,42.41
zwe,sex_f,age_ythadult_y15_64,mts_aggregate_1,2011,73.749
zwe,sex_f,age_ythadult_y15_64,mts_aggregate_1,2014,77.308
zwe,sex_f,age_ythadult_y15_64,mts_aggregate_1,2019,55.092
zwe,sex_f,age_ythadult_y15_64,mts_aggregate_1,2021,56.329
zwe,sex_f,age_ythadult_y15_64,mts_aggregate_1,2022,53.448
zwe,sex_f,age_ythadult_y15_64,mts_aggregate_1,2023,56.811
zwe,sex_f,age_ythadult_y15_64,mts_aggregate_2,2011,82.347
zwe,sex_f,age_ythadult_y15_64,mts_aggregate_2,2014,83.86
zwe,sex_f,age_ythadult_y15_64,mts_aggregate_2,2019,68.651
zwe,sex_f,age_ythadult_y15_64,mts_aggregate_2,2021,66.209
zwe,sex_f,age_ythadult_y15_64,mts_aggregate_2,2022,64.766
zwe,sex_f,age_ythadult_y15_64,mts_aggregate_2,2023,67.707
zwe,sex_f,age_ythadult_y15_64,mts_aggregate_total,2011,78.702
zwe,sex_f,age_ythadult_y15_64,mts_aggregate_total,2014,81.255
zwe,sex_f,age_ythadult_y15_64,mts_aggregate_total,2019,62.989
zwe,sex_f,age_ythadult_y15_64,mts_aggregate_total,2021,62.032
zwe,sex_f,age_ythadult_y15_64,mts_aggregate_total,2022,61.455
zwe,sex_f,age_ythadult_y15_64,mts_aggregate_total,2023,63.269
zwe,sex_f,age_ythadult_y15_64,mts_aggregate_x,2011,63.001
zwe,sex_f,age_ythadult_y15_64,mts_aggregate_x,2014,78.699
zwe,sex_f,age_ythadult_y15_64,mts_aggregate_x,2022,65.508
zwe,sex_f,age_ythadult_y15_64,mts_aggregate_x,2023,63.259
zwe,sex_f,age_ythadult_y15_64,mts_details_mrd,2011,82.347
zwe,sex_f,age_ythadult_y15_64,mts_details_mrd,2014,83.86
zwe,sex_f,age_ythadult_y15_64,mts_details_mrd,2019,68.651
zwe,sex_f,age_ythadult_y15_64,mts_details_mrd,2021,66.209
zwe,sex_f,age_ythadult_y15_64,mts_details_mrd,2022,64.766
zwe,sex_f,age_ythadult_y15_64,mts_details_mrd,2023,67.707
zwe,sex_f,age_ythadult_y15_64,mts_details_sep,2011,87.665
zwe,sex_f,age_ythadult_y15_64,mts_details_sep,2014,90.458
zwe,sex_f,age_ythadult_y15_64,mts_details_sep,2019,71.942
zwe,sex_f,age_ythadult_y15_64,mts_details_sep,2021,75.846
zwe,sex_f,age_ythadult_y15_64,mts_details_sep,2022,76.802
zwe,sex_f,age_ythadult_y15_64,mts_details_sep,2023,78.755
zwe,sex_f,age_ythadult_y15_64,mts_details_sgle,2011,62.869
zwe,sex_f,age_ythadult_y15_64,mts_details_sgle,2014,66.608
zwe,sex_f,age_ythadult_y15_64,mts_details_sgle,2019,41.551
zwe,sex_f,age_ythadult_y15_64,mts_details_sgle,2021,43.278
zwe,sex_f,age_ythadult_y15_64,mts_details_sgle,2022,37.692
zwe,sex_f,age_ythadult_y15_64,mts_details_sgle,2023,41.79
zwe,sex_f,age_ythadult_y15_64,mts_details_total,2011,78.702
zwe,sex_f,age_ythadult_y15_64,mts_details_total,2014,81.255
zwe,sex_f,age_ythadult_y15_64,mts_details_total,2019,62.989
zwe,sex_f,age_ythadult_y15_64,mts_details_total,2021,62.032
zwe,sex_f,age_ythadult_y15_64,mts_details_total,2022,61.455
zwe,sex_f,age_ythadult_y15_64,mts_details_total,2023,63.269
zwe,sex_f,age_ythadult_y15_64,mts_details_wid,2011,87.621
zwe,sex_f,age_ythadult_y15_64,mts_details_wid,2014,89.973
zwe,sex_f,age_ythadult_y15_64,mts_details_wid,2019,72.318
zwe,sex_f,age_ythadult_y15_64,mts_details_wid,2021,71.162
zwe,sex_f,age_ythadult_y15_64,mts_details_wid,2022,71.597
zwe,sex_f,age_ythadult_y15_64,mts_details_wid,2023,73.398
zwe,sex_f,age_ythadult_y15_64,mts_details_x,2011,63.001
zwe,sex_f,age_ythadult_y15_64,mts_details_x,2014,78.699
zwe,sex_f,age_ythadult_y15_64,mts_details_x,2022,65.508
zwe,sex_f,age_ythadult_y15_64,mts_details_x,2023,63.259
zwe,sex_f,age_ythadult_yge15,mts_aggregate_1,2011,71.808
zwe,sex_f,age_ythadult_yge15,mts_aggregate_1,2014,75.52
zwe,sex_f,age_ythadult_yge15,mts_aggregate_1,2019,52.364
zwe,sex_f,age_ythadult_yge15,mts_aggregate_1,2021,53.32
zwe,sex_f,age_ythadult_yge15,mts_aggregate_1,2022,50.905
zwe,sex_f,age_ythadult_yge15,mts_aggregate_1,2023,55.466
zwe,sex_f,age_ythadult_yge15,mts_aggregate_2,2011,82.079
zwe,sex_f,age_ythadult_yge15,mts_aggregate_2,2014,83.756
zwe,sex_f,age_ythadult_yge15,mts_aggregate_2,2019,67.498
zwe,sex_f,age_ythadult_yge15,mts_aggregate_2,2021,65.537
zwe,sex_f,age_ythadult_yge15,mts_aggregate_2,2022,63.962
zwe,sex_f,age_ythadult_yge15,mts_aggregate_2,2023,67.24
zwe,sex_f,age_ythadult_yge15,mts_aggregate_total,2011,77.47
zwe,sex_f,age_ythadult_yge15,mts_aggregate_total,2014,80.253
zwe,sex_f,age_ythadult_yge15,mts_aggregate_total,2019,60.691
zwe,sex_f,age_ythadult_yge15,mts_aggregate_total,2021,60.014
zwe,sex_f,age_ythadult_yge15,mts_aggregate_total,2022,59.708
zwe,sex_f,age_ythadult_yge15,mts_aggregate_total,2023,62.099
zwe,sex_f,age_ythadult_yge15,mts_aggregate_x,2011,56.935
zwe,sex_f,age_ythadult_yge15,mts_aggregate_x,2014,69.999
zwe,sex_f,age_ythadult_yge15,mts_aggregate_x,2022,64.359
zwe,sex_f,age_ythadult_yge15,mts_aggregate_x,2023,62.069
zwe,sex_f,age_ythadult_yge15,mts_details_mrd,2011,82.079
zwe,sex_f,age_ythadult_yge15,mts_details_mrd,2014,83.756
zwe,sex_f,age_ythadult_yge15,mts_details_mrd,2019,67.498
zwe,sex_f,age_ythadult_yge15,mts_details_mrd,2021,65.537
zwe,sex_f,age_ythadult_yge15,mts_details_mrd,2022,63.962
zwe,sex_f,age_ythadult_yge15,mts_details_mrd,2023,67.24
zwe,sex_f,age_ythadult_yge15,mts_details_sep,2011,86.524
zwe,sex_f,age_ythadult_yge15,mts_details_sep,2014,89.686
zwe,sex_f,age_ythadult_yge15,mts_details_sep,2019,70.435
zwe,sex_f,age_ythadult_yge15,mts_details_sep,2021,74.579
zwe,sex_f,age_ythadult_yge15,mts_details_sep,2022,75.268
zwe,sex_f,age_ythadult_yge15,mts_details_sep,2023,77.113
zwe,sex_f,age_ythadult_yge15,mts_details_sgle,2011,62.92
zwe,sex_f,age_ythadult_yge15,mts_details_sgle,2014,66.633
zwe,sex_f,age_ythadult_yge15,mts_details_sgle,2019,41.55
zwe,sex_f,age_ythadult_yge15,mts_details_sgle,2021,43.186
zwe,sex_f,age_ythadult_yge15,mts_details_sgle,2022,37.697
zwe,sex_f,age_ythadult_yge15,mts_details_sgle,2023,41.709
zwe,sex_f,age_ythadult_yge15,mts_details_total,2011,77.47
zwe,sex_f,age_ythadult_yge15,mts_details_total,2014,80.253
zwe,sex_f,age_ythadult_yge15,mts_details_total,2019,60.691
zwe,sex_f,age_ythadult_yge15,mts_details_total,2021,60.014
zwe,sex_f,age_ythadult_yge15,mts_details_total,2022,59.708
zwe,sex_f,age_ythadult_yge15,mts_details_total,2023,62.099
zwe,sex_f,age_ythadult_yge15,mts_details_wid,2011,77.651
zwe,sex_f,age_ythadult_yge15,mts_details_wid,2014,80.238
zwe,sex_f,age_ythadult_yge15,mts_details_wid,2019,56.353
zwe,sex_f,age_ythadult_yge15,mts_details_wid,2021,54.34
zwe,sex_f,age_ythadult_yge15,mts_details_wid,2022,54.454
zwe,sex_f,age_ythadult_yge15,mts_details_wid,2023,61.483
zwe,sex_f,age_ythadult_yge15,mts_details_x,2011,56.935
zwe,sex_f,age_ythadult_yge15,mts_details_x,2014,69.999
zwe,sex_f,age_ythadult_yge15,mts_details_x,2022,64.359
zwe,sex_f,age_ythadult_yge15,mts_details_x,2023,62.069
zwe,sex_f,age_ythadult_yge25,mts_aggregate_1,2011,79.876
zwe,sex_f,age_ythadult_yge25,mts_aggregate_1,2014,82.348
zwe,sex_f,age_ythadult_yge25,mts_aggregate_1,2019,63.296
zwe,sex_f,age_ythadult_yge25,mts_aggregate_1,2021,63.814
zwe,sex_f,age_ythadult_yge25,mts_aggregate_1,2022,63.502
zwe,sex_f,age_ythadult_yge25,mts_aggregate_1,2023,68.699
zwe,sex_f,age_ythadult_yge25,mts_aggregate_2,2011,84.032
zwe,sex_f,age_ythadult_yge25,mts_aggregate_2,2014,85.623
zwe,sex_f,age_ythadult_yge25,mts_aggregate_2,2019,70.636
zwe,sex_f,age_ythadult_yge25,mts_aggregate_2,2021,68.446
zwe,sex_f,age_ythadult_yge25,mts_aggregate_2,2022,66.798
zwe,sex_f,age_ythadult_yge25,mts_aggregate_2,2023,69.86
zwe,sex_f,age_ythadult_yge25,mts_aggregate_total,2011,82.474
zwe,sex_f,age_ythadult_yge25,mts_aggregate_total,2014,84.502
zwe,sex_f,age_ythadult_yge25,mts_aggregate_total,2019,67.982
zwe,sex_f,age_ythadult_yge25,mts_aggregate_total,2021,66.781
zwe,sex_f,age_ythadult_yge25,mts_aggregate_total,2022,67.37
zwe,sex_f,age_ythadult_yge25,mts_aggregate_total,2023,69.46
zwe,sex_f,age_ythadult_yge25,mts_aggregate_x,2011,51.429
zwe,sex_f,age_ythadult_yge25,mts_aggregate_x,2014,78.694
zwe,sex_f,age_ythadult_yge25,mts_aggregate_x,2022,72.612
zwe,sex_f,age_ythadult_yge25,mts_aggregate_x,2023,69.471
zwe,sex_f,age_ythadult_yge25,mts_details_mrd,2011,84.032
zwe,sex_f,age_ythadult_yge25,mts_details_mrd,2014,85.623
zwe,sex_f,age_ythadult_yge25,mts_details_mrd,2019,70.636
zwe,sex_f,age_ythadult_yge25,mts_details_mrd,2021,68.446
zwe,sex_f,age_ythadult_yge25,mts_details_mrd,2022,66.798
zwe,sex_f,age_ythadult_yge25,mts_details_mrd,2023,69.86
zwe,sex_f,age_ythadult_yge25,mts_details_sep,2011,85.138
zwe,sex_f,age_ythadult_yge25,mts_details_sep,2014,89.686
zwe,sex_f,age_ythadult_yge25,mts_details_sep,2019,73.588
zwe,sex_f,age_ythadult_yge25,mts_details_sep,2021,76.616
zwe,sex_f,age_ythadult_yge25,mts_details_sep,2022,77.195
zwe,sex_f,age_ythadult_yge25,mts_details_sep,2023,78.38
zwe,sex_f,age_ythadult_yge25,mts_details_sgle,2011,82.528
zwe,sex_f,age_ythadult_yge25,mts_details_sgle,2014,78.653
zwe,sex_f,age_ythadult_yge25,mts_details_sgle,2019,72.016
zwe,sex_f,age_ythadult_yge25,mts_details_sgle,2021,69.504
zwe,sex_f,age_ythadult_yge25,mts_details_sgle,2022,66.834
zwe,sex_f,age_ythadult_yge25,mts_details_sgle,2023,71.591
zwe,sex_f,age_ythadult_yge25,mts_details_total,2011,82.474
zwe,sex_f,age_ythadult_yge25,mts_details_total,2014,84.502
zwe,sex_f,age_ythadult_yge25,mts_details_total,2019,67.982
zwe,sex_f,age_ythadult_yge25,mts_details_total,2021,66.781
zwe,sex_f,age_ythadult_yge25,mts_details_total,2022,67.37
zwe,sex_f,age_ythadult_yge25,mts_details_total,2023,69.46
zwe,sex_f,age_ythadult_yge25,mts_details_wid,2011,77.582
zwe,sex_f,age_ythadult_yge25,mts_details_wid,2014,80.088
zwe,sex_f,age_ythadult_yge25,mts_details_wid,2019,56.385
zwe,sex_f,age_ythadult_yge25,mts_details_wid,2021,54.354
zwe,sex_f,age_ythadult_yge25,mts_details_wid,2022,54.424
zwe,sex_f,age_ythadult_yge25,mts_details_wid,2023,61.489
zwe,sex_f,age_ythadult_yge25,mts_details_x,2011,51.429
zwe,sex_f,age_ythadult_yge25,mts_details_x,2014,78.694
zwe,sex_f,age_ythadult_yge25,mts_details_x,2022,72.612
zwe,sex_f,age_ythadult_yge25,mts_details_x,2023,69.471
zwe,sex_m,age_10yrbands_total,mts_aggregate_1,2011,79.378
zwe,sex_m,age_10yrbands_total,mts_aggregate_1,2014,80.225
zwe,sex_m,age_10yrbands_total,mts_aggregate_1,2019,59.505
zwe,sex_m,age_10yrbands_total,mts_aggregate_1,2021,57.347
zwe,sex_m,age_10yrbands_total,mts_aggregate_1,2022,54.228
zwe,sex_m,age_10yrbands_total,mts_aggregate_1,2023,58.167
zwe,sex_m,age_10yrbands_total,mts_aggregate_2,2011,94.666
zwe,sex_m,age_10yrbands_total,mts_aggregate_2,2014,96.27
zwe,sex_m,age_10yrbands_total,mts_aggregate_2,2019,81.744
zwe,sex_m,age_10yrbands_total,mts_aggregate_2,2021,83.199
zwe,sex_m,age_10yrbands_total,mts_aggregate_2,2022,82.662
zwe,sex_m,age_10yrbands_total,mts_aggregate_2,2023,85.928
zwe,sex_m,age_10yrbands_total,mts_aggregate_total,2011,88.093
zwe,sex_m,age_10yrbands_total,mts_aggregate_total,2014,89.452
zwe,sex_m,age_10yrbands_total,mts_aggregate_total,2019,71.879
zwe,sex_m,age_10yrbands_total,mts_aggregate_total,2021,71.589
zwe,sex_m,age_10yrbands_total,mts_aggregate_total,2022,71.634
zwe,sex_m,age_10yrbands_total,mts_aggregate_total,2023,74.352
zwe,sex_m,age_10yrbands_total,mts_aggregate_x,2011,69.289
zwe,sex_m,age_10yrbands_total,mts_aggregate_x,2014,77.808
zwe,sex_m,age_10yrbands_total,mts_aggregate_x,2022,75.214
zwe,sex_m,age_10yrbands_total,mts_aggregate_x,2023,75.119
zwe,sex_m,age_10yrbands_total,mts_details_mrd,2011,94.666
zwe,sex_m,age_10yrbands_total,mts_details_mrd,2014,96.27
zwe,sex_m,age_10yrbands_total,mts_details_mrd,2019,81.744
zwe,sex_m,age_10yrbands_total,mts_details_mrd,2021,83.199
zwe,sex_m,age_10yrbands_total,mts_details_mrd,2022,82.662
zwe,sex_m,age_10yrbands_total,mts_details_mrd,2023,85.928
zwe,sex_m,age_10yrbands_total,mts_details_sep,2011,93.868
zwe,sex_m,age_10yrbands_total,mts_details_sep,2014,90.908
zwe,sex_m,age_10yrbands_total,mts_details_sep,2019,76.189
zwe,sex_m,age_10yrbands_total,mts_details_sep,2021,75.653
zwe,sex_m,age_10yrbands_total,mts_details_sep,2022,78.474
zwe,sex_m,age_10yrbands_total,mts_details_sep,2023,78.81
zwe,sex_m,age_10yrbands_total,mts_details_sgle,2011,78.098
zwe,sex_m,age_10yrbands_total,mts_details_sgle,2014,79.468
zwe,sex_m,age_10yrbands_total,mts_details_sgle,2019,57.818
zwe,sex_m,age_10yrbands_total,mts_details_sgle,2021,55.456
zwe,sex_m,age_10yrbands_total,mts_details_sgle,2022,51.662
zwe,sex_m,age_10yrbands_total,mts_details_sgle,2023,55.568
zwe,sex_m,age_10yrbands_total,mts_details_total,2011,88.093
zwe,sex_m,age_10yrbands_total,mts_details_total,2014,89.452
zwe,sex_m,age_10yrbands_total,mts_details_total,2019,71.879
zwe,sex_m,age_10yrbands_total,mts_details_total,2021,71.589
zwe,sex_m,age_10yrbands_total,mts_details_total,2022,71.634
zwe,sex_m,age_10yrbands_total,mts_details_total,2023,74.352
zwe,sex_m,age_10yrbands_total,mts_details_wid,2011,82.228
zwe,sex_m,age_10yrbands_total,mts_details_wid,2014,75.318
zwe,sex_m,age_10yrbands_total,mts_details_wid,2019,60.289
zwe,sex_m,age_10yrbands_total,mts_details_wid,2021,57.1
zwe,sex_m,age_10yrbands_total,mts_details_wid,2022,52.318
zwe,sex_m,age_10yrbands_total,mts_details_wid,2023,62.365
zwe,sex_m,age_10yrbands_total,mts_details_x,2011,69.289
zwe,sex_m,age_10yrbands_total,mts_details_x,2014,77.808
zwe,sex_m,age_10yrbands_total,mts_details_x,2022,75.214
zwe,sex_m,age_10yrbands_total,mts_details_x,2023,75.119
zwe,sex_m,age_10yrbands_y15_24,mts_aggregate_1,2011,76.086
zwe,sex_m,age_10yrbands_y15_24,mts_aggregate_1,2014,78.078
zwe,sex_m,age_10yrbands_y15_24,mts_aggregate_1,2019,54.596
zwe,sex_m,age_10yrbands_y15_24,mts_aggregate_1,2021,51.022
zwe,sex_m,age_10yrbands_y15_24,mts_aggregate_1,2022,46.031
zwe,sex_m,age_10yrbands_y15_24,mts_aggregate_1,2023,50.194
zwe,sex_m,age_10yrbands_y15_24,mts_aggregate_2,2011,95.558
zwe,sex_m,age_10yrbands_y15_24,mts_aggregate_2,2014,96.92
zwe,sex_m,age_10yrbands_y15_24,mts_aggregate_2,2019,77.746
zwe,sex_m,age_10yrbands_y15_24,mts_aggregate_2,2021,77.786
zwe,sex_m,age_10yrbands_y15_24,mts_aggregate_2,2022,81.405
zwe,sex_m,age_10yrbands_y15_24,mts_aggregate_2,2023,87.326
zwe,sex_m,age_10yrbands_y15_24,mts_aggregate_total,2011,78.259
zwe,sex_m,age_10yrbands_y15_24,mts_aggregate_total,2014,80.13
zwe,sex_m,age_10yrbands_y15_24,mts_aggregate_total,2019,56.988
zwe,sex_m,age_10yrbands_y15_24,mts_aggregate_total,2021,53.665
zwe,sex_m,age_10yrbands_y15_24,mts_aggregate_total,2022,50.721
zwe,sex_m,age_10yrbands_y15_24,mts_aggregate_total,2023,53.411
zwe,sex_m,age_10yrbands_y15_24,mts_aggregate_x,2011,71.227
zwe,sex_m,age_10yrbands_y15_24,mts_aggregate_x,2014,77.632
zwe,sex_m,age_10yrbands_y15_24,mts_aggregate_x,2022,55.015
zwe,sex_m,age_10yrbands_y15_24,mts_aggregate_x,2023,52.219
zwe,sex_m,age_10yrbands_y15_24,mts_details_mrd,2011,95.558
zwe,sex_m,age_10yrbands_y15_24,mts_details_mrd,2014,96.92
zwe,sex_m,age_10yrbands_y15_24,mts_details_mrd,2019,77.746
zwe,sex_m,age_10yrbands_y15_24,mts_details_mrd,2021,77.786
zwe,sex_m,age_10yrbands_y15_24,mts_details_mrd,2022,81.405
zwe,sex_m,age_10yrbands_y15_24,mts_details_mrd,2023,87.326
zwe,sex_m,age_10yrbands_y15_24,mts_details_sep,2011,89.722
zwe,sex_m,age_10yrbands_y15_24,mts_details_sep,2014,95.197
zwe,sex_m,age_10yrbands_y15_24,mts_details_sep,2019,76.62
zwe,sex_m,age_10yrbands_y15_24,mts_details_sep,2021,77.182
zwe,sex_m,age_10yrbands_y15_24,mts_details_sep,2022,77.538
zwe,sex_m,age_10yrbands_y15_24,mts_details_sep,2023,78.475
zwe,sex_m,age_10yrbands_y15_24,mts_details_sgle,2011,75.94
zwe,sex_m,age_10yrbands_y15_24,mts_details_sgle,2014,77.874
zwe,sex_m,age_10yrbands_y15_24,mts_details_sgle,2019,54.413
zwe,sex_m,age_10yrbands_y15_24,mts_details_sgle,2021,50.756
zwe,sex_m,age_10yrbands_y15_24,mts_details_sgle,2022,45.802
zwe,sex_m,age_10yrbands_y15_24,mts_details_sgle,2023,49.953
zwe,sex_m,age_10yrbands_y15_24,mts_details_total,2011,78.259
zwe,sex_m,age_10yrbands_y15_24,mts_details_total,2014,80.13
zwe,sex_m,age_10yrbands_y15_24,mts_details_total,2019,56.988
zwe,sex_m,age_10yrbands_y15_24,mts_details_total,2021,53.665
zwe,sex_m,age_10yrbands_y15_24,mts_details_total,2022,50.721
zwe,sex_m,age_10yrbands_y15_24,mts_details_total,2023,53.411
zwe,sex_m,age_10yrbands_y15_24,mts_details_wid,2011,100
zwe,sex_m,age_10yrbands_y15_24,mts_details_x,2011,71.227
zwe,sex_m,age_10yrbands_y15_24,mts_details_x,2014,77.632
zwe,sex_m,age_10yrbands_y15_24,mts_details_x,2022,55.015
zwe,sex_m,age_10yrbands_y15_24,mts_details_x,2023,52.219
zwe,sex_m,age_10yrbands_y25_34,mts_aggregate_1,2011,91.034
zwe,sex_m,age_10yrbands_y25_34,mts_aggregate_1,2014,89.971
zwe,sex_m,age_10yrbands_y25_34,mts_aggregate_1,2019,76.168
zwe,sex_m,age_10yrbands_y25_34,mts_aggregate_1,2021,76.129
zwe,sex_m,age_10yrbands_y25_34,mts_aggregate_1,2022,77.273
zwe,sex_m,age_10yrbands_y25_34,mts_aggregate_1,2023,78.267
zwe,sex_m,age_10yrbands_y25_34,mts_aggregate_2,2011,98.596
zwe,sex_m,age_10yrbands_y25_34,mts_aggregate_2,2014,98.214
zwe,sex_m,age_10yrbands_y25_34,mts_aggregate_2,2019,87.416
zwe,sex_m,age_10yrbands_y25_34,mts_aggregate_2,2021,88.52
zwe,sex_m,age_10yrbands_y25_34,mts_aggregate_2,2022,88.742
zwe,sex_m,age_10yrbands_y25_34,mts_aggregate_2,2023,90.757
zwe,sex_m,age_10yrbands_y25_34,mts_aggregate_total,2011,96.615
zwe,sex_m,age_10yrbands_y25_34,mts_aggregate_total,2014,96.015
zwe,sex_m,age_10yrbands_y25_34,mts_aggregate_total,2019,84.022
zwe,sex_m,age_10yrbands_y25_34,mts_aggregate_total,2021,84.194
zwe,sex_m,age_10yrbands_y25_34,mts_aggregate_total,2022,85.261
zwe,sex_m,age_10yrbands_y25_34,mts_aggregate_total,2023,86.822
zwe,sex_m,age_10yrbands_y25_34,mts_aggregate_x,2022,86.718
zwe,sex_m,age_10yrbands_y25_34,mts_aggregate_x,2023,87.785
zwe,sex_m,age_10yrbands_y25_34,mts_details_mrd,2011,98.596
zwe,sex_m,age_10yrbands_y25_34,mts_details_mrd,2014,98.214
zwe,sex_m,age_10yrbands_y25_34,mts_details_mrd,2019,87.416
zwe,sex_m,age_10yrbands_y25_34,mts_details_mrd,2021,88.52
zwe,sex_m,age_10yrbands_y25_34,mts_details_mrd,2022,88.742
zwe,sex_m,age_10yrbands_y25_34,mts_details_mrd,2023,90.757
zwe,sex_m,age_10yrbands_y25_34,mts_details_sep,2011,97.535
zwe,sex_m,age_10yrbands_y25_34,mts_details_sep,2014,92.646
zwe,sex_m,age_10yrbands_y25_34,mts_details_sep,2019,79.238
zwe,sex_m,age_10yrbands_y25_34,mts_details_sep,2021,77.064
zwe,sex_m,age_10yrbands_y25_34,mts_details_sep,2022,83.498
zwe,sex_m,age_10yrbands_y25_34,mts_details_sep,2023,82.501
zwe,sex_m,age_10yrbands_y25_34,mts_details_sgle,2011,90.189
zwe,sex_m,age_10yrbands_y25_34,mts_details_sgle,2014,88.997
zwe,sex_m,age_10yrbands_y25_34,mts_details_sgle,2019,75.36
zwe,sex_m,age_10yrbands_y25_34,mts_details_sgle,2021,75.85
zwe,sex_m,age_10yrbands_y25_34,mts_details_sgle,2022,76.014
zwe,sex_m,age_10yrbands_y25_34,mts_details_sgle,2023,77.342
zwe,sex_m,age_10yrbands_y25_34,mts_details_total,2011,96.615
zwe,sex_m,age_10yrbands_y25_34,mts_details_total,2014,96.015
zwe,sex_m,age_10yrbands_y25_34,mts_details_total,2019,84.022
zwe,sex_m,age_10yrbands_y25_34,mts_details_total,2021,84.194
zwe,sex_m,age_10yrbands_y25_34,mts_details_total,2022,85.261
zwe,sex_m,age_10yrbands_y25_34,mts_details_total,2023,86.822
zwe,sex_m,age_10yrbands_y25_34,mts_details_wid,2011,80.972
zwe,sex_m,age_10yrbands_y25_34,mts_details_wid,2014,100
zwe,sex_m,age_10yrbands_y25_34,mts_details_wid,2021,85.464
zwe,sex_m,age_10yrbands_y25_34,mts_details_wid,2022,92.533
zwe,sex_m,age_10yrbands_y25_34,mts_details_wid,2023,94.022
zwe,sex_m,age_10yrbands_y25_34,mts_details_x,2022,86.718
zwe,sex_m,age_10yrbands_y25_34,mts_details_x,2023,87.785
zwe,sex_m,age_10yrbands_y35_44,mts_aggregate_1,2011,87.805
zwe,sex_m,age_10yrbands_y35_44,mts_aggregate_1,2014,91.57
zwe,sex_m,age_10yrbands_y35_44,mts_aggregate_1,2019,77.507
zwe,sex_m,age_10yrbands_y35_44,mts_aggregate_1,2021,74.716
zwe,sex_m,age_10yrbands_y35_44,mts_aggregate_1,2022,75.233
zwe,sex_m,age_10yrbands_y35_44,mts_aggregate_1,2023,79.009
zwe,sex_m,age_10yrbands_y35_44,mts_aggregate_2,2011,98.011
zwe,sex_m,age_10yrbands_y35_44,mts_aggregate_2,2014,98.808
zwe,sex_m,age_10yrbands_y35_44,mts_aggregate_2,2019,85.706
zwe,sex_m,age_10yrbands_y35_44,mts_aggregate_2,2021,87.447
zwe,sex_m,age_10yrbands_y35_44,mts_aggregate_2,2022,87.709
zwe,sex_m,age_10yrbands_y35_44,mts_aggregate_2,2023,90.488
zwe,sex_m,age_10yrbands_y35_44,mts_aggregate_total,2011,96.954
zwe,sex_m,age_10yrbands_y35_44,mts_aggregate_total,2014,97.941
zwe,sex_m,age_10yrbands_y35_44,mts_aggregate_total,2019,84.446
zwe,sex_m,age_10yrbands_y35_44,mts_aggregate_total,2021,85.497
zwe,sex_m,age_10yrbands_y35_44,mts_aggregate_total,2022,87.24
zwe,sex_m,age_10yrbands_y35_44,mts_aggregate_total,2023,89.088
zwe,sex_m,age_10yrbands_y35_44,mts_aggregate_x,2022,91.684
zwe,sex_m,age_10yrbands_y35_44,mts_aggregate_x,2023,90.318
zwe,sex_m,age_10yrbands_y35_44,mts_details_mrd,2011,98.011
zwe,sex_m,age_10yrbands_y35_44,mts_details_mrd,2014,98.808
zwe,sex_m,age_10yrbands_y35_44,mts_details_mrd,2019,85.706
zwe,sex_m,age_10yrbands_y35_44,mts_details_mrd,2021,87.447
zwe,sex_m,age_10yrbands_y35_44,mts_details_mrd,2022,87.709
zwe,sex_m,age_10yrbands_y35_44,mts_details_mrd,2023,90.488
zwe,sex_m,age_10yrbands_y35_44,mts_details_sep,2011,95.581
zwe,sex_m,age_10yrbands_y35_44,mts_details_sep,2014,94.554
zwe,sex_m,age_10yrbands_y35_44,mts_details_sep,2019,77.694
zwe,sex_m,age_10yrbands_y35_44,mts_details_sep,2021,80.258
zwe,sex_m,age_10yrbands_y35_44,mts_details_sep,2022,82.477
zwe,sex_m,age_10yrbands_y35_44,mts_details_sep,2023,81.682
zwe,sex_m,age_10yrbands_y35_44,mts_details_sgle,2011,82.621
zwe,sex_m,age_10yrbands_y35_44,mts_details_sgle,2014,85.751
zwe,sex_m,age_10yrbands_y35_44,mts_details_sgle,2019,75.366
zwe,sex_m,age_10yrbands_y35_44,mts_details_sgle,2021,68.562
zwe,sex_m,age_10yrbands_y35_44,mts_details_sgle,2022,65.95
zwe,sex_m,age_10yrbands_y35_44,mts_details_sgle,2023,74.692
zwe,sex_m,age_10yrbands_y35_44,mts_details_total,2011,96.954
zwe,sex_m,age_10yrbands_y35_44,mts_details_total,2014,97.941
zwe,sex_m,age_10yrbands_y35_44,mts_details_total,2019,84.446
zwe,sex_m,age_10yrbands_y35_44,mts_details_total,2021,85.497
zwe,sex_m,age_10yrbands_y35_44,mts_details_total,2022,87.24
zwe,sex_m,age_10yrbands_y35_44,mts_details_total,2023,89.088
zwe,sex_m,age_10yrbands_y35_44,mts_details_wid,2011,85.047
zwe,sex_m,age_10yrbands_y35_44,mts_details_wid,2014,97.22
zwe,sex_m,age_10yrbands_y35_44,mts_details_wid,2019,90.099
zwe,sex_m,age_10yrbands_y35_44,mts_details_wid,2021,90.336
zwe,sex_m,age_10yrbands_y35_44,mts_details_wid,2022,91.651
zwe,sex_m,age_10yrbands_y35_44,mts_details_wid,2023,86.903
zwe,sex_m,age_10yrbands_y35_44,mts_details_x,2022,91.684
zwe,sex_m,age_10yrbands_y35_44,mts_details_x,2023,90.318
zwe,sex_m,age_10yrbands_y45_54,mts_aggregate_1,2011,93.177
zwe,sex_m,age_10yrbands_y45_54,mts_aggregate_1,2014,87.584
zwe,sex_m,age_10yrbands_y45_54,mts_aggregate_1,2019,75.296
zwe,sex_m,age_10yrbands_y45_54,mts_aggregate_1,2021,75.174
zwe,sex_m,age_10yrbands_y45_54,mts_aggregate_1,2022,73.486
zwe,sex_m,age_10yrbands_y45_54,mts_aggregate_1,2023,78.966
zwe,sex_m,age_10yrbands_y45_54,mts_aggregate_2,2011,95.6
zwe,sex_m,age_10yrbands_y45_54,mts_aggregate_2,2014,97.39
zwe,sex_m,age_10yrbands_y45_54,mts_aggregate_2,2019,88.604
zwe,sex_m,age_10yrbands_y45_54,mts_aggregate_2,2021,87.268
zwe,sex_m,age_10yrbands_y45_54,mts_aggregate_2,2022,86.802
zwe,sex_m,age_10yrbands_y45_54,mts_aggregate_2,2023,89.27
zwe,sex_m,age_10yrbands_y45_54,mts_aggregate_total,2011,95.321
zwe,sex_m,age_10yrbands_y45_54,mts_aggregate_total,2014,96.399
zwe,sex_m,age_10yrbands_y45_54,mts_aggregate_total,2019,86.787
zwe,sex_m,age_10yrbands_y45_54,mts_aggregate_total,2021,85.756
zwe,sex_m,age_10yrbands_y45_54,mts_aggregate_total,2022,86.02
zwe,sex_m,age_10yrbands_y45_54,mts_aggregate_total,2023,88.604
zwe,sex_m,age_10yrbands_y45_54,mts_aggregate_x,2022,88.501
zwe,sex_m,age_10yrbands_y45_54,mts_aggregate_x,2023,90.107
zwe,sex_m,age_10yrbands_y45_54,mts_details_mrd,2011,95.6
zwe,sex_m,age_10yrbands_y45_54,mts_details_mrd,2014,97.39
zwe,sex_m,age_10yrbands_y45_54,mts_details_mrd,2019,88.604
zwe,sex_m,age_10yrbands_y45_54,mts_details_mrd,2021,87.268
zwe,sex_m,age_10yrbands_y45_54,mts_details_mrd,2022,86.802
zwe,sex_m,age_10yrbands_y45_54,mts_details_mrd,2023,89.27
zwe,sex_m,age_10yrbands_y45_54,mts_details_sep,2011,93.838
zwe,sex_m,age_10yrbands_y45_54,mts_details_sep,2014,90.871
zwe,sex_m,age_10yrbands_y45_54,mts_details_sep,2019,83.143
zwe,sex_m,age_10yrbands_y45_54,mts_details_sep,2021,80.436
zwe,sex_m,age_10yrbands_y45_54,mts_details_sep,2022,75.033
zwe,sex_m,age_10yrbands_y45_54,mts_details_sep,2023,80.648
zwe,sex_m,age_10yrbands_y45_54,mts_details_sgle,2011,72.614
zwe,sex_m,age_10yrbands_y45_54,mts_details_sgle,2014,71.169
zwe,sex_m,age_10yrbands_y45_54,mts_details_sgle,2019,50.378
zwe,sex_m,age_10yrbands_y45_54,mts_details_sgle,2021,62.359
zwe,sex_m,age_10yrbands_y45_54,mts_details_sgle,2022,72.325
zwe,sex_m,age_10yrbands_y45_54,mts_details_sgle,2023,69.115
zwe,sex_m,age_10yrbands_y45_54,mts_details_total,2011,95.321
zwe,sex_m,age_10yrbands_y45_54,mts_details_total,2014,96.399
zwe,sex_m,age_10yrbands_y45_54,mts_details_total,2019,86.787
zwe,sex_m,age_10yrbands_y45_54,mts_details_total,2021,85.756
zwe,sex_m,age_10yrbands_y45_54,mts_details_total,2022,86.02
zwe,sex_m,age_10yrbands_y45_54,mts_details_total,2023,88.604
zwe,sex_m,age_10yrbands_y45_54,mts_details_wid,2011,100
zwe,sex_m,age_10yrbands_y45_54,mts_details_wid,2014,97.342
zwe,sex_m,age_10yrbands_y45_54,mts_details_wid,2019,89.48
zwe,sex_m,age_10yrbands_y45_54,mts_details_wid,2021,80.92
zwe,sex_m,age_10yrbands_y45_54,mts_details_wid,2022,71.098
zwe,sex_m,age_10yrbands_y45_54,mts_details_wid,2023,85.433
zwe,sex_m,age_10yrbands_y45_54,mts_details_x,2022,88.501
zwe,sex_m,age_10yrbands_y45_54,mts_details_x,2023,90.107
zwe,sex_m,age_10yrbands_y55_64,mts_aggregate_1,2011,93.51
zwe,sex_m,age_10yrbands_y55_64,mts_aggregate_1,2014,82.498
zwe,sex_m,age_10yrbands_y55_64,mts_aggregate_1,2019,68.085
zwe,sex_m,age_10yrbands_y55_64,mts_aggregate_1,2021,65.82
zwe,sex_m,age_10yrbands_y55_64,mts_aggregate_1,2022,62.684
zwe,sex_m,age_10yrbands_y55_64,mts_aggregate_1,2023,70.703
zwe,sex_m,age_10yrbands_y55_64,mts_aggregate_2,2011,92.037
zwe,sex_m,age_10yrbands_y55_64,mts_aggregate_2,2014,94.178
zwe,sex_m,age_10yrbands_y55_64,mts_aggregate_2,2019,77.104
zwe,sex_m,age_10yrbands_y55_64,mts_aggregate_2,2021,79.266
zwe,sex_m,age_10yrbands_y55_64,mts_aggregate_2,2022,78.228
zwe,sex_m,age_10yrbands_y55_64,mts_aggregate_2,2023,81.056
zwe,sex_m,age_10yrbands_y55_64,mts_aggregate_total,2011,92.067
zwe,sex_m,age_10yrbands_y55_64,mts_aggregate_total,2014,93.039
zwe,sex_m,age_10yrbands_y55_64,mts_aggregate_total,2019,75.918
zwe,sex_m,age_10yrbands_y55_64,mts_aggregate_total,2021,77.334
zwe,sex_m,age_10yrbands_y55_64,mts_aggregate_total,2022,77.637
zwe,sex_m,age_10yrbands_y55_64,mts_aggregate_total,2023,80.914
zwe,sex_m,age_10yrbands_y55_64,mts_aggregate_x,2022,81.857
zwe,sex_m,age_10yrbands_y55_64,mts_aggregate_x,2023,84.078
zwe,sex_m,age_10yrbands_y55_64,mts_details_mrd,2011,92.037
zwe,sex_m,age_10yrbands_y55_64,mts_details_mrd,2014,94.178
zwe,sex_m,age_10yrbands_y55_64,mts_details_mrd,2019,77.104
zwe,sex_m,age_10yrbands_y55_64,mts_details_mrd,2021,79.266
zwe,sex_m,age_10yrbands_y55_64,mts_details_mrd,2022,78.228
zwe,sex_m,age_10yrbands_y55_64,mts_details_mrd,2023,81.056
zwe,sex_m,age_10yrbands_y55_64,mts_details_sep,2011,89.453
zwe,sex_m,age_10yrbands_y55_64,mts_details_sep,2014,75.046
zwe,sex_m,age_10yrbands_y55_64,mts_details_sep,2019,64.015
zwe,sex_m,age_10yrbands_y55_64,mts_details_sep,2021,68.836
zwe,sex_m,age_10yrbands_y55_64,mts_details_sep,2022,65.615
zwe,sex_m,age_10yrbands_y55_64,mts_details_sep,2023,69.706
zwe,sex_m,age_10yrbands_y55_64,mts_details_sgle,2011,100
zwe,sex_m,age_10yrbands_y55_64,mts_details_sgle,2014,87.021
zwe,sex_m,age_10yrbands_y55_64,mts_details_sgle,2019,54.464
zwe,sex_m,age_10yrbands_y55_64,mts_details_sgle,2021,59.881
zwe,sex_m,age_10yrbands_y55_64,mts_details_sgle,2022,61.02
zwe,sex_m,age_10yrbands_y55_64,mts_details_sgle,2023,54.96
zwe,sex_m,age_10yrbands_y55_64,mts_details_total,2011,92.067
zwe,sex_m,age_10yrbands_y55_64,mts_details_total,2014,93.039
zwe,sex_m,age_10yrbands_y55_64,mts_details_total,2019,75.918
zwe,sex_m,age_10yrbands_y55_64,mts_details_total,2021,77.334
zwe,sex_m,age_10yrbands_y55_64,mts_details_total,2022,77.637
zwe,sex_m,age_10yrbands_y55_64,mts_details_total,2023,80.914
zwe,sex_m,age_10yrbands_y55_64,mts_details_wid,2011,94.757
zwe,sex_m,age_10yrbands_y55_64,mts_details_wid,2014,87.12
zwe,sex_m,age_10yrbands_y55_64,mts_details_wid,2019,78.09
zwe,sex_m,age_10yrbands_y55_64,mts_details_wid,2021,66.695
zwe,sex_m,age_10yrbands_y55_64,mts_details_wid,2022,61.155
zwe,sex_m,age_10yrbands_y55_64,mts_details_wid,2023,78.453
zwe,sex_m,age_10yrbands_y55_64,mts_details_x,2022,81.857
zwe,sex_m,age_10yrbands_y55_64,mts_details_x,2023,84.078
zwe,sex_m,age_10yrbands_yge65,mts_aggregate_1,2011,66.779
zwe,sex_m,age_10yrbands_yge65,mts_aggregate_1,2014,58.908
zwe,sex_m,age_10yrbands_yge65,mts_aggregate_1,2019,38.507
zwe,sex_m,age_10yrbands_yge65,mts_aggregate_1,2021,38.88
zwe,sex_m,age_10yrbands_yge65,mts_aggregate_1,2022,36.833
zwe,sex_m,age_10yrbands_yge65,mts_aggregate_1,2023,42.093
zwe,sex_m,age_10yrbands_yge65,mts_aggregate_2,2011,74.034
zwe,sex_m,age_10yrbands_yge65,mts_aggregate_2,2014,84.55
zwe,sex_m,age_10yrbands_yge65,mts_aggregate_2,2019,58.516
zwe,sex_m,age_10yrbands_yge65,mts_aggregate_2,2021,58.089
zwe,sex_m,age_10yrbands_yge65,mts_aggregate_2,2022,54.281
zwe,sex_m,age_10yrbands_yge65,mts_aggregate_2,2023,60.994
zwe,sex_m,age_10yrbands_yge65,mts_aggregate_total,2011,72.594
zwe,sex_m,age_10yrbands_yge65,mts_aggregate_total,2014,79.98
zwe,sex_m,age_10yrbands_yge65,mts_aggregate_total,2019,55.273
zwe,sex_m,age_10yrbands_yge65,mts_aggregate_total,2021,54.358
zwe,sex_m,age_10yrbands_yge65,mts_aggregate_total,2022,54.444
zwe,sex_m,age_10yrbands_yge65,mts_aggregate_total,2023,59.028
zwe,sex_m,age_10yrbands_yge65,mts_aggregate_x,2022,63.133
zwe,sex_m,age_10yrbands_yge65,mts_aggregate_x,2023,62.27
zwe,sex_m,age_10yrbands_yge65,mts_details_mrd,2011,74.034
zwe,sex_m,age_10yrbands_yge65,mts_details_mrd,2014,84.55
zwe,sex_m,age_10yrbands_yge65,mts_details_mrd,2019,58.516
zwe,sex_m,age_10yrbands_yge65,mts_details_mrd,2021,58.089
zwe,sex_m,age_10yrbands_yge65,mts_details_mrd,2022,54.281
zwe,sex_m,age_10yrbands_yge65,mts_details_mrd,2023,60.994
zwe,sex_m,age_10yrbands_yge65,mts_details_sep,2011,80.809
zwe,sex_m,age_10yrbands_yge65,mts_details_sep,2014,79.595
zwe,sex_m,age_10yrbands_yge65,mts_details_sep,2019,47.856
zwe,sex_m,age_10yrbands_yge65,mts_details_sep,2021,37.186
zwe,sex_m,age_10yrbands_yge65,mts_details_sep,2022,47.685
zwe,sex_m,age_10yrbands_yge65,mts_details_sep,2023,45.658
zwe,sex_m,age_10yrbands_yge65,mts_details_sgle,2011,45.405
zwe,sex_m,age_10yrbands_yge65,mts_details_sgle,2014,43.806
zwe,sex_m,age_10yrbands_yge65,mts_details_sgle,2019,42.962
zwe,sex_m,age_10yrbands_yge65,mts_details_sgle,2021,46.569
zwe,sex_m,age_10yrbands_yge65,mts_details_sgle,2022,46.41
zwe,sex_m,age_10yrbands_yge65,mts_details_sgle,2023,63.736
zwe,sex_m,age_10yrbands_yge65,mts_details_total,2011,72.594
zwe,sex_m,age_10yrbands_yge65,mts_details_total,2014,79.98
zwe,sex_m,age_10yrbands_yge65,mts_details_total,2019,55.273
zwe,sex_m,age_10yrbands_yge65,mts_details_total,2021,54.358
zwe,sex_m,age_10yrbands_yge65,mts_details_total,2022,54.444
zwe,sex_m,age_10yrbands_yge65,mts_details_total,2023,59.028
zwe,sex_m,age_10yrbands_yge65,mts_details_wid,2011,65.936
zwe,sex_m,age_10yrbands_yge65,mts_details_wid,2014,53.887
zwe,sex_m,age_10yrbands_yge65,mts_details_wid,2019,35.513
zwe,sex_m,age_10yrbands_yge65,mts_details_wid,2021,37.943
zwe,sex_m,age_10yrbands_yge65,mts_details_wid,2022,33.257
zwe,sex_m,age_10yrbands_yge65,mts_details_wid,2023,39.643
zwe,sex_m,age_10yrbands_yge65,mts_details_x,2022,63.133
zwe,sex_m,age_10yrbands_yge65,mts_details_x,2023,62.27
zwe,sex_m,age_aggregate_total,mts_aggregate_1,2011,79.378
zwe,sex_m,age_aggregate_total,mts_aggregate_1,2014,80.225
zwe,sex_m,age_aggregate_total,mts_aggregate_1,2019,59.505
zwe,sex_m,age_aggregate_total,mts_aggregate_1,2021,57.347
zwe,sex_m,age_aggregate_total,mts_aggregate_1,2022,54.228
zwe,sex_m,age_aggregate_total,mts_aggregate_1,2023,58.167
zwe,sex_m,age_aggregate_total,mts_aggregate_2,2011,94.666
zwe,sex_m,age_aggregate_total,mts_aggregate_2,2014,96.27
zwe,sex_m,age_aggregate_total,mts_aggregate_2,2019,81.744
zwe,sex_m,age_aggregate_total,mts_aggregate_2,2021,83.199
zwe,sex_m,age_aggregate_total,mts_aggregate_2,2022,82.662
zwe,sex_m,age_aggregate_total,mts_aggregate_2,2023,85.928
zwe,sex_m,age_aggregate_total,mts_aggregate_total,2011,88.093
zwe,sex_m,age_aggregate_total,mts_aggregate_total,2014,89.452
zwe,sex_m,age_aggregate_total,mts_aggregate_total,2019,71.879
zwe,sex_m,age_aggregate_total,mts_aggregate_total,2021,71.589
zwe,sex_m,age_aggregate_total,mts_aggregate_total,2022,71.634
zwe,sex_m,age_aggregate_total,mts_aggregate_total,2023,74.352
zwe,sex_m,age_aggregate_total,mts_aggregate_x,2011,69.289
zwe,sex_m,age_aggregate_total,mts_aggregate_x,2014,77.808
zwe,sex_m,age_aggregate_total,mts_aggregate_x,2022,75.214
zwe,sex_m,age_aggregate_total,mts_aggregate_x,2023,75.119
zwe,sex_m,age_aggregate_total,mts_details_mrd,2011,94.666
zwe,sex_m,age_aggregate_total,mts_details_mrd,2014,96.27
zwe,sex_m,age_aggregate_total,mts_details_mrd,2019,81.744
zwe,sex_m,age_aggregate_total,mts_details_mrd,2021,83.199
zwe,sex_m,age_aggregate_total,mts_details_mrd,2022,82.662
zwe,sex_m,age_aggregate_total,mts_details_mrd,2023,85.928
zwe,sex_m,age_aggregate_total,mts_details_sep,2011,93.868
zwe,sex_m,age_aggregate_total,mts_details_sep,2014,90.908
zwe,sex_m,age_aggregate_total,mts_details_sep,2019,76.189
zwe,sex_m,age_aggregate_total,mts_details_sep,2021,75.653
zwe,sex_m,age_aggregate_total,mts_details_sep,2022,78.474
zwe,sex_m,age_aggregate_total,mts_details_sep,2023,78.81
zwe,sex_m,age_aggregate_total,mts_details_sgle,2011,78.098
zwe,sex_m,age_aggregate_total,mts_details_sgle,2014,79.468
zwe,sex_m,age_aggregate_total,mts_details_sgle,2019,57.818
zwe,sex_m,age_aggregate_total,mts_details_sgle,2021,55.456
zwe,sex_m,age_aggregate_total,mts_details_sgle,2022,51.662
zwe,sex_m,age_aggregate_total,mts_details_sgle,2023,55.568
zwe,sex_m,age_aggregate_total,mts_details_total,2011,88.093
zwe,sex_m,age_aggregate_total,mts_details_total,2014,89.452
zwe,sex_m,age_aggregate_total,mts_details_total,2019,71.879
zwe,sex_m,age_aggregate_total,mts_details_total,2021,71.589
zwe,sex_m,age_aggregate_total,mts_details_total,2022,71.634
zwe,sex_m,age_aggregate_total,mts_details_total,2023,74.352
zwe,sex_m,age_aggregate_total,mts_details_wid,2011,82.228
zwe,sex_m,age_aggregate_total,mts_details_wid,2014,75.318
zwe,sex_m,age_aggregate_total,mts_details_wid,2019,60.289
zwe,sex_m,age_aggregate_total,mts_details_wid,2021,57.1
zwe,sex_m,age_aggregate_total,mts_details_wid,2022,52.318
zwe,sex_m,age_aggregate_total,mts_details_wid,2023,62.365
zwe,sex_m,age_aggregate_total,mts_details_x,2011,69.289
zwe,sex_m,age_aggregate_total,mts_details_x,2014,77.808
zwe,sex_m,age_aggregate_total,mts_details_x,2022,75.214
zwe,sex_m,age_aggregate_total,mts_details_x,2023,75.119
zwe,sex_m,age_aggregate_y15_24,mts_aggregate_1,2011,76.086
zwe,sex_m,age_aggregate_y15_24,mts_aggregate_1,2014,78.078
zwe,sex_m,age_aggregate_y15_24,mts_aggregate_1,2019,54.596
zwe,sex_m,age_aggregate_y15_24,mts_aggregate_1,2021,51.022
zwe,sex_m,age_aggregate_y15_24,mts_aggregate_1,2022,46.031
zwe,sex_m,age_aggregate_y15_24,mts_aggregate_1,2023,50.194
zwe,sex_m,age_aggregate_y15_24,mts_aggregate_2,2011,95.558
zwe,sex_m,age_aggregate_y15_24,mts_aggregate_2,2014,96.92
zwe,sex_m,age_aggregate_y15_24,mts_aggregate_2,2019,77.746
zwe,sex_m,age_aggregate_y15_24,mts_aggregate_2,2021,77.786
zwe,sex_m,age_aggregate_y15_24,mts_aggregate_2,2022,81.405
zwe,sex_m,age_aggregate_y15_24,mts_aggregate_2,2023,87.326
zwe,sex_m,age_aggregate_y15_24,mts_aggregate_total,2011,78.259
zwe,sex_m,age_aggregate_y15_24,mts_aggregate_total,2014,80.13
zwe,sex_m,age_aggregate_y15_24,mts_aggregate_total,2019,56.988
zwe,sex_m,age_aggregate_y15_24,mts_aggregate_total,2021,53.665
zwe,sex_m,age_aggregate_y15_24,mts_aggregate_total,2022,50.721
zwe,sex_m,age_aggregate_y15_24,mts_aggregate_total,2023,53.411
zwe,sex_m,age_aggregate_y15_24,mts_aggregate_x,2011,71.227
zwe,sex_m,age_aggregate_y15_24,mts_aggregate_x,2014,77.632
zwe,sex_m,age_aggregate_y15_24,mts_aggregate_x,2022,55.015
zwe,sex_m,age_aggregate_y15_24,mts_aggregate_x,2023,52.219
zwe,sex_m,age_aggregate_y15_24,mts_details_mrd,2011,95.558
zwe,sex_m,age_aggregate_y15_24,mts_details_mrd,2014,96.92
zwe,sex_m,age_aggregate_y15_24,mts_details_mrd,2019,77.746
zwe,sex_m,age_aggregate_y15_24,mts_details_mrd,2021,77.786
zwe,sex_m,age_aggregate_y15_24,mts_details_mrd,2022,81.405
zwe,sex_m,age_aggregate_y15_24,mts_details_mrd,2023,87.326
zwe,sex_m,age_aggregate_y15_24,mts_details_sep,2011,89.722
zwe,sex_m,age_aggregate_y15_24,mts_details_sep,2014,95.197
zwe,sex_m,age_aggregate_y15_24,mts_details_sep,2019,76.62
zwe,sex_m,age_aggregate_y15_24,mts_details_sep,2021,77.182
zwe,sex_m,age_aggregate_y15_24,mts_details_sep,2022,77.538
zwe,sex_m,age_aggregate_y15_24,mts_details_sep,2023,78.475
zwe,sex_m,age_aggregate_y15_24,mts_details_sgle,2011,75.94
zwe,sex_m,age_aggregate_y15_24,mts_details_sgle,2014,77.874
zwe,sex_m,age_aggregate_y15_24,mts_details_sgle,2019,54.413
zwe,sex_m,age_aggregate_y15_24,mts_details_sgle,2021,50.756
zwe,sex_m,age_aggregate_y15_24,mts_details_sgle,2022,45.802
zwe,sex_m,age_aggregate_y15_24,mts_details_sgle,2023,49.953
zwe,sex_m,age_aggregate_y15_24,mts_details_total,2011,78.259
zwe,sex_m,age_aggregate_y15_24,mts_details_total,2014,80.13
zwe,sex_m,age_aggregate_y15_24,mts_details_total,2019,56.988
zwe,sex_m,age_aggregate_y15_24,mts_details_total,2021,53.665
zwe,sex_m,age_aggregate_y15_24,mts_details_total,2022,50.721
zwe,sex_m,age_aggregate_y15_24,mts_details_total,2023,53.411
zwe,sex_m,age_aggregate_y15_24,mts_details_wid,2011,100
zwe,sex_m,age_aggregate_y15_24,mts_details_x,2011,71.227
zwe,sex_m,age_aggregate_y15_24,mts_details_x,2014,77.632
zwe,sex_m,age_aggregate_y15_24,mts_details_x,2022,55.015
zwe,sex_m,age_aggregate_y15_24,mts_details_x,2023,52.219
zwe,sex_m,age_aggregate_y25_54,mts_aggregate_1,2011,90.653
zwe,sex_m,age_aggregate_y25_54,mts_aggregate_1,2014,90.097
zwe,sex_m,age_aggregate_y25_54,mts_aggregate_1,2019,76.411
zwe,sex_m,age_aggregate_y25_54,mts_aggregate_1,2021,75.648
zwe,sex_m,age_aggregate_y25_54,mts_aggregate_1,2022,76.182
zwe,sex_m,age_aggregate_y25_54,mts_aggregate_1,2023,78.554
zwe,sex_m,age_aggregate_y25_54,mts_aggregate_2,2011,97.842
zwe,sex_m,age_aggregate_y25_54,mts_aggregate_2,2014,98.275
zwe,sex_m,age_aggregate_y25_54,mts_aggregate_2,2019,87.012
zwe,sex_m,age_aggregate_y25_54,mts_aggregate_2,2021,87.752
zwe,sex_m,age_aggregate_y25_54,mts_aggregate_2,2022,87.756
zwe,sex_m,age_aggregate_y25_54,mts_aggregate_2,2023,90.231
zwe,sex_m,age_aggregate_y25_54,mts_aggregate_total,2011,96.513
zwe,sex_m,age_aggregate_y25_54,mts_aggregate_total,2014,96.738
zwe,sex_m,age_aggregate_y25_54,mts_aggregate_total,2019,84.778
zwe,sex_m,age_aggregate_y25_54,mts_aggregate_total,2021,85.047
zwe,sex_m,age_aggregate_y25_54,mts_aggregate_total,2022,86.183
zwe,sex_m,age_aggregate_y25_54,mts_aggregate_total,2023,88.093
zwe,sex_m,age_aggregate_y25_54,mts_aggregate_x,2022,88.986
zwe,sex_m,age_aggregate_y25_54,mts_aggregate_x,2023,89.303
zwe,sex_m,age_aggregate_y25_54,mts_details_mrd,2011,97.842
zwe,sex_m,age_aggregate_y25_54,mts_details_mrd,2014,98.275
zwe,sex_m,age_aggregate_y25_54,mts_details_mrd,2019,87.012
zwe,sex_m,age_aggregate_y25_54,mts_details_mrd,2021,87.752
zwe,sex_m,age_aggregate_y25_54,mts_details_mrd,2022,87.756
zwe,sex_m,age_aggregate_y25_54,mts_details_mrd,2023,90.231
zwe,sex_m,age_aggregate_y25_54,mts_details_sep,2011,96.164
zwe,sex_m,age_aggregate_y25_54,mts_details_sep,2014,93.046
zwe,sex_m,age_aggregate_y25_54,mts_details_sep,2019,79.453
zwe,sex_m,age_aggregate_y25_54,mts_details_sep,2021,79.136
zwe,sex_m,age_aggregate_y25_54,mts_details_sep,2022,80.925
zwe,sex_m,age_aggregate_y25_54,mts_details_sep,2023,81.702
zwe,sex_m,age_aggregate_y25_54,mts_details_sgle,2011,88.968
zwe,sex_m,age_aggregate_y25_54,mts_details_sgle,2014,87.844
zwe,sex_m,age_aggregate_y25_54,mts_details_sgle,2019,73.82
zwe,sex_m,age_aggregate_y25_54,mts_details_sgle,2021,73.672
zwe,sex_m,age_aggregate_y25_54,mts_details_sgle,2022,73.881
zwe,sex_m,age_aggregate_y25_54,mts_details_sgle,2023,76.473
zwe,sex_m,age_aggregate_y25_54,mts_details_total,2011,96.513
zwe,sex_m,age_aggregate_y25_54,mts_details_total,2014,96.738
zwe,sex_m,age_aggregate_y25_54,mts_details_total,2019,84.778
zwe,sex_m,age_aggregate_y25_54,mts_details_total,2021,85.047
zwe,sex_m,age_aggregate_y25_54,mts_details_total,2022,86.183
zwe,sex_m,age_aggregate_y25_54,mts_details_total,2023,88.093
zwe,sex_m,age_aggregate_y25_54,mts_details_wid,2011,89.626
zwe,sex_m,age_aggregate_y25_54,mts_details_wid,2014,97.686
zwe,sex_m,age_aggregate_y25_54,mts_details_wid,2019,90.334
zwe,sex_m,age_aggregate_y25_54,mts_details_wid,2021,83.679
zwe,sex_m,age_aggregate_y25_54,mts_details_wid,2022,79.038
zwe,sex_m,age_aggregate_y25_54,mts_details_wid,2023,86.548
zwe,sex_m,age_aggregate_y25_54,mts_details_x,2022,88.986
zwe,sex_m,age_aggregate_y25_54,mts_details_x,2023,89.303
zwe,sex_m,age_aggregate_y55_64,mts_aggregate_1,2011,93.51
zwe,sex_m,age_aggregate_y55_64,mts_aggregate_1,2014,82.498
zwe,sex_m,age_aggregate_y55_64,mts_aggregate_1,2019,68.085
zwe,sex_m,age_aggregate_y55_64,mts_aggregate_1,2021,65.82
zwe,sex_m,age_aggregate_y55_64,mts_aggregate_1,2022,62.684
zwe,sex_m,age_aggregate_y55_64,mts_aggregate_1,2023,70.703
zwe,sex_m,age_aggregate_y55_64,mts_aggregate_2,2011,92.037
zwe,sex_m,age_aggregate_y55_64,mts_aggregate_2,2014,94.178
zwe,sex_m,age_aggregate_y55_64,mts_aggregate_2,2019,77.104
zwe,sex_m,age_aggregate_y55_64,mts_aggregate_2,2021,79.266
zwe,sex_m,age_aggregate_y55_64,mts_aggregate_2,2022,78.228
zwe,sex_m,age_aggregate_y55_64,mts_aggregate_2,2023,81.056
zwe,sex_m,age_aggregate_y55_64,mts_aggregate_total,2011,92.067
zwe,sex_m,age_aggregate_y55_64,mts_aggregate_total,2014,93.039
zwe,sex_m,age_aggregate_y55_64,mts_aggregate_total,2019,75.918
zwe,sex_m,age_aggregate_y55_64,mts_aggregate_total,2021,77.334
zwe,sex_m,age_aggregate_y55_64,mts_aggregate_total,2022,77.637
zwe,sex_m,age_aggregate_y55_64,mts_aggregate_total,2023,80.914
zwe,sex_m,age_aggregate_y55_64,mts_aggregate_x,2022,81.857
zwe,sex_m,age_aggregate_y55_64,mts_aggregate_x,2023,84.078
zwe,sex_m,age_aggregate_y55_64,mts_details_mrd,2011,92.037
zwe,sex_m,age_aggregate_y55_64,mts_details_mrd,2014,94.178
zwe,sex_m,age_aggregate_y55_64,mts_details_mrd,2019,77.104
zwe,sex_m,age_aggregate_y55_64,mts_details_mrd,2021,79.266
zwe,sex_m,age_aggregate_y55_64,mts_details_mrd,2022,78.228
zwe,sex_m,age_aggregate_y55_64,mts_details_mrd,2023,81.056
zwe,sex_m,age_aggregate_y55_64,mts_details_sep,2011,89.453
zwe,sex_m,age_aggregate_y55_64,mts_details_sep,2014,75.046
zwe,sex_m,age_aggregate_y55_64,mts_details_sep,2019,64.015
zwe,sex_m,age_aggregate_y55_64,mts_details_sep,2021,68.836
zwe,sex_m,age_aggregate_y55_64,mts_details_sep,2022,65.615
zwe,sex_m,age_aggregate_y55_64,mts_details_sep,2023,69.706
zwe,sex_m,age_aggregate_y55_64,mts_details_sgle,2011,100
zwe,sex_m,age_aggregate_y55_64,mts_details_sgle,2014,87.021
zwe,sex_m,age_aggregate_y55_64,mts_details_sgle,2019,54.464
zwe,sex_m,age_aggregate_y55_64,mts_details_sgle,2021,59.881
zwe,sex_m,age_aggregate_y55_64,mts_details_sgle,2022,61.02
zwe,sex_m,age_aggregate_y55_64,mts_details_sgle,2023,54.96
zwe,sex_m,age_aggregate_y55_64,mts_details_total,2011,92.067
zwe,sex_m,age_aggregate_y55_64,mts_details_total,2014,93.039
zwe,sex_m,age_aggregate_y55_64,mts_details_total,2019,75.918
zwe,sex_m,age_aggregate_y55_64,mts_details_total,2021,77.334
zwe,sex_m,age_aggregate_y55_64,mts_details_total,2022,77.637
zwe,sex_m,age_aggregate_y55_64,mts_details_total,2023,80.914
zwe,sex_m,age_aggregate_y55_64,mts_details_wid,2011,94.757
zwe,sex_m,age_aggregate_y55_64,mts_details_wid,2014,87.12
zwe,sex_m,age_aggregate_y55_64,mts_details_wid,2019,78.09
zwe,sex_m,age_aggregate_y55_64,mts_details_wid,2021,66.695
zwe,sex_m,age_aggregate_y55_64,mts_details_wid,2022,61.155
zwe,sex_m,age_aggregate_y55_64,mts_details_wid,2023,78.453
zwe,sex_m,age_aggregate_y55_64,mts_details_x,2022,81.857
zwe,sex_m,age_aggregate_y55_64,mts_details_x,2023,84.078
zwe,sex_m,age_aggregate_yge65,mts_aggregate_1,2011,66.779
zwe,sex_m,age_aggregate_yge65,mts_aggregate_1,2014,58.908
zwe,sex_m,age_aggregate_yge65,mts_aggregate_1,2019,38.507
zwe,sex_m,age_aggregate_yge65,mts_aggregate_1,2021,38.88
zwe,sex_m,age_aggregate_yge65,mts_aggregate_1,2022,36.833
zwe,sex_m,age_aggregate_yge65,mts_aggregate_1,2023,42.093
zwe,sex_m,age_aggregate_yge65,mts_aggregate_2,2011,74.034
zwe,sex_m,age_aggregate_yge65,mts_aggregate_2,2014,84.55
zwe,sex_m,age_aggregate_yge65,mts_aggregate_2,2019,58.516
zwe,sex_m,age_aggregate_yge65,mts_aggregate_2,2021,58.089
zwe,sex_m,age_aggregate_yge65,mts_aggregate_2,2022,54.281
zwe,sex_m,age_aggregate_yge65,mts_aggregate_2,2023,60.994
zwe,sex_m,age_aggregate_yge65,mts_aggregate_total,2011,72.594
zwe,sex_m,age_aggregate_yge65,mts_aggregate_total,2014,79.98
zwe,sex_m,age_aggregate_yge65,mts_aggregate_total,2019,55.273
zwe,sex_m,age_aggregate_yge65,mts_aggregate_total,2021,54.358
zwe,sex_m,age_aggregate_yge65,mts_aggregate_total,2022,54.444
zwe,sex_m,age_aggregate_yge65,mts_aggregate_total,2023,59.028
zwe,sex_m,age_aggregate_yge65,mts_aggregate_x,2022,63.133
zwe,sex_m,age_aggregate_yge65,mts_aggregate_x,2023,62.27
zwe,sex_m,age_aggregate_yge65,mts_details_mrd,2011,74.034
zwe,sex_m,age_aggregate_yge65,mts_details_mrd,2014,84.55
zwe,sex_m,age_aggregate_yge65,mts_details_mrd,2019,58.516
zwe,sex_m,age_aggregate_yge65,mts_details_mrd,2021,58.089
zwe,sex_m,age_aggregate_yge65,mts_details_mrd,2022,54.281
zwe,sex_m,age_aggregate_yge65,mts_details_mrd,2023,60.994
zwe,sex_m,age_aggregate_yge65,mts_details_sep,2011,80.809
zwe,sex_m,age_aggregate_yge65,mts_details_sep,2014,79.595
zwe,sex_m,age_aggregate_yge65,mts_details_sep,2019,47.856
zwe,sex_m,age_aggregate_yge65,mts_details_sep,2021,37.186
zwe,sex_m,age_aggregate_yge65,mts_details_sep,2022,47.685
zwe,sex_m,age_aggregate_yge65,mts_details_sep,2023,45.658
zwe,sex_m,age_aggregate_yge65,mts_details_sgle,2011,45.405
zwe,sex_m,age_aggregate_yge65,mts_details_sgle,2014,43.806
zwe,sex_m,age_aggregate_yge65,mts_details_sgle,2019,42.962
zwe,sex_m,age_aggregate_yge65,mts_details_sgle,2021,46.569
zwe,sex_m,age_aggregate_yge65,mts_details_sgle,2022,46.41
zwe,sex_m,age_aggregate_yge65,mts_details_sgle,2023,63.736
zwe,sex_m,age_aggregate_yge65,mts_details_total,2011,72.594
zwe,sex_m,age_aggregate_yge65,mts_details_total,2014,79.98
zwe,sex_m,age_aggregate_yge65,mts_details_total,2019,55.273
zwe,sex_m,age_aggregate_yge65,mts_details_total,2021,54.358
zwe,sex_m,age_aggregate_yge65,mts_details_total,2022,54.444
zwe,sex_m,age_aggregate_yge65,mts_details_total,2023,59.028
zwe,sex_m,age_aggregate_yge65,mts_details_wid,2011,65.936
zwe,sex_m,age_aggregate_yge65,mts_details_wid,2014,53.887
zwe,sex_m,age_aggregate_yge65,mts_details_wid,2019,35.513
zwe,sex_m,age_aggregate_yge65,mts_details_wid,2021,37.943
zwe,sex_m,age_aggregate_yge65,mts_details_wid,2022,33.257
zwe,sex_m,age_aggregate_yge65,mts_details_wid,2023,39.643
zwe,sex_m,age_aggregate_yge65,mts_details_x,2022,63.133
zwe,sex_m,age_aggregate_yge65,mts_details_x,2023,62.27
zwe,sex_m,age_ythadult_y15_24,mts_aggregate_1,2011,76.086
zwe,sex_m,age_ythadult_y15_24,mts_aggregate_1,2014,78.078
zwe,sex_m,age_ythadult_y15_24,mts_aggregate_1,2019,54.596
zwe,sex_m,age_ythadult_y15_24,mts_aggregate_1,2021,51.022
zwe,sex_m,age_ythadult_y15_24,mts_aggregate_1,2022,46.031
zwe,sex_m,age_ythadult_y15_24,mts_aggregate_1,2023,50.194
zwe,sex_m,age_ythadult_y15_24,mts_aggregate_2,2011,95.558
zwe,sex_m,age_ythadult_y15_24,mts_aggregate_2,2014,96.92
zwe,sex_m,age_ythadult_y15_24,mts_aggregate_2,2019,77.746
zwe,sex_m,age_ythadult_y15_24,mts_aggregate_2,2021,77.786
zwe,sex_m,age_ythadult_y15_24,mts_aggregate_2,2022,81.405
zwe,sex_m,age_ythadult_y15_24,mts_aggregate_2,2023,87.326
zwe,sex_m,age_ythadult_y15_24,mts_aggregate_total,2011,78.259
zwe,sex_m,age_ythadult_y15_24,mts_aggregate_total,2014,80.13
zwe,sex_m,age_ythadult_y15_24,mts_aggregate_total,2019,56.988
zwe,sex_m,age_ythadult_y15_24,mts_aggregate_total,2021,53.665
zwe,sex_m,age_ythadult_y15_24,mts_aggregate_total,2022,50.721
zwe,sex_m,age_ythadult_y15_24,mts_aggregate_total,2023,53.411
zwe,sex_m,age_ythadult_y15_24,mts_aggregate_x,2011,71.227
zwe,sex_m,age_ythadult_y15_24,mts_aggregate_x,2014,77.632
zwe,sex_m,age_ythadult_y15_24,mts_aggregate_x,2022,55.015
zwe,sex_m,age_ythadult_y15_24,mts_aggregate_x,2023,52.219
zwe,sex_m,age_ythadult_y15_24,mts_details_mrd,2011,95.558
zwe,sex_m,age_ythadult_y15_24,mts_details_mrd,2014,96.92
zwe,sex_m,age_ythadult_y15_24,mts_details_mrd,2019,77.746
zwe,sex_m,age_ythadult_y15_24,mts_details_mrd,2021,77.786
zwe,sex_m,age_ythadult_y15_24,mts_details_mrd,2022,81.405
zwe,sex_m,age_ythadult_y15_24,mts_details_mrd,2023,87.326
zwe,sex_m,age_ythadult_y15_24,mts_details_sep,2011,89.722
zwe,sex_m,age_ythadult_y15_24,mts_details_sep,2014,95.197
zwe,sex_m,age_ythadult_y15_24,mts_details_sep,2019,76.62
zwe,sex_m,age_ythadult_y15_24,mts_details_sep,2021,77.182
zwe,sex_m,age_ythadult_y15_24,mts_details_sep,2022,77.538
zwe,sex_m,age_ythadult_y15_24,mts_details_sep,2023,78.475
zwe,sex_m,age_ythadult_y15_24,mts_details_sgle,2011,75.94
zwe,sex_m,age_ythadult_y15_24,mts_details_sgle,2014,77.874
zwe,sex_m,age_ythadult_y15_24,mts_details_sgle,2019,54.413
zwe,sex_m,age_ythadult_y15_24,mts_details_sgle,2021,50.756
zwe,sex_m,age_ythadult_y15_24,mts_details_sgle,2022,45.802
zwe,sex_m,age_ythadult_y15_24,mts_details_sgle,2023,49.953
zwe,sex_m,age_ythadult_y15_24,mts_details_total,2011,78.259
zwe,sex_m,age_ythadult_y15_24,mts_details_total,2014,80.13
zwe,sex_m,age_ythadult_y15_24,mts_details_total,2019,56.988
zwe,sex_m,age_ythadult_y15_24,mts_details_total,2021,53.665
zwe,sex_m,age_ythadult_y15_24,mts_details_total,2022,50.721
zwe,sex_m,age_ythadult_y15_24,mts_details_total,2023,53.411
zwe,sex_m,age_ythadult_y15_24,mts_details_wid,2011,100
zwe,sex_m,age_ythadult_y15_24,mts_details_x,2011,71.227
zwe,sex_m,age_ythadult_y15_24,mts_details_x,2014,77.632
zwe,sex_m,age_ythadult_y15_24,mts_details_x,2022,55.015
zwe,sex_m,age_ythadult_y15_24,mts_details_x,2023,52.219
zwe,sex_m,age_ythadult_y15_64,mts_aggregate_1,2011,79.746
zwe,sex_m,age_ythadult_y15_64,mts_aggregate_1,2014,80.94
zwe,sex_m,age_ythadult_y15_64,mts_aggregate_1,2019,60.186
zwe,sex_m,age_ythadult_y15_64,mts_aggregate_1,2021,57.944
zwe,sex_m,age_ythadult_y15_64,mts_aggregate_1,2022,54.717
zwe,sex_m,age_ythadult_y15_64,mts_aggregate_1,2023,58.648
zwe,sex_m,age_ythadult_y15_64,mts_aggregate_2,2011,97.025
zwe,sex_m,age_ythadult_y15_64,mts_aggregate_2,2014,97.715
zwe,sex_m,age_ythadult_y15_64,mts_aggregate_2,2019,85.2
zwe,sex_m,age_ythadult_y15_64,mts_aggregate_2,2021,86.173
zwe,sex_m,age_ythadult_y15_64,mts_aggregate_2,2022,86.297
zwe,sex_m,age_ythadult_y15_64,mts_aggregate_2,2023,89.062
zwe,sex_m,age_ythadult_y15_64,mts_aggregate_total,2011,89.279
zwe,sex_m,age_ythadult_y15_64,mts_aggregate_total,2014,90.241
zwe,sex_m,age_ythadult_y15_64,mts_aggregate_total,2019,73.442
zwe,sex_m,age_ythadult_y15_64,mts_aggregate_total,2021,72.933
zwe,sex_m,age_ythadult_y15_64,mts_aggregate_total,2022,73.042
zwe,sex_m,age_ythadult_y15_64,mts_aggregate_total,2023,75.625
zwe,sex_m,age_ythadult_y15_64,mts_aggregate_x,2011,74.726
zwe,sex_m,age_ythadult_y15_64,mts_aggregate_x,2014,77.407
zwe,sex_m,age_ythadult_y15_64,mts_aggregate_x,2022,76.174
zwe,sex_m,age_ythadult_y15_64,mts_aggregate_x,2023,76.199
zwe,sex_m,age_ythadult_y15_64,mts_details_mrd,2011,97.025
zwe,sex_m,age_ythadult_y15_64,mts_details_mrd,2014,97.715
zwe,sex_m,age_ythadult_y15_64,mts_details_mrd,2019,85.2
zwe,sex_m,age_ythadult_y15_64,mts_details_mrd,2021,86.173
zwe,sex_m,age_ythadult_y15_64,mts_details_mrd,2022,86.297
zwe,sex_m,age_ythadult_y15_64,mts_details_mrd,2023,89.062
zwe,sex_m,age_ythadult_y15_64,mts_details_sep,2011,94.963
zwe,sex_m,age_ythadult_y15_64,mts_details_sep,2014,91.949
zwe,sex_m,age_ythadult_y15_64,mts_details_sep,2019,78.07
zwe,sex_m,age_ythadult_y15_64,mts_details_sep,2021,78.24
zwe,sex_m,age_ythadult_y15_64,mts_details_sep,2022,79.626
zwe,sex_m,age_ythadult_y15_64,mts_details_sep,2023,80.794
zwe,sex_m,age_ythadult_y15_64,mts_details_sgle,2011,78.193
zwe,sex_m,age_ythadult_y15_64,mts_details_sgle,2014,79.547
zwe,sex_m,age_ythadult_y15_64,mts_details_sgle,2019,57.882
zwe,sex_m,age_ythadult_y15_64,mts_details_sgle,2021,55.496
zwe,sex_m,age_ythadult_y15_64,mts_details_sgle,2022,51.684
zwe,sex_m,age_ythadult_y15_64,mts_details_sgle,2023,55.553
zwe,sex_m,age_ythadult_y15_64,mts_details_total,2011,89.279
zwe,sex_m,age_ythadult_y15_64,mts_details_total,2014,90.241
zwe,sex_m,age_ythadult_y15_64,mts_details_total,2019,73.442
zwe,sex_m,age_ythadult_y15_64,mts_details_total,2021,72.933
zwe,sex_m,age_ythadult_y15_64,mts_details_total,2022,73.042
zwe,sex_m,age_ythadult_y15_64,mts_details_total,2023,75.625
zwe,sex_m,age_ythadult_y15_64,mts_details_wid,2011,91.476
zwe,sex_m,age_ythadult_y15_64,mts_details_wid,2014,94.653
zwe,sex_m,age_ythadult_y15_64,mts_details_wid,2019,84.587
zwe,sex_m,age_ythadult_y15_64,mts_details_wid,2021,76.558
zwe,sex_m,age_ythadult_y15_64,mts_details_wid,2022,70.673
zwe,sex_m,age_ythadult_y15_64,mts_details_wid,2023,83.522
zwe,sex_m,age_ythadult_y15_64,mts_details_x,2011,74.726
zwe,sex_m,age_ythadult_y15_64,mts_details_x,2014,77.407
zwe,sex_m,age_ythadult_y15_64,mts_details_x,2022,76.174
zwe,sex_m,age_ythadult_y15_64,mts_details_x,2023,76.199
zwe,sex_m,age_ythadult_yge15,mts_aggregate_1,2011,79.378
zwe,sex_m,age_ythadult_yge15,mts_aggregate_1,2014,80.225
zwe,sex_m,age_ythadult_yge15,mts_aggregate_1,2019,59.505
zwe,sex_m,age_ythadult_yge15,mts_aggregate_1,2021,57.347
zwe,sex_m,age_ythadult_yge15,mts_aggregate_1,2022,54.228
zwe,sex_m,age_ythadult_yge15,mts_aggregate_1,2023,58.167
zwe,sex_m,age_ythadult_yge15,mts_aggregate_2,2011,94.666
zwe,sex_m,age_ythadult_yge15,mts_aggregate_2,2014,96.27
zwe,sex_m,age_ythadult_yge15,mts_aggregate_2,2019,81.744
zwe,sex_m,age_ythadult_yge15,mts_aggregate_2,2021,83.199
zwe,sex_m,age_ythadult_yge15,mts_aggregate_2,2022,82.662
zwe,sex_m,age_ythadult_yge15,mts_aggregate_2,2023,85.928
zwe,sex_m,age_ythadult_yge15,mts_aggregate_total,2011,88.093
zwe,sex_m,age_ythadult_yge15,mts_aggregate_total,2014,89.452
zwe,sex_m,age_ythadult_yge15,mts_aggregate_total,2019,71.879
zwe,sex_m,age_ythadult_yge15,mts_aggregate_total,2021,71.589
zwe,sex_m,age_ythadult_yge15,mts_aggregate_total,2022,71.634
zwe,sex_m,age_ythadult_yge15,mts_aggregate_total,2023,74.352
zwe,sex_m,age_ythadult_yge15,mts_aggregate_x,2011,69.289
zwe,sex_m,age_ythadult_yge15,mts_aggregate_x,2014,77.808
zwe,sex_m,age_ythadult_yge15,mts_aggregate_x,2022,75.214
zwe,sex_m,age_ythadult_yge15,mts_aggregate_x,2023,75.119
zwe,sex_m,age_ythadult_yge15,mts_details_mrd,2011,94.666
zwe,sex_m,age_ythadult_yge15,mts_details_mrd,2014,96.27
zwe,sex_m,age_ythadult_yge15,mts_details_mrd,2019,81.744
zwe,sex_m,age_ythadult_yge15,mts_details_mrd,2021,83.199
zwe,sex_m,age_ythadult_yge15,mts_details_mrd,2022,82.662
zwe,sex_m,age_ythadult_yge15,mts_details_mrd,2023,85.928
zwe,sex_m,age_ythadult_yge15,mts_details_sep,2011,93.868
zwe,sex_m,age_ythadult_yge15,mts_details_sep,2014,90.908
zwe,sex_m,age_ythadult_yge15,mts_details_sep,2019,76.189
zwe,sex_m,age_ythadult_yge15,mts_details_sep,2021,75.653
zwe,sex_m,age_ythadult_yge15,mts_details_sep,2022,78.474
zwe,sex_m,age_ythadult_yge15,mts_details_sep,2023,78.81
zwe,sex_m,age_ythadult_yge15,mts_details_sgle,2011,78.098
zwe,sex_m,age_ythadult_yge15,mts_details_sgle,2014,79.468
zwe,sex_m,age_ythadult_yge15,mts_details_sgle,2019,57.818
zwe,sex_m,age_ythadult_yge15,mts_details_sgle,2021,55.456
zwe,sex_m,age_ythadult_yge15,mts_details_sgle,2022,51.662
zwe,sex_m,age_ythadult_yge15,mts_details_sgle,2023,55.568
zwe,sex_m,age_ythadult_yge15,mts_details_total,2011,88.093
zwe,sex_m,age_ythadult_yge15,mts_details_total,2014,89.452
zwe,sex_m,age_ythadult_yge15,mts_details_total,2019,71.879
zwe,sex_m,age_ythadult_yge15,mts_details_total,2021,71.589
zwe,sex_m,age_ythadult_yge15,mts_details_total,2022,71.634
zwe,sex_m,age_ythadult_yge15,mts_details_total,2023,74.352
zwe,sex_m,age_ythadult_yge15,mts_details_wid,2011,82.228
zwe,sex_m,age_ythadult_yge15,mts_details_wid,2014,75.318
zwe,sex_m,age_ythadult_yge15,mts_details_wid,2019,60.289
zwe,sex_m,age_ythadult_yge15,mts_details_wid,2021,57.1
zwe,sex_m,age_ythadult_yge15,mts_details_wid,2022,52.318
zwe,sex_m,age_ythadult_yge15,mts_details_wid,2023,62.365
zwe,sex_m,age_ythadult_yge15,mts_details_x,2011,69.289
zwe,sex_m,age_ythadult_yge15,mts_details_x,2014,77.808
zwe,sex_m,age_ythadult_yge15,mts_details_x,2022,75.214
zwe,sex_m,age_ythadult_yge15,mts_details_x,2023,75.119
zwe,sex_m,age_ythadult_yge25,mts_aggregate_1,2011,88.324
zwe,sex_m,age_ythadult_yge25,mts_aggregate_1,2014,85.963
zwe,sex_m,age_ythadult_yge25,mts_aggregate_1,2019,71.718
zwe,sex_m,age_ythadult_yge25,mts_aggregate_1,2021,71.339
zwe,sex_m,age_ythadult_yge25,mts_aggregate_1,2022,71.966
zwe,sex_m,age_ythadult_yge25,mts_aggregate_1,2023,74.83
zwe,sex_m,age_ythadult_yge25,mts_aggregate_2,2011,94.6
zwe,sex_m,age_ythadult_yge25,mts_aggregate_2,2014,96.224
zwe,sex_m,age_ythadult_yge25,mts_aggregate_2,2019,82.025
zwe,sex_m,age_ythadult_yge25,mts_aggregate_2,2021,83.554
zwe,sex_m,age_ythadult_yge25,mts_aggregate_2,2022,82.73
zwe,sex_m,age_ythadult_yge25,mts_aggregate_2,2023,85.848
zwe,sex_m,age_ythadult_yge25,mts_aggregate_total,2011,93.446
zwe,sex_m,age_ythadult_yge25,mts_aggregate_total,2014,94.403
zwe,sex_m,age_ythadult_yge25,mts_aggregate_total,2019,79.999
zwe,sex_m,age_ythadult_yge25,mts_aggregate_total,2021,80.954
zwe,sex_m,age_ythadult_yge25,mts_aggregate_total,2022,81.789
zwe,sex_m,age_ythadult_yge25,mts_aggregate_total,2023,84.141
zwe,sex_m,age_ythadult_yge25,mts_aggregate_x,2011,65.924
zwe,sex_m,age_ythadult_yge25,mts_aggregate_x,2014,78.319
zwe,sex_m,age_ythadult_yge25,mts_aggregate_x,2022,85.457
zwe,sex_m,age_ythadult_yge25,mts_aggregate_x,2023,85.71
zwe,sex_m,age_ythadult_yge25,mts_details_mrd,2011,94.6
zwe,sex_m,age_ythadult_yge25,mts_details_mrd,2014,96.224
zwe,sex_m,age_ythadult_yge25,mts_details_mrd,2019,82.025
zwe,sex_m,age_ythadult_yge25,mts_details_mrd,2021,83.554
zwe,sex_m,age_ythadult_yge25,mts_details_mrd,2022,82.73
zwe,sex_m,age_ythadult_yge25,mts_details_mrd,2023,85.848
zwe,sex_m,age_ythadult_yge25,mts_details_sep,2011,94.242
zwe,sex_m,age_ythadult_yge25,mts_details_sep,2014,90.453
zwe,sex_m,age_ythadult_yge25,mts_details_sep,2019,76.155
zwe,sex_m,age_ythadult_yge25,mts_details_sep,2021,75.525
zwe,sex_m,age_ythadult_yge25,mts_details_sep,2022,78.528
zwe,sex_m,age_ythadult_yge25,mts_details_sep,2023,78.83
zwe,sex_m,age_ythadult_yge25,mts_details_sgle,2011,88.35
zwe,sex_m,age_ythadult_yge25,mts_details_sgle,2014,87.262
zwe,sex_m,age_ythadult_yge25,mts_details_sgle,2019,72.596
zwe,sex_m,age_ythadult_yge25,mts_details_sgle,2021,72.775
zwe,sex_m,age_ythadult_yge25,mts_details_sgle,2022,73.108
zwe,sex_m,age_ythadult_yge25,mts_details_sgle,2023,75.895
zwe,sex_m,age_ythadult_yge25,mts_details_total,2011,93.446
zwe,sex_m,age_ythadult_yge25,mts_details_total,2014,94.403
zwe,sex_m,age_ythadult_yge25,mts_details_total,2019,79.999
zwe,sex_m,age_ythadult_yge25,mts_details_total,2021,80.954
zwe,sex_m,age_ythadult_yge25,mts_details_total,2022,81.789
zwe,sex_m,age_ythadult_yge25,mts_details_total,2023,84.141
zwe,sex_m,age_ythadult_yge25,mts_details_wid,2011,81.82
zwe,sex_m,age_ythadult_yge25,mts_details_wid,2014,75.111
zwe,sex_m,age_ythadult_yge25,mts_details_wid,2019,60.579
zwe,sex_m,age_ythadult_yge25,mts_details_wid,2021,57.1
zwe,sex_m,age_ythadult_yge25,mts_details_wid,2022,52.465
zwe,sex_m,age_ythadult_yge25,mts_details_wid,2023,62.301
zwe,sex_m,age_ythadult_yge25,mts_details_x,2011,65.924
zwe,sex_m,age_ythadult_yge25,mts_details_x,2014,78.319
zwe,sex_m,age_ythadult_yge25,mts_details_x,2022,85.457
zwe,sex_m,age_ythadult_yge25,mts_details_x,2023,85.71
zwe,sex_t,age_10yrbands_total,mts_aggregate_1,2011,75.233
zwe,sex_t,age_10yrbands_total,mts_aggregate_1,2014,77.704
zwe,sex_t,age_10yrbands_total,mts_aggregate_1,2019,55.597
zwe,sex_t,age_10yrbands_total,mts_aggregate_1,2021,55.187
zwe,sex_t,age_10yrbands_total,mts_aggregate_1,2022,52.409
zwe,sex_t,age_10yrbands_total,mts_aggregate_1,2023,56.704
zwe,sex_t,age_10yrbands_total,mts_aggregate_2,2011,87.996
zwe,sex_t,age_10yrbands_total,mts_aggregate_2,2014,89.562
zwe,sex_t,age_10yrbands_total,mts_aggregate_2,2019,74.036
zwe,sex_t,age_10yrbands_total,mts_aggregate_2,2021,73.775
zwe,sex_t,age_10yrbands_total,mts_aggregate_2,2022,72.687
zwe,sex_t,age_10yrbands_total,mts_aggregate_2,2023,75.986
zwe,sex_t,age_10yrbands_total,mts_aggregate_total,2011,82.383
zwe,sex_t,age_10yrbands_total,mts_aggregate_total,2014,84.522
zwe,sex_t,age_10yrbands_total,mts_aggregate_total,2019,65.795
zwe,sex_t,age_10yrbands_total,mts_aggregate_total,2021,65.397
zwe,sex_t,age_10yrbands_total,mts_aggregate_total,2022,65.214
zwe,sex_t,age_10yrbands_total,mts_aggregate_total,2023,67.786
zwe,sex_t,age_10yrbands_total,mts_aggregate_x,2011,63.153
zwe,sex_t,age_10yrbands_total,mts_aggregate_x,2014,73.996
zwe,sex_t,age_10yrbands_total,mts_aggregate_x,2022,69.411
zwe,sex_t,age_10yrbands_total,mts_aggregate_x,2023,68.135
zwe,sex_t,age_10yrbands_total,mts_details_mrd,2011,87.996
zwe,sex_t,age_10yrbands_total,mts_details_mrd,2014,89.562
zwe,sex_t,age_10yrbands_total,mts_details_mrd,2019,74.036
zwe,sex_t,age_10yrbands_total,mts_details_mrd,2021,73.775
zwe,sex_t,age_10yrbands_total,mts_details_mrd,2022,72.687
zwe,sex_t,age_10yrbands_total,mts_details_mrd,2023,75.986
zwe,sex_t,age_10yrbands_total,mts_details_sep,2011,88.431
zwe,sex_t,age_10yrbands_total,mts_details_sep,2014,90.04
zwe,sex_t,age_10yrbands_total,mts_details_sep,2019,71.926
zwe,sex_t,age_10yrbands_total,mts_details_sep,2021,74.861
zwe,sex_t,age_10yrbands_total,mts_details_sep,2022,76.12
zwe,sex_t,age_10yrbands_total,mts_details_sep,2023,77.572
zwe,sex_t,age_10yrbands_total,mts_details_sgle,2011,71.968
zwe,sex_t,age_10yrbands_total,mts_details_sgle,2014,74.52
zwe,sex_t,age_10yrbands_total,mts_details_sgle,2019,51.45
zwe,sex_t,age_10yrbands_total,mts_details_sgle,2021,50.616
zwe,sex_t,age_10yrbands_total,mts_details_sgle,2022,46.046
zwe,sex_t,age_10yrbands_total,mts_details_sgle,2023,50.028
zwe,sex_t,age_10yrbands_total,mts_details_total,2011,82.383
zwe,sex_t,age_10yrbands_total,mts_details_total,2014,84.522
zwe,sex_t,age_10yrbands_total,mts_details_total,2019,65.795
zwe,sex_t,age_10yrbands_total,mts_details_total,2021,65.397
zwe,sex_t,age_10yrbands_total,mts_details_total,2022,65.214
zwe,sex_t,age_10yrbands_total,mts_details_total,2023,67.786
zwe,sex_t,age_10yrbands_total,mts_details_wid,2011,78.19
zwe,sex_t,age_10yrbands_total,mts_details_wid,2014,79.702
zwe,sex_t,age_10yrbands_total,mts_details_wid,2019,56.747
zwe,sex_t,age_10yrbands_total,mts_details_wid,2021,54.651
zwe,sex_t,age_10yrbands_total,mts_details_wid,2022,54.238
zwe,sex_t,age_10yrbands_total,mts_details_wid,2023,61.586
zwe,sex_t,age_10yrbands_total,mts_details_x,2011,63.153
zwe,sex_t,age_10yrbands_total,mts_details_x,2014,73.996
zwe,sex_t,age_10yrbands_total,mts_details_x,2022,69.411
zwe,sex_t,age_10yrbands_total,mts_details_x,2023,68.135
zwe,sex_t,age_10yrbands_y15_24,mts_aggregate_1,2011,70.166
zwe,sex_t,age_10yrbands_y15_24,mts_aggregate_1,2014,73.512
zwe,sex_t,age_10yrbands_y15_24,mts_aggregate_1,2019,47.571
zwe,sex_t,age_10yrbands_y15_24,mts_aggregate_1,2021,46.358
zwe,sex_t,age_10yrbands_y15_24,mts_aggregate_1,2022,41.052
zwe,sex_t,age_10yrbands_y15_24,mts_aggregate_1,2023,44.904
zwe,sex_t,age_10yrbands_y15_24,mts_aggregate_2,2011,79.846
zwe,sex_t,age_10yrbands_y15_24,mts_aggregate_2,2014,81.073
zwe,sex_t,age_10yrbands_y15_24,mts_aggregate_2,2019,58.964
zwe,sex_t,age_10yrbands_y15_24,mts_aggregate_2,2021,58.147
zwe,sex_t,age_10yrbands_y15_24,mts_aggregate_2,2022,56.435
zwe,sex_t,age_10yrbands_y15_24,mts_aggregate_2,2023,61.841
zwe,sex_t,age_10yrbands_y15_24,mts_aggregate_total,2011,72.651
zwe,sex_t,age_10yrbands_y15_24,mts_aggregate_total,2014,75.418
zwe,sex_t,age_10yrbands_y15_24,mts_aggregate_total,2019,50.073
zwe,sex_t,age_10yrbands_y15_24,mts_aggregate_total,2021,48.886
zwe,sex_t,age_10yrbands_y15_24,mts_aggregate_total,2022,45.675
zwe,sex_t,age_10yrbands_y15_24,mts_aggregate_total,2023,48.361
zwe,sex_t,age_10yrbands_y15_24,mts_aggregate_x,2011,68.717
zwe,sex_t,age_10yrbands_y15_24,mts_aggregate_x,2014,70.992
zwe,sex_t,age_10yrbands_y15_24,mts_aggregate_x,2022,49.749
zwe,sex_t,age_10yrbands_y15_24,mts_aggregate_x,2023,47.326
zwe,sex_t,age_10yrbands_y15_24,mts_details_mrd,2011,79.846
zwe,sex_t,age_10yrbands_y15_24,mts_details_mrd,2014,81.073
zwe,sex_t,age_10yrbands_y15_24,mts_details_mrd,2019,58.964
zwe,sex_t,age_10yrbands_y15_24,mts_details_mrd,2021,58.147
zwe,sex_t,age_10yrbands_y15_24,mts_details_mrd,2022,56.435
zwe,sex_t,age_10yrbands_y15_24,mts_details_mrd,2023,61.841
zwe,sex_t,age_10yrbands_y15_24,mts_details_sep,2011,90.908
zwe,sex_t,age_10yrbands_y15_24,mts_details_sep,2014,90.53
zwe,sex_t,age_10yrbands_y15_24,mts_details_sep,2019,60.648
zwe,sex_t,age_10yrbands_y15_24,mts_details_sep,2021,67.117
zwe,sex_t,age_10yrbands_y15_24,mts_details_sep,2022,66.855
zwe,sex_t,age_10yrbands_y15_24,mts_details_sep,2023,70.912
zwe,sex_t,age_10yrbands_y15_24,mts_details_sgle,2011,69.26
zwe,sex_t,age_10yrbands_y15_24,mts_details_sgle,2014,72.68
zwe,sex_t,age_10yrbands_y15_24,mts_details_sgle,2019,46.925
zwe,sex_t,age_10yrbands_y15_24,mts_details_sgle,2021,45.379
zwe,sex_t,age_10yrbands_y15_24,mts_details_sgle,2022,39.946
zwe,sex_t,age_10yrbands_y15_24,mts_details_sgle,2023,43.865
zwe,sex_t,age_10yrbands_y15_24,mts_details_total,2011,72.651
zwe,sex_t,age_10yrbands_y15_24,mts_details_total,2014,75.418
zwe,sex_t,age_10yrbands_y15_24,mts_details_total,2019,50.073
zwe,sex_t,age_10yrbands_y15_24,mts_details_total,2021,48.886
zwe,sex_t,age_10yrbands_y15_24,mts_details_total,2022,45.675
zwe,sex_t,age_10yrbands_y15_24,mts_details_total,2023,48.361
zwe,sex_t,age_10yrbands_y15_24,mts_details_wid,2011,91.346
zwe,sex_t,age_10yrbands_y15_24,mts_details_wid,2014,100
zwe,sex_t,age_10yrbands_y15_24,mts_details_wid,2021,49.73
zwe,sex_t,age_10yrbands_y15_24,mts_details_wid,2022,56.595
zwe,sex_t,age_10yrbands_y15_24,mts_details_wid,2023,63.165
zwe,sex_t,age_10yrbands_y15_24,mts_details_x,2011,68.717
zwe,sex_t,age_10yrbands_y15_24,mts_details_x,2014,70.992
zwe,sex_t,age_10yrbands_y15_24,mts_details_x,2022,49.749
zwe,sex_t,age_10yrbands_y15_24,mts_details_x,2023,47.326
zwe,sex_t,age_10yrbands_y25_34,mts_aggregate_1,2011,88.308
zwe,sex_t,age_10yrbands_y25_34,mts_aggregate_1,2014,87.678
zwe,sex_t,age_10yrbands_y25_34,mts_aggregate_1,2019,74.842
zwe,sex_t,age_10yrbands_y25_34,mts_aggregate_1,2021,75.802
zwe,sex_t,age_10yrbands_y25_34,mts_aggregate_1,2022,75.765
zwe,sex_t,age_10yrbands_y25_34,mts_aggregate_1,2023,77.547
zwe,sex_t,age_10yrbands_y25_34,mts_aggregate_2,2011,88.813
zwe,sex_t,age_10yrbands_y25_34,mts_aggregate_2,2014,88.622
zwe,sex_t,age_10yrbands_y25_34,mts_aggregate_2,2019,77.137
zwe,sex_t,age_10yrbands_y25_34,mts_aggregate_2,2021,75.249
zwe,sex_t,age_10yrbands_y25_34,mts_aggregate_2,2022,73.942
zwe,sex_t,age_10yrbands_y25_34,mts_aggregate_2,2023,75.506
zwe,sex_t,age_10yrbands_y25_34,mts_aggregate_total,2011,88.674
zwe,sex_t,age_10yrbands_y25_34,mts_aggregate_total,2014,88.4
zwe,sex_t,age_10yrbands_y25_34,mts_aggregate_total,2019,76.537
zwe,sex_t,age_10yrbands_y25_34,mts_aggregate_total,2021,75.418
zwe,sex_t,age_10yrbands_y25_34,mts_aggregate_total,2022,75.35
zwe,sex_t,age_10yrbands_y25_34,mts_aggregate_total,2023,76.447
zwe,sex_t,age_10yrbands_y25_34,mts_aggregate_x,2022,77.874
zwe,sex_t,age_10yrbands_y25_34,mts_aggregate_x,2023,77.467
zwe,sex_t,age_10yrbands_y25_34,mts_details_mrd,2011,88.813
zwe,sex_t,age_10yrbands_y25_34,mts_details_mrd,2014,88.622
zwe,sex_t,age_10yrbands_y25_34,mts_details_mrd,2019,77.137
zwe,sex_t,age_10yrbands_y25_34,mts_details_mrd,2021,75.249
zwe,sex_t,age_10yrbands_y25_34,mts_details_mrd,2022,73.942
zwe,sex_t,age_10yrbands_y25_34,mts_details_mrd,2023,75.506
zwe,sex_t,age_10yrbands_y25_34,mts_details_sep,2011,89.887
zwe,sex_t,age_10yrbands_y25_34,mts_details_sep,2014,90.404
zwe,sex_t,age_10yrbands_y25_34,mts_details_sep,2019,76.584
zwe,sex_t,age_10yrbands_y25_34,mts_details_sep,2021,78.733
zwe,sex_t,age_10yrbands_y25_34,mts_details_sep,2022,79.788
zwe,sex_t,age_10yrbands_y25_34,mts_details_sep,2023,80.11
zwe,sex_t,age_10yrbands_y25_34,mts_details_sgle,2011,87.357
zwe,sex_t,age_10yrbands_y25_34,mts_details_sgle,2014,85.583
zwe,sex_t,age_10yrbands_y25_34,mts_details_sgle,2019,74.079
zwe,sex_t,age_10yrbands_y25_34,mts_details_sgle,2021,74.443
zwe,sex_t,age_10yrbands_y25_34,mts_details_sgle,2022,73.743
zwe,sex_t,age_10yrbands_y25_34,mts_details_sgle,2023,76.12
zwe,sex_t,age_10yrbands_y25_34,mts_details_total,2011,88.674
zwe,sex_t,age_10yrbands_y25_34,mts_details_total,2014,88.4
zwe,sex_t,age_10yrbands_y25_34,mts_details_total,2019,76.537
zwe,sex_t,age_10yrbands_y25_34,mts_details_total,2021,75.418
zwe,sex_t,age_10yrbands_y25_34,mts_details_total,2022,75.35
zwe,sex_t,age_10yrbands_y25_34,mts_details_total,2023,76.447
zwe,sex_t,age_10yrbands_y25_34,mts_details_wid,2011,89.626
zwe,sex_t,age_10yrbands_y25_34,mts_details_wid,2014,91.975
zwe,sex_t,age_10yrbands_y25_34,mts_details_wid,2019,71.439
zwe,sex_t,age_10yrbands_y25_34,mts_details_wid,2021,73.733
zwe,sex_t,age_10yrbands_y25_34,mts_details_wid,2022,78.587
zwe,sex_t,age_10yrbands_y25_34,mts_details_wid,2023,81.561
zwe,sex_t,age_10yrbands_y25_34,mts_details_x,2022,77.874
zwe,sex_t,age_10yrbands_y25_34,mts_details_x,2023,77.467
zwe,sex_t,age_10yrbands_y35_44,mts_aggregate_1,2011,89.663
zwe,sex_t,age_10yrbands_y35_44,mts_aggregate_1,2014,91.53
zwe,sex_t,age_10yrbands_y35_44,mts_aggregate_1,2019,77.874
zwe,sex_t,age_10yrbands_y35_44,mts_aggregate_1,2021,77.424
zwe,sex_t,age_10yrbands_y35_44,mts_aggregate_1,2022,76.882
zwe,sex_t,age_10yrbands_y35_44,mts_aggregate_1,2023,80.244
zwe,sex_t,age_10yrbands_y35_44,mts_aggregate_2,2011,93.376
zwe,sex_t,age_10yrbands_y35_44,mts_aggregate_2,2014,94.46
zwe,sex_t,age_10yrbands_y35_44,mts_aggregate_2,2019,80.498
zwe,sex_t,age_10yrbands_y35_44,mts_aggregate_2,2021,79.513
zwe,sex_t,age_10yrbands_y35_44,mts_aggregate_2,2022,79.07
zwe,sex_t,age_10yrbands_y35_44,mts_aggregate_2,2023,82.692
zwe,sex_t,age_10yrbands_y35_44,mts_aggregate_total,2011,92.624
zwe,sex_t,age_10yrbands_y35_44,mts_aggregate_total,2014,93.887
zwe,sex_t,age_10yrbands_y35_44,mts_aggregate_total,2019,79.987
zwe,sex_t,age_10yrbands_y35_44,mts_aggregate_total,2021,79.103
zwe,sex_t,age_10yrbands_y35_44,mts_aggregate_total,2022,80.153
zwe,sex_t,age_10yrbands_y35_44,mts_aggregate_total,2023,82.036
zwe,sex_t,age_10yrbands_y35_44,mts_aggregate_x,2011,100
zwe,sex_t,age_10yrbands_y35_44,mts_aggregate_x,2022,84.681
zwe,sex_t,age_10yrbands_y35_44,mts_aggregate_x,2023,81.482
zwe,sex_t,age_10yrbands_y35_44,mts_details_mrd,2011,93.376
zwe,sex_t,age_10yrbands_y35_44,mts_details_mrd,2014,94.46
zwe,sex_t,age_10yrbands_y35_44,mts_details_mrd,2019,80.498
zwe,sex_t,age_10yrbands_y35_44,mts_details_mrd,2021,79.513
zwe,sex_t,age_10yrbands_y35_44,mts_details_mrd,2022,79.07
zwe,sex_t,age_10yrbands_y35_44,mts_details_mrd,2023,82.692
zwe,sex_t,age_10yrbands_y35_44,mts_details_sep,2011,89.698
zwe,sex_t,age_10yrbands_y35_44,mts_details_sep,2014,93.625
zwe,sex_t,age_10yrbands_y35_44,mts_details_sep,2019,78.179
zwe,sex_t,age_10yrbands_y35_44,mts_details_sep,2021,80.783
zwe,sex_t,age_10yrbands_y35_44,mts_details_sep,2022,81.377
zwe,sex_t,age_10yrbands_y35_44,mts_details_sep,2023,82.647
zwe,sex_t,age_10yrbands_y35_44,mts_details_sgle,2011,85.374
zwe,sex_t,age_10yrbands_y35_44,mts_details_sgle,2014,81.405
zwe,sex_t,age_10yrbands_y35_44,mts_details_sgle,2019,75.836
zwe,sex_t,age_10yrbands_y35_44,mts_details_sgle,2021,68.93
zwe,sex_t,age_10yrbands_y35_44,mts_details_sgle,2022,66.595
zwe,sex_t,age_10yrbands_y35_44,mts_details_sgle,2023,73.711
zwe,sex_t,age_10yrbands_y35_44,mts_details_total,2011,92.624
zwe,sex_t,age_10yrbands_y35_44,mts_details_total,2014,93.887
zwe,sex_t,age_10yrbands_y35_44,mts_details_total,2019,79.987
zwe,sex_t,age_10yrbands_y35_44,mts_details_total,2021,79.103
zwe,sex_t,age_10yrbands_y35_44,mts_details_total,2022,80.153
zwe,sex_t,age_10yrbands_y35_44,mts_details_total,2023,82.036
zwe,sex_t,age_10yrbands_y35_44,mts_details_wid,2011,91.178
zwe,sex_t,age_10yrbands_y35_44,mts_details_wid,2014,94.175
zwe,sex_t,age_10yrbands_y35_44,mts_details_wid,2019,79.664
zwe,sex_t,age_10yrbands_y35_44,mts_details_wid,2021,81.768
zwe,sex_t,age_10yrbands_y35_44,mts_details_wid,2022,79.498
zwe,sex_t,age_10yrbands_y35_44,mts_details_wid,2023,82.791
zwe,sex_t,age_10yrbands_y35_44,mts_details_x,2011,100
zwe,sex_t,age_10yrbands_y35_44,mts_details_x,2022,84.681
zwe,sex_t,age_10yrbands_y35_44,mts_details_x,2023,81.482
zwe,sex_t,age_10yrbands_y45_54,mts_aggregate_1,2011,89.523
zwe,sex_t,age_10yrbands_y45_54,mts_aggregate_1,2014,89.41
zwe,sex_t,age_10yrbands_y45_54,mts_aggregate_1,2019,75.659
zwe,sex_t,age_10yrbands_y45_54,mts_aggregate_1,2021,74.771
zwe,sex_t,age_10yrbands_y45_54,mts_aggregate_1,2022,74.567
zwe,sex_t,age_10yrbands_y45_54,mts_aggregate_1,2023,79.348
zwe,sex_t,age_10yrbands_y45_54,mts_aggregate_2,2011,91.915
zwe,sex_t,age_10yrbands_y45_54,mts_aggregate_2,2014,94.409
zwe,sex_t,age_10yrbands_y45_54,mts_aggregate_2,2019,81.744
zwe,sex_t,age_10yrbands_y45_54,mts_aggregate_2,2021,81.541
zwe,sex_t,age_10yrbands_y45_54,mts_aggregate_2,2022,80.471
zwe,sex_t,age_10yrbands_y45_54,mts_aggregate_2,2023,83.453
zwe,sex_t,age_10yrbands_y45_54,mts_aggregate_total,2011,91.157
zwe,sex_t,age_10yrbands_y45_54,mts_aggregate_total,2014,93.136
zwe,sex_t,age_10yrbands_y45_54,mts_aggregate_total,2019,80.068
zwe,sex_t,age_10yrbands_y45_54,mts_aggregate_total,2021,79.983
zwe,sex_t,age_10yrbands_y45_54,mts_aggregate_total,2022,80.403
zwe,sex_t,age_10yrbands_y45_54,mts_aggregate_total,2023,82.53
zwe,sex_t,age_10yrbands_y45_54,mts_aggregate_x,2022,84.557
zwe,sex_t,age_10yrbands_y45_54,mts_aggregate_x,2023,82.635
zwe,sex_t,age_10yrbands_y45_54,mts_details_mrd,2011,91.915
zwe,sex_t,age_10yrbands_y45_54,mts_details_mrd,2014,94.409
zwe,sex_t,age_10yrbands_y45_54,mts_details_mrd,2019,81.744
zwe,sex_t,age_10yrbands_y45_54,mts_details_mrd,2021,81.541
zwe,sex_t,age_10yrbands_y45_54,mts_details_mrd,2022,80.471
zwe,sex_t,age_10yrbands_y45_54,mts_details_mrd,2023,83.453
zwe,sex_t,age_10yrbands_y45_54,mts_details_sep,2011,90.402
zwe,sex_t,age_10yrbands_y45_54,mts_details_sep,2014,91.015
zwe,sex_t,age_10yrbands_y45_54,mts_details_sep,2019,76.155
zwe,sex_t,age_10yrbands_y45_54,mts_details_sep,2021,76.826
zwe,sex_t,age_10yrbands_y45_54,mts_details_sep,2022,79.248
zwe,sex_t,age_10yrbands_y45_54,mts_details_sep,2023,82.382
zwe,sex_t,age_10yrbands_y45_54,mts_details_sgle,2011,80.793
zwe,sex_t,age_10yrbands_y45_54,mts_details_sgle,2014,81.168
zwe,sex_t,age_10yrbands_y45_54,mts_details_sgle,2019,62.491
zwe,sex_t,age_10yrbands_y45_54,mts_details_sgle,2021,64.63
zwe,sex_t,age_10yrbands_y45_54,mts_details_sgle,2022,68.434
zwe,sex_t,age_10yrbands_y45_54,mts_details_sgle,2023,66.33
zwe,sex_t,age_10yrbands_y45_54,mts_details_total,2011,91.157
zwe,sex_t,age_10yrbands_y45_54,mts_details_total,2014,93.136
zwe,sex_t,age_10yrbands_y45_54,mts_details_total,2019,80.068
zwe,sex_t,age_10yrbands_y45_54,mts_details_total,2021,79.983
zwe,sex_t,age_10yrbands_y45_54,mts_details_total,2022,80.403
zwe,sex_t,age_10yrbands_y45_54,mts_details_total,2023,82.53
zwe,sex_t,age_10yrbands_y45_54,mts_details_wid,2011,89.924
zwe,sex_t,age_10yrbands_y45_54,mts_details_wid,2014,89.909
zwe,sex_t,age_10yrbands_y45_54,mts_details_wid,2019,78.568
zwe,sex_t,age_10yrbands_y45_54,mts_details_wid,2021,75.954
zwe,sex_t,age_10yrbands_y45_54,mts_details_wid,2022,72.015
zwe,sex_t,age_10yrbands_y45_54,mts_details_wid,2023,79.406
zwe,sex_t,age_10yrbands_y45_54,mts_details_x,2022,84.557
zwe,sex_t,age_10yrbands_y45_54,mts_details_x,2023,82.635
zwe,sex_t,age_10yrbands_y55_64,mts_aggregate_1,2011,83.025
zwe,sex_t,age_10yrbands_y55_64,mts_aggregate_1,2014,87.134
zwe,sex_t,age_10yrbands_y55_64,mts_aggregate_1,2019,68.137
zwe,sex_t,age_10yrbands_y55_64,mts_aggregate_1,2021,66.237
zwe,sex_t,age_10yrbands_y55_64,mts_aggregate_1,2022,67.244
zwe,sex_t,age_10yrbands_y55_64,mts_aggregate_1,2023,67.078
zwe,sex_t,age_10yrbands_y55_64,mts_aggregate_2,2011,90.928
zwe,sex_t,age_10yrbands_y55_64,mts_aggregate_2,2014,92.163
zwe,sex_t,age_10yrbands_y55_64,mts_aggregate_2,2019,73.199
zwe,sex_t,age_10yrbands_y55_64,mts_aggregate_2,2021,73.019
zwe,sex_t,age_10yrbands_y55_64,mts_aggregate_2,2022,71.456
zwe,sex_t,age_10yrbands_y55_64,mts_aggregate_2,2023,74.229
zwe,sex_t,age_10yrbands_y55_64,mts_aggregate_total,2011,88.107
zwe,sex_t,age_10yrbands_y55_64,mts_aggregate_total,2014,90.43
zwe,sex_t,age_10yrbands_y55_64,mts_aggregate_total,2019,71.389
zwe,sex_t,age_10yrbands_y55_64,mts_aggregate_total,2021,70.552
zwe,sex_t,age_10yrbands_y55_64,mts_aggregate_total,2022,71.645
zwe,sex_t,age_10yrbands_y55_64,mts_aggregate_total,2023,72.978
zwe,sex_t,age_10yrbands_y55_64,mts_aggregate_x,2022,76.346
zwe,sex_t,age_10yrbands_y55_64,mts_aggregate_x,2023,76.309
zwe,sex_t,age_10yrbands_y55_64,mts_details_mrd,2011,90.928
zwe,sex_t,age_10yrbands_y55_64,mts_details_mrd,2014,92.163
zwe,sex_t,age_10yrbands_y55_64,mts_details_mrd,2019,73.199
zwe,sex_t,age_10yrbands_y55_64,mts_details_mrd,2021,73.019
zwe,sex_t,age_10yrbands_y55_64,mts_details_mrd,2022,71.456
zwe,sex_t,age_10yrbands_y55_64,mts_details_mrd,2023,74.229
zwe,sex_t,age_10yrbands_y55_64,mts_details_sep,2011,81.64
zwe,sex_t,age_10yrbands_y55_64,mts_details_sep,2014,85.085
zwe,sex_t,age_10yrbands_y55_64,mts_details_sep,2019,70.588
zwe,sex_t,age_10yrbands_y55_64,mts_details_sep,2021,69.872
zwe,sex_t,age_10yrbands_y55_64,mts_details_sep,2022,67.656
zwe,sex_t,age_10yrbands_y55_64,mts_details_sep,2023,67.811
zwe,sex_t,age_10yrbands_y55_64,mts_details_sgle,2011,81.792
zwe,sex_t,age_10yrbands_y55_64,mts_details_sgle,2014,84.719
zwe,sex_t,age_10yrbands_y55_64,mts_details_sgle,2019,63.276
zwe,sex_t,age_10yrbands_y55_64,mts_details_sgle,2021,62.513
zwe,sex_t,age_10yrbands_y55_64,mts_details_sgle,2022,53.997
zwe,sex_t,age_10yrbands_y55_64,mts_details_sgle,2023,63.604
zwe,sex_t,age_10yrbands_y55_64,mts_details_total,2011,88.107
zwe,sex_t,age_10yrbands_y55_64,mts_details_total,2014,90.43
zwe,sex_t,age_10yrbands_y55_64,mts_details_total,2019,71.389
zwe,sex_t,age_10yrbands_y55_64,mts_details_total,2021,70.552
zwe,sex_t,age_10yrbands_y55_64,mts_details_total,2022,71.645
zwe,sex_t,age_10yrbands_y55_64,mts_details_total,2023,72.978
zwe,sex_t,age_10yrbands_y55_64,mts_details_wid,2011,83.309
zwe,sex_t,age_10yrbands_y55_64,mts_details_wid,2014,87.634
zwe,sex_t,age_10yrbands_y55_64,mts_details_wid,2019,67.87
zwe,sex_t,age_10yrbands_y55_64,mts_details_wid,2021,65.622
zwe,sex_t,age_10yrbands_y55_64,mts_details_wid,2022,68.229
zwe,sex_t,age_10yrbands_y55_64,mts_details_wid,2023,67.177
zwe,sex_t,age_10yrbands_y55_64,mts_details_x,2022,76.346
zwe,sex_t,age_10yrbands_y55_64,mts_details_x,2023,76.309
zwe,sex_t,age_10yrbands_yge65,mts_aggregate_1,2011,59.769
zwe,sex_t,age_10yrbands_yge65,mts_aggregate_1,2014,63.556
zwe,sex_t,age_10yrbands_yge65,mts_aggregate_1,2019,39.295
zwe,sex_t,age_10yrbands_yge65,mts_aggregate_1,2021,37
zwe,sex_t,age_10yrbands_yge65,mts_aggregate_1,2022,37.888
zwe,sex_t,age_10yrbands_yge65,mts_aggregate_1,2023,47.219
zwe,sex_t,age_10yrbands_yge65,mts_aggregate_2,2011,74.454
zwe,sex_t,age_10yrbands_yge65,mts_aggregate_2,2014,83.575
zwe,sex_t,age_10yrbands_yge65,mts_aggregate_2,2019,55.171
zwe,sex_t,age_10yrbands_yge65,mts_aggregate_2,2021,55.938
zwe,sex_t,age_10yrbands_yge65,mts_aggregate_2,2022,52.399
zwe,sex_t,age_10yrbands_yge65,mts_aggregate_2,2023,59.973
zwe,sex_t,age_10yrbands_yge65,mts_aggregate_total,2011,67.193
zwe,sex_t,age_10yrbands_yge65,mts_aggregate_total,2014,73.944
zwe,sex_t,age_10yrbands_yge65,mts_aggregate_total,2019,47.345
zwe,sex_t,age_10yrbands_yge65,mts_aggregate_total,2021,46.138
zwe,sex_t,age_10yrbands_yge65,mts_aggregate_total,2022,48.029
zwe,sex_t,age_10yrbands_yge65,mts_aggregate_total,2023,54.245
zwe,sex_t,age_10yrbands_yge65,mts_aggregate_x,2022,57.238
zwe,sex_t,age_10yrbands_yge65,mts_aggregate_x,2023,55.605
zwe,sex_t,age_10yrbands_yge65,mts_details_mrd,2011,74.454
zwe,sex_t,age_10yrbands_yge65,mts_details_mrd,2014,83.575
zwe,sex_t,age_10yrbands_yge65,mts_details_mrd,2019,55.171
zwe,sex_t,age_10yrbands_yge65,mts_details_mrd,2021,55.938
zwe,sex_t,age_10yrbands_yge65,mts_details_mrd,2022,52.399
zwe,sex_t,age_10yrbands_yge65,mts_details_mrd,2023,59.973
zwe,sex_t,age_10yrbands_yge65,mts_details_sep,2011,67.761
zwe,sex_t,age_10yrbands_yge65,mts_details_sep,2014,77.845
zwe,sex_t,age_10yrbands_yge65,mts_details_sep,2019,40.831
zwe,sex_t,age_10yrbands_yge65,mts_details_sep,2021,44.384
zwe,sex_t,age_10yrbands_yge65,mts_details_sep,2022,38.942
zwe,sex_t,age_10yrbands_yge65,mts_details_sep,2023,45.918
zwe,sex_t,age_10yrbands_yge65,mts_details_sgle,2011,59.117
zwe,sex_t,age_10yrbands_yge65,mts_details_sgle,2014,56.165
zwe,sex_t,age_10yrbands_yge65,mts_details_sgle,2019,42.196
zwe,sex_t,age_10yrbands_yge65,mts_details_sgle,2021,37.16
zwe,sex_t,age_10yrbands_yge65,mts_details_sgle,2022,44.133
zwe,sex_t,age_10yrbands_yge65,mts_details_sgle,2023,38.367
zwe,sex_t,age_10yrbands_yge65,mts_details_total,2011,67.193
zwe,sex_t,age_10yrbands_yge65,mts_details_total,2014,73.944
zwe,sex_t,age_10yrbands_yge65,mts_details_total,2019,47.345
zwe,sex_t,age_10yrbands_yge65,mts_details_total,2021,46.138
zwe,sex_t,age_10yrbands_yge65,mts_details_total,2022,48.029
zwe,sex_t,age_10yrbands_yge65,mts_details_total,2023,54.245
zwe,sex_t,age_10yrbands_yge65,mts_details_wid,2011,59.178
zwe,sex_t,age_10yrbands_yge65,mts_details_wid,2014,62.125
zwe,sex_t,age_10yrbands_yge65,mts_details_wid,2019,39.095
zwe,sex_t,age_10yrbands_yge65,mts_details_wid,2021,36.309
zwe,sex_t,age_10yrbands_yge65,mts_details_wid,2022,37.66
zwe,sex_t,age_10yrbands_yge65,mts_details_wid,2023,47.517
zwe,sex_t,age_10yrbands_yge65,mts_details_x,2022,57.238
zwe,sex_t,age_10yrbands_yge65,mts_details_x,2023,55.605
zwe,sex_t,age_aggregate_total,mts_aggregate_1,2011,75.233
zwe,sex_t,age_aggregate_total,mts_aggregate_1,2014,77.704
zwe,sex_t,age_aggregate_total,mts_aggregate_1,2019,55.597
zwe,sex_t,age_aggregate_total,mts_aggregate_1,2021,55.187
zwe,sex_t,age_aggregate_total,mts_aggregate_1,2022,52.409
zwe,sex_t,age_aggregate_total,mts_aggregate_1,2023,56.704
zwe,sex_t,age_aggregate_total,mts_aggregate_2,2011,87.996
zwe,sex_t,age_aggregate_total,mts_aggregate_2,2014,89.562
zwe,sex_t,age_aggregate_total,mts_aggregate_2,2019,74.036
zwe,sex_t,age_aggregate_total,mts_aggregate_2,2021,73.775
zwe,sex_t,age_aggregate_total,mts_aggregate_2,2022,72.687
zwe,sex_t,age_aggregate_total,mts_aggregate_2,2023,75.986
zwe,sex_t,age_aggregate_total,mts_aggregate_total,2011,82.383
zwe,sex_t,age_aggregate_total,mts_aggregate_total,2014,84.522
zwe,sex_t,age_aggregate_total,mts_aggregate_total,2019,65.795
zwe,sex_t,age_aggregate_total,mts_aggregate_total,2021,65.397
zwe,sex_t,age_aggregate_total,mts_aggregate_total,2022,65.214
zwe,sex_t,age_aggregate_total,mts_aggregate_total,2023,67.786
zwe,sex_t,age_aggregate_total,mts_aggregate_x,2011,63.153
zwe,sex_t,age_aggregate_total,mts_aggregate_x,2014,73.996
zwe,sex_t,age_aggregate_total,mts_aggregate_x,2022,69.411
zwe,sex_t,age_aggregate_total,mts_aggregate_x,2023,68.135
zwe,sex_t,age_aggregate_total,mts_details_mrd,2011,87.996
zwe,sex_t,age_aggregate_total,mts_details_mrd,2014,89.562
zwe,sex_t,age_aggregate_total,mts_details_mrd,2019,74.036
zwe,sex_t,age_aggregate_total,mts_details_mrd,2021,73.775
zwe,sex_t,age_aggregate_total,mts_details_mrd,2022,72.687
zwe,sex_t,age_aggregate_total,mts_details_mrd,2023,75.986
zwe,sex_t,age_aggregate_total,mts_details_sep,2011,88.431
zwe,sex_t,age_aggregate_total,mts_details_sep,2014,90.04
zwe,sex_t,age_aggregate_total,mts_details_sep,2019,71.926
zwe,sex_t,age_aggregate_total,mts_details_sep,2021,74.861
zwe,sex_t,age_aggregate_total,mts_details_sep,2022,76.12
zwe,sex_t,age_aggregate_total,mts_details_sep,2023,77.572
zwe,sex_t,age_aggregate_total,mts_details_sgle,2011,71.968
zwe,sex_t,age_aggregate_total,mts_details_sgle,2014,74.52
zwe,sex_t,age_aggregate_total,mts_details_sgle,2019,51.45
zwe,sex_t,age_aggregate_total,mts_details_sgle,2021,50.616
zwe,sex_t,age_aggregate_total,mts_details_sgle,2022,46.046
zwe,sex_t,age_aggregate_total,mts_details_sgle,2023,50.028
zwe,sex_t,age_aggregate_total,mts_details_total,2011,82.383
zwe,sex_t,age_aggregate_total,mts_details_total,2014,84.522
zwe,sex_t,age_aggregate_total,mts_details_total,2019,65.795
zwe,sex_t,age_aggregate_total,mts_details_total,2021,65.397
zwe,sex_t,age_aggregate_total,mts_details_total,2022,65.214
zwe,sex_t,age_aggregate_total,mts_details_total,2023,67.786
zwe,sex_t,age_aggregate_total,mts_details_wid,2011,78.19
zwe,sex_t,age_aggregate_total,mts_details_wid,2014,79.702
zwe,sex_t,age_aggregate_total,mts_details_wid,2019,56.747
zwe,sex_t,age_aggregate_total,mts_details_wid,2021,54.651
zwe,sex_t,age_aggregate_total,mts_details_wid,2022,54.238
zwe,sex_t,age_aggregate_total,mts_details_wid,2023,61.586
zwe,sex_t,age_aggregate_total,mts_details_x,2011,63.153
zwe,sex_t,age_aggregate_total,mts_details_x,2014,73.996
zwe,sex_t,age_aggregate_total,mts_details_x,2022,69.411
zwe,sex_t,age_aggregate_total,mts_details_x,2023,68.135
zwe,sex_t,age_aggregate_y15_24,mts_aggregate_1,2011,70.166
zwe,sex_t,age_aggregate_y15_24,mts_aggregate_1,2014,73.512
zwe,sex_t,age_aggregate_y15_24,mts_aggregate_1,2019,47.571
zwe,sex_t,age_aggregate_y15_24,mts_aggregate_1,2021,46.358
zwe,sex_t,age_aggregate_y15_24,mts_aggregate_1,2022,41.052
zwe,sex_t,age_aggregate_y15_24,mts_aggregate_1,2023,44.904
zwe,sex_t,age_aggregate_y15_24,mts_aggregate_2,2011,79.846
zwe,sex_t,age_aggregate_y15_24,mts_aggregate_2,2014,81.073
zwe,sex_t,age_aggregate_y15_24,mts_aggregate_2,2019,58.964
zwe,sex_t,age_aggregate_y15_24,mts_aggregate_2,2021,58.147
zwe,sex_t,age_aggregate_y15_24,mts_aggregate_2,2022,56.435
zwe,sex_t,age_aggregate_y15_24,mts_aggregate_2,2023,61.841
zwe,sex_t,age_aggregate_y15_24,mts_aggregate_total,2011,72.651
zwe,sex_t,age_aggregate_y15_24,mts_aggregate_total,2014,75.418
zwe,sex_t,age_aggregate_y15_24,mts_aggregate_total,2019,50.073
zwe,sex_t,age_aggregate_y15_24,mts_aggregate_total,2021,48.886
zwe,sex_t,age_aggregate_y15_24,mts_aggregate_total,2022,45.675
zwe,sex_t,age_aggregate_y15_24,mts_aggregate_total,2023,48.361
zwe,sex_t,age_aggregate_y15_24,mts_aggregate_x,2011,68.717
zwe,sex_t,age_aggregate_y15_24,mts_aggregate_x,2014,70.992
zwe,sex_t,age_aggregate_y15_24,mts_aggregate_x,2022,49.749
zwe,sex_t,age_aggregate_y15_24,mts_aggregate_x,2023,47.326
zwe,sex_t,age_aggregate_y15_24,mts_details_mrd,2011,79.846
zwe,sex_t,age_aggregate_y15_24,mts_details_mrd,2014,81.073
zwe,sex_t,age_aggregate_y15_24,mts_details_mrd,2019,58.964
zwe,sex_t,age_aggregate_y15_24,mts_details_mrd,2021,58.147
zwe,sex_t,age_aggregate_y15_24,mts_details_mrd,2022,56.435
zwe,sex_t,age_aggregate_y15_24,mts_details_mrd,2023,61.841
zwe,sex_t,age_aggregate_y15_24,mts_details_sep,2011,90.908
zwe,sex_t,age_aggregate_y15_24,mts_details_sep,2014,90.53
zwe,sex_t,age_aggregate_y15_24,mts_details_sep,2019,60.648
zwe,sex_t,age_aggregate_y15_24,mts_details_sep,2021,67.117
zwe,sex_t,age_aggregate_y15_24,mts_details_sep,2022,66.855
zwe,sex_t,age_aggregate_y15_24,mts_details_sep,2023,70.912
zwe,sex_t,age_aggregate_y15_24,mts_details_sgle,2011,69.26
zwe,sex_t,age_aggregate_y15_24,mts_details_sgle,2014,72.68
zwe,sex_t,age_aggregate_y15_24,mts_details_sgle,2019,46.925
zwe,sex_t,age_aggregate_y15_24,mts_details_sgle,2021,45.379
zwe,sex_t,age_aggregate_y15_24,mts_details_sgle,2022,39.946
zwe,sex_t,age_aggregate_y15_24,mts_details_sgle,2023,43.865
zwe,sex_t,age_aggregate_y15_24,mts_details_total,2011,72.651
zwe,sex_t,age_aggregate_y15_24,mts_details_total,2014,75.418
zwe,sex_t,age_aggregate_y15_24,mts_details_total,2019,50.073
zwe,sex_t,age_aggregate_y15_24,mts_details_total,2021,48.886
zwe,sex_t,age_aggregate_y15_24,mts_details_total,2022,45.675
zwe,sex_t,age_aggregate_y15_24,mts_details_total,2023,48.361
zwe,sex_t,age_aggregate_y15_24,mts_details_wid,2011,91.346
zwe,sex_t,age_aggregate_y15_24,mts_details_wid,2014,100
zwe,sex_t,age_aggregate_y15_24,mts_details_wid,2021,49.73
zwe,sex_t,age_aggregate_y15_24,mts_details_wid,2022,56.595
zwe,sex_t,age_aggregate_y15_24,mts_details_wid,2023,63.165
zwe,sex_t,age_aggregate_y15_24,mts_details_x,2011,68.717
zwe,sex_t,age_aggregate_y15_24,mts_details_x,2014,70.992
zwe,sex_t,age_aggregate_y15_24,mts_details_x,2022,49.749
zwe,sex_t,age_aggregate_y15_24,mts_details_x,2023,47.326
zwe,sex_t,age_aggregate_y25_54,mts_aggregate_1,2011,88.948
zwe,sex_t,age_aggregate_y25_54,mts_aggregate_1,2014,89.163
zwe,sex_t,age_aggregate_y25_54,mts_aggregate_1,2019,75.953
zwe,sex_t,age_aggregate_y25_54,mts_aggregate_1,2021,76.049
zwe,sex_t,age_aggregate_y25_54,mts_aggregate_1,2022,75.798
zwe,sex_t,age_aggregate_y25_54,mts_aggregate_1,2023,78.737
zwe,sex_t,age_aggregate_y25_54,mts_aggregate_2,2011,90.846
zwe,sex_t,age_aggregate_y25_54,mts_aggregate_2,2014,91.619
zwe,sex_t,age_aggregate_y25_54,mts_aggregate_2,2019,79.38
zwe,sex_t,age_aggregate_y25_54,mts_aggregate_2,2021,78.41
zwe,sex_t,age_aggregate_y25_54,mts_aggregate_2,2022,77.626
zwe,sex_t,age_aggregate_y25_54,mts_aggregate_2,2023,80.253
zwe,sex_t,age_aggregate_y25_54,mts_aggregate_total,2011,90.377
zwe,sex_t,age_aggregate_y25_54,mts_aggregate_total,2014,91.072
zwe,sex_t,age_aggregate_y25_54,mts_aggregate_total,2019,78.558
zwe,sex_t,age_aggregate_y25_54,mts_aggregate_total,2021,77.824
zwe,sex_t,age_aggregate_y25_54,mts_aggregate_total,2022,78.394
zwe,sex_t,age_aggregate_y25_54,mts_aggregate_total,2023,79.974
zwe,sex_t,age_aggregate_y25_54,mts_aggregate_x,2011,73.667
zwe,sex_t,age_aggregate_y25_54,mts_aggregate_x,2014,89.759
zwe,sex_t,age_aggregate_y25_54,mts_aggregate_x,2022,82.01
zwe,sex_t,age_aggregate_y25_54,mts_aggregate_x,2023,80.244
zwe,sex_t,age_aggregate_y25_54,mts_details_mrd,2011,90.846
zwe,sex_t,age_aggregate_y25_54,mts_details_mrd,2014,91.619
zwe,sex_t,age_aggregate_y25_54,mts_details_mrd,2019,79.38
zwe,sex_t,age_aggregate_y25_54,mts_details_mrd,2021,78.41
zwe,sex_t,age_aggregate_y25_54,mts_details_mrd,2022,77.626
zwe,sex_t,age_aggregate_y25_54,mts_details_mrd,2023,80.253
zwe,sex_t,age_aggregate_y25_54,mts_details_sep,2011,89.93
zwe,sex_t,age_aggregate_y25_54,mts_details_sep,2014,91.599
zwe,sex_t,age_aggregate_y25_54,mts_details_sep,2019,77.103
zwe,sex_t,age_aggregate_y25_54,mts_details_sep,2021,79.128
zwe,sex_t,age_aggregate_y25_54,mts_details_sep,2022,80.295
zwe,sex_t,age_aggregate_y25_54,mts_details_sep,2023,81.632
zwe,sex_t,age_aggregate_y25_54,mts_details_sgle,2011,86.872
zwe,sex_t,age_aggregate_y25_54,mts_details_sgle,2014,84.724
zwe,sex_t,age_aggregate_y25_54,mts_details_sgle,2019,73.534
zwe,sex_t,age_aggregate_y25_54,mts_details_sgle,2021,72.7
zwe,sex_t,age_aggregate_y25_54,mts_details_sgle,2022,71.899
zwe,sex_t,age_aggregate_y25_54,mts_details_sgle,2023,75.108
zwe,sex_t,age_aggregate_y25_54,mts_details_total,2011,90.377
zwe,sex_t,age_aggregate_y25_54,mts_details_total,2014,91.072
zwe,sex_t,age_aggregate_y25_54,mts_details_total,2019,78.558
zwe,sex_t,age_aggregate_y25_54,mts_details_total,2021,77.824
zwe,sex_t,age_aggregate_y25_54,mts_details_total,2022,78.394
zwe,sex_t,age_aggregate_y25_54,mts_details_total,2023,79.974
zwe,sex_t,age_aggregate_y25_54,mts_details_wid,2011,90.365
zwe,sex_t,age_aggregate_y25_54,mts_details_wid,2014,91.915
zwe,sex_t,age_aggregate_y25_54,mts_details_wid,2019,78.392
zwe,sex_t,age_aggregate_y25_54,mts_details_wid,2021,77.438
zwe,sex_t,age_aggregate_y25_54,mts_details_wid,2022,74.339
zwe,sex_t,age_aggregate_y25_54,mts_details_wid,2023,80.538
zwe,sex_t,age_aggregate_y25_54,mts_details_x,2011,73.667
zwe,sex_t,age_aggregate_y25_54,mts_details_x,2014,89.759
zwe,sex_t,age_aggregate_y25_54,mts_details_x,2022,82.01
zwe,sex_t,age_aggregate_y25_54,mts_details_x,2023,80.244
zwe,sex_t,age_aggregate_y55_64,mts_aggregate_1,2011,83.025
zwe,sex_t,age_aggregate_y55_64,mts_aggregate_1,2014,87.134
zwe,sex_t,age_aggregate_y55_64,mts_aggregate_1,2019,68.137
zwe,sex_t,age_aggregate_y55_64,mts_aggregate_1,2021,66.237
zwe,sex_t,age_aggregate_y55_64,mts_aggregate_1,2022,67.244
zwe,sex_t,age_aggregate_y55_64,mts_aggregate_1,2023,67.078
zwe,sex_t,age_aggregate_y55_64,mts_aggregate_2,2011,90.928
zwe,sex_t,age_aggregate_y55_64,mts_aggregate_2,2014,92.163
zwe,sex_t,age_aggregate_y55_64,mts_aggregate_2,2019,73.199
zwe,sex_t,age_aggregate_y55_64,mts_aggregate_2,2021,73.019
zwe,sex_t,age_aggregate_y55_64,mts_aggregate_2,2022,71.456
zwe,sex_t,age_aggregate_y55_64,mts_aggregate_2,2023,74.229
zwe,sex_t,age_aggregate_y55_64,mts_aggregate_total,2011,88.107
zwe,sex_t,age_aggregate_y55_64,mts_aggregate_total,2014,90.43
zwe,sex_t,age_aggregate_y55_64,mts_aggregate_total,2019,71.389
zwe,sex_t,age_aggregate_y55_64,mts_aggregate_total,2021,70.552
zwe,sex_t,age_aggregate_y55_64,mts_aggregate_total,2022,71.645
zwe,sex_t,age_aggregate_y55_64,mts_aggregate_total,2023,72.978
zwe,sex_t,age_aggregate_y55_64,mts_aggregate_x,2022,76.346
zwe,sex_t,age_aggregate_y55_64,mts_aggregate_x,2023,76.309
zwe,sex_t,age_aggregate_y55_64,mts_details_mrd,2011,90.928
zwe,sex_t,age_aggregate_y55_64,mts_details_mrd,2014,92.163
zwe,sex_t,age_aggregate_y55_64,mts_details_mrd,2019,73.199
zwe,sex_t,age_aggregate_y55_64,mts_details_mrd,2021,73.019
zwe,sex_t,age_aggregate_y55_64,mts_details_mrd,2022,71.456
zwe,sex_t,age_aggregate_y55_64,mts_details_mrd,2023,74.229
zwe,sex_t,age_aggregate_y55_64,mts_details_sep,2011,81.64
zwe,sex_t,age_aggregate_y55_64,mts_details_sep,2014,85.085
zwe,sex_t,age_aggregate_y55_64,mts_details_sep,2019,70.588
zwe,sex_t,age_aggregate_y55_64,mts_details_sep,2021,69.872
zwe,sex_t,age_aggregate_y55_64,mts_details_sep,2022,67.656
zwe,sex_t,age_aggregate_y55_64,mts_details_sep,2023,67.811
zwe,sex_t,age_aggregate_y55_64,mts_details_sgle,2011,81.792
zwe,sex_t,age_aggregate_y55_64,mts_details_sgle,2014,84.719
zwe,sex_t,age_aggregate_y55_64,mts_details_sgle,2019,63.276
zwe,sex_t,age_aggregate_y55_64,mts_details_sgle,2021,62.513
zwe,sex_t,age_aggregate_y55_64,mts_details_sgle,2022,53.997
zwe,sex_t,age_aggregate_y55_64,mts_details_sgle,2023,63.604
zwe,sex_t,age_aggregate_y55_64,mts_details_total,2011,88.107
zwe,sex_t,age_aggregate_y55_64,mts_details_total,2014,90.43
zwe,sex_t,age_aggregate_y55_64,mts_details_total,2019,71.389
zwe,sex_t,age_aggregate_y55_64,mts_details_total,2021,70.552
zwe,sex_t,age_aggregate_y55_64,mts_details_total,2022,71.645
zwe,sex_t,age_aggregate_y55_64,mts_details_total,2023,72.978
zwe,sex_t,age_aggregate_y55_64,mts_details_wid,2011,83.309
zwe,sex_t,age_aggregate_y55_64,mts_details_wid,2014,87.634
zwe,sex_t,age_aggregate_y55_64,mts_details_wid,2019,67.87
zwe,sex_t,age_aggregate_y55_64,mts_details_wid,2021,65.622
zwe,sex_t,age_aggregate_y55_64,mts_details_wid,2022,68.229
zwe,sex_t,age_aggregate_y55_64,mts_details_wid,2023,67.177
zwe,sex_t,age_aggregate_y55_64,mts_details_x,2022,76.346
zwe,sex_t,age_aggregate_y55_64,mts_details_x,2023,76.309
zwe,sex_t,age_aggregate_yge65,mts_aggregate_1,2011,59.769
zwe,sex_t,age_aggregate_yge65,mts_aggregate_1,2014,63.556
zwe,sex_t,age_aggregate_yge65,mts_aggregate_1,2019,39.295
zwe,sex_t,age_aggregate_yge65,mts_aggregate_1,2021,37
zwe,sex_t,age_aggregate_yge65,mts_aggregate_1,2022,37.888
zwe,sex_t,age_aggregate_yge65,mts_aggregate_1,2023,47.219
zwe,sex_t,age_aggregate_yge65,mts_aggregate_2,2011,74.454
zwe,sex_t,age_aggregate_yge65,mts_aggregate_2,2014,83.575
zwe,sex_t,age_aggregate_yge65,mts_aggregate_2,2019,55.171
zwe,sex_t,age_aggregate_yge65,mts_aggregate_2,2021,55.938
zwe,sex_t,age_aggregate_yge65,mts_aggregate_2,2022,52.399
zwe,sex_t,age_aggregate_yge65,mts_aggregate_2,2023,59.973
zwe,sex_t,age_aggregate_yge65,mts_aggregate_total,2011,67.193
zwe,sex_t,age_aggregate_yge65,mts_aggregate_total,2014,73.944
zwe,sex_t,age_aggregate_yge65,mts_aggregate_total,2019,47.345
zwe,sex_t,age_aggregate_yge65,mts_aggregate_total,2021,46.138
zwe,sex_t,age_aggregate_yge65,mts_aggregate_total,2022,48.029
zwe,sex_t,age_aggregate_yge65,mts_aggregate_total,2023,54.245
zwe,sex_t,age_aggregate_yge65,mts_aggregate_x,2022,57.238
zwe,sex_t,age_aggregate_yge65,mts_aggregate_x,2023,55.605
zwe,sex_t,age_aggregate_yge65,mts_details_mrd,2011,74.454
zwe,sex_t,age_aggregate_yge65,mts_details_mrd,2014,83.575
zwe,sex_t,age_aggregate_yge65,mts_details_mrd,2019,55.171
zwe,sex_t,age_aggregate_yge65,mts_details_mrd,2021,55.938
zwe,sex_t,age_aggregate_yge65,mts_details_mrd,2022,52.399
zwe,sex_t,age_aggregate_yge65,mts_details_mrd,2023,59.973
zwe,sex_t,age_aggregate_yge65,mts_details_sep,2011,67.761
zwe,sex_t,age_aggregate_yge65,mts_details_sep,2014,77.845
zwe,sex_t,age_aggregate_yge65,mts_details_sep,2019,40.831
zwe,sex_t,age_aggregate_yge65,mts_details_sep,2021,44.384
zwe,sex_t,age_aggregate_yge65,mts_details_sep,2022,38.942
zwe,sex_t,age_aggregate_yge65,mts_details_sep,2023,45.918
zwe,sex_t,age_aggregate_yge65,mts_details_sgle,2011,59.117
zwe,sex_t,age_aggregate_yge65,mts_details_sgle,2014,56.165
zwe,sex_t,age_aggregate_yge65,mts_details_sgle,2019,42.196
zwe,sex_t,age_aggregate_yge65,mts_details_sgle,2021,37.16
zwe,sex_t,age_aggregate_yge65,mts_details_sgle,2022,44.133
zwe,sex_t,age_aggregate_yge65,mts_details_sgle,2023,38.367
zwe,sex_t,age_aggregate_yge65,mts_details_total,2011,67.193
zwe,sex_t,age_aggregate_yge65,mts_details_total,2014,73.944
zwe,sex_t,age_aggregate_yge65,mts_details_total,2019,47.345
zwe,sex_t,age_aggregate_yge65,mts_details_total,2021,46.138
zwe,sex_t,age_aggregate_yge65,mts_details_total,2022,48.029
zwe,sex_t,age_aggregate_yge65,mts_details_total,2023,54.245
zwe,sex_t,age_aggregate_yge65,mts_details_wid,2011,59.178
zwe,sex_t,age_aggregate_yge65,mts_details_wid,2014,62.125
zwe,sex_t,age_aggregate_yge65,mts_details_wid,2019,39.095
zwe,sex_t,age_aggregate_yge65,mts_details_wid,2021,36.309
zwe,sex_t,age_aggregate_yge65,mts_details_wid,2022,37.66
zwe,sex_t,age_aggregate_yge65,mts_details_wid,2023,47.517
zwe,sex_t,age_aggregate_yge65,mts_details_x,2022,57.238
zwe,sex_t,age_aggregate_yge65,mts_details_x,2023,55.605
zwe,sex_t,age_ythadult_y15_24,mts_aggregate_1,2011,70.166
zwe,sex_t,age_ythadult_y15_24,mts_aggregate_1,2014,73.512
zwe,sex_t,age_ythadult_y15_24,mts_aggregate_1,2019,47.571
zwe,sex_t,age_ythadult_y15_24,mts_aggregate_1,2021,46.358
zwe,sex_t,age_ythadult_y15_24,mts_aggregate_1,2022,41.052
zwe,sex_t,age_ythadult_y15_24,mts_aggregate_1,2023,44.904
zwe,sex_t,age_ythadult_y15_24,mts_aggregate_2,2011,79.846
zwe,sex_t,age_ythadult_y15_24,mts_aggregate_2,2014,81.073
zwe,sex_t,age_ythadult_y15_24,mts_aggregate_2,2019,58.964
zwe,sex_t,age_ythadult_y15_24,mts_aggregate_2,2021,58.147
zwe,sex_t,age_ythadult_y15_24,mts_aggregate_2,2022,56.435
zwe,sex_t,age_ythadult_y15_24,mts_aggregate_2,2023,61.841
zwe,sex_t,age_ythadult_y15_24,mts_aggregate_total,2011,72.651
zwe,sex_t,age_ythadult_y15_24,mts_aggregate_total,2014,75.418
zwe,sex_t,age_ythadult_y15_24,mts_aggregate_total,2019,50.073
zwe,sex_t,age_ythadult_y15_24,mts_aggregate_total,2021,48.886
zwe,sex_t,age_ythadult_y15_24,mts_aggregate_total,2022,45.675
zwe,sex_t,age_ythadult_y15_24,mts_aggregate_total,2023,48.361
zwe,sex_t,age_ythadult_y15_24,mts_aggregate_x,2011,68.717
zwe,sex_t,age_ythadult_y15_24,mts_aggregate_x,2014,70.992
zwe,sex_t,age_ythadult_y15_24,mts_aggregate_x,2022,49.749
zwe,sex_t,age_ythadult_y15_24,mts_aggregate_x,2023,47.326
zwe,sex_t,age_ythadult_y15_24,mts_details_mrd,2011,79.846
zwe,sex_t,age_ythadult_y15_24,mts_details_mrd,2014,81.073
zwe,sex_t,age_ythadult_y15_24,mts_details_mrd,2019,58.964
zwe,sex_t,age_ythadult_y15_24,mts_details_mrd,2021,58.147
zwe,sex_t,age_ythadult_y15_24,mts_details_mrd,2022,56.435
zwe,sex_t,age_ythadult_y15_24,mts_details_mrd,2023,61.841
zwe,sex_t,age_ythadult_y15_24,mts_details_sep,2011,90.908
zwe,sex_t,age_ythadult_y15_24,mts_details_sep,2014,90.53
zwe,sex_t,age_ythadult_y15_24,mts_details_sep,2019,60.648
zwe,sex_t,age_ythadult_y15_24,mts_details_sep,2021,67.117
zwe,sex_t,age_ythadult_y15_24,mts_details_sep,2022,66.855
zwe,sex_t,age_ythadult_y15_24,mts_details_sep,2023,70.912
zwe,sex_t,age_ythadult_y15_24,mts_details_sgle,2011,69.26
zwe,sex_t,age_ythadult_y15_24,mts_details_sgle,2014,72.68
zwe,sex_t,age_ythadult_y15_24,mts_details_sgle,2019,46.925
zwe,sex_t,age_ythadult_y15_24,mts_details_sgle,2021,45.379
zwe,sex_t,age_ythadult_y15_24,mts_details_sgle,2022,39.946
zwe,sex_t,age_ythadult_y15_24,mts_details_sgle,2023,43.865
zwe,sex_t,age_ythadult_y15_24,mts_details_total,2011,72.651
zwe,sex_t,age_ythadult_y15_24,mts_details_total,2014,75.418
zwe,sex_t,age_ythadult_y15_24,mts_details_total,2019,50.073
zwe,sex_t,age_ythadult_y15_24,mts_details_total,2021,48.886
zwe,sex_t,age_ythadult_y15_24,mts_details_total,2022,45.675
zwe,sex_t,age_ythadult_y15_24,mts_details_total,2023,48.361
zwe,sex_t,age_ythadult_y15_24,mts_details_wid,2011,91.346
zwe,sex_t,age_ythadult_y15_24,mts_details_wid,2014,100
zwe,sex_t,age_ythadult_y15_24,mts_details_wid,2021,49.73
zwe,sex_t,age_ythadult_y15_24,mts_details_wid,2022,56.595
zwe,sex_t,age_ythadult_y15_24,mts_details_wid,2023,63.165
zwe,sex_t,age_ythadult_y15_24,mts_details_x,2011,68.717
zwe,sex_t,age_ythadult_y15_24,mts_details_x,2014,70.992
zwe,sex_t,age_ythadult_y15_24,mts_details_x,2022,49.749
zwe,sex_t,age_ythadult_y15_24,mts_details_x,2023,47.326
zwe,sex_t,age_ythadult_y15_64,mts_aggregate_1,2011,76.622
zwe,sex_t,age_ythadult_y15_64,mts_aggregate_1,2014,79.1
zwe,sex_t,age_ythadult_y15_64,mts_aggregate_1,2019,57.601
zwe,sex_t,age_ythadult_y15_64,mts_aggregate_1,2021,57.132
zwe,sex_t,age_ythadult_y15_64,mts_aggregate_1,2022,54.07
zwe,sex_t,age_ythadult_y15_64,mts_aggregate_1,2023,57.716
zwe,sex_t,age_ythadult_y15_64,mts_aggregate_2,2011,88.996
zwe,sex_t,age_ythadult_y15_64,mts_aggregate_2,2014,90.028
zwe,sex_t,age_ythadult_y15_64,mts_aggregate_2,2019,75.924
zwe,sex_t,age_ythadult_y15_64,mts_aggregate_2,2021,75.199
zwe,sex_t,age_ythadult_y15_64,mts_aggregate_2,2022,74.441
zwe,sex_t,age_ythadult_y15_64,mts_aggregate_2,2023,77.331
zwe,sex_t,age_ythadult_y15_64,mts_aggregate_total,2011,83.614
zwe,sex_t,age_ythadult_y15_64,mts_aggregate_total,2014,85.438
zwe,sex_t,age_ythadult_y15_64,mts_aggregate_total,2019,67.827
zwe,sex_t,age_ythadult_y15_64,mts_aggregate_total,2021,67.167
zwe,sex_t,age_ythadult_y15_64,mts_aggregate_total,2022,66.878
zwe,sex_t,age_ythadult_y15_64,mts_aggregate_total,2023,69.062
zwe,sex_t,age_ythadult_y15_64,mts_aggregate_x,2011,69.32
zwe,sex_t,age_ythadult_y15_64,mts_aggregate_x,2014,77.997
zwe,sex_t,age_ythadult_y15_64,mts_aggregate_x,2022,70.53
zwe,sex_t,age_ythadult_y15_64,mts_aggregate_x,2023,69.342
zwe,sex_t,age_ythadult_y15_64,mts_details_mrd,2011,88.996
zwe,sex_t,age_ythadult_y15_64,mts_details_mrd,2014,90.028
zwe,sex_t,age_ythadult_y15_64,mts_details_mrd,2019,75.924
zwe,sex_t,age_ythadult_y15_64,mts_details_mrd,2021,75.199
zwe,sex_t,age_ythadult_y15_64,mts_details_mrd,2022,74.441
zwe,sex_t,age_ythadult_y15_64,mts_details_mrd,2023,77.331
zwe,sex_t,age_ythadult_y15_64,mts_details_sep,2011,89.505
zwe,sex_t,age_ythadult_y15_64,mts_details_sep,2014,90.881
zwe,sex_t,age_ythadult_y15_64,mts_details_sep,2019,73.507
zwe,sex_t,age_ythadult_y15_64,mts_details_sep,2021,76.466
zwe,sex_t,age_ythadult_y15_64,mts_details_sep,2022,77.553
zwe,sex_t,age_ythadult_y15_64,mts_details_sep,2023,79.303
zwe,sex_t,age_ythadult_y15_64,mts_details_sgle,2011,72.002
zwe,sex_t,age_ythadult_y15_64,mts_details_sgle,2014,74.558
zwe,sex_t,age_ythadult_y15_64,mts_details_sgle,2019,51.493
zwe,sex_t,age_ythadult_y15_64,mts_details_sgle,2021,50.676
zwe,sex_t,age_ythadult_y15_64,mts_details_sgle,2022,46.053
zwe,sex_t,age_ythadult_y15_64,mts_details_sgle,2023,50.057
zwe,sex_t,age_ythadult_y15_64,mts_details_total,2011,83.614
zwe,sex_t,age_ythadult_y15_64,mts_details_total,2014,85.438
zwe,sex_t,age_ythadult_y15_64,mts_details_total,2019,67.827
zwe,sex_t,age_ythadult_y15_64,mts_details_total,2021,67.167
zwe,sex_t,age_ythadult_y15_64,mts_details_total,2022,66.878
zwe,sex_t,age_ythadult_y15_64,mts_details_total,2023,69.062
zwe,sex_t,age_ythadult_y15_64,mts_details_wid,2011,88.061
zwe,sex_t,age_ythadult_y15_64,mts_details_wid,2014,90.404
zwe,sex_t,age_ythadult_y15_64,mts_details_wid,2019,73.529
zwe,sex_t,age_ythadult_y15_64,mts_details_wid,2021,71.743
zwe,sex_t,age_ythadult_y15_64,mts_details_wid,2022,71.5
zwe,sex_t,age_ythadult_y15_64,mts_details_wid,2023,74.57
zwe,sex_t,age_ythadult_y15_64,mts_details_x,2011,69.32
zwe,sex_t,age_ythadult_y15_64,mts_details_x,2014,77.997
zwe,sex_t,age_ythadult_y15_64,mts_details_x,2022,70.53
zwe,sex_t,age_ythadult_y15_64,mts_details_x,2023,69.342
zwe,sex_t,age_ythadult_yge15,mts_aggregate_1,2011,75.233
zwe,sex_t,age_ythadult_yge15,mts_aggregate_1,2014,77.704
zwe,sex_t,age_ythadult_yge15,mts_aggregate_1,2019,55.597
zwe,sex_t,age_ythadult_yge15,mts_aggregate_1,2021,55.187
zwe,sex_t,age_ythadult_yge15,mts_aggregate_1,2022,52.409
zwe,sex_t,age_ythadult_yge15,mts_aggregate_1,2023,56.704
zwe,sex_t,age_ythadult_yge15,mts_aggregate_2,2011,87.996
zwe,sex_t,age_ythadult_yge15,mts_aggregate_2,2014,89.562
zwe,sex_t,age_ythadult_yge15,mts_aggregate_2,2019,74.036
zwe,sex_t,age_ythadult_yge15,mts_aggregate_2,2021,73.775
zwe,sex_t,age_ythadult_yge15,mts_aggregate_2,2022,72.687
zwe,sex_t,age_ythadult_yge15,mts_aggregate_2,2023,75.986
zwe,sex_t,age_ythadult_yge15,mts_aggregate_total,2011,82.383
zwe,sex_t,age_ythadult_yge15,mts_aggregate_total,2014,84.522
zwe,sex_t,age_ythadult_yge15,mts_aggregate_total,2019,65.795
zwe,sex_t,age_ythadult_yge15,mts_aggregate_total,2021,65.397
zwe,sex_t,age_ythadult_yge15,mts_aggregate_total,2022,65.214
zwe,sex_t,age_ythadult_yge15,mts_aggregate_total,2023,67.786
zwe,sex_t,age_ythadult_yge15,mts_aggregate_x,2011,63.153
zwe,sex_t,age_ythadult_yge15,mts_aggregate_x,2014,73.996
zwe,sex_t,age_ythadult_yge15,mts_aggregate_x,2022,69.411
zwe,sex_t,age_ythadult_yge15,mts_aggregate_x,2023,68.135
zwe,sex_t,age_ythadult_yge15,mts_details_mrd,2011,87.996
zwe,sex_t,age_ythadult_yge15,mts_details_mrd,2014,89.562
zwe,sex_t,age_ythadult_yge15,mts_details_mrd,2019,74.036
zwe,sex_t,age_ythadult_yge15,mts_details_mrd,2021,73.775
zwe,sex_t,age_ythadult_yge15,mts_details_mrd,2022,72.687
zwe,sex_t,age_ythadult_yge15,mts_details_mrd,2023,75.986
zwe,sex_t,age_ythadult_yge15,mts_details_sep,2011,88.431
zwe,sex_t,age_ythadult_yge15,mts_details_sep,2014,90.04
zwe,sex_t,age_ythadult_yge15,mts_details_sep,2019,71.926
zwe,sex_t,age_ythadult_yge15,mts_details_sep,2021,74.861
zwe,sex_t,age_ythadult_yge15,mts_details_sep,2022,76.12
zwe,sex_t,age_ythadult_yge15,mts_details_sep,2023,77.572
zwe,sex_t,age_ythadult_yge15,mts_details_sgle,2011,71.968
zwe,sex_t,age_ythadult_yge15,mts_details_sgle,2014,74.52
zwe,sex_t,age_ythadult_yge15,mts_details_sgle,2019,51.45
zwe,sex_t,age_ythadult_yge15,mts_details_sgle,2021,50.616
zwe,sex_t,age_ythadult_yge15,mts_details_sgle,2022,46.046
zwe,sex_t,age_ythadult_yge15,mts_details_sgle,2023,50.028
zwe,sex_t,age_ythadult_yge15,mts_details_total,2011,82.383
zwe,sex_t,age_ythadult_yge15,mts_details_total,2014,84.522
zwe,sex_t,age_ythadult_yge15,mts_details_total,2019,65.795
zwe,sex_t,age_ythadult_yge15,mts_details_total,2021,65.397
zwe,sex_t,age_ythadult_yge15,mts_details_total,2022,65.214
zwe,sex_t,age_ythadult_yge15,mts_details_total,2023,67.786
zwe,sex_t,age_ythadult_yge15,mts_details_wid,2011,78.19
zwe,sex_t,age_ythadult_yge15,mts_details_wid,2014,79.702
zwe,sex_t,age_ythadult_yge15,mts_details_wid,2019,56.747
zwe,sex_t,age_ythadult_yge15,mts_details_wid,2021,54.651
zwe,sex_t,age_ythadult_yge15,mts_details_wid,2022,54.238
zwe,sex_t,age_ythadult_yge15,mts_details_wid,2023,61.586
zwe,sex_t,age_ythadult_yge15,mts_details_x,2011,63.153
zwe,sex_t,age_ythadult_yge15,mts_details_x,2014,73.996
zwe,sex_t,age_ythadult_yge15,mts_details_x,2022,69.411
zwe,sex_t,age_ythadult_yge15,mts_details_x,2023,68.135
zwe,sex_t,age_ythadult_yge25,mts_aggregate_1,2011,82.348
zwe,sex_t,age_ythadult_yge25,mts_aggregate_1,2014,83.429
zwe,sex_t,age_ythadult_yge25,mts_aggregate_1,2019,65.775
zwe,sex_t,age_ythadult_yge25,mts_aggregate_1,2021,66.262
zwe,sex_t,age_ythadult_yge25,mts_aggregate_1,2022,66.18
zwe,sex_t,age_ythadult_yge25,mts_aggregate_1,2023,70.686
zwe,sex_t,age_ythadult_yge25,mts_aggregate_2,2011,89.516
zwe,sex_t,age_ythadult_yge25,mts_aggregate_2,2014,90.994
zwe,sex_t,age_ythadult_yge25,mts_aggregate_2,2019,76.232
zwe,sex_t,age_ythadult_yge25,mts_aggregate_2,2021,76.001
zwe,sex_t,age_ythadult_yge25,mts_aggregate_2,2022,74.746
zwe,sex_t,age_ythadult_yge25,mts_aggregate_2,2023,77.891
zwe,sex_t,age_ythadult_yge25,mts_aggregate_total,2011,87.481
zwe,sex_t,age_ythadult_yge25,mts_aggregate_total,2014,88.969
zwe,sex_t,age_ythadult_yge25,mts_aggregate_total,2019,73.201
zwe,sex_t,age_ythadult_yge25,mts_aggregate_total,2021,73.141
zwe,sex_t,age_ythadult_yge25,mts_aggregate_total,2022,73.826
zwe,sex_t,age_ythadult_yge25,mts_aggregate_total,2023,76.087
zwe,sex_t,age_ythadult_yge25,mts_aggregate_x,2011,57.029
zwe,sex_t,age_ythadult_yge25,mts_aggregate_x,2014,78.57
zwe,sex_t,age_ythadult_yge25,mts_aggregate_x,2022,78.391
zwe,sex_t,age_ythadult_yge25,mts_aggregate_x,2023,76.776
zwe,sex_t,age_ythadult_yge25,mts_details_mrd,2011,89.516
zwe,sex_t,age_ythadult_yge25,mts_details_mrd,2014,90.994
zwe,sex_t,age_ythadult_yge25,mts_details_mrd,2019,76.232
zwe,sex_t,age_ythadult_yge25,mts_details_mrd,2021,76.001
zwe,sex_t,age_ythadult_yge25,mts_details_mrd,2022,74.746
zwe,sex_t,age_ythadult_yge25,mts_details_mrd,2023,77.891
zwe,sex_t,age_ythadult_yge25,mts_details_sep,2011,87.832
zwe,sex_t,age_ythadult_yge25,mts_details_sep,2014,89.932
zwe,sex_t,age_ythadult_yge25,mts_details_sep,2019,74.336
zwe,sex_t,age_ythadult_yge25,mts_details_sep,2021,76.302
zwe,sex_t,age_ythadult_yge25,mts_details_sep,2022,77.583
zwe,sex_t,age_ythadult_yge25,mts_details_sep,2023,78.511
zwe,sex_t,age_ythadult_yge25,mts_details_sgle,2011,86.331
zwe,sex_t,age_ythadult_yge25,mts_details_sgle,2014,84.35
zwe,sex_t,age_ythadult_yge25,mts_details_sgle,2019,72.388
zwe,sex_t,age_ythadult_yge25,mts_details_sgle,2021,71.623
zwe,sex_t,age_ythadult_yge25,mts_details_sgle,2022,70.921
zwe,sex_t,age_ythadult_yge25,mts_details_sgle,2023,74.357
zwe,sex_t,age_ythadult_yge25,mts_details_total,2011,87.481
zwe,sex_t,age_ythadult_yge25,mts_details_total,2014,88.969
zwe,sex_t,age_ythadult_yge25,mts_details_total,2019,73.201
zwe,sex_t,age_ythadult_yge25,mts_details_total,2021,73.141
zwe,sex_t,age_ythadult_yge25,mts_details_total,2022,73.826
zwe,sex_t,age_ythadult_yge25,mts_details_total,2023,76.087
zwe,sex_t,age_ythadult_yge25,mts_details_wid,2011,78.074
zwe,sex_t,age_ythadult_yge25,mts_details_wid,2014,79.546
zwe,sex_t,age_ythadult_yge25,mts_details_wid,2019,56.802
zwe,sex_t,age_ythadult_yge25,mts_details_wid,2021,54.664
zwe,sex_t,age_ythadult_yge25,mts_details_wid,2022,54.227
zwe,sex_t,age_ythadult_yge25,mts_details_wid,2023,61.584
zwe,sex_t,age_ythadult_yge25,mts_details_x,2011,57.029
zwe,sex_t,age_ythadult_yge25,mts_details_x,2014,78.57
zwe,sex_t,age_ythadult_yge25,mts_details_x,2022,78.391
zwe,sex_t,age_ythadult_yge25,mts_details_x,2023,76.776
