ref_area,sex,classif1,classif2,time,emp_2emp_sex_geo_eco_dt
ben,sex_f,geo_cov_nat,eco_sector_agr,2005,39.21
ben,sex_f,geo_cov_nat,eco_sector_agr,2006,38.711
ben,sex_f,geo_cov_nat,eco_sector_agr,2007,38.06
ben,sex_f,geo_cov_nat,eco_sector_agr,2008,37.474
ben,sex_f,geo_cov_nat,eco_sector_agr,2009,37.112
ben,sex_f,geo_cov_nat,eco_sector_agr,2010,36.78
ben,sex_f,geo_cov_nat,eco_sector_agr,2011,36.118
ben,sex_f,geo_cov_nat,eco_sector_agr,2012,35.424
ben,sex_f,geo_cov_nat,eco_sector_agr,2013,34.542
ben,sex_f,geo_cov_nat,eco_sector_agr,2014,33.738
ben,sex_f,geo_cov_nat,eco_sector_agr,2015,33.291
ben,sex_f,geo_cov_nat,eco_sector_agr,2016,32.58
ben,sex_f,geo_cov_nat,eco_sector_agr,2017,31.827
ben,sex_f,geo_cov_nat,eco_sector_agr,2018,30.968
ben,sex_f,geo_cov_nat,eco_sector_agr,2019,30.236
ben,sex_f,geo_cov_nat,eco_sector_agr,2020,29.573
ben,sex_f,geo_cov_nat,eco_sector_agr,2021,28.971
ben,sex_f,geo_cov_nat,eco_sector_agr,2022,28.433
ben,sex_f,geo_cov_nat,eco_sector_agr,2023,27.954
ben,sex_f,geo_cov_nat,eco_sector_agr,2024,27.522
ben,sex_f,geo_cov_nat,eco_sector_ind,2005,19.002
ben,sex_f,geo_cov_nat,eco_sector_ind,2006,18.74
ben,sex_f,geo_cov_nat,eco_sector_ind,2007,18.504
ben,sex_f,geo_cov_nat,eco_sector_ind,2008,18.21
ben,sex_f,geo_cov_nat,eco_sector_ind,2009,17.897
ben,sex_f,geo_cov_nat,eco_sector_ind,2010,17.555
ben,sex_f,geo_cov_nat,eco_sector_ind,2011,17.272
ben,sex_f,geo_cov_nat,eco_sector_ind,2012,17.081
ben,sex_f,geo_cov_nat,eco_sector_ind,2013,17.044
ben,sex_f,geo_cov_nat,eco_sector_ind,2014,16.966
ben,sex_f,geo_cov_nat,eco_sector_ind,2015,16.78
ben,sex_f,geo_cov_nat,eco_sector_ind,2016,16.664
ben,sex_f,geo_cov_nat,eco_sector_ind,2017,16.617
ben,sex_f,geo_cov_nat,eco_sector_ind,2018,16.583
ben,sex_f,geo_cov_nat,eco_sector_ind,2019,16.529
ben,sex_f,geo_cov_nat,eco_sector_ind,2020,16.485
ben,sex_f,geo_cov_nat,eco_sector_ind,2021,16.45
ben,sex_f,geo_cov_nat,eco_sector_ind,2022,16.419
ben,sex_f,geo_cov_nat,eco_sector_ind,2023,16.39
ben,sex_f,geo_cov_nat,eco_sector_ind,2024,16.364
ben,sex_f,geo_cov_nat,eco_sector_ser,2005,41.788
ben,sex_f,geo_cov_nat,eco_sector_ser,2006,42.549
ben,sex_f,geo_cov_nat,eco_sector_ser,2007,43.436
ben,sex_f,geo_cov_nat,eco_sector_ser,2008,44.317
ben,sex_f,geo_cov_nat,eco_sector_ser,2009,44.991
ben,sex_f,geo_cov_nat,eco_sector_ser,2010,45.666
ben,sex_f,geo_cov_nat,eco_sector_ser,2011,46.61
ben,sex_f,geo_cov_nat,eco_sector_ser,2012,47.495
ben,sex_f,geo_cov_nat,eco_sector_ser,2013,48.413
ben,sex_f,geo_cov_nat,eco_sector_ser,2014,49.295
ben,sex_f,geo_cov_nat,eco_sector_ser,2015,49.929
ben,sex_f,geo_cov_nat,eco_sector_ser,2016,50.756
ben,sex_f,geo_cov_nat,eco_sector_ser,2017,51.556
ben,sex_f,geo_cov_nat,eco_sector_ser,2018,52.45
ben,sex_f,geo_cov_nat,eco_sector_ser,2019,53.235
ben,sex_f,geo_cov_nat,eco_sector_ser,2020,53.942
ben,sex_f,geo_cov_nat,eco_sector_ser,2021,54.579
ben,sex_f,geo_cov_nat,eco_sector_ser,2022,55.148
ben,sex_f,geo_cov_nat,eco_sector_ser,2023,55.656
ben,sex_f,geo_cov_nat,eco_sector_ser,2024,56.114
ben,sex_f,geo_cov_nat,eco_sector_total,2005,100
ben,sex_f,geo_cov_nat,eco_sector_total,2006,100
ben,sex_f,geo_cov_nat,eco_sector_total,2007,100
ben,sex_f,geo_cov_nat,eco_sector_total,2008,100
ben,sex_f,geo_cov_nat,eco_sector_total,2009,100
ben,sex_f,geo_cov_nat,eco_sector_total,2010,100
ben,sex_f,geo_cov_nat,eco_sector_total,2011,100
ben,sex_f,geo_cov_nat,eco_sector_total,2012,100
ben,sex_f,geo_cov_nat,eco_sector_total,2013,100
ben,sex_f,geo_cov_nat,eco_sector_total,2014,100
ben,sex_f,geo_cov_nat,eco_sector_total,2015,100
ben,sex_f,geo_cov_nat,eco_sector_total,2016,100
ben,sex_f,geo_cov_nat,eco_sector_total,2017,100
ben,sex_f,geo_cov_nat,eco_sector_total,2018,100
ben,sex_f,geo_cov_nat,eco_sector_total,2019,100
ben,sex_f,geo_cov_nat,eco_sector_total,2020,100
ben,sex_f,geo_cov_nat,eco_sector_total,2021,100
ben,sex_f,geo_cov_nat,eco_sector_total,2022,100
ben,sex_f,geo_cov_nat,eco_sector_total,2023,100
ben,sex_f,geo_cov_nat,eco_sector_total,2024,100
ben,sex_f,geo_cov_rur,eco_sector_agr,2005,56.427
ben,sex_f,geo_cov_rur,eco_sector_agr,2006,55.454
ben,sex_f,geo_cov_rur,eco_sector_agr,2007,54.243
ben,sex_f,geo_cov_rur,eco_sector_agr,2008,53.154
ben,sex_f,geo_cov_rur,eco_sector_agr,2009,52.421
ben,sex_f,geo_cov_rur,eco_sector_agr,2010,51.747
ben,sex_f,geo_cov_rur,eco_sector_agr,2011,50.432
ben,sex_f,geo_cov_rur,eco_sector_agr,2012,49.479
ben,sex_f,geo_cov_rur,eco_sector_agr,2013,48.225
ben,sex_f,geo_cov_rur,eco_sector_agr,2014,47.102
ben,sex_f,geo_cov_rur,eco_sector_agr,2015,46.531
ben,sex_f,geo_cov_rur,eco_sector_agr,2016,45.545
ben,sex_f,geo_cov_rur,eco_sector_agr,2017,44.495
ben,sex_f,geo_cov_rur,eco_sector_agr,2018,43.281
ben,sex_f,geo_cov_rur,eco_sector_agr,2019,42.274
ben,sex_f,geo_cov_rur,eco_sector_agr,2020,41.37
ben,sex_f,geo_cov_rur,eco_sector_agr,2021,40.558
ben,sex_f,geo_cov_rur,eco_sector_agr,2022,39.839
ben,sex_f,geo_cov_rur,eco_sector_agr,2023,39.206
ben,sex_f,geo_cov_rur,eco_sector_agr,2024,38.636
ben,sex_f,geo_cov_rur,eco_sector_ind,2005,16.884
ben,sex_f,geo_cov_rur,eco_sector_ind,2006,16.845
ben,sex_f,geo_cov_rur,eco_sector_ind,2007,16.855
ben,sex_f,geo_cov_rur,eco_sector_ind,2008,16.784
ben,sex_f,geo_cov_rur,eco_sector_ind,2009,16.636
ben,sex_f,geo_cov_rur,eco_sector_ind,2010,16.446
ben,sex_f,geo_cov_rur,eco_sector_ind,2011,16.385
ben,sex_f,geo_cov_rur,eco_sector_ind,2012,16.34
ben,sex_f,geo_cov_rur,eco_sector_ind,2013,16.463
ben,sex_f,geo_cov_rur,eco_sector_ind,2014,16.53
ben,sex_f,geo_cov_rur,eco_sector_ind,2015,16.432
ben,sex_f,geo_cov_rur,eco_sector_ind,2016,16.442
ben,sex_f,geo_cov_rur,eco_sector_ind,2017,16.52
ben,sex_f,geo_cov_rur,eco_sector_ind,2018,16.624
ben,sex_f,geo_cov_rur,eco_sector_ind,2019,16.687
ben,sex_f,geo_cov_rur,eco_sector_ind,2020,16.745
ben,sex_f,geo_cov_rur,eco_sector_ind,2021,16.801
ben,sex_f,geo_cov_rur,eco_sector_ind,2022,16.849
ben,sex_f,geo_cov_rur,eco_sector_ind,2023,16.891
ben,sex_f,geo_cov_rur,eco_sector_ind,2024,16.928
ben,sex_f,geo_cov_rur,eco_sector_ser,2005,26.689
ben,sex_f,geo_cov_rur,eco_sector_ser,2006,27.7
ben,sex_f,geo_cov_rur,eco_sector_ser,2007,28.902
ben,sex_f,geo_cov_rur,eco_sector_ser,2008,30.062
ben,sex_f,geo_cov_rur,eco_sector_ser,2009,30.943
ben,sex_f,geo_cov_rur,eco_sector_ser,2010,31.807
ben,sex_f,geo_cov_rur,eco_sector_ser,2011,33.183
ben,sex_f,geo_cov_rur,eco_sector_ser,2012,34.181
ben,sex_f,geo_cov_rur,eco_sector_ser,2013,35.312
ben,sex_f,geo_cov_rur,eco_sector_ser,2014,36.368
ben,sex_f,geo_cov_rur,eco_sector_ser,2015,37.036
ben,sex_f,geo_cov_rur,eco_sector_ser,2016,38.013
ben,sex_f,geo_cov_rur,eco_sector_ser,2017,38.985
ben,sex_f,geo_cov_rur,eco_sector_ser,2018,40.095
ben,sex_f,geo_cov_rur,eco_sector_ser,2019,41.04
ben,sex_f,geo_cov_rur,eco_sector_ser,2020,41.885
ben,sex_f,geo_cov_rur,eco_sector_ser,2021,42.641
ben,sex_f,geo_cov_rur,eco_sector_ser,2022,43.311
ben,sex_f,geo_cov_rur,eco_sector_ser,2023,43.903
ben,sex_f,geo_cov_rur,eco_sector_ser,2024,44.436
ben,sex_f,geo_cov_rur,eco_sector_total,2005,100
ben,sex_f,geo_cov_rur,eco_sector_total,2006,100
ben,sex_f,geo_cov_rur,eco_sector_total,2007,100
ben,sex_f,geo_cov_rur,eco_sector_total,2008,100
ben,sex_f,geo_cov_rur,eco_sector_total,2009,100
ben,sex_f,geo_cov_rur,eco_sector_total,2010,100
ben,sex_f,geo_cov_rur,eco_sector_total,2011,100
ben,sex_f,geo_cov_rur,eco_sector_total,2012,100
ben,sex_f,geo_cov_rur,eco_sector_total,2013,100
ben,sex_f,geo_cov_rur,eco_sector_total,2014,100
ben,sex_f,geo_cov_rur,eco_sector_total,2015,100
ben,sex_f,geo_cov_rur,eco_sector_total,2016,100
ben,sex_f,geo_cov_rur,eco_sector_total,2017,100
ben,sex_f,geo_cov_rur,eco_sector_total,2018,100
ben,sex_f,geo_cov_rur,eco_sector_total,2019,100
ben,sex_f,geo_cov_rur,eco_sector_total,2020,100
ben,sex_f,geo_cov_rur,eco_sector_total,2021,100
ben,sex_f,geo_cov_rur,eco_sector_total,2022,100
ben,sex_f,geo_cov_rur,eco_sector_total,2023,100
ben,sex_f,geo_cov_rur,eco_sector_total,2024,100
ben,sex_f,geo_cov_urb,eco_sector_agr,2005,16.874
ben,sex_f,geo_cov_urb,eco_sector_agr,2006,16.729
ben,sex_f,geo_cov_urb,eco_sector_agr,2007,16.557
ben,sex_f,geo_cov_urb,eco_sector_agr,2008,16.381
ben,sex_f,geo_cov_urb,eco_sector_agr,2009,16.227
ben,sex_f,geo_cov_urb,eco_sector_agr,2010,16.077
ben,sex_f,geo_cov_urb,eco_sector_agr,2011,15.806
ben,sex_f,geo_cov_urb,eco_sector_agr,2012,15.711
ben,sex_f,geo_cov_urb,eco_sector_agr,2013,15.567
ben,sex_f,geo_cov_urb,eco_sector_agr,2014,15.424
ben,sex_f,geo_cov_urb,eco_sector_agr,2015,15.352
ben,sex_f,geo_cov_urb,eco_sector_agr,2016,15.205
ben,sex_f,geo_cov_urb,eco_sector_agr,2017,15.039
ben,sex_f,geo_cov_urb,eco_sector_agr,2018,14.828
ben,sex_f,geo_cov_urb,eco_sector_agr,2019,14.647
ben,sex_f,geo_cov_urb,eco_sector_agr,2020,14.478
ben,sex_f,geo_cov_urb,eco_sector_agr,2021,14.322
ben,sex_f,geo_cov_urb,eco_sector_agr,2022,14.181
ben,sex_f,geo_cov_urb,eco_sector_agr,2023,14.053
ben,sex_f,geo_cov_urb,eco_sector_agr,2024,13.936
ben,sex_f,geo_cov_urb,eco_sector_ind,2005,21.75
ben,sex_f,geo_cov_urb,eco_sector_ind,2006,21.227
ben,sex_f,geo_cov_urb,eco_sector_ind,2007,20.697
ben,sex_f,geo_cov_urb,eco_sector_ind,2008,20.127
ben,sex_f,geo_cov_urb,eco_sector_ind,2009,19.617
ben,sex_f,geo_cov_urb,eco_sector_ind,2010,19.088
ben,sex_f,geo_cov_urb,eco_sector_ind,2011,18.531
ben,sex_f,geo_cov_urb,eco_sector_ind,2012,18.12
ben,sex_f,geo_cov_urb,eco_sector_ind,2013,17.85
ben,sex_f,geo_cov_urb,eco_sector_ind,2014,17.564
ben,sex_f,geo_cov_urb,eco_sector_ind,2015,17.252
ben,sex_f,geo_cov_urb,eco_sector_ind,2016,16.96
ben,sex_f,geo_cov_urb,eco_sector_ind,2017,16.746
ben,sex_f,geo_cov_urb,eco_sector_ind,2018,16.528
ben,sex_f,geo_cov_urb,eco_sector_ind,2019,16.325
ben,sex_f,geo_cov_urb,eco_sector_ind,2020,16.153
ben,sex_f,geo_cov_urb,eco_sector_ind,2021,16.007
ben,sex_f,geo_cov_urb,eco_sector_ind,2022,15.881
ben,sex_f,geo_cov_urb,eco_sector_ind,2023,15.771
ben,sex_f,geo_cov_urb,eco_sector_ind,2024,15.674
ben,sex_f,geo_cov_urb,eco_sector_ser,2005,61.376
ben,sex_f,geo_cov_urb,eco_sector_ser,2006,62.043
ben,sex_f,geo_cov_urb,eco_sector_ser,2007,62.746
ben,sex_f,geo_cov_urb,eco_sector_ser,2008,63.492
ben,sex_f,geo_cov_urb,eco_sector_ser,2009,64.155
ben,sex_f,geo_cov_urb,eco_sector_ser,2010,64.835
ben,sex_f,geo_cov_urb,eco_sector_ser,2011,65.663
ben,sex_f,geo_cov_urb,eco_sector_ser,2012,66.17
ben,sex_f,geo_cov_urb,eco_sector_ser,2013,66.583
ben,sex_f,geo_cov_urb,eco_sector_ser,2014,67.012
ben,sex_f,geo_cov_urb,eco_sector_ser,2015,67.396
ben,sex_f,geo_cov_urb,eco_sector_ser,2016,67.835
ben,sex_f,geo_cov_urb,eco_sector_ser,2017,68.215
ben,sex_f,geo_cov_urb,eco_sector_ser,2018,68.644
ben,sex_f,geo_cov_urb,eco_sector_ser,2019,69.028
ben,sex_f,geo_cov_urb,eco_sector_ser,2020,69.369
ben,sex_f,geo_cov_urb,eco_sector_ser,2021,69.671
ben,sex_f,geo_cov_urb,eco_sector_ser,2022,69.939
ben,sex_f,geo_cov_urb,eco_sector_ser,2023,70.176
ben,sex_f,geo_cov_urb,eco_sector_ser,2024,70.39
ben,sex_f,geo_cov_urb,eco_sector_total,2005,100
ben,sex_f,geo_cov_urb,eco_sector_total,2006,100
ben,sex_f,geo_cov_urb,eco_sector_total,2007,100
ben,sex_f,geo_cov_urb,eco_sector_total,2008,100
ben,sex_f,geo_cov_urb,eco_sector_total,2009,100
ben,sex_f,geo_cov_urb,eco_sector_total,2010,100
ben,sex_f,geo_cov_urb,eco_sector_total,2011,100
ben,sex_f,geo_cov_urb,eco_sector_total,2012,100
ben,sex_f,geo_cov_urb,eco_sector_total,2013,100
ben,sex_f,geo_cov_urb,eco_sector_total,2014,100
ben,sex_f,geo_cov_urb,eco_sector_total,2015,100
ben,sex_f,geo_cov_urb,eco_sector_total,2016,100
ben,sex_f,geo_cov_urb,eco_sector_total,2017,100
ben,sex_f,geo_cov_urb,eco_sector_total,2018,100
ben,sex_f,geo_cov_urb,eco_sector_total,2019,100
ben,sex_f,geo_cov_urb,eco_sector_total,2020,100
ben,sex_f,geo_cov_urb,eco_sector_total,2021,100
ben,sex_f,geo_cov_urb,eco_sector_total,2022,100
ben,sex_f,geo_cov_urb,eco_sector_total,2023,100
ben,sex_f,geo_cov_urb,eco_sector_total,2024,100
ben,sex_m,geo_cov_nat,eco_sector_agr,2005,52.505
ben,sex_m,geo_cov_nat,eco_sector_agr,2006,52.289
ben,sex_m,geo_cov_nat,eco_sector_agr,2007,51.827
ben,sex_m,geo_cov_nat,eco_sector_agr,2008,51.476
ben,sex_m,geo_cov_nat,eco_sector_agr,2009,51.321
ben,sex_m,geo_cov_nat,eco_sector_agr,2010,51.134
ben,sex_m,geo_cov_nat,eco_sector_agr,2011,50.807
ben,sex_m,geo_cov_nat,eco_sector_agr,2012,50.383
ben,sex_m,geo_cov_nat,eco_sector_agr,2013,49.651
ben,sex_m,geo_cov_nat,eco_sector_agr,2014,49.011
ben,sex_m,geo_cov_nat,eco_sector_agr,2015,48.763
ben,sex_m,geo_cov_nat,eco_sector_agr,2016,48.609
ben,sex_m,geo_cov_nat,eco_sector_agr,2017,47.947
ben,sex_m,geo_cov_nat,eco_sector_agr,2018,47.229
ben,sex_m,geo_cov_nat,eco_sector_agr,2019,46.637
ben,sex_m,geo_cov_nat,eco_sector_agr,2020,46.084
ben,sex_m,geo_cov_nat,eco_sector_agr,2021,45.568
ben,sex_m,geo_cov_nat,eco_sector_agr,2022,45.1
ben,sex_m,geo_cov_nat,eco_sector_agr,2023,44.679
ben,sex_m,geo_cov_nat,eco_sector_agr,2024,44.294
ben,sex_m,geo_cov_nat,eco_sector_ind,2005,19.902
ben,sex_m,geo_cov_nat,eco_sector_ind,2006,19.874
ben,sex_m,geo_cov_nat,eco_sector_ind,2007,20.017
ben,sex_m,geo_cov_nat,eco_sector_ind,2008,20.041
ben,sex_m,geo_cov_nat,eco_sector_ind,2009,19.96
ben,sex_m,geo_cov_nat,eco_sector_ind,2010,19.891
ben,sex_m,geo_cov_nat,eco_sector_ind,2011,19.78
ben,sex_m,geo_cov_nat,eco_sector_ind,2012,19.827
ben,sex_m,geo_cov_nat,eco_sector_ind,2013,20.16
ben,sex_m,geo_cov_nat,eco_sector_ind,2014,20.448
ben,sex_m,geo_cov_nat,eco_sector_ind,2015,20.431
ben,sex_m,geo_cov_nat,eco_sector_ind,2016,20.43
ben,sex_m,geo_cov_nat,eco_sector_ind,2017,20.773
ben,sex_m,geo_cov_nat,eco_sector_ind,2018,21.112
ben,sex_m,geo_cov_nat,eco_sector_ind,2019,21.373
ben,sex_m,geo_cov_nat,eco_sector_ind,2020,21.623
ben,sex_m,geo_cov_nat,eco_sector_ind,2021,21.857
ben,sex_m,geo_cov_nat,eco_sector_ind,2022,22.07
ben,sex_m,geo_cov_nat,eco_sector_ind,2023,22.263
ben,sex_m,geo_cov_nat,eco_sector_ind,2024,22.437
ben,sex_m,geo_cov_nat,eco_sector_ser,2005,27.593
ben,sex_m,geo_cov_nat,eco_sector_ser,2006,27.837
ben,sex_m,geo_cov_nat,eco_sector_ser,2007,28.156
ben,sex_m,geo_cov_nat,eco_sector_ser,2008,28.482
ben,sex_m,geo_cov_nat,eco_sector_ser,2009,28.719
ben,sex_m,geo_cov_nat,eco_sector_ser,2010,28.975
ben,sex_m,geo_cov_nat,eco_sector_ser,2011,29.413
ben,sex_m,geo_cov_nat,eco_sector_ser,2012,29.789
ben,sex_m,geo_cov_nat,eco_sector_ser,2013,30.189
ben,sex_m,geo_cov_nat,eco_sector_ser,2014,30.541
ben,sex_m,geo_cov_nat,eco_sector_ser,2015,30.807
ben,sex_m,geo_cov_nat,eco_sector_ser,2016,30.961
ben,sex_m,geo_cov_nat,eco_sector_ser,2017,31.28
ben,sex_m,geo_cov_nat,eco_sector_ser,2018,31.659
ben,sex_m,geo_cov_nat,eco_sector_ser,2019,31.989
ben,sex_m,geo_cov_nat,eco_sector_ser,2020,32.293
ben,sex_m,geo_cov_nat,eco_sector_ser,2021,32.575
ben,sex_m,geo_cov_nat,eco_sector_ser,2022,32.829
ben,sex_m,geo_cov_nat,eco_sector_ser,2023,33.058
ben,sex_m,geo_cov_nat,eco_sector_ser,2024,33.269
ben,sex_m,geo_cov_nat,eco_sector_total,2005,100
ben,sex_m,geo_cov_nat,eco_sector_total,2006,100
ben,sex_m,geo_cov_nat,eco_sector_total,2007,100
ben,sex_m,geo_cov_nat,eco_sector_total,2008,100
ben,sex_m,geo_cov_nat,eco_sector_total,2009,100
ben,sex_m,geo_cov_nat,eco_sector_total,2010,100
ben,sex_m,geo_cov_nat,eco_sector_total,2011,100
ben,sex_m,geo_cov_nat,eco_sector_total,2012,100
ben,sex_m,geo_cov_nat,eco_sector_total,2013,100
ben,sex_m,geo_cov_nat,eco_sector_total,2014,100
ben,sex_m,geo_cov_nat,eco_sector_total,2015,100
ben,sex_m,geo_cov_nat,eco_sector_total,2016,100
ben,sex_m,geo_cov_nat,eco_sector_total,2017,100
ben,sex_m,geo_cov_nat,eco_sector_total,2018,100
ben,sex_m,geo_cov_nat,eco_sector_total,2019,100
ben,sex_m,geo_cov_nat,eco_sector_total,2020,100
ben,sex_m,geo_cov_nat,eco_sector_total,2021,100
ben,sex_m,geo_cov_nat,eco_sector_total,2022,100
ben,sex_m,geo_cov_nat,eco_sector_total,2023,100
ben,sex_m,geo_cov_nat,eco_sector_total,2024,100
ben,sex_m,geo_cov_rur,eco_sector_agr,2005,73.917
ben,sex_m,geo_cov_rur,eco_sector_agr,2006,73.558
ben,sex_m,geo_cov_rur,eco_sector_agr,2007,72.926
ben,sex_m,geo_cov_rur,eco_sector_agr,2008,72.406
ben,sex_m,geo_cov_rur,eco_sector_agr,2009,72.083
ben,sex_m,geo_cov_rur,eco_sector_agr,2010,71.735
ben,sex_m,geo_cov_rur,eco_sector_agr,2011,70.992
ben,sex_m,geo_cov_rur,eco_sector_agr,2012,70.689
ben,sex_m,geo_cov_rur,eco_sector_agr,2013,70.037
ben,sex_m,geo_cov_rur,eco_sector_agr,2014,69.482
ben,sex_m,geo_cov_rur,eco_sector_agr,2015,69.363
ben,sex_m,geo_cov_rur,eco_sector_agr,2016,69.353
ben,sex_m,geo_cov_rur,eco_sector_agr,2017,68.76
ben,sex_m,geo_cov_rur,eco_sector_agr,2018,68.093
ben,sex_m,geo_cov_rur,eco_sector_agr,2019,67.565
ben,sex_m,geo_cov_rur,eco_sector_agr,2020,67.084
ben,sex_m,geo_cov_rur,eco_sector_agr,2021,66.642
ben,sex_m,geo_cov_rur,eco_sector_agr,2022,66.25
ben,sex_m,geo_cov_rur,eco_sector_agr,2023,65.901
ben,sex_m,geo_cov_rur,eco_sector_agr,2024,65.593
ben,sex_m,geo_cov_rur,eco_sector_ind,2005,12.209
ben,sex_m,geo_cov_rur,eco_sector_ind,2006,12.296
ben,sex_m,geo_cov_rur,eco_sector_ind,2007,12.537
ben,sex_m,geo_cov_rur,eco_sector_ind,2008,12.688
ben,sex_m,geo_cov_rur,eco_sector_ind,2009,12.739
ben,sex_m,geo_cov_rur,eco_sector_ind,2010,12.798
ben,sex_m,geo_cov_rur,eco_sector_ind,2011,12.956
ben,sex_m,geo_cov_rur,eco_sector_ind,2012,13.016
ben,sex_m,geo_cov_rur,eco_sector_ind,2013,13.317
ben,sex_m,geo_cov_rur,eco_sector_ind,2014,13.573
ben,sex_m,geo_cov_rur,eco_sector_ind,2015,13.559
ben,sex_m,geo_cov_rur,eco_sector_ind,2016,13.533
ben,sex_m,geo_cov_rur,eco_sector_ind,2017,13.831
ben,sex_m,geo_cov_rur,eco_sector_ind,2018,14.145
ben,sex_m,geo_cov_rur,eco_sector_ind,2019,14.384
ben,sex_m,geo_cov_rur,eco_sector_ind,2020,14.607
ben,sex_m,geo_cov_rur,eco_sector_ind,2021,14.813
ben,sex_m,geo_cov_rur,eco_sector_ind,2022,14.997
ben,sex_m,geo_cov_rur,eco_sector_ind,2023,15.162
ben,sex_m,geo_cov_rur,eco_sector_ind,2024,15.307
ben,sex_m,geo_cov_rur,eco_sector_ser,2005,13.875
ben,sex_m,geo_cov_rur,eco_sector_ser,2006,14.146
ben,sex_m,geo_cov_rur,eco_sector_ser,2007,14.537
ben,sex_m,geo_cov_rur,eco_sector_ser,2008,14.906
ben,sex_m,geo_cov_rur,eco_sector_ser,2009,15.178
ben,sex_m,geo_cov_rur,eco_sector_ser,2010,15.467
ben,sex_m,geo_cov_rur,eco_sector_ser,2011,16.053
ben,sex_m,geo_cov_rur,eco_sector_ser,2012,16.294
ben,sex_m,geo_cov_rur,eco_sector_ser,2013,16.646
ben,sex_m,geo_cov_rur,eco_sector_ser,2014,16.945
ben,sex_m,geo_cov_rur,eco_sector_ser,2015,17.077
ben,sex_m,geo_cov_rur,eco_sector_ser,2016,17.114
ben,sex_m,geo_cov_rur,eco_sector_ser,2017,17.408
ben,sex_m,geo_cov_rur,eco_sector_ser,2018,17.762
ben,sex_m,geo_cov_rur,eco_sector_ser,2019,18.051
ben,sex_m,geo_cov_rur,eco_sector_ser,2020,18.309
ben,sex_m,geo_cov_rur,eco_sector_ser,2021,18.545
ben,sex_m,geo_cov_rur,eco_sector_ser,2022,18.753
ben,sex_m,geo_cov_rur,eco_sector_ser,2023,18.937
ben,sex_m,geo_cov_rur,eco_sector_ser,2024,19.1
ben,sex_m,geo_cov_rur,eco_sector_total,2005,100
ben,sex_m,geo_cov_rur,eco_sector_total,2006,100
ben,sex_m,geo_cov_rur,eco_sector_total,2007,100
ben,sex_m,geo_cov_rur,eco_sector_total,2008,100
ben,sex_m,geo_cov_rur,eco_sector_total,2009,100
ben,sex_m,geo_cov_rur,eco_sector_total,2010,100
ben,sex_m,geo_cov_rur,eco_sector_total,2011,100
ben,sex_m,geo_cov_rur,eco_sector_total,2012,100
ben,sex_m,geo_cov_rur,eco_sector_total,2013,100
ben,sex_m,geo_cov_rur,eco_sector_total,2014,100
ben,sex_m,geo_cov_rur,eco_sector_total,2015,100
ben,sex_m,geo_cov_rur,eco_sector_total,2016,100
ben,sex_m,geo_cov_rur,eco_sector_total,2017,100
ben,sex_m,geo_cov_rur,eco_sector_total,2018,100
ben,sex_m,geo_cov_rur,eco_sector_total,2019,100
ben,sex_m,geo_cov_rur,eco_sector_total,2020,100
ben,sex_m,geo_cov_rur,eco_sector_total,2021,100
ben,sex_m,geo_cov_rur,eco_sector_total,2022,100
ben,sex_m,geo_cov_rur,eco_sector_total,2023,100
ben,sex_m,geo_cov_rur,eco_sector_total,2024,100
ben,sex_m,geo_cov_urb,eco_sector_agr,2005,25.178
ben,sex_m,geo_cov_urb,eco_sector_agr,2006,24.895
ben,sex_m,geo_cov_urb,eco_sector_agr,2007,24.391
ben,sex_m,geo_cov_urb,eco_sector_agr,2008,23.985
ben,sex_m,geo_cov_urb,eco_sector_agr,2009,23.746
ben,sex_m,geo_cov_urb,eco_sector_agr,2010,23.487
ben,sex_m,geo_cov_urb,eco_sector_agr,2011,22.959
ben,sex_m,geo_cov_urb,eco_sector_agr,2012,22.683
ben,sex_m,geo_cov_urb,eco_sector_agr,2013,22.152
ben,sex_m,geo_cov_urb,eco_sector_agr,2014,21.707
ben,sex_m,geo_cov_urb,eco_sector_agr,2015,21.584
ben,sex_m,geo_cov_urb,eco_sector_agr,2016,21.544
ben,sex_m,geo_cov_urb,eco_sector_agr,2017,21.089
ben,sex_m,geo_cov_urb,eco_sector_agr,2018,20.591
ben,sex_m,geo_cov_urb,eco_sector_agr,2019,20.201
ben,sex_m,geo_cov_urb,eco_sector_agr,2020,19.849
ben,sex_m,geo_cov_urb,eco_sector_agr,2021,19.53
ben,sex_m,geo_cov_urb,eco_sector_agr,2022,19.25
ben,sex_m,geo_cov_urb,eco_sector_agr,2023,19.003
ben,sex_m,geo_cov_urb,eco_sector_agr,2024,18.786
ben,sex_m,geo_cov_urb,eco_sector_ind,2005,29.72
ben,sex_m,geo_cov_urb,eco_sector_ind,2006,29.635
ben,sex_m,geo_cov_urb,eco_sector_ind,2007,29.744
ben,sex_m,geo_cov_urb,eco_sector_ind,2008,29.7
ben,sex_m,geo_cov_urb,eco_sector_ind,2009,29.552
ben,sex_m,geo_cov_urb,eco_sector_ind,2010,29.409
ben,sex_m,geo_cov_urb,eco_sector_ind,2011,29.195
ben,sex_m,geo_cov_urb,eco_sector_ind,2012,29.119
ben,sex_m,geo_cov_urb,eco_sector_ind,2013,29.391
ben,sex_m,geo_cov_urb,eco_sector_ind,2014,29.618
ben,sex_m,geo_cov_urb,eco_sector_ind,2015,29.496
ben,sex_m,geo_cov_urb,eco_sector_ind,2016,29.428
ben,sex_m,geo_cov_urb,eco_sector_ind,2017,29.731
ben,sex_m,geo_cov_urb,eco_sector_ind,2018,30.008
ben,sex_m,geo_cov_urb,eco_sector_ind,2019,30.202
ben,sex_m,geo_cov_urb,eco_sector_ind,2020,30.388
ben,sex_m,geo_cov_urb,eco_sector_ind,2021,30.561
ben,sex_m,geo_cov_urb,eco_sector_ind,2022,30.716
ben,sex_m,geo_cov_urb,eco_sector_ind,2023,30.855
ben,sex_m,geo_cov_urb,eco_sector_ind,2024,30.977
ben,sex_m,geo_cov_urb,eco_sector_ser,2005,45.102
ben,sex_m,geo_cov_urb,eco_sector_ser,2006,45.47
ben,sex_m,geo_cov_urb,eco_sector_ser,2007,45.865
ben,sex_m,geo_cov_urb,eco_sector_ser,2008,46.315
ben,sex_m,geo_cov_urb,eco_sector_ser,2009,46.702
ben,sex_m,geo_cov_urb,eco_sector_ser,2010,47.104
ben,sex_m,geo_cov_urb,eco_sector_ser,2011,47.846
ben,sex_m,geo_cov_urb,eco_sector_ser,2012,48.199
ben,sex_m,geo_cov_urb,eco_sector_ser,2013,48.458
ben,sex_m,geo_cov_urb,eco_sector_ser,2014,48.675
ben,sex_m,geo_cov_urb,eco_sector_ser,2015,48.92
ben,sex_m,geo_cov_urb,eco_sector_ser,2016,49.028
ben,sex_m,geo_cov_urb,eco_sector_ser,2017,49.18
ben,sex_m,geo_cov_urb,eco_sector_ser,2018,49.401
ben,sex_m,geo_cov_urb,eco_sector_ser,2019,49.597
ben,sex_m,geo_cov_urb,eco_sector_ser,2020,49.762
ben,sex_m,geo_cov_urb,eco_sector_ser,2021,49.909
ben,sex_m,geo_cov_urb,eco_sector_ser,2022,50.034
ben,sex_m,geo_cov_urb,eco_sector_ser,2023,50.142
ben,sex_m,geo_cov_urb,eco_sector_ser,2024,50.238
ben,sex_m,geo_cov_urb,eco_sector_total,2005,100
ben,sex_m,geo_cov_urb,eco_sector_total,2006,100
ben,sex_m,geo_cov_urb,eco_sector_total,2007,100
ben,sex_m,geo_cov_urb,eco_sector_total,2008,100
ben,sex_m,geo_cov_urb,eco_sector_total,2009,100
ben,sex_m,geo_cov_urb,eco_sector_total,2010,100
ben,sex_m,geo_cov_urb,eco_sector_total,2011,100
ben,sex_m,geo_cov_urb,eco_sector_total,2012,100
ben,sex_m,geo_cov_urb,eco_sector_total,2013,100
ben,sex_m,geo_cov_urb,eco_sector_total,2014,100
ben,sex_m,geo_cov_urb,eco_sector_total,2015,100
ben,sex_m,geo_cov_urb,eco_sector_total,2016,100
ben,sex_m,geo_cov_urb,eco_sector_total,2017,100
ben,sex_m,geo_cov_urb,eco_sector_total,2018,100
ben,sex_m,geo_cov_urb,eco_sector_total,2019,100
ben,sex_m,geo_cov_urb,eco_sector_total,2020,100
ben,sex_m,geo_cov_urb,eco_sector_total,2021,100
ben,sex_m,geo_cov_urb,eco_sector_total,2022,100
ben,sex_m,geo_cov_urb,eco_sector_total,2023,100
ben,sex_m,geo_cov_urb,eco_sector_total,2024,100
ben,sex_t,geo_cov_nat,eco_sector_agr,2005,46.099
ben,sex_t,geo_cov_nat,eco_sector_agr,2006,45.7
ben,sex_t,geo_cov_nat,eco_sector_agr,2007,45.098
ben,sex_t,geo_cov_nat,eco_sector_agr,2008,44.585
ben,sex_t,geo_cov_nat,eco_sector_agr,2009,44.287
ben,sex_t,geo_cov_nat,eco_sector_agr,2010,43.989
ben,sex_t,geo_cov_nat,eco_sector_agr,2011,43.613
ben,sex_t,geo_cov_nat,eco_sector_agr,2012,43.059
ben,sex_t,geo_cov_nat,eco_sector_agr,2013,42.255
ben,sex_t,geo_cov_nat,eco_sector_agr,2014,41.53
ben,sex_t,geo_cov_nat,eco_sector_agr,2015,41.181
ben,sex_t,geo_cov_nat,eco_sector_agr,2016,40.755
ben,sex_t,geo_cov_nat,eco_sector_agr,2017,40.043
ben,sex_t,geo_cov_nat,eco_sector_agr,2018,39.247
ben,sex_t,geo_cov_nat,eco_sector_agr,2019,38.578
ben,sex_t,geo_cov_nat,eco_sector_agr,2020,37.962
ben,sex_t,geo_cov_nat,eco_sector_agr,2021,37.396
ben,sex_t,geo_cov_nat,eco_sector_agr,2022,36.885
ben,sex_t,geo_cov_nat,eco_sector_agr,2023,36.426
ben,sex_t,geo_cov_nat,eco_sector_agr,2024,36.013
ben,sex_t,geo_cov_nat,eco_sector_ind,2005,19.468
ben,sex_t,geo_cov_nat,eco_sector_ind,2006,19.324
ben,sex_t,geo_cov_nat,eco_sector_ind,2007,19.278
ben,sex_t,geo_cov_nat,eco_sector_ind,2008,19.14
ben,sex_t,geo_cov_nat,eco_sector_ind,2009,18.939
ben,sex_t,geo_cov_nat,eco_sector_ind,2010,18.728
ben,sex_t,geo_cov_nat,eco_sector_ind,2011,18.552
ben,sex_t,geo_cov_nat,eco_sector_ind,2012,18.482
ben,sex_t,geo_cov_nat,eco_sector_ind,2013,18.635
ben,sex_t,geo_cov_nat,eco_sector_ind,2014,18.743
ben,sex_t,geo_cov_nat,eco_sector_ind,2015,18.642
ben,sex_t,geo_cov_nat,eco_sector_ind,2016,18.584
ben,sex_t,geo_cov_nat,eco_sector_ind,2017,18.735
ben,sex_t,geo_cov_nat,eco_sector_ind,2018,18.889
ben,sex_t,geo_cov_nat,eco_sector_ind,2019,18.993
ben,sex_t,geo_cov_nat,eco_sector_ind,2020,19.096
ben,sex_t,geo_cov_nat,eco_sector_ind,2021,19.195
ben,sex_t,geo_cov_nat,eco_sector_ind,2022,19.285
ben,sex_t,geo_cov_nat,eco_sector_ind,2023,19.365
ben,sex_t,geo_cov_nat,eco_sector_ind,2024,19.438
ben,sex_t,geo_cov_nat,eco_sector_ser,2005,34.433
ben,sex_t,geo_cov_nat,eco_sector_ser,2006,34.977
ben,sex_t,geo_cov_nat,eco_sector_ser,2007,35.624
ben,sex_t,geo_cov_nat,eco_sector_ser,2008,36.275
ben,sex_t,geo_cov_nat,eco_sector_ser,2009,36.775
ben,sex_t,geo_cov_nat,eco_sector_ser,2010,37.284
ben,sex_t,geo_cov_nat,eco_sector_ser,2011,37.835
ben,sex_t,geo_cov_nat,eco_sector_ser,2012,38.458
ben,sex_t,geo_cov_nat,eco_sector_ser,2013,39.111
ben,sex_t,geo_cov_nat,eco_sector_ser,2014,39.727
ben,sex_t,geo_cov_nat,eco_sector_ser,2015,40.177
ben,sex_t,geo_cov_nat,eco_sector_ser,2016,40.661
ben,sex_t,geo_cov_nat,eco_sector_ser,2017,41.222
ben,sex_t,geo_cov_nat,eco_sector_ser,2018,41.864
ben,sex_t,geo_cov_nat,eco_sector_ser,2019,42.429
ben,sex_t,geo_cov_nat,eco_sector_ser,2020,42.942
ben,sex_t,geo_cov_nat,eco_sector_ser,2021,43.41
ben,sex_t,geo_cov_nat,eco_sector_ser,2022,43.83
ben,sex_t,geo_cov_nat,eco_sector_ser,2023,44.208
ben,sex_t,geo_cov_nat,eco_sector_ser,2024,44.549
ben,sex_t,geo_cov_nat,eco_sector_total,2005,100
ben,sex_t,geo_cov_nat,eco_sector_total,2006,100
ben,sex_t,geo_cov_nat,eco_sector_total,2007,100
ben,sex_t,geo_cov_nat,eco_sector_total,2008,100
ben,sex_t,geo_cov_nat,eco_sector_total,2009,100
ben,sex_t,geo_cov_nat,eco_sector_total,2010,100
ben,sex_t,geo_cov_nat,eco_sector_total,2011,100
ben,sex_t,geo_cov_nat,eco_sector_total,2012,100
ben,sex_t,geo_cov_nat,eco_sector_total,2013,100
ben,sex_t,geo_cov_nat,eco_sector_total,2014,100
ben,sex_t,geo_cov_nat,eco_sector_total,2015,100
ben,sex_t,geo_cov_nat,eco_sector_total,2016,100
ben,sex_t,geo_cov_nat,eco_sector_total,2017,100
ben,sex_t,geo_cov_nat,eco_sector_total,2018,100
ben,sex_t,geo_cov_nat,eco_sector_total,2019,100
ben,sex_t,geo_cov_nat,eco_sector_total,2020,100
ben,sex_t,geo_cov_nat,eco_sector_total,2021,100
ben,sex_t,geo_cov_nat,eco_sector_total,2022,100
ben,sex_t,geo_cov_nat,eco_sector_total,2023,100
ben,sex_t,geo_cov_nat,eco_sector_total,2024,100
ben,sex_t,geo_cov_rur,eco_sector_agr,2005,65.458
ben,sex_t,geo_cov_rur,eco_sector_agr,2006,64.735
ben,sex_t,geo_cov_rur,eco_sector_agr,2007,63.752
ben,sex_t,geo_cov_rur,eco_sector_agr,2008,62.883
ben,sex_t,geo_cov_rur,eco_sector_agr,2009,62.293
ben,sex_t,geo_cov_rur,eco_sector_agr,2010,61.721
ben,sex_t,geo_cov_rur,eco_sector_agr,2011,60.863
ben,sex_t,geo_cov_rur,eco_sector_agr,2012,60.243
ben,sex_t,geo_cov_rur,eco_sector_agr,2013,59.295
ben,sex_t,geo_cov_rur,eco_sector_agr,2014,58.455
ben,sex_t,geo_cov_rur,eco_sector_agr,2015,58.111
ben,sex_t,geo_cov_rur,eco_sector_agr,2016,57.618
ben,sex_t,geo_cov_rur,eco_sector_agr,2017,56.792
ben,sex_t,geo_cov_rur,eco_sector_agr,2018,55.842
ben,sex_t,geo_cov_rur,eco_sector_agr,2019,55.068
ben,sex_t,geo_cov_rur,eco_sector_agr,2020,54.367
ben,sex_t,geo_cov_rur,eco_sector_agr,2021,53.731
ben,sex_t,geo_cov_rur,eco_sector_agr,2022,53.167
ben,sex_t,geo_cov_rur,eco_sector_agr,2023,52.666
ben,sex_t,geo_cov_rur,eco_sector_agr,2024,52.221
ben,sex_t,geo_cov_rur,eco_sector_ind,2005,14.47
ben,sex_t,geo_cov_rur,eco_sector_ind,2006,14.513
ben,sex_t,geo_cov_rur,eco_sector_ind,2007,14.657
ben,sex_t,geo_cov_rur,eco_sector_ind,2008,14.714
ben,sex_t,geo_cov_rur,eco_sector_ind,2009,14.679
ben,sex_t,geo_cov_rur,eco_sector_ind,2010,14.626
ben,sex_t,geo_cov_rur,eco_sector_ind,2011,14.645
ben,sex_t,geo_cov_rur,eco_sector_ind,2012,14.653
ben,sex_t,geo_cov_rur,eco_sector_ind,2013,14.867
ben,sex_t,geo_cov_rur,eco_sector_ind,2014,15.03
ben,sex_t,geo_cov_rur,eco_sector_ind,2015,14.975
ben,sex_t,geo_cov_rur,eco_sector_ind,2016,14.967
ben,sex_t,geo_cov_rur,eco_sector_ind,2017,15.157
ben,sex_t,geo_cov_rur,eco_sector_ind,2018,15.369
ben,sex_t,geo_cov_rur,eco_sector_ind,2019,15.522
ben,sex_t,geo_cov_rur,eco_sector_ind,2020,15.664
ben,sex_t,geo_cov_rur,eco_sector_ind,2021,15.797
ben,sex_t,geo_cov_rur,eco_sector_ind,2022,15.915
ben,sex_t,geo_cov_rur,eco_sector_ind,2023,16.019
ben,sex_t,geo_cov_rur,eco_sector_ind,2024,16.111
ben,sex_t,geo_cov_rur,eco_sector_ser,2005,20.072
ben,sex_t,geo_cov_rur,eco_sector_ser,2006,20.752
ben,sex_t,geo_cov_rur,eco_sector_ser,2007,21.591
ben,sex_t,geo_cov_rur,eco_sector_ser,2008,22.403
ben,sex_t,geo_cov_rur,eco_sector_ser,2009,23.028
ben,sex_t,geo_cov_rur,eco_sector_ser,2010,23.653
ben,sex_t,geo_cov_rur,eco_sector_ser,2011,24.492
ben,sex_t,geo_cov_rur,eco_sector_ser,2012,25.104
ben,sex_t,geo_cov_rur,eco_sector_ser,2013,25.839
ben,sex_t,geo_cov_rur,eco_sector_ser,2014,26.515
ben,sex_t,geo_cov_rur,eco_sector_ser,2015,26.914
ben,sex_t,geo_cov_rur,eco_sector_ser,2016,27.415
ben,sex_t,geo_cov_rur,eco_sector_ser,2017,28.05
ben,sex_t,geo_cov_rur,eco_sector_ser,2018,28.788
ben,sex_t,geo_cov_rur,eco_sector_ser,2019,29.41
ben,sex_t,geo_cov_rur,eco_sector_ser,2020,29.969
ben,sex_t,geo_cov_rur,eco_sector_ser,2021,30.472
ben,sex_t,geo_cov_rur,eco_sector_ser,2022,30.918
ben,sex_t,geo_cov_rur,eco_sector_ser,2023,31.315
ben,sex_t,geo_cov_rur,eco_sector_ser,2024,31.668
ben,sex_t,geo_cov_rur,eco_sector_total,2005,100
ben,sex_t,geo_cov_rur,eco_sector_total,2006,100
ben,sex_t,geo_cov_rur,eco_sector_total,2007,100
ben,sex_t,geo_cov_rur,eco_sector_total,2008,100
ben,sex_t,geo_cov_rur,eco_sector_total,2009,100
ben,sex_t,geo_cov_rur,eco_sector_total,2010,100
ben,sex_t,geo_cov_rur,eco_sector_total,2011,100
ben,sex_t,geo_cov_rur,eco_sector_total,2012,100
ben,sex_t,geo_cov_rur,eco_sector_total,2013,100
ben,sex_t,geo_cov_rur,eco_sector_total,2014,100
ben,sex_t,geo_cov_rur,eco_sector_total,2015,100
ben,sex_t,geo_cov_rur,eco_sector_total,2016,100
ben,sex_t,geo_cov_rur,eco_sector_total,2017,100
ben,sex_t,geo_cov_rur,eco_sector_total,2018,100
ben,sex_t,geo_cov_rur,eco_sector_total,2019,100
ben,sex_t,geo_cov_rur,eco_sector_total,2020,100
ben,sex_t,geo_cov_rur,eco_sector_total,2021,100
ben,sex_t,geo_cov_rur,eco_sector_total,2022,100
ben,sex_t,geo_cov_rur,eco_sector_total,2023,100
ben,sex_t,geo_cov_rur,eco_sector_total,2024,100
ben,sex_t,geo_cov_urb,eco_sector_agr,2005,21.196
ben,sex_t,geo_cov_urb,eco_sector_agr,2006,20.954
ben,sex_t,geo_cov_urb,eco_sector_agr,2007,20.586
ben,sex_t,geo_cov_urb,eco_sector_agr,2008,20.269
ben,sex_t,geo_cov_urb,eco_sector_agr,2009,20.053
ben,sex_t,geo_cov_urb,eco_sector_agr,2010,19.83
ben,sex_t,geo_cov_urb,eco_sector_agr,2011,19.486
ben,sex_t,geo_cov_urb,eco_sector_agr,2012,19.297
ben,sex_t,geo_cov_urb,eco_sector_agr,2013,18.954
ben,sex_t,geo_cov_urb,eco_sector_agr,2014,18.654
ben,sex_t,geo_cov_urb,eco_sector_agr,2015,18.554
ben,sex_t,geo_cov_urb,eco_sector_agr,2016,18.462
ben,sex_t,geo_cov_urb,eco_sector_agr,2017,18.146
ben,sex_t,geo_cov_urb,eco_sector_agr,2018,17.784
ben,sex_t,geo_cov_urb,eco_sector_agr,2019,17.491
ben,sex_t,geo_cov_urb,eco_sector_agr,2020,17.225
ben,sex_t,geo_cov_urb,eco_sector_agr,2021,16.982
ben,sex_t,geo_cov_urb,eco_sector_agr,2022,16.767
ben,sex_t,geo_cov_urb,eco_sector_agr,2023,16.575
ben,sex_t,geo_cov_urb,eco_sector_agr,2024,16.405
ben,sex_t,geo_cov_urb,eco_sector_ind,2005,25.898
ben,sex_t,geo_cov_urb,eco_sector_ind,2006,25.577
ben,sex_t,geo_cov_urb,eco_sector_ind,2007,25.35
ben,sex_t,geo_cov_urb,eco_sector_ind,2008,25.022
ben,sex_t,geo_cov_urb,eco_sector_ind,2009,24.672
ben,sex_t,geo_cov_urb,eco_sector_ind,2010,24.316
ben,sex_t,geo_cov_urb,eco_sector_ind,2011,24.017
ben,sex_t,geo_cov_urb,eco_sector_ind,2012,23.778
ben,sex_t,geo_cov_urb,eco_sector_ind,2013,23.787
ben,sex_t,geo_cov_urb,eco_sector_ind,2014,23.761
ben,sex_t,geo_cov_urb,eco_sector_ind,2015,23.543
ben,sex_t,geo_cov_urb,eco_sector_ind,2016,23.366
ben,sex_t,geo_cov_urb,eco_sector_ind,2017,23.413
ben,sex_t,geo_cov_urb,eco_sector_ind,2018,23.441
ben,sex_t,geo_cov_urb,eco_sector_ind,2019,23.431
ben,sex_t,geo_cov_urb,eco_sector_ind,2020,23.433
ben,sex_t,geo_cov_urb,eco_sector_ind,2021,23.441
ben,sex_t,geo_cov_urb,eco_sector_ind,2022,23.449
ben,sex_t,geo_cov_urb,eco_sector_ind,2023,23.456
ben,sex_t,geo_cov_urb,eco_sector_ind,2024,23.464
ben,sex_t,geo_cov_urb,eco_sector_ser,2005,52.906
ben,sex_t,geo_cov_urb,eco_sector_ser,2006,53.468
ben,sex_t,geo_cov_urb,eco_sector_ser,2007,54.064
ben,sex_t,geo_cov_urb,eco_sector_ser,2008,54.71
ben,sex_t,geo_cov_urb,eco_sector_ser,2009,55.276
ben,sex_t,geo_cov_urb,eco_sector_ser,2010,55.853
ben,sex_t,geo_cov_urb,eco_sector_ser,2011,56.498
ben,sex_t,geo_cov_urb,eco_sector_ser,2012,56.925
ben,sex_t,geo_cov_urb,eco_sector_ser,2013,57.259
ben,sex_t,geo_cov_urb,eco_sector_ser,2014,57.585
ben,sex_t,geo_cov_urb,eco_sector_ser,2015,57.903
ben,sex_t,geo_cov_urb,eco_sector_ser,2016,58.172
ben,sex_t,geo_cov_urb,eco_sector_ser,2017,58.441
ben,sex_t,geo_cov_urb,eco_sector_ser,2018,58.775
ben,sex_t,geo_cov_urb,eco_sector_ser,2019,59.078
ben,sex_t,geo_cov_urb,eco_sector_ser,2020,59.342
ben,sex_t,geo_cov_urb,eco_sector_ser,2021,59.577
ben,sex_t,geo_cov_urb,eco_sector_ser,2022,59.784
ben,sex_t,geo_cov_urb,eco_sector_ser,2023,59.969
ben,sex_t,geo_cov_urb,eco_sector_ser,2024,60.132
ben,sex_t,geo_cov_urb,eco_sector_total,2005,100
ben,sex_t,geo_cov_urb,eco_sector_total,2006,100
ben,sex_t,geo_cov_urb,eco_sector_total,2007,100
ben,sex_t,geo_cov_urb,eco_sector_total,2008,100
ben,sex_t,geo_cov_urb,eco_sector_total,2009,100
ben,sex_t,geo_cov_urb,eco_sector_total,2010,100
ben,sex_t,geo_cov_urb,eco_sector_total,2011,100
ben,sex_t,geo_cov_urb,eco_sector_total,2012,100
ben,sex_t,geo_cov_urb,eco_sector_total,2013,100
ben,sex_t,geo_cov_urb,eco_sector_total,2014,100
ben,sex_t,geo_cov_urb,eco_sector_total,2015,100
ben,sex_t,geo_cov_urb,eco_sector_total,2016,100
ben,sex_t,geo_cov_urb,eco_sector_total,2017,100
ben,sex_t,geo_cov_urb,eco_sector_total,2018,100
ben,sex_t,geo_cov_urb,eco_sector_total,2019,100
ben,sex_t,geo_cov_urb,eco_sector_total,2020,100
ben,sex_t,geo_cov_urb,eco_sector_total,2021,100
ben,sex_t,geo_cov_urb,eco_sector_total,2022,100
ben,sex_t,geo_cov_urb,eco_sector_total,2023,100
ben,sex_t,geo_cov_urb,eco_sector_total,2024,100
