ref_area,sex,classif1,classif2,time,emp_2emp_sex_geo_eco_dt
fji,sex_f,geo_cov_nat,eco_sector_agr,2005,45.352
fji,sex_f,geo_cov_nat,eco_sector_agr,2006,44.534
fji,sex_f,geo_cov_nat,eco_sector_agr,2007,43.634
fji,sex_f,geo_cov_nat,eco_sector_agr,2008,43.159
fji,sex_f,geo_cov_nat,eco_sector_agr,2009,42.788
fji,sex_f,geo_cov_nat,eco_sector_agr,2010,42.38
fji,sex_f,geo_cov_nat,eco_sector_agr,2011,41.371
fji,sex_f,geo_cov_nat,eco_sector_agr,2012,41.242
fji,sex_f,geo_cov_nat,eco_sector_agr,2013,40.535
fji,sex_f,geo_cov_nat,eco_sector_agr,2014,39.918
fji,sex_f,geo_cov_nat,eco_sector_agr,2015,38.69
fji,sex_f,geo_cov_nat,eco_sector_agr,2016,37.626
fji,sex_f,geo_cov_nat,eco_sector_agr,2017,36.569
fji,sex_f,geo_cov_nat,eco_sector_agr,2018,35.414
fji,sex_f,geo_cov_nat,eco_sector_agr,2019,34.575
fji,sex_f,geo_cov_nat,eco_sector_agr,2020,33.931
fji,sex_f,geo_cov_nat,eco_sector_agr,2021,33.332
fji,sex_f,geo_cov_nat,eco_sector_agr,2022,32.799
fji,sex_f,geo_cov_nat,eco_sector_agr,2023,32.334
fji,sex_f,geo_cov_nat,eco_sector_agr,2024,31.927
fji,sex_f,geo_cov_nat,eco_sector_ind,2005,12.079
fji,sex_f,geo_cov_nat,eco_sector_ind,2006,12.053
fji,sex_f,geo_cov_nat,eco_sector_ind,2007,11.817
fji,sex_f,geo_cov_nat,eco_sector_ind,2008,11.753
fji,sex_f,geo_cov_nat,eco_sector_ind,2009,11.631
fji,sex_f,geo_cov_nat,eco_sector_ind,2010,11.732
fji,sex_f,geo_cov_nat,eco_sector_ind,2011,11.71
fji,sex_f,geo_cov_nat,eco_sector_ind,2012,10.397
fji,sex_f,geo_cov_nat,eco_sector_ind,2013,9.334
fji,sex_f,geo_cov_nat,eco_sector_ind,2014,8.466
fji,sex_f,geo_cov_nat,eco_sector_ind,2015,8.465
fji,sex_f,geo_cov_nat,eco_sector_ind,2016,8.42
fji,sex_f,geo_cov_nat,eco_sector_ind,2017,8.449
fji,sex_f,geo_cov_nat,eco_sector_ind,2018,8.444
fji,sex_f,geo_cov_nat,eco_sector_ind,2019,8.391
fji,sex_f,geo_cov_nat,eco_sector_ind,2020,8.364
fji,sex_f,geo_cov_nat,eco_sector_ind,2021,8.346
fji,sex_f,geo_cov_nat,eco_sector_ind,2022,8.324
fji,sex_f,geo_cov_nat,eco_sector_ind,2023,8.304
fji,sex_f,geo_cov_nat,eco_sector_ind,2024,8.285
fji,sex_f,geo_cov_nat,eco_sector_ser,2005,42.569
fji,sex_f,geo_cov_nat,eco_sector_ser,2006,43.414
fji,sex_f,geo_cov_nat,eco_sector_ser,2007,44.549
fji,sex_f,geo_cov_nat,eco_sector_ser,2008,45.088
fji,sex_f,geo_cov_nat,eco_sector_ser,2009,45.58
fji,sex_f,geo_cov_nat,eco_sector_ser,2010,45.888
fji,sex_f,geo_cov_nat,eco_sector_ser,2011,46.919
fji,sex_f,geo_cov_nat,eco_sector_ser,2012,48.361
fji,sex_f,geo_cov_nat,eco_sector_ser,2013,50.132
fji,sex_f,geo_cov_nat,eco_sector_ser,2014,51.617
fji,sex_f,geo_cov_nat,eco_sector_ser,2015,52.845
fji,sex_f,geo_cov_nat,eco_sector_ser,2016,53.954
fji,sex_f,geo_cov_nat,eco_sector_ser,2017,54.983
fji,sex_f,geo_cov_nat,eco_sector_ser,2018,56.142
fji,sex_f,geo_cov_nat,eco_sector_ser,2019,57.035
fji,sex_f,geo_cov_nat,eco_sector_ser,2020,57.705
fji,sex_f,geo_cov_nat,eco_sector_ser,2021,58.322
fji,sex_f,geo_cov_nat,eco_sector_ser,2022,58.877
fji,sex_f,geo_cov_nat,eco_sector_ser,2023,59.362
fji,sex_f,geo_cov_nat,eco_sector_ser,2024,59.789
fji,sex_f,geo_cov_nat,eco_sector_total,2005,100
fji,sex_f,geo_cov_nat,eco_sector_total,2006,100
fji,sex_f,geo_cov_nat,eco_sector_total,2007,100
fji,sex_f,geo_cov_nat,eco_sector_total,2008,100
fji,sex_f,geo_cov_nat,eco_sector_total,2009,100
fji,sex_f,geo_cov_nat,eco_sector_total,2010,100
fji,sex_f,geo_cov_nat,eco_sector_total,2011,100
fji,sex_f,geo_cov_nat,eco_sector_total,2012,100
fji,sex_f,geo_cov_nat,eco_sector_total,2013,100
fji,sex_f,geo_cov_nat,eco_sector_total,2014,100
fji,sex_f,geo_cov_nat,eco_sector_total,2015,100
fji,sex_f,geo_cov_nat,eco_sector_total,2016,100
fji,sex_f,geo_cov_nat,eco_sector_total,2017,100
fji,sex_f,geo_cov_nat,eco_sector_total,2018,100
fji,sex_f,geo_cov_nat,eco_sector_total,2019,100
fji,sex_f,geo_cov_nat,eco_sector_total,2020,100
fji,sex_f,geo_cov_nat,eco_sector_total,2021,100
fji,sex_f,geo_cov_nat,eco_sector_total,2022,100
fji,sex_f,geo_cov_nat,eco_sector_total,2023,100
fji,sex_f,geo_cov_nat,eco_sector_total,2024,100
fji,sex_f,geo_cov_rur,eco_sector_agr,2005,19.026
fji,sex_f,geo_cov_rur,eco_sector_agr,2006,18.495
fji,sex_f,geo_cov_rur,eco_sector_agr,2007,17.858
fji,sex_f,geo_cov_rur,eco_sector_agr,2008,17.698
fji,sex_f,geo_cov_rur,eco_sector_agr,2009,17.63
fji,sex_f,geo_cov_rur,eco_sector_agr,2010,17.552
fji,sex_f,geo_cov_rur,eco_sector_agr,2011,16.863
fji,sex_f,geo_cov_rur,eco_sector_agr,2012,16.984
fji,sex_f,geo_cov_rur,eco_sector_agr,2013,16.641
fji,sex_f,geo_cov_rur,eco_sector_agr,2014,16.443
fji,sex_f,geo_cov_rur,eco_sector_agr,2015,13.974
fji,sex_f,geo_cov_rur,eco_sector_agr,2016,11.796
fji,sex_f,geo_cov_rur,eco_sector_agr,2017,11.149
fji,sex_f,geo_cov_rur,eco_sector_agr,2018,10.524
fji,sex_f,geo_cov_rur,eco_sector_agr,2019,10.142
fji,sex_f,geo_cov_rur,eco_sector_agr,2020,9.879
fji,sex_f,geo_cov_rur,eco_sector_agr,2021,9.662
fji,sex_f,geo_cov_rur,eco_sector_agr,2022,9.494
fji,sex_f,geo_cov_rur,eco_sector_agr,2023,9.366
fji,sex_f,geo_cov_rur,eco_sector_agr,2024,9.268
fji,sex_f,geo_cov_rur,eco_sector_ind,2005,14.807
fji,sex_f,geo_cov_rur,eco_sector_ind,2006,14.706
fji,sex_f,geo_cov_rur,eco_sector_ind,2007,14.359
fji,sex_f,geo_cov_rur,eco_sector_ind,2008,14.246
fji,sex_f,geo_cov_rur,eco_sector_ind,2009,14.075
fji,sex_f,geo_cov_rur,eco_sector_ind,2010,14.157
fji,sex_f,geo_cov_rur,eco_sector_ind,2011,14.059
fji,sex_f,geo_cov_rur,eco_sector_ind,2012,12.537
fji,sex_f,geo_cov_rur,eco_sector_ind,2013,11.262
fji,sex_f,geo_cov_rur,eco_sector_ind,2014,10.219
fji,sex_f,geo_cov_rur,eco_sector_ind,2015,10.202
fji,sex_f,geo_cov_rur,eco_sector_ind,2016,10.129
fji,sex_f,geo_cov_rur,eco_sector_ind,2017,10.134
fji,sex_f,geo_cov_rur,eco_sector_ind,2018,10.107
fji,sex_f,geo_cov_rur,eco_sector_ind,2019,10.036
fji,sex_f,geo_cov_rur,eco_sector_ind,2020,10.003
fji,sex_f,geo_cov_rur,eco_sector_ind,2021,9.982
fji,sex_f,geo_cov_rur,eco_sector_ind,2022,9.961
fji,sex_f,geo_cov_rur,eco_sector_ind,2023,9.943
fji,sex_f,geo_cov_rur,eco_sector_ind,2024,9.928
fji,sex_f,geo_cov_rur,eco_sector_ser,2005,66.166
fji,sex_f,geo_cov_rur,eco_sector_ser,2006,66.799
fji,sex_f,geo_cov_rur,eco_sector_ser,2007,67.783
fji,sex_f,geo_cov_rur,eco_sector_ser,2008,68.056
fji,sex_f,geo_cov_rur,eco_sector_ser,2009,68.295
fji,sex_f,geo_cov_rur,eco_sector_ser,2010,68.291
fji,sex_f,geo_cov_rur,eco_sector_ser,2011,69.079
fji,sex_f,geo_cov_rur,eco_sector_ser,2012,70.479
fji,sex_f,geo_cov_rur,eco_sector_ser,2013,72.097
fji,sex_f,geo_cov_rur,eco_sector_ser,2014,73.338
fji,sex_f,geo_cov_rur,eco_sector_ser,2015,75.824
fji,sex_f,geo_cov_rur,eco_sector_ser,2016,78.075
fji,sex_f,geo_cov_rur,eco_sector_ser,2017,78.717
fji,sex_f,geo_cov_rur,eco_sector_ser,2018,79.369
fji,sex_f,geo_cov_rur,eco_sector_ser,2019,79.821
fji,sex_f,geo_cov_rur,eco_sector_ser,2020,80.118
fji,sex_f,geo_cov_rur,eco_sector_ser,2021,80.356
fji,sex_f,geo_cov_rur,eco_sector_ser,2022,80.546
fji,sex_f,geo_cov_rur,eco_sector_ser,2023,80.691
fji,sex_f,geo_cov_rur,eco_sector_ser,2024,80.804
fji,sex_f,geo_cov_rur,eco_sector_total,2005,100
fji,sex_f,geo_cov_rur,eco_sector_total,2006,100
fji,sex_f,geo_cov_rur,eco_sector_total,2007,100
fji,sex_f,geo_cov_rur,eco_sector_total,2008,100
fji,sex_f,geo_cov_rur,eco_sector_total,2009,100
fji,sex_f,geo_cov_rur,eco_sector_total,2010,100
fji,sex_f,geo_cov_rur,eco_sector_total,2011,100
fji,sex_f,geo_cov_rur,eco_sector_total,2012,100
fji,sex_f,geo_cov_rur,eco_sector_total,2013,100
fji,sex_f,geo_cov_rur,eco_sector_total,2014,100
fji,sex_f,geo_cov_rur,eco_sector_total,2015,100
fji,sex_f,geo_cov_rur,eco_sector_total,2016,100
fji,sex_f,geo_cov_rur,eco_sector_total,2017,100
fji,sex_f,geo_cov_rur,eco_sector_total,2018,100
fji,sex_f,geo_cov_rur,eco_sector_total,2019,100
fji,sex_f,geo_cov_rur,eco_sector_total,2020,100
fji,sex_f,geo_cov_rur,eco_sector_total,2021,100
fji,sex_f,geo_cov_rur,eco_sector_total,2022,100
fji,sex_f,geo_cov_rur,eco_sector_total,2023,100
fji,sex_f,geo_cov_rur,eco_sector_total,2024,100
fji,sex_f,geo_cov_urb,eco_sector_agr,2005,66.642
fji,sex_f,geo_cov_urb,eco_sector_agr,2006,66.178
fji,sex_f,geo_cov_urb,eco_sector_agr,2007,65.635
fji,sex_f,geo_cov_urb,eco_sector_agr,2008,65.463
fji,sex_f,geo_cov_urb,eco_sector_agr,2009,65.383
fji,sex_f,geo_cov_urb,eco_sector_agr,2010,65.25
fji,sex_f,geo_cov_urb,eco_sector_agr,2011,64.511
fji,sex_f,geo_cov_urb,eco_sector_agr,2012,64.688
fji,sex_f,geo_cov_urb,eco_sector_agr,2013,64.183
fji,sex_f,geo_cov_urb,eco_sector_agr,2014,63.702
fji,sex_f,geo_cov_urb,eco_sector_agr,2015,60.842
fji,sex_f,geo_cov_urb,eco_sector_agr,2016,58.086
fji,sex_f,geo_cov_urb,eco_sector_agr,2017,56.727
fji,sex_f,geo_cov_urb,eco_sector_agr,2018,55.167
fji,sex_f,geo_cov_urb,eco_sector_agr,2019,53.975
fji,sex_f,geo_cov_urb,eco_sector_agr,2020,53.035
fji,sex_f,geo_cov_urb,eco_sector_agr,2021,52.143
fji,sex_f,geo_cov_urb,eco_sector_agr,2022,51.328
fji,sex_f,geo_cov_urb,eco_sector_agr,2023,50.601
fji,sex_f,geo_cov_urb,eco_sector_agr,2024,49.95
fji,sex_f,geo_cov_urb,eco_sector_ind,2005,9.873
fji,sex_f,geo_cov_urb,eco_sector_ind,2006,9.847
fji,sex_f,geo_cov_urb,eco_sector_ind,2007,9.647
fji,sex_f,geo_cov_urb,eco_sector_ind,2008,9.569
fji,sex_f,geo_cov_urb,eco_sector_ind,2009,9.437
fji,sex_f,geo_cov_urb,eco_sector_ind,2010,9.498
fji,sex_f,geo_cov_urb,eco_sector_ind,2011,9.492
fji,sex_f,geo_cov_urb,eco_sector_ind,2012,8.328
fji,sex_f,geo_cov_urb,eco_sector_ind,2013,7.425
fji,sex_f,geo_cov_urb,eco_sector_ind,2014,6.69
fji,sex_f,geo_cov_urb,eco_sector_ind,2015,6.909
fji,sex_f,geo_cov_urb,eco_sector_ind,2016,7.066
fji,sex_f,geo_cov_urb,eco_sector_ind,2017,7.112
fji,sex_f,geo_cov_urb,eco_sector_ind,2018,7.125
fji,sex_f,geo_cov_urb,eco_sector_ind,2019,7.084
fji,sex_f,geo_cov_urb,eco_sector_ind,2020,7.063
fji,sex_f,geo_cov_urb,eco_sector_ind,2021,7.045
fji,sex_f,geo_cov_urb,eco_sector_ind,2022,7.023
fji,sex_f,geo_cov_urb,eco_sector_ind,2023,7.001
fji,sex_f,geo_cov_urb,eco_sector_ind,2024,6.978
fji,sex_f,geo_cov_urb,eco_sector_ser,2005,23.485
fji,sex_f,geo_cov_urb,eco_sector_ser,2006,23.974
fji,sex_f,geo_cov_urb,eco_sector_ser,2007,24.718
fji,sex_f,geo_cov_urb,eco_sector_ser,2008,24.967
fji,sex_f,geo_cov_urb,eco_sector_ser,2009,25.18
fji,sex_f,geo_cov_urb,eco_sector_ser,2010,25.252
fji,sex_f,geo_cov_urb,eco_sector_ser,2011,25.997
fji,sex_f,geo_cov_urb,eco_sector_ser,2012,26.984
fji,sex_f,geo_cov_urb,eco_sector_ser,2013,28.391
fji,sex_f,geo_cov_urb,eco_sector_ser,2014,29.608
fji,sex_f,geo_cov_urb,eco_sector_ser,2015,32.249
fji,sex_f,geo_cov_urb,eco_sector_ser,2016,34.848
fji,sex_f,geo_cov_urb,eco_sector_ser,2017,36.162
fji,sex_f,geo_cov_urb,eco_sector_ser,2018,37.708
fji,sex_f,geo_cov_urb,eco_sector_ser,2019,38.941
fji,sex_f,geo_cov_urb,eco_sector_ser,2020,39.902
fji,sex_f,geo_cov_urb,eco_sector_ser,2021,40.812
fji,sex_f,geo_cov_urb,eco_sector_ser,2022,41.649
fji,sex_f,geo_cov_urb,eco_sector_ser,2023,42.398
fji,sex_f,geo_cov_urb,eco_sector_ser,2024,43.072
fji,sex_f,geo_cov_urb,eco_sector_total,2005,100
fji,sex_f,geo_cov_urb,eco_sector_total,2006,100
fji,sex_f,geo_cov_urb,eco_sector_total,2007,100
fji,sex_f,geo_cov_urb,eco_sector_total,2008,100
fji,sex_f,geo_cov_urb,eco_sector_total,2009,100
fji,sex_f,geo_cov_urb,eco_sector_total,2010,100
fji,sex_f,geo_cov_urb,eco_sector_total,2011,100
fji,sex_f,geo_cov_urb,eco_sector_total,2012,100
fji,sex_f,geo_cov_urb,eco_sector_total,2013,100
fji,sex_f,geo_cov_urb,eco_sector_total,2014,100
fji,sex_f,geo_cov_urb,eco_sector_total,2015,100
fji,sex_f,geo_cov_urb,eco_sector_total,2016,100
fji,sex_f,geo_cov_urb,eco_sector_total,2017,100
fji,sex_f,geo_cov_urb,eco_sector_total,2018,100
fji,sex_f,geo_cov_urb,eco_sector_total,2019,100
fji,sex_f,geo_cov_urb,eco_sector_total,2020,100
fji,sex_f,geo_cov_urb,eco_sector_total,2021,100
fji,sex_f,geo_cov_urb,eco_sector_total,2022,100
fji,sex_f,geo_cov_urb,eco_sector_total,2023,100
fji,sex_f,geo_cov_urb,eco_sector_total,2024,100
fji,sex_m,geo_cov_nat,eco_sector_agr,2005,46.324
fji,sex_m,geo_cov_nat,eco_sector_agr,2006,45.871
fji,sex_m,geo_cov_nat,eco_sector_agr,2007,45.561
fji,sex_m,geo_cov_nat,eco_sector_agr,2008,45.129
fji,sex_m,geo_cov_nat,eco_sector_agr,2009,45.056
fji,sex_m,geo_cov_nat,eco_sector_agr,2010,44.695
fji,sex_m,geo_cov_nat,eco_sector_agr,2011,44.14
fji,sex_m,geo_cov_nat,eco_sector_agr,2012,43.313
fji,sex_m,geo_cov_nat,eco_sector_agr,2013,41.932
fji,sex_m,geo_cov_nat,eco_sector_agr,2014,40.703
fji,sex_m,geo_cov_nat,eco_sector_agr,2015,39.813
fji,sex_m,geo_cov_nat,eco_sector_agr,2016,39.508
fji,sex_m,geo_cov_nat,eco_sector_agr,2017,38.6
fji,sex_m,geo_cov_nat,eco_sector_agr,2018,37.66
fji,sex_m,geo_cov_nat,eco_sector_agr,2019,37.077
fji,sex_m,geo_cov_nat,eco_sector_agr,2020,36.592
fji,sex_m,geo_cov_nat,eco_sector_agr,2021,36.114
fji,sex_m,geo_cov_nat,eco_sector_agr,2022,35.676
fji,sex_m,geo_cov_nat,eco_sector_agr,2023,35.282
fji,sex_m,geo_cov_nat,eco_sector_agr,2024,34.926
fji,sex_m,geo_cov_nat,eco_sector_ind,2005,16.137
fji,sex_m,geo_cov_nat,eco_sector_ind,2006,16.151
fji,sex_m,geo_cov_nat,eco_sector_ind,2007,15.785
fji,sex_m,geo_cov_nat,eco_sector_ind,2008,15.791
fji,sex_m,geo_cov_nat,eco_sector_ind,2009,15.546
fji,sex_m,geo_cov_nat,eco_sector_ind,2010,15.784
fji,sex_m,geo_cov_nat,eco_sector_ind,2011,15.809
fji,sex_m,geo_cov_nat,eco_sector_ind,2012,15.542
fji,sex_m,geo_cov_nat,eco_sector_ind,2013,15.566
fji,sex_m,geo_cov_nat,eco_sector_ind,2014,15.544
fji,sex_m,geo_cov_nat,eco_sector_ind,2015,15.573
fji,sex_m,geo_cov_nat,eco_sector_ind,2016,15.393
fji,sex_m,geo_cov_nat,eco_sector_ind,2017,15.6
fji,sex_m,geo_cov_nat,eco_sector_ind,2018,15.756
fji,sex_m,geo_cov_nat,eco_sector_ind,2019,15.719
fji,sex_m,geo_cov_nat,eco_sector_ind,2020,15.73
fji,sex_m,geo_cov_nat,eco_sector_ind,2021,15.758
fji,sex_m,geo_cov_nat,eco_sector_ind,2022,15.781
fji,sex_m,geo_cov_nat,eco_sector_ind,2023,15.802
fji,sex_m,geo_cov_nat,eco_sector_ind,2024,15.821
fji,sex_m,geo_cov_nat,eco_sector_ser,2005,37.54
fji,sex_m,geo_cov_nat,eco_sector_ser,2006,37.978
fji,sex_m,geo_cov_nat,eco_sector_ser,2007,38.653
fji,sex_m,geo_cov_nat,eco_sector_ser,2008,39.081
fji,sex_m,geo_cov_nat,eco_sector_ser,2009,39.398
fji,sex_m,geo_cov_nat,eco_sector_ser,2010,39.521
fji,sex_m,geo_cov_nat,eco_sector_ser,2011,40.052
fji,sex_m,geo_cov_nat,eco_sector_ser,2012,41.144
fji,sex_m,geo_cov_nat,eco_sector_ser,2013,42.502
fji,sex_m,geo_cov_nat,eco_sector_ser,2014,43.753
fji,sex_m,geo_cov_nat,eco_sector_ser,2015,44.614
fji,sex_m,geo_cov_nat,eco_sector_ser,2016,45.098
fji,sex_m,geo_cov_nat,eco_sector_ser,2017,45.8
fji,sex_m,geo_cov_nat,eco_sector_ser,2018,46.584
fji,sex_m,geo_cov_nat,eco_sector_ser,2019,47.204
fji,sex_m,geo_cov_nat,eco_sector_ser,2020,47.678
fji,sex_m,geo_cov_nat,eco_sector_ser,2021,48.128
fji,sex_m,geo_cov_nat,eco_sector_ser,2022,48.543
fji,sex_m,geo_cov_nat,eco_sector_ser,2023,48.916
fji,sex_m,geo_cov_nat,eco_sector_ser,2024,49.253
fji,sex_m,geo_cov_nat,eco_sector_total,2005,100
fji,sex_m,geo_cov_nat,eco_sector_total,2006,100
fji,sex_m,geo_cov_nat,eco_sector_total,2007,100
fji,sex_m,geo_cov_nat,eco_sector_total,2008,100
fji,sex_m,geo_cov_nat,eco_sector_total,2009,100
fji,sex_m,geo_cov_nat,eco_sector_total,2010,100
fji,sex_m,geo_cov_nat,eco_sector_total,2011,100
fji,sex_m,geo_cov_nat,eco_sector_total,2012,100
fji,sex_m,geo_cov_nat,eco_sector_total,2013,100
fji,sex_m,geo_cov_nat,eco_sector_total,2014,100
fji,sex_m,geo_cov_nat,eco_sector_total,2015,100
fji,sex_m,geo_cov_nat,eco_sector_total,2016,100
fji,sex_m,geo_cov_nat,eco_sector_total,2017,100
fji,sex_m,geo_cov_nat,eco_sector_total,2018,100
fji,sex_m,geo_cov_nat,eco_sector_total,2019,100
fji,sex_m,geo_cov_nat,eco_sector_total,2020,100
fji,sex_m,geo_cov_nat,eco_sector_total,2021,100
fji,sex_m,geo_cov_nat,eco_sector_total,2022,100
fji,sex_m,geo_cov_nat,eco_sector_total,2023,100
fji,sex_m,geo_cov_nat,eco_sector_total,2024,100
fji,sex_m,geo_cov_rur,eco_sector_agr,2005,22.082
fji,sex_m,geo_cov_rur,eco_sector_agr,2006,21.749
fji,sex_m,geo_cov_rur,eco_sector_agr,2007,21.616
fji,sex_m,geo_cov_rur,eco_sector_agr,2008,21.32
fji,sex_m,geo_cov_rur,eco_sector_agr,2009,21.364
fji,sex_m,geo_cov_rur,eco_sector_agr,2010,21.073
fji,sex_m,geo_cov_rur,eco_sector_agr,2011,20.711
fji,sex_m,geo_cov_rur,eco_sector_agr,2012,20.262
fji,sex_m,geo_cov_rur,eco_sector_agr,2013,19.593
fji,sex_m,geo_cov_rur,eco_sector_agr,2014,19.233
fji,sex_m,geo_cov_rur,eco_sector_agr,2015,18.816
fji,sex_m,geo_cov_rur,eco_sector_agr,2016,18.578
fji,sex_m,geo_cov_rur,eco_sector_agr,2017,18.555
fji,sex_m,geo_cov_rur,eco_sector_agr,2018,18.772
fji,sex_m,geo_cov_rur,eco_sector_agr,2019,19.109
fji,sex_m,geo_cov_rur,eco_sector_agr,2020,19.447
fji,sex_m,geo_cov_rur,eco_sector_agr,2021,18.847
fji,sex_m,geo_cov_rur,eco_sector_agr,2022,18.274
fji,sex_m,geo_cov_rur,eco_sector_agr,2023,17.803
fji,sex_m,geo_cov_rur,eco_sector_agr,2024,17.412
fji,sex_m,geo_cov_rur,eco_sector_ind,2005,24.204
fji,sex_m,geo_cov_rur,eco_sector_ind,2006,24.163
fji,sex_m,geo_cov_rur,eco_sector_ind,2007,23.59
fji,sex_m,geo_cov_rur,eco_sector_ind,2008,23.542
fji,sex_m,geo_cov_rur,eco_sector_ind,2009,23.167
fji,sex_m,geo_cov_rur,eco_sector_ind,2010,23.464
fji,sex_m,geo_cov_rur,eco_sector_ind,2011,23.434
fji,sex_m,geo_cov_rur,eco_sector_ind,2012,22.976
fji,sex_m,geo_cov_rur,eco_sector_ind,2013,22.86
fji,sex_m,geo_cov_rur,eco_sector_ind,2014,22.687
fji,sex_m,geo_cov_rur,eco_sector_ind,2015,22.738
fji,sex_m,geo_cov_rur,eco_sector_ind,2016,22.593
fji,sex_m,geo_cov_rur,eco_sector_ind,2017,22.778
fji,sex_m,geo_cov_rur,eco_sector_ind,2018,22.872
fji,sex_m,geo_cov_rur,eco_sector_ind,2019,22.755
fji,sex_m,geo_cov_rur,eco_sector_ind,2020,22.712
fji,sex_m,geo_cov_rur,eco_sector_ind,2021,22.874
fji,sex_m,geo_cov_rur,eco_sector_ind,2022,23.028
fji,sex_m,geo_cov_rur,eco_sector_ind,2023,23.167
fji,sex_m,geo_cov_rur,eco_sector_ind,2024,23.291
fji,sex_m,geo_cov_rur,eco_sector_ser,2005,53.714
fji,sex_m,geo_cov_rur,eco_sector_ser,2006,54.088
fji,sex_m,geo_cov_rur,eco_sector_ser,2007,54.795
fji,sex_m,geo_cov_rur,eco_sector_ser,2008,55.138
fji,sex_m,geo_cov_rur,eco_sector_ser,2009,55.469
fji,sex_m,geo_cov_rur,eco_sector_ser,2010,55.463
fji,sex_m,geo_cov_rur,eco_sector_ser,2011,55.855
fji,sex_m,geo_cov_rur,eco_sector_ser,2012,56.762
fji,sex_m,geo_cov_rur,eco_sector_ser,2013,57.547
fji,sex_m,geo_cov_rur,eco_sector_ser,2014,58.08
fji,sex_m,geo_cov_rur,eco_sector_ser,2015,58.446
fji,sex_m,geo_cov_rur,eco_sector_ser,2016,58.829
fji,sex_m,geo_cov_rur,eco_sector_ser,2017,58.667
fji,sex_m,geo_cov_rur,eco_sector_ser,2018,58.356
fji,sex_m,geo_cov_rur,eco_sector_ser,2019,58.136
fji,sex_m,geo_cov_rur,eco_sector_ser,2020,57.841
fji,sex_m,geo_cov_rur,eco_sector_ser,2021,58.279
fji,sex_m,geo_cov_rur,eco_sector_ser,2022,58.697
fji,sex_m,geo_cov_rur,eco_sector_ser,2023,59.031
fji,sex_m,geo_cov_rur,eco_sector_ser,2024,59.298
fji,sex_m,geo_cov_rur,eco_sector_total,2005,100
fji,sex_m,geo_cov_rur,eco_sector_total,2006,100
fji,sex_m,geo_cov_rur,eco_sector_total,2007,100
fji,sex_m,geo_cov_rur,eco_sector_total,2008,100
fji,sex_m,geo_cov_rur,eco_sector_total,2009,100
fji,sex_m,geo_cov_rur,eco_sector_total,2010,100
fji,sex_m,geo_cov_rur,eco_sector_total,2011,100
fji,sex_m,geo_cov_rur,eco_sector_total,2012,100
fji,sex_m,geo_cov_rur,eco_sector_total,2013,100
fji,sex_m,geo_cov_rur,eco_sector_total,2014,100
fji,sex_m,geo_cov_rur,eco_sector_total,2015,100
fji,sex_m,geo_cov_rur,eco_sector_total,2016,100
fji,sex_m,geo_cov_rur,eco_sector_total,2017,100
fji,sex_m,geo_cov_rur,eco_sector_total,2018,100
fji,sex_m,geo_cov_rur,eco_sector_total,2019,100
fji,sex_m,geo_cov_rur,eco_sector_total,2020,100
fji,sex_m,geo_cov_rur,eco_sector_total,2021,100
fji,sex_m,geo_cov_rur,eco_sector_total,2022,100
fji,sex_m,geo_cov_rur,eco_sector_total,2023,100
fji,sex_m,geo_cov_rur,eco_sector_total,2024,100
fji,sex_m,geo_cov_urb,eco_sector_agr,2005,73.366
fji,sex_m,geo_cov_urb,eco_sector_agr,2006,72.84
fji,sex_m,geo_cov_urb,eco_sector_agr,2007,72.395
fji,sex_m,geo_cov_urb,eco_sector_agr,2008,71.853
fji,sex_m,geo_cov_urb,eco_sector_agr,2009,71.725
fji,sex_m,geo_cov_urb,eco_sector_agr,2010,71.311
fji,sex_m,geo_cov_urb,eco_sector_agr,2011,70.552
fji,sex_m,geo_cov_urb,eco_sector_agr,2012,69.226
fji,sex_m,geo_cov_urb,eco_sector_agr,2013,66.974
fji,sex_m,geo_cov_urb,eco_sector_agr,2014,64.711
fji,sex_m,geo_cov_urb,eco_sector_agr,2015,62.676
fji,sex_m,geo_cov_urb,eco_sector_agr,2016,61.643
fji,sex_m,geo_cov_urb,eco_sector_agr,2017,59.656
fji,sex_m,geo_cov_urb,eco_sector_agr,2018,57.376
fji,sex_m,geo_cov_urb,eco_sector_agr,2019,55.73
fji,sex_m,geo_cov_urb,eco_sector_agr,2020,54.299
fji,sex_m,geo_cov_urb,eco_sector_agr,2021,53.858
fji,sex_m,geo_cov_urb,eco_sector_agr,2022,53.472
fji,sex_m,geo_cov_urb,eco_sector_agr,2023,53.073
fji,sex_m,geo_cov_urb,eco_sector_agr,2024,52.671
fji,sex_m,geo_cov_urb,eco_sector_ind,2005,7.137
fji,sex_m,geo_cov_urb,eco_sector_ind,2006,7.194
fji,sex_m,geo_cov_urb,eco_sector_ind,2007,7.04
fji,sex_m,geo_cov_urb,eco_sector_ind,2008,7.09
fji,sex_m,geo_cov_urb,eco_sector_ind,2009,6.966
fji,sex_m,geo_cov_urb,eco_sector_ind,2010,7.13
fji,sex_m,geo_cov_urb,eco_sector_ind,2011,7.212
fji,sex_m,geo_cov_urb,eco_sector_ind,2012,7.186
fji,sex_m,geo_cov_urb,eco_sector_ind,2013,7.39
fji,sex_m,geo_cov_urb,eco_sector_ind,2014,7.556
fji,sex_m,geo_cov_urb,eco_sector_ind,2015,7.771
fji,sex_m,geo_cov_urb,eco_sector_ind,2016,7.78
fji,sex_m,geo_cov_urb,eco_sector_ind,2017,8.061
fji,sex_m,geo_cov_urb,eco_sector_ind,2018,8.328
fji,sex_m,geo_cov_urb,eco_sector_ind,2019,8.414
fji,sex_m,geo_cov_urb,eco_sector_ind,2020,8.519
fji,sex_m,geo_cov_urb,eco_sector_ind,2021,8.446
fji,sex_m,geo_cov_urb,eco_sector_ind,2022,8.369
fji,sex_m,geo_cov_urb,eco_sector_ind,2023,8.306
fji,sex_m,geo_cov_urb,eco_sector_ind,2024,8.253
fji,sex_m,geo_cov_urb,eco_sector_ser,2005,19.497
fji,sex_m,geo_cov_urb,eco_sector_ser,2006,19.966
fji,sex_m,geo_cov_urb,eco_sector_ser,2007,20.565
fji,sex_m,geo_cov_urb,eco_sector_ser,2008,21.057
fji,sex_m,geo_cov_urb,eco_sector_ser,2009,21.309
fji,sex_m,geo_cov_urb,eco_sector_ser,2010,21.559
fji,sex_m,geo_cov_urb,eco_sector_ser,2011,22.236
fji,sex_m,geo_cov_urb,eco_sector_ser,2012,23.588
fji,sex_m,geo_cov_urb,eco_sector_ser,2013,25.637
fji,sex_m,geo_cov_urb,eco_sector_ser,2014,27.733
fji,sex_m,geo_cov_urb,eco_sector_ser,2015,29.553
fji,sex_m,geo_cov_urb,eco_sector_ser,2016,30.577
fji,sex_m,geo_cov_urb,eco_sector_ser,2017,32.283
fji,sex_m,geo_cov_urb,eco_sector_ser,2018,34.296
fji,sex_m,geo_cov_urb,eco_sector_ser,2019,35.856
fji,sex_m,geo_cov_urb,eco_sector_ser,2020,37.183
fji,sex_m,geo_cov_urb,eco_sector_ser,2021,37.696
fji,sex_m,geo_cov_urb,eco_sector_ser,2022,38.158
fji,sex_m,geo_cov_urb,eco_sector_ser,2023,38.621
fji,sex_m,geo_cov_urb,eco_sector_ser,2024,39.076
fji,sex_m,geo_cov_urb,eco_sector_total,2005,100
fji,sex_m,geo_cov_urb,eco_sector_total,2006,100
fji,sex_m,geo_cov_urb,eco_sector_total,2007,100
fji,sex_m,geo_cov_urb,eco_sector_total,2008,100
fji,sex_m,geo_cov_urb,eco_sector_total,2009,100
fji,sex_m,geo_cov_urb,eco_sector_total,2010,100
fji,sex_m,geo_cov_urb,eco_sector_total,2011,100
fji,sex_m,geo_cov_urb,eco_sector_total,2012,100
fji,sex_m,geo_cov_urb,eco_sector_total,2013,100
fji,sex_m,geo_cov_urb,eco_sector_total,2014,100
fji,sex_m,geo_cov_urb,eco_sector_total,2015,100
fji,sex_m,geo_cov_urb,eco_sector_total,2016,100
fji,sex_m,geo_cov_urb,eco_sector_total,2017,100
fji,sex_m,geo_cov_urb,eco_sector_total,2018,100
fji,sex_m,geo_cov_urb,eco_sector_total,2019,100
fji,sex_m,geo_cov_urb,eco_sector_total,2020,100
fji,sex_m,geo_cov_urb,eco_sector_total,2021,100
fji,sex_m,geo_cov_urb,eco_sector_total,2022,100
fji,sex_m,geo_cov_urb,eco_sector_total,2023,100
fji,sex_m,geo_cov_urb,eco_sector_total,2024,100
fji,sex_t,geo_cov_nat,eco_sector_agr,2005,46.034
fji,sex_t,geo_cov_nat,eco_sector_agr,2006,45.46
fji,sex_t,geo_cov_nat,eco_sector_agr,2007,44.951
fji,sex_t,geo_cov_nat,eco_sector_agr,2008,44.487
fji,sex_t,geo_cov_nat,eco_sector_agr,2009,44.297
fji,sex_t,geo_cov_nat,eco_sector_agr,2010,43.9
fji,sex_t,geo_cov_nat,eco_sector_agr,2011,43.163
fji,sex_t,geo_cov_nat,eco_sector_agr,2012,42.59
fji,sex_t,geo_cov_nat,eco_sector_agr,2013,41.45
fji,sex_t,geo_cov_nat,eco_sector_agr,2014,40.434
fji,sex_t,geo_cov_nat,eco_sector_agr,2015,39.439
fji,sex_t,geo_cov_nat,eco_sector_agr,2016,38.898
fji,sex_t,geo_cov_nat,eco_sector_agr,2017,37.941
fji,sex_t,geo_cov_nat,eco_sector_agr,2018,36.931
fji,sex_t,geo_cov_nat,eco_sector_agr,2019,36.26
fji,sex_t,geo_cov_nat,eco_sector_agr,2020,35.719
fji,sex_t,geo_cov_nat,eco_sector_agr,2021,35.196
fji,sex_t,geo_cov_nat,eco_sector_agr,2022,34.72
fji,sex_t,geo_cov_nat,eco_sector_agr,2023,34.297
fji,sex_t,geo_cov_nat,eco_sector_agr,2024,33.919
fji,sex_t,geo_cov_nat,eco_sector_ind,2005,14.926
fji,sex_t,geo_cov_nat,eco_sector_ind,2006,14.892
fji,sex_t,geo_cov_nat,eco_sector_ind,2007,14.528
fji,sex_t,geo_cov_nat,eco_sector_ind,2008,14.476
fji,sex_t,geo_cov_nat,eco_sector_ind,2009,14.235
fji,sex_t,geo_cov_nat,eco_sector_ind,2010,14.391
fji,sex_t,geo_cov_nat,eco_sector_ind,2011,14.362
fji,sex_t,geo_cov_nat,eco_sector_ind,2012,13.745
fji,sex_t,geo_cov_nat,eco_sector_ind,2013,13.415
fji,sex_t,geo_cov_nat,eco_sector_ind,2014,13.121
fji,sex_t,geo_cov_nat,eco_sector_ind,2015,13.206
fji,sex_t,geo_cov_nat,eco_sector_ind,2016,13.133
fji,sex_t,geo_cov_nat,eco_sector_ind,2017,13.282
fji,sex_t,geo_cov_nat,eco_sector_ind,2018,13.382
fji,sex_t,geo_cov_nat,eco_sector_ind,2019,13.326
fji,sex_t,geo_cov_nat,eco_sector_ind,2020,13.312
fji,sex_t,geo_cov_nat,eco_sector_ind,2021,13.311
fji,sex_t,geo_cov_nat,eco_sector_ind,2022,13.304
fji,sex_t,geo_cov_nat,eco_sector_ind,2023,13.297
fji,sex_t,geo_cov_nat,eco_sector_ind,2024,13.289
fji,sex_t,geo_cov_nat,eco_sector_ser,2005,39.04
fji,sex_t,geo_cov_nat,eco_sector_ser,2006,39.648
fji,sex_t,geo_cov_nat,eco_sector_ser,2007,40.521
fji,sex_t,geo_cov_nat,eco_sector_ser,2008,41.036
fji,sex_t,geo_cov_nat,eco_sector_ser,2009,41.469
fji,sex_t,geo_cov_nat,eco_sector_ser,2010,41.709
fji,sex_t,geo_cov_nat,eco_sector_ser,2011,42.475
fji,sex_t,geo_cov_nat,eco_sector_ser,2012,43.665
fji,sex_t,geo_cov_nat,eco_sector_ser,2013,45.136
fji,sex_t,geo_cov_nat,eco_sector_ser,2014,46.445
fji,sex_t,geo_cov_nat,eco_sector_ser,2015,47.356
fji,sex_t,geo_cov_nat,eco_sector_ser,2016,47.968
fji,sex_t,geo_cov_nat,eco_sector_ser,2017,48.777
fji,sex_t,geo_cov_nat,eco_sector_ser,2018,49.687
fji,sex_t,geo_cov_nat,eco_sector_ser,2019,50.414
fji,sex_t,geo_cov_nat,eco_sector_ser,2020,50.969
fji,sex_t,geo_cov_nat,eco_sector_ser,2021,51.494
fji,sex_t,geo_cov_nat,eco_sector_ser,2022,51.976
fji,sex_t,geo_cov_nat,eco_sector_ser,2023,52.406
fji,sex_t,geo_cov_nat,eco_sector_ser,2024,52.792
fji,sex_t,geo_cov_nat,eco_sector_total,2005,100
fji,sex_t,geo_cov_nat,eco_sector_total,2006,100
fji,sex_t,geo_cov_nat,eco_sector_total,2007,100
fji,sex_t,geo_cov_nat,eco_sector_total,2008,100
fji,sex_t,geo_cov_nat,eco_sector_total,2009,100
fji,sex_t,geo_cov_nat,eco_sector_total,2010,100
fji,sex_t,geo_cov_nat,eco_sector_total,2011,100
fji,sex_t,geo_cov_nat,eco_sector_total,2012,100
fji,sex_t,geo_cov_nat,eco_sector_total,2013,100
fji,sex_t,geo_cov_nat,eco_sector_total,2014,100
fji,sex_t,geo_cov_nat,eco_sector_total,2015,100
fji,sex_t,geo_cov_nat,eco_sector_total,2016,100
fji,sex_t,geo_cov_nat,eco_sector_total,2017,100
fji,sex_t,geo_cov_nat,eco_sector_total,2018,100
fji,sex_t,geo_cov_nat,eco_sector_total,2019,100
fji,sex_t,geo_cov_nat,eco_sector_total,2020,100
fji,sex_t,geo_cov_nat,eco_sector_total,2021,100
fji,sex_t,geo_cov_nat,eco_sector_total,2022,100
fji,sex_t,geo_cov_nat,eco_sector_total,2023,100
fji,sex_t,geo_cov_nat,eco_sector_total,2024,100
fji,sex_t,geo_cov_rur,eco_sector_agr,2005,21.272
fji,sex_t,geo_cov_rur,eco_sector_agr,2006,20.851
fji,sex_t,geo_cov_rur,eco_sector_agr,2007,20.534
fji,sex_t,geo_cov_rur,eco_sector_agr,2008,20.238
fji,sex_t,geo_cov_rur,eco_sector_agr,2009,20.205
fji,sex_t,geo_cov_rur,eco_sector_agr,2010,19.941
fji,sex_t,geo_cov_rur,eco_sector_agr,2011,19.428
fji,sex_t,geo_cov_rur,eco_sector_agr,2012,19.172
fji,sex_t,geo_cov_rur,eco_sector_agr,2013,18.614
fji,sex_t,geo_cov_rur,eco_sector_agr,2014,18.308
fji,sex_t,geo_cov_rur,eco_sector_agr,2015,17.307
fji,sex_t,geo_cov_rur,eco_sector_agr,2016,16.598
fji,sex_t,geo_cov_rur,eco_sector_agr,2017,16.386
fji,sex_t,geo_cov_rur,eco_sector_agr,2018,16.347
fji,sex_t,geo_cov_rur,eco_sector_agr,2019,16.451
fji,sex_t,geo_cov_rur,eco_sector_agr,2020,16.59
fji,sex_t,geo_cov_rur,eco_sector_agr,2021,16.082
fji,sex_t,geo_cov_rur,eco_sector_agr,2022,15.609
fji,sex_t,geo_cov_rur,eco_sector_agr,2023,15.222
fji,sex_t,geo_cov_rur,eco_sector_agr,2024,14.902
fji,sex_t,geo_cov_rur,eco_sector_ind,2005,21.714
fji,sex_t,geo_cov_rur,eco_sector_ind,2006,21.552
fji,sex_t,geo_cov_rur,eco_sector_ind,2007,20.933
fji,sex_t,geo_cov_rur,eco_sector_ind,2008,20.764
fji,sex_t,geo_cov_rur,eco_sector_ind,2009,20.346
fji,sex_t,geo_cov_rur,eco_sector_ind,2010,20.472
fji,sex_t,geo_cov_rur,eco_sector_ind,2011,20.31
fji,sex_t,geo_cov_rur,eco_sector_ind,2012,19.504
fji,sex_t,geo_cov_rur,eco_sector_ind,2013,19.014
fji,sex_t,geo_cov_rur,eco_sector_ind,2014,18.553
fji,sex_t,geo_cov_rur,eco_sector_ind,2015,18.831
fji,sex_t,geo_cov_rur,eco_sector_ind,2016,18.954
fji,sex_t,geo_cov_rur,eco_sector_ind,2017,19.075
fji,sex_t,geo_cov_rur,eco_sector_ind,2018,19.119
fji,sex_t,geo_cov_rur,eco_sector_ind,2019,18.985
fji,sex_t,geo_cov_rur,eco_sector_ind,2020,18.918
fji,sex_t,geo_cov_rur,eco_sector_ind,2021,18.993
fji,sex_t,geo_cov_rur,eco_sector_ind,2022,19.062
fji,sex_t,geo_cov_rur,eco_sector_ind,2023,19.122
fji,sex_t,geo_cov_rur,eco_sector_ind,2024,19.173
fji,sex_t,geo_cov_rur,eco_sector_ser,2005,57.013
fji,sex_t,geo_cov_rur,eco_sector_ser,2006,57.597
fji,sex_t,geo_cov_rur,eco_sector_ser,2007,58.533
fji,sex_t,geo_cov_rur,eco_sector_ser,2008,58.998
fji,sex_t,geo_cov_rur,eco_sector_ser,2009,59.449
fji,sex_t,geo_cov_rur,eco_sector_ser,2010,59.587
fji,sex_t,geo_cov_rur,eco_sector_ser,2011,60.262
fji,sex_t,geo_cov_rur,eco_sector_ser,2012,61.325
fji,sex_t,geo_cov_rur,eco_sector_ser,2013,62.372
fji,sex_t,geo_cov_rur,eco_sector_ser,2014,63.139
fji,sex_t,geo_cov_rur,eco_sector_ser,2015,63.862
fji,sex_t,geo_cov_rur,eco_sector_ser,2016,64.447
fji,sex_t,geo_cov_rur,eco_sector_ser,2017,64.539
fji,sex_t,geo_cov_rur,eco_sector_ser,2018,64.535
fji,sex_t,geo_cov_rur,eco_sector_ser,2019,64.564
fji,sex_t,geo_cov_rur,eco_sector_ser,2020,64.493
fji,sex_t,geo_cov_rur,eco_sector_ser,2021,64.925
fji,sex_t,geo_cov_rur,eco_sector_ser,2022,65.328
fji,sex_t,geo_cov_rur,eco_sector_ser,2023,65.657
fji,sex_t,geo_cov_rur,eco_sector_ser,2024,65.925
fji,sex_t,geo_cov_rur,eco_sector_total,2005,100
fji,sex_t,geo_cov_rur,eco_sector_total,2006,100
fji,sex_t,geo_cov_rur,eco_sector_total,2007,100
fji,sex_t,geo_cov_rur,eco_sector_total,2008,100
fji,sex_t,geo_cov_rur,eco_sector_total,2009,100
fji,sex_t,geo_cov_rur,eco_sector_total,2010,100
fji,sex_t,geo_cov_rur,eco_sector_total,2011,100
fji,sex_t,geo_cov_rur,eco_sector_total,2012,100
fji,sex_t,geo_cov_rur,eco_sector_total,2013,100
fji,sex_t,geo_cov_rur,eco_sector_total,2014,100
fji,sex_t,geo_cov_rur,eco_sector_total,2015,100
fji,sex_t,geo_cov_rur,eco_sector_total,2016,100
fji,sex_t,geo_cov_rur,eco_sector_total,2017,100
fji,sex_t,geo_cov_rur,eco_sector_total,2018,100
fji,sex_t,geo_cov_rur,eco_sector_total,2019,100
fji,sex_t,geo_cov_rur,eco_sector_total,2020,100
fji,sex_t,geo_cov_rur,eco_sector_total,2021,100
fji,sex_t,geo_cov_rur,eco_sector_total,2022,100
fji,sex_t,geo_cov_rur,eco_sector_total,2023,100
fji,sex_t,geo_cov_rur,eco_sector_total,2024,100
fji,sex_t,geo_cov_urb,eco_sector_agr,2005,71.133
fji,sex_t,geo_cov_urb,eco_sector_agr,2006,70.582
fji,sex_t,geo_cov_urb,eco_sector_agr,2007,70.052
fji,sex_t,geo_cov_urb,eco_sector_agr,2008,69.596
fji,sex_t,geo_cov_urb,eco_sector_agr,2009,69.439
fji,sex_t,geo_cov_urb,eco_sector_agr,2010,69.087
fji,sex_t,geo_cov_urb,eco_sector_agr,2011,68.294
fji,sex_t,geo_cov_urb,eco_sector_agr,2012,67.56
fji,sex_t,geo_cov_urb,eco_sector_agr,2013,65.97
fji,sex_t,geo_cov_urb,eco_sector_agr,2014,64.354
fji,sex_t,geo_cov_urb,eco_sector_agr,2015,62.025
fji,sex_t,geo_cov_urb,eco_sector_agr,2016,60.38
fji,sex_t,geo_cov_urb,eco_sector_agr,2017,58.618
fji,sex_t,geo_cov_urb,eco_sector_agr,2018,56.594
fji,sex_t,geo_cov_urb,eco_sector_agr,2019,55.107
fji,sex_t,geo_cov_urb,eco_sector_agr,2020,53.849
fji,sex_t,geo_cov_urb,eco_sector_agr,2021,53.244
fji,sex_t,geo_cov_urb,eco_sector_agr,2022,52.702
fji,sex_t,geo_cov_urb,eco_sector_agr,2023,52.181
fji,sex_t,geo_cov_urb,eco_sector_agr,2024,51.686
fji,sex_t,geo_cov_urb,eco_sector_ind,2005,8.046
fji,sex_t,geo_cov_urb,eco_sector_ind,2006,8.093
fji,sex_t,geo_cov_urb,eco_sector_ind,2007,7.943
fji,sex_t,geo_cov_urb,eco_sector_ind,2008,7.966
fji,sex_t,geo_cov_urb,eco_sector_ind,2009,7.857
fji,sex_t,geo_cov_urb,eco_sector_ind,2010,7.999
fji,sex_t,geo_cov_urb,eco_sector_ind,2011,8.064
fji,sex_t,geo_cov_urb,eco_sector_ind,2012,7.605
fji,sex_t,geo_cov_urb,eco_sector_ind,2013,7.403
fji,sex_t,geo_cov_urb,eco_sector_ind,2014,7.249
fji,sex_t,geo_cov_urb,eco_sector_ind,2015,7.465
fji,sex_t,geo_cov_urb,eco_sector_ind,2016,7.526
fji,sex_t,geo_cov_urb,eco_sector_ind,2017,7.725
fji,sex_t,geo_cov_urb,eco_sector_ind,2018,7.902
fji,sex_t,geo_cov_urb,eco_sector_ind,2019,7.942
fji,sex_t,geo_cov_urb,eco_sector_ind,2020,8
fji,sex_t,geo_cov_urb,eco_sector_ind,2021,7.945
fji,sex_t,geo_cov_urb,eco_sector_ind,2022,7.886
fji,sex_t,geo_cov_urb,eco_sector_ind,2023,7.835
fji,sex_t,geo_cov_urb,eco_sector_ind,2024,7.792
fji,sex_t,geo_cov_urb,eco_sector_ser,2005,20.821
fji,sex_t,geo_cov_urb,eco_sector_ser,2006,21.325
fji,sex_t,geo_cov_urb,eco_sector_ser,2007,22.005
fji,sex_t,geo_cov_urb,eco_sector_ser,2008,22.438
fji,sex_t,geo_cov_urb,eco_sector_ser,2009,22.704
fji,sex_t,geo_cov_urb,eco_sector_ser,2010,22.914
fji,sex_t,geo_cov_urb,eco_sector_ser,2011,23.641
fji,sex_t,geo_cov_urb,eco_sector_ser,2012,24.834
fji,sex_t,geo_cov_urb,eco_sector_ser,2013,26.628
fji,sex_t,geo_cov_urb,eco_sector_ser,2014,28.397
fji,sex_t,geo_cov_urb,eco_sector_ser,2015,30.51
fji,sex_t,geo_cov_urb,eco_sector_ser,2016,32.094
fji,sex_t,geo_cov_urb,eco_sector_ser,2017,33.657
fji,sex_t,geo_cov_urb,eco_sector_ser,2018,35.503
fji,sex_t,geo_cov_urb,eco_sector_ser,2019,36.952
fji,sex_t,geo_cov_urb,eco_sector_ser,2020,38.152
fji,sex_t,geo_cov_urb,eco_sector_ser,2021,38.811
fji,sex_t,geo_cov_urb,eco_sector_ser,2022,39.412
fji,sex_t,geo_cov_urb,eco_sector_ser,2023,39.983
fji,sex_t,geo_cov_urb,eco_sector_ser,2024,40.522
fji,sex_t,geo_cov_urb,eco_sector_total,2005,100
fji,sex_t,geo_cov_urb,eco_sector_total,2006,100
fji,sex_t,geo_cov_urb,eco_sector_total,2007,100
fji,sex_t,geo_cov_urb,eco_sector_total,2008,100
fji,sex_t,geo_cov_urb,eco_sector_total,2009,100
fji,sex_t,geo_cov_urb,eco_sector_total,2010,100
fji,sex_t,geo_cov_urb,eco_sector_total,2011,100
fji,sex_t,geo_cov_urb,eco_sector_total,2012,100
fji,sex_t,geo_cov_urb,eco_sector_total,2013,100
fji,sex_t,geo_cov_urb,eco_sector_total,2014,100
fji,sex_t,geo_cov_urb,eco_sector_total,2015,100
fji,sex_t,geo_cov_urb,eco_sector_total,2016,100
fji,sex_t,geo_cov_urb,eco_sector_total,2017,100
fji,sex_t,geo_cov_urb,eco_sector_total,2018,100
fji,sex_t,geo_cov_urb,eco_sector_total,2019,100
fji,sex_t,geo_cov_urb,eco_sector_total,2020,100
fji,sex_t,geo_cov_urb,eco_sector_total,2021,100
fji,sex_t,geo_cov_urb,eco_sector_total,2022,100
fji,sex_t,geo_cov_urb,eco_sector_total,2023,100
fji,sex_t,geo_cov_urb,eco_sector_total,2024,100
