ref_area,sex,classif1,classif2,time,eip_dwap_sex_age_mts_rt
mne,sex_f,age_10yrbands_total,mts_aggregate_1,2011,63.649
mne,sex_f,age_10yrbands_total,mts_aggregate_1,2012,65.274
mne,sex_f,age_10yrbands_total,mts_aggregate_1,2013,64.002
mne,sex_f,age_10yrbands_total,mts_aggregate_1,2014,62.405
mne,sex_f,age_10yrbands_total,mts_aggregate_1,2015,59.511
mne,sex_f,age_10yrbands_total,mts_aggregate_1,2016,58.951
mne,sex_f,age_10yrbands_total,mts_aggregate_1,2017,59.402
mne,sex_f,age_10yrbands_total,mts_aggregate_1,2018,58.756
mne,sex_f,age_10yrbands_total,mts_aggregate_1,2019,55.435
mne,sex_f,age_10yrbands_total,mts_aggregate_1,2020,59.516
mne,sex_f,age_10yrbands_total,mts_aggregate_1,2021,60.431
mne,sex_f,age_10yrbands_total,mts_aggregate_1,2022,51.92
mne,sex_f,age_10yrbands_total,mts_aggregate_1,2023,46.748
mne,sex_f,age_10yrbands_total,mts_aggregate_1,2024,48.623
mne,sex_f,age_10yrbands_total,mts_aggregate_2,2011,52.342
mne,sex_f,age_10yrbands_total,mts_aggregate_2,2012,49.03
mne,sex_f,age_10yrbands_total,mts_aggregate_2,2013,49.347
mne,sex_f,age_10yrbands_total,mts_aggregate_2,2014,45.913
mne,sex_f,age_10yrbands_total,mts_aggregate_2,2015,46.063
mne,sex_f,age_10yrbands_total,mts_aggregate_2,2016,46.359
mne,sex_f,age_10yrbands_total,mts_aggregate_2,2017,46.124
mne,sex_f,age_10yrbands_total,mts_aggregate_2,2018,45.57
mne,sex_f,age_10yrbands_total,mts_aggregate_2,2019,45.081
mne,sex_f,age_10yrbands_total,mts_aggregate_2,2020,48.017
mne,sex_f,age_10yrbands_total,mts_aggregate_2,2021,50.637
mne,sex_f,age_10yrbands_total,mts_aggregate_2,2022,43.339
mne,sex_f,age_10yrbands_total,mts_aggregate_2,2023,37.799
mne,sex_f,age_10yrbands_total,mts_aggregate_2,2024,36.733
mne,sex_f,age_10yrbands_total,mts_aggregate_total,2011,57.888
mne,sex_f,age_10yrbands_total,mts_aggregate_total,2012,56.514
mne,sex_f,age_10yrbands_total,mts_aggregate_total,2013,56.318
mne,sex_f,age_10yrbands_total,mts_aggregate_total,2014,53.769
mne,sex_f,age_10yrbands_total,mts_aggregate_total,2015,52.358
mne,sex_f,age_10yrbands_total,mts_aggregate_total,2016,52.418
mne,sex_f,age_10yrbands_total,mts_aggregate_total,2017,52.54
mne,sex_f,age_10yrbands_total,mts_aggregate_total,2018,51.905
mne,sex_f,age_10yrbands_total,mts_aggregate_total,2019,50.088
mne,sex_f,age_10yrbands_total,mts_aggregate_total,2020,53.599
mne,sex_f,age_10yrbands_total,mts_aggregate_total,2021,55.588
mne,sex_f,age_10yrbands_total,mts_aggregate_total,2022,47.766
mne,sex_f,age_10yrbands_total,mts_aggregate_total,2023,42.22
mne,sex_f,age_10yrbands_total,mts_aggregate_total,2024,42.986
mne,sex_f,age_10yrbands_y15_24,mts_aggregate_1,2011,83.875
mne,sex_f,age_10yrbands_y15_24,mts_aggregate_1,2012,80.54
mne,sex_f,age_10yrbands_y15_24,mts_aggregate_1,2013,81.794
mne,sex_f,age_10yrbands_y15_24,mts_aggregate_1,2014,77.559
mne,sex_f,age_10yrbands_y15_24,mts_aggregate_1,2015,73.68
mne,sex_f,age_10yrbands_y15_24,mts_aggregate_1,2016,71.157
mne,sex_f,age_10yrbands_y15_24,mts_aggregate_1,2017,73.514
mne,sex_f,age_10yrbands_y15_24,mts_aggregate_1,2018,73.498
mne,sex_f,age_10yrbands_y15_24,mts_aggregate_1,2019,68.605
mne,sex_f,age_10yrbands_y15_24,mts_aggregate_1,2020,75.002
mne,sex_f,age_10yrbands_y15_24,mts_aggregate_1,2021,75.483
mne,sex_f,age_10yrbands_y15_24,mts_aggregate_1,2022,68.99
mne,sex_f,age_10yrbands_y15_24,mts_aggregate_1,2023,62.817
mne,sex_f,age_10yrbands_y15_24,mts_aggregate_1,2024,68.299
mne,sex_f,age_10yrbands_y15_24,mts_aggregate_2,2011,74.897
mne,sex_f,age_10yrbands_y15_24,mts_aggregate_2,2012,54.383
mne,sex_f,age_10yrbands_y15_24,mts_aggregate_2,2013,61.584
mne,sex_f,age_10yrbands_y15_24,mts_aggregate_2,2014,57.266
mne,sex_f,age_10yrbands_y15_24,mts_aggregate_2,2015,66.028
mne,sex_f,age_10yrbands_y15_24,mts_aggregate_2,2016,61.318
mne,sex_f,age_10yrbands_y15_24,mts_aggregate_2,2017,53.838
mne,sex_f,age_10yrbands_y15_24,mts_aggregate_2,2018,64.74
mne,sex_f,age_10yrbands_y15_24,mts_aggregate_2,2019,74.814
mne,sex_f,age_10yrbands_y15_24,mts_aggregate_2,2020,78.311
mne,sex_f,age_10yrbands_y15_24,mts_aggregate_2,2021,76.476
mne,sex_f,age_10yrbands_y15_24,mts_aggregate_2,2022,53.101
mne,sex_f,age_10yrbands_y15_24,mts_aggregate_2,2023,37.156
mne,sex_f,age_10yrbands_y15_24,mts_aggregate_2,2024,48.035
mne,sex_f,age_10yrbands_y15_24,mts_aggregate_total,2011,83.267
mne,sex_f,age_10yrbands_y15_24,mts_aggregate_total,2012,78.111
mne,sex_f,age_10yrbands_y15_24,mts_aggregate_total,2013,80.08
mne,sex_f,age_10yrbands_y15_24,mts_aggregate_total,2014,75.515
mne,sex_f,age_10yrbands_y15_24,mts_aggregate_total,2015,73.02
mne,sex_f,age_10yrbands_y15_24,mts_aggregate_total,2016,70.462
mne,sex_f,age_10yrbands_y15_24,mts_aggregate_total,2017,72.223
mne,sex_f,age_10yrbands_y15_24,mts_aggregate_total,2018,73.031
mne,sex_f,age_10yrbands_y15_24,mts_aggregate_total,2019,68.926
mne,sex_f,age_10yrbands_y15_24,mts_aggregate_total,2020,75.151
mne,sex_f,age_10yrbands_y15_24,mts_aggregate_total,2021,75.537
mne,sex_f,age_10yrbands_y15_24,mts_aggregate_total,2022,67.988
mne,sex_f,age_10yrbands_y15_24,mts_aggregate_total,2023,60.772
mne,sex_f,age_10yrbands_y15_24,mts_aggregate_total,2024,67.445
mne,sex_f,age_10yrbands_y25_34,mts_aggregate_1,2011,22.146
mne,sex_f,age_10yrbands_y25_34,mts_aggregate_1,2012,23.16
mne,sex_f,age_10yrbands_y25_34,mts_aggregate_1,2013,20.071
mne,sex_f,age_10yrbands_y25_34,mts_aggregate_1,2014,17.035
mne,sex_f,age_10yrbands_y25_34,mts_aggregate_1,2015,16.155
mne,sex_f,age_10yrbands_y25_34,mts_aggregate_1,2016,17.658
mne,sex_f,age_10yrbands_y25_34,mts_aggregate_1,2017,17.942
mne,sex_f,age_10yrbands_y25_34,mts_aggregate_1,2018,20.435
mne,sex_f,age_10yrbands_y25_34,mts_aggregate_1,2019,20.293
mne,sex_f,age_10yrbands_y25_34,mts_aggregate_1,2020,21.889
mne,sex_f,age_10yrbands_y25_34,mts_aggregate_1,2021,24.386
mne,sex_f,age_10yrbands_y25_34,mts_aggregate_1,2022,13.518
mne,sex_f,age_10yrbands_y25_34,mts_aggregate_1,2023,14.894
mne,sex_f,age_10yrbands_y25_34,mts_aggregate_1,2024,15.463
mne,sex_f,age_10yrbands_y25_34,mts_aggregate_2,2011,38.38
mne,sex_f,age_10yrbands_y25_34,mts_aggregate_2,2012,33.523
mne,sex_f,age_10yrbands_y25_34,mts_aggregate_2,2013,39.43
mne,sex_f,age_10yrbands_y25_34,mts_aggregate_2,2014,30.879
mne,sex_f,age_10yrbands_y25_34,mts_aggregate_2,2015,34.001
mne,sex_f,age_10yrbands_y25_34,mts_aggregate_2,2016,29.476
mne,sex_f,age_10yrbands_y25_34,mts_aggregate_2,2017,27.554
mne,sex_f,age_10yrbands_y25_34,mts_aggregate_2,2018,32.728
mne,sex_f,age_10yrbands_y25_34,mts_aggregate_2,2019,34.954
mne,sex_f,age_10yrbands_y25_34,mts_aggregate_2,2020,38.367
mne,sex_f,age_10yrbands_y25_34,mts_aggregate_2,2021,39.196
mne,sex_f,age_10yrbands_y25_34,mts_aggregate_2,2022,36.207
mne,sex_f,age_10yrbands_y25_34,mts_aggregate_2,2023,30.04
mne,sex_f,age_10yrbands_y25_34,mts_aggregate_2,2024,22.183
mne,sex_f,age_10yrbands_y25_34,mts_aggregate_total,2011,29.17
mne,sex_f,age_10yrbands_y25_34,mts_aggregate_total,2012,28.877
mne,sex_f,age_10yrbands_y25_34,mts_aggregate_total,2013,29.877
mne,sex_f,age_10yrbands_y25_34,mts_aggregate_total,2014,24.175
mne,sex_f,age_10yrbands_y25_34,mts_aggregate_total,2015,25.818
mne,sex_f,age_10yrbands_y25_34,mts_aggregate_total,2016,23.507
mne,sex_f,age_10yrbands_y25_34,mts_aggregate_total,2017,22.169
mne,sex_f,age_10yrbands_y25_34,mts_aggregate_total,2018,25.914
mne,sex_f,age_10yrbands_y25_34,mts_aggregate_total,2019,26.433
mne,sex_f,age_10yrbands_y25_34,mts_aggregate_total,2020,28.615
mne,sex_f,age_10yrbands_y25_34,mts_aggregate_total,2021,30.278
mne,sex_f,age_10yrbands_y25_34,mts_aggregate_total,2022,21.918
mne,sex_f,age_10yrbands_y25_34,mts_aggregate_total,2023,20.642
mne,sex_f,age_10yrbands_y25_34,mts_aggregate_total,2024,17.693
mne,sex_f,age_10yrbands_y35_44,mts_aggregate_1,2011,19.554
mne,sex_f,age_10yrbands_y35_44,mts_aggregate_1,2012,18.123
mne,sex_f,age_10yrbands_y35_44,mts_aggregate_1,2013,16.494
mne,sex_f,age_10yrbands_y35_44,mts_aggregate_1,2014,18.888
mne,sex_f,age_10yrbands_y35_44,mts_aggregate_1,2015,14.899
mne,sex_f,age_10yrbands_y35_44,mts_aggregate_1,2016,13.454
mne,sex_f,age_10yrbands_y35_44,mts_aggregate_1,2017,18.386
mne,sex_f,age_10yrbands_y35_44,mts_aggregate_1,2018,14.198
mne,sex_f,age_10yrbands_y35_44,mts_aggregate_1,2019,15.325
mne,sex_f,age_10yrbands_y35_44,mts_aggregate_1,2020,21.876
mne,sex_f,age_10yrbands_y35_44,mts_aggregate_1,2021,27.225
mne,sex_f,age_10yrbands_y35_44,mts_aggregate_1,2022,20.702
mne,sex_f,age_10yrbands_y35_44,mts_aggregate_1,2023,10.094
mne,sex_f,age_10yrbands_y35_44,mts_aggregate_1,2024,9.007
mne,sex_f,age_10yrbands_y35_44,mts_aggregate_2,2011,32.334
mne,sex_f,age_10yrbands_y35_44,mts_aggregate_2,2012,31.233
mne,sex_f,age_10yrbands_y35_44,mts_aggregate_2,2013,30.477
mne,sex_f,age_10yrbands_y35_44,mts_aggregate_2,2014,28.561
mne,sex_f,age_10yrbands_y35_44,mts_aggregate_2,2015,27.298
mne,sex_f,age_10yrbands_y35_44,mts_aggregate_2,2016,29.52
mne,sex_f,age_10yrbands_y35_44,mts_aggregate_2,2017,29.602
mne,sex_f,age_10yrbands_y35_44,mts_aggregate_2,2018,27.767
mne,sex_f,age_10yrbands_y35_44,mts_aggregate_2,2019,27.041
mne,sex_f,age_10yrbands_y35_44,mts_aggregate_2,2020,29.392
mne,sex_f,age_10yrbands_y35_44,mts_aggregate_2,2021,31.824
mne,sex_f,age_10yrbands_y35_44,mts_aggregate_2,2022,28.291
mne,sex_f,age_10yrbands_y35_44,mts_aggregate_2,2023,23.064
mne,sex_f,age_10yrbands_y35_44,mts_aggregate_2,2024,23.855
mne,sex_f,age_10yrbands_y35_44,mts_aggregate_total,2011,29.274
mne,sex_f,age_10yrbands_y35_44,mts_aggregate_total,2012,28.215
mne,sex_f,age_10yrbands_y35_44,mts_aggregate_total,2013,26.77
mne,sex_f,age_10yrbands_y35_44,mts_aggregate_total,2014,26.142
mne,sex_f,age_10yrbands_y35_44,mts_aggregate_total,2015,24.498
mne,sex_f,age_10yrbands_y35_44,mts_aggregate_total,2016,25.87
mne,sex_f,age_10yrbands_y35_44,mts_aggregate_total,2017,27.315
mne,sex_f,age_10yrbands_y35_44,mts_aggregate_total,2018,24.643
mne,sex_f,age_10yrbands_y35_44,mts_aggregate_total,2019,24.069
mne,sex_f,age_10yrbands_y35_44,mts_aggregate_total,2020,27.455
mne,sex_f,age_10yrbands_y35_44,mts_aggregate_total,2021,30.617
mne,sex_f,age_10yrbands_y35_44,mts_aggregate_total,2022,26.198
mne,sex_f,age_10yrbands_y35_44,mts_aggregate_total,2023,19.589
mne,sex_f,age_10yrbands_y35_44,mts_aggregate_total,2024,19.641
mne,sex_f,age_10yrbands_y45_54,mts_aggregate_1,2011,26.261
mne,sex_f,age_10yrbands_y45_54,mts_aggregate_1,2012,27.181
mne,sex_f,age_10yrbands_y45_54,mts_aggregate_1,2013,31.024
mne,sex_f,age_10yrbands_y45_54,mts_aggregate_1,2014,32.834
mne,sex_f,age_10yrbands_y45_54,mts_aggregate_1,2015,26.401
mne,sex_f,age_10yrbands_y45_54,mts_aggregate_1,2016,31.79
mne,sex_f,age_10yrbands_y45_54,mts_aggregate_1,2017,27.333
mne,sex_f,age_10yrbands_y45_54,mts_aggregate_1,2018,30.509
mne,sex_f,age_10yrbands_y45_54,mts_aggregate_1,2019,26.029
mne,sex_f,age_10yrbands_y45_54,mts_aggregate_1,2020,33.288
mne,sex_f,age_10yrbands_y45_54,mts_aggregate_1,2021,29.175
mne,sex_f,age_10yrbands_y45_54,mts_aggregate_1,2022,23.359
mne,sex_f,age_10yrbands_y45_54,mts_aggregate_1,2023,20.199
mne,sex_f,age_10yrbands_y45_54,mts_aggregate_1,2024,20.561
mne,sex_f,age_10yrbands_y45_54,mts_aggregate_2,2011,37.469
mne,sex_f,age_10yrbands_y45_54,mts_aggregate_2,2012,37.834
mne,sex_f,age_10yrbands_y45_54,mts_aggregate_2,2013,35.552
mne,sex_f,age_10yrbands_y45_54,mts_aggregate_2,2014,32.422
mne,sex_f,age_10yrbands_y45_54,mts_aggregate_2,2015,32.883
mne,sex_f,age_10yrbands_y45_54,mts_aggregate_2,2016,37.99
mne,sex_f,age_10yrbands_y45_54,mts_aggregate_2,2017,39.663
mne,sex_f,age_10yrbands_y45_54,mts_aggregate_2,2018,35.525
mne,sex_f,age_10yrbands_y45_54,mts_aggregate_2,2019,35.005
mne,sex_f,age_10yrbands_y45_54,mts_aggregate_2,2020,39.264
mne,sex_f,age_10yrbands_y45_54,mts_aggregate_2,2021,40.082
mne,sex_f,age_10yrbands_y45_54,mts_aggregate_2,2022,34.752
mne,sex_f,age_10yrbands_y45_54,mts_aggregate_2,2023,31.871
mne,sex_f,age_10yrbands_y45_54,mts_aggregate_2,2024,26.878
mne,sex_f,age_10yrbands_y45_54,mts_aggregate_total,2011,34.829
mne,sex_f,age_10yrbands_y45_54,mts_aggregate_total,2012,35.429
mne,sex_f,age_10yrbands_y45_54,mts_aggregate_total,2013,34.557
mne,sex_f,age_10yrbands_y45_54,mts_aggregate_total,2014,32.519
mne,sex_f,age_10yrbands_y45_54,mts_aggregate_total,2015,31.326
mne,sex_f,age_10yrbands_y45_54,mts_aggregate_total,2016,36.478
mne,sex_f,age_10yrbands_y45_54,mts_aggregate_total,2017,36.835
mne,sex_f,age_10yrbands_y45_54,mts_aggregate_total,2018,34.371
mne,sex_f,age_10yrbands_y45_54,mts_aggregate_total,2019,33.041
mne,sex_f,age_10yrbands_y45_54,mts_aggregate_total,2020,38.011
mne,sex_f,age_10yrbands_y45_54,mts_aggregate_total,2021,37.359
mne,sex_f,age_10yrbands_y45_54,mts_aggregate_total,2022,31.616
mne,sex_f,age_10yrbands_y45_54,mts_aggregate_total,2023,28.767
mne,sex_f,age_10yrbands_y45_54,mts_aggregate_total,2024,24.916
mne,sex_f,age_10yrbands_y55_64,mts_aggregate_1,2011,70.819
mne,sex_f,age_10yrbands_y55_64,mts_aggregate_1,2012,76.394
mne,sex_f,age_10yrbands_y55_64,mts_aggregate_1,2013,73.283
mne,sex_f,age_10yrbands_y55_64,mts_aggregate_1,2014,73.24
mne,sex_f,age_10yrbands_y55_64,mts_aggregate_1,2015,63.292
mne,sex_f,age_10yrbands_y55_64,mts_aggregate_1,2016,69.015
mne,sex_f,age_10yrbands_y55_64,mts_aggregate_1,2017,67.113
mne,sex_f,age_10yrbands_y55_64,mts_aggregate_1,2018,61.197
mne,sex_f,age_10yrbands_y55_64,mts_aggregate_1,2019,55.887
mne,sex_f,age_10yrbands_y55_64,mts_aggregate_1,2020,62.237
mne,sex_f,age_10yrbands_y55_64,mts_aggregate_1,2021,60.468
mne,sex_f,age_10yrbands_y55_64,mts_aggregate_1,2022,45.682
mne,sex_f,age_10yrbands_y55_64,mts_aggregate_1,2023,48.27
mne,sex_f,age_10yrbands_y55_64,mts_aggregate_1,2024,46.662
mne,sex_f,age_10yrbands_y55_64,mts_aggregate_2,2011,72.664
mne,sex_f,age_10yrbands_y55_64,mts_aggregate_2,2012,68.166
mne,sex_f,age_10yrbands_y55_64,mts_aggregate_2,2013,64.511
mne,sex_f,age_10yrbands_y55_64,mts_aggregate_2,2014,63.859
mne,sex_f,age_10yrbands_y55_64,mts_aggregate_2,2015,64.436
mne,sex_f,age_10yrbands_y55_64,mts_aggregate_2,2016,61.728
mne,sex_f,age_10yrbands_y55_64,mts_aggregate_2,2017,60.418
mne,sex_f,age_10yrbands_y55_64,mts_aggregate_2,2018,58.656
mne,sex_f,age_10yrbands_y55_64,mts_aggregate_2,2019,54.696
mne,sex_f,age_10yrbands_y55_64,mts_aggregate_2,2020,60.248
mne,sex_f,age_10yrbands_y55_64,mts_aggregate_2,2021,66.085
mne,sex_f,age_10yrbands_y55_64,mts_aggregate_2,2022,48.243
mne,sex_f,age_10yrbands_y55_64,mts_aggregate_2,2023,42.908
mne,sex_f,age_10yrbands_y55_64,mts_aggregate_2,2024,43.815
mne,sex_f,age_10yrbands_y55_64,mts_aggregate_total,2011,72.049
mne,sex_f,age_10yrbands_y55_64,mts_aggregate_total,2012,70.814
mne,sex_f,age_10yrbands_y55_64,mts_aggregate_total,2013,67.247
mne,sex_f,age_10yrbands_y55_64,mts_aggregate_total,2014,67.126
mne,sex_f,age_10yrbands_y55_64,mts_aggregate_total,2015,64.07
mne,sex_f,age_10yrbands_y55_64,mts_aggregate_total,2016,64.066
mne,sex_f,age_10yrbands_y55_64,mts_aggregate_total,2017,62.498
mne,sex_f,age_10yrbands_y55_64,mts_aggregate_total,2018,59.403
mne,sex_f,age_10yrbands_y55_64,mts_aggregate_total,2019,55.047
mne,sex_f,age_10yrbands_y55_64,mts_aggregate_total,2020,60.806
mne,sex_f,age_10yrbands_y55_64,mts_aggregate_total,2021,64.483
mne,sex_f,age_10yrbands_y55_64,mts_aggregate_total,2022,47.437
mne,sex_f,age_10yrbands_y55_64,mts_aggregate_total,2023,44.532
mne,sex_f,age_10yrbands_y55_64,mts_aggregate_total,2024,44.713
mne,sex_f,age_10yrbands_yge65,mts_aggregate_1,2011,99.003
mne,sex_f,age_10yrbands_yge65,mts_aggregate_1,2012,99.27
mne,sex_f,age_10yrbands_yge65,mts_aggregate_1,2013,99.256
mne,sex_f,age_10yrbands_yge65,mts_aggregate_1,2014,98.567
mne,sex_f,age_10yrbands_yge65,mts_aggregate_1,2015,96.767
mne,sex_f,age_10yrbands_yge65,mts_aggregate_1,2016,95.432
mne,sex_f,age_10yrbands_yge65,mts_aggregate_1,2017,96.574
mne,sex_f,age_10yrbands_yge65,mts_aggregate_1,2018,97.689
mne,sex_f,age_10yrbands_yge65,mts_aggregate_1,2019,97.738
mne,sex_f,age_10yrbands_yge65,mts_aggregate_1,2020,97.8
mne,sex_f,age_10yrbands_yge65,mts_aggregate_1,2021,96.66
mne,sex_f,age_10yrbands_yge65,mts_aggregate_1,2022,95.168
mne,sex_f,age_10yrbands_yge65,mts_aggregate_1,2023,93.812
mne,sex_f,age_10yrbands_yge65,mts_aggregate_1,2024,97.264
mne,sex_f,age_10yrbands_yge65,mts_aggregate_2,2011,98.346
mne,sex_f,age_10yrbands_yge65,mts_aggregate_2,2012,95.322
mne,sex_f,age_10yrbands_yge65,mts_aggregate_2,2013,97.876
mne,sex_f,age_10yrbands_yge65,mts_aggregate_2,2014,95.807
mne,sex_f,age_10yrbands_yge65,mts_aggregate_2,2015,93.594
mne,sex_f,age_10yrbands_yge65,mts_aggregate_2,2016,93.74
mne,sex_f,age_10yrbands_yge65,mts_aggregate_2,2017,92.077
mne,sex_f,age_10yrbands_yge65,mts_aggregate_2,2018,90.939
mne,sex_f,age_10yrbands_yge65,mts_aggregate_2,2019,89.196
mne,sex_f,age_10yrbands_yge65,mts_aggregate_2,2020,86.965
mne,sex_f,age_10yrbands_yge65,mts_aggregate_2,2021,93.331
mne,sex_f,age_10yrbands_yge65,mts_aggregate_2,2022,89.652
mne,sex_f,age_10yrbands_yge65,mts_aggregate_2,2023,87.358
mne,sex_f,age_10yrbands_yge65,mts_aggregate_2,2024,89.377
mne,sex_f,age_10yrbands_yge65,mts_aggregate_total,2011,98.75
mne,sex_f,age_10yrbands_yge65,mts_aggregate_total,2012,97.758
mne,sex_f,age_10yrbands_yge65,mts_aggregate_total,2013,98.745
mne,sex_f,age_10yrbands_yge65,mts_aggregate_total,2014,97.525
mne,sex_f,age_10yrbands_yge65,mts_aggregate_total,2015,95.615
mne,sex_f,age_10yrbands_yge65,mts_aggregate_total,2016,94.838
mne,sex_f,age_10yrbands_yge65,mts_aggregate_total,2017,94.976
mne,sex_f,age_10yrbands_yge65,mts_aggregate_total,2018,95.108
mne,sex_f,age_10yrbands_yge65,mts_aggregate_total,2019,94.314
mne,sex_f,age_10yrbands_yge65,mts_aggregate_total,2020,93.564
mne,sex_f,age_10yrbands_yge65,mts_aggregate_total,2021,95.549
mne,sex_f,age_10yrbands_yge65,mts_aggregate_total,2022,93.257
mne,sex_f,age_10yrbands_yge65,mts_aggregate_total,2023,91.426
mne,sex_f,age_10yrbands_yge65,mts_aggregate_total,2024,94.469
mne,sex_f,age_aggregate_total,mts_aggregate_1,2011,63.649
mne,sex_f,age_aggregate_total,mts_aggregate_1,2012,65.274
mne,sex_f,age_aggregate_total,mts_aggregate_1,2013,64.002
mne,sex_f,age_aggregate_total,mts_aggregate_1,2014,62.405
mne,sex_f,age_aggregate_total,mts_aggregate_1,2015,59.511
mne,sex_f,age_aggregate_total,mts_aggregate_1,2016,58.951
mne,sex_f,age_aggregate_total,mts_aggregate_1,2017,59.402
mne,sex_f,age_aggregate_total,mts_aggregate_1,2018,58.756
mne,sex_f,age_aggregate_total,mts_aggregate_1,2019,55.435
mne,sex_f,age_aggregate_total,mts_aggregate_1,2020,59.516
mne,sex_f,age_aggregate_total,mts_aggregate_1,2021,60.431
mne,sex_f,age_aggregate_total,mts_aggregate_1,2022,51.92
mne,sex_f,age_aggregate_total,mts_aggregate_1,2023,46.748
mne,sex_f,age_aggregate_total,mts_aggregate_1,2024,48.623
mne,sex_f,age_aggregate_total,mts_aggregate_2,2011,52.342
mne,sex_f,age_aggregate_total,mts_aggregate_2,2012,49.03
mne,sex_f,age_aggregate_total,mts_aggregate_2,2013,49.347
mne,sex_f,age_aggregate_total,mts_aggregate_2,2014,45.913
mne,sex_f,age_aggregate_total,mts_aggregate_2,2015,46.063
mne,sex_f,age_aggregate_total,mts_aggregate_2,2016,46.359
mne,sex_f,age_aggregate_total,mts_aggregate_2,2017,46.124
mne,sex_f,age_aggregate_total,mts_aggregate_2,2018,45.57
mne,sex_f,age_aggregate_total,mts_aggregate_2,2019,45.081
mne,sex_f,age_aggregate_total,mts_aggregate_2,2020,48.017
mne,sex_f,age_aggregate_total,mts_aggregate_2,2021,50.637
mne,sex_f,age_aggregate_total,mts_aggregate_2,2022,43.339
mne,sex_f,age_aggregate_total,mts_aggregate_2,2023,37.799
mne,sex_f,age_aggregate_total,mts_aggregate_2,2024,36.733
mne,sex_f,age_aggregate_total,mts_aggregate_total,2011,57.888
mne,sex_f,age_aggregate_total,mts_aggregate_total,2012,56.514
mne,sex_f,age_aggregate_total,mts_aggregate_total,2013,56.318
mne,sex_f,age_aggregate_total,mts_aggregate_total,2014,53.769
mne,sex_f,age_aggregate_total,mts_aggregate_total,2015,52.358
mne,sex_f,age_aggregate_total,mts_aggregate_total,2016,52.418
mne,sex_f,age_aggregate_total,mts_aggregate_total,2017,52.54
mne,sex_f,age_aggregate_total,mts_aggregate_total,2018,51.905
mne,sex_f,age_aggregate_total,mts_aggregate_total,2019,50.088
mne,sex_f,age_aggregate_total,mts_aggregate_total,2020,53.599
mne,sex_f,age_aggregate_total,mts_aggregate_total,2021,55.588
mne,sex_f,age_aggregate_total,mts_aggregate_total,2022,47.766
mne,sex_f,age_aggregate_total,mts_aggregate_total,2023,42.22
mne,sex_f,age_aggregate_total,mts_aggregate_total,2024,42.986
mne,sex_f,age_aggregate_y15_24,mts_aggregate_1,2011,83.875
mne,sex_f,age_aggregate_y15_24,mts_aggregate_1,2012,80.54
mne,sex_f,age_aggregate_y15_24,mts_aggregate_1,2013,81.794
mne,sex_f,age_aggregate_y15_24,mts_aggregate_1,2014,77.559
mne,sex_f,age_aggregate_y15_24,mts_aggregate_1,2015,73.68
mne,sex_f,age_aggregate_y15_24,mts_aggregate_1,2016,71.157
mne,sex_f,age_aggregate_y15_24,mts_aggregate_1,2017,73.514
mne,sex_f,age_aggregate_y15_24,mts_aggregate_1,2018,73.498
mne,sex_f,age_aggregate_y15_24,mts_aggregate_1,2019,68.605
mne,sex_f,age_aggregate_y15_24,mts_aggregate_1,2020,75.002
mne,sex_f,age_aggregate_y15_24,mts_aggregate_1,2021,75.483
mne,sex_f,age_aggregate_y15_24,mts_aggregate_1,2022,68.99
mne,sex_f,age_aggregate_y15_24,mts_aggregate_1,2023,62.817
mne,sex_f,age_aggregate_y15_24,mts_aggregate_1,2024,68.299
mne,sex_f,age_aggregate_y15_24,mts_aggregate_2,2011,74.897
mne,sex_f,age_aggregate_y15_24,mts_aggregate_2,2012,54.383
mne,sex_f,age_aggregate_y15_24,mts_aggregate_2,2013,61.584
mne,sex_f,age_aggregate_y15_24,mts_aggregate_2,2014,57.266
mne,sex_f,age_aggregate_y15_24,mts_aggregate_2,2015,66.028
mne,sex_f,age_aggregate_y15_24,mts_aggregate_2,2016,61.318
mne,sex_f,age_aggregate_y15_24,mts_aggregate_2,2017,53.838
mne,sex_f,age_aggregate_y15_24,mts_aggregate_2,2018,64.74
mne,sex_f,age_aggregate_y15_24,mts_aggregate_2,2019,74.814
mne,sex_f,age_aggregate_y15_24,mts_aggregate_2,2020,78.311
mne,sex_f,age_aggregate_y15_24,mts_aggregate_2,2021,76.476
mne,sex_f,age_aggregate_y15_24,mts_aggregate_2,2022,53.101
mne,sex_f,age_aggregate_y15_24,mts_aggregate_2,2023,37.156
mne,sex_f,age_aggregate_y15_24,mts_aggregate_2,2024,48.035
mne,sex_f,age_aggregate_y15_24,mts_aggregate_total,2011,83.267
mne,sex_f,age_aggregate_y15_24,mts_aggregate_total,2012,78.111
mne,sex_f,age_aggregate_y15_24,mts_aggregate_total,2013,80.08
mne,sex_f,age_aggregate_y15_24,mts_aggregate_total,2014,75.515
mne,sex_f,age_aggregate_y15_24,mts_aggregate_total,2015,73.02
mne,sex_f,age_aggregate_y15_24,mts_aggregate_total,2016,70.462
mne,sex_f,age_aggregate_y15_24,mts_aggregate_total,2017,72.223
mne,sex_f,age_aggregate_y15_24,mts_aggregate_total,2018,73.031
mne,sex_f,age_aggregate_y15_24,mts_aggregate_total,2019,68.926
mne,sex_f,age_aggregate_y15_24,mts_aggregate_total,2020,75.151
mne,sex_f,age_aggregate_y15_24,mts_aggregate_total,2021,75.537
mne,sex_f,age_aggregate_y15_24,mts_aggregate_total,2022,67.988
mne,sex_f,age_aggregate_y15_24,mts_aggregate_total,2023,60.772
mne,sex_f,age_aggregate_y15_24,mts_aggregate_total,2024,67.445
mne,sex_f,age_aggregate_y25_54,mts_aggregate_1,2011,22.502
mne,sex_f,age_aggregate_y25_54,mts_aggregate_1,2012,22.935
mne,sex_f,age_aggregate_y25_54,mts_aggregate_1,2013,21.594
mne,sex_f,age_aggregate_y25_54,mts_aggregate_1,2014,21.302
mne,sex_f,age_aggregate_y25_54,mts_aggregate_1,2015,18.506
mne,sex_f,age_aggregate_y25_54,mts_aggregate_1,2016,20.227
mne,sex_f,age_aggregate_y25_54,mts_aggregate_1,2017,20.175
mne,sex_f,age_aggregate_y25_54,mts_aggregate_1,2018,21.351
mne,sex_f,age_aggregate_y25_54,mts_aggregate_1,2019,20.333
mne,sex_f,age_aggregate_y25_54,mts_aggregate_1,2020,24.113
mne,sex_f,age_aggregate_y25_54,mts_aggregate_1,2021,26.089
mne,sex_f,age_aggregate_y25_54,mts_aggregate_1,2022,17.38
mne,sex_f,age_aggregate_y25_54,mts_aggregate_1,2023,15.056
mne,sex_f,age_aggregate_y25_54,mts_aggregate_1,2024,15.286
mne,sex_f,age_aggregate_y25_54,mts_aggregate_2,2011,35.747
mne,sex_f,age_aggregate_y25_54,mts_aggregate_2,2012,34.314
mne,sex_f,age_aggregate_y25_54,mts_aggregate_2,2013,34.778
mne,sex_f,age_aggregate_y25_54,mts_aggregate_2,2014,30.625
mne,sex_f,age_aggregate_y25_54,mts_aggregate_2,2015,31.172
mne,sex_f,age_aggregate_y25_54,mts_aggregate_2,2016,32.695
mne,sex_f,age_aggregate_y25_54,mts_aggregate_2,2017,33.032
mne,sex_f,age_aggregate_y25_54,mts_aggregate_2,2018,31.957
mne,sex_f,age_aggregate_y25_54,mts_aggregate_2,2019,32.033
mne,sex_f,age_aggregate_y25_54,mts_aggregate_2,2020,35.408
mne,sex_f,age_aggregate_y25_54,mts_aggregate_2,2021,36.76
mne,sex_f,age_aggregate_y25_54,mts_aggregate_2,2022,32.57
mne,sex_f,age_aggregate_y25_54,mts_aggregate_2,2023,28.11
mne,sex_f,age_aggregate_y25_54,mts_aggregate_2,2024,24.7
mne,sex_f,age_aggregate_y25_54,mts_aggregate_total,2011,31.096
mne,sex_f,age_aggregate_y25_54,mts_aggregate_total,2012,30.856
mne,sex_f,age_aggregate_y25_54,mts_aggregate_total,2013,30.445
mne,sex_f,age_aggregate_y25_54,mts_aggregate_total,2014,27.597
mne,sex_f,age_aggregate_y25_54,mts_aggregate_total,2015,27.235
mne,sex_f,age_aggregate_y25_54,mts_aggregate_total,2016,28.599
mne,sex_f,age_aggregate_y25_54,mts_aggregate_total,2017,28.721
mne,sex_f,age_aggregate_y25_54,mts_aggregate_total,2018,28.331
mne,sex_f,age_aggregate_y25_54,mts_aggregate_total,2019,27.881
mne,sex_f,age_aggregate_y25_54,mts_aggregate_total,2020,31.371
mne,sex_f,age_aggregate_y25_54,mts_aggregate_total,2021,32.756
mne,sex_f,age_aggregate_y25_54,mts_aggregate_total,2022,26.521
mne,sex_f,age_aggregate_y25_54,mts_aggregate_total,2023,23.034
mne,sex_f,age_aggregate_y25_54,mts_aggregate_total,2024,20.675
mne,sex_f,age_aggregate_y55_64,mts_aggregate_1,2011,70.819
mne,sex_f,age_aggregate_y55_64,mts_aggregate_1,2012,76.394
mne,sex_f,age_aggregate_y55_64,mts_aggregate_1,2013,73.283
mne,sex_f,age_aggregate_y55_64,mts_aggregate_1,2014,73.24
mne,sex_f,age_aggregate_y55_64,mts_aggregate_1,2015,63.292
mne,sex_f,age_aggregate_y55_64,mts_aggregate_1,2016,69.015
mne,sex_f,age_aggregate_y55_64,mts_aggregate_1,2017,67.113
mne,sex_f,age_aggregate_y55_64,mts_aggregate_1,2018,61.197
mne,sex_f,age_aggregate_y55_64,mts_aggregate_1,2019,55.887
mne,sex_f,age_aggregate_y55_64,mts_aggregate_1,2020,62.237
mne,sex_f,age_aggregate_y55_64,mts_aggregate_1,2021,60.468
mne,sex_f,age_aggregate_y55_64,mts_aggregate_1,2022,45.682
mne,sex_f,age_aggregate_y55_64,mts_aggregate_1,2023,48.27
mne,sex_f,age_aggregate_y55_64,mts_aggregate_1,2024,46.662
mne,sex_f,age_aggregate_y55_64,mts_aggregate_2,2011,72.664
mne,sex_f,age_aggregate_y55_64,mts_aggregate_2,2012,68.166
mne,sex_f,age_aggregate_y55_64,mts_aggregate_2,2013,64.511
mne,sex_f,age_aggregate_y55_64,mts_aggregate_2,2014,63.859
mne,sex_f,age_aggregate_y55_64,mts_aggregate_2,2015,64.436
mne,sex_f,age_aggregate_y55_64,mts_aggregate_2,2016,61.728
mne,sex_f,age_aggregate_y55_64,mts_aggregate_2,2017,60.418
mne,sex_f,age_aggregate_y55_64,mts_aggregate_2,2018,58.656
mne,sex_f,age_aggregate_y55_64,mts_aggregate_2,2019,54.696
mne,sex_f,age_aggregate_y55_64,mts_aggregate_2,2020,60.248
mne,sex_f,age_aggregate_y55_64,mts_aggregate_2,2021,66.085
mne,sex_f,age_aggregate_y55_64,mts_aggregate_2,2022,48.243
mne,sex_f,age_aggregate_y55_64,mts_aggregate_2,2023,42.908
mne,sex_f,age_aggregate_y55_64,mts_aggregate_2,2024,43.815
mne,sex_f,age_aggregate_y55_64,mts_aggregate_total,2011,72.049
mne,sex_f,age_aggregate_y55_64,mts_aggregate_total,2012,70.814
mne,sex_f,age_aggregate_y55_64,mts_aggregate_total,2013,67.247
mne,sex_f,age_aggregate_y55_64,mts_aggregate_total,2014,67.126
mne,sex_f,age_aggregate_y55_64,mts_aggregate_total,2015,64.07
mne,sex_f,age_aggregate_y55_64,mts_aggregate_total,2016,64.066
mne,sex_f,age_aggregate_y55_64,mts_aggregate_total,2017,62.498
mne,sex_f,age_aggregate_y55_64,mts_aggregate_total,2018,59.403
mne,sex_f,age_aggregate_y55_64,mts_aggregate_total,2019,55.047
mne,sex_f,age_aggregate_y55_64,mts_aggregate_total,2020,60.806
mne,sex_f,age_aggregate_y55_64,mts_aggregate_total,2021,64.483
mne,sex_f,age_aggregate_y55_64,mts_aggregate_total,2022,47.437
mne,sex_f,age_aggregate_y55_64,mts_aggregate_total,2023,44.532
mne,sex_f,age_aggregate_y55_64,mts_aggregate_total,2024,44.713
mne,sex_f,age_aggregate_yge65,mts_aggregate_1,2011,99.003
mne,sex_f,age_aggregate_yge65,mts_aggregate_1,2012,99.27
mne,sex_f,age_aggregate_yge65,mts_aggregate_1,2013,99.256
mne,sex_f,age_aggregate_yge65,mts_aggregate_1,2014,98.567
mne,sex_f,age_aggregate_yge65,mts_aggregate_1,2015,96.767
mne,sex_f,age_aggregate_yge65,mts_aggregate_1,2016,95.432
mne,sex_f,age_aggregate_yge65,mts_aggregate_1,2017,96.574
mne,sex_f,age_aggregate_yge65,mts_aggregate_1,2018,97.689
mne,sex_f,age_aggregate_yge65,mts_aggregate_1,2019,97.738
mne,sex_f,age_aggregate_yge65,mts_aggregate_1,2020,97.8
mne,sex_f,age_aggregate_yge65,mts_aggregate_1,2021,96.66
mne,sex_f,age_aggregate_yge65,mts_aggregate_1,2022,95.168
mne,sex_f,age_aggregate_yge65,mts_aggregate_1,2023,93.812
mne,sex_f,age_aggregate_yge65,mts_aggregate_1,2024,97.264
mne,sex_f,age_aggregate_yge65,mts_aggregate_2,2011,98.346
mne,sex_f,age_aggregate_yge65,mts_aggregate_2,2012,95.322
mne,sex_f,age_aggregate_yge65,mts_aggregate_2,2013,97.876
mne,sex_f,age_aggregate_yge65,mts_aggregate_2,2014,95.807
mne,sex_f,age_aggregate_yge65,mts_aggregate_2,2015,93.594
mne,sex_f,age_aggregate_yge65,mts_aggregate_2,2016,93.74
mne,sex_f,age_aggregate_yge65,mts_aggregate_2,2017,92.077
mne,sex_f,age_aggregate_yge65,mts_aggregate_2,2018,90.939
mne,sex_f,age_aggregate_yge65,mts_aggregate_2,2019,89.196
mne,sex_f,age_aggregate_yge65,mts_aggregate_2,2020,86.965
mne,sex_f,age_aggregate_yge65,mts_aggregate_2,2021,93.331
mne,sex_f,age_aggregate_yge65,mts_aggregate_2,2022,89.652
mne,sex_f,age_aggregate_yge65,mts_aggregate_2,2023,87.358
mne,sex_f,age_aggregate_yge65,mts_aggregate_2,2024,89.377
mne,sex_f,age_aggregate_yge65,mts_aggregate_total,2011,98.75
mne,sex_f,age_aggregate_yge65,mts_aggregate_total,2012,97.758
mne,sex_f,age_aggregate_yge65,mts_aggregate_total,2013,98.745
mne,sex_f,age_aggregate_yge65,mts_aggregate_total,2014,97.525
mne,sex_f,age_aggregate_yge65,mts_aggregate_total,2015,95.615
mne,sex_f,age_aggregate_yge65,mts_aggregate_total,2016,94.838
mne,sex_f,age_aggregate_yge65,mts_aggregate_total,2017,94.976
mne,sex_f,age_aggregate_yge65,mts_aggregate_total,2018,95.108
mne,sex_f,age_aggregate_yge65,mts_aggregate_total,2019,94.314
mne,sex_f,age_aggregate_yge65,mts_aggregate_total,2020,93.564
mne,sex_f,age_aggregate_yge65,mts_aggregate_total,2021,95.549
mne,sex_f,age_aggregate_yge65,mts_aggregate_total,2022,93.257
mne,sex_f,age_aggregate_yge65,mts_aggregate_total,2023,91.426
mne,sex_f,age_aggregate_yge65,mts_aggregate_total,2024,94.469
mne,sex_f,age_ythadult_y15_24,mts_aggregate_1,2011,83.875
mne,sex_f,age_ythadult_y15_24,mts_aggregate_1,2012,80.54
mne,sex_f,age_ythadult_y15_24,mts_aggregate_1,2013,81.794
mne,sex_f,age_ythadult_y15_24,mts_aggregate_1,2014,77.559
mne,sex_f,age_ythadult_y15_24,mts_aggregate_1,2015,73.68
mne,sex_f,age_ythadult_y15_24,mts_aggregate_1,2016,71.157
mne,sex_f,age_ythadult_y15_24,mts_aggregate_1,2017,73.514
mne,sex_f,age_ythadult_y15_24,mts_aggregate_1,2018,73.498
mne,sex_f,age_ythadult_y15_24,mts_aggregate_1,2019,68.605
mne,sex_f,age_ythadult_y15_24,mts_aggregate_1,2020,75.002
mne,sex_f,age_ythadult_y15_24,mts_aggregate_1,2021,75.483
mne,sex_f,age_ythadult_y15_24,mts_aggregate_1,2022,68.99
mne,sex_f,age_ythadult_y15_24,mts_aggregate_1,2023,62.817
mne,sex_f,age_ythadult_y15_24,mts_aggregate_1,2024,68.299
mne,sex_f,age_ythadult_y15_24,mts_aggregate_2,2011,74.897
mne,sex_f,age_ythadult_y15_24,mts_aggregate_2,2012,54.383
mne,sex_f,age_ythadult_y15_24,mts_aggregate_2,2013,61.584
mne,sex_f,age_ythadult_y15_24,mts_aggregate_2,2014,57.266
mne,sex_f,age_ythadult_y15_24,mts_aggregate_2,2015,66.028
mne,sex_f,age_ythadult_y15_24,mts_aggregate_2,2016,61.318
mne,sex_f,age_ythadult_y15_24,mts_aggregate_2,2017,53.838
mne,sex_f,age_ythadult_y15_24,mts_aggregate_2,2018,64.74
mne,sex_f,age_ythadult_y15_24,mts_aggregate_2,2019,74.814
mne,sex_f,age_ythadult_y15_24,mts_aggregate_2,2020,78.311
mne,sex_f,age_ythadult_y15_24,mts_aggregate_2,2021,76.476
mne,sex_f,age_ythadult_y15_24,mts_aggregate_2,2022,53.101
mne,sex_f,age_ythadult_y15_24,mts_aggregate_2,2023,37.156
mne,sex_f,age_ythadult_y15_24,mts_aggregate_2,2024,48.035
mne,sex_f,age_ythadult_y15_24,mts_aggregate_total,2011,83.267
mne,sex_f,age_ythadult_y15_24,mts_aggregate_total,2012,78.111
mne,sex_f,age_ythadult_y15_24,mts_aggregate_total,2013,80.08
mne,sex_f,age_ythadult_y15_24,mts_aggregate_total,2014,75.515
mne,sex_f,age_ythadult_y15_24,mts_aggregate_total,2015,73.02
mne,sex_f,age_ythadult_y15_24,mts_aggregate_total,2016,70.462
mne,sex_f,age_ythadult_y15_24,mts_aggregate_total,2017,72.223
mne,sex_f,age_ythadult_y15_24,mts_aggregate_total,2018,73.031
mne,sex_f,age_ythadult_y15_24,mts_aggregate_total,2019,68.926
mne,sex_f,age_ythadult_y15_24,mts_aggregate_total,2020,75.151
mne,sex_f,age_ythadult_y15_24,mts_aggregate_total,2021,75.537
mne,sex_f,age_ythadult_y15_24,mts_aggregate_total,2022,67.988
mne,sex_f,age_ythadult_y15_24,mts_aggregate_total,2023,60.772
mne,sex_f,age_ythadult_y15_24,mts_aggregate_total,2024,67.445
mne,sex_f,age_ythadult_y15_64,mts_aggregate_1,2011,53.468
mne,sex_f,age_ythadult_y15_64,mts_aggregate_1,2012,54.649
mne,sex_f,age_ythadult_y15_64,mts_aggregate_1,2013,53.11
mne,sex_f,age_ythadult_y15_64,mts_aggregate_1,2014,51.743
mne,sex_f,age_ythadult_y15_64,mts_aggregate_1,2015,47.71
mne,sex_f,age_ythadult_y15_64,mts_aggregate_1,2016,47.622
mne,sex_f,age_ythadult_y15_64,mts_aggregate_1,2017,48.024
mne,sex_f,age_ythadult_y15_64,mts_aggregate_1,2018,47.531
mne,sex_f,age_ythadult_y15_64,mts_aggregate_1,2019,43.946
mne,sex_f,age_ythadult_y15_64,mts_aggregate_1,2020,48.934
mne,sex_f,age_ythadult_y15_64,mts_aggregate_1,2021,49.476
mne,sex_f,age_ythadult_y15_64,mts_aggregate_1,2022,40.046
mne,sex_f,age_ythadult_y15_64,mts_aggregate_1,2023,35.609
mne,sex_f,age_ythadult_y15_64,mts_aggregate_1,2024,37.076
mne,sex_f,age_ythadult_y15_64,mts_aggregate_2,2011,45.196
mne,sex_f,age_ythadult_y15_64,mts_aggregate_2,2012,42.343
mne,sex_f,age_ythadult_y15_64,mts_aggregate_2,2013,42.361
mne,sex_f,age_ythadult_y15_64,mts_aggregate_2,2014,38.75
mne,sex_f,age_ythadult_y15_64,mts_aggregate_2,2015,39.544
mne,sex_f,age_ythadult_y15_64,mts_aggregate_2,2016,39.949
mne,sex_f,age_ythadult_y15_64,mts_aggregate_2,2017,39.815
mne,sex_f,age_ythadult_y15_64,mts_aggregate_2,2018,38.903
mne,sex_f,age_ythadult_y15_64,mts_aggregate_2,2019,38.267
mne,sex_f,age_ythadult_y15_64,mts_aggregate_2,2020,42.139
mne,sex_f,age_ythadult_y15_64,mts_aggregate_2,2021,44.878
mne,sex_f,age_ythadult_y15_64,mts_aggregate_2,2022,36.921
mne,sex_f,age_ythadult_y15_64,mts_aggregate_2,2023,31.697
mne,sex_f,age_ythadult_y15_64,mts_aggregate_2,2024,29.771
mne,sex_f,age_ythadult_y15_64,mts_aggregate_total,2011,49.029
mne,sex_f,age_ythadult_y15_64,mts_aggregate_total,2012,47.596
mne,sex_f,age_ythadult_y15_64,mts_aggregate_total,2013,47.115
mne,sex_f,age_ythadult_y15_64,mts_aggregate_total,2014,44.538
mne,sex_f,age_ythadult_y15_64,mts_aggregate_total,2015,43.071
mne,sex_f,age_ythadult_y15_64,mts_aggregate_total,2016,43.368
mne,sex_f,age_ythadult_y15_64,mts_aggregate_total,2017,43.499
mne,sex_f,age_ythadult_y15_64,mts_aggregate_total,2018,42.799
mne,sex_f,age_ythadult_y15_64,mts_aggregate_total,2019,40.876
mne,sex_f,age_ythadult_y15_64,mts_aggregate_total,2020,45.263
mne,sex_f,age_ythadult_y15_64,mts_aggregate_total,2021,47.044
mne,sex_f,age_ythadult_y15_64,mts_aggregate_total,2022,38.446
mne,sex_f,age_ythadult_y15_64,mts_aggregate_total,2023,33.536
mne,sex_f,age_ythadult_y15_64,mts_aggregate_total,2024,33.45
mne,sex_f,age_ythadult_yge15,mts_aggregate_1,2011,63.649
mne,sex_f,age_ythadult_yge15,mts_aggregate_1,2012,65.274
mne,sex_f,age_ythadult_yge15,mts_aggregate_1,2013,64.002
mne,sex_f,age_ythadult_yge15,mts_aggregate_1,2014,62.405
mne,sex_f,age_ythadult_yge15,mts_aggregate_1,2015,59.511
mne,sex_f,age_ythadult_yge15,mts_aggregate_1,2016,58.951
mne,sex_f,age_ythadult_yge15,mts_aggregate_1,2017,59.402
mne,sex_f,age_ythadult_yge15,mts_aggregate_1,2018,58.756
mne,sex_f,age_ythadult_yge15,mts_aggregate_1,2019,55.435
mne,sex_f,age_ythadult_yge15,mts_aggregate_1,2020,59.516
mne,sex_f,age_ythadult_yge15,mts_aggregate_1,2021,60.431
mne,sex_f,age_ythadult_yge15,mts_aggregate_1,2022,51.92
mne,sex_f,age_ythadult_yge15,mts_aggregate_1,2023,46.748
mne,sex_f,age_ythadult_yge15,mts_aggregate_1,2024,48.623
mne,sex_f,age_ythadult_yge15,mts_aggregate_2,2011,52.342
mne,sex_f,age_ythadult_yge15,mts_aggregate_2,2012,49.03
mne,sex_f,age_ythadult_yge15,mts_aggregate_2,2013,49.347
mne,sex_f,age_ythadult_yge15,mts_aggregate_2,2014,45.913
mne,sex_f,age_ythadult_yge15,mts_aggregate_2,2015,46.063
mne,sex_f,age_ythadult_yge15,mts_aggregate_2,2016,46.359
mne,sex_f,age_ythadult_yge15,mts_aggregate_2,2017,46.124
mne,sex_f,age_ythadult_yge15,mts_aggregate_2,2018,45.57
mne,sex_f,age_ythadult_yge15,mts_aggregate_2,2019,45.081
mne,sex_f,age_ythadult_yge15,mts_aggregate_2,2020,48.017
mne,sex_f,age_ythadult_yge15,mts_aggregate_2,2021,50.637
mne,sex_f,age_ythadult_yge15,mts_aggregate_2,2022,43.339
mne,sex_f,age_ythadult_yge15,mts_aggregate_2,2023,37.799
mne,sex_f,age_ythadult_yge15,mts_aggregate_2,2024,36.733
mne,sex_f,age_ythadult_yge15,mts_aggregate_total,2011,57.888
mne,sex_f,age_ythadult_yge15,mts_aggregate_total,2012,56.514
mne,sex_f,age_ythadult_yge15,mts_aggregate_total,2013,56.318
mne,sex_f,age_ythadult_yge15,mts_aggregate_total,2014,53.769
mne,sex_f,age_ythadult_yge15,mts_aggregate_total,2015,52.358
mne,sex_f,age_ythadult_yge15,mts_aggregate_total,2016,52.418
mne,sex_f,age_ythadult_yge15,mts_aggregate_total,2017,52.54
mne,sex_f,age_ythadult_yge15,mts_aggregate_total,2018,51.905
mne,sex_f,age_ythadult_yge15,mts_aggregate_total,2019,50.088
mne,sex_f,age_ythadult_yge15,mts_aggregate_total,2020,53.599
mne,sex_f,age_ythadult_yge15,mts_aggregate_total,2021,55.588
mne,sex_f,age_ythadult_yge15,mts_aggregate_total,2022,47.766
mne,sex_f,age_ythadult_yge15,mts_aggregate_total,2023,42.22
mne,sex_f,age_ythadult_yge15,mts_aggregate_total,2024,42.986
mne,sex_f,age_ythadult_yge25,mts_aggregate_1,2011,54.534
mne,sex_f,age_ythadult_yge25,mts_aggregate_1,2012,58.051
mne,sex_f,age_ythadult_yge25,mts_aggregate_1,2013,55.838
mne,sex_f,age_ythadult_yge25,mts_aggregate_1,2014,55.406
mne,sex_f,age_ythadult_yge25,mts_aggregate_1,2015,52.911
mne,sex_f,age_ythadult_yge25,mts_aggregate_1,2016,53.372
mne,sex_f,age_ythadult_yge25,mts_aggregate_1,2017,52.943
mne,sex_f,age_ythadult_yge25,mts_aggregate_1,2018,51.862
mne,sex_f,age_ythadult_yge25,mts_aggregate_1,2019,49.336
mne,sex_f,age_ythadult_yge25,mts_aggregate_1,2020,52.336
mne,sex_f,age_ythadult_yge25,mts_aggregate_1,2021,53.861
mne,sex_f,age_ythadult_yge25,mts_aggregate_1,2022,44.829
mne,sex_f,age_ythadult_yge25,mts_aggregate_1,2023,40.319
mne,sex_f,age_ythadult_yge25,mts_aggregate_1,2024,41.021
mne,sex_f,age_ythadult_yge25,mts_aggregate_2,2011,51.841
mne,sex_f,age_ythadult_yge25,mts_aggregate_2,2012,48.875
mne,sex_f,age_ythadult_yge25,mts_aggregate_2,2013,49.015
mne,sex_f,age_ythadult_yge25,mts_aggregate_2,2014,45.536
mne,sex_f,age_ythadult_yge25,mts_aggregate_2,2015,45.522
mne,sex_f,age_ythadult_yge25,mts_aggregate_2,2016,46.021
mne,sex_f,age_ythadult_yge25,mts_aggregate_2,2017,45.962
mne,sex_f,age_ythadult_yge25,mts_aggregate_2,2018,45.246
mne,sex_f,age_ythadult_yge25,mts_aggregate_2,2019,44.594
mne,sex_f,age_ythadult_yge25,mts_aggregate_2,2020,47.584
mne,sex_f,age_ythadult_yge25,mts_aggregate_2,2021,50.164
mne,sex_f,age_ythadult_yge25,mts_aggregate_2,2022,43.129
mne,sex_f,age_ythadult_yge25,mts_aggregate_2,2023,37.815
mne,sex_f,age_ythadult_yge25,mts_aggregate_2,2024,36.577
mne,sex_f,age_ythadult_yge25,mts_aggregate_total,2011,52.929
mne,sex_f,age_ythadult_yge25,mts_aggregate_total,2012,52.304
mne,sex_f,age_ythadult_yge25,mts_aggregate_total,2013,51.674
mne,sex_f,age_ythadult_yge25,mts_aggregate_total,2014,49.398
mne,sex_f,age_ythadult_yge25,mts_aggregate_total,2015,48.34
mne,sex_f,age_ythadult_yge25,mts_aggregate_total,2016,48.919
mne,sex_f,age_ythadult_yge25,mts_aggregate_total,2017,48.724
mne,sex_f,age_ythadult_yge25,mts_aggregate_total,2018,47.83
mne,sex_f,age_ythadult_yge25,mts_aggregate_total,2019,46.463
mne,sex_f,age_ythadult_yge25,mts_aggregate_total,2020,49.463
mne,sex_f,age_ythadult_yge25,mts_aggregate_total,2021,51.717
mne,sex_f,age_ythadult_yge25,mts_aggregate_total,2022,43.868
mne,sex_f,age_ythadult_yge25,mts_aggregate_total,2023,38.859
mne,sex_f,age_ythadult_yge25,mts_aggregate_total,2024,38.567
mne,sex_m,age_10yrbands_total,mts_aggregate_1,2011,50.627
mne,sex_m,age_10yrbands_total,mts_aggregate_1,2012,51.837
mne,sex_m,age_10yrbands_total,mts_aggregate_1,2013,50.786
mne,sex_m,age_10yrbands_total,mts_aggregate_1,2014,46.847
mne,sex_m,age_10yrbands_total,mts_aggregate_1,2015,46.669
mne,sex_m,age_10yrbands_total,mts_aggregate_1,2016,42.925
mne,sex_m,age_10yrbands_total,mts_aggregate_1,2017,43.214
mne,sex_m,age_10yrbands_total,mts_aggregate_1,2018,40.233
mne,sex_m,age_10yrbands_total,mts_aggregate_1,2019,37.479
mne,sex_m,age_10yrbands_total,mts_aggregate_1,2020,43.149
mne,sex_m,age_10yrbands_total,mts_aggregate_1,2021,45.98
mne,sex_m,age_10yrbands_total,mts_aggregate_1,2022,36.699
mne,sex_m,age_10yrbands_total,mts_aggregate_1,2023,33.337
mne,sex_m,age_10yrbands_total,mts_aggregate_1,2024,31.243
mne,sex_m,age_10yrbands_total,mts_aggregate_2,2011,38.801
mne,sex_m,age_10yrbands_total,mts_aggregate_2,2012,36.032
mne,sex_m,age_10yrbands_total,mts_aggregate_2,2013,36.727
mne,sex_m,age_10yrbands_total,mts_aggregate_2,2014,34.938
mne,sex_m,age_10yrbands_total,mts_aggregate_2,2015,34.037
mne,sex_m,age_10yrbands_total,mts_aggregate_2,2016,33.828
mne,sex_m,age_10yrbands_total,mts_aggregate_2,2017,32.813
mne,sex_m,age_10yrbands_total,mts_aggregate_2,2018,31.538
mne,sex_m,age_10yrbands_total,mts_aggregate_2,2019,32.043
mne,sex_m,age_10yrbands_total,mts_aggregate_2,2020,35.543
mne,sex_m,age_10yrbands_total,mts_aggregate_2,2021,37.93
mne,sex_m,age_10yrbands_total,mts_aggregate_2,2022,30.668
mne,sex_m,age_10yrbands_total,mts_aggregate_2,2023,25.45
mne,sex_m,age_10yrbands_total,mts_aggregate_2,2024,27.242
mne,sex_m,age_10yrbands_total,mts_aggregate_total,2011,44.294
mne,sex_m,age_10yrbands_total,mts_aggregate_total,2012,43.081
mne,sex_m,age_10yrbands_total,mts_aggregate_total,2013,43.148
mne,sex_m,age_10yrbands_total,mts_aggregate_total,2014,40.471
mne,sex_m,age_10yrbands_total,mts_aggregate_total,2015,39.889
mne,sex_m,age_10yrbands_total,mts_aggregate_total,2016,38.208
mne,sex_m,age_10yrbands_total,mts_aggregate_total,2017,37.782
mne,sex_m,age_10yrbands_total,mts_aggregate_total,2018,35.72
mne,sex_m,age_10yrbands_total,mts_aggregate_total,2019,34.756
mne,sex_m,age_10yrbands_total,mts_aggregate_total,2020,39.412
mne,sex_m,age_10yrbands_total,mts_aggregate_total,2021,42.178
mne,sex_m,age_10yrbands_total,mts_aggregate_total,2022,33.878
mne,sex_m,age_10yrbands_total,mts_aggregate_total,2023,29.559
mne,sex_m,age_10yrbands_total,mts_aggregate_total,2024,29.417
mne,sex_m,age_10yrbands_y15_24,mts_aggregate_1,2011,76.538
mne,sex_m,age_10yrbands_y15_24,mts_aggregate_1,2012,75.011
mne,sex_m,age_10yrbands_y15_24,mts_aggregate_1,2013,75.244
mne,sex_m,age_10yrbands_y15_24,mts_aggregate_1,2014,67.747
mne,sex_m,age_10yrbands_y15_24,mts_aggregate_1,2015,68.334
mne,sex_m,age_10yrbands_y15_24,mts_aggregate_1,2016,64.833
mne,sex_m,age_10yrbands_y15_24,mts_aggregate_1,2017,66.58
mne,sex_m,age_10yrbands_y15_24,mts_aggregate_1,2018,62.031
mne,sex_m,age_10yrbands_y15_24,mts_aggregate_1,2019,58.814
mne,sex_m,age_10yrbands_y15_24,mts_aggregate_1,2020,64.515
mne,sex_m,age_10yrbands_y15_24,mts_aggregate_1,2021,65.649
mne,sex_m,age_10yrbands_y15_24,mts_aggregate_1,2022,55.317
mne,sex_m,age_10yrbands_y15_24,mts_aggregate_1,2023,52.519
mne,sex_m,age_10yrbands_y15_24,mts_aggregate_1,2024,54.496
mne,sex_m,age_10yrbands_y15_24,mts_aggregate_2,2011,31.848
mne,sex_m,age_10yrbands_y15_24,mts_aggregate_2,2012,29.684
mne,sex_m,age_10yrbands_y15_24,mts_aggregate_2,2013,16.529
mne,sex_m,age_10yrbands_y15_24,mts_aggregate_2,2014,27.6
mne,sex_m,age_10yrbands_y15_24,mts_aggregate_2,2015,15.623
mne,sex_m,age_10yrbands_y15_24,mts_aggregate_2,2016,38.401
mne,sex_m,age_10yrbands_y15_24,mts_aggregate_2,2017,21.404
mne,sex_m,age_10yrbands_y15_24,mts_aggregate_2,2018,38.184
mne,sex_m,age_10yrbands_y15_24,mts_aggregate_2,2019,40.325
mne,sex_m,age_10yrbands_y15_24,mts_aggregate_2,2020,30.06
mne,sex_m,age_10yrbands_y15_24,mts_aggregate_2,2021,53.399
mne,sex_m,age_10yrbands_y15_24,mts_aggregate_2,2022,38.308
mne,sex_m,age_10yrbands_y15_24,mts_aggregate_2,2023,21.809
mne,sex_m,age_10yrbands_y15_24,mts_aggregate_2,2024,22.243
mne,sex_m,age_10yrbands_y15_24,mts_aggregate_total,2011,75.377
mne,sex_m,age_10yrbands_y15_24,mts_aggregate_total,2012,73.859
mne,sex_m,age_10yrbands_y15_24,mts_aggregate_total,2013,73.69
mne,sex_m,age_10yrbands_y15_24,mts_aggregate_total,2014,66.313
mne,sex_m,age_10yrbands_y15_24,mts_aggregate_total,2015,66.825
mne,sex_m,age_10yrbands_y15_24,mts_aggregate_total,2016,64.251
mne,sex_m,age_10yrbands_y15_24,mts_aggregate_total,2017,65.595
mne,sex_m,age_10yrbands_y15_24,mts_aggregate_total,2018,61.67
mne,sex_m,age_10yrbands_y15_24,mts_aggregate_total,2019,58.391
mne,sex_m,age_10yrbands_y15_24,mts_aggregate_total,2020,63.58
mne,sex_m,age_10yrbands_y15_24,mts_aggregate_total,2021,65.347
mne,sex_m,age_10yrbands_y15_24,mts_aggregate_total,2022,54.986
mne,sex_m,age_10yrbands_y15_24,mts_aggregate_total,2023,51.635
mne,sex_m,age_10yrbands_y15_24,mts_aggregate_total,2024,53.219
mne,sex_m,age_10yrbands_y25_34,mts_aggregate_1,2011,23.947
mne,sex_m,age_10yrbands_y25_34,mts_aggregate_1,2012,20.696
mne,sex_m,age_10yrbands_y25_34,mts_aggregate_1,2013,19.26
mne,sex_m,age_10yrbands_y25_34,mts_aggregate_1,2014,18.495
mne,sex_m,age_10yrbands_y25_34,mts_aggregate_1,2015,18.501
mne,sex_m,age_10yrbands_y25_34,mts_aggregate_1,2016,16.149
mne,sex_m,age_10yrbands_y25_34,mts_aggregate_1,2017,18.338
mne,sex_m,age_10yrbands_y25_34,mts_aggregate_1,2018,15.986
mne,sex_m,age_10yrbands_y25_34,mts_aggregate_1,2019,15.066
mne,sex_m,age_10yrbands_y25_34,mts_aggregate_1,2020,22.596
mne,sex_m,age_10yrbands_y25_34,mts_aggregate_1,2021,26.455
mne,sex_m,age_10yrbands_y25_34,mts_aggregate_1,2022,16.658
mne,sex_m,age_10yrbands_y25_34,mts_aggregate_1,2023,15.199
mne,sex_m,age_10yrbands_y25_34,mts_aggregate_1,2024,10.62
mne,sex_m,age_10yrbands_y25_34,mts_aggregate_2,2011,10.69
mne,sex_m,age_10yrbands_y25_34,mts_aggregate_2,2012,8.602
mne,sex_m,age_10yrbands_y25_34,mts_aggregate_2,2013,10.256
mne,sex_m,age_10yrbands_y25_34,mts_aggregate_2,2014,9.185
mne,sex_m,age_10yrbands_y25_34,mts_aggregate_2,2015,6.982
mne,sex_m,age_10yrbands_y25_34,mts_aggregate_2,2016,6.427
mne,sex_m,age_10yrbands_y25_34,mts_aggregate_2,2017,10.093
mne,sex_m,age_10yrbands_y25_34,mts_aggregate_2,2018,7.223
mne,sex_m,age_10yrbands_y25_34,mts_aggregate_2,2019,6.9
mne,sex_m,age_10yrbands_y25_34,mts_aggregate_2,2020,14.786
mne,sex_m,age_10yrbands_y25_34,mts_aggregate_2,2021,11.302
mne,sex_m,age_10yrbands_y25_34,mts_aggregate_2,2022,10.013
mne,sex_m,age_10yrbands_y25_34,mts_aggregate_2,2023,4.96
mne,sex_m,age_10yrbands_y25_34,mts_aggregate_2,2024,4.715
mne,sex_m,age_10yrbands_y25_34,mts_aggregate_total,2011,20.727
mne,sex_m,age_10yrbands_y25_34,mts_aggregate_total,2012,16.851
mne,sex_m,age_10yrbands_y25_34,mts_aggregate_total,2013,16.528
mne,sex_m,age_10yrbands_y25_34,mts_aggregate_total,2014,15.527
mne,sex_m,age_10yrbands_y25_34,mts_aggregate_total,2015,15.074
mne,sex_m,age_10yrbands_y25_34,mts_aggregate_total,2016,13.579
mne,sex_m,age_10yrbands_y25_34,mts_aggregate_total,2017,16.271
mne,sex_m,age_10yrbands_y25_34,mts_aggregate_total,2018,13.882
mne,sex_m,age_10yrbands_y25_34,mts_aggregate_total,2019,13.45
mne,sex_m,age_10yrbands_y25_34,mts_aggregate_total,2020,21.153
mne,sex_m,age_10yrbands_y25_34,mts_aggregate_total,2021,23.712
mne,sex_m,age_10yrbands_y25_34,mts_aggregate_total,2022,15.411
mne,sex_m,age_10yrbands_y25_34,mts_aggregate_total,2023,13.016
mne,sex_m,age_10yrbands_y25_34,mts_aggregate_total,2024,9.738
mne,sex_m,age_10yrbands_y35_44,mts_aggregate_1,2011,21.736
mne,sex_m,age_10yrbands_y35_44,mts_aggregate_1,2012,23.278
mne,sex_m,age_10yrbands_y35_44,mts_aggregate_1,2013,22.647
mne,sex_m,age_10yrbands_y35_44,mts_aggregate_1,2014,21.089
mne,sex_m,age_10yrbands_y35_44,mts_aggregate_1,2015,16.241
mne,sex_m,age_10yrbands_y35_44,mts_aggregate_1,2016,16.892
mne,sex_m,age_10yrbands_y35_44,mts_aggregate_1,2017,12.7
mne,sex_m,age_10yrbands_y35_44,mts_aggregate_1,2018,15.297
mne,sex_m,age_10yrbands_y35_44,mts_aggregate_1,2019,14.508
mne,sex_m,age_10yrbands_y35_44,mts_aggregate_1,2020,18.39
mne,sex_m,age_10yrbands_y35_44,mts_aggregate_1,2021,23.674
mne,sex_m,age_10yrbands_y35_44,mts_aggregate_1,2022,14.681
mne,sex_m,age_10yrbands_y35_44,mts_aggregate_1,2023,12.46
mne,sex_m,age_10yrbands_y35_44,mts_aggregate_1,2024,9.464
mne,sex_m,age_10yrbands_y35_44,mts_aggregate_2,2011,13.781
mne,sex_m,age_10yrbands_y35_44,mts_aggregate_2,2012,10.743
mne,sex_m,age_10yrbands_y35_44,mts_aggregate_2,2013,11.273
mne,sex_m,age_10yrbands_y35_44,mts_aggregate_2,2014,8.807
mne,sex_m,age_10yrbands_y35_44,mts_aggregate_2,2015,9.475
mne,sex_m,age_10yrbands_y35_44,mts_aggregate_2,2016,6.773
mne,sex_m,age_10yrbands_y35_44,mts_aggregate_2,2017,6.172
mne,sex_m,age_10yrbands_y35_44,mts_aggregate_2,2018,3.865
mne,sex_m,age_10yrbands_y35_44,mts_aggregate_2,2019,7.042
mne,sex_m,age_10yrbands_y35_44,mts_aggregate_2,2020,8.516
mne,sex_m,age_10yrbands_y35_44,mts_aggregate_2,2021,10.226
mne,sex_m,age_10yrbands_y35_44,mts_aggregate_2,2022,8.63
mne,sex_m,age_10yrbands_y35_44,mts_aggregate_2,2023,11.039
mne,sex_m,age_10yrbands_y35_44,mts_aggregate_2,2024,4.616
mne,sex_m,age_10yrbands_y35_44,mts_aggregate_total,2011,16.508
mne,sex_m,age_10yrbands_y35_44,mts_aggregate_total,2012,14.336
mne,sex_m,age_10yrbands_y35_44,mts_aggregate_total,2013,14.888
mne,sex_m,age_10yrbands_y35_44,mts_aggregate_total,2014,12.888
mne,sex_m,age_10yrbands_y35_44,mts_aggregate_total,2015,11.569
mne,sex_m,age_10yrbands_y35_44,mts_aggregate_total,2016,10.394
mne,sex_m,age_10yrbands_y35_44,mts_aggregate_total,2017,8.52
mne,sex_m,age_10yrbands_y35_44,mts_aggregate_total,2018,8.05
mne,sex_m,age_10yrbands_y35_44,mts_aggregate_total,2019,9.927
mne,sex_m,age_10yrbands_y35_44,mts_aggregate_total,2020,12.652
mne,sex_m,age_10yrbands_y35_44,mts_aggregate_total,2021,16.067
mne,sex_m,age_10yrbands_y35_44,mts_aggregate_total,2022,11.435
mne,sex_m,age_10yrbands_y35_44,mts_aggregate_total,2023,11.653
mne,sex_m,age_10yrbands_y35_44,mts_aggregate_total,2024,6.843
mne,sex_m,age_10yrbands_y45_54,mts_aggregate_1,2011,34.411
mne,sex_m,age_10yrbands_y45_54,mts_aggregate_1,2012,33.117
mne,sex_m,age_10yrbands_y45_54,mts_aggregate_1,2013,35.205
mne,sex_m,age_10yrbands_y45_54,mts_aggregate_1,2014,33.208
mne,sex_m,age_10yrbands_y45_54,mts_aggregate_1,2015,29.898
mne,sex_m,age_10yrbands_y45_54,mts_aggregate_1,2016,23.514
mne,sex_m,age_10yrbands_y45_54,mts_aggregate_1,2017,22.433
mne,sex_m,age_10yrbands_y45_54,mts_aggregate_1,2018,23.638
mne,sex_m,age_10yrbands_y45_54,mts_aggregate_1,2019,26.166
mne,sex_m,age_10yrbands_y45_54,mts_aggregate_1,2020,32.054
mne,sex_m,age_10yrbands_y45_54,mts_aggregate_1,2021,28.602
mne,sex_m,age_10yrbands_y45_54,mts_aggregate_1,2022,21.902
mne,sex_m,age_10yrbands_y45_54,mts_aggregate_1,2023,19.241
mne,sex_m,age_10yrbands_y45_54,mts_aggregate_1,2024,16.683
mne,sex_m,age_10yrbands_y45_54,mts_aggregate_2,2011,19.548
mne,sex_m,age_10yrbands_y45_54,mts_aggregate_2,2012,21.803
mne,sex_m,age_10yrbands_y45_54,mts_aggregate_2,2013,21.069
mne,sex_m,age_10yrbands_y45_54,mts_aggregate_2,2014,17.742
mne,sex_m,age_10yrbands_y45_54,mts_aggregate_2,2015,18.039
mne,sex_m,age_10yrbands_y45_54,mts_aggregate_2,2016,14.846
mne,sex_m,age_10yrbands_y45_54,mts_aggregate_2,2017,13.333
mne,sex_m,age_10yrbands_y45_54,mts_aggregate_2,2018,13.631
mne,sex_m,age_10yrbands_y45_54,mts_aggregate_2,2019,13.348
mne,sex_m,age_10yrbands_y45_54,mts_aggregate_2,2020,17.373
mne,sex_m,age_10yrbands_y45_54,mts_aggregate_2,2021,15.689
mne,sex_m,age_10yrbands_y45_54,mts_aggregate_2,2022,11.381
mne,sex_m,age_10yrbands_y45_54,mts_aggregate_2,2023,12.511
mne,sex_m,age_10yrbands_y45_54,mts_aggregate_2,2024,10.898
mne,sex_m,age_10yrbands_y45_54,mts_aggregate_total,2011,22.202
mne,sex_m,age_10yrbands_y45_54,mts_aggregate_total,2012,23.714
mne,sex_m,age_10yrbands_y45_54,mts_aggregate_total,2013,23.889
mne,sex_m,age_10yrbands_y45_54,mts_aggregate_total,2014,21.125
mne,sex_m,age_10yrbands_y45_54,mts_aggregate_total,2015,20.575
mne,sex_m,age_10yrbands_y45_54,mts_aggregate_total,2016,16.735
mne,sex_m,age_10yrbands_y45_54,mts_aggregate_total,2017,15.185
mne,sex_m,age_10yrbands_y45_54,mts_aggregate_total,2018,15.88
mne,sex_m,age_10yrbands_y45_54,mts_aggregate_total,2019,16.658
mne,sex_m,age_10yrbands_y45_54,mts_aggregate_total,2020,21.133
mne,sex_m,age_10yrbands_y45_54,mts_aggregate_total,2021,19.706
mne,sex_m,age_10yrbands_y45_54,mts_aggregate_total,2022,14.541
mne,sex_m,age_10yrbands_y45_54,mts_aggregate_total,2023,14.516
mne,sex_m,age_10yrbands_y45_54,mts_aggregate_total,2024,12.582
mne,sex_m,age_10yrbands_y55_64,mts_aggregate_1,2011,42.964
mne,sex_m,age_10yrbands_y55_64,mts_aggregate_1,2012,53.541
mne,sex_m,age_10yrbands_y55_64,mts_aggregate_1,2013,49.432
mne,sex_m,age_10yrbands_y55_64,mts_aggregate_1,2014,48.653
mne,sex_m,age_10yrbands_y55_64,mts_aggregate_1,2015,54.166
mne,sex_m,age_10yrbands_y55_64,mts_aggregate_1,2016,49.803
mne,sex_m,age_10yrbands_y55_64,mts_aggregate_1,2017,51.323
mne,sex_m,age_10yrbands_y55_64,mts_aggregate_1,2018,46.968
mne,sex_m,age_10yrbands_y55_64,mts_aggregate_1,2019,36.051
mne,sex_m,age_10yrbands_y55_64,mts_aggregate_1,2020,43.014
mne,sex_m,age_10yrbands_y55_64,mts_aggregate_1,2021,52.473
mne,sex_m,age_10yrbands_y55_64,mts_aggregate_1,2022,41.142
mne,sex_m,age_10yrbands_y55_64,mts_aggregate_1,2023,37.185
mne,sex_m,age_10yrbands_y55_64,mts_aggregate_1,2024,30.509
mne,sex_m,age_10yrbands_y55_64,mts_aggregate_2,2011,46.523
mne,sex_m,age_10yrbands_y55_64,mts_aggregate_2,2012,43.97
mne,sex_m,age_10yrbands_y55_64,mts_aggregate_2,2013,44.731
mne,sex_m,age_10yrbands_y55_64,mts_aggregate_2,2014,44.583
mne,sex_m,age_10yrbands_y55_64,mts_aggregate_2,2015,43.631
mne,sex_m,age_10yrbands_y55_64,mts_aggregate_2,2016,44.304
mne,sex_m,age_10yrbands_y55_64,mts_aggregate_2,2017,40.715
mne,sex_m,age_10yrbands_y55_64,mts_aggregate_2,2018,38.425
mne,sex_m,age_10yrbands_y55_64,mts_aggregate_2,2019,36.097
mne,sex_m,age_10yrbands_y55_64,mts_aggregate_2,2020,40.1
mne,sex_m,age_10yrbands_y55_64,mts_aggregate_2,2021,46.338
mne,sex_m,age_10yrbands_y55_64,mts_aggregate_2,2022,32.185
mne,sex_m,age_10yrbands_y55_64,mts_aggregate_2,2023,24.59
mne,sex_m,age_10yrbands_y55_64,mts_aggregate_2,2024,26.962
mne,sex_m,age_10yrbands_y55_64,mts_aggregate_total,2011,45.973
mne,sex_m,age_10yrbands_y55_64,mts_aggregate_total,2012,45.562
mne,sex_m,age_10yrbands_y55_64,mts_aggregate_total,2013,45.385
mne,sex_m,age_10yrbands_y55_64,mts_aggregate_total,2014,45.292
mne,sex_m,age_10yrbands_y55_64,mts_aggregate_total,2015,45.503
mne,sex_m,age_10yrbands_y55_64,mts_aggregate_total,2016,45.4
mne,sex_m,age_10yrbands_y55_64,mts_aggregate_total,2017,42.787
mne,sex_m,age_10yrbands_y55_64,mts_aggregate_total,2018,40.044
mne,sex_m,age_10yrbands_y55_64,mts_aggregate_total,2019,36.088
mne,sex_m,age_10yrbands_y55_64,mts_aggregate_total,2020,40.667
mne,sex_m,age_10yrbands_y55_64,mts_aggregate_total,2021,47.594
mne,sex_m,age_10yrbands_y55_64,mts_aggregate_total,2022,33.788
mne,sex_m,age_10yrbands_y55_64,mts_aggregate_total,2023,27.142
mne,sex_m,age_10yrbands_y55_64,mts_aggregate_total,2024,27.825
mne,sex_m,age_10yrbands_yge65,mts_aggregate_1,2011,94.989
mne,sex_m,age_10yrbands_yge65,mts_aggregate_1,2012,97.04
mne,sex_m,age_10yrbands_yge65,mts_aggregate_1,2013,96.001
mne,sex_m,age_10yrbands_yge65,mts_aggregate_1,2014,93.47
mne,sex_m,age_10yrbands_yge65,mts_aggregate_1,2015,95.338
mne,sex_m,age_10yrbands_yge65,mts_aggregate_1,2016,94.042
mne,sex_m,age_10yrbands_yge65,mts_aggregate_1,2017,93.368
mne,sex_m,age_10yrbands_yge65,mts_aggregate_1,2018,93.581
mne,sex_m,age_10yrbands_yge65,mts_aggregate_1,2019,91.755
mne,sex_m,age_10yrbands_yge65,mts_aggregate_1,2020,93.987
mne,sex_m,age_10yrbands_yge65,mts_aggregate_1,2021,95.006
mne,sex_m,age_10yrbands_yge65,mts_aggregate_1,2022,89.363
mne,sex_m,age_10yrbands_yge65,mts_aggregate_1,2023,84.02
mne,sex_m,age_10yrbands_yge65,mts_aggregate_1,2024,89.942
mne,sex_m,age_10yrbands_yge65,mts_aggregate_2,2011,94.864
mne,sex_m,age_10yrbands_yge65,mts_aggregate_2,2012,93.968
mne,sex_m,age_10yrbands_yge65,mts_aggregate_2,2013,94.352
mne,sex_m,age_10yrbands_yge65,mts_aggregate_2,2014,93.701
mne,sex_m,age_10yrbands_yge65,mts_aggregate_2,2015,89.907
mne,sex_m,age_10yrbands_yge65,mts_aggregate_2,2016,90.946
mne,sex_m,age_10yrbands_yge65,mts_aggregate_2,2017,89.366
mne,sex_m,age_10yrbands_yge65,mts_aggregate_2,2018,85.291
mne,sex_m,age_10yrbands_yge65,mts_aggregate_2,2019,85.232
mne,sex_m,age_10yrbands_yge65,mts_aggregate_2,2020,88.352
mne,sex_m,age_10yrbands_yge65,mts_aggregate_2,2021,90.723
mne,sex_m,age_10yrbands_yge65,mts_aggregate_2,2022,85.171
mne,sex_m,age_10yrbands_yge65,mts_aggregate_2,2023,78.723
mne,sex_m,age_10yrbands_yge65,mts_aggregate_2,2024,89.123
mne,sex_m,age_10yrbands_yge65,mts_aggregate_total,2011,94.894
mne,sex_m,age_10yrbands_yge65,mts_aggregate_total,2012,94.814
mne,sex_m,age_10yrbands_yge65,mts_aggregate_total,2013,94.824
mne,sex_m,age_10yrbands_yge65,mts_aggregate_total,2014,93.636
mne,sex_m,age_10yrbands_yge65,mts_aggregate_total,2015,91.433
mne,sex_m,age_10yrbands_yge65,mts_aggregate_total,2016,91.792
mne,sex_m,age_10yrbands_yge65,mts_aggregate_total,2017,90.356
mne,sex_m,age_10yrbands_yge65,mts_aggregate_total,2018,87.098
mne,sex_m,age_10yrbands_yge65,mts_aggregate_total,2019,86.73
mne,sex_m,age_10yrbands_yge65,mts_aggregate_total,2020,89.744
mne,sex_m,age_10yrbands_yge65,mts_aggregate_total,2021,91.922
mne,sex_m,age_10yrbands_yge65,mts_aggregate_total,2022,86.478
mne,sex_m,age_10yrbands_yge65,mts_aggregate_total,2023,80.44
mne,sex_m,age_10yrbands_yge65,mts_aggregate_total,2024,89.379
mne,sex_m,age_aggregate_total,mts_aggregate_1,2011,50.627
mne,sex_m,age_aggregate_total,mts_aggregate_1,2012,51.837
mne,sex_m,age_aggregate_total,mts_aggregate_1,2013,50.786
mne,sex_m,age_aggregate_total,mts_aggregate_1,2014,46.847
mne,sex_m,age_aggregate_total,mts_aggregate_1,2015,46.669
mne,sex_m,age_aggregate_total,mts_aggregate_1,2016,42.925
mne,sex_m,age_aggregate_total,mts_aggregate_1,2017,43.214
mne,sex_m,age_aggregate_total,mts_aggregate_1,2018,40.233
mne,sex_m,age_aggregate_total,mts_aggregate_1,2019,37.479
mne,sex_m,age_aggregate_total,mts_aggregate_1,2020,43.149
mne,sex_m,age_aggregate_total,mts_aggregate_1,2021,45.98
mne,sex_m,age_aggregate_total,mts_aggregate_1,2022,36.699
mne,sex_m,age_aggregate_total,mts_aggregate_1,2023,33.337
mne,sex_m,age_aggregate_total,mts_aggregate_1,2024,31.243
mne,sex_m,age_aggregate_total,mts_aggregate_2,2011,38.801
mne,sex_m,age_aggregate_total,mts_aggregate_2,2012,36.032
mne,sex_m,age_aggregate_total,mts_aggregate_2,2013,36.727
mne,sex_m,age_aggregate_total,mts_aggregate_2,2014,34.938
mne,sex_m,age_aggregate_total,mts_aggregate_2,2015,34.037
mne,sex_m,age_aggregate_total,mts_aggregate_2,2016,33.828
mne,sex_m,age_aggregate_total,mts_aggregate_2,2017,32.813
mne,sex_m,age_aggregate_total,mts_aggregate_2,2018,31.538
mne,sex_m,age_aggregate_total,mts_aggregate_2,2019,32.043
mne,sex_m,age_aggregate_total,mts_aggregate_2,2020,35.543
mne,sex_m,age_aggregate_total,mts_aggregate_2,2021,37.93
mne,sex_m,age_aggregate_total,mts_aggregate_2,2022,30.668
mne,sex_m,age_aggregate_total,mts_aggregate_2,2023,25.45
mne,sex_m,age_aggregate_total,mts_aggregate_2,2024,27.242
mne,sex_m,age_aggregate_total,mts_aggregate_total,2011,44.294
mne,sex_m,age_aggregate_total,mts_aggregate_total,2012,43.081
mne,sex_m,age_aggregate_total,mts_aggregate_total,2013,43.148
mne,sex_m,age_aggregate_total,mts_aggregate_total,2014,40.471
mne,sex_m,age_aggregate_total,mts_aggregate_total,2015,39.889
mne,sex_m,age_aggregate_total,mts_aggregate_total,2016,38.208
mne,sex_m,age_aggregate_total,mts_aggregate_total,2017,37.782
mne,sex_m,age_aggregate_total,mts_aggregate_total,2018,35.72
mne,sex_m,age_aggregate_total,mts_aggregate_total,2019,34.756
mne,sex_m,age_aggregate_total,mts_aggregate_total,2020,39.412
mne,sex_m,age_aggregate_total,mts_aggregate_total,2021,42.178
mne,sex_m,age_aggregate_total,mts_aggregate_total,2022,33.878
mne,sex_m,age_aggregate_total,mts_aggregate_total,2023,29.559
mne,sex_m,age_aggregate_total,mts_aggregate_total,2024,29.417
mne,sex_m,age_aggregate_y15_24,mts_aggregate_1,2011,76.538
mne,sex_m,age_aggregate_y15_24,mts_aggregate_1,2012,75.011
mne,sex_m,age_aggregate_y15_24,mts_aggregate_1,2013,75.244
mne,sex_m,age_aggregate_y15_24,mts_aggregate_1,2014,67.747
mne,sex_m,age_aggregate_y15_24,mts_aggregate_1,2015,68.334
mne,sex_m,age_aggregate_y15_24,mts_aggregate_1,2016,64.833
mne,sex_m,age_aggregate_y15_24,mts_aggregate_1,2017,66.58
mne,sex_m,age_aggregate_y15_24,mts_aggregate_1,2018,62.031
mne,sex_m,age_aggregate_y15_24,mts_aggregate_1,2019,58.814
mne,sex_m,age_aggregate_y15_24,mts_aggregate_1,2020,64.515
mne,sex_m,age_aggregate_y15_24,mts_aggregate_1,2021,65.649
mne,sex_m,age_aggregate_y15_24,mts_aggregate_1,2022,55.317
mne,sex_m,age_aggregate_y15_24,mts_aggregate_1,2023,52.519
mne,sex_m,age_aggregate_y15_24,mts_aggregate_1,2024,54.496
mne,sex_m,age_aggregate_y15_24,mts_aggregate_2,2011,31.848
mne,sex_m,age_aggregate_y15_24,mts_aggregate_2,2012,29.684
mne,sex_m,age_aggregate_y15_24,mts_aggregate_2,2013,16.529
mne,sex_m,age_aggregate_y15_24,mts_aggregate_2,2014,27.6
mne,sex_m,age_aggregate_y15_24,mts_aggregate_2,2015,15.623
mne,sex_m,age_aggregate_y15_24,mts_aggregate_2,2016,38.401
mne,sex_m,age_aggregate_y15_24,mts_aggregate_2,2017,21.404
mne,sex_m,age_aggregate_y15_24,mts_aggregate_2,2018,38.184
mne,sex_m,age_aggregate_y15_24,mts_aggregate_2,2019,40.325
mne,sex_m,age_aggregate_y15_24,mts_aggregate_2,2020,30.06
mne,sex_m,age_aggregate_y15_24,mts_aggregate_2,2021,53.399
mne,sex_m,age_aggregate_y15_24,mts_aggregate_2,2022,38.308
mne,sex_m,age_aggregate_y15_24,mts_aggregate_2,2023,21.809
mne,sex_m,age_aggregate_y15_24,mts_aggregate_2,2024,22.243
mne,sex_m,age_aggregate_y15_24,mts_aggregate_total,2011,75.377
mne,sex_m,age_aggregate_y15_24,mts_aggregate_total,2012,73.859
mne,sex_m,age_aggregate_y15_24,mts_aggregate_total,2013,73.69
mne,sex_m,age_aggregate_y15_24,mts_aggregate_total,2014,66.313
mne,sex_m,age_aggregate_y15_24,mts_aggregate_total,2015,66.825
mne,sex_m,age_aggregate_y15_24,mts_aggregate_total,2016,64.251
mne,sex_m,age_aggregate_y15_24,mts_aggregate_total,2017,65.595
mne,sex_m,age_aggregate_y15_24,mts_aggregate_total,2018,61.67
mne,sex_m,age_aggregate_y15_24,mts_aggregate_total,2019,58.391
mne,sex_m,age_aggregate_y15_24,mts_aggregate_total,2020,63.58
mne,sex_m,age_aggregate_y15_24,mts_aggregate_total,2021,65.347
mne,sex_m,age_aggregate_y15_24,mts_aggregate_total,2022,54.986
mne,sex_m,age_aggregate_y15_24,mts_aggregate_total,2023,51.635
mne,sex_m,age_aggregate_y15_24,mts_aggregate_total,2024,53.219
mne,sex_m,age_aggregate_y25_54,mts_aggregate_1,2011,24.837
mne,sex_m,age_aggregate_y25_54,mts_aggregate_1,2012,23.112
mne,sex_m,age_aggregate_y25_54,mts_aggregate_1,2013,22.664
mne,sex_m,age_aggregate_y25_54,mts_aggregate_1,2014,21.711
mne,sex_m,age_aggregate_y25_54,mts_aggregate_1,2015,19.93
mne,sex_m,age_aggregate_y25_54,mts_aggregate_1,2016,17.544
mne,sex_m,age_aggregate_y25_54,mts_aggregate_1,2017,17.529
mne,sex_m,age_aggregate_y25_54,mts_aggregate_1,2018,17.067
mne,sex_m,age_aggregate_y25_54,mts_aggregate_1,2019,16.88
mne,sex_m,age_aggregate_y25_54,mts_aggregate_1,2020,23.096
mne,sex_m,age_aggregate_y25_54,mts_aggregate_1,2021,26.158
mne,sex_m,age_aggregate_y25_54,mts_aggregate_1,2022,17.102
mne,sex_m,age_aggregate_y25_54,mts_aggregate_1,2023,15.266
mne,sex_m,age_aggregate_y25_54,mts_aggregate_1,2024,11.385
mne,sex_m,age_aggregate_y25_54,mts_aggregate_2,2011,16.11
mne,sex_m,age_aggregate_y25_54,mts_aggregate_2,2012,15.355
mne,sex_m,age_aggregate_y25_54,mts_aggregate_2,2013,15.54
mne,sex_m,age_aggregate_y25_54,mts_aggregate_2,2014,12.86
mne,sex_m,age_aggregate_y25_54,mts_aggregate_2,2015,12.877
mne,sex_m,age_aggregate_y25_54,mts_aggregate_2,2016,10.506
mne,sex_m,age_aggregate_y25_54,mts_aggregate_2,2017,10.222
mne,sex_m,age_aggregate_y25_54,mts_aggregate_2,2018,9.044
mne,sex_m,age_aggregate_y25_54,mts_aggregate_2,2019,10.082
mne,sex_m,age_aggregate_y25_54,mts_aggregate_2,2020,13.765
mne,sex_m,age_aggregate_y25_54,mts_aggregate_2,2021,13.036
mne,sex_m,age_aggregate_y25_54,mts_aggregate_2,2022,10.197
mne,sex_m,age_aggregate_y25_54,mts_aggregate_2,2023,10.82
mne,sex_m,age_aggregate_y25_54,mts_aggregate_2,2024,7.838
mne,sex_m,age_aggregate_y25_54,mts_aggregate_total,2011,19.894
mne,sex_m,age_aggregate_y25_54,mts_aggregate_total,2012,18.352
mne,sex_m,age_aggregate_y25_54,mts_aggregate_total,2013,18.471
mne,sex_m,age_aggregate_y25_54,mts_aggregate_total,2014,16.553
mne,sex_m,age_aggregate_y25_54,mts_aggregate_total,2015,15.809
mne,sex_m,age_aggregate_y25_54,mts_aggregate_total,2016,13.631
mne,sex_m,age_aggregate_y25_54,mts_aggregate_total,2017,13.471
mne,sex_m,age_aggregate_y25_54,mts_aggregate_total,2018,12.714
mne,sex_m,age_aggregate_y25_54,mts_aggregate_total,2019,13.412
mne,sex_m,age_aggregate_y25_54,mts_aggregate_total,2020,18.468
mne,sex_m,age_aggregate_y25_54,mts_aggregate_total,2021,19.968
mne,sex_m,age_aggregate_y25_54,mts_aggregate_total,2022,13.874
mne,sex_m,age_aggregate_y25_54,mts_aggregate_total,2023,13.093
mne,sex_m,age_aggregate_y25_54,mts_aggregate_total,2024,9.762
mne,sex_m,age_aggregate_y55_64,mts_aggregate_1,2011,42.964
mne,sex_m,age_aggregate_y55_64,mts_aggregate_1,2012,53.541
mne,sex_m,age_aggregate_y55_64,mts_aggregate_1,2013,49.432
mne,sex_m,age_aggregate_y55_64,mts_aggregate_1,2014,48.653
mne,sex_m,age_aggregate_y55_64,mts_aggregate_1,2015,54.166
mne,sex_m,age_aggregate_y55_64,mts_aggregate_1,2016,49.803
mne,sex_m,age_aggregate_y55_64,mts_aggregate_1,2017,51.323
mne,sex_m,age_aggregate_y55_64,mts_aggregate_1,2018,46.968
mne,sex_m,age_aggregate_y55_64,mts_aggregate_1,2019,36.051
mne,sex_m,age_aggregate_y55_64,mts_aggregate_1,2020,43.014
mne,sex_m,age_aggregate_y55_64,mts_aggregate_1,2021,52.473
mne,sex_m,age_aggregate_y55_64,mts_aggregate_1,2022,41.142
mne,sex_m,age_aggregate_y55_64,mts_aggregate_1,2023,37.185
mne,sex_m,age_aggregate_y55_64,mts_aggregate_1,2024,30.509
mne,sex_m,age_aggregate_y55_64,mts_aggregate_2,2011,46.523
mne,sex_m,age_aggregate_y55_64,mts_aggregate_2,2012,43.97
mne,sex_m,age_aggregate_y55_64,mts_aggregate_2,2013,44.731
mne,sex_m,age_aggregate_y55_64,mts_aggregate_2,2014,44.583
mne,sex_m,age_aggregate_y55_64,mts_aggregate_2,2015,43.631
mne,sex_m,age_aggregate_y55_64,mts_aggregate_2,2016,44.304
mne,sex_m,age_aggregate_y55_64,mts_aggregate_2,2017,40.715
mne,sex_m,age_aggregate_y55_64,mts_aggregate_2,2018,38.425
mne,sex_m,age_aggregate_y55_64,mts_aggregate_2,2019,36.097
mne,sex_m,age_aggregate_y55_64,mts_aggregate_2,2020,40.1
mne,sex_m,age_aggregate_y55_64,mts_aggregate_2,2021,46.338
mne,sex_m,age_aggregate_y55_64,mts_aggregate_2,2022,32.185
mne,sex_m,age_aggregate_y55_64,mts_aggregate_2,2023,24.59
mne,sex_m,age_aggregate_y55_64,mts_aggregate_2,2024,26.962
mne,sex_m,age_aggregate_y55_64,mts_aggregate_total,2011,45.973
mne,sex_m,age_aggregate_y55_64,mts_aggregate_total,2012,45.562
mne,sex_m,age_aggregate_y55_64,mts_aggregate_total,2013,45.385
mne,sex_m,age_aggregate_y55_64,mts_aggregate_total,2014,45.292
mne,sex_m,age_aggregate_y55_64,mts_aggregate_total,2015,45.503
mne,sex_m,age_aggregate_y55_64,mts_aggregate_total,2016,45.4
mne,sex_m,age_aggregate_y55_64,mts_aggregate_total,2017,42.787
mne,sex_m,age_aggregate_y55_64,mts_aggregate_total,2018,40.044
mne,sex_m,age_aggregate_y55_64,mts_aggregate_total,2019,36.088
mne,sex_m,age_aggregate_y55_64,mts_aggregate_total,2020,40.667
mne,sex_m,age_aggregate_y55_64,mts_aggregate_total,2021,47.594
mne,sex_m,age_aggregate_y55_64,mts_aggregate_total,2022,33.788
mne,sex_m,age_aggregate_y55_64,mts_aggregate_total,2023,27.142
mne,sex_m,age_aggregate_y55_64,mts_aggregate_total,2024,27.825
mne,sex_m,age_aggregate_yge65,mts_aggregate_1,2011,94.989
mne,sex_m,age_aggregate_yge65,mts_aggregate_1,2012,97.04
mne,sex_m,age_aggregate_yge65,mts_aggregate_1,2013,96.001
mne,sex_m,age_aggregate_yge65,mts_aggregate_1,2014,93.47
mne,sex_m,age_aggregate_yge65,mts_aggregate_1,2015,95.338
mne,sex_m,age_aggregate_yge65,mts_aggregate_1,2016,94.042
mne,sex_m,age_aggregate_yge65,mts_aggregate_1,2017,93.368
mne,sex_m,age_aggregate_yge65,mts_aggregate_1,2018,93.581
mne,sex_m,age_aggregate_yge65,mts_aggregate_1,2019,91.755
mne,sex_m,age_aggregate_yge65,mts_aggregate_1,2020,93.987
mne,sex_m,age_aggregate_yge65,mts_aggregate_1,2021,95.006
mne,sex_m,age_aggregate_yge65,mts_aggregate_1,2022,89.363
mne,sex_m,age_aggregate_yge65,mts_aggregate_1,2023,84.02
mne,sex_m,age_aggregate_yge65,mts_aggregate_1,2024,89.942
mne,sex_m,age_aggregate_yge65,mts_aggregate_2,2011,94.864
mne,sex_m,age_aggregate_yge65,mts_aggregate_2,2012,93.968
mne,sex_m,age_aggregate_yge65,mts_aggregate_2,2013,94.352
mne,sex_m,age_aggregate_yge65,mts_aggregate_2,2014,93.701
mne,sex_m,age_aggregate_yge65,mts_aggregate_2,2015,89.907
mne,sex_m,age_aggregate_yge65,mts_aggregate_2,2016,90.946
mne,sex_m,age_aggregate_yge65,mts_aggregate_2,2017,89.366
mne,sex_m,age_aggregate_yge65,mts_aggregate_2,2018,85.291
mne,sex_m,age_aggregate_yge65,mts_aggregate_2,2019,85.232
mne,sex_m,age_aggregate_yge65,mts_aggregate_2,2020,88.352
mne,sex_m,age_aggregate_yge65,mts_aggregate_2,2021,90.723
mne,sex_m,age_aggregate_yge65,mts_aggregate_2,2022,85.171
mne,sex_m,age_aggregate_yge65,mts_aggregate_2,2023,78.723
mne,sex_m,age_aggregate_yge65,mts_aggregate_2,2024,89.123
mne,sex_m,age_aggregate_yge65,mts_aggregate_total,2011,94.894
mne,sex_m,age_aggregate_yge65,mts_aggregate_total,2012,94.814
mne,sex_m,age_aggregate_yge65,mts_aggregate_total,2013,94.824
mne,sex_m,age_aggregate_yge65,mts_aggregate_total,2014,93.636
mne,sex_m,age_aggregate_yge65,mts_aggregate_total,2015,91.433
mne,sex_m,age_aggregate_yge65,mts_aggregate_total,2016,91.792
mne,sex_m,age_aggregate_yge65,mts_aggregate_total,2017,90.356
mne,sex_m,age_aggregate_yge65,mts_aggregate_total,2018,87.098
mne,sex_m,age_aggregate_yge65,mts_aggregate_total,2019,86.73
mne,sex_m,age_aggregate_yge65,mts_aggregate_total,2020,89.744
mne,sex_m,age_aggregate_yge65,mts_aggregate_total,2021,91.922
mne,sex_m,age_aggregate_yge65,mts_aggregate_total,2022,86.478
mne,sex_m,age_aggregate_yge65,mts_aggregate_total,2023,80.44
mne,sex_m,age_aggregate_yge65,mts_aggregate_total,2024,89.379
mne,sex_m,age_ythadult_y15_24,mts_aggregate_1,2011,76.538
mne,sex_m,age_ythadult_y15_24,mts_aggregate_1,2012,75.011
mne,sex_m,age_ythadult_y15_24,mts_aggregate_1,2013,75.244
mne,sex_m,age_ythadult_y15_24,mts_aggregate_1,2014,67.747
mne,sex_m,age_ythadult_y15_24,mts_aggregate_1,2015,68.334
mne,sex_m,age_ythadult_y15_24,mts_aggregate_1,2016,64.833
mne,sex_m,age_ythadult_y15_24,mts_aggregate_1,2017,66.58
mne,sex_m,age_ythadult_y15_24,mts_aggregate_1,2018,62.031
mne,sex_m,age_ythadult_y15_24,mts_aggregate_1,2019,58.814
mne,sex_m,age_ythadult_y15_24,mts_aggregate_1,2020,64.515
mne,sex_m,age_ythadult_y15_24,mts_aggregate_1,2021,65.649
mne,sex_m,age_ythadult_y15_24,mts_aggregate_1,2022,55.317
mne,sex_m,age_ythadult_y15_24,mts_aggregate_1,2023,52.519
mne,sex_m,age_ythadult_y15_24,mts_aggregate_1,2024,54.496
mne,sex_m,age_ythadult_y15_24,mts_aggregate_2,2011,31.848
mne,sex_m,age_ythadult_y15_24,mts_aggregate_2,2012,29.684
mne,sex_m,age_ythadult_y15_24,mts_aggregate_2,2013,16.529
mne,sex_m,age_ythadult_y15_24,mts_aggregate_2,2014,27.6
mne,sex_m,age_ythadult_y15_24,mts_aggregate_2,2015,15.623
mne,sex_m,age_ythadult_y15_24,mts_aggregate_2,2016,38.401
mne,sex_m,age_ythadult_y15_24,mts_aggregate_2,2017,21.404
mne,sex_m,age_ythadult_y15_24,mts_aggregate_2,2018,38.184
mne,sex_m,age_ythadult_y15_24,mts_aggregate_2,2019,40.325
mne,sex_m,age_ythadult_y15_24,mts_aggregate_2,2020,30.06
mne,sex_m,age_ythadult_y15_24,mts_aggregate_2,2021,53.399
mne,sex_m,age_ythadult_y15_24,mts_aggregate_2,2022,38.308
mne,sex_m,age_ythadult_y15_24,mts_aggregate_2,2023,21.809
mne,sex_m,age_ythadult_y15_24,mts_aggregate_2,2024,22.243
mne,sex_m,age_ythadult_y15_24,mts_aggregate_total,2011,75.377
mne,sex_m,age_ythadult_y15_24,mts_aggregate_total,2012,73.859
mne,sex_m,age_ythadult_y15_24,mts_aggregate_total,2013,73.69
mne,sex_m,age_ythadult_y15_24,mts_aggregate_total,2014,66.313
mne,sex_m,age_ythadult_y15_24,mts_aggregate_total,2015,66.825
mne,sex_m,age_ythadult_y15_24,mts_aggregate_total,2016,64.251
mne,sex_m,age_ythadult_y15_24,mts_aggregate_total,2017,65.595
mne,sex_m,age_ythadult_y15_24,mts_aggregate_total,2018,61.67
mne,sex_m,age_ythadult_y15_24,mts_aggregate_total,2019,58.391
mne,sex_m,age_ythadult_y15_24,mts_aggregate_total,2020,63.58
mne,sex_m,age_ythadult_y15_24,mts_aggregate_total,2021,65.347
mne,sex_m,age_ythadult_y15_24,mts_aggregate_total,2022,54.986
mne,sex_m,age_ythadult_y15_24,mts_aggregate_total,2023,51.635
mne,sex_m,age_ythadult_y15_24,mts_aggregate_total,2024,53.219
mne,sex_m,age_ythadult_y15_64,mts_aggregate_1,2011,47.216
mne,sex_m,age_ythadult_y15_64,mts_aggregate_1,2012,47.646
mne,sex_m,age_ythadult_y15_64,mts_aggregate_1,2013,46.508
mne,sex_m,age_ythadult_y15_64,mts_aggregate_1,2014,42.76
mne,sex_m,age_ythadult_y15_64,mts_aggregate_1,2015,42.268
mne,sex_m,age_ythadult_y15_64,mts_aggregate_1,2016,38.653
mne,sex_m,age_ythadult_y15_64,mts_aggregate_1,2017,39.427
mne,sex_m,age_ythadult_y15_64,mts_aggregate_1,2018,36.763
mne,sex_m,age_ythadult_y15_64,mts_aggregate_1,2019,33.922
mne,sex_m,age_ythadult_y15_64,mts_aggregate_1,2020,39.639
mne,sex_m,age_ythadult_y15_64,mts_aggregate_1,2021,42.161
mne,sex_m,age_ythadult_y15_64,mts_aggregate_1,2022,32.317
mne,sex_m,age_ythadult_y15_64,mts_aggregate_1,2023,29.439
mne,sex_m,age_ythadult_y15_64,mts_aggregate_1,2024,26.945
mne,sex_m,age_ythadult_y15_64,mts_aggregate_2,2011,25.186
mne,sex_m,age_ythadult_y15_64,mts_aggregate_2,2012,23.332
mne,sex_m,age_ythadult_y15_64,mts_aggregate_2,2013,23.973
mne,sex_m,age_ythadult_y15_64,mts_aggregate_2,2014,21.998
mne,sex_m,age_ythadult_y15_64,mts_aggregate_2,2015,21.511
mne,sex_m,age_ythadult_y15_64,mts_aggregate_2,2016,20.395
mne,sex_m,age_ythadult_y15_64,mts_aggregate_2,2017,19.056
mne,sex_m,age_ythadult_y15_64,mts_aggregate_2,2018,17.849
mne,sex_m,age_ythadult_y15_64,mts_aggregate_2,2019,18.276
mne,sex_m,age_ythadult_y15_64,mts_aggregate_2,2020,22.041
mne,sex_m,age_ythadult_y15_64,mts_aggregate_2,2021,24.101
mne,sex_m,age_ythadult_y15_64,mts_aggregate_2,2022,17.629
mne,sex_m,age_ythadult_y15_64,mts_aggregate_2,2023,15.148
mne,sex_m,age_ythadult_y15_64,mts_aggregate_2,2024,13.811
mne,sex_m,age_ythadult_y15_64,mts_aggregate_total,2011,36.207
mne,sex_m,age_ythadult_y15_64,mts_aggregate_total,2012,34.837
mne,sex_m,age_ythadult_y15_64,mts_aggregate_total,2013,34.88
mne,sex_m,age_ythadult_y15_64,mts_aggregate_total,2014,32.24
mne,sex_m,age_ythadult_y15_64,mts_aggregate_total,2015,31.726
mne,sex_m,age_ythadult_y15_64,mts_aggregate_total,2016,29.783
mne,sex_m,age_ythadult_y15_64,mts_aggregate_total,2017,29.526
mne,sex_m,age_ythadult_y15_64,mts_aggregate_total,2018,27.72
mne,sex_m,age_ythadult_y15_64,mts_aggregate_total,2019,26.736
mne,sex_m,age_ythadult_y15_64,mts_aggregate_total,2020,31.697
mne,sex_m,age_ythadult_y15_64,mts_aggregate_total,2021,34.336
mne,sex_m,age_ythadult_y15_64,mts_aggregate_total,2022,25.936
mne,sex_m,age_ythadult_y15_64,mts_aggregate_total,2023,22.959
mne,sex_m,age_ythadult_y15_64,mts_aggregate_total,2024,21.356
mne,sex_m,age_ythadult_yge15,mts_aggregate_1,2011,50.627
mne,sex_m,age_ythadult_yge15,mts_aggregate_1,2012,51.837
mne,sex_m,age_ythadult_yge15,mts_aggregate_1,2013,50.786
mne,sex_m,age_ythadult_yge15,mts_aggregate_1,2014,46.847
mne,sex_m,age_ythadult_yge15,mts_aggregate_1,2015,46.669
mne,sex_m,age_ythadult_yge15,mts_aggregate_1,2016,42.925
mne,sex_m,age_ythadult_yge15,mts_aggregate_1,2017,43.214
mne,sex_m,age_ythadult_yge15,mts_aggregate_1,2018,40.233
mne,sex_m,age_ythadult_yge15,mts_aggregate_1,2019,37.479
mne,sex_m,age_ythadult_yge15,mts_aggregate_1,2020,43.149
mne,sex_m,age_ythadult_yge15,mts_aggregate_1,2021,45.98
mne,sex_m,age_ythadult_yge15,mts_aggregate_1,2022,36.699
mne,sex_m,age_ythadult_yge15,mts_aggregate_1,2023,33.337
mne,sex_m,age_ythadult_yge15,mts_aggregate_1,2024,31.243
mne,sex_m,age_ythadult_yge15,mts_aggregate_2,2011,38.801
mne,sex_m,age_ythadult_yge15,mts_aggregate_2,2012,36.032
mne,sex_m,age_ythadult_yge15,mts_aggregate_2,2013,36.727
mne,sex_m,age_ythadult_yge15,mts_aggregate_2,2014,34.938
mne,sex_m,age_ythadult_yge15,mts_aggregate_2,2015,34.037
mne,sex_m,age_ythadult_yge15,mts_aggregate_2,2016,33.828
mne,sex_m,age_ythadult_yge15,mts_aggregate_2,2017,32.813
mne,sex_m,age_ythadult_yge15,mts_aggregate_2,2018,31.538
mne,sex_m,age_ythadult_yge15,mts_aggregate_2,2019,32.043
mne,sex_m,age_ythadult_yge15,mts_aggregate_2,2020,35.543
mne,sex_m,age_ythadult_yge15,mts_aggregate_2,2021,37.93
mne,sex_m,age_ythadult_yge15,mts_aggregate_2,2022,30.668
mne,sex_m,age_ythadult_yge15,mts_aggregate_2,2023,25.45
mne,sex_m,age_ythadult_yge15,mts_aggregate_2,2024,27.242
mne,sex_m,age_ythadult_yge15,mts_aggregate_total,2011,44.294
mne,sex_m,age_ythadult_yge15,mts_aggregate_total,2012,43.081
mne,sex_m,age_ythadult_yge15,mts_aggregate_total,2013,43.148
mne,sex_m,age_ythadult_yge15,mts_aggregate_total,2014,40.471
mne,sex_m,age_ythadult_yge15,mts_aggregate_total,2015,39.889
mne,sex_m,age_ythadult_yge15,mts_aggregate_total,2016,38.208
mne,sex_m,age_ythadult_yge15,mts_aggregate_total,2017,37.782
mne,sex_m,age_ythadult_yge15,mts_aggregate_total,2018,35.72
mne,sex_m,age_ythadult_yge15,mts_aggregate_total,2019,34.756
mne,sex_m,age_ythadult_yge15,mts_aggregate_total,2020,39.412
mne,sex_m,age_ythadult_yge15,mts_aggregate_total,2021,42.178
mne,sex_m,age_ythadult_yge15,mts_aggregate_total,2022,33.878
mne,sex_m,age_ythadult_yge15,mts_aggregate_total,2023,29.559
mne,sex_m,age_ythadult_yge15,mts_aggregate_total,2024,29.417
mne,sex_m,age_ythadult_yge25,mts_aggregate_1,2011,34.438
mne,sex_m,age_ythadult_yge25,mts_aggregate_1,2012,36.387
mne,sex_m,age_ythadult_yge25,mts_aggregate_1,2013,35.074
mne,sex_m,age_ythadult_yge25,mts_aggregate_1,2014,33.617
mne,sex_m,age_ythadult_yge25,mts_aggregate_1,2015,33.234
mne,sex_m,age_ythadult_yge25,mts_aggregate_1,2016,30.069
mne,sex_m,age_ythadult_yge25,mts_aggregate_1,2017,29.313
mne,sex_m,age_ythadult_yge25,mts_aggregate_1,2018,27.315
mne,sex_m,age_ythadult_yge25,mts_aggregate_1,2019,25.741
mne,sex_m,age_ythadult_yge25,mts_aggregate_1,2020,31.835
mne,sex_m,age_ythadult_yge25,mts_aggregate_1,2021,35.968
mne,sex_m,age_ythadult_yge25,mts_aggregate_1,2022,27.285
mne,sex_m,age_ythadult_yge25,mts_aggregate_1,2023,24.385
mne,sex_m,age_ythadult_yge25,mts_aggregate_1,2024,20.946
mne,sex_m,age_ythadult_yge25,mts_aggregate_2,2011,38.864
mne,sex_m,age_ythadult_yge25,mts_aggregate_2,2012,36.086
mne,sex_m,age_ythadult_yge25,mts_aggregate_2,2013,36.91
mne,sex_m,age_ythadult_yge25,mts_aggregate_2,2014,35.031
mne,sex_m,age_ythadult_yge25,mts_aggregate_2,2015,34.218
mne,sex_m,age_ythadult_yge25,mts_aggregate_2,2016,33.793
mne,sex_m,age_ythadult_yge25,mts_aggregate_2,2017,32.9
mne,sex_m,age_ythadult_yge25,mts_aggregate_2,2018,31.503
mne,sex_m,age_ythadult_yge25,mts_aggregate_2,2019,31.974
mne,sex_m,age_ythadult_yge25,mts_aggregate_2,2020,35.598
mne,sex_m,age_ythadult_yge25,mts_aggregate_2,2021,37.781
mne,sex_m,age_ythadult_yge25,mts_aggregate_2,2022,30.609
mne,sex_m,age_ythadult_yge25,mts_aggregate_2,2023,25.488
mne,sex_m,age_ythadult_yge25,mts_aggregate_2,2024,27.319
mne,sex_m,age_ythadult_yge25,mts_aggregate_total,2011,37.314
mne,sex_m,age_ythadult_yge25,mts_aggregate_total,2012,36.185
mne,sex_m,age_ythadult_yge25,mts_aggregate_total,2013,36.284
mne,sex_m,age_ythadult_yge25,mts_aggregate_total,2014,34.536
mne,sex_m,age_ythadult_yge25,mts_aggregate_total,2015,33.874
mne,sex_m,age_ythadult_yge25,mts_aggregate_total,2016,32.412
mne,sex_m,age_ythadult_yge25,mts_aggregate_total,2017,31.586
mne,sex_m,age_ythadult_yge25,mts_aggregate_total,2018,29.957
mne,sex_m,age_ythadult_yge25,mts_aggregate_total,2019,29.522
mne,sex_m,age_ythadult_yge25,mts_aggregate_total,2020,34.07
mne,sex_m,age_ythadult_yge25,mts_aggregate_total,2021,37.006
mne,sex_m,age_ythadult_yge25,mts_aggregate_total,2022,29.172
mne,sex_m,age_ythadult_yge25,mts_aggregate_total,2023,25.015
mne,sex_m,age_ythadult_yge25,mts_aggregate_total,2024,24.414
mne,sex_t,age_10yrbands_total,mts_aggregate_1,2011,57.475
mne,sex_t,age_10yrbands_total,mts_aggregate_1,2012,58.827
mne,sex_t,age_10yrbands_total,mts_aggregate_1,2013,57.691
mne,sex_t,age_10yrbands_total,mts_aggregate_1,2014,54.912
mne,sex_t,age_10yrbands_total,mts_aggregate_1,2015,53.277
mne,sex_t,age_10yrbands_total,mts_aggregate_1,2016,51.124
mne,sex_t,age_10yrbands_total,mts_aggregate_1,2017,51.541
mne,sex_t,age_10yrbands_total,mts_aggregate_1,2018,49.692
mne,sex_t,age_10yrbands_total,mts_aggregate_1,2019,46.503
mne,sex_t,age_10yrbands_total,mts_aggregate_1,2020,51.311
mne,sex_t,age_10yrbands_total,mts_aggregate_1,2021,53.225
mne,sex_t,age_10yrbands_total,mts_aggregate_1,2022,44.344
mne,sex_t,age_10yrbands_total,mts_aggregate_1,2023,39.965
mne,sex_t,age_10yrbands_total,mts_aggregate_1,2024,39.862
mne,sex_t,age_10yrbands_total,mts_aggregate_2,2011,45.569
mne,sex_t,age_10yrbands_total,mts_aggregate_2,2012,42.601
mne,sex_t,age_10yrbands_total,mts_aggregate_2,2013,43.08
mne,sex_t,age_10yrbands_total,mts_aggregate_2,2014,40.498
mne,sex_t,age_10yrbands_total,mts_aggregate_2,2015,40.167
mne,sex_t,age_10yrbands_total,mts_aggregate_2,2016,40.243
mne,sex_t,age_10yrbands_total,mts_aggregate_2,2017,39.588
mne,sex_t,age_10yrbands_total,mts_aggregate_2,2018,38.711
mne,sex_t,age_10yrbands_total,mts_aggregate_2,2019,38.798
mne,sex_t,age_10yrbands_total,mts_aggregate_2,2020,42.052
mne,sex_t,age_10yrbands_total,mts_aggregate_2,2021,44.582
mne,sex_t,age_10yrbands_total,mts_aggregate_2,2022,37.24
mne,sex_t,age_10yrbands_total,mts_aggregate_2,2023,31.886
mne,sex_t,age_10yrbands_total,mts_aggregate_2,2024,32.116
mne,sex_t,age_10yrbands_total,mts_aggregate_total,2011,51.259
mne,sex_t,age_10yrbands_total,mts_aggregate_total,2012,49.96
mne,sex_t,age_10yrbands_total,mts_aggregate_total,2013,49.895
mne,sex_t,age_10yrbands_total,mts_aggregate_total,2014,47.282
mne,sex_t,age_10yrbands_total,mts_aggregate_total,2015,46.273
mne,sex_t,age_10yrbands_total,mts_aggregate_total,2016,45.48
mne,sex_t,age_10yrbands_total,mts_aggregate_total,2017,45.332
mne,sex_t,age_10yrbands_total,mts_aggregate_total,2018,43.989
mne,sex_t,age_10yrbands_total,mts_aggregate_total,2019,42.583
mne,sex_t,age_10yrbands_total,mts_aggregate_total,2020,46.652
mne,sex_t,age_10yrbands_total,mts_aggregate_total,2021,49.044
mne,sex_t,age_10yrbands_total,mts_aggregate_total,2022,40.962
mne,sex_t,age_10yrbands_total,mts_aggregate_total,2023,35.985
mne,sex_t,age_10yrbands_total,mts_aggregate_total,2024,36.257
mne,sex_t,age_10yrbands_y15_24,mts_aggregate_1,2011,80.006
mne,sex_t,age_10yrbands_y15_24,mts_aggregate_1,2012,77.584
mne,sex_t,age_10yrbands_y15_24,mts_aggregate_1,2013,78.31
mne,sex_t,age_10yrbands_y15_24,mts_aggregate_1,2014,72.333
mne,sex_t,age_10yrbands_y15_24,mts_aggregate_1,2015,70.836
mne,sex_t,age_10yrbands_y15_24,mts_aggregate_1,2016,67.809
mne,sex_t,age_10yrbands_y15_24,mts_aggregate_1,2017,69.848
mne,sex_t,age_10yrbands_y15_24,mts_aggregate_1,2018,67.442
mne,sex_t,age_10yrbands_y15_24,mts_aggregate_1,2019,63.455
mne,sex_t,age_10yrbands_y15_24,mts_aggregate_1,2020,69.512
mne,sex_t,age_10yrbands_y15_24,mts_aggregate_1,2021,70.322
mne,sex_t,age_10yrbands_y15_24,mts_aggregate_1,2022,61.725
mne,sex_t,age_10yrbands_y15_24,mts_aggregate_1,2023,57.332
mne,sex_t,age_10yrbands_y15_24,mts_aggregate_1,2024,61.008
mne,sex_t,age_10yrbands_y15_24,mts_aggregate_2,2011,62.381
mne,sex_t,age_10yrbands_y15_24,mts_aggregate_2,2012,48.794
mne,sex_t,age_10yrbands_y15_24,mts_aggregate_2,2013,50.309
mne,sex_t,age_10yrbands_y15_24,mts_aggregate_2,2014,49.147
mne,sex_t,age_10yrbands_y15_24,mts_aggregate_2,2015,52.823
mne,sex_t,age_10yrbands_y15_24,mts_aggregate_2,2016,55.593
mne,sex_t,age_10yrbands_y15_24,mts_aggregate_2,2017,45.326
mne,sex_t,age_10yrbands_y15_24,mts_aggregate_2,2018,58.535
mne,sex_t,age_10yrbands_y15_24,mts_aggregate_2,2019,63.652
mne,sex_t,age_10yrbands_y15_24,mts_aggregate_2,2020,59.307
mne,sex_t,age_10yrbands_y15_24,mts_aggregate_2,2021,68.975
mne,sex_t,age_10yrbands_y15_24,mts_aggregate_2,2022,49.397
mne,sex_t,age_10yrbands_y15_24,mts_aggregate_2,2023,32.85
mne,sex_t,age_10yrbands_y15_24,mts_aggregate_2,2024,34.834
mne,sex_t,age_10yrbands_y15_24,mts_aggregate_total,2011,79.192
mne,sex_t,age_10yrbands_y15_24,mts_aggregate_total,2012,75.914
mne,sex_t,age_10yrbands_y15_24,mts_aggregate_total,2013,76.779
mne,sex_t,age_10yrbands_y15_24,mts_aggregate_total,2014,70.774
mne,sex_t,age_10yrbands_y15_24,mts_aggregate_total,2015,69.819
mne,sex_t,age_10yrbands_y15_24,mts_aggregate_total,2016,67.252
mne,sex_t,age_10yrbands_y15_24,mts_aggregate_total,2017,68.795
mne,sex_t,age_10yrbands_y15_24,mts_aggregate_total,2018,67.144
mne,sex_t,age_10yrbands_y15_24,mts_aggregate_total,2019,63.462
mne,sex_t,age_10yrbands_y15_24,mts_aggregate_total,2020,69.147
mne,sex_t,age_10yrbands_y15_24,mts_aggregate_total,2021,70.27
mne,sex_t,age_10yrbands_y15_24,mts_aggregate_total,2022,61.227
mne,sex_t,age_10yrbands_y15_24,mts_aggregate_total,2023,56.028
mne,sex_t,age_10yrbands_y15_24,mts_aggregate_total,2024,59.94
mne,sex_t,age_10yrbands_y25_34,mts_aggregate_1,2011,23.182
mne,sex_t,age_10yrbands_y25_34,mts_aggregate_1,2012,21.664
mne,sex_t,age_10yrbands_y25_34,mts_aggregate_1,2013,19.593
mne,sex_t,age_10yrbands_y25_34,mts_aggregate_1,2014,17.897
mne,sex_t,age_10yrbands_y25_34,mts_aggregate_1,2015,17.583
mne,sex_t,age_10yrbands_y25_34,mts_aggregate_1,2016,16.758
mne,sex_t,age_10yrbands_y25_34,mts_aggregate_1,2017,18.17
mne,sex_t,age_10yrbands_y25_34,mts_aggregate_1,2018,17.843
mne,sex_t,age_10yrbands_y25_34,mts_aggregate_1,2019,17.238
mne,sex_t,age_10yrbands_y25_34,mts_aggregate_1,2020,22.301
mne,sex_t,age_10yrbands_y25_34,mts_aggregate_1,2021,25.585
mne,sex_t,age_10yrbands_y25_34,mts_aggregate_1,2022,15.303
mne,sex_t,age_10yrbands_y25_34,mts_aggregate_1,2023,15.065
mne,sex_t,age_10yrbands_y25_34,mts_aggregate_1,2024,12.719
mne,sex_t,age_10yrbands_y25_34,mts_aggregate_2,2011,28.329
mne,sex_t,age_10yrbands_y25_34,mts_aggregate_2,2012,24.322
mne,sex_t,age_10yrbands_y25_34,mts_aggregate_2,2013,28.396
mne,sex_t,age_10yrbands_y25_34,mts_aggregate_2,2014,22.466
mne,sex_t,age_10yrbands_y25_34,mts_aggregate_2,2015,24.326
mne,sex_t,age_10yrbands_y25_34,mts_aggregate_2,2016,21.369
mne,sex_t,age_10yrbands_y25_34,mts_aggregate_2,2017,21.148
mne,sex_t,age_10yrbands_y25_34,mts_aggregate_2,2018,23.696
mne,sex_t,age_10yrbands_y25_34,mts_aggregate_2,2019,25.832
mne,sex_t,age_10yrbands_y25_34,mts_aggregate_2,2020,30.941
mne,sex_t,age_10yrbands_y25_34,mts_aggregate_2,2021,30.39
mne,sex_t,age_10yrbands_y25_34,mts_aggregate_2,2022,27.273
mne,sex_t,age_10yrbands_y25_34,mts_aggregate_2,2023,20.988
mne,sex_t,age_10yrbands_y25_34,mts_aggregate_2,2024,16.657
mne,sex_t,age_10yrbands_y25_34,mts_aggregate_total,2011,24.917
mne,sex_t,age_10yrbands_y25_34,mts_aggregate_total,2012,22.817
mne,sex_t,age_10yrbands_y25_34,mts_aggregate_total,2013,23.152
mne,sex_t,age_10yrbands_y25_34,mts_aggregate_total,2014,19.798
mne,sex_t,age_10yrbands_y25_34,mts_aggregate_total,2015,20.406
mne,sex_t,age_10yrbands_y25_34,mts_aggregate_total,2016,18.504
mne,sex_t,age_10yrbands_y25_34,mts_aggregate_total,2017,19.196
mne,sex_t,age_10yrbands_y25_34,mts_aggregate_total,2018,19.845
mne,sex_t,age_10yrbands_y25_34,mts_aggregate_total,2019,19.88
mne,sex_t,age_10yrbands_y25_34,mts_aggregate_total,2020,24.855
mne,sex_t,age_10yrbands_y25_34,mts_aggregate_total,2021,26.972
mne,sex_t,age_10yrbands_y25_34,mts_aggregate_total,2022,18.631
mne,sex_t,age_10yrbands_y25_34,mts_aggregate_total,2023,16.819
mne,sex_t,age_10yrbands_y25_34,mts_aggregate_total,2024,13.662
mne,sex_t,age_10yrbands_y35_44,mts_aggregate_1,2011,20.825
mne,sex_t,age_10yrbands_y35_44,mts_aggregate_1,2012,20.95
mne,sex_t,age_10yrbands_y35_44,mts_aggregate_1,2013,19.81
mne,sex_t,age_10yrbands_y35_44,mts_aggregate_1,2014,20.126
mne,sex_t,age_10yrbands_y35_44,mts_aggregate_1,2015,15.667
mne,sex_t,age_10yrbands_y35_44,mts_aggregate_1,2016,15.536
mne,sex_t,age_10yrbands_y35_44,mts_aggregate_1,2017,14.79
mne,sex_t,age_10yrbands_y35_44,mts_aggregate_1,2018,14.867
mne,sex_t,age_10yrbands_y35_44,mts_aggregate_1,2019,14.836
mne,sex_t,age_10yrbands_y35_44,mts_aggregate_1,2020,19.733
mne,sex_t,age_10yrbands_y35_44,mts_aggregate_1,2021,25.032
mne,sex_t,age_10yrbands_y35_44,mts_aggregate_1,2022,16.957
mne,sex_t,age_10yrbands_y35_44,mts_aggregate_1,2023,11.537
mne,sex_t,age_10yrbands_y35_44,mts_aggregate_1,2024,9.289
mne,sex_t,age_10yrbands_y35_44,mts_aggregate_2,2011,23.853
mne,sex_t,age_10yrbands_y35_44,mts_aggregate_2,2012,21.504
mne,sex_t,age_10yrbands_y35_44,mts_aggregate_2,2013,21.355
mne,sex_t,age_10yrbands_y35_44,mts_aggregate_2,2014,19.423
mne,sex_t,age_10yrbands_y35_44,mts_aggregate_2,2015,19.006
mne,sex_t,age_10yrbands_y35_44,mts_aggregate_2,2016,19.336
mne,sex_t,age_10yrbands_y35_44,mts_aggregate_2,2017,19.3
mne,sex_t,age_10yrbands_y35_44,mts_aggregate_2,2018,17.109
mne,sex_t,age_10yrbands_y35_44,mts_aggregate_2,2019,18.128
mne,sex_t,age_10yrbands_y35_44,mts_aggregate_2,2020,20.319
mne,sex_t,age_10yrbands_y35_44,mts_aggregate_2,2021,22.58
mne,sex_t,age_10yrbands_y35_44,mts_aggregate_2,2022,20.03
mne,sex_t,age_10yrbands_y35_44,mts_aggregate_2,2023,17.901
mne,sex_t,age_10yrbands_y35_44,mts_aggregate_2,2024,15.587
mne,sex_t,age_10yrbands_y35_44,mts_aggregate_total,2011,22.973
mne,sex_t,age_10yrbands_y35_44,mts_aggregate_total,2012,21.361
mne,sex_t,age_10yrbands_y35_44,mts_aggregate_total,2013,20.905
mne,sex_t,age_10yrbands_y35_44,mts_aggregate_total,2014,19.627
mne,sex_t,age_10yrbands_y35_44,mts_aggregate_total,2015,18.114
mne,sex_t,age_10yrbands_y35_44,mts_aggregate_total,2016,18.228
mne,sex_t,age_10yrbands_y35_44,mts_aggregate_total,2017,18.033
mne,sex_t,age_10yrbands_y35_44,mts_aggregate_total,2018,16.442
mne,sex_t,age_10yrbands_y35_44,mts_aggregate_total,2019,17.077
mne,sex_t,age_10yrbands_y35_44,mts_aggregate_total,2020,20.121
mne,sex_t,age_10yrbands_y35_44,mts_aggregate_total,2021,23.432
mne,sex_t,age_10yrbands_y35_44,mts_aggregate_total,2022,18.897
mne,sex_t,age_10yrbands_y35_44,mts_aggregate_total,2023,15.681
mne,sex_t,age_10yrbands_y35_44,mts_aggregate_total,2024,13.248
mne,sex_t,age_10yrbands_y45_54,mts_aggregate_1,2011,29.763
mne,sex_t,age_10yrbands_y45_54,mts_aggregate_1,2012,29.714
mne,sex_t,age_10yrbands_y45_54,mts_aggregate_1,2013,33.007
mne,sex_t,age_10yrbands_y45_54,mts_aggregate_1,2014,33.014
mne,sex_t,age_10yrbands_y45_54,mts_aggregate_1,2015,28.044
mne,sex_t,age_10yrbands_y45_54,mts_aggregate_1,2016,27.893
mne,sex_t,age_10yrbands_y45_54,mts_aggregate_1,2017,25.035
mne,sex_t,age_10yrbands_y45_54,mts_aggregate_1,2018,27.119
mne,sex_t,age_10yrbands_y45_54,mts_aggregate_1,2019,26.103
mne,sex_t,age_10yrbands_y45_54,mts_aggregate_1,2020,32.609
mne,sex_t,age_10yrbands_y45_54,mts_aggregate_1,2021,28.858
mne,sex_t,age_10yrbands_y45_54,mts_aggregate_1,2022,22.599
mne,sex_t,age_10yrbands_y45_54,mts_aggregate_1,2023,19.695
mne,sex_t,age_10yrbands_y45_54,mts_aggregate_1,2024,18.654
mne,sex_t,age_10yrbands_y45_54,mts_aggregate_2,2011,28.213
mne,sex_t,age_10yrbands_y45_54,mts_aggregate_2,2012,29.558
mne,sex_t,age_10yrbands_y45_54,mts_aggregate_2,2013,28.24
mne,sex_t,age_10yrbands_y45_54,mts_aggregate_2,2014,25.04
mne,sex_t,age_10yrbands_y45_54,mts_aggregate_2,2015,25.352
mne,sex_t,age_10yrbands_y45_54,mts_aggregate_2,2016,26.248
mne,sex_t,age_10yrbands_y45_54,mts_aggregate_2,2017,26.312
mne,sex_t,age_10yrbands_y45_54,mts_aggregate_2,2018,24.557
mne,sex_t,age_10yrbands_y45_54,mts_aggregate_2,2019,24.468
mne,sex_t,age_10yrbands_y45_54,mts_aggregate_2,2020,28.642
mne,sex_t,age_10yrbands_y45_54,mts_aggregate_2,2021,28.446
mne,sex_t,age_10yrbands_y45_54,mts_aggregate_2,2022,23.282
mne,sex_t,age_10yrbands_y45_54,mts_aggregate_2,2023,22.455
mne,sex_t,age_10yrbands_y45_54,mts_aggregate_2,2024,18.645
mne,sex_t,age_10yrbands_y45_54,mts_aggregate_total,2011,28.534
mne,sex_t,age_10yrbands_y45_54,mts_aggregate_total,2012,29.589
mne,sex_t,age_10yrbands_y45_54,mts_aggregate_total,2013,29.239
mne,sex_t,age_10yrbands_y45_54,mts_aggregate_total,2014,26.847
mne,sex_t,age_10yrbands_y45_54,mts_aggregate_total,2015,25.963
mne,sex_t,age_10yrbands_y45_54,mts_aggregate_total,2016,26.628
mne,sex_t,age_10yrbands_y45_54,mts_aggregate_total,2017,26.035
mne,sex_t,age_10yrbands_y45_54,mts_aggregate_total,2018,25.14
mne,sex_t,age_10yrbands_y45_54,mts_aggregate_total,2019,24.858
mne,sex_t,age_10yrbands_y45_54,mts_aggregate_total,2020,29.566
mne,sex_t,age_10yrbands_y45_54,mts_aggregate_total,2021,28.562
mne,sex_t,age_10yrbands_y45_54,mts_aggregate_total,2022,23.086
mne,sex_t,age_10yrbands_y45_54,mts_aggregate_total,2023,21.677
mne,sex_t,age_10yrbands_y45_54,mts_aggregate_total,2024,18.648
mne,sex_t,age_10yrbands_y55_64,mts_aggregate_1,2011,62.383
mne,sex_t,age_10yrbands_y55_64,mts_aggregate_1,2012,68.934
mne,sex_t,age_10yrbands_y55_64,mts_aggregate_1,2013,66.259
mne,sex_t,age_10yrbands_y55_64,mts_aggregate_1,2014,65.374
mne,sex_t,age_10yrbands_y55_64,mts_aggregate_1,2015,60.169
mne,sex_t,age_10yrbands_y55_64,mts_aggregate_1,2016,61.933
mne,sex_t,age_10yrbands_y55_64,mts_aggregate_1,2017,61.244
mne,sex_t,age_10yrbands_y55_64,mts_aggregate_1,2018,55.821
mne,sex_t,age_10yrbands_y55_64,mts_aggregate_1,2019,48.298
mne,sex_t,age_10yrbands_y55_64,mts_aggregate_1,2020,54.623
mne,sex_t,age_10yrbands_y55_64,mts_aggregate_1,2021,57.252
mne,sex_t,age_10yrbands_y55_64,mts_aggregate_1,2022,44.098
mne,sex_t,age_10yrbands_y55_64,mts_aggregate_1,2023,43.777
mne,sex_t,age_10yrbands_y55_64,mts_aggregate_1,2024,39.763
mne,sex_t,age_10yrbands_y55_64,mts_aggregate_2,2011,58.476
mne,sex_t,age_10yrbands_y55_64,mts_aggregate_2,2012,55.209
mne,sex_t,age_10yrbands_y55_64,mts_aggregate_2,2013,53.844
mne,sex_t,age_10yrbands_y55_64,mts_aggregate_2,2014,53.372
mne,sex_t,age_10yrbands_y55_64,mts_aggregate_2,2015,53.377
mne,sex_t,age_10yrbands_y55_64,mts_aggregate_2,2016,52.567
mne,sex_t,age_10yrbands_y55_64,mts_aggregate_2,2017,50.103
mne,sex_t,age_10yrbands_y55_64,mts_aggregate_2,2018,48.141
mne,sex_t,age_10yrbands_y55_64,mts_aggregate_2,2019,45.056
mne,sex_t,age_10yrbands_y55_64,mts_aggregate_2,2020,49.884
mne,sex_t,age_10yrbands_y55_64,mts_aggregate_2,2021,56.002
mne,sex_t,age_10yrbands_y55_64,mts_aggregate_2,2022,39.728
mne,sex_t,age_10yrbands_y55_64,mts_aggregate_2,2023,33.048
mne,sex_t,age_10yrbands_y55_64,mts_aggregate_2,2024,35.113
mne,sex_t,age_10yrbands_y55_64,mts_aggregate_total,2011,59.44
mne,sex_t,age_10yrbands_y55_64,mts_aggregate_total,2012,58.594
mne,sex_t,age_10yrbands_y55_64,mts_aggregate_total,2013,56.68
mne,sex_t,age_10yrbands_y55_64,mts_aggregate_total,2014,56.538
mne,sex_t,age_10yrbands_y55_64,mts_aggregate_total,2015,55.084
mne,sex_t,age_10yrbands_y55_64,mts_aggregate_total,2016,55.02
mne,sex_t,age_10yrbands_y55_64,mts_aggregate_total,2017,52.941
mne,sex_t,age_10yrbands_y55_64,mts_aggregate_total,2018,50.009
mne,sex_t,age_10yrbands_y55_64,mts_aggregate_total,2019,45.851
mne,sex_t,age_10yrbands_y55_64,mts_aggregate_total,2020,51.015
mne,sex_t,age_10yrbands_y55_64,mts_aggregate_total,2021,56.309
mne,sex_t,age_10yrbands_y55_64,mts_aggregate_total,2022,40.816
mne,sex_t,age_10yrbands_y55_64,mts_aggregate_total,2023,35.754
mne,sex_t,age_10yrbands_y55_64,mts_aggregate_total,2024,36.415
mne,sex_t,age_10yrbands_yge65,mts_aggregate_1,2011,98.106
mne,sex_t,age_10yrbands_yge65,mts_aggregate_1,2012,98.719
mne,sex_t,age_10yrbands_yge65,mts_aggregate_1,2013,98.44
mne,sex_t,age_10yrbands_yge65,mts_aggregate_1,2014,97.305
mne,sex_t,age_10yrbands_yge65,mts_aggregate_1,2015,96.416
mne,sex_t,age_10yrbands_yge65,mts_aggregate_1,2016,95.103
mne,sex_t,age_10yrbands_yge65,mts_aggregate_1,2017,95.867
mne,sex_t,age_10yrbands_yge65,mts_aggregate_1,2018,96.837
mne,sex_t,age_10yrbands_yge65,mts_aggregate_1,2019,96.411
mne,sex_t,age_10yrbands_yge65,mts_aggregate_1,2020,96.92
mne,sex_t,age_10yrbands_yge65,mts_aggregate_1,2021,96.269
mne,sex_t,age_10yrbands_yge65,mts_aggregate_1,2022,93.652
mne,sex_t,age_10yrbands_yge65,mts_aggregate_1,2023,91.106
mne,sex_t,age_10yrbands_yge65,mts_aggregate_1,2024,95.32
mne,sex_t,age_10yrbands_yge65,mts_aggregate_2,2011,96.283
mne,sex_t,age_10yrbands_yge65,mts_aggregate_2,2012,94.534
mne,sex_t,age_10yrbands_yge65,mts_aggregate_2,2013,95.808
mne,sex_t,age_10yrbands_yge65,mts_aggregate_2,2014,94.578
mne,sex_t,age_10yrbands_yge65,mts_aggregate_2,2015,91.405
mne,sex_t,age_10yrbands_yge65,mts_aggregate_2,2016,92.053
mne,sex_t,age_10yrbands_yge65,mts_aggregate_2,2017,90.424
mne,sex_t,age_10yrbands_yge65,mts_aggregate_2,2018,87.537
mne,sex_t,age_10yrbands_yge65,mts_aggregate_2,2019,86.864
mne,sex_t,age_10yrbands_yge65,mts_aggregate_2,2020,87.779
mne,sex_t,age_10yrbands_yge65,mts_aggregate_2,2021,91.73
mne,sex_t,age_10yrbands_yge65,mts_aggregate_2,2022,86.984
mne,sex_t,age_10yrbands_yge65,mts_aggregate_2,2023,82.385
mne,sex_t,age_10yrbands_yge65,mts_aggregate_2,2024,89.227
mne,sex_t,age_10yrbands_yge65,mts_aggregate_total,2011,97.115
mne,sex_t,age_10yrbands_yge65,mts_aggregate_total,2012,96.509
mne,sex_t,age_10yrbands_yge65,mts_aggregate_total,2013,97.082
mne,sex_t,age_10yrbands_yge65,mts_aggregate_total,2014,95.88
mne,sex_t,age_10yrbands_yge65,mts_aggregate_total,2015,93.841
mne,sex_t,age_10yrbands_yge65,mts_aggregate_total,2016,93.545
mne,sex_t,age_10yrbands_yge65,mts_aggregate_total,2017,93.015
mne,sex_t,age_10yrbands_yge65,mts_aggregate_total,2018,91.699
mne,sex_t,age_10yrbands_yge65,mts_aggregate_total,2019,91.079
mne,sex_t,age_10yrbands_yge65,mts_aggregate_total,2020,91.941
mne,sex_t,age_10yrbands_yge65,mts_aggregate_total,2021,94.011
mne,sex_t,age_10yrbands_yge65,mts_aggregate_total,2022,90.372
mne,sex_t,age_10yrbands_yge65,mts_aggregate_total,2023,86.744
mne,sex_t,age_10yrbands_yge65,mts_aggregate_total,2024,92.294
mne,sex_t,age_aggregate_total,mts_aggregate_1,2011,57.475
mne,sex_t,age_aggregate_total,mts_aggregate_1,2012,58.827
mne,sex_t,age_aggregate_total,mts_aggregate_1,2013,57.691
mne,sex_t,age_aggregate_total,mts_aggregate_1,2014,54.912
mne,sex_t,age_aggregate_total,mts_aggregate_1,2015,53.277
mne,sex_t,age_aggregate_total,mts_aggregate_1,2016,51.124
mne,sex_t,age_aggregate_total,mts_aggregate_1,2017,51.541
mne,sex_t,age_aggregate_total,mts_aggregate_1,2018,49.692
mne,sex_t,age_aggregate_total,mts_aggregate_1,2019,46.503
mne,sex_t,age_aggregate_total,mts_aggregate_1,2020,51.311
mne,sex_t,age_aggregate_total,mts_aggregate_1,2021,53.225
mne,sex_t,age_aggregate_total,mts_aggregate_1,2022,44.344
mne,sex_t,age_aggregate_total,mts_aggregate_1,2023,39.965
mne,sex_t,age_aggregate_total,mts_aggregate_1,2024,39.862
mne,sex_t,age_aggregate_total,mts_aggregate_2,2011,45.569
mne,sex_t,age_aggregate_total,mts_aggregate_2,2012,42.601
mne,sex_t,age_aggregate_total,mts_aggregate_2,2013,43.08
mne,sex_t,age_aggregate_total,mts_aggregate_2,2014,40.498
mne,sex_t,age_aggregate_total,mts_aggregate_2,2015,40.167
mne,sex_t,age_aggregate_total,mts_aggregate_2,2016,40.243
mne,sex_t,age_aggregate_total,mts_aggregate_2,2017,39.588
mne,sex_t,age_aggregate_total,mts_aggregate_2,2018,38.711
mne,sex_t,age_aggregate_total,mts_aggregate_2,2019,38.798
mne,sex_t,age_aggregate_total,mts_aggregate_2,2020,42.052
mne,sex_t,age_aggregate_total,mts_aggregate_2,2021,44.582
mne,sex_t,age_aggregate_total,mts_aggregate_2,2022,37.24
mne,sex_t,age_aggregate_total,mts_aggregate_2,2023,31.886
mne,sex_t,age_aggregate_total,mts_aggregate_2,2024,32.116
mne,sex_t,age_aggregate_total,mts_aggregate_total,2011,51.259
mne,sex_t,age_aggregate_total,mts_aggregate_total,2012,49.96
mne,sex_t,age_aggregate_total,mts_aggregate_total,2013,49.895
mne,sex_t,age_aggregate_total,mts_aggregate_total,2014,47.282
mne,sex_t,age_aggregate_total,mts_aggregate_total,2015,46.273
mne,sex_t,age_aggregate_total,mts_aggregate_total,2016,45.48
mne,sex_t,age_aggregate_total,mts_aggregate_total,2017,45.332
mne,sex_t,age_aggregate_total,mts_aggregate_total,2018,43.989
mne,sex_t,age_aggregate_total,mts_aggregate_total,2019,42.583
mne,sex_t,age_aggregate_total,mts_aggregate_total,2020,46.652
mne,sex_t,age_aggregate_total,mts_aggregate_total,2021,49.044
mne,sex_t,age_aggregate_total,mts_aggregate_total,2022,40.962
mne,sex_t,age_aggregate_total,mts_aggregate_total,2023,35.985
mne,sex_t,age_aggregate_total,mts_aggregate_total,2024,36.257
mne,sex_t,age_aggregate_y15_24,mts_aggregate_1,2011,80.006
mne,sex_t,age_aggregate_y15_24,mts_aggregate_1,2012,77.584
mne,sex_t,age_aggregate_y15_24,mts_aggregate_1,2013,78.31
mne,sex_t,age_aggregate_y15_24,mts_aggregate_1,2014,72.333
mne,sex_t,age_aggregate_y15_24,mts_aggregate_1,2015,70.836
mne,sex_t,age_aggregate_y15_24,mts_aggregate_1,2016,67.809
mne,sex_t,age_aggregate_y15_24,mts_aggregate_1,2017,69.848
mne,sex_t,age_aggregate_y15_24,mts_aggregate_1,2018,67.442
mne,sex_t,age_aggregate_y15_24,mts_aggregate_1,2019,63.455
mne,sex_t,age_aggregate_y15_24,mts_aggregate_1,2020,69.512
mne,sex_t,age_aggregate_y15_24,mts_aggregate_1,2021,70.322
mne,sex_t,age_aggregate_y15_24,mts_aggregate_1,2022,61.725
mne,sex_t,age_aggregate_y15_24,mts_aggregate_1,2023,57.332
mne,sex_t,age_aggregate_y15_24,mts_aggregate_1,2024,61.008
mne,sex_t,age_aggregate_y15_24,mts_aggregate_2,2011,62.381
mne,sex_t,age_aggregate_y15_24,mts_aggregate_2,2012,48.794
mne,sex_t,age_aggregate_y15_24,mts_aggregate_2,2013,50.309
mne,sex_t,age_aggregate_y15_24,mts_aggregate_2,2014,49.147
mne,sex_t,age_aggregate_y15_24,mts_aggregate_2,2015,52.823
mne,sex_t,age_aggregate_y15_24,mts_aggregate_2,2016,55.593
mne,sex_t,age_aggregate_y15_24,mts_aggregate_2,2017,45.326
mne,sex_t,age_aggregate_y15_24,mts_aggregate_2,2018,58.535
mne,sex_t,age_aggregate_y15_24,mts_aggregate_2,2019,63.652
mne,sex_t,age_aggregate_y15_24,mts_aggregate_2,2020,59.307
mne,sex_t,age_aggregate_y15_24,mts_aggregate_2,2021,68.975
mne,sex_t,age_aggregate_y15_24,mts_aggregate_2,2022,49.397
mne,sex_t,age_aggregate_y15_24,mts_aggregate_2,2023,32.85
mne,sex_t,age_aggregate_y15_24,mts_aggregate_2,2024,34.834
mne,sex_t,age_aggregate_y15_24,mts_aggregate_total,2011,79.192
mne,sex_t,age_aggregate_y15_24,mts_aggregate_total,2012,75.914
mne,sex_t,age_aggregate_y15_24,mts_aggregate_total,2013,76.779
mne,sex_t,age_aggregate_y15_24,mts_aggregate_total,2014,70.774
mne,sex_t,age_aggregate_y15_24,mts_aggregate_total,2015,69.819
mne,sex_t,age_aggregate_y15_24,mts_aggregate_total,2016,67.252
mne,sex_t,age_aggregate_y15_24,mts_aggregate_total,2017,68.795
mne,sex_t,age_aggregate_y15_24,mts_aggregate_total,2018,67.144
mne,sex_t,age_aggregate_y15_24,mts_aggregate_total,2019,63.462
mne,sex_t,age_aggregate_y15_24,mts_aggregate_total,2020,69.147
mne,sex_t,age_aggregate_y15_24,mts_aggregate_total,2021,70.27
mne,sex_t,age_aggregate_y15_24,mts_aggregate_total,2022,61.227
mne,sex_t,age_aggregate_y15_24,mts_aggregate_total,2023,56.028
mne,sex_t,age_aggregate_y15_24,mts_aggregate_total,2024,59.94
mne,sex_t,age_aggregate_y25_54,mts_aggregate_1,2011,23.789
mne,sex_t,age_aggregate_y25_54,mts_aggregate_1,2012,23.034
mne,sex_t,age_aggregate_y25_54,mts_aggregate_1,2013,22.188
mne,sex_t,age_aggregate_y25_54,mts_aggregate_1,2014,21.532
mne,sex_t,age_aggregate_y25_54,mts_aggregate_1,2015,19.319
mne,sex_t,age_aggregate_y25_54,mts_aggregate_1,2016,18.688
mne,sex_t,age_aggregate_y25_54,mts_aggregate_1,2017,18.669
mne,sex_t,age_aggregate_y25_54,mts_aggregate_1,2018,18.902
mne,sex_t,age_aggregate_y25_54,mts_aggregate_1,2019,18.332
mne,sex_t,age_aggregate_y25_54,mts_aggregate_1,2020,23.518
mne,sex_t,age_aggregate_y25_54,mts_aggregate_1,2021,26.129
mne,sex_t,age_aggregate_y25_54,mts_aggregate_1,2022,17.221
mne,sex_t,age_aggregate_y25_54,mts_aggregate_1,2023,15.174
mne,sex_t,age_aggregate_y25_54,mts_aggregate_1,2024,13.086
mne,sex_t,age_aggregate_y25_54,mts_aggregate_2,2011,26.619
mne,sex_t,age_aggregate_y25_54,mts_aggregate_2,2012,25.452
mne,sex_t,age_aggregate_y25_54,mts_aggregate_2,2013,25.814
mne,sex_t,age_aggregate_y25_54,mts_aggregate_2,2014,22.419
mne,sex_t,age_aggregate_y25_54,mts_aggregate_2,2015,22.797
mne,sex_t,age_aggregate_y25_54,mts_aggregate_2,2016,22.664
mne,sex_t,age_aggregate_y25_54,mts_aggregate_2,2017,22.67
mne,sex_t,age_aggregate_y25_54,mts_aggregate_2,2018,21.615
mne,sex_t,age_aggregate_y25_54,mts_aggregate_2,2019,22.346
mne,sex_t,age_aggregate_y25_54,mts_aggregate_2,2020,25.979
mne,sex_t,age_aggregate_y25_54,mts_aggregate_2,2021,26.584
mne,sex_t,age_aggregate_y25_54,mts_aggregate_2,2022,22.791
mne,sex_t,age_aggregate_y25_54,mts_aggregate_2,2023,20.475
mne,sex_t,age_aggregate_y25_54,mts_aggregate_2,2024,17.126
mne,sex_t,age_aggregate_y25_54,mts_aggregate_total,2011,25.509
mne,sex_t,age_aggregate_y25_54,mts_aggregate_total,2012,24.618
mne,sex_t,age_aggregate_y25_54,mts_aggregate_total,2013,24.473
mne,sex_t,age_aggregate_y25_54,mts_aggregate_total,2014,22.09
mne,sex_t,age_aggregate_y25_54,mts_aggregate_total,2015,21.534
mne,sex_t,age_aggregate_y25_54,mts_aggregate_total,2016,21.129
mne,sex_t,age_aggregate_y25_54,mts_aggregate_total,2017,21.11
mne,sex_t,age_aggregate_y25_54,mts_aggregate_total,2018,20.531
mne,sex_t,age_aggregate_y25_54,mts_aggregate_total,2019,20.651
mne,sex_t,age_aggregate_y25_54,mts_aggregate_total,2020,24.919
mne,sex_t,age_aggregate_y25_54,mts_aggregate_total,2021,26.379
mne,sex_t,age_aggregate_y25_54,mts_aggregate_total,2022,20.199
mne,sex_t,age_aggregate_y25_54,mts_aggregate_total,2023,18.091
mne,sex_t,age_aggregate_y25_54,mts_aggregate_total,2024,15.165
mne,sex_t,age_aggregate_y55_64,mts_aggregate_1,2011,62.383
mne,sex_t,age_aggregate_y55_64,mts_aggregate_1,2012,68.934
mne,sex_t,age_aggregate_y55_64,mts_aggregate_1,2013,66.259
mne,sex_t,age_aggregate_y55_64,mts_aggregate_1,2014,65.374
mne,sex_t,age_aggregate_y55_64,mts_aggregate_1,2015,60.169
mne,sex_t,age_aggregate_y55_64,mts_aggregate_1,2016,61.933
mne,sex_t,age_aggregate_y55_64,mts_aggregate_1,2017,61.244
mne,sex_t,age_aggregate_y55_64,mts_aggregate_1,2018,55.821
mne,sex_t,age_aggregate_y55_64,mts_aggregate_1,2019,48.298
mne,sex_t,age_aggregate_y55_64,mts_aggregate_1,2020,54.623
mne,sex_t,age_aggregate_y55_64,mts_aggregate_1,2021,57.252
mne,sex_t,age_aggregate_y55_64,mts_aggregate_1,2022,44.098
mne,sex_t,age_aggregate_y55_64,mts_aggregate_1,2023,43.777
mne,sex_t,age_aggregate_y55_64,mts_aggregate_1,2024,39.763
mne,sex_t,age_aggregate_y55_64,mts_aggregate_2,2011,58.476
mne,sex_t,age_aggregate_y55_64,mts_aggregate_2,2012,55.209
mne,sex_t,age_aggregate_y55_64,mts_aggregate_2,2013,53.844
mne,sex_t,age_aggregate_y55_64,mts_aggregate_2,2014,53.372
mne,sex_t,age_aggregate_y55_64,mts_aggregate_2,2015,53.377
mne,sex_t,age_aggregate_y55_64,mts_aggregate_2,2016,52.567
mne,sex_t,age_aggregate_y55_64,mts_aggregate_2,2017,50.103
mne,sex_t,age_aggregate_y55_64,mts_aggregate_2,2018,48.141
mne,sex_t,age_aggregate_y55_64,mts_aggregate_2,2019,45.056
mne,sex_t,age_aggregate_y55_64,mts_aggregate_2,2020,49.884
mne,sex_t,age_aggregate_y55_64,mts_aggregate_2,2021,56.002
mne,sex_t,age_aggregate_y55_64,mts_aggregate_2,2022,39.728
mne,sex_t,age_aggregate_y55_64,mts_aggregate_2,2023,33.048
mne,sex_t,age_aggregate_y55_64,mts_aggregate_2,2024,35.113
mne,sex_t,age_aggregate_y55_64,mts_aggregate_total,2011,59.44
mne,sex_t,age_aggregate_y55_64,mts_aggregate_total,2012,58.594
mne,sex_t,age_aggregate_y55_64,mts_aggregate_total,2013,56.68
mne,sex_t,age_aggregate_y55_64,mts_aggregate_total,2014,56.538
mne,sex_t,age_aggregate_y55_64,mts_aggregate_total,2015,55.084
mne,sex_t,age_aggregate_y55_64,mts_aggregate_total,2016,55.02
mne,sex_t,age_aggregate_y55_64,mts_aggregate_total,2017,52.941
mne,sex_t,age_aggregate_y55_64,mts_aggregate_total,2018,50.009
mne,sex_t,age_aggregate_y55_64,mts_aggregate_total,2019,45.851
mne,sex_t,age_aggregate_y55_64,mts_aggregate_total,2020,51.015
mne,sex_t,age_aggregate_y55_64,mts_aggregate_total,2021,56.309
mne,sex_t,age_aggregate_y55_64,mts_aggregate_total,2022,40.816
mne,sex_t,age_aggregate_y55_64,mts_aggregate_total,2023,35.754
mne,sex_t,age_aggregate_y55_64,mts_aggregate_total,2024,36.415
mne,sex_t,age_aggregate_yge65,mts_aggregate_1,2011,98.106
mne,sex_t,age_aggregate_yge65,mts_aggregate_1,2012,98.719
mne,sex_t,age_aggregate_yge65,mts_aggregate_1,2013,98.44
mne,sex_t,age_aggregate_yge65,mts_aggregate_1,2014,97.305
mne,sex_t,age_aggregate_yge65,mts_aggregate_1,2015,96.416
mne,sex_t,age_aggregate_yge65,mts_aggregate_1,2016,95.103
mne,sex_t,age_aggregate_yge65,mts_aggregate_1,2017,95.867
mne,sex_t,age_aggregate_yge65,mts_aggregate_1,2018,96.837
mne,sex_t,age_aggregate_yge65,mts_aggregate_1,2019,96.411
mne,sex_t,age_aggregate_yge65,mts_aggregate_1,2020,96.92
mne,sex_t,age_aggregate_yge65,mts_aggregate_1,2021,96.269
mne,sex_t,age_aggregate_yge65,mts_aggregate_1,2022,93.652
mne,sex_t,age_aggregate_yge65,mts_aggregate_1,2023,91.106
mne,sex_t,age_aggregate_yge65,mts_aggregate_1,2024,95.32
mne,sex_t,age_aggregate_yge65,mts_aggregate_2,2011,96.283
mne,sex_t,age_aggregate_yge65,mts_aggregate_2,2012,94.534
mne,sex_t,age_aggregate_yge65,mts_aggregate_2,2013,95.808
mne,sex_t,age_aggregate_yge65,mts_aggregate_2,2014,94.578
mne,sex_t,age_aggregate_yge65,mts_aggregate_2,2015,91.405
mne,sex_t,age_aggregate_yge65,mts_aggregate_2,2016,92.053
mne,sex_t,age_aggregate_yge65,mts_aggregate_2,2017,90.424
mne,sex_t,age_aggregate_yge65,mts_aggregate_2,2018,87.537
mne,sex_t,age_aggregate_yge65,mts_aggregate_2,2019,86.864
mne,sex_t,age_aggregate_yge65,mts_aggregate_2,2020,87.779
mne,sex_t,age_aggregate_yge65,mts_aggregate_2,2021,91.73
mne,sex_t,age_aggregate_yge65,mts_aggregate_2,2022,86.984
mne,sex_t,age_aggregate_yge65,mts_aggregate_2,2023,82.385
mne,sex_t,age_aggregate_yge65,mts_aggregate_2,2024,89.227
mne,sex_t,age_aggregate_yge65,mts_aggregate_total,2011,97.115
mne,sex_t,age_aggregate_yge65,mts_aggregate_total,2012,96.509
mne,sex_t,age_aggregate_yge65,mts_aggregate_total,2013,97.082
mne,sex_t,age_aggregate_yge65,mts_aggregate_total,2014,95.88
mne,sex_t,age_aggregate_yge65,mts_aggregate_total,2015,93.841
mne,sex_t,age_aggregate_yge65,mts_aggregate_total,2016,93.545
mne,sex_t,age_aggregate_yge65,mts_aggregate_total,2017,93.015
mne,sex_t,age_aggregate_yge65,mts_aggregate_total,2018,91.699
mne,sex_t,age_aggregate_yge65,mts_aggregate_total,2019,91.079
mne,sex_t,age_aggregate_yge65,mts_aggregate_total,2020,91.941
mne,sex_t,age_aggregate_yge65,mts_aggregate_total,2021,94.011
mne,sex_t,age_aggregate_yge65,mts_aggregate_total,2022,90.372
mne,sex_t,age_aggregate_yge65,mts_aggregate_total,2023,86.744
mne,sex_t,age_aggregate_yge65,mts_aggregate_total,2024,92.294
mne,sex_t,age_ythadult_y15_24,mts_aggregate_1,2011,80.006
mne,sex_t,age_ythadult_y15_24,mts_aggregate_1,2012,77.584
mne,sex_t,age_ythadult_y15_24,mts_aggregate_1,2013,78.31
mne,sex_t,age_ythadult_y15_24,mts_aggregate_1,2014,72.333
mne,sex_t,age_ythadult_y15_24,mts_aggregate_1,2015,70.836
mne,sex_t,age_ythadult_y15_24,mts_aggregate_1,2016,67.809
mne,sex_t,age_ythadult_y15_24,mts_aggregate_1,2017,69.848
mne,sex_t,age_ythadult_y15_24,mts_aggregate_1,2018,67.442
mne,sex_t,age_ythadult_y15_24,mts_aggregate_1,2019,63.455
mne,sex_t,age_ythadult_y15_24,mts_aggregate_1,2020,69.512
mne,sex_t,age_ythadult_y15_24,mts_aggregate_1,2021,70.322
mne,sex_t,age_ythadult_y15_24,mts_aggregate_1,2022,61.725
mne,sex_t,age_ythadult_y15_24,mts_aggregate_1,2023,57.332
mne,sex_t,age_ythadult_y15_24,mts_aggregate_1,2024,61.008
mne,sex_t,age_ythadult_y15_24,mts_aggregate_2,2011,62.381
mne,sex_t,age_ythadult_y15_24,mts_aggregate_2,2012,48.794
mne,sex_t,age_ythadult_y15_24,mts_aggregate_2,2013,50.309
mne,sex_t,age_ythadult_y15_24,mts_aggregate_2,2014,49.147
mne,sex_t,age_ythadult_y15_24,mts_aggregate_2,2015,52.823
mne,sex_t,age_ythadult_y15_24,mts_aggregate_2,2016,55.593
mne,sex_t,age_ythadult_y15_24,mts_aggregate_2,2017,45.326
mne,sex_t,age_ythadult_y15_24,mts_aggregate_2,2018,58.535
mne,sex_t,age_ythadult_y15_24,mts_aggregate_2,2019,63.652
mne,sex_t,age_ythadult_y15_24,mts_aggregate_2,2020,59.307
mne,sex_t,age_ythadult_y15_24,mts_aggregate_2,2021,68.975
mne,sex_t,age_ythadult_y15_24,mts_aggregate_2,2022,49.397
mne,sex_t,age_ythadult_y15_24,mts_aggregate_2,2023,32.85
mne,sex_t,age_ythadult_y15_24,mts_aggregate_2,2024,34.834
mne,sex_t,age_ythadult_y15_24,mts_aggregate_total,2011,79.192
mne,sex_t,age_ythadult_y15_24,mts_aggregate_total,2012,75.914
mne,sex_t,age_ythadult_y15_24,mts_aggregate_total,2013,76.779
mne,sex_t,age_ythadult_y15_24,mts_aggregate_total,2014,70.774
mne,sex_t,age_ythadult_y15_24,mts_aggregate_total,2015,69.819
mne,sex_t,age_ythadult_y15_24,mts_aggregate_total,2016,67.252
mne,sex_t,age_ythadult_y15_24,mts_aggregate_total,2017,68.795
mne,sex_t,age_ythadult_y15_24,mts_aggregate_total,2018,67.144
mne,sex_t,age_ythadult_y15_24,mts_aggregate_total,2019,63.462
mne,sex_t,age_ythadult_y15_24,mts_aggregate_total,2020,69.147
mne,sex_t,age_ythadult_y15_24,mts_aggregate_total,2021,70.27
mne,sex_t,age_ythadult_y15_24,mts_aggregate_total,2022,61.227
mne,sex_t,age_ythadult_y15_24,mts_aggregate_total,2023,56.028
mne,sex_t,age_ythadult_y15_24,mts_aggregate_total,2024,59.94
mne,sex_t,age_ythadult_y15_64,mts_aggregate_1,2011,50.225
mne,sex_t,age_ythadult_y15_64,mts_aggregate_1,2012,50.968
mne,sex_t,age_ythadult_y15_64,mts_aggregate_1,2013,49.662
mne,sex_t,age_ythadult_y15_64,mts_aggregate_1,2014,47.026
mne,sex_t,age_ythadult_y15_64,mts_aggregate_1,2015,44.812
mne,sex_t,age_ythadult_y15_64,mts_aggregate_1,2016,42.816
mne,sex_t,age_ythadult_y15_64,mts_aggregate_1,2017,43.432
mne,sex_t,age_ythadult_y15_64,mts_aggregate_1,2018,41.75
mne,sex_t,age_ythadult_y15_64,mts_aggregate_1,2019,38.518
mne,sex_t,age_ythadult_y15_64,mts_aggregate_1,2020,43.863
mne,sex_t,age_ythadult_y15_64,mts_aggregate_1,2021,45.483
mne,sex_t,age_ythadult_y15_64,mts_aggregate_1,2022,35.886
mne,sex_t,age_ythadult_y15_64,mts_aggregate_1,2023,32.275
mne,sex_t,age_ythadult_y15_64,mts_aggregate_1,2024,31.609
mne,sex_t,age_ythadult_y15_64,mts_aggregate_2,2011,35.553
mne,sex_t,age_ythadult_y15_64,mts_aggregate_2,2012,33.239
mne,sex_t,age_ythadult_y15_64,mts_aggregate_2,2013,33.53
mne,sex_t,age_ythadult_y15_64,mts_aggregate_2,2014,30.756
mne,sex_t,age_ythadult_y15_64,mts_aggregate_2,2015,31.034
mne,sex_t,age_ythadult_y15_64,mts_aggregate_2,2016,30.816
mne,sex_t,age_ythadult_y15_64,mts_aggregate_2,2017,30.083
mne,sex_t,age_ythadult_y15_64,mts_aggregate_2,2018,29.082
mne,sex_t,age_ythadult_y15_64,mts_aggregate_2,2019,29.065
mne,sex_t,age_ythadult_y15_64,mts_aggregate_2,2020,32.965
mne,sex_t,age_ythadult_y15_64,mts_aggregate_2,2021,35.526
mne,sex_t,age_ythadult_y15_64,mts_aggregate_2,2022,28.042
mne,sex_t,age_ythadult_y15_64,mts_aggregate_2,2023,24.024
mne,sex_t,age_ythadult_y15_64,mts_aggregate_2,2024,22.295
mne,sex_t,age_ythadult_y15_64,mts_aggregate_total,2011,42.622
mne,sex_t,age_ythadult_y15_64,mts_aggregate_total,2012,41.218
mne,sex_t,age_ythadult_y15_64,mts_aggregate_total,2013,41.001
mne,sex_t,age_ythadult_y15_64,mts_aggregate_total,2014,38.393
mne,sex_t,age_ythadult_y15_64,mts_aggregate_total,2015,37.399
mne,sex_t,age_ythadult_y15_64,mts_aggregate_total,2016,36.574
mne,sex_t,age_ythadult_y15_64,mts_aggregate_total,2017,36.509
mne,sex_t,age_ythadult_y15_64,mts_aggregate_total,2018,35.248
mne,sex_t,age_ythadult_y15_64,mts_aggregate_total,2019,33.793
mne,sex_t,age_ythadult_y15_64,mts_aggregate_total,2020,38.461
mne,sex_t,age_ythadult_y15_64,mts_aggregate_total,2021,40.693
mne,sex_t,age_ythadult_y15_64,mts_aggregate_total,2022,32.174
mne,sex_t,age_ythadult_y15_64,mts_aggregate_total,2023,28.22
mne,sex_t,age_ythadult_y15_64,mts_aggregate_total,2024,27.32
mne,sex_t,age_ythadult_yge15,mts_aggregate_1,2011,57.475
mne,sex_t,age_ythadult_yge15,mts_aggregate_1,2012,58.827
mne,sex_t,age_ythadult_yge15,mts_aggregate_1,2013,57.691
mne,sex_t,age_ythadult_yge15,mts_aggregate_1,2014,54.912
mne,sex_t,age_ythadult_yge15,mts_aggregate_1,2015,53.277
mne,sex_t,age_ythadult_yge15,mts_aggregate_1,2016,51.124
mne,sex_t,age_ythadult_yge15,mts_aggregate_1,2017,51.541
mne,sex_t,age_ythadult_yge15,mts_aggregate_1,2018,49.692
mne,sex_t,age_ythadult_yge15,mts_aggregate_1,2019,46.503
mne,sex_t,age_ythadult_yge15,mts_aggregate_1,2020,51.311
mne,sex_t,age_ythadult_yge15,mts_aggregate_1,2021,53.225
mne,sex_t,age_ythadult_yge15,mts_aggregate_1,2022,44.344
mne,sex_t,age_ythadult_yge15,mts_aggregate_1,2023,39.965
mne,sex_t,age_ythadult_yge15,mts_aggregate_1,2024,39.862
mne,sex_t,age_ythadult_yge15,mts_aggregate_2,2011,45.569
mne,sex_t,age_ythadult_yge15,mts_aggregate_2,2012,42.601
mne,sex_t,age_ythadult_yge15,mts_aggregate_2,2013,43.08
mne,sex_t,age_ythadult_yge15,mts_aggregate_2,2014,40.498
mne,sex_t,age_ythadult_yge15,mts_aggregate_2,2015,40.167
mne,sex_t,age_ythadult_yge15,mts_aggregate_2,2016,40.243
mne,sex_t,age_ythadult_yge15,mts_aggregate_2,2017,39.588
mne,sex_t,age_ythadult_yge15,mts_aggregate_2,2018,38.711
mne,sex_t,age_ythadult_yge15,mts_aggregate_2,2019,38.798
mne,sex_t,age_ythadult_yge15,mts_aggregate_2,2020,42.052
mne,sex_t,age_ythadult_yge15,mts_aggregate_2,2021,44.582
mne,sex_t,age_ythadult_yge15,mts_aggregate_2,2022,37.24
mne,sex_t,age_ythadult_yge15,mts_aggregate_2,2023,31.886
mne,sex_t,age_ythadult_yge15,mts_aggregate_2,2024,32.116
mne,sex_t,age_ythadult_yge15,mts_aggregate_total,2011,51.259
mne,sex_t,age_ythadult_yge15,mts_aggregate_total,2012,49.96
mne,sex_t,age_ythadult_yge15,mts_aggregate_total,2013,49.895
mne,sex_t,age_ythadult_yge15,mts_aggregate_total,2014,47.282
mne,sex_t,age_ythadult_yge15,mts_aggregate_total,2015,46.273
mne,sex_t,age_ythadult_yge15,mts_aggregate_total,2016,45.48
mne,sex_t,age_ythadult_yge15,mts_aggregate_total,2017,45.332
mne,sex_t,age_ythadult_yge15,mts_aggregate_total,2018,43.989
mne,sex_t,age_ythadult_yge15,mts_aggregate_total,2019,42.583
mne,sex_t,age_ythadult_yge15,mts_aggregate_total,2020,46.652
mne,sex_t,age_ythadult_yge15,mts_aggregate_total,2021,49.044
mne,sex_t,age_ythadult_yge15,mts_aggregate_total,2022,40.962
mne,sex_t,age_ythadult_yge15,mts_aggregate_total,2023,35.985
mne,sex_t,age_ythadult_yge15,mts_aggregate_total,2024,36.257
mne,sex_t,age_ythadult_yge25,mts_aggregate_1,2011,45.572
mne,sex_t,age_ythadult_yge25,mts_aggregate_1,2012,48.322
mne,sex_t,age_ythadult_yge25,mts_aggregate_1,2013,46.534
mne,sex_t,age_ythadult_yge25,mts_aggregate_1,2014,45.512
mne,sex_t,age_ythadult_yge25,mts_aggregate_1,2015,43.85
mne,sex_t,age_ythadult_yge25,mts_aggregate_1,2016,42.487
mne,sex_t,age_ythadult_yge25,mts_aggregate_1,2017,41.998
mne,sex_t,age_ythadult_yge25,mts_aggregate_1,2018,40.351
mne,sex_t,age_ythadult_yge25,mts_aggregate_1,2019,37.94
mne,sex_t,age_ythadult_yge25,mts_aggregate_1,2020,42.285
mne,sex_t,age_ythadult_yge25,mts_aggregate_1,2021,45.158
mne,sex_t,age_ythadult_yge25,mts_aggregate_1,2022,36.368
mne,sex_t,age_ythadult_yge25,mts_aggregate_1,2023,32.445
mne,sex_t,age_ythadult_yge25,mts_aggregate_1,2024,31.101
mne,sex_t,age_ythadult_yge25,mts_aggregate_2,2011,45.308
mne,sex_t,age_ythadult_yge25,mts_aggregate_2,2012,42.485
mne,sex_t,age_ythadult_yge25,mts_aggregate_2,2013,42.95
mne,sex_t,age_ythadult_yge25,mts_aggregate_2,2014,40.3
mne,sex_t,age_ythadult_yge25,mts_aggregate_2,2015,39.932
mne,sex_t,age_ythadult_yge25,mts_aggregate_2,2016,40.008
mne,sex_t,age_ythadult_yge25,mts_aggregate_2,2017,39.505
mne,sex_t,age_ythadult_yge25,mts_aggregate_2,2018,38.489
mne,sex_t,age_ythadult_yge25,mts_aggregate_2,2019,38.488
mne,sex_t,age_ythadult_yge25,mts_aggregate_2,2020,41.84
mne,sex_t,age_ythadult_yge25,mts_aggregate_2,2021,44.237
mne,sex_t,age_ythadult_yge25,mts_aggregate_2,2022,37.06
mne,sex_t,age_ythadult_yge25,mts_aggregate_2,2023,31.869
mne,sex_t,age_ythadult_yge25,mts_aggregate_2,2024,32.077
mne,sex_t,age_ythadult_yge25,mts_aggregate_total,2011,45.408
mne,sex_t,age_ythadult_yge25,mts_aggregate_total,2012,44.536
mne,sex_t,age_ythadult_yge25,mts_aggregate_total,2013,44.262
mne,sex_t,age_ythadult_yge25,mts_aggregate_total,2014,42.235
mne,sex_t,age_ythadult_yge25,mts_aggregate_total,2015,41.367
mne,sex_t,age_ythadult_yge25,mts_aggregate_total,2016,40.957
mne,sex_t,age_ythadult_yge25,mts_aggregate_total,2017,40.456
mne,sex_t,age_ythadult_yge25,mts_aggregate_total,2018,39.196
mne,sex_t,age_ythadult_yge25,mts_aggregate_total,2019,38.272
mne,sex_t,age_ythadult_yge25,mts_aggregate_total,2020,42.018
mne,sex_t,age_ythadult_yge25,mts_aggregate_total,2021,44.628
mne,sex_t,age_ythadult_yge25,mts_aggregate_total,2022,36.76
mne,sex_t,age_ythadult_yge25,mts_aggregate_total,2023,32.112
mne,sex_t,age_ythadult_yge25,mts_aggregate_total,2024,31.636
